1969999,2,186,1407,2002,0.0,4930.0,-2.018135,-1.222751,AGO,RUS,6813
1970000,7,186,1407,2002,0.0,12008.0,0.044683,-0.247191,ARE,RUS,6813
1970001,9,186,1407,2002,0.0,10234.0,0.710274,-0.11309000000000001,ARM,RUS,6813
1970002,15,186,1407,2002,43088.0,0.0,1.8651200000000001,0.48423900000000003,AUT,RUS,6813
1970003,16,186,1407,2002,0.0,50516.0,-0.41282299999999994,-0.967931,AZE,RUS,6813
1970004,18,186,1407,2002,55094.0,0.0,1.4097469999999999,1.440169,BEL,RUS,6813
1970005,23,186,1407,2002,1555.0,20237.0,0.37451100000000004,1.573517,BGR,RUS,6813
1970006,28,186,1407,2002,6465.0,1037482.0,0.825865,1.0148979999999999,BLR,RUS,6813
1970007,32,186,1407,2002,30161.0,0.0,0.677883,1.0227190000000002,BRA,RUS,6813
1970008,39,186,1407,2002,9484.0,0.0,0.9963280000000001,1.1922110000000001,CAN,RUS,6813
1970009,41,186,1407,2002,8512.0,0.0,2.218095,0.620946,CHE,RUS,6813
1970010,43,186,1407,2002,98727.0,1361.0,0.576746,2.7995520000000003,CHN,RUS,6813
1970011,54,186,1407,2002,0.0,100031.0,-0.479213,-0.951203,CUB,RUS,6813
1970012,59,186,1407,2002,30029.0,2949.0,1.550713,1.037066,CZE,RUS,6813
1970013,61,186,1407,2002,1171894.0,8752.0,2.297691,-2.183239,DEU,RUS,6813
1970014,64,186,1407,2002,22616.0,0.0,1.26594,1.225186,DNK,RUS,6813
1970015,66,186,1407,2002,0.0,2923.0,-0.912033,-1.1731850000000001,DZA,RUS,6813
1970016,68,186,1407,2002,0.0,7926.0,-0.377127,0.549439,EGY,RUS,6813
1970017,71,186,1407,2002,1729.0,0.0,1.012246,2.049594,ESP,RUS,6813
1970018,72,186,1407,2002,659.0,12376.0,0.54511,0.9135979999999999,EST,RUS,6813
1970019,73,186,1407,2002,0.0,788.0,-1.096371,-0.9566709999999999,ETH,RUS,6813
1970020,74,186,1407,2002,206608.0,0.0,2.0234240000000003,0.979141,FIN,RUS,6813
1970021,77,186,1407,2002,15094.0,0.0,1.569367,0.9886360000000001,FRA,RUS,6813
1970022,81,186,1407,2002,45536.0,0.0,1.893177,0.831382,GBR,RUS,6813
1970023,82,186,1407,2002,0.0,13845.0,0.662382,-0.124825,GEO,RUS,6813
1970024,102,186,1407,2002,6007.0,7346.0,1.179684,1.0574860000000001,HUN,RUS,6813
1970025,104,186,1407,2002,0.0,2893.0,0.380867,2.608955,IND,RUS,6813
1970026,107,186,1407,2002,0.0,4113.0,-0.5707840000000001,-0.705612,IRN,RUS,6813
1970027,108,186,1407,2002,0.0,178910.0,-0.397477,-0.811214,IRQ,RUS,6813
1970028,111,186,1407,2002,10391.0,0.0,1.377604,1.2470510000000001,ITA,RUS,6813
1970029,114,186,1407,2002,553345.0,0.0,2.556057,0.497673,JPN,RUS,6813
1970030,115,186,1407,2002,0.0,489080.0,-0.065332,-0.616159,KAZ,RUS,6813
1970031,117,186,1407,2002,4907.0,63254.0,0.081807,0.16872,KGZ,RUS,6813
1970032,121,186,1407,2002,1375.0,0.0,1.186816,1.075947,KOR,RUS,6813
1970033,130,186,1407,2002,22635.0,74478.0,0.23102399999999998,0.586078,LTU,RUS,6813
1970034,132,186,1407,2002,0.0,18151.0,0.45210200000000006,0.515388,LVA,RUS,6813
1970035,135,186,1407,2002,1709.0,47485.0,-0.186001,-0.141598,MDA,RUS,6813
1970036,145,186,1407,2002,0.0,23420.0,-0.895827,-0.9913799999999999,MNG,RUS,6813
1970037,159,186,1407,2002,0.0,5483.0,-1.8315700000000001,-1.25171,NGA,RUS,6813
1970038,162,186,1407,2002,6142.0,0.0,1.206176,1.7136360000000002,NLD,RUS,6813
1970039,168,186,1407,2002,0.0,18003.0,-0.877655,-0.322094,PAK,RUS,6813
1970040,177,186,1407,2002,215133.0,13315.0,0.931642,1.721727,POL,RUS,6813
1970041,185,186,1407,2002,0.0,5848.0,0.29888200000000004,0.980376,ROU,RUS,6813
1970042,189,186,1407,2002,0.0,913.0,0.55781,2.135925,SCG,RUS,6813
1970043,192,186,1407,2002,294336.0,29224.0,1.481857,0.648889,SGP,RUS,6813
1970044,207,186,1407,2002,30824.0,0.0,1.5643770000000001,1.043862,SVN,RUS,6813
1970045,208,186,1407,2002,60733.0,0.0,2.128614,0.7891199999999999,SWE,RUS,6813
1970046,212,186,1407,2002,0.0,9443.0,-1.067974,-0.513309,SYR,RUS,6813
1970047,217,186,1407,2002,0.0,8226.0,-0.798754,-1.025902,TJK,RUS,6813
1970048,219,186,1407,2002,0.0,38277.0,-1.035248,-1.191624,TKM,RUS,6813
1970049,224,186,1407,2002,1904.0,1251.0,0.11263699999999999,1.83925,TUR,RUS,6813
1970050,228,186,1407,2002,712749.0,892583.0,0.835485,0.872135,UKR,RUS,6813
1970051,230,186,1407,2002,0.0,8947.0,0.300502,0.16817000000000001,URY,RUS,6813
1970052,231,186,1407,2002,107185.0,0.0,1.821594,0.231296,USA,RUS,6813
1970053,232,186,1407,2002,0.0,386766.0,-0.379765,-0.5965159999999999,UZB,RUS,6813
1970054,239,186,1407,2002,0.0,166890.0,-0.589665,0.799874,VNM,RUS,6813
1970055,249,186,1407,2002,3908.0,0.0,1.683858,1.333601,TWN,RUS,6813
1970056,250,186,1407,2002,0.0,8624.0,0.734927,-0.40114099999999997,ANS,RUS,6813
1970057,14,188,1407,2002,71441.0,0.0,0.231386,0.771628,AUS,SAU,6813
1970058,15,188,1407,2002,2283.0,0.0,1.8651200000000001,0.48423900000000003,AUT,SAU,6813
1970059,18,188,1407,2002,25073.0,0.0,1.4097469999999999,1.440169,BEL,SAU,6813
1970060,24,188,1407,2002,18522.0,0.0,-0.146585,-1.006558,BHR,SAU,6813
1970061,32,188,1407,2002,54064.0,0.0,0.677883,1.0227190000000002,BRA,SAU,6813
1970062,43,188,1407,2002,25141.0,0.0,0.576746,2.7995520000000003,CHN,SAU,6813
1970063,59,188,1407,2002,6612.0,0.0,1.550713,1.037066,CZE,SAU,6813
1970064,61,188,1407,2002,506748.0,0.0,2.297691,-2.183239,DEU,SAU,6813
1970065,71,188,1407,2002,2266.0,0.0,1.012246,2.049594,ESP,SAU,6813
1970066,73,188,1407,2002,0.0,1196.0,-1.096371,-0.9566709999999999,ETH,SAU,6813
1970067,77,188,1407,2002,35829.0,0.0,1.569367,0.9886360000000001,FRA,SAU,6813
1970068,81,188,1407,2002,30867.0,0.0,1.893177,0.831382,GBR,SAU,6813
1970069,102,188,1407,2002,172394.0,0.0,1.179684,1.0574860000000001,HUN,SAU,6813
1970070,104,188,1407,2002,354935.0,0.0,0.380867,2.608955,IND,SAU,6813
1970071,107,188,1407,2002,5093.0,5359.0,-0.5707840000000001,-0.705612,IRN,SAU,6813
1970072,111,188,1407,2002,99353.0,0.0,1.377604,1.2470510000000001,ITA,SAU,6813
1970073,114,188,1407,2002,10845235.0,0.0,2.556057,0.497673,JPN,SAU,6813
1970074,121,188,1407,2002,30492.0,0.0,1.186816,1.075947,KOR,SAU,6813
1970075,153,188,1407,2002,179467.0,0.0,0.704957,0.243398,MYS,SAU,6813
1970076,162,188,1407,2002,2577.0,0.0,1.206176,1.7136360000000002,NLD,SAU,6813
1970077,173,188,1407,2002,10589.0,0.0,-0.6126199999999999,0.085944,PER,SAU,6813
1970078,192,188,1407,2002,241717.0,0.0,1.481857,0.648889,SGP,SAU,6813
1970079,208,188,1407,2002,16434.0,0.0,2.128614,0.7891199999999999,SWE,SAU,6813
1970080,224,188,1407,2002,17495.0,0.0,0.11263699999999999,1.83925,TUR,SAU,6813
1970081,231,188,1407,2002,27470.0,0.0,1.821594,0.231296,USA,SAU,6813
1970082,15,206,1407,2002,151412.0,5457.0,1.8651200000000001,0.48423900000000003,AUT,SVK,6813
1970083,18,206,1407,2002,12308.0,779.0,1.4097469999999999,1.440169,BEL,SVK,6813
1970084,23,206,1407,2002,0.0,5329.0,0.37451100000000004,1.573517,BGR,SVK,6813
1970085,32,206,1407,2002,275771.0,0.0,0.677883,1.0227190000000002,BRA,SVK,6813
1970086,43,206,1407,2002,3558.0,0.0,0.576746,2.7995520000000003,CHN,SVK,6813
1970087,54,206,1407,2002,0.0,3928.0,-0.479213,-0.951203,CUB,SVK,6813
1970088,59,206,1407,2002,2067981.0,53813.0,1.550713,1.037066,CZE,SVK,6813
1970089,61,206,1407,2002,1725643.0,38531.0,2.297691,-2.183239,DEU,SVK,6813
1970090,64,206,1407,2002,10880.0,0.0,1.26594,1.225186,DNK,SVK,6813
1970091,71,206,1407,2002,362788.0,0.0,1.012246,2.049594,ESP,SVK,6813
1970092,77,206,1407,2002,1793015.0,11060.0,1.569367,0.9886360000000001,FRA,SVK,6813
1970093,81,206,1407,2002,84443.0,0.0,1.893177,0.831382,GBR,SVK,6813
1970094,102,206,1407,2002,36702.0,2882.0,1.179684,1.0574860000000001,HUN,SVK,6813
1970095,111,206,1407,2002,1580.0,0.0,1.377604,1.2470510000000001,ITA,SVK,6813
1970096,114,206,1407,2002,1037.0,0.0,2.556057,0.497673,JPN,SVK,6813
1970097,131,206,1407,2002,0.0,1159.0,1.605378,1.152973,LUX,SVK,6813
1970098,162,206,1407,2002,3477.0,0.0,1.206176,1.7136360000000002,NLD,SVK,6813
1970099,173,206,1407,2002,1100.0,0.0,-0.6126199999999999,0.085944,PER,SVK,6813
1970100,177,206,1407,2002,206366.0,1069.0,0.931642,1.721727,POL,SVK,6813
1970101,185,206,1407,2002,0.0,1844.0,0.29888200000000004,0.980376,ROU,SVK,6813
1970102,207,206,1407,2002,46950.0,0.0,1.5643770000000001,1.043862,SVN,SVK,6813
1970103,208,206,1407,2002,19752.0,0.0,2.128614,0.7891199999999999,SWE,SVK,6813
1970104,226,206,1407,2002,0.0,830.0,-1.189463,-0.48640600000000006,TZA,SVK,6813
1970105,228,206,1407,2002,0.0,1152.0,0.835485,0.872135,UKR,SVK,6813
1970106,231,206,1407,2002,2245.0,0.0,1.821594,0.231296,USA,SVK,6813
1970107,249,206,1407,2002,3372.0,0.0,1.683858,1.333601,TWN,SVK,6813
1970108,15,207,1407,2002,123856.0,2078.0,1.8651200000000001,0.48423900000000003,AUT,SVN,6813
1970109,26,207,1407,2002,0.0,4835.0,0.26339,0.30287,BIH,SVN,6813
1970110,41,207,1407,2002,2580.0,0.0,2.218095,0.620946,CHE,SVN,6813
1970111,59,207,1407,2002,41248.0,193703.0,1.550713,1.037066,CZE,SVN,6813
1970112,61,207,1407,2002,332138.0,0.0,2.297691,-2.183239,DEU,SVN,6813
1970113,64,207,1407,2002,1572.0,0.0,1.26594,1.225186,DNK,SVN,6813
1970114,68,207,1407,2002,27790.0,0.0,-0.377127,0.549439,EGY,SVN,6813
1970115,71,207,1407,2002,72953.0,0.0,1.012246,2.049594,ESP,SVN,6813
1970116,77,207,1407,2002,3602.0,0.0,1.569367,0.9886360000000001,FRA,SVN,6813
1970117,81,207,1407,2002,21545.0,0.0,1.893177,0.831382,GBR,SVN,6813
1970118,90,207,1407,2002,0.0,9543.0,0.31858000000000003,1.47417,GRC,SVN,6813
1970119,100,207,1407,2002,2681.0,145344.0,0.591276,1.030723,HRV,SVN,6813
1970120,102,207,1407,2002,8243.0,0.0,1.179684,1.0574860000000001,HUN,SVN,6813
1970121,111,207,1407,2002,103121.0,11407.0,1.377604,1.2470510000000001,ITA,SVN,6813
1970122,114,207,1407,2002,3207.0,0.0,2.556057,0.497673,JPN,SVN,6813
1970123,121,207,1407,2002,15399.0,0.0,1.186816,1.075947,KOR,SVN,6813
1970124,140,207,1407,2002,0.0,7257.0,-0.030274000000000002,0.359317,MKD,SVN,6813
1970125,162,207,1407,2002,2654.0,0.0,1.206176,1.7136360000000002,NLD,SVN,6813
1970126,176,207,1407,2002,0.0,649.0,-1.4572319999999999,-1.159399,PNG,SVN,6813
1970127,177,207,1407,2002,75788.0,0.0,0.931642,1.721727,POL,SVN,6813
1970128,185,207,1407,2002,0.0,914.0,0.29888200000000004,0.980376,ROU,SVN,6813
1970129,186,207,1407,2002,0.0,30824.0,1.109397,0.424229,RUS,SVN,6813
1970130,189,207,1407,2002,24243.0,3404.0,0.55781,2.135925,SCG,SVN,6813
1970131,206,207,1407,2002,0.0,46950.0,1.1907379999999999,1.050649,SVK,SVN,6813
1970132,208,207,1407,2002,1707.0,0.0,2.128614,0.7891199999999999,SWE,SVN,6813
1970133,224,207,1407,2002,52527.0,0.0,0.11263699999999999,1.83925,TUR,SVN,6813
1970134,231,207,1407,2002,19020.0,0.0,1.821594,0.231296,USA,SVN,6813
1970135,18,223,1407,2002,136777.0,0.0,1.4097469999999999,1.440169,BEL,TUN,6813
1970136,32,223,1407,2002,4682.0,0.0,0.677883,1.0227190000000002,BRA,TUN,6813
1970137,41,223,1407,2002,8508.0,0.0,2.218095,0.620946,CHE,TUN,6813
1970138,43,223,1407,2002,1449.0,0.0,0.576746,2.7995520000000003,CHN,TUN,6813
1970139,59,223,1407,2002,24398.0,0.0,1.550713,1.037066,CZE,TUN,6813
1970140,61,223,1407,2002,233148.0,0.0,2.297691,-2.183239,DEU,TUN,6813
1970141,64,223,1407,2002,15417.0,0.0,1.26594,1.225186,DNK,TUN,6813
1970142,71,223,1407,2002,25032.0,0.0,1.012246,2.049594,ESP,TUN,6813
1970143,77,223,1407,2002,60341.0,2605.0,1.569367,0.9886360000000001,FRA,TUN,6813
1970144,81,223,1407,2002,28684.0,0.0,1.893177,0.831382,GBR,TUN,6813
1970145,90,223,1407,2002,17931.0,0.0,0.31858000000000003,1.47417,GRC,TUN,6813
1970146,103,223,1407,2002,16465.0,0.0,-0.10020499999999999,1.590314,IDN,TUN,6813
1970147,104,223,1407,2002,20847.0,0.0,0.380867,2.608955,IND,TUN,6813
1970148,108,223,1407,2002,0.0,35463.0,-0.397477,-0.811214,IRQ,TUN,6813
1970149,111,223,1407,2002,326786.0,0.0,1.377604,1.2470510000000001,ITA,TUN,6813
1970150,114,223,1407,2002,7678.0,0.0,2.556057,0.497673,JPN,TUN,6813
1970151,134,223,1407,2002,320307.0,0.0,-0.810467,-0.34807899999999997,MAR,TUN,6813
1970152,191,223,1407,2002,0.0,16493.0,-0.43679700000000005,-0.484176,SEN,TUN,6813
1970153,208,223,1407,2002,94512.0,0.0,2.128614,0.7891199999999999,SWE,TUN,6813
1970154,231,223,1407,2002,1016.0,0.0,1.821594,0.231296,USA,TUN,6813
1970155,7,226,1407,2002,22655.0,0.0,0.044683,-0.247191,ARE,TZA,6813
1970156,32,226,1407,2002,72141.0,0.0,0.677883,1.0227190000000002,BRA,TZA,6813
1970157,43,226,1407,2002,30314.0,0.0,0.576746,2.7995520000000003,CHN,TZA,6813
1970158,61,226,1407,2002,4179.0,0.0,2.297691,-2.183239,DEU,TZA,6813
1970159,64,226,1407,2002,1875.0,0.0,1.26594,1.225186,DNK,TZA,6813
1970160,68,226,1407,2002,840.0,0.0,-0.377127,0.549439,EGY,TZA,6813
1970161,77,226,1407,2002,2394.0,0.0,1.569367,0.9886360000000001,FRA,TZA,6813
1970162,81,226,1407,2002,6181.0,0.0,1.893177,0.831382,GBR,TZA,6813
1970163,104,226,1407,2002,30725.0,0.0,0.380867,2.608955,IND,TZA,6813
1970164,111,226,1407,2002,7441.0,0.0,1.377604,1.2470510000000001,ITA,TZA,6813
1970165,114,226,1407,2002,7835.0,0.0,2.556057,0.497673,JPN,TZA,6813
1970166,116,226,1407,2002,14462.0,0.0,-0.555812,0.169204,KEN,TZA,6813
1970167,121,226,1407,2002,1690.0,0.0,1.186816,1.075947,KOR,TZA,6813
1970168,162,226,1407,2002,13889.0,0.0,1.206176,1.7136360000000002,NLD,TZA,6813
1970169,167,226,1407,2002,1137.0,0.0,-1.238769,-1.225841,OMN,TZA,6813
1970170,206,226,1407,2002,830.0,0.0,1.1907379999999999,1.050649,SVK,TZA,6813
1970171,208,226,1407,2002,3539.0,0.0,2.128614,0.7891199999999999,SWE,TZA,6813
1970172,216,226,1407,2002,5449.0,0.0,0.432041,1.627953,THA,TZA,6813
1970173,246,226,1407,2002,6833.0,0.0,0.395943,2.392458,ZAF,TZA,6813
1970174,249,226,1407,2002,20036.0,0.0,1.683858,1.333601,TWN,TZA,6813
1970175,16,228,1407,2002,0.0,3481.0,-0.41282299999999994,-0.967931,AZE,UKR,6813
1970176,18,228,1407,2002,21653.0,0.0,1.4097469999999999,1.440169,BEL,UKR,6813
1970177,23,228,1407,2002,14263.0,37699.0,0.37451100000000004,1.573517,BGR,UKR,6813
1970178,28,228,1407,2002,0.0,191844.0,0.825865,1.0148979999999999,BLR,UKR,6813
1970179,32,228,1407,2002,7234.0,0.0,0.677883,1.0227190000000002,BRA,UKR,6813
1970180,54,228,1407,2002,0.0,1680.0,-0.479213,-0.951203,CUB,UKR,6813
1970181,61,228,1407,2002,242415.0,0.0,2.297691,-2.183239,DEU,UKR,6813
1970182,77,228,1407,2002,3124.0,0.0,1.569367,0.9886360000000001,FRA,UKR,6813
1970183,81,228,1407,2002,5848.0,0.0,1.893177,0.831382,GBR,UKR,6813
1970184,102,228,1407,2002,0.0,13992.0,1.179684,1.0574860000000001,HUN,UKR,6813
1970185,103,228,1407,2002,0.0,11848.0,-0.10020499999999999,1.590314,IDN,UKR,6813
1970186,111,228,1407,2002,1828.0,0.0,1.377604,1.2470510000000001,ITA,UKR,6813
1970187,114,228,1407,2002,29634.0,0.0,2.556057,0.497673,JPN,UKR,6813
1970188,115,228,1407,2002,0.0,5708.0,-0.065332,-0.616159,KAZ,UKR,6813
1970189,121,228,1407,2002,10645.0,0.0,1.186816,1.075947,KOR,UKR,6813
1970190,130,228,1407,2002,16266.0,4458.0,0.23102399999999998,0.586078,LTU,UKR,6813
1970191,132,228,1407,2002,2265.0,3190.0,0.45210200000000006,0.515388,LVA,UKR,6813
1970192,135,228,1407,2002,3459.0,59807.0,-0.186001,-0.141598,MDA,UKR,6813
1970193,162,228,1407,2002,5955.0,1847.0,1.206176,1.7136360000000002,NLD,UKR,6813
1970194,176,228,1407,2002,0.0,3201.0,-1.4572319999999999,-1.159399,PNG,UKR,6813
1970195,177,228,1407,2002,893636.0,0.0,0.931642,1.721727,POL,UKR,6813
1970196,185,228,1407,2002,0.0,166621.0,0.29888200000000004,0.980376,ROU,UKR,6813
1970197,186,228,1407,2002,892583.0,712749.0,1.109397,0.424229,RUS,UKR,6813
1970198,189,228,1407,2002,0.0,1296.0,0.55781,2.135925,SCG,UKR,6813
1970199,206,228,1407,2002,1152.0,0.0,1.1907379999999999,1.050649,SVK,UKR,6813
1970200,208,228,1407,2002,2373.0,0.0,2.128614,0.7891199999999999,SWE,UKR,6813
1970201,231,228,1407,2002,823.0,0.0,1.821594,0.231296,USA,UKR,6813
1970202,239,228,1407,2002,0.0,9628.0,-0.589665,0.799874,VNM,UKR,6813
1970203,15,8,1407,2002,12033.0,0.0,1.8651200000000001,0.48423900000000003,AUT,ARG,6813
1970204,31,8,1407,2002,10648.0,7846.0,-0.885342,-0.819517,BOL,ARG,6813
1970205,32,8,1407,2002,1146009.0,1076.0,0.677883,1.0227190000000002,BRA,ARG,6813
1970206,41,8,1407,2002,7440.0,0.0,2.218095,0.620946,CHE,ARG,6813
1970207,42,8,1407,2002,5595.0,33816.0,-0.035264,-0.101796,CHL,ARG,6813
1970208,43,8,1407,2002,23716.0,0.0,0.576746,2.7995520000000003,CHN,ARG,6813
1970209,54,8,1407,2002,0.0,49545.0,-0.479213,-0.951203,CUB,ARG,6813
1970210,61,8,1407,2002,25211.0,1789.0,2.297691,-2.183239,DEU,ARG,6813
1970211,64,8,1407,2002,4443.0,0.0,1.26594,1.225186,DNK,ARG,6813
1970212,68,8,1407,2002,0.0,118933.0,-0.377127,0.549439,EGY,ARG,6813
1970213,71,8,1407,2002,134837.0,4014.0,1.012246,2.049594,ESP,ARG,6813
1970214,81,8,1407,2002,28383.0,0.0,1.893177,0.831382,GBR,ARG,6813
1970215,111,8,1407,2002,23963.0,8946.0,1.377604,1.2470510000000001,ITA,ARG,6813
1970216,114,8,1407,2002,88402.0,0.0,2.556057,0.497673,JPN,ARG,6813
1970217,121,8,1407,2002,1400.0,0.0,1.186816,1.075947,KOR,ARG,6813
1970218,138,8,1407,2002,0.0,22294.0,0.942061,0.6311260000000001,MEX,ARG,6813
1970219,173,8,1407,2002,0.0,10916.0,-0.6126199999999999,0.085944,PER,ARG,6813
1970220,180,8,1407,2002,0.0,3439.0,-0.614282,-0.963832,PRY,ARG,6813
1970221,197,8,1407,2002,0.0,1133.0,-0.280138,-0.099225,SLV,ARG,6813
1970222,208,8,1407,2002,2444.0,0.0,2.128614,0.7891199999999999,SWE,ARG,6813
1970223,230,8,1407,2002,917524.0,45850.0,0.300502,0.16817000000000001,URY,ARG,6813
1970224,231,8,1407,2002,86106.0,89120.0,1.821594,0.231296,USA,ARG,6813
1970225,250,8,1407,2002,19323.0,0.0,0.734927,-0.40114099999999997,ANS,ARG,6813
1970226,7,37,1407,2002,610.0,0.0,0.044683,-0.247191,ARE,BWA,6813
1970227,71,37,1407,2002,6438.0,0.0,1.012246,2.049594,ESP,BWA,6813
1970228,81,37,1407,2002,4876.0,0.0,1.893177,0.831382,GBR,BWA,6813
1970229,104,37,1407,2002,1168.0,0.0,0.380867,2.608955,IND,BWA,6813
1970230,121,37,1407,2002,1516.0,0.0,1.186816,1.075947,KOR,BWA,6813
1970231,231,37,1407,2002,4235.0,0.0,1.821594,0.231296,USA,BWA,6813
1970232,246,37,1407,2002,1050551.0,0.0,0.395943,2.392458,ZAF,BWA,6813
1970233,248,37,1407,2002,5727.0,22268.0,-0.309483,0.271457,ZWE,BWA,6813
1970234,249,37,1407,2002,2886.0,0.0,1.683858,1.333601,TWN,BWA,6813
1970235,7,44,1407,2002,131713.0,0.0,0.044683,-0.247191,ARE,CIV,6813
1970236,32,44,1407,2002,212458.0,0.0,0.677883,1.0227190000000002,BRA,CIV,6813
1970237,41,44,1407,2002,1318.0,0.0,2.218095,0.620946,CHE,CIV,6813
1970238,61,44,1407,2002,86550.0,0.0,2.297691,-2.183239,DEU,CIV,6813
1970239,71,44,1407,2002,8356.0,0.0,1.012246,2.049594,ESP,CIV,6813
1970240,77,44,1407,2002,70900.0,0.0,1.569367,0.9886360000000001,FRA,CIV,6813
1970241,81,44,1407,2002,19918.0,0.0,1.893177,0.831382,GBR,CIV,6813
1970242,90,44,1407,2002,13148.0,0.0,0.31858000000000003,1.47417,GRC,CIV,6813
1970243,104,44,1407,2002,31719.0,0.0,0.380867,2.608955,IND,CIV,6813
1970244,111,44,1407,2002,16876.0,0.0,1.377604,1.2470510000000001,ITA,CIV,6813
1970245,114,44,1407,2002,9619.0,0.0,2.556057,0.497673,JPN,CIV,6813
1970246,121,44,1407,2002,17517.0,0.0,1.186816,1.075947,KOR,CIV,6813
1970247,162,44,1407,2002,4269.0,0.0,1.206176,1.7136360000000002,NLD,CIV,6813
1970248,231,44,1407,2002,11056.0,0.0,1.821594,0.231296,USA,CIV,6813
1970249,250,44,1407,2002,1165.0,0.0,0.734927,-0.40114099999999997,ANS,CIV,6813
1970250,18,45,1407,2002,1597.0,0.0,1.4097469999999999,1.440169,BEL,CMR,6813
1970251,32,45,1407,2002,51783.0,0.0,0.677883,1.0227190000000002,BRA,CMR,6813
1970252,61,45,1407,2002,36929.0,0.0,2.297691,-2.183239,DEU,CMR,6813
1970253,77,45,1407,2002,25747.0,1669.0,1.569367,0.9886360000000001,FRA,CMR,6813
1970254,81,45,1407,2002,15043.0,0.0,1.893177,0.831382,GBR,CMR,6813
1970255,107,45,1407,2002,45976.0,0.0,-0.5707840000000001,-0.705612,IRN,CMR,6813
1970256,111,45,1407,2002,13782.0,0.0,1.377604,1.2470510000000001,ITA,CMR,6813
1970257,114,45,1407,2002,20622.0,0.0,2.556057,0.497673,JPN,CMR,6813
1970258,134,45,1407,2002,111276.0,0.0,-0.810467,-0.34807899999999997,MAR,CMR,6813
1970259,208,45,1407,2002,1242.0,0.0,2.128614,0.7891199999999999,SWE,CMR,6813
1970260,224,45,1407,2002,6658.0,0.0,0.11263699999999999,1.83925,TUR,CMR,6813
1970261,231,45,1407,2002,29634.0,0.0,1.821594,0.231296,USA,CMR,6813
1970262,246,45,1407,2002,4348.0,0.0,0.395943,2.392458,ZAF,CMR,6813
1970263,249,45,1407,2002,2166.0,0.0,1.683858,1.333601,TWN,CMR,6813
1970264,250,45,1407,2002,6160.0,0.0,0.734927,-0.40114099999999997,ANS,CMR,6813
1970265,32,51,1407,2002,123407.0,0.0,0.677883,1.0227190000000002,BRA,CPV,6813
1970266,71,51,1407,2002,763.0,0.0,1.012246,2.049594,ESP,CPV,6813
1970267,77,51,1407,2002,1157.0,0.0,1.569367,0.9886360000000001,FRA,CPV,6813
1970268,179,51,1407,2002,37738.0,0.0,0.484407,1.6500080000000001,PRT,CPV,6813
1970269,191,51,1407,2002,3745.0,0.0,-0.43679700000000005,-0.484176,SEN,CPV,6813
1970270,231,51,1407,2002,2412.0,0.0,1.821594,0.231296,USA,CPV,6813
1970271,15,58,1407,2002,4134.0,0.0,1.8651200000000001,0.48423900000000003,AUT,CYP,6813
1970272,18,58,1407,2002,1474.0,0.0,1.4097469999999999,1.440169,BEL,CYP,6813
1970273,61,58,1407,2002,19717.0,60388.0,2.297691,-2.183239,DEU,CYP,6813
1970274,64,58,1407,2002,1560.0,0.0,1.26594,1.225186,DNK,CYP,6813
1970275,71,58,1407,2002,3371.0,0.0,1.012246,2.049594,ESP,CYP,6813
1970276,77,58,1407,2002,79316.0,0.0,1.569367,0.9886360000000001,FRA,CYP,6813
1970277,81,58,1407,2002,52914.0,0.0,1.893177,0.831382,GBR,CYP,6813
1970278,90,58,1407,2002,16085.0,0.0,0.31858000000000003,1.47417,GRC,CYP,6813
1970279,103,58,1407,2002,12597.0,0.0,-0.10020499999999999,1.590314,IDN,CYP,6813
1970280,104,58,1407,2002,4138.0,0.0,0.380867,2.608955,IND,CYP,6813
1970281,111,58,1407,2002,62790.0,0.0,1.377604,1.2470510000000001,ITA,CYP,6813
1970282,114,58,1407,2002,63993.0,0.0,2.556057,0.497673,JPN,CYP,6813
1970283,153,58,1407,2002,7357.0,0.0,0.704957,0.243398,MYS,CYP,6813
1970284,177,58,1407,2002,13073.0,0.0,0.931642,1.721727,POL,CYP,6813
1970285,192,58,1407,2002,5596.0,0.0,1.481857,0.648889,SGP,CYP,6813
1970286,208,58,1407,2002,6094.0,0.0,2.128614,0.7891199999999999,SWE,CYP,6813
1970287,216,58,1407,2002,5613.0,0.0,0.432041,1.627953,THA,CYP,6813
1970288,224,58,1407,2002,21633.0,0.0,0.11263699999999999,1.83925,TUR,CYP,6813
1970289,231,58,1407,2002,4701.0,0.0,1.821594,0.231296,USA,CYP,6813
1970290,249,58,1407,2002,9250.0,0.0,1.683858,1.333601,TWN,CYP,6813
1970291,18,72,1407,2002,4321.0,0.0,1.4097469999999999,1.440169,BEL,EST,6813
1970292,59,72,1407,2002,1558.0,0.0,1.550713,1.037066,CZE,EST,6813
1970293,61,72,1407,2002,71716.0,0.0,2.297691,-2.183239,DEU,EST,6813
1970294,64,72,1407,2002,1259.0,0.0,1.26594,1.225186,DNK,EST,6813
1970295,71,72,1407,2002,5268.0,0.0,1.012246,2.049594,ESP,EST,6813
1970296,74,72,1407,2002,39591.0,1174.0,2.0234240000000003,0.979141,FIN,EST,6813
1970297,77,72,1407,2002,21318.0,0.0,1.569367,0.9886360000000001,FRA,EST,6813
1970298,81,72,1407,2002,8156.0,0.0,1.893177,0.831382,GBR,EST,6813
1970299,102,72,1407,2002,7322.0,0.0,1.179684,1.0574860000000001,HUN,EST,6813
1970300,104,72,1407,2002,3596.0,0.0,0.380867,2.608955,IND,EST,6813
1970301,111,72,1407,2002,23849.0,0.0,1.377604,1.2470510000000001,ITA,EST,6813
1970302,114,72,1407,2002,673.0,0.0,2.556057,0.497673,JPN,EST,6813
1970303,121,72,1407,2002,5678.0,0.0,1.186816,1.075947,KOR,EST,6813
1970304,130,72,1407,2002,3228.0,3467.0,0.23102399999999998,0.586078,LTU,EST,6813
1970305,132,72,1407,2002,0.0,3042.0,0.45210200000000006,0.515388,LVA,EST,6813
1970306,177,72,1407,2002,125788.0,0.0,0.931642,1.721727,POL,EST,6813
1970307,186,72,1407,2002,12376.0,659.0,1.109397,0.424229,RUS,EST,6813
1970308,208,72,1407,2002,186830.0,0.0,2.128614,0.7891199999999999,SWE,EST,6813
1970309,231,72,1407,2002,73910.0,0.0,1.821594,0.231296,USA,EST,6813
1970310,250,72,1407,2002,261783.0,0.0,0.734927,-0.40114099999999997,ANS,EST,6813
1970311,15,80,1407,2002,23046.0,0.0,1.8651200000000001,0.48423900000000003,AUT,GAB,6813
1970312,18,80,1407,2002,6816.0,0.0,1.4097469999999999,1.440169,BEL,GAB,6813
1970313,32,80,1407,2002,1212.0,0.0,0.677883,1.0227190000000002,BRA,GAB,6813
1970314,41,80,1407,2002,6780.0,0.0,2.218095,0.620946,CHE,GAB,6813
1970315,61,80,1407,2002,28049.0,0.0,2.297691,-2.183239,DEU,GAB,6813
1970316,71,80,1407,2002,12016.0,0.0,1.012246,2.049594,ESP,GAB,6813
1970317,77,80,1407,2002,126324.0,0.0,1.569367,0.9886360000000001,FRA,GAB,6813
1970318,81,80,1407,2002,24252.0,0.0,1.893177,0.831382,GBR,GAB,6813
1970319,107,80,1407,2002,26910.0,0.0,-0.5707840000000001,-0.705612,IRN,GAB,6813
1970320,111,80,1407,2002,52662.0,0.0,1.377604,1.2470510000000001,ITA,GAB,6813
1970321,114,80,1407,2002,46136.0,0.0,2.556057,0.497673,JPN,GAB,6813
1970322,134,80,1407,2002,135243.0,0.0,-0.810467,-0.34807899999999997,MAR,GAB,6813
1970323,192,80,1407,2002,1280.0,0.0,1.481857,0.648889,SGP,GAB,6813
1970324,249,80,1407,2002,44789.0,0.0,1.683858,1.333601,TWN,GAB,6813
1970325,14,83,1407,2002,32195.0,0.0,0.231386,0.771628,AUS,GHA,6813
1970326,18,83,1407,2002,115916.0,0.0,1.4097469999999999,1.440169,BEL,GHA,6813
1970327,32,83,1407,2002,9337.0,0.0,0.677883,1.0227190000000002,BRA,GHA,6813
1970328,39,83,1407,2002,4525.0,0.0,0.9963280000000001,1.1922110000000001,CAN,GHA,6813
1970329,43,83,1407,2002,85724.0,0.0,0.576746,2.7995520000000003,CHN,GHA,6813
1970330,61,83,1407,2002,7114.0,0.0,2.297691,-2.183239,DEU,GHA,6813
1970331,77,83,1407,2002,3706.0,0.0,1.569367,0.9886360000000001,FRA,GHA,6813
1970332,81,83,1407,2002,45980.0,0.0,1.893177,0.831382,GBR,GHA,6813
1970333,104,83,1407,2002,31228.0,0.0,0.380867,2.608955,IND,GHA,6813
1970334,107,83,1407,2002,1685.0,0.0,-0.5707840000000001,-0.705612,IRN,GHA,6813
1970335,114,83,1407,2002,16849.0,0.0,2.556057,0.497673,JPN,GHA,6813
1970336,162,83,1407,2002,17723.0,0.0,1.206176,1.7136360000000002,NLD,GHA,6813
1970337,208,83,1407,2002,2020.0,0.0,2.128614,0.7891199999999999,SWE,GHA,6813
1970338,224,83,1407,2002,77119.0,0.0,0.11263699999999999,1.83925,TUR,GHA,6813
1970339,231,83,1407,2002,31060.0,0.0,1.821594,0.231296,USA,GHA,6813
1970340,246,83,1407,2002,6880.0,0.0,0.395943,2.392458,ZAF,GHA,6813
1970341,249,83,1407,2002,3420.0,0.0,1.683858,1.333601,TWN,GHA,6813
1970342,7,134,1407,2002,0.0,35490.0,0.044683,-0.247191,ARE,MAR,6813
1970343,18,134,1407,2002,12693.0,34779.0,1.4097469999999999,1.440169,BEL,MAR,6813
1970344,21,134,1407,2002,0.0,32533.0,-0.477813,-0.647148,BFA,MAR,6813
1970345,32,134,1407,2002,20569.0,0.0,0.677883,1.0227190000000002,BRA,MAR,6813
1970346,41,134,1407,2002,6087.0,994.0,2.218095,0.620946,CHE,MAR,6813
1970347,43,134,1407,2002,2610.0,0.0,0.576746,2.7995520000000003,CHN,MAR,6813
1970348,45,134,1407,2002,0.0,111276.0,-1.114477,-1.0516510000000001,CMR,MAR,6813
1970349,61,134,1407,2002,58305.0,21565.0,2.297691,-2.183239,DEU,MAR,6813
1970350,68,134,1407,2002,0.0,130702.0,-0.377127,0.549439,EGY,MAR,6813
1970351,71,134,1407,2002,105058.0,320486.0,1.012246,2.049594,ESP,MAR,6813
1970352,77,134,1407,2002,67649.0,439251.0,1.569367,0.9886360000000001,FRA,MAR,6813
1970353,80,134,1407,2002,0.0,135243.0,-0.830094,-1.149233,GAB,MAR,6813
1970354,81,134,1407,2002,103834.0,47358.0,1.893177,0.831382,GBR,MAR,6813
1970355,90,134,1407,2002,0.0,10626.0,0.31858000000000003,1.47417,GRC,MAR,6813
1970356,97,134,1407,2002,15344.0,0.0,0.5701109999999999,1.989357,HKG,MAR,6813
1970357,106,134,1407,2002,851.0,0.0,1.7232880000000002,0.091172,IRL,MAR,6813
1970358,111,134,1407,2002,78506.0,253639.0,1.377604,1.2470510000000001,ITA,MAR,6813
1970359,114,134,1407,2002,5931.0,0.0,2.556057,0.497673,JPN,MAR,6813
1970360,121,134,1407,2002,17160.0,0.0,1.186816,1.075947,KOR,MAR,6813
1970361,126,134,1407,2002,0.0,191463.0,-0.568615,-1.172261,LBY,MAR,6813
1970362,136,134,1407,2002,0.0,17857.0,-1.120167,-0.43338699999999997,MDG,MAR,6813
1970363,141,134,1407,2002,0.0,4854.0,-0.8948520000000001,-0.863375,MLI,MAR,6813
1970364,162,134,1407,2002,1692.0,0.0,1.206176,1.7136360000000002,NLD,MAR,6813
1970365,176,134,1407,2002,0.0,2890.0,-1.4572319999999999,-1.159399,PNG,MAR,6813
1970366,179,134,1407,2002,51542.0,98624.0,0.484407,1.6500080000000001,PRT,MAR,6813
1970367,191,134,1407,2002,0.0,179035.0,-0.43679700000000005,-0.484176,SEN,MAR,6813
1970368,208,134,1407,2002,29161.0,0.0,2.128614,0.7891199999999999,SWE,MAR,6813
1970369,223,134,1407,2002,0.0,320307.0,-0.221951,0.325506,TUN,MAR,6813
1970370,224,134,1407,2002,0.0,98428.0,0.11263699999999999,1.83925,TUR,MAR,6813
1970371,231,134,1407,2002,95098.0,0.0,1.821594,0.231296,USA,MAR,6813
1970372,249,134,1407,2002,3021.0,0.0,1.683858,1.333601,TWN,MAR,6813
1970373,18,141,1407,2002,922.0,0.0,1.4097469999999999,1.440169,BEL,MLI,6813
1970374,32,141,1407,2002,28975.0,0.0,0.677883,1.0227190000000002,BRA,MLI,6813
1970375,114,141,1407,2002,676.0,0.0,2.556057,0.497673,JPN,MLI,6813
1970376,134,141,1407,2002,4854.0,0.0,-0.810467,-0.34807899999999997,MAR,MLI,6813
1970377,191,141,1407,2002,1039.0,0.0,-0.43679700000000005,-0.484176,SEN,MLI,6813
1970378,32,147,1407,2002,3495.0,0.0,0.677883,1.0227190000000002,BRA,MOZ,6813
1970379,43,147,1407,2002,10691.0,0.0,0.576746,2.7995520000000003,CHN,MOZ,6813
1970380,61,147,1407,2002,2245.0,0.0,2.297691,-2.183239,DEU,MOZ,6813
1970381,77,147,1407,2002,1665.0,0.0,1.569367,0.9886360000000001,FRA,MOZ,6813
1970382,81,147,1407,2002,1018.0,0.0,1.893177,0.831382,GBR,MOZ,6813
1970383,111,147,1407,2002,8458.0,0.0,1.377604,1.2470510000000001,ITA,MOZ,6813
1970384,114,147,1407,2002,3355.0,0.0,2.556057,0.497673,JPN,MOZ,6813
1970385,231,147,1407,2002,10015.0,0.0,1.821594,0.231296,USA,MOZ,6813
1970386,246,147,1407,2002,20555.0,0.0,0.395943,2.392458,ZAF,MOZ,6813
1970387,248,147,1407,2002,59393.0,0.0,-0.309483,0.271457,ZWE,MOZ,6813
1970388,2,155,1407,2002,1888.0,15240.0,-2.018135,-1.222751,AGO,NAM,6813
1970389,246,155,1407,2002,185670.0,795.0,0.395943,2.392458,ZAF,NAM,6813
1970390,15,159,1407,2002,1795.0,0.0,1.8651200000000001,0.48423900000000003,AUT,NGA,6813
1970391,18,159,1407,2002,16359.0,0.0,1.4097469999999999,1.440169,BEL,NGA,6813
1970392,32,159,1407,2002,1186973.0,0.0,0.677883,1.0227190000000002,BRA,NGA,6813
1970393,41,159,1407,2002,10031.0,0.0,2.218095,0.620946,CHE,NGA,6813
1970394,42,159,1407,2002,6718.0,0.0,-0.035264,-0.101796,CHL,NGA,6813
1970395,43,159,1407,2002,72872.0,0.0,0.576746,2.7995520000000003,CHN,NGA,6813
1970396,61,159,1407,2002,79763.0,0.0,2.297691,-2.183239,DEU,NGA,6813
1970397,71,159,1407,2002,7104.0,0.0,1.012246,2.049594,ESP,NGA,6813
1970398,81,159,1407,2002,22669.0,0.0,1.893177,0.831382,GBR,NGA,6813
1970399,103,159,1407,2002,3376.0,0.0,-0.10020499999999999,1.590314,IDN,NGA,6813
1970400,104,159,1407,2002,263051.0,0.0,0.380867,2.608955,IND,NGA,6813
1970401,111,159,1407,2002,54172.0,0.0,1.377604,1.2470510000000001,ITA,NGA,6813
1970402,114,159,1407,2002,58319.0,0.0,2.556057,0.497673,JPN,NGA,6813
1970403,121,159,1407,2002,4849.0,0.0,1.186816,1.075947,KOR,NGA,6813
1970404,162,159,1407,2002,5891.0,0.0,1.206176,1.7136360000000002,NLD,NGA,6813
1970405,186,159,1407,2002,5483.0,0.0,1.109397,0.424229,RUS,NGA,6813
1970406,189,159,1407,2002,1859.0,0.0,0.55781,2.135925,SCG,NGA,6813
1970407,192,159,1407,2002,11394.0,0.0,1.481857,0.648889,SGP,NGA,6813
1970408,216,159,1407,2002,2549.0,0.0,0.432041,1.627953,THA,NGA,6813
1970409,231,159,1407,2002,41083.0,0.0,1.821594,0.231296,USA,NGA,6813
1970410,249,159,1407,2002,413461.0,0.0,1.683858,1.333601,TWN,NGA,6813
1970411,18,191,1407,2002,8298.0,0.0,1.4097469999999999,1.440169,BEL,SEN,6813
1970412,51,191,1407,2002,0.0,3745.0,-0.29720100000000005,-0.703051,CPV,SEN,6813
1970413,61,191,1407,2002,1288.0,0.0,2.297691,-2.183239,DEU,SEN,6813
1970414,71,191,1407,2002,7227.0,0.0,1.012246,2.049594,ESP,SEN,6813
1970415,77,191,1407,2002,12988.0,0.0,1.569367,0.9886360000000001,FRA,SEN,6813
1970416,88,191,1407,2002,0.0,1192.0,-0.661416,-0.8644870000000001,GNB,SEN,6813
1970417,114,191,1407,2002,1269.0,0.0,2.556057,0.497673,JPN,SEN,6813
1970418,134,191,1407,2002,179035.0,0.0,-0.810467,-0.34807899999999997,MAR,SEN,6813
1970419,141,191,1407,2002,0.0,1039.0,-0.8948520000000001,-0.863375,MLI,SEN,6813
1970420,223,191,1407,2002,16493.0,0.0,-0.221951,0.325506,TUN,SEN,6813
1970421,179,203,1407,2002,2129.0,0.0,0.484407,1.6500080000000001,PRT,STP,6813
1970422,18,215,1407,2002,3838.0,0.0,1.4097469999999999,1.440169,BEL,TGO,6813
1970423,41,215,1407,2002,1779.0,0.0,2.218095,0.620946,CHE,TGO,6813
1970424,61,215,1407,2002,126450.0,0.0,2.297691,-2.183239,DEU,TGO,6813
1970425,68,215,1407,2002,0.0,37995.0,-0.377127,0.549439,EGY,TGO,6813
1970426,77,215,1407,2002,2368.0,0.0,1.569367,0.9886360000000001,FRA,TGO,6813
1970427,114,215,1407,2002,28886.0,0.0,2.556057,0.497673,JPN,TGO,6813
1970428,7,227,1407,2002,23070.0,0.0,0.044683,-0.247191,ARE,UGA,6813
1970429,61,227,1407,2002,5480.0,0.0,2.297691,-2.183239,DEU,UGA,6813
1970430,104,227,1407,2002,79895.0,0.0,0.380867,2.608955,IND,UGA,6813
1970431,114,227,1407,2002,2431.0,0.0,2.556057,0.497673,JPN,UGA,6813
1970432,116,227,1407,2002,12860.0,0.0,-0.555812,0.169204,KEN,UGA,6813
1970433,162,227,1407,2002,1186.0,0.0,1.206176,1.7136360000000002,NLD,UGA,6813
1970434,168,227,1407,2002,9494.0,0.0,-0.877655,-0.322094,PAK,UGA,6813
1970435,246,227,1407,2002,7590.0,0.0,0.395943,2.392458,ZAF,UGA,6813
1970436,248,227,1407,2002,18326.0,0.0,-0.309483,0.271457,ZWE,UGA,6813
1970437,7,247,1407,2002,3609.0,0.0,0.044683,-0.247191,ARE,ZMB,6813
1970438,43,247,1407,2002,29825.0,0.0,0.576746,2.7995520000000003,CHN,ZMB,6813
1970439,61,247,1407,2002,708.0,0.0,2.297691,-2.183239,DEU,ZMB,6813
1970440,104,247,1407,2002,1710.0,0.0,0.380867,2.608955,IND,ZMB,6813
1970441,114,247,1407,2002,3839.0,0.0,2.556057,0.497673,JPN,ZMB,6813
1970442,116,247,1407,2002,5163.0,0.0,-0.555812,0.169204,KEN,ZMB,6813
1970443,246,247,1407,2002,46395.0,0.0,0.395943,2.392458,ZAF,ZMB,6813
1970444,248,247,1407,2002,55562.0,0.0,-0.309483,0.271457,ZWE,ZMB,6813
1970445,14,248,1407,2002,5053.0,0.0,0.231386,0.771628,AUS,ZWE,6813
1970446,18,248,1407,2002,26274.0,0.0,1.4097469999999999,1.440169,BEL,ZWE,6813
1970447,37,248,1407,2002,22268.0,5727.0,-0.14025,-1.018399,BWA,ZWE,6813
1970448,39,248,1407,2002,2899.0,0.0,0.9963280000000001,1.1922110000000001,CAN,ZWE,6813
1970449,41,248,1407,2002,2232.0,0.0,2.218095,0.620946,CHE,ZWE,6813
1970450,61,248,1407,2002,27042.0,0.0,2.297691,-2.183239,DEU,ZWE,6813
1970451,71,248,1407,2002,8432.0,0.0,1.012246,2.049594,ESP,ZWE,6813
1970452,77,248,1407,2002,60886.0,0.0,1.569367,0.9886360000000001,FRA,ZWE,6813
1970453,81,248,1407,2002,999.0,6674.0,1.893177,0.831382,GBR,ZWE,6813
1970454,114,248,1407,2002,1234.0,0.0,2.556057,0.497673,JPN,ZWE,6813
1970455,121,248,1407,2002,3461.0,0.0,1.186816,1.075947,KOR,ZWE,6813
1970456,147,248,1407,2002,0.0,59393.0,-0.947259,-1.047883,MOZ,ZWE,6813
1970457,152,248,1407,2002,0.0,26522.0,-1.441416,-1.214651,MWI,ZWE,6813
1970458,162,248,1407,2002,8538.0,5404.0,1.206176,1.7136360000000002,NLD,ZWE,6813
1970459,168,248,1407,2002,1189.0,0.0,-0.877655,-0.322094,PAK,ZWE,6813
1970460,227,248,1407,2002,0.0,18326.0,-1.038337,-0.896425,UGA,ZWE,6813
1970461,231,248,1407,2002,2148.0,0.0,1.821594,0.231296,USA,ZWE,6813
1970462,246,248,1407,2002,147650.0,78656.0,0.395943,2.392458,ZAF,ZWE,6813
1970463,247,248,1407,2002,0.0,55562.0,-0.654686,-0.545346,ZMB,ZWE,6813
1970464,249,248,1407,2002,841.0,0.0,1.683858,1.333601,TWN,ZWE,6813
1970465,81,120,1407,2002,15475.0,0.0,1.893177,0.831382,GBR,KNA,6813
1970466,111,120,1407,2002,391.0,0.0,1.377604,1.2470510000000001,ITA,KNA,6813
1970467,231,120,1407,2002,1968.0,0.0,1.821594,0.231296,USA,KNA,6813
1970468,61,152,1407,2002,1969.0,0.0,2.297691,-2.183239,DEU,MWI,6813
1970469,104,152,1407,2002,24837.0,0.0,0.380867,2.608955,IND,MWI,6813
1970470,114,152,1407,2002,1477.0,0.0,2.556057,0.497673,JPN,MWI,6813
1970471,246,152,1407,2002,27020.0,0.0,0.395943,2.392458,ZAF,MWI,6813
1970472,248,152,1407,2002,26522.0,0.0,-0.309483,0.271457,ZWE,MWI,6813
1970473,14,176,1407,2002,22780.0,0.0,0.231386,0.771628,AUS,PNG,6813
1970474,39,176,1407,2002,2484.0,0.0,0.9963280000000001,1.1922110000000001,CAN,PNG,6813
1970475,43,176,1407,2002,7262.0,0.0,0.576746,2.7995520000000003,CHN,PNG,6813
1970476,77,176,1407,2002,4893.0,0.0,1.569367,0.9886360000000001,FRA,PNG,6813
1970477,114,176,1407,2002,48626.0,0.0,2.556057,0.497673,JPN,PNG,6813
1970478,134,176,1407,2002,2890.0,0.0,-0.810467,-0.34807899999999997,MAR,PNG,6813
1970479,153,176,1407,2002,3439.0,0.0,0.704957,0.243398,MYS,PNG,6813
1970480,192,176,1407,2002,103698.0,0.0,1.481857,0.648889,SGP,PNG,6813
1970481,207,176,1407,2002,649.0,0.0,1.5643770000000001,1.043862,SVN,PNG,6813
1970482,228,176,1407,2002,3201.0,0.0,0.835485,0.872135,UKR,PNG,6813
1970483,231,176,1407,2002,4071.0,0.0,1.821594,0.231296,USA,PNG,6813
1970484,61,234,1407,2002,0.0,1623.0,2.297691,-2.183239,DEU,VCT,6813
1970485,81,234,1407,2002,5900.0,0.0,1.893177,0.831382,GBR,VCT,6813
1970486,114,234,1407,2002,3863.0,0.0,2.556057,0.497673,JPN,VCT,6813
1970487,222,234,1407,2002,891.0,0.0,0.074907,-0.8203879999999999,TTO,VCT,6813
1970488,231,234,1407,2002,2271.0,0.0,1.821594,0.231296,USA,VCT,6813
1970489,7,24,1407,2002,0.0,108098.0,0.044683,-0.247191,ARE,BHR,6813
1970490,18,24,1407,2002,1424.0,0.0,1.4097469999999999,1.440169,BEL,BHR,6813
1970491,61,24,1407,2002,41736.0,0.0,2.297691,-2.183239,DEU,BHR,6813
1970492,71,24,1407,2002,8016.0,0.0,1.012246,2.049594,ESP,BHR,6813
1970493,81,24,1407,2002,76893.0,0.0,1.893177,0.831382,GBR,BHR,6813
1970494,90,24,1407,2002,15126.0,0.0,0.31858000000000003,1.47417,GRC,BHR,6813
1970495,104,24,1407,2002,21046.0,0.0,0.380867,2.608955,IND,BHR,6813
1970496,114,24,1407,2002,1205009.0,0.0,2.556057,0.497673,JPN,BHR,6813
1970497,121,24,1407,2002,2916.0,0.0,1.186816,1.075947,KOR,BHR,6813
1970498,122,24,1407,2002,0.0,4189.0,-0.6629550000000001,-1.157214,KWT,BHR,6813
1970499,153,24,1407,2002,15766.0,0.0,0.704957,0.243398,MYS,BHR,6813
1970500,162,24,1407,2002,0.0,5860.0,1.206176,1.7136360000000002,NLD,BHR,6813
1970501,167,24,1407,2002,0.0,2794.0,-1.238769,-1.225841,OMN,BHR,6813
1970502,188,24,1407,2002,0.0,18522.0,0.082107,-0.843317,SAU,BHR,6813
1970503,192,24,1407,2002,774.0,0.0,1.481857,0.648889,SGP,BHR,6813
1970504,208,24,1407,2002,5949.0,0.0,2.128614,0.7891199999999999,SWE,BHR,6813
1970505,216,24,1407,2002,1330.0,0.0,0.432041,1.627953,THA,BHR,6813
1970506,231,24,1407,2002,5272.0,0.0,1.821594,0.231296,USA,BHR,6813
1970507,249,24,1407,2002,18733.0,0.0,1.683858,1.333601,TWN,BHR,6813
1970508,15,26,1407,2002,3158.0,0.0,1.8651200000000001,0.48423900000000003,AUT,BIH,6813
1970509,61,26,1407,2002,90000.0,0.0,2.297691,-2.183239,DEU,BIH,6813
1970510,100,26,1407,2002,58017.0,31686.0,0.591276,1.030723,HRV,BIH,6813
1970511,102,26,1407,2002,1000.0,0.0,1.179684,1.0574860000000001,HUN,BIH,6813
1970512,114,26,1407,2002,3175.0,0.0,2.556057,0.497673,JPN,BIH,6813
1970513,189,26,1407,2002,111187.0,2557.0,0.55781,2.135925,SCG,BIH,6813
1970514,207,26,1407,2002,4835.0,0.0,1.5643770000000001,1.043862,SVN,BIH,6813
1970515,224,26,1407,2002,5986.0,0.0,0.11263699999999999,1.83925,TUR,BIH,6813
1970516,15,100,1407,2002,62516.0,61839.0,1.8651200000000001,0.48423900000000003,AUT,HRV,6813
1970517,18,100,1407,2002,1988.0,0.0,1.4097469999999999,1.440169,BEL,HRV,6813
1970518,26,100,1407,2002,31686.0,58017.0,0.26339,0.30287,BIH,HRV,6813
1970519,32,100,1407,2002,59991.0,0.0,0.677883,1.0227190000000002,BRA,HRV,6813
1970520,41,100,1407,2002,799.0,0.0,2.218095,0.620946,CHE,HRV,6813
1970521,43,100,1407,2002,731.0,0.0,0.576746,2.7995520000000003,CHN,HRV,6813
1970522,59,100,1407,2002,21358.0,0.0,1.550713,1.037066,CZE,HRV,6813
1970523,61,100,1407,2002,261113.0,36600.0,2.297691,-2.183239,DEU,HRV,6813
1970524,64,100,1407,2002,12630.0,0.0,1.26594,1.225186,DNK,HRV,6813
1970525,71,100,1407,2002,10633.0,0.0,1.012246,2.049594,ESP,HRV,6813
1970526,77,100,1407,2002,139713.0,0.0,1.569367,0.9886360000000001,FRA,HRV,6813
1970527,81,100,1407,2002,12904.0,0.0,1.893177,0.831382,GBR,HRV,6813
1970528,102,100,1407,2002,14212.0,0.0,1.179684,1.0574860000000001,HUN,HRV,6813
1970529,111,100,1407,2002,232312.0,0.0,1.377604,1.2470510000000001,ITA,HRV,6813
1970530,114,100,1407,2002,2281.0,0.0,2.556057,0.497673,JPN,HRV,6813
1970531,121,100,1407,2002,2102.0,0.0,1.186816,1.075947,KOR,HRV,6813
1970532,140,100,1407,2002,0.0,3898.0,-0.030274000000000002,0.359317,MKD,HRV,6813
1970533,162,100,1407,2002,6233.0,0.0,1.206176,1.7136360000000002,NLD,HRV,6813
1970534,163,100,1407,2002,2550.0,0.0,1.110882,0.17164100000000002,NOR,HRV,6813
1970535,173,100,1407,2002,1212.0,0.0,-0.6126199999999999,0.085944,PER,HRV,6813
1970536,177,100,1407,2002,79992.0,0.0,0.931642,1.721727,POL,HRV,6813
1970537,185,100,1407,2002,1813.0,0.0,0.29888200000000004,0.980376,ROU,HRV,6813
1970538,189,100,1407,2002,77798.0,1039.0,0.55781,2.135925,SCG,HRV,6813
1970539,207,100,1407,2002,145344.0,2681.0,1.5643770000000001,1.043862,SVN,HRV,6813
1970540,208,100,1407,2002,7488.0,0.0,2.128614,0.7891199999999999,SWE,HRV,6813
1970541,212,100,1407,2002,0.0,3970.0,-1.067974,-0.513309,SYR,HRV,6813
1970542,224,100,1407,2002,12433.0,0.0,0.11263699999999999,1.83925,TUR,HRV,6813
1970543,231,100,1407,2002,6089.0,0.0,1.821594,0.231296,USA,HRV,6813
1970544,18,109,1407,2002,3708.0,0.0,1.4097469999999999,1.440169,BEL,ISL,6813
1970545,43,109,1407,2002,662.0,0.0,0.576746,2.7995520000000003,CHN,ISL,6813
1970546,59,109,1407,2002,3832.0,0.0,1.550713,1.037066,CZE,ISL,6813
1970547,61,109,1407,2002,5148.0,0.0,2.297691,-2.183239,DEU,ISL,6813
1970548,64,109,1407,2002,1834.0,0.0,1.26594,1.225186,DNK,ISL,6813
1970549,71,109,1407,2002,6690.0,0.0,1.012246,2.049594,ESP,ISL,6813
1970550,77,109,1407,2002,4583.0,0.0,1.569367,0.9886360000000001,FRA,ISL,6813
1970551,81,109,1407,2002,26348.0,0.0,1.893177,0.831382,GBR,ISL,6813
1970552,104,109,1407,2002,3941.0,0.0,0.380867,2.608955,IND,ISL,6813
1970553,162,109,1407,2002,3480.0,2636.0,1.206176,1.7136360000000002,NLD,ISL,6813
1970554,163,109,1407,2002,2636.0,0.0,1.110882,0.17164100000000002,NOR,ISL,6813
1970555,208,109,1407,2002,4157.0,0.0,2.128614,0.7891199999999999,SWE,ISL,6813
1970556,231,109,1407,2002,8856.0,0.0,1.821594,0.231296,USA,ISL,6813
1970557,15,126,1407,2002,1487.0,0.0,1.8651200000000001,0.48423900000000003,AUT,LBY,6813
1970558,18,126,1407,2002,491990.0,0.0,1.4097469999999999,1.440169,BEL,LBY,6813
1970559,61,126,1407,2002,71000.0,0.0,2.297691,-2.183239,DEU,LBY,6813
1970560,77,126,1407,2002,52879.0,0.0,1.569367,0.9886360000000001,FRA,LBY,6813
1970561,81,126,1407,2002,10898.0,0.0,1.893177,0.831382,GBR,LBY,6813
1970562,114,126,1407,2002,34492.0,0.0,2.556057,0.497673,JPN,LBY,6813
1970563,134,126,1407,2002,191463.0,0.0,-0.810467,-0.34807899999999997,MAR,LBY,6813
1970564,153,126,1407,2002,33538.0,0.0,0.704957,0.243398,MYS,LBY,6813
1970565,162,126,1407,2002,2835.0,0.0,1.206176,1.7136360000000002,NLD,LBY,6813
1970566,192,126,1407,2002,28627.0,0.0,1.481857,0.648889,SGP,LBY,6813
1970567,224,126,1407,2002,3561.0,0.0,0.11263699999999999,1.83925,TUR,LBY,6813
1970568,28,135,1407,2002,1132.0,0.0,0.825865,1.0148979999999999,BLR,MDA,6813
1970569,61,135,1407,2002,9554.0,0.0,2.297691,-2.183239,DEU,MDA,6813
1970570,104,135,1407,2002,1258.0,0.0,0.380867,2.608955,IND,MDA,6813
1970571,185,135,1407,2002,0.0,1598.0,0.29888200000000004,0.980376,ROU,MDA,6813
1970572,186,135,1407,2002,47485.0,1709.0,1.109397,0.424229,RUS,MDA,6813
1970573,208,135,1407,2002,758.0,0.0,2.128614,0.7891199999999999,SWE,MDA,6813
1970574,228,135,1407,2002,59807.0,3459.0,0.835485,0.872135,UKR,MDA,6813
1970575,59,140,1407,2002,3840.0,0.0,1.550713,1.037066,CZE,MKD,6813
1970576,61,140,1407,2002,5142.0,0.0,2.297691,-2.183239,DEU,MKD,6813
1970577,77,140,1407,2002,111295.0,0.0,1.569367,0.9886360000000001,FRA,MKD,6813
1970578,90,140,1407,2002,136914.0,0.0,0.31858000000000003,1.47417,GRC,MKD,6813
1970579,100,140,1407,2002,3898.0,0.0,0.591276,1.030723,HRV,MKD,6813
1970580,102,140,1407,2002,919.0,0.0,1.179684,1.0574860000000001,HUN,MKD,6813
1970581,111,140,1407,2002,5989.0,0.0,1.377604,1.2470510000000001,ITA,MKD,6813
1970582,121,140,1407,2002,3151.0,0.0,1.186816,1.075947,KOR,MKD,6813
1970583,177,140,1407,2002,1506.0,0.0,0.931642,1.721727,POL,MKD,6813
1970584,189,140,1407,2002,216189.0,15485.0,0.55781,2.135925,SCG,MKD,6813
1970585,207,140,1407,2002,7257.0,0.0,1.5643770000000001,1.043862,SVN,MKD,6813
1970586,224,140,1407,2002,2801.0,0.0,0.11263699999999999,1.83925,TUR,MKD,6813
1970587,43,143,1407,2002,3220.0,0.0,0.576746,2.7995520000000003,CHN,MMR,6813
1970588,81,143,1407,2002,5992.0,0.0,1.893177,0.831382,GBR,MMR,6813
1970589,97,143,1407,2002,25234.0,0.0,0.5701109999999999,1.989357,HKG,MMR,6813
1970590,114,143,1407,2002,84003.0,0.0,2.556057,0.497673,JPN,MMR,6813
1970591,121,143,1407,2002,15344.0,0.0,1.186816,1.075947,KOR,MMR,6813
1970592,192,143,1407,2002,7468.0,0.0,1.481857,0.648889,SGP,MMR,6813
1970593,216,143,1407,2002,214638.0,0.0,0.432041,1.627953,THA,MMR,6813
1970594,249,143,1407,2002,14175.0,0.0,1.683858,1.333601,TWN,MMR,6813
1970595,28,178,1407,2002,2403.0,0.0,0.825865,1.0148979999999999,BLR,PRK,6813
1970596,43,178,1407,2002,18210.0,0.0,0.576746,2.7995520000000003,CHN,PRK,6813
1970597,61,178,1407,2002,7000.0,0.0,2.297691,-2.183239,DEU,PRK,6813
1970598,81,178,1407,2002,10738.0,0.0,1.893177,0.831382,GBR,PRK,6813
1970599,99,178,1407,2002,0.0,3546.0,-0.877043,-0.658185,HND,PRK,6813
1970600,104,178,1407,2002,1922.0,0.0,0.380867,2.608955,IND,PRK,6813
1970601,114,178,1407,2002,9237.0,0.0,2.556057,0.497673,JPN,PRK,6813
1970602,116,178,1407,2002,0.0,22583.0,-0.555812,0.169204,KEN,PRK,6813
1970603,15,189,1407,2002,27367.0,0.0,1.8651200000000001,0.48423900000000003,AUT,SCG,6813
1970604,18,189,1407,2002,5583.0,0.0,1.4097469999999999,1.440169,BEL,SCG,6813
1970605,23,189,1407,2002,909.0,70267.0,0.37451100000000004,1.573517,BGR,SCG,6813
1970606,26,189,1407,2002,2557.0,111187.0,0.26339,0.30287,BIH,SCG,6813
1970607,28,189,1407,2002,1637.0,0.0,0.825865,1.0148979999999999,BLR,SCG,6813
1970608,32,189,1407,2002,1713.0,0.0,0.677883,1.0227190000000002,BRA,SCG,6813
1970609,41,189,1407,2002,13903.0,0.0,2.218095,0.620946,CHE,SCG,6813
1970610,43,189,1407,2002,24186.0,0.0,0.576746,2.7995520000000003,CHN,SCG,6813
1970611,59,189,1407,2002,1002.0,17736.0,1.550713,1.037066,CZE,SCG,6813
1970612,61,189,1407,2002,10232.0,0.0,2.297691,-2.183239,DEU,SCG,6813
1970613,77,189,1407,2002,1650.0,0.0,1.569367,0.9886360000000001,FRA,SCG,6813
1970614,81,189,1407,2002,30369.0,0.0,1.893177,0.831382,GBR,SCG,6813
1970615,90,189,1407,2002,11396.0,56593.0,0.31858000000000003,1.47417,GRC,SCG,6813
1970616,100,189,1407,2002,1039.0,77798.0,0.591276,1.030723,HRV,SCG,6813
1970617,102,189,1407,2002,18947.0,9491.0,1.179684,1.0574860000000001,HUN,SCG,6813
1970618,104,189,1407,2002,682.0,0.0,0.380867,2.608955,IND,SCG,6813
1970619,111,189,1407,2002,12422.0,23829.0,1.377604,1.2470510000000001,ITA,SCG,6813
1970620,114,189,1407,2002,832.0,0.0,2.556057,0.497673,JPN,SCG,6813
1970621,140,189,1407,2002,15485.0,216189.0,-0.030274000000000002,0.359317,MKD,SCG,6813
1970622,159,189,1407,2002,0.0,1859.0,-1.8315700000000001,-1.25171,NGA,SCG,6813
1970623,185,189,1407,2002,0.0,4243.0,0.29888200000000004,0.980376,ROU,SCG,6813
1970624,186,189,1407,2002,913.0,0.0,1.109397,0.424229,RUS,SCG,6813
1970625,207,189,1407,2002,3404.0,24243.0,1.5643770000000001,1.043862,SVN,SCG,6813
1970626,208,189,1407,2002,11046.0,0.0,2.128614,0.7891199999999999,SWE,SCG,6813
1970627,224,189,1407,2002,4767.0,0.0,0.11263699999999999,1.83925,TUR,SCG,6813
1970628,228,189,1407,2002,1296.0,0.0,0.835485,0.872135,UKR,SCG,6813
1970629,231,189,1407,2002,116953.0,0.0,1.821594,0.231296,USA,SCG,6813
1970630,250,189,1407,2002,2727.0,0.0,0.734927,-0.40114099999999997,ANS,SCG,6813
1970631,15,212,1407,2002,3695.0,0.0,1.8651200000000001,0.48423900000000003,AUT,SYR,6813
1970632,18,212,1407,2002,4903.0,0.0,1.4097469999999999,1.440169,BEL,SYR,6813
1970633,32,212,1407,2002,41707.0,0.0,0.677883,1.0227190000000002,BRA,SYR,6813
1970634,43,212,1407,2002,20036.0,0.0,0.576746,2.7995520000000003,CHN,SYR,6813
1970635,59,212,1407,2002,28821.0,0.0,1.550713,1.037066,CZE,SYR,6813
1970636,61,212,1407,2002,117877.0,0.0,2.297691,-2.183239,DEU,SYR,6813
1970637,71,212,1407,2002,2951.0,0.0,1.012246,2.049594,ESP,SYR,6813
1970638,77,212,1407,2002,59874.0,0.0,1.569367,0.9886360000000001,FRA,SYR,6813
1970639,81,212,1407,2002,6598.0,0.0,1.893177,0.831382,GBR,SYR,6813
1970640,90,212,1407,2002,4273.0,0.0,0.31858000000000003,1.47417,GRC,SYR,6813
1970641,100,212,1407,2002,3970.0,0.0,0.591276,1.030723,HRV,SYR,6813
1970642,104,212,1407,2002,91625.0,0.0,0.380867,2.608955,IND,SYR,6813
1970643,107,212,1407,2002,14053.0,0.0,-0.5707840000000001,-0.705612,IRN,SYR,6813
1970644,114,212,1407,2002,124779.0,0.0,2.556057,0.497673,JPN,SYR,6813
1970645,121,212,1407,2002,477505.0,0.0,1.186816,1.075947,KOR,SYR,6813
1970646,138,212,1407,2002,18675.0,0.0,0.942061,0.6311260000000001,MEX,SYR,6813
1970647,186,212,1407,2002,9443.0,0.0,1.109397,0.424229,RUS,SYR,6813
1970648,208,212,1407,2002,1744.0,0.0,2.128614,0.7891199999999999,SWE,SYR,6813
1970649,216,212,1407,2002,16030.0,0.0,0.432041,1.627953,THA,SYR,6813
1970650,224,212,1407,2002,179800.0,0.0,0.11263699999999999,1.83925,TUR,SYR,6813
1970651,231,212,1407,2002,1269383.0,0.0,1.821594,0.231296,USA,SYR,6813
1970652,249,212,1407,2002,10745.0,0.0,1.683858,1.333601,TWN,SYR,6813
1970653,18,85,1407,2002,1893.0,0.0,1.4097469999999999,1.440169,BEL,GIN,6813
1970654,61,85,1407,2002,2621.0,0.0,2.297691,-2.183239,DEU,GIN,6813
1970655,77,85,1407,2002,1227.0,0.0,1.569367,0.9886360000000001,FRA,GIN,6813
1970656,114,85,1407,2002,2093.0,0.0,2.556057,0.497673,JPN,GIN,6813
1970657,114,133,1407,2002,2116.0,0.0,2.556057,0.497673,JPN,MAC,6813
1970658,22,168,1407,2002,0.0,8378.0,-1.134933,-1.061633,BGD,PAK,6813
1970659,43,168,1407,2002,137548.0,0.0,0.576746,2.7995520000000003,CHN,PAK,6813
1970660,61,168,1407,2002,13000.0,0.0,2.297691,-2.183239,DEU,PAK,6813
1970661,103,168,1407,2002,511314.0,1154.0,-0.10020499999999999,1.590314,IDN,PAK,6813
1970662,111,168,1407,2002,28169.0,0.0,1.377604,1.2470510000000001,ITA,PAK,6813
1970663,114,168,1407,2002,488833.0,0.0,2.556057,0.497673,JPN,PAK,6813
1970664,121,168,1407,2002,30742.0,0.0,1.186816,1.075947,KOR,PAK,6813
1970665,153,168,1407,2002,612036.0,0.0,0.704957,0.243398,MYS,PAK,6813
1970666,162,168,1407,2002,2835.0,0.0,1.206176,1.7136360000000002,NLD,PAK,6813
1970667,186,168,1407,2002,18003.0,0.0,1.109397,0.424229,RUS,PAK,6813
1970668,216,168,1407,2002,296001.0,0.0,0.432041,1.627953,THA,PAK,6813
1970669,227,168,1407,2002,0.0,9494.0,-1.038337,-0.896425,UGA,PAK,6813
1970670,248,168,1407,2002,0.0,1189.0,-0.309483,0.271457,ZWE,PAK,6813
1970671,249,168,1407,2002,145579.0,0.0,1.683858,1.333601,TWN,PAK,6813
1970672,32,0,1407,2002,1107.0,0.0,0.677883,1.0227190000000002,BRA,ABW,6813
1970673,231,3,1407,2002,16638.0,0.0,1.821594,0.231296,USA,AIA,6813
1970674,81,29,1407,2002,968.0,0.0,1.893177,0.831382,GBR,BLZ,6813
1970675,112,29,1407,2002,3355.0,0.0,-0.604813,-0.9309860000000001,JAM,BLZ,6813
1970676,138,29,1407,2002,7090.0,0.0,0.942061,0.6311260000000001,MEX,BLZ,6813
1970677,231,29,1407,2002,6008.0,0.0,1.821594,0.231296,USA,BLZ,6813
1970678,8,31,1407,2002,7846.0,10648.0,0.284536,0.517425,ARG,BOL,6813
1970679,32,31,1407,2002,136749.0,59187.0,0.677883,1.0227190000000002,BRA,BOL,6813
1970680,39,31,1407,2002,625.0,0.0,0.9963280000000001,1.1922110000000001,CAN,BOL,6813
1970681,42,31,1407,2002,10810.0,114239.0,-0.035264,-0.101796,CHL,BOL,6813
1970682,61,31,1407,2002,3445.0,0.0,2.297691,-2.183239,DEU,BOL,6813
1970683,99,31,1407,2002,0.0,116785.0,-0.877043,-0.658185,HND,BOL,6813
1970684,114,31,1407,2002,3618.0,0.0,2.556057,0.497673,JPN,BOL,6813
1970685,169,31,1407,2002,2806.0,0.0,0.134759,0.234258,PAN,BOL,6813
1970686,173,31,1407,2002,0.0,17794.0,-0.6126199999999999,0.085944,PER,BOL,6813
1970687,180,31,1407,2002,0.0,83012.0,-0.614282,-0.963832,PRY,BOL,6813
1970688,216,31,1407,2002,2700.0,0.0,0.432041,1.627953,THA,BOL,6813
1970689,230,31,1407,2002,0.0,1226.0,0.300502,0.16817000000000001,URY,BOL,6813
1970690,231,31,1407,2002,5785.0,38231.0,1.821594,0.231296,USA,BOL,6813
1970691,236,31,1407,2002,0.0,13946.0,0.211536,-0.715675,VEN,BOL,6813
1970692,7,73,1407,2002,16296.0,0.0,0.044683,-0.247191,ARE,ETH,6813
1970693,18,73,1407,2002,3670.0,0.0,1.4097469999999999,1.440169,BEL,ETH,6813
1970694,41,73,1407,2002,2659.0,0.0,2.218095,0.620946,CHE,ETH,6813
1970695,43,73,1407,2002,5794.0,0.0,0.576746,2.7995520000000003,CHN,ETH,6813
1970696,61,73,1407,2002,11790.0,0.0,2.297691,-2.183239,DEU,ETH,6813
1970697,62,73,1407,2002,9053.0,0.0,0.416677,-0.052552,DJI,ETH,6813
1970698,68,73,1407,2002,4474.0,0.0,-0.377127,0.549439,EGY,ETH,6813
1970699,77,73,1407,2002,2004.0,0.0,1.569367,0.9886360000000001,FRA,ETH,6813
1970700,81,73,1407,2002,368361.0,0.0,1.893177,0.831382,GBR,ETH,6813
1970701,104,73,1407,2002,5204.0,0.0,0.380867,2.608955,IND,ETH,6813
1970702,114,73,1407,2002,59483.0,0.0,2.556057,0.497673,JPN,ETH,6813
1970703,186,73,1407,2002,788.0,0.0,1.109397,0.424229,RUS,ETH,6813
1970704,188,73,1407,2002,1196.0,0.0,0.082107,-0.843317,SAU,ETH,6813
1970705,192,73,1407,2002,672.0,0.0,1.481857,0.648889,SGP,ETH,6813
1970706,208,73,1407,2002,8631.0,0.0,2.128614,0.7891199999999999,SWE,ETH,6813
1970707,224,73,1407,2002,60311.0,0.0,0.11263699999999999,1.83925,TUR,ETH,6813
1970708,39,91,1407,2002,1335.0,0.0,0.9963280000000001,1.1922110000000001,CAN,GRD,6813
1970709,81,91,1407,2002,734.0,0.0,1.893177,0.831382,GBR,GRD,6813
1970710,114,91,1407,2002,4174.0,0.0,2.556057,0.497673,JPN,GRD,6813
1970711,222,91,1407,2002,2086.0,0.0,0.074907,-0.8203879999999999,TTO,GRD,6813
1970712,231,91,1407,2002,7434.0,0.0,1.821594,0.231296,USA,GRD,6813
1970713,114,1,1407,2002,3383.0,0.0,2.556057,0.497673,JPN,AFG,6813
1970714,186,1,1407,2002,53680.0,0.0,1.109397,0.424229,RUS,AFG,6813
1970715,15,4,1407,2002,17078.0,0.0,1.8651200000000001,0.48423900000000003,AUT,ALB,6813
1970716,59,4,1407,2002,1919.0,0.0,1.550713,1.037066,CZE,ALB,6813
1970717,61,4,1407,2002,48933.0,0.0,2.297691,-2.183239,DEU,ALB,6813
1970718,90,4,1407,2002,8320.0,0.0,0.31858000000000003,1.47417,GRC,ALB,6813
1970719,111,4,1407,2002,12210.0,0.0,1.377604,1.2470510000000001,ITA,ALB,6813
1970720,224,4,1407,2002,2892.0,0.0,0.11263699999999999,1.83925,TUR,ALB,6813
1970721,61,9,1407,2002,877.0,0.0,2.297691,-2.183239,DEU,ARM,6813
1970722,186,9,1407,2002,10234.0,0.0,1.109397,0.424229,RUS,ARM,6813
1970723,61,17,1407,2002,4170.0,0.0,2.297691,-2.183239,DEU,BDI,6813
1970724,18,21,1407,2002,1079.0,1210.0,1.4097469999999999,1.440169,BEL,BFA,6813
1970725,61,21,1407,2002,1984.0,0.0,2.297691,-2.183239,DEU,BFA,6813
1970726,77,21,1407,2002,13611.0,0.0,1.569367,0.9886360000000001,FRA,BFA,6813
1970727,134,21,1407,2002,32533.0,0.0,-0.810467,-0.34807899999999997,MAR,BFA,6813
1970728,231,21,1407,2002,10319.0,0.0,1.821594,0.231296,USA,BFA,6813
1970729,7,34,1407,2002,1018.0,0.0,0.044683,-0.247191,ARE,BRN,6813
1970730,43,34,1407,2002,3140.0,0.0,0.576746,2.7995520000000003,CHN,BRN,6813
1970731,61,34,1407,2002,813.0,0.0,2.297691,-2.183239,DEU,BRN,6813
1970732,114,34,1407,2002,20397.0,0.0,2.556057,0.497673,JPN,BRN,6813
1970733,121,34,1407,2002,6383.0,0.0,1.186816,1.075947,KOR,BRN,6813
1970734,153,34,1407,2002,21240.0,0.0,0.704957,0.243398,MYS,BRN,6813
1970735,192,34,1407,2002,10858.0,0.0,1.481857,0.648889,SGP,BRN,6813
1970736,249,34,1407,2002,10140.0,0.0,1.683858,1.333601,TWN,BRN,6813
1970737,77,50,1407,2002,6125.0,0.0,1.569367,0.9886360000000001,FRA,COM,6813
1970738,81,63,1407,2002,1169.0,0.0,1.893177,0.831382,GBR,DMA,6813
1970739,231,63,1407,2002,2610.0,0.0,1.821594,0.231296,USA,DMA,6813
1970740,14,75,1407,2002,22321.0,0.0,0.231386,0.771628,AUS,FJI,6813
1970741,81,75,1407,2002,6978.0,0.0,1.893177,0.831382,GBR,FJI,6813
1970742,104,75,1407,2002,12300.0,0.0,0.380867,2.608955,IND,FJI,6813
1970743,114,75,1407,2002,17186.0,0.0,2.556057,0.497673,JPN,FJI,6813
1970744,153,75,1407,2002,22879.0,0.0,0.704957,0.243398,MYS,FJI,6813
1970745,166,75,1407,2002,9916.0,0.0,0.542585,0.854243,NZL,FJI,6813
1970746,192,75,1407,2002,26598.0,0.0,1.481857,0.648889,SGP,FJI,6813
1970747,195,75,1407,2002,0.0,2417.0,-0.5305449999999999,-0.8186720000000001,SLB,FJI,6813
1970748,216,75,1407,2002,6451.0,0.0,0.432041,1.627953,THA,FJI,6813
1970749,231,75,1407,2002,4813.0,0.0,1.821594,0.231296,USA,FJI,6813
1970750,249,75,1407,2002,2336.0,0.0,1.683858,1.333601,TWN,FJI,6813
1970751,15,108,1407,2002,1836.0,0.0,1.8651200000000001,0.48423900000000003,AUT,IRQ,6813
1970752,28,108,1407,2002,1700.0,0.0,0.825865,1.0148979999999999,BLR,IRQ,6813
1970753,32,108,1407,2002,25832.0,0.0,0.677883,1.0227190000000002,BRA,IRQ,6813
1970754,66,108,1407,2002,23134.0,0.0,-0.912033,-1.1731850000000001,DZA,IRQ,6813
1970755,77,108,1407,2002,120847.0,0.0,1.569367,0.9886360000000001,FRA,IRQ,6813
1970756,107,108,1407,2002,19527.0,0.0,-0.5707840000000001,-0.705612,IRN,IRQ,6813
1970757,114,108,1407,2002,65530.0,0.0,2.556057,0.497673,JPN,IRQ,6813
1970758,124,108,1407,2002,3846.0,0.0,0.2729,1.254232,LBN,IRQ,6813
1970759,186,108,1407,2002,178910.0,0.0,1.109397,0.424229,RUS,IRQ,6813
1970760,223,108,1407,2002,35463.0,0.0,-0.221951,0.325506,TUN,IRQ,6813
1970761,43,118,1407,2002,3000.0,0.0,0.576746,2.7995520000000003,CHN,KHM,6813
1970762,103,118,1407,2002,3725.0,0.0,-0.10020499999999999,1.590314,IDN,KHM,6813
1970763,114,118,1407,2002,843.0,0.0,2.556057,0.497673,JPN,KHM,6813
1970764,121,118,1407,2002,2266.0,0.0,1.186816,1.075947,KOR,KHM,6813
1970765,216,118,1407,2002,2431.0,0.0,0.432041,1.627953,THA,KHM,6813
1970766,239,118,1407,2002,31026.0,0.0,-0.589665,0.799874,VNM,KHM,6813
1970767,32,136,1407,2002,81609.0,0.0,0.677883,1.0227190000000002,BRA,MDG,6813
1970768,59,136,1407,2002,874.0,0.0,1.550713,1.037066,CZE,MDG,6813
1970769,77,136,1407,2002,33941.0,0.0,1.569367,0.9886360000000001,FRA,MDG,6813
1970770,81,136,1407,2002,1001.0,0.0,1.893177,0.831382,GBR,MDG,6813
1970771,111,136,1407,2002,1611.0,0.0,1.377604,1.2470510000000001,ITA,MDG,6813
1970772,114,136,1407,2002,5308.0,0.0,2.556057,0.497673,JPN,MDG,6813
1970773,134,136,1407,2002,17857.0,0.0,-0.810467,-0.34807899999999997,MAR,MDG,6813
1970774,231,136,1407,2002,17294.0,0.0,1.821594,0.231296,USA,MDG,6813
1970775,246,136,1407,2002,1644.0,0.0,0.395943,2.392458,ZAF,MDG,6813
1970776,249,136,1407,2002,1312.0,0.0,1.683858,1.333601,TWN,MDG,6813
1970777,250,136,1407,2002,4346.0,3084.0,0.734927,-0.40114099999999997,ANS,MDG,6813
1970778,128,137,1407,2002,0.0,1320.0,-0.740927,0.023171,LKA,MDV,6813
1970779,192,137,1407,2002,5009.0,0.0,1.481857,0.648889,SGP,MDV,6813
1970780,61,148,1407,2002,821.0,0.0,2.297691,-2.183239,DEU,MRT,6813
1970781,77,148,1407,2002,3275.0,0.0,1.569367,0.9886360000000001,FRA,MRT,6813
1970782,41,151,1407,2002,2820.0,0.0,2.218095,0.620946,CHE,MUS,6813
1970783,61,151,1407,2002,40692.0,0.0,2.297691,-2.183239,DEU,MUS,6813
1970784,68,151,1407,2002,944.0,0.0,-0.377127,0.549439,EGY,MUS,6813
1970785,71,151,1407,2002,1075.0,0.0,1.012246,2.049594,ESP,MUS,6813
1970786,77,151,1407,2002,3448.0,0.0,1.569367,0.9886360000000001,FRA,MUS,6813
1970787,81,151,1407,2002,10730.0,0.0,1.893177,0.831382,GBR,MUS,6813
1970788,104,151,1407,2002,55913.0,0.0,0.380867,2.608955,IND,MUS,6813
1970789,111,151,1407,2002,14040.0,0.0,1.377604,1.2470510000000001,ITA,MUS,6813
1970790,114,151,1407,2002,12140.0,0.0,2.556057,0.497673,JPN,MUS,6813
1970791,153,151,1407,2002,63598.0,0.0,0.704957,0.243398,MYS,MUS,6813
1970792,192,151,1407,2002,15732.0,0.0,1.481857,0.648889,SGP,MUS,6813
1970793,208,151,1407,2002,2480.0,0.0,2.128614,0.7891199999999999,SWE,MUS,6813
1970794,216,151,1407,2002,5326.0,0.0,0.432041,1.627953,THA,MUS,6813
1970795,231,151,1407,2002,16464.0,0.0,1.821594,0.231296,USA,MUS,6813
1970796,246,151,1407,2002,9445.0,0.0,0.395943,2.392458,ZAF,MUS,6813
1970797,249,151,1407,2002,10302.0,0.0,1.683858,1.333601,TWN,MUS,6813
1970798,77,154,1407,2002,10557.0,0.0,1.569367,0.9886360000000001,FRA,MYT,6813
1970799,14,156,1407,2002,2727.0,0.0,0.231386,0.771628,AUS,NCL,6813
1970800,61,156,1407,2002,2621.0,0.0,2.297691,-2.183239,DEU,NCL,6813
1970801,71,156,1407,2002,4855.0,0.0,1.012246,2.049594,ESP,NCL,6813
1970802,77,156,1407,2002,46978.0,0.0,1.569367,0.9886360000000001,FRA,NCL,6813
1970803,104,156,1407,2002,326.0,0.0,0.380867,2.608955,IND,NCL,6813
1970804,114,156,1407,2002,1601.0,0.0,2.556057,0.497673,JPN,NCL,6813
1970805,208,156,1407,2002,1860.0,0.0,2.128614,0.7891199999999999,SWE,NCL,6813
1970806,231,156,1407,2002,6673.0,0.0,1.821594,0.231296,USA,NCL,6813
1970807,250,156,1407,2002,1334.0,0.0,0.734927,-0.40114099999999997,ANS,NCL,6813
1970808,77,157,1407,2002,2355.0,0.0,1.569367,0.9886360000000001,FRA,NER,6813
1970809,111,157,1407,2002,961.0,0.0,1.377604,1.2470510000000001,ITA,NER,6813
1970810,114,157,1407,2002,881.0,0.0,2.556057,0.497673,JPN,NER,6813
1970811,7,187,1407,2002,7702.0,0.0,0.044683,-0.247191,ARE,RWA,6813
1970812,18,187,1407,2002,10423.0,0.0,1.4097469999999999,1.440169,BEL,RWA,6813
1970813,61,187,1407,2002,2233.0,0.0,2.297691,-2.183239,DEU,RWA,6813
1970814,114,187,1407,2002,3152.0,0.0,2.556057,0.497673,JPN,RWA,6813
1970815,116,187,1407,2002,1317.0,0.0,-0.555812,0.169204,KEN,RWA,6813
1970816,7,196,1407,2002,857.0,0.0,0.044683,-0.247191,ARE,SLE,6813
1970817,61,196,1407,2002,28724.0,0.0,2.297691,-2.183239,DEU,SLE,6813
1970818,77,196,1407,2002,3354.0,0.0,1.569367,0.9886360000000001,FRA,SLE,6813
1970819,114,196,1407,2002,11807.0,0.0,2.556057,0.497673,JPN,SLE,6813
1970820,124,196,1407,2002,705.0,0.0,0.2729,1.254232,LBN,SLE,6813
1970821,96,209,1407,2002,0.0,1798.0,-0.9485889999999999,-0.9086489999999999,GUY,SWZ,6813
1970822,246,209,1407,2002,269913.0,192.0,0.395943,2.392458,ZAF,SWZ,6813
1970823,7,211,1407,2002,3738.0,0.0,0.044683,-0.247191,ARE,SYC,6813
1970824,81,211,1407,2002,4796.0,0.0,1.893177,0.831382,GBR,SYC,6813
1970825,114,211,1407,2002,1541.0,0.0,2.556057,0.497673,JPN,SYC,6813
1970826,116,211,1407,2002,1300.0,0.0,-0.555812,0.169204,KEN,SYC,6813
1970827,192,211,1407,2002,2132.0,0.0,1.481857,0.648889,SGP,SYC,6813
1970828,246,211,1407,2002,3074.0,0.0,0.395943,2.392458,ZAF,SYC,6813
1970829,66,217,1407,2002,0.0,48732.0,-0.912033,-1.1731850000000001,DZA,TJK,6813
1970830,186,217,1407,2002,8226.0,0.0,1.109397,0.424229,RUS,TJK,6813
1970831,14,242,1407,2002,6660.0,0.0,0.231386,0.771628,AUS,WSM,6813
1970832,114,242,1407,2002,3981.0,0.0,2.556057,0.497673,JPN,WSM,6813
1970833,166,242,1407,2002,5724.0,0.0,0.542585,0.854243,NZL,WSM,6813
1970834,231,242,1407,2002,2105.0,0.0,1.821594,0.231296,USA,WSM,6813
1970835,18,243,1407,2002,21710.0,0.0,1.4097469999999999,1.440169,BEL,YEM,6813
1970836,61,243,1407,2002,5000.0,0.0,2.297691,-2.183239,DEU,YEM,6813
1970837,81,243,1407,2002,8037.0,0.0,1.893177,0.831382,GBR,YEM,6813
1970838,104,243,1407,2002,5846.0,0.0,0.380867,2.608955,IND,YEM,6813
1970839,111,243,1407,2002,3124.0,0.0,1.377604,1.2470510000000001,ITA,YEM,6813
1970840,114,243,1407,2002,47184.0,0.0,2.556057,0.497673,JPN,YEM,6813
1970841,192,243,1407,2002,14041.0,0.0,1.481857,0.648889,SGP,YEM,6813
1970842,216,243,1407,2002,22700.0,0.0,0.432041,1.627953,THA,YEM,6813
1970843,231,243,1407,2002,32122.0,0.0,1.821594,0.231296,USA,YEM,6813
1970844,249,243,1407,2002,71560.0,0.0,1.683858,1.333601,TWN,YEM,6813
1970845,18,2,1407,2002,34219.0,0.0,1.4097469999999999,1.440169,BEL,AGO,6813
1970846,32,2,1407,2002,43278.0,0.0,0.677883,1.0227190000000002,BRA,AGO,6813
1970847,114,2,1407,2002,12428.0,0.0,2.556057,0.497673,JPN,AGO,6813
1970848,155,2,1407,2002,15240.0,1888.0,-0.314161,-0.521778,NAM,AGO,6813
1970849,179,2,1407,2002,38952.0,0.0,0.484407,1.6500080000000001,PRT,AGO,6813
1970850,186,2,1407,2002,4930.0,0.0,1.109397,0.424229,RUS,AGO,6813
1970851,246,2,1407,2002,62130.0,0.0,0.395943,2.392458,ZAF,AGO,6813
1970852,18,46,1407,2002,1111.0,0.0,1.4097469999999999,1.440169,BEL,COD,6813
1970853,32,46,1407,2002,31683.0,0.0,0.677883,1.0227190000000002,BRA,COD,6813
1970854,61,46,1407,2002,1000.0,0.0,2.297691,-2.183239,DEU,COD,6813
1970855,77,46,1407,2002,14173.0,0.0,1.569367,0.9886360000000001,FRA,COD,6813
1970856,114,46,1407,2002,3447.0,0.0,2.556057,0.497673,JPN,COD,6813
1970857,246,46,1407,2002,2214.0,0.0,0.395943,2.392458,ZAF,COD,6813
1970858,18,47,1407,2002,2119.0,0.0,1.4097469999999999,1.440169,BEL,COG,6813
1970859,61,47,1407,2002,19000.0,0.0,2.297691,-2.183239,DEU,COG,6813
1970860,64,78,1407,2002,2983.0,0.0,1.26594,1.225186,DNK,FRO,6813
1970861,81,78,1407,2002,5302.0,0.0,1.893177,0.831382,GBR,FRO,6813
1970862,208,78,1407,2002,2867.0,0.0,2.128614,0.7891199999999999,SWE,FRO,6813
1970863,71,89,1407,2002,1420.0,0.0,1.012246,2.049594,ESP,GNQ,6813
1970864,114,101,1407,2002,78589.0,0.0,2.556057,0.497673,JPN,HTI,6813
1970865,192,101,1407,2002,49929.0,0.0,1.481857,0.648889,SGP,HTI,6813
1970866,49,125,1407,2002,23108.0,0.0,0.345094,0.37787800000000005,COL,LBR,6813
1970867,61,125,1407,2002,47000.0,0.0,2.297691,-2.183239,DEU,LBR,6813
1970868,114,125,1407,2002,30286.0,0.0,2.556057,0.497673,JPN,LBR,6813
1970869,132,125,1407,2002,1641.0,0.0,0.45210200000000006,0.515388,LVA,LBR,6813
1970870,81,127,1407,2002,9434.0,0.0,1.893177,0.831382,GBR,LCA,6813
1970871,114,127,1407,2002,1585.0,0.0,2.556057,0.497673,JPN,LCA,6813
1970872,121,127,1407,2002,877.0,0.0,1.186816,1.075947,KOR,LCA,6813
1970873,231,127,1407,2002,4226.0,0.0,1.821594,0.231296,USA,LCA,6813
1970874,61,182,1407,2002,12764.0,0.0,2.297691,-2.183239,DEU,PYF,6813
1970875,77,182,1407,2002,18248.0,0.0,1.569367,0.9886360000000001,FRA,PYF,6813
1970876,231,182,1407,2002,15970.0,0.0,1.821594,0.231296,USA,PYF,6813
1970877,82,232,1407,2002,3188.0,0.0,0.662382,-0.124825,GEO,UZB,6813
1970878,121,232,1407,2002,44724.0,0.0,1.186816,1.075947,KOR,UZB,6813
1970879,186,232,1407,2002,386766.0,0.0,1.109397,0.424229,RUS,UZB,6813
1970880,8,250,1407,2002,0.0,19323.0,0.284536,0.517425,ARG,ANS,6813
1970881,44,250,1407,2002,0.0,1165.0,-0.816327,-0.711765,CIV,ANS,6813
1970882,45,250,1407,2002,0.0,6160.0,-1.114477,-1.0516510000000001,CMR,ANS,6813
1970883,49,250,1407,2002,0.0,18446.0,0.345094,0.37787800000000005,COL,ANS,6813
1970884,61,250,1407,2002,68972.0,0.0,2.297691,-2.183239,DEU,ANS,6813
1970885,65,250,1407,2002,0.0,2157.0,-0.46284899999999995,-0.39210100000000003,DOM,ANS,6813
1970886,72,250,1407,2002,0.0,261783.0,0.54511,0.9135979999999999,EST,ANS,6813
1970887,77,250,1407,2002,0.0,1247340.0,1.569367,0.9886360000000001,FRA,ANS,6813
1970888,96,250,1407,2002,0.0,5071.0,-0.9485889999999999,-0.9086489999999999,GUY,ANS,6813
1970889,104,250,1407,2002,0.0,51443.0,0.380867,2.608955,IND,ANS,6813
1970890,114,250,1407,2002,29886.0,227161.0,2.556057,0.497673,JPN,ANS,6813
1970891,116,250,1407,2002,2479.0,0.0,-0.555812,0.169204,KEN,ANS,6813
1970892,136,250,1407,2002,3084.0,4346.0,-1.120167,-0.43338699999999997,MDG,ANS,6813
1970893,138,250,1407,2002,696082.0,4249.0,0.942061,0.6311260000000001,MEX,ANS,6813
1970894,153,250,1407,2002,0.0,126783.0,0.704957,0.243398,MYS,ANS,6813
1970895,156,250,1407,2002,0.0,1334.0,-0.292646,-0.823263,NCL,ANS,6813
1970896,169,250,1407,2002,0.0,55086.0,0.134759,0.234258,PAN,ANS,6813
1970897,186,250,1407,2002,8624.0,0.0,1.109397,0.424229,RUS,ANS,6813
1970898,189,250,1407,2002,0.0,2727.0,0.55781,2.135925,SCG,ANS,6813
1970899,224,250,1407,2002,2384686.0,40610.0,0.11263699999999999,1.83925,TUR,ANS,6813
1970900,246,250,1407,2002,0.0,26261.0,0.395943,2.392458,ZAF,ANS,6813
1970901,81,84,1407,2002,1500.0,0.0,1.893177,0.831382,GBR,GIB,6813
1970902,61,219,1407,2002,3000.0,0.0,2.297691,-2.183239,DEU,TKM,6813
1970903,186,219,1407,2002,38277.0,0.0,1.109397,0.424229,RUS,TKM,6813
1970904,224,219,1407,2002,2041.0,0.0,0.11263699999999999,1.83925,TUR,TKM,6813
1970905,32,237,1407,2002,1357.0,0.0,0.677883,1.0227190000000002,BRA,VGB,6813
1970906,231,237,1407,2002,3686.0,0.0,1.821594,0.231296,USA,VGB,6813
1970907,61,30,1407,2002,5000.0,0.0,2.297691,-2.183239,DEU,BMU,6813
1970908,77,38,1407,2002,2392.0,0.0,1.569367,0.9886360000000001,FRA,CAF,6813
1970909,114,38,1407,2002,44127.0,0.0,2.556057,0.497673,JPN,CAF,6813
1970910,166,48,1407,2002,1612.0,0.0,0.542585,0.854243,NZL,COK,6813
1970911,61,62,1407,2002,1000.0,0.0,2.297691,-2.183239,DEU,DJI,6813
1970912,73,62,1407,2002,0.0,9053.0,-1.096371,-0.9566709999999999,ETH,DJI,6813
1970913,104,62,1407,2002,21467.0,0.0,0.380867,2.608955,IND,DJI,6813
1970914,114,62,1407,2002,4095.0,0.0,2.556057,0.497673,JPN,DJI,6813
1970915,162,62,1407,2002,1892.0,0.0,1.206176,1.7136360000000002,NLD,DJI,6813
1970916,114,69,1407,2002,8005.0,0.0,2.556057,0.497673,JPN,ERI,6813
1970917,114,95,1407,2002,2807.0,0.0,2.556057,0.497673,JPN,GUM,6813
1970918,114,123,1407,2002,7805.0,0.0,2.556057,0.497673,JPN,LAO,6813
1970919,216,123,1407,2002,4418.0,0.0,0.432041,1.627953,THA,LAO,6813
1970920,114,139,1407,2002,10149.0,0.0,2.556057,0.497673,JPN,MHL,6813
1970921,114,145,1407,2002,6958.0,0.0,2.556057,0.497673,JPN,MNG,6813
1970922,186,145,1407,2002,23420.0,0.0,1.109397,0.424229,RUS,MNG,6813
1970923,114,146,1407,2002,7757.0,0.0,2.556057,0.497673,JPN,MNP,6813
1970924,97,164,1407,2002,9871.0,0.0,0.5701109999999999,1.989357,HKG,NPL,6813
1970925,104,164,1407,2002,19961.0,0.0,0.380867,2.608955,IND,NPL,6813
1970926,177,181,1407,2002,0.0,116372.0,0.931642,1.721727,POL,PSE,6813
1970927,75,195,1407,2002,2417.0,0.0,-0.588136,-0.242883,FJI,SLB,6813
1970928,61,214,1407,2002,9000.0,0.0,2.297691,-2.183239,DEU,TCD,6813
1970929,208,225,1407,2002,503819.0,20789.0,2.128614,0.7891199999999999,SWE,TUV,6813
1970930,121,240,1407,2002,1568.0,0.0,1.186816,1.075947,KOR,VUT,6813
1970931,231,92,1407,2002,12043.0,0.0,1.821594,0.231296,USA,GRL,6813
1970932,231,213,1407,2002,752.0,0.0,1.821594,0.231296,USA,TCA,6813
1970933,191,88,1407,2002,1192.0,0.0,-0.43679700000000005,-0.484176,SEN,GNB,6813
1970934,32,6,1414,2002,31177.0,0.0,0.677883,1.0227190000000002,BRA,ANT,6905
1970935,71,6,1414,2002,276447.0,0.0,1.012246,2.049594,ESP,ANT,6905
1970936,162,6,1414,2002,69051.0,0.0,1.206176,1.7136360000000002,NLD,ANT,6905
1970937,179,6,1414,2002,6160.0,0.0,0.484407,1.6500080000000001,PRT,ANT,6905
1970938,231,6,1414,2002,20698.0,0.0,1.821594,0.231296,USA,ANT,6905
1970939,236,6,1414,2002,5844.0,1168.0,0.211536,-0.715675,VEN,ANT,6905
1970940,90,13,1414,2002,5088.0,0.0,0.31858000000000003,1.47417,GRC,ATG,6905
1970941,231,13,1414,2002,57817.0,0.0,1.821594,0.231296,USA,ATG,6905
1970942,18,15,1414,2002,14182.0,0.0,1.4097469999999999,1.440169,BEL,AUT,6905
1970943,26,15,1414,2002,1110.0,2896759.0,0.26339,0.30287,BIH,AUT,6905
1970944,41,15,1414,2002,1240866.0,37253.0,2.218095,0.620946,CHE,AUT,6905
1970945,43,15,1414,2002,3036.0,0.0,0.576746,2.7995520000000003,CHN,AUT,6905
1970946,59,15,1414,2002,1119761.0,210386.0,1.550713,1.037066,CZE,AUT,6905
1970947,61,15,1414,2002,20367512.0,269597.0,2.297691,-2.183239,DEU,AUT,6905
1970948,64,15,1414,2002,3506.0,29023.0,1.26594,1.225186,DNK,AUT,6905
1970949,71,15,1414,2002,4284.0,0.0,1.012246,2.049594,ESP,AUT,6905
1970950,77,15,1414,2002,1053488.0,105044.0,1.569367,0.9886360000000001,FRA,AUT,6905
1970951,100,15,1414,2002,6969.0,3360988.0,0.591276,1.030723,HRV,AUT,6905
1970952,102,15,1414,2002,19695.0,2425896.0,1.179684,1.0574860000000001,HUN,AUT,6905
1970953,111,15,1414,2002,83510.0,125830.0,1.377604,1.2470510000000001,ITA,AUT,6905
1970954,162,15,1414,2002,12858.0,96438.0,1.206176,1.7136360000000002,NLD,AUT,6905
1970955,163,15,1414,2002,8009.0,0.0,1.110882,0.17164100000000002,NOR,AUT,6905
1970956,177,15,1414,2002,63000.0,0.0,0.931642,1.721727,POL,AUT,6905
1970957,185,15,1414,2002,1115.0,8824.0,0.29888200000000004,0.980376,ROU,AUT,6905
1970958,186,15,1414,2002,0.0,10254.0,1.109397,0.424229,RUS,AUT,6905
1970959,188,15,1414,2002,0.0,11138.0,0.082107,-0.843317,SAU,AUT,6905
1970960,206,15,1414,2002,17916.0,547938.0,1.1907379999999999,1.050649,SVK,AUT,6905
1970961,207,15,1414,2002,254693.0,2928350.0,1.5643770000000001,1.043862,SVN,AUT,6905
1970962,224,15,1414,2002,8643.0,0.0,0.11263699999999999,1.83925,TUR,AUT,6905
1970963,228,15,1414,2002,0.0,1262.0,0.835485,0.872135,UKR,AUT,6905
1970964,231,15,1414,2002,0.0,1133.0,1.821594,0.231296,USA,AUT,6905
1970965,15,18,1414,2002,0.0,14182.0,1.8651200000000001,0.48423900000000003,AUT,BEL,6905
1970966,39,18,1414,2002,0.0,2301.0,0.9963280000000001,1.1922110000000001,CAN,BEL,6905
1970967,41,18,1414,2002,0.0,185894.0,2.218095,0.620946,CHE,BEL,6905
1970968,43,18,1414,2002,20369.0,0.0,0.576746,2.7995520000000003,CHN,BEL,6905
1970969,44,18,1414,2002,0.0,947.0,-0.816327,-0.711765,CIV,BEL,6905
1970970,59,18,1414,2002,13950.0,12903.0,1.550713,1.037066,CZE,BEL,6905
1970971,61,18,1414,2002,5628495.0,920714.0,2.297691,-2.183239,DEU,BEL,6905
1970972,64,18,1414,2002,10065.0,0.0,1.26594,1.225186,DNK,BEL,6905
1970973,66,18,1414,2002,0.0,10698.0,-0.912033,-1.1731850000000001,DZA,BEL,6905
1970974,71,18,1414,2002,10619.0,0.0,1.012246,2.049594,ESP,BEL,6905
1970975,77,18,1414,2002,18373305.0,7154617.0,1.569367,0.9886360000000001,FRA,BEL,6905
1970976,81,18,1414,2002,782066.0,2117867.0,1.893177,0.831382,GBR,BEL,6905
1970977,83,18,1414,2002,0.0,11675.0,-1.333425,-1.0709879999999998,GHA,BEL,6905
1970978,85,18,1414,2002,0.0,1047.0,-1.85329,-1.243105,GIN,BEL,6905
1970979,90,18,1414,2002,0.0,8121.0,0.31858000000000003,1.47417,GRC,BEL,6905
1970980,110,18,1414,2002,0.0,9006.0,1.334174,0.654331,ISR,BEL,6905
1970981,111,18,1414,2002,5641.0,0.0,1.377604,1.2470510000000001,ITA,BEL,6905
1970982,118,18,1414,2002,8562.0,0.0,-1.231783,-1.1518700000000002,KHM,BEL,6905
1970983,131,18,1414,2002,40530.0,837384.0,1.605378,1.152973,LUX,BEL,6905
1970984,136,18,1414,2002,3249.0,0.0,-1.120167,-0.43338699999999997,MDG,BEL,6905
1970985,148,18,1414,2002,0.0,8568.0,-1.27671,-1.218472,MRT,BEL,6905
1970986,153,18,1414,2002,5372.0,0.0,0.704957,0.243398,MYS,BEL,6905
1970987,162,18,1414,2002,8248545.0,4794948.0,1.206176,1.7136360000000002,NLD,BEL,6905
1970988,163,18,1414,2002,0.0,503394.0,1.110882,0.17164100000000002,NOR,BEL,6905
1970989,177,18,1414,2002,4352.0,125334.0,0.931642,1.721727,POL,BEL,6905
1970990,189,18,1414,2002,6428.0,0.0,0.55781,2.135925,SCG,BEL,6905
1970991,192,18,1414,2002,0.0,18476.0,1.481857,0.648889,SGP,BEL,6905
1970992,206,18,1414,2002,0.0,997.0,1.1907379999999999,1.050649,SVK,BEL,6905
1970993,208,18,1414,2002,0.0,4969.0,2.128614,0.7891199999999999,SWE,BEL,6905
1970994,216,18,1414,2002,5072.0,0.0,0.432041,1.627953,THA,BEL,6905
1970995,224,18,1414,2002,0.0,1584.0,0.11263699999999999,1.83925,TUR,BEL,6905
1970996,226,18,1414,2002,0.0,12196.0,-1.189463,-0.48640600000000006,TZA,BEL,6905
1970997,49,25,1414,2002,1922.0,0.0,0.345094,0.37787800000000005,COL,BHS,6905
1970998,71,25,1414,2002,1697.0,0.0,1.012246,2.049594,ESP,BHS,6905
1970999,231,25,1414,2002,342057.0,0.0,1.821594,0.231296,USA,BHS,6905
1971000,0,32,1414,2002,0.0,10714.0,0.017075999999999997,-0.844024,ABW,BRA,6905
1971001,2,32,1414,2002,0.0,143277.0,-2.018135,-1.222751,AGO,BRA,6905
1971002,6,32,1414,2002,0.0,31177.0,0.346519,-0.631549,ANT,BRA,6905
1971003,7,32,1414,2002,0.0,3869.0,0.044683,-0.247191,ARE,BRA,6905
1971004,8,32,1414,2002,0.0,2062.0,0.284536,0.517425,ARG,BRA,6905
1971005,31,32,1414,2002,0.0,2131.0,-0.885342,-0.819517,BOL,BRA,6905
1971006,42,32,1414,2002,0.0,3414.0,-0.035264,-0.101796,CHL,BRA,6905
1971007,44,32,1414,2002,0.0,4950.0,-0.816327,-0.711765,CIV,BRA,6905
1971008,51,32,1414,2002,0.0,14636.0,-0.29720100000000005,-0.703051,CPV,BRA,6905
1971009,52,32,1414,2002,0.0,7404.0,0.03619,-0.187718,CRI,BRA,6905
1971010,54,32,1414,2002,0.0,2304.0,-0.479213,-0.951203,CUB,BRA,6905
1971011,61,32,1414,2002,0.0,6116.0,2.297691,-2.183239,DEU,BRA,6905
1971012,65,32,1414,2002,0.0,1324.0,-0.46284899999999995,-0.39210100000000003,DOM,BRA,6905
1971013,71,32,1414,2002,189489.0,0.0,1.012246,2.049594,ESP,BRA,6905
1971014,77,32,1414,2002,0.0,4289.0,1.569367,0.9886360000000001,FRA,BRA,6905
1971015,99,32,1414,2002,0.0,7347.0,-0.877043,-0.658185,HND,BRA,6905
1971016,111,32,1414,2002,12365.0,0.0,1.377604,1.2470510000000001,ITA,BRA,6905
1971017,112,32,1414,2002,0.0,3804.0,-0.604813,-0.9309860000000001,JAM,BRA,6905
1971018,138,32,1414,2002,0.0,71352.0,0.942061,0.6311260000000001,MEX,BRA,6905
1971019,147,32,1414,2002,0.0,6600.0,-0.947259,-1.047883,MOZ,BRA,6905
1971020,169,32,1414,2002,0.0,18453.0,0.134759,0.234258,PAN,BRA,6905
1971021,173,32,1414,2002,0.0,12321.0,-0.6126199999999999,0.085944,PER,BRA,6905
1971022,179,32,1414,2002,2149.0,0.0,0.484407,1.6500080000000001,PRT,BRA,6905
1971023,180,32,1414,2002,0.0,24133.0,-0.614282,-0.963832,PRY,BRA,6905
1971024,208,32,1414,2002,0.0,7156.0,2.128614,0.7891199999999999,SWE,BRA,6905
1971025,230,32,1414,2002,0.0,301482.0,0.300502,0.16817000000000001,URY,BRA,6905
1971026,231,32,1414,2002,5157.0,53364.0,1.821594,0.231296,USA,BRA,6905
1971027,234,32,1414,2002,0.0,2069.0,-0.340281,-0.661246,VCT,BRA,6905
1971028,246,32,1414,2002,0.0,1206.0,0.395943,2.392458,ZAF,BRA,6905
1971029,249,32,1414,2002,960.0,0.0,1.683858,1.333601,TWN,BRA,6905
1971030,77,33,1414,2002,1634.0,0.0,1.569367,0.9886360000000001,FRA,BRB,6905
1971031,81,33,1414,2002,1626.0,0.0,1.893177,0.831382,GBR,BRB,6905
1971032,127,33,1414,2002,0.0,3232.0,0.14441700000000002,-0.38146599999999997,LCA,BRB,6905
1971033,222,33,1414,2002,0.0,2747.0,0.074907,-0.8203879999999999,TTO,BRB,6905
1971034,231,33,1414,2002,97140.0,0.0,1.821594,0.231296,USA,BRB,6905
1971035,236,33,1414,2002,578.0,0.0,0.211536,-0.715675,VEN,BRB,6905
1971036,18,39,1414,2002,2301.0,0.0,1.4097469999999999,1.440169,BEL,CAN,6905
1971037,42,39,1414,2002,1372.0,0.0,-0.035264,-0.101796,CHL,CAN,6905
1971038,43,39,1414,2002,31230.0,0.0,0.576746,2.7995520000000003,CHN,CAN,6905
1971039,61,39,1414,2002,16948.0,3111.0,2.297691,-2.183239,DEU,CAN,6905
1971040,64,39,1414,2002,4473.0,0.0,1.26594,1.225186,DNK,CAN,6905
1971041,71,39,1414,2002,4279.0,0.0,1.012246,2.049594,ESP,CAN,6905
1971042,77,39,1414,2002,370775.0,31163.0,1.569367,0.9886360000000001,FRA,CAN,6905
1971043,81,39,1414,2002,0.0,13583.0,1.893177,0.831382,GBR,CAN,6905
1971044,97,39,1414,2002,5412.0,0.0,0.5701109999999999,1.989357,HKG,CAN,6905
1971045,100,39,1414,2002,0.0,11428.0,0.591276,1.030723,HRV,CAN,6905
1971046,103,39,1414,2002,2869.0,0.0,-0.10020499999999999,1.590314,IDN,CAN,6905
1971047,111,39,1414,2002,9131.0,0.0,1.377604,1.2470510000000001,ITA,CAN,6905
1971048,112,39,1414,2002,0.0,3597.0,-0.604813,-0.9309860000000001,JAM,CAN,6905
1971049,114,39,1414,2002,6671.0,27182.0,2.556057,0.497673,JPN,CAN,6905
1971050,121,39,1414,2002,0.0,29023.0,1.186816,1.075947,KOR,CAN,6905
1971051,153,39,1414,2002,17054.0,0.0,0.704957,0.243398,MYS,CAN,6905
1971052,162,39,1414,2002,1715.0,46534.0,1.206176,1.7136360000000002,NLD,CAN,6905
1971053,174,39,1414,2002,1408.0,1186.0,0.055439999999999996,-0.179809,PHL,CAN,6905
1971054,186,39,1414,2002,0.0,1418.0,1.109397,0.424229,RUS,CAN,6905
1971055,231,39,1414,2002,1218463.0,353413.0,1.821594,0.231296,USA,CAN,6905
1971056,236,39,1414,2002,1315.0,0.0,0.211536,-0.715675,VEN,CAN,6905
1971057,246,39,1414,2002,7323.0,0.0,0.395943,2.392458,ZAF,CAN,6905
1971058,249,39,1414,2002,7926.0,0.0,1.683858,1.333601,TWN,CAN,6905
1971059,15,41,1414,2002,37253.0,1240866.0,1.8651200000000001,0.48423900000000003,AUT,CHE,6905
1971060,18,41,1414,2002,185894.0,0.0,1.4097469999999999,1.440169,BEL,CHE,6905
1971061,59,41,1414,2002,18042.0,0.0,1.550713,1.037066,CZE,CHE,6905
1971062,61,41,1414,2002,4018851.0,417354.0,2.297691,-2.183239,DEU,CHE,6905
1971063,71,41,1414,2002,6713.0,4647.0,1.012246,2.049594,ESP,CHE,6905
1971064,77,41,1414,2002,1473409.0,670280.0,1.569367,0.9886360000000001,FRA,CHE,6905
1971065,81,41,1414,2002,9797.0,0.0,1.893177,0.831382,GBR,CHE,6905
1971066,102,41,1414,2002,875.0,0.0,1.179684,1.0574860000000001,HUN,CHE,6905
1971067,111,41,1414,2002,355416.0,15027.0,1.377604,1.2470510000000001,ITA,CHE,6905
1971068,140,41,1414,2002,0.0,1102.0,-0.030274000000000002,0.359317,MKD,CHE,6905
1971069,162,41,1414,2002,13679.0,0.0,1.206176,1.7136360000000002,NLD,CHE,6905
1971070,179,41,1414,2002,0.0,2618.0,0.484407,1.6500080000000001,PRT,CHE,6905
1971071,185,41,1414,2002,0.0,1770.0,0.29888200000000004,0.980376,ROU,CHE,6905
1971072,189,41,1414,2002,0.0,6973.0,0.55781,2.135925,SCG,CHE,6905
1971073,216,41,1414,2002,0.0,1821.0,0.432041,1.627953,THA,CHE,6905
1971074,231,41,1414,2002,0.0,1006.0,1.821594,0.231296,USA,CHE,6905
1971075,32,42,1414,2002,3414.0,0.0,0.677883,1.0227190000000002,BRA,CHL,6905
1971076,39,42,1414,2002,0.0,1372.0,0.9963280000000001,1.1922110000000001,CAN,CHL,6905
1971077,43,42,1414,2002,16510.0,0.0,0.576746,2.7995520000000003,CHN,CHL,6905
1971078,114,42,1414,2002,7802.0,0.0,2.556057,0.497673,JPN,CHL,6905
1971079,231,42,1414,2002,17876.0,20191.0,1.821594,0.231296,USA,CHL,6905
1971080,14,43,1414,2002,8430.0,0.0,0.231386,0.771628,AUS,CHN,6905
1971081,15,43,1414,2002,0.0,3036.0,1.8651200000000001,0.48423900000000003,AUT,CHN,6905
1971082,18,43,1414,2002,0.0,20369.0,1.4097469999999999,1.440169,BEL,CHN,6905
1971083,34,43,1414,2002,0.0,2338.0,-1.7894169999999998,-1.034672,BRN,CHN,6905
1971084,39,43,1414,2002,0.0,31230.0,0.9963280000000001,1.1922110000000001,CAN,CHN,6905
1971085,42,43,1414,2002,0.0,16510.0,-0.035264,-0.101796,CHL,CHN,6905
1971086,45,43,1414,2002,0.0,2082.0,-1.114477,-1.0516510000000001,CMR,CHN,6905
1971087,61,43,1414,2002,36694.0,75341.0,2.297691,-2.183239,DEU,CHN,6905
1971088,66,43,1414,2002,0.0,2860.0,-0.912033,-1.1731850000000001,DZA,CHN,6905
1971089,71,43,1414,2002,2706.0,5340.0,1.012246,2.049594,ESP,CHN,6905
1971090,73,43,1414,2002,0.0,1607.0,-1.096371,-0.9566709999999999,ETH,CHN,6905
1971091,77,43,1414,2002,26685.0,14001.0,1.569367,0.9886360000000001,FRA,CHN,6905
1971092,81,43,1414,2002,0.0,268243.0,1.893177,0.831382,GBR,CHN,6905
1971093,97,43,1414,2002,3664.0,422828.0,0.5701109999999999,1.989357,HKG,CHN,6905
1971094,103,43,1414,2002,0.0,36568.0,-0.10020499999999999,1.590314,IDN,CHN,6905
1971095,104,43,1414,2002,2481.0,397724.0,0.380867,2.608955,IND,CHN,6905
1971096,111,43,1414,2002,88375.0,28983.0,1.377604,1.2470510000000001,ITA,CHN,6905
1971097,114,43,1414,2002,9716.0,37972.0,2.556057,0.497673,JPN,CHN,6905
1971098,116,43,1414,2002,0.0,1072.0,-0.555812,0.169204,KEN,CHN,6905
1971099,118,43,1414,2002,0.0,2921.0,-1.231783,-1.1518700000000002,KHM,CHN,6905
1971100,121,43,1414,2002,40484.0,33488.0,1.186816,1.075947,KOR,CHN,6905
1971101,122,43,1414,2002,0.0,9707.0,-0.6629550000000001,-1.157214,KWT,CHN,6905
1971102,133,43,1414,2002,0.0,12066.0,-0.360172,-0.359367,MAC,CHN,6905
1971103,136,43,1414,2002,0.0,1747.0,-1.120167,-0.43338699999999997,MDG,CHN,6905
1971104,143,43,1414,2002,0.0,21874.0,-1.571568,-1.131512,MMR,CHN,6905
1971105,145,43,1414,2002,0.0,1627.0,-0.895827,-0.9913799999999999,MNG,CHN,6905
1971106,147,43,1414,2002,0.0,5532.0,-0.947259,-1.047883,MOZ,CHN,6905
1971107,151,43,1414,2002,0.0,5452.0,-0.37937600000000005,-0.388848,MUS,CHN,6905
1971108,153,43,1414,2002,0.0,141665.0,0.704957,0.243398,MYS,CHN,6905
1971109,162,43,1414,2002,0.0,2578.0,1.206176,1.7136360000000002,NLD,CHN,6905
1971110,163,43,1414,2002,0.0,4183.0,1.110882,0.17164100000000002,NOR,CHN,6905
1971111,166,43,1414,2002,0.0,11780.0,0.542585,0.854243,NZL,CHN,6905
1971112,173,43,1414,2002,0.0,6038.0,-0.6126199999999999,0.085944,PER,CHN,6905
1971113,174,43,1414,2002,0.0,87469.0,0.055439999999999996,-0.179809,PHL,CHN,6905
1971114,178,43,1414,2002,0.0,4801.0,0.43756999999999996,0.744264,PRK,CHN,6905
1971115,183,43,1414,2002,0.0,592.0,-0.306052,-1.098296,QAT,CHN,6905
1971116,186,43,1414,2002,0.0,39865.0,1.109397,0.424229,RUS,CHN,6905
1971117,190,43,1414,2002,0.0,4248.0,-1.499925,-1.228374,SDN,CHN,6905
1971118,192,43,1414,2002,10075.0,219974.0,1.481857,0.648889,SGP,CHN,6905
1971119,216,43,1414,2002,1800.0,36676.0,0.432041,1.627953,THA,CHN,6905
1971120,226,43,1414,2002,0.0,7526.0,-1.189463,-0.48640600000000006,TZA,CHN,6905
1971121,231,43,1414,2002,30077.0,132666.0,1.821594,0.231296,USA,CHN,6905
1971122,239,43,1414,2002,0.0,21152.0,-0.589665,0.799874,VNM,CHN,6905
1971123,241,43,1414,2002,0.0,1496.0,0.5689420000000001,-0.737647,WLF,CHN,6905
1971124,249,43,1414,2002,0.0,90243.0,1.683858,1.333601,TWN,CHN,6905
1971125,0,49,1414,2002,0.0,6697.0,0.017075999999999997,-0.844024,ABW,COL,6905
1971126,25,49,1414,2002,0.0,1922.0,0.641626,-0.37892800000000004,BHS,COL,6905
1971127,52,49,1414,2002,0.0,108148.0,0.03619,-0.187718,CRI,COL,6905
1971128,65,49,1414,2002,0.0,263480.0,-0.46284899999999995,-0.39210100000000003,DOM,COL,6905
1971129,67,49,1414,2002,0.0,20109.0,-0.976218,-0.926393,ECU,COL,6905
1971130,71,49,1414,2002,2317.0,0.0,1.012246,2.049594,ESP,COL,6905
1971131,81,49,1414,2002,15688.0,0.0,1.893177,0.831382,GBR,COL,6905
1971132,99,49,1414,2002,0.0,1764.0,-0.877043,-0.658185,HND,COL,6905
1971133,101,49,1414,2002,0.0,33068.0,-1.220251,-0.8176859999999999,HTI,COL,6905
1971134,112,49,1414,2002,0.0,32657.0,-0.604813,-0.9309860000000001,JAM,COL,6905
1971135,114,49,1414,2002,1208.0,0.0,2.556057,0.497673,JPN,COL,6905
1971136,138,49,1414,2002,974.0,0.0,0.942061,0.6311260000000001,MEX,COL,6905
1971137,162,49,1414,2002,0.0,1748.0,1.206176,1.7136360000000002,NLD,COL,6905
1971138,169,49,1414,2002,0.0,209972.0,0.134759,0.234258,PAN,COL,6905
1971139,173,49,1414,2002,0.0,14601.0,-0.6126199999999999,0.085944,PER,COL,6905
1971140,231,49,1414,2002,3788.0,4395048.0,1.821594,0.231296,USA,COL,6905
1971141,236,49,1414,2002,0.0,45118.0,0.211536,-0.715675,VEN,COL,6905
1971142,32,52,1414,2002,7404.0,0.0,0.677883,1.0227190000000002,BRA,CRI,6905
1971143,49,52,1414,2002,108148.0,0.0,0.345094,0.37787800000000005,COL,CRI,6905
1971144,71,52,1414,2002,16190.0,0.0,1.012246,2.049594,ESP,CRI,6905
1971145,99,52,1414,2002,28428.0,0.0,-0.877043,-0.658185,HND,CRI,6905
1971146,160,52,1414,2002,241580.0,0.0,-0.677398,-0.564472,NIC,CRI,6905
1971147,197,52,1414,2002,46064.0,0.0,-0.280138,-0.099225,SLV,CRI,6905
1971148,231,52,1414,2002,33839.0,0.0,1.821594,0.231296,USA,CRI,6905
1971149,32,54,1414,2002,2304.0,0.0,0.677883,1.0227190000000002,BRA,CUB,6905
1971150,71,54,1414,2002,137061.0,0.0,1.012246,2.049594,ESP,CUB,6905
1971151,111,54,1414,2002,9939.0,0.0,1.377604,1.2470510000000001,ITA,CUB,6905
1971152,169,54,1414,2002,0.0,2372.0,0.134759,0.234258,PAN,CUB,6905
1971153,236,54,1414,2002,2092.0,0.0,0.211536,-0.715675,VEN,CUB,6905
1971154,14,61,1414,2002,0.0,12190.0,0.231386,0.771628,AUS,DEU,6905
1971155,15,61,1414,2002,269597.0,20367512.0,1.8651200000000001,0.48423900000000003,AUT,DEU,6905
1971156,18,61,1414,2002,920714.0,5628495.0,1.4097469999999999,1.440169,BEL,DEU,6905
1971157,26,61,1414,2002,0.0,103000.0,0.26339,0.30287,BIH,DEU,6905
1971158,28,61,1414,2002,0.0,948.0,0.825865,1.0148979999999999,BLR,DEU,6905
1971159,32,61,1414,2002,6116.0,0.0,0.677883,1.0227190000000002,BRA,DEU,6905
1971160,39,61,1414,2002,3111.0,16948.0,0.9963280000000001,1.1922110000000001,CAN,DEU,6905
1971161,41,61,1414,2002,417354.0,4018851.0,2.218095,0.620946,CHE,DEU,6905
1971162,43,61,1414,2002,75341.0,36694.0,0.576746,2.7995520000000003,CHN,DEU,6905
1971163,45,61,1414,2002,0.0,3607.0,-1.114477,-1.0516510000000001,CMR,DEU,6905
1971164,46,61,1414,2002,0.0,5000.0,-1.2657370000000001,-1.108659,COD,DEU,6905
1971165,51,61,1414,2002,0.0,1562.0,-0.29720100000000005,-0.703051,CPV,DEU,6905
1971166,59,61,1414,2002,5645294.0,1052778.0,1.550713,1.037066,CZE,DEU,6905
1971167,64,61,1414,2002,357758.0,14618881.0,1.26594,1.225186,DNK,DEU,6905
1971168,65,61,1414,2002,0.0,36405.0,-0.46284899999999995,-0.39210100000000003,DOM,DEU,6905
1971169,66,61,1414,2002,0.0,2675.0,-0.912033,-1.1731850000000001,DZA,DEU,6905
1971170,68,61,1414,2002,0.0,4660.0,-0.377127,0.549439,EGY,DEU,6905
1971171,71,61,1414,2002,121322.0,18764.0,1.012246,2.049594,ESP,DEU,6905
1971172,72,61,1414,2002,0.0,30043.0,0.54511,0.9135979999999999,EST,DEU,6905
1971173,74,61,1414,2002,0.0,116249.0,2.0234240000000003,0.979141,FIN,DEU,6905
1971174,77,61,1414,2002,5232437.0,1779371.0,1.569367,0.9886360000000001,FRA,DEU,6905
1971175,81,61,1414,2002,2126.0,825221.0,1.893177,0.831382,GBR,DEU,6905
1971176,83,61,1414,2002,0.0,907.0,-1.333425,-1.0709879999999998,GHA,DEU,6905
1971177,90,61,1414,2002,0.0,15419.0,0.31858000000000003,1.47417,GRC,DEU,6905
1971178,97,61,1414,2002,0.0,95134.0,0.5701109999999999,1.989357,HKG,DEU,6905
1971179,100,61,1414,2002,28090.0,692518.0,0.591276,1.030723,HRV,DEU,6905
1971180,102,61,1414,2002,8301.0,1696028.0,1.179684,1.0574860000000001,HUN,DEU,6905
1971181,103,61,1414,2002,0.0,16723.0,-0.10020499999999999,1.590314,IDN,DEU,6905
1971182,104,61,1414,2002,0.0,2924.0,0.380867,2.608955,IND,DEU,6905
1971183,106,61,1414,2002,0.0,177461.0,1.7232880000000002,0.091172,IRL,DEU,6905
1971184,107,61,1414,2002,0.0,4003.0,-0.5707840000000001,-0.705612,IRN,DEU,6905
1971185,109,61,1414,2002,0.0,13780.0,0.23601999999999998,-0.34781,ISL,DEU,6905
1971186,110,61,1414,2002,0.0,12887.0,1.334174,0.654331,ISR,DEU,6905
1971187,111,61,1414,2002,596680.0,2880768.0,1.377604,1.2470510000000001,ITA,DEU,6905
1971188,114,61,1414,2002,7185.0,13574.0,2.556057,0.497673,JPN,DEU,6905
1971189,115,61,1414,2002,0.0,1910.0,-0.065332,-0.616159,KAZ,DEU,6905
1971190,121,61,1414,2002,4102.0,31390.0,1.186816,1.075947,KOR,DEU,6905
1971191,126,61,1414,2002,0.0,54000.0,-0.568615,-1.172261,LBY,DEU,6905
1971192,130,61,1414,2002,1912.0,249565.0,0.23102399999999998,0.586078,LTU,DEU,6905
1971193,131,61,1414,2002,92841.0,469212.0,1.605378,1.152973,LUX,DEU,6905
1971194,132,61,1414,2002,0.0,86051.0,0.45210200000000006,0.515388,LVA,DEU,6905
1971195,133,61,1414,2002,0.0,10467.0,-0.360172,-0.359367,MAC,DEU,6905
1971196,135,61,1414,2002,0.0,2866.0,-0.186001,-0.141598,MDA,DEU,6905
1971197,138,61,1414,2002,897270.0,0.0,0.942061,0.6311260000000001,MEX,DEU,6905
1971198,153,61,1414,2002,0.0,36860.0,0.704957,0.243398,MYS,DEU,6905
1971199,159,61,1414,2002,0.0,6452.0,-1.8315700000000001,-1.25171,NGA,DEU,6905
1971200,162,61,1414,2002,7296327.0,9651653.0,1.206176,1.7136360000000002,NLD,DEU,6905
1971201,163,61,1414,2002,0.0,2402006.0,1.110882,0.17164100000000002,NOR,DEU,6905
1971202,177,61,1414,2002,7909633.0,15493530.0,0.931642,1.721727,POL,DEU,6905
1971203,179,61,1414,2002,1948.0,2873.0,0.484407,1.6500080000000001,PRT,DEU,6905
1971204,183,61,1414,2002,0.0,1144.0,-0.306052,-1.098296,QAT,DEU,6905
1971205,185,61,1414,2002,3797.0,71939.0,0.29888200000000004,0.980376,ROU,DEU,6905
1971206,186,61,1414,2002,0.0,277381.0,1.109397,0.424229,RUS,DEU,6905
1971207,188,61,1414,2002,0.0,191222.0,0.082107,-0.843317,SAU,DEU,6905
1971208,189,61,1414,2002,0.0,12087.0,0.55781,2.135925,SCG,DEU,6905
1971209,192,61,1414,2002,0.0,2426218.0,1.481857,0.648889,SGP,DEU,6905
1971210,196,61,1414,2002,0.0,20800.0,0.397488,-0.027672000000000002,SLE,DEU,6905
1971211,197,61,1414,2002,0.0,2442.0,-0.280138,-0.099225,SLV,DEU,6905
1971212,206,61,1414,2002,7814.0,9815.0,1.1907379999999999,1.050649,SVK,DEU,6905
1971213,207,61,1414,2002,0.0,2349864.0,1.5643770000000001,1.043862,SVN,DEU,6905
1971214,208,61,1414,2002,2902.0,1292010.0,2.128614,0.7891199999999999,SWE,DEU,6905
1971215,216,61,1414,2002,1115.0,2261.0,0.432041,1.627953,THA,DEU,6905
1971216,224,61,1414,2002,1082.0,16180.0,0.11263699999999999,1.83925,TUR,DEU,6905
1971217,226,61,1414,2002,0.0,12947.0,-1.189463,-0.48640600000000006,TZA,DEU,6905
1971218,228,61,1414,2002,933.0,161328.0,0.835485,0.872135,UKR,DEU,6905
1971219,230,61,1414,2002,0.0,3311.0,0.300502,0.16817000000000001,URY,DEU,6905
1971220,231,61,1414,2002,161545.0,881669.0,1.821594,0.231296,USA,DEU,6905
1971221,232,61,1414,2002,0.0,22000.0,-0.379765,-0.5965159999999999,UZB,DEU,6905
1971222,236,61,1414,2002,0.0,8348.0,0.211536,-0.715675,VEN,DEU,6905
1971223,249,61,1414,2002,69787.0,420166.0,1.683858,1.333601,TWN,DEU,6905
1971224,250,61,1414,2002,0.0,82966.0,0.734927,-0.40114099999999997,ANS,DEU,6905
1971225,15,64,1414,2002,29023.0,3506.0,1.8651200000000001,0.48423900000000003,AUT,DNK,6905
1971226,18,64,1414,2002,0.0,10065.0,1.4097469999999999,1.440169,BEL,DNK,6905
1971227,39,64,1414,2002,0.0,4473.0,0.9963280000000001,1.1922110000000001,CAN,DNK,6905
1971228,59,64,1414,2002,34744.0,0.0,1.550713,1.037066,CZE,DNK,6905
1971229,61,64,1414,2002,14618881.0,357758.0,2.297691,-2.183239,DEU,DNK,6905
1971230,71,64,1414,2002,0.0,9066.0,1.012246,2.049594,ESP,DNK,6905
1971231,72,64,1414,2002,30511.0,0.0,0.54511,0.9135979999999999,EST,DNK,6905
1971232,74,64,1414,2002,0.0,2029.0,2.0234240000000003,0.979141,FIN,DNK,6905
1971233,77,64,1414,2002,19546.0,2514.0,1.569367,0.9886360000000001,FRA,DNK,6905
1971234,78,64,1414,2002,0.0,22320.0,-0.410455,-0.821335,FRO,DNK,6905
1971235,81,64,1414,2002,0.0,2276.0,1.893177,0.831382,GBR,DNK,6905
1971236,92,64,1414,2002,0.0,47965.0,-0.592221,-0.8956799999999999,GRL,DNK,6905
1971237,103,64,1414,2002,908.0,0.0,-0.10020499999999999,1.590314,IDN,DNK,6905
1971238,106,64,1414,2002,0.0,18838.0,1.7232880000000002,0.091172,IRL,DNK,6905
1971239,109,64,1414,2002,0.0,2175.0,0.23601999999999998,-0.34781,ISL,DNK,6905
1971240,111,64,1414,2002,55187.0,15572.0,1.377604,1.2470510000000001,ITA,DNK,6905
1971241,114,64,1414,2002,0.0,230732.0,2.556057,0.497673,JPN,DNK,6905
1971242,153,64,1414,2002,23978.0,0.0,0.704957,0.243398,MYS,DNK,6905
1971243,162,64,1414,2002,0.0,1546.0,1.206176,1.7136360000000002,NLD,DNK,6905
1971244,163,64,1414,2002,9347.0,1031740.0,1.110882,0.17164100000000002,NOR,DNK,6905
1971245,188,64,1414,2002,0.0,31505.0,0.082107,-0.843317,SAU,DNK,6905
1971246,208,64,1414,2002,25153.0,291279.0,2.128614,0.7891199999999999,SWE,DNK,6905
1971247,222,64,1414,2002,0.0,5011.0,0.074907,-0.8203879999999999,TTO,DNK,6905
1971248,226,64,1414,2002,0.0,1315.0,-1.189463,-0.48640600000000006,TZA,DNK,6905
1971249,227,64,1414,2002,0.0,4112.0,-1.038337,-0.896425,UGA,DNK,6905
1971250,231,64,1414,2002,0.0,1052879.0,1.821594,0.231296,USA,DNK,6905
1971251,250,64,1414,2002,17572440.0,0.0,0.734927,-0.40114099999999997,ANS,DNK,6905
1971252,32,65,1414,2002,1324.0,0.0,0.677883,1.0227190000000002,BRA,DOM,6905
1971253,49,65,1414,2002,263480.0,0.0,0.345094,0.37787800000000005,COL,DOM,6905
1971254,61,65,1414,2002,36405.0,0.0,2.297691,-2.183239,DEU,DOM,6905
1971255,71,65,1414,2002,321077.0,0.0,1.012246,2.049594,ESP,DOM,6905
1971256,99,65,1414,2002,4676.0,0.0,-0.877043,-0.658185,HND,DOM,6905
1971257,111,65,1414,2002,13194.0,0.0,1.377604,1.2470510000000001,ITA,DOM,6905
1971258,231,65,1414,2002,158299.0,18171.0,1.821594,0.231296,USA,DOM,6905
1971259,236,65,1414,2002,210606.0,0.0,0.211536,-0.715675,VEN,DOM,6905
1971260,49,67,1414,2002,20109.0,0.0,0.345094,0.37787800000000005,COL,ECU,6905
1971261,231,67,1414,2002,16454.0,0.0,1.821594,0.231296,USA,ECU,6905
1971262,0,71,1414,2002,0.0,74618.0,0.017075999999999997,-0.844024,ABW,ESP,6905
1971263,2,71,1414,2002,0.0,19056.0,-2.018135,-1.222751,AGO,ESP,6905
1971264,5,71,1414,2002,0.0,5033.0,1.1751610000000001,0.8631700000000001,AND,ESP,6905
1971265,6,71,1414,2002,0.0,276447.0,0.346519,-0.631549,ANT,ESP,6905
1971266,7,71,1414,2002,0.0,169813.0,0.044683,-0.247191,ARE,ESP,6905
1971267,8,71,1414,2002,0.0,930.0,0.284536,0.517425,ARG,ESP,6905
1971268,14,71,1414,2002,0.0,41167.0,0.231386,0.771628,AUS,ESP,6905
1971269,15,71,1414,2002,0.0,4284.0,1.8651200000000001,0.48423900000000003,AUT,ESP,6905
1971270,18,71,1414,2002,0.0,10619.0,1.4097469999999999,1.440169,BEL,ESP,6905
1971271,19,71,1414,2002,0.0,8900.0,-0.724829,-0.705625,BEN,ESP,6905
1971272,24,71,1414,2002,0.0,6902.0,-0.146585,-1.006558,BHR,ESP,6905
1971273,25,71,1414,2002,0.0,1697.0,0.641626,-0.37892800000000004,BHS,ESP,6905
1971274,32,71,1414,2002,0.0,189489.0,0.677883,1.0227190000000002,BRA,ESP,6905
1971275,34,71,1414,2002,0.0,20639.0,-1.7894169999999998,-1.034672,BRN,ESP,6905
1971276,39,71,1414,2002,0.0,4279.0,0.9963280000000001,1.1922110000000001,CAN,ESP,6905
1971277,41,71,1414,2002,4647.0,6713.0,2.218095,0.620946,CHE,ESP,6905
1971278,43,71,1414,2002,5340.0,2706.0,0.576746,2.7995520000000003,CHN,ESP,6905
1971279,44,71,1414,2002,0.0,3098.0,-0.816327,-0.711765,CIV,ESP,6905
1971280,47,71,1414,2002,0.0,20584.0,-1.62227,-1.202067,COG,ESP,6905
1971281,49,71,1414,2002,0.0,2317.0,0.345094,0.37787800000000005,COL,ESP,6905
1971282,51,71,1414,2002,0.0,2306.0,-0.29720100000000005,-0.703051,CPV,ESP,6905
1971283,52,71,1414,2002,0.0,16190.0,0.03619,-0.187718,CRI,ESP,6905
1971284,54,71,1414,2002,0.0,137061.0,-0.479213,-0.951203,CUB,ESP,6905
1971285,58,71,1414,2002,0.0,28354.0,0.381391,0.40265,CYP,ESP,6905
1971286,61,71,1414,2002,18764.0,121322.0,2.297691,-2.183239,DEU,ESP,6905
1971287,64,71,1414,2002,9066.0,0.0,1.26594,1.225186,DNK,ESP,6905
1971288,65,71,1414,2002,0.0,321077.0,-0.46284899999999995,-0.39210100000000003,DOM,ESP,6905
1971289,66,71,1414,2002,0.0,378307.0,-0.912033,-1.1731850000000001,DZA,ESP,6905
1971290,68,71,1414,2002,0.0,128093.0,-0.377127,0.549439,EGY,ESP,6905
1971291,72,71,1414,2002,0.0,7630.0,0.54511,0.9135979999999999,EST,ESP,6905
1971292,77,71,1414,2002,11725441.0,5853198.0,1.569367,0.9886360000000001,FRA,ESP,6905
1971293,80,71,1414,2002,0.0,6891.0,-0.830094,-1.149233,GAB,ESP,6905
1971294,81,71,1414,2002,12643.0,94496.0,1.893177,0.831382,GBR,ESP,6905
1971295,82,71,1414,2002,0.0,17081.0,0.662382,-0.124825,GEO,ESP,6905
1971296,83,71,1414,2002,0.0,7132.0,-1.333425,-1.0709879999999998,GHA,ESP,6905
1971297,84,71,1414,2002,0.0,37017.0,0.814919,-0.205996,GIB,ESP,6905
1971298,85,71,1414,2002,0.0,10199.0,-1.85329,-1.243105,GIN,ESP,6905
1971299,87,71,1414,2002,0.0,63398.0,0.075971,-0.068413,GMB,ESP,6905
1971300,89,71,1414,2002,0.0,64137.0,-2.3567560000000003,-0.88686,GNQ,ESP,6905
1971301,99,71,1414,2002,0.0,13268.0,-0.877043,-0.658185,HND,ESP,6905
1971302,101,71,1414,2002,0.0,10533.0,-1.220251,-0.8176859999999999,HTI,ESP,6905
1971303,102,71,1414,2002,0.0,23656.0,1.179684,1.0574860000000001,HUN,ESP,6905
1971304,103,71,1414,2002,1474.0,1549.0,-0.10020499999999999,1.590314,IDN,ESP,6905
1971305,104,71,1414,2002,4640.0,33936.0,0.380867,2.608955,IND,ESP,6905
1971306,109,71,1414,2002,0.0,1154.0,0.23601999999999998,-0.34781,ISL,ESP,6905
1971307,110,71,1414,2002,0.0,191942.0,1.334174,0.654331,ISR,ESP,6905
1971308,111,71,1414,2002,30356.0,278241.0,1.377604,1.2470510000000001,ITA,ESP,6905
1971309,112,71,1414,2002,0.0,5019.0,-0.604813,-0.9309860000000001,JAM,ESP,6905
1971310,113,71,1414,2002,0.0,52392.0,0.24197600000000002,0.196635,JOR,ESP,6905
1971311,114,71,1414,2002,0.0,589909.0,2.556057,0.497673,JPN,ESP,6905
1971312,121,71,1414,2002,0.0,1717.0,1.186816,1.075947,KOR,ESP,6905
1971313,122,71,1414,2002,0.0,32175.0,-0.6629550000000001,-1.157214,KWT,ESP,6905
1971314,124,71,1414,2002,0.0,789347.0,0.2729,1.254232,LBN,ESP,6905
1971315,126,71,1414,2002,0.0,39570.0,-0.568615,-1.172261,LBY,ESP,6905
1971316,131,71,1414,2002,0.0,217374.0,1.605378,1.152973,LUX,ESP,6905
1971317,134,71,1414,2002,0.0,163146.0,-0.810467,-0.34807899999999997,MAR,ESP,6905
1971318,138,71,1414,2002,0.0,180855.0,0.942061,0.6311260000000001,MEX,ESP,6905
1971319,142,71,1414,2002,0.0,1805.0,1.12245,0.019001,MLT,ESP,6905
1971320,147,71,1414,2002,0.0,859.0,-0.947259,-1.047883,MOZ,ESP,6905
1971321,148,71,1414,2002,0.0,78884.0,-1.27671,-1.218472,MRT,ESP,6905
1971322,156,71,1414,2002,0.0,1077.0,-0.292646,-0.823263,NCL,ESP,6905
1971323,159,71,1414,2002,0.0,84920.0,-1.8315700000000001,-1.25171,NGA,ESP,6905
1971324,162,71,1414,2002,0.0,19450.0,1.206176,1.7136360000000002,NLD,ESP,6905
1971325,163,71,1414,2002,0.0,1830.0,1.110882,0.17164100000000002,NOR,ESP,6905
1971326,166,71,1414,2002,0.0,30089.0,0.542585,0.854243,NZL,ESP,6905
1971327,167,71,1414,2002,0.0,62118.0,-1.238769,-1.225841,OMN,ESP,6905
1971328,169,71,1414,2002,0.0,29294.0,0.134759,0.234258,PAN,ESP,6905
1971329,174,71,1414,2002,14273.0,184851.0,0.055439999999999996,-0.179809,PHL,ESP,6905
1971330,179,71,1414,2002,120604.0,7106955.0,0.484407,1.6500080000000001,PRT,ESP,6905
1971331,183,71,1414,2002,0.0,322600.0,-0.306052,-1.098296,QAT,ESP,6905
1971332,186,71,1414,2002,0.0,37840.0,1.109397,0.424229,RUS,ESP,6905
1971333,187,71,1414,2002,0.0,836.0,-0.553848,-0.757714,RWA,ESP,6905
1971334,188,71,1414,2002,0.0,287753.0,0.082107,-0.843317,SAU,ESP,6905
1971335,189,71,1414,2002,0.0,4539.0,0.55781,2.135925,SCG,ESP,6905
1971336,190,71,1414,2002,0.0,17509.0,-1.499925,-1.228374,SDN,ESP,6905
1971337,191,71,1414,2002,0.0,29850.0,-0.43679700000000005,-0.484176,SEN,ESP,6905
1971338,192,71,1414,2002,0.0,107815.0,1.481857,0.648889,SGP,ESP,6905
1971339,197,71,1414,2002,0.0,3170.0,-0.280138,-0.099225,SLV,ESP,6905
1971340,206,71,1414,2002,0.0,7133.0,1.1907379999999999,1.050649,SVK,ESP,6905
1971341,208,71,1414,2002,0.0,24696.0,2.128614,0.7891199999999999,SWE,ESP,6905
1971342,215,71,1414,2002,0.0,1282.0,-0.6810039999999999,-0.6286930000000001,TGO,ESP,6905
1971343,223,71,1414,2002,0.0,112926.0,-0.221951,0.325506,TUN,ESP,6905
1971344,224,71,1414,2002,3108.0,11152.0,0.11263699999999999,1.83925,TUR,ESP,6905
1971345,226,71,1414,2002,0.0,1034.0,-1.189463,-0.48640600000000006,TZA,ESP,6905
1971346,227,71,1414,2002,0.0,6507.0,-1.038337,-0.896425,UGA,ESP,6905
1971347,228,71,1414,2002,0.0,14156.0,0.835485,0.872135,UKR,ESP,6905
1971348,230,71,1414,2002,0.0,3693.0,0.300502,0.16817000000000001,URY,ESP,6905
1971349,231,71,1414,2002,6201.0,1295752.0,1.821594,0.231296,USA,ESP,6905
1971350,236,71,1414,2002,0.0,14803.0,0.211536,-0.715675,VEN,ESP,6905
1971351,243,71,1414,2002,0.0,8733.0,-1.233006,-1.22101,YEM,ESP,6905
1971352,246,71,1414,2002,0.0,32480.0,0.395943,2.392458,ZAF,ESP,6905
1971353,249,71,1414,2002,0.0,11684.0,1.683858,1.333601,TWN,ESP,6905
1971354,2,77,1414,2002,0.0,7557.0,-2.018135,-1.222751,AGO,FRA,6905
1971355,5,77,1414,2002,1721.0,3733.0,1.1751610000000001,0.8631700000000001,AND,FRA,6905
1971356,7,77,1414,2002,0.0,336730.0,0.044683,-0.247191,ARE,FRA,6905
1971357,14,77,1414,2002,0.0,69184.0,0.231386,0.771628,AUS,FRA,6905
1971358,15,77,1414,2002,105044.0,1053488.0,1.8651200000000001,0.48423900000000003,AUT,FRA,6905
1971359,18,77,1414,2002,7154617.0,18373305.0,1.4097469999999999,1.440169,BEL,FRA,6905
1971360,19,77,1414,2002,0.0,2621.0,-0.724829,-0.705625,BEN,FRA,6905
1971361,21,77,1414,2002,0.0,5188.0,-0.477813,-0.647148,BFA,FRA,6905
1971362,23,77,1414,2002,0.0,10709.0,0.37451100000000004,1.573517,BGR,FRA,6905
1971363,24,77,1414,2002,0.0,32425.0,-0.146585,-1.006558,BHR,FRA,6905
1971364,32,77,1414,2002,4289.0,0.0,0.677883,1.0227190000000002,BRA,FRA,6905
1971365,33,77,1414,2002,0.0,1634.0,0.762217,0.004367,BRB,FRA,6905
1971366,39,77,1414,2002,31163.0,370775.0,0.9963280000000001,1.1922110000000001,CAN,FRA,6905
1971367,41,77,1414,2002,670280.0,1473409.0,2.218095,0.620946,CHE,FRA,6905
1971368,43,77,1414,2002,14001.0,26685.0,0.576746,2.7995520000000003,CHN,FRA,6905
1971369,45,77,1414,2002,0.0,26355.0,-1.114477,-1.0516510000000001,CMR,FRA,6905
1971370,47,77,1414,2002,0.0,61399.0,-1.62227,-1.202067,COG,FRA,6905
1971371,58,77,1414,2002,0.0,54149.0,0.381391,0.40265,CYP,FRA,6905
1971372,59,77,1414,2002,20795.0,7308.0,1.550713,1.037066,CZE,FRA,6905
1971373,61,77,1414,2002,1779371.0,5232437.0,2.297691,-2.183239,DEU,FRA,6905
1971374,64,77,1414,2002,2514.0,19546.0,1.26594,1.225186,DNK,FRA,6905
1971375,66,77,1414,2002,0.0,39765.0,-0.912033,-1.1731850000000001,DZA,FRA,6905
1971376,68,77,1414,2002,7267.0,0.0,-0.377127,0.549439,EGY,FRA,6905
1971377,71,77,1414,2002,5853198.0,11725441.0,1.012246,2.049594,ESP,FRA,6905
1971378,72,77,1414,2002,0.0,16006.0,0.54511,0.9135979999999999,EST,FRA,6905
1971379,74,77,1414,2002,0.0,2730.0,2.0234240000000003,0.979141,FIN,FRA,6905
1971380,80,77,1414,2002,0.0,5967.0,-0.830094,-1.149233,GAB,FRA,6905
1971381,81,77,1414,2002,2736.0,7824573.0,1.893177,0.831382,GBR,FRA,6905
1971382,85,77,1414,2002,0.0,2639.0,-1.85329,-1.243105,GIN,FRA,6905
1971383,90,77,1414,2002,0.0,21152.0,0.31858000000000003,1.47417,GRC,FRA,6905
1971384,97,77,1414,2002,0.0,12278.0,0.5701109999999999,1.989357,HKG,FRA,6905
1971385,102,77,1414,2002,0.0,99312.0,1.179684,1.0574860000000001,HUN,FRA,6905
1971386,103,77,1414,2002,12865.0,0.0,-0.10020499999999999,1.590314,IDN,FRA,6905
1971387,104,77,1414,2002,2137.0,0.0,0.380867,2.608955,IND,FRA,6905
1971388,106,77,1414,2002,14660.0,225813.0,1.7232880000000002,0.091172,IRL,FRA,6905
1971389,110,77,1414,2002,0.0,628243.0,1.334174,0.654331,ISR,FRA,6905
1971390,111,77,1414,2002,581471.0,1246730.0,1.377604,1.2470510000000001,ITA,FRA,6905
1971391,113,77,1414,2002,0.0,12062.0,0.24197600000000002,0.196635,JOR,FRA,6905
1971392,114,77,1414,2002,0.0,777728.0,2.556057,0.497673,JPN,FRA,6905
1971393,121,77,1414,2002,0.0,7185.0,1.186816,1.075947,KOR,FRA,6905
1971394,122,77,1414,2002,0.0,53981.0,-0.6629550000000001,-1.157214,KWT,FRA,6905
1971395,124,77,1414,2002,0.0,1990280.0,0.2729,1.254232,LBN,FRA,6905
1971396,131,77,1414,2002,44801.0,264913.0,1.605378,1.152973,LUX,FRA,6905
1971397,134,77,1414,2002,4338.0,2772.0,-0.810467,-0.34807899999999997,MAR,FRA,6905
1971398,135,77,1414,2002,0.0,1661.0,-0.186001,-0.141598,MDA,FRA,6905
1971399,136,77,1414,2002,3844.0,2709.0,-1.120167,-0.43338699999999997,MDG,FRA,6905
1971400,140,77,1414,2002,0.0,1711.0,-0.030274000000000002,0.359317,MKD,FRA,6905
1971401,141,77,1414,2002,0.0,6004.0,-0.8948520000000001,-0.863375,MLI,FRA,6905
1971402,142,77,1414,2002,0.0,24893.0,1.12245,0.019001,MLT,FRA,6905
1971403,148,77,1414,2002,0.0,137616.0,-1.27671,-1.218472,MRT,FRA,6905
1971404,151,77,1414,2002,0.0,3096.0,-0.37937600000000005,-0.388848,MUS,FRA,6905
1971405,153,77,1414,2002,7638.0,6250.0,0.704957,0.243398,MYS,FRA,6905
1971406,156,77,1414,2002,0.0,32865.0,-0.292646,-0.823263,NCL,FRA,6905
1971407,157,77,1414,2002,0.0,7369.0,-0.344562,-0.304996,NER,FRA,6905
1971408,159,77,1414,2002,0.0,3311.0,-1.8315700000000001,-1.25171,NGA,FRA,6905
1971409,162,77,1414,2002,415136.0,3164615.0,1.206176,1.7136360000000002,NLD,FRA,6905
1971410,163,77,1414,2002,0.0,13952.0,1.110882,0.17164100000000002,NOR,FRA,6905
1971411,166,77,1414,2002,0.0,9583.0,0.542585,0.854243,NZL,FRA,6905
1971412,167,77,1414,2002,3508.0,0.0,-1.238769,-1.225841,OMN,FRA,6905
1971413,174,77,1414,2002,0.0,11156.0,0.055439999999999996,-0.179809,PHL,FRA,6905
1971414,177,77,1414,2002,0.0,535541.0,0.931642,1.721727,POL,FRA,6905
1971415,179,77,1414,2002,0.0,71050.0,0.484407,1.6500080000000001,PRT,FRA,6905
1971416,182,77,1414,2002,0.0,15810.0,0.042936,-0.7421840000000001,PYF,FRA,6905
1971417,185,77,1414,2002,70161.0,0.0,0.29888200000000004,0.980376,ROU,FRA,6905
1971418,186,77,1414,2002,0.0,1175.0,1.109397,0.424229,RUS,FRA,6905
1971419,188,77,1414,2002,0.0,74377.0,0.082107,-0.843317,SAU,FRA,6905
1971420,191,77,1414,2002,0.0,29851.0,-0.43679700000000005,-0.484176,SEN,FRA,6905
1971421,192,77,1414,2002,0.0,908997.0,1.481857,0.648889,SGP,FRA,6905
1971422,206,77,1414,2002,0.0,54768.0,1.1907379999999999,1.050649,SVK,FRA,6905
1971423,207,77,1414,2002,0.0,4876.0,1.5643770000000001,1.043862,SVN,FRA,6905
1971424,208,77,1414,2002,0.0,218856.0,2.128614,0.7891199999999999,SWE,FRA,6905
1971425,215,77,1414,2002,0.0,12644.0,-0.6810039999999999,-0.6286930000000001,TGO,FRA,6905
1971426,216,77,1414,2002,0.0,15993.0,0.432041,1.627953,THA,FRA,6905
1971427,223,77,1414,2002,16705.0,11936.0,-0.221951,0.325506,TUN,FRA,6905
1971428,224,77,1414,2002,3329.0,0.0,0.11263699999999999,1.83925,TUR,FRA,6905
1971429,228,77,1414,2002,0.0,12641.0,0.835485,0.872135,UKR,FRA,6905
1971430,231,77,1414,2002,16674.0,1833465.0,1.821594,0.231296,USA,FRA,6905
1971431,237,77,1414,2002,0.0,1890.0,1.022393,-0.23957399999999998,VGB,FRA,6905
1971432,246,77,1414,2002,0.0,35992.0,0.395943,2.392458,ZAF,FRA,6905
1971433,249,77,1414,2002,0.0,160679.0,1.683858,1.333601,TWN,FRA,6905
1971434,8,81,1414,2002,57375.0,0.0,0.284536,0.517425,ARG,GBR,6905
1971435,14,81,1414,2002,0.0,45039.0,0.231386,0.771628,AUS,GBR,6905
1971436,18,81,1414,2002,2117867.0,782066.0,1.4097469999999999,1.440169,BEL,GBR,6905
1971437,33,81,1414,2002,0.0,1626.0,0.762217,0.004367,BRB,GBR,6905
1971438,39,81,1414,2002,13583.0,0.0,0.9963280000000001,1.1922110000000001,CAN,GBR,6905
1971439,41,81,1414,2002,0.0,9797.0,2.218095,0.620946,CHE,GBR,6905
1971440,43,81,1414,2002,268243.0,0.0,0.576746,2.7995520000000003,CHN,GBR,6905
1971441,49,81,1414,2002,0.0,15688.0,0.345094,0.37787800000000005,COL,GBR,6905
1971442,58,81,1414,2002,0.0,3730.0,0.381391,0.40265,CYP,GBR,6905
1971443,61,81,1414,2002,825221.0,2126.0,2.297691,-2.183239,DEU,GBR,6905
1971444,64,81,1414,2002,2276.0,0.0,1.26594,1.225186,DNK,GBR,6905
1971445,68,81,1414,2002,0.0,7360.0,-0.377127,0.549439,EGY,GBR,6905
1971446,71,81,1414,2002,94496.0,12643.0,1.012246,2.049594,ESP,GBR,6905
1971447,72,81,1414,2002,6320.0,0.0,0.54511,0.9135979999999999,EST,GBR,6905
1971448,77,81,1414,2002,7824573.0,2736.0,1.569367,0.9886360000000001,FRA,GBR,6905
1971449,83,81,1414,2002,0.0,5977.0,-1.333425,-1.0709879999999998,GHA,GBR,6905
1971450,87,81,1414,2002,0.0,6758.0,0.075971,-0.068413,GMB,GBR,6905
1971451,97,81,1414,2002,0.0,15046.0,0.5701109999999999,1.989357,HKG,GBR,6905
1971452,103,81,1414,2002,8164.0,1149.0,-0.10020499999999999,1.590314,IDN,GBR,6905
1971453,106,81,1414,2002,467495.0,3065993.0,1.7232880000000002,0.091172,IRL,GBR,6905
1971454,109,81,1414,2002,0.0,83337.0,0.23601999999999998,-0.34781,ISL,GBR,6905
1971455,111,81,1414,2002,34981.0,0.0,1.377604,1.2470510000000001,ITA,GBR,6905
1971456,112,81,1414,2002,0.0,5771.0,-0.604813,-0.9309860000000001,JAM,GBR,6905
1971457,114,81,1414,2002,0.0,119078.0,2.556057,0.497673,JPN,GBR,6905
1971458,124,81,1414,2002,0.0,1191.0,0.2729,1.254232,LBN,GBR,6905
1971459,134,81,1414,2002,2869.0,2640.0,-0.810467,-0.34807899999999997,MAR,GBR,6905
1971460,138,81,1414,2002,20970.0,0.0,0.942061,0.6311260000000001,MEX,GBR,6905
1971461,153,81,1414,2002,0.0,1740.0,0.704957,0.243398,MYS,GBR,6905
1971462,159,81,1414,2002,0.0,25817.0,-1.8315700000000001,-1.25171,NGA,GBR,6905
1971463,162,81,1414,2002,199757.0,90229.0,1.206176,1.7136360000000002,NLD,GBR,6905
1971464,163,81,1414,2002,0.0,91445.0,1.110882,0.17164100000000002,NOR,GBR,6905
1971465,166,81,1414,2002,0.0,12645.0,0.542585,0.854243,NZL,GBR,6905
1971466,167,81,1414,2002,0.0,93006.0,-1.238769,-1.225841,OMN,GBR,6905
1971467,177,81,1414,2002,111025.0,0.0,0.931642,1.721727,POL,GBR,6905
1971468,179,81,1414,2002,0.0,2642.0,0.484407,1.6500080000000001,PRT,GBR,6905
1971469,183,81,1414,2002,0.0,6679.0,-0.306052,-1.098296,QAT,GBR,6905
1971470,192,81,1414,2002,0.0,134979.0,1.481857,0.648889,SGP,GBR,6905
1971471,196,81,1414,2002,0.0,5090.0,0.397488,-0.027672000000000002,SLE,GBR,6905
1971472,208,81,1414,2002,0.0,1776.0,2.128614,0.7891199999999999,SWE,GBR,6905
1971473,216,81,1414,2002,3184.0,0.0,0.432041,1.627953,THA,GBR,6905
1971474,222,81,1414,2002,0.0,4066.0,0.074907,-0.8203879999999999,TTO,GBR,6905
1971475,224,81,1414,2002,173370.0,71534.0,0.11263699999999999,1.83925,TUR,GBR,6905
1971476,226,81,1414,2002,0.0,5028.0,-1.189463,-0.48640600000000006,TZA,GBR,6905
1971477,228,81,1414,2002,0.0,30719.0,0.835485,0.872135,UKR,GBR,6905
1971478,231,81,1414,2002,126121.0,121418.0,1.821594,0.231296,USA,GBR,6905
1971479,236,81,1414,2002,0.0,13463.0,0.211536,-0.715675,VEN,GBR,6905
1971480,239,81,1414,2002,72423.0,0.0,-0.589665,0.799874,VNM,GBR,6905
1971481,247,81,1414,2002,0.0,6720.0,-0.654686,-0.545346,ZMB,GBR,6905
1971482,249,81,1414,2002,49189.0,0.0,1.683858,1.333601,TWN,GBR,6905
1971483,4,90,1414,2002,0.0,2697854.0,-0.127828,-0.126857,ALB,GRC,6905
1971484,13,90,1414,2002,0.0,5088.0,0.958779,-0.56295,ATG,GRC,6905
1971485,18,90,1414,2002,8121.0,0.0,1.4097469999999999,1.440169,BEL,GRC,6905
1971486,23,90,1414,2002,2602.0,694322.0,0.37451100000000004,1.573517,BGR,GRC,6905
1971487,58,90,1414,2002,4008.0,360766.0,0.381391,0.40265,CYP,GRC,6905
1971488,61,90,1414,2002,15419.0,0.0,2.297691,-2.183239,DEU,GRC,6905
1971489,68,90,1414,2002,0.0,96878.0,-0.377127,0.549439,EGY,GRC,6905
1971490,77,90,1414,2002,21152.0,0.0,1.569367,0.9886360000000001,FRA,GRC,6905
1971491,82,90,1414,2002,0.0,7121.0,0.662382,-0.124825,GEO,GRC,6905
1971492,85,90,1414,2002,0.0,10451.0,-1.85329,-1.243105,GIN,GRC,6905
1971493,104,90,1414,2002,0.0,1780.0,0.380867,2.608955,IND,GRC,6905
1971494,111,90,1414,2002,11087.0,0.0,1.377604,1.2470510000000001,ITA,GRC,6905
1971495,124,90,1414,2002,0.0,22876.0,0.2729,1.254232,LBN,GRC,6905
1971496,140,90,1414,2002,0.0,228582.0,-0.030274000000000002,0.359317,MKD,GRC,6905
1971497,179,90,1414,2002,2025.0,0.0,0.484407,1.6500080000000001,PRT,GRC,6905
1971498,185,90,1414,2002,0.0,6088.0,0.29888200000000004,0.980376,ROU,GRC,6905
1971499,186,90,1414,2002,0.0,3809.0,1.109397,0.424229,RUS,GRC,6905
1971500,188,90,1414,2002,0.0,23003.0,0.082107,-0.843317,SAU,GRC,6905
1971501,189,90,1414,2002,0.0,20589.0,0.55781,2.135925,SCG,GRC,6905
1971502,207,90,1414,2002,0.0,1095.0,1.5643770000000001,1.043862,SVN,GRC,6905
1971503,212,90,1414,2002,0.0,2220.0,-1.067974,-0.513309,SYR,GRC,6905
1971504,224,90,1414,2002,4837.0,0.0,0.11263699999999999,1.83925,TUR,GRC,6905
1971505,228,90,1414,2002,0.0,13245.0,0.835485,0.872135,UKR,GRC,6905
1971506,231,90,1414,2002,0.0,19822.0,1.821594,0.231296,USA,GRC,6905
1971507,99,93,1414,2002,14256.0,1678.0,-0.877043,-0.658185,HND,GTM,6905
1971508,111,93,1414,2002,4958.0,0.0,1.377604,1.2470510000000001,ITA,GTM,6905
1971509,138,93,1414,2002,1979.0,2880.0,0.942061,0.6311260000000001,MEX,GTM,6905
1971510,197,93,1414,2002,84297.0,0.0,-0.280138,-0.099225,SLV,GTM,6905
1971511,231,93,1414,2002,6971.0,112329.0,1.821594,0.231296,USA,GTM,6905
1971512,222,96,1414,2002,4773.0,0.0,0.074907,-0.8203879999999999,TTO,GUY,6905
1971513,231,96,1414,2002,3619.0,0.0,1.821594,0.231296,USA,GUY,6905
1971514,236,96,1414,2002,1424.0,0.0,0.211536,-0.715675,VEN,GUY,6905
1971515,34,97,1414,2002,0.0,1167.0,-1.7894169999999998,-1.034672,BRN,HKG,6905
1971516,39,97,1414,2002,0.0,5412.0,0.9963280000000001,1.1922110000000001,CAN,HKG,6905
1971517,43,97,1414,2002,422828.0,3664.0,0.576746,2.7995520000000003,CHN,HKG,6905
1971518,61,97,1414,2002,95134.0,0.0,2.297691,-2.183239,DEU,HKG,6905
1971519,77,97,1414,2002,12278.0,0.0,1.569367,0.9886360000000001,FRA,HKG,6905
1971520,81,97,1414,2002,15046.0,0.0,1.893177,0.831382,GBR,HKG,6905
1971521,87,97,1414,2002,0.0,1386.0,0.075971,-0.068413,GMB,HKG,6905
1971522,111,97,1414,2002,50969.0,0.0,1.377604,1.2470510000000001,ITA,HKG,6905
1971523,114,97,1414,2002,227550.0,0.0,2.556057,0.497673,JPN,HKG,6905
1971524,121,97,1414,2002,0.0,9779.0,1.186816,1.075947,KOR,HKG,6905
1971525,148,97,1414,2002,0.0,1684.0,-1.27671,-1.218472,MRT,HKG,6905
1971526,153,97,1414,2002,0.0,55793.0,0.704957,0.243398,MYS,HKG,6905
1971527,174,97,1414,2002,0.0,5543.0,0.055439999999999996,-0.179809,PHL,HKG,6905
1971528,192,97,1414,2002,9325.0,11744.0,1.481857,0.648889,SGP,HKG,6905
1971529,231,97,1414,2002,17024.0,38781.0,1.821594,0.231296,USA,HKG,6905
1971530,242,97,1414,2002,0.0,638.0,-0.053287,-0.5183399999999999,WSM,HKG,6905
1971531,249,97,1414,2002,6582.0,0.0,1.683858,1.333601,TWN,HKG,6905
1971532,32,99,1414,2002,7347.0,0.0,0.677883,1.0227190000000002,BRA,HND,6905
1971533,49,99,1414,2002,1764.0,0.0,0.345094,0.37787800000000005,COL,HND,6905
1971534,52,99,1414,2002,0.0,28428.0,0.03619,-0.187718,CRI,HND,6905
1971535,65,99,1414,2002,0.0,4676.0,-0.46284899999999995,-0.39210100000000003,DOM,HND,6905
1971536,71,99,1414,2002,13268.0,0.0,1.012246,2.049594,ESP,HND,6905
1971537,93,99,1414,2002,1678.0,14256.0,-0.548834,-0.034464999999999996,GTM,HND,6905
1971538,197,99,1414,2002,0.0,27704.0,-0.280138,-0.099225,SLV,HND,6905
1971539,231,99,1414,2002,189818.0,79043.0,1.821594,0.231296,USA,HND,6905
1971540,14,103,1414,2002,6947.0,19867.0,0.231386,0.771628,AUS,IDN,6905
1971541,34,103,1414,2002,0.0,19235.0,-1.7894169999999998,-1.034672,BRN,IDN,6905
1971542,39,103,1414,2002,0.0,2869.0,0.9963280000000001,1.1922110000000001,CAN,IDN,6905
1971543,43,103,1414,2002,36568.0,0.0,0.576746,2.7995520000000003,CHN,IDN,6905
1971544,61,103,1414,2002,16723.0,0.0,2.297691,-2.183239,DEU,IDN,6905
1971545,64,103,1414,2002,0.0,908.0,1.26594,1.225186,DNK,IDN,6905
1971546,71,103,1414,2002,1549.0,1474.0,1.012246,2.049594,ESP,IDN,6905
1971547,77,103,1414,2002,0.0,12865.0,1.569367,0.9886360000000001,FRA,IDN,6905
1971548,78,103,1414,2002,0.0,670.0,-0.410455,-0.821335,FRO,IDN,6905
1971549,81,103,1414,2002,1149.0,8164.0,1.893177,0.831382,GBR,IDN,6905
1971550,104,103,1414,2002,0.0,169648.0,0.380867,2.608955,IND,IDN,6905
1971551,111,103,1414,2002,38021.0,0.0,1.377604,1.2470510000000001,ITA,IDN,6905
1971552,114,103,1414,2002,125601.0,13623.0,2.556057,0.497673,JPN,IDN,6905
1971553,153,103,1414,2002,22545.0,6774.0,0.704957,0.243398,MYS,IDN,6905
1971554,159,103,1414,2002,0.0,8679.0,-1.8315700000000001,-1.25171,NGA,IDN,6905
1971555,162,103,1414,2002,45417.0,0.0,1.206176,1.7136360000000002,NLD,IDN,6905
1971556,166,103,1414,2002,41692.0,33670.0,0.542585,0.854243,NZL,IDN,6905
1971557,174,103,1414,2002,90690.0,46825.0,0.055439999999999996,-0.179809,PHL,IDN,6905
1971558,183,103,1414,2002,0.0,12756.0,-0.306052,-1.098296,QAT,IDN,6905
1971559,188,103,1414,2002,0.0,2151.0,0.082107,-0.843317,SAU,IDN,6905
1971560,192,103,1414,2002,29512.0,7051.0,1.481857,0.648889,SGP,IDN,6905
1971561,220,103,1414,2002,0.0,12548.0,0.363225,-0.536718,TLS,IDN,6905
1971562,226,103,1414,2002,0.0,2412.0,-1.189463,-0.48640600000000006,TZA,IDN,6905
1971563,231,103,1414,2002,6764.0,23004.0,1.821594,0.231296,USA,IDN,6905
1971564,246,103,1414,2002,0.0,4131.0,0.395943,2.392458,ZAF,IDN,6905
1971565,249,103,1414,2002,0.0,4020.0,1.683858,1.333601,TWN,IDN,6905
1971566,61,106,1414,2002,177461.0,0.0,2.297691,-2.183239,DEU,IRL,6905
1971567,64,106,1414,2002,18838.0,0.0,1.26594,1.225186,DNK,IRL,6905
1971568,77,106,1414,2002,225813.0,14660.0,1.569367,0.9886360000000001,FRA,IRL,6905
1971569,81,106,1414,2002,3065993.0,467495.0,1.893177,0.831382,GBR,IRL,6905
1971570,111,106,1414,2002,28073.0,0.0,1.377604,1.2470510000000001,ITA,IRL,6905
1971571,177,106,1414,2002,32123.0,0.0,0.931642,1.721727,POL,IRL,6905
1971572,224,106,1414,2002,4005.0,50709.0,0.11263699999999999,1.83925,TUR,IRL,6905
1971573,231,106,1414,2002,9772.0,0.0,1.821594,0.231296,USA,IRL,6905
1971574,249,106,1414,2002,0.0,1209.0,1.683858,1.333601,TWN,IRL,6905
1971575,250,106,1414,2002,232971.0,0.0,0.734927,-0.40114099999999997,ANS,IRL,6905
1971576,7,107,1414,2002,2474.0,19691.0,0.044683,-0.247191,ARE,IRN,6905
1971577,9,107,1414,2002,0.0,5078.0,0.710274,-0.11309000000000001,ARM,IRN,6905
1971578,16,107,1414,2002,0.0,34109.0,-0.41282299999999994,-0.967931,AZE,IRN,6905
1971579,24,107,1414,2002,0.0,1644.0,-0.146585,-1.006558,BHR,IRN,6905
1971580,61,107,1414,2002,4003.0,0.0,2.297691,-2.183239,DEU,IRN,6905
1971581,104,107,1414,2002,2651.0,0.0,0.380867,2.608955,IND,IRN,6905
1971582,108,107,1414,2002,0.0,52211.0,-0.397477,-0.811214,IRQ,IRN,6905
1971583,122,107,1414,2002,0.0,36963.0,-0.6629550000000001,-1.157214,KWT,IRN,6905
1971584,124,107,1414,2002,0.0,21263.0,0.2729,1.254232,LBN,IRN,6905
1971585,162,107,1414,2002,0.0,60209.0,1.206176,1.7136360000000002,NLD,IRN,6905
1971586,183,107,1414,2002,0.0,2383.0,-0.306052,-1.098296,QAT,IRN,6905
1971587,186,107,1414,2002,0.0,1092.0,1.109397,0.424229,RUS,IRN,6905
1971588,208,107,1414,2002,0.0,15989.0,2.128614,0.7891199999999999,SWE,IRN,6905
1971589,219,107,1414,2002,0.0,1399.0,-1.035248,-1.191624,TKM,IRN,6905
1971590,224,107,1414,2002,1320.0,2325.0,0.11263699999999999,1.83925,TUR,IRN,6905
1971591,18,110,1414,2002,9006.0,0.0,1.4097469999999999,1.440169,BEL,ISR,6905
1971592,61,110,1414,2002,12887.0,0.0,2.297691,-2.183239,DEU,ISR,6905
1971593,71,110,1414,2002,191942.0,0.0,1.012246,2.049594,ESP,ISR,6905
1971594,77,110,1414,2002,628243.0,0.0,1.569367,0.9886360000000001,FRA,ISR,6905
1971595,83,110,1414,2002,0.0,2988.0,-1.333425,-1.0709879999999998,GHA,ISR,6905
1971596,111,110,1414,2002,1401039.0,0.0,1.377604,1.2470510000000001,ITA,ISR,6905
1971597,224,110,1414,2002,115258.0,0.0,0.11263699999999999,1.83925,TUR,ISR,6905
1971598,226,110,1414,2002,0.0,6739.0,-1.189463,-0.48640600000000006,TZA,ISR,6905
1971599,231,110,1414,2002,4606.0,0.0,1.821594,0.231296,USA,ISR,6905
1971600,239,110,1414,2002,3867.0,0.0,-0.589665,0.799874,VNM,ISR,6905
1971601,250,110,1414,2002,1687.0,0.0,0.734927,-0.40114099999999997,ANS,ISR,6905
1971602,2,111,1414,2002,0.0,2198.0,-2.018135,-1.222751,AGO,ITA,6905
1971603,4,111,1414,2002,0.0,20984.0,-0.127828,-0.126857,ALB,ITA,6905
1971604,7,111,1414,2002,0.0,999591.0,0.044683,-0.247191,ARE,ITA,6905
1971605,9,111,1414,2002,0.0,899.0,0.710274,-0.11309000000000001,ARM,ITA,6905
1971606,14,111,1414,2002,0.0,52336.0,0.231386,0.771628,AUS,ITA,6905
1971607,15,111,1414,2002,125830.0,83510.0,1.8651200000000001,0.48423900000000003,AUT,ITA,6905
1971608,16,111,1414,2002,0.0,3872.0,-0.41282299999999994,-0.967931,AZE,ITA,6905
1971609,18,111,1414,2002,0.0,5641.0,1.4097469999999999,1.440169,BEL,ITA,6905
1971610,19,111,1414,2002,0.0,102019.0,-0.724829,-0.705625,BEN,ITA,6905
1971611,23,111,1414,2002,0.0,60328.0,0.37451100000000004,1.573517,BGR,ITA,6905
1971612,24,111,1414,2002,0.0,77410.0,-0.146585,-1.006558,BHR,ITA,6905
1971613,26,111,1414,2002,0.0,224783.0,0.26339,0.30287,BIH,ITA,6905
1971614,32,111,1414,2002,0.0,12365.0,0.677883,1.0227190000000002,BRA,ITA,6905
1971615,37,111,1414,2002,0.0,3380.0,-0.14025,-1.018399,BWA,ITA,6905
1971616,38,111,1414,2002,0.0,9607.0,-0.45315200000000005,-0.764876,CAF,ITA,6905
1971617,39,111,1414,2002,0.0,9131.0,0.9963280000000001,1.1922110000000001,CAN,ITA,6905
1971618,41,111,1414,2002,15027.0,355416.0,2.218095,0.620946,CHE,ITA,6905
1971619,43,111,1414,2002,28983.0,88375.0,0.576746,2.7995520000000003,CHN,ITA,6905
1971620,44,111,1414,2002,0.0,35275.0,-0.816327,-0.711765,CIV,ITA,6905
1971621,45,111,1414,2002,0.0,21011.0,-1.114477,-1.0516510000000001,CMR,ITA,6905
1971622,46,111,1414,2002,0.0,13210.0,-1.2657370000000001,-1.108659,COD,ITA,6905
1971623,47,111,1414,2002,0.0,61697.0,-1.62227,-1.202067,COG,ITA,6905
1971624,51,111,1414,2002,0.0,19726.0,-0.29720100000000005,-0.703051,CPV,ITA,6905
1971625,54,111,1414,2002,0.0,9939.0,-0.479213,-0.951203,CUB,ITA,6905
1971626,58,111,1414,2002,0.0,678315.0,0.381391,0.40265,CYP,ITA,6905
1971627,59,111,1414,2002,864291.0,25951.0,1.550713,1.037066,CZE,ITA,6905
1971628,61,111,1414,2002,2880768.0,596680.0,2.297691,-2.183239,DEU,ITA,6905
1971629,62,111,1414,2002,0.0,30471.0,0.416677,-0.052552,DJI,ITA,6905
1971630,64,111,1414,2002,15572.0,55187.0,1.26594,1.225186,DNK,ITA,6905
1971631,65,111,1414,2002,0.0,13194.0,-0.46284899999999995,-0.39210100000000003,DOM,ITA,6905
1971632,66,111,1414,2002,0.0,33751.0,-0.912033,-1.1731850000000001,DZA,ITA,6905
1971633,68,111,1414,2002,0.0,135759.0,-0.377127,0.549439,EGY,ITA,6905
1971634,69,111,1414,2002,0.0,60129.0,0.831973,-0.050712,ERI,ITA,6905
1971635,71,111,1414,2002,278241.0,30356.0,1.012246,2.049594,ESP,ITA,6905
1971636,72,111,1414,2002,0.0,51763.0,0.54511,0.9135979999999999,EST,ITA,6905
1971637,73,111,1414,2002,0.0,1287.0,-1.096371,-0.9566709999999999,ETH,ITA,6905
1971638,77,111,1414,2002,1246730.0,581471.0,1.569367,0.9886360000000001,FRA,ITA,6905
1971639,80,111,1414,2002,0.0,9671.0,-0.830094,-1.149233,GAB,ITA,6905
1971640,81,111,1414,2002,0.0,34981.0,1.893177,0.831382,GBR,ITA,6905
1971641,82,111,1414,2002,0.0,14425.0,0.662382,-0.124825,GEO,ITA,6905
1971642,83,111,1414,2002,0.0,42854.0,-1.333425,-1.0709879999999998,GHA,ITA,6905
1971643,85,111,1414,2002,0.0,27902.0,-1.85329,-1.243105,GIN,ITA,6905
1971644,87,111,1414,2002,1081.0,31661.0,0.075971,-0.068413,GMB,ITA,6905
1971645,88,111,1414,2002,0.0,4710.0,-0.661416,-0.8644870000000001,GNB,ITA,6905
1971646,89,111,1414,2002,0.0,9349.0,-2.3567560000000003,-0.88686,GNQ,ITA,6905
1971647,90,111,1414,2002,0.0,11087.0,0.31858000000000003,1.47417,GRC,ITA,6905
1971648,93,111,1414,2002,0.0,4958.0,-0.548834,-0.034464999999999996,GTM,ITA,6905
1971649,97,111,1414,2002,0.0,50969.0,0.5701109999999999,1.989357,HKG,ITA,6905
1971650,100,111,1414,2002,0.0,1716719.0,0.591276,1.030723,HRV,ITA,6905
1971651,102,111,1414,2002,0.0,365997.0,1.179684,1.0574860000000001,HUN,ITA,6905
1971652,103,111,1414,2002,0.0,38021.0,-0.10020499999999999,1.590314,IDN,ITA,6905
1971653,106,111,1414,2002,0.0,28073.0,1.7232880000000002,0.091172,IRL,ITA,6905
1971654,108,111,1414,2002,0.0,5928.0,-0.397477,-0.811214,IRQ,ITA,6905
1971655,110,111,1414,2002,0.0,1401039.0,1.334174,0.654331,ISR,ITA,6905
1971656,113,111,1414,2002,0.0,321706.0,0.24197600000000002,0.196635,JOR,ITA,6905
1971657,114,111,1414,2002,0.0,221298.0,2.556057,0.497673,JPN,ITA,6905
1971658,115,111,1414,2002,0.0,144828.0,-0.065332,-0.616159,KAZ,ITA,6905
1971659,116,111,1414,2002,0.0,7876.0,-0.555812,0.169204,KEN,ITA,6905
1971660,120,111,1414,2002,0.0,778.0,0.911442,-0.26164899999999996,KNA,ITA,6905
1971661,121,111,1414,2002,0.0,14702.0,1.186816,1.075947,KOR,ITA,6905
1971662,122,111,1414,2002,0.0,252414.0,-0.6629550000000001,-1.157214,KWT,ITA,6905
1971663,124,111,1414,2002,0.0,1428302.0,0.2729,1.254232,LBN,ITA,6905
1971664,126,111,1414,2002,0.0,131036.0,-0.568615,-1.172261,LBY,ITA,6905
1971665,130,111,1414,2002,0.0,5455.0,0.23102399999999998,0.586078,LTU,ITA,6905
1971666,131,111,1414,2002,1924.0,0.0,1.605378,1.152973,LUX,ITA,6905
1971667,132,111,1414,2002,0.0,32118.0,0.45210200000000006,0.515388,LVA,ITA,6905
1971668,134,111,1414,2002,0.0,3844.0,-0.810467,-0.34807899999999997,MAR,ITA,6905
1971669,135,111,1414,2002,0.0,42396.0,-0.186001,-0.141598,MDA,ITA,6905
1971670,136,111,1414,2002,0.0,32804.0,-1.120167,-0.43338699999999997,MDG,ITA,6905
1971671,138,111,1414,2002,2361.0,73670.0,0.942061,0.6311260000000001,MEX,ITA,6905
1971672,142,111,1414,2002,0.0,21980.0,1.12245,0.019001,MLT,ITA,6905
1971673,147,111,1414,2002,0.0,1849.0,-0.947259,-1.047883,MOZ,ITA,6905
1971674,148,111,1414,2002,0.0,7356.0,-1.27671,-1.218472,MRT,ITA,6905
1971675,151,111,1414,2002,0.0,5442.0,-0.37937600000000005,-0.388848,MUS,ITA,6905
1971676,153,111,1414,2002,0.0,5228.0,0.704957,0.243398,MYS,ITA,6905
1971677,162,111,1414,2002,0.0,123059.0,1.206176,1.7136360000000002,NLD,ITA,6905
1971678,163,111,1414,2002,0.0,57136.0,1.110882,0.17164100000000002,NOR,ITA,6905
1971679,166,111,1414,2002,0.0,38957.0,0.542585,0.854243,NZL,ITA,6905
1971680,173,111,1414,2002,0.0,5198.0,-0.6126199999999999,0.085944,PER,ITA,6905
1971681,174,111,1414,2002,0.0,63404.0,0.055439999999999996,-0.179809,PHL,ITA,6905
1971682,177,111,1414,2002,1691.0,102520.0,0.931642,1.721727,POL,ITA,6905
1971683,181,111,1414,2002,0.0,28449.0,0.394636,-0.286194,PSE,ITA,6905
1971684,183,111,1414,2002,0.0,124718.0,-0.306052,-1.098296,QAT,ITA,6905
1971685,185,111,1414,2002,991.0,65924.0,0.29888200000000004,0.980376,ROU,ITA,6905
1971686,186,111,1414,2002,0.0,2522565.0,1.109397,0.424229,RUS,ITA,6905
1971687,188,111,1414,2002,0.0,4256940.0,0.082107,-0.843317,SAU,ITA,6905
1971688,189,111,1414,2002,0.0,99337.0,0.55781,2.135925,SCG,ITA,6905
1971689,190,111,1414,2002,0.0,44537.0,-1.499925,-1.228374,SDN,ITA,6905
1971690,191,111,1414,2002,0.0,37579.0,-0.43679700000000005,-0.484176,SEN,ITA,6905
1971691,192,111,1414,2002,0.0,102065.0,1.481857,0.648889,SGP,ITA,6905
1971692,207,111,1414,2002,142510.0,569253.0,1.5643770000000001,1.043862,SVN,ITA,6905
1971693,208,111,1414,2002,0.0,2168.0,2.128614,0.7891199999999999,SWE,ITA,6905
1971694,211,111,1414,2002,0.0,16677.0,-0.977247,-0.927527,SYC,ITA,6905
1971695,215,111,1414,2002,49721.0,25174.0,-0.6810039999999999,-0.6286930000000001,TGO,ITA,6905
1971696,216,111,1414,2002,0.0,5305.0,0.432041,1.627953,THA,ITA,6905
1971697,223,111,1414,2002,0.0,10711.0,-0.221951,0.325506,TUN,ITA,6905
1971698,224,111,1414,2002,30739.0,270618.0,0.11263699999999999,1.83925,TUR,ITA,6905
1971699,226,111,1414,2002,0.0,34380.0,-1.189463,-0.48640600000000006,TZA,ITA,6905
1971700,227,111,1414,2002,0.0,1435.0,-1.038337,-0.896425,UGA,ITA,6905
1971701,228,111,1414,2002,0.0,99606.0,0.835485,0.872135,UKR,ITA,6905
1971702,231,111,1414,2002,4510.0,921588.0,1.821594,0.231296,USA,ITA,6905
1971703,243,111,1414,2002,0.0,35831.0,-1.233006,-1.22101,YEM,ITA,6905
1971704,246,111,1414,2002,2684.0,432605.0,0.395943,2.392458,ZAF,ITA,6905
1971705,249,111,1414,2002,0.0,4539.0,1.683858,1.333601,TWN,ITA,6905
1971706,32,112,1414,2002,3804.0,0.0,0.677883,1.0227190000000002,BRA,JAM,6905
1971707,39,112,1414,2002,3597.0,0.0,0.9963280000000001,1.1922110000000001,CAN,JAM,6905
1971708,49,112,1414,2002,32657.0,0.0,0.345094,0.37787800000000005,COL,JAM,6905
1971709,71,112,1414,2002,5019.0,0.0,1.012246,2.049594,ESP,JAM,6905
1971710,81,112,1414,2002,5771.0,0.0,1.893177,0.831382,GBR,JAM,6905
1971711,114,112,1414,2002,2195.0,0.0,2.556057,0.497673,JPN,JAM,6905
1971712,138,112,1414,2002,8103.0,0.0,0.942061,0.6311260000000001,MEX,JAM,6905
1971713,222,112,1414,2002,3852.0,0.0,0.074907,-0.8203879999999999,TTO,JAM,6905
1971714,231,112,1414,2002,201799.0,0.0,1.821594,0.231296,USA,JAM,6905
1971715,236,112,1414,2002,94602.0,0.0,0.211536,-0.715675,VEN,JAM,6905
1971716,14,114,1414,2002,52501.0,184610.0,0.231386,0.771628,AUS,JPN,6905
1971717,24,114,1414,2002,0.0,9886.0,-0.146585,-1.006558,BHR,JPN,6905
1971718,34,114,1414,2002,0.0,181618.0,-1.7894169999999998,-1.034672,BRN,JPN,6905
1971719,39,114,1414,2002,27182.0,6671.0,0.9963280000000001,1.1922110000000001,CAN,JPN,6905
1971720,42,114,1414,2002,0.0,7802.0,-0.035264,-0.101796,CHL,JPN,6905
1971721,43,114,1414,2002,37972.0,9716.0,0.576746,2.7995520000000003,CHN,JPN,6905
1971722,49,114,1414,2002,0.0,1208.0,0.345094,0.37787800000000005,COL,JPN,6905
1971723,61,114,1414,2002,13574.0,7185.0,2.297691,-2.183239,DEU,JPN,6905
1971724,64,114,1414,2002,230732.0,0.0,1.26594,1.225186,DNK,JPN,6905
1971725,71,114,1414,2002,589909.0,0.0,1.012246,2.049594,ESP,JPN,6905
1971726,77,114,1414,2002,777728.0,0.0,1.569367,0.9886360000000001,FRA,JPN,6905
1971727,81,114,1414,2002,119078.0,0.0,1.893177,0.831382,GBR,JPN,6905
1971728,97,114,1414,2002,0.0,227550.0,0.5701109999999999,1.989357,HKG,JPN,6905
1971729,103,114,1414,2002,13623.0,125601.0,-0.10020499999999999,1.590314,IDN,JPN,6905
1971730,111,114,1414,2002,221298.0,0.0,1.377604,1.2470510000000001,ITA,JPN,6905
1971731,112,114,1414,2002,0.0,2195.0,-0.604813,-0.9309860000000001,JAM,JPN,6905
1971732,116,114,1414,2002,0.0,4117.0,-0.555812,0.169204,KEN,JPN,6905
1971733,121,114,1414,2002,144526.0,29837.0,1.186816,1.075947,KOR,JPN,6905
1971734,134,114,1414,2002,3240.0,0.0,-0.810467,-0.34807899999999997,MAR,JPN,6905
1971735,138,114,1414,2002,1308.0,0.0,0.942061,0.6311260000000001,MEX,JPN,6905
1971736,153,114,1414,2002,32136.0,28378.0,0.704957,0.243398,MYS,JPN,6905
1971737,156,114,1414,2002,0.0,5763.0,-0.292646,-0.823263,NCL,JPN,6905
1971738,162,114,1414,2002,17991.0,0.0,1.206176,1.7136360000000002,NLD,JPN,6905
1971739,166,114,1414,2002,0.0,7099.0,0.542585,0.854243,NZL,JPN,6905
1971740,174,114,1414,2002,0.0,275708.0,0.055439999999999996,-0.179809,PHL,JPN,6905
1971741,180,114,1414,2002,0.0,26381.0,-0.614282,-0.963832,PRY,JPN,6905
1971742,183,114,1414,2002,0.0,4055.0,-0.306052,-1.098296,QAT,JPN,6905
1971743,185,114,1414,2002,7849.0,0.0,0.29888200000000004,0.980376,ROU,JPN,6905
1971744,192,114,1414,2002,2411.0,340113.0,1.481857,0.648889,SGP,JPN,6905
1971745,208,114,1414,2002,7078.0,8515.0,2.128614,0.7891199999999999,SWE,JPN,6905
1971746,216,114,1414,2002,361302.0,13146.0,0.432041,1.627953,THA,JPN,6905
1971747,231,114,1414,2002,135023.0,400409.0,1.821594,0.231296,USA,JPN,6905
1971748,239,114,1414,2002,32178.0,2899.0,-0.589665,0.799874,VNM,JPN,6905
1971749,249,114,1414,2002,22077.0,5831287.0,1.683858,1.333601,TWN,JPN,6905
1971750,7,121,1414,2002,0.0,209873.0,0.044683,-0.247191,ARE,KOR,6905
1971751,14,121,1414,2002,15609.0,0.0,0.231386,0.771628,AUS,KOR,6905
1971752,39,121,1414,2002,29023.0,0.0,0.9963280000000001,1.1922110000000001,CAN,KOR,6905
1971753,43,121,1414,2002,33488.0,40484.0,0.576746,2.7995520000000003,CHN,KOR,6905
1971754,61,121,1414,2002,31390.0,4102.0,2.297691,-2.183239,DEU,KOR,6905
1971755,71,121,1414,2002,1717.0,0.0,1.012246,2.049594,ESP,KOR,6905
1971756,77,121,1414,2002,7185.0,0.0,1.569367,0.9886360000000001,FRA,KOR,6905
1971757,97,121,1414,2002,9779.0,0.0,0.5701109999999999,1.989357,HKG,KOR,6905
1971758,104,121,1414,2002,0.0,9100.0,0.380867,2.608955,IND,KOR,6905
1971759,111,121,1414,2002,14702.0,0.0,1.377604,1.2470510000000001,ITA,KOR,6905
1971760,114,121,1414,2002,29837.0,144526.0,2.556057,0.497673,JPN,KOR,6905
1971761,145,121,1414,2002,0.0,12091.0,-0.895827,-0.9913799999999999,MNG,KOR,6905
1971762,153,121,1414,2002,85413.0,0.0,0.704957,0.243398,MYS,KOR,6905
1971763,174,121,1414,2002,0.0,20528.0,0.055439999999999996,-0.179809,PHL,KOR,6905
1971764,186,121,1414,2002,0.0,207165.0,1.109397,0.424229,RUS,KOR,6905
1971765,192,121,1414,2002,0.0,67164.0,1.481857,0.648889,SGP,KOR,6905
1971766,216,121,1414,2002,0.0,6481.0,0.432041,1.627953,THA,KOR,6905
1971767,231,121,1414,2002,22108.0,63661.0,1.821594,0.231296,USA,KOR,6905
1971768,249,121,1414,2002,0.0,84537.0,1.683858,1.333601,TWN,KOR,6905
1971769,104,128,1414,2002,23484.0,0.0,0.380867,2.608955,IND,LKA,6905
1971770,153,128,1414,2002,7461.0,0.0,0.704957,0.243398,MYS,LKA,6905
1971771,192,128,1414,2002,2519.0,0.0,1.481857,0.648889,SGP,LKA,6905
1971772,8,138,1414,2002,34395.0,0.0,0.284536,0.517425,ARG,MEX,6905
1971773,14,138,1414,2002,0.0,3242.0,0.231386,0.771628,AUS,MEX,6905
1971774,32,138,1414,2002,71352.0,0.0,0.677883,1.0227190000000002,BRA,MEX,6905
1971775,49,138,1414,2002,0.0,974.0,0.345094,0.37787800000000005,COL,MEX,6905
1971776,61,138,1414,2002,0.0,897270.0,2.297691,-2.183239,DEU,MEX,6905
1971777,71,138,1414,2002,180855.0,0.0,1.012246,2.049594,ESP,MEX,6905
1971778,81,138,1414,2002,0.0,20970.0,1.893177,0.831382,GBR,MEX,6905
1971779,93,138,1414,2002,2880.0,1979.0,-0.548834,-0.034464999999999996,GTM,MEX,6905
1971780,111,138,1414,2002,73670.0,2361.0,1.377604,1.2470510000000001,ITA,MEX,6905
1971781,112,138,1414,2002,0.0,8103.0,-0.604813,-0.9309860000000001,JAM,MEX,6905
1971782,114,138,1414,2002,0.0,1308.0,2.556057,0.497673,JPN,MEX,6905
1971783,162,138,1414,2002,0.0,1860.0,1.206176,1.7136360000000002,NLD,MEX,6905
1971784,166,138,1414,2002,0.0,3596.0,0.542585,0.854243,NZL,MEX,6905
1971785,231,138,1414,2002,255266.0,7511704.0,1.821594,0.231296,USA,MEX,6905
1971786,250,138,1414,2002,0.0,26259.0,0.734927,-0.40114099999999997,ANS,MEX,6905
1971787,71,142,1414,2002,1805.0,0.0,1.012246,2.049594,ESP,MLT,6905
1971788,77,142,1414,2002,24893.0,0.0,1.569367,0.9886360000000001,FRA,MLT,6905
1971789,111,142,1414,2002,21980.0,0.0,1.377604,1.2470510000000001,ITA,MLT,6905
1971790,14,153,1414,2002,0.0,12173.0,0.231386,0.771628,AUS,MYS,6905
1971791,18,153,1414,2002,0.0,5372.0,1.4097469999999999,1.440169,BEL,MYS,6905
1971792,22,153,1414,2002,7740.0,0.0,-1.134933,-1.061633,BGD,MYS,6905
1971793,24,153,1414,2002,0.0,25825.0,-0.146585,-1.006558,BHR,MYS,6905
1971794,34,153,1414,2002,83.0,147539.0,-1.7894169999999998,-1.034672,BRN,MYS,6905
1971795,39,153,1414,2002,0.0,17054.0,0.9963280000000001,1.1922110000000001,CAN,MYS,6905
1971796,43,153,1414,2002,141665.0,0.0,0.576746,2.7995520000000003,CHN,MYS,6905
1971797,61,153,1414,2002,36860.0,0.0,2.297691,-2.183239,DEU,MYS,6905
1971798,64,153,1414,2002,0.0,23978.0,1.26594,1.225186,DNK,MYS,6905
1971799,77,153,1414,2002,6250.0,7638.0,1.569367,0.9886360000000001,FRA,MYS,6905
1971800,81,153,1414,2002,1740.0,0.0,1.893177,0.831382,GBR,MYS,6905
1971801,85,153,1414,2002,0.0,12204.0,-1.85329,-1.243105,GIN,MYS,6905
1971802,97,153,1414,2002,55793.0,0.0,0.5701109999999999,1.989357,HKG,MYS,6905
1971803,103,153,1414,2002,6774.0,22545.0,-0.10020499999999999,1.590314,IDN,MYS,6905
1971804,104,153,1414,2002,3462.0,1377.0,0.380867,2.608955,IND,MYS,6905
1971805,111,153,1414,2002,5228.0,0.0,1.377604,1.2470510000000001,ITA,MYS,6905
1971806,114,153,1414,2002,28378.0,32136.0,2.556057,0.497673,JPN,MYS,6905
1971807,121,153,1414,2002,0.0,85413.0,1.186816,1.075947,KOR,MYS,6905
1971808,122,153,1414,2002,0.0,25824.0,-0.6629550000000001,-1.157214,KWT,MYS,6905
1971809,128,153,1414,2002,0.0,7461.0,-0.740927,0.023171,LKA,MYS,6905
1971810,143,153,1414,2002,0.0,71789.0,-1.571568,-1.131512,MMR,MYS,6905
1971811,162,153,1414,2002,3572.0,17434.0,1.206176,1.7136360000000002,NLD,MYS,6905
1971812,166,153,1414,2002,0.0,8810.0,0.542585,0.854243,NZL,MYS,6905
1971813,174,153,1414,2002,0.0,188581.0,0.055439999999999996,-0.179809,PHL,MYS,6905
1971814,176,153,1414,2002,0.0,8933.0,-1.4572319999999999,-1.159399,PNG,MYS,6905
1971815,183,153,1414,2002,0.0,60277.0,-0.306052,-1.098296,QAT,MYS,6905
1971816,188,153,1414,2002,1810.0,0.0,0.082107,-0.843317,SAU,MYS,6905
1971817,192,153,1414,2002,16863.0,697869.0,1.481857,0.648889,SGP,MYS,6905
1971818,216,153,1414,2002,87311.0,0.0,0.432041,1.627953,THA,MYS,6905
1971819,231,153,1414,2002,4435.0,6431.0,1.821594,0.231296,USA,MYS,6905
1971820,249,153,1414,2002,5931.0,612529.0,1.683858,1.333601,TWN,MYS,6905
1971821,250,153,1414,2002,128572.0,0.0,0.734927,-0.40114099999999997,ANS,MYS,6905
1971822,52,160,1414,2002,0.0,241580.0,0.03619,-0.187718,CRI,NIC,6905
1971823,169,160,1414,2002,0.0,1372.0,0.134759,0.234258,PAN,NIC,6905
1971824,197,160,1414,2002,17321.0,0.0,-0.280138,-0.099225,SLV,NIC,6905
1971825,231,160,1414,2002,0.0,181047.0,1.821594,0.231296,USA,NIC,6905
1971826,0,162,1414,2002,0.0,68133.0,0.017075999999999997,-0.844024,ABW,NLD,6905
1971827,6,162,1414,2002,0.0,69051.0,0.346519,-0.631549,ANT,NLD,6905
1971828,7,162,1414,2002,0.0,16987.0,0.044683,-0.247191,ARE,NLD,6905
1971829,8,162,1414,2002,2259.0,0.0,0.284536,0.517425,ARG,NLD,6905
1971830,14,162,1414,2002,247641.0,0.0,0.231386,0.771628,AUS,NLD,6905
1971831,15,162,1414,2002,96438.0,12858.0,1.8651200000000001,0.48423900000000003,AUT,NLD,6905
1971832,18,162,1414,2002,4794948.0,8248545.0,1.4097469999999999,1.440169,BEL,NLD,6905
1971833,28,162,1414,2002,0.0,2091.0,0.825865,1.0148979999999999,BLR,NLD,6905
1971834,39,162,1414,2002,46534.0,1715.0,0.9963280000000001,1.1922110000000001,CAN,NLD,6905
1971835,41,162,1414,2002,0.0,13679.0,2.218095,0.620946,CHE,NLD,6905
1971836,43,162,1414,2002,2578.0,0.0,0.576746,2.7995520000000003,CHN,NLD,6905
1971837,49,162,1414,2002,1748.0,0.0,0.345094,0.37787800000000005,COL,NLD,6905
1971838,59,162,1414,2002,3716.0,1867.0,1.550713,1.037066,CZE,NLD,6905
1971839,61,162,1414,2002,9651653.0,7296327.0,2.297691,-2.183239,DEU,NLD,6905
1971840,64,162,1414,2002,1546.0,0.0,1.26594,1.225186,DNK,NLD,6905
1971841,71,162,1414,2002,19450.0,0.0,1.012246,2.049594,ESP,NLD,6905
1971842,72,162,1414,2002,15104.0,0.0,0.54511,0.9135979999999999,EST,NLD,6905
1971843,77,162,1414,2002,3164615.0,415136.0,1.569367,0.9886360000000001,FRA,NLD,6905
1971844,81,162,1414,2002,90229.0,199757.0,1.893177,0.831382,GBR,NLD,6905
1971845,83,162,1414,2002,0.0,10229.0,-1.333425,-1.0709879999999998,GHA,NLD,6905
1971846,102,162,1414,2002,38979.0,0.0,1.179684,1.0574860000000001,HUN,NLD,6905
1971847,103,162,1414,2002,0.0,45417.0,-0.10020499999999999,1.590314,IDN,NLD,6905
1971848,107,162,1414,2002,60209.0,0.0,-0.5707840000000001,-0.705612,IRN,NLD,6905
1971849,111,162,1414,2002,123059.0,0.0,1.377604,1.2470510000000001,ITA,NLD,6905
1971850,114,162,1414,2002,0.0,17991.0,2.556057,0.497673,JPN,NLD,6905
1971851,116,162,1414,2002,0.0,4696.0,-0.555812,0.169204,KEN,NLD,6905
1971852,138,162,1414,2002,1860.0,0.0,0.942061,0.6311260000000001,MEX,NLD,6905
1971853,153,162,1414,2002,17434.0,3572.0,0.704957,0.243398,MYS,NLD,6905
1971854,163,162,1414,2002,16937.0,3806542.0,1.110882,0.17164100000000002,NOR,NLD,6905
1971855,168,162,1414,2002,0.0,41592.0,-0.877655,-0.322094,PAK,NLD,6905
1971856,177,162,1414,2002,29267.0,0.0,0.931642,1.721727,POL,NLD,6905
1971857,192,162,1414,2002,0.0,14262.0,1.481857,0.648889,SGP,NLD,6905
1971858,206,162,1414,2002,4184.0,1654.0,1.1907379999999999,1.050649,SVK,NLD,6905
1971859,208,162,1414,2002,0.0,269632.0,2.128614,0.7891199999999999,SWE,NLD,6905
1971860,216,162,1414,2002,2599.0,935.0,0.432041,1.627953,THA,NLD,6905
1971861,224,162,1414,2002,15769.0,3368.0,0.11263699999999999,1.83925,TUR,NLD,6905
1971862,226,162,1414,2002,0.0,2434.0,-1.189463,-0.48640600000000006,TZA,NLD,6905
1971863,231,162,1414,2002,3316.0,2760.0,1.821594,0.231296,USA,NLD,6905
1971864,246,162,1414,2002,1480.0,0.0,0.395943,2.392458,ZAF,NLD,6905
1971865,250,162,1414,2002,0.0,200127.0,0.734927,-0.40114099999999997,ANS,NLD,6905
1971866,15,163,1414,2002,0.0,8009.0,1.8651200000000001,0.48423900000000003,AUT,NOR,6905
1971867,18,163,1414,2002,503394.0,0.0,1.4097469999999999,1.440169,BEL,NOR,6905
1971868,23,163,1414,2002,12726.0,0.0,0.37451100000000004,1.573517,BGR,NOR,6905
1971869,43,163,1414,2002,4183.0,0.0,0.576746,2.7995520000000003,CHN,NOR,6905
1971870,61,163,1414,2002,2402006.0,0.0,2.297691,-2.183239,DEU,NOR,6905
1971871,64,163,1414,2002,1031740.0,9347.0,1.26594,1.225186,DNK,NOR,6905
1971872,71,163,1414,2002,1830.0,0.0,1.012246,2.049594,ESP,NOR,6905
1971873,72,163,1414,2002,68278.0,0.0,0.54511,0.9135979999999999,EST,NOR,6905
1971874,74,163,1414,2002,39387.0,4302.0,2.0234240000000003,0.979141,FIN,NOR,6905
1971875,77,163,1414,2002,13952.0,0.0,1.569367,0.9886360000000001,FRA,NOR,6905
1971876,78,163,1414,2002,0.0,5229.0,-0.410455,-0.821335,FRO,NOR,6905
1971877,81,163,1414,2002,91445.0,0.0,1.893177,0.831382,GBR,NOR,6905
1971878,102,163,1414,2002,755.0,0.0,1.179684,1.0574860000000001,HUN,NOR,6905
1971879,111,163,1414,2002,57136.0,0.0,1.377604,1.2470510000000001,ITA,NOR,6905
1971880,162,163,1414,2002,3806542.0,16937.0,1.206176,1.7136360000000002,NLD,NOR,6905
1971881,177,163,1414,2002,19195.0,0.0,0.931642,1.721727,POL,NOR,6905
1971882,208,163,1414,2002,366024.0,25931.0,2.128614,0.7891199999999999,SWE,NOR,6905
1971883,231,163,1414,2002,40390.0,0.0,1.821594,0.231296,USA,NOR,6905
1971884,249,163,1414,2002,4706.0,0.0,1.683858,1.333601,TWN,NOR,6905
1971885,14,166,1414,2002,305771.0,18821.0,0.231386,0.771628,AUS,NZL,6905
1971886,43,166,1414,2002,11780.0,0.0,0.576746,2.7995520000000003,CHN,NZL,6905
1971887,48,166,1414,2002,0.0,11388.0,0.22351300000000002,-0.5197729999999999,COK,NZL,6905
1971888,59,166,1414,2002,0.0,23747.0,1.550713,1.037066,CZE,NZL,6905
1971889,71,166,1414,2002,30089.0,0.0,1.012246,2.049594,ESP,NZL,6905
1971890,75,166,1414,2002,0.0,36068.0,-0.588136,-0.242883,FJI,NZL,6905
1971891,77,166,1414,2002,9583.0,0.0,1.569367,0.9886360000000001,FRA,NZL,6905
1971892,81,166,1414,2002,12645.0,0.0,1.893177,0.831382,GBR,NZL,6905
1971893,103,166,1414,2002,33670.0,41692.0,-0.10020499999999999,1.590314,IDN,NZL,6905
1971894,111,166,1414,2002,38957.0,0.0,1.377604,1.2470510000000001,ITA,NZL,6905
1971895,114,166,1414,2002,7099.0,0.0,2.556057,0.497673,JPN,NZL,6905
1971896,138,166,1414,2002,3596.0,0.0,0.942061,0.6311260000000001,MEX,NZL,6905
1971897,153,166,1414,2002,8810.0,0.0,0.704957,0.243398,MYS,NZL,6905
1971898,156,166,1414,2002,0.0,6191.0,-0.292646,-0.823263,NCL,NZL,6905
1971899,158,166,1414,2002,0.0,3824.0,1.214412,-0.5921069999999999,NFK,NZL,6905
1971900,161,166,1414,2002,0.0,12529.0,0.5417350000000001,-0.645461,NIU,NZL,6905
1971901,174,166,1414,2002,0.0,15722.0,0.055439999999999996,-0.179809,PHL,NZL,6905
1971902,176,166,1414,2002,0.0,9395.0,-1.4572319999999999,-1.159399,PNG,NZL,6905
1971903,179,166,1414,2002,4666.0,0.0,0.484407,1.6500080000000001,PRT,NZL,6905
1971904,182,166,1414,2002,0.0,21142.0,0.042936,-0.7421840000000001,PYF,NZL,6905
1971905,183,166,1414,2002,0.0,19028.0,-0.306052,-1.098296,QAT,NZL,6905
1971906,192,166,1414,2002,973.0,0.0,1.481857,0.648889,SGP,NZL,6905
1971907,216,166,1414,2002,1618.0,0.0,0.432041,1.627953,THA,NZL,6905
1971908,231,166,1414,2002,0.0,12635.0,1.821594,0.231296,USA,NZL,6905
1971909,240,166,1414,2002,0.0,1521.0,-1.240258,-0.95039,VUT,NZL,6905
1971910,241,166,1414,2002,0.0,5299.0,0.5689420000000001,-0.737647,WLF,NZL,6905
1971911,242,166,1414,2002,0.0,7138.0,-0.053287,-0.5183399999999999,WSM,NZL,6905
1971912,249,166,1414,2002,21935.0,0.0,1.683858,1.333601,TWN,NZL,6905
1971913,8,169,1414,2002,9617.0,0.0,0.284536,0.517425,ARG,PAN,6905
1971914,32,169,1414,2002,18453.0,0.0,0.677883,1.0227190000000002,BRA,PAN,6905
1971915,49,169,1414,2002,209972.0,0.0,0.345094,0.37787800000000005,COL,PAN,6905
1971916,54,169,1414,2002,2372.0,0.0,-0.479213,-0.951203,CUB,PAN,6905
1971917,71,169,1414,2002,29294.0,0.0,1.012246,2.049594,ESP,PAN,6905
1971918,160,169,1414,2002,1372.0,0.0,-0.677398,-0.564472,NIC,PAN,6905
1971919,231,169,1414,2002,48041.0,5777.0,1.821594,0.231296,USA,PAN,6905
1971920,236,169,1414,2002,13852.0,0.0,0.211536,-0.715675,VEN,PAN,6905
1971921,250,169,1414,2002,44075.0,0.0,0.734927,-0.40114099999999997,ANS,PAN,6905
1971922,32,173,1414,2002,12321.0,0.0,0.677883,1.0227190000000002,BRA,PER,6905
1971923,43,173,1414,2002,6038.0,0.0,0.576746,2.7995520000000003,CHN,PER,6905
1971924,49,173,1414,2002,14601.0,0.0,0.345094,0.37787800000000005,COL,PER,6905
1971925,111,173,1414,2002,5198.0,0.0,1.377604,1.2470510000000001,ITA,PER,6905
1971926,231,173,1414,2002,4645.0,0.0,1.821594,0.231296,USA,PER,6905
1971927,14,174,1414,2002,16308.0,6318.0,0.231386,0.771628,AUS,PHL,6905
1971928,34,174,1414,2002,0.0,36306.0,-1.7894169999999998,-1.034672,BRN,PHL,6905
1971929,39,174,1414,2002,1186.0,1408.0,0.9963280000000001,1.1922110000000001,CAN,PHL,6905
1971930,43,174,1414,2002,87469.0,0.0,0.576746,2.7995520000000003,CHN,PHL,6905
1971931,71,174,1414,2002,184851.0,14273.0,1.012246,2.049594,ESP,PHL,6905
1971932,77,174,1414,2002,11156.0,0.0,1.569367,0.9886360000000001,FRA,PHL,6905
1971933,95,174,1414,2002,0.0,4623.0,-0.516203,-0.803461,GUM,PHL,6905
1971934,97,174,1414,2002,5543.0,0.0,0.5701109999999999,1.989357,HKG,PHL,6905
1971935,103,174,1414,2002,46825.0,90690.0,-0.10020499999999999,1.590314,IDN,PHL,6905
1971936,104,174,1414,2002,3253.0,0.0,0.380867,2.608955,IND,PHL,6905
1971937,111,174,1414,2002,63404.0,0.0,1.377604,1.2470510000000001,ITA,PHL,6905
1971938,114,174,1414,2002,275708.0,0.0,2.556057,0.497673,JPN,PHL,6905
1971939,121,174,1414,2002,20528.0,0.0,1.186816,1.075947,KOR,PHL,6905
1971940,153,174,1414,2002,188581.0,0.0,0.704957,0.243398,MYS,PHL,6905
1971941,166,174,1414,2002,15722.0,0.0,0.542585,0.854243,NZL,PHL,6905
1971942,175,174,1414,2002,0.0,3756.0,-1.4882389999999999,-0.995626,PLW,PHL,6905
1971943,192,174,1414,2002,18499.0,112870.0,1.481857,0.648889,SGP,PHL,6905
1971944,216,174,1414,2002,41812.0,5125.0,0.432041,1.627953,THA,PHL,6905
1971945,231,174,1414,2002,6163.0,60028.0,1.821594,0.231296,USA,PHL,6905
1971946,249,174,1414,2002,13996.0,0.0,1.683858,1.333601,TWN,PHL,6905
1971947,2,179,1414,2002,0.0,354874.0,-2.018135,-1.222751,AGO,PRT,6905
1971948,6,179,1414,2002,0.0,6160.0,0.346519,-0.631549,ANT,PRT,6905
1971949,32,179,1414,2002,0.0,2149.0,0.677883,1.0227190000000002,BRA,PRT,6905
1971950,41,179,1414,2002,2618.0,0.0,2.218095,0.620946,CHE,PRT,6905
1971951,47,179,1414,2002,0.0,4329.0,-1.62227,-1.202067,COG,PRT,6905
1971952,51,179,1414,2002,0.0,169629.0,-0.29720100000000005,-0.703051,CPV,PRT,6905
1971953,61,179,1414,2002,2873.0,1948.0,2.297691,-2.183239,DEU,PRT,6905
1971954,71,179,1414,2002,7106955.0,120604.0,1.012246,2.049594,ESP,PRT,6905
1971955,77,179,1414,2002,71050.0,0.0,1.569367,0.9886360000000001,FRA,PRT,6905
1971956,81,179,1414,2002,2642.0,0.0,1.893177,0.831382,GBR,PRT,6905
1971957,83,179,1414,2002,0.0,837.0,-1.333425,-1.0709879999999998,GHA,PRT,6905
1971958,87,179,1414,2002,0.0,8813.0,0.075971,-0.068413,GMB,PRT,6905
1971959,88,179,1414,2002,0.0,97301.0,-0.661416,-0.8644870000000001,GNB,PRT,6905
1971960,90,179,1414,2002,0.0,2025.0,0.31858000000000003,1.47417,GRC,PRT,6905
1971961,122,179,1414,2002,0.0,6715.0,-0.6629550000000001,-1.157214,KWT,PRT,6905
1971962,131,179,1414,2002,0.0,2040.0,1.605378,1.152973,LUX,PRT,6905
1971963,133,179,1414,2002,0.0,7132.0,-0.360172,-0.359367,MAC,PRT,6905
1971964,147,179,1414,2002,0.0,3659.0,-0.947259,-1.047883,MOZ,PRT,6905
1971965,166,179,1414,2002,0.0,4666.0,0.542585,0.854243,NZL,PRT,6905
1971966,177,179,1414,2002,0.0,1786.0,0.931642,1.721727,POL,PRT,6905
1971967,192,179,1414,2002,0.0,3826.0,1.481857,0.648889,SGP,PRT,6905
1971968,203,179,1414,2002,0.0,31134.0,0.47539499999999996,-0.297348,STP,PRT,6905
1971969,208,179,1414,2002,0.0,57965.0,2.128614,0.7891199999999999,SWE,PRT,6905
1971970,231,179,1414,2002,0.0,13206.0,1.821594,0.231296,USA,PRT,6905
1971971,8,180,1414,2002,8091.0,4298.0,0.284536,0.517425,ARG,PRY,6905
1971972,32,180,1414,2002,24133.0,0.0,0.677883,1.0227190000000002,BRA,PRY,6905
1971973,114,180,1414,2002,26381.0,0.0,2.556057,0.497673,JPN,PRY,6905
1971974,230,180,1414,2002,0.0,536.0,0.300502,0.16817000000000001,URY,PRY,6905
1971975,249,180,1414,2002,15062.0,0.0,1.683858,1.333601,TWN,PRY,6905
1971976,7,190,1414,2002,6650.0,0.0,0.044683,-0.247191,ARE,SDN,6905
1971977,43,190,1414,2002,4248.0,0.0,0.576746,2.7995520000000003,CHN,SDN,6905
1971978,71,190,1414,2002,17509.0,0.0,1.012246,2.049594,ESP,SDN,6905
1971979,104,190,1414,2002,12370.0,0.0,0.380867,2.608955,IND,SDN,6905
1971980,111,190,1414,2002,44537.0,0.0,1.377604,1.2470510000000001,ITA,SDN,6905
1971981,188,190,1414,2002,2250.0,0.0,0.082107,-0.843317,SAU,SDN,6905
1971982,207,190,1414,2002,4005.0,0.0,1.5643770000000001,1.043862,SVN,SDN,6905
1971983,7,192,1414,2002,1382.0,0.0,0.044683,-0.247191,ARE,SGP,6905
1971984,14,192,1414,2002,259625.0,0.0,0.231386,0.771628,AUS,SGP,6905
1971985,18,192,1414,2002,18476.0,0.0,1.4097469999999999,1.440169,BEL,SGP,6905
1971986,34,192,1414,2002,0.0,16460.0,-1.7894169999999998,-1.034672,BRN,SGP,6905
1971987,43,192,1414,2002,219974.0,10075.0,0.576746,2.7995520000000003,CHN,SGP,6905
1971988,61,192,1414,2002,2426218.0,0.0,2.297691,-2.183239,DEU,SGP,6905
1971989,71,192,1414,2002,107815.0,0.0,1.012246,2.049594,ESP,SGP,6905
1971990,77,192,1414,2002,908997.0,0.0,1.569367,0.9886360000000001,FRA,SGP,6905
1971991,81,192,1414,2002,134979.0,0.0,1.893177,0.831382,GBR,SGP,6905
1971992,97,192,1414,2002,11744.0,9325.0,0.5701109999999999,1.989357,HKG,SGP,6905
1971993,103,192,1414,2002,7051.0,29512.0,-0.10020499999999999,1.590314,IDN,SGP,6905
1971994,104,192,1414,2002,1895.0,2005.0,0.380867,2.608955,IND,SGP,6905
1971995,111,192,1414,2002,102065.0,0.0,1.377604,1.2470510000000001,ITA,SGP,6905
1971996,114,192,1414,2002,340113.0,2411.0,2.556057,0.497673,JPN,SGP,6905
1971997,121,192,1414,2002,67164.0,0.0,1.186816,1.075947,KOR,SGP,6905
1971998,122,192,1414,2002,0.0,71416.0,-0.6629550000000001,-1.157214,KWT,SGP,6905
1971999,128,192,1414,2002,0.0,2519.0,-0.740927,0.023171,LKA,SGP,6905
1972000,134,192,1414,2002,0.0,2419.0,-0.810467,-0.34807899999999997,MAR,SGP,6905
1972001,137,192,1414,2002,0.0,10531.0,-1.3007440000000001,-1.0420120000000002,MDV,SGP,6905
1972002,143,192,1414,2002,0.0,198001.0,-1.571568,-1.131512,MMR,SGP,6905
1972003,153,192,1414,2002,697869.0,16863.0,0.704957,0.243398,MYS,SGP,6905
1972004,162,192,1414,2002,14262.0,0.0,1.206176,1.7136360000000002,NLD,SGP,6905
1972005,166,192,1414,2002,0.0,973.0,0.542585,0.854243,NZL,SGP,6905
1972006,174,192,1414,2002,112870.0,18499.0,0.055439999999999996,-0.179809,PHL,SGP,6905
1972007,179,192,1414,2002,3826.0,0.0,0.484407,1.6500080000000001,PRT,SGP,6905
1972008,211,192,1414,2002,0.0,2647.0,-0.977247,-0.927527,SYC,SGP,6905
1972009,216,192,1414,2002,46409.0,0.0,0.432041,1.627953,THA,SGP,6905
1972010,224,192,1414,2002,63606.0,0.0,0.11263699999999999,1.83925,TUR,SGP,6905
1972011,231,192,1414,2002,32169.0,13430.0,1.821594,0.231296,USA,SGP,6905
1972012,239,192,1414,2002,1787.0,21038.0,-0.589665,0.799874,VNM,SGP,6905
1972013,249,192,1414,2002,8234.0,6212.0,1.683858,1.333601,TWN,SGP,6905
1972014,52,197,1414,2002,0.0,46064.0,0.03619,-0.187718,CRI,SLV,6905
1972015,61,197,1414,2002,2442.0,0.0,2.297691,-2.183239,DEU,SLV,6905
1972016,71,197,1414,2002,3170.0,0.0,1.012246,2.049594,ESP,SLV,6905
1972017,93,197,1414,2002,0.0,84297.0,-0.548834,-0.034464999999999996,GTM,SLV,6905
1972018,99,197,1414,2002,27704.0,0.0,-0.877043,-0.658185,HND,SLV,6905
1972019,160,197,1414,2002,0.0,17321.0,-0.677398,-0.564472,NIC,SLV,6905
1972020,231,197,1414,2002,57072.0,0.0,1.821594,0.231296,USA,SLV,6905
1972021,18,208,1414,2002,4969.0,0.0,1.4097469999999999,1.440169,BEL,SWE,6905
1972022,32,208,1414,2002,7156.0,0.0,0.677883,1.0227190000000002,BRA,SWE,6905
1972023,59,208,1414,2002,66883.0,0.0,1.550713,1.037066,CZE,SWE,6905
1972024,61,208,1414,2002,1292010.0,2902.0,2.297691,-2.183239,DEU,SWE,6905
1972025,64,208,1414,2002,291279.0,25153.0,1.26594,1.225186,DNK,SWE,6905
1972026,71,208,1414,2002,24696.0,0.0,1.012246,2.049594,ESP,SWE,6905
1972027,72,208,1414,2002,7882.0,24585.0,0.54511,0.9135979999999999,EST,SWE,6905
1972028,74,208,1414,2002,6573.0,330323.0,2.0234240000000003,0.979141,FIN,SWE,6905
1972029,77,208,1414,2002,218856.0,0.0,1.569367,0.9886360000000001,FRA,SWE,6905
1972030,81,208,1414,2002,1776.0,0.0,1.893177,0.831382,GBR,SWE,6905
1972031,107,208,1414,2002,15989.0,0.0,-0.5707840000000001,-0.705612,IRN,SWE,6905
1972032,111,208,1414,2002,2168.0,0.0,1.377604,1.2470510000000001,ITA,SWE,6905
1972033,114,208,1414,2002,8515.0,7078.0,2.556057,0.497673,JPN,SWE,6905
1972034,162,208,1414,2002,269632.0,0.0,1.206176,1.7136360000000002,NLD,SWE,6905
1972035,163,208,1414,2002,25931.0,366024.0,1.110882,0.17164100000000002,NOR,SWE,6905
1972036,177,208,1414,2002,17701.0,0.0,0.931642,1.721727,POL,SWE,6905
1972037,179,208,1414,2002,57965.0,0.0,0.484407,1.6500080000000001,PRT,SWE,6905
1972038,186,208,1414,2002,0.0,14416.0,1.109397,0.424229,RUS,SWE,6905
1972039,189,208,1414,2002,5738.0,0.0,0.55781,2.135925,SCG,SWE,6905
1972040,231,208,1414,2002,0.0,999.0,1.821594,0.231296,USA,SWE,6905
1972041,1,216,1414,2002,0.0,5239.0,-0.262812,-0.503955,AFG,THA,6905
1972042,7,216,1414,2002,0.0,56907.0,0.044683,-0.247191,ARE,THA,6905
1972043,14,216,1414,2002,0.0,1634.0,0.231386,0.771628,AUS,THA,6905
1972044,18,216,1414,2002,0.0,5072.0,1.4097469999999999,1.440169,BEL,THA,6905
1972045,22,216,1414,2002,0.0,4513.0,-1.134933,-1.061633,BGD,THA,6905
1972046,24,216,1414,2002,0.0,13199.0,-0.146585,-1.006558,BHR,THA,6905
1972047,34,216,1414,2002,0.0,119432.0,-1.7894169999999998,-1.034672,BRN,THA,6905
1972048,41,216,1414,2002,1821.0,0.0,2.218095,0.620946,CHE,THA,6905
1972049,43,216,1414,2002,36676.0,1800.0,0.576746,2.7995520000000003,CHN,THA,6905
1972050,45,216,1414,2002,0.0,4293.0,-1.114477,-1.0516510000000001,CMR,THA,6905
1972051,61,216,1414,2002,2261.0,1115.0,2.297691,-2.183239,DEU,THA,6905
1972052,73,216,1414,2002,0.0,2320.0,-1.096371,-0.9566709999999999,ETH,THA,6905
1972053,77,216,1414,2002,15993.0,0.0,1.569367,0.9886360000000001,FRA,THA,6905
1972054,81,216,1414,2002,0.0,3184.0,1.893177,0.831382,GBR,THA,6905
1972055,83,216,1414,2002,0.0,15622.0,-1.333425,-1.0709879999999998,GHA,THA,6905
1972056,104,216,1414,2002,0.0,4038.0,0.380867,2.608955,IND,THA,6905
1972057,111,216,1414,2002,5305.0,0.0,1.377604,1.2470510000000001,ITA,THA,6905
1972058,114,216,1414,2002,13146.0,361302.0,2.556057,0.497673,JPN,THA,6905
1972059,118,216,1414,2002,0.0,385035.0,-1.231783,-1.1518700000000002,KHM,THA,6905
1972060,121,216,1414,2002,6481.0,0.0,1.186816,1.075947,KOR,THA,6905
1972061,122,216,1414,2002,0.0,2187.0,-0.6629550000000001,-1.157214,KWT,THA,6905
1972062,123,216,1414,2002,0.0,608443.0,-1.255183,-1.163232,LAO,THA,6905
1972063,137,216,1414,2002,0.0,962.0,-1.3007440000000001,-1.0420120000000002,MDV,THA,6905
1972064,141,216,1414,2002,0.0,1878.0,-0.8948520000000001,-0.863375,MLI,THA,6905
1972065,143,216,1414,2002,0.0,129463.0,-1.571568,-1.131512,MMR,THA,6905
1972066,151,216,1414,2002,0.0,2729.0,-0.37937600000000005,-0.388848,MUS,THA,6905
1972067,153,216,1414,2002,0.0,87311.0,0.704957,0.243398,MYS,THA,6905
1972068,162,216,1414,2002,935.0,2599.0,1.206176,1.7136360000000002,NLD,THA,6905
1972069,166,216,1414,2002,0.0,1618.0,0.542585,0.854243,NZL,THA,6905
1972070,167,216,1414,2002,0.0,5121.0,-1.238769,-1.225841,OMN,THA,6905
1972071,174,216,1414,2002,5125.0,41812.0,0.055439999999999996,-0.179809,PHL,THA,6905
1972072,183,216,1414,2002,0.0,4171.0,-0.306052,-1.098296,QAT,THA,6905
1972073,188,216,1414,2002,0.0,19440.0,0.082107,-0.843317,SAU,THA,6905
1972074,192,216,1414,2002,0.0,46409.0,1.481857,0.648889,SGP,THA,6905
1972075,231,216,1414,2002,11322.0,79565.0,1.821594,0.231296,USA,THA,6905
1972076,246,216,1414,2002,0.0,1030.0,0.395943,2.392458,ZAF,THA,6905
1972077,249,216,1414,2002,0.0,8997.0,1.683858,1.333601,TWN,THA,6905
1972078,33,222,1414,2002,2747.0,0.0,0.762217,0.004367,BRB,TTO,6905
1972079,64,222,1414,2002,5011.0,0.0,1.26594,1.225186,DNK,TTO,6905
1972080,81,222,1414,2002,4066.0,0.0,1.893177,0.831382,GBR,TTO,6905
1972081,91,222,1414,2002,0.0,4199.0,0.552833,-0.283761,GRD,TTO,6905
1972082,96,222,1414,2002,0.0,4773.0,-0.9485889999999999,-0.9086489999999999,GUY,TTO,6905
1972083,112,222,1414,2002,0.0,3852.0,-0.604813,-0.9309860000000001,JAM,TTO,6905
1972084,231,222,1414,2002,34028.0,0.0,1.821594,0.231296,USA,TTO,6905
1972085,234,222,1414,2002,0.0,1772.0,-0.340281,-0.661246,VCT,TTO,6905
1972086,236,222,1414,2002,10778.0,0.0,0.211536,-0.715675,VEN,TTO,6905
1972087,4,224,1414,2002,0.0,2202.0,-0.127828,-0.126857,ALB,TUR,6905
1972088,15,224,1414,2002,0.0,8643.0,1.8651200000000001,0.48423900000000003,AUT,TUR,6905
1972089,16,224,1414,2002,0.0,22954.0,-0.41282299999999994,-0.967931,AZE,TUR,6905
1972090,18,224,1414,2002,1584.0,0.0,1.4097469999999999,1.440169,BEL,TUR,6905
1972091,23,224,1414,2002,0.0,7088.0,0.37451100000000004,1.573517,BGR,TUR,6905
1972092,26,224,1414,2002,0.0,1023.0,0.26339,0.30287,BIH,TUR,6905
1972093,58,224,1414,2002,0.0,232784.0,0.381391,0.40265,CYP,TUR,6905
1972094,61,224,1414,2002,16180.0,1082.0,2.297691,-2.183239,DEU,TUR,6905
1972095,71,224,1414,2002,11152.0,3108.0,1.012246,2.049594,ESP,TUR,6905
1972096,72,224,1414,2002,0.0,1581.0,0.54511,0.9135979999999999,EST,TUR,6905
1972097,77,224,1414,2002,0.0,3329.0,1.569367,0.9886360000000001,FRA,TUR,6905
1972098,81,224,1414,2002,71534.0,173370.0,1.893177,0.831382,GBR,TUR,6905
1972099,82,224,1414,2002,0.0,38878.0,0.662382,-0.124825,GEO,TUR,6905
1972100,85,224,1414,2002,0.0,2682.0,-1.85329,-1.243105,GIN,TUR,6905
1972101,90,224,1414,2002,0.0,4837.0,0.31858000000000003,1.47417,GRC,TUR,6905
1972102,106,224,1414,2002,50709.0,4005.0,1.7232880000000002,0.091172,IRL,TUR,6905
1972103,107,224,1414,2002,2325.0,1320.0,-0.5707840000000001,-0.705612,IRN,TUR,6905
1972104,110,224,1414,2002,0.0,115258.0,1.334174,0.654331,ISR,TUR,6905
1972105,111,224,1414,2002,270618.0,30739.0,1.377604,1.2470510000000001,ITA,TUR,6905
1972106,113,224,1414,2002,0.0,3990.0,0.24197600000000002,0.196635,JOR,TUR,6905
1972107,115,224,1414,2002,0.0,4164.0,-0.065332,-0.616159,KAZ,TUR,6905
1972108,124,224,1414,2002,0.0,26551.0,0.2729,1.254232,LBN,TUR,6905
1972109,126,224,1414,2002,0.0,2830.0,-0.568615,-1.172261,LBY,TUR,6905
1972110,131,224,1414,2002,2320.0,0.0,1.605378,1.152973,LUX,TUR,6905
1972111,162,224,1414,2002,3368.0,15769.0,1.206176,1.7136360000000002,NLD,TUR,6905
1972112,185,224,1414,2002,0.0,7729.0,0.29888200000000004,0.980376,ROU,TUR,6905
1972113,186,224,1414,2002,0.0,6883.0,1.109397,0.424229,RUS,TUR,6905
1972114,192,224,1414,2002,0.0,63606.0,1.481857,0.648889,SGP,TUR,6905
1972115,219,224,1414,2002,0.0,20143.0,-1.035248,-1.191624,TKM,TUR,6905
1972116,228,224,1414,2002,0.0,3482.0,0.835485,0.872135,UKR,TUR,6905
1972117,231,224,1414,2002,0.0,12346.0,1.821594,0.231296,USA,TUR,6905
1972118,250,224,1414,2002,0.0,9331.0,0.734927,-0.40114099999999997,ANS,TUR,6905
1972119,8,230,1414,2002,327906.0,1159.0,0.284536,0.517425,ARG,URY,6905
1972120,32,230,1414,2002,301482.0,0.0,0.677883,1.0227190000000002,BRA,URY,6905
1972121,61,230,1414,2002,3311.0,0.0,2.297691,-2.183239,DEU,URY,6905
1972122,71,230,1414,2002,3693.0,0.0,1.012246,2.049594,ESP,URY,6905
1972123,180,230,1414,2002,536.0,0.0,-0.614282,-0.963832,PRY,URY,6905
1972124,231,230,1414,2002,2365.0,3089.0,1.821594,0.231296,USA,URY,6905
1972125,0,231,1414,2002,0.0,25800.0,0.017075999999999997,-0.844024,ABW,USA,6905
1972126,3,231,1414,2002,0.0,1563.0,1.801822,0.172557,AIA,USA,6905
1972127,6,231,1414,2002,0.0,20698.0,0.346519,-0.631549,ANT,USA,6905
1972128,8,231,1414,2002,48593.0,0.0,0.284536,0.517425,ARG,USA,6905
1972129,13,231,1414,2002,0.0,57817.0,0.958779,-0.56295,ATG,USA,6905
1972130,14,231,1414,2002,135038.0,157149.0,0.231386,0.771628,AUS,USA,6905
1972131,15,231,1414,2002,1133.0,0.0,1.8651200000000001,0.48423900000000003,AUT,USA,6905
1972132,22,231,1414,2002,81894.0,0.0,-1.134933,-1.061633,BGD,USA,6905
1972133,25,231,1414,2002,0.0,342057.0,0.641626,-0.37892800000000004,BHS,USA,6905
1972134,28,231,1414,2002,3299.0,0.0,0.825865,1.0148979999999999,BLR,USA,6905
1972135,29,231,1414,2002,0.0,14757.0,-0.246977,-0.731156,BLZ,USA,6905
1972136,31,231,1414,2002,0.0,9701.0,-0.885342,-0.819517,BOL,USA,6905
1972137,32,231,1414,2002,53364.0,5157.0,0.677883,1.0227190000000002,BRA,USA,6905
1972138,33,231,1414,2002,0.0,97140.0,0.762217,0.004367,BRB,USA,6905
1972139,34,231,1414,2002,0.0,853.0,-1.7894169999999998,-1.034672,BRN,USA,6905
1972140,39,231,1414,2002,353413.0,1218463.0,0.9963280000000001,1.1922110000000001,CAN,USA,6905
1972141,41,231,1414,2002,1006.0,0.0,2.218095,0.620946,CHE,USA,6905
1972142,42,231,1414,2002,20191.0,17876.0,-0.035264,-0.101796,CHL,USA,6905
1972143,43,231,1414,2002,132666.0,30077.0,0.576746,2.7995520000000003,CHN,USA,6905
1972144,49,231,1414,2002,4395048.0,3788.0,0.345094,0.37787800000000005,COL,USA,6905
1972145,52,231,1414,2002,0.0,33839.0,0.03619,-0.187718,CRI,USA,6905
1972146,57,231,1414,2002,0.0,68233.0,0.7098220000000001,-0.633359,CYM,USA,6905
1972147,59,231,1414,2002,18374.0,0.0,1.550713,1.037066,CZE,USA,6905
1972148,61,231,1414,2002,881669.0,161545.0,2.297691,-2.183239,DEU,USA,6905
1972149,64,231,1414,2002,1052879.0,0.0,1.26594,1.225186,DNK,USA,6905
1972150,65,231,1414,2002,18171.0,158299.0,-0.46284899999999995,-0.39210100000000003,DOM,USA,6905
1972151,67,231,1414,2002,0.0,16454.0,-0.976218,-0.926393,ECU,USA,6905
1972152,71,231,1414,2002,1295752.0,6201.0,1.012246,2.049594,ESP,USA,6905
1972153,74,231,1414,2002,0.0,8734.0,2.0234240000000003,0.979141,FIN,USA,6905
1972154,77,231,1414,2002,1833465.0,16674.0,1.569367,0.9886360000000001,FRA,USA,6905
1972155,81,231,1414,2002,121418.0,126121.0,1.893177,0.831382,GBR,USA,6905
1972156,83,231,1414,2002,0.0,7961.0,-1.333425,-1.0709879999999998,GHA,USA,6905
1972157,85,231,1414,2002,0.0,3540.0,-1.85329,-1.243105,GIN,USA,6905
1972158,90,231,1414,2002,19822.0,0.0,0.31858000000000003,1.47417,GRC,USA,6905
1972159,91,231,1414,2002,0.0,6429.0,0.552833,-0.283761,GRD,USA,6905
1972160,93,231,1414,2002,112329.0,6971.0,-0.548834,-0.034464999999999996,GTM,USA,6905
1972161,96,231,1414,2002,0.0,3619.0,-0.9485889999999999,-0.9086489999999999,GUY,USA,6905
1972162,97,231,1414,2002,38781.0,17024.0,0.5701109999999999,1.989357,HKG,USA,6905
1972163,99,231,1414,2002,79043.0,189818.0,-0.877043,-0.658185,HND,USA,6905
1972164,101,231,1414,2002,0.0,9950.0,-1.220251,-0.8176859999999999,HTI,USA,6905
1972165,102,231,1414,2002,13897.0,0.0,1.179684,1.0574860000000001,HUN,USA,6905
1972166,103,231,1414,2002,23004.0,6764.0,-0.10020499999999999,1.590314,IDN,USA,6905
1972167,104,231,1414,2002,10224.0,192425.0,0.380867,2.608955,IND,USA,6905
1972168,106,231,1414,2002,0.0,9772.0,1.7232880000000002,0.091172,IRL,USA,6905
1972169,110,231,1414,2002,0.0,4606.0,1.334174,0.654331,ISR,USA,6905
1972170,111,231,1414,2002,921588.0,4510.0,1.377604,1.2470510000000001,ITA,USA,6905
1972171,112,231,1414,2002,0.0,201799.0,-0.604813,-0.9309860000000001,JAM,USA,6905
1972172,114,231,1414,2002,400409.0,135023.0,2.556057,0.497673,JPN,USA,6905
1972173,116,231,1414,2002,0.0,1446.0,-0.555812,0.169204,KEN,USA,6905
1972174,120,231,1414,2002,0.0,2397.0,0.911442,-0.26164899999999996,KNA,USA,6905
1972175,121,231,1414,2002,63661.0,22108.0,1.186816,1.075947,KOR,USA,6905
1972176,127,231,1414,2002,0.0,11817.0,0.14441700000000002,-0.38146599999999997,LCA,USA,6905
1972177,130,231,1414,2002,0.0,10090.0,0.23102399999999998,0.586078,LTU,USA,6905
1972178,132,231,1414,2002,0.0,56440.0,0.45210200000000006,0.515388,LVA,USA,6905
1972179,138,231,1414,2002,7511704.0,255266.0,0.942061,0.6311260000000001,MEX,USA,6905
1972180,153,231,1414,2002,6431.0,4435.0,0.704957,0.243398,MYS,USA,6905
1972181,159,231,1414,2002,0.0,8201.0,-1.8315700000000001,-1.25171,NGA,USA,6905
1972182,160,231,1414,2002,181047.0,0.0,-0.677398,-0.564472,NIC,USA,6905
1972183,162,231,1414,2002,2760.0,3316.0,1.206176,1.7136360000000002,NLD,USA,6905
1972184,163,231,1414,2002,0.0,40390.0,1.110882,0.17164100000000002,NOR,USA,6905
1972185,166,231,1414,2002,12635.0,0.0,0.542585,0.854243,NZL,USA,6905
1972186,169,231,1414,2002,5777.0,48041.0,0.134759,0.234258,PAN,USA,6905
1972187,173,231,1414,2002,0.0,4645.0,-0.6126199999999999,0.085944,PER,USA,6905
1972188,174,231,1414,2002,60028.0,6163.0,0.055439999999999996,-0.179809,PHL,USA,6905
1972189,176,231,1414,2002,0.0,4966.0,-1.4572319999999999,-1.159399,PNG,USA,6905
1972190,179,231,1414,2002,13206.0,0.0,0.484407,1.6500080000000001,PRT,USA,6905
1972191,185,231,1414,2002,921.0,0.0,0.29888200000000004,0.980376,ROU,USA,6905
1972192,186,231,1414,2002,0.0,665154.0,1.109397,0.424229,RUS,USA,6905
1972193,188,231,1414,2002,0.0,41273.0,0.082107,-0.843317,SAU,USA,6905
1972194,192,231,1414,2002,13430.0,32169.0,1.481857,0.648889,SGP,USA,6905
1972195,197,231,1414,2002,0.0,57072.0,-0.280138,-0.099225,SLV,USA,6905
1972196,208,231,1414,2002,999.0,0.0,2.128614,0.7891199999999999,SWE,USA,6905
1972197,213,231,1414,2002,0.0,103096.0,0.823909,0.075611,TCA,USA,6905
1972198,216,231,1414,2002,79565.0,11322.0,0.432041,1.627953,THA,USA,6905
1972199,222,231,1414,2002,0.0,34028.0,0.074907,-0.8203879999999999,TTO,USA,6905
1972200,224,231,1414,2002,12346.0,0.0,0.11263699999999999,1.83925,TUR,USA,6905
1972201,226,231,1414,2002,0.0,1603.0,-1.189463,-0.48640600000000006,TZA,USA,6905
1972202,227,231,1414,2002,0.0,6829.0,-1.038337,-0.896425,UGA,USA,6905
1972203,230,231,1414,2002,3089.0,2365.0,0.300502,0.16817000000000001,URY,USA,6905
1972204,234,231,1414,2002,0.0,3755.0,-0.340281,-0.661246,VCT,USA,6905
1972205,236,231,1414,2002,4491353.0,24376.0,0.211536,-0.715675,VEN,USA,6905
1972206,237,231,1414,2002,0.0,2835.0,1.022393,-0.23957399999999998,VGB,USA,6905
1972207,239,231,1414,2002,2437.0,0.0,-0.589665,0.799874,VNM,USA,6905
1972208,246,231,1414,2002,0.0,18835.0,0.395943,2.392458,ZAF,USA,6905
1972209,249,231,1414,2002,40534.0,15225.0,1.683858,1.333601,TWN,USA,6905
1972210,0,236,1414,2002,0.0,49494.0,0.017075999999999997,-0.844024,ABW,VEN,6905
1972211,6,236,1414,2002,1168.0,5844.0,0.346519,-0.631549,ANT,VEN,6905
1972212,33,236,1414,2002,0.0,578.0,0.762217,0.004367,BRB,VEN,6905
1972213,39,236,1414,2002,0.0,1315.0,0.9963280000000001,1.1922110000000001,CAN,VEN,6905
1972214,49,236,1414,2002,45118.0,0.0,0.345094,0.37787800000000005,COL,VEN,6905
1972215,54,236,1414,2002,0.0,2092.0,-0.479213,-0.951203,CUB,VEN,6905
1972216,61,236,1414,2002,8348.0,0.0,2.297691,-2.183239,DEU,VEN,6905
1972217,65,236,1414,2002,0.0,210606.0,-0.46284899999999995,-0.39210100000000003,DOM,VEN,6905
1972218,71,236,1414,2002,14803.0,0.0,1.012246,2.049594,ESP,VEN,6905
1972219,81,236,1414,2002,13463.0,0.0,1.893177,0.831382,GBR,VEN,6905
1972220,91,236,1414,2002,0.0,12262.0,0.552833,-0.283761,GRD,VEN,6905
1972221,96,236,1414,2002,0.0,1424.0,-0.9485889999999999,-0.9086489999999999,GUY,VEN,6905
1972222,112,236,1414,2002,0.0,94602.0,-0.604813,-0.9309860000000001,JAM,VEN,6905
1972223,127,236,1414,2002,0.0,4077.0,0.14441700000000002,-0.38146599999999997,LCA,VEN,6905
1972224,169,236,1414,2002,0.0,13852.0,0.134759,0.234258,PAN,VEN,6905
1972225,222,236,1414,2002,0.0,10778.0,0.074907,-0.8203879999999999,TTO,VEN,6905
1972226,231,236,1414,2002,24376.0,4491353.0,1.821594,0.231296,USA,VEN,6905
1972227,43,239,1414,2002,21152.0,0.0,0.576746,2.7995520000000003,CHN,VNM,6905
1972228,81,239,1414,2002,0.0,72423.0,1.893177,0.831382,GBR,VNM,6905
1972229,110,239,1414,2002,0.0,3867.0,1.334174,0.654331,ISR,VNM,6905
1972230,114,239,1414,2002,2899.0,32178.0,2.556057,0.497673,JPN,VNM,6905
1972231,123,239,1414,2002,0.0,17313.0,-1.255183,-1.163232,LAO,VNM,6905
1972232,183,239,1414,2002,0.0,2344.0,-0.306052,-1.098296,QAT,VNM,6905
1972233,192,239,1414,2002,21038.0,1787.0,1.481857,0.648889,SGP,VNM,6905
1972234,231,239,1414,2002,0.0,2437.0,1.821594,0.231296,USA,VNM,6905
1972235,249,239,1414,2002,0.0,24854.0,1.683858,1.333601,TWN,VNM,6905
1972236,2,246,1414,2002,0.0,175410.0,-2.018135,-1.222751,AGO,ZAF,6905
1972237,8,246,1414,2002,1550.0,0.0,0.284536,0.517425,ARG,ZAF,6905
1972238,32,246,1414,2002,1206.0,0.0,0.677883,1.0227190000000002,BRA,ZAF,6905
1972239,37,246,1414,2002,1056.0,2698017.0,-0.14025,-1.018399,BWA,ZAF,6905
1972240,39,246,1414,2002,0.0,7323.0,0.9963280000000001,1.1922110000000001,CAN,ZAF,6905
1972241,46,246,1414,2002,0.0,8618.0,-1.2657370000000001,-1.108659,COD,ZAF,6905
1972242,47,246,1414,2002,0.0,6438.0,-1.62227,-1.202067,COG,ZAF,6905
1972243,58,246,1414,2002,0.0,3758.0,0.381391,0.40265,CYP,ZAF,6905
1972244,71,246,1414,2002,32480.0,0.0,1.012246,2.049594,ESP,ZAF,6905
1972245,77,246,1414,2002,35992.0,0.0,1.569367,0.9886360000000001,FRA,ZAF,6905
1972246,83,246,1414,2002,0.0,9945.0,-1.333425,-1.0709879999999998,GHA,ZAF,6905
1972247,85,246,1414,2002,0.0,85844.0,-1.85329,-1.243105,GIN,ZAF,6905
1972248,103,246,1414,2002,4131.0,0.0,-0.10020499999999999,1.590314,IDN,ZAF,6905
1972249,104,246,1414,2002,2019.0,0.0,0.380867,2.608955,IND,ZAF,6905
1972250,111,246,1414,2002,432605.0,2684.0,1.377604,1.2470510000000001,ITA,ZAF,6905
1972251,116,246,1414,2002,0.0,19837.0,-0.555812,0.169204,KEN,ZAF,6905
1972252,129,246,1414,2002,0.0,2078095.0,-1.342265,-1.057032,LSO,ZAF,6905
1972253,136,246,1414,2002,0.0,1795.0,-1.120167,-0.43338699999999997,MDG,ZAF,6905
1972254,147,246,1414,2002,0.0,173172.0,-0.947259,-1.047883,MOZ,ZAF,6905
1972255,151,246,1414,2002,0.0,1637.0,-0.37937600000000005,-0.388848,MUS,ZAF,6905
1972256,152,246,1414,2002,0.0,101656.0,-1.441416,-1.214651,MWI,ZAF,6905
1972257,155,246,1414,2002,0.0,299981.0,-0.314161,-0.521778,NAM,ZAF,6905
1972258,162,246,1414,2002,0.0,1480.0,1.206176,1.7136360000000002,NLD,ZAF,6905
1972259,207,246,1414,2002,0.0,1056.0,1.5643770000000001,1.043862,SVN,ZAF,6905
1972260,209,246,1414,2002,581.0,278683.0,0.49801599999999996,-0.139709,SWZ,ZAF,6905
1972261,211,246,1414,2002,0.0,10854.0,-0.977247,-0.927527,SYC,ZAF,6905
1972262,216,246,1414,2002,1030.0,0.0,0.432041,1.627953,THA,ZAF,6905
1972263,226,246,1414,2002,0.0,86304.0,-1.189463,-0.48640600000000006,TZA,ZAF,6905
1972264,227,246,1414,2002,0.0,7582.0,-1.038337,-0.896425,UGA,ZAF,6905
1972265,231,246,1414,2002,18835.0,0.0,1.821594,0.231296,USA,ZAF,6905
1972266,247,246,1414,2002,0.0,29408.0,-0.654686,-0.545346,ZMB,ZAF,6905
1972267,248,246,1414,2002,5438.0,66150.0,-0.309483,0.271457,ZWE,ZAF,6905
1972268,249,246,1414,2002,83395.0,0.0,1.683858,1.333601,TWN,ZAF,6905
1972269,24,249,1414,2002,0.0,4272.0,-0.146585,-1.006558,BHR,TWN,6905
1972270,32,249,1414,2002,0.0,960.0,0.677883,1.0227190000000002,BRA,TWN,6905
1972271,39,249,1414,2002,0.0,7926.0,0.9963280000000001,1.1922110000000001,CAN,TWN,6905
1972272,43,249,1414,2002,90243.0,0.0,0.576746,2.7995520000000003,CHN,TWN,6905
1972273,51,249,1414,2002,0.0,75.0,-0.29720100000000005,-0.703051,CPV,TWN,6905
1972274,61,249,1414,2002,420166.0,69787.0,2.297691,-2.183239,DEU,TWN,6905
1972275,68,249,1414,2002,0.0,111721.0,-0.377127,0.549439,EGY,TWN,6905
1972276,71,249,1414,2002,11684.0,0.0,1.012246,2.049594,ESP,TWN,6905
1972277,77,249,1414,2002,160679.0,0.0,1.569367,0.9886360000000001,FRA,TWN,6905
1972278,81,249,1414,2002,0.0,49189.0,1.893177,0.831382,GBR,TWN,6905
1972279,97,249,1414,2002,0.0,6582.0,0.5701109999999999,1.989357,HKG,TWN,6905
1972280,103,249,1414,2002,4020.0,0.0,-0.10020499999999999,1.590314,IDN,TWN,6905
1972281,106,249,1414,2002,1209.0,0.0,1.7232880000000002,0.091172,IRL,TWN,6905
1972282,111,249,1414,2002,4539.0,0.0,1.377604,1.2470510000000001,ITA,TWN,6905
1972283,114,249,1414,2002,5831287.0,22077.0,2.556057,0.497673,JPN,TWN,6905
1972284,121,249,1414,2002,84537.0,0.0,1.186816,1.075947,KOR,TWN,6905
1972285,153,249,1414,2002,612529.0,5931.0,0.704957,0.243398,MYS,TWN,6905
1972286,163,249,1414,2002,0.0,4706.0,1.110882,0.17164100000000002,NOR,TWN,6905
1972287,166,249,1414,2002,0.0,21935.0,0.542585,0.854243,NZL,TWN,6905
1972288,174,249,1414,2002,0.0,13996.0,0.055439999999999996,-0.179809,PHL,TWN,6905
1972289,180,249,1414,2002,0.0,15062.0,-0.614282,-0.963832,PRY,TWN,6905
1972290,192,249,1414,2002,6212.0,8234.0,1.481857,0.648889,SGP,TWN,6905
1972291,216,249,1414,2002,8997.0,0.0,0.432041,1.627953,THA,TWN,6905
1972292,231,249,1414,2002,15225.0,40534.0,1.821594,0.231296,USA,TWN,6905
1972293,239,249,1414,2002,24854.0,0.0,-0.589665,0.799874,VNM,TWN,6905
1972294,246,249,1414,2002,0.0,83395.0,0.395943,2.392458,ZAF,TWN,6905
1972295,250,249,1414,2002,0.0,4608.0,0.734927,-0.40114099999999997,ANS,TWN,6905
1972296,32,7,1414,2002,3869.0,0.0,0.677883,1.0227190000000002,BRA,ARE,6905
1972297,71,7,1414,2002,169813.0,0.0,1.012246,2.049594,ESP,ARE,6905
1972298,77,7,1414,2002,336730.0,0.0,1.569367,0.9886360000000001,FRA,ARE,6905
1972299,104,7,1414,2002,79686.0,4443.0,0.380867,2.608955,IND,ARE,6905
1972300,107,7,1414,2002,19691.0,2474.0,-0.5707840000000001,-0.705612,IRN,ARE,6905
1972301,111,7,1414,2002,999591.0,0.0,1.377604,1.2470510000000001,ITA,ARE,6905
1972302,121,7,1414,2002,209873.0,0.0,1.186816,1.075947,KOR,ARE,6905
1972303,141,7,1414,2002,0.0,12148.0,-0.8948520000000001,-0.863375,MLI,ARE,6905
1972304,148,7,1414,2002,0.0,30356.0,-1.27671,-1.218472,MRT,ARE,6905
1972305,152,7,1414,2002,0.0,1632.0,-1.441416,-1.214651,MWI,ARE,6905
1972306,162,7,1414,2002,16987.0,0.0,1.206176,1.7136360000000002,NLD,ARE,6905
1972307,167,7,1414,2002,0.0,5580.0,-1.238769,-1.225841,OMN,ARE,6905
1972308,183,7,1414,2002,9331.0,11225.0,-0.306052,-1.098296,QAT,ARE,6905
1972309,188,7,1414,2002,28267.0,0.0,0.082107,-0.843317,SAU,ARE,6905
1972310,190,7,1414,2002,0.0,6650.0,-1.499925,-1.228374,SDN,ARE,6905
1972311,192,7,1414,2002,0.0,1382.0,1.481857,0.648889,SGP,ARE,6905
1972312,216,7,1414,2002,56907.0,0.0,0.432041,1.627953,THA,ARE,6905
1972313,226,7,1414,2002,0.0,39535.0,-1.189463,-0.48640600000000006,TZA,ARE,6905
1972314,227,7,1414,2002,0.0,15289.0,-1.038337,-0.896425,UGA,ARE,6905
1972315,247,7,1414,2002,0.0,664.0,-0.654686,-0.545346,ZMB,ARE,6905
1972316,22,14,1414,2002,9887.0,0.0,-1.134933,-1.061633,BGD,AUS,6905
1972317,43,14,1414,2002,0.0,8430.0,0.576746,2.7995520000000003,CHN,AUS,6905
1972318,61,14,1414,2002,12190.0,0.0,2.297691,-2.183239,DEU,AUS,6905
1972319,68,14,1414,2002,1273.0,0.0,-0.377127,0.549439,EGY,AUS,6905
1972320,71,14,1414,2002,41167.0,0.0,1.012246,2.049594,ESP,AUS,6905
1972321,75,14,1414,2002,0.0,8471.0,-0.588136,-0.242883,FJI,AUS,6905
1972322,77,14,1414,2002,69184.0,0.0,1.569367,0.9886360000000001,FRA,AUS,6905
1972323,81,14,1414,2002,45039.0,0.0,1.893177,0.831382,GBR,AUS,6905
1972324,83,14,1414,2002,0.0,1431.0,-1.333425,-1.0709879999999998,GHA,AUS,6905
1972325,103,14,1414,2002,19867.0,6947.0,-0.10020499999999999,1.590314,IDN,AUS,6905
1972326,104,14,1414,2002,1571.0,0.0,0.380867,2.608955,IND,AUS,6905
1972327,111,14,1414,2002,52336.0,0.0,1.377604,1.2470510000000001,ITA,AUS,6905
1972328,114,14,1414,2002,184610.0,52501.0,2.556057,0.497673,JPN,AUS,6905
1972329,121,14,1414,2002,0.0,15609.0,1.186816,1.075947,KOR,AUS,6905
1972330,138,14,1414,2002,3242.0,0.0,0.942061,0.6311260000000001,MEX,AUS,6905
1972331,153,14,1414,2002,12173.0,0.0,0.704957,0.243398,MYS,AUS,6905
1972332,156,14,1414,2002,0.0,964.0,-0.292646,-0.823263,NCL,AUS,6905
1972333,162,14,1414,2002,0.0,247641.0,1.206176,1.7136360000000002,NLD,AUS,6905
1972334,166,14,1414,2002,18821.0,305771.0,0.542585,0.854243,NZL,AUS,6905
1972335,174,14,1414,2002,6318.0,16308.0,0.055439999999999996,-0.179809,PHL,AUS,6905
1972336,176,14,1414,2002,0.0,4435.0,-1.4572319999999999,-1.159399,PNG,AUS,6905
1972337,182,14,1414,2002,0.0,75601.0,0.042936,-0.7421840000000001,PYF,AUS,6905
1972338,192,14,1414,2002,0.0,259625.0,1.481857,0.648889,SGP,AUS,6905
1972339,207,14,1414,2002,1084.0,0.0,1.5643770000000001,1.043862,SVN,AUS,6905
1972340,216,14,1414,2002,1634.0,0.0,0.432041,1.627953,THA,AUS,6905
1972341,226,14,1414,2002,0.0,1015.0,-1.189463,-0.48640600000000006,TZA,AUS,6905
1972342,231,14,1414,2002,157149.0,135038.0,1.821594,0.231296,USA,AUS,6905
1972343,107,16,1414,2002,34109.0,0.0,-0.5707840000000001,-0.705612,IRN,AZE,6905
1972344,111,16,1414,2002,3872.0,0.0,1.377604,1.2470510000000001,ITA,AZE,6905
1972345,224,16,1414,2002,22954.0,0.0,0.11263699999999999,1.83925,TUR,AZE,6905
1972346,71,19,1414,2002,8900.0,0.0,1.012246,2.049594,ESP,BEN,6905
1972347,77,19,1414,2002,2621.0,0.0,1.569367,0.9886360000000001,FRA,BEN,6905
1972348,111,19,1414,2002,102019.0,0.0,1.377604,1.2470510000000001,ITA,BEN,6905
1972349,215,19,1414,2002,17455.0,0.0,-0.6810039999999999,-0.6286930000000001,TGO,BEN,6905
1972350,14,22,1414,2002,0.0,9887.0,0.231386,0.771628,AUS,BGD,6905
1972351,104,22,1414,2002,15894.0,3133.0,0.380867,2.608955,IND,BGD,6905
1972352,153,22,1414,2002,0.0,7740.0,0.704957,0.243398,MYS,BGD,6905
1972353,216,22,1414,2002,4513.0,0.0,0.432041,1.627953,THA,BGD,6905
1972354,231,22,1414,2002,0.0,81894.0,1.821594,0.231296,USA,BGD,6905
1972355,77,23,1414,2002,10709.0,0.0,1.569367,0.9886360000000001,FRA,BGR,6905
1972356,90,23,1414,2002,694322.0,2602.0,0.31858000000000003,1.47417,GRC,BGR,6905
1972357,111,23,1414,2002,60328.0,0.0,1.377604,1.2470510000000001,ITA,BGR,6905
1972358,124,23,1414,2002,0.0,1279.0,0.2729,1.254232,LBN,BGR,6905
1972359,140,23,1414,2002,9157.0,11395.0,-0.030274000000000002,0.359317,MKD,BGR,6905
1972360,163,23,1414,2002,0.0,12726.0,1.110882,0.17164100000000002,NOR,BGR,6905
1972361,189,23,1414,2002,2587.0,0.0,0.55781,2.135925,SCG,BGR,6905
1972362,224,23,1414,2002,7088.0,0.0,0.11263699999999999,1.83925,TUR,BGR,6905
1972363,228,23,1414,2002,0.0,2439.0,0.835485,0.872135,UKR,BGR,6905
1972364,61,28,1414,2002,948.0,0.0,2.297691,-2.183239,DEU,BLR,6905
1972365,117,28,1414,2002,0.0,5593.0,0.081807,0.16872,KGZ,BLR,6905
1972366,162,28,1414,2002,2091.0,0.0,1.206176,1.7136360000000002,NLD,BLR,6905
1972367,186,28,1414,2002,1995.0,0.0,1.109397,0.424229,RUS,BLR,6905
1972368,231,28,1414,2002,0.0,3299.0,1.821594,0.231296,USA,BLR,6905
1972369,15,59,1414,2002,210386.0,1119761.0,1.8651200000000001,0.48423900000000003,AUT,CZE,6905
1972370,18,59,1414,2002,12903.0,13950.0,1.4097469999999999,1.440169,BEL,CZE,6905
1972371,26,59,1414,2002,0.0,179885.0,0.26339,0.30287,BIH,CZE,6905
1972372,41,59,1414,2002,0.0,18042.0,2.218095,0.620946,CHE,CZE,6905
1972373,58,59,1414,2002,0.0,2342.0,0.381391,0.40265,CYP,CZE,6905
1972374,61,59,1414,2002,1052778.0,5645294.0,2.297691,-2.183239,DEU,CZE,6905
1972375,64,59,1414,2002,0.0,34744.0,1.26594,1.225186,DNK,CZE,6905
1972376,68,59,1414,2002,2619.0,4182.0,-0.377127,0.549439,EGY,CZE,6905
1972377,77,59,1414,2002,7308.0,20795.0,1.569367,0.9886360000000001,FRA,CZE,6905
1972378,100,59,1414,2002,0.0,509249.0,0.591276,1.030723,HRV,CZE,6905
1972379,102,59,1414,2002,0.0,334893.0,1.179684,1.0574860000000001,HUN,CZE,6905
1972380,111,59,1414,2002,25951.0,864291.0,1.377604,1.2470510000000001,ITA,CZE,6905
1972381,130,59,1414,2002,0.0,1178.0,0.23102399999999998,0.586078,LTU,CZE,6905
1972382,162,59,1414,2002,1867.0,3716.0,1.206176,1.7136360000000002,NLD,CZE,6905
1972383,166,59,1414,2002,23747.0,0.0,0.542585,0.854243,NZL,CZE,6905
1972384,177,59,1414,2002,57363.0,4392279.0,0.931642,1.721727,POL,CZE,6905
1972385,185,59,1414,2002,0.0,91083.0,0.29888200000000004,0.980376,ROU,CZE,6905
1972386,189,59,1414,2002,0.0,15611.0,0.55781,2.135925,SCG,CZE,6905
1972387,206,59,1414,2002,133266.0,2433272.0,1.1907379999999999,1.050649,SVK,CZE,6905
1972388,207,59,1414,2002,15358.0,397536.0,1.5643770000000001,1.043862,SVN,CZE,6905
1972389,208,59,1414,2002,0.0,66883.0,2.128614,0.7891199999999999,SWE,CZE,6905
1972390,228,59,1414,2002,0.0,34356.0,0.835485,0.872135,UKR,CZE,6905
1972391,231,59,1414,2002,0.0,18374.0,1.821594,0.231296,USA,CZE,6905
1972392,250,59,1414,2002,0.0,11388.0,0.734927,-0.40114099999999997,ANS,CZE,6905
1972393,18,66,1414,2002,10698.0,0.0,1.4097469999999999,1.440169,BEL,DZA,6905
1972394,43,66,1414,2002,2860.0,0.0,0.576746,2.7995520000000003,CHN,DZA,6905
1972395,61,66,1414,2002,2675.0,0.0,2.297691,-2.183239,DEU,DZA,6905
1972396,71,66,1414,2002,378307.0,0.0,1.012246,2.049594,ESP,DZA,6905
1972397,77,66,1414,2002,39765.0,0.0,1.569367,0.9886360000000001,FRA,DZA,6905
1972398,111,66,1414,2002,33751.0,0.0,1.377604,1.2470510000000001,ITA,DZA,6905
1972399,14,68,1414,2002,0.0,1273.0,0.231386,0.771628,AUS,EGY,6905
1972400,59,68,1414,2002,4182.0,2619.0,1.550713,1.037066,CZE,EGY,6905
1972401,61,68,1414,2002,4660.0,0.0,2.297691,-2.183239,DEU,EGY,6905
1972402,71,68,1414,2002,128093.0,0.0,1.012246,2.049594,ESP,EGY,6905
1972403,77,68,1414,2002,0.0,7267.0,1.569367,0.9886360000000001,FRA,EGY,6905
1972404,81,68,1414,2002,7360.0,0.0,1.893177,0.831382,GBR,EGY,6905
1972405,90,68,1414,2002,96878.0,0.0,0.31858000000000003,1.47417,GRC,EGY,6905
1972406,111,68,1414,2002,135759.0,0.0,1.377604,1.2470510000000001,ITA,EGY,6905
1972407,126,68,1414,2002,0.0,1630.0,-0.568615,-1.172261,LBY,EGY,6905
1972408,188,68,1414,2002,113349.0,0.0,0.082107,-0.843317,SAU,EGY,6905
1972409,249,68,1414,2002,111721.0,0.0,1.683858,1.333601,TWN,EGY,6905
1972410,61,74,1414,2002,116249.0,0.0,2.297691,-2.183239,DEU,FIN,6905
1972411,64,74,1414,2002,2029.0,0.0,1.26594,1.225186,DNK,FIN,6905
1972412,72,74,1414,2002,160755.0,0.0,0.54511,0.9135979999999999,EST,FIN,6905
1972413,77,74,1414,2002,2730.0,0.0,1.569367,0.9886360000000001,FRA,FIN,6905
1972414,163,74,1414,2002,4302.0,39387.0,1.110882,0.17164100000000002,NOR,FIN,6905
1972415,186,74,1414,2002,1817.0,0.0,1.109397,0.424229,RUS,FIN,6905
1972416,208,74,1414,2002,330323.0,6573.0,2.128614,0.7891199999999999,SWE,FIN,6905
1972417,231,74,1414,2002,8734.0,0.0,1.821594,0.231296,USA,FIN,6905
1972418,9,82,1414,2002,13324.0,0.0,0.710274,-0.11309000000000001,ARM,GEO,6905
1972419,71,82,1414,2002,17081.0,0.0,1.012246,2.049594,ESP,GEO,6905
1972420,90,82,1414,2002,7121.0,0.0,0.31858000000000003,1.47417,GRC,GEO,6905
1972421,111,82,1414,2002,14425.0,0.0,1.377604,1.2470510000000001,ITA,GEO,6905
1972422,224,82,1414,2002,38878.0,0.0,0.11263699999999999,1.83925,TUR,GEO,6905
1972423,15,102,1414,2002,2425896.0,19695.0,1.8651200000000001,0.48423900000000003,AUT,HUN,6905
1972424,26,102,1414,2002,0.0,2076000.0,0.26339,0.30287,BIH,HUN,6905
1972425,41,102,1414,2002,0.0,875.0,2.218095,0.620946,CHE,HUN,6905
1972426,59,102,1414,2002,334893.0,0.0,1.550713,1.037066,CZE,HUN,6905
1972427,61,102,1414,2002,1696028.0,8301.0,2.297691,-2.183239,DEU,HUN,6905
1972428,71,102,1414,2002,23656.0,0.0,1.012246,2.049594,ESP,HUN,6905
1972429,77,102,1414,2002,99312.0,0.0,1.569367,0.9886360000000001,FRA,HUN,6905
1972430,100,102,1414,2002,2586522.0,706427.0,0.591276,1.030723,HRV,HUN,6905
1972431,111,102,1414,2002,365997.0,0.0,1.377604,1.2470510000000001,ITA,HUN,6905
1972432,135,102,1414,2002,0.0,348485.0,-0.186001,-0.141598,MDA,HUN,6905
1972433,162,102,1414,2002,0.0,38979.0,1.206176,1.7136360000000002,NLD,HUN,6905
1972434,163,102,1414,2002,0.0,755.0,1.110882,0.17164100000000002,NOR,HUN,6905
1972435,177,102,1414,2002,2677.0,2873.0,0.931642,1.721727,POL,HUN,6905
1972436,185,102,1414,2002,2812.0,2194574.0,0.29888200000000004,0.980376,ROU,HUN,6905
1972437,189,102,1414,2002,535220.0,95807.0,0.55781,2.135925,SCG,HUN,6905
1972438,206,102,1414,2002,498029.0,845949.0,1.1907379999999999,1.050649,SVK,HUN,6905
1972439,207,102,1414,2002,435717.0,922.0,1.5643770000000001,1.043862,SVN,HUN,6905
1972440,228,102,1414,2002,0.0,55776.0,0.835485,0.872135,UKR,HUN,6905
1972441,231,102,1414,2002,0.0,13897.0,1.821594,0.231296,USA,HUN,6905
1972442,7,104,1414,2002,4443.0,79686.0,0.044683,-0.247191,ARE,IND,6905
1972443,14,104,1414,2002,0.0,1571.0,0.231386,0.771628,AUS,IND,6905
1972444,22,104,1414,2002,3133.0,15894.0,-1.134933,-1.061633,BGD,IND,6905
1972445,24,104,1414,2002,0.0,6192.0,-0.146585,-1.006558,BHR,IND,6905
1972446,43,104,1414,2002,397724.0,2481.0,0.576746,2.7995520000000003,CHN,IND,6905
1972447,47,104,1414,2002,0.0,15261.0,-1.62227,-1.202067,COG,IND,6905
1972448,61,104,1414,2002,2924.0,0.0,2.297691,-2.183239,DEU,IND,6905
1972449,71,104,1414,2002,33936.0,4640.0,1.012246,2.049594,ESP,IND,6905
1972450,77,104,1414,2002,0.0,2137.0,1.569367,0.9886360000000001,FRA,IND,6905
1972451,90,104,1414,2002,1780.0,0.0,0.31858000000000003,1.47417,GRC,IND,6905
1972452,103,104,1414,2002,169648.0,0.0,-0.10020499999999999,1.590314,IDN,IND,6905
1972453,107,104,1414,2002,0.0,2651.0,-0.5707840000000001,-0.705612,IRN,IND,6905
1972454,116,104,1414,2002,0.0,3442.0,-0.555812,0.169204,KEN,IND,6905
1972455,121,104,1414,2002,9100.0,0.0,1.186816,1.075947,KOR,IND,6905
1972456,122,104,1414,2002,0.0,14365.0,-0.6629550000000001,-1.157214,KWT,IND,6905
1972457,128,104,1414,2002,0.0,23484.0,-0.740927,0.023171,LKA,IND,6905
1972458,151,104,1414,2002,0.0,1502.0,-0.37937600000000005,-0.388848,MUS,IND,6905
1972459,153,104,1414,2002,1377.0,3462.0,0.704957,0.243398,MYS,IND,6905
1972460,164,104,1414,2002,0.0,2377.0,-0.216428,0.44377700000000003,NPL,IND,6905
1972461,167,104,1414,2002,0.0,4368.0,-1.238769,-1.225841,OMN,IND,6905
1972462,174,104,1414,2002,0.0,3253.0,0.055439999999999996,-0.179809,PHL,IND,6905
1972463,183,104,1414,2002,0.0,38993.0,-0.306052,-1.098296,QAT,IND,6905
1972464,188,104,1414,2002,0.0,26034.0,0.082107,-0.843317,SAU,IND,6905
1972465,190,104,1414,2002,0.0,12370.0,-1.499925,-1.228374,SDN,IND,6905
1972466,192,104,1414,2002,2005.0,1895.0,1.481857,0.648889,SGP,IND,6905
1972467,211,104,1414,2002,0.0,79275.0,-0.977247,-0.927527,SYC,IND,6905
1972468,216,104,1414,2002,4038.0,0.0,0.432041,1.627953,THA,IND,6905
1972469,226,104,1414,2002,0.0,98123.0,-1.189463,-0.48640600000000006,TZA,IND,6905
1972470,231,104,1414,2002,192425.0,10224.0,1.821594,0.231296,USA,IND,6905
1972471,246,104,1414,2002,0.0,2019.0,0.395943,2.392458,ZAF,IND,6905
1972472,71,113,1414,2002,52392.0,0.0,1.012246,2.049594,ESP,JOR,6905
1972473,77,113,1414,2002,12062.0,0.0,1.569367,0.9886360000000001,FRA,JOR,6905
1972474,111,113,1414,2002,321706.0,0.0,1.377604,1.2470510000000001,ITA,JOR,6905
1972475,188,113,1414,2002,15774.0,0.0,0.082107,-0.843317,SAU,JOR,6905
1972476,224,113,1414,2002,3990.0,0.0,0.11263699999999999,1.83925,TUR,JOR,6905
1972477,61,115,1414,2002,1910.0,0.0,2.297691,-2.183239,DEU,KAZ,6905
1972478,111,115,1414,2002,144828.0,0.0,1.377604,1.2470510000000001,ITA,KAZ,6905
1972479,186,115,1414,2002,2319.0,0.0,1.109397,0.424229,RUS,KAZ,6905
1972480,224,115,1414,2002,4164.0,0.0,0.11263699999999999,1.83925,TUR,KAZ,6905
1972481,17,116,1414,2002,0.0,3263.0,-0.333602,-0.648837,BDI,KEN,6905
1972482,43,116,1414,2002,1072.0,0.0,0.576746,2.7995520000000003,CHN,KEN,6905
1972483,104,116,1414,2002,3442.0,0.0,0.380867,2.608955,IND,KEN,6905
1972484,111,116,1414,2002,7876.0,0.0,1.377604,1.2470510000000001,ITA,KEN,6905
1972485,114,116,1414,2002,4117.0,0.0,2.556057,0.497673,JPN,KEN,6905
1972486,162,116,1414,2002,4696.0,0.0,1.206176,1.7136360000000002,NLD,KEN,6905
1972487,226,116,1414,2002,0.0,16296.0,-1.189463,-0.48640600000000006,TZA,KEN,6905
1972488,227,116,1414,2002,447.0,3683.0,-1.038337,-0.896425,UGA,KEN,6905
1972489,231,116,1414,2002,1446.0,0.0,1.821594,0.231296,USA,KEN,6905
1972490,246,116,1414,2002,19837.0,0.0,0.395943,2.392458,ZAF,KEN,6905
1972491,250,116,1414,2002,6524.0,0.0,0.734927,-0.40114099999999997,ANS,KEN,6905
1972492,28,117,1414,2002,5593.0,0.0,0.825865,1.0148979999999999,BLR,KGZ,6905
1972493,43,122,1414,2002,9707.0,0.0,0.576746,2.7995520000000003,CHN,KWT,6905
1972494,71,122,1414,2002,32175.0,0.0,1.012246,2.049594,ESP,KWT,6905
1972495,77,122,1414,2002,53981.0,0.0,1.569367,0.9886360000000001,FRA,KWT,6905
1972496,104,122,1414,2002,14365.0,0.0,0.380867,2.608955,IND,KWT,6905
1972497,107,122,1414,2002,36963.0,0.0,-0.5707840000000001,-0.705612,IRN,KWT,6905
1972498,111,122,1414,2002,252414.0,0.0,1.377604,1.2470510000000001,ITA,KWT,6905
1972499,153,122,1414,2002,25824.0,0.0,0.704957,0.243398,MYS,KWT,6905
1972500,179,122,1414,2002,6715.0,0.0,0.484407,1.6500080000000001,PRT,KWT,6905
1972501,188,122,1414,2002,4442.0,0.0,0.082107,-0.843317,SAU,KWT,6905
1972502,192,122,1414,2002,71416.0,0.0,1.481857,0.648889,SGP,KWT,6905
1972503,216,122,1414,2002,2187.0,0.0,0.432041,1.627953,THA,KWT,6905
1972504,23,124,1414,2002,1279.0,0.0,0.37451100000000004,1.573517,BGR,LBN,6905
1972505,71,124,1414,2002,789347.0,0.0,1.012246,2.049594,ESP,LBN,6905
1972506,77,124,1414,2002,1990280.0,0.0,1.569367,0.9886360000000001,FRA,LBN,6905
1972507,81,124,1414,2002,1191.0,0.0,1.893177,0.831382,GBR,LBN,6905
1972508,90,124,1414,2002,22876.0,0.0,0.31858000000000003,1.47417,GRC,LBN,6905
1972509,107,124,1414,2002,21263.0,0.0,-0.5707840000000001,-0.705612,IRN,LBN,6905
1972510,111,124,1414,2002,1428302.0,0.0,1.377604,1.2470510000000001,ITA,LBN,6905
1972511,183,124,1414,2002,0.0,1526.0,-0.306052,-1.098296,QAT,LBN,6905
1972512,188,124,1414,2002,19719.0,1457.0,0.082107,-0.843317,SAU,LBN,6905
1972513,212,124,1414,2002,27285.0,0.0,-1.067974,-0.513309,SYR,LBN,6905
1972514,224,124,1414,2002,26551.0,0.0,0.11263699999999999,1.83925,TUR,LBN,6905
1972515,59,130,1414,2002,1178.0,0.0,1.550713,1.037066,CZE,LTU,6905
1972516,61,130,1414,2002,249565.0,1912.0,2.297691,-2.183239,DEU,LTU,6905
1972517,72,130,1414,2002,106062.0,959.0,0.54511,0.9135979999999999,EST,LTU,6905
1972518,111,130,1414,2002,5455.0,0.0,1.377604,1.2470510000000001,ITA,LTU,6905
1972519,177,130,1414,2002,52995.0,2503.0,0.931642,1.721727,POL,LTU,6905
1972520,186,130,1414,2002,0.0,33896.0,1.109397,0.424229,RUS,LTU,6905
1972521,206,130,1414,2002,4079.0,0.0,1.1907379999999999,1.050649,SVK,LTU,6905
1972522,231,130,1414,2002,10090.0,0.0,1.821594,0.231296,USA,LTU,6905
1972523,18,131,1414,2002,837384.0,40530.0,1.4097469999999999,1.440169,BEL,LUX,6905
1972524,61,131,1414,2002,469212.0,92841.0,2.297691,-2.183239,DEU,LUX,6905
1972525,71,131,1414,2002,217374.0,0.0,1.012246,2.049594,ESP,LUX,6905
1972526,77,131,1414,2002,264913.0,44801.0,1.569367,0.9886360000000001,FRA,LUX,6905
1972527,111,131,1414,2002,0.0,1924.0,1.377604,1.2470510000000001,ITA,LUX,6905
1972528,179,131,1414,2002,2040.0,0.0,0.484407,1.6500080000000001,PRT,LUX,6905
1972529,224,131,1414,2002,0.0,2320.0,0.11263699999999999,1.83925,TUR,LUX,6905
1972530,61,132,1414,2002,86051.0,0.0,2.297691,-2.183239,DEU,LVA,6905
1972531,72,132,1414,2002,50428.0,6250.0,0.54511,0.9135979999999999,EST,LVA,6905
1972532,111,132,1414,2002,32118.0,0.0,1.377604,1.2470510000000001,ITA,LVA,6905
1972533,186,132,1414,2002,6087.0,23007.0,1.109397,0.424229,RUS,LVA,6905
1972534,231,132,1414,2002,56440.0,0.0,1.821594,0.231296,USA,LVA,6905
1972535,7,167,1414,2002,5580.0,0.0,0.044683,-0.247191,ARE,OMN,6905
1972536,71,167,1414,2002,62118.0,0.0,1.012246,2.049594,ESP,OMN,6905
1972537,77,167,1414,2002,0.0,3508.0,1.569367,0.9886360000000001,FRA,OMN,6905
1972538,81,167,1414,2002,93006.0,0.0,1.893177,0.831382,GBR,OMN,6905
1972539,104,167,1414,2002,4368.0,0.0,0.380867,2.608955,IND,OMN,6905
1972540,216,167,1414,2002,5121.0,0.0,0.432041,1.627953,THA,OMN,6905
1972541,15,177,1414,2002,0.0,63000.0,1.8651200000000001,0.48423900000000003,AUT,POL,6905
1972542,18,177,1414,2002,125334.0,4352.0,1.4097469999999999,1.440169,BEL,POL,6905
1972543,59,177,1414,2002,4392279.0,57363.0,1.550713,1.037066,CZE,POL,6905
1972544,61,177,1414,2002,15493530.0,7909633.0,2.297691,-2.183239,DEU,POL,6905
1972545,72,177,1414,2002,658933.0,2058.0,0.54511,0.9135979999999999,EST,POL,6905
1972546,77,177,1414,2002,535541.0,0.0,1.569367,0.9886360000000001,FRA,POL,6905
1972547,81,177,1414,2002,0.0,111025.0,1.893177,0.831382,GBR,POL,6905
1972548,102,177,1414,2002,2873.0,2677.0,1.179684,1.0574860000000001,HUN,POL,6905
1972549,106,177,1414,2002,0.0,32123.0,1.7232880000000002,0.091172,IRL,POL,6905
1972550,111,177,1414,2002,102520.0,1691.0,1.377604,1.2470510000000001,ITA,POL,6905
1972551,130,177,1414,2002,2503.0,52995.0,0.23102399999999998,0.586078,LTU,POL,6905
1972552,162,177,1414,2002,0.0,29267.0,1.206176,1.7136360000000002,NLD,POL,6905
1972553,163,177,1414,2002,0.0,19195.0,1.110882,0.17164100000000002,NOR,POL,6905
1972554,179,177,1414,2002,1786.0,0.0,0.484407,1.6500080000000001,PRT,POL,6905
1972555,186,177,1414,2002,0.0,120597.0,1.109397,0.424229,RUS,POL,6905
1972556,208,177,1414,2002,0.0,17701.0,2.128614,0.7891199999999999,SWE,POL,6905
1972557,228,177,1414,2002,0.0,258251.0,0.835485,0.872135,UKR,POL,6905
1972558,7,183,1414,2002,11225.0,9331.0,0.044683,-0.247191,ARE,QAT,6905
1972559,43,183,1414,2002,592.0,0.0,0.576746,2.7995520000000003,CHN,QAT,6905
1972560,61,183,1414,2002,1144.0,0.0,2.297691,-2.183239,DEU,QAT,6905
1972561,71,183,1414,2002,322600.0,0.0,1.012246,2.049594,ESP,QAT,6905
1972562,81,183,1414,2002,6679.0,0.0,1.893177,0.831382,GBR,QAT,6905
1972563,103,183,1414,2002,12756.0,0.0,-0.10020499999999999,1.590314,IDN,QAT,6905
1972564,104,183,1414,2002,38993.0,0.0,0.380867,2.608955,IND,QAT,6905
1972565,107,183,1414,2002,2383.0,0.0,-0.5707840000000001,-0.705612,IRN,QAT,6905
1972566,111,183,1414,2002,124718.0,0.0,1.377604,1.2470510000000001,ITA,QAT,6905
1972567,114,183,1414,2002,4055.0,0.0,2.556057,0.497673,JPN,QAT,6905
1972568,124,183,1414,2002,1526.0,0.0,0.2729,1.254232,LBN,QAT,6905
1972569,153,183,1414,2002,60277.0,0.0,0.704957,0.243398,MYS,QAT,6905
1972570,166,183,1414,2002,19028.0,0.0,0.542585,0.854243,NZL,QAT,6905
1972571,188,183,1414,2002,774174.0,0.0,0.082107,-0.843317,SAU,QAT,6905
1972572,216,183,1414,2002,4171.0,0.0,0.432041,1.627953,THA,QAT,6905
1972573,239,183,1414,2002,2344.0,0.0,-0.589665,0.799874,VNM,QAT,6905
1972574,15,185,1414,2002,8824.0,1115.0,1.8651200000000001,0.48423900000000003,AUT,ROU,6905
1972575,41,185,1414,2002,1770.0,0.0,2.218095,0.620946,CHE,ROU,6905
1972576,58,185,1414,2002,0.0,4895.0,0.381391,0.40265,CYP,ROU,6905
1972577,59,185,1414,2002,91083.0,0.0,1.550713,1.037066,CZE,ROU,6905
1972578,61,185,1414,2002,71939.0,3797.0,2.297691,-2.183239,DEU,ROU,6905
1972579,77,185,1414,2002,0.0,70161.0,1.569367,0.9886360000000001,FRA,ROU,6905
1972580,90,185,1414,2002,6088.0,0.0,0.31858000000000003,1.47417,GRC,ROU,6905
1972581,100,185,1414,2002,4629.0,4397.0,0.591276,1.030723,HRV,ROU,6905
1972582,102,185,1414,2002,2194574.0,2812.0,1.179684,1.0574860000000001,HUN,ROU,6905
1972583,111,185,1414,2002,65924.0,991.0,1.377604,1.2470510000000001,ITA,ROU,6905
1972584,114,185,1414,2002,0.0,7849.0,2.556057,0.497673,JPN,ROU,6905
1972585,135,185,1414,2002,0.0,175748.0,-0.186001,-0.141598,MDA,ROU,6905
1972586,189,185,1414,2002,83632.0,0.0,0.55781,2.135925,SCG,ROU,6905
1972587,207,185,1414,2002,1389.0,0.0,1.5643770000000001,1.043862,SVN,ROU,6905
1972588,224,185,1414,2002,7729.0,0.0,0.11263699999999999,1.83925,TUR,ROU,6905
1972589,228,185,1414,2002,0.0,32417.0,0.835485,0.872135,UKR,ROU,6905
1972590,231,185,1414,2002,0.0,921.0,1.821594,0.231296,USA,ROU,6905
1972591,15,186,1414,2002,10254.0,0.0,1.8651200000000001,0.48423900000000003,AUT,RUS,6905
1972592,28,186,1414,2002,0.0,1995.0,0.825865,1.0148979999999999,BLR,RUS,6905
1972593,39,186,1414,2002,1418.0,0.0,0.9963280000000001,1.1922110000000001,CAN,RUS,6905
1972594,43,186,1414,2002,39865.0,0.0,0.576746,2.7995520000000003,CHN,RUS,6905
1972595,61,186,1414,2002,277381.0,0.0,2.297691,-2.183239,DEU,RUS,6905
1972596,71,186,1414,2002,37840.0,0.0,1.012246,2.049594,ESP,RUS,6905
1972597,72,186,1414,2002,31085.0,0.0,0.54511,0.9135979999999999,EST,RUS,6905
1972598,74,186,1414,2002,0.0,1817.0,2.0234240000000003,0.979141,FIN,RUS,6905
1972599,77,186,1414,2002,1175.0,0.0,1.569367,0.9886360000000001,FRA,RUS,6905
1972600,90,186,1414,2002,3809.0,0.0,0.31858000000000003,1.47417,GRC,RUS,6905
1972601,107,186,1414,2002,1092.0,0.0,-0.5707840000000001,-0.705612,IRN,RUS,6905
1972602,111,186,1414,2002,2522565.0,0.0,1.377604,1.2470510000000001,ITA,RUS,6905
1972603,115,186,1414,2002,0.0,2319.0,-0.065332,-0.616159,KAZ,RUS,6905
1972604,121,186,1414,2002,207165.0,0.0,1.186816,1.075947,KOR,RUS,6905
1972605,130,186,1414,2002,33896.0,0.0,0.23102399999999998,0.586078,LTU,RUS,6905
1972606,132,186,1414,2002,23007.0,6087.0,0.45210200000000006,0.515388,LVA,RUS,6905
1972607,177,186,1414,2002,120597.0,0.0,0.931642,1.721727,POL,RUS,6905
1972608,189,186,1414,2002,79821.0,0.0,0.55781,2.135925,SCG,RUS,6905
1972609,206,186,1414,2002,11586.0,0.0,1.1907379999999999,1.050649,SVK,RUS,6905
1972610,208,186,1414,2002,14416.0,0.0,2.128614,0.7891199999999999,SWE,RUS,6905
1972611,224,186,1414,2002,6883.0,0.0,0.11263699999999999,1.83925,TUR,RUS,6905
1972612,231,186,1414,2002,665154.0,0.0,1.821594,0.231296,USA,RUS,6905
1972613,7,188,1414,2002,0.0,28267.0,0.044683,-0.247191,ARE,SAU,6905
1972614,15,188,1414,2002,11138.0,0.0,1.8651200000000001,0.48423900000000003,AUT,SAU,6905
1972615,24,188,1414,2002,0.0,124582.0,-0.146585,-1.006558,BHR,SAU,6905
1972616,61,188,1414,2002,191222.0,0.0,2.297691,-2.183239,DEU,SAU,6905
1972617,64,188,1414,2002,31505.0,0.0,1.26594,1.225186,DNK,SAU,6905
1972618,68,188,1414,2002,0.0,113349.0,-0.377127,0.549439,EGY,SAU,6905
1972619,71,188,1414,2002,287753.0,0.0,1.012246,2.049594,ESP,SAU,6905
1972620,77,188,1414,2002,74377.0,0.0,1.569367,0.9886360000000001,FRA,SAU,6905
1972621,90,188,1414,2002,23003.0,0.0,0.31858000000000003,1.47417,GRC,SAU,6905
1972622,103,188,1414,2002,2151.0,0.0,-0.10020499999999999,1.590314,IDN,SAU,6905
1972623,104,188,1414,2002,26034.0,0.0,0.380867,2.608955,IND,SAU,6905
1972624,111,188,1414,2002,4256940.0,0.0,1.377604,1.2470510000000001,ITA,SAU,6905
1972625,113,188,1414,2002,0.0,15774.0,0.24197600000000002,0.196635,JOR,SAU,6905
1972626,122,188,1414,2002,0.0,4442.0,-0.6629550000000001,-1.157214,KWT,SAU,6905
1972627,124,188,1414,2002,1457.0,19719.0,0.2729,1.254232,LBN,SAU,6905
1972628,126,188,1414,2002,0.0,32800.0,-0.568615,-1.172261,LBY,SAU,6905
1972629,148,188,1414,2002,0.0,659.0,-1.27671,-1.218472,MRT,SAU,6905
1972630,153,188,1414,2002,0.0,1810.0,0.704957,0.243398,MYS,SAU,6905
1972631,183,188,1414,2002,0.0,774174.0,-0.306052,-1.098296,QAT,SAU,6905
1972632,190,188,1414,2002,0.0,2250.0,-1.499925,-1.228374,SDN,SAU,6905
1972633,191,188,1414,2002,0.0,1207.0,-0.43679700000000005,-0.484176,SEN,SAU,6905
1972634,216,188,1414,2002,19440.0,0.0,0.432041,1.627953,THA,SAU,6905
1972635,231,188,1414,2002,41273.0,0.0,1.821594,0.231296,USA,SAU,6905
1972636,15,206,1414,2002,547938.0,17916.0,1.8651200000000001,0.48423900000000003,AUT,SVK,6905
1972637,18,206,1414,2002,997.0,0.0,1.4097469999999999,1.440169,BEL,SVK,6905
1972638,59,206,1414,2002,2433272.0,133266.0,1.550713,1.037066,CZE,SVK,6905
1972639,61,206,1414,2002,9815.0,7814.0,2.297691,-2.183239,DEU,SVK,6905
1972640,71,206,1414,2002,7133.0,0.0,1.012246,2.049594,ESP,SVK,6905
1972641,77,206,1414,2002,54768.0,0.0,1.569367,0.9886360000000001,FRA,SVK,6905
1972642,100,206,1414,2002,1202.0,0.0,0.591276,1.030723,HRV,SVK,6905
1972643,102,206,1414,2002,845949.0,498029.0,1.179684,1.0574860000000001,HUN,SVK,6905
1972644,130,206,1414,2002,0.0,4079.0,0.23102399999999998,0.586078,LTU,SVK,6905
1972645,162,206,1414,2002,1654.0,4184.0,1.206176,1.7136360000000002,NLD,SVK,6905
1972646,186,206,1414,2002,0.0,11586.0,1.109397,0.424229,RUS,SVK,6905
1972647,207,206,1414,2002,6694.0,18889.0,1.5643770000000001,1.043862,SVN,SVK,6905
1972648,228,206,1414,2002,0.0,82057.0,0.835485,0.872135,UKR,SVK,6905
1972649,14,207,1414,2002,0.0,1084.0,0.231386,0.771628,AUS,SVN,6905
1972650,15,207,1414,2002,2928350.0,254693.0,1.8651200000000001,0.48423900000000003,AUT,SVN,6905
1972651,26,207,1414,2002,1393.0,19696.0,0.26339,0.30287,BIH,SVN,6905
1972652,59,207,1414,2002,397536.0,15358.0,1.550713,1.037066,CZE,SVN,6905
1972653,61,207,1414,2002,2349864.0,0.0,2.297691,-2.183239,DEU,SVN,6905
1972654,77,207,1414,2002,4876.0,0.0,1.569367,0.9886360000000001,FRA,SVN,6905
1972655,90,207,1414,2002,1095.0,0.0,0.31858000000000003,1.47417,GRC,SVN,6905
1972656,100,207,1414,2002,29789.0,901295.0,0.591276,1.030723,HRV,SVN,6905
1972657,102,207,1414,2002,922.0,435717.0,1.179684,1.0574860000000001,HUN,SVN,6905
1972658,111,207,1414,2002,569253.0,142510.0,1.377604,1.2470510000000001,ITA,SVN,6905
1972659,140,207,1414,2002,0.0,23979.0,-0.030274000000000002,0.359317,MKD,SVN,6905
1972660,185,207,1414,2002,0.0,1389.0,0.29888200000000004,0.980376,ROU,SVN,6905
1972661,189,207,1414,2002,33024.0,954.0,0.55781,2.135925,SCG,SVN,6905
1972662,190,207,1414,2002,0.0,4005.0,-1.499925,-1.228374,SDN,SVN,6905
1972663,206,207,1414,2002,18889.0,6694.0,1.1907379999999999,1.050649,SVK,SVN,6905
1972664,246,207,1414,2002,1056.0,0.0,0.395943,2.392458,ZAF,SVN,6905
1972665,71,223,1414,2002,112926.0,0.0,1.012246,2.049594,ESP,TUN,6905
1972666,77,223,1414,2002,11936.0,16705.0,1.569367,0.9886360000000001,FRA,TUN,6905
1972667,111,223,1414,2002,10711.0,0.0,1.377604,1.2470510000000001,ITA,TUN,6905
1972668,126,223,1414,2002,0.0,21449.0,-0.568615,-1.172261,LBY,TUN,6905
1972669,148,223,1414,2002,0.0,12964.0,-1.27671,-1.218472,MRT,TUN,6905
1972670,7,226,1414,2002,39535.0,0.0,0.044683,-0.247191,ARE,TZA,6905
1972671,14,226,1414,2002,1015.0,0.0,0.231386,0.771628,AUS,TZA,6905
1972672,18,226,1414,2002,12196.0,0.0,1.4097469999999999,1.440169,BEL,TZA,6905
1972673,43,226,1414,2002,7526.0,0.0,0.576746,2.7995520000000003,CHN,TZA,6905
1972674,61,226,1414,2002,12947.0,0.0,2.297691,-2.183239,DEU,TZA,6905
1972675,64,226,1414,2002,1315.0,0.0,1.26594,1.225186,DNK,TZA,6905
1972676,71,226,1414,2002,1034.0,0.0,1.012246,2.049594,ESP,TZA,6905
1972677,81,226,1414,2002,5028.0,0.0,1.893177,0.831382,GBR,TZA,6905
1972678,103,226,1414,2002,2412.0,0.0,-0.10020499999999999,1.590314,IDN,TZA,6905
1972679,104,226,1414,2002,98123.0,0.0,0.380867,2.608955,IND,TZA,6905
1972680,110,226,1414,2002,6739.0,0.0,1.334174,0.654331,ISR,TZA,6905
1972681,111,226,1414,2002,34380.0,0.0,1.377604,1.2470510000000001,ITA,TZA,6905
1972682,116,226,1414,2002,16296.0,0.0,-0.555812,0.169204,KEN,TZA,6905
1972683,162,226,1414,2002,2434.0,0.0,1.206176,1.7136360000000002,NLD,TZA,6905
1972684,231,226,1414,2002,1603.0,0.0,1.821594,0.231296,USA,TZA,6905
1972685,246,226,1414,2002,86304.0,0.0,0.395943,2.392458,ZAF,TZA,6905
1972686,15,228,1414,2002,1262.0,0.0,1.8651200000000001,0.48423900000000003,AUT,UKR,6905
1972687,23,228,1414,2002,2439.0,0.0,0.37451100000000004,1.573517,BGR,UKR,6905
1972688,59,228,1414,2002,34356.0,0.0,1.550713,1.037066,CZE,UKR,6905
1972689,61,228,1414,2002,161328.0,933.0,2.297691,-2.183239,DEU,UKR,6905
1972690,71,228,1414,2002,14156.0,0.0,1.012246,2.049594,ESP,UKR,6905
1972691,72,228,1414,2002,19820.0,0.0,0.54511,0.9135979999999999,EST,UKR,6905
1972692,77,228,1414,2002,12641.0,0.0,1.569367,0.9886360000000001,FRA,UKR,6905
1972693,81,228,1414,2002,30719.0,0.0,1.893177,0.831382,GBR,UKR,6905
1972694,90,228,1414,2002,13245.0,0.0,0.31858000000000003,1.47417,GRC,UKR,6905
1972695,102,228,1414,2002,55776.0,0.0,1.179684,1.0574860000000001,HUN,UKR,6905
1972696,111,228,1414,2002,99606.0,0.0,1.377604,1.2470510000000001,ITA,UKR,6905
1972697,177,228,1414,2002,258251.0,0.0,0.931642,1.721727,POL,UKR,6905
1972698,185,228,1414,2002,32417.0,0.0,0.29888200000000004,0.980376,ROU,UKR,6905
1972699,189,228,1414,2002,1121.0,0.0,0.55781,2.135925,SCG,UKR,6905
1972700,206,228,1414,2002,82057.0,0.0,1.1907379999999999,1.050649,SVK,UKR,6905
1972701,224,228,1414,2002,3482.0,0.0,0.11263699999999999,1.83925,TUR,UKR,6905
1972702,31,8,1414,2002,0.0,3530.0,-0.885342,-0.819517,BOL,ARG,6905
1972703,32,8,1414,2002,2062.0,0.0,0.677883,1.0227190000000002,BRA,ARG,6905
1972704,71,8,1414,2002,930.0,0.0,1.012246,2.049594,ESP,ARG,6905
1972705,81,8,1414,2002,0.0,57375.0,1.893177,0.831382,GBR,ARG,6905
1972706,138,8,1414,2002,0.0,34395.0,0.942061,0.6311260000000001,MEX,ARG,6905
1972707,162,8,1414,2002,0.0,2259.0,1.206176,1.7136360000000002,NLD,ARG,6905
1972708,169,8,1414,2002,0.0,9617.0,0.134759,0.234258,PAN,ARG,6905
1972709,180,8,1414,2002,4298.0,8091.0,-0.614282,-0.963832,PRY,ARG,6905
1972710,230,8,1414,2002,1159.0,327906.0,0.300502,0.16817000000000001,URY,ARG,6905
1972711,231,8,1414,2002,0.0,48593.0,1.821594,0.231296,USA,ARG,6905
1972712,246,8,1414,2002,0.0,1550.0,0.395943,2.392458,ZAF,ARG,6905
1972713,250,8,1414,2002,0.0,24889.0,0.734927,-0.40114099999999997,ANS,ARG,6905
1972714,111,37,1414,2002,3380.0,0.0,1.377604,1.2470510000000001,ITA,BWA,6905
1972715,246,37,1414,2002,2698017.0,1056.0,0.395943,2.392458,ZAF,BWA,6905
1972716,247,37,1414,2002,0.0,1047.0,-0.654686,-0.545346,ZMB,BWA,6905
1972717,248,37,1414,2002,2141.0,13605.0,-0.309483,0.271457,ZWE,BWA,6905
1972718,18,44,1414,2002,947.0,0.0,1.4097469999999999,1.440169,BEL,CIV,6905
1972719,32,44,1414,2002,4950.0,0.0,0.677883,1.0227190000000002,BRA,CIV,6905
1972720,71,44,1414,2002,3098.0,0.0,1.012246,2.049594,ESP,CIV,6905
1972721,80,44,1414,2002,0.0,4614.0,-0.830094,-1.149233,GAB,CIV,6905
1972722,85,44,1414,2002,0.0,16512.0,-1.85329,-1.243105,GIN,CIV,6905
1972723,111,44,1414,2002,35275.0,0.0,1.377604,1.2470510000000001,ITA,CIV,6905
1972724,125,44,1414,2002,0.0,11402.0,-0.508416,-1.121658,LBR,CIV,6905
1972725,141,44,1414,2002,0.0,3608.0,-0.8948520000000001,-0.863375,MLI,CIV,6905
1972726,191,44,1414,2002,0.0,53687.0,-0.43679700000000005,-0.484176,SEN,CIV,6905
1972727,43,45,1414,2002,2082.0,0.0,0.576746,2.7995520000000003,CHN,CMR,6905
1972728,61,45,1414,2002,3607.0,0.0,2.297691,-2.183239,DEU,CMR,6905
1972729,77,45,1414,2002,26355.0,0.0,1.569367,0.9886360000000001,FRA,CMR,6905
1972730,111,45,1414,2002,21011.0,0.0,1.377604,1.2470510000000001,ITA,CMR,6905
1972731,216,45,1414,2002,4293.0,0.0,0.432041,1.627953,THA,CMR,6905
1972732,250,45,1414,2002,1527.0,0.0,0.734927,-0.40114099999999997,ANS,CMR,6905
1972733,32,51,1414,2002,14636.0,0.0,0.677883,1.0227190000000002,BRA,CPV,6905
1972734,61,51,1414,2002,1562.0,0.0,2.297691,-2.183239,DEU,CPV,6905
1972735,71,51,1414,2002,2306.0,0.0,1.012246,2.049594,ESP,CPV,6905
1972736,111,51,1414,2002,19726.0,0.0,1.377604,1.2470510000000001,ITA,CPV,6905
1972737,179,51,1414,2002,169629.0,0.0,0.484407,1.6500080000000001,PRT,CPV,6905
1972738,249,51,1414,2002,75.0,0.0,1.683858,1.333601,TWN,CPV,6905
1972739,24,58,1414,2002,0.0,2550.0,-0.146585,-1.006558,BHR,CYP,6905
1972740,59,58,1414,2002,2342.0,0.0,1.550713,1.037066,CZE,CYP,6905
1972741,71,58,1414,2002,28354.0,0.0,1.012246,2.049594,ESP,CYP,6905
1972742,77,58,1414,2002,54149.0,0.0,1.569367,0.9886360000000001,FRA,CYP,6905
1972743,81,58,1414,2002,3730.0,0.0,1.893177,0.831382,GBR,CYP,6905
1972744,90,58,1414,2002,360766.0,4008.0,0.31858000000000003,1.47417,GRC,CYP,6905
1972745,111,58,1414,2002,678315.0,0.0,1.377604,1.2470510000000001,ITA,CYP,6905
1972746,185,58,1414,2002,4895.0,0.0,0.29888200000000004,0.980376,ROU,CYP,6905
1972747,224,58,1414,2002,232784.0,0.0,0.11263699999999999,1.83925,TUR,CYP,6905
1972748,246,58,1414,2002,3758.0,0.0,0.395943,2.392458,ZAF,CYP,6905
1972749,61,72,1414,2002,30043.0,0.0,2.297691,-2.183239,DEU,EST,6905
1972750,64,72,1414,2002,0.0,30511.0,1.26594,1.225186,DNK,EST,6905
1972751,71,72,1414,2002,7630.0,0.0,1.012246,2.049594,ESP,EST,6905
1972752,74,72,1414,2002,0.0,160755.0,2.0234240000000003,0.979141,FIN,EST,6905
1972753,77,72,1414,2002,16006.0,0.0,1.569367,0.9886360000000001,FRA,EST,6905
1972754,81,72,1414,2002,0.0,6320.0,1.893177,0.831382,GBR,EST,6905
1972755,111,72,1414,2002,51763.0,0.0,1.377604,1.2470510000000001,ITA,EST,6905
1972756,130,72,1414,2002,959.0,106062.0,0.23102399999999998,0.586078,LTU,EST,6905
1972757,132,72,1414,2002,6250.0,50428.0,0.45210200000000006,0.515388,LVA,EST,6905
1972758,162,72,1414,2002,0.0,15104.0,1.206176,1.7136360000000002,NLD,EST,6905
1972759,163,72,1414,2002,0.0,68278.0,1.110882,0.17164100000000002,NOR,EST,6905
1972760,177,72,1414,2002,2058.0,658933.0,0.931642,1.721727,POL,EST,6905
1972761,186,72,1414,2002,0.0,31085.0,1.109397,0.424229,RUS,EST,6905
1972762,208,72,1414,2002,24585.0,7882.0,2.128614,0.7891199999999999,SWE,EST,6905
1972763,224,72,1414,2002,1581.0,0.0,0.11263699999999999,1.83925,TUR,EST,6905
1972764,228,72,1414,2002,0.0,19820.0,0.835485,0.872135,UKR,EST,6905
1972765,250,72,1414,2002,53540.0,8270.0,0.734927,-0.40114099999999997,ANS,EST,6905
1972766,44,80,1414,2002,4614.0,0.0,-0.816327,-0.711765,CIV,GAB,6905
1972767,71,80,1414,2002,6891.0,0.0,1.012246,2.049594,ESP,GAB,6905
1972768,77,80,1414,2002,5967.0,0.0,1.569367,0.9886360000000001,FRA,GAB,6905
1972769,111,80,1414,2002,9671.0,0.0,1.377604,1.2470510000000001,ITA,GAB,6905
1972770,14,83,1414,2002,1431.0,0.0,0.231386,0.771628,AUS,GHA,6905
1972771,18,83,1414,2002,11675.0,0.0,1.4097469999999999,1.440169,BEL,GHA,6905
1972772,61,83,1414,2002,907.0,0.0,2.297691,-2.183239,DEU,GHA,6905
1972773,71,83,1414,2002,7132.0,0.0,1.012246,2.049594,ESP,GHA,6905
1972774,81,83,1414,2002,5977.0,0.0,1.893177,0.831382,GBR,GHA,6905
1972775,85,83,1414,2002,0.0,4457.0,-1.85329,-1.243105,GIN,GHA,6905
1972776,110,83,1414,2002,2988.0,0.0,1.334174,0.654331,ISR,GHA,6905
1972777,111,83,1414,2002,42854.0,0.0,1.377604,1.2470510000000001,ITA,GHA,6905
1972778,141,83,1414,2002,1506.0,0.0,-0.8948520000000001,-0.863375,MLI,GHA,6905
1972779,147,83,1414,2002,2774.0,0.0,-0.947259,-1.047883,MOZ,GHA,6905
1972780,157,83,1414,2002,25919.0,0.0,-0.344562,-0.304996,NER,GHA,6905
1972781,159,83,1414,2002,22564.0,0.0,-1.8315700000000001,-1.25171,NGA,GHA,6905
1972782,162,83,1414,2002,10229.0,0.0,1.206176,1.7136360000000002,NLD,GHA,6905
1972783,179,83,1414,2002,837.0,0.0,0.484407,1.6500080000000001,PRT,GHA,6905
1972784,215,83,1414,2002,2113.0,0.0,-0.6810039999999999,-0.6286930000000001,TGO,GHA,6905
1972785,216,83,1414,2002,15622.0,0.0,0.432041,1.627953,THA,GHA,6905
1972786,231,83,1414,2002,7961.0,0.0,1.821594,0.231296,USA,GHA,6905
1972787,246,83,1414,2002,9945.0,0.0,0.395943,2.392458,ZAF,GHA,6905
1972788,71,134,1414,2002,163146.0,0.0,1.012246,2.049594,ESP,MAR,6905
1972789,77,134,1414,2002,2772.0,4338.0,1.569367,0.9886360000000001,FRA,MAR,6905
1972790,81,134,1414,2002,2640.0,2869.0,1.893177,0.831382,GBR,MAR,6905
1972791,111,134,1414,2002,3844.0,0.0,1.377604,1.2470510000000001,ITA,MAR,6905
1972792,114,134,1414,2002,0.0,3240.0,2.556057,0.497673,JPN,MAR,6905
1972793,148,134,1414,2002,0.0,2940.0,-1.27671,-1.218472,MRT,MAR,6905
1972794,192,134,1414,2002,2419.0,0.0,1.481857,0.648889,SGP,MAR,6905
1972795,7,141,1414,2002,12148.0,0.0,0.044683,-0.247191,ARE,MLI,6905
1972796,44,141,1414,2002,3608.0,0.0,-0.816327,-0.711765,CIV,MLI,6905
1972797,77,141,1414,2002,6004.0,0.0,1.569367,0.9886360000000001,FRA,MLI,6905
1972798,83,141,1414,2002,0.0,1506.0,-1.333425,-1.0709879999999998,GHA,MLI,6905
1972799,216,141,1414,2002,1878.0,0.0,0.432041,1.627953,THA,MLI,6905
1972800,32,147,1414,2002,6600.0,0.0,0.677883,1.0227190000000002,BRA,MOZ,6905
1972801,43,147,1414,2002,5532.0,0.0,0.576746,2.7995520000000003,CHN,MOZ,6905
1972802,71,147,1414,2002,859.0,0.0,1.012246,2.049594,ESP,MOZ,6905
1972803,83,147,1414,2002,0.0,2774.0,-1.333425,-1.0709879999999998,GHA,MOZ,6905
1972804,111,147,1414,2002,1849.0,0.0,1.377604,1.2470510000000001,ITA,MOZ,6905
1972805,179,147,1414,2002,3659.0,0.0,0.484407,1.6500080000000001,PRT,MOZ,6905
1972806,209,147,1414,2002,1620.0,0.0,0.49801599999999996,-0.139709,SWZ,MOZ,6905
1972807,246,147,1414,2002,173172.0,0.0,0.395943,2.392458,ZAF,MOZ,6905
1972808,2,155,1414,2002,0.0,9945.0,-2.018135,-1.222751,AGO,NAM,6905
1972809,246,155,1414,2002,299981.0,0.0,0.395943,2.392458,ZAF,NAM,6905
1972810,61,159,1414,2002,6452.0,0.0,2.297691,-2.183239,DEU,NGA,6905
1972811,71,159,1414,2002,84920.0,0.0,1.012246,2.049594,ESP,NGA,6905
1972812,77,159,1414,2002,3311.0,0.0,1.569367,0.9886360000000001,FRA,NGA,6905
1972813,81,159,1414,2002,25817.0,0.0,1.893177,0.831382,GBR,NGA,6905
1972814,83,159,1414,2002,0.0,22564.0,-1.333425,-1.0709879999999998,GHA,NGA,6905
1972815,103,159,1414,2002,8679.0,0.0,-0.10020499999999999,1.590314,IDN,NGA,6905
1972816,231,159,1414,2002,8201.0,0.0,1.821594,0.231296,USA,NGA,6905
1972817,44,191,1414,2002,53687.0,0.0,-0.816327,-0.711765,CIV,SEN,6905
1972818,71,191,1414,2002,29850.0,0.0,1.012246,2.049594,ESP,SEN,6905
1972819,77,191,1414,2002,29851.0,0.0,1.569367,0.9886360000000001,FRA,SEN,6905
1972820,111,191,1414,2002,37579.0,0.0,1.377604,1.2470510000000001,ITA,SEN,6905
1972821,188,191,1414,2002,1207.0,0.0,0.082107,-0.843317,SAU,SEN,6905
1972822,179,203,1414,2002,31134.0,0.0,0.484407,1.6500080000000001,PRT,STP,6905
1972823,19,215,1414,2002,0.0,17455.0,-0.724829,-0.705625,BEN,TGO,6905
1972824,71,215,1414,2002,1282.0,0.0,1.012246,2.049594,ESP,TGO,6905
1972825,77,215,1414,2002,12644.0,0.0,1.569367,0.9886360000000001,FRA,TGO,6905
1972826,83,215,1414,2002,0.0,2113.0,-1.333425,-1.0709879999999998,GHA,TGO,6905
1972827,111,215,1414,2002,25174.0,49721.0,1.377604,1.2470510000000001,ITA,TGO,6905
1972828,157,215,1414,2002,0.0,1655.0,-0.344562,-0.304996,NER,TGO,6905
1972829,250,215,1414,2002,0.0,20062.0,0.734927,-0.40114099999999997,ANS,TGO,6905
1972830,7,227,1414,2002,15289.0,0.0,0.044683,-0.247191,ARE,UGA,6905
1972831,46,227,1414,2002,0.0,1538.0,-1.2657370000000001,-1.108659,COD,UGA,6905
1972832,64,227,1414,2002,4112.0,0.0,1.26594,1.225186,DNK,UGA,6905
1972833,71,227,1414,2002,6507.0,0.0,1.012246,2.049594,ESP,UGA,6905
1972834,111,227,1414,2002,1435.0,0.0,1.377604,1.2470510000000001,ITA,UGA,6905
1972835,116,227,1414,2002,3683.0,447.0,-0.555812,0.169204,KEN,UGA,6905
1972836,187,227,1414,2002,0.0,3803.0,-0.553848,-0.757714,RWA,UGA,6905
1972837,231,227,1414,2002,6829.0,0.0,1.821594,0.231296,USA,UGA,6905
1972838,246,227,1414,2002,7582.0,0.0,0.395943,2.392458,ZAF,UGA,6905
1972839,7,247,1414,2002,664.0,0.0,0.044683,-0.247191,ARE,ZMB,6905
1972840,37,247,1414,2002,1047.0,0.0,-0.14025,-1.018399,BWA,ZMB,6905
1972841,81,247,1414,2002,6720.0,0.0,1.893177,0.831382,GBR,ZMB,6905
1972842,246,247,1414,2002,29408.0,0.0,0.395943,2.392458,ZAF,ZMB,6905
1972843,248,247,1414,2002,2299.0,0.0,-0.309483,0.271457,ZWE,ZMB,6905
1972844,37,248,1414,2002,13605.0,2141.0,-0.14025,-1.018399,BWA,ZWE,6905
1972845,152,248,1414,2002,0.0,2163.0,-1.441416,-1.214651,MWI,ZWE,6905
1972846,246,248,1414,2002,66150.0,5438.0,0.395943,2.392458,ZAF,ZWE,6905
1972847,247,248,1414,2002,0.0,2299.0,-0.654686,-0.545346,ZMB,ZWE,6905
1972848,111,120,1414,2002,778.0,0.0,1.377604,1.2470510000000001,ITA,KNA,6905
1972849,231,120,1414,2002,2397.0,0.0,1.821594,0.231296,USA,KNA,6905
1972850,7,152,1414,2002,1632.0,0.0,0.044683,-0.247191,ARE,MWI,6905
1972851,209,152,1414,2002,3607.0,0.0,0.49801599999999996,-0.139709,SWZ,MWI,6905
1972852,246,152,1414,2002,101656.0,0.0,0.395943,2.392458,ZAF,MWI,6905
1972853,248,152,1414,2002,2163.0,0.0,-0.309483,0.271457,ZWE,MWI,6905
1972854,14,176,1414,2002,4435.0,0.0,0.231386,0.771628,AUS,PNG,6905
1972855,153,176,1414,2002,8933.0,0.0,0.704957,0.243398,MYS,PNG,6905
1972856,166,176,1414,2002,9395.0,0.0,0.542585,0.854243,NZL,PNG,6905
1972857,231,176,1414,2002,4966.0,0.0,1.821594,0.231296,USA,PNG,6905
1972858,32,234,1414,2002,2069.0,0.0,0.677883,1.0227190000000002,BRA,VCT,6905
1972859,222,234,1414,2002,1772.0,0.0,0.074907,-0.8203879999999999,TTO,VCT,6905
1972860,231,234,1414,2002,3755.0,0.0,1.821594,0.231296,USA,VCT,6905
1972861,58,24,1414,2002,2550.0,0.0,0.381391,0.40265,CYP,BHR,6905
1972862,71,24,1414,2002,6902.0,0.0,1.012246,2.049594,ESP,BHR,6905
1972863,77,24,1414,2002,32425.0,0.0,1.569367,0.9886360000000001,FRA,BHR,6905
1972864,104,24,1414,2002,6192.0,0.0,0.380867,2.608955,IND,BHR,6905
1972865,107,24,1414,2002,1644.0,0.0,-0.5707840000000001,-0.705612,IRN,BHR,6905
1972866,111,24,1414,2002,77410.0,0.0,1.377604,1.2470510000000001,ITA,BHR,6905
1972867,114,24,1414,2002,9886.0,0.0,2.556057,0.497673,JPN,BHR,6905
1972868,153,24,1414,2002,25825.0,0.0,0.704957,0.243398,MYS,BHR,6905
1972869,188,24,1414,2002,124582.0,0.0,0.082107,-0.843317,SAU,BHR,6905
1972870,216,24,1414,2002,13199.0,0.0,0.432041,1.627953,THA,BHR,6905
1972871,249,24,1414,2002,4272.0,0.0,1.683858,1.333601,TWN,BHR,6905
1972872,15,26,1414,2002,2896759.0,1110.0,1.8651200000000001,0.48423900000000003,AUT,BIH,6905
1972873,59,26,1414,2002,179885.0,0.0,1.550713,1.037066,CZE,BIH,6905
1972874,61,26,1414,2002,103000.0,0.0,2.297691,-2.183239,DEU,BIH,6905
1972875,100,26,1414,2002,11438578.0,4915.0,0.591276,1.030723,HRV,BIH,6905
1972876,102,26,1414,2002,2076000.0,0.0,1.179684,1.0574860000000001,HUN,BIH,6905
1972877,111,26,1414,2002,224783.0,0.0,1.377604,1.2470510000000001,ITA,BIH,6905
1972878,189,26,1414,2002,8699344.0,0.0,0.55781,2.135925,SCG,BIH,6905
1972879,207,26,1414,2002,19696.0,1393.0,1.5643770000000001,1.043862,SVN,BIH,6905
1972880,224,26,1414,2002,1023.0,0.0,0.11263699999999999,1.83925,TUR,BIH,6905
1972881,15,100,1414,2002,3360988.0,6969.0,1.8651200000000001,0.48423900000000003,AUT,HRV,6905
1972882,26,100,1414,2002,4915.0,11438578.0,0.26339,0.30287,BIH,HRV,6905
1972883,39,100,1414,2002,11428.0,0.0,0.9963280000000001,1.1922110000000001,CAN,HRV,6905
1972884,59,100,1414,2002,509249.0,0.0,1.550713,1.037066,CZE,HRV,6905
1972885,61,100,1414,2002,692518.0,28090.0,2.297691,-2.183239,DEU,HRV,6905
1972886,102,100,1414,2002,706427.0,2586522.0,1.179684,1.0574860000000001,HUN,HRV,6905
1972887,111,100,1414,2002,1716719.0,0.0,1.377604,1.2470510000000001,ITA,HRV,6905
1972888,140,100,1414,2002,0.0,1949.0,-0.030274000000000002,0.359317,MKD,HRV,6905
1972889,185,100,1414,2002,4397.0,4629.0,0.29888200000000004,0.980376,ROU,HRV,6905
1972890,189,100,1414,2002,106498.0,29117.0,0.55781,2.135925,SCG,HRV,6905
1972891,206,100,1414,2002,0.0,1202.0,1.1907379999999999,1.050649,SVK,HRV,6905
1972892,207,100,1414,2002,901295.0,29789.0,1.5643770000000001,1.043862,SVN,HRV,6905
1972893,61,109,1414,2002,13780.0,0.0,2.297691,-2.183239,DEU,ISL,6905
1972894,64,109,1414,2002,2175.0,0.0,1.26594,1.225186,DNK,ISL,6905
1972895,71,109,1414,2002,1154.0,0.0,1.012246,2.049594,ESP,ISL,6905
1972896,81,109,1414,2002,83337.0,0.0,1.893177,0.831382,GBR,ISL,6905
1972897,61,126,1414,2002,54000.0,0.0,2.297691,-2.183239,DEU,LBY,6905
1972898,68,126,1414,2002,1630.0,0.0,-0.377127,0.549439,EGY,LBY,6905
1972899,71,126,1414,2002,39570.0,0.0,1.012246,2.049594,ESP,LBY,6905
1972900,111,126,1414,2002,131036.0,0.0,1.377604,1.2470510000000001,ITA,LBY,6905
1972901,188,126,1414,2002,32800.0,0.0,0.082107,-0.843317,SAU,LBY,6905
1972902,223,126,1414,2002,21449.0,0.0,-0.221951,0.325506,TUN,LBY,6905
1972903,224,126,1414,2002,2830.0,0.0,0.11263699999999999,1.83925,TUR,LBY,6905
1972904,61,135,1414,2002,2866.0,0.0,2.297691,-2.183239,DEU,MDA,6905
1972905,77,135,1414,2002,1661.0,0.0,1.569367,0.9886360000000001,FRA,MDA,6905
1972906,102,135,1414,2002,348485.0,0.0,1.179684,1.0574860000000001,HUN,MDA,6905
1972907,111,135,1414,2002,42396.0,0.0,1.377604,1.2470510000000001,ITA,MDA,6905
1972908,185,135,1414,2002,175748.0,0.0,0.29888200000000004,0.980376,ROU,MDA,6905
1972909,4,140,1414,2002,0.0,49324.0,-0.127828,-0.126857,ALB,MKD,6905
1972910,23,140,1414,2002,11395.0,9157.0,0.37451100000000004,1.573517,BGR,MKD,6905
1972911,41,140,1414,2002,1102.0,0.0,2.218095,0.620946,CHE,MKD,6905
1972912,77,140,1414,2002,1711.0,0.0,1.569367,0.9886360000000001,FRA,MKD,6905
1972913,90,140,1414,2002,228582.0,0.0,0.31858000000000003,1.47417,GRC,MKD,6905
1972914,100,140,1414,2002,1949.0,0.0,0.591276,1.030723,HRV,MKD,6905
1972915,189,140,1414,2002,1738341.0,43454.0,0.55781,2.135925,SCG,MKD,6905
1972916,207,140,1414,2002,23979.0,0.0,1.5643770000000001,1.043862,SVN,MKD,6905
1972917,43,143,1414,2002,21874.0,0.0,0.576746,2.7995520000000003,CHN,MMR,6905
1972918,153,143,1414,2002,71789.0,0.0,0.704957,0.243398,MYS,MMR,6905
1972919,192,143,1414,2002,198001.0,0.0,1.481857,0.648889,SGP,MMR,6905
1972920,216,143,1414,2002,129463.0,0.0,0.432041,1.627953,THA,MMR,6905
1972921,43,178,1414,2002,4801.0,0.0,0.576746,2.7995520000000003,CHN,PRK,6905
1972922,18,189,1414,2002,0.0,6428.0,1.4097469999999999,1.440169,BEL,SCG,6905
1972923,23,189,1414,2002,0.0,2587.0,0.37451100000000004,1.573517,BGR,SCG,6905
1972924,26,189,1414,2002,0.0,8699344.0,0.26339,0.30287,BIH,SCG,6905
1972925,41,189,1414,2002,6973.0,0.0,2.218095,0.620946,CHE,SCG,6905
1972926,59,189,1414,2002,15611.0,0.0,1.550713,1.037066,CZE,SCG,6905
1972927,61,189,1414,2002,12087.0,0.0,2.297691,-2.183239,DEU,SCG,6905
1972928,71,189,1414,2002,4539.0,0.0,1.012246,2.049594,ESP,SCG,6905
1972929,90,189,1414,2002,20589.0,0.0,0.31858000000000003,1.47417,GRC,SCG,6905
1972930,100,189,1414,2002,29117.0,106498.0,0.591276,1.030723,HRV,SCG,6905
1972931,102,189,1414,2002,95807.0,535220.0,1.179684,1.0574860000000001,HUN,SCG,6905
1972932,111,189,1414,2002,99337.0,0.0,1.377604,1.2470510000000001,ITA,SCG,6905
1972933,139,189,1414,2002,0.0,1793.0,0.185091,-0.8390989999999999,MHL,SCG,6905
1972934,140,189,1414,2002,43454.0,1738341.0,-0.030274000000000002,0.359317,MKD,SCG,6905
1972935,185,189,1414,2002,0.0,83632.0,0.29888200000000004,0.980376,ROU,SCG,6905
1972936,186,189,1414,2002,0.0,79821.0,1.109397,0.424229,RUS,SCG,6905
1972937,207,189,1414,2002,954.0,33024.0,1.5643770000000001,1.043862,SVN,SCG,6905
1972938,208,189,1414,2002,0.0,5738.0,2.128614,0.7891199999999999,SWE,SCG,6905
1972939,228,189,1414,2002,0.0,1121.0,0.835485,0.872135,UKR,SCG,6905
1972940,90,212,1414,2002,2220.0,0.0,0.31858000000000003,1.47417,GRC,SYR,6905
1972941,124,212,1414,2002,0.0,27285.0,0.2729,1.254232,LBN,SYR,6905
1972942,18,85,1414,2002,1047.0,0.0,1.4097469999999999,1.440169,BEL,GIN,6905
1972943,44,85,1414,2002,16512.0,0.0,-0.816327,-0.711765,CIV,GIN,6905
1972944,71,85,1414,2002,10199.0,0.0,1.012246,2.049594,ESP,GIN,6905
1972945,77,85,1414,2002,2639.0,0.0,1.569367,0.9886360000000001,FRA,GIN,6905
1972946,83,85,1414,2002,4457.0,0.0,-1.333425,-1.0709879999999998,GHA,GIN,6905
1972947,90,85,1414,2002,10451.0,0.0,0.31858000000000003,1.47417,GRC,GIN,6905
1972948,111,85,1414,2002,27902.0,0.0,1.377604,1.2470510000000001,ITA,GIN,6905
1972949,153,85,1414,2002,12204.0,0.0,0.704957,0.243398,MYS,GIN,6905
1972950,224,85,1414,2002,2682.0,0.0,0.11263699999999999,1.83925,TUR,GIN,6905
1972951,231,85,1414,2002,3540.0,0.0,1.821594,0.231296,USA,GIN,6905
1972952,246,85,1414,2002,85844.0,0.0,0.395943,2.392458,ZAF,GIN,6905
1972953,43,133,1414,2002,12066.0,0.0,0.576746,2.7995520000000003,CHN,MAC,6905
1972954,61,133,1414,2002,10467.0,0.0,2.297691,-2.183239,DEU,MAC,6905
1972955,179,133,1414,2002,7132.0,0.0,0.484407,1.6500080000000001,PRT,MAC,6905
1972956,162,168,1414,2002,41592.0,0.0,1.206176,1.7136360000000002,NLD,PAK,6905
1972957,32,0,1414,2002,10714.0,0.0,0.677883,1.0227190000000002,BRA,ABW,6905
1972958,49,0,1414,2002,6697.0,0.0,0.345094,0.37787800000000005,COL,ABW,6905
1972959,71,0,1414,2002,74618.0,0.0,1.012246,2.049594,ESP,ABW,6905
1972960,162,0,1414,2002,68133.0,0.0,1.206176,1.7136360000000002,NLD,ABW,6905
1972961,231,0,1414,2002,25800.0,0.0,1.821594,0.231296,USA,ABW,6905
1972962,236,0,1414,2002,49494.0,0.0,0.211536,-0.715675,VEN,ABW,6905
1972963,231,3,1414,2002,1563.0,0.0,1.821594,0.231296,USA,AIA,6905
1972964,231,29,1414,2002,14757.0,0.0,1.821594,0.231296,USA,BLZ,6905
1972965,8,31,1414,2002,3530.0,0.0,0.284536,0.517425,ARG,BOL,6905
1972966,32,31,1414,2002,2131.0,0.0,0.677883,1.0227190000000002,BRA,BOL,6905
1972967,231,31,1414,2002,9701.0,0.0,1.821594,0.231296,USA,BOL,6905
1972968,43,73,1414,2002,1607.0,0.0,0.576746,2.7995520000000003,CHN,ETH,6905
1972969,111,73,1414,2002,1287.0,0.0,1.377604,1.2470510000000001,ITA,ETH,6905
1972970,216,73,1414,2002,2320.0,0.0,0.432041,1.627953,THA,ETH,6905
1972971,222,91,1414,2002,4199.0,0.0,0.074907,-0.8203879999999999,TTO,GRD,6905
1972972,231,91,1414,2002,6429.0,0.0,1.821594,0.231296,USA,GRD,6905
1972973,236,91,1414,2002,12262.0,0.0,0.211536,-0.715675,VEN,GRD,6905
1972974,216,1,1414,2002,5239.0,0.0,0.432041,1.627953,THA,AFG,6905
1972975,90,4,1414,2002,2697854.0,0.0,0.31858000000000003,1.47417,GRC,ALB,6905
1972976,111,4,1414,2002,20984.0,0.0,1.377604,1.2470510000000001,ITA,ALB,6905
1972977,140,4,1414,2002,49324.0,0.0,-0.030274000000000002,0.359317,MKD,ALB,6905
1972978,224,4,1414,2002,2202.0,0.0,0.11263699999999999,1.83925,TUR,ALB,6905
1972979,82,9,1414,2002,0.0,13324.0,0.662382,-0.124825,GEO,ARM,6905
1972980,107,9,1414,2002,5078.0,0.0,-0.5707840000000001,-0.705612,IRN,ARM,6905
1972981,111,9,1414,2002,899.0,0.0,1.377604,1.2470510000000001,ITA,ARM,6905
1972982,116,17,1414,2002,3263.0,0.0,-0.555812,0.169204,KEN,BDI,6905
1972983,77,21,1414,2002,5188.0,0.0,1.569367,0.9886360000000001,FRA,BFA,6905
1972984,157,21,1414,2002,0.0,1189.0,-0.344562,-0.304996,NER,BFA,6905
1972985,43,34,1414,2002,2338.0,0.0,0.576746,2.7995520000000003,CHN,BRN,6905
1972986,71,34,1414,2002,20639.0,0.0,1.012246,2.049594,ESP,BRN,6905
1972987,97,34,1414,2002,1167.0,0.0,0.5701109999999999,1.989357,HKG,BRN,6905
1972988,103,34,1414,2002,19235.0,0.0,-0.10020499999999999,1.590314,IDN,BRN,6905
1972989,114,34,1414,2002,181618.0,0.0,2.556057,0.497673,JPN,BRN,6905
1972990,153,34,1414,2002,147539.0,83.0,0.704957,0.243398,MYS,BRN,6905
1972991,174,34,1414,2002,36306.0,0.0,0.055439999999999996,-0.179809,PHL,BRN,6905
1972992,192,34,1414,2002,16460.0,0.0,1.481857,0.648889,SGP,BRN,6905
1972993,216,34,1414,2002,119432.0,0.0,0.432041,1.627953,THA,BRN,6905
1972994,231,34,1414,2002,853.0,0.0,1.821594,0.231296,USA,BRN,6905
1972995,14,75,1414,2002,8471.0,0.0,0.231386,0.771628,AUS,FJI,6905
1972996,119,75,1414,2002,0.0,4997.0,0.016975,-0.791141,KIR,FJI,6905
1972997,156,75,1414,2002,0.0,149374.0,-0.292646,-0.823263,NCL,FJI,6905
1972998,166,75,1414,2002,36068.0,0.0,0.542585,0.854243,NZL,FJI,6905
1972999,71,87,1414,2002,63398.0,0.0,1.012246,2.049594,ESP,GMB,6905
1973000,81,87,1414,2002,6758.0,0.0,1.893177,0.831382,GBR,GMB,6905
1973001,97,87,1414,2002,1386.0,0.0,0.5701109999999999,1.989357,HKG,GMB,6905
1973002,111,87,1414,2002,31661.0,1081.0,1.377604,1.2470510000000001,ITA,GMB,6905
1973003,179,87,1414,2002,8813.0,0.0,0.484407,1.6500080000000001,PRT,GMB,6905
1973004,196,87,1414,2002,0.0,1441.0,0.397488,-0.027672000000000002,SLE,GMB,6905
1973005,107,108,1414,2002,52211.0,0.0,-0.5707840000000001,-0.705612,IRN,IRQ,6905
1973006,111,108,1414,2002,5928.0,0.0,1.377604,1.2470510000000001,ITA,IRQ,6905
1973007,18,118,1414,2002,0.0,8562.0,1.4097469999999999,1.440169,BEL,KHM,6905
1973008,43,118,1414,2002,2921.0,0.0,0.576746,2.7995520000000003,CHN,KHM,6905
1973009,216,118,1414,2002,385035.0,0.0,0.432041,1.627953,THA,KHM,6905
1973010,18,136,1414,2002,0.0,3249.0,1.4097469999999999,1.440169,BEL,MDG,6905
1973011,43,136,1414,2002,1747.0,0.0,0.576746,2.7995520000000003,CHN,MDG,6905
1973012,77,136,1414,2002,2709.0,3844.0,1.569367,0.9886360000000001,FRA,MDG,6905
1973013,111,136,1414,2002,32804.0,0.0,1.377604,1.2470510000000001,ITA,MDG,6905
1973014,246,136,1414,2002,1795.0,0.0,0.395943,2.392458,ZAF,MDG,6905
1973015,192,137,1414,2002,10531.0,0.0,1.481857,0.648889,SGP,MDV,6905
1973016,216,137,1414,2002,962.0,0.0,0.432041,1.627953,THA,MDV,6905
1973017,7,148,1414,2002,30356.0,0.0,0.044683,-0.247191,ARE,MRT,6905
1973018,18,148,1414,2002,8568.0,0.0,1.4097469999999999,1.440169,BEL,MRT,6905
1973019,71,148,1414,2002,78884.0,0.0,1.012246,2.049594,ESP,MRT,6905
1973020,77,148,1414,2002,137616.0,0.0,1.569367,0.9886360000000001,FRA,MRT,6905
1973021,97,148,1414,2002,1684.0,0.0,0.5701109999999999,1.989357,HKG,MRT,6905
1973022,111,148,1414,2002,7356.0,0.0,1.377604,1.2470510000000001,ITA,MRT,6905
1973023,134,148,1414,2002,2940.0,0.0,-0.810467,-0.34807899999999997,MAR,MRT,6905
1973024,188,148,1414,2002,659.0,0.0,0.082107,-0.843317,SAU,MRT,6905
1973025,223,148,1414,2002,12964.0,0.0,-0.221951,0.325506,TUN,MRT,6905
1973026,250,148,1414,2002,5504.0,0.0,0.734927,-0.40114099999999997,ANS,MRT,6905
1973027,43,151,1414,2002,5452.0,0.0,0.576746,2.7995520000000003,CHN,MUS,6905
1973028,77,151,1414,2002,3096.0,0.0,1.569367,0.9886360000000001,FRA,MUS,6905
1973029,104,151,1414,2002,1502.0,0.0,0.380867,2.608955,IND,MUS,6905
1973030,111,151,1414,2002,5442.0,0.0,1.377604,1.2470510000000001,ITA,MUS,6905
1973031,216,151,1414,2002,2729.0,0.0,0.432041,1.627953,THA,MUS,6905
1973032,246,151,1414,2002,1637.0,0.0,0.395943,2.392458,ZAF,MUS,6905
1973033,14,156,1414,2002,964.0,0.0,0.231386,0.771628,AUS,NCL,6905
1973034,71,156,1414,2002,1077.0,0.0,1.012246,2.049594,ESP,NCL,6905
1973035,75,156,1414,2002,149374.0,0.0,-0.588136,-0.242883,FJI,NCL,6905
1973036,77,156,1414,2002,32865.0,0.0,1.569367,0.9886360000000001,FRA,NCL,6905
1973037,114,156,1414,2002,5763.0,0.0,2.556057,0.497673,JPN,NCL,6905
1973038,166,156,1414,2002,6191.0,0.0,0.542585,0.854243,NZL,NCL,6905
1973039,241,156,1414,2002,0.0,1332.0,0.5689420000000001,-0.737647,WLF,NCL,6905
1973040,21,157,1414,2002,1189.0,0.0,-0.477813,-0.647148,BFA,NER,6905
1973041,77,157,1414,2002,7369.0,0.0,1.569367,0.9886360000000001,FRA,NER,6905
1973042,83,157,1414,2002,0.0,25919.0,-1.333425,-1.0709879999999998,GHA,NER,6905
1973043,215,157,1414,2002,1655.0,0.0,-0.6810039999999999,-0.6286930000000001,TGO,NER,6905
1973044,71,187,1414,2002,836.0,0.0,1.012246,2.049594,ESP,RWA,6905
1973045,227,187,1414,2002,3803.0,0.0,-1.038337,-0.896425,UGA,RWA,6905
1973046,61,196,1414,2002,20800.0,0.0,2.297691,-2.183239,DEU,SLE,6905
1973047,81,196,1414,2002,5090.0,0.0,1.893177,0.831382,GBR,SLE,6905
1973048,87,196,1414,2002,1441.0,0.0,0.075971,-0.068413,GMB,SLE,6905
1973049,147,209,1414,2002,0.0,1620.0,-0.947259,-1.047883,MOZ,SWZ,6905
1973050,152,209,1414,2002,0.0,3607.0,-1.441416,-1.214651,MWI,SWZ,6905
1973051,246,209,1414,2002,278683.0,581.0,0.395943,2.392458,ZAF,SWZ,6905
1973052,104,211,1414,2002,79275.0,0.0,0.380867,2.608955,IND,SYC,6905
1973053,111,211,1414,2002,16677.0,0.0,1.377604,1.2470510000000001,ITA,SYC,6905
1973054,192,211,1414,2002,2647.0,0.0,1.481857,0.648889,SGP,SYC,6905
1973055,246,211,1414,2002,10854.0,0.0,0.395943,2.392458,ZAF,SYC,6905
1973056,97,242,1414,2002,638.0,0.0,0.5701109999999999,1.989357,HKG,WSM,6905
1973057,166,242,1414,2002,7138.0,0.0,0.542585,0.854243,NZL,WSM,6905
1973058,71,243,1414,2002,8733.0,0.0,1.012246,2.049594,ESP,YEM,6905
1973059,111,243,1414,2002,35831.0,0.0,1.377604,1.2470510000000001,ITA,YEM,6905
1973060,32,2,1414,2002,143277.0,0.0,0.677883,1.0227190000000002,BRA,AGO,6905
1973061,71,2,1414,2002,19056.0,0.0,1.012246,2.049594,ESP,AGO,6905
1973062,77,2,1414,2002,7557.0,0.0,1.569367,0.9886360000000001,FRA,AGO,6905
1973063,111,2,1414,2002,2198.0,0.0,1.377604,1.2470510000000001,ITA,AGO,6905
1973064,155,2,1414,2002,9945.0,0.0,-0.314161,-0.521778,NAM,AGO,6905
1973065,179,2,1414,2002,354874.0,0.0,0.484407,1.6500080000000001,PRT,AGO,6905
1973066,246,2,1414,2002,175410.0,0.0,0.395943,2.392458,ZAF,AGO,6905
1973067,61,46,1414,2002,5000.0,0.0,2.297691,-2.183239,DEU,COD,6905
1973068,111,46,1414,2002,13210.0,0.0,1.377604,1.2470510000000001,ITA,COD,6905
1973069,227,46,1414,2002,1538.0,0.0,-1.038337,-0.896425,UGA,COD,6905
1973070,246,46,1414,2002,8618.0,0.0,0.395943,2.392458,ZAF,COD,6905
1973071,71,47,1414,2002,20584.0,0.0,1.012246,2.049594,ESP,COG,6905
1973072,77,47,1414,2002,61399.0,0.0,1.569367,0.9886360000000001,FRA,COG,6905
1973073,104,47,1414,2002,15261.0,0.0,0.380867,2.608955,IND,COG,6905
1973074,111,47,1414,2002,61697.0,0.0,1.377604,1.2470510000000001,ITA,COG,6905
1973075,179,47,1414,2002,4329.0,0.0,0.484407,1.6500080000000001,PRT,COG,6905
1973076,246,47,1414,2002,6438.0,0.0,0.395943,2.392458,ZAF,COG,6905
1973077,64,78,1414,2002,22320.0,0.0,1.26594,1.225186,DNK,FRO,6905
1973078,103,78,1414,2002,670.0,0.0,-0.10020499999999999,1.590314,IDN,FRO,6905
1973079,163,78,1414,2002,5229.0,0.0,1.110882,0.17164100000000002,NOR,FRO,6905
1973080,71,89,1414,2002,64137.0,0.0,1.012246,2.049594,ESP,GNQ,6905
1973081,111,89,1414,2002,9349.0,0.0,1.377604,1.2470510000000001,ITA,GNQ,6905
1973082,49,101,1414,2002,33068.0,0.0,0.345094,0.37787800000000005,COL,HTI,6905
1973083,71,101,1414,2002,10533.0,0.0,1.012246,2.049594,ESP,HTI,6905
1973084,231,101,1414,2002,9950.0,0.0,1.821594,0.231296,USA,HTI,6905
1973085,44,125,1414,2002,11402.0,0.0,-0.816327,-0.711765,CIV,LBR,6905
1973086,33,127,1414,2002,3232.0,0.0,0.762217,0.004367,BRB,LCA,6905
1973087,231,127,1414,2002,11817.0,0.0,1.821594,0.231296,USA,LCA,6905
1973088,236,127,1414,2002,4077.0,0.0,0.211536,-0.715675,VEN,LCA,6905
1973089,246,129,1414,2002,2078095.0,0.0,0.395943,2.392458,ZAF,LSO,6905
1973090,14,182,1414,2002,75601.0,0.0,0.231386,0.771628,AUS,PYF,6905
1973091,77,182,1414,2002,15810.0,0.0,1.569367,0.9886360000000001,FRA,PYF,6905
1973092,166,182,1414,2002,21142.0,0.0,0.542585,0.854243,NZL,PYF,6905
1973093,103,220,1414,2002,12548.0,0.0,-0.10020499999999999,1.590314,IDN,TLS,6905
1973094,61,232,1414,2002,22000.0,0.0,2.297691,-2.183239,DEU,UZB,6905
1973095,8,250,1414,2002,24889.0,0.0,0.284536,0.517425,ARG,ANS,6905
1973096,45,250,1414,2002,0.0,1527.0,-1.114477,-1.0516510000000001,CMR,ANS,6905
1973097,59,250,1414,2002,11388.0,0.0,1.550713,1.037066,CZE,ANS,6905
1973098,61,250,1414,2002,82966.0,0.0,2.297691,-2.183239,DEU,ANS,6905
1973099,64,250,1414,2002,0.0,17572440.0,1.26594,1.225186,DNK,ANS,6905
1973100,72,250,1414,2002,8270.0,53540.0,0.54511,0.9135979999999999,EST,ANS,6905
1973101,106,250,1414,2002,0.0,232971.0,1.7232880000000002,0.091172,IRL,ANS,6905
1973102,110,250,1414,2002,0.0,1687.0,1.334174,0.654331,ISR,ANS,6905
1973103,116,250,1414,2002,0.0,6524.0,-0.555812,0.169204,KEN,ANS,6905
1973104,138,250,1414,2002,26259.0,0.0,0.942061,0.6311260000000001,MEX,ANS,6905
1973105,148,250,1414,2002,0.0,5504.0,-1.27671,-1.218472,MRT,ANS,6905
1973106,153,250,1414,2002,0.0,128572.0,0.704957,0.243398,MYS,ANS,6905
1973107,162,250,1414,2002,200127.0,0.0,1.206176,1.7136360000000002,NLD,ANS,6905
1973108,169,250,1414,2002,0.0,44075.0,0.134759,0.234258,PAN,ANS,6905
1973109,215,250,1414,2002,20062.0,0.0,-0.6810039999999999,-0.6286930000000001,TGO,ANS,6905
1973110,224,250,1414,2002,9331.0,0.0,0.11263699999999999,1.83925,TUR,ANS,6905
1973111,249,250,1414,2002,4608.0,0.0,1.683858,1.333601,TWN,ANS,6905
1973112,71,84,1414,2002,37017.0,0.0,1.012246,2.049594,ESP,GIB,6905
1973113,107,219,1414,2002,1399.0,0.0,-0.5707840000000001,-0.705612,IRN,TKM,6905
1973114,224,219,1414,2002,20143.0,0.0,0.11263699999999999,1.83925,TUR,TKM,6905
1973115,77,237,1414,2002,1890.0,0.0,1.569367,0.9886360000000001,FRA,VGB,6905
1973116,231,237,1414,2002,2835.0,0.0,1.821594,0.231296,USA,VGB,6905
1973117,111,38,1414,2002,9607.0,0.0,1.377604,1.2470510000000001,ITA,CAF,6905
1973118,166,48,1414,2002,11388.0,0.0,0.542585,0.854243,NZL,COK,6905
1973119,231,57,1414,2002,68233.0,0.0,1.821594,0.231296,USA,CYM,6905
1973120,111,62,1414,2002,30471.0,0.0,1.377604,1.2470510000000001,ITA,DJI,6905
1973121,111,69,1414,2002,60129.0,0.0,1.377604,1.2470510000000001,ITA,ERI,6905
1973122,174,95,1414,2002,4623.0,0.0,0.055439999999999996,-0.179809,PHL,GUM,6905
1973123,75,119,1414,2002,4997.0,0.0,-0.588136,-0.242883,FJI,KIR,6905
1973124,216,123,1414,2002,608443.0,0.0,0.432041,1.627953,THA,LAO,6905
1973125,239,123,1414,2002,17313.0,0.0,-0.589665,0.799874,VNM,LAO,6905
1973126,189,139,1414,2002,1793.0,0.0,0.55781,2.135925,SCG,MHL,6905
1973127,43,145,1414,2002,1627.0,0.0,0.576746,2.7995520000000003,CHN,MNG,6905
1973128,121,145,1414,2002,12091.0,0.0,1.186816,1.075947,KOR,MNG,6905
1973129,166,158,1414,2002,3824.0,0.0,0.542585,0.854243,NZL,NFK,6905
1973130,104,164,1414,2002,2377.0,0.0,0.380867,2.608955,IND,NPL,6905
1973131,174,175,1414,2002,3756.0,0.0,0.055439999999999996,-0.179809,PHL,PLW,6905
1973132,111,181,1414,2002,28449.0,0.0,1.377604,1.2470510000000001,ITA,PSE,6905
1973133,166,240,1414,2002,1521.0,0.0,0.542585,0.854243,NZL,VUT,6905
1973134,43,241,1414,2002,1496.0,0.0,0.576746,2.7995520000000003,CHN,WLF,6905
1973135,156,241,1414,2002,1332.0,0.0,-0.292646,-0.823263,NCL,WLF,6905
1973136,166,241,1414,2002,5299.0,0.0,0.542585,0.854243,NZL,WLF,6905
1973137,71,5,1414,2002,5033.0,0.0,1.012246,2.049594,ESP,AND,6905
1973138,77,5,1414,2002,3733.0,1721.0,1.569367,0.9886360000000001,FRA,AND,6905
1973139,64,92,1414,2002,47965.0,0.0,1.26594,1.225186,DNK,GRL,6905
1973140,231,213,1414,2002,103096.0,0.0,1.821594,0.231296,USA,TCA,6905
1973141,111,88,1414,2002,4710.0,0.0,1.377604,1.2470510000000001,ITA,GNB,6905
1973142,179,88,1414,2002,97301.0,0.0,0.484407,1.6500080000000001,PRT,GNB,6905
1973143,166,161,1414,2002,12529.0,0.0,0.542585,0.854243,NZL,NIU,6905
1973144,32,6,1416,2002,45596.0,0.0,0.677883,1.0227190000000002,BRA,ANT,6907
1973145,49,6,1416,2002,6667.0,0.0,0.345094,0.37787800000000005,COL,ANT,6907
1973146,71,6,1416,2002,21870.0,0.0,1.012246,2.049594,ESP,ANT,6907
1973147,77,6,1416,2002,1892.0,0.0,1.569367,0.9886360000000001,FRA,ANT,6907
1973148,103,6,1416,2002,13527.0,0.0,-0.10020499999999999,1.590314,IDN,ANT,6907
1973149,111,6,1416,2002,89819.0,0.0,1.377604,1.2470510000000001,ITA,ANT,6907
1973150,162,6,1416,2002,943067.0,0.0,1.206176,1.7136360000000002,NLD,ANT,6907
1973151,231,6,1416,2002,9325.0,0.0,1.821594,0.231296,USA,ANT,6907
1973152,236,6,1416,2002,7570.0,0.0,0.211536,-0.715675,VEN,ANT,6907
1973153,111,13,1416,2002,21531.0,0.0,1.377604,1.2470510000000001,ITA,ATG,6907
1973154,222,13,1416,2002,37199.0,0.0,0.074907,-0.8203879999999999,TTO,ATG,6907
1973155,231,13,1416,2002,9694.0,0.0,1.821594,0.231296,USA,ATG,6907
1973156,7,15,1416,2002,28932.0,0.0,0.044683,-0.247191,ARE,AUT,6907
1973157,18,15,1416,2002,11685.0,0.0,1.4097469999999999,1.440169,BEL,AUT,6907
1973158,23,15,1416,2002,1167.0,0.0,0.37451100000000004,1.573517,BGR,AUT,6907
1973159,32,15,1416,2002,16838.0,0.0,0.677883,1.0227190000000002,BRA,AUT,6907
1973160,41,15,1416,2002,23293.0,132145.0,2.218095,0.620946,CHE,AUT,6907
1973161,59,15,1416,2002,841476.0,133271.0,1.550713,1.037066,CZE,AUT,6907
1973162,61,15,1416,2002,4574262.0,497779.0,2.297691,-2.183239,DEU,AUT,6907
1973163,71,15,1416,2002,152014.0,0.0,1.012246,2.049594,ESP,AUT,6907
1973164,74,15,1416,2002,33326.0,0.0,2.0234240000000003,0.979141,FIN,AUT,6907
1973165,77,15,1416,2002,613450.0,1919.0,1.569367,0.9886360000000001,FRA,AUT,6907
1973166,81,15,1416,2002,4980.0,13661.0,1.893177,0.831382,GBR,AUT,6907
1973167,83,15,1416,2002,0.0,18915.0,-1.333425,-1.0709879999999998,GHA,AUT,6907
1973168,100,15,1416,2002,0.0,2102.0,0.591276,1.030723,HRV,AUT,6907
1973169,102,15,1416,2002,43371.0,22082.0,1.179684,1.0574860000000001,HUN,AUT,6907
1973170,106,15,1416,2002,9690.0,0.0,1.7232880000000002,0.091172,IRL,AUT,6907
1973171,110,15,1416,2002,0.0,730.0,1.334174,0.654331,ISR,AUT,6907
1973172,111,15,1416,2002,31683726.0,35164.0,1.377604,1.2470510000000001,ITA,AUT,6907
1973173,115,15,1416,2002,0.0,14731.0,-0.065332,-0.616159,KAZ,AUT,6907
1973174,140,15,1416,2002,0.0,2241.0,-0.030274000000000002,0.359317,MKD,AUT,6907
1973175,162,15,1416,2002,28022.0,0.0,1.206176,1.7136360000000002,NLD,AUT,6907
1973176,163,15,1416,2002,0.0,11211.0,1.110882,0.17164100000000002,NOR,AUT,6907
1973177,179,15,1416,2002,16382.0,0.0,0.484407,1.6500080000000001,PRT,AUT,6907
1973178,185,15,1416,2002,4061.0,7904.0,0.29888200000000004,0.980376,ROU,AUT,6907
1973179,186,15,1416,2002,0.0,9822.0,1.109397,0.424229,RUS,AUT,6907
1973180,206,15,1416,2002,1687.0,19514.0,1.1907379999999999,1.050649,SVK,AUT,6907
1973181,207,15,1416,2002,1543.0,66969.0,1.5643770000000001,1.043862,SVN,AUT,6907
1973182,224,15,1416,2002,1290.0,0.0,0.11263699999999999,1.83925,TUR,AUT,6907
1973183,231,15,1416,2002,5382.0,0.0,1.821594,0.231296,USA,AUT,6907
1973184,2,18,1416,2002,0.0,16866.0,-2.018135,-1.222751,AGO,BEL,6907
1973185,7,18,1416,2002,27027.0,0.0,0.044683,-0.247191,ARE,BEL,6907
1973186,14,18,1416,2002,0.0,6209.0,0.231386,0.771628,AUS,BEL,6907
1973187,15,18,1416,2002,0.0,11685.0,1.8651200000000001,0.48423900000000003,AUT,BEL,6907
1973188,17,18,1416,2002,0.0,3404.0,-0.333602,-0.648837,BDI,BEL,6907
1973189,19,18,1416,2002,0.0,10143.0,-0.724829,-0.705625,BEN,BEL,6907
1973190,28,18,1416,2002,0.0,5502.0,0.825865,1.0148979999999999,BLR,BEL,6907
1973191,32,18,1416,2002,139149.0,0.0,0.677883,1.0227190000000002,BRA,BEL,6907
1973192,39,18,1416,2002,42294.0,6230.0,0.9963280000000001,1.1922110000000001,CAN,BEL,6907
1973193,41,18,1416,2002,0.0,55395.0,2.218095,0.620946,CHE,BEL,6907
1973194,43,18,1416,2002,286734.0,0.0,0.576746,2.7995520000000003,CHN,BEL,6907
1973195,46,18,1416,2002,0.0,39173.0,-1.2657370000000001,-1.108659,COD,BEL,6907
1973196,49,18,1416,2002,3838.0,1935.0,0.345094,0.37787800000000005,COL,BEL,6907
1973197,51,18,1416,2002,0.0,3668.0,-0.29720100000000005,-0.703051,CPV,BEL,6907
1973198,58,18,1416,2002,0.0,5701.0,0.381391,0.40265,CYP,BEL,6907
1973199,59,18,1416,2002,1340051.0,1690.0,1.550713,1.037066,CZE,BEL,6907
1973200,61,18,1416,2002,4530773.0,575449.0,2.297691,-2.183239,DEU,BEL,6907
1973201,71,18,1416,2002,611766.0,20927.0,1.012246,2.049594,ESP,BEL,6907
1973202,77,18,1416,2002,3764319.0,1281195.0,1.569367,0.9886360000000001,FRA,BEL,6907
1973203,81,18,1416,2002,32205.0,39482.0,1.893177,0.831382,GBR,BEL,6907
1973204,83,18,1416,2002,0.0,2230.0,-1.333425,-1.0709879999999998,GHA,BEL,6907
1973205,87,18,1416,2002,0.0,4964.0,0.075971,-0.068413,GMB,BEL,6907
1973206,97,18,1416,2002,0.0,90151.0,0.5701109999999999,1.989357,HKG,BEL,6907
1973207,103,18,1416,2002,16624.0,0.0,-0.10020499999999999,1.590314,IDN,BEL,6907
1973208,104,18,1416,2002,104346.0,4354.0,0.380867,2.608955,IND,BEL,6907
1973209,106,18,1416,2002,96021.0,0.0,1.7232880000000002,0.091172,IRL,BEL,6907
1973210,109,18,1416,2002,0.0,841.0,0.23601999999999998,-0.34781,ISL,BEL,6907
1973211,110,18,1416,2002,0.0,31022.0,1.334174,0.654331,ISR,BEL,6907
1973212,111,18,1416,2002,45438732.0,7965.0,1.377604,1.2470510000000001,ITA,BEL,6907
1973213,114,18,1416,2002,0.0,190925.0,2.556057,0.497673,JPN,BEL,6907
1973214,115,18,1416,2002,0.0,981.0,-0.065332,-0.616159,KAZ,BEL,6907
1973215,130,18,1416,2002,0.0,3004.0,0.23102399999999998,0.586078,LTU,BEL,6907
1973216,131,18,1416,2002,4886.0,191182.0,1.605378,1.152973,LUX,BEL,6907
1973217,134,18,1416,2002,84489.0,0.0,-0.810467,-0.34807899999999997,MAR,BEL,6907
1973218,141,18,1416,2002,0.0,26405.0,-0.8948520000000001,-0.863375,MLI,BEL,6907
1973219,147,18,1416,2002,0.0,4580.0,-0.947259,-1.047883,MOZ,BEL,6907
1973220,148,18,1416,2002,0.0,30605.0,-1.27671,-1.218472,MRT,BEL,6907
1973221,159,18,1416,2002,0.0,89378.0,-1.8315700000000001,-1.25171,NGA,BEL,6907
1973222,162,18,1416,2002,1152443.0,565709.0,1.206176,1.7136360000000002,NLD,BEL,6907
1973223,177,18,1416,2002,76284.0,152576.0,0.931642,1.721727,POL,BEL,6907
1973224,179,18,1416,2002,1059440.0,0.0,0.484407,1.6500080000000001,PRT,BEL,6907
1973225,185,18,1416,2002,5385.0,2634.0,0.29888200000000004,0.980376,ROU,BEL,6907
1973226,187,18,1416,2002,0.0,6258.0,-0.553848,-0.757714,RWA,BEL,6907
1973227,188,18,1416,2002,0.0,19561.0,0.082107,-0.843317,SAU,BEL,6907
1973228,191,18,1416,2002,0.0,10490.0,-0.43679700000000005,-0.484176,SEN,BEL,6907
1973229,192,18,1416,2002,0.0,21619.0,1.481857,0.648889,SGP,BEL,6907
1973230,206,18,1416,2002,0.0,1895.0,1.1907379999999999,1.050649,SVK,BEL,6907
1973231,208,18,1416,2002,118573.0,0.0,2.128614,0.7891199999999999,SWE,BEL,6907
1973232,223,18,1416,2002,305016.0,77009.0,-0.221951,0.325506,TUN,BEL,6907
1973233,224,18,1416,2002,162165.0,0.0,0.11263699999999999,1.83925,TUR,BEL,6907
1973234,227,18,1416,2002,0.0,791.0,-1.038337,-0.896425,UGA,BEL,6907
1973235,231,18,1416,2002,0.0,257926.0,1.821594,0.231296,USA,BEL,6907
1973236,8,25,1416,2002,45789.0,0.0,0.284536,0.517425,ARG,BHS,6907
1973237,39,25,1416,2002,17085.0,0.0,0.9963280000000001,1.1922110000000001,CAN,BHS,6907
1973238,49,25,1416,2002,4338.0,0.0,0.345094,0.37787800000000005,COL,BHS,6907
1973239,71,25,1416,2002,107559.0,0.0,1.012246,2.049594,ESP,BHS,6907
1973240,74,25,1416,2002,2823.0,0.0,2.0234240000000003,0.979141,FIN,BHS,6907
1973241,77,25,1416,2002,3344.0,0.0,1.569367,0.9886360000000001,FRA,BHS,6907
1973242,81,25,1416,2002,3516.0,0.0,1.893177,0.831382,GBR,BHS,6907
1973243,83,25,1416,2002,0.0,28210.0,-1.333425,-1.0709879999999998,GHA,BHS,6907
1973244,90,25,1416,2002,23387.0,0.0,0.31858000000000003,1.47417,GRC,BHS,6907
1973245,111,25,1416,2002,198755.0,0.0,1.377604,1.2470510000000001,ITA,BHS,6907
1973246,120,25,1416,2002,3916.0,0.0,0.911442,-0.26164899999999996,KNA,BHS,6907
1973247,138,25,1416,2002,15424.0,0.0,0.942061,0.6311260000000001,MEX,BHS,6907
1973248,231,25,1416,2002,162975.0,0.0,1.821594,0.231296,USA,BHS,6907
1973249,2,32,1416,2002,0.0,4949.0,-2.018135,-1.222751,AGO,BRA,6907
1973250,6,32,1416,2002,0.0,45596.0,0.346519,-0.631549,ANT,BRA,6907
1973251,8,32,1416,2002,24162.0,252058.0,0.284536,0.517425,ARG,BRA,6907
1973252,14,32,1416,2002,0.0,471254.0,0.231386,0.771628,AUS,BRA,6907
1973253,15,32,1416,2002,0.0,16838.0,1.8651200000000001,0.48423900000000003,AUT,BRA,6907
1973254,18,32,1416,2002,0.0,139149.0,1.4097469999999999,1.440169,BEL,BRA,6907
1973255,19,32,1416,2002,0.0,10042.0,-0.724829,-0.705625,BEN,BRA,6907
1973256,29,32,1416,2002,0.0,3537.0,-0.246977,-0.731156,BLZ,BRA,6907
1973257,30,32,1416,2002,0.0,1308.0,1.129,-0.476633,BMU,BRA,6907
1973258,31,32,1416,2002,0.0,151201.0,-0.885342,-0.819517,BOL,BRA,6907
1973259,33,32,1416,2002,0.0,192575.0,0.762217,0.004367,BRB,BRA,6907
1973260,39,32,1416,2002,0.0,115059.0,0.9963280000000001,1.1922110000000001,CAN,BRA,6907
1973261,42,32,1416,2002,0.0,1155109.0,-0.035264,-0.101796,CHL,BRA,6907
1973262,43,32,1416,2002,4255.0,2623.0,0.576746,2.7995520000000003,CHN,BRA,6907
1973263,49,32,1416,2002,0.0,16171.0,0.345094,0.37787800000000005,COL,BRA,6907
1973264,51,32,1416,2002,0.0,14723.0,-0.29720100000000005,-0.703051,CPV,BRA,6907
1973265,52,32,1416,2002,0.0,21114.0,0.03619,-0.187718,CRI,BRA,6907
1973266,54,32,1416,2002,0.0,113267.0,-0.479213,-0.951203,CUB,BRA,6907
1973267,57,32,1416,2002,0.0,7187.0,0.7098220000000001,-0.633359,CYM,BRA,6907
1973268,58,32,1416,2002,0.0,2042.0,0.381391,0.40265,CYP,BRA,6907
1973269,61,32,1416,2002,19383.0,116154.0,2.297691,-2.183239,DEU,BRA,6907
1973270,64,32,1416,2002,0.0,1544.0,1.26594,1.225186,DNK,BRA,6907
1973271,65,32,1416,2002,0.0,61594.0,-0.46284899999999995,-0.39210100000000003,DOM,BRA,6907
1973272,67,32,1416,2002,0.0,25040.0,-0.976218,-0.926393,ECU,BRA,6907
1973273,71,32,1416,2002,121301.0,21607.0,1.012246,2.049594,ESP,BRA,6907
1973274,77,32,1416,2002,0.0,70060.0,1.569367,0.9886360000000001,FRA,BRA,6907
1973275,81,32,1416,2002,0.0,10614.0,1.893177,0.831382,GBR,BRA,6907
1973276,83,32,1416,2002,0.0,9829.0,-1.333425,-1.0709879999999998,GHA,BRA,6907
1973277,90,32,1416,2002,0.0,129911.0,0.31858000000000003,1.47417,GRC,BRA,6907
1973278,93,32,1416,2002,0.0,79446.0,-0.548834,-0.034464999999999996,GTM,BRA,6907
1973279,96,32,1416,2002,0.0,6448.0,-0.9485889999999999,-0.9086489999999999,GUY,BRA,6907
1973280,97,32,1416,2002,0.0,3310.0,0.5701109999999999,1.989357,HKG,BRA,6907
1973281,99,32,1416,2002,0.0,2526.0,-0.877043,-0.658185,HND,BRA,6907
1973282,103,32,1416,2002,1417.0,0.0,-0.10020499999999999,1.590314,IDN,BRA,6907
1973283,109,32,1416,2002,0.0,681.0,0.23601999999999998,-0.34781,ISL,BRA,6907
1973284,111,32,1416,2002,129940.0,0.0,1.377604,1.2470510000000001,ITA,BRA,6907
1973285,112,32,1416,2002,0.0,4445.0,-0.604813,-0.9309860000000001,JAM,BRA,6907
1973286,114,32,1416,2002,0.0,116988.0,2.556057,0.497673,JPN,BRA,6907
1973287,121,32,1416,2002,6016.0,7814.0,1.186816,1.075947,KOR,BRA,6907
1973288,122,32,1416,2002,0.0,11342.0,-0.6629550000000001,-1.157214,KWT,BRA,6907
1973289,138,32,1416,2002,0.0,19704.0,0.942061,0.6311260000000001,MEX,BRA,6907
1973290,147,32,1416,2002,0.0,49586.0,-0.947259,-1.047883,MOZ,BRA,6907
1973291,151,32,1416,2002,0.0,18801.0,-0.37937600000000005,-0.388848,MUS,BRA,6907
1973292,159,32,1416,2002,0.0,11413.0,-1.8315700000000001,-1.25171,NGA,BRA,6907
1973293,162,32,1416,2002,0.0,6494.0,1.206176,1.7136360000000002,NLD,BRA,6907
1973294,163,32,1416,2002,0.0,8311.0,1.110882,0.17164100000000002,NOR,BRA,6907
1973295,166,32,1416,2002,0.0,42778.0,0.542585,0.854243,NZL,BRA,6907
1973296,169,32,1416,2002,0.0,12845.0,0.134759,0.234258,PAN,BRA,6907
1973297,173,32,1416,2002,0.0,41666.0,-0.6126199999999999,0.085944,PER,BRA,6907
1973298,177,32,1416,2002,0.0,2487.0,0.931642,1.721727,POL,BRA,6907
1973299,178,32,1416,2002,0.0,8812.0,0.43756999999999996,0.744264,PRK,BRA,6907
1973300,179,32,1416,2002,0.0,4159.0,0.484407,1.6500080000000001,PRT,BRA,6907
1973301,180,32,1416,2002,0.0,178117.0,-0.614282,-0.963832,PRY,BRA,6907
1973302,188,32,1416,2002,0.0,17142.0,0.082107,-0.843317,SAU,BRA,6907
1973303,192,32,1416,2002,0.0,36183.0,1.481857,0.648889,SGP,BRA,6907
1973304,197,32,1416,2002,0.0,11369.0,-0.280138,-0.099225,SLV,BRA,6907
1973305,207,32,1416,2002,0.0,2249.0,1.5643770000000001,1.043862,SVN,BRA,6907
1973306,211,32,1416,2002,0.0,39817.0,-0.977247,-0.927527,SYC,BRA,6907
1973307,215,32,1416,2002,0.0,1401.0,-0.6810039999999999,-0.6286930000000001,TGO,BRA,6907
1973308,222,32,1416,2002,0.0,109570.0,0.074907,-0.8203879999999999,TTO,BRA,6907
1973309,230,32,1416,2002,0.0,435848.0,0.300502,0.16817000000000001,URY,BRA,6907
1973310,231,32,1416,2002,1111.0,815275.0,1.821594,0.231296,USA,BRA,6907
1973311,236,32,1416,2002,0.0,12847.0,0.211536,-0.715675,VEN,BRA,6907
1973312,246,32,1416,2002,0.0,176082.0,0.395943,2.392458,ZAF,BRA,6907
1973313,32,33,1416,2002,192575.0,0.0,0.677883,1.0227190000000002,BRA,BRB,6907
1973314,39,33,1416,2002,1503.0,0.0,0.9963280000000001,1.1922110000000001,CAN,BRB,6907
1973315,43,33,1416,2002,492.0,0.0,0.576746,2.7995520000000003,CHN,BRB,6907
1973316,71,33,1416,2002,64912.0,0.0,1.012246,2.049594,ESP,BRB,6907
1973317,81,33,1416,2002,10219.0,0.0,1.893177,0.831382,GBR,BRB,6907
1973318,111,33,1416,2002,379935.0,0.0,1.377604,1.2470510000000001,ITA,BRB,6907
1973319,127,33,1416,2002,0.0,1001.0,0.14441700000000002,-0.38146599999999997,LCA,BRB,6907
1973320,138,33,1416,2002,36606.0,0.0,0.942061,0.6311260000000001,MEX,BRB,6907
1973321,222,33,1416,2002,77719.0,0.0,0.074907,-0.8203879999999999,TTO,BRB,6907
1973322,231,33,1416,2002,21795.0,0.0,1.821594,0.231296,USA,BRB,6907
1973323,236,33,1416,2002,5594.0,0.0,0.211536,-0.715675,VEN,BRB,6907
1973324,8,39,1416,2002,68557.0,0.0,0.284536,0.517425,ARG,CAN,6907
1973325,18,39,1416,2002,6230.0,42294.0,1.4097469999999999,1.440169,BEL,CAN,6907
1973326,25,39,1416,2002,0.0,17085.0,0.641626,-0.37892800000000004,BHS,CAN,6907
1973327,30,39,1416,2002,0.0,1227.0,1.129,-0.476633,BMU,CAN,6907
1973328,32,39,1416,2002,115059.0,0.0,0.677883,1.0227190000000002,BRA,CAN,6907
1973329,33,39,1416,2002,0.0,1503.0,0.762217,0.004367,BRB,CAN,6907
1973330,43,39,1416,2002,56200.0,0.0,0.576746,2.7995520000000003,CHN,CAN,6907
1973331,49,39,1416,2002,46750.0,3662.0,0.345094,0.37787800000000005,COL,CAN,6907
1973332,59,39,1416,2002,7392.0,0.0,1.550713,1.037066,CZE,CAN,6907
1973333,61,39,1416,2002,81948.0,0.0,2.297691,-2.183239,DEU,CAN,6907
1973334,68,39,1416,2002,18731.0,0.0,-0.377127,0.549439,EGY,CAN,6907
1973335,71,39,1416,2002,162132.0,0.0,1.012246,2.049594,ESP,CAN,6907
1973336,74,39,1416,2002,1879.0,0.0,2.0234240000000003,0.979141,FIN,CAN,6907
1973337,77,39,1416,2002,79791.0,2335.0,1.569367,0.9886360000000001,FRA,CAN,6907
1973338,81,39,1416,2002,84696.0,48249.0,1.893177,0.831382,GBR,CAN,6907
1973339,83,39,1416,2002,0.0,2741.0,-1.333425,-1.0709879999999998,GHA,CAN,6907
1973340,91,39,1416,2002,0.0,2690.0,0.552833,-0.283761,GRD,CAN,6907
1973341,97,39,1416,2002,5091.0,2769.0,0.5701109999999999,1.989357,HKG,CAN,6907
1973342,103,39,1416,2002,80240.0,0.0,-0.10020499999999999,1.590314,IDN,CAN,6907
1973343,104,39,1416,2002,66749.0,0.0,0.380867,2.608955,IND,CAN,6907
1973344,106,39,1416,2002,47269.0,0.0,1.7232880000000002,0.091172,IRL,CAN,6907
1973345,110,39,1416,2002,0.0,2966.0,1.334174,0.654331,ISR,CAN,6907
1973346,111,39,1416,2002,4747759.0,0.0,1.377604,1.2470510000000001,ITA,CAN,6907
1973347,114,39,1416,2002,91053.0,20600.0,2.556057,0.497673,JPN,CAN,6907
1973348,120,39,1416,2002,0.0,24465.0,0.911442,-0.26164899999999996,KNA,CAN,6907
1973349,124,39,1416,2002,8581.0,0.0,0.2729,1.254232,LBN,CAN,6907
1973350,128,39,1416,2002,92094.0,0.0,-0.740927,0.023171,LKA,CAN,6907
1973351,138,39,1416,2002,184490.0,5476.0,0.942061,0.6311260000000001,MEX,CAN,6907
1973352,153,39,1416,2002,740950.0,0.0,0.704957,0.243398,MYS,CAN,6907
1973353,162,39,1416,2002,114820.0,0.0,1.206176,1.7136360000000002,NLD,CAN,6907
1973354,177,39,1416,2002,88458.0,0.0,0.931642,1.721727,POL,CAN,6907
1973355,179,39,1416,2002,181678.0,0.0,0.484407,1.6500080000000001,PRT,CAN,6907
1973356,183,39,1416,2002,0.0,6871.0,-0.306052,-1.098296,QAT,CAN,6907
1973357,186,39,1416,2002,0.0,1123.0,1.109397,0.424229,RUS,CAN,6907
1973358,200,39,1416,2002,0.0,10773.0,-1.291565,-0.9258290000000001,SPM,CAN,6907
1973359,206,39,1416,2002,1350.0,0.0,1.1907379999999999,1.050649,SVK,CAN,6907
1973360,224,39,1416,2002,307902.0,0.0,0.11263699999999999,1.83925,TUR,CAN,6907
1973361,231,39,1416,2002,6117027.0,777900.0,1.821594,0.231296,USA,CAN,6907
1973362,236,39,1416,2002,9152.0,0.0,0.211536,-0.715675,VEN,CAN,6907
1973363,7,41,1416,2002,10887.0,0.0,0.044683,-0.247191,ARE,CHE,6907
1973364,15,41,1416,2002,132145.0,23293.0,1.8651200000000001,0.48423900000000003,AUT,CHE,6907
1973365,18,41,1416,2002,55395.0,0.0,1.4097469999999999,1.440169,BEL,CHE,6907
1973366,26,41,1416,2002,8149.0,0.0,0.26339,0.30287,BIH,CHE,6907
1973367,52,41,1416,2002,0.0,1859.0,0.03619,-0.187718,CRI,CHE,6907
1973368,59,41,1416,2002,29367.0,0.0,1.550713,1.037066,CZE,CHE,6907
1973369,61,41,1416,2002,2886934.0,109669.0,2.297691,-2.183239,DEU,CHE,6907
1973370,71,41,1416,2002,1201084.0,3429.0,1.012246,2.049594,ESP,CHE,6907
1973371,74,41,1416,2002,0.0,9451.0,2.0234240000000003,0.979141,FIN,CHE,6907
1973372,77,41,1416,2002,1298639.0,11704.0,1.569367,0.9886360000000001,FRA,CHE,6907
1973373,81,41,1416,2002,30121.0,1150.0,1.893177,0.831382,GBR,CHE,6907
1973374,100,41,1416,2002,0.0,1248.0,0.591276,1.030723,HRV,CHE,6907
1973375,102,41,1416,2002,5790.0,0.0,1.179684,1.0574860000000001,HUN,CHE,6907
1973376,104,41,1416,2002,1322.0,17252.0,0.380867,2.608955,IND,CHE,6907
1973377,111,41,1416,2002,7084347.0,47134.0,1.377604,1.2470510000000001,ITA,CHE,6907
1973378,114,41,1416,2002,6247.0,0.0,2.556057,0.497673,JPN,CHE,6907
1973379,116,41,1416,2002,0.0,15641.0,-0.555812,0.169204,KEN,CHE,6907
1973380,124,41,1416,2002,980.0,0.0,0.2729,1.254232,LBN,CHE,6907
1973381,134,41,1416,2002,6713.0,18816.0,-0.810467,-0.34807899999999997,MAR,CHE,6907
1973382,140,41,1416,2002,0.0,9340.0,-0.030274000000000002,0.359317,MKD,CHE,6907
1973383,153,41,1416,2002,13332.0,204583.0,0.704957,0.243398,MYS,CHE,6907
1973384,162,41,1416,2002,1265244.0,0.0,1.206176,1.7136360000000002,NLD,CHE,6907
1973385,177,41,1416,2002,1551.0,0.0,0.931642,1.721727,POL,CHE,6907
1973386,179,41,1416,2002,476471.0,1113.0,0.484407,1.6500080000000001,PRT,CHE,6907
1973387,185,41,1416,2002,0.0,2655.0,0.29888200000000004,0.980376,ROU,CHE,6907
1973388,189,41,1416,2002,0.0,4384.0,0.55781,2.135925,SCG,CHE,6907
1973389,190,41,1416,2002,0.0,1538.0,-1.499925,-1.228374,SDN,CHE,6907
1973390,208,41,1416,2002,11200.0,0.0,2.128614,0.7891199999999999,SWE,CHE,6907
1973391,224,41,1416,2002,42749.0,0.0,0.11263699999999999,1.83925,TUR,CHE,6907
1973392,226,41,1416,2002,0.0,805.0,-1.189463,-0.48640600000000006,TZA,CHE,6907
1973393,227,41,1416,2002,0.0,1166.0,-1.038337,-0.896425,UGA,CHE,6907
1973394,231,41,1416,2002,24888.0,0.0,1.821594,0.231296,USA,CHE,6907
1973395,7,42,1416,2002,321686.0,0.0,0.044683,-0.247191,ARE,CHL,6907
1973396,8,42,1416,2002,155850.0,0.0,0.284536,0.517425,ARG,CHL,6907
1973397,32,42,1416,2002,1155109.0,0.0,0.677883,1.0227190000000002,BRA,CHL,6907
1973398,43,42,1416,2002,26065.0,0.0,0.576746,2.7995520000000003,CHN,CHL,6907
1973399,49,42,1416,2002,28839.0,0.0,0.345094,0.37787800000000005,COL,CHL,6907
1973400,61,42,1416,2002,218264.0,0.0,2.297691,-2.183239,DEU,CHL,6907
1973401,71,42,1416,2002,531355.0,4033.0,1.012246,2.049594,ESP,CHL,6907
1973402,81,42,1416,2002,2606.0,0.0,1.893177,0.831382,GBR,CHL,6907
1973403,111,42,1416,2002,309828.0,0.0,1.377604,1.2470510000000001,ITA,CHL,6907
1973404,231,42,1416,2002,153734.0,0.0,1.821594,0.231296,USA,CHL,6907
1973405,250,42,1416,2002,12536.0,0.0,0.734927,-0.40114099999999997,ANS,CHL,6907
1973406,0,43,1416,2002,0.0,4341.0,0.017075999999999997,-0.844024,ABW,CHN,6907
1973407,1,43,1416,2002,0.0,37213.0,-0.262812,-0.503955,AFG,CHN,6907
1973408,2,43,1416,2002,0.0,2278.0,-2.018135,-1.222751,AGO,CHN,6907
1973409,4,43,1416,2002,0.0,62999.0,-0.127828,-0.126857,ALB,CHN,6907
1973410,7,43,1416,2002,3963.0,3976107.0,0.044683,-0.247191,ARE,CHN,6907
1973411,14,43,1416,2002,243451.0,1374645.0,0.231386,0.771628,AUS,CHN,6907
1973412,17,43,1416,2002,0.0,3133.0,-0.333602,-0.648837,BDI,CHN,6907
1973413,18,43,1416,2002,0.0,286734.0,1.4097469999999999,1.440169,BEL,CHN,6907
1973414,19,43,1416,2002,0.0,200883.0,-0.724829,-0.705625,BEN,CHN,6907
1973415,21,43,1416,2002,0.0,38003.0,-0.477813,-0.647148,BFA,CHN,6907
1973416,22,43,1416,2002,0.0,781493.0,-1.134933,-1.061633,BGD,CHN,6907
1973417,23,43,1416,2002,0.0,16272.0,0.37451100000000004,1.573517,BGR,CHN,6907
1973418,24,43,1416,2002,0.0,488362.0,-0.146585,-1.006558,BHR,CHN,6907
1973419,31,43,1416,2002,0.0,1201.0,-0.885342,-0.819517,BOL,CHN,6907
1973420,32,43,1416,2002,2623.0,4255.0,0.677883,1.0227190000000002,BRA,CHN,6907
1973421,33,43,1416,2002,0.0,492.0,0.762217,0.004367,BRB,CHN,6907
1973422,34,43,1416,2002,0.0,233271.0,-1.7894169999999998,-1.034672,BRN,CHN,6907
1973423,39,43,1416,2002,0.0,56200.0,0.9963280000000001,1.1922110000000001,CAN,CHN,6907
1973424,42,43,1416,2002,0.0,26065.0,-0.035264,-0.101796,CHL,CHN,6907
1973425,44,43,1416,2002,0.0,293667.0,-0.816327,-0.711765,CIV,CHN,6907
1973426,45,43,1416,2002,0.0,208481.0,-1.114477,-1.0516510000000001,CMR,CHN,6907
1973427,47,43,1416,2002,0.0,33193.0,-1.62227,-1.202067,COG,CHN,6907
1973428,49,43,1416,2002,0.0,32001.0,0.345094,0.37787800000000005,COL,CHN,6907
1973429,52,43,1416,2002,0.0,28570.0,0.03619,-0.187718,CRI,CHN,6907
1973430,58,43,1416,2002,0.0,102058.0,0.381391,0.40265,CYP,CHN,6907
1973431,59,43,1416,2002,0.0,6706.0,1.550713,1.037066,CZE,CHN,6907
1973432,61,43,1416,2002,260542.0,81532.0,2.297691,-2.183239,DEU,CHN,6907
1973433,62,43,1416,2002,0.0,23721.0,0.416677,-0.052552,DJI,CHN,6907
1973434,63,43,1416,2002,0.0,47564.0,0.196298,-0.129221,DMA,CHN,6907
1973435,64,43,1416,2002,0.0,38815.0,1.26594,1.225186,DNK,CHN,6907
1973436,65,43,1416,2002,0.0,64835.0,-0.46284899999999995,-0.39210100000000003,DOM,CHN,6907
1973437,66,43,1416,2002,0.0,179627.0,-0.912033,-1.1731850000000001,DZA,CHN,6907
1973438,67,43,1416,2002,0.0,241551.0,-0.976218,-0.926393,ECU,CHN,6907
1973439,68,43,1416,2002,0.0,17280.0,-0.377127,0.549439,EGY,CHN,6907
1973440,71,43,1416,2002,102825.0,485690.0,1.012246,2.049594,ESP,CHN,6907
1973441,73,43,1416,2002,0.0,45065.0,-1.096371,-0.9566709999999999,ETH,CHN,6907
1973442,74,43,1416,2002,0.0,2114.0,2.0234240000000003,0.979141,FIN,CHN,6907
1973443,75,43,1416,2002,0.0,17565.0,-0.588136,-0.242883,FJI,CHN,6907
1973444,77,43,1416,2002,0.0,259954.0,1.569367,0.9886360000000001,FRA,CHN,6907
1973445,80,43,1416,2002,0.0,26200.0,-0.830094,-1.149233,GAB,CHN,6907
1973446,81,43,1416,2002,2877.0,54915.0,1.893177,0.831382,GBR,CHN,6907
1973447,83,43,1416,2002,0.0,505774.0,-1.333425,-1.0709879999999998,GHA,CHN,6907
1973448,85,43,1416,2002,0.0,6349.0,-1.85329,-1.243105,GIN,CHN,6907
1973449,87,43,1416,2002,0.0,19225.0,0.075971,-0.068413,GMB,CHN,6907
1973450,90,43,1416,2002,0.0,500495.0,0.31858000000000003,1.47417,GRC,CHN,6907
1973451,93,43,1416,2002,0.0,30782.0,-0.548834,-0.034464999999999996,GTM,CHN,6907
1973452,96,43,1416,2002,0.0,7260.0,-0.9485889999999999,-0.9086489999999999,GUY,CHN,6907
1973453,97,43,1416,2002,169431.0,49465103.0,0.5701109999999999,1.989357,HKG,CHN,6907
1973454,99,43,1416,2002,0.0,17853.0,-0.877043,-0.658185,HND,CHN,6907
1973455,101,43,1416,2002,0.0,5648.0,-1.220251,-0.8176859999999999,HTI,CHN,6907
1973456,102,43,1416,2002,0.0,7875.0,1.179684,1.0574860000000001,HUN,CHN,6907
1973457,103,43,1416,2002,0.0,3587910.0,-0.10020499999999999,1.590314,IDN,CHN,6907
1973458,104,43,1416,2002,33057.0,3367953.0,0.380867,2.608955,IND,CHN,6907
1973459,107,43,1416,2002,0.0,410890.0,-0.5707840000000001,-0.705612,IRN,CHN,6907
1973460,109,43,1416,2002,0.0,1684.0,0.23601999999999998,-0.34781,ISL,CHN,6907
1973461,110,43,1416,2002,0.0,3256751.0,1.334174,0.654331,ISR,CHN,6907
1973462,111,43,1416,2002,1269224.0,2002425.0,1.377604,1.2470510000000001,ITA,CHN,6907
1973463,112,43,1416,2002,0.0,21657.0,-0.604813,-0.9309860000000001,JAM,CHN,6907
1973464,113,43,1416,2002,0.0,230991.0,0.24197600000000002,0.196635,JOR,CHN,6907
1973465,114,43,1416,2002,358620.0,8657820.0,2.556057,0.497673,JPN,CHN,6907
1973466,115,43,1416,2002,0.0,98024.0,-0.065332,-0.616159,KAZ,CHN,6907
1973467,116,43,1416,2002,0.0,117266.0,-0.555812,0.169204,KEN,CHN,6907
1973468,117,43,1416,2002,0.0,11826.0,0.081807,0.16872,KGZ,CHN,6907
1973469,118,43,1416,2002,0.0,1025192.0,-1.231783,-1.1518700000000002,KHM,CHN,6907
1973470,121,43,1416,2002,36233.0,7423576.0,1.186816,1.075947,KOR,CHN,6907
1973471,122,43,1416,2002,0.0,3358371.0,-0.6629550000000001,-1.157214,KWT,CHN,6907
1973472,124,43,1416,2002,0.0,365839.0,0.2729,1.254232,LBN,CHN,6907
1973473,126,43,1416,2002,0.0,5634.0,-0.568615,-1.172261,LBY,CHN,6907
1973474,128,43,1416,2002,0.0,395708.0,-0.740927,0.023171,LKA,CHN,6907
1973475,132,43,1416,2002,0.0,2394.0,0.45210200000000006,0.515388,LVA,CHN,6907
1973476,133,43,1416,2002,0.0,197286.0,-0.360172,-0.359367,MAC,CHN,6907
1973477,134,43,1416,2002,0.0,41529.0,-0.810467,-0.34807899999999997,MAR,CHN,6907
1973478,136,43,1416,2002,0.0,51218.0,-1.120167,-0.43338699999999997,MDG,CHN,6907
1973479,137,43,1416,2002,0.0,892.0,-1.3007440000000001,-1.0420120000000002,MDV,CHN,6907
1973480,138,43,1416,2002,0.0,160015.0,0.942061,0.6311260000000001,MEX,CHN,6907
1973481,139,43,1416,2002,0.0,3646.0,0.185091,-0.8390989999999999,MHL,CHN,6907
1973482,141,43,1416,2002,0.0,12323.0,-0.8948520000000001,-0.863375,MLI,CHN,6907
1973483,142,43,1416,2002,0.0,13767.0,1.12245,0.019001,MLT,CHN,6907
1973484,143,43,1416,2002,0.0,185600.0,-1.571568,-1.131512,MMR,CHN,6907
1973485,145,43,1416,2002,0.0,18237.0,-0.895827,-0.9913799999999999,MNG,CHN,6907
1973486,147,43,1416,2002,0.0,5569.0,-0.947259,-1.047883,MOZ,CHN,6907
1973487,148,43,1416,2002,0.0,13522.0,-1.27671,-1.218472,MRT,CHN,6907
1973488,151,43,1416,2002,0.0,154183.0,-0.37937600000000005,-0.388848,MUS,CHN,6907
1973489,152,43,1416,2002,0.0,1132.0,-1.441416,-1.214651,MWI,CHN,6907
1973490,153,43,1416,2002,198049.0,4391037.0,0.704957,0.243398,MYS,CHN,6907
1973491,156,43,1416,2002,0.0,4762.0,-0.292646,-0.823263,NCL,CHN,6907
1973492,159,43,1416,2002,0.0,2118556.0,-1.8315700000000001,-1.25171,NGA,CHN,6907
1973493,160,43,1416,2002,0.0,2026.0,-0.677398,-0.564472,NIC,CHN,6907
1973494,162,43,1416,2002,1752.0,112125.0,1.206176,1.7136360000000002,NLD,CHN,6907
1973495,163,43,1416,2002,0.0,3557.0,1.110882,0.17164100000000002,NOR,CHN,6907
1973496,164,43,1416,2002,0.0,7247.0,-0.216428,0.44377700000000003,NPL,CHN,6907
1973497,166,43,1416,2002,0.0,124816.0,0.542585,0.854243,NZL,CHN,6907
1973498,167,43,1416,2002,0.0,176833.0,-1.238769,-1.225841,OMN,CHN,6907
1973499,168,43,1416,2002,0.0,987470.0,-0.877655,-0.322094,PAK,CHN,6907
1973500,169,43,1416,2002,0.0,716711.0,0.134759,0.234258,PAN,CHN,6907
1973501,173,43,1416,2002,0.0,129121.0,-0.6126199999999999,0.085944,PER,CHN,6907
1973502,174,43,1416,2002,0.0,1906076.0,0.055439999999999996,-0.179809,PHL,CHN,6907
1973503,176,43,1416,2002,0.0,41995.0,-1.4572319999999999,-1.159399,PNG,CHN,6907
1973504,177,43,1416,2002,0.0,77295.0,0.931642,1.721727,POL,CHN,6907
1973505,178,43,1416,2002,0.0,157292.0,0.43756999999999996,0.744264,PRK,CHN,6907
1973506,179,43,1416,2002,7285.0,100853.0,0.484407,1.6500080000000001,PRT,CHN,6907
1973507,181,43,1416,2002,0.0,50436.0,0.394636,-0.286194,PSE,CHN,6907
1973508,182,43,1416,2002,0.0,636.0,0.042936,-0.7421840000000001,PYF,CHN,6907
1973509,183,43,1416,2002,0.0,246015.0,-0.306052,-1.098296,QAT,CHN,6907
1973510,185,43,1416,2002,0.0,20852.0,0.29888200000000004,0.980376,ROU,CHN,6907
1973511,186,43,1416,2002,0.0,587738.0,1.109397,0.424229,RUS,CHN,6907
1973512,187,43,1416,2002,0.0,12698.0,-0.553848,-0.757714,RWA,CHN,6907
1973513,188,43,1416,2002,0.0,10760982.0,0.082107,-0.843317,SAU,CHN,6907
1973514,189,43,1416,2002,0.0,66348.0,0.55781,2.135925,SCG,CHN,6907
1973515,190,43,1416,2002,0.0,229601.0,-1.499925,-1.228374,SDN,CHN,6907
1973516,191,43,1416,2002,0.0,166756.0,-0.43679700000000005,-0.484176,SEN,CHN,6907
1973517,192,43,1416,2002,27591.0,3106636.0,1.481857,0.648889,SGP,CHN,6907
1973518,196,43,1416,2002,0.0,64738.0,0.397488,-0.027672000000000002,SLE,CHN,6907
1973519,197,43,1416,2002,0.0,72946.0,-0.280138,-0.099225,SLV,CHN,6907
1973520,205,43,1416,2002,0.0,25737.0,-0.9120030000000001,-0.8871020000000001,SUR,CHN,6907
1973521,208,43,1416,2002,0.0,3119.0,2.128614,0.7891199999999999,SWE,CHN,6907
1973522,211,43,1416,2002,0.0,7632.0,-0.977247,-0.927527,SYC,CHN,6907
1973523,215,43,1416,2002,0.0,214332.0,-0.6810039999999999,-0.6286930000000001,TGO,CHN,6907
1973524,216,43,1416,2002,10052.0,1103977.0,0.432041,1.627953,THA,CHN,6907
1973525,222,43,1416,2002,0.0,24775.0,0.074907,-0.8203879999999999,TTO,CHN,6907
1973526,223,43,1416,2002,0.0,46336.0,-0.221951,0.325506,TUN,CHN,6907
1973527,224,43,1416,2002,0.0,133640.0,0.11263699999999999,1.83925,TUR,CHN,6907
1973528,226,43,1416,2002,0.0,248502.0,-1.189463,-0.48640600000000006,TZA,CHN,6907
1973529,227,43,1416,2002,0.0,2820.0,-1.038337,-0.896425,UGA,CHN,6907
1973530,228,43,1416,2002,0.0,120416.0,0.835485,0.872135,UKR,CHN,6907
1973531,230,43,1416,2002,0.0,7328.0,0.300502,0.16817000000000001,URY,CHN,6907
1973532,231,43,1416,2002,806108.0,391304.0,1.821594,0.231296,USA,CHN,6907
1973533,232,43,1416,2002,0.0,10818.0,-0.379765,-0.5965159999999999,UZB,CHN,6907
1973534,236,43,1416,2002,0.0,280093.0,0.211536,-0.715675,VEN,CHN,6907
1973535,239,43,1416,2002,0.0,836361.0,-0.589665,0.799874,VNM,CHN,6907
1973536,240,43,1416,2002,0.0,2638.0,-1.240258,-0.95039,VUT,CHN,6907
1973537,241,43,1416,2002,0.0,3902.0,0.5689420000000001,-0.737647,WLF,CHN,6907
1973538,243,43,1416,2002,0.0,57400.0,-1.233006,-1.22101,YEM,CHN,6907
1973539,246,43,1416,2002,0.0,303182.0,0.395943,2.392458,ZAF,CHN,6907
1973540,247,43,1416,2002,0.0,139853.0,-0.654686,-0.545346,ZMB,CHN,6907
1973541,248,43,1416,2002,0.0,16413.0,-0.309483,0.271457,ZWE,CHN,6907
1973542,249,43,1416,2002,191038.0,2088216.0,1.683858,1.333601,TWN,CHN,6907
1973543,250,43,1416,2002,0.0,3169.0,0.734927,-0.40114099999999997,ANS,CHN,6907
1973544,0,49,1416,2002,0.0,24925.0,0.017075999999999997,-0.844024,ABW,COL,6907
1973545,6,49,1416,2002,0.0,6667.0,0.346519,-0.631549,ANT,COL,6907
1973546,7,49,1416,2002,230380.0,0.0,0.044683,-0.247191,ARE,COL,6907
1973547,18,49,1416,2002,1935.0,3838.0,1.4097469999999999,1.440169,BEL,COL,6907
1973548,25,49,1416,2002,0.0,4338.0,0.641626,-0.37892800000000004,BHS,COL,6907
1973549,32,49,1416,2002,16171.0,0.0,0.677883,1.0227190000000002,BRA,COL,6907
1973550,39,49,1416,2002,3662.0,46750.0,0.9963280000000001,1.1922110000000001,CAN,COL,6907
1973551,42,49,1416,2002,0.0,28839.0,-0.035264,-0.101796,CHL,COL,6907
1973552,43,49,1416,2002,32001.0,0.0,0.576746,2.7995520000000003,CHN,COL,6907
1973553,52,49,1416,2002,0.0,69079.0,0.03619,-0.187718,CRI,COL,6907
1973554,61,49,1416,2002,0.0,6274.0,2.297691,-2.183239,DEU,COL,6907
1973555,65,49,1416,2002,0.0,92305.0,-0.46284899999999995,-0.39210100000000003,DOM,COL,6907
1973556,67,49,1416,2002,0.0,426634.0,-0.976218,-0.926393,ECU,COL,6907
1973557,71,49,1416,2002,661410.0,0.0,1.012246,2.049594,ESP,COL,6907
1973558,81,49,1416,2002,0.0,26227.0,1.893177,0.831382,GBR,COL,6907
1973559,97,49,1416,2002,43462.0,0.0,0.5701109999999999,1.989357,HKG,COL,6907
1973560,99,49,1416,2002,0.0,5825.0,-0.877043,-0.658185,HND,COL,6907
1973561,101,49,1416,2002,0.0,6537.0,-1.220251,-0.8176859999999999,HTI,COL,6907
1973562,103,49,1416,2002,4085.0,0.0,-0.10020499999999999,1.590314,IDN,COL,6907
1973563,111,49,1416,2002,273994.0,0.0,1.377604,1.2470510000000001,ITA,COL,6907
1973564,112,49,1416,2002,0.0,26491.0,-0.604813,-0.9309860000000001,JAM,COL,6907
1973565,114,49,1416,2002,0.0,28441.0,2.556057,0.497673,JPN,COL,6907
1973566,127,49,1416,2002,0.0,5169.0,0.14441700000000002,-0.38146599999999997,LCA,COL,6907
1973567,138,49,1416,2002,1880.0,32074.0,0.942061,0.6311260000000001,MEX,COL,6907
1973568,162,49,1416,2002,0.0,1086.0,1.206176,1.7136360000000002,NLD,COL,6907
1973569,166,49,1416,2002,0.0,4354.0,0.542585,0.854243,NZL,COL,6907
1973570,169,49,1416,2002,0.0,276471.0,0.134759,0.234258,PAN,COL,6907
1973571,192,49,1416,2002,0.0,15155.0,1.481857,0.648889,SGP,COL,6907
1973572,197,49,1416,2002,0.0,5784.0,-0.280138,-0.099225,SLV,COL,6907
1973573,222,49,1416,2002,0.0,31511.0,0.074907,-0.8203879999999999,TTO,COL,6907
1973574,231,49,1416,2002,19285.0,2020155.0,1.821594,0.231296,USA,COL,6907
1973575,236,49,1416,2002,6902.0,1858345.0,0.211536,-0.715675,VEN,COL,6907
1973576,249,49,1416,2002,0.0,33449.0,1.683858,1.333601,TWN,COL,6907
1973577,250,49,1416,2002,49464.0,0.0,0.734927,-0.40114099999999997,ANS,COL,6907
1973578,8,52,1416,2002,13342.0,0.0,0.284536,0.517425,ARG,CRI,6907
1973579,32,52,1416,2002,21114.0,0.0,0.677883,1.0227190000000002,BRA,CRI,6907
1973580,41,52,1416,2002,1859.0,0.0,2.218095,0.620946,CHE,CRI,6907
1973581,43,52,1416,2002,28570.0,0.0,0.576746,2.7995520000000003,CHN,CRI,6907
1973582,49,52,1416,2002,69079.0,0.0,0.345094,0.37787800000000005,COL,CRI,6907
1973583,71,52,1416,2002,113598.0,0.0,1.012246,2.049594,ESP,CRI,6907
1973584,99,52,1416,2002,0.0,3908.0,-0.877043,-0.658185,HND,CRI,6907
1973585,103,52,1416,2002,29462.0,0.0,-0.10020499999999999,1.590314,IDN,CRI,6907
1973586,111,52,1416,2002,232931.0,0.0,1.377604,1.2470510000000001,ITA,CRI,6907
1973587,160,52,1416,2002,977.0,0.0,-0.677398,-0.564472,NIC,CRI,6907
1973588,169,52,1416,2002,54419.0,0.0,0.134759,0.234258,PAN,CRI,6907
1973589,173,52,1416,2002,9391.0,0.0,-0.6126199999999999,0.085944,PER,CRI,6907
1973590,179,52,1416,2002,22438.0,0.0,0.484407,1.6500080000000001,PRT,CRI,6907
1973591,231,52,1416,2002,9844.0,0.0,1.821594,0.231296,USA,CRI,6907
1973592,236,52,1416,2002,4201.0,0.0,0.211536,-0.715675,VEN,CRI,6907
1973593,239,52,1416,2002,12422.0,0.0,-0.589665,0.799874,VNM,CRI,6907
1973594,14,54,1416,2002,19967.0,0.0,0.231386,0.771628,AUS,CUB,6907
1973595,32,54,1416,2002,113267.0,0.0,0.677883,1.0227190000000002,BRA,CUB,6907
1973596,71,54,1416,2002,276520.0,0.0,1.012246,2.049594,ESP,CUB,6907
1973597,77,54,1416,2002,11450.0,0.0,1.569367,0.9886360000000001,FRA,CUB,6907
1973598,111,54,1416,2002,518667.0,0.0,1.377604,1.2470510000000001,ITA,CUB,6907
1973599,4,61,1416,2002,0.0,1248.0,-0.127828,-0.126857,ALB,DEU,6907
1973600,5,61,1416,2002,0.0,11930.0,1.1751610000000001,0.8631700000000001,AND,DEU,6907
1973601,7,61,1416,2002,3376992.0,827967.0,0.044683,-0.247191,ARE,DEU,6907
1973602,9,61,1416,2002,0.0,3256.0,0.710274,-0.11309000000000001,ARM,DEU,6907
1973603,14,61,1416,2002,10223.0,949077.0,0.231386,0.771628,AUS,DEU,6907
1973604,15,61,1416,2002,497779.0,4574262.0,1.8651200000000001,0.48423900000000003,AUT,DEU,6907
1973605,16,61,1416,2002,0.0,4421.0,-0.41282299999999994,-0.967931,AZE,DEU,6907
1973606,18,61,1416,2002,575449.0,4530773.0,1.4097469999999999,1.440169,BEL,DEU,6907
1973607,22,61,1416,2002,0.0,6405.0,-1.134933,-1.061633,BGD,DEU,6907
1973608,23,61,1416,2002,0.0,59486.0,0.37451100000000004,1.573517,BGR,DEU,6907
1973609,24,61,1416,2002,0.0,66973.0,-0.146585,-1.006558,BHR,DEU,6907
1973610,26,61,1416,2002,0.0,3000.0,0.26339,0.30287,BIH,DEU,6907
1973611,28,61,1416,2002,0.0,948.0,0.825865,1.0148979999999999,BLR,DEU,6907
1973612,32,61,1416,2002,116154.0,19383.0,0.677883,1.0227190000000002,BRA,DEU,6907
1973613,34,61,1416,2002,0.0,1626.0,-1.7894169999999998,-1.034672,BRN,DEU,6907
1973614,39,61,1416,2002,0.0,81948.0,0.9963280000000001,1.1922110000000001,CAN,DEU,6907
1973615,41,61,1416,2002,109669.0,2886934.0,2.218095,0.620946,CHE,DEU,6907
1973616,42,61,1416,2002,0.0,218264.0,-0.035264,-0.101796,CHL,DEU,6907
1973617,43,61,1416,2002,81532.0,260542.0,0.576746,2.7995520000000003,CHN,DEU,6907
1973618,44,61,1416,2002,0.0,5242.0,-0.816327,-0.711765,CIV,DEU,6907
1973619,45,61,1416,2002,0.0,1803.0,-1.114477,-1.0516510000000001,CMR,DEU,6907
1973620,47,61,1416,2002,0.0,44000.0,-1.62227,-1.202067,COG,DEU,6907
1973621,49,61,1416,2002,6274.0,0.0,0.345094,0.37787800000000005,COL,DEU,6907
1973622,58,61,1416,2002,0.0,138929.0,0.381391,0.40265,CYP,DEU,6907
1973623,59,61,1416,2002,4829288.0,1417634.0,1.550713,1.037066,CZE,DEU,6907
1973624,63,61,1416,2002,0.0,724.0,0.196298,-0.129221,DMA,DEU,6907
1973625,64,61,1416,2002,386672.0,2493824.0,1.26594,1.225186,DNK,DEU,6907
1973626,66,61,1416,2002,0.0,23623.0,-0.912033,-1.1731850000000001,DZA,DEU,6907
1973627,68,61,1416,2002,1239.0,66308.0,-0.377127,0.549439,EGY,DEU,6907
1973628,69,61,1416,2002,0.0,1000.0,0.831973,-0.050712,ERI,DEU,6907
1973629,71,61,1416,2002,3926571.0,1951435.0,1.012246,2.049594,ESP,DEU,6907
1973630,72,61,1416,2002,0.0,115304.0,0.54511,0.9135979999999999,EST,DEU,6907
1973631,73,61,1416,2002,0.0,2209.0,-1.096371,-0.9566709999999999,ETH,DEU,6907
1973632,74,61,1416,2002,2559.0,1481156.0,2.0234240000000003,0.979141,FIN,DEU,6907
1973633,77,61,1416,2002,7280946.0,11985734.0,1.569367,0.9886360000000001,FRA,DEU,6907
1973634,78,61,1416,2002,0.0,1845.0,-0.410455,-0.821335,FRO,DEU,6907
1973635,80,61,1416,2002,0.0,1598.0,-0.830094,-1.149233,GAB,DEU,6907
1973636,81,61,1416,2002,172405.0,2978821.0,1.893177,0.831382,GBR,DEU,6907
1973637,82,61,1416,2002,11442.0,1326.0,0.662382,-0.124825,GEO,DEU,6907
1973638,83,61,1416,2002,0.0,33754.0,-1.333425,-1.0709879999999998,GHA,DEU,6907
1973639,85,61,1416,2002,0.0,23287.0,-1.85329,-1.243105,GIN,DEU,6907
1973640,87,61,1416,2002,0.0,1827.0,0.075971,-0.068413,GMB,DEU,6907
1973641,90,61,1416,2002,1409460.0,467739.0,0.31858000000000003,1.47417,GRC,DEU,6907
1973642,97,61,1416,2002,0.0,1669085.0,0.5701109999999999,1.989357,HKG,DEU,6907
1973643,99,61,1416,2002,0.0,5663.0,-0.877043,-0.658185,HND,DEU,6907
1973644,100,61,1416,2002,0.0,184892.0,0.591276,1.030723,HRV,DEU,6907
1973645,102,61,1416,2002,191123.0,1088889.0,1.179684,1.0574860000000001,HUN,DEU,6907
1973646,103,61,1416,2002,9220.0,38733.0,-0.10020499999999999,1.590314,IDN,DEU,6907
1973647,104,61,1416,2002,7119.0,17411.0,0.380867,2.608955,IND,DEU,6907
1973648,106,61,1416,2002,3857.0,293761.0,1.7232880000000002,0.091172,IRL,DEU,6907
1973649,107,61,1416,2002,0.0,60063.0,-0.5707840000000001,-0.705612,IRN,DEU,6907
1973650,108,61,1416,2002,0.0,9000.0,-0.397477,-0.811214,IRQ,DEU,6907
1973651,109,61,1416,2002,0.0,126120.0,0.23601999999999998,-0.34781,ISL,DEU,6907
1973652,110,61,1416,2002,0.0,323327.0,1.334174,0.654331,ISR,DEU,6907
1973653,111,61,1416,2002,180208091.0,8736158.0,1.377604,1.2470510000000001,ITA,DEU,6907
1973654,113,61,1416,2002,0.0,246730.0,0.24197600000000002,0.196635,JOR,DEU,6907
1973655,114,61,1416,2002,26207.0,295929.0,2.556057,0.497673,JPN,DEU,6907
1973656,115,61,1416,2002,0.0,96473.0,-0.065332,-0.616159,KAZ,DEU,6907
1973657,116,61,1416,2002,0.0,6750.0,-0.555812,0.169204,KEN,DEU,6907
1973658,117,61,1416,2002,0.0,3397.0,0.081807,0.16872,KGZ,DEU,6907
1973659,120,61,1416,2002,0.0,5226.0,0.911442,-0.26164899999999996,KNA,DEU,6907
1973660,121,61,1416,2002,0.0,536142.0,1.186816,1.075947,KOR,DEU,6907
1973661,122,61,1416,2002,0.0,488930.0,-0.6629550000000001,-1.157214,KWT,DEU,6907
1973662,124,61,1416,2002,0.0,65291.0,0.2729,1.254232,LBN,DEU,6907
1973663,126,61,1416,2002,0.0,102000.0,-0.568615,-1.172261,LBY,DEU,6907
1973664,127,61,1416,2002,0.0,1621.0,0.14441700000000002,-0.38146599999999997,LCA,DEU,6907
1973665,130,61,1416,2002,4850.0,704926.0,0.23102399999999998,0.586078,LTU,DEU,6907
1973666,131,61,1416,2002,3780.0,768933.0,1.605378,1.152973,LUX,DEU,6907
1973667,132,61,1416,2002,1001.0,149626.0,0.45210200000000006,0.515388,LVA,DEU,6907
1973668,133,61,1416,2002,0.0,11583.0,-0.360172,-0.359367,MAC,DEU,6907
1973669,134,61,1416,2002,0.0,56487.0,-0.810467,-0.34807899999999997,MAR,DEU,6907
1973670,135,61,1416,2002,0.0,5313.0,-0.186001,-0.141598,MDA,DEU,6907
1973671,138,61,1416,2002,965.0,158887.0,0.942061,0.6311260000000001,MEX,DEU,6907
1973672,140,61,1416,2002,0.0,15196.0,-0.030274000000000002,0.359317,MKD,DEU,6907
1973673,142,61,1416,2002,0.0,13991.0,1.12245,0.019001,MLT,DEU,6907
1973674,145,61,1416,2002,0.0,8000.0,-0.895827,-0.9913799999999999,MNG,DEU,6907
1973675,153,61,1416,2002,176113.0,2700.0,0.704957,0.243398,MYS,DEU,6907
1973676,155,61,1416,2002,0.0,214335.0,-0.314161,-0.521778,NAM,DEU,6907
1973677,159,61,1416,2002,0.0,153325.0,-1.8315700000000001,-1.25171,NGA,DEU,6907
1973678,160,61,1416,2002,0.0,12747.0,-0.677398,-0.564472,NIC,DEU,6907
1973679,162,61,1416,2002,5349505.0,4613022.0,1.206176,1.7136360000000002,NLD,DEU,6907
1973680,163,61,1416,2002,0.0,862164.0,1.110882,0.17164100000000002,NOR,DEU,6907
1973681,166,61,1416,2002,0.0,9404.0,0.542585,0.854243,NZL,DEU,6907
1973682,167,61,1416,2002,0.0,46114.0,-1.238769,-1.225841,OMN,DEU,6907
1973683,169,61,1416,2002,0.0,3830.0,0.134759,0.234258,PAN,DEU,6907
1973684,173,61,1416,2002,0.0,6995.0,-0.6126199999999999,0.085944,PER,DEU,6907
1973685,174,61,1416,2002,0.0,26171.0,0.055439999999999996,-0.179809,PHL,DEU,6907
1973686,177,61,1416,2002,256396.0,7462782.0,0.931642,1.721727,POL,DEU,6907
1973687,179,61,1416,2002,495805.0,322076.0,0.484407,1.6500080000000001,PRT,DEU,6907
1973688,183,61,1416,2002,0.0,17944.0,-0.306052,-1.098296,QAT,DEU,6907
1973689,185,61,1416,2002,0.0,283782.0,0.29888200000000004,0.980376,ROU,DEU,6907
1973690,186,61,1416,2002,1783.0,1187665.0,1.109397,0.424229,RUS,DEU,6907
1973691,187,61,1416,2002,0.0,9993.0,-0.553848,-0.757714,RWA,DEU,6907
1973692,188,61,1416,2002,0.0,868398.0,0.082107,-0.843317,SAU,DEU,6907
1973693,189,61,1416,2002,0.0,18600.0,0.55781,2.135925,SCG,DEU,6907
1973694,191,61,1416,2002,0.0,1660.0,-0.43679700000000005,-0.484176,SEN,DEU,6907
1973695,192,61,1416,2002,0.0,386895.0,1.481857,0.648889,SGP,DEU,6907
1973696,206,61,1416,2002,62484.0,197935.0,1.1907379999999999,1.050649,SVK,DEU,6907
1973697,207,61,1416,2002,7614.0,138056.0,1.5643770000000001,1.043862,SVN,DEU,6907
1973698,208,61,1416,2002,12945.0,1265562.0,2.128614,0.7891199999999999,SWE,DEU,6907
1973699,216,61,1416,2002,0.0,126879.0,0.432041,1.627953,THA,DEU,6907
1973700,222,61,1416,2002,0.0,7361.0,0.074907,-0.8203879999999999,TTO,DEU,6907
1973701,223,61,1416,2002,0.0,97481.0,-0.221951,0.325506,TUN,DEU,6907
1973702,224,61,1416,2002,726984.0,112748.0,0.11263699999999999,1.83925,TUR,DEU,6907
1973703,228,61,1416,2002,0.0,426208.0,0.835485,0.872135,UKR,DEU,6907
1973704,231,61,1416,2002,21675.0,1569953.0,1.821594,0.231296,USA,DEU,6907
1973705,232,61,1416,2002,0.0,2000.0,-0.379765,-0.5965159999999999,UZB,DEU,6907
1973706,236,61,1416,2002,0.0,3405.0,0.211536,-0.715675,VEN,DEU,6907
1973707,239,61,1416,2002,1519.0,195955.0,-0.589665,0.799874,VNM,DEU,6907
1973708,243,61,1416,2002,0.0,115000.0,-1.233006,-1.22101,YEM,DEU,6907
1973709,246,61,1416,2002,0.0,8678.0,0.395943,2.392458,ZAF,DEU,6907
1973710,249,61,1416,2002,0.0,327700.0,1.683858,1.333601,TWN,DEU,6907
1973711,250,61,1416,2002,2530.0,42982.0,0.734927,-0.40114099999999997,ANS,DEU,6907
1973712,22,64,1416,2002,0.0,7024.0,-1.134933,-1.061633,BGD,DNK,6907
1973713,23,64,1416,2002,1377.0,0.0,0.37451100000000004,1.573517,BGR,DNK,6907
1973714,28,64,1416,2002,1256.0,0.0,0.825865,1.0148979999999999,BLR,DNK,6907
1973715,32,64,1416,2002,1544.0,0.0,0.677883,1.0227190000000002,BRA,DNK,6907
1973716,43,64,1416,2002,38815.0,0.0,0.576746,2.7995520000000003,CHN,DNK,6907
1973717,59,64,1416,2002,9305.0,1238.0,1.550713,1.037066,CZE,DNK,6907
1973718,61,64,1416,2002,2493824.0,386672.0,2.297691,-2.183239,DEU,DNK,6907
1973719,71,64,1416,2002,59857.0,0.0,1.012246,2.049594,ESP,DNK,6907
1973720,72,64,1416,2002,0.0,7404.0,0.54511,0.9135979999999999,EST,DNK,6907
1973721,74,64,1416,2002,75019.0,0.0,2.0234240000000003,0.979141,FIN,DNK,6907
1973722,77,64,1416,2002,281165.0,7258.0,1.569367,0.9886360000000001,FRA,DNK,6907
1973723,78,64,1416,2002,0.0,24089.0,-0.410455,-0.821335,FRO,DNK,6907
1973724,81,64,1416,2002,60058.0,26391.0,1.893177,0.831382,GBR,DNK,6907
1973725,83,64,1416,2002,0.0,11324.0,-1.333425,-1.0709879999999998,GHA,DNK,6907
1973726,92,64,1416,2002,0.0,91894.0,-0.592221,-0.8956799999999999,GRL,DNK,6907
1973727,103,64,1416,2002,0.0,1538.0,-0.10020499999999999,1.590314,IDN,DNK,6907
1973728,104,64,1416,2002,4407.0,0.0,0.380867,2.608955,IND,DNK,6907
1973729,106,64,1416,2002,3710.0,8320.0,1.7232880000000002,0.091172,IRL,DNK,6907
1973730,111,64,1416,2002,5780642.0,0.0,1.377604,1.2470510000000001,ITA,DNK,6907
1973731,124,64,1416,2002,7322.0,0.0,0.2729,1.254232,LBN,DNK,6907
1973732,132,64,1416,2002,0.0,2629.0,0.45210200000000006,0.515388,LVA,DNK,6907
1973733,162,64,1416,2002,329291.0,1859.0,1.206176,1.7136360000000002,NLD,DNK,6907
1973734,163,64,1416,2002,1882.0,159677.0,1.110882,0.17164100000000002,NOR,DNK,6907
1973735,177,64,1416,2002,3991.0,0.0,0.931642,1.721727,POL,DNK,6907
1973736,179,64,1416,2002,210599.0,0.0,0.484407,1.6500080000000001,PRT,DNK,6907
1973737,186,64,1416,2002,0.0,4567.0,1.109397,0.424229,RUS,DNK,6907
1973738,188,64,1416,2002,0.0,30456.0,0.082107,-0.843317,SAU,DNK,6907
1973739,208,64,1416,2002,313154.0,910494.0,2.128614,0.7891199999999999,SWE,DNK,6907
1973740,223,64,1416,2002,864.0,0.0,-0.221951,0.325506,TUN,DNK,6907
1973741,224,64,1416,2002,306914.0,0.0,0.11263699999999999,1.83925,TUR,DNK,6907
1973742,226,64,1416,2002,0.0,8922.0,-1.189463,-0.48640600000000006,TZA,DNK,6907
1973743,8,65,1416,2002,6776.0,0.0,0.284536,0.517425,ARG,DOM,6907
1973744,32,65,1416,2002,61594.0,0.0,0.677883,1.0227190000000002,BRA,DOM,6907
1973745,43,65,1416,2002,64835.0,0.0,0.576746,2.7995520000000003,CHN,DOM,6907
1973746,49,65,1416,2002,92305.0,0.0,0.345094,0.37787800000000005,COL,DOM,6907
1973747,71,65,1416,2002,1091930.0,0.0,1.012246,2.049594,ESP,DOM,6907
1973748,77,65,1416,2002,1791.0,0.0,1.569367,0.9886360000000001,FRA,DOM,6907
1973749,97,65,1416,2002,11830.0,0.0,0.5701109999999999,1.989357,HKG,DOM,6907
1973750,111,65,1416,2002,582070.0,0.0,1.377604,1.2470510000000001,ITA,DOM,6907
1973751,114,65,1416,2002,6638.0,0.0,2.556057,0.497673,JPN,DOM,6907
1973752,138,65,1416,2002,9322.0,0.0,0.942061,0.6311260000000001,MEX,DOM,6907
1973753,179,65,1416,2002,25303.0,0.0,0.484407,1.6500080000000001,PRT,DOM,6907
1973754,231,65,1416,2002,14206.0,34522.0,1.821594,0.231296,USA,DOM,6907
1973755,236,65,1416,2002,1429.0,0.0,0.211536,-0.715675,VEN,DOM,6907
1973756,246,65,1416,2002,2869.0,0.0,0.395943,2.392458,ZAF,DOM,6907
1973757,7,67,1416,2002,10282.0,0.0,0.044683,-0.247191,ARE,ECU,6907
1973758,8,67,1416,2002,17915.0,0.0,0.284536,0.517425,ARG,ECU,6907
1973759,32,67,1416,2002,25040.0,0.0,0.677883,1.0227190000000002,BRA,ECU,6907
1973760,43,67,1416,2002,241551.0,0.0,0.576746,2.7995520000000003,CHN,ECU,6907
1973761,49,67,1416,2002,426634.0,0.0,0.345094,0.37787800000000005,COL,ECU,6907
1973762,71,67,1416,2002,179339.0,0.0,1.012246,2.049594,ESP,ECU,6907
1973763,104,67,1416,2002,100049.0,0.0,0.380867,2.608955,IND,ECU,6907
1973764,111,67,1416,2002,938927.0,0.0,1.377604,1.2470510000000001,ITA,ECU,6907
1973765,153,67,1416,2002,92409.0,0.0,0.704957,0.243398,MYS,ECU,6907
1973766,173,67,1416,2002,39072.0,0.0,-0.6126199999999999,0.085944,PER,ECU,6907
1973767,231,67,1416,2002,13264.0,23364.0,1.821594,0.231296,USA,ECU,6907
1973768,239,67,1416,2002,4037.0,0.0,-0.589665,0.799874,VNM,ECU,6907
1973769,249,67,1416,2002,57013.0,0.0,1.683858,1.333601,TWN,ECU,6907
1973770,2,71,1416,2002,0.0,80468.0,-2.018135,-1.222751,AGO,ESP,6907
1973771,4,71,1416,2002,0.0,3470822.0,-0.127828,-0.126857,ALB,ESP,6907
1973772,5,71,1416,2002,0.0,137033.0,1.1751610000000001,0.8631700000000001,AND,ESP,6907
1973773,6,71,1416,2002,0.0,21870.0,0.346519,-0.631549,ANT,ESP,6907
1973774,7,71,1416,2002,16243.0,269047.0,0.044683,-0.247191,ARE,ESP,6907
1973775,8,71,1416,2002,0.0,16211.0,0.284536,0.517425,ARG,ESP,6907
1973776,9,71,1416,2002,0.0,4006.0,0.710274,-0.11309000000000001,ARM,ESP,6907
1973777,14,71,1416,2002,4523.0,631920.0,0.231386,0.771628,AUS,ESP,6907
1973778,15,71,1416,2002,0.0,152014.0,1.8651200000000001,0.48423900000000003,AUT,ESP,6907
1973779,16,71,1416,2002,0.0,8702.0,-0.41282299999999994,-0.967931,AZE,ESP,6907
1973780,17,71,1416,2002,0.0,3448.0,-0.333602,-0.648837,BDI,ESP,6907
1973781,18,71,1416,2002,20927.0,611766.0,1.4097469999999999,1.440169,BEL,ESP,6907
1973782,19,71,1416,2002,0.0,469063.0,-0.724829,-0.705625,BEN,ESP,6907
1973783,21,71,1416,2002,0.0,83081.0,-0.477813,-0.647148,BFA,ESP,6907
1973784,22,71,1416,2002,0.0,205139.0,-1.134933,-1.061633,BGD,ESP,6907
1973785,23,71,1416,2002,2678.0,700894.0,0.37451100000000004,1.573517,BGR,ESP,6907
1973786,24,71,1416,2002,0.0,22394.0,-0.146585,-1.006558,BHR,ESP,6907
1973787,25,71,1416,2002,0.0,107559.0,0.641626,-0.37892800000000004,BHS,ESP,6907
1973788,26,71,1416,2002,5510.0,146007.0,0.26339,0.30287,BIH,ESP,6907
1973789,28,71,1416,2002,0.0,13722.0,0.825865,1.0148979999999999,BLR,ESP,6907
1973790,30,71,1416,2002,0.0,3331.0,1.129,-0.476633,BMU,ESP,6907
1973791,31,71,1416,2002,0.0,84404.0,-0.885342,-0.819517,BOL,ESP,6907
1973792,32,71,1416,2002,21607.0,121301.0,0.677883,1.0227190000000002,BRA,ESP,6907
1973793,33,71,1416,2002,0.0,64912.0,0.762217,0.004367,BRB,ESP,6907
1973794,34,71,1416,2002,0.0,252171.0,-1.7894169999999998,-1.034672,BRN,ESP,6907
1973795,39,71,1416,2002,0.0,162132.0,0.9963280000000001,1.1922110000000001,CAN,ESP,6907
1973796,41,71,1416,2002,3429.0,1201084.0,2.218095,0.620946,CHE,ESP,6907
1973797,42,71,1416,2002,4033.0,531355.0,-0.035264,-0.101796,CHL,ESP,6907
1973798,43,71,1416,2002,485690.0,102825.0,0.576746,2.7995520000000003,CHN,ESP,6907
1973799,44,71,1416,2002,0.0,26906.0,-0.816327,-0.711765,CIV,ESP,6907
1973800,45,71,1416,2002,0.0,4187.0,-1.114477,-1.0516510000000001,CMR,ESP,6907
1973801,49,71,1416,2002,0.0,661410.0,0.345094,0.37787800000000005,COL,ESP,6907
1973802,51,71,1416,2002,0.0,5419.0,-0.29720100000000005,-0.703051,CPV,ESP,6907
1973803,52,71,1416,2002,0.0,113598.0,0.03619,-0.187718,CRI,ESP,6907
1973804,54,71,1416,2002,0.0,276520.0,-0.479213,-0.951203,CUB,ESP,6907
1973805,58,71,1416,2002,0.0,214496.0,0.381391,0.40265,CYP,ESP,6907
1973806,59,71,1416,2002,0.0,160411.0,1.550713,1.037066,CZE,ESP,6907
1973807,61,71,1416,2002,1951435.0,3926571.0,2.297691,-2.183239,DEU,ESP,6907
1973808,64,71,1416,2002,0.0,59857.0,1.26594,1.225186,DNK,ESP,6907
1973809,65,71,1416,2002,0.0,1091930.0,-0.46284899999999995,-0.39210100000000003,DOM,ESP,6907
1973810,66,71,1416,2002,0.0,1324950.0,-0.912033,-1.1731850000000001,DZA,ESP,6907
1973811,67,71,1416,2002,0.0,179339.0,-0.976218,-0.926393,ECU,ESP,6907
1973812,68,71,1416,2002,0.0,219750.0,-0.377127,0.549439,EGY,ESP,6907
1973813,72,71,1416,2002,0.0,15535.0,0.54511,0.9135979999999999,EST,ESP,6907
1973814,73,71,1416,2002,0.0,1976.0,-1.096371,-0.9566709999999999,ETH,ESP,6907
1973815,74,71,1416,2002,42397.0,95544.0,2.0234240000000003,0.979141,FIN,ESP,6907
1973816,77,71,1416,2002,1084957.0,9644598.0,1.569367,0.9886360000000001,FRA,ESP,6907
1973817,80,71,1416,2002,0.0,9608.0,-0.830094,-1.149233,GAB,ESP,6907
1973818,81,71,1416,2002,12137.0,3383249.0,1.893177,0.831382,GBR,ESP,6907
1973819,82,71,1416,2002,0.0,19630.0,0.662382,-0.124825,GEO,ESP,6907
1973820,83,71,1416,2002,0.0,120044.0,-1.333425,-1.0709879999999998,GHA,ESP,6907
1973821,84,71,1416,2002,0.0,11471.0,0.814919,-0.205996,GIB,ESP,6907
1973822,85,71,1416,2002,0.0,30946.0,-1.85329,-1.243105,GIN,ESP,6907
1973823,87,71,1416,2002,0.0,49060.0,0.075971,-0.068413,GMB,ESP,6907
1973824,89,71,1416,2002,0.0,98917.0,-2.3567560000000003,-0.88686,GNQ,ESP,6907
1973825,90,71,1416,2002,5126.0,1411306.0,0.31858000000000003,1.47417,GRC,ESP,6907
1973826,91,71,1416,2002,0.0,1466.0,0.552833,-0.283761,GRD,ESP,6907
1973827,93,71,1416,2002,0.0,21015.0,-0.548834,-0.034464999999999996,GTM,ESP,6907
1973828,97,71,1416,2002,0.0,202200.0,0.5701109999999999,1.989357,HKG,ESP,6907
1973829,99,71,1416,2002,0.0,110190.0,-0.877043,-0.658185,HND,ESP,6907
1973830,100,71,1416,2002,0.0,95475.0,0.591276,1.030723,HRV,ESP,6907
1973831,102,71,1416,2002,0.0,441439.0,1.179684,1.0574860000000001,HUN,ESP,6907
1973832,103,71,1416,2002,2487.0,5070.0,-0.10020499999999999,1.590314,IDN,ESP,6907
1973833,104,71,1416,2002,14170.0,55167.0,0.380867,2.608955,IND,ESP,6907
1973834,106,71,1416,2002,0.0,1546896.0,1.7232880000000002,0.091172,IRL,ESP,6907
1973835,107,71,1416,2002,0.0,29420.0,-0.5707840000000001,-0.705612,IRN,ESP,6907
1973836,109,71,1416,2002,0.0,20002.0,0.23601999999999998,-0.34781,ISL,ESP,6907
1973837,110,71,1416,2002,7812.0,998323.0,1.334174,0.654331,ISR,ESP,6907
1973838,111,71,1416,2002,20877742.0,5086072.0,1.377604,1.2470510000000001,ITA,ESP,6907
1973839,112,71,1416,2002,0.0,55472.0,-0.604813,-0.9309860000000001,JAM,ESP,6907
1973840,113,71,1416,2002,0.0,385603.0,0.24197600000000002,0.196635,JOR,ESP,6907
1973841,114,71,1416,2002,0.0,829645.0,2.556057,0.497673,JPN,ESP,6907
1973842,115,71,1416,2002,0.0,72327.0,-0.065332,-0.616159,KAZ,ESP,6907
1973843,116,71,1416,2002,0.0,51317.0,-0.555812,0.169204,KEN,ESP,6907
1973844,117,71,1416,2002,0.0,3244.0,0.081807,0.16872,KGZ,ESP,6907
1973845,118,71,1416,2002,0.0,18251.0,-1.231783,-1.1518700000000002,KHM,ESP,6907
1973846,121,71,1416,2002,0.0,667678.0,1.186816,1.075947,KOR,ESP,6907
1973847,122,71,1416,2002,0.0,141824.0,-0.6629550000000001,-1.157214,KWT,ESP,6907
1973848,124,71,1416,2002,8433.0,182764.0,0.2729,1.254232,LBN,ESP,6907
1973849,126,71,1416,2002,0.0,60330.0,-0.568615,-1.172261,LBY,ESP,6907
1973850,130,71,1416,2002,0.0,223046.0,0.23102399999999998,0.586078,LTU,ESP,6907
1973851,131,71,1416,2002,0.0,227981.0,1.605378,1.152973,LUX,ESP,6907
1973852,132,71,1416,2002,0.0,50419.0,0.45210200000000006,0.515388,LVA,ESP,6907
1973853,133,71,1416,2002,0.0,192802.0,-0.360172,-0.359367,MAC,ESP,6907
1973854,134,71,1416,2002,13934.0,894087.0,-0.810467,-0.34807899999999997,MAR,ESP,6907
1973855,135,71,1416,2002,0.0,4806.0,-0.186001,-0.141598,MDA,ESP,6907
1973856,136,71,1416,2002,0.0,4449.0,-1.120167,-0.43338699999999997,MDG,ESP,6907
1973857,138,71,1416,2002,1260.0,4553228.0,0.942061,0.6311260000000001,MEX,ESP,6907
1973858,141,71,1416,2002,0.0,2207.0,-0.8948520000000001,-0.863375,MLI,ESP,6907
1973859,142,71,1416,2002,0.0,135469.0,1.12245,0.019001,MLT,ESP,6907
1973860,147,71,1416,2002,0.0,240921.0,-0.947259,-1.047883,MOZ,ESP,6907
1973861,148,71,1416,2002,0.0,56872.0,-1.27671,-1.218472,MRT,ESP,6907
1973862,151,71,1416,2002,0.0,238413.0,-0.37937600000000005,-0.388848,MUS,ESP,6907
1973863,153,71,1416,2002,126837.0,41852.0,0.704957,0.243398,MYS,ESP,6907
1973864,154,71,1416,2002,0.0,781.0,0.34587399999999996,-0.537626,MYT,ESP,6907
1973865,155,71,1416,2002,0.0,8196.0,-0.314161,-0.521778,NAM,ESP,6907
1973866,156,71,1416,2002,0.0,7499.0,-0.292646,-0.823263,NCL,ESP,6907
1973867,159,71,1416,2002,0.0,688406.0,-1.8315700000000001,-1.25171,NGA,ESP,6907
1973868,160,71,1416,2002,0.0,2552.0,-0.677398,-0.564472,NIC,ESP,6907
1973869,162,71,1416,2002,331970.0,1042836.0,1.206176,1.7136360000000002,NLD,ESP,6907
1973870,163,71,1416,2002,0.0,80130.0,1.110882,0.17164100000000002,NOR,ESP,6907
1973871,164,71,1416,2002,0.0,20773.0,-0.216428,0.44377700000000003,NPL,ESP,6907
1973872,166,71,1416,2002,0.0,75267.0,0.542585,0.854243,NZL,ESP,6907
1973873,167,71,1416,2002,0.0,4802.0,-1.238769,-1.225841,OMN,ESP,6907
1973874,168,71,1416,2002,0.0,91937.0,-0.877655,-0.322094,PAK,ESP,6907
1973875,169,71,1416,2002,0.0,91821.0,0.134759,0.234258,PAN,ESP,6907
1973876,173,71,1416,2002,0.0,59868.0,-0.6126199999999999,0.085944,PER,ESP,6907
1973877,174,71,1416,2002,0.0,276155.0,0.055439999999999996,-0.179809,PHL,ESP,6907
1973878,177,71,1416,2002,0.0,984997.0,0.931642,1.721727,POL,ESP,6907
1973879,178,71,1416,2002,0.0,22374.0,0.43756999999999996,0.744264,PRK,ESP,6907
1973880,179,71,1416,2002,1757321.0,8571925.0,0.484407,1.6500080000000001,PRT,ESP,6907
1973881,180,71,1416,2002,0.0,45509.0,-0.614282,-0.963832,PRY,ESP,6907
1973882,182,71,1416,2002,0.0,17188.0,0.042936,-0.7421840000000001,PYF,ESP,6907
1973883,183,71,1416,2002,0.0,129274.0,-0.306052,-1.098296,QAT,ESP,6907
1973884,185,71,1416,2002,0.0,318923.0,0.29888200000000004,0.980376,ROU,ESP,6907
1973885,186,71,1416,2002,0.0,1067134.0,1.109397,0.424229,RUS,ESP,6907
1973886,187,71,1416,2002,0.0,5982.0,-0.553848,-0.757714,RWA,ESP,6907
1973887,188,71,1416,2002,0.0,2349207.0,0.082107,-0.843317,SAU,ESP,6907
1973888,189,71,1416,2002,0.0,143154.0,0.55781,2.135925,SCG,ESP,6907
1973889,190,71,1416,2002,0.0,154724.0,-1.499925,-1.228374,SDN,ESP,6907
1973890,191,71,1416,2002,0.0,85165.0,-0.43679700000000005,-0.484176,SEN,ESP,6907
1973891,192,71,1416,2002,0.0,340135.0,1.481857,0.648889,SGP,ESP,6907
1973892,196,71,1416,2002,0.0,53376.0,0.397488,-0.027672000000000002,SLE,ESP,6907
1973893,197,71,1416,2002,0.0,23187.0,-0.280138,-0.099225,SLV,ESP,6907
1973894,198,71,1416,2002,0.0,8362.0,1.389807,0.275878,SMR,ESP,6907
1973895,205,71,1416,2002,0.0,10022.0,-0.9120030000000001,-0.8871020000000001,SUR,ESP,6907
1973896,206,71,1416,2002,0.0,9974.0,1.1907379999999999,1.050649,SVK,ESP,6907
1973897,207,71,1416,2002,0.0,39175.0,1.5643770000000001,1.043862,SVN,ESP,6907
1973898,208,71,1416,2002,81235.0,606307.0,2.128614,0.7891199999999999,SWE,ESP,6907
1973899,211,71,1416,2002,0.0,2067.0,-0.977247,-0.927527,SYC,ESP,6907
1973900,212,71,1416,2002,0.0,11863.0,-1.067974,-0.513309,SYR,ESP,6907
1973901,215,71,1416,2002,0.0,44730.0,-0.6810039999999999,-0.6286930000000001,TGO,ESP,6907
1973902,216,71,1416,2002,8791.0,61965.0,0.432041,1.627953,THA,ESP,6907
1973903,217,71,1416,2002,0.0,7709.0,-0.798754,-1.025902,TJK,ESP,6907
1973904,222,71,1416,2002,0.0,178678.0,0.074907,-0.8203879999999999,TTO,ESP,6907
1973905,223,71,1416,2002,0.0,1412547.0,-0.221951,0.325506,TUN,ESP,6907
1973906,224,71,1416,2002,10972.0,143299.0,0.11263699999999999,1.83925,TUR,ESP,6907
1973907,226,71,1416,2002,0.0,277439.0,-1.189463,-0.48640600000000006,TZA,ESP,6907
1973908,227,71,1416,2002,0.0,89183.0,-1.038337,-0.896425,UGA,ESP,6907
1973909,228,71,1416,2002,0.0,251464.0,0.835485,0.872135,UKR,ESP,6907
1973910,230,71,1416,2002,0.0,62044.0,0.300502,0.16817000000000001,URY,ESP,6907
1973911,231,71,1416,2002,7098.0,4358765.0,1.821594,0.231296,USA,ESP,6907
1973912,232,71,1416,2002,0.0,4514.0,-0.379765,-0.5965159999999999,UZB,ESP,6907
1973913,236,71,1416,2002,0.0,362962.0,0.211536,-0.715675,VEN,ESP,6907
1973914,239,71,1416,2002,0.0,29587.0,-0.589665,0.799874,VNM,ESP,6907
1973915,246,71,1416,2002,0.0,96674.0,0.395943,2.392458,ZAF,ESP,6907
1973916,248,71,1416,2002,0.0,24292.0,-0.309483,0.271457,ZWE,ESP,6907
1973917,249,71,1416,2002,0.0,285621.0,1.683858,1.333601,TWN,ESP,6907
1973918,2,77,1416,2002,0.0,81232.0,-2.018135,-1.222751,AGO,FRA,6907
1973919,4,77,1416,2002,3669.0,0.0,-0.127828,-0.126857,ALB,FRA,6907
1973920,5,77,1416,2002,0.0,95718.0,1.1751610000000001,0.8631700000000001,AND,FRA,6907
1973921,6,77,1416,2002,0.0,1892.0,0.346519,-0.631549,ANT,FRA,6907
1973922,7,77,1416,2002,806721.0,74515.0,0.044683,-0.247191,ARE,FRA,6907
1973923,14,77,1416,2002,0.0,944227.0,0.231386,0.771628,AUS,FRA,6907
1973924,15,77,1416,2002,1919.0,613450.0,1.8651200000000001,0.48423900000000003,AUT,FRA,6907
1973925,18,77,1416,2002,1281195.0,3764319.0,1.4097469999999999,1.440169,BEL,FRA,6907
1973926,19,77,1416,2002,2201.0,224999.0,-0.724829,-0.705625,BEN,FRA,6907
1973927,21,77,1416,2002,0.0,65993.0,-0.477813,-0.647148,BFA,FRA,6907
1973928,23,77,1416,2002,103447.0,0.0,0.37451100000000004,1.573517,BGR,FRA,6907
1973929,24,77,1416,2002,0.0,106446.0,-0.146585,-1.006558,BHR,FRA,6907
1973930,25,77,1416,2002,0.0,3344.0,0.641626,-0.37892800000000004,BHS,FRA,6907
1973931,26,77,1416,2002,22918.0,0.0,0.26339,0.30287,BIH,FRA,6907
1973932,28,77,1416,2002,0.0,1253.0,0.825865,1.0148979999999999,BLR,FRA,6907
1973933,32,77,1416,2002,70060.0,0.0,0.677883,1.0227190000000002,BRA,FRA,6907
1973934,38,77,1416,2002,0.0,26622.0,-0.45315200000000005,-0.764876,CAF,FRA,6907
1973935,39,77,1416,2002,2335.0,79791.0,0.9963280000000001,1.1922110000000001,CAN,FRA,6907
1973936,41,77,1416,2002,11704.0,1298639.0,2.218095,0.620946,CHE,FRA,6907
1973937,43,77,1416,2002,259954.0,0.0,0.576746,2.7995520000000003,CHN,FRA,6907
1973938,44,77,1416,2002,960.0,256113.0,-0.816327,-0.711765,CIV,FRA,6907
1973939,45,77,1416,2002,0.0,548092.0,-1.114477,-1.0516510000000001,CMR,FRA,6907
1973940,46,77,1416,2002,0.0,10394.0,-1.2657370000000001,-1.108659,COD,FRA,6907
1973941,47,77,1416,2002,0.0,191756.0,-1.62227,-1.202067,COG,FRA,6907
1973942,50,77,1416,2002,0.0,21949.0,-0.95335,-0.916942,COM,FRA,6907
1973943,54,77,1416,2002,0.0,11450.0,-0.479213,-0.951203,CUB,FRA,6907
1973944,58,77,1416,2002,0.0,4586.0,0.381391,0.40265,CYP,FRA,6907
1973945,59,77,1416,2002,59714.0,60167.0,1.550713,1.037066,CZE,FRA,6907
1973946,61,77,1416,2002,11985734.0,7280946.0,2.297691,-2.183239,DEU,FRA,6907
1973947,62,77,1416,2002,0.0,1891.0,0.416677,-0.052552,DJI,FRA,6907
1973948,63,77,1416,2002,0.0,5933.0,0.196298,-0.129221,DMA,FRA,6907
1973949,64,77,1416,2002,7258.0,281165.0,1.26594,1.225186,DNK,FRA,6907
1973950,65,77,1416,2002,0.0,1791.0,-0.46284899999999995,-0.39210100000000003,DOM,FRA,6907
1973951,66,77,1416,2002,3757.0,321827.0,-0.912033,-1.1731850000000001,DZA,FRA,6907
1973952,68,77,1416,2002,0.0,8865.0,-0.377127,0.549439,EGY,FRA,6907
1973953,71,77,1416,2002,9644598.0,1084957.0,1.012246,2.049594,ESP,FRA,6907
1973954,72,77,1416,2002,0.0,17789.0,0.54511,0.9135979999999999,EST,FRA,6907
1973955,73,77,1416,2002,1500.0,6800.0,-1.096371,-0.9566709999999999,ETH,FRA,6907
1973956,74,77,1416,2002,0.0,131291.0,2.0234240000000003,0.979141,FIN,FRA,6907
1973957,78,77,1416,2002,0.0,130.0,-0.410455,-0.821335,FRO,FRA,6907
1973958,80,77,1416,2002,0.0,369970.0,-0.830094,-1.149233,GAB,FRA,6907
1973959,81,77,1416,2002,63805.0,1284524.0,1.893177,0.831382,GBR,FRA,6907
1973960,83,77,1416,2002,0.0,41506.0,-1.333425,-1.0709879999999998,GHA,FRA,6907
1973961,85,77,1416,2002,0.0,102742.0,-1.85329,-1.243105,GIN,FRA,6907
1973962,87,77,1416,2002,0.0,31301.0,0.075971,-0.068413,GMB,FRA,6907
1973963,89,77,1416,2002,0.0,17023.0,-2.3567560000000003,-0.88686,GNQ,FRA,6907
1973964,90,77,1416,2002,5667.0,131797.0,0.31858000000000003,1.47417,GRC,FRA,6907
1973965,97,77,1416,2002,0.0,229713.0,0.5701109999999999,1.989357,HKG,FRA,6907
1973966,100,77,1416,2002,0.0,5140.0,0.591276,1.030723,HRV,FRA,6907
1973967,101,77,1416,2002,0.0,117311.0,-1.220251,-0.8176859999999999,HTI,FRA,6907
1973968,102,77,1416,2002,0.0,47272.0,1.179684,1.0574860000000001,HUN,FRA,6907
1973969,103,77,1416,2002,34897.0,76213.0,-0.10020499999999999,1.590314,IDN,FRA,6907
1973970,104,77,1416,2002,92608.0,3743.0,0.380867,2.608955,IND,FRA,6907
1973971,106,77,1416,2002,0.0,184926.0,1.7232880000000002,0.091172,IRL,FRA,6907
1973972,107,77,1416,2002,0.0,5646.0,-0.5707840000000001,-0.705612,IRN,FRA,6907
1973973,109,77,1416,2002,0.0,23542.0,0.23601999999999998,-0.34781,ISL,FRA,6907
1973974,110,77,1416,2002,14192.0,275308.0,1.334174,0.654331,ISR,FRA,6907
1973975,111,77,1416,2002,129564557.0,638837.0,1.377604,1.2470510000000001,ITA,FRA,6907
1973976,114,77,1416,2002,0.0,122242.0,2.556057,0.497673,JPN,FRA,6907
1973977,121,77,1416,2002,0.0,10126.0,1.186816,1.075947,KOR,FRA,6907
1973978,122,77,1416,2002,0.0,6983.0,-0.6629550000000001,-1.157214,KWT,FRA,6907
1973979,124,77,1416,2002,0.0,47890.0,0.2729,1.254232,LBN,FRA,6907
1973980,127,77,1416,2002,0.0,1521.0,0.14441700000000002,-0.38146599999999997,LCA,FRA,6907
1973981,130,77,1416,2002,0.0,14706.0,0.23102399999999998,0.586078,LTU,FRA,6907
1973982,131,77,1416,2002,212480.0,263317.0,1.605378,1.152973,LUX,FRA,6907
1973983,132,77,1416,2002,0.0,13969.0,0.45210200000000006,0.515388,LVA,FRA,6907
1973984,133,77,1416,2002,0.0,2176.0,-0.360172,-0.359367,MAC,FRA,6907
1973985,134,77,1416,2002,93027.0,406314.0,-0.810467,-0.34807899999999997,MAR,FRA,6907
1973986,136,77,1416,2002,0.0,27108.0,-1.120167,-0.43338699999999997,MDG,FRA,6907
1973987,138,77,1416,2002,81647.0,120987.0,0.942061,0.6311260000000001,MEX,FRA,6907
1973988,140,77,1416,2002,0.0,2057.0,-0.030274000000000002,0.359317,MKD,FRA,6907
1973989,141,77,1416,2002,0.0,212233.0,-0.8948520000000001,-0.863375,MLI,FRA,6907
1973990,148,77,1416,2002,0.0,99290.0,-1.27671,-1.218472,MRT,FRA,6907
1973991,151,77,1416,2002,0.0,63826.0,-0.37937600000000005,-0.388848,MUS,FRA,6907
1973992,153,77,1416,2002,44904.0,28492.0,0.704957,0.243398,MYS,FRA,6907
1973993,154,77,1416,2002,0.0,122286.0,0.34587399999999996,-0.537626,MYT,FRA,6907
1973994,156,77,1416,2002,0.0,313702.0,-0.292646,-0.823263,NCL,FRA,6907
1973995,157,77,1416,2002,0.0,17271.0,-0.344562,-0.304996,NER,FRA,6907
1973996,159,77,1416,2002,0.0,540077.0,-1.8315700000000001,-1.25171,NGA,FRA,6907
1973997,162,77,1416,2002,831173.0,2330361.0,1.206176,1.7136360000000002,NLD,FRA,6907
1973998,163,77,1416,2002,0.0,61818.0,1.110882,0.17164100000000002,NOR,FRA,6907
1973999,166,77,1416,2002,0.0,24418.0,0.542585,0.854243,NZL,FRA,6907
1974000,167,77,1416,2002,7017.0,1487.0,-1.238769,-1.225841,OMN,FRA,6907
1974001,177,77,1416,2002,52396.0,633879.0,0.931642,1.721727,POL,FRA,6907
1974002,179,77,1416,2002,4237563.0,4564.0,0.484407,1.6500080000000001,PRT,FRA,6907
1974003,182,77,1416,2002,0.0,356200.0,0.042936,-0.7421840000000001,PYF,FRA,6907
1974004,183,77,1416,2002,0.0,39752.0,-0.306052,-1.098296,QAT,FRA,6907
1974005,185,77,1416,2002,46774.0,18828.0,0.29888200000000004,0.980376,ROU,FRA,6907
1974006,186,77,1416,2002,0.0,38941.0,1.109397,0.424229,RUS,FRA,6907
1974007,188,77,1416,2002,0.0,730896.0,0.082107,-0.843317,SAU,FRA,6907
1974008,189,77,1416,2002,0.0,6606.0,0.55781,2.135925,SCG,FRA,6907
1974009,190,77,1416,2002,0.0,5077.0,-1.499925,-1.228374,SDN,FRA,6907
1974010,191,77,1416,2002,0.0,883311.0,-0.43679700000000005,-0.484176,SEN,FRA,6907
1974011,192,77,1416,2002,0.0,191031.0,1.481857,0.648889,SGP,FRA,6907
1974012,196,77,1416,2002,0.0,24595.0,0.397488,-0.027672000000000002,SLE,FRA,6907
1974013,200,77,1416,2002,0.0,21833.0,-1.291565,-0.9258290000000001,SPM,FRA,6907
1974014,207,77,1416,2002,0.0,3490.0,1.5643770000000001,1.043862,SVN,FRA,6907
1974015,208,77,1416,2002,715749.0,101211.0,2.128614,0.7891199999999999,SWE,FRA,6907
1974016,211,77,1416,2002,0.0,32101.0,-0.977247,-0.927527,SYC,FRA,6907
1974017,214,77,1416,2002,0.0,6613.0,0.160853,-0.672233,TCD,FRA,6907
1974018,215,77,1416,2002,0.0,89412.0,-0.6810039999999999,-0.6286930000000001,TGO,FRA,6907
1974019,216,77,1416,2002,3464.0,15178.0,0.432041,1.627953,THA,FRA,6907
1974020,219,77,1416,2002,0.0,10389.0,-1.035248,-1.191624,TKM,FRA,6907
1974021,222,77,1416,2002,16281.0,0.0,0.074907,-0.8203879999999999,TTO,FRA,6907
1974022,223,77,1416,2002,245420.0,630943.0,-0.221951,0.325506,TUN,FRA,6907
1974023,224,77,1416,2002,126557.0,4168.0,0.11263699999999999,1.83925,TUR,FRA,6907
1974024,227,77,1416,2002,0.0,26072.0,-1.038337,-0.896425,UGA,FRA,6907
1974025,228,77,1416,2002,0.0,10453.0,0.835485,0.872135,UKR,FRA,6907
1974026,231,77,1416,2002,51218.0,2441999.0,1.821594,0.231296,USA,FRA,6907
1974027,239,77,1416,2002,18323.0,16824.0,-0.589665,0.799874,VNM,FRA,6907
1974028,241,77,1416,2002,0.0,24360.0,0.5689420000000001,-0.737647,WLF,FRA,6907
1974029,243,77,1416,2002,0.0,73658.0,-1.233006,-1.22101,YEM,FRA,6907
1974030,246,77,1416,2002,0.0,69859.0,0.395943,2.392458,ZAF,FRA,6907
1974031,248,77,1416,2002,0.0,18763.0,-0.309483,0.271457,ZWE,FRA,6907
1974032,250,77,1416,2002,6368.0,0.0,0.734927,-0.40114099999999997,ANS,FRA,6907
1974033,7,81,1416,2002,0.0,61336.0,0.044683,-0.247191,ARE,GBR,6907
1974034,14,81,1416,2002,76452.0,38335.0,0.231386,0.771628,AUS,GBR,6907
1974035,15,81,1416,2002,13661.0,4980.0,1.8651200000000001,0.48423900000000003,AUT,GBR,6907
1974036,17,81,1416,2002,0.0,1419.0,-0.333602,-0.648837,BDI,GBR,6907
1974037,18,81,1416,2002,39482.0,32205.0,1.4097469999999999,1.440169,BEL,GBR,6907
1974038,23,81,1416,2002,5028.0,0.0,0.37451100000000004,1.573517,BGR,GBR,6907
1974039,24,81,1416,2002,0.0,2829.0,-0.146585,-1.006558,BHR,GBR,6907
1974040,25,81,1416,2002,0.0,3516.0,0.641626,-0.37892800000000004,BHS,GBR,6907
1974041,32,81,1416,2002,10614.0,0.0,0.677883,1.0227190000000002,BRA,GBR,6907
1974042,33,81,1416,2002,0.0,10219.0,0.762217,0.004367,BRB,GBR,6907
1974043,39,81,1416,2002,48249.0,84696.0,0.9963280000000001,1.1922110000000001,CAN,GBR,6907
1974044,41,81,1416,2002,1150.0,30121.0,2.218095,0.620946,CHE,GBR,6907
1974045,42,81,1416,2002,0.0,2606.0,-0.035264,-0.101796,CHL,GBR,6907
1974046,43,81,1416,2002,54915.0,2877.0,0.576746,2.7995520000000003,CHN,GBR,6907
1974047,49,81,1416,2002,26227.0,0.0,0.345094,0.37787800000000005,COL,GBR,6907
1974048,58,81,1416,2002,13138.0,15544.0,0.381391,0.40265,CYP,GBR,6907
1974049,59,81,1416,2002,160299.0,3932.0,1.550713,1.037066,CZE,GBR,6907
1974050,61,81,1416,2002,2978821.0,172405.0,2.297691,-2.183239,DEU,GBR,6907
1974051,64,81,1416,2002,26391.0,60058.0,1.26594,1.225186,DNK,GBR,6907
1974052,68,81,1416,2002,15134.0,0.0,-0.377127,0.549439,EGY,GBR,6907
1974053,71,81,1416,2002,3383249.0,12137.0,1.012246,2.049594,ESP,GBR,6907
1974054,74,81,1416,2002,4237.0,3883.0,2.0234240000000003,0.979141,FIN,GBR,6907
1974055,77,81,1416,2002,1284524.0,63805.0,1.569367,0.9886360000000001,FRA,GBR,6907
1974056,83,81,1416,2002,0.0,2904.0,-1.333425,-1.0709879999999998,GHA,GBR,6907
1974057,84,81,1416,2002,0.0,10710.0,0.814919,-0.205996,GIB,GBR,6907
1974058,87,81,1416,2002,0.0,19593.0,0.075971,-0.068413,GMB,GBR,6907
1974059,90,81,1416,2002,1641676.0,13235.0,0.31858000000000003,1.47417,GRC,GBR,6907
1974060,91,81,1416,2002,0.0,38955.0,0.552833,-0.283761,GRD,GBR,6907
1974061,96,81,1416,2002,0.0,3383.0,-0.9485889999999999,-0.9086489999999999,GUY,GBR,6907
1974062,97,81,1416,2002,0.0,326175.0,0.5701109999999999,1.989357,HKG,GBR,6907
1974063,102,81,1416,2002,0.0,10695.0,1.179684,1.0574860000000001,HUN,GBR,6907
1974064,103,81,1416,2002,37070.0,3003.0,-0.10020499999999999,1.590314,IDN,GBR,6907
1974065,104,81,1416,2002,26688.0,0.0,0.380867,2.608955,IND,GBR,6907
1974066,106,81,1416,2002,645456.0,1301827.0,1.7232880000000002,0.091172,IRL,GBR,6907
1974067,109,81,1416,2002,0.0,10903.0,0.23601999999999998,-0.34781,ISL,GBR,6907
1974068,110,81,1416,2002,84518.0,0.0,1.334174,0.654331,ISR,GBR,6907
1974069,111,81,1416,2002,32324185.0,4292.0,1.377604,1.2470510000000001,ITA,GBR,6907
1974070,112,81,1416,2002,2210.0,14992.0,-0.604813,-0.9309860000000001,JAM,GBR,6907
1974071,114,81,1416,2002,12997.0,71722.0,2.556057,0.497673,JPN,GBR,6907
1974072,115,81,1416,2002,0.0,2273.0,-0.065332,-0.616159,KAZ,GBR,6907
1974073,116,81,1416,2002,0.0,3505.0,-0.555812,0.169204,KEN,GBR,6907
1974074,118,81,1416,2002,1768.0,0.0,-1.231783,-1.1518700000000002,KHM,GBR,6907
1974075,124,81,1416,2002,5266.0,0.0,0.2729,1.254232,LBN,GBR,6907
1974076,126,81,1416,2002,0.0,23071.0,-0.568615,-1.172261,LBY,GBR,6907
1974077,128,81,1416,2002,0.0,2728.0,-0.740927,0.023171,LKA,GBR,6907
1974078,130,81,1416,2002,3324.0,0.0,0.23102399999999998,0.586078,LTU,GBR,6907
1974079,131,81,1416,2002,0.0,3650.0,1.605378,1.152973,LUX,GBR,6907
1974080,132,81,1416,2002,0.0,26306.0,0.45210200000000006,0.515388,LVA,GBR,6907
1974081,134,81,1416,2002,1516.0,0.0,-0.810467,-0.34807899999999997,MAR,GBR,6907
1974082,138,81,1416,2002,111326.0,0.0,0.942061,0.6311260000000001,MEX,GBR,6907
1974083,142,81,1416,2002,39025.0,0.0,1.12245,0.019001,MLT,GBR,6907
1974084,151,81,1416,2002,0.0,6985.0,-0.37937600000000005,-0.388848,MUS,GBR,6907
1974085,153,81,1416,2002,45858.0,0.0,0.704957,0.243398,MYS,GBR,6907
1974086,159,81,1416,2002,0.0,18745.0,-1.8315700000000001,-1.25171,NGA,GBR,6907
1974087,162,81,1416,2002,770494.0,181457.0,1.206176,1.7136360000000002,NLD,GBR,6907
1974088,163,81,1416,2002,0.0,328089.0,1.110882,0.17164100000000002,NOR,GBR,6907
1974089,166,81,1416,2002,18571.0,1265.0,0.542585,0.854243,NZL,GBR,6907
1974090,167,81,1416,2002,0.0,25847.0,-1.238769,-1.225841,OMN,GBR,6907
1974091,173,81,1416,2002,15984.0,9933.0,-0.6126199999999999,0.085944,PER,GBR,6907
1974092,177,81,1416,2002,10653.0,1003.0,0.931642,1.721727,POL,GBR,6907
1974093,179,81,1416,2002,849084.0,3688.0,0.484407,1.6500080000000001,PRT,GBR,6907
1974094,183,81,1416,2002,0.0,7836.0,-0.306052,-1.098296,QAT,GBR,6907
1974095,186,81,1416,2002,0.0,14401.0,1.109397,0.424229,RUS,GBR,6907
1974096,188,81,1416,2002,2725.0,40717.0,0.082107,-0.843317,SAU,GBR,6907
1974097,192,81,1416,2002,0.0,16583.0,1.481857,0.648889,SGP,GBR,6907
1974098,196,81,1416,2002,0.0,4651.0,0.397488,-0.027672000000000002,SLE,GBR,6907
1974099,206,81,1416,2002,70631.0,0.0,1.1907379999999999,1.050649,SVK,GBR,6907
1974100,208,81,1416,2002,6872.0,91618.0,2.128614,0.7891199999999999,SWE,GBR,6907
1974101,216,81,1416,2002,1508.0,1954.0,0.432041,1.627953,THA,GBR,6907
1974102,222,81,1416,2002,0.0,26692.0,0.074907,-0.8203879999999999,TTO,GBR,6907
1974103,224,81,1416,2002,456050.0,0.0,0.11263699999999999,1.83925,TUR,GBR,6907
1974104,226,81,1416,2002,0.0,52899.0,-1.189463,-0.48640600000000006,TZA,GBR,6907
1974105,228,81,1416,2002,0.0,5984.0,0.835485,0.872135,UKR,GBR,6907
1974106,231,81,1416,2002,95911.0,607764.0,1.821594,0.231296,USA,GBR,6907
1974107,246,81,1416,2002,2098.0,9519.0,0.395943,2.392458,ZAF,GBR,6907
1974108,248,81,1416,2002,2042.0,0.0,-0.309483,0.271457,ZWE,GBR,6907
1974109,249,81,1416,2002,2731.0,0.0,1.683858,1.333601,TWN,GBR,6907
1974110,4,90,1416,2002,0.0,50003.0,-0.127828,-0.126857,ALB,GRC,6907
1974111,14,90,1416,2002,0.0,33811.0,0.231386,0.771628,AUS,GRC,6907
1974112,23,90,1416,2002,1524.0,39190.0,0.37451100000000004,1.573517,BGR,GRC,6907
1974113,25,90,1416,2002,0.0,23387.0,0.641626,-0.37892800000000004,BHS,GRC,6907
1974114,32,90,1416,2002,129911.0,0.0,0.677883,1.0227190000000002,BRA,GRC,6907
1974115,43,90,1416,2002,500495.0,0.0,0.576746,2.7995520000000003,CHN,GRC,6907
1974116,45,90,1416,2002,0.0,4153.0,-1.114477,-1.0516510000000001,CMR,GRC,6907
1974117,58,90,1416,2002,7042.0,7542.0,0.381391,0.40265,CYP,GRC,6907
1974118,59,90,1416,2002,1887.0,0.0,1.550713,1.037066,CZE,GRC,6907
1974119,61,90,1416,2002,467739.0,1409460.0,2.297691,-2.183239,DEU,GRC,6907
1974120,71,90,1416,2002,1411306.0,5126.0,1.012246,2.049594,ESP,GRC,6907
1974121,77,90,1416,2002,131797.0,5667.0,1.569367,0.9886360000000001,FRA,GRC,6907
1974122,81,90,1416,2002,13235.0,1641676.0,1.893177,0.831382,GBR,GRC,6907
1974123,97,90,1416,2002,0.0,2296.0,0.5701109999999999,1.989357,HKG,GRC,6907
1974124,100,90,1416,2002,0.0,9556.0,0.591276,1.030723,HRV,GRC,6907
1974125,104,90,1416,2002,43877.0,0.0,0.380867,2.608955,IND,GRC,6907
1974126,110,90,1416,2002,0.0,6530.0,1.334174,0.654331,ISR,GRC,6907
1974127,111,90,1416,2002,28525096.0,81677.0,1.377604,1.2470510000000001,ITA,GRC,6907
1974128,113,90,1416,2002,0.0,5523.0,0.24197600000000002,0.196635,JOR,GRC,6907
1974129,124,90,1416,2002,0.0,6100.0,0.2729,1.254232,LBN,GRC,6907
1974130,140,90,1416,2002,0.0,13605.0,-0.030274000000000002,0.359317,MKD,GRC,6907
1974131,162,90,1416,2002,21264.0,0.0,1.206176,1.7136360000000002,NLD,GRC,6907
1974132,166,90,1416,2002,0.0,5586.0,0.542585,0.854243,NZL,GRC,6907
1974133,179,90,1416,2002,15942.0,0.0,0.484407,1.6500080000000001,PRT,GRC,6907
1974134,183,90,1416,2002,0.0,732.0,-0.306052,-1.098296,QAT,GRC,6907
1974135,185,90,1416,2002,0.0,8087.0,0.29888200000000004,0.980376,ROU,GRC,6907
1974136,186,90,1416,2002,0.0,40404.0,1.109397,0.424229,RUS,GRC,6907
1974137,188,90,1416,2002,0.0,24411.0,0.082107,-0.843317,SAU,GRC,6907
1974138,189,90,1416,2002,0.0,302798.0,0.55781,2.135925,SCG,GRC,6907
1974139,192,90,1416,2002,0.0,4580.0,1.481857,0.648889,SGP,GRC,6907
1974140,208,90,1416,2002,0.0,1730.0,2.128614,0.7891199999999999,SWE,GRC,6907
1974141,224,90,1416,2002,298417.0,19897.0,0.11263699999999999,1.83925,TUR,GRC,6907
1974142,246,90,1416,2002,0.0,4834.0,0.395943,2.392458,ZAF,GRC,6907
1974143,249,90,1416,2002,0.0,18814.0,1.683858,1.333601,TWN,GRC,6907
1974144,250,90,1416,2002,0.0,157087.0,0.734927,-0.40114099999999997,ANS,GRC,6907
1974145,32,93,1416,2002,79446.0,0.0,0.677883,1.0227190000000002,BRA,GTM,6907
1974146,43,93,1416,2002,30782.0,0.0,0.576746,2.7995520000000003,CHN,GTM,6907
1974147,71,93,1416,2002,21015.0,0.0,1.012246,2.049594,ESP,GTM,6907
1974148,99,93,1416,2002,0.0,184306.0,-0.877043,-0.658185,HND,GTM,6907
1974149,111,93,1416,2002,162426.0,0.0,1.377604,1.2470510000000001,ITA,GTM,6907
1974150,160,93,1416,2002,0.0,2888.0,-0.677398,-0.564472,NIC,GTM,6907
1974151,169,93,1416,2002,0.0,2687.0,0.134759,0.234258,PAN,GTM,6907
1974152,197,93,1416,2002,6323.0,4877.0,-0.280138,-0.099225,SLV,GTM,6907
1974153,231,93,1416,2002,7137.0,0.0,1.821594,0.231296,USA,GTM,6907
1974154,32,96,1416,2002,6448.0,0.0,0.677883,1.0227190000000002,BRA,GUY,6907
1974155,43,96,1416,2002,7260.0,0.0,0.576746,2.7995520000000003,CHN,GUY,6907
1974156,81,96,1416,2002,3383.0,0.0,1.893177,0.831382,GBR,GUY,6907
1974157,111,96,1416,2002,8879.0,0.0,1.377604,1.2470510000000001,ITA,GUY,6907
1974158,222,96,1416,2002,16809.0,0.0,0.074907,-0.8203879999999999,TTO,GUY,6907
1974159,231,96,1416,2002,24784.0,0.0,1.821594,0.231296,USA,GUY,6907
1974160,236,96,1416,2002,3476.0,0.0,0.211536,-0.715675,VEN,GUY,6907
1974161,7,97,1416,2002,672758.0,27524.0,0.044683,-0.247191,ARE,HKG,6907
1974162,14,97,1416,2002,858081.0,2086.0,0.231386,0.771628,AUS,HKG,6907
1974163,18,97,1416,2002,90151.0,0.0,1.4097469999999999,1.440169,BEL,HKG,6907
1974164,21,97,1416,2002,0.0,701.0,-0.477813,-0.647148,BFA,HKG,6907
1974165,32,97,1416,2002,3310.0,0.0,0.677883,1.0227190000000002,BRA,HKG,6907
1974166,34,97,1416,2002,0.0,21833.0,-1.7894169999999998,-1.034672,BRN,HKG,6907
1974167,39,97,1416,2002,2769.0,5091.0,0.9963280000000001,1.1922110000000001,CAN,HKG,6907
1974168,43,97,1416,2002,49465103.0,169431.0,0.576746,2.7995520000000003,CHN,HKG,6907
1974169,45,97,1416,2002,0.0,1502.0,-1.114477,-1.0516510000000001,CMR,HKG,6907
1974170,49,97,1416,2002,0.0,43462.0,0.345094,0.37787800000000005,COL,HKG,6907
1974171,61,97,1416,2002,1669085.0,0.0,2.297691,-2.183239,DEU,HKG,6907
1974172,65,97,1416,2002,0.0,11830.0,-0.46284899999999995,-0.39210100000000003,DOM,HKG,6907
1974173,71,97,1416,2002,202200.0,0.0,1.012246,2.049594,ESP,HKG,6907
1974174,75,97,1416,2002,0.0,710.0,-0.588136,-0.242883,FJI,HKG,6907
1974175,77,97,1416,2002,229713.0,0.0,1.569367,0.9886360000000001,FRA,HKG,6907
1974176,81,97,1416,2002,326175.0,0.0,1.893177,0.831382,GBR,HKG,6907
1974177,90,97,1416,2002,2296.0,0.0,0.31858000000000003,1.47417,GRC,HKG,6907
1974178,95,97,1416,2002,0.0,7738.0,-0.516203,-0.803461,GUM,HKG,6907
1974179,103,97,1416,2002,28471.0,112667.0,-0.10020499999999999,1.590314,IDN,HKG,6907
1974180,104,97,1416,2002,0.0,28896.0,0.380867,2.608955,IND,HKG,6907
1974181,107,97,1416,2002,4001.0,0.0,-0.5707840000000001,-0.705612,IRN,HKG,6907
1974182,110,97,1416,2002,0.0,33922.0,1.334174,0.654331,ISR,HKG,6907
1974183,111,97,1416,2002,11906459.0,54452.0,1.377604,1.2470510000000001,ITA,HKG,6907
1974184,114,97,1416,2002,5955205.0,8096.0,2.556057,0.497673,JPN,HKG,6907
1974185,118,97,1416,2002,0.0,81815.0,-1.231783,-1.1518700000000002,KHM,HKG,6907
1974186,121,97,1416,2002,0.0,39380.0,1.186816,1.075947,KOR,HKG,6907
1974187,133,97,1416,2002,3106.0,253367.0,-0.360172,-0.359367,MAC,HKG,6907
1974188,136,97,1416,2002,0.0,971.0,-1.120167,-0.43338699999999997,MDG,HKG,6907
1974189,138,97,1416,2002,5512.0,0.0,0.942061,0.6311260000000001,MEX,HKG,6907
1974190,141,97,1416,2002,0.0,78837.0,-0.8948520000000001,-0.863375,MLI,HKG,6907
1974191,146,97,1416,2002,0.0,2722.0,-0.165526,-0.7033010000000001,MNP,HKG,6907
1974192,153,97,1416,2002,1129774.0,60359.0,0.704957,0.243398,MYS,HKG,6907
1974193,159,97,1416,2002,0.0,22199.0,-1.8315700000000001,-1.25171,NGA,HKG,6907
1974194,162,97,1416,2002,43352.0,0.0,1.206176,1.7136360000000002,NLD,HKG,6907
1974195,169,97,1416,2002,0.0,647648.0,0.134759,0.234258,PAN,HKG,6907
1974196,174,97,1416,2002,53682.0,93864.0,0.055439999999999996,-0.179809,PHL,HKG,6907
1974197,178,97,1416,2002,0.0,3131.0,0.43756999999999996,0.744264,PRK,HKG,6907
1974198,179,97,1416,2002,102611.0,0.0,0.484407,1.6500080000000001,PRT,HKG,6907
1974199,192,97,1416,2002,81400.0,52368.0,1.481857,0.648889,SGP,HKG,6907
1974200,208,97,1416,2002,977.0,0.0,2.128614,0.7891199999999999,SWE,HKG,6907
1974201,215,97,1416,2002,0.0,1173.0,-0.6810039999999999,-0.6286930000000001,TGO,HKG,6907
1974202,216,97,1416,2002,18613.0,5493.0,0.432041,1.627953,THA,HKG,6907
1974203,224,97,1416,2002,25746.0,0.0,0.11263699999999999,1.83925,TUR,HKG,6907
1974204,231,97,1416,2002,9121.0,9487.0,1.821594,0.231296,USA,HKG,6907
1974205,239,97,1416,2002,50640.0,0.0,-0.589665,0.799874,VNM,HKG,6907
1974206,246,97,1416,2002,0.0,21015.0,0.395943,2.392458,ZAF,HKG,6907
1974207,249,97,1416,2002,307666.0,0.0,1.683858,1.333601,TWN,HKG,6907
1974208,32,99,1416,2002,2526.0,0.0,0.677883,1.0227190000000002,BRA,HND,6907
1974209,43,99,1416,2002,17853.0,0.0,0.576746,2.7995520000000003,CHN,HND,6907
1974210,49,99,1416,2002,5825.0,0.0,0.345094,0.37787800000000005,COL,HND,6907
1974211,52,99,1416,2002,3908.0,0.0,0.03619,-0.187718,CRI,HND,6907
1974212,61,99,1416,2002,5663.0,0.0,2.297691,-2.183239,DEU,HND,6907
1974213,71,99,1416,2002,110190.0,0.0,1.012246,2.049594,ESP,HND,6907
1974214,93,99,1416,2002,184306.0,0.0,-0.548834,-0.034464999999999996,GTM,HND,6907
1974215,111,99,1416,2002,149802.0,0.0,1.377604,1.2470510000000001,ITA,HND,6907
1974216,138,99,1416,2002,10436.0,0.0,0.942061,0.6311260000000001,MEX,HND,6907
1974217,197,99,1416,2002,0.0,6311.0,-0.280138,-0.099225,SLV,HND,6907
1974218,231,99,1416,2002,12920.0,0.0,1.821594,0.231296,USA,HND,6907
1974219,1,103,1416,2002,0.0,25977.0,-0.262812,-0.503955,AFG,IDN,6907
1974220,2,103,1416,2002,0.0,11857.0,-2.018135,-1.222751,AGO,IDN,6907
1974221,6,103,1416,2002,0.0,13527.0,0.346519,-0.631549,ANT,IDN,6907
1974222,10,103,1416,2002,0.0,3302.0,1.207516,0.092848,ASM,IDN,6907
1974223,14,103,1416,2002,64766.0,360755.0,0.231386,0.771628,AUS,IDN,6907
1974224,17,103,1416,2002,0.0,1080.0,-0.333602,-0.648837,BDI,IDN,6907
1974225,18,103,1416,2002,0.0,16624.0,1.4097469999999999,1.440169,BEL,IDN,6907
1974226,21,103,1416,2002,0.0,997.0,-0.477813,-0.647148,BFA,IDN,6907
1974227,23,103,1416,2002,0.0,8124.0,0.37451100000000004,1.573517,BGR,IDN,6907
1974228,24,103,1416,2002,0.0,2767.0,-0.146585,-1.006558,BHR,IDN,6907
1974229,32,103,1416,2002,0.0,1417.0,0.677883,1.0227190000000002,BRA,IDN,6907
1974230,34,103,1416,2002,0.0,91736.0,-1.7894169999999998,-1.034672,BRN,IDN,6907
1974231,39,103,1416,2002,0.0,80240.0,0.9963280000000001,1.1922110000000001,CAN,IDN,6907
1974232,43,103,1416,2002,3587910.0,0.0,0.576746,2.7995520000000003,CHN,IDN,6907
1974233,45,103,1416,2002,0.0,10933.0,-1.114477,-1.0516510000000001,CMR,IDN,6907
1974234,47,103,1416,2002,0.0,5602.0,-1.62227,-1.202067,COG,IDN,6907
1974235,48,103,1416,2002,0.0,8292.0,0.22351300000000002,-0.5197729999999999,COK,IDN,6907
1974236,49,103,1416,2002,0.0,4085.0,0.345094,0.37787800000000005,COL,IDN,6907
1974237,52,103,1416,2002,0.0,29462.0,0.03619,-0.187718,CRI,IDN,6907
1974238,61,103,1416,2002,38733.0,9220.0,2.297691,-2.183239,DEU,IDN,6907
1974239,64,103,1416,2002,1538.0,0.0,1.26594,1.225186,DNK,IDN,6907
1974240,71,103,1416,2002,5070.0,2487.0,1.012246,2.049594,ESP,IDN,6907
1974241,73,103,1416,2002,0.0,1011.0,-1.096371,-0.9566709999999999,ETH,IDN,6907
1974242,75,103,1416,2002,0.0,18687.0,-0.588136,-0.242883,FJI,IDN,6907
1974243,77,103,1416,2002,76213.0,34897.0,1.569367,0.9886360000000001,FRA,IDN,6907
1974244,81,103,1416,2002,3003.0,37070.0,1.893177,0.831382,GBR,IDN,6907
1974245,85,103,1416,2002,0.0,7420.0,-1.85329,-1.243105,GIN,IDN,6907
1974246,87,103,1416,2002,0.0,9251.0,0.075971,-0.068413,GMB,IDN,6907
1974247,97,103,1416,2002,112667.0,28471.0,0.5701109999999999,1.989357,HKG,IDN,6907
1974248,104,103,1416,2002,2069.0,69208.0,0.380867,2.608955,IND,IDN,6907
1974249,111,103,1416,2002,612686.0,0.0,1.377604,1.2470510000000001,ITA,IDN,6907
1974250,113,103,1416,2002,0.0,44458.0,0.24197600000000002,0.196635,JOR,IDN,6907
1974251,114,103,1416,2002,51721.0,106601.0,2.556057,0.497673,JPN,IDN,6907
1974252,118,103,1416,2002,0.0,8136.0,-1.231783,-1.1518700000000002,KHM,IDN,6907
1974253,121,103,1416,2002,0.0,758111.0,1.186816,1.075947,KOR,IDN,6907
1974254,128,103,1416,2002,0.0,187436.0,-0.740927,0.023171,LKA,IDN,6907
1974255,133,103,1416,2002,0.0,1695.0,-0.360172,-0.359367,MAC,IDN,6907
1974256,137,103,1416,2002,0.0,90282.0,-1.3007440000000001,-1.0420120000000002,MDV,IDN,6907
1974257,141,103,1416,2002,0.0,4983.0,-0.8948520000000001,-0.863375,MLI,IDN,6907
1974258,142,103,1416,2002,0.0,12019.0,1.12245,0.019001,MLT,IDN,6907
1974259,148,103,1416,2002,0.0,15713.0,-1.27671,-1.218472,MRT,IDN,6907
1974260,151,103,1416,2002,0.0,53871.0,-0.37937600000000005,-0.388848,MUS,IDN,6907
1974261,153,103,1416,2002,91537.0,129513.0,0.704957,0.243398,MYS,IDN,6907
1974262,154,103,1416,2002,0.0,27124.0,0.34587399999999996,-0.537626,MYT,IDN,6907
1974263,159,103,1416,2002,0.0,7828.0,-1.8315700000000001,-1.25171,NGA,IDN,6907
1974264,166,103,1416,2002,0.0,36883.0,0.542585,0.854243,NZL,IDN,6907
1974265,169,103,1416,2002,0.0,7141.0,0.134759,0.234258,PAN,IDN,6907
1974266,173,103,1416,2002,0.0,14676.0,-0.6126199999999999,0.085944,PER,IDN,6907
1974267,174,103,1416,2002,0.0,30433.0,0.055439999999999996,-0.179809,PHL,IDN,6907
1974268,176,103,1416,2002,0.0,5256.0,-1.4572319999999999,-1.159399,PNG,IDN,6907
1974269,179,103,1416,2002,0.0,12629.0,0.484407,1.6500080000000001,PRT,IDN,6907
1974270,183,103,1416,2002,0.0,4716.0,-0.306052,-1.098296,QAT,IDN,6907
1974271,186,103,1416,2002,0.0,21090.0,1.109397,0.424229,RUS,IDN,6907
1974272,188,103,1416,2002,0.0,2347.0,0.082107,-0.843317,SAU,IDN,6907
1974273,192,103,1416,2002,25509.0,40334.0,1.481857,0.648889,SGP,IDN,6907
1974274,196,103,1416,2002,0.0,10106.0,0.397488,-0.027672000000000002,SLE,IDN,6907
1974275,215,103,1416,2002,0.0,2407.0,-0.6810039999999999,-0.6286930000000001,TGO,IDN,6907
1974276,216,103,1416,2002,0.0,10615.0,0.432041,1.627953,THA,IDN,6907
1974277,220,103,1416,2002,0.0,187817.0,0.363225,-0.536718,TLS,IDN,6907
1974278,222,103,1416,2002,0.0,6920.0,0.074907,-0.8203879999999999,TTO,IDN,6907
1974279,226,103,1416,2002,0.0,10422.0,-1.189463,-0.48640600000000006,TZA,IDN,6907
1974280,228,103,1416,2002,0.0,4777.0,0.835485,0.872135,UKR,IDN,6907
1974281,231,103,1416,2002,37855.0,1281170.0,1.821594,0.231296,USA,IDN,6907
1974282,243,103,1416,2002,0.0,65022.0,-1.233006,-1.22101,YEM,IDN,6907
1974283,246,103,1416,2002,0.0,39188.0,0.395943,2.392458,ZAF,IDN,6907
1974284,247,103,1416,2002,0.0,5047.0,-0.654686,-0.545346,ZMB,IDN,6907
1974285,249,103,1416,2002,15042.0,408456.0,1.683858,1.333601,TWN,IDN,6907
1974286,15,106,1416,2002,0.0,9690.0,1.8651200000000001,0.48423900000000003,AUT,IRL,6907
1974287,18,106,1416,2002,0.0,96021.0,1.4097469999999999,1.440169,BEL,IRL,6907
1974288,23,106,1416,2002,5711.0,0.0,0.37451100000000004,1.573517,BGR,IRL,6907
1974289,28,106,1416,2002,0.0,3538.0,0.825865,1.0148979999999999,BLR,IRL,6907
1974290,39,106,1416,2002,0.0,47269.0,0.9963280000000001,1.1922110000000001,CAN,IRL,6907
1974291,61,106,1416,2002,293761.0,3857.0,2.297691,-2.183239,DEU,IRL,6907
1974292,64,106,1416,2002,8320.0,3710.0,1.26594,1.225186,DNK,IRL,6907
1974293,71,106,1416,2002,1546896.0,0.0,1.012246,2.049594,ESP,IRL,6907
1974294,77,106,1416,2002,184926.0,0.0,1.569367,0.9886360000000001,FRA,IRL,6907
1974295,81,106,1416,2002,1301827.0,645456.0,1.893177,0.831382,GBR,IRL,6907
1974296,111,106,1416,2002,5985769.0,0.0,1.377604,1.2470510000000001,ITA,IRL,6907
1974297,138,106,1416,2002,11903.0,0.0,0.942061,0.6311260000000001,MEX,IRL,6907
1974298,153,106,1416,2002,34246.0,0.0,0.704957,0.243398,MYS,IRL,6907
1974299,162,106,1416,2002,247488.0,15013.0,1.206176,1.7136360000000002,NLD,IRL,6907
1974300,179,106,1416,2002,93868.0,0.0,0.484407,1.6500080000000001,PRT,IRL,6907
1974301,186,106,1416,2002,0.0,5406.0,1.109397,0.424229,RUS,IRL,6907
1974302,208,106,1416,2002,13973.0,0.0,2.128614,0.7891199999999999,SWE,IRL,6907
1974303,216,106,1416,2002,6922.0,0.0,0.432041,1.627953,THA,IRL,6907
1974304,224,106,1416,2002,100456.0,5695.0,0.11263699999999999,1.83925,TUR,IRL,6907
1974305,231,106,1416,2002,68875.0,3665.0,1.821594,0.231296,USA,IRL,6907
1974306,239,106,1416,2002,5997.0,0.0,-0.589665,0.799874,VNM,IRL,6907
1974307,250,106,1416,2002,21862.0,0.0,0.734927,-0.40114099999999997,ANS,IRL,6907
1974308,1,107,1416,2002,0.0,4650.0,-0.262812,-0.503955,AFG,IRN,6907
1974309,7,107,1416,2002,459675.0,0.0,0.044683,-0.247191,ARE,IRN,6907
1974310,9,107,1416,2002,0.0,2345.0,0.710274,-0.11309000000000001,ARM,IRN,6907
1974311,16,107,1416,2002,0.0,327385.0,-0.41282299999999994,-0.967931,AZE,IRN,6907
1974312,19,107,1416,2002,0.0,11450.0,-0.724829,-0.705625,BEN,IRN,6907
1974313,23,107,1416,2002,0.0,3020.0,0.37451100000000004,1.573517,BGR,IRN,6907
1974314,24,107,1416,2002,0.0,3557.0,-0.146585,-1.006558,BHR,IRN,6907
1974315,43,107,1416,2002,410890.0,0.0,0.576746,2.7995520000000003,CHN,IRN,6907
1974316,44,107,1416,2002,0.0,25464.0,-0.816327,-0.711765,CIV,IRN,6907
1974317,61,107,1416,2002,60063.0,0.0,2.297691,-2.183239,DEU,IRN,6907
1974318,71,107,1416,2002,29420.0,0.0,1.012246,2.049594,ESP,IRN,6907
1974319,77,107,1416,2002,5646.0,0.0,1.569367,0.9886360000000001,FRA,IRN,6907
1974320,97,107,1416,2002,0.0,4001.0,0.5701109999999999,1.989357,HKG,IRN,6907
1974321,108,107,1416,2002,0.0,42856.0,-0.397477,-0.811214,IRQ,IRN,6907
1974322,111,107,1416,2002,202178.0,0.0,1.377604,1.2470510000000001,ITA,IRN,6907
1974323,115,107,1416,2002,0.0,19012.0,-0.065332,-0.616159,KAZ,IRN,6907
1974324,116,107,1416,2002,0.0,4123.0,-0.555812,0.169204,KEN,IRN,6907
1974325,117,107,1416,2002,0.0,12294.0,0.081807,0.16872,KGZ,IRN,6907
1974326,159,107,1416,2002,0.0,3882.0,-1.8315700000000001,-1.25171,NGA,IRN,6907
1974327,163,107,1416,2002,0.0,9616.0,1.110882,0.17164100000000002,NOR,IRN,6907
1974328,183,107,1416,2002,0.0,8848.0,-0.306052,-1.098296,QAT,IRN,6907
1974329,185,107,1416,2002,0.0,2110.0,0.29888200000000004,0.980376,ROU,IRN,6907
1974330,186,107,1416,2002,0.0,34158.0,1.109397,0.424229,RUS,IRN,6907
1974331,208,107,1416,2002,0.0,2308.0,2.128614,0.7891199999999999,SWE,IRN,6907
1974332,219,107,1416,2002,0.0,4432.0,-1.035248,-1.191624,TKM,IRN,6907
1974333,224,107,1416,2002,1258.0,0.0,0.11263699999999999,1.83925,TUR,IRN,6907
1974334,15,110,1416,2002,730.0,0.0,1.8651200000000001,0.48423900000000003,AUT,ISR,6907
1974335,18,110,1416,2002,31022.0,0.0,1.4097469999999999,1.440169,BEL,ISR,6907
1974336,30,110,1416,2002,0.0,69000.0,1.129,-0.476633,BMU,ISR,6907
1974337,39,110,1416,2002,2966.0,0.0,0.9963280000000001,1.1922110000000001,CAN,ISR,6907
1974338,43,110,1416,2002,3256751.0,0.0,0.576746,2.7995520000000003,CHN,ISR,6907
1974339,61,110,1416,2002,323327.0,0.0,2.297691,-2.183239,DEU,ISR,6907
1974340,71,110,1416,2002,998323.0,7812.0,1.012246,2.049594,ESP,ISR,6907
1974341,77,110,1416,2002,275308.0,14192.0,1.569367,0.9886360000000001,FRA,ISR,6907
1974342,81,110,1416,2002,0.0,84518.0,1.893177,0.831382,GBR,ISR,6907
1974343,90,110,1416,2002,6530.0,0.0,0.31858000000000003,1.47417,GRC,ISR,6907
1974344,97,110,1416,2002,33922.0,0.0,0.5701109999999999,1.989357,HKG,ISR,6907
1974345,104,110,1416,2002,82715.0,0.0,0.380867,2.608955,IND,ISR,6907
1974346,111,110,1416,2002,7233667.0,2303.0,1.377604,1.2470510000000001,ITA,ISR,6907
1974347,113,110,1416,2002,0.0,9195.0,0.24197600000000002,0.196635,JOR,ISR,6907
1974348,114,110,1416,2002,0.0,1464.0,2.556057,0.497673,JPN,ISR,6907
1974349,121,110,1416,2002,2853.0,0.0,1.186816,1.075947,KOR,ISR,6907
1974350,134,110,1416,2002,1751.0,0.0,-0.810467,-0.34807899999999997,MAR,ISR,6907
1974351,162,110,1416,2002,2444.0,0.0,1.206176,1.7136360000000002,NLD,ISR,6907
1974352,177,110,1416,2002,8712.0,0.0,0.931642,1.721727,POL,ISR,6907
1974353,179,110,1416,2002,361887.0,0.0,0.484407,1.6500080000000001,PRT,ISR,6907
1974354,185,110,1416,2002,0.0,704.0,0.29888200000000004,0.980376,ROU,ISR,6907
1974355,186,110,1416,2002,0.0,3380.0,1.109397,0.424229,RUS,ISR,6907
1974356,208,110,1416,2002,0.0,22942.0,2.128614,0.7891199999999999,SWE,ISR,6907
1974357,224,110,1416,2002,119829.0,0.0,0.11263699999999999,1.83925,TUR,ISR,6907
1974358,228,110,1416,2002,0.0,188881.0,0.835485,0.872135,UKR,ISR,6907
1974359,231,110,1416,2002,43094.0,19205.0,1.821594,0.231296,USA,ISR,6907
1974360,249,110,1416,2002,2992.0,0.0,1.683858,1.333601,TWN,ISR,6907
1974361,0,111,1416,2002,0.0,66048.0,0.017075999999999997,-0.844024,ABW,ITA,6907
1974362,2,111,1416,2002,0.0,112048.0,-2.018135,-1.222751,AGO,ITA,6907
1974363,4,111,1416,2002,275547.0,3516255.0,-0.127828,-0.126857,ALB,ITA,6907
1974364,5,111,1416,2002,0.0,20135.0,1.1751610000000001,0.8631700000000001,AND,ITA,6907
1974365,6,111,1416,2002,0.0,89819.0,0.346519,-0.631549,ANT,ITA,6907
1974366,7,111,1416,2002,13634.0,8431637.0,0.044683,-0.247191,ARE,ITA,6907
1974367,8,111,1416,2002,1025.0,64511.0,0.284536,0.517425,ARG,ITA,6907
1974368,9,111,1416,2002,0.0,51766.0,0.710274,-0.11309000000000001,ARM,ITA,6907
1974369,13,111,1416,2002,0.0,21531.0,0.958779,-0.56295,ATG,ITA,6907
1974370,14,111,1416,2002,0.0,23929925.0,0.231386,0.771628,AUS,ITA,6907
1974371,15,111,1416,2002,35164.0,31683726.0,1.8651200000000001,0.48423900000000003,AUT,ITA,6907
1974372,16,111,1416,2002,0.0,194934.0,-0.41282299999999994,-0.967931,AZE,ITA,6907
1974373,17,111,1416,2002,0.0,15935.0,-0.333602,-0.648837,BDI,ITA,6907
1974374,18,111,1416,2002,7965.0,45438732.0,1.4097469999999999,1.440169,BEL,ITA,6907
1974375,19,111,1416,2002,0.0,406016.0,-0.724829,-0.705625,BEN,ITA,6907
1974376,21,111,1416,2002,0.0,72870.0,-0.477813,-0.647148,BFA,ITA,6907
1974377,22,111,1416,2002,0.0,16892.0,-1.134933,-1.061633,BGD,ITA,6907
1974378,23,111,1416,2002,605486.0,1464512.0,0.37451100000000004,1.573517,BGR,ITA,6907
1974379,24,111,1416,2002,0.0,1489397.0,-0.146585,-1.006558,BHR,ITA,6907
1974380,25,111,1416,2002,0.0,198755.0,0.641626,-0.37892800000000004,BHS,ITA,6907
1974381,26,111,1416,2002,0.0,3346454.0,0.26339,0.30287,BIH,ITA,6907
1974382,28,111,1416,2002,0.0,415629.0,0.825865,1.0148979999999999,BLR,ITA,6907
1974383,30,111,1416,2002,0.0,302907.0,1.129,-0.476633,BMU,ITA,6907
1974384,31,111,1416,2002,0.0,59246.0,-0.885342,-0.819517,BOL,ITA,6907
1974385,32,111,1416,2002,0.0,129940.0,0.677883,1.0227190000000002,BRA,ITA,6907
1974386,33,111,1416,2002,0.0,379935.0,0.762217,0.004367,BRB,ITA,6907
1974387,34,111,1416,2002,0.0,13992.0,-1.7894169999999998,-1.034672,BRN,ITA,6907
1974388,37,111,1416,2002,0.0,143824.0,-0.14025,-1.018399,BWA,ITA,6907
1974389,38,111,1416,2002,0.0,6841.0,-0.45315200000000005,-0.764876,CAF,ITA,6907
1974390,39,111,1416,2002,0.0,4747759.0,0.9963280000000001,1.1922110000000001,CAN,ITA,6907
1974391,41,111,1416,2002,47134.0,7084347.0,2.218095,0.620946,CHE,ITA,6907
1974392,42,111,1416,2002,0.0,309828.0,-0.035264,-0.101796,CHL,ITA,6907
1974393,43,111,1416,2002,2002425.0,1269224.0,0.576746,2.7995520000000003,CHN,ITA,6907
1974394,44,111,1416,2002,0.0,472123.0,-0.816327,-0.711765,CIV,ITA,6907
1974395,45,111,1416,2002,0.0,681074.0,-1.114477,-1.0516510000000001,CMR,ITA,6907
1974396,46,111,1416,2002,0.0,5671.0,-1.2657370000000001,-1.108659,COD,ITA,6907
1974397,47,111,1416,2002,0.0,144736.0,-1.62227,-1.202067,COG,ITA,6907
1974398,49,111,1416,2002,0.0,273994.0,0.345094,0.37787800000000005,COL,ITA,6907
1974399,51,111,1416,2002,0.0,50751.0,-0.29720100000000005,-0.703051,CPV,ITA,6907
1974400,52,111,1416,2002,0.0,232931.0,0.03619,-0.187718,CRI,ITA,6907
1974401,54,111,1416,2002,0.0,518667.0,-0.479213,-0.951203,CUB,ITA,6907
1974402,57,111,1416,2002,0.0,71868.0,0.7098220000000001,-0.633359,CYM,ITA,6907
1974403,58,111,1416,2002,0.0,1628249.0,0.381391,0.40265,CYP,ITA,6907
1974404,59,111,1416,2002,30776.0,2679090.0,1.550713,1.037066,CZE,ITA,6907
1974405,61,111,1416,2002,8736158.0,180208091.0,2.297691,-2.183239,DEU,ITA,6907
1974406,62,111,1416,2002,0.0,54979.0,0.416677,-0.052552,DJI,ITA,6907
1974407,64,111,1416,2002,0.0,5780642.0,1.26594,1.225186,DNK,ITA,6907
1974408,65,111,1416,2002,0.0,582070.0,-0.46284899999999995,-0.39210100000000003,DOM,ITA,6907
1974409,66,111,1416,2002,0.0,372773.0,-0.912033,-1.1731850000000001,DZA,ITA,6907
1974410,67,111,1416,2002,0.0,938927.0,-0.976218,-0.926393,ECU,ITA,6907
1974411,68,111,1416,2002,6050.0,364692.0,-0.377127,0.549439,EGY,ITA,6907
1974412,69,111,1416,2002,0.0,108033.0,0.831973,-0.050712,ERI,ITA,6907
1974413,71,111,1416,2002,5086072.0,20877742.0,1.012246,2.049594,ESP,ITA,6907
1974414,72,111,1416,2002,1114.0,858660.0,0.54511,0.9135979999999999,EST,ITA,6907
1974415,73,111,1416,2002,0.0,23348.0,-1.096371,-0.9566709999999999,ETH,ITA,6907
1974416,74,111,1416,2002,1289.0,2992343.0,2.0234240000000003,0.979141,FIN,ITA,6907
1974417,75,111,1416,2002,0.0,13710.0,-0.588136,-0.242883,FJI,ITA,6907
1974418,77,111,1416,2002,638837.0,129564557.0,1.569367,0.9886360000000001,FRA,ITA,6907
1974419,78,111,1416,2002,0.0,4806.0,-0.410455,-0.821335,FRO,ITA,6907
1974420,80,111,1416,2002,0.0,91909.0,-0.830094,-1.149233,GAB,ITA,6907
1974421,81,111,1416,2002,4292.0,32324185.0,1.893177,0.831382,GBR,ITA,6907
1974422,82,111,1416,2002,0.0,67847.0,0.662382,-0.124825,GEO,ITA,6907
1974423,83,111,1416,2002,0.0,394591.0,-1.333425,-1.0709879999999998,GHA,ITA,6907
1974424,85,111,1416,2002,0.0,839602.0,-1.85329,-1.243105,GIN,ITA,6907
1974425,87,111,1416,2002,0.0,152133.0,0.075971,-0.068413,GMB,ITA,6907
1974426,89,111,1416,2002,0.0,47659.0,-2.3567560000000003,-0.88686,GNQ,ITA,6907
1974427,90,111,1416,2002,81677.0,28525096.0,0.31858000000000003,1.47417,GRC,ITA,6907
1974428,91,111,1416,2002,0.0,115734.0,0.552833,-0.283761,GRD,ITA,6907
1974429,93,111,1416,2002,0.0,162426.0,-0.548834,-0.034464999999999996,GTM,ITA,6907
1974430,96,111,1416,2002,0.0,8879.0,-0.9485889999999999,-0.9086489999999999,GUY,ITA,6907
1974431,97,111,1416,2002,54452.0,11906459.0,0.5701109999999999,1.989357,HKG,ITA,6907
1974432,99,111,1416,2002,0.0,149802.0,-0.877043,-0.658185,HND,ITA,6907
1974433,100,111,1416,2002,18811.0,5470272.0,0.591276,1.030723,HRV,ITA,6907
1974434,101,111,1416,2002,0.0,61031.0,-1.220251,-0.8176859999999999,HTI,ITA,6907
1974435,102,111,1416,2002,26804.0,6596575.0,1.179684,1.0574860000000001,HUN,ITA,6907
1974436,103,111,1416,2002,0.0,612686.0,-0.10020499999999999,1.590314,IDN,ITA,6907
1974437,104,111,1416,2002,46511.0,191459.0,0.380867,2.608955,IND,ITA,6907
1974438,106,111,1416,2002,0.0,5985769.0,1.7232880000000002,0.091172,IRL,ITA,6907
1974439,107,111,1416,2002,0.0,202178.0,-0.5707840000000001,-0.705612,IRN,ITA,6907
1974440,109,111,1416,2002,0.0,261454.0,0.23601999999999998,-0.34781,ISL,ITA,6907
1974441,110,111,1416,2002,2303.0,7233667.0,1.334174,0.654331,ISR,ITA,6907
1974442,112,111,1416,2002,0.0,141094.0,-0.604813,-0.9309860000000001,JAM,ITA,6907
1974443,113,111,1416,2002,0.0,1444385.0,0.24197600000000002,0.196635,JOR,ITA,6907
1974444,114,111,1416,2002,23102.0,8475656.0,2.556057,0.497673,JPN,ITA,6907
1974445,115,111,1416,2002,0.0,825277.0,-0.065332,-0.616159,KAZ,ITA,6907
1974446,116,111,1416,2002,0.0,199469.0,-0.555812,0.169204,KEN,ITA,6907
1974447,121,111,1416,2002,0.0,3332912.0,1.186816,1.075947,KOR,ITA,6907
1974448,122,111,1416,2002,0.0,3509496.0,-0.6629550000000001,-1.157214,KWT,ITA,6907
1974449,124,111,1416,2002,0.0,1491318.0,0.2729,1.254232,LBN,ITA,6907
1974450,126,111,1416,2002,0.0,779960.0,-0.568615,-1.172261,LBY,ITA,6907
1974451,127,111,1416,2002,0.0,22623.0,0.14441700000000002,-0.38146599999999997,LCA,ITA,6907
1974452,128,111,1416,2002,0.0,70553.0,-0.740927,0.023171,LKA,ITA,6907
1974453,130,111,1416,2002,0.0,1190378.0,0.23102399999999998,0.586078,LTU,ITA,6907
1974454,131,111,1416,2002,5436.0,3121953.0,1.605378,1.152973,LUX,ITA,6907
1974455,132,111,1416,2002,0.0,1161318.0,0.45210200000000006,0.515388,LVA,ITA,6907
1974456,133,111,1416,2002,0.0,109983.0,-0.360172,-0.359367,MAC,ITA,6907
1974457,134,111,1416,2002,0.0,208242.0,-0.810467,-0.34807899999999997,MAR,ITA,6907
1974458,135,111,1416,2002,0.0,102690.0,-0.186001,-0.141598,MDA,ITA,6907
1974459,136,111,1416,2002,0.0,6365.0,-1.120167,-0.43338699999999997,MDG,ITA,6907
1974460,137,111,1416,2002,0.0,31550.0,-1.3007440000000001,-1.0420120000000002,MDV,ITA,6907
1974461,138,111,1416,2002,10002.0,1360570.0,0.942061,0.6311260000000001,MEX,ITA,6907
1974462,140,111,1416,2002,0.0,418954.0,-0.030274000000000002,0.359317,MKD,ITA,6907
1974463,141,111,1416,2002,0.0,202125.0,-0.8948520000000001,-0.863375,MLI,ITA,6907
1974464,142,111,1416,2002,0.0,1823038.0,1.12245,0.019001,MLT,ITA,6907
1974465,147,111,1416,2002,0.0,3101.0,-0.947259,-1.047883,MOZ,ITA,6907
1974466,148,111,1416,2002,0.0,17200.0,-1.27671,-1.218472,MRT,ITA,6907
1974467,151,111,1416,2002,0.0,427804.0,-0.37937600000000005,-0.388848,MUS,ITA,6907
1974468,152,111,1416,2002,0.0,16537.0,-1.441416,-1.214651,MWI,ITA,6907
1974469,153,111,1416,2002,0.0,339908.0,0.704957,0.243398,MYS,ITA,6907
1974470,155,111,1416,2002,0.0,56104.0,-0.314161,-0.521778,NAM,ITA,6907
1974471,156,111,1416,2002,0.0,234924.0,-0.292646,-0.823263,NCL,ITA,6907
1974472,157,111,1416,2002,0.0,15865.0,-0.344562,-0.304996,NER,ITA,6907
1974473,159,111,1416,2002,0.0,2144510.0,-1.8315700000000001,-1.25171,NGA,ITA,6907
1974474,160,111,1416,2002,0.0,3822.0,-0.677398,-0.564472,NIC,ITA,6907
1974475,162,111,1416,2002,55734.0,33870252.0,1.206176,1.7136360000000002,NLD,ITA,6907
1974476,163,111,1416,2002,1931.0,3374642.0,1.110882,0.17164100000000002,NOR,ITA,6907
1974477,165,111,1416,2002,0.0,24743.0,0.8975049999999999,-0.494882,NRU,ITA,6907
1974478,166,111,1416,2002,8591.0,2660100.0,0.542585,0.854243,NZL,ITA,6907
1974479,167,111,1416,2002,0.0,649548.0,-1.238769,-1.225841,OMN,ITA,6907
1974480,168,111,1416,2002,0.0,205202.0,-0.877655,-0.322094,PAK,ITA,6907
1974481,169,111,1416,2002,0.0,159673.0,0.134759,0.234258,PAN,ITA,6907
1974482,173,111,1416,2002,30497.0,275246.0,-0.6126199999999999,0.085944,PER,ITA,6907
1974483,174,111,1416,2002,0.0,1302432.0,0.055439999999999996,-0.179809,PHL,ITA,6907
1974484,177,111,1416,2002,0.0,10530085.0,0.931642,1.721727,POL,ITA,6907
1974485,178,111,1416,2002,0.0,273312.0,0.43756999999999996,0.744264,PRK,ITA,6907
1974486,179,111,1416,2002,85654.0,2404321.0,0.484407,1.6500080000000001,PRT,ITA,6907
1974487,180,111,1416,2002,0.0,8339.0,-0.614282,-0.963832,PRY,ITA,6907
1974488,181,111,1416,2002,0.0,27347.0,0.394636,-0.286194,PSE,ITA,6907
1974489,182,111,1416,2002,0.0,468634.0,0.042936,-0.7421840000000001,PYF,ITA,6907
1974490,183,111,1416,2002,0.0,1776055.0,-0.306052,-1.098296,QAT,ITA,6907
1974491,185,111,1416,2002,11428.0,3040459.0,0.29888200000000004,0.980376,ROU,ITA,6907
1974492,186,111,1416,2002,0.0,18981678.0,1.109397,0.424229,RUS,ITA,6907
1974493,187,111,1416,2002,0.0,10167.0,-0.553848,-0.757714,RWA,ITA,6907
1974494,188,111,1416,2002,0.0,12616115.0,0.082107,-0.843317,SAU,ITA,6907
1974495,189,111,1416,2002,1083.0,2670455.0,0.55781,2.135925,SCG,ITA,6907
1974496,190,111,1416,2002,0.0,46204.0,-1.499925,-1.228374,SDN,ITA,6907
1974497,191,111,1416,2002,0.0,2033260.0,-0.43679700000000005,-0.484176,SEN,ITA,6907
1974498,192,111,1416,2002,0.0,7513415.0,1.481857,0.648889,SGP,ITA,6907
1974499,196,111,1416,2002,0.0,128667.0,0.397488,-0.027672000000000002,SLE,ITA,6907
1974500,197,111,1416,2002,0.0,61841.0,-0.280138,-0.099225,SLV,ITA,6907
1974501,206,111,1416,2002,4275.0,1877525.0,1.1907379999999999,1.050649,SVK,ITA,6907
1974502,207,111,1416,2002,11893.0,2814933.0,1.5643770000000001,1.043862,SVN,ITA,6907
1974503,208,111,1416,2002,1453.0,6490439.0,2.128614,0.7891199999999999,SWE,ITA,6907
1974504,211,111,1416,2002,0.0,56632.0,-0.977247,-0.927527,SYC,ITA,6907
1974505,212,111,1416,2002,0.0,78565.0,-1.067974,-0.513309,SYR,ITA,6907
1974506,213,111,1416,2002,0.0,13644.0,0.823909,0.075611,TCA,ITA,6907
1974507,215,111,1416,2002,0.0,65804.0,-0.6810039999999999,-0.6286930000000001,TGO,ITA,6907
1974508,216,111,1416,2002,0.0,495067.0,0.432041,1.627953,THA,ITA,6907
1974509,222,111,1416,2002,0.0,107629.0,0.074907,-0.8203879999999999,TTO,ITA,6907
1974510,223,111,1416,2002,5664.0,1198250.0,-0.221951,0.325506,TUN,ITA,6907
1974511,224,111,1416,2002,336971.0,443095.0,0.11263699999999999,1.83925,TUR,ITA,6907
1974512,226,111,1416,2002,0.0,200799.0,-1.189463,-0.48640600000000006,TZA,ITA,6907
1974513,227,111,1416,2002,0.0,27845.0,-1.038337,-0.896425,UGA,ITA,6907
1974514,228,111,1416,2002,0.0,2813445.0,0.835485,0.872135,UKR,ITA,6907
1974515,230,111,1416,2002,0.0,36823.0,0.300502,0.16817000000000001,URY,ITA,6907
1974516,231,111,1416,2002,139728.0,186552769.0,1.821594,0.231296,USA,ITA,6907
1974517,232,111,1416,2002,0.0,14189.0,-0.379765,-0.5965159999999999,UZB,ITA,6907
1974518,236,111,1416,2002,21259.0,213609.0,0.211536,-0.715675,VEN,ITA,6907
1974519,237,111,1416,2002,0.0,31742.0,1.022393,-0.23957399999999998,VGB,ITA,6907
1974520,240,111,1416,2002,0.0,11370.0,-1.240258,-0.95039,VUT,ITA,6907
1974521,241,111,1416,2002,0.0,6904.0,0.5689420000000001,-0.737647,WLF,ITA,6907
1974522,243,111,1416,2002,0.0,235866.0,-1.233006,-1.22101,YEM,ITA,6907
1974523,246,111,1416,2002,0.0,4935670.0,0.395943,2.392458,ZAF,ITA,6907
1974524,247,111,1416,2002,0.0,10748.0,-0.654686,-0.545346,ZMB,ITA,6907
1974525,248,111,1416,2002,0.0,5880.0,-0.309483,0.271457,ZWE,ITA,6907
1974526,249,111,1416,2002,0.0,2508546.0,1.683858,1.333601,TWN,ITA,6907
1974527,250,111,1416,2002,0.0,8560.0,0.734927,-0.40114099999999997,ANS,ITA,6907
1974528,8,112,1416,2002,48987.0,0.0,0.284536,0.517425,ARG,JAM,6907
1974529,32,112,1416,2002,4445.0,0.0,0.677883,1.0227190000000002,BRA,JAM,6907
1974530,43,112,1416,2002,21657.0,0.0,0.576746,2.7995520000000003,CHN,JAM,6907
1974531,49,112,1416,2002,26491.0,0.0,0.345094,0.37787800000000005,COL,JAM,6907
1974532,71,112,1416,2002,55472.0,0.0,1.012246,2.049594,ESP,JAM,6907
1974533,81,112,1416,2002,14992.0,2210.0,1.893177,0.831382,GBR,JAM,6907
1974534,111,112,1416,2002,141094.0,0.0,1.377604,1.2470510000000001,ITA,JAM,6907
1974535,179,112,1416,2002,3792.0,0.0,0.484407,1.6500080000000001,PRT,JAM,6907
1974536,222,112,1416,2002,3072.0,0.0,0.074907,-0.8203879999999999,TTO,JAM,6907
1974537,231,112,1416,2002,142350.0,0.0,1.821594,0.231296,USA,JAM,6907
1974538,7,114,1416,2002,0.0,104201.0,0.044683,-0.247191,ARE,JPN,6907
1974539,8,114,1416,2002,15221.0,0.0,0.284536,0.517425,ARG,JPN,6907
1974540,14,114,1416,2002,3846312.0,304678.0,0.231386,0.771628,AUS,JPN,6907
1974541,17,114,1416,2002,0.0,820.0,-0.333602,-0.648837,BDI,JPN,6907
1974542,18,114,1416,2002,190925.0,0.0,1.4097469999999999,1.440169,BEL,JPN,6907
1974543,32,114,1416,2002,116988.0,0.0,0.677883,1.0227190000000002,BRA,JPN,6907
1974544,34,114,1416,2002,0.0,58150.0,-1.7894169999999998,-1.034672,BRN,JPN,6907
1974545,39,114,1416,2002,20600.0,91053.0,0.9963280000000001,1.1922110000000001,CAN,JPN,6907
1974546,41,114,1416,2002,0.0,6247.0,2.218095,0.620946,CHE,JPN,6907
1974547,43,114,1416,2002,8657820.0,358620.0,0.576746,2.7995520000000003,CHN,JPN,6907
1974548,49,114,1416,2002,28441.0,0.0,0.345094,0.37787800000000005,COL,JPN,6907
1974549,59,114,1416,2002,3684.0,0.0,1.550713,1.037066,CZE,JPN,6907
1974550,61,114,1416,2002,295929.0,26207.0,2.297691,-2.183239,DEU,JPN,6907
1974551,65,114,1416,2002,0.0,6638.0,-0.46284899999999995,-0.39210100000000003,DOM,JPN,6907
1974552,68,114,1416,2002,486438.0,0.0,-0.377127,0.549439,EGY,JPN,6907
1974553,71,114,1416,2002,829645.0,0.0,1.012246,2.049594,ESP,JPN,6907
1974554,77,114,1416,2002,122242.0,0.0,1.569367,0.9886360000000001,FRA,JPN,6907
1974555,81,114,1416,2002,71722.0,12997.0,1.893177,0.831382,GBR,JPN,6907
1974556,97,114,1416,2002,8096.0,5955205.0,0.5701109999999999,1.989357,HKG,JPN,6907
1974557,103,114,1416,2002,106601.0,51721.0,-0.10020499999999999,1.590314,IDN,JPN,6907
1974558,110,114,1416,2002,1464.0,0.0,1.334174,0.654331,ISR,JPN,6907
1974559,111,114,1416,2002,8475656.0,23102.0,1.377604,1.2470510000000001,ITA,JPN,6907
1974560,121,114,1416,2002,203778.0,212975.0,1.186816,1.075947,KOR,JPN,6907
1974561,128,114,1416,2002,245112.0,0.0,-0.740927,0.023171,LKA,JPN,6907
1974562,133,114,1416,2002,0.0,80597.0,-0.360172,-0.359367,MAC,JPN,6907
1974563,138,114,1416,2002,26641.0,1304.0,0.942061,0.6311260000000001,MEX,JPN,6907
1974564,141,114,1416,2002,0.0,1726.0,-0.8948520000000001,-0.863375,MLI,JPN,6907
1974565,153,114,1416,2002,631692.0,75615.0,0.704957,0.243398,MYS,JPN,6907
1974566,162,114,1416,2002,85296.0,0.0,1.206176,1.7136360000000002,NLD,JPN,6907
1974567,166,114,1416,2002,2399.0,33994.0,0.542585,0.854243,NZL,JPN,6907
1974568,174,114,1416,2002,6101.0,29833.0,0.055439999999999996,-0.179809,PHL,JPN,6907
1974569,175,114,1416,2002,0.0,2759.0,-1.4882389999999999,-0.995626,PLW,JPN,6907
1974570,178,114,1416,2002,0.0,3903.0,0.43756999999999996,0.744264,PRK,JPN,6907
1974571,179,114,1416,2002,51478.0,0.0,0.484407,1.6500080000000001,PRT,JPN,6907
1974572,188,114,1416,2002,0.0,11089.0,0.082107,-0.843317,SAU,JPN,6907
1974573,192,114,1416,2002,2325.0,309122.0,1.481857,0.648889,SGP,JPN,6907
1974574,216,114,1416,2002,842232.0,9338.0,0.432041,1.627953,THA,JPN,6907
1974575,227,114,1416,2002,0.0,1003.0,-1.038337,-0.896425,UGA,JPN,6907
1974576,231,114,1416,2002,513871.0,69559.0,1.821594,0.231296,USA,JPN,6907
1974577,239,114,1416,2002,98151.0,0.0,-0.589665,0.799874,VNM,JPN,6907
1974578,246,114,1416,2002,35384.0,0.0,0.395943,2.392458,ZAF,JPN,6907
1974579,249,114,1416,2002,277566.0,1335071.0,1.683858,1.333601,TWN,JPN,6907
1974580,7,121,1416,2002,40583.0,0.0,0.044683,-0.247191,ARE,KOR,6907
1974581,14,121,1416,2002,727464.0,0.0,0.231386,0.771628,AUS,KOR,6907
1974582,32,121,1416,2002,7814.0,6016.0,0.677883,1.0227190000000002,BRA,KOR,6907
1974583,43,121,1416,2002,7423576.0,36233.0,0.576746,2.7995520000000003,CHN,KOR,6907
1974584,59,121,1416,2002,0.0,1329.0,1.550713,1.037066,CZE,KOR,6907
1974585,61,121,1416,2002,536142.0,0.0,2.297691,-2.183239,DEU,KOR,6907
1974586,71,121,1416,2002,667678.0,0.0,1.012246,2.049594,ESP,KOR,6907
1974587,75,121,1416,2002,3643.0,0.0,-0.588136,-0.242883,FJI,KOR,6907
1974588,77,121,1416,2002,10126.0,0.0,1.569367,0.9886360000000001,FRA,KOR,6907
1974589,97,121,1416,2002,39380.0,0.0,0.5701109999999999,1.989357,HKG,KOR,6907
1974590,102,121,1416,2002,7165.0,0.0,1.179684,1.0574860000000001,HUN,KOR,6907
1974591,103,121,1416,2002,758111.0,0.0,-0.10020499999999999,1.590314,IDN,KOR,6907
1974592,104,121,1416,2002,11080.0,9208.0,0.380867,2.608955,IND,KOR,6907
1974593,110,121,1416,2002,0.0,2853.0,1.334174,0.654331,ISR,KOR,6907
1974594,111,121,1416,2002,3332912.0,0.0,1.377604,1.2470510000000001,ITA,KOR,6907
1974595,114,121,1416,2002,212975.0,203778.0,2.556057,0.497673,JPN,KOR,6907
1974596,153,121,1416,2002,189063.0,0.0,0.704957,0.243398,MYS,KOR,6907
1974597,159,121,1416,2002,0.0,78054.0,-1.8315700000000001,-1.25171,NGA,KOR,6907
1974598,163,121,1416,2002,0.0,17792.0,1.110882,0.17164100000000002,NOR,KOR,6907
1974599,167,121,1416,2002,0.0,6016.0,-1.238769,-1.225841,OMN,KOR,6907
1974600,174,121,1416,2002,16162.0,13240.0,0.055439999999999996,-0.179809,PHL,KOR,6907
1974601,179,121,1416,2002,86184.0,0.0,0.484407,1.6500080000000001,PRT,KOR,6907
1974602,186,121,1416,2002,0.0,4365.0,1.109397,0.424229,RUS,KOR,6907
1974603,192,121,1416,2002,7948.0,16864.0,1.481857,0.648889,SGP,KOR,6907
1974604,208,121,1416,2002,5924.0,0.0,2.128614,0.7891199999999999,SWE,KOR,6907
1974605,216,121,1416,2002,9593.0,0.0,0.432041,1.627953,THA,KOR,6907
1974606,231,121,1416,2002,305822.0,58801.0,1.821594,0.231296,USA,KOR,6907
1974607,239,121,1416,2002,317123.0,69406.0,-0.589665,0.799874,VNM,KOR,6907
1974608,249,121,1416,2002,0.0,1031863.0,1.683858,1.333601,TWN,KOR,6907
1974609,7,128,1416,2002,23754.0,0.0,0.044683,-0.247191,ARE,LKA,6907
1974610,14,128,1416,2002,0.0,162025.0,0.231386,0.771628,AUS,LKA,6907
1974611,39,128,1416,2002,0.0,92094.0,0.9963280000000001,1.1922110000000001,CAN,LKA,6907
1974612,43,128,1416,2002,395708.0,0.0,0.576746,2.7995520000000003,CHN,LKA,6907
1974613,81,128,1416,2002,2728.0,0.0,1.893177,0.831382,GBR,LKA,6907
1974614,103,128,1416,2002,187436.0,0.0,-0.10020499999999999,1.590314,IDN,LKA,6907
1974615,104,128,1416,2002,68509.0,0.0,0.380867,2.608955,IND,LKA,6907
1974616,111,128,1416,2002,70553.0,0.0,1.377604,1.2470510000000001,ITA,LKA,6907
1974617,114,128,1416,2002,0.0,245112.0,2.556057,0.497673,JPN,LKA,6907
1974618,137,128,1416,2002,0.0,3947.0,-1.3007440000000001,-1.0420120000000002,MDV,LKA,6907
1974619,153,128,1416,2002,37739.0,0.0,0.704957,0.243398,MYS,LKA,6907
1974620,166,128,1416,2002,0.0,29719.0,0.542585,0.854243,NZL,LKA,6907
1974621,174,128,1416,2002,0.0,5716.0,0.055439999999999996,-0.179809,PHL,LKA,6907
1974622,192,128,1416,2002,7131.0,13565.0,1.481857,0.648889,SGP,LKA,6907
1974623,216,128,1416,2002,4182.0,0.0,0.432041,1.627953,THA,LKA,6907
1974624,231,128,1416,2002,0.0,30830.0,1.821594,0.231296,USA,LKA,6907
1974625,7,138,1416,2002,48338.0,0.0,0.044683,-0.247191,ARE,MEX,6907
1974626,8,138,1416,2002,33186.0,0.0,0.284536,0.517425,ARG,MEX,6907
1974627,14,138,1416,2002,0.0,44989.0,0.231386,0.771628,AUS,MEX,6907
1974628,25,138,1416,2002,0.0,15424.0,0.641626,-0.37892800000000004,BHS,MEX,6907
1974629,29,138,1416,2002,0.0,50435.0,-0.246977,-0.731156,BLZ,MEX,6907
1974630,32,138,1416,2002,19704.0,0.0,0.677883,1.0227190000000002,BRA,MEX,6907
1974631,33,138,1416,2002,0.0,36606.0,0.762217,0.004367,BRB,MEX,6907
1974632,39,138,1416,2002,5476.0,184490.0,0.9963280000000001,1.1922110000000001,CAN,MEX,6907
1974633,43,138,1416,2002,160015.0,0.0,0.576746,2.7995520000000003,CHN,MEX,6907
1974634,49,138,1416,2002,32074.0,1880.0,0.345094,0.37787800000000005,COL,MEX,6907
1974635,61,138,1416,2002,158887.0,965.0,2.297691,-2.183239,DEU,MEX,6907
1974636,65,138,1416,2002,0.0,9322.0,-0.46284899999999995,-0.39210100000000003,DOM,MEX,6907
1974637,71,138,1416,2002,4553228.0,1260.0,1.012246,2.049594,ESP,MEX,6907
1974638,77,138,1416,2002,120987.0,81647.0,1.569367,0.9886360000000001,FRA,MEX,6907
1974639,81,138,1416,2002,0.0,111326.0,1.893177,0.831382,GBR,MEX,6907
1974640,97,138,1416,2002,0.0,5512.0,0.5701109999999999,1.989357,HKG,MEX,6907
1974641,99,138,1416,2002,0.0,10436.0,-0.877043,-0.658185,HND,MEX,6907
1974642,104,138,1416,2002,8872.0,0.0,0.380867,2.608955,IND,MEX,6907
1974643,106,138,1416,2002,0.0,11903.0,1.7232880000000002,0.091172,IRL,MEX,6907
1974644,111,138,1416,2002,1360570.0,10002.0,1.377604,1.2470510000000001,ITA,MEX,6907
1974645,114,138,1416,2002,1304.0,26641.0,2.556057,0.497673,JPN,MEX,6907
1974646,162,138,1416,2002,0.0,13623.0,1.206176,1.7136360000000002,NLD,MEX,6907
1974647,197,138,1416,2002,0.0,1164.0,-0.280138,-0.099225,SLV,MEX,6907
1974648,231,138,1416,2002,461798.0,8282108.0,1.821594,0.231296,USA,MEX,6907
1974649,237,138,1416,2002,0.0,7289.0,1.022393,-0.23957399999999998,VGB,MEX,6907
1974650,250,138,1416,2002,0.0,24182.0,0.734927,-0.40114099999999997,ANS,MEX,6907
1974651,43,142,1416,2002,13767.0,0.0,0.576746,2.7995520000000003,CHN,MLT,6907
1974652,61,142,1416,2002,13991.0,0.0,2.297691,-2.183239,DEU,MLT,6907
1974653,71,142,1416,2002,135469.0,0.0,1.012246,2.049594,ESP,MLT,6907
1974654,81,142,1416,2002,0.0,39025.0,1.893177,0.831382,GBR,MLT,6907
1974655,103,142,1416,2002,12019.0,0.0,-0.10020499999999999,1.590314,IDN,MLT,6907
1974656,111,142,1416,2002,1823038.0,0.0,1.377604,1.2470510000000001,ITA,MLT,6907
1974657,179,142,1416,2002,1599.0,0.0,0.484407,1.6500080000000001,PRT,MLT,6907
1974658,224,142,1416,2002,66868.0,0.0,0.11263699999999999,1.83925,TUR,MLT,6907
1974659,7,153,1416,2002,0.0,490138.0,0.044683,-0.247191,ARE,MYS,6907
1974660,8,153,1416,2002,0.0,10773.0,0.284536,0.517425,ARG,MYS,6907
1974661,14,153,1416,2002,14265.0,1150713.0,0.231386,0.771628,AUS,MYS,6907
1974662,22,153,1416,2002,0.0,65390.0,-1.134933,-1.061633,BGD,MYS,6907
1974663,24,153,1416,2002,0.0,55576.0,-0.146585,-1.006558,BHR,MYS,6907
1974664,34,153,1416,2002,148.0,404799.0,-1.7894169999999998,-1.034672,BRN,MYS,6907
1974665,39,153,1416,2002,0.0,740950.0,0.9963280000000001,1.1922110000000001,CAN,MYS,6907
1974666,41,153,1416,2002,204583.0,13332.0,2.218095,0.620946,CHE,MYS,6907
1974667,43,153,1416,2002,4391037.0,198049.0,0.576746,2.7995520000000003,CHN,MYS,6907
1974668,61,153,1416,2002,2700.0,176113.0,2.297691,-2.183239,DEU,MYS,6907
1974669,67,153,1416,2002,0.0,92409.0,-0.976218,-0.926393,ECU,MYS,6907
1974670,71,153,1416,2002,41852.0,126837.0,1.012246,2.049594,ESP,MYS,6907
1974671,75,153,1416,2002,0.0,118953.0,-0.588136,-0.242883,FJI,MYS,6907
1974672,77,153,1416,2002,28492.0,44904.0,1.569367,0.9886360000000001,FRA,MYS,6907
1974673,81,153,1416,2002,0.0,45858.0,1.893177,0.831382,GBR,MYS,6907
1974674,97,153,1416,2002,60359.0,1129774.0,0.5701109999999999,1.989357,HKG,MYS,6907
1974675,103,153,1416,2002,129513.0,91537.0,-0.10020499999999999,1.590314,IDN,MYS,6907
1974676,104,153,1416,2002,45279.0,180561.0,0.380867,2.608955,IND,MYS,6907
1974677,106,153,1416,2002,0.0,34246.0,1.7232880000000002,0.091172,IRL,MYS,6907
1974678,111,153,1416,2002,339908.0,0.0,1.377604,1.2470510000000001,ITA,MYS,6907
1974679,114,153,1416,2002,75615.0,631692.0,2.556057,0.497673,JPN,MYS,6907
1974680,118,153,1416,2002,0.0,35241.0,-1.231783,-1.1518700000000002,KHM,MYS,6907
1974681,121,153,1416,2002,0.0,189063.0,1.186816,1.075947,KOR,MYS,6907
1974682,128,153,1416,2002,0.0,37739.0,-0.740927,0.023171,LKA,MYS,6907
1974683,133,153,1416,2002,0.0,2875.0,-0.360172,-0.359367,MAC,MYS,6907
1974684,137,153,1416,2002,0.0,39411.0,-1.3007440000000001,-1.0420120000000002,MDV,MYS,6907
1974685,147,153,1416,2002,0.0,8819.0,-0.947259,-1.047883,MOZ,MYS,6907
1974686,151,153,1416,2002,0.0,62730.0,-0.37937600000000005,-0.388848,MUS,MYS,6907
1974687,162,153,1416,2002,0.0,18971.0,1.206176,1.7136360000000002,NLD,MYS,6907
1974688,166,153,1416,2002,0.0,240032.0,0.542585,0.854243,NZL,MYS,6907
1974689,168,153,1416,2002,0.0,87156.0,-0.877655,-0.322094,PAK,MYS,6907
1974690,174,153,1416,2002,0.0,168460.0,0.055439999999999996,-0.179809,PHL,MYS,6907
1974691,175,153,1416,2002,0.0,5098.0,-1.4882389999999999,-0.995626,PLW,MYS,6907
1974692,176,153,1416,2002,0.0,46458.0,-1.4572319999999999,-1.159399,PNG,MYS,6907
1974693,183,153,1416,2002,0.0,86892.0,-0.306052,-1.098296,QAT,MYS,6907
1974694,188,153,1416,2002,0.0,13138.0,0.082107,-0.843317,SAU,MYS,6907
1974695,189,153,1416,2002,0.0,5819.0,0.55781,2.135925,SCG,MYS,6907
1974696,192,153,1416,2002,18693.0,8286993.0,1.481857,0.648889,SGP,MYS,6907
1974697,208,153,1416,2002,0.0,72780.0,2.128614,0.7891199999999999,SWE,MYS,6907
1974698,216,153,1416,2002,45573.0,78967.0,0.432041,1.627953,THA,MYS,6907
1974699,222,153,1416,2002,0.0,81327.0,0.074907,-0.8203879999999999,TTO,MYS,6907
1974700,228,153,1416,2002,0.0,1525.0,0.835485,0.872135,UKR,MYS,6907
1974701,231,153,1416,2002,26940.0,339880.0,1.821594,0.231296,USA,MYS,6907
1974702,236,153,1416,2002,0.0,76199.0,0.211536,-0.715675,VEN,MYS,6907
1974703,239,153,1416,2002,65383.0,2568.0,-0.589665,0.799874,VNM,MYS,6907
1974704,242,153,1416,2002,0.0,9650.0,-0.053287,-0.5183399999999999,WSM,MYS,6907
1974705,246,153,1416,2002,0.0,98266.0,0.395943,2.392458,ZAF,MYS,6907
1974706,249,153,1416,2002,13576.0,2281856.0,1.683858,1.333601,TWN,MYS,6907
1974707,250,153,1416,2002,1107091.0,0.0,0.734927,-0.40114099999999997,ANS,MYS,6907
1974708,43,160,1416,2002,2026.0,0.0,0.576746,2.7995520000000003,CHN,NIC,6907
1974709,52,160,1416,2002,0.0,977.0,0.03619,-0.187718,CRI,NIC,6907
1974710,61,160,1416,2002,12747.0,0.0,2.297691,-2.183239,DEU,NIC,6907
1974711,71,160,1416,2002,2552.0,0.0,1.012246,2.049594,ESP,NIC,6907
1974712,93,160,1416,2002,2888.0,0.0,-0.548834,-0.034464999999999996,GTM,NIC,6907
1974713,111,160,1416,2002,3822.0,0.0,1.377604,1.2470510000000001,ITA,NIC,6907
1974714,197,160,1416,2002,2269.0,0.0,-0.280138,-0.099225,SLV,NIC,6907
1974715,231,160,1416,2002,12304.0,13850.0,1.821594,0.231296,USA,NIC,6907
1974716,0,162,1416,2002,0.0,76649.0,0.017075999999999997,-0.844024,ABW,NLD,6907
1974717,6,162,1416,2002,0.0,943067.0,0.346519,-0.631549,ANT,NLD,6907
1974718,8,162,1416,2002,193415.0,0.0,0.284536,0.517425,ARG,NLD,6907
1974719,14,162,1416,2002,0.0,32456.0,0.231386,0.771628,AUS,NLD,6907
1974720,15,162,1416,2002,0.0,28022.0,1.8651200000000001,0.48423900000000003,AUT,NLD,6907
1974721,18,162,1416,2002,565709.0,1152443.0,1.4097469999999999,1.440169,BEL,NLD,6907
1974722,24,162,1416,2002,0.0,8245.0,-0.146585,-1.006558,BHR,NLD,6907
1974723,32,162,1416,2002,6494.0,0.0,0.677883,1.0227190000000002,BRA,NLD,6907
1974724,39,162,1416,2002,0.0,114820.0,0.9963280000000001,1.1922110000000001,CAN,NLD,6907
1974725,41,162,1416,2002,0.0,1265244.0,2.218095,0.620946,CHE,NLD,6907
1974726,43,162,1416,2002,112125.0,1752.0,0.576746,2.7995520000000003,CHN,NLD,6907
1974727,49,162,1416,2002,1086.0,0.0,0.345094,0.37787800000000005,COL,NLD,6907
1974728,59,162,1416,2002,170421.0,39167.0,1.550713,1.037066,CZE,NLD,6907
1974729,61,162,1416,2002,4613022.0,5349505.0,2.297691,-2.183239,DEU,NLD,6907
1974730,64,162,1416,2002,1859.0,329291.0,1.26594,1.225186,DNK,NLD,6907
1974731,68,162,1416,2002,1767.0,0.0,-0.377127,0.549439,EGY,NLD,6907
1974732,71,162,1416,2002,1042836.0,331970.0,1.012246,2.049594,ESP,NLD,6907
1974733,74,162,1416,2002,1817.0,52026.0,2.0234240000000003,0.979141,FIN,NLD,6907
1974734,77,162,1416,2002,2330361.0,831173.0,1.569367,0.9886360000000001,FRA,NLD,6907
1974735,81,162,1416,2002,181457.0,770494.0,1.893177,0.831382,GBR,NLD,6907
1974736,83,162,1416,2002,0.0,11050.0,-1.333425,-1.0709879999999998,GHA,NLD,6907
1974737,85,162,1416,2002,0.0,1767.0,-1.85329,-1.243105,GIN,NLD,6907
1974738,90,162,1416,2002,0.0,21264.0,0.31858000000000003,1.47417,GRC,NLD,6907
1974739,97,162,1416,2002,0.0,43352.0,0.5701109999999999,1.989357,HKG,NLD,6907
1974740,102,162,1416,2002,3702.0,8779.0,1.179684,1.0574860000000001,HUN,NLD,6907
1974741,106,162,1416,2002,15013.0,247488.0,1.7232880000000002,0.091172,IRL,NLD,6907
1974742,109,162,1416,2002,0.0,8700.0,0.23601999999999998,-0.34781,ISL,NLD,6907
1974743,110,162,1416,2002,0.0,2444.0,1.334174,0.654331,ISR,NLD,6907
1974744,111,162,1416,2002,33870252.0,55734.0,1.377604,1.2470510000000001,ITA,NLD,6907
1974745,114,162,1416,2002,0.0,85296.0,2.556057,0.497673,JPN,NLD,6907
1974746,130,162,1416,2002,0.0,2559.0,0.23102399999999998,0.586078,LTU,NLD,6907
1974747,131,162,1416,2002,0.0,159732.0,1.605378,1.152973,LUX,NLD,6907
1974748,134,162,1416,2002,3796.0,0.0,-0.810467,-0.34807899999999997,MAR,NLD,6907
1974749,138,162,1416,2002,13623.0,0.0,0.942061,0.6311260000000001,MEX,NLD,6907
1974750,153,162,1416,2002,18971.0,0.0,0.704957,0.243398,MYS,NLD,6907
1974751,155,162,1416,2002,0.0,20162.0,-0.314161,-0.521778,NAM,NLD,6907
1974752,163,162,1416,2002,0.0,129650.0,1.110882,0.17164100000000002,NOR,NLD,6907
1974753,166,162,1416,2002,0.0,5528.0,0.542585,0.854243,NZL,NLD,6907
1974754,177,162,1416,2002,20123.0,474302.0,0.931642,1.721727,POL,NLD,6907
1974755,179,162,1416,2002,358240.0,0.0,0.484407,1.6500080000000001,PRT,NLD,6907
1974756,185,162,1416,2002,0.0,4734.0,0.29888200000000004,0.980376,ROU,NLD,6907
1974757,188,162,1416,2002,0.0,18041.0,0.082107,-0.843317,SAU,NLD,6907
1974758,205,162,1416,2002,0.0,291353.0,-0.9120030000000001,-0.8871020000000001,SUR,NLD,6907
1974759,208,162,1416,2002,8546.0,196598.0,2.128614,0.7891199999999999,SWE,NLD,6907
1974760,224,162,1416,2002,15239.0,0.0,0.11263699999999999,1.83925,TUR,NLD,6907
1974761,228,162,1416,2002,0.0,7412.0,0.835485,0.872135,UKR,NLD,6907
1974762,231,162,1416,2002,4702.0,1019086.0,1.821594,0.231296,USA,NLD,6907
1974763,239,162,1416,2002,11870.0,0.0,-0.589665,0.799874,VNM,NLD,6907
1974764,250,162,1416,2002,0.0,1962.0,0.734927,-0.40114099999999997,ANS,NLD,6907
1974765,7,163,1416,2002,30278.0,0.0,0.044683,-0.247191,ARE,NOR,6907
1974766,15,163,1416,2002,11211.0,0.0,1.8651200000000001,0.48423900000000003,AUT,NOR,6907
1974767,23,163,1416,2002,13052.0,0.0,0.37451100000000004,1.573517,BGR,NOR,6907
1974768,32,163,1416,2002,8311.0,0.0,0.677883,1.0227190000000002,BRA,NOR,6907
1974769,43,163,1416,2002,3557.0,0.0,0.576746,2.7995520000000003,CHN,NOR,6907
1974770,59,163,1416,2002,119913.0,0.0,1.550713,1.037066,CZE,NOR,6907
1974771,61,163,1416,2002,862164.0,0.0,2.297691,-2.183239,DEU,NOR,6907
1974772,64,163,1416,2002,159677.0,1882.0,1.26594,1.225186,DNK,NOR,6907
1974773,68,163,1416,2002,5370.0,0.0,-0.377127,0.549439,EGY,NOR,6907
1974774,71,163,1416,2002,80130.0,0.0,1.012246,2.049594,ESP,NOR,6907
1974775,72,163,1416,2002,1131.0,0.0,0.54511,0.9135979999999999,EST,NOR,6907
1974776,74,163,1416,2002,65031.0,0.0,2.0234240000000003,0.979141,FIN,NOR,6907
1974777,77,163,1416,2002,61818.0,0.0,1.569367,0.9886360000000001,FRA,NOR,6907
1974778,81,163,1416,2002,328089.0,0.0,1.893177,0.831382,GBR,NOR,6907
1974779,107,163,1416,2002,9616.0,0.0,-0.5707840000000001,-0.705612,IRN,NOR,6907
1974780,111,163,1416,2002,3374642.0,1931.0,1.377604,1.2470510000000001,ITA,NOR,6907
1974781,121,163,1416,2002,17792.0,0.0,1.186816,1.075947,KOR,NOR,6907
1974782,130,163,1416,2002,9055.0,0.0,0.23102399999999998,0.586078,LTU,NOR,6907
1974783,162,163,1416,2002,129650.0,0.0,1.206176,1.7136360000000002,NLD,NOR,6907
1974784,177,163,1416,2002,36183.0,0.0,0.931642,1.721727,POL,NOR,6907
1974785,179,163,1416,2002,303459.0,0.0,0.484407,1.6500080000000001,PRT,NOR,6907
1974786,185,163,1416,2002,810.0,0.0,0.29888200000000004,0.980376,ROU,NOR,6907
1974787,208,163,1416,2002,1179477.0,20257.0,2.128614,0.7891199999999999,SWE,NOR,6907
1974788,216,163,1416,2002,1549.0,0.0,0.432041,1.627953,THA,NOR,6907
1974789,224,163,1416,2002,16482.0,0.0,0.11263699999999999,1.83925,TUR,NOR,6907
1974790,231,163,1416,2002,40903.0,0.0,1.821594,0.231296,USA,NOR,6907
1974791,8,166,1416,2002,1106.0,0.0,0.284536,0.517425,ARG,NZL,6907
1974792,14,166,1416,2002,589231.0,50949.0,0.231386,0.771628,AUS,NZL,6907
1974793,32,166,1416,2002,42778.0,0.0,0.677883,1.0227190000000002,BRA,NZL,6907
1974794,34,166,1416,2002,0.0,144242.0,-1.7894169999999998,-1.034672,BRN,NZL,6907
1974795,43,166,1416,2002,124816.0,0.0,0.576746,2.7995520000000003,CHN,NZL,6907
1974796,48,166,1416,2002,0.0,17584.0,0.22351300000000002,-0.5197729999999999,COK,NZL,6907
1974797,49,166,1416,2002,4354.0,0.0,0.345094,0.37787800000000005,COL,NZL,6907
1974798,61,166,1416,2002,9404.0,0.0,2.297691,-2.183239,DEU,NZL,6907
1974799,71,166,1416,2002,75267.0,0.0,1.012246,2.049594,ESP,NZL,6907
1974800,75,166,1416,2002,2986.0,17551.0,-0.588136,-0.242883,FJI,NZL,6907
1974801,77,166,1416,2002,24418.0,0.0,1.569367,0.9886360000000001,FRA,NZL,6907
1974802,81,166,1416,2002,1265.0,18571.0,1.893177,0.831382,GBR,NZL,6907
1974803,90,166,1416,2002,5586.0,0.0,0.31858000000000003,1.47417,GRC,NZL,6907
1974804,103,166,1416,2002,36883.0,0.0,-0.10020499999999999,1.590314,IDN,NZL,6907
1974805,104,166,1416,2002,8951.0,0.0,0.380867,2.608955,IND,NZL,6907
1974806,111,166,1416,2002,2660100.0,8591.0,1.377604,1.2470510000000001,ITA,NZL,6907
1974807,114,166,1416,2002,33994.0,2399.0,2.556057,0.497673,JPN,NZL,6907
1974808,128,166,1416,2002,29719.0,0.0,-0.740927,0.023171,LKA,NZL,6907
1974809,153,166,1416,2002,240032.0,0.0,0.704957,0.243398,MYS,NZL,6907
1974810,156,166,1416,2002,0.0,5265.0,-0.292646,-0.823263,NCL,NZL,6907
1974811,162,166,1416,2002,5528.0,0.0,1.206176,1.7136360000000002,NLD,NZL,6907
1974812,176,166,1416,2002,0.0,1488.0,-1.4572319999999999,-1.159399,PNG,NZL,6907
1974813,179,166,1416,2002,22769.0,0.0,0.484407,1.6500080000000001,PRT,NZL,6907
1974814,182,166,1416,2002,0.0,5028.0,0.042936,-0.7421840000000001,PYF,NZL,6907
1974815,216,166,1416,2002,6756.0,0.0,0.432041,1.627953,THA,NZL,6907
1974816,224,166,1416,2002,1167.0,0.0,0.11263699999999999,1.83925,TUR,NZL,6907
1974817,231,166,1416,2002,9767.0,85784.0,1.821594,0.231296,USA,NZL,6907
1974818,239,166,1416,2002,2807.0,0.0,-0.589665,0.799874,VNM,NZL,6907
1974819,242,166,1416,2002,0.0,5305.0,-0.053287,-0.5183399999999999,WSM,NZL,6907
1974820,249,166,1416,2002,0.0,17594.0,1.683858,1.333601,TWN,NZL,6907
1974821,32,169,1416,2002,12845.0,0.0,0.677883,1.0227190000000002,BRA,PAN,6907
1974822,43,169,1416,2002,716711.0,0.0,0.576746,2.7995520000000003,CHN,PAN,6907
1974823,49,169,1416,2002,276471.0,0.0,0.345094,0.37787800000000005,COL,PAN,6907
1974824,52,169,1416,2002,0.0,54419.0,0.03619,-0.187718,CRI,PAN,6907
1974825,61,169,1416,2002,3830.0,0.0,2.297691,-2.183239,DEU,PAN,6907
1974826,71,169,1416,2002,91821.0,0.0,1.012246,2.049594,ESP,PAN,6907
1974827,93,169,1416,2002,2687.0,0.0,-0.548834,-0.034464999999999996,GTM,PAN,6907
1974828,97,169,1416,2002,647648.0,0.0,0.5701109999999999,1.989357,HKG,PAN,6907
1974829,103,169,1416,2002,7141.0,0.0,-0.10020499999999999,1.590314,IDN,PAN,6907
1974830,111,169,1416,2002,159673.0,0.0,1.377604,1.2470510000000001,ITA,PAN,6907
1974831,216,169,1416,2002,30420.0,0.0,0.432041,1.627953,THA,PAN,6907
1974832,231,169,1416,2002,20167.0,0.0,1.821594,0.231296,USA,PAN,6907
1974833,250,169,1416,2002,25805.0,0.0,0.734927,-0.40114099999999997,ANS,PAN,6907
1974834,31,173,1416,2002,19649.0,13026.0,-0.885342,-0.819517,BOL,PER,6907
1974835,32,173,1416,2002,41666.0,0.0,0.677883,1.0227190000000002,BRA,PER,6907
1974836,43,173,1416,2002,129121.0,0.0,0.576746,2.7995520000000003,CHN,PER,6907
1974837,52,173,1416,2002,0.0,9391.0,0.03619,-0.187718,CRI,PER,6907
1974838,61,173,1416,2002,6995.0,0.0,2.297691,-2.183239,DEU,PER,6907
1974839,67,173,1416,2002,0.0,39072.0,-0.976218,-0.926393,ECU,PER,6907
1974840,71,173,1416,2002,59868.0,0.0,1.012246,2.049594,ESP,PER,6907
1974841,81,173,1416,2002,9933.0,15984.0,1.893177,0.831382,GBR,PER,6907
1974842,103,173,1416,2002,14676.0,0.0,-0.10020499999999999,1.590314,IDN,PER,6907
1974843,111,173,1416,2002,275246.0,30497.0,1.377604,1.2470510000000001,ITA,PER,6907
1974844,179,173,1416,2002,7821.0,0.0,0.484407,1.6500080000000001,PRT,PER,6907
1974845,231,173,1416,2002,69374.0,6930.0,1.821594,0.231296,USA,PER,6907
1974846,246,173,1416,2002,8244.0,0.0,0.395943,2.392458,ZAF,PER,6907
1974847,7,174,1416,2002,34044.0,0.0,0.044683,-0.247191,ARE,PHL,6907
1974848,14,174,1416,2002,12463.0,4279.0,0.231386,0.771628,AUS,PHL,6907
1974849,34,174,1416,2002,0.0,10307.0,-1.7894169999999998,-1.034672,BRN,PHL,6907
1974850,43,174,1416,2002,1906076.0,0.0,0.576746,2.7995520000000003,CHN,PHL,6907
1974851,61,174,1416,2002,26171.0,0.0,2.297691,-2.183239,DEU,PHL,6907
1974852,71,174,1416,2002,276155.0,0.0,1.012246,2.049594,ESP,PHL,6907
1974853,97,174,1416,2002,93864.0,53682.0,0.5701109999999999,1.989357,HKG,PHL,6907
1974854,103,174,1416,2002,30433.0,0.0,-0.10020499999999999,1.590314,IDN,PHL,6907
1974855,111,174,1416,2002,1302432.0,0.0,1.377604,1.2470510000000001,ITA,PHL,6907
1974856,114,174,1416,2002,29833.0,6101.0,2.556057,0.497673,JPN,PHL,6907
1974857,121,174,1416,2002,13240.0,16162.0,1.186816,1.075947,KOR,PHL,6907
1974858,128,174,1416,2002,5716.0,0.0,-0.740927,0.023171,LKA,PHL,6907
1974859,153,174,1416,2002,168460.0,0.0,0.704957,0.243398,MYS,PHL,6907
1974860,179,174,1416,2002,96598.0,0.0,0.484407,1.6500080000000001,PRT,PHL,6907
1974861,192,174,1416,2002,76839.0,0.0,1.481857,0.648889,SGP,PHL,6907
1974862,216,174,1416,2002,32581.0,0.0,0.432041,1.627953,THA,PHL,6907
1974863,231,174,1416,2002,0.0,7293.0,1.821594,0.231296,USA,PHL,6907
1974864,239,174,1416,2002,875883.0,0.0,-0.589665,0.799874,VNM,PHL,6907
1974865,249,174,1416,2002,110770.0,0.0,1.683858,1.333601,TWN,PHL,6907
1974866,2,179,1416,2002,0.0,2350333.0,-2.018135,-1.222751,AGO,PRT,6907
1974867,5,179,1416,2002,0.0,4955.0,1.1751610000000001,0.8631700000000001,AND,PRT,6907
1974868,7,179,1416,2002,0.0,141047.0,0.044683,-0.247191,ARE,PRT,6907
1974869,14,179,1416,2002,8725.0,328479.0,0.231386,0.771628,AUS,PRT,6907
1974870,15,179,1416,2002,0.0,16382.0,1.8651200000000001,0.48423900000000003,AUT,PRT,6907
1974871,18,179,1416,2002,0.0,1059440.0,1.4097469999999999,1.440169,BEL,PRT,6907
1974872,23,179,1416,2002,0.0,5607.0,0.37451100000000004,1.573517,BGR,PRT,6907
1974873,24,179,1416,2002,0.0,37010.0,-0.146585,-1.006558,BHR,PRT,6907
1974874,32,179,1416,2002,4159.0,0.0,0.677883,1.0227190000000002,BRA,PRT,6907
1974875,39,179,1416,2002,0.0,181678.0,0.9963280000000001,1.1922110000000001,CAN,PRT,6907
1974876,41,179,1416,2002,1113.0,476471.0,2.218095,0.620946,CHE,PRT,6907
1974877,43,179,1416,2002,100853.0,7285.0,0.576746,2.7995520000000003,CHN,PRT,6907
1974878,44,179,1416,2002,0.0,29281.0,-0.816327,-0.711765,CIV,PRT,6907
1974879,51,179,1416,2002,0.0,501350.0,-0.29720100000000005,-0.703051,CPV,PRT,6907
1974880,52,179,1416,2002,0.0,22438.0,0.03619,-0.187718,CRI,PRT,6907
1974881,58,179,1416,2002,0.0,34133.0,0.381391,0.40265,CYP,PRT,6907
1974882,61,179,1416,2002,322076.0,495805.0,2.297691,-2.183239,DEU,PRT,6907
1974883,64,179,1416,2002,0.0,210599.0,1.26594,1.225186,DNK,PRT,6907
1974884,65,179,1416,2002,0.0,25303.0,-0.46284899999999995,-0.39210100000000003,DOM,PRT,6907
1974885,71,179,1416,2002,8571925.0,1757321.0,1.012246,2.049594,ESP,PRT,6907
1974886,72,179,1416,2002,0.0,201321.0,0.54511,0.9135979999999999,EST,PRT,6907
1974887,74,179,1416,2002,0.0,552616.0,2.0234240000000003,0.979141,FIN,PRT,6907
1974888,77,179,1416,2002,4564.0,4237563.0,1.569367,0.9886360000000001,FRA,PRT,6907
1974889,80,179,1416,2002,0.0,18335.0,-0.830094,-1.149233,GAB,PRT,6907
1974890,81,179,1416,2002,3688.0,849084.0,1.893177,0.831382,GBR,PRT,6907
1974891,83,179,1416,2002,0.0,2949.0,-1.333425,-1.0709879999999998,GHA,PRT,6907
1974892,85,179,1416,2002,0.0,21307.0,-1.85329,-1.243105,GIN,PRT,6907
1974893,88,179,1416,2002,0.0,34798.0,-0.661416,-0.8644870000000001,GNB,PRT,6907
1974894,90,179,1416,2002,0.0,15942.0,0.31858000000000003,1.47417,GRC,PRT,6907
1974895,97,179,1416,2002,0.0,102611.0,0.5701109999999999,1.989357,HKG,PRT,6907
1974896,102,179,1416,2002,0.0,1998.0,1.179684,1.0574860000000001,HUN,PRT,6907
1974897,103,179,1416,2002,12629.0,0.0,-0.10020499999999999,1.590314,IDN,PRT,6907
1974898,106,179,1416,2002,0.0,93868.0,1.7232880000000002,0.091172,IRL,PRT,6907
1974899,109,179,1416,2002,0.0,27614.0,0.23601999999999998,-0.34781,ISL,PRT,6907
1974900,110,179,1416,2002,0.0,361887.0,1.334174,0.654331,ISR,PRT,6907
1974901,111,179,1416,2002,2404321.0,85654.0,1.377604,1.2470510000000001,ITA,PRT,6907
1974902,112,179,1416,2002,0.0,3792.0,-0.604813,-0.9309860000000001,JAM,PRT,6907
1974903,113,179,1416,2002,0.0,4606.0,0.24197600000000002,0.196635,JOR,PRT,6907
1974904,114,179,1416,2002,0.0,51478.0,2.556057,0.497673,JPN,PRT,6907
1974905,115,179,1416,2002,0.0,5851.0,-0.065332,-0.616159,KAZ,PRT,6907
1974906,121,179,1416,2002,0.0,86184.0,1.186816,1.075947,KOR,PRT,6907
1974907,122,179,1416,2002,0.0,42146.0,-0.6629550000000001,-1.157214,KWT,PRT,6907
1974908,124,179,1416,2002,0.0,14890.0,0.2729,1.254232,LBN,PRT,6907
1974909,125,179,1416,2002,0.0,3358.0,-0.508416,-1.121658,LBR,PRT,6907
1974910,126,179,1416,2002,0.0,17721.0,-0.568615,-1.172261,LBY,PRT,6907
1974911,130,179,1416,2002,0.0,383364.0,0.23102399999999998,0.586078,LTU,PRT,6907
1974912,131,179,1416,2002,0.0,5425.0,1.605378,1.152973,LUX,PRT,6907
1974913,132,179,1416,2002,0.0,200565.0,0.45210200000000006,0.515388,LVA,PRT,6907
1974914,133,179,1416,2002,7724.0,4745.0,-0.360172,-0.359367,MAC,PRT,6907
1974915,134,179,1416,2002,0.0,15877.0,-0.810467,-0.34807899999999997,MAR,PRT,6907
1974916,141,179,1416,2002,0.0,4655.0,-0.8948520000000001,-0.863375,MLI,PRT,6907
1974917,142,179,1416,2002,0.0,1599.0,1.12245,0.019001,MLT,PRT,6907
1974918,147,179,1416,2002,0.0,197486.0,-0.947259,-1.047883,MOZ,PRT,6907
1974919,162,179,1416,2002,0.0,358240.0,1.206176,1.7136360000000002,NLD,PRT,6907
1974920,163,179,1416,2002,0.0,303459.0,1.110882,0.17164100000000002,NOR,PRT,6907
1974921,166,179,1416,2002,0.0,22769.0,0.542585,0.854243,NZL,PRT,6907
1974922,173,179,1416,2002,0.0,7821.0,-0.6126199999999999,0.085944,PER,PRT,6907
1974923,174,179,1416,2002,0.0,96598.0,0.055439999999999996,-0.179809,PHL,PRT,6907
1974924,177,179,1416,2002,2053.0,128469.0,0.931642,1.721727,POL,PRT,6907
1974925,183,179,1416,2002,0.0,7232.0,-0.306052,-1.098296,QAT,PRT,6907
1974926,185,179,1416,2002,0.0,3274.0,0.29888200000000004,0.980376,ROU,PRT,6907
1974927,186,179,1416,2002,0.0,554496.0,1.109397,0.424229,RUS,PRT,6907
1974928,188,179,1416,2002,0.0,24889.0,0.082107,-0.843317,SAU,PRT,6907
1974929,191,179,1416,2002,0.0,8342.0,-0.43679700000000005,-0.484176,SEN,PRT,6907
1974930,192,179,1416,2002,0.0,298012.0,1.481857,0.648889,SGP,PRT,6907
1974931,203,179,1416,2002,0.0,82773.0,0.47539499999999996,-0.297348,STP,PRT,6907
1974932,208,179,1416,2002,0.0,457753.0,2.128614,0.7891199999999999,SWE,PRT,6907
1974933,222,179,1416,2002,0.0,9453.0,0.074907,-0.8203879999999999,TTO,PRT,6907
1974934,224,179,1416,2002,0.0,20996.0,0.11263699999999999,1.83925,TUR,PRT,6907
1974935,228,179,1416,2002,0.0,54361.0,0.835485,0.872135,UKR,PRT,6907
1974936,231,179,1416,2002,0.0,362022.0,1.821594,0.231296,USA,PRT,6907
1974937,236,179,1416,2002,0.0,67379.0,0.211536,-0.715675,VEN,PRT,6907
1974938,246,179,1416,2002,0.0,267943.0,0.395943,2.392458,ZAF,PRT,6907
1974939,249,179,1416,2002,0.0,9797.0,1.683858,1.333601,TWN,PRT,6907
1974940,250,179,1416,2002,0.0,11827.0,0.734927,-0.40114099999999997,ANS,PRT,6907
1974941,8,180,1416,2002,4246.0,0.0,0.284536,0.517425,ARG,PRY,6907
1974942,32,180,1416,2002,178117.0,0.0,0.677883,1.0227190000000002,BRA,PRY,6907
1974943,71,180,1416,2002,45509.0,0.0,1.012246,2.049594,ESP,PRY,6907
1974944,111,180,1416,2002,8339.0,0.0,1.377604,1.2470510000000001,ITA,PRY,6907
1974945,230,180,1416,2002,0.0,1378.0,0.300502,0.16817000000000001,URY,PRY,6907
1974946,7,190,1416,2002,276610.0,0.0,0.044683,-0.247191,ARE,SDN,6907
1974947,24,190,1416,2002,2157.0,0.0,-0.146585,-1.006558,BHR,SDN,6907
1974948,41,190,1416,2002,1538.0,0.0,2.218095,0.620946,CHE,SDN,6907
1974949,43,190,1416,2002,229601.0,0.0,0.576746,2.7995520000000003,CHN,SDN,6907
1974950,68,190,1416,2002,2928.0,0.0,-0.377127,0.549439,EGY,SDN,6907
1974951,71,190,1416,2002,154724.0,0.0,1.012246,2.049594,ESP,SDN,6907
1974952,77,190,1416,2002,5077.0,0.0,1.569367,0.9886360000000001,FRA,SDN,6907
1974953,111,190,1416,2002,46204.0,0.0,1.377604,1.2470510000000001,ITA,SDN,6907
1974954,188,190,1416,2002,270834.0,0.0,0.082107,-0.843317,SAU,SDN,6907
1974955,205,190,1416,2002,2408.0,0.0,-0.9120030000000001,-0.8871020000000001,SUR,SDN,6907
1974956,224,190,1416,2002,3807.0,0.0,0.11263699999999999,1.83925,TUR,SDN,6907
1974957,228,190,1416,2002,1953.0,0.0,0.835485,0.872135,UKR,SDN,6907
1974958,249,190,1416,2002,2124.0,0.0,1.683858,1.333601,TWN,SDN,6907
1974959,7,192,1416,2002,16353.0,0.0,0.044683,-0.247191,ARE,SGP,6907
1974960,14,192,1416,2002,172871.0,77347.0,0.231386,0.771628,AUS,SGP,6907
1974961,18,192,1416,2002,21619.0,0.0,1.4097469999999999,1.440169,BEL,SGP,6907
1974962,22,192,1416,2002,0.0,1703.0,-1.134933,-1.061633,BGD,SGP,6907
1974963,32,192,1416,2002,36183.0,0.0,0.677883,1.0227190000000002,BRA,SGP,6907
1974964,34,192,1416,2002,0.0,136434.0,-1.7894169999999998,-1.034672,BRN,SGP,6907
1974965,43,192,1416,2002,3106636.0,27591.0,0.576746,2.7995520000000003,CHN,SGP,6907
1974966,49,192,1416,2002,15155.0,0.0,0.345094,0.37787800000000005,COL,SGP,6907
1974967,61,192,1416,2002,386895.0,0.0,2.297691,-2.183239,DEU,SGP,6907
1974968,68,192,1416,2002,15783.0,0.0,-0.377127,0.549439,EGY,SGP,6907
1974969,71,192,1416,2002,340135.0,0.0,1.012246,2.049594,ESP,SGP,6907
1974970,77,192,1416,2002,191031.0,0.0,1.569367,0.9886360000000001,FRA,SGP,6907
1974971,81,192,1416,2002,16583.0,0.0,1.893177,0.831382,GBR,SGP,6907
1974972,90,192,1416,2002,4580.0,0.0,0.31858000000000003,1.47417,GRC,SGP,6907
1974973,97,192,1416,2002,52368.0,81400.0,0.5701109999999999,1.989357,HKG,SGP,6907
1974974,103,192,1416,2002,40334.0,25509.0,-0.10020499999999999,1.590314,IDN,SGP,6907
1974975,104,192,1416,2002,9835.0,127778.0,0.380867,2.608955,IND,SGP,6907
1974976,111,192,1416,2002,7513415.0,0.0,1.377604,1.2470510000000001,ITA,SGP,6907
1974977,114,192,1416,2002,309122.0,2325.0,2.556057,0.497673,JPN,SGP,6907
1974978,118,192,1416,2002,0.0,6634.0,-1.231783,-1.1518700000000002,KHM,SGP,6907
1974979,121,192,1416,2002,16864.0,7948.0,1.186816,1.075947,KOR,SGP,6907
1974980,128,192,1416,2002,13565.0,7131.0,-0.740927,0.023171,LKA,SGP,6907
1974981,137,192,1416,2002,0.0,60038.0,-1.3007440000000001,-1.0420120000000002,MDV,SGP,6907
1974982,141,192,1416,2002,0.0,6251.0,-0.8948520000000001,-0.863375,MLI,SGP,6907
1974983,143,192,1416,2002,0.0,18526.0,-1.571568,-1.131512,MMR,SGP,6907
1974984,147,192,1416,2002,0.0,1998.0,-0.947259,-1.047883,MOZ,SGP,6907
1974985,153,192,1416,2002,8286993.0,18693.0,0.704957,0.243398,MYS,SGP,6907
1974986,159,192,1416,2002,0.0,7527.0,-1.8315700000000001,-1.25171,NGA,SGP,6907
1974987,174,192,1416,2002,0.0,76839.0,0.055439999999999996,-0.179809,PHL,SGP,6907
1974988,179,192,1416,2002,298012.0,0.0,0.484407,1.6500080000000001,PRT,SGP,6907
1974989,208,192,1416,2002,1035.0,0.0,2.128614,0.7891199999999999,SWE,SGP,6907
1974990,211,192,1416,2002,0.0,10710.0,-0.977247,-0.927527,SYC,SGP,6907
1974991,216,192,1416,2002,74920.0,0.0,0.432041,1.627953,THA,SGP,6907
1974992,224,192,1416,2002,9853.0,0.0,0.11263699999999999,1.83925,TUR,SGP,6907
1974993,231,192,1416,2002,0.0,43498.0,1.821594,0.231296,USA,SGP,6907
1974994,239,192,1416,2002,73120.0,11146.0,-0.589665,0.799874,VNM,SGP,6907
1974995,249,192,1416,2002,19555.0,7373.0,1.683858,1.333601,TWN,SGP,6907
1974996,32,197,1416,2002,11369.0,0.0,0.677883,1.0227190000000002,BRA,SLV,6907
1974997,43,197,1416,2002,72946.0,0.0,0.576746,2.7995520000000003,CHN,SLV,6907
1974998,49,197,1416,2002,5784.0,0.0,0.345094,0.37787800000000005,COL,SLV,6907
1974999,71,197,1416,2002,23187.0,0.0,1.012246,2.049594,ESP,SLV,6907
1975000,93,197,1416,2002,4877.0,6323.0,-0.548834,-0.034464999999999996,GTM,SLV,6907
1975001,99,197,1416,2002,6311.0,0.0,-0.877043,-0.658185,HND,SLV,6907
1975002,111,197,1416,2002,61841.0,0.0,1.377604,1.2470510000000001,ITA,SLV,6907
1975003,138,197,1416,2002,1164.0,0.0,0.942061,0.6311260000000001,MEX,SLV,6907
1975004,160,197,1416,2002,0.0,2269.0,-0.677398,-0.564472,NIC,SLV,6907
1975005,231,197,1416,2002,89391.0,0.0,1.821594,0.231296,USA,SLV,6907
1975006,8,205,1416,2002,7745.0,0.0,0.284536,0.517425,ARG,SUR,6907
1975007,43,205,1416,2002,25737.0,0.0,0.576746,2.7995520000000003,CHN,SUR,6907
1975008,71,205,1416,2002,10022.0,0.0,1.012246,2.049594,ESP,SUR,6907
1975009,162,205,1416,2002,291353.0,0.0,1.206176,1.7136360000000002,NLD,SUR,6907
1975010,190,205,1416,2002,0.0,2408.0,-1.499925,-1.228374,SDN,SUR,6907
1975011,231,205,1416,2002,26018.0,0.0,1.821594,0.231296,USA,SUR,6907
1975012,7,208,1416,2002,29233.0,0.0,0.044683,-0.247191,ARE,SWE,6907
1975013,18,208,1416,2002,0.0,118573.0,1.4097469999999999,1.440169,BEL,SWE,6907
1975014,22,208,1416,2002,0.0,11107.0,-1.134933,-1.061633,BGD,SWE,6907
1975015,23,208,1416,2002,2056.0,0.0,0.37451100000000004,1.573517,BGR,SWE,6907
1975016,26,208,1416,2002,0.0,45146.0,0.26339,0.30287,BIH,SWE,6907
1975017,41,208,1416,2002,0.0,11200.0,2.218095,0.620946,CHE,SWE,6907
1975018,43,208,1416,2002,3119.0,0.0,0.576746,2.7995520000000003,CHN,SWE,6907
1975019,58,208,1416,2002,0.0,10012.0,0.381391,0.40265,CYP,SWE,6907
1975020,59,208,1416,2002,58162.0,70084.0,1.550713,1.037066,CZE,SWE,6907
1975021,61,208,1416,2002,1265562.0,12945.0,2.297691,-2.183239,DEU,SWE,6907
1975022,64,208,1416,2002,910494.0,313154.0,1.26594,1.225186,DNK,SWE,6907
1975023,66,208,1416,2002,0.0,49346.0,-0.912033,-1.1731850000000001,DZA,SWE,6907
1975024,71,208,1416,2002,606307.0,81235.0,1.012246,2.049594,ESP,SWE,6907
1975025,72,208,1416,2002,33747.0,10692.0,0.54511,0.9135979999999999,EST,SWE,6907
1975026,74,208,1416,2002,118491.0,126762.0,2.0234240000000003,0.979141,FIN,SWE,6907
1975027,77,208,1416,2002,101211.0,715749.0,1.569367,0.9886360000000001,FRA,SWE,6907
1975028,81,208,1416,2002,91618.0,6872.0,1.893177,0.831382,GBR,SWE,6907
1975029,87,208,1416,2002,0.0,5706.0,0.075971,-0.068413,GMB,SWE,6907
1975030,90,208,1416,2002,1730.0,0.0,0.31858000000000003,1.47417,GRC,SWE,6907
1975031,97,208,1416,2002,0.0,977.0,0.5701109999999999,1.989357,HKG,SWE,6907
1975032,100,208,1416,2002,0.0,61517.0,0.591276,1.030723,HRV,SWE,6907
1975033,102,208,1416,2002,0.0,138997.0,1.179684,1.0574860000000001,HUN,SWE,6907
1975034,106,208,1416,2002,0.0,13973.0,1.7232880000000002,0.091172,IRL,SWE,6907
1975035,107,208,1416,2002,2308.0,0.0,-0.5707840000000001,-0.705612,IRN,SWE,6907
1975036,109,208,1416,2002,0.0,2011.0,0.23601999999999998,-0.34781,ISL,SWE,6907
1975037,110,208,1416,2002,22942.0,0.0,1.334174,0.654331,ISR,SWE,6907
1975038,111,208,1416,2002,6490439.0,1453.0,1.377604,1.2470510000000001,ITA,SWE,6907
1975039,113,208,1416,2002,0.0,10554.0,0.24197600000000002,0.196635,JOR,SWE,6907
1975040,121,208,1416,2002,0.0,5924.0,1.186816,1.075947,KOR,SWE,6907
1975041,132,208,1416,2002,0.0,2625.0,0.45210200000000006,0.515388,LVA,SWE,6907
1975042,153,208,1416,2002,72780.0,0.0,0.704957,0.243398,MYS,SWE,6907
1975043,162,208,1416,2002,196598.0,8546.0,1.206176,1.7136360000000002,NLD,SWE,6907
1975044,163,208,1416,2002,20257.0,1179477.0,1.110882,0.17164100000000002,NOR,SWE,6907
1975045,177,208,1416,2002,23269.0,53507.0,0.931642,1.721727,POL,SWE,6907
1975046,179,208,1416,2002,457753.0,0.0,0.484407,1.6500080000000001,PRT,SWE,6907
1975047,181,208,1416,2002,0.0,16577.0,0.394636,-0.286194,PSE,SWE,6907
1975048,188,208,1416,2002,0.0,159157.0,0.082107,-0.843317,SAU,SWE,6907
1975049,189,208,1416,2002,0.0,74340.0,0.55781,2.135925,SCG,SWE,6907
1975050,192,208,1416,2002,0.0,1035.0,1.481857,0.648889,SGP,SWE,6907
1975051,206,208,1416,2002,0.0,21590.0,1.1907379999999999,1.050649,SVK,SWE,6907
1975052,207,208,1416,2002,0.0,10416.0,1.5643770000000001,1.043862,SVN,SWE,6907
1975053,223,208,1416,2002,0.0,8767.0,-0.221951,0.325506,TUN,SWE,6907
1975054,225,208,1416,2002,11489.0,0.0,-0.141984,-0.15720399999999998,TUV,SWE,6907
1975055,228,208,1416,2002,0.0,12475.0,0.835485,0.872135,UKR,SWE,6907
1975056,231,208,1416,2002,0.0,15699.0,1.821594,0.231296,USA,SWE,6907
1975057,246,208,1416,2002,0.0,29516.0,0.395943,2.392458,ZAF,SWE,6907
1975058,14,216,1416,2002,0.0,2375.0,0.231386,0.771628,AUS,THA,6907
1975059,19,216,1416,2002,0.0,43850.0,-0.724829,-0.705625,BEN,THA,6907
1975060,34,216,1416,2002,0.0,211786.0,-1.7894169999999998,-1.034672,BRN,THA,6907
1975061,43,216,1416,2002,1103977.0,10052.0,0.576746,2.7995520000000003,CHN,THA,6907
1975062,59,216,1416,2002,0.0,16831.0,1.550713,1.037066,CZE,THA,6907
1975063,61,216,1416,2002,126879.0,0.0,2.297691,-2.183239,DEU,THA,6907
1975064,71,216,1416,2002,61965.0,8791.0,1.012246,2.049594,ESP,THA,6907
1975065,77,216,1416,2002,15178.0,3464.0,1.569367,0.9886360000000001,FRA,THA,6907
1975066,81,216,1416,2002,1954.0,1508.0,1.893177,0.831382,GBR,THA,6907
1975067,97,216,1416,2002,5493.0,18613.0,0.5701109999999999,1.989357,HKG,THA,6907
1975068,103,216,1416,2002,10615.0,0.0,-0.10020499999999999,1.590314,IDN,THA,6907
1975069,106,216,1416,2002,0.0,6922.0,1.7232880000000002,0.091172,IRL,THA,6907
1975070,111,216,1416,2002,495067.0,0.0,1.377604,1.2470510000000001,ITA,THA,6907
1975071,114,216,1416,2002,9338.0,842232.0,2.556057,0.497673,JPN,THA,6907
1975072,118,216,1416,2002,0.0,2892.0,-1.231783,-1.1518700000000002,KHM,THA,6907
1975073,121,216,1416,2002,0.0,9593.0,1.186816,1.075947,KOR,THA,6907
1975074,123,216,1416,2002,0.0,9332.0,-1.255183,-1.163232,LAO,THA,6907
1975075,128,216,1416,2002,0.0,4182.0,-0.740927,0.023171,LKA,THA,6907
1975076,137,216,1416,2002,0.0,2334.0,-1.3007440000000001,-1.0420120000000002,MDV,THA,6907
1975077,141,216,1416,2002,0.0,2381.0,-0.8948520000000001,-0.863375,MLI,THA,6907
1975078,143,216,1416,2002,0.0,162447.0,-1.571568,-1.131512,MMR,THA,6907
1975079,151,216,1416,2002,0.0,198780.0,-0.37937600000000005,-0.388848,MUS,THA,6907
1975080,153,216,1416,2002,78967.0,45573.0,0.704957,0.243398,MYS,THA,6907
1975081,163,216,1416,2002,0.0,1549.0,1.110882,0.17164100000000002,NOR,THA,6907
1975082,166,216,1416,2002,0.0,6756.0,0.542585,0.854243,NZL,THA,6907
1975083,167,216,1416,2002,0.0,25834.0,-1.238769,-1.225841,OMN,THA,6907
1975084,169,216,1416,2002,0.0,30420.0,0.134759,0.234258,PAN,THA,6907
1975085,174,216,1416,2002,0.0,32581.0,0.055439999999999996,-0.179809,PHL,THA,6907
1975086,192,216,1416,2002,0.0,74920.0,1.481857,0.648889,SGP,THA,6907
1975087,226,216,1416,2002,0.0,1877.0,-1.189463,-0.48640600000000006,TZA,THA,6907
1975088,231,216,1416,2002,94453.0,0.0,1.821594,0.231296,USA,THA,6907
1975089,249,216,1416,2002,0.0,1079516.0,1.683858,1.333601,TWN,THA,6907
1975090,8,222,1416,2002,8083.0,0.0,0.284536,0.517425,ARG,TTO,6907
1975091,13,222,1416,2002,0.0,37199.0,0.958779,-0.56295,ATG,TTO,6907
1975092,29,222,1416,2002,11814.0,0.0,-0.246977,-0.731156,BLZ,TTO,6907
1975093,32,222,1416,2002,109570.0,0.0,0.677883,1.0227190000000002,BRA,TTO,6907
1975094,33,222,1416,2002,0.0,77719.0,0.762217,0.004367,BRB,TTO,6907
1975095,43,222,1416,2002,24775.0,0.0,0.576746,2.7995520000000003,CHN,TTO,6907
1975096,49,222,1416,2002,31511.0,0.0,0.345094,0.37787800000000005,COL,TTO,6907
1975097,61,222,1416,2002,7361.0,0.0,2.297691,-2.183239,DEU,TTO,6907
1975098,63,222,1416,2002,0.0,2387.0,0.196298,-0.129221,DMA,TTO,6907
1975099,71,222,1416,2002,178678.0,0.0,1.012246,2.049594,ESP,TTO,6907
1975100,77,222,1416,2002,0.0,16281.0,1.569367,0.9886360000000001,FRA,TTO,6907
1975101,81,222,1416,2002,26692.0,0.0,1.893177,0.831382,GBR,TTO,6907
1975102,91,222,1416,2002,0.0,57211.0,0.552833,-0.283761,GRD,TTO,6907
1975103,96,222,1416,2002,0.0,16809.0,-0.9485889999999999,-0.9086489999999999,GUY,TTO,6907
1975104,103,222,1416,2002,6920.0,0.0,-0.10020499999999999,1.590314,IDN,TTO,6907
1975105,111,222,1416,2002,107629.0,0.0,1.377604,1.2470510000000001,ITA,TTO,6907
1975106,112,222,1416,2002,0.0,3072.0,-0.604813,-0.9309860000000001,JAM,TTO,6907
1975107,120,222,1416,2002,0.0,3680.0,0.911442,-0.26164899999999996,KNA,TTO,6907
1975108,127,222,1416,2002,0.0,16114.0,0.14441700000000002,-0.38146599999999997,LCA,TTO,6907
1975109,153,222,1416,2002,81327.0,0.0,0.704957,0.243398,MYS,TTO,6907
1975110,179,222,1416,2002,9453.0,0.0,0.484407,1.6500080000000001,PRT,TTO,6907
1975111,231,222,1416,2002,55806.0,25552.0,1.821594,0.231296,USA,TTO,6907
1975112,234,222,1416,2002,0.0,22651.0,-0.340281,-0.661246,VCT,TTO,6907
1975113,236,222,1416,2002,29750.0,0.0,0.211536,-0.715675,VEN,TTO,6907
1975114,4,224,1416,2002,0.0,39890.0,-0.127828,-0.126857,ALB,TUR,6907
1975115,7,224,1416,2002,0.0,125956.0,0.044683,-0.247191,ARE,TUR,6907
1975116,14,224,1416,2002,0.0,2514.0,0.231386,0.771628,AUS,TUR,6907
1975117,15,224,1416,2002,0.0,1290.0,1.8651200000000001,0.48423900000000003,AUT,TUR,6907
1975118,16,224,1416,2002,0.0,105715.0,-0.41282299999999994,-0.967931,AZE,TUR,6907
1975119,18,224,1416,2002,0.0,162165.0,1.4097469999999999,1.440169,BEL,TUR,6907
1975120,23,224,1416,2002,0.0,155745.0,0.37451100000000004,1.573517,BGR,TUR,6907
1975121,28,224,1416,2002,0.0,15156.0,0.825865,1.0148979999999999,BLR,TUR,6907
1975122,39,224,1416,2002,0.0,307902.0,0.9963280000000001,1.1922110000000001,CAN,TUR,6907
1975123,41,224,1416,2002,0.0,42749.0,2.218095,0.620946,CHE,TUR,6907
1975124,43,224,1416,2002,133640.0,0.0,0.576746,2.7995520000000003,CHN,TUR,6907
1975125,58,224,1416,2002,0.0,155675.0,0.381391,0.40265,CYP,TUR,6907
1975126,61,224,1416,2002,112748.0,726984.0,2.297691,-2.183239,DEU,TUR,6907
1975127,64,224,1416,2002,0.0,306914.0,1.26594,1.225186,DNK,TUR,6907
1975128,71,224,1416,2002,143299.0,10972.0,1.012246,2.049594,ESP,TUR,6907
1975129,74,224,1416,2002,0.0,5420.0,2.0234240000000003,0.979141,FIN,TUR,6907
1975130,77,224,1416,2002,4168.0,126557.0,1.569367,0.9886360000000001,FRA,TUR,6907
1975131,81,224,1416,2002,0.0,456050.0,1.893177,0.831382,GBR,TUR,6907
1975132,82,224,1416,2002,0.0,66526.0,0.662382,-0.124825,GEO,TUR,6907
1975133,85,224,1416,2002,0.0,32653.0,-1.85329,-1.243105,GIN,TUR,6907
1975134,90,224,1416,2002,19897.0,298417.0,0.31858000000000003,1.47417,GRC,TUR,6907
1975135,97,224,1416,2002,0.0,25746.0,0.5701109999999999,1.989357,HKG,TUR,6907
1975136,102,224,1416,2002,0.0,90897.0,1.179684,1.0574860000000001,HUN,TUR,6907
1975137,106,224,1416,2002,5695.0,100456.0,1.7232880000000002,0.091172,IRL,TUR,6907
1975138,107,224,1416,2002,0.0,1258.0,-0.5707840000000001,-0.705612,IRN,TUR,6907
1975139,110,224,1416,2002,0.0,119829.0,1.334174,0.654331,ISR,TUR,6907
1975140,111,224,1416,2002,443095.0,336971.0,1.377604,1.2470510000000001,ITA,TUR,6907
1975141,113,224,1416,2002,0.0,41355.0,0.24197600000000002,0.196635,JOR,TUR,6907
1975142,115,224,1416,2002,0.0,124294.0,-0.065332,-0.616159,KAZ,TUR,6907
1975143,117,224,1416,2002,0.0,8938.0,0.081807,0.16872,KGZ,TUR,6907
1975144,126,224,1416,2002,0.0,7917.0,-0.568615,-1.172261,LBY,TUR,6907
1975145,130,224,1416,2002,0.0,2133.0,0.23102399999999998,0.586078,LTU,TUR,6907
1975146,134,224,1416,2002,0.0,26203.0,-0.810467,-0.34807899999999997,MAR,TUR,6907
1975147,135,224,1416,2002,0.0,74208.0,-0.186001,-0.141598,MDA,TUR,6907
1975148,140,224,1416,2002,0.0,1502.0,-0.030274000000000002,0.359317,MKD,TUR,6907
1975149,142,224,1416,2002,0.0,66868.0,1.12245,0.019001,MLT,TUR,6907
1975150,162,224,1416,2002,0.0,15239.0,1.206176,1.7136360000000002,NLD,TUR,6907
1975151,163,224,1416,2002,0.0,16482.0,1.110882,0.17164100000000002,NOR,TUR,6907
1975152,166,224,1416,2002,0.0,1167.0,0.542585,0.854243,NZL,TUR,6907
1975153,167,224,1416,2002,0.0,1670.0,-1.238769,-1.225841,OMN,TUR,6907
1975154,177,224,1416,2002,0.0,16602.0,0.931642,1.721727,POL,TUR,6907
1975155,179,224,1416,2002,20996.0,0.0,0.484407,1.6500080000000001,PRT,TUR,6907
1975156,183,224,1416,2002,0.0,2884.0,-0.306052,-1.098296,QAT,TUR,6907
1975157,185,224,1416,2002,0.0,74143.0,0.29888200000000004,0.980376,ROU,TUR,6907
1975158,186,224,1416,2002,0.0,333650.0,1.109397,0.424229,RUS,TUR,6907
1975159,188,224,1416,2002,0.0,69850.0,0.082107,-0.843317,SAU,TUR,6907
1975160,189,224,1416,2002,0.0,5935.0,0.55781,2.135925,SCG,TUR,6907
1975161,190,224,1416,2002,0.0,3807.0,-1.499925,-1.228374,SDN,TUR,6907
1975162,191,224,1416,2002,0.0,1099.0,-0.43679700000000005,-0.484176,SEN,TUR,6907
1975163,192,224,1416,2002,0.0,9853.0,1.481857,0.648889,SGP,TUR,6907
1975164,206,224,1416,2002,0.0,4099.0,1.1907379999999999,1.050649,SVK,TUR,6907
1975165,219,224,1416,2002,0.0,184363.0,-1.035248,-1.191624,TKM,TUR,6907
1975166,223,224,1416,2002,0.0,7213.0,-0.221951,0.325506,TUN,TUR,6907
1975167,228,224,1416,2002,0.0,486807.0,0.835485,0.872135,UKR,TUR,6907
1975168,231,224,1416,2002,0.0,457924.0,1.821594,0.231296,USA,TUR,6907
1975169,232,224,1416,2002,0.0,194790.0,-0.379765,-0.5965159999999999,UZB,TUR,6907
1975170,246,224,1416,2002,0.0,8169.0,0.395943,2.392458,ZAF,TUR,6907
1975171,249,224,1416,2002,7475.0,5638.0,1.683858,1.333601,TWN,TUR,6907
1975172,250,224,1416,2002,0.0,71125.0,0.734927,-0.40114099999999997,ANS,TUR,6907
1975173,8,230,1416,2002,133634.0,0.0,0.284536,0.517425,ARG,URY,6907
1975174,32,230,1416,2002,435848.0,0.0,0.677883,1.0227190000000002,BRA,URY,6907
1975175,43,230,1416,2002,7328.0,0.0,0.576746,2.7995520000000003,CHN,URY,6907
1975176,71,230,1416,2002,62044.0,0.0,1.012246,2.049594,ESP,URY,6907
1975177,83,230,1416,2002,0.0,484.0,-1.333425,-1.0709879999999998,GHA,URY,6907
1975178,111,230,1416,2002,36823.0,0.0,1.377604,1.2470510000000001,ITA,URY,6907
1975179,180,230,1416,2002,1378.0,0.0,-0.614282,-0.963832,PRY,URY,6907
1975180,231,230,1416,2002,5920.0,100956.0,1.821594,0.231296,USA,URY,6907
1975181,3,231,1416,2002,0.0,7508.0,1.801822,0.172557,AIA,USA,6907
1975182,6,231,1416,2002,0.0,9325.0,0.346519,-0.631549,ANT,USA,6907
1975183,7,231,1416,2002,28803.0,0.0,0.044683,-0.247191,ARE,USA,6907
1975184,8,231,1416,2002,4540045.0,1723.0,0.284536,0.517425,ARG,USA,6907
1975185,13,231,1416,2002,0.0,9694.0,0.958779,-0.56295,ATG,USA,6907
1975186,14,231,1416,2002,41447.0,75328.0,0.231386,0.771628,AUS,USA,6907
1975187,15,231,1416,2002,0.0,5382.0,1.8651200000000001,0.48423900000000003,AUT,USA,6907
1975188,18,231,1416,2002,257926.0,0.0,1.4097469999999999,1.440169,BEL,USA,6907
1975189,24,231,1416,2002,0.0,5955.0,-0.146585,-1.006558,BHR,USA,6907
1975190,25,231,1416,2002,0.0,162975.0,0.641626,-0.37892800000000004,BHS,USA,6907
1975191,30,231,1416,2002,0.0,45794.0,1.129,-0.476633,BMU,USA,6907
1975192,31,231,1416,2002,9946.0,9098.0,-0.885342,-0.819517,BOL,USA,6907
1975193,32,231,1416,2002,815275.0,1111.0,0.677883,1.0227190000000002,BRA,USA,6907
1975194,33,231,1416,2002,0.0,21795.0,0.762217,0.004367,BRB,USA,6907
1975195,39,231,1416,2002,777900.0,6117027.0,0.9963280000000001,1.1922110000000001,CAN,USA,6907
1975196,41,231,1416,2002,0.0,24888.0,2.218095,0.620946,CHE,USA,6907
1975197,42,231,1416,2002,0.0,153734.0,-0.035264,-0.101796,CHL,USA,6907
1975198,43,231,1416,2002,391304.0,806108.0,0.576746,2.7995520000000003,CHN,USA,6907
1975199,45,231,1416,2002,0.0,3677.0,-1.114477,-1.0516510000000001,CMR,USA,6907
1975200,49,231,1416,2002,2020155.0,19285.0,0.345094,0.37787800000000005,COL,USA,6907
1975201,51,231,1416,2002,0.0,4191.0,-0.29720100000000005,-0.703051,CPV,USA,6907
1975202,52,231,1416,2002,0.0,9844.0,0.03619,-0.187718,CRI,USA,6907
1975203,57,231,1416,2002,0.0,14151.0,0.7098220000000001,-0.633359,CYM,USA,6907
1975204,58,231,1416,2002,0.0,1775.0,0.381391,0.40265,CYP,USA,6907
1975205,59,231,1416,2002,405844.0,0.0,1.550713,1.037066,CZE,USA,6907
1975206,61,231,1416,2002,1569953.0,21675.0,2.297691,-2.183239,DEU,USA,6907
1975207,63,231,1416,2002,0.0,1433.0,0.196298,-0.129221,DMA,USA,6907
1975208,65,231,1416,2002,34522.0,14206.0,-0.46284899999999995,-0.39210100000000003,DOM,USA,6907
1975209,67,231,1416,2002,23364.0,13264.0,-0.976218,-0.926393,ECU,USA,6907
1975210,71,231,1416,2002,4358765.0,7098.0,1.012246,2.049594,ESP,USA,6907
1975211,74,231,1416,2002,20938.0,15948.0,2.0234240000000003,0.979141,FIN,USA,6907
1975212,75,231,1416,2002,0.0,3492.0,-0.588136,-0.242883,FJI,USA,6907
1975213,77,231,1416,2002,2441999.0,51218.0,1.569367,0.9886360000000001,FRA,USA,6907
1975214,81,231,1416,2002,607764.0,95911.0,1.893177,0.831382,GBR,USA,6907
1975215,83,231,1416,2002,0.0,8862.0,-1.333425,-1.0709879999999998,GHA,USA,6907
1975216,91,231,1416,2002,0.0,38393.0,0.552833,-0.283761,GRD,USA,6907
1975217,93,231,1416,2002,0.0,7137.0,-0.548834,-0.034464999999999996,GTM,USA,6907
1975218,96,231,1416,2002,0.0,24784.0,-0.9485889999999999,-0.9086489999999999,GUY,USA,6907
1975219,97,231,1416,2002,9487.0,9121.0,0.5701109999999999,1.989357,HKG,USA,6907
1975220,99,231,1416,2002,0.0,12920.0,-0.877043,-0.658185,HND,USA,6907
1975221,101,231,1416,2002,0.0,47721.0,-1.220251,-0.8176859999999999,HTI,USA,6907
1975222,102,231,1416,2002,960.0,0.0,1.179684,1.0574860000000001,HUN,USA,6907
1975223,103,231,1416,2002,1281170.0,37855.0,-0.10020499999999999,1.590314,IDN,USA,6907
1975224,104,231,1416,2002,23444.0,0.0,0.380867,2.608955,IND,USA,6907
1975225,106,231,1416,2002,3665.0,68875.0,1.7232880000000002,0.091172,IRL,USA,6907
1975226,110,231,1416,2002,19205.0,43094.0,1.334174,0.654331,ISR,USA,6907
1975227,111,231,1416,2002,186552769.0,139728.0,1.377604,1.2470510000000001,ITA,USA,6907
1975228,112,231,1416,2002,0.0,142350.0,-0.604813,-0.9309860000000001,JAM,USA,6907
1975229,113,231,1416,2002,4958.0,0.0,0.24197600000000002,0.196635,JOR,USA,6907
1975230,114,231,1416,2002,69559.0,513871.0,2.556057,0.497673,JPN,USA,6907
1975231,115,231,1416,2002,0.0,24360.0,-0.065332,-0.616159,KAZ,USA,6907
1975232,120,231,1416,2002,908.0,11428.0,0.911442,-0.26164899999999996,KNA,USA,6907
1975233,121,231,1416,2002,58801.0,305822.0,1.186816,1.075947,KOR,USA,6907
1975234,124,231,1416,2002,2194.0,1921.0,0.2729,1.254232,LBN,USA,6907
1975235,127,231,1416,2002,0.0,113530.0,0.14441700000000002,-0.38146599999999997,LCA,USA,6907
1975236,128,231,1416,2002,30830.0,0.0,-0.740927,0.023171,LKA,USA,6907
1975237,130,231,1416,2002,24424.0,0.0,0.23102399999999998,0.586078,LTU,USA,6907
1975238,133,231,1416,2002,18661.0,0.0,-0.360172,-0.359367,MAC,USA,6907
1975239,134,231,1416,2002,18979.0,0.0,-0.810467,-0.34807899999999997,MAR,USA,6907
1975240,138,231,1416,2002,8282108.0,461798.0,0.942061,0.6311260000000001,MEX,USA,6907
1975241,147,231,1416,2002,0.0,2139.0,-0.947259,-1.047883,MOZ,USA,6907
1975242,151,231,1416,2002,0.0,2400.0,-0.37937600000000005,-0.388848,MUS,USA,6907
1975243,153,231,1416,2002,339880.0,26940.0,0.704957,0.243398,MYS,USA,6907
1975244,157,231,1416,2002,0.0,3406.0,-0.344562,-0.304996,NER,USA,6907
1975245,159,231,1416,2002,0.0,115695.0,-1.8315700000000001,-1.25171,NGA,USA,6907
1975246,160,231,1416,2002,13850.0,12304.0,-0.677398,-0.564472,NIC,USA,6907
1975247,162,231,1416,2002,1019086.0,4702.0,1.206176,1.7136360000000002,NLD,USA,6907
1975248,163,231,1416,2002,0.0,40903.0,1.110882,0.17164100000000002,NOR,USA,6907
1975249,166,231,1416,2002,85784.0,9767.0,0.542585,0.854243,NZL,USA,6907
1975250,169,231,1416,2002,0.0,20167.0,0.134759,0.234258,PAN,USA,6907
1975251,173,231,1416,2002,6930.0,69374.0,-0.6126199999999999,0.085944,PER,USA,6907
1975252,174,231,1416,2002,7293.0,0.0,0.055439999999999996,-0.179809,PHL,USA,6907
1975253,176,231,1416,2002,0.0,7202.0,-1.4572319999999999,-1.159399,PNG,USA,6907
1975254,177,231,1416,2002,67674.0,0.0,0.931642,1.721727,POL,USA,6907
1975255,179,231,1416,2002,362022.0,0.0,0.484407,1.6500080000000001,PRT,USA,6907
1975256,182,231,1416,2002,0.0,17531.0,0.042936,-0.7421840000000001,PYF,USA,6907
1975257,183,231,1416,2002,0.0,9234.0,-0.306052,-1.098296,QAT,USA,6907
1975258,186,231,1416,2002,0.0,2514.0,1.109397,0.424229,RUS,USA,6907
1975259,188,231,1416,2002,0.0,67572.0,0.082107,-0.843317,SAU,USA,6907
1975260,192,231,1416,2002,43498.0,0.0,1.481857,0.648889,SGP,USA,6907
1975261,197,231,1416,2002,0.0,89391.0,-0.280138,-0.099225,SLV,USA,6907
1975262,205,231,1416,2002,0.0,26018.0,-0.9120030000000001,-0.8871020000000001,SUR,USA,6907
1975263,206,231,1416,2002,89789.0,0.0,1.1907379999999999,1.050649,SVK,USA,6907
1975264,208,231,1416,2002,15699.0,0.0,2.128614,0.7891199999999999,SWE,USA,6907
1975265,211,231,1416,2002,0.0,1017.0,-0.977247,-0.927527,SYC,USA,6907
1975266,213,231,1416,2002,0.0,12259.0,0.823909,0.075611,TCA,USA,6907
1975267,216,231,1416,2002,0.0,94453.0,0.432041,1.627953,THA,USA,6907
1975268,222,231,1416,2002,25552.0,55806.0,0.074907,-0.8203879999999999,TTO,USA,6907
1975269,223,231,1416,2002,2872.0,0.0,-0.221951,0.325506,TUN,USA,6907
1975270,224,231,1416,2002,457924.0,0.0,0.11263699999999999,1.83925,TUR,USA,6907
1975271,226,231,1416,2002,0.0,9455.0,-1.189463,-0.48640600000000006,TZA,USA,6907
1975272,230,231,1416,2002,100956.0,5920.0,0.300502,0.16817000000000001,URY,USA,6907
1975273,234,231,1416,2002,0.0,30810.0,-0.340281,-0.661246,VCT,USA,6907
1975274,236,231,1416,2002,158810.0,21372.0,0.211536,-0.715675,VEN,USA,6907
1975275,239,231,1416,2002,35299.0,0.0,-0.589665,0.799874,VNM,USA,6907
1975276,246,231,1416,2002,3383.0,7517.0,0.395943,2.392458,ZAF,USA,6907
1975277,249,231,1416,2002,42873.0,25505.0,1.683858,1.333601,TWN,USA,6907
1975278,6,236,1416,2002,0.0,7570.0,0.346519,-0.631549,ANT,VEN,6907
1975279,7,236,1416,2002,16043.0,0.0,0.044683,-0.247191,ARE,VEN,6907
1975280,8,236,1416,2002,10592.0,0.0,0.284536,0.517425,ARG,VEN,6907
1975281,32,236,1416,2002,12847.0,0.0,0.677883,1.0227190000000002,BRA,VEN,6907
1975282,33,236,1416,2002,0.0,5594.0,0.762217,0.004367,BRB,VEN,6907
1975283,39,236,1416,2002,0.0,9152.0,0.9963280000000001,1.1922110000000001,CAN,VEN,6907
1975284,43,236,1416,2002,280093.0,0.0,0.576746,2.7995520000000003,CHN,VEN,6907
1975285,49,236,1416,2002,1858345.0,6902.0,0.345094,0.37787800000000005,COL,VEN,6907
1975286,52,236,1416,2002,0.0,4201.0,0.03619,-0.187718,CRI,VEN,6907
1975287,61,236,1416,2002,3405.0,0.0,2.297691,-2.183239,DEU,VEN,6907
1975288,63,236,1416,2002,0.0,8288.0,0.196298,-0.129221,DMA,VEN,6907
1975289,65,236,1416,2002,0.0,1429.0,-0.46284899999999995,-0.39210100000000003,DOM,VEN,6907
1975290,71,236,1416,2002,362962.0,0.0,1.012246,2.049594,ESP,VEN,6907
1975291,91,236,1416,2002,0.0,5056.0,0.552833,-0.283761,GRD,VEN,6907
1975292,96,236,1416,2002,0.0,3476.0,-0.9485889999999999,-0.9086489999999999,GUY,VEN,6907
1975293,111,236,1416,2002,213609.0,21259.0,1.377604,1.2470510000000001,ITA,VEN,6907
1975294,153,236,1416,2002,76199.0,0.0,0.704957,0.243398,MYS,VEN,6907
1975295,179,236,1416,2002,67379.0,0.0,0.484407,1.6500080000000001,PRT,VEN,6907
1975296,222,236,1416,2002,0.0,29750.0,0.074907,-0.8203879999999999,TTO,VEN,6907
1975297,231,236,1416,2002,21372.0,158810.0,1.821594,0.231296,USA,VEN,6907
1975298,14,239,1416,2002,0.0,70376.0,0.231386,0.771628,AUS,VNM,6907
1975299,34,239,1416,2002,0.0,7049.0,-1.7894169999999998,-1.034672,BRN,VNM,6907
1975300,43,239,1416,2002,836361.0,0.0,0.576746,2.7995520000000003,CHN,VNM,6907
1975301,52,239,1416,2002,0.0,12422.0,0.03619,-0.187718,CRI,VNM,6907
1975302,61,239,1416,2002,195955.0,1519.0,2.297691,-2.183239,DEU,VNM,6907
1975303,67,239,1416,2002,0.0,4037.0,-0.976218,-0.926393,ECU,VNM,6907
1975304,71,239,1416,2002,29587.0,0.0,1.012246,2.049594,ESP,VNM,6907
1975305,77,239,1416,2002,16824.0,18323.0,1.569367,0.9886360000000001,FRA,VNM,6907
1975306,83,239,1416,2002,0.0,6364.0,-1.333425,-1.0709879999999998,GHA,VNM,6907
1975307,97,239,1416,2002,0.0,50640.0,0.5701109999999999,1.989357,HKG,VNM,6907
1975308,106,239,1416,2002,0.0,5997.0,1.7232880000000002,0.091172,IRL,VNM,6907
1975309,108,239,1416,2002,0.0,597650.0,-0.397477,-0.811214,IRQ,VNM,6907
1975310,114,239,1416,2002,0.0,98151.0,2.556057,0.497673,JPN,VNM,6907
1975311,118,239,1416,2002,0.0,223392.0,-1.231783,-1.1518700000000002,KHM,VNM,6907
1975312,121,239,1416,2002,69406.0,317123.0,1.186816,1.075947,KOR,VNM,6907
1975313,143,239,1416,2002,0.0,82266.0,-1.571568,-1.131512,MMR,VNM,6907
1975314,151,239,1416,2002,0.0,10446.0,-0.37937600000000005,-0.388848,MUS,VNM,6907
1975315,153,239,1416,2002,2568.0,65383.0,0.704957,0.243398,MYS,VNM,6907
1975316,162,239,1416,2002,0.0,11870.0,1.206176,1.7136360000000002,NLD,VNM,6907
1975317,166,239,1416,2002,0.0,2807.0,0.542585,0.854243,NZL,VNM,6907
1975318,174,239,1416,2002,0.0,875883.0,0.055439999999999996,-0.179809,PHL,VNM,6907
1975319,186,239,1416,2002,0.0,33634.0,1.109397,0.424229,RUS,VNM,6907
1975320,192,239,1416,2002,11146.0,73120.0,1.481857,0.648889,SGP,VNM,6907
1975321,228,239,1416,2002,0.0,14830.0,0.835485,0.872135,UKR,VNM,6907
1975322,231,239,1416,2002,0.0,35299.0,1.821594,0.231296,USA,VNM,6907
1975323,249,239,1416,2002,2813.0,1603350.0,1.683858,1.333601,TWN,VNM,6907
1975324,2,246,1416,2002,0.0,96442.0,-2.018135,-1.222751,AGO,ZAF,6907
1975325,7,246,1416,2002,0.0,13470.0,0.044683,-0.247191,ARE,ZAF,6907
1975326,8,246,1416,2002,7657.0,0.0,0.284536,0.517425,ARG,ZAF,6907
1975327,14,246,1416,2002,0.0,3594.0,0.231386,0.771628,AUS,ZAF,6907
1975328,32,246,1416,2002,176082.0,0.0,0.677883,1.0227190000000002,BRA,ZAF,6907
1975329,37,246,1416,2002,638.0,350744.0,-0.14025,-1.018399,BWA,ZAF,6907
1975330,43,246,1416,2002,303182.0,0.0,0.576746,2.7995520000000003,CHN,ZAF,6907
1975331,46,246,1416,2002,0.0,23303.0,-1.2657370000000001,-1.108659,COD,ZAF,6907
1975332,47,246,1416,2002,0.0,2823.0,-1.62227,-1.202067,COG,ZAF,6907
1975333,58,246,1416,2002,0.0,4534.0,0.381391,0.40265,CYP,ZAF,6907
1975334,61,246,1416,2002,8678.0,0.0,2.297691,-2.183239,DEU,ZAF,6907
1975335,65,246,1416,2002,0.0,2869.0,-0.46284899999999995,-0.39210100000000003,DOM,ZAF,6907
1975336,71,246,1416,2002,96674.0,0.0,1.012246,2.049594,ESP,ZAF,6907
1975337,77,246,1416,2002,69859.0,0.0,1.569367,0.9886360000000001,FRA,ZAF,6907
1975338,80,246,1416,2002,0.0,34839.0,-0.830094,-1.149233,GAB,ZAF,6907
1975339,81,246,1416,2002,9519.0,2098.0,1.893177,0.831382,GBR,ZAF,6907
1975340,83,246,1416,2002,0.0,4892.0,-1.333425,-1.0709879999999998,GHA,ZAF,6907
1975341,90,246,1416,2002,4834.0,0.0,0.31858000000000003,1.47417,GRC,ZAF,6907
1975342,97,246,1416,2002,21015.0,0.0,0.5701109999999999,1.989357,HKG,ZAF,6907
1975343,103,246,1416,2002,39188.0,0.0,-0.10020499999999999,1.590314,IDN,ZAF,6907
1975344,104,246,1416,2002,21607.0,8183.0,0.380867,2.608955,IND,ZAF,6907
1975345,111,246,1416,2002,4935670.0,0.0,1.377604,1.2470510000000001,ITA,ZAF,6907
1975346,114,246,1416,2002,0.0,35384.0,2.556057,0.497673,JPN,ZAF,6907
1975347,116,246,1416,2002,0.0,9200.0,-0.555812,0.169204,KEN,ZAF,6907
1975348,129,246,1416,2002,0.0,6111.0,-1.342265,-1.057032,LSO,ZAF,6907
1975349,147,246,1416,2002,0.0,47951.0,-0.947259,-1.047883,MOZ,ZAF,6907
1975350,151,246,1416,2002,0.0,23102.0,-0.37937600000000005,-0.388848,MUS,ZAF,6907
1975351,152,246,1416,2002,0.0,42738.0,-1.441416,-1.214651,MWI,ZAF,6907
1975352,153,246,1416,2002,98266.0,0.0,0.704957,0.243398,MYS,ZAF,6907
1975353,155,246,1416,2002,0.0,96027.0,-0.314161,-0.521778,NAM,ZAF,6907
1975354,159,246,1416,2002,0.0,23219.0,-1.8315700000000001,-1.25171,NGA,ZAF,6907
1975355,173,246,1416,2002,0.0,8244.0,-0.6126199999999999,0.085944,PER,ZAF,6907
1975356,179,246,1416,2002,267943.0,0.0,0.484407,1.6500080000000001,PRT,ZAF,6907
1975357,208,246,1416,2002,29516.0,0.0,2.128614,0.7891199999999999,SWE,ZAF,6907
1975358,209,246,1416,2002,73.0,59094.0,0.49801599999999996,-0.139709,SWZ,ZAF,6907
1975359,211,246,1416,2002,0.0,17855.0,-0.977247,-0.927527,SYC,ZAF,6907
1975360,224,246,1416,2002,8169.0,0.0,0.11263699999999999,1.83925,TUR,ZAF,6907
1975361,226,246,1416,2002,0.0,23790.0,-1.189463,-0.48640600000000006,TZA,ZAF,6907
1975362,227,246,1416,2002,0.0,2543.0,-1.038337,-0.896425,UGA,ZAF,6907
1975363,231,246,1416,2002,7517.0,3383.0,1.821594,0.231296,USA,ZAF,6907
1975364,247,246,1416,2002,0.0,56563.0,-0.654686,-0.545346,ZMB,ZAF,6907
1975365,248,246,1416,2002,0.0,68537.0,-0.309483,0.271457,ZWE,ZAF,6907
1975366,249,246,1416,2002,0.0,15885.0,1.683858,1.333601,TWN,ZAF,6907
1975367,7,249,1416,2002,445611.0,0.0,0.044683,-0.247191,ARE,TWN,6907
1975368,14,249,1416,2002,166588.0,187817.0,0.231386,0.771628,AUS,TWN,6907
1975369,22,249,1416,2002,0.0,938.0,-1.134933,-1.061633,BGD,TWN,6907
1975370,34,249,1416,2002,0.0,9783.0,-1.7894169999999998,-1.034672,BRN,TWN,6907
1975371,43,249,1416,2002,2088216.0,191038.0,0.576746,2.7995520000000003,CHN,TWN,6907
1975372,49,249,1416,2002,33449.0,0.0,0.345094,0.37787800000000005,COL,TWN,6907
1975373,51,249,1416,2002,0.0,139.0,-0.29720100000000005,-0.703051,CPV,TWN,6907
1975374,61,249,1416,2002,327700.0,0.0,2.297691,-2.183239,DEU,TWN,6907
1975375,67,249,1416,2002,0.0,57013.0,-0.976218,-0.926393,ECU,TWN,6907
1975376,71,249,1416,2002,285621.0,0.0,1.012246,2.049594,ESP,TWN,6907
1975377,75,249,1416,2002,0.0,9065.0,-0.588136,-0.242883,FJI,TWN,6907
1975378,79,249,1416,2002,0.0,3255.0,-1.511888,-1.054948,FSM,TWN,6907
1975379,81,249,1416,2002,0.0,2731.0,1.893177,0.831382,GBR,TWN,6907
1975380,90,249,1416,2002,18814.0,0.0,0.31858000000000003,1.47417,GRC,TWN,6907
1975381,97,249,1416,2002,0.0,307666.0,0.5701109999999999,1.989357,HKG,TWN,6907
1975382,103,249,1416,2002,408456.0,15042.0,-0.10020499999999999,1.590314,IDN,TWN,6907
1975383,104,249,1416,2002,318209.0,0.0,0.380867,2.608955,IND,TWN,6907
1975384,110,249,1416,2002,0.0,2992.0,1.334174,0.654331,ISR,TWN,6907
1975385,111,249,1416,2002,2508546.0,0.0,1.377604,1.2470510000000001,ITA,TWN,6907
1975386,114,249,1416,2002,1335071.0,277566.0,2.556057,0.497673,JPN,TWN,6907
1975387,121,249,1416,2002,1031863.0,0.0,1.186816,1.075947,KOR,TWN,6907
1975388,141,249,1416,2002,0.0,241.0,-0.8948520000000001,-0.863375,MLI,TWN,6907
1975389,147,249,1416,2002,0.0,3676.0,-0.947259,-1.047883,MOZ,TWN,6907
1975390,153,249,1416,2002,2281856.0,13576.0,0.704957,0.243398,MYS,TWN,6907
1975391,159,249,1416,2002,0.0,107137.0,-1.8315700000000001,-1.25171,NGA,TWN,6907
1975392,166,249,1416,2002,17594.0,0.0,0.542585,0.854243,NZL,TWN,6907
1975393,174,249,1416,2002,0.0,110770.0,0.055439999999999996,-0.179809,PHL,TWN,6907
1975394,179,249,1416,2002,9797.0,0.0,0.484407,1.6500080000000001,PRT,TWN,6907
1975395,188,249,1416,2002,0.0,9910.0,0.082107,-0.843317,SAU,TWN,6907
1975396,190,249,1416,2002,0.0,2124.0,-1.499925,-1.228374,SDN,TWN,6907
1975397,192,249,1416,2002,7373.0,19555.0,1.481857,0.648889,SGP,TWN,6907
1975398,216,249,1416,2002,1079516.0,0.0,0.432041,1.627953,THA,TWN,6907
1975399,221,249,1416,2002,0.0,5011.0,-1.6186639999999999,-1.011606,TON,TWN,6907
1975400,224,249,1416,2002,5638.0,7475.0,0.11263699999999999,1.83925,TUR,TWN,6907
1975401,231,249,1416,2002,25505.0,42873.0,1.821594,0.231296,USA,TWN,6907
1975402,239,249,1416,2002,1603350.0,2813.0,-0.589665,0.799874,VNM,TWN,6907
1975403,246,249,1416,2002,15885.0,0.0,0.395943,2.392458,ZAF,TWN,6907
1975404,8,7,1416,2002,0.0,31397.0,0.284536,0.517425,ARG,ARE,6907
1975405,15,7,1416,2002,0.0,28932.0,1.8651200000000001,0.48423900000000003,AUT,ARE,6907
1975406,17,7,1416,2002,0.0,40626.0,-0.333602,-0.648837,BDI,ARE,6907
1975407,18,7,1416,2002,0.0,27027.0,1.4097469999999999,1.440169,BEL,ARE,6907
1975408,19,7,1416,2002,0.0,48657.0,-0.724829,-0.705625,BEN,ARE,6907
1975409,21,7,1416,2002,0.0,693.0,-0.477813,-0.647148,BFA,ARE,6907
1975410,22,7,1416,2002,0.0,25477.0,-1.134933,-1.061633,BGD,ARE,6907
1975411,23,7,1416,2002,0.0,5977.0,0.37451100000000004,1.573517,BGR,ARE,6907
1975412,24,7,1416,2002,0.0,3279.0,-0.146585,-1.006558,BHR,ARE,6907
1975413,34,7,1416,2002,0.0,1340.0,-1.7894169999999998,-1.034672,BRN,ARE,6907
1975414,41,7,1416,2002,0.0,10887.0,2.218095,0.620946,CHE,ARE,6907
1975415,42,7,1416,2002,0.0,321686.0,-0.035264,-0.101796,CHL,ARE,6907
1975416,43,7,1416,2002,3976107.0,3963.0,0.576746,2.7995520000000003,CHN,ARE,6907
1975417,44,7,1416,2002,0.0,554928.0,-0.816327,-0.711765,CIV,ARE,6907
1975418,45,7,1416,2002,0.0,2706.0,-1.114477,-1.0516510000000001,CMR,ARE,6907
1975419,49,7,1416,2002,0.0,230380.0,0.345094,0.37787800000000005,COL,ARE,6907
1975420,50,7,1416,2002,0.0,13429.0,-0.95335,-0.916942,COM,ARE,6907
1975421,59,7,1416,2002,0.0,4575.0,1.550713,1.037066,CZE,ARE,6907
1975422,61,7,1416,2002,827967.0,3376992.0,2.297691,-2.183239,DEU,ARE,6907
1975423,67,7,1416,2002,0.0,10282.0,-0.976218,-0.926393,ECU,ARE,6907
1975424,71,7,1416,2002,269047.0,16243.0,1.012246,2.049594,ESP,ARE,6907
1975425,73,7,1416,2002,0.0,370395.0,-1.096371,-0.9566709999999999,ETH,ARE,6907
1975426,77,7,1416,2002,74515.0,806721.0,1.569367,0.9886360000000001,FRA,ARE,6907
1975427,81,7,1416,2002,61336.0,0.0,1.893177,0.831382,GBR,ARE,6907
1975428,82,7,1416,2002,0.0,41030.0,0.662382,-0.124825,GEO,ARE,6907
1975429,83,7,1416,2002,0.0,35797.0,-1.333425,-1.0709879999999998,GHA,ARE,6907
1975430,85,7,1416,2002,0.0,21411.0,-1.85329,-1.243105,GIN,ARE,6907
1975431,97,7,1416,2002,27524.0,672758.0,0.5701109999999999,1.989357,HKG,ARE,6907
1975432,100,7,1416,2002,0.0,20359.0,0.591276,1.030723,HRV,ARE,6907
1975433,104,7,1416,2002,101904.0,846537.0,0.380867,2.608955,IND,ARE,6907
1975434,107,7,1416,2002,0.0,459675.0,-0.5707840000000001,-0.705612,IRN,ARE,6907
1975435,111,7,1416,2002,8431637.0,13634.0,1.377604,1.2470510000000001,ITA,ARE,6907
1975436,114,7,1416,2002,104201.0,0.0,2.556057,0.497673,JPN,ARE,6907
1975437,115,7,1416,2002,0.0,6874.0,-0.065332,-0.616159,KAZ,ARE,6907
1975438,116,7,1416,2002,0.0,7471.0,-0.555812,0.169204,KEN,ARE,6907
1975439,121,7,1416,2002,0.0,40583.0,1.186816,1.075947,KOR,ARE,6907
1975440,128,7,1416,2002,0.0,23754.0,-0.740927,0.023171,LKA,ARE,6907
1975441,135,7,1416,2002,0.0,14293.0,-0.186001,-0.141598,MDA,ARE,6907
1975442,137,7,1416,2002,0.0,10934.0,-1.3007440000000001,-1.0420120000000002,MDV,ARE,6907
1975443,138,7,1416,2002,0.0,48338.0,0.942061,0.6311260000000001,MEX,ARE,6907
1975444,141,7,1416,2002,0.0,47885.0,-0.8948520000000001,-0.863375,MLI,ARE,6907
1975445,148,7,1416,2002,0.0,51988.0,-1.27671,-1.218472,MRT,ARE,6907
1975446,151,7,1416,2002,0.0,81051.0,-0.37937600000000005,-0.388848,MUS,ARE,6907
1975447,152,7,1416,2002,0.0,1397.0,-1.441416,-1.214651,MWI,ARE,6907
1975448,153,7,1416,2002,490138.0,0.0,0.704957,0.243398,MYS,ARE,6907
1975449,154,7,1416,2002,0.0,12575.0,0.34587399999999996,-0.537626,MYT,ARE,6907
1975450,163,7,1416,2002,0.0,30278.0,1.110882,0.17164100000000002,NOR,ARE,6907
1975451,167,7,1416,2002,2330.0,255662.0,-1.238769,-1.225841,OMN,ARE,6907
1975452,174,7,1416,2002,0.0,34044.0,0.055439999999999996,-0.179809,PHL,ARE,6907
1975453,179,7,1416,2002,141047.0,0.0,0.484407,1.6500080000000001,PRT,ARE,6907
1975454,183,7,1416,2002,690.0,410627.0,-0.306052,-1.098296,QAT,ARE,6907
1975455,186,7,1416,2002,0.0,315078.0,1.109397,0.424229,RUS,ARE,6907
1975456,187,7,1416,2002,0.0,27736.0,-0.553848,-0.757714,RWA,ARE,6907
1975457,188,7,1416,2002,35733.0,203999.0,0.082107,-0.843317,SAU,ARE,6907
1975458,190,7,1416,2002,0.0,276610.0,-1.499925,-1.228374,SDN,ARE,6907
1975459,192,7,1416,2002,0.0,16353.0,1.481857,0.648889,SGP,ARE,6907
1975460,208,7,1416,2002,0.0,29233.0,2.128614,0.7891199999999999,SWE,ARE,6907
1975461,224,7,1416,2002,125956.0,0.0,0.11263699999999999,1.83925,TUR,ARE,6907
1975462,226,7,1416,2002,0.0,57271.0,-1.189463,-0.48640600000000006,TZA,ARE,6907
1975463,227,7,1416,2002,0.0,66447.0,-1.038337,-0.896425,UGA,ARE,6907
1975464,228,7,1416,2002,0.0,8792.0,0.835485,0.872135,UKR,ARE,6907
1975465,231,7,1416,2002,0.0,28803.0,1.821594,0.231296,USA,ARE,6907
1975466,236,7,1416,2002,0.0,16043.0,0.211536,-0.715675,VEN,ARE,6907
1975467,246,7,1416,2002,13470.0,0.0,0.395943,2.392458,ZAF,ARE,6907
1975468,247,7,1416,2002,0.0,9902.0,-0.654686,-0.545346,ZMB,ARE,6907
1975469,249,7,1416,2002,0.0,445611.0,1.683858,1.333601,TWN,ARE,6907
1975470,8,14,1416,2002,176709.0,0.0,0.284536,0.517425,ARG,AUS,6907
1975471,10,14,1416,2002,0.0,8128.0,1.207516,0.092848,ASM,AUS,6907
1975472,18,14,1416,2002,6209.0,0.0,1.4097469999999999,1.440169,BEL,AUS,6907
1975473,32,14,1416,2002,471254.0,0.0,0.677883,1.0227190000000002,BRA,AUS,6907
1975474,43,14,1416,2002,1374645.0,243451.0,0.576746,2.7995520000000003,CHN,AUS,6907
1975475,54,14,1416,2002,0.0,19967.0,-0.479213,-0.951203,CUB,AUS,6907
1975476,56,14,1416,2002,0.0,1031.0,0.46379,-0.7096319999999999,CXR,AUS,6907
1975477,61,14,1416,2002,949077.0,10223.0,2.297691,-2.183239,DEU,AUS,6907
1975478,71,14,1416,2002,631920.0,4523.0,1.012246,2.049594,ESP,AUS,6907
1975479,75,14,1416,2002,0.0,25641.0,-0.588136,-0.242883,FJI,AUS,6907
1975480,77,14,1416,2002,944227.0,0.0,1.569367,0.9886360000000001,FRA,AUS,6907
1975481,81,14,1416,2002,38335.0,76452.0,1.893177,0.831382,GBR,AUS,6907
1975482,90,14,1416,2002,33811.0,0.0,0.31858000000000003,1.47417,GRC,AUS,6907
1975483,97,14,1416,2002,2086.0,858081.0,0.5701109999999999,1.989357,HKG,AUS,6907
1975484,103,14,1416,2002,360755.0,64766.0,-0.10020499999999999,1.590314,IDN,AUS,6907
1975485,104,14,1416,2002,44096.0,11123.0,0.380867,2.608955,IND,AUS,6907
1975486,111,14,1416,2002,23929925.0,0.0,1.377604,1.2470510000000001,ITA,AUS,6907
1975487,114,14,1416,2002,304678.0,3846312.0,2.556057,0.497673,JPN,AUS,6907
1975488,121,14,1416,2002,0.0,727464.0,1.186816,1.075947,KOR,AUS,6907
1975489,128,14,1416,2002,162025.0,0.0,-0.740927,0.023171,LKA,AUS,6907
1975490,133,14,1416,2002,0.0,884.0,-0.360172,-0.359367,MAC,AUS,6907
1975491,134,14,1416,2002,18401.0,0.0,-0.810467,-0.34807899999999997,MAR,AUS,6907
1975492,137,14,1416,2002,0.0,10546.0,-1.3007440000000001,-1.0420120000000002,MDV,AUS,6907
1975493,138,14,1416,2002,44989.0,0.0,0.942061,0.6311260000000001,MEX,AUS,6907
1975494,151,14,1416,2002,0.0,17926.0,-0.37937600000000005,-0.388848,MUS,AUS,6907
1975495,153,14,1416,2002,1150713.0,14265.0,0.704957,0.243398,MYS,AUS,6907
1975496,156,14,1416,2002,0.0,100480.0,-0.292646,-0.823263,NCL,AUS,6907
1975497,162,14,1416,2002,32456.0,0.0,1.206176,1.7136360000000002,NLD,AUS,6907
1975498,166,14,1416,2002,50949.0,589231.0,0.542585,0.854243,NZL,AUS,6907
1975499,174,14,1416,2002,4279.0,12463.0,0.055439999999999996,-0.179809,PHL,AUS,6907
1975500,176,14,1416,2002,0.0,31292.0,-1.4572319999999999,-1.159399,PNG,AUS,6907
1975501,179,14,1416,2002,328479.0,8725.0,0.484407,1.6500080000000001,PRT,AUS,6907
1975502,182,14,1416,2002,0.0,2385.0,0.042936,-0.7421840000000001,PYF,AUS,6907
1975503,183,14,1416,2002,0.0,1108.0,-0.306052,-1.098296,QAT,AUS,6907
1975504,186,14,1416,2002,0.0,1068.0,1.109397,0.424229,RUS,AUS,6907
1975505,188,14,1416,2002,0.0,551330.0,0.082107,-0.843317,SAU,AUS,6907
1975506,192,14,1416,2002,77347.0,172871.0,1.481857,0.648889,SGP,AUS,6907
1975507,195,14,1416,2002,0.0,3368.0,-0.5305449999999999,-0.8186720000000001,SLB,AUS,6907
1975508,216,14,1416,2002,2375.0,0.0,0.432041,1.627953,THA,AUS,6907
1975509,224,14,1416,2002,2514.0,0.0,0.11263699999999999,1.83925,TUR,AUS,6907
1975510,226,14,1416,2002,0.0,1154.0,-1.189463,-0.48640600000000006,TZA,AUS,6907
1975511,231,14,1416,2002,75328.0,41447.0,1.821594,0.231296,USA,AUS,6907
1975512,239,14,1416,2002,70376.0,0.0,-0.589665,0.799874,VNM,AUS,6907
1975513,240,14,1416,2002,0.0,6286.0,-1.240258,-0.95039,VUT,AUS,6907
1975514,242,14,1416,2002,0.0,54492.0,-0.053287,-0.5183399999999999,WSM,AUS,6907
1975515,246,14,1416,2002,3594.0,0.0,0.395943,2.392458,ZAF,AUS,6907
1975516,249,14,1416,2002,187817.0,166588.0,1.683858,1.333601,TWN,AUS,6907
1975517,61,16,1416,2002,4421.0,0.0,2.297691,-2.183239,DEU,AZE,6907
1975518,71,16,1416,2002,8702.0,0.0,1.012246,2.049594,ESP,AZE,6907
1975519,107,16,1416,2002,327385.0,0.0,-0.5707840000000001,-0.705612,IRN,AZE,6907
1975520,111,16,1416,2002,194934.0,0.0,1.377604,1.2470510000000001,ITA,AZE,6907
1975521,224,16,1416,2002,105715.0,0.0,0.11263699999999999,1.83925,TUR,AZE,6907
1975522,7,19,1416,2002,48657.0,0.0,0.044683,-0.247191,ARE,BEN,6907
1975523,18,19,1416,2002,10143.0,0.0,1.4097469999999999,1.440169,BEL,BEN,6907
1975524,32,19,1416,2002,10042.0,0.0,0.677883,1.0227190000000002,BRA,BEN,6907
1975525,43,19,1416,2002,200883.0,0.0,0.576746,2.7995520000000003,CHN,BEN,6907
1975526,71,19,1416,2002,469063.0,0.0,1.012246,2.049594,ESP,BEN,6907
1975527,77,19,1416,2002,224999.0,2201.0,1.569367,0.9886360000000001,FRA,BEN,6907
1975528,107,19,1416,2002,11450.0,0.0,-0.5707840000000001,-0.705612,IRN,BEN,6907
1975529,111,19,1416,2002,406016.0,0.0,1.377604,1.2470510000000001,ITA,BEN,6907
1975530,216,19,1416,2002,43850.0,0.0,0.432041,1.627953,THA,BEN,6907
1975531,7,22,1416,2002,25477.0,0.0,0.044683,-0.247191,ARE,BGD,6907
1975532,43,22,1416,2002,781493.0,0.0,0.576746,2.7995520000000003,CHN,BGD,6907
1975533,61,22,1416,2002,6405.0,0.0,2.297691,-2.183239,DEU,BGD,6907
1975534,64,22,1416,2002,7024.0,0.0,1.26594,1.225186,DNK,BGD,6907
1975535,71,22,1416,2002,205139.0,0.0,1.012246,2.049594,ESP,BGD,6907
1975536,104,22,1416,2002,10061.0,14378.0,0.380867,2.608955,IND,BGD,6907
1975537,111,22,1416,2002,16892.0,0.0,1.377604,1.2470510000000001,ITA,BGD,6907
1975538,153,22,1416,2002,65390.0,0.0,0.704957,0.243398,MYS,BGD,6907
1975539,192,22,1416,2002,1703.0,0.0,1.481857,0.648889,SGP,BGD,6907
1975540,208,22,1416,2002,11107.0,0.0,2.128614,0.7891199999999999,SWE,BGD,6907
1975541,249,22,1416,2002,938.0,0.0,1.683858,1.333601,TWN,BGD,6907
1975542,7,23,1416,2002,5977.0,0.0,0.044683,-0.247191,ARE,BGR,6907
1975543,15,23,1416,2002,0.0,1167.0,1.8651200000000001,0.48423900000000003,AUT,BGR,6907
1975544,43,23,1416,2002,16272.0,0.0,0.576746,2.7995520000000003,CHN,BGR,6907
1975545,59,23,1416,2002,168088.0,0.0,1.550713,1.037066,CZE,BGR,6907
1975546,61,23,1416,2002,59486.0,0.0,2.297691,-2.183239,DEU,BGR,6907
1975547,64,23,1416,2002,0.0,1377.0,1.26594,1.225186,DNK,BGR,6907
1975548,71,23,1416,2002,700894.0,2678.0,1.012246,2.049594,ESP,BGR,6907
1975549,77,23,1416,2002,0.0,103447.0,1.569367,0.9886360000000001,FRA,BGR,6907
1975550,81,23,1416,2002,0.0,5028.0,1.893177,0.831382,GBR,BGR,6907
1975551,82,23,1416,2002,0.0,2547.0,0.662382,-0.124825,GEO,BGR,6907
1975552,90,23,1416,2002,39190.0,1524.0,0.31858000000000003,1.47417,GRC,BGR,6907
1975553,103,23,1416,2002,8124.0,0.0,-0.10020499999999999,1.590314,IDN,BGR,6907
1975554,106,23,1416,2002,0.0,5711.0,1.7232880000000002,0.091172,IRL,BGR,6907
1975555,107,23,1416,2002,3020.0,0.0,-0.5707840000000001,-0.705612,IRN,BGR,6907
1975556,111,23,1416,2002,1464512.0,605486.0,1.377604,1.2470510000000001,ITA,BGR,6907
1975557,124,23,1416,2002,0.0,2014.0,0.2729,1.254232,LBN,BGR,6907
1975558,140,23,1416,2002,0.0,117603.0,-0.030274000000000002,0.359317,MKD,BGR,6907
1975559,159,23,1416,2002,0.0,2758.0,-1.8315700000000001,-1.25171,NGA,BGR,6907
1975560,163,23,1416,2002,0.0,13052.0,1.110882,0.17164100000000002,NOR,BGR,6907
1975561,179,23,1416,2002,5607.0,0.0,0.484407,1.6500080000000001,PRT,BGR,6907
1975562,185,23,1416,2002,0.0,695592.0,0.29888200000000004,0.980376,ROU,BGR,6907
1975563,186,23,1416,2002,0.0,28935.0,1.109397,0.424229,RUS,BGR,6907
1975564,189,23,1416,2002,0.0,2237.0,0.55781,2.135925,SCG,BGR,6907
1975565,206,23,1416,2002,607806.0,0.0,1.1907379999999999,1.050649,SVK,BGR,6907
1975566,207,23,1416,2002,44904.0,0.0,1.5643770000000001,1.043862,SVN,BGR,6907
1975567,208,23,1416,2002,0.0,2056.0,2.128614,0.7891199999999999,SWE,BGR,6907
1975568,224,23,1416,2002,155745.0,0.0,0.11263699999999999,1.83925,TUR,BGR,6907
1975569,18,28,1416,2002,5502.0,0.0,1.4097469999999999,1.440169,BEL,BLR,6907
1975570,59,28,1416,2002,53382.0,0.0,1.550713,1.037066,CZE,BLR,6907
1975571,61,28,1416,2002,948.0,0.0,2.297691,-2.183239,DEU,BLR,6907
1975572,64,28,1416,2002,0.0,1256.0,1.26594,1.225186,DNK,BLR,6907
1975573,71,28,1416,2002,13722.0,0.0,1.012246,2.049594,ESP,BLR,6907
1975574,77,28,1416,2002,1253.0,0.0,1.569367,0.9886360000000001,FRA,BLR,6907
1975575,106,28,1416,2002,3538.0,0.0,1.7232880000000002,0.091172,IRL,BLR,6907
1975576,111,28,1416,2002,415629.0,0.0,1.377604,1.2470510000000001,ITA,BLR,6907
1975577,115,28,1416,2002,0.0,493534.0,-0.065332,-0.616159,KAZ,BLR,6907
1975578,130,28,1416,2002,18072.0,2377.0,0.23102399999999998,0.586078,LTU,BLR,6907
1975579,135,28,1416,2002,0.0,388382.0,-0.186001,-0.141598,MDA,BLR,6907
1975580,177,28,1416,2002,303638.0,0.0,0.931642,1.721727,POL,BLR,6907
1975581,185,28,1416,2002,0.0,30925.0,0.29888200000000004,0.980376,ROU,BLR,6907
1975582,186,28,1416,2002,257786.0,11011327.0,1.109397,0.424229,RUS,BLR,6907
1975583,224,28,1416,2002,15156.0,0.0,0.11263699999999999,1.83925,TUR,BLR,6907
1975584,228,28,1416,2002,0.0,476087.0,0.835485,0.872135,UKR,BLR,6907
1975585,7,59,1416,2002,4575.0,0.0,0.044683,-0.247191,ARE,CZE,6907
1975586,9,59,1416,2002,0.0,2920.0,0.710274,-0.11309000000000001,ARM,CZE,6907
1975587,15,59,1416,2002,133271.0,841476.0,1.8651200000000001,0.48423900000000003,AUT,CZE,6907
1975588,18,59,1416,2002,1690.0,1340051.0,1.4097469999999999,1.440169,BEL,CZE,6907
1975589,23,59,1416,2002,0.0,168088.0,0.37451100000000004,1.573517,BGR,CZE,6907
1975590,26,59,1416,2002,0.0,102742.0,0.26339,0.30287,BIH,CZE,6907
1975591,28,59,1416,2002,0.0,53382.0,0.825865,1.0148979999999999,BLR,CZE,6907
1975592,39,59,1416,2002,0.0,7392.0,0.9963280000000001,1.1922110000000001,CAN,CZE,6907
1975593,41,59,1416,2002,0.0,29367.0,2.218095,0.620946,CHE,CZE,6907
1975594,43,59,1416,2002,6706.0,0.0,0.576746,2.7995520000000003,CHN,CZE,6907
1975595,58,59,1416,2002,0.0,4823.0,0.381391,0.40265,CYP,CZE,6907
1975596,61,59,1416,2002,1417634.0,4829288.0,2.297691,-2.183239,DEU,CZE,6907
1975597,64,59,1416,2002,1238.0,9305.0,1.26594,1.225186,DNK,CZE,6907
1975598,66,59,1416,2002,0.0,954.0,-0.912033,-1.1731850000000001,DZA,CZE,6907
1975599,71,59,1416,2002,160411.0,0.0,1.012246,2.049594,ESP,CZE,6907
1975600,72,59,1416,2002,0.0,229179.0,0.54511,0.9135979999999999,EST,CZE,6907
1975601,74,59,1416,2002,0.0,37416.0,2.0234240000000003,0.979141,FIN,CZE,6907
1975602,77,59,1416,2002,60167.0,59714.0,1.569367,0.9886360000000001,FRA,CZE,6907
1975603,81,59,1416,2002,3932.0,160299.0,1.893177,0.831382,GBR,CZE,6907
1975604,90,59,1416,2002,0.0,1887.0,0.31858000000000003,1.47417,GRC,CZE,6907
1975605,100,59,1416,2002,0.0,31006.0,0.591276,1.030723,HRV,CZE,6907
1975606,102,59,1416,2002,6111.0,2261823.0,1.179684,1.0574860000000001,HUN,CZE,6907
1975607,111,59,1416,2002,2679090.0,30776.0,1.377604,1.2470510000000001,ITA,CZE,6907
1975608,114,59,1416,2002,0.0,3684.0,2.556057,0.497673,JPN,CZE,6907
1975609,115,59,1416,2002,0.0,251939.0,-0.065332,-0.616159,KAZ,CZE,6907
1975610,121,59,1416,2002,1329.0,0.0,1.186816,1.075947,KOR,CZE,6907
1975611,130,59,1416,2002,0.0,328204.0,0.23102399999999998,0.586078,LTU,CZE,6907
1975612,132,59,1416,2002,0.0,15670.0,0.45210200000000006,0.515388,LVA,CZE,6907
1975613,135,59,1416,2002,0.0,32472.0,-0.186001,-0.141598,MDA,CZE,6907
1975614,145,59,1416,2002,0.0,2846.0,-0.895827,-0.9913799999999999,MNG,CZE,6907
1975615,162,59,1416,2002,39167.0,170421.0,1.206176,1.7136360000000002,NLD,CZE,6907
1975616,163,59,1416,2002,0.0,119913.0,1.110882,0.17164100000000002,NOR,CZE,6907
1975617,177,59,1416,2002,897178.0,4847555.0,0.931642,1.721727,POL,CZE,6907
1975618,185,59,1416,2002,0.0,174999.0,0.29888200000000004,0.980376,ROU,CZE,6907
1975619,186,59,1416,2002,0.0,299043.0,1.109397,0.424229,RUS,CZE,6907
1975620,189,59,1416,2002,0.0,12694.0,0.55781,2.135925,SCG,CZE,6907
1975621,206,59,1416,2002,61125.0,1656476.0,1.1907379999999999,1.050649,SVK,CZE,6907
1975622,207,59,1416,2002,17744.0,210542.0,1.5643770000000001,1.043862,SVN,CZE,6907
1975623,208,59,1416,2002,70084.0,58162.0,2.128614,0.7891199999999999,SWE,CZE,6907
1975624,216,59,1416,2002,16831.0,0.0,0.432041,1.627953,THA,CZE,6907
1975625,228,59,1416,2002,0.0,1143061.0,0.835485,0.872135,UKR,CZE,6907
1975626,231,59,1416,2002,0.0,405844.0,1.821594,0.231296,USA,CZE,6907
1975627,232,59,1416,2002,0.0,18314.0,-0.379765,-0.5965159999999999,UZB,CZE,6907
1975628,250,59,1416,2002,0.0,6721.0,0.734927,-0.40114099999999997,ANS,CZE,6907
1975629,43,66,1416,2002,179627.0,0.0,0.576746,2.7995520000000003,CHN,DZA,6907
1975630,59,66,1416,2002,954.0,0.0,1.550713,1.037066,CZE,DZA,6907
1975631,61,66,1416,2002,23623.0,0.0,2.297691,-2.183239,DEU,DZA,6907
1975632,71,66,1416,2002,1324950.0,0.0,1.012246,2.049594,ESP,DZA,6907
1975633,77,66,1416,2002,321827.0,3757.0,1.569367,0.9886360000000001,FRA,DZA,6907
1975634,111,66,1416,2002,372773.0,0.0,1.377604,1.2470510000000001,ITA,DZA,6907
1975635,208,66,1416,2002,49346.0,0.0,2.128614,0.7891199999999999,SWE,DZA,6907
1975636,39,68,1416,2002,0.0,18731.0,0.9963280000000001,1.1922110000000001,CAN,EGY,6907
1975637,43,68,1416,2002,17280.0,0.0,0.576746,2.7995520000000003,CHN,EGY,6907
1975638,61,68,1416,2002,66308.0,1239.0,2.297691,-2.183239,DEU,EGY,6907
1975639,71,68,1416,2002,219750.0,0.0,1.012246,2.049594,ESP,EGY,6907
1975640,73,68,1416,2002,0.0,1093.0,-1.096371,-0.9566709999999999,ETH,EGY,6907
1975641,77,68,1416,2002,8865.0,0.0,1.569367,0.9886360000000001,FRA,EGY,6907
1975642,81,68,1416,2002,0.0,15134.0,1.893177,0.831382,GBR,EGY,6907
1975643,83,68,1416,2002,0.0,4253.0,-1.333425,-1.0709879999999998,GHA,EGY,6907
1975644,102,68,1416,2002,0.0,1379.0,1.179684,1.0574860000000001,HUN,EGY,6907
1975645,111,68,1416,2002,364692.0,6050.0,1.377604,1.2470510000000001,ITA,EGY,6907
1975646,113,68,1416,2002,0.0,7457.0,0.24197600000000002,0.196635,JOR,EGY,6907
1975647,114,68,1416,2002,0.0,486438.0,2.556057,0.497673,JPN,EGY,6907
1975648,116,68,1416,2002,0.0,5238.0,-0.555812,0.169204,KEN,EGY,6907
1975649,122,68,1416,2002,0.0,1532.0,-0.6629550000000001,-1.157214,KWT,EGY,6907
1975650,162,68,1416,2002,0.0,1767.0,1.206176,1.7136360000000002,NLD,EGY,6907
1975651,163,68,1416,2002,0.0,5370.0,1.110882,0.17164100000000002,NOR,EGY,6907
1975652,167,68,1416,2002,0.0,2118.0,-1.238769,-1.225841,OMN,EGY,6907
1975653,183,68,1416,2002,0.0,1920.0,-0.306052,-1.098296,QAT,EGY,6907
1975654,189,68,1416,2002,0.0,2113.0,0.55781,2.135925,SCG,EGY,6907
1975655,190,68,1416,2002,0.0,2928.0,-1.499925,-1.228374,SDN,EGY,6907
1975656,192,68,1416,2002,0.0,15783.0,1.481857,0.648889,SGP,EGY,6907
1975657,228,68,1416,2002,0.0,2315.0,0.835485,0.872135,UKR,EGY,6907
1975658,15,74,1416,2002,0.0,33326.0,1.8651200000000001,0.48423900000000003,AUT,FIN,6907
1975659,24,74,1416,2002,0.0,3522.0,-0.146585,-1.006558,BHR,FIN,6907
1975660,25,74,1416,2002,0.0,2823.0,0.641626,-0.37892800000000004,BHS,FIN,6907
1975661,39,74,1416,2002,0.0,1879.0,0.9963280000000001,1.1922110000000001,CAN,FIN,6907
1975662,41,74,1416,2002,9451.0,0.0,2.218095,0.620946,CHE,FIN,6907
1975663,43,74,1416,2002,2114.0,0.0,0.576746,2.7995520000000003,CHN,FIN,6907
1975664,59,74,1416,2002,37416.0,0.0,1.550713,1.037066,CZE,FIN,6907
1975665,61,74,1416,2002,1481156.0,2559.0,2.297691,-2.183239,DEU,FIN,6907
1975666,64,74,1416,2002,0.0,75019.0,1.26594,1.225186,DNK,FIN,6907
1975667,71,74,1416,2002,95544.0,42397.0,1.012246,2.049594,ESP,FIN,6907
1975668,72,74,1416,2002,6903.0,13957.0,0.54511,0.9135979999999999,EST,FIN,6907
1975669,77,74,1416,2002,131291.0,0.0,1.569367,0.9886360000000001,FRA,FIN,6907
1975670,81,74,1416,2002,3883.0,4237.0,1.893177,0.831382,GBR,FIN,6907
1975671,111,74,1416,2002,2992343.0,1289.0,1.377604,1.2470510000000001,ITA,FIN,6907
1975672,132,74,1416,2002,0.0,6159.0,0.45210200000000006,0.515388,LVA,FIN,6907
1975673,162,74,1416,2002,52026.0,1817.0,1.206176,1.7136360000000002,NLD,FIN,6907
1975674,163,74,1416,2002,0.0,65031.0,1.110882,0.17164100000000002,NOR,FIN,6907
1975675,179,74,1416,2002,552616.0,0.0,0.484407,1.6500080000000001,PRT,FIN,6907
1975676,186,74,1416,2002,0.0,245112.0,1.109397,0.424229,RUS,FIN,6907
1975677,208,74,1416,2002,126762.0,118491.0,2.128614,0.7891199999999999,SWE,FIN,6907
1975678,224,74,1416,2002,5420.0,0.0,0.11263699999999999,1.83925,TUR,FIN,6907
1975679,231,74,1416,2002,15948.0,20938.0,1.821594,0.231296,USA,FIN,6907
1975680,7,82,1416,2002,41030.0,0.0,0.044683,-0.247191,ARE,GEO,6907
1975681,23,82,1416,2002,2547.0,0.0,0.37451100000000004,1.573517,BGR,GEO,6907
1975682,61,82,1416,2002,1326.0,11442.0,2.297691,-2.183239,DEU,GEO,6907
1975683,71,82,1416,2002,19630.0,0.0,1.012246,2.049594,ESP,GEO,6907
1975684,111,82,1416,2002,67847.0,0.0,1.377604,1.2470510000000001,ITA,GEO,6907
1975685,224,82,1416,2002,66526.0,0.0,0.11263699999999999,1.83925,TUR,GEO,6907
1975686,15,102,1416,2002,22082.0,43371.0,1.8651200000000001,0.48423900000000003,AUT,HUN,6907
1975687,26,102,1416,2002,0.0,1000.0,0.26339,0.30287,BIH,HUN,6907
1975688,41,102,1416,2002,0.0,5790.0,2.218095,0.620946,CHE,HUN,6907
1975689,43,102,1416,2002,7875.0,0.0,0.576746,2.7995520000000003,CHN,HUN,6907
1975690,59,102,1416,2002,2261823.0,6111.0,1.550713,1.037066,CZE,HUN,6907
1975691,61,102,1416,2002,1088889.0,191123.0,2.297691,-2.183239,DEU,HUN,6907
1975692,68,102,1416,2002,1379.0,0.0,-0.377127,0.549439,EGY,HUN,6907
1975693,71,102,1416,2002,441439.0,0.0,1.012246,2.049594,ESP,HUN,6907
1975694,77,102,1416,2002,47272.0,0.0,1.569367,0.9886360000000001,FRA,HUN,6907
1975695,81,102,1416,2002,10695.0,0.0,1.893177,0.831382,GBR,HUN,6907
1975696,100,102,1416,2002,24078.0,1849.0,0.591276,1.030723,HRV,HUN,6907
1975697,111,102,1416,2002,6596575.0,26804.0,1.377604,1.2470510000000001,ITA,HUN,6907
1975698,115,102,1416,2002,0.0,7798.0,-0.065332,-0.616159,KAZ,HUN,6907
1975699,121,102,1416,2002,0.0,7165.0,1.186816,1.075947,KOR,HUN,6907
1975700,130,102,1416,2002,0.0,2207.0,0.23102399999999998,0.586078,LTU,HUN,6907
1975701,162,102,1416,2002,8779.0,3702.0,1.206176,1.7136360000000002,NLD,HUN,6907
1975702,177,102,1416,2002,1211861.0,0.0,0.931642,1.721727,POL,HUN,6907
1975703,179,102,1416,2002,1998.0,0.0,0.484407,1.6500080000000001,PRT,HUN,6907
1975704,185,102,1416,2002,4489.0,133641.0,0.29888200000000004,0.980376,ROU,HUN,6907
1975705,186,102,1416,2002,0.0,11566.0,1.109397,0.424229,RUS,HUN,6907
1975706,189,102,1416,2002,863.0,7366.0,0.55781,2.135925,SCG,HUN,6907
1975707,206,102,1416,2002,495120.0,2514.0,1.1907379999999999,1.050649,SVK,HUN,6907
1975708,207,102,1416,2002,159133.0,0.0,1.5643770000000001,1.043862,SVN,HUN,6907
1975709,208,102,1416,2002,138997.0,0.0,2.128614,0.7891199999999999,SWE,HUN,6907
1975710,224,102,1416,2002,90897.0,0.0,0.11263699999999999,1.83925,TUR,HUN,6907
1975711,228,102,1416,2002,0.0,11463.0,0.835485,0.872135,UKR,HUN,6907
1975712,231,102,1416,2002,0.0,960.0,1.821594,0.231296,USA,HUN,6907
1975713,7,104,1416,2002,846537.0,101904.0,0.044683,-0.247191,ARE,IND,6907
1975714,14,104,1416,2002,11123.0,44096.0,0.231386,0.771628,AUS,IND,6907
1975715,18,104,1416,2002,4354.0,104346.0,1.4097469999999999,1.440169,BEL,IND,6907
1975716,22,104,1416,2002,14378.0,10061.0,-1.134933,-1.061633,BGD,IND,6907
1975717,24,104,1416,2002,0.0,28792.0,-0.146585,-1.006558,BHR,IND,6907
1975718,34,104,1416,2002,0.0,3702.0,-1.7894169999999998,-1.034672,BRN,IND,6907
1975719,39,104,1416,2002,0.0,66749.0,0.9963280000000001,1.1922110000000001,CAN,IND,6907
1975720,41,104,1416,2002,17252.0,1322.0,2.218095,0.620946,CHE,IND,6907
1975721,43,104,1416,2002,3367953.0,33057.0,0.576746,2.7995520000000003,CHN,IND,6907
1975722,47,104,1416,2002,0.0,1548.0,-1.62227,-1.202067,COG,IND,6907
1975723,61,104,1416,2002,17411.0,7119.0,2.297691,-2.183239,DEU,IND,6907
1975724,64,104,1416,2002,0.0,4407.0,1.26594,1.225186,DNK,IND,6907
1975725,67,104,1416,2002,0.0,100049.0,-0.976218,-0.926393,ECU,IND,6907
1975726,71,104,1416,2002,55167.0,14170.0,1.012246,2.049594,ESP,IND,6907
1975727,73,104,1416,2002,0.0,21950.0,-1.096371,-0.9566709999999999,ETH,IND,6907
1975728,75,104,1416,2002,0.0,7601.0,-0.588136,-0.242883,FJI,IND,6907
1975729,77,104,1416,2002,3743.0,92608.0,1.569367,0.9886360000000001,FRA,IND,6907
1975730,81,104,1416,2002,0.0,26688.0,1.893177,0.831382,GBR,IND,6907
1975731,90,104,1416,2002,0.0,43877.0,0.31858000000000003,1.47417,GRC,IND,6907
1975732,97,104,1416,2002,28896.0,0.0,0.5701109999999999,1.989357,HKG,IND,6907
1975733,103,104,1416,2002,69208.0,2069.0,-0.10020499999999999,1.590314,IDN,IND,6907
1975734,110,104,1416,2002,0.0,82715.0,1.334174,0.654331,ISR,IND,6907
1975735,111,104,1416,2002,191459.0,46511.0,1.377604,1.2470510000000001,ITA,IND,6907
1975736,121,104,1416,2002,9208.0,11080.0,1.186816,1.075947,KOR,IND,6907
1975737,124,104,1416,2002,0.0,57125.0,0.2729,1.254232,LBN,IND,6907
1975738,128,104,1416,2002,0.0,68509.0,-0.740927,0.023171,LKA,IND,6907
1975739,137,104,1416,2002,0.0,89431.0,-1.3007440000000001,-1.0420120000000002,MDV,IND,6907
1975740,138,104,1416,2002,0.0,8872.0,0.942061,0.6311260000000001,MEX,IND,6907
1975741,151,104,1416,2002,0.0,32048.0,-0.37937600000000005,-0.388848,MUS,IND,6907
1975742,153,104,1416,2002,180561.0,45279.0,0.704957,0.243398,MYS,IND,6907
1975743,159,104,1416,2002,0.0,9508.0,-1.8315700000000001,-1.25171,NGA,IND,6907
1975744,164,104,1416,2002,0.0,9271.0,-0.216428,0.44377700000000003,NPL,IND,6907
1975745,166,104,1416,2002,0.0,8951.0,0.542585,0.854243,NZL,IND,6907
1975746,167,104,1416,2002,30066.0,13192.0,-1.238769,-1.225841,OMN,IND,6907
1975747,168,104,1416,2002,0.0,6947.0,-0.877655,-0.322094,PAK,IND,6907
1975748,183,104,1416,2002,0.0,20859.0,-0.306052,-1.098296,QAT,IND,6907
1975749,187,104,1416,2002,0.0,722.0,-0.553848,-0.757714,RWA,IND,6907
1975750,188,104,1416,2002,0.0,86343.0,0.082107,-0.843317,SAU,IND,6907
1975751,192,104,1416,2002,127778.0,9835.0,1.481857,0.648889,SGP,IND,6907
1975752,196,104,1416,2002,0.0,7390.0,0.397488,-0.027672000000000002,SLE,IND,6907
1975753,211,104,1416,2002,0.0,17211.0,-0.977247,-0.927527,SYC,IND,6907
1975754,226,104,1416,2002,0.0,4402.0,-1.189463,-0.48640600000000006,TZA,IND,6907
1975755,227,104,1416,2002,0.0,22323.0,-1.038337,-0.896425,UGA,IND,6907
1975756,231,104,1416,2002,0.0,23444.0,1.821594,0.231296,USA,IND,6907
1975757,246,104,1416,2002,8183.0,21607.0,0.395943,2.392458,ZAF,IND,6907
1975758,249,104,1416,2002,0.0,318209.0,1.683858,1.333601,TWN,IND,6907
1975759,24,113,1416,2002,0.0,11664.0,-0.146585,-1.006558,BHR,JOR,6907
1975760,43,113,1416,2002,230991.0,0.0,0.576746,2.7995520000000003,CHN,JOR,6907
1975761,61,113,1416,2002,246730.0,0.0,2.297691,-2.183239,DEU,JOR,6907
1975762,68,113,1416,2002,7457.0,0.0,-0.377127,0.549439,EGY,JOR,6907
1975763,71,113,1416,2002,385603.0,0.0,1.012246,2.049594,ESP,JOR,6907
1975764,90,113,1416,2002,5523.0,0.0,0.31858000000000003,1.47417,GRC,JOR,6907
1975765,103,113,1416,2002,44458.0,0.0,-0.10020499999999999,1.590314,IDN,JOR,6907
1975766,110,113,1416,2002,9195.0,0.0,1.334174,0.654331,ISR,JOR,6907
1975767,111,113,1416,2002,1444385.0,0.0,1.377604,1.2470510000000001,ITA,JOR,6907
1975768,179,113,1416,2002,4606.0,0.0,0.484407,1.6500080000000001,PRT,JOR,6907
1975769,208,113,1416,2002,10554.0,0.0,2.128614,0.7891199999999999,SWE,JOR,6907
1975770,212,113,1416,2002,148407.0,0.0,-1.067974,-0.513309,SYR,JOR,6907
1975771,224,113,1416,2002,41355.0,0.0,0.11263699999999999,1.83925,TUR,JOR,6907
1975772,231,113,1416,2002,0.0,4958.0,1.821594,0.231296,USA,JOR,6907
1975773,7,115,1416,2002,6874.0,0.0,0.044683,-0.247191,ARE,KAZ,6907
1975774,15,115,1416,2002,14731.0,0.0,1.8651200000000001,0.48423900000000003,AUT,KAZ,6907
1975775,18,115,1416,2002,981.0,0.0,1.4097469999999999,1.440169,BEL,KAZ,6907
1975776,28,115,1416,2002,493534.0,0.0,0.825865,1.0148979999999999,BLR,KAZ,6907
1975777,43,115,1416,2002,98024.0,0.0,0.576746,2.7995520000000003,CHN,KAZ,6907
1975778,59,115,1416,2002,251939.0,0.0,1.550713,1.037066,CZE,KAZ,6907
1975779,61,115,1416,2002,96473.0,0.0,2.297691,-2.183239,DEU,KAZ,6907
1975780,71,115,1416,2002,72327.0,0.0,1.012246,2.049594,ESP,KAZ,6907
1975781,72,115,1416,2002,10566.0,0.0,0.54511,0.9135979999999999,EST,KAZ,6907
1975782,81,115,1416,2002,2273.0,0.0,1.893177,0.831382,GBR,KAZ,6907
1975783,102,115,1416,2002,7798.0,0.0,1.179684,1.0574860000000001,HUN,KAZ,6907
1975784,107,115,1416,2002,19012.0,0.0,-0.5707840000000001,-0.705612,IRN,KAZ,6907
1975785,111,115,1416,2002,825277.0,0.0,1.377604,1.2470510000000001,ITA,KAZ,6907
1975786,117,115,1416,2002,10247.0,0.0,0.081807,0.16872,KGZ,KAZ,6907
1975787,130,115,1416,2002,2395.0,0.0,0.23102399999999998,0.586078,LTU,KAZ,6907
1975788,177,115,1416,2002,10684.0,0.0,0.931642,1.721727,POL,KAZ,6907
1975789,179,115,1416,2002,5851.0,0.0,0.484407,1.6500080000000001,PRT,KAZ,6907
1975790,186,115,1416,2002,179653.0,0.0,1.109397,0.424229,RUS,KAZ,6907
1975791,206,115,1416,2002,21547.0,0.0,1.1907379999999999,1.050649,SVK,KAZ,6907
1975792,224,115,1416,2002,124294.0,0.0,0.11263699999999999,1.83925,TUR,KAZ,6907
1975793,231,115,1416,2002,24360.0,0.0,1.821594,0.231296,USA,KAZ,6907
1975794,7,116,1416,2002,7471.0,0.0,0.044683,-0.247191,ARE,KEN,6907
1975795,17,116,1416,2002,0.0,11027.0,-0.333602,-0.648837,BDI,KEN,6907
1975796,41,116,1416,2002,15641.0,0.0,2.218095,0.620946,CHE,KEN,6907
1975797,43,116,1416,2002,117266.0,0.0,0.576746,2.7995520000000003,CHN,KEN,6907
1975798,61,116,1416,2002,6750.0,0.0,2.297691,-2.183239,DEU,KEN,6907
1975799,68,116,1416,2002,5238.0,0.0,-0.377127,0.549439,EGY,KEN,6907
1975800,71,116,1416,2002,51317.0,0.0,1.012246,2.049594,ESP,KEN,6907
1975801,81,116,1416,2002,3505.0,0.0,1.893177,0.831382,GBR,KEN,6907
1975802,107,116,1416,2002,4123.0,0.0,-0.5707840000000001,-0.705612,IRN,KEN,6907
1975803,111,116,1416,2002,199469.0,0.0,1.377604,1.2470510000000001,ITA,KEN,6907
1975804,187,116,1416,2002,0.0,25758.0,-0.553848,-0.757714,RWA,KEN,6907
1975805,226,116,1416,2002,0.0,3470.0,-1.189463,-0.48640600000000006,TZA,KEN,6907
1975806,227,116,1416,2002,0.0,2057.0,-1.038337,-0.896425,UGA,KEN,6907
1975807,246,116,1416,2002,9200.0,0.0,0.395943,2.392458,ZAF,KEN,6907
1975808,247,116,1416,2002,0.0,5964.0,-0.654686,-0.545346,ZMB,KEN,6907
1975809,248,116,1416,2002,0.0,1208.0,-0.309483,0.271457,ZWE,KEN,6907
1975810,43,117,1416,2002,11826.0,0.0,0.576746,2.7995520000000003,CHN,KGZ,6907
1975811,61,117,1416,2002,3397.0,0.0,2.297691,-2.183239,DEU,KGZ,6907
1975812,71,117,1416,2002,3244.0,0.0,1.012246,2.049594,ESP,KGZ,6907
1975813,107,117,1416,2002,12294.0,0.0,-0.5707840000000001,-0.705612,IRN,KGZ,6907
1975814,115,117,1416,2002,0.0,10247.0,-0.065332,-0.616159,KAZ,KGZ,6907
1975815,186,117,1416,2002,6316.0,0.0,1.109397,0.424229,RUS,KGZ,6907
1975816,206,117,1416,2002,3059.0,0.0,1.1907379999999999,1.050649,SVK,KGZ,6907
1975817,217,117,1416,2002,0.0,4303.0,-0.798754,-1.025902,TJK,KGZ,6907
1975818,224,117,1416,2002,8938.0,0.0,0.11263699999999999,1.83925,TUR,KGZ,6907
1975819,32,122,1416,2002,11342.0,0.0,0.677883,1.0227190000000002,BRA,KWT,6907
1975820,43,122,1416,2002,3358371.0,0.0,0.576746,2.7995520000000003,CHN,KWT,6907
1975821,61,122,1416,2002,488930.0,0.0,2.297691,-2.183239,DEU,KWT,6907
1975822,68,122,1416,2002,1532.0,0.0,-0.377127,0.549439,EGY,KWT,6907
1975823,71,122,1416,2002,141824.0,0.0,1.012246,2.049594,ESP,KWT,6907
1975824,77,122,1416,2002,6983.0,0.0,1.569367,0.9886360000000001,FRA,KWT,6907
1975825,111,122,1416,2002,3509496.0,0.0,1.377604,1.2470510000000001,ITA,KWT,6907
1975826,124,122,1416,2002,3350.0,0.0,0.2729,1.254232,LBN,KWT,6907
1975827,179,122,1416,2002,42146.0,0.0,0.484407,1.6500080000000001,PRT,KWT,6907
1975828,183,122,1416,2002,0.0,2776.0,-0.306052,-1.098296,QAT,KWT,6907
1975829,23,124,1416,2002,2014.0,0.0,0.37451100000000004,1.573517,BGR,LBN,6907
1975830,39,124,1416,2002,0.0,8581.0,0.9963280000000001,1.1922110000000001,CAN,LBN,6907
1975831,41,124,1416,2002,0.0,980.0,2.218095,0.620946,CHE,LBN,6907
1975832,43,124,1416,2002,365839.0,0.0,0.576746,2.7995520000000003,CHN,LBN,6907
1975833,61,124,1416,2002,65291.0,0.0,2.297691,-2.183239,DEU,LBN,6907
1975834,64,124,1416,2002,0.0,7322.0,1.26594,1.225186,DNK,LBN,6907
1975835,71,124,1416,2002,182764.0,8433.0,1.012246,2.049594,ESP,LBN,6907
1975836,77,124,1416,2002,47890.0,0.0,1.569367,0.9886360000000001,FRA,LBN,6907
1975837,81,124,1416,2002,0.0,5266.0,1.893177,0.831382,GBR,LBN,6907
1975838,90,124,1416,2002,6100.0,0.0,0.31858000000000003,1.47417,GRC,LBN,6907
1975839,104,124,1416,2002,57125.0,0.0,0.380867,2.608955,IND,LBN,6907
1975840,111,124,1416,2002,1491318.0,0.0,1.377604,1.2470510000000001,ITA,LBN,6907
1975841,122,124,1416,2002,0.0,3350.0,-0.6629550000000001,-1.157214,KWT,LBN,6907
1975842,159,124,1416,2002,0.0,6508.0,-1.8315700000000001,-1.25171,NGA,LBN,6907
1975843,179,124,1416,2002,14890.0,0.0,0.484407,1.6500080000000001,PRT,LBN,6907
1975844,183,124,1416,2002,0.0,27429.0,-0.306052,-1.098296,QAT,LBN,6907
1975845,188,124,1416,2002,0.0,5679.0,0.082107,-0.843317,SAU,LBN,6907
1975846,196,124,1416,2002,0.0,5598.0,0.397488,-0.027672000000000002,SLE,LBN,6907
1975847,212,124,1416,2002,10514.0,0.0,-1.067974,-0.513309,SYR,LBN,6907
1975848,231,124,1416,2002,1921.0,2194.0,1.821594,0.231296,USA,LBN,6907
1975849,18,130,1416,2002,3004.0,0.0,1.4097469999999999,1.440169,BEL,LTU,6907
1975850,28,130,1416,2002,2377.0,18072.0,0.825865,1.0148979999999999,BLR,LTU,6907
1975851,59,130,1416,2002,328204.0,0.0,1.550713,1.037066,CZE,LTU,6907
1975852,61,130,1416,2002,704926.0,4850.0,2.297691,-2.183239,DEU,LTU,6907
1975853,71,130,1416,2002,223046.0,0.0,1.012246,2.049594,ESP,LTU,6907
1975854,72,130,1416,2002,6507.0,2344.0,0.54511,0.9135979999999999,EST,LTU,6907
1975855,77,130,1416,2002,14706.0,0.0,1.569367,0.9886360000000001,FRA,LTU,6907
1975856,81,130,1416,2002,0.0,3324.0,1.893177,0.831382,GBR,LTU,6907
1975857,102,130,1416,2002,2207.0,0.0,1.179684,1.0574860000000001,HUN,LTU,6907
1975858,109,130,1416,2002,0.0,741.0,0.23601999999999998,-0.34781,ISL,LTU,6907
1975859,111,130,1416,2002,1190378.0,0.0,1.377604,1.2470510000000001,ITA,LTU,6907
1975860,115,130,1416,2002,0.0,2395.0,-0.065332,-0.616159,KAZ,LTU,6907
1975861,132,130,1416,2002,63219.0,89965.0,0.45210200000000006,0.515388,LVA,LTU,6907
1975862,162,130,1416,2002,2559.0,0.0,1.206176,1.7136360000000002,NLD,LTU,6907
1975863,163,130,1416,2002,0.0,9055.0,1.110882,0.17164100000000002,NOR,LTU,6907
1975864,177,130,1416,2002,1734566.0,414417.0,0.931642,1.721727,POL,LTU,6907
1975865,179,130,1416,2002,383364.0,0.0,0.484407,1.6500080000000001,PRT,LTU,6907
1975866,186,130,1416,2002,7283.0,115400.0,1.109397,0.424229,RUS,LTU,6907
1975867,224,130,1416,2002,2133.0,0.0,0.11263699999999999,1.83925,TUR,LTU,6907
1975868,228,130,1416,2002,0.0,76299.0,0.835485,0.872135,UKR,LTU,6907
1975869,231,130,1416,2002,0.0,24424.0,1.821594,0.231296,USA,LTU,6907
1975870,232,130,1416,2002,0.0,23356.0,-0.379765,-0.5965159999999999,UZB,LTU,6907
1975871,18,131,1416,2002,191182.0,4886.0,1.4097469999999999,1.440169,BEL,LUX,6907
1975872,61,131,1416,2002,768933.0,3780.0,2.297691,-2.183239,DEU,LUX,6907
1975873,71,131,1416,2002,227981.0,0.0,1.012246,2.049594,ESP,LUX,6907
1975874,77,131,1416,2002,263317.0,212480.0,1.569367,0.9886360000000001,FRA,LUX,6907
1975875,81,131,1416,2002,3650.0,0.0,1.893177,0.831382,GBR,LUX,6907
1975876,111,131,1416,2002,3121953.0,5436.0,1.377604,1.2470510000000001,ITA,LUX,6907
1975877,162,131,1416,2002,159732.0,0.0,1.206176,1.7136360000000002,NLD,LUX,6907
1975878,179,131,1416,2002,5425.0,0.0,0.484407,1.6500080000000001,PRT,LUX,6907
1975879,43,132,1416,2002,2394.0,0.0,0.576746,2.7995520000000003,CHN,LVA,6907
1975880,59,132,1416,2002,15670.0,0.0,1.550713,1.037066,CZE,LVA,6907
1975881,61,132,1416,2002,149626.0,1001.0,2.297691,-2.183239,DEU,LVA,6907
1975882,64,132,1416,2002,2629.0,0.0,1.26594,1.225186,DNK,LVA,6907
1975883,71,132,1416,2002,50419.0,0.0,1.012246,2.049594,ESP,LVA,6907
1975884,72,132,1416,2002,16880.0,43245.0,0.54511,0.9135979999999999,EST,LVA,6907
1975885,74,132,1416,2002,6159.0,0.0,2.0234240000000003,0.979141,FIN,LVA,6907
1975886,77,132,1416,2002,13969.0,0.0,1.569367,0.9886360000000001,FRA,LVA,6907
1975887,81,132,1416,2002,26306.0,0.0,1.893177,0.831382,GBR,LVA,6907
1975888,111,132,1416,2002,1161318.0,0.0,1.377604,1.2470510000000001,ITA,LVA,6907
1975889,130,132,1416,2002,89965.0,63219.0,0.23102399999999998,0.586078,LTU,LVA,6907
1975890,177,132,1416,2002,1007003.0,0.0,0.931642,1.721727,POL,LVA,6907
1975891,179,132,1416,2002,200565.0,0.0,0.484407,1.6500080000000001,PRT,LVA,6907
1975892,186,132,1416,2002,11794.0,35607.0,1.109397,0.424229,RUS,LVA,6907
1975893,206,132,1416,2002,25842.0,0.0,1.1907379999999999,1.050649,SVK,LVA,6907
1975894,207,132,1416,2002,9409.0,0.0,1.5643770000000001,1.043862,SVN,LVA,6907
1975895,208,132,1416,2002,2625.0,0.0,2.128614,0.7891199999999999,SWE,LVA,6907
1975896,7,167,1416,2002,255662.0,2330.0,0.044683,-0.247191,ARE,OMN,6907
1975897,43,167,1416,2002,176833.0,0.0,0.576746,2.7995520000000003,CHN,OMN,6907
1975898,61,167,1416,2002,46114.0,0.0,2.297691,-2.183239,DEU,OMN,6907
1975899,68,167,1416,2002,2118.0,0.0,-0.377127,0.549439,EGY,OMN,6907
1975900,71,167,1416,2002,4802.0,0.0,1.012246,2.049594,ESP,OMN,6907
1975901,77,167,1416,2002,1487.0,7017.0,1.569367,0.9886360000000001,FRA,OMN,6907
1975902,81,167,1416,2002,25847.0,0.0,1.893177,0.831382,GBR,OMN,6907
1975903,104,167,1416,2002,13192.0,30066.0,0.380867,2.608955,IND,OMN,6907
1975904,111,167,1416,2002,649548.0,0.0,1.377604,1.2470510000000001,ITA,OMN,6907
1975905,121,167,1416,2002,6016.0,0.0,1.186816,1.075947,KOR,OMN,6907
1975906,151,167,1416,2002,5220.0,0.0,-0.37937600000000005,-0.388848,MUS,OMN,6907
1975907,188,167,1416,2002,10932.0,24783.0,0.082107,-0.843317,SAU,OMN,6907
1975908,216,167,1416,2002,25834.0,0.0,0.432041,1.627953,THA,OMN,6907
1975909,224,167,1416,2002,1670.0,0.0,0.11263699999999999,1.83925,TUR,OMN,6907
1975910,226,167,1416,2002,0.0,2622.0,-1.189463,-0.48640600000000006,TZA,OMN,6907
1975911,18,177,1416,2002,152576.0,76284.0,1.4097469999999999,1.440169,BEL,POL,6907
1975912,28,177,1416,2002,0.0,303638.0,0.825865,1.0148979999999999,BLR,POL,6907
1975913,32,177,1416,2002,2487.0,0.0,0.677883,1.0227190000000002,BRA,POL,6907
1975914,39,177,1416,2002,0.0,88458.0,0.9963280000000001,1.1922110000000001,CAN,POL,6907
1975915,41,177,1416,2002,0.0,1551.0,2.218095,0.620946,CHE,POL,6907
1975916,43,177,1416,2002,77295.0,0.0,0.576746,2.7995520000000003,CHN,POL,6907
1975917,59,177,1416,2002,4847555.0,897178.0,1.550713,1.037066,CZE,POL,6907
1975918,61,177,1416,2002,7462782.0,256396.0,2.297691,-2.183239,DEU,POL,6907
1975919,64,177,1416,2002,0.0,3991.0,1.26594,1.225186,DNK,POL,6907
1975920,71,177,1416,2002,984997.0,0.0,1.012246,2.049594,ESP,POL,6907
1975921,72,177,1416,2002,0.0,212467.0,0.54511,0.9135979999999999,EST,POL,6907
1975922,77,177,1416,2002,633879.0,52396.0,1.569367,0.9886360000000001,FRA,POL,6907
1975923,81,177,1416,2002,1003.0,10653.0,1.893177,0.831382,GBR,POL,6907
1975924,100,177,1416,2002,40273.0,0.0,0.591276,1.030723,HRV,POL,6907
1975925,102,177,1416,2002,0.0,1211861.0,1.179684,1.0574860000000001,HUN,POL,6907
1975926,110,177,1416,2002,0.0,8712.0,1.334174,0.654331,ISR,POL,6907
1975927,111,177,1416,2002,10530085.0,0.0,1.377604,1.2470510000000001,ITA,POL,6907
1975928,115,177,1416,2002,0.0,10684.0,-0.065332,-0.616159,KAZ,POL,6907
1975929,130,177,1416,2002,414417.0,1734566.0,0.23102399999999998,0.586078,LTU,POL,6907
1975930,132,177,1416,2002,0.0,1007003.0,0.45210200000000006,0.515388,LVA,POL,6907
1975931,135,177,1416,2002,0.0,61502.0,-0.186001,-0.141598,MDA,POL,6907
1975932,162,177,1416,2002,474302.0,20123.0,1.206176,1.7136360000000002,NLD,POL,6907
1975933,163,177,1416,2002,0.0,36183.0,1.110882,0.17164100000000002,NOR,POL,6907
1975934,179,177,1416,2002,128469.0,2053.0,0.484407,1.6500080000000001,PRT,POL,6907
1975935,185,177,1416,2002,0.0,73703.0,0.29888200000000004,0.980376,ROU,POL,6907
1975936,186,177,1416,2002,0.0,1892773.0,1.109397,0.424229,RUS,POL,6907
1975937,189,177,1416,2002,0.0,1499.0,0.55781,2.135925,SCG,POL,6907
1975938,206,177,1416,2002,769036.0,207081.0,1.1907379999999999,1.050649,SVK,POL,6907
1975939,208,177,1416,2002,53507.0,23269.0,2.128614,0.7891199999999999,SWE,POL,6907
1975940,224,177,1416,2002,16602.0,0.0,0.11263699999999999,1.83925,TUR,POL,6907
1975941,228,177,1416,2002,2186.0,2056070.0,0.835485,0.872135,UKR,POL,6907
1975942,231,177,1416,2002,0.0,67674.0,1.821594,0.231296,USA,POL,6907
1975943,7,183,1416,2002,410627.0,690.0,0.044683,-0.247191,ARE,QAT,6907
1975944,14,183,1416,2002,1108.0,0.0,0.231386,0.771628,AUS,QAT,6907
1975945,24,183,1416,2002,2747.0,9709.0,-0.146585,-1.006558,BHR,QAT,6907
1975946,39,183,1416,2002,6871.0,0.0,0.9963280000000001,1.1922110000000001,CAN,QAT,6907
1975947,43,183,1416,2002,246015.0,0.0,0.576746,2.7995520000000003,CHN,QAT,6907
1975948,61,183,1416,2002,17944.0,0.0,2.297691,-2.183239,DEU,QAT,6907
1975949,68,183,1416,2002,1920.0,0.0,-0.377127,0.549439,EGY,QAT,6907
1975950,71,183,1416,2002,129274.0,0.0,1.012246,2.049594,ESP,QAT,6907
1975951,77,183,1416,2002,39752.0,0.0,1.569367,0.9886360000000001,FRA,QAT,6907
1975952,81,183,1416,2002,7836.0,0.0,1.893177,0.831382,GBR,QAT,6907
1975953,90,183,1416,2002,732.0,0.0,0.31858000000000003,1.47417,GRC,QAT,6907
1975954,103,183,1416,2002,4716.0,0.0,-0.10020499999999999,1.590314,IDN,QAT,6907
1975955,104,183,1416,2002,20859.0,0.0,0.380867,2.608955,IND,QAT,6907
1975956,107,183,1416,2002,8848.0,0.0,-0.5707840000000001,-0.705612,IRN,QAT,6907
1975957,111,183,1416,2002,1776055.0,0.0,1.377604,1.2470510000000001,ITA,QAT,6907
1975958,122,183,1416,2002,2776.0,0.0,-0.6629550000000001,-1.157214,KWT,QAT,6907
1975959,124,183,1416,2002,27429.0,0.0,0.2729,1.254232,LBN,QAT,6907
1975960,153,183,1416,2002,86892.0,0.0,0.704957,0.243398,MYS,QAT,6907
1975961,179,183,1416,2002,7232.0,0.0,0.484407,1.6500080000000001,PRT,QAT,6907
1975962,188,183,1416,2002,190480.0,0.0,0.082107,-0.843317,SAU,QAT,6907
1975963,212,183,1416,2002,1479.0,0.0,-1.067974,-0.513309,SYR,QAT,6907
1975964,224,183,1416,2002,2884.0,0.0,0.11263699999999999,1.83925,TUR,QAT,6907
1975965,231,183,1416,2002,9234.0,0.0,1.821594,0.231296,USA,QAT,6907
1975966,15,185,1416,2002,7904.0,4061.0,1.8651200000000001,0.48423900000000003,AUT,ROU,6907
1975967,18,185,1416,2002,2634.0,5385.0,1.4097469999999999,1.440169,BEL,ROU,6907
1975968,23,185,1416,2002,695592.0,0.0,0.37451100000000004,1.573517,BGR,ROU,6907
1975969,28,185,1416,2002,30925.0,0.0,0.825865,1.0148979999999999,BLR,ROU,6907
1975970,41,185,1416,2002,2655.0,0.0,2.218095,0.620946,CHE,ROU,6907
1975971,43,185,1416,2002,20852.0,0.0,0.576746,2.7995520000000003,CHN,ROU,6907
1975972,59,185,1416,2002,174999.0,0.0,1.550713,1.037066,CZE,ROU,6907
1975973,61,185,1416,2002,283782.0,0.0,2.297691,-2.183239,DEU,ROU,6907
1975974,71,185,1416,2002,318923.0,0.0,1.012246,2.049594,ESP,ROU,6907
1975975,77,185,1416,2002,18828.0,46774.0,1.569367,0.9886360000000001,FRA,ROU,6907
1975976,90,185,1416,2002,8087.0,0.0,0.31858000000000003,1.47417,GRC,ROU,6907
1975977,102,185,1416,2002,133641.0,4489.0,1.179684,1.0574860000000001,HUN,ROU,6907
1975978,107,185,1416,2002,2110.0,0.0,-0.5707840000000001,-0.705612,IRN,ROU,6907
1975979,110,185,1416,2002,704.0,0.0,1.334174,0.654331,ISR,ROU,6907
1975980,111,185,1416,2002,3040459.0,11428.0,1.377604,1.2470510000000001,ITA,ROU,6907
1975981,135,185,1416,2002,24880.0,42263.0,-0.186001,-0.141598,MDA,ROU,6907
1975982,162,185,1416,2002,4734.0,0.0,1.206176,1.7136360000000002,NLD,ROU,6907
1975983,163,185,1416,2002,0.0,810.0,1.110882,0.17164100000000002,NOR,ROU,6907
1975984,177,185,1416,2002,73703.0,0.0,0.931642,1.721727,POL,ROU,6907
1975985,179,185,1416,2002,3274.0,0.0,0.484407,1.6500080000000001,PRT,ROU,6907
1975986,189,185,1416,2002,89727.0,0.0,0.55781,2.135925,SCG,ROU,6907
1975987,206,185,1416,2002,689000.0,0.0,1.1907379999999999,1.050649,SVK,ROU,6907
1975988,207,185,1416,2002,24674.0,0.0,1.5643770000000001,1.043862,SVN,ROU,6907
1975989,224,185,1416,2002,74143.0,0.0,0.11263699999999999,1.83925,TUR,ROU,6907
1975990,7,186,1416,2002,315078.0,0.0,0.044683,-0.247191,ARE,RUS,6907
1975991,14,186,1416,2002,1068.0,0.0,0.231386,0.771628,AUS,RUS,6907
1975992,15,186,1416,2002,9822.0,0.0,1.8651200000000001,0.48423900000000003,AUT,RUS,6907
1975993,23,186,1416,2002,28935.0,0.0,0.37451100000000004,1.573517,BGR,RUS,6907
1975994,28,186,1416,2002,11011327.0,257786.0,0.825865,1.0148979999999999,BLR,RUS,6907
1975995,39,186,1416,2002,1123.0,0.0,0.9963280000000001,1.1922110000000001,CAN,RUS,6907
1975996,43,186,1416,2002,587738.0,0.0,0.576746,2.7995520000000003,CHN,RUS,6907
1975997,58,186,1416,2002,662.0,0.0,0.381391,0.40265,CYP,RUS,6907
1975998,59,186,1416,2002,299043.0,0.0,1.550713,1.037066,CZE,RUS,6907
1975999,61,186,1416,2002,1187665.0,1783.0,2.297691,-2.183239,DEU,RUS,6907
1976000,64,186,1416,2002,4567.0,0.0,1.26594,1.225186,DNK,RUS,6907
1976001,71,186,1416,2002,1067134.0,0.0,1.012246,2.049594,ESP,RUS,6907
1976002,72,186,1416,2002,9267.0,1083.0,0.54511,0.9135979999999999,EST,RUS,6907
1976003,74,186,1416,2002,245112.0,0.0,2.0234240000000003,0.979141,FIN,RUS,6907
1976004,77,186,1416,2002,38941.0,0.0,1.569367,0.9886360000000001,FRA,RUS,6907
1976005,81,186,1416,2002,14401.0,0.0,1.893177,0.831382,GBR,RUS,6907
1976006,90,186,1416,2002,40404.0,0.0,0.31858000000000003,1.47417,GRC,RUS,6907
1976007,102,186,1416,2002,11566.0,0.0,1.179684,1.0574860000000001,HUN,RUS,6907
1976008,103,186,1416,2002,21090.0,0.0,-0.10020499999999999,1.590314,IDN,RUS,6907
1976009,106,186,1416,2002,5406.0,0.0,1.7232880000000002,0.091172,IRL,RUS,6907
1976010,107,186,1416,2002,34158.0,0.0,-0.5707840000000001,-0.705612,IRN,RUS,6907
1976011,110,186,1416,2002,3380.0,0.0,1.334174,0.654331,ISR,RUS,6907
1976012,111,186,1416,2002,18981678.0,0.0,1.377604,1.2470510000000001,ITA,RUS,6907
1976013,115,186,1416,2002,0.0,179653.0,-0.065332,-0.616159,KAZ,RUS,6907
1976014,117,186,1416,2002,0.0,6316.0,0.081807,0.16872,KGZ,RUS,6907
1976015,121,186,1416,2002,4365.0,0.0,1.186816,1.075947,KOR,RUS,6907
1976016,130,186,1416,2002,115400.0,7283.0,0.23102399999999998,0.586078,LTU,RUS,6907
1976017,132,186,1416,2002,35607.0,11794.0,0.45210200000000006,0.515388,LVA,RUS,6907
1976018,159,186,1416,2002,0.0,5646.0,-1.8315700000000001,-1.25171,NGA,RUS,6907
1976019,177,186,1416,2002,1892773.0,0.0,0.931642,1.721727,POL,RUS,6907
1976020,179,186,1416,2002,554496.0,0.0,0.484407,1.6500080000000001,PRT,RUS,6907
1976021,206,186,1416,2002,1962510.0,0.0,1.1907379999999999,1.050649,SVK,RUS,6907
1976022,207,186,1416,2002,5497.0,0.0,1.5643770000000001,1.043862,SVN,RUS,6907
1976023,224,186,1416,2002,333650.0,0.0,0.11263699999999999,1.83925,TUR,RUS,6907
1976024,228,186,1416,2002,10079.0,13464.0,0.835485,0.872135,UKR,RUS,6907
1976025,231,186,1416,2002,2514.0,0.0,1.821594,0.231296,USA,RUS,6907
1976026,239,186,1416,2002,33634.0,0.0,-0.589665,0.799874,VNM,RUS,6907
1976027,250,186,1416,2002,0.0,1753.0,0.734927,-0.40114099999999997,ANS,RUS,6907
1976028,7,188,1416,2002,203999.0,35733.0,0.044683,-0.247191,ARE,SAU,6907
1976029,14,188,1416,2002,551330.0,0.0,0.231386,0.771628,AUS,SAU,6907
1976030,18,188,1416,2002,19561.0,0.0,1.4097469999999999,1.440169,BEL,SAU,6907
1976031,24,188,1416,2002,8440.0,37698.0,-0.146585,-1.006558,BHR,SAU,6907
1976032,32,188,1416,2002,17142.0,0.0,0.677883,1.0227190000000002,BRA,SAU,6907
1976033,43,188,1416,2002,10760982.0,0.0,0.576746,2.7995520000000003,CHN,SAU,6907
1976034,61,188,1416,2002,868398.0,0.0,2.297691,-2.183239,DEU,SAU,6907
1976035,64,188,1416,2002,30456.0,0.0,1.26594,1.225186,DNK,SAU,6907
1976036,71,188,1416,2002,2349207.0,0.0,1.012246,2.049594,ESP,SAU,6907
1976037,77,188,1416,2002,730896.0,0.0,1.569367,0.9886360000000001,FRA,SAU,6907
1976038,81,188,1416,2002,40717.0,2725.0,1.893177,0.831382,GBR,SAU,6907
1976039,83,188,1416,2002,0.0,1357.0,-1.333425,-1.0709879999999998,GHA,SAU,6907
1976040,90,188,1416,2002,24411.0,0.0,0.31858000000000003,1.47417,GRC,SAU,6907
1976041,103,188,1416,2002,2347.0,0.0,-0.10020499999999999,1.590314,IDN,SAU,6907
1976042,104,188,1416,2002,86343.0,0.0,0.380867,2.608955,IND,SAU,6907
1976043,111,188,1416,2002,12616115.0,0.0,1.377604,1.2470510000000001,ITA,SAU,6907
1976044,114,188,1416,2002,11089.0,0.0,2.556057,0.497673,JPN,SAU,6907
1976045,124,188,1416,2002,5679.0,0.0,0.2729,1.254232,LBN,SAU,6907
1976046,141,188,1416,2002,0.0,3724.0,-0.8948520000000001,-0.863375,MLI,SAU,6907
1976047,148,188,1416,2002,0.0,3960.0,-1.27671,-1.218472,MRT,SAU,6907
1976048,153,188,1416,2002,13138.0,0.0,0.704957,0.243398,MYS,SAU,6907
1976049,162,188,1416,2002,18041.0,0.0,1.206176,1.7136360000000002,NLD,SAU,6907
1976050,167,188,1416,2002,24783.0,10932.0,-1.238769,-1.225841,OMN,SAU,6907
1976051,179,188,1416,2002,24889.0,0.0,0.484407,1.6500080000000001,PRT,SAU,6907
1976052,183,188,1416,2002,0.0,190480.0,-0.306052,-1.098296,QAT,SAU,6907
1976053,190,188,1416,2002,0.0,270834.0,-1.499925,-1.228374,SDN,SAU,6907
1976054,208,188,1416,2002,159157.0,0.0,2.128614,0.7891199999999999,SWE,SAU,6907
1976055,224,188,1416,2002,69850.0,0.0,0.11263699999999999,1.83925,TUR,SAU,6907
1976056,226,188,1416,2002,0.0,5958.0,-1.189463,-0.48640600000000006,TZA,SAU,6907
1976057,231,188,1416,2002,67572.0,0.0,1.821594,0.231296,USA,SAU,6907
1976058,243,188,1416,2002,0.0,27467.0,-1.233006,-1.22101,YEM,SAU,6907
1976059,249,188,1416,2002,9910.0,0.0,1.683858,1.333601,TWN,SAU,6907
1976060,15,206,1416,2002,19514.0,1687.0,1.8651200000000001,0.48423900000000003,AUT,SVK,6907
1976061,18,206,1416,2002,1895.0,0.0,1.4097469999999999,1.440169,BEL,SVK,6907
1976062,23,206,1416,2002,0.0,607806.0,0.37451100000000004,1.573517,BGR,SVK,6907
1976063,39,206,1416,2002,0.0,1350.0,0.9963280000000001,1.1922110000000001,CAN,SVK,6907
1976064,59,206,1416,2002,1656476.0,61125.0,1.550713,1.037066,CZE,SVK,6907
1976065,61,206,1416,2002,197935.0,62484.0,2.297691,-2.183239,DEU,SVK,6907
1976066,71,206,1416,2002,9974.0,0.0,1.012246,2.049594,ESP,SVK,6907
1976067,81,206,1416,2002,0.0,70631.0,1.893177,0.831382,GBR,SVK,6907
1976068,100,206,1416,2002,0.0,965.0,0.591276,1.030723,HRV,SVK,6907
1976069,102,206,1416,2002,2514.0,495120.0,1.179684,1.0574860000000001,HUN,SVK,6907
1976070,111,206,1416,2002,1877525.0,4275.0,1.377604,1.2470510000000001,ITA,SVK,6907
1976071,115,206,1416,2002,0.0,21547.0,-0.065332,-0.616159,KAZ,SVK,6907
1976072,117,206,1416,2002,0.0,3059.0,0.081807,0.16872,KGZ,SVK,6907
1976073,132,206,1416,2002,0.0,25842.0,0.45210200000000006,0.515388,LVA,SVK,6907
1976074,135,206,1416,2002,0.0,45864.0,-0.186001,-0.141598,MDA,SVK,6907
1976075,177,206,1416,2002,207081.0,769036.0,0.931642,1.721727,POL,SVK,6907
1976076,185,206,1416,2002,0.0,689000.0,0.29888200000000004,0.980376,ROU,SVK,6907
1976077,186,206,1416,2002,0.0,1962510.0,1.109397,0.424229,RUS,SVK,6907
1976078,189,206,1416,2002,0.0,28565.0,0.55781,2.135925,SCG,SVK,6907
1976079,207,206,1416,2002,15873.0,0.0,1.5643770000000001,1.043862,SVN,SVK,6907
1976080,208,206,1416,2002,21590.0,0.0,2.128614,0.7891199999999999,SWE,SVK,6907
1976081,224,206,1416,2002,4099.0,0.0,0.11263699999999999,1.83925,TUR,SVK,6907
1976082,228,206,1416,2002,0.0,1410266.0,0.835485,0.872135,UKR,SVK,6907
1976083,231,206,1416,2002,0.0,89789.0,1.821594,0.231296,USA,SVK,6907
1976084,15,207,1416,2002,66969.0,1543.0,1.8651200000000001,0.48423900000000003,AUT,SVN,6907
1976085,23,207,1416,2002,0.0,44904.0,0.37451100000000004,1.573517,BGR,SVN,6907
1976086,26,207,1416,2002,0.0,122574.0,0.26339,0.30287,BIH,SVN,6907
1976087,32,207,1416,2002,2249.0,0.0,0.677883,1.0227190000000002,BRA,SVN,6907
1976088,59,207,1416,2002,210542.0,17744.0,1.550713,1.037066,CZE,SVN,6907
1976089,61,207,1416,2002,138056.0,7614.0,2.297691,-2.183239,DEU,SVN,6907
1976090,71,207,1416,2002,39175.0,0.0,1.012246,2.049594,ESP,SVN,6907
1976091,77,207,1416,2002,3490.0,0.0,1.569367,0.9886360000000001,FRA,SVN,6907
1976092,100,207,1416,2002,0.0,65599.0,0.591276,1.030723,HRV,SVN,6907
1976093,102,207,1416,2002,0.0,159133.0,1.179684,1.0574860000000001,HUN,SVN,6907
1976094,111,207,1416,2002,2814933.0,11893.0,1.377604,1.2470510000000001,ITA,SVN,6907
1976095,132,207,1416,2002,0.0,9409.0,0.45210200000000006,0.515388,LVA,SVN,6907
1976096,140,207,1416,2002,0.0,2421.0,-0.030274000000000002,0.359317,MKD,SVN,6907
1976097,185,207,1416,2002,0.0,24674.0,0.29888200000000004,0.980376,ROU,SVN,6907
1976098,186,207,1416,2002,0.0,5497.0,1.109397,0.424229,RUS,SVN,6907
1976099,189,207,1416,2002,0.0,125678.0,0.55781,2.135925,SCG,SVN,6907
1976100,206,207,1416,2002,0.0,15873.0,1.1907379999999999,1.050649,SVK,SVN,6907
1976101,208,207,1416,2002,10416.0,0.0,2.128614,0.7891199999999999,SWE,SVN,6907
1976102,18,223,1416,2002,77009.0,305016.0,1.4097469999999999,1.440169,BEL,TUN,6907
1976103,24,223,1416,2002,0.0,6812.0,-0.146585,-1.006558,BHR,TUN,6907
1976104,43,223,1416,2002,46336.0,0.0,0.576746,2.7995520000000003,CHN,TUN,6907
1976105,61,223,1416,2002,97481.0,0.0,2.297691,-2.183239,DEU,TUN,6907
1976106,64,223,1416,2002,0.0,864.0,1.26594,1.225186,DNK,TUN,6907
1976107,71,223,1416,2002,1412547.0,0.0,1.012246,2.049594,ESP,TUN,6907
1976108,77,223,1416,2002,630943.0,245420.0,1.569367,0.9886360000000001,FRA,TUN,6907
1976109,83,223,1416,2002,0.0,11553.0,-1.333425,-1.0709879999999998,GHA,TUN,6907
1976110,111,223,1416,2002,1198250.0,5664.0,1.377604,1.2470510000000001,ITA,TUN,6907
1976111,126,223,1416,2002,0.0,132196.0,-0.568615,-1.172261,LBY,TUN,6907
1976112,141,223,1416,2002,0.0,1023.0,-0.8948520000000001,-0.863375,MLI,TUN,6907
1976113,148,223,1416,2002,0.0,8730.0,-1.27671,-1.218472,MRT,TUN,6907
1976114,182,223,1416,2002,0.0,5760.0,0.042936,-0.7421840000000001,PYF,TUN,6907
1976115,191,223,1416,2002,0.0,11933.0,-0.43679700000000005,-0.484176,SEN,TUN,6907
1976116,208,223,1416,2002,8767.0,0.0,2.128614,0.7891199999999999,SWE,TUN,6907
1976117,224,223,1416,2002,7213.0,0.0,0.11263699999999999,1.83925,TUR,TUN,6907
1976118,231,223,1416,2002,0.0,2872.0,1.821594,0.231296,USA,TUN,6907
1976119,7,226,1416,2002,57271.0,0.0,0.044683,-0.247191,ARE,TZA,6907
1976120,14,226,1416,2002,1154.0,0.0,0.231386,0.771628,AUS,TZA,6907
1976121,41,226,1416,2002,805.0,0.0,2.218095,0.620946,CHE,TZA,6907
1976122,43,226,1416,2002,248502.0,0.0,0.576746,2.7995520000000003,CHN,TZA,6907
1976123,64,226,1416,2002,8922.0,0.0,1.26594,1.225186,DNK,TZA,6907
1976124,71,226,1416,2002,277439.0,0.0,1.012246,2.049594,ESP,TZA,6907
1976125,81,226,1416,2002,52899.0,0.0,1.893177,0.831382,GBR,TZA,6907
1976126,103,226,1416,2002,10422.0,0.0,-0.10020499999999999,1.590314,IDN,TZA,6907
1976127,104,226,1416,2002,4402.0,0.0,0.380867,2.608955,IND,TZA,6907
1976128,111,226,1416,2002,200799.0,0.0,1.377604,1.2470510000000001,ITA,TZA,6907
1976129,116,226,1416,2002,3470.0,0.0,-0.555812,0.169204,KEN,TZA,6907
1976130,167,226,1416,2002,2622.0,0.0,-1.238769,-1.225841,OMN,TZA,6907
1976131,188,226,1416,2002,5958.0,0.0,0.082107,-0.843317,SAU,TZA,6907
1976132,216,226,1416,2002,1877.0,0.0,0.432041,1.627953,THA,TZA,6907
1976133,231,226,1416,2002,9455.0,0.0,1.821594,0.231296,USA,TZA,6907
1976134,246,226,1416,2002,23790.0,0.0,0.395943,2.392458,ZAF,TZA,6907
1976135,7,228,1416,2002,8792.0,0.0,0.044683,-0.247191,ARE,UKR,6907
1976136,28,228,1416,2002,476087.0,0.0,0.825865,1.0148979999999999,BLR,UKR,6907
1976137,43,228,1416,2002,120416.0,0.0,0.576746,2.7995520000000003,CHN,UKR,6907
1976138,59,228,1416,2002,1143061.0,0.0,1.550713,1.037066,CZE,UKR,6907
1976139,61,228,1416,2002,426208.0,0.0,2.297691,-2.183239,DEU,UKR,6907
1976140,68,228,1416,2002,2315.0,0.0,-0.377127,0.549439,EGY,UKR,6907
1976141,71,228,1416,2002,251464.0,0.0,1.012246,2.049594,ESP,UKR,6907
1976142,72,228,1416,2002,13976.0,0.0,0.54511,0.9135979999999999,EST,UKR,6907
1976143,77,228,1416,2002,10453.0,0.0,1.569367,0.9886360000000001,FRA,UKR,6907
1976144,81,228,1416,2002,5984.0,0.0,1.893177,0.831382,GBR,UKR,6907
1976145,102,228,1416,2002,11463.0,0.0,1.179684,1.0574860000000001,HUN,UKR,6907
1976146,103,228,1416,2002,4777.0,0.0,-0.10020499999999999,1.590314,IDN,UKR,6907
1976147,110,228,1416,2002,188881.0,0.0,1.334174,0.654331,ISR,UKR,6907
1976148,111,228,1416,2002,2813445.0,0.0,1.377604,1.2470510000000001,ITA,UKR,6907
1976149,130,228,1416,2002,76299.0,0.0,0.23102399999999998,0.586078,LTU,UKR,6907
1976150,135,228,1416,2002,0.0,20366.0,-0.186001,-0.141598,MDA,UKR,6907
1976151,153,228,1416,2002,1525.0,0.0,0.704957,0.243398,MYS,UKR,6907
1976152,162,228,1416,2002,7412.0,0.0,1.206176,1.7136360000000002,NLD,UKR,6907
1976153,177,228,1416,2002,2056070.0,2186.0,0.931642,1.721727,POL,UKR,6907
1976154,179,228,1416,2002,54361.0,0.0,0.484407,1.6500080000000001,PRT,UKR,6907
1976155,186,228,1416,2002,13464.0,10079.0,1.109397,0.424229,RUS,UKR,6907
1976156,190,228,1416,2002,0.0,1953.0,-1.499925,-1.228374,SDN,UKR,6907
1976157,206,228,1416,2002,1410266.0,0.0,1.1907379999999999,1.050649,SVK,UKR,6907
1976158,208,228,1416,2002,12475.0,0.0,2.128614,0.7891199999999999,SWE,UKR,6907
1976159,224,228,1416,2002,486807.0,0.0,0.11263699999999999,1.83925,TUR,UKR,6907
1976160,237,228,1416,2002,136402.0,0.0,1.022393,-0.23957399999999998,VGB,UKR,6907
1976161,239,228,1416,2002,14830.0,0.0,-0.589665,0.799874,VNM,UKR,6907
1976162,7,8,1416,2002,31397.0,0.0,0.044683,-0.247191,ARE,ARG,6907
1976163,14,8,1416,2002,0.0,176709.0,0.231386,0.771628,AUS,ARG,6907
1976164,25,8,1416,2002,0.0,45789.0,0.641626,-0.37892800000000004,BHS,ARG,6907
1976165,31,8,1416,2002,0.0,58566.0,-0.885342,-0.819517,BOL,ARG,6907
1976166,32,8,1416,2002,252058.0,24162.0,0.677883,1.0227190000000002,BRA,ARG,6907
1976167,39,8,1416,2002,0.0,68557.0,0.9963280000000001,1.1922110000000001,CAN,ARG,6907
1976168,42,8,1416,2002,0.0,155850.0,-0.035264,-0.101796,CHL,ARG,6907
1976169,52,8,1416,2002,0.0,13342.0,0.03619,-0.187718,CRI,ARG,6907
1976170,65,8,1416,2002,0.0,6776.0,-0.46284899999999995,-0.39210100000000003,DOM,ARG,6907
1976171,67,8,1416,2002,0.0,17915.0,-0.976218,-0.926393,ECU,ARG,6907
1976172,71,8,1416,2002,16211.0,0.0,1.012246,2.049594,ESP,ARG,6907
1976173,111,8,1416,2002,64511.0,1025.0,1.377604,1.2470510000000001,ITA,ARG,6907
1976174,112,8,1416,2002,0.0,48987.0,-0.604813,-0.9309860000000001,JAM,ARG,6907
1976175,114,8,1416,2002,0.0,15221.0,2.556057,0.497673,JPN,ARG,6907
1976176,138,8,1416,2002,0.0,33186.0,0.942061,0.6311260000000001,MEX,ARG,6907
1976177,147,8,1416,2002,0.0,33851.0,-0.947259,-1.047883,MOZ,ARG,6907
1976178,153,8,1416,2002,10773.0,0.0,0.704957,0.243398,MYS,ARG,6907
1976179,162,8,1416,2002,0.0,193415.0,1.206176,1.7136360000000002,NLD,ARG,6907
1976180,166,8,1416,2002,0.0,1106.0,0.542585,0.854243,NZL,ARG,6907
1976181,180,8,1416,2002,0.0,4246.0,-0.614282,-0.963832,PRY,ARG,6907
1976182,205,8,1416,2002,0.0,7745.0,-0.9120030000000001,-0.8871020000000001,SUR,ARG,6907
1976183,222,8,1416,2002,0.0,8083.0,0.074907,-0.8203879999999999,TTO,ARG,6907
1976184,230,8,1416,2002,0.0,133634.0,0.300502,0.16817000000000001,URY,ARG,6907
1976185,231,8,1416,2002,1723.0,4540045.0,1.821594,0.231296,USA,ARG,6907
1976186,236,8,1416,2002,0.0,10592.0,0.211536,-0.715675,VEN,ARG,6907
1976187,246,8,1416,2002,0.0,7657.0,0.395943,2.392458,ZAF,ARG,6907
1976188,111,37,1416,2002,143824.0,0.0,1.377604,1.2470510000000001,ITA,BWA,6907
1976189,246,37,1416,2002,350744.0,638.0,0.395943,2.392458,ZAF,BWA,6907
1976190,247,37,1416,2002,0.0,1262.0,-0.654686,-0.545346,ZMB,BWA,6907
1976191,248,37,1416,2002,2073.0,1364.0,-0.309483,0.271457,ZWE,BWA,6907
1976192,7,44,1416,2002,554928.0,0.0,0.044683,-0.247191,ARE,CIV,6907
1976193,43,44,1416,2002,293667.0,0.0,0.576746,2.7995520000000003,CHN,CIV,6907
1976194,61,44,1416,2002,5242.0,0.0,2.297691,-2.183239,DEU,CIV,6907
1976195,71,44,1416,2002,26906.0,0.0,1.012246,2.049594,ESP,CIV,6907
1976196,77,44,1416,2002,256113.0,960.0,1.569367,0.9886360000000001,FRA,CIV,6907
1976197,107,44,1416,2002,25464.0,0.0,-0.5707840000000001,-0.705612,IRN,CIV,6907
1976198,111,44,1416,2002,472123.0,0.0,1.377604,1.2470510000000001,ITA,CIV,6907
1976199,141,44,1416,2002,0.0,26334.0,-0.8948520000000001,-0.863375,MLI,CIV,6907
1976200,179,44,1416,2002,29281.0,0.0,0.484407,1.6500080000000001,PRT,CIV,6907
1976201,250,44,1416,2002,2426.0,0.0,0.734927,-0.40114099999999997,ANS,CIV,6907
1976202,7,45,1416,2002,2706.0,0.0,0.044683,-0.247191,ARE,CMR,6907
1976203,43,45,1416,2002,208481.0,0.0,0.576746,2.7995520000000003,CHN,CMR,6907
1976204,61,45,1416,2002,1803.0,0.0,2.297691,-2.183239,DEU,CMR,6907
1976205,71,45,1416,2002,4187.0,0.0,1.012246,2.049594,ESP,CMR,6907
1976206,77,45,1416,2002,548092.0,0.0,1.569367,0.9886360000000001,FRA,CMR,6907
1976207,90,45,1416,2002,4153.0,0.0,0.31858000000000003,1.47417,GRC,CMR,6907
1976208,97,45,1416,2002,1502.0,0.0,0.5701109999999999,1.989357,HKG,CMR,6907
1976209,103,45,1416,2002,10933.0,0.0,-0.10020499999999999,1.590314,IDN,CMR,6907
1976210,111,45,1416,2002,681074.0,0.0,1.377604,1.2470510000000001,ITA,CMR,6907
1976211,231,45,1416,2002,3677.0,0.0,1.821594,0.231296,USA,CMR,6907
1976212,250,45,1416,2002,9067.0,0.0,0.734927,-0.40114099999999997,ANS,CMR,6907
1976213,18,51,1416,2002,3668.0,0.0,1.4097469999999999,1.440169,BEL,CPV,6907
1976214,32,51,1416,2002,14723.0,0.0,0.677883,1.0227190000000002,BRA,CPV,6907
1976215,71,51,1416,2002,5419.0,0.0,1.012246,2.049594,ESP,CPV,6907
1976216,111,51,1416,2002,50751.0,0.0,1.377604,1.2470510000000001,ITA,CPV,6907
1976217,179,51,1416,2002,501350.0,0.0,0.484407,1.6500080000000001,PRT,CPV,6907
1976218,231,51,1416,2002,4191.0,0.0,1.821594,0.231296,USA,CPV,6907
1976219,249,51,1416,2002,139.0,0.0,1.683858,1.333601,TWN,CPV,6907
1976220,18,58,1416,2002,5701.0,0.0,1.4097469999999999,1.440169,BEL,CYP,6907
1976221,32,58,1416,2002,2042.0,0.0,0.677883,1.0227190000000002,BRA,CYP,6907
1976222,43,58,1416,2002,102058.0,0.0,0.576746,2.7995520000000003,CHN,CYP,6907
1976223,59,58,1416,2002,4823.0,0.0,1.550713,1.037066,CZE,CYP,6907
1976224,61,58,1416,2002,138929.0,0.0,2.297691,-2.183239,DEU,CYP,6907
1976225,71,58,1416,2002,214496.0,0.0,1.012246,2.049594,ESP,CYP,6907
1976226,77,58,1416,2002,4586.0,0.0,1.569367,0.9886360000000001,FRA,CYP,6907
1976227,81,58,1416,2002,15544.0,13138.0,1.893177,0.831382,GBR,CYP,6907
1976228,87,58,1416,2002,0.0,651.0,0.075971,-0.068413,GMB,CYP,6907
1976229,90,58,1416,2002,7542.0,7042.0,0.31858000000000003,1.47417,GRC,CYP,6907
1976230,111,58,1416,2002,1628249.0,0.0,1.377604,1.2470510000000001,ITA,CYP,6907
1976231,179,58,1416,2002,34133.0,0.0,0.484407,1.6500080000000001,PRT,CYP,6907
1976232,186,58,1416,2002,0.0,662.0,1.109397,0.424229,RUS,CYP,6907
1976233,208,58,1416,2002,10012.0,0.0,2.128614,0.7891199999999999,SWE,CYP,6907
1976234,224,58,1416,2002,155675.0,0.0,0.11263699999999999,1.83925,TUR,CYP,6907
1976235,231,58,1416,2002,1775.0,0.0,1.821594,0.231296,USA,CYP,6907
1976236,246,58,1416,2002,4534.0,0.0,0.395943,2.392458,ZAF,CYP,6907
1976237,59,72,1416,2002,229179.0,0.0,1.550713,1.037066,CZE,EST,6907
1976238,61,72,1416,2002,115304.0,0.0,2.297691,-2.183239,DEU,EST,6907
1976239,64,72,1416,2002,7404.0,0.0,1.26594,1.225186,DNK,EST,6907
1976240,71,72,1416,2002,15535.0,0.0,1.012246,2.049594,ESP,EST,6907
1976241,74,72,1416,2002,13957.0,6903.0,2.0234240000000003,0.979141,FIN,EST,6907
1976242,77,72,1416,2002,17789.0,0.0,1.569367,0.9886360000000001,FRA,EST,6907
1976243,111,72,1416,2002,858660.0,1114.0,1.377604,1.2470510000000001,ITA,EST,6907
1976244,115,72,1416,2002,0.0,10566.0,-0.065332,-0.616159,KAZ,EST,6907
1976245,130,72,1416,2002,2344.0,6507.0,0.23102399999999998,0.586078,LTU,EST,6907
1976246,132,72,1416,2002,43245.0,16880.0,0.45210200000000006,0.515388,LVA,EST,6907
1976247,163,72,1416,2002,0.0,1131.0,1.110882,0.17164100000000002,NOR,EST,6907
1976248,177,72,1416,2002,212467.0,0.0,0.931642,1.721727,POL,EST,6907
1976249,179,72,1416,2002,201321.0,0.0,0.484407,1.6500080000000001,PRT,EST,6907
1976250,186,72,1416,2002,1083.0,9267.0,1.109397,0.424229,RUS,EST,6907
1976251,208,72,1416,2002,10692.0,33747.0,2.128614,0.7891199999999999,SWE,EST,6907
1976252,228,72,1416,2002,0.0,13976.0,0.835485,0.872135,UKR,EST,6907
1976253,250,72,1416,2002,271325.0,28893.0,0.734927,-0.40114099999999997,ANS,EST,6907
1976254,43,80,1416,2002,26200.0,0.0,0.576746,2.7995520000000003,CHN,GAB,6907
1976255,61,80,1416,2002,1598.0,0.0,2.297691,-2.183239,DEU,GAB,6907
1976256,71,80,1416,2002,9608.0,0.0,1.012246,2.049594,ESP,GAB,6907
1976257,77,80,1416,2002,369970.0,0.0,1.569367,0.9886360000000001,FRA,GAB,6907
1976258,111,80,1416,2002,91909.0,0.0,1.377604,1.2470510000000001,ITA,GAB,6907
1976259,159,80,1416,2002,0.0,1196.0,-1.8315700000000001,-1.25171,NGA,GAB,6907
1976260,179,80,1416,2002,18335.0,0.0,0.484407,1.6500080000000001,PRT,GAB,6907
1976261,246,80,1416,2002,34839.0,0.0,0.395943,2.392458,ZAF,GAB,6907
1976262,7,83,1416,2002,35797.0,0.0,0.044683,-0.247191,ARE,GHA,6907
1976263,15,83,1416,2002,18915.0,0.0,1.8651200000000001,0.48423900000000003,AUT,GHA,6907
1976264,18,83,1416,2002,2230.0,0.0,1.4097469999999999,1.440169,BEL,GHA,6907
1976265,21,83,1416,2002,13166.0,0.0,-0.477813,-0.647148,BFA,GHA,6907
1976266,25,83,1416,2002,28210.0,0.0,0.641626,-0.37892800000000004,BHS,GHA,6907
1976267,32,83,1416,2002,9829.0,0.0,0.677883,1.0227190000000002,BRA,GHA,6907
1976268,39,83,1416,2002,2741.0,0.0,0.9963280000000001,1.1922110000000001,CAN,GHA,6907
1976269,43,83,1416,2002,505774.0,0.0,0.576746,2.7995520000000003,CHN,GHA,6907
1976270,61,83,1416,2002,33754.0,0.0,2.297691,-2.183239,DEU,GHA,6907
1976271,64,83,1416,2002,11324.0,0.0,1.26594,1.225186,DNK,GHA,6907
1976272,68,83,1416,2002,4253.0,0.0,-0.377127,0.549439,EGY,GHA,6907
1976273,71,83,1416,2002,120044.0,0.0,1.012246,2.049594,ESP,GHA,6907
1976274,77,83,1416,2002,41506.0,0.0,1.569367,0.9886360000000001,FRA,GHA,6907
1976275,81,83,1416,2002,2904.0,0.0,1.893177,0.831382,GBR,GHA,6907
1976276,111,83,1416,2002,394591.0,0.0,1.377604,1.2470510000000001,ITA,GHA,6907
1976277,157,83,1416,2002,37055.0,0.0,-0.344562,-0.304996,NER,GHA,6907
1976278,159,83,1416,2002,17097.0,7923.0,-1.8315700000000001,-1.25171,NGA,GHA,6907
1976279,162,83,1416,2002,11050.0,0.0,1.206176,1.7136360000000002,NLD,GHA,6907
1976280,179,83,1416,2002,2949.0,0.0,0.484407,1.6500080000000001,PRT,GHA,6907
1976281,188,83,1416,2002,1357.0,0.0,0.082107,-0.843317,SAU,GHA,6907
1976282,215,83,1416,2002,0.0,1425.0,-0.6810039999999999,-0.6286930000000001,TGO,GHA,6907
1976283,223,83,1416,2002,11553.0,0.0,-0.221951,0.325506,TUN,GHA,6907
1976284,230,83,1416,2002,484.0,0.0,0.300502,0.16817000000000001,URY,GHA,6907
1976285,231,83,1416,2002,8862.0,0.0,1.821594,0.231296,USA,GHA,6907
1976286,239,83,1416,2002,6364.0,0.0,-0.589665,0.799874,VNM,GHA,6907
1976287,246,83,1416,2002,4892.0,0.0,0.395943,2.392458,ZAF,GHA,6907
1976288,14,134,1416,2002,0.0,18401.0,0.231386,0.771628,AUS,MAR,6907
1976289,18,134,1416,2002,0.0,84489.0,1.4097469999999999,1.440169,BEL,MAR,6907
1976290,41,134,1416,2002,18816.0,6713.0,2.218095,0.620946,CHE,MAR,6907
1976291,43,134,1416,2002,41529.0,0.0,0.576746,2.7995520000000003,CHN,MAR,6907
1976292,61,134,1416,2002,56487.0,0.0,2.297691,-2.183239,DEU,MAR,6907
1976293,71,134,1416,2002,894087.0,13934.0,1.012246,2.049594,ESP,MAR,6907
1976294,77,134,1416,2002,406314.0,93027.0,1.569367,0.9886360000000001,FRA,MAR,6907
1976295,81,134,1416,2002,0.0,1516.0,1.893177,0.831382,GBR,MAR,6907
1976296,110,134,1416,2002,0.0,1751.0,1.334174,0.654331,ISR,MAR,6907
1976297,111,134,1416,2002,208242.0,0.0,1.377604,1.2470510000000001,ITA,MAR,6907
1976298,141,134,1416,2002,0.0,7522.0,-0.8948520000000001,-0.863375,MLI,MAR,6907
1976299,148,134,1416,2002,0.0,2138.0,-1.27671,-1.218472,MRT,MAR,6907
1976300,162,134,1416,2002,0.0,3796.0,1.206176,1.7136360000000002,NLD,MAR,6907
1976301,179,134,1416,2002,15877.0,0.0,0.484407,1.6500080000000001,PRT,MAR,6907
1976302,191,134,1416,2002,0.0,3461.0,-0.43679700000000005,-0.484176,SEN,MAR,6907
1976303,224,134,1416,2002,26203.0,0.0,0.11263699999999999,1.83925,TUR,MAR,6907
1976304,231,134,1416,2002,0.0,18979.0,1.821594,0.231296,USA,MAR,6907
1976305,250,134,1416,2002,0.0,3417.0,0.734927,-0.40114099999999997,ANS,MAR,6907
1976306,7,141,1416,2002,47885.0,0.0,0.044683,-0.247191,ARE,MLI,6907
1976307,18,141,1416,2002,26405.0,0.0,1.4097469999999999,1.440169,BEL,MLI,6907
1976308,43,141,1416,2002,12323.0,0.0,0.576746,2.7995520000000003,CHN,MLI,6907
1976309,44,141,1416,2002,26334.0,0.0,-0.816327,-0.711765,CIV,MLI,6907
1976310,71,141,1416,2002,2207.0,0.0,1.012246,2.049594,ESP,MLI,6907
1976311,77,141,1416,2002,212233.0,0.0,1.569367,0.9886360000000001,FRA,MLI,6907
1976312,97,141,1416,2002,78837.0,0.0,0.5701109999999999,1.989357,HKG,MLI,6907
1976313,103,141,1416,2002,4983.0,0.0,-0.10020499999999999,1.590314,IDN,MLI,6907
1976314,111,141,1416,2002,202125.0,0.0,1.377604,1.2470510000000001,ITA,MLI,6907
1976315,114,141,1416,2002,1726.0,0.0,2.556057,0.497673,JPN,MLI,6907
1976316,134,141,1416,2002,7522.0,0.0,-0.810467,-0.34807899999999997,MAR,MLI,6907
1976317,179,141,1416,2002,4655.0,0.0,0.484407,1.6500080000000001,PRT,MLI,6907
1976318,188,141,1416,2002,3724.0,0.0,0.082107,-0.843317,SAU,MLI,6907
1976319,191,141,1416,2002,13523.0,0.0,-0.43679700000000005,-0.484176,SEN,MLI,6907
1976320,192,141,1416,2002,6251.0,0.0,1.481857,0.648889,SGP,MLI,6907
1976321,215,141,1416,2002,1195.0,0.0,-0.6810039999999999,-0.6286930000000001,TGO,MLI,6907
1976322,216,141,1416,2002,2381.0,0.0,0.432041,1.627953,THA,MLI,6907
1976323,223,141,1416,2002,1023.0,0.0,-0.221951,0.325506,TUN,MLI,6907
1976324,249,141,1416,2002,241.0,0.0,1.683858,1.333601,TWN,MLI,6907
1976325,8,147,1416,2002,33851.0,0.0,0.284536,0.517425,ARG,MOZ,6907
1976326,18,147,1416,2002,4580.0,0.0,1.4097469999999999,1.440169,BEL,MOZ,6907
1976327,32,147,1416,2002,49586.0,0.0,0.677883,1.0227190000000002,BRA,MOZ,6907
1976328,43,147,1416,2002,5569.0,0.0,0.576746,2.7995520000000003,CHN,MOZ,6907
1976329,71,147,1416,2002,240921.0,0.0,1.012246,2.049594,ESP,MOZ,6907
1976330,111,147,1416,2002,3101.0,0.0,1.377604,1.2470510000000001,ITA,MOZ,6907
1976331,152,147,1416,2002,2709.0,0.0,-1.441416,-1.214651,MWI,MOZ,6907
1976332,153,147,1416,2002,8819.0,0.0,0.704957,0.243398,MYS,MOZ,6907
1976333,179,147,1416,2002,197486.0,0.0,0.484407,1.6500080000000001,PRT,MOZ,6907
1976334,192,147,1416,2002,1998.0,0.0,1.481857,0.648889,SGP,MOZ,6907
1976335,231,147,1416,2002,2139.0,0.0,1.821594,0.231296,USA,MOZ,6907
1976336,246,147,1416,2002,47951.0,0.0,0.395943,2.392458,ZAF,MOZ,6907
1976337,248,147,1416,2002,4574.0,0.0,-0.309483,0.271457,ZWE,MOZ,6907
1976338,249,147,1416,2002,3676.0,0.0,1.683858,1.333601,TWN,MOZ,6907
1976339,2,155,1416,2002,0.0,24621.0,-2.018135,-1.222751,AGO,NAM,6907
1976340,61,155,1416,2002,214335.0,0.0,2.297691,-2.183239,DEU,NAM,6907
1976341,71,155,1416,2002,8196.0,0.0,1.012246,2.049594,ESP,NAM,6907
1976342,111,155,1416,2002,56104.0,0.0,1.377604,1.2470510000000001,ITA,NAM,6907
1976343,162,155,1416,2002,20162.0,0.0,1.206176,1.7136360000000002,NLD,NAM,6907
1976344,246,155,1416,2002,96027.0,0.0,0.395943,2.392458,ZAF,NAM,6907
1976345,250,155,1416,2002,38323.0,0.0,0.734927,-0.40114099999999997,ANS,NAM,6907
1976346,18,159,1416,2002,89378.0,0.0,1.4097469999999999,1.440169,BEL,NGA,6907
1976347,23,159,1416,2002,2758.0,0.0,0.37451100000000004,1.573517,BGR,NGA,6907
1976348,32,159,1416,2002,11413.0,0.0,0.677883,1.0227190000000002,BRA,NGA,6907
1976349,38,159,1416,2002,25402.0,0.0,-0.45315200000000005,-0.764876,CAF,NGA,6907
1976350,43,159,1416,2002,2118556.0,0.0,0.576746,2.7995520000000003,CHN,NGA,6907
1976351,61,159,1416,2002,153325.0,0.0,2.297691,-2.183239,DEU,NGA,6907
1976352,71,159,1416,2002,688406.0,0.0,1.012246,2.049594,ESP,NGA,6907
1976353,77,159,1416,2002,540077.0,0.0,1.569367,0.9886360000000001,FRA,NGA,6907
1976354,78,159,1416,2002,13311.0,0.0,-0.410455,-0.821335,FRO,NGA,6907
1976355,80,159,1416,2002,1196.0,0.0,-0.830094,-1.149233,GAB,NGA,6907
1976356,81,159,1416,2002,18745.0,0.0,1.893177,0.831382,GBR,NGA,6907
1976357,83,159,1416,2002,7923.0,17097.0,-1.333425,-1.0709879999999998,GHA,NGA,6907
1976358,85,159,1416,2002,0.0,1844.0,-1.85329,-1.243105,GIN,NGA,6907
1976359,91,159,1416,2002,1352.0,0.0,0.552833,-0.283761,GRD,NGA,6907
1976360,97,159,1416,2002,22199.0,0.0,0.5701109999999999,1.989357,HKG,NGA,6907
1976361,103,159,1416,2002,7828.0,0.0,-0.10020499999999999,1.590314,IDN,NGA,6907
1976362,104,159,1416,2002,9508.0,0.0,0.380867,2.608955,IND,NGA,6907
1976363,107,159,1416,2002,3882.0,0.0,-0.5707840000000001,-0.705612,IRN,NGA,6907
1976364,111,159,1416,2002,2144510.0,0.0,1.377604,1.2470510000000001,ITA,NGA,6907
1976365,121,159,1416,2002,78054.0,0.0,1.186816,1.075947,KOR,NGA,6907
1976366,124,159,1416,2002,6508.0,0.0,0.2729,1.254232,LBN,NGA,6907
1976367,186,159,1416,2002,5646.0,0.0,1.109397,0.424229,RUS,NGA,6907
1976368,192,159,1416,2002,7527.0,0.0,1.481857,0.648889,SGP,NGA,6907
1976369,231,159,1416,2002,115695.0,0.0,1.821594,0.231296,USA,NGA,6907
1976370,246,159,1416,2002,23219.0,0.0,0.395943,2.392458,ZAF,NGA,6907
1976371,249,159,1416,2002,107137.0,0.0,1.683858,1.333601,TWN,NGA,6907
1976372,18,191,1416,2002,10490.0,0.0,1.4097469999999999,1.440169,BEL,SEN,6907
1976373,43,191,1416,2002,166756.0,0.0,0.576746,2.7995520000000003,CHN,SEN,6907
1976374,61,191,1416,2002,1660.0,0.0,2.297691,-2.183239,DEU,SEN,6907
1976375,71,191,1416,2002,85165.0,0.0,1.012246,2.049594,ESP,SEN,6907
1976376,77,191,1416,2002,883311.0,0.0,1.569367,0.9886360000000001,FRA,SEN,6907
1976377,111,191,1416,2002,2033260.0,0.0,1.377604,1.2470510000000001,ITA,SEN,6907
1976378,134,191,1416,2002,3461.0,0.0,-0.810467,-0.34807899999999997,MAR,SEN,6907
1976379,141,191,1416,2002,0.0,13523.0,-0.8948520000000001,-0.863375,MLI,SEN,6907
1976380,148,191,1416,2002,0.0,1630.0,-1.27671,-1.218472,MRT,SEN,6907
1976381,179,191,1416,2002,8342.0,0.0,0.484407,1.6500080000000001,PRT,SEN,6907
1976382,223,191,1416,2002,11933.0,0.0,-0.221951,0.325506,TUN,SEN,6907
1976383,224,191,1416,2002,1099.0,0.0,0.11263699999999999,1.83925,TUR,SEN,6907
1976384,179,203,1416,2002,82773.0,0.0,0.484407,1.6500080000000001,PRT,STP,6907
1976385,32,215,1416,2002,1401.0,0.0,0.677883,1.0227190000000002,BRA,TGO,6907
1976386,43,215,1416,2002,214332.0,0.0,0.576746,2.7995520000000003,CHN,TGO,6907
1976387,71,215,1416,2002,44730.0,0.0,1.012246,2.049594,ESP,TGO,6907
1976388,77,215,1416,2002,89412.0,0.0,1.569367,0.9886360000000001,FRA,TGO,6907
1976389,83,215,1416,2002,1425.0,0.0,-1.333425,-1.0709879999999998,GHA,TGO,6907
1976390,97,215,1416,2002,1173.0,0.0,0.5701109999999999,1.989357,HKG,TGO,6907
1976391,103,215,1416,2002,2407.0,0.0,-0.10020499999999999,1.590314,IDN,TGO,6907
1976392,111,215,1416,2002,65804.0,0.0,1.377604,1.2470510000000001,ITA,TGO,6907
1976393,141,215,1416,2002,0.0,1195.0,-0.8948520000000001,-0.863375,MLI,TGO,6907
1976394,157,215,1416,2002,0.0,1254.0,-0.344562,-0.304996,NER,TGO,6907
1976395,7,227,1416,2002,66447.0,0.0,0.044683,-0.247191,ARE,UGA,6907
1976396,18,227,1416,2002,791.0,0.0,1.4097469999999999,1.440169,BEL,UGA,6907
1976397,41,227,1416,2002,1166.0,0.0,2.218095,0.620946,CHE,UGA,6907
1976398,43,227,1416,2002,2820.0,0.0,0.576746,2.7995520000000003,CHN,UGA,6907
1976399,46,227,1416,2002,0.0,1305.0,-1.2657370000000001,-1.108659,COD,UGA,6907
1976400,71,227,1416,2002,89183.0,0.0,1.012246,2.049594,ESP,UGA,6907
1976401,77,227,1416,2002,26072.0,0.0,1.569367,0.9886360000000001,FRA,UGA,6907
1976402,104,227,1416,2002,22323.0,0.0,0.380867,2.608955,IND,UGA,6907
1976403,111,227,1416,2002,27845.0,0.0,1.377604,1.2470510000000001,ITA,UGA,6907
1976404,114,227,1416,2002,1003.0,0.0,2.556057,0.497673,JPN,UGA,6907
1976405,116,227,1416,2002,2057.0,0.0,-0.555812,0.169204,KEN,UGA,6907
1976406,246,227,1416,2002,2543.0,0.0,0.395943,2.392458,ZAF,UGA,6907
1976407,7,247,1416,2002,9902.0,0.0,0.044683,-0.247191,ARE,ZMB,6907
1976408,37,247,1416,2002,1262.0,0.0,-0.14025,-1.018399,BWA,ZMB,6907
1976409,43,247,1416,2002,139853.0,0.0,0.576746,2.7995520000000003,CHN,ZMB,6907
1976410,103,247,1416,2002,5047.0,0.0,-0.10020499999999999,1.590314,IDN,ZMB,6907
1976411,111,247,1416,2002,10748.0,0.0,1.377604,1.2470510000000001,ITA,ZMB,6907
1976412,116,247,1416,2002,5964.0,0.0,-0.555812,0.169204,KEN,ZMB,6907
1976413,246,247,1416,2002,56563.0,0.0,0.395943,2.392458,ZAF,ZMB,6907
1976414,248,247,1416,2002,8686.0,0.0,-0.309483,0.271457,ZWE,ZMB,6907
1976415,37,248,1416,2002,1364.0,2073.0,-0.14025,-1.018399,BWA,ZWE,6907
1976416,43,248,1416,2002,16413.0,0.0,0.576746,2.7995520000000003,CHN,ZWE,6907
1976417,71,248,1416,2002,24292.0,0.0,1.012246,2.049594,ESP,ZWE,6907
1976418,77,248,1416,2002,18763.0,0.0,1.569367,0.9886360000000001,FRA,ZWE,6907
1976419,81,248,1416,2002,0.0,2042.0,1.893177,0.831382,GBR,ZWE,6907
1976420,111,248,1416,2002,5880.0,0.0,1.377604,1.2470510000000001,ITA,ZWE,6907
1976421,116,248,1416,2002,1208.0,0.0,-0.555812,0.169204,KEN,ZWE,6907
1976422,147,248,1416,2002,0.0,4574.0,-0.947259,-1.047883,MOZ,ZWE,6907
1976423,246,248,1416,2002,68537.0,0.0,0.395943,2.392458,ZAF,ZWE,6907
1976424,247,248,1416,2002,0.0,8686.0,-0.654686,-0.545346,ZMB,ZWE,6907
1976425,25,120,1416,2002,0.0,3916.0,0.641626,-0.37892800000000004,BHS,KNA,6907
1976426,39,120,1416,2002,24465.0,0.0,0.9963280000000001,1.1922110000000001,CAN,KNA,6907
1976427,61,120,1416,2002,5226.0,0.0,2.297691,-2.183239,DEU,KNA,6907
1976428,222,120,1416,2002,3680.0,0.0,0.074907,-0.8203879999999999,TTO,KNA,6907
1976429,231,120,1416,2002,11428.0,908.0,1.821594,0.231296,USA,KNA,6907
1976430,7,152,1416,2002,1397.0,0.0,0.044683,-0.247191,ARE,MWI,6907
1976431,43,152,1416,2002,1132.0,0.0,0.576746,2.7995520000000003,CHN,MWI,6907
1976432,111,152,1416,2002,16537.0,0.0,1.377604,1.2470510000000001,ITA,MWI,6907
1976433,147,152,1416,2002,0.0,2709.0,-0.947259,-1.047883,MOZ,MWI,6907
1976434,246,152,1416,2002,42738.0,0.0,0.395943,2.392458,ZAF,MWI,6907
1976435,14,176,1416,2002,31292.0,0.0,0.231386,0.771628,AUS,PNG,6907
1976436,43,176,1416,2002,41995.0,0.0,0.576746,2.7995520000000003,CHN,PNG,6907
1976437,103,176,1416,2002,5256.0,0.0,-0.10020499999999999,1.590314,IDN,PNG,6907
1976438,153,176,1416,2002,46458.0,0.0,0.704957,0.243398,MYS,PNG,6907
1976439,166,176,1416,2002,1488.0,0.0,0.542585,0.854243,NZL,PNG,6907
1976440,231,176,1416,2002,7202.0,0.0,1.821594,0.231296,USA,PNG,6907
1976441,222,234,1416,2002,22651.0,0.0,0.074907,-0.8203879999999999,TTO,VCT,6907
1976442,231,234,1416,2002,30810.0,0.0,1.821594,0.231296,USA,VCT,6907
1976443,7,24,1416,2002,3279.0,0.0,0.044683,-0.247191,ARE,BHR,6907
1976444,43,24,1416,2002,488362.0,0.0,0.576746,2.7995520000000003,CHN,BHR,6907
1976445,61,24,1416,2002,66973.0,0.0,2.297691,-2.183239,DEU,BHR,6907
1976446,71,24,1416,2002,22394.0,0.0,1.012246,2.049594,ESP,BHR,6907
1976447,74,24,1416,2002,3522.0,0.0,2.0234240000000003,0.979141,FIN,BHR,6907
1976448,77,24,1416,2002,106446.0,0.0,1.569367,0.9886360000000001,FRA,BHR,6907
1976449,81,24,1416,2002,2829.0,0.0,1.893177,0.831382,GBR,BHR,6907
1976450,103,24,1416,2002,2767.0,0.0,-0.10020499999999999,1.590314,IDN,BHR,6907
1976451,104,24,1416,2002,28792.0,0.0,0.380867,2.608955,IND,BHR,6907
1976452,107,24,1416,2002,3557.0,0.0,-0.5707840000000001,-0.705612,IRN,BHR,6907
1976453,111,24,1416,2002,1489397.0,0.0,1.377604,1.2470510000000001,ITA,BHR,6907
1976454,113,24,1416,2002,11664.0,0.0,0.24197600000000002,0.196635,JOR,BHR,6907
1976455,153,24,1416,2002,55576.0,0.0,0.704957,0.243398,MYS,BHR,6907
1976456,162,24,1416,2002,8245.0,0.0,1.206176,1.7136360000000002,NLD,BHR,6907
1976457,179,24,1416,2002,37010.0,0.0,0.484407,1.6500080000000001,PRT,BHR,6907
1976458,183,24,1416,2002,9709.0,2747.0,-0.306052,-1.098296,QAT,BHR,6907
1976459,188,24,1416,2002,37698.0,8440.0,0.082107,-0.843317,SAU,BHR,6907
1976460,190,24,1416,2002,0.0,2157.0,-1.499925,-1.228374,SDN,BHR,6907
1976461,223,24,1416,2002,6812.0,0.0,-0.221951,0.325506,TUN,BHR,6907
1976462,231,24,1416,2002,5955.0,0.0,1.821594,0.231296,USA,BHR,6907
1976463,41,26,1416,2002,0.0,8149.0,2.218095,0.620946,CHE,BIH,6907
1976464,59,26,1416,2002,102742.0,0.0,1.550713,1.037066,CZE,BIH,6907
1976465,61,26,1416,2002,3000.0,0.0,2.297691,-2.183239,DEU,BIH,6907
1976466,71,26,1416,2002,146007.0,5510.0,1.012246,2.049594,ESP,BIH,6907
1976467,77,26,1416,2002,0.0,22918.0,1.569367,0.9886360000000001,FRA,BIH,6907
1976468,100,26,1416,2002,6120.0,3106.0,0.591276,1.030723,HRV,BIH,6907
1976469,102,26,1416,2002,1000.0,0.0,1.179684,1.0574860000000001,HUN,BIH,6907
1976470,111,26,1416,2002,3346454.0,0.0,1.377604,1.2470510000000001,ITA,BIH,6907
1976471,189,26,1416,2002,8835.0,0.0,0.55781,2.135925,SCG,BIH,6907
1976472,207,26,1416,2002,122574.0,0.0,1.5643770000000001,1.043862,SVN,BIH,6907
1976473,208,26,1416,2002,45146.0,0.0,2.128614,0.7891199999999999,SWE,BIH,6907
1976474,7,100,1416,2002,20359.0,0.0,0.044683,-0.247191,ARE,HRV,6907
1976475,15,100,1416,2002,2102.0,0.0,1.8651200000000001,0.48423900000000003,AUT,HRV,6907
1976476,26,100,1416,2002,3106.0,6120.0,0.26339,0.30287,BIH,HRV,6907
1976477,41,100,1416,2002,1248.0,0.0,2.218095,0.620946,CHE,HRV,6907
1976478,59,100,1416,2002,31006.0,0.0,1.550713,1.037066,CZE,HRV,6907
1976479,61,100,1416,2002,184892.0,0.0,2.297691,-2.183239,DEU,HRV,6907
1976480,71,100,1416,2002,95475.0,0.0,1.012246,2.049594,ESP,HRV,6907
1976481,77,100,1416,2002,5140.0,0.0,1.569367,0.9886360000000001,FRA,HRV,6907
1976482,90,100,1416,2002,9556.0,0.0,0.31858000000000003,1.47417,GRC,HRV,6907
1976483,102,100,1416,2002,1849.0,24078.0,1.179684,1.0574860000000001,HUN,HRV,6907
1976484,111,100,1416,2002,5470272.0,18811.0,1.377604,1.2470510000000001,ITA,HRV,6907
1976485,177,100,1416,2002,0.0,40273.0,0.931642,1.721727,POL,HRV,6907
1976486,206,100,1416,2002,965.0,0.0,1.1907379999999999,1.050649,SVK,HRV,6907
1976487,207,100,1416,2002,65599.0,0.0,1.5643770000000001,1.043862,SVN,HRV,6907
1976488,208,100,1416,2002,61517.0,0.0,2.128614,0.7891199999999999,SWE,HRV,6907
1976489,18,109,1416,2002,841.0,0.0,1.4097469999999999,1.440169,BEL,ISL,6907
1976490,32,109,1416,2002,681.0,0.0,0.677883,1.0227190000000002,BRA,ISL,6907
1976491,43,109,1416,2002,1684.0,0.0,0.576746,2.7995520000000003,CHN,ISL,6907
1976492,61,109,1416,2002,126120.0,0.0,2.297691,-2.183239,DEU,ISL,6907
1976493,71,109,1416,2002,20002.0,0.0,1.012246,2.049594,ESP,ISL,6907
1976494,77,109,1416,2002,23542.0,0.0,1.569367,0.9886360000000001,FRA,ISL,6907
1976495,81,109,1416,2002,10903.0,0.0,1.893177,0.831382,GBR,ISL,6907
1976496,111,109,1416,2002,261454.0,0.0,1.377604,1.2470510000000001,ITA,ISL,6907
1976497,130,109,1416,2002,741.0,0.0,0.23102399999999998,0.586078,LTU,ISL,6907
1976498,162,109,1416,2002,8700.0,0.0,1.206176,1.7136360000000002,NLD,ISL,6907
1976499,179,109,1416,2002,27614.0,0.0,0.484407,1.6500080000000001,PRT,ISL,6907
1976500,208,109,1416,2002,2011.0,0.0,2.128614,0.7891199999999999,SWE,ISL,6907
1976501,43,126,1416,2002,5634.0,0.0,0.576746,2.7995520000000003,CHN,LBY,6907
1976502,61,126,1416,2002,102000.0,0.0,2.297691,-2.183239,DEU,LBY,6907
1976503,71,126,1416,2002,60330.0,0.0,1.012246,2.049594,ESP,LBY,6907
1976504,81,126,1416,2002,23071.0,0.0,1.893177,0.831382,GBR,LBY,6907
1976505,111,126,1416,2002,779960.0,0.0,1.377604,1.2470510000000001,ITA,LBY,6907
1976506,179,126,1416,2002,17721.0,0.0,0.484407,1.6500080000000001,PRT,LBY,6907
1976507,223,126,1416,2002,132196.0,0.0,-0.221951,0.325506,TUN,LBY,6907
1976508,224,126,1416,2002,7917.0,0.0,0.11263699999999999,1.83925,TUR,LBY,6907
1976509,7,135,1416,2002,14293.0,0.0,0.044683,-0.247191,ARE,MDA,6907
1976510,28,135,1416,2002,388382.0,0.0,0.825865,1.0148979999999999,BLR,MDA,6907
1976511,59,135,1416,2002,32472.0,0.0,1.550713,1.037066,CZE,MDA,6907
1976512,61,135,1416,2002,5313.0,0.0,2.297691,-2.183239,DEU,MDA,6907
1976513,71,135,1416,2002,4806.0,0.0,1.012246,2.049594,ESP,MDA,6907
1976514,111,135,1416,2002,102690.0,0.0,1.377604,1.2470510000000001,ITA,MDA,6907
1976515,177,135,1416,2002,61502.0,0.0,0.931642,1.721727,POL,MDA,6907
1976516,185,135,1416,2002,42263.0,24880.0,0.29888200000000004,0.980376,ROU,MDA,6907
1976517,206,135,1416,2002,45864.0,0.0,1.1907379999999999,1.050649,SVK,MDA,6907
1976518,224,135,1416,2002,74208.0,0.0,0.11263699999999999,1.83925,TUR,MDA,6907
1976519,228,135,1416,2002,20366.0,0.0,0.835485,0.872135,UKR,MDA,6907
1976520,4,140,1416,2002,3383.0,0.0,-0.127828,-0.126857,ALB,MKD,6907
1976521,15,140,1416,2002,2241.0,0.0,1.8651200000000001,0.48423900000000003,AUT,MKD,6907
1976522,23,140,1416,2002,117603.0,0.0,0.37451100000000004,1.573517,BGR,MKD,6907
1976523,41,140,1416,2002,9340.0,0.0,2.218095,0.620946,CHE,MKD,6907
1976524,61,140,1416,2002,15196.0,0.0,2.297691,-2.183239,DEU,MKD,6907
1976525,77,140,1416,2002,2057.0,0.0,1.569367,0.9886360000000001,FRA,MKD,6907
1976526,90,140,1416,2002,13605.0,0.0,0.31858000000000003,1.47417,GRC,MKD,6907
1976527,111,140,1416,2002,418954.0,0.0,1.377604,1.2470510000000001,ITA,MKD,6907
1976528,189,140,1416,2002,4204.0,0.0,0.55781,2.135925,SCG,MKD,6907
1976529,207,140,1416,2002,2421.0,0.0,1.5643770000000001,1.043862,SVN,MKD,6907
1976530,224,140,1416,2002,1502.0,0.0,0.11263699999999999,1.83925,TUR,MKD,6907
1976531,43,143,1416,2002,185600.0,0.0,0.576746,2.7995520000000003,CHN,MMR,6907
1976532,192,143,1416,2002,18526.0,0.0,1.481857,0.648889,SGP,MMR,6907
1976533,216,143,1416,2002,162447.0,0.0,0.432041,1.627953,THA,MMR,6907
1976534,239,143,1416,2002,82266.0,0.0,-0.589665,0.799874,VNM,MMR,6907
1976535,32,178,1416,2002,8812.0,0.0,0.677883,1.0227190000000002,BRA,PRK,6907
1976536,43,178,1416,2002,157292.0,0.0,0.576746,2.7995520000000003,CHN,PRK,6907
1976537,71,178,1416,2002,22374.0,0.0,1.012246,2.049594,ESP,PRK,6907
1976538,97,178,1416,2002,3131.0,0.0,0.5701109999999999,1.989357,HKG,PRK,6907
1976539,111,178,1416,2002,273312.0,0.0,1.377604,1.2470510000000001,ITA,PRK,6907
1976540,114,178,1416,2002,3903.0,0.0,2.556057,0.497673,JPN,PRK,6907
1976541,4,189,1416,2002,3235.0,0.0,-0.127828,-0.126857,ALB,SCG,6907
1976542,23,189,1416,2002,2237.0,0.0,0.37451100000000004,1.573517,BGR,SCG,6907
1976543,26,189,1416,2002,0.0,8835.0,0.26339,0.30287,BIH,SCG,6907
1976544,41,189,1416,2002,4384.0,0.0,2.218095,0.620946,CHE,SCG,6907
1976545,43,189,1416,2002,66348.0,0.0,0.576746,2.7995520000000003,CHN,SCG,6907
1976546,59,189,1416,2002,12694.0,0.0,1.550713,1.037066,CZE,SCG,6907
1976547,61,189,1416,2002,18600.0,0.0,2.297691,-2.183239,DEU,SCG,6907
1976548,68,189,1416,2002,2113.0,0.0,-0.377127,0.549439,EGY,SCG,6907
1976549,71,189,1416,2002,143154.0,0.0,1.012246,2.049594,ESP,SCG,6907
1976550,77,189,1416,2002,6606.0,0.0,1.569367,0.9886360000000001,FRA,SCG,6907
1976551,90,189,1416,2002,302798.0,0.0,0.31858000000000003,1.47417,GRC,SCG,6907
1976552,102,189,1416,2002,7366.0,863.0,1.179684,1.0574860000000001,HUN,SCG,6907
1976553,111,189,1416,2002,2670455.0,1083.0,1.377604,1.2470510000000001,ITA,SCG,6907
1976554,140,189,1416,2002,0.0,4204.0,-0.030274000000000002,0.359317,MKD,SCG,6907
1976555,153,189,1416,2002,5819.0,0.0,0.704957,0.243398,MYS,SCG,6907
1976556,177,189,1416,2002,1499.0,0.0,0.931642,1.721727,POL,SCG,6907
1976557,185,189,1416,2002,0.0,89727.0,0.29888200000000004,0.980376,ROU,SCG,6907
1976558,206,189,1416,2002,28565.0,0.0,1.1907379999999999,1.050649,SVK,SCG,6907
1976559,207,189,1416,2002,125678.0,0.0,1.5643770000000001,1.043862,SVN,SCG,6907
1976560,208,189,1416,2002,74340.0,0.0,2.128614,0.7891199999999999,SWE,SCG,6907
1976561,224,189,1416,2002,5935.0,0.0,0.11263699999999999,1.83925,TUR,SCG,6907
1976562,71,212,1416,2002,11863.0,0.0,1.012246,2.049594,ESP,SYR,6907
1976563,111,212,1416,2002,78565.0,0.0,1.377604,1.2470510000000001,ITA,SYR,6907
1976564,113,212,1416,2002,0.0,148407.0,0.24197600000000002,0.196635,JOR,SYR,6907
1976565,124,212,1416,2002,0.0,10514.0,0.2729,1.254232,LBN,SYR,6907
1976566,183,212,1416,2002,0.0,1479.0,-0.306052,-1.098296,QAT,SYR,6907
1976567,7,85,1416,2002,21411.0,0.0,0.044683,-0.247191,ARE,GIN,6907
1976568,43,85,1416,2002,6349.0,0.0,0.576746,2.7995520000000003,CHN,GIN,6907
1976569,61,85,1416,2002,23287.0,0.0,2.297691,-2.183239,DEU,GIN,6907
1976570,71,85,1416,2002,30946.0,0.0,1.012246,2.049594,ESP,GIN,6907
1976571,77,85,1416,2002,102742.0,0.0,1.569367,0.9886360000000001,FRA,GIN,6907
1976572,103,85,1416,2002,7420.0,0.0,-0.10020499999999999,1.590314,IDN,GIN,6907
1976573,111,85,1416,2002,839602.0,0.0,1.377604,1.2470510000000001,ITA,GIN,6907
1976574,159,85,1416,2002,1844.0,0.0,-1.8315700000000001,-1.25171,NGA,GIN,6907
1976575,162,85,1416,2002,1767.0,0.0,1.206176,1.7136360000000002,NLD,GIN,6907
1976576,179,85,1416,2002,21307.0,0.0,0.484407,1.6500080000000001,PRT,GIN,6907
1976577,196,85,1416,2002,0.0,22504.0,0.397488,-0.027672000000000002,SLE,GIN,6907
1976578,224,85,1416,2002,32653.0,0.0,0.11263699999999999,1.83925,TUR,GIN,6907
1976579,14,133,1416,2002,884.0,0.0,0.231386,0.771628,AUS,MAC,6907
1976580,43,133,1416,2002,197286.0,0.0,0.576746,2.7995520000000003,CHN,MAC,6907
1976581,61,133,1416,2002,11583.0,0.0,2.297691,-2.183239,DEU,MAC,6907
1976582,71,133,1416,2002,192802.0,0.0,1.012246,2.049594,ESP,MAC,6907
1976583,77,133,1416,2002,2176.0,0.0,1.569367,0.9886360000000001,FRA,MAC,6907
1976584,97,133,1416,2002,253367.0,3106.0,0.5701109999999999,1.989357,HKG,MAC,6907
1976585,103,133,1416,2002,1695.0,0.0,-0.10020499999999999,1.590314,IDN,MAC,6907
1976586,111,133,1416,2002,109983.0,0.0,1.377604,1.2470510000000001,ITA,MAC,6907
1976587,114,133,1416,2002,80597.0,0.0,2.556057,0.497673,JPN,MAC,6907
1976588,153,133,1416,2002,2875.0,0.0,0.704957,0.243398,MYS,MAC,6907
1976589,179,133,1416,2002,4745.0,7724.0,0.484407,1.6500080000000001,PRT,MAC,6907
1976590,231,133,1416,2002,0.0,18661.0,1.821594,0.231296,USA,MAC,6907
1976591,43,168,1416,2002,987470.0,0.0,0.576746,2.7995520000000003,CHN,PAK,6907
1976592,71,168,1416,2002,91937.0,0.0,1.012246,2.049594,ESP,PAK,6907
1976593,104,168,1416,2002,6947.0,0.0,0.380867,2.608955,IND,PAK,6907
1976594,111,168,1416,2002,205202.0,0.0,1.377604,1.2470510000000001,ITA,PAK,6907
1976595,153,168,1416,2002,87156.0,0.0,0.704957,0.243398,MYS,PAK,6907
1976596,43,0,1416,2002,4341.0,0.0,0.576746,2.7995520000000003,CHN,ABW,6907
1976597,49,0,1416,2002,24925.0,0.0,0.345094,0.37787800000000005,COL,ABW,6907
1976598,111,0,1416,2002,66048.0,0.0,1.377604,1.2470510000000001,ITA,ABW,6907
1976599,162,0,1416,2002,76649.0,0.0,1.206176,1.7136360000000002,NLD,ABW,6907
1976600,231,3,1416,2002,7508.0,0.0,1.821594,0.231296,USA,AIA,6907
1976601,32,29,1416,2002,3537.0,0.0,0.677883,1.0227190000000002,BRA,BLZ,6907
1976602,138,29,1416,2002,50435.0,0.0,0.942061,0.6311260000000001,MEX,BLZ,6907
1976603,222,29,1416,2002,0.0,11814.0,0.074907,-0.8203879999999999,TTO,BLZ,6907
1976604,8,31,1416,2002,58566.0,0.0,0.284536,0.517425,ARG,BOL,6907
1976605,32,31,1416,2002,151201.0,0.0,0.677883,1.0227190000000002,BRA,BOL,6907
1976606,43,31,1416,2002,1201.0,0.0,0.576746,2.7995520000000003,CHN,BOL,6907
1976607,71,31,1416,2002,84404.0,0.0,1.012246,2.049594,ESP,BOL,6907
1976608,111,31,1416,2002,59246.0,0.0,1.377604,1.2470510000000001,ITA,BOL,6907
1976609,173,31,1416,2002,13026.0,19649.0,-0.6126199999999999,0.085944,PER,BOL,6907
1976610,231,31,1416,2002,9098.0,9946.0,1.821594,0.231296,USA,BOL,6907
1976611,7,73,1416,2002,370395.0,0.0,0.044683,-0.247191,ARE,ETH,6907
1976612,43,73,1416,2002,45065.0,0.0,0.576746,2.7995520000000003,CHN,ETH,6907
1976613,61,73,1416,2002,2209.0,0.0,2.297691,-2.183239,DEU,ETH,6907
1976614,68,73,1416,2002,1093.0,0.0,-0.377127,0.549439,EGY,ETH,6907
1976615,71,73,1416,2002,1976.0,0.0,1.012246,2.049594,ESP,ETH,6907
1976616,77,73,1416,2002,6800.0,1500.0,1.569367,0.9886360000000001,FRA,ETH,6907
1976617,103,73,1416,2002,1011.0,0.0,-0.10020499999999999,1.590314,IDN,ETH,6907
1976618,104,73,1416,2002,21950.0,0.0,0.380867,2.608955,IND,ETH,6907
1976619,111,73,1416,2002,23348.0,0.0,1.377604,1.2470510000000001,ITA,ETH,6907
1976620,39,91,1416,2002,2690.0,0.0,0.9963280000000001,1.1922110000000001,CAN,GRD,6907
1976621,71,91,1416,2002,1466.0,0.0,1.012246,2.049594,ESP,GRD,6907
1976622,81,91,1416,2002,38955.0,0.0,1.893177,0.831382,GBR,GRD,6907
1976623,111,91,1416,2002,115734.0,0.0,1.377604,1.2470510000000001,ITA,GRD,6907
1976624,159,91,1416,2002,0.0,1352.0,-1.8315700000000001,-1.25171,NGA,GRD,6907
1976625,222,91,1416,2002,57211.0,0.0,0.074907,-0.8203879999999999,TTO,GRD,6907
1976626,231,91,1416,2002,38393.0,0.0,1.821594,0.231296,USA,GRD,6907
1976627,236,91,1416,2002,5056.0,0.0,0.211536,-0.715675,VEN,GRD,6907
1976628,43,1,1416,2002,37213.0,0.0,0.576746,2.7995520000000003,CHN,AFG,6907
1976629,103,1,1416,2002,25977.0,0.0,-0.10020499999999999,1.590314,IDN,AFG,6907
1976630,107,1,1416,2002,4650.0,0.0,-0.5707840000000001,-0.705612,IRN,AFG,6907
1976631,43,4,1416,2002,62999.0,0.0,0.576746,2.7995520000000003,CHN,ALB,6907
1976632,61,4,1416,2002,1248.0,0.0,2.297691,-2.183239,DEU,ALB,6907
1976633,71,4,1416,2002,3470822.0,0.0,1.012246,2.049594,ESP,ALB,6907
1976634,77,4,1416,2002,0.0,3669.0,1.569367,0.9886360000000001,FRA,ALB,6907
1976635,90,4,1416,2002,50003.0,0.0,0.31858000000000003,1.47417,GRC,ALB,6907
1976636,111,4,1416,2002,3516255.0,275547.0,1.377604,1.2470510000000001,ITA,ALB,6907
1976637,140,4,1416,2002,0.0,3383.0,-0.030274000000000002,0.359317,MKD,ALB,6907
1976638,189,4,1416,2002,0.0,3235.0,0.55781,2.135925,SCG,ALB,6907
1976639,224,4,1416,2002,39890.0,0.0,0.11263699999999999,1.83925,TUR,ALB,6907
1976640,59,9,1416,2002,2920.0,0.0,1.550713,1.037066,CZE,ARM,6907
1976641,61,9,1416,2002,3256.0,0.0,2.297691,-2.183239,DEU,ARM,6907
1976642,71,9,1416,2002,4006.0,0.0,1.012246,2.049594,ESP,ARM,6907
1976643,107,9,1416,2002,2345.0,0.0,-0.5707840000000001,-0.705612,IRN,ARM,6907
1976644,111,9,1416,2002,51766.0,0.0,1.377604,1.2470510000000001,ITA,ARM,6907
1976645,7,17,1416,2002,40626.0,0.0,0.044683,-0.247191,ARE,BDI,6907
1976646,18,17,1416,2002,3404.0,0.0,1.4097469999999999,1.440169,BEL,BDI,6907
1976647,43,17,1416,2002,3133.0,0.0,0.576746,2.7995520000000003,CHN,BDI,6907
1976648,71,17,1416,2002,3448.0,0.0,1.012246,2.049594,ESP,BDI,6907
1976649,81,17,1416,2002,1419.0,0.0,1.893177,0.831382,GBR,BDI,6907
1976650,103,17,1416,2002,1080.0,0.0,-0.10020499999999999,1.590314,IDN,BDI,6907
1976651,111,17,1416,2002,15935.0,0.0,1.377604,1.2470510000000001,ITA,BDI,6907
1976652,114,17,1416,2002,820.0,0.0,2.556057,0.497673,JPN,BDI,6907
1976653,116,17,1416,2002,11027.0,0.0,-0.555812,0.169204,KEN,BDI,6907
1976654,7,21,1416,2002,693.0,0.0,0.044683,-0.247191,ARE,BFA,6907
1976655,43,21,1416,2002,38003.0,0.0,0.576746,2.7995520000000003,CHN,BFA,6907
1976656,71,21,1416,2002,83081.0,0.0,1.012246,2.049594,ESP,BFA,6907
1976657,77,21,1416,2002,65993.0,0.0,1.569367,0.9886360000000001,FRA,BFA,6907
1976658,83,21,1416,2002,0.0,13166.0,-1.333425,-1.0709879999999998,GHA,BFA,6907
1976659,97,21,1416,2002,701.0,0.0,0.5701109999999999,1.989357,HKG,BFA,6907
1976660,103,21,1416,2002,997.0,0.0,-0.10020499999999999,1.590314,IDN,BFA,6907
1976661,111,21,1416,2002,72870.0,0.0,1.377604,1.2470510000000001,ITA,BFA,6907
1976662,7,34,1416,2002,1340.0,0.0,0.044683,-0.247191,ARE,BRN,6907
1976663,43,34,1416,2002,233271.0,0.0,0.576746,2.7995520000000003,CHN,BRN,6907
1976664,61,34,1416,2002,1626.0,0.0,2.297691,-2.183239,DEU,BRN,6907
1976665,71,34,1416,2002,252171.0,0.0,1.012246,2.049594,ESP,BRN,6907
1976666,97,34,1416,2002,21833.0,0.0,0.5701109999999999,1.989357,HKG,BRN,6907
1976667,103,34,1416,2002,91736.0,0.0,-0.10020499999999999,1.590314,IDN,BRN,6907
1976668,104,34,1416,2002,3702.0,0.0,0.380867,2.608955,IND,BRN,6907
1976669,111,34,1416,2002,13992.0,0.0,1.377604,1.2470510000000001,ITA,BRN,6907
1976670,114,34,1416,2002,58150.0,0.0,2.556057,0.497673,JPN,BRN,6907
1976671,153,34,1416,2002,404799.0,148.0,0.704957,0.243398,MYS,BRN,6907
1976672,166,34,1416,2002,144242.0,0.0,0.542585,0.854243,NZL,BRN,6907
1976673,174,34,1416,2002,10307.0,0.0,0.055439999999999996,-0.179809,PHL,BRN,6907
1976674,192,34,1416,2002,136434.0,0.0,1.481857,0.648889,SGP,BRN,6907
1976675,216,34,1416,2002,211786.0,0.0,0.432041,1.627953,THA,BRN,6907
1976676,239,34,1416,2002,7049.0,0.0,-0.589665,0.799874,VNM,BRN,6907
1976677,249,34,1416,2002,9783.0,0.0,1.683858,1.333601,TWN,BRN,6907
1976678,7,50,1416,2002,13429.0,0.0,0.044683,-0.247191,ARE,COM,6907
1976679,77,50,1416,2002,21949.0,0.0,1.569367,0.9886360000000001,FRA,COM,6907
1976680,136,50,1416,2002,1318.0,0.0,-1.120167,-0.43338699999999997,MDG,COM,6907
1976681,154,50,1416,2002,2005.0,0.0,0.34587399999999996,-0.537626,MYT,COM,6907
1976682,43,63,1416,2002,47564.0,0.0,0.576746,2.7995520000000003,CHN,DMA,6907
1976683,61,63,1416,2002,724.0,0.0,2.297691,-2.183239,DEU,DMA,6907
1976684,77,63,1416,2002,5933.0,0.0,1.569367,0.9886360000000001,FRA,DMA,6907
1976685,222,63,1416,2002,2387.0,0.0,0.074907,-0.8203879999999999,TTO,DMA,6907
1976686,231,63,1416,2002,1433.0,0.0,1.821594,0.231296,USA,DMA,6907
1976687,236,63,1416,2002,8288.0,0.0,0.211536,-0.715675,VEN,DMA,6907
1976688,14,75,1416,2002,25641.0,0.0,0.231386,0.771628,AUS,FJI,6907
1976689,43,75,1416,2002,17565.0,0.0,0.576746,2.7995520000000003,CHN,FJI,6907
1976690,97,75,1416,2002,710.0,0.0,0.5701109999999999,1.989357,HKG,FJI,6907
1976691,103,75,1416,2002,18687.0,0.0,-0.10020499999999999,1.590314,IDN,FJI,6907
1976692,104,75,1416,2002,7601.0,0.0,0.380867,2.608955,IND,FJI,6907
1976693,111,75,1416,2002,13710.0,0.0,1.377604,1.2470510000000001,ITA,FJI,6907
1976694,119,75,1416,2002,0.0,2202.0,0.016975,-0.791141,KIR,FJI,6907
1976695,121,75,1416,2002,0.0,3643.0,1.186816,1.075947,KOR,FJI,6907
1976696,153,75,1416,2002,118953.0,0.0,0.704957,0.243398,MYS,FJI,6907
1976697,166,75,1416,2002,17551.0,2986.0,0.542585,0.854243,NZL,FJI,6907
1976698,225,75,1416,2002,0.0,1337.0,-0.141984,-0.15720399999999998,TUV,FJI,6907
1976699,231,75,1416,2002,3492.0,0.0,1.821594,0.231296,USA,FJI,6907
1976700,242,75,1416,2002,0.0,798.0,-0.053287,-0.5183399999999999,WSM,FJI,6907
1976701,249,75,1416,2002,9065.0,0.0,1.683858,1.333601,TWN,FJI,6907
1976702,250,75,1416,2002,0.0,1229.0,0.734927,-0.40114099999999997,ANS,FJI,6907
1976703,18,87,1416,2002,4964.0,0.0,1.4097469999999999,1.440169,BEL,GMB,6907
1976704,43,87,1416,2002,19225.0,0.0,0.576746,2.7995520000000003,CHN,GMB,6907
1976705,58,87,1416,2002,651.0,0.0,0.381391,0.40265,CYP,GMB,6907
1976706,61,87,1416,2002,1827.0,0.0,2.297691,-2.183239,DEU,GMB,6907
1976707,71,87,1416,2002,49060.0,0.0,1.012246,2.049594,ESP,GMB,6907
1976708,77,87,1416,2002,31301.0,0.0,1.569367,0.9886360000000001,FRA,GMB,6907
1976709,81,87,1416,2002,19593.0,0.0,1.893177,0.831382,GBR,GMB,6907
1976710,103,87,1416,2002,9251.0,0.0,-0.10020499999999999,1.590314,IDN,GMB,6907
1976711,111,87,1416,2002,152133.0,0.0,1.377604,1.2470510000000001,ITA,GMB,6907
1976712,208,87,1416,2002,5706.0,0.0,2.128614,0.7891199999999999,SWE,GMB,6907
1976713,61,108,1416,2002,9000.0,0.0,2.297691,-2.183239,DEU,IRQ,6907
1976714,107,108,1416,2002,42856.0,0.0,-0.5707840000000001,-0.705612,IRN,IRQ,6907
1976715,239,108,1416,2002,597650.0,0.0,-0.589665,0.799874,VNM,IRQ,6907
1976716,43,118,1416,2002,1025192.0,0.0,0.576746,2.7995520000000003,CHN,KHM,6907
1976717,71,118,1416,2002,18251.0,0.0,1.012246,2.049594,ESP,KHM,6907
1976718,81,118,1416,2002,0.0,1768.0,1.893177,0.831382,GBR,KHM,6907
1976719,97,118,1416,2002,81815.0,0.0,0.5701109999999999,1.989357,HKG,KHM,6907
1976720,103,118,1416,2002,8136.0,0.0,-0.10020499999999999,1.590314,IDN,KHM,6907
1976721,153,118,1416,2002,35241.0,0.0,0.704957,0.243398,MYS,KHM,6907
1976722,192,118,1416,2002,6634.0,0.0,1.481857,0.648889,SGP,KHM,6907
1976723,216,118,1416,2002,2892.0,0.0,0.432041,1.627953,THA,KHM,6907
1976724,239,118,1416,2002,223392.0,0.0,-0.589665,0.799874,VNM,KHM,6907
1976725,43,136,1416,2002,51218.0,0.0,0.576746,2.7995520000000003,CHN,MDG,6907
1976726,50,136,1416,2002,0.0,1318.0,-0.95335,-0.916942,COM,MDG,6907
1976727,71,136,1416,2002,4449.0,0.0,1.012246,2.049594,ESP,MDG,6907
1976728,77,136,1416,2002,27108.0,0.0,1.569367,0.9886360000000001,FRA,MDG,6907
1976729,97,136,1416,2002,971.0,0.0,0.5701109999999999,1.989357,HKG,MDG,6907
1976730,111,136,1416,2002,6365.0,0.0,1.377604,1.2470510000000001,ITA,MDG,6907
1976731,7,137,1416,2002,10934.0,0.0,0.044683,-0.247191,ARE,MDV,6907
1976732,14,137,1416,2002,10546.0,0.0,0.231386,0.771628,AUS,MDV,6907
1976733,43,137,1416,2002,892.0,0.0,0.576746,2.7995520000000003,CHN,MDV,6907
1976734,103,137,1416,2002,90282.0,0.0,-0.10020499999999999,1.590314,IDN,MDV,6907
1976735,104,137,1416,2002,89431.0,0.0,0.380867,2.608955,IND,MDV,6907
1976736,111,137,1416,2002,31550.0,0.0,1.377604,1.2470510000000001,ITA,MDV,6907
1976737,128,137,1416,2002,3947.0,0.0,-0.740927,0.023171,LKA,MDV,6907
1976738,153,137,1416,2002,39411.0,0.0,0.704957,0.243398,MYS,MDV,6907
1976739,192,137,1416,2002,60038.0,0.0,1.481857,0.648889,SGP,MDV,6907
1976740,216,137,1416,2002,2334.0,0.0,0.432041,1.627953,THA,MDV,6907
1976741,7,148,1416,2002,51988.0,0.0,0.044683,-0.247191,ARE,MRT,6907
1976742,18,148,1416,2002,30605.0,0.0,1.4097469999999999,1.440169,BEL,MRT,6907
1976743,43,148,1416,2002,13522.0,0.0,0.576746,2.7995520000000003,CHN,MRT,6907
1976744,71,148,1416,2002,56872.0,0.0,1.012246,2.049594,ESP,MRT,6907
1976745,77,148,1416,2002,99290.0,0.0,1.569367,0.9886360000000001,FRA,MRT,6907
1976746,103,148,1416,2002,15713.0,0.0,-0.10020499999999999,1.590314,IDN,MRT,6907
1976747,111,148,1416,2002,17200.0,0.0,1.377604,1.2470510000000001,ITA,MRT,6907
1976748,134,148,1416,2002,2138.0,0.0,-0.810467,-0.34807899999999997,MAR,MRT,6907
1976749,188,148,1416,2002,3960.0,0.0,0.082107,-0.843317,SAU,MRT,6907
1976750,191,148,1416,2002,1630.0,0.0,-0.43679700000000005,-0.484176,SEN,MRT,6907
1976751,223,148,1416,2002,8730.0,0.0,-0.221951,0.325506,TUN,MRT,6907
1976752,250,148,1416,2002,8022.0,0.0,0.734927,-0.40114099999999997,ANS,MRT,6907
1976753,7,151,1416,2002,81051.0,0.0,0.044683,-0.247191,ARE,MUS,6907
1976754,12,151,1416,2002,0.0,8383.0,1.532758,-0.491439,ATF,MUS,6907
1976755,14,151,1416,2002,17926.0,0.0,0.231386,0.771628,AUS,MUS,6907
1976756,32,151,1416,2002,18801.0,0.0,0.677883,1.0227190000000002,BRA,MUS,6907
1976757,43,151,1416,2002,154183.0,0.0,0.576746,2.7995520000000003,CHN,MUS,6907
1976758,71,151,1416,2002,238413.0,0.0,1.012246,2.049594,ESP,MUS,6907
1976759,77,151,1416,2002,63826.0,0.0,1.569367,0.9886360000000001,FRA,MUS,6907
1976760,81,151,1416,2002,6985.0,0.0,1.893177,0.831382,GBR,MUS,6907
1976761,103,151,1416,2002,53871.0,0.0,-0.10020499999999999,1.590314,IDN,MUS,6907
1976762,104,151,1416,2002,32048.0,0.0,0.380867,2.608955,IND,MUS,6907
1976763,111,151,1416,2002,427804.0,0.0,1.377604,1.2470510000000001,ITA,MUS,6907
1976764,153,151,1416,2002,62730.0,0.0,0.704957,0.243398,MYS,MUS,6907
1976765,167,151,1416,2002,0.0,5220.0,-1.238769,-1.225841,OMN,MUS,6907
1976766,211,151,1416,2002,0.0,2993.0,-0.977247,-0.927527,SYC,MUS,6907
1976767,216,151,1416,2002,198780.0,0.0,0.432041,1.627953,THA,MUS,6907
1976768,231,151,1416,2002,2400.0,0.0,1.821594,0.231296,USA,MUS,6907
1976769,239,151,1416,2002,10446.0,0.0,-0.589665,0.799874,VNM,MUS,6907
1976770,246,151,1416,2002,23102.0,0.0,0.395943,2.392458,ZAF,MUS,6907
1976771,7,154,1416,2002,12575.0,0.0,0.044683,-0.247191,ARE,MYT,6907
1976772,50,154,1416,2002,0.0,2005.0,-0.95335,-0.916942,COM,MYT,6907
1976773,71,154,1416,2002,781.0,0.0,1.012246,2.049594,ESP,MYT,6907
1976774,77,154,1416,2002,122286.0,0.0,1.569367,0.9886360000000001,FRA,MYT,6907
1976775,103,154,1416,2002,27124.0,0.0,-0.10020499999999999,1.590314,IDN,MYT,6907
1976776,14,156,1416,2002,100480.0,0.0,0.231386,0.771628,AUS,NCL,6907
1976777,43,156,1416,2002,4762.0,0.0,0.576746,2.7995520000000003,CHN,NCL,6907
1976778,71,156,1416,2002,7499.0,0.0,1.012246,2.049594,ESP,NCL,6907
1976779,77,156,1416,2002,313702.0,0.0,1.569367,0.9886360000000001,FRA,NCL,6907
1976780,111,156,1416,2002,234924.0,0.0,1.377604,1.2470510000000001,ITA,NCL,6907
1976781,166,156,1416,2002,5265.0,0.0,0.542585,0.854243,NZL,NCL,6907
1976782,241,156,1416,2002,0.0,3796.0,0.5689420000000001,-0.737647,WLF,NCL,6907
1976783,77,157,1416,2002,17271.0,0.0,1.569367,0.9886360000000001,FRA,NER,6907
1976784,83,157,1416,2002,0.0,37055.0,-1.333425,-1.0709879999999998,GHA,NER,6907
1976785,111,157,1416,2002,15865.0,0.0,1.377604,1.2470510000000001,ITA,NER,6907
1976786,215,157,1416,2002,1254.0,0.0,-0.6810039999999999,-0.6286930000000001,TGO,NER,6907
1976787,231,157,1416,2002,3406.0,0.0,1.821594,0.231296,USA,NER,6907
1976788,7,187,1416,2002,27736.0,0.0,0.044683,-0.247191,ARE,RWA,6907
1976789,18,187,1416,2002,6258.0,0.0,1.4097469999999999,1.440169,BEL,RWA,6907
1976790,43,187,1416,2002,12698.0,0.0,0.576746,2.7995520000000003,CHN,RWA,6907
1976791,61,187,1416,2002,9993.0,0.0,2.297691,-2.183239,DEU,RWA,6907
1976792,71,187,1416,2002,5982.0,0.0,1.012246,2.049594,ESP,RWA,6907
1976793,104,187,1416,2002,722.0,0.0,0.380867,2.608955,IND,RWA,6907
1976794,111,187,1416,2002,10167.0,0.0,1.377604,1.2470510000000001,ITA,RWA,6907
1976795,116,187,1416,2002,25758.0,0.0,-0.555812,0.169204,KEN,RWA,6907
1976796,43,196,1416,2002,64738.0,0.0,0.576746,2.7995520000000003,CHN,SLE,6907
1976797,71,196,1416,2002,53376.0,0.0,1.012246,2.049594,ESP,SLE,6907
1976798,77,196,1416,2002,24595.0,0.0,1.569367,0.9886360000000001,FRA,SLE,6907
1976799,81,196,1416,2002,4651.0,0.0,1.893177,0.831382,GBR,SLE,6907
1976800,85,196,1416,2002,22504.0,0.0,-1.85329,-1.243105,GIN,SLE,6907
1976801,103,196,1416,2002,10106.0,0.0,-0.10020499999999999,1.590314,IDN,SLE,6907
1976802,104,196,1416,2002,7390.0,0.0,0.380867,2.608955,IND,SLE,6907
1976803,111,196,1416,2002,128667.0,0.0,1.377604,1.2470510000000001,ITA,SLE,6907
1976804,124,196,1416,2002,5598.0,0.0,0.2729,1.254232,LBN,SLE,6907
1976805,246,209,1416,2002,59094.0,73.0,0.395943,2.392458,ZAF,SWZ,6907
1976806,32,211,1416,2002,39817.0,0.0,0.677883,1.0227190000000002,BRA,SYC,6907
1976807,43,211,1416,2002,7632.0,0.0,0.576746,2.7995520000000003,CHN,SYC,6907
1976808,71,211,1416,2002,2067.0,0.0,1.012246,2.049594,ESP,SYC,6907
1976809,77,211,1416,2002,32101.0,0.0,1.569367,0.9886360000000001,FRA,SYC,6907
1976810,104,211,1416,2002,17211.0,0.0,0.380867,2.608955,IND,SYC,6907
1976811,111,211,1416,2002,56632.0,0.0,1.377604,1.2470510000000001,ITA,SYC,6907
1976812,151,211,1416,2002,2993.0,0.0,-0.37937600000000005,-0.388848,MUS,SYC,6907
1976813,192,211,1416,2002,10710.0,0.0,1.481857,0.648889,SGP,SYC,6907
1976814,231,211,1416,2002,1017.0,0.0,1.821594,0.231296,USA,SYC,6907
1976815,246,211,1416,2002,17855.0,0.0,0.395943,2.392458,ZAF,SYC,6907
1976816,71,217,1416,2002,7709.0,0.0,1.012246,2.049594,ESP,TJK,6907
1976817,117,217,1416,2002,4303.0,0.0,0.081807,0.16872,KGZ,TJK,6907
1976818,14,242,1416,2002,54492.0,0.0,0.231386,0.771628,AUS,WSM,6907
1976819,75,242,1416,2002,798.0,0.0,-0.588136,-0.242883,FJI,WSM,6907
1976820,153,242,1416,2002,9650.0,0.0,0.704957,0.243398,MYS,WSM,6907
1976821,166,242,1416,2002,5305.0,0.0,0.542585,0.854243,NZL,WSM,6907
1976822,43,243,1416,2002,57400.0,0.0,0.576746,2.7995520000000003,CHN,YEM,6907
1976823,61,243,1416,2002,115000.0,0.0,2.297691,-2.183239,DEU,YEM,6907
1976824,77,243,1416,2002,73658.0,0.0,1.569367,0.9886360000000001,FRA,YEM,6907
1976825,103,243,1416,2002,65022.0,0.0,-0.10020499999999999,1.590314,IDN,YEM,6907
1976826,111,243,1416,2002,235866.0,0.0,1.377604,1.2470510000000001,ITA,YEM,6907
1976827,188,243,1416,2002,27467.0,0.0,0.082107,-0.843317,SAU,YEM,6907
1976828,18,2,1416,2002,16866.0,0.0,1.4097469999999999,1.440169,BEL,AGO,6907
1976829,32,2,1416,2002,4949.0,0.0,0.677883,1.0227190000000002,BRA,AGO,6907
1976830,43,2,1416,2002,2278.0,0.0,0.576746,2.7995520000000003,CHN,AGO,6907
1976831,71,2,1416,2002,80468.0,0.0,1.012246,2.049594,ESP,AGO,6907
1976832,77,2,1416,2002,81232.0,0.0,1.569367,0.9886360000000001,FRA,AGO,6907
1976833,103,2,1416,2002,11857.0,0.0,-0.10020499999999999,1.590314,IDN,AGO,6907
1976834,111,2,1416,2002,112048.0,0.0,1.377604,1.2470510000000001,ITA,AGO,6907
1976835,155,2,1416,2002,24621.0,0.0,-0.314161,-0.521778,NAM,AGO,6907
1976836,179,2,1416,2002,2350333.0,0.0,0.484407,1.6500080000000001,PRT,AGO,6907
1976837,246,2,1416,2002,96442.0,0.0,0.395943,2.392458,ZAF,AGO,6907
1976838,18,46,1416,2002,39173.0,0.0,1.4097469999999999,1.440169,BEL,COD,6907
1976839,77,46,1416,2002,10394.0,0.0,1.569367,0.9886360000000001,FRA,COD,6907
1976840,111,46,1416,2002,5671.0,0.0,1.377604,1.2470510000000001,ITA,COD,6907
1976841,227,46,1416,2002,1305.0,0.0,-1.038337,-0.896425,UGA,COD,6907
1976842,246,46,1416,2002,23303.0,0.0,0.395943,2.392458,ZAF,COD,6907
1976843,43,47,1416,2002,33193.0,0.0,0.576746,2.7995520000000003,CHN,COG,6907
1976844,61,47,1416,2002,44000.0,0.0,2.297691,-2.183239,DEU,COG,6907
1976845,77,47,1416,2002,191756.0,0.0,1.569367,0.9886360000000001,FRA,COG,6907
1976846,103,47,1416,2002,5602.0,0.0,-0.10020499999999999,1.590314,IDN,COG,6907
1976847,104,47,1416,2002,1548.0,0.0,0.380867,2.608955,IND,COG,6907
1976848,111,47,1416,2002,144736.0,0.0,1.377604,1.2470510000000001,ITA,COG,6907
1976849,246,47,1416,2002,2823.0,0.0,0.395943,2.392458,ZAF,COG,6907
1976850,61,78,1416,2002,1845.0,0.0,2.297691,-2.183239,DEU,FRO,6907
1976851,64,78,1416,2002,24089.0,0.0,1.26594,1.225186,DNK,FRO,6907
1976852,77,78,1416,2002,130.0,0.0,1.569367,0.9886360000000001,FRA,FRO,6907
1976853,111,78,1416,2002,4806.0,0.0,1.377604,1.2470510000000001,ITA,FRO,6907
1976854,159,78,1416,2002,0.0,13311.0,-1.8315700000000001,-1.25171,NGA,FRO,6907
1976855,71,89,1416,2002,98917.0,0.0,1.012246,2.049594,ESP,GNQ,6907
1976856,77,89,1416,2002,17023.0,0.0,1.569367,0.9886360000000001,FRA,GNQ,6907
1976857,111,89,1416,2002,47659.0,0.0,1.377604,1.2470510000000001,ITA,GNQ,6907
1976858,43,101,1416,2002,5648.0,0.0,0.576746,2.7995520000000003,CHN,HTI,6907
1976859,49,101,1416,2002,6537.0,0.0,0.345094,0.37787800000000005,COL,HTI,6907
1976860,77,101,1416,2002,117311.0,0.0,1.569367,0.9886360000000001,FRA,HTI,6907
1976861,111,101,1416,2002,61031.0,0.0,1.377604,1.2470510000000001,ITA,HTI,6907
1976862,231,101,1416,2002,47721.0,0.0,1.821594,0.231296,USA,HTI,6907
1976863,179,125,1416,2002,3358.0,0.0,0.484407,1.6500080000000001,PRT,LBR,6907
1976864,33,127,1416,2002,1001.0,0.0,0.762217,0.004367,BRB,LCA,6907
1976865,49,127,1416,2002,5169.0,0.0,0.345094,0.37787800000000005,COL,LCA,6907
1976866,61,127,1416,2002,1621.0,0.0,2.297691,-2.183239,DEU,LCA,6907
1976867,77,127,1416,2002,1521.0,0.0,1.569367,0.9886360000000001,FRA,LCA,6907
1976868,111,127,1416,2002,22623.0,0.0,1.377604,1.2470510000000001,ITA,LCA,6907
1976869,222,127,1416,2002,16114.0,0.0,0.074907,-0.8203879999999999,TTO,LCA,6907
1976870,231,127,1416,2002,113530.0,0.0,1.821594,0.231296,USA,LCA,6907
1976871,246,129,1416,2002,6111.0,0.0,0.395943,2.392458,ZAF,LSO,6907
1976872,14,182,1416,2002,2385.0,0.0,0.231386,0.771628,AUS,PYF,6907
1976873,43,182,1416,2002,636.0,0.0,0.576746,2.7995520000000003,CHN,PYF,6907
1976874,71,182,1416,2002,17188.0,0.0,1.012246,2.049594,ESP,PYF,6907
1976875,77,182,1416,2002,356200.0,0.0,1.569367,0.9886360000000001,FRA,PYF,6907
1976876,111,182,1416,2002,468634.0,0.0,1.377604,1.2470510000000001,ITA,PYF,6907
1976877,166,182,1416,2002,5028.0,0.0,0.542585,0.854243,NZL,PYF,6907
1976878,223,182,1416,2002,5760.0,0.0,-0.221951,0.325506,TUN,PYF,6907
1976879,231,182,1416,2002,17531.0,0.0,1.821594,0.231296,USA,PYF,6907
1976880,103,220,1416,2002,187817.0,0.0,-0.10020499999999999,1.590314,IDN,TLS,6907
1976881,43,232,1416,2002,10818.0,0.0,0.576746,2.7995520000000003,CHN,UZB,6907
1976882,59,232,1416,2002,18314.0,0.0,1.550713,1.037066,CZE,UZB,6907
1976883,61,232,1416,2002,2000.0,0.0,2.297691,-2.183239,DEU,UZB,6907
1976884,71,232,1416,2002,4514.0,0.0,1.012246,2.049594,ESP,UZB,6907
1976885,111,232,1416,2002,14189.0,0.0,1.377604,1.2470510000000001,ITA,UZB,6907
1976886,130,232,1416,2002,23356.0,0.0,0.23102399999999998,0.586078,LTU,UZB,6907
1976887,224,232,1416,2002,194790.0,0.0,0.11263699999999999,1.83925,TUR,UZB,6907
1976888,38,250,1416,2002,0.0,3655.0,-0.45315200000000005,-0.764876,CAF,ANS,6907
1976889,42,250,1416,2002,0.0,12536.0,-0.035264,-0.101796,CHL,ANS,6907
1976890,43,250,1416,2002,3169.0,0.0,0.576746,2.7995520000000003,CHN,ANS,6907
1976891,44,250,1416,2002,0.0,2426.0,-0.816327,-0.711765,CIV,ANS,6907
1976892,45,250,1416,2002,0.0,9067.0,-1.114477,-1.0516510000000001,CMR,ANS,6907
1976893,49,250,1416,2002,0.0,49464.0,0.345094,0.37787800000000005,COL,ANS,6907
1976894,59,250,1416,2002,6721.0,0.0,1.550713,1.037066,CZE,ANS,6907
1976895,61,250,1416,2002,42982.0,2530.0,2.297691,-2.183239,DEU,ANS,6907
1976896,72,250,1416,2002,28893.0,271325.0,0.54511,0.9135979999999999,EST,ANS,6907
1976897,75,250,1416,2002,1229.0,0.0,-0.588136,-0.242883,FJI,ANS,6907
1976898,77,250,1416,2002,0.0,6368.0,1.569367,0.9886360000000001,FRA,ANS,6907
1976899,90,250,1416,2002,157087.0,0.0,0.31858000000000003,1.47417,GRC,ANS,6907
1976900,92,250,1416,2002,0.0,14130.0,-0.592221,-0.8956799999999999,GRL,ANS,6907
1976901,106,250,1416,2002,0.0,21862.0,1.7232880000000002,0.091172,IRL,ANS,6907
1976902,111,250,1416,2002,8560.0,0.0,1.377604,1.2470510000000001,ITA,ANS,6907
1976903,134,250,1416,2002,3417.0,0.0,-0.810467,-0.34807899999999997,MAR,ANS,6907
1976904,138,250,1416,2002,24182.0,0.0,0.942061,0.6311260000000001,MEX,ANS,6907
1976905,148,250,1416,2002,0.0,8022.0,-1.27671,-1.218472,MRT,ANS,6907
1976906,153,250,1416,2002,0.0,1107091.0,0.704957,0.243398,MYS,ANS,6907
1976907,155,250,1416,2002,0.0,38323.0,-0.314161,-0.521778,NAM,ANS,6907
1976908,162,250,1416,2002,1962.0,0.0,1.206176,1.7136360000000002,NLD,ANS,6907
1976909,169,250,1416,2002,0.0,25805.0,0.134759,0.234258,PAN,ANS,6907
1976910,179,250,1416,2002,11827.0,0.0,0.484407,1.6500080000000001,PRT,ANS,6907
1976911,186,250,1416,2002,1753.0,0.0,1.109397,0.424229,RUS,ANS,6907
1976912,224,250,1416,2002,71125.0,0.0,0.11263699999999999,1.83925,TUR,ANS,6907
1976913,241,250,1416,2002,0.0,9286.0,0.5689420000000001,-0.737647,WLF,ANS,6907
1976914,71,84,1416,2002,11471.0,0.0,1.012246,2.049594,ESP,GIB,6907
1976915,81,84,1416,2002,10710.0,0.0,1.893177,0.831382,GBR,GIB,6907
1976916,77,219,1416,2002,10389.0,0.0,1.569367,0.9886360000000001,FRA,TKM,6907
1976917,107,219,1416,2002,4432.0,0.0,-0.5707840000000001,-0.705612,IRN,TKM,6907
1976918,224,219,1416,2002,184363.0,0.0,0.11263699999999999,1.83925,TUR,TKM,6907
1976919,111,237,1416,2002,31742.0,0.0,1.377604,1.2470510000000001,ITA,VGB,6907
1976920,138,237,1416,2002,7289.0,0.0,0.942061,0.6311260000000001,MEX,VGB,6907
1976921,228,237,1416,2002,0.0,136402.0,0.835485,0.872135,UKR,VGB,6907
1976922,249,221,1416,2002,5011.0,0.0,1.683858,1.333601,TWN,TON,6907
1976923,14,10,1416,2002,8128.0,0.0,0.231386,0.771628,AUS,ASM,6907
1976924,103,10,1416,2002,3302.0,0.0,-0.10020499999999999,1.590314,IDN,ASM,6907
1976925,151,12,1416,2002,8383.0,0.0,-0.37937600000000005,-0.388848,MUS,ATF,6907
1976926,32,30,1416,2002,1308.0,0.0,0.677883,1.0227190000000002,BRA,BMU,6907
1976927,39,30,1416,2002,1227.0,0.0,0.9963280000000001,1.1922110000000001,CAN,BMU,6907
1976928,71,30,1416,2002,3331.0,0.0,1.012246,2.049594,ESP,BMU,6907
1976929,110,30,1416,2002,69000.0,0.0,1.334174,0.654331,ISR,BMU,6907
1976930,111,30,1416,2002,302907.0,0.0,1.377604,1.2470510000000001,ITA,BMU,6907
1976931,231,30,1416,2002,45794.0,0.0,1.821594,0.231296,USA,BMU,6907
1976932,77,38,1416,2002,26622.0,0.0,1.569367,0.9886360000000001,FRA,CAF,6907
1976933,111,38,1416,2002,6841.0,0.0,1.377604,1.2470510000000001,ITA,CAF,6907
1976934,159,38,1416,2002,0.0,25402.0,-1.8315700000000001,-1.25171,NGA,CAF,6907
1976935,250,38,1416,2002,3655.0,0.0,0.734927,-0.40114099999999997,ANS,CAF,6907
1976936,103,48,1416,2002,8292.0,0.0,-0.10020499999999999,1.590314,IDN,COK,6907
1976937,166,48,1416,2002,17584.0,0.0,0.542585,0.854243,NZL,COK,6907
1976938,14,56,1416,2002,1031.0,0.0,0.231386,0.771628,AUS,CXR,6907
1976939,32,57,1416,2002,7187.0,0.0,0.677883,1.0227190000000002,BRA,CYM,6907
1976940,111,57,1416,2002,71868.0,0.0,1.377604,1.2470510000000001,ITA,CYM,6907
1976941,231,57,1416,2002,14151.0,0.0,1.821594,0.231296,USA,CYM,6907
1976942,43,62,1416,2002,23721.0,0.0,0.576746,2.7995520000000003,CHN,DJI,6907
1976943,77,62,1416,2002,1891.0,0.0,1.569367,0.9886360000000001,FRA,DJI,6907
1976944,111,62,1416,2002,54979.0,0.0,1.377604,1.2470510000000001,ITA,DJI,6907
1976945,61,69,1416,2002,1000.0,0.0,2.297691,-2.183239,DEU,ERI,6907
1976946,111,69,1416,2002,108033.0,0.0,1.377604,1.2470510000000001,ITA,ERI,6907
1976947,249,79,1416,2002,3255.0,0.0,1.683858,1.333601,TWN,FSM,6907
1976948,97,95,1416,2002,7738.0,0.0,0.5701109999999999,1.989357,HKG,GUM,6907
1976949,75,119,1416,2002,2202.0,0.0,-0.588136,-0.242883,FJI,KIR,6907
1976950,216,123,1416,2002,9332.0,0.0,0.432041,1.627953,THA,LAO,6907
1976951,43,139,1416,2002,3646.0,0.0,0.576746,2.7995520000000003,CHN,MHL,6907
1976952,43,145,1416,2002,18237.0,0.0,0.576746,2.7995520000000003,CHN,MNG,6907
1976953,59,145,1416,2002,2846.0,0.0,1.550713,1.037066,CZE,MNG,6907
1976954,61,145,1416,2002,8000.0,0.0,2.297691,-2.183239,DEU,MNG,6907
1976955,97,146,1416,2002,2722.0,0.0,0.5701109999999999,1.989357,HKG,MNP,6907
1976956,43,164,1416,2002,7247.0,0.0,0.576746,2.7995520000000003,CHN,NPL,6907
1976957,71,164,1416,2002,20773.0,0.0,1.012246,2.049594,ESP,NPL,6907
1976958,104,164,1416,2002,9271.0,0.0,0.380867,2.608955,IND,NPL,6907
1976959,111,165,1416,2002,24743.0,0.0,1.377604,1.2470510000000001,ITA,NRU,6907
1976960,114,175,1416,2002,2759.0,0.0,2.556057,0.497673,JPN,PLW,6907
1976961,153,175,1416,2002,5098.0,0.0,0.704957,0.243398,MYS,PLW,6907
1976962,43,181,1416,2002,50436.0,0.0,0.576746,2.7995520000000003,CHN,PSE,6907
1976963,111,181,1416,2002,27347.0,0.0,1.377604,1.2470510000000001,ITA,PSE,6907
1976964,208,181,1416,2002,16577.0,0.0,2.128614,0.7891199999999999,SWE,PSE,6907
1976965,14,195,1416,2002,3368.0,0.0,0.231386,0.771628,AUS,SLB,6907
1976966,77,214,1416,2002,6613.0,0.0,1.569367,0.9886360000000001,FRA,TCD,6907
1976967,75,225,1416,2002,1337.0,0.0,-0.588136,-0.242883,FJI,TUV,6907
1976968,208,225,1416,2002,0.0,11489.0,2.128614,0.7891199999999999,SWE,TUV,6907
1976969,14,240,1416,2002,6286.0,0.0,0.231386,0.771628,AUS,VUT,6907
1976970,43,240,1416,2002,2638.0,0.0,0.576746,2.7995520000000003,CHN,VUT,6907
1976971,111,240,1416,2002,11370.0,0.0,1.377604,1.2470510000000001,ITA,VUT,6907
1976972,43,241,1416,2002,3902.0,0.0,0.576746,2.7995520000000003,CHN,WLF,6907
1976973,77,241,1416,2002,24360.0,0.0,1.569367,0.9886360000000001,FRA,WLF,6907
1976974,111,241,1416,2002,6904.0,0.0,1.377604,1.2470510000000001,ITA,WLF,6907
1976975,156,241,1416,2002,3796.0,0.0,-0.292646,-0.823263,NCL,WLF,6907
1976976,250,241,1416,2002,9286.0,0.0,0.734927,-0.40114099999999997,ANS,WLF,6907
1976977,61,5,1416,2002,11930.0,0.0,2.297691,-2.183239,DEU,AND,6907
1976978,71,5,1416,2002,137033.0,0.0,1.012246,2.049594,ESP,AND,6907
1976979,77,5,1416,2002,95718.0,0.0,1.569367,0.9886360000000001,FRA,AND,6907
1976980,111,5,1416,2002,20135.0,0.0,1.377604,1.2470510000000001,ITA,AND,6907
1976981,179,5,1416,2002,4955.0,0.0,0.484407,1.6500080000000001,PRT,AND,6907
1976982,64,92,1416,2002,91894.0,0.0,1.26594,1.225186,DNK,GRL,6907
1976983,250,92,1416,2002,14130.0,0.0,0.734927,-0.40114099999999997,ANS,GRL,6907
1976984,111,213,1416,2002,13644.0,0.0,1.377604,1.2470510000000001,ITA,TCA,6907
1976985,231,213,1416,2002,12259.0,0.0,1.821594,0.231296,USA,TCA,6907
1976986,179,88,1416,2002,34798.0,0.0,0.484407,1.6500080000000001,PRT,GNB,6907
1976987,71,198,1416,2002,8362.0,0.0,1.012246,2.049594,ESP,SMR,6907
1976988,39,200,1416,2002,10773.0,0.0,0.9963280000000001,1.1922110000000001,CAN,SPM,6907
1976989,77,200,1416,2002,21833.0,0.0,1.569367,0.9886360000000001,FRA,SPM,6907
1976990,32,6,1417,2002,484920.0,0.0,0.677883,1.0227190000000002,BRA,ANT,6908
1976991,49,6,1417,2002,168064.0,0.0,0.345094,0.37787800000000005,COL,ANT,6908
1976992,61,6,1417,2002,11000.0,0.0,2.297691,-2.183239,DEU,ANT,6908
1976993,65,6,1417,2002,24327.0,0.0,-0.46284899999999995,-0.39210100000000003,DOM,ANT,6908
1976994,71,6,1417,2002,749982.0,0.0,1.012246,2.049594,ESP,ANT,6908
1976995,77,6,1417,2002,19865.0,0.0,1.569367,0.9886360000000001,FRA,ANT,6908
1976996,111,6,1417,2002,827605.0,0.0,1.377604,1.2470510000000001,ITA,ANT,6908
1976997,114,6,1417,2002,16858.0,0.0,2.556057,0.497673,JPN,ANT,6908
1976998,120,6,1417,2002,0.0,2865.0,0.911442,-0.26164899999999996,KNA,ANT,6908
1976999,162,6,1417,2002,124859.0,0.0,1.206176,1.7136360000000002,NLD,ANT,6908
1977000,179,6,1417,2002,84905.0,0.0,0.484407,1.6500080000000001,PRT,ANT,6908
1977001,222,6,1417,2002,3551.0,0.0,0.074907,-0.8203879999999999,TTO,ANT,6908
1977002,231,6,1417,2002,44569.0,0.0,1.821594,0.231296,USA,ANT,6908
1977003,234,6,1417,2002,0.0,1350.0,-0.340281,-0.661246,VCT,ANT,6908
1977004,236,6,1417,2002,108090.0,0.0,0.211536,-0.715675,VEN,ANT,6908
1977005,8,13,1417,2002,40478.0,0.0,0.284536,0.517425,ARG,ATG,6908
1977006,32,13,1417,2002,175431.0,0.0,0.677883,1.0227190000000002,BRA,ATG,6908
1977007,49,13,1417,2002,4407.0,0.0,0.345094,0.37787800000000005,COL,ATG,6908
1977008,63,13,1417,2002,0.0,3608.0,0.196298,-0.129221,DMA,ATG,6908
1977009,71,13,1417,2002,26239.0,0.0,1.012246,2.049594,ESP,ATG,6908
1977010,91,13,1417,2002,0.0,8869.0,0.552833,-0.283761,GRD,ATG,6908
1977011,111,13,1417,2002,394536.0,0.0,1.377604,1.2470510000000001,ITA,ATG,6908
1977012,138,13,1417,2002,13870.0,0.0,0.942061,0.6311260000000001,MEX,ATG,6908
1977013,231,13,1417,2002,33384.0,0.0,1.821594,0.231296,USA,ATG,6908
1977014,7,15,1417,2002,121439.0,36444.0,0.044683,-0.247191,ARE,AUT,6908
1977015,18,15,1417,2002,29826.0,0.0,1.4097469999999999,1.440169,BEL,AUT,6908
1977016,23,15,1417,2002,34176.0,30697.0,0.37451100000000004,1.573517,BGR,AUT,6908
1977017,24,15,1417,2002,0.0,2651.0,-0.146585,-1.006558,BHR,AUT,6908
1977018,26,15,1417,2002,0.0,2461.0,0.26339,0.30287,BIH,AUT,6908
1977019,29,15,1417,2002,0.0,20919.0,-0.246977,-0.731156,BLZ,AUT,6908
1977020,32,15,1417,2002,32868.0,0.0,0.677883,1.0227190000000002,BRA,AUT,6908
1977021,41,15,1417,2002,101258.0,365943.0,2.218095,0.620946,CHE,AUT,6908
1977022,43,15,1417,2002,10075.0,0.0,0.576746,2.7995520000000003,CHN,AUT,6908
1977023,45,15,1417,2002,0.0,780.0,-1.114477,-1.0516510000000001,CMR,AUT,6908
1977024,58,15,1417,2002,0.0,3539.0,0.381391,0.40265,CYP,AUT,6908
1977025,59,15,1417,2002,1874359.0,509110.0,1.550713,1.037066,CZE,AUT,6908
1977026,61,15,1417,2002,19093885.0,2733261.0,2.297691,-2.183239,DEU,AUT,6908
1977027,64,15,1417,2002,3591.0,3435.0,1.26594,1.225186,DNK,AUT,6908
1977028,68,15,1417,2002,7289.0,0.0,-0.377127,0.549439,EGY,AUT,6908
1977029,71,15,1417,2002,7670550.0,8796.0,1.012246,2.049594,ESP,AUT,6908
1977030,77,15,1417,2002,262280.0,178047.0,1.569367,0.9886360000000001,FRA,AUT,6908
1977031,81,15,1417,2002,5947.0,48379.0,1.893177,0.831382,GBR,AUT,6908
1977032,83,15,1417,2002,0.0,6418.0,-1.333425,-1.0709879999999998,GHA,AUT,6908
1977033,87,15,1417,2002,0.0,1853.0,0.075971,-0.068413,GMB,AUT,6908
1977034,90,15,1417,2002,155956.0,2378.0,0.31858000000000003,1.47417,GRC,AUT,6908
1977035,97,15,1417,2002,0.0,6101.0,0.5701109999999999,1.989357,HKG,AUT,6908
1977036,100,15,1417,2002,12903.0,132782.0,0.591276,1.030723,HRV,AUT,6908
1977037,102,15,1417,2002,1220835.0,288464.0,1.179684,1.0574860000000001,HUN,AUT,6908
1977038,106,15,1417,2002,36913.0,0.0,1.7232880000000002,0.091172,IRL,AUT,6908
1977039,111,15,1417,2002,68030168.0,102918.0,1.377604,1.2470510000000001,ITA,AUT,6908
1977040,114,15,1417,2002,29366.0,60780.0,2.556057,0.497673,JPN,AUT,6908
1977041,117,15,1417,2002,0.0,1104.0,0.081807,0.16872,KGZ,AUT,6908
1977042,131,15,1417,2002,0.0,2498.0,1.605378,1.152973,LUX,AUT,6908
1977043,134,15,1417,2002,2325.0,0.0,-0.810467,-0.34807899999999997,MAR,AUT,6908
1977044,138,15,1417,2002,2179.0,0.0,0.942061,0.6311260000000001,MEX,AUT,6908
1977045,140,15,1417,2002,0.0,10534.0,-0.030274000000000002,0.359317,MKD,AUT,6908
1977046,142,15,1417,2002,0.0,3815.0,1.12245,0.019001,MLT,AUT,6908
1977047,153,15,1417,2002,1295.0,0.0,0.704957,0.243398,MYS,AUT,6908
1977048,160,15,1417,2002,1004.0,0.0,-0.677398,-0.564472,NIC,AUT,6908
1977049,162,15,1417,2002,219952.0,19485.0,1.206176,1.7136360000000002,NLD,AUT,6908
1977050,163,15,1417,2002,0.0,10348.0,1.110882,0.17164100000000002,NOR,AUT,6908
1977051,174,15,1417,2002,0.0,1725.0,0.055439999999999996,-0.179809,PHL,AUT,6908
1977052,177,15,1417,2002,0.0,209155.0,0.931642,1.721727,POL,AUT,6908
1977053,179,15,1417,2002,152748.0,902.0,0.484407,1.6500080000000001,PRT,AUT,6908
1977054,185,15,1417,2002,5781.0,75299.0,0.29888200000000004,0.980376,ROU,AUT,6908
1977055,186,15,1417,2002,0.0,292463.0,1.109397,0.424229,RUS,AUT,6908
1977056,189,15,1417,2002,0.0,14674.0,0.55781,2.135925,SCG,AUT,6908
1977057,190,15,1417,2002,0.0,5806.0,-1.499925,-1.228374,SDN,AUT,6908
1977058,206,15,1417,2002,458934.0,82345.0,1.1907379999999999,1.050649,SVK,AUT,6908
1977059,207,15,1417,2002,22343.0,174580.0,1.5643770000000001,1.043862,SVN,AUT,6908
1977060,208,15,1417,2002,0.0,4441.0,2.128614,0.7891199999999999,SWE,AUT,6908
1977061,216,15,1417,2002,9815.0,0.0,0.432041,1.627953,THA,AUT,6908
1977062,224,15,1417,2002,957185.0,941.0,0.11263699999999999,1.83925,TUR,AUT,6908
1977063,231,15,1417,2002,4730.0,10807.0,1.821594,0.231296,USA,AUT,6908
1977064,239,15,1417,2002,4594.0,0.0,-0.589665,0.799874,VNM,AUT,6908
1977065,7,18,1417,2002,2235726.0,0.0,0.044683,-0.247191,ARE,BEL,6908
1977066,14,18,1417,2002,0.0,27745.0,0.231386,0.771628,AUS,BEL,6908
1977067,15,18,1417,2002,0.0,29826.0,1.8651200000000001,0.48423900000000003,AUT,BEL,6908
1977068,17,18,1417,2002,0.0,4899.0,-0.333602,-0.648837,BDI,BEL,6908
1977069,19,18,1417,2002,0.0,8110.0,-0.724829,-0.705625,BEN,BEL,6908
1977070,23,18,1417,2002,17333.0,0.0,0.37451100000000004,1.573517,BGR,BEL,6908
1977071,25,18,1417,2002,0.0,2608.0,0.641626,-0.37892800000000004,BHS,BEL,6908
1977072,32,18,1417,2002,344846.0,0.0,0.677883,1.0227190000000002,BRA,BEL,6908
1977073,38,18,1417,2002,0.0,9364.0,-0.45315200000000005,-0.764876,CAF,BEL,6908
1977074,39,18,1417,2002,9941.0,0.0,0.9963280000000001,1.1922110000000001,CAN,BEL,6908
1977075,41,18,1417,2002,19213.0,50855.0,2.218095,0.620946,CHE,BEL,6908
1977076,43,18,1417,2002,263052.0,0.0,0.576746,2.7995520000000003,CHN,BEL,6908
1977077,45,18,1417,2002,0.0,19257.0,-1.114477,-1.0516510000000001,CMR,BEL,6908
1977078,46,18,1417,2002,0.0,11093.0,-1.2657370000000001,-1.108659,COD,BEL,6908
1977079,47,18,1417,2002,0.0,3865.0,-1.62227,-1.202067,COG,BEL,6908
1977080,59,18,1417,2002,460302.0,1102.0,1.550713,1.037066,CZE,BEL,6908
1977081,61,18,1417,2002,5298001.0,2300186.0,2.297691,-2.183239,DEU,BEL,6908
1977082,62,18,1417,2002,0.0,9548.0,0.416677,-0.052552,DJI,BEL,6908
1977083,66,18,1417,2002,0.0,11100.0,-0.912033,-1.1731850000000001,DZA,BEL,6908
1977084,71,18,1417,2002,21094527.0,86488.0,1.012246,2.049594,ESP,BEL,6908
1977085,74,18,1417,2002,34829.0,20336.0,2.0234240000000003,0.979141,FIN,BEL,6908
1977086,77,18,1417,2002,8097792.0,3215336.0,1.569367,0.9886360000000001,FRA,BEL,6908
1977087,80,18,1417,2002,0.0,6366.0,-0.830094,-1.149233,GAB,BEL,6908
1977088,81,18,1417,2002,131528.0,53974.0,1.893177,0.831382,GBR,BEL,6908
1977089,83,18,1417,2002,0.0,13236.0,-1.333425,-1.0709879999999998,GHA,BEL,6908
1977090,85,18,1417,2002,0.0,8452.0,-1.85329,-1.243105,GIN,BEL,6908
1977091,87,18,1417,2002,0.0,11408.0,0.075971,-0.068413,GMB,BEL,6908
1977092,89,18,1417,2002,0.0,7403.0,-2.3567560000000003,-0.88686,GNQ,BEL,6908
1977093,90,18,1417,2002,6676.0,6034.0,0.31858000000000003,1.47417,GRC,BEL,6908
1977094,100,18,1417,2002,6718.0,3541.0,0.591276,1.030723,HRV,BEL,6908
1977095,102,18,1417,2002,1098.0,2866.0,1.179684,1.0574860000000001,HUN,BEL,6908
1977096,103,18,1417,2002,132670.0,35256.0,-0.10020499999999999,1.590314,IDN,BEL,6908
1977097,106,18,1417,2002,54348.0,17430.0,1.7232880000000002,0.091172,IRL,BEL,6908
1977098,109,18,1417,2002,0.0,19883.0,0.23601999999999998,-0.34781,ISL,BEL,6908
1977099,110,18,1417,2002,0.0,23258.0,1.334174,0.654331,ISR,BEL,6908
1977100,111,18,1417,2002,46424888.0,105010.0,1.377604,1.2470510000000001,ITA,BEL,6908
1977101,114,18,1417,2002,0.0,10408.0,2.556057,0.497673,JPN,BEL,6908
1977102,115,18,1417,2002,0.0,24024.0,-0.065332,-0.616159,KAZ,BEL,6908
1977103,118,18,1417,2002,2444.0,0.0,-1.231783,-1.1518700000000002,KHM,BEL,6908
1977104,122,18,1417,2002,0.0,6463.0,-0.6629550000000001,-1.157214,KWT,BEL,6908
1977105,128,18,1417,2002,9039.0,0.0,-0.740927,0.023171,LKA,BEL,6908
1977106,131,18,1417,2002,88960.0,529012.0,1.605378,1.152973,LUX,BEL,6908
1977107,132,18,1417,2002,0.0,997.0,0.45210200000000006,0.515388,LVA,BEL,6908
1977108,134,18,1417,2002,135646.0,0.0,-0.810467,-0.34807899999999997,MAR,BEL,6908
1977109,135,18,1417,2002,0.0,4834.0,-0.186001,-0.141598,MDA,BEL,6908
1977110,138,18,1417,2002,38215.0,441067.0,0.942061,0.6311260000000001,MEX,BEL,6908
1977111,147,18,1417,2002,0.0,4106.0,-0.947259,-1.047883,MOZ,BEL,6908
1977112,148,18,1417,2002,0.0,40310.0,-1.27671,-1.218472,MRT,BEL,6908
1977113,159,18,1417,2002,0.0,293633.0,-1.8315700000000001,-1.25171,NGA,BEL,6908
1977114,162,18,1417,2002,4180148.0,1639032.0,1.206176,1.7136360000000002,NLD,BEL,6908
1977115,163,18,1417,2002,968.0,15016.0,1.110882,0.17164100000000002,NOR,BEL,6908
1977116,174,18,1417,2002,0.0,9533.0,0.055439999999999996,-0.179809,PHL,BEL,6908
1977117,177,18,1417,2002,40428.0,3141.0,0.931642,1.721727,POL,BEL,6908
1977118,179,18,1417,2002,3616317.0,11864.0,0.484407,1.6500080000000001,PRT,BEL,6908
1977119,183,18,1417,2002,0.0,6595.0,-0.306052,-1.098296,QAT,BEL,6908
1977120,186,18,1417,2002,0.0,2561.0,1.109397,0.424229,RUS,BEL,6908
1977121,187,18,1417,2002,0.0,8950.0,-0.553848,-0.757714,RWA,BEL,6908
1977122,191,18,1417,2002,0.0,17525.0,-0.43679700000000005,-0.484176,SEN,BEL,6908
1977123,192,18,1417,2002,4681.0,38116.0,1.481857,0.648889,SGP,BEL,6908
1977124,196,18,1417,2002,0.0,1448.0,0.397488,-0.027672000000000002,SLE,BEL,6908
1977125,198,18,1417,2002,13268.0,0.0,1.389807,0.275878,SMR,BEL,6908
1977126,206,18,1417,2002,874149.0,7572.0,1.1907379999999999,1.050649,SVK,BEL,6908
1977127,208,18,1417,2002,2666.0,0.0,2.128614,0.7891199999999999,SWE,BEL,6908
1977128,216,18,1417,2002,190199.0,0.0,0.432041,1.627953,THA,BEL,6908
1977129,223,18,1417,2002,620877.0,0.0,-0.221951,0.325506,TUN,BEL,6908
1977130,224,18,1417,2002,6132790.0,0.0,0.11263699999999999,1.83925,TUR,BEL,6908
1977131,227,18,1417,2002,0.0,28864.0,-1.038337,-0.896425,UGA,BEL,6908
1977132,231,18,1417,2002,9823.0,181910.0,1.821594,0.231296,USA,BEL,6908
1977133,239,18,1417,2002,26900.0,0.0,-0.589665,0.799874,VNM,BEL,6908
1977134,249,18,1417,2002,14054.0,0.0,1.683858,1.333601,TWN,BEL,6908
1977135,8,25,1417,2002,51455.0,0.0,0.284536,0.517425,ARG,BHS,6908
1977136,18,25,1417,2002,2608.0,0.0,1.4097469999999999,1.440169,BEL,BHS,6908
1977137,29,25,1417,2002,0.0,18455.0,-0.246977,-0.731156,BLZ,BHS,6908
1977138,32,25,1417,2002,1239949.0,0.0,0.677883,1.0227190000000002,BRA,BHS,6908
1977139,39,25,1417,2002,9910.0,0.0,0.9963280000000001,1.1922110000000001,CAN,BHS,6908
1977140,49,25,1417,2002,10892.0,0.0,0.345094,0.37787800000000005,COL,BHS,6908
1977141,61,25,1417,2002,2995.0,0.0,2.297691,-2.183239,DEU,BHS,6908
1977142,71,25,1417,2002,1269526.0,0.0,1.012246,2.049594,ESP,BHS,6908
1977143,77,25,1417,2002,24214.0,4529.0,1.569367,0.9886360000000001,FRA,BHS,6908
1977144,81,25,1417,2002,1561.0,0.0,1.893177,0.831382,GBR,BHS,6908
1977145,83,25,1417,2002,0.0,25515.0,-1.333425,-1.0709879999999998,GHA,BHS,6908
1977146,111,25,1417,2002,395299.0,0.0,1.377604,1.2470510000000001,ITA,BHS,6908
1977147,120,25,1417,2002,5964.0,0.0,0.911442,-0.26164899999999996,KNA,BHS,6908
1977148,138,25,1417,2002,29938.0,0.0,0.942061,0.6311260000000001,MEX,BHS,6908
1977149,163,25,1417,2002,25681.0,0.0,1.110882,0.17164100000000002,NOR,BHS,6908
1977150,224,25,1417,2002,25391.0,0.0,0.11263699999999999,1.83925,TUR,BHS,6908
1977151,231,25,1417,2002,1021341.0,10400.0,1.821594,0.231296,USA,BHS,6908
1977152,234,25,1417,2002,0.0,9224.0,-0.340281,-0.661246,VCT,BHS,6908
1977153,236,25,1417,2002,34142.0,0.0,0.211536,-0.715675,VEN,BHS,6908
1977154,250,25,1417,2002,0.0,3070.0,0.734927,-0.40114099999999997,ANS,BHS,6908
1977155,0,32,1417,2002,0.0,285820.0,0.017075999999999997,-0.844024,ABW,BRA,6908
1977156,2,32,1417,2002,0.0,1037850.0,-2.018135,-1.222751,AGO,BRA,6908
1977157,6,32,1417,2002,0.0,484920.0,0.346519,-0.631549,ANT,BRA,6908
1977158,7,32,1417,2002,0.0,41891.0,0.044683,-0.247191,ARE,BRA,6908
1977159,8,32,1417,2002,17738.0,706385.0,0.284536,0.517425,ARG,BRA,6908
1977160,13,32,1417,2002,0.0,175431.0,0.958779,-0.56295,ATG,BRA,6908
1977161,14,32,1417,2002,3090.0,3533293.0,0.231386,0.771628,AUS,BRA,6908
1977162,15,32,1417,2002,0.0,32868.0,1.8651200000000001,0.48423900000000003,AUT,BRA,6908
1977163,18,32,1417,2002,0.0,344846.0,1.4097469999999999,1.440169,BEL,BRA,6908
1977164,19,32,1417,2002,0.0,41520.0,-0.724829,-0.705625,BEN,BRA,6908
1977165,21,32,1417,2002,0.0,5333.0,-0.477813,-0.647148,BFA,BRA,6908
1977166,22,32,1417,2002,0.0,11754.0,-1.134933,-1.061633,BGD,BRA,6908
1977167,25,32,1417,2002,0.0,1239949.0,0.641626,-0.37892800000000004,BHS,BRA,6908
1977168,29,32,1417,2002,0.0,334304.0,-0.246977,-0.731156,BLZ,BRA,6908
1977169,30,32,1417,2002,0.0,64130.0,1.129,-0.476633,BMU,BRA,6908
1977170,31,32,1417,2002,0.0,1148917.0,-0.885342,-0.819517,BOL,BRA,6908
1977171,33,32,1417,2002,0.0,488253.0,0.762217,0.004367,BRB,BRA,6908
1977172,37,32,1417,2002,0.0,154915.0,-0.14025,-1.018399,BWA,BRA,6908
1977173,39,32,1417,2002,0.0,13549469.0,0.9963280000000001,1.1922110000000001,CAN,BRA,6908
1977174,41,32,1417,2002,0.0,29864.0,2.218095,0.620946,CHE,BRA,6908
1977175,42,32,1417,2002,0.0,9123934.0,-0.035264,-0.101796,CHL,BRA,6908
1977176,43,32,1417,2002,101731.0,3576.0,0.576746,2.7995520000000003,CHN,BRA,6908
1977177,44,32,1417,2002,0.0,7559.0,-0.816327,-0.711765,CIV,BRA,6908
1977178,45,32,1417,2002,0.0,75958.0,-1.114477,-1.0516510000000001,CMR,BRA,6908
1977179,46,32,1417,2002,0.0,39535.0,-1.2657370000000001,-1.108659,COD,BRA,6908
1977180,49,32,1417,2002,0.0,68525.0,0.345094,0.37787800000000005,COL,BRA,6908
1977181,51,32,1417,2002,0.0,383637.0,-0.29720100000000005,-0.703051,CPV,BRA,6908
1977182,52,32,1417,2002,0.0,3864553.0,0.03619,-0.187718,CRI,BRA,6908
1977183,54,32,1417,2002,0.0,580474.0,-0.479213,-0.951203,CUB,BRA,6908
1977184,57,32,1417,2002,0.0,264725.0,0.7098220000000001,-0.633359,CYM,BRA,6908
1977185,58,32,1417,2002,0.0,6453.0,0.381391,0.40265,CYP,BRA,6908
1977186,61,32,1417,2002,21244.0,562740.0,2.297691,-2.183239,DEU,BRA,6908
1977187,63,32,1417,2002,0.0,202197.0,0.196298,-0.129221,DMA,BRA,6908
1977188,64,32,1417,2002,0.0,1998.0,1.26594,1.225186,DNK,BRA,6908
1977189,65,32,1417,2002,0.0,3524958.0,-0.46284899999999995,-0.39210100000000003,DOM,BRA,6908
1977190,67,32,1417,2002,0.0,596108.0,-0.976218,-0.926393,ECU,BRA,6908
1977191,68,32,1417,2002,0.0,44163.0,-0.377127,0.549439,EGY,BRA,6908
1977192,71,32,1417,2002,3387808.0,26040.0,1.012246,2.049594,ESP,BRA,6908
1977193,74,32,1417,2002,0.0,54395.0,2.0234240000000003,0.979141,FIN,BRA,6908
1977194,75,32,1417,2002,0.0,58783.0,-0.588136,-0.242883,FJI,BRA,6908
1977195,77,32,1417,2002,2687.0,1057579.0,1.569367,0.9886360000000001,FRA,BRA,6908
1977196,80,32,1417,2002,0.0,30559.0,-0.830094,-1.149233,GAB,BRA,6908
1977197,81,32,1417,2002,0.0,4762590.0,1.893177,0.831382,GBR,BRA,6908
1977198,83,32,1417,2002,0.0,105217.0,-1.333425,-1.0709879999999998,GHA,BRA,6908
1977199,87,32,1417,2002,0.0,271416.0,0.075971,-0.068413,GMB,BRA,6908
1977200,89,32,1417,2002,0.0,32698.0,-2.3567560000000003,-0.88686,GNQ,BRA,6908
1977201,90,32,1417,2002,0.0,1296705.0,0.31858000000000003,1.47417,GRC,BRA,6908
1977202,91,32,1417,2002,0.0,349497.0,0.552833,-0.283761,GRD,BRA,6908
1977203,93,32,1417,2002,0.0,1377943.0,-0.548834,-0.034464999999999996,GTM,BRA,6908
1977204,96,32,1417,2002,0.0,171036.0,-0.9485889999999999,-0.9086489999999999,GUY,BRA,6908
1977205,97,32,1417,2002,101344.0,121330.0,0.5701109999999999,1.989357,HKG,BRA,6908
1977206,99,32,1417,2002,0.0,729461.0,-0.877043,-0.658185,HND,BRA,6908
1977207,100,32,1417,2002,0.0,2331.0,0.591276,1.030723,HRV,BRA,6908
1977208,101,32,1417,2002,0.0,531228.0,-1.220251,-0.8176859999999999,HTI,BRA,6908
1977209,102,32,1417,2002,0.0,3212.0,1.179684,1.0574860000000001,HUN,BRA,6908
1977210,103,32,1417,2002,1061.0,0.0,-0.10020499999999999,1.590314,IDN,BRA,6908
1977211,104,32,1417,2002,0.0,55555.0,0.380867,2.608955,IND,BRA,6908
1977212,106,32,1417,2002,0.0,407626.0,1.7232880000000002,0.091172,IRL,BRA,6908
1977213,107,32,1417,2002,0.0,8033.0,-0.5707840000000001,-0.705612,IRN,BRA,6908
1977214,108,32,1417,2002,0.0,18789.0,-0.397477,-0.811214,IRQ,BRA,6908
1977215,109,32,1417,2002,0.0,2603.0,0.23601999999999998,-0.34781,ISL,BRA,6908
1977216,110,32,1417,2002,0.0,73369.0,1.334174,0.654331,ISR,BRA,6908
1977217,111,32,1417,2002,230313.0,40966.0,1.377604,1.2470510000000001,ITA,BRA,6908
1977218,112,32,1417,2002,0.0,4078151.0,-0.604813,-0.9309860000000001,JAM,BRA,6908
1977219,113,32,1417,2002,0.0,4179.0,0.24197600000000002,0.196635,JOR,BRA,6908
1977220,114,32,1417,2002,0.0,593364.0,2.556057,0.497673,JPN,BRA,6908
1977221,116,32,1417,2002,0.0,50032.0,-0.555812,0.169204,KEN,BRA,6908
1977222,120,32,1417,2002,0.0,71962.0,0.911442,-0.26164899999999996,KNA,BRA,6908
1977223,121,32,1417,2002,0.0,96408.0,1.186816,1.075947,KOR,BRA,6908
1977224,122,32,1417,2002,0.0,134632.0,-0.6629550000000001,-1.157214,KWT,BRA,6908
1977225,124,32,1417,2002,0.0,69716.0,0.2729,1.254232,LBN,BRA,6908
1977226,125,32,1417,2002,0.0,53662.0,-0.508416,-1.121658,LBR,BRA,6908
1977227,127,32,1417,2002,0.0,34835.0,0.14441700000000002,-0.38146599999999997,LCA,BRA,6908
1977228,130,32,1417,2002,0.0,3648.0,0.23102399999999998,0.586078,LTU,BRA,6908
1977229,137,32,1417,2002,0.0,5157.0,-1.3007440000000001,-1.0420120000000002,MDV,BRA,6908
1977230,138,32,1417,2002,0.0,1190918.0,0.942061,0.6311260000000001,MEX,BRA,6908
1977231,141,32,1417,2002,0.0,18844.0,-0.8948520000000001,-0.863375,MLI,BRA,6908
1977232,147,32,1417,2002,0.0,542309.0,-0.947259,-1.047883,MOZ,BRA,6908
1977233,148,32,1417,2002,0.0,31305.0,-1.27671,-1.218472,MRT,BRA,6908
1977234,151,32,1417,2002,0.0,234173.0,-0.37937600000000005,-0.388848,MUS,BRA,6908
1977235,155,32,1417,2002,0.0,81470.0,-0.314161,-0.521778,NAM,BRA,6908
1977236,159,32,1417,2002,0.0,2355062.0,-1.8315700000000001,-1.25171,NGA,BRA,6908
1977237,160,32,1417,2002,0.0,773694.0,-0.677398,-0.564472,NIC,BRA,6908
1977238,162,32,1417,2002,0.0,1222320.0,1.206176,1.7136360000000002,NLD,BRA,6908
1977239,163,32,1417,2002,2451.0,0.0,1.110882,0.17164100000000002,NOR,BRA,6908
1977240,166,32,1417,2002,0.0,292900.0,0.542585,0.854243,NZL,BRA,6908
1977241,168,32,1417,2002,0.0,17045.0,-0.877655,-0.322094,PAK,BRA,6908
1977242,169,32,1417,2002,0.0,1034644.0,0.134759,0.234258,PAN,BRA,6908
1977243,173,32,1417,2002,0.0,923401.0,-0.6126199999999999,0.085944,PER,BRA,6908
1977244,174,32,1417,2002,0.0,179654.0,0.055439999999999996,-0.179809,PHL,BRA,6908
1977245,176,32,1417,2002,0.0,13844.0,-1.4572319999999999,-1.159399,PNG,BRA,6908
1977246,177,32,1417,2002,0.0,60771.0,0.931642,1.721727,POL,BRA,6908
1977247,178,32,1417,2002,0.0,112379.0,0.43756999999999996,0.744264,PRK,BRA,6908
1977248,179,32,1417,2002,5429.0,27259.0,0.484407,1.6500080000000001,PRT,BRA,6908
1977249,180,32,1417,2002,0.0,6701041.0,-0.614282,-0.963832,PRY,BRA,6908
1977250,188,32,1417,2002,0.0,291791.0,0.082107,-0.843317,SAU,BRA,6908
1977251,191,32,1417,2002,0.0,136934.0,-0.43679700000000005,-0.484176,SEN,BRA,6908
1977252,192,32,1417,2002,0.0,54917.0,1.481857,0.648889,SGP,BRA,6908
1977253,196,32,1417,2002,0.0,423362.0,0.397488,-0.027672000000000002,SLE,BRA,6908
1977254,197,32,1417,2002,0.0,546197.0,-0.280138,-0.099225,SLV,BRA,6908
1977255,205,32,1417,2002,0.0,144404.0,-0.9120030000000001,-0.8871020000000001,SUR,BRA,6908
1977256,208,32,1417,2002,0.0,114110.0,2.128614,0.7891199999999999,SWE,BRA,6908
1977257,209,32,1417,2002,0.0,7952.0,0.49801599999999996,-0.139709,SWZ,BRA,6908
1977258,211,32,1417,2002,0.0,173614.0,-0.977247,-0.927527,SYC,BRA,6908
1977259,213,32,1417,2002,0.0,60934.0,0.823909,0.075611,TCA,BRA,6908
1977260,215,32,1417,2002,0.0,3137.0,-0.6810039999999999,-0.6286930000000001,TGO,BRA,6908
1977261,222,32,1417,2002,0.0,3390408.0,0.074907,-0.8203879999999999,TTO,BRA,6908
1977262,224,32,1417,2002,13755.0,0.0,0.11263699999999999,1.83925,TUR,BRA,6908
1977263,226,32,1417,2002,0.0,74330.0,-1.189463,-0.48640600000000006,TZA,BRA,6908
1977264,227,32,1417,2002,0.0,17844.0,-1.038337,-0.896425,UGA,BRA,6908
1977265,228,32,1417,2002,0.0,43056.0,0.835485,0.872135,UKR,BRA,6908
1977266,230,32,1417,2002,14804.0,2409332.0,0.300502,0.16817000000000001,URY,BRA,6908
1977267,231,32,1417,2002,15549.0,95715467.0,1.821594,0.231296,USA,BRA,6908
1977268,234,32,1417,2002,0.0,445033.0,-0.340281,-0.661246,VCT,BRA,6908
1977269,236,32,1417,2002,0.0,268170.0,0.211536,-0.715675,VEN,BRA,6908
1977270,237,32,1417,2002,0.0,130423.0,1.022393,-0.23957399999999998,VGB,BRA,6908
1977271,246,32,1417,2002,0.0,13391525.0,0.395943,2.392458,ZAF,BRA,6908
1977272,247,32,1417,2002,0.0,24495.0,-0.654686,-0.545346,ZMB,BRA,6908
1977273,248,32,1417,2002,0.0,6029.0,-0.309483,0.271457,ZWE,BRA,6908
1977274,249,32,1417,2002,0.0,17179.0,1.683858,1.333601,TWN,BRA,6908
1977275,8,33,1417,2002,15415.0,0.0,0.284536,0.517425,ARG,BRB,6908
1977276,32,33,1417,2002,488253.0,0.0,0.677883,1.0227190000000002,BRA,BRB,6908
1977277,39,33,1417,2002,5498.0,0.0,0.9963280000000001,1.1922110000000001,CAN,BRB,6908
1977278,41,33,1417,2002,18307.0,0.0,2.218095,0.620946,CHE,BRB,6908
1977279,43,33,1417,2002,52895.0,0.0,0.576746,2.7995520000000003,CHN,BRB,6908
1977280,61,33,1417,2002,25097.0,0.0,2.297691,-2.183239,DEU,BRB,6908
1977281,71,33,1417,2002,705704.0,0.0,1.012246,2.049594,ESP,BRB,6908
1977282,81,33,1417,2002,125659.0,0.0,1.893177,0.831382,GBR,BRB,6908
1977283,91,33,1417,2002,0.0,5114.0,0.552833,-0.283761,GRD,BRB,6908
1977284,103,33,1417,2002,1639.0,0.0,-0.10020499999999999,1.590314,IDN,BRB,6908
1977285,104,33,1417,2002,20886.0,0.0,0.380867,2.608955,IND,BRB,6908
1977286,111,33,1417,2002,397309.0,0.0,1.377604,1.2470510000000001,ITA,BRB,6908
1977287,112,33,1417,2002,0.0,9223.0,-0.604813,-0.9309860000000001,JAM,BRB,6908
1977288,114,33,1417,2002,6667.0,0.0,2.556057,0.497673,JPN,BRB,6908
1977289,138,33,1417,2002,31837.0,0.0,0.942061,0.6311260000000001,MEX,BRB,6908
1977290,179,33,1417,2002,3015.0,0.0,0.484407,1.6500080000000001,PRT,BRB,6908
1977291,222,33,1417,2002,246149.0,0.0,0.074907,-0.8203879999999999,TTO,BRB,6908
1977292,231,33,1417,2002,109443.0,0.0,1.821594,0.231296,USA,BRB,6908
1977293,234,33,1417,2002,0.0,1262.0,-0.340281,-0.661246,VCT,BRB,6908
1977294,236,33,1417,2002,49939.0,0.0,0.211536,-0.715675,VEN,BRB,6908
1977295,246,33,1417,2002,4810.0,0.0,0.395943,2.392458,ZAF,BRB,6908
1977296,7,39,1417,2002,281469.0,0.0,0.044683,-0.247191,ARE,CAN,6908
1977297,8,39,1417,2002,142993.0,0.0,0.284536,0.517425,ARG,CAN,6908
1977298,14,39,1417,2002,0.0,33595.0,0.231386,0.771628,AUS,CAN,6908
1977299,18,39,1417,2002,0.0,9941.0,1.4097469999999999,1.440169,BEL,CAN,6908
1977300,19,39,1417,2002,0.0,15272.0,-0.724829,-0.705625,BEN,CAN,6908
1977301,23,39,1417,2002,72247.0,1809.0,0.37451100000000004,1.573517,BGR,CAN,6908
1977302,25,39,1417,2002,0.0,9910.0,0.641626,-0.37892800000000004,BHS,CAN,6908
1977303,29,39,1417,2002,1449.0,0.0,-0.246977,-0.731156,BLZ,CAN,6908
1977304,30,39,1417,2002,0.0,44441.0,1.129,-0.476633,BMU,CAN,6908
1977305,32,39,1417,2002,13549469.0,0.0,0.677883,1.0227190000000002,BRA,CAN,6908
1977306,33,39,1417,2002,0.0,5498.0,0.762217,0.004367,BRB,CAN,6908
1977307,43,39,1417,2002,750887.0,0.0,0.576746,2.7995520000000003,CHN,CAN,6908
1977308,49,39,1417,2002,20327.0,0.0,0.345094,0.37787800000000005,COL,CAN,6908
1977309,54,39,1417,2002,0.0,58937.0,-0.479213,-0.951203,CUB,CAN,6908
1977310,57,39,1417,2002,0.0,2716.0,0.7098220000000001,-0.633359,CYM,CAN,6908
1977311,59,39,1417,2002,74766.0,0.0,1.550713,1.037066,CZE,CAN,6908
1977312,61,39,1417,2002,193315.0,13976.0,2.297691,-2.183239,DEU,CAN,6908
1977313,65,39,1417,2002,5526.0,0.0,-0.46284899999999995,-0.39210100000000003,DOM,CAN,6908
1977314,71,39,1417,2002,18594643.0,2968.0,1.012246,2.049594,ESP,CAN,6908
1977315,74,39,1417,2002,2756.0,0.0,2.0234240000000003,0.979141,FIN,CAN,6908
1977316,77,39,1417,2002,306514.0,0.0,1.569367,0.9886360000000001,FRA,CAN,6908
1977317,81,39,1417,2002,142018.0,9467.0,1.893177,0.831382,GBR,CAN,6908
1977318,83,39,1417,2002,0.0,15983.0,-1.333425,-1.0709879999999998,GHA,CAN,6908
1977319,90,39,1417,2002,0.0,1592.0,0.31858000000000003,1.47417,GRC,CAN,6908
1977320,91,39,1417,2002,0.0,1126.0,0.552833,-0.283761,GRD,CAN,6908
1977321,96,39,1417,2002,0.0,10180.0,-0.9485889999999999,-0.9086489999999999,GUY,CAN,6908
1977322,97,39,1417,2002,6155.0,9407.0,0.5701109999999999,1.989357,HKG,CAN,6908
1977323,100,39,1417,2002,0.0,658.0,0.591276,1.030723,HRV,CAN,6908
1977324,102,39,1417,2002,2340.0,0.0,1.179684,1.0574860000000001,HUN,CAN,6908
1977325,103,39,1417,2002,3268963.0,863.0,-0.10020499999999999,1.590314,IDN,CAN,6908
1977326,104,39,1417,2002,53167.0,0.0,0.380867,2.608955,IND,CAN,6908
1977327,106,39,1417,2002,33902.0,0.0,1.7232880000000002,0.091172,IRL,CAN,6908
1977328,107,39,1417,2002,64583.0,0.0,-0.5707840000000001,-0.705612,IRN,CAN,6908
1977329,110,39,1417,2002,31614.0,0.0,1.334174,0.654331,ISR,CAN,6908
1977330,111,39,1417,2002,71093043.0,0.0,1.377604,1.2470510000000001,ITA,CAN,6908
1977331,112,39,1417,2002,0.0,35802.0,-0.604813,-0.9309860000000001,JAM,CAN,6908
1977332,113,39,1417,2002,16010.0,0.0,0.24197600000000002,0.196635,JOR,CAN,6908
1977333,114,39,1417,2002,115731.0,31509.0,2.556057,0.497673,JPN,CAN,6908
1977334,120,39,1417,2002,0.0,810031.0,0.911442,-0.26164899999999996,KNA,CAN,6908
1977335,121,39,1417,2002,1142748.0,0.0,1.186816,1.075947,KOR,CAN,6908
1977336,124,39,1417,2002,15384.0,0.0,0.2729,1.254232,LBN,CAN,6908
1977337,128,39,1417,2002,1389542.0,0.0,-0.740927,0.023171,LKA,CAN,6908
1977338,134,39,1417,2002,4318.0,0.0,-0.810467,-0.34807899999999997,MAR,CAN,6908
1977339,138,39,1417,2002,3393545.0,4514.0,0.942061,0.6311260000000001,MEX,CAN,6908
1977340,153,39,1417,2002,2400057.0,0.0,0.704957,0.243398,MYS,CAN,6908
1977341,162,39,1417,2002,168559.0,0.0,1.206176,1.7136360000000002,NLD,CAN,6908
1977342,166,39,1417,2002,73272.0,0.0,0.542585,0.854243,NZL,CAN,6908
1977343,177,39,1417,2002,86587.0,0.0,0.931642,1.721727,POL,CAN,6908
1977344,179,39,1417,2002,762320.0,0.0,0.484407,1.6500080000000001,PRT,CAN,6908
1977345,183,39,1417,2002,0.0,3392.0,-0.306052,-1.098296,QAT,CAN,6908
1977346,197,39,1417,2002,0.0,8568.0,-0.280138,-0.099225,SLV,CAN,6908
1977347,200,39,1417,2002,0.0,2048.0,-1.291565,-0.9258290000000001,SPM,CAN,6908
1977348,206,39,1417,2002,926.0,0.0,1.1907379999999999,1.050649,SVK,CAN,6908
1977349,216,39,1417,2002,856737.0,0.0,0.432041,1.627953,THA,CAN,6908
1977350,223,39,1417,2002,2048.0,0.0,-0.221951,0.325506,TUN,CAN,6908
1977351,224,39,1417,2002,18975358.0,4371.0,0.11263699999999999,1.83925,TUR,CAN,6908
1977352,230,39,1417,2002,20571.0,0.0,0.300502,0.16817000000000001,URY,CAN,6908
1977353,231,39,1417,2002,12624091.0,2646040.0,1.821594,0.231296,USA,CAN,6908
1977354,234,39,1417,2002,0.0,4794.0,-0.340281,-0.661246,VCT,CAN,6908
1977355,236,39,1417,2002,11191.0,32752.0,0.211536,-0.715675,VEN,CAN,6908
1977356,239,39,1417,2002,19355.0,0.0,-0.589665,0.799874,VNM,CAN,6908
1977357,249,39,1417,2002,16497.0,0.0,1.683858,1.333601,TWN,CAN,6908
1977358,7,41,1417,2002,601220.0,0.0,0.044683,-0.247191,ARE,CHE,6908
1977359,15,41,1417,2002,365943.0,101258.0,1.8651200000000001,0.48423900000000003,AUT,CHE,6908
1977360,18,41,1417,2002,50855.0,19213.0,1.4097469999999999,1.440169,BEL,CHE,6908
1977361,26,41,1417,2002,0.0,6854.0,0.26339,0.30287,BIH,CHE,6908
1977362,29,41,1417,2002,0.0,21412.0,-0.246977,-0.731156,BLZ,CHE,6908
1977363,31,41,1417,2002,0.0,9385.0,-0.885342,-0.819517,BOL,CHE,6908
1977364,32,41,1417,2002,29864.0,0.0,0.677883,1.0227190000000002,BRA,CHE,6908
1977365,33,41,1417,2002,0.0,18307.0,0.762217,0.004367,BRB,CHE,6908
1977366,43,41,1417,2002,25833.0,0.0,0.576746,2.7995520000000003,CHN,CHE,6908
1977367,45,41,1417,2002,0.0,2403.0,-1.114477,-1.0516510000000001,CMR,CHE,6908
1977368,59,41,1417,2002,384970.0,6159.0,1.550713,1.037066,CZE,CHE,6908
1977369,61,41,1417,2002,11623898.0,182884.0,2.297691,-2.183239,DEU,CHE,6908
1977370,64,41,1417,2002,3316.0,0.0,1.26594,1.225186,DNK,CHE,6908
1977371,71,41,1417,2002,9558951.0,31696.0,1.012246,2.049594,ESP,CHE,6908
1977372,74,41,1417,2002,0.0,64595.0,2.0234240000000003,0.979141,FIN,CHE,6908
1977373,77,41,1417,2002,4992688.0,58624.0,1.569367,0.9886360000000001,FRA,CHE,6908
1977374,81,41,1417,2002,155825.0,2511.0,1.893177,0.831382,GBR,CHE,6908
1977375,83,41,1417,2002,0.0,63253.0,-1.333425,-1.0709879999999998,GHA,CHE,6908
1977376,90,41,1417,2002,0.0,1235.0,0.31858000000000003,1.47417,GRC,CHE,6908
1977377,97,41,1417,2002,0.0,7979.0,0.5701109999999999,1.989357,HKG,CHE,6908
1977378,100,41,1417,2002,1355.0,2726.0,0.591276,1.030723,HRV,CHE,6908
1977379,102,41,1417,2002,120062.0,4472.0,1.179684,1.0574860000000001,HUN,CHE,6908
1977380,103,41,1417,2002,0.0,3672.0,-0.10020499999999999,1.590314,IDN,CHE,6908
1977381,104,41,1417,2002,39721.0,1124.0,0.380867,2.608955,IND,CHE,6908
1977382,106,41,1417,2002,30368.0,0.0,1.7232880000000002,0.091172,IRL,CHE,6908
1977383,107,41,1417,2002,14451.0,0.0,-0.5707840000000001,-0.705612,IRN,CHE,6908
1977384,111,41,1417,2002,74033606.0,286791.0,1.377604,1.2470510000000001,ITA,CHE,6908
1977385,112,41,1417,2002,0.0,3185.0,-0.604813,-0.9309860000000001,JAM,CHE,6908
1977386,114,41,1417,2002,1882.0,0.0,2.556057,0.497673,JPN,CHE,6908
1977387,116,41,1417,2002,0.0,74737.0,-0.555812,0.169204,KEN,CHE,6908
1977388,128,41,1417,2002,3806.0,1667.0,-0.740927,0.023171,LKA,CHE,6908
1977389,134,41,1417,2002,40417.0,1200.0,-0.810467,-0.34807899999999997,MAR,CHE,6908
1977390,138,41,1417,2002,2680.0,0.0,0.942061,0.6311260000000001,MEX,CHE,6908
1977391,140,41,1417,2002,0.0,8816.0,-0.030274000000000002,0.359317,MKD,CHE,6908
1977392,153,41,1417,2002,11422.0,0.0,0.704957,0.243398,MYS,CHE,6908
1977393,159,41,1417,2002,0.0,30744.0,-1.8315700000000001,-1.25171,NGA,CHE,6908
1977394,162,41,1417,2002,438739.0,23945.0,1.206176,1.7136360000000002,NLD,CHE,6908
1977395,163,41,1417,2002,4963.0,0.0,1.110882,0.17164100000000002,NOR,CHE,6908
1977396,166,41,1417,2002,0.0,3894.0,0.542585,0.854243,NZL,CHE,6908
1977397,167,41,1417,2002,8885.0,0.0,-1.238769,-1.225841,OMN,CHE,6908
1977398,169,41,1417,2002,0.0,4853.0,0.134759,0.234258,PAN,CHE,6908
1977399,176,41,1417,2002,0.0,1229.0,-1.4572319999999999,-1.159399,PNG,CHE,6908
1977400,177,41,1417,2002,42463.0,16738.0,0.931642,1.721727,POL,CHE,6908
1977401,179,41,1417,2002,1661634.0,5559.0,0.484407,1.6500080000000001,PRT,CHE,6908
1977402,185,41,1417,2002,0.0,3546.0,0.29888200000000004,0.980376,ROU,CHE,6908
1977403,189,41,1417,2002,0.0,16143.0,0.55781,2.135925,SCG,CHE,6908
1977404,190,41,1417,2002,0.0,16202.0,-1.499925,-1.228374,SDN,CHE,6908
1977405,197,41,1417,2002,0.0,23692.0,-0.280138,-0.099225,SLV,CHE,6908
1977406,208,41,1417,2002,8234.0,0.0,2.128614,0.7891199999999999,SWE,CHE,6908
1977407,215,41,1417,2002,0.0,2138.0,-0.6810039999999999,-0.6286930000000001,TGO,CHE,6908
1977408,216,41,1417,2002,20803.0,0.0,0.432041,1.627953,THA,CHE,6908
1977409,224,41,1417,2002,134266.0,0.0,0.11263699999999999,1.83925,TUR,CHE,6908
1977410,226,41,1417,2002,0.0,5595.0,-1.189463,-0.48640600000000006,TZA,CHE,6908
1977411,227,41,1417,2002,0.0,1628.0,-1.038337,-0.896425,UGA,CHE,6908
1977412,231,41,1417,2002,15189.0,424930.0,1.821594,0.231296,USA,CHE,6908
1977413,246,41,1417,2002,974.0,0.0,0.395943,2.392458,ZAF,CHE,6908
1977414,248,41,1417,2002,0.0,4709.0,-0.309483,0.271457,ZWE,CHE,6908
1977415,7,42,1417,2002,103074.0,0.0,0.044683,-0.247191,ARE,CHL,6908
1977416,8,42,1417,2002,7946329.0,3686.0,0.284536,0.517425,ARG,CHL,6908
1977417,14,42,1417,2002,2291.0,0.0,0.231386,0.771628,AUS,CHL,6908
1977418,31,42,1417,2002,148848.0,33552.0,-0.885342,-0.819517,BOL,CHL,6908
1977419,32,42,1417,2002,9123934.0,0.0,0.677883,1.0227190000000002,BRA,CHL,6908
1977420,43,42,1417,2002,73467.0,0.0,0.576746,2.7995520000000003,CHN,CHL,6908
1977421,49,42,1417,2002,2729560.0,0.0,0.345094,0.37787800000000005,COL,CHL,6908
1977422,54,42,1417,2002,0.0,41172.0,-0.479213,-0.951203,CUB,CHL,6908
1977423,61,42,1417,2002,16063.0,0.0,2.297691,-2.183239,DEU,CHL,6908
1977424,67,42,1417,2002,77179.0,11081.0,-0.976218,-0.926393,ECU,CHL,6908
1977425,71,42,1417,2002,4460913.0,0.0,1.012246,2.049594,ESP,CHL,6908
1977426,77,42,1417,2002,20212.0,0.0,1.569367,0.9886360000000001,FRA,CHL,6908
1977427,103,42,1417,2002,264201.0,0.0,-0.10020499999999999,1.590314,IDN,CHL,6908
1977428,111,42,1417,2002,907914.0,0.0,1.377604,1.2470510000000001,ITA,CHL,6908
1977429,138,42,1417,2002,29200.0,0.0,0.942061,0.6311260000000001,MEX,CHL,6908
1977430,173,42,1417,2002,1835608.0,11186.0,-0.6126199999999999,0.085944,PER,CHL,6908
1977431,179,42,1417,2002,9167.0,0.0,0.484407,1.6500080000000001,PRT,CHL,6908
1977432,188,42,1417,2002,19449.0,0.0,0.082107,-0.843317,SAU,CHL,6908
1977433,192,42,1417,2002,44694.0,0.0,1.481857,0.648889,SGP,CHL,6908
1977434,230,42,1417,2002,515806.0,0.0,0.300502,0.16817000000000001,URY,CHL,6908
1977435,231,42,1417,2002,28061.0,71500.0,1.821594,0.231296,USA,CHL,6908
1977436,250,42,1417,2002,15996.0,0.0,0.734927,-0.40114099999999997,ANS,CHL,6908
1977437,0,43,1417,2002,0.0,2019.0,0.017075999999999997,-0.844024,ABW,CHN,6908
1977438,2,43,1417,2002,0.0,36827.0,-2.018135,-1.222751,AGO,CHN,6908
1977439,4,43,1417,2002,0.0,1472.0,-0.127828,-0.126857,ALB,CHN,6908
1977440,7,43,1417,2002,56627.0,3478704.0,0.044683,-0.247191,ARE,CHN,6908
1977441,14,43,1417,2002,47385.0,8083997.0,0.231386,0.771628,AUS,CHN,6908
1977442,15,43,1417,2002,0.0,10075.0,1.8651200000000001,0.48423900000000003,AUT,CHN,6908
1977443,16,43,1417,2002,0.0,9523.0,-0.41282299999999994,-0.967931,AZE,CHN,6908
1977444,17,43,1417,2002,0.0,6676.0,-0.333602,-0.648837,BDI,CHN,6908
1977445,18,43,1417,2002,0.0,263052.0,1.4097469999999999,1.440169,BEL,CHN,6908
1977446,19,43,1417,2002,0.0,504558.0,-0.724829,-0.705625,BEN,CHN,6908
1977447,21,43,1417,2002,0.0,53287.0,-0.477813,-0.647148,BFA,CHN,6908
1977448,22,43,1417,2002,0.0,208956.0,-1.134933,-1.061633,BGD,CHN,6908
1977449,23,43,1417,2002,0.0,2942.0,0.37451100000000004,1.573517,BGR,CHN,6908
1977450,24,43,1417,2002,0.0,338383.0,-0.146585,-1.006558,BHR,CHN,6908
1977451,29,43,1417,2002,0.0,8838.0,-0.246977,-0.731156,BLZ,CHN,6908
1977452,31,43,1417,2002,0.0,10881.0,-0.885342,-0.819517,BOL,CHN,6908
1977453,32,43,1417,2002,3576.0,101731.0,0.677883,1.0227190000000002,BRA,CHN,6908
1977454,33,43,1417,2002,0.0,52895.0,0.762217,0.004367,BRB,CHN,6908
1977455,34,43,1417,2002,0.0,224327.0,-1.7894169999999998,-1.034672,BRN,CHN,6908
1977456,37,43,1417,2002,0.0,13964.0,-0.14025,-1.018399,BWA,CHN,6908
1977457,39,43,1417,2002,0.0,750887.0,0.9963280000000001,1.1922110000000001,CAN,CHN,6908
1977458,41,43,1417,2002,0.0,25833.0,2.218095,0.620946,CHE,CHN,6908
1977459,42,43,1417,2002,0.0,73467.0,-0.035264,-0.101796,CHL,CHN,6908
1977460,44,43,1417,2002,0.0,352799.0,-0.816327,-0.711765,CIV,CHN,6908
1977461,45,43,1417,2002,0.0,426710.0,-1.114477,-1.0516510000000001,CMR,CHN,6908
1977462,46,43,1417,2002,0.0,5956.0,-1.2657370000000001,-1.108659,COD,CHN,6908
1977463,47,43,1417,2002,0.0,65801.0,-1.62227,-1.202067,COG,CHN,6908
1977464,49,43,1417,2002,0.0,57796.0,0.345094,0.37787800000000005,COL,CHN,6908
1977465,52,43,1417,2002,0.0,4906.0,0.03619,-0.187718,CRI,CHN,6908
1977466,58,43,1417,2002,0.0,49358.0,0.381391,0.40265,CYP,CHN,6908
1977467,59,43,1417,2002,0.0,5519.0,1.550713,1.037066,CZE,CHN,6908
1977468,61,43,1417,2002,739137.0,188977.0,2.297691,-2.183239,DEU,CHN,6908
1977469,62,43,1417,2002,0.0,52401.0,0.416677,-0.052552,DJI,CHN,6908
1977470,63,43,1417,2002,0.0,16128.0,0.196298,-0.129221,DMA,CHN,6908
1977471,64,43,1417,2002,0.0,96157.0,1.26594,1.225186,DNK,CHN,6908
1977472,65,43,1417,2002,0.0,280600.0,-0.46284899999999995,-0.39210100000000003,DOM,CHN,6908
1977473,66,43,1417,2002,0.0,269850.0,-0.912033,-1.1731850000000001,DZA,CHN,6908
1977474,67,43,1417,2002,0.0,30270.0,-0.976218,-0.926393,ECU,CHN,6908
1977475,68,43,1417,2002,0.0,18209.0,-0.377127,0.549439,EGY,CHN,6908
1977476,69,43,1417,2002,0.0,9464.0,0.831973,-0.050712,ERI,CHN,6908
1977477,71,43,1417,2002,3118769.0,362312.0,1.012246,2.049594,ESP,CHN,6908
1977478,72,43,1417,2002,0.0,6812.0,0.54511,0.9135979999999999,EST,CHN,6908
1977479,73,43,1417,2002,0.0,226249.0,-1.096371,-0.9566709999999999,ETH,CHN,6908
1977480,74,43,1417,2002,0.0,49768.0,2.0234240000000003,0.979141,FIN,CHN,6908
1977481,75,43,1417,2002,0.0,160050.0,-0.588136,-0.242883,FJI,CHN,6908
1977482,77,43,1417,2002,23712.0,870280.0,1.569367,0.9886360000000001,FRA,CHN,6908
1977483,79,43,1417,2002,0.0,3012.0,-1.511888,-1.054948,FSM,CHN,6908
1977484,80,43,1417,2002,0.0,48505.0,-0.830094,-1.149233,GAB,CHN,6908
1977485,81,43,1417,2002,15743.0,544450.0,1.893177,0.831382,GBR,CHN,6908
1977486,82,43,1417,2002,0.0,1459.0,0.662382,-0.124825,GEO,CHN,6908
1977487,83,43,1417,2002,0.0,366319.0,-1.333425,-1.0709879999999998,GHA,CHN,6908
1977488,85,43,1417,2002,0.0,10490.0,-1.85329,-1.243105,GIN,CHN,6908
1977489,87,43,1417,2002,0.0,24884.0,0.075971,-0.068413,GMB,CHN,6908
1977490,89,43,1417,2002,0.0,26637.0,-2.3567560000000003,-0.88686,GNQ,CHN,6908
1977491,90,43,1417,2002,0.0,111658.0,0.31858000000000003,1.47417,GRC,CHN,6908
1977492,96,43,1417,2002,0.0,211537.0,-0.9485889999999999,-0.9086489999999999,GUY,CHN,6908
1977493,97,43,1417,2002,302713.0,50605854.0,0.5701109999999999,1.989357,HKG,CHN,6908
1977494,99,43,1417,2002,0.0,10643.0,-0.877043,-0.658185,HND,CHN,6908
1977495,100,43,1417,2002,0.0,2506.0,0.591276,1.030723,HRV,CHN,6908
1977496,101,43,1417,2002,0.0,59818.0,-1.220251,-0.8176859999999999,HTI,CHN,6908
1977497,102,43,1417,2002,0.0,121082.0,1.179684,1.0574860000000001,HUN,CHN,6908
1977498,103,43,1417,2002,46042.0,1811384.0,-0.10020499999999999,1.590314,IDN,CHN,6908
1977499,104,43,1417,2002,13930.0,1305894.0,0.380867,2.608955,IND,CHN,6908
1977500,106,43,1417,2002,0.0,29500.0,1.7232880000000002,0.091172,IRL,CHN,6908
1977501,107,43,1417,2002,0.0,201408.0,-0.5707840000000001,-0.705612,IRN,CHN,6908
1977502,109,43,1417,2002,0.0,10591.0,0.23601999999999998,-0.34781,ISL,CHN,6908
1977503,110,43,1417,2002,0.0,898294.0,1.334174,0.654331,ISR,CHN,6908
1977504,111,43,1417,2002,3783264.0,3085767.0,1.377604,1.2470510000000001,ITA,CHN,6908
1977505,112,43,1417,2002,0.0,62716.0,-0.604813,-0.9309860000000001,JAM,CHN,6908
1977506,113,43,1417,2002,0.0,350781.0,0.24197600000000002,0.196635,JOR,CHN,6908
1977507,114,43,1417,2002,375069.0,11354927.0,2.556057,0.497673,JPN,CHN,6908
1977508,115,43,1417,2002,0.0,785295.0,-0.065332,-0.616159,KAZ,CHN,6908
1977509,116,43,1417,2002,0.0,145586.0,-0.555812,0.169204,KEN,CHN,6908
1977510,117,43,1417,2002,0.0,92461.0,0.081807,0.16872,KGZ,CHN,6908
1977511,118,43,1417,2002,0.0,1658347.0,-1.231783,-1.1518700000000002,KHM,CHN,6908
1977512,121,43,1417,2002,31009.0,27968677.0,1.186816,1.075947,KOR,CHN,6908
1977513,122,43,1417,2002,0.0,3124751.0,-0.6629550000000001,-1.157214,KWT,CHN,6908
1977514,124,43,1417,2002,0.0,176701.0,0.2729,1.254232,LBN,CHN,6908
1977515,127,43,1417,2002,0.0,2686.0,0.14441700000000002,-0.38146599999999997,LCA,CHN,6908
1977516,128,43,1417,2002,0.0,916567.0,-0.740927,0.023171,LKA,CHN,6908
1977517,132,43,1417,2002,0.0,8237.0,0.45210200000000006,0.515388,LVA,CHN,6908
1977518,133,43,1417,2002,1675.0,696208.0,-0.360172,-0.359367,MAC,CHN,6908
1977519,134,43,1417,2002,0.0,38378.0,-0.810467,-0.34807899999999997,MAR,CHN,6908
1977520,136,43,1417,2002,0.0,104234.0,-1.120167,-0.43338699999999997,MDG,CHN,6908
1977521,137,43,1417,2002,0.0,35987.0,-1.3007440000000001,-1.0420120000000002,MDV,CHN,6908
1977522,138,43,1417,2002,0.0,133455.0,0.942061,0.6311260000000001,MEX,CHN,6908
1977523,139,43,1417,2002,0.0,2527.0,0.185091,-0.8390989999999999,MHL,CHN,6908
1977524,141,43,1417,2002,0.0,22292.0,-0.8948520000000001,-0.863375,MLI,CHN,6908
1977525,142,43,1417,2002,0.0,13917.0,1.12245,0.019001,MLT,CHN,6908
1977526,143,43,1417,2002,0.0,942087.0,-1.571568,-1.131512,MMR,CHN,6908
1977527,145,43,1417,2002,0.0,86171.0,-0.895827,-0.9913799999999999,MNG,CHN,6908
1977528,147,43,1417,2002,0.0,110866.0,-0.947259,-1.047883,MOZ,CHN,6908
1977529,148,43,1417,2002,0.0,50179.0,-1.27671,-1.218472,MRT,CHN,6908
1977530,151,43,1417,2002,0.0,160700.0,-0.37937600000000005,-0.388848,MUS,CHN,6908
1977531,152,43,1417,2002,0.0,2390.0,-1.441416,-1.214651,MWI,CHN,6908
1977532,153,43,1417,2002,144156.0,3908696.0,0.704957,0.243398,MYS,CHN,6908
1977533,156,43,1417,2002,0.0,423.0,-0.292646,-0.823263,NCL,CHN,6908
1977534,157,43,1417,2002,0.0,26273.0,-0.344562,-0.304996,NER,CHN,6908
1977535,159,43,1417,2002,0.0,827201.0,-1.8315700000000001,-1.25171,NGA,CHN,6908
1977536,160,43,1417,2002,0.0,962.0,-0.677398,-0.564472,NIC,CHN,6908
1977537,162,43,1417,2002,7005.0,224933.0,1.206176,1.7136360000000002,NLD,CHN,6908
1977538,163,43,1417,2002,0.0,4791.0,1.110882,0.17164100000000002,NOR,CHN,6908
1977539,164,43,1417,2002,0.0,34733.0,-0.216428,0.44377700000000003,NPL,CHN,6908
1977540,166,43,1417,2002,0.0,257090.0,0.542585,0.854243,NZL,CHN,6908
1977541,167,43,1417,2002,0.0,212280.0,-1.238769,-1.225841,OMN,CHN,6908
1977542,168,43,1417,2002,0.0,749972.0,-0.877655,-0.322094,PAK,CHN,6908
1977543,169,43,1417,2002,0.0,846489.0,0.134759,0.234258,PAN,CHN,6908
1977544,173,43,1417,2002,0.0,47001.0,-0.6126199999999999,0.085944,PER,CHN,6908
1977545,174,43,1417,2002,101331.0,4460924.0,0.055439999999999996,-0.179809,PHL,CHN,6908
1977546,175,43,1417,2002,0.0,1814.0,-1.4882389999999999,-0.995626,PLW,CHN,6908
1977547,176,43,1417,2002,0.0,125246.0,-1.4572319999999999,-1.159399,PNG,CHN,6908
1977548,178,43,1417,2002,27224.0,1669792.0,0.43756999999999996,0.744264,PRK,CHN,6908
1977549,179,43,1417,2002,41276.0,49860.0,0.484407,1.6500080000000001,PRT,CHN,6908
1977550,182,43,1417,2002,0.0,1701.0,0.042936,-0.7421840000000001,PYF,CHN,6908
1977551,183,43,1417,2002,0.0,100058.0,-0.306052,-1.098296,QAT,CHN,6908
1977552,185,43,1417,2002,0.0,14245.0,0.29888200000000004,0.980376,ROU,CHN,6908
1977553,186,43,1417,2002,0.0,2197079.0,1.109397,0.424229,RUS,CHN,6908
1977554,187,43,1417,2002,0.0,4113.0,-0.553848,-0.757714,RWA,CHN,6908
1977555,188,43,1417,2002,0.0,11802188.0,0.082107,-0.843317,SAU,CHN,6908
1977556,189,43,1417,2002,0.0,2183.0,0.55781,2.135925,SCG,CHN,6908
1977557,190,43,1417,2002,0.0,283039.0,-1.499925,-1.228374,SDN,CHN,6908
1977558,191,43,1417,2002,0.0,305478.0,-0.43679700000000005,-0.484176,SEN,CHN,6908
1977559,192,43,1417,2002,31913.0,2132209.0,1.481857,0.648889,SGP,CHN,6908
1977560,196,43,1417,2002,0.0,48720.0,0.397488,-0.027672000000000002,SLE,CHN,6908
1977561,197,43,1417,2002,0.0,78427.0,-0.280138,-0.099225,SLV,CHN,6908
1977562,205,43,1417,2002,0.0,81561.0,-0.9120030000000001,-0.8871020000000001,SUR,CHN,6908
1977563,206,43,1417,2002,0.0,5185.0,1.1907379999999999,1.050649,SVK,CHN,6908
1977564,208,43,1417,2002,4744.0,14511.0,2.128614,0.7891199999999999,SWE,CHN,6908
1977565,211,43,1417,2002,0.0,19873.0,-0.977247,-0.927527,SYC,CHN,6908
1977566,215,43,1417,2002,0.0,129085.0,-0.6810039999999999,-0.6286930000000001,TGO,CHN,6908
1977567,216,43,1417,2002,95673.0,2029007.0,0.432041,1.627953,THA,CHN,6908
1977568,221,43,1417,2002,0.0,2698.0,-1.6186639999999999,-1.011606,TON,CHN,6908
1977569,222,43,1417,2002,0.0,4918.0,0.074907,-0.8203879999999999,TTO,CHN,6908
1977570,223,43,1417,2002,0.0,10750.0,-0.221951,0.325506,TUN,CHN,6908
1977571,224,43,1417,2002,20782.0,202034.0,0.11263699999999999,1.83925,TUR,CHN,6908
1977572,226,43,1417,2002,0.0,345145.0,-1.189463,-0.48640600000000006,TZA,CHN,6908
1977573,227,43,1417,2002,0.0,48685.0,-1.038337,-0.896425,UGA,CHN,6908
1977574,228,43,1417,2002,0.0,631869.0,0.835485,0.872135,UKR,CHN,6908
1977575,230,43,1417,2002,0.0,3450.0,0.300502,0.16817000000000001,URY,CHN,6908
1977576,231,43,1417,2002,43550.0,13602122.0,1.821594,0.231296,USA,CHN,6908
1977577,232,43,1417,2002,0.0,1402.0,-0.379765,-0.5965159999999999,UZB,CHN,6908
1977578,236,43,1417,2002,0.0,478591.0,0.211536,-0.715675,VEN,CHN,6908
1977579,239,43,1417,2002,54307.0,985652.0,-0.589665,0.799874,VNM,CHN,6908
1977580,240,43,1417,2002,0.0,3770.0,-1.240258,-0.95039,VUT,CHN,6908
1977581,241,43,1417,2002,0.0,11673.0,0.5689420000000001,-0.737647,WLF,CHN,6908
1977582,242,43,1417,2002,0.0,2415.0,-0.053287,-0.5183399999999999,WSM,CHN,6908
1977583,243,43,1417,2002,0.0,632473.0,-1.233006,-1.22101,YEM,CHN,6908
1977584,246,43,1417,2002,0.0,2533370.0,0.395943,2.392458,ZAF,CHN,6908
1977585,247,43,1417,2002,0.0,57146.0,-0.654686,-0.545346,ZMB,CHN,6908
1977586,248,43,1417,2002,0.0,89652.0,-0.309483,0.271457,ZWE,CHN,6908
1977587,249,43,1417,2002,395912.0,112845.0,1.683858,1.333601,TWN,CHN,6908
1977588,250,43,1417,2002,0.0,35189.0,0.734927,-0.40114099999999997,ANS,CHN,6908
1977589,0,49,1417,2002,0.0,5461.0,0.017075999999999997,-0.844024,ABW,COL,6908
1977590,6,49,1417,2002,0.0,168064.0,0.346519,-0.631549,ANT,COL,6908
1977591,7,49,1417,2002,9609.0,0.0,0.044683,-0.247191,ARE,COL,6908
1977592,13,49,1417,2002,0.0,4407.0,0.958779,-0.56295,ATG,COL,6908
1977593,14,49,1417,2002,0.0,17407.0,0.231386,0.771628,AUS,COL,6908
1977594,25,49,1417,2002,0.0,10892.0,0.641626,-0.37892800000000004,BHS,COL,6908
1977595,31,49,1417,2002,14546.0,5094.0,-0.885342,-0.819517,BOL,COL,6908
1977596,32,49,1417,2002,68525.0,0.0,0.677883,1.0227190000000002,BRA,COL,6908
1977597,39,49,1417,2002,0.0,20327.0,0.9963280000000001,1.1922110000000001,CAN,COL,6908
1977598,42,49,1417,2002,0.0,2729560.0,-0.035264,-0.101796,CHL,COL,6908
1977599,43,49,1417,2002,57796.0,0.0,0.576746,2.7995520000000003,CHN,COL,6908
1977600,52,49,1417,2002,0.0,659801.0,0.03619,-0.187718,CRI,COL,6908
1977601,54,49,1417,2002,0.0,17040.0,-0.479213,-0.951203,CUB,COL,6908
1977602,57,49,1417,2002,0.0,11720.0,0.7098220000000001,-0.633359,CYM,COL,6908
1977603,65,49,1417,2002,4104.0,2826091.0,-0.46284899999999995,-0.39210100000000003,DOM,COL,6908
1977604,67,49,1417,2002,1426823.0,7551417.0,-0.976218,-0.926393,ECU,COL,6908
1977605,71,49,1417,2002,5037229.0,0.0,1.012246,2.049594,ESP,COL,6908
1977606,91,49,1417,2002,0.0,2403.0,0.552833,-0.283761,GRD,COL,6908
1977607,93,49,1417,2002,0.0,4001.0,-0.548834,-0.034464999999999996,GTM,COL,6908
1977608,99,49,1417,2002,0.0,223817.0,-0.877043,-0.658185,HND,COL,6908
1977609,101,49,1417,2002,0.0,124968.0,-1.220251,-0.8176859999999999,HTI,COL,6908
1977610,111,49,1417,2002,822452.0,0.0,1.377604,1.2470510000000001,ITA,COL,6908
1977611,112,49,1417,2002,0.0,397918.0,-0.604813,-0.9309860000000001,JAM,COL,6908
1977612,113,49,1417,2002,0.0,181652.0,0.24197600000000002,0.196635,JOR,COL,6908
1977613,120,49,1417,2002,0.0,7806.0,0.911442,-0.26164899999999996,KNA,COL,6908
1977614,127,49,1417,2002,0.0,59181.0,0.14441700000000002,-0.38146599999999997,LCA,COL,6908
1977615,138,49,1417,2002,48228.0,1862903.0,0.942061,0.6311260000000001,MEX,COL,6908
1977616,153,49,1417,2002,2711.0,0.0,0.704957,0.243398,MYS,COL,6908
1977617,169,49,1417,2002,2158.0,327428.0,0.134759,0.234258,PAN,COL,6908
1977618,173,49,1417,2002,329846.0,0.0,-0.6126199999999999,0.085944,PER,COL,6908
1977619,179,49,1417,2002,27641.0,0.0,0.484407,1.6500080000000001,PRT,COL,6908
1977620,197,49,1417,2002,0.0,97632.0,-0.280138,-0.099225,SLV,COL,6908
1977621,213,49,1417,2002,0.0,17101.0,0.823909,0.075611,TCA,COL,6908
1977622,222,49,1417,2002,0.0,209272.0,0.074907,-0.8203879999999999,TTO,COL,6908
1977623,231,49,1417,2002,13927.0,7308572.0,1.821594,0.231296,USA,COL,6908
1977624,236,49,1417,2002,582605.0,5567762.0,0.211536,-0.715675,VEN,COL,6908
1977625,237,49,1417,2002,0.0,8230.0,1.022393,-0.23957399999999998,VGB,COL,6908
1977626,249,49,1417,2002,0.0,9403.0,1.683858,1.333601,TWN,COL,6908
1977627,8,52,1417,2002,396220.0,0.0,0.284536,0.517425,ARG,CRI,6908
1977628,32,52,1417,2002,3864553.0,0.0,0.677883,1.0227190000000002,BRA,CRI,6908
1977629,43,52,1417,2002,4906.0,0.0,0.576746,2.7995520000000003,CHN,CRI,6908
1977630,49,52,1417,2002,659801.0,0.0,0.345094,0.37787800000000005,COL,CRI,6908
1977631,59,52,1417,2002,12173.0,0.0,1.550713,1.037066,CZE,CRI,6908
1977632,61,52,1417,2002,2813.0,0.0,2.297691,-2.183239,DEU,CRI,6908
1977633,65,52,1417,2002,0.0,40086.0,-0.46284899999999995,-0.39210100000000003,DOM,CRI,6908
1977634,68,52,1417,2002,44596.0,0.0,-0.377127,0.549439,EGY,CRI,6908
1977635,71,52,1417,2002,16038435.0,0.0,1.012246,2.049594,ESP,CRI,6908
1977636,77,52,1417,2002,4796.0,0.0,1.569367,0.9886360000000001,FRA,CRI,6908
1977637,93,52,1417,2002,912025.0,0.0,-0.548834,-0.034464999999999996,GTM,CRI,6908
1977638,103,52,1417,2002,53890.0,11061.0,-0.10020499999999999,1.590314,IDN,CRI,6908
1977639,111,52,1417,2002,1554960.0,0.0,1.377604,1.2470510000000001,ITA,CRI,6908
1977640,138,52,1417,2002,104085.0,0.0,0.942061,0.6311260000000001,MEX,CRI,6908
1977641,153,52,1417,2002,3074.0,0.0,0.704957,0.243398,MYS,CRI,6908
1977642,160,52,1417,2002,3618.0,13677.0,-0.677398,-0.564472,NIC,CRI,6908
1977643,169,52,1417,2002,0.0,2533.0,0.134759,0.234258,PAN,CRI,6908
1977644,173,52,1417,2002,49152.0,0.0,-0.6126199999999999,0.085944,PER,CRI,6908
1977645,179,52,1417,2002,126873.0,0.0,0.484407,1.6500080000000001,PRT,CRI,6908
1977646,197,52,1417,2002,0.0,7689.0,-0.280138,-0.099225,SLV,CRI,6908
1977647,230,52,1417,2002,94064.0,0.0,0.300502,0.16817000000000001,URY,CRI,6908
1977648,231,52,1417,2002,32480.0,32903.0,1.821594,0.231296,USA,CRI,6908
1977649,236,52,1417,2002,11324.0,19625.0,0.211536,-0.715675,VEN,CRI,6908
1977650,237,52,1417,2002,4372.0,0.0,1.022393,-0.23957399999999998,VGB,CRI,6908
1977651,250,52,1417,2002,1240.0,0.0,0.734927,-0.40114099999999997,ANS,CRI,6908
1977652,8,54,1417,2002,103573.0,0.0,0.284536,0.517425,ARG,CUB,6908
1977653,32,54,1417,2002,580474.0,0.0,0.677883,1.0227190000000002,BRA,CUB,6908
1977654,39,54,1417,2002,58937.0,0.0,0.9963280000000001,1.1922110000000001,CAN,CUB,6908
1977655,42,54,1417,2002,41172.0,0.0,-0.035264,-0.101796,CHL,CUB,6908
1977656,49,54,1417,2002,17040.0,0.0,0.345094,0.37787800000000005,COL,CUB,6908
1977657,65,54,1417,2002,0.0,958.0,-0.46284899999999995,-0.39210100000000003,DOM,CUB,6908
1977658,71,54,1417,2002,4189590.0,3496.0,1.012246,2.049594,ESP,CUB,6908
1977659,77,54,1417,2002,2462.0,0.0,1.569367,0.9886360000000001,FRA,CUB,6908
1977660,103,54,1417,2002,1132.0,0.0,-0.10020499999999999,1.590314,IDN,CUB,6908
1977661,111,54,1417,2002,1007334.0,0.0,1.377604,1.2470510000000001,ITA,CUB,6908
1977662,138,54,1417,2002,480196.0,0.0,0.942061,0.6311260000000001,MEX,CUB,6908
1977663,169,54,1417,2002,16822.0,0.0,0.134759,0.234258,PAN,CUB,6908
1977664,179,54,1417,2002,26352.0,0.0,0.484407,1.6500080000000001,PRT,CUB,6908
1977665,236,54,1417,2002,202216.0,0.0,0.211536,-0.715675,VEN,CUB,6908
1977666,239,54,1417,2002,12398.0,0.0,-0.589665,0.799874,VNM,CUB,6908
1977667,3,61,1417,2002,2488.0,0.0,1.801822,0.172557,AIA,DEU,6908
1977668,4,61,1417,2002,0.0,2674.0,-0.127828,-0.126857,ALB,DEU,6908
1977669,6,61,1417,2002,0.0,11000.0,0.346519,-0.631549,ANT,DEU,6908
1977670,7,61,1417,2002,3575887.0,834967.0,0.044683,-0.247191,ARE,DEU,6908
1977671,8,61,1417,2002,55564.0,16967.0,0.284536,0.517425,ARG,DEU,6908
1977672,14,61,1417,2002,1366.0,358527.0,0.231386,0.771628,AUS,DEU,6908
1977673,15,61,1417,2002,2733261.0,19093885.0,1.8651200000000001,0.48423900000000003,AUT,DEU,6908
1977674,16,61,1417,2002,0.0,22988.0,-0.41282299999999994,-0.967931,AZE,DEU,6908
1977675,18,61,1417,2002,2300186.0,5298001.0,1.4097469999999999,1.440169,BEL,DEU,6908
1977676,19,61,1417,2002,0.0,4665.0,-0.724829,-0.705625,BEN,DEU,6908
1977677,22,61,1417,2002,0.0,36531.0,-1.134933,-1.061633,BGD,DEU,6908
1977678,23,61,1417,2002,869142.0,27312.0,0.37451100000000004,1.573517,BGR,DEU,6908
1977679,24,61,1417,2002,0.0,187010.0,-0.146585,-1.006558,BHR,DEU,6908
1977680,25,61,1417,2002,0.0,2995.0,0.641626,-0.37892800000000004,BHS,DEU,6908
1977681,26,61,1417,2002,23713.0,189000.0,0.26339,0.30287,BIH,DEU,6908
1977682,28,61,1417,2002,0.0,42638.0,0.825865,1.0148979999999999,BLR,DEU,6908
1977683,31,61,1417,2002,0.0,1595.0,-0.885342,-0.819517,BOL,DEU,6908
1977684,32,61,1417,2002,562740.0,21244.0,0.677883,1.0227190000000002,BRA,DEU,6908
1977685,33,61,1417,2002,0.0,25097.0,0.762217,0.004367,BRB,DEU,6908
1977686,34,61,1417,2002,0.0,9165.0,-1.7894169999999998,-1.034672,BRN,DEU,6908
1977687,39,61,1417,2002,13976.0,193315.0,0.9963280000000001,1.1922110000000001,CAN,DEU,6908
1977688,41,61,1417,2002,182884.0,11623898.0,2.218095,0.620946,CHE,DEU,6908
1977689,42,61,1417,2002,0.0,16063.0,-0.035264,-0.101796,CHL,DEU,6908
1977690,43,61,1417,2002,188977.0,739137.0,0.576746,2.7995520000000003,CHN,DEU,6908
1977691,44,61,1417,2002,0.0,19223.0,-0.816327,-0.711765,CIV,DEU,6908
1977692,45,61,1417,2002,0.0,28070.0,-1.114477,-1.0516510000000001,CMR,DEU,6908
1977693,46,61,1417,2002,0.0,2000.0,-1.2657370000000001,-1.108659,COD,DEU,6908
1977694,47,61,1417,2002,0.0,2000.0,-1.62227,-1.202067,COG,DEU,6908
1977695,50,61,1417,2002,0.0,1529.0,-0.95335,-0.916942,COM,DEU,6908
1977696,51,61,1417,2002,0.0,781.0,-0.29720100000000005,-0.703051,CPV,DEU,6908
1977697,52,61,1417,2002,0.0,2813.0,0.03619,-0.187718,CRI,DEU,6908
1977698,58,61,1417,2002,0.0,205072.0,0.381391,0.40265,CYP,DEU,6908
1977699,59,61,1417,2002,22173501.0,8165364.0,1.550713,1.037066,CZE,DEU,6908
1977700,63,61,1417,2002,0.0,2580.0,0.196298,-0.129221,DMA,DEU,6908
1977701,64,61,1417,2002,111484.0,3591435.0,1.26594,1.225186,DNK,DEU,6908
1977702,65,61,1417,2002,0.0,19937.0,-0.46284899999999995,-0.39210100000000003,DOM,DEU,6908
1977703,66,61,1417,2002,0.0,11949.0,-0.912033,-1.1731850000000001,DZA,DEU,6908
1977704,68,61,1417,2002,230458.0,358065.0,-0.377127,0.549439,EGY,DEU,6908
1977705,71,61,1417,2002,71226638.0,684677.0,1.012246,2.049594,ESP,DEU,6908
1977706,72,61,1417,2002,2140.0,570739.0,0.54511,0.9135979999999999,EST,DEU,6908
1977707,74,61,1417,2002,5357.0,1725745.0,2.0234240000000003,0.979141,FIN,DEU,6908
1977708,77,61,1417,2002,49729825.0,38679771.0,1.569367,0.9886360000000001,FRA,DEU,6908
1977709,78,61,1417,2002,0.0,2247.0,-0.410455,-0.821335,FRO,DEU,6908
1977710,80,61,1417,2002,0.0,1540.0,-0.830094,-1.149233,GAB,DEU,6908
1977711,81,61,1417,2002,622154.0,7425329.0,1.893177,0.831382,GBR,DEU,6908
1977712,82,61,1417,2002,0.0,2744.0,0.662382,-0.124825,GEO,DEU,6908
1977713,83,61,1417,2002,0.0,80034.0,-1.333425,-1.0709879999999998,GHA,DEU,6908
1977714,85,61,1417,2002,0.0,20967.0,-1.85329,-1.243105,GIN,DEU,6908
1977715,87,61,1417,2002,0.0,18765.0,0.075971,-0.068413,GMB,DEU,6908
1977716,89,61,1417,2002,0.0,1000.0,-2.3567560000000003,-0.88686,GNQ,DEU,6908
1977717,90,61,1417,2002,913706.0,772474.0,0.31858000000000003,1.47417,GRC,DEU,6908
1977718,97,61,1417,2002,6813.0,685440.0,0.5701109999999999,1.989357,HKG,DEU,6908
1977719,100,61,1417,2002,153402.0,439145.0,0.591276,1.030723,HRV,DEU,6908
1977720,102,61,1417,2002,6275708.0,2366988.0,1.179684,1.0574860000000001,HUN,DEU,6908
1977721,103,61,1417,2002,728898.0,15411.0,-0.10020499999999999,1.590314,IDN,DEU,6908
1977722,104,61,1417,2002,44508.0,65141.0,0.380867,2.608955,IND,DEU,6908
1977723,106,61,1417,2002,390505.0,342174.0,1.7232880000000002,0.091172,IRL,DEU,6908
1977724,107,61,1417,2002,65289.0,72102.0,-0.5707840000000001,-0.705612,IRN,DEU,6908
1977725,108,61,1417,2002,0.0,8000.0,-0.397477,-0.811214,IRQ,DEU,6908
1977726,109,61,1417,2002,0.0,126978.0,0.23601999999999998,-0.34781,ISL,DEU,6908
1977727,110,61,1417,2002,0.0,401218.0,1.334174,0.654331,ISR,DEU,6908
1977728,111,61,1417,2002,308631630.0,10023275.0,1.377604,1.2470510000000001,ITA,DEU,6908
1977729,112,61,1417,2002,0.0,5380.0,-0.604813,-0.9309860000000001,JAM,DEU,6908
1977730,113,61,1417,2002,1083.0,37115.0,0.24197600000000002,0.196635,JOR,DEU,6908
1977731,114,61,1417,2002,1488664.0,666894.0,2.556057,0.497673,JPN,DEU,6908
1977732,115,61,1417,2002,0.0,179581.0,-0.065332,-0.616159,KAZ,DEU,6908
1977733,116,61,1417,2002,0.0,34578.0,-0.555812,0.169204,KEN,DEU,6908
1977734,121,61,1417,2002,46637.0,956748.0,1.186816,1.075947,KOR,DEU,6908
1977735,122,61,1417,2002,0.0,594044.0,-0.6629550000000001,-1.157214,KWT,DEU,6908
1977736,124,61,1417,2002,0.0,157516.0,0.2729,1.254232,LBN,DEU,6908
1977737,126,61,1417,2002,0.0,131000.0,-0.568615,-1.172261,LBY,DEU,6908
1977738,127,61,1417,2002,0.0,2371.0,0.14441700000000002,-0.38146599999999997,LCA,DEU,6908
1977739,130,61,1417,2002,16031.0,621488.0,0.23102399999999998,0.586078,LTU,DEU,6908
1977740,131,61,1417,2002,280637.0,3868605.0,1.605378,1.152973,LUX,DEU,6908
1977741,132,61,1417,2002,11603.0,603276.0,0.45210200000000006,0.515388,LVA,DEU,6908
1977742,134,61,1417,2002,62856.0,4852.0,-0.810467,-0.34807899999999997,MAR,DEU,6908
1977743,135,61,1417,2002,0.0,33432.0,-0.186001,-0.141598,MDA,DEU,6908
1977744,137,61,1417,2002,0.0,5356.0,-1.3007440000000001,-1.0420120000000002,MDV,DEU,6908
1977745,138,61,1417,2002,13610.0,0.0,0.942061,0.6311260000000001,MEX,DEU,6908
1977746,140,61,1417,2002,0.0,15203.0,-0.030274000000000002,0.359317,MKD,DEU,6908
1977747,141,61,1417,2002,0.0,10103.0,-0.8948520000000001,-0.863375,MLI,DEU,6908
1977748,142,61,1417,2002,0.0,60577.0,1.12245,0.019001,MLT,DEU,6908
1977749,145,61,1417,2002,0.0,3000.0,-0.895827,-0.9913799999999999,MNG,DEU,6908
1977750,148,61,1417,2002,0.0,1005.0,-1.27671,-1.218472,MRT,DEU,6908
1977751,151,61,1417,2002,0.0,17314.0,-0.37937600000000005,-0.388848,MUS,DEU,6908
1977752,153,61,1417,2002,1100480.0,0.0,0.704957,0.243398,MYS,DEU,6908
1977753,154,61,1417,2002,0.0,2069.0,0.34587399999999996,-0.537626,MYT,DEU,6908
1977754,155,61,1417,2002,0.0,2418.0,-0.314161,-0.521778,NAM,DEU,6908
1977755,156,61,1417,2002,0.0,17475.0,-0.292646,-0.823263,NCL,DEU,6908
1977756,159,61,1417,2002,0.0,464993.0,-1.8315700000000001,-1.25171,NGA,DEU,6908
1977757,160,61,1417,2002,3791.0,3749.0,-0.677398,-0.564472,NIC,DEU,6908
1977758,162,61,1417,2002,5910061.0,18105557.0,1.206176,1.7136360000000002,NLD,DEU,6908
1977759,163,61,1417,2002,9778.0,1767011.0,1.110882,0.17164100000000002,NOR,DEU,6908
1977760,166,61,1417,2002,0.0,23748.0,0.542585,0.854243,NZL,DEU,6908
1977761,167,61,1417,2002,0.0,92262.0,-1.238769,-1.225841,OMN,DEU,6908
1977762,174,61,1417,2002,2715.0,40846.0,0.055439999999999996,-0.179809,PHL,DEU,6908
1977763,177,61,1417,2002,599691.0,11509098.0,0.931642,1.721727,POL,DEU,6908
1977764,179,61,1417,2002,6385757.0,100485.0,0.484407,1.6500080000000001,PRT,DEU,6908
1977765,183,61,1417,2002,0.0,124762.0,-0.306052,-1.098296,QAT,DEU,6908
1977766,185,61,1417,2002,557122.0,219619.0,0.29888200000000004,0.980376,ROU,DEU,6908
1977767,186,61,1417,2002,2371.0,6342235.0,1.109397,0.424229,RUS,DEU,6908
1977768,188,61,1417,2002,0.0,798061.0,0.082107,-0.843317,SAU,DEU,6908
1977769,189,61,1417,2002,0.0,20453.0,0.55781,2.135925,SCG,DEU,6908
1977770,190,61,1417,2002,0.0,1944.0,-1.499925,-1.228374,SDN,DEU,6908
1977771,191,61,1417,2002,0.0,9969.0,-0.43679700000000005,-0.484176,SEN,DEU,6908
1977772,192,61,1417,2002,0.0,651075.0,1.481857,0.648889,SGP,DEU,6908
1977773,196,61,1417,2002,0.0,37637.0,0.397488,-0.027672000000000002,SLE,DEU,6908
1977774,205,61,1417,2002,0.0,9619.0,-0.9120030000000001,-0.8871020000000001,SUR,DEU,6908
1977775,206,61,1417,2002,1465532.0,863292.0,1.1907379999999999,1.050649,SVK,DEU,6908
1977776,207,61,1417,2002,431555.0,653568.0,1.5643770000000001,1.043862,SVN,DEU,6908
1977777,208,61,1417,2002,13894.0,2238891.0,2.128614,0.7891199999999999,SWE,DEU,6908
1977778,209,61,1417,2002,0.0,6985.0,0.49801599999999996,-0.139709,SWZ,DEU,6908
1977779,211,61,1417,2002,0.0,412.0,-0.977247,-0.927527,SYC,DEU,6908
1977780,212,61,1417,2002,0.0,807.0,-1.067974,-0.513309,SYR,DEU,6908
1977781,215,61,1417,2002,0.0,8171.0,-0.6810039999999999,-0.6286930000000001,TGO,DEU,6908
1977782,216,61,1417,2002,1547882.0,21439.0,0.432041,1.627953,THA,DEU,6908
1977783,222,61,1417,2002,0.0,669.0,0.074907,-0.8203879999999999,TTO,DEU,6908
1977784,223,61,1417,2002,8880.0,201682.0,-0.221951,0.325506,TUN,DEU,6908
1977785,224,61,1417,2002,31779307.0,191480.0,0.11263699999999999,1.83925,TUR,DEU,6908
1977786,226,61,1417,2002,0.0,11046.0,-1.189463,-0.48640600000000006,TZA,DEU,6908
1977787,227,61,1417,2002,0.0,7828.0,-1.038337,-0.896425,UGA,DEU,6908
1977788,228,61,1417,2002,50400.0,1591301.0,0.835485,0.872135,UKR,DEU,6908
1977789,231,61,1417,2002,24756.0,4639491.0,1.821594,0.231296,USA,DEU,6908
1977790,232,61,1417,2002,0.0,32000.0,-0.379765,-0.5965159999999999,UZB,DEU,6908
1977791,234,61,1417,2002,0.0,25475.0,-0.340281,-0.661246,VCT,DEU,6908
1977792,236,61,1417,2002,0.0,6804.0,0.211536,-0.715675,VEN,DEU,6908
1977793,239,61,1417,2002,3797.0,17956.0,-0.589665,0.799874,VNM,DEU,6908
1977794,243,61,1417,2002,0.0,32000.0,-1.233006,-1.22101,YEM,DEU,6908
1977795,246,61,1417,2002,1485.0,48192.0,0.395943,2.392458,ZAF,DEU,6908
1977796,249,61,1417,2002,2379.0,189745.0,1.683858,1.333601,TWN,DEU,6908
1977797,250,61,1417,2002,1686.0,161934.0,0.734927,-0.40114099999999997,ANS,DEU,6908
1977798,7,64,1417,2002,131316.0,0.0,0.044683,-0.247191,ARE,DNK,6908
1977799,15,64,1417,2002,3435.0,3591.0,1.8651200000000001,0.48423900000000003,AUT,DNK,6908
1977800,22,64,1417,2002,0.0,15737.0,-1.134933,-1.061633,BGD,DNK,6908
1977801,23,64,1417,2002,36908.0,0.0,0.37451100000000004,1.573517,BGR,DNK,6908
1977802,28,64,1417,2002,6335.0,0.0,0.825865,1.0148979999999999,BLR,DNK,6908
1977803,32,64,1417,2002,1998.0,0.0,0.677883,1.0227190000000002,BRA,DNK,6908
1977804,41,64,1417,2002,0.0,3316.0,2.218095,0.620946,CHE,DNK,6908
1977805,43,64,1417,2002,96157.0,0.0,0.576746,2.7995520000000003,CHN,DNK,6908
1977806,58,64,1417,2002,0.0,4212.0,0.381391,0.40265,CYP,DNK,6908
1977807,59,64,1417,2002,506432.0,3000.0,1.550713,1.037066,CZE,DNK,6908
1977808,61,64,1417,2002,3591435.0,111484.0,2.297691,-2.183239,DEU,DNK,6908
1977809,71,64,1417,2002,2064207.0,1312.0,1.012246,2.049594,ESP,DNK,6908
1977810,74,64,1417,2002,123804.0,86198.0,2.0234240000000003,0.979141,FIN,DNK,6908
1977811,77,64,1417,2002,166282.0,241362.0,1.569367,0.9886360000000001,FRA,DNK,6908
1977812,78,64,1417,2002,0.0,179517.0,-0.410455,-0.821335,FRO,DNK,6908
1977813,81,64,1417,2002,123867.0,185143.0,1.893177,0.831382,GBR,DNK,6908
1977814,83,64,1417,2002,0.0,48077.0,-1.333425,-1.0709879999999998,GHA,DNK,6908
1977815,85,64,1417,2002,0.0,3182.0,-1.85329,-1.243105,GIN,DNK,6908
1977816,90,64,1417,2002,0.0,5354.0,0.31858000000000003,1.47417,GRC,DNK,6908
1977817,92,64,1417,2002,0.0,123813.0,-0.592221,-0.8956799999999999,GRL,DNK,6908
1977818,102,64,1417,2002,36441.0,0.0,1.179684,1.0574860000000001,HUN,DNK,6908
1977819,103,64,1417,2002,8805.0,0.0,-0.10020499999999999,1.590314,IDN,DNK,6908
1977820,106,64,1417,2002,157814.0,27368.0,1.7232880000000002,0.091172,IRL,DNK,6908
1977821,107,64,1417,2002,18255.0,0.0,-0.5707840000000001,-0.705612,IRN,DNK,6908
1977822,109,64,1417,2002,0.0,20567.0,0.23601999999999998,-0.34781,ISL,DNK,6908
1977823,111,64,1417,2002,16009656.0,7253.0,1.377604,1.2470510000000001,ITA,DNK,6908
1977824,113,64,1417,2002,0.0,13926.0,0.24197600000000002,0.196635,JOR,DNK,6908
1977825,114,64,1417,2002,0.0,5672.0,2.556057,0.497673,JPN,DNK,6908
1977826,130,64,1417,2002,9084.0,0.0,0.23102399999999998,0.586078,LTU,DNK,6908
1977827,131,64,1417,2002,2008.0,0.0,1.605378,1.152973,LUX,DNK,6908
1977828,153,64,1417,2002,10465.0,0.0,0.704957,0.243398,MYS,DNK,6908
1977829,162,64,1417,2002,1007406.0,2936.0,1.206176,1.7136360000000002,NLD,DNK,6908
1977830,163,64,1417,2002,36319.0,1208427.0,1.110882,0.17164100000000002,NOR,DNK,6908
1977831,177,64,1417,2002,2545.0,5438.0,0.931642,1.721727,POL,DNK,6908
1977832,179,64,1417,2002,763864.0,0.0,0.484407,1.6500080000000001,PRT,DNK,6908
1977833,183,64,1417,2002,0.0,2170.0,-0.306052,-1.098296,QAT,DNK,6908
1977834,185,64,1417,2002,1976.0,0.0,0.29888200000000004,0.980376,ROU,DNK,6908
1977835,186,64,1417,2002,0.0,15059.0,1.109397,0.424229,RUS,DNK,6908
1977836,188,64,1417,2002,0.0,3953.0,0.082107,-0.843317,SAU,DNK,6908
1977837,192,64,1417,2002,0.0,1443.0,1.481857,0.648889,SGP,DNK,6908
1977838,206,64,1417,2002,69903.0,0.0,1.1907379999999999,1.050649,SVK,DNK,6908
1977839,207,64,1417,2002,3811.0,0.0,1.5643770000000001,1.043862,SVN,DNK,6908
1977840,208,64,1417,2002,240075.0,605417.0,2.128614,0.7891199999999999,SWE,DNK,6908
1977841,216,64,1417,2002,42997.0,0.0,0.432041,1.627953,THA,DNK,6908
1977842,223,64,1417,2002,2327.0,0.0,-0.221951,0.325506,TUN,DNK,6908
1977843,224,64,1417,2002,1993874.0,3656.0,0.11263699999999999,1.83925,TUR,DNK,6908
1977844,226,64,1417,2002,0.0,3541.0,-1.189463,-0.48640600000000006,TZA,DNK,6908
1977845,228,64,1417,2002,5112.0,0.0,0.835485,0.872135,UKR,DNK,6908
1977846,231,64,1417,2002,0.0,1781.0,1.821594,0.231296,USA,DNK,6908
1977847,6,65,1417,2002,0.0,24327.0,0.346519,-0.631549,ANT,DOM,6908
1977848,7,65,1417,2002,531405.0,0.0,0.044683,-0.247191,ARE,DOM,6908
1977849,8,65,1417,2002,65433.0,0.0,0.284536,0.517425,ARG,DOM,6908
1977850,14,65,1417,2002,1407.0,0.0,0.231386,0.771628,AUS,DOM,6908
1977851,32,65,1417,2002,3524958.0,0.0,0.677883,1.0227190000000002,BRA,DOM,6908
1977852,39,65,1417,2002,0.0,5526.0,0.9963280000000001,1.1922110000000001,CAN,DOM,6908
1977853,43,65,1417,2002,280600.0,0.0,0.576746,2.7995520000000003,CHN,DOM,6908
1977854,49,65,1417,2002,2826091.0,4104.0,0.345094,0.37787800000000005,COL,DOM,6908
1977855,52,65,1417,2002,40086.0,0.0,0.03619,-0.187718,CRI,DOM,6908
1977856,54,65,1417,2002,958.0,0.0,-0.479213,-0.951203,CUB,DOM,6908
1977857,61,65,1417,2002,19937.0,0.0,2.297691,-2.183239,DEU,DOM,6908
1977858,71,65,1417,2002,21266000.0,0.0,1.012246,2.049594,ESP,DOM,6908
1977859,77,65,1417,2002,25476.0,0.0,1.569367,0.9886360000000001,FRA,DOM,6908
1977860,97,65,1417,2002,23532.0,0.0,0.5701109999999999,1.989357,HKG,DOM,6908
1977861,101,65,1417,2002,0.0,1710033.0,-1.220251,-0.8176859999999999,HTI,DOM,6908
1977862,103,65,1417,2002,9751.0,0.0,-0.10020499999999999,1.590314,IDN,DOM,6908
1977863,110,65,1417,2002,41284.0,0.0,1.334174,0.654331,ISR,DOM,6908
1977864,111,65,1417,2002,2801759.0,0.0,1.377604,1.2470510000000001,ITA,DOM,6908
1977865,114,65,1417,2002,30288.0,0.0,2.556057,0.497673,JPN,DOM,6908
1977866,120,65,1417,2002,0.0,6530.0,0.911442,-0.26164899999999996,KNA,DOM,6908
1977867,138,65,1417,2002,1854.0,0.0,0.942061,0.6311260000000001,MEX,DOM,6908
1977868,162,65,1417,2002,844.0,0.0,1.206176,1.7136360000000002,NLD,DOM,6908
1977869,179,65,1417,2002,22597.0,0.0,0.484407,1.6500080000000001,PRT,DOM,6908
1977870,188,65,1417,2002,68553.0,0.0,0.082107,-0.843317,SAU,DOM,6908
1977871,213,65,1417,2002,0.0,9775.0,0.823909,0.075611,TCA,DOM,6908
1977872,230,65,1417,2002,3016.0,0.0,0.300502,0.16817000000000001,URY,DOM,6908
1977873,231,65,1417,2002,29674.0,693634.0,1.821594,0.231296,USA,DOM,6908
1977874,236,65,1417,2002,141731.0,0.0,0.211536,-0.715675,VEN,DOM,6908
1977875,246,65,1417,2002,15106.0,0.0,0.395943,2.392458,ZAF,DOM,6908
1977876,250,65,1417,2002,21777.0,0.0,0.734927,-0.40114099999999997,ANS,DOM,6908
1977877,7,67,1417,2002,130874.0,0.0,0.044683,-0.247191,ARE,ECU,6908
1977878,8,67,1417,2002,71519.0,0.0,0.284536,0.517425,ARG,ECU,6908
1977879,31,67,1417,2002,9932.0,0.0,-0.885342,-0.819517,BOL,ECU,6908
1977880,32,67,1417,2002,596108.0,0.0,0.677883,1.0227190000000002,BRA,ECU,6908
1977881,42,67,1417,2002,11081.0,77179.0,-0.035264,-0.101796,CHL,ECU,6908
1977882,43,67,1417,2002,30270.0,0.0,0.576746,2.7995520000000003,CHN,ECU,6908
1977883,49,67,1417,2002,7551417.0,1426823.0,0.345094,0.37787800000000005,COL,ECU,6908
1977884,71,67,1417,2002,3979753.0,0.0,1.012246,2.049594,ESP,ECU,6908
1977885,77,67,1417,2002,0.0,5239.0,1.569367,0.9886360000000001,FRA,ECU,6908
1977886,97,67,1417,2002,0.0,26590.0,0.5701109999999999,1.989357,HKG,ECU,6908
1977887,101,67,1417,2002,0.0,148410.0,-1.220251,-0.8176859999999999,HTI,ECU,6908
1977888,102,67,1417,2002,18318.0,0.0,1.179684,1.0574860000000001,HUN,ECU,6908
1977889,103,67,1417,2002,71141.0,0.0,-0.10020499999999999,1.590314,IDN,ECU,6908
1977890,104,67,1417,2002,87256.0,0.0,0.380867,2.608955,IND,ECU,6908
1977891,111,67,1417,2002,1613493.0,0.0,1.377604,1.2470510000000001,ITA,ECU,6908
1977892,112,67,1417,2002,0.0,6745.0,-0.604813,-0.9309860000000001,JAM,ECU,6908
1977893,138,67,1417,2002,24961.0,98205.0,0.942061,0.6311260000000001,MEX,ECU,6908
1977894,153,67,1417,2002,53040.0,0.0,0.704957,0.243398,MYS,ECU,6908
1977895,169,67,1417,2002,4780.0,14063.0,0.134759,0.234258,PAN,ECU,6908
1977896,173,67,1417,2002,1601034.0,0.0,-0.6126199999999999,0.085944,PER,ECU,6908
1977897,179,67,1417,2002,3637.0,0.0,0.484407,1.6500080000000001,PRT,ECU,6908
1977898,190,67,1417,2002,0.0,107847.0,-1.499925,-1.228374,SDN,ECU,6908
1977899,192,67,1417,2002,27490.0,0.0,1.481857,0.648889,SGP,ECU,6908
1977900,231,67,1417,2002,11723.0,1617070.0,1.821594,0.231296,USA,ECU,6908
1977901,236,67,1417,2002,55573.0,13196.0,0.211536,-0.715675,VEN,ECU,6908
1977902,249,67,1417,2002,117912.0,0.0,1.683858,1.333601,TWN,ECU,6908
1977903,0,71,1417,2002,0.0,845859.0,0.017075999999999997,-0.844024,ABW,ESP,6908
1977904,2,71,1417,2002,0.0,2141829.0,-2.018135,-1.222751,AGO,ESP,6908
1977905,4,71,1417,2002,2452.0,11396839.0,-0.127828,-0.126857,ALB,ESP,6908
1977906,5,71,1417,2002,27410.0,2976263.0,1.1751610000000001,0.8631700000000001,AND,ESP,6908
1977907,6,71,1417,2002,0.0,749982.0,0.346519,-0.631549,ANT,ESP,6908
1977908,7,71,1417,2002,89516.0,26402525.0,0.044683,-0.247191,ARE,ESP,6908
1977909,8,71,1417,2002,0.0,402527.0,0.284536,0.517425,ARG,ESP,6908
1977910,9,71,1417,2002,0.0,912015.0,0.710274,-0.11309000000000001,ARM,ESP,6908
1977911,13,71,1417,2002,0.0,26239.0,0.958779,-0.56295,ATG,ESP,6908
1977912,14,71,1417,2002,2991.0,28942328.0,0.231386,0.771628,AUS,ESP,6908
1977913,15,71,1417,2002,8796.0,7670550.0,1.8651200000000001,0.48423900000000003,AUT,ESP,6908
1977914,16,71,1417,2002,0.0,983882.0,-0.41282299999999994,-0.967931,AZE,ESP,6908
1977915,17,71,1417,2002,0.0,5403.0,-0.333602,-0.648837,BDI,ESP,6908
1977916,18,71,1417,2002,86488.0,21094527.0,1.4097469999999999,1.440169,BEL,ESP,6908
1977917,19,71,1417,2002,0.0,1403973.0,-0.724829,-0.705625,BEN,ESP,6908
1977918,21,71,1417,2002,0.0,556372.0,-0.477813,-0.647148,BFA,ESP,6908
1977919,22,71,1417,2002,0.0,1579766.0,-1.134933,-1.061633,BGD,ESP,6908
1977920,23,71,1417,2002,493181.0,7505576.0,0.37451100000000004,1.573517,BGR,ESP,6908
1977921,24,71,1417,2002,0.0,4835120.0,-0.146585,-1.006558,BHR,ESP,6908
1977922,25,71,1417,2002,0.0,1269526.0,0.641626,-0.37892800000000004,BHS,ESP,6908
1977923,26,71,1417,2002,2117.0,3926001.0,0.26339,0.30287,BIH,ESP,6908
1977924,28,71,1417,2002,0.0,476414.0,0.825865,1.0148979999999999,BLR,ESP,6908
1977925,29,71,1417,2002,0.0,89919.0,-0.246977,-0.731156,BLZ,ESP,6908
1977926,30,71,1417,2002,0.0,437081.0,1.129,-0.476633,BMU,ESP,6908
1977927,31,71,1417,2002,0.0,781862.0,-0.885342,-0.819517,BOL,ESP,6908
1977928,32,71,1417,2002,26040.0,3387808.0,0.677883,1.0227190000000002,BRA,ESP,6908
1977929,33,71,1417,2002,0.0,705704.0,0.762217,0.004367,BRB,ESP,6908
1977930,34,71,1417,2002,0.0,402203.0,-1.7894169999999998,-1.034672,BRN,ESP,6908
1977931,37,71,1417,2002,0.0,58222.0,-0.14025,-1.018399,BWA,ESP,6908
1977932,38,71,1417,2002,0.0,71660.0,-0.45315200000000005,-0.764876,CAF,ESP,6908
1977933,39,71,1417,2002,2968.0,18594643.0,0.9963280000000001,1.1922110000000001,CAN,ESP,6908
1977934,41,71,1417,2002,31696.0,9558951.0,2.218095,0.620946,CHE,ESP,6908
1977935,42,71,1417,2002,0.0,4460913.0,-0.035264,-0.101796,CHL,ESP,6908
1977936,43,71,1417,2002,362312.0,3118769.0,0.576746,2.7995520000000003,CHN,ESP,6908
1977937,44,71,1417,2002,0.0,1344616.0,-0.816327,-0.711765,CIV,ESP,6908
1977938,45,71,1417,2002,0.0,992390.0,-1.114477,-1.0516510000000001,CMR,ESP,6908
1977939,46,71,1417,2002,0.0,345553.0,-1.2657370000000001,-1.108659,COD,ESP,6908
1977940,47,71,1417,2002,0.0,354249.0,-1.62227,-1.202067,COG,ESP,6908
1977941,49,71,1417,2002,0.0,5037229.0,0.345094,0.37787800000000005,COL,ESP,6908
1977942,50,71,1417,2002,0.0,7486.0,-0.95335,-0.916942,COM,ESP,6908
1977943,51,71,1417,2002,0.0,62677.0,-0.29720100000000005,-0.703051,CPV,ESP,6908
1977944,52,71,1417,2002,0.0,16038435.0,0.03619,-0.187718,CRI,ESP,6908
1977945,54,71,1417,2002,3496.0,4189590.0,-0.479213,-0.951203,CUB,ESP,6908
1977946,57,71,1417,2002,0.0,157602.0,0.7098220000000001,-0.633359,CYM,ESP,6908
1977947,58,71,1417,2002,0.0,8829523.0,0.381391,0.40265,CYP,ESP,6908
1977948,59,71,1417,2002,24165.0,4301255.0,1.550713,1.037066,CZE,ESP,6908
1977949,61,71,1417,2002,684677.0,71226638.0,2.297691,-2.183239,DEU,ESP,6908
1977950,63,71,1417,2002,0.0,21722.0,0.196298,-0.129221,DMA,ESP,6908
1977951,64,71,1417,2002,1312.0,2064207.0,1.26594,1.225186,DNK,ESP,6908
1977952,65,71,1417,2002,0.0,21266000.0,-0.46284899999999995,-0.39210100000000003,DOM,ESP,6908
1977953,66,71,1417,2002,0.0,22430976.0,-0.912033,-1.1731850000000001,DZA,ESP,6908
1977954,67,71,1417,2002,0.0,3979753.0,-0.976218,-0.926393,ECU,ESP,6908
1977955,68,71,1417,2002,12106.0,2083819.0,-0.377127,0.549439,EGY,ESP,6908
1977956,69,71,1417,2002,0.0,5863.0,0.831973,-0.050712,ERI,ESP,6908
1977957,72,71,1417,2002,0.0,2404960.0,0.54511,0.9135979999999999,EST,ESP,6908
1977958,73,71,1417,2002,0.0,68112.0,-1.096371,-0.9566709999999999,ETH,ESP,6908
1977959,74,71,1417,2002,14741.0,6691884.0,2.0234240000000003,0.979141,FIN,ESP,6908
1977960,75,71,1417,2002,0.0,963.0,-0.588136,-0.242883,FJI,ESP,6908
1977961,77,71,1417,2002,2096872.0,155516052.0,1.569367,0.9886360000000001,FRA,ESP,6908
1977962,78,71,1417,2002,0.0,1403.0,-0.410455,-0.821335,FRO,ESP,6908
1977963,80,71,1417,2002,0.0,484650.0,-0.830094,-1.149233,GAB,ESP,6908
1977964,81,71,1417,2002,158251.0,163133402.0,1.893177,0.831382,GBR,ESP,6908
1977965,82,71,1417,2002,0.0,1081955.0,0.662382,-0.124825,GEO,ESP,6908
1977966,83,71,1417,2002,0.0,6095831.0,-1.333425,-1.0709879999999998,GHA,ESP,6908
1977967,84,71,1417,2002,0.0,566353.0,0.814919,-0.205996,GIB,ESP,6908
1977968,85,71,1417,2002,0.0,1126211.0,-1.85329,-1.243105,GIN,ESP,6908
1977969,87,71,1417,2002,0.0,769168.0,0.075971,-0.068413,GMB,ESP,6908
1977970,88,71,1417,2002,0.0,49891.0,-0.661416,-0.8644870000000001,GNB,ESP,6908
1977971,89,71,1417,2002,0.0,907047.0,-2.3567560000000003,-0.88686,GNQ,ESP,6908
1977972,90,71,1417,2002,48150.0,50683183.0,0.31858000000000003,1.47417,GRC,ESP,6908
1977973,91,71,1417,2002,0.0,88410.0,0.552833,-0.283761,GRD,ESP,6908
1977974,93,71,1417,2002,0.0,4612409.0,-0.548834,-0.034464999999999996,GTM,ESP,6908
1977975,96,71,1417,2002,0.0,115384.0,-0.9485889999999999,-0.9086489999999999,GUY,ESP,6908
1977976,97,71,1417,2002,84252.0,10875182.0,0.5701109999999999,1.989357,HKG,ESP,6908
1977977,99,71,1417,2002,0.0,3690601.0,-0.877043,-0.658185,HND,ESP,6908
1977978,100,71,1417,2002,0.0,5063799.0,0.591276,1.030723,HRV,ESP,6908
1977979,101,71,1417,2002,0.0,986713.0,-1.220251,-0.8176859999999999,HTI,ESP,6908
1977980,102,71,1417,2002,6331.0,14634218.0,1.179684,1.0574860000000001,HUN,ESP,6908
1977981,103,71,1417,2002,309485.0,1492096.0,-0.10020499999999999,1.590314,IDN,ESP,6908
1977982,104,71,1417,2002,18022.0,1507437.0,0.380867,2.608955,IND,ESP,6908
1977983,106,71,1417,2002,60666.0,30698107.0,1.7232880000000002,0.091172,IRL,ESP,6908
1977984,107,71,1417,2002,0.0,4662278.0,-0.5707840000000001,-0.705612,IRN,ESP,6908
1977985,108,71,1417,2002,0.0,6518.0,-0.397477,-0.811214,IRQ,ESP,6908
1977986,109,71,1417,2002,0.0,279485.0,0.23601999999999998,-0.34781,ISL,ESP,6908
1977987,110,71,1417,2002,7474.0,45821196.0,1.334174,0.654331,ISR,ESP,6908
1977988,111,71,1417,2002,28426704.0,50226805.0,1.377604,1.2470510000000001,ITA,ESP,6908
1977989,112,71,1417,2002,0.0,4466027.0,-0.604813,-0.9309860000000001,JAM,ESP,6908
1977990,113,71,1417,2002,0.0,5970011.0,0.24197600000000002,0.196635,JOR,ESP,6908
1977991,114,71,1417,2002,1317.0,4059994.0,2.556057,0.497673,JPN,ESP,6908
1977992,115,71,1417,2002,0.0,1482720.0,-0.065332,-0.616159,KAZ,ESP,6908
1977993,116,71,1417,2002,0.0,428018.0,-0.555812,0.169204,KEN,ESP,6908
1977994,117,71,1417,2002,0.0,102888.0,0.081807,0.16872,KGZ,ESP,6908
1977995,118,71,1417,2002,0.0,268248.0,-1.231783,-1.1518700000000002,KHM,ESP,6908
1977996,120,71,1417,2002,0.0,25315.0,0.911442,-0.26164899999999996,KNA,ESP,6908
1977997,121,71,1417,2002,8990.0,20570397.0,1.186816,1.075947,KOR,ESP,6908
1977998,122,71,1417,2002,0.0,20555204.0,-0.6629550000000001,-1.157214,KWT,ESP,6908
1977999,124,71,1417,2002,0.0,6713360.0,0.2729,1.254232,LBN,ESP,6908
1978000,125,71,1417,2002,0.0,123867.0,-0.508416,-1.121658,LBR,ESP,6908
1978001,126,71,1417,2002,0.0,4078699.0,-0.568615,-1.172261,LBY,ESP,6908
1978002,127,71,1417,2002,0.0,50279.0,0.14441700000000002,-0.38146599999999997,LCA,ESP,6908
1978003,128,71,1417,2002,0.0,324670.0,-0.740927,0.023171,LKA,ESP,6908
1978004,130,71,1417,2002,0.0,5061912.0,0.23102399999999998,0.586078,LTU,ESP,6908
1978005,131,71,1417,2002,0.0,489632.0,1.605378,1.152973,LUX,ESP,6908
1978006,132,71,1417,2002,0.0,4003752.0,0.45210200000000006,0.515388,LVA,ESP,6908
1978007,133,71,1417,2002,0.0,585213.0,-0.360172,-0.359367,MAC,ESP,6908
1978008,134,71,1417,2002,589900.0,16833968.0,-0.810467,-0.34807899999999997,MAR,ESP,6908
1978009,135,71,1417,2002,0.0,774341.0,-0.186001,-0.141598,MDA,ESP,6908
1978010,136,71,1417,2002,0.0,351170.0,-1.120167,-0.43338699999999997,MDG,ESP,6908
1978011,138,71,1417,2002,11958.0,49620137.0,0.942061,0.6311260000000001,MEX,ESP,6908
1978012,139,71,1417,2002,0.0,13866.0,0.185091,-0.8390989999999999,MHL,ESP,6908
1978013,140,71,1417,2002,0.0,1282977.0,-0.030274000000000002,0.359317,MKD,ESP,6908
1978014,141,71,1417,2002,0.0,491985.0,-0.8948520000000001,-0.863375,MLI,ESP,6908
1978015,142,71,1417,2002,0.0,7332241.0,1.12245,0.019001,MLT,ESP,6908
1978016,147,71,1417,2002,0.0,318395.0,-0.947259,-1.047883,MOZ,ESP,6908
1978017,148,71,1417,2002,0.0,1427575.0,-1.27671,-1.218472,MRT,ESP,6908
1978018,151,71,1417,2002,0.0,2928460.0,-0.37937600000000005,-0.388848,MUS,ESP,6908
1978019,152,71,1417,2002,0.0,26621.0,-1.441416,-1.214651,MWI,ESP,6908
1978020,153,71,1417,2002,0.0,778265.0,0.704957,0.243398,MYS,ESP,6908
1978021,154,71,1417,2002,0.0,86581.0,0.34587399999999996,-0.537626,MYT,ESP,6908
1978022,155,71,1417,2002,0.0,33769.0,-0.314161,-0.521778,NAM,ESP,6908
1978023,156,71,1417,2002,0.0,731077.0,-0.292646,-0.823263,NCL,ESP,6908
1978024,157,71,1417,2002,0.0,98046.0,-0.344562,-0.304996,NER,ESP,6908
1978025,159,71,1417,2002,7008.0,10268352.0,-1.8315700000000001,-1.25171,NGA,ESP,6908
1978026,160,71,1417,2002,0.0,1206895.0,-0.677398,-0.564472,NIC,ESP,6908
1978027,162,71,1417,2002,58545.0,30896107.0,1.206176,1.7136360000000002,NLD,ESP,6908
1978028,163,71,1417,2002,10823.0,8704773.0,1.110882,0.17164100000000002,NOR,ESP,6908
1978029,164,71,1417,2002,0.0,118588.0,-0.216428,0.44377700000000003,NPL,ESP,6908
1978030,166,71,1417,2002,0.0,2157895.0,0.542585,0.854243,NZL,ESP,6908
1978031,167,71,1417,2002,14596.0,3094932.0,-1.238769,-1.225841,OMN,ESP,6908
1978032,168,71,1417,2002,0.0,3810620.0,-0.877655,-0.322094,PAK,ESP,6908
1978033,169,71,1417,2002,0.0,5953384.0,0.134759,0.234258,PAN,ESP,6908
1978034,173,71,1417,2002,0.0,4193751.0,-0.6126199999999999,0.085944,PER,ESP,6908
1978035,174,71,1417,2002,0.0,4406095.0,0.055439999999999996,-0.179809,PHL,ESP,6908
1978036,176,71,1417,2002,0.0,17520.0,-1.4572319999999999,-1.159399,PNG,ESP,6908
1978037,177,71,1417,2002,5756.0,31613270.0,0.931642,1.721727,POL,ESP,6908
1978038,178,71,1417,2002,0.0,664792.0,0.43756999999999996,0.744264,PRK,ESP,6908
1978039,179,71,1417,2002,6476034.0,114226745.0,0.484407,1.6500080000000001,PRT,ESP,6908
1978040,180,71,1417,2002,0.0,333945.0,-0.614282,-0.963832,PRY,ESP,6908
1978041,181,71,1417,2002,0.0,459679.0,0.394636,-0.286194,PSE,ESP,6908
1978042,182,71,1417,2002,0.0,394534.0,0.042936,-0.7421840000000001,PYF,ESP,6908
1978043,183,71,1417,2002,0.0,3253450.0,-0.306052,-1.098296,QAT,ESP,6908
1978044,185,71,1417,2002,0.0,20324965.0,0.29888200000000004,0.980376,ROU,ESP,6908
1978045,186,71,1417,2002,0.0,39205114.0,1.109397,0.424229,RUS,ESP,6908
1978046,187,71,1417,2002,0.0,197649.0,-0.553848,-0.757714,RWA,ESP,6908
1978047,188,71,1417,2002,1590.0,144612184.0,0.082107,-0.843317,SAU,ESP,6908
1978048,189,71,1417,2002,0.0,7977100.0,0.55781,2.135925,SCG,ESP,6908
1978049,190,71,1417,2002,0.0,1458674.0,-1.499925,-1.228374,SDN,ESP,6908
1978050,191,71,1417,2002,0.0,3883578.0,-0.43679700000000005,-0.484176,SEN,ESP,6908
1978051,192,71,1417,2002,6590.0,10672563.0,1.481857,0.648889,SGP,ESP,6908
1978052,196,71,1417,2002,0.0,109799.0,0.397488,-0.027672000000000002,SLE,ESP,6908
1978053,197,71,1417,2002,0.0,2379600.0,-0.280138,-0.099225,SLV,ESP,6908
1978054,199,71,1417,2002,0.0,16612.0,-0.055408000000000006,-0.5247470000000001,SOM,ESP,6908
1978055,203,71,1417,2002,0.0,5662.0,0.47539499999999996,-0.297348,STP,ESP,6908
1978056,205,71,1417,2002,0.0,298715.0,-0.9120030000000001,-0.8871020000000001,SUR,ESP,6908
1978057,206,71,1417,2002,16054.0,1123729.0,1.1907379999999999,1.050649,SVK,ESP,6908
1978058,207,71,1417,2002,0.0,2365066.0,1.5643770000000001,1.043862,SVN,ESP,6908
1978059,208,71,1417,2002,14477.0,10997478.0,2.128614,0.7891199999999999,SWE,ESP,6908
1978060,211,71,1417,2002,0.0,46587.0,-0.977247,-0.927527,SYC,ESP,6908
1978061,212,71,1417,2002,0.0,38956.0,-1.067974,-0.513309,SYR,ESP,6908
1978062,213,71,1417,2002,0.0,90317.0,0.823909,0.075611,TCA,ESP,6908
1978063,214,71,1417,2002,0.0,18398.0,0.160853,-0.672233,TCD,ESP,6908
1978064,215,71,1417,2002,0.0,474197.0,-0.6810039999999999,-0.6286930000000001,TGO,ESP,6908
1978065,216,71,1417,2002,11695.0,2618077.0,0.432041,1.627953,THA,ESP,6908
1978066,217,71,1417,2002,0.0,54151.0,-0.798754,-1.025902,TJK,ESP,6908
1978067,222,71,1417,2002,0.0,937481.0,0.074907,-0.8203879999999999,TTO,ESP,6908
1978068,223,71,1417,2002,152839.0,4091925.0,-0.221951,0.325506,TUN,ESP,6908
1978069,224,71,1417,2002,177933.0,3635461.0,0.11263699999999999,1.83925,TUR,ESP,6908
1978070,226,71,1417,2002,0.0,1685783.0,-1.189463,-0.48640600000000006,TZA,ESP,6908
1978071,227,71,1417,2002,0.0,895157.0,-1.038337,-0.896425,UGA,ESP,6908
1978072,228,71,1417,2002,0.0,20543309.0,0.835485,0.872135,UKR,ESP,6908
1978073,230,71,1417,2002,0.0,462511.0,0.300502,0.16817000000000001,URY,ESP,6908
1978074,231,71,1417,2002,66251.0,224400837.0,1.821594,0.231296,USA,ESP,6908
1978075,232,71,1417,2002,0.0,369910.0,-0.379765,-0.5965159999999999,UZB,ESP,6908
1978076,234,71,1417,2002,0.0,14169.0,-0.340281,-0.661246,VCT,ESP,6908
1978077,236,71,1417,2002,8509.0,10291742.0,0.211536,-0.715675,VEN,ESP,6908
1978078,237,71,1417,2002,0.0,466767.0,1.022393,-0.23957399999999998,VGB,ESP,6908
1978079,239,71,1417,2002,2701.0,1387396.0,-0.589665,0.799874,VNM,ESP,6908
1978080,243,71,1417,2002,0.0,3411432.0,-1.233006,-1.22101,YEM,ESP,6908
1978081,246,71,1417,2002,0.0,5196107.0,0.395943,2.392458,ZAF,ESP,6908
1978082,247,71,1417,2002,0.0,31815.0,-0.654686,-0.545346,ZMB,ESP,6908
1978083,248,71,1417,2002,0.0,82917.0,-0.309483,0.271457,ZWE,ESP,6908
1978084,249,71,1417,2002,12164.0,4711621.0,1.683858,1.333601,TWN,ESP,6908
1978085,2,77,1417,2002,0.0,14168.0,-2.018135,-1.222751,AGO,FRA,6908
1978086,4,77,1417,2002,5271.0,12235.0,-0.127828,-0.126857,ALB,FRA,6908
1978087,5,77,1417,2002,0.0,107917.0,1.1751610000000001,0.8631700000000001,AND,FRA,6908
1978088,6,77,1417,2002,0.0,19865.0,0.346519,-0.631549,ANT,FRA,6908
1978089,7,77,1417,2002,2172060.0,182985.0,0.044683,-0.247191,ARE,FRA,6908
1978090,9,77,1417,2002,0.0,7291.0,0.710274,-0.11309000000000001,ARM,FRA,6908
1978091,12,77,1417,2002,0.0,14524.0,1.532758,-0.491439,ATF,FRA,6908
1978092,14,77,1417,2002,0.0,1208557.0,0.231386,0.771628,AUS,FRA,6908
1978093,15,77,1417,2002,178047.0,262280.0,1.8651200000000001,0.48423900000000003,AUT,FRA,6908
1978094,16,77,1417,2002,0.0,9050.0,-0.41282299999999994,-0.967931,AZE,FRA,6908
1978095,18,77,1417,2002,3215336.0,8097792.0,1.4097469999999999,1.440169,BEL,FRA,6908
1978096,19,77,1417,2002,0.0,97375.0,-0.724829,-0.705625,BEN,FRA,6908
1978097,21,77,1417,2002,0.0,114320.0,-0.477813,-0.647148,BFA,FRA,6908
1978098,22,77,1417,2002,12065.0,0.0,-1.134933,-1.061633,BGD,FRA,6908
1978099,23,77,1417,2002,1365911.0,0.0,0.37451100000000004,1.573517,BGR,FRA,6908
1978100,24,77,1417,2002,0.0,118602.0,-0.146585,-1.006558,BHR,FRA,6908
1978101,25,77,1417,2002,4529.0,24214.0,0.641626,-0.37892800000000004,BHS,FRA,6908
1978102,26,77,1417,2002,59585.0,0.0,0.26339,0.30287,BIH,FRA,6908
1978103,32,77,1417,2002,1057579.0,2687.0,0.677883,1.0227190000000002,BRA,FRA,6908
1978104,34,77,1417,2002,0.0,3491.0,-1.7894169999999998,-1.034672,BRN,FRA,6908
1978105,35,77,1417,2002,2329.0,0.0,0.23072800000000002,-0.541596,BTN,FRA,6908
1978106,38,77,1417,2002,0.0,32395.0,-0.45315200000000005,-0.764876,CAF,FRA,6908
1978107,39,77,1417,2002,0.0,306514.0,0.9963280000000001,1.1922110000000001,CAN,FRA,6908
1978108,41,77,1417,2002,58624.0,4992688.0,2.218095,0.620946,CHE,FRA,6908
1978109,42,77,1417,2002,0.0,20212.0,-0.035264,-0.101796,CHL,FRA,6908
1978110,43,77,1417,2002,870280.0,23712.0,0.576746,2.7995520000000003,CHN,FRA,6908
1978111,44,77,1417,2002,0.0,144600.0,-0.816327,-0.711765,CIV,FRA,6908
1978112,45,77,1417,2002,0.0,401027.0,-1.114477,-1.0516510000000001,CMR,FRA,6908
1978113,46,77,1417,2002,0.0,4724.0,-1.2657370000000001,-1.108659,COD,FRA,6908
1978114,47,77,1417,2002,0.0,95406.0,-1.62227,-1.202067,COG,FRA,6908
1978115,50,77,1417,2002,0.0,110249.0,-0.95335,-0.916942,COM,FRA,6908
1978116,51,77,1417,2002,0.0,3915.0,-0.29720100000000005,-0.703051,CPV,FRA,6908
1978117,52,77,1417,2002,0.0,4796.0,0.03619,-0.187718,CRI,FRA,6908
1978118,54,77,1417,2002,0.0,2462.0,-0.479213,-0.951203,CUB,FRA,6908
1978119,58,77,1417,2002,0.0,12085.0,0.381391,0.40265,CYP,FRA,6908
1978120,59,77,1417,2002,3899333.0,91925.0,1.550713,1.037066,CZE,FRA,6908
1978121,61,77,1417,2002,38679771.0,49729825.0,2.297691,-2.183239,DEU,FRA,6908
1978122,62,77,1417,2002,0.0,15132.0,0.416677,-0.052552,DJI,FRA,6908
1978123,63,77,1417,2002,0.0,44951.0,0.196298,-0.129221,DMA,FRA,6908
1978124,64,77,1417,2002,241362.0,166282.0,1.26594,1.225186,DNK,FRA,6908
1978125,65,77,1417,2002,0.0,25476.0,-0.46284899999999995,-0.39210100000000003,DOM,FRA,6908
1978126,66,77,1417,2002,0.0,174840.0,-0.912033,-1.1731850000000001,DZA,FRA,6908
1978127,67,77,1417,2002,5239.0,0.0,-0.976218,-0.926393,ECU,FRA,6908
1978128,68,77,1417,2002,12815.0,15455.0,-0.377127,0.549439,EGY,FRA,6908
1978129,71,77,1417,2002,155516052.0,2096872.0,1.012246,2.049594,ESP,FRA,6908
1978130,72,77,1417,2002,1630.0,4458.0,0.54511,0.9135979999999999,EST,FRA,6908
1978131,73,77,1417,2002,9752.0,0.0,-1.096371,-0.9566709999999999,ETH,FRA,6908
1978132,74,77,1417,2002,0.0,1062623.0,2.0234240000000003,0.979141,FIN,FRA,6908
1978133,78,77,1417,2002,0.0,120.0,-0.410455,-0.821335,FRO,FRA,6908
1978134,80,77,1417,2002,0.0,274196.0,-0.830094,-1.149233,GAB,FRA,6908
1978135,81,77,1417,2002,844809.0,4434289.0,1.893177,0.831382,GBR,FRA,6908
1978136,82,77,1417,2002,0.0,20565.0,0.662382,-0.124825,GEO,FRA,6908
1978137,83,77,1417,2002,0.0,3706.0,-1.333425,-1.0709879999999998,GHA,FRA,6908
1978138,84,77,1417,2002,0.0,4723.0,0.814919,-0.205996,GIB,FRA,6908
1978139,85,77,1417,2002,0.0,11465.0,-1.85329,-1.243105,GIN,FRA,6908
1978140,87,77,1417,2002,0.0,59177.0,0.075971,-0.068413,GMB,FRA,6908
1978141,89,77,1417,2002,0.0,43503.0,-2.3567560000000003,-0.88686,GNQ,FRA,6908
1978142,90,77,1417,2002,15925.0,562817.0,0.31858000000000003,1.47417,GRC,FRA,6908
1978143,91,77,1417,2002,0.0,132773.0,0.552833,-0.283761,GRD,FRA,6908
1978144,93,77,1417,2002,5940.0,10218.0,-0.548834,-0.034464999999999996,GTM,FRA,6908
1978145,97,77,1417,2002,1704.0,75671.0,0.5701109999999999,1.989357,HKG,FRA,6908
1978146,100,77,1417,2002,67025.0,67417.0,0.591276,1.030723,HRV,FRA,6908
1978147,101,77,1417,2002,0.0,28381.0,-1.220251,-0.8176859999999999,HTI,FRA,6908
1978148,102,77,1417,2002,1055221.0,98756.0,1.179684,1.0574860000000001,HUN,FRA,6908
1978149,103,77,1417,2002,221554.0,93999.0,-0.10020499999999999,1.590314,IDN,FRA,6908
1978150,104,77,1417,2002,36809.0,0.0,0.380867,2.608955,IND,FRA,6908
1978151,106,77,1417,2002,44894.0,269345.0,1.7232880000000002,0.091172,IRL,FRA,6908
1978152,107,77,1417,2002,47581.0,1429.0,-0.5707840000000001,-0.705612,IRN,FRA,6908
1978153,109,77,1417,2002,10970.0,3139.0,0.23601999999999998,-0.34781,ISL,FRA,6908
1978154,110,77,1417,2002,0.0,46458.0,1.334174,0.654331,ISR,FRA,6908
1978155,111,77,1417,2002,337661712.0,4996416.0,1.377604,1.2470510000000001,ITA,FRA,6908
1978156,113,77,1417,2002,0.0,14647.0,0.24197600000000002,0.196635,JOR,FRA,6908
1978157,114,77,1417,2002,23784.0,175316.0,2.556057,0.497673,JPN,FRA,6908
1978158,115,77,1417,2002,0.0,1007.0,-0.065332,-0.616159,KAZ,FRA,6908
1978159,116,77,1417,2002,20873.0,0.0,-0.555812,0.169204,KEN,FRA,6908
1978160,117,77,1417,2002,0.0,10783.0,0.081807,0.16872,KGZ,FRA,6908
1978161,118,77,1417,2002,0.0,38926.0,-1.231783,-1.1518700000000002,KHM,FRA,6908
1978162,120,77,1417,2002,0.0,4471.0,0.911442,-0.26164899999999996,KNA,FRA,6908
1978163,121,77,1417,2002,0.0,7548.0,1.186816,1.075947,KOR,FRA,6908
1978164,122,77,1417,2002,0.0,126570.0,-0.6629550000000001,-1.157214,KWT,FRA,6908
1978165,124,77,1417,2002,19392.0,119124.0,0.2729,1.254232,LBN,FRA,6908
1978166,127,77,1417,2002,0.0,9396.0,0.14441700000000002,-0.38146599999999997,LCA,FRA,6908
1978167,128,77,1417,2002,0.0,6854.0,-0.740927,0.023171,LKA,FRA,6908
1978168,130,77,1417,2002,0.0,3485.0,0.23102399999999998,0.586078,LTU,FRA,6908
1978169,131,77,1417,2002,100312.0,670260.0,1.605378,1.152973,LUX,FRA,6908
1978170,132,77,1417,2002,0.0,73856.0,0.45210200000000006,0.515388,LVA,FRA,6908
1978171,134,77,1417,2002,412541.0,176183.0,-0.810467,-0.34807899999999997,MAR,FRA,6908
1978172,136,77,1417,2002,0.0,155433.0,-1.120167,-0.43338699999999997,MDG,FRA,6908
1978173,138,77,1417,2002,58797.0,90702.0,0.942061,0.6311260000000001,MEX,FRA,6908
1978174,139,77,1417,2002,0.0,3807.0,0.185091,-0.8390989999999999,MHL,FRA,6908
1978175,141,77,1417,2002,0.0,174857.0,-0.8948520000000001,-0.863375,MLI,FRA,6908
1978176,142,77,1417,2002,7890.0,6840.0,1.12245,0.019001,MLT,FRA,6908
1978177,147,77,1417,2002,0.0,8690.0,-0.947259,-1.047883,MOZ,FRA,6908
1978178,148,77,1417,2002,0.0,21233.0,-1.27671,-1.218472,MRT,FRA,6908
1978179,151,77,1417,2002,0.0,168125.0,-0.37937600000000005,-0.388848,MUS,FRA,6908
1978180,153,77,1417,2002,78921.0,61415.0,0.704957,0.243398,MYS,FRA,6908
1978181,154,77,1417,2002,0.0,204856.0,0.34587399999999996,-0.537626,MYT,FRA,6908
1978182,156,77,1417,2002,0.0,523126.0,-0.292646,-0.823263,NCL,FRA,6908
1978183,157,77,1417,2002,0.0,45476.0,-0.344562,-0.304996,NER,FRA,6908
1978184,159,77,1417,2002,0.0,31049.0,-1.8315700000000001,-1.25171,NGA,FRA,6908
1978185,162,77,1417,2002,1019880.0,1759690.0,1.206176,1.7136360000000002,NLD,FRA,6908
1978186,163,77,1417,2002,8957.0,269156.0,1.110882,0.17164100000000002,NOR,FRA,6908
1978187,164,77,1417,2002,6142.0,0.0,-0.216428,0.44377700000000003,NPL,FRA,6908
1978188,166,77,1417,2002,0.0,83483.0,0.542585,0.854243,NZL,FRA,6908
1978189,167,77,1417,2002,1467.0,8619.0,-1.238769,-1.225841,OMN,FRA,6908
1978190,169,77,1417,2002,0.0,1976.0,0.134759,0.234258,PAN,FRA,6908
1978191,174,77,1417,2002,6287.0,12708.0,0.055439999999999996,-0.179809,PHL,FRA,6908
1978192,177,77,1417,2002,20223.0,3633815.0,0.931642,1.721727,POL,FRA,6908
1978193,179,77,1417,2002,27885347.0,241639.0,0.484407,1.6500080000000001,PRT,FRA,6908
1978194,182,77,1417,2002,0.0,156245.0,0.042936,-0.7421840000000001,PYF,FRA,6908
1978195,183,77,1417,2002,0.0,24433.0,-0.306052,-1.098296,QAT,FRA,6908
1978196,185,77,1417,2002,303880.0,56320.0,0.29888200000000004,0.980376,ROU,FRA,6908
1978197,186,77,1417,2002,0.0,286611.0,1.109397,0.424229,RUS,FRA,6908
1978198,187,77,1417,2002,0.0,6053.0,-0.553848,-0.757714,RWA,FRA,6908
1978199,188,77,1417,2002,8685.0,658150.0,0.082107,-0.843317,SAU,FRA,6908
1978200,189,77,1417,2002,0.0,11541.0,0.55781,2.135925,SCG,FRA,6908
1978201,191,77,1417,2002,0.0,364480.0,-0.43679700000000005,-0.484176,SEN,FRA,6908
1978202,192,77,1417,2002,0.0,50010.0,1.481857,0.648889,SGP,FRA,6908
1978203,196,77,1417,2002,0.0,4193.0,0.397488,-0.027672000000000002,SLE,FRA,6908
1978204,200,77,1417,2002,0.0,15188.0,-1.291565,-0.9258290000000001,SPM,FRA,6908
1978205,206,77,1417,2002,1412496.0,72010.0,1.1907379999999999,1.050649,SVK,FRA,6908
1978206,207,77,1417,2002,0.0,16898.0,1.5643770000000001,1.043862,SVN,FRA,6908
1978207,208,77,1417,2002,98152.0,610661.0,2.128614,0.7891199999999999,SWE,FRA,6908
1978208,211,77,1417,2002,0.0,55753.0,-0.977247,-0.927527,SYC,FRA,6908
1978209,214,77,1417,2002,0.0,106747.0,0.160853,-0.672233,TCD,FRA,6908
1978210,215,77,1417,2002,0.0,98444.0,-0.6810039999999999,-0.6286930000000001,TGO,FRA,6908
1978211,216,77,1417,2002,173959.0,214166.0,0.432041,1.627953,THA,FRA,6908
1978212,219,77,1417,2002,0.0,23610.0,-1.035248,-1.191624,TKM,FRA,6908
1978213,222,77,1417,2002,49642.0,0.0,0.074907,-0.8203879999999999,TTO,FRA,6908
1978214,223,77,1417,2002,5205810.0,150265.0,-0.221951,0.325506,TUN,FRA,6908
1978215,224,77,1417,2002,15953190.0,46801.0,0.11263699999999999,1.83925,TUR,FRA,6908
1978216,227,77,1417,2002,0.0,30233.0,-1.038337,-0.896425,UGA,FRA,6908
1978217,228,77,1417,2002,0.0,46329.0,0.835485,0.872135,UKR,FRA,6908
1978218,231,77,1417,2002,54817.0,3004368.0,1.821594,0.231296,USA,FRA,6908
1978219,236,77,1417,2002,0.0,1735.0,0.211536,-0.715675,VEN,FRA,6908
1978220,239,77,1417,2002,64496.0,0.0,-0.589665,0.799874,VNM,FRA,6908
1978221,240,77,1417,2002,0.0,36347.0,-1.240258,-0.95039,VUT,FRA,6908
1978222,241,77,1417,2002,0.0,34694.0,0.5689420000000001,-0.737647,WLF,FRA,6908
1978223,243,77,1417,2002,0.0,50995.0,-1.233006,-1.22101,YEM,FRA,6908
1978224,246,77,1417,2002,19347.0,71505.0,0.395943,2.392458,ZAF,FRA,6908
1978225,249,77,1417,2002,0.0,32295.0,1.683858,1.333601,TWN,FRA,6908
1978226,250,77,1417,2002,70844.0,0.0,0.734927,-0.40114099999999997,ANS,FRA,6908
1978227,5,81,1417,2002,0.0,1230.0,1.1751610000000001,0.8631700000000001,AND,GBR,6908
1978228,7,81,1417,2002,605458.0,483546.0,0.044683,-0.247191,ARE,GBR,6908
1978229,8,81,1417,2002,66702.0,0.0,0.284536,0.517425,ARG,GBR,6908
1978230,9,81,1417,2002,0.0,682.0,0.710274,-0.11309000000000001,ARM,GBR,6908
1978231,14,81,1417,2002,154888.0,799388.0,0.231386,0.771628,AUS,GBR,6908
1978232,15,81,1417,2002,48379.0,5947.0,1.8651200000000001,0.48423900000000003,AUT,GBR,6908
1978233,16,81,1417,2002,0.0,5669.0,-0.41282299999999994,-0.967931,AZE,GBR,6908
1978234,18,81,1417,2002,53974.0,131528.0,1.4097469999999999,1.440169,BEL,GBR,6908
1978235,23,81,1417,2002,3666396.0,0.0,0.37451100000000004,1.573517,BGR,GBR,6908
1978236,24,81,1417,2002,0.0,41205.0,-0.146585,-1.006558,BHR,GBR,6908
1978237,25,81,1417,2002,0.0,1561.0,0.641626,-0.37892800000000004,BHS,GBR,6908
1978238,30,81,1417,2002,0.0,1627.0,1.129,-0.476633,BMU,GBR,6908
1978239,32,81,1417,2002,4762590.0,0.0,0.677883,1.0227190000000002,BRA,GBR,6908
1978240,33,81,1417,2002,0.0,125659.0,0.762217,0.004367,BRB,GBR,6908
1978241,34,81,1417,2002,0.0,891.0,-1.7894169999999998,-1.034672,BRN,GBR,6908
1978242,37,81,1417,2002,0.0,1213.0,-0.14025,-1.018399,BWA,GBR,6908
1978243,39,81,1417,2002,9467.0,142018.0,0.9963280000000001,1.1922110000000001,CAN,GBR,6908
1978244,41,81,1417,2002,2511.0,155825.0,2.218095,0.620946,CHE,GBR,6908
1978245,43,81,1417,2002,544450.0,15743.0,0.576746,2.7995520000000003,CHN,GBR,6908
1978246,44,81,1417,2002,0.0,2914.0,-0.816327,-0.711765,CIV,GBR,6908
1978247,46,81,1417,2002,0.0,2390.0,-1.2657370000000001,-1.108659,COD,GBR,6908
1978248,58,81,1417,2002,33533.0,33992.0,0.381391,0.40265,CYP,GBR,6908
1978249,59,81,1417,2002,2929228.0,110732.0,1.550713,1.037066,CZE,GBR,6908
1978250,61,81,1417,2002,7425329.0,622154.0,2.297691,-2.183239,DEU,GBR,6908
1978251,63,81,1417,2002,0.0,9128.0,0.196298,-0.129221,DMA,GBR,6908
1978252,64,81,1417,2002,185143.0,123867.0,1.26594,1.225186,DNK,GBR,6908
1978253,66,81,1417,2002,0.0,5949.0,-0.912033,-1.1731850000000001,DZA,GBR,6908
1978254,68,81,1417,2002,77547.0,0.0,-0.377127,0.549439,EGY,GBR,6908
1978255,71,81,1417,2002,163133402.0,158251.0,1.012246,2.049594,ESP,GBR,6908
1978256,73,81,1417,2002,0.0,8900.0,-1.096371,-0.9566709999999999,ETH,GBR,6908
1978257,74,81,1417,2002,2861.0,20622.0,2.0234240000000003,0.979141,FIN,GBR,6908
1978258,77,81,1417,2002,4434289.0,844809.0,1.569367,0.9886360000000001,FRA,GBR,6908
1978259,78,81,1417,2002,0.0,1064.0,-0.410455,-0.821335,FRO,GBR,6908
1978260,82,81,1417,2002,0.0,3095.0,0.662382,-0.124825,GEO,GBR,6908
1978261,83,81,1417,2002,0.0,149249.0,-1.333425,-1.0709879999999998,GHA,GBR,6908
1978262,84,81,1417,2002,0.0,8763.0,0.814919,-0.205996,GIB,GBR,6908
1978263,87,81,1417,2002,0.0,28357.0,0.075971,-0.068413,GMB,GBR,6908
1978264,88,81,1417,2002,0.0,1149.0,-0.661416,-0.8644870000000001,GNB,GBR,6908
1978265,90,81,1417,2002,970088.0,288150.0,0.31858000000000003,1.47417,GRC,GBR,6908
1978266,91,81,1417,2002,0.0,52646.0,0.552833,-0.283761,GRD,GBR,6908
1978267,96,81,1417,2002,0.0,71300.0,-0.9485889999999999,-0.9086489999999999,GUY,GBR,6908
1978268,97,81,1417,2002,54757.0,524333.0,0.5701109999999999,1.989357,HKG,GBR,6908
1978269,100,81,1417,2002,0.0,3222.0,0.591276,1.030723,HRV,GBR,6908
1978270,102,81,1417,2002,42025.0,70833.0,1.179684,1.0574860000000001,HUN,GBR,6908
1978271,103,81,1417,2002,408367.0,15626.0,-0.10020499999999999,1.590314,IDN,GBR,6908
1978272,104,81,1417,2002,210917.0,47174.0,0.380867,2.608955,IND,GBR,6908
1978273,106,81,1417,2002,4227370.0,12038914.0,1.7232880000000002,0.091172,IRL,GBR,6908
1978274,107,81,1417,2002,141155.0,13642.0,-0.5707840000000001,-0.705612,IRN,GBR,6908
1978275,110,81,1417,2002,84509.0,16633.0,1.334174,0.654331,ISR,GBR,6908
1978276,111,81,1417,2002,84251300.0,191962.0,1.377604,1.2470510000000001,ITA,GBR,6908
1978277,112,81,1417,2002,1675.0,17829.0,-0.604813,-0.9309860000000001,JAM,GBR,6908
1978278,113,81,1417,2002,4272.0,1121.0,0.24197600000000002,0.196635,JOR,GBR,6908
1978279,114,81,1417,2002,1214384.0,189406.0,2.556057,0.497673,JPN,GBR,6908
1978280,115,81,1417,2002,0.0,3543.0,-0.065332,-0.616159,KAZ,GBR,6908
1978281,116,81,1417,2002,0.0,85459.0,-0.555812,0.169204,KEN,GBR,6908
1978282,120,81,1417,2002,0.0,126458.0,0.911442,-0.26164899999999996,KNA,GBR,6908
1978283,121,81,1417,2002,0.0,123409.0,1.186816,1.075947,KOR,GBR,6908
1978284,122,81,1417,2002,2462.0,151555.0,-0.6629550000000001,-1.157214,KWT,GBR,6908
1978285,124,81,1417,2002,1030.0,64703.0,0.2729,1.254232,LBN,GBR,6908
1978286,126,81,1417,2002,0.0,10160.0,-0.568615,-1.172261,LBY,GBR,6908
1978287,127,81,1417,2002,0.0,11658.0,0.14441700000000002,-0.38146599999999997,LCA,GBR,6908
1978288,128,81,1417,2002,322183.0,3187.0,-0.740927,0.023171,LKA,GBR,6908
1978289,130,81,1417,2002,2695.0,4277.0,0.23102399999999998,0.586078,LTU,GBR,6908
1978290,131,81,1417,2002,0.0,2352.0,1.605378,1.152973,LUX,GBR,6908
1978291,132,81,1417,2002,0.0,56580.0,0.45210200000000006,0.515388,LVA,GBR,6908
1978292,134,81,1417,2002,8010.0,26700.0,-0.810467,-0.34807899999999997,MAR,GBR,6908
1978293,138,81,1417,2002,186379.0,0.0,0.942061,0.6311260000000001,MEX,GBR,6908
1978294,142,81,1417,2002,2214.0,6185.0,1.12245,0.019001,MLT,GBR,6908
1978295,151,81,1417,2002,0.0,16186.0,-0.37937600000000005,-0.388848,MUS,GBR,6908
1978296,153,81,1417,2002,5610492.0,4209.0,0.704957,0.243398,MYS,GBR,6908
1978297,157,81,1417,2002,0.0,6536.0,-0.344562,-0.304996,NER,GBR,6908
1978298,159,81,1417,2002,0.0,38295.0,-1.8315700000000001,-1.25171,NGA,GBR,6908
1978299,162,81,1417,2002,1663393.0,1087800.0,1.206176,1.7136360000000002,NLD,GBR,6908
1978300,163,81,1417,2002,0.0,507236.0,1.110882,0.17164100000000002,NOR,GBR,6908
1978301,166,81,1417,2002,1642.0,75436.0,0.542585,0.854243,NZL,GBR,6908
1978302,167,81,1417,2002,0.0,141430.0,-1.238769,-1.225841,OMN,GBR,6908
1978303,169,81,1417,2002,0.0,2790.0,0.134759,0.234258,PAN,GBR,6908
1978304,177,81,1417,2002,17591.0,81525.0,0.931642,1.721727,POL,GBR,6908
1978305,179,81,1417,2002,8447699.0,6693.0,0.484407,1.6500080000000001,PRT,GBR,6908
1978306,183,81,1417,2002,0.0,105992.0,-0.306052,-1.098296,QAT,GBR,6908
1978307,185,81,1417,2002,0.0,17550.0,0.29888200000000004,0.980376,ROU,GBR,6908
1978308,186,81,1417,2002,0.0,355448.0,1.109397,0.424229,RUS,GBR,6908
1978309,187,81,1417,2002,0.0,1807.0,-0.553848,-0.757714,RWA,GBR,6908
1978310,188,81,1417,2002,0.0,422543.0,0.082107,-0.843317,SAU,GBR,6908
1978311,192,81,1417,2002,0.0,51272.0,1.481857,0.648889,SGP,GBR,6908
1978312,194,81,1417,2002,0.0,7377.0,1.4834459999999998,0.014774,SHN,GBR,6908
1978313,196,81,1417,2002,0.0,15318.0,0.397488,-0.027672000000000002,SLE,GBR,6908
1978314,198,81,1417,2002,54058.0,0.0,1.389807,0.275878,SMR,GBR,6908
1978315,206,81,1417,2002,0.0,4297.0,1.1907379999999999,1.050649,SVK,GBR,6908
1978316,208,81,1417,2002,3642.0,367840.0,2.128614,0.7891199999999999,SWE,GBR,6908
1978317,211,81,1417,2002,0.0,19939.0,-0.977247,-0.927527,SYC,GBR,6908
1978318,212,81,1417,2002,14208.0,0.0,-1.067974,-0.513309,SYR,GBR,6908
1978319,216,81,1417,2002,3303257.0,5254.0,0.432041,1.627953,THA,GBR,6908
1978320,222,81,1417,2002,0.0,4044.0,0.074907,-0.8203879999999999,TTO,GBR,6908
1978321,223,81,1417,2002,16976.0,3241.0,-0.221951,0.325506,TUN,GBR,6908
1978322,224,81,1417,2002,25565534.0,1025.0,0.11263699999999999,1.83925,TUR,GBR,6908
1978323,226,81,1417,2002,0.0,2131.0,-1.189463,-0.48640600000000006,TZA,GBR,6908
1978324,227,81,1417,2002,0.0,2859.0,-1.038337,-0.896425,UGA,GBR,6908
1978325,228,81,1417,2002,4912.0,21721.0,0.835485,0.872135,UKR,GBR,6908
1978326,230,81,1417,2002,105006.0,0.0,0.300502,0.16817000000000001,URY,GBR,6908
1978327,231,81,1417,2002,364643.0,3010971.0,1.821594,0.231296,USA,GBR,6908
1978328,234,81,1417,2002,0.0,14411.0,-0.340281,-0.661246,VCT,GBR,6908
1978329,237,81,1417,2002,0.0,2113.0,1.022393,-0.23957399999999998,VGB,GBR,6908
1978330,246,81,1417,2002,139506.0,3533.0,0.395943,2.392458,ZAF,GBR,6908
1978331,247,81,1417,2002,0.0,14411.0,-0.654686,-0.545346,ZMB,GBR,6908
1978332,248,81,1417,2002,86079.0,18996.0,-0.309483,0.271457,ZWE,GBR,6908
1978333,249,81,1417,2002,72976.0,3078.0,1.683858,1.333601,TWN,GBR,6908
1978334,4,90,1417,2002,0.0,697852.0,-0.127828,-0.126857,ALB,GRC,6908
1978335,7,90,1417,2002,0.0,859513.0,0.044683,-0.247191,ARE,GRC,6908
1978336,8,90,1417,2002,4696.0,0.0,0.284536,0.517425,ARG,GRC,6908
1978337,14,90,1417,2002,0.0,347351.0,0.231386,0.771628,AUS,GRC,6908
1978338,15,90,1417,2002,2378.0,155956.0,1.8651200000000001,0.48423900000000003,AUT,GRC,6908
1978339,18,90,1417,2002,6034.0,6676.0,1.4097469999999999,1.440169,BEL,GRC,6908
1978340,23,90,1417,2002,260600.0,1469308.0,0.37451100000000004,1.573517,BGR,GRC,6908
1978341,24,90,1417,2002,0.0,34758.0,-0.146585,-1.006558,BHR,GRC,6908
1978342,26,90,1417,2002,0.0,17678.0,0.26339,0.30287,BIH,GRC,6908
1978343,32,90,1417,2002,1296705.0,0.0,0.677883,1.0227190000000002,BRA,GRC,6908
1978344,39,90,1417,2002,1592.0,0.0,0.9963280000000001,1.1922110000000001,CAN,GRC,6908
1978345,41,90,1417,2002,1235.0,0.0,2.218095,0.620946,CHE,GRC,6908
1978346,43,90,1417,2002,111658.0,0.0,0.576746,2.7995520000000003,CHN,GRC,6908
1978347,45,90,1417,2002,0.0,53324.0,-1.114477,-1.0516510000000001,CMR,GRC,6908
1978348,58,90,1417,2002,67067.0,1258594.0,0.381391,0.40265,CYP,GRC,6908
1978349,59,90,1417,2002,0.0,66715.0,1.550713,1.037066,CZE,GRC,6908
1978350,61,90,1417,2002,772474.0,913706.0,2.297691,-2.183239,DEU,GRC,6908
1978351,64,90,1417,2002,5354.0,0.0,1.26594,1.225186,DNK,GRC,6908
1978352,68,90,1417,2002,385753.0,41886.0,-0.377127,0.549439,EGY,GRC,6908
1978353,71,90,1417,2002,50683183.0,48150.0,1.012246,2.049594,ESP,GRC,6908
1978354,77,90,1417,2002,562817.0,15925.0,1.569367,0.9886360000000001,FRA,GRC,6908
1978355,81,90,1417,2002,288150.0,970088.0,1.893177,0.831382,GBR,GRC,6908
1978356,82,90,1417,2002,0.0,4582.0,0.662382,-0.124825,GEO,GRC,6908
1978357,97,90,1417,2002,25559.0,57155.0,0.5701109999999999,1.989357,HKG,GRC,6908
1978358,102,90,1417,2002,0.0,42786.0,1.179684,1.0574860000000001,HUN,GRC,6908
1978359,103,90,1417,2002,276786.0,0.0,-0.10020499999999999,1.590314,IDN,GRC,6908
1978360,104,90,1417,2002,74198.0,0.0,0.380867,2.608955,IND,GRC,6908
1978361,107,90,1417,2002,2737.0,0.0,-0.5707840000000001,-0.705612,IRN,GRC,6908
1978362,110,90,1417,2002,84738.0,15302.0,1.334174,0.654331,ISR,GRC,6908
1978363,111,90,1417,2002,84699446.0,48509.0,1.377604,1.2470510000000001,ITA,GRC,6908
1978364,113,90,1417,2002,0.0,26771.0,0.24197600000000002,0.196635,JOR,GRC,6908
1978365,114,90,1417,2002,0.0,10760.0,2.556057,0.497673,JPN,GRC,6908
1978366,122,90,1417,2002,0.0,37827.0,-0.6629550000000001,-1.157214,KWT,GRC,6908
1978367,140,90,1417,2002,0.0,4180982.0,-0.030274000000000002,0.359317,MKD,GRC,6908
1978368,162,90,1417,2002,0.0,8330.0,1.206176,1.7136360000000002,NLD,GRC,6908
1978369,163,90,1417,2002,0.0,1278.0,1.110882,0.17164100000000002,NOR,GRC,6908
1978370,166,90,1417,2002,0.0,3486.0,0.542585,0.854243,NZL,GRC,6908
1978371,167,90,1417,2002,0.0,35257.0,-1.238769,-1.225841,OMN,GRC,6908
1978372,177,90,1417,2002,0.0,7848.0,0.931642,1.721727,POL,GRC,6908
1978373,179,90,1417,2002,1862672.0,0.0,0.484407,1.6500080000000001,PRT,GRC,6908
1978374,183,90,1417,2002,0.0,35498.0,-0.306052,-1.098296,QAT,GRC,6908
1978375,185,90,1417,2002,0.0,363954.0,0.29888200000000004,0.980376,ROU,GRC,6908
1978376,186,90,1417,2002,0.0,266982.0,1.109397,0.424229,RUS,GRC,6908
1978377,188,90,1417,2002,0.0,341199.0,0.082107,-0.843317,SAU,GRC,6908
1978378,189,90,1417,2002,15845.0,1210352.0,0.55781,2.135925,SCG,GRC,6908
1978379,192,90,1417,2002,0.0,10254.0,1.481857,0.648889,SGP,GRC,6908
1978380,196,90,1417,2002,0.0,32437.0,0.397488,-0.027672000000000002,SLE,GRC,6908
1978381,207,90,1417,2002,88391.0,0.0,1.5643770000000001,1.043862,SVN,GRC,6908
1978382,208,90,1417,2002,0.0,98448.0,2.128614,0.7891199999999999,SWE,GRC,6908
1978383,216,90,1417,2002,26860.0,0.0,0.432041,1.627953,THA,GRC,6908
1978384,223,90,1417,2002,767437.0,0.0,-0.221951,0.325506,TUN,GRC,6908
1978385,224,90,1417,2002,8739979.0,55021.0,0.11263699999999999,1.83925,TUR,GRC,6908
1978386,228,90,1417,2002,0.0,21366.0,0.835485,0.872135,UKR,GRC,6908
1978387,231,90,1417,2002,9851.0,142792.0,1.821594,0.231296,USA,GRC,6908
1978388,232,90,1417,2002,0.0,104000.0,-0.379765,-0.5965159999999999,UZB,GRC,6908
1978389,234,90,1417,2002,0.0,26750.0,-0.340281,-0.661246,VCT,GRC,6908
1978390,246,90,1417,2002,0.0,4392.0,0.395943,2.392458,ZAF,GRC,6908
1978391,249,90,1417,2002,11900.0,59000.0,1.683858,1.333601,TWN,GRC,6908
1978392,250,90,1417,2002,4830.0,65011.0,0.734927,-0.40114099999999997,ANS,GRC,6908
1978393,7,93,1417,2002,92607.0,0.0,0.044683,-0.247191,ARE,GTM,6908
1978394,8,93,1417,2002,61287.0,0.0,0.284536,0.517425,ARG,GTM,6908
1978395,29,93,1417,2002,0.0,159315.0,-0.246977,-0.731156,BLZ,GTM,6908
1978396,32,93,1417,2002,1377943.0,0.0,0.677883,1.0227190000000002,BRA,GTM,6908
1978397,49,93,1417,2002,4001.0,0.0,0.345094,0.37787800000000005,COL,GTM,6908
1978398,52,93,1417,2002,0.0,912025.0,0.03619,-0.187718,CRI,GTM,6908
1978399,68,93,1417,2002,11530.0,0.0,-0.377127,0.549439,EGY,GTM,6908
1978400,71,93,1417,2002,4612409.0,0.0,1.012246,2.049594,ESP,GTM,6908
1978401,77,93,1417,2002,10218.0,5940.0,1.569367,0.9886360000000001,FRA,GTM,6908
1978402,97,93,1417,2002,20776.0,0.0,0.5701109999999999,1.989357,HKG,GTM,6908
1978403,99,93,1417,2002,1275.0,1810677.0,-0.877043,-0.658185,HND,GTM,6908
1978404,103,93,1417,2002,195884.0,0.0,-0.10020499999999999,1.590314,IDN,GTM,6908
1978405,111,93,1417,2002,605612.0,16145.0,1.377604,1.2470510000000001,ITA,GTM,6908
1978406,138,93,1417,2002,865852.0,933578.0,0.942061,0.6311260000000001,MEX,GTM,6908
1978407,160,93,1417,2002,0.0,1266114.0,-0.677398,-0.564472,NIC,GTM,6908
1978408,169,93,1417,2002,5855.0,0.0,0.134759,0.234258,PAN,GTM,6908
1978409,173,93,1417,2002,4149.0,0.0,-0.6126199999999999,0.085944,PER,GTM,6908
1978410,179,93,1417,2002,1737.0,0.0,0.484407,1.6500080000000001,PRT,GTM,6908
1978411,197,93,1417,2002,5148.0,5548110.0,-0.280138,-0.099225,SLV,GTM,6908
1978412,224,93,1417,2002,1810.0,0.0,0.11263699999999999,1.83925,TUR,GTM,6908
1978413,230,93,1417,2002,11690.0,0.0,0.300502,0.16817000000000001,URY,GTM,6908
1978414,231,93,1417,2002,101609.0,156193.0,1.821594,0.231296,USA,GTM,6908
1978415,236,93,1417,2002,38932.0,0.0,0.211536,-0.715675,VEN,GTM,6908
1978416,250,93,1417,2002,1596.0,0.0,0.734927,-0.40114099999999997,ANS,GTM,6908
1978417,32,96,1417,2002,171036.0,0.0,0.677883,1.0227190000000002,BRA,GUY,6908
1978418,39,96,1417,2002,10180.0,0.0,0.9963280000000001,1.1922110000000001,CAN,GUY,6908
1978419,43,96,1417,2002,211537.0,0.0,0.576746,2.7995520000000003,CHN,GUY,6908
1978420,59,96,1417,2002,3926.0,0.0,1.550713,1.037066,CZE,GUY,6908
1978421,71,96,1417,2002,115384.0,0.0,1.012246,2.049594,ESP,GUY,6908
1978422,81,96,1417,2002,71300.0,0.0,1.893177,0.831382,GBR,GUY,6908
1978423,103,96,1417,2002,1291.0,0.0,-0.10020499999999999,1.590314,IDN,GUY,6908
1978424,111,96,1417,2002,13735.0,0.0,1.377604,1.2470510000000001,ITA,GUY,6908
1978425,121,96,1417,2002,3129.0,0.0,1.186816,1.075947,KOR,GUY,6908
1978426,162,96,1417,2002,1663.0,0.0,1.206176,1.7136360000000002,NLD,GUY,6908
1978427,177,96,1417,2002,2622.0,0.0,0.931642,1.721727,POL,GUY,6908
1978428,222,96,1417,2002,17039.0,1308.0,0.074907,-0.8203879999999999,TTO,GUY,6908
1978429,224,96,1417,2002,2763.0,0.0,0.11263699999999999,1.83925,TUR,GUY,6908
1978430,231,96,1417,2002,25540.0,0.0,1.821594,0.231296,USA,GUY,6908
1978431,236,96,1417,2002,1305.0,0.0,0.211536,-0.715675,VEN,GUY,6908
1978432,7,97,1417,2002,676231.0,39563.0,0.044683,-0.247191,ARE,HKG,6908
1978433,14,97,1417,2002,44192.0,154404.0,0.231386,0.771628,AUS,HKG,6908
1978434,15,97,1417,2002,6101.0,0.0,1.8651200000000001,0.48423900000000003,AUT,HKG,6908
1978435,19,97,1417,2002,0.0,15805.0,-0.724829,-0.705625,BEN,HKG,6908
1978436,21,97,1417,2002,0.0,3295.0,-0.477813,-0.647148,BFA,HKG,6908
1978437,22,97,1417,2002,0.0,7439.0,-1.134933,-1.061633,BGD,HKG,6908
1978438,23,97,1417,2002,0.0,3345.0,0.37451100000000004,1.573517,BGR,HKG,6908
1978439,32,97,1417,2002,121330.0,101344.0,0.677883,1.0227190000000002,BRA,HKG,6908
1978440,37,97,1417,2002,0.0,3156.0,-0.14025,-1.018399,BWA,HKG,6908
1978441,39,97,1417,2002,9407.0,6155.0,0.9963280000000001,1.1922110000000001,CAN,HKG,6908
1978442,41,97,1417,2002,7979.0,0.0,2.218095,0.620946,CHE,HKG,6908
1978443,43,97,1417,2002,50605854.0,302713.0,0.576746,2.7995520000000003,CHN,HKG,6908
1978444,45,97,1417,2002,0.0,986.0,-1.114477,-1.0516510000000001,CMR,HKG,6908
1978445,58,97,1417,2002,0.0,12951.0,0.381391,0.40265,CYP,HKG,6908
1978446,59,97,1417,2002,7909.0,0.0,1.550713,1.037066,CZE,HKG,6908
1978447,61,97,1417,2002,685440.0,6813.0,2.297691,-2.183239,DEU,HKG,6908
1978448,65,97,1417,2002,0.0,23532.0,-0.46284899999999995,-0.39210100000000003,DOM,HKG,6908
1978449,67,97,1417,2002,26590.0,0.0,-0.976218,-0.926393,ECU,HKG,6908
1978450,68,97,1417,2002,1864.0,0.0,-0.377127,0.549439,EGY,HKG,6908
1978451,71,97,1417,2002,10875182.0,84252.0,1.012246,2.049594,ESP,HKG,6908
1978452,77,97,1417,2002,75671.0,1704.0,1.569367,0.9886360000000001,FRA,HKG,6908
1978453,79,97,1417,2002,0.0,1645.0,-1.511888,-1.054948,FSM,HKG,6908
1978454,81,97,1417,2002,524333.0,54757.0,1.893177,0.831382,GBR,HKG,6908
1978455,83,97,1417,2002,0.0,27232.0,-1.333425,-1.0709879999999998,GHA,HKG,6908
1978456,87,97,1417,2002,0.0,5280.0,0.075971,-0.068413,GMB,HKG,6908
1978457,90,97,1417,2002,57155.0,25559.0,0.31858000000000003,1.47417,GRC,HKG,6908
1978458,93,97,1417,2002,0.0,20776.0,-0.548834,-0.034464999999999996,GTM,HKG,6908
1978459,95,97,1417,2002,0.0,88802.0,-0.516203,-0.803461,GUM,HKG,6908
1978460,103,97,1417,2002,674241.0,43949.0,-0.10020499999999999,1.590314,IDN,HKG,6908
1978461,104,97,1417,2002,47027.0,0.0,0.380867,2.608955,IND,HKG,6908
1978462,110,97,1417,2002,0.0,30766.0,1.334174,0.654331,ISR,HKG,6908
1978463,111,97,1417,2002,22293070.0,26865.0,1.377604,1.2470510000000001,ITA,HKG,6908
1978464,114,97,1417,2002,13416913.0,41355.0,2.556057,0.497673,JPN,HKG,6908
1978465,116,97,1417,2002,0.0,9960.0,-0.555812,0.169204,KEN,HKG,6908
1978466,118,97,1417,2002,0.0,126624.0,-1.231783,-1.1518700000000002,KHM,HKG,6908
1978467,121,97,1417,2002,2230.0,370267.0,1.186816,1.075947,KOR,HKG,6908
1978468,128,97,1417,2002,83517.0,73931.0,-0.740927,0.023171,LKA,HKG,6908
1978469,133,97,1417,2002,9883.0,1251439.0,-0.360172,-0.359367,MAC,HKG,6908
1978470,136,97,1417,2002,0.0,9103.0,-1.120167,-0.43338699999999997,MDG,HKG,6908
1978471,137,97,1417,2002,0.0,467.0,-1.3007440000000001,-1.0420120000000002,MDV,HKG,6908
1978472,138,97,1417,2002,1361.0,78388.0,0.942061,0.6311260000000001,MEX,HKG,6908
1978473,141,97,1417,2002,0.0,159021.0,-0.8948520000000001,-0.863375,MLI,HKG,6908
1978474,142,97,1417,2002,0.0,12323.0,1.12245,0.019001,MLT,HKG,6908
1978475,148,97,1417,2002,0.0,5618.0,-1.27671,-1.218472,MRT,HKG,6908
1978476,151,97,1417,2002,0.0,13863.0,-0.37937600000000005,-0.388848,MUS,HKG,6908
1978477,153,97,1417,2002,2363685.0,118481.0,0.704957,0.243398,MYS,HKG,6908
1978478,159,97,1417,2002,0.0,52519.0,-1.8315700000000001,-1.25171,NGA,HKG,6908
1978479,162,97,1417,2002,93732.0,1287.0,1.206176,1.7136360000000002,NLD,HKG,6908
1978480,167,97,1417,2002,5394.0,13279.0,-1.238769,-1.225841,OMN,HKG,6908
1978481,169,97,1417,2002,0.0,71539.0,0.134759,0.234258,PAN,HKG,6908
1978482,174,97,1417,2002,41535.0,292273.0,0.055439999999999996,-0.179809,PHL,HKG,6908
1978483,179,97,1417,2002,220183.0,0.0,0.484407,1.6500080000000001,PRT,HKG,6908
1978484,188,97,1417,2002,0.0,13973.0,0.082107,-0.843317,SAU,HKG,6908
1978485,191,97,1417,2002,0.0,50313.0,-0.43679700000000005,-0.484176,SEN,HKG,6908
1978486,192,97,1417,2002,107724.0,102785.0,1.481857,0.648889,SGP,HKG,6908
1978487,205,97,1417,2002,0.0,2042.0,-0.9120030000000001,-0.8871020000000001,SUR,HKG,6908
1978488,208,97,1417,2002,4295.0,0.0,2.128614,0.7891199999999999,SWE,HKG,6908
1978489,211,97,1417,2002,0.0,30968.0,-0.977247,-0.927527,SYC,HKG,6908
1978490,215,97,1417,2002,0.0,9120.0,-0.6810039999999999,-0.6286930000000001,TGO,HKG,6908
1978491,216,97,1417,2002,182780.0,112981.0,0.432041,1.627953,THA,HKG,6908
1978492,224,97,1417,2002,44148.0,0.0,0.11263699999999999,1.83925,TUR,HKG,6908
1978493,226,97,1417,2002,0.0,19689.0,-1.189463,-0.48640600000000006,TZA,HKG,6908
1978494,231,97,1417,2002,46525.0,35721.0,1.821594,0.231296,USA,HKG,6908
1978495,236,97,1417,2002,0.0,76074.0,0.211536,-0.715675,VEN,HKG,6908
1978496,239,97,1417,2002,17499.0,0.0,-0.589665,0.799874,VNM,HKG,6908
1978497,242,97,1417,2002,0.0,4806.0,-0.053287,-0.5183399999999999,WSM,HKG,6908
1978498,246,97,1417,2002,5991.0,223230.0,0.395943,2.392458,ZAF,HKG,6908
1978499,249,97,1417,2002,1815781.0,66720.0,1.683858,1.333601,TWN,HKG,6908
1978500,8,99,1417,2002,19987.0,0.0,0.284536,0.517425,ARG,HND,6908
1978501,32,99,1417,2002,729461.0,0.0,0.677883,1.0227190000000002,BRA,HND,6908
1978502,43,99,1417,2002,10643.0,0.0,0.576746,2.7995520000000003,CHN,HND,6908
1978503,49,99,1417,2002,223817.0,0.0,0.345094,0.37787800000000005,COL,HND,6908
1978504,68,99,1417,2002,3983.0,0.0,-0.377127,0.549439,EGY,HND,6908
1978505,71,99,1417,2002,3690601.0,0.0,1.012246,2.049594,ESP,HND,6908
1978506,93,99,1417,2002,1810677.0,1275.0,-0.548834,-0.034464999999999996,GTM,HND,6908
1978507,103,99,1417,2002,5191.0,0.0,-0.10020499999999999,1.590314,IDN,HND,6908
1978508,111,99,1417,2002,194953.0,0.0,1.377604,1.2470510000000001,ITA,HND,6908
1978509,112,99,1417,2002,7360.0,0.0,-0.604813,-0.9309860000000001,JAM,HND,6908
1978510,138,99,1417,2002,760095.0,0.0,0.942061,0.6311260000000001,MEX,HND,6908
1978511,160,99,1417,2002,1504.0,0.0,-0.677398,-0.564472,NIC,HND,6908
1978512,173,99,1417,2002,151141.0,0.0,-0.6126199999999999,0.085944,PER,HND,6908
1978513,231,99,1417,2002,105618.0,3597.0,1.821594,0.231296,USA,HND,6908
1978514,1,103,1417,2002,0.0,14751.0,-0.262812,-0.503955,AFG,IDN,6908
1978515,2,103,1417,2002,0.0,21641.0,-2.018135,-1.222751,AGO,IDN,6908
1978516,3,103,1417,2002,0.0,6462.0,1.801822,0.172557,AIA,IDN,6908
1978517,4,103,1417,2002,0.0,16967.0,-0.127828,-0.126857,ALB,IDN,6908
1978518,7,103,1417,2002,0.0,447771.0,0.044683,-0.247191,ARE,IDN,6908
1978519,10,103,1417,2002,0.0,9380.0,1.207516,0.092848,ASM,IDN,6908
1978520,14,103,1417,2002,47700.0,15491534.0,0.231386,0.771628,AUS,IDN,6908
1978521,18,103,1417,2002,35256.0,132670.0,1.4097469999999999,1.440169,BEL,IDN,6908
1978522,22,103,1417,2002,0.0,42760.0,-1.134933,-1.061633,BGD,IDN,6908
1978523,23,103,1417,2002,0.0,17258.0,0.37451100000000004,1.573517,BGR,IDN,6908
1978524,24,103,1417,2002,0.0,63747.0,-0.146585,-1.006558,BHR,IDN,6908
1978525,26,103,1417,2002,0.0,6324.0,0.26339,0.30287,BIH,IDN,6908
1978526,32,103,1417,2002,0.0,1061.0,0.677883,1.0227190000000002,BRA,IDN,6908
1978527,33,103,1417,2002,0.0,1639.0,0.762217,0.004367,BRB,IDN,6908
1978528,34,103,1417,2002,0.0,290910.0,-1.7894169999999998,-1.034672,BRN,IDN,6908
1978529,39,103,1417,2002,863.0,3268963.0,0.9963280000000001,1.1922110000000001,CAN,IDN,6908
1978530,41,103,1417,2002,3672.0,0.0,2.218095,0.620946,CHE,IDN,6908
1978531,42,103,1417,2002,0.0,264201.0,-0.035264,-0.101796,CHL,IDN,6908
1978532,43,103,1417,2002,1811384.0,46042.0,0.576746,2.7995520000000003,CHN,IDN,6908
1978533,45,103,1417,2002,0.0,47846.0,-1.114477,-1.0516510000000001,CMR,IDN,6908
1978534,48,103,1417,2002,0.0,12119.0,0.22351300000000002,-0.5197729999999999,COK,IDN,6908
1978535,51,103,1417,2002,0.0,4304.0,-0.29720100000000005,-0.703051,CPV,IDN,6908
1978536,52,103,1417,2002,11061.0,53890.0,0.03619,-0.187718,CRI,IDN,6908
1978537,54,103,1417,2002,0.0,1132.0,-0.479213,-0.951203,CUB,IDN,6908
1978538,59,103,1417,2002,0.0,9702.0,1.550713,1.037066,CZE,IDN,6908
1978539,61,103,1417,2002,15411.0,728898.0,2.297691,-2.183239,DEU,IDN,6908
1978540,64,103,1417,2002,0.0,8805.0,1.26594,1.225186,DNK,IDN,6908
1978541,65,103,1417,2002,0.0,9751.0,-0.46284899999999995,-0.39210100000000003,DOM,IDN,6908
1978542,67,103,1417,2002,0.0,71141.0,-0.976218,-0.926393,ECU,IDN,6908
1978543,69,103,1417,2002,0.0,20706.0,0.831973,-0.050712,ERI,IDN,6908
1978544,71,103,1417,2002,1492096.0,309485.0,1.012246,2.049594,ESP,IDN,6908
1978545,72,103,1417,2002,0.0,1711.0,0.54511,0.9135979999999999,EST,IDN,6908
1978546,75,103,1417,2002,0.0,123358.0,-0.588136,-0.242883,FJI,IDN,6908
1978547,77,103,1417,2002,93999.0,221554.0,1.569367,0.9886360000000001,FRA,IDN,6908
1978548,78,103,1417,2002,0.0,2126.0,-0.410455,-0.821335,FRO,IDN,6908
1978549,81,103,1417,2002,15626.0,408367.0,1.893177,0.831382,GBR,IDN,6908
1978550,85,103,1417,2002,0.0,6544.0,-1.85329,-1.243105,GIN,IDN,6908
1978551,90,103,1417,2002,0.0,276786.0,0.31858000000000003,1.47417,GRC,IDN,6908
1978552,91,103,1417,2002,0.0,2918.0,0.552833,-0.283761,GRD,IDN,6908
1978553,93,103,1417,2002,0.0,195884.0,-0.548834,-0.034464999999999996,GTM,IDN,6908
1978554,96,103,1417,2002,0.0,1291.0,-0.9485889999999999,-0.9086489999999999,GUY,IDN,6908
1978555,97,103,1417,2002,43949.0,674241.0,0.5701109999999999,1.989357,HKG,IDN,6908
1978556,99,103,1417,2002,0.0,5191.0,-0.877043,-0.658185,HND,IDN,6908
1978557,104,103,1417,2002,18275.0,401582.0,0.380867,2.608955,IND,IDN,6908
1978558,106,103,1417,2002,0.0,3376.0,1.7232880000000002,0.091172,IRL,IDN,6908
1978559,111,103,1417,2002,835454.0,3550447.0,1.377604,1.2470510000000001,ITA,IDN,6908
1978560,112,103,1417,2002,0.0,137953.0,-0.604813,-0.9309860000000001,JAM,IDN,6908
1978561,113,103,1417,2002,0.0,163917.0,0.24197600000000002,0.196635,JOR,IDN,6908
1978562,114,103,1417,2002,131645.0,413279.0,2.556057,0.497673,JPN,IDN,6908
1978563,116,103,1417,2002,0.0,14859.0,-0.555812,0.169204,KEN,IDN,6908
1978564,118,103,1417,2002,0.0,433801.0,-1.231783,-1.1518700000000002,KHM,IDN,6908
1978565,121,103,1417,2002,4290.0,11858396.0,1.186816,1.075947,KOR,IDN,6908
1978566,122,103,1417,2002,0.0,763240.0,-0.6629550000000001,-1.157214,KWT,IDN,6908
1978567,124,103,1417,2002,0.0,24059.0,0.2729,1.254232,LBN,IDN,6908
1978568,128,103,1417,2002,0.0,914925.0,-0.740927,0.023171,LKA,IDN,6908
1978569,132,103,1417,2002,0.0,19739.0,0.45210200000000006,0.515388,LVA,IDN,6908
1978570,136,103,1417,2002,0.0,34365.0,-1.120167,-0.43338699999999997,MDG,IDN,6908
1978571,137,103,1417,2002,0.0,163192.0,-1.3007440000000001,-1.0420120000000002,MDV,IDN,6908
1978572,138,103,1417,2002,0.0,521309.0,0.942061,0.6311260000000001,MEX,IDN,6908
1978573,140,103,1417,2002,0.0,1257.0,-0.030274000000000002,0.359317,MKD,IDN,6908
1978574,141,103,1417,2002,0.0,42528.0,-0.8948520000000001,-0.863375,MLI,IDN,6908
1978575,143,103,1417,2002,0.0,890036.0,-1.571568,-1.131512,MMR,IDN,6908
1978576,148,103,1417,2002,0.0,2535.0,-1.27671,-1.218472,MRT,IDN,6908
1978577,151,103,1417,2002,0.0,414946.0,-0.37937600000000005,-0.388848,MUS,IDN,6908
1978578,152,103,1417,2002,0.0,1143.0,-1.441416,-1.214651,MWI,IDN,6908
1978579,153,103,1417,2002,109246.0,1584570.0,0.704957,0.243398,MYS,IDN,6908
1978580,157,103,1417,2002,0.0,3373.0,-0.344562,-0.304996,NER,IDN,6908
1978581,159,103,1417,2002,0.0,107910.0,-1.8315700000000001,-1.25171,NGA,IDN,6908
1978582,160,103,1417,2002,0.0,4170.0,-0.677398,-0.564472,NIC,IDN,6908
1978583,162,103,1417,2002,0.0,36081.0,1.206176,1.7136360000000002,NLD,IDN,6908
1978584,163,103,1417,2002,0.0,5542.0,1.110882,0.17164100000000002,NOR,IDN,6908
1978585,166,103,1417,2002,1190.0,489221.0,0.542585,0.854243,NZL,IDN,6908
1978586,167,103,1417,2002,0.0,11541.0,-1.238769,-1.225841,OMN,IDN,6908
1978587,168,103,1417,2002,0.0,926673.0,-0.877655,-0.322094,PAK,IDN,6908
1978588,169,103,1417,2002,0.0,178280.0,0.134759,0.234258,PAN,IDN,6908
1978589,173,103,1417,2002,0.0,69714.0,-0.6126199999999999,0.085944,PER,IDN,6908
1978590,174,103,1417,2002,0.0,927146.0,0.055439999999999996,-0.179809,PHL,IDN,6908
1978591,176,103,1417,2002,0.0,58876.0,-1.4572319999999999,-1.159399,PNG,IDN,6908
1978592,177,103,1417,2002,0.0,22085.0,0.931642,1.721727,POL,IDN,6908
1978593,179,103,1417,2002,0.0,2734.0,0.484407,1.6500080000000001,PRT,IDN,6908
1978594,182,103,1417,2002,0.0,2895.0,0.042936,-0.7421840000000001,PYF,IDN,6908
1978595,183,103,1417,2002,0.0,104832.0,-0.306052,-1.098296,QAT,IDN,6908
1978596,185,103,1417,2002,0.0,7718.0,0.29888200000000004,0.980376,ROU,IDN,6908
1978597,186,103,1417,2002,0.0,144582.0,1.109397,0.424229,RUS,IDN,6908
1978598,187,103,1417,2002,0.0,403.0,-0.553848,-0.757714,RWA,IDN,6908
1978599,188,103,1417,2002,0.0,1210052.0,0.082107,-0.843317,SAU,IDN,6908
1978600,190,103,1417,2002,0.0,13987.0,-1.499925,-1.228374,SDN,IDN,6908
1978601,191,103,1417,2002,0.0,13926.0,-0.43679700000000005,-0.484176,SEN,IDN,6908
1978602,192,103,1417,2002,2503.0,3689695.0,1.481857,0.648889,SGP,IDN,6908
1978603,193,103,1417,2002,0.0,31827.0,1.458389,-0.695846,SGS,IDN,6908
1978604,197,103,1417,2002,0.0,37824.0,-0.280138,-0.099225,SLV,IDN,6908
1978605,207,103,1417,2002,0.0,1477.0,1.5643770000000001,1.043862,SVN,IDN,6908
1978606,211,103,1417,2002,0.0,27738.0,-0.977247,-0.927527,SYC,IDN,6908
1978607,215,103,1417,2002,0.0,8611.0,-0.6810039999999999,-0.6286930000000001,TGO,IDN,6908
1978608,216,103,1417,2002,394375.0,1400491.0,0.432041,1.627953,THA,IDN,6908
1978609,220,103,1417,2002,0.0,138496.0,0.363225,-0.536718,TLS,IDN,6908
1978610,222,103,1417,2002,0.0,33427.0,0.074907,-0.8203879999999999,TTO,IDN,6908
1978611,224,103,1417,2002,0.0,3761.0,0.11263699999999999,1.83925,TUR,IDN,6908
1978612,226,103,1417,2002,0.0,39272.0,-1.189463,-0.48640600000000006,TZA,IDN,6908
1978613,227,103,1417,2002,0.0,1288.0,-1.038337,-0.896425,UGA,IDN,6908
1978614,228,103,1417,2002,0.0,868447.0,0.835485,0.872135,UKR,IDN,6908
1978615,230,103,1417,2002,0.0,4416.0,0.300502,0.16817000000000001,URY,IDN,6908
1978616,231,103,1417,2002,1236.0,29341606.0,1.821594,0.231296,USA,IDN,6908
1978617,236,103,1417,2002,0.0,52059.0,0.211536,-0.715675,VEN,IDN,6908
1978618,237,103,1417,2002,0.0,13658.0,1.022393,-0.23957399999999998,VGB,IDN,6908
1978619,239,103,1417,2002,0.0,26324.0,-0.589665,0.799874,VNM,IDN,6908
1978620,240,103,1417,2002,0.0,56731.0,-1.240258,-0.95039,VUT,IDN,6908
1978621,242,103,1417,2002,0.0,41651.0,-0.053287,-0.5183399999999999,WSM,IDN,6908
1978622,246,103,1417,2002,0.0,1299054.0,0.395943,2.392458,ZAF,IDN,6908
1978623,249,103,1417,2002,127857.0,292844.0,1.683858,1.333601,TWN,IDN,6908
1978624,7,106,1417,2002,85882.0,0.0,0.044683,-0.247191,ARE,IRL,6908
1978625,8,106,1417,2002,5126.0,0.0,0.284536,0.517425,ARG,IRL,6908
1978626,14,106,1417,2002,0.0,1946.0,0.231386,0.771628,AUS,IRL,6908
1978627,15,106,1417,2002,0.0,36913.0,1.8651200000000001,0.48423900000000003,AUT,IRL,6908
1978628,18,106,1417,2002,17430.0,54348.0,1.4097469999999999,1.440169,BEL,IRL,6908
1978629,23,106,1417,2002,31176.0,0.0,0.37451100000000004,1.573517,BGR,IRL,6908
1978630,32,106,1417,2002,407626.0,0.0,0.677883,1.0227190000000002,BRA,IRL,6908
1978631,39,106,1417,2002,0.0,33902.0,0.9963280000000001,1.1922110000000001,CAN,IRL,6908
1978632,41,106,1417,2002,0.0,30368.0,2.218095,0.620946,CHE,IRL,6908
1978633,43,106,1417,2002,29500.0,0.0,0.576746,2.7995520000000003,CHN,IRL,6908
1978634,58,106,1417,2002,0.0,6979.0,0.381391,0.40265,CYP,IRL,6908
1978635,59,106,1417,2002,47948.0,0.0,1.550713,1.037066,CZE,IRL,6908
1978636,61,106,1417,2002,342174.0,390505.0,2.297691,-2.183239,DEU,IRL,6908
1978637,64,106,1417,2002,27368.0,157814.0,1.26594,1.225186,DNK,IRL,6908
1978638,68,106,1417,2002,5702.0,1229.0,-0.377127,0.549439,EGY,IRL,6908
1978639,71,106,1417,2002,30698107.0,60666.0,1.012246,2.049594,ESP,IRL,6908
1978640,74,106,1417,2002,716.0,0.0,2.0234240000000003,0.979141,FIN,IRL,6908
1978641,77,106,1417,2002,269345.0,44894.0,1.569367,0.9886360000000001,FRA,IRL,6908
1978642,81,106,1417,2002,12038914.0,4227370.0,1.893177,0.831382,GBR,IRL,6908
1978643,83,106,1417,2002,0.0,10075.0,-1.333425,-1.0709879999999998,GHA,IRL,6908
1978644,103,106,1417,2002,3376.0,0.0,-0.10020499999999999,1.590314,IDN,IRL,6908
1978645,110,106,1417,2002,13149.0,0.0,1.334174,0.654331,ISR,IRL,6908
1978646,111,106,1417,2002,12776293.0,0.0,1.377604,1.2470510000000001,ITA,IRL,6908
1978647,113,106,1417,2002,7482.0,0.0,0.24197600000000002,0.196635,JOR,IRL,6908
1978648,153,106,1417,2002,20519.0,0.0,0.704957,0.243398,MYS,IRL,6908
1978649,162,106,1417,2002,82014.0,0.0,1.206176,1.7136360000000002,NLD,IRL,6908
1978650,163,106,1417,2002,0.0,4459.0,1.110882,0.17164100000000002,NOR,IRL,6908
1978651,179,106,1417,2002,918817.0,0.0,0.484407,1.6500080000000001,PRT,IRL,6908
1978652,185,106,1417,2002,0.0,6044.0,0.29888200000000004,0.980376,ROU,IRL,6908
1978653,188,106,1417,2002,3407.0,0.0,0.082107,-0.843317,SAU,IRL,6908
1978654,192,106,1417,2002,73798.0,0.0,1.481857,0.648889,SGP,IRL,6908
1978655,208,106,1417,2002,3046.0,91230.0,2.128614,0.7891199999999999,SWE,IRL,6908
1978656,216,106,1417,2002,305079.0,0.0,0.432041,1.627953,THA,IRL,6908
1978657,224,106,1417,2002,1870436.0,2551049.0,0.11263699999999999,1.83925,TUR,IRL,6908
1978658,231,106,1417,2002,49729.0,37928.0,1.821594,0.231296,USA,IRL,6908
1978659,239,106,1417,2002,47518.0,0.0,-0.589665,0.799874,VNM,IRL,6908
1978660,246,106,1417,2002,959.0,0.0,0.395943,2.392458,ZAF,IRL,6908
1978661,1,107,1417,2002,0.0,1040622.0,-0.262812,-0.503955,AFG,IRN,6908
1978662,4,107,1417,2002,0.0,3253.0,-0.127828,-0.126857,ALB,IRN,6908
1978663,7,107,1417,2002,1009546.0,266162.0,0.044683,-0.247191,ARE,IRN,6908
1978664,9,107,1417,2002,0.0,450889.0,0.710274,-0.11309000000000001,ARM,IRN,6908
1978665,14,107,1417,2002,0.0,35345.0,0.231386,0.771628,AUS,IRN,6908
1978666,16,107,1417,2002,752.0,2400062.0,-0.41282299999999994,-0.967931,AZE,IRN,6908
1978667,19,107,1417,2002,0.0,31280.0,-0.724829,-0.705625,BEN,IRN,6908
1978668,23,107,1417,2002,0.0,2244.0,0.37451100000000004,1.573517,BGR,IRN,6908
1978669,24,107,1417,2002,2485.0,131754.0,-0.146585,-1.006558,BHR,IRN,6908
1978670,32,107,1417,2002,8033.0,0.0,0.677883,1.0227190000000002,BRA,IRN,6908
1978671,39,107,1417,2002,0.0,64583.0,0.9963280000000001,1.1922110000000001,CAN,IRN,6908
1978672,41,107,1417,2002,0.0,14451.0,2.218095,0.620946,CHE,IRN,6908
1978673,43,107,1417,2002,201408.0,0.0,0.576746,2.7995520000000003,CHN,IRN,6908
1978674,44,107,1417,2002,0.0,24416.0,-0.816327,-0.711765,CIV,IRN,6908
1978675,45,107,1417,2002,0.0,8338.0,-1.114477,-1.0516510000000001,CMR,IRN,6908
1978676,61,107,1417,2002,72102.0,65289.0,2.297691,-2.183239,DEU,IRN,6908
1978677,62,107,1417,2002,0.0,91235.0,0.416677,-0.052552,DJI,IRN,6908
1978678,64,107,1417,2002,0.0,18255.0,1.26594,1.225186,DNK,IRN,6908
1978679,68,107,1417,2002,6497.0,0.0,-0.377127,0.549439,EGY,IRN,6908
1978680,71,107,1417,2002,4662278.0,0.0,1.012246,2.049594,ESP,IRN,6908
1978681,73,107,1417,2002,0.0,51419.0,-1.096371,-0.9566709999999999,ETH,IRN,6908
1978682,77,107,1417,2002,1429.0,47581.0,1.569367,0.9886360000000001,FRA,IRN,6908
1978683,80,107,1417,2002,0.0,6520.0,-0.830094,-1.149233,GAB,IRN,6908
1978684,81,107,1417,2002,13642.0,141155.0,1.893177,0.831382,GBR,IRN,6908
1978685,82,107,1417,2002,0.0,51167.0,0.662382,-0.124825,GEO,IRN,6908
1978686,83,107,1417,2002,0.0,75093.0,-1.333425,-1.0709879999999998,GHA,IRN,6908
1978687,85,107,1417,2002,0.0,1952.0,-1.85329,-1.243105,GIN,IRN,6908
1978688,90,107,1417,2002,0.0,2737.0,0.31858000000000003,1.47417,GRC,IRN,6908
1978689,104,107,1417,2002,31143.0,0.0,0.380867,2.608955,IND,IRN,6908
1978690,108,107,1417,2002,0.0,1413582.0,-0.397477,-0.811214,IRQ,IRN,6908
1978691,111,107,1417,2002,1032890.0,32311.0,1.377604,1.2470510000000001,ITA,IRN,6908
1978692,115,107,1417,2002,0.0,774728.0,-0.065332,-0.616159,KAZ,IRN,6908
1978693,117,107,1417,2002,0.0,15885.0,0.081807,0.16872,KGZ,IRN,6908
1978694,122,107,1417,2002,0.0,105028.0,-0.6629550000000001,-1.157214,KWT,IRN,6908
1978695,124,107,1417,2002,0.0,23104.0,0.2729,1.254232,LBN,IRN,6908
1978696,125,107,1417,2002,0.0,4350.0,-0.508416,-1.121658,LBR,IRN,6908
1978697,136,107,1417,2002,0.0,9398.0,-1.120167,-0.43338699999999997,MDG,IRN,6908
1978698,141,107,1417,2002,0.0,8767.0,-0.8948520000000001,-0.863375,MLI,IRN,6908
1978699,157,107,1417,2002,0.0,587.0,-0.344562,-0.304996,NER,IRN,6908
1978700,159,107,1417,2002,0.0,108159.0,-1.8315700000000001,-1.25171,NGA,IRN,6908
1978701,163,107,1417,2002,0.0,7685.0,1.110882,0.17164100000000002,NOR,IRN,6908
1978702,166,107,1417,2002,0.0,12314.0,0.542585,0.854243,NZL,IRN,6908
1978703,168,107,1417,2002,0.0,140747.0,-0.877655,-0.322094,PAK,IRN,6908
1978704,183,107,1417,2002,0.0,207351.0,-0.306052,-1.098296,QAT,IRN,6908
1978705,185,107,1417,2002,0.0,8214.0,0.29888200000000004,0.980376,ROU,IRN,6908
1978706,186,107,1417,2002,0.0,153766.0,1.109397,0.424229,RUS,IRN,6908
1978707,188,107,1417,2002,0.0,49305.0,0.082107,-0.843317,SAU,IRN,6908
1978708,191,107,1417,2002,0.0,42044.0,-0.43679700000000005,-0.484176,SEN,IRN,6908
1978709,196,107,1417,2002,0.0,15823.0,0.397488,-0.027672000000000002,SLE,IRN,6908
1978710,208,107,1417,2002,0.0,46087.0,2.128614,0.7891199999999999,SWE,IRN,6908
1978711,215,107,1417,2002,0.0,7381.0,-0.6810039999999999,-0.6286930000000001,TGO,IRN,6908
1978712,217,107,1417,2002,0.0,689925.0,-0.798754,-1.025902,TJK,IRN,6908
1978713,219,107,1417,2002,0.0,818975.0,-1.035248,-1.191624,TKM,IRN,6908
1978714,224,107,1417,2002,386763.0,1918.0,0.11263699999999999,1.83925,TUR,IRN,6908
1978715,226,107,1417,2002,0.0,31362.0,-1.189463,-0.48640600000000006,TZA,IRN,6908
1978716,227,107,1417,2002,0.0,5510.0,-1.038337,-0.896425,UGA,IRN,6908
1978717,228,107,1417,2002,0.0,1886.0,0.835485,0.872135,UKR,IRN,6908
1978718,232,107,1417,2002,0.0,3197379.0,-0.379765,-0.5965159999999999,UZB,IRN,6908
1978719,243,107,1417,2002,0.0,124765.0,-1.233006,-1.22101,YEM,IRN,6908
1978720,246,107,1417,2002,0.0,11317.0,0.395943,2.392458,ZAF,IRN,6908
1978721,8,110,1417,2002,6641.0,0.0,0.284536,0.517425,ARG,ISR,6908
1978722,18,110,1417,2002,23258.0,0.0,1.4097469999999999,1.440169,BEL,ISR,6908
1978723,32,110,1417,2002,73369.0,0.0,0.677883,1.0227190000000002,BRA,ISR,6908
1978724,37,110,1417,2002,0.0,32135.0,-0.14025,-1.018399,BWA,ISR,6908
1978725,39,110,1417,2002,0.0,31614.0,0.9963280000000001,1.1922110000000001,CAN,ISR,6908
1978726,43,110,1417,2002,898294.0,0.0,0.576746,2.7995520000000003,CHN,ISR,6908
1978727,58,110,1417,2002,0.0,251636.0,0.381391,0.40265,CYP,ISR,6908
1978728,59,110,1417,2002,1658.0,0.0,1.550713,1.037066,CZE,ISR,6908
1978729,61,110,1417,2002,401218.0,0.0,2.297691,-2.183239,DEU,ISR,6908
1978730,65,110,1417,2002,0.0,41284.0,-0.46284899999999995,-0.39210100000000003,DOM,ISR,6908
1978731,68,110,1417,2002,1417.0,3967.0,-0.377127,0.549439,EGY,ISR,6908
1978732,71,110,1417,2002,45821196.0,7474.0,1.012246,2.049594,ESP,ISR,6908
1978733,77,110,1417,2002,46458.0,0.0,1.569367,0.9886360000000001,FRA,ISR,6908
1978734,81,110,1417,2002,16633.0,84509.0,1.893177,0.831382,GBR,ISR,6908
1978735,90,110,1417,2002,15302.0,84738.0,0.31858000000000003,1.47417,GRC,ISR,6908
1978736,97,110,1417,2002,30766.0,0.0,0.5701109999999999,1.989357,HKG,ISR,6908
1978737,102,110,1417,2002,0.0,66889.0,1.179684,1.0574860000000001,HUN,ISR,6908
1978738,104,110,1417,2002,116367.0,0.0,0.380867,2.608955,IND,ISR,6908
1978739,106,110,1417,2002,0.0,13149.0,1.7232880000000002,0.091172,IRL,ISR,6908
1978740,111,110,1417,2002,27746639.0,19071.0,1.377604,1.2470510000000001,ITA,ISR,6908
1978741,113,110,1417,2002,34566.0,0.0,0.24197600000000002,0.196635,JOR,ISR,6908
1978742,114,110,1417,2002,0.0,2542.0,2.556057,0.497673,JPN,ISR,6908
1978743,162,110,1417,2002,0.0,1555.0,1.206176,1.7136360000000002,NLD,ISR,6908
1978744,163,110,1417,2002,0.0,33047.0,1.110882,0.17164100000000002,NOR,ISR,6908
1978745,179,110,1417,2002,367155.0,0.0,0.484407,1.6500080000000001,PRT,ISR,6908
1978746,185,110,1417,2002,0.0,4324.0,0.29888200000000004,0.980376,ROU,ISR,6908
1978747,208,110,1417,2002,0.0,36621.0,2.128614,0.7891199999999999,SWE,ISR,6908
1978748,209,110,1417,2002,0.0,1000.0,0.49801599999999996,-0.139709,SWZ,ISR,6908
1978749,224,110,1417,2002,20263556.0,32443.0,0.11263699999999999,1.83925,TUR,ISR,6908
1978750,231,110,1417,2002,66442.0,143988.0,1.821594,0.231296,USA,ISR,6908
1978751,236,110,1417,2002,0.0,59682.0,0.211536,-0.715675,VEN,ISR,6908
1978752,249,110,1417,2002,0.0,2018.0,1.683858,1.333601,TWN,ISR,6908
1978753,250,110,1417,2002,0.0,5000.0,0.734927,-0.40114099999999997,ANS,ISR,6908
1978754,0,111,1417,2002,0.0,328143.0,0.017075999999999997,-0.844024,ABW,ITA,6908
1978755,2,111,1417,2002,0.0,314737.0,-2.018135,-1.222751,AGO,ITA,6908
1978756,3,111,1417,2002,0.0,317632.0,1.801822,0.172557,AIA,ITA,6908
1978757,4,111,1417,2002,0.0,1330204.0,-0.127828,-0.126857,ALB,ITA,6908
1978758,5,111,1417,2002,0.0,48068.0,1.1751610000000001,0.8631700000000001,AND,ITA,6908
1978759,6,111,1417,2002,0.0,827605.0,0.346519,-0.631549,ANT,ITA,6908
1978760,7,111,1417,2002,1642974.0,14739313.0,0.044683,-0.247191,ARE,ITA,6908
1978761,8,111,1417,2002,20742.0,37546.0,0.284536,0.517425,ARG,ITA,6908
1978762,9,111,1417,2002,0.0,424722.0,0.710274,-0.11309000000000001,ARM,ITA,6908
1978763,13,111,1417,2002,0.0,394536.0,0.958779,-0.56295,ATG,ITA,6908
1978764,14,111,1417,2002,0.0,43297243.0,0.231386,0.771628,AUS,ITA,6908
1978765,15,111,1417,2002,102918.0,68030168.0,1.8651200000000001,0.48423900000000003,AUT,ITA,6908
1978766,16,111,1417,2002,0.0,311846.0,-0.41282299999999994,-0.967931,AZE,ITA,6908
1978767,17,111,1417,2002,0.0,23597.0,-0.333602,-0.648837,BDI,ITA,6908
1978768,18,111,1417,2002,105010.0,46424888.0,1.4097469999999999,1.440169,BEL,ITA,6908
1978769,19,111,1417,2002,0.0,1067427.0,-0.724829,-0.705625,BEN,ITA,6908
1978770,21,111,1417,2002,0.0,316073.0,-0.477813,-0.647148,BFA,ITA,6908
1978771,22,111,1417,2002,0.0,45528.0,-1.134933,-1.061633,BGD,ITA,6908
1978772,23,111,1417,2002,1097516.0,4186808.0,0.37451100000000004,1.573517,BGR,ITA,6908
1978773,24,111,1417,2002,0.0,4154847.0,-0.146585,-1.006558,BHR,ITA,6908
1978774,25,111,1417,2002,0.0,395299.0,0.641626,-0.37892800000000004,BHS,ITA,6908
1978775,26,111,1417,2002,8548.0,9429318.0,0.26339,0.30287,BIH,ITA,6908
1978776,28,111,1417,2002,963.0,1129754.0,0.825865,1.0148979999999999,BLR,ITA,6908
1978777,29,111,1417,2002,0.0,34799.0,-0.246977,-0.731156,BLZ,ITA,6908
1978778,30,111,1417,2002,0.0,686932.0,1.129,-0.476633,BMU,ITA,6908
1978779,31,111,1417,2002,0.0,98816.0,-0.885342,-0.819517,BOL,ITA,6908
1978780,32,111,1417,2002,40966.0,230313.0,0.677883,1.0227190000000002,BRA,ITA,6908
1978781,33,111,1417,2002,0.0,397309.0,0.762217,0.004367,BRB,ITA,6908
1978782,34,111,1417,2002,0.0,173753.0,-1.7894169999999998,-1.034672,BRN,ITA,6908
1978783,37,111,1417,2002,0.0,51633.0,-0.14025,-1.018399,BWA,ITA,6908
1978784,38,111,1417,2002,0.0,35885.0,-0.45315200000000005,-0.764876,CAF,ITA,6908
1978785,39,111,1417,2002,0.0,71093043.0,0.9963280000000001,1.1922110000000001,CAN,ITA,6908
1978786,41,111,1417,2002,286791.0,74033606.0,2.218095,0.620946,CHE,ITA,6908
1978787,42,111,1417,2002,0.0,907914.0,-0.035264,-0.101796,CHL,ITA,6908
1978788,43,111,1417,2002,3085767.0,3783264.0,0.576746,2.7995520000000003,CHN,ITA,6908
1978789,44,111,1417,2002,0.0,1496901.0,-0.816327,-0.711765,CIV,ITA,6908
1978790,45,111,1417,2002,0.0,1641733.0,-1.114477,-1.0516510000000001,CMR,ITA,6908
1978791,46,111,1417,2002,0.0,4727.0,-1.2657370000000001,-1.108659,COD,ITA,6908
1978792,47,111,1417,2002,0.0,369014.0,-1.62227,-1.202067,COG,ITA,6908
1978793,49,111,1417,2002,0.0,822452.0,0.345094,0.37787800000000005,COL,ITA,6908
1978794,50,111,1417,2002,0.0,12755.0,-0.95335,-0.916942,COM,ITA,6908
1978795,51,111,1417,2002,0.0,60756.0,-0.29720100000000005,-0.703051,CPV,ITA,6908
1978796,52,111,1417,2002,0.0,1554960.0,0.03619,-0.187718,CRI,ITA,6908
1978797,54,111,1417,2002,0.0,1007334.0,-0.479213,-0.951203,CUB,ITA,6908
1978798,57,111,1417,2002,0.0,104713.0,0.7098220000000001,-0.633359,CYM,ITA,6908
1978799,58,111,1417,2002,5163.0,12310797.0,0.381391,0.40265,CYP,ITA,6908
1978800,59,111,1417,2002,174177.0,19378353.0,1.550713,1.037066,CZE,ITA,6908
1978801,61,111,1417,2002,10023275.0,308631630.0,2.297691,-2.183239,DEU,ITA,6908
1978802,62,111,1417,2002,0.0,69288.0,0.416677,-0.052552,DJI,ITA,6908
1978803,63,111,1417,2002,0.0,28495.0,0.196298,-0.129221,DMA,ITA,6908
1978804,64,111,1417,2002,7253.0,16009656.0,1.26594,1.225186,DNK,ITA,6908
1978805,65,111,1417,2002,0.0,2801759.0,-0.46284899999999995,-0.39210100000000003,DOM,ITA,6908
1978806,66,111,1417,2002,0.0,331846.0,-0.912033,-1.1731850000000001,DZA,ITA,6908
1978807,67,111,1417,2002,0.0,1613493.0,-0.976218,-0.926393,ECU,ITA,6908
1978808,68,111,1417,2002,34200.0,896731.0,-0.377127,0.549439,EGY,ITA,6908
1978809,69,111,1417,2002,0.0,163759.0,0.831973,-0.050712,ERI,ITA,6908
1978810,71,111,1417,2002,50226805.0,28426704.0,1.012246,2.049594,ESP,ITA,6908
1978811,72,111,1417,2002,1206.0,2988215.0,0.54511,0.9135979999999999,EST,ITA,6908
1978812,73,111,1417,2002,0.0,104610.0,-1.096371,-0.9566709999999999,ETH,ITA,6908
1978813,74,111,1417,2002,0.0,12818610.0,2.0234240000000003,0.979141,FIN,ITA,6908
1978814,75,111,1417,2002,0.0,25030.0,-0.588136,-0.242883,FJI,ITA,6908
1978815,77,111,1417,2002,4996416.0,337661712.0,1.569367,0.9886360000000001,FRA,ITA,6908
1978816,78,111,1417,2002,0.0,16321.0,-0.410455,-0.821335,FRO,ITA,6908
1978817,80,111,1417,2002,0.0,1073176.0,-0.830094,-1.149233,GAB,ITA,6908
1978818,81,111,1417,2002,191962.0,84251300.0,1.893177,0.831382,GBR,ITA,6908
1978819,82,111,1417,2002,0.0,323264.0,0.662382,-0.124825,GEO,ITA,6908
1978820,83,111,1417,2002,0.0,1710063.0,-1.333425,-1.0709879999999998,GHA,ITA,6908
1978821,85,111,1417,2002,0.0,1393950.0,-1.85329,-1.243105,GIN,ITA,6908
1978822,87,111,1417,2002,0.0,386538.0,0.075971,-0.068413,GMB,ITA,6908
1978823,88,111,1417,2002,0.0,42534.0,-0.661416,-0.8644870000000001,GNB,ITA,6908
1978824,89,111,1417,2002,0.0,424546.0,-2.3567560000000003,-0.88686,GNQ,ITA,6908
1978825,90,111,1417,2002,48509.0,84699446.0,0.31858000000000003,1.47417,GRC,ITA,6908
1978826,91,111,1417,2002,0.0,152783.0,0.552833,-0.283761,GRD,ITA,6908
1978827,92,111,1417,2002,0.0,2644.0,-0.592221,-0.8956799999999999,GRL,ITA,6908
1978828,93,111,1417,2002,16145.0,605612.0,-0.548834,-0.034464999999999996,GTM,ITA,6908
1978829,95,111,1417,2002,0.0,12024.0,-0.516203,-0.803461,GUM,ITA,6908
1978830,96,111,1417,2002,0.0,13735.0,-0.9485889999999999,-0.9086489999999999,GUY,ITA,6908
1978831,97,111,1417,2002,26865.0,22293070.0,0.5701109999999999,1.989357,HKG,ITA,6908
1978832,99,111,1417,2002,0.0,194953.0,-0.877043,-0.658185,HND,ITA,6908
1978833,100,111,1417,2002,605076.0,34177520.0,0.591276,1.030723,HRV,ITA,6908
1978834,101,111,1417,2002,0.0,420757.0,-1.220251,-0.8176859999999999,HTI,ITA,6908
1978835,102,111,1417,2002,84692.0,50696093.0,1.179684,1.0574860000000001,HUN,ITA,6908
1978836,103,111,1417,2002,3550447.0,835454.0,-0.10020499999999999,1.590314,IDN,ITA,6908
1978837,104,111,1417,2002,88402.0,611825.0,0.380867,2.608955,IND,ITA,6908
1978838,106,111,1417,2002,0.0,12776293.0,1.7232880000000002,0.091172,IRL,ITA,6908
1978839,107,111,1417,2002,32311.0,1032890.0,-0.5707840000000001,-0.705612,IRN,ITA,6908
1978840,109,111,1417,2002,0.0,875815.0,0.23601999999999998,-0.34781,ISL,ITA,6908
1978841,110,111,1417,2002,19071.0,27746639.0,1.334174,0.654331,ISR,ITA,6908
1978842,112,111,1417,2002,0.0,507047.0,-0.604813,-0.9309860000000001,JAM,ITA,6908
1978843,113,111,1417,2002,0.0,2328981.0,0.24197600000000002,0.196635,JOR,ITA,6908
1978844,114,111,1417,2002,414183.0,12425103.0,2.556057,0.497673,JPN,ITA,6908
1978845,115,111,1417,2002,0.0,885137.0,-0.065332,-0.616159,KAZ,ITA,6908
1978846,116,111,1417,2002,0.0,545535.0,-0.555812,0.169204,KEN,ITA,6908
1978847,117,111,1417,2002,0.0,42842.0,0.081807,0.16872,KGZ,ITA,6908
1978848,118,111,1417,2002,0.0,12765.0,-1.231783,-1.1518700000000002,KHM,ITA,6908
1978849,120,111,1417,2002,0.0,31089.0,0.911442,-0.26164899999999996,KNA,ITA,6908
1978850,121,111,1417,2002,0.0,8576960.0,1.186816,1.075947,KOR,ITA,6908
1978851,122,111,1417,2002,0.0,5973854.0,-0.6629550000000001,-1.157214,KWT,ITA,6908
1978852,124,111,1417,2002,14260.0,5174482.0,0.2729,1.254232,LBN,ITA,6908
1978853,126,111,1417,2002,0.0,1760272.0,-0.568615,-1.172261,LBY,ITA,6908
1978854,127,111,1417,2002,0.0,153283.0,0.14441700000000002,-0.38146599999999997,LCA,ITA,6908
1978855,128,111,1417,2002,0.0,906087.0,-0.740927,0.023171,LKA,ITA,6908
1978856,130,111,1417,2002,0.0,3206953.0,0.23102399999999998,0.586078,LTU,ITA,6908
1978857,131,111,1417,2002,0.0,4537569.0,1.605378,1.152973,LUX,ITA,6908
1978858,132,111,1417,2002,0.0,2835828.0,0.45210200000000006,0.515388,LVA,ITA,6908
1978859,133,111,1417,2002,0.0,102362.0,-0.360172,-0.359367,MAC,ITA,6908
1978860,134,111,1417,2002,40005.0,526394.0,-0.810467,-0.34807899999999997,MAR,ITA,6908
1978861,135,111,1417,2002,0.0,406628.0,-0.186001,-0.141598,MDA,ITA,6908
1978862,136,111,1417,2002,0.0,408032.0,-1.120167,-0.43338699999999997,MDG,ITA,6908
1978863,137,111,1417,2002,0.0,9003.0,-1.3007440000000001,-1.0420120000000002,MDV,ITA,6908
1978864,138,111,1417,2002,18202.0,4274957.0,0.942061,0.6311260000000001,MEX,ITA,6908
1978865,140,111,1417,2002,0.0,1325221.0,-0.030274000000000002,0.359317,MKD,ITA,6908
1978866,141,111,1417,2002,0.0,411017.0,-0.8948520000000001,-0.863375,MLI,ITA,6908
1978867,142,111,1417,2002,5923.0,4992751.0,1.12245,0.019001,MLT,ITA,6908
1978868,145,111,1417,2002,0.0,13262.0,-0.895827,-0.9913799999999999,MNG,ITA,6908
1978869,147,111,1417,2002,0.0,8679.0,-0.947259,-1.047883,MOZ,ITA,6908
1978870,148,111,1417,2002,0.0,125867.0,-1.27671,-1.218472,MRT,ITA,6908
1978871,151,111,1417,2002,0.0,2007883.0,-0.37937600000000005,-0.388848,MUS,ITA,6908
1978872,152,111,1417,2002,0.0,11639.0,-1.441416,-1.214651,MWI,ITA,6908
1978873,153,111,1417,2002,751442.0,529449.0,0.704957,0.243398,MYS,ITA,6908
1978874,154,111,1417,2002,0.0,37687.0,0.34587399999999996,-0.537626,MYT,ITA,6908
1978875,155,111,1417,2002,0.0,176386.0,-0.314161,-0.521778,NAM,ITA,6908
1978876,156,111,1417,2002,0.0,556703.0,-0.292646,-0.823263,NCL,ITA,6908
1978877,157,111,1417,2002,0.0,27661.0,-0.344562,-0.304996,NER,ITA,6908
1978878,159,111,1417,2002,0.0,2836672.0,-1.8315700000000001,-1.25171,NGA,ITA,6908
1978879,160,111,1417,2002,0.0,178845.0,-0.677398,-0.564472,NIC,ITA,6908
1978880,162,111,1417,2002,55680.0,42952754.0,1.206176,1.7136360000000002,NLD,ITA,6908
1978881,163,111,1417,2002,5031.0,16420247.0,1.110882,0.17164100000000002,NOR,ITA,6908
1978882,166,111,1417,2002,6821.0,4324821.0,0.542585,0.854243,NZL,ITA,6908
1978883,167,111,1417,2002,1141.0,808532.0,-1.238769,-1.225841,OMN,ITA,6908
1978884,168,111,1417,2002,0.0,482507.0,-0.877655,-0.322094,PAK,ITA,6908
1978885,169,111,1417,2002,0.0,1529624.0,0.134759,0.234258,PAN,ITA,6908
1978886,173,111,1417,2002,0.0,748086.0,-0.6126199999999999,0.085944,PER,ITA,6908
1978887,174,111,1417,2002,1932.0,1341143.0,0.055439999999999996,-0.179809,PHL,ITA,6908
1978888,177,111,1417,2002,250474.0,44606917.0,0.931642,1.721727,POL,ITA,6908
1978889,178,111,1417,2002,0.0,304699.0,0.43756999999999996,0.744264,PRK,ITA,6908
1978890,179,111,1417,2002,928940.0,4675888.0,0.484407,1.6500080000000001,PRT,ITA,6908
1978891,180,111,1417,2002,0.0,990.0,-0.614282,-0.963832,PRY,ITA,6908
1978892,181,111,1417,2002,12628.0,4274.0,0.394636,-0.286194,PSE,ITA,6908
1978893,182,111,1417,2002,0.0,808997.0,0.042936,-0.7421840000000001,PYF,ITA,6908
1978894,183,111,1417,2002,2358.0,3247492.0,-0.306052,-1.098296,QAT,ITA,6908
1978895,185,111,1417,2002,1068121.0,13466854.0,0.29888200000000004,0.980376,ROU,ITA,6908
1978896,186,111,1417,2002,4003.0,32831255.0,1.109397,0.424229,RUS,ITA,6908
1978897,187,111,1417,2002,0.0,104474.0,-0.553848,-0.757714,RWA,ITA,6908
1978898,188,111,1417,2002,0.0,31875420.0,0.082107,-0.843317,SAU,ITA,6908
1978899,189,111,1417,2002,0.0,9089053.0,0.55781,2.135925,SCG,ITA,6908
1978900,190,111,1417,2002,0.0,86940.0,-1.499925,-1.228374,SDN,ITA,6908
1978901,191,111,1417,2002,0.0,2929854.0,-0.43679700000000005,-0.484176,SEN,ITA,6908
1978902,192,111,1417,2002,0.0,10902792.0,1.481857,0.648889,SGP,ITA,6908
1978903,196,111,1417,2002,0.0,448022.0,0.397488,-0.027672000000000002,SLE,ITA,6908
1978904,197,111,1417,2002,0.0,281242.0,-0.280138,-0.099225,SLV,ITA,6908
1978905,199,111,1417,2002,0.0,39795.0,-0.055408000000000006,-0.5247470000000001,SOM,ITA,6908
1978906,205,111,1417,2002,0.0,6828.0,-0.9120030000000001,-0.8871020000000001,SUR,ITA,6908
1978907,206,111,1417,2002,70523.0,9768035.0,1.1907379999999999,1.050649,SVK,ITA,6908
1978908,207,111,1417,2002,993107.0,17303998.0,1.5643770000000001,1.043862,SVN,ITA,6908
1978909,208,111,1417,2002,57245.0,25087460.0,2.128614,0.7891199999999999,SWE,ITA,6908
1978910,211,111,1417,2002,0.0,683816.0,-0.977247,-0.927527,SYC,ITA,6908
1978911,212,111,1417,2002,0.0,207546.0,-1.067974,-0.513309,SYR,ITA,6908
1978912,213,111,1417,2002,0.0,14976.0,0.823909,0.075611,TCA,ITA,6908
1978913,214,111,1417,2002,0.0,289999.0,0.160853,-0.672233,TCD,ITA,6908
1978914,215,111,1417,2002,0.0,287010.0,-0.6810039999999999,-0.6286930000000001,TGO,ITA,6908
1978915,216,111,1417,2002,139812.0,1471542.0,0.432041,1.627953,THA,ITA,6908
1978916,217,111,1417,2002,0.0,123456.0,-0.798754,-1.025902,TJK,ITA,6908
1978917,222,111,1417,2002,0.0,587887.0,0.074907,-0.8203879999999999,TTO,ITA,6908
1978918,223,111,1417,2002,668300.0,1732386.0,-0.221951,0.325506,TUN,ITA,6908
1978919,224,111,1417,2002,3513255.0,1835756.0,0.11263699999999999,1.83925,TUR,ITA,6908
1978920,226,111,1417,2002,0.0,229959.0,-1.189463,-0.48640600000000006,TZA,ITA,6908
1978921,227,111,1417,2002,0.0,221277.0,-1.038337,-0.896425,UGA,ITA,6908
1978922,228,111,1417,2002,0.0,5539428.0,0.835485,0.872135,UKR,ITA,6908
1978923,230,111,1417,2002,0.0,164935.0,0.300502,0.16817000000000001,URY,ITA,6908
1978924,231,111,1417,2002,348470.0,509095004.0,1.821594,0.231296,USA,ITA,6908
1978925,232,111,1417,2002,0.0,49407.0,-0.379765,-0.5965159999999999,UZB,ITA,6908
1978926,234,111,1417,2002,0.0,37726.0,-0.340281,-0.661246,VCT,ITA,6908
1978927,236,111,1417,2002,21943.0,1452206.0,0.211536,-0.715675,VEN,ITA,6908
1978928,237,111,1417,2002,0.0,191168.0,1.022393,-0.23957399999999998,VGB,ITA,6908
1978929,239,111,1417,2002,9266.0,0.0,-0.589665,0.799874,VNM,ITA,6908
1978930,240,111,1417,2002,0.0,3891.0,-1.240258,-0.95039,VUT,ITA,6908
1978931,241,111,1417,2002,0.0,3924.0,0.5689420000000001,-0.737647,WLF,ITA,6908
1978932,242,111,1417,2002,0.0,337985.0,-0.053287,-0.5183399999999999,WSM,ITA,6908
1978933,243,111,1417,2002,0.0,490297.0,-1.233006,-1.22101,YEM,ITA,6908
1978934,246,111,1417,2002,0.0,7901847.0,0.395943,2.392458,ZAF,ITA,6908
1978935,247,111,1417,2002,0.0,17044.0,-0.654686,-0.545346,ZMB,ITA,6908
1978936,248,111,1417,2002,0.0,85228.0,-0.309483,0.271457,ZWE,ITA,6908
1978937,249,111,1417,2002,0.0,5917121.0,1.683858,1.333601,TWN,ITA,6908
1978938,250,111,1417,2002,0.0,43032.0,0.734927,-0.40114099999999997,ANS,ITA,6908
1978939,7,112,1417,2002,401062.0,0.0,0.044683,-0.247191,ARE,JAM,6908
1978940,8,112,1417,2002,310846.0,0.0,0.284536,0.517425,ARG,JAM,6908
1978941,29,112,1417,2002,14226.0,4582.0,-0.246977,-0.731156,BLZ,JAM,6908
1978942,32,112,1417,2002,4078151.0,0.0,0.677883,1.0227190000000002,BRA,JAM,6908
1978943,33,112,1417,2002,9223.0,0.0,0.762217,0.004367,BRB,JAM,6908
1978944,39,112,1417,2002,35802.0,0.0,0.9963280000000001,1.1922110000000001,CAN,JAM,6908
1978945,41,112,1417,2002,3185.0,0.0,2.218095,0.620946,CHE,JAM,6908
1978946,43,112,1417,2002,62716.0,0.0,0.576746,2.7995520000000003,CHN,JAM,6908
1978947,49,112,1417,2002,397918.0,0.0,0.345094,0.37787800000000005,COL,JAM,6908
1978948,57,112,1417,2002,40984.0,0.0,0.7098220000000001,-0.633359,CYM,JAM,6908
1978949,61,112,1417,2002,5380.0,0.0,2.297691,-2.183239,DEU,JAM,6908
1978950,67,112,1417,2002,6745.0,0.0,-0.976218,-0.926393,ECU,JAM,6908
1978951,71,112,1417,2002,4466027.0,0.0,1.012246,2.049594,ESP,JAM,6908
1978952,81,112,1417,2002,17829.0,1675.0,1.893177,0.831382,GBR,JAM,6908
1978953,99,112,1417,2002,0.0,7360.0,-0.877043,-0.658185,HND,JAM,6908
1978954,103,112,1417,2002,137953.0,0.0,-0.10020499999999999,1.590314,IDN,JAM,6908
1978955,104,112,1417,2002,23271.0,0.0,0.380867,2.608955,IND,JAM,6908
1978956,111,112,1417,2002,507047.0,0.0,1.377604,1.2470510000000001,ITA,JAM,6908
1978957,114,112,1417,2002,8643.0,0.0,2.556057,0.497673,JPN,JAM,6908
1978958,138,112,1417,2002,98698.0,0.0,0.942061,0.6311260000000001,MEX,JAM,6908
1978959,173,112,1417,2002,4340.0,0.0,-0.6126199999999999,0.085944,PER,JAM,6908
1978960,179,112,1417,2002,5192.0,0.0,0.484407,1.6500080000000001,PRT,JAM,6908
1978961,222,112,1417,2002,2385.0,0.0,0.074907,-0.8203879999999999,TTO,JAM,6908
1978962,224,112,1417,2002,28457.0,0.0,0.11263699999999999,1.83925,TUR,JAM,6908
1978963,230,112,1417,2002,18349.0,0.0,0.300502,0.16817000000000001,URY,JAM,6908
1978964,231,112,1417,2002,323096.0,0.0,1.821594,0.231296,USA,JAM,6908
1978965,236,112,1417,2002,29560.0,0.0,0.211536,-0.715675,VEN,JAM,6908
1978966,249,112,1417,2002,23993.0,0.0,1.683858,1.333601,TWN,JAM,6908
1978967,6,114,1417,2002,0.0,16858.0,0.346519,-0.631549,ANT,JPN,6908
1978968,7,114,1417,2002,24386.0,693027.0,0.044683,-0.247191,ARE,JPN,6908
1978969,8,114,1417,2002,6719.0,0.0,0.284536,0.517425,ARG,JPN,6908
1978970,14,114,1417,2002,235395.0,484426.0,0.231386,0.771628,AUS,JPN,6908
1978971,15,114,1417,2002,60780.0,29366.0,1.8651200000000001,0.48423900000000003,AUT,JPN,6908
1978972,18,114,1417,2002,10408.0,0.0,1.4097469999999999,1.440169,BEL,JPN,6908
1978973,32,114,1417,2002,593364.0,0.0,0.677883,1.0227190000000002,BRA,JPN,6908
1978974,33,114,1417,2002,0.0,6667.0,0.762217,0.004367,BRB,JPN,6908
1978975,34,114,1417,2002,0.0,46708.0,-1.7894169999999998,-1.034672,BRN,JPN,6908
1978976,39,114,1417,2002,31509.0,115731.0,0.9963280000000001,1.1922110000000001,CAN,JPN,6908
1978977,41,114,1417,2002,0.0,1882.0,2.218095,0.620946,CHE,JPN,6908
1978978,43,114,1417,2002,11354927.0,375069.0,0.576746,2.7995520000000003,CHN,JPN,6908
1978979,44,114,1417,2002,0.0,4970.0,-0.816327,-0.711765,CIV,JPN,6908
1978980,59,114,1417,2002,0.0,31133.0,1.550713,1.037066,CZE,JPN,6908
1978981,61,114,1417,2002,666894.0,1488664.0,2.297691,-2.183239,DEU,JPN,6908
1978982,64,114,1417,2002,5672.0,0.0,1.26594,1.225186,DNK,JPN,6908
1978983,65,114,1417,2002,0.0,30288.0,-0.46284899999999995,-0.39210100000000003,DOM,JPN,6908
1978984,71,114,1417,2002,4059994.0,1317.0,1.012246,2.049594,ESP,JPN,6908
1978985,74,114,1417,2002,0.0,56801.0,2.0234240000000003,0.979141,FIN,JPN,6908
1978986,75,114,1417,2002,0.0,12704.0,-0.588136,-0.242883,FJI,JPN,6908
1978987,77,114,1417,2002,175316.0,23784.0,1.569367,0.9886360000000001,FRA,JPN,6908
1978988,79,114,1417,2002,0.0,17106.0,-1.511888,-1.054948,FSM,JPN,6908
1978989,81,114,1417,2002,189406.0,1214384.0,1.893177,0.831382,GBR,JPN,6908
1978990,83,114,1417,2002,0.0,11236.0,-1.333425,-1.0709879999999998,GHA,JPN,6908
1978991,90,114,1417,2002,10760.0,0.0,0.31858000000000003,1.47417,GRC,JPN,6908
1978992,91,114,1417,2002,0.0,3152.0,0.552833,-0.283761,GRD,JPN,6908
1978993,97,114,1417,2002,41355.0,13416913.0,0.5701109999999999,1.989357,HKG,JPN,6908
1978994,102,114,1417,2002,5495.0,0.0,1.179684,1.0574860000000001,HUN,JPN,6908
1978995,103,114,1417,2002,413279.0,131645.0,-0.10020499999999999,1.590314,IDN,JPN,6908
1978996,104,114,1417,2002,29780.0,6715.0,0.380867,2.608955,IND,JPN,6908
1978997,110,114,1417,2002,2542.0,0.0,1.334174,0.654331,ISR,JPN,6908
1978998,111,114,1417,2002,12425103.0,414183.0,1.377604,1.2470510000000001,ITA,JPN,6908
1978999,112,114,1417,2002,0.0,8643.0,-0.604813,-0.9309860000000001,JAM,JPN,6908
1979000,113,114,1417,2002,9998.0,0.0,0.24197600000000002,0.196635,JOR,JPN,6908
1979001,120,114,1417,2002,0.0,3037.0,0.911442,-0.26164899999999996,KNA,JPN,6908
1979002,121,114,1417,2002,443265.0,300082.0,1.186816,1.075947,KOR,JPN,6908
1979003,128,114,1417,2002,199407.0,7794.0,-0.740927,0.023171,LKA,JPN,6908
1979004,133,114,1417,2002,0.0,154181.0,-0.360172,-0.359367,MAC,JPN,6908
1979005,134,114,1417,2002,28337.0,0.0,-0.810467,-0.34807899999999997,MAR,JPN,6908
1979006,136,114,1417,2002,0.0,3350.0,-1.120167,-0.43338699999999997,MDG,JPN,6908
1979007,138,114,1417,2002,99527.0,11544.0,0.942061,0.6311260000000001,MEX,JPN,6908
1979008,141,114,1417,2002,0.0,1701.0,-0.8948520000000001,-0.863375,MLI,JPN,6908
1979009,142,114,1417,2002,0.0,3760.0,1.12245,0.019001,MLT,JPN,6908
1979010,143,114,1417,2002,0.0,2279.0,-1.571568,-1.131512,MMR,JPN,6908
1979011,146,114,1417,2002,0.0,2111.0,-0.165526,-0.7033010000000001,MNP,JPN,6908
1979012,153,114,1417,2002,217406.0,858295.0,0.704957,0.243398,MYS,JPN,6908
1979013,159,114,1417,2002,0.0,3395.0,-1.8315700000000001,-1.25171,NGA,JPN,6908
1979014,162,114,1417,2002,9306.0,0.0,1.206176,1.7136360000000002,NLD,JPN,6908
1979015,163,114,1417,2002,0.0,7100.0,1.110882,0.17164100000000002,NOR,JPN,6908
1979016,166,114,1417,2002,2251.0,3024.0,0.542585,0.854243,NZL,JPN,6908
1979017,167,114,1417,2002,0.0,9209.0,-1.238769,-1.225841,OMN,JPN,6908
1979018,174,114,1417,2002,48870.0,1495590.0,0.055439999999999996,-0.179809,PHL,JPN,6908
1979019,175,114,1417,2002,0.0,2983.0,-1.4882389999999999,-0.995626,PLW,JPN,6908
1979020,178,114,1417,2002,0.0,314804.0,0.43756999999999996,0.744264,PRK,JPN,6908
1979021,179,114,1417,2002,74759.0,0.0,0.484407,1.6500080000000001,PRT,JPN,6908
1979022,186,114,1417,2002,0.0,1428.0,1.109397,0.424229,RUS,JPN,6908
1979023,192,114,1417,2002,38151.0,513658.0,1.481857,0.648889,SGP,JPN,6908
1979024,208,114,1417,2002,7993.0,20394.0,2.128614,0.7891199999999999,SWE,JPN,6908
1979025,216,114,1417,2002,616263.0,8157.0,0.432041,1.627953,THA,JPN,6908
1979026,222,114,1417,2002,0.0,2569.0,0.074907,-0.8203879999999999,TTO,JPN,6908
1979027,224,114,1417,2002,107307.0,23044.0,0.11263699999999999,1.83925,TUR,JPN,6908
1979028,226,114,1417,2002,0.0,30017.0,-1.189463,-0.48640600000000006,TZA,JPN,6908
1979029,231,114,1417,2002,265584.0,11371934.0,1.821594,0.231296,USA,JPN,6908
1979030,239,114,1417,2002,49131.0,41956.0,-0.589665,0.799874,VNM,JPN,6908
1979031,246,114,1417,2002,0.0,61641.0,0.395943,2.392458,ZAF,JPN,6908
1979032,248,114,1417,2002,8730.0,0.0,-0.309483,0.271457,ZWE,JPN,6908
1979033,249,114,1417,2002,3444108.0,1277863.0,1.683858,1.333601,TWN,JPN,6908
1979034,7,121,1417,2002,1445407.0,0.0,0.044683,-0.247191,ARE,KOR,6908
1979035,14,121,1417,2002,4653.0,691203.0,0.231386,0.771628,AUS,KOR,6908
1979036,32,121,1417,2002,96408.0,0.0,0.677883,1.0227190000000002,BRA,KOR,6908
1979037,39,121,1417,2002,0.0,1142748.0,0.9963280000000001,1.1922110000000001,CAN,KOR,6908
1979038,43,121,1417,2002,27968677.0,31009.0,0.576746,2.7995520000000003,CHN,KOR,6908
1979039,61,121,1417,2002,956748.0,46637.0,2.297691,-2.183239,DEU,KOR,6908
1979040,68,121,1417,2002,45550.0,10502.0,-0.377127,0.549439,EGY,KOR,6908
1979041,71,121,1417,2002,20570397.0,8990.0,1.012246,2.049594,ESP,KOR,6908
1979042,75,121,1417,2002,11294.0,0.0,-0.588136,-0.242883,FJI,KOR,6908
1979043,77,121,1417,2002,7548.0,0.0,1.569367,0.9886360000000001,FRA,KOR,6908
1979044,81,121,1417,2002,123409.0,0.0,1.893177,0.831382,GBR,KOR,6908
1979045,95,121,1417,2002,0.0,15778.0,-0.516203,-0.803461,GUM,KOR,6908
1979046,96,121,1417,2002,0.0,3129.0,-0.9485889999999999,-0.9086489999999999,GUY,KOR,6908
1979047,97,121,1417,2002,370267.0,2230.0,0.5701109999999999,1.989357,HKG,KOR,6908
1979048,103,121,1417,2002,11858396.0,4290.0,-0.10020499999999999,1.590314,IDN,KOR,6908
1979049,104,121,1417,2002,27846.0,0.0,0.380867,2.608955,IND,KOR,6908
1979050,111,121,1417,2002,8576960.0,0.0,1.377604,1.2470510000000001,ITA,KOR,6908
1979051,114,121,1417,2002,300082.0,443265.0,2.556057,0.497673,JPN,KOR,6908
1979052,138,121,1417,2002,4105.0,3704.0,0.942061,0.6311260000000001,MEX,KOR,6908
1979053,153,121,1417,2002,1276281.0,0.0,0.704957,0.243398,MYS,KOR,6908
1979054,159,121,1417,2002,0.0,1046773.0,-1.8315700000000001,-1.25171,NGA,KOR,6908
1979055,162,121,1417,2002,10627.0,0.0,1.206176,1.7136360000000002,NLD,KOR,6908
1979056,166,121,1417,2002,0.0,54556.0,0.542585,0.854243,NZL,KOR,6908
1979057,167,121,1417,2002,2369.0,6860.0,-1.238769,-1.225841,OMN,KOR,6908
1979058,174,121,1417,2002,100455.0,259535.0,0.055439999999999996,-0.179809,PHL,KOR,6908
1979059,176,121,1417,2002,0.0,38969.0,-1.4572319999999999,-1.159399,PNG,KOR,6908
1979060,179,121,1417,2002,248726.0,0.0,0.484407,1.6500080000000001,PRT,KOR,6908
1979061,183,121,1417,2002,0.0,57307.0,-0.306052,-1.098296,QAT,KOR,6908
1979062,186,121,1417,2002,0.0,70523.0,1.109397,0.424229,RUS,KOR,6908
1979063,188,121,1417,2002,0.0,34945.0,0.082107,-0.843317,SAU,KOR,6908
1979064,192,121,1417,2002,27749.0,139113.0,1.481857,0.648889,SGP,KOR,6908
1979065,207,121,1417,2002,8171.0,0.0,1.5643770000000001,1.043862,SVN,KOR,6908
1979066,208,121,1417,2002,0.0,1433.0,2.128614,0.7891199999999999,SWE,KOR,6908
1979067,216,121,1417,2002,3451631.0,2372.0,0.432041,1.627953,THA,KOR,6908
1979068,224,121,1417,2002,26126.0,0.0,0.11263699999999999,1.83925,TUR,KOR,6908
1979069,231,121,1417,2002,1101267.0,2474457.0,1.821594,0.231296,USA,KOR,6908
1979070,239,121,1417,2002,327537.0,17568.0,-0.589665,0.799874,VNM,KOR,6908
1979071,249,121,1417,2002,85062.0,275360.0,1.683858,1.333601,TWN,KOR,6908
1979072,7,128,1417,2002,699922.0,68210.0,0.044683,-0.247191,ARE,LKA,6908
1979073,14,128,1417,2002,0.0,2967315.0,0.231386,0.771628,AUS,LKA,6908
1979074,18,128,1417,2002,0.0,9039.0,1.4097469999999999,1.440169,BEL,LKA,6908
1979075,22,128,1417,2002,0.0,216777.0,-1.134933,-1.061633,BGD,LKA,6908
1979076,23,128,1417,2002,0.0,6652.0,0.37451100000000004,1.573517,BGR,LKA,6908
1979077,24,128,1417,2002,0.0,100870.0,-0.146585,-1.006558,BHR,LKA,6908
1979078,39,128,1417,2002,0.0,1389542.0,0.9963280000000001,1.1922110000000001,CAN,LKA,6908
1979079,41,128,1417,2002,1667.0,3806.0,2.218095,0.620946,CHE,LKA,6908
1979080,43,128,1417,2002,916567.0,0.0,0.576746,2.7995520000000003,CHN,LKA,6908
1979081,68,128,1417,2002,3468.0,0.0,-0.377127,0.549439,EGY,LKA,6908
1979082,71,128,1417,2002,324670.0,0.0,1.012246,2.049594,ESP,LKA,6908
1979083,75,128,1417,2002,0.0,12355.0,-0.588136,-0.242883,FJI,LKA,6908
1979084,77,128,1417,2002,6854.0,0.0,1.569367,0.9886360000000001,FRA,LKA,6908
1979085,81,128,1417,2002,3187.0,322183.0,1.893177,0.831382,GBR,LKA,6908
1979086,97,128,1417,2002,73931.0,83517.0,0.5701109999999999,1.989357,HKG,LKA,6908
1979087,103,128,1417,2002,914925.0,0.0,-0.10020499999999999,1.590314,IDN,LKA,6908
1979088,104,128,1417,2002,4122817.0,175988.0,0.380867,2.608955,IND,LKA,6908
1979089,111,128,1417,2002,906087.0,0.0,1.377604,1.2470510000000001,ITA,LKA,6908
1979090,114,128,1417,2002,7794.0,199407.0,2.556057,0.497673,JPN,LKA,6908
1979091,115,128,1417,2002,0.0,2513.0,-0.065332,-0.616159,KAZ,LKA,6908
1979092,137,128,1417,2002,0.0,115740.0,-1.3007440000000001,-1.0420120000000002,MDV,LKA,6908
1979093,141,128,1417,2002,0.0,4347.0,-0.8948520000000001,-0.863375,MLI,LKA,6908
1979094,151,128,1417,2002,0.0,30248.0,-0.37937600000000005,-0.388848,MUS,LKA,6908
1979095,153,128,1417,2002,94171.0,13676.0,0.704957,0.243398,MYS,LKA,6908
1979096,162,128,1417,2002,0.0,956077.0,1.206176,1.7136360000000002,NLD,LKA,6908
1979097,166,128,1417,2002,0.0,296244.0,0.542585,0.854243,NZL,LKA,6908
1979098,173,128,1417,2002,11187.0,0.0,-0.6126199999999999,0.085944,PER,LKA,6908
1979099,174,128,1417,2002,0.0,5060.0,0.055439999999999996,-0.179809,PHL,LKA,6908
1979100,188,128,1417,2002,8347.0,0.0,0.082107,-0.843317,SAU,LKA,6908
1979101,192,128,1417,2002,12357.0,114048.0,1.481857,0.648889,SGP,LKA,6908
1979102,216,128,1417,2002,840599.0,0.0,0.432041,1.627953,THA,LKA,6908
1979103,231,128,1417,2002,0.0,1509424.0,1.821594,0.231296,USA,LKA,6908
1979104,249,128,1417,2002,15709.0,13801.0,1.683858,1.333601,TWN,LKA,6908
1979105,7,138,1417,2002,73863.0,0.0,0.044683,-0.247191,ARE,MEX,6908
1979106,8,138,1417,2002,727328.0,3298.0,0.284536,0.517425,ARG,MEX,6908
1979107,13,138,1417,2002,0.0,13870.0,0.958779,-0.56295,ATG,MEX,6908
1979108,14,138,1417,2002,0.0,13346.0,0.231386,0.771628,AUS,MEX,6908
1979109,15,138,1417,2002,0.0,2179.0,1.8651200000000001,0.48423900000000003,AUT,MEX,6908
1979110,18,138,1417,2002,441067.0,38215.0,1.4097469999999999,1.440169,BEL,MEX,6908
1979111,25,138,1417,2002,0.0,29938.0,0.641626,-0.37892800000000004,BHS,MEX,6908
1979112,29,138,1417,2002,0.0,735888.0,-0.246977,-0.731156,BLZ,MEX,6908
1979113,32,138,1417,2002,1190918.0,0.0,0.677883,1.0227190000000002,BRA,MEX,6908
1979114,33,138,1417,2002,0.0,31837.0,0.762217,0.004367,BRB,MEX,6908
1979115,39,138,1417,2002,4514.0,3393545.0,0.9963280000000001,1.1922110000000001,CAN,MEX,6908
1979116,41,138,1417,2002,0.0,2680.0,2.218095,0.620946,CHE,MEX,6908
1979117,42,138,1417,2002,0.0,29200.0,-0.035264,-0.101796,CHL,MEX,6908
1979118,43,138,1417,2002,133455.0,0.0,0.576746,2.7995520000000003,CHN,MEX,6908
1979119,49,138,1417,2002,1862903.0,48228.0,0.345094,0.37787800000000005,COL,MEX,6908
1979120,52,138,1417,2002,0.0,104085.0,0.03619,-0.187718,CRI,MEX,6908
1979121,54,138,1417,2002,0.0,480196.0,-0.479213,-0.951203,CUB,MEX,6908
1979122,57,138,1417,2002,0.0,55624.0,0.7098220000000001,-0.633359,CYM,MEX,6908
1979123,61,138,1417,2002,0.0,13610.0,2.297691,-2.183239,DEU,MEX,6908
1979124,65,138,1417,2002,0.0,1854.0,-0.46284899999999995,-0.39210100000000003,DOM,MEX,6908
1979125,67,138,1417,2002,98205.0,24961.0,-0.976218,-0.926393,ECU,MEX,6908
1979126,71,138,1417,2002,49620137.0,11958.0,1.012246,2.049594,ESP,MEX,6908
1979127,77,138,1417,2002,90702.0,58797.0,1.569367,0.9886360000000001,FRA,MEX,6908
1979128,81,138,1417,2002,0.0,186379.0,1.893177,0.831382,GBR,MEX,6908
1979129,91,138,1417,2002,0.0,23750.0,0.552833,-0.283761,GRD,MEX,6908
1979130,93,138,1417,2002,933578.0,865852.0,-0.548834,-0.034464999999999996,GTM,MEX,6908
1979131,97,138,1417,2002,78388.0,1361.0,0.5701109999999999,1.989357,HKG,MEX,6908
1979132,99,138,1417,2002,0.0,760095.0,-0.877043,-0.658185,HND,MEX,6908
1979133,101,138,1417,2002,0.0,156672.0,-1.220251,-0.8176859999999999,HTI,MEX,6908
1979134,103,138,1417,2002,521309.0,0.0,-0.10020499999999999,1.590314,IDN,MEX,6908
1979135,104,138,1417,2002,10019.0,0.0,0.380867,2.608955,IND,MEX,6908
1979136,111,138,1417,2002,4274957.0,18202.0,1.377604,1.2470510000000001,ITA,MEX,6908
1979137,112,138,1417,2002,0.0,98698.0,-0.604813,-0.9309860000000001,JAM,MEX,6908
1979138,114,138,1417,2002,11544.0,99527.0,2.556057,0.497673,JPN,MEX,6908
1979139,121,138,1417,2002,3704.0,4105.0,1.186816,1.075947,KOR,MEX,6908
1979140,127,138,1417,2002,0.0,22076.0,0.14441700000000002,-0.38146599999999997,LCA,MEX,6908
1979141,160,138,1417,2002,0.0,107352.0,-0.677398,-0.564472,NIC,MEX,6908
1979142,162,138,1417,2002,0.0,88028.0,1.206176,1.7136360000000002,NLD,MEX,6908
1979143,163,138,1417,2002,2520.0,0.0,1.110882,0.17164100000000002,NOR,MEX,6908
1979144,166,138,1417,2002,0.0,907.0,0.542585,0.854243,NZL,MEX,6908
1979145,169,138,1417,2002,0.0,19291.0,0.134759,0.234258,PAN,MEX,6908
1979146,173,138,1417,2002,248644.0,1302.0,-0.6126199999999999,0.085944,PER,MEX,6908
1979147,179,138,1417,2002,3718.0,0.0,0.484407,1.6500080000000001,PRT,MEX,6908
1979148,186,138,1417,2002,0.0,6872.0,1.109397,0.424229,RUS,MEX,6908
1979149,188,138,1417,2002,0.0,10887.0,0.082107,-0.843317,SAU,MEX,6908
1979150,197,138,1417,2002,0.0,1084242.0,-0.280138,-0.099225,SLV,MEX,6908
1979151,222,138,1417,2002,0.0,177309.0,0.074907,-0.8203879999999999,TTO,MEX,6908
1979152,224,138,1417,2002,15922.0,0.0,0.11263699999999999,1.83925,TUR,MEX,6908
1979153,230,138,1417,2002,2107185.0,0.0,0.300502,0.16817000000000001,URY,MEX,6908
1979154,231,138,1417,2002,5133980.0,159509436.0,1.821594,0.231296,USA,MEX,6908
1979155,234,138,1417,2002,0.0,59775.0,-0.340281,-0.661246,VCT,MEX,6908
1979156,236,138,1417,2002,1846646.0,4289.0,0.211536,-0.715675,VEN,MEX,6908
1979157,237,138,1417,2002,0.0,30669.0,1.022393,-0.23957399999999998,VGB,MEX,6908
1979158,249,138,1417,2002,56500.0,0.0,1.683858,1.333601,TWN,MEX,6908
1979159,250,138,1417,2002,40526.0,150507.0,0.734927,-0.40114099999999997,ANS,MEX,6908
1979160,7,142,1417,2002,56790.0,0.0,0.044683,-0.247191,ARE,MLT,6908
1979161,15,142,1417,2002,3815.0,0.0,1.8651200000000001,0.48423900000000003,AUT,MLT,6908
1979162,43,142,1417,2002,13917.0,0.0,0.576746,2.7995520000000003,CHN,MLT,6908
1979163,61,142,1417,2002,60577.0,0.0,2.297691,-2.183239,DEU,MLT,6908
1979164,71,142,1417,2002,7332241.0,0.0,1.012246,2.049594,ESP,MLT,6908
1979165,77,142,1417,2002,6840.0,7890.0,1.569367,0.9886360000000001,FRA,MLT,6908
1979166,81,142,1417,2002,6185.0,2214.0,1.893177,0.831382,GBR,MLT,6908
1979167,83,142,1417,2002,0.0,1943.0,-1.333425,-1.0709879999999998,GHA,MLT,6908
1979168,97,142,1417,2002,12323.0,0.0,0.5701109999999999,1.989357,HKG,MLT,6908
1979169,111,142,1417,2002,4992751.0,5923.0,1.377604,1.2470510000000001,ITA,MLT,6908
1979170,114,142,1417,2002,3760.0,0.0,2.556057,0.497673,JPN,MLT,6908
1979171,126,142,1417,2002,0.0,24759.0,-0.568615,-1.172261,LBY,MLT,6908
1979172,153,142,1417,2002,3993.0,0.0,0.704957,0.243398,MYS,MLT,6908
1979173,179,142,1417,2002,13564.0,0.0,0.484407,1.6500080000000001,PRT,MLT,6908
1979174,185,142,1417,2002,2769.0,0.0,0.29888200000000004,0.980376,ROU,MLT,6908
1979175,188,142,1417,2002,103289.0,0.0,0.082107,-0.843317,SAU,MLT,6908
1979176,223,142,1417,2002,10144.0,0.0,-0.221951,0.325506,TUN,MLT,6908
1979177,224,142,1417,2002,68561.0,0.0,0.11263699999999999,1.83925,TUR,MLT,6908
1979178,7,153,1417,2002,0.0,211845.0,0.044683,-0.247191,ARE,MYS,6908
1979179,8,153,1417,2002,0.0,3865.0,0.284536,0.517425,ARG,MYS,6908
1979180,14,153,1417,2002,3092.0,16020235.0,0.231386,0.771628,AUS,MYS,6908
1979181,15,153,1417,2002,0.0,1295.0,1.8651200000000001,0.48423900000000003,AUT,MYS,6908
1979182,22,153,1417,2002,0.0,164745.0,-1.134933,-1.061633,BGD,MYS,6908
1979183,24,153,1417,2002,0.0,55080.0,-0.146585,-1.006558,BHR,MYS,6908
1979184,34,153,1417,2002,568.0,321768.0,-1.7894169999999998,-1.034672,BRN,MYS,6908
1979185,39,153,1417,2002,0.0,2400057.0,0.9963280000000001,1.1922110000000001,CAN,MYS,6908
1979186,41,153,1417,2002,0.0,11422.0,2.218095,0.620946,CHE,MYS,6908
1979187,43,153,1417,2002,3908696.0,144156.0,0.576746,2.7995520000000003,CHN,MYS,6908
1979188,49,153,1417,2002,0.0,2711.0,0.345094,0.37787800000000005,COL,MYS,6908
1979189,52,153,1417,2002,0.0,3074.0,0.03619,-0.187718,CRI,MYS,6908
1979190,61,153,1417,2002,0.0,1100480.0,2.297691,-2.183239,DEU,MYS,6908
1979191,64,153,1417,2002,0.0,10465.0,1.26594,1.225186,DNK,MYS,6908
1979192,67,153,1417,2002,0.0,53040.0,-0.976218,-0.926393,ECU,MYS,6908
1979193,68,153,1417,2002,0.0,36413.0,-0.377127,0.549439,EGY,MYS,6908
1979194,71,153,1417,2002,778265.0,0.0,1.012246,2.049594,ESP,MYS,6908
1979195,74,153,1417,2002,0.0,22595.0,2.0234240000000003,0.979141,FIN,MYS,6908
1979196,75,153,1417,2002,0.0,156754.0,-0.588136,-0.242883,FJI,MYS,6908
1979197,77,153,1417,2002,61415.0,78921.0,1.569367,0.9886360000000001,FRA,MYS,6908
1979198,81,153,1417,2002,4209.0,5610492.0,1.893177,0.831382,GBR,MYS,6908
1979199,85,153,1417,2002,0.0,2573.0,-1.85329,-1.243105,GIN,MYS,6908
1979200,95,153,1417,2002,0.0,18452.0,-0.516203,-0.803461,GUM,MYS,6908
1979201,97,153,1417,2002,118481.0,2363685.0,0.5701109999999999,1.989357,HKG,MYS,6908
1979202,100,153,1417,2002,0.0,18699.0,0.591276,1.030723,HRV,MYS,6908
1979203,103,153,1417,2002,1584570.0,109246.0,-0.10020499999999999,1.590314,IDN,MYS,6908
1979204,104,153,1417,2002,18220.0,136353.0,0.380867,2.608955,IND,MYS,6908
1979205,106,153,1417,2002,0.0,20519.0,1.7232880000000002,0.091172,IRL,MYS,6908
1979206,109,153,1417,2002,0.0,5449.0,0.23601999999999998,-0.34781,ISL,MYS,6908
1979207,111,153,1417,2002,529449.0,751442.0,1.377604,1.2470510000000001,ITA,MYS,6908
1979208,114,153,1417,2002,858295.0,217406.0,2.556057,0.497673,JPN,MYS,6908
1979209,118,153,1417,2002,0.0,45842.0,-1.231783,-1.1518700000000002,KHM,MYS,6908
1979210,121,153,1417,2002,0.0,1276281.0,1.186816,1.075947,KOR,MYS,6908
1979211,122,153,1417,2002,0.0,58592.0,-0.6629550000000001,-1.157214,KWT,MYS,6908
1979212,123,153,1417,2002,0.0,32674.0,-1.255183,-1.163232,LAO,MYS,6908
1979213,128,153,1417,2002,13676.0,94171.0,-0.740927,0.023171,LKA,MYS,6908
1979214,133,153,1417,2002,0.0,8802.0,-0.360172,-0.359367,MAC,MYS,6908
1979215,137,153,1417,2002,0.0,19020.0,-1.3007440000000001,-1.0420120000000002,MDV,MYS,6908
1979216,142,153,1417,2002,0.0,3993.0,1.12245,0.019001,MLT,MYS,6908
1979217,151,153,1417,2002,0.0,105271.0,-0.37937600000000005,-0.388848,MUS,MYS,6908
1979218,155,153,1417,2002,0.0,2348.0,-0.314161,-0.521778,NAM,MYS,6908
1979219,162,153,1417,2002,2001.0,195756.0,1.206176,1.7136360000000002,NLD,MYS,6908
1979220,163,153,1417,2002,0.0,40920.0,1.110882,0.17164100000000002,NOR,MYS,6908
1979221,166,153,1417,2002,0.0,430823.0,0.542585,0.854243,NZL,MYS,6908
1979222,167,153,1417,2002,0.0,41684.0,-1.238769,-1.225841,OMN,MYS,6908
1979223,169,153,1417,2002,0.0,47550.0,0.134759,0.234258,PAN,MYS,6908
1979224,174,153,1417,2002,17974.0,519571.0,0.055439999999999996,-0.179809,PHL,MYS,6908
1979225,176,153,1417,2002,0.0,28080.0,-1.4572319999999999,-1.159399,PNG,MYS,6908
1979226,183,153,1417,2002,0.0,23035.0,-0.306052,-1.098296,QAT,MYS,6908
1979227,188,153,1417,2002,0.0,11984.0,0.082107,-0.843317,SAU,MYS,6908
1979228,192,153,1417,2002,115571.0,9125599.0,1.481857,0.648889,SGP,MYS,6908
1979229,208,153,1417,2002,0.0,33597.0,2.128614,0.7891199999999999,SWE,MYS,6908
1979230,211,153,1417,2002,0.0,10745.0,-0.977247,-0.927527,SYC,MYS,6908
1979231,216,153,1417,2002,1702145.0,1670615.0,0.432041,1.627953,THA,MYS,6908
1979232,222,153,1417,2002,0.0,25827.0,0.074907,-0.8203879999999999,TTO,MYS,6908
1979233,223,153,1417,2002,9216.0,0.0,-0.221951,0.325506,TUN,MYS,6908
1979234,224,153,1417,2002,913.0,16056.0,0.11263699999999999,1.83925,TUR,MYS,6908
1979235,226,153,1417,2002,0.0,7821.0,-1.189463,-0.48640600000000006,TZA,MYS,6908
1979236,231,153,1417,2002,13081.0,5882247.0,1.821594,0.231296,USA,MYS,6908
1979237,236,153,1417,2002,0.0,44575.0,0.211536,-0.715675,VEN,MYS,6908
1979238,239,153,1417,2002,2663.0,46920.0,-0.589665,0.799874,VNM,MYS,6908
1979239,246,153,1417,2002,0.0,148261.0,0.395943,2.392458,ZAF,MYS,6908
1979240,249,153,1417,2002,34359.0,300625.0,1.683858,1.333601,TWN,MYS,6908
1979241,250,153,1417,2002,2793720.0,0.0,0.734927,-0.40114099999999997,ANS,MYS,6908
1979242,8,160,1417,2002,34252.0,0.0,0.284536,0.517425,ARG,NIC,6908
1979243,15,160,1417,2002,0.0,1004.0,1.8651200000000001,0.48423900000000003,AUT,NIC,6908
1979244,32,160,1417,2002,773694.0,0.0,0.677883,1.0227190000000002,BRA,NIC,6908
1979245,43,160,1417,2002,962.0,0.0,0.576746,2.7995520000000003,CHN,NIC,6908
1979246,52,160,1417,2002,13677.0,3618.0,0.03619,-0.187718,CRI,NIC,6908
1979247,61,160,1417,2002,3749.0,3791.0,2.297691,-2.183239,DEU,NIC,6908
1979248,71,160,1417,2002,1206895.0,0.0,1.012246,2.049594,ESP,NIC,6908
1979249,93,160,1417,2002,1266114.0,0.0,-0.548834,-0.034464999999999996,GTM,NIC,6908
1979250,99,160,1417,2002,0.0,1504.0,-0.877043,-0.658185,HND,NIC,6908
1979251,103,160,1417,2002,4170.0,0.0,-0.10020499999999999,1.590314,IDN,NIC,6908
1979252,111,160,1417,2002,178845.0,0.0,1.377604,1.2470510000000001,ITA,NIC,6908
1979253,138,160,1417,2002,107352.0,0.0,0.942061,0.6311260000000001,MEX,NIC,6908
1979254,169,160,1417,2002,8000.0,0.0,0.134759,0.234258,PAN,NIC,6908
1979255,197,160,1417,2002,5948.0,9050.0,-0.280138,-0.099225,SLV,NIC,6908
1979256,231,160,1417,2002,18433.0,0.0,1.821594,0.231296,USA,NIC,6908
1979257,0,162,1417,2002,0.0,208184.0,0.017075999999999997,-0.844024,ABW,NLD,6908
1979258,6,162,1417,2002,0.0,124859.0,0.346519,-0.631549,ANT,NLD,6908
1979259,7,162,1417,2002,808119.0,0.0,0.044683,-0.247191,ARE,NLD,6908
1979260,8,162,1417,2002,10075.0,0.0,0.284536,0.517425,ARG,NLD,6908
1979261,14,162,1417,2002,21403.0,24270.0,0.231386,0.771628,AUS,NLD,6908
1979262,15,162,1417,2002,19485.0,219952.0,1.8651200000000001,0.48423900000000003,AUT,NLD,6908
1979263,18,162,1417,2002,1639032.0,4180148.0,1.4097469999999999,1.440169,BEL,NLD,6908
1979264,23,162,1417,2002,1475912.0,0.0,0.37451100000000004,1.573517,BGR,NLD,6908
1979265,32,162,1417,2002,1222320.0,0.0,0.677883,1.0227190000000002,BRA,NLD,6908
1979266,39,162,1417,2002,0.0,168559.0,0.9963280000000001,1.1922110000000001,CAN,NLD,6908
1979267,41,162,1417,2002,23945.0,438739.0,2.218095,0.620946,CHE,NLD,6908
1979268,43,162,1417,2002,224933.0,7005.0,0.576746,2.7995520000000003,CHN,NLD,6908
1979269,51,162,1417,2002,0.0,11825.0,-0.29720100000000005,-0.703051,CPV,NLD,6908
1979270,58,162,1417,2002,0.0,23723.0,0.381391,0.40265,CYP,NLD,6908
1979271,59,162,1417,2002,2206208.0,35827.0,1.550713,1.037066,CZE,NLD,6908
1979272,61,162,1417,2002,18105557.0,5910061.0,2.297691,-2.183239,DEU,NLD,6908
1979273,63,162,1417,2002,0.0,1548.0,0.196298,-0.129221,DMA,NLD,6908
1979274,64,162,1417,2002,2936.0,1007406.0,1.26594,1.225186,DNK,NLD,6908
1979275,65,162,1417,2002,0.0,844.0,-0.46284899999999995,-0.39210100000000003,DOM,NLD,6908
1979276,71,162,1417,2002,30896107.0,58545.0,1.012246,2.049594,ESP,NLD,6908
1979277,72,162,1417,2002,0.0,27036.0,0.54511,0.9135979999999999,EST,NLD,6908
1979278,74,162,1417,2002,103593.0,17355.0,2.0234240000000003,0.979141,FIN,NLD,6908
1979279,77,162,1417,2002,1759690.0,1019880.0,1.569367,0.9886360000000001,FRA,NLD,6908
1979280,81,162,1417,2002,1087800.0,1663393.0,1.893177,0.831382,GBR,NLD,6908
1979281,82,162,1417,2002,0.0,2106.0,0.662382,-0.124825,GEO,NLD,6908
1979282,83,162,1417,2002,0.0,42621.0,-1.333425,-1.0709879999999998,GHA,NLD,6908
1979283,90,162,1417,2002,8330.0,0.0,0.31858000000000003,1.47417,GRC,NLD,6908
1979284,91,162,1417,2002,130748.0,0.0,0.552833,-0.283761,GRD,NLD,6908
1979285,96,162,1417,2002,0.0,1663.0,-0.9485889999999999,-0.9086489999999999,GUY,NLD,6908
1979286,97,162,1417,2002,1287.0,93732.0,0.5701109999999999,1.989357,HKG,NLD,6908
1979287,100,162,1417,2002,21140.0,11005.0,0.591276,1.030723,HRV,NLD,6908
1979288,102,162,1417,2002,188744.0,92792.0,1.179684,1.0574860000000001,HUN,NLD,6908
1979289,103,162,1417,2002,36081.0,0.0,-0.10020499999999999,1.590314,IDN,NLD,6908
1979290,104,162,1417,2002,16949.0,0.0,0.380867,2.608955,IND,NLD,6908
1979291,106,162,1417,2002,0.0,82014.0,1.7232880000000002,0.091172,IRL,NLD,6908
1979292,109,162,1417,2002,0.0,85260.0,0.23601999999999998,-0.34781,ISL,NLD,6908
1979293,110,162,1417,2002,1555.0,0.0,1.334174,0.654331,ISR,NLD,6908
1979294,111,162,1417,2002,42952754.0,55680.0,1.377604,1.2470510000000001,ITA,NLD,6908
1979295,114,162,1417,2002,0.0,9306.0,2.556057,0.497673,JPN,NLD,6908
1979296,117,162,1417,2002,0.0,1078.0,0.081807,0.16872,KGZ,NLD,6908
1979297,121,162,1417,2002,0.0,10627.0,1.186816,1.075947,KOR,NLD,6908
1979298,124,162,1417,2002,0.0,15858.0,0.2729,1.254232,LBN,NLD,6908
1979299,128,162,1417,2002,956077.0,0.0,-0.740927,0.023171,LKA,NLD,6908
1979300,130,162,1417,2002,0.0,104049.0,0.23102399999999998,0.586078,LTU,NLD,6908
1979301,131,162,1417,2002,0.0,83631.0,1.605378,1.152973,LUX,NLD,6908
1979302,132,162,1417,2002,0.0,19090.0,0.45210200000000006,0.515388,LVA,NLD,6908
1979303,133,162,1417,2002,0.0,581.0,-0.360172,-0.359367,MAC,NLD,6908
1979304,134,162,1417,2002,58407.0,0.0,-0.810467,-0.34807899999999997,MAR,NLD,6908
1979305,138,162,1417,2002,88028.0,0.0,0.942061,0.6311260000000001,MEX,NLD,6908
1979306,153,162,1417,2002,195756.0,2001.0,0.704957,0.243398,MYS,NLD,6908
1979307,156,162,1417,2002,0.0,1876.0,-0.292646,-0.823263,NCL,NLD,6908
1979308,159,162,1417,2002,0.0,168215.0,-1.8315700000000001,-1.25171,NGA,NLD,6908
1979309,163,162,1417,2002,6590.0,365869.0,1.110882,0.17164100000000002,NOR,NLD,6908
1979310,166,162,1417,2002,0.0,6293.0,0.542585,0.854243,NZL,NLD,6908
1979311,167,162,1417,2002,0.0,42320.0,-1.238769,-1.225841,OMN,NLD,6908
1979312,168,162,1417,2002,3916.0,0.0,-0.877655,-0.322094,PAK,NLD,6908
1979313,177,162,1417,2002,17377.0,186414.0,0.931642,1.721727,POL,NLD,6908
1979314,179,162,1417,2002,4812913.0,84923.0,0.484407,1.6500080000000001,PRT,NLD,6908
1979315,185,162,1417,2002,0.0,6269.0,0.29888200000000004,0.980376,ROU,NLD,6908
1979316,186,162,1417,2002,0.0,1169809.0,1.109397,0.424229,RUS,NLD,6908
1979317,189,162,1417,2002,0.0,3597.0,0.55781,2.135925,SCG,NLD,6908
1979318,192,162,1417,2002,0.0,88745.0,1.481857,0.648889,SGP,NLD,6908
1979319,196,162,1417,2002,0.0,11053.0,0.397488,-0.027672000000000002,SLE,NLD,6908
1979320,205,162,1417,2002,0.0,1204088.0,-0.9120030000000001,-0.8871020000000001,SUR,NLD,6908
1979321,206,162,1417,2002,201860.0,125328.0,1.1907379999999999,1.050649,SVK,NLD,6908
1979322,207,162,1417,2002,288741.0,2897.0,1.5643770000000001,1.043862,SVN,NLD,6908
1979323,208,162,1417,2002,5520.0,100580.0,2.128614,0.7891199999999999,SWE,NLD,6908
1979324,216,162,1417,2002,149394.0,0.0,0.432041,1.627953,THA,NLD,6908
1979325,224,162,1417,2002,5655635.0,43179.0,0.11263699999999999,1.83925,TUR,NLD,6908
1979326,228,162,1417,2002,0.0,24640.0,0.835485,0.872135,UKR,NLD,6908
1979327,231,162,1417,2002,79473.0,798265.0,1.821594,0.231296,USA,NLD,6908
1979328,239,162,1417,2002,17713.0,0.0,-0.589665,0.799874,VNM,NLD,6908
1979329,243,162,1417,2002,0.0,11346.0,-1.233006,-1.22101,YEM,NLD,6908
1979330,246,162,1417,2002,0.0,10819.0,0.395943,2.392458,ZAF,NLD,6908
1979331,248,162,1417,2002,13090.0,0.0,-0.309483,0.271457,ZWE,NLD,6908
1979332,249,162,1417,2002,0.0,28058.0,1.683858,1.333601,TWN,NLD,6908
1979333,250,162,1417,2002,40402.0,17168.0,0.734927,-0.40114099999999997,ANS,NLD,6908
1979334,7,163,1417,2002,69875.0,0.0,0.044683,-0.247191,ARE,NOR,6908
1979335,15,163,1417,2002,10348.0,0.0,1.8651200000000001,0.48423900000000003,AUT,NOR,6908
1979336,18,163,1417,2002,15016.0,968.0,1.4097469999999999,1.440169,BEL,NOR,6908
1979337,23,163,1417,2002,59091.0,987.0,0.37451100000000004,1.573517,BGR,NOR,6908
1979338,25,163,1417,2002,0.0,25681.0,0.641626,-0.37892800000000004,BHS,NOR,6908
1979339,32,163,1417,2002,0.0,2451.0,0.677883,1.0227190000000002,BRA,NOR,6908
1979340,41,163,1417,2002,0.0,4963.0,2.218095,0.620946,CHE,NOR,6908
1979341,43,163,1417,2002,4791.0,0.0,0.576746,2.7995520000000003,CHN,NOR,6908
1979342,59,163,1417,2002,477943.0,1676.0,1.550713,1.037066,CZE,NOR,6908
1979343,61,163,1417,2002,1767011.0,9778.0,2.297691,-2.183239,DEU,NOR,6908
1979344,64,163,1417,2002,1208427.0,36319.0,1.26594,1.225186,DNK,NOR,6908
1979345,68,163,1417,2002,28281.0,0.0,-0.377127,0.549439,EGY,NOR,6908
1979346,71,163,1417,2002,8704773.0,10823.0,1.012246,2.049594,ESP,NOR,6908
1979347,72,163,1417,2002,7435.0,0.0,0.54511,0.9135979999999999,EST,NOR,6908
1979348,74,163,1417,2002,207471.0,29080.0,2.0234240000000003,0.979141,FIN,NOR,6908
1979349,77,163,1417,2002,269156.0,8957.0,1.569367,0.9886360000000001,FRA,NOR,6908
1979350,78,163,1417,2002,0.0,1697.0,-0.410455,-0.821335,FRO,NOR,6908
1979351,81,163,1417,2002,507236.0,0.0,1.893177,0.831382,GBR,NOR,6908
1979352,90,163,1417,2002,1278.0,0.0,0.31858000000000003,1.47417,GRC,NOR,6908
1979353,100,163,1417,2002,0.0,4187.0,0.591276,1.030723,HRV,NOR,6908
1979354,102,163,1417,2002,20172.0,0.0,1.179684,1.0574860000000001,HUN,NOR,6908
1979355,103,163,1417,2002,5542.0,0.0,-0.10020499999999999,1.590314,IDN,NOR,6908
1979356,104,163,1417,2002,2486.0,0.0,0.380867,2.608955,IND,NOR,6908
1979357,106,163,1417,2002,4459.0,0.0,1.7232880000000002,0.091172,IRL,NOR,6908
1979358,107,163,1417,2002,7685.0,0.0,-0.5707840000000001,-0.705612,IRN,NOR,6908
1979359,110,163,1417,2002,33047.0,0.0,1.334174,0.654331,ISR,NOR,6908
1979360,111,163,1417,2002,16420247.0,5031.0,1.377604,1.2470510000000001,ITA,NOR,6908
1979361,114,163,1417,2002,7100.0,0.0,2.556057,0.497673,JPN,NOR,6908
1979362,130,163,1417,2002,44392.0,0.0,0.23102399999999998,0.586078,LTU,NOR,6908
1979363,132,163,1417,2002,1007.0,1266.0,0.45210200000000006,0.515388,LVA,NOR,6908
1979364,138,163,1417,2002,0.0,2520.0,0.942061,0.6311260000000001,MEX,NOR,6908
1979365,153,163,1417,2002,40920.0,0.0,0.704957,0.243398,MYS,NOR,6908
1979366,159,163,1417,2002,0.0,3904.0,-1.8315700000000001,-1.25171,NGA,NOR,6908
1979367,162,163,1417,2002,365869.0,6590.0,1.206176,1.7136360000000002,NLD,NOR,6908
1979368,177,163,1417,2002,89086.0,3988.0,0.931642,1.721727,POL,NOR,6908
1979369,179,163,1417,2002,1327917.0,0.0,0.484407,1.6500080000000001,PRT,NOR,6908
1979370,185,163,1417,2002,2379.0,0.0,0.29888200000000004,0.980376,ROU,NOR,6908
1979371,186,163,1417,2002,0.0,2421.0,1.109397,0.424229,RUS,NOR,6908
1979372,188,163,1417,2002,5179.0,0.0,0.082107,-0.843317,SAU,NOR,6908
1979373,189,163,1417,2002,3833.0,0.0,0.55781,2.135925,SCG,NOR,6908
1979374,192,163,1417,2002,4946.0,0.0,1.481857,0.648889,SGP,NOR,6908
1979375,207,163,1417,2002,5275.0,0.0,1.5643770000000001,1.043862,SVN,NOR,6908
1979376,208,163,1417,2002,2099213.0,148425.0,2.128614,0.7891199999999999,SWE,NOR,6908
1979377,216,163,1417,2002,2820.0,0.0,0.432041,1.627953,THA,NOR,6908
1979378,224,163,1417,2002,1149134.0,0.0,0.11263699999999999,1.83925,TUR,NOR,6908
1979379,231,163,1417,2002,0.0,2354.0,1.821594,0.231296,USA,NOR,6908
1979380,7,166,1417,2002,310491.0,0.0,0.044683,-0.247191,ARE,NZL,6908
1979381,8,166,1417,2002,62725.0,0.0,0.284536,0.517425,ARG,NZL,6908
1979382,10,166,1417,2002,0.0,27242.0,1.207516,0.092848,ASM,NZL,6908
1979383,14,166,1417,2002,685866.0,127726.0,0.231386,0.771628,AUS,NZL,6908
1979384,32,166,1417,2002,292900.0,0.0,0.677883,1.0227190000000002,BRA,NZL,6908
1979385,39,166,1417,2002,0.0,73272.0,0.9963280000000001,1.1922110000000001,CAN,NZL,6908
1979386,41,166,1417,2002,3894.0,0.0,2.218095,0.620946,CHE,NZL,6908
1979387,43,166,1417,2002,257090.0,0.0,0.576746,2.7995520000000003,CHN,NZL,6908
1979388,48,166,1417,2002,0.0,43811.0,0.22351300000000002,-0.5197729999999999,COK,NZL,6908
1979389,61,166,1417,2002,23748.0,0.0,2.297691,-2.183239,DEU,NZL,6908
1979390,71,166,1417,2002,2157895.0,0.0,1.012246,2.049594,ESP,NZL,6908
1979391,75,166,1417,2002,0.0,115318.0,-0.588136,-0.242883,FJI,NZL,6908
1979392,77,166,1417,2002,83483.0,0.0,1.569367,0.9886360000000001,FRA,NZL,6908
1979393,81,166,1417,2002,75436.0,1642.0,1.893177,0.831382,GBR,NZL,6908
1979394,90,166,1417,2002,3486.0,0.0,0.31858000000000003,1.47417,GRC,NZL,6908
1979395,103,166,1417,2002,489221.0,1190.0,-0.10020499999999999,1.590314,IDN,NZL,6908
1979396,104,166,1417,2002,33594.0,0.0,0.380867,2.608955,IND,NZL,6908
1979397,107,166,1417,2002,12314.0,0.0,-0.5707840000000001,-0.705612,IRN,NZL,6908
1979398,111,166,1417,2002,4324821.0,6821.0,1.377604,1.2470510000000001,ITA,NZL,6908
1979399,114,166,1417,2002,3024.0,2251.0,2.556057,0.497673,JPN,NZL,6908
1979400,119,166,1417,2002,0.0,15759.0,0.016975,-0.791141,KIR,NZL,6908
1979401,121,166,1417,2002,54556.0,0.0,1.186816,1.075947,KOR,NZL,6908
1979402,128,166,1417,2002,296244.0,0.0,-0.740927,0.023171,LKA,NZL,6908
1979403,138,166,1417,2002,907.0,0.0,0.942061,0.6311260000000001,MEX,NZL,6908
1979404,153,166,1417,2002,430823.0,0.0,0.704957,0.243398,MYS,NZL,6908
1979405,156,166,1417,2002,0.0,8085.0,-0.292646,-0.823263,NCL,NZL,6908
1979406,161,166,1417,2002,0.0,2461.0,0.5417350000000001,-0.645461,NIU,NZL,6908
1979407,162,166,1417,2002,6293.0,0.0,1.206176,1.7136360000000002,NLD,NZL,6908
1979408,174,166,1417,2002,3964.0,0.0,0.055439999999999996,-0.179809,PHL,NZL,6908
1979409,179,166,1417,2002,127746.0,0.0,0.484407,1.6500080000000001,PRT,NZL,6908
1979410,182,166,1417,2002,0.0,1668.0,0.042936,-0.7421840000000001,PYF,NZL,6908
1979411,192,166,1417,2002,0.0,1204.0,1.481857,0.648889,SGP,NZL,6908
1979412,216,166,1417,2002,217214.0,0.0,0.432041,1.627953,THA,NZL,6908
1979413,221,166,1417,2002,0.0,38821.0,-1.6186639999999999,-1.011606,TON,NZL,6908
1979414,224,166,1417,2002,163461.0,0.0,0.11263699999999999,1.83925,TUR,NZL,6908
1979415,225,166,1417,2002,0.0,9177.0,-0.141984,-0.15720399999999998,TUV,NZL,6908
1979416,230,166,1417,2002,5624.0,0.0,0.300502,0.16817000000000001,URY,NZL,6908
1979417,231,166,1417,2002,35140.0,83509.0,1.821594,0.231296,USA,NZL,6908
1979418,239,166,1417,2002,4241.0,0.0,-0.589665,0.799874,VNM,NZL,6908
1979419,240,166,1417,2002,0.0,31827.0,-1.240258,-0.95039,VUT,NZL,6908
1979420,242,166,1417,2002,0.0,40433.0,-0.053287,-0.5183399999999999,WSM,NZL,6908
1979421,249,166,1417,2002,36788.0,0.0,1.683858,1.333601,TWN,NZL,6908
1979422,250,166,1417,2002,2297.0,0.0,0.734927,-0.40114099999999997,ANS,NZL,6908
1979423,8,169,1417,2002,143214.0,0.0,0.284536,0.517425,ARG,PAN,6908
1979424,32,169,1417,2002,1034644.0,0.0,0.677883,1.0227190000000002,BRA,PAN,6908
1979425,41,169,1417,2002,4853.0,0.0,2.218095,0.620946,CHE,PAN,6908
1979426,43,169,1417,2002,846489.0,0.0,0.576746,2.7995520000000003,CHN,PAN,6908
1979427,49,169,1417,2002,327428.0,2158.0,0.345094,0.37787800000000005,COL,PAN,6908
1979428,52,169,1417,2002,2533.0,0.0,0.03619,-0.187718,CRI,PAN,6908
1979429,54,169,1417,2002,0.0,16822.0,-0.479213,-0.951203,CUB,PAN,6908
1979430,67,169,1417,2002,14063.0,4780.0,-0.976218,-0.926393,ECU,PAN,6908
1979431,71,169,1417,2002,5953384.0,0.0,1.012246,2.049594,ESP,PAN,6908
1979432,77,169,1417,2002,1976.0,0.0,1.569367,0.9886360000000001,FRA,PAN,6908
1979433,81,169,1417,2002,2790.0,0.0,1.893177,0.831382,GBR,PAN,6908
1979434,93,169,1417,2002,0.0,5855.0,-0.548834,-0.034464999999999996,GTM,PAN,6908
1979435,97,169,1417,2002,71539.0,0.0,0.5701109999999999,1.989357,HKG,PAN,6908
1979436,103,169,1417,2002,178280.0,0.0,-0.10020499999999999,1.590314,IDN,PAN,6908
1979437,111,169,1417,2002,1529624.0,0.0,1.377604,1.2470510000000001,ITA,PAN,6908
1979438,138,169,1417,2002,19291.0,0.0,0.942061,0.6311260000000001,MEX,PAN,6908
1979439,151,169,1417,2002,0.0,5997.0,-0.37937600000000005,-0.388848,MUS,PAN,6908
1979440,153,169,1417,2002,47550.0,0.0,0.704957,0.243398,MYS,PAN,6908
1979441,159,169,1417,2002,0.0,4157.0,-1.8315700000000001,-1.25171,NGA,PAN,6908
1979442,160,169,1417,2002,0.0,8000.0,-0.677398,-0.564472,NIC,PAN,6908
1979443,173,169,1417,2002,93193.0,0.0,-0.6126199999999999,0.085944,PER,PAN,6908
1979444,197,169,1417,2002,0.0,9432.0,-0.280138,-0.099225,SLV,PAN,6908
1979445,216,169,1417,2002,21001.0,0.0,0.432041,1.627953,THA,PAN,6908
1979446,224,169,1417,2002,2339.0,0.0,0.11263699999999999,1.83925,TUR,PAN,6908
1979447,230,169,1417,2002,25564.0,0.0,0.300502,0.16817000000000001,URY,PAN,6908
1979448,231,169,1417,2002,29402.0,0.0,1.821594,0.231296,USA,PAN,6908
1979449,236,169,1417,2002,26965.0,25022.0,0.211536,-0.715675,VEN,PAN,6908
1979450,250,169,1417,2002,2573554.0,0.0,0.734927,-0.40114099999999997,ANS,PAN,6908
1979451,0,173,1417,2002,0.0,18099.0,0.017075999999999997,-0.844024,ABW,PER,6908
1979452,8,173,1417,2002,455178.0,0.0,0.284536,0.517425,ARG,PER,6908
1979453,31,173,1417,2002,712666.0,43619.0,-0.885342,-0.819517,BOL,PER,6908
1979454,32,173,1417,2002,923401.0,0.0,0.677883,1.0227190000000002,BRA,PER,6908
1979455,42,173,1417,2002,11186.0,1835608.0,-0.035264,-0.101796,CHL,PER,6908
1979456,43,173,1417,2002,47001.0,0.0,0.576746,2.7995520000000003,CHN,PER,6908
1979457,49,173,1417,2002,0.0,329846.0,0.345094,0.37787800000000005,COL,PER,6908
1979458,52,173,1417,2002,0.0,49152.0,0.03619,-0.187718,CRI,PER,6908
1979459,67,173,1417,2002,0.0,1601034.0,-0.976218,-0.926393,ECU,PER,6908
1979460,68,173,1417,2002,65230.0,0.0,-0.377127,0.549439,EGY,PER,6908
1979461,71,173,1417,2002,4193751.0,0.0,1.012246,2.049594,ESP,PER,6908
1979462,93,173,1417,2002,0.0,4149.0,-0.548834,-0.034464999999999996,GTM,PER,6908
1979463,99,173,1417,2002,0.0,151141.0,-0.877043,-0.658185,HND,PER,6908
1979464,103,173,1417,2002,69714.0,0.0,-0.10020499999999999,1.590314,IDN,PER,6908
1979465,111,173,1417,2002,748086.0,0.0,1.377604,1.2470510000000001,ITA,PER,6908
1979466,112,173,1417,2002,0.0,4340.0,-0.604813,-0.9309860000000001,JAM,PER,6908
1979467,128,173,1417,2002,0.0,11187.0,-0.740927,0.023171,LKA,PER,6908
1979468,138,173,1417,2002,1302.0,248644.0,0.942061,0.6311260000000001,MEX,PER,6908
1979469,169,173,1417,2002,0.0,93193.0,0.134759,0.234258,PAN,PER,6908
1979470,197,173,1417,2002,0.0,204075.0,-0.280138,-0.099225,SLV,PER,6908
1979471,223,173,1417,2002,13044.0,0.0,-0.221951,0.325506,TUN,PER,6908
1979472,230,173,1417,2002,5145.0,0.0,0.300502,0.16817000000000001,URY,PER,6908
1979473,231,173,1417,2002,58364.0,2276056.0,1.821594,0.231296,USA,PER,6908
1979474,236,173,1417,2002,0.0,15733.0,0.211536,-0.715675,VEN,PER,6908
1979475,7,174,1417,2002,324626.0,0.0,0.044683,-0.247191,ARE,PHL,6908
1979476,14,174,1417,2002,2259.0,204538.0,0.231386,0.771628,AUS,PHL,6908
1979477,15,174,1417,2002,1725.0,0.0,1.8651200000000001,0.48423900000000003,AUT,PHL,6908
1979478,18,174,1417,2002,9533.0,0.0,1.4097469999999999,1.440169,BEL,PHL,6908
1979479,22,174,1417,2002,21895.0,0.0,-1.134933,-1.061633,BGD,PHL,6908
1979480,24,174,1417,2002,0.0,37997.0,-0.146585,-1.006558,BHR,PHL,6908
1979481,32,174,1417,2002,179654.0,0.0,0.677883,1.0227190000000002,BRA,PHL,6908
1979482,34,174,1417,2002,0.0,16675.0,-1.7894169999999998,-1.034672,BRN,PHL,6908
1979483,43,174,1417,2002,4460924.0,101331.0,0.576746,2.7995520000000003,CHN,PHL,6908
1979484,61,174,1417,2002,40846.0,2715.0,2.297691,-2.183239,DEU,PHL,6908
1979485,71,174,1417,2002,4406095.0,0.0,1.012246,2.049594,ESP,PHL,6908
1979486,74,174,1417,2002,0.0,72620.0,2.0234240000000003,0.979141,FIN,PHL,6908
1979487,77,174,1417,2002,12708.0,6287.0,1.569367,0.9886360000000001,FRA,PHL,6908
1979488,95,174,1417,2002,0.0,9573.0,-0.516203,-0.803461,GUM,PHL,6908
1979489,97,174,1417,2002,292273.0,41535.0,0.5701109999999999,1.989357,HKG,PHL,6908
1979490,103,174,1417,2002,927146.0,0.0,-0.10020499999999999,1.590314,IDN,PHL,6908
1979491,104,174,1417,2002,365371.0,0.0,0.380867,2.608955,IND,PHL,6908
1979492,111,174,1417,2002,1341143.0,1932.0,1.377604,1.2470510000000001,ITA,PHL,6908
1979493,114,174,1417,2002,1495590.0,48870.0,2.556057,0.497673,JPN,PHL,6908
1979494,121,174,1417,2002,259535.0,100455.0,1.186816,1.075947,KOR,PHL,6908
1979495,128,174,1417,2002,5060.0,0.0,-0.740927,0.023171,LKA,PHL,6908
1979496,133,174,1417,2002,170.0,0.0,-0.360172,-0.359367,MAC,PHL,6908
1979497,153,174,1417,2002,519571.0,17974.0,0.704957,0.243398,MYS,PHL,6908
1979498,166,174,1417,2002,0.0,3964.0,0.542585,0.854243,NZL,PHL,6908
1979499,179,174,1417,2002,6119.0,0.0,0.484407,1.6500080000000001,PRT,PHL,6908
1979500,188,174,1417,2002,0.0,982.0,0.082107,-0.843317,SAU,PHL,6908
1979501,192,174,1417,2002,94955.0,37252.0,1.481857,0.648889,SGP,PHL,6908
1979502,209,174,1417,2002,4861.0,0.0,0.49801599999999996,-0.139709,SWZ,PHL,6908
1979503,216,174,1417,2002,1808456.0,0.0,0.432041,1.627953,THA,PHL,6908
1979504,224,174,1417,2002,7856.0,0.0,0.11263699999999999,1.83925,TUR,PHL,6908
1979505,229,174,1417,2002,0.0,12135.0,0.317662,-0.46541000000000005,UMI,PHL,6908
1979506,231,174,1417,2002,60880.0,27834.0,1.821594,0.231296,USA,PHL,6908
1979507,239,174,1417,2002,985236.0,0.0,-0.589665,0.799874,VNM,PHL,6908
1979508,246,174,1417,2002,0.0,9803.0,0.395943,2.392458,ZAF,PHL,6908
1979509,249,174,1417,2002,35141.0,20932.0,1.683858,1.333601,TWN,PHL,6908
1979510,2,179,1417,2002,0.0,4867851.0,-2.018135,-1.222751,AGO,PRT,6908
1979511,4,179,1417,2002,0.0,375467.0,-0.127828,-0.126857,ALB,PRT,6908
1979512,5,179,1417,2002,0.0,22541.0,1.1751610000000001,0.8631700000000001,AND,PRT,6908
1979513,6,179,1417,2002,0.0,84905.0,0.346519,-0.631549,ANT,PRT,6908
1979514,7,179,1417,2002,0.0,255353.0,0.044683,-0.247191,ARE,PRT,6908
1979515,9,179,1417,2002,0.0,19841.0,0.710274,-0.11309000000000001,ARM,PRT,6908
1979516,14,179,1417,2002,0.0,653649.0,0.231386,0.771628,AUS,PRT,6908
1979517,15,179,1417,2002,902.0,152748.0,1.8651200000000001,0.48423900000000003,AUT,PRT,6908
1979518,18,179,1417,2002,11864.0,3616317.0,1.4097469999999999,1.440169,BEL,PRT,6908
1979519,19,179,1417,2002,0.0,78304.0,-0.724829,-0.705625,BEN,PRT,6908
1979520,21,179,1417,2002,0.0,52897.0,-0.477813,-0.647148,BFA,PRT,6908
1979521,24,179,1417,2002,0.0,22802.0,-0.146585,-1.006558,BHR,PRT,6908
1979522,32,179,1417,2002,27259.0,5429.0,0.677883,1.0227190000000002,BRA,PRT,6908
1979523,33,179,1417,2002,0.0,3015.0,0.762217,0.004367,BRB,PRT,6908
1979524,37,179,1417,2002,0.0,1402.0,-0.14025,-1.018399,BWA,PRT,6908
1979525,38,179,1417,2002,0.0,22485.0,-0.45315200000000005,-0.764876,CAF,PRT,6908
1979526,39,179,1417,2002,0.0,762320.0,0.9963280000000001,1.1922110000000001,CAN,PRT,6908
1979527,41,179,1417,2002,5559.0,1661634.0,2.218095,0.620946,CHE,PRT,6908
1979528,42,179,1417,2002,0.0,9167.0,-0.035264,-0.101796,CHL,PRT,6908
1979529,43,179,1417,2002,49860.0,41276.0,0.576746,2.7995520000000003,CHN,PRT,6908
1979530,44,179,1417,2002,0.0,57464.0,-0.816327,-0.711765,CIV,PRT,6908
1979531,45,179,1417,2002,0.0,46972.0,-1.114477,-1.0516510000000001,CMR,PRT,6908
1979532,46,179,1417,2002,0.0,20097.0,-1.2657370000000001,-1.108659,COD,PRT,6908
1979533,47,179,1417,2002,0.0,71993.0,-1.62227,-1.202067,COG,PRT,6908
1979534,49,179,1417,2002,0.0,27641.0,0.345094,0.37787800000000005,COL,PRT,6908
1979535,51,179,1417,2002,0.0,2627061.0,-0.29720100000000005,-0.703051,CPV,PRT,6908
1979536,52,179,1417,2002,0.0,126873.0,0.03619,-0.187718,CRI,PRT,6908
1979537,54,179,1417,2002,0.0,26352.0,-0.479213,-0.951203,CUB,PRT,6908
1979538,58,179,1417,2002,0.0,408223.0,0.381391,0.40265,CYP,PRT,6908
1979539,59,179,1417,2002,0.0,62635.0,1.550713,1.037066,CZE,PRT,6908
1979540,61,179,1417,2002,100485.0,6385757.0,2.297691,-2.183239,DEU,PRT,6908
1979541,64,179,1417,2002,0.0,763864.0,1.26594,1.225186,DNK,PRT,6908
1979542,65,179,1417,2002,0.0,22597.0,-0.46284899999999995,-0.39210100000000003,DOM,PRT,6908
1979543,67,179,1417,2002,0.0,3637.0,-0.976218,-0.926393,ECU,PRT,6908
1979544,71,179,1417,2002,114226745.0,6476034.0,1.012246,2.049594,ESP,PRT,6908
1979545,72,179,1417,2002,0.0,681926.0,0.54511,0.9135979999999999,EST,PRT,6908
1979546,74,179,1417,2002,16737.0,3151400.0,2.0234240000000003,0.979141,FIN,PRT,6908
1979547,77,179,1417,2002,241639.0,27885347.0,1.569367,0.9886360000000001,FRA,PRT,6908
1979548,78,179,1417,2002,0.0,2898.0,-0.410455,-0.821335,FRO,PRT,6908
1979549,80,179,1417,2002,0.0,138650.0,-0.830094,-1.149233,GAB,PRT,6908
1979550,81,179,1417,2002,6693.0,8447699.0,1.893177,0.831382,GBR,PRT,6908
1979551,83,179,1417,2002,0.0,11586.0,-1.333425,-1.0709879999999998,GHA,PRT,6908
1979552,85,179,1417,2002,0.0,60366.0,-1.85329,-1.243105,GIN,PRT,6908
1979553,87,179,1417,2002,0.0,5956.0,0.075971,-0.068413,GMB,PRT,6908
1979554,88,179,1417,2002,0.0,232629.0,-0.661416,-0.8644870000000001,GNB,PRT,6908
1979555,90,179,1417,2002,0.0,1862672.0,0.31858000000000003,1.47417,GRC,PRT,6908
1979556,93,179,1417,2002,0.0,1737.0,-0.548834,-0.034464999999999996,GTM,PRT,6908
1979557,97,179,1417,2002,0.0,220183.0,0.5701109999999999,1.989357,HKG,PRT,6908
1979558,100,179,1417,2002,0.0,19259.0,0.591276,1.030723,HRV,PRT,6908
1979559,102,179,1417,2002,2269.0,64474.0,1.179684,1.0574860000000001,HUN,PRT,6908
1979560,103,179,1417,2002,2734.0,0.0,-0.10020499999999999,1.590314,IDN,PRT,6908
1979561,104,179,1417,2002,0.0,8017.0,0.380867,2.608955,IND,PRT,6908
1979562,106,179,1417,2002,0.0,918817.0,1.7232880000000002,0.091172,IRL,PRT,6908
1979563,109,179,1417,2002,0.0,52076.0,0.23601999999999998,-0.34781,ISL,PRT,6908
1979564,110,179,1417,2002,0.0,367155.0,1.334174,0.654331,ISR,PRT,6908
1979565,111,179,1417,2002,4675888.0,928940.0,1.377604,1.2470510000000001,ITA,PRT,6908
1979566,112,179,1417,2002,0.0,5192.0,-0.604813,-0.9309860000000001,JAM,PRT,6908
1979567,113,179,1417,2002,0.0,47943.0,0.24197600000000002,0.196635,JOR,PRT,6908
1979568,114,179,1417,2002,0.0,74759.0,2.556057,0.497673,JPN,PRT,6908
1979569,115,179,1417,2002,0.0,1309.0,-0.065332,-0.616159,KAZ,PRT,6908
1979570,121,179,1417,2002,0.0,248726.0,1.186816,1.075947,KOR,PRT,6908
1979571,122,179,1417,2002,0.0,80205.0,-0.6629550000000001,-1.157214,KWT,PRT,6908
1979572,124,179,1417,2002,0.0,55949.0,0.2729,1.254232,LBN,PRT,6908
1979573,125,179,1417,2002,0.0,11852.0,-0.508416,-1.121658,LBR,PRT,6908
1979574,130,179,1417,2002,0.0,137940.0,0.23102399999999998,0.586078,LTU,PRT,6908
1979575,131,179,1417,2002,0.0,301275.0,1.605378,1.152973,LUX,PRT,6908
1979576,132,179,1417,2002,0.0,99390.0,0.45210200000000006,0.515388,LVA,PRT,6908
1979577,133,179,1417,2002,3263.0,29580.0,-0.360172,-0.359367,MAC,PRT,6908
1979578,134,179,1417,2002,3993.0,89555.0,-0.810467,-0.34807899999999997,MAR,PRT,6908
1979579,138,179,1417,2002,0.0,3718.0,0.942061,0.6311260000000001,MEX,PRT,6908
1979580,141,179,1417,2002,0.0,29325.0,-0.8948520000000001,-0.863375,MLI,PRT,6908
1979581,142,179,1417,2002,0.0,13564.0,1.12245,0.019001,MLT,PRT,6908
1979582,147,179,1417,2002,0.0,711375.0,-0.947259,-1.047883,MOZ,PRT,6908
1979583,148,179,1417,2002,0.0,8810.0,-1.27671,-1.218472,MRT,PRT,6908
1979584,151,179,1417,2002,0.0,19274.0,-0.37937600000000005,-0.388848,MUS,PRT,6908
1979585,152,179,1417,2002,0.0,20551.0,-1.441416,-1.214651,MWI,PRT,6908
1979586,155,179,1417,2002,1597.0,0.0,-0.314161,-0.521778,NAM,PRT,6908
1979587,157,179,1417,2002,0.0,46309.0,-0.344562,-0.304996,NER,PRT,6908
1979588,159,179,1417,2002,0.0,50341.0,-1.8315700000000001,-1.25171,NGA,PRT,6908
1979589,162,179,1417,2002,84923.0,4812913.0,1.206176,1.7136360000000002,NLD,PRT,6908
1979590,163,179,1417,2002,0.0,1327917.0,1.110882,0.17164100000000002,NOR,PRT,6908
1979591,166,179,1417,2002,0.0,127746.0,0.542585,0.854243,NZL,PRT,6908
1979592,167,179,1417,2002,0.0,2373.0,-1.238769,-1.225841,OMN,PRT,6908
1979593,174,179,1417,2002,0.0,6119.0,0.055439999999999996,-0.179809,PHL,PRT,6908
1979594,177,179,1417,2002,0.0,105459.0,0.931642,1.721727,POL,PRT,6908
1979595,182,179,1417,2002,0.0,2402.0,0.042936,-0.7421840000000001,PYF,PRT,6908
1979596,183,179,1417,2002,0.0,97398.0,-0.306052,-1.098296,QAT,PRT,6908
1979597,186,179,1417,2002,0.0,482558.0,1.109397,0.424229,RUS,PRT,6908
1979598,187,179,1417,2002,0.0,2024.0,-0.553848,-0.757714,RWA,PRT,6908
1979599,188,179,1417,2002,0.0,333877.0,0.082107,-0.843317,SAU,PRT,6908
1979600,189,179,1417,2002,0.0,64863.0,0.55781,2.135925,SCG,PRT,6908
1979601,191,179,1417,2002,0.0,520915.0,-0.43679700000000005,-0.484176,SEN,PRT,6908
1979602,192,179,1417,2002,0.0,171535.0,1.481857,0.648889,SGP,PRT,6908
1979603,196,179,1417,2002,0.0,13020.0,0.397488,-0.027672000000000002,SLE,PRT,6908
1979604,203,179,1417,2002,0.0,139516.0,0.47539499999999996,-0.297348,STP,PRT,6908
1979605,206,179,1417,2002,0.0,11122.0,1.1907379999999999,1.050649,SVK,PRT,6908
1979606,207,179,1417,2002,0.0,1268.0,1.5643770000000001,1.043862,SVN,PRT,6908
1979607,208,179,1417,2002,219874.0,1859470.0,2.128614,0.7891199999999999,SWE,PRT,6908
1979608,215,179,1417,2002,0.0,64697.0,-0.6810039999999999,-0.6286930000000001,TGO,PRT,6908
1979609,223,179,1417,2002,0.0,4075.0,-0.221951,0.325506,TUN,PRT,6908
1979610,224,179,1417,2002,340079.0,82615.0,0.11263699999999999,1.83925,TUR,PRT,6908
1979611,227,179,1417,2002,0.0,4426.0,-1.038337,-0.896425,UGA,PRT,6908
1979612,228,179,1417,2002,0.0,111469.0,0.835485,0.872135,UKR,PRT,6908
1979613,231,179,1417,2002,3507.0,2944515.0,1.821594,0.231296,USA,PRT,6908
1979614,236,179,1417,2002,0.0,268111.0,0.211536,-0.715675,VEN,PRT,6908
1979615,246,179,1417,2002,10430.0,312912.0,0.395943,2.392458,ZAF,PRT,6908
1979616,249,179,1417,2002,0.0,5870.0,1.683858,1.333601,TWN,PRT,6908
1979617,250,179,1417,2002,0.0,22323.0,0.734927,-0.40114099999999997,ANS,PRT,6908
1979618,8,180,1417,2002,7502.0,0.0,0.284536,0.517425,ARG,PRY,6908
1979619,32,180,1417,2002,6701041.0,0.0,0.677883,1.0227190000000002,BRA,PRY,6908
1979620,71,180,1417,2002,333945.0,0.0,1.012246,2.049594,ESP,PRY,6908
1979621,111,180,1417,2002,990.0,0.0,1.377604,1.2470510000000001,ITA,PRY,6908
1979622,231,180,1417,2002,27260.0,0.0,1.821594,0.231296,USA,PRY,6908
1979623,249,180,1417,2002,689.0,0.0,1.683858,1.333601,TWN,PRY,6908
1979624,7,190,1417,2002,1146634.0,0.0,0.044683,-0.247191,ARE,SDN,6908
1979625,15,190,1417,2002,5806.0,0.0,1.8651200000000001,0.48423900000000003,AUT,SDN,6908
1979626,41,190,1417,2002,16202.0,0.0,2.218095,0.620946,CHE,SDN,6908
1979627,43,190,1417,2002,283039.0,0.0,0.576746,2.7995520000000003,CHN,SDN,6908
1979628,61,190,1417,2002,1944.0,0.0,2.297691,-2.183239,DEU,SDN,6908
1979629,67,190,1417,2002,107847.0,0.0,-0.976218,-0.926393,ECU,SDN,6908
1979630,68,190,1417,2002,950289.0,0.0,-0.377127,0.549439,EGY,SDN,6908
1979631,71,190,1417,2002,1458674.0,0.0,1.012246,2.049594,ESP,SDN,6908
1979632,103,190,1417,2002,13987.0,0.0,-0.10020499999999999,1.590314,IDN,SDN,6908
1979633,104,190,1417,2002,198404.0,0.0,0.380867,2.608955,IND,SDN,6908
1979634,109,190,1417,2002,24302.0,0.0,0.23601999999999998,-0.34781,ISL,SDN,6908
1979635,111,190,1417,2002,86940.0,0.0,1.377604,1.2470510000000001,ITA,SDN,6908
1979636,113,190,1417,2002,43883.0,0.0,0.24197600000000002,0.196635,JOR,SDN,6908
1979637,124,190,1417,2002,130753.0,0.0,0.2729,1.254232,LBN,SDN,6908
1979638,167,190,1417,2002,33896.0,0.0,-1.238769,-1.225841,OMN,SDN,6908
1979639,186,190,1417,2002,1139.0,0.0,1.109397,0.424229,RUS,SDN,6908
1979640,188,190,1417,2002,524649.0,0.0,0.082107,-0.843317,SAU,SDN,6908
1979641,208,190,1417,2002,3260.0,0.0,2.128614,0.7891199999999999,SWE,SDN,6908
1979642,212,190,1417,2002,17997.0,0.0,-1.067974,-0.513309,SYR,SDN,6908
1979643,216,190,1417,2002,21185.0,0.0,0.432041,1.627953,THA,SDN,6908
1979644,218,190,1417,2002,2617.0,0.0,0.077717,0.048618,TKL,SDN,6908
1979645,223,190,1417,2002,15810.0,0.0,-0.221951,0.325506,TUN,SDN,6908
1979646,224,190,1417,2002,20634.0,0.0,0.11263699999999999,1.83925,TUR,SDN,6908
1979647,228,190,1417,2002,96196.0,0.0,0.835485,0.872135,UKR,SDN,6908
1979648,234,190,1417,2002,6228.0,0.0,-0.340281,-0.661246,VCT,SDN,6908
1979649,249,190,1417,2002,6384.0,0.0,1.683858,1.333601,TWN,SDN,6908
1979650,7,192,1417,2002,67501.0,0.0,0.044683,-0.247191,ARE,SGP,6908
1979651,8,192,1417,2002,2681.0,0.0,0.284536,0.517425,ARG,SGP,6908
1979652,14,192,1417,2002,97913.0,291568.0,0.231386,0.771628,AUS,SGP,6908
1979653,18,192,1417,2002,38116.0,4681.0,1.4097469999999999,1.440169,BEL,SGP,6908
1979654,22,192,1417,2002,0.0,52547.0,-1.134933,-1.061633,BGD,SGP,6908
1979655,32,192,1417,2002,54917.0,0.0,0.677883,1.0227190000000002,BRA,SGP,6908
1979656,34,192,1417,2002,0.0,308357.0,-1.7894169999999998,-1.034672,BRN,SGP,6908
1979657,42,192,1417,2002,0.0,44694.0,-0.035264,-0.101796,CHL,SGP,6908
1979658,43,192,1417,2002,2132209.0,31913.0,0.576746,2.7995520000000003,CHN,SGP,6908
1979659,61,192,1417,2002,651075.0,0.0,2.297691,-2.183239,DEU,SGP,6908
1979660,64,192,1417,2002,1443.0,0.0,1.26594,1.225186,DNK,SGP,6908
1979661,67,192,1417,2002,0.0,27490.0,-0.976218,-0.926393,ECU,SGP,6908
1979662,68,192,1417,2002,87620.0,0.0,-0.377127,0.549439,EGY,SGP,6908
1979663,71,192,1417,2002,10672563.0,6590.0,1.012246,2.049594,ESP,SGP,6908
1979664,75,192,1417,2002,0.0,63693.0,-0.588136,-0.242883,FJI,SGP,6908
1979665,77,192,1417,2002,50010.0,0.0,1.569367,0.9886360000000001,FRA,SGP,6908
1979666,81,192,1417,2002,51272.0,0.0,1.893177,0.831382,GBR,SGP,6908
1979667,90,192,1417,2002,10254.0,0.0,0.31858000000000003,1.47417,GRC,SGP,6908
1979668,95,192,1417,2002,0.0,9069.0,-0.516203,-0.803461,GUM,SGP,6908
1979669,97,192,1417,2002,102785.0,107724.0,0.5701109999999999,1.989357,HKG,SGP,6908
1979670,103,192,1417,2002,3689695.0,2503.0,-0.10020499999999999,1.590314,IDN,SGP,6908
1979671,104,192,1417,2002,185367.0,12966.0,0.380867,2.608955,IND,SGP,6908
1979672,106,192,1417,2002,0.0,73798.0,1.7232880000000002,0.091172,IRL,SGP,6908
1979673,111,192,1417,2002,10902792.0,0.0,1.377604,1.2470510000000001,ITA,SGP,6908
1979674,114,192,1417,2002,513658.0,38151.0,2.556057,0.497673,JPN,SGP,6908
1979675,116,192,1417,2002,0.0,9979.0,-0.555812,0.169204,KEN,SGP,6908
1979676,118,192,1417,2002,0.0,57631.0,-1.231783,-1.1518700000000002,KHM,SGP,6908
1979677,121,192,1417,2002,139113.0,27749.0,1.186816,1.075947,KOR,SGP,6908
1979678,128,192,1417,2002,114048.0,12357.0,-0.740927,0.023171,LKA,SGP,6908
1979679,136,192,1417,2002,0.0,8407.0,-1.120167,-0.43338699999999997,MDG,SGP,6908
1979680,137,192,1417,2002,0.0,150167.0,-1.3007440000000001,-1.0420120000000002,MDV,SGP,6908
1979681,141,192,1417,2002,0.0,8629.0,-0.8948520000000001,-0.863375,MLI,SGP,6908
1979682,143,192,1417,2002,0.0,98562.0,-1.571568,-1.131512,MMR,SGP,6908
1979683,146,192,1417,2002,0.0,2996.0,-0.165526,-0.7033010000000001,MNP,SGP,6908
1979684,151,192,1417,2002,0.0,36885.0,-0.37937600000000005,-0.388848,MUS,SGP,6908
1979685,153,192,1417,2002,9125599.0,115571.0,0.704957,0.243398,MYS,SGP,6908
1979686,154,192,1417,2002,0.0,132753.0,0.34587399999999996,-0.537626,MYT,SGP,6908
1979687,156,192,1417,2002,0.0,1588.0,-0.292646,-0.823263,NCL,SGP,6908
1979688,159,192,1417,2002,0.0,79302.0,-1.8315700000000001,-1.25171,NGA,SGP,6908
1979689,162,192,1417,2002,88745.0,0.0,1.206176,1.7136360000000002,NLD,SGP,6908
1979690,163,192,1417,2002,0.0,4946.0,1.110882,0.17164100000000002,NOR,SGP,6908
1979691,166,192,1417,2002,1204.0,0.0,0.542585,0.854243,NZL,SGP,6908
1979692,167,192,1417,2002,8063.0,27667.0,-1.238769,-1.225841,OMN,SGP,6908
1979693,174,192,1417,2002,37252.0,94955.0,0.055439999999999996,-0.179809,PHL,SGP,6908
1979694,176,192,1417,2002,0.0,59195.0,-1.4572319999999999,-1.159399,PNG,SGP,6908
1979695,178,192,1417,2002,0.0,12161.0,0.43756999999999996,0.744264,PRK,SGP,6908
1979696,179,192,1417,2002,171535.0,0.0,0.484407,1.6500080000000001,PRT,SGP,6908
1979697,182,192,1417,2002,0.0,39590.0,0.042936,-0.7421840000000001,PYF,SGP,6908
1979698,211,192,1417,2002,0.0,17258.0,-0.977247,-0.927527,SYC,SGP,6908
1979699,216,192,1417,2002,1591684.0,47723.0,0.432041,1.627953,THA,SGP,6908
1979700,224,192,1417,2002,109780.0,0.0,0.11263699999999999,1.83925,TUR,SGP,6908
1979701,231,192,1417,2002,32661.0,313245.0,1.821594,0.231296,USA,SGP,6908
1979702,239,192,1417,2002,71735.0,12458.0,-0.589665,0.799874,VNM,SGP,6908
1979703,246,192,1417,2002,12853.0,3685.0,0.395943,2.392458,ZAF,SGP,6908
1979704,249,192,1417,2002,1035200.0,97168.0,1.683858,1.333601,TWN,SGP,6908
1979705,7,197,1417,2002,145803.0,0.0,0.044683,-0.247191,ARE,SLV,6908
1979706,8,197,1417,2002,46089.0,0.0,0.284536,0.517425,ARG,SLV,6908
1979707,32,197,1417,2002,546197.0,0.0,0.677883,1.0227190000000002,BRA,SLV,6908
1979708,39,197,1417,2002,8568.0,0.0,0.9963280000000001,1.1922110000000001,CAN,SLV,6908
1979709,41,197,1417,2002,23692.0,0.0,2.218095,0.620946,CHE,SLV,6908
1979710,43,197,1417,2002,78427.0,0.0,0.576746,2.7995520000000003,CHN,SLV,6908
1979711,49,197,1417,2002,97632.0,0.0,0.345094,0.37787800000000005,COL,SLV,6908
1979712,52,197,1417,2002,7689.0,0.0,0.03619,-0.187718,CRI,SLV,6908
1979713,71,197,1417,2002,2379600.0,0.0,1.012246,2.049594,ESP,SLV,6908
1979714,93,197,1417,2002,5548110.0,5148.0,-0.548834,-0.034464999999999996,GTM,SLV,6908
1979715,103,197,1417,2002,37824.0,0.0,-0.10020499999999999,1.590314,IDN,SLV,6908
1979716,111,197,1417,2002,281242.0,0.0,1.377604,1.2470510000000001,ITA,SLV,6908
1979717,138,197,1417,2002,1084242.0,0.0,0.942061,0.6311260000000001,MEX,SLV,6908
1979718,160,197,1417,2002,9050.0,5948.0,-0.677398,-0.564472,NIC,SLV,6908
1979719,169,197,1417,2002,9432.0,0.0,0.134759,0.234258,PAN,SLV,6908
1979720,173,197,1417,2002,204075.0,0.0,-0.6126199999999999,0.085944,PER,SLV,6908
1979721,231,197,1417,2002,162335.0,13207.0,1.821594,0.231296,USA,SLV,6908
1979722,236,197,1417,2002,15373.0,0.0,0.211536,-0.715675,VEN,SLV,6908
1979723,250,197,1417,2002,62858.0,0.0,0.734927,-0.40114099999999997,ANS,SLV,6908
1979724,8,205,1417,2002,6036.0,0.0,0.284536,0.517425,ARG,SUR,6908
1979725,32,205,1417,2002,144404.0,0.0,0.677883,1.0227190000000002,BRA,SUR,6908
1979726,43,205,1417,2002,81561.0,0.0,0.576746,2.7995520000000003,CHN,SUR,6908
1979727,61,205,1417,2002,9619.0,0.0,2.297691,-2.183239,DEU,SUR,6908
1979728,71,205,1417,2002,298715.0,0.0,1.012246,2.049594,ESP,SUR,6908
1979729,97,205,1417,2002,2042.0,0.0,0.5701109999999999,1.989357,HKG,SUR,6908
1979730,104,205,1417,2002,1554.0,0.0,0.380867,2.608955,IND,SUR,6908
1979731,111,205,1417,2002,6828.0,0.0,1.377604,1.2470510000000001,ITA,SUR,6908
1979732,159,205,1417,2002,0.0,15558.0,-1.8315700000000001,-1.25171,NGA,SUR,6908
1979733,162,205,1417,2002,1204088.0,0.0,1.206176,1.7136360000000002,NLD,SUR,6908
1979734,231,205,1417,2002,3377.0,0.0,1.821594,0.231296,USA,SUR,6908
1979735,236,205,1417,2002,33423.0,0.0,0.211536,-0.715675,VEN,SUR,6908
1979736,7,208,1417,2002,230244.0,0.0,0.044683,-0.247191,ARE,SWE,6908
1979737,8,208,1417,2002,43441.0,0.0,0.284536,0.517425,ARG,SWE,6908
1979738,15,208,1417,2002,4441.0,0.0,1.8651200000000001,0.48423900000000003,AUT,SWE,6908
1979739,18,208,1417,2002,0.0,2666.0,1.4097469999999999,1.440169,BEL,SWE,6908
1979740,22,208,1417,2002,0.0,10694.0,-1.134933,-1.061633,BGD,SWE,6908
1979741,23,208,1417,2002,136902.0,0.0,0.37451100000000004,1.573517,BGR,SWE,6908
1979742,32,208,1417,2002,114110.0,0.0,0.677883,1.0227190000000002,BRA,SWE,6908
1979743,41,208,1417,2002,0.0,8234.0,2.218095,0.620946,CHE,SWE,6908
1979744,43,208,1417,2002,14511.0,4744.0,0.576746,2.7995520000000003,CHN,SWE,6908
1979745,59,208,1417,2002,1417078.0,0.0,1.550713,1.037066,CZE,SWE,6908
1979746,61,208,1417,2002,2238891.0,13894.0,2.297691,-2.183239,DEU,SWE,6908
1979747,64,208,1417,2002,605417.0,240075.0,1.26594,1.225186,DNK,SWE,6908
1979748,71,208,1417,2002,10997478.0,14477.0,1.012246,2.049594,ESP,SWE,6908
1979749,72,208,1417,2002,2460.0,7859.0,0.54511,0.9135979999999999,EST,SWE,6908
1979750,73,208,1417,2002,0.0,5051.0,-1.096371,-0.9566709999999999,ETH,SWE,6908
1979751,74,208,1417,2002,2437458.0,377379.0,2.0234240000000003,0.979141,FIN,SWE,6908
1979752,77,208,1417,2002,610661.0,98152.0,1.569367,0.9886360000000001,FRA,SWE,6908
1979753,81,208,1417,2002,367840.0,3642.0,1.893177,0.831382,GBR,SWE,6908
1979754,87,208,1417,2002,0.0,1265.0,0.075971,-0.068413,GMB,SWE,6908
1979755,90,208,1417,2002,98448.0,0.0,0.31858000000000003,1.47417,GRC,SWE,6908
1979756,97,208,1417,2002,0.0,4295.0,0.5701109999999999,1.989357,HKG,SWE,6908
1979757,100,208,1417,2002,3996.0,1302.0,0.591276,1.030723,HRV,SWE,6908
1979758,102,208,1417,2002,177452.0,6888.0,1.179684,1.0574860000000001,HUN,SWE,6908
1979759,106,208,1417,2002,91230.0,3046.0,1.7232880000000002,0.091172,IRL,SWE,6908
1979760,107,208,1417,2002,46087.0,0.0,-0.5707840000000001,-0.705612,IRN,SWE,6908
1979761,110,208,1417,2002,36621.0,0.0,1.334174,0.654331,ISR,SWE,6908
1979762,111,208,1417,2002,25087460.0,57245.0,1.377604,1.2470510000000001,ITA,SWE,6908
1979763,113,208,1417,2002,0.0,2093.0,0.24197600000000002,0.196635,JOR,SWE,6908
1979764,114,208,1417,2002,20394.0,7993.0,2.556057,0.497673,JPN,SWE,6908
1979765,121,208,1417,2002,1433.0,0.0,1.186816,1.075947,KOR,SWE,6908
1979766,130,208,1417,2002,7510.0,0.0,0.23102399999999998,0.586078,LTU,SWE,6908
1979767,132,208,1417,2002,0.0,2825.0,0.45210200000000006,0.515388,LVA,SWE,6908
1979768,153,208,1417,2002,33597.0,0.0,0.704957,0.243398,MYS,SWE,6908
1979769,159,208,1417,2002,0.0,259803.0,-1.8315700000000001,-1.25171,NGA,SWE,6908
1979770,162,208,1417,2002,100580.0,5520.0,1.206176,1.7136360000000002,NLD,SWE,6908
1979771,163,208,1417,2002,148425.0,2099213.0,1.110882,0.17164100000000002,NOR,SWE,6908
1979772,168,208,1417,2002,1470.0,0.0,-0.877655,-0.322094,PAK,SWE,6908
1979773,177,208,1417,2002,68714.0,7892.0,0.931642,1.721727,POL,SWE,6908
1979774,179,208,1417,2002,1859470.0,219874.0,0.484407,1.6500080000000001,PRT,SWE,6908
1979775,181,208,1417,2002,0.0,8237.0,0.394636,-0.286194,PSE,SWE,6908
1979776,185,208,1417,2002,6269.0,0.0,0.29888200000000004,0.980376,ROU,SWE,6908
1979777,188,208,1417,2002,0.0,8884.0,0.082107,-0.843317,SAU,SWE,6908
1979778,189,208,1417,2002,0.0,12947.0,0.55781,2.135925,SCG,SWE,6908
1979779,190,208,1417,2002,0.0,3260.0,-1.499925,-1.228374,SDN,SWE,6908
1979780,191,208,1417,2002,0.0,1606.0,-0.43679700000000005,-0.484176,SEN,SWE,6908
1979781,206,208,1417,2002,104567.0,0.0,1.1907379999999999,1.050649,SVK,SWE,6908
1979782,207,208,1417,2002,29382.0,1271.0,1.5643770000000001,1.043862,SVN,SWE,6908
1979783,215,208,1417,2002,0.0,1923.0,-0.6810039999999999,-0.6286930000000001,TGO,SWE,6908
1979784,216,208,1417,2002,80010.0,38117.0,0.432041,1.627953,THA,SWE,6908
1979785,223,208,1417,2002,1124.0,0.0,-0.221951,0.325506,TUN,SWE,6908
1979786,224,208,1417,2002,3231574.0,0.0,0.11263699999999999,1.83925,TUR,SWE,6908
1979787,225,208,1417,2002,944316.0,0.0,-0.141984,-0.15720399999999998,TUV,SWE,6908
1979788,227,208,1417,2002,0.0,2609.0,-1.038337,-0.896425,UGA,SWE,6908
1979789,231,208,1417,2002,1104.0,17115.0,1.821594,0.231296,USA,SWE,6908
1979790,239,208,1417,2002,961.0,0.0,-0.589665,0.799874,VNM,SWE,6908
1979791,1,216,1417,2002,0.0,14982.0,-0.262812,-0.503955,AFG,THA,6908
1979792,7,216,1417,2002,0.0,135227.0,0.044683,-0.247191,ARE,THA,6908
1979793,14,216,1417,2002,936.0,7678973.0,0.231386,0.771628,AUS,THA,6908
1979794,15,216,1417,2002,0.0,9815.0,1.8651200000000001,0.48423900000000003,AUT,THA,6908
1979795,18,216,1417,2002,0.0,190199.0,1.4097469999999999,1.440169,BEL,THA,6908
1979796,19,216,1417,2002,0.0,48746.0,-0.724829,-0.705625,BEN,THA,6908
1979797,22,216,1417,2002,0.0,53672.0,-1.134933,-1.061633,BGD,THA,6908
1979798,23,216,1417,2002,4529.0,0.0,0.37451100000000004,1.573517,BGR,THA,6908
1979799,24,216,1417,2002,0.0,23735.0,-0.146585,-1.006558,BHR,THA,6908
1979800,29,216,1417,2002,0.0,8764.0,-0.246977,-0.731156,BLZ,THA,6908
1979801,34,216,1417,2002,0.0,1155034.0,-1.7894169999999998,-1.034672,BRN,THA,6908
1979802,39,216,1417,2002,0.0,856737.0,0.9963280000000001,1.1922110000000001,CAN,THA,6908
1979803,41,216,1417,2002,0.0,20803.0,2.218095,0.620946,CHE,THA,6908
1979804,43,216,1417,2002,2029007.0,95673.0,0.576746,2.7995520000000003,CHN,THA,6908
1979805,47,216,1417,2002,0.0,12035.0,-1.62227,-1.202067,COG,THA,6908
1979806,48,216,1417,2002,0.0,39635.0,0.22351300000000002,-0.5197729999999999,COK,THA,6908
1979807,50,216,1417,2002,0.0,4363.0,-0.95335,-0.916942,COM,THA,6908
1979808,58,216,1417,2002,0.0,7248.0,0.381391,0.40265,CYP,THA,6908
1979809,59,216,1417,2002,0.0,135187.0,1.550713,1.037066,CZE,THA,6908
1979810,61,216,1417,2002,21439.0,1547882.0,2.297691,-2.183239,DEU,THA,6908
1979811,64,216,1417,2002,0.0,42997.0,1.26594,1.225186,DNK,THA,6908
1979812,71,216,1417,2002,2618077.0,11695.0,1.012246,2.049594,ESP,THA,6908
1979813,74,216,1417,2002,0.0,111879.0,2.0234240000000003,0.979141,FIN,THA,6908
1979814,75,216,1417,2002,0.0,16381.0,-0.588136,-0.242883,FJI,THA,6908
1979815,77,216,1417,2002,214166.0,173959.0,1.569367,0.9886360000000001,FRA,THA,6908
1979816,79,216,1417,2002,0.0,31229.0,-1.511888,-1.054948,FSM,THA,6908
1979817,81,216,1417,2002,5254.0,3303257.0,1.893177,0.831382,GBR,THA,6908
1979818,83,216,1417,2002,0.0,70240.0,-1.333425,-1.0709879999999998,GHA,THA,6908
1979819,90,216,1417,2002,0.0,26860.0,0.31858000000000003,1.47417,GRC,THA,6908
1979820,95,216,1417,2002,0.0,16966.0,-0.516203,-0.803461,GUM,THA,6908
1979821,97,216,1417,2002,112981.0,182780.0,0.5701109999999999,1.989357,HKG,THA,6908
1979822,103,216,1417,2002,1400491.0,394375.0,-0.10020499999999999,1.590314,IDN,THA,6908
1979823,104,216,1417,2002,15748.0,101075.0,0.380867,2.608955,IND,THA,6908
1979824,106,216,1417,2002,0.0,305079.0,1.7232880000000002,0.091172,IRL,THA,6908
1979825,111,216,1417,2002,1471542.0,139812.0,1.377604,1.2470510000000001,ITA,THA,6908
1979826,114,216,1417,2002,8157.0,616263.0,2.556057,0.497673,JPN,THA,6908
1979827,116,216,1417,2002,0.0,69968.0,-0.555812,0.169204,KEN,THA,6908
1979828,118,216,1417,2002,0.0,4568686.0,-1.231783,-1.1518700000000002,KHM,THA,6908
1979829,121,216,1417,2002,2372.0,3451631.0,1.186816,1.075947,KOR,THA,6908
1979830,122,216,1417,2002,0.0,137035.0,-0.6629550000000001,-1.157214,KWT,THA,6908
1979831,123,216,1417,2002,0.0,5969055.0,-1.255183,-1.163232,LAO,THA,6908
1979832,128,216,1417,2002,0.0,840599.0,-0.740927,0.023171,LKA,THA,6908
1979833,133,216,1417,2002,0.0,15882.0,-0.360172,-0.359367,MAC,THA,6908
1979834,137,216,1417,2002,0.0,122244.0,-1.3007440000000001,-1.0420120000000002,MDV,THA,6908
1979835,141,216,1417,2002,0.0,6317.0,-0.8948520000000001,-0.863375,MLI,THA,6908
1979836,143,216,1417,2002,0.0,3910514.0,-1.571568,-1.131512,MMR,THA,6908
1979837,147,216,1417,2002,0.0,89915.0,-0.947259,-1.047883,MOZ,THA,6908
1979838,151,216,1417,2002,0.0,1002651.0,-0.37937600000000005,-0.388848,MUS,THA,6908
1979839,153,216,1417,2002,1670615.0,1702145.0,0.704957,0.243398,MYS,THA,6908
1979840,154,216,1417,2002,0.0,970.0,0.34587399999999996,-0.537626,MYT,THA,6908
1979841,157,216,1417,2002,0.0,977.0,-0.344562,-0.304996,NER,THA,6908
1979842,159,216,1417,2002,0.0,11602.0,-1.8315700000000001,-1.25171,NGA,THA,6908
1979843,162,216,1417,2002,0.0,149394.0,1.206176,1.7136360000000002,NLD,THA,6908
1979844,163,216,1417,2002,0.0,2820.0,1.110882,0.17164100000000002,NOR,THA,6908
1979845,164,216,1417,2002,0.0,26471.0,-0.216428,0.44377700000000003,NPL,THA,6908
1979846,166,216,1417,2002,0.0,217214.0,0.542585,0.854243,NZL,THA,6908
1979847,167,216,1417,2002,0.0,6889.0,-1.238769,-1.225841,OMN,THA,6908
1979848,168,216,1417,2002,0.0,200512.0,-0.877655,-0.322094,PAK,THA,6908
1979849,169,216,1417,2002,0.0,21001.0,0.134759,0.234258,PAN,THA,6908
1979850,174,216,1417,2002,0.0,1808456.0,0.055439999999999996,-0.179809,PHL,THA,6908
1979851,175,216,1417,2002,0.0,8283.0,-1.4882389999999999,-0.995626,PLW,THA,6908
1979852,178,216,1417,2002,0.0,1635679.0,0.43756999999999996,0.744264,PRK,THA,6908
1979853,182,216,1417,2002,0.0,11726.0,0.042936,-0.7421840000000001,PYF,THA,6908
1979854,183,216,1417,2002,0.0,831.0,-0.306052,-1.098296,QAT,THA,6908
1979855,186,216,1417,2002,0.0,8422.0,1.109397,0.424229,RUS,THA,6908
1979856,188,216,1417,2002,0.0,57229.0,0.082107,-0.843317,SAU,THA,6908
1979857,190,216,1417,2002,0.0,21185.0,-1.499925,-1.228374,SDN,THA,6908
1979858,192,216,1417,2002,47723.0,1591684.0,1.481857,0.648889,SGP,THA,6908
1979859,208,216,1417,2002,38117.0,80010.0,2.128614,0.7891199999999999,SWE,THA,6908
1979860,222,216,1417,2002,0.0,944.0,0.074907,-0.8203879999999999,TTO,THA,6908
1979861,224,216,1417,2002,9787.0,0.0,0.11263699999999999,1.83925,TUR,THA,6908
1979862,226,216,1417,2002,0.0,32455.0,-1.189463,-0.48640600000000006,TZA,THA,6908
1979863,227,216,1417,2002,0.0,2112.0,-1.038337,-0.896425,UGA,THA,6908
1979864,231,216,1417,2002,123050.0,22209735.0,1.821594,0.231296,USA,THA,6908
1979865,236,216,1417,2002,0.0,8766.0,0.211536,-0.715675,VEN,THA,6908
1979866,246,216,1417,2002,0.0,289117.0,0.395943,2.392458,ZAF,THA,6908
1979867,247,216,1417,2002,0.0,1698.0,-0.654686,-0.545346,ZMB,THA,6908
1979868,249,216,1417,2002,51139.0,504708.0,1.683858,1.333601,TWN,THA,6908
1979869,250,216,1417,2002,0.0,21633.0,0.734927,-0.40114099999999997,ANS,THA,6908
1979870,6,222,1417,2002,0.0,3551.0,0.346519,-0.631549,ANT,TTO,6908
1979871,8,222,1417,2002,61219.0,0.0,0.284536,0.517425,ARG,TTO,6908
1979872,32,222,1417,2002,3390408.0,0.0,0.677883,1.0227190000000002,BRA,TTO,6908
1979873,33,222,1417,2002,0.0,246149.0,0.762217,0.004367,BRB,TTO,6908
1979874,43,222,1417,2002,4918.0,0.0,0.576746,2.7995520000000003,CHN,TTO,6908
1979875,49,222,1417,2002,209272.0,0.0,0.345094,0.37787800000000005,COL,TTO,6908
1979876,61,222,1417,2002,669.0,0.0,2.297691,-2.183239,DEU,TTO,6908
1979877,63,222,1417,2002,0.0,8963.0,0.196298,-0.129221,DMA,TTO,6908
1979878,68,222,1417,2002,73054.0,0.0,-0.377127,0.549439,EGY,TTO,6908
1979879,71,222,1417,2002,937481.0,0.0,1.012246,2.049594,ESP,TTO,6908
1979880,77,222,1417,2002,0.0,49642.0,1.569367,0.9886360000000001,FRA,TTO,6908
1979881,81,222,1417,2002,4044.0,0.0,1.893177,0.831382,GBR,TTO,6908
1979882,91,222,1417,2002,97.0,72807.0,0.552833,-0.283761,GRD,TTO,6908
1979883,96,222,1417,2002,1308.0,17039.0,-0.9485889999999999,-0.9086489999999999,GUY,TTO,6908
1979884,103,222,1417,2002,33427.0,0.0,-0.10020499999999999,1.590314,IDN,TTO,6908
1979885,111,222,1417,2002,587887.0,0.0,1.377604,1.2470510000000001,ITA,TTO,6908
1979886,112,222,1417,2002,0.0,2385.0,-0.604813,-0.9309860000000001,JAM,TTO,6908
1979887,114,222,1417,2002,2569.0,0.0,2.556057,0.497673,JPN,TTO,6908
1979888,120,222,1417,2002,0.0,5034.0,0.911442,-0.26164899999999996,KNA,TTO,6908
1979889,127,222,1417,2002,0.0,9779.0,0.14441700000000002,-0.38146599999999997,LCA,TTO,6908
1979890,138,222,1417,2002,177309.0,0.0,0.942061,0.6311260000000001,MEX,TTO,6908
1979891,153,222,1417,2002,25827.0,0.0,0.704957,0.243398,MYS,TTO,6908
1979892,216,222,1417,2002,944.0,0.0,0.432041,1.627953,THA,TTO,6908
1979893,224,222,1417,2002,8759.0,0.0,0.11263699999999999,1.83925,TUR,TTO,6908
1979894,230,222,1417,2002,3795.0,0.0,0.300502,0.16817000000000001,URY,TTO,6908
1979895,231,222,1417,2002,87012.0,202451.0,1.821594,0.231296,USA,TTO,6908
1979896,234,222,1417,2002,0.0,73183.0,-0.340281,-0.661246,VCT,TTO,6908
1979897,236,222,1417,2002,100572.0,0.0,0.211536,-0.715675,VEN,TTO,6908
1979898,1,224,1417,2002,0.0,8994.0,-0.262812,-0.503955,AFG,TUR,6908
1979899,2,224,1417,2002,0.0,13948.0,-2.018135,-1.222751,AGO,TUR,6908
1979900,4,224,1417,2002,0.0,122780.0,-0.127828,-0.126857,ALB,TUR,6908
1979901,7,224,1417,2002,0.0,403931.0,0.044683,-0.247191,ARE,TUR,6908
1979902,9,224,1417,2002,0.0,1405827.0,0.710274,-0.11309000000000001,ARM,TUR,6908
1979903,14,224,1417,2002,0.0,3766796.0,0.231386,0.771628,AUS,TUR,6908
1979904,15,224,1417,2002,941.0,957185.0,1.8651200000000001,0.48423900000000003,AUT,TUR,6908
1979905,16,224,1417,2002,0.0,5456536.0,-0.41282299999999994,-0.967931,AZE,TUR,6908
1979906,18,224,1417,2002,0.0,6132790.0,1.4097469999999999,1.440169,BEL,TUR,6908
1979907,21,224,1417,2002,0.0,5652.0,-0.477813,-0.647148,BFA,TUR,6908
1979908,23,224,1417,2002,0.0,755380.0,0.37451100000000004,1.573517,BGR,TUR,6908
1979909,24,224,1417,2002,0.0,110070.0,-0.146585,-1.006558,BHR,TUR,6908
1979910,25,224,1417,2002,0.0,25391.0,0.641626,-0.37892800000000004,BHS,TUR,6908
1979911,26,224,1417,2002,0.0,3192.0,0.26339,0.30287,BIH,TUR,6908
1979912,28,224,1417,2002,0.0,39852.0,0.825865,1.0148979999999999,BLR,TUR,6908
1979913,30,224,1417,2002,0.0,19530.0,1.129,-0.476633,BMU,TUR,6908
1979914,32,224,1417,2002,0.0,13755.0,0.677883,1.0227190000000002,BRA,TUR,6908
1979915,39,224,1417,2002,4371.0,18975358.0,0.9963280000000001,1.1922110000000001,CAN,TUR,6908
1979916,41,224,1417,2002,0.0,134266.0,2.218095,0.620946,CHE,TUR,6908
1979917,43,224,1417,2002,202034.0,20782.0,0.576746,2.7995520000000003,CHN,TUR,6908
1979918,57,224,1417,2002,0.0,12983.0,0.7098220000000001,-0.633359,CYM,TUR,6908
1979919,58,224,1417,2002,0.0,1752515.0,0.381391,0.40265,CYP,TUR,6908
1979920,59,224,1417,2002,0.0,7989.0,1.550713,1.037066,CZE,TUR,6908
1979921,61,224,1417,2002,191480.0,31779307.0,2.297691,-2.183239,DEU,TUR,6908
1979922,64,224,1417,2002,3656.0,1993874.0,1.26594,1.225186,DNK,TUR,6908
1979923,66,224,1417,2002,0.0,17480.0,-0.912033,-1.1731850000000001,DZA,TUR,6908
1979924,68,224,1417,2002,0.0,16239.0,-0.377127,0.549439,EGY,TUR,6908
1979925,71,224,1417,2002,3635461.0,177933.0,1.012246,2.049594,ESP,TUR,6908
1979926,72,224,1417,2002,0.0,138840.0,0.54511,0.9135979999999999,EST,TUR,6908
1979927,73,224,1417,2002,0.0,18404.0,-1.096371,-0.9566709999999999,ETH,TUR,6908
1979928,74,224,1417,2002,0.0,4054704.0,2.0234240000000003,0.979141,FIN,TUR,6908
1979929,77,224,1417,2002,46801.0,15953190.0,1.569367,0.9886360000000001,FRA,TUR,6908
1979930,78,224,1417,2002,0.0,1210.0,-0.410455,-0.821335,FRO,TUR,6908
1979931,80,224,1417,2002,0.0,33342.0,-0.830094,-1.149233,GAB,TUR,6908
1979932,81,224,1417,2002,1025.0,25565534.0,1.893177,0.831382,GBR,TUR,6908
1979933,82,224,1417,2002,11507.0,2683041.0,0.662382,-0.124825,GEO,TUR,6908
1979934,83,224,1417,2002,0.0,2618.0,-1.333425,-1.0709879999999998,GHA,TUR,6908
1979935,85,224,1417,2002,0.0,24864.0,-1.85329,-1.243105,GIN,TUR,6908
1979936,90,224,1417,2002,55021.0,8739979.0,0.31858000000000003,1.47417,GRC,TUR,6908
1979937,93,224,1417,2002,0.0,1810.0,-0.548834,-0.034464999999999996,GTM,TUR,6908
1979938,96,224,1417,2002,0.0,2763.0,-0.9485889999999999,-0.9086489999999999,GUY,TUR,6908
1979939,97,224,1417,2002,0.0,44148.0,0.5701109999999999,1.989357,HKG,TUR,6908
1979940,100,224,1417,2002,0.0,53963.0,0.591276,1.030723,HRV,TUR,6908
1979941,102,224,1417,2002,0.0,1594087.0,1.179684,1.0574860000000001,HUN,TUR,6908
1979942,103,224,1417,2002,3761.0,0.0,-0.10020499999999999,1.590314,IDN,TUR,6908
1979943,104,224,1417,2002,0.0,19250.0,0.380867,2.608955,IND,TUR,6908
1979944,106,224,1417,2002,2551049.0,1870436.0,1.7232880000000002,0.091172,IRL,TUR,6908
1979945,107,224,1417,2002,1918.0,386763.0,-0.5707840000000001,-0.705612,IRN,TUR,6908
1979946,109,224,1417,2002,0.0,16478.0,0.23601999999999998,-0.34781,ISL,TUR,6908
1979947,110,224,1417,2002,32443.0,20263556.0,1.334174,0.654331,ISR,TUR,6908
1979948,111,224,1417,2002,1835756.0,3513255.0,1.377604,1.2470510000000001,ITA,TUR,6908
1979949,112,224,1417,2002,0.0,28457.0,-0.604813,-0.9309860000000001,JAM,TUR,6908
1979950,113,224,1417,2002,0.0,100602.0,0.24197600000000002,0.196635,JOR,TUR,6908
1979951,114,224,1417,2002,23044.0,107307.0,2.556057,0.497673,JPN,TUR,6908
1979952,115,224,1417,2002,0.0,823076.0,-0.065332,-0.616159,KAZ,TUR,6908
1979953,117,224,1417,2002,0.0,37299.0,0.081807,0.16872,KGZ,TUR,6908
1979954,120,224,1417,2002,0.0,100922.0,0.911442,-0.26164899999999996,KNA,TUR,6908
1979955,121,224,1417,2002,0.0,26126.0,1.186816,1.075947,KOR,TUR,6908
1979956,122,224,1417,2002,0.0,12647.0,-0.6629550000000001,-1.157214,KWT,TUR,6908
1979957,124,224,1417,2002,0.0,171301.0,0.2729,1.254232,LBN,TUR,6908
1979958,126,224,1417,2002,0.0,631279.0,-0.568615,-1.172261,LBY,TUR,6908
1979959,130,224,1417,2002,0.0,14419.0,0.23102399999999998,0.586078,LTU,TUR,6908
1979960,131,224,1417,2002,0.0,2954.0,1.605378,1.152973,LUX,TUR,6908
1979961,132,224,1417,2002,0.0,4650.0,0.45210200000000006,0.515388,LVA,TUR,6908
1979962,134,224,1417,2002,0.0,26249.0,-0.810467,-0.34807899999999997,MAR,TUR,6908
1979963,135,224,1417,2002,0.0,248573.0,-0.186001,-0.141598,MDA,TUR,6908
1979964,138,224,1417,2002,0.0,15922.0,0.942061,0.6311260000000001,MEX,TUR,6908
1979965,140,224,1417,2002,0.0,88749.0,-0.030274000000000002,0.359317,MKD,TUR,6908
1979966,141,224,1417,2002,0.0,9225.0,-0.8948520000000001,-0.863375,MLI,TUR,6908
1979967,142,224,1417,2002,0.0,68561.0,1.12245,0.019001,MLT,TUR,6908
1979968,153,224,1417,2002,16056.0,913.0,0.704957,0.243398,MYS,TUR,6908
1979969,159,224,1417,2002,0.0,23020.0,-1.8315700000000001,-1.25171,NGA,TUR,6908
1979970,162,224,1417,2002,43179.0,5655635.0,1.206176,1.7136360000000002,NLD,TUR,6908
1979971,163,224,1417,2002,0.0,1149134.0,1.110882,0.17164100000000002,NOR,TUR,6908
1979972,166,224,1417,2002,0.0,163461.0,0.542585,0.854243,NZL,TUR,6908
1979973,167,224,1417,2002,0.0,45469.0,-1.238769,-1.225841,OMN,TUR,6908
1979974,168,224,1417,2002,0.0,420028.0,-0.877655,-0.322094,PAK,TUR,6908
1979975,169,224,1417,2002,0.0,2339.0,0.134759,0.234258,PAN,TUR,6908
1979976,174,224,1417,2002,0.0,7856.0,0.055439999999999996,-0.179809,PHL,TUR,6908
1979977,177,224,1417,2002,0.0,2317249.0,0.931642,1.721727,POL,TUR,6908
1979978,178,224,1417,2002,0.0,1489.0,0.43756999999999996,0.744264,PRK,TUR,6908
1979979,179,224,1417,2002,82615.0,340079.0,0.484407,1.6500080000000001,PRT,TUR,6908
1979980,183,224,1417,2002,0.0,27701.0,-0.306052,-1.098296,QAT,TUR,6908
1979981,185,224,1417,2002,0.0,303758.0,0.29888200000000004,0.980376,ROU,TUR,6908
1979982,186,224,1417,2002,0.0,5120891.0,1.109397,0.424229,RUS,TUR,6908
1979983,188,224,1417,2002,0.0,14188281.0,0.082107,-0.843317,SAU,TUR,6908
1979984,189,224,1417,2002,0.0,64104.0,0.55781,2.135925,SCG,TUR,6908
1979985,190,224,1417,2002,0.0,20634.0,-1.499925,-1.228374,SDN,TUR,6908
1979986,191,224,1417,2002,0.0,1771.0,-0.43679700000000005,-0.484176,SEN,TUR,6908
1979987,192,224,1417,2002,0.0,109780.0,1.481857,0.648889,SGP,TUR,6908
1979988,206,224,1417,2002,0.0,2848.0,1.1907379999999999,1.050649,SVK,TUR,6908
1979989,207,224,1417,2002,0.0,6006.0,1.5643770000000001,1.043862,SVN,TUR,6908
1979990,208,224,1417,2002,0.0,3231574.0,2.128614,0.7891199999999999,SWE,TUR,6908
1979991,216,224,1417,2002,0.0,9787.0,0.432041,1.627953,THA,TUR,6908
1979992,217,224,1417,2002,0.0,86012.0,-0.798754,-1.025902,TJK,TUR,6908
1979993,219,224,1417,2002,0.0,481157.0,-1.035248,-1.191624,TKM,TUR,6908
1979994,222,224,1417,2002,0.0,8759.0,0.074907,-0.8203879999999999,TTO,TUR,6908
1979995,223,224,1417,2002,0.0,1627.0,-0.221951,0.325506,TUN,TUR,6908
1979996,226,224,1417,2002,0.0,1573.0,-1.189463,-0.48640600000000006,TZA,TUR,6908
1979997,228,224,1417,2002,0.0,4552022.0,0.835485,0.872135,UKR,TUR,6908
1979998,231,224,1417,2002,0.0,29783141.0,1.821594,0.231296,USA,TUR,6908
