879999,59,41,1556,2001,0.0,1129.0,1.485703,1.109305,CZE,CHE,7613
880000,61,41,1556,2001,207299.0,69997.0,2.321375,-2.1110990000000003,DEU,CHE,7613
880001,64,41,1556,2001,0.0,3088.0,1.261883,1.351875,DNK,CHE,7613
880002,74,41,1556,2001,0.0,4575.0,2.069141,0.9375180000000001,FIN,CHE,7613
880003,77,41,1556,2001,464734.0,68782.0,1.653507,0.797582,FRA,CHE,7613
880004,81,41,1556,2001,114350.0,11651.0,1.976894,0.685435,GBR,CHE,7613
880005,90,41,1556,2001,2175.0,373101.0,0.31387600000000004,1.3614600000000001,GRC,CHE,7613
880006,102,41,1556,2001,38034.0,0.0,1.102262,1.138016,HUN,CHE,7613
880007,107,41,1556,2001,0.0,528834.0,-0.7732479999999999,-0.8979370000000001,IRN,CHE,7613
880008,111,41,1556,2001,31753.0,9306.0,1.389926,1.282143,ITA,CHE,7613
880009,114,41,1556,2001,0.0,7902.0,2.585857,0.522663,JPN,CHE,7613
880010,137,41,1556,2001,0.0,11981.0,-0.980734,-0.9785659999999999,MDV,CHE,7613
880011,162,41,1556,2001,15006.0,4376.0,1.315685,1.590935,NLD,CHE,7613
880012,166,41,1556,2001,5446.0,1203.0,0.521409,0.683134,NZL,CHE,7613
880013,174,41,1556,2001,0.0,889.0,-0.028201,-0.112349,PHL,CHE,7613
880014,177,41,1556,2001,0.0,69806.0,0.9474540000000001,1.8408220000000002,POL,CHE,7613
880015,206,41,1556,2001,0.0,4806.0,1.1732770000000001,1.088576,SVK,CHE,7613
880016,207,41,1556,2001,10503.0,2075.0,1.5074370000000001,1.1370040000000001,SVN,CHE,7613
880017,208,41,1556,2001,1207.0,2594.0,2.156845,0.784439,SWE,CHE,7613
880018,224,41,1556,2001,0.0,4492.0,0.188773,1.91451,TUR,CHE,7613
880019,231,41,1556,2001,56388.0,49571.0,1.873674,0.168468,USA,CHE,7613
880020,236,41,1556,2001,0.0,3414.0,0.261158,-0.7397,VEN,CHE,7613
880021,8,42,1556,2001,2785.0,0.0,0.287698,0.547137,ARG,CHL,7613
880022,61,42,1556,2001,3724.0,0.0,2.321375,-2.1110990000000003,DEU,CHL,7613
880023,77,42,1556,2001,28021.0,0.0,1.653507,0.797582,FRA,CHL,7613
880024,81,42,1556,2001,1943.0,0.0,1.976894,0.685435,GBR,CHL,7613
880025,111,42,1556,2001,1380.0,0.0,1.389926,1.282143,ITA,CHL,7613
880026,173,42,1556,2001,0.0,2336.0,-0.345519,0.202623,PER,CHL,7613
880027,231,42,1556,2001,99658.0,0.0,1.873674,0.168468,USA,CHL,7613
880028,249,42,1556,2001,0.0,13913.0,1.5731700000000002,1.353159,TWN,CHL,7613
880029,14,43,1556,2001,83957.0,0.0,0.29463,0.772375,AUS,CHN,7613
880030,41,43,1556,2001,0.0,74070.0,2.227246,0.553956,CHE,CHN,7613
880031,61,43,1556,2001,952.0,222318.0,2.321375,-2.1110990000000003,DEU,CHN,7613
880032,64,43,1556,2001,0.0,2516.0,1.261883,1.351875,DNK,CHN,7613
880033,68,43,1556,2001,0.0,72156.0,-0.373576,0.366385,EGY,CHN,7613
880034,71,43,1556,2001,2508.0,0.0,1.079664,1.9842220000000002,ESP,CHN,7613
880035,74,43,1556,2001,0.0,1161.0,2.069141,0.9375180000000001,FIN,CHN,7613
880036,77,43,1556,2001,9095.0,0.0,1.653507,0.797582,FRA,CHN,7613
880037,81,43,1556,2001,2414.0,9276.0,1.976894,0.685435,GBR,CHN,7613
880038,97,43,1556,2001,16854.0,32346.0,0.521528,2.3025,HKG,CHN,7613
880039,104,43,1556,2001,0.0,152175.0,0.349744,2.665844,IND,CHN,7613
880040,111,43,1556,2001,2195.0,0.0,1.389926,1.282143,ITA,CHN,7613
880041,114,43,1556,2001,12579.0,122190.0,2.585857,0.522663,JPN,CHN,7613
880042,121,43,1556,2001,31185.0,11609.0,1.145797,1.0762399999999999,KOR,CHN,7613
880043,138,43,1556,2001,0.0,7659.0,0.797058,0.713234,MEX,CHN,7613
880044,153,43,1556,2001,1154.0,0.0,0.768174,0.307033,MYS,CHN,7613
880045,162,43,1556,2001,0.0,294717.0,1.315685,1.590935,NLD,CHN,7613
880046,174,43,1556,2001,0.0,174950.0,-0.028201,-0.112349,PHL,CHN,7613
880047,178,43,1556,2001,0.0,4965.0,0.62773,1.010888,PRK,CHN,7613
880048,183,43,1556,2001,0.0,3908.0,-0.46564799999999995,-1.127634,QAT,CHN,7613
880049,192,43,1556,2001,3491.0,10492.0,1.364239,0.721074,SGP,CHN,7613
880050,216,43,1556,2001,56334.0,0.0,0.37555900000000003,1.498267,THA,CHN,7613
880051,226,43,1556,2001,0.0,1102.0,-1.193991,-0.49282200000000004,TZA,CHN,7613
880052,231,43,1556,2001,704394.0,998.0,1.873674,0.168468,USA,CHN,7613
880053,249,43,1556,2001,95799.0,22852.0,1.5731700000000002,1.353159,TWN,CHN,7613
880054,8,49,1556,2001,3772.0,0.0,0.287698,0.547137,ARG,COL,7613
880055,14,49,1556,2001,7436.0,0.0,0.29463,0.772375,AUS,COL,7613
880056,39,49,1556,2001,10521.0,0.0,0.971827,1.105171,CAN,COL,7613
880057,81,49,1556,2001,14145.0,0.0,1.976894,0.685435,GBR,COL,7613
880058,111,49,1556,2001,5280.0,0.0,1.389926,1.282143,ITA,COL,7613
880059,231,49,1556,2001,56355.0,0.0,1.873674,0.168468,USA,COL,7613
880060,138,52,1556,2001,3559.0,0.0,0.797058,0.713234,MEX,CRI,7613
880061,231,52,1556,2001,39869.0,0.0,1.873674,0.168468,USA,CRI,7613
880062,39,54,1556,2001,3093.0,0.0,0.971827,1.105171,CAN,CUB,7613
880063,61,54,1556,2001,0.0,6079.0,2.321375,-2.1110990000000003,DEU,CUB,7613
880064,71,54,1556,2001,7931.0,0.0,1.079664,1.9842220000000002,ESP,CUB,7613
880065,177,54,1556,2001,5117.0,0.0,0.9474540000000001,1.8408220000000002,POL,CUB,7613
880066,250,54,1556,2001,5669.0,0.0,1.096023,-0.33562600000000004,ANS,CUB,7613
880067,15,59,1556,2001,122661.0,18648.0,1.8571650000000002,0.603191,AUT,CZE,7613
880068,41,59,1556,2001,1129.0,0.0,2.227246,0.553956,CHE,CZE,7613
880069,61,59,1556,2001,33269.0,4834.0,2.321375,-2.1110990000000003,DEU,CZE,7613
880070,74,59,1556,2001,1372.0,0.0,2.069141,0.9375180000000001,FIN,CZE,7613
880071,77,59,1556,2001,18229.0,0.0,1.653507,0.797582,FRA,CZE,7613
880072,81,59,1556,2001,48425.0,13693.0,1.976894,0.685435,GBR,CZE,7613
880073,102,59,1556,2001,21778.0,905.0,1.102262,1.138016,HUN,CZE,7613
880074,106,59,1556,2001,0.0,56704.0,1.664233,0.129983,IRL,CZE,7613
880075,111,59,1556,2001,2815.0,0.0,1.389926,1.282143,ITA,CZE,7613
880076,177,59,1556,2001,0.0,7780.0,0.9474540000000001,1.8408220000000002,POL,CZE,7613
880077,185,59,1556,2001,690.0,1480.0,0.326733,1.005332,ROU,CZE,7613
880078,206,59,1556,2001,0.0,48832.0,1.1732770000000001,1.088576,SVK,CZE,7613
880079,231,59,1556,2001,270606.0,18381.0,1.873674,0.168468,USA,CZE,7613
880080,4,61,1556,2001,0.0,859.0,-0.054125,0.104298,ALB,DEU,7613
880081,5,61,1556,2001,0.0,5410.0,1.049415,0.860241,AND,DEU,7613
880082,7,61,1556,2001,0.0,164999.0,-0.193984,-0.457124,ARE,DEU,7613
880083,8,61,1556,2001,0.0,3446.0,0.287698,0.547137,ARG,DEU,7613
880084,14,61,1556,2001,1926.0,5432.0,0.29463,0.772375,AUS,DEU,7613
880085,15,61,1556,2001,974431.0,301098.0,1.8571650000000002,0.603191,AUT,DEU,7613
880086,18,61,1556,2001,54459.0,100675.0,1.4328370000000001,1.408495,BEL,DEU,7613
880087,22,61,1556,2001,0.0,785.0,-1.0406739999999999,-1.010108,BGD,DEU,7613
880088,23,61,1556,2001,0.0,2903.0,0.41425100000000004,1.639866,BGR,DEU,7613
880089,39,61,1556,2001,110596.0,14267.0,0.971827,1.105171,CAN,DEU,7613
880090,41,61,1556,2001,69997.0,207299.0,2.227246,0.553956,CHE,DEU,7613
880091,42,61,1556,2001,0.0,3724.0,-0.004658,-0.002548,CHL,DEU,7613
880092,43,61,1556,2001,222318.0,952.0,0.525171,3.092963,CHN,DEU,7613
880093,44,61,1556,2001,0.0,885.0,-0.715949,-0.524428,CIV,DEU,7613
880094,54,61,1556,2001,6079.0,0.0,-0.443391,-0.9599030000000001,CUB,DEU,7613
880095,58,61,1556,2001,0.0,2825.0,0.381251,0.257802,CYP,DEU,7613
880096,59,61,1556,2001,4834.0,33269.0,1.485703,1.109305,CZE,DEU,7613
880097,64,61,1556,2001,968.0,59764.0,1.261883,1.351875,DNK,DEU,7613
880098,66,61,1556,2001,0.0,1423.0,-0.663363,-1.158295,DZA,DEU,7613
880099,68,61,1556,2001,0.0,38601.0,-0.373576,0.366385,EGY,DEU,7613
880100,71,61,1556,2001,0.0,125135.0,1.079664,1.9842220000000002,ESP,DEU,7613
880101,73,61,1556,2001,0.0,3524.0,-0.999149,-0.904072,ETH,DEU,7613
880102,74,61,1556,2001,0.0,26987.0,2.069141,0.9375180000000001,FIN,DEU,7613
880103,77,61,1556,2001,1483664.0,274387.0,1.653507,0.797582,FRA,DEU,7613
880104,81,61,1556,2001,30451540.0,419787.0,1.976894,0.685435,GBR,DEU,7613
880105,82,61,1556,2001,0.0,6264.0,0.585568,-0.047744999999999996,GEO,DEU,7613
880106,90,61,1556,2001,0.0,79838.0,0.31387600000000004,1.3614600000000001,GRC,DEU,7613
880107,97,61,1556,2001,7834.0,3798.0,0.521528,2.3025,HKG,DEU,7613
880108,100,61,1556,2001,0.0,905.0,0.544596,0.969535,HRV,DEU,7613
880109,102,61,1556,2001,694126.0,3937.0,1.102262,1.138016,HUN,DEU,7613
880110,103,61,1556,2001,1519.0,11764.0,-0.167771,1.6587889999999998,IDN,DEU,7613
880111,104,61,1556,2001,4620.0,1813.0,0.349744,2.665844,IND,DEU,7613
880112,106,61,1556,2001,0.0,36002.0,1.664233,0.129983,IRL,DEU,7613
880113,107,61,1556,2001,0.0,3588.0,-0.7732479999999999,-0.8979370000000001,IRN,DEU,7613
880114,109,61,1556,2001,0.0,5370.0,0.032382999999999995,-0.51054,ISL,DEU,7613
880115,110,61,1556,2001,405546.0,20199.0,1.374873,0.775594,ISR,DEU,7613
880116,111,61,1556,2001,81982.0,218075.0,1.389926,1.282143,ITA,DEU,7613
880117,113,61,1556,2001,0.0,936.0,0.375134,0.581558,JOR,DEU,7613
880118,114,61,1556,2001,0.0,138403.0,2.585857,0.522663,JPN,DEU,7613
880119,116,61,1556,2001,0.0,11145.0,-0.529388,0.092271,KEN,DEU,7613
880120,121,61,1556,2001,1958.0,3767.0,1.145797,1.0762399999999999,KOR,DEU,7613
880121,124,61,1556,2001,0.0,2806.0,0.165355,0.988008,LBN,DEU,7613
880122,126,61,1556,2001,0.0,2000.0,-0.9321459999999999,-1.198124,LBY,DEU,7613
880123,130,61,1556,2001,0.0,20371.0,0.15706900000000001,0.416663,LTU,DEU,7613
880124,131,61,1556,2001,0.0,3819.0,1.470895,1.149007,LUX,DEU,7613
880125,132,61,1556,2001,0.0,4894.0,0.404136,0.461009,LVA,DEU,7613
880126,134,61,1556,2001,0.0,1767.0,-0.75275,-0.280397,MAR,DEU,7613
880127,138,61,1556,2001,0.0,966.0,0.797058,0.713234,MEX,DEU,7613
880128,153,61,1556,2001,0.0,1233.0,0.768174,0.307033,MYS,DEU,7613
880129,156,61,1556,2001,0.0,1131.0,-0.837087,-0.9207040000000001,NCL,DEU,7613
880130,162,61,1556,2001,113766.0,954670.0,1.315685,1.590935,NLD,DEU,7613
880131,163,61,1556,2001,4809.0,29790.0,0.974814,0.06512000000000001,NOR,DEU,7613
880132,167,61,1556,2001,0.0,3662.0,-0.909329,-1.189698,OMN,DEU,7613
880133,168,61,1556,2001,0.0,8000.0,-0.8376520000000001,-0.378743,PAK,DEU,7613
880134,177,61,1556,2001,5915.0,30038.0,0.9474540000000001,1.8408220000000002,POL,DEU,7613
880135,179,61,1556,2001,0.0,4752.0,0.482048,1.662123,PRT,DEU,7613
880136,183,61,1556,2001,0.0,121458.0,-0.46564799999999995,-1.127634,QAT,DEU,7613
880137,185,61,1556,2001,0.0,131096.0,0.326733,1.005332,ROU,DEU,7613
880138,186,61,1556,2001,0.0,130433.0,0.945816,0.35027600000000003,RUS,DEU,7613
880139,188,61,1556,2001,0.0,14898.0,0.5370550000000001,-0.793469,SAU,DEU,7613
880140,189,61,1556,2001,0.0,6494.0,0.45280200000000004,2.469852,SCG,DEU,7613
880141,192,61,1556,2001,4647.0,35099.0,1.364239,0.721074,SGP,DEU,7613
880142,206,61,1556,2001,0.0,7393.0,1.1732770000000001,1.088576,SVK,DEU,7613
880143,207,61,1556,2001,0.0,4822.0,1.5074370000000001,1.1370040000000001,SVN,DEU,7613
880144,208,61,1556,2001,0.0,91194.0,2.156845,0.784439,SWE,DEU,7613
880145,212,61,1556,2001,0.0,13918.0,-1.057217,-0.716331,SYR,DEU,7613
880146,216,61,1556,2001,0.0,4424.0,0.37555900000000003,1.498267,THA,DEU,7613
880147,224,61,1556,2001,251717.0,29400.0,0.188773,1.91451,TUR,DEU,7613
880148,226,61,1556,2001,0.0,2363.0,-1.193991,-0.49282200000000004,TZA,DEU,7613
880149,227,61,1556,2001,0.0,1493.0,-0.9694860000000001,-0.840592,UGA,DEU,7613
880150,228,61,1556,2001,0.0,21500.0,0.8376969999999999,0.989059,UKR,DEU,7613
880151,231,61,1556,2001,1328883.0,72457.0,1.873674,0.168468,USA,DEU,7613
880152,236,61,1556,2001,0.0,2618.0,0.261158,-0.7397,VEN,DEU,7613
880153,246,61,1556,2001,0.0,10623.0,0.356842,2.006155,ZAF,DEU,7613
880154,249,61,1556,2001,0.0,15831.0,1.5731700000000002,1.353159,TWN,DEU,7613
880155,250,61,1556,2001,0.0,3000.0,1.096023,-0.33562600000000004,ANS,DEU,7613
880156,7,64,1556,2001,0.0,7246.0,-0.193984,-0.457124,ARE,DNK,7613
880157,14,64,1556,2001,2517.0,0.0,0.29463,0.772375,AUS,DNK,7613
880158,15,64,1556,2001,3080.0,0.0,1.8571650000000002,0.603191,AUT,DNK,7613
880159,18,64,1556,2001,966.0,0.0,1.4328370000000001,1.408495,BEL,DNK,7613
880160,41,64,1556,2001,3088.0,0.0,2.227246,0.553956,CHE,DNK,7613
880161,43,64,1556,2001,2516.0,0.0,0.525171,3.092963,CHN,DNK,7613
880162,61,64,1556,2001,59764.0,968.0,2.321375,-2.1110990000000003,DEU,DNK,7613
880163,74,64,1556,2001,0.0,3694.0,2.069141,0.9375180000000001,FIN,DNK,7613
880164,77,64,1556,2001,234313.0,0.0,1.653507,0.797582,FRA,DNK,7613
880165,78,64,1556,2001,0.0,6505.0,-1.004972,-0.9456030000000001,FRO,DNK,7613
880166,81,64,1556,2001,657204.0,2784.0,1.976894,0.685435,GBR,DNK,7613
880167,92,64,1556,2001,0.0,1029.0,0.199595,-0.73547,GRL,DNK,7613
880168,100,64,1556,2001,0.0,2357.0,0.544596,0.969535,HRV,DNK,7613
880169,102,64,1556,2001,101501.0,0.0,1.102262,1.138016,HUN,DNK,7613
880170,111,64,1556,2001,15973.0,0.0,1.389926,1.282143,ITA,DNK,7613
880171,130,64,1556,2001,0.0,29145.0,0.15706900000000001,0.416663,LTU,DNK,7613
880172,136,64,1556,2001,0.0,3269.0,-1.247531,-0.637093,MDG,DNK,7613
880173,162,64,1556,2001,52074.0,0.0,1.315685,1.590935,NLD,DNK,7613
880174,163,64,1556,2001,149037.0,76930.0,0.974814,0.06512000000000001,NOR,DNK,7613
880175,179,64,1556,2001,171856.0,0.0,0.482048,1.662123,PRT,DNK,7613
880176,208,64,1556,2001,8344.0,3034.0,2.156845,0.784439,SWE,DNK,7613
880177,216,64,1556,2001,0.0,1344.0,0.37555900000000003,1.498267,THA,DNK,7613
880178,231,64,1556,2001,29762.0,0.0,1.873674,0.168468,USA,DNK,7613
880179,3,65,1556,2001,1000.0,0.0,1.1659469999999998,0.12369000000000001,AIA,DOM,7613
880180,67,65,1556,2001,0.0,4715.0,-0.852642,-0.896374,ECU,DOM,7613
880181,231,65,1556,2001,38760.0,0.0,1.873674,0.168468,USA,DOM,7613
880182,65,67,1556,2001,4715.0,0.0,-0.538419,-0.48773900000000003,DOM,ECU,7613
880183,138,67,1556,2001,82578.0,0.0,0.797058,0.713234,MEX,ECU,7613
880184,174,67,1556,2001,3913.0,0.0,-0.028201,-0.112349,PHL,ECU,7613
880185,231,67,1556,2001,220825.0,0.0,1.873674,0.168468,USA,ECU,7613
880186,8,71,1556,2001,0.0,1872.0,0.287698,0.547137,ARG,ESP,7613
880187,18,71,1556,2001,24413.0,16287.0,1.4328370000000001,1.408495,BEL,ESP,7613
880188,24,71,1556,2001,0.0,6831.0,-0.11008399999999999,-1.053611,BHR,ESP,7613
880189,32,71,1556,2001,0.0,2245.0,0.672496,1.051848,BRA,ESP,7613
880190,39,71,1556,2001,0.0,13605.0,0.971827,1.105171,CAN,ESP,7613
880191,43,71,1556,2001,0.0,2508.0,0.525171,3.092963,CHN,ESP,7613
880192,54,71,1556,2001,0.0,7931.0,-0.443391,-0.9599030000000001,CUB,ESP,7613
880193,61,71,1556,2001,125135.0,0.0,2.321375,-2.1110990000000003,DEU,ESP,7613
880194,66,71,1556,2001,0.0,73143.0,-0.663363,-1.158295,DZA,ESP,7613
880195,77,71,1556,2001,737722.0,201937.0,1.653507,0.797582,FRA,ESP,7613
880196,81,71,1556,2001,643741.0,51311.0,1.976894,0.685435,GBR,ESP,7613
880197,89,71,1556,2001,0.0,3294.0,-2.0882959999999997,-0.921539,GNQ,ESP,7613
880198,90,71,1556,2001,0.0,24963.0,0.31387600000000004,1.3614600000000001,GRC,ESP,7613
880199,103,71,1556,2001,0.0,6462.0,-0.167771,1.6587889999999998,IDN,ESP,7613
880200,111,71,1556,2001,40338.0,277835.0,1.389926,1.282143,ITA,ESP,7613
880201,134,71,1556,2001,0.0,10921.0,-0.75275,-0.280397,MAR,ESP,7613
880202,138,71,1556,2001,0.0,35008.0,0.797058,0.713234,MEX,ESP,7613
880203,142,71,1556,2001,0.0,5844.0,1.065032,-0.065239,MLT,ESP,7613
880204,162,71,1556,2001,18741.0,1085.0,1.315685,1.590935,NLD,ESP,7613
880205,169,71,1556,2001,0.0,1038.0,0.17588199999999998,0.422505,PAN,ESP,7613
880206,174,71,1556,2001,0.0,3728.0,-0.028201,-0.112349,PHL,ESP,7613
880207,179,71,1556,2001,15220.0,13203.0,0.482048,1.662123,PRT,ESP,7613
880208,208,71,1556,2001,28131.0,0.0,2.156845,0.784439,SWE,ESP,7613
880209,226,71,1556,2001,0.0,52727.0,-1.193991,-0.49282200000000004,TZA,ESP,7613
880210,231,71,1556,2001,41631.0,1987.0,1.873674,0.168468,USA,ESP,7613
880211,246,71,1556,2001,0.0,2172.0,0.356842,2.006155,ZAF,ESP,7613
880212,15,74,1556,2001,0.0,19877.0,1.8571650000000002,0.603191,AUT,FIN,7613
880213,32,74,1556,2001,0.0,2032.0,0.672496,1.051848,BRA,FIN,7613
880214,41,74,1556,2001,4575.0,0.0,2.227246,0.553956,CHE,FIN,7613
880215,43,74,1556,2001,1161.0,0.0,0.525171,3.092963,CHN,FIN,7613
880216,59,74,1556,2001,0.0,1372.0,1.485703,1.109305,CZE,FIN,7613
880217,61,74,1556,2001,26987.0,0.0,2.321375,-2.1110990000000003,DEU,FIN,7613
880218,64,74,1556,2001,3694.0,0.0,1.261883,1.351875,DNK,FIN,7613
880219,77,74,1556,2001,50972.0,0.0,1.653507,0.797582,FRA,FIN,7613
880220,81,74,1556,2001,56516.0,0.0,1.976894,0.685435,GBR,FIN,7613
880221,102,74,1556,2001,7913.0,0.0,1.102262,1.138016,HUN,FIN,7613
880222,163,74,1556,2001,100251.0,0.0,0.974814,0.06512000000000001,NOR,FIN,7613
880223,186,74,1556,2001,2879.0,2093.0,0.945816,0.35027600000000003,RUS,FIN,7613
880224,208,74,1556,2001,24539.0,0.0,2.156845,0.784439,SWE,FIN,7613
880225,231,74,1556,2001,18907.0,0.0,1.873674,0.168468,USA,FIN,7613
880226,2,77,1556,2001,0.0,18815.0,-1.523823,-1.214093,AGO,FRA,7613
880227,4,77,1556,2001,0.0,6340.0,-0.054125,0.104298,ALB,FRA,7613
880228,7,77,1556,2001,27743.0,13429.0,-0.193984,-0.457124,ARE,FRA,7613
880229,8,77,1556,2001,0.0,40991.0,0.287698,0.547137,ARG,FRA,7613
880230,9,77,1556,2001,0.0,1171.0,0.834168,0.21458000000000002,ARM,FRA,7613
880231,14,77,1556,2001,0.0,27105.0,0.29463,0.772375,AUS,FRA,7613
880232,15,77,1556,2001,7555.0,116339.0,1.8571650000000002,0.603191,AUT,FRA,7613
880233,18,77,1556,2001,9538.0,2957091.0,1.4328370000000001,1.408495,BEL,FRA,7613
880234,19,77,1556,2001,0.0,1071.0,-1.09233,-0.8276969999999999,BEN,FRA,7613
880235,32,77,1556,2001,0.0,76750.0,0.672496,1.051848,BRA,FRA,7613
880236,38,77,1556,2001,0.0,2280.0,-0.682897,-0.8083140000000001,CAF,FRA,7613
880237,39,77,1556,2001,16060.0,1347.0,0.971827,1.105171,CAN,FRA,7613
880238,41,77,1556,2001,68782.0,464734.0,2.227246,0.553956,CHE,FRA,7613
880239,42,77,1556,2001,0.0,28021.0,-0.004658,-0.002548,CHL,FRA,7613
880240,43,77,1556,2001,0.0,9095.0,0.525171,3.092963,CHN,FRA,7613
880241,44,77,1556,2001,0.0,3790.0,-0.715949,-0.524428,CIV,FRA,7613
880242,45,77,1556,2001,0.0,2492.0,-1.6254879999999998,-1.212513,CMR,FRA,7613
880243,47,77,1556,2001,0.0,3584.0,-1.482788,-1.172,COG,FRA,7613
880244,59,77,1556,2001,0.0,18229.0,1.485703,1.109305,CZE,FRA,7613
880245,61,77,1556,2001,274387.0,1483664.0,2.321375,-2.1110990000000003,DEU,FRA,7613
880246,64,77,1556,2001,0.0,234313.0,1.261883,1.351875,DNK,FRA,7613
880247,66,77,1556,2001,0.0,105167.0,-0.663363,-1.158295,DZA,FRA,7613
880248,68,77,1556,2001,0.0,68220.0,-0.373576,0.366385,EGY,FRA,7613
880249,71,77,1556,2001,201937.0,737722.0,1.079664,1.9842220000000002,ESP,FRA,7613
880250,72,77,1556,2001,0.0,9139.0,0.5746829999999999,0.9073899999999999,EST,FRA,7613
880251,73,77,1556,2001,1448.0,152581.0,-0.999149,-0.904072,ETH,FRA,7613
880252,74,77,1556,2001,0.0,50972.0,2.069141,0.9375180000000001,FIN,FRA,7613
880253,80,77,1556,2001,0.0,4114.0,-1.063007,-1.181284,GAB,FRA,7613
880254,81,77,1556,2001,2939308.0,3212352.0,1.976894,0.685435,GBR,FRA,7613
880255,85,77,1556,2001,0.0,3091.0,-1.5380340000000001,-1.200083,GIN,FRA,7613
880256,90,77,1556,2001,0.0,57806.0,0.31387600000000004,1.3614600000000001,GRC,FRA,7613
880257,97,77,1556,2001,0.0,7898.0,0.521528,2.3025,HKG,FRA,7613
880258,102,77,1556,2001,101410.0,28468.0,1.102262,1.138016,HUN,FRA,7613
880259,103,77,1556,2001,0.0,9678.0,-0.167771,1.6587889999999998,IDN,FRA,7613
880260,104,77,1556,2001,0.0,28381.0,0.349744,2.665844,IND,FRA,7613
880261,106,77,1556,2001,0.0,326528.0,1.664233,0.129983,IRL,FRA,7613
880262,107,77,1556,2001,0.0,71774.0,-0.7732479999999999,-0.8979370000000001,IRN,FRA,7613
880263,108,77,1556,2001,0.0,7163.0,-1.115465,-0.883028,IRQ,FRA,7613
880264,110,77,1556,2001,0.0,51741.0,1.374873,0.775594,ISR,FRA,7613
880265,111,77,1556,2001,23375.0,393226.0,1.389926,1.282143,ITA,FRA,7613
880266,113,77,1556,2001,0.0,3044.0,0.375134,0.581558,JOR,FRA,7613
880267,114,77,1556,2001,0.0,1328693.0,2.585857,0.522663,JPN,FRA,7613
880268,121,77,1556,2001,4834.0,118024.0,1.145797,1.0762399999999999,KOR,FRA,7613
880269,124,77,1556,2001,0.0,2136.0,0.165355,0.988008,LBN,FRA,7613
880270,128,77,1556,2001,0.0,10877.0,-0.722434,-0.033818,LKA,FRA,7613
880271,130,77,1556,2001,0.0,7375.0,0.15706900000000001,0.416663,LTU,FRA,7613
880272,131,77,1556,2001,0.0,3456.0,1.470895,1.149007,LUX,FRA,7613
880273,132,77,1556,2001,0.0,13267.0,0.404136,0.461009,LVA,FRA,7613
880274,134,77,1556,2001,0.0,155351.0,-0.75275,-0.280397,MAR,FRA,7613
880275,136,77,1556,2001,0.0,16573.0,-1.247531,-0.637093,MDG,FRA,7613
880276,138,77,1556,2001,0.0,1504.0,0.797058,0.713234,MEX,FRA,7613
880277,140,77,1556,2001,0.0,1678.0,0.033097,0.43516499999999997,MKD,FRA,7613
880278,141,77,1556,2001,0.0,2448.0,-0.40341,-0.626402,MLI,FRA,7613
880279,143,77,1556,2001,0.0,1688.0,-1.5627,-1.150854,MMR,FRA,7613
880280,153,77,1556,2001,0.0,11573.0,0.768174,0.307033,MYS,FRA,7613
880281,156,77,1556,2001,8341.0,33044.0,-0.837087,-0.9207040000000001,NCL,FRA,7613
880282,162,77,1556,2001,0.0,475763.0,1.315685,1.590935,NLD,FRA,7613
880283,163,77,1556,2001,0.0,47717.0,0.974814,0.06512000000000001,NOR,FRA,7613
880284,167,77,1556,2001,0.0,1489.0,-0.909329,-1.189698,OMN,FRA,7613
880285,168,77,1556,2001,0.0,76124.0,-0.8376520000000001,-0.378743,PAK,FRA,7613
880286,173,77,1556,2001,0.0,5269.0,-0.345519,0.202623,PER,FRA,7613
880287,177,77,1556,2001,0.0,81106.0,0.9474540000000001,1.8408220000000002,POL,FRA,7613
880288,179,77,1556,2001,0.0,29724.0,0.482048,1.662123,PRT,FRA,7613
880289,182,77,1556,2001,0.0,202280.0,-0.005456,-0.7210770000000001,PYF,FRA,7613
880290,185,77,1556,2001,0.0,9391.0,0.326733,1.005332,ROU,FRA,7613
880291,188,77,1556,2001,0.0,3999.0,0.5370550000000001,-0.793469,SAU,FRA,7613
880292,189,77,1556,2001,0.0,13417.0,0.45280200000000004,2.469852,SCG,FRA,7613
880293,190,77,1556,2001,0.0,6294.0,-1.6325180000000001,-1.263267,SDN,FRA,7613
880294,191,77,1556,2001,0.0,3407.0,-0.437779,-0.436654,SEN,FRA,7613
880295,192,77,1556,2001,0.0,76192.0,1.364239,0.721074,SGP,FRA,7613
880296,206,77,1556,2001,0.0,6274.0,1.1732770000000001,1.088576,SVK,FRA,7613
880297,207,77,1556,2001,0.0,40315.0,1.5074370000000001,1.1370040000000001,SVN,FRA,7613
880298,208,77,1556,2001,12076.0,467279.0,2.156845,0.784439,SWE,FRA,7613
880299,212,77,1556,2001,0.0,19002.0,-1.057217,-0.716331,SYR,FRA,7613
880300,216,77,1556,2001,0.0,12152.0,0.37555900000000003,1.498267,THA,FRA,7613
880301,223,77,1556,2001,0.0,40252.0,-0.162152,0.23939699999999997,TUN,FRA,7613
880302,224,77,1556,2001,14078.0,254267.0,0.188773,1.91451,TUR,FRA,7613
880303,226,77,1556,2001,0.0,39494.0,-1.193991,-0.49282200000000004,TZA,FRA,7613
880304,231,77,1556,2001,655061.0,93398.0,1.873674,0.168468,USA,FRA,7613
880305,236,77,1556,2001,0.0,3965.0,0.261158,-0.7397,VEN,FRA,7613
880306,239,77,1556,2001,0.0,15066.0,-0.6692130000000001,0.610992,VNM,FRA,7613
880307,246,77,1556,2001,0.0,89354.0,0.356842,2.006155,ZAF,FRA,7613
880308,249,77,1556,2001,0.0,106064.0,1.5731700000000002,1.353159,TWN,FRA,7613
880309,2,81,1556,2001,0.0,44263.0,-1.523823,-1.214093,AGO,GBR,7613
880310,7,81,1556,2001,0.0,11245.0,-0.193984,-0.457124,ARE,GBR,7613
880311,8,81,1556,2001,0.0,72327.0,0.287698,0.547137,ARG,GBR,7613
880312,14,81,1556,2001,0.0,154739.0,0.29463,0.772375,AUS,GBR,7613
880313,15,81,1556,2001,180552.0,246346.0,1.8571650000000002,0.603191,AUT,GBR,7613
880314,18,81,1556,2001,13493.0,985001.0,1.4328370000000001,1.408495,BEL,GBR,7613
880315,22,81,1556,2001,0.0,2906.0,-1.0406739999999999,-1.010108,BGD,GBR,7613
880316,23,81,1556,2001,0.0,6856.0,0.41425100000000004,1.639866,BGR,GBR,7613
880317,24,81,1556,2001,0.0,9775.0,-0.11008399999999999,-1.053611,BHR,GBR,7613
880318,32,81,1556,2001,0.0,5708.0,0.672496,1.051848,BRA,GBR,7613
880319,33,81,1556,2001,0.0,3158.0,0.725546,0.172345,BRB,GBR,7613
880320,39,81,1556,2001,90561.0,39520.0,0.971827,1.105171,CAN,GBR,7613
880321,41,81,1556,2001,11651.0,114350.0,2.227246,0.553956,CHE,GBR,7613
880322,42,81,1556,2001,0.0,1943.0,-0.004658,-0.002548,CHL,GBR,7613
880323,43,81,1556,2001,9276.0,2414.0,0.525171,3.092963,CHN,GBR,7613
880324,49,81,1556,2001,0.0,14145.0,0.30412,0.395913,COL,GBR,7613
880325,51,81,1556,2001,0.0,5658.0,0.063802,-0.456617,CPV,GBR,7613
880326,58,81,1556,2001,0.0,2114.0,0.381251,0.257802,CYP,GBR,7613
880327,59,81,1556,2001,13693.0,48425.0,1.485703,1.109305,CZE,GBR,7613
880328,61,81,1556,2001,419787.0,30451540.0,2.321375,-2.1110990000000003,DEU,GBR,7613
880329,64,81,1556,2001,2784.0,657204.0,1.261883,1.351875,DNK,GBR,7613
880330,68,81,1556,2001,0.0,136976.0,-0.373576,0.366385,EGY,GBR,7613
880331,71,81,1556,2001,51311.0,643741.0,1.079664,1.9842220000000002,ESP,GBR,7613
880332,72,81,1556,2001,4579.0,0.0,0.5746829999999999,0.9073899999999999,EST,GBR,7613
880333,74,81,1556,2001,0.0,56516.0,2.069141,0.9375180000000001,FIN,GBR,7613
880334,77,81,1556,2001,3212352.0,2939308.0,1.653507,0.797582,FRA,GBR,7613
880335,83,81,1556,2001,0.0,110857.0,-0.961067,-0.780449,GHA,GBR,7613
880336,84,81,1556,2001,0.0,2225.0,0.5955739999999999,-0.39100799999999997,GIB,GBR,7613
880337,90,81,1556,2001,0.0,19918.0,0.31387600000000004,1.3614600000000001,GRC,GBR,7613
880338,97,81,1556,2001,8284.0,76282.0,0.521528,2.3025,HKG,GBR,7613
880339,100,81,1556,2001,0.0,3913.0,0.544596,0.969535,HRV,GBR,7613
880340,102,81,1556,2001,12595.0,90290.0,1.102262,1.138016,HUN,GBR,7613
880341,103,81,1556,2001,222403.0,12501.0,-0.167771,1.6587889999999998,IDN,GBR,7613
880342,104,81,1556,2001,17932.0,86542.0,0.349744,2.665844,IND,GBR,7613
880343,106,81,1556,2001,20479.0,2905382.0,1.664233,0.129983,IRL,GBR,7613
880344,107,81,1556,2001,0.0,122319.0,-0.7732479999999999,-0.8979370000000001,IRN,GBR,7613
880345,109,81,1556,2001,0.0,113521.0,0.032382999999999995,-0.51054,ISL,GBR,7613
880346,110,81,1556,2001,9389.0,143480.0,1.374873,0.775594,ISR,GBR,7613
880347,111,81,1556,2001,18096.0,4017390.0,1.389926,1.282143,ITA,GBR,7613
880348,113,81,1556,2001,0.0,945.0,0.375134,0.581558,JOR,GBR,7613
880349,114,81,1556,2001,20396.0,106087.0,2.585857,0.522663,JPN,GBR,7613
880350,115,81,1556,2001,0.0,31473.0,0.009714,-0.525899,KAZ,GBR,7613
880351,116,81,1556,2001,0.0,5507.0,-0.529388,0.092271,KEN,GBR,7613
880352,121,81,1556,2001,0.0,111006.0,1.145797,1.0762399999999999,KOR,GBR,7613
880353,122,81,1556,2001,0.0,2843.0,-0.8197,-1.183758,KWT,GBR,7613
880354,124,81,1556,2001,0.0,9840.0,0.165355,0.988008,LBN,GBR,7613
880355,126,81,1556,2001,0.0,65753.0,-0.9321459999999999,-1.198124,LBY,GBR,7613
880356,128,81,1556,2001,0.0,55059.0,-0.722434,-0.033818,LKA,GBR,7613
880357,130,81,1556,2001,0.0,3726.0,0.15706900000000001,0.416663,LTU,GBR,7613
880358,131,81,1556,2001,0.0,2558.0,1.470895,1.149007,LUX,GBR,7613
880359,134,81,1556,2001,0.0,21453.0,-0.75275,-0.280397,MAR,GBR,7613
880360,137,81,1556,2001,0.0,3426.0,-0.980734,-0.9785659999999999,MDV,GBR,7613
880361,140,81,1556,2001,29501.0,0.0,0.033097,0.43516499999999997,MKD,GBR,7613
880362,142,81,1556,2001,0.0,2053.0,1.065032,-0.065239,MLT,GBR,7613
880363,151,81,1556,2001,0.0,12818.0,-0.410422,-0.5868369999999999,MUS,GBR,7613
880364,153,81,1556,2001,0.0,25575.0,0.768174,0.307033,MYS,GBR,7613
880365,159,81,1556,2001,0.0,31096.0,-1.966439,-1.2724520000000001,NGA,GBR,7613
880366,162,81,1556,2001,1181664.0,2696903.0,1.315685,1.590935,NLD,GBR,7613
880367,163,81,1556,2001,11855.0,2101.0,0.974814,0.06512000000000001,NOR,GBR,7613
880368,164,81,1556,2001,0.0,1464.0,-0.483749,-0.008754999999999999,NPL,GBR,7613
880369,166,81,1556,2001,0.0,556066.0,0.521409,0.683134,NZL,GBR,7613
880370,167,81,1556,2001,10296.0,1555.0,-0.909329,-1.189698,OMN,GBR,7613
880371,168,81,1556,2001,0.0,1757.0,-0.8376520000000001,-0.378743,PAK,GBR,7613
880372,173,81,1556,2001,0.0,1642.0,-0.345519,0.202623,PER,GBR,7613
880373,174,81,1556,2001,0.0,18154.0,-0.028201,-0.112349,PHL,GBR,7613
880374,177,81,1556,2001,234822.0,125794.0,0.9474540000000001,1.8408220000000002,POL,GBR,7613
880375,179,81,1556,2001,0.0,225336.0,0.482048,1.662123,PRT,GBR,7613
880376,183,81,1556,2001,0.0,77585.0,-0.46564799999999995,-1.127634,QAT,GBR,7613
880377,185,81,1556,2001,2306.0,24923.0,0.326733,1.005332,ROU,GBR,7613
880378,186,81,1556,2001,3688.0,51061.0,0.945816,0.35027600000000003,RUS,GBR,7613
880379,188,81,1556,2001,0.0,115349.0,0.5370550000000001,-0.793469,SAU,GBR,7613
880380,192,81,1556,2001,15761.0,651639.0,1.364239,0.721074,SGP,GBR,7613
880381,195,81,1556,2001,0.0,2545.0,-0.325802,-0.726847,SLB,GBR,7613
880382,197,81,1556,2001,0.0,9946.0,-0.181554,-0.031294,SLV,GBR,7613
880383,206,81,1556,2001,0.0,7635.0,1.1732770000000001,1.088576,SVK,GBR,7613
880384,207,81,1556,2001,7599.0,18885.0,1.5074370000000001,1.1370040000000001,SVN,GBR,7613
880385,208,81,1556,2001,4407.0,1149702.0,2.156845,0.784439,SWE,GBR,7613
880386,216,81,1556,2001,0.0,50353.0,0.37555900000000003,1.498267,THA,GBR,7613
880387,222,81,1556,2001,0.0,1864.0,0.178256,-0.709126,TTO,GBR,7613
880388,223,81,1556,2001,7624.0,0.0,-0.162152,0.23939699999999997,TUN,GBR,7613
880389,224,81,1556,2001,543200.0,35047.0,0.188773,1.91451,TUR,GBR,7613
880390,226,81,1556,2001,0.0,989.0,-1.193991,-0.49282200000000004,TZA,GBR,7613
880391,230,81,1556,2001,0.0,33705.0,0.36029,0.298869,URY,GBR,7613
880392,231,81,1556,2001,1715411.0,288368.0,1.873674,0.168468,USA,GBR,7613
880393,246,81,1556,2001,29321.0,659008.0,0.356842,2.006155,ZAF,GBR,7613
880394,248,81,1556,2001,0.0,6332.0,-0.6321829999999999,-0.453671,ZWE,GBR,7613
880395,249,81,1556,2001,0.0,336267.0,1.5731700000000002,1.353159,TWN,GBR,7613
880396,4,90,1556,2001,1286.0,2167.0,-0.054125,0.104298,ALB,GRC,7613
880397,41,90,1556,2001,373101.0,2175.0,2.227246,0.553956,CHE,GRC,7613
880398,58,90,1556,2001,5226.0,0.0,0.381251,0.257802,CYP,GRC,7613
880399,61,90,1556,2001,79838.0,0.0,2.321375,-2.1110990000000003,DEU,GRC,7613
880400,71,90,1556,2001,24963.0,0.0,1.079664,1.9842220000000002,ESP,GRC,7613
880401,77,90,1556,2001,57806.0,0.0,1.653507,0.797582,FRA,GRC,7613
880402,81,90,1556,2001,19918.0,0.0,1.976894,0.685435,GBR,GRC,7613
880403,102,90,1556,2001,11071.0,0.0,1.102262,1.138016,HUN,GRC,7613
880404,111,90,1556,2001,21264.0,0.0,1.389926,1.282143,ITA,GRC,7613
880405,125,90,1556,2001,0.0,5785.0,-0.49036,-1.126565,LBR,GRC,7613
880406,167,90,1556,2001,7816.0,0.0,-0.909329,-1.189698,OMN,GRC,7613
880407,111,93,1556,2001,2267.0,0.0,1.389926,1.282143,ITA,GTM,7613
880408,231,93,1556,2001,226344.0,0.0,1.873674,0.168468,USA,GTM,7613
880409,231,96,1556,2001,4085.0,0.0,1.873674,0.168468,USA,GUY,7613
880410,14,97,1556,2001,192934.0,0.0,0.29463,0.772375,AUS,HKG,7613
880411,15,97,1556,2001,6730.0,0.0,1.8571650000000002,0.603191,AUT,HKG,7613
880412,43,97,1556,2001,32346.0,16854.0,0.525171,3.092963,CHN,HKG,7613
880413,61,97,1556,2001,3798.0,7834.0,2.321375,-2.1110990000000003,DEU,HKG,7613
880414,77,97,1556,2001,7898.0,0.0,1.653507,0.797582,FRA,HKG,7613
880415,81,97,1556,2001,76282.0,8284.0,1.976894,0.685435,GBR,HKG,7613
880416,106,97,1556,2001,0.0,1088.0,1.664233,0.129983,IRL,HKG,7613
880417,114,97,1556,2001,3182.0,10538.0,2.585857,0.522663,JPN,HKG,7613
880418,133,97,1556,2001,4761.0,9018.0,-0.608406,-0.521662,MAC,HKG,7613
880419,163,97,1556,2001,64478.0,0.0,0.974814,0.06512000000000001,NOR,HKG,7613
880420,192,97,1556,2001,15035.0,1656.0,1.364239,0.721074,SGP,HKG,7613
880421,216,97,1556,2001,4239.0,0.0,0.37555900000000003,1.498267,THA,HKG,7613
880422,231,97,1556,2001,246673.0,29842.0,1.873674,0.168468,USA,HKG,7613
880423,249,97,1556,2001,0.0,19858.0,1.5731700000000002,1.353159,TWN,HKG,7613
880424,7,103,1556,2001,0.0,666118.0,-0.193984,-0.457124,ARE,IDN,7613
880425,14,103,1556,2001,108623.0,100763.0,0.29463,0.772375,AUS,IDN,7613
880426,61,103,1556,2001,11764.0,1519.0,2.321375,-2.1110990000000003,DEU,IDN,7613
880427,68,103,1556,2001,0.0,12773.0,-0.373576,0.366385,EGY,IDN,7613
880428,71,103,1556,2001,6462.0,0.0,1.079664,1.9842220000000002,ESP,IDN,7613
880429,77,103,1556,2001,9678.0,0.0,1.653507,0.797582,FRA,IDN,7613
880430,81,103,1556,2001,12501.0,222403.0,1.976894,0.685435,GBR,IDN,7613
880431,111,103,1556,2001,14263.0,176221.0,1.389926,1.282143,ITA,IDN,7613
880432,114,103,1556,2001,13816.0,0.0,2.585857,0.522663,JPN,IDN,7613
880433,124,103,1556,2001,0.0,113409.0,0.165355,0.988008,LBN,IDN,7613
880434,128,103,1556,2001,0.0,6516.0,-0.722434,-0.033818,LKA,IDN,7613
880435,143,103,1556,2001,0.0,36392.0,-1.5627,-1.150854,MMR,IDN,7613
880436,151,103,1556,2001,0.0,46209.0,-0.410422,-0.5868369999999999,MUS,IDN,7613
880437,153,103,1556,2001,0.0,215541.0,0.768174,0.307033,MYS,IDN,7613
880438,168,103,1556,2001,0.0,19359.0,-0.8376520000000001,-0.378743,PAK,IDN,7613
880439,192,103,1556,2001,28828.0,113179.0,1.364239,0.721074,SGP,IDN,7613
880440,216,103,1556,2001,0.0,91128.0,0.37555900000000003,1.498267,THA,IDN,7613
880441,231,103,1556,2001,475375.0,2701.0,1.873674,0.168468,USA,IDN,7613
880442,239,103,1556,2001,0.0,37706.0,-0.6692130000000001,0.610992,VNM,IDN,7613
880443,7,107,1556,2001,1318.0,24797.0,-0.193984,-0.457124,ARE,IRN,7613
880444,39,107,1556,2001,3408.0,0.0,0.971827,1.105171,CAN,IRN,7613
880445,41,107,1556,2001,528834.0,0.0,2.227246,0.553956,CHE,IRN,7613
880446,61,107,1556,2001,3588.0,0.0,2.321375,-2.1110990000000003,DEU,IRN,7613
880447,77,107,1556,2001,71774.0,0.0,1.653507,0.797582,FRA,IRN,7613
880448,81,107,1556,2001,122319.0,0.0,1.976894,0.685435,GBR,IRN,7613
880449,82,107,1556,2001,16639.0,0.0,0.585568,-0.047744999999999996,GEO,IRN,7613
880450,106,107,1556,2001,15886.0,0.0,1.664233,0.129983,IRL,IRN,7613
880451,162,107,1556,2001,3581.0,0.0,1.315685,1.590935,NLD,IRN,7613
880452,167,107,1556,2001,0.0,11928.0,-0.909329,-1.189698,OMN,IRN,7613
880453,183,107,1556,2001,0.0,2682.0,-0.46564799999999995,-1.127634,QAT,IRN,7613
880454,228,107,1556,2001,15094.0,0.0,0.8376969999999999,0.989059,UKR,IRN,7613
880455,231,107,1556,2001,238.0,0.0,1.873674,0.168468,USA,IRN,7613
880456,15,110,1556,2001,0.0,25884.0,1.8571650000000002,0.603191,AUT,ISR,7613
880457,61,110,1556,2001,20199.0,405546.0,2.321375,-2.1110990000000003,DEU,ISR,7613
880458,77,110,1556,2001,51741.0,0.0,1.653507,0.797582,FRA,ISR,7613
880459,81,110,1556,2001,143480.0,9389.0,1.976894,0.685435,GBR,ISR,7613
880460,111,110,1556,2001,12497.0,0.0,1.389926,1.282143,ITA,ISR,7613
880461,162,110,1556,2001,2524.0,3265.0,1.315685,1.590935,NLD,ISR,7613
880462,224,110,1556,2001,38066.0,0.0,0.188773,1.91451,TUR,ISR,7613
880463,231,110,1556,2001,161255.0,0.0,1.873674,0.168468,USA,ISR,7613
880464,246,110,1556,2001,13851.0,0.0,0.356842,2.006155,ZAF,ISR,7613
880465,4,111,1556,2001,0.0,314883.0,-0.054125,0.104298,ALB,ITA,7613
880466,7,111,1556,2001,0.0,252793.0,-0.193984,-0.457124,ARE,ITA,7613
880467,14,111,1556,2001,3495.0,142599.0,0.29463,0.772375,AUS,ITA,7613
880468,15,111,1556,2001,143760.0,4386.0,1.8571650000000002,0.603191,AUT,ITA,7613
880469,18,111,1556,2001,3998.0,8066.0,1.4328370000000001,1.408495,BEL,ITA,7613
880470,32,111,1556,2001,0.0,8196.0,0.672496,1.051848,BRA,ITA,7613
880471,34,111,1556,2001,0.0,4086.0,-0.8654209999999999,-0.930599,BRN,ITA,7613
880472,41,111,1556,2001,9306.0,31753.0,2.227246,0.553956,CHE,ITA,7613
880473,42,111,1556,2001,0.0,1380.0,-0.004658,-0.002548,CHL,ITA,7613
880474,43,111,1556,2001,0.0,2195.0,0.525171,3.092963,CHN,ITA,7613
880475,49,111,1556,2001,0.0,5280.0,0.30412,0.395913,COL,ITA,7613
880476,51,111,1556,2001,0.0,7368.0,0.063802,-0.456617,CPV,ITA,7613
880477,59,111,1556,2001,0.0,2815.0,1.485703,1.109305,CZE,ITA,7613
880478,61,111,1556,2001,218075.0,81982.0,2.321375,-2.1110990000000003,DEU,ITA,7613
880479,64,111,1556,2001,0.0,15973.0,1.261883,1.351875,DNK,ITA,7613
880480,66,111,1556,2001,0.0,33575.0,-0.663363,-1.158295,DZA,ITA,7613
880481,71,111,1556,2001,277835.0,40338.0,1.079664,1.9842220000000002,ESP,ITA,7613
880482,77,111,1556,2001,393226.0,23375.0,1.653507,0.797582,FRA,ITA,7613
880483,81,111,1556,2001,4017390.0,18096.0,1.976894,0.685435,GBR,ITA,7613
880484,83,111,1556,2001,0.0,28437.0,-0.961067,-0.780449,GHA,ITA,7613
880485,90,111,1556,2001,0.0,21264.0,0.31387600000000004,1.3614600000000001,GRC,ITA,7613
880486,93,111,1556,2001,0.0,2267.0,-0.5089520000000001,0.216677,GTM,ITA,7613
880487,100,111,1556,2001,0.0,24867.0,0.544596,0.969535,HRV,ITA,7613
880488,102,111,1556,2001,63456.0,56841.0,1.102262,1.138016,HUN,ITA,7613
880489,103,111,1556,2001,176221.0,14263.0,-0.167771,1.6587889999999998,IDN,ITA,7613
880490,106,111,1556,2001,0.0,9041.0,1.664233,0.129983,IRL,ITA,7613
880491,109,111,1556,2001,0.0,3989.0,0.032382999999999995,-0.51054,ISL,ITA,7613
880492,110,111,1556,2001,0.0,12497.0,1.374873,0.775594,ISR,ITA,7613
880493,114,111,1556,2001,0.0,34107.0,2.585857,0.522663,JPN,ITA,7613
880494,121,111,1556,2001,0.0,17431.0,1.145797,1.0762399999999999,KOR,ITA,7613
880495,122,111,1556,2001,0.0,14703.0,-0.8197,-1.183758,KWT,ITA,7613
880496,134,111,1556,2001,0.0,5507.0,-0.75275,-0.280397,MAR,ITA,7613
880497,137,111,1556,2001,0.0,6077.0,-0.980734,-0.9785659999999999,MDV,ITA,7613
880498,138,111,1556,2001,0.0,8885.0,0.797058,0.713234,MEX,ITA,7613
880499,142,111,1556,2001,0.0,158484.0,1.065032,-0.065239,MLT,ITA,7613
880500,162,111,1556,2001,21444.0,3281.0,1.315685,1.590935,NLD,ITA,7613
880501,163,111,1556,2001,0.0,1260.0,0.974814,0.06512000000000001,NOR,ITA,7613
880502,169,111,1556,2001,0.0,9648.0,0.17588199999999998,0.422505,PAN,ITA,7613
880503,177,111,1556,2001,0.0,46489.0,0.9474540000000001,1.8408220000000002,POL,ITA,7613
880504,179,111,1556,2001,0.0,13015.0,0.482048,1.662123,PRT,ITA,7613
880505,183,111,1556,2001,0.0,2748.0,-0.46564799999999995,-1.127634,QAT,ITA,7613
880506,185,111,1556,2001,0.0,5536.0,0.326733,1.005332,ROU,ITA,7613
880507,186,111,1556,2001,0.0,3132294.0,0.945816,0.35027600000000003,RUS,ITA,7613
880508,188,111,1556,2001,2169.0,0.0,0.5370550000000001,-0.793469,SAU,ITA,7613
880509,189,111,1556,2001,0.0,59384.0,0.45280200000000004,2.469852,SCG,ITA,7613
880510,192,111,1556,2001,0.0,24042.0,1.364239,0.721074,SGP,ITA,7613
880511,197,111,1556,2001,0.0,3733.0,-0.181554,-0.031294,SLV,ITA,7613
880512,206,111,1556,2001,0.0,19861.0,1.1732770000000001,1.088576,SVK,ITA,7613
880513,207,111,1556,2001,41709.0,40685.0,1.5074370000000001,1.1370040000000001,SVN,ITA,7613
880514,208,111,1556,2001,0.0,9000.0,2.156845,0.784439,SWE,ITA,7613
880515,212,111,1556,2001,0.0,13818.0,-1.057217,-0.716331,SYR,ITA,7613
880516,216,111,1556,2001,0.0,58690.0,0.37555900000000003,1.498267,THA,ITA,7613
880517,223,111,1556,2001,0.0,3588.0,-0.162152,0.23939699999999997,TUN,ITA,7613
880518,224,111,1556,2001,0.0,3991.0,0.188773,1.91451,TUR,ITA,7613
880519,226,111,1556,2001,0.0,5620.0,-1.193991,-0.49282200000000004,TZA,ITA,7613
880520,231,111,1556,2001,104326.0,270167.0,1.873674,0.168468,USA,ITA,7613
880521,246,111,1556,2001,0.0,101037.0,0.356842,2.006155,ZAF,ITA,7613
880522,231,112,1556,2001,150091.0,0.0,1.873674,0.168468,USA,JAM,7613
880523,14,114,1556,2001,5644462.0,0.0,0.29463,0.772375,AUS,JPN,7613
880524,15,114,1556,2001,1048.0,0.0,1.8571650000000002,0.603191,AUT,JPN,7613
880525,39,114,1556,2001,96546.0,2022.0,0.971827,1.105171,CAN,JPN,7613
880526,41,114,1556,2001,7902.0,0.0,2.227246,0.553956,CHE,JPN,7613
880527,43,114,1556,2001,122190.0,12579.0,0.525171,3.092963,CHN,JPN,7613
880528,61,114,1556,2001,138403.0,0.0,2.321375,-2.1110990000000003,DEU,JPN,7613
880529,77,114,1556,2001,1328693.0,0.0,1.653507,0.797582,FRA,JPN,7613
880530,81,114,1556,2001,106087.0,20396.0,1.976894,0.685435,GBR,JPN,7613
880531,97,114,1556,2001,10538.0,3182.0,0.521528,2.3025,HKG,JPN,7613
880532,103,114,1556,2001,0.0,13816.0,-0.167771,1.6587889999999998,IDN,JPN,7613
880533,111,114,1556,2001,34107.0,0.0,1.389926,1.282143,ITA,JPN,7613
880534,121,114,1556,2001,315759.0,485834.0,1.145797,1.0762399999999999,KOR,JPN,7613
880535,138,114,1556,2001,0.0,3247.0,0.797058,0.713234,MEX,JPN,7613
880536,153,114,1556,2001,15066.0,132433.0,0.768174,0.307033,MYS,JPN,7613
880537,183,114,1556,2001,0.0,19424.0,-0.46564799999999995,-1.127634,QAT,JPN,7613
880538,186,114,1556,2001,0.0,1683.0,0.945816,0.35027600000000003,RUS,JPN,7613
880539,192,114,1556,2001,0.0,2659.0,1.364239,0.721074,SGP,JPN,7613
880540,216,114,1556,2001,273475.0,0.0,0.37555900000000003,1.498267,THA,JPN,7613
880541,231,114,1556,2001,4622751.0,142767.0,1.873674,0.168468,USA,JPN,7613
880542,236,114,1556,2001,0.0,124479.0,0.261158,-0.7397,VEN,JPN,7613
880543,239,114,1556,2001,2353.0,86502.0,-0.6692130000000001,0.610992,VNM,JPN,7613
880544,249,114,1556,2001,0.0,33090.0,1.5731700000000002,1.353159,TWN,JPN,7613
880545,14,121,1556,2001,1593271.0,0.0,0.29463,0.772375,AUS,KOR,7613
880546,39,121,1556,2001,10754.0,29578.0,0.971827,1.105171,CAN,KOR,7613
880547,43,121,1556,2001,11609.0,31185.0,0.525171,3.092963,CHN,KOR,7613
880548,61,121,1556,2001,3767.0,1958.0,2.321375,-2.1110990000000003,DEU,KOR,7613
880549,77,121,1556,2001,118024.0,4834.0,1.653507,0.797582,FRA,KOR,7613
880550,81,121,1556,2001,111006.0,0.0,1.976894,0.685435,GBR,KOR,7613
880551,111,121,1556,2001,17431.0,0.0,1.389926,1.282143,ITA,KOR,7613
880552,114,121,1556,2001,485834.0,315759.0,2.585857,0.522663,JPN,KOR,7613
880553,118,121,1556,2001,0.0,12845.0,-1.231058,-1.154536,KHM,KOR,7613
880554,122,121,1556,2001,0.0,10638.0,-0.8197,-1.183758,KWT,KOR,7613
880555,153,121,1556,2001,2411.0,0.0,0.768174,0.307033,MYS,KOR,7613
880556,166,121,1556,2001,0.0,27376.0,0.521409,0.683134,NZL,KOR,7613
880557,183,121,1556,2001,0.0,2232.0,-0.46564799999999995,-1.127634,QAT,KOR,7613
880558,192,121,1556,2001,5358.0,3643.0,1.364239,0.721074,SGP,KOR,7613
880559,208,121,1556,2001,6572.0,0.0,2.156845,0.784439,SWE,KOR,7613
880560,216,121,1556,2001,174470.0,0.0,0.37555900000000003,1.498267,THA,KOR,7613
880561,231,121,1556,2001,269487.0,464495.0,1.873674,0.168468,USA,KOR,7613
880562,239,121,1556,2001,0.0,9957.0,-0.6692130000000001,0.610992,VNM,KOR,7613
880563,249,121,1556,2001,0.0,14594.0,1.5731700000000002,1.353159,TWN,KOR,7613
880564,61,124,1556,2001,2806.0,0.0,2.321375,-2.1110990000000003,DEU,LBN,7613
880565,77,124,1556,2001,2136.0,0.0,1.653507,0.797582,FRA,LBN,7613
880566,81,124,1556,2001,9840.0,0.0,1.976894,0.685435,GBR,LBN,7613
880567,103,124,1556,2001,113409.0,0.0,-0.167771,1.6587889999999998,IDN,LBN,7613
880568,231,124,1556,2001,6444.0,0.0,1.873674,0.168468,USA,LBN,7613
880569,18,138,1556,2001,1626.0,0.0,1.4328370000000001,1.408495,BEL,MEX,7613
880570,39,138,1556,2001,94849.0,1282.0,0.971827,1.105171,CAN,MEX,7613
880571,43,138,1556,2001,7659.0,0.0,0.525171,3.092963,CHN,MEX,7613
880572,52,138,1556,2001,0.0,3559.0,0.069458,-0.042793,CRI,MEX,7613
880573,61,138,1556,2001,966.0,0.0,2.321375,-2.1110990000000003,DEU,MEX,7613
880574,67,138,1556,2001,0.0,82578.0,-0.852642,-0.896374,ECU,MEX,7613
880575,71,138,1556,2001,35008.0,0.0,1.079664,1.9842220000000002,ESP,MEX,7613
880576,77,138,1556,2001,1504.0,0.0,1.653507,0.797582,FRA,MEX,7613
880577,111,138,1556,2001,8885.0,0.0,1.389926,1.282143,ITA,MEX,7613
880578,114,138,1556,2001,3247.0,0.0,2.585857,0.522663,JPN,MEX,7613
880579,160,138,1556,2001,0.0,25987.0,-0.8917430000000001,-0.713179,NIC,MEX,7613
880580,162,138,1556,2001,1192.0,0.0,1.315685,1.590935,NLD,MEX,7613
880581,197,138,1556,2001,0.0,10739.0,-0.181554,-0.031294,SLV,MEX,7613
880582,231,138,1556,2001,563118.0,10148.0,1.873674,0.168468,USA,MEX,7613
880583,236,138,1556,2001,0.0,1732.0,0.261158,-0.7397,VEN,MEX,7613
880584,249,138,1556,2001,3976.0,0.0,1.5731700000000002,1.353159,TWN,MEX,7613
880585,81,159,1556,2001,31096.0,0.0,1.976894,0.685435,GBR,NGA,7613
880586,215,159,1556,2001,84803.0,0.0,-0.758725,-0.577004,TGO,NGA,7613
880587,231,159,1556,2001,3565.0,0.0,1.873674,0.168468,USA,NGA,7613
880588,138,160,1556,2001,25987.0,0.0,0.797058,0.713234,MEX,NIC,7613
880589,197,160,1556,2001,0.0,4997.0,-0.181554,-0.031294,SLV,NIC,7613
880590,231,160,1556,2001,8782.0,0.0,1.873674,0.168468,USA,NIC,7613
880591,7,162,1556,2001,2785.0,0.0,-0.193984,-0.457124,ARE,NLD,7613
880592,18,162,1556,2001,32426.0,17681.0,1.4328370000000001,1.408495,BEL,NLD,7613
880593,39,162,1556,2001,3293.0,0.0,0.971827,1.105171,CAN,NLD,7613
880594,41,162,1556,2001,4376.0,15006.0,2.227246,0.553956,CHE,NLD,7613
880595,43,162,1556,2001,294717.0,0.0,0.525171,3.092963,CHN,NLD,7613
880596,61,162,1556,2001,954670.0,113766.0,2.321375,-2.1110990000000003,DEU,NLD,7613
880597,64,162,1556,2001,0.0,52074.0,1.261883,1.351875,DNK,NLD,7613
880598,71,162,1556,2001,1085.0,18741.0,1.079664,1.9842220000000002,ESP,NLD,7613
880599,77,162,1556,2001,475763.0,0.0,1.653507,0.797582,FRA,NLD,7613
880600,81,162,1556,2001,2696903.0,1181664.0,1.976894,0.685435,GBR,NLD,7613
880601,100,162,1556,2001,0.0,12366.0,0.544596,0.969535,HRV,NLD,7613
880602,107,162,1556,2001,0.0,3581.0,-0.7732479999999999,-0.8979370000000001,IRN,NLD,7613
880603,110,162,1556,2001,3265.0,2524.0,1.374873,0.775594,ISR,NLD,7613
880604,111,162,1556,2001,3281.0,21444.0,1.389926,1.282143,ITA,NLD,7613
880605,134,162,1556,2001,0.0,4662.0,-0.75275,-0.280397,MAR,NLD,7613
880606,138,162,1556,2001,0.0,1192.0,0.797058,0.713234,MEX,NLD,7613
880607,163,162,1556,2001,3114.0,0.0,0.974814,0.06512000000000001,NOR,NLD,7613
880608,177,162,1556,2001,0.0,2776.0,0.9474540000000001,1.8408220000000002,POL,NLD,7613
880609,179,162,1556,2001,3468.0,0.0,0.482048,1.662123,PRT,NLD,7613
880610,183,162,1556,2001,0.0,8268.0,-0.46564799999999995,-1.127634,QAT,NLD,7613
880611,186,162,1556,2001,0.0,3101.0,0.945816,0.35027600000000003,RUS,NLD,7613
880612,208,162,1556,2001,13372.0,3574.0,2.156845,0.784439,SWE,NLD,7613
880613,224,162,1556,2001,0.0,5914.0,0.188773,1.91451,TUR,NLD,7613
880614,231,162,1556,2001,385045.0,0.0,1.873674,0.168468,USA,NLD,7613
880615,249,162,1556,2001,0.0,38311.0,1.5731700000000002,1.353159,TWN,NLD,7613
880616,18,163,1556,2001,26441.0,565771.0,1.4328370000000001,1.408495,BEL,NOR,7613
880617,61,163,1556,2001,29790.0,4809.0,2.321375,-2.1110990000000003,DEU,NOR,7613
880618,64,163,1556,2001,76930.0,149037.0,1.261883,1.351875,DNK,NOR,7613
880619,74,163,1556,2001,0.0,100251.0,2.069141,0.9375180000000001,FIN,NOR,7613
880620,77,163,1556,2001,47717.0,0.0,1.653507,0.797582,FRA,NOR,7613
880621,81,163,1556,2001,2101.0,11855.0,1.976894,0.685435,GBR,NOR,7613
880622,97,163,1556,2001,0.0,64478.0,0.521528,2.3025,HKG,NOR,7613
880623,104,163,1556,2001,0.0,1121.0,0.349744,2.665844,IND,NOR,7613
880624,111,163,1556,2001,1260.0,0.0,1.389926,1.282143,ITA,NOR,7613
880625,115,163,1556,2001,0.0,5153.0,0.009714,-0.525899,KAZ,NOR,7613
880626,162,163,1556,2001,0.0,3114.0,1.315685,1.590935,NLD,NOR,7613
880627,177,163,1556,2001,0.0,17836.0,0.9474540000000001,1.8408220000000002,POL,NOR,7613
880628,183,163,1556,2001,0.0,2583.0,-0.46564799999999995,-1.127634,QAT,NOR,7613
880629,189,163,1556,2001,47046.0,0.0,0.45280200000000004,2.469852,SCG,NOR,7613
880630,208,163,1556,2001,503490.0,847818.0,2.156845,0.784439,SWE,NOR,7613
880631,231,163,1556,2001,799694.0,3349.0,1.873674,0.168468,USA,NOR,7613
880632,8,166,1556,2001,0.0,3744.0,0.287698,0.547137,ARG,NZL,7613
880633,10,166,1556,2001,0.0,1802.0,1.343164,0.15453,ASM,NZL,7613
880634,14,166,1556,2001,1169549.0,20476.0,0.29463,0.772375,AUS,NZL,7613
880635,39,166,1556,2001,4602.0,0.0,0.971827,1.105171,CAN,NZL,7613
880636,41,166,1556,2001,1203.0,5446.0,2.227246,0.553956,CHE,NZL,7613
880637,48,166,1556,2001,0.0,1870.0,-0.003435,-0.72313,COK,NZL,7613
880638,81,166,1556,2001,556066.0,0.0,1.976894,0.685435,GBR,NZL,7613
880639,102,166,1556,2001,17400.0,0.0,1.102262,1.138016,HUN,NZL,7613
880640,121,166,1556,2001,27376.0,0.0,1.145797,1.0762399999999999,KOR,NZL,7613
880641,192,166,1556,2001,8252.0,5529.0,1.364239,0.721074,SGP,NZL,7613
880642,208,166,1556,2001,3956.0,0.0,2.156845,0.784439,SWE,NZL,7613
880643,231,166,1556,2001,27379.0,0.0,1.873674,0.168468,USA,NZL,7613
880644,240,166,1556,2001,0.0,3129.0,-0.9620719999999999,-0.873368,VUT,NZL,7613
880645,250,166,1556,2001,4697.0,0.0,1.096023,-0.33562600000000004,ANS,NZL,7613
880646,71,169,1556,2001,1038.0,0.0,1.079664,1.9842220000000002,ESP,PAN,7613
880647,111,169,1556,2001,9648.0,0.0,1.389926,1.282143,ITA,PAN,7613
880648,231,169,1556,2001,6722.0,0.0,1.873674,0.168468,USA,PAN,7613
880649,42,173,1556,2001,2336.0,0.0,-0.004658,-0.002548,CHL,PER,7613
880650,77,173,1556,2001,5269.0,0.0,1.653507,0.797582,FRA,PER,7613
880651,81,173,1556,2001,1642.0,0.0,1.976894,0.685435,GBR,PER,7613
880652,231,173,1556,2001,55580.0,0.0,1.873674,0.168468,USA,PER,7613
880653,236,173,1556,2001,5127.0,0.0,0.261158,-0.7397,VEN,PER,7613
880654,14,174,1556,2001,346132.0,0.0,0.29463,0.772375,AUS,PHL,7613
880655,41,174,1556,2001,889.0,0.0,2.227246,0.553956,CHE,PHL,7613
880656,43,174,1556,2001,174950.0,0.0,0.525171,3.092963,CHN,PHL,7613
880657,67,174,1556,2001,0.0,3913.0,-0.852642,-0.896374,ECU,PHL,7613
880658,71,174,1556,2001,3728.0,0.0,1.079664,1.9842220000000002,ESP,PHL,7613
880659,81,174,1556,2001,18154.0,0.0,1.976894,0.685435,GBR,PHL,7613
880660,192,174,1556,2001,9126.0,0.0,1.364239,0.721074,SGP,PHL,7613
880661,216,174,1556,2001,36149.0,0.0,0.37555900000000003,1.498267,THA,PHL,7613
880662,231,174,1556,2001,466400.0,0.0,1.873674,0.168468,USA,PHL,7613
880663,8,180,1556,2001,1643.0,0.0,0.287698,0.547137,ARG,PRY,7613
880664,231,180,1556,2001,2288.0,0.0,1.873674,0.168468,USA,PRY,7613
880665,15,185,1556,2001,950.0,0.0,1.8571650000000002,0.603191,AUT,ROU,7613
880666,18,185,1556,2001,1876.0,0.0,1.4328370000000001,1.408495,BEL,ROU,7613
880667,59,185,1556,2001,1480.0,690.0,1.485703,1.109305,CZE,ROU,7613
880668,61,185,1556,2001,131096.0,0.0,2.321375,-2.1110990000000003,DEU,ROU,7613
880669,77,185,1556,2001,9391.0,0.0,1.653507,0.797582,FRA,ROU,7613
880670,81,185,1556,2001,24923.0,2306.0,1.976894,0.685435,GBR,ROU,7613
880671,102,185,1556,2001,2462.0,0.0,1.102262,1.138016,HUN,ROU,7613
880672,111,185,1556,2001,5536.0,0.0,1.389926,1.282143,ITA,ROU,7613
880673,135,185,1556,2001,810.0,0.0,-0.024822,-0.15323399999999998,MDA,ROU,7613
880674,231,185,1556,2001,5871.0,0.0,1.873674,0.168468,USA,ROU,7613
880675,14,192,1556,2001,781267.0,2793.0,0.29463,0.772375,AUS,SGP,7613
880676,18,192,1556,2001,12418.0,0.0,1.4328370000000001,1.408495,BEL,SGP,7613
880677,22,192,1556,2001,0.0,1953.0,-1.0406739999999999,-1.010108,BGD,SGP,7613
880678,34,192,1556,2001,0.0,1482.0,-0.8654209999999999,-0.930599,BRN,SGP,7613
880679,43,192,1556,2001,10492.0,3491.0,0.525171,3.092963,CHN,SGP,7613
880680,61,192,1556,2001,35099.0,4647.0,2.321375,-2.1110990000000003,DEU,SGP,7613
880681,77,192,1556,2001,76192.0,0.0,1.653507,0.797582,FRA,SGP,7613
880682,81,192,1556,2001,651639.0,15761.0,1.976894,0.685435,GBR,SGP,7613
880683,97,192,1556,2001,1656.0,15035.0,0.521528,2.3025,HKG,SGP,7613
880684,103,192,1556,2001,113179.0,28828.0,-0.167771,1.6587889999999998,IDN,SGP,7613
880685,104,192,1556,2001,9743.0,2600.0,0.349744,2.665844,IND,SGP,7613
880686,111,192,1556,2001,24042.0,0.0,1.389926,1.282143,ITA,SGP,7613
880687,114,192,1556,2001,2659.0,0.0,2.585857,0.522663,JPN,SGP,7613
880688,115,192,1556,2001,0.0,5856.0,0.009714,-0.525899,KAZ,SGP,7613
880689,121,192,1556,2001,3643.0,5358.0,1.145797,1.0762399999999999,KOR,SGP,7613
880690,137,192,1556,2001,0.0,3687.0,-0.980734,-0.9785659999999999,MDV,SGP,7613
880691,143,192,1556,2001,0.0,27886.0,-1.5627,-1.150854,MMR,SGP,7613
880692,153,192,1556,2001,400140.0,11473.0,0.768174,0.307033,MYS,SGP,7613
880693,166,192,1556,2001,5529.0,8252.0,0.521409,0.683134,NZL,SGP,7613
880694,174,192,1556,2001,0.0,9126.0,-0.028201,-0.112349,PHL,SGP,7613
880695,216,192,1556,2001,115416.0,19075.0,0.37555900000000003,1.498267,THA,SGP,7613
880696,231,192,1556,2001,252027.0,0.0,1.873674,0.168468,USA,SGP,7613
880697,239,192,1556,2001,0.0,9055.0,-0.6692130000000001,0.610992,VNM,SGP,7613
880698,249,192,1556,2001,1000.0,3454.0,1.5731700000000002,1.353159,TWN,SGP,7613
880699,18,197,1556,2001,0.0,2463.0,1.4328370000000001,1.408495,BEL,SLV,7613
880700,81,197,1556,2001,9946.0,0.0,1.976894,0.685435,GBR,SLV,7613
880701,111,197,1556,2001,3733.0,0.0,1.389926,1.282143,ITA,SLV,7613
880702,138,197,1556,2001,10739.0,0.0,0.797058,0.713234,MEX,SLV,7613
880703,160,197,1556,2001,4997.0,0.0,-0.8917430000000001,-0.713179,NIC,SLV,7613
880704,231,197,1556,2001,89638.0,0.0,1.873674,0.168468,USA,SLV,7613
880705,231,205,1556,2001,36167.0,20468.0,1.873674,0.168468,USA,SUR,7613
880706,18,208,1556,2001,0.0,6738.0,1.4328370000000001,1.408495,BEL,SWE,7613
880707,39,208,1556,2001,2622.0,1564.0,0.971827,1.105171,CAN,SWE,7613
880708,41,208,1556,2001,2594.0,1207.0,2.227246,0.553956,CHE,SWE,7613
880709,61,208,1556,2001,91194.0,0.0,2.321375,-2.1110990000000003,DEU,SWE,7613
880710,64,208,1556,2001,3034.0,8344.0,1.261883,1.351875,DNK,SWE,7613
880711,71,208,1556,2001,0.0,28131.0,1.079664,1.9842220000000002,ESP,SWE,7613
880712,74,208,1556,2001,0.0,24539.0,2.069141,0.9375180000000001,FIN,SWE,7613
880713,77,208,1556,2001,467279.0,12076.0,1.653507,0.797582,FRA,SWE,7613
880714,81,208,1556,2001,1149702.0,4407.0,1.976894,0.685435,GBR,SWE,7613
880715,102,208,1556,2001,226883.0,0.0,1.102262,1.138016,HUN,SWE,7613
880716,104,208,1556,2001,13221.0,0.0,0.349744,2.665844,IND,SWE,7613
880717,111,208,1556,2001,9000.0,0.0,1.389926,1.282143,ITA,SWE,7613
880718,121,208,1556,2001,0.0,6572.0,1.145797,1.0762399999999999,KOR,SWE,7613
880719,153,208,1556,2001,0.0,3795.0,0.768174,0.307033,MYS,SWE,7613
880720,162,208,1556,2001,3574.0,13372.0,1.315685,1.590935,NLD,SWE,7613
880721,163,208,1556,2001,847818.0,503490.0,0.974814,0.06512000000000001,NOR,SWE,7613
880722,166,208,1556,2001,0.0,3956.0,0.521409,0.683134,NZL,SWE,7613
880723,177,208,1556,2001,7202.0,0.0,0.9474540000000001,1.8408220000000002,POL,SWE,7613
880724,231,208,1556,2001,171026.0,1608.0,1.873674,0.168468,USA,SWE,7613
880725,14,216,1556,2001,255519.0,5158.0,0.29463,0.772375,AUS,THA,7613
880726,43,216,1556,2001,0.0,56334.0,0.525171,3.092963,CHN,THA,7613
880727,61,216,1556,2001,4424.0,0.0,2.321375,-2.1110990000000003,DEU,THA,7613
880728,64,216,1556,2001,1344.0,0.0,1.261883,1.351875,DNK,THA,7613
880729,77,216,1556,2001,12152.0,0.0,1.653507,0.797582,FRA,THA,7613
880730,81,216,1556,2001,50353.0,0.0,1.976894,0.685435,GBR,THA,7613
880731,97,216,1556,2001,0.0,4239.0,0.521528,2.3025,HKG,THA,7613
880732,103,216,1556,2001,91128.0,0.0,-0.167771,1.6587889999999998,IDN,THA,7613
880733,111,216,1556,2001,58690.0,0.0,1.389926,1.282143,ITA,THA,7613
880734,114,216,1556,2001,0.0,273475.0,2.585857,0.522663,JPN,THA,7613
880735,121,216,1556,2001,0.0,174470.0,1.145797,1.0762399999999999,KOR,THA,7613
880736,143,216,1556,2001,0.0,94552.0,-1.5627,-1.150854,MMR,THA,7613
880737,153,216,1556,2001,13260.0,125864.0,0.768174,0.307033,MYS,THA,7613
880738,174,216,1556,2001,0.0,36149.0,-0.028201,-0.112349,PHL,THA,7613
880739,192,216,1556,2001,19075.0,115416.0,1.364239,0.721074,SGP,THA,7613
880740,231,216,1556,2001,66799.0,22059.0,1.873674,0.168468,USA,THA,7613
880741,246,216,1556,2001,1484.0,0.0,0.356842,2.006155,ZAF,THA,7613
880742,249,216,1556,2001,0.0,91372.0,1.5731700000000002,1.353159,TWN,THA,7613
880743,81,222,1556,2001,1864.0,0.0,1.976894,0.685435,GBR,TTO,7613
880744,127,222,1556,2001,0.0,6666.0,0.004518,-0.5326770000000001,LCA,TTO,7613
880745,231,222,1556,2001,321207.0,1383.0,1.873674,0.168468,USA,TTO,7613
880746,14,224,1556,2001,169886.0,0.0,0.29463,0.772375,AUS,TUR,7613
880747,15,224,1556,2001,1558.0,0.0,1.8571650000000002,0.603191,AUT,TUR,7613
880748,18,224,1556,2001,2183.0,0.0,1.4328370000000001,1.408495,BEL,TUR,7613
880749,23,224,1556,2001,0.0,1797.0,0.41425100000000004,1.639866,BGR,TUR,7613
880750,39,224,1556,2001,20055.0,0.0,0.971827,1.105171,CAN,TUR,7613
880751,41,224,1556,2001,4492.0,0.0,2.227246,0.553956,CHE,TUR,7613
880752,61,224,1556,2001,29400.0,251717.0,2.321375,-2.1110990000000003,DEU,TUR,7613
880753,77,224,1556,2001,254267.0,14078.0,1.653507,0.797582,FRA,TUR,7613
880754,81,224,1556,2001,35047.0,543200.0,1.976894,0.685435,GBR,TUR,7613
880755,110,224,1556,2001,0.0,38066.0,1.374873,0.775594,ISR,TUR,7613
880756,111,224,1556,2001,3991.0,0.0,1.389926,1.282143,ITA,TUR,7613
880757,162,224,1556,2001,5914.0,0.0,1.315685,1.590935,NLD,TUR,7613
880758,231,224,1556,2001,19252.0,0.0,1.873674,0.168468,USA,TUR,7613
880759,6,231,1556,2001,0.0,29228.0,0.260662,-0.66681,ANT,USA,7613
880760,7,231,1556,2001,0.0,33545.0,-0.193984,-0.457124,ARE,USA,7613
880761,8,231,1556,2001,52824.0,94773.0,0.287698,0.547137,ARG,USA,7613
880762,14,231,1556,2001,154251.0,879909.0,0.29463,0.772375,AUS,USA,7613
880763,15,231,1556,2001,1399673.0,65469.0,1.8571650000000002,0.603191,AUT,USA,7613
880764,17,231,1556,2001,0.0,659.0,-0.554955,-0.755333,BDI,USA,7613
880765,18,231,1556,2001,22960.0,138596.0,1.4328370000000001,1.408495,BEL,USA,7613
880766,22,231,1556,2001,0.0,898.0,-1.0406739999999999,-1.010108,BGD,USA,7613
880767,24,231,1556,2001,0.0,37775.0,-0.11008399999999999,-1.053611,BHR,USA,7613
880768,25,231,1556,2001,1338.0,64498.0,0.803267,-0.071853,BHS,USA,7613
880769,29,231,1556,2001,0.0,18372.0,-0.297981,-0.695022,BLZ,USA,7613
880770,30,231,1556,2001,0.0,3886.0,1.1006129999999998,-0.5565329999999999,BMU,USA,7613
880771,31,231,1556,2001,0.0,7852.0,-0.680108,-0.678143,BOL,USA,7613
880772,32,231,1556,2001,0.0,909734.0,0.672496,1.051848,BRA,USA,7613
880773,33,231,1556,2001,0.0,1753.0,0.725546,0.172345,BRB,USA,7613
880774,39,231,1556,2001,1432427.0,6564960.0,0.971827,1.105171,CAN,USA,7613
880775,41,231,1556,2001,49571.0,56388.0,2.227246,0.553956,CHE,USA,7613
880776,42,231,1556,2001,0.0,99658.0,-0.004658,-0.002548,CHL,USA,7613
880777,43,231,1556,2001,998.0,704394.0,0.525171,3.092963,CHN,USA,7613
880778,49,231,1556,2001,0.0,56355.0,0.30412,0.395913,COL,USA,7613
880779,51,231,1556,2001,0.0,1276.0,0.063802,-0.456617,CPV,USA,7613
880780,52,231,1556,2001,0.0,39869.0,0.069458,-0.042793,CRI,USA,7613
880781,58,231,1556,2001,0.0,15161.0,0.381251,0.257802,CYP,USA,7613
880782,59,231,1556,2001,18381.0,270606.0,1.485703,1.109305,CZE,USA,7613
880783,61,231,1556,2001,72457.0,1328883.0,2.321375,-2.1110990000000003,DEU,USA,7613
880784,63,231,1556,2001,0.0,1418.0,0.613251,0.226998,DMA,USA,7613
880785,64,231,1556,2001,0.0,29762.0,1.261883,1.351875,DNK,USA,7613
880786,65,231,1556,2001,0.0,38760.0,-0.538419,-0.48773900000000003,DOM,USA,7613
880787,66,231,1556,2001,0.0,1531.0,-0.663363,-1.158295,DZA,USA,7613
880788,67,231,1556,2001,0.0,220825.0,-0.852642,-0.896374,ECU,USA,7613
880789,68,231,1556,2001,0.0,109771.0,-0.373576,0.366385,EGY,USA,7613
880790,71,231,1556,2001,1987.0,41631.0,1.079664,1.9842220000000002,ESP,USA,7613
880791,72,231,1556,2001,0.0,711.0,0.5746829999999999,0.9073899999999999,EST,USA,7613
880792,74,231,1556,2001,0.0,18907.0,2.069141,0.9375180000000001,FIN,USA,7613
880793,77,231,1556,2001,93398.0,655061.0,1.653507,0.797582,FRA,USA,7613
880794,81,231,1556,2001,288368.0,1715411.0,1.976894,0.685435,GBR,USA,7613
880795,93,231,1556,2001,0.0,226344.0,-0.5089520000000001,0.216677,GTM,USA,7613
880796,96,231,1556,2001,0.0,4085.0,-0.955816,-0.8593069999999999,GUY,USA,7613
880797,97,231,1556,2001,29842.0,246673.0,0.521528,2.3025,HKG,USA,7613
880798,99,231,1556,2001,0.0,7118.0,-0.8003060000000001,-0.602097,HND,USA,7613
880799,100,231,1556,2001,0.0,3581.0,0.544596,0.969535,HRV,USA,7613
880800,101,231,1556,2001,0.0,36656.0,-1.220515,-0.8502200000000001,HTI,USA,7613
880801,102,231,1556,2001,48203.0,4820.0,1.102262,1.138016,HUN,USA,7613
880802,103,231,1556,2001,2701.0,475375.0,-0.167771,1.6587889999999998,IDN,USA,7613
880803,104,231,1556,2001,209509.0,33127.0,0.349744,2.665844,IND,USA,7613
880804,106,231,1556,2001,0.0,24330.0,1.664233,0.129983,IRL,USA,7613
880805,107,231,1556,2001,0.0,238.0,-0.7732479999999999,-0.8979370000000001,IRN,USA,7613
880806,109,231,1556,2001,0.0,4046.0,0.032382999999999995,-0.51054,ISL,USA,7613
880807,110,231,1556,2001,0.0,161255.0,1.374873,0.775594,ISR,USA,7613
880808,111,231,1556,2001,270167.0,104326.0,1.389926,1.282143,ITA,USA,7613
880809,112,231,1556,2001,0.0,150091.0,-0.541582,-0.837248,JAM,USA,7613
880810,113,231,1556,2001,0.0,192059.0,0.375134,0.581558,JOR,USA,7613
880811,114,231,1556,2001,142767.0,4622751.0,2.585857,0.522663,JPN,USA,7613
880812,115,231,1556,2001,0.0,8353.0,0.009714,-0.525899,KAZ,USA,7613
880813,116,231,1556,2001,0.0,10741.0,-0.529388,0.092271,KEN,USA,7613
880814,121,231,1556,2001,464495.0,269487.0,1.145797,1.0762399999999999,KOR,USA,7613
880815,122,231,1556,2001,0.0,82829.0,-0.8197,-1.183758,KWT,USA,7613
880816,124,231,1556,2001,0.0,6444.0,0.165355,0.988008,LBN,USA,7613
880817,127,231,1556,2001,0.0,3503.0,0.004518,-0.5326770000000001,LCA,USA,7613
880818,130,231,1556,2001,0.0,7081.0,0.15706900000000001,0.416663,LTU,USA,7613
880819,134,231,1556,2001,0.0,6845.0,-0.75275,-0.280397,MAR,USA,7613
880820,138,231,1556,2001,10148.0,563118.0,0.797058,0.713234,MEX,USA,7613
880821,152,231,1556,2001,0.0,10731.0,-1.388716,-1.116315,MWI,USA,7613
880822,153,231,1556,2001,2264.0,102663.0,0.768174,0.307033,MYS,USA,7613
880823,159,231,1556,2001,0.0,3565.0,-1.966439,-1.2724520000000001,NGA,USA,7613
880824,160,231,1556,2001,0.0,8782.0,-0.8917430000000001,-0.713179,NIC,USA,7613
880825,162,231,1556,2001,0.0,385045.0,1.315685,1.590935,NLD,USA,7613
880826,163,231,1556,2001,3349.0,799694.0,0.974814,0.06512000000000001,NOR,USA,7613
880827,166,231,1556,2001,0.0,27379.0,0.521409,0.683134,NZL,USA,7613
880828,167,231,1556,2001,0.0,1243.0,-0.909329,-1.189698,OMN,USA,7613
880829,168,231,1556,2001,0.0,14805.0,-0.8376520000000001,-0.378743,PAK,USA,7613
880830,169,231,1556,2001,0.0,6722.0,0.17588199999999998,0.422505,PAN,USA,7613
880831,173,231,1556,2001,0.0,55580.0,-0.345519,0.202623,PER,USA,7613
880832,174,231,1556,2001,0.0,466400.0,-0.028201,-0.112349,PHL,USA,7613
880833,177,231,1556,2001,0.0,48789.0,0.9474540000000001,1.8408220000000002,POL,USA,7613
880834,179,231,1556,2001,0.0,21768.0,0.482048,1.662123,PRT,USA,7613
880835,180,231,1556,2001,0.0,2288.0,-0.68893,-0.9326690000000001,PRY,USA,7613
880836,182,231,1556,2001,0.0,5713.0,-0.005456,-0.7210770000000001,PYF,USA,7613
880837,183,231,1556,2001,0.0,6846.0,-0.46564799999999995,-1.127634,QAT,USA,7613
880838,185,231,1556,2001,0.0,5871.0,0.326733,1.005332,ROU,USA,7613
880839,186,231,1556,2001,0.0,2561.0,0.945816,0.35027600000000003,RUS,USA,7613
880840,188,231,1556,2001,0.0,19538.0,0.5370550000000001,-0.793469,SAU,USA,7613
880841,191,231,1556,2001,0.0,2965.0,-0.437779,-0.436654,SEN,USA,7613
880842,192,231,1556,2001,0.0,252027.0,1.364239,0.721074,SGP,USA,7613
880843,197,231,1556,2001,0.0,89638.0,-0.181554,-0.031294,SLV,USA,7613
880844,205,231,1556,2001,20468.0,36167.0,-0.650556,-0.801128,SUR,USA,7613
880845,206,231,1556,2001,0.0,14980.0,1.1732770000000001,1.088576,SVK,USA,7613
880846,207,231,1556,2001,0.0,2725.0,1.5074370000000001,1.1370040000000001,SVN,USA,7613
880847,208,231,1556,2001,1608.0,171026.0,2.156845,0.784439,SWE,USA,7613
880848,216,231,1556,2001,22059.0,66799.0,0.37555900000000003,1.498267,THA,USA,7613
880849,221,231,1556,2001,0.0,2359.0,-0.8627950000000001,-0.817174,TON,USA,7613
880850,222,231,1556,2001,1383.0,321207.0,0.178256,-0.709126,TTO,USA,7613
880851,224,231,1556,2001,0.0,19252.0,0.188773,1.91451,TUR,USA,7613
880852,226,231,1556,2001,0.0,1341.0,-1.193991,-0.49282200000000004,TZA,USA,7613
880853,227,231,1556,2001,0.0,5831.0,-0.9694860000000001,-0.840592,UGA,USA,7613
880854,228,231,1556,2001,0.0,4708.0,0.8376969999999999,0.989059,UKR,USA,7613
880855,230,231,1556,2001,0.0,43729.0,0.36029,0.298869,URY,USA,7613
880856,234,231,1556,2001,0.0,1602.0,-0.5042,-0.7987609999999999,VCT,USA,7613
880857,236,231,1556,2001,427786.0,36202.0,0.261158,-0.7397,VEN,USA,7613
880858,239,231,1556,2001,0.0,6932.0,-0.6692130000000001,0.610992,VNM,USA,7613
880859,246,231,1556,2001,0.0,59956.0,0.356842,2.006155,ZAF,USA,7613
880860,249,231,1556,2001,0.0,125429.0,1.5731700000000002,1.353159,TWN,USA,7613
880861,8,236,1556,2001,27138.0,0.0,0.287698,0.547137,ARG,VEN,7613
880862,14,236,1556,2001,34033.0,0.0,0.29463,0.772375,AUS,VEN,7613
880863,32,236,1556,2001,2135.0,0.0,0.672496,1.051848,BRA,VEN,7613
880864,41,236,1556,2001,3414.0,0.0,2.227246,0.553956,CHE,VEN,7613
880865,61,236,1556,2001,2618.0,0.0,2.321375,-2.1110990000000003,DEU,VEN,7613
880866,77,236,1556,2001,3965.0,0.0,1.653507,0.797582,FRA,VEN,7613
880867,114,236,1556,2001,124479.0,0.0,2.585857,0.522663,JPN,VEN,7613
880868,138,236,1556,2001,1732.0,0.0,0.797058,0.713234,MEX,VEN,7613
880869,173,236,1556,2001,0.0,5127.0,-0.345519,0.202623,PER,VEN,7613
880870,231,236,1556,2001,36202.0,427786.0,1.873674,0.168468,USA,VEN,7613
880871,14,239,1556,2001,3194.0,0.0,0.29463,0.772375,AUS,VNM,7613
880872,39,239,1556,2001,0.0,1432.0,0.971827,1.105171,CAN,VNM,7613
880873,77,239,1556,2001,15066.0,0.0,1.653507,0.797582,FRA,VNM,7613
880874,103,239,1556,2001,37706.0,0.0,-0.167771,1.6587889999999998,IDN,VNM,7613
880875,104,239,1556,2001,19110.0,0.0,0.349744,2.665844,IND,VNM,7613
880876,114,239,1556,2001,86502.0,2353.0,2.585857,0.522663,JPN,VNM,7613
880877,121,239,1556,2001,9957.0,0.0,1.145797,1.0762399999999999,KOR,VNM,7613
880878,153,239,1556,2001,71542.0,0.0,0.768174,0.307033,MYS,VNM,7613
880879,192,239,1556,2001,9055.0,0.0,1.364239,0.721074,SGP,VNM,7613
880880,228,239,1556,2001,5328.0,0.0,0.8376969999999999,0.989059,UKR,VNM,7613
880881,231,239,1556,2001,6932.0,0.0,1.873674,0.168468,USA,VNM,7613
880882,14,249,1556,2001,46863.0,0.0,0.29463,0.772375,AUS,TWN,7613
880883,39,249,1556,2001,920.0,4302.0,0.971827,1.105171,CAN,TWN,7613
880884,42,249,1556,2001,13913.0,0.0,-0.004658,-0.002548,CHL,TWN,7613
880885,43,249,1556,2001,22852.0,95799.0,0.525171,3.092963,CHN,TWN,7613
880886,61,249,1556,2001,15831.0,0.0,2.321375,-2.1110990000000003,DEU,TWN,7613
880887,77,249,1556,2001,106064.0,0.0,1.653507,0.797582,FRA,TWN,7613
880888,81,249,1556,2001,336267.0,0.0,1.976894,0.685435,GBR,TWN,7613
880889,97,249,1556,2001,19858.0,0.0,0.521528,2.3025,HKG,TWN,7613
880890,114,249,1556,2001,33090.0,0.0,2.585857,0.522663,JPN,TWN,7613
880891,121,249,1556,2001,14594.0,0.0,1.145797,1.0762399999999999,KOR,TWN,7613
880892,138,249,1556,2001,0.0,3976.0,0.797058,0.713234,MEX,TWN,7613
880893,153,249,1556,2001,9087.0,1142.0,0.768174,0.307033,MYS,TWN,7613
880894,162,249,1556,2001,38311.0,0.0,1.315685,1.590935,NLD,TWN,7613
880895,192,249,1556,2001,3454.0,1000.0,1.364239,0.721074,SGP,TWN,7613
880896,216,249,1556,2001,91372.0,0.0,0.37555900000000003,1.498267,THA,TWN,7613
880897,231,249,1556,2001,125429.0,0.0,1.873674,0.168468,USA,TWN,7613
880898,246,249,1556,2001,0.0,1346.0,0.356842,2.006155,ZAF,TWN,7613
880899,61,23,1556,2001,2903.0,0.0,2.321375,-2.1110990000000003,DEU,BGR,7613
880900,81,23,1556,2001,6856.0,0.0,1.976894,0.685435,GBR,BGR,7613
880901,177,23,1556,2001,6843.0,0.0,0.9474540000000001,1.8408220000000002,POL,BGR,7613
880902,224,23,1556,2001,1797.0,0.0,0.188773,1.91451,TUR,BGR,7613
880903,228,23,1556,2001,22879.0,0.0,0.8376969999999999,0.989059,UKR,BGR,7613
880904,186,28,1556,2001,13503.0,0.0,0.945816,0.35027600000000003,RUS,BLR,7613
880905,14,68,1556,2001,29838.0,0.0,0.29463,0.772375,AUS,EGY,7613
880906,43,68,1556,2001,72156.0,0.0,0.525171,3.092963,CHN,EGY,7613
880907,61,68,1556,2001,38601.0,0.0,2.321375,-2.1110990000000003,DEU,EGY,7613
880908,77,68,1556,2001,68220.0,0.0,1.653507,0.797582,FRA,EGY,7613
880909,81,68,1556,2001,136976.0,0.0,1.976894,0.685435,GBR,EGY,7613
880910,103,68,1556,2001,12773.0,0.0,-0.167771,1.6587889999999998,IDN,EGY,7613
880911,104,68,1556,2001,0.0,2720.0,0.349744,2.665844,IND,EGY,7613
880912,231,68,1556,2001,109771.0,0.0,1.873674,0.168468,USA,EGY,7613
880913,21,83,1556,2001,877.0,0.0,-0.291485,-0.20803000000000002,BFA,GHA,7613
880914,81,83,1556,2001,110857.0,0.0,1.976894,0.685435,GBR,GHA,7613
880915,111,83,1556,2001,28437.0,0.0,1.389926,1.282143,ITA,GHA,7613
880916,7,104,1556,2001,1130.0,15596.0,-0.193984,-0.457124,ARE,IND,7613
880917,15,104,1556,2001,3204.0,0.0,1.8571650000000002,0.603191,AUT,IND,7613
880918,18,104,1556,2001,0.0,1634.0,1.4328370000000001,1.408495,BEL,IND,7613
880919,22,104,1556,2001,0.0,38717.0,-1.0406739999999999,-1.010108,BGD,IND,7613
880920,43,104,1556,2001,152175.0,0.0,0.525171,3.092963,CHN,IND,7613
880921,61,104,1556,2001,1813.0,4620.0,2.321375,-2.1110990000000003,DEU,IND,7613
880922,68,104,1556,2001,2720.0,0.0,-0.373576,0.366385,EGY,IND,7613
880923,77,104,1556,2001,28381.0,0.0,1.653507,0.797582,FRA,IND,7613
880924,81,104,1556,2001,86542.0,17932.0,1.976894,0.685435,GBR,IND,7613
880925,106,104,1556,2001,0.0,3990.0,1.664233,0.129983,IRL,IND,7613
880926,108,104,1556,2001,0.0,1173708.0,-1.115465,-0.883028,IRQ,IND,7613
880927,116,104,1556,2001,0.0,7544.0,-0.529388,0.092271,KEN,IND,7613
880928,128,104,1556,2001,0.0,2270.0,-0.722434,-0.033818,LKA,IND,7613
880929,153,104,1556,2001,0.0,8333.0,0.768174,0.307033,MYS,IND,7613
880930,163,104,1556,2001,1121.0,0.0,0.974814,0.06512000000000001,NOR,IND,7613
880931,164,104,1556,2001,0.0,4392.0,-0.483749,-0.008754999999999999,NPL,IND,7613
880932,167,104,1556,2001,0.0,10980.0,-0.909329,-1.189698,OMN,IND,7613
880933,183,104,1556,2001,0.0,2216.0,-0.46564799999999995,-1.127634,QAT,IND,7613
880934,188,104,1556,2001,0.0,43211.0,0.5370550000000001,-0.793469,SAU,IND,7613
880935,190,104,1556,2001,0.0,68636.0,-1.6325180000000001,-1.263267,SDN,IND,7613
880936,192,104,1556,2001,2600.0,9743.0,1.364239,0.721074,SGP,IND,7613
880937,208,104,1556,2001,0.0,13221.0,2.156845,0.784439,SWE,IND,7613
880938,226,104,1556,2001,0.0,16314.0,-1.193991,-0.49282200000000004,TZA,IND,7613
880939,231,104,1556,2001,33127.0,209509.0,1.873674,0.168468,USA,IND,7613
880940,239,104,1556,2001,0.0,19110.0,-0.6692130000000001,0.610992,VNM,IND,7613
880941,243,104,1556,2001,0.0,120596.0,-1.465154,-1.261615,YEM,IND,7613
880942,39,106,1556,2001,1430.0,0.0,0.971827,1.105171,CAN,IRL,7613
880943,59,106,1556,2001,56704.0,0.0,1.485703,1.109305,CZE,IRL,7613
880944,61,106,1556,2001,36002.0,0.0,2.321375,-2.1110990000000003,DEU,IRL,7613
880945,77,106,1556,2001,326528.0,0.0,1.653507,0.797582,FRA,IRL,7613
880946,81,106,1556,2001,2905382.0,20479.0,1.976894,0.685435,GBR,IRL,7613
880947,97,106,1556,2001,1088.0,0.0,0.521528,2.3025,HKG,IRL,7613
880948,104,106,1556,2001,3990.0,0.0,0.349744,2.665844,IND,IRL,7613
880949,107,106,1556,2001,0.0,15886.0,-0.7732479999999999,-0.8979370000000001,IRN,IRL,7613
880950,111,106,1556,2001,9041.0,0.0,1.389926,1.282143,ITA,IRL,7613
880951,231,106,1556,2001,24330.0,0.0,1.873674,0.168468,USA,IRL,7613
880952,246,106,1556,2001,549602.0,0.0,0.356842,2.006155,ZAF,IRL,7613
880953,61,113,1556,2001,936.0,0.0,2.321375,-2.1110990000000003,DEU,JOR,7613
880954,77,113,1556,2001,3044.0,0.0,1.653507,0.797582,FRA,JOR,7613
880955,81,113,1556,2001,945.0,0.0,1.976894,0.685435,GBR,JOR,7613
880956,231,113,1556,2001,192059.0,0.0,1.873674,0.168468,USA,JOR,7613
880957,81,115,1556,2001,31473.0,0.0,1.976894,0.685435,GBR,KAZ,7613
880958,163,115,1556,2001,5153.0,0.0,0.974814,0.06512000000000001,NOR,KAZ,7613
880959,192,115,1556,2001,5856.0,0.0,1.364239,0.721074,SGP,KAZ,7613
880960,231,115,1556,2001,8353.0,0.0,1.873674,0.168468,USA,KAZ,7613
880961,39,116,1556,2001,1324.0,0.0,0.971827,1.105171,CAN,KEN,7613
880962,61,116,1556,2001,11145.0,0.0,2.321375,-2.1110990000000003,DEU,KEN,7613
880963,81,116,1556,2001,5507.0,0.0,1.976894,0.685435,GBR,KEN,7613
880964,104,116,1556,2001,7544.0,0.0,0.349744,2.665844,IND,KEN,7613
880965,187,116,1556,2001,0.0,2035.0,-1.260879,-0.861347,RWA,KEN,7613
880966,227,116,1556,2001,0.0,938.0,-0.9694860000000001,-0.840592,UGA,KEN,7613
880967,231,116,1556,2001,10741.0,0.0,1.873674,0.168468,USA,KEN,7613
880968,246,116,1556,2001,4697.0,0.0,0.356842,2.006155,ZAF,KEN,7613
880969,61,132,1556,2001,4894.0,0.0,2.321375,-2.1110990000000003,DEU,LVA,7613
880970,77,132,1556,2001,13267.0,0.0,1.653507,0.797582,FRA,LVA,7613
880971,209,147,1556,2001,3976.0,0.0,0.372699,-0.287132,SWZ,MOZ,7613
880972,14,153,1556,2001,134218.0,57047.0,0.29463,0.772375,AUS,MYS,7613
880973,22,153,1556,2001,6168.0,0.0,-1.0406739999999999,-1.010108,BGD,MYS,7613
880974,34,153,1556,2001,0.0,1126.0,-0.8654209999999999,-0.930599,BRN,MYS,7613
880975,43,153,1556,2001,0.0,1154.0,0.525171,3.092963,CHN,MYS,7613
880976,61,153,1556,2001,1233.0,0.0,2.321375,-2.1110990000000003,DEU,MYS,7613
880977,77,153,1556,2001,11573.0,0.0,1.653507,0.797582,FRA,MYS,7613
880978,81,153,1556,2001,25575.0,0.0,1.976894,0.685435,GBR,MYS,7613
880979,103,153,1556,2001,215541.0,0.0,-0.167771,1.6587889999999998,IDN,MYS,7613
880980,104,153,1556,2001,8333.0,0.0,0.349744,2.665844,IND,MYS,7613
880981,114,153,1556,2001,132433.0,15066.0,2.585857,0.522663,JPN,MYS,7613
880982,121,153,1556,2001,0.0,2411.0,1.145797,1.0762399999999999,KOR,MYS,7613
880983,192,153,1556,2001,11473.0,400140.0,1.364239,0.721074,SGP,MYS,7613
880984,208,153,1556,2001,3795.0,0.0,2.156845,0.784439,SWE,MYS,7613
880985,216,153,1556,2001,125864.0,13260.0,0.37555900000000003,1.498267,THA,MYS,7613
880986,231,153,1556,2001,102663.0,2264.0,1.873674,0.168468,USA,MYS,7613
880987,239,153,1556,2001,0.0,71542.0,-0.6692130000000001,0.610992,VNM,MYS,7613
880988,249,153,1556,2001,1142.0,9087.0,1.5731700000000002,1.353159,TWN,MYS,7613
880989,7,167,1556,2001,4862489.0,0.0,-0.193984,-0.457124,ARE,OMN,7613
880990,61,167,1556,2001,3662.0,0.0,2.321375,-2.1110990000000003,DEU,OMN,7613
880991,77,167,1556,2001,1489.0,0.0,1.653507,0.797582,FRA,OMN,7613
880992,81,167,1556,2001,1555.0,10296.0,1.976894,0.685435,GBR,OMN,7613
880993,90,167,1556,2001,0.0,7816.0,0.31387600000000004,1.3614600000000001,GRC,OMN,7613
880994,104,167,1556,2001,10980.0,0.0,0.349744,2.665844,IND,OMN,7613
880995,107,167,1556,2001,11928.0,0.0,-0.7732479999999999,-0.8979370000000001,IRN,OMN,7613
880996,231,167,1556,2001,1243.0,0.0,1.873674,0.168468,USA,OMN,7613
880997,15,177,1556,2001,0.0,1927.0,1.8571650000000002,0.603191,AUT,POL,7613
880998,18,177,1556,2001,0.0,58041.0,1.4328370000000001,1.408495,BEL,POL,7613
880999,23,177,1556,2001,0.0,6843.0,0.41425100000000004,1.639866,BGR,POL,7613
881000,41,177,1556,2001,69806.0,0.0,2.227246,0.553956,CHE,POL,7613
881001,54,177,1556,2001,0.0,5117.0,-0.443391,-0.9599030000000001,CUB,POL,7613
881002,59,177,1556,2001,7780.0,0.0,1.485703,1.109305,CZE,POL,7613
881003,61,177,1556,2001,30038.0,5915.0,2.321375,-2.1110990000000003,DEU,POL,7613
881004,77,177,1556,2001,81106.0,0.0,1.653507,0.797582,FRA,POL,7613
881005,81,177,1556,2001,125794.0,234822.0,1.976894,0.685435,GBR,POL,7613
881006,102,177,1556,2001,0.0,47308.0,1.102262,1.138016,HUN,POL,7613
881007,111,177,1556,2001,46489.0,0.0,1.389926,1.282143,ITA,POL,7613
881008,130,177,1556,2001,0.0,18509.0,0.15706900000000001,0.416663,LTU,POL,7613
881009,162,177,1556,2001,2776.0,0.0,1.315685,1.590935,NLD,POL,7613
881010,163,177,1556,2001,17836.0,0.0,0.974814,0.06512000000000001,NOR,POL,7613
881011,186,177,1556,2001,0.0,22992.0,0.945816,0.35027600000000003,RUS,POL,7613
881012,206,177,1556,2001,0.0,7243.0,1.1732770000000001,1.088576,SVK,POL,7613
881013,208,177,1556,2001,0.0,7202.0,2.156845,0.784439,SWE,POL,7613
881014,231,177,1556,2001,48789.0,0.0,1.873674,0.168468,USA,POL,7613
881015,2,179,1556,2001,0.0,1590.0,-1.523823,-1.214093,AGO,PRT,7613
881016,51,179,1556,2001,0.0,8047.0,0.063802,-0.456617,CPV,PRT,7613
881017,61,179,1556,2001,4752.0,0.0,2.321375,-2.1110990000000003,DEU,PRT,7613
881018,64,179,1556,2001,0.0,171856.0,1.261883,1.351875,DNK,PRT,7613
881019,71,179,1556,2001,13203.0,15220.0,1.079664,1.9842220000000002,ESP,PRT,7613
881020,77,179,1556,2001,29724.0,0.0,1.653507,0.797582,FRA,PRT,7613
881021,81,179,1556,2001,225336.0,0.0,1.976894,0.685435,GBR,PRT,7613
881022,111,179,1556,2001,13015.0,0.0,1.389926,1.282143,ITA,PRT,7613
881023,142,179,1556,2001,1093.0,0.0,1.065032,-0.065239,MLT,PRT,7613
881024,162,179,1556,2001,0.0,3468.0,1.315685,1.590935,NLD,PRT,7613
881025,231,179,1556,2001,21768.0,0.0,1.873674,0.168468,USA,PRT,7613
881026,7,183,1556,2001,19720.0,0.0,-0.193984,-0.457124,ARE,QAT,7613
881027,24,183,1556,2001,46413.0,0.0,-0.11008399999999999,-1.053611,BHR,QAT,7613
881028,43,183,1556,2001,3908.0,0.0,0.525171,3.092963,CHN,QAT,7613
881029,61,183,1556,2001,121458.0,0.0,2.321375,-2.1110990000000003,DEU,QAT,7613
881030,81,183,1556,2001,77585.0,0.0,1.976894,0.685435,GBR,QAT,7613
881031,104,183,1556,2001,2216.0,0.0,0.349744,2.665844,IND,QAT,7613
881032,107,183,1556,2001,2682.0,0.0,-0.7732479999999999,-0.8979370000000001,IRN,QAT,7613
881033,111,183,1556,2001,2748.0,0.0,1.389926,1.282143,ITA,QAT,7613
881034,114,183,1556,2001,19424.0,0.0,2.585857,0.522663,JPN,QAT,7613
881035,121,183,1556,2001,2232.0,0.0,1.145797,1.0762399999999999,KOR,QAT,7613
881036,162,183,1556,2001,8268.0,0.0,1.315685,1.590935,NLD,QAT,7613
881037,163,183,1556,2001,2583.0,0.0,0.974814,0.06512000000000001,NOR,QAT,7613
881038,231,183,1556,2001,6846.0,0.0,1.873674,0.168468,USA,QAT,7613
881039,28,186,1556,2001,0.0,13503.0,0.804404,0.936773,BLR,RUS,7613
881040,61,186,1556,2001,130433.0,0.0,2.321375,-2.1110990000000003,DEU,RUS,7613
881041,74,186,1556,2001,2093.0,2879.0,2.069141,0.9375180000000001,FIN,RUS,7613
881042,81,186,1556,2001,51061.0,3688.0,1.976894,0.685435,GBR,RUS,7613
881043,111,186,1556,2001,3132294.0,0.0,1.389926,1.282143,ITA,RUS,7613
881044,114,186,1556,2001,1683.0,0.0,2.585857,0.522663,JPN,RUS,7613
881045,130,186,1556,2001,0.0,1505.0,0.15706900000000001,0.416663,LTU,RUS,7613
881046,162,186,1556,2001,3101.0,0.0,1.315685,1.590935,NLD,RUS,7613
881047,177,186,1556,2001,22992.0,0.0,0.9474540000000001,1.8408220000000002,POL,RUS,7613
881048,228,186,1556,2001,93905.0,9904.0,0.8376969999999999,0.989059,UKR,RUS,7613
881049,231,186,1556,2001,2561.0,0.0,1.873674,0.168468,USA,RUS,7613
881050,77,191,1556,2001,3407.0,0.0,1.653507,0.797582,FRA,SEN,7613
881051,231,191,1556,2001,2965.0,0.0,1.873674,0.168468,USA,SEN,7613
881052,15,206,1556,2001,91805.0,166368.0,1.8571650000000002,0.603191,AUT,SVK,7613
881053,41,206,1556,2001,4806.0,0.0,2.227246,0.553956,CHE,SVK,7613
881054,59,206,1556,2001,48832.0,0.0,1.485703,1.109305,CZE,SVK,7613
881055,61,206,1556,2001,7393.0,0.0,2.321375,-2.1110990000000003,DEU,SVK,7613
881056,77,206,1556,2001,6274.0,0.0,1.653507,0.797582,FRA,SVK,7613
881057,81,206,1556,2001,7635.0,0.0,1.976894,0.685435,GBR,SVK,7613
881058,102,206,1556,2001,2279.0,0.0,1.102262,1.138016,HUN,SVK,7613
881059,111,206,1556,2001,19861.0,0.0,1.389926,1.282143,ITA,SVK,7613
881060,177,206,1556,2001,7243.0,0.0,0.9474540000000001,1.8408220000000002,POL,SVK,7613
881061,231,206,1556,2001,14980.0,0.0,1.873674,0.168468,USA,SVK,7613
881062,18,223,1556,2001,7920.0,0.0,1.4328370000000001,1.408495,BEL,TUN,7613
881063,77,223,1556,2001,40252.0,0.0,1.653507,0.797582,FRA,TUN,7613
881064,81,223,1556,2001,0.0,7624.0,1.976894,0.685435,GBR,TUN,7613
881065,111,223,1556,2001,3588.0,0.0,1.389926,1.282143,ITA,TUN,7613
881066,18,228,1556,2001,9603.0,0.0,1.4328370000000001,1.408495,BEL,UKR,7613
881067,23,228,1556,2001,0.0,22879.0,0.41425100000000004,1.639866,BGR,UKR,7613
881068,61,228,1556,2001,21500.0,0.0,2.321375,-2.1110990000000003,DEU,UKR,7613
881069,107,228,1556,2001,0.0,15094.0,-0.7732479999999999,-0.8979370000000001,IRN,UKR,7613
881070,186,228,1556,2001,9904.0,93905.0,0.945816,0.35027600000000003,RUS,UKR,7613
881071,231,228,1556,2001,4708.0,0.0,1.873674,0.168468,USA,UKR,7613
881072,239,228,1556,2001,0.0,5328.0,-0.6692130000000001,0.610992,VNM,UKR,7613
881073,2,246,1556,2001,0.0,2906.0,-1.523823,-1.214093,AGO,ZAF,7613
881074,14,246,1556,2001,0.0,73910.0,0.29463,0.772375,AUS,ZAF,7613
881075,15,246,1556,2001,2491.0,0.0,1.8571650000000002,0.603191,AUT,ZAF,7613
881076,37,246,1556,2001,219.0,16063.0,-0.42690100000000003,-1.081372,BWA,ZAF,7613
881077,46,246,1556,2001,0.0,21801.0,-1.421643,-1.154007,COD,ZAF,7613
881078,50,246,1556,2001,0.0,1571.0,-0.24810700000000002,-0.832764,COM,ZAF,7613
881079,58,246,1556,2001,0.0,30372.0,0.381251,0.257802,CYP,ZAF,7613
881080,61,246,1556,2001,10623.0,0.0,2.321375,-2.1110990000000003,DEU,ZAF,7613
881081,71,246,1556,2001,2172.0,0.0,1.079664,1.9842220000000002,ESP,ZAF,7613
881082,77,246,1556,2001,89354.0,0.0,1.653507,0.797582,FRA,ZAF,7613
881083,81,246,1556,2001,659008.0,29321.0,1.976894,0.685435,GBR,ZAF,7613
881084,85,246,1556,2001,0.0,832.0,-1.5380340000000001,-1.200083,GIN,ZAF,7613
881085,106,246,1556,2001,0.0,549602.0,1.664233,0.129983,IRL,ZAF,7613
881086,110,246,1556,2001,0.0,13851.0,1.374873,0.775594,ISR,ZAF,7613
881087,111,246,1556,2001,101037.0,0.0,1.389926,1.282143,ITA,ZAF,7613
881088,116,246,1556,2001,0.0,4697.0,-0.529388,0.092271,KEN,ZAF,7613
881089,129,246,1556,2001,0.0,49506.0,-0.786499,-0.7595729999999999,LSO,ZAF,7613
881090,155,246,1556,2001,0.0,44010.0,-0.625912,-0.854247,NAM,ZAF,7613
881091,194,246,1556,2001,0.0,4295.0,1.112486,-0.248761,SHN,ZAF,7613
881092,209,246,1556,2001,0.0,5325.0,0.372699,-0.287132,SWZ,ZAF,7613
881093,211,246,1556,2001,0.0,3906.0,0.065059,-0.7806489999999999,SYC,ZAF,7613
881094,216,246,1556,2001,0.0,1484.0,0.37555900000000003,1.498267,THA,ZAF,7613
881095,231,246,1556,2001,59956.0,0.0,1.873674,0.168468,USA,ZAF,7613
881096,247,246,1556,2001,0.0,2533.0,-0.731193,-0.706978,ZMB,ZAF,7613
881097,248,246,1556,2001,0.0,4794.0,-0.6321829999999999,-0.453671,ZWE,ZAF,7613
881098,249,246,1556,2001,1346.0,0.0,1.5731700000000002,1.353159,TWN,ZAF,7613
881099,77,19,1556,2001,1071.0,0.0,1.653507,0.797582,FRA,BEN,7613
881100,83,21,1556,2001,0.0,877.0,-0.961067,-0.780449,GHA,BFA,7613
881101,143,21,1556,2001,1974.0,0.0,-1.5627,-1.150854,MMR,BFA,7613
881102,246,37,1556,2001,16063.0,219.0,0.356842,2.006155,ZAF,BWA,7613
881103,61,44,1556,2001,885.0,0.0,2.321375,-2.1110990000000003,DEU,CIV,7613
881104,77,44,1556,2001,3790.0,0.0,1.653507,0.797582,FRA,CIV,7613
881105,77,45,1556,2001,2492.0,0.0,1.653507,0.797582,FRA,CMR,7613
881106,250,45,1556,2001,2168.0,0.0,1.096023,-0.33562600000000004,ANS,CMR,7613
881107,81,51,1556,2001,5658.0,0.0,1.976894,0.685435,GBR,CPV,7613
881108,111,51,1556,2001,7368.0,0.0,1.389926,1.282143,ITA,CPV,7613
881109,179,51,1556,2001,8047.0,0.0,0.482048,1.662123,PRT,CPV,7613
881110,231,51,1556,2001,1276.0,0.0,1.873674,0.168468,USA,CPV,7613
881111,77,72,1556,2001,9139.0,0.0,1.653507,0.797582,FRA,EST,7613
881112,81,72,1556,2001,0.0,4579.0,1.976894,0.685435,GBR,EST,7613
881113,231,72,1556,2001,711.0,0.0,1.873674,0.168468,USA,EST,7613
881114,250,72,1556,2001,20046.0,0.0,1.096023,-0.33562600000000004,ANS,EST,7613
881115,77,80,1556,2001,4114.0,0.0,1.653507,0.797582,FRA,GAB,7613
881116,77,85,1556,2001,3091.0,0.0,1.653507,0.797582,FRA,GIN,7613
881117,246,85,1556,2001,832.0,0.0,0.356842,2.006155,ZAF,GIN,7613
881118,15,102,1556,2001,8466.0,10672.0,1.8571650000000002,0.603191,AUT,HUN,7613
881119,18,102,1556,2001,3803.0,91547.0,1.4328370000000001,1.408495,BEL,HUN,7613
881120,39,102,1556,2001,9667.0,0.0,0.971827,1.105171,CAN,HUN,7613
881121,41,102,1556,2001,0.0,38034.0,2.227246,0.553956,CHE,HUN,7613
881122,59,102,1556,2001,905.0,21778.0,1.485703,1.109305,CZE,HUN,7613
881123,61,102,1556,2001,3937.0,694126.0,2.321375,-2.1110990000000003,DEU,HUN,7613
881124,64,102,1556,2001,0.0,101501.0,1.261883,1.351875,DNK,HUN,7613
881125,74,102,1556,2001,0.0,7913.0,2.069141,0.9375180000000001,FIN,HUN,7613
881126,77,102,1556,2001,28468.0,101410.0,1.653507,0.797582,FRA,HUN,7613
881127,81,102,1556,2001,90290.0,12595.0,1.976894,0.685435,GBR,HUN,7613
881128,90,102,1556,2001,0.0,11071.0,0.31387600000000004,1.3614600000000001,GRC,HUN,7613
881129,100,102,1556,2001,0.0,4893.0,0.544596,0.969535,HRV,HUN,7613
881130,111,102,1556,2001,56841.0,63456.0,1.389926,1.282143,ITA,HUN,7613
881131,130,102,1556,2001,0.0,833.0,0.15706900000000001,0.416663,LTU,HUN,7613
881132,166,102,1556,2001,0.0,17400.0,0.521409,0.683134,NZL,HUN,7613
881133,177,102,1556,2001,47308.0,0.0,0.9474540000000001,1.8408220000000002,POL,HUN,7613
881134,185,102,1556,2001,0.0,2462.0,0.326733,1.005332,ROU,HUN,7613
881135,189,102,1556,2001,0.0,5421.0,0.45280200000000004,2.469852,SCG,HUN,7613
881136,206,102,1556,2001,0.0,2279.0,1.1732770000000001,1.088576,SVK,HUN,7613
881137,208,102,1556,2001,0.0,226883.0,2.156845,0.784439,SWE,HUN,7613
881138,231,102,1556,2001,4820.0,48203.0,1.873674,0.168468,USA,HUN,7613
881139,77,128,1556,2001,10877.0,0.0,1.653507,0.797582,FRA,LKA,7613
881140,81,128,1556,2001,55059.0,0.0,1.976894,0.685435,GBR,LKA,7613
881141,103,128,1556,2001,6516.0,0.0,-0.167771,1.6587889999999998,IDN,LKA,7613
881142,104,128,1556,2001,2270.0,0.0,0.349744,2.665844,IND,LKA,7613
881143,61,130,1556,2001,20371.0,0.0,2.321375,-2.1110990000000003,DEU,LTU,7613
881144,64,130,1556,2001,29145.0,0.0,1.261883,1.351875,DNK,LTU,7613
881145,77,130,1556,2001,7375.0,0.0,1.653507,0.797582,FRA,LTU,7613
881146,81,130,1556,2001,3726.0,0.0,1.976894,0.685435,GBR,LTU,7613
881147,102,130,1556,2001,833.0,0.0,1.102262,1.138016,HUN,LTU,7613
881148,177,130,1556,2001,18509.0,0.0,0.9474540000000001,1.8408220000000002,POL,LTU,7613
881149,186,130,1556,2001,1505.0,0.0,0.945816,0.35027600000000003,RUS,LTU,7613
881150,231,130,1556,2001,7081.0,0.0,1.873674,0.168468,USA,LTU,7613
881151,18,131,1556,2001,6318.0,5952.0,1.4328370000000001,1.408495,BEL,LUX,7613
881152,39,131,1556,2001,0.0,2180.0,0.971827,1.105171,CAN,LUX,7613
881153,61,131,1556,2001,3819.0,0.0,2.321375,-2.1110990000000003,DEU,LUX,7613
881154,77,131,1556,2001,3456.0,0.0,1.653507,0.797582,FRA,LUX,7613
881155,81,131,1556,2001,2558.0,0.0,1.976894,0.685435,GBR,LUX,7613
881156,61,134,1556,2001,1767.0,0.0,2.321375,-2.1110990000000003,DEU,MAR,7613
881157,71,134,1556,2001,10921.0,0.0,1.079664,1.9842220000000002,ESP,MAR,7613
881158,77,134,1556,2001,155351.0,0.0,1.653507,0.797582,FRA,MAR,7613
881159,81,134,1556,2001,21453.0,0.0,1.976894,0.685435,GBR,MAR,7613
881160,111,134,1556,2001,5507.0,0.0,1.389926,1.282143,ITA,MAR,7613
881161,162,134,1556,2001,4662.0,0.0,1.315685,1.590935,NLD,MAR,7613
881162,231,134,1556,2001,6845.0,0.0,1.873674,0.168468,USA,MAR,7613
881163,185,135,1556,2001,0.0,810.0,0.326733,1.005332,ROU,MDA,7613
881164,71,142,1556,2001,5844.0,0.0,1.079664,1.9842220000000002,ESP,MLT,7613
881165,81,142,1556,2001,2053.0,0.0,1.976894,0.685435,GBR,MLT,7613
881166,111,142,1556,2001,158484.0,0.0,1.389926,1.282143,ITA,MLT,7613
881167,179,142,1556,2001,0.0,1093.0,0.482048,1.662123,PRT,MLT,7613
881168,246,155,1556,2001,44010.0,0.0,0.356842,2.006155,ZAF,NAM,7613
881169,24,188,1556,2001,24037.0,0.0,-0.11008399999999999,-1.053611,BHR,SAU,7613
881170,61,188,1556,2001,14898.0,0.0,2.321375,-2.1110990000000003,DEU,SAU,7613
881171,77,188,1556,2001,3999.0,0.0,1.653507,0.797582,FRA,SAU,7613
881172,81,188,1556,2001,115349.0,0.0,1.976894,0.685435,GBR,SAU,7613
881173,104,188,1556,2001,43211.0,0.0,0.349744,2.665844,IND,SAU,7613
881174,111,188,1556,2001,0.0,2169.0,1.389926,1.282143,ITA,SAU,7613
881175,122,188,1556,2001,0.0,20977.0,-0.8197,-1.183758,KWT,SAU,7613
881176,231,188,1556,2001,19538.0,0.0,1.873674,0.168468,USA,SAU,7613
881177,18,189,1556,2001,1463.0,0.0,1.4328370000000001,1.408495,BEL,SCG,7613
881178,61,189,1556,2001,6494.0,0.0,2.321375,-2.1110990000000003,DEU,SCG,7613
881179,77,189,1556,2001,13417.0,0.0,1.653507,0.797582,FRA,SCG,7613
881180,102,189,1556,2001,5421.0,0.0,1.102262,1.138016,HUN,SCG,7613
881181,111,189,1556,2001,59384.0,0.0,1.389926,1.282143,ITA,SCG,7613
881182,140,189,1556,2001,0.0,7011.0,0.033097,0.43516499999999997,MKD,SCG,7613
881183,163,189,1556,2001,0.0,47046.0,0.974814,0.06512000000000001,NOR,SCG,7613
881184,147,209,1556,2001,0.0,3976.0,-1.2364879999999998,-1.136715,MOZ,SWZ,7613
881185,246,209,1556,2001,5325.0,0.0,0.356842,2.006155,ZAF,SWZ,7613
881186,43,226,1556,2001,1102.0,0.0,0.525171,3.092963,CHN,TZA,7613
881187,61,226,1556,2001,2363.0,0.0,2.321375,-2.1110990000000003,DEU,TZA,7613
881188,71,226,1556,2001,52727.0,0.0,1.079664,1.9842220000000002,ESP,TZA,7613
881189,77,226,1556,2001,39494.0,0.0,1.653507,0.797582,FRA,TZA,7613
881190,81,226,1556,2001,989.0,0.0,1.976894,0.685435,GBR,TZA,7613
881191,104,226,1556,2001,16314.0,0.0,0.349744,2.665844,IND,TZA,7613
881192,111,226,1556,2001,5620.0,0.0,1.389926,1.282143,ITA,TZA,7613
881193,231,226,1556,2001,1341.0,0.0,1.873674,0.168468,USA,TZA,7613
881194,8,230,1556,2001,5106.0,0.0,0.287698,0.547137,ARG,URY,7613
881195,32,230,1556,2001,1051.0,0.0,0.672496,1.051848,BRA,URY,7613
881196,39,230,1556,2001,0.0,1305.0,0.971827,1.105171,CAN,URY,7613
881197,81,230,1556,2001,33705.0,0.0,1.976894,0.685435,GBR,URY,7613
881198,231,230,1556,2001,43729.0,0.0,1.873674,0.168468,USA,URY,7613
881199,81,248,1556,2001,6332.0,0.0,1.976894,0.685435,GBR,ZWE,7613
881200,246,248,1556,2001,4794.0,0.0,0.356842,2.006155,ZAF,ZWE,7613
881201,149,13,1556,2001,2314.0,0.0,0.796292,-0.431771,MSR,ATG,7613
881202,61,7,1556,2001,164999.0,0.0,2.321375,-2.1110990000000003,DEU,ARE,7613
881203,64,7,1556,2001,7246.0,0.0,1.261883,1.351875,DNK,ARE,7613
881204,77,7,1556,2001,13429.0,27743.0,1.653507,0.797582,FRA,ARE,7613
881205,81,7,1556,2001,11245.0,0.0,1.976894,0.685435,GBR,ARE,7613
881206,103,7,1556,2001,666118.0,0.0,-0.167771,1.6587889999999998,IDN,ARE,7613
881207,104,7,1556,2001,15596.0,1130.0,0.349744,2.665844,IND,ARE,7613
881208,107,7,1556,2001,24797.0,1318.0,-0.7732479999999999,-0.8979370000000001,IRN,ARE,7613
881209,111,7,1556,2001,252793.0,0.0,1.389926,1.282143,ITA,ARE,7613
881210,162,7,1556,2001,0.0,2785.0,1.315685,1.590935,NLD,ARE,7613
881211,167,7,1556,2001,0.0,4862489.0,-0.909329,-1.189698,OMN,ARE,7613
881212,183,7,1556,2001,0.0,19720.0,-0.46564799999999995,-1.127634,QAT,ARE,7613
881213,231,7,1556,2001,33545.0,0.0,1.873674,0.168468,USA,ARE,7613
881214,61,58,1556,2001,2825.0,0.0,2.321375,-2.1110990000000003,DEU,CYP,7613
881215,81,58,1556,2001,2114.0,0.0,1.976894,0.685435,GBR,CYP,7613
881216,90,58,1556,2001,0.0,5226.0,0.31387600000000004,1.3614600000000001,GRC,CYP,7613
881217,231,58,1556,2001,15161.0,0.0,1.873674,0.168468,USA,CYP,7613
881218,246,58,1556,2001,30372.0,0.0,0.356842,2.006155,ZAF,CYP,7613
881219,61,66,1556,2001,1423.0,0.0,2.321375,-2.1110990000000003,DEU,DZA,7613
881220,71,66,1556,2001,73143.0,0.0,1.079664,1.9842220000000002,ESP,DZA,7613
881221,77,66,1556,2001,105167.0,0.0,1.653507,0.797582,FRA,DZA,7613
881222,111,66,1556,2001,33575.0,0.0,1.389926,1.282143,ITA,DZA,7613
881223,231,66,1556,2001,1531.0,0.0,1.873674,0.168468,USA,DZA,7613
881224,15,100,1556,2001,4130.0,0.0,1.8571650000000002,0.603191,AUT,HRV,7613
881225,61,100,1556,2001,905.0,0.0,2.321375,-2.1110990000000003,DEU,HRV,7613
881226,64,100,1556,2001,2357.0,0.0,1.261883,1.351875,DNK,HRV,7613
881227,81,100,1556,2001,3913.0,0.0,1.976894,0.685435,GBR,HRV,7613
881228,102,100,1556,2001,4893.0,0.0,1.102262,1.138016,HUN,HRV,7613
881229,111,100,1556,2001,24867.0,0.0,1.389926,1.282143,ITA,HRV,7613
881230,140,100,1556,2001,0.0,20697.0,0.033097,0.43516499999999997,MKD,HRV,7613
881231,162,100,1556,2001,12366.0,0.0,1.315685,1.590935,NLD,HRV,7613
881232,207,100,1556,2001,23795.0,0.0,1.5074370000000001,1.1370040000000001,SVN,HRV,7613
881233,231,100,1556,2001,3581.0,0.0,1.873674,0.168468,USA,HRV,7613
881234,81,122,1556,2001,2843.0,0.0,1.976894,0.685435,GBR,KWT,7613
881235,111,122,1556,2001,14703.0,0.0,1.389926,1.282143,ITA,KWT,7613
881236,121,122,1556,2001,10638.0,0.0,1.145797,1.0762399999999999,KOR,KWT,7613
881237,188,122,1556,2001,20977.0,0.0,0.5370550000000001,-0.793469,SAU,KWT,7613
881238,231,122,1556,2001,82829.0,0.0,1.873674,0.168468,USA,KWT,7613
881239,77,140,1556,2001,1678.0,0.0,1.653507,0.797582,FRA,MKD,7613
881240,81,140,1556,2001,0.0,29501.0,1.976894,0.685435,GBR,MKD,7613
881241,100,140,1556,2001,20697.0,0.0,0.544596,0.969535,HRV,MKD,7613
881242,189,140,1556,2001,7011.0,0.0,0.45280200000000004,2.469852,SCG,MKD,7613
881243,207,140,1556,2001,11767.0,0.0,1.5074370000000001,1.1370040000000001,SVN,MKD,7613
881244,43,178,1556,2001,4965.0,0.0,0.525171,3.092963,CHN,PRK,7613
881245,15,207,1556,2001,11798.0,0.0,1.8571650000000002,0.603191,AUT,SVN,7613
881246,26,207,1556,2001,0.0,5819.0,0.238083,0.362643,BIH,SVN,7613
881247,41,207,1556,2001,2075.0,10503.0,2.227246,0.553956,CHE,SVN,7613
881248,61,207,1556,2001,4822.0,0.0,2.321375,-2.1110990000000003,DEU,SVN,7613
881249,77,207,1556,2001,40315.0,0.0,1.653507,0.797582,FRA,SVN,7613
881250,81,207,1556,2001,18885.0,7599.0,1.976894,0.685435,GBR,SVN,7613
881251,100,207,1556,2001,0.0,23795.0,0.544596,0.969535,HRV,SVN,7613
881252,111,207,1556,2001,40685.0,41709.0,1.389926,1.282143,ITA,SVN,7613
881253,140,207,1556,2001,0.0,11767.0,0.033097,0.43516499999999997,MKD,SVN,7613
881254,231,207,1556,2001,2725.0,0.0,1.873674,0.168468,USA,SVN,7613
881255,61,212,1556,2001,13918.0,0.0,2.321375,-2.1110990000000003,DEU,SYR,7613
881256,77,212,1556,2001,19002.0,0.0,1.653507,0.797582,FRA,SYR,7613
881257,111,212,1556,2001,13818.0,0.0,1.389926,1.282143,ITA,SYR,7613
881258,97,133,1556,2001,9018.0,4761.0,0.521528,2.3025,HKG,MAC,7613
881259,14,168,1556,2001,3788.0,0.0,0.29463,0.772375,AUS,PAK,7613
881260,61,168,1556,2001,8000.0,0.0,2.321375,-2.1110990000000003,DEU,PAK,7613
881261,77,168,1556,2001,76124.0,0.0,1.653507,0.797582,FRA,PAK,7613
881262,81,168,1556,2001,1757.0,0.0,1.976894,0.685435,GBR,PAK,7613
881263,103,168,1556,2001,19359.0,0.0,-0.167771,1.6587889999999998,IDN,PAK,7613
881264,231,168,1556,2001,14805.0,0.0,1.873674,0.168468,USA,PAK,7613
881265,61,227,1556,2001,1493.0,0.0,2.321375,-2.1110990000000003,DEU,UGA,7613
881266,116,227,1556,2001,938.0,0.0,-0.529388,0.092271,KEN,UGA,7613
881267,187,227,1556,2001,8294.0,0.0,-1.260879,-0.861347,RWA,UGA,7613
881268,231,227,1556,2001,5831.0,0.0,1.873674,0.168468,USA,UGA,7613
881269,45,250,1556,2001,0.0,2168.0,-1.6254879999999998,-1.212513,CMR,ANS,7613
881270,54,250,1556,2001,0.0,5669.0,-0.443391,-0.9599030000000001,CUB,ANS,7613
881271,61,250,1556,2001,3000.0,0.0,2.321375,-2.1110990000000003,DEU,ANS,7613
881272,63,250,1556,2001,0.0,4018.0,0.613251,0.226998,DMA,ANS,7613
881273,72,250,1556,2001,0.0,20046.0,0.5746829999999999,0.9073899999999999,EST,ANS,7613
881274,166,250,1556,2001,0.0,4697.0,0.521409,0.683134,NZL,ANS,7613
881275,65,3,1556,2001,0.0,1000.0,-0.538419,-0.48773900000000003,DOM,AIA,7613
881276,231,29,1556,2001,18372.0,0.0,1.873674,0.168468,USA,BLZ,7613
881277,6,31,1556,2001,3196.0,0.0,0.260662,-0.66681,ANT,BOL,7613
881278,32,31,1556,2001,1667.0,0.0,0.672496,1.051848,BRA,BOL,7613
881279,231,31,1556,2001,7852.0,0.0,1.873674,0.168468,USA,BOL,7613
881280,61,73,1556,2001,3524.0,0.0,2.321375,-2.1110990000000003,DEU,ETH,7613
881281,77,73,1556,2001,152581.0,1448.0,1.653507,0.797582,FRA,ETH,7613
881282,231,99,1556,2001,7118.0,0.0,1.873674,0.168468,USA,HND,7613
881283,14,151,1556,2001,20269.0,0.0,0.29463,0.772375,AUS,MUS,7613
881284,81,151,1556,2001,12818.0,0.0,1.976894,0.685435,GBR,MUS,7613
881285,103,151,1556,2001,46209.0,0.0,-0.167771,1.6587889999999998,IDN,MUS,7613
881286,14,176,1556,2001,4591.0,0.0,0.29463,0.772375,AUS,PNG,7613
881287,231,234,1556,2001,1602.0,0.0,1.873674,0.168468,USA,VCT,7613
881288,18,247,1556,2001,37482.0,0.0,1.4328370000000001,1.408495,BEL,ZMB,7613
881289,246,247,1556,2001,2533.0,0.0,0.356842,2.006155,ZAF,ZMB,7613
881290,61,4,1556,2001,859.0,0.0,2.321375,-2.1110990000000003,DEU,ALB,7613
881291,77,4,1556,2001,6340.0,0.0,1.653507,0.797582,FRA,ALB,7613
881292,90,4,1556,2001,2167.0,1286.0,0.31387600000000004,1.3614600000000001,GRC,ALB,7613
881293,111,4,1556,2001,314883.0,0.0,1.389926,1.282143,ITA,ALB,7613
881294,61,5,1556,2001,5410.0,0.0,2.321375,-2.1110990000000003,DEU,AND,7613
881295,77,9,1556,2001,1171.0,0.0,1.653507,0.797582,FRA,ARM,7613
881296,231,17,1556,2001,659.0,0.0,1.873674,0.168468,USA,BDI,7613
881297,71,24,1556,2001,6831.0,0.0,1.079664,1.9842220000000002,ESP,BHR,7613
881298,81,24,1556,2001,9775.0,0.0,1.976894,0.685435,GBR,BHR,7613
881299,183,24,1556,2001,0.0,46413.0,-0.46564799999999995,-1.127634,QAT,BHR,7613
881300,188,24,1556,2001,0.0,24037.0,0.5370550000000001,-0.793469,SAU,BHR,7613
881301,231,24,1556,2001,37775.0,0.0,1.873674,0.168468,USA,BHR,7613
881302,111,34,1556,2001,4086.0,0.0,1.389926,1.282143,ITA,BRN,7613
881303,153,34,1556,2001,1126.0,0.0,0.768174,0.307033,MYS,BRN,7613
881304,192,34,1556,2001,1482.0,0.0,1.364239,0.721074,SGP,BRN,7613
881305,246,50,1556,2001,1571.0,0.0,0.356842,2.006155,ZAF,COM,7613
881306,231,63,1556,2001,1418.0,0.0,1.873674,0.168468,USA,DMA,7613
881307,250,63,1556,2001,4018.0,0.0,1.096023,-0.33562600000000004,ANS,DMA,7613
881308,61,82,1556,2001,6264.0,0.0,2.321375,-2.1110990000000003,DEU,GEO,7613
881309,107,82,1556,2001,0.0,16639.0,-0.7732479999999999,-0.8979370000000001,IRN,GEO,7613
881310,77,108,1556,2001,7163.0,0.0,1.653507,0.797582,FRA,IRQ,7613
881311,104,108,1556,2001,1173708.0,0.0,0.349744,2.665844,IND,IRQ,7613
881312,61,109,1556,2001,5370.0,0.0,2.321375,-2.1110990000000003,DEU,ISL,7613
881313,81,109,1556,2001,113521.0,0.0,1.976894,0.685435,GBR,ISL,7613
881314,111,109,1556,2001,3989.0,0.0,1.389926,1.282143,ITA,ISL,7613
881315,231,109,1556,2001,4046.0,0.0,1.873674,0.168468,USA,ISL,7613
881316,121,118,1556,2001,12845.0,0.0,1.145797,1.0762399999999999,KOR,KHM,7613
881317,61,126,1556,2001,2000.0,0.0,2.321375,-2.1110990000000003,DEU,LBY,7613
881318,81,126,1556,2001,65753.0,0.0,1.976894,0.685435,GBR,LBY,7613
881319,64,136,1556,2001,3269.0,0.0,1.261883,1.351875,DNK,MDG,7613
881320,77,136,1556,2001,16573.0,0.0,1.653507,0.797582,FRA,MDG,7613
881321,41,137,1556,2001,11981.0,0.0,2.227246,0.553956,CHE,MDV,7613
881322,81,137,1556,2001,3426.0,0.0,1.976894,0.685435,GBR,MDV,7613
881323,111,137,1556,2001,6077.0,0.0,1.389926,1.282143,ITA,MDV,7613
881324,192,137,1556,2001,3687.0,0.0,1.364239,0.721074,SGP,MDV,7613
881325,77,141,1556,2001,2448.0,0.0,1.653507,0.797582,FRA,MLI,7613
881326,21,143,1556,2001,0.0,1974.0,-0.291485,-0.20803000000000002,BFA,MMR,7613
881327,77,143,1556,2001,1688.0,0.0,1.653507,0.797582,FRA,MMR,7613
881328,103,143,1556,2001,36392.0,0.0,-0.167771,1.6587889999999998,IDN,MMR,7613
881329,192,143,1556,2001,27886.0,0.0,1.364239,0.721074,SGP,MMR,7613
881330,216,143,1556,2001,94552.0,0.0,0.37555900000000003,1.498267,THA,MMR,7613
881331,231,152,1556,2001,10731.0,0.0,1.873674,0.168468,USA,MWI,7613
881332,77,182,1556,2001,202280.0,0.0,1.653507,0.797582,FRA,PYF,7613
881333,231,182,1556,2001,5713.0,0.0,1.873674,0.168468,USA,PYF,7613
881334,116,187,1556,2001,2035.0,0.0,-0.529388,0.092271,KEN,RWA,7613
881335,227,187,1556,2001,0.0,8294.0,-0.9694860000000001,-0.840592,UGA,RWA,7613
881336,77,190,1556,2001,6294.0,0.0,1.653507,0.797582,FRA,SDN,7613
881337,104,190,1556,2001,68636.0,0.0,0.349744,2.665844,IND,SDN,7613
881338,246,211,1556,2001,3906.0,0.0,0.356842,2.006155,ZAF,SYC,7613
881339,159,215,1556,2001,0.0,84803.0,-1.966439,-1.2724520000000001,NGA,TGO,7613
881340,104,243,1556,2001,120596.0,0.0,0.349744,2.665844,IND,YEM,7613
881341,77,2,1556,2001,18815.0,0.0,1.653507,0.797582,FRA,AGO,7613
881342,81,2,1556,2001,44263.0,0.0,1.976894,0.685435,GBR,AGO,7613
881343,179,2,1556,2001,1590.0,0.0,0.482048,1.662123,PRT,AGO,7613
881344,246,2,1556,2001,2906.0,0.0,0.356842,2.006155,ZAF,AGO,7613
881345,207,26,1556,2001,5819.0,0.0,1.5074370000000001,1.1370040000000001,SVN,BIH,7613
881346,246,46,1556,2001,21801.0,0.0,0.356842,2.006155,ZAF,COD,7613
881347,77,47,1556,2001,3584.0,0.0,1.653507,0.797582,FRA,COG,7613
881348,14,75,1556,2001,52002.0,0.0,0.29463,0.772375,AUS,FJI,7613
881349,18,78,1556,2001,5398.0,0.0,1.4328370000000001,1.408495,BEL,FRO,7613
881350,64,78,1556,2001,6505.0,0.0,1.261883,1.351875,DNK,FRO,7613
881351,71,89,1556,2001,3294.0,0.0,1.079664,1.9842220000000002,ESP,GNQ,7613
881352,231,101,1556,2001,36656.0,0.0,1.873674,0.168468,USA,HTI,7613
881353,81,84,1556,2001,2225.0,0.0,1.976894,0.685435,GBR,GIB,7613
881354,14,221,1556,2001,1501.0,0.0,0.29463,0.772375,AUS,TON,7613
881355,231,221,1556,2001,2359.0,0.0,1.873674,0.168468,USA,TON,7613
881356,222,127,1556,2001,6666.0,0.0,0.178256,-0.709126,TTO,LCA,7613
881357,231,127,1556,2001,3503.0,0.0,1.873674,0.168468,USA,LCA,7613
881358,13,149,1556,2001,0.0,2314.0,-0.036838,-0.6593600000000001,ATG,MSR,7613
881359,166,10,1556,2001,1802.0,0.0,0.521409,0.683134,NZL,ASM,7613
881360,14,30,1556,2001,14869.0,0.0,0.29463,0.772375,AUS,BMU,7613
881361,231,30,1556,2001,3886.0,0.0,1.873674,0.168468,USA,BMU,7613
881362,14,40,1556,2001,2129.0,0.0,0.29463,0.772375,AUS,CCK,7613
881363,166,48,1556,2001,1870.0,0.0,0.521409,0.683134,NZL,COK,7613
881364,14,56,1556,2001,1777.0,0.0,0.29463,0.772375,AUS,CXR,7613
881365,90,125,1556,2001,5785.0,0.0,0.31387600000000004,1.3614600000000001,GRC,LBR,7613
881366,14,156,1556,2001,3533.0,0.0,0.29463,0.772375,AUS,NCL,7613
881367,61,156,1556,2001,1131.0,0.0,2.321375,-2.1110990000000003,DEU,NCL,7613
881368,77,156,1556,2001,33044.0,8341.0,1.653507,0.797582,FRA,NCL,7613
881369,81,164,1556,2001,1464.0,0.0,1.976894,0.685435,GBR,NPL,7613
881370,104,164,1556,2001,4392.0,0.0,0.349744,2.665844,IND,NPL,7613
881371,14,165,1556,2001,7184.0,0.0,0.29463,0.772375,AUS,NRU,7613
881372,81,195,1556,2001,2545.0,0.0,1.976894,0.685435,GBR,SLB,7613
881373,14,240,1556,2001,5195.0,0.0,0.29463,0.772375,AUS,VUT,7613
881374,166,240,1556,2001,3129.0,0.0,0.521409,0.683134,NZL,VUT,7613
881375,14,242,1556,2001,2079.0,0.0,0.29463,0.772375,AUS,WSM,7613
881376,77,38,1556,2001,2280.0,0.0,1.653507,0.797582,FRA,CAF,7613
881377,64,92,1556,2001,1029.0,0.0,1.261883,1.351875,DNK,GRL,7613
881378,246,129,1556,2001,49506.0,0.0,0.356842,2.006155,ZAF,LSO,7613
881379,246,194,1556,2001,4295.0,0.0,0.356842,2.006155,ZAF,SHN,7613
881380,14,6,1647,2001,54662.0,0.0,0.29463,0.772375,AUS,ANT,8429
881381,18,6,1647,2001,73264.0,0.0,1.4328370000000001,1.408495,BEL,ANT,8429
881382,32,6,1647,2001,168836.0,0.0,0.672496,1.051848,BRA,ANT,8429
881383,77,6,1647,2001,17047.0,0.0,1.653507,0.797582,FRA,ANT,8429
881384,111,6,1647,2001,10493.0,0.0,1.389926,1.282143,ITA,ANT,8429
881385,121,6,1647,2001,377688.0,0.0,1.145797,1.0762399999999999,KOR,ANT,8429
881386,162,6,1647,2001,617989.0,13719.0,1.315685,1.590935,NLD,ANT,8429
881387,205,6,1647,2001,0.0,12706.0,-0.650556,-0.801128,SUR,ANT,8429
881388,231,6,1647,2001,411737.0,0.0,1.873674,0.168468,USA,ANT,8429
881389,236,6,1647,2001,0.0,143294.0,0.261158,-0.7397,VEN,ANT,8429
881390,15,8,1647,2001,125991.0,0.0,1.8571650000000002,0.603191,AUT,ARG,8429
881391,18,8,1647,2001,383076.0,0.0,1.4328370000000001,1.408495,BEL,ARG,8429
881392,31,8,1647,2001,14823.0,60975.0,-0.680108,-0.678143,BOL,ARG,8429
881393,32,8,1647,2001,20096291.0,70900.0,0.672496,1.051848,BRA,ARG,8429
881394,39,8,1647,2001,976338.0,0.0,0.971827,1.105171,CAN,ARG,8429
881395,42,8,1647,2001,3186751.0,234586.0,-0.004658,-0.002548,CHL,ARG,8429
881396,59,8,1647,2001,74061.0,0.0,1.485703,1.109305,CZE,ARG,8429
881397,61,8,1647,2001,2065157.0,0.0,2.321375,-2.1110990000000003,DEU,ARG,8429
881398,64,8,1647,2001,60018.0,0.0,1.261883,1.351875,DNK,ARG,8429
881399,71,8,1647,2001,35918.0,20452.0,1.079664,1.9842220000000002,ESP,ARG,8429
881400,74,8,1647,2001,158698.0,77896.0,2.069141,0.9375180000000001,FIN,ARG,8429
881401,77,8,1647,2001,39300.0,547981.0,1.653507,0.797582,FRA,ARG,8429
881402,81,8,1647,2001,1054345.0,288825.0,1.976894,0.685435,GBR,ARG,8429
881403,111,8,1647,2001,670985.0,0.0,1.389926,1.282143,ITA,ARG,8429
881404,114,8,1647,2001,786382.0,0.0,2.585857,0.522663,JPN,ARG,8429
881405,121,8,1647,2001,1247406.0,0.0,1.145797,1.0762399999999999,KOR,ARG,8429
881406,138,8,1647,2001,30308.0,0.0,0.797058,0.713234,MEX,ARG,8429
881407,159,8,1647,2001,0.0,51221.0,-1.966439,-1.2724520000000001,NGA,ARG,8429
881408,162,8,1647,2001,11085.0,1429675.0,1.315685,1.590935,NLD,ARG,8429
881409,173,8,1647,2001,21176.0,0.0,-0.345519,0.202623,PER,ARG,8429
881410,177,8,1647,2001,291262.0,0.0,0.9474540000000001,1.8408220000000002,POL,ARG,8429
881411,179,8,1647,2001,46408.0,0.0,0.482048,1.662123,PRT,ARG,8429
881412,186,8,1647,2001,388668.0,0.0,0.945816,0.35027600000000003,RUS,ARG,8429
881413,208,8,1647,2001,598498.0,0.0,2.156845,0.784439,SWE,ARG,8429
881414,230,8,1647,2001,0.0,171028.0,0.36029,0.298869,URY,ARG,8429
881415,231,8,1647,2001,14112989.0,387496.0,1.873674,0.168468,USA,ARG,8429
881416,236,8,1647,2001,0.0,60736.0,0.261158,-0.7397,VEN,ARG,8429
881417,246,8,1647,2001,39945.0,0.0,0.356842,2.006155,ZAF,ARG,8429
881418,250,8,1647,2001,44057.0,0.0,1.096023,-0.33562600000000004,ANS,ARG,8429
881419,6,14,1647,2001,0.0,54662.0,0.260662,-0.66681,ANT,AUS,8429
881420,7,14,1647,2001,0.0,2626542.0,-0.193984,-0.457124,ARE,AUS,8429
881421,15,14,1647,2001,1299758.0,93171.0,1.8571650000000002,0.603191,AUT,AUS,8429
881422,18,14,1647,2001,731358.0,91038.0,1.4328370000000001,1.408495,BEL,AUS,8429
881423,31,14,1647,2001,0.0,36265.0,-0.680108,-0.678143,BOL,AUS,8429
881424,32,14,1647,2001,453499.0,383914.0,0.672496,1.051848,BRA,AUS,8429
881425,37,14,1647,2001,0.0,133495.0,-0.42690100000000003,-1.081372,BWA,AUS,8429
881426,39,14,1647,2001,1075600.0,5779862.0,0.971827,1.105171,CAN,AUS,8429
881427,40,14,1647,2001,0.0,221849.0,1.5803969999999998,-0.258236,CCK,AUS,8429
881428,41,14,1647,2001,832878.0,0.0,2.227246,0.553956,CHE,AUS,8429
881429,42,14,1647,2001,0.0,326688.0,-0.004658,-0.002548,CHL,AUS,8429
881430,43,14,1647,2001,40036.0,47279.0,0.525171,3.092963,CHN,AUS,8429
881431,44,14,1647,2001,0.0,37609.0,-0.715949,-0.524428,CIV,AUS,8429
881432,45,14,1647,2001,0.0,1874.0,-1.6254879999999998,-1.212513,CMR,AUS,8429
881433,56,14,1647,2001,0.0,34209.0,1.0924479999999999,-0.7587689999999999,CXR,AUS,8429
881434,59,14,1647,2001,1694642.0,0.0,1.485703,1.109305,CZE,AUS,8429
881435,61,14,1647,2001,22666517.0,100176.0,2.321375,-2.1110990000000003,DEU,AUS,8429
881436,74,14,1647,2001,9919721.0,0.0,2.069141,0.9375180000000001,FIN,AUS,8429
881437,75,14,1647,2001,0.0,323225.0,-0.954702,-0.602761,FJI,AUS,8429
881438,77,14,1647,2001,18096725.0,33063.0,1.653507,0.797582,FRA,AUS,8429
881439,81,14,1647,2001,15634067.0,310607.0,1.976894,0.685435,GBR,AUS,8429
881440,83,14,1647,2001,62450.0,1698.0,-0.961067,-0.780449,GHA,AUS,8429
881441,97,14,1647,2001,266279.0,106932.0,0.521528,2.3025,HKG,AUS,8429
881442,103,14,1647,2001,581318.0,7804199.0,-0.167771,1.6587889999999998,IDN,AUS,8429
881443,104,14,1647,2001,0.0,2975.0,0.349744,2.665844,IND,AUS,8429
881444,111,14,1647,2001,4611347.0,1462982.0,1.389926,1.282143,ITA,AUS,8429
881445,112,14,1647,2001,89265.0,16213.0,-0.541582,-0.837248,JAM,AUS,8429
881446,113,14,1647,2001,0.0,36281.0,0.375134,0.581558,JOR,AUS,8429
881447,114,14,1647,2001,128705371.0,298344.0,2.585857,0.522663,JPN,AUS,8429
881448,115,14,1647,2001,0.0,290365.0,0.009714,-0.525899,KAZ,AUS,8429
881449,119,14,1647,2001,0.0,39186.0,1.070549,-0.712515,KIR,AUS,8429
881450,121,14,1647,2001,6231308.0,352409.0,1.145797,1.0762399999999999,KOR,AUS,8429
881451,125,14,1647,2001,0.0,66128.0,-0.49036,-1.126565,LBR,AUS,8429
881452,127,14,1647,2001,0.0,27330.0,0.004518,-0.5326770000000001,LCA,AUS,8429
881453,128,14,1647,2001,18465.0,20265.0,-0.722434,-0.033818,LKA,AUS,8429
881454,138,14,1647,2001,0.0,698310.0,0.797058,0.713234,MEX,AUS,8429
881455,143,14,1647,2001,0.0,20208.0,-1.5627,-1.150854,MMR,AUS,8429
881456,153,14,1647,2001,300657.0,121876.0,0.768174,0.307033,MYS,AUS,8429
881457,155,14,1647,2001,0.0,241407.0,-0.625912,-0.854247,NAM,AUS,8429
881458,156,14,1647,2001,0.0,1164708.0,-0.837087,-0.9207040000000001,NCL,AUS,8429
881459,158,14,1647,2001,0.0,448517.0,2.1737040000000003,-0.5512100000000001,NFK,AUS,8429
881460,159,14,1647,2001,0.0,20606.0,-1.966439,-1.2724520000000001,NGA,AUS,8429
881461,162,14,1647,2001,1533193.0,642867.0,1.315685,1.590935,NLD,AUS,8429
881462,166,14,1647,2001,232778.0,6406798.0,0.521409,0.683134,NZL,AUS,8429
881463,167,14,1647,2001,0.0,164943.0,-0.909329,-1.189698,OMN,AUS,8429
881464,173,14,1647,2001,0.0,453609.0,-0.345519,0.202623,PER,AUS,8429
881465,174,14,1647,2001,270543.0,321328.0,-0.028201,-0.112349,PHL,AUS,8429
881466,176,14,1647,2001,260737.0,3356803.0,-1.503929,-1.199463,PNG,AUS,8429
881467,177,14,1647,2001,193509.0,0.0,0.9474540000000001,1.8408220000000002,POL,AUS,8429
881468,182,14,1647,2001,0.0,167018.0,-0.005456,-0.7210770000000001,PYF,AUS,8429
881469,186,14,1647,2001,0.0,196626.0,0.945816,0.35027600000000003,RUS,AUS,8429
881470,188,14,1647,2001,14674.0,99594.0,0.5370550000000001,-0.793469,SAU,AUS,8429
881471,192,14,1647,2001,1716902.0,1608145.0,1.364239,0.721074,SGP,AUS,8429
881472,195,14,1647,2001,0.0,144691.0,-0.325802,-0.726847,SLB,AUS,8429
881473,206,14,1647,2001,0.0,142190.0,1.1732770000000001,1.088576,SVK,AUS,8429
881474,208,14,1647,2001,6795724.0,0.0,2.156845,0.784439,SWE,AUS,8429
881475,216,14,1647,2001,813469.0,455955.0,0.37555900000000003,1.498267,THA,AUS,8429
881476,222,14,1647,2001,0.0,9596.0,0.178256,-0.709126,TTO,AUS,8429
881477,226,14,1647,2001,0.0,1277087.0,-1.193991,-0.49282200000000004,TZA,AUS,8429
881478,231,14,1647,2001,125186589.0,11810233.0,1.873674,0.168468,USA,AUS,8429
881479,239,14,1647,2001,78482.0,262275.0,-0.6692130000000001,0.610992,VNM,AUS,8429
881480,240,14,1647,2001,0.0,133016.0,-0.9620719999999999,-0.873368,VUT,AUS,8429
881481,246,14,1647,2001,598869.0,4248092.0,0.356842,2.006155,ZAF,AUS,8429
881482,247,14,1647,2001,0.0,5703.0,-0.731193,-0.706978,ZMB,AUS,8429
881483,248,14,1647,2001,6716.0,0.0,-0.6321829999999999,-0.453671,ZWE,AUS,8429
881484,249,14,1647,2001,55533.0,55412.0,1.5731700000000002,1.353159,TWN,AUS,8429
881485,250,14,1647,2001,3181669.0,0.0,1.096023,-0.33562600000000004,ANS,AUS,8429
881486,4,15,1647,2001,0.0,80492.0,-0.054125,0.104298,ALB,AUT,8429
881487,8,15,1647,2001,0.0,125991.0,0.287698,0.547137,ARG,AUT,8429
881488,13,15,1647,2001,0.0,377894.0,-0.036838,-0.6593600000000001,ATG,AUT,8429
881489,14,15,1647,2001,93171.0,1299758.0,0.29463,0.772375,AUS,AUT,8429
881490,16,15,1647,2001,0.0,30301.0,-0.6731090000000001,-1.037922,AZE,AUT,8429
881491,18,15,1647,2001,3959153.0,3425686.0,1.4328370000000001,1.408495,BEL,AUT,8429
881492,23,15,1647,2001,0.0,271511.0,0.41425100000000004,1.639866,BGR,AUT,8429
881493,24,15,1647,2001,0.0,459204.0,-0.11008399999999999,-1.053611,BHR,AUT,8429
881494,26,15,1647,2001,48530.0,2810909.0,0.238083,0.362643,BIH,AUT,8429
881495,28,15,1647,2001,0.0,172651.0,0.804404,0.936773,BLR,AUT,8429
881496,32,15,1647,2001,181617.0,0.0,0.672496,1.051848,BRA,AUT,8429
881497,33,15,1647,2001,0.0,86395.0,0.725546,0.172345,BRB,AUT,8429
881498,39,15,1647,2001,0.0,2950668.0,0.971827,1.105171,CAN,AUT,8429
881499,41,15,1647,2001,4578232.0,13993674.0,2.227246,0.553956,CHE,AUT,8429
881500,42,15,1647,2001,0.0,70014.0,-0.004658,-0.002548,CHL,AUT,8429
881501,43,15,1647,2001,0.0,2137425.0,0.525171,3.092963,CHN,AUT,8429
881502,45,15,1647,2001,0.0,20354.0,-1.6254879999999998,-1.212513,CMR,AUT,8429
881503,54,15,1647,2001,0.0,159098.0,-0.443391,-0.9599030000000001,CUB,AUT,8429
881504,59,15,1647,2001,1324215.0,10095319.0,1.485703,1.109305,CZE,AUT,8429
881505,61,15,1647,2001,69113118.0,62916064.0,2.321375,-2.1110990000000003,DEU,AUT,8429
881506,64,15,1647,2001,112808.0,3395281.0,1.261883,1.351875,DNK,AUT,8429
881507,66,15,1647,2001,0.0,1859658.0,-0.663363,-1.158295,DZA,AUT,8429
881508,68,15,1647,2001,1174856.0,274911.0,-0.373576,0.366385,EGY,AUT,8429
881509,71,15,1647,2001,79119.0,7623238.0,1.079664,1.9842220000000002,ESP,AUT,8429
881510,72,15,1647,2001,0.0,510075.0,0.5746829999999999,0.9073899999999999,EST,AUT,8429
881511,73,15,1647,2001,450928.0,477854.0,-0.999149,-0.904072,ETH,AUT,8429
881512,74,15,1647,2001,243092.0,360132.0,2.069141,0.9375180000000001,FIN,AUT,8429
881513,77,15,1647,2001,16552368.0,36240437.0,1.653507,0.797582,FRA,AUT,8429
881514,80,15,1647,2001,0.0,548895.0,-1.063007,-1.181284,GAB,AUT,8429
881515,81,15,1647,2001,31844800.0,12154058.0,1.976894,0.685435,GBR,AUT,8429
881516,83,15,1647,2001,0.0,2933.0,-0.961067,-0.780449,GHA,AUT,8429
881517,90,15,1647,2001,14359.0,1286634.0,0.31387600000000004,1.3614600000000001,GRC,AUT,8429
881518,97,15,1647,2001,0.0,865832.0,0.521528,2.3025,HKG,AUT,8429
881519,100,15,1647,2001,403668.0,12189403.0,0.544596,0.969535,HRV,AUT,8429
881520,102,15,1647,2001,92025.0,11398696.0,1.102262,1.138016,HUN,AUT,8429
881521,103,15,1647,2001,100805.0,0.0,-0.167771,1.6587889999999998,IDN,AUT,8429
881522,104,15,1647,2001,0.0,694737.0,0.349744,2.665844,IND,AUT,8429
881523,106,15,1647,2001,39590.0,106911.0,1.664233,0.129983,IRL,AUT,8429
881524,107,15,1647,2001,0.0,123659.0,-0.7732479999999999,-0.8979370000000001,IRN,AUT,8429
881525,108,15,1647,2001,0.0,1892851.0,-1.115465,-0.883028,IRQ,AUT,8429
881526,109,15,1647,2001,0.0,76972.0,0.032382999999999995,-0.51054,ISL,AUT,8429
881527,110,15,1647,2001,0.0,405932.0,1.374873,0.775594,ISR,AUT,8429
881528,111,15,1647,2001,6561941.0,21440144.0,1.389926,1.282143,ITA,AUT,8429
881529,113,15,1647,2001,0.0,24801.0,0.375134,0.581558,JOR,AUT,8429
881530,114,15,1647,2001,18954600.0,317350.0,2.585857,0.522663,JPN,AUT,8429
881531,115,15,1647,2001,0.0,46479.0,0.009714,-0.525899,KAZ,AUT,8429
881532,120,15,1647,2001,0.0,234812.0,0.612222,-0.440733,KNA,AUT,8429
881533,121,15,1647,2001,1741201.0,779756.0,1.145797,1.0762399999999999,KOR,AUT,8429
881534,122,15,1647,2001,0.0,320688.0,-0.8197,-1.183758,KWT,AUT,8429
881535,124,15,1647,2001,0.0,207676.0,0.165355,0.988008,LBN,AUT,8429
881536,126,15,1647,2001,0.0,4294411.0,-0.9321459999999999,-1.198124,LBY,AUT,8429
881537,127,15,1647,2001,0.0,337115.0,0.004518,-0.5326770000000001,LCA,AUT,8429
881538,128,15,1647,2001,0.0,9993.0,-0.722434,-0.033818,LKA,AUT,8429
881539,130,15,1647,2001,47507.0,49643.0,0.15706900000000001,0.416663,LTU,AUT,8429
881540,131,15,1647,2001,91621.0,1219232.0,1.470895,1.149007,LUX,AUT,8429
881541,132,15,1647,2001,53255.0,126187.0,0.404136,0.461009,LVA,AUT,8429
881542,134,15,1647,2001,0.0,1951444.0,-0.75275,-0.280397,MAR,AUT,8429
881543,138,15,1647,2001,0.0,27795.0,0.797058,0.713234,MEX,AUT,8429
881544,140,15,1647,2001,0.0,217593.0,0.033097,0.43516499999999997,MKD,AUT,8429
881545,143,15,1647,2001,0.0,204588.0,-1.5627,-1.150854,MMR,AUT,8429
881546,155,15,1647,2001,0.0,868.0,-0.625912,-0.854247,NAM,AUT,8429
881547,156,15,1647,2001,0.0,22813.0,-0.837087,-0.9207040000000001,NCL,AUT,8429
881548,159,15,1647,2001,0.0,381387.0,-1.966439,-1.2724520000000001,NGA,AUT,8429
881549,162,15,1647,2001,1524237.0,9692707.0,1.315685,1.590935,NLD,AUT,8429
881550,163,15,1647,2001,0.0,1405910.0,0.974814,0.06512000000000001,NOR,AUT,8429
881551,166,15,1647,2001,0.0,127518.0,0.521409,0.683134,NZL,AUT,8429
881552,174,15,1647,2001,0.0,157176.0,-0.028201,-0.112349,PHL,AUT,8429
881553,177,15,1647,2001,53259.0,1734764.0,0.9474540000000001,1.8408220000000002,POL,AUT,8429
881554,178,15,1647,2001,0.0,261212.0,0.62773,1.010888,PRK,AUT,8429
881555,179,15,1647,2001,0.0,1136021.0,0.482048,1.662123,PRT,AUT,8429
881556,182,15,1647,2001,0.0,44550.0,-0.005456,-0.7210770000000001,PYF,AUT,8429
881557,185,15,1647,2001,0.0,2218697.0,0.326733,1.005332,ROU,AUT,8429
881558,186,15,1647,2001,0.0,7699423.0,0.945816,0.35027600000000003,RUS,AUT,8429
881559,189,15,1647,2001,24007.0,2274009.0,0.45280200000000004,2.469852,SCG,AUT,8429
881560,192,15,1647,2001,244509.0,0.0,1.364239,0.721074,SGP,AUT,8429
881561,206,15,1647,2001,52616.0,1771850.0,1.1732770000000001,1.088576,SVK,AUT,8429
881562,207,15,1647,2001,182757.0,6047989.0,1.5074370000000001,1.1370040000000001,SVN,AUT,8429
881563,208,15,1647,2001,7989584.0,796189.0,2.156845,0.784439,SWE,AUT,8429
881564,212,15,1647,2001,0.0,491136.0,-1.057217,-0.716331,SYR,AUT,8429
881565,216,15,1647,2001,0.0,12280.0,0.37555900000000003,1.498267,THA,AUT,8429
881566,222,15,1647,2001,0.0,90632.0,0.178256,-0.709126,TTO,AUT,8429
881567,223,15,1647,2001,0.0,871084.0,-0.162152,0.23939699999999997,TUN,AUT,8429
881568,224,15,1647,2001,0.0,3188187.0,0.188773,1.91451,TUR,AUT,8429
881569,226,15,1647,2001,10350.0,0.0,-1.193991,-0.49282200000000004,TZA,AUT,8429
881570,228,15,1647,2001,0.0,259247.0,0.8376969999999999,0.989059,UKR,AUT,8429
881571,230,15,1647,2001,0.0,59782.0,0.36029,0.298869,URY,AUT,8429
881572,231,15,1647,2001,3923227.0,33535193.0,1.873674,0.168468,USA,AUT,8429
881573,234,15,1647,2001,0.0,453975.0,-0.5042,-0.7987609999999999,VCT,AUT,8429
881574,239,15,1647,2001,0.0,114117.0,-0.6692130000000001,0.610992,VNM,AUT,8429
881575,243,15,1647,2001,0.0,56366.0,-1.465154,-1.261615,YEM,AUT,8429
881576,246,15,1647,2001,0.0,5590452.0,0.356842,2.006155,ZAF,AUT,8429
881577,249,15,1647,2001,0.0,400275.0,1.5731700000000002,1.353159,TWN,AUT,8429
881578,2,18,1647,2001,0.0,3011046.0,-1.523823,-1.214093,AGO,BEL,8429
881579,5,18,1647,2001,0.0,121882.0,1.049415,0.860241,AND,BEL,8429
881580,6,18,1647,2001,0.0,73264.0,0.260662,-0.66681,ANT,BEL,8429
881581,7,18,1647,2001,0.0,18062534.0,-0.193984,-0.457124,ARE,BEL,8429
881582,8,18,1647,2001,0.0,383076.0,0.287698,0.547137,ARG,BEL,8429
881583,14,18,1647,2001,91038.0,731358.0,0.29463,0.772375,AUS,BEL,8429
881584,15,18,1647,2001,3425686.0,3959153.0,1.8571650000000002,0.603191,AUT,BEL,8429
881585,16,18,1647,2001,0.0,39160.0,-0.6731090000000001,-1.037922,AZE,BEL,8429
881586,17,18,1647,2001,0.0,7838.0,-0.554955,-0.755333,BDI,BEL,8429
881587,19,18,1647,2001,80276.0,219504.0,-1.09233,-0.8276969999999999,BEN,BEL,8429
881588,21,18,1647,2001,70657.0,338225.0,-0.291485,-0.20803000000000002,BFA,BEL,8429
881589,22,18,1647,2001,0.0,50869.0,-1.0406739999999999,-1.010108,BGD,BEL,8429
881590,23,18,1647,2001,0.0,179525.0,0.41425100000000004,1.639866,BGR,BEL,8429
881591,24,18,1647,2001,0.0,620162.0,-0.11008399999999999,-1.053611,BHR,BEL,8429
881592,26,18,1647,2001,0.0,127302.0,0.238083,0.362643,BIH,BEL,8429
881593,28,18,1647,2001,0.0,79879.0,0.804404,0.936773,BLR,BEL,8429
881594,31,18,1647,2001,0.0,306592.0,-0.680108,-0.678143,BOL,BEL,8429
881595,32,18,1647,2001,14766376.0,406243.0,0.672496,1.051848,BRA,BEL,8429
881596,37,18,1647,2001,0.0,342853.0,-0.42690100000000003,-1.081372,BWA,BEL,8429
881597,39,18,1647,2001,1098141.0,5914499.0,0.971827,1.105171,CAN,BEL,8429
881598,41,18,1647,2001,1111046.0,15219804.0,2.227246,0.553956,CHE,BEL,8429
881599,42,18,1647,2001,0.0,729619.0,-0.004658,-0.002548,CHL,BEL,8429
881600,43,18,1647,2001,362699.0,0.0,0.525171,3.092963,CHN,BEL,8429
881601,44,18,1647,2001,0.0,2642430.0,-0.715949,-0.524428,CIV,BEL,8429
881602,45,18,1647,2001,0.0,8967837.0,-1.6254879999999998,-1.212513,CMR,BEL,8429
881603,46,18,1647,2001,0.0,605994.0,-1.421643,-1.154007,COD,BEL,8429
881604,47,18,1647,2001,0.0,1038066.0,-1.482788,-1.172,COG,BEL,8429
881605,52,18,1647,2001,0.0,47666.0,0.069458,-0.042793,CRI,BEL,8429
881606,54,18,1647,2001,0.0,300163.0,-0.443391,-0.9599030000000001,CUB,BEL,8429
881607,58,18,1647,2001,42844.0,1026729.0,0.381251,0.257802,CYP,BEL,8429
881608,59,18,1647,2001,319329.0,8256879.0,1.485703,1.109305,CZE,BEL,8429
881609,61,18,1647,2001,37482057.0,205772863.0,2.321375,-2.1110990000000003,DEU,BEL,8429
881610,64,18,1647,2001,109020.0,11870149.0,1.261883,1.351875,DNK,BEL,8429
881611,65,18,1647,2001,0.0,109224.0,-0.538419,-0.48773900000000003,DOM,BEL,8429
881612,66,18,1647,2001,0.0,1203010.0,-0.663363,-1.158295,DZA,BEL,8429
881613,67,18,1647,2001,0.0,302606.0,-0.852642,-0.896374,ECU,BEL,8429
881614,68,18,1647,2001,0.0,1317801.0,-0.373576,0.366385,EGY,BEL,8429
881615,71,18,1647,2001,382901.0,77374630.0,1.079664,1.9842220000000002,ESP,BEL,8429
881616,72,18,1647,2001,0.0,235593.0,0.5746829999999999,0.9073899999999999,EST,BEL,8429
881617,73,18,1647,2001,0.0,992607.0,-0.999149,-0.904072,ETH,BEL,8429
881618,74,18,1647,2001,1158212.0,19700314.0,2.069141,0.9375180000000001,FIN,BEL,8429
881619,77,18,1647,2001,28799186.0,195906550.0,1.653507,0.797582,FRA,BEL,8429
881620,78,18,1647,2001,0.0,175313.0,-1.004972,-0.9456030000000001,FRO,BEL,8429
881621,80,18,1647,2001,0.0,2067884.0,-1.063007,-1.181284,GAB,BEL,8429
881622,81,18,1647,2001,19729311.0,105185123.0,1.976894,0.685435,GBR,BEL,8429
881623,83,18,1647,2001,0.0,545678.0,-0.961067,-0.780449,GHA,BEL,8429
881624,85,18,1647,2001,0.0,47343.0,-1.5380340000000001,-1.200083,GIN,BEL,8429
881625,87,18,1647,2001,0.0,7972.0,-0.160182,-0.24737399999999998,GMB,BEL,8429
881626,90,18,1647,2001,0.0,4759338.0,0.31387600000000004,1.3614600000000001,GRC,BEL,8429
881627,91,18,1647,2001,0.0,80316.0,-0.007888,-0.518167,GRD,BEL,8429
881628,93,18,1647,2001,0.0,244920.0,-0.5089520000000001,0.216677,GTM,BEL,8429
881629,97,18,1647,2001,32480.0,445096.0,0.521528,2.3025,HKG,BEL,8429
881630,100,18,1647,2001,3993834.0,1082589.0,0.544596,0.969535,HRV,BEL,8429
881631,102,18,1647,2001,32188.0,2468198.0,1.102262,1.138016,HUN,BEL,8429
881632,103,18,1647,2001,44104.0,2024517.0,-0.167771,1.6587889999999998,IDN,BEL,8429
881633,106,18,1647,2001,0.0,5842646.0,1.664233,0.129983,IRL,BEL,8429
881634,107,18,1647,2001,0.0,213278.0,-0.7732479999999999,-0.8979370000000001,IRN,BEL,8429
881635,108,18,1647,2001,0.0,6251568.0,-1.115465,-0.883028,IRQ,BEL,8429
881636,109,18,1647,2001,0.0,637316.0,0.032382999999999995,-0.51054,ISL,BEL,8429
881637,110,18,1647,2001,134194.0,10392695.0,1.374873,0.775594,ISR,BEL,8429
881638,111,18,1647,2001,18327827.0,191741850.0,1.389926,1.282143,ITA,BEL,8429
881639,112,18,1647,2001,0.0,16536.0,-0.541582,-0.837248,JAM,BEL,8429
881640,113,18,1647,2001,0.0,522232.0,0.375134,0.581558,JOR,BEL,8429
881641,114,18,1647,2001,74067031.0,587668.0,2.585857,0.522663,JPN,BEL,8429
881642,115,18,1647,2001,0.0,5482670.0,0.009714,-0.525899,KAZ,BEL,8429
881643,116,18,1647,2001,0.0,500603.0,-0.529388,0.092271,KEN,BEL,8429
881644,121,18,1647,2001,43790365.0,153837.0,1.145797,1.0762399999999999,KOR,BEL,8429
881645,122,18,1647,2001,0.0,359324.0,-0.8197,-1.183758,KWT,BEL,8429
881646,124,18,1647,2001,53389.0,608182.0,0.165355,0.988008,LBN,BEL,8429
881647,125,18,1647,2001,0.0,19438.0,-0.49036,-1.126565,LBR,BEL,8429
881648,126,18,1647,2001,0.0,9579202.0,-0.9321459999999999,-1.198124,LBY,BEL,8429
881649,127,18,1647,2001,0.0,31564.0,0.004518,-0.5326770000000001,LCA,BEL,8429
881650,130,18,1647,2001,8288.0,39639.0,0.15706900000000001,0.416663,LTU,BEL,8429
881651,131,18,1647,2001,1368154.0,10471707.0,1.470895,1.149007,LUX,BEL,8429
881652,132,18,1647,2001,0.0,85223.0,0.404136,0.461009,LVA,BEL,8429
881653,134,18,1647,2001,0.0,2631331.0,-0.75275,-0.280397,MAR,BEL,8429
881654,135,18,1647,2001,0.0,1541.0,-0.024822,-0.15323399999999998,MDA,BEL,8429
881655,136,18,1647,2001,0.0,300591.0,-1.247531,-0.637093,MDG,BEL,8429
881656,138,18,1647,2001,1583.0,1411655.0,0.797058,0.713234,MEX,BEL,8429
881657,140,18,1647,2001,0.0,46278.0,0.033097,0.43516499999999997,MKD,BEL,8429
881658,141,18,1647,2001,5121.0,853090.0,-0.40341,-0.626402,MLI,BEL,8429
881659,142,18,1647,2001,0.0,44713.0,1.065032,-0.065239,MLT,BEL,8429
881660,145,18,1647,2001,0.0,717788.0,-0.691001,-0.9284180000000001,MNG,BEL,8429
881661,147,18,1647,2001,0.0,76159.0,-1.2364879999999998,-1.136715,MOZ,BEL,8429
881662,148,18,1647,2001,0.0,502344.0,-1.187271,-1.240445,MRT,BEL,8429
881663,151,18,1647,2001,0.0,1238515.0,-0.410422,-0.5868369999999999,MUS,BEL,8429
881664,153,18,1647,2001,0.0,41095.0,0.768174,0.307033,MYS,BEL,8429
881665,154,18,1647,2001,0.0,36297.0,1.4633260000000001,-0.114532,MYT,BEL,8429
881666,155,18,1647,2001,0.0,943386.0,-0.625912,-0.854247,NAM,BEL,8429
881667,157,18,1647,2001,0.0,310699.0,-0.22368600000000002,-0.464156,NER,BEL,8429
881668,159,18,1647,2001,0.0,9706063.0,-1.966439,-1.2724520000000001,NGA,BEL,8429
881669,162,18,1647,2001,55563333.0,61814974.0,1.315685,1.590935,NLD,BEL,8429
881670,163,18,1647,2001,648622.0,11187574.0,0.974814,0.06512000000000001,NOR,BEL,8429
881671,166,18,1647,2001,0.0,229067.0,0.521409,0.683134,NZL,BEL,8429
881672,167,18,1647,2001,0.0,841091.0,-0.909329,-1.189698,OMN,BEL,8429
881673,168,18,1647,2001,0.0,16973.0,-0.8376520000000001,-0.378743,PAK,BEL,8429
881674,173,18,1647,2001,0.0,850121.0,-0.345519,0.202623,PER,BEL,8429
881675,174,18,1647,2001,0.0,173548.0,-0.028201,-0.112349,PHL,BEL,8429
881676,177,18,1647,2001,1258.0,2732362.0,0.9474540000000001,1.8408220000000002,POL,BEL,8429
881677,179,18,1647,2001,413411.0,45749050.0,0.482048,1.662123,PRT,BEL,8429
881678,182,18,1647,2001,0.0,152497.0,-0.005456,-0.7210770000000001,PYF,BEL,8429
881679,183,18,1647,2001,0.0,1324717.0,-0.46564799999999995,-1.127634,QAT,BEL,8429
881680,185,18,1647,2001,0.0,1198507.0,0.326733,1.005332,ROU,BEL,8429
881681,186,18,1647,2001,0.0,9757302.0,0.945816,0.35027600000000003,RUS,BEL,8429
881682,188,18,1647,2001,0.0,14558261.0,0.5370550000000001,-0.793469,SAU,BEL,8429
881683,189,18,1647,2001,0.0,569365.0,0.45280200000000004,2.469852,SCG,BEL,8429
881684,190,18,1647,2001,0.0,1320181.0,-1.6325180000000001,-1.263267,SDN,BEL,8429
881685,191,18,1647,2001,0.0,907508.0,-0.437779,-0.436654,SEN,BEL,8429
881686,192,18,1647,2001,128241.0,7863773.0,1.364239,0.721074,SGP,BEL,8429
881687,196,18,1647,2001,0.0,6268.0,0.331949,0.186253,SLE,BEL,8429
881688,205,18,1647,2001,0.0,66038.0,-0.650556,-0.801128,SUR,BEL,8429
881689,206,18,1647,2001,0.0,527834.0,1.1732770000000001,1.088576,SVK,BEL,8429
881690,207,18,1647,2001,0.0,890121.0,1.5074370000000001,1.1370040000000001,SVN,BEL,8429
881691,208,18,1647,2001,626504.0,16050281.0,2.156845,0.784439,SWE,BEL,8429
881692,211,18,1647,2001,0.0,72380.0,0.065059,-0.7806489999999999,SYC,BEL,8429
881693,212,18,1647,2001,0.0,1485334.0,-1.057217,-0.716331,SYR,BEL,8429
881694,214,18,1647,2001,0.0,1737447.0,-0.655004,-0.872215,TCD,BEL,8429
881695,215,18,1647,2001,0.0,124402.0,-0.758725,-0.577004,TGO,BEL,8429
881696,216,18,1647,2001,19108.0,7769.0,0.37555900000000003,1.498267,THA,BEL,8429
881697,222,18,1647,2001,0.0,202121.0,0.178256,-0.709126,TTO,BEL,8429
881698,223,18,1647,2001,4846.0,5626277.0,-0.162152,0.23939699999999997,TUN,BEL,8429
881699,224,18,1647,2001,156857.0,4829206.0,0.188773,1.91451,TUR,BEL,8429
881700,226,18,1647,2001,0.0,1127472.0,-1.193991,-0.49282200000000004,TZA,BEL,8429
881701,227,18,1647,2001,0.0,583712.0,-0.9694860000000001,-0.840592,UGA,BEL,8429
881702,228,18,1647,2001,491327.0,532876.0,0.8376969999999999,0.989059,UKR,BEL,8429
881703,230,18,1647,2001,0.0,108780.0,0.36029,0.298869,URY,BEL,8429
881704,231,18,1647,2001,156229082.0,156041761.0,1.873674,0.168468,USA,BEL,8429
881705,232,18,1647,2001,0.0,280261.0,-0.395913,-0.6454449999999999,UZB,BEL,8429
881706,234,18,1647,2001,0.0,426762.0,-0.5042,-0.7987609999999999,VCT,BEL,8429
881707,236,18,1647,2001,0.0,59548.0,0.261158,-0.7397,VEN,BEL,8429
881708,239,18,1647,2001,0.0,5932.0,-0.6692130000000001,0.610992,VNM,BEL,8429
881709,243,18,1647,2001,0.0,13747.0,-1.465154,-1.261615,YEM,BEL,8429
881710,246,18,1647,2001,63791.0,19853226.0,0.356842,2.006155,ZAF,BEL,8429
881711,247,18,1647,2001,0.0,59886.0,-0.731193,-0.706978,ZMB,BEL,8429
881712,248,18,1647,2001,0.0,186650.0,-0.6321829999999999,-0.453671,ZWE,BEL,8429
881713,18,22,1647,2001,50869.0,0.0,1.4328370000000001,1.408495,BEL,BGD,8429
881714,32,22,1647,2001,358459.0,0.0,0.672496,1.051848,BRA,BGD,8429
881715,41,22,1647,2001,991.0,0.0,2.227246,0.553956,CHE,BGD,8429
881716,43,22,1647,2001,1239322.0,0.0,0.525171,3.092963,CHN,BGD,8429
881717,59,22,1647,2001,85015.0,0.0,1.485703,1.109305,CZE,BGD,8429
881718,61,22,1647,2001,1065484.0,0.0,2.321375,-2.1110990000000003,DEU,BGD,8429
881719,77,22,1647,2001,32024.0,0.0,1.653507,0.797582,FRA,BGD,8429
881720,81,22,1647,2001,199931.0,0.0,1.976894,0.685435,GBR,BGD,8429
881721,103,22,1647,2001,0.0,11477.0,-0.167771,1.6587889999999998,IDN,BGD,8429
881722,104,22,1647,2001,189264.0,0.0,0.349744,2.665844,IND,BGD,8429
881723,111,22,1647,2001,176544.0,0.0,1.389926,1.282143,ITA,BGD,8429
881724,114,22,1647,2001,2511258.0,0.0,2.585857,0.522663,JPN,BGD,8429
881725,121,22,1647,2001,1290449.0,0.0,1.145797,1.0762399999999999,KOR,BGD,8429
881726,178,22,1647,2001,20731.0,0.0,0.62773,1.010888,PRK,BGD,8429
881727,192,22,1647,2001,2722961.0,0.0,1.364239,0.721074,SGP,BGD,8429
881728,216,22,1647,2001,258284.0,0.0,0.37555900000000003,1.498267,THA,BGD,8429
881729,224,22,1647,2001,178643.0,0.0,0.188773,1.91451,TUR,BGD,8429
881730,231,22,1647,2001,1285007.0,0.0,1.873674,0.168468,USA,BGD,8429
881731,249,22,1647,2001,189039.0,0.0,1.5731700000000002,1.353159,TWN,BGD,8429
881732,32,25,1647,2001,164917.0,0.0,0.672496,1.051848,BRA,BHS,8429
881733,41,25,1647,2001,62778.0,0.0,2.227246,0.553956,CHE,BHS,8429
881734,81,25,1647,2001,31490.0,0.0,1.976894,0.685435,GBR,BHS,8429
881735,231,25,1647,2001,13951346.0,2311783.0,1.873674,0.168468,USA,BHS,8429
881736,2,32,1647,2001,0.0,1686889.0,-1.523823,-1.214093,AGO,BRA,8429
881737,6,32,1647,2001,0.0,168836.0,0.260662,-0.66681,ANT,BRA,8429
881738,7,32,1647,2001,0.0,25234838.0,-0.193984,-0.457124,ARE,BRA,8429
881739,8,32,1647,2001,70900.0,20096291.0,0.287698,0.547137,ARG,BRA,8429
881740,14,32,1647,2001,383914.0,453499.0,0.29463,0.772375,AUS,BRA,8429
881741,15,32,1647,2001,0.0,181617.0,1.8571650000000002,0.603191,AUT,BRA,8429
881742,18,32,1647,2001,406243.0,14766376.0,1.4328370000000001,1.408495,BEL,BRA,8429
881743,19,32,1647,2001,0.0,823684.0,-1.09233,-0.8276969999999999,BEN,BRA,8429
881744,21,32,1647,2001,8205.0,179540.0,-0.291485,-0.20803000000000002,BFA,BRA,8429
881745,22,32,1647,2001,0.0,358459.0,-1.0406739999999999,-1.010108,BGD,BRA,8429
881746,24,32,1647,2001,0.0,229714.0,-0.11008399999999999,-1.053611,BHR,BRA,8429
881747,25,32,1647,2001,0.0,164917.0,0.803267,-0.071853,BHS,BRA,8429
881748,26,32,1647,2001,0.0,580355.0,0.238083,0.362643,BIH,BRA,8429
881749,29,32,1647,2001,0.0,519649.0,-0.297981,-0.695022,BLZ,BRA,8429
881750,31,32,1647,2001,1360012.0,943176.0,-0.680108,-0.678143,BOL,BRA,8429
881751,33,32,1647,2001,0.0,80665.0,0.725546,0.172345,BRB,BRA,8429
881752,39,32,1647,2001,134090.0,1112656.0,0.971827,1.105171,CAN,BRA,8429
881753,41,32,1647,2001,1730.0,0.0,2.227246,0.553956,CHE,BRA,8429
881754,42,32,1647,2001,0.0,21351910.0,-0.004658,-0.002548,CHL,BRA,8429
881755,43,32,1647,2001,0.0,399310.0,0.525171,3.092963,CHN,BRA,8429
881756,44,32,1647,2001,0.0,1676340.0,-0.715949,-0.524428,CIV,BRA,8429
881757,45,32,1647,2001,0.0,944866.0,-1.6254879999999998,-1.212513,CMR,BRA,8429
881758,47,32,1647,2001,0.0,129086.0,-1.482788,-1.172,COG,BRA,8429
881759,49,32,1647,2001,0.0,1115119.0,0.30412,0.395913,COL,BRA,8429
881760,50,32,1647,2001,0.0,95750.0,-0.24810700000000002,-0.832764,COM,BRA,8429
881761,51,32,1647,2001,0.0,1750147.0,0.063802,-0.456617,CPV,BRA,8429
881762,52,32,1647,2001,0.0,1322984.0,0.069458,-0.042793,CRI,BRA,8429
881763,58,32,1647,2001,0.0,726052.0,0.381251,0.257802,CYP,BRA,8429
881764,59,32,1647,2001,0.0,161754.0,1.485703,1.109305,CZE,BRA,8429
881765,61,32,1647,2001,776667.0,6515318.0,2.321375,-2.1110990000000003,DEU,BRA,8429
881766,65,32,1647,2001,0.0,2305328.0,-0.538419,-0.48773900000000003,DOM,BRA,8429
881767,66,32,1647,2001,0.0,1228971.0,-0.663363,-1.158295,DZA,BRA,8429
881768,67,32,1647,2001,0.0,3691973.0,-0.852642,-0.896374,ECU,BRA,8429
881769,68,32,1647,2001,0.0,85377.0,-0.373576,0.366385,EGY,BRA,8429
881770,71,32,1647,2001,93080.0,2702456.0,1.079664,1.9842220000000002,ESP,BRA,8429
881771,73,32,1647,2001,0.0,4985665.0,-0.999149,-0.904072,ETH,BRA,8429
881772,74,32,1647,2001,1586309.0,0.0,2.069141,0.9375180000000001,FIN,BRA,8429
881773,77,32,1647,2001,1967847.0,11322336.0,1.653507,0.797582,FRA,BRA,8429
881774,80,32,1647,2001,0.0,1024619.0,-1.063007,-1.181284,GAB,BRA,8429
881775,81,32,1647,2001,5935681.0,2407670.0,1.976894,0.685435,GBR,BRA,8429
881776,83,32,1647,2001,0.0,163255.0,-0.961067,-0.780449,GHA,BRA,8429
881777,85,32,1647,2001,0.0,214745.0,-1.5380340000000001,-1.200083,GIN,BRA,8429
881778,90,32,1647,2001,0.0,830404.0,0.31387600000000004,1.3614600000000001,GRC,BRA,8429
881779,91,32,1647,2001,0.0,105995.0,-0.007888,-0.518167,GRD,BRA,8429
881780,93,32,1647,2001,0.0,3724440.0,-0.5089520000000001,0.216677,GTM,BRA,8429
881781,96,32,1647,2001,0.0,100375.0,-0.955816,-0.8593069999999999,GUY,BRA,8429
881782,99,32,1647,2001,0.0,403320.0,-0.8003060000000001,-0.602097,HND,BRA,8429
881783,103,32,1647,2001,0.0,1660525.0,-0.167771,1.6587889999999998,IDN,BRA,8429
881784,104,32,1647,2001,0.0,5437689.0,0.349744,2.665844,IND,BRA,8429
881785,108,32,1647,2001,0.0,938653.0,-1.115465,-0.883028,IRQ,BRA,8429
881786,109,32,1647,2001,0.0,62593.0,0.032382999999999995,-0.51054,ISL,BRA,8429
881787,111,32,1647,2001,243542.0,1802360.0,1.389926,1.282143,ITA,BRA,8429
881788,112,32,1647,2001,0.0,82056.0,-0.541582,-0.837248,JAM,BRA,8429
881789,114,32,1647,2001,3395062.0,345230.0,2.585857,0.522663,JPN,BRA,8429
881790,116,32,1647,2001,0.0,72203.0,-0.529388,0.092271,KEN,BRA,8429
881791,121,32,1647,2001,7777372.0,49370.0,1.145797,1.0762399999999999,KOR,BRA,8429
881792,122,32,1647,2001,0.0,131238.0,-0.8197,-1.183758,KWT,BRA,8429
881793,124,32,1647,2001,0.0,2330.0,0.165355,0.988008,LBN,BRA,8429
881794,134,32,1647,2001,0.0,1575861.0,-0.75275,-0.280397,MAR,BRA,8429
881795,138,32,1647,2001,28623.0,30893602.0,0.797058,0.713234,MEX,BRA,8429
881796,141,32,1647,2001,0.0,271215.0,-0.40341,-0.626402,MLI,BRA,8429
881797,143,32,1647,2001,0.0,371682.0,-1.5627,-1.150854,MMR,BRA,8429
881798,147,32,1647,2001,0.0,751648.0,-1.2364879999999998,-1.136715,MOZ,BRA,8429
881799,148,32,1647,2001,0.0,636028.0,-1.187271,-1.240445,MRT,BRA,8429
881800,151,32,1647,2001,0.0,99352.0,-0.410422,-0.5868369999999999,MUS,BRA,8429
881801,152,32,1647,2001,0.0,238118.0,-1.388716,-1.116315,MWI,BRA,8429
881802,153,32,1647,2001,0.0,58936.0,0.768174,0.307033,MYS,BRA,8429
881803,155,32,1647,2001,0.0,1012947.0,-0.625912,-0.854247,NAM,BRA,8429
881804,159,32,1647,2001,0.0,6710124.0,-1.966439,-1.2724520000000001,NGA,BRA,8429
881805,160,32,1647,2001,0.0,200785.0,-0.8917430000000001,-0.713179,NIC,BRA,8429
881806,162,32,1647,2001,7439.0,263595.0,1.315685,1.590935,NLD,BRA,8429
881807,163,32,1647,2001,0.0,365031.0,0.974814,0.06512000000000001,NOR,BRA,8429
881808,166,32,1647,2001,38715.0,0.0,0.521409,0.683134,NZL,BRA,8429
881809,167,32,1647,2001,0.0,588040.0,-0.909329,-1.189698,OMN,BRA,8429
881810,169,32,1647,2001,0.0,1465317.0,0.17588199999999998,0.422505,PAN,BRA,8429
881811,173,32,1647,2001,0.0,2592953.0,-0.345519,0.202623,PER,BRA,8429
881812,174,32,1647,2001,0.0,295210.0,-0.028201,-0.112349,PHL,BRA,8429
881813,177,32,1647,2001,0.0,135005.0,0.9474540000000001,1.8408220000000002,POL,BRA,8429
881814,179,32,1647,2001,87444.0,2030568.0,0.482048,1.662123,PRT,BRA,8429
881815,180,32,1647,2001,0.0,935273.0,-0.68893,-0.9326690000000001,PRY,BRA,8429
881816,183,32,1647,2001,0.0,305273.0,-0.46564799999999995,-1.127634,QAT,BRA,8429
881817,186,32,1647,2001,0.0,167165.0,0.945816,0.35027600000000003,RUS,BRA,8429
881818,188,32,1647,2001,0.0,4500273.0,0.5370550000000001,-0.793469,SAU,BRA,8429
881819,190,32,1647,2001,0.0,2952712.0,-1.6325180000000001,-1.263267,SDN,BRA,8429
881820,191,32,1647,2001,0.0,1055483.0,-0.437779,-0.436654,SEN,BRA,8429
881821,192,32,1647,2001,34159.0,2062933.0,1.364239,0.721074,SGP,BRA,8429
881822,197,32,1647,2001,0.0,1072527.0,-0.181554,-0.031294,SLV,BRA,8429
881823,205,32,1647,2001,0.0,2854.0,-0.650556,-0.801128,SUR,BRA,8429
881824,208,32,1647,2001,1676217.0,281810.0,2.156845,0.784439,SWE,BRA,8429
881825,214,32,1647,2001,0.0,145321.0,-0.655004,-0.872215,TCD,BRA,8429
881826,215,32,1647,2001,0.0,48635.0,-0.758725,-0.577004,TGO,BRA,8429
881827,216,32,1647,2001,0.0,3445784.0,0.37555900000000003,1.498267,THA,BRA,8429
881828,222,32,1647,2001,0.0,191544.0,0.178256,-0.709126,TTO,BRA,8429
881829,223,32,1647,2001,0.0,4220579.0,-0.162152,0.23939699999999997,TUN,BRA,8429
881830,224,32,1647,2001,0.0,2664092.0,0.188773,1.91451,TUR,BRA,8429
881831,226,32,1647,2001,0.0,77838.0,-1.193991,-0.49282200000000004,TZA,BRA,8429
881832,227,32,1647,2001,0.0,59765.0,-0.9694860000000001,-0.840592,UGA,BRA,8429
881833,230,32,1647,2001,68365.0,585695.0,0.36029,0.298869,URY,BRA,8429
881834,231,32,1647,2001,29459271.0,61108815.0,1.873674,0.168468,USA,BRA,8429
881835,236,32,1647,2001,0.0,11546793.0,0.261158,-0.7397,VEN,BRA,8429
881836,239,32,1647,2001,0.0,79900.0,-0.6692130000000001,0.610992,VNM,BRA,8429
881837,246,32,1647,2001,1011.0,6838394.0,0.356842,2.006155,ZAF,BRA,8429
881838,247,32,1647,2001,0.0,204763.0,-0.731193,-0.706978,ZMB,BRA,8429
881839,248,32,1647,2001,0.0,97255.0,-0.6321829999999999,-0.453671,ZWE,BRA,8429
881840,15,33,1647,2001,86395.0,0.0,1.8571650000000002,0.603191,AUT,BRB,8429
881841,32,33,1647,2001,80665.0,0.0,0.672496,1.051848,BRA,BRB,8429
881842,39,33,1647,2001,22353.0,0.0,0.971827,1.105171,CAN,BRB,8429
881843,61,33,1647,2001,151451.0,0.0,2.321375,-2.1110990000000003,DEU,BRB,8429
881844,77,33,1647,2001,67557.0,0.0,1.653507,0.797582,FRA,BRB,8429
881845,81,33,1647,2001,662951.0,0.0,1.976894,0.685435,GBR,BRB,8429
881846,91,33,1647,2001,0.0,44740.0,-0.007888,-0.518167,GRD,BRB,8429
881847,114,33,1647,2001,32883.0,0.0,2.585857,0.522663,JPN,BRB,8429
881848,179,33,1647,2001,58928.0,0.0,0.482048,1.662123,PRT,BRB,8429
881849,222,33,1647,2001,0.0,11672.0,0.178256,-0.709126,TTO,BRB,8429
881850,231,33,1647,2001,918038.0,0.0,1.873674,0.168468,USA,BRB,8429
881851,234,33,1647,2001,18698.0,0.0,-0.5042,-0.7987609999999999,VCT,BRB,8429
881852,3,39,1647,2001,0.0,123170.0,1.1659469999999998,0.12369000000000001,AIA,CAN,8429
881853,7,39,1647,2001,0.0,418510.0,-0.193984,-0.457124,ARE,CAN,8429
881854,8,39,1647,2001,0.0,976338.0,0.287698,0.547137,ARG,CAN,8429
881855,14,39,1647,2001,5779862.0,1075600.0,0.29463,0.772375,AUS,CAN,8429
881856,15,39,1647,2001,2950668.0,0.0,1.8571650000000002,0.603191,AUT,CAN,8429
881857,18,39,1647,2001,5914499.0,1098141.0,1.4328370000000001,1.408495,BEL,CAN,8429
881858,29,39,1647,2001,0.0,33426.0,-0.297981,-0.695022,BLZ,CAN,8429
881859,31,39,1647,2001,0.0,220629.0,-0.680108,-0.678143,BOL,CAN,8429
881860,32,39,1647,2001,1112656.0,134090.0,0.672496,1.051848,BRA,CAN,8429
881861,33,39,1647,2001,0.0,22353.0,0.725546,0.172345,BRB,CAN,8429
881862,41,39,1647,2001,221582.0,4896.0,2.227246,0.553956,CHE,CAN,8429
881863,42,39,1647,2001,0.0,2167013.0,-0.004658,-0.002548,CHL,CAN,8429
881864,43,39,1647,2001,233112.0,502561.0,0.525171,3.092963,CHN,CAN,8429
881865,45,39,1647,2001,0.0,57845.0,-1.6254879999999998,-1.212513,CMR,CAN,8429
881866,49,39,1647,2001,0.0,68499.0,0.30412,0.395913,COL,CAN,8429
881867,52,39,1647,2001,0.0,19121.0,0.069458,-0.042793,CRI,CAN,8429
881868,54,39,1647,2001,0.0,247240.0,-0.443391,-0.9599030000000001,CUB,CAN,8429
881869,59,39,1647,2001,262922.0,20867.0,1.485703,1.109305,CZE,CAN,8429
881870,61,39,1647,2001,12858344.0,583132.0,2.321375,-2.1110990000000003,DEU,CAN,8429
881871,63,39,1647,2001,0.0,79201.0,0.613251,0.226998,DMA,CAN,8429
881872,64,39,1647,2001,0.0,145698.0,1.261883,1.351875,DNK,CAN,8429
881873,65,39,1647,2001,0.0,523391.0,-0.538419,-0.48773900000000003,DOM,CAN,8429
881874,66,39,1647,2001,0.0,35624.0,-0.663363,-1.158295,DZA,CAN,8429
881875,67,39,1647,2001,0.0,57559.0,-0.852642,-0.896374,ECU,CAN,8429
881876,68,39,1647,2001,0.0,147241.0,-0.373576,0.366385,EGY,CAN,8429
881877,71,39,1647,2001,98071.0,2838491.0,1.079664,1.9842220000000002,ESP,CAN,8429
881878,73,39,1647,2001,0.0,416194.0,-0.999149,-0.904072,ETH,CAN,8429
881879,74,39,1647,2001,6143663.0,0.0,2.069141,0.9375180000000001,FIN,CAN,8429
881880,77,39,1647,2001,12872694.0,943717.0,1.653507,0.797582,FRA,CAN,8429
881881,81,39,1647,2001,1071966.0,589151.0,1.976894,0.685435,GBR,CAN,8429
881882,83,39,1647,2001,0.0,303845.0,-0.961067,-0.780449,GHA,CAN,8429
881883,90,39,1647,2001,0.0,167156.0,0.31387600000000004,1.3614600000000001,GRC,CAN,8429
881884,92,39,1647,2001,0.0,88188.0,0.199595,-0.73547,GRL,CAN,8429
881885,93,39,1647,2001,0.0,30977.0,-0.5089520000000001,0.216677,GTM,CAN,8429
881886,96,39,1647,2001,0.0,57417.0,-0.955816,-0.8593069999999999,GUY,CAN,8429
881887,97,39,1647,2001,0.0,407290.0,0.521528,2.3025,HKG,CAN,8429
881888,99,39,1647,2001,5377.0,16662.0,-0.8003060000000001,-0.602097,HND,CAN,8429
881889,100,39,1647,2001,0.0,50958.0,0.544596,0.969535,HRV,CAN,8429
881890,102,39,1647,2001,0.0,33640.0,1.102262,1.138016,HUN,CAN,8429
881891,103,39,1647,2001,0.0,2150647.0,-0.167771,1.6587889999999998,IDN,CAN,8429
881892,104,39,1647,2001,42209.0,905116.0,0.349744,2.665844,IND,CAN,8429
881893,106,39,1647,2001,0.0,14851.0,1.664233,0.129983,IRL,CAN,8429
881894,107,39,1647,2001,0.0,17218.0,-0.7732479999999999,-0.8979370000000001,IRN,CAN,8429
881895,110,39,1647,2001,0.0,40386.0,1.374873,0.775594,ISR,CAN,8429
881896,111,39,1647,2001,3237468.0,1804492.0,1.389926,1.282143,ITA,CAN,8429
881897,112,39,1647,2001,0.0,164856.0,-0.541582,-0.837248,JAM,CAN,8429
881898,114,39,1647,2001,82600871.0,15788.0,2.585857,0.522663,JPN,CAN,8429
881899,115,39,1647,2001,0.0,269457.0,0.009714,-0.525899,KAZ,CAN,8429
881900,118,39,1647,2001,0.0,5330.0,-1.231058,-1.154536,KHM,CAN,8429
881901,120,39,1647,2001,0.0,232709.0,0.612222,-0.440733,KNA,CAN,8429
881902,121,39,1647,2001,4076279.0,120848.0,1.145797,1.0762399999999999,KOR,CAN,8429
881903,124,39,1647,2001,0.0,36071.0,0.165355,0.988008,LBN,CAN,8429
881904,126,39,1647,2001,0.0,342078.0,-0.9321459999999999,-1.198124,LBY,CAN,8429
881905,131,39,1647,2001,232025.0,0.0,1.470895,1.149007,LUX,CAN,8429
881906,138,39,1647,2001,4111100.0,2140397.0,0.797058,0.713234,MEX,CAN,8429
881907,141,39,1647,2001,0.0,95418.0,-0.40341,-0.626402,MLI,CAN,8429
881908,143,39,1647,2001,0.0,11909.0,-1.5627,-1.150854,MMR,CAN,8429
881909,147,39,1647,2001,0.0,1019693.0,-1.2364879999999998,-1.136715,MOZ,CAN,8429
881910,148,39,1647,2001,0.0,397678.0,-1.187271,-1.240445,MRT,CAN,8429
881911,153,39,1647,2001,137286.0,382984.0,0.768174,0.307033,MYS,CAN,8429
881912,159,39,1647,2001,0.0,8923.0,-1.966439,-1.2724520000000001,NGA,CAN,8429
881913,160,39,1647,2001,0.0,31643.0,-0.8917430000000001,-0.713179,NIC,CAN,8429
881914,162,39,1647,2001,2013846.0,48510.0,1.315685,1.590935,NLD,CAN,8429
881915,163,39,1647,2001,256091.0,0.0,0.974814,0.06512000000000001,NOR,CAN,8429
881916,164,39,1647,2001,32511.0,0.0,-0.483749,-0.008754999999999999,NPL,CAN,8429
881917,166,39,1647,2001,0.0,532980.0,0.521409,0.683134,NZL,CAN,8429
881918,167,39,1647,2001,0.0,177691.0,-0.909329,-1.189698,OMN,CAN,8429
881919,173,39,1647,2001,0.0,2055780.0,-0.345519,0.202623,PER,CAN,8429
881920,174,39,1647,2001,0.0,205302.0,-0.028201,-0.112349,PHL,CAN,8429
881921,176,39,1647,2001,0.0,1325.0,-1.503929,-1.199463,PNG,CAN,8429
881922,177,39,1647,2001,896387.0,60475.0,0.9474540000000001,1.8408220000000002,POL,CAN,8429
881923,179,39,1647,2001,0.0,160318.0,0.482048,1.662123,PRT,CAN,8429
881924,182,39,1647,2001,0.0,46678.0,-0.005456,-0.7210770000000001,PYF,CAN,8429
881925,183,39,1647,2001,0.0,15118.0,-0.46564799999999995,-1.127634,QAT,CAN,8429
881926,186,39,1647,2001,0.0,122339.0,0.945816,0.35027600000000003,RUS,CAN,8429
881927,188,39,1647,2001,0.0,277569.0,0.5370550000000001,-0.793469,SAU,CAN,8429
881928,189,39,1647,2001,0.0,23515.0,0.45280200000000004,2.469852,SCG,CAN,8429
881929,191,39,1647,2001,0.0,14646.0,-0.437779,-0.436654,SEN,CAN,8429
881930,192,39,1647,2001,224072.0,96769.0,1.364239,0.721074,SGP,CAN,8429
881931,197,39,1647,2001,0.0,56660.0,-0.181554,-0.031294,SLV,CAN,8429
881932,200,39,1647,2001,0.0,101944.0,-0.32603699999999997,-0.917085,SPM,CAN,8429
881933,207,39,1647,2001,0.0,65067.0,1.5074370000000001,1.1370040000000001,SVN,CAN,8429
881934,208,39,1647,2001,11075568.0,325350.0,2.156845,0.784439,SWE,CAN,8429
881935,216,39,1647,2001,867510.0,162965.0,0.37555900000000003,1.498267,THA,CAN,8429
881936,222,39,1647,2001,0.0,11042.0,0.178256,-0.709126,TTO,CAN,8429
881937,223,39,1647,2001,6332.0,562763.0,-0.162152,0.23939699999999997,TUN,CAN,8429
881938,224,39,1647,2001,0.0,1005311.0,0.188773,1.91451,TUR,CAN,8429
881939,226,39,1647,2001,34594.0,124378.0,-1.193991,-0.49282200000000004,TZA,CAN,8429
881940,227,39,1647,2001,0.0,4229.0,-0.9694860000000001,-0.840592,UGA,CAN,8429
881941,230,39,1647,2001,0.0,1880.0,0.36029,0.298869,URY,CAN,8429
881942,231,39,1647,2001,816517120.0,158178372.0,1.873674,0.168468,USA,CAN,8429
881943,236,39,1647,2001,170615.0,291464.0,0.261158,-0.7397,VEN,CAN,8429
881944,239,39,1647,2001,21008.0,133140.0,-0.6692130000000001,0.610992,VNM,CAN,8429
881945,243,39,1647,2001,0.0,51628.0,-1.465154,-1.261615,YEM,CAN,8429
881946,246,39,1647,2001,50804.0,5433856.0,0.356842,2.006155,ZAF,CAN,8429
881947,247,39,1647,2001,0.0,66030.0,-0.731193,-0.706978,ZMB,CAN,8429
881948,248,39,1647,2001,0.0,28704.0,-0.6321829999999999,-0.453671,ZWE,CAN,8429
881949,249,39,1647,2001,4032.0,56376.0,1.5731700000000002,1.353159,TWN,CAN,8429
881950,4,41,1647,2001,0.0,46853.0,-0.054125,0.104298,ALB,CHE,8429
881951,7,41,1647,2001,0.0,158164.0,-0.193984,-0.457124,ARE,CHE,8429
881952,14,41,1647,2001,0.0,832878.0,0.29463,0.772375,AUS,CHE,8429
881953,15,41,1647,2001,13993674.0,4578232.0,1.8571650000000002,0.603191,AUT,CHE,8429
881954,18,41,1647,2001,15219804.0,1111046.0,1.4328370000000001,1.408495,BEL,CHE,8429
881955,22,41,1647,2001,0.0,991.0,-1.0406739999999999,-1.010108,BGD,CHE,8429
881956,25,41,1647,2001,0.0,62778.0,0.803267,-0.071853,BHS,CHE,8429
881957,26,41,1647,2001,0.0,206041.0,0.238083,0.362643,BIH,CHE,8429
881958,31,41,1647,2001,0.0,18487.0,-0.680108,-0.678143,BOL,CHE,8429
881959,32,41,1647,2001,0.0,1730.0,0.672496,1.051848,BRA,CHE,8429
881960,34,41,1647,2001,0.0,1924.0,-0.8654209999999999,-0.930599,BRN,CHE,8429
881961,37,41,1647,2001,0.0,26102.0,-0.42690100000000003,-1.081372,BWA,CHE,8429
881962,39,41,1647,2001,4896.0,221582.0,0.971827,1.105171,CAN,CHE,8429
881963,45,41,1647,2001,0.0,1905.0,-1.6254879999999998,-1.212513,CMR,CHE,8429
881964,58,41,1647,2001,0.0,2381.0,0.381251,0.257802,CYP,CHE,8429
881965,59,41,1647,2001,45308.0,1097654.0,1.485703,1.109305,CZE,CHE,8429
881966,61,41,1647,2001,62082806.0,11111428.0,2.321375,-2.1110990000000003,DEU,CHE,8429
881967,64,41,1647,2001,127090.0,320565.0,1.261883,1.351875,DNK,CHE,8429
881968,65,41,1647,2001,0.0,152881.0,-0.538419,-0.48773900000000003,DOM,CHE,8429
881969,66,41,1647,2001,0.0,159581.0,-0.663363,-1.158295,DZA,CHE,8429
881970,67,41,1647,2001,0.0,76299.0,-0.852642,-0.896374,ECU,CHE,8429
881971,68,41,1647,2001,2058.0,163096.0,-0.373576,0.366385,EGY,CHE,8429
881972,71,41,1647,2001,54098.0,1304828.0,1.079664,1.9842220000000002,ESP,CHE,8429
881973,72,41,1647,2001,0.0,188114.0,0.5746829999999999,0.9073899999999999,EST,CHE,8429
881974,73,41,1647,2001,0.0,296769.0,-0.999149,-0.904072,ETH,CHE,8429
881975,74,41,1647,2001,1035820.0,467910.0,2.069141,0.9375180000000001,FIN,CHE,8429
881976,77,41,1647,2001,23851538.0,8942161.0,1.653507,0.797582,FRA,CHE,8429
881977,81,41,1647,2001,10315377.0,433096.0,1.976894,0.685435,GBR,CHE,8429
881978,83,41,1647,2001,0.0,156398.0,-0.961067,-0.780449,GHA,CHE,8429
881979,90,41,1647,2001,0.0,1515217.0,0.31387600000000004,1.3614600000000001,GRC,CHE,8429
881980,100,41,1647,2001,0.0,176551.0,0.544596,0.969535,HRV,CHE,8429
881981,102,41,1647,2001,0.0,205830.0,1.102262,1.138016,HUN,CHE,8429
881982,104,41,1647,2001,0.0,72256.0,0.349744,2.665844,IND,CHE,8429
881983,106,41,1647,2001,0.0,394490.0,1.664233,0.129983,IRL,CHE,8429
881984,109,41,1647,2001,0.0,21496.0,0.032382999999999995,-0.51054,ISL,CHE,8429
881985,110,41,1647,2001,0.0,2021288.0,1.374873,0.775594,ISR,CHE,8429
881986,111,41,1647,2001,13100074.0,5004499.0,1.389926,1.282143,ITA,CHE,8429
881987,113,41,1647,2001,0.0,242875.0,0.375134,0.581558,JOR,CHE,8429
881988,114,41,1647,2001,7353958.0,0.0,2.585857,0.522663,JPN,CHE,8429
881989,115,41,1647,2001,0.0,67325.0,0.009714,-0.525899,KAZ,CHE,8429
881990,116,41,1647,2001,0.0,2581.0,-0.529388,0.092271,KEN,CHE,8429
881991,121,41,1647,2001,1392224.0,31442.0,1.145797,1.0762399999999999,KOR,CHE,8429
881992,124,41,1647,2001,0.0,92526.0,0.165355,0.988008,LBN,CHE,8429
881993,125,41,1647,2001,0.0,3565.0,-0.49036,-1.126565,LBR,CHE,8429
881994,126,41,1647,2001,0.0,56789.0,-0.9321459999999999,-1.198124,LBY,CHE,8429
881995,130,41,1647,2001,0.0,216766.0,0.15706900000000001,0.416663,LTU,CHE,8429
881996,131,41,1647,2001,0.0,9367.0,1.470895,1.149007,LUX,CHE,8429
881997,132,41,1647,2001,0.0,1053741.0,0.404136,0.461009,LVA,CHE,8429
881998,134,41,1647,2001,0.0,214835.0,-0.75275,-0.280397,MAR,CHE,8429
881999,135,41,1647,2001,0.0,11310.0,-0.024822,-0.15323399999999998,MDA,CHE,8429
882000,136,41,1647,2001,0.0,3980.0,-1.247531,-0.637093,MDG,CHE,8429
882001,138,41,1647,2001,0.0,76025.0,0.797058,0.713234,MEX,CHE,8429
882002,140,41,1647,2001,0.0,143609.0,0.033097,0.43516499999999997,MKD,CHE,8429
882003,147,41,1647,2001,0.0,103801.0,-1.2364879999999998,-1.136715,MOZ,CHE,8429
882004,153,41,1647,2001,23953.0,0.0,0.768174,0.307033,MYS,CHE,8429
882005,155,41,1647,2001,0.0,23565.0,-0.625912,-0.854247,NAM,CHE,8429
882006,157,41,1647,2001,0.0,6603.0,-0.22368600000000002,-0.464156,NER,CHE,8429
882007,159,41,1647,2001,0.0,13047.0,-1.966439,-1.2724520000000001,NGA,CHE,8429
882008,162,41,1647,2001,6529891.0,891476.0,1.315685,1.590935,NLD,CHE,8429
882009,163,41,1647,2001,486907.0,1147476.0,0.974814,0.06512000000000001,NOR,CHE,8429
882010,166,41,1647,2001,27133.0,52278.0,0.521409,0.683134,NZL,CHE,8429
882011,167,41,1647,2001,0.0,157461.0,-0.909329,-1.189698,OMN,CHE,8429
882012,177,41,1647,2001,80672.0,22509.0,0.9474540000000001,1.8408220000000002,POL,CHE,8429
882013,179,41,1647,2001,0.0,480604.0,0.482048,1.662123,PRT,CHE,8429
882014,180,41,1647,2001,0.0,10441.0,-0.68893,-0.9326690000000001,PRY,CHE,8429
882015,183,41,1647,2001,0.0,19513.0,-0.46564799999999995,-1.127634,QAT,CHE,8429
882016,185,41,1647,2001,0.0,19581.0,0.326733,1.005332,ROU,CHE,8429
882017,186,41,1647,2001,0.0,302978.0,0.945816,0.35027600000000003,RUS,CHE,8429
882018,188,41,1647,2001,0.0,83171.0,0.5370550000000001,-0.793469,SAU,CHE,8429
882019,189,41,1647,2001,0.0,411329.0,0.45280200000000004,2.469852,SCG,CHE,8429
882020,190,41,1647,2001,0.0,377052.0,-1.6325180000000001,-1.263267,SDN,CHE,8429
882021,192,41,1647,2001,0.0,144803.0,1.364239,0.721074,SGP,CHE,8429
882022,206,41,1647,2001,11321.0,25610.0,1.1732770000000001,1.088576,SVK,CHE,8429
882023,207,41,1647,2001,0.0,595513.0,1.5074370000000001,1.1370040000000001,SVN,CHE,8429
882024,208,41,1647,2001,4731576.0,84672.0,2.156845,0.784439,SWE,CHE,8429
882025,212,41,1647,2001,0.0,14056.0,-1.057217,-0.716331,SYR,CHE,8429
882026,215,41,1647,2001,0.0,8344.0,-0.758725,-0.577004,TGO,CHE,8429
882027,222,41,1647,2001,0.0,66168.0,0.178256,-0.709126,TTO,CHE,8429
882028,223,41,1647,2001,0.0,65752.0,-0.162152,0.23939699999999997,TUN,CHE,8429
882029,224,41,1647,2001,0.0,312680.0,0.188773,1.91451,TUR,CHE,8429
882030,226,41,1647,2001,0.0,12415.0,-1.193991,-0.49282200000000004,TZA,CHE,8429
882031,227,41,1647,2001,0.0,15538.0,-0.9694860000000001,-0.840592,UGA,CHE,8429
882032,230,41,1647,2001,0.0,81267.0,0.36029,0.298869,URY,CHE,8429
882033,231,41,1647,2001,1873621.0,3316257.0,1.873674,0.168468,USA,CHE,8429
882034,239,41,1647,2001,0.0,71941.0,-0.6692130000000001,0.610992,VNM,CHE,8429
882035,246,41,1647,2001,0.0,370400.0,0.356842,2.006155,ZAF,CHE,8429
882036,247,41,1647,2001,0.0,278480.0,-0.731193,-0.706978,ZMB,CHE,8429
882037,249,41,1647,2001,0.0,115550.0,1.5731700000000002,1.353159,TWN,CHE,8429
882038,7,42,1647,2001,0.0,33447.0,-0.193984,-0.457124,ARE,CHL,8429
882039,8,42,1647,2001,234586.0,3186751.0,0.287698,0.547137,ARG,CHL,8429
882040,14,42,1647,2001,326688.0,0.0,0.29463,0.772375,AUS,CHL,8429
882041,15,42,1647,2001,70014.0,0.0,1.8571650000000002,0.603191,AUT,CHL,8429
882042,18,42,1647,2001,729619.0,0.0,1.4328370000000001,1.408495,BEL,CHL,8429
882043,31,42,1647,2001,995928.0,288207.0,-0.680108,-0.678143,BOL,CHL,8429
882044,32,42,1647,2001,21351910.0,0.0,0.672496,1.051848,BRA,CHL,8429
882045,39,42,1647,2001,2167013.0,0.0,0.971827,1.105171,CAN,CHL,8429
882046,43,42,1647,2001,108474.0,0.0,0.525171,3.092963,CHN,CHL,8429
882047,52,42,1647,2001,0.0,192121.0,0.069458,-0.042793,CRI,CHL,8429
882048,61,42,1647,2001,4550157.0,1050825.0,2.321375,-2.1110990000000003,DEU,CHL,8429
882049,64,42,1647,2001,48857.0,0.0,1.261883,1.351875,DNK,CHL,8429
882050,65,42,1647,2001,0.0,373897.0,-0.538419,-0.48773900000000003,DOM,CHL,8429
882051,67,42,1647,2001,0.0,240526.0,-0.852642,-0.896374,ECU,CHL,8429
882052,71,42,1647,2001,287114.0,0.0,1.079664,1.9842220000000002,ESP,CHL,8429
882053,74,42,1647,2001,3918228.0,0.0,2.069141,0.9375180000000001,FIN,CHL,8429
882054,77,42,1647,2001,336890.0,0.0,1.653507,0.797582,FRA,CHL,8429
882055,81,42,1647,2001,827569.0,80992.0,1.976894,0.685435,GBR,CHL,8429
882056,111,42,1647,2001,2430207.0,0.0,1.389926,1.282143,ITA,CHL,8429
882057,114,42,1647,2001,8617614.0,112473.0,2.585857,0.522663,JPN,CHL,8429
882058,121,42,1647,2001,5409559.0,0.0,1.145797,1.0762399999999999,KOR,CHL,8429
882059,138,42,1647,2001,0.0,2462.0,0.797058,0.713234,MEX,CHL,8429
882060,162,42,1647,2001,478253.0,0.0,1.315685,1.590935,NLD,CHL,8429
882061,163,42,1647,2001,26422.0,0.0,0.974814,0.06512000000000001,NOR,CHL,8429
882062,166,42,1647,2001,14928.0,0.0,0.521409,0.683134,NZL,CHL,8429
882063,173,42,1647,2001,133615.0,217108.0,-0.345519,0.202623,PER,CHL,8429
882064,179,42,1647,2001,67745.0,0.0,0.482048,1.662123,PRT,CHL,8429
882065,208,42,1647,2001,813052.0,0.0,2.156845,0.784439,SWE,CHL,8429
882066,231,42,1647,2001,52508660.0,866995.0,1.873674,0.168468,USA,CHL,8429
882067,246,42,1647,2001,476819.0,0.0,0.356842,2.006155,ZAF,CHL,8429
882068,250,42,1647,2001,0.0,518585.0,1.096023,-0.33562600000000004,ANS,CHL,8429
882069,4,43,1647,2001,0.0,55689.0,-0.054125,0.104298,ALB,CHN,8429
882070,7,43,1647,2001,0.0,389209.0,-0.193984,-0.457124,ARE,CHN,8429
882071,14,43,1647,2001,47279.0,40036.0,0.29463,0.772375,AUS,CHN,8429
882072,15,43,1647,2001,2137425.0,0.0,1.8571650000000002,0.603191,AUT,CHN,8429
882073,18,43,1647,2001,0.0,362699.0,1.4328370000000001,1.408495,BEL,CHN,8429
882074,21,43,1647,2001,0.0,1345.0,-0.291485,-0.20803000000000002,BFA,CHN,8429
882075,22,43,1647,2001,0.0,1239322.0,-1.0406739999999999,-1.010108,BGD,CHN,8429
882076,32,43,1647,2001,399310.0,0.0,0.672496,1.051848,BRA,CHN,8429
882077,37,43,1647,2001,0.0,129889.0,-0.42690100000000003,-1.081372,BWA,CHN,8429
882078,38,43,1647,2001,0.0,34795.0,-0.682897,-0.8083140000000001,CAF,CHN,8429
882079,39,43,1647,2001,502561.0,233112.0,0.971827,1.105171,CAN,CHN,8429
882080,42,43,1647,2001,0.0,108474.0,-0.004658,-0.002548,CHL,CHN,8429
882081,44,43,1647,2001,0.0,3134.0,-0.715949,-0.524428,CIV,CHN,8429
882082,45,43,1647,2001,0.0,12552.0,-1.6254879999999998,-1.212513,CMR,CHN,8429
882083,49,43,1647,2001,0.0,372103.0,0.30412,0.395913,COL,CHN,8429
882084,52,43,1647,2001,0.0,8546.0,0.069458,-0.042793,CRI,CHN,8429
882085,58,43,1647,2001,0.0,1255.0,0.381251,0.257802,CYP,CHN,8429
882086,59,43,1647,2001,98335.0,0.0,1.485703,1.109305,CZE,CHN,8429
882087,61,43,1647,2001,17385104.0,373428.0,2.321375,-2.1110990000000003,DEU,CHN,8429
882088,62,43,1647,2001,0.0,310557.0,0.143467,0.14288599999999999,DJI,CHN,8429
882089,64,43,1647,2001,9203.0,0.0,1.261883,1.351875,DNK,CHN,8429
882090,66,43,1647,2001,0.0,902157.0,-0.663363,-1.158295,DZA,CHN,8429
882091,68,43,1647,2001,0.0,45686.0,-0.373576,0.366385,EGY,CHN,8429
882092,69,43,1647,2001,0.0,40632.0,0.617376,-0.33233,ERI,CHN,8429
882093,71,43,1647,2001,120040.0,0.0,1.079664,1.9842220000000002,ESP,CHN,8429
882094,73,43,1647,2001,0.0,1789893.0,-0.999149,-0.904072,ETH,CHN,8429
882095,74,43,1647,2001,1771669.0,0.0,2.069141,0.9375180000000001,FIN,CHN,8429
882096,77,43,1647,2001,460583.0,0.0,1.653507,0.797582,FRA,CHN,8429
882097,80,43,1647,2001,0.0,67813.0,-1.063007,-1.181284,GAB,CHN,8429
882098,81,43,1647,2001,768468.0,164457.0,1.976894,0.685435,GBR,CHN,8429
882099,83,43,1647,2001,0.0,210391.0,-0.961067,-0.780449,GHA,CHN,8429
882100,85,43,1647,2001,0.0,173948.0,-1.5380340000000001,-1.200083,GIN,CHN,8429
882101,90,43,1647,2001,0.0,187622.0,0.31387600000000004,1.3614600000000001,GRC,CHN,8429
882102,93,43,1647,2001,0.0,7646.0,-0.5089520000000001,0.216677,GTM,CHN,8429
882103,97,43,1647,2001,27890554.0,844969.0,0.521528,2.3025,HKG,CHN,8429
882104,102,43,1647,2001,0.0,11284.0,1.102262,1.138016,HUN,CHN,8429
882105,103,43,1647,2001,1355277.0,500172.0,-0.167771,1.6587889999999998,IDN,CHN,8429
882106,104,43,1647,2001,0.0,147611.0,0.349744,2.665844,IND,CHN,8429
882107,108,43,1647,2001,0.0,49051246.0,-1.115465,-0.883028,IRQ,CHN,8429
882108,110,43,1647,2001,0.0,1044653.0,1.374873,0.775594,ISR,CHN,8429
882109,111,43,1647,2001,2263194.0,33228.0,1.389926,1.282143,ITA,CHN,8429
882110,113,43,1647,2001,0.0,24380.0,0.375134,0.581558,JOR,CHN,8429
882111,114,43,1647,2001,162551854.0,113854.0,2.585857,0.522663,JPN,CHN,8429
882112,115,43,1647,2001,263695.0,470496.0,0.009714,-0.525899,KAZ,CHN,8429
882113,117,43,1647,2001,0.0,1002.0,0.23332199999999997,0.256019,KGZ,CHN,8429
882114,118,43,1647,2001,0.0,313447.0,-1.231058,-1.154536,KHM,CHN,8429
882115,121,43,1647,2001,85208951.0,208749.0,1.145797,1.0762399999999999,KOR,CHN,8429
882116,122,43,1647,2001,0.0,37618.0,-0.8197,-1.183758,KWT,CHN,8429
882117,123,43,1647,2001,0.0,535729.0,-1.298653,-1.164605,LAO,CHN,8429
882118,128,43,1647,2001,0.0,68473.0,-0.722434,-0.033818,LKA,CHN,8429
882119,130,43,1647,2001,0.0,41146.0,0.15706900000000001,0.416663,LTU,CHN,8429
882120,133,43,1647,2001,5699.0,0.0,-0.608406,-0.521662,MAC,CHN,8429
882121,134,43,1647,2001,0.0,452037.0,-0.75275,-0.280397,MAR,CHN,8429
882122,136,43,1647,2001,0.0,1291901.0,-1.247531,-0.637093,MDG,CHN,8429
882123,138,43,1647,2001,0.0,154217.0,0.797058,0.713234,MEX,CHN,8429
882124,141,43,1647,2001,0.0,338756.0,-0.40341,-0.626402,MLI,CHN,8429
882125,143,43,1647,2001,0.0,12222973.0,-1.5627,-1.150854,MMR,CHN,8429
882126,145,43,1647,2001,0.0,791756.0,-0.691001,-0.9284180000000001,MNG,CHN,8429
882127,147,43,1647,2001,0.0,302917.0,-1.2364879999999998,-1.136715,MOZ,CHN,8429
882128,153,43,1647,2001,0.0,453666.0,0.768174,0.307033,MYS,CHN,8429
882129,155,43,1647,2001,0.0,18640.0,-0.625912,-0.854247,NAM,CHN,8429
882130,156,43,1647,2001,0.0,12518.0,-0.837087,-0.9207040000000001,NCL,CHN,8429
882131,159,43,1647,2001,0.0,1632516.0,-1.966439,-1.2724520000000001,NGA,CHN,8429
882132,162,43,1647,2001,0.0,416978.0,1.315685,1.590935,NLD,CHN,8429
882133,167,43,1647,2001,0.0,40605.0,-0.909329,-1.189698,OMN,CHN,8429
882134,174,43,1647,2001,144701.0,80817.0,-0.028201,-0.112349,PHL,CHN,8429
882135,176,43,1647,2001,34913.0,0.0,-1.503929,-1.199463,PNG,CHN,8429
882136,177,43,1647,2001,599114.0,0.0,0.9474540000000001,1.8408220000000002,POL,CHN,8429
882137,178,43,1647,2001,0.0,730755.0,0.62773,1.010888,PRK,CHN,8429
882138,186,43,1647,2001,3170.0,705372.0,0.945816,0.35027600000000003,RUS,CHN,8429
882139,187,43,1647,2001,0.0,7819.0,-1.260879,-0.861347,RWA,CHN,8429
882140,188,43,1647,2001,0.0,70501.0,0.5370550000000001,-0.793469,SAU,CHN,8429
882141,189,43,1647,2001,0.0,5414737.0,0.45280200000000004,2.469852,SCG,CHN,8429
882142,190,43,1647,2001,0.0,1822508.0,-1.6325180000000001,-1.263267,SDN,CHN,8429
882143,192,43,1647,2001,135967.0,171490.0,1.364239,0.721074,SGP,CHN,8429
882144,205,43,1647,2001,0.0,1056367.0,-0.650556,-0.801128,SUR,CHN,8429
882145,207,43,1647,2001,0.0,13097.0,1.5074370000000001,1.1370040000000001,SVN,CHN,8429
882146,208,43,1647,2001,3607829.0,34010.0,2.156845,0.784439,SWE,CHN,8429
882147,215,43,1647,2001,0.0,53041.0,-0.758725,-0.577004,TGO,CHN,8429
882148,216,43,1647,2001,278761.0,0.0,0.37555900000000003,1.498267,THA,CHN,8429
882149,219,43,1647,2001,0.0,132592.0,-1.24627,-1.2760209999999998,TKM,CHN,8429
882150,222,43,1647,2001,0.0,2097.0,0.178256,-0.709126,TTO,CHN,8429
882151,224,43,1647,2001,0.0,371112.0,0.188773,1.91451,TUR,CHN,8429
882152,226,43,1647,2001,0.0,747495.0,-1.193991,-0.49282200000000004,TZA,CHN,8429
882153,227,43,1647,2001,0.0,19568.0,-0.9694860000000001,-0.840592,UGA,CHN,8429
882154,231,43,1647,2001,12551166.0,601780.0,1.873674,0.168468,USA,CHN,8429
882155,232,43,1647,2001,0.0,187605.0,-0.395913,-0.6454449999999999,UZB,CHN,8429
882156,236,43,1647,2001,0.0,276684.0,0.261158,-0.7397,VEN,CHN,8429
882157,239,43,1647,2001,0.0,5947188.0,-0.6692130000000001,0.610992,VNM,CHN,8429
882158,243,43,1647,2001,0.0,187208.0,-1.465154,-1.261615,YEM,CHN,8429
882159,246,43,1647,2001,4597.0,511972.0,0.356842,2.006155,ZAF,CHN,8429
882160,247,43,1647,2001,0.0,95343.0,-0.731193,-0.706978,ZMB,CHN,8429
882161,248,43,1647,2001,0.0,3794680.0,-0.6321829999999999,-0.453671,ZWE,CHN,8429
882162,249,43,1647,2001,187344.0,39550.0,1.5731700000000002,1.353159,TWN,CHN,8429
882163,31,49,1647,2001,0.0,42448.0,-0.680108,-0.678143,BOL,COL,8429
882164,32,49,1647,2001,1115119.0,0.0,0.672496,1.051848,BRA,COL,8429
882165,39,49,1647,2001,68499.0,0.0,0.971827,1.105171,CAN,COL,8429
882166,43,49,1647,2001,372103.0,0.0,0.525171,3.092963,CHN,COL,8429
882167,52,49,1647,2001,0.0,45322.0,0.069458,-0.042793,CRI,COL,8429
882168,61,49,1647,2001,5475877.0,0.0,2.321375,-2.1110990000000003,DEU,COL,8429
882169,65,49,1647,2001,0.0,140009.0,-0.538419,-0.48773900000000003,DOM,COL,8429
882170,67,49,1647,2001,0.0,114429.0,-0.852642,-0.896374,ECU,COL,8429
882171,71,49,1647,2001,91238.0,0.0,1.079664,1.9842220000000002,ESP,COL,8429
882172,77,49,1647,2001,882807.0,0.0,1.653507,0.797582,FRA,COL,8429
882173,81,49,1647,2001,244358.0,0.0,1.976894,0.685435,GBR,COL,8429
882174,99,49,1647,2001,0.0,3436.0,-0.8003060000000001,-0.602097,HND,COL,8429
882175,111,49,1647,2001,4542.0,37083.0,1.389926,1.282143,ITA,COL,8429
882176,114,49,1647,2001,1693521.0,0.0,2.585857,0.522663,JPN,COL,8429
882177,121,49,1647,2001,606663.0,0.0,1.145797,1.0762399999999999,KOR,COL,8429
882178,138,49,1647,2001,0.0,84298.0,0.797058,0.713234,MEX,COL,8429
882179,169,49,1647,2001,18965.0,1126.0,0.17588199999999998,0.422505,PAN,COL,8429
882180,177,49,1647,2001,88934.0,0.0,0.9474540000000001,1.8408220000000002,POL,COL,8429
882181,197,49,1647,2001,29024.0,0.0,-0.181554,-0.031294,SLV,COL,8429
882182,208,49,1647,2001,527846.0,66127.0,2.156845,0.784439,SWE,COL,8429
882183,231,49,1647,2001,7938943.0,14096.0,1.873674,0.168468,USA,COL,8429
882184,236,49,1647,2001,101282.0,226302.0,0.261158,-0.7397,VEN,COL,8429
882185,18,52,1647,2001,47666.0,0.0,1.4328370000000001,1.408495,BEL,CRI,8429
882186,32,52,1647,2001,1322984.0,0.0,0.672496,1.051848,BRA,CRI,8429
882187,39,52,1647,2001,19121.0,0.0,0.971827,1.105171,CAN,CRI,8429
882188,42,52,1647,2001,192121.0,0.0,-0.004658,-0.002548,CHL,CRI,8429
882189,43,52,1647,2001,8546.0,0.0,0.525171,3.092963,CHN,CRI,8429
882190,49,52,1647,2001,45322.0,0.0,0.30412,0.395913,COL,CRI,8429
882191,61,52,1647,2001,164521.0,0.0,2.321375,-2.1110990000000003,DEU,CRI,8429
882192,64,52,1647,2001,29905.0,0.0,1.261883,1.351875,DNK,CRI,8429
882193,65,52,1647,2001,0.0,101960.0,-0.538419,-0.48773900000000003,DOM,CRI,8429
882194,71,52,1647,2001,46543.0,0.0,1.079664,1.9842220000000002,ESP,CRI,8429
882195,77,52,1647,2001,0.0,61206.0,1.653507,0.797582,FRA,CRI,8429
882196,81,52,1647,2001,332794.0,0.0,1.976894,0.685435,GBR,CRI,8429
882197,93,52,1647,2001,63562.0,788239.0,-0.5089520000000001,0.216677,GTM,CRI,8429
882198,111,52,1647,2001,237958.0,0.0,1.389926,1.282143,ITA,CRI,8429
882199,114,52,1647,2001,705916.0,0.0,2.585857,0.522663,JPN,CRI,8429
882200,121,52,1647,2001,1094193.0,0.0,1.145797,1.0762399999999999,KOR,CRI,8429
882201,138,52,1647,2001,27938.0,0.0,0.797058,0.713234,MEX,CRI,8429
882202,160,52,1647,2001,0.0,1474031.0,-0.8917430000000001,-0.713179,NIC,CRI,8429
882203,162,52,1647,2001,389540.0,0.0,1.315685,1.590935,NLD,CRI,8429
882204,163,52,1647,2001,20339.0,0.0,0.974814,0.06512000000000001,NOR,CRI,8429
882205,169,52,1647,2001,0.0,220999.0,0.17588199999999998,0.422505,PAN,CRI,8429
882206,197,52,1647,2001,78308.0,61270.0,-0.181554,-0.031294,SLV,CRI,8429
882207,231,52,1647,2001,9419894.0,0.0,1.873674,0.168468,USA,CRI,8429
882208,15,54,1647,2001,159098.0,0.0,1.8571650000000002,0.603191,AUT,CUB,8429
882209,18,54,1647,2001,300163.0,0.0,1.4328370000000001,1.408495,BEL,CUB,8429
882210,39,54,1647,2001,247240.0,0.0,0.971827,1.105171,CAN,CUB,8429
882211,61,54,1647,2001,298868.0,0.0,2.321375,-2.1110990000000003,DEU,CUB,8429
882212,71,54,1647,2001,514318.0,0.0,1.079664,1.9842220000000002,ESP,CUB,8429
882213,77,54,1647,2001,502024.0,0.0,1.653507,0.797582,FRA,CUB,8429
882214,111,54,1647,2001,1206771.0,0.0,1.389926,1.282143,ITA,CUB,8429
882215,114,54,1647,2001,1069903.0,0.0,2.585857,0.522663,JPN,CUB,8429
882216,121,54,1647,2001,2091914.0,0.0,1.145797,1.0762399999999999,KOR,CUB,8429
882217,162,54,1647,2001,484745.0,0.0,1.315685,1.590935,NLD,CUB,8429
882218,178,54,1647,2001,112797.0,0.0,0.62773,1.010888,PRK,CUB,8429
882219,208,54,1647,2001,335938.0,0.0,2.156845,0.784439,SWE,CUB,8429
882220,250,54,1647,2001,296863.0,0.0,1.096023,-0.33562600000000004,ANS,CUB,8429
882221,4,59,1647,2001,0.0,121526.0,-0.054125,0.104298,ALB,CZE,8429
882222,8,59,1647,2001,0.0,74061.0,0.287698,0.547137,ARG,CZE,8429
882223,14,59,1647,2001,0.0,1694642.0,0.29463,0.772375,AUS,CZE,8429
882224,15,59,1647,2001,10095319.0,1324215.0,1.8571650000000002,0.603191,AUT,CZE,8429
882225,18,59,1647,2001,8256879.0,319329.0,1.4328370000000001,1.408495,BEL,CZE,8429
882226,22,59,1647,2001,0.0,85015.0,-1.0406739999999999,-1.010108,BGD,CZE,8429
882227,23,59,1647,2001,0.0,20395.0,0.41425100000000004,1.639866,BGR,CZE,8429
882228,28,59,1647,2001,23566.0,376623.0,0.804404,0.936773,BLR,CZE,8429
882229,32,59,1647,2001,161754.0,0.0,0.672496,1.051848,BRA,CZE,8429
882230,39,59,1647,2001,20867.0,262922.0,0.971827,1.105171,CAN,CZE,8429
882231,41,59,1647,2001,1097654.0,45308.0,2.227246,0.553956,CHE,CZE,8429
882232,43,59,1647,2001,0.0,98335.0,0.525171,3.092963,CHN,CZE,8429
882233,58,59,1647,2001,0.0,3200.0,0.381251,0.257802,CYP,CZE,8429
882234,61,59,1647,2001,23535418.0,6724761.0,2.321375,-2.1110990000000003,DEU,CZE,8429
882235,64,59,1647,2001,79685.0,0.0,1.261883,1.351875,DNK,CZE,8429
882236,66,59,1647,2001,0.0,44318.0,-0.663363,-1.158295,DZA,CZE,8429
882237,71,59,1647,2001,57268.0,547145.0,1.079664,1.9842220000000002,ESP,CZE,8429
882238,72,59,1647,2001,0.0,5127.0,0.5746829999999999,0.9073899999999999,EST,CZE,8429
882239,74,59,1647,2001,38703.0,0.0,2.069141,0.9375180000000001,FIN,CZE,8429
882240,77,59,1647,2001,3979582.0,327910.0,1.653507,0.797582,FRA,CZE,8429
882241,81,59,1647,2001,16710388.0,705378.0,1.976894,0.685435,GBR,CZE,8429
882242,93,59,1647,2001,0.0,12336.0,-0.5089520000000001,0.216677,GTM,CZE,8429
882243,100,59,1647,2001,884.0,14088.0,0.544596,0.969535,HRV,CZE,8429
882244,102,59,1647,2001,107390.0,859251.0,1.102262,1.138016,HUN,CZE,8429
882245,104,59,1647,2001,0.0,95844.0,0.349744,2.665844,IND,CZE,8429
882246,106,59,1647,2001,5598.0,36509.0,1.664233,0.129983,IRL,CZE,8429
882247,110,59,1647,2001,0.0,194107.0,1.374873,0.775594,ISR,CZE,8429
882248,111,59,1647,2001,4053819.0,7439588.0,1.389926,1.282143,ITA,CZE,8429
882249,114,59,1647,2001,1520273.0,0.0,2.585857,0.522663,JPN,CZE,8429
882250,115,59,1647,2001,0.0,6041.0,0.009714,-0.525899,KAZ,CZE,8429
882251,118,59,1647,2001,0.0,8230.0,-1.231058,-1.154536,KHM,CZE,8429
882252,121,59,1647,2001,412108.0,0.0,1.145797,1.0762399999999999,KOR,CZE,8429
882253,124,59,1647,2001,0.0,70972.0,0.165355,0.988008,LBN,CZE,8429
882254,130,59,1647,2001,0.0,310028.0,0.15706900000000001,0.416663,LTU,CZE,8429
882255,132,59,1647,2001,0.0,56107.0,0.404136,0.461009,LVA,CZE,8429
882256,140,59,1647,2001,0.0,51639.0,0.033097,0.43516499999999997,MKD,CZE,8429
882257,142,59,1647,2001,0.0,65201.0,1.065032,-0.065239,MLT,CZE,8429
882258,153,59,1647,2001,0.0,314504.0,0.768174,0.307033,MYS,CZE,8429
882259,156,59,1647,2001,0.0,15574.0,-0.837087,-0.9207040000000001,NCL,CZE,8429
882260,159,59,1647,2001,0.0,13061.0,-1.966439,-1.2724520000000001,NGA,CZE,8429
882261,162,59,1647,2001,659840.0,134623.0,1.315685,1.590935,NLD,CZE,8429
882262,177,59,1647,2001,215383.0,1670010.0,0.9474540000000001,1.8408220000000002,POL,CZE,8429
882263,179,59,1647,2001,0.0,232247.0,0.482048,1.662123,PRT,CZE,8429
882264,185,59,1647,2001,0.0,169110.0,0.326733,1.005332,ROU,CZE,8429
882265,186,59,1647,2001,49981.0,2137683.0,0.945816,0.35027600000000003,RUS,CZE,8429
882266,188,59,1647,2001,0.0,28929.0,0.5370550000000001,-0.793469,SAU,CZE,8429
882267,189,59,1647,2001,0.0,153551.0,0.45280200000000004,2.469852,SCG,CZE,8429
882268,192,59,1647,2001,0.0,48717.0,1.364239,0.721074,SGP,CZE,8429
882269,206,59,1647,2001,4144694.0,2222716.0,1.1732770000000001,1.088576,SVK,CZE,8429
882270,207,59,1647,2001,5319.0,344278.0,1.5074370000000001,1.1370040000000001,SVN,CZE,8429
882271,208,59,1647,2001,4533136.0,130831.0,2.156845,0.784439,SWE,CZE,8429
882272,223,59,1647,2001,0.0,106447.0,-0.162152,0.23939699999999997,TUN,CZE,8429
882273,224,59,1647,2001,0.0,85668.0,0.188773,1.91451,TUR,CZE,8429
882274,228,59,1647,2001,0.0,1463.0,0.8376969999999999,0.989059,UKR,CZE,8429
882275,231,59,1647,2001,1176828.0,5463111.0,1.873674,0.168468,USA,CZE,8429
882276,236,59,1647,2001,0.0,55912.0,0.261158,-0.7397,VEN,CZE,8429
882277,239,59,1647,2001,0.0,234054.0,-0.6692130000000001,0.610992,VNM,CZE,8429
882278,246,59,1647,2001,0.0,42226.0,0.356842,2.006155,ZAF,CZE,8429
882279,250,59,1647,2001,201543.0,105306.0,1.096023,-0.33562600000000004,ANS,CZE,8429
882280,1,61,1647,2001,0.0,2000.0,-0.033686,-0.46412700000000007,AFG,DEU,8429
882281,2,61,1647,2001,0.0,358000.0,-1.523823,-1.214093,AGO,DEU,8429
882282,4,61,1647,2001,0.0,439867.0,-0.054125,0.104298,ALB,DEU,8429
882283,7,61,1647,2001,0.0,14846919.0,-0.193984,-0.457124,ARE,DEU,8429
882284,8,61,1647,2001,0.0,2065157.0,0.287698,0.547137,ARG,DEU,8429
882285,14,61,1647,2001,100176.0,22666517.0,0.29463,0.772375,AUS,DEU,8429
882286,15,61,1647,2001,62916064.0,69113118.0,1.8571650000000002,0.603191,AUT,DEU,8429
882287,16,61,1647,2001,0.0,304193.0,-0.6731090000000001,-1.037922,AZE,DEU,8429
882288,18,61,1647,2001,205772863.0,37482057.0,1.4328370000000001,1.408495,BEL,DEU,8429
882289,19,61,1647,2001,0.0,96692.0,-1.09233,-0.8276969999999999,BEN,DEU,8429
882290,21,61,1647,2001,0.0,218248.0,-0.291485,-0.20803000000000002,BFA,DEU,8429
882291,22,61,1647,2001,0.0,1065484.0,-1.0406739999999999,-1.010108,BGD,DEU,8429
882292,23,61,1647,2001,14551.0,5049026.0,0.41425100000000004,1.639866,BGR,DEU,8429
882293,24,61,1647,2001,0.0,209696.0,-0.11008399999999999,-1.053611,BHR,DEU,8429
882294,26,61,1647,2001,163591.0,2263000.0,0.238083,0.362643,BIH,DEU,8429
882295,28,61,1647,2001,17494.0,345597.0,0.804404,0.936773,BLR,DEU,8429
882296,29,61,1647,2001,0.0,11900.0,-0.297981,-0.695022,BLZ,DEU,8429
882297,31,61,1647,2001,36092.0,123361.0,-0.680108,-0.678143,BOL,DEU,8429
882298,32,61,1647,2001,6515318.0,776667.0,0.672496,1.051848,BRA,DEU,8429
882299,33,61,1647,2001,0.0,151451.0,0.725546,0.172345,BRB,DEU,8429
882300,37,61,1647,2001,0.0,47690.0,-0.42690100000000003,-1.081372,BWA,DEU,8429
882301,38,61,1647,2001,0.0,62527.0,-0.682897,-0.8083140000000001,CAF,DEU,8429
882302,39,61,1647,2001,583132.0,12858344.0,0.971827,1.105171,CAN,DEU,8429
882303,41,61,1647,2001,11111428.0,62082806.0,2.227246,0.553956,CHE,DEU,8429
882304,42,61,1647,2001,1050825.0,4550157.0,-0.004658,-0.002548,CHL,DEU,8429
882305,43,61,1647,2001,373428.0,17385104.0,0.525171,3.092963,CHN,DEU,8429
882306,44,61,1647,2001,0.0,6776.0,-0.715949,-0.524428,CIV,DEU,8429
882307,45,61,1647,2001,0.0,365888.0,-1.6254879999999998,-1.212513,CMR,DEU,8429
882308,46,61,1647,2001,0.0,489000.0,-1.421643,-1.154007,COD,DEU,8429
882309,47,61,1647,2001,0.0,3000.0,-1.482788,-1.172,COG,DEU,8429
882310,49,61,1647,2001,0.0,5475877.0,0.30412,0.395913,COL,DEU,8429
882311,51,61,1647,2001,0.0,31408.0,0.063802,-0.456617,CPV,DEU,8429
882312,52,61,1647,2001,0.0,164521.0,0.069458,-0.042793,CRI,DEU,8429
882313,54,61,1647,2001,0.0,298868.0,-0.443391,-0.9599030000000001,CUB,DEU,8429
882314,58,61,1647,2001,0.0,1300501.0,0.381251,0.257802,CYP,DEU,8429
882315,59,61,1647,2001,6724761.0,23535418.0,1.485703,1.109305,CZE,DEU,8429
882316,63,61,1647,2001,0.0,237736.0,0.613251,0.226998,DMA,DEU,8429
882317,64,61,1647,2001,1841643.0,28626868.0,1.261883,1.351875,DNK,DEU,8429
882318,65,61,1647,2001,0.0,627565.0,-0.538419,-0.48773900000000003,DOM,DEU,8429
882319,66,61,1647,2001,0.0,2398375.0,-0.663363,-1.158295,DZA,DEU,8429
882320,67,61,1647,2001,21668.0,576083.0,-0.852642,-0.896374,ECU,DEU,8429
882321,68,61,1647,2001,0.0,2238308.0,-0.373576,0.366385,EGY,DEU,8429
882322,69,61,1647,2001,0.0,86000.0,0.617376,-0.33233,ERI,DEU,8429
882323,71,61,1647,2001,451496.0,72396259.0,1.079664,1.9842220000000002,ESP,DEU,8429
882324,72,61,1647,2001,60302.0,4342771.0,0.5746829999999999,0.9073899999999999,EST,DEU,8429
882325,73,61,1647,2001,0.0,1165775.0,-0.999149,-0.904072,ETH,DEU,8429
882326,74,61,1647,2001,1408769.0,15725936.0,2.069141,0.9375180000000001,FIN,DEU,8429
882327,77,61,1647,2001,169475494.0,182897843.0,1.653507,0.797582,FRA,DEU,8429
882328,78,61,1647,2001,0.0,109392.0,-1.004972,-0.9456030000000001,FRO,DEU,8429
882329,80,61,1647,2001,0.0,878027.0,-1.063007,-1.181284,GAB,DEU,8429
882330,81,61,1647,2001,103916918.0,107451937.0,1.976894,0.685435,GBR,DEU,8429
882331,82,61,1647,2001,0.0,213885.0,0.585568,-0.047744999999999996,GEO,DEU,8429
882332,83,61,1647,2001,0.0,974452.0,-0.961067,-0.780449,GHA,DEU,8429
882333,85,61,1647,2001,0.0,191529.0,-1.5380340000000001,-1.200083,GIN,DEU,8429
882334,87,61,1647,2001,0.0,25723.0,-0.160182,-0.24737399999999998,GMB,DEU,8429
882335,89,61,1647,2001,0.0,206000.0,-2.0882959999999997,-0.921539,GNQ,DEU,8429
882336,90,61,1647,2001,155573.0,14921548.0,0.31387600000000004,1.3614600000000001,GRC,DEU,8429
882337,91,61,1647,2001,0.0,181119.0,-0.007888,-0.518167,GRD,DEU,8429
882338,92,61,1647,2001,0.0,458658.0,0.199595,-0.73547,GRL,DEU,8429
882339,93,61,1647,2001,0.0,777233.0,-0.5089520000000001,0.216677,GTM,DEU,8429
882340,96,61,1647,2001,0.0,91815.0,-0.955816,-0.8593069999999999,GUY,DEU,8429
882341,97,61,1647,2001,0.0,515535.0,0.521528,2.3025,HKG,DEU,8429
882342,99,61,1647,2001,0.0,10407.0,-0.8003060000000001,-0.602097,HND,DEU,8429
882343,100,61,1647,2001,504550.0,6615621.0,0.544596,0.969535,HRV,DEU,8429
882344,102,61,1647,2001,147323.0,15404131.0,1.102262,1.138016,HUN,DEU,8429
882345,103,61,1647,2001,0.0,6491759.0,-0.167771,1.6587889999999998,IDN,DEU,8429
882346,104,61,1647,2001,6324.0,4425926.0,0.349744,2.665844,IND,DEU,8429
882347,105,61,1647,2001,0.0,23000.0,-0.21711599999999998,-0.8472959999999999,IOT,DEU,8429
882348,106,61,1647,2001,76486.0,13941487.0,1.664233,0.129983,IRL,DEU,8429
882349,107,61,1647,2001,0.0,465769.0,-0.7732479999999999,-0.8979370000000001,IRN,DEU,8429
882350,108,61,1647,2001,0.0,1933000.0,-1.115465,-0.883028,IRQ,DEU,8429
882351,109,61,1647,2001,22574.0,3592069.0,0.032382999999999995,-0.51054,ISL,DEU,8429
882352,110,61,1647,2001,96443.0,7472347.0,1.374873,0.775594,ISR,DEU,8429
882353,111,61,1647,2001,41044425.0,65843266.0,1.389926,1.282143,ITA,DEU,8429
882354,112,61,1647,2001,0.0,214741.0,-0.541582,-0.837248,JAM,DEU,8429
882355,113,61,1647,2001,0.0,3195236.0,0.375134,0.581558,JOR,DEU,8429
882356,114,61,1647,2001,46320645.0,8149156.0,2.585857,0.522663,JPN,DEU,8429
882357,115,61,1647,2001,0.0,6435013.0,0.009714,-0.525899,KAZ,DEU,8429
882358,116,61,1647,2001,0.0,719829.0,-0.529388,0.092271,KEN,DEU,8429
882359,120,61,1647,2001,0.0,83604.0,0.612222,-0.440733,KNA,DEU,8429
882360,121,61,1647,2001,1332745.0,1521905.0,1.145797,1.0762399999999999,KOR,DEU,8429
882361,122,61,1647,2001,0.0,798889.0,-0.8197,-1.183758,KWT,DEU,8429
882362,124,61,1647,2001,6368.0,1259574.0,0.165355,0.988008,LBN,DEU,8429
882363,126,61,1647,2001,0.0,6747000.0,-0.9321459999999999,-1.198124,LBY,DEU,8429
882364,128,61,1647,2001,0.0,122578.0,-0.722434,-0.033818,LKA,DEU,8429
882365,130,61,1647,2001,158602.0,3120306.0,0.15706900000000001,0.416663,LTU,DEU,8429
882366,131,61,1647,2001,347459.0,5985525.0,1.470895,1.149007,LUX,DEU,8429
882367,132,61,1647,2001,168649.0,2198379.0,0.404136,0.461009,LVA,DEU,8429
882368,133,61,1647,2001,0.0,43126.0,-0.608406,-0.521662,MAC,DEU,8429
882369,134,61,1647,2001,81151.0,2149249.0,-0.75275,-0.280397,MAR,DEU,8429
882370,135,61,1647,2001,0.0,150475.0,-0.024822,-0.15323399999999998,MDA,DEU,8429
882371,136,61,1647,2001,0.0,202635.0,-1.247531,-0.637093,MDG,DEU,8429
882372,138,61,1647,2001,0.0,1108472.0,0.797058,0.713234,MEX,DEU,8429
882373,140,61,1647,2001,0.0,1005782.0,0.033097,0.43516499999999997,MKD,DEU,8429
882374,141,61,1647,2001,420519.0,297524.0,-0.40341,-0.626402,MLI,DEU,8429
882375,142,61,1647,2001,0.0,74408.0,1.065032,-0.065239,MLT,DEU,8429
882376,143,61,1647,2001,0.0,109670.0,-1.5627,-1.150854,MMR,DEU,8429
882377,147,61,1647,2001,0.0,15180.0,-1.2364879999999998,-1.136715,MOZ,DEU,8429
882378,148,61,1647,2001,0.0,273481.0,-1.187271,-1.240445,MRT,DEU,8429
882379,151,61,1647,2001,0.0,163296.0,-0.410422,-0.5868369999999999,MUS,DEU,8429
882380,153,61,1647,2001,0.0,319581.0,0.768174,0.307033,MYS,DEU,8429
882381,154,61,1647,2001,0.0,75723.0,1.4633260000000001,-0.114532,MYT,DEU,8429
882382,155,61,1647,2001,0.0,343475.0,-0.625912,-0.854247,NAM,DEU,8429
882383,156,61,1647,2001,0.0,2426509.0,-0.837087,-0.9207040000000001,NCL,DEU,8429
882384,157,61,1647,2001,24100.0,2161.0,-0.22368600000000002,-0.464156,NER,DEU,8429
882385,159,61,1647,2001,0.0,28559869.0,-1.966439,-1.2724520000000001,NGA,DEU,8429
882386,160,61,1647,2001,0.0,7066.0,-0.8917430000000001,-0.713179,NIC,DEU,8429
882387,162,61,1647,2001,17195166.0,119381228.0,1.315685,1.590935,NLD,DEU,8429
882388,163,61,1647,2001,109309.0,19827052.0,0.974814,0.06512000000000001,NOR,DEU,8429
882389,164,61,1647,2001,0.0,637000.0,-0.483749,-0.008754999999999999,NPL,DEU,8429
882390,166,61,1647,2001,0.0,2087894.0,0.521409,0.683134,NZL,DEU,8429
882391,167,61,1647,2001,0.0,1699255.0,-0.909329,-1.189698,OMN,DEU,8429
882392,168,61,1647,2001,0.0,247000.0,-0.8376520000000001,-0.378743,PAK,DEU,8429
882393,169,61,1647,2001,0.0,82386.0,0.17588199999999998,0.422505,PAN,DEU,8429
882394,173,61,1647,2001,9115.0,815657.0,-0.345519,0.202623,PER,DEU,8429
882395,174,61,1647,2001,0.0,2999812.0,-0.028201,-0.112349,PHL,DEU,8429
882396,177,61,1647,2001,996474.0,26292634.0,0.9474540000000001,1.8408220000000002,POL,DEU,8429
882397,178,61,1647,2001,32056.0,677000.0,0.62773,1.010888,PRK,DEU,8429
882398,179,61,1647,2001,0.0,15294016.0,0.482048,1.662123,PRT,DEU,8429
882399,180,61,1647,2001,0.0,3578.0,-0.68893,-0.9326690000000001,PRY,DEU,8429
882400,181,61,1647,2001,0.0,216000.0,0.60735,-0.027356000000000002,PSE,DEU,8429
882401,182,61,1647,2001,0.0,169194.0,-0.005456,-0.7210770000000001,PYF,DEU,8429
882402,183,61,1647,2001,0.0,445473.0,-0.46564799999999995,-1.127634,QAT,DEU,8429
882403,185,61,1647,2001,970.0,7626146.0,0.326733,1.005332,ROU,DEU,8429
882404,186,61,1647,2001,184883.0,26221872.0,0.945816,0.35027600000000003,RUS,DEU,8429
882405,187,61,1647,2001,0.0,4343.0,-1.260879,-0.861347,RWA,DEU,8429
882406,188,61,1647,2001,0.0,11185036.0,0.5370550000000001,-0.793469,SAU,DEU,8429
882407,189,61,1647,2001,0.0,4557428.0,0.45280200000000004,2.469852,SCG,DEU,8429
882408,190,61,1647,2001,0.0,1167753.0,-1.6325180000000001,-1.263267,SDN,DEU,8429
882409,191,61,1647,2001,385767.0,223764.0,-0.437779,-0.436654,SEN,DEU,8429
882410,192,61,1647,2001,10434.0,13733790.0,1.364239,0.721074,SGP,DEU,8429
882411,196,61,1647,2001,0.0,382000.0,0.331949,0.186253,SLE,DEU,8429
882412,197,61,1647,2001,3671.0,0.0,-0.181554,-0.031294,SLV,DEU,8429
882413,200,61,1647,2001,0.0,108000.0,-0.32603699999999997,-0.917085,SPM,DEU,8429
882414,205,61,1647,2001,0.0,100416.0,-0.650556,-0.801128,SUR,DEU,8429
882415,206,61,1647,2001,108581.0,2145392.0,1.1732770000000001,1.088576,SVK,DEU,8429
882416,207,61,1647,2001,54986.0,3377682.0,1.5074370000000001,1.1370040000000001,SVN,DEU,8429
882417,208,61,1647,2001,5190931.0,24646286.0,2.156845,0.784439,SWE,DEU,8429
882418,212,61,1647,2001,0.0,964466.0,-1.057217,-0.716331,SYR,DEU,8429
882419,215,61,1647,2001,0.0,108739.0,-0.758725,-0.577004,TGO,DEU,8429
882420,216,61,1647,2001,86933.0,1448041.0,0.37555900000000003,1.498267,THA,DEU,8429
882421,219,61,1647,2001,0.0,17000.0,-1.24627,-1.2760209999999998,TKM,DEU,8429
882422,222,61,1647,2001,0.0,98216.0,0.178256,-0.709126,TTO,DEU,8429
882423,223,61,1647,2001,0.0,11447388.0,-0.162152,0.23939699999999997,TUN,DEU,8429
882424,224,61,1647,2001,1159824.0,10578956.0,0.188773,1.91451,TUR,DEU,8429
882425,226,61,1647,2001,0.0,1031945.0,-1.193991,-0.49282200000000004,TZA,DEU,8429
882426,227,61,1647,2001,0.0,248022.0,-0.9694860000000001,-0.840592,UGA,DEU,8429
882427,228,61,1647,2001,46396.0,2917458.0,0.8376969999999999,0.989059,UKR,DEU,8429
882428,230,61,1647,2001,0.0,173544.0,0.36029,0.298869,URY,DEU,8429
882429,231,61,1647,2001,57762527.0,171769643.0,1.873674,0.168468,USA,DEU,8429
882430,232,61,1647,2001,0.0,825000.0,-0.395913,-0.6454449999999999,UZB,DEU,8429
882431,236,61,1647,2001,0.0,4550289.0,0.261158,-0.7397,VEN,DEU,8429
882432,239,61,1647,2001,0.0,2370384.0,-0.6692130000000001,0.610992,VNM,DEU,8429
882433,243,61,1647,2001,0.0,158000.0,-1.465154,-1.261615,YEM,DEU,8429
882434,246,61,1647,2001,142337.0,16019824.0,0.356842,2.006155,ZAF,DEU,8429
882435,247,61,1647,2001,0.0,230753.0,-0.731193,-0.706978,ZMB,DEU,8429
882436,248,61,1647,2001,0.0,203613.0,-0.6321829999999999,-0.453671,ZWE,DEU,8429
882437,249,61,1647,2001,188677.0,1023935.0,1.5731700000000002,1.353159,TWN,DEU,8429
882438,7,64,1647,2001,0.0,240106.0,-0.193984,-0.457124,ARE,DNK,8429
882439,8,64,1647,2001,0.0,60018.0,0.287698,0.547137,ARG,DNK,8429
882440,15,64,1647,2001,3395281.0,112808.0,1.8571650000000002,0.603191,AUT,DNK,8429
882441,18,64,1647,2001,11870149.0,109020.0,1.4328370000000001,1.408495,BEL,DNK,8429
882442,19,64,1647,2001,0.0,20677.0,-1.09233,-0.8276969999999999,BEN,DNK,8429
882443,31,64,1647,2001,0.0,55316.0,-0.680108,-0.678143,BOL,DNK,8429
882444,39,64,1647,2001,145698.0,0.0,0.971827,1.105171,CAN,DNK,8429
882445,41,64,1647,2001,320565.0,127090.0,2.227246,0.553956,CHE,DNK,8429
882446,42,64,1647,2001,0.0,48857.0,-0.004658,-0.002548,CHL,DNK,8429
882447,43,64,1647,2001,0.0,9203.0,0.525171,3.092963,CHN,DNK,8429
882448,45,64,1647,2001,0.0,75611.0,-1.6254879999999998,-1.212513,CMR,DNK,8429
882449,52,64,1647,2001,0.0,29905.0,0.069458,-0.042793,CRI,DNK,8429
882450,58,64,1647,2001,0.0,80227.0,0.381251,0.257802,CYP,DNK,8429
882451,59,64,1647,2001,0.0,79685.0,1.485703,1.109305,CZE,DNK,8429
882452,61,64,1647,2001,28626868.0,1841643.0,2.321375,-2.1110990000000003,DEU,DNK,8429
882453,68,64,1647,2001,0.0,96819.0,-0.373576,0.366385,EGY,DNK,8429
882454,71,64,1647,2001,219767.0,24862.0,1.079664,1.9842220000000002,ESP,DNK,8429
882455,72,64,1647,2001,0.0,206700.0,0.5746829999999999,0.9073899999999999,EST,DNK,8429
882456,74,64,1647,2001,3757640.0,780236.0,2.069141,0.9375180000000001,FIN,DNK,8429
882457,77,64,1647,2001,11745003.0,2184723.0,1.653507,0.797582,FRA,DNK,8429
882458,78,64,1647,2001,80606.0,2978951.0,-1.004972,-0.9456030000000001,FRO,DNK,8429
882459,81,64,1647,2001,19022650.0,4743968.0,1.976894,0.685435,GBR,DNK,8429
882460,82,64,1647,2001,0.0,24219.0,0.585568,-0.047744999999999996,GEO,DNK,8429
882461,83,64,1647,2001,0.0,27457.0,-0.961067,-0.780449,GHA,DNK,8429
882462,90,64,1647,2001,0.0,144479.0,0.31387600000000004,1.3614600000000001,GRC,DNK,8429
882463,92,64,1647,2001,24007.0,2874461.0,0.199595,-0.73547,GRL,DNK,8429
882464,100,64,1647,2001,0.0,12184.0,0.544596,0.969535,HRV,DNK,8429
882465,102,64,1647,2001,0.0,26591.0,1.102262,1.138016,HUN,DNK,8429
882466,106,64,1647,2001,0.0,388026.0,1.664233,0.129983,IRL,DNK,8429
882467,109,64,1647,2001,35693.0,697533.0,0.032382999999999995,-0.51054,ISL,DNK,8429
882468,110,64,1647,2001,200189.0,29784.0,1.374873,0.775594,ISR,DNK,8429
882469,111,64,1647,2001,16163591.0,78833.0,1.389926,1.282143,ITA,DNK,8429
882470,112,64,1647,2001,0.0,804.0,-0.541582,-0.837248,JAM,DNK,8429
882471,113,64,1647,2001,0.0,14960.0,0.375134,0.581558,JOR,DNK,8429
882472,114,64,1647,2001,1595636.0,0.0,2.585857,0.522663,JPN,DNK,8429
882473,121,64,1647,2001,9523.0,0.0,1.145797,1.0762399999999999,KOR,DNK,8429
882474,124,64,1647,2001,0.0,57755.0,0.165355,0.988008,LBN,DNK,8429
882475,130,64,1647,2001,9805.0,321827.0,0.15706900000000001,0.416663,LTU,DNK,8429
882476,131,64,1647,2001,31969.0,0.0,1.470895,1.149007,LUX,DNK,8429
882477,132,64,1647,2001,0.0,174273.0,0.404136,0.461009,LVA,DNK,8429
882478,134,64,1647,2001,0.0,2934.0,-0.75275,-0.280397,MAR,DNK,8429
882479,137,64,1647,2001,0.0,200800.0,-0.980734,-0.9785659999999999,MDV,DNK,8429
882480,159,64,1647,2001,0.0,66268.0,-1.966439,-1.2724520000000001,NGA,DNK,8429
882481,162,64,1647,2001,2747937.0,2467787.0,1.315685,1.590935,NLD,DNK,8429
882482,163,64,1647,2001,996482.0,3139851.0,0.974814,0.06512000000000001,NOR,DNK,8429
882483,168,64,1647,2001,0.0,46492.0,-0.8376520000000001,-0.378743,PAK,DNK,8429
882484,177,64,1647,2001,17921.0,611118.0,0.9474540000000001,1.8408220000000002,POL,DNK,8429
882485,185,64,1647,2001,0.0,13085.0,0.326733,1.005332,ROU,DNK,8429
882486,186,64,1647,2001,0.0,292216.0,0.945816,0.35027600000000003,RUS,DNK,8429
882487,188,64,1647,2001,0.0,230965.0,0.5370550000000001,-0.793469,SAU,DNK,8429
882488,190,64,1647,2001,0.0,6981.0,-1.6325180000000001,-1.263267,SDN,DNK,8429
882489,191,64,1647,2001,0.0,24744.0,-0.437779,-0.436654,SEN,DNK,8429
882490,196,64,1647,2001,0.0,32785.0,0.331949,0.186253,SLE,DNK,8429
882491,207,64,1647,2001,0.0,1464.0,1.5074370000000001,1.1370040000000001,SVN,DNK,8429
882492,208,64,1647,2001,6412488.0,10495700.0,2.156845,0.784439,SWE,DNK,8429
882493,212,64,1647,2001,0.0,27970.0,-1.057217,-0.716331,SYR,DNK,8429
882494,224,64,1647,2001,1405.0,0.0,0.188773,1.91451,TUR,DNK,8429
882495,226,64,1647,2001,0.0,415345.0,-1.193991,-0.49282200000000004,TZA,DNK,8429
882496,230,64,1647,2001,0.0,21994.0,0.36029,0.298869,URY,DNK,8429
882497,231,64,1647,2001,2501204.0,241264.0,1.873674,0.168468,USA,DNK,8429
882498,236,64,1647,2001,0.0,16249.0,0.261158,-0.7397,VEN,DNK,8429
882499,246,64,1647,2001,38531.0,0.0,0.356842,2.006155,ZAF,DNK,8429
882500,247,64,1647,2001,0.0,784.0,-0.731193,-0.706978,ZMB,DNK,8429
882501,18,65,1647,2001,109224.0,0.0,1.4328370000000001,1.408495,BEL,DOM,8429
882502,32,65,1647,2001,2305328.0,0.0,0.672496,1.051848,BRA,DOM,8429
882503,39,65,1647,2001,523391.0,0.0,0.971827,1.105171,CAN,DOM,8429
882504,41,65,1647,2001,152881.0,0.0,2.227246,0.553956,CHE,DOM,8429
882505,42,65,1647,2001,373897.0,0.0,-0.004658,-0.002548,CHL,DOM,8429
882506,49,65,1647,2001,140009.0,0.0,0.30412,0.395913,COL,DOM,8429
882507,52,65,1647,2001,101960.0,0.0,0.069458,-0.042793,CRI,DOM,8429
882508,61,65,1647,2001,627565.0,0.0,2.321375,-2.1110990000000003,DEU,DOM,8429
882509,67,65,1647,2001,18051.0,2705.0,-0.852642,-0.896374,ECU,DOM,8429
882510,71,65,1647,2001,1119501.0,0.0,1.079664,1.9842220000000002,ESP,DOM,8429
882511,77,65,1647,2001,520754.0,0.0,1.653507,0.797582,FRA,DOM,8429
882512,81,65,1647,2001,250624.0,0.0,1.976894,0.685435,GBR,DOM,8429
882513,111,65,1647,2001,324721.0,0.0,1.389926,1.282143,ITA,DOM,8429
882514,114,65,1647,2001,1625264.0,0.0,2.585857,0.522663,JPN,DOM,8429
882515,121,65,1647,2001,998404.0,0.0,1.145797,1.0762399999999999,KOR,DOM,8429
882516,138,65,1647,2001,22076.0,0.0,0.797058,0.713234,MEX,DOM,8429
882517,162,65,1647,2001,596779.0,0.0,1.315685,1.590935,NLD,DOM,8429
882518,163,65,1647,2001,1114173.0,0.0,0.974814,0.06512000000000001,NOR,DOM,8429
882519,169,65,1647,2001,54583.0,0.0,0.17588199999999998,0.422505,PAN,DOM,8429
882520,177,65,1647,2001,1258101.0,0.0,0.9474540000000001,1.8408220000000002,POL,DOM,8429
882521,178,65,1647,2001,355413.0,0.0,0.62773,1.010888,PRK,DOM,8429
882522,208,65,1647,2001,1153039.0,0.0,2.156845,0.784439,SWE,DOM,8429
882523,231,65,1647,2001,18387392.0,0.0,1.873674,0.168468,USA,DOM,8429
882524,236,65,1647,2001,34078.0,104647.0,0.261158,-0.7397,VEN,DOM,8429
882525,249,65,1647,2001,11861.0,0.0,1.5731700000000002,1.353159,TWN,DOM,8429
882526,250,65,1647,2001,656338.0,0.0,1.096023,-0.33562600000000004,ANS,DOM,8429
882527,18,67,1647,2001,302606.0,0.0,1.4328370000000001,1.408495,BEL,ECU,8429
882528,31,67,1647,2001,406500.0,0.0,-0.680108,-0.678143,BOL,ECU,8429
882529,32,67,1647,2001,3691973.0,0.0,0.672496,1.051848,BRA,ECU,8429
882530,39,67,1647,2001,57559.0,0.0,0.971827,1.105171,CAN,ECU,8429
882531,41,67,1647,2001,76299.0,0.0,2.227246,0.553956,CHE,ECU,8429
882532,42,67,1647,2001,240526.0,0.0,-0.004658,-0.002548,CHL,ECU,8429
882533,49,67,1647,2001,114429.0,0.0,0.30412,0.395913,COL,ECU,8429
882534,61,67,1647,2001,576083.0,21668.0,2.321375,-2.1110990000000003,DEU,ECU,8429
882535,65,67,1647,2001,2705.0,18051.0,-0.538419,-0.48773900000000003,DOM,ECU,8429
882536,71,67,1647,2001,8592.0,0.0,1.079664,1.9842220000000002,ESP,ECU,8429
882537,77,67,1647,2001,280917.0,0.0,1.653507,0.797582,FRA,ECU,8429
882538,81,67,1647,2001,288246.0,0.0,1.976894,0.685435,GBR,ECU,8429
882539,111,67,1647,2001,86778.0,0.0,1.389926,1.282143,ITA,ECU,8429
882540,114,67,1647,2001,6202060.0,0.0,2.585857,0.522663,JPN,ECU,8429
882541,121,67,1647,2001,3078401.0,0.0,1.145797,1.0762399999999999,KOR,ECU,8429
882542,138,67,1647,2001,2221.0,0.0,0.797058,0.713234,MEX,ECU,8429
882543,162,67,1647,2001,41436.0,0.0,1.315685,1.590935,NLD,ECU,8429
882544,173,67,1647,2001,386255.0,0.0,-0.345519,0.202623,PER,ECU,8429
882545,177,67,1647,2001,378926.0,0.0,0.9474540000000001,1.8408220000000002,POL,ECU,8429
882546,179,67,1647,2001,0.0,115994.0,0.482048,1.662123,PRT,ECU,8429
882547,206,67,1647,2001,44784.0,0.0,1.1732770000000001,1.088576,SVK,ECU,8429
882548,208,67,1647,2001,77042.0,0.0,2.156845,0.784439,SWE,ECU,8429
882549,216,67,1647,2001,335817.0,0.0,0.37555900000000003,1.498267,THA,ECU,8429
882550,231,67,1647,2001,33084517.0,0.0,1.873674,0.168468,USA,ECU,8429
882551,236,67,1647,2001,377304.0,0.0,0.261158,-0.7397,VEN,ECU,8429
882552,250,67,1647,2001,118956.0,0.0,1.096023,-0.33562600000000004,ANS,ECU,8429
882553,5,71,1647,2001,50881.0,791999.0,1.049415,0.860241,AND,ESP,8429
882554,7,71,1647,2001,0.0,90229.0,-0.193984,-0.457124,ARE,ESP,8429
882555,8,71,1647,2001,20452.0,35918.0,0.287698,0.547137,ARG,ESP,8429
882556,15,71,1647,2001,7623238.0,79119.0,1.8571650000000002,0.603191,AUT,ESP,8429
882557,18,71,1647,2001,77374630.0,382901.0,1.4328370000000001,1.408495,BEL,ESP,8429
882558,19,71,1647,2001,0.0,57718.0,-1.09233,-0.8276969999999999,BEN,ESP,8429
882559,21,71,1647,2001,0.0,10005.0,-0.291485,-0.20803000000000002,BFA,ESP,8429
882560,23,71,1647,2001,0.0,10176.0,0.41425100000000004,1.639866,BGR,ESP,8429
882561,31,71,1647,2001,0.0,37705.0,-0.680108,-0.678143,BOL,ESP,8429
882562,32,71,1647,2001,2702456.0,93080.0,0.672496,1.051848,BRA,ESP,8429
882563,39,71,1647,2001,2838491.0,98071.0,0.971827,1.105171,CAN,ESP,8429
882564,41,71,1647,2001,1304828.0,54098.0,2.227246,0.553956,CHE,ESP,8429
882565,42,71,1647,2001,0.0,287114.0,-0.004658,-0.002548,CHL,ESP,8429
882566,43,71,1647,2001,0.0,120040.0,0.525171,3.092963,CHN,ESP,8429
882567,44,71,1647,2001,0.0,3700.0,-0.715949,-0.524428,CIV,ESP,8429
882568,45,71,1647,2001,0.0,61597.0,-1.6254879999999998,-1.212513,CMR,ESP,8429
882569,49,71,1647,2001,0.0,91238.0,0.30412,0.395913,COL,ESP,8429
882570,51,71,1647,2001,0.0,4674.0,0.063802,-0.456617,CPV,ESP,8429
882571,52,71,1647,2001,0.0,46543.0,0.069458,-0.042793,CRI,ESP,8429
882572,54,71,1647,2001,0.0,514318.0,-0.443391,-0.9599030000000001,CUB,ESP,8429
882573,58,71,1647,2001,0.0,25752.0,0.381251,0.257802,CYP,ESP,8429
882574,59,71,1647,2001,547145.0,57268.0,1.485703,1.109305,CZE,ESP,8429
882575,61,71,1647,2001,72396259.0,451496.0,2.321375,-2.1110990000000003,DEU,ESP,8429
882576,64,71,1647,2001,24862.0,219767.0,1.261883,1.351875,DNK,ESP,8429
882577,65,71,1647,2001,0.0,1119501.0,-0.538419,-0.48773900000000003,DOM,ESP,8429
882578,66,71,1647,2001,0.0,425751.0,-0.663363,-1.158295,DZA,ESP,8429
882579,67,71,1647,2001,0.0,8592.0,-0.852642,-0.896374,ECU,ESP,8429
882580,68,71,1647,2001,0.0,95007.0,-0.373576,0.366385,EGY,ESP,8429
882581,74,71,1647,2001,133040.0,0.0,2.069141,0.9375180000000001,FIN,ESP,8429
882582,77,71,1647,2001,64820007.0,2860469.0,1.653507,0.797582,FRA,ESP,8429
882583,80,71,1647,2001,0.0,63204.0,-1.063007,-1.181284,GAB,ESP,8429
882584,81,71,1647,2001,104129929.0,658694.0,1.976894,0.685435,GBR,ESP,8429
882585,83,71,1647,2001,0.0,99848.0,-0.961067,-0.780449,GHA,ESP,8429
882586,84,71,1647,2001,0.0,127347.0,0.5955739999999999,-0.39100799999999997,GIB,ESP,8429
882587,89,71,1647,2001,0.0,700099.0,-2.0882959999999997,-0.921539,GNQ,ESP,8429
882588,90,71,1647,2001,4482.0,129009.0,0.31387600000000004,1.3614600000000001,GRC,ESP,8429
882589,97,71,1647,2001,0.0,99063.0,0.521528,2.3025,HKG,ESP,8429
882590,99,71,1647,2001,0.0,67297.0,-0.8003060000000001,-0.602097,HND,ESP,8429
882591,102,71,1647,2001,0.0,7016.0,1.102262,1.138016,HUN,ESP,8429
882592,103,71,1647,2001,0.0,2809.0,-0.167771,1.6587889999999998,IDN,ESP,8429
882593,104,71,1647,2001,0.0,107889.0,0.349744,2.665844,IND,ESP,8429
882594,106,71,1647,2001,278530.0,719187.0,1.664233,0.129983,IRL,ESP,8429
882595,109,71,1647,2001,0.0,28461.0,0.032382999999999995,-0.51054,ISL,ESP,8429
882596,110,71,1647,2001,0.0,588450.0,1.374873,0.775594,ISR,ESP,8429
882597,111,71,1647,2001,58124563.0,656099.0,1.389926,1.282143,ITA,ESP,8429
882598,114,71,1647,2001,11878959.0,15089.0,2.585857,0.522663,JPN,ESP,8429
882599,121,71,1647,2001,7490427.0,0.0,1.145797,1.0762399999999999,KOR,ESP,8429
882600,124,71,1647,2001,0.0,24469.0,0.165355,0.988008,LBN,ESP,8429
882601,125,71,1647,2001,0.0,25825.0,-0.49036,-1.126565,LBR,ESP,8429
882602,130,71,1647,2001,0.0,2317.0,0.15706900000000001,0.416663,LTU,ESP,8429
882603,134,71,1647,2001,172308.0,904907.0,-0.75275,-0.280397,MAR,ESP,8429
882604,138,71,1647,2001,0.0,323326.0,0.797058,0.713234,MEX,ESP,8429
882605,141,71,1647,2001,0.0,285840.0,-0.40341,-0.626402,MLI,ESP,8429
882606,148,71,1647,2001,0.0,39716.0,-1.187271,-1.240445,MRT,ESP,8429
882607,159,71,1647,2001,0.0,6625.0,-1.966439,-1.2724520000000001,NGA,ESP,8429
882608,160,71,1647,2001,0.0,83378.0,-0.8917430000000001,-0.713179,NIC,ESP,8429
882609,162,71,1647,2001,10276891.0,336424.0,1.315685,1.590935,NLD,ESP,8429
882610,163,71,1647,2001,230488.0,18120.0,0.974814,0.06512000000000001,NOR,ESP,8429
882611,173,71,1647,2001,0.0,39740.0,-0.345519,0.202623,PER,ESP,8429
882612,179,71,1647,2001,5896591.0,11182999.0,0.482048,1.662123,PRT,ESP,8429
882613,185,71,1647,2001,0.0,83636.0,0.326733,1.005332,ROU,ESP,8429
882614,186,71,1647,2001,0.0,18209.0,0.945816,0.35027600000000003,RUS,ESP,8429
882615,188,71,1647,2001,0.0,52361.0,0.5370550000000001,-0.793469,SAU,ESP,8429
882616,189,71,1647,2001,0.0,1924.0,0.45280200000000004,2.469852,SCG,ESP,8429
882617,191,71,1647,2001,0.0,228916.0,-0.437779,-0.436654,SEN,ESP,8429
882618,197,71,1647,2001,0.0,83000.0,-0.181554,-0.031294,SLV,ESP,8429
882619,198,71,1647,2001,14647.0,0.0,1.40664,-0.034707999999999996,SMR,ESP,8429
882620,206,71,1647,2001,28651.0,0.0,1.1732770000000001,1.088576,SVK,ESP,8429
882621,208,71,1647,2001,26941399.0,0.0,2.156845,0.784439,SWE,ESP,8429
882622,212,71,1647,2001,0.0,20932.0,-1.057217,-0.716331,SYR,ESP,8429
882623,223,71,1647,2001,0.0,112637.0,-0.162152,0.23939699999999997,TUN,ESP,8429
882624,224,71,1647,2001,135470.0,19690.0,0.188773,1.91451,TUR,ESP,8429
882625,230,71,1647,2001,0.0,22631.0,0.36029,0.298869,URY,ESP,8429
882626,231,71,1647,2001,37460735.0,2524655.0,1.873674,0.168468,USA,ESP,8429
882627,236,71,1647,2001,0.0,471157.0,0.261158,-0.7397,VEN,ESP,8429
882628,237,71,1647,2001,0.0,7425.0,0.759566,-0.16636099999999998,VGB,ESP,8429
882629,239,71,1647,2001,0.0,661550.0,-0.6692130000000001,0.610992,VNM,ESP,8429
882630,8,74,1647,2001,77896.0,158698.0,0.287698,0.547137,ARG,FIN,8429
882631,14,74,1647,2001,0.0,9919721.0,0.29463,0.772375,AUS,FIN,8429
882632,15,74,1647,2001,360132.0,243092.0,1.8571650000000002,0.603191,AUT,FIN,8429
882633,18,74,1647,2001,19700314.0,1158212.0,1.4328370000000001,1.408495,BEL,FIN,8429
882634,23,74,1647,2001,0.0,204644.0,0.41425100000000004,1.639866,BGR,FIN,8429
882635,32,74,1647,2001,0.0,1586309.0,0.672496,1.051848,BRA,FIN,8429
882636,39,74,1647,2001,0.0,6143663.0,0.971827,1.105171,CAN,FIN,8429
882637,41,74,1647,2001,467910.0,1035820.0,2.227246,0.553956,CHE,FIN,8429
882638,42,74,1647,2001,0.0,3918228.0,-0.004658,-0.002548,CHL,FIN,8429
882639,43,74,1647,2001,0.0,1771669.0,0.525171,3.092963,CHN,FIN,8429
882640,59,74,1647,2001,0.0,38703.0,1.485703,1.109305,CZE,FIN,8429
882641,61,74,1647,2001,15725936.0,1408769.0,2.321375,-2.1110990000000003,DEU,FIN,8429
882642,64,74,1647,2001,780236.0,3757640.0,1.261883,1.351875,DNK,FIN,8429
882643,71,74,1647,2001,0.0,133040.0,1.079664,1.9842220000000002,ESP,FIN,8429
882644,72,74,1647,2001,214026.0,5741162.0,0.5746829999999999,0.9073899999999999,EST,FIN,8429
882645,77,74,1647,2001,4950376.0,751150.0,1.653507,0.797582,FRA,FIN,8429
882646,81,74,1647,2001,13709038.0,2457340.0,1.976894,0.685435,GBR,FIN,8429
882647,83,74,1647,2001,0.0,278136.0,-0.961067,-0.780449,GHA,FIN,8429
882648,90,74,1647,2001,0.0,202134.0,0.31387600000000004,1.3614600000000001,GRC,FIN,8429
882649,97,74,1647,2001,397867.0,0.0,0.521528,2.3025,HKG,FIN,8429
882650,102,74,1647,2001,0.0,67104.0,1.102262,1.138016,HUN,FIN,8429
882651,103,74,1647,2001,0.0,160853.0,-0.167771,1.6587889999999998,IDN,FIN,8429
882652,104,74,1647,2001,0.0,50546.0,0.349744,2.665844,IND,FIN,8429
882653,106,74,1647,2001,0.0,910469.0,1.664233,0.129983,IRL,FIN,8429
882654,109,74,1647,2001,0.0,10463.0,0.032382999999999995,-0.51054,ISL,FIN,8429
882655,110,74,1647,2001,0.0,376424.0,1.374873,0.775594,ISR,FIN,8429
882656,111,74,1647,2001,6403256.0,759986.0,1.389926,1.282143,ITA,FIN,8429
882657,114,74,1647,2001,4182367.0,0.0,2.585857,0.522663,JPN,FIN,8429
882658,115,74,1647,2001,0.0,3642967.0,0.009714,-0.525899,KAZ,FIN,8429
882659,121,74,1647,2001,493912.0,543426.0,1.145797,1.0762399999999999,KOR,FIN,8429
882660,130,74,1647,2001,18505.0,318479.0,0.15706900000000001,0.416663,LTU,FIN,8429
882661,131,74,1647,2001,0.0,38273.0,1.470895,1.149007,LUX,FIN,8429
882662,132,74,1647,2001,149508.0,899221.0,0.404136,0.461009,LVA,FIN,8429
882663,133,74,1647,2001,0.0,32330.0,-0.608406,-0.521662,MAC,FIN,8429
882664,134,74,1647,2001,0.0,658886.0,-0.75275,-0.280397,MAR,FIN,8429
882665,138,74,1647,2001,0.0,241645.0,0.797058,0.713234,MEX,FIN,8429
882666,162,74,1647,2001,4383760.0,1221575.0,1.315685,1.590935,NLD,FIN,8429
882667,163,74,1647,2001,243427.0,4985769.0,0.974814,0.06512000000000001,NOR,FIN,8429
882668,173,74,1647,2001,0.0,462233.0,-0.345519,0.202623,PER,FIN,8429
882669,177,74,1647,2001,46977.0,3026499.0,0.9474540000000001,1.8408220000000002,POL,FIN,8429
882670,179,74,1647,2001,68583.0,274661.0,0.482048,1.662123,PRT,FIN,8429
882671,186,74,1647,2001,342049.0,6532680.0,0.945816,0.35027600000000003,RUS,FIN,8429
882672,192,74,1647,2001,96488.0,846648.0,1.364239,0.721074,SGP,FIN,8429
882673,206,74,1647,2001,0.0,38500.0,1.1732770000000001,1.088576,SVK,FIN,8429
882674,208,74,1647,2001,8132511.0,7688134.0,2.156845,0.784439,SWE,FIN,8429
882675,224,74,1647,2001,0.0,53064.0,0.188773,1.91451,TUR,FIN,8429
882676,226,74,1647,2001,0.0,578951.0,-1.193991,-0.49282200000000004,TZA,FIN,8429
882677,231,74,1647,2001,8098526.0,2589526.0,1.873674,0.168468,USA,FIN,8429
882678,232,74,1647,2001,0.0,563770.0,-0.395913,-0.6454449999999999,UZB,FIN,8429
882679,246,74,1647,2001,0.0,5212004.0,0.356842,2.006155,ZAF,FIN,8429
882680,247,74,1647,2001,0.0,913076.0,-0.731193,-0.706978,ZMB,FIN,8429
882681,2,77,1647,2001,0.0,1063479.0,-1.523823,-1.214093,AGO,FRA,8429
882682,3,77,1647,2001,10427.0,0.0,1.1659469999999998,0.12369000000000001,AIA,FRA,8429
882683,4,77,1647,2001,0.0,36701.0,-0.054125,0.104298,ALB,FRA,8429
882684,5,77,1647,2001,0.0,648764.0,1.049415,0.860241,AND,FRA,8429
882685,6,77,1647,2001,0.0,17047.0,0.260662,-0.66681,ANT,FRA,8429
882686,7,77,1647,2001,0.0,3604448.0,-0.193984,-0.457124,ARE,FRA,8429
882687,8,77,1647,2001,547981.0,39300.0,0.287698,0.547137,ARG,FRA,8429
882688,14,77,1647,2001,33063.0,18096725.0,0.29463,0.772375,AUS,FRA,8429
882689,15,77,1647,2001,36240437.0,16552368.0,1.8571650000000002,0.603191,AUT,FRA,8429
882690,16,77,1647,2001,0.0,67057.0,-0.6731090000000001,-1.037922,AZE,FRA,8429
882691,17,77,1647,2001,0.0,1793.0,-0.554955,-0.755333,BDI,FRA,8429
882692,18,77,1647,2001,195906550.0,28799186.0,1.4328370000000001,1.408495,BEL,FRA,8429
882693,19,77,1647,2001,57743.0,1319020.0,-1.09233,-0.8276969999999999,BEN,FRA,8429
882694,21,77,1647,2001,720689.0,826653.0,-0.291485,-0.20803000000000002,BFA,FRA,8429
882695,22,77,1647,2001,0.0,32024.0,-1.0406739999999999,-1.010108,BGD,FRA,8429
882696,23,77,1647,2001,0.0,1594898.0,0.41425100000000004,1.639866,BGR,FRA,8429
882697,24,77,1647,2001,0.0,230767.0,-0.11008399999999999,-1.053611,BHR,FRA,8429
882698,26,77,1647,2001,0.0,107551.0,0.238083,0.362643,BIH,FRA,8429
882699,28,77,1647,2001,0.0,87429.0,0.804404,0.936773,BLR,FRA,8429
882700,31,77,1647,2001,0.0,159702.0,-0.680108,-0.678143,BOL,FRA,8429
882701,32,77,1647,2001,11322336.0,1967847.0,0.672496,1.051848,BRA,FRA,8429
882702,33,77,1647,2001,0.0,67557.0,0.725546,0.172345,BRB,FRA,8429
882703,37,77,1647,2001,0.0,120388.0,-0.42690100000000003,-1.081372,BWA,FRA,8429
882704,38,77,1647,2001,5066.0,94258.0,-0.682897,-0.8083140000000001,CAF,FRA,8429
882705,39,77,1647,2001,943717.0,12872694.0,0.971827,1.105171,CAN,FRA,8429
882706,41,77,1647,2001,8942161.0,23851538.0,2.227246,0.553956,CHE,FRA,8429
882707,42,77,1647,2001,0.0,336890.0,-0.004658,-0.002548,CHL,FRA,8429
882708,43,77,1647,2001,0.0,460583.0,0.525171,3.092963,CHN,FRA,8429
882709,44,77,1647,2001,93963.0,630801.0,-0.715949,-0.524428,CIV,FRA,8429
882710,45,77,1647,2001,0.0,3571150.0,-1.6254879999999998,-1.212513,CMR,FRA,8429
882711,47,77,1647,2001,0.0,1561796.0,-1.482788,-1.172,COG,FRA,8429
882712,49,77,1647,2001,0.0,882807.0,0.30412,0.395913,COL,FRA,8429
882713,50,77,1647,2001,0.0,32240.0,-0.24810700000000002,-0.832764,COM,FRA,8429
882714,51,77,1647,2001,0.0,23114.0,0.063802,-0.456617,CPV,FRA,8429
882715,52,77,1647,2001,61206.0,0.0,0.069458,-0.042793,CRI,FRA,8429
882716,54,77,1647,2001,0.0,502024.0,-0.443391,-0.9599030000000001,CUB,FRA,8429
882717,58,77,1647,2001,210143.0,912357.0,0.381251,0.257802,CYP,FRA,8429
882718,59,77,1647,2001,327910.0,3979582.0,1.485703,1.109305,CZE,FRA,8429
882719,61,77,1647,2001,182897843.0,169475494.0,2.321375,-2.1110990000000003,DEU,FRA,8429
882720,62,77,1647,2001,0.0,194702.0,0.143467,0.14288599999999999,DJI,FRA,8429
882721,63,77,1647,2001,0.0,36162.0,0.613251,0.226998,DMA,FRA,8429
882722,64,77,1647,2001,2184723.0,11745003.0,1.261883,1.351875,DNK,FRA,8429
882723,65,77,1647,2001,0.0,520754.0,-0.538419,-0.48773900000000003,DOM,FRA,8429
882724,66,77,1647,2001,0.0,22806704.0,-0.663363,-1.158295,DZA,FRA,8429
882725,67,77,1647,2001,0.0,280917.0,-0.852642,-0.896374,ECU,FRA,8429
882726,68,77,1647,2001,72645.0,2957743.0,-0.373576,0.366385,EGY,FRA,8429
882727,71,77,1647,2001,2860469.0,64820007.0,1.079664,1.9842220000000002,ESP,FRA,8429
882728,72,77,1647,2001,1928.0,418349.0,0.5746829999999999,0.9073899999999999,EST,FRA,8429
882729,73,77,1647,2001,0.0,258660.0,-0.999149,-0.904072,ETH,FRA,8429
882730,74,77,1647,2001,751150.0,4950376.0,2.069141,0.9375180000000001,FIN,FRA,8429
882731,78,77,1647,2001,0.0,14329.0,-1.004972,-0.9456030000000001,FRO,FRA,8429
882732,80,77,1647,2001,0.0,4491024.0,-1.063007,-1.181284,GAB,FRA,8429
882733,81,77,1647,2001,171453822.0,89414057.0,1.976894,0.685435,GBR,FRA,8429
882734,83,77,1647,2001,0.0,665148.0,-0.961067,-0.780449,GHA,FRA,8429
882735,85,77,1647,2001,42325.0,447708.0,-1.5380340000000001,-1.200083,GIN,FRA,8429
882736,87,77,1647,2001,0.0,51497.0,-0.160182,-0.24737399999999998,GMB,FRA,8429
882737,89,77,1647,2001,0.0,183101.0,-2.0882959999999997,-0.921539,GNQ,FRA,8429
882738,90,77,1647,2001,271092.0,4447017.0,0.31387600000000004,1.3614600000000001,GRC,FRA,8429
882739,91,77,1647,2001,0.0,92414.0,-0.007888,-0.518167,GRD,FRA,8429
882740,93,77,1647,2001,0.0,83709.0,-0.5089520000000001,0.216677,GTM,FRA,8429
882741,95,77,1647,2001,0.0,92301.0,-0.228818,-0.8545719999999999,GUM,FRA,8429
882742,97,77,1647,2001,36846.0,226644.0,0.521528,2.3025,HKG,FRA,8429
882743,100,77,1647,2001,473605.0,835738.0,0.544596,0.969535,HRV,FRA,8429
882744,102,77,1647,2001,0.0,650062.0,1.102262,1.138016,HUN,FRA,8429
882745,103,77,1647,2001,0.0,2636594.0,-0.167771,1.6587889999999998,IDN,FRA,8429
882746,104,77,1647,2001,0.0,910819.0,0.349744,2.665844,IND,FRA,8429
882747,106,77,1647,2001,118319.0,637834.0,1.664233,0.129983,IRL,FRA,8429
882748,107,77,1647,2001,0.0,563520.0,-0.7732479999999999,-0.8979370000000001,IRN,FRA,8429
882749,108,77,1647,2001,0.0,25038085.0,-1.115465,-0.883028,IRQ,FRA,8429
882750,109,77,1647,2001,0.0,412969.0,0.032382999999999995,-0.51054,ISL,FRA,8429
882751,110,77,1647,2001,31914.0,3001610.0,1.374873,0.775594,ISR,FRA,8429
882752,111,77,1647,2001,92721591.0,118709772.0,1.389926,1.282143,ITA,FRA,8429
882753,112,77,1647,2001,0.0,1010088.0,-0.541582,-0.837248,JAM,FRA,8429
882754,113,77,1647,2001,0.0,601000.0,0.375134,0.581558,JOR,FRA,8429
882755,114,77,1647,2001,61676668.0,1311425.0,2.585857,0.522663,JPN,FRA,8429
882756,115,77,1647,2001,0.0,181306.0,0.009714,-0.525899,KAZ,FRA,8429
882757,116,77,1647,2001,0.0,100237.0,-0.529388,0.092271,KEN,FRA,8429
882758,121,77,1647,2001,4235919.0,613581.0,1.145797,1.0762399999999999,KOR,FRA,8429
882759,122,77,1647,2001,0.0,35335.0,-0.8197,-1.183758,KWT,FRA,8429
882760,124,77,1647,2001,147311.0,1226067.0,0.165355,0.988008,LBN,FRA,8429
882761,126,77,1647,2001,0.0,2025853.0,-0.9321459999999999,-1.198124,LBY,FRA,8429
882762,127,77,1647,2001,0.0,30752.0,0.004518,-0.5326770000000001,LCA,FRA,8429
882763,128,77,1647,2001,0.0,55942.0,-0.722434,-0.033818,LKA,FRA,8429
882764,130,77,1647,2001,0.0,181098.0,0.15706900000000001,0.416663,LTU,FRA,8429
882765,131,77,1647,2001,330072.0,3850988.0,1.470895,1.149007,LUX,FRA,8429
882766,132,77,1647,2001,0.0,569008.0,0.404136,0.461009,LVA,FRA,8429
882767,134,77,1647,2001,52517.0,10518928.0,-0.75275,-0.280397,MAR,FRA,8429
882768,136,77,1647,2001,0.0,497217.0,-1.247531,-0.637093,MDG,FRA,8429
882769,138,77,1647,2001,0.0,2810915.0,0.797058,0.713234,MEX,FRA,8429
882770,140,77,1647,2001,0.0,5463.0,0.033097,0.43516499999999997,MKD,FRA,8429
882771,141,77,1647,2001,317145.0,5203258.0,-0.40341,-0.626402,MLI,FRA,8429
882772,143,77,1647,2001,0.0,10386.0,-1.5627,-1.150854,MMR,FRA,8429
882773,145,77,1647,2001,0.0,32501.0,-0.691001,-0.9284180000000001,MNG,FRA,8429
882774,147,77,1647,2001,0.0,268954.0,-1.2364879999999998,-1.136715,MOZ,FRA,8429
882775,148,77,1647,2001,0.0,960050.0,-1.187271,-1.240445,MRT,FRA,8429
882776,151,77,1647,2001,443855.0,364392.0,-0.410422,-0.5868369999999999,MUS,FRA,8429
882777,152,77,1647,2001,0.0,159893.0,-1.388716,-1.116315,MWI,FRA,8429
882778,153,77,1647,2001,0.0,558478.0,0.768174,0.307033,MYS,FRA,8429
882779,154,77,1647,2001,0.0,519896.0,1.4633260000000001,-0.114532,MYT,FRA,8429
882780,156,77,1647,2001,0.0,3360461.0,-0.837087,-0.9207040000000001,NCL,FRA,8429
882781,157,77,1647,2001,0.0,401145.0,-0.22368600000000002,-0.464156,NER,FRA,8429
882782,159,77,1647,2001,0.0,5173527.0,-1.966439,-1.2724520000000001,NGA,FRA,8429
882783,160,77,1647,2001,0.0,2208.0,-0.8917430000000001,-0.713179,NIC,FRA,8429
882784,162,77,1647,2001,11348339.0,24898921.0,1.315685,1.590935,NLD,FRA,8429
882785,163,77,1647,2001,78051.0,3978118.0,0.974814,0.06512000000000001,NOR,FRA,8429
882786,166,77,1647,2001,0.0,1169691.0,0.521409,0.683134,NZL,FRA,8429
882787,167,77,1647,2001,0.0,386461.0,-0.909329,-1.189698,OMN,FRA,8429
882788,169,77,1647,2001,0.0,103014.0,0.17588199999999998,0.422505,PAN,FRA,8429
882789,173,77,1647,2001,114267.0,425693.0,-0.345519,0.202623,PER,FRA,8429
882790,174,77,1647,2001,1124780.0,263111.0,-0.028201,-0.112349,PHL,FRA,8429
882791,176,77,1647,2001,0.0,5503.0,-1.503929,-1.199463,PNG,FRA,8429
882792,177,77,1647,2001,333051.0,3642267.0,0.9474540000000001,1.8408220000000002,POL,FRA,8429
882793,179,77,1647,2001,119005.0,30417169.0,0.482048,1.662123,PRT,FRA,8429
882794,180,77,1647,2001,0.0,3809.0,-0.68893,-0.9326690000000001,PRY,FRA,8429
882795,181,77,1647,2001,0.0,75278.0,0.60735,-0.027356000000000002,PSE,FRA,8429
882796,182,77,1647,2001,0.0,3179007.0,-0.005456,-0.7210770000000001,PYF,FRA,8429
882797,183,77,1647,2001,0.0,391329.0,-0.46564799999999995,-1.127634,QAT,FRA,8429
882798,185,77,1647,2001,0.0,763266.0,0.326733,1.005332,ROU,FRA,8429
882799,186,77,1647,2001,437743.0,4146387.0,0.945816,0.35027600000000003,RUS,FRA,8429
882800,188,77,1647,2001,0.0,7253687.0,0.5370550000000001,-0.793469,SAU,FRA,8429
882801,189,77,1647,2001,0.0,1014813.0,0.45280200000000004,2.469852,SCG,FRA,8429
882802,190,77,1647,2001,0.0,1575373.0,-1.6325180000000001,-1.263267,SDN,FRA,8429
882803,191,77,1647,2001,55033.0,2410108.0,-0.437779,-0.436654,SEN,FRA,8429
882804,192,77,1647,2001,0.0,7916448.0,1.364239,0.721074,SGP,FRA,8429
882805,205,77,1647,2001,0.0,42157.0,-0.650556,-0.801128,SUR,FRA,8429
882806,206,77,1647,2001,0.0,839881.0,1.1732770000000001,1.088576,SVK,FRA,8429
882807,207,77,1647,2001,0.0,639155.0,1.5074370000000001,1.1370040000000001,SVN,FRA,8429
882808,208,77,1647,2001,46353500.0,10831734.0,2.156845,0.784439,SWE,FRA,8429
882809,212,77,1647,2001,0.0,658504.0,-1.057217,-0.716331,SYR,FRA,8429
882810,214,77,1647,2001,0.0,3830180.0,-0.655004,-0.872215,TCD,FRA,8429
882811,215,77,1647,2001,45437.0,747406.0,-0.758725,-0.577004,TGO,FRA,8429
882812,216,77,1647,2001,0.0,507868.0,0.37555900000000003,1.498267,THA,FRA,8429
882813,219,77,1647,2001,0.0,196230.0,-1.24627,-1.2760209999999998,TKM,FRA,8429
882814,222,77,1647,2001,0.0,99208.0,0.178256,-0.709126,TTO,FRA,8429
882815,223,77,1647,2001,0.0,8380152.0,-0.162152,0.23939699999999997,TUN,FRA,8429
882816,224,77,1647,2001,181572.0,5059333.0,0.188773,1.91451,TUR,FRA,8429
882817,226,77,1647,2001,0.0,1897939.0,-1.193991,-0.49282200000000004,TZA,FRA,8429
882818,228,77,1647,2001,0.0,105988.0,0.8376969999999999,0.989059,UKR,FRA,8429
882819,230,77,1647,2001,0.0,115878.0,0.36029,0.298869,URY,FRA,8429
882820,231,77,1647,2001,37534726.0,208883273.0,1.873674,0.168468,USA,FRA,8429
882821,232,77,1647,2001,0.0,114644.0,-0.395913,-0.6454449999999999,UZB,FRA,8429
882822,236,77,1647,2001,100536.0,268886.0,0.261158,-0.7397,VEN,FRA,8429
882823,239,77,1647,2001,26098.0,1140477.0,-0.6692130000000001,0.610992,VNM,FRA,8429
882824,241,77,1647,2001,0.0,21955.0,0.934326,-0.724379,WLF,FRA,8429
882825,243,77,1647,2001,0.0,66277.0,-1.465154,-1.261615,YEM,FRA,8429
882826,246,77,1647,2001,0.0,18814208.0,0.356842,2.006155,ZAF,FRA,8429
882827,248,77,1647,2001,0.0,44590.0,-0.6321829999999999,-0.453671,ZWE,FRA,8429
882828,249,77,1647,2001,0.0,546521.0,1.5731700000000002,1.353159,TWN,FRA,8429
882829,250,77,1647,2001,69500.0,0.0,1.096023,-0.33562600000000004,ANS,FRA,8429
882830,2,81,1647,2001,0.0,1194299.0,-1.523823,-1.214093,AGO,GBR,8429
882831,3,81,1647,2001,0.0,37889.0,1.1659469999999998,0.12369000000000001,AIA,GBR,8429
882832,4,81,1647,2001,0.0,51209.0,-0.054125,0.104298,ALB,GBR,8429
882833,7,81,1647,2001,32962.0,7936724.0,-0.193984,-0.457124,ARE,GBR,8429
882834,8,81,1647,2001,288825.0,1054345.0,0.287698,0.547137,ARG,GBR,8429
882835,13,81,1647,2001,0.0,100861.0,-0.036838,-0.6593600000000001,ATG,GBR,8429
882836,14,81,1647,2001,310607.0,15634067.0,0.29463,0.772375,AUS,GBR,8429
882837,15,81,1647,2001,12154058.0,31844800.0,1.8571650000000002,0.603191,AUT,GBR,8429
882838,16,81,1647,2001,0.0,240302.0,-0.6731090000000001,-1.037922,AZE,GBR,8429
882839,18,81,1647,2001,105185123.0,19729311.0,1.4328370000000001,1.408495,BEL,GBR,8429
882840,19,81,1647,2001,0.0,175276.0,-1.09233,-0.8276969999999999,BEN,GBR,8429
882841,21,81,1647,2001,0.0,55963.0,-0.291485,-0.20803000000000002,BFA,GBR,8429
882842,22,81,1647,2001,0.0,199931.0,-1.0406739999999999,-1.010108,BGD,GBR,8429
882843,23,81,1647,2001,0.0,452106.0,0.41425100000000004,1.639866,BGR,GBR,8429
882844,24,81,1647,2001,0.0,741225.0,-0.11008399999999999,-1.053611,BHR,GBR,8429
882845,25,81,1647,2001,0.0,31490.0,0.803267,-0.071853,BHS,GBR,8429
882846,26,81,1647,2001,0.0,140650.0,0.238083,0.362643,BIH,GBR,8429
882847,29,81,1647,2001,0.0,331930.0,-0.297981,-0.695022,BLZ,GBR,8429
882848,31,81,1647,2001,0.0,239779.0,-0.680108,-0.678143,BOL,GBR,8429
882849,32,81,1647,2001,2407670.0,5935681.0,0.672496,1.051848,BRA,GBR,8429
882850,33,81,1647,2001,0.0,662951.0,0.725546,0.172345,BRB,GBR,8429
882851,35,81,1647,2001,0.0,125599.0,0.380727,-0.529766,BTN,GBR,8429
882852,37,81,1647,2001,0.0,791698.0,-0.42690100000000003,-1.081372,BWA,GBR,8429
882853,39,81,1647,2001,589151.0,1071966.0,0.971827,1.105171,CAN,GBR,8429
882854,41,81,1647,2001,433096.0,10315377.0,2.227246,0.553956,CHE,GBR,8429
882855,42,81,1647,2001,80992.0,827569.0,-0.004658,-0.002548,CHL,GBR,8429
882856,43,81,1647,2001,164457.0,768468.0,0.525171,3.092963,CHN,GBR,8429
882857,44,81,1647,2001,0.0,33427.0,-0.715949,-0.524428,CIV,GBR,8429
882858,45,81,1647,2001,0.0,1560246.0,-1.6254879999999998,-1.212513,CMR,GBR,8429
882859,46,81,1647,2001,0.0,182971.0,-1.421643,-1.154007,COD,GBR,8429
882860,47,81,1647,2001,0.0,66989.0,-1.482788,-1.172,COG,GBR,8429
882861,49,81,1647,2001,0.0,244358.0,0.30412,0.395913,COL,GBR,8429
882862,51,81,1647,2001,0.0,18221.0,0.063802,-0.456617,CPV,GBR,8429
882863,52,81,1647,2001,0.0,332794.0,0.069458,-0.042793,CRI,GBR,8429
882864,58,81,1647,2001,278701.0,2897570.0,0.381251,0.257802,CYP,GBR,8429
882865,59,81,1647,2001,705378.0,16710388.0,1.485703,1.109305,CZE,GBR,8429
882866,61,81,1647,2001,107451937.0,103916918.0,2.321375,-2.1110990000000003,DEU,GBR,8429
882867,63,81,1647,2001,0.0,421143.0,0.613251,0.226998,DMA,GBR,8429
882868,64,81,1647,2001,4743968.0,19022650.0,1.261883,1.351875,DNK,GBR,8429
882869,65,81,1647,2001,0.0,250624.0,-0.538419,-0.48773900000000003,DOM,GBR,8429
882870,66,81,1647,2001,0.0,1954396.0,-0.663363,-1.158295,DZA,GBR,8429
882871,67,81,1647,2001,0.0,288246.0,-0.852642,-0.896374,ECU,GBR,8429
882872,68,81,1647,2001,0.0,707378.0,-0.373576,0.366385,EGY,GBR,8429
882873,71,81,1647,2001,658694.0,104129929.0,1.079664,1.9842220000000002,ESP,GBR,8429
882874,72,81,1647,2001,0.0,1525932.0,0.5746829999999999,0.9073899999999999,EST,GBR,8429
882875,73,81,1647,2001,0.0,246282.0,-0.999149,-0.904072,ETH,GBR,8429
882876,74,81,1647,2001,2457340.0,13709038.0,2.069141,0.9375180000000001,FIN,GBR,8429
882877,77,81,1647,2001,89414057.0,171453822.0,1.653507,0.797582,FRA,GBR,8429
882878,78,81,1647,2001,36620.0,258644.0,-1.004972,-0.9456030000000001,FRO,GBR,8429
882879,80,81,1647,2001,0.0,380154.0,-1.063007,-1.181284,GAB,GBR,8429
882880,82,81,1647,2001,0.0,40740.0,0.585568,-0.047744999999999996,GEO,GBR,8429
882881,83,81,1647,2001,2505.0,300726.0,-0.961067,-0.780449,GHA,GBR,8429
882882,84,81,1647,2001,0.0,89121.0,0.5955739999999999,-0.39100799999999997,GIB,GBR,8429
882883,87,81,1647,2001,0.0,8772.0,-0.160182,-0.24737399999999998,GMB,GBR,8429
882884,90,81,1647,2001,226310.0,8313661.0,0.31387600000000004,1.3614600000000001,GRC,GBR,8429
882885,91,81,1647,2001,69141.0,209643.0,-0.007888,-0.518167,GRD,GBR,8429
882886,93,81,1647,2001,0.0,159122.0,-0.5089520000000001,0.216677,GTM,GBR,8429
882887,95,81,1647,2001,0.0,43216.0,-0.228818,-0.8545719999999999,GUM,GBR,8429
882888,96,81,1647,2001,0.0,853240.0,-0.955816,-0.8593069999999999,GUY,GBR,8429
882889,97,81,1647,2001,174670.0,607822.0,0.521528,2.3025,HKG,GBR,8429
882890,99,81,1647,2001,0.0,244135.0,-0.8003060000000001,-0.602097,HND,GBR,8429
882891,100,81,1647,2001,0.0,3479084.0,0.544596,0.969535,HRV,GBR,8429
882892,102,81,1647,2001,0.0,9929181.0,1.102262,1.138016,HUN,GBR,8429
882893,103,81,1647,2001,1903916.0,543655.0,-0.167771,1.6587889999999998,IDN,GBR,8429
882894,104,81,1647,2001,84809.0,1205951.0,0.349744,2.665844,IND,GBR,8429
882895,106,81,1647,2001,11272855.0,111565157.0,1.664233,0.129983,IRL,GBR,8429
882896,107,81,1647,2001,0.0,283205.0,-0.7732479999999999,-0.8979370000000001,IRN,GBR,8429
882897,109,81,1647,2001,29382.0,2243063.0,0.032382999999999995,-0.51054,ISL,GBR,8429
882898,110,81,1647,2001,6828.0,9646143.0,1.374873,0.775594,ISR,GBR,8429
882899,111,81,1647,2001,60906910.0,133804896.0,1.389926,1.282143,ITA,GBR,8429
882900,112,81,1647,2001,0.0,736261.0,-0.541582,-0.837248,JAM,GBR,8429
882901,113,81,1647,2001,0.0,2928167.0,0.375134,0.581558,JOR,GBR,8429
882902,114,81,1647,2001,187328087.0,11441272.0,2.585857,0.522663,JPN,GBR,8429
882903,115,81,1647,2001,0.0,178727.0,0.009714,-0.525899,KAZ,GBR,8429
882904,116,81,1647,2001,0.0,766281.0,-0.529388,0.092271,KEN,GBR,8429
882905,120,81,1647,2001,0.0,161168.0,0.612222,-0.440733,KNA,GBR,8429
882906,121,81,1647,2001,42256594.0,498787.0,1.145797,1.0762399999999999,KOR,GBR,8429
882907,122,81,1647,2001,0.0,3241584.0,-0.8197,-1.183758,KWT,GBR,8429
882908,123,81,1647,2001,0.0,284805.0,-1.298653,-1.164605,LAO,GBR,8429
882909,124,81,1647,2001,0.0,865397.0,0.165355,0.988008,LBN,GBR,8429
882910,125,81,1647,2001,0.0,124592.0,-0.49036,-1.126565,LBR,GBR,8429
882911,126,81,1647,2001,0.0,1748372.0,-0.9321459999999999,-1.198124,LBY,GBR,8429
882912,127,81,1647,2001,222432.0,332803.0,0.004518,-0.5326770000000001,LCA,GBR,8429
882913,128,81,1647,2001,0.0,1020184.0,-0.722434,-0.033818,LKA,GBR,8429
882914,130,81,1647,2001,0.0,58027.0,0.15706900000000001,0.416663,LTU,GBR,8429
882915,131,81,1647,2001,129486.0,93677.0,1.470895,1.149007,LUX,GBR,8429
882916,132,81,1647,2001,0.0,435856.0,0.404136,0.461009,LVA,GBR,8429
882917,133,81,1647,2001,0.0,193418.0,-0.608406,-0.521662,MAC,GBR,8429
882918,134,81,1647,2001,0.0,1474257.0,-0.75275,-0.280397,MAR,GBR,8429
882919,135,81,1647,2001,0.0,6732.0,-0.024822,-0.15323399999999998,MDA,GBR,8429
882920,136,81,1647,2001,0.0,114847.0,-1.247531,-0.637093,MDG,GBR,8429
882921,138,81,1647,2001,1842.0,4207341.0,0.797058,0.713234,MEX,GBR,8429
882922,140,81,1647,2001,0.0,110866.0,0.033097,0.43516499999999997,MKD,GBR,8429
882923,141,81,1647,2001,0.0,209910.0,-0.40341,-0.626402,MLI,GBR,8429
882924,142,81,1647,2001,0.0,143267.0,1.065032,-0.065239,MLT,GBR,8429
882925,143,81,1647,2001,0.0,8850.0,-1.5627,-1.150854,MMR,GBR,8429
882926,147,81,1647,2001,0.0,74015.0,-1.2364879999999998,-1.136715,MOZ,GBR,8429
882927,148,81,1647,2001,0.0,107481.0,-1.187271,-1.240445,MRT,GBR,8429
882928,149,81,1647,2001,0.0,84626.0,0.796292,-0.431771,MSR,GBR,8429
882929,151,81,1647,2001,0.0,1028475.0,-0.410422,-0.5868369999999999,MUS,GBR,8429
882930,152,81,1647,2001,0.0,66022.0,-1.388716,-1.116315,MWI,GBR,8429
882931,153,81,1647,2001,426772.0,1824879.0,0.768174,0.307033,MYS,GBR,8429
882932,154,81,1647,2001,0.0,60329.0,1.4633260000000001,-0.114532,MYT,GBR,8429
882933,155,81,1647,2001,0.0,58813.0,-0.625912,-0.854247,NAM,GBR,8429
882934,156,81,1647,2001,0.0,541240.0,-0.837087,-0.9207040000000001,NCL,GBR,8429
882935,159,81,1647,2001,3855.0,7092716.0,-1.966439,-1.2724520000000001,NGA,GBR,8429
882936,160,81,1647,2001,0.0,139253.0,-0.8917430000000001,-0.713179,NIC,GBR,8429
882937,162,81,1647,2001,33804010.0,62710442.0,1.315685,1.590935,NLD,GBR,8429
882938,163,81,1647,2001,517055.0,13916219.0,0.974814,0.06512000000000001,NOR,GBR,8429
882939,166,81,1647,2001,0.0,1505259.0,0.521409,0.683134,NZL,GBR,8429
882940,167,81,1647,2001,0.0,3531343.0,-0.909329,-1.189698,OMN,GBR,8429
882941,168,81,1647,2001,0.0,26514.0,-0.8376520000000001,-0.378743,PAK,GBR,8429
882942,169,81,1647,2001,0.0,114767.0,0.17588199999999998,0.422505,PAN,GBR,8429
882943,173,81,1647,2001,0.0,486881.0,-0.345519,0.202623,PER,GBR,8429
882944,174,81,1647,2001,0.0,942430.0,-0.028201,-0.112349,PHL,GBR,8429
882945,176,81,1647,2001,0.0,79294.0,-1.503929,-1.199463,PNG,GBR,8429
882946,177,81,1647,2001,2430595.0,15289164.0,0.9474540000000001,1.8408220000000002,POL,GBR,8429
882947,179,81,1647,2001,0.0,49397447.0,0.482048,1.662123,PRT,GBR,8429
882948,180,81,1647,2001,0.0,126098.0,-0.68893,-0.9326690000000001,PRY,GBR,8429
882949,182,81,1647,2001,0.0,612371.0,-0.005456,-0.7210770000000001,PYF,GBR,8429
882950,183,81,1647,2001,0.0,1358437.0,-0.46564799999999995,-1.127634,QAT,GBR,8429
882951,185,81,1647,2001,67476.0,2011282.0,0.326733,1.005332,ROU,GBR,8429
882952,186,81,1647,2001,171788.0,5128706.0,0.945816,0.35027600000000003,RUS,GBR,8429
882953,188,81,1647,2001,0.0,11303465.0,0.5370550000000001,-0.793469,SAU,GBR,8429
882954,189,81,1647,2001,0.0,271673.0,0.45280200000000004,2.469852,SCG,GBR,8429
882955,190,81,1647,2001,0.0,788420.0,-1.6325180000000001,-1.263267,SDN,GBR,8429
882956,191,81,1647,2001,0.0,58662.0,-0.437779,-0.436654,SEN,GBR,8429
882957,192,81,1647,2001,1706047.0,3182717.0,1.364239,0.721074,SGP,GBR,8429
882958,196,81,1647,2001,0.0,1238993.0,0.331949,0.186253,SLE,GBR,8429
882959,197,81,1647,2001,0.0,60622.0,-0.181554,-0.031294,SLV,GBR,8429
882960,205,81,1647,2001,0.0,85270.0,-0.650556,-0.801128,SUR,GBR,8429
882961,206,81,1647,2001,0.0,3926803.0,1.1732770000000001,1.088576,SVK,GBR,8429
882962,207,81,1647,2001,2016.0,2304268.0,1.5074370000000001,1.1370040000000001,SVN,GBR,8429
882963,208,81,1647,2001,27584081.0,16203953.0,2.156845,0.784439,SWE,GBR,8429
882964,209,81,1647,2001,0.0,95952.0,0.372699,-0.287132,SWZ,GBR,8429
882965,211,81,1647,2001,0.0,101877.0,0.065059,-0.7806489999999999,SYC,GBR,8429
882966,212,81,1647,2001,0.0,317126.0,-1.057217,-0.716331,SYR,GBR,8429
882967,215,81,1647,2001,0.0,153089.0,-0.758725,-0.577004,TGO,GBR,8429
882968,216,81,1647,2001,529859.0,1579594.0,0.37555900000000003,1.498267,THA,GBR,8429
882969,222,81,1647,2001,0.0,2062864.0,0.178256,-0.709126,TTO,GBR,8429
882970,223,81,1647,2001,0.0,5849931.0,-0.162152,0.23939699999999997,TUN,GBR,8429
882971,224,81,1647,2001,323041.0,9076862.0,0.188773,1.91451,TUR,GBR,8429
882972,226,81,1647,2001,0.0,453931.0,-1.193991,-0.49282200000000004,TZA,GBR,8429
882973,227,81,1647,2001,0.0,395797.0,-0.9694860000000001,-0.840592,UGA,GBR,8429
882974,228,81,1647,2001,0.0,661321.0,0.8376969999999999,0.989059,UKR,GBR,8429
882975,230,81,1647,2001,0.0,682309.0,0.36029,0.298869,URY,GBR,8429
882976,231,81,1647,2001,30202440.0,131993032.0,1.873674,0.168468,USA,GBR,8429
882977,234,81,1647,2001,0.0,40172.0,-0.5042,-0.7987609999999999,VCT,GBR,8429
882978,236,81,1647,2001,0.0,1052095.0,0.261158,-0.7397,VEN,GBR,8429
882979,239,81,1647,2001,0.0,304042.0,-0.6692130000000001,0.610992,VNM,GBR,8429
882980,243,81,1647,2001,0.0,284184.0,-1.465154,-1.261615,YEM,GBR,8429
882981,246,81,1647,2001,67405.0,13616086.0,0.356842,2.006155,ZAF,GBR,8429
882982,247,81,1647,2001,0.0,302331.0,-0.731193,-0.706978,ZMB,GBR,8429
882983,248,81,1647,2001,0.0,824137.0,-0.6321829999999999,-0.453671,ZWE,GBR,8429
882984,249,81,1647,2001,257934.0,192119.0,1.5731700000000002,1.353159,TWN,GBR,8429
882985,4,90,1647,2001,1177915.0,708549.0,-0.054125,0.104298,ALB,GRC,8429
882986,7,90,1647,2001,4408.0,0.0,-0.193984,-0.457124,ARE,GRC,8429
882987,15,90,1647,2001,1286634.0,14359.0,1.8571650000000002,0.603191,AUT,GRC,8429
882988,18,90,1647,2001,4759338.0,0.0,1.4328370000000001,1.408495,BEL,GRC,8429
882989,23,90,1647,2001,7055.0,345505.0,0.41425100000000004,1.639866,BGR,GRC,8429
882990,32,90,1647,2001,830404.0,0.0,0.672496,1.051848,BRA,GRC,8429
882991,39,90,1647,2001,167156.0,0.0,0.971827,1.105171,CAN,GRC,8429
882992,41,90,1647,2001,1515217.0,0.0,2.227246,0.553956,CHE,GRC,8429
882993,43,90,1647,2001,187622.0,0.0,0.525171,3.092963,CHN,GRC,8429
882994,58,90,1647,2001,96553.0,5568131.0,0.381251,0.257802,CYP,GRC,8429
882995,61,90,1647,2001,14921548.0,155573.0,2.321375,-2.1110990000000003,DEU,GRC,8429
882996,64,90,1647,2001,144479.0,0.0,1.261883,1.351875,DNK,GRC,8429
882997,71,90,1647,2001,129009.0,4482.0,1.079664,1.9842220000000002,ESP,GRC,8429
882998,73,90,1647,2001,0.0,47741.0,-0.999149,-0.904072,ETH,GRC,8429
882999,74,90,1647,2001,202134.0,0.0,2.069141,0.9375180000000001,FIN,GRC,8429
883000,77,90,1647,2001,4447017.0,271092.0,1.653507,0.797582,FRA,GRC,8429
883001,81,90,1647,2001,8313661.0,226310.0,1.976894,0.685435,GBR,GRC,8429
883002,82,90,1647,2001,0.0,11546.0,0.585568,-0.047744999999999996,GEO,GRC,8429
883003,103,90,1647,2001,0.0,1334001.0,-0.167771,1.6587889999999998,IDN,GRC,8429
883004,110,90,1647,2001,109039.0,27366.0,1.374873,0.775594,ISR,GRC,8429
883005,111,90,1647,2001,6515202.0,72385.0,1.389926,1.282143,ITA,GRC,8429
883006,113,90,1647,2001,0.0,27912.0,0.375134,0.581558,JOR,GRC,8429
883007,114,90,1647,2001,3634868.0,0.0,2.585857,0.522663,JPN,GRC,8429
883008,124,90,1647,2001,0.0,68452.0,0.165355,0.988008,LBN,GRC,8429
883009,126,90,1647,2001,0.0,76307.0,-0.9321459999999999,-1.198124,LBY,GRC,8429
883010,140,90,1647,2001,622331.0,1796887.0,0.033097,0.43516499999999997,MKD,GRC,8429
883011,162,90,1647,2001,2145374.0,4201.0,1.315685,1.590935,NLD,GRC,8429
883012,163,90,1647,2001,626844.0,0.0,0.974814,0.06512000000000001,NOR,GRC,8429
883013,177,90,1647,2001,147302.0,0.0,0.9474540000000001,1.8408220000000002,POL,GRC,8429
883014,179,90,1647,2001,262161.0,0.0,0.482048,1.662123,PRT,GRC,8429
883015,185,90,1647,2001,9499.0,135260.0,0.326733,1.005332,ROU,GRC,8429
883016,186,90,1647,2001,16365.0,0.0,0.945816,0.35027600000000003,RUS,GRC,8429
883017,189,90,1647,2001,0.0,103747.0,0.45280200000000004,2.469852,SCG,GRC,8429
883018,190,90,1647,2001,0.0,18381.0,-1.6325180000000001,-1.263267,SDN,GRC,8429
883019,206,90,1647,2001,24558.0,0.0,1.1732770000000001,1.088576,SVK,GRC,8429
883020,208,90,1647,2001,1444820.0,43263.0,2.156845,0.784439,SWE,GRC,8429
883021,224,90,1647,2001,15986.0,0.0,0.188773,1.91451,TUR,GRC,8429
883022,231,90,1647,2001,1354616.0,0.0,1.873674,0.168468,USA,GRC,8429
883023,236,90,1647,2001,0.0,14666.0,0.261158,-0.7397,VEN,GRC,8429
883024,18,93,1647,2001,244920.0,0.0,1.4328370000000001,1.408495,BEL,GTM,8429
883025,29,93,1647,2001,11945.0,0.0,-0.297981,-0.695022,BLZ,GTM,8429
883026,32,93,1647,2001,3724440.0,0.0,0.672496,1.051848,BRA,GTM,8429
883027,39,93,1647,2001,30977.0,0.0,0.971827,1.105171,CAN,GTM,8429
883028,43,93,1647,2001,7646.0,0.0,0.525171,3.092963,CHN,GTM,8429
883029,52,93,1647,2001,788239.0,63562.0,0.069458,-0.042793,CRI,GTM,8429
883030,59,93,1647,2001,12336.0,0.0,1.485703,1.109305,CZE,GTM,8429
883031,61,93,1647,2001,777233.0,0.0,2.321375,-2.1110990000000003,DEU,GTM,8429
883032,77,93,1647,2001,83709.0,0.0,1.653507,0.797582,FRA,GTM,8429
883033,81,93,1647,2001,159122.0,0.0,1.976894,0.685435,GBR,GTM,8429
883034,99,93,1647,2001,276097.0,0.0,-0.8003060000000001,-0.602097,HND,GTM,8429
883035,111,93,1647,2001,870735.0,0.0,1.389926,1.282143,ITA,GTM,8429
883036,114,93,1647,2001,844151.0,0.0,2.585857,0.522663,JPN,GTM,8429
883037,121,93,1647,2001,952479.0,0.0,1.145797,1.0762399999999999,KOR,GTM,8429
883038,138,93,1647,2001,70644.0,159585.0,0.797058,0.713234,MEX,GTM,8429
883039,160,93,1647,2001,11384.0,30015.0,-0.8917430000000001,-0.713179,NIC,GTM,8429
883040,169,93,1647,2001,283041.0,0.0,0.17588199999999998,0.422505,PAN,GTM,8429
883041,177,93,1647,2001,86015.0,0.0,0.9474540000000001,1.8408220000000002,POL,GTM,8429
883042,178,93,1647,2001,125797.0,0.0,0.62773,1.010888,PRK,GTM,8429
883043,197,93,1647,2001,255899.0,441360.0,-0.181554,-0.031294,SLV,GTM,8429
883044,208,93,1647,2001,48957.0,0.0,2.156845,0.784439,SWE,GTM,8429
883045,209,93,1647,2001,6242.0,0.0,0.372699,-0.287132,SWZ,GTM,8429
883046,222,93,1647,2001,11582.0,0.0,0.178256,-0.709126,TTO,GTM,8429
883047,231,93,1647,2001,10467218.0,122546.0,1.873674,0.168468,USA,GTM,8429
883048,236,93,1647,2001,5250.0,0.0,0.261158,-0.7397,VEN,GTM,8429
883049,32,96,1647,2001,100375.0,0.0,0.672496,1.051848,BRA,GUY,8429
883050,39,96,1647,2001,57417.0,0.0,0.971827,1.105171,CAN,GUY,8429
883051,61,96,1647,2001,91815.0,0.0,2.321375,-2.1110990000000003,DEU,GUY,8429
883052,81,96,1647,2001,853240.0,0.0,1.976894,0.685435,GBR,GUY,8429
883053,114,96,1647,2001,103856.0,0.0,2.585857,0.522663,JPN,GUY,8429
883054,118,96,1647,2001,533933.0,0.0,-1.231058,-1.154536,KHM,GUY,8429
883055,121,96,1647,2001,576089.0,0.0,1.145797,1.0762399999999999,KOR,GUY,8429
883056,127,96,1647,2001,0.0,58230.0,0.004518,-0.5326770000000001,LCA,GUY,8429
883057,162,96,1647,2001,15777.0,0.0,1.315685,1.590935,NLD,GUY,8429
883058,205,96,1647,2001,4743.0,0.0,-0.650556,-0.801128,SUR,GUY,8429
883059,222,96,1647,2001,69285.0,3525.0,0.178256,-0.709126,TTO,GUY,8429
883060,231,96,1647,2001,1143542.0,404442.0,1.873674,0.168468,USA,GUY,8429
883061,234,96,1647,2001,0.0,14770.0,-0.5042,-0.7987609999999999,VCT,GUY,8429
883062,7,97,1647,2001,0.0,126146.0,-0.193984,-0.457124,ARE,HKG,8429
883063,14,97,1647,2001,106932.0,266279.0,0.29463,0.772375,AUS,HKG,8429
883064,15,97,1647,2001,865832.0,0.0,1.8571650000000002,0.603191,AUT,HKG,8429
883065,18,97,1647,2001,445096.0,32480.0,1.4328370000000001,1.408495,BEL,HKG,8429
883066,39,97,1647,2001,407290.0,0.0,0.971827,1.105171,CAN,HKG,8429
883067,43,97,1647,2001,844969.0,27890554.0,0.525171,3.092963,CHN,HKG,8429
883068,45,97,1647,2001,1006.0,0.0,-1.6254879999999998,-1.212513,CMR,HKG,8429
883069,61,97,1647,2001,515535.0,0.0,2.321375,-2.1110990000000003,DEU,HKG,8429
883070,71,97,1647,2001,99063.0,0.0,1.079664,1.9842220000000002,ESP,HKG,8429
883071,74,97,1647,2001,0.0,397867.0,2.069141,0.9375180000000001,FIN,HKG,8429
883072,77,97,1647,2001,226644.0,36846.0,1.653507,0.797582,FRA,HKG,8429
883073,81,97,1647,2001,607822.0,174670.0,1.976894,0.685435,GBR,HKG,8429
883074,87,97,1647,2001,0.0,14404.0,-0.160182,-0.24737399999999998,GMB,HKG,8429
883075,103,97,1647,2001,34609.0,3750.0,-0.167771,1.6587889999999998,IDN,HKG,8429
883076,104,97,1647,2001,73591.0,0.0,0.349744,2.665844,IND,HKG,8429
883077,111,97,1647,2001,401021.0,0.0,1.389926,1.282143,ITA,HKG,8429
883078,114,97,1647,2001,251130081.0,150976.0,2.585857,0.522663,JPN,HKG,8429
883079,121,97,1647,2001,186964.0,296307.0,1.145797,1.0762399999999999,KOR,HKG,8429
883080,128,97,1647,2001,0.0,18234.0,-0.722434,-0.033818,LKA,HKG,8429
883081,133,97,1647,2001,165198.0,3364312.0,-0.608406,-0.521662,MAC,HKG,8429
883082,138,97,1647,2001,0.0,48384.0,0.797058,0.713234,MEX,HKG,8429
883083,153,97,1647,2001,29014.0,28327.0,0.768174,0.307033,MYS,HKG,8429
883084,167,97,1647,2001,0.0,68799.0,-0.909329,-1.189698,OMN,HKG,8429
883085,174,97,1647,2001,6955.0,47277.0,-0.028201,-0.112349,PHL,HKG,8429
883086,190,97,1647,2001,0.0,6212.0,-1.6325180000000001,-1.263267,SDN,HKG,8429
883087,192,97,1647,2001,1161129.0,400704.0,1.364239,0.721074,SGP,HKG,8429
883088,208,97,1647,2001,334693.0,0.0,2.156845,0.784439,SWE,HKG,8429
883089,216,97,1647,2001,1876574.0,181266.0,0.37555900000000003,1.498267,THA,HKG,8429
883090,222,97,1647,2001,0.0,3149.0,0.178256,-0.709126,TTO,HKG,8429
883091,231,97,1647,2001,3826828.0,2155997.0,1.873674,0.168468,USA,HKG,8429
883092,239,97,1647,2001,330074.0,259027.0,-0.6692130000000001,0.610992,VNM,HKG,8429
883093,249,97,1647,2001,587364.0,52577.0,1.5731700000000002,1.353159,TWN,HKG,8429
883094,7,103,1647,2001,0.0,396693.0,-0.193984,-0.457124,ARE,IDN,8429
883095,10,103,1647,2001,2777.0,0.0,1.343164,0.15453,ASM,IDN,8429
883096,14,103,1647,2001,7804199.0,581318.0,0.29463,0.772375,AUS,IDN,8429
883097,15,103,1647,2001,0.0,100805.0,1.8571650000000002,0.603191,AUT,IDN,8429
883098,18,103,1647,2001,2024517.0,44104.0,1.4328370000000001,1.408495,BEL,IDN,8429
883099,22,103,1647,2001,11477.0,0.0,-1.0406739999999999,-1.010108,BGD,IDN,8429
883100,32,103,1647,2001,1660525.0,0.0,0.672496,1.051848,BRA,IDN,8429
883101,34,103,1647,2001,73876.0,11066.0,-0.8654209999999999,-0.930599,BRN,IDN,8429
883102,39,103,1647,2001,2150647.0,0.0,0.971827,1.105171,CAN,IDN,8429
883103,43,103,1647,2001,500172.0,1355277.0,0.525171,3.092963,CHN,IDN,8429
883104,46,103,1647,2001,0.0,255203.0,-1.421643,-1.154007,COD,IDN,8429
883105,61,103,1647,2001,6491759.0,0.0,2.321375,-2.1110990000000003,DEU,IDN,8429
883106,68,103,1647,2001,0.0,165879.0,-0.373576,0.366385,EGY,IDN,8429
883107,71,103,1647,2001,2809.0,0.0,1.079664,1.9842220000000002,ESP,IDN,8429
883108,74,103,1647,2001,160853.0,0.0,2.069141,0.9375180000000001,FIN,IDN,8429
883109,77,103,1647,2001,2636594.0,0.0,1.653507,0.797582,FRA,IDN,8429
883110,81,103,1647,2001,543655.0,1903916.0,1.976894,0.685435,GBR,IDN,8429
883111,90,103,1647,2001,1334001.0,0.0,0.31387600000000004,1.3614600000000001,GRC,IDN,8429
883112,97,103,1647,2001,3750.0,34609.0,0.521528,2.3025,HKG,IDN,8429
883113,104,103,1647,2001,15941.0,307525.0,0.349744,2.665844,IND,IDN,8429
883114,111,103,1647,2001,1405479.0,0.0,1.389926,1.282143,ITA,IDN,8429
883115,114,103,1647,2001,58241208.0,89742.0,2.585857,0.522663,JPN,IDN,8429
883116,121,103,1647,2001,12035841.0,62866.0,1.145797,1.0762399999999999,KOR,IDN,8429
883117,128,103,1647,2001,0.0,39762.0,-0.722434,-0.033818,LKA,IDN,8429
883118,138,103,1647,2001,0.0,56681.0,0.797058,0.713234,MEX,IDN,8429
883119,153,103,1647,2001,4487311.0,4355706.0,0.768174,0.307033,MYS,IDN,8429
883120,162,103,1647,2001,2683.0,3141.0,1.315685,1.590935,NLD,IDN,8429
883121,166,103,1647,2001,0.0,283623.0,0.521409,0.683134,NZL,IDN,8429
883122,174,103,1647,2001,27343.0,64463.0,-0.028201,-0.112349,PHL,IDN,8429
883123,176,103,1647,2001,175993.0,0.0,-1.503929,-1.199463,PNG,IDN,8429
883124,177,103,1647,2001,455439.0,0.0,0.9474540000000001,1.8408220000000002,POL,IDN,8429
883125,188,103,1647,2001,0.0,157614.0,0.5370550000000001,-0.793469,SAU,IDN,8429
883126,192,103,1647,2001,10159011.0,3227944.0,1.364239,0.721074,SGP,IDN,8429
883127,208,103,1647,2001,1237897.0,0.0,2.156845,0.784439,SWE,IDN,8429
883128,216,103,1647,2001,6755988.0,593054.0,0.37555900000000003,1.498267,THA,IDN,8429
883129,220,103,1647,2001,0.0,284456.0,1.473822,-0.204046,TLS,IDN,8429
883130,231,103,1647,2001,24855231.0,1132758.0,1.873674,0.168468,USA,IDN,8429
883131,239,103,1647,2001,228813.0,0.0,-0.6692130000000001,0.610992,VNM,IDN,8429
883132,243,103,1647,2001,0.0,45003.0,-1.465154,-1.261615,YEM,IDN,8429
883133,246,103,1647,2001,23733.0,0.0,0.356842,2.006155,ZAF,IDN,8429
883134,249,103,1647,2001,298252.0,30639.0,1.5731700000000002,1.353159,TWN,IDN,8429
883135,2,107,1647,2001,0.0,166580.0,-1.523823,-1.214093,AGO,IRN,8429
883136,7,107,1647,2001,4998710.0,466151.0,-0.193984,-0.457124,ARE,IRN,8429
883137,9,107,1647,2001,11944.0,0.0,0.834168,0.21458000000000002,ARM,IRN,8429
883138,15,107,1647,2001,123659.0,0.0,1.8571650000000002,0.603191,AUT,IRN,8429
883139,16,107,1647,2001,9961.0,0.0,-0.6731090000000001,-1.037922,AZE,IRN,8429
883140,18,107,1647,2001,213278.0,0.0,1.4328370000000001,1.408495,BEL,IRN,8429
883141,28,107,1647,2001,121022.0,0.0,0.804404,0.936773,BLR,IRN,8429
883142,39,107,1647,2001,17218.0,0.0,0.971827,1.105171,CAN,IRN,8429
883143,61,107,1647,2001,465769.0,0.0,2.321375,-2.1110990000000003,DEU,IRN,8429
883144,77,107,1647,2001,563520.0,0.0,1.653507,0.797582,FRA,IRN,8429
883145,81,107,1647,2001,283205.0,0.0,1.976894,0.685435,GBR,IRN,8429
883146,104,107,1647,2001,0.0,24532.0,0.349744,2.665844,IND,IRN,8429
883147,108,107,1647,2001,507635.0,926358.0,-1.115465,-0.883028,IRQ,IRN,8429
883148,111,107,1647,2001,3532568.0,0.0,1.389926,1.282143,ITA,IRN,8429
883149,113,107,1647,2001,4107.0,0.0,0.375134,0.581558,JOR,IRN,8429
883150,114,107,1647,2001,1371869.0,0.0,2.585857,0.522663,JPN,IRN,8429
883151,115,107,1647,2001,0.0,623978.0,0.009714,-0.525899,KAZ,IRN,8429
883152,117,107,1647,2001,652652.0,185449.0,0.23332199999999997,0.256019,KGZ,IRN,8429
883153,121,107,1647,2001,1913619.0,0.0,1.145797,1.0762399999999999,KOR,IRN,8429
883154,122,107,1647,2001,183493.0,245105.0,-0.8197,-1.183758,KWT,IRN,8429
883155,124,107,1647,2001,0.0,25626.0,0.165355,0.988008,LBN,IRN,8429
883156,162,107,1647,2001,279720.0,0.0,1.315685,1.590935,NLD,IRN,8429
883157,186,107,1647,2001,65056.0,0.0,0.945816,0.35027600000000003,RUS,IRN,8429
883158,188,107,1647,2001,0.0,78957.0,0.5370550000000001,-0.793469,SAU,IRN,8429
883159,190,107,1647,2001,0.0,627452.0,-1.6325180000000001,-1.263267,SDN,IRN,8429
883160,192,107,1647,2001,428856.0,0.0,1.364239,0.721074,SGP,IRN,8429
883161,208,107,1647,2001,445498.0,0.0,2.156845,0.784439,SWE,IRN,8429
883162,212,107,1647,2001,0.0,1245574.0,-1.057217,-0.716331,SYR,IRN,8429
883163,216,107,1647,2001,0.0,154284.0,0.37555900000000003,1.498267,THA,IRN,8429
883164,219,107,1647,2001,0.0,919188.0,-1.24627,-1.2760209999999998,TKM,IRN,8429
883165,224,107,1647,2001,13324.0,0.0,0.188773,1.91451,TUR,IRN,8429
883166,231,107,1647,2001,11619.0,0.0,1.873674,0.168468,USA,IRN,8429
883167,243,107,1647,2001,1027225.0,0.0,-1.465154,-1.261615,YEM,IRN,8429
883168,15,110,1647,2001,405932.0,0.0,1.8571650000000002,0.603191,AUT,ISR,8429
883169,18,110,1647,2001,10392695.0,134194.0,1.4328370000000001,1.408495,BEL,ISR,8429
883170,39,110,1647,2001,40386.0,0.0,0.971827,1.105171,CAN,ISR,8429
883171,41,110,1647,2001,2021288.0,0.0,2.227246,0.553956,CHE,ISR,8429
883172,43,110,1647,2001,1044653.0,0.0,0.525171,3.092963,CHN,ISR,8429
883173,59,110,1647,2001,194107.0,0.0,1.485703,1.109305,CZE,ISR,8429
883174,61,110,1647,2001,7472347.0,96443.0,2.321375,-2.1110990000000003,DEU,ISR,8429
883175,64,110,1647,2001,29784.0,200189.0,1.261883,1.351875,DNK,ISR,8429
883176,71,110,1647,2001,588450.0,0.0,1.079664,1.9842220000000002,ESP,ISR,8429
883177,74,110,1647,2001,376424.0,0.0,2.069141,0.9375180000000001,FIN,ISR,8429
883178,77,110,1647,2001,3001610.0,31914.0,1.653507,0.797582,FRA,ISR,8429
883179,81,110,1647,2001,9646143.0,6828.0,1.976894,0.685435,GBR,ISR,8429
883180,83,110,1647,2001,0.0,29335.0,-0.961067,-0.780449,GHA,ISR,8429
883181,90,110,1647,2001,27366.0,109039.0,0.31387600000000004,1.3614600000000001,GRC,ISR,8429
883182,111,110,1647,2001,11512578.0,23796.0,1.389926,1.282143,ITA,ISR,8429
883183,113,110,1647,2001,0.0,6387.0,0.375134,0.581558,JOR,ISR,8429
883184,114,110,1647,2001,148825.0,0.0,2.585857,0.522663,JPN,ISR,8429
883185,121,110,1647,2001,760237.0,0.0,1.145797,1.0762399999999999,KOR,ISR,8429
883186,145,110,1647,2001,0.0,82932.0,-0.691001,-0.9284180000000001,MNG,ISR,8429
883187,155,110,1647,2001,0.0,110849.0,-0.625912,-0.854247,NAM,ISR,8429
883188,159,110,1647,2001,0.0,224912.0,-1.966439,-1.2724520000000001,NGA,ISR,8429
883189,162,110,1647,2001,1101481.0,0.0,1.315685,1.590935,NLD,ISR,8429
883190,163,110,1647,2001,36785.0,0.0,0.974814,0.06512000000000001,NOR,ISR,8429
883191,179,110,1647,2001,0.0,5604.0,0.482048,1.662123,PRT,ISR,8429
883192,185,110,1647,2001,0.0,31345.0,0.326733,1.005332,ROU,ISR,8429
883193,186,110,1647,2001,0.0,26842.0,0.945816,0.35027600000000003,RUS,ISR,8429
883194,208,110,1647,2001,2544781.0,0.0,2.156845,0.784439,SWE,ISR,8429
883195,224,110,1647,2001,145085.0,0.0,0.188773,1.91451,TUR,ISR,8429
883196,231,110,1647,2001,2021620.0,503455.0,1.873674,0.168468,USA,ISR,8429
883197,246,110,1647,2001,2454.0,29218.0,0.356842,2.006155,ZAF,ISR,8429
883198,250,110,1647,2001,0.0,22000.0,1.096023,-0.33562600000000004,ANS,ISR,8429
883199,2,111,1647,2001,0.0,33353.0,-1.523823,-1.214093,AGO,ITA,8429
883200,4,111,1647,2001,995866.0,1814103.0,-0.054125,0.104298,ALB,ITA,8429
883201,6,111,1647,2001,0.0,10493.0,0.260662,-0.66681,ANT,ITA,8429
883202,7,111,1647,2001,0.0,9741286.0,-0.193984,-0.457124,ARE,ITA,8429
883203,8,111,1647,2001,0.0,670985.0,0.287698,0.547137,ARG,ITA,8429
883204,9,111,1647,2001,0.0,33773.0,0.834168,0.21458000000000002,ARM,ITA,8429
883205,14,111,1647,2001,1462982.0,4611347.0,0.29463,0.772375,AUS,ITA,8429
883206,15,111,1647,2001,21440144.0,6561941.0,1.8571650000000002,0.603191,AUT,ITA,8429
883207,16,111,1647,2001,0.0,15683.0,-0.6731090000000001,-1.037922,AZE,ITA,8429
883208,18,111,1647,2001,191741850.0,18327827.0,1.4328370000000001,1.408495,BEL,ITA,8429
883209,19,111,1647,2001,0.0,108720.0,-1.09233,-0.8276969999999999,BEN,ITA,8429
883210,21,111,1647,2001,0.0,1453829.0,-0.291485,-0.20803000000000002,BFA,ITA,8429
883211,22,111,1647,2001,0.0,176544.0,-1.0406739999999999,-1.010108,BGD,ITA,8429
883212,23,111,1647,2001,103554.0,1078095.0,0.41425100000000004,1.639866,BGR,ITA,8429
883213,24,111,1647,2001,0.0,194576.0,-0.11008399999999999,-1.053611,BHR,ITA,8429
883214,26,111,1647,2001,0.0,2012299.0,0.238083,0.362643,BIH,ITA,8429
883215,31,111,1647,2001,0.0,46305.0,-0.680108,-0.678143,BOL,ITA,8429
883216,32,111,1647,2001,1802360.0,243542.0,0.672496,1.051848,BRA,ITA,8429
883217,35,111,1647,2001,0.0,62477.0,0.380727,-0.529766,BTN,ITA,8429
883218,39,111,1647,2001,1804492.0,3237468.0,0.971827,1.105171,CAN,ITA,8429
883219,41,111,1647,2001,5004499.0,13100074.0,2.227246,0.553956,CHE,ITA,8429
883220,42,111,1647,2001,0.0,2430207.0,-0.004658,-0.002548,CHL,ITA,8429
883221,43,111,1647,2001,33228.0,2263194.0,0.525171,3.092963,CHN,ITA,8429
883222,44,111,1647,2001,0.0,78615.0,-0.715949,-0.524428,CIV,ITA,8429
883223,45,111,1647,2001,0.0,1243963.0,-1.6254879999999998,-1.212513,CMR,ITA,8429
883224,47,111,1647,2001,0.0,375431.0,-1.482788,-1.172,COG,ITA,8429
883225,49,111,1647,2001,37083.0,4542.0,0.30412,0.395913,COL,ITA,8429
883226,51,111,1647,2001,0.0,225132.0,0.063802,-0.456617,CPV,ITA,8429
883227,52,111,1647,2001,0.0,237958.0,0.069458,-0.042793,CRI,ITA,8429
883228,54,111,1647,2001,0.0,1206771.0,-0.443391,-0.9599030000000001,CUB,ITA,8429
883229,58,111,1647,2001,0.0,1062471.0,0.381251,0.257802,CYP,ITA,8429
883230,59,111,1647,2001,7439588.0,4053819.0,1.485703,1.109305,CZE,ITA,8429
883231,61,111,1647,2001,65843266.0,41044425.0,2.321375,-2.1110990000000003,DEU,ITA,8429
883232,62,111,1647,2001,0.0,51716.0,0.143467,0.14288599999999999,DJI,ITA,8429
883233,64,111,1647,2001,78833.0,16163591.0,1.261883,1.351875,DNK,ITA,8429
883234,65,111,1647,2001,0.0,324721.0,-0.538419,-0.48773900000000003,DOM,ITA,8429
883235,66,111,1647,2001,114048.0,5291790.0,-0.663363,-1.158295,DZA,ITA,8429
883236,67,111,1647,2001,0.0,86778.0,-0.852642,-0.896374,ECU,ITA,8429
883237,68,111,1647,2001,349964.0,1638374.0,-0.373576,0.366385,EGY,ITA,8429
883238,69,111,1647,2001,0.0,431477.0,0.617376,-0.33233,ERI,ITA,8429
883239,71,111,1647,2001,656099.0,58124563.0,1.079664,1.9842220000000002,ESP,ITA,8429
883240,72,111,1647,2001,0.0,1558379.0,0.5746829999999999,0.9073899999999999,EST,ITA,8429
883241,73,111,1647,2001,139427.0,4179608.0,-0.999149,-0.904072,ETH,ITA,8429
883242,74,111,1647,2001,759986.0,6403256.0,2.069141,0.9375180000000001,FIN,ITA,8429
883243,77,111,1647,2001,118709772.0,92721591.0,1.653507,0.797582,FRA,ITA,8429
883244,78,111,1647,2001,0.0,25241.0,-1.004972,-0.9456030000000001,FRO,ITA,8429
883245,80,111,1647,2001,0.0,460530.0,-1.063007,-1.181284,GAB,ITA,8429
883246,81,111,1647,2001,133804896.0,60906910.0,1.976894,0.685435,GBR,ITA,8429
883247,83,111,1647,2001,0.0,565400.0,-0.961067,-0.780449,GHA,ITA,8429
883248,85,111,1647,2001,0.0,110751.0,-1.5380340000000001,-1.200083,GIN,ITA,8429
883249,89,111,1647,2001,0.0,206090.0,-2.0882959999999997,-0.921539,GNQ,ITA,8429
883250,90,111,1647,2001,72385.0,6515202.0,0.31387600000000004,1.3614600000000001,GRC,ITA,8429
883251,93,111,1647,2001,0.0,870735.0,-0.5089520000000001,0.216677,GTM,ITA,8429
883252,97,111,1647,2001,0.0,401021.0,0.521528,2.3025,HKG,ITA,8429
883253,99,111,1647,2001,0.0,18543.0,-0.8003060000000001,-0.602097,HND,ITA,8429
883254,100,111,1647,2001,126470.0,4831275.0,0.544596,0.969535,HRV,ITA,8429
883255,102,111,1647,2001,52684.0,5009390.0,1.102262,1.138016,HUN,ITA,8429
883256,103,111,1647,2001,0.0,1405479.0,-0.167771,1.6587889999999998,IDN,ITA,8429
883257,104,111,1647,2001,3325.0,328068.0,0.349744,2.665844,IND,ITA,8429
883258,106,111,1647,2001,39664.0,3440090.0,1.664233,0.129983,IRL,ITA,8429
883259,107,111,1647,2001,0.0,3532568.0,-0.7732479999999999,-0.8979370000000001,IRN,ITA,8429
883260,108,111,1647,2001,0.0,1279706.0,-1.115465,-0.883028,IRQ,ITA,8429
883261,109,111,1647,2001,0.0,671219.0,0.032382999999999995,-0.51054,ISL,ITA,8429
883262,110,111,1647,2001,23796.0,11512578.0,1.374873,0.775594,ISR,ITA,8429
883263,113,111,1647,2001,0.0,1594268.0,0.375134,0.581558,JOR,ITA,8429
883264,114,111,1647,2001,28984688.0,454086.0,2.585857,0.522663,JPN,ITA,8429
883265,115,111,1647,2001,0.0,286176.0,0.009714,-0.525899,KAZ,ITA,8429
883266,116,111,1647,2001,0.0,36942.0,-0.529388,0.092271,KEN,ITA,8429
883267,121,111,1647,2001,4996258.0,269607.0,1.145797,1.0762399999999999,KOR,ITA,8429
883268,122,111,1647,2001,0.0,110079.0,-0.8197,-1.183758,KWT,ITA,8429
883269,124,111,1647,2001,68730.0,2037499.0,0.165355,0.988008,LBN,ITA,8429
883270,125,111,1647,2001,0.0,67007.0,-0.49036,-1.126565,LBR,ITA,8429
883271,126,111,1647,2001,0.0,7555038.0,-0.9321459999999999,-1.198124,LBY,ITA,8429
883272,128,111,1647,2001,0.0,4751.0,-0.722434,-0.033818,LKA,ITA,8429
883273,130,111,1647,2001,0.0,253602.0,0.15706900000000001,0.416663,LTU,ITA,8429
883274,131,111,1647,2001,0.0,1062071.0,1.470895,1.149007,LUX,ITA,8429
883275,132,111,1647,2001,0.0,275991.0,0.404136,0.461009,LVA,ITA,8429
883276,134,111,1647,2001,0.0,5039745.0,-0.75275,-0.280397,MAR,ITA,8429
883277,135,111,1647,2001,223810.0,70679.0,-0.024822,-0.15323399999999998,MDA,ITA,8429
883278,136,111,1647,2001,0.0,11398.0,-1.247531,-0.637093,MDG,ITA,8429
883279,138,111,1647,2001,0.0,6630488.0,0.797058,0.713234,MEX,ITA,8429
883280,140,111,1647,2001,0.0,441416.0,0.033097,0.43516499999999997,MKD,ITA,8429
883281,141,111,1647,2001,0.0,45819.0,-0.40341,-0.626402,MLI,ITA,8429
883282,142,111,1647,2001,0.0,274248.0,1.065032,-0.065239,MLT,ITA,8429
883283,143,111,1647,2001,0.0,1917.0,-1.5627,-1.150854,MMR,ITA,8429
883284,145,111,1647,2001,0.0,212528.0,-0.691001,-0.9284180000000001,MNG,ITA,8429
883285,147,111,1647,2001,137003.0,493964.0,-1.2364879999999998,-1.136715,MOZ,ITA,8429
883286,151,111,1647,2001,0.0,211190.0,-0.410422,-0.5868369999999999,MUS,ITA,8429
883287,152,111,1647,2001,0.0,36907.0,-1.388716,-1.116315,MWI,ITA,8429
883288,153,111,1647,2001,0.0,605947.0,0.768174,0.307033,MYS,ITA,8429
883289,155,111,1647,2001,80454.0,78493.0,-0.625912,-0.854247,NAM,ITA,8429
883290,156,111,1647,2001,0.0,163654.0,-0.837087,-0.9207040000000001,NCL,ITA,8429
883291,159,111,1647,2001,0.0,5070398.0,-1.966439,-1.2724520000000001,NGA,ITA,8429
883292,162,111,1647,2001,38337286.0,26421571.0,1.315685,1.590935,NLD,ITA,8429
883293,163,111,1647,2001,4838.0,6782788.0,0.974814,0.06512000000000001,NOR,ITA,8429
883294,164,111,1647,2001,0.0,63258.0,-0.483749,-0.008754999999999999,NPL,ITA,8429
883295,166,111,1647,2001,47196.0,1666264.0,0.521409,0.683134,NZL,ITA,8429
883296,167,111,1647,2001,0.0,774334.0,-0.909329,-1.189698,OMN,ITA,8429
883297,168,111,1647,2001,0.0,80452.0,-0.8376520000000001,-0.378743,PAK,ITA,8429
883298,169,111,1647,2001,0.0,74505.0,0.17588199999999998,0.422505,PAN,ITA,8429
883299,173,111,1647,2001,0.0,838622.0,-0.345519,0.202623,PER,ITA,8429
883300,174,111,1647,2001,0.0,536754.0,-0.028201,-0.112349,PHL,ITA,8429
883301,177,111,1647,2001,10588.0,2767685.0,0.9474540000000001,1.8408220000000002,POL,ITA,8429
883302,179,111,1647,2001,0.0,25457635.0,0.482048,1.662123,PRT,ITA,8429
883303,182,111,1647,2001,0.0,270869.0,-0.005456,-0.7210770000000001,PYF,ITA,8429
883304,183,111,1647,2001,0.0,130813.0,-0.46564799999999995,-1.127634,QAT,ITA,8429
883305,185,111,1647,2001,80341.0,3508511.0,0.326733,1.005332,ROU,ITA,8429
883306,186,111,1647,2001,147750.0,5815541.0,0.945816,0.35027600000000003,RUS,ITA,8429
883307,187,111,1647,2001,0.0,5940.0,-1.260879,-0.861347,RWA,ITA,8429
883308,188,111,1647,2001,0.0,2777440.0,0.5370550000000001,-0.793469,SAU,ITA,8429
883309,189,111,1647,2001,200945.0,3156910.0,0.45280200000000004,2.469852,SCG,ITA,8429
883310,190,111,1647,2001,67138.0,536215.0,-1.6325180000000001,-1.263267,SDN,ITA,8429
883311,191,111,1647,2001,0.0,216004.0,-0.437779,-0.436654,SEN,ITA,8429
883312,192,111,1647,2001,154883.0,143071.0,1.364239,0.721074,SGP,ITA,8429
883313,197,111,1647,2001,0.0,75063.0,-0.181554,-0.031294,SLV,ITA,8429
883314,199,111,1647,2001,0.0,2707.0,-0.11677799999999999,-0.623455,SOM,ITA,8429
883315,206,111,1647,2001,54671.0,1572185.0,1.1732770000000001,1.088576,SVK,ITA,8429
883316,207,111,1647,2001,253614.0,3829252.0,1.5074370000000001,1.1370040000000001,SVN,ITA,8429
883317,208,111,1647,2001,20310511.0,8469948.0,2.156845,0.784439,SWE,ITA,8429
883318,211,111,1647,2001,16869.0,0.0,0.065059,-0.7806489999999999,SYC,ITA,8429
883319,212,111,1647,2001,0.0,1645769.0,-1.057217,-0.716331,SYR,ITA,8429
883320,215,111,1647,2001,0.0,40607.0,-0.758725,-0.577004,TGO,ITA,8429
883321,216,111,1647,2001,30570.0,1229575.0,0.37555900000000003,1.498267,THA,ITA,8429
883322,219,111,1647,2001,0.0,2979512.0,-1.24627,-1.2760209999999998,TKM,ITA,8429
883323,222,111,1647,2001,0.0,68017.0,0.178256,-0.709126,TTO,ITA,8429
883324,223,111,1647,2001,289884.0,5436862.0,-0.162152,0.23939699999999997,TUN,ITA,8429
883325,224,111,1647,2001,13172506.0,7010904.0,0.188773,1.91451,TUR,ITA,8429
883326,226,111,1647,2001,8873.0,831166.0,-1.193991,-0.49282200000000004,TZA,ITA,8429
883327,227,111,1647,2001,0.0,177062.0,-0.9694860000000001,-0.840592,UGA,ITA,8429
883328,228,111,1647,2001,0.0,5843.0,0.8376969999999999,0.989059,UKR,ITA,8429
883329,230,111,1647,2001,0.0,279092.0,0.36029,0.298869,URY,ITA,8429
883330,231,111,1647,2001,50319454.0,179231879.0,1.873674,0.168468,USA,ITA,8429
883331,236,111,1647,2001,30795.0,1144643.0,0.261158,-0.7397,VEN,ITA,8429
883332,239,111,1647,2001,0.0,351330.0,-0.6692130000000001,0.610992,VNM,ITA,8429
883333,243,111,1647,2001,0.0,467437.0,-1.465154,-1.261615,YEM,ITA,8429
883334,246,111,1647,2001,109200.0,9441543.0,0.356842,2.006155,ZAF,ITA,8429
883335,247,111,1647,2001,0.0,4996.0,-0.731193,-0.706978,ZMB,ITA,8429
883336,248,111,1647,2001,0.0,217947.0,-0.6321829999999999,-0.453671,ZWE,ITA,8429
883337,249,111,1647,2001,0.0,117794.0,1.5731700000000002,1.353159,TWN,ITA,8429
883338,250,111,1647,2001,0.0,1027.0,1.096023,-0.33562600000000004,ANS,ITA,8429
883339,14,112,1647,2001,16213.0,89265.0,0.29463,0.772375,AUS,JAM,8429
883340,18,112,1647,2001,16536.0,0.0,1.4328370000000001,1.408495,BEL,JAM,8429
883341,32,112,1647,2001,82056.0,0.0,0.672496,1.051848,BRA,JAM,8429
883342,39,112,1647,2001,164856.0,0.0,0.971827,1.105171,CAN,JAM,8429
883343,61,112,1647,2001,214741.0,0.0,2.321375,-2.1110990000000003,DEU,JAM,8429
883344,63,112,1647,2001,0.0,15533.0,0.613251,0.226998,DMA,JAM,8429
883345,64,112,1647,2001,804.0,0.0,1.261883,1.351875,DNK,JAM,8429
883346,77,112,1647,2001,1010088.0,0.0,1.653507,0.797582,FRA,JAM,8429
883347,81,112,1647,2001,736261.0,0.0,1.976894,0.685435,GBR,JAM,8429
883348,99,112,1647,2001,0.0,5547.0,-0.8003060000000001,-0.602097,HND,JAM,8429
883349,114,112,1647,2001,90257.0,0.0,2.585857,0.522663,JPN,JAM,8429
883350,138,112,1647,2001,26273.0,0.0,0.797058,0.713234,MEX,JAM,8429
883351,163,112,1647,2001,0.0,12020.0,0.974814,0.06512000000000001,NOR,JAM,8429
883352,173,112,1647,2001,190826.0,0.0,-0.345519,0.202623,PER,JAM,8429
883353,197,112,1647,2001,545275.0,0.0,-0.181554,-0.031294,SLV,JAM,8429
883354,222,112,1647,2001,0.0,48984.0,0.178256,-0.709126,TTO,JAM,8429
883355,231,112,1647,2001,8086419.0,0.0,1.873674,0.168468,USA,JAM,8429
883356,5,114,1647,2001,0.0,10055.0,1.049415,0.860241,AND,JPN,8429
883357,7,114,1647,2001,0.0,75409381.0,-0.193984,-0.457124,ARE,JPN,8429
883358,8,114,1647,2001,0.0,786382.0,0.287698,0.547137,ARG,JPN,8429
883359,14,114,1647,2001,298344.0,128705371.0,0.29463,0.772375,AUS,JPN,8429
883360,15,114,1647,2001,317350.0,18954600.0,1.8571650000000002,0.603191,AUT,JPN,8429
883361,16,114,1647,2001,0.0,1208529.0,-0.6731090000000001,-1.037922,AZE,JPN,8429
883362,18,114,1647,2001,587668.0,74067031.0,1.4328370000000001,1.408495,BEL,JPN,8429
883363,19,114,1647,2001,0.0,3042.0,-1.09233,-0.8276969999999999,BEN,JPN,8429
883364,21,114,1647,2001,0.0,6475.0,-0.291485,-0.20803000000000002,BFA,JPN,8429
883365,22,114,1647,2001,0.0,2511258.0,-1.0406739999999999,-1.010108,BGD,JPN,8429
883366,23,114,1647,2001,0.0,314840.0,0.41425100000000004,1.639866,BGR,JPN,8429
883367,24,114,1647,2001,0.0,1349756.0,-0.11008399999999999,-1.053611,BHR,JPN,8429
883368,28,114,1647,2001,0.0,183767.0,0.804404,0.936773,BLR,JPN,8429
883369,29,114,1647,2001,0.0,1775146.0,-0.297981,-0.695022,BLZ,JPN,8429
883370,31,114,1647,2001,0.0,450196.0,-0.680108,-0.678143,BOL,JPN,8429
883371,32,114,1647,2001,345230.0,3395062.0,0.672496,1.051848,BRA,JPN,8429
883372,33,114,1647,2001,0.0,32883.0,0.725546,0.172345,BRB,JPN,8429
883373,34,114,1647,2001,0.0,47680.0,-0.8654209999999999,-0.930599,BRN,JPN,8429
883374,35,114,1647,2001,0.0,161587.0,0.380727,-0.529766,BTN,JPN,8429
883375,38,114,1647,2001,0.0,101233.0,-0.682897,-0.8083140000000001,CAF,JPN,8429
883376,39,114,1647,2001,15788.0,82600871.0,0.971827,1.105171,CAN,JPN,8429
883377,41,114,1647,2001,0.0,7353958.0,2.227246,0.553956,CHE,JPN,8429
883378,42,114,1647,2001,112473.0,8617614.0,-0.004658,-0.002548,CHL,JPN,8429
883379,43,114,1647,2001,113854.0,162551854.0,0.525171,3.092963,CHN,JPN,8429
883380,45,114,1647,2001,0.0,351729.0,-1.6254879999999998,-1.212513,CMR,JPN,8429
883381,49,114,1647,2001,0.0,1693521.0,0.30412,0.395913,COL,JPN,8429
883382,52,114,1647,2001,0.0,705916.0,0.069458,-0.042793,CRI,JPN,8429
883383,54,114,1647,2001,0.0,1069903.0,-0.443391,-0.9599030000000001,CUB,JPN,8429
883384,58,114,1647,2001,0.0,58883.0,0.381251,0.257802,CYP,JPN,8429
883385,59,114,1647,2001,0.0,1520273.0,1.485703,1.109305,CZE,JPN,8429
883386,61,114,1647,2001,8149156.0,46320645.0,2.321375,-2.1110990000000003,DEU,JPN,8429
883387,62,114,1647,2001,0.0,486236.0,0.143467,0.14288599999999999,DJI,JPN,8429
883388,63,114,1647,2001,0.0,39800.0,0.613251,0.226998,DMA,JPN,8429
883389,64,114,1647,2001,0.0,1595636.0,1.261883,1.351875,DNK,JPN,8429
883390,65,114,1647,2001,0.0,1625264.0,-0.538419,-0.48773900000000003,DOM,JPN,8429
883391,66,114,1647,2001,0.0,8402757.0,-0.663363,-1.158295,DZA,JPN,8429
883392,67,114,1647,2001,0.0,6202060.0,-0.852642,-0.896374,ECU,JPN,8429
883393,68,114,1647,2001,0.0,9417476.0,-0.373576,0.366385,EGY,JPN,8429
883394,71,114,1647,2001,15089.0,11878959.0,1.079664,1.9842220000000002,ESP,JPN,8429
883395,72,114,1647,2001,0.0,800299.0,0.5746829999999999,0.9073899999999999,EST,JPN,8429
883396,73,114,1647,2001,0.0,1117364.0,-0.999149,-0.904072,ETH,JPN,8429
883397,74,114,1647,2001,0.0,4182367.0,2.069141,0.9375180000000001,FIN,JPN,8429
883398,75,114,1647,2001,0.0,576384.0,-0.954702,-0.602761,FJI,JPN,8429
883399,77,114,1647,2001,1311425.0,61676668.0,1.653507,0.797582,FRA,JPN,8429
883400,78,114,1647,2001,0.0,18389.0,-1.004972,-0.9456030000000001,FRO,JPN,8429
883401,79,114,1647,2001,0.0,177975.0,-1.7531240000000001,-1.081697,FSM,JPN,8429
883402,80,114,1647,2001,0.0,1771764.0,-1.063007,-1.181284,GAB,JPN,8429
883403,81,114,1647,2001,11441272.0,187328087.0,1.976894,0.685435,GBR,JPN,8429
883404,82,114,1647,2001,0.0,1499703.0,0.585568,-0.047744999999999996,GEO,JPN,8429
883405,83,114,1647,2001,0.0,312879.0,-0.961067,-0.780449,GHA,JPN,8429
883406,90,114,1647,2001,0.0,3634868.0,0.31387600000000004,1.3614600000000001,GRC,JPN,8429
883407,93,114,1647,2001,0.0,844151.0,-0.5089520000000001,0.216677,GTM,JPN,8429
883408,95,114,1647,2001,0.0,219643.0,-0.228818,-0.8545719999999999,GUM,JPN,8429
883409,96,114,1647,2001,0.0,103856.0,-0.955816,-0.8593069999999999,GUY,JPN,8429
883410,97,114,1647,2001,150976.0,251130081.0,0.521528,2.3025,HKG,JPN,8429
883411,99,114,1647,2001,0.0,278525.0,-0.8003060000000001,-0.602097,HND,JPN,8429
883412,100,114,1647,2001,0.0,170975.0,0.544596,0.969535,HRV,JPN,8429
883413,101,114,1647,2001,0.0,3047.0,-1.220515,-0.8502200000000001,HTI,JPN,8429
883414,102,114,1647,2001,0.0,729817.0,1.102262,1.138016,HUN,JPN,8429
883415,103,114,1647,2001,89742.0,58241208.0,-0.167771,1.6587889999999998,IDN,JPN,8429
883416,104,114,1647,2001,193216.0,10739666.0,0.349744,2.665844,IND,JPN,8429
883417,106,114,1647,2001,0.0,25349226.0,1.664233,0.129983,IRL,JPN,8429
883418,107,114,1647,2001,0.0,1371869.0,-0.7732479999999999,-0.8979370000000001,IRN,JPN,8429
883419,108,114,1647,2001,0.0,5305613.0,-1.115465,-0.883028,IRQ,JPN,8429
883420,109,114,1647,2001,0.0,85374.0,0.032382999999999995,-0.51054,ISL,JPN,8429
883421,110,114,1647,2001,0.0,148825.0,1.374873,0.775594,ISR,JPN,8429
883422,111,114,1647,2001,454086.0,28984688.0,1.389926,1.282143,ITA,JPN,8429
883423,112,114,1647,2001,0.0,90257.0,-0.541582,-0.837248,JAM,JPN,8429
883424,113,114,1647,2001,0.0,2688662.0,0.375134,0.581558,JOR,JPN,8429
883425,115,114,1647,2001,0.0,4551029.0,0.009714,-0.525899,KAZ,JPN,8429
883426,116,114,1647,2001,0.0,2304024.0,-0.529388,0.092271,KEN,JPN,8429
883427,118,114,1647,2001,0.0,740257.0,-1.231058,-1.154536,KHM,JPN,8429
883428,120,114,1647,2001,0.0,21054.0,0.612222,-0.440733,KNA,JPN,8429
883429,121,114,1647,2001,530387.0,8281538.0,1.145797,1.0762399999999999,KOR,JPN,8429
883430,122,114,1647,2001,0.0,3377883.0,-0.8197,-1.183758,KWT,JPN,8429
883431,123,114,1647,2001,0.0,123846.0,-1.298653,-1.164605,LAO,JPN,8429
883432,124,114,1647,2001,0.0,252911.0,0.165355,0.988008,LBN,JPN,8429
883433,126,114,1647,2001,0.0,723099.0,-0.9321459999999999,-1.198124,LBY,JPN,8429
883434,127,114,1647,2001,0.0,232776.0,0.004518,-0.5326770000000001,LCA,JPN,8429
883435,128,114,1647,2001,0.0,2125552.0,-0.722434,-0.033818,LKA,JPN,8429
883436,130,114,1647,2001,0.0,12787.0,0.15706900000000001,0.416663,LTU,JPN,8429
883437,132,114,1647,2001,0.0,40749.0,0.404136,0.461009,LVA,JPN,8429
883438,133,114,1647,2001,0.0,102120.0,-0.608406,-0.521662,MAC,JPN,8429
883439,134,114,1647,2001,0.0,2109084.0,-0.75275,-0.280397,MAR,JPN,8429
883440,136,114,1647,2001,0.0,197018.0,-1.247531,-0.637093,MDG,JPN,8429
883441,138,114,1647,2001,60782.0,12606265.0,0.797058,0.713234,MEX,JPN,8429
883442,140,114,1647,2001,0.0,1487269.0,0.033097,0.43516499999999997,MKD,JPN,8429
883443,141,114,1647,2001,0.0,47873.0,-0.40341,-0.626402,MLI,JPN,8429
883444,142,114,1647,2001,0.0,176723.0,1.065032,-0.065239,MLT,JPN,8429
883445,143,114,1647,2001,0.0,38001329.0,-1.5627,-1.150854,MMR,JPN,8429
883446,145,114,1647,2001,0.0,3366607.0,-0.691001,-0.9284180000000001,MNG,JPN,8429
883447,146,114,1647,2001,0.0,35048.0,-0.701194,-0.89945,MNP,JPN,8429
883448,147,114,1647,2001,0.0,685151.0,-1.2364879999999998,-1.136715,MOZ,JPN,8429
883449,148,114,1647,2001,0.0,1169535.0,-1.187271,-1.240445,MRT,JPN,8429
883450,152,114,1647,2001,0.0,471601.0,-1.388716,-1.116315,MWI,JPN,8429
883451,153,114,1647,2001,6650.0,48170972.0,0.768174,0.307033,MYS,JPN,8429
883452,156,114,1647,2001,0.0,364388.0,-0.837087,-0.9207040000000001,NCL,JPN,8429
883453,159,114,1647,2001,0.0,187224.0,-1.966439,-1.2724520000000001,NGA,JPN,8429
883454,160,114,1647,2001,0.0,766336.0,-0.8917430000000001,-0.713179,NIC,JPN,8429
883455,162,114,1647,2001,576642.0,102636041.0,1.315685,1.590935,NLD,JPN,8429
883456,163,114,1647,2001,0.0,14454637.0,0.974814,0.06512000000000001,NOR,JPN,8429
883457,164,114,1647,2001,0.0,245486.0,-0.483749,-0.008754999999999999,NPL,JPN,8429
883458,166,114,1647,2001,0.0,51866435.0,0.521409,0.683134,NZL,JPN,8429
883459,167,114,1647,2001,0.0,15086545.0,-0.909329,-1.189698,OMN,JPN,8429
883460,168,114,1647,2001,0.0,422365.0,-0.8376520000000001,-0.378743,PAK,JPN,8429
883461,169,114,1647,2001,0.0,276060.0,0.17588199999999998,0.422505,PAN,JPN,8429
883462,173,114,1647,2001,0.0,29002475.0,-0.345519,0.202623,PER,JPN,8429
883463,174,114,1647,2001,555109.0,14188838.0,-0.028201,-0.112349,PHL,JPN,8429
883464,175,114,1647,2001,6696.0,367149.0,-1.194157,-0.9768700000000001,PLW,JPN,8429
883465,176,114,1647,2001,141037.0,818684.0,-1.503929,-1.199463,PNG,JPN,8429
883466,177,114,1647,2001,0.0,874901.0,0.9474540000000001,1.8408220000000002,POL,JPN,8429
883467,178,114,1647,2001,0.0,303809.0,0.62773,1.010888,PRK,JPN,8429
883468,179,114,1647,2001,0.0,3560929.0,0.482048,1.662123,PRT,JPN,8429
883469,180,114,1647,2001,0.0,38611.0,-0.68893,-0.9326690000000001,PRY,JPN,8429
883470,182,114,1647,2001,0.0,327714.0,-0.005456,-0.7210770000000001,PYF,JPN,8429
883471,183,114,1647,2001,0.0,1550126.0,-0.46564799999999995,-1.127634,QAT,JPN,8429
883472,185,114,1647,2001,0.0,96353.0,0.326733,1.005332,ROU,JPN,8429
883473,186,114,1647,2001,0.0,43102979.0,0.945816,0.35027600000000003,RUS,JPN,8429
883474,187,114,1647,2001,0.0,49337.0,-1.260879,-0.861347,RWA,JPN,8429
883475,188,114,1647,2001,0.0,55433563.0,0.5370550000000001,-0.793469,SAU,JPN,8429
883476,189,114,1647,2001,0.0,18385.0,0.45280200000000004,2.469852,SCG,JPN,8429
883477,190,114,1647,2001,0.0,1861202.0,-1.6325180000000001,-1.263267,SDN,JPN,8429
883478,191,114,1647,2001,0.0,432043.0,-0.437779,-0.436654,SEN,JPN,8429
883479,192,114,1647,2001,365737.0,70557733.0,1.364239,0.721074,SGP,JPN,8429
883480,197,114,1647,2001,30358.0,0.0,-0.181554,-0.031294,SLV,JPN,8429
883481,205,114,1647,2001,0.0,196730.0,-0.650556,-0.801128,SUR,JPN,8429
883482,206,114,1647,2001,0.0,35360.0,1.1732770000000001,1.088576,SVK,JPN,8429
883483,207,114,1647,2001,0.0,636741.0,1.5074370000000001,1.1370040000000001,SVN,JPN,8429
883484,208,114,1647,2001,5318065.0,7718981.0,2.156845,0.784439,SWE,JPN,8429
883485,212,114,1647,2001,0.0,20668427.0,-1.057217,-0.716331,SYR,JPN,8429
883486,216,114,1647,2001,115593.0,44954325.0,0.37555900000000003,1.498267,THA,JPN,8429
883487,219,114,1647,2001,0.0,17458949.0,-1.24627,-1.2760209999999998,TKM,JPN,8429
883488,221,114,1647,2001,0.0,74648.0,-0.8627950000000001,-0.817174,TON,JPN,8429
883489,222,114,1647,2001,0.0,597823.0,0.178256,-0.709126,TTO,JPN,8429
883490,223,114,1647,2001,0.0,1962510.0,-0.162152,0.23939699999999997,TUN,JPN,8429
883491,224,114,1647,2001,0.0,18305624.0,0.188773,1.91451,TUR,JPN,8429
883492,226,114,1647,2001,0.0,4058230.0,-1.193991,-0.49282200000000004,TZA,JPN,8429
883493,227,114,1647,2001,0.0,147537.0,-0.9694860000000001,-0.840592,UGA,JPN,8429
883494,228,114,1647,2001,0.0,49702.0,0.8376969999999999,0.989059,UKR,JPN,8429
883495,230,114,1647,2001,0.0,316396.0,0.36029,0.298869,URY,JPN,8429
883496,231,114,1647,2001,19571135.0,763220667.0,1.873674,0.168468,USA,JPN,8429
883497,234,114,1647,2001,0.0,32521.0,-0.5042,-0.7987609999999999,VCT,JPN,8429
883498,236,114,1647,2001,0.0,1273868.0,0.261158,-0.7397,VEN,JPN,8429
883499,239,114,1647,2001,895880.0,67973808.0,-0.6692130000000001,0.610992,VNM,JPN,8429
883500,242,114,1647,2001,0.0,22167.0,-0.361456,-0.690474,WSM,JPN,8429
883501,243,114,1647,2001,0.0,1797552.0,-1.465154,-1.261615,YEM,JPN,8429
883502,246,114,1647,2001,0.0,41440833.0,0.356842,2.006155,ZAF,JPN,8429
883503,247,114,1647,2001,0.0,89983.0,-0.731193,-0.706978,ZMB,JPN,8429
883504,248,114,1647,2001,0.0,252568.0,-0.6321829999999999,-0.453671,ZWE,JPN,8429
883505,249,114,1647,2001,184462.0,40818291.0,1.5731700000000002,1.353159,TWN,JPN,8429
883506,0,121,1647,2001,0.0,33655.0,-0.084715,-0.844852,ABW,KOR,8429
883507,6,121,1647,2001,0.0,377688.0,0.260662,-0.66681,ANT,KOR,8429
883508,7,121,1647,2001,0.0,6114349.0,-0.193984,-0.457124,ARE,KOR,8429
883509,8,121,1647,2001,0.0,1247406.0,0.287698,0.547137,ARG,KOR,8429
883510,13,121,1647,2001,0.0,535087.0,-0.036838,-0.6593600000000001,ATG,KOR,8429
883511,14,121,1647,2001,352409.0,6231308.0,0.29463,0.772375,AUS,KOR,8429
883512,15,121,1647,2001,779756.0,1741201.0,1.8571650000000002,0.603191,AUT,KOR,8429
883513,18,121,1647,2001,153837.0,43790365.0,1.4328370000000001,1.408495,BEL,KOR,8429
883514,22,121,1647,2001,0.0,1290449.0,-1.0406739999999999,-1.010108,BGD,KOR,8429
883515,23,121,1647,2001,0.0,34273.0,0.41425100000000004,1.639866,BGR,KOR,8429
883516,24,121,1647,2001,0.0,383163.0,-0.11008399999999999,-1.053611,BHR,KOR,8429
883517,31,121,1647,2001,0.0,106172.0,-0.680108,-0.678143,BOL,KOR,8429
883518,32,121,1647,2001,49370.0,7777372.0,0.672496,1.051848,BRA,KOR,8429
883519,34,121,1647,2001,0.0,2351.0,-0.8654209999999999,-0.930599,BRN,KOR,8429
883520,37,121,1647,2001,0.0,365160.0,-0.42690100000000003,-1.081372,BWA,KOR,8429
883521,39,121,1647,2001,120848.0,4076279.0,0.971827,1.105171,CAN,KOR,8429
883522,41,121,1647,2001,31442.0,1392224.0,2.227246,0.553956,CHE,KOR,8429
883523,42,121,1647,2001,0.0,5409559.0,-0.004658,-0.002548,CHL,KOR,8429
883524,43,121,1647,2001,208749.0,85208951.0,0.525171,3.092963,CHN,KOR,8429
883525,49,121,1647,2001,0.0,606663.0,0.30412,0.395913,COL,KOR,8429
883526,52,121,1647,2001,0.0,1094193.0,0.069458,-0.042793,CRI,KOR,8429
883527,54,121,1647,2001,0.0,2091914.0,-0.443391,-0.9599030000000001,CUB,KOR,8429
883528,58,121,1647,2001,0.0,84706.0,0.381251,0.257802,CYP,KOR,8429
883529,59,121,1647,2001,0.0,412108.0,1.485703,1.109305,CZE,KOR,8429
883530,61,121,1647,2001,1521905.0,1332745.0,2.321375,-2.1110990000000003,DEU,KOR,8429
883531,63,121,1647,2001,0.0,339937.0,0.613251,0.226998,DMA,KOR,8429
883532,64,121,1647,2001,0.0,9523.0,1.261883,1.351875,DNK,KOR,8429
883533,65,121,1647,2001,0.0,998404.0,-0.538419,-0.48773900000000003,DOM,KOR,8429
883534,66,121,1647,2001,0.0,310695.0,-0.663363,-1.158295,DZA,KOR,8429
883535,67,121,1647,2001,0.0,3078401.0,-0.852642,-0.896374,ECU,KOR,8429
883536,68,121,1647,2001,0.0,1373363.0,-0.373576,0.366385,EGY,KOR,8429
883537,69,121,1647,2001,0.0,1552.0,0.617376,-0.33233,ERI,KOR,8429
883538,71,121,1647,2001,0.0,7490427.0,1.079664,1.9842220000000002,ESP,KOR,8429
883539,72,121,1647,2001,0.0,41418.0,0.5746829999999999,0.9073899999999999,EST,KOR,8429
883540,73,121,1647,2001,0.0,544384.0,-0.999149,-0.904072,ETH,KOR,8429
883541,74,121,1647,2001,543426.0,493912.0,2.069141,0.9375180000000001,FIN,KOR,8429
883542,77,121,1647,2001,613581.0,4235919.0,1.653507,0.797582,FRA,KOR,8429
883543,79,121,1647,2001,0.0,71162.0,-1.7531240000000001,-1.081697,FSM,KOR,8429
883544,81,121,1647,2001,498787.0,42256594.0,1.976894,0.685435,GBR,KOR,8429
883545,82,121,1647,2001,0.0,25160.0,0.585568,-0.047744999999999996,GEO,KOR,8429
883546,83,121,1647,2001,0.0,41372.0,-0.961067,-0.780449,GHA,KOR,8429
883547,93,121,1647,2001,0.0,952479.0,-0.5089520000000001,0.216677,GTM,KOR,8429
883548,95,121,1647,2001,0.0,54694.0,-0.228818,-0.8545719999999999,GUM,KOR,8429
883549,96,121,1647,2001,0.0,576089.0,-0.955816,-0.8593069999999999,GUY,KOR,8429
883550,97,121,1647,2001,296307.0,186964.0,0.521528,2.3025,HKG,KOR,8429
883551,99,121,1647,2001,0.0,2317.0,-0.8003060000000001,-0.602097,HND,KOR,8429
883552,100,121,1647,2001,0.0,71674.0,0.544596,0.969535,HRV,KOR,8429
883553,102,121,1647,2001,0.0,451492.0,1.102262,1.138016,HUN,KOR,8429
883554,103,121,1647,2001,62866.0,12035841.0,-0.167771,1.6587889999999998,IDN,KOR,8429
883555,104,121,1647,2001,84002.0,3345290.0,0.349744,2.665844,IND,KOR,8429
883556,106,121,1647,2001,0.0,1011991.0,1.664233,0.129983,IRL,KOR,8429
883557,107,121,1647,2001,0.0,1913619.0,-0.7732479999999999,-0.8979370000000001,IRN,KOR,8429
883558,108,121,1647,2001,0.0,3217733.0,-1.115465,-0.883028,IRQ,KOR,8429
883559,109,121,1647,2001,0.0,9231.0,0.032382999999999995,-0.51054,ISL,KOR,8429
883560,110,121,1647,2001,0.0,760237.0,1.374873,0.775594,ISR,KOR,8429
883561,111,121,1647,2001,269607.0,4996258.0,1.389926,1.282143,ITA,KOR,8429
883562,113,121,1647,2001,0.0,12892.0,0.375134,0.581558,JOR,KOR,8429
883563,114,121,1647,2001,8281538.0,530387.0,2.585857,0.522663,JPN,KOR,8429
883564,115,121,1647,2001,0.0,204400.0,0.009714,-0.525899,KAZ,KOR,8429
883565,118,121,1647,2001,0.0,907761.0,-1.231058,-1.154536,KHM,KOR,8429
883566,122,121,1647,2001,0.0,67816.0,-0.8197,-1.183758,KWT,KOR,8429
883567,124,121,1647,2001,0.0,214846.0,0.165355,0.988008,LBN,KOR,8429
883568,126,121,1647,2001,0.0,17077.0,-0.9321459999999999,-1.198124,LBY,KOR,8429
883569,127,121,1647,2001,0.0,14241.0,0.004518,-0.5326770000000001,LCA,KOR,8429
883570,128,121,1647,2001,0.0,1248496.0,-0.722434,-0.033818,LKA,KOR,8429
883571,131,121,1647,2001,0.0,4957.0,1.470895,1.149007,LUX,KOR,8429
883572,134,121,1647,2001,0.0,171460.0,-0.75275,-0.280397,MAR,KOR,8429
883573,138,121,1647,2001,0.0,2130043.0,0.797058,0.713234,MEX,KOR,8429
883574,142,121,1647,2001,0.0,50953.0,1.065032,-0.065239,MLT,KOR,8429
883575,143,121,1647,2001,0.0,307665.0,-1.5627,-1.150854,MMR,KOR,8429
883576,145,121,1647,2001,0.0,5169342.0,-0.691001,-0.9284180000000001,MNG,KOR,8429
883577,146,121,1647,2001,0.0,18242.0,-0.701194,-0.89945,MNP,KOR,8429
883578,149,121,1647,2001,0.0,149515.0,0.796292,-0.431771,MSR,KOR,8429
883579,151,121,1647,2001,0.0,313634.0,-0.410422,-0.5868369999999999,MUS,KOR,8429
883580,153,121,1647,2001,17176.0,4532440.0,0.768174,0.307033,MYS,KOR,8429
883581,156,121,1647,2001,0.0,702015.0,-0.837087,-0.9207040000000001,NCL,KOR,8429
883582,159,121,1647,2001,0.0,295901.0,-1.966439,-1.2724520000000001,NGA,KOR,8429
883583,162,121,1647,2001,75619.0,112363584.0,1.315685,1.590935,NLD,KOR,8429
883584,163,121,1647,2001,31988.0,374644.0,0.974814,0.06512000000000001,NOR,KOR,8429
883585,164,121,1647,2001,0.0,3986.0,-0.483749,-0.008754999999999999,NPL,KOR,8429
883586,166,121,1647,2001,0.0,3144339.0,0.521409,0.683134,NZL,KOR,8429
883587,167,121,1647,2001,0.0,2218683.0,-0.909329,-1.189698,OMN,KOR,8429
883588,168,121,1647,2001,0.0,42118.0,-0.8376520000000001,-0.378743,PAK,KOR,8429
883589,169,121,1647,2001,0.0,492621.0,0.17588199999999998,0.422505,PAN,KOR,8429
883590,173,121,1647,2001,0.0,1824187.0,-0.345519,0.202623,PER,KOR,8429
883591,174,121,1647,2001,199357.0,2609147.0,-0.028201,-0.112349,PHL,KOR,8429
883592,175,121,1647,2001,0.0,1608058.0,-1.194157,-0.9768700000000001,PLW,KOR,8429
883593,176,121,1647,2001,0.0,79173.0,-1.503929,-1.199463,PNG,KOR,8429
883594,177,121,1647,2001,291542.0,478660.0,0.9474540000000001,1.8408220000000002,POL,KOR,8429
883595,179,121,1647,2001,7942.0,3824565.0,0.482048,1.662123,PRT,KOR,8429
883596,180,121,1647,2001,0.0,12691.0,-0.68893,-0.9326690000000001,PRY,KOR,8429
883597,181,121,1647,2001,474021.0,0.0,0.60735,-0.027356000000000002,PSE,KOR,8429
883598,182,121,1647,2001,0.0,193281.0,-0.005456,-0.7210770000000001,PYF,KOR,8429
883599,183,121,1647,2001,0.0,1203712.0,-0.46564799999999995,-1.127634,QAT,KOR,8429
883600,186,121,1647,2001,0.0,2256725.0,0.945816,0.35027600000000003,RUS,KOR,8429
883601,188,121,1647,2001,0.0,10045767.0,0.5370550000000001,-0.793469,SAU,KOR,8429
883602,189,121,1647,2001,0.0,55833.0,0.45280200000000004,2.469852,SCG,KOR,8429
883603,190,121,1647,2001,0.0,2172065.0,-1.6325180000000001,-1.263267,SDN,KOR,8429
883604,192,121,1647,2001,808405.0,1109250.0,1.364239,0.721074,SGP,KOR,8429
883605,205,121,1647,2001,0.0,309592.0,-0.650556,-0.801128,SUR,KOR,8429
883606,207,121,1647,2001,0.0,227700.0,1.5074370000000001,1.1370040000000001,SVN,KOR,8429
883607,208,121,1647,2001,2688082.0,418236.0,2.156845,0.784439,SWE,KOR,8429
883608,212,121,1647,2001,0.0,1392286.0,-1.057217,-0.716331,SYR,KOR,8429
883609,216,121,1647,2001,22497.0,5672464.0,0.37555900000000003,1.498267,THA,KOR,8429
883610,222,121,1647,2001,0.0,26476.0,0.178256,-0.709126,TTO,KOR,8429
883611,223,121,1647,2001,0.0,2943353.0,-0.162152,0.23939699999999997,TUN,KOR,8429
883612,224,121,1647,2001,0.0,5067597.0,0.188773,1.91451,TUR,KOR,8429
883613,226,121,1647,2001,0.0,3818.0,-1.193991,-0.49282200000000004,TZA,KOR,8429
883614,230,121,1647,2001,0.0,750904.0,0.36029,0.298869,URY,KOR,8429
883615,231,121,1647,2001,5329105.0,89685665.0,1.873674,0.168468,USA,KOR,8429
883616,236,121,1647,2001,0.0,222057.0,0.261158,-0.7397,VEN,KOR,8429
883617,239,121,1647,2001,0.0,19775996.0,-0.6692130000000001,0.610992,VNM,KOR,8429
883618,246,121,1647,2001,0.0,11259689.0,0.356842,2.006155,ZAF,KOR,8429
883619,247,121,1647,2001,0.0,3068.0,-0.731193,-0.706978,ZMB,KOR,8429
883620,249,121,1647,2001,339745.0,1435306.0,1.5731700000000002,1.353159,TWN,KOR,8429
883621,250,121,1647,2001,1196530.0,1693095.0,1.096023,-0.33562600000000004,ANS,KOR,8429
883622,7,124,1647,2001,0.0,64907.0,-0.193984,-0.457124,ARE,LBN,8429
883623,15,124,1647,2001,207676.0,0.0,1.8571650000000002,0.603191,AUT,LBN,8429
883624,18,124,1647,2001,608182.0,53389.0,1.4328370000000001,1.408495,BEL,LBN,8429
883625,23,124,1647,2001,34860.0,0.0,0.41425100000000004,1.639866,BGR,LBN,8429
883626,32,124,1647,2001,2330.0,0.0,0.672496,1.051848,BRA,LBN,8429
883627,38,124,1647,2001,0.0,104231.0,-0.682897,-0.8083140000000001,CAF,LBN,8429
883628,39,124,1647,2001,36071.0,0.0,0.971827,1.105171,CAN,LBN,8429
883629,41,124,1647,2001,92526.0,0.0,2.227246,0.553956,CHE,LBN,8429
883630,45,124,1647,2001,0.0,19708.0,-1.6254879999999998,-1.212513,CMR,LBN,8429
883631,47,124,1647,2001,0.0,8119.0,-1.482788,-1.172,COG,LBN,8429
883632,58,124,1647,2001,143165.0,33769.0,0.381251,0.257802,CYP,LBN,8429
883633,59,124,1647,2001,70972.0,0.0,1.485703,1.109305,CZE,LBN,8429
883634,61,124,1647,2001,1259574.0,6368.0,2.321375,-2.1110990000000003,DEU,LBN,8429
883635,64,124,1647,2001,57755.0,0.0,1.261883,1.351875,DNK,LBN,8429
883636,71,124,1647,2001,24469.0,0.0,1.079664,1.9842220000000002,ESP,LBN,8429
883637,77,124,1647,2001,1226067.0,147311.0,1.653507,0.797582,FRA,LBN,8429
883638,80,124,1647,2001,0.0,16116.0,-1.063007,-1.181284,GAB,LBN,8429
883639,81,124,1647,2001,865397.0,0.0,1.976894,0.685435,GBR,LBN,8429
883640,85,124,1647,2001,0.0,29276.0,-1.5380340000000001,-1.200083,GIN,LBN,8429
883641,90,124,1647,2001,68452.0,0.0,0.31387600000000004,1.3614600000000001,GRC,LBN,8429
883642,107,124,1647,2001,25626.0,0.0,-0.7732479999999999,-0.8979370000000001,IRN,LBN,8429
883643,111,124,1647,2001,2037499.0,68730.0,1.389926,1.282143,ITA,LBN,8429
883644,113,124,1647,2001,104912.0,66991.0,0.375134,0.581558,JOR,LBN,8429
883645,114,124,1647,2001,252911.0,0.0,2.585857,0.522663,JPN,LBN,8429
883646,121,124,1647,2001,214846.0,0.0,1.145797,1.0762399999999999,KOR,LBN,8429
883647,134,124,1647,2001,0.0,89164.0,-0.75275,-0.280397,MAR,LBN,8429
883648,153,124,1647,2001,7997.0,0.0,0.768174,0.307033,MYS,LBN,8429
883649,159,124,1647,2001,0.0,678980.0,-1.966439,-1.2724520000000001,NGA,LBN,8429
883650,162,124,1647,2001,878453.0,0.0,1.315685,1.590935,NLD,LBN,8429
883651,163,124,1647,2001,43702.0,0.0,0.974814,0.06512000000000001,NOR,LBN,8429
883652,183,124,1647,2001,0.0,21041.0,-0.46564799999999995,-1.127634,QAT,LBN,8429
883653,188,124,1647,2001,1236.0,30711.0,0.5370550000000001,-0.793469,SAU,LBN,8429
883654,191,124,1647,2001,0.0,24532.0,-0.437779,-0.436654,SEN,LBN,8429
883655,192,124,1647,2001,36477.0,0.0,1.364239,0.721074,SGP,LBN,8429
883656,208,124,1647,2001,393483.0,52231.0,2.156845,0.784439,SWE,LBN,8429
883657,231,124,1647,2001,1735691.0,0.0,1.873674,0.168468,USA,LBN,8429
883658,243,124,1647,2001,0.0,57532.0,-1.465154,-1.261615,YEM,LBN,8429
883659,8,138,1647,2001,0.0,30308.0,0.287698,0.547137,ARG,MEX,8429
883660,14,138,1647,2001,698310.0,0.0,0.29463,0.772375,AUS,MEX,8429
883661,15,138,1647,2001,27795.0,0.0,1.8571650000000002,0.603191,AUT,MEX,8429
883662,18,138,1647,2001,1411655.0,1583.0,1.4328370000000001,1.408495,BEL,MEX,8429
883663,29,138,1647,2001,0.0,23484.0,-0.297981,-0.695022,BLZ,MEX,8429
883664,32,138,1647,2001,30893602.0,28623.0,0.672496,1.051848,BRA,MEX,8429
883665,39,138,1647,2001,2140397.0,4111100.0,0.971827,1.105171,CAN,MEX,8429
883666,41,138,1647,2001,76025.0,0.0,2.227246,0.553956,CHE,MEX,8429
883667,42,138,1647,2001,2462.0,0.0,-0.004658,-0.002548,CHL,MEX,8429
883668,43,138,1647,2001,154217.0,0.0,0.525171,3.092963,CHN,MEX,8429
883669,49,138,1647,2001,84298.0,0.0,0.30412,0.395913,COL,MEX,8429
883670,52,138,1647,2001,0.0,27938.0,0.069458,-0.042793,CRI,MEX,8429
883671,61,138,1647,2001,1108472.0,0.0,2.321375,-2.1110990000000003,DEU,MEX,8429
883672,65,138,1647,2001,0.0,22076.0,-0.538419,-0.48773900000000003,DOM,MEX,8429
883673,67,138,1647,2001,0.0,2221.0,-0.852642,-0.896374,ECU,MEX,8429
883674,71,138,1647,2001,323326.0,0.0,1.079664,1.9842220000000002,ESP,MEX,8429
883675,74,138,1647,2001,241645.0,0.0,2.069141,0.9375180000000001,FIN,MEX,8429
883676,77,138,1647,2001,2810915.0,0.0,1.653507,0.797582,FRA,MEX,8429
883677,81,138,1647,2001,4207341.0,1842.0,1.976894,0.685435,GBR,MEX,8429
883678,93,138,1647,2001,159585.0,70644.0,-0.5089520000000001,0.216677,GTM,MEX,8429
883679,97,138,1647,2001,48384.0,0.0,0.521528,2.3025,HKG,MEX,8429
883680,99,138,1647,2001,138855.0,20251.0,-0.8003060000000001,-0.602097,HND,MEX,8429
883681,103,138,1647,2001,56681.0,0.0,-0.167771,1.6587889999999998,IDN,MEX,8429
883682,106,138,1647,2001,29033.0,0.0,1.664233,0.129983,IRL,MEX,8429
883683,111,138,1647,2001,6630488.0,0.0,1.389926,1.282143,ITA,MEX,8429
883684,112,138,1647,2001,0.0,26273.0,-0.541582,-0.837248,JAM,MEX,8429
883685,114,138,1647,2001,12606265.0,60782.0,2.585857,0.522663,JPN,MEX,8429
883686,121,138,1647,2001,2130043.0,0.0,1.145797,1.0762399999999999,KOR,MEX,8429
883687,153,138,1647,2001,383058.0,0.0,0.768174,0.307033,MYS,MEX,8429
883688,160,138,1647,2001,139551.0,0.0,-0.8917430000000001,-0.713179,NIC,MEX,8429
883689,162,138,1647,2001,3008810.0,425583.0,1.315685,1.590935,NLD,MEX,8429
883690,163,138,1647,2001,8193.0,0.0,0.974814,0.06512000000000001,NOR,MEX,8429
883691,169,138,1647,2001,31935.0,14694.0,0.17588199999999998,0.422505,PAN,MEX,8429
883692,173,138,1647,2001,410581.0,2156.0,-0.345519,0.202623,PER,MEX,8429
883693,177,138,1647,2001,721548.0,0.0,0.9474540000000001,1.8408220000000002,POL,MEX,8429
883694,178,138,1647,2001,49356.0,0.0,0.62773,1.010888,PRK,MEX,8429
883695,208,138,1647,2001,1905949.0,0.0,2.156845,0.784439,SWE,MEX,8429
883696,231,138,1647,2001,254110619.0,39371764.0,1.873674,0.168468,USA,MEX,8429
883697,236,138,1647,2001,0.0,9485.0,0.261158,-0.7397,VEN,MEX,8429
883698,237,138,1647,2001,80568.0,0.0,0.759566,-0.16636099999999998,VGB,MEX,8429
883699,250,138,1647,2001,346537.0,0.0,1.096023,-0.33562600000000004,ANS,MEX,8429
883700,7,159,1647,2001,1740204.0,0.0,-0.193984,-0.457124,ARE,NGA,8429
883701,8,159,1647,2001,51221.0,0.0,0.287698,0.547137,ARG,NGA,8429
883702,14,159,1647,2001,20606.0,0.0,0.29463,0.772375,AUS,NGA,8429
883703,15,159,1647,2001,381387.0,0.0,1.8571650000000002,0.603191,AUT,NGA,8429
883704,18,159,1647,2001,9706063.0,0.0,1.4328370000000001,1.408495,BEL,NGA,8429
883705,19,159,1647,2001,23389.0,3010.0,-1.09233,-0.8276969999999999,BEN,NGA,8429
883706,32,159,1647,2001,6710124.0,0.0,0.672496,1.051848,BRA,NGA,8429
883707,39,159,1647,2001,8923.0,0.0,0.971827,1.105171,CAN,NGA,8429
883708,41,159,1647,2001,13047.0,0.0,2.227246,0.553956,CHE,NGA,8429
883709,43,159,1647,2001,1632516.0,0.0,0.525171,3.092963,CHN,NGA,8429
883710,44,159,1647,2001,9051.0,0.0,-0.715949,-0.524428,CIV,NGA,8429
883711,59,159,1647,2001,13061.0,0.0,1.485703,1.109305,CZE,NGA,8429
883712,61,159,1647,2001,28559869.0,0.0,2.321375,-2.1110990000000003,DEU,NGA,8429
883713,64,159,1647,2001,66268.0,0.0,1.261883,1.351875,DNK,NGA,8429
883714,71,159,1647,2001,6625.0,0.0,1.079664,1.9842220000000002,ESP,NGA,8429
883715,77,159,1647,2001,5173527.0,0.0,1.653507,0.797582,FRA,NGA,8429
883716,80,159,1647,2001,75184.0,0.0,-1.063007,-1.181284,GAB,NGA,8429
883717,81,159,1647,2001,7092716.0,3855.0,1.976894,0.685435,GBR,NGA,8429
883718,83,159,1647,2001,619869.0,0.0,-0.961067,-0.780449,GHA,NGA,8429
883719,85,159,1647,2001,364115.0,0.0,-1.5380340000000001,-1.200083,GIN,NGA,8429
883720,88,159,1647,2001,10706.0,0.0,-1.580625,-0.9665860000000001,GNB,NGA,8429
883721,104,159,1647,2001,116542.0,0.0,0.349744,2.665844,IND,NGA,8429
883722,106,159,1647,2001,119025.0,0.0,1.664233,0.129983,IRL,NGA,8429
883723,110,159,1647,2001,224912.0,0.0,1.374873,0.775594,ISR,NGA,8429
883724,111,159,1647,2001,5070398.0,0.0,1.389926,1.282143,ITA,NGA,8429
883725,114,159,1647,2001,187224.0,0.0,2.585857,0.522663,JPN,NGA,8429
883726,121,159,1647,2001,295901.0,0.0,1.145797,1.0762399999999999,KOR,NGA,8429
883727,124,159,1647,2001,678980.0,0.0,0.165355,0.988008,LBN,NGA,8429
883728,157,159,1647,2001,1018.0,0.0,-0.22368600000000002,-0.464156,NER,NGA,8429
883729,162,159,1647,2001,4815456.0,120761.0,1.315685,1.590935,NLD,NGA,8429
883730,163,159,1647,2001,285719.0,0.0,0.974814,0.06512000000000001,NOR,NGA,8429
883731,177,159,1647,2001,170484.0,0.0,0.9474540000000001,1.8408220000000002,POL,NGA,8429
883732,179,159,1647,2001,74083.0,0.0,0.482048,1.662123,PRT,NGA,8429
883733,189,159,1647,2001,6991.0,0.0,0.45280200000000004,2.469852,SCG,NGA,8429
883734,192,159,1647,2001,265789.0,0.0,1.364239,0.721074,SGP,NGA,8429
883735,208,159,1647,2001,3050590.0,0.0,2.156845,0.784439,SWE,NGA,8429
883736,215,159,1647,2001,2240.0,4172.0,-0.758725,-0.577004,TGO,NGA,8429
883737,231,159,1647,2001,6364193.0,0.0,1.873674,0.168468,USA,NGA,8429
883738,246,159,1647,2001,922167.0,0.0,0.356842,2.006155,ZAF,NGA,8429
883739,249,159,1647,2001,5140.0,0.0,1.5731700000000002,1.353159,TWN,NGA,8429
883740,32,160,1647,2001,200785.0,0.0,0.672496,1.051848,BRA,NIC,8429
883741,39,160,1647,2001,31643.0,0.0,0.971827,1.105171,CAN,NIC,8429
883742,52,160,1647,2001,1474031.0,0.0,0.069458,-0.042793,CRI,NIC,8429
883743,61,160,1647,2001,7066.0,0.0,2.321375,-2.1110990000000003,DEU,NIC,8429
883744,71,160,1647,2001,83378.0,0.0,1.079664,1.9842220000000002,ESP,NIC,8429
883745,77,160,1647,2001,2208.0,0.0,1.653507,0.797582,FRA,NIC,8429
883746,81,160,1647,2001,139253.0,0.0,1.976894,0.685435,GBR,NIC,8429
883747,93,160,1647,2001,30015.0,11384.0,-0.5089520000000001,0.216677,GTM,NIC,8429
883748,99,160,1647,2001,51358.0,61642.0,-0.8003060000000001,-0.602097,HND,NIC,8429
883749,114,160,1647,2001,766336.0,0.0,2.585857,0.522663,JPN,NIC,8429
883750,138,160,1647,2001,0.0,139551.0,0.797058,0.713234,MEX,NIC,8429
883751,162,160,1647,2001,131917.0,0.0,1.315685,1.590935,NLD,NIC,8429
883752,169,160,1647,2001,39649.0,0.0,0.17588199999999998,0.422505,PAN,NIC,8429
883753,197,160,1647,2001,25971.0,135397.0,-0.181554,-0.031294,SLV,NIC,8429
883754,231,160,1647,2001,2116105.0,12036.0,1.873674,0.168468,USA,NIC,8429
883755,249,160,1647,2001,39783.0,0.0,1.5731700000000002,1.353159,TWN,NIC,8429
883756,250,160,1647,2001,0.0,43915.0,1.096023,-0.33562600000000004,ANS,NIC,8429
883757,0,162,1647,2001,0.0,602329.0,-0.084715,-0.844852,ABW,NLD,8429
883758,2,162,1647,2001,0.0,1076835.0,-1.523823,-1.214093,AGO,NLD,8429
883759,6,162,1647,2001,13719.0,617989.0,0.260662,-0.66681,ANT,NLD,8429
883760,7,162,1647,2001,0.0,9589674.0,-0.193984,-0.457124,ARE,NLD,8429
883761,8,162,1647,2001,1429675.0,11085.0,0.287698,0.547137,ARG,NLD,8429
883762,14,162,1647,2001,642867.0,1533193.0,0.29463,0.772375,AUS,NLD,8429
883763,15,162,1647,2001,9692707.0,1524237.0,1.8571650000000002,0.603191,AUT,NLD,8429
883764,18,162,1647,2001,61814974.0,55563333.0,1.4328370000000001,1.408495,BEL,NLD,8429
883765,19,162,1647,2001,0.0,3548.0,-1.09233,-0.8276969999999999,BEN,NLD,8429
883766,21,162,1647,2001,0.0,15467.0,-0.291485,-0.20803000000000002,BFA,NLD,8429
883767,23,162,1647,2001,0.0,356402.0,0.41425100000000004,1.639866,BGR,NLD,8429
883768,24,162,1647,2001,0.0,97614.0,-0.11008399999999999,-1.053611,BHR,NLD,8429
883769,26,162,1647,2001,0.0,93377.0,0.238083,0.362643,BIH,NLD,8429
883770,28,162,1647,2001,38109.0,0.0,0.804404,0.936773,BLR,NLD,8429
883771,31,162,1647,2001,0.0,124351.0,-0.680108,-0.678143,BOL,NLD,8429
883772,32,162,1647,2001,263595.0,7439.0,0.672496,1.051848,BRA,NLD,8429
883773,39,162,1647,2001,48510.0,2013846.0,0.971827,1.105171,CAN,NLD,8429
883774,41,162,1647,2001,891476.0,6529891.0,2.227246,0.553956,CHE,NLD,8429
883775,42,162,1647,2001,0.0,478253.0,-0.004658,-0.002548,CHL,NLD,8429
883776,43,162,1647,2001,416978.0,0.0,0.525171,3.092963,CHN,NLD,8429
883777,44,162,1647,2001,0.0,4335.0,-0.715949,-0.524428,CIV,NLD,8429
883778,45,162,1647,2001,0.0,136794.0,-1.6254879999999998,-1.212513,CMR,NLD,8429
883779,47,162,1647,2001,0.0,86104.0,-1.482788,-1.172,COG,NLD,8429
883780,51,162,1647,2001,0.0,7247.0,0.063802,-0.456617,CPV,NLD,8429
883781,52,162,1647,2001,0.0,389540.0,0.069458,-0.042793,CRI,NLD,8429
883782,54,162,1647,2001,0.0,484745.0,-0.443391,-0.9599030000000001,CUB,NLD,8429
883783,58,162,1647,2001,2051.0,1071269.0,0.381251,0.257802,CYP,NLD,8429
883784,59,162,1647,2001,134623.0,659840.0,1.485703,1.109305,CZE,NLD,8429
883785,61,162,1647,2001,119381228.0,17195166.0,2.321375,-2.1110990000000003,DEU,NLD,8429
883786,62,162,1647,2001,0.0,164184.0,0.143467,0.14288599999999999,DJI,NLD,8429
883787,64,162,1647,2001,2467787.0,2747937.0,1.261883,1.351875,DNK,NLD,8429
883788,65,162,1647,2001,0.0,596779.0,-0.538419,-0.48773900000000003,DOM,NLD,8429
883789,66,162,1647,2001,0.0,630947.0,-0.663363,-1.158295,DZA,NLD,8429
883790,67,162,1647,2001,0.0,41436.0,-0.852642,-0.896374,ECU,NLD,8429
883791,68,162,1647,2001,0.0,284003.0,-0.373576,0.366385,EGY,NLD,8429
883792,69,162,1647,2001,0.0,262590.0,0.617376,-0.33233,ERI,NLD,8429
883793,71,162,1647,2001,336424.0,10276891.0,1.079664,1.9842220000000002,ESP,NLD,8429
883794,72,162,1647,2001,0.0,169694.0,0.5746829999999999,0.9073899999999999,EST,NLD,8429
883795,73,162,1647,2001,0.0,176248.0,-0.999149,-0.904072,ETH,NLD,8429
883796,74,162,1647,2001,1221575.0,4383760.0,2.069141,0.9375180000000001,FIN,NLD,8429
883797,77,162,1647,2001,24898921.0,11348339.0,1.653507,0.797582,FRA,NLD,8429
883798,78,162,1647,2001,0.0,20155.0,-1.004972,-0.9456030000000001,FRO,NLD,8429
883799,80,162,1647,2001,0.0,109518.0,-1.063007,-1.181284,GAB,NLD,8429
883800,81,162,1647,2001,62710442.0,33804010.0,1.976894,0.685435,GBR,NLD,8429
883801,83,162,1647,2001,217860.0,445167.0,-0.961067,-0.780449,GHA,NLD,8429
883802,84,162,1647,2001,79150.0,86123.0,0.5955739999999999,-0.39100799999999997,GIB,NLD,8429
883803,85,162,1647,2001,0.0,3408.0,-1.5380340000000001,-1.200083,GIN,NLD,8429
883804,88,162,1647,2001,0.0,52207.0,-1.580625,-0.9665860000000001,GNB,NLD,8429
883805,89,162,1647,2001,0.0,19746.0,-2.0882959999999997,-0.921539,GNQ,NLD,8429
883806,90,162,1647,2001,4201.0,2145374.0,0.31387600000000004,1.3614600000000001,GRC,NLD,8429
883807,96,162,1647,2001,0.0,15777.0,-0.955816,-0.8593069999999999,GUY,NLD,8429
883808,100,162,1647,2001,4131.0,364269.0,0.544596,0.969535,HRV,NLD,8429
883809,102,162,1647,2001,512120.0,1013617.0,1.102262,1.138016,HUN,NLD,8429
883810,103,162,1647,2001,3141.0,2683.0,-0.167771,1.6587889999999998,IDN,NLD,8429
883811,104,162,1647,2001,0.0,1850146.0,0.349744,2.665844,IND,NLD,8429
883812,106,162,1647,2001,956498.0,2133004.0,1.664233,0.129983,IRL,NLD,8429
883813,107,162,1647,2001,0.0,279720.0,-0.7732479999999999,-0.8979370000000001,IRN,NLD,8429
883814,109,162,1647,2001,132741.0,339639.0,0.032382999999999995,-0.51054,ISL,NLD,8429
883815,110,162,1647,2001,0.0,1101481.0,1.374873,0.775594,ISR,NLD,8429
883816,111,162,1647,2001,26421571.0,38337286.0,1.389926,1.282143,ITA,NLD,8429
883817,113,162,1647,2001,0.0,845009.0,0.375134,0.581558,JOR,NLD,8429
883818,114,162,1647,2001,102636041.0,576642.0,2.585857,0.522663,JPN,NLD,8429
883819,115,162,1647,2001,0.0,1582328.0,0.009714,-0.525899,KAZ,NLD,8429
883820,116,162,1647,2001,0.0,56069.0,-0.529388,0.092271,KEN,NLD,8429
883821,121,162,1647,2001,112363584.0,75619.0,1.145797,1.0762399999999999,KOR,NLD,8429
883822,122,162,1647,2001,0.0,2607182.0,-0.8197,-1.183758,KWT,NLD,8429
883823,124,162,1647,2001,0.0,878453.0,0.165355,0.988008,LBN,NLD,8429
883824,126,162,1647,2001,0.0,263496.0,-0.9321459999999999,-1.198124,LBY,NLD,8429
883825,130,162,1647,2001,0.0,208133.0,0.15706900000000001,0.416663,LTU,NLD,8429
883826,131,162,1647,2001,593927.0,219679.0,1.470895,1.149007,LUX,NLD,8429
883827,132,162,1647,2001,16420.0,133439.0,0.404136,0.461009,LVA,NLD,8429
883828,134,162,1647,2001,0.0,2725866.0,-0.75275,-0.280397,MAR,NLD,8429
883829,136,162,1647,2001,0.0,22898.0,-1.247531,-0.637093,MDG,NLD,8429
883830,138,162,1647,2001,425583.0,3008810.0,0.797058,0.713234,MEX,NLD,8429
883831,140,162,1647,2001,0.0,54715.0,0.033097,0.43516499999999997,MKD,NLD,8429
883832,141,162,1647,2001,0.0,3495.0,-0.40341,-0.626402,MLI,NLD,8429
883833,142,162,1647,2001,0.0,309663.0,1.065032,-0.065239,MLT,NLD,8429
883834,143,162,1647,2001,0.0,1319.0,-1.5627,-1.150854,MMR,NLD,8429
883835,147,162,1647,2001,0.0,54525.0,-1.2364879999999998,-1.136715,MOZ,NLD,8429
883836,153,162,1647,2001,356989.0,0.0,0.768174,0.307033,MYS,NLD,8429
883837,159,162,1647,2001,120761.0,4815456.0,-1.966439,-1.2724520000000001,NGA,NLD,8429
883838,160,162,1647,2001,0.0,131917.0,-0.8917430000000001,-0.713179,NIC,NLD,8429
883839,163,162,1647,2001,512061.0,11859414.0,0.974814,0.06512000000000001,NOR,NLD,8429
883840,166,162,1647,2001,0.0,31822.0,0.521409,0.683134,NZL,NLD,8429
883841,167,162,1647,2001,0.0,363499.0,-0.909329,-1.189698,OMN,NLD,8429
883842,168,162,1647,2001,0.0,205220.0,-0.8376520000000001,-0.378743,PAK,NLD,8429
883843,169,162,1647,2001,0.0,5054.0,0.17588199999999998,0.422505,PAN,NLD,8429
883844,173,162,1647,2001,0.0,32787.0,-0.345519,0.202623,PER,NLD,8429
883845,174,162,1647,2001,65288.0,76047.0,-0.028201,-0.112349,PHL,NLD,8429
883846,177,162,1647,2001,367405.0,1638909.0,0.9474540000000001,1.8408220000000002,POL,NLD,8429
883847,178,162,1647,2001,0.0,52058.0,0.62773,1.010888,PRK,NLD,8429
883848,179,162,1647,2001,262817.0,4996425.0,0.482048,1.662123,PRT,NLD,8429
883849,180,162,1647,2001,0.0,22981.0,-0.68893,-0.9326690000000001,PRY,NLD,8429
883850,183,162,1647,2001,0.0,645686.0,-0.46564799999999995,-1.127634,QAT,NLD,8429
883851,185,162,1647,2001,15776.0,317740.0,0.326733,1.005332,ROU,NLD,8429
883852,186,162,1647,2001,24407.0,4036934.0,0.945816,0.35027600000000003,RUS,NLD,8429
883853,188,162,1647,2001,0.0,3189587.0,0.5370550000000001,-0.793469,SAU,NLD,8429
883854,189,162,1647,2001,0.0,206891.0,0.45280200000000004,2.469852,SCG,NLD,8429
883855,190,162,1647,2001,0.0,204594.0,-1.6325180000000001,-1.263267,SDN,NLD,8429
883856,192,162,1647,2001,639986.0,563938.0,1.364239,0.721074,SGP,NLD,8429
883857,196,162,1647,2001,0.0,8977.0,0.331949,0.186253,SLE,NLD,8429
883858,205,162,1647,2001,169229.0,2517328.0,-0.650556,-0.801128,SUR,NLD,8429
883859,206,162,1647,2001,9812.0,6699.0,1.1732770000000001,1.088576,SVK,NLD,8429
883860,207,162,1647,2001,0.0,126369.0,1.5074370000000001,1.1370040000000001,SVN,NLD,8429
883861,208,162,1647,2001,28872664.0,4827773.0,2.156845,0.784439,SWE,NLD,8429
883862,212,162,1647,2001,0.0,748013.0,-1.057217,-0.716331,SYR,NLD,8429
883863,215,162,1647,2001,0.0,1687.0,-0.758725,-0.577004,TGO,NLD,8429
883864,216,162,1647,2001,566453.0,72118.0,0.37555900000000003,1.498267,THA,NLD,8429
883865,222,162,1647,2001,74468.0,806077.0,0.178256,-0.709126,TTO,NLD,8429
883866,223,162,1647,2001,0.0,217215.0,-0.162152,0.23939699999999997,TUN,NLD,8429
883867,224,162,1647,2001,2799698.0,1177017.0,0.188773,1.91451,TUR,NLD,8429
883868,226,162,1647,2001,0.0,265232.0,-1.193991,-0.49282200000000004,TZA,NLD,8429
883869,227,162,1647,2001,0.0,68228.0,-0.9694860000000001,-0.840592,UGA,NLD,8429
883870,230,162,1647,2001,0.0,171841.0,0.36029,0.298869,URY,NLD,8429
883871,231,162,1647,2001,6765777.0,37329319.0,1.873674,0.168468,USA,NLD,8429
883872,236,162,1647,2001,0.0,370779.0,0.261158,-0.7397,VEN,NLD,8429
883873,239,162,1647,2001,0.0,290267.0,-0.6692130000000001,0.610992,VNM,NLD,8429
883874,243,162,1647,2001,0.0,619384.0,-1.465154,-1.261615,YEM,NLD,8429
883875,246,162,1647,2001,0.0,391805.0,0.356842,2.006155,ZAF,NLD,8429
883876,248,162,1647,2001,0.0,815.0,-0.6321829999999999,-0.453671,ZWE,NLD,8429
883877,249,162,1647,2001,0.0,29614.0,1.5731700000000002,1.353159,TWN,NLD,8429
883878,250,162,1647,2001,0.0,194145.0,1.096023,-0.33562600000000004,ANS,NLD,8429
883879,7,163,1647,2001,0.0,664411.0,-0.193984,-0.457124,ARE,NOR,8429
883880,15,163,1647,2001,1405910.0,0.0,1.8571650000000002,0.603191,AUT,NOR,8429
883881,18,163,1647,2001,11187574.0,648622.0,1.4328370000000001,1.408495,BEL,NOR,8429
883882,26,163,1647,2001,0.0,1955.0,0.238083,0.362643,BIH,NOR,8429
883883,31,163,1647,2001,0.0,29094.0,-0.680108,-0.678143,BOL,NOR,8429
883884,32,163,1647,2001,365031.0,0.0,0.672496,1.051848,BRA,NOR,8429
883885,39,163,1647,2001,0.0,256091.0,0.971827,1.105171,CAN,NOR,8429
883886,41,163,1647,2001,1147476.0,486907.0,2.227246,0.553956,CHE,NOR,8429
883887,42,163,1647,2001,0.0,26422.0,-0.004658,-0.002548,CHL,NOR,8429
883888,45,163,1647,2001,0.0,25298.0,-1.6254879999999998,-1.212513,CMR,NOR,8429
883889,51,163,1647,2001,0.0,255200.0,0.063802,-0.456617,CPV,NOR,8429
883890,52,163,1647,2001,0.0,20339.0,0.069458,-0.042793,CRI,NOR,8429
883891,58,163,1647,2001,0.0,102392.0,0.381251,0.257802,CYP,NOR,8429
883892,61,163,1647,2001,19827052.0,109309.0,2.321375,-2.1110990000000003,DEU,NOR,8429
883893,64,163,1647,2001,3139851.0,996482.0,1.261883,1.351875,DNK,NOR,8429
883894,65,163,1647,2001,0.0,1114173.0,-0.538419,-0.48773900000000003,DOM,NOR,8429
883895,68,163,1647,2001,0.0,39092.0,-0.373576,0.366385,EGY,NOR,8429
883896,71,163,1647,2001,18120.0,230488.0,1.079664,1.9842220000000002,ESP,NOR,8429
883897,72,163,1647,2001,23064.0,21659.0,0.5746829999999999,0.9073899999999999,EST,NOR,8429
883898,74,163,1647,2001,4985769.0,243427.0,2.069141,0.9375180000000001,FIN,NOR,8429
883899,77,163,1647,2001,3978118.0,78051.0,1.653507,0.797582,FRA,NOR,8429
883900,78,163,1647,2001,0.0,425723.0,-1.004972,-0.9456030000000001,FRO,NOR,8429
883901,80,163,1647,2001,0.0,16746.0,-1.063007,-1.181284,GAB,NOR,8429
883902,81,163,1647,2001,13916219.0,517055.0,1.976894,0.685435,GBR,NOR,8429
883903,83,163,1647,2001,0.0,8068.0,-0.961067,-0.780449,GHA,NOR,8429
883904,90,163,1647,2001,0.0,626844.0,0.31387600000000004,1.3614600000000001,GRC,NOR,8429
883905,100,163,1647,2001,0.0,9751.0,0.544596,0.969535,HRV,NOR,8429
883906,102,163,1647,2001,0.0,7139.0,1.102262,1.138016,HUN,NOR,8429
883907,106,163,1647,2001,0.0,83799.0,1.664233,0.129983,IRL,NOR,8429
883908,109,163,1647,2001,0.0,2038910.0,0.032382999999999995,-0.51054,ISL,NOR,8429
883909,110,163,1647,2001,0.0,36785.0,1.374873,0.775594,ISR,NOR,8429
883910,111,163,1647,2001,6782788.0,4838.0,1.389926,1.282143,ITA,NOR,8429
883911,112,163,1647,2001,12020.0,0.0,-0.541582,-0.837248,JAM,NOR,8429
883912,114,163,1647,2001,14454637.0,0.0,2.585857,0.522663,JPN,NOR,8429
883913,121,163,1647,2001,374644.0,31988.0,1.145797,1.0762399999999999,KOR,NOR,8429
883914,124,163,1647,2001,0.0,43702.0,0.165355,0.988008,LBN,NOR,8429
883915,134,163,1647,2001,0.0,97805.0,-0.75275,-0.280397,MAR,NOR,8429
883916,138,163,1647,2001,0.0,8193.0,0.797058,0.713234,MEX,NOR,8429
883917,159,163,1647,2001,0.0,285719.0,-1.966439,-1.2724520000000001,NGA,NOR,8429
883918,162,163,1647,2001,11859414.0,512061.0,1.315685,1.590935,NLD,NOR,8429
883919,173,163,1647,2001,0.0,10176.0,-0.345519,0.202623,PER,NOR,8429
883920,177,163,1647,2001,0.0,886.0,0.9474540000000001,1.8408220000000002,POL,NOR,8429
883921,186,163,1647,2001,0.0,51036.0,0.945816,0.35027600000000003,RUS,NOR,8429
883922,188,163,1647,2001,0.0,171261.0,0.5370550000000001,-0.793469,SAU,NOR,8429
883923,197,163,1647,2001,16883.0,0.0,-0.181554,-0.031294,SLV,NOR,8429
883924,206,163,1647,2001,0.0,655.0,1.1732770000000001,1.088576,SVK,NOR,8429
883925,207,163,1647,2001,0.0,10921.0,1.5074370000000001,1.1370040000000001,SVN,NOR,8429
883926,208,163,1647,2001,17571585.0,5447870.0,2.156845,0.784439,SWE,NOR,8429
883927,212,163,1647,2001,0.0,44020.0,-1.057217,-0.716331,SYR,NOR,8429
883928,226,163,1647,2001,0.0,71749.0,-1.193991,-0.49282200000000004,TZA,NOR,8429
883929,228,163,1647,2001,0.0,30300.0,0.8376969999999999,0.989059,UKR,NOR,8429
883930,231,163,1647,2001,8896138.0,1303465.0,1.873674,0.168468,USA,NOR,8429
883931,239,163,1647,2001,0.0,24337.0,-0.6692130000000001,0.610992,VNM,NOR,8429
883932,246,163,1647,2001,0.0,6210.0,0.356842,2.006155,ZAF,NOR,8429
883933,248,163,1647,2001,0.0,71368.0,-0.6321829999999999,-0.453671,ZWE,NOR,8429
883934,10,166,1647,2001,0.0,372725.0,1.343164,0.15453,ASM,NZL,8429
883935,14,166,1647,2001,6406798.0,232778.0,0.29463,0.772375,AUS,NZL,8429
883936,15,166,1647,2001,127518.0,0.0,1.8571650000000002,0.603191,AUT,NZL,8429
883937,18,166,1647,2001,229067.0,0.0,1.4328370000000001,1.408495,BEL,NZL,8429
883938,24,166,1647,2001,0.0,1454.0,-0.11008399999999999,-1.053611,BHR,NZL,8429
883939,32,166,1647,2001,0.0,38715.0,0.672496,1.051848,BRA,NZL,8429
883940,39,166,1647,2001,532980.0,0.0,0.971827,1.105171,CAN,NZL,8429
883941,41,166,1647,2001,52278.0,27133.0,2.227246,0.553956,CHE,NZL,8429
883942,42,166,1647,2001,0.0,14928.0,-0.004658,-0.002548,CHL,NZL,8429
883943,48,166,1647,2001,0.0,156490.0,-0.003435,-0.72313,COK,NZL,8429
883944,61,166,1647,2001,2087894.0,0.0,2.321375,-2.1110990000000003,DEU,NZL,8429
883945,75,166,1647,2001,0.0,186779.0,-0.954702,-0.602761,FJI,NZL,8429
883946,77,166,1647,2001,1169691.0,0.0,1.653507,0.797582,FRA,NZL,8429
883947,81,166,1647,2001,1505259.0,0.0,1.976894,0.685435,GBR,NZL,8429
883948,103,166,1647,2001,283623.0,0.0,-0.167771,1.6587889999999998,IDN,NZL,8429
883949,111,166,1647,2001,1666264.0,47196.0,1.389926,1.282143,ITA,NZL,8429
883950,114,166,1647,2001,51866435.0,0.0,2.585857,0.522663,JPN,NZL,8429
883951,121,166,1647,2001,3144339.0,0.0,1.145797,1.0762399999999999,KOR,NZL,8429
883952,153,166,1647,2001,597847.0,42633.0,0.768174,0.307033,MYS,NZL,8429
883953,156,166,1647,2001,0.0,121229.0,-0.837087,-0.9207040000000001,NCL,NZL,8429
883954,158,166,1647,2001,0.0,89268.0,2.1737040000000003,-0.5512100000000001,NFK,NZL,8429
883955,162,166,1647,2001,31822.0,0.0,1.315685,1.590935,NLD,NZL,8429
883956,179,166,1647,2001,3611.0,0.0,0.482048,1.662123,PRT,NZL,8429
883957,182,166,1647,2001,0.0,457149.0,-0.005456,-0.7210770000000001,PYF,NZL,8429
883958,189,166,1647,2001,0.0,11063.0,0.45280200000000004,2.469852,SCG,NZL,8429
883959,192,166,1647,2001,502477.0,21113.0,1.364239,0.721074,SGP,NZL,8429
883960,208,166,1647,2001,2462651.0,0.0,2.156845,0.784439,SWE,NZL,8429
883961,216,166,1647,2001,87729.0,0.0,0.37555900000000003,1.498267,THA,NZL,8429
883962,221,166,1647,2001,0.0,98600.0,-0.8627950000000001,-0.817174,TON,NZL,8429
883963,225,166,1647,2001,0.0,106508.0,-0.12332699999999999,-0.172416,TUV,NZL,8429
883964,230,166,1647,2001,0.0,2639.0,0.36029,0.298869,URY,NZL,8429
883965,231,166,1647,2001,4049780.0,261066.0,1.873674,0.168468,USA,NZL,8429
883966,239,166,1647,2001,0.0,54534.0,-0.6692130000000001,0.610992,VNM,NZL,8429
883967,240,166,1647,2001,0.0,28188.0,-0.9620719999999999,-0.873368,VUT,NZL,8429
883968,241,166,1647,2001,0.0,1062.0,0.934326,-0.724379,WLF,NZL,8429
883969,242,166,1647,2001,0.0,203586.0,-0.361456,-0.690474,WSM,NZL,8429
883970,29,169,1647,2001,0.0,44.0,-0.297981,-0.695022,BLZ,PAN,8429
883971,32,169,1647,2001,1465317.0,0.0,0.672496,1.051848,BRA,PAN,8429
883972,45,169,1647,2001,0.0,226680.0,-1.6254879999999998,-1.212513,CMR,PAN,8429
883973,49,169,1647,2001,1126.0,18965.0,0.30412,0.395913,COL,PAN,8429
883974,52,169,1647,2001,220999.0,0.0,0.069458,-0.042793,CRI,PAN,8429
883975,61,169,1647,2001,82386.0,0.0,2.321375,-2.1110990000000003,DEU,PAN,8429
883976,65,169,1647,2001,0.0,54583.0,-0.538419,-0.48773900000000003,DOM,PAN,8429
883977,77,169,1647,2001,103014.0,0.0,1.653507,0.797582,FRA,PAN,8429
883978,81,169,1647,2001,114767.0,0.0,1.976894,0.685435,GBR,PAN,8429
883979,83,169,1647,2001,0.0,36605.0,-0.961067,-0.780449,GHA,PAN,8429
883980,93,169,1647,2001,0.0,283041.0,-0.5089520000000001,0.216677,GTM,PAN,8429
883981,99,169,1647,2001,0.0,82282.0,-0.8003060000000001,-0.602097,HND,PAN,8429
883982,111,169,1647,2001,74505.0,0.0,1.389926,1.282143,ITA,PAN,8429
883983,114,169,1647,2001,276060.0,0.0,2.585857,0.522663,JPN,PAN,8429
883984,121,169,1647,2001,492621.0,0.0,1.145797,1.0762399999999999,KOR,PAN,8429
883985,138,169,1647,2001,14694.0,31935.0,0.797058,0.713234,MEX,PAN,8429
883986,152,169,1647,2001,0.0,188356.0,-1.388716,-1.116315,MWI,PAN,8429
883987,160,169,1647,2001,0.0,39649.0,-0.8917430000000001,-0.713179,NIC,PAN,8429
883988,162,169,1647,2001,5054.0,0.0,1.315685,1.590935,NLD,PAN,8429
883989,173,169,1647,2001,4787.0,0.0,-0.345519,0.202623,PER,PAN,8429
883990,197,169,1647,2001,0.0,9459.0,-0.181554,-0.031294,SLV,PAN,8429
883991,231,169,1647,2001,2841981.0,0.0,1.873674,0.168468,USA,PAN,8429
883992,236,169,1647,2001,0.0,234999.0,0.261158,-0.7397,VEN,PAN,8429
883993,250,169,1647,2001,391241.0,0.0,1.096023,-0.33562600000000004,ANS,PAN,8429
883994,8,173,1647,2001,0.0,21176.0,0.287698,0.547137,ARG,PER,8429
883995,14,173,1647,2001,453609.0,0.0,0.29463,0.772375,AUS,PER,8429
883996,18,173,1647,2001,850121.0,0.0,1.4328370000000001,1.408495,BEL,PER,8429
883997,31,173,1647,2001,90901.0,278651.0,-0.680108,-0.678143,BOL,PER,8429
883998,32,173,1647,2001,2592953.0,0.0,0.672496,1.051848,BRA,PER,8429
883999,39,173,1647,2001,2055780.0,0.0,0.971827,1.105171,CAN,PER,8429
884000,42,173,1647,2001,217108.0,133615.0,-0.004658,-0.002548,CHL,PER,8429
884001,61,173,1647,2001,815657.0,9115.0,2.321375,-2.1110990000000003,DEU,PER,8429
884002,67,173,1647,2001,0.0,386255.0,-0.852642,-0.896374,ECU,PER,8429
884003,71,173,1647,2001,39740.0,0.0,1.079664,1.9842220000000002,ESP,PER,8429
884004,74,173,1647,2001,462233.0,0.0,2.069141,0.9375180000000001,FIN,PER,8429
884005,77,173,1647,2001,425693.0,114267.0,1.653507,0.797582,FRA,PER,8429
884006,81,173,1647,2001,486881.0,0.0,1.976894,0.685435,GBR,PER,8429
884007,111,173,1647,2001,838622.0,0.0,1.389926,1.282143,ITA,PER,8429
884008,112,173,1647,2001,0.0,190826.0,-0.541582,-0.837248,JAM,PER,8429
884009,114,173,1647,2001,29002475.0,0.0,2.585857,0.522663,JPN,PER,8429
884010,121,173,1647,2001,1824187.0,0.0,1.145797,1.0762399999999999,KOR,PER,8429
884011,128,173,1647,2001,85658.0,0.0,-0.722434,-0.033818,LKA,PER,8429
884012,138,173,1647,2001,2156.0,410581.0,0.797058,0.713234,MEX,PER,8429
884013,153,173,1647,2001,156196.0,0.0,0.768174,0.307033,MYS,PER,8429
884014,162,173,1647,2001,32787.0,0.0,1.315685,1.590935,NLD,PER,8429
884015,163,173,1647,2001,10176.0,0.0,0.974814,0.06512000000000001,NOR,PER,8429
884016,169,173,1647,2001,0.0,4787.0,0.17588199999999998,0.422505,PAN,PER,8429
884017,192,173,1647,2001,158772.0,0.0,1.364239,0.721074,SGP,PER,8429
884018,208,173,1647,2001,241524.0,0.0,2.156845,0.784439,SWE,PER,8429
884019,231,173,1647,2001,19075578.0,366138.0,1.873674,0.168468,USA,PER,8429
884020,246,173,1647,2001,53599.0,0.0,0.356842,2.006155,ZAF,PER,8429
884021,0,174,1647,2001,0.0,19570.0,-0.084715,-0.844852,ABW,PHL,8429
884022,7,174,1647,2001,40735.0,1418363.0,-0.193984,-0.457124,ARE,PHL,8429
884023,14,174,1647,2001,321328.0,270543.0,0.29463,0.772375,AUS,PHL,8429
884024,15,174,1647,2001,157176.0,0.0,1.8571650000000002,0.603191,AUT,PHL,8429
884025,18,174,1647,2001,173548.0,0.0,1.4328370000000001,1.408495,BEL,PHL,8429
884026,32,174,1647,2001,295210.0,0.0,0.672496,1.051848,BRA,PHL,8429
884027,39,174,1647,2001,205302.0,0.0,0.971827,1.105171,CAN,PHL,8429
884028,43,174,1647,2001,80817.0,144701.0,0.525171,3.092963,CHN,PHL,8429
884029,61,174,1647,2001,2999812.0,0.0,2.321375,-2.1110990000000003,DEU,PHL,8429
884030,77,174,1647,2001,263111.0,1124780.0,1.653507,0.797582,FRA,PHL,8429
884031,81,174,1647,2001,942430.0,0.0,1.976894,0.685435,GBR,PHL,8429
884032,95,174,1647,2001,12413.0,0.0,-0.228818,-0.8545719999999999,GUM,PHL,8429
884033,97,174,1647,2001,47277.0,6955.0,0.521528,2.3025,HKG,PHL,8429
884034,103,174,1647,2001,64463.0,27343.0,-0.167771,1.6587889999999998,IDN,PHL,8429
884035,111,174,1647,2001,536754.0,0.0,1.389926,1.282143,ITA,PHL,8429
884036,114,174,1647,2001,14188838.0,555109.0,2.585857,0.522663,JPN,PHL,8429
884037,118,174,1647,2001,0.0,8954.0,-1.231058,-1.154536,KHM,PHL,8429
884038,121,174,1647,2001,2609147.0,199357.0,1.145797,1.0762399999999999,KOR,PHL,8429
884039,143,174,1647,2001,0.0,34056.0,-1.5627,-1.150854,MMR,PHL,8429
884040,147,174,1647,2001,0.0,546433.0,-1.2364879999999998,-1.136715,MOZ,PHL,8429
884041,153,174,1647,2001,61531.0,55386.0,0.768174,0.307033,MYS,PHL,8429
884042,162,174,1647,2001,76047.0,65288.0,1.315685,1.590935,NLD,PHL,8429
884043,175,174,1647,2001,0.0,36137.0,-1.194157,-0.9768700000000001,PLW,PHL,8429
884044,176,174,1647,2001,47875.0,0.0,-1.503929,-1.199463,PNG,PHL,8429
884045,177,174,1647,2001,533084.0,0.0,0.9474540000000001,1.8408220000000002,POL,PHL,8429
884046,192,174,1647,2001,1937494.0,976255.0,1.364239,0.721074,SGP,PHL,8429
884047,208,174,1647,2001,234394.0,0.0,2.156845,0.784439,SWE,PHL,8429
884048,216,174,1647,2001,1162516.0,143760.0,0.37555900000000003,1.498267,THA,PHL,8429
884049,231,174,1647,2001,4889300.0,3060585.0,1.873674,0.168468,USA,PHL,8429
884050,239,174,1647,2001,0.0,3224.0,-0.6692130000000001,0.610992,VNM,PHL,8429
884051,246,174,1647,2001,0.0,409459.0,0.356842,2.006155,ZAF,PHL,8429
884052,249,174,1647,2001,63956.0,4582.0,1.5731700000000002,1.353159,TWN,PHL,8429
884053,32,180,1647,2001,935273.0,0.0,0.672496,1.051848,BRA,PRY,8429
884054,41,180,1647,2001,10441.0,0.0,2.227246,0.553956,CHE,PRY,8429
884055,61,180,1647,2001,3578.0,0.0,2.321375,-2.1110990000000003,DEU,PRY,8429
884056,77,180,1647,2001,3809.0,0.0,1.653507,0.797582,FRA,PRY,8429
884057,81,180,1647,2001,126098.0,0.0,1.976894,0.685435,GBR,PRY,8429
884058,114,180,1647,2001,38611.0,0.0,2.585857,0.522663,JPN,PRY,8429
884059,121,180,1647,2001,12691.0,0.0,1.145797,1.0762399999999999,KOR,PRY,8429
884060,162,180,1647,2001,22981.0,0.0,1.315685,1.590935,NLD,PRY,8429
884061,231,180,1647,2001,152619.0,0.0,1.873674,0.168468,USA,PRY,8429
884062,15,185,1647,2001,2218697.0,0.0,1.8571650000000002,0.603191,AUT,ROU,8429
884063,18,185,1647,2001,1198507.0,0.0,1.4328370000000001,1.408495,BEL,ROU,8429
884064,23,185,1647,2001,6600.0,0.0,0.41425100000000004,1.639866,BGR,ROU,8429
884065,28,185,1647,2001,23145.0,0.0,0.804404,0.936773,BLR,ROU,8429
884066,29,185,1647,2001,0.0,14446.0,-0.297981,-0.695022,BLZ,ROU,8429
884067,41,185,1647,2001,19581.0,0.0,2.227246,0.553956,CHE,ROU,8429
884068,45,185,1647,2001,0.0,21908.0,-1.6254879999999998,-1.212513,CMR,ROU,8429
884069,58,185,1647,2001,0.0,4743.0,0.381251,0.257802,CYP,ROU,8429
884070,59,185,1647,2001,169110.0,0.0,1.485703,1.109305,CZE,ROU,8429
884071,61,185,1647,2001,7626146.0,970.0,2.321375,-2.1110990000000003,DEU,ROU,8429
884072,64,185,1647,2001,13085.0,0.0,1.261883,1.351875,DNK,ROU,8429
884073,71,185,1647,2001,83636.0,0.0,1.079664,1.9842220000000002,ESP,ROU,8429
884074,77,185,1647,2001,763266.0,0.0,1.653507,0.797582,FRA,ROU,8429
884075,81,185,1647,2001,2011282.0,67476.0,1.976894,0.685435,GBR,ROU,8429
884076,90,185,1647,2001,135260.0,9499.0,0.31387600000000004,1.3614600000000001,GRC,ROU,8429
884077,102,185,1647,2001,245827.0,68497.0,1.102262,1.138016,HUN,ROU,8429
884078,110,185,1647,2001,31345.0,0.0,1.374873,0.775594,ISR,ROU,8429
884079,111,185,1647,2001,3508511.0,80341.0,1.389926,1.282143,ITA,ROU,8429
884080,114,185,1647,2001,96353.0,0.0,2.585857,0.522663,JPN,ROU,8429
884081,131,185,1647,2001,70191.0,0.0,1.470895,1.149007,LUX,ROU,8429
884082,135,185,1647,2001,94896.0,985.0,-0.024822,-0.15323399999999998,MDA,ROU,8429
884083,162,185,1647,2001,317740.0,15776.0,1.315685,1.590935,NLD,ROU,8429
884084,177,185,1647,2001,295438.0,0.0,0.9474540000000001,1.8408220000000002,POL,ROU,8429
884085,186,185,1647,2001,227994.0,0.0,0.945816,0.35027600000000003,RUS,ROU,8429
884086,206,185,1647,2001,414287.0,2994.0,1.1732770000000001,1.088576,SVK,ROU,8429
884087,207,185,1647,2001,44093.0,0.0,1.5074370000000001,1.1370040000000001,SVN,ROU,8429
884088,208,185,1647,2001,262276.0,0.0,2.156845,0.784439,SWE,ROU,8429
884089,224,185,1647,2001,330833.0,31792.0,0.188773,1.91451,TUR,ROU,8429
884090,228,185,1647,2001,69251.0,1847435.0,0.8376969999999999,0.989059,UKR,ROU,8429
884091,231,185,1647,2001,1325445.0,23648.0,1.873674,0.168468,USA,ROU,8429
884092,250,185,1647,2001,37333.0,0.0,1.096023,-0.33562600000000004,ANS,ROU,8429
884093,7,192,1647,2001,0.0,8381623.0,-0.193984,-0.457124,ARE,SGP,8429
884094,14,192,1647,2001,1608145.0,1716902.0,0.29463,0.772375,AUS,SGP,8429
884095,15,192,1647,2001,0.0,244509.0,1.8571650000000002,0.603191,AUT,SGP,8429
884096,18,192,1647,2001,7863773.0,128241.0,1.4328370000000001,1.408495,BEL,SGP,8429
884097,22,192,1647,2001,0.0,2722961.0,-1.0406739999999999,-1.010108,BGD,SGP,8429
884098,32,192,1647,2001,2062933.0,34159.0,0.672496,1.051848,BRA,SGP,8429
884099,34,192,1647,2001,139350.0,3136030.0,-0.8654209999999999,-0.930599,BRN,SGP,8429
884100,39,192,1647,2001,96769.0,224072.0,0.971827,1.105171,CAN,SGP,8429
884101,41,192,1647,2001,144803.0,0.0,2.227246,0.553956,CHE,SGP,8429
884102,43,192,1647,2001,171490.0,135967.0,0.525171,3.092963,CHN,SGP,8429
884103,45,192,1647,2001,25658.0,0.0,-1.6254879999999998,-1.212513,CMR,SGP,8429
884104,56,192,1647,2001,0.0,102200.0,1.0924479999999999,-0.7587689999999999,CXR,SGP,8429
884105,59,192,1647,2001,48717.0,0.0,1.485703,1.109305,CZE,SGP,8429
884106,61,192,1647,2001,13733790.0,10434.0,2.321375,-2.1110990000000003,DEU,SGP,8429
884107,62,192,1647,2001,0.0,53888.0,0.143467,0.14288599999999999,DJI,SGP,8429
884108,66,192,1647,2001,0.0,47633.0,-0.663363,-1.158295,DZA,SGP,8429
884109,68,192,1647,2001,0.0,139773.0,-0.373576,0.366385,EGY,SGP,8429
884110,74,192,1647,2001,846648.0,96488.0,2.069141,0.9375180000000001,FIN,SGP,8429
884111,75,192,1647,2001,0.0,63702.0,-0.954702,-0.602761,FJI,SGP,8429
884112,77,192,1647,2001,7916448.0,0.0,1.653507,0.797582,FRA,SGP,8429
884113,80,192,1647,2001,0.0,326315.0,-1.063007,-1.181284,GAB,SGP,8429
884114,81,192,1647,2001,3182717.0,1706047.0,1.976894,0.685435,GBR,SGP,8429
884115,97,192,1647,2001,400704.0,1161129.0,0.521528,2.3025,HKG,SGP,8429
884116,103,192,1647,2001,3227944.0,10159011.0,-0.167771,1.6587889999999998,IDN,SGP,8429
884117,104,192,1647,2001,11734.0,1608102.0,0.349744,2.665844,IND,SGP,8429
884118,106,192,1647,2001,0.0,94800.0,1.664233,0.129983,IRL,SGP,8429
884119,107,192,1647,2001,0.0,428856.0,-0.7732479999999999,-0.8979370000000001,IRN,SGP,8429
884120,111,192,1647,2001,143071.0,154883.0,1.389926,1.282143,ITA,SGP,8429
884121,113,192,1647,2001,0.0,2691.0,0.375134,0.581558,JOR,SGP,8429
884122,114,192,1647,2001,70557733.0,365737.0,2.585857,0.522663,JPN,SGP,8429
884123,118,192,1647,2001,8739.0,406684.0,-1.231058,-1.154536,KHM,SGP,8429
884124,121,192,1647,2001,1109250.0,808405.0,1.145797,1.0762399999999999,KOR,SGP,8429
884125,122,192,1647,2001,0.0,66993.0,-0.8197,-1.183758,KWT,SGP,8429
884126,124,192,1647,2001,0.0,36477.0,0.165355,0.988008,LBN,SGP,8429
884127,125,192,1647,2001,0.0,144657.0,-0.49036,-1.126565,LBR,SGP,8429
884128,126,192,1647,2001,0.0,55502.0,-0.9321459999999999,-1.198124,LBY,SGP,8429
884129,128,192,1647,2001,0.0,1908523.0,-0.722434,-0.033818,LKA,SGP,8429
884130,137,192,1647,2001,0.0,1660933.0,-0.980734,-0.9785659999999999,MDV,SGP,8429
884131,143,192,1647,2001,0.0,2099127.0,-1.5627,-1.150854,MMR,SGP,8429
884132,153,192,1647,2001,6886196.0,4158067.0,0.768174,0.307033,MYS,SGP,8429
884133,159,192,1647,2001,0.0,265789.0,-1.966439,-1.2724520000000001,NGA,SGP,8429
884134,162,192,1647,2001,563938.0,639986.0,1.315685,1.590935,NLD,SGP,8429
884135,166,192,1647,2001,21113.0,502477.0,0.521409,0.683134,NZL,SGP,8429
884136,167,192,1647,2001,0.0,159258.0,-0.909329,-1.189698,OMN,SGP,8429
884137,168,192,1647,2001,0.0,407326.0,-0.8376520000000001,-0.378743,PAK,SGP,8429
884138,173,192,1647,2001,0.0,158772.0,-0.345519,0.202623,PER,SGP,8429
884139,174,192,1647,2001,976255.0,1937494.0,-0.028201,-0.112349,PHL,SGP,8429
884140,176,192,1647,2001,69328.0,104082.0,-1.503929,-1.199463,PNG,SGP,8429
884141,177,192,1647,2001,248941.0,0.0,0.9474540000000001,1.8408220000000002,POL,SGP,8429
884142,179,192,1647,2001,0.0,20440.0,0.482048,1.662123,PRT,SGP,8429
884143,182,192,1647,2001,0.0,63397.0,-0.005456,-0.7210770000000001,PYF,SGP,8429
884144,183,192,1647,2001,0.0,290648.0,-0.46564799999999995,-1.127634,QAT,SGP,8429
884145,188,192,1647,2001,0.0,2104780.0,0.5370550000000001,-0.793469,SAU,SGP,8429
884146,195,192,1647,2001,0.0,530741.0,-0.325802,-0.726847,SLB,SGP,8429
884147,208,192,1647,2001,1273143.0,0.0,2.156845,0.784439,SWE,SGP,8429
884148,211,192,1647,2001,0.0,68832.0,0.065059,-0.7806489999999999,SYC,SGP,8429
884149,216,192,1647,2001,1850279.0,1221706.0,0.37555900000000003,1.498267,THA,SGP,8429
884150,220,192,1647,2001,0.0,52273.0,1.473822,-0.204046,TLS,SGP,8429
884151,222,192,1647,2001,0.0,36531.0,0.178256,-0.709126,TTO,SGP,8429
884152,226,192,1647,2001,0.0,27506.0,-1.193991,-0.49282200000000004,TZA,SGP,8429
884153,231,192,1647,2001,9992417.0,4503097.0,1.873674,0.168468,USA,SGP,8429
884154,239,192,1647,2001,53613.0,5059015.0,-0.6692130000000001,0.610992,VNM,SGP,8429
884155,243,192,1647,2001,0.0,69319.0,-1.465154,-1.261615,YEM,SGP,8429
884156,246,192,1647,2001,0.0,353473.0,0.356842,2.006155,ZAF,SGP,8429
884157,247,192,1647,2001,0.0,29998.0,-0.731193,-0.706978,ZMB,SGP,8429
884158,249,192,1647,2001,597313.0,248503.0,1.5731700000000002,1.353159,TWN,SGP,8429
884159,32,197,1647,2001,1072527.0,0.0,0.672496,1.051848,BRA,SLV,8429
884160,39,197,1647,2001,56660.0,0.0,0.971827,1.105171,CAN,SLV,8429
884161,49,197,1647,2001,0.0,29024.0,0.30412,0.395913,COL,SLV,8429
884162,52,197,1647,2001,61270.0,78308.0,0.069458,-0.042793,CRI,SLV,8429
884163,61,197,1647,2001,0.0,3671.0,2.321375,-2.1110990000000003,DEU,SLV,8429
884164,71,197,1647,2001,83000.0,0.0,1.079664,1.9842220000000002,ESP,SLV,8429
884165,81,197,1647,2001,60622.0,0.0,1.976894,0.685435,GBR,SLV,8429
884166,93,197,1647,2001,441360.0,255899.0,-0.5089520000000001,0.216677,GTM,SLV,8429
884167,99,197,1647,2001,225340.0,121081.0,-0.8003060000000001,-0.602097,HND,SLV,8429
884168,106,197,1647,2001,36263.0,0.0,1.664233,0.129983,IRL,SLV,8429
884169,111,197,1647,2001,75063.0,0.0,1.389926,1.282143,ITA,SLV,8429
884170,112,197,1647,2001,0.0,545275.0,-0.541582,-0.837248,JAM,SLV,8429
884171,114,197,1647,2001,0.0,30358.0,2.585857,0.522663,JPN,SLV,8429
884172,160,197,1647,2001,135397.0,25971.0,-0.8917430000000001,-0.713179,NIC,SLV,8429
884173,163,197,1647,2001,0.0,16883.0,0.974814,0.06512000000000001,NOR,SLV,8429
884174,169,197,1647,2001,9459.0,0.0,0.17588199999999998,0.422505,PAN,SLV,8429
884175,208,197,1647,2001,34925.0,0.0,2.156845,0.784439,SWE,SLV,8429
884176,231,197,1647,2001,3901838.0,219053.0,1.873674,0.168468,USA,SLV,8429
884177,236,197,1647,2001,48023.0,0.0,0.261158,-0.7397,VEN,SLV,8429
884178,250,197,1647,2001,0.0,19.0,1.096023,-0.33562600000000004,ANS,SLV,8429
884179,6,205,1647,2001,12706.0,0.0,0.260662,-0.66681,ANT,SUR,8429
884180,18,205,1647,2001,66038.0,0.0,1.4328370000000001,1.408495,BEL,SUR,8429
884181,32,205,1647,2001,2854.0,0.0,0.672496,1.051848,BRA,SUR,8429
884182,43,205,1647,2001,1056367.0,0.0,0.525171,3.092963,CHN,SUR,8429
884183,61,205,1647,2001,100416.0,0.0,2.321375,-2.1110990000000003,DEU,SUR,8429
884184,77,205,1647,2001,42157.0,0.0,1.653507,0.797582,FRA,SUR,8429
884185,81,205,1647,2001,85270.0,0.0,1.976894,0.685435,GBR,SUR,8429
884186,96,205,1647,2001,0.0,4743.0,-0.955816,-0.8593069999999999,GUY,SUR,8429
884187,114,205,1647,2001,196730.0,0.0,2.585857,0.522663,JPN,SUR,8429
884188,121,205,1647,2001,309592.0,0.0,1.145797,1.0762399999999999,KOR,SUR,8429
884189,136,205,1647,2001,0.0,1358.0,-1.247531,-0.637093,MDG,SUR,8429
884190,162,205,1647,2001,2517328.0,169229.0,1.315685,1.590935,NLD,SUR,8429
884191,177,205,1647,2001,107399.0,0.0,0.9474540000000001,1.8408220000000002,POL,SUR,8429
884192,178,205,1647,2001,291983.0,0.0,0.62773,1.010888,PRK,SUR,8429
884193,231,205,1647,2001,909453.0,89686.0,1.873674,0.168468,USA,SUR,8429
884194,4,208,1647,2001,0.0,10150.0,-0.054125,0.104298,ALB,SWE,8429
884195,7,208,1647,2001,0.0,1570127.0,-0.193984,-0.457124,ARE,SWE,8429
884196,8,208,1647,2001,0.0,598498.0,0.287698,0.547137,ARG,SWE,8429
884197,14,208,1647,2001,0.0,6795724.0,0.29463,0.772375,AUS,SWE,8429
884198,15,208,1647,2001,796189.0,7989584.0,1.8571650000000002,0.603191,AUT,SWE,8429
884199,18,208,1647,2001,16050281.0,626504.0,1.4328370000000001,1.408495,BEL,SWE,8429
884200,19,208,1647,2001,0.0,20453.0,-1.09233,-0.8276969999999999,BEN,SWE,8429
884201,21,208,1647,2001,0.0,6313.0,-0.291485,-0.20803000000000002,BFA,SWE,8429
884202,23,208,1647,2001,0.0,382253.0,0.41425100000000004,1.639866,BGR,SWE,8429
884203,24,208,1647,2001,0.0,385313.0,-0.11008399999999999,-1.053611,BHR,SWE,8429
884204,28,208,1647,2001,0.0,355934.0,0.804404,0.936773,BLR,SWE,8429
884205,31,208,1647,2001,0.0,236549.0,-0.680108,-0.678143,BOL,SWE,8429
884206,32,208,1647,2001,281810.0,1676217.0,0.672496,1.051848,BRA,SWE,8429
884207,39,208,1647,2001,325350.0,11075568.0,0.971827,1.105171,CAN,SWE,8429
884208,41,208,1647,2001,84672.0,4731576.0,2.227246,0.553956,CHE,SWE,8429
884209,42,208,1647,2001,0.0,813052.0,-0.004658,-0.002548,CHL,SWE,8429
884210,43,208,1647,2001,34010.0,3607829.0,0.525171,3.092963,CHN,SWE,8429
884211,45,208,1647,2001,0.0,102814.0,-1.6254879999999998,-1.212513,CMR,SWE,8429
884212,46,208,1647,2001,0.0,13138.0,-1.421643,-1.154007,COD,SWE,8429
884213,49,208,1647,2001,66127.0,527846.0,0.30412,0.395913,COL,SWE,8429
884214,51,208,1647,2001,0.0,8700.0,0.063802,-0.456617,CPV,SWE,8429
884215,54,208,1647,2001,0.0,335938.0,-0.443391,-0.9599030000000001,CUB,SWE,8429
884216,58,208,1647,2001,0.0,159645.0,0.381251,0.257802,CYP,SWE,8429
884217,59,208,1647,2001,130831.0,4533136.0,1.485703,1.109305,CZE,SWE,8429
884218,61,208,1647,2001,24646286.0,5190931.0,2.321375,-2.1110990000000003,DEU,SWE,8429
884219,64,208,1647,2001,10495700.0,6412488.0,1.261883,1.351875,DNK,SWE,8429
884220,65,208,1647,2001,0.0,1153039.0,-0.538419,-0.48773900000000003,DOM,SWE,8429
884221,66,208,1647,2001,0.0,142253.0,-0.663363,-1.158295,DZA,SWE,8429
884222,67,208,1647,2001,0.0,77042.0,-0.852642,-0.896374,ECU,SWE,8429
884223,68,208,1647,2001,0.0,378208.0,-0.373576,0.366385,EGY,SWE,8429
884224,69,208,1647,2001,0.0,128188.0,0.617376,-0.33233,ERI,SWE,8429
884225,71,208,1647,2001,0.0,26941399.0,1.079664,1.9842220000000002,ESP,SWE,8429
884226,72,208,1647,2001,519900.0,1055964.0,0.5746829999999999,0.9073899999999999,EST,SWE,8429
884227,73,208,1647,2001,0.0,611184.0,-0.999149,-0.904072,ETH,SWE,8429
884228,74,208,1647,2001,7688134.0,8132511.0,2.069141,0.9375180000000001,FIN,SWE,8429
884229,77,208,1647,2001,10831734.0,46353500.0,1.653507,0.797582,FRA,SWE,8429
884230,78,208,1647,2001,0.0,193259.0,-1.004972,-0.9456030000000001,FRO,SWE,8429
884231,80,208,1647,2001,0.0,158411.0,-1.063007,-1.181284,GAB,SWE,8429
884232,81,208,1647,2001,16203953.0,27584081.0,1.976894,0.685435,GBR,SWE,8429
884233,83,208,1647,2001,0.0,701677.0,-0.961067,-0.780449,GHA,SWE,8429
884234,90,208,1647,2001,43263.0,1444820.0,0.31387600000000004,1.3614600000000001,GRC,SWE,8429
884235,93,208,1647,2001,0.0,48957.0,-0.5089520000000001,0.216677,GTM,SWE,8429
884236,97,208,1647,2001,0.0,334693.0,0.521528,2.3025,HKG,SWE,8429
884237,100,208,1647,2001,0.0,538196.0,0.544596,0.969535,HRV,SWE,8429
884238,102,208,1647,2001,0.0,2430718.0,1.102262,1.138016,HUN,SWE,8429
884239,103,208,1647,2001,0.0,1237897.0,-0.167771,1.6587889999999998,IDN,SWE,8429
884240,104,208,1647,2001,0.0,360353.0,0.349744,2.665844,IND,SWE,8429
884241,106,208,1647,2001,475861.0,7841922.0,1.664233,0.129983,IRL,SWE,8429
884242,107,208,1647,2001,0.0,445498.0,-0.7732479999999999,-0.8979370000000001,IRN,SWE,8429
884243,109,208,1647,2001,0.0,260289.0,0.032382999999999995,-0.51054,ISL,SWE,8429
884244,110,208,1647,2001,0.0,2544781.0,1.374873,0.775594,ISR,SWE,8429
884245,111,208,1647,2001,8469948.0,20310511.0,1.389926,1.282143,ITA,SWE,8429
884246,113,208,1647,2001,0.0,252087.0,0.375134,0.581558,JOR,SWE,8429
884247,114,208,1647,2001,7718981.0,5318065.0,2.585857,0.522663,JPN,SWE,8429
884248,115,208,1647,2001,0.0,928365.0,0.009714,-0.525899,KAZ,SWE,8429
884249,116,208,1647,2001,0.0,259830.0,-0.529388,0.092271,KEN,SWE,8429
884250,121,208,1647,2001,418236.0,2688082.0,1.145797,1.0762399999999999,KOR,SWE,8429
884251,122,208,1647,2001,0.0,68808.0,-0.8197,-1.183758,KWT,SWE,8429
884252,124,208,1647,2001,52231.0,393483.0,0.165355,0.988008,LBN,SWE,8429
884253,126,208,1647,2001,0.0,265877.0,-0.9321459999999999,-1.198124,LBY,SWE,8429
884254,128,208,1647,2001,54652.0,300798.0,-0.722434,-0.033818,LKA,SWE,8429
884255,130,208,1647,2001,38940.0,258729.0,0.15706900000000001,0.416663,LTU,SWE,8429
884256,132,208,1647,2001,14581.0,679560.0,0.404136,0.461009,LVA,SWE,8429
884257,134,208,1647,2001,0.0,310659.0,-0.75275,-0.280397,MAR,SWE,8429
884258,138,208,1647,2001,0.0,1905949.0,0.797058,0.713234,MEX,SWE,8429
884259,140,208,1647,2001,0.0,105907.0,0.033097,0.43516499999999997,MKD,SWE,8429
884260,141,208,1647,2001,0.0,53091.0,-0.40341,-0.626402,MLI,SWE,8429
884261,151,208,1647,2001,0.0,159592.0,-0.410422,-0.5868369999999999,MUS,SWE,8429
884262,153,208,1647,2001,0.0,58984.0,0.768174,0.307033,MYS,SWE,8429
884263,156,208,1647,2001,0.0,142106.0,-0.837087,-0.9207040000000001,NCL,SWE,8429
884264,159,208,1647,2001,0.0,3050590.0,-1.966439,-1.2724520000000001,NGA,SWE,8429
884265,162,208,1647,2001,4827773.0,28872664.0,1.315685,1.590935,NLD,SWE,8429
884266,163,208,1647,2001,5447870.0,17571585.0,0.974814,0.06512000000000001,NOR,SWE,8429
884267,166,208,1647,2001,0.0,2462651.0,0.521409,0.683134,NZL,SWE,8429
884268,167,208,1647,2001,0.0,1985544.0,-0.909329,-1.189698,OMN,SWE,8429
884269,168,208,1647,2001,0.0,950970.0,-0.8376520000000001,-0.378743,PAK,SWE,8429
884270,173,208,1647,2001,0.0,241524.0,-0.345519,0.202623,PER,SWE,8429
884271,174,208,1647,2001,0.0,234394.0,-0.028201,-0.112349,PHL,SWE,8429
884272,175,208,1647,2001,0.0,500149.0,-1.194157,-0.9768700000000001,PLW,SWE,8429
884273,177,208,1647,2001,231847.0,2588440.0,0.9474540000000001,1.8408220000000002,POL,SWE,8429
884274,179,208,1647,2001,43467.0,5999619.0,0.482048,1.662123,PRT,SWE,8429
884275,182,208,1647,2001,0.0,26492.0,-0.005456,-0.7210770000000001,PYF,SWE,8429
884276,183,208,1647,2001,0.0,459416.0,-0.46564799999999995,-1.127634,QAT,SWE,8429
884277,185,208,1647,2001,0.0,262276.0,0.326733,1.005332,ROU,SWE,8429
884278,186,208,1647,2001,0.0,5116904.0,0.945816,0.35027600000000003,RUS,SWE,8429
884279,188,208,1647,2001,0.0,5820611.0,0.5370550000000001,-0.793469,SAU,SWE,8429
884280,189,208,1647,2001,2122.0,69360.0,0.45280200000000004,2.469852,SCG,SWE,8429
884281,190,208,1647,2001,0.0,504887.0,-1.6325180000000001,-1.263267,SDN,SWE,8429
884282,191,208,1647,2001,0.0,65002.0,-0.437779,-0.436654,SEN,SWE,8429
884283,192,208,1647,2001,0.0,1273143.0,1.364239,0.721074,SGP,SWE,8429
884284,197,208,1647,2001,0.0,34925.0,-0.181554,-0.031294,SLV,SWE,8429
884285,206,208,1647,2001,0.0,207282.0,1.1732770000000001,1.088576,SVK,SWE,8429
884286,207,208,1647,2001,0.0,568352.0,1.5074370000000001,1.1370040000000001,SVN,SWE,8429
884287,212,208,1647,2001,0.0,12756.0,-1.057217,-0.716331,SYR,SWE,8429
884288,216,208,1647,2001,13910.0,642201.0,0.37555900000000003,1.498267,THA,SWE,8429
884289,223,208,1647,2001,0.0,2201663.0,-0.162152,0.23939699999999997,TUN,SWE,8429
884290,224,208,1647,2001,0.0,5627563.0,0.188773,1.91451,TUR,SWE,8429
884291,225,208,1647,2001,0.0,174105.0,-0.12332699999999999,-0.172416,TUV,SWE,8429
884292,226,208,1647,2001,0.0,86887.0,-1.193991,-0.49282200000000004,TZA,SWE,8429
884293,230,208,1647,2001,0.0,3237.0,0.36029,0.298869,URY,SWE,8429
884294,231,208,1647,2001,18248231.0,59572903.0,1.873674,0.168468,USA,SWE,8429
884295,236,208,1647,2001,0.0,78314.0,0.261158,-0.7397,VEN,SWE,8429
884296,239,208,1647,2001,0.0,466137.0,-0.6692130000000001,0.610992,VNM,SWE,8429
884297,243,208,1647,2001,0.0,42415.0,-1.465154,-1.261615,YEM,SWE,8429
884298,246,208,1647,2001,0.0,3732449.0,0.356842,2.006155,ZAF,SWE,8429
884299,249,208,1647,2001,0.0,168447.0,1.5731700000000002,1.353159,TWN,SWE,8429
884300,7,216,1647,2001,68294.0,3227860.0,-0.193984,-0.457124,ARE,THA,8429
884301,14,216,1647,2001,455955.0,813469.0,0.29463,0.772375,AUS,THA,8429
884302,15,216,1647,2001,12280.0,0.0,1.8571650000000002,0.603191,AUT,THA,8429
884303,18,216,1647,2001,7769.0,19108.0,1.4328370000000001,1.408495,BEL,THA,8429
884304,22,216,1647,2001,0.0,258284.0,-1.0406739999999999,-1.010108,BGD,THA,8429
884305,32,216,1647,2001,3445784.0,0.0,0.672496,1.051848,BRA,THA,8429
884306,34,216,1647,2001,0.0,4341.0,-0.8654209999999999,-0.930599,BRN,THA,8429
884307,35,216,1647,2001,0.0,402825.0,0.380727,-0.529766,BTN,THA,8429
884308,39,216,1647,2001,162965.0,867510.0,0.971827,1.105171,CAN,THA,8429
884309,43,216,1647,2001,0.0,278761.0,0.525171,3.092963,CHN,THA,8429
884310,61,216,1647,2001,1448041.0,86933.0,2.321375,-2.1110990000000003,DEU,THA,8429
884311,67,216,1647,2001,0.0,335817.0,-0.852642,-0.896374,ECU,THA,8429
884312,69,216,1647,2001,0.0,43443.0,0.617376,-0.33233,ERI,THA,8429
884313,77,216,1647,2001,507868.0,0.0,1.653507,0.797582,FRA,THA,8429
884314,81,216,1647,2001,1579594.0,529859.0,1.976894,0.685435,GBR,THA,8429
884315,83,216,1647,2001,0.0,35271.0,-0.961067,-0.780449,GHA,THA,8429
884316,97,216,1647,2001,181266.0,1876574.0,0.521528,2.3025,HKG,THA,8429
884317,103,216,1647,2001,593054.0,6755988.0,-0.167771,1.6587889999999998,IDN,THA,8429
884318,104,216,1647,2001,3760.0,763982.0,0.349744,2.665844,IND,THA,8429
884319,107,216,1647,2001,154284.0,0.0,-0.7732479999999999,-0.8979370000000001,IRN,THA,8429
884320,111,216,1647,2001,1229575.0,30570.0,1.389926,1.282143,ITA,THA,8429
884321,114,216,1647,2001,44954325.0,115593.0,2.585857,0.522663,JPN,THA,8429
884322,116,216,1647,2001,0.0,1751.0,-0.529388,0.092271,KEN,THA,8429
884323,118,216,1647,2001,97590.0,2087895.0,-1.231058,-1.154536,KHM,THA,8429
884324,121,216,1647,2001,5672464.0,22497.0,1.145797,1.0762399999999999,KOR,THA,8429
884325,122,216,1647,2001,0.0,60020.0,-0.8197,-1.183758,KWT,THA,8429
884326,123,216,1647,2001,0.0,1834028.0,-1.298653,-1.164605,LAO,THA,8429
884327,136,216,1647,2001,0.0,56885.0,-1.247531,-0.637093,MDG,THA,8429
884328,143,216,1647,2001,0.0,4153939.0,-1.5627,-1.150854,MMR,THA,8429
884329,153,216,1647,2001,1051141.0,5867575.0,0.768174,0.307033,MYS,THA,8429
884330,162,216,1647,2001,72118.0,566453.0,1.315685,1.590935,NLD,THA,8429
884331,164,216,1647,2001,0.0,131680.0,-0.483749,-0.008754999999999999,NPL,THA,8429
884332,166,216,1647,2001,0.0,87729.0,0.521409,0.683134,NZL,THA,8429
884333,174,216,1647,2001,143760.0,1162516.0,-0.028201,-0.112349,PHL,THA,8429
884334,176,216,1647,2001,0.0,476162.0,-1.503929,-1.199463,PNG,THA,8429
884335,178,216,1647,2001,0.0,78218.0,0.62773,1.010888,PRK,THA,8429
884336,183,216,1647,2001,0.0,154283.0,-0.46564799999999995,-1.127634,QAT,THA,8429
884337,187,216,1647,2001,0.0,8336.0,-1.260879,-0.861347,RWA,THA,8429
884338,188,216,1647,2001,0.0,32574.0,0.5370550000000001,-0.793469,SAU,THA,8429
884339,192,216,1647,2001,1221706.0,1850279.0,1.364239,0.721074,SGP,THA,8429
884340,208,216,1647,2001,642201.0,13910.0,2.156845,0.784439,SWE,THA,8429
884341,231,216,1647,2001,686606.0,10351012.0,1.873674,0.168468,USA,THA,8429
884342,236,216,1647,2001,0.0,59132.0,0.261158,-0.7397,VEN,THA,8429
884343,239,216,1647,2001,0.0,2487427.0,-0.6692130000000001,0.610992,VNM,THA,8429
884344,246,216,1647,2001,47502.0,1313592.0,0.356842,2.006155,ZAF,THA,8429
884345,249,216,1647,2001,39131.0,1084194.0,1.5731700000000002,1.353159,TWN,THA,8429
884346,14,222,1647,2001,9596.0,0.0,0.29463,0.772375,AUS,TTO,8429
884347,15,222,1647,2001,90632.0,0.0,1.8571650000000002,0.603191,AUT,TTO,8429
884348,18,222,1647,2001,202121.0,0.0,1.4328370000000001,1.408495,BEL,TTO,8429
884349,32,222,1647,2001,191544.0,0.0,0.672496,1.051848,BRA,TTO,8429
884350,33,222,1647,2001,11672.0,0.0,0.725546,0.172345,BRB,TTO,8429
884351,39,222,1647,2001,11042.0,0.0,0.971827,1.105171,CAN,TTO,8429
884352,41,222,1647,2001,66168.0,0.0,2.227246,0.553956,CHE,TTO,8429
884353,43,222,1647,2001,2097.0,0.0,0.525171,3.092963,CHN,TTO,8429
884354,61,222,1647,2001,98216.0,0.0,2.321375,-2.1110990000000003,DEU,TTO,8429
884355,63,222,1647,2001,0.0,86775.0,0.613251,0.226998,DMA,TTO,8429
884356,77,222,1647,2001,99208.0,0.0,1.653507,0.797582,FRA,TTO,8429
884357,81,222,1647,2001,2062864.0,0.0,1.976894,0.685435,GBR,TTO,8429
884358,91,222,1647,2001,1302.0,1641969.0,-0.007888,-0.518167,GRD,TTO,8429
884359,93,222,1647,2001,0.0,11582.0,-0.5089520000000001,0.216677,GTM,TTO,8429
884360,96,222,1647,2001,3525.0,69285.0,-0.955816,-0.8593069999999999,GUY,TTO,8429
884361,97,222,1647,2001,3149.0,0.0,0.521528,2.3025,HKG,TTO,8429
884362,111,222,1647,2001,68017.0,0.0,1.389926,1.282143,ITA,TTO,8429
884363,112,222,1647,2001,48984.0,0.0,-0.541582,-0.837248,JAM,TTO,8429
884364,114,222,1647,2001,597823.0,0.0,2.585857,0.522663,JPN,TTO,8429
884365,120,222,1647,2001,0.0,10416.0,0.612222,-0.440733,KNA,TTO,8429
884366,121,222,1647,2001,26476.0,0.0,1.145797,1.0762399999999999,KOR,TTO,8429
884367,127,222,1647,2001,0.0,3254.0,0.004518,-0.5326770000000001,LCA,TTO,8429
884368,162,222,1647,2001,806077.0,74468.0,1.315685,1.590935,NLD,TTO,8429
884369,192,222,1647,2001,36531.0,0.0,1.364239,0.721074,SGP,TTO,8429
884370,231,222,1647,2001,3901889.0,48325.0,1.873674,0.168468,USA,TTO,8429
884371,234,222,1647,2001,0.0,11755.0,-0.5042,-0.7987609999999999,VCT,TTO,8429
884372,236,222,1647,2001,988.0,0.0,0.261158,-0.7397,VEN,TTO,8429
884373,237,222,1647,2001,0.0,138244.0,0.759566,-0.16636099999999998,VGB,TTO,8429
884374,4,224,1647,2001,0.0,118761.0,-0.054125,0.104298,ALB,TUR,8429
884375,7,224,1647,2001,358262.0,2210623.0,-0.193984,-0.457124,ARE,TUR,8429
884376,15,224,1647,2001,3188187.0,0.0,1.8571650000000002,0.603191,AUT,TUR,8429
884377,16,224,1647,2001,0.0,181768.0,-0.6731090000000001,-1.037922,AZE,TUR,8429
884378,18,224,1647,2001,4829206.0,156857.0,1.4328370000000001,1.408495,BEL,TUR,8429
884379,22,224,1647,2001,0.0,178643.0,-1.0406739999999999,-1.010108,BGD,TUR,8429
884380,28,224,1647,2001,1080220.0,0.0,0.804404,0.936773,BLR,TUR,8429
884381,32,224,1647,2001,2664092.0,0.0,0.672496,1.051848,BRA,TUR,8429
884382,39,224,1647,2001,1005311.0,0.0,0.971827,1.105171,CAN,TUR,8429
884383,41,224,1647,2001,312680.0,0.0,2.227246,0.553956,CHE,TUR,8429
884384,43,224,1647,2001,371112.0,0.0,0.525171,3.092963,CHN,TUR,8429
884385,58,224,1647,2001,51066.0,175825.0,0.381251,0.257802,CYP,TUR,8429
884386,59,224,1647,2001,85668.0,0.0,1.485703,1.109305,CZE,TUR,8429
884387,61,224,1647,2001,10578956.0,1159824.0,2.321375,-2.1110990000000003,DEU,TUR,8429
884388,64,224,1647,2001,0.0,1405.0,1.261883,1.351875,DNK,TUR,8429
884389,71,224,1647,2001,19690.0,135470.0,1.079664,1.9842220000000002,ESP,TUR,8429
884390,74,224,1647,2001,53064.0,0.0,2.069141,0.9375180000000001,FIN,TUR,8429
884391,77,224,1647,2001,5059333.0,181572.0,1.653507,0.797582,FRA,TUR,8429
884392,81,224,1647,2001,9076862.0,323041.0,1.976894,0.685435,GBR,TUR,8429
884393,82,224,1647,2001,66112.0,267602.0,0.585568,-0.047744999999999996,GEO,TUR,8429
884394,90,224,1647,2001,0.0,15986.0,0.31387600000000004,1.3614600000000001,GRC,TUR,8429
884395,102,224,1647,2001,0.0,228442.0,1.102262,1.138016,HUN,TUR,8429
884396,104,224,1647,2001,0.0,956558.0,0.349744,2.665844,IND,TUR,8429
884397,106,224,1647,2001,0.0,2121.0,1.664233,0.129983,IRL,TUR,8429
884398,107,224,1647,2001,0.0,13324.0,-0.7732479999999999,-0.8979370000000001,IRN,TUR,8429
884399,110,224,1647,2001,0.0,145085.0,1.374873,0.775594,ISR,TUR,8429
884400,111,224,1647,2001,7010904.0,13172506.0,1.389926,1.282143,ITA,TUR,8429
884401,114,224,1647,2001,18305624.0,0.0,2.585857,0.522663,JPN,TUR,8429
884402,115,224,1647,2001,0.0,595038.0,0.009714,-0.525899,KAZ,TUR,8429
884403,117,224,1647,2001,25365.0,129364.0,0.23332199999999997,0.256019,KGZ,TUR,8429
884404,121,224,1647,2001,5067597.0,0.0,1.145797,1.0762399999999999,KOR,TUR,8429
884405,126,224,1647,2001,0.0,123468.0,-0.9321459999999999,-1.198124,LBY,TUR,8429
884406,140,224,1647,2001,14408.0,0.0,0.033097,0.43516499999999997,MKD,TUR,8429
884407,162,224,1647,2001,1177017.0,2799698.0,1.315685,1.590935,NLD,TUR,8429
884408,167,224,1647,2001,0.0,82135.0,-0.909329,-1.189698,OMN,TUR,8429
884409,168,224,1647,2001,0.0,397205.0,-0.8376520000000001,-0.378743,PAK,TUR,8429
884410,179,224,1647,2001,0.0,30627.0,0.482048,1.662123,PRT,TUR,8429
884411,185,224,1647,2001,31792.0,330833.0,0.326733,1.005332,ROU,TUR,8429
884412,186,224,1647,2001,355490.0,444936.0,0.945816,0.35027600000000003,RUS,TUR,8429
884413,188,224,1647,2001,0.0,111226.0,0.5370550000000001,-0.793469,SAU,TUR,8429
884414,206,224,1647,2001,357679.0,0.0,1.1732770000000001,1.088576,SVK,TUR,8429
884415,208,224,1647,2001,5627563.0,0.0,2.156845,0.784439,SWE,TUR,8429
884416,212,224,1647,2001,0.0,218839.0,-1.057217,-0.716331,SYR,TUR,8429
884417,219,224,1647,2001,177670.0,313812.0,-1.24627,-1.2760209999999998,TKM,TUR,8429
884418,223,224,1647,2001,0.0,1709273.0,-0.162152,0.23939699999999997,TUN,TUR,8429
884419,228,224,1647,2001,0.0,14669.0,0.8376969999999999,0.989059,UKR,TUR,8429
884420,231,224,1647,2001,30111017.0,4001165.0,1.873674,0.168468,USA,TUR,8429
884421,232,224,1647,2001,154517.0,0.0,-0.395913,-0.6454449999999999,UZB,TUR,8429
884422,250,224,1647,2001,1582161.0,3085374.0,1.096023,-0.33562600000000004,ANS,TUR,8429
884423,2,231,1647,2001,0.0,866453.0,-1.523823,-1.214093,AGO,USA,8429
884424,3,231,1647,2001,104946.0,154872.0,1.1659469999999998,0.12369000000000001,AIA,USA,8429
884425,4,231,1647,2001,0.0,4061.0,-0.054125,0.104298,ALB,USA,8429
884426,5,231,1647,2001,0.0,138200.0,1.049415,0.860241,AND,USA,8429
884427,6,231,1647,2001,0.0,411737.0,0.260662,-0.66681,ANT,USA,8429
884428,7,231,1647,2001,0.0,16429013.0,-0.193984,-0.457124,ARE,USA,8429
884429,8,231,1647,2001,387496.0,14112989.0,0.287698,0.547137,ARG,USA,8429
884430,13,231,1647,2001,0.0,820154.0,-0.036838,-0.6593600000000001,ATG,USA,8429
884431,14,231,1647,2001,11810233.0,125186589.0,0.29463,0.772375,AUS,USA,8429
884432,15,231,1647,2001,33535193.0,3923227.0,1.8571650000000002,0.603191,AUT,USA,8429
884433,16,231,1647,2001,0.0,1791.0,-0.6731090000000001,-1.037922,AZE,USA,8429
884434,18,231,1647,2001,156041761.0,156229082.0,1.4328370000000001,1.408495,BEL,USA,8429
884435,19,231,1647,2001,0.0,1652976.0,-1.09233,-0.8276969999999999,BEN,USA,8429
884436,21,231,1647,2001,575713.0,288372.0,-0.291485,-0.20803000000000002,BFA,USA,8429
884437,22,231,1647,2001,0.0,1285007.0,-1.0406739999999999,-1.010108,BGD,USA,8429
884438,23,231,1647,2001,58243.0,718277.0,0.41425100000000004,1.639866,BGR,USA,8429
884439,24,231,1647,2001,0.0,548135.0,-0.11008399999999999,-1.053611,BHR,USA,8429
884440,25,231,1647,2001,2311783.0,13951346.0,0.803267,-0.071853,BHS,USA,8429
884441,28,231,1647,2001,0.0,33738.0,0.804404,0.936773,BLR,USA,8429
884442,29,231,1647,2001,0.0,3271580.0,-0.297981,-0.695022,BLZ,USA,8429
884443,30,231,1647,2001,0.0,806491.0,1.1006129999999998,-0.5565329999999999,BMU,USA,8429
884444,31,231,1647,2001,14179.0,1425143.0,-0.680108,-0.678143,BOL,USA,8429
884445,32,231,1647,2001,61108815.0,29459271.0,0.672496,1.051848,BRA,USA,8429
884446,33,231,1647,2001,0.0,918038.0,0.725546,0.172345,BRB,USA,8429
884447,37,231,1647,2001,0.0,3117688.0,-0.42690100000000003,-1.081372,BWA,USA,8429
884448,38,231,1647,2001,0.0,153336.0,-0.682897,-0.8083140000000001,CAF,USA,8429
884449,39,231,1647,2001,158178372.0,816517120.0,0.971827,1.105171,CAN,USA,8429
884450,41,231,1647,2001,3316257.0,1873621.0,2.227246,0.553956,CHE,USA,8429
884451,42,231,1647,2001,866995.0,52508660.0,-0.004658,-0.002548,CHL,USA,8429
884452,43,231,1647,2001,601780.0,12551166.0,0.525171,3.092963,CHN,USA,8429
884453,44,231,1647,2001,0.0,566658.0,-0.715949,-0.524428,CIV,USA,8429
884454,45,231,1647,2001,0.0,1972248.0,-1.6254879999999998,-1.212513,CMR,USA,8429
884455,49,231,1647,2001,14096.0,7938943.0,0.30412,0.395913,COL,USA,8429
884456,50,231,1647,2001,0.0,108791.0,-0.24810700000000002,-0.832764,COM,USA,8429
884457,51,231,1647,2001,0.0,16367.0,0.063802,-0.456617,CPV,USA,8429
884458,52,231,1647,2001,0.0,9419894.0,0.069458,-0.042793,CRI,USA,8429
884459,57,231,1647,2001,0.0,711990.0,0.611577,-0.6532939999999999,CYM,USA,8429
884460,58,231,1647,2001,0.0,955176.0,0.381251,0.257802,CYP,USA,8429
884461,59,231,1647,2001,5463111.0,1176828.0,1.485703,1.109305,CZE,USA,8429
884462,61,231,1647,2001,171769643.0,57762527.0,2.321375,-2.1110990000000003,DEU,USA,8429
884463,62,231,1647,2001,0.0,1661402.0,0.143467,0.14288599999999999,DJI,USA,8429
884464,63,231,1647,2001,60317.0,300687.0,0.613251,0.226998,DMA,USA,8429
884465,64,231,1647,2001,241264.0,2501204.0,1.261883,1.351875,DNK,USA,8429
884466,65,231,1647,2001,0.0,18387392.0,-0.538419,-0.48773900000000003,DOM,USA,8429
884467,66,231,1647,2001,0.0,7377722.0,-0.663363,-1.158295,DZA,USA,8429
884468,67,231,1647,2001,0.0,33084517.0,-0.852642,-0.896374,ECU,USA,8429
884469,68,231,1647,2001,0.0,4718792.0,-0.373576,0.366385,EGY,USA,8429
884470,69,231,1647,2001,0.0,340410.0,0.617376,-0.33233,ERI,USA,8429
884471,71,231,1647,2001,2524655.0,37460735.0,1.079664,1.9842220000000002,ESP,USA,8429
884472,72,231,1647,2001,0.0,1941953.0,0.5746829999999999,0.9073899999999999,EST,USA,8429
884473,73,231,1647,2001,0.0,1323462.0,-0.999149,-0.904072,ETH,USA,8429
884474,74,231,1647,2001,2589526.0,8098526.0,2.069141,0.9375180000000001,FIN,USA,8429
884475,77,231,1647,2001,208883273.0,37534726.0,1.653507,0.797582,FRA,USA,8429
884476,78,231,1647,2001,0.0,228660.0,-1.004972,-0.9456030000000001,FRO,USA,8429
884477,79,231,1647,2001,0.0,384630.0,-1.7531240000000001,-1.081697,FSM,USA,8429
884478,80,231,1647,2001,0.0,1099808.0,-1.063007,-1.181284,GAB,USA,8429
884479,81,231,1647,2001,131993032.0,30202440.0,1.976894,0.685435,GBR,USA,8429
884480,82,231,1647,2001,171435.0,177361.0,0.585568,-0.047744999999999996,GEO,USA,8429
884481,83,231,1647,2001,0.0,4808793.0,-0.961067,-0.780449,GHA,USA,8429
884482,85,231,1647,2001,0.0,711529.0,-1.5380340000000001,-1.200083,GIN,USA,8429
884483,89,231,1647,2001,0.0,569900.0,-2.0882959999999997,-0.921539,GNQ,USA,8429
884484,90,231,1647,2001,0.0,1354616.0,0.31387600000000004,1.3614600000000001,GRC,USA,8429
884485,91,231,1647,2001,0.0,933334.0,-0.007888,-0.518167,GRD,USA,8429
884486,92,231,1647,2001,0.0,119830.0,0.199595,-0.73547,GRL,USA,8429
884487,93,231,1647,2001,122546.0,10467218.0,-0.5089520000000001,0.216677,GTM,USA,8429
884488,96,231,1647,2001,404442.0,1143542.0,-0.955816,-0.8593069999999999,GUY,USA,8429
884489,97,231,1647,2001,2155997.0,3826828.0,0.521528,2.3025,HKG,USA,8429
884490,99,231,1647,2001,119180.0,3408041.0,-0.8003060000000001,-0.602097,HND,USA,8429
884491,100,231,1647,2001,0.0,3685249.0,0.544596,0.969535,HRV,USA,8429
884492,101,231,1647,2001,0.0,271100.0,-1.220515,-0.8502200000000001,HTI,USA,8429
884493,102,231,1647,2001,7337.0,1369048.0,1.102262,1.138016,HUN,USA,8429
884494,103,231,1647,2001,1132758.0,24855231.0,-0.167771,1.6587889999999998,IDN,USA,8429
884495,104,231,1647,2001,211873.0,5378628.0,0.349744,2.665844,IND,USA,8429
884496,106,231,1647,2001,0.0,1799403.0,1.664233,0.129983,IRL,USA,8429
884497,107,231,1647,2001,0.0,11619.0,-0.7732479999999999,-0.8979370000000001,IRN,USA,8429
884498,109,231,1647,2001,130706.0,318021.0,0.032382999999999995,-0.51054,ISL,USA,8429
884499,110,231,1647,2001,503455.0,2021620.0,1.374873,0.775594,ISR,USA,8429
884500,111,231,1647,2001,179231879.0,50319454.0,1.389926,1.282143,ITA,USA,8429
884501,112,231,1647,2001,0.0,8086419.0,-0.541582,-0.837248,JAM,USA,8429
884502,113,231,1647,2001,236542.0,807247.0,0.375134,0.581558,JOR,USA,8429
884503,114,231,1647,2001,763220667.0,19571135.0,2.585857,0.522663,JPN,USA,8429
884504,115,231,1647,2001,0.0,1947859.0,0.009714,-0.525899,KAZ,USA,8429
884505,116,231,1647,2001,0.0,1375791.0,-0.529388,0.092271,KEN,USA,8429
884506,118,231,1647,2001,0.0,162579.0,-1.231058,-1.154536,KHM,USA,8429
884507,120,231,1647,2001,88703.0,177234.0,0.612222,-0.440733,KNA,USA,8429
884508,121,231,1647,2001,89685665.0,5329105.0,1.145797,1.0762399999999999,KOR,USA,8429
884509,122,231,1647,2001,0.0,2083178.0,-0.8197,-1.183758,KWT,USA,8429
884510,124,231,1647,2001,0.0,1735691.0,0.165355,0.988008,LBN,USA,8429
884511,125,231,1647,2001,0.0,355603.0,-0.49036,-1.126565,LBR,USA,8429
884512,127,231,1647,2001,0.0,245974.0,0.004518,-0.5326770000000001,LCA,USA,8429
884513,128,231,1647,2001,0.0,61080.0,-0.722434,-0.033818,LKA,USA,8429
884514,130,231,1647,2001,0.0,222102.0,0.15706900000000001,0.416663,LTU,USA,8429
884515,131,231,1647,2001,10678.0,0.0,1.470895,1.149007,LUX,USA,8429
884516,132,231,1647,2001,0.0,128178.0,0.404136,0.461009,LVA,USA,8429
884517,133,231,1647,2001,0.0,28935.0,-0.608406,-0.521662,MAC,USA,8429
884518,134,231,1647,2001,0.0,2111174.0,-0.75275,-0.280397,MAR,USA,8429
884519,136,231,1647,2001,0.0,267138.0,-1.247531,-0.637093,MDG,USA,8429
884520,138,231,1647,2001,39371764.0,254110619.0,0.797058,0.713234,MEX,USA,8429
884521,140,231,1647,2001,0.0,186335.0,0.033097,0.43516499999999997,MKD,USA,8429
884522,141,231,1647,2001,2447509.0,2766683.0,-0.40341,-0.626402,MLI,USA,8429
884523,142,231,1647,2001,0.0,14049.0,1.065032,-0.065239,MLT,USA,8429
884524,143,231,1647,2001,0.0,1015815.0,-1.5627,-1.150854,MMR,USA,8429
884525,145,231,1647,2001,0.0,66832.0,-0.691001,-0.9284180000000001,MNG,USA,8429
884526,147,231,1647,2001,0.0,89424.0,-1.2364879999999998,-1.136715,MOZ,USA,8429
884527,148,231,1647,2001,0.0,8977891.0,-1.187271,-1.240445,MRT,USA,8429
884528,151,231,1647,2001,0.0,232872.0,-0.410422,-0.5868369999999999,MUS,USA,8429
884529,152,231,1647,2001,25992.0,341912.0,-1.388716,-1.116315,MWI,USA,8429
884530,153,231,1647,2001,3345896.0,4367130.0,0.768174,0.307033,MYS,USA,8429
884531,155,231,1647,2001,0.0,334339.0,-0.625912,-0.854247,NAM,USA,8429
884532,156,231,1647,2001,0.0,410270.0,-0.837087,-0.9207040000000001,NCL,USA,8429
884533,157,231,1647,2001,101605.0,792670.0,-0.22368600000000002,-0.464156,NER,USA,8429
884534,159,231,1647,2001,0.0,6364193.0,-1.966439,-1.2724520000000001,NGA,USA,8429
884535,160,231,1647,2001,12036.0,2116105.0,-0.8917430000000001,-0.713179,NIC,USA,8429
884536,162,231,1647,2001,37329319.0,6765777.0,1.315685,1.590935,NLD,USA,8429
884537,163,231,1647,2001,1303465.0,8896138.0,0.974814,0.06512000000000001,NOR,USA,8429
884538,166,231,1647,2001,261066.0,4049780.0,0.521409,0.683134,NZL,USA,8429
884539,167,231,1647,2001,0.0,3055568.0,-0.909329,-1.189698,OMN,USA,8429
884540,168,231,1647,2001,0.0,205309.0,-0.8376520000000001,-0.378743,PAK,USA,8429
884541,169,231,1647,2001,0.0,2841981.0,0.17588199999999998,0.422505,PAN,USA,8429
884542,171,231,1647,2001,0.0,25130.0,0.108918,-0.732035,PCN,USA,8429
884543,173,231,1647,2001,366138.0,19075578.0,-0.345519,0.202623,PER,USA,8429
884544,174,231,1647,2001,3060585.0,4889300.0,-0.028201,-0.112349,PHL,USA,8429
884545,176,231,1647,2001,0.0,537280.0,-1.503929,-1.199463,PNG,USA,8429
884546,177,231,1647,2001,8641702.0,465862.0,0.9474540000000001,1.8408220000000002,POL,USA,8429
884547,179,231,1647,2001,373118.0,3287893.0,0.482048,1.662123,PRT,USA,8429
884548,180,231,1647,2001,0.0,152619.0,-0.68893,-0.9326690000000001,PRY,USA,8429
884549,182,231,1647,2001,0.0,349605.0,-0.005456,-0.7210770000000001,PYF,USA,8429
884550,183,231,1647,2001,0.0,3029805.0,-0.46564799999999995,-1.127634,QAT,USA,8429
884551,185,231,1647,2001,23648.0,1325445.0,0.326733,1.005332,ROU,USA,8429
884552,186,231,1647,2001,0.0,11279515.0,0.945816,0.35027600000000003,RUS,USA,8429
884553,187,231,1647,2001,0.0,115199.0,-1.260879,-0.861347,RWA,USA,8429
884554,188,231,1647,2001,124332.0,16242652.0,0.5370550000000001,-0.793469,SAU,USA,8429
884555,189,231,1647,2001,0.0,392032.0,0.45280200000000004,2.469852,SCG,USA,8429
884556,190,231,1647,2001,0.0,525075.0,-1.6325180000000001,-1.263267,SDN,USA,8429
884557,191,231,1647,2001,0.0,3794165.0,-0.437779,-0.436654,SEN,USA,8429
884558,192,231,1647,2001,4503097.0,9992417.0,1.364239,0.721074,SGP,USA,8429
884559,196,231,1647,2001,0.0,497580.0,0.331949,0.186253,SLE,USA,8429
884560,197,231,1647,2001,219053.0,3901838.0,-0.181554,-0.031294,SLV,USA,8429
884561,198,231,1647,2001,1544742.0,0.0,1.40664,-0.034707999999999996,SMR,USA,8429
884562,205,231,1647,2001,89686.0,909453.0,-0.650556,-0.801128,SUR,USA,8429
884563,206,231,1647,2001,42284.0,476400.0,1.1732770000000001,1.088576,SVK,USA,8429
884564,207,231,1647,2001,0.0,891316.0,1.5074370000000001,1.1370040000000001,SVN,USA,8429
884565,208,231,1647,2001,59572903.0,18248231.0,2.156845,0.784439,SWE,USA,8429
884566,212,231,1647,2001,0.0,166287.0,-1.057217,-0.716331,SYR,USA,8429
884567,213,231,1647,2001,0.0,171708.0,0.433253,-0.23213000000000003,TCA,USA,8429
884568,214,231,1647,2001,0.0,10809040.0,-0.655004,-0.872215,TCD,USA,8429
884569,215,231,1647,2001,52582.0,779538.0,-0.758725,-0.577004,TGO,USA,8429
884570,216,231,1647,2001,10351012.0,686606.0,0.37555900000000003,1.498267,THA,USA,8429
884571,222,231,1647,2001,48325.0,3901889.0,0.178256,-0.709126,TTO,USA,8429
884572,223,231,1647,2001,0.0,1861910.0,-0.162152,0.23939699999999997,TUN,USA,8429
884573,224,231,1647,2001,4001165.0,30111017.0,0.188773,1.91451,TUR,USA,8429
884574,226,231,1647,2001,0.0,2921641.0,-1.193991,-0.49282200000000004,TZA,USA,8429
884575,227,231,1647,2001,22190.0,144324.0,-0.9694860000000001,-0.840592,UGA,USA,8429
884576,228,231,1647,2001,0.0,1337698.0,0.8376969999999999,0.989059,UKR,USA,8429
884577,230,231,1647,2001,0.0,1151959.0,0.36029,0.298869,URY,USA,8429
884578,232,231,1647,2001,0.0,478393.0,-0.395913,-0.6454449999999999,UZB,USA,8429
884579,234,231,1647,2001,0.0,396416.0,-0.5042,-0.7987609999999999,VCT,USA,8429
884580,236,231,1647,2001,0.0,44587708.0,0.261158,-0.7397,VEN,USA,8429
884581,237,231,1647,2001,0.0,795261.0,0.759566,-0.16636099999999998,VGB,USA,8429
884582,239,231,1647,2001,0.0,1211325.0,-0.6692130000000001,0.610992,VNM,USA,8429
884583,241,231,1647,2001,0.0,7367.0,0.934326,-0.724379,WLF,USA,8429
884584,242,231,1647,2001,0.0,12149.0,-0.361456,-0.690474,WSM,USA,8429
884585,243,231,1647,2001,0.0,637500.0,-1.465154,-1.261615,YEM,USA,8429
884586,246,231,1647,2001,2119428.0,37653093.0,0.356842,2.006155,ZAF,USA,8429
884587,247,231,1647,2001,0.0,140591.0,-0.731193,-0.706978,ZMB,USA,8429
884588,248,231,1647,2001,0.0,466473.0,-0.6321829999999999,-0.453671,ZWE,USA,8429
884589,249,231,1647,2001,777513.0,4719009.0,1.5731700000000002,1.353159,TWN,USA,8429
884590,0,236,1647,2001,57029.0,0.0,-0.084715,-0.844852,ABW,VEN,8429
884591,6,236,1647,2001,143294.0,0.0,0.260662,-0.66681,ANT,VEN,8429
884592,8,236,1647,2001,60736.0,0.0,0.287698,0.547137,ARG,VEN,8429
884593,18,236,1647,2001,59548.0,0.0,1.4328370000000001,1.408495,BEL,VEN,8429
884594,32,236,1647,2001,11546793.0,0.0,0.672496,1.051848,BRA,VEN,8429
884595,39,236,1647,2001,291464.0,170615.0,0.971827,1.105171,CAN,VEN,8429
884596,43,236,1647,2001,276684.0,0.0,0.525171,3.092963,CHN,VEN,8429
884597,49,236,1647,2001,226302.0,101282.0,0.30412,0.395913,COL,VEN,8429
884598,59,236,1647,2001,55912.0,0.0,1.485703,1.109305,CZE,VEN,8429
884599,61,236,1647,2001,4550289.0,0.0,2.321375,-2.1110990000000003,DEU,VEN,8429
884600,64,236,1647,2001,16249.0,0.0,1.261883,1.351875,DNK,VEN,8429
884601,65,236,1647,2001,104647.0,34078.0,-0.538419,-0.48773900000000003,DOM,VEN,8429
884602,67,236,1647,2001,0.0,377304.0,-0.852642,-0.896374,ECU,VEN,8429
884603,71,236,1647,2001,471157.0,0.0,1.079664,1.9842220000000002,ESP,VEN,8429
884604,77,236,1647,2001,268886.0,100536.0,1.653507,0.797582,FRA,VEN,8429
884605,81,236,1647,2001,1052095.0,0.0,1.976894,0.685435,GBR,VEN,8429
884606,90,236,1647,2001,14666.0,0.0,0.31387600000000004,1.3614600000000001,GRC,VEN,8429
884607,93,236,1647,2001,0.0,5250.0,-0.5089520000000001,0.216677,GTM,VEN,8429
884608,99,236,1647,2001,114252.0,0.0,-0.8003060000000001,-0.602097,HND,VEN,8429
884609,111,236,1647,2001,1144643.0,30795.0,1.389926,1.282143,ITA,VEN,8429
884610,114,236,1647,2001,1273868.0,0.0,2.585857,0.522663,JPN,VEN,8429
884611,121,236,1647,2001,222057.0,0.0,1.145797,1.0762399999999999,KOR,VEN,8429
884612,138,236,1647,2001,9485.0,0.0,0.797058,0.713234,MEX,VEN,8429
884613,153,236,1647,2001,12588.0,0.0,0.768174,0.307033,MYS,VEN,8429
884614,162,236,1647,2001,370779.0,0.0,1.315685,1.590935,NLD,VEN,8429
884615,169,236,1647,2001,234999.0,0.0,0.17588199999999998,0.422505,PAN,VEN,8429
884616,177,236,1647,2001,61226.0,0.0,0.9474540000000001,1.8408220000000002,POL,VEN,8429
884617,179,236,1647,2001,5058.0,0.0,0.482048,1.662123,PRT,VEN,8429
884618,197,236,1647,2001,0.0,48023.0,-0.181554,-0.031294,SLV,VEN,8429
884619,208,236,1647,2001,78314.0,0.0,2.156845,0.784439,SWE,VEN,8429
884620,216,236,1647,2001,59132.0,0.0,0.37555900000000003,1.498267,THA,VEN,8429
884621,222,236,1647,2001,0.0,988.0,0.178256,-0.709126,TTO,VEN,8429
884622,228,236,1647,2001,5954.0,0.0,0.8376969999999999,0.989059,UKR,VEN,8429
884623,231,236,1647,2001,44587708.0,0.0,1.873674,0.168468,USA,VEN,8429
884624,14,239,1647,2001,262275.0,78482.0,0.29463,0.772375,AUS,VNM,8429
884625,15,239,1647,2001,114117.0,0.0,1.8571650000000002,0.603191,AUT,VNM,8429
884626,18,239,1647,2001,5932.0,0.0,1.4328370000000001,1.408495,BEL,VNM,8429
884627,28,239,1647,2001,20535.0,0.0,0.804404,0.936773,BLR,VNM,8429
884628,32,239,1647,2001,79900.0,0.0,0.672496,1.051848,BRA,VNM,8429
884629,39,239,1647,2001,133140.0,21008.0,0.971827,1.105171,CAN,VNM,8429
884630,40,239,1647,2001,126345.0,0.0,1.5803969999999998,-0.258236,CCK,VNM,8429
884631,41,239,1647,2001,71941.0,0.0,2.227246,0.553956,CHE,VNM,8429
884632,43,239,1647,2001,5947188.0,0.0,0.525171,3.092963,CHN,VNM,8429
884633,59,239,1647,2001,234054.0,0.0,1.485703,1.109305,CZE,VNM,8429
884634,61,239,1647,2001,2370384.0,0.0,2.321375,-2.1110990000000003,DEU,VNM,8429
884635,71,239,1647,2001,661550.0,0.0,1.079664,1.9842220000000002,ESP,VNM,8429
884636,77,239,1647,2001,1140477.0,26098.0,1.653507,0.797582,FRA,VNM,8429
884637,81,239,1647,2001,304042.0,0.0,1.976894,0.685435,GBR,VNM,8429
884638,97,239,1647,2001,259027.0,330074.0,0.521528,2.3025,HKG,VNM,8429
884639,102,239,1647,2001,23084.0,0.0,1.102262,1.138016,HUN,VNM,8429
884640,103,239,1647,2001,0.0,228813.0,-0.167771,1.6587889999999998,IDN,VNM,8429
884641,106,239,1647,2001,24084.0,0.0,1.664233,0.129983,IRL,VNM,8429
884642,109,239,1647,2001,233585.0,0.0,0.032382999999999995,-0.51054,ISL,VNM,8429
884643,111,239,1647,2001,351330.0,0.0,1.389926,1.282143,ITA,VNM,8429
884644,114,239,1647,2001,67973808.0,895880.0,2.585857,0.522663,JPN,VNM,8429
884645,118,239,1647,2001,73413.0,24317.0,-1.231058,-1.154536,KHM,VNM,8429
884646,121,239,1647,2001,19775996.0,0.0,1.145797,1.0762399999999999,KOR,VNM,8429
884647,123,239,1647,2001,195369.0,0.0,-1.298653,-1.164605,LAO,VNM,8429
884648,153,239,1647,2001,272655.0,77780.0,0.768174,0.307033,MYS,VNM,8429
884649,162,239,1647,2001,290267.0,0.0,1.315685,1.590935,NLD,VNM,8429
884650,163,239,1647,2001,24337.0,0.0,0.974814,0.06512000000000001,NOR,VNM,8429
884651,166,239,1647,2001,54534.0,0.0,0.521409,0.683134,NZL,VNM,8429
884652,174,239,1647,2001,3224.0,0.0,-0.028201,-0.112349,PHL,VNM,8429
884653,177,239,1647,2001,10380.0,0.0,0.9474540000000001,1.8408220000000002,POL,VNM,8429
884654,186,239,1647,2001,2082624.0,0.0,0.945816,0.35027600000000003,RUS,VNM,8429
884655,192,239,1647,2001,5059015.0,53613.0,1.364239,0.721074,SGP,VNM,8429
884656,206,239,1647,2001,37504.0,0.0,1.1732770000000001,1.088576,SVK,VNM,8429
884657,208,239,1647,2001,466137.0,0.0,2.156845,0.784439,SWE,VNM,8429
884658,216,239,1647,2001,2487427.0,0.0,0.37555900000000003,1.498267,THA,VNM,8429
884659,228,239,1647,2001,63644.0,0.0,0.8376969999999999,0.989059,UKR,VNM,8429
884660,231,239,1647,2001,1211325.0,0.0,1.873674,0.168468,USA,VNM,8429
884661,249,239,1647,2001,730593.0,96450.0,1.5731700000000002,1.353159,TWN,VNM,8429
884662,14,249,1647,2001,55412.0,55533.0,0.29463,0.772375,AUS,TWN,8429
884663,15,249,1647,2001,400275.0,0.0,1.8571650000000002,0.603191,AUT,TWN,8429
884664,22,249,1647,2001,0.0,189039.0,-1.0406739999999999,-1.010108,BGD,TWN,8429
884665,29,249,1647,2001,0.0,18168.0,-0.297981,-0.695022,BLZ,TWN,8429
884666,37,249,1647,2001,0.0,28187.0,-0.42690100000000003,-1.081372,BWA,TWN,8429
884667,39,249,1647,2001,56376.0,4032.0,0.971827,1.105171,CAN,TWN,8429
884668,41,249,1647,2001,115550.0,0.0,2.227246,0.553956,CHE,TWN,8429
884669,43,249,1647,2001,39550.0,187344.0,0.525171,3.092963,CHN,TWN,8429
884670,61,249,1647,2001,1023935.0,188677.0,2.321375,-2.1110990000000003,DEU,TWN,8429
884671,65,249,1647,2001,0.0,11861.0,-0.538419,-0.48773900000000003,DOM,TWN,8429
884672,77,249,1647,2001,546521.0,0.0,1.653507,0.797582,FRA,TWN,8429
884673,81,249,1647,2001,192119.0,257934.0,1.976894,0.685435,GBR,TWN,8429
884674,97,249,1647,2001,52577.0,587364.0,0.521528,2.3025,HKG,TWN,8429
884675,99,249,1647,2001,0.0,1303.0,-0.8003060000000001,-0.602097,HND,TWN,8429
884676,103,249,1647,2001,30639.0,298252.0,-0.167771,1.6587889999999998,IDN,TWN,8429
884677,104,249,1647,2001,0.0,7263.0,0.349744,2.665844,IND,TWN,8429
884678,111,249,1647,2001,117794.0,0.0,1.389926,1.282143,ITA,TWN,8429
884679,113,249,1647,2001,0.0,6773.0,0.375134,0.581558,JOR,TWN,8429
884680,114,249,1647,2001,40818291.0,184462.0,2.585857,0.522663,JPN,TWN,8429
884681,118,249,1647,2001,0.0,84510.0,-1.231058,-1.154536,KHM,TWN,8429
884682,121,249,1647,2001,1435306.0,339745.0,1.145797,1.0762399999999999,KOR,TWN,8429
884683,134,249,1647,2001,0.0,2168.0,-0.75275,-0.280397,MAR,TWN,8429
884684,153,249,1647,2001,0.0,94890.0,0.768174,0.307033,MYS,TWN,8429
884685,159,249,1647,2001,0.0,5140.0,-1.966439,-1.2724520000000001,NGA,TWN,8429
884686,160,249,1647,2001,0.0,39783.0,-0.8917430000000001,-0.713179,NIC,TWN,8429
884687,162,249,1647,2001,29614.0,0.0,1.315685,1.590935,NLD,TWN,8429
884688,174,249,1647,2001,4582.0,63956.0,-0.028201,-0.112349,PHL,TWN,8429
884689,177,249,1647,2001,604988.0,0.0,0.9474540000000001,1.8408220000000002,POL,TWN,8429
884690,190,249,1647,2001,0.0,42883.0,-1.6325180000000001,-1.263267,SDN,TWN,8429
884691,192,249,1647,2001,248503.0,597313.0,1.364239,0.721074,SGP,TWN,8429
884692,208,249,1647,2001,168447.0,0.0,2.156845,0.784439,SWE,TWN,8429
884693,216,249,1647,2001,1084194.0,39131.0,0.37555900000000003,1.498267,THA,TWN,8429
884694,231,249,1647,2001,4719009.0,777513.0,1.873674,0.168468,USA,TWN,8429
884695,239,249,1647,2001,96450.0,730593.0,-0.6692130000000001,0.610992,VNM,TWN,8429
884696,15,16,1647,2001,30301.0,0.0,1.8571650000000002,0.603191,AUT,AZE,8429
884697,18,16,1647,2001,39160.0,0.0,1.4328370000000001,1.408495,BEL,AZE,8429
884698,61,16,1647,2001,304193.0,0.0,2.321375,-2.1110990000000003,DEU,AZE,8429
884699,77,16,1647,2001,67057.0,0.0,1.653507,0.797582,FRA,AZE,8429
884700,81,16,1647,2001,240302.0,0.0,1.976894,0.685435,GBR,AZE,8429
884701,107,16,1647,2001,0.0,9961.0,-0.7732479999999999,-0.8979370000000001,IRN,AZE,8429
884702,111,16,1647,2001,15683.0,0.0,1.389926,1.282143,ITA,AZE,8429
884703,114,16,1647,2001,1208529.0,0.0,2.585857,0.522663,JPN,AZE,8429
884704,115,16,1647,2001,4899.0,237269.0,0.009714,-0.525899,KAZ,AZE,8429
884705,135,16,1647,2001,77294.0,0.0,-0.024822,-0.15323399999999998,MDA,AZE,8429
884706,186,16,1647,2001,357098.0,8162.0,0.945816,0.35027600000000003,RUS,AZE,8429
884707,224,16,1647,2001,181768.0,0.0,0.188773,1.91451,TUR,AZE,8429
884708,228,16,1647,2001,35119.0,0.0,0.8376969999999999,0.989059,UKR,AZE,8429
884709,231,16,1647,2001,1791.0,0.0,1.873674,0.168468,USA,AZE,8429
884710,4,23,1647,2001,0.0,110053.0,-0.054125,0.104298,ALB,BGR,8429
884711,15,23,1647,2001,271511.0,0.0,1.8571650000000002,0.603191,AUT,BGR,8429
884712,18,23,1647,2001,179525.0,0.0,1.4328370000000001,1.408495,BEL,BGR,8429
884713,28,23,1647,2001,90082.0,10936.0,0.804404,0.936773,BLR,BGR,8429
884714,59,23,1647,2001,20395.0,0.0,1.485703,1.109305,CZE,BGR,8429
884715,61,23,1647,2001,5049026.0,14551.0,2.321375,-2.1110990000000003,DEU,BGR,8429
884716,71,23,1647,2001,10176.0,0.0,1.079664,1.9842220000000002,ESP,BGR,8429
884717,74,23,1647,2001,204644.0,0.0,2.069141,0.9375180000000001,FIN,BGR,8429
884718,77,23,1647,2001,1594898.0,0.0,1.653507,0.797582,FRA,BGR,8429
884719,81,23,1647,2001,452106.0,0.0,1.976894,0.685435,GBR,BGR,8429
884720,90,23,1647,2001,345505.0,7055.0,0.31387600000000004,1.3614600000000001,GRC,BGR,8429
884721,111,23,1647,2001,1078095.0,103554.0,1.389926,1.282143,ITA,BGR,8429
884722,113,23,1647,2001,44605.0,0.0,0.375134,0.581558,JOR,BGR,8429
884723,114,23,1647,2001,314840.0,0.0,2.585857,0.522663,JPN,BGR,8429
884724,115,23,1647,2001,0.0,112059.0,0.009714,-0.525899,KAZ,BGR,8429
884725,121,23,1647,2001,34273.0,0.0,1.145797,1.0762399999999999,KOR,BGR,8429
884726,124,23,1647,2001,0.0,34860.0,0.165355,0.988008,LBN,BGR,8429
884727,131,23,1647,2001,7419.0,0.0,1.470895,1.149007,LUX,BGR,8429
884728,140,23,1647,2001,0.0,9592.0,0.033097,0.43516499999999997,MKD,BGR,8429
884729,162,23,1647,2001,356402.0,0.0,1.315685,1.590935,NLD,BGR,8429
884730,177,23,1647,2001,397390.0,0.0,0.9474540000000001,1.8408220000000002,POL,BGR,8429
884731,185,23,1647,2001,0.0,6600.0,0.326733,1.005332,ROU,BGR,8429
884732,186,23,1647,2001,124464.0,0.0,0.945816,0.35027600000000003,RUS,BGR,8429
884733,189,23,1647,2001,0.0,5194.0,0.45280200000000004,2.469852,SCG,BGR,8429
884734,208,23,1647,2001,382253.0,0.0,2.156845,0.784439,SWE,BGR,8429
884735,226,23,1647,2001,0.0,3543.0,-1.193991,-0.49282200000000004,TZA,BGR,8429
884736,228,23,1647,2001,0.0,4283.0,0.8376969999999999,0.989059,UKR,BGR,8429
884737,231,23,1647,2001,718277.0,58243.0,1.873674,0.168468,USA,BGR,8429
884738,246,23,1647,2001,2620.0,0.0,0.356842,2.006155,ZAF,BGR,8429
884739,4,28,1647,2001,0.0,7508.0,-0.054125,0.104298,ALB,BLR,8429
884740,15,28,1647,2001,172651.0,0.0,1.8571650000000002,0.603191,AUT,BLR,8429
884741,18,28,1647,2001,79879.0,0.0,1.4328370000000001,1.408495,BEL,BLR,8429
884742,23,28,1647,2001,10936.0,90082.0,0.41425100000000004,1.639866,BGR,BLR,8429
884743,59,28,1647,2001,376623.0,23566.0,1.485703,1.109305,CZE,BLR,8429
884744,61,28,1647,2001,345597.0,17494.0,2.321375,-2.1110990000000003,DEU,BLR,8429
884745,72,28,1647,2001,0.0,23770.0,0.5746829999999999,0.9073899999999999,EST,BLR,8429
884746,77,28,1647,2001,87429.0,0.0,1.653507,0.797582,FRA,BLR,8429
884747,102,28,1647,2001,0.0,85278.0,1.102262,1.138016,HUN,BLR,8429
884748,107,28,1647,2001,0.0,121022.0,-0.7732479999999999,-0.8979370000000001,IRN,BLR,8429
884749,108,28,1647,2001,0.0,549929.0,-1.115465,-0.883028,IRQ,BLR,8429
884750,114,28,1647,2001,183767.0,0.0,2.585857,0.522663,JPN,BLR,8429
884751,115,28,1647,2001,0.0,1292480.0,0.009714,-0.525899,KAZ,BLR,8429
884752,117,28,1647,2001,0.0,630367.0,0.23332199999999997,0.256019,KGZ,BLR,8429
884753,130,28,1647,2001,0.0,149841.0,0.15706900000000001,0.416663,LTU,BLR,8429
884754,132,28,1647,2001,4971.0,326741.0,0.404136,0.461009,LVA,BLR,8429
884755,135,28,1647,2001,0.0,77153.0,-0.024822,-0.15323399999999998,MDA,BLR,8429
884756,140,28,1647,2001,0.0,20840.0,0.033097,0.43516499999999997,MKD,BLR,8429
884757,145,28,1647,2001,0.0,124498.0,-0.691001,-0.9284180000000001,MNG,BLR,8429
884758,162,28,1647,2001,0.0,38109.0,1.315685,1.590935,NLD,BLR,8429
884759,177,28,1647,2001,0.0,131030.0,0.9474540000000001,1.8408220000000002,POL,BLR,8429
884760,185,28,1647,2001,0.0,23145.0,0.326733,1.005332,ROU,BLR,8429
884761,186,28,1647,2001,4400397.0,20936202.0,0.945816,0.35027600000000003,RUS,BLR,8429
884762,189,28,1647,2001,0.0,141228.0,0.45280200000000004,2.469852,SCG,BLR,8429
884763,206,28,1647,2001,135499.0,4403.0,1.1732770000000001,1.088576,SVK,BLR,8429
884764,208,28,1647,2001,355934.0,0.0,2.156845,0.784439,SWE,BLR,8429
884765,219,28,1647,2001,0.0,23218.0,-1.24627,-1.2760209999999998,TKM,BLR,8429
884766,224,28,1647,2001,0.0,1080220.0,0.188773,1.91451,TUR,BLR,8429
884767,228,28,1647,2001,0.0,737129.0,0.8376969999999999,0.989059,UKR,BLR,8429
884768,231,28,1647,2001,33738.0,0.0,1.873674,0.168468,USA,BLR,8429
884769,239,28,1647,2001,0.0,20535.0,-0.6692130000000001,0.610992,VNM,BLR,8429
884770,7,68,1647,2001,404624.0,223535.0,-0.193984,-0.457124,ARE,EGY,8429
884771,15,68,1647,2001,274911.0,1174856.0,1.8571650000000002,0.603191,AUT,EGY,8429
884772,18,68,1647,2001,1317801.0,0.0,1.4328370000000001,1.408495,BEL,EGY,8429
884773,32,68,1647,2001,85377.0,0.0,0.672496,1.051848,BRA,EGY,8429
884774,39,68,1647,2001,147241.0,0.0,0.971827,1.105171,CAN,EGY,8429
884775,41,68,1647,2001,163096.0,2058.0,2.227246,0.553956,CHE,EGY,8429
884776,43,68,1647,2001,45686.0,0.0,0.525171,3.092963,CHN,EGY,8429
884777,58,68,1647,2001,12200.0,81450.0,0.381251,0.257802,CYP,EGY,8429
884778,61,68,1647,2001,2238308.0,0.0,2.321375,-2.1110990000000003,DEU,EGY,8429
884779,64,68,1647,2001,96819.0,0.0,1.261883,1.351875,DNK,EGY,8429
884780,71,68,1647,2001,95007.0,0.0,1.079664,1.9842220000000002,ESP,EGY,8429
884781,77,68,1647,2001,2957743.0,72645.0,1.653507,0.797582,FRA,EGY,8429
884782,81,68,1647,2001,707378.0,0.0,1.976894,0.685435,GBR,EGY,8429
884783,103,68,1647,2001,165879.0,0.0,-0.167771,1.6587889999999998,IDN,EGY,8429
884784,111,68,1647,2001,1638374.0,349964.0,1.389926,1.282143,ITA,EGY,8429
884785,113,68,1647,2001,0.0,52174.0,0.375134,0.581558,JOR,EGY,8429
884786,114,68,1647,2001,9417476.0,0.0,2.585857,0.522663,JPN,EGY,8429
884787,116,68,1647,2001,0.0,394426.0,-0.529388,0.092271,KEN,EGY,8429
884788,121,68,1647,2001,1373363.0,0.0,1.145797,1.0762399999999999,KOR,EGY,8429
884789,122,68,1647,2001,22458.0,0.0,-0.8197,-1.183758,KWT,EGY,8429
884790,162,68,1647,2001,284003.0,0.0,1.315685,1.590935,NLD,EGY,8429
884791,163,68,1647,2001,39092.0,0.0,0.974814,0.06512000000000001,NOR,EGY,8429
884792,167,68,1647,2001,0.0,762326.0,-0.909329,-1.189698,OMN,EGY,8429
884793,183,68,1647,2001,0.0,1593.0,-0.46564799999999995,-1.127634,QAT,EGY,8429
884794,188,68,1647,2001,50566.0,713017.0,0.5370550000000001,-0.793469,SAU,EGY,8429
884795,190,68,1647,2001,0.0,377357.0,-1.6325180000000001,-1.263267,SDN,EGY,8429
884796,192,68,1647,2001,139773.0,0.0,1.364239,0.721074,SGP,EGY,8429
884797,207,68,1647,2001,8195.0,0.0,1.5074370000000001,1.1370040000000001,SVN,EGY,8429
884798,208,68,1647,2001,378208.0,0.0,2.156845,0.784439,SWE,EGY,8429
884799,226,68,1647,2001,0.0,1023.0,-1.193991,-0.49282200000000004,TZA,EGY,8429
884800,227,68,1647,2001,0.0,209028.0,-0.9694860000000001,-0.840592,UGA,EGY,8429
884801,228,68,1647,2001,21025.0,0.0,0.8376969999999999,0.989059,UKR,EGY,8429
884802,231,68,1647,2001,4718792.0,0.0,1.873674,0.168468,USA,EGY,8429
884803,243,68,1647,2001,0.0,25757.0,-1.465154,-1.261615,YEM,EGY,8429
884804,250,68,1647,2001,786141.0,0.0,1.096023,-0.33562600000000004,ANS,EGY,8429
884805,14,83,1647,2001,1698.0,62450.0,0.29463,0.772375,AUS,GHA,8429
884806,15,83,1647,2001,2933.0,0.0,1.8571650000000002,0.603191,AUT,GHA,8429
884807,18,83,1647,2001,545678.0,0.0,1.4328370000000001,1.408495,BEL,GHA,8429
884808,21,83,1647,2001,155394.0,0.0,-0.291485,-0.20803000000000002,BFA,GHA,8429
884809,32,83,1647,2001,163255.0,0.0,0.672496,1.051848,BRA,GHA,8429
884810,37,83,1647,2001,0.0,124564.0,-0.42690100000000003,-1.081372,BWA,GHA,8429
884811,39,83,1647,2001,303845.0,0.0,0.971827,1.105171,CAN,GHA,8429
884812,41,83,1647,2001,156398.0,0.0,2.227246,0.553956,CHE,GHA,8429
884813,43,83,1647,2001,210391.0,0.0,0.525171,3.092963,CHN,GHA,8429
884814,44,83,1647,2001,47519.0,0.0,-0.715949,-0.524428,CIV,GHA,8429
884815,61,83,1647,2001,974452.0,0.0,2.321375,-2.1110990000000003,DEU,GHA,8429
884816,64,83,1647,2001,27457.0,0.0,1.261883,1.351875,DNK,GHA,8429
884817,71,83,1647,2001,99848.0,0.0,1.079664,1.9842220000000002,ESP,GHA,8429
884818,74,83,1647,2001,278136.0,0.0,2.069141,0.9375180000000001,FIN,GHA,8429
884819,77,83,1647,2001,665148.0,0.0,1.653507,0.797582,FRA,GHA,8429
884820,81,83,1647,2001,300726.0,2505.0,1.976894,0.685435,GBR,GHA,8429
884821,85,83,1647,2001,80427.0,0.0,-1.5380340000000001,-1.200083,GIN,GHA,8429
884822,110,83,1647,2001,29335.0,0.0,1.374873,0.775594,ISR,GHA,8429
884823,111,83,1647,2001,565400.0,0.0,1.389926,1.282143,ITA,GHA,8429
884824,114,83,1647,2001,312879.0,0.0,2.585857,0.522663,JPN,GHA,8429
884825,121,83,1647,2001,41372.0,0.0,1.145797,1.0762399999999999,KOR,GHA,8429
884826,141,83,1647,2001,1551397.0,96053.0,-0.40341,-0.626402,MLI,GHA,8429
884827,153,83,1647,2001,8394.0,0.0,0.768174,0.307033,MYS,GHA,8429
884828,159,83,1647,2001,0.0,619869.0,-1.966439,-1.2724520000000001,NGA,GHA,8429
884829,162,83,1647,2001,445167.0,217860.0,1.315685,1.590935,NLD,GHA,8429
884830,163,83,1647,2001,8068.0,0.0,0.974814,0.06512000000000001,NOR,GHA,8429
884831,169,83,1647,2001,36605.0,0.0,0.17588199999999998,0.422505,PAN,GHA,8429
884832,191,83,1647,2001,94498.0,0.0,-0.437779,-0.436654,SEN,GHA,8429
884833,196,83,1647,2001,138397.0,0.0,0.331949,0.186253,SLE,GHA,8429
884834,208,83,1647,2001,701677.0,0.0,2.156845,0.784439,SWE,GHA,8429
884835,215,83,1647,2001,142356.0,864.0,-0.758725,-0.577004,TGO,GHA,8429
884836,216,83,1647,2001,35271.0,0.0,0.37555900000000003,1.498267,THA,GHA,8429
884837,226,83,1647,2001,6479.0,0.0,-1.193991,-0.49282200000000004,TZA,GHA,8429
884838,231,83,1647,2001,4808793.0,0.0,1.873674,0.168468,USA,GHA,8429
884839,246,83,1647,2001,1097979.0,0.0,0.356842,2.006155,ZAF,GHA,8429
884840,7,104,1647,2001,429185.0,301870.0,-0.193984,-0.457124,ARE,IND,8429
884841,14,104,1647,2001,2975.0,0.0,0.29463,0.772375,AUS,IND,8429
884842,15,104,1647,2001,694737.0,0.0,1.8571650000000002,0.603191,AUT,IND,8429
884843,22,104,1647,2001,0.0,189264.0,-1.0406739999999999,-1.010108,BGD,IND,8429
884844,32,104,1647,2001,5437689.0,0.0,0.672496,1.051848,BRA,IND,8429
884845,35,104,1647,2001,0.0,15133.0,0.380727,-0.529766,BTN,IND,8429
884846,39,104,1647,2001,905116.0,42209.0,0.971827,1.105171,CAN,IND,8429
884847,41,104,1647,2001,72256.0,0.0,2.227246,0.553956,CHE,IND,8429
884848,43,104,1647,2001,147611.0,0.0,0.525171,3.092963,CHN,IND,8429
884849,59,104,1647,2001,95844.0,0.0,1.485703,1.109305,CZE,IND,8429
884850,61,104,1647,2001,4425926.0,6324.0,2.321375,-2.1110990000000003,DEU,IND,8429
884851,71,104,1647,2001,107889.0,0.0,1.079664,1.9842220000000002,ESP,IND,8429
884852,74,104,1647,2001,50546.0,0.0,2.069141,0.9375180000000001,FIN,IND,8429
884853,77,104,1647,2001,910819.0,0.0,1.653507,0.797582,FRA,IND,8429
884854,80,104,1647,2001,0.0,4127.0,-1.063007,-1.181284,GAB,IND,8429
884855,81,104,1647,2001,1205951.0,84809.0,1.976894,0.685435,GBR,IND,8429
884856,97,104,1647,2001,0.0,73591.0,0.521528,2.3025,HKG,IND,8429
884857,103,104,1647,2001,307525.0,15941.0,-0.167771,1.6587889999999998,IDN,IND,8429
884858,107,104,1647,2001,24532.0,0.0,-0.7732479999999999,-0.8979370000000001,IRN,IND,8429
884859,108,104,1647,2001,0.0,1815574.0,-1.115465,-0.883028,IRQ,IND,8429
884860,111,104,1647,2001,328068.0,3325.0,1.389926,1.282143,ITA,IND,8429
884861,114,104,1647,2001,10739666.0,193216.0,2.585857,0.522663,JPN,IND,8429
884862,121,104,1647,2001,3345290.0,84002.0,1.145797,1.0762399999999999,KOR,IND,8429
884863,128,104,1647,2001,19313.0,113794.0,-0.722434,-0.033818,LKA,IND,8429
884864,137,104,1647,2001,0.0,239200.0,-0.980734,-0.9785659999999999,MDV,IND,8429
884865,143,104,1647,2001,0.0,342283.0,-1.5627,-1.150854,MMR,IND,8429
884866,151,104,1647,2001,0.0,49234.0,-0.410422,-0.5868369999999999,MUS,IND,8429
884867,153,104,1647,2001,248154.0,221872.0,0.768174,0.307033,MYS,IND,8429
884868,159,104,1647,2001,0.0,116542.0,-1.966439,-1.2724520000000001,NGA,IND,8429
884869,162,104,1647,2001,1850146.0,0.0,1.315685,1.590935,NLD,IND,8429
884870,164,104,1647,2001,0.0,376402.0,-0.483749,-0.008754999999999999,NPL,IND,8429
884871,168,104,1647,2001,0.0,4961.0,-0.8376520000000001,-0.378743,PAK,IND,8429
884872,186,104,1647,2001,548867.0,0.0,0.945816,0.35027600000000003,RUS,IND,8429
884873,188,104,1647,2001,356481.0,87898.0,0.5370550000000001,-0.793469,SAU,IND,8429
884874,189,104,1647,2001,0.0,3340.0,0.45280200000000004,2.469852,SCG,IND,8429
884875,192,104,1647,2001,1608102.0,11734.0,1.364239,0.721074,SGP,IND,8429
884876,208,104,1647,2001,360353.0,0.0,2.156845,0.784439,SWE,IND,8429
884877,212,104,1647,2001,0.0,389462.0,-1.057217,-0.716331,SYR,IND,8429
884878,216,104,1647,2001,763982.0,3760.0,0.37555900000000003,1.498267,THA,IND,8429
884879,224,104,1647,2001,956558.0,0.0,0.188773,1.91451,TUR,IND,8429
884880,226,104,1647,2001,0.0,301870.0,-1.193991,-0.49282200000000004,TZA,IND,8429
884881,227,104,1647,2001,0.0,30530.0,-0.9694860000000001,-0.840592,UGA,IND,8429
884882,228,104,1647,2001,0.0,69779.0,0.8376969999999999,0.989059,UKR,IND,8429
884883,231,104,1647,2001,5378628.0,211873.0,1.873674,0.168468,USA,IND,8429
884884,246,104,1647,2001,38670.0,546666.0,0.356842,2.006155,ZAF,IND,8429
884885,247,104,1647,2001,0.0,22382.0,-0.731193,-0.706978,ZMB,IND,8429
884886,249,104,1647,2001,7263.0,0.0,1.5731700000000002,1.353159,TWN,IND,8429
884887,250,104,1647,2001,61452.0,0.0,1.096023,-0.33562600000000004,ANS,IND,8429
884888,15,106,1647,2001,106911.0,39590.0,1.8571650000000002,0.603191,AUT,IRL,8429
884889,18,106,1647,2001,5842646.0,0.0,1.4328370000000001,1.408495,BEL,IRL,8429
884890,39,106,1647,2001,14851.0,0.0,0.971827,1.105171,CAN,IRL,8429
884891,41,106,1647,2001,394490.0,0.0,2.227246,0.553956,CHE,IRL,8429
884892,58,106,1647,2001,0.0,80477.0,0.381251,0.257802,CYP,IRL,8429
884893,59,106,1647,2001,36509.0,5598.0,1.485703,1.109305,CZE,IRL,8429
884894,61,106,1647,2001,13941487.0,76486.0,2.321375,-2.1110990000000003,DEU,IRL,8429
884895,64,106,1647,2001,388026.0,0.0,1.261883,1.351875,DNK,IRL,8429
884896,71,106,1647,2001,719187.0,278530.0,1.079664,1.9842220000000002,ESP,IRL,8429
884897,74,106,1647,2001,910469.0,0.0,2.069141,0.9375180000000001,FIN,IRL,8429
884898,77,106,1647,2001,637834.0,118319.0,1.653507,0.797582,FRA,IRL,8429
884899,81,106,1647,2001,111565157.0,11272855.0,1.976894,0.685435,GBR,IRL,8429
884900,111,106,1647,2001,3440090.0,39664.0,1.389926,1.282143,ITA,IRL,8429
884901,113,106,1647,2001,0.0,116710.0,0.375134,0.581558,JOR,IRL,8429
884902,114,106,1647,2001,25349226.0,0.0,2.585857,0.522663,JPN,IRL,8429
884903,121,106,1647,2001,1011991.0,0.0,1.145797,1.0762399999999999,KOR,IRL,8429
884904,132,106,1647,2001,0.0,25891.0,0.404136,0.461009,LVA,IRL,8429
884905,138,106,1647,2001,0.0,29033.0,0.797058,0.713234,MEX,IRL,8429
884906,159,106,1647,2001,0.0,119025.0,-1.966439,-1.2724520000000001,NGA,IRL,8429
884907,162,106,1647,2001,2133004.0,956498.0,1.315685,1.590935,NLD,IRL,8429
884908,163,106,1647,2001,83799.0,0.0,0.974814,0.06512000000000001,NOR,IRL,8429
884909,192,106,1647,2001,94800.0,0.0,1.364239,0.721074,SGP,IRL,8429
884910,197,106,1647,2001,0.0,36263.0,-0.181554,-0.031294,SLV,IRL,8429
884911,198,106,1647,2001,291471.0,0.0,1.40664,-0.034707999999999996,SMR,IRL,8429
884912,208,106,1647,2001,7841922.0,475861.0,2.156845,0.784439,SWE,IRL,8429
884913,224,106,1647,2001,2121.0,0.0,0.188773,1.91451,TUR,IRL,8429
884914,231,106,1647,2001,1799403.0,0.0,1.873674,0.168468,USA,IRL,8429
884915,239,106,1647,2001,0.0,24084.0,-0.6692130000000001,0.610992,VNM,IRL,8429
884916,246,106,1647,2001,0.0,115224.0,0.356842,2.006155,ZAF,IRL,8429
884917,250,106,1647,2001,16941.0,33884.0,1.096023,-0.33562600000000004,ANS,IRL,8429
884918,14,113,1647,2001,36281.0,0.0,0.29463,0.772375,AUS,JOR,8429
884919,15,113,1647,2001,24801.0,0.0,1.8571650000000002,0.603191,AUT,JOR,8429
884920,18,113,1647,2001,522232.0,0.0,1.4328370000000001,1.408495,BEL,JOR,8429
884921,23,113,1647,2001,0.0,44605.0,0.41425100000000004,1.639866,BGR,JOR,8429
884922,41,113,1647,2001,242875.0,0.0,2.227246,0.553956,CHE,JOR,8429
884923,43,113,1647,2001,24380.0,0.0,0.525171,3.092963,CHN,JOR,8429
884924,61,113,1647,2001,3195236.0,0.0,2.321375,-2.1110990000000003,DEU,JOR,8429
884925,64,113,1647,2001,14960.0,0.0,1.261883,1.351875,DNK,JOR,8429
884926,68,113,1647,2001,52174.0,0.0,-0.373576,0.366385,EGY,JOR,8429
884927,77,113,1647,2001,601000.0,0.0,1.653507,0.797582,FRA,JOR,8429
884928,81,113,1647,2001,2928167.0,0.0,1.976894,0.685435,GBR,JOR,8429
884929,90,113,1647,2001,27912.0,0.0,0.31387600000000004,1.3614600000000001,GRC,JOR,8429
884930,106,113,1647,2001,116710.0,0.0,1.664233,0.129983,IRL,JOR,8429
884931,107,113,1647,2001,0.0,4107.0,-0.7732479999999999,-0.8979370000000001,IRN,JOR,8429
884932,108,113,1647,2001,0.0,113330.0,-1.115465,-0.883028,IRQ,JOR,8429
884933,110,113,1647,2001,6387.0,0.0,1.374873,0.775594,ISR,JOR,8429
884934,111,113,1647,2001,1594268.0,0.0,1.389926,1.282143,ITA,JOR,8429
884935,114,113,1647,2001,2688662.0,0.0,2.585857,0.522663,JPN,JOR,8429
884936,121,113,1647,2001,12892.0,0.0,1.145797,1.0762399999999999,KOR,JOR,8429
884937,124,113,1647,2001,66991.0,104912.0,0.165355,0.988008,LBN,JOR,8429
884938,153,113,1647,2001,62062.0,0.0,0.768174,0.307033,MYS,JOR,8429
884939,162,113,1647,2001,845009.0,0.0,1.315685,1.590935,NLD,JOR,8429
884940,177,113,1647,2001,258721.0,0.0,0.9474540000000001,1.8408220000000002,POL,JOR,8429
884941,188,113,1647,2001,0.0,207555.0,0.5370550000000001,-0.793469,SAU,JOR,8429
884942,190,113,1647,2001,0.0,72625.0,-1.6325180000000001,-1.263267,SDN,JOR,8429
884943,192,113,1647,2001,2691.0,0.0,1.364239,0.721074,SGP,JOR,8429
884944,208,113,1647,2001,252087.0,0.0,2.156845,0.784439,SWE,JOR,8429
884945,212,113,1647,2001,0.0,27842.0,-1.057217,-0.716331,SYR,JOR,8429
884946,231,113,1647,2001,807247.0,236542.0,1.873674,0.168468,USA,JOR,8429
884947,243,113,1647,2001,0.0,19749.0,-1.465154,-1.261615,YEM,JOR,8429
884948,249,113,1647,2001,6773.0,0.0,1.5731700000000002,1.353159,TWN,JOR,8429
884949,250,113,1647,2001,17913.0,1173489.0,1.096023,-0.33562600000000004,ANS,JOR,8429
884950,7,115,1647,2001,944254.0,0.0,-0.193984,-0.457124,ARE,KAZ,8429
884951,9,115,1647,2001,27233.0,39478.0,0.834168,0.21458000000000002,ARM,KAZ,8429
884952,14,115,1647,2001,290365.0,0.0,0.29463,0.772375,AUS,KAZ,8429
884953,15,115,1647,2001,46479.0,0.0,1.8571650000000002,0.603191,AUT,KAZ,8429
884954,16,115,1647,2001,237269.0,4899.0,-0.6731090000000001,-1.037922,AZE,KAZ,8429
884955,18,115,1647,2001,5482670.0,0.0,1.4328370000000001,1.408495,BEL,KAZ,8429
884956,23,115,1647,2001,112059.0,0.0,0.41425100000000004,1.639866,BGR,KAZ,8429
884957,28,115,1647,2001,1292480.0,0.0,0.804404,0.936773,BLR,KAZ,8429
884958,39,115,1647,2001,269457.0,0.0,0.971827,1.105171,CAN,KAZ,8429
884959,41,115,1647,2001,67325.0,0.0,2.227246,0.553956,CHE,KAZ,8429
884960,43,115,1647,2001,470496.0,263695.0,0.525171,3.092963,CHN,KAZ,8429
884961,59,115,1647,2001,6041.0,0.0,1.485703,1.109305,CZE,KAZ,8429
884962,61,115,1647,2001,6435013.0,0.0,2.321375,-2.1110990000000003,DEU,KAZ,8429
884963,74,115,1647,2001,3642967.0,0.0,2.069141,0.9375180000000001,FIN,KAZ,8429
884964,77,115,1647,2001,181306.0,0.0,1.653507,0.797582,FRA,KAZ,8429
884965,81,115,1647,2001,178727.0,0.0,1.976894,0.685435,GBR,KAZ,8429
884966,102,115,1647,2001,209078.0,0.0,1.102262,1.138016,HUN,KAZ,8429
884967,107,115,1647,2001,623978.0,0.0,-0.7732479999999999,-0.8979370000000001,IRN,KAZ,8429
884968,111,115,1647,2001,286176.0,0.0,1.389926,1.282143,ITA,KAZ,8429
884969,114,115,1647,2001,4551029.0,0.0,2.585857,0.522663,JPN,KAZ,8429
884970,117,115,1647,2001,193042.0,5815.0,0.23332199999999997,0.256019,KGZ,KAZ,8429
884971,121,115,1647,2001,204400.0,0.0,1.145797,1.0762399999999999,KOR,KAZ,8429
884972,132,115,1647,2001,46186.0,0.0,0.404136,0.461009,LVA,KAZ,8429
884973,162,115,1647,2001,1582328.0,0.0,1.315685,1.590935,NLD,KAZ,8429
884974,177,115,1647,2001,4126091.0,0.0,0.9474540000000001,1.8408220000000002,POL,KAZ,8429
884975,186,115,1647,2001,23808431.0,322678.0,0.945816,0.35027600000000003,RUS,KAZ,8429
884976,188,115,1647,2001,43491.0,0.0,0.5370550000000001,-0.793469,SAU,KAZ,8429
884977,206,115,1647,2001,1147120.0,0.0,1.1732770000000001,1.088576,SVK,KAZ,8429
884978,208,115,1647,2001,928365.0,0.0,2.156845,0.784439,SWE,KAZ,8429
884979,219,115,1647,2001,12103.0,47071.0,-1.24627,-1.2760209999999998,TKM,KAZ,8429
884980,224,115,1647,2001,595038.0,0.0,0.188773,1.91451,TUR,KAZ,8429
884981,228,115,1647,2001,81724.0,0.0,0.8376969999999999,0.989059,UKR,KAZ,8429
884982,231,115,1647,2001,1947859.0,0.0,1.873674,0.168468,USA,KAZ,8429
884983,232,115,1647,2001,4802.0,0.0,-0.395913,-0.6454449999999999,UZB,KAZ,8429
884984,7,116,1647,2001,83206.0,0.0,-0.193984,-0.457124,ARE,KEN,8429
884985,18,116,1647,2001,500603.0,0.0,1.4328370000000001,1.408495,BEL,KEN,8429
884986,32,116,1647,2001,72203.0,0.0,0.672496,1.051848,BRA,KEN,8429
884987,41,116,1647,2001,2581.0,0.0,2.227246,0.553956,CHE,KEN,8429
884988,61,116,1647,2001,719829.0,0.0,2.321375,-2.1110990000000003,DEU,KEN,8429
884989,68,116,1647,2001,394426.0,0.0,-0.373576,0.366385,EGY,KEN,8429
884990,77,116,1647,2001,100237.0,0.0,1.653507,0.797582,FRA,KEN,8429
884991,81,116,1647,2001,766281.0,0.0,1.976894,0.685435,GBR,KEN,8429
884992,111,116,1647,2001,36942.0,0.0,1.389926,1.282143,ITA,KEN,8429
884993,114,116,1647,2001,2304024.0,0.0,2.585857,0.522663,JPN,KEN,8429
884994,147,116,1647,2001,0.0,1643.0,-1.2364879999999998,-1.136715,MOZ,KEN,8429
884995,162,116,1647,2001,56069.0,0.0,1.315685,1.590935,NLD,KEN,8429
884996,190,116,1647,2001,0.0,17986.0,-1.6325180000000001,-1.263267,SDN,KEN,8429
884997,191,116,1647,2001,73654.0,0.0,-0.437779,-0.436654,SEN,KEN,8429
884998,208,116,1647,2001,259830.0,0.0,2.156845,0.784439,SWE,KEN,8429
884999,216,116,1647,2001,1751.0,0.0,0.37555900000000003,1.498267,THA,KEN,8429
885000,226,116,1647,2001,0.0,670443.0,-1.193991,-0.49282200000000004,TZA,KEN,8429
885001,227,116,1647,2001,96334.0,90603.0,-0.9694860000000001,-0.840592,UGA,KEN,8429
885002,231,116,1647,2001,1375791.0,0.0,1.873674,0.168468,USA,KEN,8429
885003,246,116,1647,2001,178801.0,0.0,0.356842,2.006155,ZAF,KEN,8429
885004,250,116,1647,2001,32345.0,0.0,1.096023,-0.33562600000000004,ANS,KEN,8429
885005,28,117,1647,2001,630367.0,0.0,0.804404,0.936773,BLR,KGZ,8429
885006,43,117,1647,2001,1002.0,0.0,0.525171,3.092963,CHN,KGZ,8429
885007,107,117,1647,2001,185449.0,652652.0,-0.7732479999999999,-0.8979370000000001,IRN,KGZ,8429
885008,115,117,1647,2001,5815.0,193042.0,0.009714,-0.525899,KAZ,KGZ,8429
885009,186,117,1647,2001,715196.0,903.0,0.945816,0.35027600000000003,RUS,KGZ,8429
885010,224,117,1647,2001,129364.0,25365.0,0.188773,1.91451,TUR,KGZ,8429
885011,228,117,1647,2001,18791.0,0.0,0.8376969999999999,0.989059,UKR,KGZ,8429
885012,15,132,1647,2001,126187.0,53255.0,1.8571650000000002,0.603191,AUT,LVA,8429
885013,18,132,1647,2001,85223.0,0.0,1.4328370000000001,1.408495,BEL,LVA,8429
885014,28,132,1647,2001,326741.0,4971.0,0.804404,0.936773,BLR,LVA,8429
885015,41,132,1647,2001,1053741.0,0.0,2.227246,0.553956,CHE,LVA,8429
885016,59,132,1647,2001,56107.0,0.0,1.485703,1.109305,CZE,LVA,8429
885017,61,132,1647,2001,2198379.0,168649.0,2.321375,-2.1110990000000003,DEU,LVA,8429
885018,64,132,1647,2001,174273.0,0.0,1.261883,1.351875,DNK,LVA,8429
885019,72,132,1647,2001,305430.0,51840.0,0.5746829999999999,0.9073899999999999,EST,LVA,8429
885020,74,132,1647,2001,899221.0,149508.0,2.069141,0.9375180000000001,FIN,LVA,8429
885021,77,132,1647,2001,569008.0,0.0,1.653507,0.797582,FRA,LVA,8429
885022,81,132,1647,2001,435856.0,0.0,1.976894,0.685435,GBR,LVA,8429
885023,106,132,1647,2001,25891.0,0.0,1.664233,0.129983,IRL,LVA,8429
885024,111,132,1647,2001,275991.0,0.0,1.389926,1.282143,ITA,LVA,8429
885025,114,132,1647,2001,40749.0,0.0,2.585857,0.522663,JPN,LVA,8429
885026,115,132,1647,2001,0.0,46186.0,0.009714,-0.525899,KAZ,LVA,8429
885027,130,132,1647,2001,40224.0,36909.0,0.15706900000000001,0.416663,LTU,LVA,8429
885028,162,132,1647,2001,133439.0,16420.0,1.315685,1.590935,NLD,LVA,8429
885029,177,132,1647,2001,1360076.0,0.0,0.9474540000000001,1.8408220000000002,POL,LVA,8429
885030,186,132,1647,2001,3848980.0,16095.0,0.945816,0.35027600000000003,RUS,LVA,8429
885031,206,132,1647,2001,179630.0,0.0,1.1732770000000001,1.088576,SVK,LVA,8429
885032,207,132,1647,2001,19722.0,0.0,1.5074370000000001,1.1370040000000001,SVN,LVA,8429
885033,208,132,1647,2001,679560.0,14581.0,2.156845,0.784439,SWE,LVA,8429
885034,228,132,1647,2001,11509.0,0.0,0.8376969999999999,0.989059,UKR,LVA,8429
885035,231,132,1647,2001,128178.0,0.0,1.873674,0.168468,USA,LVA,8429
885036,18,147,1647,2001,76159.0,0.0,1.4328370000000001,1.408495,BEL,MOZ,8429
885037,32,147,1647,2001,751648.0,0.0,0.672496,1.051848,BRA,MOZ,8429
885038,39,147,1647,2001,1019693.0,0.0,0.971827,1.105171,CAN,MOZ,8429
885039,41,147,1647,2001,103801.0,0.0,2.227246,0.553956,CHE,MOZ,8429
885040,43,147,1647,2001,302917.0,0.0,0.525171,3.092963,CHN,MOZ,8429
885041,61,147,1647,2001,15180.0,0.0,2.321375,-2.1110990000000003,DEU,MOZ,8429
885042,77,147,1647,2001,268954.0,0.0,1.653507,0.797582,FRA,MOZ,8429
885043,81,147,1647,2001,74015.0,0.0,1.976894,0.685435,GBR,MOZ,8429
885044,111,147,1647,2001,493964.0,137003.0,1.389926,1.282143,ITA,MOZ,8429
885045,114,147,1647,2001,685151.0,0.0,2.585857,0.522663,JPN,MOZ,8429
885046,116,147,1647,2001,1643.0,0.0,-0.529388,0.092271,KEN,MOZ,8429
885047,152,147,1647,2001,147632.0,8179.0,-1.388716,-1.116315,MWI,MOZ,8429
885048,153,147,1647,2001,16803.0,0.0,0.768174,0.307033,MYS,MOZ,8429
885049,162,147,1647,2001,54525.0,0.0,1.315685,1.590935,NLD,MOZ,8429
885050,174,147,1647,2001,546433.0,0.0,-0.028201,-0.112349,PHL,MOZ,8429
885051,179,147,1647,2001,180931.0,0.0,0.482048,1.662123,PRT,MOZ,8429
885052,209,147,1647,2001,6692.0,0.0,0.372699,-0.287132,SWZ,MOZ,8429
885053,226,147,1647,2001,0.0,50836.0,-1.193991,-0.49282200000000004,TZA,MOZ,8429
885054,231,147,1647,2001,89424.0,0.0,1.873674,0.168468,USA,MOZ,8429
885055,246,147,1647,2001,3232979.0,1815834.0,0.356842,2.006155,ZAF,MOZ,8429
885056,248,147,1647,2001,14585.0,102024.0,-0.6321829999999999,-0.453671,ZWE,MOZ,8429
885057,250,147,1647,2001,738587.0,90131.0,1.096023,-0.33562600000000004,ANS,MOZ,8429
885058,7,153,1647,2001,12655.0,509173.0,-0.193984,-0.457124,ARE,MYS,8429
885059,14,153,1647,2001,121876.0,300657.0,0.29463,0.772375,AUS,MYS,8429
885060,18,153,1647,2001,41095.0,0.0,1.4328370000000001,1.408495,BEL,MYS,8429
885061,32,153,1647,2001,58936.0,0.0,0.672496,1.051848,BRA,MYS,8429
885062,34,153,1647,2001,175249.0,21119.0,-0.8654209999999999,-0.930599,BRN,MYS,8429
885063,39,153,1647,2001,382984.0,137286.0,0.971827,1.105171,CAN,MYS,8429
885064,41,153,1647,2001,0.0,23953.0,2.227246,0.553956,CHE,MYS,8429
885065,43,153,1647,2001,453666.0,0.0,0.525171,3.092963,CHN,MYS,8429
885066,59,153,1647,2001,314504.0,0.0,1.485703,1.109305,CZE,MYS,8429
885067,61,153,1647,2001,319581.0,0.0,2.321375,-2.1110990000000003,DEU,MYS,8429
885068,77,153,1647,2001,558478.0,0.0,1.653507,0.797582,FRA,MYS,8429
885069,80,153,1647,2001,0.0,95809.0,-1.063007,-1.181284,GAB,MYS,8429
885070,81,153,1647,2001,1824879.0,426772.0,1.976894,0.685435,GBR,MYS,8429
885071,83,153,1647,2001,0.0,8394.0,-0.961067,-0.780449,GHA,MYS,8429
885072,97,153,1647,2001,28327.0,29014.0,0.521528,2.3025,HKG,MYS,8429
885073,103,153,1647,2001,4355706.0,4487311.0,-0.167771,1.6587889999999998,IDN,MYS,8429
885074,104,153,1647,2001,221872.0,248154.0,0.349744,2.665844,IND,MYS,8429
885075,111,153,1647,2001,605947.0,0.0,1.389926,1.282143,ITA,MYS,8429
885076,113,153,1647,2001,0.0,62062.0,0.375134,0.581558,JOR,MYS,8429
885077,114,153,1647,2001,48170972.0,6650.0,2.585857,0.522663,JPN,MYS,8429
885078,118,153,1647,2001,0.0,100054.0,-1.231058,-1.154536,KHM,MYS,8429
885079,121,153,1647,2001,4532440.0,17176.0,1.145797,1.0762399999999999,KOR,MYS,8429
885080,122,153,1647,2001,0.0,6099.0,-0.8197,-1.183758,KWT,MYS,8429
885081,124,153,1647,2001,0.0,7997.0,0.165355,0.988008,LBN,MYS,8429
885082,128,153,1647,2001,0.0,16772.0,-0.722434,-0.033818,LKA,MYS,8429
885083,137,153,1647,2001,0.0,45544.0,-0.980734,-0.9785659999999999,MDV,MYS,8429
885084,138,153,1647,2001,0.0,383058.0,0.797058,0.713234,MEX,MYS,8429
885085,143,153,1647,2001,0.0,46068.0,-1.5627,-1.150854,MMR,MYS,8429
885086,147,153,1647,2001,0.0,16803.0,-1.2364879999999998,-1.136715,MOZ,MYS,8429
885087,151,153,1647,2001,1816.0,0.0,-0.410422,-0.5868369999999999,MUS,MYS,8429
885088,162,153,1647,2001,0.0,356989.0,1.315685,1.590935,NLD,MYS,8429
885089,166,153,1647,2001,42633.0,597847.0,0.521409,0.683134,NZL,MYS,8429
885090,167,153,1647,2001,0.0,98828.0,-0.909329,-1.189698,OMN,MYS,8429
885091,173,153,1647,2001,0.0,156196.0,-0.345519,0.202623,PER,MYS,8429
885092,174,153,1647,2001,55386.0,61531.0,-0.028201,-0.112349,PHL,MYS,8429
885093,176,153,1647,2001,0.0,779980.0,-1.503929,-1.199463,PNG,MYS,8429
885094,177,153,1647,2001,174266.0,0.0,0.9474540000000001,1.8408220000000002,POL,MYS,8429
885095,183,153,1647,2001,0.0,3382.0,-0.46564799999999995,-1.127634,QAT,MYS,8429
885096,188,153,1647,2001,0.0,32767.0,0.5370550000000001,-0.793469,SAU,MYS,8429
885097,192,153,1647,2001,4158067.0,6886196.0,1.364239,0.721074,SGP,MYS,8429
885098,195,153,1647,2001,0.0,8560.0,-0.325802,-0.726847,SLB,MYS,8429
885099,208,153,1647,2001,58984.0,0.0,2.156845,0.784439,SWE,MYS,8429
885100,211,153,1647,2001,0.0,3752.0,0.065059,-0.7806489999999999,SYC,MYS,8429
885101,212,153,1647,2001,0.0,3078.0,-1.057217,-0.716331,SYR,MYS,8429
885102,216,153,1647,2001,5867575.0,1051141.0,0.37555900000000003,1.498267,THA,MYS,8429
885103,231,153,1647,2001,4367130.0,3345896.0,1.873674,0.168468,USA,MYS,8429
885104,236,153,1647,2001,0.0,12588.0,0.261158,-0.7397,VEN,MYS,8429
885105,239,153,1647,2001,77780.0,272655.0,-0.6692130000000001,0.610992,VNM,MYS,8429
885106,246,153,1647,2001,69420.0,110970.0,0.356842,2.006155,ZAF,MYS,8429
885107,249,153,1647,2001,94890.0,0.0,1.5731700000000002,1.353159,TWN,MYS,8429
885108,250,153,1647,2001,24871.0,0.0,1.096023,-0.33562600000000004,ANS,MYS,8429
885109,7,167,1647,2001,7693888.0,144409.0,-0.193984,-0.457124,ARE,OMN,8429
885110,14,167,1647,2001,164943.0,0.0,0.29463,0.772375,AUS,OMN,8429
885111,18,167,1647,2001,841091.0,0.0,1.4328370000000001,1.408495,BEL,OMN,8429
885112,32,167,1647,2001,588040.0,0.0,0.672496,1.051848,BRA,OMN,8429
885113,39,167,1647,2001,177691.0,0.0,0.971827,1.105171,CAN,OMN,8429
885114,41,167,1647,2001,157461.0,0.0,2.227246,0.553956,CHE,OMN,8429
885115,43,167,1647,2001,40605.0,0.0,0.525171,3.092963,CHN,OMN,8429
885116,61,167,1647,2001,1699255.0,0.0,2.321375,-2.1110990000000003,DEU,OMN,8429
885117,68,167,1647,2001,762326.0,0.0,-0.373576,0.366385,EGY,OMN,8429
885118,77,167,1647,2001,386461.0,0.0,1.653507,0.797582,FRA,OMN,8429
885119,81,167,1647,2001,3531343.0,0.0,1.976894,0.685435,GBR,OMN,8429
885120,97,167,1647,2001,68799.0,0.0,0.521528,2.3025,HKG,OMN,8429
885121,111,167,1647,2001,774334.0,0.0,1.389926,1.282143,ITA,OMN,8429
885122,114,167,1647,2001,15086545.0,0.0,2.585857,0.522663,JPN,OMN,8429
885123,121,167,1647,2001,2218683.0,0.0,1.145797,1.0762399999999999,KOR,OMN,8429
885124,122,167,1647,2001,77546.0,0.0,-0.8197,-1.183758,KWT,OMN,8429
885125,153,167,1647,2001,98828.0,0.0,0.768174,0.307033,MYS,OMN,8429
885126,162,167,1647,2001,363499.0,0.0,1.315685,1.590935,NLD,OMN,8429
885127,183,167,1647,2001,12574.0,262076.0,-0.46564799999999995,-1.127634,QAT,OMN,8429
885128,188,167,1647,2001,1994501.0,37050.0,0.5370550000000001,-0.793469,SAU,OMN,8429
885129,192,167,1647,2001,159258.0,0.0,1.364239,0.721074,SGP,OMN,8429
885130,208,167,1647,2001,1985544.0,0.0,2.156845,0.784439,SWE,OMN,8429
885131,224,167,1647,2001,82135.0,0.0,0.188773,1.91451,TUR,OMN,8429
885132,226,167,1647,2001,0.0,49231.0,-1.193991,-0.49282200000000004,TZA,OMN,8429
885133,231,167,1647,2001,3055568.0,0.0,1.873674,0.168468,USA,OMN,8429
885134,243,167,1647,2001,0.0,10427.0,-1.465154,-1.261615,YEM,OMN,8429
885135,2,177,1647,2001,0.0,202000.0,-1.523823,-1.214093,AGO,POL,8429
885136,7,177,1647,2001,0.0,1964526.0,-0.193984,-0.457124,ARE,POL,8429
885137,8,177,1647,2001,0.0,291262.0,0.287698,0.547137,ARG,POL,8429
885138,14,177,1647,2001,0.0,193509.0,0.29463,0.772375,AUS,POL,8429
885139,15,177,1647,2001,1734764.0,53259.0,1.8571650000000002,0.603191,AUT,POL,8429
885140,18,177,1647,2001,2732362.0,1258.0,1.4328370000000001,1.408495,BEL,POL,8429
885141,23,177,1647,2001,0.0,397390.0,0.41425100000000004,1.639866,BGR,POL,8429
885142,28,177,1647,2001,131030.0,0.0,0.804404,0.936773,BLR,POL,8429
885143,32,177,1647,2001,135005.0,0.0,0.672496,1.051848,BRA,POL,8429
885144,39,177,1647,2001,60475.0,896387.0,0.971827,1.105171,CAN,POL,8429
885145,41,177,1647,2001,22509.0,80672.0,2.227246,0.553956,CHE,POL,8429
885146,43,177,1647,2001,0.0,599114.0,0.525171,3.092963,CHN,POL,8429
885147,49,177,1647,2001,0.0,88934.0,0.30412,0.395913,COL,POL,8429
885148,59,177,1647,2001,1670010.0,215383.0,1.485703,1.109305,CZE,POL,8429
885149,61,177,1647,2001,26292634.0,996474.0,2.321375,-2.1110990000000003,DEU,POL,8429
885150,64,177,1647,2001,611118.0,17921.0,1.261883,1.351875,DNK,POL,8429
885151,65,177,1647,2001,0.0,1258101.0,-0.538419,-0.48773900000000003,DOM,POL,8429
885152,67,177,1647,2001,0.0,378926.0,-0.852642,-0.896374,ECU,POL,8429
885153,72,177,1647,2001,0.0,1404176.0,0.5746829999999999,0.9073899999999999,EST,POL,8429
885154,73,177,1647,2001,0.0,707232.0,-0.999149,-0.904072,ETH,POL,8429
885155,74,177,1647,2001,3026499.0,46977.0,2.069141,0.9375180000000001,FIN,POL,8429
885156,77,177,1647,2001,3642267.0,333051.0,1.653507,0.797582,FRA,POL,8429
885157,81,177,1647,2001,15289164.0,2430595.0,1.976894,0.685435,GBR,POL,8429
885158,90,177,1647,2001,0.0,147302.0,0.31387600000000004,1.3614600000000001,GRC,POL,8429
885159,93,177,1647,2001,0.0,86015.0,-0.5089520000000001,0.216677,GTM,POL,8429
885160,100,177,1647,2001,0.0,16552.0,0.544596,0.969535,HRV,POL,8429
885161,102,177,1647,2001,35561.0,311478.0,1.102262,1.138016,HUN,POL,8429
885162,103,177,1647,2001,0.0,455439.0,-0.167771,1.6587889999999998,IDN,POL,8429
885163,111,177,1647,2001,2767685.0,10588.0,1.389926,1.282143,ITA,POL,8429
885164,113,177,1647,2001,0.0,258721.0,0.375134,0.581558,JOR,POL,8429
885165,114,177,1647,2001,874901.0,0.0,2.585857,0.522663,JPN,POL,8429
885166,115,177,1647,2001,0.0,4126091.0,0.009714,-0.525899,KAZ,POL,8429
885167,121,177,1647,2001,478660.0,291542.0,1.145797,1.0762399999999999,KOR,POL,8429
885168,126,177,1647,2001,0.0,176000.0,-0.9321459999999999,-1.198124,LBY,POL,8429
885169,128,177,1647,2001,0.0,206306.0,-0.722434,-0.033818,LKA,POL,8429
885170,130,177,1647,2001,72878.0,214124.0,0.15706900000000001,0.416663,LTU,POL,8429
885171,131,177,1647,2001,1845.0,0.0,1.470895,1.149007,LUX,POL,8429
885172,132,177,1647,2001,0.0,1360076.0,0.404136,0.461009,LVA,POL,8429
885173,138,177,1647,2001,0.0,721548.0,0.797058,0.713234,MEX,POL,8429
885174,140,177,1647,2001,0.0,318631.0,0.033097,0.43516499999999997,MKD,POL,8429
885175,153,177,1647,2001,0.0,174266.0,0.768174,0.307033,MYS,POL,8429
885176,159,177,1647,2001,0.0,170484.0,-1.966439,-1.2724520000000001,NGA,POL,8429
885177,162,177,1647,2001,1638909.0,367405.0,1.315685,1.590935,NLD,POL,8429
885178,163,177,1647,2001,886.0,0.0,0.974814,0.06512000000000001,NOR,POL,8429
885179,174,177,1647,2001,0.0,533084.0,-0.028201,-0.112349,PHL,POL,8429
885180,178,177,1647,2001,49109.0,0.0,0.62773,1.010888,PRK,POL,8429
885181,179,177,1647,2001,127013.0,0.0,0.482048,1.662123,PRT,POL,8429
885182,185,177,1647,2001,0.0,295438.0,0.326733,1.005332,ROU,POL,8429
885183,186,177,1647,2001,458803.0,8223455.0,0.945816,0.35027600000000003,RUS,POL,8429
885184,189,177,1647,2001,0.0,6907.0,0.45280200000000004,2.469852,SCG,POL,8429
885185,192,177,1647,2001,0.0,248941.0,1.364239,0.721074,SGP,POL,8429
885186,205,177,1647,2001,0.0,107399.0,-0.650556,-0.801128,SUR,POL,8429
885187,206,177,1647,2001,149023.0,264786.0,1.1732770000000001,1.088576,SVK,POL,8429
885188,207,177,1647,2001,7840.0,0.0,1.5074370000000001,1.1370040000000001,SVN,POL,8429
885189,208,177,1647,2001,2588440.0,231847.0,2.156845,0.784439,SWE,POL,8429
885190,223,177,1647,2001,0.0,80154.0,-0.162152,0.23939699999999997,TUN,POL,8429
885191,228,177,1647,2001,675393.0,1176651.0,0.8376969999999999,0.989059,UKR,POL,8429
885192,230,177,1647,2001,0.0,153673.0,0.36029,0.298869,URY,POL,8429
885193,231,177,1647,2001,465862.0,8641702.0,1.873674,0.168468,USA,POL,8429
885194,232,177,1647,2001,0.0,614000.0,-0.395913,-0.6454449999999999,UZB,POL,8429
885195,236,177,1647,2001,0.0,61226.0,0.261158,-0.7397,VEN,POL,8429
885196,239,177,1647,2001,0.0,10380.0,-0.6692130000000001,0.610992,VNM,POL,8429
885197,249,177,1647,2001,0.0,604988.0,1.5731700000000002,1.353159,TWN,POL,8429
885198,2,179,1647,2001,0.0,2971074.0,-1.523823,-1.214093,AGO,PRT,8429
885199,8,179,1647,2001,0.0,46408.0,0.287698,0.547137,ARG,PRT,8429
885200,15,179,1647,2001,1136021.0,0.0,1.8571650000000002,0.603191,AUT,PRT,8429
885201,18,179,1647,2001,45749050.0,413411.0,1.4328370000000001,1.408495,BEL,PRT,8429
885202,21,179,1647,2001,16005.0,0.0,-0.291485,-0.20803000000000002,BFA,PRT,8429
885203,30,179,1647,2001,0.0,22557.0,1.1006129999999998,-0.5565329999999999,BMU,PRT,8429
885204,32,179,1647,2001,2030568.0,87444.0,0.672496,1.051848,BRA,PRT,8429
885205,33,179,1647,2001,0.0,58928.0,0.725546,0.172345,BRB,PRT,8429
885206,39,179,1647,2001,160318.0,0.0,0.971827,1.105171,CAN,PRT,8429
885207,41,179,1647,2001,480604.0,0.0,2.227246,0.553956,CHE,PRT,8429
885208,42,179,1647,2001,0.0,67745.0,-0.004658,-0.002548,CHL,PRT,8429
885209,44,179,1647,2001,40142.0,0.0,-0.715949,-0.524428,CIV,PRT,8429
885210,45,179,1647,2001,12855.0,1174.0,-1.6254879999999998,-1.212513,CMR,PRT,8429
885211,51,179,1647,2001,0.0,919982.0,0.063802,-0.456617,CPV,PRT,8429
885212,59,179,1647,2001,232247.0,0.0,1.485703,1.109305,CZE,PRT,8429
885213,61,179,1647,2001,15294016.0,0.0,2.321375,-2.1110990000000003,DEU,PRT,8429
885214,66,179,1647,2001,0.0,147321.0,-0.663363,-1.158295,DZA,PRT,8429
885215,67,179,1647,2001,115994.0,0.0,-0.852642,-0.896374,ECU,PRT,8429
885216,71,179,1647,2001,11182999.0,5896591.0,1.079664,1.9842220000000002,ESP,PRT,8429
885217,74,179,1647,2001,274661.0,68583.0,2.069141,0.9375180000000001,FIN,PRT,8429
885218,77,179,1647,2001,30417169.0,119005.0,1.653507,0.797582,FRA,PRT,8429
885219,81,179,1647,2001,49397447.0,0.0,1.976894,0.685435,GBR,PRT,8429
885220,88,179,1647,2001,0.0,99178.0,-1.580625,-0.9665860000000001,GNB,PRT,8429
885221,90,179,1647,2001,0.0,262161.0,0.31387600000000004,1.3614600000000001,GRC,PRT,8429
885222,110,179,1647,2001,5604.0,0.0,1.374873,0.775594,ISR,PRT,8429
885223,111,179,1647,2001,25457635.0,0.0,1.389926,1.282143,ITA,PRT,8429
885224,114,179,1647,2001,3560929.0,0.0,2.585857,0.522663,JPN,PRT,8429
885225,121,179,1647,2001,3824565.0,7942.0,1.145797,1.0762399999999999,KOR,PRT,8429
885226,131,179,1647,2001,0.0,16514.0,1.470895,1.149007,LUX,PRT,8429
885227,134,179,1647,2001,9208.0,37004.0,-0.75275,-0.280397,MAR,PRT,8429
885228,147,179,1647,2001,0.0,180931.0,-1.2364879999999998,-1.136715,MOZ,PRT,8429
885229,152,179,1647,2001,0.0,61557.0,-1.388716,-1.116315,MWI,PRT,8429
885230,159,179,1647,2001,0.0,74083.0,-1.966439,-1.2724520000000001,NGA,PRT,8429
885231,162,179,1647,2001,4996425.0,262817.0,1.315685,1.590935,NLD,PRT,8429
885232,166,179,1647,2001,0.0,3611.0,0.521409,0.683134,NZL,PRT,8429
885233,177,179,1647,2001,0.0,127013.0,0.9474540000000001,1.8408220000000002,POL,PRT,8429
885234,192,179,1647,2001,20440.0,0.0,1.364239,0.721074,SGP,PRT,8429
885235,203,179,1647,2001,0.0,107761.0,0.777231,-0.484709,STP,PRT,8429
885236,206,179,1647,2001,50468.0,0.0,1.1732770000000001,1.088576,SVK,PRT,8429
885237,208,179,1647,2001,5999619.0,43467.0,2.156845,0.784439,SWE,PRT,8429
885238,224,179,1647,2001,30627.0,0.0,0.188773,1.91451,TUR,PRT,8429
885239,231,179,1647,2001,3287893.0,373118.0,1.873674,0.168468,USA,PRT,8429
885240,236,179,1647,2001,0.0,5058.0,0.261158,-0.7397,VEN,PRT,8429
885241,18,183,1647,2001,1324717.0,0.0,1.4328370000000001,1.408495,BEL,QAT,8429
885242,24,183,1647,2001,24869.0,0.0,-0.11008399999999999,-1.053611,BHR,QAT,8429
885243,32,183,1647,2001,305273.0,0.0,0.672496,1.051848,BRA,QAT,8429
885244,39,183,1647,2001,15118.0,0.0,0.971827,1.105171,CAN,QAT,8429
885245,41,183,1647,2001,19513.0,0.0,2.227246,0.553956,CHE,QAT,8429
885246,58,183,1647,2001,0.0,1554.0,0.381251,0.257802,CYP,QAT,8429
885247,61,183,1647,2001,445473.0,0.0,2.321375,-2.1110990000000003,DEU,QAT,8429
885248,68,183,1647,2001,1593.0,0.0,-0.373576,0.366385,EGY,QAT,8429
885249,77,183,1647,2001,391329.0,0.0,1.653507,0.797582,FRA,QAT,8429
885250,81,183,1647,2001,1358437.0,0.0,1.976894,0.685435,GBR,QAT,8429
885251,111,183,1647,2001,130813.0,0.0,1.389926,1.282143,ITA,QAT,8429
885252,114,183,1647,2001,1550126.0,0.0,2.585857,0.522663,JPN,QAT,8429
885253,121,183,1647,2001,1203712.0,0.0,1.145797,1.0762399999999999,KOR,QAT,8429
885254,122,183,1647,2001,10870.0,0.0,-0.8197,-1.183758,KWT,QAT,8429
885255,124,183,1647,2001,21041.0,0.0,0.165355,0.988008,LBN,QAT,8429
885256,153,183,1647,2001,3382.0,0.0,0.768174,0.307033,MYS,QAT,8429
885257,162,183,1647,2001,645686.0,0.0,1.315685,1.590935,NLD,QAT,8429
885258,167,183,1647,2001,262076.0,12574.0,-0.909329,-1.189698,OMN,QAT,8429
885259,168,183,1647,2001,62901.0,0.0,-0.8376520000000001,-0.378743,PAK,QAT,8429
885260,192,183,1647,2001,290648.0,0.0,1.364239,0.721074,SGP,QAT,8429
885261,208,183,1647,2001,459416.0,0.0,2.156845,0.784439,SWE,QAT,8429
885262,216,183,1647,2001,154283.0,0.0,0.37555900000000003,1.498267,THA,QAT,8429
885263,231,183,1647,2001,3029805.0,0.0,1.873674,0.168468,USA,QAT,8429
885264,8,186,1647,2001,0.0,388668.0,0.287698,0.547137,ARG,RUS,8429
885265,9,186,1647,2001,33147.0,0.0,0.834168,0.21458000000000002,ARM,RUS,8429
885266,14,186,1647,2001,196626.0,0.0,0.29463,0.772375,AUS,RUS,8429
885267,15,186,1647,2001,7699423.0,0.0,1.8571650000000002,0.603191,AUT,RUS,8429
885268,16,186,1647,2001,8162.0,357098.0,-0.6731090000000001,-1.037922,AZE,RUS,8429
885269,18,186,1647,2001,9757302.0,0.0,1.4328370000000001,1.408495,BEL,RUS,8429
885270,23,186,1647,2001,0.0,124464.0,0.41425100000000004,1.639866,BGR,RUS,8429
885271,26,186,1647,2001,0.0,47119.0,0.238083,0.362643,BIH,RUS,8429
885272,28,186,1647,2001,20936202.0,4400397.0,0.804404,0.936773,BLR,RUS,8429
885273,32,186,1647,2001,167165.0,0.0,0.672496,1.051848,BRA,RUS,8429
885274,39,186,1647,2001,122339.0,0.0,0.971827,1.105171,CAN,RUS,8429
885275,41,186,1647,2001,302978.0,0.0,2.227246,0.553956,CHE,RUS,8429
885276,43,186,1647,2001,705372.0,3170.0,0.525171,3.092963,CHN,RUS,8429
885277,59,186,1647,2001,2137683.0,49981.0,1.485703,1.109305,CZE,RUS,8429
885278,61,186,1647,2001,26221872.0,184883.0,2.321375,-2.1110990000000003,DEU,RUS,8429
885279,64,186,1647,2001,292216.0,0.0,1.261883,1.351875,DNK,RUS,8429
885280,66,186,1647,2001,0.0,1170770.0,-0.663363,-1.158295,DZA,RUS,8429
885281,71,186,1647,2001,18209.0,0.0,1.079664,1.9842220000000002,ESP,RUS,8429
885282,72,186,1647,2001,200322.0,332669.0,0.5746829999999999,0.9073899999999999,EST,RUS,8429
885283,74,186,1647,2001,6532680.0,342049.0,2.069141,0.9375180000000001,FIN,RUS,8429
885284,77,186,1647,2001,4146387.0,437743.0,1.653507,0.797582,FRA,RUS,8429
885285,81,186,1647,2001,5128706.0,171788.0,1.976894,0.685435,GBR,RUS,8429
885286,82,186,1647,2001,35674.0,110853.0,0.585568,-0.047744999999999996,GEO,RUS,8429
885287,85,186,1647,2001,0.0,51761.0,-1.5380340000000001,-1.200083,GIN,RUS,8429
885288,90,186,1647,2001,0.0,16365.0,0.31387600000000004,1.3614600000000001,GRC,RUS,8429
885289,102,186,1647,2001,94836.0,203964.0,1.102262,1.138016,HUN,RUS,8429
885290,104,186,1647,2001,0.0,548867.0,0.349744,2.665844,IND,RUS,8429
885291,107,186,1647,2001,0.0,65056.0,-0.7732479999999999,-0.8979370000000001,IRN,RUS,8429
885292,108,186,1647,2001,0.0,18639346.0,-1.115465,-0.883028,IRQ,RUS,8429
885293,110,186,1647,2001,26842.0,0.0,1.374873,0.775594,ISR,RUS,8429
885294,111,186,1647,2001,5815541.0,147750.0,1.389926,1.282143,ITA,RUS,8429
885295,114,186,1647,2001,43102979.0,0.0,2.585857,0.522663,JPN,RUS,8429
885296,115,186,1647,2001,322678.0,23808431.0,0.009714,-0.525899,KAZ,RUS,8429
885297,117,186,1647,2001,903.0,715196.0,0.23332199999999997,0.256019,KGZ,RUS,8429
885298,118,186,1647,2001,0.0,1197172.0,-1.231058,-1.154536,KHM,RUS,8429
885299,121,186,1647,2001,2256725.0,0.0,1.145797,1.0762399999999999,KOR,RUS,8429
885300,122,186,1647,2001,0.0,91374.0,-0.8197,-1.183758,KWT,RUS,8429
885301,126,186,1647,2001,0.0,216928.0,-0.9321459999999999,-1.198124,LBY,RUS,8429
885302,130,186,1647,2001,42161.0,1192188.0,0.15706900000000001,0.416663,LTU,RUS,8429
885303,132,186,1647,2001,16095.0,3848980.0,0.404136,0.461009,LVA,RUS,8429
885304,135,186,1647,2001,0.0,1024066.0,-0.024822,-0.15323399999999998,MDA,RUS,8429
885305,136,186,1647,2001,0.0,9909.0,-1.247531,-0.637093,MDG,RUS,8429
885306,145,186,1647,2001,0.0,1453333.0,-0.691001,-0.9284180000000001,MNG,RUS,8429
885307,162,186,1647,2001,4036934.0,24407.0,1.315685,1.590935,NLD,RUS,8429
885308,163,186,1647,2001,51036.0,0.0,0.974814,0.06512000000000001,NOR,RUS,8429
885309,177,186,1647,2001,8223455.0,458803.0,0.9474540000000001,1.8408220000000002,POL,RUS,8429
885310,178,186,1647,2001,195805.0,128271.0,0.62773,1.010888,PRK,RUS,8429
885311,185,186,1647,2001,0.0,227994.0,0.326733,1.005332,ROU,RUS,8429
885312,189,186,1647,2001,751743.0,2953751.0,0.45280200000000004,2.469852,SCG,RUS,8429
885313,190,186,1647,2001,0.0,54572.0,-1.6325180000000001,-1.263267,SDN,RUS,8429
885314,206,186,1647,2001,2007561.0,4391.0,1.1732770000000001,1.088576,SVK,RUS,8429
885315,207,186,1647,2001,20102.0,0.0,1.5074370000000001,1.1370040000000001,SVN,RUS,8429
885316,208,186,1647,2001,5116904.0,0.0,2.156845,0.784439,SWE,RUS,8429
885317,217,186,1647,2001,0.0,44665.0,-0.833482,-1.062054,TJK,RUS,8429
885318,219,186,1647,2001,0.0,1212868.0,-1.24627,-1.2760209999999998,TKM,RUS,8429
885319,223,186,1647,2001,0.0,69658.0,-0.162152,0.23939699999999997,TUN,RUS,8429
885320,224,186,1647,2001,444936.0,355490.0,0.188773,1.91451,TUR,RUS,8429
885321,227,186,1647,2001,0.0,73263.0,-0.9694860000000001,-0.840592,UGA,RUS,8429
885322,228,186,1647,2001,1981646.0,14991756.0,0.8376969999999999,0.989059,UKR,RUS,8429
885323,231,186,1647,2001,11279515.0,0.0,1.873674,0.168468,USA,RUS,8429
885324,232,186,1647,2001,32804.0,6709466.0,-0.395913,-0.6454449999999999,UZB,RUS,8429
885325,239,186,1647,2001,0.0,2082624.0,-0.6692130000000001,0.610992,VNM,RUS,8429
885326,250,186,1647,2001,24001.0,82069.0,1.096023,-0.33562600000000004,ANS,RUS,8429
885327,18,191,1647,2001,907508.0,0.0,1.4328370000000001,1.408495,BEL,SEN,8429
885328,21,191,1647,2001,0.0,333129.0,-0.291485,-0.20803000000000002,BFA,SEN,8429
885329,32,191,1647,2001,1055483.0,0.0,0.672496,1.051848,BRA,SEN,8429
885330,39,191,1647,2001,14646.0,0.0,0.971827,1.105171,CAN,SEN,8429
885331,44,191,1647,2001,229989.0,0.0,-0.715949,-0.524428,CIV,SEN,8429
885332,45,191,1647,2001,38002.0,0.0,-1.6254879999999998,-1.212513,CMR,SEN,8429
885333,61,191,1647,2001,223764.0,385767.0,2.321375,-2.1110990000000003,DEU,SEN,8429
885334,64,191,1647,2001,24744.0,0.0,1.261883,1.351875,DNK,SEN,8429
885335,71,191,1647,2001,228916.0,0.0,1.079664,1.9842220000000002,ESP,SEN,8429
885336,77,191,1647,2001,2410108.0,55033.0,1.653507,0.797582,FRA,SEN,8429
885337,81,191,1647,2001,58662.0,0.0,1.976894,0.685435,GBR,SEN,8429
885338,83,191,1647,2001,0.0,94498.0,-0.961067,-0.780449,GHA,SEN,8429
885339,85,191,1647,2001,7695.0,167960.0,-1.5380340000000001,-1.200083,GIN,SEN,8429
885340,87,191,1647,2001,0.0,190294.0,-0.160182,-0.24737399999999998,GMB,SEN,8429
885341,111,191,1647,2001,216004.0,0.0,1.389926,1.282143,ITA,SEN,8429
885342,114,191,1647,2001,432043.0,0.0,2.585857,0.522663,JPN,SEN,8429
885343,116,191,1647,2001,0.0,73654.0,-0.529388,0.092271,KEN,SEN,8429
885344,124,191,1647,2001,24532.0,0.0,0.165355,0.988008,LBN,SEN,8429
885345,141,191,1647,2001,90664.0,1064409.0,-0.40341,-0.626402,MLI,SEN,8429
885346,148,191,1647,2001,0.0,35097.0,-1.187271,-1.240445,MRT,SEN,8429
885347,196,191,1647,2001,0.0,27439.0,0.331949,0.186253,SLE,SEN,8429
885348,208,191,1647,2001,65002.0,0.0,2.156845,0.784439,SWE,SEN,8429
885349,215,191,1647,2001,122424.0,37654.0,-0.758725,-0.577004,TGO,SEN,8429
885350,231,191,1647,2001,3794165.0,0.0,1.873674,0.168468,USA,SEN,8429
885351,14,206,1647,2001,142190.0,0.0,0.29463,0.772375,AUS,SVK,8429
885352,15,206,1647,2001,1771850.0,52616.0,1.8571650000000002,0.603191,AUT,SVK,8429
885353,18,206,1647,2001,527834.0,0.0,1.4328370000000001,1.408495,BEL,SVK,8429
885354,28,206,1647,2001,4403.0,135499.0,0.804404,0.936773,BLR,SVK,8429
885355,29,206,1647,2001,0.0,63196.0,-0.297981,-0.695022,BLZ,SVK,8429
885356,41,206,1647,2001,25610.0,11321.0,2.227246,0.553956,CHE,SVK,8429
885357,59,206,1647,2001,2222716.0,4144694.0,1.485703,1.109305,CZE,SVK,8429
885358,61,206,1647,2001,2145392.0,108581.0,2.321375,-2.1110990000000003,DEU,SVK,8429
885359,67,206,1647,2001,0.0,44784.0,-0.852642,-0.896374,ECU,SVK,8429
885360,71,206,1647,2001,0.0,28651.0,1.079664,1.9842220000000002,ESP,SVK,8429
885361,72,206,1647,2001,0.0,12727.0,0.5746829999999999,0.9073899999999999,EST,SVK,8429
885362,74,206,1647,2001,38500.0,0.0,2.069141,0.9375180000000001,FIN,SVK,8429
885363,77,206,1647,2001,839881.0,0.0,1.653507,0.797582,FRA,SVK,8429
885364,81,206,1647,2001,3926803.0,0.0,1.976894,0.685435,GBR,SVK,8429
885365,90,206,1647,2001,0.0,24558.0,0.31387600000000004,1.3614600000000001,GRC,SVK,8429
885366,100,206,1647,2001,0.0,14339.0,0.544596,0.969535,HRV,SVK,8429
885367,102,206,1647,2001,6608.0,1474819.0,1.102262,1.138016,HUN,SVK,8429
885368,111,206,1647,2001,1572185.0,54671.0,1.389926,1.282143,ITA,SVK,8429
885369,114,206,1647,2001,35360.0,0.0,2.585857,0.522663,JPN,SVK,8429
885370,115,206,1647,2001,0.0,1147120.0,0.009714,-0.525899,KAZ,SVK,8429
885371,130,206,1647,2001,0.0,152440.0,0.15706900000000001,0.416663,LTU,SVK,8429
885372,132,206,1647,2001,0.0,179630.0,0.404136,0.461009,LVA,SVK,8429
885373,162,206,1647,2001,6699.0,9812.0,1.315685,1.590935,NLD,SVK,8429
885374,163,206,1647,2001,655.0,0.0,0.974814,0.06512000000000001,NOR,SVK,8429
885375,177,206,1647,2001,264786.0,149023.0,0.9474540000000001,1.8408220000000002,POL,SVK,8429
885376,178,206,1647,2001,0.0,355846.0,0.62773,1.010888,PRK,SVK,8429
885377,179,206,1647,2001,0.0,50468.0,0.482048,1.662123,PRT,SVK,8429
885378,185,206,1647,2001,2994.0,414287.0,0.326733,1.005332,ROU,SVK,8429
885379,186,206,1647,2001,4391.0,2007561.0,0.945816,0.35027600000000003,RUS,SVK,8429
885380,189,206,1647,2001,0.0,13500.0,0.45280200000000004,2.469852,SCG,SVK,8429
885381,208,206,1647,2001,207282.0,0.0,2.156845,0.784439,SWE,SVK,8429
885382,224,206,1647,2001,0.0,357679.0,0.188773,1.91451,TUR,SVK,8429
885383,228,206,1647,2001,22890.0,409879.0,0.8376969999999999,0.989059,UKR,SVK,8429
885384,231,206,1647,2001,476400.0,42284.0,1.873674,0.168468,USA,SVK,8429
885385,239,206,1647,2001,0.0,37504.0,-0.6692130000000001,0.610992,VNM,SVK,8429
885386,250,206,1647,2001,209527.0,0.0,1.096023,-0.33562600000000004,ANS,SVK,8429
885387,15,223,1647,2001,871084.0,0.0,1.8571650000000002,0.603191,AUT,TUN,8429
885388,18,223,1647,2001,5626277.0,4846.0,1.4328370000000001,1.408495,BEL,TUN,8429
885389,30,223,1647,2001,120481.0,0.0,1.1006129999999998,-0.5565329999999999,BMU,TUN,8429
885390,32,223,1647,2001,4220579.0,0.0,0.672496,1.051848,BRA,TUN,8429
885391,39,223,1647,2001,562763.0,6332.0,0.971827,1.105171,CAN,TUN,8429
885392,41,223,1647,2001,65752.0,0.0,2.227246,0.553956,CHE,TUN,8429
885393,59,223,1647,2001,106447.0,0.0,1.485703,1.109305,CZE,TUN,8429
885394,61,223,1647,2001,11447388.0,0.0,2.321375,-2.1110990000000003,DEU,TUN,8429
885395,71,223,1647,2001,112637.0,0.0,1.079664,1.9842220000000002,ESP,TUN,8429
885396,77,223,1647,2001,8380152.0,0.0,1.653507,0.797582,FRA,TUN,8429
885397,81,223,1647,2001,5849931.0,0.0,1.976894,0.685435,GBR,TUN,8429
885398,111,223,1647,2001,5436862.0,289884.0,1.389926,1.282143,ITA,TUN,8429
885399,114,223,1647,2001,1962510.0,0.0,2.585857,0.522663,JPN,TUN,8429
885400,121,223,1647,2001,2943353.0,0.0,1.145797,1.0762399999999999,KOR,TUN,8429
885401,126,223,1647,2001,0.0,966938.0,-0.9321459999999999,-1.198124,LBY,TUN,8429
885402,134,223,1647,2001,119670.0,0.0,-0.75275,-0.280397,MAR,TUN,8429
885403,162,223,1647,2001,217215.0,0.0,1.315685,1.590935,NLD,TUN,8429
885404,177,223,1647,2001,80154.0,0.0,0.9474540000000001,1.8408220000000002,POL,TUN,8429
885405,186,223,1647,2001,69658.0,0.0,0.945816,0.35027600000000003,RUS,TUN,8429
885406,208,223,1647,2001,2201663.0,0.0,2.156845,0.784439,SWE,TUN,8429
885407,224,223,1647,2001,1709273.0,0.0,0.188773,1.91451,TUR,TUN,8429
885408,231,223,1647,2001,1861910.0,0.0,1.873674,0.168468,USA,TUN,8429
885409,250,223,1647,2001,0.0,184643.0,1.096023,-0.33562600000000004,ANS,TUN,8429
885410,7,228,1647,2001,217187.0,0.0,-0.193984,-0.457124,ARE,UKR,8429
885411,9,228,1647,2001,10103.0,0.0,0.834168,0.21458000000000002,ARM,UKR,8429
885412,15,228,1647,2001,259247.0,0.0,1.8571650000000002,0.603191,AUT,UKR,8429
885413,16,228,1647,2001,0.0,35119.0,-0.6731090000000001,-1.037922,AZE,UKR,8429
885414,18,228,1647,2001,532876.0,491327.0,1.4328370000000001,1.408495,BEL,UKR,8429
885415,23,228,1647,2001,4283.0,0.0,0.41425100000000004,1.639866,BGR,UKR,8429
885416,28,228,1647,2001,737129.0,0.0,0.804404,0.936773,BLR,UKR,8429
885417,59,228,1647,2001,1463.0,0.0,1.485703,1.109305,CZE,UKR,8429
885418,61,228,1647,2001,2917458.0,46396.0,2.321375,-2.1110990000000003,DEU,UKR,8429
885419,68,228,1647,2001,0.0,21025.0,-0.373576,0.366385,EGY,UKR,8429
885420,73,228,1647,2001,0.0,114829.0,-0.999149,-0.904072,ETH,UKR,8429
885421,77,228,1647,2001,105988.0,0.0,1.653507,0.797582,FRA,UKR,8429
885422,81,228,1647,2001,661321.0,0.0,1.976894,0.685435,GBR,UKR,8429
885423,82,228,1647,2001,19302.0,0.0,0.585568,-0.047744999999999996,GEO,UKR,8429
885424,102,228,1647,2001,0.0,30494.0,1.102262,1.138016,HUN,UKR,8429
885425,104,228,1647,2001,69779.0,0.0,0.349744,2.665844,IND,UKR,8429
885426,111,228,1647,2001,5843.0,0.0,1.389926,1.282143,ITA,UKR,8429
885427,114,228,1647,2001,49702.0,0.0,2.585857,0.522663,JPN,UKR,8429
885428,115,228,1647,2001,0.0,81724.0,0.009714,-0.525899,KAZ,UKR,8429
885429,117,228,1647,2001,0.0,18791.0,0.23332199999999997,0.256019,KGZ,UKR,8429
885430,130,228,1647,2001,0.0,44030.0,0.15706900000000001,0.416663,LTU,UKR,8429
885431,132,228,1647,2001,0.0,11509.0,0.404136,0.461009,LVA,UKR,8429
885432,135,228,1647,2001,0.0,25805.0,-0.024822,-0.15323399999999998,MDA,UKR,8429
885433,140,228,1647,2001,0.0,162384.0,0.033097,0.43516499999999997,MKD,UKR,8429
885434,163,228,1647,2001,30300.0,0.0,0.974814,0.06512000000000001,NOR,UKR,8429
885435,164,228,1647,2001,0.0,15555.0,-0.483749,-0.008754999999999999,NPL,UKR,8429
885436,177,228,1647,2001,1176651.0,675393.0,0.9474540000000001,1.8408220000000002,POL,UKR,8429
885437,185,228,1647,2001,1847435.0,69251.0,0.326733,1.005332,ROU,UKR,8429
885438,186,228,1647,2001,14991756.0,1981646.0,0.945816,0.35027600000000003,RUS,UKR,8429
885439,206,228,1647,2001,409879.0,22890.0,1.1732770000000001,1.088576,SVK,UKR,8429
885440,215,228,1647,2001,0.0,22595.0,-0.758725,-0.577004,TGO,UKR,8429
885441,219,228,1647,2001,0.0,108041.0,-1.24627,-1.2760209999999998,TKM,UKR,8429
885442,224,228,1647,2001,14669.0,0.0,0.188773,1.91451,TUR,UKR,8429
885443,231,228,1647,2001,1337698.0,0.0,1.873674,0.168468,USA,UKR,8429
885444,232,228,1647,2001,0.0,146692.0,-0.395913,-0.6454449999999999,UZB,UKR,8429
885445,236,228,1647,2001,0.0,5954.0,0.261158,-0.7397,VEN,UKR,8429
885446,239,228,1647,2001,0.0,63644.0,-0.6692130000000001,0.610992,VNM,UKR,8429
885447,2,246,1647,2001,0.0,2228686.0,-1.523823,-1.214093,AGO,ZAF,8429
885448,7,246,1647,2001,0.0,1522798.0,-0.193984,-0.457124,ARE,ZAF,8429
885449,8,246,1647,2001,0.0,39945.0,0.287698,0.547137,ARG,ZAF,8429
885450,14,246,1647,2001,4248092.0,598869.0,0.29463,0.772375,AUS,ZAF,8429
885451,15,246,1647,2001,5590452.0,0.0,1.8571650000000002,0.603191,AUT,ZAF,8429
885452,18,246,1647,2001,19853226.0,63791.0,1.4328370000000001,1.408495,BEL,ZAF,8429
885453,19,246,1647,2001,0.0,313013.0,-1.09233,-0.8276969999999999,BEN,ZAF,8429
885454,23,246,1647,2001,0.0,2620.0,0.41425100000000004,1.639866,BGR,ZAF,8429
885455,32,246,1647,2001,6838394.0,1011.0,0.672496,1.051848,BRA,ZAF,8429
885456,35,246,1647,2001,0.0,117662.0,0.380727,-0.529766,BTN,ZAF,8429
885457,37,246,1647,2001,462380.0,13300532.0,-0.42690100000000003,-1.081372,BWA,ZAF,8429
885458,39,246,1647,2001,5433856.0,50804.0,0.971827,1.105171,CAN,ZAF,8429
885459,41,246,1647,2001,370400.0,0.0,2.227246,0.553956,CHE,ZAF,8429
885460,42,246,1647,2001,0.0,476819.0,-0.004658,-0.002548,CHL,ZAF,8429
885461,43,246,1647,2001,511972.0,4597.0,0.525171,3.092963,CHN,ZAF,8429
885462,44,246,1647,2001,0.0,63031.0,-0.715949,-0.524428,CIV,ZAF,8429
885463,46,246,1647,2001,0.0,146049.0,-1.421643,-1.154007,COD,ZAF,8429
885464,47,246,1647,2001,0.0,161319.0,-1.482788,-1.172,COG,ZAF,8429
885465,59,246,1647,2001,42226.0,0.0,1.485703,1.109305,CZE,ZAF,8429
885466,61,246,1647,2001,16019824.0,142337.0,2.321375,-2.1110990000000003,DEU,ZAF,8429
885467,64,246,1647,2001,0.0,38531.0,1.261883,1.351875,DNK,ZAF,8429
885468,73,246,1647,2001,0.0,36320.0,-0.999149,-0.904072,ETH,ZAF,8429
885469,74,246,1647,2001,5212004.0,0.0,2.069141,0.9375180000000001,FIN,ZAF,8429
885470,77,246,1647,2001,18814208.0,0.0,1.653507,0.797582,FRA,ZAF,8429
885471,80,246,1647,2001,0.0,172748.0,-1.063007,-1.181284,GAB,ZAF,8429
885472,81,246,1647,2001,13616086.0,67405.0,1.976894,0.685435,GBR,ZAF,8429
885473,83,246,1647,2001,0.0,1097979.0,-0.961067,-0.780449,GHA,ZAF,8429
885474,85,246,1647,2001,0.0,94370.0,-1.5380340000000001,-1.200083,GIN,ZAF,8429
885475,103,246,1647,2001,0.0,23733.0,-0.167771,1.6587889999999998,IDN,ZAF,8429
885476,104,246,1647,2001,546666.0,38670.0,0.349744,2.665844,IND,ZAF,8429
885477,106,246,1647,2001,115224.0,0.0,1.664233,0.129983,IRL,ZAF,8429
885478,110,246,1647,2001,29218.0,2454.0,1.374873,0.775594,ISR,ZAF,8429
885479,111,246,1647,2001,9441543.0,109200.0,1.389926,1.282143,ITA,ZAF,8429
885480,114,246,1647,2001,41440833.0,0.0,2.585857,0.522663,JPN,ZAF,8429
885481,116,246,1647,2001,0.0,178801.0,-0.529388,0.092271,KEN,ZAF,8429
885482,121,246,1647,2001,11259689.0,0.0,1.145797,1.0762399999999999,KOR,ZAF,8429
885483,129,246,1647,2001,18457.0,485661.0,-0.786499,-0.7595729999999999,LSO,ZAF,8429
885484,135,246,1647,2001,0.0,9901.0,-0.024822,-0.15323399999999998,MDA,ZAF,8429
885485,136,246,1647,2001,0.0,223677.0,-1.247531,-0.637093,MDG,ZAF,8429
885486,141,246,1647,2001,0.0,774331.0,-0.40341,-0.626402,MLI,ZAF,8429
885487,147,246,1647,2001,1815834.0,3232979.0,-1.2364879999999998,-1.136715,MOZ,ZAF,8429
885488,148,246,1647,2001,0.0,13780.0,-1.187271,-1.240445,MRT,ZAF,8429
885489,151,246,1647,2001,0.0,99347.0,-0.410422,-0.5868369999999999,MUS,ZAF,8429
885490,152,246,1647,2001,499893.0,2898079.0,-1.388716,-1.116315,MWI,ZAF,8429
885491,153,246,1647,2001,110970.0,69420.0,0.768174,0.307033,MYS,ZAF,8429
885492,155,246,1647,2001,414430.0,19214155.0,-0.625912,-0.854247,NAM,ZAF,8429
885493,159,246,1647,2001,0.0,922167.0,-1.966439,-1.2724520000000001,NGA,ZAF,8429
885494,162,246,1647,2001,391805.0,0.0,1.315685,1.590935,NLD,ZAF,8429
885495,163,246,1647,2001,6210.0,0.0,0.974814,0.06512000000000001,NOR,ZAF,8429
885496,173,246,1647,2001,0.0,53599.0,-0.345519,0.202623,PER,ZAF,8429
885497,174,246,1647,2001,409459.0,0.0,-0.028201,-0.112349,PHL,ZAF,8429
885498,190,246,1647,2001,0.0,20022.0,-1.6325180000000001,-1.263267,SDN,ZAF,8429
885499,192,246,1647,2001,353473.0,0.0,1.364239,0.721074,SGP,ZAF,8429
885500,194,246,1647,2001,0.0,210080.0,1.112486,-0.248761,SHN,ZAF,8429
885501,196,246,1647,2001,0.0,11780.0,0.331949,0.186253,SLE,ZAF,8429
885502,208,246,1647,2001,3732449.0,0.0,2.156845,0.784439,SWE,ZAF,8429
885503,209,246,1647,2001,422314.0,4843891.0,0.372699,-0.287132,SWZ,ZAF,8429
885504,211,246,1647,2001,0.0,85129.0,0.065059,-0.7806489999999999,SYC,ZAF,8429
885505,216,246,1647,2001,1313592.0,47502.0,0.37555900000000003,1.498267,THA,ZAF,8429
885506,226,246,1647,2001,0.0,1915305.0,-1.193991,-0.49282200000000004,TZA,ZAF,8429
885507,227,246,1647,2001,45001.0,198496.0,-0.9694860000000001,-0.840592,UGA,ZAF,8429
885508,231,246,1647,2001,37653093.0,2119428.0,1.873674,0.168468,USA,ZAF,8429
885509,247,246,1647,2001,98446.0,4977251.0,-0.731193,-0.706978,ZMB,ZAF,8429
885510,248,246,1647,2001,488498.0,2768084.0,-0.6321829999999999,-0.453671,ZWE,ZAF,8429
885511,250,246,1647,2001,2419717.0,0.0,1.096023,-0.33562600000000004,ANS,ZAF,8429
885512,18,19,1647,2001,219504.0,80276.0,1.4328370000000001,1.408495,BEL,BEN,8429
885513,21,19,1647,2001,449.0,139121.0,-0.291485,-0.20803000000000002,BFA,BEN,8429
885514,32,19,1647,2001,823684.0,0.0,0.672496,1.051848,BRA,BEN,8429
885515,44,19,1647,2001,37089.0,53851.0,-0.715949,-0.524428,CIV,BEN,8429
885516,61,19,1647,2001,96692.0,0.0,2.321375,-2.1110990000000003,DEU,BEN,8429
885517,64,19,1647,2001,20677.0,0.0,1.261883,1.351875,DNK,BEN,8429
885518,71,19,1647,2001,57718.0,0.0,1.079664,1.9842220000000002,ESP,BEN,8429
885519,77,19,1647,2001,1319020.0,57743.0,1.653507,0.797582,FRA,BEN,8429
885520,80,19,1647,2001,616.0,0.0,-1.063007,-1.181284,GAB,BEN,8429
885521,81,19,1647,2001,175276.0,0.0,1.976894,0.685435,GBR,BEN,8429
885522,111,19,1647,2001,108720.0,0.0,1.389926,1.282143,ITA,BEN,8429
885523,114,19,1647,2001,3042.0,0.0,2.585857,0.522663,JPN,BEN,8429
885524,141,19,1647,2001,0.0,17657.0,-0.40341,-0.626402,MLI,BEN,8429
885525,148,19,1647,2001,8527.0,0.0,-1.187271,-1.240445,MRT,BEN,8429
885526,159,19,1647,2001,3010.0,23389.0,-1.966439,-1.2724520000000001,NGA,BEN,8429
885527,162,19,1647,2001,3548.0,0.0,1.315685,1.590935,NLD,BEN,8429
885528,208,19,1647,2001,20453.0,0.0,2.156845,0.784439,SWE,BEN,8429
885529,215,19,1647,2001,47748.0,86889.0,-0.758725,-0.577004,TGO,BEN,8429
885530,231,19,1647,2001,1652976.0,0.0,1.873674,0.168468,USA,BEN,8429
885531,246,19,1647,2001,313013.0,0.0,0.356842,2.006155,ZAF,BEN,8429
885532,18,21,1647,2001,338225.0,70657.0,1.4328370000000001,1.408495,BEL,BFA,8429
885533,19,21,1647,2001,139121.0,449.0,-1.09233,-0.8276969999999999,BEN,BFA,8429
885534,32,21,1647,2001,179540.0,8205.0,0.672496,1.051848,BRA,BFA,8429
885535,43,21,1647,2001,1345.0,0.0,0.525171,3.092963,CHN,BFA,8429
885536,44,21,1647,2001,176810.0,0.0,-0.715949,-0.524428,CIV,BFA,8429
885537,61,21,1647,2001,218248.0,0.0,2.321375,-2.1110990000000003,DEU,BFA,8429
885538,71,21,1647,2001,10005.0,0.0,1.079664,1.9842220000000002,ESP,BFA,8429
885539,77,21,1647,2001,826653.0,720689.0,1.653507,0.797582,FRA,BFA,8429
885540,81,21,1647,2001,55963.0,0.0,1.976894,0.685435,GBR,BFA,8429
885541,83,21,1647,2001,0.0,155394.0,-0.961067,-0.780449,GHA,BFA,8429
885542,111,21,1647,2001,1453829.0,0.0,1.389926,1.282143,ITA,BFA,8429
885543,114,21,1647,2001,6475.0,0.0,2.585857,0.522663,JPN,BFA,8429
885544,141,21,1647,2001,105537.0,20029.0,-0.40341,-0.626402,MLI,BFA,8429
885545,162,21,1647,2001,15467.0,0.0,1.315685,1.590935,NLD,BFA,8429
885546,179,21,1647,2001,0.0,16005.0,0.482048,1.662123,PRT,BFA,8429
885547,191,21,1647,2001,333129.0,0.0,-0.437779,-0.436654,SEN,BFA,8429
885548,208,21,1647,2001,6313.0,0.0,2.156845,0.784439,SWE,BFA,8429
885549,215,21,1647,2001,211888.0,8948.0,-0.758725,-0.577004,TGO,BFA,8429
885550,231,21,1647,2001,288372.0,575713.0,1.873674,0.168468,USA,BFA,8429
885551,14,37,1647,2001,133495.0,0.0,0.29463,0.772375,AUS,BWA,8429
885552,18,37,1647,2001,342853.0,0.0,1.4328370000000001,1.408495,BEL,BWA,8429
885553,41,37,1647,2001,26102.0,0.0,2.227246,0.553956,CHE,BWA,8429
885554,43,37,1647,2001,129889.0,0.0,0.525171,3.092963,CHN,BWA,8429
885555,61,37,1647,2001,47690.0,0.0,2.321375,-2.1110990000000003,DEU,BWA,8429
885556,77,37,1647,2001,120388.0,0.0,1.653507,0.797582,FRA,BWA,8429
885557,81,37,1647,2001,791698.0,0.0,1.976894,0.685435,GBR,BWA,8429
885558,83,37,1647,2001,124564.0,0.0,-0.961067,-0.780449,GHA,BWA,8429
885559,121,37,1647,2001,365160.0,0.0,1.145797,1.0762399999999999,KOR,BWA,8429
885560,152,37,1647,2001,0.0,22926.0,-1.388716,-1.116315,MWI,BWA,8429
885561,155,37,1647,2001,53884.0,1582.0,-0.625912,-0.854247,NAM,BWA,8429
885562,176,37,1647,2001,75879.0,0.0,-1.503929,-1.199463,PNG,BWA,8429
885563,209,37,1647,2001,0.0,26892.0,0.372699,-0.287132,SWZ,BWA,8429
885564,231,37,1647,2001,3117688.0,0.0,1.873674,0.168468,USA,BWA,8429
885565,246,37,1647,2001,13300532.0,462380.0,0.356842,2.006155,ZAF,BWA,8429
885566,247,37,1647,2001,97945.0,0.0,-0.731193,-0.706978,ZMB,BWA,8429
885567,248,37,1647,2001,31836.0,0.0,-0.6321829999999999,-0.453671,ZWE,BWA,8429
885568,249,37,1647,2001,28187.0,0.0,1.5731700000000002,1.353159,TWN,BWA,8429
885569,250,37,1647,2001,140182.0,0.0,1.096023,-0.33562600000000004,ANS,BWA,8429
885570,14,44,1647,2001,37609.0,0.0,0.29463,0.772375,AUS,CIV,8429
885571,18,44,1647,2001,2642430.0,0.0,1.4328370000000001,1.408495,BEL,CIV,8429
885572,19,44,1647,2001,53851.0,37089.0,-1.09233,-0.8276969999999999,BEN,CIV,8429
885573,21,44,1647,2001,0.0,176810.0,-0.291485,-0.20803000000000002,BFA,CIV,8429
885574,32,44,1647,2001,1676340.0,0.0,0.672496,1.051848,BRA,CIV,8429
885575,43,44,1647,2001,3134.0,0.0,0.525171,3.092963,CHN,CIV,8429
885576,45,44,1647,2001,22940.0,36907.0,-1.6254879999999998,-1.212513,CMR,CIV,8429
885577,61,44,1647,2001,6776.0,0.0,2.321375,-2.1110990000000003,DEU,CIV,8429
885578,71,44,1647,2001,3700.0,0.0,1.079664,1.9842220000000002,ESP,CIV,8429
885579,77,44,1647,2001,630801.0,93963.0,1.653507,0.797582,FRA,CIV,8429
885580,80,44,1647,2001,0.0,94232.0,-1.063007,-1.181284,GAB,CIV,8429
885581,81,44,1647,2001,33427.0,0.0,1.976894,0.685435,GBR,CIV,8429
885582,83,44,1647,2001,0.0,47519.0,-0.961067,-0.780449,GHA,CIV,8429
885583,85,44,1647,2001,275943.0,2741.0,-1.5380340000000001,-1.200083,GIN,CIV,8429
885584,89,44,1647,2001,0.0,41508.0,-2.0882959999999997,-0.921539,GNQ,CIV,8429
885585,111,44,1647,2001,78615.0,0.0,1.389926,1.282143,ITA,CIV,8429
885586,125,44,1647,2001,0.0,424357.0,-0.49036,-1.126565,LBR,CIV,8429
885587,141,44,1647,2001,415802.0,107908.0,-0.40341,-0.626402,MLI,CIV,8429
885588,159,44,1647,2001,0.0,9051.0,-1.966439,-1.2724520000000001,NGA,CIV,8429
885589,162,44,1647,2001,4335.0,0.0,1.315685,1.590935,NLD,CIV,8429
885590,179,44,1647,2001,0.0,40142.0,0.482048,1.662123,PRT,CIV,8429
885591,191,44,1647,2001,0.0,229989.0,-0.437779,-0.436654,SEN,CIV,8429
885592,215,44,1647,2001,15554.0,0.0,-0.758725,-0.577004,TGO,CIV,8429
885593,231,44,1647,2001,566658.0,0.0,1.873674,0.168468,USA,CIV,8429
885594,246,44,1647,2001,63031.0,0.0,0.356842,2.006155,ZAF,CIV,8429
885595,14,45,1647,2001,1874.0,0.0,0.29463,0.772375,AUS,CMR,8429
885596,15,45,1647,2001,20354.0,0.0,1.8571650000000002,0.603191,AUT,CMR,8429
885597,18,45,1647,2001,8967837.0,0.0,1.4328370000000001,1.408495,BEL,CMR,8429
885598,32,45,1647,2001,944866.0,0.0,0.672496,1.051848,BRA,CMR,8429
885599,38,45,1647,2001,0.0,2703.0,-0.682897,-0.8083140000000001,CAF,CMR,8429
885600,39,45,1647,2001,57845.0,0.0,0.971827,1.105171,CAN,CMR,8429
885601,41,45,1647,2001,1905.0,0.0,2.227246,0.553956,CHE,CMR,8429
885602,43,45,1647,2001,12552.0,0.0,0.525171,3.092963,CHN,CMR,8429
885603,44,45,1647,2001,36907.0,22940.0,-0.715949,-0.524428,CIV,CMR,8429
885604,47,45,1647,2001,0.0,437173.0,-1.482788,-1.172,COG,CMR,8429
885605,61,45,1647,2001,365888.0,0.0,2.321375,-2.1110990000000003,DEU,CMR,8429
885606,64,45,1647,2001,75611.0,0.0,1.261883,1.351875,DNK,CMR,8429
885607,71,45,1647,2001,61597.0,0.0,1.079664,1.9842220000000002,ESP,CMR,8429
885608,77,45,1647,2001,3571150.0,0.0,1.653507,0.797582,FRA,CMR,8429
885609,81,45,1647,2001,1560246.0,0.0,1.976894,0.685435,GBR,CMR,8429
885610,97,45,1647,2001,0.0,1006.0,0.521528,2.3025,HKG,CMR,8429
885611,111,45,1647,2001,1243963.0,0.0,1.389926,1.282143,ITA,CMR,8429
885612,114,45,1647,2001,351729.0,0.0,2.585857,0.522663,JPN,CMR,8429
885613,124,45,1647,2001,19708.0,0.0,0.165355,0.988008,LBN,CMR,8429
885614,141,45,1647,2001,0.0,9583.0,-0.40341,-0.626402,MLI,CMR,8429
885615,162,45,1647,2001,136794.0,0.0,1.315685,1.590935,NLD,CMR,8429
885616,163,45,1647,2001,25298.0,0.0,0.974814,0.06512000000000001,NOR,CMR,8429
885617,169,45,1647,2001,226680.0,0.0,0.17588199999999998,0.422505,PAN,CMR,8429
885618,179,45,1647,2001,1174.0,12855.0,0.482048,1.662123,PRT,CMR,8429
885619,185,45,1647,2001,21908.0,0.0,0.326733,1.005332,ROU,CMR,8429
885620,191,45,1647,2001,0.0,38002.0,-0.437779,-0.436654,SEN,CMR,8429
885621,192,45,1647,2001,0.0,25658.0,1.364239,0.721074,SGP,CMR,8429
885622,208,45,1647,2001,102814.0,0.0,2.156845,0.784439,SWE,CMR,8429
885623,231,45,1647,2001,1972248.0,0.0,1.873674,0.168468,USA,CMR,8429
885624,250,45,1647,2001,254832.0,0.0,1.096023,-0.33562600000000004,ANS,CMR,8429
885625,32,51,1647,2001,1750147.0,0.0,0.672496,1.051848,BRA,CPV,8429
885626,61,51,1647,2001,31408.0,0.0,2.321375,-2.1110990000000003,DEU,CPV,8429
885627,71,51,1647,2001,4674.0,0.0,1.079664,1.9842220000000002,ESP,CPV,8429
885628,77,51,1647,2001,23114.0,0.0,1.653507,0.797582,FRA,CPV,8429
885629,81,51,1647,2001,18221.0,0.0,1.976894,0.685435,GBR,CPV,8429
885630,111,51,1647,2001,225132.0,0.0,1.389926,1.282143,ITA,CPV,8429
885631,162,51,1647,2001,7247.0,0.0,1.315685,1.590935,NLD,CPV,8429
885632,163,51,1647,2001,255200.0,0.0,0.974814,0.06512000000000001,NOR,CPV,8429
885633,179,51,1647,2001,919982.0,0.0,0.482048,1.662123,PRT,CPV,8429
885634,208,51,1647,2001,8700.0,0.0,2.156845,0.784439,SWE,CPV,8429
885635,231,51,1647,2001,16367.0,0.0,1.873674,0.168468,USA,CPV,8429
885636,15,72,1647,2001,510075.0,0.0,1.8571650000000002,0.603191,AUT,EST,8429
885637,18,72,1647,2001,235593.0,0.0,1.4328370000000001,1.408495,BEL,EST,8429
885638,28,72,1647,2001,23770.0,0.0,0.804404,0.936773,BLR,EST,8429
885639,41,72,1647,2001,188114.0,0.0,2.227246,0.553956,CHE,EST,8429
885640,59,72,1647,2001,5127.0,0.0,1.485703,1.109305,CZE,EST,8429
885641,61,72,1647,2001,4342771.0,60302.0,2.321375,-2.1110990000000003,DEU,EST,8429
885642,64,72,1647,2001,206700.0,0.0,1.261883,1.351875,DNK,EST,8429
885643,74,72,1647,2001,5741162.0,214026.0,2.069141,0.9375180000000001,FIN,EST,8429
885644,77,72,1647,2001,418349.0,1928.0,1.653507,0.797582,FRA,EST,8429
885645,81,72,1647,2001,1525932.0,0.0,1.976894,0.685435,GBR,EST,8429
885646,111,72,1647,2001,1558379.0,0.0,1.389926,1.282143,ITA,EST,8429
885647,114,72,1647,2001,800299.0,0.0,2.585857,0.522663,JPN,EST,8429
885648,121,72,1647,2001,41418.0,0.0,1.145797,1.0762399999999999,KOR,EST,8429
885649,130,72,1647,2001,51081.0,540088.0,0.15706900000000001,0.416663,LTU,EST,8429
885650,132,72,1647,2001,51840.0,305430.0,0.404136,0.461009,LVA,EST,8429
885651,162,72,1647,2001,169694.0,0.0,1.315685,1.590935,NLD,EST,8429
885652,163,72,1647,2001,21659.0,23064.0,0.974814,0.06512000000000001,NOR,EST,8429
885653,177,72,1647,2001,1404176.0,0.0,0.9474540000000001,1.8408220000000002,POL,EST,8429
885654,186,72,1647,2001,332669.0,200322.0,0.945816,0.35027600000000003,RUS,EST,8429
885655,206,72,1647,2001,12727.0,0.0,1.1732770000000001,1.088576,SVK,EST,8429
885656,208,72,1647,2001,1055964.0,519900.0,2.156845,0.784439,SWE,EST,8429
885657,231,72,1647,2001,1941953.0,0.0,1.873674,0.168468,USA,EST,8429
885658,250,72,1647,2001,3810379.0,585841.0,1.096023,-0.33562600000000004,ANS,EST,8429
885659,15,80,1647,2001,548895.0,0.0,1.8571650000000002,0.603191,AUT,GAB,8429
885660,18,80,1647,2001,2067884.0,0.0,1.4328370000000001,1.408495,BEL,GAB,8429
885661,19,80,1647,2001,0.0,616.0,-1.09233,-0.8276969999999999,BEN,GAB,8429
885662,32,80,1647,2001,1024619.0,0.0,0.672496,1.051848,BRA,GAB,8429
885663,43,80,1647,2001,67813.0,0.0,0.525171,3.092963,CHN,GAB,8429
885664,44,80,1647,2001,94232.0,0.0,-0.715949,-0.524428,CIV,GAB,8429
885665,47,80,1647,2001,0.0,28798.0,-1.482788,-1.172,COG,GAB,8429
885666,61,80,1647,2001,878027.0,0.0,2.321375,-2.1110990000000003,DEU,GAB,8429
885667,71,80,1647,2001,63204.0,0.0,1.079664,1.9842220000000002,ESP,GAB,8429
885668,77,80,1647,2001,4491024.0,0.0,1.653507,0.797582,FRA,GAB,8429
885669,81,80,1647,2001,380154.0,0.0,1.976894,0.685435,GBR,GAB,8429
885670,85,80,1647,2001,0.0,122522.0,-1.5380340000000001,-1.200083,GIN,GAB,8429
885671,104,80,1647,2001,4127.0,0.0,0.349744,2.665844,IND,GAB,8429
885672,111,80,1647,2001,460530.0,0.0,1.389926,1.282143,ITA,GAB,8429
885673,114,80,1647,2001,1771764.0,0.0,2.585857,0.522663,JPN,GAB,8429
885674,124,80,1647,2001,16116.0,0.0,0.165355,0.988008,LBN,GAB,8429
885675,153,80,1647,2001,95809.0,0.0,0.768174,0.307033,MYS,GAB,8429
885676,159,80,1647,2001,0.0,75184.0,-1.966439,-1.2724520000000001,NGA,GAB,8429
885677,162,80,1647,2001,109518.0,0.0,1.315685,1.590935,NLD,GAB,8429
885678,163,80,1647,2001,16746.0,0.0,0.974814,0.06512000000000001,NOR,GAB,8429
885679,192,80,1647,2001,326315.0,0.0,1.364239,0.721074,SGP,GAB,8429
885680,208,80,1647,2001,158411.0,0.0,2.156845,0.784439,SWE,GAB,8429
885681,231,80,1647,2001,1099808.0,0.0,1.873674,0.168468,USA,GAB,8429
885682,246,80,1647,2001,172748.0,0.0,0.356842,2.006155,ZAF,GAB,8429
885683,7,85,1647,2001,9726.0,0.0,-0.193984,-0.457124,ARE,GIN,8429
885684,18,85,1647,2001,47343.0,0.0,1.4328370000000001,1.408495,BEL,GIN,8429
885685,32,85,1647,2001,214745.0,0.0,0.672496,1.051848,BRA,GIN,8429
885686,43,85,1647,2001,173948.0,0.0,0.525171,3.092963,CHN,GIN,8429
885687,44,85,1647,2001,2741.0,275943.0,-0.715949,-0.524428,CIV,GIN,8429
885688,61,85,1647,2001,191529.0,0.0,2.321375,-2.1110990000000003,DEU,GIN,8429
885689,77,85,1647,2001,447708.0,42325.0,1.653507,0.797582,FRA,GIN,8429
885690,80,85,1647,2001,122522.0,0.0,-1.063007,-1.181284,GAB,GIN,8429
885691,83,85,1647,2001,0.0,80427.0,-0.961067,-0.780449,GHA,GIN,8429
885692,111,85,1647,2001,110751.0,0.0,1.389926,1.282143,ITA,GIN,8429
885693,124,85,1647,2001,29276.0,0.0,0.165355,0.988008,LBN,GIN,8429
885694,134,85,1647,2001,82853.0,0.0,-0.75275,-0.280397,MAR,GIN,8429
885695,141,85,1647,2001,313744.0,84541.0,-0.40341,-0.626402,MLI,GIN,8429
885696,152,85,1647,2001,89253.0,0.0,-1.388716,-1.116315,MWI,GIN,8429
885697,159,85,1647,2001,0.0,364115.0,-1.966439,-1.2724520000000001,NGA,GIN,8429
885698,162,85,1647,2001,3408.0,0.0,1.315685,1.590935,NLD,GIN,8429
885699,186,85,1647,2001,51761.0,0.0,0.945816,0.35027600000000003,RUS,GIN,8429
885700,191,85,1647,2001,167960.0,7695.0,-0.437779,-0.436654,SEN,GIN,8429
885701,196,85,1647,2001,0.0,7252.0,0.331949,0.186253,SLE,GIN,8429
885702,215,85,1647,2001,373426.0,0.0,-0.758725,-0.577004,TGO,GIN,8429
885703,231,85,1647,2001,711529.0,0.0,1.873674,0.168468,USA,GIN,8429
885704,246,85,1647,2001,94370.0,0.0,0.356842,2.006155,ZAF,GIN,8429
885705,250,85,1647,2001,0.0,335468.0,1.096023,-0.33562600000000004,ANS,GIN,8429
885706,15,102,1647,2001,11398696.0,92025.0,1.8571650000000002,0.603191,AUT,HUN,8429
885707,18,102,1647,2001,2468198.0,32188.0,1.4328370000000001,1.408495,BEL,HUN,8429
885708,26,102,1647,2001,0.0,3000.0,0.238083,0.362643,BIH,HUN,8429
885709,28,102,1647,2001,85278.0,0.0,0.804404,0.936773,BLR,HUN,8429
885710,39,102,1647,2001,33640.0,0.0,0.971827,1.105171,CAN,HUN,8429
885711,41,102,1647,2001,205830.0,0.0,2.227246,0.553956,CHE,HUN,8429
885712,43,102,1647,2001,11284.0,0.0,0.525171,3.092963,CHN,HUN,8429
885713,58,102,1647,2001,0.0,11634.0,0.381251,0.257802,CYP,HUN,8429
885714,59,102,1647,2001,859251.0,107390.0,1.485703,1.109305,CZE,HUN,8429
885715,61,102,1647,2001,15404131.0,147323.0,2.321375,-2.1110990000000003,DEU,HUN,8429
885716,64,102,1647,2001,26591.0,0.0,1.261883,1.351875,DNK,HUN,8429
885717,71,102,1647,2001,7016.0,0.0,1.079664,1.9842220000000002,ESP,HUN,8429
885718,74,102,1647,2001,67104.0,0.0,2.069141,0.9375180000000001,FIN,HUN,8429
885719,77,102,1647,2001,650062.0,0.0,1.653507,0.797582,FRA,HUN,8429
885720,81,102,1647,2001,9929181.0,0.0,1.976894,0.685435,GBR,HUN,8429
885721,100,102,1647,2001,8569.0,0.0,0.544596,0.969535,HRV,HUN,8429
885722,111,102,1647,2001,5009390.0,52684.0,1.389926,1.282143,ITA,HUN,8429
885723,114,102,1647,2001,729817.0,0.0,2.585857,0.522663,JPN,HUN,8429
885724,115,102,1647,2001,0.0,209078.0,0.009714,-0.525899,KAZ,HUN,8429
885725,121,102,1647,2001,451492.0,0.0,1.145797,1.0762399999999999,KOR,HUN,8429
885726,130,102,1647,2001,20897.0,0.0,0.15706900000000001,0.416663,LTU,HUN,8429
885727,162,102,1647,2001,1013617.0,512120.0,1.315685,1.590935,NLD,HUN,8429
885728,163,102,1647,2001,7139.0,0.0,0.974814,0.06512000000000001,NOR,HUN,8429
885729,177,102,1647,2001,311478.0,35561.0,0.9474540000000001,1.8408220000000002,POL,HUN,8429
885730,185,102,1647,2001,68497.0,245827.0,0.326733,1.005332,ROU,HUN,8429
885731,186,102,1647,2001,203964.0,94836.0,0.945816,0.35027600000000003,RUS,HUN,8429
885732,189,102,1647,2001,2442.0,44240.0,0.45280200000000004,2.469852,SCG,HUN,8429
885733,206,102,1647,2001,1474819.0,6608.0,1.1732770000000001,1.088576,SVK,HUN,8429
885734,207,102,1647,2001,41038.0,52129.0,1.5074370000000001,1.1370040000000001,SVN,HUN,8429
885735,208,102,1647,2001,2430718.0,0.0,2.156845,0.784439,SWE,HUN,8429
885736,224,102,1647,2001,228442.0,0.0,0.188773,1.91451,TUR,HUN,8429
885737,228,102,1647,2001,30494.0,0.0,0.8376969999999999,0.989059,UKR,HUN,8429
885738,231,102,1647,2001,1369048.0,7337.0,1.873674,0.168468,USA,HUN,8429
885739,239,102,1647,2001,0.0,23084.0,-0.6692130000000001,0.610992,VNM,HUN,8429
885740,7,128,1647,2001,76287.0,69329.0,-0.193984,-0.457124,ARE,LKA,8429
885741,14,128,1647,2001,20265.0,18465.0,0.29463,0.772375,AUS,LKA,8429
885742,15,128,1647,2001,9993.0,0.0,1.8571650000000002,0.603191,AUT,LKA,8429
885743,43,128,1647,2001,68473.0,0.0,0.525171,3.092963,CHN,LKA,8429
885744,61,128,1647,2001,122578.0,0.0,2.321375,-2.1110990000000003,DEU,LKA,8429
885745,77,128,1647,2001,55942.0,0.0,1.653507,0.797582,FRA,LKA,8429
885746,81,128,1647,2001,1020184.0,0.0,1.976894,0.685435,GBR,LKA,8429
885747,97,128,1647,2001,18234.0,0.0,0.521528,2.3025,HKG,LKA,8429
885748,103,128,1647,2001,39762.0,0.0,-0.167771,1.6587889999999998,IDN,LKA,8429
885749,104,128,1647,2001,113794.0,19313.0,0.349744,2.665844,IND,LKA,8429
885750,111,128,1647,2001,4751.0,0.0,1.389926,1.282143,ITA,LKA,8429
885751,114,128,1647,2001,2125552.0,0.0,2.585857,0.522663,JPN,LKA,8429
885752,121,128,1647,2001,1248496.0,0.0,1.145797,1.0762399999999999,KOR,LKA,8429
885753,137,128,1647,2001,5919.0,0.0,-0.980734,-0.9785659999999999,MDV,LKA,8429
885754,153,128,1647,2001,16772.0,0.0,0.768174,0.307033,MYS,LKA,8429
885755,173,128,1647,2001,0.0,85658.0,-0.345519,0.202623,PER,LKA,8429
885756,177,128,1647,2001,206306.0,0.0,0.9474540000000001,1.8408220000000002,POL,LKA,8429
885757,192,128,1647,2001,1908523.0,0.0,1.364239,0.721074,SGP,LKA,8429
885758,208,128,1647,2001,300798.0,54652.0,2.156845,0.784439,SWE,LKA,8429
885759,231,128,1647,2001,61080.0,0.0,1.873674,0.168468,USA,LKA,8429
885760,15,130,1647,2001,49643.0,47507.0,1.8571650000000002,0.603191,AUT,LTU,8429
885761,18,130,1647,2001,39639.0,8288.0,1.4328370000000001,1.408495,BEL,LTU,8429
885762,28,130,1647,2001,149841.0,0.0,0.804404,0.936773,BLR,LTU,8429
885763,41,130,1647,2001,216766.0,0.0,2.227246,0.553956,CHE,LTU,8429
885764,43,130,1647,2001,41146.0,0.0,0.525171,3.092963,CHN,LTU,8429
885765,59,130,1647,2001,310028.0,0.0,1.485703,1.109305,CZE,LTU,8429
885766,61,130,1647,2001,3120306.0,158602.0,2.321375,-2.1110990000000003,DEU,LTU,8429
885767,64,130,1647,2001,321827.0,9805.0,1.261883,1.351875,DNK,LTU,8429
885768,71,130,1647,2001,2317.0,0.0,1.079664,1.9842220000000002,ESP,LTU,8429
885769,72,130,1647,2001,540088.0,51081.0,0.5746829999999999,0.9073899999999999,EST,LTU,8429
885770,74,130,1647,2001,318479.0,18505.0,2.069141,0.9375180000000001,FIN,LTU,8429
885771,77,130,1647,2001,181098.0,0.0,1.653507,0.797582,FRA,LTU,8429
885772,81,130,1647,2001,58027.0,0.0,1.976894,0.685435,GBR,LTU,8429
885773,102,130,1647,2001,0.0,20897.0,1.102262,1.138016,HUN,LTU,8429
885774,111,130,1647,2001,253602.0,0.0,1.389926,1.282143,ITA,LTU,8429
885775,114,130,1647,2001,12787.0,0.0,2.585857,0.522663,JPN,LTU,8429
885776,132,130,1647,2001,36909.0,40224.0,0.404136,0.461009,LVA,LTU,8429
885777,162,130,1647,2001,208133.0,0.0,1.315685,1.590935,NLD,LTU,8429
885778,177,130,1647,2001,214124.0,72878.0,0.9474540000000001,1.8408220000000002,POL,LTU,8429
885779,186,130,1647,2001,1192188.0,42161.0,0.945816,0.35027600000000003,RUS,LTU,8429
885780,206,130,1647,2001,152440.0,0.0,1.1732770000000001,1.088576,SVK,LTU,8429
885781,208,130,1647,2001,258729.0,38940.0,2.156845,0.784439,SWE,LTU,8429
885782,228,130,1647,2001,44030.0,0.0,0.8376969999999999,0.989059,UKR,LTU,8429
885783,231,130,1647,2001,222102.0,0.0,1.873674,0.168468,USA,LTU,8429
885784,15,131,1647,2001,1219232.0,91621.0,1.8571650000000002,0.603191,AUT,LUX,8429
885785,18,131,1647,2001,10471707.0,1368154.0,1.4328370000000001,1.408495,BEL,LUX,8429
885786,23,131,1647,2001,0.0,7419.0,0.41425100000000004,1.639866,BGR,LUX,8429
885787,39,131,1647,2001,0.0,232025.0,0.971827,1.105171,CAN,LUX,8429
885788,41,131,1647,2001,9367.0,0.0,2.227246,0.553956,CHE,LUX,8429
885789,61,131,1647,2001,5985525.0,347459.0,2.321375,-2.1110990000000003,DEU,LUX,8429
885790,64,131,1647,2001,0.0,31969.0,1.261883,1.351875,DNK,LUX,8429
885791,74,131,1647,2001,38273.0,0.0,2.069141,0.9375180000000001,FIN,LUX,8429
885792,77,131,1647,2001,3850988.0,330072.0,1.653507,0.797582,FRA,LUX,8429
885793,81,131,1647,2001,93677.0,129486.0,1.976894,0.685435,GBR,LUX,8429
885794,111,131,1647,2001,1062071.0,0.0,1.389926,1.282143,ITA,LUX,8429
885795,121,131,1647,2001,4957.0,0.0,1.145797,1.0762399999999999,KOR,LUX,8429
885796,162,131,1647,2001,219679.0,593927.0,1.315685,1.590935,NLD,LUX,8429
885797,177,131,1647,2001,0.0,1845.0,0.9474540000000001,1.8408220000000002,POL,LUX,8429
885798,179,131,1647,2001,16514.0,0.0,0.482048,1.662123,PRT,LUX,8429
885799,185,131,1647,2001,0.0,70191.0,0.326733,1.005332,ROU,LUX,8429
885800,231,131,1647,2001,0.0,10678.0,1.873674,0.168468,USA,LUX,8429
885801,15,134,1647,2001,1951444.0,0.0,1.8571650000000002,0.603191,AUT,MAR,8429
885802,18,134,1647,2001,2631331.0,0.0,1.4328370000000001,1.408495,BEL,MAR,8429
885803,32,134,1647,2001,1575861.0,0.0,0.672496,1.051848,BRA,MAR,8429
885804,41,134,1647,2001,214835.0,0.0,2.227246,0.553956,CHE,MAR,8429
885805,43,134,1647,2001,452037.0,0.0,0.525171,3.092963,CHN,MAR,8429
885806,61,134,1647,2001,2149249.0,81151.0,2.321375,-2.1110990000000003,DEU,MAR,8429
885807,64,134,1647,2001,2934.0,0.0,1.261883,1.351875,DNK,MAR,8429
885808,71,134,1647,2001,904907.0,172308.0,1.079664,1.9842220000000002,ESP,MAR,8429
885809,74,134,1647,2001,658886.0,0.0,2.069141,0.9375180000000001,FIN,MAR,8429
885810,77,134,1647,2001,10518928.0,52517.0,1.653507,0.797582,FRA,MAR,8429
885811,81,134,1647,2001,1474257.0,0.0,1.976894,0.685435,GBR,MAR,8429
885812,85,134,1647,2001,0.0,82853.0,-1.5380340000000001,-1.200083,GIN,MAR,8429
885813,89,134,1647,2001,0.0,20580.0,-2.0882959999999997,-0.921539,GNQ,MAR,8429
885814,111,134,1647,2001,5039745.0,0.0,1.389926,1.282143,ITA,MAR,8429
885815,114,134,1647,2001,2109084.0,0.0,2.585857,0.522663,JPN,MAR,8429
885816,121,134,1647,2001,171460.0,0.0,1.145797,1.0762399999999999,KOR,MAR,8429
885817,124,134,1647,2001,89164.0,0.0,0.165355,0.988008,LBN,MAR,8429
885818,162,134,1647,2001,2725866.0,0.0,1.315685,1.590935,NLD,MAR,8429
885819,163,134,1647,2001,97805.0,0.0,0.974814,0.06512000000000001,NOR,MAR,8429
885820,179,134,1647,2001,37004.0,9208.0,0.482048,1.662123,PRT,MAR,8429
885821,208,134,1647,2001,310659.0,0.0,2.156845,0.784439,SWE,MAR,8429
885822,223,134,1647,2001,0.0,119670.0,-0.162152,0.23939699999999997,TUN,MAR,8429
885823,231,134,1647,2001,2111174.0,0.0,1.873674,0.168468,USA,MAR,8429
885824,249,134,1647,2001,2168.0,0.0,1.5731700000000002,1.353159,TWN,MAR,8429
885825,250,134,1647,2001,17170.0,0.0,1.096023,-0.33562600000000004,ANS,MAR,8429
885826,16,135,1647,2001,0.0,77294.0,-0.6731090000000001,-1.037922,AZE,MDA,8429
885827,18,135,1647,2001,1541.0,0.0,1.4328370000000001,1.408495,BEL,MDA,8429
885828,28,135,1647,2001,77153.0,0.0,0.804404,0.936773,BLR,MDA,8429
885829,41,135,1647,2001,11310.0,0.0,2.227246,0.553956,CHE,MDA,8429
885830,61,135,1647,2001,150475.0,0.0,2.321375,-2.1110990000000003,DEU,MDA,8429
885831,81,135,1647,2001,6732.0,0.0,1.976894,0.685435,GBR,MDA,8429
885832,111,135,1647,2001,70679.0,223810.0,1.389926,1.282143,ITA,MDA,8429
885833,185,135,1647,2001,985.0,94896.0,0.326733,1.005332,ROU,MDA,8429
885834,186,135,1647,2001,1024066.0,0.0,0.945816,0.35027600000000003,RUS,MDA,8429
885835,228,135,1647,2001,25805.0,0.0,0.8376969999999999,0.989059,UKR,MDA,8429
885836,246,135,1647,2001,9901.0,0.0,0.356842,2.006155,ZAF,MDA,8429
885837,18,142,1647,2001,44713.0,0.0,1.4328370000000001,1.408495,BEL,MLT,8429
885838,59,142,1647,2001,65201.0,0.0,1.485703,1.109305,CZE,MLT,8429
885839,61,142,1647,2001,74408.0,0.0,2.321375,-2.1110990000000003,DEU,MLT,8429
885840,81,142,1647,2001,143267.0,0.0,1.976894,0.685435,GBR,MLT,8429
885841,111,142,1647,2001,274248.0,0.0,1.389926,1.282143,ITA,MLT,8429
885842,114,142,1647,2001,176723.0,0.0,2.585857,0.522663,JPN,MLT,8429
885843,121,142,1647,2001,50953.0,0.0,1.145797,1.0762399999999999,KOR,MLT,8429
885844,162,142,1647,2001,309663.0,0.0,1.315685,1.590935,NLD,MLT,8429
885845,231,142,1647,2001,14049.0,0.0,1.873674,0.168468,USA,MLT,8429
885846,2,155,1647,2001,0.0,8234.0,-1.523823,-1.214093,AGO,NAM,8429
885847,14,155,1647,2001,241407.0,0.0,0.29463,0.772375,AUS,NAM,8429
885848,15,155,1647,2001,868.0,0.0,1.8571650000000002,0.603191,AUT,NAM,8429
885849,18,155,1647,2001,943386.0,0.0,1.4328370000000001,1.408495,BEL,NAM,8429
885850,32,155,1647,2001,1012947.0,0.0,0.672496,1.051848,BRA,NAM,8429
885851,37,155,1647,2001,1582.0,53884.0,-0.42690100000000003,-1.081372,BWA,NAM,8429
885852,41,155,1647,2001,23565.0,0.0,2.227246,0.553956,CHE,NAM,8429
885853,43,155,1647,2001,18640.0,0.0,0.525171,3.092963,CHN,NAM,8429
885854,61,155,1647,2001,343475.0,0.0,2.321375,-2.1110990000000003,DEU,NAM,8429
885855,81,155,1647,2001,58813.0,0.0,1.976894,0.685435,GBR,NAM,8429
885856,110,155,1647,2001,110849.0,0.0,1.374873,0.775594,ISR,NAM,8429
885857,111,155,1647,2001,78493.0,80454.0,1.389926,1.282143,ITA,NAM,8429
885858,231,155,1647,2001,334339.0,0.0,1.873674,0.168468,USA,NAM,8429
885859,246,155,1647,2001,19214155.0,414430.0,0.356842,2.006155,ZAF,NAM,8429
885860,7,188,1647,2001,41452.0,2639143.0,-0.193984,-0.457124,ARE,SAU,8429
885861,14,188,1647,2001,99594.0,14674.0,0.29463,0.772375,AUS,SAU,8429
885862,18,188,1647,2001,14558261.0,0.0,1.4328370000000001,1.408495,BEL,SAU,8429
885863,24,188,1647,2001,31446.0,46338.0,-0.11008399999999999,-1.053611,BHR,SAU,8429
885864,32,188,1647,2001,4500273.0,0.0,0.672496,1.051848,BRA,SAU,8429
885865,39,188,1647,2001,277569.0,0.0,0.971827,1.105171,CAN,SAU,8429
885866,41,188,1647,2001,83171.0,0.0,2.227246,0.553956,CHE,SAU,8429
885867,43,188,1647,2001,70501.0,0.0,0.525171,3.092963,CHN,SAU,8429
885868,58,188,1647,2001,188516.0,0.0,0.381251,0.257802,CYP,SAU,8429
885869,59,188,1647,2001,28929.0,0.0,1.485703,1.109305,CZE,SAU,8429
885870,61,188,1647,2001,11185036.0,0.0,2.321375,-2.1110990000000003,DEU,SAU,8429
885871,64,188,1647,2001,230965.0,0.0,1.261883,1.351875,DNK,SAU,8429
885872,68,188,1647,2001,713017.0,50566.0,-0.373576,0.366385,EGY,SAU,8429
885873,71,188,1647,2001,52361.0,0.0,1.079664,1.9842220000000002,ESP,SAU,8429
885874,73,188,1647,2001,0.0,755805.0,-0.999149,-0.904072,ETH,SAU,8429
885875,77,188,1647,2001,7253687.0,0.0,1.653507,0.797582,FRA,SAU,8429
885876,81,188,1647,2001,11303465.0,0.0,1.976894,0.685435,GBR,SAU,8429
885877,103,188,1647,2001,157614.0,0.0,-0.167771,1.6587889999999998,IDN,SAU,8429
885878,104,188,1647,2001,87898.0,356481.0,0.349744,2.665844,IND,SAU,8429
885879,107,188,1647,2001,78957.0,0.0,-0.7732479999999999,-0.8979370000000001,IRN,SAU,8429
885880,109,188,1647,2001,42444.0,0.0,0.032382999999999995,-0.51054,ISL,SAU,8429
885881,111,188,1647,2001,2777440.0,0.0,1.389926,1.282143,ITA,SAU,8429
885882,113,188,1647,2001,207555.0,0.0,0.375134,0.581558,JOR,SAU,8429
885883,114,188,1647,2001,55433563.0,0.0,2.585857,0.522663,JPN,SAU,8429
885884,115,188,1647,2001,0.0,43491.0,0.009714,-0.525899,KAZ,SAU,8429
885885,121,188,1647,2001,10045767.0,0.0,1.145797,1.0762399999999999,KOR,SAU,8429
885886,122,188,1647,2001,311712.0,51181.0,-0.8197,-1.183758,KWT,SAU,8429
885887,124,188,1647,2001,30711.0,1236.0,0.165355,0.988008,LBN,SAU,8429
885888,153,188,1647,2001,32767.0,0.0,0.768174,0.307033,MYS,SAU,8429
885889,162,188,1647,2001,3189587.0,0.0,1.315685,1.590935,NLD,SAU,8429
885890,163,188,1647,2001,171261.0,0.0,0.974814,0.06512000000000001,NOR,SAU,8429
885891,167,188,1647,2001,37050.0,1994501.0,-0.909329,-1.189698,OMN,SAU,8429
885892,190,188,1647,2001,0.0,516000.0,-1.6325180000000001,-1.263267,SDN,SAU,8429
885893,192,188,1647,2001,2104780.0,0.0,1.364239,0.721074,SGP,SAU,8429
885894,196,188,1647,2001,95193.0,0.0,0.331949,0.186253,SLE,SAU,8429
885895,208,188,1647,2001,5820611.0,0.0,2.156845,0.784439,SWE,SAU,8429
885896,212,188,1647,2001,0.0,394893.0,-1.057217,-0.716331,SYR,SAU,8429
885897,216,188,1647,2001,32574.0,0.0,0.37555900000000003,1.498267,THA,SAU,8429
885898,224,188,1647,2001,111226.0,0.0,0.188773,1.91451,TUR,SAU,8429
885899,231,188,1647,2001,16242652.0,124332.0,1.873674,0.168468,USA,SAU,8429
885900,243,188,1647,2001,32000.0,348534.0,-1.465154,-1.261615,YEM,SAU,8429
885901,4,189,1647,2001,6474.0,0.0,-0.054125,0.104298,ALB,SCG,8429
885902,15,189,1647,2001,2274009.0,24007.0,1.8571650000000002,0.603191,AUT,SCG,8429
885903,18,189,1647,2001,569365.0,0.0,1.4328370000000001,1.408495,BEL,SCG,8429
885904,23,189,1647,2001,5194.0,0.0,0.41425100000000004,1.639866,BGR,SCG,8429
885905,26,189,1647,2001,55471.0,946457.0,0.238083,0.362643,BIH,SCG,8429
885906,28,189,1647,2001,141228.0,0.0,0.804404,0.936773,BLR,SCG,8429
885907,39,189,1647,2001,23515.0,0.0,0.971827,1.105171,CAN,SCG,8429
885908,41,189,1647,2001,411329.0,0.0,2.227246,0.553956,CHE,SCG,8429
885909,43,189,1647,2001,5414737.0,0.0,0.525171,3.092963,CHN,SCG,8429
885910,58,189,1647,2001,2783.0,0.0,0.381251,0.257802,CYP,SCG,8429
885911,59,189,1647,2001,153551.0,0.0,1.485703,1.109305,CZE,SCG,8429
885912,61,189,1647,2001,4557428.0,0.0,2.321375,-2.1110990000000003,DEU,SCG,8429
885913,71,189,1647,2001,1924.0,0.0,1.079664,1.9842220000000002,ESP,SCG,8429
885914,77,189,1647,2001,1014813.0,0.0,1.653507,0.797582,FRA,SCG,8429
885915,81,189,1647,2001,271673.0,0.0,1.976894,0.685435,GBR,SCG,8429
885916,90,189,1647,2001,103747.0,0.0,0.31387600000000004,1.3614600000000001,GRC,SCG,8429
885917,100,189,1647,2001,44664.0,0.0,0.544596,0.969535,HRV,SCG,8429
885918,102,189,1647,2001,44240.0,2442.0,1.102262,1.138016,HUN,SCG,8429
885919,104,189,1647,2001,3340.0,0.0,0.349744,2.665844,IND,SCG,8429
885920,111,189,1647,2001,3156910.0,200945.0,1.389926,1.282143,ITA,SCG,8429
885921,114,189,1647,2001,18385.0,0.0,2.585857,0.522663,JPN,SCG,8429
885922,121,189,1647,2001,55833.0,0.0,1.145797,1.0762399999999999,KOR,SCG,8429
885923,140,189,1647,2001,5096.0,236601.0,0.033097,0.43516499999999997,MKD,SCG,8429
885924,159,189,1647,2001,0.0,6991.0,-1.966439,-1.2724520000000001,NGA,SCG,8429
885925,162,189,1647,2001,206891.0,0.0,1.315685,1.590935,NLD,SCG,8429
885926,166,189,1647,2001,11063.0,0.0,0.521409,0.683134,NZL,SCG,8429
885927,177,189,1647,2001,6907.0,0.0,0.9474540000000001,1.8408220000000002,POL,SCG,8429
885928,186,189,1647,2001,2953751.0,751743.0,0.945816,0.35027600000000003,RUS,SCG,8429
885929,206,189,1647,2001,13500.0,0.0,1.1732770000000001,1.088576,SVK,SCG,8429
885930,207,189,1647,2001,477373.0,32372.0,1.5074370000000001,1.1370040000000001,SVN,SCG,8429
885931,208,189,1647,2001,69360.0,2122.0,2.156845,0.784439,SWE,SCG,8429
885932,231,189,1647,2001,392032.0,0.0,1.873674,0.168468,USA,SCG,8429
885933,179,203,1647,2001,107761.0,0.0,0.482048,1.662123,PRT,STP,8429
885934,37,209,1647,2001,26892.0,0.0,-0.42690100000000003,-1.081372,BWA,SWZ,8429
885935,81,209,1647,2001,95952.0,0.0,1.976894,0.685435,GBR,SWZ,8429
885936,93,209,1647,2001,0.0,6242.0,-0.5089520000000001,0.216677,GTM,SWZ,8429
885937,147,209,1647,2001,0.0,6692.0,-1.2364879999999998,-1.136715,MOZ,SWZ,8429
885938,246,209,1647,2001,4843891.0,422314.0,0.356842,2.006155,ZAF,SWZ,8429
885939,7,226,1647,2001,363868.0,0.0,-0.193984,-0.457124,ARE,TZA,8429
885940,14,226,1647,2001,1277087.0,0.0,0.29463,0.772375,AUS,TZA,8429
885941,15,226,1647,2001,0.0,10350.0,1.8571650000000002,0.603191,AUT,TZA,8429
885942,18,226,1647,2001,1127472.0,0.0,1.4328370000000001,1.408495,BEL,TZA,8429
885943,23,226,1647,2001,3543.0,0.0,0.41425100000000004,1.639866,BGR,TZA,8429
885944,29,226,1647,2001,153090.0,0.0,-0.297981,-0.695022,BLZ,TZA,8429
885945,32,226,1647,2001,77838.0,0.0,0.672496,1.051848,BRA,TZA,8429
885946,39,226,1647,2001,124378.0,34594.0,0.971827,1.105171,CAN,TZA,8429
885947,41,226,1647,2001,12415.0,0.0,2.227246,0.553956,CHE,TZA,8429
885948,43,226,1647,2001,747495.0,0.0,0.525171,3.092963,CHN,TZA,8429
885949,61,226,1647,2001,1031945.0,0.0,2.321375,-2.1110990000000003,DEU,TZA,8429
885950,64,226,1647,2001,415345.0,0.0,1.261883,1.351875,DNK,TZA,8429
885951,68,226,1647,2001,1023.0,0.0,-0.373576,0.366385,EGY,TZA,8429
885952,73,226,1647,2001,0.0,22099.0,-0.999149,-0.904072,ETH,TZA,8429
885953,74,226,1647,2001,578951.0,0.0,2.069141,0.9375180000000001,FIN,TZA,8429
885954,77,226,1647,2001,1897939.0,0.0,1.653507,0.797582,FRA,TZA,8429
885955,81,226,1647,2001,453931.0,0.0,1.976894,0.685435,GBR,TZA,8429
885956,83,226,1647,2001,0.0,6479.0,-0.961067,-0.780449,GHA,TZA,8429
885957,104,226,1647,2001,301870.0,0.0,0.349744,2.665844,IND,TZA,8429
885958,111,226,1647,2001,831166.0,8873.0,1.389926,1.282143,ITA,TZA,8429
885959,114,226,1647,2001,4058230.0,0.0,2.585857,0.522663,JPN,TZA,8429
885960,116,226,1647,2001,670443.0,0.0,-0.529388,0.092271,KEN,TZA,8429
885961,121,226,1647,2001,3818.0,0.0,1.145797,1.0762399999999999,KOR,TZA,8429
885962,147,226,1647,2001,50836.0,0.0,-1.2364879999999998,-1.136715,MOZ,TZA,8429
885963,152,226,1647,2001,142136.0,0.0,-1.388716,-1.116315,MWI,TZA,8429
885964,162,226,1647,2001,265232.0,0.0,1.315685,1.590935,NLD,TZA,8429
885965,163,226,1647,2001,71749.0,0.0,0.974814,0.06512000000000001,NOR,TZA,8429
885966,167,226,1647,2001,49231.0,0.0,-0.909329,-1.189698,OMN,TZA,8429
885967,168,226,1647,2001,85120.0,0.0,-0.8376520000000001,-0.378743,PAK,TZA,8429
885968,187,226,1647,2001,37017.0,0.0,-1.260879,-0.861347,RWA,TZA,8429
885969,192,226,1647,2001,27506.0,0.0,1.364239,0.721074,SGP,TZA,8429
885970,208,226,1647,2001,86887.0,0.0,2.156845,0.784439,SWE,TZA,8429
885971,227,226,1647,2001,6399.0,321304.0,-0.9694860000000001,-0.840592,UGA,TZA,8429
885972,231,226,1647,2001,2921641.0,0.0,1.873674,0.168468,USA,TZA,8429
885973,246,226,1647,2001,1915305.0,0.0,0.356842,2.006155,ZAF,TZA,8429
885974,247,226,1647,2001,4777.0,0.0,-0.731193,-0.706978,ZMB,TZA,8429
885975,8,230,1647,2001,171028.0,0.0,0.287698,0.547137,ARG,URY,8429
885976,15,230,1647,2001,59782.0,0.0,1.8571650000000002,0.603191,AUT,URY,8429
885977,18,230,1647,2001,108780.0,0.0,1.4328370000000001,1.408495,BEL,URY,8429
885978,32,230,1647,2001,585695.0,68365.0,0.672496,1.051848,BRA,URY,8429
885979,39,230,1647,2001,1880.0,0.0,0.971827,1.105171,CAN,URY,8429
885980,41,230,1647,2001,81267.0,0.0,2.227246,0.553956,CHE,URY,8429
885981,61,230,1647,2001,173544.0,0.0,2.321375,-2.1110990000000003,DEU,URY,8429
885982,64,230,1647,2001,21994.0,0.0,1.261883,1.351875,DNK,URY,8429
885983,71,230,1647,2001,22631.0,0.0,1.079664,1.9842220000000002,ESP,URY,8429
885984,77,230,1647,2001,115878.0,0.0,1.653507,0.797582,FRA,URY,8429
885985,81,230,1647,2001,682309.0,0.0,1.976894,0.685435,GBR,URY,8429
885986,111,230,1647,2001,279092.0,0.0,1.389926,1.282143,ITA,URY,8429
885987,114,230,1647,2001,316396.0,0.0,2.585857,0.522663,JPN,URY,8429
885988,121,230,1647,2001,750904.0,0.0,1.145797,1.0762399999999999,KOR,URY,8429
885989,162,230,1647,2001,171841.0,0.0,1.315685,1.590935,NLD,URY,8429
885990,166,230,1647,2001,2639.0,0.0,0.521409,0.683134,NZL,URY,8429
885991,177,230,1647,2001,153673.0,0.0,0.9474540000000001,1.8408220000000002,POL,URY,8429
885992,178,230,1647,2001,80498.0,0.0,0.62773,1.010888,PRK,URY,8429
885993,208,230,1647,2001,3237.0,0.0,2.156845,0.784439,SWE,URY,8429
885994,231,230,1647,2001,1151959.0,0.0,1.873674,0.168468,USA,URY,8429
885995,14,248,1647,2001,0.0,6716.0,0.29463,0.772375,AUS,ZWE,8429
885996,18,248,1647,2001,186650.0,0.0,1.4328370000000001,1.408495,BEL,ZWE,8429
885997,32,248,1647,2001,97255.0,0.0,0.672496,1.051848,BRA,ZWE,8429
885998,37,248,1647,2001,0.0,31836.0,-0.42690100000000003,-1.081372,BWA,ZWE,8429
885999,39,248,1647,2001,28704.0,0.0,0.971827,1.105171,CAN,ZWE,8429
886000,43,248,1647,2001,3794680.0,0.0,0.525171,3.092963,CHN,ZWE,8429
886001,47,248,1647,2001,234505.0,0.0,-1.482788,-1.172,COG,ZWE,8429
886002,61,248,1647,2001,203613.0,0.0,2.321375,-2.1110990000000003,DEU,ZWE,8429
886003,77,248,1647,2001,44590.0,0.0,1.653507,0.797582,FRA,ZWE,8429
886004,81,248,1647,2001,824137.0,0.0,1.976894,0.685435,GBR,ZWE,8429
886005,111,248,1647,2001,217947.0,0.0,1.389926,1.282143,ITA,ZWE,8429
886006,114,248,1647,2001,252568.0,0.0,2.585857,0.522663,JPN,ZWE,8429
886007,147,248,1647,2001,102024.0,14585.0,-1.2364879999999998,-1.136715,MOZ,ZWE,8429
886008,152,248,1647,2001,31991.0,171880.0,-1.388716,-1.116315,MWI,ZWE,8429
886009,162,248,1647,2001,815.0,0.0,1.315685,1.590935,NLD,ZWE,8429
886010,163,248,1647,2001,71368.0,0.0,0.974814,0.06512000000000001,NOR,ZWE,8429
886011,231,248,1647,2001,466473.0,0.0,1.873674,0.168468,USA,ZWE,8429
886012,246,248,1647,2001,2768084.0,488498.0,0.356842,2.006155,ZAF,ZWE,8429
886013,247,248,1647,2001,288118.0,116731.0,-0.731193,-0.706978,ZMB,ZWE,8429
886014,15,13,1647,2001,377894.0,0.0,1.8571650000000002,0.603191,AUT,ATG,8429
886015,81,13,1647,2001,100861.0,0.0,1.976894,0.685435,GBR,ATG,8429
886016,121,13,1647,2001,535087.0,0.0,1.145797,1.0762399999999999,KOR,ATG,8429
886017,231,13,1647,2001,820154.0,0.0,1.873674,0.168468,USA,ATG,8429
886018,15,120,1647,2001,234812.0,0.0,1.8571650000000002,0.603191,AUT,KNA,8429
886019,39,120,1647,2001,232709.0,0.0,0.971827,1.105171,CAN,KNA,8429
886020,61,120,1647,2001,83604.0,0.0,2.321375,-2.1110990000000003,DEU,KNA,8429
886021,81,120,1647,2001,161168.0,0.0,1.976894,0.685435,GBR,KNA,8429
886022,114,120,1647,2001,21054.0,0.0,2.585857,0.522663,JPN,KNA,8429
886023,222,120,1647,2001,10416.0,0.0,0.178256,-0.709126,TTO,KNA,8429
886024,231,120,1647,2001,177234.0,88703.0,1.873674,0.168468,USA,KNA,8429
886025,3,237,1647,2001,0.0,62725.0,1.1659469999999998,0.12369000000000001,AIA,VGB,8429
886026,71,237,1647,2001,7425.0,0.0,1.079664,1.9842220000000002,ESP,VGB,8429
886027,138,237,1647,2001,0.0,80568.0,0.797058,0.713234,MEX,VGB,8429
886028,222,237,1647,2001,138244.0,0.0,0.178256,-0.709126,TTO,VGB,8429
886029,231,237,1647,2001,795261.0,0.0,1.873674,0.168468,USA,VGB,8429
886030,14,7,1647,2001,2626542.0,0.0,0.29463,0.772375,AUS,ARE,8429
886031,18,7,1647,2001,18062534.0,0.0,1.4328370000000001,1.408495,BEL,ARE,8429
886032,24,7,1647,2001,28984.0,0.0,-0.11008399999999999,-1.053611,BHR,ARE,8429
886033,32,7,1647,2001,25234838.0,0.0,0.672496,1.051848,BRA,ARE,8429
886034,39,7,1647,2001,418510.0,0.0,0.971827,1.105171,CAN,ARE,8429
886035,41,7,1647,2001,158164.0,0.0,2.227246,0.553956,CHE,ARE,8429
886036,42,7,1647,2001,33447.0,0.0,-0.004658,-0.002548,CHL,ARE,8429
886037,43,7,1647,2001,389209.0,0.0,0.525171,3.092963,CHN,ARE,8429
886038,58,7,1647,2001,334959.0,0.0,0.381251,0.257802,CYP,ARE,8429
886039,61,7,1647,2001,14846919.0,0.0,2.321375,-2.1110990000000003,DEU,ARE,8429
886040,64,7,1647,2001,240106.0,0.0,1.261883,1.351875,DNK,ARE,8429
886041,68,7,1647,2001,223535.0,404624.0,-0.373576,0.366385,EGY,ARE,8429
886042,71,7,1647,2001,90229.0,0.0,1.079664,1.9842220000000002,ESP,ARE,8429
886043,73,7,1647,2001,0.0,354357.0,-0.999149,-0.904072,ETH,ARE,8429
886044,77,7,1647,2001,3604448.0,0.0,1.653507,0.797582,FRA,ARE,8429
886045,81,7,1647,2001,7936724.0,32962.0,1.976894,0.685435,GBR,ARE,8429
886046,82,7,1647,2001,421300.0,0.0,0.585568,-0.047744999999999996,GEO,ARE,8429
886047,85,7,1647,2001,0.0,9726.0,-1.5380340000000001,-1.200083,GIN,ARE,8429
886048,90,7,1647,2001,0.0,4408.0,0.31387600000000004,1.3614600000000001,GRC,ARE,8429
886049,97,7,1647,2001,126146.0,0.0,0.521528,2.3025,HKG,ARE,8429
886050,103,7,1647,2001,396693.0,0.0,-0.167771,1.6587889999999998,IDN,ARE,8429
886051,104,7,1647,2001,301870.0,429185.0,0.349744,2.665844,IND,ARE,8429
886052,107,7,1647,2001,466151.0,4998710.0,-0.7732479999999999,-0.8979370000000001,IRN,ARE,8429
886053,111,7,1647,2001,9741286.0,0.0,1.389926,1.282143,ITA,ARE,8429
886054,114,7,1647,2001,75409381.0,0.0,2.585857,0.522663,JPN,ARE,8429
886055,115,7,1647,2001,0.0,944254.0,0.009714,-0.525899,KAZ,ARE,8429
886056,116,7,1647,2001,0.0,83206.0,-0.529388,0.092271,KEN,ARE,8429
886057,121,7,1647,2001,6114349.0,0.0,1.145797,1.0762399999999999,KOR,ARE,8429
886058,122,7,1647,2001,145532.0,0.0,-0.8197,-1.183758,KWT,ARE,8429
886059,124,7,1647,2001,64907.0,0.0,0.165355,0.988008,LBN,ARE,8429
886060,128,7,1647,2001,69329.0,76287.0,-0.722434,-0.033818,LKA,ARE,8429
886061,151,7,1647,2001,169037.0,0.0,-0.410422,-0.5868369999999999,MUS,ARE,8429
886062,153,7,1647,2001,509173.0,12655.0,0.768174,0.307033,MYS,ARE,8429
886063,159,7,1647,2001,0.0,1740204.0,-1.966439,-1.2724520000000001,NGA,ARE,8429
886064,162,7,1647,2001,9589674.0,0.0,1.315685,1.590935,NLD,ARE,8429
886065,163,7,1647,2001,664411.0,0.0,0.974814,0.06512000000000001,NOR,ARE,8429
886066,167,7,1647,2001,144409.0,7693888.0,-0.909329,-1.189698,OMN,ARE,8429
886067,174,7,1647,2001,1418363.0,40735.0,-0.028201,-0.112349,PHL,ARE,8429
886068,177,7,1647,2001,1964526.0,0.0,0.9474540000000001,1.8408220000000002,POL,ARE,8429
886069,187,7,1647,2001,0.0,1085.0,-1.260879,-0.861347,RWA,ARE,8429
886070,188,7,1647,2001,2639143.0,41452.0,0.5370550000000001,-0.793469,SAU,ARE,8429
886071,190,7,1647,2001,0.0,262623.0,-1.6325180000000001,-1.263267,SDN,ARE,8429
886072,192,7,1647,2001,8381623.0,0.0,1.364239,0.721074,SGP,ARE,8429
886073,208,7,1647,2001,1570127.0,0.0,2.156845,0.784439,SWE,ARE,8429
886074,216,7,1647,2001,3227860.0,68294.0,0.37555900000000003,1.498267,THA,ARE,8429
886075,224,7,1647,2001,2210623.0,358262.0,0.188773,1.91451,TUR,ARE,8429
886076,226,7,1647,2001,0.0,363868.0,-1.193991,-0.49282200000000004,TZA,ARE,8429
886077,227,7,1647,2001,0.0,12759.0,-0.9694860000000001,-0.840592,UGA,ARE,8429
886078,228,7,1647,2001,0.0,217187.0,0.8376969999999999,0.989059,UKR,ARE,8429
886079,231,7,1647,2001,16429013.0,0.0,1.873674,0.168468,USA,ARE,8429
886080,246,7,1647,2001,1522798.0,0.0,0.356842,2.006155,ZAF,ARE,8429
886081,7,58,1647,2001,0.0,334959.0,-0.193984,-0.457124,ARE,CYP,8429
886082,18,58,1647,2001,1026729.0,42844.0,1.4328370000000001,1.408495,BEL,CYP,8429
886083,32,58,1647,2001,726052.0,0.0,0.672496,1.051848,BRA,CYP,8429
886084,41,58,1647,2001,2381.0,0.0,2.227246,0.553956,CHE,CYP,8429
886085,43,58,1647,2001,1255.0,0.0,0.525171,3.092963,CHN,CYP,8429
886086,59,58,1647,2001,3200.0,0.0,1.485703,1.109305,CZE,CYP,8429
886087,61,58,1647,2001,1300501.0,0.0,2.321375,-2.1110990000000003,DEU,CYP,8429
886088,64,58,1647,2001,80227.0,0.0,1.261883,1.351875,DNK,CYP,8429
886089,68,58,1647,2001,81450.0,12200.0,-0.373576,0.366385,EGY,CYP,8429
886090,71,58,1647,2001,25752.0,0.0,1.079664,1.9842220000000002,ESP,CYP,8429
886091,77,58,1647,2001,912357.0,210143.0,1.653507,0.797582,FRA,CYP,8429
886092,81,58,1647,2001,2897570.0,278701.0,1.976894,0.685435,GBR,CYP,8429
886093,90,58,1647,2001,5568131.0,96553.0,0.31387600000000004,1.3614600000000001,GRC,CYP,8429
886094,102,58,1647,2001,11634.0,0.0,1.102262,1.138016,HUN,CYP,8429
886095,106,58,1647,2001,80477.0,0.0,1.664233,0.129983,IRL,CYP,8429
886096,111,58,1647,2001,1062471.0,0.0,1.389926,1.282143,ITA,CYP,8429
886097,114,58,1647,2001,58883.0,0.0,2.585857,0.522663,JPN,CYP,8429
886098,121,58,1647,2001,84706.0,0.0,1.145797,1.0762399999999999,KOR,CYP,8429
886099,124,58,1647,2001,33769.0,143165.0,0.165355,0.988008,LBN,CYP,8429
886100,126,58,1647,2001,0.0,623905.0,-0.9321459999999999,-1.198124,LBY,CYP,8429
886101,162,58,1647,2001,1071269.0,2051.0,1.315685,1.590935,NLD,CYP,8429
886102,163,58,1647,2001,102392.0,0.0,0.974814,0.06512000000000001,NOR,CYP,8429
886103,183,58,1647,2001,1554.0,0.0,-0.46564799999999995,-1.127634,QAT,CYP,8429
886104,185,58,1647,2001,4743.0,0.0,0.326733,1.005332,ROU,CYP,8429
886105,188,58,1647,2001,0.0,188516.0,0.5370550000000001,-0.793469,SAU,CYP,8429
886106,189,58,1647,2001,0.0,2783.0,0.45280200000000004,2.469852,SCG,CYP,8429
886107,207,58,1647,2001,752.0,0.0,1.5074370000000001,1.1370040000000001,SVN,CYP,8429
886108,208,58,1647,2001,159645.0,0.0,2.156845,0.784439,SWE,CYP,8429
886109,212,58,1647,2001,0.0,5610.0,-1.057217,-0.716331,SYR,CYP,8429
886110,224,58,1647,2001,175825.0,51066.0,0.188773,1.91451,TUR,CYP,8429
886111,231,58,1647,2001,955176.0,0.0,1.873674,0.168468,USA,CYP,8429
886112,15,66,1647,2001,1859658.0,0.0,1.8571650000000002,0.603191,AUT,DZA,8429
886113,18,66,1647,2001,1203010.0,0.0,1.4328370000000001,1.408495,BEL,DZA,8429
886114,32,66,1647,2001,1228971.0,0.0,0.672496,1.051848,BRA,DZA,8429
886115,39,66,1647,2001,35624.0,0.0,0.971827,1.105171,CAN,DZA,8429
886116,41,66,1647,2001,159581.0,0.0,2.227246,0.553956,CHE,DZA,8429
886117,43,66,1647,2001,902157.0,0.0,0.525171,3.092963,CHN,DZA,8429
886118,59,66,1647,2001,44318.0,0.0,1.485703,1.109305,CZE,DZA,8429
886119,61,66,1647,2001,2398375.0,0.0,2.321375,-2.1110990000000003,DEU,DZA,8429
886120,71,66,1647,2001,425751.0,0.0,1.079664,1.9842220000000002,ESP,DZA,8429
886121,77,66,1647,2001,22806704.0,0.0,1.653507,0.797582,FRA,DZA,8429
886122,81,66,1647,2001,1954396.0,0.0,1.976894,0.685435,GBR,DZA,8429
886123,111,66,1647,2001,5291790.0,114048.0,1.389926,1.282143,ITA,DZA,8429
886124,114,66,1647,2001,8402757.0,0.0,2.585857,0.522663,JPN,DZA,8429
886125,121,66,1647,2001,310695.0,0.0,1.145797,1.0762399999999999,KOR,DZA,8429
886126,162,66,1647,2001,630947.0,0.0,1.315685,1.590935,NLD,DZA,8429
886127,179,66,1647,2001,147321.0,0.0,0.482048,1.662123,PRT,DZA,8429
886128,186,66,1647,2001,1170770.0,0.0,0.945816,0.35027600000000003,RUS,DZA,8429
886129,192,66,1647,2001,47633.0,0.0,1.364239,0.721074,SGP,DZA,8429
886130,208,66,1647,2001,142253.0,0.0,2.156845,0.784439,SWE,DZA,8429
886131,231,66,1647,2001,7377722.0,0.0,1.873674,0.168468,USA,DZA,8429
886132,250,66,1647,2001,39164.0,0.0,1.096023,-0.33562600000000004,ANS,DZA,8429
886133,15,100,1647,2001,12189403.0,403668.0,1.8571650000000002,0.603191,AUT,HRV,8429
886134,18,100,1647,2001,1082589.0,3993834.0,1.4328370000000001,1.408495,BEL,HRV,8429
886135,26,100,1647,2001,177068.0,788406.0,0.238083,0.362643,BIH,HRV,8429
886136,39,100,1647,2001,50958.0,0.0,0.971827,1.105171,CAN,HRV,8429
886137,41,100,1647,2001,176551.0,0.0,2.227246,0.553956,CHE,HRV,8429
886138,59,100,1647,2001,14088.0,884.0,1.485703,1.109305,CZE,HRV,8429
886139,61,100,1647,2001,6615621.0,504550.0,2.321375,-2.1110990000000003,DEU,HRV,8429
886140,64,100,1647,2001,12184.0,0.0,1.261883,1.351875,DNK,HRV,8429
886141,77,100,1647,2001,835738.0,473605.0,1.653507,0.797582,FRA,HRV,8429
886142,81,100,1647,2001,3479084.0,0.0,1.976894,0.685435,GBR,HRV,8429
886143,102,100,1647,2001,0.0,8569.0,1.102262,1.138016,HUN,HRV,8429
886144,111,100,1647,2001,4831275.0,126470.0,1.389926,1.282143,ITA,HRV,8429
886145,114,100,1647,2001,170975.0,0.0,2.585857,0.522663,JPN,HRV,8429
886146,121,100,1647,2001,71674.0,0.0,1.145797,1.0762399999999999,KOR,HRV,8429
886147,140,100,1647,2001,0.0,1530.0,0.033097,0.43516499999999997,MKD,HRV,8429
886148,162,100,1647,2001,364269.0,4131.0,1.315685,1.590935,NLD,HRV,8429
886149,163,100,1647,2001,9751.0,0.0,0.974814,0.06512000000000001,NOR,HRV,8429
886150,177,100,1647,2001,16552.0,0.0,0.9474540000000001,1.8408220000000002,POL,HRV,8429
886151,189,100,1647,2001,0.0,44664.0,0.45280200000000004,2.469852,SCG,HRV,8429
886152,206,100,1647,2001,14339.0,0.0,1.1732770000000001,1.088576,SVK,HRV,8429
886153,207,100,1647,2001,456355.0,107433.0,1.5074370000000001,1.1370040000000001,SVN,HRV,8429
886154,208,100,1647,2001,538196.0,0.0,2.156845,0.784439,SWE,HRV,8429
886155,231,100,1647,2001,3685249.0,0.0,1.873674,0.168468,USA,HRV,8429
886156,7,122,1647,2001,0.0,145532.0,-0.193984,-0.457124,ARE,KWT,8429
886157,15,122,1647,2001,320688.0,0.0,1.8571650000000002,0.603191,AUT,KWT,8429
886158,18,122,1647,2001,359324.0,0.0,1.4328370000000001,1.408495,BEL,KWT,8429
886159,32,122,1647,2001,131238.0,0.0,0.672496,1.051848,BRA,KWT,8429
886160,43,122,1647,2001,37618.0,0.0,0.525171,3.092963,CHN,KWT,8429
886161,61,122,1647,2001,798889.0,0.0,2.321375,-2.1110990000000003,DEU,KWT,8429
886162,68,122,1647,2001,0.0,22458.0,-0.373576,0.366385,EGY,KWT,8429
886163,77,122,1647,2001,35335.0,0.0,1.653507,0.797582,FRA,KWT,8429
886164,81,122,1647,2001,3241584.0,0.0,1.976894,0.685435,GBR,KWT,8429
886165,107,122,1647,2001,245105.0,183493.0,-0.7732479999999999,-0.8979370000000001,IRN,KWT,8429
886166,111,122,1647,2001,110079.0,0.0,1.389926,1.282143,ITA,KWT,8429
886167,114,122,1647,2001,3377883.0,0.0,2.585857,0.522663,JPN,KWT,8429
886168,121,122,1647,2001,67816.0,0.0,1.145797,1.0762399999999999,KOR,KWT,8429
886169,153,122,1647,2001,6099.0,0.0,0.768174,0.307033,MYS,KWT,8429
886170,162,122,1647,2001,2607182.0,0.0,1.315685,1.590935,NLD,KWT,8429
886171,167,122,1647,2001,0.0,77546.0,-0.909329,-1.189698,OMN,KWT,8429
886172,183,122,1647,2001,0.0,10870.0,-0.46564799999999995,-1.127634,QAT,KWT,8429
886173,186,122,1647,2001,91374.0,0.0,0.945816,0.35027600000000003,RUS,KWT,8429
886174,188,122,1647,2001,51181.0,311712.0,0.5370550000000001,-0.793469,SAU,KWT,8429
886175,192,122,1647,2001,66993.0,0.0,1.364239,0.721074,SGP,KWT,8429
886176,208,122,1647,2001,68808.0,0.0,2.156845,0.784439,SWE,KWT,8429
886177,212,122,1647,2001,0.0,13005.0,-1.057217,-0.716331,SYR,KWT,8429
886178,216,122,1647,2001,60020.0,0.0,0.37555900000000003,1.498267,THA,KWT,8429
886179,231,122,1647,2001,2083178.0,0.0,1.873674,0.168468,USA,KWT,8429
886180,4,140,1647,2001,1008838.0,192000.0,-0.054125,0.104298,ALB,MKD,8429
886181,15,140,1647,2001,217593.0,0.0,1.8571650000000002,0.603191,AUT,MKD,8429
886182,18,140,1647,2001,46278.0,0.0,1.4328370000000001,1.408495,BEL,MKD,8429
886183,23,140,1647,2001,9592.0,0.0,0.41425100000000004,1.639866,BGR,MKD,8429
886184,28,140,1647,2001,20840.0,0.0,0.804404,0.936773,BLR,MKD,8429
886185,41,140,1647,2001,143609.0,0.0,2.227246,0.553956,CHE,MKD,8429
886186,59,140,1647,2001,51639.0,0.0,1.485703,1.109305,CZE,MKD,8429
886187,61,140,1647,2001,1005782.0,0.0,2.321375,-2.1110990000000003,DEU,MKD,8429
886188,77,140,1647,2001,5463.0,0.0,1.653507,0.797582,FRA,MKD,8429
886189,81,140,1647,2001,110866.0,0.0,1.976894,0.685435,GBR,MKD,8429
886190,90,140,1647,2001,1796887.0,622331.0,0.31387600000000004,1.3614600000000001,GRC,MKD,8429
886191,100,140,1647,2001,1530.0,0.0,0.544596,0.969535,HRV,MKD,8429
886192,111,140,1647,2001,441416.0,0.0,1.389926,1.282143,ITA,MKD,8429
886193,114,140,1647,2001,1487269.0,0.0,2.585857,0.522663,JPN,MKD,8429
886194,162,140,1647,2001,54715.0,0.0,1.315685,1.590935,NLD,MKD,8429
886195,177,140,1647,2001,318631.0,0.0,0.9474540000000001,1.8408220000000002,POL,MKD,8429
886196,189,140,1647,2001,236601.0,5096.0,0.45280200000000004,2.469852,SCG,MKD,8429
886197,207,140,1647,2001,4821.0,0.0,1.5074370000000001,1.1370040000000001,SVN,MKD,8429
886198,208,140,1647,2001,105907.0,0.0,2.156845,0.784439,SWE,MKD,8429
886199,224,140,1647,2001,0.0,14408.0,0.188773,1.91451,TUR,MKD,8429
886200,228,140,1647,2001,162384.0,0.0,0.8376969999999999,0.989059,UKR,MKD,8429
886201,231,140,1647,2001,186335.0,0.0,1.873674,0.168468,USA,MKD,8429
886202,15,178,1647,2001,261212.0,0.0,1.8571650000000002,0.603191,AUT,PRK,8429
886203,22,178,1647,2001,0.0,20731.0,-1.0406739999999999,-1.010108,BGD,PRK,8429
886204,43,178,1647,2001,730755.0,0.0,0.525171,3.092963,CHN,PRK,8429
886205,54,178,1647,2001,0.0,112797.0,-0.443391,-0.9599030000000001,CUB,PRK,8429
886206,61,178,1647,2001,677000.0,32056.0,2.321375,-2.1110990000000003,DEU,PRK,8429
886207,65,178,1647,2001,0.0,355413.0,-0.538419,-0.48773900000000003,DOM,PRK,8429
886208,93,178,1647,2001,0.0,125797.0,-0.5089520000000001,0.216677,GTM,PRK,8429
886209,114,178,1647,2001,303809.0,0.0,2.585857,0.522663,JPN,PRK,8429
886210,136,178,1647,2001,0.0,108771.0,-1.247531,-0.637093,MDG,PRK,8429
886211,138,178,1647,2001,0.0,49356.0,0.797058,0.713234,MEX,PRK,8429
886212,162,178,1647,2001,52058.0,0.0,1.315685,1.590935,NLD,PRK,8429
886213,177,178,1647,2001,0.0,49109.0,0.9474540000000001,1.8408220000000002,POL,PRK,8429
886214,186,178,1647,2001,128271.0,195805.0,0.945816,0.35027600000000003,RUS,PRK,8429
886215,190,178,1647,2001,0.0,170874.0,-1.6325180000000001,-1.263267,SDN,PRK,8429
886216,205,178,1647,2001,0.0,291983.0,-0.650556,-0.801128,SUR,PRK,8429
886217,206,178,1647,2001,355846.0,0.0,1.1732770000000001,1.088576,SVK,PRK,8429
886218,216,178,1647,2001,78218.0,0.0,0.37555900000000003,1.498267,THA,PRK,8429
886219,230,178,1647,2001,0.0,80498.0,0.36029,0.298869,URY,PRK,8429
886220,15,207,1647,2001,6047989.0,182757.0,1.8571650000000002,0.603191,AUT,SVN,8429
886221,18,207,1647,2001,890121.0,0.0,1.4328370000000001,1.408495,BEL,SVN,8429
886222,26,207,1647,2001,143271.0,611869.0,0.238083,0.362643,BIH,SVN,8429
886223,39,207,1647,2001,65067.0,0.0,0.971827,1.105171,CAN,SVN,8429
886224,41,207,1647,2001,595513.0,0.0,2.227246,0.553956,CHE,SVN,8429
886225,43,207,1647,2001,13097.0,0.0,0.525171,3.092963,CHN,SVN,8429
886226,58,207,1647,2001,0.0,752.0,0.381251,0.257802,CYP,SVN,8429
886227,59,207,1647,2001,344278.0,5319.0,1.485703,1.109305,CZE,SVN,8429
886228,61,207,1647,2001,3377682.0,54986.0,2.321375,-2.1110990000000003,DEU,SVN,8429
886229,64,207,1647,2001,1464.0,0.0,1.261883,1.351875,DNK,SVN,8429
886230,68,207,1647,2001,0.0,8195.0,-0.373576,0.366385,EGY,SVN,8429
886231,77,207,1647,2001,639155.0,0.0,1.653507,0.797582,FRA,SVN,8429
886232,81,207,1647,2001,2304268.0,2016.0,1.976894,0.685435,GBR,SVN,8429
886233,100,207,1647,2001,107433.0,456355.0,0.544596,0.969535,HRV,SVN,8429
886234,102,207,1647,2001,52129.0,41038.0,1.102262,1.138016,HUN,SVN,8429
886235,111,207,1647,2001,3829252.0,253614.0,1.389926,1.282143,ITA,SVN,8429
886236,114,207,1647,2001,636741.0,0.0,2.585857,0.522663,JPN,SVN,8429
886237,121,207,1647,2001,227700.0,0.0,1.145797,1.0762399999999999,KOR,SVN,8429
886238,132,207,1647,2001,0.0,19722.0,0.404136,0.461009,LVA,SVN,8429
886239,140,207,1647,2001,0.0,4821.0,0.033097,0.43516499999999997,MKD,SVN,8429
886240,162,207,1647,2001,126369.0,0.0,1.315685,1.590935,NLD,SVN,8429
886241,163,207,1647,2001,10921.0,0.0,0.974814,0.06512000000000001,NOR,SVN,8429
886242,177,207,1647,2001,0.0,7840.0,0.9474540000000001,1.8408220000000002,POL,SVN,8429
886243,185,207,1647,2001,0.0,44093.0,0.326733,1.005332,ROU,SVN,8429
886244,186,207,1647,2001,0.0,20102.0,0.945816,0.35027600000000003,RUS,SVN,8429
886245,189,207,1647,2001,32372.0,477373.0,0.45280200000000004,2.469852,SCG,SVN,8429
886246,198,207,1647,2001,2315.0,0.0,1.40664,-0.034707999999999996,SMR,SVN,8429
886247,208,207,1647,2001,568352.0,0.0,2.156845,0.784439,SWE,SVN,8429
886248,231,207,1647,2001,891316.0,0.0,1.873674,0.168468,USA,SVN,8429
886249,15,212,1647,2001,491136.0,0.0,1.8571650000000002,0.603191,AUT,SYR,8429
886250,18,212,1647,2001,1485334.0,0.0,1.4328370000000001,1.408495,BEL,SYR,8429
886251,41,212,1647,2001,14056.0,0.0,2.227246,0.553956,CHE,SYR,8429
886252,58,212,1647,2001,5610.0,0.0,0.381251,0.257802,CYP,SYR,8429
886253,61,212,1647,2001,964466.0,0.0,2.321375,-2.1110990000000003,DEU,SYR,8429
886254,64,212,1647,2001,27970.0,0.0,1.261883,1.351875,DNK,SYR,8429
886255,71,212,1647,2001,20932.0,0.0,1.079664,1.9842220000000002,ESP,SYR,8429
886256,77,212,1647,2001,658504.0,0.0,1.653507,0.797582,FRA,SYR,8429
886257,81,212,1647,2001,317126.0,0.0,1.976894,0.685435,GBR,SYR,8429
886258,104,212,1647,2001,389462.0,0.0,0.349744,2.665844,IND,SYR,8429
886259,107,212,1647,2001,1245574.0,0.0,-0.7732479999999999,-0.8979370000000001,IRN,SYR,8429
886260,111,212,1647,2001,1645769.0,0.0,1.389926,1.282143,ITA,SYR,8429
886261,113,212,1647,2001,27842.0,0.0,0.375134,0.581558,JOR,SYR,8429
886262,114,212,1647,2001,20668427.0,0.0,2.585857,0.522663,JPN,SYR,8429
886263,121,212,1647,2001,1392286.0,0.0,1.145797,1.0762399999999999,KOR,SYR,8429
886264,122,212,1647,2001,13005.0,0.0,-0.8197,-1.183758,KWT,SYR,8429
886265,153,212,1647,2001,3078.0,0.0,0.768174,0.307033,MYS,SYR,8429
886266,162,212,1647,2001,748013.0,0.0,1.315685,1.590935,NLD,SYR,8429
886267,163,212,1647,2001,44020.0,0.0,0.974814,0.06512000000000001,NOR,SYR,8429
886268,188,212,1647,2001,394893.0,0.0,0.5370550000000001,-0.793469,SAU,SYR,8429
886269,208,212,1647,2001,12756.0,0.0,2.156845,0.784439,SWE,SYR,8429
886270,224,212,1647,2001,218839.0,0.0,0.188773,1.91451,TUR,SYR,8429
886271,231,212,1647,2001,166287.0,0.0,1.873674,0.168468,USA,SYR,8429
886272,28,219,1647,2001,23218.0,0.0,0.804404,0.936773,BLR,TKM,8429
886273,43,219,1647,2001,132592.0,0.0,0.525171,3.092963,CHN,TKM,8429
886274,61,219,1647,2001,17000.0,0.0,2.321375,-2.1110990000000003,DEU,TKM,8429
886275,77,219,1647,2001,196230.0,0.0,1.653507,0.797582,FRA,TKM,8429
886276,107,219,1647,2001,919188.0,0.0,-0.7732479999999999,-0.8979370000000001,IRN,TKM,8429
886277,111,219,1647,2001,2979512.0,0.0,1.389926,1.282143,ITA,TKM,8429
886278,114,219,1647,2001,17458949.0,0.0,2.585857,0.522663,JPN,TKM,8429
886279,115,219,1647,2001,47071.0,12103.0,0.009714,-0.525899,KAZ,TKM,8429
886280,186,219,1647,2001,1212868.0,0.0,0.945816,0.35027600000000003,RUS,TKM,8429
886281,224,219,1647,2001,313812.0,177670.0,0.188773,1.91451,TUR,TKM,8429
886282,228,219,1647,2001,108041.0,0.0,0.8376969999999999,0.989059,UKR,TKM,8429
886283,18,232,1647,2001,280261.0,0.0,1.4328370000000001,1.408495,BEL,UZB,8429
886284,43,232,1647,2001,187605.0,0.0,0.525171,3.092963,CHN,UZB,8429
886285,61,232,1647,2001,825000.0,0.0,2.321375,-2.1110990000000003,DEU,UZB,8429
886286,74,232,1647,2001,563770.0,0.0,2.069141,0.9375180000000001,FIN,UZB,8429
886287,77,232,1647,2001,114644.0,0.0,1.653507,0.797582,FRA,UZB,8429
886288,115,232,1647,2001,0.0,4802.0,0.009714,-0.525899,KAZ,UZB,8429
886289,177,232,1647,2001,614000.0,0.0,0.9474540000000001,1.8408220000000002,POL,UZB,8429
886290,186,232,1647,2001,6709466.0,32804.0,0.945816,0.35027600000000003,RUS,UZB,8429
886291,224,232,1647,2001,0.0,154517.0,0.188773,1.91451,TUR,UZB,8429
886292,228,232,1647,2001,146692.0,0.0,0.8376969999999999,0.989059,UKR,UZB,8429
886293,231,232,1647,2001,478393.0,0.0,1.873674,0.168468,USA,UZB,8429
886294,43,133,1647,2001,0.0,5699.0,0.525171,3.092963,CHN,MAC,8429
886295,61,133,1647,2001,43126.0,0.0,2.321375,-2.1110990000000003,DEU,MAC,8429
886296,74,133,1647,2001,32330.0,0.0,2.069141,0.9375180000000001,FIN,MAC,8429
886297,81,133,1647,2001,193418.0,0.0,1.976894,0.685435,GBR,MAC,8429
886298,97,133,1647,2001,3364312.0,165198.0,0.521528,2.3025,HKG,MAC,8429
886299,114,133,1647,2001,102120.0,0.0,2.585857,0.522663,JPN,MAC,8429
886300,231,133,1647,2001,28935.0,0.0,1.873674,0.168468,USA,MAC,8429
886301,18,168,1647,2001,16973.0,0.0,1.4328370000000001,1.408495,BEL,PAK,8429
886302,61,168,1647,2001,247000.0,0.0,2.321375,-2.1110990000000003,DEU,PAK,8429
886303,64,168,1647,2001,46492.0,0.0,1.261883,1.351875,DNK,PAK,8429
886304,81,168,1647,2001,26514.0,0.0,1.976894,0.685435,GBR,PAK,8429
886305,104,168,1647,2001,4961.0,0.0,0.349744,2.665844,IND,PAK,8429
886306,111,168,1647,2001,80452.0,0.0,1.389926,1.282143,ITA,PAK,8429
886307,114,168,1647,2001,422365.0,0.0,2.585857,0.522663,JPN,PAK,8429
886308,121,168,1647,2001,42118.0,0.0,1.145797,1.0762399999999999,KOR,PAK,8429
886309,162,168,1647,2001,205220.0,0.0,1.315685,1.590935,NLD,PAK,8429
886310,183,168,1647,2001,0.0,62901.0,-0.46564799999999995,-1.127634,QAT,PAK,8429
886311,192,168,1647,2001,407326.0,0.0,1.364239,0.721074,SGP,PAK,8429
886312,208,168,1647,2001,950970.0,0.0,2.156845,0.784439,SWE,PAK,8429
886313,224,168,1647,2001,397205.0,0.0,0.188773,1.91451,TUR,PAK,8429
886314,226,168,1647,2001,0.0,85120.0,-1.193991,-0.49282200000000004,TZA,PAK,8429
886315,231,168,1647,2001,205309.0,0.0,1.873674,0.168468,USA,PAK,8429
886316,7,227,1647,2001,12759.0,0.0,-0.193984,-0.457124,ARE,UGA,8429
886317,18,227,1647,2001,583712.0,0.0,1.4328370000000001,1.408495,BEL,UGA,8429
886318,32,227,1647,2001,59765.0,0.0,0.672496,1.051848,BRA,UGA,8429
886319,39,227,1647,2001,4229.0,0.0,0.971827,1.105171,CAN,UGA,8429
886320,41,227,1647,2001,15538.0,0.0,2.227246,0.553956,CHE,UGA,8429
886321,43,227,1647,2001,19568.0,0.0,0.525171,3.092963,CHN,UGA,8429
886322,61,227,1647,2001,248022.0,0.0,2.321375,-2.1110990000000003,DEU,UGA,8429
886323,68,227,1647,2001,209028.0,0.0,-0.373576,0.366385,EGY,UGA,8429
886324,81,227,1647,2001,395797.0,0.0,1.976894,0.685435,GBR,UGA,8429
886325,104,227,1647,2001,30530.0,0.0,0.349744,2.665844,IND,UGA,8429
886326,111,227,1647,2001,177062.0,0.0,1.389926,1.282143,ITA,UGA,8429
886327,114,227,1647,2001,147537.0,0.0,2.585857,0.522663,JPN,UGA,8429
886328,116,227,1647,2001,90603.0,96334.0,-0.529388,0.092271,KEN,UGA,8429
886329,162,227,1647,2001,68228.0,0.0,1.315685,1.590935,NLD,UGA,8429
886330,186,227,1647,2001,73263.0,0.0,0.945816,0.35027600000000003,RUS,UGA,8429
886331,187,227,1647,2001,1350.0,0.0,-1.260879,-0.861347,RWA,UGA,8429
886332,226,227,1647,2001,321304.0,6399.0,-1.193991,-0.49282200000000004,TZA,UGA,8429
886333,231,227,1647,2001,144324.0,22190.0,1.873674,0.168468,USA,UGA,8429
886334,246,227,1647,2001,198496.0,45001.0,0.356842,2.006155,ZAF,UGA,8429
886335,8,250,1647,2001,0.0,44057.0,0.287698,0.547137,ARG,ANS,8429
886336,14,250,1647,2001,0.0,3181669.0,0.29463,0.772375,AUS,ANS,8429
886337,31,250,1647,2001,533715.0,0.0,-0.680108,-0.678143,BOL,ANS,8429
886338,37,250,1647,2001,0.0,140182.0,-0.42690100000000003,-1.081372,BWA,ANS,8429
886339,38,250,1647,2001,46931.0,178533.0,-0.682897,-0.8083140000000001,CAF,ANS,8429
886340,42,250,1647,2001,518585.0,0.0,-0.004658,-0.002548,CHL,ANS,8429
886341,45,250,1647,2001,0.0,254832.0,-1.6254879999999998,-1.212513,CMR,ANS,8429
886342,54,250,1647,2001,0.0,296863.0,-0.443391,-0.9599030000000001,CUB,ANS,8429
886343,59,250,1647,2001,105306.0,201543.0,1.485703,1.109305,CZE,ANS,8429
886344,65,250,1647,2001,0.0,656338.0,-0.538419,-0.48773900000000003,DOM,ANS,8429
886345,66,250,1647,2001,0.0,39164.0,-0.663363,-1.158295,DZA,ANS,8429
886346,67,250,1647,2001,0.0,118956.0,-0.852642,-0.896374,ECU,ANS,8429
886347,68,250,1647,2001,0.0,786141.0,-0.373576,0.366385,EGY,ANS,8429
886348,72,250,1647,2001,585841.0,3810379.0,0.5746829999999999,0.9073899999999999,EST,ANS,8429
886349,77,250,1647,2001,0.0,69500.0,1.653507,0.797582,FRA,ANS,8429
886350,85,250,1647,2001,335468.0,0.0,-1.5380340000000001,-1.200083,GIN,ANS,8429
886351,92,250,1647,2001,0.0,1338794.0,0.199595,-0.73547,GRL,ANS,8429
886352,104,250,1647,2001,0.0,61452.0,0.349744,2.665844,IND,ANS,8429
886353,106,250,1647,2001,33884.0,16941.0,1.664233,0.129983,IRL,ANS,8429
886354,110,250,1647,2001,22000.0,0.0,1.374873,0.775594,ISR,ANS,8429
886355,111,250,1647,2001,1027.0,0.0,1.389926,1.282143,ITA,ANS,8429
886356,113,250,1647,2001,1173489.0,17913.0,0.375134,0.581558,JOR,ANS,8429
886357,116,250,1647,2001,0.0,32345.0,-0.529388,0.092271,KEN,ANS,8429
886358,118,250,1647,2001,0.0,49832.0,-1.231058,-1.154536,KHM,ANS,8429
886359,121,250,1647,2001,1693095.0,1196530.0,1.145797,1.0762399999999999,KOR,ANS,8429
886360,134,250,1647,2001,0.0,17170.0,-0.75275,-0.280397,MAR,ANS,8429
886361,136,250,1647,2001,0.0,17022.0,-1.247531,-0.637093,MDG,ANS,8429
886362,138,250,1647,2001,0.0,346537.0,0.797058,0.713234,MEX,ANS,8429
886363,147,250,1647,2001,90131.0,738587.0,-1.2364879999999998,-1.136715,MOZ,ANS,8429
886364,153,250,1647,2001,0.0,24871.0,0.768174,0.307033,MYS,ANS,8429
886365,160,250,1647,2001,43915.0,0.0,-0.8917430000000001,-0.713179,NIC,ANS,8429
886366,162,250,1647,2001,194145.0,0.0,1.315685,1.590935,NLD,ANS,8429
886367,169,250,1647,2001,0.0,391241.0,0.17588199999999998,0.422505,PAN,ANS,8429
886368,176,250,1647,2001,620766.0,0.0,-1.503929,-1.199463,PNG,ANS,8429
886369,185,250,1647,2001,0.0,37333.0,0.326733,1.005332,ROU,ANS,8429
886370,186,250,1647,2001,82069.0,24001.0,0.945816,0.35027600000000003,RUS,ANS,8429
886371,197,250,1647,2001,19.0,0.0,-0.181554,-0.031294,SLV,ANS,8429
886372,206,250,1647,2001,0.0,209527.0,1.1732770000000001,1.088576,SVK,ANS,8429
886373,215,250,1647,2001,5911.0,0.0,-0.758725,-0.577004,TGO,ANS,8429
886374,223,250,1647,2001,184643.0,0.0,-0.162152,0.23939699999999997,TUN,ANS,8429
886375,224,250,1647,2001,3085374.0,1582161.0,0.188773,1.91451,TUR,ANS,8429
886376,241,250,1647,2001,0.0,63045.0,0.934326,-0.724379,WLF,ANS,8429
886377,246,250,1647,2001,0.0,2419717.0,0.356842,2.006155,ZAF,ANS,8429
886378,121,0,1647,2001,33655.0,0.0,1.145797,1.0762399999999999,KOR,ABW,8429
886379,162,0,1647,2001,602329.0,0.0,1.315685,1.590935,NLD,ABW,8429
886380,174,0,1647,2001,19570.0,0.0,-0.028201,-0.112349,PHL,ABW,8429
886381,236,0,1647,2001,0.0,57029.0,0.261158,-0.7397,VEN,ABW,8429
886382,39,3,1647,2001,123170.0,0.0,0.971827,1.105171,CAN,AIA,8429
886383,77,3,1647,2001,0.0,10427.0,1.653507,0.797582,FRA,AIA,8429
886384,81,3,1647,2001,37889.0,0.0,1.976894,0.685435,GBR,AIA,8429
886385,231,3,1647,2001,154872.0,104946.0,1.873674,0.168468,USA,AIA,8429
886386,237,3,1647,2001,62725.0,0.0,0.759566,-0.16636099999999998,VGB,AIA,8429
886387,32,29,1647,2001,519649.0,0.0,0.672496,1.051848,BRA,BLZ,8429
886388,39,29,1647,2001,33426.0,0.0,0.971827,1.105171,CAN,BLZ,8429
886389,61,29,1647,2001,11900.0,0.0,2.321375,-2.1110990000000003,DEU,BLZ,8429
886390,81,29,1647,2001,331930.0,0.0,1.976894,0.685435,GBR,BLZ,8429
886391,93,29,1647,2001,0.0,11945.0,-0.5089520000000001,0.216677,GTM,BLZ,8429
886392,114,29,1647,2001,1775146.0,0.0,2.585857,0.522663,JPN,BLZ,8429
886393,138,29,1647,2001,23484.0,0.0,0.797058,0.713234,MEX,BLZ,8429
886394,169,29,1647,2001,44.0,0.0,0.17588199999999998,0.422505,PAN,BLZ,8429
886395,185,29,1647,2001,14446.0,0.0,0.326733,1.005332,ROU,BLZ,8429
886396,206,29,1647,2001,63196.0,0.0,1.1732770000000001,1.088576,SVK,BLZ,8429
886397,226,29,1647,2001,0.0,153090.0,-1.193991,-0.49282200000000004,TZA,BLZ,8429
886398,231,29,1647,2001,3271580.0,0.0,1.873674,0.168468,USA,BLZ,8429
886399,249,29,1647,2001,18168.0,0.0,1.5731700000000002,1.353159,TWN,BLZ,8429
886400,8,31,1647,2001,60975.0,14823.0,0.287698,0.547137,ARG,BOL,8429
886401,14,31,1647,2001,36265.0,0.0,0.29463,0.772375,AUS,BOL,8429
886402,18,31,1647,2001,306592.0,0.0,1.4328370000000001,1.408495,BEL,BOL,8429
886403,32,31,1647,2001,943176.0,1360012.0,0.672496,1.051848,BRA,BOL,8429
886404,39,31,1647,2001,220629.0,0.0,0.971827,1.105171,CAN,BOL,8429
886405,41,31,1647,2001,18487.0,0.0,2.227246,0.553956,CHE,BOL,8429
886406,42,31,1647,2001,288207.0,995928.0,-0.004658,-0.002548,CHL,BOL,8429
886407,49,31,1647,2001,42448.0,0.0,0.30412,0.395913,COL,BOL,8429
886408,61,31,1647,2001,123361.0,36092.0,2.321375,-2.1110990000000003,DEU,BOL,8429
886409,64,31,1647,2001,55316.0,0.0,1.261883,1.351875,DNK,BOL,8429
886410,67,31,1647,2001,0.0,406500.0,-0.852642,-0.896374,ECU,BOL,8429
886411,71,31,1647,2001,37705.0,0.0,1.079664,1.9842220000000002,ESP,BOL,8429
886412,77,31,1647,2001,159702.0,0.0,1.653507,0.797582,FRA,BOL,8429
886413,81,31,1647,2001,239779.0,0.0,1.976894,0.685435,GBR,BOL,8429
886414,111,31,1647,2001,46305.0,0.0,1.389926,1.282143,ITA,BOL,8429
886415,114,31,1647,2001,450196.0,0.0,2.585857,0.522663,JPN,BOL,8429
886416,121,31,1647,2001,106172.0,0.0,1.145797,1.0762399999999999,KOR,BOL,8429
886417,162,31,1647,2001,124351.0,0.0,1.315685,1.590935,NLD,BOL,8429
886418,163,31,1647,2001,29094.0,0.0,0.974814,0.06512000000000001,NOR,BOL,8429
886419,173,31,1647,2001,278651.0,90901.0,-0.345519,0.202623,PER,BOL,8429
886420,208,31,1647,2001,236549.0,0.0,2.156845,0.784439,SWE,BOL,8429
886421,231,31,1647,2001,1425143.0,14179.0,1.873674,0.168468,USA,BOL,8429
886422,250,31,1647,2001,0.0,533715.0,1.096023,-0.33562600000000004,ANS,BOL,8429
886423,7,73,1647,2001,354357.0,0.0,-0.193984,-0.457124,ARE,ETH,8429
886424,15,73,1647,2001,477854.0,450928.0,1.8571650000000002,0.603191,AUT,ETH,8429
886425,18,73,1647,2001,992607.0,0.0,1.4328370000000001,1.408495,BEL,ETH,8429
886426,32,73,1647,2001,4985665.0,0.0,0.672496,1.051848,BRA,ETH,8429
886427,39,73,1647,2001,416194.0,0.0,0.971827,1.105171,CAN,ETH,8429
886428,41,73,1647,2001,296769.0,0.0,2.227246,0.553956,CHE,ETH,8429
886429,43,73,1647,2001,1789893.0,0.0,0.525171,3.092963,CHN,ETH,8429
886430,61,73,1647,2001,1165775.0,0.0,2.321375,-2.1110990000000003,DEU,ETH,8429
886431,62,73,1647,2001,613147.0,0.0,0.143467,0.14288599999999999,DJI,ETH,8429
886432,77,73,1647,2001,258660.0,0.0,1.653507,0.797582,FRA,ETH,8429
886433,81,73,1647,2001,246282.0,0.0,1.976894,0.685435,GBR,ETH,8429
886434,90,73,1647,2001,47741.0,0.0,0.31387600000000004,1.3614600000000001,GRC,ETH,8429
886435,111,73,1647,2001,4179608.0,139427.0,1.389926,1.282143,ITA,ETH,8429
886436,114,73,1647,2001,1117364.0,0.0,2.585857,0.522663,JPN,ETH,8429
886437,121,73,1647,2001,544384.0,0.0,1.145797,1.0762399999999999,KOR,ETH,8429
886438,162,73,1647,2001,176248.0,0.0,1.315685,1.590935,NLD,ETH,8429
886439,177,73,1647,2001,707232.0,0.0,0.9474540000000001,1.8408220000000002,POL,ETH,8429
886440,187,73,1647,2001,45248.0,0.0,-1.260879,-0.861347,RWA,ETH,8429
886441,188,73,1647,2001,755805.0,0.0,0.5370550000000001,-0.793469,SAU,ETH,8429
886442,208,73,1647,2001,611184.0,0.0,2.156845,0.784439,SWE,ETH,8429
886443,226,73,1647,2001,22099.0,0.0,-1.193991,-0.49282200000000004,TZA,ETH,8429
886444,228,73,1647,2001,114829.0,0.0,0.8376969999999999,0.989059,UKR,ETH,8429
886445,231,73,1647,2001,1323462.0,0.0,1.873674,0.168468,USA,ETH,8429
886446,246,73,1647,2001,36320.0,0.0,0.356842,2.006155,ZAF,ETH,8429
886447,18,91,1647,2001,80316.0,0.0,1.4328370000000001,1.408495,BEL,GRD,8429
886448,32,91,1647,2001,105995.0,0.0,0.672496,1.051848,BRA,GRD,8429
886449,33,91,1647,2001,44740.0,0.0,0.725546,0.172345,BRB,GRD,8429
886450,61,91,1647,2001,181119.0,0.0,2.321375,-2.1110990000000003,DEU,GRD,8429
886451,77,91,1647,2001,92414.0,0.0,1.653507,0.797582,FRA,GRD,8429
886452,81,91,1647,2001,209643.0,69141.0,1.976894,0.685435,GBR,GRD,8429
886453,127,91,1647,2001,0.0,7227.0,0.004518,-0.5326770000000001,LCA,GRD,8429
886454,222,91,1647,2001,1641969.0,1302.0,0.178256,-0.709126,TTO,GRD,8429
886455,231,91,1647,2001,933334.0,0.0,1.873674,0.168468,USA,GRD,8429
886456,32,99,1647,2001,403320.0,0.0,0.672496,1.051848,BRA,HND,8429
886457,39,99,1647,2001,16662.0,5377.0,0.971827,1.105171,CAN,HND,8429
886458,49,99,1647,2001,3436.0,0.0,0.30412,0.395913,COL,HND,8429
886459,61,99,1647,2001,10407.0,0.0,2.321375,-2.1110990000000003,DEU,HND,8429
886460,71,99,1647,2001,67297.0,0.0,1.079664,1.9842220000000002,ESP,HND,8429
886461,81,99,1647,2001,244135.0,0.0,1.976894,0.685435,GBR,HND,8429
886462,93,99,1647,2001,0.0,276097.0,-0.5089520000000001,0.216677,GTM,HND,8429
886463,111,99,1647,2001,18543.0,0.0,1.389926,1.282143,ITA,HND,8429
886464,112,99,1647,2001,5547.0,0.0,-0.541582,-0.837248,JAM,HND,8429
886465,114,99,1647,2001,278525.0,0.0,2.585857,0.522663,JPN,HND,8429
886466,121,99,1647,2001,2317.0,0.0,1.145797,1.0762399999999999,KOR,HND,8429
886467,138,99,1647,2001,20251.0,138855.0,0.797058,0.713234,MEX,HND,8429
886468,160,99,1647,2001,61642.0,51358.0,-0.8917430000000001,-0.713179,NIC,HND,8429
886469,169,99,1647,2001,82282.0,0.0,0.17588199999999998,0.422505,PAN,HND,8429
886470,197,99,1647,2001,121081.0,225340.0,-0.181554,-0.031294,SLV,HND,8429
886471,231,99,1647,2001,3408041.0,119180.0,1.873674,0.168468,USA,HND,8429
886472,236,99,1647,2001,0.0,114252.0,0.261158,-0.7397,VEN,HND,8429
886473,249,99,1647,2001,1303.0,0.0,1.5731700000000002,1.353159,TWN,HND,8429
886474,7,151,1647,2001,0.0,169037.0,-0.193984,-0.457124,ARE,MUS,8429
886475,18,151,1647,2001,1238515.0,0.0,1.4328370000000001,1.408495,BEL,MUS,8429
886476,32,151,1647,2001,99352.0,0.0,0.672496,1.051848,BRA,MUS,8429
886477,61,151,1647,2001,163296.0,0.0,2.321375,-2.1110990000000003,DEU,MUS,8429
886478,77,151,1647,2001,364392.0,443855.0,1.653507,0.797582,FRA,MUS,8429
886479,81,151,1647,2001,1028475.0,0.0,1.976894,0.685435,GBR,MUS,8429
886480,104,151,1647,2001,49234.0,0.0,0.349744,2.665844,IND,MUS,8429
886481,111,151,1647,2001,211190.0,0.0,1.389926,1.282143,ITA,MUS,8429
886482,121,151,1647,2001,313634.0,0.0,1.145797,1.0762399999999999,KOR,MUS,8429
886483,136,151,1647,2001,84341.0,35386.0,-1.247531,-0.637093,MDG,MUS,8429
886484,153,151,1647,2001,0.0,1816.0,0.768174,0.307033,MYS,MUS,8429
886485,154,151,1647,2001,0.0,2007.0,1.4633260000000001,-0.114532,MYT,MUS,8429
886486,208,151,1647,2001,159592.0,0.0,2.156845,0.784439,SWE,MUS,8429
886487,231,151,1647,2001,232872.0,0.0,1.873674,0.168468,USA,MUS,8429
886488,246,151,1647,2001,99347.0,0.0,0.356842,2.006155,ZAF,MUS,8429
886489,14,176,1647,2001,3356803.0,260737.0,0.29463,0.772375,AUS,PNG,8429
886490,37,176,1647,2001,0.0,75879.0,-0.42690100000000003,-1.081372,BWA,PNG,8429
886491,39,176,1647,2001,1325.0,0.0,0.971827,1.105171,CAN,PNG,8429
886492,43,176,1647,2001,0.0,34913.0,0.525171,3.092963,CHN,PNG,8429
886493,77,176,1647,2001,5503.0,0.0,1.653507,0.797582,FRA,PNG,8429
886494,81,176,1647,2001,79294.0,0.0,1.976894,0.685435,GBR,PNG,8429
886495,103,176,1647,2001,0.0,175993.0,-0.167771,1.6587889999999998,IDN,PNG,8429
886496,114,176,1647,2001,818684.0,141037.0,2.585857,0.522663,JPN,PNG,8429
886497,121,176,1647,2001,79173.0,0.0,1.145797,1.0762399999999999,KOR,PNG,8429
886498,153,176,1647,2001,779980.0,0.0,0.768174,0.307033,MYS,PNG,8429
886499,165,176,1647,2001,0.0,445455.0,1.164324,-0.11804200000000001,NRU,PNG,8429
886500,174,176,1647,2001,0.0,47875.0,-0.028201,-0.112349,PHL,PNG,8429
886501,192,176,1647,2001,104082.0,69328.0,1.364239,0.721074,SGP,PNG,8429
886502,216,176,1647,2001,476162.0,0.0,0.37555900000000003,1.498267,THA,PNG,8429
886503,231,176,1647,2001,537280.0,0.0,1.873674,0.168468,USA,PNG,8429
886504,250,176,1647,2001,0.0,620766.0,1.096023,-0.33562600000000004,ANS,PNG,8429
886505,15,234,1647,2001,453975.0,0.0,1.8571650000000002,0.603191,AUT,VCT,8429
886506,18,234,1647,2001,426762.0,0.0,1.4328370000000001,1.408495,BEL,VCT,8429
886507,33,234,1647,2001,0.0,18698.0,0.725546,0.172345,BRB,VCT,8429
886508,81,234,1647,2001,40172.0,0.0,1.976894,0.685435,GBR,VCT,8429
886509,96,234,1647,2001,14770.0,0.0,-0.955816,-0.8593069999999999,GUY,VCT,8429
886510,114,234,1647,2001,32521.0,0.0,2.585857,0.522663,JPN,VCT,8429
886511,127,234,1647,2001,4947.0,13819.0,0.004518,-0.5326770000000001,LCA,VCT,8429
886512,222,234,1647,2001,11755.0,0.0,0.178256,-0.709126,TTO,VCT,8429
886513,231,234,1647,2001,396416.0,0.0,1.873674,0.168468,USA,VCT,8429
886514,14,247,1647,2001,5703.0,0.0,0.29463,0.772375,AUS,ZMB,8429
886515,18,247,1647,2001,59886.0,0.0,1.4328370000000001,1.408495,BEL,ZMB,8429
886516,32,247,1647,2001,204763.0,0.0,0.672496,1.051848,BRA,ZMB,8429
886517,37,247,1647,2001,0.0,97945.0,-0.42690100000000003,-1.081372,BWA,ZMB,8429
886518,39,247,1647,2001,66030.0,0.0,0.971827,1.105171,CAN,ZMB,8429
886519,41,247,1647,2001,278480.0,0.0,2.227246,0.553956,CHE,ZMB,8429
886520,43,247,1647,2001,95343.0,0.0,0.525171,3.092963,CHN,ZMB,8429
886521,61,247,1647,2001,230753.0,0.0,2.321375,-2.1110990000000003,DEU,ZMB,8429
886522,64,247,1647,2001,784.0,0.0,1.261883,1.351875,DNK,ZMB,8429
886523,74,247,1647,2001,913076.0,0.0,2.069141,0.9375180000000001,FIN,ZMB,8429
886524,81,247,1647,2001,302331.0,0.0,1.976894,0.685435,GBR,ZMB,8429
886525,104,247,1647,2001,22382.0,0.0,0.349744,2.665844,IND,ZMB,8429
886526,111,247,1647,2001,4996.0,0.0,1.389926,1.282143,ITA,ZMB,8429
886527,114,247,1647,2001,89983.0,0.0,2.585857,0.522663,JPN,ZMB,8429
886528,121,247,1647,2001,3068.0,0.0,1.145797,1.0762399999999999,KOR,ZMB,8429
886529,152,247,1647,2001,22787.0,0.0,-1.388716,-1.116315,MWI,ZMB,8429
886530,192,247,1647,2001,29998.0,0.0,1.364239,0.721074,SGP,ZMB,8429
886531,226,247,1647,2001,0.0,4777.0,-1.193991,-0.49282200000000004,TZA,ZMB,8429
886532,231,247,1647,2001,140591.0,0.0,1.873674,0.168468,USA,ZMB,8429
886533,246,247,1647,2001,4977251.0,98446.0,0.356842,2.006155,ZAF,ZMB,8429
886534,248,247,1647,2001,116731.0,288118.0,-0.6321829999999999,-0.453671,ZWE,ZMB,8429
886535,15,4,1647,2001,80492.0,0.0,1.8571650000000002,0.603191,AUT,ALB,8429
886536,23,4,1647,2001,110053.0,0.0,0.41425100000000004,1.639866,BGR,ALB,8429
886537,28,4,1647,2001,7508.0,0.0,0.804404,0.936773,BLR,ALB,8429
886538,41,4,1647,2001,46853.0,0.0,2.227246,0.553956,CHE,ALB,8429
886539,43,4,1647,2001,55689.0,0.0,0.525171,3.092963,CHN,ALB,8429
886540,59,4,1647,2001,121526.0,0.0,1.485703,1.109305,CZE,ALB,8429
886541,61,4,1647,2001,439867.0,0.0,2.321375,-2.1110990000000003,DEU,ALB,8429
886542,77,4,1647,2001,36701.0,0.0,1.653507,0.797582,FRA,ALB,8429
886543,81,4,1647,2001,51209.0,0.0,1.976894,0.685435,GBR,ALB,8429
886544,90,4,1647,2001,708549.0,1177915.0,0.31387600000000004,1.3614600000000001,GRC,ALB,8429
886545,111,4,1647,2001,1814103.0,995866.0,1.389926,1.282143,ITA,ALB,8429
886546,140,4,1647,2001,192000.0,1008838.0,0.033097,0.43516499999999997,MKD,ALB,8429
886547,189,4,1647,2001,0.0,6474.0,0.45280200000000004,2.469852,SCG,ALB,8429
886548,208,4,1647,2001,10150.0,0.0,2.156845,0.784439,SWE,ALB,8429
886549,224,4,1647,2001,118761.0,0.0,0.188773,1.91451,TUR,ALB,8429
886550,231,4,1647,2001,4061.0,0.0,1.873674,0.168468,USA,ALB,8429
886551,18,5,1647,2001,121882.0,0.0,1.4328370000000001,1.408495,BEL,AND,8429
886552,71,5,1647,2001,791999.0,50881.0,1.079664,1.9842220000000002,ESP,AND,8429
886553,77,5,1647,2001,648764.0,0.0,1.653507,0.797582,FRA,AND,8429
886554,114,5,1647,2001,10055.0,0.0,2.585857,0.522663,JPN,AND,8429
886555,231,5,1647,2001,138200.0,0.0,1.873674,0.168468,USA,AND,8429
886556,82,9,1647,2001,0.0,63584.0,0.585568,-0.047744999999999996,GEO,ARM,8429
886557,107,9,1647,2001,0.0,11944.0,-0.7732479999999999,-0.8979370000000001,IRN,ARM,8429
886558,111,9,1647,2001,33773.0,0.0,1.389926,1.282143,ITA,ARM,8429
886559,115,9,1647,2001,39478.0,27233.0,0.009714,-0.525899,KAZ,ARM,8429
886560,186,9,1647,2001,0.0,33147.0,0.945816,0.35027600000000003,RUS,ARM,8429
886561,228,9,1647,2001,0.0,10103.0,0.8376969999999999,0.989059,UKR,ARM,8429
886562,18,17,1647,2001,7838.0,0.0,1.4328370000000001,1.408495,BEL,BDI,8429
886563,77,17,1647,2001,1793.0,0.0,1.653507,0.797582,FRA,BDI,8429
886564,187,17,1647,2001,21461.0,0.0,-1.260879,-0.861347,RWA,BDI,8429
886565,7,24,1647,2001,0.0,28984.0,-0.193984,-0.457124,ARE,BHR,8429
886566,15,24,1647,2001,459204.0,0.0,1.8571650000000002,0.603191,AUT,BHR,8429
886567,18,24,1647,2001,620162.0,0.0,1.4328370000000001,1.408495,BEL,BHR,8429
886568,32,24,1647,2001,229714.0,0.0,0.672496,1.051848,BRA,BHR,8429
886569,61,24,1647,2001,209696.0,0.0,2.321375,-2.1110990000000003,DEU,BHR,8429
886570,77,24,1647,2001,230767.0,0.0,1.653507,0.797582,FRA,BHR,8429
886571,81,24,1647,2001,741225.0,0.0,1.976894,0.685435,GBR,BHR,8429
886572,111,24,1647,2001,194576.0,0.0,1.389926,1.282143,ITA,BHR,8429
886573,114,24,1647,2001,1349756.0,0.0,2.585857,0.522663,JPN,BHR,8429
886574,121,24,1647,2001,383163.0,0.0,1.145797,1.0762399999999999,KOR,BHR,8429
886575,162,24,1647,2001,97614.0,0.0,1.315685,1.590935,NLD,BHR,8429
886576,166,24,1647,2001,1454.0,0.0,0.521409,0.683134,NZL,BHR,8429
886577,183,24,1647,2001,0.0,24869.0,-0.46564799999999995,-1.127634,QAT,BHR,8429
886578,188,24,1647,2001,46338.0,31446.0,0.5370550000000001,-0.793469,SAU,BHR,8429
886579,208,24,1647,2001,385313.0,0.0,2.156845,0.784439,SWE,BHR,8429
886580,231,24,1647,2001,548135.0,0.0,1.873674,0.168468,USA,BHR,8429
886581,41,34,1647,2001,1924.0,0.0,2.227246,0.553956,CHE,BRN,8429
886582,103,34,1647,2001,11066.0,73876.0,-0.167771,1.6587889999999998,IDN,BRN,8429
886583,114,34,1647,2001,47680.0,0.0,2.585857,0.522663,JPN,BRN,8429
886584,121,34,1647,2001,2351.0,0.0,1.145797,1.0762399999999999,KOR,BRN,8429
886585,153,34,1647,2001,21119.0,175249.0,0.768174,0.307033,MYS,BRN,8429
886586,192,34,1647,2001,3136030.0,139350.0,1.364239,0.721074,SGP,BRN,8429
886587,216,34,1647,2001,4341.0,0.0,0.37555900000000003,1.498267,THA,BRN,8429
886588,32,50,1647,2001,95750.0,0.0,0.672496,1.051848,BRA,COM,8429
886589,77,50,1647,2001,32240.0,0.0,1.653507,0.797582,FRA,COM,8429
886590,231,50,1647,2001,108791.0,0.0,1.873674,0.168468,USA,COM,8429
886591,39,63,1647,2001,79201.0,0.0,0.971827,1.105171,CAN,DMA,8429
886592,61,63,1647,2001,237736.0,0.0,2.321375,-2.1110990000000003,DEU,DMA,8429
886593,77,63,1647,2001,36162.0,0.0,1.653507,0.797582,FRA,DMA,8429
886594,81,63,1647,2001,421143.0,0.0,1.976894,0.685435,GBR,DMA,8429
886595,112,63,1647,2001,15533.0,0.0,-0.541582,-0.837248,JAM,DMA,8429
886596,114,63,1647,2001,39800.0,0.0,2.585857,0.522663,JPN,DMA,8429
886597,121,63,1647,2001,339937.0,0.0,1.145797,1.0762399999999999,KOR,DMA,8429
886598,222,63,1647,2001,86775.0,0.0,0.178256,-0.709126,TTO,DMA,8429
886599,231,63,1647,2001,300687.0,60317.0,1.873674,0.168468,USA,DMA,8429
886600,7,82,1647,2001,0.0,421300.0,-0.193984,-0.457124,ARE,GEO,8429
886601,9,82,1647,2001,63584.0,0.0,0.834168,0.21458000000000002,ARM,GEO,8429
886602,61,82,1647,2001,213885.0,0.0,2.321375,-2.1110990000000003,DEU,GEO,8429
886603,64,82,1647,2001,24219.0,0.0,1.261883,1.351875,DNK,GEO,8429
886604,81,82,1647,2001,40740.0,0.0,1.976894,0.685435,GBR,GEO,8429
886605,90,82,1647,2001,11546.0,0.0,0.31387600000000004,1.3614600000000001,GRC,GEO,8429
886606,114,82,1647,2001,1499703.0,0.0,2.585857,0.522663,JPN,GEO,8429
886607,121,82,1647,2001,25160.0,0.0,1.145797,1.0762399999999999,KOR,GEO,8429
886608,186,82,1647,2001,110853.0,35674.0,0.945816,0.35027600000000003,RUS,GEO,8429
886609,217,82,1647,2001,109480.0,0.0,-0.833482,-1.062054,TJK,GEO,8429
886610,224,82,1647,2001,267602.0,66112.0,0.188773,1.91451,TUR,GEO,8429
886611,228,82,1647,2001,0.0,19302.0,0.8376969999999999,0.989059,UKR,GEO,8429
886612,231,82,1647,2001,177361.0,171435.0,1.873674,0.168468,USA,GEO,8429
886613,18,87,1647,2001,7972.0,0.0,1.4328370000000001,1.408495,BEL,GMB,8429
886614,61,87,1647,2001,25723.0,0.0,2.321375,-2.1110990000000003,DEU,GMB,8429
886615,77,87,1647,2001,51497.0,0.0,1.653507,0.797582,FRA,GMB,8429
886616,81,87,1647,2001,8772.0,0.0,1.976894,0.685435,GBR,GMB,8429
886617,97,87,1647,2001,14404.0,0.0,0.521528,2.3025,HKG,GMB,8429
886618,191,87,1647,2001,190294.0,0.0,-0.437779,-0.436654,SEN,GMB,8429
886619,15,108,1647,2001,1892851.0,0.0,1.8571650000000002,0.603191,AUT,IRQ,8429
886620,18,108,1647,2001,6251568.0,0.0,1.4328370000000001,1.408495,BEL,IRQ,8429
886621,28,108,1647,2001,549929.0,0.0,0.804404,0.936773,BLR,IRQ,8429
886622,32,108,1647,2001,938653.0,0.0,0.672496,1.051848,BRA,IRQ,8429
886623,43,108,1647,2001,49051246.0,0.0,0.525171,3.092963,CHN,IRQ,8429
886624,61,108,1647,2001,1933000.0,0.0,2.321375,-2.1110990000000003,DEU,IRQ,8429
886625,77,108,1647,2001,25038085.0,0.0,1.653507,0.797582,FRA,IRQ,8429
886626,104,108,1647,2001,1815574.0,0.0,0.349744,2.665844,IND,IRQ,8429
886627,107,108,1647,2001,926358.0,507635.0,-0.7732479999999999,-0.8979370000000001,IRN,IRQ,8429
886628,111,108,1647,2001,1279706.0,0.0,1.389926,1.282143,ITA,IRQ,8429
886629,113,108,1647,2001,113330.0,0.0,0.375134,0.581558,JOR,IRQ,8429
886630,114,108,1647,2001,5305613.0,0.0,2.585857,0.522663,JPN,IRQ,8429
886631,121,108,1647,2001,3217733.0,0.0,1.145797,1.0762399999999999,KOR,IRQ,8429
886632,186,108,1647,2001,18639346.0,0.0,0.945816,0.35027600000000003,RUS,IRQ,8429
886633,15,109,1647,2001,76972.0,0.0,1.8571650000000002,0.603191,AUT,ISL,8429
886634,18,109,1647,2001,637316.0,0.0,1.4328370000000001,1.408495,BEL,ISL,8429
886635,32,109,1647,2001,62593.0,0.0,0.672496,1.051848,BRA,ISL,8429
886636,41,109,1647,2001,21496.0,0.0,2.227246,0.553956,CHE,ISL,8429
886637,61,109,1647,2001,3592069.0,22574.0,2.321375,-2.1110990000000003,DEU,ISL,8429
886638,64,109,1647,2001,697533.0,35693.0,1.261883,1.351875,DNK,ISL,8429
886639,71,109,1647,2001,28461.0,0.0,1.079664,1.9842220000000002,ESP,ISL,8429
886640,74,109,1647,2001,10463.0,0.0,2.069141,0.9375180000000001,FIN,ISL,8429
886641,77,109,1647,2001,412969.0,0.0,1.653507,0.797582,FRA,ISL,8429
886642,78,109,1647,2001,0.0,90017.0,-1.004972,-0.9456030000000001,FRO,ISL,8429
886643,81,109,1647,2001,2243063.0,29382.0,1.976894,0.685435,GBR,ISL,8429
886644,111,109,1647,2001,671219.0,0.0,1.389926,1.282143,ITA,ISL,8429
886645,114,109,1647,2001,85374.0,0.0,2.585857,0.522663,JPN,ISL,8429
886646,121,109,1647,2001,9231.0,0.0,1.145797,1.0762399999999999,KOR,ISL,8429
886647,162,109,1647,2001,339639.0,132741.0,1.315685,1.590935,NLD,ISL,8429
886648,163,109,1647,2001,2038910.0,0.0,0.974814,0.06512000000000001,NOR,ISL,8429
886649,188,109,1647,2001,0.0,42444.0,0.5370550000000001,-0.793469,SAU,ISL,8429
886650,208,109,1647,2001,260289.0,0.0,2.156845,0.784439,SWE,ISL,8429
886651,231,109,1647,2001,318021.0,130706.0,1.873674,0.168468,USA,ISL,8429
886652,239,109,1647,2001,0.0,233585.0,-0.6692130000000001,0.610992,VNM,ISL,8429
886653,39,118,1647,2001,5330.0,0.0,0.971827,1.105171,CAN,KHM,8429
886654,43,118,1647,2001,313447.0,0.0,0.525171,3.092963,CHN,KHM,8429
886655,59,118,1647,2001,8230.0,0.0,1.485703,1.109305,CZE,KHM,8429
886656,96,118,1647,2001,0.0,533933.0,-0.955816,-0.8593069999999999,GUY,KHM,8429
886657,114,118,1647,2001,740257.0,0.0,2.585857,0.522663,JPN,KHM,8429
886658,121,118,1647,2001,907761.0,0.0,1.145797,1.0762399999999999,KOR,KHM,8429
886659,153,118,1647,2001,100054.0,0.0,0.768174,0.307033,MYS,KHM,8429
886660,174,118,1647,2001,8954.0,0.0,-0.028201,-0.112349,PHL,KHM,8429
886661,186,118,1647,2001,1197172.0,0.0,0.945816,0.35027600000000003,RUS,KHM,8429
886662,192,118,1647,2001,406684.0,8739.0,1.364239,0.721074,SGP,KHM,8429
886663,216,118,1647,2001,2087895.0,97590.0,0.37555900000000003,1.498267,THA,KHM,8429
886664,229,118,1647,2001,151639.0,0.0,-0.13935799999999998,-0.421795,UMI,KHM,8429
886665,231,118,1647,2001,162579.0,0.0,1.873674,0.168468,USA,KHM,8429
886666,239,118,1647,2001,24317.0,73413.0,-0.6692130000000001,0.610992,VNM,KHM,8429
886667,249,118,1647,2001,84510.0,0.0,1.5731700000000002,1.353159,TWN,KHM,8429
886668,250,118,1647,2001,49832.0,0.0,1.096023,-0.33562600000000004,ANS,KHM,8429
886669,15,126,1647,2001,4294411.0,0.0,1.8571650000000002,0.603191,AUT,LBY,8429
886670,18,126,1647,2001,9579202.0,0.0,1.4328370000000001,1.408495,BEL,LBY,8429
886671,39,126,1647,2001,342078.0,0.0,0.971827,1.105171,CAN,LBY,8429
886672,41,126,1647,2001,56789.0,0.0,2.227246,0.553956,CHE,LBY,8429
886673,58,126,1647,2001,623905.0,0.0,0.381251,0.257802,CYP,LBY,8429
886674,61,126,1647,2001,6747000.0,0.0,2.321375,-2.1110990000000003,DEU,LBY,8429
886675,77,126,1647,2001,2025853.0,0.0,1.653507,0.797582,FRA,LBY,8429
886676,81,126,1647,2001,1748372.0,0.0,1.976894,0.685435,GBR,LBY,8429
886677,90,126,1647,2001,76307.0,0.0,0.31387600000000004,1.3614600000000001,GRC,LBY,8429
886678,111,126,1647,2001,7555038.0,0.0,1.389926,1.282143,ITA,LBY,8429
886679,114,126,1647,2001,723099.0,0.0,2.585857,0.522663,JPN,LBY,8429
886680,121,126,1647,2001,17077.0,0.0,1.145797,1.0762399999999999,KOR,LBY,8429
886681,162,126,1647,2001,263496.0,0.0,1.315685,1.590935,NLD,LBY,8429
886682,177,126,1647,2001,176000.0,0.0,0.9474540000000001,1.8408220000000002,POL,LBY,8429
886683,186,126,1647,2001,216928.0,0.0,0.945816,0.35027600000000003,RUS,LBY,8429
886684,192,126,1647,2001,55502.0,0.0,1.364239,0.721074,SGP,LBY,8429
886685,208,126,1647,2001,265877.0,0.0,2.156845,0.784439,SWE,LBY,8429
886686,223,126,1647,2001,966938.0,0.0,-0.162152,0.23939699999999997,TUN,LBY,8429
886687,224,126,1647,2001,123468.0,0.0,0.188773,1.91451,TUR,LBY,8429
886688,18,136,1647,2001,300591.0,0.0,1.4328370000000001,1.408495,BEL,MDG,8429
886689,41,136,1647,2001,3980.0,0.0,2.227246,0.553956,CHE,MDG,8429
886690,43,136,1647,2001,1291901.0,0.0,0.525171,3.092963,CHN,MDG,8429
886691,61,136,1647,2001,202635.0,0.0,2.321375,-2.1110990000000003,DEU,MDG,8429
886692,77,136,1647,2001,497217.0,0.0,1.653507,0.797582,FRA,MDG,8429
886693,81,136,1647,2001,114847.0,0.0,1.976894,0.685435,GBR,MDG,8429
886694,111,136,1647,2001,11398.0,0.0,1.389926,1.282143,ITA,MDG,8429
886695,114,136,1647,2001,197018.0,0.0,2.585857,0.522663,JPN,MDG,8429
886696,151,136,1647,2001,35386.0,84341.0,-0.410422,-0.5868369999999999,MUS,MDG,8429
886697,154,136,1647,2001,14477.0,0.0,1.4633260000000001,-0.114532,MYT,MDG,8429
886698,162,136,1647,2001,22898.0,0.0,1.315685,1.590935,NLD,MDG,8429
886699,178,136,1647,2001,108771.0,0.0,0.62773,1.010888,PRK,MDG,8429
886700,186,136,1647,2001,9909.0,0.0,0.945816,0.35027600000000003,RUS,MDG,8429
886701,205,136,1647,2001,1358.0,0.0,-0.650556,-0.801128,SUR,MDG,8429
886702,216,136,1647,2001,56885.0,0.0,0.37555900000000003,1.498267,THA,MDG,8429
886703,231,136,1647,2001,267138.0,0.0,1.873674,0.168468,USA,MDG,8429
886704,246,136,1647,2001,223677.0,0.0,0.356842,2.006155,ZAF,MDG,8429
886705,250,136,1647,2001,17022.0,0.0,1.096023,-0.33562600000000004,ANS,MDG,8429
886706,64,137,1647,2001,200800.0,0.0,1.261883,1.351875,DNK,MDV,8429
886707,104,137,1647,2001,239200.0,0.0,0.349744,2.665844,IND,MDV,8429
886708,128,137,1647,2001,0.0,5919.0,-0.722434,-0.033818,LKA,MDV,8429
886709,153,137,1647,2001,45544.0,0.0,0.768174,0.307033,MYS,MDV,8429
886710,192,137,1647,2001,1660933.0,0.0,1.364239,0.721074,SGP,MDV,8429
886711,18,141,1647,2001,853090.0,5121.0,1.4328370000000001,1.408495,BEL,MLI,8429
886712,19,141,1647,2001,17657.0,0.0,-1.09233,-0.8276969999999999,BEN,MLI,8429
886713,21,141,1647,2001,20029.0,105537.0,-0.291485,-0.20803000000000002,BFA,MLI,8429
886714,32,141,1647,2001,271215.0,0.0,0.672496,1.051848,BRA,MLI,8429
886715,39,141,1647,2001,95418.0,0.0,0.971827,1.105171,CAN,MLI,8429
886716,43,141,1647,2001,338756.0,0.0,0.525171,3.092963,CHN,MLI,8429
886717,44,141,1647,2001,107908.0,415802.0,-0.715949,-0.524428,CIV,MLI,8429
886718,45,141,1647,2001,9583.0,0.0,-1.6254879999999998,-1.212513,CMR,MLI,8429
886719,61,141,1647,2001,297524.0,420519.0,2.321375,-2.1110990000000003,DEU,MLI,8429
886720,71,141,1647,2001,285840.0,0.0,1.079664,1.9842220000000002,ESP,MLI,8429
886721,77,141,1647,2001,5203258.0,317145.0,1.653507,0.797582,FRA,MLI,8429
886722,81,141,1647,2001,209910.0,0.0,1.976894,0.685435,GBR,MLI,8429
886723,83,141,1647,2001,96053.0,1551397.0,-0.961067,-0.780449,GHA,MLI,8429
886724,85,141,1647,2001,84541.0,313744.0,-1.5380340000000001,-1.200083,GIN,MLI,8429
886725,111,141,1647,2001,45819.0,0.0,1.389926,1.282143,ITA,MLI,8429
886726,114,141,1647,2001,47873.0,0.0,2.585857,0.522663,JPN,MLI,8429
886727,162,141,1647,2001,3495.0,0.0,1.315685,1.590935,NLD,MLI,8429
886728,191,141,1647,2001,1064409.0,90664.0,-0.437779,-0.436654,SEN,MLI,8429
886729,208,141,1647,2001,53091.0,0.0,2.156845,0.784439,SWE,MLI,8429
886730,215,141,1647,2001,75405.0,0.0,-0.758725,-0.577004,TGO,MLI,8429
886731,231,141,1647,2001,2766683.0,2447509.0,1.873674,0.168468,USA,MLI,8429
886732,246,141,1647,2001,774331.0,0.0,0.356842,2.006155,ZAF,MLI,8429
886733,14,143,1647,2001,20208.0,0.0,0.29463,0.772375,AUS,MMR,8429
886734,15,143,1647,2001,204588.0,0.0,1.8571650000000002,0.603191,AUT,MMR,8429
886735,32,143,1647,2001,371682.0,0.0,0.672496,1.051848,BRA,MMR,8429
886736,39,143,1647,2001,11909.0,0.0,0.971827,1.105171,CAN,MMR,8429
886737,43,143,1647,2001,12222973.0,0.0,0.525171,3.092963,CHN,MMR,8429
886738,61,143,1647,2001,109670.0,0.0,2.321375,-2.1110990000000003,DEU,MMR,8429
886739,77,143,1647,2001,10386.0,0.0,1.653507,0.797582,FRA,MMR,8429
886740,81,143,1647,2001,8850.0,0.0,1.976894,0.685435,GBR,MMR,8429
886741,104,143,1647,2001,342283.0,0.0,0.349744,2.665844,IND,MMR,8429
886742,111,143,1647,2001,1917.0,0.0,1.389926,1.282143,ITA,MMR,8429
886743,114,143,1647,2001,38001329.0,0.0,2.585857,0.522663,JPN,MMR,8429
886744,121,143,1647,2001,307665.0,0.0,1.145797,1.0762399999999999,KOR,MMR,8429
886745,153,143,1647,2001,46068.0,0.0,0.768174,0.307033,MYS,MMR,8429
886746,162,143,1647,2001,1319.0,0.0,1.315685,1.590935,NLD,MMR,8429
886747,174,143,1647,2001,34056.0,0.0,-0.028201,-0.112349,PHL,MMR,8429
886748,192,143,1647,2001,2099127.0,0.0,1.364239,0.721074,SGP,MMR,8429
886749,216,143,1647,2001,4153939.0,0.0,0.37555900000000003,1.498267,THA,MMR,8429
886750,231,143,1647,2001,1015815.0,0.0,1.873674,0.168468,USA,MMR,8429
886751,18,145,1647,2001,717788.0,0.0,1.4328370000000001,1.408495,BEL,MNG,8429
886752,28,145,1647,2001,124498.0,0.0,0.804404,0.936773,BLR,MNG,8429
886753,43,145,1647,2001,791756.0,0.0,0.525171,3.092963,CHN,MNG,8429
886754,77,145,1647,2001,32501.0,0.0,1.653507,0.797582,FRA,MNG,8429
886755,110,145,1647,2001,82932.0,0.0,1.374873,0.775594,ISR,MNG,8429
886756,111,145,1647,2001,212528.0,0.0,1.389926,1.282143,ITA,MNG,8429
886757,114,145,1647,2001,3366607.0,0.0,2.585857,0.522663,JPN,MNG,8429
886758,121,145,1647,2001,5169342.0,0.0,1.145797,1.0762399999999999,KOR,MNG,8429
886759,186,145,1647,2001,1453333.0,0.0,0.945816,0.35027600000000003,RUS,MNG,8429
886760,231,145,1647,2001,66832.0,0.0,1.873674,0.168468,USA,MNG,8429
886761,18,148,1647,2001,502344.0,0.0,1.4328370000000001,1.408495,BEL,MRT,8429
886762,19,148,1647,2001,0.0,8527.0,-1.09233,-0.8276969999999999,BEN,MRT,8429
886763,32,148,1647,2001,636028.0,0.0,0.672496,1.051848,BRA,MRT,8429
886764,39,148,1647,2001,397678.0,0.0,0.971827,1.105171,CAN,MRT,8429
886765,61,148,1647,2001,273481.0,0.0,2.321375,-2.1110990000000003,DEU,MRT,8429
886766,71,148,1647,2001,39716.0,0.0,1.079664,1.9842220000000002,ESP,MRT,8429
886767,77,148,1647,2001,960050.0,0.0,1.653507,0.797582,FRA,MRT,8429
886768,81,148,1647,2001,107481.0,0.0,1.976894,0.685435,GBR,MRT,8429
886769,114,148,1647,2001,1169535.0,0.0,2.585857,0.522663,JPN,MRT,8429
886770,191,148,1647,2001,35097.0,0.0,-0.437779,-0.436654,SEN,MRT,8429
886771,231,148,1647,2001,8977891.0,0.0,1.873674,0.168468,USA,MRT,8429
886772,246,148,1647,2001,13780.0,0.0,0.356842,2.006155,ZAF,MRT,8429
886773,32,152,1647,2001,238118.0,0.0,0.672496,1.051848,BRA,MWI,8429
886774,37,152,1647,2001,22926.0,0.0,-0.42690100000000003,-1.081372,BWA,MWI,8429
886775,77,152,1647,2001,159893.0,0.0,1.653507,0.797582,FRA,MWI,8429
886776,81,152,1647,2001,66022.0,0.0,1.976894,0.685435,GBR,MWI,8429
886777,85,152,1647,2001,0.0,89253.0,-1.5380340000000001,-1.200083,GIN,MWI,8429
886778,111,152,1647,2001,36907.0,0.0,1.389926,1.282143,ITA,MWI,8429
886779,114,152,1647,2001,471601.0,0.0,2.585857,0.522663,JPN,MWI,8429
886780,147,152,1647,2001,8179.0,147632.0,-1.2364879999999998,-1.136715,MOZ,MWI,8429
886781,169,152,1647,2001,188356.0,0.0,0.17588199999999998,0.422505,PAN,MWI,8429
886782,179,152,1647,2001,61557.0,0.0,0.482048,1.662123,PRT,MWI,8429
886783,226,152,1647,2001,0.0,142136.0,-1.193991,-0.49282200000000004,TZA,MWI,8429
886784,231,152,1647,2001,341912.0,25992.0,1.873674,0.168468,USA,MWI,8429
886785,246,152,1647,2001,2898079.0,499893.0,0.356842,2.006155,ZAF,MWI,8429
886786,247,152,1647,2001,0.0,22787.0,-0.731193,-0.706978,ZMB,MWI,8429
886787,248,152,1647,2001,171880.0,31991.0,-0.6321829999999999,-0.453671,ZWE,MWI,8429
886788,18,154,1647,2001,36297.0,0.0,1.4328370000000001,1.408495,BEL,MYT,8429
886789,61,154,1647,2001,75723.0,0.0,2.321375,-2.1110990000000003,DEU,MYT,8429
886790,77,154,1647,2001,519896.0,0.0,1.653507,0.797582,FRA,MYT,8429
886791,81,154,1647,2001,60329.0,0.0,1.976894,0.685435,GBR,MYT,8429
886792,136,154,1647,2001,0.0,14477.0,-1.247531,-0.637093,MDG,MYT,8429
886793,151,154,1647,2001,2007.0,0.0,-0.410422,-0.5868369999999999,MUS,MYT,8429
886794,18,157,1647,2001,310699.0,0.0,1.4328370000000001,1.408495,BEL,NER,8429
886795,41,157,1647,2001,6603.0,0.0,2.227246,0.553956,CHE,NER,8429
886796,61,157,1647,2001,2161.0,24100.0,2.321375,-2.1110990000000003,DEU,NER,8429
886797,77,157,1647,2001,401145.0,0.0,1.653507,0.797582,FRA,NER,8429
886798,159,157,1647,2001,0.0,1018.0,-1.966439,-1.2724520000000001,NGA,NER,8429
886799,231,157,1647,2001,792670.0,101605.0,1.873674,0.168468,USA,NER,8429
886800,14,182,1647,2001,167018.0,0.0,0.29463,0.772375,AUS,PYF,8429
886801,15,182,1647,2001,44550.0,0.0,1.8571650000000002,0.603191,AUT,PYF,8429
886802,18,182,1647,2001,152497.0,0.0,1.4328370000000001,1.408495,BEL,PYF,8429
886803,39,182,1647,2001,46678.0,0.0,0.971827,1.105171,CAN,PYF,8429
886804,61,182,1647,2001,169194.0,0.0,2.321375,-2.1110990000000003,DEU,PYF,8429
886805,77,182,1647,2001,3179007.0,0.0,1.653507,0.797582,FRA,PYF,8429
886806,81,182,1647,2001,612371.0,0.0,1.976894,0.685435,GBR,PYF,8429
886807,111,182,1647,2001,270869.0,0.0,1.389926,1.282143,ITA,PYF,8429
886808,114,182,1647,2001,327714.0,0.0,2.585857,0.522663,JPN,PYF,8429
886809,121,182,1647,2001,193281.0,0.0,1.145797,1.0762399999999999,KOR,PYF,8429
886810,166,182,1647,2001,457149.0,0.0,0.521409,0.683134,NZL,PYF,8429
886811,192,182,1647,2001,63397.0,0.0,1.364239,0.721074,SGP,PYF,8429
886812,208,182,1647,2001,26492.0,0.0,2.156845,0.784439,SWE,PYF,8429
886813,231,182,1647,2001,349605.0,0.0,1.873674,0.168468,USA,PYF,8429
886814,7,187,1647,2001,1085.0,0.0,-0.193984,-0.457124,ARE,RWA,8429
886815,17,187,1647,2001,0.0,21461.0,-0.554955,-0.755333,BDI,RWA,8429
886816,43,187,1647,2001,7819.0,0.0,0.525171,3.092963,CHN,RWA,8429
886817,61,187,1647,2001,4343.0,0.0,2.321375,-2.1110990000000003,DEU,RWA,8429
886818,73,187,1647,2001,0.0,45248.0,-0.999149,-0.904072,ETH,RWA,8429
886819,111,187,1647,2001,5940.0,0.0,1.389926,1.282143,ITA,RWA,8429
886820,114,187,1647,2001,49337.0,0.0,2.585857,0.522663,JPN,RWA,8429
886821,216,187,1647,2001,8336.0,0.0,0.37555900000000003,1.498267,THA,RWA,8429
886822,226,187,1647,2001,0.0,37017.0,-1.193991,-0.49282200000000004,TZA,RWA,8429
886823,227,187,1647,2001,0.0,1350.0,-0.9694860000000001,-0.840592,UGA,RWA,8429
886824,231,187,1647,2001,115199.0,0.0,1.873674,0.168468,USA,RWA,8429
886825,7,190,1647,2001,262623.0,0.0,-0.193984,-0.457124,ARE,SDN,8429
886826,18,190,1647,2001,1320181.0,0.0,1.4328370000000001,1.408495,BEL,SDN,8429
886827,32,190,1647,2001,2952712.0,0.0,0.672496,1.051848,BRA,SDN,8429
886828,41,190,1647,2001,377052.0,0.0,2.227246,0.553956,CHE,SDN,8429
886829,43,190,1647,2001,1822508.0,0.0,0.525171,3.092963,CHN,SDN,8429
886830,61,190,1647,2001,1167753.0,0.0,2.321375,-2.1110990000000003,DEU,SDN,8429
886831,64,190,1647,2001,6981.0,0.0,1.261883,1.351875,DNK,SDN,8429
886832,68,190,1647,2001,377357.0,0.0,-0.373576,0.366385,EGY,SDN,8429
886833,77,190,1647,2001,1575373.0,0.0,1.653507,0.797582,FRA,SDN,8429
886834,81,190,1647,2001,788420.0,0.0,1.976894,0.685435,GBR,SDN,8429
886835,90,190,1647,2001,18381.0,0.0,0.31387600000000004,1.3614600000000001,GRC,SDN,8429
886836,97,190,1647,2001,6212.0,0.0,0.521528,2.3025,HKG,SDN,8429
886837,107,190,1647,2001,627452.0,0.0,-0.7732479999999999,-0.8979370000000001,IRN,SDN,8429
886838,111,190,1647,2001,536215.0,67138.0,1.389926,1.282143,ITA,SDN,8429
886839,113,190,1647,2001,72625.0,0.0,0.375134,0.581558,JOR,SDN,8429
886840,114,190,1647,2001,1861202.0,0.0,2.585857,0.522663,JPN,SDN,8429
886841,116,190,1647,2001,17986.0,0.0,-0.529388,0.092271,KEN,SDN,8429
886842,121,190,1647,2001,2172065.0,0.0,1.145797,1.0762399999999999,KOR,SDN,8429
886843,162,190,1647,2001,204594.0,0.0,1.315685,1.590935,NLD,SDN,8429
886844,178,190,1647,2001,170874.0,0.0,0.62773,1.010888,PRK,SDN,8429
886845,186,190,1647,2001,54572.0,0.0,0.945816,0.35027600000000003,RUS,SDN,8429
886846,188,190,1647,2001,516000.0,0.0,0.5370550000000001,-0.793469,SAU,SDN,8429
886847,208,190,1647,2001,504887.0,0.0,2.156845,0.784439,SWE,SDN,8429
886848,231,190,1647,2001,525075.0,0.0,1.873674,0.168468,USA,SDN,8429
886849,246,190,1647,2001,20022.0,0.0,0.356842,2.006155,ZAF,SDN,8429
886850,249,190,1647,2001,42883.0,0.0,1.5731700000000002,1.353159,TWN,SDN,8429
886851,18,211,1647,2001,72380.0,0.0,1.4328370000000001,1.408495,BEL,SYC,8429
886852,81,211,1647,2001,101877.0,0.0,1.976894,0.685435,GBR,SYC,8429
886853,111,211,1647,2001,0.0,16869.0,1.389926,1.282143,ITA,SYC,8429
886854,153,211,1647,2001,3752.0,0.0,0.768174,0.307033,MYS,SYC,8429
886855,192,211,1647,2001,68832.0,0.0,1.364239,0.721074,SGP,SYC,8429
886856,246,211,1647,2001,85129.0,0.0,0.356842,2.006155,ZAF,SYC,8429
886857,18,215,1647,2001,124402.0,0.0,1.4328370000000001,1.408495,BEL,TGO,8429
886858,19,215,1647,2001,86889.0,47748.0,-1.09233,-0.8276969999999999,BEN,TGO,8429
886859,21,215,1647,2001,8948.0,211888.0,-0.291485,-0.20803000000000002,BFA,TGO,8429
886860,32,215,1647,2001,48635.0,0.0,0.672496,1.051848,BRA,TGO,8429
886861,41,215,1647,2001,8344.0,0.0,2.227246,0.553956,CHE,TGO,8429
886862,43,215,1647,2001,53041.0,0.0,0.525171,3.092963,CHN,TGO,8429
886863,44,215,1647,2001,0.0,15554.0,-0.715949,-0.524428,CIV,TGO,8429
886864,61,215,1647,2001,108739.0,0.0,2.321375,-2.1110990000000003,DEU,TGO,8429
886865,77,215,1647,2001,747406.0,45437.0,1.653507,0.797582,FRA,TGO,8429
886866,81,215,1647,2001,153089.0,0.0,1.976894,0.685435,GBR,TGO,8429
886867,83,215,1647,2001,864.0,142356.0,-0.961067,-0.780449,GHA,TGO,8429
886868,85,215,1647,2001,0.0,373426.0,-1.5380340000000001,-1.200083,GIN,TGO,8429
886869,111,215,1647,2001,40607.0,0.0,1.389926,1.282143,ITA,TGO,8429
886870,141,215,1647,2001,0.0,75405.0,-0.40341,-0.626402,MLI,TGO,8429
886871,159,215,1647,2001,4172.0,2240.0,-1.966439,-1.2724520000000001,NGA,TGO,8429
886872,162,215,1647,2001,1687.0,0.0,1.315685,1.590935,NLD,TGO,8429
886873,191,215,1647,2001,37654.0,122424.0,-0.437779,-0.436654,SEN,TGO,8429
886874,228,215,1647,2001,22595.0,0.0,0.8376969999999999,0.989059,UKR,TGO,8429
886875,231,215,1647,2001,779538.0,52582.0,1.873674,0.168468,USA,TGO,8429
886876,250,215,1647,2001,0.0,5911.0,1.096023,-0.33562600000000004,ANS,TGO,8429
886877,15,243,1647,2001,56366.0,0.0,1.8571650000000002,0.603191,AUT,YEM,8429
886878,18,243,1647,2001,13747.0,0.0,1.4328370000000001,1.408495,BEL,YEM,8429
886879,39,243,1647,2001,51628.0,0.0,0.971827,1.105171,CAN,YEM,8429
886880,43,243,1647,2001,187208.0,0.0,0.525171,3.092963,CHN,YEM,8429
886881,61,243,1647,2001,158000.0,0.0,2.321375,-2.1110990000000003,DEU,YEM,8429
886882,68,243,1647,2001,25757.0,0.0,-0.373576,0.366385,EGY,YEM,8429
886883,77,243,1647,2001,66277.0,0.0,1.653507,0.797582,FRA,YEM,8429
886884,81,243,1647,2001,284184.0,0.0,1.976894,0.685435,GBR,YEM,8429
886885,103,243,1647,2001,45003.0,0.0,-0.167771,1.6587889999999998,IDN,YEM,8429
886886,107,243,1647,2001,0.0,1027225.0,-0.7732479999999999,-0.8979370000000001,IRN,YEM,8429
886887,111,243,1647,2001,467437.0,0.0,1.389926,1.282143,ITA,YEM,8429
886888,113,243,1647,2001,19749.0,0.0,0.375134,0.581558,JOR,YEM,8429
886889,114,243,1647,2001,1797552.0,0.0,2.585857,0.522663,JPN,YEM,8429
886890,124,243,1647,2001,57532.0,0.0,0.165355,0.988008,LBN,YEM,8429
886891,162,243,1647,2001,619384.0,0.0,1.315685,1.590935,NLD,YEM,8429
886892,167,243,1647,2001,10427.0,0.0,-0.909329,-1.189698,OMN,YEM,8429
886893,188,243,1647,2001,348534.0,32000.0,0.5370550000000001,-0.793469,SAU,YEM,8429
886894,192,243,1647,2001,69319.0,0.0,1.364239,0.721074,SGP,YEM,8429
886895,208,243,1647,2001,42415.0,0.0,2.156845,0.784439,SWE,YEM,8429
886896,231,243,1647,2001,637500.0,0.0,1.873674,0.168468,USA,YEM,8429
886897,18,2,1647,2001,3011046.0,0.0,1.4328370000000001,1.408495,BEL,AGO,8429
886898,32,2,1647,2001,1686889.0,0.0,0.672496,1.051848,BRA,AGO,8429
886899,61,2,1647,2001,358000.0,0.0,2.321375,-2.1110990000000003,DEU,AGO,8429
886900,77,2,1647,2001,1063479.0,0.0,1.653507,0.797582,FRA,AGO,8429
886901,81,2,1647,2001,1194299.0,0.0,1.976894,0.685435,GBR,AGO,8429
886902,107,2,1647,2001,166580.0,0.0,-0.7732479999999999,-0.8979370000000001,IRN,AGO,8429
886903,111,2,1647,2001,33353.0,0.0,1.389926,1.282143,ITA,AGO,8429
886904,155,2,1647,2001,8234.0,0.0,-0.625912,-0.854247,NAM,AGO,8429
886905,162,2,1647,2001,1076835.0,0.0,1.315685,1.590935,NLD,AGO,8429
886906,177,2,1647,2001,202000.0,0.0,0.9474540000000001,1.8408220000000002,POL,AGO,8429
886907,179,2,1647,2001,2971074.0,0.0,0.482048,1.662123,PRT,AGO,8429
886908,231,2,1647,2001,866453.0,0.0,1.873674,0.168468,USA,AGO,8429
886909,246,2,1647,2001,2228686.0,0.0,0.356842,2.006155,ZAF,AGO,8429
886910,15,26,1647,2001,2810909.0,48530.0,1.8571650000000002,0.603191,AUT,BIH,8429
886911,18,26,1647,2001,127302.0,0.0,1.4328370000000001,1.408495,BEL,BIH,8429
886912,32,26,1647,2001,580355.0,0.0,0.672496,1.051848,BRA,BIH,8429
886913,41,26,1647,2001,206041.0,0.0,2.227246,0.553956,CHE,BIH,8429
886914,61,26,1647,2001,2263000.0,163591.0,2.321375,-2.1110990000000003,DEU,BIH,8429
886915,77,26,1647,2001,107551.0,0.0,1.653507,0.797582,FRA,BIH,8429
886916,81,26,1647,2001,140650.0,0.0,1.976894,0.685435,GBR,BIH,8429
886917,100,26,1647,2001,788406.0,177068.0,0.544596,0.969535,HRV,BIH,8429
886918,102,26,1647,2001,3000.0,0.0,1.102262,1.138016,HUN,BIH,8429
886919,111,26,1647,2001,2012299.0,0.0,1.389926,1.282143,ITA,BIH,8429
886920,162,26,1647,2001,93377.0,0.0,1.315685,1.590935,NLD,BIH,8429
886921,163,26,1647,2001,1955.0,0.0,0.974814,0.06512000000000001,NOR,BIH,8429
886922,186,26,1647,2001,47119.0,0.0,0.945816,0.35027600000000003,RUS,BIH,8429
886923,189,26,1647,2001,946457.0,55471.0,0.45280200000000004,2.469852,SCG,BIH,8429
886924,207,26,1647,2001,611869.0,143271.0,1.5074370000000001,1.1370040000000001,SVN,BIH,8429
886925,18,46,1647,2001,605994.0,0.0,1.4328370000000001,1.408495,BEL,COD,8429
886926,61,46,1647,2001,489000.0,0.0,2.321375,-2.1110990000000003,DEU,COD,8429
886927,81,46,1647,2001,182971.0,0.0,1.976894,0.685435,GBR,COD,8429
886928,103,46,1647,2001,255203.0,0.0,-0.167771,1.6587889999999998,IDN,COD,8429
886929,208,46,1647,2001,13138.0,0.0,2.156845,0.784439,SWE,COD,8429
886930,246,46,1647,2001,146049.0,0.0,0.356842,2.006155,ZAF,COD,8429
886931,18,47,1647,2001,1038066.0,0.0,1.4328370000000001,1.408495,BEL,COG,8429
886932,32,47,1647,2001,129086.0,0.0,0.672496,1.051848,BRA,COG,8429
886933,45,47,1647,2001,437173.0,0.0,-1.6254879999999998,-1.212513,CMR,COG,8429
886934,61,47,1647,2001,3000.0,0.0,2.321375,-2.1110990000000003,DEU,COG,8429
886935,77,47,1647,2001,1561796.0,0.0,1.653507,0.797582,FRA,COG,8429
886936,80,47,1647,2001,28798.0,0.0,-1.063007,-1.181284,GAB,COG,8429
886937,81,47,1647,2001,66989.0,0.0,1.976894,0.685435,GBR,COG,8429
886938,111,47,1647,2001,375431.0,0.0,1.389926,1.282143,ITA,COG,8429
886939,124,47,1647,2001,8119.0,0.0,0.165355,0.988008,LBN,COG,8429
886940,162,47,1647,2001,86104.0,0.0,1.315685,1.590935,NLD,COG,8429
886941,246,47,1647,2001,161319.0,0.0,0.356842,2.006155,ZAF,COG,8429
886942,248,47,1647,2001,0.0,234505.0,-0.6321829999999999,-0.453671,ZWE,COG,8429
886943,14,75,1647,2001,323225.0,0.0,0.29463,0.772375,AUS,FJI,8429
886944,114,75,1647,2001,576384.0,0.0,2.585857,0.522663,JPN,FJI,8429
886945,166,75,1647,2001,186779.0,0.0,0.521409,0.683134,NZL,FJI,8429
886946,192,75,1647,2001,63702.0,0.0,1.364239,0.721074,SGP,FJI,8429
886947,225,75,1647,2001,0.0,55353.0,-0.12332699999999999,-0.172416,TUV,FJI,8429
886948,18,78,1647,2001,175313.0,0.0,1.4328370000000001,1.408495,BEL,FRO,8429
886949,61,78,1647,2001,109392.0,0.0,2.321375,-2.1110990000000003,DEU,FRO,8429
886950,64,78,1647,2001,2978951.0,80606.0,1.261883,1.351875,DNK,FRO,8429
886951,77,78,1647,2001,14329.0,0.0,1.653507,0.797582,FRA,FRO,8429
886952,81,78,1647,2001,258644.0,36620.0,1.976894,0.685435,GBR,FRO,8429
886953,109,78,1647,2001,90017.0,0.0,0.032382999999999995,-0.51054,ISL,FRO,8429
886954,111,78,1647,2001,25241.0,0.0,1.389926,1.282143,ITA,FRO,8429
886955,114,78,1647,2001,18389.0,0.0,2.585857,0.522663,JPN,FRO,8429
886956,162,78,1647,2001,20155.0,0.0,1.315685,1.590935,NLD,FRO,8429
886957,163,78,1647,2001,425723.0,0.0,0.974814,0.06512000000000001,NOR,FRO,8429
886958,208,78,1647,2001,193259.0,0.0,2.156845,0.784439,SWE,FRO,8429
886959,231,78,1647,2001,228660.0,0.0,1.873674,0.168468,USA,FRO,8429
886960,159,88,1647,2001,0.0,10706.0,-1.966439,-1.2724520000000001,NGA,GNB,8429
886961,162,88,1647,2001,52207.0,0.0,1.315685,1.590935,NLD,GNB,8429
886962,179,88,1647,2001,99178.0,0.0,0.482048,1.662123,PRT,GNB,8429
886963,44,89,1647,2001,41508.0,0.0,-0.715949,-0.524428,CIV,GNQ,8429
886964,61,89,1647,2001,206000.0,0.0,2.321375,-2.1110990000000003,DEU,GNQ,8429
886965,71,89,1647,2001,700099.0,0.0,1.079664,1.9842220000000002,ESP,GNQ,8429
886966,77,89,1647,2001,183101.0,0.0,1.653507,0.797582,FRA,GNQ,8429
886967,111,89,1647,2001,206090.0,0.0,1.389926,1.282143,ITA,GNQ,8429
886968,134,89,1647,2001,20580.0,0.0,-0.75275,-0.280397,MAR,GNQ,8429
886969,162,89,1647,2001,19746.0,0.0,1.315685,1.590935,NLD,GNQ,8429
886970,231,89,1647,2001,569900.0,0.0,1.873674,0.168468,USA,GNQ,8429
886971,114,101,1647,2001,3047.0,0.0,2.585857,0.522663,JPN,HTI,8429
886972,231,101,1647,2001,271100.0,0.0,1.873674,0.168468,USA,HTI,8429
886973,18,196,1647,2001,6268.0,0.0,1.4328370000000001,1.408495,BEL,SLE,8429
886974,61,196,1647,2001,382000.0,0.0,2.321375,-2.1110990000000003,DEU,SLE,8429
886975,64,196,1647,2001,32785.0,0.0,1.261883,1.351875,DNK,SLE,8429
886976,81,196,1647,2001,1238993.0,0.0,1.976894,0.685435,GBR,SLE,8429
886977,83,196,1647,2001,0.0,138397.0,-0.961067,-0.780449,GHA,SLE,8429
886978,85,196,1647,2001,7252.0,0.0,-1.5380340000000001,-1.200083,GIN,SLE,8429
886979,162,196,1647,2001,8977.0,0.0,1.315685,1.590935,NLD,SLE,8429
886980,188,196,1647,2001,0.0,95193.0,0.5370550000000001,-0.793469,SAU,SLE,8429
886981,191,196,1647,2001,27439.0,0.0,-0.437779,-0.436654,SEN,SLE,8429
886982,231,196,1647,2001,497580.0,0.0,1.873674,0.168468,USA,SLE,8429
886983,246,196,1647,2001,11780.0,0.0,0.356842,2.006155,ZAF,SLE,8429
886984,18,214,1647,2001,1737447.0,0.0,1.4328370000000001,1.408495,BEL,TCD,8429
886985,32,214,1647,2001,145321.0,0.0,0.672496,1.051848,BRA,TCD,8429
886986,77,214,1647,2001,3830180.0,0.0,1.653507,0.797582,FRA,TCD,8429
886987,231,214,1647,2001,10809040.0,0.0,1.873674,0.168468,USA,TCD,8429
886988,71,84,1647,2001,127347.0,0.0,1.079664,1.9842220000000002,ESP,GIB,8429
886989,81,84,1647,2001,89121.0,0.0,1.976894,0.685435,GBR,GIB,8429
886990,162,84,1647,2001,86123.0,79150.0,1.315685,1.590935,NLD,GIB,8429
886991,82,217,1647,2001,0.0,109480.0,0.585568,-0.047744999999999996,GEO,TJK,8429
886992,186,217,1647,2001,44665.0,0.0,0.945816,0.35027600000000003,RUS,TJK,8429
886993,114,221,1647,2001,74648.0,0.0,2.585857,0.522663,JPN,TON,8429
886994,166,221,1647,2001,98600.0,0.0,0.521409,0.683134,NZL,TON,8429
886995,14,127,1647,2001,27330.0,0.0,0.29463,0.772375,AUS,LCA,8429
886996,15,127,1647,2001,337115.0,0.0,1.8571650000000002,0.603191,AUT,LCA,8429
886997,18,127,1647,2001,31564.0,0.0,1.4328370000000001,1.408495,BEL,LCA,8429
886998,77,127,1647,2001,30752.0,0.0,1.653507,0.797582,FRA,LCA,8429
886999,81,127,1647,2001,332803.0,222432.0,1.976894,0.685435,GBR,LCA,8429
887000,91,127,1647,2001,7227.0,0.0,-0.007888,-0.518167,GRD,LCA,8429
887001,96,127,1647,2001,58230.0,0.0,-0.955816,-0.8593069999999999,GUY,LCA,8429
887002,114,127,1647,2001,232776.0,0.0,2.585857,0.522663,JPN,LCA,8429
887003,121,127,1647,2001,14241.0,0.0,1.145797,1.0762399999999999,KOR,LCA,8429
887004,222,127,1647,2001,3254.0,0.0,0.178256,-0.709126,TTO,LCA,8429
887005,231,127,1647,2001,245974.0,0.0,1.873674,0.168468,USA,LCA,8429
887006,234,127,1647,2001,13819.0,4947.0,-0.5042,-0.7987609999999999,VCT,LCA,8429
887007,81,149,1647,2001,84626.0,0.0,1.976894,0.685435,GBR,MSR,8429
887008,121,149,1647,2001,149515.0,0.0,1.145797,1.0762399999999999,KOR,MSR,8429
887009,61,1,1647,2001,2000.0,0.0,2.321375,-2.1110990000000003,DEU,AFG,8429
887010,103,10,1647,2001,0.0,2777.0,-0.167771,1.6587889999999998,IDN,ASM,8429
887011,166,10,1647,2001,372725.0,0.0,0.521409,0.683134,NZL,ASM,8429
887012,179,30,1647,2001,22557.0,0.0,0.482048,1.662123,PRT,BMU,8429
887013,223,30,1647,2001,0.0,120481.0,-0.162152,0.23939699999999997,TUN,BMU,8429
887014,231,30,1647,2001,806491.0,0.0,1.873674,0.168468,USA,BMU,8429
887015,14,40,1647,2001,221849.0,0.0,0.29463,0.772375,AUS,CCK,8429
887016,239,40,1647,2001,0.0,126345.0,-0.6692130000000001,0.610992,VNM,CCK,8429
887017,166,48,1647,2001,156490.0,0.0,0.521409,0.683134,NZL,COK,8429
887018,14,56,1647,2001,34209.0,0.0,0.29463,0.772375,AUS,CXR,8429
887019,192,56,1647,2001,102200.0,0.0,1.364239,0.721074,SGP,CXR,8429
887020,231,57,1647,2001,711990.0,0.0,1.873674,0.168468,USA,CYM,8429
887021,43,62,1647,2001,310557.0,0.0,0.525171,3.092963,CHN,DJI,8429
887022,73,62,1647,2001,0.0,613147.0,-0.999149,-0.904072,ETH,DJI,8429
887023,77,62,1647,2001,194702.0,0.0,1.653507,0.797582,FRA,DJI,8429
887024,111,62,1647,2001,51716.0,0.0,1.389926,1.282143,ITA,DJI,8429
887025,114,62,1647,2001,486236.0,0.0,2.585857,0.522663,JPN,DJI,8429
887026,162,62,1647,2001,164184.0,0.0,1.315685,1.590935,NLD,DJI,8429
887027,192,62,1647,2001,53888.0,0.0,1.364239,0.721074,SGP,DJI,8429
887028,231,62,1647,2001,1661402.0,0.0,1.873674,0.168468,USA,DJI,8429
887029,43,69,1647,2001,40632.0,0.0,0.525171,3.092963,CHN,ERI,8429
887030,61,69,1647,2001,86000.0,0.0,2.321375,-2.1110990000000003,DEU,ERI,8429
887031,111,69,1647,2001,431477.0,0.0,1.389926,1.282143,ITA,ERI,8429
887032,121,69,1647,2001,1552.0,0.0,1.145797,1.0762399999999999,KOR,ERI,8429
887033,162,69,1647,2001,262590.0,0.0,1.315685,1.590935,NLD,ERI,8429
887034,208,69,1647,2001,128188.0,0.0,2.156845,0.784439,SWE,ERI,8429
887035,216,69,1647,2001,43443.0,0.0,0.37555900000000003,1.498267,THA,ERI,8429
887036,231,69,1647,2001,340410.0,0.0,1.873674,0.168468,USA,ERI,8429
887037,114,79,1647,2001,177975.0,0.0,2.585857,0.522663,JPN,FSM,8429
887038,121,79,1647,2001,71162.0,0.0,1.145797,1.0762399999999999,KOR,FSM,8429
887039,231,79,1647,2001,384630.0,0.0,1.873674,0.168468,USA,FSM,8429
887040,77,95,1647,2001,92301.0,0.0,1.653507,0.797582,FRA,GUM,8429
887041,81,95,1647,2001,43216.0,0.0,1.976894,0.685435,GBR,GUM,8429
887042,114,95,1647,2001,219643.0,0.0,2.585857,0.522663,JPN,GUM,8429
887043,121,95,1647,2001,54694.0,0.0,1.145797,1.0762399999999999,KOR,GUM,8429
887044,174,95,1647,2001,0.0,12413.0,-0.028201,-0.112349,PHL,GUM,8429
887045,14,119,1647,2001,39186.0,0.0,0.29463,0.772375,AUS,KIR,8429
887046,43,123,1647,2001,535729.0,0.0,0.525171,3.092963,CHN,LAO,8429
887047,81,123,1647,2001,284805.0,0.0,1.976894,0.685435,GBR,LAO,8429
887048,114,123,1647,2001,123846.0,0.0,2.585857,0.522663,JPN,LAO,8429
887049,216,123,1647,2001,1834028.0,0.0,0.37555900000000003,1.498267,THA,LAO,8429
887050,239,123,1647,2001,0.0,195369.0,-0.6692130000000001,0.610992,VNM,LAO,8429
887051,14,125,1647,2001,66128.0,0.0,0.29463,0.772375,AUS,LBR,8429
887052,18,125,1647,2001,19438.0,0.0,1.4328370000000001,1.408495,BEL,LBR,8429
887053,41,125,1647,2001,3565.0,0.0,2.227246,0.553956,CHE,LBR,8429
887054,44,125,1647,2001,424357.0,0.0,-0.715949,-0.524428,CIV,LBR,8429
887055,71,125,1647,2001,25825.0,0.0,1.079664,1.9842220000000002,ESP,LBR,8429
887056,81,125,1647,2001,124592.0,0.0,1.976894,0.685435,GBR,LBR,8429
887057,111,125,1647,2001,67007.0,0.0,1.389926,1.282143,ITA,LBR,8429
887058,192,125,1647,2001,144657.0,0.0,1.364239,0.721074,SGP,LBR,8429
887059,231,125,1647,2001,355603.0,0.0,1.873674,0.168468,USA,LBR,8429
887060,114,146,1647,2001,35048.0,0.0,2.585857,0.522663,JPN,MNP,8429
887061,121,146,1647,2001,18242.0,0.0,1.145797,1.0762399999999999,KOR,MNP,8429
887062,14,156,1647,2001,1164708.0,0.0,0.29463,0.772375,AUS,NCL,8429
887063,15,156,1647,2001,22813.0,0.0,1.8571650000000002,0.603191,AUT,NCL,8429
887064,43,156,1647,2001,12518.0,0.0,0.525171,3.092963,CHN,NCL,8429
887065,59,156,1647,2001,15574.0,0.0,1.485703,1.109305,CZE,NCL,8429
887066,61,156,1647,2001,2426509.0,0.0,2.321375,-2.1110990000000003,DEU,NCL,8429
887067,77,156,1647,2001,3360461.0,0.0,1.653507,0.797582,FRA,NCL,8429
887068,81,156,1647,2001,541240.0,0.0,1.976894,0.685435,GBR,NCL,8429
887069,111,156,1647,2001,163654.0,0.0,1.389926,1.282143,ITA,NCL,8429
887070,114,156,1647,2001,364388.0,0.0,2.585857,0.522663,JPN,NCL,8429
887071,121,156,1647,2001,702015.0,0.0,1.145797,1.0762399999999999,KOR,NCL,8429
887072,166,156,1647,2001,121229.0,0.0,0.521409,0.683134,NZL,NCL,8429
887073,208,156,1647,2001,142106.0,0.0,2.156845,0.784439,SWE,NCL,8429
887074,231,156,1647,2001,410270.0,0.0,1.873674,0.168468,USA,NCL,8429
887075,241,156,1647,2001,0.0,69829.0,0.934326,-0.724379,WLF,NCL,8429
887076,14,158,1647,2001,448517.0,0.0,0.29463,0.772375,AUS,NFK,8429
887077,166,158,1647,2001,89268.0,0.0,0.521409,0.683134,NZL,NFK,8429
887078,39,164,1647,2001,0.0,32511.0,0.971827,1.105171,CAN,NPL,8429
887079,61,164,1647,2001,637000.0,0.0,2.321375,-2.1110990000000003,DEU,NPL,8429
887080,104,164,1647,2001,376402.0,0.0,0.349744,2.665844,IND,NPL,8429
887081,111,164,1647,2001,63258.0,0.0,1.389926,1.282143,ITA,NPL,8429
887082,114,164,1647,2001,245486.0,0.0,2.585857,0.522663,JPN,NPL,8429
887083,121,164,1647,2001,3986.0,0.0,1.145797,1.0762399999999999,KOR,NPL,8429
887084,216,164,1647,2001,131680.0,0.0,0.37555900000000003,1.498267,THA,NPL,8429
887085,228,164,1647,2001,15555.0,0.0,0.8376969999999999,0.989059,UKR,NPL,8429
887086,176,165,1647,2001,445455.0,0.0,-1.503929,-1.199463,PNG,NRU,8429
887087,114,175,1647,2001,367149.0,6696.0,2.585857,0.522663,JPN,PLW,8429
887088,121,175,1647,2001,1608058.0,0.0,1.145797,1.0762399999999999,KOR,PLW,8429
887089,174,175,1647,2001,36137.0,0.0,-0.028201,-0.112349,PHL,PLW,8429
887090,208,175,1647,2001,500149.0,0.0,2.156845,0.784439,SWE,PLW,8429
887091,61,181,1647,2001,216000.0,0.0,2.321375,-2.1110990000000003,DEU,PSE,8429
887092,77,181,1647,2001,75278.0,0.0,1.653507,0.797582,FRA,PSE,8429
887093,121,181,1647,2001,0.0,474021.0,1.145797,1.0762399999999999,KOR,PSE,8429
887094,14,195,1647,2001,144691.0,0.0,0.29463,0.772375,AUS,SLB,8429
887095,153,195,1647,2001,8560.0,0.0,0.768174,0.307033,MYS,SLB,8429
887096,192,195,1647,2001,530741.0,0.0,1.364239,0.721074,SGP,SLB,8429
887097,111,199,1647,2001,2707.0,0.0,1.389926,1.282143,ITA,SOM,8429
887098,103,220,1647,2001,284456.0,0.0,-0.167771,1.6587889999999998,IDN,TLS,8429
887099,192,220,1647,2001,52273.0,0.0,1.364239,0.721074,SGP,TLS,8429
887100,75,225,1647,2001,55353.0,0.0,-0.954702,-0.602761,FJI,TUV,8429
887101,166,225,1647,2001,106508.0,0.0,0.521409,0.683134,NZL,TUV,8429
887102,208,225,1647,2001,174105.0,0.0,2.156845,0.784439,SWE,TUV,8429
887103,118,229,1647,2001,0.0,151639.0,-1.231058,-1.154536,KHM,UMI,8429
887104,14,240,1647,2001,133016.0,0.0,0.29463,0.772375,AUS,VUT,8429
887105,166,240,1647,2001,28188.0,0.0,0.521409,0.683134,NZL,VUT,8429
887106,77,241,1647,2001,21955.0,0.0,1.653507,0.797582,FRA,WLF,8429
887107,156,241,1647,2001,69829.0,0.0,-0.837087,-0.9207040000000001,NCL,WLF,8429
887108,166,241,1647,2001,1062.0,0.0,0.521409,0.683134,NZL,WLF,8429
887109,231,241,1647,2001,7367.0,0.0,1.873674,0.168468,USA,WLF,8429
887110,250,241,1647,2001,63045.0,0.0,1.096023,-0.33562600000000004,ANS,WLF,8429
887111,114,242,1647,2001,22167.0,0.0,2.585857,0.522663,JPN,WSM,8429
887112,166,242,1647,2001,203586.0,0.0,0.521409,0.683134,NZL,WSM,8429
887113,231,242,1647,2001,12149.0,0.0,1.873674,0.168468,USA,WSM,8429
887114,81,35,1647,2001,125599.0,0.0,1.976894,0.685435,GBR,BTN,8429
887115,104,35,1647,2001,15133.0,0.0,0.349744,2.665844,IND,BTN,8429
887116,111,35,1647,2001,62477.0,0.0,1.389926,1.282143,ITA,BTN,8429
887117,114,35,1647,2001,161587.0,0.0,2.585857,0.522663,JPN,BTN,8429
887118,216,35,1647,2001,402825.0,0.0,0.37555900000000003,1.498267,THA,BTN,8429
887119,246,35,1647,2001,117662.0,0.0,0.356842,2.006155,ZAF,BTN,8429
887120,43,38,1647,2001,34795.0,0.0,0.525171,3.092963,CHN,CAF,8429
887121,45,38,1647,2001,2703.0,0.0,-1.6254879999999998,-1.212513,CMR,CAF,8429
887122,61,38,1647,2001,62527.0,0.0,2.321375,-2.1110990000000003,DEU,CAF,8429
887123,77,38,1647,2001,94258.0,5066.0,1.653507,0.797582,FRA,CAF,8429
887124,114,38,1647,2001,101233.0,0.0,2.585857,0.522663,JPN,CAF,8429
887125,124,38,1647,2001,104231.0,0.0,0.165355,0.988008,LBN,CAF,8429
887126,231,38,1647,2001,153336.0,0.0,1.873674,0.168468,USA,CAF,8429
887127,250,38,1647,2001,178533.0,46931.0,1.096023,-0.33562600000000004,ANS,CAF,8429
887128,231,171,1647,2001,25130.0,0.0,1.873674,0.168468,USA,PCN,8429
887129,231,213,1647,2001,171708.0,0.0,1.873674,0.168468,USA,TCA,8429
887130,39,92,1647,2001,88188.0,0.0,0.971827,1.105171,CAN,GRL,8429
887131,61,92,1647,2001,458658.0,0.0,2.321375,-2.1110990000000003,DEU,GRL,8429
887132,64,92,1647,2001,2874461.0,24007.0,1.261883,1.351875,DNK,GRL,8429
887133,231,92,1647,2001,119830.0,0.0,1.873674,0.168468,USA,GRL,8429
887134,250,92,1647,2001,1338794.0,0.0,1.096023,-0.33562600000000004,ANS,GRL,8429
887135,246,129,1647,2001,485661.0,18457.0,0.356842,2.006155,ZAF,LSO,8429
887136,71,198,1647,2001,0.0,14647.0,1.079664,1.9842220000000002,ESP,SMR,8429
887137,106,198,1647,2001,0.0,291471.0,1.664233,0.129983,IRL,SMR,8429
887138,207,198,1647,2001,0.0,2315.0,1.5074370000000001,1.1370040000000001,SVN,SMR,8429
887139,231,198,1647,2001,0.0,1544742.0,1.873674,0.168468,USA,SMR,8429
887140,39,200,1647,2001,101944.0,0.0,0.971827,1.105171,CAN,SPM,8429
887141,61,200,1647,2001,108000.0,0.0,2.321375,-2.1110990000000003,DEU,SPM,8429
887142,246,194,1647,2001,210080.0,0.0,0.356842,2.006155,ZAF,SHN,8429
887143,61,105,1647,2001,23000.0,0.0,2.321375,-2.1110990000000003,DEU,IOT,8429
887144,14,6,1661,2001,2452.0,0.0,0.29463,0.772375,AUS,ANT,8443
887145,18,6,1661,2001,1180.0,0.0,1.4328370000000001,1.408495,BEL,ANT,8443
887146,49,6,1661,2001,3006.0,2116.0,0.30412,0.395913,COL,ANT,8443
887147,65,6,1661,2001,0.0,29001.0,-0.538419,-0.48773900000000003,DOM,ANT,8443
887148,162,6,1661,2001,24218.0,5776.0,1.315685,1.590935,NLD,ANT,8443
887149,216,6,1661,2001,0.0,8361.0,0.37555900000000003,1.498267,THA,ANT,8443
887150,231,6,1661,2001,1273615.0,12501.0,1.873674,0.168468,USA,ANT,8443
887151,14,8,1661,2001,14120.0,0.0,0.29463,0.772375,AUS,ARG,8443
887152,15,8,1661,2001,133349.0,0.0,1.8571650000000002,0.603191,AUT,ARG,8443
887153,18,8,1661,2001,492684.0,0.0,1.4328370000000001,1.408495,BEL,ARG,8443
887154,31,8,1661,2001,2896.0,77264.0,-0.680108,-0.678143,BOL,ARG,8443
887155,32,8,1661,2001,1819415.0,2126477.0,0.672496,1.051848,BRA,ARG,8443
887156,39,8,1661,2001,77351.0,237448.0,0.971827,1.105171,CAN,ARG,8443
887157,41,8,1661,2001,620084.0,1039.0,2.227246,0.553956,CHE,ARG,8443
887158,42,8,1661,2001,91520.0,666339.0,-0.004658,-0.002548,CHL,ARG,8443
887159,43,8,1661,2001,23344.0,0.0,0.525171,3.092963,CHN,ARG,8443
887160,49,8,1661,2001,0.0,443294.0,0.30412,0.395913,COL,ARG,8443
887161,59,8,1661,2001,73774.0,0.0,1.485703,1.109305,CZE,ARG,8443
887162,61,8,1661,2001,5440785.0,48375.0,2.321375,-2.1110990000000003,DEU,ARG,8443
887163,64,8,1661,2001,810632.0,0.0,1.261883,1.351875,DNK,ARG,8443
887164,65,8,1661,2001,0.0,9818.0,-0.538419,-0.48773900000000003,DOM,ARG,8443
887165,71,8,1661,2001,2743359.0,5093.0,1.079664,1.9842220000000002,ESP,ARG,8443
887166,72,8,1661,2001,2607.0,0.0,0.5746829999999999,0.9073899999999999,EST,ARG,8443
887167,77,8,1661,2001,3600122.0,5211.0,1.653507,0.797582,FRA,ARG,8443
887168,81,8,1661,2001,1073067.0,1424.0,1.976894,0.685435,GBR,ARG,8443
887169,93,8,1661,2001,0.0,14467.0,-0.5089520000000001,0.216677,GTM,ARG,8443
887170,97,8,1661,2001,15399.0,0.0,0.521528,2.3025,HKG,ARG,8443
887171,99,8,1661,2001,0.0,25725.0,-0.8003060000000001,-0.602097,HND,ARG,8443
887172,104,8,1661,2001,272279.0,25640.0,0.349744,2.665844,IND,ARG,8443
887173,109,8,1661,2001,5310.0,0.0,0.032382999999999995,-0.51054,ISL,ARG,8443
887174,110,8,1661,2001,730573.0,26267.0,1.374873,0.775594,ISR,ARG,8443
887175,111,8,1661,2001,6106689.0,266226.0,1.389926,1.282143,ITA,ARG,8443
887176,114,8,1661,2001,1074654.0,0.0,2.585857,0.522663,JPN,ARG,8443
887177,121,8,1661,2001,178263.0,0.0,1.145797,1.0762399999999999,KOR,ARG,8443
887178,131,8,1661,2001,16977.0,0.0,1.470895,1.149007,LUX,ARG,8443
887179,138,8,1661,2001,1025.0,1107158.0,0.797058,0.713234,MEX,ARG,8443
887180,153,8,1661,2001,4174.0,0.0,0.768174,0.307033,MYS,ARG,8443
887181,162,8,1661,2001,286692.0,38598.0,1.315685,1.590935,NLD,ARG,8443
887182,169,8,1661,2001,0.0,5729.0,0.17588199999999998,0.422505,PAN,ARG,8443
887183,173,8,1661,2001,0.0,14768.0,-0.345519,0.202623,PER,ARG,8443
887184,179,8,1661,2001,10684.0,0.0,0.482048,1.662123,PRT,ARG,8443
887185,180,8,1661,2001,20951.0,39854.0,-0.68893,-0.9326690000000001,PRY,ARG,8443
887186,197,8,1661,2001,0.0,4323.0,-0.181554,-0.031294,SLV,ARG,8443
887187,206,8,1661,2001,5096.0,0.0,1.1732770000000001,1.088576,SVK,ARG,8443
887188,208,8,1661,2001,18666.0,0.0,2.156845,0.784439,SWE,ARG,8443
887189,216,8,1661,2001,16520.0,0.0,0.37555900000000003,1.498267,THA,ARG,8443
887190,230,8,1661,2001,164259.0,314478.0,0.36029,0.298869,URY,ARG,8443
887191,231,8,1661,2001,6640683.0,252841.0,1.873674,0.168468,USA,ARG,8443
887192,236,8,1661,2001,0.0,9732.0,0.261158,-0.7397,VEN,ARG,8443
887193,249,8,1661,2001,28545.0,69556.0,1.5731700000000002,1.353159,TWN,ARG,8443
887194,250,8,1661,2001,279292.0,0.0,1.096023,-0.33562600000000004,ANS,ARG,8443
887195,6,14,1661,2001,0.0,2452.0,0.260662,-0.66681,ANT,AUS,8443
887196,7,14,1661,2001,71321.0,1007243.0,-0.193984,-0.457124,ARE,AUS,8443
887197,8,14,1661,2001,0.0,14120.0,0.287698,0.547137,ARG,AUS,8443
887198,15,14,1661,2001,318209.0,2435.0,1.8571650000000002,0.603191,AUT,AUS,8443
887199,18,14,1661,2001,491422.0,117073.0,1.4328370000000001,1.408495,BEL,AUS,8443
887200,22,14,1661,2001,0.0,264764.0,-1.0406739999999999,-1.010108,BGD,AUS,8443
887201,28,14,1661,2001,0.0,32043.0,0.804404,0.936773,BLR,AUS,8443
887202,32,14,1661,2001,9557.0,67546.0,0.672496,1.051848,BRA,AUS,8443
887203,39,14,1661,2001,502306.0,514847.0,0.971827,1.105171,CAN,AUS,8443
887204,41,14,1661,2001,14369683.0,6706.0,2.227246,0.553956,CHE,AUS,8443
887205,42,14,1661,2001,0.0,49653.0,-0.004658,-0.002548,CHL,AUS,8443
887206,43,14,1661,2001,1619674.0,1411891.0,0.525171,3.092963,CHN,AUS,8443
887207,49,14,1661,2001,0.0,9420.0,0.30412,0.395913,COL,AUS,8443
887208,52,14,1661,2001,0.0,2159.0,0.069458,-0.042793,CRI,AUS,8443
887209,56,14,1661,2001,0.0,3684.0,1.0924479999999999,-0.7587689999999999,CXR,AUS,8443
887210,58,14,1661,2001,0.0,29485.0,0.381251,0.257802,CYP,AUS,8443
887211,59,14,1661,2001,1055.0,32410.0,1.485703,1.109305,CZE,AUS,8443
887212,61,14,1661,2001,94742870.0,488556.0,2.321375,-2.1110990000000003,DEU,AUS,8443
887213,64,14,1661,2001,3237181.0,25801.0,1.261883,1.351875,DNK,AUS,8443
887214,68,14,1661,2001,3515.0,56760.0,-0.373576,0.366385,EGY,AUS,8443
887215,71,14,1661,2001,442830.0,38952.0,1.079664,1.9842220000000002,ESP,AUS,8443
887216,74,14,1661,2001,0.0,118975.0,2.069141,0.9375180000000001,FIN,AUS,8443
887217,75,14,1661,2001,0.0,303022.0,-0.954702,-0.602761,FJI,AUS,8443
887218,77,14,1661,2001,5566269.0,23607.0,1.653507,0.797582,FRA,AUS,8443
887219,81,14,1661,2001,9115791.0,467500.0,1.976894,0.685435,GBR,AUS,8443
887220,90,14,1661,2001,0.0,22784.0,0.31387600000000004,1.3614600000000001,GRC,AUS,8443
887221,95,14,1661,2001,0.0,9477.0,-0.228818,-0.8545719999999999,GUM,AUS,8443
887222,97,14,1661,2001,1183162.0,4150753.0,0.521528,2.3025,HKG,AUS,8443
887223,103,14,1661,2001,21372.0,378508.0,-0.167771,1.6587889999999998,IDN,AUS,8443
887224,104,14,1661,2001,163382.0,1448446.0,0.349744,2.665844,IND,AUS,8443
887225,106,14,1661,2001,371147.0,2119.0,1.664233,0.129983,IRL,AUS,8443
887226,107,14,1661,2001,1067.0,37198.0,-0.7732479999999999,-0.8979370000000001,IRN,AUS,8443
887227,110,14,1661,2001,1830633.0,45992.0,1.374873,0.775594,ISR,AUS,8443
887228,111,14,1661,2001,9681899.0,591027.0,1.389926,1.282143,ITA,AUS,8443
887229,112,14,1661,2001,0.0,1055.0,-0.541582,-0.837248,JAM,AUS,8443
887230,114,14,1661,2001,18554815.0,602796.0,2.585857,0.522663,JPN,AUS,8443
887231,116,14,1661,2001,0.0,3357.0,-0.529388,0.092271,KEN,AUS,8443
887232,119,14,1661,2001,0.0,8571.0,1.070549,-0.712515,KIR,AUS,8443
887233,121,14,1661,2001,236852.0,143621.0,1.145797,1.0762399999999999,KOR,AUS,8443
887234,124,14,1661,2001,7332.0,0.0,0.165355,0.988008,LBN,AUS,8443
887235,128,14,1661,2001,57403.0,309646.0,-0.722434,-0.033818,LKA,AUS,8443
887236,133,14,1661,2001,0.0,2358.0,-0.608406,-0.521662,MAC,AUS,8443
887237,134,14,1661,2001,0.0,117340.0,-0.75275,-0.280397,MAR,AUS,8443
887238,137,14,1661,2001,0.0,1609.0,-0.980734,-0.9785659999999999,MDV,AUS,8443
887239,138,14,1661,2001,48756.0,337495.0,0.797058,0.713234,MEX,AUS,8443
887240,143,14,1661,2001,0.0,1092.0,-1.5627,-1.150854,MMR,AUS,8443
887241,146,14,1661,2001,0.0,8229.0,-0.701194,-0.89945,MNP,AUS,8443
887242,151,14,1661,2001,0.0,20273.0,-0.410422,-0.5868369999999999,MUS,AUS,8443
887243,153,14,1661,2001,2169755.0,828457.0,0.768174,0.307033,MYS,AUS,8443
887244,155,14,1661,2001,0.0,1764.0,-0.625912,-0.854247,NAM,AUS,8443
887245,156,14,1661,2001,0.0,101996.0,-0.837087,-0.9207040000000001,NCL,AUS,8443
887246,158,14,1661,2001,0.0,1709.0,2.1737040000000003,-0.5512100000000001,NFK,AUS,8443
887247,162,14,1661,2001,2068960.0,527615.0,1.315685,1.590935,NLD,AUS,8443
887248,163,14,1661,2001,1391.0,0.0,0.974814,0.06512000000000001,NOR,AUS,8443
887249,164,14,1661,2001,0.0,15280.0,-0.483749,-0.008754999999999999,NPL,AUS,8443
887250,166,14,1661,2001,1932807.0,8293221.0,0.521409,0.683134,NZL,AUS,8443
887251,167,14,1661,2001,0.0,14186.0,-0.909329,-1.189698,OMN,AUS,8443
887252,168,14,1661,2001,0.0,35447.0,-0.8376520000000001,-0.378743,PAK,AUS,8443
887253,174,14,1661,2001,30714.0,484186.0,-0.028201,-0.112349,PHL,AUS,8443
887254,176,14,1661,2001,1506.0,194863.0,-1.503929,-1.199463,PNG,AUS,8443
887255,177,14,1661,2001,0.0,170197.0,0.9474540000000001,1.8408220000000002,POL,AUS,8443
887256,179,14,1661,2001,37109.0,22853.0,0.482048,1.662123,PRT,AUS,8443
887257,182,14,1661,2001,0.0,25293.0,-0.005456,-0.7210770000000001,PYF,AUS,8443
887258,186,14,1661,2001,0.0,1341.0,0.945816,0.35027600000000003,RUS,AUS,8443
887259,192,14,1661,2001,3821000.0,1169681.0,1.364239,0.721074,SGP,AUS,8443
887260,195,14,1661,2001,0.0,32118.0,-0.325802,-0.726847,SLB,AUS,8443
887261,206,14,1661,2001,0.0,2020.0,1.1732770000000001,1.088576,SVK,AUS,8443
887262,207,14,1661,2001,24151.0,1083.0,1.5074370000000001,1.1370040000000001,SVN,AUS,8443
887263,208,14,1661,2001,446562.0,57443.0,2.156845,0.784439,SWE,AUS,8443
887264,211,14,1661,2001,0.0,2973.0,0.065059,-0.7806489999999999,SYC,AUS,8443
887265,216,14,1661,2001,174226.0,238517.0,0.37555900000000003,1.498267,THA,AUS,8443
887266,221,14,1661,2001,0.0,1692.0,-0.8627950000000001,-0.817174,TON,AUS,8443
887267,224,14,1661,2001,0.0,808.0,0.188773,1.91451,TUR,AUS,8443
887268,231,14,1661,2001,13666884.0,4562794.0,1.873674,0.168468,USA,AUS,8443
887269,239,14,1661,2001,0.0,24011.0,-0.6692130000000001,0.610992,VNM,AUS,8443
887270,240,14,1661,2001,0.0,20913.0,-0.9620719999999999,-0.873368,VUT,AUS,8443
887271,241,14,1661,2001,0.0,985.0,0.934326,-0.724379,WLF,AUS,8443
887272,242,14,1661,2001,0.0,13906.0,-0.361456,-0.690474,WSM,AUS,8443
887273,246,14,1661,2001,226583.0,212717.0,0.356842,2.006155,ZAF,AUS,8443
887274,248,14,1661,2001,0.0,2806.0,-0.6321829999999999,-0.453671,ZWE,AUS,8443
887275,249,14,1661,2001,778089.0,1494431.0,1.5731700000000002,1.353159,TWN,AUS,8443
887276,4,15,1661,2001,0.0,193538.0,-0.054125,0.104298,ALB,AUT,8443
887277,7,15,1661,2001,0.0,167472.0,-0.193984,-0.457124,ARE,AUT,8443
887278,8,15,1661,2001,0.0,133349.0,0.287698,0.547137,ARG,AUT,8443
887279,9,15,1661,2001,0.0,14789.0,0.834168,0.21458000000000002,ARM,AUT,8443
887280,14,15,1661,2001,2435.0,318209.0,0.29463,0.772375,AUS,AUT,8443
887281,18,15,1661,2001,1172976.0,785438.0,1.4328370000000001,1.408495,BEL,AUT,8443
887282,22,15,1661,2001,8683.0,86158.0,-1.0406739999999999,-1.010108,BGD,AUT,8443
887283,23,15,1661,2001,17332.0,1223235.0,0.41425100000000004,1.639866,BGR,AUT,8443
887284,24,15,1661,2001,0.0,4508.0,-0.11008399999999999,-1.053611,BHR,AUT,8443
887285,26,15,1661,2001,16282.0,251783.0,0.238083,0.362643,BIH,AUT,8443
887286,28,15,1661,2001,0.0,2020.0,0.804404,0.936773,BLR,AUT,8443
887287,32,15,1661,2001,0.0,912660.0,0.672496,1.051848,BRA,AUT,8443
887288,39,15,1661,2001,11115.0,1465744.0,0.971827,1.105171,CAN,AUT,8443
887289,41,15,1661,2001,25425093.0,1768686.0,2.227246,0.553956,CHE,AUT,8443
887290,42,15,1661,2001,0.0,18833.0,-0.004658,-0.002548,CHL,AUT,8443
887291,43,15,1661,2001,1954.0,8183534.0,0.525171,3.092963,CHN,AUT,8443
887292,49,15,1661,2001,0.0,20223.0,0.30412,0.395913,COL,AUT,8443
887293,58,15,1661,2001,0.0,2718.0,0.381251,0.257802,CYP,AUT,8443
887294,59,15,1661,2001,2697831.0,14300785.0,1.485703,1.109305,CZE,AUT,8443
887295,61,15,1661,2001,112751309.0,84574365.0,2.321375,-2.1110990000000003,DEU,AUT,8443
887296,64,15,1661,2001,2739232.0,247239.0,1.261883,1.351875,DNK,AUT,8443
887297,65,15,1661,2001,0.0,65454.0,-0.538419,-0.48773900000000003,DOM,AUT,8443
887298,66,15,1661,2001,2489.0,536247.0,-0.663363,-1.158295,DZA,AUT,8443
887299,67,15,1661,2001,0.0,70026.0,-0.852642,-0.896374,ECU,AUT,8443
887300,68,15,1661,2001,0.0,1463874.0,-0.373576,0.366385,EGY,AUT,8443
887301,71,15,1661,2001,157978.0,1563647.0,1.079664,1.9842220000000002,ESP,AUT,8443
887302,72,15,1661,2001,0.0,187151.0,0.5746829999999999,0.9073899999999999,EST,AUT,8443
887303,74,15,1661,2001,0.0,360969.0,2.069141,0.9375180000000001,FIN,AUT,8443
887304,77,15,1661,2001,3080833.0,3531797.0,1.653507,0.797582,FRA,AUT,8443
887305,81,15,1661,2001,1875865.0,2901613.0,1.976894,0.685435,GBR,AUT,8443
887306,82,15,1661,2001,0.0,911.0,0.585568,-0.047744999999999996,GEO,AUT,8443
887307,83,15,1661,2001,0.0,2422.0,-0.961067,-0.780449,GHA,AUT,8443
887308,90,15,1661,2001,0.0,258227.0,0.31387600000000004,1.3614600000000001,GRC,AUT,8443
887309,93,15,1661,2001,0.0,2153.0,-0.5089520000000001,0.216677,GTM,AUT,8443
887310,97,15,1661,2001,11944.0,651024.0,0.521528,2.3025,HKG,AUT,8443
887311,99,15,1661,2001,0.0,624539.0,-0.8003060000000001,-0.602097,HND,AUT,8443
887312,100,15,1661,2001,781543.0,1263266.0,0.544596,0.969535,HRV,AUT,8443
887313,102,15,1661,2001,2549573.0,4341729.0,1.102262,1.138016,HUN,AUT,8443
887314,103,15,1661,2001,0.0,954292.0,-0.167771,1.6587889999999998,IDN,AUT,8443
887315,104,15,1661,2001,7249.0,1846113.0,0.349744,2.665844,IND,AUT,8443
887316,106,15,1661,2001,4847.0,36227.0,1.664233,0.129983,IRL,AUT,8443
887317,107,15,1661,2001,0.0,414865.0,-0.7732479999999999,-0.8979370000000001,IRN,AUT,8443
887318,109,15,1661,2001,0.0,2669.0,0.032382999999999995,-0.51054,ISL,AUT,8443
887319,110,15,1661,2001,251194.0,250096.0,1.374873,0.775594,ISR,AUT,8443
887320,111,15,1661,2001,6220342.0,4343800.0,1.389926,1.282143,ITA,AUT,8443
887321,113,15,1661,2001,0.0,1366.0,0.375134,0.581558,JOR,AUT,8443
887322,114,15,1661,2001,2137369.0,592139.0,2.585857,0.522663,JPN,AUT,8443
887323,115,15,1661,2001,0.0,587851.0,0.009714,-0.525899,KAZ,AUT,8443
887324,116,15,1661,2001,0.0,116131.0,-0.529388,0.092271,KEN,AUT,8443
887325,117,15,1661,2001,1052.0,2281.0,0.23332199999999997,0.256019,KGZ,AUT,8443
887326,121,15,1661,2001,65674.0,2507212.0,1.145797,1.0762399999999999,KOR,AUT,8443
887327,122,15,1661,2001,0.0,9436.0,-0.8197,-1.183758,KWT,AUT,8443
887328,124,15,1661,2001,0.0,15024.0,0.165355,0.988008,LBN,AUT,8443
887329,128,15,1661,2001,0.0,152384.0,-0.722434,-0.033818,LKA,AUT,8443
887330,130,15,1661,2001,99210.0,67129.0,0.15706900000000001,0.416663,LTU,AUT,8443
887331,132,15,1661,2001,22444.0,12625.0,0.404136,0.461009,LVA,AUT,8443
887332,134,15,1661,2001,0.0,159005.0,-0.75275,-0.280397,MAR,AUT,8443
887333,135,15,1661,2001,0.0,176559.0,-0.024822,-0.15323399999999998,MDA,AUT,8443
887334,136,15,1661,2001,0.0,51189.0,-1.247531,-0.637093,MDG,AUT,8443
887335,138,15,1661,2001,0.0,4392059.0,0.797058,0.713234,MEX,AUT,8443
887336,140,15,1661,2001,0.0,160908.0,0.033097,0.43516499999999997,MKD,AUT,8443
887337,142,15,1661,2001,0.0,1146.0,1.065032,-0.065239,MLT,AUT,8443
887338,145,15,1661,2001,0.0,18368.0,-0.691001,-0.9284180000000001,MNG,AUT,8443
887339,147,15,1661,2001,0.0,2680.0,-1.2364879999999998,-1.136715,MOZ,AUT,8443
887340,152,15,1661,2001,0.0,32968.0,-1.388716,-1.116315,MWI,AUT,8443
887341,153,15,1661,2001,0.0,91533.0,0.768174,0.307033,MYS,AUT,8443
887342,159,15,1661,2001,0.0,908286.0,-1.966439,-1.2724520000000001,NGA,AUT,8443
887343,162,15,1661,2001,2899842.0,740807.0,1.315685,1.590935,NLD,AUT,8443
887344,163,15,1661,2001,0.0,199925.0,0.974814,0.06512000000000001,NOR,AUT,8443
887345,166,15,1661,2001,0.0,23291.0,0.521409,0.683134,NZL,AUT,8443
887346,167,15,1661,2001,0.0,33896.0,-0.909329,-1.189698,OMN,AUT,8443
887347,168,15,1661,2001,0.0,1843650.0,-0.8376520000000001,-0.378743,PAK,AUT,8443
887348,169,15,1661,2001,0.0,3902.0,0.17588199999999998,0.422505,PAN,AUT,8443
887349,173,15,1661,2001,0.0,17298.0,-0.345519,0.202623,PER,AUT,8443
887350,174,15,1661,2001,0.0,314649.0,-0.028201,-0.112349,PHL,AUT,8443
887351,177,15,1661,2001,3426263.0,11214577.0,0.9474540000000001,1.8408220000000002,POL,AUT,8443
887352,179,15,1661,2001,2700.0,857301.0,0.482048,1.662123,PRT,AUT,8443
887353,180,15,1661,2001,0.0,30604.0,-0.68893,-0.9326690000000001,PRY,AUT,8443
887354,185,15,1661,2001,161381.0,3868921.0,0.326733,1.005332,ROU,AUT,8443
887355,186,15,1661,2001,0.0,4807528.0,0.945816,0.35027600000000003,RUS,AUT,8443
887356,188,15,1661,2001,0.0,473685.0,0.5370550000000001,-0.793469,SAU,AUT,8443
887357,189,15,1661,2001,92312.0,3273359.0,0.45280200000000004,2.469852,SCG,AUT,8443
887358,192,15,1661,2001,27019.0,151039.0,1.364239,0.721074,SGP,AUT,8443
887359,196,15,1661,2001,0.0,5603.0,0.331949,0.186253,SLE,AUT,8443
887360,197,15,1661,2001,0.0,127795.0,-0.181554,-0.031294,SLV,AUT,8443
887361,206,15,1661,2001,129647.0,1377994.0,1.1732770000000001,1.088576,SVK,AUT,8443
887362,207,15,1661,2001,485684.0,2375908.0,1.5074370000000001,1.1370040000000001,SVN,AUT,8443
887363,208,15,1661,2001,840637.0,169536.0,2.156845,0.784439,SWE,AUT,8443
887364,212,15,1661,2001,0.0,31868.0,-1.057217,-0.716331,SYR,AUT,8443
887365,216,15,1661,2001,0.0,186330.0,0.37555900000000003,1.498267,THA,AUT,8443
887366,219,15,1661,2001,0.0,3920.0,-1.24627,-1.2760209999999998,TKM,AUT,8443
887367,222,15,1661,2001,0.0,13093.0,0.178256,-0.709126,TTO,AUT,8443
887368,223,15,1661,2001,0.0,119381.0,-0.162152,0.23939699999999997,TUN,AUT,8443
887369,224,15,1661,2001,32908.0,1374712.0,0.188773,1.91451,TUR,AUT,8443
887370,226,15,1661,2001,0.0,357875.0,-1.193991,-0.49282200000000004,TZA,AUT,8443
887371,227,15,1661,2001,0.0,9321.0,-0.9694860000000001,-0.840592,UGA,AUT,8443
887372,228,15,1661,2001,2423.0,3204037.0,0.8376969999999999,0.989059,UKR,AUT,8443
887373,231,15,1661,2001,1465334.0,16611645.0,1.873674,0.168468,USA,AUT,8443
887374,232,15,1661,2001,0.0,45503.0,-0.395913,-0.6454449999999999,UZB,AUT,8443
887375,236,15,1661,2001,0.0,5117.0,0.261158,-0.7397,VEN,AUT,8443
887376,237,15,1661,2001,0.0,18219.0,0.759566,-0.16636099999999998,VGB,AUT,8443
887377,239,15,1661,2001,0.0,3765.0,-0.6692130000000001,0.610992,VNM,AUT,8443
887378,243,15,1661,2001,0.0,37692.0,-1.465154,-1.261615,YEM,AUT,8443
887379,246,15,1661,2001,0.0,302066.0,0.356842,2.006155,ZAF,AUT,8443
887380,248,15,1661,2001,0.0,16672.0,-0.6321829999999999,-0.453671,ZWE,AUT,8443
887381,249,15,1661,2001,193240.0,561636.0,1.5731700000000002,1.353159,TWN,AUT,8443
887382,2,18,1661,2001,0.0,8283.0,-1.523823,-1.214093,AGO,BEL,8443
887383,6,18,1661,2001,0.0,1180.0,0.260662,-0.66681,ANT,BEL,8443
887384,7,18,1661,2001,0.0,823925.0,-0.193984,-0.457124,ARE,BEL,8443
887385,8,18,1661,2001,0.0,492684.0,0.287698,0.547137,ARG,BEL,8443
887386,9,18,1661,2001,0.0,82351.0,0.834168,0.21458000000000002,ARM,BEL,8443
887387,14,18,1661,2001,117073.0,491422.0,0.29463,0.772375,AUS,BEL,8443
887388,15,18,1661,2001,785438.0,1172976.0,1.8571650000000002,0.603191,AUT,BEL,8443
887389,17,18,1661,2001,0.0,43769.0,-0.554955,-0.755333,BDI,BEL,8443
887390,19,18,1661,2001,0.0,11785.0,-1.09233,-0.8276969999999999,BEN,BEL,8443
887391,21,18,1661,2001,0.0,67233.0,-0.291485,-0.20803000000000002,BFA,BEL,8443
887392,22,18,1661,2001,0.0,161523.0,-1.0406739999999999,-1.010108,BGD,BEL,8443
887393,23,18,1661,2001,0.0,91291.0,0.41425100000000004,1.639866,BGR,BEL,8443
887394,24,18,1661,2001,0.0,14987.0,-0.11008399999999999,-1.053611,BHR,BEL,8443
887395,30,18,1661,2001,0.0,4378.0,1.1006129999999998,-0.5565329999999999,BMU,BEL,8443
887396,31,18,1661,2001,0.0,1089.0,-0.680108,-0.678143,BOL,BEL,8443
887397,32,18,1661,2001,18002.0,424648.0,0.672496,1.051848,BRA,BEL,8443
887398,37,18,1661,2001,0.0,278419.0,-0.42690100000000003,-1.081372,BWA,BEL,8443
887399,38,18,1661,2001,0.0,2649.0,-0.682897,-0.8083140000000001,CAF,BEL,8443
887400,39,18,1661,2001,1300466.0,152733.0,0.971827,1.105171,CAN,BEL,8443
887401,41,18,1661,2001,8346652.0,3383237.0,2.227246,0.553956,CHE,BEL,8443
887402,42,18,1661,2001,7246.0,22987.0,-0.004658,-0.002548,CHL,BEL,8443
887403,43,18,1661,2001,252893.0,1099801.0,0.525171,3.092963,CHN,BEL,8443
887404,44,18,1661,2001,0.0,90130.0,-0.715949,-0.524428,CIV,BEL,8443
887405,45,18,1661,2001,0.0,33911.0,-1.6254879999999998,-1.212513,CMR,BEL,8443
887406,46,18,1661,2001,1434.0,212975.0,-1.421643,-1.154007,COD,BEL,8443
887407,47,18,1661,2001,0.0,5145.0,-1.482788,-1.172,COG,BEL,8443
887408,49,18,1661,2001,0.0,117171.0,0.30412,0.395913,COL,BEL,8443
887409,52,18,1661,2001,0.0,4222.0,0.069458,-0.042793,CRI,BEL,8443
887410,58,18,1661,2001,0.0,235701.0,0.381251,0.257802,CYP,BEL,8443
887411,59,18,1661,2001,613495.0,1543338.0,1.485703,1.109305,CZE,BEL,8443
887412,61,18,1661,2001,108081921.0,13064098.0,2.321375,-2.1110990000000003,DEU,BEL,8443
887413,64,18,1661,2001,2202229.0,1949236.0,1.261883,1.351875,DNK,BEL,8443
887414,65,18,1661,2001,0.0,16565.0,-0.538419,-0.48773900000000003,DOM,BEL,8443
887415,66,18,1661,2001,0.0,601326.0,-0.663363,-1.158295,DZA,BEL,8443
887416,67,18,1661,2001,0.0,9852.0,-0.852642,-0.896374,ECU,BEL,8443
887417,68,18,1661,2001,0.0,94241.0,-0.373576,0.366385,EGY,BEL,8443
887418,71,18,1661,2001,2709056.0,6165998.0,1.079664,1.9842220000000002,ESP,BEL,8443
887419,72,18,1661,2001,0.0,97787.0,0.5746829999999999,0.9073899999999999,EST,BEL,8443
887420,74,18,1661,2001,379585.0,801412.0,2.069141,0.9375180000000001,FIN,BEL,8443
887421,77,18,1661,2001,14389029.0,13783846.0,1.653507,0.797582,FRA,BEL,8443
887422,80,18,1661,2001,0.0,11427.0,-1.063007,-1.181284,GAB,BEL,8443
887423,81,18,1661,2001,6992545.0,9405533.0,1.976894,0.685435,GBR,BEL,8443
887424,83,18,1661,2001,0.0,29838.0,-0.961067,-0.780449,GHA,BEL,8443
887425,85,18,1661,2001,5396.0,17312.0,-1.5380340000000001,-1.200083,GIN,BEL,8443
887426,90,18,1661,2001,251496.0,1911599.0,0.31387600000000004,1.3614600000000001,GRC,BEL,8443
887427,93,18,1661,2001,64418.0,51840.0,-0.5089520000000001,0.216677,GTM,BEL,8443
887428,97,18,1661,2001,92241.0,3262169.0,0.521528,2.3025,HKG,BEL,8443
887429,100,18,1661,2001,0.0,609140.0,0.544596,0.969535,HRV,BEL,8443
887430,102,18,1661,2001,63343.0,599191.0,1.102262,1.138016,HUN,BEL,8443
887431,103,18,1661,2001,0.0,801905.0,-0.167771,1.6587889999999998,IDN,BEL,8443
887432,104,18,1661,2001,32997.0,559063.0,0.349744,2.665844,IND,BEL,8443
887433,106,18,1661,2001,35478.0,343519.0,1.664233,0.129983,IRL,BEL,8443
887434,107,18,1661,2001,0.0,517786.0,-0.7732479999999999,-0.8979370000000001,IRN,BEL,8443
887435,109,18,1661,2001,110529.0,165303.0,0.032382999999999995,-0.51054,ISL,BEL,8443
887436,110,18,1661,2001,24721846.0,1986824.0,1.374873,0.775594,ISR,BEL,8443
887437,111,18,1661,2001,2482590.0,6405077.0,1.389926,1.282143,ITA,BEL,8443
887438,113,18,1661,2001,0.0,334815.0,0.375134,0.581558,JOR,BEL,8443
887439,114,18,1661,2001,12761030.0,2644579.0,2.585857,0.522663,JPN,BEL,8443
887440,115,18,1661,2001,0.0,62303.0,0.009714,-0.525899,KAZ,BEL,8443
887441,116,18,1661,2001,0.0,8461.0,-0.529388,0.092271,KEN,BEL,8443
887442,121,18,1661,2001,301753.0,719550.0,1.145797,1.0762399999999999,KOR,BEL,8443
887443,122,18,1661,2001,0.0,3077.0,-0.8197,-1.183758,KWT,BEL,8443
887444,124,18,1661,2001,0.0,18410.0,0.165355,0.988008,LBN,BEL,8443
887445,126,18,1661,2001,0.0,3830.0,-0.9321459999999999,-1.198124,LBY,BEL,8443
887446,128,18,1661,2001,0.0,36343.0,-0.722434,-0.033818,LKA,BEL,8443
887447,130,18,1661,2001,0.0,27442.0,0.15706900000000001,0.416663,LTU,BEL,8443
887448,131,18,1661,2001,538726.0,8003378.0,1.470895,1.149007,LUX,BEL,8443
887449,132,18,1661,2001,0.0,12678.0,0.404136,0.461009,LVA,BEL,8443
887450,134,18,1661,2001,13892.0,388705.0,-0.75275,-0.280397,MAR,BEL,8443
887451,136,18,1661,2001,0.0,3383.0,-1.247531,-0.637093,MDG,BEL,8443
887452,138,18,1661,2001,0.0,2252071.0,0.797058,0.713234,MEX,BEL,8443
887453,140,18,1661,2001,0.0,144868.0,0.033097,0.43516499999999997,MKD,BEL,8443
887454,142,18,1661,2001,0.0,25105.0,1.065032,-0.065239,MLT,BEL,8443
887455,145,18,1661,2001,0.0,1248.0,-0.691001,-0.9284180000000001,MNG,BEL,8443
887456,148,18,1661,2001,0.0,8907.0,-1.187271,-1.240445,MRT,BEL,8443
887457,151,18,1661,2001,0.0,128837.0,-0.410422,-0.5868369999999999,MUS,BEL,8443
887458,153,18,1661,2001,107117.0,1849230.0,0.768174,0.307033,MYS,BEL,8443
887459,159,18,1661,2001,0.0,169205.0,-1.966439,-1.2724520000000001,NGA,BEL,8443
887460,160,18,1661,2001,0.0,14410.0,-0.8917430000000001,-0.713179,NIC,BEL,8443
887461,162,18,1661,2001,6079965.0,21944542.0,1.315685,1.590935,NLD,BEL,8443
887462,163,18,1661,2001,548239.0,698033.0,0.974814,0.06512000000000001,NOR,BEL,8443
887463,164,18,1661,2001,0.0,20155.0,-0.483749,-0.008754999999999999,NPL,BEL,8443
887464,166,18,1661,2001,0.0,7303.0,0.521409,0.683134,NZL,BEL,8443
887465,168,18,1661,2001,0.0,35847.0,-0.8376520000000001,-0.378743,PAK,BEL,8443
887466,173,18,1661,2001,0.0,3685.0,-0.345519,0.202623,PER,BEL,8443
887467,177,18,1661,2001,69606.0,1514759.0,0.9474540000000001,1.8408220000000002,POL,BEL,8443
887468,179,18,1661,2001,57326.0,5247001.0,0.482048,1.662123,PRT,BEL,8443
887469,180,18,1661,2001,0.0,5463.0,-0.68893,-0.9326690000000001,PRY,BEL,8443
887470,182,18,1661,2001,0.0,161957.0,-0.005456,-0.7210770000000001,PYF,BEL,8443
887471,185,18,1661,2001,166065.0,24500.0,0.326733,1.005332,ROU,BEL,8443
887472,186,18,1661,2001,179033.0,3362799.0,0.945816,0.35027600000000003,RUS,BEL,8443
887473,187,18,1661,2001,0.0,194279.0,-1.260879,-0.861347,RWA,BEL,8443
887474,188,18,1661,2001,0.0,455992.0,0.5370550000000001,-0.793469,SAU,BEL,8443
887475,189,18,1661,2001,0.0,21621.0,0.45280200000000004,2.469852,SCG,BEL,8443
887476,191,18,1661,2001,0.0,4238.0,-0.437779,-0.436654,SEN,BEL,8443
887477,192,18,1661,2001,67398.0,347450.0,1.364239,0.721074,SGP,BEL,8443
887478,206,18,1661,2001,491927.0,470666.0,1.1732770000000001,1.088576,SVK,BEL,8443
887479,207,18,1661,2001,11985.0,909236.0,1.5074370000000001,1.1370040000000001,SVN,BEL,8443
887480,208,18,1661,2001,927435.0,2932360.0,2.156845,0.784439,SWE,BEL,8443
887481,212,18,1661,2001,0.0,1075.0,-1.057217,-0.716331,SYR,BEL,8443
887482,214,18,1661,2001,0.0,6049.0,-0.655004,-0.872215,TCD,BEL,8443
887483,215,18,1661,2001,0.0,1091.0,-0.758725,-0.577004,TGO,BEL,8443
887484,216,18,1661,2001,0.0,264304.0,0.37555900000000003,1.498267,THA,BEL,8443
887485,217,18,1661,2001,0.0,1741.0,-0.833482,-1.062054,TJK,BEL,8443
887486,219,18,1661,2001,0.0,2318.0,-1.24627,-1.2760209999999998,TKM,BEL,8443
887487,223,18,1661,2001,19656.0,140207.0,-0.162152,0.23939699999999997,TUN,BEL,8443
887488,224,18,1661,2001,149616.0,201122.0,0.188773,1.91451,TUR,BEL,8443
887489,226,18,1661,2001,0.0,1829.0,-1.193991,-0.49282200000000004,TZA,BEL,8443
887490,227,18,1661,2001,21245.0,37755.0,-0.9694860000000001,-0.840592,UGA,BEL,8443
887491,228,18,1661,2001,0.0,187383.0,0.8376969999999999,0.989059,UKR,BEL,8443
887492,230,18,1661,2001,1808.0,0.0,0.36029,0.298869,URY,BEL,8443
887493,231,18,1661,2001,16533399.0,18349209.0,1.873674,0.168468,USA,BEL,8443
887494,236,18,1661,2001,0.0,1922.0,0.261158,-0.7397,VEN,BEL,8443
887495,239,18,1661,2001,0.0,54161.0,-0.6692130000000001,0.610992,VNM,BEL,8443
887496,243,18,1661,2001,0.0,1348.0,-1.465154,-1.261615,YEM,BEL,8443
887497,246,18,1661,2001,107891.0,297120.0,0.356842,2.006155,ZAF,BEL,8443
887498,249,18,1661,2001,1058788.0,316808.0,1.5731700000000002,1.353159,TWN,BEL,8443
887499,14,22,1661,2001,264764.0,0.0,0.29463,0.772375,AUS,BGD,8443
887500,15,22,1661,2001,86158.0,8683.0,1.8571650000000002,0.603191,AUT,BGD,8443
887501,18,22,1661,2001,161523.0,0.0,1.4328370000000001,1.408495,BEL,BGD,8443
887502,41,22,1661,2001,437402.0,0.0,2.227246,0.553956,CHE,BGD,8443
887503,43,22,1661,2001,188974.0,0.0,0.525171,3.092963,CHN,BGD,8443
887504,61,22,1661,2001,881829.0,0.0,2.321375,-2.1110990000000003,DEU,BGD,8443
887505,64,22,1661,2001,2004.0,0.0,1.261883,1.351875,DNK,BGD,8443
887506,71,22,1661,2001,20502.0,0.0,1.079664,1.9842220000000002,ESP,BGD,8443
887507,77,22,1661,2001,119538.0,7198.0,1.653507,0.797582,FRA,BGD,8443
887508,81,22,1661,2001,678419.0,23194.0,1.976894,0.685435,GBR,BGD,8443
887509,97,22,1661,2001,114077.0,1250.0,0.521528,2.3025,HKG,BGD,8443
887510,103,22,1661,2001,10315.0,0.0,-0.167771,1.6587889999999998,IDN,BGD,8443
887511,104,22,1661,2001,852100.0,0.0,0.349744,2.665844,IND,BGD,8443
887512,110,22,1661,2001,41990.0,0.0,1.374873,0.775594,ISR,BGD,8443
887513,111,22,1661,2001,194073.0,0.0,1.389926,1.282143,ITA,BGD,8443
887514,114,22,1661,2001,775366.0,0.0,2.585857,0.522663,JPN,BGD,8443
887515,121,22,1661,2001,536163.0,19737.0,1.145797,1.0762399999999999,KOR,BGD,8443
887516,153,22,1661,2001,11288.0,0.0,0.768174,0.307033,MYS,BGD,8443
887517,162,22,1661,2001,45781.0,0.0,1.315685,1.590935,NLD,BGD,8443
887518,166,22,1661,2001,21257.0,0.0,0.521409,0.683134,NZL,BGD,8443
887519,178,22,1661,2001,12577.0,0.0,0.62773,1.010888,PRK,BGD,8443
887520,192,22,1661,2001,370627.0,0.0,1.364239,0.721074,SGP,BGD,8443
887521,216,22,1661,2001,97621.0,0.0,0.37555900000000003,1.498267,THA,BGD,8443
887522,224,22,1661,2001,24669.0,0.0,0.188773,1.91451,TUR,BGD,8443
887523,231,22,1661,2001,571123.0,0.0,1.873674,0.168468,USA,BGD,8443
887524,249,22,1661,2001,769413.0,0.0,1.5731700000000002,1.353159,TWN,BGD,8443
887525,43,25,1661,2001,21508.0,0.0,0.525171,3.092963,CHN,BHS,8443
887526,59,25,1661,2001,128009.0,0.0,1.485703,1.109305,CZE,BHS,8443
887527,77,25,1661,2001,0.0,5779.0,1.653507,0.797582,FRA,BHS,8443
887528,81,25,1661,2001,1641.0,0.0,1.976894,0.685435,GBR,BHS,8443
887529,112,25,1661,2001,0.0,6492.0,-0.541582,-0.837248,JAM,BHS,8443
887530,114,25,1661,2001,2015.0,0.0,2.585857,0.522663,JPN,BHS,8443
887531,162,25,1661,2001,1767.0,0.0,1.315685,1.590935,NLD,BHS,8443
887532,177,25,1661,2001,62993.0,0.0,0.9474540000000001,1.8408220000000002,POL,BHS,8443
887533,231,25,1661,2001,361766.0,10725.0,1.873674,0.168468,USA,BHS,8443
887534,2,32,1661,2001,0.0,2440.0,-1.523823,-1.214093,AGO,BRA,8443
887535,8,32,1661,2001,2126477.0,1819415.0,0.287698,0.547137,ARG,BRA,8443
887536,14,32,1661,2001,67546.0,9557.0,0.29463,0.772375,AUS,BRA,8443
887537,15,32,1661,2001,912660.0,0.0,1.8571650000000002,0.603191,AUT,BRA,8443
887538,18,32,1661,2001,424648.0,18002.0,1.4328370000000001,1.408495,BEL,BRA,8443
887539,31,32,1661,2001,0.0,314106.0,-0.680108,-0.678143,BOL,BRA,8443
887540,39,32,1661,2001,2290762.0,79563.0,0.971827,1.105171,CAN,BRA,8443
887541,41,32,1661,2001,3051544.0,103171.0,2.227246,0.553956,CHE,BRA,8443
887542,42,32,1661,2001,264585.0,1476890.0,-0.004658,-0.002548,CHL,BRA,8443
887543,43,32,1661,2001,163178.0,64401.0,0.525171,3.092963,CHN,BRA,8443
887544,49,32,1661,2001,192257.0,183611.0,0.30412,0.395913,COL,BRA,8443
887545,52,32,1661,2001,0.0,6505.0,0.069458,-0.042793,CRI,BRA,8443
887546,59,32,1661,2001,871727.0,0.0,1.485703,1.109305,CZE,BRA,8443
887547,61,32,1661,2001,107445674.0,86388.0,2.321375,-2.1110990000000003,DEU,BRA,8443
887548,64,32,1661,2001,1442032.0,9078.0,1.261883,1.351875,DNK,BRA,8443
887549,65,32,1661,2001,0.0,71562.0,-0.538419,-0.48773900000000003,DOM,BRA,8443
887550,67,32,1661,2001,0.0,284970.0,-0.852642,-0.896374,ECU,BRA,8443
887551,71,32,1661,2001,8729690.0,49059.0,1.079664,1.9842220000000002,ESP,BRA,8443
887552,74,32,1661,2001,58637.0,332396.0,2.069141,0.9375180000000001,FIN,BRA,8443
887553,77,32,1661,2001,22065934.0,15518.0,1.653507,0.797582,FRA,BRA,8443
887554,81,32,1661,2001,3859882.0,13906.0,1.976894,0.685435,GBR,BRA,8443
887555,90,32,1661,2001,2647.0,0.0,0.31387600000000004,1.3614600000000001,GRC,BRA,8443
887556,93,32,1661,2001,0.0,9280.0,-0.5089520000000001,0.216677,GTM,BRA,8443
887557,97,32,1661,2001,19249.0,4215.0,0.521528,2.3025,HKG,BRA,8443
887558,99,32,1661,2001,0.0,4938.0,-0.8003060000000001,-0.602097,HND,BRA,8443
887559,102,32,1661,2001,6648.0,0.0,1.102262,1.138016,HUN,BRA,8443
887560,104,32,1661,2001,178699.0,0.0,0.349744,2.665844,IND,BRA,8443
887561,106,32,1661,2001,2645.0,0.0,1.664233,0.129983,IRL,BRA,8443
887562,110,32,1661,2001,1413298.0,928.0,1.374873,0.775594,ISR,BRA,8443
887563,111,32,1661,2001,10902449.0,499759.0,1.389926,1.282143,ITA,BRA,8443
887564,114,32,1661,2001,8923039.0,3356.0,2.585857,0.522663,JPN,BRA,8443
887565,121,32,1661,2001,451806.0,13188.0,1.145797,1.0762399999999999,KOR,BRA,8443
887566,122,32,1661,2001,0.0,1963.0,-0.8197,-1.183758,KWT,BRA,8443
887567,138,32,1661,2001,177676.0,393423.0,0.797058,0.713234,MEX,BRA,8443
887568,147,32,1661,2001,0.0,1274.0,-1.2364879999999998,-1.136715,MOZ,BRA,8443
887569,153,32,1661,2001,47447.0,0.0,0.768174,0.307033,MYS,BRA,8443
887570,162,32,1661,2001,5343544.0,76392.0,1.315685,1.590935,NLD,BRA,8443
887571,166,32,1661,2001,1488.0,0.0,0.521409,0.683134,NZL,BRA,8443
887572,169,32,1661,2001,0.0,445429.0,0.17588199999999998,0.422505,PAN,BRA,8443
887573,173,32,1661,2001,9171.0,433008.0,-0.345519,0.202623,PER,BRA,8443
887574,178,32,1661,2001,132504.0,0.0,0.62773,1.010888,PRK,BRA,8443
887575,179,32,1661,2001,571164.0,302449.0,0.482048,1.662123,PRT,BRA,8443
887576,180,32,1661,2001,0.0,396676.0,-0.68893,-0.9326690000000001,PRY,BRA,8443
887577,186,32,1661,2001,0.0,77496.0,0.945816,0.35027600000000003,RUS,BRA,8443
887578,192,32,1661,2001,6466.0,0.0,1.364239,0.721074,SGP,BRA,8443
887579,208,32,1661,2001,813643.0,0.0,2.156845,0.784439,SWE,BRA,8443
887580,216,32,1661,2001,5955.0,0.0,0.37555900000000003,1.498267,THA,BRA,8443
887581,222,32,1661,2001,0.0,593.0,0.178256,-0.709126,TTO,BRA,8443
887582,230,32,1661,2001,13459.0,127743.0,0.36029,0.298869,URY,BRA,8443
887583,231,32,1661,2001,40489356.0,875974.0,1.873674,0.168468,USA,BRA,8443
887584,236,32,1661,2001,62930.0,65051.0,0.261158,-0.7397,VEN,BRA,8443
887585,246,32,1661,2001,532521.0,0.0,0.356842,2.006155,ZAF,BRA,8443
887586,249,32,1661,2001,2229453.0,11329.0,1.5731700000000002,1.353159,TWN,BRA,8443
887587,39,33,1661,2001,25221.0,0.0,0.971827,1.105171,CAN,BRB,8443
887588,41,33,1661,2001,584.0,0.0,2.227246,0.553956,CHE,BRB,8443
887589,43,33,1661,2001,537.0,0.0,0.525171,3.092963,CHN,BRB,8443
887590,61,33,1661,2001,1235517.0,1712.0,2.321375,-2.1110990000000003,DEU,BRB,8443
887591,63,33,1661,2001,0.0,1389.0,0.613251,0.226998,DMA,BRB,8443
887592,64,33,1661,2001,29965.0,0.0,1.261883,1.351875,DNK,BRB,8443
887593,71,33,1661,2001,2492.0,0.0,1.079664,1.9842220000000002,ESP,BRB,8443
887594,81,33,1661,2001,160739.0,1329216.0,1.976894,0.685435,GBR,BRB,8443
887595,110,33,1661,2001,2581.0,0.0,1.374873,0.775594,ISR,BRB,8443
887596,114,33,1661,2001,116841.0,0.0,2.585857,0.522663,JPN,BRB,8443
887597,127,33,1661,2001,0.0,1012.0,0.004518,-0.5326770000000001,LCA,BRB,8443
887598,138,33,1661,2001,750.0,0.0,0.797058,0.713234,MEX,BRB,8443
887599,208,33,1661,2001,39617.0,0.0,2.156845,0.784439,SWE,BRB,8443
887600,222,33,1661,2001,20956.0,0.0,0.178256,-0.709126,TTO,BRB,8443
887601,231,33,1661,2001,284150.0,36857.0,1.873674,0.168468,USA,BRB,8443
887602,234,33,1661,2001,0.0,959.0,-0.5042,-0.7987609999999999,VCT,BRB,8443
887603,7,39,1661,2001,0.0,115809.0,-0.193984,-0.457124,ARE,CAN,8443
887604,8,39,1661,2001,237448.0,77351.0,0.287698,0.547137,ARG,CAN,8443
887605,14,39,1661,2001,514847.0,502306.0,0.29463,0.772375,AUS,CAN,8443
887606,15,39,1661,2001,1465744.0,11115.0,1.8571650000000002,0.603191,AUT,CAN,8443
887607,18,39,1661,2001,152733.0,1300466.0,1.4328370000000001,1.408495,BEL,CAN,8443
887608,23,39,1661,2001,23581.0,33221.0,0.41425100000000004,1.639866,BGR,CAN,8443
887609,30,39,1661,2001,4510.0,0.0,1.1006129999999998,-0.5565329999999999,BMU,CAN,8443
887610,32,39,1661,2001,79563.0,2290762.0,0.672496,1.051848,BRA,CAN,8443
887611,33,39,1661,2001,0.0,25221.0,0.725546,0.172345,BRB,CAN,8443
887612,41,39,1661,2001,3281499.0,1038790.0,2.227246,0.553956,CHE,CAN,8443
887613,42,39,1661,2001,0.0,320722.0,-0.004658,-0.002548,CHL,CAN,8443
887614,43,39,1661,2001,143193.0,3274129.0,0.525171,3.092963,CHN,CAN,8443
887615,44,39,1661,2001,0.0,1921.0,-0.715949,-0.524428,CIV,CAN,8443
887616,45,39,1661,2001,3304.0,1340.0,-1.6254879999999998,-1.212513,CMR,CAN,8443
887617,49,39,1661,2001,1221.0,470864.0,0.30412,0.395913,COL,CAN,8443
887618,52,39,1661,2001,154397.0,82804.0,0.069458,-0.042793,CRI,CAN,8443
887619,54,39,1661,2001,13446.0,47318.0,-0.443391,-0.9599030000000001,CUB,CAN,8443
887620,57,39,1661,2001,1076.0,0.0,0.611577,-0.6532939999999999,CYM,CAN,8443
887621,59,39,1661,2001,645131.0,17837.0,1.485703,1.109305,CZE,CAN,8443
887622,61,39,1661,2001,69524301.0,5435881.0,2.321375,-2.1110990000000003,DEU,CAN,8443
887623,64,39,1661,2001,142004.0,121279.0,1.261883,1.351875,DNK,CAN,8443
887624,65,39,1661,2001,0.0,156504.0,-0.538419,-0.48773900000000003,DOM,CAN,8443
887625,66,39,1661,2001,0.0,393321.0,-0.663363,-1.158295,DZA,CAN,8443
887626,67,39,1661,2001,0.0,155892.0,-0.852642,-0.896374,ECU,CAN,8443
887627,68,39,1661,2001,0.0,242819.0,-0.373576,0.366385,EGY,CAN,8443
887628,71,39,1661,2001,153359.0,229107.0,1.079664,1.9842220000000002,ESP,CAN,8443
887629,72,39,1661,2001,0.0,3204.0,0.5746829999999999,0.9073899999999999,EST,CAN,8443
887630,74,39,1661,2001,54613.0,104678.0,2.069141,0.9375180000000001,FIN,CAN,8443
887631,77,39,1661,2001,7464037.0,521113.0,1.653507,0.797582,FRA,CAN,8443
887632,81,39,1661,2001,12226883.0,2346790.0,1.976894,0.685435,GBR,CAN,8443
887633,83,39,1661,2001,0.0,205817.0,-0.961067,-0.780449,GHA,CAN,8443
887634,90,39,1661,2001,0.0,2450.0,0.31387600000000004,1.3614600000000001,GRC,CAN,8443
887635,91,39,1661,2001,0.0,2613.0,-0.007888,-0.518167,GRD,CAN,8443
887636,93,39,1661,2001,0.0,48217.0,-0.5089520000000001,0.216677,GTM,CAN,8443
887637,96,39,1661,2001,0.0,10698.0,-0.955816,-0.8593069999999999,GUY,CAN,8443
887638,97,39,1661,2001,1384508.0,804703.0,0.521528,2.3025,HKG,CAN,8443
887639,99,39,1661,2001,0.0,6855.0,-0.8003060000000001,-0.602097,HND,CAN,8443
887640,100,39,1661,2001,0.0,4509.0,0.544596,0.969535,HRV,CAN,8443
887641,101,39,1661,2001,0.0,12339.0,-1.220515,-0.8502200000000001,HTI,CAN,8443
887642,102,39,1661,2001,92935.0,13920.0,1.102262,1.138016,HUN,CAN,8443
887643,103,39,1661,2001,0.0,683662.0,-0.167771,1.6587889999999998,IDN,CAN,8443
887644,104,39,1661,2001,17482.0,340385.0,0.349744,2.665844,IND,CAN,8443
887645,106,39,1661,2001,53792.0,78199.0,1.664233,0.129983,IRL,CAN,8443
887646,107,39,1661,2001,0.0,34725.0,-0.7732479999999999,-0.8979370000000001,IRN,CAN,8443
887647,109,39,1661,2001,59510.0,0.0,0.032382999999999995,-0.51054,ISL,CAN,8443
887648,110,39,1661,2001,882151.0,563870.0,1.374873,0.775594,ISR,CAN,8443
887649,111,39,1661,2001,18802869.0,666748.0,1.389926,1.282143,ITA,CAN,8443
887650,112,39,1661,2001,0.0,11441.0,-0.541582,-0.837248,JAM,CAN,8443
887651,113,39,1661,2001,0.0,781.0,0.375134,0.581558,JOR,CAN,8443
887652,114,39,1661,2001,8031046.0,3893281.0,2.585857,0.522663,JPN,CAN,8443
887653,116,39,1661,2001,0.0,4055.0,-0.529388,0.092271,KEN,CAN,8443
887654,118,39,1661,2001,0.0,495.0,-1.231058,-1.154536,KHM,CAN,8443
887655,120,39,1661,2001,0.0,1471.0,0.612222,-0.440733,KNA,CAN,8443
887656,121,39,1661,2001,180746.0,480681.0,1.145797,1.0762399999999999,KOR,CAN,8443
887657,122,39,1661,2001,0.0,44491.0,-0.8197,-1.183758,KWT,CAN,8443
887658,124,39,1661,2001,446.0,21408.0,0.165355,0.988008,LBN,CAN,8443
887659,127,39,1661,2001,0.0,5105.0,0.004518,-0.5326770000000001,LCA,CAN,8443
887660,128,39,1661,2001,0.0,16195.0,-0.722434,-0.033818,LKA,CAN,8443
887661,130,39,1661,2001,1318.0,0.0,0.15706900000000001,0.416663,LTU,CAN,8443
887662,131,39,1661,2001,4604.0,0.0,1.470895,1.149007,LUX,CAN,8443
887663,132,39,1661,2001,0.0,5862.0,0.404136,0.461009,LVA,CAN,8443
887664,138,39,1661,2001,101771.0,2702588.0,0.797058,0.713234,MEX,CAN,8443
887665,153,39,1661,2001,7928.0,324913.0,0.768174,0.307033,MYS,CAN,8443
887666,159,39,1661,2001,0.0,10689.0,-1.966439,-1.2724520000000001,NGA,CAN,8443
887667,160,39,1661,2001,0.0,756.0,-0.8917430000000001,-0.713179,NIC,CAN,8443
887668,162,39,1661,2001,2576947.0,121616.0,1.315685,1.590935,NLD,CAN,8443
887669,163,39,1661,2001,79299.0,20304.0,0.974814,0.06512000000000001,NOR,CAN,8443
887670,166,39,1661,2001,1153.0,3786642.0,0.521409,0.683134,NZL,CAN,8443
887671,167,39,1661,2001,0.0,1337.0,-0.909329,-1.189698,OMN,CAN,8443
887672,168,39,1661,2001,0.0,844434.0,-0.8376520000000001,-0.378743,PAK,CAN,8443
887673,169,39,1661,2001,0.0,9983.0,0.17588199999999998,0.422505,PAN,CAN,8443
887674,173,39,1661,2001,0.0,96044.0,-0.345519,0.202623,PER,CAN,8443
887675,174,39,1661,2001,0.0,50365.0,-0.028201,-0.112349,PHL,CAN,8443
887676,177,39,1661,2001,2389.0,84665.0,0.9474540000000001,1.8408220000000002,POL,CAN,8443
887677,179,39,1661,2001,84934.0,109936.0,0.482048,1.662123,PRT,CAN,8443
887678,180,39,1661,2001,0.0,9747.0,-0.68893,-0.9326690000000001,PRY,CAN,8443
887679,185,39,1661,2001,0.0,9068.0,0.326733,1.005332,ROU,CAN,8443
887680,186,39,1661,2001,0.0,399335.0,0.945816,0.35027600000000003,RUS,CAN,8443
887681,188,39,1661,2001,0.0,56932.0,0.5370550000000001,-0.793469,SAU,CAN,8443
887682,191,39,1661,2001,0.0,14732.0,-0.437779,-0.436654,SEN,CAN,8443
887683,192,39,1661,2001,61286.0,89975.0,1.364239,0.721074,SGP,CAN,8443
887684,197,39,1661,2001,0.0,29682.0,-0.181554,-0.031294,SLV,CAN,8443
887685,207,39,1661,2001,0.0,1498.0,1.5074370000000001,1.1370040000000001,SVN,CAN,8443
887686,208,39,1661,2001,1472454.0,608602.0,2.156845,0.784439,SWE,CAN,8443
887687,216,39,1661,2001,1963.0,4774.0,0.37555900000000003,1.498267,THA,CAN,8443
887688,222,39,1661,2001,835.0,40596.0,0.178256,-0.709126,TTO,CAN,8443
887689,223,39,1661,2001,0.0,50835.0,-0.162152,0.23939699999999997,TUN,CAN,8443
887690,224,39,1661,2001,0.0,40620.0,0.188773,1.91451,TUR,CAN,8443
887691,226,39,1661,2001,0.0,402474.0,-1.193991,-0.49282200000000004,TZA,CAN,8443
887692,228,39,1661,2001,0.0,212606.0,0.8376969999999999,0.989059,UKR,CAN,8443
887693,230,39,1661,2001,0.0,41064.0,0.36029,0.298869,URY,CAN,8443
887694,231,39,1661,2001,167709647.0,48578393.0,1.873674,0.168468,USA,CAN,8443
887695,236,39,1661,2001,0.0,1974.0,0.261158,-0.7397,VEN,CAN,8443
887696,239,39,1661,2001,0.0,18154.0,-0.6692130000000001,0.610992,VNM,CAN,8443
887697,246,39,1661,2001,34056.0,183229.0,0.356842,2.006155,ZAF,CAN,8443
887698,248,39,1661,2001,0.0,156273.0,-0.6321829999999999,-0.453671,ZWE,CAN,8443
887699,249,39,1661,2001,1300511.0,218108.0,1.5731700000000002,1.353159,TWN,CAN,8443
887700,7,41,1661,2001,1323.0,983108.0,-0.193984,-0.457124,ARE,CHE,8443
887701,8,41,1661,2001,1039.0,620084.0,0.287698,0.547137,ARG,CHE,8443
887702,9,41,1661,2001,0.0,329.0,0.834168,0.21458000000000002,ARM,CHE,8443
887703,14,41,1661,2001,6706.0,14369683.0,0.29463,0.772375,AUS,CHE,8443
887704,15,41,1661,2001,1768686.0,25425093.0,1.8571650000000002,0.603191,AUT,CHE,8443
887705,18,41,1661,2001,3383237.0,8346652.0,1.4328370000000001,1.408495,BEL,CHE,8443
887706,19,41,1661,2001,0.0,8085.0,-1.09233,-0.8276969999999999,BEN,CHE,8443
887707,22,41,1661,2001,0.0,437402.0,-1.0406739999999999,-1.010108,BGD,CHE,8443
887708,23,41,1661,2001,2987.0,248718.0,0.41425100000000004,1.639866,BGR,CHE,8443
887709,24,41,1661,2001,0.0,1014.0,-0.11008399999999999,-1.053611,BHR,CHE,8443
887710,26,41,1661,2001,0.0,39339.0,0.238083,0.362643,BIH,CHE,8443
887711,28,41,1661,2001,30312.0,183034.0,0.804404,0.936773,BLR,CHE,8443
887712,31,41,1661,2001,0.0,1862.0,-0.680108,-0.678143,BOL,CHE,8443
887713,32,41,1661,2001,103171.0,3051544.0,0.672496,1.051848,BRA,CHE,8443
887714,33,41,1661,2001,0.0,584.0,0.725546,0.172345,BRB,CHE,8443
887715,37,41,1661,2001,0.0,92475.0,-0.42690100000000003,-1.081372,BWA,CHE,8443
887716,39,41,1661,2001,1038790.0,3281499.0,0.971827,1.105171,CAN,CHE,8443
887717,42,41,1661,2001,0.0,159276.0,-0.004658,-0.002548,CHL,CHE,8443
887718,43,41,1661,2001,411081.0,26639797.0,0.525171,3.092963,CHN,CHE,8443
887719,44,41,1661,2001,0.0,20840.0,-0.715949,-0.524428,CIV,CHE,8443
887720,45,41,1661,2001,0.0,16150.0,-1.6254879999999998,-1.212513,CMR,CHE,8443
887721,49,41,1661,2001,7125.0,261314.0,0.30412,0.395913,COL,CHE,8443
887722,52,41,1661,2001,0.0,117161.0,0.069458,-0.042793,CRI,CHE,8443
887723,54,41,1661,2001,1950.0,212969.0,-0.443391,-0.9599030000000001,CUB,CHE,8443
887724,58,41,1661,2001,0.0,2680.0,0.381251,0.257802,CYP,CHE,8443
887725,59,41,1661,2001,1746512.0,12022567.0,1.485703,1.109305,CZE,CHE,8443
887726,61,41,1661,2001,146554495.0,280370440.0,2.321375,-2.1110990000000003,DEU,CHE,8443
887727,64,41,1661,2001,801272.0,22905833.0,1.261883,1.351875,DNK,CHE,8443
887728,65,41,1661,2001,0.0,78507.0,-0.538419,-0.48773900000000003,DOM,CHE,8443
887729,66,41,1661,2001,0.0,1220136.0,-0.663363,-1.158295,DZA,CHE,8443
887730,67,41,1661,2001,0.0,124233.0,-0.852642,-0.896374,ECU,CHE,8443
887731,68,41,1661,2001,0.0,491518.0,-0.373576,0.366385,EGY,CHE,8443
887732,71,41,1661,2001,1110631.0,22808168.0,1.079664,1.9842220000000002,ESP,CHE,8443
887733,72,41,1661,2001,1229687.0,83279.0,0.5746829999999999,0.9073899999999999,EST,CHE,8443
887734,74,41,1661,2001,373922.0,8359460.0,2.069141,0.9375180000000001,FIN,CHE,8443
887735,77,41,1661,2001,7420209.0,38442676.0,1.653507,0.797582,FRA,CHE,8443
887736,80,41,1661,2001,0.0,1642.0,-1.063007,-1.181284,GAB,CHE,8443
887737,81,41,1661,2001,7380236.0,39777234.0,1.976894,0.685435,GBR,CHE,8443
887738,82,41,1661,2001,0.0,278.0,0.585568,-0.047744999999999996,GEO,CHE,8443
887739,83,41,1661,2001,0.0,8230.0,-0.961067,-0.780449,GHA,CHE,8443
887740,85,41,1661,2001,0.0,10141.0,-1.5380340000000001,-1.200083,GIN,CHE,8443
887741,90,41,1661,2001,12657.0,8575032.0,0.31387600000000004,1.3614600000000001,GRC,CHE,8443
887742,93,41,1661,2001,0.0,273066.0,-0.5089520000000001,0.216677,GTM,CHE,8443
887743,97,41,1661,2001,27448.0,8271207.0,0.521528,2.3025,HKG,CHE,8443
887744,100,41,1661,2001,36183.0,496618.0,0.544596,0.969535,HRV,CHE,8443
887745,101,41,1661,2001,0.0,37431.0,-1.220515,-0.8502200000000001,HTI,CHE,8443
887746,102,41,1661,2001,293444.0,3563171.0,1.102262,1.138016,HUN,CHE,8443
887747,103,41,1661,2001,0.0,3301913.0,-0.167771,1.6587889999999998,IDN,CHE,8443
887748,104,41,1661,2001,0.0,443288.0,0.349744,2.665844,IND,CHE,8443
887749,106,41,1661,2001,1214993.0,1973678.0,1.664233,0.129983,IRL,CHE,8443
887750,107,41,1661,2001,0.0,946803.0,-0.7732479999999999,-0.8979370000000001,IRN,CHE,8443
887751,109,41,1661,2001,0.0,3944.0,0.032382999999999995,-0.51054,ISL,CHE,8443
887752,110,41,1661,2001,450804.0,5481122.0,1.374873,0.775594,ISR,CHE,8443
887753,111,41,1661,2001,21569924.0,41214712.0,1.389926,1.282143,ITA,CHE,8443
887754,113,41,1661,2001,1212.0,57732.0,0.375134,0.581558,JOR,CHE,8443
887755,114,41,1661,2001,4874588.0,18681106.0,2.585857,0.522663,JPN,CHE,8443
887756,115,41,1661,2001,0.0,605618.0,0.009714,-0.525899,KAZ,CHE,8443
887757,116,41,1661,2001,0.0,1997.0,-0.529388,0.092271,KEN,CHE,8443
887758,121,41,1661,2001,23318.0,1040181.0,1.145797,1.0762399999999999,KOR,CHE,8443
887759,122,41,1661,2001,0.0,5578.0,-0.8197,-1.183758,KWT,CHE,8443
887760,124,41,1661,2001,7942.0,7840.0,0.165355,0.988008,LBN,CHE,8443
887761,125,41,1661,2001,0.0,1010.0,-0.49036,-1.126565,LBR,CHE,8443
887762,126,41,1661,2001,0.0,237657.0,-0.9321459999999999,-1.198124,LBY,CHE,8443
887763,127,41,1661,2001,0.0,961.0,0.004518,-0.5326770000000001,LCA,CHE,8443
887764,128,41,1661,2001,0.0,61159.0,-0.722434,-0.033818,LKA,CHE,8443
887765,130,41,1661,2001,1482.0,413260.0,0.15706900000000001,0.416663,LTU,CHE,8443
887766,131,41,1661,2001,4871.0,1401198.0,1.470895,1.149007,LUX,CHE,8443
887767,132,41,1661,2001,0.0,593586.0,0.404136,0.461009,LVA,CHE,8443
887768,134,41,1661,2001,0.0,65685.0,-0.75275,-0.280397,MAR,CHE,8443
887769,135,41,1661,2001,0.0,52973.0,-0.024822,-0.15323399999999998,MDA,CHE,8443
887770,136,41,1661,2001,0.0,138078.0,-1.247531,-0.637093,MDG,CHE,8443
887771,138,41,1661,2001,12583.0,4715081.0,0.797058,0.713234,MEX,CHE,8443
887772,140,41,1661,2001,1554.0,232061.0,0.033097,0.43516499999999997,MKD,CHE,8443
887773,141,41,1661,2001,0.0,2856.0,-0.40341,-0.626402,MLI,CHE,8443
887774,142,41,1661,2001,0.0,10221.0,1.065032,-0.065239,MLT,CHE,8443
887775,151,41,1661,2001,0.0,6208.0,-0.410422,-0.5868369999999999,MUS,CHE,8443
887776,153,41,1661,2001,32154.0,2534381.0,0.768174,0.307033,MYS,CHE,8443
887777,155,41,1661,2001,0.0,3915.0,-0.625912,-0.854247,NAM,CHE,8443
887778,156,41,1661,2001,0.0,1564.0,-0.837087,-0.9207040000000001,NCL,CHE,8443
887779,159,41,1661,2001,0.0,93305.0,-1.966439,-1.2724520000000001,NGA,CHE,8443
887780,162,41,1661,2001,8329629.0,11912214.0,1.315685,1.590935,NLD,CHE,8443
887781,163,41,1661,2001,189336.0,2525403.0,0.974814,0.06512000000000001,NOR,CHE,8443
887782,166,41,1661,2001,1963.0,421402.0,0.521409,0.683134,NZL,CHE,8443
887783,167,41,1661,2001,0.0,55533.0,-0.909329,-1.189698,OMN,CHE,8443
887784,168,41,1661,2001,0.0,100326.0,-0.8376520000000001,-0.378743,PAK,CHE,8443
887785,169,41,1661,2001,0.0,48029.0,0.17588199999999998,0.422505,PAN,CHE,8443
887786,173,41,1661,2001,0.0,269137.0,-0.345519,0.202623,PER,CHE,8443
887787,174,41,1661,2001,0.0,277410.0,-0.028201,-0.112349,PHL,CHE,8443
887788,177,41,1661,2001,1090552.0,9866279.0,0.9474540000000001,1.8408220000000002,POL,CHE,8443
887789,178,41,1661,2001,0.0,7882.0,0.62773,1.010888,PRK,CHE,8443
887790,179,41,1661,2001,58613.0,4278313.0,0.482048,1.662123,PRT,CHE,8443
887791,185,41,1661,2001,0.0,766010.0,0.326733,1.005332,ROU,CHE,8443
887792,186,41,1661,2001,1731.0,4161839.0,0.945816,0.35027600000000003,RUS,CHE,8443
887793,187,41,1661,2001,0.0,6397.0,-1.260879,-0.861347,RWA,CHE,8443
887794,188,41,1661,2001,105750.0,2942298.0,0.5370550000000001,-0.793469,SAU,CHE,8443
887795,189,41,1661,2001,0.0,1685792.0,0.45280200000000004,2.469852,SCG,CHE,8443
887796,190,41,1661,2001,0.0,3330.0,-1.6325180000000001,-1.263267,SDN,CHE,8443
887797,191,41,1661,2001,0.0,9794.0,-0.437779,-0.436654,SEN,CHE,8443
887798,192,41,1661,2001,35424.0,3208089.0,1.364239,0.721074,SGP,CHE,8443
887799,197,41,1661,2001,0.0,626313.0,-0.181554,-0.031294,SLV,CHE,8443
887800,206,41,1661,2001,75528.0,147346.0,1.1732770000000001,1.088576,SVK,CHE,8443
887801,207,41,1661,2001,53794.0,1598216.0,1.5074370000000001,1.1370040000000001,SVN,CHE,8443
887802,208,41,1661,2001,2677058.0,4793294.0,2.156845,0.784439,SWE,CHE,8443
887803,212,41,1661,2001,0.0,224096.0,-1.057217,-0.716331,SYR,CHE,8443
887804,215,41,1661,2001,0.0,23222.0,-0.758725,-0.577004,TGO,CHE,8443
887805,216,41,1661,2001,18676.0,5356445.0,0.37555900000000003,1.498267,THA,CHE,8443
887806,222,41,1661,2001,0.0,162520.0,0.178256,-0.709126,TTO,CHE,8443
887807,223,41,1661,2001,0.0,204716.0,-0.162152,0.23939699999999997,TUN,CHE,8443
887808,224,41,1661,2001,792223.0,3373222.0,0.188773,1.91451,TUR,CHE,8443
887809,226,41,1661,2001,0.0,4569.0,-1.193991,-0.49282200000000004,TZA,CHE,8443
887810,227,41,1661,2001,0.0,689.0,-0.9694860000000001,-0.840592,UGA,CHE,8443
887811,228,41,1661,2001,4457.0,447829.0,0.8376969999999999,0.989059,UKR,CHE,8443
887812,230,41,1661,2001,0.0,113589.0,0.36029,0.298869,URY,CHE,8443
887813,231,41,1661,2001,9298865.0,60641744.0,1.873674,0.168468,USA,CHE,8443
887814,236,41,1661,2001,0.0,70342.0,0.261158,-0.7397,VEN,CHE,8443
887815,237,41,1661,2001,0.0,46857.0,0.759566,-0.16636099999999998,VGB,CHE,8443
887816,239,41,1661,2001,31124.0,392483.0,-0.6692130000000001,0.610992,VNM,CHE,8443
887817,243,41,1661,2001,0.0,7433.0,-1.465154,-1.261615,YEM,CHE,8443
887818,246,41,1661,2001,76133.0,12466278.0,0.356842,2.006155,ZAF,CHE,8443
887819,247,41,1661,2001,0.0,3124.0,-0.731193,-0.706978,ZMB,CHE,8443
887820,248,41,1661,2001,0.0,2459.0,-0.6321829999999999,-0.453671,ZWE,CHE,8443
887821,249,41,1661,2001,133359.0,2081962.0,1.5731700000000002,1.353159,TWN,CHE,8443
887822,8,42,1661,2001,666339.0,91520.0,0.287698,0.547137,ARG,CHL,8443
887823,14,42,1661,2001,49653.0,0.0,0.29463,0.772375,AUS,CHL,8443
887824,15,42,1661,2001,18833.0,0.0,1.8571650000000002,0.603191,AUT,CHL,8443
887825,18,42,1661,2001,22987.0,7246.0,1.4328370000000001,1.408495,BEL,CHL,8443
887826,31,42,1661,2001,0.0,43328.0,-0.680108,-0.678143,BOL,CHL,8443
887827,32,42,1661,2001,1476890.0,264585.0,0.672496,1.051848,BRA,CHL,8443
887828,39,42,1661,2001,320722.0,0.0,0.971827,1.105171,CAN,CHL,8443
887829,41,42,1661,2001,159276.0,0.0,2.227246,0.553956,CHE,CHL,8443
887830,43,42,1661,2001,83444.0,0.0,0.525171,3.092963,CHN,CHL,8443
887831,49,42,1661,2001,0.0,17006.0,0.30412,0.395913,COL,CHL,8443
887832,61,42,1661,2001,15816986.0,30310.0,2.321375,-2.1110990000000003,DEU,CHL,8443
887833,64,42,1661,2001,103881.0,0.0,1.261883,1.351875,DNK,CHL,8443
887834,67,42,1661,2001,0.0,28051.0,-0.852642,-0.896374,ECU,CHL,8443
887835,71,42,1661,2001,259579.0,4454.0,1.079664,1.9842220000000002,ESP,CHL,8443
887836,77,42,1661,2001,1194655.0,3540.0,1.653507,0.797582,FRA,CHL,8443
887837,81,42,1661,2001,785540.0,0.0,1.976894,0.685435,GBR,CHL,8443
887838,93,42,1661,2001,0.0,6319.0,-0.5089520000000001,0.216677,GTM,CHL,8443
887839,97,42,1661,2001,55919.0,0.0,0.521528,2.3025,HKG,CHL,8443
887840,110,42,1661,2001,227594.0,0.0,1.374873,0.775594,ISR,CHL,8443
887841,111,42,1661,2001,3327148.0,1276.0,1.389926,1.282143,ITA,CHL,8443
887842,114,42,1661,2001,336180.0,0.0,2.585857,0.522663,JPN,CHL,8443
887843,121,42,1661,2001,19130.0,0.0,1.145797,1.0762399999999999,KOR,CHL,8443
887844,131,42,1661,2001,26678.0,0.0,1.470895,1.149007,LUX,CHL,8443
887845,138,42,1661,2001,37575.0,20895.0,0.797058,0.713234,MEX,CHL,8443
887846,153,42,1661,2001,1770.0,0.0,0.768174,0.307033,MYS,CHL,8443
887847,162,42,1661,2001,996408.0,1171.0,1.315685,1.590935,NLD,CHL,8443
887848,163,42,1661,2001,15562.0,0.0,0.974814,0.06512000000000001,NOR,CHL,8443
887849,173,42,1661,2001,65381.0,175640.0,-0.345519,0.202623,PER,CHL,8443
887850,179,42,1661,2001,57943.0,0.0,0.482048,1.662123,PRT,CHL,8443
887851,180,42,1661,2001,46521.0,0.0,-0.68893,-0.9326690000000001,PRY,CHL,8443
887852,208,42,1661,2001,37272.0,2128.0,2.156845,0.784439,SWE,CHL,8443
887853,230,42,1661,2001,2039.0,1843.0,0.36029,0.298869,URY,CHL,8443
887854,231,42,1661,2001,2496787.0,51109.0,1.873674,0.168468,USA,CHL,8443
887855,246,42,1661,2001,1420.0,0.0,0.356842,2.006155,ZAF,CHL,8443
887856,249,42,1661,2001,298948.0,0.0,1.5731700000000002,1.353159,TWN,CHL,8443
887857,250,42,1661,2001,49443.0,0.0,1.096023,-0.33562600000000004,ANS,CHL,8443
887858,4,43,1661,2001,0.0,848.0,-0.054125,0.104298,ALB,CHN,8443
887859,7,43,1661,2001,0.0,74968.0,-0.193984,-0.457124,ARE,CHN,8443
887860,8,43,1661,2001,0.0,23344.0,0.287698,0.547137,ARG,CHN,8443
887861,14,43,1661,2001,1411891.0,1619674.0,0.29463,0.772375,AUS,CHN,8443
887862,15,43,1661,2001,8183534.0,1954.0,1.8571650000000002,0.603191,AUT,CHN,8443
887863,18,43,1661,2001,1099801.0,252893.0,1.4328370000000001,1.408495,BEL,CHN,8443
887864,22,43,1661,2001,0.0,188974.0,-1.0406739999999999,-1.010108,BGD,CHN,8443
887865,23,43,1661,2001,0.0,6736.0,0.41425100000000004,1.639866,BGR,CHN,8443
887866,25,43,1661,2001,0.0,21508.0,0.803267,-0.071853,BHS,CHN,8443
887867,28,43,1661,2001,0.0,18525.0,0.804404,0.936773,BLR,CHN,8443
887868,31,43,1661,2001,0.0,3255.0,-0.680108,-0.678143,BOL,CHN,8443
887869,32,43,1661,2001,64401.0,163178.0,0.672496,1.051848,BRA,CHN,8443
887870,33,43,1661,2001,0.0,537.0,0.725546,0.172345,BRB,CHN,8443
887871,34,43,1661,2001,0.0,4002.0,-0.8654209999999999,-0.930599,BRN,CHN,8443
887872,37,43,1661,2001,0.0,15908.0,-0.42690100000000003,-1.081372,BWA,CHN,8443
887873,39,43,1661,2001,3274129.0,143193.0,0.971827,1.105171,CAN,CHN,8443
887874,41,43,1661,2001,26639797.0,411081.0,2.227246,0.553956,CHE,CHN,8443
887875,42,43,1661,2001,0.0,83444.0,-0.004658,-0.002548,CHL,CHN,8443
887876,44,43,1661,2001,0.0,1482.0,-0.715949,-0.524428,CIV,CHN,8443
887877,49,43,1661,2001,0.0,13471.0,0.30412,0.395913,COL,CHN,8443
887878,52,43,1661,2001,0.0,1431.0,0.069458,-0.042793,CRI,CHN,8443
887879,54,43,1661,2001,0.0,13291.0,-0.443391,-0.9599030000000001,CUB,CHN,8443
887880,58,43,1661,2001,0.0,111211.0,0.381251,0.257802,CYP,CHN,8443
887881,59,43,1661,2001,680835.0,26248.0,1.485703,1.109305,CZE,CHN,8443
887882,61,43,1661,2001,344182146.0,936682.0,2.321375,-2.1110990000000003,DEU,CHN,8443
887883,63,43,1661,2001,0.0,4127.0,0.613251,0.226998,DMA,CHN,8443
887884,64,43,1661,2001,3352884.0,9047.0,1.261883,1.351875,DNK,CHN,8443
887885,65,43,1661,2001,0.0,4490.0,-0.538419,-0.48773900000000003,DOM,CHN,8443
887886,66,43,1661,2001,0.0,132635.0,-0.663363,-1.158295,DZA,CHN,8443
887887,67,43,1661,2001,0.0,3007.0,-0.852642,-0.896374,ECU,CHN,8443
887888,68,43,1661,2001,0.0,235430.0,-0.373576,0.366385,EGY,CHN,8443
887889,71,43,1661,2001,320184.0,159762.0,1.079664,1.9842220000000002,ESP,CHN,8443
887890,72,43,1661,2001,0.0,1557.0,0.5746829999999999,0.9073899999999999,EST,CHN,8443
887891,73,43,1661,2001,0.0,29751.0,-0.999149,-0.904072,ETH,CHN,8443
887892,74,43,1661,2001,729384.0,55357.0,2.069141,0.9375180000000001,FIN,CHN,8443
887893,77,43,1661,2001,66310032.0,208343.0,1.653507,0.797582,FRA,CHN,8443
887894,81,43,1661,2001,9559429.0,2540173.0,1.976894,0.685435,GBR,CHN,8443
887895,83,43,1661,2001,0.0,95492.0,-0.961067,-0.780449,GHA,CHN,8443
887896,90,43,1661,2001,91343.0,1262.0,0.31387600000000004,1.3614600000000001,GRC,CHN,8443
887897,93,43,1661,2001,0.0,1773.0,-0.5089520000000001,0.216677,GTM,CHN,8443
887898,96,43,1661,2001,0.0,64866.0,-0.955816,-0.8593069999999999,GUY,CHN,8443
887899,97,43,1661,2001,31704891.0,17146208.0,0.521528,2.3025,HKG,CHN,8443
887900,100,43,1661,2001,125176.0,3721.0,0.544596,0.969535,HRV,CHN,8443
887901,102,43,1661,2001,0.0,13541.0,1.102262,1.138016,HUN,CHN,8443
887902,103,43,1661,2001,332976.0,843609.0,-0.167771,1.6587889999999998,IDN,CHN,8443
887903,104,43,1661,2001,4420341.0,182888.0,0.349744,2.665844,IND,CHN,8443
887904,106,43,1661,2001,565869.0,4406.0,1.664233,0.129983,IRL,CHN,8443
887905,107,43,1661,2001,0.0,837417.0,-0.7732479999999999,-0.8979370000000001,IRN,CHN,8443
887906,108,43,1661,2001,0.0,388772.0,-1.115465,-0.883028,IRQ,CHN,8443
887907,109,43,1661,2001,0.0,1635.0,0.032382999999999995,-0.51054,ISL,CHN,8443
887908,110,43,1661,2001,5354883.0,123491.0,1.374873,0.775594,ISR,CHN,8443
887909,111,43,1661,2001,17385519.0,2162576.0,1.389926,1.282143,ITA,CHN,8443
887910,112,43,1661,2001,0.0,887.0,-0.541582,-0.837248,JAM,CHN,8443
887911,113,43,1661,2001,0.0,11536.0,0.375134,0.581558,JOR,CHN,8443
887912,114,43,1661,2001,202818381.0,11673282.0,2.585857,0.522663,JPN,CHN,8443
887913,115,43,1661,2001,0.0,30226.0,0.009714,-0.525899,KAZ,CHN,8443
887914,116,43,1661,2001,0.0,2739.0,-0.529388,0.092271,KEN,CHN,8443
887915,117,43,1661,2001,0.0,7467.0,0.23332199999999997,0.256019,KGZ,CHN,8443
887916,118,43,1661,2001,0.0,67465.0,-1.231058,-1.154536,KHM,CHN,8443
887917,121,43,1661,2001,8785955.0,528510.0,1.145797,1.0762399999999999,KOR,CHN,8443
887918,122,43,1661,2001,0.0,41273.0,-0.8197,-1.183758,KWT,CHN,8443
887919,124,43,1661,2001,0.0,35526.0,0.165355,0.988008,LBN,CHN,8443
887920,126,43,1661,2001,0.0,20469.0,-0.9321459999999999,-1.198124,LBY,CHN,8443
887921,128,43,1661,2001,0.0,588824.0,-0.722434,-0.033818,LKA,CHN,8443
887922,130,43,1661,2001,0.0,9325.0,0.15706900000000001,0.416663,LTU,CHN,8443
887923,132,43,1661,2001,0.0,90694.0,0.404136,0.461009,LVA,CHN,8443
887924,133,43,1661,2001,259714.0,0.0,-0.608406,-0.521662,MAC,CHN,8443
887925,134,43,1661,2001,0.0,19542.0,-0.75275,-0.280397,MAR,CHN,8443
887926,136,43,1661,2001,0.0,14550.0,-1.247531,-0.637093,MDG,CHN,8443
887927,138,43,1661,2001,0.0,260707.0,0.797058,0.713234,MEX,CHN,8443
887928,141,43,1661,2001,0.0,3883.0,-0.40341,-0.626402,MLI,CHN,8443
887929,142,43,1661,2001,0.0,25495.0,1.065032,-0.065239,MLT,CHN,8443
887930,143,43,1661,2001,0.0,109723.0,-1.5627,-1.150854,MMR,CHN,8443
887931,145,43,1661,2001,0.0,2693.0,-0.691001,-0.9284180000000001,MNG,CHN,8443
887932,151,43,1661,2001,0.0,2739.0,-0.410422,-0.5868369999999999,MUS,CHN,8443
887933,152,43,1661,2001,0.0,19142.0,-1.388716,-1.116315,MWI,CHN,8443
887934,153,43,1661,2001,3920481.0,898165.0,0.768174,0.307033,MYS,CHN,8443
887935,154,43,1661,2001,0.0,1403.0,1.4633260000000001,-0.114532,MYT,CHN,8443
887936,159,43,1661,2001,0.0,739108.0,-1.966439,-1.2724520000000001,NGA,CHN,8443
887937,160,43,1661,2001,0.0,3298.0,-0.8917430000000001,-0.713179,NIC,CHN,8443
887938,162,43,1661,2001,4127805.0,820584.0,1.315685,1.590935,NLD,CHN,8443
887939,163,43,1661,2001,198372.0,437548.0,0.974814,0.06512000000000001,NOR,CHN,8443
887940,166,43,1661,2001,0.0,29580.0,0.521409,0.683134,NZL,CHN,8443
887941,168,43,1661,2001,0.0,513090.0,-0.8376520000000001,-0.378743,PAK,CHN,8443
887942,169,43,1661,2001,0.0,9564.0,0.17588199999999998,0.422505,PAN,CHN,8443
887943,173,43,1661,2001,0.0,37355.0,-0.345519,0.202623,PER,CHN,8443
887944,174,43,1661,2001,368398.0,383910.0,-0.028201,-0.112349,PHL,CHN,8443
887945,177,43,1661,2001,0.0,12673.0,0.9474540000000001,1.8408220000000002,POL,CHN,8443
887946,178,43,1661,2001,0.0,22860.0,0.62773,1.010888,PRK,CHN,8443
887947,179,43,1661,2001,0.0,45191.0,0.482048,1.662123,PRT,CHN,8443
887948,182,43,1661,2001,0.0,149.0,-0.005456,-0.7210770000000001,PYF,CHN,8443
887949,183,43,1661,2001,0.0,28354.0,-0.46564799999999995,-1.127634,QAT,CHN,8443
887950,185,43,1661,2001,0.0,856.0,0.326733,1.005332,ROU,CHN,8443
887951,186,43,1661,2001,0.0,948945.0,0.945816,0.35027600000000003,RUS,CHN,8443
887952,188,43,1661,2001,0.0,180109.0,0.5370550000000001,-0.793469,SAU,CHN,8443
887953,189,43,1661,2001,0.0,1880.0,0.45280200000000004,2.469852,SCG,CHN,8443
887954,190,43,1661,2001,0.0,206285.0,-1.6325180000000001,-1.263267,SDN,CHN,8443
887955,192,43,1661,2001,8326484.0,832070.0,1.364239,0.721074,SGP,CHN,8443
887956,206,43,1661,2001,0.0,1081.0,1.1732770000000001,1.088576,SVK,CHN,8443
887957,207,43,1661,2001,1447.0,0.0,1.5074370000000001,1.1370040000000001,SVN,CHN,8443
887958,208,43,1661,2001,4205341.0,10051.0,2.156845,0.784439,SWE,CHN,8443
887959,212,43,1661,2001,0.0,162703.0,-1.057217,-0.716331,SYR,CHN,8443
887960,216,43,1661,2001,152197.0,805165.0,0.37555900000000003,1.498267,THA,CHN,8443
887961,217,43,1661,2001,0.0,12874.0,-0.833482,-1.062054,TJK,CHN,8443
887962,223,43,1661,2001,0.0,33396.0,-0.162152,0.23939699999999997,TUN,CHN,8443
887963,224,43,1661,2001,0.0,74008.0,0.188773,1.91451,TUR,CHN,8443
887964,226,43,1661,2001,0.0,104898.0,-1.193991,-0.49282200000000004,TZA,CHN,8443
887965,227,43,1661,2001,0.0,2757.0,-0.9694860000000001,-0.840592,UGA,CHN,8443
887966,228,43,1661,2001,0.0,40219.0,0.8376969999999999,0.989059,UKR,CHN,8443
887967,230,43,1661,2001,0.0,19541.0,0.36029,0.298869,URY,CHN,8443
887968,231,43,1661,2001,32454867.0,3070179.0,1.873674,0.168468,USA,CHN,8443
887969,236,43,1661,2001,0.0,10719.0,0.261158,-0.7397,VEN,CHN,8443
887970,239,43,1661,2001,1204301.0,705971.0,-0.6692130000000001,0.610992,VNM,CHN,8443
887971,243,43,1661,2001,0.0,63386.0,-1.465154,-1.261615,YEM,CHN,8443
887972,246,43,1661,2001,46422.0,837496.0,0.356842,2.006155,ZAF,CHN,8443
887973,247,43,1661,2001,0.0,7635.0,-0.731193,-0.706978,ZMB,CHN,8443
887974,248,43,1661,2001,0.0,1660.0,-0.6321829999999999,-0.453671,ZWE,CHN,8443
887975,249,43,1661,2001,30496547.0,451974.0,1.5731700000000002,1.353159,TWN,CHN,8443
887976,6,49,1661,2001,2116.0,3006.0,0.260662,-0.66681,ANT,COL,8443
887977,8,49,1661,2001,443294.0,0.0,0.287698,0.547137,ARG,COL,8443
887978,14,49,1661,2001,9420.0,0.0,0.29463,0.772375,AUS,COL,8443
887979,15,49,1661,2001,20223.0,0.0,1.8571650000000002,0.603191,AUT,COL,8443
887980,18,49,1661,2001,117171.0,0.0,1.4328370000000001,1.408495,BEL,COL,8443
887981,32,49,1661,2001,183611.0,192257.0,0.672496,1.051848,BRA,COL,8443
887982,39,49,1661,2001,470864.0,1221.0,0.971827,1.105171,CAN,COL,8443
887983,41,49,1661,2001,261314.0,7125.0,2.227246,0.553956,CHE,COL,8443
887984,42,49,1661,2001,17006.0,0.0,-0.004658,-0.002548,CHL,COL,8443
887985,43,49,1661,2001,13471.0,0.0,0.525171,3.092963,CHN,COL,8443
887986,52,49,1661,2001,1620.0,58913.0,0.069458,-0.042793,CRI,COL,8443
887987,54,49,1661,2001,0.0,1133.0,-0.443391,-0.9599030000000001,CUB,COL,8443
887988,59,49,1661,2001,4040.0,0.0,1.485703,1.109305,CZE,COL,8443
887989,61,49,1661,2001,5467649.0,9515.0,2.321375,-2.1110990000000003,DEU,COL,8443
887990,64,49,1661,2001,920075.0,0.0,1.261883,1.351875,DNK,COL,8443
887991,65,49,1661,2001,0.0,4021.0,-0.538419,-0.48773900000000003,DOM,COL,8443
887992,67,49,1661,2001,4882.0,206635.0,-0.852642,-0.896374,ECU,COL,8443
887993,71,49,1661,2001,1055406.0,0.0,1.079664,1.9842220000000002,ESP,COL,8443
887994,77,49,1661,2001,1287763.0,3331.0,1.653507,0.797582,FRA,COL,8443
887995,81,49,1661,2001,1036710.0,0.0,1.976894,0.685435,GBR,COL,8443
887996,93,49,1661,2001,0.0,21848.0,-0.5089520000000001,0.216677,GTM,COL,8443
887997,97,49,1661,2001,1631.0,61732.0,0.521528,2.3025,HKG,COL,8443
887998,104,49,1661,2001,33453.0,35959.0,0.349744,2.665844,IND,COL,8443
887999,110,49,1661,2001,500934.0,0.0,1.374873,0.775594,ISR,COL,8443
888000,111,49,1661,2001,3044198.0,12798.0,1.389926,1.282143,ITA,COL,8443
888001,114,49,1661,2001,513244.0,0.0,2.585857,0.522663,JPN,COL,8443
888002,121,49,1661,2001,4065.0,0.0,1.145797,1.0762399999999999,KOR,COL,8443
888003,138,49,1661,2001,21203.0,23909.0,0.797058,0.713234,MEX,COL,8443
888004,162,49,1661,2001,523955.0,0.0,1.315685,1.590935,NLD,COL,8443
888005,169,49,1661,2001,0.0,25375.0,0.17588199999999998,0.422505,PAN,COL,8443
888006,173,49,1661,2001,25244.0,56669.0,-0.345519,0.202623,PER,COL,8443
888007,186,49,1661,2001,0.0,39226.0,0.945816,0.35027600000000003,RUS,COL,8443
888008,197,49,1661,2001,0.0,5156.0,-0.181554,-0.031294,SLV,COL,8443
888009,208,49,1661,2001,39810.0,0.0,2.156845,0.784439,SWE,COL,8443
888010,230,49,1661,2001,1831.0,0.0,0.36029,0.298869,URY,COL,8443
888011,231,49,1661,2001,6533201.0,623623.0,1.873674,0.168468,USA,COL,8443
888012,236,49,1661,2001,558713.0,81251.0,0.261158,-0.7397,VEN,COL,8443
888013,249,49,1661,2001,211221.0,0.0,1.5731700000000002,1.353159,TWN,COL,8443
888014,250,49,1661,2001,8707.0,12335.0,1.096023,-0.33562600000000004,ANS,COL,8443
888015,14,52,1661,2001,2159.0,0.0,0.29463,0.772375,AUS,CRI,8443
888016,18,52,1661,2001,4222.0,0.0,1.4328370000000001,1.408495,BEL,CRI,8443
888017,32,52,1661,2001,6505.0,0.0,0.672496,1.051848,BRA,CRI,8443
888018,39,52,1661,2001,82804.0,154397.0,0.971827,1.105171,CAN,CRI,8443
888019,41,52,1661,2001,117161.0,0.0,2.227246,0.553956,CHE,CRI,8443
888020,43,52,1661,2001,1431.0,0.0,0.525171,3.092963,CHN,CRI,8443
888021,49,52,1661,2001,58913.0,1620.0,0.30412,0.395913,COL,CRI,8443
888022,59,52,1661,2001,3143.0,0.0,1.485703,1.109305,CZE,CRI,8443
888023,61,52,1661,2001,1227405.0,0.0,2.321375,-2.1110990000000003,DEU,CRI,8443
888024,64,52,1661,2001,2269.0,0.0,1.261883,1.351875,DNK,CRI,8443
888025,65,52,1661,2001,2007.0,0.0,-0.538419,-0.48773900000000003,DOM,CRI,8443
888026,71,52,1661,2001,23724.0,0.0,1.079664,1.9842220000000002,ESP,CRI,8443
888027,77,52,1661,2001,9832.0,137715.0,1.653507,0.797582,FRA,CRI,8443
888028,81,52,1661,2001,752407.0,4234.0,1.976894,0.685435,GBR,CRI,8443
888029,93,52,1661,2001,2108.0,162770.0,-0.5089520000000001,0.216677,GTM,CRI,8443
888030,97,52,1661,2001,35570.0,0.0,0.521528,2.3025,HKG,CRI,8443
888031,99,52,1661,2001,0.0,2633.0,-0.8003060000000001,-0.602097,HND,CRI,8443
888032,110,52,1661,2001,33712.0,0.0,1.374873,0.775594,ISR,CRI,8443
888033,111,52,1661,2001,2545156.0,513501.0,1.389926,1.282143,ITA,CRI,8443
888034,114,52,1661,2001,7058.0,0.0,2.585857,0.522663,JPN,CRI,8443
888035,121,52,1661,2001,20926.0,0.0,1.145797,1.0762399999999999,KOR,CRI,8443
888036,138,52,1661,2001,130215.0,0.0,0.797058,0.713234,MEX,CRI,8443
888037,160,52,1661,2001,1875.0,42506.0,-0.8917430000000001,-0.713179,NIC,CRI,8443
888038,163,52,1661,2001,947.0,0.0,0.974814,0.06512000000000001,NOR,CRI,8443
888039,169,52,1661,2001,16945.0,6478.0,0.17588199999999998,0.422505,PAN,CRI,8443
888040,197,52,1661,2001,0.0,26649.0,-0.181554,-0.031294,SLV,CRI,8443
888041,208,52,1661,2001,1298.0,0.0,2.156845,0.784439,SWE,CRI,8443
888042,231,52,1661,2001,1019221.0,74269.0,1.873674,0.168468,USA,CRI,8443
888043,249,52,1661,2001,74294.0,0.0,1.5731700000000002,1.353159,TWN,CRI,8443
888044,250,52,1661,2001,1979.0,0.0,1.096023,-0.33562600000000004,ANS,CRI,8443
888045,39,54,1661,2001,47318.0,13446.0,0.971827,1.105171,CAN,CUB,8443
888046,41,54,1661,2001,212969.0,1950.0,2.227246,0.553956,CHE,CUB,8443
888047,43,54,1661,2001,13291.0,0.0,0.525171,3.092963,CHN,CUB,8443
888048,49,54,1661,2001,1133.0,0.0,0.30412,0.395913,COL,CUB,8443
888049,61,54,1661,2001,1635953.0,0.0,2.321375,-2.1110990000000003,DEU,CUB,8443
888050,64,54,1661,2001,9515.0,0.0,1.261883,1.351875,DNK,CUB,8443
888051,71,54,1661,2001,1023922.0,310654.0,1.079664,1.9842220000000002,ESP,CUB,8443
888052,77,54,1661,2001,88781.0,0.0,1.653507,0.797582,FRA,CUB,8443
888053,81,54,1661,2001,3986.0,0.0,1.976894,0.685435,GBR,CUB,8443
888054,93,54,1661,2001,9368.0,0.0,-0.5089520000000001,0.216677,GTM,CUB,8443
888055,110,54,1661,2001,1180.0,0.0,1.374873,0.775594,ISR,CUB,8443
888056,111,54,1661,2001,374039.0,0.0,1.389926,1.282143,ITA,CUB,8443
888057,114,54,1661,2001,60492.0,0.0,2.585857,0.522663,JPN,CUB,8443
888058,138,54,1661,2001,119944.0,2314.0,0.797058,0.713234,MEX,CUB,8443
888059,162,54,1661,2001,66434.0,0.0,1.315685,1.590935,NLD,CUB,8443
888060,169,54,1661,2001,17676.0,8468.0,0.17588199999999998,0.422505,PAN,CUB,8443
888061,178,54,1661,2001,2161.0,0.0,0.62773,1.010888,PRK,CUB,8443
888062,192,54,1661,2001,15769.0,0.0,1.364239,0.721074,SGP,CUB,8443
888063,208,54,1661,2001,13259.0,0.0,2.156845,0.784439,SWE,CUB,8443
888064,249,54,1661,2001,475254.0,0.0,1.5731700000000002,1.353159,TWN,CUB,8443
888065,250,54,1661,2001,208835.0,0.0,1.096023,-0.33562600000000004,ANS,CUB,8443
888066,7,59,1661,2001,0.0,6048.0,-0.193984,-0.457124,ARE,CZE,8443
888067,8,59,1661,2001,0.0,73774.0,0.287698,0.547137,ARG,CZE,8443
888068,9,59,1661,2001,0.0,46635.0,0.834168,0.21458000000000002,ARM,CZE,8443
888069,14,59,1661,2001,32410.0,1055.0,0.29463,0.772375,AUS,CZE,8443
888070,15,59,1661,2001,14300785.0,2697831.0,1.8571650000000002,0.603191,AUT,CZE,8443
888071,16,59,1661,2001,0.0,214521.0,-0.6731090000000001,-1.037922,AZE,CZE,8443
888072,18,59,1661,2001,1543338.0,613495.0,1.4328370000000001,1.408495,BEL,CZE,8443
888073,23,59,1661,2001,8463.0,46370.0,0.41425100000000004,1.639866,BGR,CZE,8443
888074,25,59,1661,2001,0.0,128009.0,0.803267,-0.071853,BHS,CZE,8443
888075,28,59,1661,2001,0.0,131045.0,0.804404,0.936773,BLR,CZE,8443
888076,31,59,1661,2001,0.0,216393.0,-0.680108,-0.678143,BOL,CZE,8443
888077,32,59,1661,2001,0.0,871727.0,0.672496,1.051848,BRA,CZE,8443
888078,39,59,1661,2001,17837.0,645131.0,0.971827,1.105171,CAN,CZE,8443
888079,41,59,1661,2001,12022567.0,1746512.0,2.227246,0.553956,CHE,CZE,8443
888080,43,59,1661,2001,26248.0,680835.0,0.525171,3.092963,CHN,CZE,8443
888081,49,59,1661,2001,0.0,4040.0,0.30412,0.395913,COL,CZE,8443
888082,52,59,1661,2001,0.0,3143.0,0.069458,-0.042793,CRI,CZE,8443
888083,58,59,1661,2001,0.0,1249.0,0.381251,0.257802,CYP,CZE,8443
888084,61,59,1661,2001,36472972.0,17146575.0,2.321375,-2.1110990000000003,DEU,CZE,8443
888085,64,59,1661,2001,1568659.0,165970.0,1.261883,1.351875,DNK,CZE,8443
888086,65,59,1661,2001,0.0,8884.0,-0.538419,-0.48773900000000003,DOM,CZE,8443
888087,71,59,1661,2001,66530.0,337964.0,1.079664,1.9842220000000002,ESP,CZE,8443
888088,72,59,1661,2001,0.0,38580.0,0.5746829999999999,0.9073899999999999,EST,CZE,8443
888089,74,59,1661,2001,294507.0,2258352.0,2.069141,0.9375180000000001,FIN,CZE,8443
888090,77,59,1661,2001,4514152.0,1368012.0,1.653507,0.797582,FRA,CZE,8443
888091,81,59,1661,2001,2052339.0,1619131.0,1.976894,0.685435,GBR,CZE,8443
888092,90,59,1661,2001,6020.0,1035245.0,0.31387600000000004,1.3614600000000001,GRC,CZE,8443
888093,93,59,1661,2001,0.0,60513.0,-0.5089520000000001,0.216677,GTM,CZE,8443
888094,97,59,1661,2001,352692.0,0.0,0.521528,2.3025,HKG,CZE,8443
888095,100,59,1661,2001,0.0,72463.0,0.544596,0.969535,HRV,CZE,8443
888096,102,59,1661,2001,145207.0,597614.0,1.102262,1.138016,HUN,CZE,8443
888097,103,59,1661,2001,2404.0,7628.0,-0.167771,1.6587889999999998,IDN,CZE,8443
888098,104,59,1661,2001,0.0,609860.0,0.349744,2.665844,IND,CZE,8443
888099,106,59,1661,2001,3253.0,0.0,1.664233,0.129983,IRL,CZE,8443
888100,107,59,1661,2001,0.0,226587.0,-0.7732479999999999,-0.8979370000000001,IRN,CZE,8443
888101,109,59,1661,2001,0.0,3334.0,0.032382999999999995,-0.51054,ISL,CZE,8443
888102,110,59,1661,2001,157026.0,935.0,1.374873,0.775594,ISR,CZE,8443
888103,111,59,1661,2001,2039422.0,588989.0,1.389926,1.282143,ITA,CZE,8443
888104,114,59,1661,2001,84362.0,122527.0,2.585857,0.522663,JPN,CZE,8443
888105,115,59,1661,2001,0.0,1110509.0,0.009714,-0.525899,KAZ,CZE,8443
888106,117,59,1661,2001,2645.0,0.0,0.23332199999999997,0.256019,KGZ,CZE,8443
888107,121,59,1661,2001,18267.0,2395.0,1.145797,1.0762399999999999,KOR,CZE,8443
888108,122,59,1661,2001,0.0,2778.0,-0.8197,-1.183758,KWT,CZE,8443
888109,124,59,1661,2001,0.0,23273.0,0.165355,0.988008,LBN,CZE,8443
888110,130,59,1661,2001,32769.0,113683.0,0.15706900000000001,0.416663,LTU,CZE,8443
888111,131,59,1661,2001,28156.0,0.0,1.470895,1.149007,LUX,CZE,8443
888112,132,59,1661,2001,24267.0,215266.0,0.404136,0.461009,LVA,CZE,8443
888113,134,59,1661,2001,0.0,1961.0,-0.75275,-0.280397,MAR,CZE,8443
888114,135,59,1661,2001,0.0,3681.0,-0.024822,-0.15323399999999998,MDA,CZE,8443
888115,137,59,1661,2001,0.0,3124.0,-0.980734,-0.9785659999999999,MDV,CZE,8443
888116,138,59,1661,2001,11957.0,499913.0,0.797058,0.713234,MEX,CZE,8443
888117,140,59,1661,2001,0.0,32697.0,0.033097,0.43516499999999997,MKD,CZE,8443
888118,145,59,1661,2001,0.0,15148.0,-0.691001,-0.9284180000000001,MNG,CZE,8443
888119,148,59,1661,2001,0.0,999.0,-1.187271,-1.240445,MRT,CZE,8443
888120,153,59,1661,2001,17739.0,0.0,0.768174,0.307033,MYS,CZE,8443
888121,159,59,1661,2001,0.0,71520.0,-1.966439,-1.2724520000000001,NGA,CZE,8443
888122,162,59,1661,2001,1042965.0,1779410.0,1.315685,1.590935,NLD,CZE,8443
888123,163,59,1661,2001,131966.0,260229.0,0.974814,0.06512000000000001,NOR,CZE,8443
888124,164,59,1661,2001,0.0,138966.0,-0.483749,-0.008754999999999999,NPL,CZE,8443
888125,166,59,1661,2001,0.0,703.0,0.521409,0.683134,NZL,CZE,8443
888126,173,59,1661,2001,0.0,12985.0,-0.345519,0.202623,PER,CZE,8443
888127,177,59,1661,2001,383465.0,4297692.0,0.9474540000000001,1.8408220000000002,POL,CZE,8443
888128,178,59,1661,2001,21120.0,0.0,0.62773,1.010888,PRK,CZE,8443
888129,179,59,1661,2001,0.0,364922.0,0.482048,1.662123,PRT,CZE,8443
888130,185,59,1661,2001,63741.0,306374.0,0.326733,1.005332,ROU,CZE,8443
888131,186,59,1661,2001,0.0,1233310.0,0.945816,0.35027600000000003,RUS,CZE,8443
888132,189,59,1661,2001,0.0,73405.0,0.45280200000000004,2.469852,SCG,CZE,8443
888133,192,59,1661,2001,25194.0,2951.0,1.364239,0.721074,SGP,CZE,8443
888134,206,59,1661,2001,1400461.0,4962110.0,1.1732770000000001,1.088576,SVK,CZE,8443
888135,207,59,1661,2001,9690.0,100665.0,1.5074370000000001,1.1370040000000001,SVN,CZE,8443
888136,208,59,1661,2001,1036358.0,634940.0,2.156845,0.784439,SWE,CZE,8443
888137,212,59,1661,2001,0.0,4365.0,-1.057217,-0.716331,SYR,CZE,8443
888138,216,59,1661,2001,0.0,28915.0,0.37555900000000003,1.498267,THA,CZE,8443
888139,224,59,1661,2001,51317.0,0.0,0.188773,1.91451,TUR,CZE,8443
888140,228,59,1661,2001,425925.0,997842.0,0.8376969999999999,0.989059,UKR,CZE,8443
888141,231,59,1661,2001,5140818.0,6908453.0,1.873674,0.168468,USA,CZE,8443
888142,236,59,1661,2001,0.0,8927.0,0.261158,-0.7397,VEN,CZE,8443
888143,239,59,1661,2001,0.0,39054.0,-0.6692130000000001,0.610992,VNM,CZE,8443
888144,246,59,1661,2001,0.0,31943.0,0.356842,2.006155,ZAF,CZE,8443
888145,249,59,1661,2001,306762.0,74524.0,1.5731700000000002,1.353159,TWN,CZE,8443
888146,250,59,1661,2001,1189561.0,148227.0,1.096023,-0.33562600000000004,ANS,CZE,8443
888147,0,61,1661,2001,0.0,110000.0,-0.084715,-0.844852,ABW,DEU,8443
888148,2,61,1661,2001,0.0,353000.0,-1.523823,-1.214093,AGO,DEU,8443
888149,4,61,1661,2001,0.0,12027.0,-0.054125,0.104298,ALB,DEU,8443
888150,5,61,1661,2001,0.0,3071.0,1.049415,0.860241,AND,DEU,8443
888151,7,61,1661,2001,30446.0,15603917.0,-0.193984,-0.457124,ARE,DEU,8443
888152,8,61,1661,2001,48375.0,5440785.0,0.287698,0.547137,ARG,DEU,8443
888153,9,61,1661,2001,0.0,273172.0,0.834168,0.21458000000000002,ARM,DEU,8443
888154,13,61,1661,2001,0.0,345000.0,-0.036838,-0.6593600000000001,ATG,DEU,8443
888155,14,61,1661,2001,488556.0,94742870.0,0.29463,0.772375,AUS,DEU,8443
888156,15,61,1661,2001,84574365.0,112751309.0,1.8571650000000002,0.603191,AUT,DEU,8443
888157,16,61,1661,2001,0.0,36248.0,-0.6731090000000001,-1.037922,AZE,DEU,8443
888158,18,61,1661,2001,13064098.0,108081921.0,1.4328370000000001,1.408495,BEL,DEU,8443
888159,19,61,1661,2001,0.0,319717.0,-1.09233,-0.8276969999999999,BEN,DEU,8443
888160,21,61,1661,2001,0.0,37898.0,-0.291485,-0.20803000000000002,BFA,DEU,8443
888161,22,61,1661,2001,0.0,881829.0,-1.0406739999999999,-1.010108,BGD,DEU,8443
888162,23,61,1661,2001,76463.0,3928783.0,0.41425100000000004,1.639866,BGR,DEU,8443
888163,24,61,1661,2001,2543.0,230808.0,-0.11008399999999999,-1.053611,BHR,DEU,8443
888164,26,61,1661,2001,4927.0,1438000.0,0.238083,0.362643,BIH,DEU,8443
888165,28,61,1661,2001,39592.0,4511956.0,0.804404,0.936773,BLR,DEU,8443
888166,29,61,1661,2001,0.0,268796.0,-0.297981,-0.695022,BLZ,DEU,8443
888167,30,61,1661,2001,0.0,5000.0,1.1006129999999998,-0.5565329999999999,BMU,DEU,8443
888168,31,61,1661,2001,0.0,460864.0,-0.680108,-0.678143,BOL,DEU,8443
888169,32,61,1661,2001,86388.0,107445674.0,0.672496,1.051848,BRA,DEU,8443
888170,33,61,1661,2001,1712.0,1235517.0,0.725546,0.172345,BRB,DEU,8443
888171,34,61,1661,2001,756.0,5326.0,-0.8654209999999999,-0.930599,BRN,DEU,8443
888172,35,61,1661,2001,0.0,1000.0,0.380727,-0.529766,BTN,DEU,8443
888173,37,61,1661,2001,0.0,512919.0,-0.42690100000000003,-1.081372,BWA,DEU,8443
888174,38,61,1661,2001,0.0,29943.0,-0.682897,-0.8083140000000001,CAF,DEU,8443
888175,39,61,1661,2001,5435881.0,69524301.0,0.971827,1.105171,CAN,DEU,8443
888176,41,61,1661,2001,280370440.0,146554495.0,2.227246,0.553956,CHE,DEU,8443
888177,42,61,1661,2001,30310.0,15816986.0,-0.004658,-0.002548,CHL,DEU,8443
888178,43,61,1661,2001,936682.0,344182146.0,0.525171,3.092963,CHN,DEU,8443
888179,44,61,1661,2001,83284.0,564336.0,-0.715949,-0.524428,CIV,DEU,8443
888180,45,61,1661,2001,0.0,318952.0,-1.6254879999999998,-1.212513,CMR,DEU,8443
888181,46,61,1661,2001,36274.0,64000.0,-1.421643,-1.154007,COD,DEU,8443
888182,49,61,1661,2001,9515.0,5467649.0,0.30412,0.395913,COL,DEU,8443
888183,52,61,1661,2001,0.0,1227405.0,0.069458,-0.042793,CRI,DEU,8443
888184,54,61,1661,2001,0.0,1635953.0,-0.443391,-0.9599030000000001,CUB,DEU,8443
888185,58,61,1661,2001,993677.0,3822700.0,0.381251,0.257802,CYP,DEU,8443
888186,59,61,1661,2001,17146575.0,36472972.0,1.485703,1.109305,CZE,DEU,8443
888187,62,61,1661,2001,0.0,1000.0,0.143467,0.14288599999999999,DJI,DEU,8443
888188,63,61,1661,2001,0.0,173047.0,0.613251,0.226998,DMA,DEU,8443
888189,64,61,1661,2001,25859725.0,51738646.0,1.261883,1.351875,DNK,DEU,8443
888190,65,61,1661,2001,0.0,2254069.0,-0.538419,-0.48773900000000003,DOM,DEU,8443
888191,66,61,1661,2001,24119.0,6756678.0,-0.663363,-1.158295,DZA,DEU,8443
888192,67,61,1661,2001,0.0,4948145.0,-0.852642,-0.896374,ECU,DEU,8443
888193,68,61,1661,2001,61066.0,7624184.0,-0.373576,0.366385,EGY,DEU,8443
888194,69,61,1661,2001,0.0,4000.0,0.617376,-0.33233,ERI,DEU,8443
888195,71,61,1661,2001,5039904.0,156173280.0,1.079664,1.9842220000000002,ESP,DEU,8443
888196,72,61,1661,2001,11734.0,3865694.0,0.5746829999999999,0.9073899999999999,EST,DEU,8443
888197,73,61,1661,2001,3954.0,959943.0,-0.999149,-0.904072,ETH,DEU,8443
888198,74,61,1661,2001,714466.0,28709985.0,2.069141,0.9375180000000001,FIN,DEU,8443
888199,77,61,1661,2001,45486574.0,255133626.0,1.653507,0.797582,FRA,DEU,8443
888200,78,61,1661,2001,935.0,82712.0,-1.004972,-0.9456030000000001,FRO,DEU,8443
888201,81,61,1661,2001,44935975.0,332674541.0,1.976894,0.685435,GBR,DEU,8443
888202,82,61,1661,2001,0.0,184398.0,0.585568,-0.047744999999999996,GEO,DEU,8443
888203,83,61,1661,2001,15241.0,1857566.0,-0.961067,-0.780449,GHA,DEU,8443
888204,84,61,1661,2001,0.0,14000.0,0.5955739999999999,-0.39100799999999997,GIB,DEU,8443
888205,87,61,1661,2001,0.0,2179.0,-0.160182,-0.24737399999999998,GMB,DEU,8443
888206,90,61,1661,2001,942234.0,36064000.0,0.31387600000000004,1.3614600000000001,GRC,DEU,8443
888207,92,61,1661,2001,0.0,31769.0,0.199595,-0.73547,GRL,DEU,8443
888208,93,61,1661,2001,2492.0,2850544.0,-0.5089520000000001,0.216677,GTM,DEU,8443
888209,96,61,1661,2001,0.0,4488.0,-0.955816,-0.8593069999999999,GUY,DEU,8443
888210,97,61,1661,2001,1294138.0,118140000.0,0.521528,2.3025,HKG,DEU,8443
888211,99,61,1661,2001,0.0,58313.0,-0.8003060000000001,-0.602097,HND,DEU,8443
888212,100,61,1661,2001,3178450.0,6529546.0,0.544596,0.969535,HRV,DEU,8443
888213,101,61,1661,2001,0.0,236000.0,-1.220515,-0.8502200000000001,HTI,DEU,8443
888214,102,61,1661,2001,2344266.0,19338298.0,1.102262,1.138016,HUN,DEU,8443
888215,103,61,1661,2001,20501.0,15324771.0,-0.167771,1.6587889999999998,IDN,DEU,8443
888216,104,61,1661,2001,268844.0,13744945.0,0.349744,2.665844,IND,DEU,8443
888217,106,61,1661,2001,1046077.0,39160926.0,1.664233,0.129983,IRL,DEU,8443
888218,107,61,1661,2001,7849.0,16846844.0,-0.7732479999999999,-0.8979370000000001,IRN,DEU,8443
888219,108,61,1661,2001,0.0,154000.0,-1.115465,-0.883028,IRQ,DEU,8443
888220,109,61,1661,2001,8093.0,3823994.0,0.032382999999999995,-0.51054,ISL,DEU,8443
888221,110,61,1661,2001,8135273.0,22805106.0,1.374873,0.775594,ISR,DEU,8443
888222,111,61,1661,2001,46033364.0,343990080.0,1.389926,1.282143,ITA,DEU,8443
888223,112,61,1661,2001,0.0,47954.0,-0.541582,-0.837248,JAM,DEU,8443
888224,113,61,1661,2001,1253.0,3173648.0,0.375134,0.581558,JOR,DEU,8443
888225,114,61,1661,2001,22915530.0,124314896.0,2.585857,0.522663,JPN,DEU,8443
888226,115,61,1661,2001,0.0,4505754.0,0.009714,-0.525899,KAZ,DEU,8443
888227,116,61,1661,2001,17985.0,722016.0,-0.529388,0.092271,KEN,DEU,8443
888228,117,61,1661,2001,0.0,164005.0,0.23332199999999997,0.256019,KGZ,DEU,8443
888229,118,61,1661,2001,0.0,44965.0,-1.231058,-1.154536,KHM,DEU,8443
888230,121,61,1661,2001,819482.0,50069453.0,1.145797,1.0762399999999999,KOR,DEU,8443
888231,122,61,1661,2001,2534.0,6422691.0,-0.8197,-1.183758,KWT,DEU,8443
888232,124,61,1661,2001,28747.0,4405243.0,0.165355,0.988008,LBN,DEU,8443
888233,125,61,1661,2001,0.0,4000.0,-0.49036,-1.126565,LBR,DEU,8443
888234,126,61,1661,2001,0.0,1954000.0,-0.9321459999999999,-1.198124,LBY,DEU,8443
888235,128,61,1661,2001,0.0,758576.0,-0.722434,-0.033818,LKA,DEU,8443
888236,130,61,1661,2001,149533.0,5561276.0,0.15706900000000001,0.416663,LTU,DEU,8443
888237,131,61,1661,2001,93722.0,17941265.0,1.470895,1.149007,LUX,DEU,8443
888238,132,61,1661,2001,13865.0,6871789.0,0.404136,0.461009,LVA,DEU,8443
888239,133,61,1661,2001,0.0,983335.0,-0.608406,-0.521662,MAC,DEU,8443
888240,134,61,1661,2001,9621.0,2508992.0,-0.75275,-0.280397,MAR,DEU,8443
888241,135,61,1661,2001,0.0,1634336.0,-0.024822,-0.15323399999999998,MDA,DEU,8443
888242,136,61,1661,2001,0.0,933686.0,-1.247531,-0.637093,MDG,DEU,8443
888243,137,61,1661,2001,0.0,3778.0,-0.980734,-0.9785659999999999,MDV,DEU,8443
888244,138,61,1661,2001,24705.0,85829688.0,0.797058,0.713234,MEX,DEU,8443
888245,140,61,1661,2001,0.0,860764.0,0.033097,0.43516499999999997,MKD,DEU,8443
888246,141,61,1661,2001,0.0,136090.0,-0.40341,-0.626402,MLI,DEU,8443
888247,142,61,1661,2001,7004.0,701592.0,1.065032,-0.065239,MLT,DEU,8443
888248,143,61,1661,2001,0.0,45805.0,-1.5627,-1.150854,MMR,DEU,8443
888249,145,61,1661,2001,0.0,84113.0,-0.691001,-0.9284180000000001,MNG,DEU,8443
888250,146,61,1661,2001,0.0,1000.0,-0.701194,-0.89945,MNP,DEU,8443
888251,147,61,1661,2001,0.0,10671.0,-1.2364879999999998,-1.136715,MOZ,DEU,8443
888252,148,61,1661,2001,0.0,18938.0,-1.187271,-1.240445,MRT,DEU,8443
888253,151,61,1661,2001,9510.0,1689190.0,-0.410422,-0.5868369999999999,MUS,DEU,8443
888254,153,61,1661,2001,347372.0,33511378.0,0.768174,0.307033,MYS,DEU,8443
888255,155,61,1661,2001,0.0,64114.0,-0.625912,-0.854247,NAM,DEU,8443
888256,156,61,1661,2001,0.0,48010.0,-0.837087,-0.9207040000000001,NCL,DEU,8443
888257,159,61,1661,2001,22816.0,3202520.0,-1.966439,-1.2724520000000001,NGA,DEU,8443
888258,160,61,1661,2001,0.0,23206.0,-0.8917430000000001,-0.713179,NIC,DEU,8443
888259,162,61,1661,2001,31064636.0,145751522.0,1.315685,1.590935,NLD,DEU,8443
888260,163,61,1661,2001,1147428.0,12574257.0,0.974814,0.06512000000000001,NOR,DEU,8443
888261,164,61,1661,2001,0.0,88000.0,-0.483749,-0.008754999999999999,NPL,DEU,8443
888262,166,61,1661,2001,21966.0,8129100.0,0.521409,0.683134,NZL,DEU,8443
888263,167,61,1661,2001,1652.0,333909.0,-0.909329,-1.189698,OMN,DEU,8443
888264,168,61,1661,2001,11672.0,3602000.0,-0.8376520000000001,-0.378743,PAK,DEU,8443
888265,169,61,1661,2001,0.0,661802.0,0.17588199999999998,0.422505,PAN,DEU,8443
888266,173,61,1661,2001,0.0,5045057.0,-0.345519,0.202623,PER,DEU,8443
888267,174,61,1661,2001,40795.0,8005572.0,-0.028201,-0.112349,PHL,DEU,8443
888268,176,61,1661,2001,0.0,1412.0,-1.503929,-1.199463,PNG,DEU,8443
888269,177,61,1661,2001,5774069.0,63822302.0,0.9474540000000001,1.8408220000000002,POL,DEU,8443
888270,178,61,1661,2001,3206.0,295000.0,0.62773,1.010888,PRK,DEU,8443
888271,179,61,1661,2001,262910.0,42770101.0,0.482048,1.662123,PRT,DEU,8443
888272,180,61,1661,2001,0.0,3359626.0,-0.68893,-0.9326690000000001,PRY,DEU,8443
888273,182,61,1661,2001,19231.0,20955.0,-0.005456,-0.7210770000000001,PYF,DEU,8443
888274,183,61,1661,2001,0.0,1658185.0,-0.46564799999999995,-1.127634,QAT,DEU,8443
888275,185,61,1661,2001,728310.0,3675914.0,0.326733,1.005332,ROU,DEU,8443
888276,186,61,1661,2001,496232.0,83292079.0,0.945816,0.35027600000000003,RUS,DEU,8443
888277,187,61,1661,2001,0.0,8059.0,-1.260879,-0.861347,RWA,DEU,8443
888278,188,61,1661,2001,55756.0,27337827.0,0.5370550000000001,-0.793469,SAU,DEU,8443
888279,189,61,1661,2001,68265.0,4911150.0,0.45280200000000004,2.469852,SCG,DEU,8443
888280,190,61,1661,2001,2410.0,265190.0,-1.6325180000000001,-1.263267,SDN,DEU,8443
888281,191,61,1661,2001,0.0,1566981.0,-0.437779,-0.436654,SEN,DEU,8443
888282,192,61,1661,2001,266403.0,37432158.0,1.364239,0.721074,SGP,DEU,8443
888283,195,61,1661,2001,6707.0,0.0,-0.325802,-0.726847,SLB,DEU,8443
888284,196,61,1661,2001,0.0,91000.0,0.331949,0.186253,SLE,DEU,8443
888285,197,61,1661,2001,29365.0,495554.0,-0.181554,-0.031294,SLV,DEU,8443
888286,205,61,1661,2001,725.0,901.0,-0.650556,-0.801128,SUR,DEU,8443
888287,206,61,1661,2001,1498163.0,8924916.0,1.1732770000000001,1.088576,SVK,DEU,8443
888288,207,61,1661,2001,1056389.0,12146605.0,1.5074370000000001,1.1370040000000001,SVN,DEU,8443
888289,208,61,1661,2001,13928793.0,54468099.0,2.156845,0.784439,SWE,DEU,8443
888290,212,61,1661,2001,0.0,4022432.0,-1.057217,-0.716331,SYR,DEU,8443
888291,214,61,1661,2001,0.0,13000.0,-0.655004,-0.872215,TCD,DEU,8443
888292,215,61,1661,2001,0.0,40142.0,-0.758725,-0.577004,TGO,DEU,8443
888293,216,61,1661,2001,3674709.0,30602906.0,0.37555900000000003,1.498267,THA,DEU,8443
888294,218,61,1661,2001,0.0,21000.0,0.135739,-0.144681,TKL,DEU,8443
888295,219,61,1661,2001,0.0,26000.0,-1.24627,-1.2760209999999998,TKM,DEU,8443
888296,220,61,1661,2001,0.0,1000.0,1.473822,-0.204046,TLS,DEU,8443
888297,222,61,1661,2001,4007.0,1298172.0,0.178256,-0.709126,TTO,DEU,8443
888298,223,61,1661,2001,0.0,10916425.0,-0.162152,0.23939699999999997,TUN,DEU,8443
888299,224,61,1661,2001,2300968.0,44031671.0,0.188773,1.91451,TUR,DEU,8443
888300,226,61,1661,2001,0.0,1418390.0,-1.193991,-0.49282200000000004,TZA,DEU,8443
888301,227,61,1661,2001,0.0,992853.0,-0.9694860000000001,-0.840592,UGA,DEU,8443
888302,228,61,1661,2001,8866534.0,25773061.0,0.8376969999999999,0.989059,UKR,DEU,8443
888303,230,61,1661,2001,0.0,5720865.0,0.36029,0.298869,URY,DEU,8443
888304,231,61,1661,2001,67271134.0,585289539.0,1.873674,0.168468,USA,DEU,8443
888305,232,61,1661,2001,0.0,3155000.0,-0.395913,-0.6454449999999999,UZB,DEU,8443
888306,234,61,1661,2001,0.0,3915.0,-0.5042,-0.7987609999999999,VCT,DEU,8443
888307,236,61,1661,2001,2333.0,6613299.0,0.261158,-0.7397,VEN,DEU,8443
888308,239,61,1661,2001,2184.0,9007648.0,-0.6692130000000001,0.610992,VNM,DEU,8443
888309,243,61,1661,2001,0.0,970000.0,-1.465154,-1.261615,YEM,DEU,8443
888310,246,61,1661,2001,596484.0,18220311.0,0.356842,2.006155,ZAF,DEU,8443
888311,247,61,1661,2001,0.0,34821.0,-0.731193,-0.706978,ZMB,DEU,8443
888312,248,61,1661,2001,0.0,2033023.0,-0.6321829999999999,-0.453671,ZWE,DEU,8443
888313,249,61,1661,2001,959950.0,40562828.0,1.5731700000000002,1.353159,TWN,DEU,8443
888314,250,61,1661,2001,0.0,194000.0,1.096023,-0.33562600000000004,ANS,DEU,8443
888315,7,64,1661,2001,0.0,1249222.0,-0.193984,-0.457124,ARE,DNK,8443
888316,8,64,1661,2001,0.0,810632.0,0.287698,0.547137,ARG,DNK,8443
888317,14,64,1661,2001,25801.0,3237181.0,0.29463,0.772375,AUS,DNK,8443
888318,15,64,1661,2001,247239.0,2739232.0,1.8571650000000002,0.603191,AUT,DNK,8443
888319,18,64,1661,2001,1949236.0,2202229.0,1.4328370000000001,1.408495,BEL,DNK,8443
888320,19,64,1661,2001,0.0,8241.0,-1.09233,-0.8276969999999999,BEN,DNK,8443
888321,22,64,1661,2001,0.0,2004.0,-1.0406739999999999,-1.010108,BGD,DNK,8443
888322,23,64,1661,2001,8828.0,178157.0,0.41425100000000004,1.639866,BGR,DNK,8443
888323,24,64,1661,2001,0.0,44031.0,-0.11008399999999999,-1.053611,BHR,DNK,8443
888324,26,64,1661,2001,0.0,330956.0,0.238083,0.362643,BIH,DNK,8443
888325,28,64,1661,2001,0.0,17837.0,0.804404,0.936773,BLR,DNK,8443
888326,31,64,1661,2001,0.0,93831.0,-0.680108,-0.678143,BOL,DNK,8443
888327,32,64,1661,2001,9078.0,1442032.0,0.672496,1.051848,BRA,DNK,8443
888328,33,64,1661,2001,0.0,29965.0,0.725546,0.172345,BRB,DNK,8443
888329,39,64,1661,2001,121279.0,142004.0,0.971827,1.105171,CAN,DNK,8443
888330,41,64,1661,2001,22905833.0,801272.0,2.227246,0.553956,CHE,DNK,8443
888331,42,64,1661,2001,0.0,103881.0,-0.004658,-0.002548,CHL,DNK,8443
888332,43,64,1661,2001,9047.0,3352884.0,0.525171,3.092963,CHN,DNK,8443
888333,49,64,1661,2001,0.0,920075.0,0.30412,0.395913,COL,DNK,8443
888334,52,64,1661,2001,0.0,2269.0,0.069458,-0.042793,CRI,DNK,8443
888335,54,64,1661,2001,0.0,9515.0,-0.443391,-0.9599030000000001,CUB,DNK,8443
888336,58,64,1661,2001,0.0,7629.0,0.381251,0.257802,CYP,DNK,8443
888337,59,64,1661,2001,165970.0,1568659.0,1.485703,1.109305,CZE,DNK,8443
888338,61,64,1661,2001,51738646.0,25859725.0,2.321375,-2.1110990000000003,DEU,DNK,8443
888339,67,64,1661,2001,4787.0,6805.0,-0.852642,-0.896374,ECU,DNK,8443
888340,68,64,1661,2001,0.0,262129.0,-0.373576,0.366385,EGY,DNK,8443
888341,71,64,1661,2001,1454285.0,3161053.0,1.079664,1.9842220000000002,ESP,DNK,8443
888342,72,64,1661,2001,1564.0,19818.0,0.5746829999999999,0.9073899999999999,EST,DNK,8443
888343,73,64,1661,2001,0.0,34379.0,-0.999149,-0.904072,ETH,DNK,8443
888344,74,64,1661,2001,108491.0,1365467.0,2.069141,0.9375180000000001,FIN,DNK,8443
888345,77,64,1661,2001,12519189.0,4110033.0,1.653507,0.797582,FRA,DNK,8443
888346,78,64,1661,2001,4174.0,277952.0,-1.004972,-0.9456030000000001,FRO,DNK,8443
888347,81,64,1661,2001,3323051.0,16784956.0,1.976894,0.685435,GBR,DNK,8443
888348,83,64,1661,2001,0.0,6078.0,-0.961067,-0.780449,GHA,DNK,8443
888349,84,64,1661,2001,0.0,149912.0,0.5955739999999999,-0.39100799999999997,GIB,DNK,8443
888350,87,64,1661,2001,0.0,8698.0,-0.160182,-0.24737399999999998,GMB,DNK,8443
888351,90,64,1661,2001,0.0,197811.0,0.31387600000000004,1.3614600000000001,GRC,DNK,8443
888352,92,64,1661,2001,6002.0,11442.0,0.199595,-0.73547,GRL,DNK,8443
888353,93,64,1661,2001,0.0,25358.0,-0.5089520000000001,0.216677,GTM,DNK,8443
888354,97,64,1661,2001,3249.0,1347826.0,0.521528,2.3025,HKG,DNK,8443
888355,100,64,1661,2001,1658.0,483920.0,0.544596,0.969535,HRV,DNK,8443
888356,102,64,1661,2001,73584.0,5196421.0,1.102262,1.138016,HUN,DNK,8443
888357,103,64,1661,2001,6261.0,15997.0,-0.167771,1.6587889999999998,IDN,DNK,8443
888358,104,64,1661,2001,12602.0,466838.0,0.349744,2.665844,IND,DNK,8443
888359,106,64,1661,2001,2157.0,1279508.0,1.664233,0.129983,IRL,DNK,8443
888360,107,64,1661,2001,0.0,19088.0,-0.7732479999999999,-0.8979370000000001,IRN,DNK,8443
888361,109,64,1661,2001,9259.0,60457.0,0.032382999999999995,-0.51054,ISL,DNK,8443
888362,110,64,1661,2001,3009.0,364171.0,1.374873,0.775594,ISR,DNK,8443
888363,111,64,1661,2001,1308533.0,4371542.0,1.389926,1.282143,ITA,DNK,8443
888364,112,64,1661,2001,0.0,15739.0,-0.541582,-0.837248,JAM,DNK,8443
888365,114,64,1661,2001,1686112.0,821699.0,2.585857,0.522663,JPN,DNK,8443
888366,115,64,1661,2001,0.0,25326.0,0.009714,-0.525899,KAZ,DNK,8443
888367,116,64,1661,2001,0.0,24156.0,-0.529388,0.092271,KEN,DNK,8443
888368,121,64,1661,2001,20496.0,367597.0,1.145797,1.0762399999999999,KOR,DNK,8443
888369,122,64,1661,2001,0.0,11740.0,-0.8197,-1.183758,KWT,DNK,8443
888370,124,64,1661,2001,0.0,44281.0,0.165355,0.988008,LBN,DNK,8443
888371,126,64,1661,2001,0.0,28075.0,-0.9321459999999999,-1.198124,LBY,DNK,8443
888372,128,64,1661,2001,0.0,1171.0,-0.722434,-0.033818,LKA,DNK,8443
888373,130,64,1661,2001,3722.0,132669.0,0.15706900000000001,0.416663,LTU,DNK,8443
888374,131,64,1661,2001,7029.0,17448.0,1.470895,1.149007,LUX,DNK,8443
888375,132,64,1661,2001,1146.0,8294.0,0.404136,0.461009,LVA,DNK,8443
888376,133,64,1661,2001,0.0,13886.0,-0.608406,-0.521662,MAC,DNK,8443
888377,135,64,1661,2001,0.0,642.0,-0.024822,-0.15323399999999998,MDA,DNK,8443
888378,138,64,1661,2001,18779.0,4253292.0,0.797058,0.713234,MEX,DNK,8443
888379,142,64,1661,2001,1331.0,4408.0,1.065032,-0.065239,MLT,DNK,8443
888380,145,64,1661,2001,0.0,115890.0,-0.691001,-0.9284180000000001,MNG,DNK,8443
888381,147,64,1661,2001,0.0,3979.0,-1.2364879999999998,-1.136715,MOZ,DNK,8443
888382,153,64,1661,2001,984.0,295795.0,0.768174,0.307033,MYS,DNK,8443
888383,162,64,1661,2001,3365952.0,2594222.0,1.315685,1.590935,NLD,DNK,8443
888384,163,64,1661,2001,1100166.0,1921801.0,0.974814,0.06512000000000001,NOR,DNK,8443
888385,164,64,1661,2001,0.0,30506.0,-0.483749,-0.008754999999999999,NPL,DNK,8443
888386,166,64,1661,2001,1076.0,577046.0,0.521409,0.683134,NZL,DNK,8443
888387,168,64,1661,2001,0.0,38293.0,-0.8376520000000001,-0.378743,PAK,DNK,8443
888388,173,64,1661,2001,0.0,44852.0,-0.345519,0.202623,PER,DNK,8443
888389,174,64,1661,2001,0.0,67449.0,-0.028201,-0.112349,PHL,DNK,8443
888390,177,64,1661,2001,19415.0,1066422.0,0.9474540000000001,1.8408220000000002,POL,DNK,8443
888391,179,64,1661,2001,2622.0,556021.0,0.482048,1.662123,PRT,DNK,8443
888392,185,64,1661,2001,0.0,33234.0,0.326733,1.005332,ROU,DNK,8443
888393,186,64,1661,2001,0.0,2418993.0,0.945816,0.35027600000000003,RUS,DNK,8443
888394,188,64,1661,2001,0.0,1607052.0,0.5370550000000001,-0.793469,SAU,DNK,8443
888395,189,64,1661,2001,154928.0,88006.0,0.45280200000000004,2.469852,SCG,DNK,8443
888396,190,64,1661,2001,0.0,1344.0,-1.6325180000000001,-1.263267,SDN,DNK,8443
888397,192,64,1661,2001,0.0,168171.0,1.364239,0.721074,SGP,DNK,8443
888398,196,64,1661,2001,0.0,50196.0,0.331949,0.186253,SLE,DNK,8443
888399,206,64,1661,2001,0.0,22155.0,1.1732770000000001,1.088576,SVK,DNK,8443
888400,207,64,1661,2001,6615.0,1170195.0,1.5074370000000001,1.1370040000000001,SVN,DNK,8443
888401,208,64,1661,2001,3974834.0,6976746.0,2.156845,0.784439,SWE,DNK,8443
888402,212,64,1661,2001,0.0,1589.0,-1.057217,-0.716331,SYR,DNK,8443
888403,216,64,1661,2001,610342.0,614626.0,0.37555900000000003,1.498267,THA,DNK,8443
888404,223,64,1661,2001,0.0,10822.0,-0.162152,0.23939699999999997,TUN,DNK,8443
888405,224,64,1661,2001,19906.0,424534.0,0.188773,1.91451,TUR,DNK,8443
888406,226,64,1661,2001,0.0,44273.0,-1.193991,-0.49282200000000004,TZA,DNK,8443
888407,227,64,1661,2001,0.0,2368.0,-0.9694860000000001,-0.840592,UGA,DNK,8443
888408,228,64,1661,2001,0.0,443975.0,0.8376969999999999,0.989059,UKR,DNK,8443
888409,230,64,1661,2001,0.0,45901.0,0.36029,0.298869,URY,DNK,8443
888410,231,64,1661,2001,5417326.0,9882312.0,1.873674,0.168468,USA,DNK,8443
888411,236,64,1661,2001,0.0,451242.0,0.261158,-0.7397,VEN,DNK,8443
888412,239,64,1661,2001,0.0,345330.0,-0.6692130000000001,0.610992,VNM,DNK,8443
888413,246,64,1661,2001,26047.0,2151044.0,0.356842,2.006155,ZAF,DNK,8443
888414,247,64,1661,2001,0.0,11598.0,-0.731193,-0.706978,ZMB,DNK,8443
888415,248,64,1661,2001,0.0,42244.0,-0.6321829999999999,-0.453671,ZWE,DNK,8443
888416,249,64,1661,2001,205034.0,334505.0,1.5731700000000002,1.353159,TWN,DNK,8443
888417,250,64,1661,2001,640387.0,15462.0,1.096023,-0.33562600000000004,ANS,DNK,8443
888418,6,65,1661,2001,29001.0,0.0,0.260662,-0.66681,ANT,DOM,8443
888419,8,65,1661,2001,9818.0,0.0,0.287698,0.547137,ARG,DOM,8443
888420,15,65,1661,2001,65454.0,0.0,1.8571650000000002,0.603191,AUT,DOM,8443
888421,18,65,1661,2001,16565.0,0.0,1.4328370000000001,1.408495,BEL,DOM,8443
888422,32,65,1661,2001,71562.0,0.0,0.672496,1.051848,BRA,DOM,8443
888423,39,65,1661,2001,156504.0,0.0,0.971827,1.105171,CAN,DOM,8443
888424,41,65,1661,2001,78507.0,0.0,2.227246,0.553956,CHE,DOM,8443
888425,43,65,1661,2001,4490.0,0.0,0.525171,3.092963,CHN,DOM,8443
888426,49,65,1661,2001,4021.0,0.0,0.30412,0.395913,COL,DOM,8443
888427,52,65,1661,2001,0.0,2007.0,0.069458,-0.042793,CRI,DOM,8443
888428,59,65,1661,2001,8884.0,0.0,1.485703,1.109305,CZE,DOM,8443
888429,61,65,1661,2001,2254069.0,0.0,2.321375,-2.1110990000000003,DEU,DOM,8443
888430,71,65,1661,2001,169018.0,0.0,1.079664,1.9842220000000002,ESP,DOM,8443
888431,77,65,1661,2001,115262.0,0.0,1.653507,0.797582,FRA,DOM,8443
888432,81,65,1661,2001,278930.0,0.0,1.976894,0.685435,GBR,DOM,8443
888433,97,65,1661,2001,4330.0,0.0,0.521528,2.3025,HKG,DOM,8443
888434,110,65,1661,2001,274234.0,0.0,1.374873,0.775594,ISR,DOM,8443
888435,111,65,1661,2001,783638.0,0.0,1.389926,1.282143,ITA,DOM,8443
888436,114,65,1661,2001,356024.0,0.0,2.585857,0.522663,JPN,DOM,8443
888437,128,65,1661,2001,215.0,0.0,-0.722434,-0.033818,LKA,DOM,8443
888438,138,65,1661,2001,4988.0,0.0,0.797058,0.713234,MEX,DOM,8443
888439,162,65,1661,2001,3199.0,0.0,1.315685,1.590935,NLD,DOM,8443
888440,169,65,1661,2001,26609.0,3159.0,0.17588199999999998,0.422505,PAN,DOM,8443
888441,208,65,1661,2001,26451.0,0.0,2.156845,0.784439,SWE,DOM,8443
888442,231,65,1661,2001,4762131.0,36678.0,1.873674,0.168468,USA,DOM,8443
888443,236,65,1661,2001,0.0,2270.0,0.261158,-0.7397,VEN,DOM,8443
888444,249,65,1661,2001,28015.0,0.0,1.5731700000000002,1.353159,TWN,DOM,8443
888445,250,65,1661,2001,153737.0,0.0,1.096023,-0.33562600000000004,ANS,DOM,8443
888446,15,67,1661,2001,70026.0,0.0,1.8571650000000002,0.603191,AUT,ECU,8443
888447,18,67,1661,2001,9852.0,0.0,1.4328370000000001,1.408495,BEL,ECU,8443
888448,32,67,1661,2001,284970.0,0.0,0.672496,1.051848,BRA,ECU,8443
888449,39,67,1661,2001,155892.0,0.0,0.971827,1.105171,CAN,ECU,8443
888450,41,67,1661,2001,124233.0,0.0,2.227246,0.553956,CHE,ECU,8443
888451,42,67,1661,2001,28051.0,0.0,-0.004658,-0.002548,CHL,ECU,8443
888452,43,67,1661,2001,3007.0,0.0,0.525171,3.092963,CHN,ECU,8443
888453,49,67,1661,2001,206635.0,4882.0,0.30412,0.395913,COL,ECU,8443
888454,61,67,1661,2001,4948145.0,0.0,2.321375,-2.1110990000000003,DEU,ECU,8443
888455,64,67,1661,2001,6805.0,4787.0,1.261883,1.351875,DNK,ECU,8443
888456,71,67,1661,2001,100224.0,0.0,1.079664,1.9842220000000002,ESP,ECU,8443
888457,74,67,1661,2001,50630.0,0.0,2.069141,0.9375180000000001,FIN,ECU,8443
888458,77,67,1661,2001,390023.0,0.0,1.653507,0.797582,FRA,ECU,8443
888459,81,67,1661,2001,364708.0,0.0,1.976894,0.685435,GBR,ECU,8443
888460,93,67,1661,2001,2206.0,0.0,-0.5089520000000001,0.216677,GTM,ECU,8443
888461,110,67,1661,2001,219432.0,0.0,1.374873,0.775594,ISR,ECU,8443
888462,111,67,1661,2001,1650279.0,0.0,1.389926,1.282143,ITA,ECU,8443
888463,114,67,1661,2001,36732.0,1887.0,2.585857,0.522663,JPN,ECU,8443
888464,121,67,1661,2001,2431.0,1201.0,1.145797,1.0762399999999999,KOR,ECU,8443
888465,138,67,1661,2001,36170.0,0.0,0.797058,0.713234,MEX,ECU,8443
888466,160,67,1661,2001,0.0,3075.0,-0.8917430000000001,-0.713179,NIC,ECU,8443
888467,162,67,1661,2001,68797.0,0.0,1.315685,1.590935,NLD,ECU,8443
888468,169,67,1661,2001,4697.0,3860.0,0.17588199999999998,0.422505,PAN,ECU,8443
888469,173,67,1661,2001,11961.0,103272.0,-0.345519,0.202623,PER,ECU,8443
888470,188,67,1661,2001,0.0,38626.0,0.5370550000000001,-0.793469,SAU,ECU,8443
888471,189,67,1661,2001,0.0,3045.0,0.45280200000000004,2.469852,SCG,ECU,8443
888472,208,67,1661,2001,15226.0,0.0,2.156845,0.784439,SWE,ECU,8443
888473,216,67,1661,2001,0.0,35739.0,0.37555900000000003,1.498267,THA,ECU,8443
888474,226,67,1661,2001,0.0,3614.0,-1.193991,-0.49282200000000004,TZA,ECU,8443
888475,230,67,1661,2001,3831.0,0.0,0.36029,0.298869,URY,ECU,8443
888476,231,67,1661,2001,2443742.0,38801.0,1.873674,0.168468,USA,ECU,8443
888477,236,67,1661,2001,488845.0,0.0,0.261158,-0.7397,VEN,ECU,8443
888478,246,67,1661,2001,0.0,7366.0,0.356842,2.006155,ZAF,ECU,8443
888479,249,67,1661,2001,1733309.0,1219.0,1.5731700000000002,1.353159,TWN,ECU,8443
888480,5,71,1661,2001,7317.0,264540.0,1.049415,0.860241,AND,ESP,8443
888481,7,71,1661,2001,0.0,21158.0,-0.193984,-0.457124,ARE,ESP,8443
888482,8,71,1661,2001,5093.0,2743359.0,0.287698,0.547137,ARG,ESP,8443
888483,14,71,1661,2001,38952.0,442830.0,0.29463,0.772375,AUS,ESP,8443
888484,15,71,1661,2001,1563647.0,157978.0,1.8571650000000002,0.603191,AUT,ESP,8443
888485,18,71,1661,2001,6165998.0,2709056.0,1.4328370000000001,1.408495,BEL,ESP,8443
888486,22,71,1661,2001,0.0,20502.0,-1.0406739999999999,-1.010108,BGD,ESP,8443
888487,23,71,1661,2001,0.0,106549.0,0.41425100000000004,1.639866,BGR,ESP,8443
888488,24,71,1661,2001,0.0,867.0,-0.11008399999999999,-1.053611,BHR,ESP,8443
888489,32,71,1661,2001,49059.0,8729690.0,0.672496,1.051848,BRA,ESP,8443
888490,33,71,1661,2001,0.0,2492.0,0.725546,0.172345,BRB,ESP,8443
888491,34,71,1661,2001,0.0,4666.0,-0.8654209999999999,-0.930599,BRN,ESP,8443
888492,37,71,1661,2001,0.0,5681.0,-0.42690100000000003,-1.081372,BWA,ESP,8443
888493,39,71,1661,2001,229107.0,153359.0,0.971827,1.105171,CAN,ESP,8443
888494,41,71,1661,2001,22808168.0,1110631.0,2.227246,0.553956,CHE,ESP,8443
888495,42,71,1661,2001,4454.0,259579.0,-0.004658,-0.002548,CHL,ESP,8443
888496,43,71,1661,2001,159762.0,320184.0,0.525171,3.092963,CHN,ESP,8443
888497,44,71,1661,2001,0.0,55436.0,-0.715949,-0.524428,CIV,ESP,8443
888498,45,71,1661,2001,0.0,5740.0,-1.6254879999999998,-1.212513,CMR,ESP,8443
888499,49,71,1661,2001,0.0,1055406.0,0.30412,0.395913,COL,ESP,8443
888500,52,71,1661,2001,0.0,23724.0,0.069458,-0.042793,CRI,ESP,8443
888501,54,71,1661,2001,310654.0,1023922.0,-0.443391,-0.9599030000000001,CUB,ESP,8443
888502,58,71,1661,2001,1876.0,23986.0,0.381251,0.257802,CYP,ESP,8443
888503,59,71,1661,2001,337964.0,66530.0,1.485703,1.109305,CZE,ESP,8443
888504,61,71,1661,2001,156173280.0,5039904.0,2.321375,-2.1110990000000003,DEU,ESP,8443
888505,64,71,1661,2001,3161053.0,1454285.0,1.261883,1.351875,DNK,ESP,8443
888506,65,71,1661,2001,0.0,169018.0,-0.538419,-0.48773900000000003,DOM,ESP,8443
888507,66,71,1661,2001,0.0,908744.0,-0.663363,-1.158295,DZA,ESP,8443
888508,67,71,1661,2001,0.0,100224.0,-0.852642,-0.896374,ECU,ESP,8443
888509,68,71,1661,2001,0.0,21340.0,-0.373576,0.366385,EGY,ESP,8443
888510,72,71,1661,2001,0.0,4562.0,0.5746829999999999,0.9073899999999999,EST,ESP,8443
888511,74,71,1661,2001,82136.0,122658.0,2.069141,0.9375180000000001,FIN,ESP,8443
888512,77,71,1661,2001,23223915.0,21042206.0,1.653507,0.797582,FRA,ESP,8443
888513,81,71,1661,2001,19308597.0,4472160.0,1.976894,0.685435,GBR,ESP,8443
888514,82,71,1661,2001,0.0,3911.0,0.585568,-0.047744999999999996,GEO,ESP,8443
888515,83,71,1661,2001,0.0,7397.0,-0.961067,-0.780449,GHA,ESP,8443
888516,84,71,1661,2001,0.0,18165.0,0.5955739999999999,-0.39100799999999997,GIB,ESP,8443
888517,85,71,1661,2001,0.0,3801.0,-1.5380340000000001,-1.200083,GIN,ESP,8443
888518,89,71,1661,2001,0.0,3499.0,-2.0882959999999997,-0.921539,GNQ,ESP,8443
888519,90,71,1661,2001,13679.0,327648.0,0.31387600000000004,1.3614600000000001,GRC,ESP,8443
888520,93,71,1661,2001,0.0,271783.0,-0.5089520000000001,0.216677,GTM,ESP,8443
888521,97,71,1661,2001,600612.0,1373222.0,0.521528,2.3025,HKG,ESP,8443
888522,99,71,1661,2001,0.0,70704.0,-0.8003060000000001,-0.602097,HND,ESP,8443
888523,100,71,1661,2001,0.0,309625.0,0.544596,0.969535,HRV,ESP,8443
888524,102,71,1661,2001,17849.0,441363.0,1.102262,1.138016,HUN,ESP,8443
888525,103,71,1661,2001,0.0,597794.0,-0.167771,1.6587889999999998,IDN,ESP,8443
888526,104,71,1661,2001,0.0,837355.0,0.349744,2.665844,IND,ESP,8443
888527,106,71,1661,2001,2718.0,25399.0,1.664233,0.129983,IRL,ESP,8443
888528,107,71,1661,2001,0.0,1019837.0,-0.7732479999999999,-0.8979370000000001,IRN,ESP,8443
888529,109,71,1661,2001,1009.0,9704.0,0.032382999999999995,-0.51054,ISL,ESP,8443
888530,110,71,1661,2001,619641.0,118651.0,1.374873,0.775594,ISR,ESP,8443
888531,111,71,1661,2001,29127671.0,4613853.0,1.389926,1.282143,ITA,ESP,8443
888532,113,71,1661,2001,0.0,26813.0,0.375134,0.581558,JOR,ESP,8443
888533,114,71,1661,2001,12184132.0,84122.0,2.585857,0.522663,JPN,ESP,8443
888534,121,71,1661,2001,63993.0,1677956.0,1.145797,1.0762399999999999,KOR,ESP,8443
888535,122,71,1661,2001,0.0,7445.0,-0.8197,-1.183758,KWT,ESP,8443
888536,124,71,1661,2001,0.0,5218.0,0.165355,0.988008,LBN,ESP,8443
888537,128,71,1661,2001,0.0,53040.0,-0.722434,-0.033818,LKA,ESP,8443
888538,130,71,1661,2001,0.0,3004.0,0.15706900000000001,0.416663,LTU,ESP,8443
888539,131,71,1661,2001,2107.0,0.0,1.470895,1.149007,LUX,ESP,8443
888540,134,71,1661,2001,60597.0,376616.0,-0.75275,-0.280397,MAR,ESP,8443
888541,135,71,1661,2001,0.0,150427.0,-0.024822,-0.15323399999999998,MDA,ESP,8443
888542,136,71,1661,2001,0.0,679.0,-1.247531,-0.637093,MDG,ESP,8443
888543,138,71,1661,2001,20684.0,4975490.0,0.797058,0.713234,MEX,ESP,8443
888544,142,71,1661,2001,16911.0,162176.0,1.065032,-0.065239,MLT,ESP,8443
888545,148,71,1661,2001,0.0,21299.0,-1.187271,-1.240445,MRT,ESP,8443
888546,151,71,1661,2001,0.0,3139.0,-0.410422,-0.5868369999999999,MUS,ESP,8443
888547,153,71,1661,2001,23461.0,71269.0,0.768174,0.307033,MYS,ESP,8443
888548,159,71,1661,2001,0.0,6858.0,-1.966439,-1.2724520000000001,NGA,ESP,8443
888549,160,71,1661,2001,0.0,10491.0,-0.8917430000000001,-0.713179,NIC,ESP,8443
888550,162,71,1661,2001,12618670.0,2525887.0,1.315685,1.590935,NLD,ESP,8443
888551,163,71,1661,2001,151423.0,866081.0,0.974814,0.06512000000000001,NOR,ESP,8443
888552,166,71,1661,2001,0.0,1173496.0,0.521409,0.683134,NZL,ESP,8443
888553,168,71,1661,2001,0.0,205250.0,-0.8376520000000001,-0.378743,PAK,ESP,8443
888554,169,71,1661,2001,0.0,10854.0,0.17588199999999998,0.422505,PAN,ESP,8443
888555,173,71,1661,2001,1113.0,256138.0,-0.345519,0.202623,PER,ESP,8443
888556,174,71,1661,2001,8976.0,11103.0,-0.028201,-0.112349,PHL,ESP,8443
888557,177,71,1661,2001,87650.0,965438.0,0.9474540000000001,1.8408220000000002,POL,ESP,8443
888558,179,71,1661,2001,1906540.0,7951302.0,0.482048,1.662123,PRT,ESP,8443
888559,183,71,1661,2001,0.0,5263.0,-0.46564799999999995,-1.127634,QAT,ESP,8443
888560,185,71,1661,2001,0.0,73947.0,0.326733,1.005332,ROU,ESP,8443
888561,186,71,1661,2001,0.0,701217.0,0.945816,0.35027600000000003,RUS,ESP,8443
888562,188,71,1661,2001,0.0,534030.0,0.5370550000000001,-0.793469,SAU,ESP,8443
888563,189,71,1661,2001,0.0,5390.0,0.45280200000000004,2.469852,SCG,ESP,8443
888564,191,71,1661,2001,0.0,6622.0,-0.437779,-0.436654,SEN,ESP,8443
888565,192,71,1661,2001,0.0,194120.0,1.364239,0.721074,SGP,ESP,8443
888566,197,71,1661,2001,0.0,7905.0,-0.181554,-0.031294,SLV,ESP,8443
888567,198,71,1661,2001,84104.0,0.0,1.40664,-0.034707999999999996,SMR,ESP,8443
888568,206,71,1661,2001,1672.0,7205.0,1.1732770000000001,1.088576,SVK,ESP,8443
888569,207,71,1661,2001,2527.0,6557.0,1.5074370000000001,1.1370040000000001,SVN,ESP,8443
888570,208,71,1661,2001,3049093.0,2269163.0,2.156845,0.784439,SWE,ESP,8443
888571,212,71,1661,2001,0.0,623529.0,-1.057217,-0.716331,SYR,ESP,8443
888572,216,71,1661,2001,33246.0,181392.0,0.37555900000000003,1.498267,THA,ESP,8443
888573,222,71,1661,2001,0.0,2451.0,0.178256,-0.709126,TTO,ESP,8443
888574,223,71,1661,2001,0.0,442005.0,-0.162152,0.23939699999999997,TUN,ESP,8443
888575,224,71,1661,2001,9369.0,333575.0,0.188773,1.91451,TUR,ESP,8443
888576,227,71,1661,2001,0.0,5678.0,-0.9694860000000001,-0.840592,UGA,ESP,8443
888577,228,71,1661,2001,0.0,65053.0,0.8376969999999999,0.989059,UKR,ESP,8443
888578,230,71,1661,2001,10146.0,322030.0,0.36029,0.298869,URY,ESP,8443
888579,231,71,1661,2001,4812763.0,6452059.0,1.873674,0.168468,USA,ESP,8443
888580,236,71,1661,2001,33367.0,2138164.0,0.261158,-0.7397,VEN,ESP,8443
888581,239,71,1661,2001,0.0,1722948.0,-0.6692130000000001,0.610992,VNM,ESP,8443
888582,241,71,1661,2001,107561.0,0.0,0.934326,-0.724379,WLF,ESP,8443
888583,243,71,1661,2001,0.0,1238.0,-1.465154,-1.261615,YEM,ESP,8443
888584,246,71,1661,2001,13653.0,208189.0,0.356842,2.006155,ZAF,ESP,8443
888585,247,71,1661,2001,0.0,216076.0,-0.731193,-0.706978,ZMB,ESP,8443
888586,248,71,1661,2001,0.0,137986.0,-0.6321829999999999,-0.453671,ZWE,ESP,8443
888587,249,71,1661,2001,399370.0,362089.0,1.5731700000000002,1.353159,TWN,ESP,8443
888588,14,74,1661,2001,118975.0,0.0,0.29463,0.772375,AUS,FIN,8443
888589,15,74,1661,2001,360969.0,0.0,1.8571650000000002,0.603191,AUT,FIN,8443
888590,18,74,1661,2001,801412.0,379585.0,1.4328370000000001,1.408495,BEL,FIN,8443
888591,23,74,1661,2001,0.0,91646.0,0.41425100000000004,1.639866,BGR,FIN,8443
888592,31,74,1661,2001,0.0,31868.0,-0.680108,-0.678143,BOL,FIN,8443
888593,32,74,1661,2001,332396.0,58637.0,0.672496,1.051848,BRA,FIN,8443
888594,39,74,1661,2001,104678.0,54613.0,0.971827,1.105171,CAN,FIN,8443
888595,41,74,1661,2001,8359460.0,373922.0,2.227246,0.553956,CHE,FIN,8443
888596,43,74,1661,2001,55357.0,729384.0,0.525171,3.092963,CHN,FIN,8443
888597,47,74,1661,2001,0.0,44729.0,-1.482788,-1.172,COG,FIN,8443
888598,59,74,1661,2001,2258352.0,294507.0,1.485703,1.109305,CZE,FIN,8443
888599,61,74,1661,2001,28709985.0,714466.0,2.321375,-2.1110990000000003,DEU,FIN,8443
888600,64,74,1661,2001,1365467.0,108491.0,1.261883,1.351875,DNK,FIN,8443
888601,67,74,1661,2001,0.0,50630.0,-0.852642,-0.896374,ECU,FIN,8443
888602,68,74,1661,2001,0.0,118875.0,-0.373576,0.366385,EGY,FIN,8443
888603,71,74,1661,2001,122658.0,82136.0,1.079664,1.9842220000000002,ESP,FIN,8443
888604,72,74,1661,2001,25422.0,466622.0,0.5746829999999999,0.9073899999999999,EST,FIN,8443
888605,77,74,1661,2001,5306912.0,2205310.0,1.653507,0.797582,FRA,FIN,8443
888606,81,74,1661,2001,13941503.0,2232782.0,1.976894,0.685435,GBR,FIN,8443
888607,97,74,1661,2001,57206.0,526157.0,0.521528,2.3025,HKG,FIN,8443
888608,102,74,1661,2001,926.0,48079.0,1.102262,1.138016,HUN,FIN,8443
888609,103,74,1661,2001,359007.0,369657.0,-0.167771,1.6587889999999998,IDN,FIN,8443
888610,104,74,1661,2001,0.0,212764.0,0.349744,2.665844,IND,FIN,8443
888611,107,74,1661,2001,0.0,24523.0,-0.7732479999999999,-0.8979370000000001,IRN,FIN,8443
888612,110,74,1661,2001,314826.0,0.0,1.374873,0.775594,ISR,FIN,8443
888613,111,74,1661,2001,1222214.0,291262.0,1.389926,1.282143,ITA,FIN,8443
888614,114,74,1661,2001,1882055.0,81869.0,2.585857,0.522663,JPN,FIN,8443
888615,115,74,1661,2001,0.0,12393.0,0.009714,-0.525899,KAZ,FIN,8443
888616,121,74,1661,2001,57603.0,138023.0,1.145797,1.0762399999999999,KOR,FIN,8443
888617,122,74,1661,2001,0.0,8008.0,-0.8197,-1.183758,KWT,FIN,8443
888618,128,74,1661,2001,0.0,38759.0,-0.722434,-0.033818,LKA,FIN,8443
888619,130,74,1661,2001,0.0,41996.0,0.15706900000000001,0.416663,LTU,FIN,8443
888620,132,74,1661,2001,37007.0,244737.0,0.404136,0.461009,LVA,FIN,8443
888621,153,74,1661,2001,0.0,31506.0,0.768174,0.307033,MYS,FIN,8443
888622,159,74,1661,2001,0.0,11066.0,-1.966439,-1.2724520000000001,NGA,FIN,8443
888623,162,74,1661,2001,1229610.0,950442.0,1.315685,1.590935,NLD,FIN,8443
888624,163,74,1661,2001,78943.0,37015.0,0.974814,0.06512000000000001,NOR,FIN,8443
888625,166,74,1661,2001,0.0,1579.0,0.521409,0.683134,NZL,FIN,8443
888626,173,74,1661,2001,0.0,113485.0,-0.345519,0.202623,PER,FIN,8443
888627,177,74,1661,2001,0.0,1364.0,0.9474540000000001,1.8408220000000002,POL,FIN,8443
888628,179,74,1661,2001,0.0,3534.0,0.482048,1.662123,PRT,FIN,8443
888629,185,74,1661,2001,0.0,2874.0,0.326733,1.005332,ROU,FIN,8443
888630,186,74,1661,2001,6331.0,985229.0,0.945816,0.35027600000000003,RUS,FIN,8443
888631,188,74,1661,2001,0.0,267532.0,0.5370550000000001,-0.793469,SAU,FIN,8443
888632,192,74,1661,2001,4870.0,6715.0,1.364239,0.721074,SGP,FIN,8443
888633,206,74,1661,2001,5535.0,14084.0,1.1732770000000001,1.088576,SVK,FIN,8443
888634,207,74,1661,2001,13504.0,0.0,1.5074370000000001,1.1370040000000001,SVN,FIN,8443
888635,208,74,1661,2001,3292596.0,2102173.0,2.156845,0.784439,SWE,FIN,8443
888636,216,74,1661,2001,0.0,99047.0,0.37555900000000003,1.498267,THA,FIN,8443
888637,228,74,1661,2001,0.0,16193.0,0.8376969999999999,0.989059,UKR,FIN,8443
888638,231,74,1661,2001,3375255.0,217519.0,1.873674,0.168468,USA,FIN,8443
888639,249,74,1661,2001,3109807.0,0.0,1.5731700000000002,1.353159,TWN,FIN,8443
888640,1,77,1661,2001,2246.0,0.0,-0.033686,-0.46412700000000007,AFG,FRA,8443
888641,2,77,1661,2001,0.0,17023.0,-1.523823,-1.214093,AGO,FRA,8443
888642,4,77,1661,2001,2436.0,0.0,-0.054125,0.104298,ALB,FRA,8443
888643,5,77,1661,2001,1486.0,6221.0,1.049415,0.860241,AND,FRA,8443
888644,7,77,1661,2001,13142.0,589999.0,-0.193984,-0.457124,ARE,FRA,8443
888645,8,77,1661,2001,5211.0,3600122.0,0.287698,0.547137,ARG,FRA,8443
888646,9,77,1661,2001,0.0,2927.0,0.834168,0.21458000000000002,ARM,FRA,8443
888647,14,77,1661,2001,23607.0,5566269.0,0.29463,0.772375,AUS,FRA,8443
888648,15,77,1661,2001,3531797.0,3080833.0,1.8571650000000002,0.603191,AUT,FRA,8443
888649,18,77,1661,2001,13783846.0,14389029.0,1.4328370000000001,1.408495,BEL,FRA,8443
888650,19,77,1661,2001,0.0,213844.0,-1.09233,-0.8276969999999999,BEN,FRA,8443
888651,21,77,1661,2001,0.0,215306.0,-0.291485,-0.20803000000000002,BFA,FRA,8443
888652,22,77,1661,2001,7198.0,119538.0,-1.0406739999999999,-1.010108,BGD,FRA,8443
888653,23,77,1661,2001,123754.0,809881.0,0.41425100000000004,1.639866,BGR,FRA,8443
888654,24,77,1661,2001,0.0,25335.0,-0.11008399999999999,-1.053611,BHR,FRA,8443
888655,25,77,1661,2001,5779.0,0.0,0.803267,-0.071853,BHS,FRA,8443
888656,26,77,1661,2001,0.0,399732.0,0.238083,0.362643,BIH,FRA,8443
888657,28,77,1661,2001,0.0,345852.0,0.804404,0.936773,BLR,FRA,8443
888658,31,77,1661,2001,0.0,51635.0,-0.680108,-0.678143,BOL,FRA,8443
888659,32,77,1661,2001,15518.0,22065934.0,0.672496,1.051848,BRA,FRA,8443
888660,37,77,1661,2001,0.0,92398.0,-0.42690100000000003,-1.081372,BWA,FRA,8443
888661,38,77,1661,2001,0.0,7776.0,-0.682897,-0.8083140000000001,CAF,FRA,8443
888662,39,77,1661,2001,521113.0,7464037.0,0.971827,1.105171,CAN,FRA,8443
888663,41,77,1661,2001,38442676.0,7420209.0,2.227246,0.553956,CHE,FRA,8443
888664,42,77,1661,2001,3540.0,1194655.0,-0.004658,-0.002548,CHL,FRA,8443
888665,43,77,1661,2001,208343.0,66310032.0,0.525171,3.092963,CHN,FRA,8443
888666,44,77,1661,2001,9986.0,1283369.0,-0.715949,-0.524428,CIV,FRA,8443
888667,45,77,1661,2001,7480.0,639956.0,-1.6254879999999998,-1.212513,CMR,FRA,8443
888668,46,77,1661,2001,0.0,34981.0,-1.421643,-1.154007,COD,FRA,8443
888669,47,77,1661,2001,0.0,436370.0,-1.482788,-1.172,COG,FRA,8443
888670,49,77,1661,2001,3331.0,1287763.0,0.30412,0.395913,COL,FRA,8443
888671,52,77,1661,2001,137715.0,9832.0,0.069458,-0.042793,CRI,FRA,8443
888672,54,77,1661,2001,0.0,88781.0,-0.443391,-0.9599030000000001,CUB,FRA,8443
888673,58,77,1661,2001,276827.0,275627.0,0.381251,0.257802,CYP,FRA,8443
888674,59,77,1661,2001,1368012.0,4514152.0,1.485703,1.109305,CZE,FRA,8443
888675,61,77,1661,2001,255133626.0,45486574.0,2.321375,-2.1110990000000003,DEU,FRA,8443
888676,64,77,1661,2001,4110033.0,12519189.0,1.261883,1.351875,DNK,FRA,8443
888677,65,77,1661,2001,0.0,115262.0,-0.538419,-0.48773900000000003,DOM,FRA,8443
888678,66,77,1661,2001,8915.0,4900870.0,-0.663363,-1.158295,DZA,FRA,8443
888679,67,77,1661,2001,0.0,390023.0,-0.852642,-0.896374,ECU,FRA,8443
888680,68,77,1661,2001,0.0,713534.0,-0.373576,0.366385,EGY,FRA,8443
888681,71,77,1661,2001,21042206.0,23223915.0,1.079664,1.9842220000000002,ESP,FRA,8443
888682,72,77,1661,2001,2049.0,183633.0,0.5746829999999999,0.9073899999999999,EST,FRA,8443
888683,73,77,1661,2001,0.0,1187.0,-0.999149,-0.904072,ETH,FRA,8443
888684,74,77,1661,2001,2205310.0,5306912.0,2.069141,0.9375180000000001,FIN,FRA,8443
888685,78,77,1661,2001,0.0,284.0,-1.004972,-0.9456030000000001,FRO,FRA,8443
888686,80,77,1661,2001,3640.0,401016.0,-1.063007,-1.181284,GAB,FRA,8443
888687,81,77,1661,2001,36905000.0,40990977.0,1.976894,0.685435,GBR,FRA,8443
888688,82,77,1661,2001,10049.0,0.0,0.585568,-0.047744999999999996,GEO,FRA,8443
888689,83,77,1661,2001,0.0,47526.0,-0.961067,-0.780449,GHA,FRA,8443
888690,85,77,1661,2001,0.0,20309.0,-1.5380340000000001,-1.200083,GIN,FRA,8443
888691,90,77,1661,2001,31723.0,844713.0,0.31387600000000004,1.3614600000000001,GRC,FRA,8443
888692,93,77,1661,2001,0.0,18012.0,-0.5089520000000001,0.216677,GTM,FRA,8443
888693,97,77,1661,2001,406970.0,8038310.0,0.521528,2.3025,HKG,FRA,8443
888694,99,77,1661,2001,0.0,52487.0,-0.8003060000000001,-0.602097,HND,FRA,8443
888695,100,77,1661,2001,1893.0,237060.0,0.544596,0.969535,HRV,FRA,8443
888696,102,77,1661,2001,306026.0,1261854.0,1.102262,1.138016,HUN,FRA,8443
888697,103,77,1661,2001,1751.0,7528452.0,-0.167771,1.6587889999999998,IDN,FRA,8443
888698,104,77,1661,2001,133844.0,4222113.0,0.349744,2.665844,IND,FRA,8443
888699,106,77,1661,2001,511704.0,981745.0,1.664233,0.129983,IRL,FRA,8443
888700,107,77,1661,2001,0.0,861360.0,-0.7732479999999999,-0.8979370000000001,IRN,FRA,8443
888701,109,77,1661,2001,3200.0,21079.0,0.032382999999999995,-0.51054,ISL,FRA,8443
888702,110,77,1661,2001,875476.0,772259.0,1.374873,0.775594,ISR,FRA,8443
888703,111,77,1661,2001,33212056.0,51210200.0,1.389926,1.282143,ITA,FRA,8443
888704,113,77,1661,2001,0.0,268759.0,0.375134,0.581558,JOR,FRA,8443
888705,114,77,1661,2001,60772333.0,12764648.0,2.585857,0.522663,JPN,FRA,8443
888706,115,77,1661,2001,0.0,9379.0,0.009714,-0.525899,KAZ,FRA,8443
888707,116,77,1661,2001,0.0,40461.0,-0.529388,0.092271,KEN,FRA,8443
888708,118,77,1661,2001,0.0,30224.0,-1.231058,-1.154536,KHM,FRA,8443
888709,121,77,1661,2001,55302.0,11259155.0,1.145797,1.0762399999999999,KOR,FRA,8443
888710,122,77,1661,2001,1014.0,39542.0,-0.8197,-1.183758,KWT,FRA,8443
888711,124,77,1661,2001,16488.0,204390.0,0.165355,0.988008,LBN,FRA,8443
888712,126,77,1661,2001,0.0,34033.0,-0.9321459999999999,-1.198124,LBY,FRA,8443
888713,128,77,1661,2001,0.0,71489.0,-0.722434,-0.033818,LKA,FRA,8443
888714,130,77,1661,2001,0.0,134847.0,0.15706900000000001,0.416663,LTU,FRA,8443
888715,131,77,1661,2001,131507.0,213897.0,1.470895,1.149007,LUX,FRA,8443
888716,134,77,1661,2001,25016.0,3669830.0,-0.75275,-0.280397,MAR,FRA,8443
888717,135,77,1661,2001,0.0,29068.0,-0.024822,-0.15323399999999998,MDA,FRA,8443
888718,136,77,1661,2001,31430.0,258191.0,-1.247531,-0.637093,MDG,FRA,8443
888719,138,77,1661,2001,11695.0,26453638.0,0.797058,0.713234,MEX,FRA,8443
888720,141,77,1661,2001,1315.0,201568.0,-0.40341,-0.626402,MLI,FRA,8443
888721,142,77,1661,2001,0.0,88636.0,1.065032,-0.065239,MLT,FRA,8443
888722,148,77,1661,2001,0.0,17014.0,-1.187271,-1.240445,MRT,FRA,8443
888723,151,77,1661,2001,19384.0,224902.0,-0.410422,-0.5868369999999999,MUS,FRA,8443
888724,153,77,1661,2001,13981.0,5878330.0,0.768174,0.307033,MYS,FRA,8443
888725,154,77,1661,2001,20120.0,232884.0,1.4633260000000001,-0.114532,MYT,FRA,8443
888726,156,77,1661,2001,61608.0,138261.0,-0.837087,-0.9207040000000001,NCL,FRA,8443
888727,157,77,1661,2001,0.0,97247.0,-0.22368600000000002,-0.464156,NER,FRA,8443
888728,159,77,1661,2001,0.0,315493.0,-1.966439,-1.2724520000000001,NGA,FRA,8443
888729,160,77,1661,2001,0.0,1799.0,-0.8917430000000001,-0.713179,NIC,FRA,8443
888730,162,77,1661,2001,37628677.0,5881549.0,1.315685,1.590935,NLD,FRA,8443
888731,163,77,1661,2001,726498.0,741720.0,0.974814,0.06512000000000001,NOR,FRA,8443
888732,164,77,1661,2001,0.0,31376.0,-0.483749,-0.008754999999999999,NPL,FRA,8443
888733,166,77,1661,2001,7981.0,370765.0,0.521409,0.683134,NZL,FRA,8443
888734,167,77,1661,2001,0.0,1143775.0,-0.909329,-1.189698,OMN,FRA,8443
888735,168,77,1661,2001,0.0,87767.0,-0.8376520000000001,-0.378743,PAK,FRA,8443
888736,169,77,1661,2001,0.0,3053.0,0.17588199999999998,0.422505,PAN,FRA,8443
888737,173,77,1661,2001,0.0,106370.0,-0.345519,0.202623,PER,FRA,8443
888738,174,77,1661,2001,99434.0,101652.0,-0.028201,-0.112349,PHL,FRA,8443
888739,177,77,1661,2001,665745.0,18566313.0,0.9474540000000001,1.8408220000000002,POL,FRA,8443
888740,179,77,1661,2001,125360.0,10531420.0,0.482048,1.662123,PRT,FRA,8443
888741,180,77,1661,2001,0.0,128732.0,-0.68893,-0.9326690000000001,PRY,FRA,8443
888742,182,77,1661,2001,2830.0,596914.0,-0.005456,-0.7210770000000001,PYF,FRA,8443
888743,183,77,1661,2001,0.0,26519.0,-0.46564799999999995,-1.127634,QAT,FRA,8443
888744,185,77,1661,2001,211282.0,812479.0,0.326733,1.005332,ROU,FRA,8443
888745,186,77,1661,2001,0.0,3093152.0,0.945816,0.35027600000000003,RUS,FRA,8443
888746,187,77,1661,2001,0.0,43680.0,-1.260879,-0.861347,RWA,FRA,8443
888747,188,77,1661,2001,451695.0,25521698.0,0.5370550000000001,-0.793469,SAU,FRA,8443
888748,189,77,1661,2001,12239.0,201952.0,0.45280200000000004,2.469852,SCG,FRA,8443
888749,190,77,1661,2001,0.0,24603.0,-1.6325180000000001,-1.263267,SDN,FRA,8443
888750,191,77,1661,2001,1646.0,1188602.0,-0.437779,-0.436654,SEN,FRA,8443
888751,192,77,1661,2001,12610.0,1101978.0,1.364239,0.721074,SGP,FRA,8443
888752,197,77,1661,2001,0.0,7822.0,-0.181554,-0.031294,SLV,FRA,8443
888753,200,77,1661,2001,0.0,8997.0,-0.32603699999999997,-0.917085,SPM,FRA,8443
888754,203,77,1661,2001,0.0,1498.0,0.777231,-0.484709,STP,FRA,8443
888755,205,77,1661,2001,0.0,2751.0,-0.650556,-0.801128,SUR,FRA,8443
888756,206,77,1661,2001,140427.0,547351.0,1.1732770000000001,1.088576,SVK,FRA,8443
888757,207,77,1661,2001,999.0,465007.0,1.5074370000000001,1.1370040000000001,SVN,FRA,8443
888758,208,77,1661,2001,11225812.0,2570407.0,2.156845,0.784439,SWE,FRA,8443
888759,209,77,1661,2001,3451.0,0.0,0.372699,-0.287132,SWZ,FRA,8443
888760,211,77,1661,2001,0.0,21213.0,0.065059,-0.7806489999999999,SYC,FRA,8443
888761,212,77,1661,2001,0.0,14617.0,-1.057217,-0.716331,SYR,FRA,8443
888762,214,77,1661,2001,0.0,148728.0,-0.655004,-0.872215,TCD,FRA,8443
888763,215,77,1661,2001,0.0,42527.0,-0.758725,-0.577004,TGO,FRA,8443
888764,216,77,1661,2001,506517.0,1923891.0,0.37555900000000003,1.498267,THA,FRA,8443
888765,218,77,1661,2001,0.0,18899.0,0.135739,-0.144681,TKL,FRA,8443
888766,222,77,1661,2001,0.0,1515.0,0.178256,-0.709126,TTO,FRA,8443
888767,223,77,1661,2001,42771.0,2834934.0,-0.162152,0.23939699999999997,TUN,FRA,8443
888768,224,77,1661,2001,349311.0,14932290.0,0.188773,1.91451,TUR,FRA,8443
888769,226,77,1661,2001,0.0,3856.0,-1.193991,-0.49282200000000004,TZA,FRA,8443
888770,227,77,1661,2001,0.0,1325.0,-0.9694860000000001,-0.840592,UGA,FRA,8443
888771,228,77,1661,2001,0.0,446313.0,0.8376969999999999,0.989059,UKR,FRA,8443
888772,230,77,1661,2001,0.0,774937.0,0.36029,0.298869,URY,FRA,8443
888773,231,77,1661,2001,26221930.0,60449698.0,1.873674,0.168468,USA,FRA,8443
888774,236,77,1661,2001,0.0,190469.0,0.261158,-0.7397,VEN,FRA,8443
888775,237,77,1661,2001,0.0,3583.0,0.759566,-0.16636099999999998,VGB,FRA,8443
888776,239,77,1661,2001,0.0,1915294.0,-0.6692130000000001,0.610992,VNM,FRA,8443
888777,240,77,1661,2001,0.0,1799.0,-0.9620719999999999,-0.873368,VUT,FRA,8443
888778,241,77,1661,2001,0.0,268.0,0.934326,-0.724379,WLF,FRA,8443
888779,243,77,1661,2001,0.0,242716.0,-1.465154,-1.261615,YEM,FRA,8443
888780,246,77,1661,2001,327177.0,3370963.0,0.356842,2.006155,ZAF,FRA,8443
888781,248,77,1661,2001,0.0,9114.0,-0.6321829999999999,-0.453671,ZWE,FRA,8443
888782,249,77,1661,2001,186743.0,15109229.0,1.5731700000000002,1.353159,TWN,FRA,8443
888783,250,77,1661,2001,258360.0,0.0,1.096023,-0.33562600000000004,ANS,FRA,8443
888784,1,81,1661,2001,0.0,274944.0,-0.033686,-0.46412700000000007,AFG,GBR,8443
888785,2,81,1661,2001,4948.0,41011.0,-1.523823,-1.214093,AGO,GBR,8443
888786,3,81,1661,2001,0.0,3525.0,1.1659469999999998,0.12369000000000001,AIA,GBR,8443
888787,7,81,1661,2001,34088.0,2254747.0,-0.193984,-0.457124,ARE,GBR,8443
888788,8,81,1661,2001,1424.0,1073067.0,0.287698,0.547137,ARG,GBR,8443
888789,9,81,1661,2001,0.0,444.0,0.834168,0.21458000000000002,ARM,GBR,8443
888790,13,81,1661,2001,0.0,8505.0,-0.036838,-0.6593600000000001,ATG,GBR,8443
888791,14,81,1661,2001,467500.0,9115791.0,0.29463,0.772375,AUS,GBR,8443
888792,15,81,1661,2001,2901613.0,1875865.0,1.8571650000000002,0.603191,AUT,GBR,8443
888793,16,81,1661,2001,0.0,23980.0,-0.6731090000000001,-1.037922,AZE,GBR,8443
888794,17,81,1661,2001,0.0,27473.0,-0.554955,-0.755333,BDI,GBR,8443
888795,18,81,1661,2001,9405533.0,6992545.0,1.4328370000000001,1.408495,BEL,GBR,8443
888796,21,81,1661,2001,0.0,9774.0,-0.291485,-0.20803000000000002,BFA,GBR,8443
888797,22,81,1661,2001,23194.0,678419.0,-1.0406739999999999,-1.010108,BGD,GBR,8443
888798,23,81,1661,2001,0.0,347624.0,0.41425100000000004,1.639866,BGR,GBR,8443
888799,24,81,1661,2001,15211.0,626444.0,-0.11008399999999999,-1.053611,BHR,GBR,8443
888800,25,81,1661,2001,0.0,1641.0,0.803267,-0.071853,BHS,GBR,8443
888801,26,81,1661,2001,0.0,82691.0,0.238083,0.362643,BIH,GBR,8443
888802,28,81,1661,2001,0.0,225220.0,0.804404,0.936773,BLR,GBR,8443
888803,30,81,1661,2001,7144.0,0.0,1.1006129999999998,-0.5565329999999999,BMU,GBR,8443
888804,31,81,1661,2001,0.0,104543.0,-0.680108,-0.678143,BOL,GBR,8443
888805,32,81,1661,2001,13906.0,3859882.0,0.672496,1.051848,BRA,GBR,8443
888806,33,81,1661,2001,1329216.0,160739.0,0.725546,0.172345,BRB,GBR,8443
888807,34,81,1661,2001,0.0,106317.0,-0.8654209999999999,-0.930599,BRN,GBR,8443
888808,37,81,1661,2001,0.0,97109.0,-0.42690100000000003,-1.081372,BWA,GBR,8443
888809,39,81,1661,2001,2346790.0,12226883.0,0.971827,1.105171,CAN,GBR,8443
888810,41,81,1661,2001,39777234.0,7380236.0,2.227246,0.553956,CHE,GBR,8443
888811,42,81,1661,2001,0.0,785540.0,-0.004658,-0.002548,CHL,GBR,8443
888812,43,81,1661,2001,2540173.0,9559429.0,0.525171,3.092963,CHN,GBR,8443
888813,44,81,1661,2001,0.0,51978.0,-0.715949,-0.524428,CIV,GBR,8443
888814,45,81,1661,2001,2924.0,102149.0,-1.6254879999999998,-1.212513,CMR,GBR,8443
888815,46,81,1661,2001,0.0,2008.0,-1.421643,-1.154007,COD,GBR,8443
888816,49,81,1661,2001,0.0,1036710.0,0.30412,0.395913,COL,GBR,8443
888817,52,81,1661,2001,4234.0,752407.0,0.069458,-0.042793,CRI,GBR,8443
888818,54,81,1661,2001,0.0,3986.0,-0.443391,-0.9599030000000001,CUB,GBR,8443
888819,57,81,1661,2001,0.0,7572.0,0.611577,-0.6532939999999999,CYM,GBR,8443
888820,58,81,1661,2001,268034.0,1848874.0,0.381251,0.257802,CYP,GBR,8443
888821,59,81,1661,2001,1619131.0,2052339.0,1.485703,1.109305,CZE,GBR,8443
888822,61,81,1661,2001,332674541.0,44935975.0,2.321375,-2.1110990000000003,DEU,GBR,8443
888823,62,81,1661,2001,0.0,31495.0,0.143467,0.14288599999999999,DJI,GBR,8443
888824,63,81,1661,2001,0.0,5348.0,0.613251,0.226998,DMA,GBR,8443
888825,64,81,1661,2001,16784956.0,3323051.0,1.261883,1.351875,DNK,GBR,8443
888826,65,81,1661,2001,0.0,278930.0,-0.538419,-0.48773900000000003,DOM,GBR,8443
888827,66,81,1661,2001,10809.0,144601.0,-0.663363,-1.158295,DZA,GBR,8443
888828,67,81,1661,2001,0.0,364708.0,-0.852642,-0.896374,ECU,GBR,8443
888829,68,81,1661,2001,25896.0,815632.0,-0.373576,0.366385,EGY,GBR,8443
888830,71,81,1661,2001,4472160.0,19308597.0,1.079664,1.9842220000000002,ESP,GBR,8443
888831,72,81,1661,2001,1449.0,195660.0,0.5746829999999999,0.9073899999999999,EST,GBR,8443
888832,73,81,1661,2001,0.0,33013.0,-0.999149,-0.904072,ETH,GBR,8443
888833,74,81,1661,2001,2232782.0,13941503.0,2.069141,0.9375180000000001,FIN,GBR,8443
888834,77,81,1661,2001,40990977.0,36905000.0,1.653507,0.797582,FRA,GBR,8443
888835,78,81,1661,2001,0.0,2152.0,-1.004972,-0.9456030000000001,FRO,GBR,8443
888836,82,81,1661,2001,0.0,16202.0,0.585568,-0.047744999999999996,GEO,GBR,8443
888837,83,81,1661,2001,0.0,833086.0,-0.961067,-0.780449,GHA,GBR,8443
888838,84,81,1661,2001,1373.0,9758.0,0.5955739999999999,-0.39100799999999997,GIB,GBR,8443
888839,85,81,1661,2001,0.0,23854.0,-1.5380340000000001,-1.200083,GIN,GBR,8443
888840,87,81,1661,2001,0.0,12118.0,-0.160182,-0.24737399999999998,GMB,GBR,8443
888841,89,81,1661,2001,0.0,4196.0,-2.0882959999999997,-0.921539,GNQ,GBR,8443
888842,90,81,1661,2001,196114.0,3687762.0,0.31387600000000004,1.3614600000000001,GRC,GBR,8443
888843,93,81,1661,2001,0.0,295847.0,-0.5089520000000001,0.216677,GTM,GBR,8443
888844,97,81,1661,2001,2317562.0,24181437.0,0.521528,2.3025,HKG,GBR,8443
888845,99,81,1661,2001,0.0,7197.0,-0.8003060000000001,-0.602097,HND,GBR,8443
888846,100,81,1661,2001,867.0,113915.0,0.544596,0.969535,HRV,GBR,8443
888847,101,81,1661,2001,0.0,48897.0,-1.220515,-0.8502200000000001,HTI,GBR,8443
888848,102,81,1661,2001,175550.0,2016121.0,1.102262,1.138016,HUN,GBR,8443
888849,103,81,1661,2001,794415.0,2701642.0,-0.167771,1.6587889999999998,IDN,GBR,8443
888850,104,81,1661,2001,159409.0,4858858.0,0.349744,2.665844,IND,GBR,8443
888851,106,81,1661,2001,2350207.0,23210231.0,1.664233,0.129983,IRL,GBR,8443
888852,107,81,1661,2001,5600.0,2091053.0,-0.7732479999999999,-0.8979370000000001,IRN,GBR,8443
888853,109,81,1661,2001,8561.0,649394.0,0.032382999999999995,-0.51054,ISL,GBR,8443
888854,110,81,1661,2001,384479.0,5113207.0,1.374873,0.775594,ISR,GBR,8443
888855,111,81,1661,2001,31039734.0,20095791.0,1.389926,1.282143,ITA,GBR,8443
888856,112,81,1661,2001,0.0,65579.0,-0.541582,-0.837248,JAM,GBR,8443
888857,113,81,1661,2001,0.0,420810.0,0.375134,0.581558,JOR,GBR,8443
888858,114,81,1661,2001,83825955.0,9162681.0,2.585857,0.522663,JPN,GBR,8443
888859,115,81,1661,2001,0.0,242560.0,0.009714,-0.525899,KAZ,GBR,8443
888860,116,81,1661,2001,17428.0,1541161.0,-0.529388,0.092271,KEN,GBR,8443
888861,117,81,1661,2001,0.0,66108.0,0.23332199999999997,0.256019,KGZ,GBR,8443
888862,120,81,1661,2001,0.0,747.0,0.612222,-0.440733,KNA,GBR,8443
888863,121,81,1661,2001,101365.0,5941136.0,1.145797,1.0762399999999999,KOR,GBR,8443
888864,122,81,1661,2001,2565.0,580410.0,-0.8197,-1.183758,KWT,GBR,8443
888865,124,81,1661,2001,0.0,619999.0,0.165355,0.988008,LBN,GBR,8443
888866,125,81,1661,2001,0.0,12175.0,-0.49036,-1.126565,LBR,GBR,8443
888867,126,81,1661,2001,0.0,224592.0,-0.9321459999999999,-1.198124,LBY,GBR,8443
888868,127,81,1661,2001,0.0,315416.0,0.004518,-0.5326770000000001,LCA,GBR,8443
888869,128,81,1661,2001,55087.0,543356.0,-0.722434,-0.033818,LKA,GBR,8443
888870,130,81,1661,2001,1845.0,594675.0,0.15706900000000001,0.416663,LTU,GBR,8443
888871,131,81,1661,2001,32151.0,89396.0,1.470895,1.149007,LUX,GBR,8443
888872,132,81,1661,2001,147370.0,200626.0,0.404136,0.461009,LVA,GBR,8443
888873,133,81,1661,2001,0.0,34983.0,-0.608406,-0.521662,MAC,GBR,8443
888874,134,81,1661,2001,1966.0,1136044.0,-0.75275,-0.280397,MAR,GBR,8443
888875,135,81,1661,2001,6858.0,3180.0,-0.024822,-0.15323399999999998,MDA,GBR,8443
888876,136,81,1661,2001,0.0,28892.0,-1.247531,-0.637093,MDG,GBR,8443
888877,137,81,1661,2001,0.0,1212.0,-0.980734,-0.9785659999999999,MDV,GBR,8443
888878,138,81,1661,2001,7176.0,4828951.0,0.797058,0.713234,MEX,GBR,8443
888879,140,81,1661,2001,0.0,50919.0,0.033097,0.43516499999999997,MKD,GBR,8443
888880,141,81,1661,2001,0.0,2271.0,-0.40341,-0.626402,MLI,GBR,8443
888881,142,81,1661,2001,7493.0,1253167.0,1.065032,-0.065239,MLT,GBR,8443
888882,145,81,1661,2001,0.0,6564.0,-0.691001,-0.9284180000000001,MNG,GBR,8443
888883,147,81,1661,2001,0.0,12800.0,-1.2364879999999998,-1.136715,MOZ,GBR,8443
888884,148,81,1661,2001,0.0,2418.0,-1.187271,-1.240445,MRT,GBR,8443
888885,151,81,1661,2001,10283.0,291424.0,-0.410422,-0.5868369999999999,MUS,GBR,8443
888886,152,81,1661,2001,0.0,14628.0,-1.388716,-1.116315,MWI,GBR,8443
888887,153,81,1661,2001,353162.0,39834001.0,0.768174,0.307033,MYS,GBR,8443
888888,159,81,1661,2001,17926.0,3105995.0,-1.966439,-1.2724520000000001,NGA,GBR,8443
888889,162,81,1661,2001,26741196.0,30831937.0,1.315685,1.590935,NLD,GBR,8443
888890,163,81,1661,2001,444088.0,2465921.0,0.974814,0.06512000000000001,NOR,GBR,8443
888891,164,81,1661,2001,0.0,72838.0,-0.483749,-0.008754999999999999,NPL,GBR,8443
888892,166,81,1661,2001,56559.0,4107596.0,0.521409,0.683134,NZL,GBR,8443
888893,167,81,1661,2001,0.0,171358.0,-0.909329,-1.189698,OMN,GBR,8443
888894,168,81,1661,2001,3476.0,851468.0,-0.8376520000000001,-0.378743,PAK,GBR,8443
888895,169,81,1661,2001,0.0,324230.0,0.17588199999999998,0.422505,PAN,GBR,8443
888896,173,81,1661,2001,0.0,229152.0,-0.345519,0.202623,PER,GBR,8443
888897,174,81,1661,2001,115225.0,1377698.0,-0.028201,-0.112349,PHL,GBR,8443
888898,176,81,1661,2001,0.0,62988.0,-1.503929,-1.199463,PNG,GBR,8443
888899,177,81,1661,2001,313726.0,3104578.0,0.9474540000000001,1.8408220000000002,POL,GBR,8443
888900,178,81,1661,2001,0.0,168862.0,0.62773,1.010888,PRK,GBR,8443
888901,179,81,1661,2001,2027196.0,2591963.0,0.482048,1.662123,PRT,GBR,8443
888902,180,81,1661,2001,0.0,32306.0,-0.68893,-0.9326690000000001,PRY,GBR,8443
888903,182,81,1661,2001,0.0,5063.0,-0.005456,-0.7210770000000001,PYF,GBR,8443
888904,183,81,1661,2001,0.0,131277.0,-0.46564799999999995,-1.127634,QAT,GBR,8443
888905,185,81,1661,2001,41517.0,359352.0,0.326733,1.005332,ROU,GBR,8443
888906,186,81,1661,2001,123632.0,5833472.0,0.945816,0.35027600000000003,RUS,GBR,8443
888907,187,81,1661,2001,0.0,3737.0,-1.260879,-0.861347,RWA,GBR,8443
888908,188,81,1661,2001,6241.0,2773028.0,0.5370550000000001,-0.793469,SAU,GBR,8443
888909,189,81,1661,2001,0.0,12419013.0,0.45280200000000004,2.469852,SCG,GBR,8443
888910,190,81,1661,2001,0.0,82281.0,-1.6325180000000001,-1.263267,SDN,GBR,8443
888911,191,81,1661,2001,0.0,89784.0,-0.437779,-0.436654,SEN,GBR,8443
888912,192,81,1661,2001,457591.0,6369847.0,1.364239,0.721074,SGP,GBR,8443
888913,194,81,1661,2001,0.0,615320.0,1.112486,-0.248761,SHN,GBR,8443
888914,196,81,1661,2001,0.0,268834.0,0.331949,0.186253,SLE,GBR,8443
888915,197,81,1661,2001,2850.0,58207.0,-0.181554,-0.031294,SLV,GBR,8443
888916,198,81,1661,2001,9081.0,0.0,1.40664,-0.034707999999999996,SMR,GBR,8443
888917,199,81,1661,2001,0.0,25212.0,-0.11677799999999999,-0.623455,SOM,GBR,8443
888918,203,81,1661,2001,0.0,71586.0,0.777231,-0.484709,STP,GBR,8443
888919,205,81,1661,2001,0.0,43933.0,-0.650556,-0.801128,SUR,GBR,8443
888920,206,81,1661,2001,190544.0,425400.0,1.1732770000000001,1.088576,SVK,GBR,8443
888921,207,81,1661,2001,123903.0,1271235.0,1.5074370000000001,1.1370040000000001,SVN,GBR,8443
888922,208,81,1661,2001,10347729.0,8750762.0,2.156845,0.784439,SWE,GBR,8443
888923,211,81,1661,2001,0.0,1384.0,0.065059,-0.7806489999999999,SYC,GBR,8443
888924,212,81,1661,2001,0.0,53872.0,-1.057217,-0.716331,SYR,GBR,8443
888925,214,81,1661,2001,0.0,1451.0,-0.655004,-0.872215,TCD,GBR,8443
888926,216,81,1661,2001,9479038.0,6358195.0,0.37555900000000003,1.498267,THA,GBR,8443
888927,218,81,1661,2001,0.0,31460.0,0.135739,-0.144681,TKL,GBR,8443
888928,222,81,1661,2001,0.0,61991.0,0.178256,-0.709126,TTO,GBR,8443
888929,223,81,1661,2001,2425.0,268261.0,-0.162152,0.23939699999999997,TUN,GBR,8443
888930,224,81,1661,2001,381492.0,1727310.0,0.188773,1.91451,TUR,GBR,8443
888931,226,81,1661,2001,0.0,249642.0,-1.193991,-0.49282200000000004,TZA,GBR,8443
888932,227,81,1661,2001,0.0,267931.0,-0.9694860000000001,-0.840592,UGA,GBR,8443
888933,228,81,1661,2001,2375994.0,815821.0,0.8376969999999999,0.989059,UKR,GBR,8443
888934,230,81,1661,2001,0.0,145026.0,0.36029,0.298869,URY,GBR,8443
888935,231,81,1661,2001,64046773.0,99699858.0,1.873674,0.168468,USA,GBR,8443
888936,232,81,1661,2001,0.0,103116.0,-0.395913,-0.6454449999999999,UZB,GBR,8443
888937,233,81,1661,2001,0.0,3981.0,0.46455799999999997,-0.722421,VAT,GBR,8443
888938,236,81,1661,2001,1294.0,712353.0,0.261158,-0.7397,VEN,GBR,8443
888939,239,81,1661,2001,0.0,240386.0,-0.6692130000000001,0.610992,VNM,GBR,8443
888940,242,81,1661,2001,0.0,3013.0,-0.361456,-0.690474,WSM,GBR,8443
888941,243,81,1661,2001,0.0,304407.0,-1.465154,-1.261615,YEM,GBR,8443
888942,246,81,1661,2001,725668.0,3631383.0,0.356842,2.006155,ZAF,GBR,8443
888943,247,81,1661,2001,0.0,61325.0,-0.731193,-0.706978,ZMB,GBR,8443
888944,248,81,1661,2001,0.0,429395.0,-0.6321829999999999,-0.453671,ZWE,GBR,8443
888945,249,81,1661,2001,1546629.0,6123108.0,1.5731700000000002,1.353159,TWN,GBR,8443
888946,4,90,1661,2001,0.0,43006.0,-0.054125,0.104298,ALB,GRC,8443
888947,7,90,1661,2001,0.0,5809.0,-0.193984,-0.457124,ARE,GRC,8443
888948,9,90,1661,2001,0.0,9991.0,0.834168,0.21458000000000002,ARM,GRC,8443
888949,14,90,1661,2001,22784.0,0.0,0.29463,0.772375,AUS,GRC,8443
888950,15,90,1661,2001,258227.0,0.0,1.8571650000000002,0.603191,AUT,GRC,8443
888951,18,90,1661,2001,1911599.0,251496.0,1.4328370000000001,1.408495,BEL,GRC,8443
888952,23,90,1661,2001,100770.0,335635.0,0.41425100000000004,1.639866,BGR,GRC,8443
888953,32,90,1661,2001,0.0,2647.0,0.672496,1.051848,BRA,GRC,8443
888954,39,90,1661,2001,2450.0,0.0,0.971827,1.105171,CAN,GRC,8443
888955,41,90,1661,2001,8575032.0,12657.0,2.227246,0.553956,CHE,GRC,8443
888956,43,90,1661,2001,1262.0,91343.0,0.525171,3.092963,CHN,GRC,8443
888957,58,90,1661,2001,113201.0,672066.0,0.381251,0.257802,CYP,GRC,8443
888958,59,90,1661,2001,1035245.0,6020.0,1.485703,1.109305,CZE,GRC,8443
888959,61,90,1661,2001,36064000.0,942234.0,2.321375,-2.1110990000000003,DEU,GRC,8443
888960,64,90,1661,2001,197811.0,0.0,1.261883,1.351875,DNK,GRC,8443
888961,68,90,1661,2001,0.0,15543.0,-0.373576,0.366385,EGY,GRC,8443
888962,71,90,1661,2001,327648.0,13679.0,1.079664,1.9842220000000002,ESP,GRC,8443
888963,77,90,1661,2001,844713.0,31723.0,1.653507,0.797582,FRA,GRC,8443
888964,81,90,1661,2001,3687762.0,196114.0,1.976894,0.685435,GBR,GRC,8443
888965,97,90,1661,2001,56513.0,0.0,0.521528,2.3025,HKG,GRC,8443
888966,100,90,1661,2001,64575.0,0.0,0.544596,0.969535,HRV,GRC,8443
888967,102,90,1661,2001,723.0,15124.0,1.102262,1.138016,HUN,GRC,8443
888968,104,90,1661,2001,248302.0,0.0,0.349744,2.665844,IND,GRC,8443
888969,110,90,1661,2001,194492.0,105590.0,1.374873,0.775594,ISR,GRC,8443
888970,111,90,1661,2001,7395553.0,67357.0,1.389926,1.282143,ITA,GRC,8443
888971,113,90,1661,2001,0.0,597.0,0.375134,0.581558,JOR,GRC,8443
888972,114,90,1661,2001,392734.0,0.0,2.585857,0.522663,JPN,GRC,8443
888973,121,90,1661,2001,98092.0,0.0,1.145797,1.0762399999999999,KOR,GRC,8443
888974,124,90,1661,2001,0.0,8539.0,0.165355,0.988008,LBN,GRC,8443
888975,140,90,1661,2001,2722.0,21948.0,0.033097,0.43516499999999997,MKD,GRC,8443
888976,142,90,1661,2001,0.0,1433.0,1.065032,-0.065239,MLT,GRC,8443
888977,143,90,1661,2001,0.0,34550.0,-1.5627,-1.150854,MMR,GRC,8443
888978,153,90,1661,2001,90991.0,0.0,0.768174,0.307033,MYS,GRC,8443
888979,159,90,1661,2001,0.0,3968.0,-1.966439,-1.2724520000000001,NGA,GRC,8443
888980,162,90,1661,2001,2800712.0,3677.0,1.315685,1.590935,NLD,GRC,8443
888981,163,90,1661,2001,47868.0,0.0,0.974814,0.06512000000000001,NOR,GRC,8443
888982,168,90,1661,2001,0.0,2808.0,-0.8376520000000001,-0.378743,PAK,GRC,8443
888983,177,90,1661,2001,144487.0,128827.0,0.9474540000000001,1.8408220000000002,POL,GRC,8443
888984,179,90,1661,2001,0.0,51140.0,0.482048,1.662123,PRT,GRC,8443
888985,185,90,1661,2001,0.0,171432.0,0.326733,1.005332,ROU,GRC,8443
888986,189,90,1661,2001,4843.0,18043.0,0.45280200000000004,2.469852,SCG,GRC,8443
888987,207,90,1661,2001,0.0,10557.0,1.5074370000000001,1.1370040000000001,SVN,GRC,8443
888988,208,90,1661,2001,651654.0,0.0,2.156845,0.784439,SWE,GRC,8443
888989,216,90,1661,2001,0.0,56382.0,0.37555900000000003,1.498267,THA,GRC,8443
888990,223,90,1661,2001,0.0,62758.0,-0.162152,0.23939699999999997,TUN,GRC,8443
888991,224,90,1661,2001,94245.0,22977.0,0.188773,1.91451,TUR,GRC,8443
888992,226,90,1661,2001,0.0,2191.0,-1.193991,-0.49282200000000004,TZA,GRC,8443
888993,228,90,1661,2001,0.0,518865.0,0.8376969999999999,0.989059,UKR,GRC,8443
888994,231,90,1661,2001,822412.0,3510.0,1.873674,0.168468,USA,GRC,8443
888995,243,90,1661,2001,0.0,4711.0,-1.465154,-1.261615,YEM,GRC,8443
888996,246,90,1661,2001,10617.0,0.0,0.356842,2.006155,ZAF,GRC,8443
888997,249,90,1661,2001,524335.0,3492.0,1.5731700000000002,1.353159,TWN,GRC,8443
888998,8,93,1661,2001,14467.0,0.0,0.287698,0.547137,ARG,GTM,8443
888999,15,93,1661,2001,2153.0,0.0,1.8571650000000002,0.603191,AUT,GTM,8443
889000,18,93,1661,2001,51840.0,64418.0,1.4328370000000001,1.408495,BEL,GTM,8443
889001,29,93,1661,2001,0.0,761.0,-0.297981,-0.695022,BLZ,GTM,8443
889002,32,93,1661,2001,9280.0,0.0,0.672496,1.051848,BRA,GTM,8443
889003,39,93,1661,2001,48217.0,0.0,0.971827,1.105171,CAN,GTM,8443
889004,41,93,1661,2001,273066.0,0.0,2.227246,0.553956,CHE,GTM,8443
889005,42,93,1661,2001,6319.0,0.0,-0.004658,-0.002548,CHL,GTM,8443
889006,43,93,1661,2001,1773.0,0.0,0.525171,3.092963,CHN,GTM,8443
889007,49,93,1661,2001,21848.0,0.0,0.30412,0.395913,COL,GTM,8443
889008,52,93,1661,2001,162770.0,2108.0,0.069458,-0.042793,CRI,GTM,8443
889009,54,93,1661,2001,0.0,9368.0,-0.443391,-0.9599030000000001,CUB,GTM,8443
889010,59,93,1661,2001,60513.0,0.0,1.485703,1.109305,CZE,GTM,8443
889011,61,93,1661,2001,2850544.0,2492.0,2.321375,-2.1110990000000003,DEU,GTM,8443
889012,64,93,1661,2001,25358.0,0.0,1.261883,1.351875,DNK,GTM,8443
889013,67,93,1661,2001,0.0,2206.0,-0.852642,-0.896374,ECU,GTM,8443
889014,71,93,1661,2001,271783.0,0.0,1.079664,1.9842220000000002,ESP,GTM,8443
889015,77,93,1661,2001,18012.0,0.0,1.653507,0.797582,FRA,GTM,8443
889016,81,93,1661,2001,295847.0,0.0,1.976894,0.685435,GBR,GTM,8443
889017,97,93,1661,2001,2470.0,0.0,0.521528,2.3025,HKG,GTM,8443
889018,99,93,1661,2001,1232.0,18564.0,-0.8003060000000001,-0.602097,HND,GTM,8443
889019,100,93,1661,2001,22370.0,0.0,0.544596,0.969535,HRV,GTM,8443
889020,106,93,1661,2001,7312.0,0.0,1.664233,0.129983,IRL,GTM,8443
889021,111,93,1661,2001,1878371.0,0.0,1.389926,1.282143,ITA,GTM,8443
889022,114,93,1661,2001,35882.0,0.0,2.585857,0.522663,JPN,GTM,8443
889023,121,93,1661,2001,249247.0,0.0,1.145797,1.0762399999999999,KOR,GTM,8443
889024,138,93,1661,2001,128939.0,7346.0,0.797058,0.713234,MEX,GTM,8443
889025,162,93,1661,2001,49325.0,0.0,1.315685,1.590935,NLD,GTM,8443
889026,169,93,1661,2001,0.0,2621.0,0.17588199999999998,0.422505,PAN,GTM,8443
889027,178,93,1661,2001,2786.0,0.0,0.62773,1.010888,PRK,GTM,8443
889028,192,93,1661,2001,4888.0,0.0,1.364239,0.721074,SGP,GTM,8443
889029,197,93,1661,2001,91657.0,55227.0,-0.181554,-0.031294,SLV,GTM,8443
889030,208,93,1661,2001,31892.0,0.0,2.156845,0.784439,SWE,GTM,8443
889031,224,93,1661,2001,571256.0,0.0,0.188773,1.91451,TUR,GTM,8443
889032,231,93,1661,2001,2601639.0,11959.0,1.873674,0.168468,USA,GTM,8443
889033,236,93,1661,2001,0.0,2781.0,0.261158,-0.7397,VEN,GTM,8443
889034,249,93,1661,2001,76142.0,0.0,1.5731700000000002,1.353159,TWN,GTM,8443
889035,250,93,1661,2001,9229.0,48012.0,1.096023,-0.33562600000000004,ANS,GTM,8443
889036,39,96,1661,2001,10698.0,0.0,0.971827,1.105171,CAN,GUY,8443
889037,43,96,1661,2001,64866.0,0.0,0.525171,3.092963,CHN,GUY,8443
889038,61,96,1661,2001,4488.0,0.0,2.321375,-2.1110990000000003,DEU,GUY,8443
889039,114,96,1661,2001,10079.0,0.0,2.585857,0.522663,JPN,GUY,8443
889040,222,96,1661,2001,17349.0,0.0,0.178256,-0.709126,TTO,GUY,8443
889041,231,96,1661,2001,116484.0,0.0,1.873674,0.168468,USA,GUY,8443
889042,2,97,1661,2001,0.0,72732.0,-1.523823,-1.214093,AGO,HKG,8443
889043,7,97,1661,2001,0.0,39800.0,-0.193984,-0.457124,ARE,HKG,8443
889044,8,97,1661,2001,0.0,15399.0,0.287698,0.547137,ARG,HKG,8443
889045,14,97,1661,2001,4150753.0,1183162.0,0.29463,0.772375,AUS,HKG,8443
889046,15,97,1661,2001,651024.0,11944.0,1.8571650000000002,0.603191,AUT,HKG,8443
889047,18,97,1661,2001,3262169.0,92241.0,1.4328370000000001,1.408495,BEL,HKG,8443
889048,22,97,1661,2001,1250.0,114077.0,-1.0406739999999999,-1.010108,BGD,HKG,8443
889049,23,97,1661,2001,0.0,32929.0,0.41425100000000004,1.639866,BGR,HKG,8443
889050,28,97,1661,2001,0.0,8735.0,0.804404,0.936773,BLR,HKG,8443
889051,32,97,1661,2001,4215.0,19249.0,0.672496,1.051848,BRA,HKG,8443
889052,39,97,1661,2001,804703.0,1384508.0,0.971827,1.105171,CAN,HKG,8443
889053,41,97,1661,2001,8271207.0,27448.0,2.227246,0.553956,CHE,HKG,8443
889054,42,97,1661,2001,0.0,55919.0,-0.004658,-0.002548,CHL,HKG,8443
889055,43,97,1661,2001,17146208.0,31704891.0,0.525171,3.092963,CHN,HKG,8443
889056,45,97,1661,2001,0.0,900.0,-1.6254879999999998,-1.212513,CMR,HKG,8443
889057,49,97,1661,2001,61732.0,1631.0,0.30412,0.395913,COL,HKG,8443
889058,52,97,1661,2001,0.0,35570.0,0.069458,-0.042793,CRI,HKG,8443
889059,58,97,1661,2001,0.0,22356.0,0.381251,0.257802,CYP,HKG,8443
889060,59,97,1661,2001,0.0,352692.0,1.485703,1.109305,CZE,HKG,8443
889061,61,97,1661,2001,118140000.0,1294138.0,2.321375,-2.1110990000000003,DEU,HKG,8443
889062,64,97,1661,2001,1347826.0,3249.0,1.261883,1.351875,DNK,HKG,8443
889063,65,97,1661,2001,0.0,4330.0,-0.538419,-0.48773900000000003,DOM,HKG,8443
889064,68,97,1661,2001,1615.0,9732.0,-0.373576,0.366385,EGY,HKG,8443
889065,71,97,1661,2001,1373222.0,600612.0,1.079664,1.9842220000000002,ESP,HKG,8443
889066,72,97,1661,2001,0.0,5426.0,0.5746829999999999,0.9073899999999999,EST,HKG,8443
889067,74,97,1661,2001,526157.0,57206.0,2.069141,0.9375180000000001,FIN,HKG,8443
889068,77,97,1661,2001,8038310.0,406970.0,1.653507,0.797582,FRA,HKG,8443
889069,81,97,1661,2001,24181437.0,2317562.0,1.976894,0.685435,GBR,HKG,8443
889070,82,97,1661,2001,0.0,4925.0,0.585568,-0.047744999999999996,GEO,HKG,8443
889071,83,97,1661,2001,0.0,136363.0,-0.961067,-0.780449,GHA,HKG,8443
889072,90,97,1661,2001,0.0,56513.0,0.31387600000000004,1.3614600000000001,GRC,HKG,8443
889073,93,97,1661,2001,0.0,2470.0,-0.5089520000000001,0.216677,GTM,HKG,8443
889074,99,97,1661,2001,0.0,11450.0,-0.8003060000000001,-0.602097,HND,HKG,8443
889075,102,97,1661,2001,0.0,100855.0,1.102262,1.138016,HUN,HKG,8443
889076,103,97,1661,2001,889380.0,571021.0,-0.167771,1.6587889999999998,IDN,HKG,8443
889077,104,97,1661,2001,2333313.0,195071.0,0.349744,2.665844,IND,HKG,8443
889078,106,97,1661,2001,643257.0,11271.0,1.664233,0.129983,IRL,HKG,8443
889079,107,97,1661,2001,0.0,7690.0,-0.7732479999999999,-0.8979370000000001,IRN,HKG,8443
889080,109,97,1661,2001,0.0,8498.0,0.032382999999999995,-0.51054,ISL,HKG,8443
889081,110,97,1661,2001,5017879.0,330737.0,1.374873,0.775594,ISR,HKG,8443
889082,111,97,1661,2001,4493364.0,294745.0,1.389926,1.282143,ITA,HKG,8443
889083,112,97,1661,2001,0.0,7725.0,-0.541582,-0.837248,JAM,HKG,8443
889084,113,97,1661,2001,0.0,2825.0,0.375134,0.581558,JOR,HKG,8443
889085,114,97,1661,2001,74381533.0,784140.0,2.585857,0.522663,JPN,HKG,8443
889086,116,97,1661,2001,0.0,1901.0,-0.529388,0.092271,KEN,HKG,8443
889087,121,97,1661,2001,2730291.0,2100022.0,1.145797,1.0762399999999999,KOR,HKG,8443
889088,122,97,1661,2001,0.0,2610.0,-0.8197,-1.183758,KWT,HKG,8443
889089,128,97,1661,2001,0.0,77535.0,-0.722434,-0.033818,LKA,HKG,8443
889090,133,97,1661,2001,166831.0,1830735.0,-0.608406,-0.521662,MAC,HKG,8443
889091,134,97,1661,2001,0.0,5826.0,-0.75275,-0.280397,MAR,HKG,8443
889092,135,97,1661,2001,0.0,12056.0,-0.024822,-0.15323399999999998,MDA,HKG,8443
889093,136,97,1661,2001,0.0,24555.0,-1.247531,-0.637093,MDG,HKG,8443
889094,138,97,1661,2001,104984.0,195513.0,0.797058,0.713234,MEX,HKG,8443
889095,142,97,1661,2001,0.0,1935.0,1.065032,-0.065239,MLT,HKG,8443
889096,143,97,1661,2001,0.0,4807.0,-1.5627,-1.150854,MMR,HKG,8443
889097,145,97,1661,2001,0.0,4139.0,-0.691001,-0.9284180000000001,MNG,HKG,8443
889098,151,97,1661,2001,0.0,104707.0,-0.410422,-0.5868369999999999,MUS,HKG,8443
889099,153,97,1661,2001,4754894.0,3795688.0,0.768174,0.307033,MYS,HKG,8443
889100,159,97,1661,2001,0.0,1528384.0,-1.966439,-1.2724520000000001,NGA,HKG,8443
889101,160,97,1661,2001,0.0,8178.0,-0.8917430000000001,-0.713179,NIC,HKG,8443
889102,162,97,1661,2001,8274921.0,47746.0,1.315685,1.590935,NLD,HKG,8443
889103,163,97,1661,2001,446951.0,44102.0,0.974814,0.06512000000000001,NOR,HKG,8443
889104,164,97,1661,2001,0.0,2350.0,-0.483749,-0.008754999999999999,NPL,HKG,8443
889105,166,97,1661,2001,101033.0,39679.0,0.521409,0.683134,NZL,HKG,8443
889106,167,97,1661,2001,0.0,1738.0,-0.909329,-1.189698,OMN,HKG,8443
889107,168,97,1661,2001,0.0,37837.0,-0.8376520000000001,-0.378743,PAK,HKG,8443
889108,169,97,1661,2001,0.0,33646.0,0.17588199999999998,0.422505,PAN,HKG,8443
889109,173,97,1661,2001,0.0,1253.0,-0.345519,0.202623,PER,HKG,8443
889110,174,97,1661,2001,131849.0,1288776.0,-0.028201,-0.112349,PHL,HKG,8443
889111,177,97,1661,2001,0.0,158578.0,0.9474540000000001,1.8408220000000002,POL,HKG,8443
889112,178,97,1661,2001,0.0,44719.0,0.62773,1.010888,PRK,HKG,8443
889113,179,97,1661,2001,269311.0,135748.0,0.482048,1.662123,PRT,HKG,8443
889114,180,97,1661,2001,0.0,3023.0,-0.68893,-0.9326690000000001,PRY,HKG,8443
889115,182,97,1661,2001,0.0,4766.0,-0.005456,-0.7210770000000001,PYF,HKG,8443
889116,185,97,1661,2001,0.0,23493.0,0.326733,1.005332,ROU,HKG,8443
889117,186,97,1661,2001,1298.0,287383.0,0.945816,0.35027600000000003,RUS,HKG,8443
889118,187,97,1661,2001,0.0,3221.0,-1.260879,-0.861347,RWA,HKG,8443
889119,188,97,1661,2001,0.0,1196.0,0.5370550000000001,-0.793469,SAU,HKG,8443
889120,189,97,1661,2001,105424.0,997.0,0.45280200000000004,2.469852,SCG,HKG,8443
889121,192,97,1661,2001,11643715.0,1999907.0,1.364239,0.721074,SGP,HKG,8443
889122,206,97,1661,2001,0.0,126727.0,1.1732770000000001,1.088576,SVK,HKG,8443
889123,207,97,1661,2001,0.0,44941.0,1.5074370000000001,1.1370040000000001,SVN,HKG,8443
889124,208,97,1661,2001,3180806.0,151386.0,2.156845,0.784439,SWE,HKG,8443
889125,212,97,1661,2001,0.0,18011.0,-1.057217,-0.716331,SYR,HKG,8443
889126,216,97,1661,2001,135271.0,1503245.0,0.37555900000000003,1.498267,THA,HKG,8443
889127,222,97,1661,2001,0.0,10498.0,0.178256,-0.709126,TTO,HKG,8443
889128,223,97,1661,2001,0.0,6449.0,-0.162152,0.23939699999999997,TUN,HKG,8443
889129,224,97,1661,2001,214562.0,92929.0,0.188773,1.91451,TUR,HKG,8443
889130,228,97,1661,2001,0.0,4852.0,0.8376969999999999,0.989059,UKR,HKG,8443
889131,229,97,1661,2001,7182.0,12132.0,-0.13935799999999998,-0.421795,UMI,HKG,8443
889132,230,97,1661,2001,7462.0,0.0,0.36029,0.298869,URY,HKG,8443
889133,231,97,1661,2001,18991322.0,1536420.0,1.873674,0.168468,USA,HKG,8443
889134,232,97,1661,2001,0.0,3485.0,-0.395913,-0.6454449999999999,UZB,HKG,8443
889135,239,97,1661,2001,115602.0,202359.0,-0.6692130000000001,0.610992,VNM,HKG,8443
889136,246,97,1661,2001,392085.0,326670.0,0.356842,2.006155,ZAF,HKG,8443
889137,249,97,1661,2001,47079227.0,738226.0,1.5731700000000002,1.353159,TWN,HKG,8443
889138,250,97,1661,2001,0.0,6554.0,1.096023,-0.33562600000000004,ANS,HKG,8443
889139,7,103,1661,2001,0.0,30260.0,-0.193984,-0.457124,ARE,IDN,8443
889140,14,103,1661,2001,378508.0,21372.0,0.29463,0.772375,AUS,IDN,8443
889141,15,103,1661,2001,954292.0,0.0,1.8571650000000002,0.603191,AUT,IDN,8443
889142,18,103,1661,2001,801905.0,0.0,1.4328370000000001,1.408495,BEL,IDN,8443
889143,22,103,1661,2001,0.0,10315.0,-1.0406739999999999,-1.010108,BGD,IDN,8443
889144,34,103,1661,2001,0.0,9632.0,-0.8654209999999999,-0.930599,BRN,IDN,8443
889145,39,103,1661,2001,683662.0,0.0,0.971827,1.105171,CAN,IDN,8443
889146,41,103,1661,2001,3301913.0,0.0,2.227246,0.553956,CHE,IDN,8443
889147,43,103,1661,2001,843609.0,332976.0,0.525171,3.092963,CHN,IDN,8443
889148,59,103,1661,2001,7628.0,2404.0,1.485703,1.109305,CZE,IDN,8443
889149,61,103,1661,2001,15324771.0,20501.0,2.321375,-2.1110990000000003,DEU,IDN,8443
889150,63,103,1661,2001,423958.0,0.0,0.613251,0.226998,DMA,IDN,8443
889151,64,103,1661,2001,15997.0,6261.0,1.261883,1.351875,DNK,IDN,8443
889152,71,103,1661,2001,597794.0,0.0,1.079664,1.9842220000000002,ESP,IDN,8443
889153,74,103,1661,2001,369657.0,359007.0,2.069141,0.9375180000000001,FIN,IDN,8443
889154,77,103,1661,2001,7528452.0,1751.0,1.653507,0.797582,FRA,IDN,8443
889155,81,103,1661,2001,2701642.0,794415.0,1.976894,0.685435,GBR,IDN,8443
889156,97,103,1661,2001,571021.0,889380.0,0.521528,2.3025,HKG,IDN,8443
889157,102,103,1661,2001,0.0,6366.0,1.102262,1.138016,HUN,IDN,8443
889158,104,103,1661,2001,95827.0,110185.0,0.349744,2.665844,IND,IDN,8443
889159,106,103,1661,2001,0.0,1935.0,1.664233,0.129983,IRL,IDN,8443
889160,110,103,1661,2001,244000.0,0.0,1.374873,0.775594,ISR,IDN,8443
889161,111,103,1661,2001,15301038.0,4629.0,1.389926,1.282143,ITA,IDN,8443
889162,114,103,1661,2001,12317433.0,1683976.0,2.585857,0.522663,JPN,IDN,8443
889163,121,103,1661,2001,6603917.0,12030.0,1.145797,1.0762399999999999,KOR,IDN,8443
889164,153,103,1661,2001,904802.0,262475.0,0.768174,0.307033,MYS,IDN,8443
889165,154,103,1661,2001,0.0,4187.0,1.4633260000000001,-0.114532,MYT,IDN,8443
889166,162,103,1661,2001,7637358.0,4403814.0,1.315685,1.590935,NLD,IDN,8443
889167,163,103,1661,2001,29299.0,0.0,0.974814,0.06512000000000001,NOR,IDN,8443
889168,166,103,1661,2001,195133.0,0.0,0.521409,0.683134,NZL,IDN,8443
889169,168,103,1661,2001,2777.0,0.0,-0.8376520000000001,-0.378743,PAK,IDN,8443
889170,174,103,1661,2001,96483.0,93159.0,-0.028201,-0.112349,PHL,IDN,8443
889171,183,103,1661,2001,0.0,60886.0,-0.46564799999999995,-1.127634,QAT,IDN,8443
889172,188,103,1661,2001,0.0,40502.0,0.5370550000000001,-0.793469,SAU,IDN,8443
889173,192,103,1661,2001,1026244.0,513585.0,1.364239,0.721074,SGP,IDN,8443
889174,206,103,1661,2001,0.0,660.0,1.1732770000000001,1.088576,SVK,IDN,8443
889175,207,103,1661,2001,0.0,775.0,1.5074370000000001,1.1370040000000001,SVN,IDN,8443
889176,208,103,1661,2001,126951.0,0.0,2.156845,0.784439,SWE,IDN,8443
889177,209,103,1661,2001,61139.0,0.0,0.372699,-0.287132,SWZ,IDN,8443
889178,216,103,1661,2001,14322.0,7596.0,0.37555900000000003,1.498267,THA,IDN,8443
889179,224,103,1661,2001,5665.0,0.0,0.188773,1.91451,TUR,IDN,8443
889180,227,103,1661,2001,0.0,865.0,-0.9694860000000001,-0.840592,UGA,IDN,8443
889181,231,103,1661,2001,2631662.0,7061541.0,1.873674,0.168468,USA,IDN,8443
889182,239,103,1661,2001,4682.0,57240.0,-0.6692130000000001,0.610992,VNM,IDN,8443
889183,243,103,1661,2001,0.0,14571.0,-1.465154,-1.261615,YEM,IDN,8443
889184,246,103,1661,2001,0.0,402956.0,0.356842,2.006155,ZAF,IDN,8443
889185,247,103,1661,2001,0.0,1045.0,-0.731193,-0.706978,ZMB,IDN,8443
889186,249,103,1661,2001,7453832.0,508791.0,1.5731700000000002,1.353159,TWN,IDN,8443
889187,1,107,1661,2001,0.0,2027.0,-0.033686,-0.46412700000000007,AFG,IRN,8443
889188,7,107,1661,2001,2098436.0,19946.0,-0.193984,-0.457124,ARE,IRN,8443
889189,9,107,1661,2001,595925.0,15033.0,0.834168,0.21458000000000002,ARM,IRN,8443
889190,14,107,1661,2001,37198.0,1067.0,0.29463,0.772375,AUS,IRN,8443
889191,15,107,1661,2001,414865.0,0.0,1.8571650000000002,0.603191,AUT,IRN,8443
889192,16,107,1661,2001,42421.0,0.0,-0.6731090000000001,-1.037922,AZE,IRN,8443
889193,18,107,1661,2001,517786.0,0.0,1.4328370000000001,1.408495,BEL,IRN,8443
889194,23,107,1661,2001,1159.0,0.0,0.41425100000000004,1.639866,BGR,IRN,8443
889195,28,107,1661,2001,14047.0,0.0,0.804404,0.936773,BLR,IRN,8443
889196,39,107,1661,2001,34725.0,0.0,0.971827,1.105171,CAN,IRN,8443
889197,41,107,1661,2001,946803.0,0.0,2.227246,0.553956,CHE,IRN,8443
889198,43,107,1661,2001,837417.0,0.0,0.525171,3.092963,CHN,IRN,8443
889199,59,107,1661,2001,226587.0,0.0,1.485703,1.109305,CZE,IRN,8443
889200,61,107,1661,2001,16846844.0,7849.0,2.321375,-2.1110990000000003,DEU,IRN,8443
889201,64,107,1661,2001,19088.0,0.0,1.261883,1.351875,DNK,IRN,8443
889202,68,107,1661,2001,8919.0,0.0,-0.373576,0.366385,EGY,IRN,8443
889203,71,107,1661,2001,1019837.0,0.0,1.079664,1.9842220000000002,ESP,IRN,8443
889204,72,107,1661,2001,32432.0,0.0,0.5746829999999999,0.9073899999999999,EST,IRN,8443
889205,74,107,1661,2001,24523.0,0.0,2.069141,0.9375180000000001,FIN,IRN,8443
889206,77,107,1661,2001,861360.0,0.0,1.653507,0.797582,FRA,IRN,8443
889207,81,107,1661,2001,2091053.0,5600.0,1.976894,0.685435,GBR,IRN,8443
889208,82,107,1661,2001,258402.0,0.0,0.585568,-0.047744999999999996,GEO,IRN,8443
889209,83,107,1661,2001,0.0,1599.0,-0.961067,-0.780449,GHA,IRN,8443
889210,97,107,1661,2001,7690.0,0.0,0.521528,2.3025,HKG,IRN,8443
889211,104,107,1661,2001,392256.0,0.0,0.349744,2.665844,IND,IRN,8443
889212,111,107,1661,2001,4049873.0,4450.0,1.389926,1.282143,ITA,IRN,8443
889213,114,107,1661,2001,4789617.0,0.0,2.585857,0.522663,JPN,IRN,8443
889214,121,107,1661,2001,901502.0,0.0,1.145797,1.0762399999999999,KOR,IRN,8443
889215,122,107,1661,2001,0.0,1491.0,-0.8197,-1.183758,KWT,IRN,8443
889216,124,107,1661,2001,0.0,14292.0,0.165355,0.988008,LBN,IRN,8443
889217,130,107,1661,2001,54982.0,0.0,0.15706900000000001,0.416663,LTU,IRN,8443
889218,162,107,1661,2001,1021923.0,0.0,1.315685,1.590935,NLD,IRN,8443
889219,163,107,1661,2001,27315.0,0.0,0.974814,0.06512000000000001,NOR,IRN,8443
889220,166,107,1661,2001,17920.0,0.0,0.521409,0.683134,NZL,IRN,8443
889221,185,107,1661,2001,2001.0,0.0,0.326733,1.005332,ROU,IRN,8443
889222,186,107,1661,2001,13974.0,0.0,0.945816,0.35027600000000003,RUS,IRN,8443
889223,188,107,1661,2001,0.0,6521.0,0.5370550000000001,-0.793469,SAU,IRN,8443
889224,192,107,1661,2001,38887.0,0.0,1.364239,0.721074,SGP,IRN,8443
889225,206,107,1661,2001,35698.0,0.0,1.1732770000000001,1.088576,SVK,IRN,8443
889226,208,107,1661,2001,108195.0,0.0,2.156845,0.784439,SWE,IRN,8443
889227,216,107,1661,2001,15265.0,88322.0,0.37555900000000003,1.498267,THA,IRN,8443
889228,219,107,1661,2001,84703.0,0.0,-1.24627,-1.2760209999999998,TKM,IRN,8443
889229,224,107,1661,2001,229117.0,0.0,0.188773,1.91451,TUR,IRN,8443
889230,228,107,1661,2001,59174.0,2928.0,0.8376969999999999,0.989059,UKR,IRN,8443
889231,231,107,1661,2001,7449.0,0.0,1.873674,0.168468,USA,IRN,8443
889232,249,107,1661,2001,1060894.0,0.0,1.5731700000000002,1.353159,TWN,IRN,8443
889233,8,110,1661,2001,26267.0,730573.0,0.287698,0.547137,ARG,ISR,8443
889234,14,110,1661,2001,45992.0,1830633.0,0.29463,0.772375,AUS,ISR,8443
889235,15,110,1661,2001,250096.0,251194.0,1.8571650000000002,0.603191,AUT,ISR,8443
889236,16,110,1661,2001,0.0,18079.0,-0.6731090000000001,-1.037922,AZE,ISR,8443
889237,18,110,1661,2001,1986824.0,24721846.0,1.4328370000000001,1.408495,BEL,ISR,8443
889238,22,110,1661,2001,0.0,41990.0,-1.0406739999999999,-1.010108,BGD,ISR,8443
889239,23,110,1661,2001,36693.0,4196.0,0.41425100000000004,1.639866,BGR,ISR,8443
889240,32,110,1661,2001,928.0,1413298.0,0.672496,1.051848,BRA,ISR,8443
889241,33,110,1661,2001,0.0,2581.0,0.725546,0.172345,BRB,ISR,8443
889242,39,110,1661,2001,563870.0,882151.0,0.971827,1.105171,CAN,ISR,8443
889243,41,110,1661,2001,5481122.0,450804.0,2.227246,0.553956,CHE,ISR,8443
889244,42,110,1661,2001,0.0,227594.0,-0.004658,-0.002548,CHL,ISR,8443
889245,43,110,1661,2001,123491.0,5354883.0,0.525171,3.092963,CHN,ISR,8443
889246,44,110,1661,2001,0.0,12431.0,-0.715949,-0.524428,CIV,ISR,8443
889247,49,110,1661,2001,0.0,500934.0,0.30412,0.395913,COL,ISR,8443
889248,52,110,1661,2001,0.0,33712.0,0.069458,-0.042793,CRI,ISR,8443
889249,54,110,1661,2001,0.0,1180.0,-0.443391,-0.9599030000000001,CUB,ISR,8443
889250,58,110,1661,2001,0.0,437714.0,0.381251,0.257802,CYP,ISR,8443
889251,59,110,1661,2001,935.0,157026.0,1.485703,1.109305,CZE,ISR,8443
889252,61,110,1661,2001,22805106.0,8135273.0,2.321375,-2.1110990000000003,DEU,ISR,8443
889253,64,110,1661,2001,364171.0,3009.0,1.261883,1.351875,DNK,ISR,8443
889254,65,110,1661,2001,0.0,274234.0,-0.538419,-0.48773900000000003,DOM,ISR,8443
889255,67,110,1661,2001,0.0,219432.0,-0.852642,-0.896374,ECU,ISR,8443
889256,68,110,1661,2001,0.0,7444.0,-0.373576,0.366385,EGY,ISR,8443
889257,71,110,1661,2001,118651.0,619641.0,1.079664,1.9842220000000002,ESP,ISR,8443
889258,72,110,1661,2001,0.0,638.0,0.5746829999999999,0.9073899999999999,EST,ISR,8443
889259,73,110,1661,2001,0.0,208570.0,-0.999149,-0.904072,ETH,ISR,8443
889260,74,110,1661,2001,0.0,314826.0,2.069141,0.9375180000000001,FIN,ISR,8443
889261,77,110,1661,2001,772259.0,875476.0,1.653507,0.797582,FRA,ISR,8443
889262,81,110,1661,2001,5113207.0,384479.0,1.976894,0.685435,GBR,ISR,8443
889263,83,110,1661,2001,0.0,1005.0,-0.961067,-0.780449,GHA,ISR,8443
889264,90,110,1661,2001,105590.0,194492.0,0.31387600000000004,1.3614600000000001,GRC,ISR,8443
889265,97,110,1661,2001,330737.0,5017879.0,0.521528,2.3025,HKG,ISR,8443
889266,100,110,1661,2001,0.0,10582.0,0.544596,0.969535,HRV,ISR,8443
889267,102,110,1661,2001,0.0,199501.0,1.102262,1.138016,HUN,ISR,8443
889268,103,110,1661,2001,0.0,244000.0,-0.167771,1.6587889999999998,IDN,ISR,8443
889269,104,110,1661,2001,0.0,987056.0,0.349744,2.665844,IND,ISR,8443
889270,106,110,1661,2001,45839.0,5531.0,1.664233,0.129983,IRL,ISR,8443
889271,111,110,1661,2001,3487066.0,1286712.0,1.389926,1.282143,ITA,ISR,8443
889272,113,110,1661,2001,84827.0,27677.0,0.375134,0.581558,JOR,ISR,8443
889273,114,110,1661,2001,4373185.0,12026050.0,2.585857,0.522663,JPN,ISR,8443
889274,116,110,1661,2001,0.0,12858.0,-0.529388,0.092271,KEN,ISR,8443
889275,121,110,1661,2001,380390.0,511163.0,1.145797,1.0762399999999999,KOR,ISR,8443
889276,128,110,1661,2001,0.0,275029.0,-0.722434,-0.033818,LKA,ISR,8443
889277,130,110,1661,2001,0.0,18400.0,0.15706900000000001,0.416663,LTU,ISR,8443
889278,136,110,1661,2001,0.0,73147.0,-1.247531,-0.637093,MDG,ISR,8443
889279,138,110,1661,2001,0.0,2420322.0,0.797058,0.713234,MEX,ISR,8443
889280,140,110,1661,2001,0.0,261363.0,0.033097,0.43516499999999997,MKD,ISR,8443
889281,142,110,1661,2001,0.0,552.0,1.065032,-0.065239,MLT,ISR,8443
889282,145,110,1661,2001,0.0,869.0,-0.691001,-0.9284180000000001,MNG,ISR,8443
889283,153,110,1661,2001,0.0,255000.0,0.768174,0.307033,MYS,ISR,8443
889284,156,110,1661,2001,0.0,8116.0,-0.837087,-0.9207040000000001,NCL,ISR,8443
889285,159,110,1661,2001,0.0,198564.0,-1.966439,-1.2724520000000001,NGA,ISR,8443
889286,162,110,1661,2001,3758713.0,32947076.0,1.315685,1.590935,NLD,ISR,8443
889287,163,110,1661,2001,374520.0,166988.0,0.974814,0.06512000000000001,NOR,ISR,8443
889288,166,110,1661,2001,0.0,162644.0,0.521409,0.683134,NZL,ISR,8443
889289,174,110,1661,2001,0.0,989895.0,-0.028201,-0.112349,PHL,ISR,8443
889290,177,110,1661,2001,2056.0,171588.0,0.9474540000000001,1.8408220000000002,POL,ISR,8443
889291,179,110,1661,2001,0.0,8424.0,0.482048,1.662123,PRT,ISR,8443
889292,182,110,1661,2001,0.0,88118.0,-0.005456,-0.7210770000000001,PYF,ISR,8443
889293,185,110,1661,2001,45086.0,4193.0,0.326733,1.005332,ROU,ISR,8443
889294,186,110,1661,2001,700.0,187940.0,0.945816,0.35027600000000003,RUS,ISR,8443
889295,189,110,1661,2001,0.0,2478.0,0.45280200000000004,2.469852,SCG,ISR,8443
889296,192,110,1661,2001,296635.0,665587.0,1.364239,0.721074,SGP,ISR,8443
889297,206,110,1661,2001,0.0,477941.0,1.1732770000000001,1.088576,SVK,ISR,8443
889298,207,110,1661,2001,0.0,2569.0,1.5074370000000001,1.1370040000000001,SVN,ISR,8443
889299,208,110,1661,2001,473505.0,235653.0,2.156845,0.784439,SWE,ISR,8443
889300,216,110,1661,2001,0.0,1217403.0,0.37555900000000003,1.498267,THA,ISR,8443
889301,222,110,1661,2001,0.0,104811.0,0.178256,-0.709126,TTO,ISR,8443
889302,224,110,1661,2001,66883.0,82778.0,0.188773,1.91451,TUR,ISR,8443
889303,228,110,1661,2001,0.0,224338.0,0.8376969999999999,0.989059,UKR,ISR,8443
889304,230,110,1661,2001,0.0,370362.0,0.36029,0.298869,URY,ISR,8443
889305,231,110,1661,2001,4904345.0,42826457.0,1.873674,0.168468,USA,ISR,8443
889306,236,110,1661,2001,9204.0,535159.0,0.261158,-0.7397,VEN,ISR,8443
889307,246,110,1661,2001,99665.0,413902.0,0.356842,2.006155,ZAF,ISR,8443
889308,248,110,1661,2001,0.0,1200.0,-0.6321829999999999,-0.453671,ZWE,ISR,8443
889309,249,110,1661,2001,1496504.0,1426225.0,1.5731700000000002,1.353159,TWN,ISR,8443
889310,2,111,1661,2001,0.0,392604.0,-1.523823,-1.214093,AGO,ITA,8443
889311,4,111,1661,2001,2485.0,324468.0,-0.054125,0.104298,ALB,ITA,8443
889312,7,111,1661,2001,1804.0,912440.0,-0.193984,-0.457124,ARE,ITA,8443
889313,8,111,1661,2001,266226.0,6106689.0,0.287698,0.547137,ARG,ITA,8443
889314,9,111,1661,2001,0.0,231846.0,0.834168,0.21458000000000002,ARM,ITA,8443
889315,14,111,1661,2001,591027.0,9681899.0,0.29463,0.772375,AUS,ITA,8443
889316,15,111,1661,2001,4343800.0,6220342.0,1.8571650000000002,0.603191,AUT,ITA,8443
889317,16,111,1661,2001,0.0,1190.0,-0.6731090000000001,-1.037922,AZE,ITA,8443
889318,18,111,1661,2001,6405077.0,2482590.0,1.4328370000000001,1.408495,BEL,ITA,8443
889319,19,111,1661,2001,0.0,677158.0,-1.09233,-0.8276969999999999,BEN,ITA,8443
889320,21,111,1661,2001,0.0,29129.0,-0.291485,-0.20803000000000002,BFA,ITA,8443
889321,22,111,1661,2001,0.0,194073.0,-1.0406739999999999,-1.010108,BGD,ITA,8443
889322,23,111,1661,2001,6432.0,637525.0,0.41425100000000004,1.639866,BGR,ITA,8443
889323,24,111,1661,2001,0.0,33046.0,-0.11008399999999999,-1.053611,BHR,ITA,8443
889324,26,111,1661,2001,0.0,604332.0,0.238083,0.362643,BIH,ITA,8443
889325,28,111,1661,2001,0.0,1158416.0,0.804404,0.936773,BLR,ITA,8443
889326,31,111,1661,2001,0.0,658647.0,-0.680108,-0.678143,BOL,ITA,8443
889327,32,111,1661,2001,499759.0,10902449.0,0.672496,1.051848,BRA,ITA,8443
889328,39,111,1661,2001,666748.0,18802869.0,0.971827,1.105171,CAN,ITA,8443
889329,41,111,1661,2001,41214712.0,21569924.0,2.227246,0.553956,CHE,ITA,8443
889330,42,111,1661,2001,1276.0,3327148.0,-0.004658,-0.002548,CHL,ITA,8443
889331,43,111,1661,2001,2162576.0,17385519.0,0.525171,3.092963,CHN,ITA,8443
889332,44,111,1661,2001,0.0,392519.0,-0.715949,-0.524428,CIV,ITA,8443
889333,45,111,1661,2001,6224.0,138881.0,-1.6254879999999998,-1.212513,CMR,ITA,8443
889334,47,111,1661,2001,0.0,1981.0,-1.482788,-1.172,COG,ITA,8443
889335,49,111,1661,2001,12798.0,3044198.0,0.30412,0.395913,COL,ITA,8443
889336,51,111,1661,2001,0.0,1393.0,0.063802,-0.456617,CPV,ITA,8443
889337,52,111,1661,2001,513501.0,2545156.0,0.069458,-0.042793,CRI,ITA,8443
889338,54,111,1661,2001,0.0,374039.0,-0.443391,-0.9599030000000001,CUB,ITA,8443
889339,58,111,1661,2001,7228.0,1025711.0,0.381251,0.257802,CYP,ITA,8443
889340,59,111,1661,2001,588989.0,2039422.0,1.485703,1.109305,CZE,ITA,8443
889341,61,111,1661,2001,343990080.0,46033364.0,2.321375,-2.1110990000000003,DEU,ITA,8443
889342,64,111,1661,2001,4371542.0,1308533.0,1.261883,1.351875,DNK,ITA,8443
889343,65,111,1661,2001,0.0,783638.0,-0.538419,-0.48773900000000003,DOM,ITA,8443
889344,66,111,1661,2001,0.0,2215146.0,-0.663363,-1.158295,DZA,ITA,8443
889345,67,111,1661,2001,0.0,1650279.0,-0.852642,-0.896374,ECU,ITA,8443
889346,68,111,1661,2001,65438.0,1830838.0,-0.373576,0.366385,EGY,ITA,8443
889347,71,111,1661,2001,4613853.0,29127671.0,1.079664,1.9842220000000002,ESP,ITA,8443
889348,72,111,1661,2001,0.0,89807.0,0.5746829999999999,0.9073899999999999,EST,ITA,8443
889349,73,111,1661,2001,0.0,97370.0,-0.999149,-0.904072,ETH,ITA,8443
889350,74,111,1661,2001,291262.0,1222214.0,2.069141,0.9375180000000001,FIN,ITA,8443
889351,77,111,1661,2001,51210200.0,33212056.0,1.653507,0.797582,FRA,ITA,8443
889352,80,111,1661,2001,0.0,13483.0,-1.063007,-1.181284,GAB,ITA,8443
889353,81,111,1661,2001,20095791.0,31039734.0,1.976894,0.685435,GBR,ITA,8443
889354,82,111,1661,2001,0.0,2175.0,0.585568,-0.047744999999999996,GEO,ITA,8443
889355,83,111,1661,2001,0.0,231909.0,-0.961067,-0.780449,GHA,ITA,8443
889356,90,111,1661,2001,67357.0,7395553.0,0.31387600000000004,1.3614600000000001,GRC,ITA,8443
889357,93,111,1661,2001,0.0,1878371.0,-0.5089520000000001,0.216677,GTM,ITA,8443
889358,97,111,1661,2001,294745.0,4493364.0,0.521528,2.3025,HKG,ITA,8443
889359,99,111,1661,2001,0.0,1066525.0,-0.8003060000000001,-0.602097,HND,ITA,8443
889360,100,111,1661,2001,36165.0,1032512.0,0.544596,0.969535,HRV,ITA,8443
889361,102,111,1661,2001,580225.0,1093957.0,1.102262,1.138016,HUN,ITA,8443
889362,103,111,1661,2001,4629.0,15301038.0,-0.167771,1.6587889999999998,IDN,ITA,8443
889363,104,111,1661,2001,1763983.0,4895358.0,0.349744,2.665844,IND,ITA,8443
889364,106,111,1661,2001,93819.0,415139.0,1.664233,0.129983,IRL,ITA,8443
889365,107,111,1661,2001,4450.0,4049873.0,-0.7732479999999999,-0.8979370000000001,IRN,ITA,8443
889366,108,111,1661,2001,0.0,401712.0,-1.115465,-0.883028,IRQ,ITA,8443
889367,109,111,1661,2001,0.0,1204.0,0.032382999999999995,-0.51054,ISL,ITA,8443
889368,110,111,1661,2001,1286712.0,3487066.0,1.374873,0.775594,ISR,ITA,8443
889369,112,111,1661,2001,0.0,11146.0,-0.541582,-0.837248,JAM,ITA,8443
889370,113,111,1661,2001,1581.0,602283.0,0.375134,0.581558,JOR,ITA,8443
889371,114,111,1661,2001,9376748.0,12767199.0,2.585857,0.522663,JPN,ITA,8443
889372,115,111,1661,2001,0.0,29076.0,0.009714,-0.525899,KAZ,ITA,8443
889373,116,111,1661,2001,0.0,683518.0,-0.529388,0.092271,KEN,ITA,8443
889374,118,111,1661,2001,1239.0,64640.0,-1.231058,-1.154536,KHM,ITA,8443
889375,121,111,1661,2001,253344.0,4332092.0,1.145797,1.0762399999999999,KOR,ITA,8443
889376,122,111,1661,2001,0.0,227435.0,-0.8197,-1.183758,KWT,ITA,8443
889377,124,111,1661,2001,0.0,866142.0,0.165355,0.988008,LBN,ITA,8443
889378,126,111,1661,2001,21464.0,2632585.0,-0.9321459999999999,-1.198124,LBY,ITA,8443
889379,128,111,1661,2001,0.0,34552.0,-0.722434,-0.033818,LKA,ITA,8443
889380,130,111,1661,2001,2231.0,2134356.0,0.15706900000000001,0.416663,LTU,ITA,8443
889381,131,111,1661,2001,660499.0,155706.0,1.470895,1.149007,LUX,ITA,8443
889382,132,111,1661,2001,3025.0,4143309.0,0.404136,0.461009,LVA,ITA,8443
889383,133,111,1661,2001,0.0,2431.0,-0.608406,-0.521662,MAC,ITA,8443
889384,134,111,1661,2001,4632.0,1394657.0,-0.75275,-0.280397,MAR,ITA,8443
889385,135,111,1661,2001,0.0,1095054.0,-0.024822,-0.15323399999999998,MDA,ITA,8443
889386,136,111,1661,2001,0.0,4932.0,-1.247531,-0.637093,MDG,ITA,8443
889387,138,111,1661,2001,39509.0,15226944.0,0.797058,0.713234,MEX,ITA,8443
889388,140,111,1661,2001,0.0,68591.0,0.033097,0.43516499999999997,MKD,ITA,8443
889389,142,111,1661,2001,115636.0,441248.0,1.065032,-0.065239,MLT,ITA,8443
889390,143,111,1661,2001,0.0,37783.0,-1.5627,-1.150854,MMR,ITA,8443
889391,147,111,1661,2001,0.0,43925.0,-1.2364879999999998,-1.136715,MOZ,ITA,8443
889392,151,111,1661,2001,0.0,24345.0,-0.410422,-0.5868369999999999,MUS,ITA,8443
889393,153,111,1661,2001,77542.0,6606680.0,0.768174,0.307033,MYS,ITA,8443
889394,156,111,1661,2001,26517.0,1482318.0,-0.837087,-0.9207040000000001,NCL,ITA,8443
889395,159,111,1661,2001,0.0,3220311.0,-1.966439,-1.2724520000000001,NGA,ITA,8443
889396,160,111,1661,2001,0.0,1745.0,-0.8917430000000001,-0.713179,NIC,ITA,8443
889397,162,111,1661,2001,24674391.0,12000173.0,1.315685,1.590935,NLD,ITA,8443
889398,163,111,1661,2001,458658.0,248790.0,0.974814,0.06512000000000001,NOR,ITA,8443
889399,166,111,1661,2001,0.0,531173.0,0.521409,0.683134,NZL,ITA,8443
889400,167,111,1661,2001,0.0,22195.0,-0.909329,-1.189698,OMN,ITA,8443
889401,168,111,1661,2001,0.0,5279662.0,-0.8376520000000001,-0.378743,PAK,ITA,8443
889402,169,111,1661,2001,0.0,13202.0,0.17588199999999998,0.422505,PAN,ITA,8443
889403,173,111,1661,2001,15735.0,330465.0,-0.345519,0.202623,PER,ITA,8443
889404,174,111,1661,2001,0.0,278024.0,-0.028201,-0.112349,PHL,ITA,8443
889405,177,111,1661,2001,385959.0,7146473.0,0.9474540000000001,1.8408220000000002,POL,ITA,8443
889406,178,111,1661,2001,0.0,18811.0,0.62773,1.010888,PRK,ITA,8443
889407,179,111,1661,2001,36316.0,3211503.0,0.482048,1.662123,PRT,ITA,8443
889408,180,111,1661,2001,0.0,144819.0,-0.68893,-0.9326690000000001,PRY,ITA,8443
889409,182,111,1661,2001,0.0,4502.0,-0.005456,-0.7210770000000001,PYF,ITA,8443
889410,183,111,1661,2001,0.0,67256.0,-0.46564799999999995,-1.127634,QAT,ITA,8443
889411,185,111,1661,2001,481938.0,1676953.0,0.326733,1.005332,ROU,ITA,8443
889412,186,111,1661,2001,106295.0,15348125.0,0.945816,0.35027600000000003,RUS,ITA,8443
889413,188,111,1661,2001,2669.0,2735381.0,0.5370550000000001,-0.793469,SAU,ITA,8443
889414,189,111,1661,2001,0.0,1956592.0,0.45280200000000004,2.469852,SCG,ITA,8443
889415,190,111,1661,2001,0.0,42190.0,-1.6325180000000001,-1.263267,SDN,ITA,8443
889416,191,111,1661,2001,0.0,73747.0,-0.437779,-0.436654,SEN,ITA,8443
889417,192,111,1661,2001,185848.0,1313316.0,1.364239,0.721074,SGP,ITA,8443
889418,196,111,1661,2001,0.0,25516.0,0.331949,0.186253,SLE,ITA,8443
889419,197,111,1661,2001,8482.0,208791.0,-0.181554,-0.031294,SLV,ITA,8443
889420,206,111,1661,2001,63951.0,1755968.0,1.1732770000000001,1.088576,SVK,ITA,8443
889421,207,111,1661,2001,120721.0,797213.0,1.5074370000000001,1.1370040000000001,SVN,ITA,8443
889422,208,111,1661,2001,6072452.0,1639698.0,2.156845,0.784439,SWE,ITA,8443
889423,212,111,1661,2001,2150.0,601343.0,-1.057217,-0.716331,SYR,ITA,8443
889424,215,111,1661,2001,0.0,1551.0,-0.758725,-0.577004,TGO,ITA,8443
889425,216,111,1661,2001,13047.0,3302627.0,0.37555900000000003,1.498267,THA,ITA,8443
889426,222,111,1661,2001,0.0,13524.0,0.178256,-0.709126,TTO,ITA,8443
889427,223,111,1661,2001,15940.0,1926622.0,-0.162152,0.23939699999999997,TUN,ITA,8443
889428,224,111,1661,2001,152956.0,6573577.0,0.188773,1.91451,TUR,ITA,8443
889429,226,111,1661,2001,0.0,157075.0,-1.193991,-0.49282200000000004,TZA,ITA,8443
889430,227,111,1661,2001,0.0,5261.0,-0.9694860000000001,-0.840592,UGA,ITA,8443
889431,228,111,1661,2001,0.0,4220751.0,0.8376969999999999,0.989059,UKR,ITA,8443
889432,230,111,1661,2001,0.0,936391.0,0.36029,0.298869,URY,ITA,8443
889433,231,111,1661,2001,10387936.0,58855901.0,1.873674,0.168468,USA,ITA,8443
889434,232,111,1661,2001,0.0,21493.0,-0.395913,-0.6454449999999999,UZB,ITA,8443
889435,236,111,1661,2001,0.0,1339438.0,0.261158,-0.7397,VEN,ITA,8443
889436,237,111,1661,2001,0.0,7786.0,0.759566,-0.16636099999999998,VGB,ITA,8443
889437,239,111,1661,2001,3702.0,242630.0,-0.6692130000000001,0.610992,VNM,ITA,8443
889438,243,111,1661,2001,4456.0,20496.0,-1.465154,-1.261615,YEM,ITA,8443
889439,246,111,1661,2001,55313.0,2323085.0,0.356842,2.006155,ZAF,ITA,8443
889440,247,111,1661,2001,0.0,7243.0,-0.731193,-0.706978,ZMB,ITA,8443
889441,248,111,1661,2001,0.0,28496.0,-0.6321829999999999,-0.453671,ZWE,ITA,8443
889442,249,111,1661,2001,541079.0,458898.0,1.5731700000000002,1.353159,TWN,ITA,8443
889443,250,111,1661,2001,0.0,192182.0,1.096023,-0.33562600000000004,ANS,ITA,8443
889444,14,112,1661,2001,1055.0,0.0,0.29463,0.772375,AUS,JAM,8443
889445,25,112,1661,2001,6492.0,0.0,0.803267,-0.071853,BHS,JAM,8443
889446,39,112,1661,2001,11441.0,0.0,0.971827,1.105171,CAN,JAM,8443
889447,43,112,1661,2001,887.0,0.0,0.525171,3.092963,CHN,JAM,8443
889448,61,112,1661,2001,47954.0,0.0,2.321375,-2.1110990000000003,DEU,JAM,8443
889449,64,112,1661,2001,15739.0,0.0,1.261883,1.351875,DNK,JAM,8443
889450,81,112,1661,2001,65579.0,0.0,1.976894,0.685435,GBR,JAM,8443
889451,97,112,1661,2001,7725.0,0.0,0.521528,2.3025,HKG,JAM,8443
889452,106,112,1661,2001,1735.0,0.0,1.664233,0.129983,IRL,JAM,8443
889453,111,112,1661,2001,11146.0,0.0,1.389926,1.282143,ITA,JAM,8443
889454,114,112,1661,2001,1892.0,0.0,2.585857,0.522663,JPN,JAM,8443
889455,138,112,1661,2001,0.0,6640.0,0.797058,0.713234,MEX,JAM,8443
889456,222,112,1661,2001,1437.0,0.0,0.178256,-0.709126,TTO,JAM,8443
889457,231,112,1661,2001,546587.0,54881.0,1.873674,0.168468,USA,JAM,8443
889458,236,112,1661,2001,0.0,14149.0,0.261158,-0.7397,VEN,JAM,8443
889459,246,112,1661,2001,729.0,0.0,0.356842,2.006155,ZAF,JAM,8443
889460,249,112,1661,2001,49622.0,0.0,1.5731700000000002,1.353159,TWN,JAM,8443
889461,4,114,1661,2001,0.0,4310.0,-0.054125,0.104298,ALB,JPN,8443
889462,5,114,1661,2001,0.0,77.0,1.049415,0.860241,AND,JPN,8443
889463,7,114,1661,2001,0.0,4633704.0,-0.193984,-0.457124,ARE,JPN,8443
889464,8,114,1661,2001,0.0,1074654.0,0.287698,0.547137,ARG,JPN,8443
889465,14,114,1661,2001,602796.0,18554815.0,0.29463,0.772375,AUS,JPN,8443
889466,15,114,1661,2001,592139.0,2137369.0,1.8571650000000002,0.603191,AUT,JPN,8443
889467,16,114,1661,2001,0.0,22812.0,-0.6731090000000001,-1.037922,AZE,JPN,8443
889468,18,114,1661,2001,2644579.0,12761030.0,1.4328370000000001,1.408495,BEL,JPN,8443
889469,22,114,1661,2001,0.0,775366.0,-1.0406739999999999,-1.010108,BGD,JPN,8443
889470,23,114,1661,2001,0.0,24240.0,0.41425100000000004,1.639866,BGR,JPN,8443
889471,24,114,1661,2001,0.0,89896.0,-0.11008399999999999,-1.053611,BHR,JPN,8443
889472,25,114,1661,2001,0.0,2015.0,0.803267,-0.071853,BHS,JPN,8443
889473,28,114,1661,2001,0.0,17459.0,0.804404,0.936773,BLR,JPN,8443
889474,31,114,1661,2001,0.0,11235.0,-0.680108,-0.678143,BOL,JPN,8443
889475,32,114,1661,2001,3356.0,8923039.0,0.672496,1.051848,BRA,JPN,8443
889476,33,114,1661,2001,0.0,116841.0,0.725546,0.172345,BRB,JPN,8443
889477,34,114,1661,2001,0.0,36139.0,-0.8654209999999999,-0.930599,BRN,JPN,8443
889478,37,114,1661,2001,0.0,4488.0,-0.42690100000000003,-1.081372,BWA,JPN,8443
889479,39,114,1661,2001,3893281.0,8031046.0,0.971827,1.105171,CAN,JPN,8443
889480,41,114,1661,2001,18681106.0,4874588.0,2.227246,0.553956,CHE,JPN,8443
889481,42,114,1661,2001,0.0,336180.0,-0.004658,-0.002548,CHL,JPN,8443
889482,43,114,1661,2001,11673282.0,202818381.0,0.525171,3.092963,CHN,JPN,8443
889483,44,114,1661,2001,0.0,66741.0,-0.715949,-0.524428,CIV,JPN,8443
889484,49,114,1661,2001,0.0,513244.0,0.30412,0.395913,COL,JPN,8443
889485,52,114,1661,2001,0.0,7058.0,0.069458,-0.042793,CRI,JPN,8443
889486,54,114,1661,2001,0.0,60492.0,-0.443391,-0.9599030000000001,CUB,JPN,8443
889487,58,114,1661,2001,0.0,798880.0,0.381251,0.257802,CYP,JPN,8443
889488,59,114,1661,2001,122527.0,84362.0,1.485703,1.109305,CZE,JPN,8443
889489,61,114,1661,2001,124314896.0,22915530.0,2.321375,-2.1110990000000003,DEU,JPN,8443
889490,62,114,1661,2001,0.0,171453.0,0.143467,0.14288599999999999,DJI,JPN,8443
889491,64,114,1661,2001,821699.0,1686112.0,1.261883,1.351875,DNK,JPN,8443
889492,65,114,1661,2001,0.0,356024.0,-0.538419,-0.48773900000000003,DOM,JPN,8443
889493,66,114,1661,2001,0.0,101780.0,-0.663363,-1.158295,DZA,JPN,8443
889494,67,114,1661,2001,1887.0,36732.0,-0.852642,-0.896374,ECU,JPN,8443
889495,68,114,1661,2001,0.0,1045967.0,-0.373576,0.366385,EGY,JPN,8443
889496,71,114,1661,2001,84122.0,12184132.0,1.079664,1.9842220000000002,ESP,JPN,8443
889497,72,114,1661,2001,0.0,35571.0,0.5746829999999999,0.9073899999999999,EST,JPN,8443
889498,74,114,1661,2001,81869.0,1882055.0,2.069141,0.9375180000000001,FIN,JPN,8443
889499,75,114,1661,2001,0.0,3706.0,-0.954702,-0.602761,FJI,JPN,8443
889500,77,114,1661,2001,12764648.0,60772333.0,1.653507,0.797582,FRA,JPN,8443
889501,81,114,1661,2001,9162681.0,83825955.0,1.976894,0.685435,GBR,JPN,8443
889502,82,114,1661,2001,3967960.0,0.0,0.585568,-0.047744999999999996,GEO,JPN,8443
889503,83,114,1661,2001,0.0,5528.0,-0.961067,-0.780449,GHA,JPN,8443
889504,87,114,1661,2001,0.0,2965.0,-0.160182,-0.24737399999999998,GMB,JPN,8443
889505,90,114,1661,2001,0.0,392734.0,0.31387600000000004,1.3614600000000001,GRC,JPN,8443
889506,93,114,1661,2001,0.0,35882.0,-0.5089520000000001,0.216677,GTM,JPN,8443
889507,95,114,1661,2001,0.0,8581.0,-0.228818,-0.8545719999999999,GUM,JPN,8443
889508,96,114,1661,2001,0.0,10079.0,-0.955816,-0.8593069999999999,GUY,JPN,8443
889509,97,114,1661,2001,784140.0,74381533.0,0.521528,2.3025,HKG,JPN,8443
889510,99,114,1661,2001,0.0,3036.0,-0.8003060000000001,-0.602097,HND,JPN,8443
889511,100,114,1661,2001,0.0,26375.0,0.544596,0.969535,HRV,JPN,8443
889512,102,114,1661,2001,8380.0,738670.0,1.102262,1.138016,HUN,JPN,8443
889513,103,114,1661,2001,1683976.0,12317433.0,-0.167771,1.6587889999999998,IDN,JPN,8443
889514,104,114,1661,2001,2394927.0,7619711.0,0.349744,2.665844,IND,JPN,8443
889515,106,114,1661,2001,13433.0,267718.0,1.664233,0.129983,IRL,JPN,8443
889516,107,114,1661,2001,0.0,4789617.0,-0.7732479999999999,-0.8979370000000001,IRN,JPN,8443
889517,109,114,1661,2001,0.0,25092.0,0.032382999999999995,-0.51054,ISL,JPN,8443
889518,110,114,1661,2001,12026050.0,4373185.0,1.374873,0.775594,ISR,JPN,8443
889519,111,114,1661,2001,12767199.0,9376748.0,1.389926,1.282143,ITA,JPN,8443
889520,112,114,1661,2001,0.0,1892.0,-0.541582,-0.837248,JAM,JPN,8443
889521,113,114,1661,2001,0.0,113926.0,0.375134,0.581558,JOR,JPN,8443
889522,115,114,1661,2001,0.0,363061.0,0.009714,-0.525899,KAZ,JPN,8443
889523,117,114,1661,2001,0.0,37191.0,0.23332199999999997,0.256019,KGZ,JPN,8443
889524,118,114,1661,2001,0.0,60872.0,-1.231058,-1.154536,KHM,JPN,8443
889525,121,114,1661,2001,3532032.0,116671985.0,1.145797,1.0762399999999999,KOR,JPN,8443
889526,122,114,1661,2001,0.0,644410.0,-0.8197,-1.183758,KWT,JPN,8443
889527,124,114,1661,2001,0.0,63438.0,0.165355,0.988008,LBN,JPN,8443
889528,127,114,1661,2001,0.0,27828.0,0.004518,-0.5326770000000001,LCA,JPN,8443
889529,128,114,1661,2001,11233.0,127828.0,-0.722434,-0.033818,LKA,JPN,8443
889530,130,114,1661,2001,0.0,102156.0,0.15706900000000001,0.416663,LTU,JPN,8443
889531,131,114,1661,2001,24180.0,3279.0,1.470895,1.149007,LUX,JPN,8443
889532,132,114,1661,2001,0.0,3787.0,0.404136,0.461009,LVA,JPN,8443
889533,133,114,1661,2001,0.0,171889.0,-0.608406,-0.521662,MAC,JPN,8443
889534,134,114,1661,2001,0.0,238911.0,-0.75275,-0.280397,MAR,JPN,8443
889535,135,114,1661,2001,0.0,21104.0,-0.024822,-0.15323399999999998,MDA,JPN,8443
889536,136,114,1661,2001,0.0,8629.0,-1.247531,-0.637093,MDG,JPN,8443
889537,137,114,1661,2001,0.0,17649.0,-0.980734,-0.9785659999999999,MDV,JPN,8443
889538,138,114,1661,2001,32839.0,12414483.0,0.797058,0.713234,MEX,JPN,8443
889539,142,114,1661,2001,0.0,3517.0,1.065032,-0.065239,MLT,JPN,8443
889540,143,114,1661,2001,0.0,1014709.0,-1.5627,-1.150854,MMR,JPN,8443
889541,145,114,1661,2001,0.0,77330.0,-0.691001,-0.9284180000000001,MNG,JPN,8443
889542,147,114,1661,2001,0.0,3318.0,-1.2364879999999998,-1.136715,MOZ,JPN,8443
889543,151,114,1661,2001,0.0,13247.0,-0.410422,-0.5868369999999999,MUS,JPN,8443
889544,152,114,1661,2001,0.0,56832.0,-1.388716,-1.116315,MWI,JPN,8443
889545,153,114,1661,2001,2845115.0,12593553.0,0.768174,0.307033,MYS,JPN,8443
889546,154,114,1661,2001,0.0,297272.0,1.4633260000000001,-0.114532,MYT,JPN,8443
889547,156,114,1661,2001,0.0,1854.0,-0.837087,-0.9207040000000001,NCL,JPN,8443
889548,159,114,1661,2001,0.0,432422.0,-1.966439,-1.2724520000000001,NGA,JPN,8443
889549,160,114,1661,2001,0.0,1015.0,-0.8917430000000001,-0.713179,NIC,JPN,8443
889550,162,114,1661,2001,1512248.0,64813590.0,1.315685,1.590935,NLD,JPN,8443
889551,163,114,1661,2001,392744.0,1076867.0,0.974814,0.06512000000000001,NOR,JPN,8443
889552,164,114,1661,2001,0.0,54738.0,-0.483749,-0.008754999999999999,NPL,JPN,8443
889553,166,114,1661,2001,1359.0,2559525.0,0.521409,0.683134,NZL,JPN,8443
889554,167,114,1661,2001,0.0,561316.0,-0.909329,-1.189698,OMN,JPN,8443
889555,168,114,1661,2001,0.0,274422.0,-0.8376520000000001,-0.378743,PAK,JPN,8443
889556,169,114,1661,2001,0.0,210976.0,0.17588199999999998,0.422505,PAN,JPN,8443
889557,173,114,1661,2001,0.0,126739.0,-0.345519,0.202623,PER,JPN,8443
889558,174,114,1661,2001,631655.0,6706237.0,-0.028201,-0.112349,PHL,JPN,8443
889559,176,114,1661,2001,0.0,8762.0,-1.503929,-1.199463,PNG,JPN,8443
889560,177,114,1661,2001,0.0,1492395.0,0.9474540000000001,1.8408220000000002,POL,JPN,8443
889561,178,114,1661,2001,0.0,1461.0,0.62773,1.010888,PRK,JPN,8443
889562,179,114,1661,2001,1275.0,998679.0,0.482048,1.662123,PRT,JPN,8443
889563,180,114,1661,2001,0.0,16874.0,-0.68893,-0.9326690000000001,PRY,JPN,8443
889564,182,114,1661,2001,0.0,22626.0,-0.005456,-0.7210770000000001,PYF,JPN,8443
889565,183,114,1661,2001,0.0,91809.0,-0.46564799999999995,-1.127634,QAT,JPN,8443
889566,185,114,1661,2001,0.0,117633.0,0.326733,1.005332,ROU,JPN,8443
889567,186,114,1661,2001,0.0,1162863.0,0.945816,0.35027600000000003,RUS,JPN,8443
889568,188,114,1661,2001,0.0,4405139.0,0.5370550000000001,-0.793469,SAU,JPN,8443
889569,189,114,1661,2001,0.0,1360.0,0.45280200000000004,2.469852,SCG,JPN,8443
889570,191,114,1661,2001,0.0,1394.0,-0.437779,-0.436654,SEN,JPN,8443
889571,192,114,1661,2001,3713619.0,15634683.0,1.364239,0.721074,SGP,JPN,8443
889572,197,114,1661,2001,6082.0,0.0,-0.181554,-0.031294,SLV,JPN,8443
889573,206,114,1661,2001,41315.0,8986.0,1.1732770000000001,1.088576,SVK,JPN,8443
889574,207,114,1661,2001,10652.0,235921.0,1.5074370000000001,1.1370040000000001,SVN,JPN,8443
889575,208,114,1661,2001,734136.0,1803345.0,2.156845,0.784439,SWE,JPN,8443
889576,212,114,1661,2001,0.0,934014.0,-1.057217,-0.716331,SYR,JPN,8443
889577,214,114,1661,2001,0.0,359458.0,-0.655004,-0.872215,TCD,JPN,8443
889578,216,114,1661,2001,4567808.0,22533814.0,0.37555900000000003,1.498267,THA,JPN,8443
889579,222,114,1661,2001,0.0,474643.0,0.178256,-0.709126,TTO,JPN,8443
889580,223,114,1661,2001,0.0,230526.0,-0.162152,0.23939699999999997,TUN,JPN,8443
889581,224,114,1661,2001,0.0,6475633.0,0.188773,1.91451,TUR,JPN,8443
889582,226,114,1661,2001,0.0,40873.0,-1.193991,-0.49282200000000004,TZA,JPN,8443
889583,227,114,1661,2001,0.0,10760.0,-0.9694860000000001,-0.840592,UGA,JPN,8443
889584,228,114,1661,2001,1674.0,841493.0,0.8376969999999999,0.989059,UKR,JPN,8443
889585,230,114,1661,2001,0.0,130803.0,0.36029,0.298869,URY,JPN,8443
889586,231,114,1661,2001,77290209.0,241327238.0,1.873674,0.168468,USA,JPN,8443
889587,236,114,1661,2001,0.0,933080.0,0.261158,-0.7397,VEN,JPN,8443
889588,239,114,1661,2001,32813.0,8807769.0,-0.6692130000000001,0.610992,VNM,JPN,8443
889589,242,114,1661,2001,0.0,218766.0,-0.361456,-0.690474,WSM,JPN,8443
889590,246,114,1661,2001,1571.0,4756286.0,0.356842,2.006155,ZAF,JPN,8443
889591,247,114,1661,2001,0.0,17321.0,-0.731193,-0.706978,ZMB,JPN,8443
889592,248,114,1661,2001,0.0,23704.0,-0.6321829999999999,-0.453671,ZWE,JPN,8443
889593,249,114,1661,2001,4519351.0,72322407.0,1.5731700000000002,1.353159,TWN,JPN,8443
889594,7,121,1661,2001,0.0,25533.0,-0.193984,-0.457124,ARE,KOR,8443
889595,8,121,1661,2001,0.0,178263.0,0.287698,0.547137,ARG,KOR,8443
889596,14,121,1661,2001,143621.0,236852.0,0.29463,0.772375,AUS,KOR,8443
889597,15,121,1661,2001,2507212.0,65674.0,1.8571650000000002,0.603191,AUT,KOR,8443
889598,18,121,1661,2001,719550.0,301753.0,1.4328370000000001,1.408495,BEL,KOR,8443
889599,22,121,1661,2001,19737.0,536163.0,-1.0406739999999999,-1.010108,BGD,KOR,8443
889600,28,121,1661,2001,0.0,74405.0,0.804404,0.936773,BLR,KOR,8443
889601,32,121,1661,2001,13188.0,451806.0,0.672496,1.051848,BRA,KOR,8443
889602,34,121,1661,2001,0.0,1402.0,-0.8654209999999999,-0.930599,BRN,KOR,8443
889603,39,121,1661,2001,480681.0,180746.0,0.971827,1.105171,CAN,KOR,8443
889604,41,121,1661,2001,1040181.0,23318.0,2.227246,0.553956,CHE,KOR,8443
889605,42,121,1661,2001,0.0,19130.0,-0.004658,-0.002548,CHL,KOR,8443
889606,43,121,1661,2001,528510.0,8785955.0,0.525171,3.092963,CHN,KOR,8443
889607,49,121,1661,2001,0.0,4065.0,0.30412,0.395913,COL,KOR,8443
889608,52,121,1661,2001,0.0,20926.0,0.069458,-0.042793,CRI,KOR,8443
889609,58,121,1661,2001,9557.0,42150.0,0.381251,0.257802,CYP,KOR,8443
889610,59,121,1661,2001,2395.0,18267.0,1.485703,1.109305,CZE,KOR,8443
889611,61,121,1661,2001,50069453.0,819482.0,2.321375,-2.1110990000000003,DEU,KOR,8443
889612,64,121,1661,2001,367597.0,20496.0,1.261883,1.351875,DNK,KOR,8443
889613,67,121,1661,2001,1201.0,2431.0,-0.852642,-0.896374,ECU,KOR,8443
889614,68,121,1661,2001,0.0,107450.0,-0.373576,0.366385,EGY,KOR,8443
889615,71,121,1661,2001,1677956.0,63993.0,1.079664,1.9842220000000002,ESP,KOR,8443
889616,73,121,1661,2001,0.0,688.0,-0.999149,-0.904072,ETH,KOR,8443
889617,74,121,1661,2001,138023.0,57603.0,2.069141,0.9375180000000001,FIN,KOR,8443
889618,77,121,1661,2001,11259155.0,55302.0,1.653507,0.797582,FRA,KOR,8443
889619,81,121,1661,2001,5941136.0,101365.0,1.976894,0.685435,GBR,KOR,8443
889620,90,121,1661,2001,0.0,98092.0,0.31387600000000004,1.3614600000000001,GRC,KOR,8443
889621,93,121,1661,2001,0.0,249247.0,-0.5089520000000001,0.216677,GTM,KOR,8443
889622,95,121,1661,2001,0.0,3451.0,-0.228818,-0.8545719999999999,GUM,KOR,8443
889623,97,121,1661,2001,2100022.0,2730291.0,0.521528,2.3025,HKG,KOR,8443
889624,102,121,1661,2001,62376.0,39742.0,1.102262,1.138016,HUN,KOR,8443
889625,103,121,1661,2001,12030.0,6603917.0,-0.167771,1.6587889999999998,IDN,KOR,8443
889626,104,121,1661,2001,297907.0,383227.0,0.349744,2.665844,IND,KOR,8443
889627,106,121,1661,2001,85714.0,50145.0,1.664233,0.129983,IRL,KOR,8443
889628,107,121,1661,2001,0.0,901502.0,-0.7732479999999999,-0.8979370000000001,IRN,KOR,8443
889629,110,121,1661,2001,511163.0,380390.0,1.374873,0.775594,ISR,KOR,8443
889630,111,121,1661,2001,4332092.0,253344.0,1.389926,1.282143,ITA,KOR,8443
889631,113,121,1661,2001,0.0,21672.0,0.375134,0.581558,JOR,KOR,8443
889632,114,121,1661,2001,116671985.0,3532032.0,2.585857,0.522663,JPN,KOR,8443
889633,115,121,1661,2001,0.0,187959.0,0.009714,-0.525899,KAZ,KOR,8443
889634,116,121,1661,2001,0.0,911.0,-0.529388,0.092271,KEN,KOR,8443
889635,122,121,1661,2001,0.0,12496.0,-0.8197,-1.183758,KWT,KOR,8443
889636,124,121,1661,2001,0.0,7500.0,0.165355,0.988008,LBN,KOR,8443
889637,128,121,1661,2001,6437.0,54785.0,-0.722434,-0.033818,LKA,KOR,8443
889638,130,121,1661,2001,0.0,11911.0,0.15706900000000001,0.416663,LTU,KOR,8443
889639,132,121,1661,2001,0.0,7341.0,0.404136,0.461009,LVA,KOR,8443
889640,134,121,1661,2001,34071.0,3428.0,-0.75275,-0.280397,MAR,KOR,8443
889641,138,121,1661,2001,2457.0,537523.0,0.797058,0.713234,MEX,KOR,8443
889642,142,121,1661,2001,0.0,3910.0,1.065032,-0.065239,MLT,KOR,8443
889643,143,121,1661,2001,0.0,31843.0,-1.5627,-1.150854,MMR,KOR,8443
889644,145,121,1661,2001,0.0,6609.0,-0.691001,-0.9284180000000001,MNG,KOR,8443
889645,147,121,1661,2001,0.0,2771.0,-1.2364879999999998,-1.136715,MOZ,KOR,8443
889646,151,121,1661,2001,0.0,3554.0,-0.410422,-0.5868369999999999,MUS,KOR,8443
889647,153,121,1661,2001,2210807.0,2259727.0,0.768174,0.307033,MYS,KOR,8443
889648,156,121,1661,2001,0.0,1155.0,-0.837087,-0.9207040000000001,NCL,KOR,8443
889649,159,121,1661,2001,0.0,282703.0,-1.966439,-1.2724520000000001,NGA,KOR,8443
889650,160,121,1661,2001,0.0,12548.0,-0.8917430000000001,-0.713179,NIC,KOR,8443
889651,162,121,1661,2001,1575279.0,245270.0,1.315685,1.590935,NLD,KOR,8443
889652,163,121,1661,2001,188881.0,15427.0,0.974814,0.06512000000000001,NOR,KOR,8443
889653,166,121,1661,2001,6547.0,152091.0,0.521409,0.683134,NZL,KOR,8443
889654,168,121,1661,2001,0.0,331787.0,-0.8376520000000001,-0.378743,PAK,KOR,8443
889655,169,121,1661,2001,0.0,5633.0,0.17588199999999998,0.422505,PAN,KOR,8443
889656,173,121,1661,2001,0.0,124551.0,-0.345519,0.202623,PER,KOR,8443
889657,174,121,1661,2001,27163.0,945287.0,-0.028201,-0.112349,PHL,KOR,8443
889658,177,121,1661,2001,0.0,418300.0,0.9474540000000001,1.8408220000000002,POL,KOR,8443
889659,179,121,1661,2001,3077.0,27797.0,0.482048,1.662123,PRT,KOR,8443
889660,183,121,1661,2001,0.0,6218.0,-0.46564799999999995,-1.127634,QAT,KOR,8443
889661,186,121,1661,2001,0.0,344103.0,0.945816,0.35027600000000003,RUS,KOR,8443
889662,187,121,1661,2001,0.0,2983.0,-1.260879,-0.861347,RWA,KOR,8443
889663,188,121,1661,2001,0.0,171661.0,0.5370550000000001,-0.793469,SAU,KOR,8443
889664,192,121,1661,2001,8897787.0,341865.0,1.364239,0.721074,SGP,KOR,8443
889665,197,121,1661,2001,0.0,68299.0,-0.181554,-0.031294,SLV,KOR,8443
889666,206,121,1661,2001,0.0,9598.0,1.1732770000000001,1.088576,SVK,KOR,8443
889667,207,121,1661,2001,43132.0,0.0,1.5074370000000001,1.1370040000000001,SVN,KOR,8443
889668,208,121,1661,2001,462425.0,26251.0,2.156845,0.784439,SWE,KOR,8443
889669,209,121,1661,2001,17152.0,0.0,0.372699,-0.287132,SWZ,KOR,8443
889670,212,121,1661,2001,0.0,68987.0,-1.057217,-0.716331,SYR,KOR,8443
889671,216,121,1661,2001,69483.0,2401882.0,0.37555900000000003,1.498267,THA,KOR,8443
889672,224,121,1661,2001,131618.0,811264.0,0.188773,1.91451,TUR,KOR,8443
889673,228,121,1661,2001,0.0,7734.0,0.8376969999999999,0.989059,UKR,KOR,8443
889674,229,121,1661,2001,2093.0,0.0,-0.13935799999999998,-0.421795,UMI,KOR,8443
889675,230,121,1661,2001,0.0,6754.0,0.36029,0.298869,URY,KOR,8443
889676,231,121,1661,2001,10217413.0,2798981.0,1.873674,0.168468,USA,KOR,8443
889677,239,121,1661,2001,9647.0,2207536.0,-0.6692130000000001,0.610992,VNM,KOR,8443
889678,246,121,1661,2001,0.0,154296.0,0.356842,2.006155,ZAF,KOR,8443
889679,249,121,1661,2001,2802043.0,1037000.0,1.5731700000000002,1.353159,TWN,KOR,8443
889680,7,124,1661,2001,0.0,3791.0,-0.193984,-0.457124,ARE,LBN,8443
889681,14,124,1661,2001,0.0,7332.0,0.29463,0.772375,AUS,LBN,8443
889682,15,124,1661,2001,15024.0,0.0,1.8571650000000002,0.603191,AUT,LBN,8443
889683,18,124,1661,2001,18410.0,0.0,1.4328370000000001,1.408495,BEL,LBN,8443
889684,24,124,1661,2001,0.0,12671.0,-0.11008399999999999,-1.053611,BHR,LBN,8443
889685,39,124,1661,2001,21408.0,446.0,0.971827,1.105171,CAN,LBN,8443
889686,41,124,1661,2001,7840.0,7942.0,2.227246,0.553956,CHE,LBN,8443
889687,43,124,1661,2001,35526.0,0.0,0.525171,3.092963,CHN,LBN,8443
889688,58,124,1661,2001,11921.0,7841.0,0.381251,0.257802,CYP,LBN,8443
889689,59,124,1661,2001,23273.0,0.0,1.485703,1.109305,CZE,LBN,8443
889690,61,124,1661,2001,4405243.0,28747.0,2.321375,-2.1110990000000003,DEU,LBN,8443
889691,64,124,1661,2001,44281.0,0.0,1.261883,1.351875,DNK,LBN,8443
889692,66,124,1661,2001,0.0,4038.0,-0.663363,-1.158295,DZA,LBN,8443
889693,68,124,1661,2001,4442.0,39974.0,-0.373576,0.366385,EGY,LBN,8443
889694,71,124,1661,2001,5218.0,0.0,1.079664,1.9842220000000002,ESP,LBN,8443
889695,77,124,1661,2001,204390.0,16488.0,1.653507,0.797582,FRA,LBN,8443
889696,80,124,1661,2001,0.0,1310.0,-1.063007,-1.181284,GAB,LBN,8443
889697,81,124,1661,2001,619999.0,0.0,1.976894,0.685435,GBR,LBN,8443
889698,87,124,1661,2001,0.0,23132.0,-0.160182,-0.24737399999999998,GMB,LBN,8443
889699,90,124,1661,2001,8539.0,0.0,0.31387600000000004,1.3614600000000001,GRC,LBN,8443
889700,107,124,1661,2001,14292.0,0.0,-0.7732479999999999,-0.8979370000000001,IRN,LBN,8443
889701,108,124,1661,2001,0.0,22790.0,-1.115465,-0.883028,IRQ,LBN,8443
889702,111,124,1661,2001,866142.0,0.0,1.389926,1.282143,ITA,LBN,8443
889703,113,124,1661,2001,0.0,2156.0,0.375134,0.581558,JOR,LBN,8443
889704,114,124,1661,2001,63438.0,0.0,2.585857,0.522663,JPN,LBN,8443
889705,121,124,1661,2001,7500.0,0.0,1.145797,1.0762399999999999,KOR,LBN,8443
889706,122,124,1661,2001,0.0,71013.0,-0.8197,-1.183758,KWT,LBN,8443
889707,159,124,1661,2001,0.0,4520.0,-1.966439,-1.2724520000000001,NGA,LBN,8443
889708,162,124,1661,2001,93968.0,56883.0,1.315685,1.590935,NLD,LBN,8443
889709,163,124,1661,2001,11377.0,0.0,0.974814,0.06512000000000001,NOR,LBN,8443
889710,183,124,1661,2001,0.0,2803.0,-0.46564799999999995,-1.127634,QAT,LBN,8443
889711,185,124,1661,2001,1802.0,12986.0,0.326733,1.005332,ROU,LBN,8443
889712,188,124,1661,2001,0.0,86512.0,0.5370550000000001,-0.793469,SAU,LBN,8443
889713,190,124,1661,2001,1003.0,7360.0,-1.6325180000000001,-1.263267,SDN,LBN,8443
889714,208,124,1661,2001,185516.0,0.0,2.156845,0.784439,SWE,LBN,8443
889715,209,124,1661,2001,8303.0,0.0,0.372699,-0.287132,SWZ,LBN,8443
889716,212,124,1661,2001,10405.0,7374.0,-1.057217,-0.716331,SYR,LBN,8443
889717,215,124,1661,2001,0.0,13171.0,-0.758725,-0.577004,TGO,LBN,8443
889718,216,124,1661,2001,7900.0,0.0,0.37555900000000003,1.498267,THA,LBN,8443
889719,224,124,1661,2001,1394.0,0.0,0.188773,1.91451,TUR,LBN,8443
889720,231,124,1661,2001,158498.0,2777.0,1.873674,0.168468,USA,LBN,8443
889721,243,124,1661,2001,2597.0,75385.0,-1.465154,-1.261615,YEM,LBN,8443
889722,249,124,1661,2001,27415.0,0.0,1.5731700000000002,1.353159,TWN,LBN,8443
889723,250,124,1661,2001,4901.0,0.0,1.096023,-0.33562600000000004,ANS,LBN,8443
889724,8,138,1661,2001,1107158.0,1025.0,0.287698,0.547137,ARG,MEX,8443
889725,14,138,1661,2001,337495.0,48756.0,0.29463,0.772375,AUS,MEX,8443
889726,15,138,1661,2001,4392059.0,0.0,1.8571650000000002,0.603191,AUT,MEX,8443
889727,18,138,1661,2001,2252071.0,0.0,1.4328370000000001,1.408495,BEL,MEX,8443
889728,23,138,1661,2001,6879.0,0.0,0.41425100000000004,1.639866,BGR,MEX,8443
889729,32,138,1661,2001,393423.0,177676.0,0.672496,1.051848,BRA,MEX,8443
889730,33,138,1661,2001,0.0,750.0,0.725546,0.172345,BRB,MEX,8443
889731,39,138,1661,2001,2702588.0,101771.0,0.971827,1.105171,CAN,MEX,8443
889732,41,138,1661,2001,4715081.0,12583.0,2.227246,0.553956,CHE,MEX,8443
889733,42,138,1661,2001,20895.0,37575.0,-0.004658,-0.002548,CHL,MEX,8443
889734,43,138,1661,2001,260707.0,0.0,0.525171,3.092963,CHN,MEX,8443
889735,49,138,1661,2001,23909.0,21203.0,0.30412,0.395913,COL,MEX,8443
889736,52,138,1661,2001,0.0,130215.0,0.069458,-0.042793,CRI,MEX,8443
889737,54,138,1661,2001,2314.0,119944.0,-0.443391,-0.9599030000000001,CUB,MEX,8443
889738,58,138,1661,2001,13025.0,0.0,0.381251,0.257802,CYP,MEX,8443
889739,59,138,1661,2001,499913.0,11957.0,1.485703,1.109305,CZE,MEX,8443
889740,61,138,1661,2001,85829688.0,24705.0,2.321375,-2.1110990000000003,DEU,MEX,8443
889741,64,138,1661,2001,4253292.0,18779.0,1.261883,1.351875,DNK,MEX,8443
889742,65,138,1661,2001,0.0,4988.0,-0.538419,-0.48773900000000003,DOM,MEX,8443
889743,67,138,1661,2001,0.0,36170.0,-0.852642,-0.896374,ECU,MEX,8443
889744,71,138,1661,2001,4975490.0,20684.0,1.079664,1.9842220000000002,ESP,MEX,8443
889745,77,138,1661,2001,26453638.0,11695.0,1.653507,0.797582,FRA,MEX,8443
889746,81,138,1661,2001,4828951.0,7176.0,1.976894,0.685435,GBR,MEX,8443
889747,93,138,1661,2001,7346.0,128939.0,-0.5089520000000001,0.216677,GTM,MEX,8443
889748,97,138,1661,2001,195513.0,104984.0,0.521528,2.3025,HKG,MEX,8443
889749,99,138,1661,2001,13453.0,9013.0,-0.8003060000000001,-0.602097,HND,MEX,8443
889750,102,138,1661,2001,5739.0,0.0,1.102262,1.138016,HUN,MEX,8443
889751,104,138,1661,2001,37576.0,5575.0,0.349744,2.665844,IND,MEX,8443
889752,110,138,1661,2001,2420322.0,0.0,1.374873,0.775594,ISR,MEX,8443
889753,111,138,1661,2001,15226944.0,39509.0,1.389926,1.282143,ITA,MEX,8443
889754,112,138,1661,2001,6640.0,0.0,-0.541582,-0.837248,JAM,MEX,8443
889755,114,138,1661,2001,12414483.0,32839.0,2.585857,0.522663,JPN,MEX,8443
889756,121,138,1661,2001,537523.0,2457.0,1.145797,1.0762399999999999,KOR,MEX,8443
889757,122,138,1661,2001,0.0,90974.0,-0.8197,-1.183758,KWT,MEX,8443
889758,152,138,1661,2001,2114.0,0.0,-1.388716,-1.116315,MWI,MEX,8443
889759,153,138,1661,2001,35239.0,0.0,0.768174,0.307033,MYS,MEX,8443
889760,160,138,1661,2001,0.0,23782.0,-0.8917430000000001,-0.713179,NIC,MEX,8443
889761,162,138,1661,2001,1708016.0,9130.0,1.315685,1.590935,NLD,MEX,8443
889762,166,138,1661,2001,0.0,1580.0,0.521409,0.683134,NZL,MEX,8443
889763,169,138,1661,2001,16086.0,7850.0,0.17588199999999998,0.422505,PAN,MEX,8443
889764,173,138,1661,2001,1140.0,17352.0,-0.345519,0.202623,PER,MEX,8443
889765,177,138,1661,2001,52084.0,0.0,0.9474540000000001,1.8408220000000002,POL,MEX,8443
889766,179,138,1661,2001,15253.0,0.0,0.482048,1.662123,PRT,MEX,8443
889767,192,138,1661,2001,463442.0,2685.0,1.364239,0.721074,SGP,MEX,8443
889768,197,138,1661,2001,1759.0,19877.0,-0.181554,-0.031294,SLV,MEX,8443
889769,208,138,1661,2001,1636766.0,1515.0,2.156845,0.784439,SWE,MEX,8443
889770,209,138,1661,2001,138489.0,0.0,0.372699,-0.287132,SWZ,MEX,8443
889771,214,138,1661,2001,1036.0,0.0,-0.655004,-0.872215,TCD,MEX,8443
889772,222,138,1661,2001,0.0,72418.0,0.178256,-0.709126,TTO,MEX,8443
889773,224,138,1661,2001,0.0,2250.0,0.188773,1.91451,TUR,MEX,8443
889774,231,138,1661,2001,57257445.0,2278270.0,1.873674,0.168468,USA,MEX,8443
889775,236,138,1661,2001,0.0,37063.0,0.261158,-0.7397,VEN,MEX,8443
889776,246,138,1661,2001,0.0,56505.0,0.356842,2.006155,ZAF,MEX,8443
889777,249,138,1661,2001,883685.0,2474.0,1.5731700000000002,1.353159,TWN,MEX,8443
889778,250,138,1661,2001,5473896.0,1500.0,1.096023,-0.33562600000000004,ANS,MEX,8443
889779,7,159,1661,2001,157510.0,0.0,-0.193984,-0.457124,ARE,NGA,8443
889780,15,159,1661,2001,908286.0,0.0,1.8571650000000002,0.603191,AUT,NGA,8443
889781,18,159,1661,2001,169205.0,0.0,1.4328370000000001,1.408495,BEL,NGA,8443
889782,39,159,1661,2001,10689.0,0.0,0.971827,1.105171,CAN,NGA,8443
889783,41,159,1661,2001,93305.0,0.0,2.227246,0.553956,CHE,NGA,8443
889784,43,159,1661,2001,739108.0,0.0,0.525171,3.092963,CHN,NGA,8443
889785,44,159,1661,2001,772.0,0.0,-0.715949,-0.524428,CIV,NGA,8443
889786,59,159,1661,2001,71520.0,0.0,1.485703,1.109305,CZE,NGA,8443
889787,61,159,1661,2001,3202520.0,22816.0,2.321375,-2.1110990000000003,DEU,NGA,8443
889788,68,159,1661,2001,15294.0,0.0,-0.373576,0.366385,EGY,NGA,8443
889789,71,159,1661,2001,6858.0,0.0,1.079664,1.9842220000000002,ESP,NGA,8443
889790,72,159,1661,2001,5091.0,0.0,0.5746829999999999,0.9073899999999999,EST,NGA,8443
889791,74,159,1661,2001,11066.0,0.0,2.069141,0.9375180000000001,FIN,NGA,8443
889792,77,159,1661,2001,315493.0,0.0,1.653507,0.797582,FRA,NGA,8443
889793,80,159,1661,2001,88836.0,0.0,-1.063007,-1.181284,GAB,NGA,8443
889794,81,159,1661,2001,3105995.0,17926.0,1.976894,0.685435,GBR,NGA,8443
889795,90,159,1661,2001,3968.0,0.0,0.31387600000000004,1.3614600000000001,GRC,NGA,8443
889796,97,159,1661,2001,1528384.0,0.0,0.521528,2.3025,HKG,NGA,8443
889797,104,159,1661,2001,717270.0,0.0,0.349744,2.665844,IND,NGA,8443
889798,106,159,1661,2001,11980.0,0.0,1.664233,0.129983,IRL,NGA,8443
889799,110,159,1661,2001,198564.0,0.0,1.374873,0.775594,ISR,NGA,8443
889800,111,159,1661,2001,3220311.0,0.0,1.389926,1.282143,ITA,NGA,8443
889801,114,159,1661,2001,432422.0,0.0,2.585857,0.522663,JPN,NGA,8443
889802,121,159,1661,2001,282703.0,0.0,1.145797,1.0762399999999999,KOR,NGA,8443
889803,124,159,1661,2001,4520.0,0.0,0.165355,0.988008,LBN,NGA,8443
889804,131,159,1661,2001,1119.0,0.0,1.470895,1.149007,LUX,NGA,8443
889805,153,159,1661,2001,9476.0,0.0,0.768174,0.307033,MYS,NGA,8443
889806,156,159,1661,2001,389934.0,0.0,-0.837087,-0.9207040000000001,NCL,NGA,8443
889807,162,159,1661,2001,1419116.0,6153.0,1.315685,1.590935,NLD,NGA,8443
889808,169,159,1661,2001,3523.0,0.0,0.17588199999999998,0.422505,PAN,NGA,8443
889809,192,159,1661,2001,11271.0,0.0,1.364239,0.721074,SGP,NGA,8443
889810,208,159,1661,2001,148317.0,0.0,2.156845,0.784439,SWE,NGA,8443
889811,216,159,1661,2001,26390.0,0.0,0.37555900000000003,1.498267,THA,NGA,8443
889812,224,159,1661,2001,5714.0,0.0,0.188773,1.91451,TUR,NGA,8443
889813,231,159,1661,2001,1736407.0,0.0,1.873674,0.168468,USA,NGA,8443
889814,236,159,1661,2001,7538.0,0.0,0.261158,-0.7397,VEN,NGA,8443
889815,246,159,1661,2001,172512.0,0.0,0.356842,2.006155,ZAF,NGA,8443
889816,249,159,1661,2001,129169.0,0.0,1.5731700000000002,1.353159,TWN,NGA,8443
889817,18,160,1661,2001,14410.0,0.0,1.4328370000000001,1.408495,BEL,NIC,8443
889818,39,160,1661,2001,756.0,0.0,0.971827,1.105171,CAN,NIC,8443
889819,43,160,1661,2001,3298.0,0.0,0.525171,3.092963,CHN,NIC,8443
889820,52,160,1661,2001,42506.0,1875.0,0.069458,-0.042793,CRI,NIC,8443
889821,61,160,1661,2001,23206.0,0.0,2.321375,-2.1110990000000003,DEU,NIC,8443
889822,67,160,1661,2001,3075.0,0.0,-0.852642,-0.896374,ECU,NIC,8443
889823,71,160,1661,2001,10491.0,0.0,1.079664,1.9842220000000002,ESP,NIC,8443
889824,77,160,1661,2001,1799.0,0.0,1.653507,0.797582,FRA,NIC,8443
889825,97,160,1661,2001,8178.0,0.0,0.521528,2.3025,HKG,NIC,8443
889826,99,160,1661,2001,0.0,1099.0,-0.8003060000000001,-0.602097,HND,NIC,8443
889827,102,160,1661,2001,0.0,1520.0,1.102262,1.138016,HUN,NIC,8443
889828,111,160,1661,2001,1745.0,0.0,1.389926,1.282143,ITA,NIC,8443
889829,114,160,1661,2001,1015.0,0.0,2.585857,0.522663,JPN,NIC,8443
889830,121,160,1661,2001,12548.0,0.0,1.145797,1.0762399999999999,KOR,NIC,8443
889831,138,160,1661,2001,23782.0,0.0,0.797058,0.713234,MEX,NIC,8443
889832,178,160,1661,2001,3084.0,0.0,0.62773,1.010888,PRK,NIC,8443
889833,197,160,1661,2001,0.0,56989.0,-0.181554,-0.031294,SLV,NIC,8443
889834,230,160,1661,2001,1920.0,0.0,0.36029,0.298869,URY,NIC,8443
889835,231,160,1661,2001,358643.0,0.0,1.873674,0.168468,USA,NIC,8443
889836,249,160,1661,2001,138006.0,0.0,1.5731700000000002,1.353159,TWN,NIC,8443
889837,0,162,1661,2001,0.0,14363.0,-0.084715,-0.844852,ABW,NLD,8443
889838,2,162,1661,2001,0.0,3586.0,-1.523823,-1.214093,AGO,NLD,8443
889839,4,162,1661,2001,0.0,2828.0,-0.054125,0.104298,ALB,NLD,8443
889840,5,162,1661,2001,0.0,1099.0,1.049415,0.860241,AND,NLD,8443
889841,6,162,1661,2001,5776.0,24218.0,0.260662,-0.66681,ANT,NLD,8443
889842,7,162,1661,2001,0.0,999504.0,-0.193984,-0.457124,ARE,NLD,8443
889843,8,162,1661,2001,38598.0,286692.0,0.287698,0.547137,ARG,NLD,8443
889844,14,162,1661,2001,527615.0,2068960.0,0.29463,0.772375,AUS,NLD,8443
889845,15,162,1661,2001,740807.0,2899842.0,1.8571650000000002,0.603191,AUT,NLD,8443
889846,16,162,1661,2001,0.0,1327.0,-0.6731090000000001,-1.037922,AZE,NLD,8443
889847,18,162,1661,2001,21944542.0,6079965.0,1.4328370000000001,1.408495,BEL,NLD,8443
889848,22,162,1661,2001,0.0,45781.0,-1.0406739999999999,-1.010108,BGD,NLD,8443
889849,23,162,1661,2001,0.0,299006.0,0.41425100000000004,1.639866,BGR,NLD,8443
889850,24,162,1661,2001,0.0,13026.0,-0.11008399999999999,-1.053611,BHR,NLD,8443
889851,25,162,1661,2001,0.0,1767.0,0.803267,-0.071853,BHS,NLD,8443
889852,26,162,1661,2001,15546.0,59257.0,0.238083,0.362643,BIH,NLD,8443
889853,28,162,1661,2001,1965.0,14467.0,0.804404,0.936773,BLR,NLD,8443
889854,32,162,1661,2001,76392.0,5343544.0,0.672496,1.051848,BRA,NLD,8443
889855,39,162,1661,2001,121616.0,2576947.0,0.971827,1.105171,CAN,NLD,8443
889856,41,162,1661,2001,11912214.0,8329629.0,2.227246,0.553956,CHE,NLD,8443
889857,42,162,1661,2001,1171.0,996408.0,-0.004658,-0.002548,CHL,NLD,8443
889858,43,162,1661,2001,820584.0,4127805.0,0.525171,3.092963,CHN,NLD,8443
889859,44,162,1661,2001,1061.0,224125.0,-0.715949,-0.524428,CIV,NLD,8443
889860,45,162,1661,2001,0.0,444370.0,-1.6254879999999998,-1.212513,CMR,NLD,8443
889861,47,162,1661,2001,0.0,89691.0,-1.482788,-1.172,COG,NLD,8443
889862,49,162,1661,2001,0.0,523955.0,0.30412,0.395913,COL,NLD,8443
889863,54,162,1661,2001,0.0,66434.0,-0.443391,-0.9599030000000001,CUB,NLD,8443
889864,58,162,1661,2001,0.0,85502.0,0.381251,0.257802,CYP,NLD,8443
889865,59,162,1661,2001,1779410.0,1042965.0,1.485703,1.109305,CZE,NLD,8443
889866,61,162,1661,2001,145751522.0,31064636.0,2.321375,-2.1110990000000003,DEU,NLD,8443
889867,64,162,1661,2001,2594222.0,3365952.0,1.261883,1.351875,DNK,NLD,8443
889868,65,162,1661,2001,0.0,3199.0,-0.538419,-0.48773900000000003,DOM,NLD,8443
889869,66,162,1661,2001,0.0,589952.0,-0.663363,-1.158295,DZA,NLD,8443
889870,67,162,1661,2001,0.0,68797.0,-0.852642,-0.896374,ECU,NLD,8443
889871,68,162,1661,2001,53216.0,1773790.0,-0.373576,0.366385,EGY,NLD,8443
889872,71,162,1661,2001,2525887.0,12618670.0,1.079664,1.9842220000000002,ESP,NLD,8443
889873,72,162,1661,2001,7317.0,148946.0,0.5746829999999999,0.9073899999999999,EST,NLD,8443
889874,73,162,1661,2001,0.0,10897.0,-0.999149,-0.904072,ETH,NLD,8443
889875,74,162,1661,2001,950442.0,1229610.0,2.069141,0.9375180000000001,FIN,NLD,8443
889876,77,162,1661,2001,5881549.0,37628677.0,1.653507,0.797582,FRA,NLD,8443
889877,78,162,1661,2001,0.0,5048.0,-1.004972,-0.9456030000000001,FRO,NLD,8443
889878,80,162,1661,2001,1078.0,0.0,-1.063007,-1.181284,GAB,NLD,8443
889879,81,162,1661,2001,30831937.0,26741196.0,1.976894,0.685435,GBR,NLD,8443
889880,83,162,1661,2001,0.0,402797.0,-0.961067,-0.780449,GHA,NLD,8443
889881,87,162,1661,2001,0.0,5374.0,-0.160182,-0.24737399999999998,GMB,NLD,8443
889882,90,162,1661,2001,3677.0,2800712.0,0.31387600000000004,1.3614600000000001,GRC,NLD,8443
889883,93,162,1661,2001,0.0,49325.0,-0.5089520000000001,0.216677,GTM,NLD,8443
889884,97,162,1661,2001,47746.0,8274921.0,0.521528,2.3025,HKG,NLD,8443
889885,99,162,1661,2001,0.0,1485.0,-0.8003060000000001,-0.602097,HND,NLD,8443
889886,100,162,1661,2001,4770.0,658792.0,0.544596,0.969535,HRV,NLD,8443
889887,102,162,1661,2001,294180.0,2539229.0,1.102262,1.138016,HUN,NLD,8443
889888,103,162,1661,2001,4403814.0,7637358.0,-0.167771,1.6587889999999998,IDN,NLD,8443
889889,104,162,1661,2001,85862.0,296571.0,0.349744,2.665844,IND,NLD,8443
889890,106,162,1661,2001,1986.0,529298.0,1.664233,0.129983,IRL,NLD,8443
889891,107,162,1661,2001,0.0,1021923.0,-0.7732479999999999,-0.8979370000000001,IRN,NLD,8443
889892,109,162,1661,2001,197675.0,48126.0,0.032382999999999995,-0.51054,ISL,NLD,8443
889893,110,162,1661,2001,32947076.0,3758713.0,1.374873,0.775594,ISR,NLD,8443
889894,111,162,1661,2001,12000173.0,24674391.0,1.389926,1.282143,ITA,NLD,8443
889895,113,162,1661,2001,0.0,79369.0,0.375134,0.581558,JOR,NLD,8443
889896,114,162,1661,2001,64813590.0,1512248.0,2.585857,0.522663,JPN,NLD,8443
889897,115,162,1661,2001,0.0,223607.0,0.009714,-0.525899,KAZ,NLD,8443
889898,116,162,1661,2001,0.0,56586.0,-0.529388,0.092271,KEN,NLD,8443
889899,118,162,1661,2001,0.0,2086.0,-1.231058,-1.154536,KHM,NLD,8443
889900,121,162,1661,2001,245270.0,1575279.0,1.145797,1.0762399999999999,KOR,NLD,8443
889901,122,162,1661,2001,5924.0,412865.0,-0.8197,-1.183758,KWT,NLD,8443
889902,124,162,1661,2001,56883.0,93968.0,0.165355,0.988008,LBN,NLD,8443
889903,126,162,1661,2001,0.0,8066.0,-0.9321459999999999,-1.198124,LBY,NLD,8443
889904,128,162,1661,2001,0.0,675564.0,-0.722434,-0.033818,LKA,NLD,8443
889905,130,162,1661,2001,0.0,1062709.0,0.15706900000000001,0.416663,LTU,NLD,8443
889906,131,162,1661,2001,0.0,1764609.0,1.470895,1.149007,LUX,NLD,8443
889907,132,162,1661,2001,0.0,306752.0,0.404136,0.461009,LVA,NLD,8443
889908,133,162,1661,2001,0.0,473.0,-0.608406,-0.521662,MAC,NLD,8443
889909,134,162,1661,2001,1439.0,839790.0,-0.75275,-0.280397,MAR,NLD,8443
889910,135,162,1661,2001,0.0,49060.0,-0.024822,-0.15323399999999998,MDA,NLD,8443
889911,136,162,1661,2001,0.0,18565.0,-1.247531,-0.637093,MDG,NLD,8443
889912,138,162,1661,2001,9130.0,1708016.0,0.797058,0.713234,MEX,NLD,8443
889913,140,162,1661,2001,0.0,85257.0,0.033097,0.43516499999999997,MKD,NLD,8443
889914,142,162,1661,2001,0.0,134448.0,1.065032,-0.065239,MLT,NLD,8443
889915,143,162,1661,2001,0.0,5848.0,-1.5627,-1.150854,MMR,NLD,8443
889916,147,162,1661,2001,0.0,3797.0,-1.2364879999999998,-1.136715,MOZ,NLD,8443
889917,151,162,1661,2001,0.0,38148.0,-0.410422,-0.5868369999999999,MUS,NLD,8443
889918,153,162,1661,2001,32787893.0,1000627.0,0.768174,0.307033,MYS,NLD,8443
889919,155,162,1661,2001,0.0,52270.0,-0.625912,-0.854247,NAM,NLD,8443
889920,156,162,1661,2001,0.0,5596.0,-0.837087,-0.9207040000000001,NCL,NLD,8443
889921,157,162,1661,2001,0.0,6668.0,-0.22368600000000002,-0.464156,NER,NLD,8443
889922,159,162,1661,2001,6153.0,1419116.0,-1.966439,-1.2724520000000001,NGA,NLD,8443
889923,163,162,1661,2001,495884.0,1259910.0,0.974814,0.06512000000000001,NOR,NLD,8443
889924,166,162,1661,2001,2242.0,439589.0,0.521409,0.683134,NZL,NLD,8443
889925,167,162,1661,2001,0.0,23582.0,-0.909329,-1.189698,OMN,NLD,8443
889926,168,162,1661,2001,0.0,979494.0,-0.8376520000000001,-0.378743,PAK,NLD,8443
889927,169,162,1661,2001,0.0,348985.0,0.17588199999999998,0.422505,PAN,NLD,8443
889928,173,162,1661,2001,0.0,91586.0,-0.345519,0.202623,PER,NLD,8443
889929,174,162,1661,2001,25670.0,437938.0,-0.028201,-0.112349,PHL,NLD,8443
889930,177,162,1661,2001,400717.0,6823344.0,0.9474540000000001,1.8408220000000002,POL,NLD,8443
889931,178,162,1661,2001,0.0,350045.0,0.62773,1.010888,PRK,NLD,8443
889932,179,162,1661,2001,1371.0,3994842.0,0.482048,1.662123,PRT,NLD,8443
889933,180,162,1661,2001,0.0,2039.0,-0.68893,-0.9326690000000001,PRY,NLD,8443
889934,181,162,1661,2001,0.0,193894.0,0.60735,-0.027356000000000002,PSE,NLD,8443
889935,183,162,1661,2001,0.0,27989.0,-0.46564799999999995,-1.127634,QAT,NLD,8443
889936,185,162,1661,2001,167943.0,882387.0,0.326733,1.005332,ROU,NLD,8443
889937,186,162,1661,2001,0.0,4123212.0,0.945816,0.35027600000000003,RUS,NLD,8443
889938,187,162,1661,2001,0.0,6889.0,-1.260879,-0.861347,RWA,NLD,8443
889939,188,162,1661,2001,51212.0,1884273.0,0.5370550000000001,-0.793469,SAU,NLD,8443
889940,189,162,1661,2001,0.0,101119.0,0.45280200000000004,2.469852,SCG,NLD,8443
889941,190,162,1661,2001,0.0,118561.0,-1.6325180000000001,-1.263267,SDN,NLD,8443
889942,191,162,1661,2001,0.0,213144.0,-0.437779,-0.436654,SEN,NLD,8443
889943,192,162,1661,2001,283435.0,933805.0,1.364239,0.721074,SGP,NLD,8443
889944,196,162,1661,2001,0.0,38600.0,0.331949,0.186253,SLE,NLD,8443
889945,197,162,1661,2001,0.0,9651.0,-0.181554,-0.031294,SLV,NLD,8443
889946,205,162,1661,2001,0.0,22320.0,-0.650556,-0.801128,SUR,NLD,8443
889947,206,162,1661,2001,6626.0,2133908.0,1.1732770000000001,1.088576,SVK,NLD,8443
889948,207,162,1661,2001,12079.0,539772.0,1.5074370000000001,1.1370040000000001,SVN,NLD,8443
889949,208,162,1661,2001,2313538.0,4967282.0,2.156845,0.784439,SWE,NLD,8443
889950,211,162,1661,2001,0.0,5308.0,0.065059,-0.7806489999999999,SYC,NLD,8443
889951,212,162,1661,2001,0.0,271353.0,-1.057217,-0.716331,SYR,NLD,8443
889952,216,162,1661,2001,238278.0,1902026.0,0.37555900000000003,1.498267,THA,NLD,8443
889953,222,162,1661,2001,0.0,2069.0,0.178256,-0.709126,TTO,NLD,8443
889954,223,162,1661,2001,8066.0,136335.0,-0.162152,0.23939699999999997,TUN,NLD,8443
889955,224,162,1661,2001,47488.0,2641276.0,0.188773,1.91451,TUR,NLD,8443
889956,226,162,1661,2001,0.0,5792.0,-1.193991,-0.49282200000000004,TZA,NLD,8443
889957,227,162,1661,2001,0.0,9193.0,-0.9694860000000001,-0.840592,UGA,NLD,8443
889958,228,162,1661,2001,0.0,1322964.0,0.8376969999999999,0.989059,UKR,NLD,8443
889959,230,162,1661,2001,0.0,49026.0,0.36029,0.298869,URY,NLD,8443
889960,231,162,1661,2001,42286452.0,38161401.0,1.873674,0.168468,USA,NLD,8443
889961,232,162,1661,2001,0.0,7187.0,-0.395913,-0.6454449999999999,UZB,NLD,8443
889962,236,162,1661,2001,73752.0,21556.0,0.261158,-0.7397,VEN,NLD,8443
889963,239,162,1661,2001,0.0,27884.0,-0.6692130000000001,0.610992,VNM,NLD,8443
889964,243,162,1661,2001,0.0,14342.0,-1.465154,-1.261615,YEM,NLD,8443
889965,246,162,1661,2001,72119.0,1997801.0,0.356842,2.006155,ZAF,NLD,8443
889966,247,162,1661,2001,0.0,152776.0,-0.731193,-0.706978,ZMB,NLD,8443
889967,248,162,1661,2001,0.0,27535.0,-0.6321829999999999,-0.453671,ZWE,NLD,8443
889968,249,162,1661,2001,2159417.0,1153276.0,1.5731700000000002,1.353159,TWN,NLD,8443
889969,250,162,1661,2001,3871.0,44124.0,1.096023,-0.33562600000000004,ANS,NLD,8443
889970,7,163,1661,2001,0.0,44344.0,-0.193984,-0.457124,ARE,NOR,8443
889971,14,163,1661,2001,0.0,1391.0,0.29463,0.772375,AUS,NOR,8443
889972,15,163,1661,2001,199925.0,0.0,1.8571650000000002,0.603191,AUT,NOR,8443
889973,18,163,1661,2001,698033.0,548239.0,1.4328370000000001,1.408495,BEL,NOR,8443
889974,23,163,1661,2001,0.0,165691.0,0.41425100000000004,1.639866,BGR,NOR,8443
889975,39,163,1661,2001,20304.0,79299.0,0.971827,1.105171,CAN,NOR,8443
889976,41,163,1661,2001,2525403.0,189336.0,2.227246,0.553956,CHE,NOR,8443
889977,42,163,1661,2001,0.0,15562.0,-0.004658,-0.002548,CHL,NOR,8443
889978,43,163,1661,2001,437548.0,198372.0,0.525171,3.092963,CHN,NOR,8443
889979,52,163,1661,2001,0.0,947.0,0.069458,-0.042793,CRI,NOR,8443
889980,58,163,1661,2001,0.0,10562.0,0.381251,0.257802,CYP,NOR,8443
889981,59,163,1661,2001,260229.0,131966.0,1.485703,1.109305,CZE,NOR,8443
889982,61,163,1661,2001,12574257.0,1147428.0,2.321375,-2.1110990000000003,DEU,NOR,8443
889983,64,163,1661,2001,1921801.0,1100166.0,1.261883,1.351875,DNK,NOR,8443
889984,68,163,1661,2001,745.0,20969.0,-0.373576,0.366385,EGY,NOR,8443
889985,71,163,1661,2001,866081.0,151423.0,1.079664,1.9842220000000002,ESP,NOR,8443
889986,72,163,1661,2001,0.0,57113.0,0.5746829999999999,0.9073899999999999,EST,NOR,8443
889987,74,163,1661,2001,37015.0,78943.0,2.069141,0.9375180000000001,FIN,NOR,8443
889988,77,163,1661,2001,741720.0,726498.0,1.653507,0.797582,FRA,NOR,8443
889989,78,163,1661,2001,0.0,50965.0,-1.004972,-0.9456030000000001,FRO,NOR,8443
889990,81,163,1661,2001,2465921.0,444088.0,1.976894,0.685435,GBR,NOR,8443
889991,83,163,1661,2001,0.0,737.0,-0.961067,-0.780449,GHA,NOR,8443
889992,90,163,1661,2001,0.0,47868.0,0.31387600000000004,1.3614600000000001,GRC,NOR,8443
889993,97,163,1661,2001,44102.0,446951.0,0.521528,2.3025,HKG,NOR,8443
889994,103,163,1661,2001,0.0,29299.0,-0.167771,1.6587889999999998,IDN,NOR,8443
889995,104,163,1661,2001,718.0,19542.0,0.349744,2.665844,IND,NOR,8443
889996,106,163,1661,2001,18109.0,25353.0,1.664233,0.129983,IRL,NOR,8443
889997,107,163,1661,2001,0.0,27315.0,-0.7732479999999999,-0.8979370000000001,IRN,NOR,8443
889998,109,163,1661,2001,122464.0,376678.0,0.032382999999999995,-0.51054,ISL,NOR,8443
