1979999,207,26,1478,2011,41460.0,2294195.0,1.642913,0.700222,SVN,BIH,7217
1980000,224,26,1478,2011,1317841.0,0.0,0.45775,2.4316259999999996,TUR,BIH,7217
1980001,15,28,1478,2011,21064.0,9614724.0,1.687634,-0.229095,AUT,BLR,7217
1980002,16,28,1478,2011,0.0,13128.0,-1.313136,-1.189989,AZE,BLR,7217
1980003,18,28,1478,2011,223919.0,50664.0,1.221703,1.247961,BEL,BLR,7217
1980004,32,28,1478,2011,0.0,238457.0,0.27718400000000004,0.5674319999999999,BRA,BLR,7217
1980005,41,28,1478,2011,0.0,171614.0,2.2644029999999997,0.406131,CHE,BLR,7217
1980006,43,28,1478,2011,237159.0,0.0,1.072299,1.686826,CHN,BLR,7217
1980007,59,28,1478,2011,19795.0,10067096.0,1.737788,0.14741600000000002,CZE,BLR,7217
1980008,61,28,1478,2011,230947.0,14238690.0,2.074435,-3.440815,DEU,BLR,7217
1980009,64,28,1478,2011,0.0,228454.0,1.156026,1.2248299999999999,DNK,BLR,7217
1980010,67,28,1478,2011,0.0,892836.0,-0.8250639999999999,-0.839082,ECU,BLR,7217
1980011,68,28,1478,2011,0.0,11831.0,-0.166243,1.384719,EGY,BLR,7217
1980012,71,28,1478,2011,1173.0,0.0,0.8677290000000001,2.4618450000000003,ESP,BLR,7217
1980013,72,28,1478,2011,0.0,1191656.0,0.9806790000000001,1.110449,EST,BLR,7217
1980014,74,28,1478,2011,0.0,4637391.0,1.7488830000000002,0.890934,FIN,BLR,7217
1980015,77,28,1478,2011,4371.0,9644.0,1.532054,0.09339299999999999,FRA,BLR,7217
1980016,81,28,1478,2011,626098.0,0.0,1.8048220000000001,0.380141,GBR,BLR,7217
1980017,102,28,1478,2011,0.0,2697466.0,1.486592,0.805642,HUN,BLR,7217
1980018,109,28,1478,2011,0.0,1277139.0,0.284202,-0.23753000000000002,ISL,BLR,7217
1980019,111,28,1478,2011,35947.0,10126834.0,1.298751,0.48013599999999995,ITA,BLR,7217
1980020,114,28,1478,2011,12728.0,0.0,2.516395,-0.534301,JPN,BLR,7217
1980021,115,28,1478,2011,0.0,27619.0,-0.514687,-0.775671,KAZ,BLR,7217
1980022,130,28,1478,2011,173353.0,31378607.0,0.747963,0.9759530000000001,LTU,BLR,7217
1980023,131,28,1478,2011,36519.0,1268830.0,1.1655739999999999,1.222379,LUX,BLR,7217
1980024,132,28,1478,2011,12491.0,3597841.0,0.7320939999999999,1.101321,LVA,BLR,7217
1980025,153,28,1478,2011,452.0,0.0,0.9893290000000001,0.632079,MYS,BLR,7217
1980026,162,28,1478,2011,51642.0,1495587.0,1.1655229999999999,1.410167,NLD,BLR,7217
1980027,177,28,1478,2011,592487.0,16019892.0,1.133641,1.134203,POL,BLR,7217
1980028,185,28,1478,2011,4091.0,6654952.0,0.722,1.296655,ROU,BLR,7217
1980029,186,28,1478,2011,9490384.0,20426044.0,0.47319399999999995,-0.20801599999999998,RUS,BLR,7217
1980030,206,28,1478,2011,678423.0,274540.0,1.262897,0.8230569999999999,SVK,BLR,7217
1980031,207,28,1478,2011,134352.0,0.0,1.642913,0.700222,SVN,BLR,7217
1980032,208,28,1478,2011,4403.0,0.0,1.857146,0.366159,SWE,BLR,7217
1980033,219,28,1478,2011,0.0,10802.0,-1.549495,-1.202504,TKM,BLR,7217
1980034,224,28,1478,2011,10573.0,10083934.0,0.45775,2.4316259999999996,TUR,BLR,7217
1980035,228,28,1478,2011,14319859.0,1862565.0,0.6221409999999999,0.765505,UKR,BLR,7217
1980036,231,28,1478,2011,1602.0,17628300.0,1.6884849999999998,-0.474499,USA,BLR,7217
1980037,2,58,1478,2011,0.0,7166.0,-1.252991,-1.132314,AGO,CYP,7217
1980038,7,58,1478,2011,59553.0,0.0,0.030652,-0.450808,ARE,CYP,7217
1980039,18,58,1478,2011,39103.0,0.0,1.221703,1.247961,BEL,CYP,7217
1980040,43,58,1478,2011,583350.0,0.0,1.072299,1.686826,CHN,CYP,7217
1980041,59,58,1478,2011,78652.0,35407.0,1.737788,0.14741600000000002,CZE,CYP,7217
1980042,61,58,1478,2011,203911.0,339036.0,2.074435,-3.440815,DEU,CYP,7217
1980043,71,58,1478,2011,168041.0,0.0,0.8677290000000001,2.4618450000000003,ESP,CYP,7217
1980044,77,58,1478,2011,37611.0,0.0,1.532054,0.09339299999999999,FRA,CYP,7217
1980045,81,58,1478,2011,158577.0,0.0,1.8048220000000001,0.380141,GBR,CYP,7217
1980046,90,58,1478,2011,367377.0,0.0,0.138679,1.30044,GRC,CYP,7217
1980047,110,58,1478,2011,420382.0,0.0,1.324384,0.714611,ISR,CYP,7217
1980048,111,58,1478,2011,118890.0,0.0,1.298751,0.48013599999999995,ITA,CYP,7217
1980049,113,58,1478,2011,0.0,612.0,0.231605,0.47049399999999997,JOR,CYP,7217
1980050,132,58,1478,2011,210711.0,0.0,0.7320939999999999,1.101321,LVA,CYP,7217
1980051,153,58,1478,2011,39694.0,0.0,0.9893290000000001,0.632079,MYS,CYP,7217
1980052,162,58,1478,2011,23836.0,0.0,1.1655229999999999,1.410167,NLD,CYP,7217
1980053,177,58,1478,2011,205923.0,0.0,1.133641,1.134203,POL,CYP,7217
1980054,223,58,1478,2011,121719.0,0.0,0.151221,1.1252360000000001,TUN,CYP,7217
1980055,224,58,1478,2011,306803.0,0.0,0.45775,2.4316259999999996,TUR,CYP,7217
1980056,246,58,1478,2011,30002.0,0.0,0.241792,1.353011,ZAF,CYP,7217
1980057,4,68,1478,2011,0.0,89060.0,-0.331435,-0.034828,ALB,EGY,7217
1980058,7,68,1478,2011,10229.0,0.0,0.030652,-0.450808,ARE,EGY,7217
1980059,14,68,1478,2011,10781.0,0.0,-0.138148,0.002999,AUS,EGY,7217
1980060,18,68,1478,2011,2409783.0,1449899.0,1.221703,1.247961,BEL,EGY,7217
1980061,28,68,1478,2011,11831.0,0.0,0.8786729999999999,0.442097,BLR,EGY,7217
1980062,32,68,1478,2011,3523.0,566407.0,0.27718400000000004,0.5674319999999999,BRA,EGY,7217
1980063,39,68,1478,2011,197885.0,0.0,0.754813,1.1967290000000002,CAN,EGY,7217
1980064,43,68,1478,2011,4986096.0,13993.0,1.072299,1.686826,CHN,EGY,7217
1980065,59,68,1478,2011,54025.0,18297.0,1.737788,0.14741600000000002,CZE,EGY,7217
1980066,61,68,1478,2011,449003.0,0.0,2.074435,-3.440815,DEU,EGY,7217
1980067,66,68,1478,2011,0.0,14116.0,-1.36763,-1.140594,DZA,EGY,7217
1980068,69,68,1478,2011,0.0,65924.0,0.073024,-0.8032229999999999,ERI,EGY,7217
1980069,71,68,1478,2011,17521.0,79608.0,0.8677290000000001,2.4618450000000003,ESP,EGY,7217
1980070,72,68,1478,2011,0.0,44339.0,0.9806790000000001,1.110449,EST,EGY,7217
1980071,73,68,1478,2011,0.0,28244.0,-1.258175,-0.920692,ETH,EGY,7217
1980072,77,68,1478,2011,429216.0,0.0,1.532054,0.09339299999999999,FRA,EGY,7217
1980073,81,68,1478,2011,936372.0,109848.0,1.8048220000000001,0.380141,GBR,EGY,7217
1980074,83,68,1478,2011,0.0,707891.0,-0.8627319999999999,-0.608823,GHA,EGY,7217
1980075,89,68,1478,2011,0.0,203249.0,-1.634315,-0.7567729999999999,GNQ,EGY,7217
1980076,90,68,1478,2011,3614.0,0.0,0.138679,1.30044,GRC,EGY,7217
1980077,102,68,1478,2011,1233.0,78214.0,1.486592,0.805642,HUN,EGY,7217
1980078,104,68,1478,2011,227630.0,21031.0,0.18276199999999998,2.398765,IND,EGY,7217
1980079,110,68,1478,2011,0.0,518247.0,1.324384,0.714611,ISR,EGY,7217
1980080,111,68,1478,2011,2004952.0,520072.0,1.298751,0.48013599999999995,ITA,EGY,7217
1980081,113,68,1478,2011,0.0,2062598.0,0.231605,0.47049399999999997,JOR,EGY,7217
1980082,116,68,1478,2011,0.0,3783169.0,-0.48319300000000004,0.346927,KEN,EGY,7217
1980083,121,68,1478,2011,8118.0,0.0,1.731371,0.8306879999999999,KOR,EGY,7217
1980084,122,68,1478,2011,0.0,14136.0,-0.898582,-1.09893,KWT,EGY,7217
1980085,124,68,1478,2011,0.0,331275.0,0.278393,1.2962879999999999,LBN,EGY,7217
1980086,126,68,1478,2011,0.0,196855.0,-1.680464,-1.148511,LBY,EGY,7217
1980087,134,68,1478,2011,158862.0,6304586.0,-0.485404,0.099828,MAR,EGY,7217
1980088,136,68,1478,2011,0.0,18726.0,-1.040519,-0.404883,MDG,EGY,7217
1980089,147,68,1478,2011,0.0,18605.0,-1.2069299999999998,-0.977785,MOZ,EGY,7217
1980090,162,68,1478,2011,484308.0,15910.0,1.1655229999999999,1.410167,NLD,EGY,7217
1980091,167,68,1478,2011,0.0,79290.0,-0.473703,-0.952491,OMN,EGY,7217
1980092,168,68,1478,2011,0.0,857.0,-0.729677,0.6026729999999999,PAK,EGY,7217
1980093,179,68,1478,2011,10049.0,143925.0,0.558481,2.7056240000000003,PRT,EGY,7217
1980094,181,68,1478,2011,0.0,670924.0,0.07902999999999999,0.550277,PSE,EGY,7217
1980095,188,68,1478,2011,278431.0,3685927.0,0.354045,-0.800028,SAU,EGY,7217
1980096,190,68,1478,2011,0.0,3678914.0,-2.1675869999999997,-1.249272,SDN,EGY,7217
1980097,191,68,1478,2011,0.0,1690.0,-0.624346,-0.308052,SEN,EGY,7217
1980098,206,68,1478,2011,33367.0,0.0,1.262897,0.8230569999999999,SVK,EGY,7217
1980099,208,68,1478,2011,4035.0,0.0,1.857146,0.366159,SWE,EGY,7217
1980100,212,68,1478,2011,134627.0,93842.0,-0.604133,0.5268970000000001,SYR,EGY,7217
1980101,216,68,1478,2011,3439.0,0.0,0.889009,1.503118,THA,EGY,7217
1980102,223,68,1478,2011,3756549.0,84619.0,0.151221,1.1252360000000001,TUN,EGY,7217
1980103,224,68,1478,2011,2793830.0,67740.0,0.45775,2.4316259999999996,TUR,EGY,7217
1980104,226,68,1478,2011,0.0,278132.0,-0.751316,0.286505,TZA,EGY,7217
1980105,231,68,1478,2011,266776.0,83200.0,1.6884849999999998,-0.474499,USA,EGY,7217
1980106,239,68,1478,2011,30278.0,0.0,-0.184453,1.637207,VNM,EGY,7217
1980107,243,68,1478,2011,3458085.0,309218.0,-1.44127,-1.242875,YEM,EGY,7217
1980108,249,68,1478,2011,82010.0,0.0,1.803234,0.921233,TWN,EGY,7217
1980109,18,72,1478,2011,43350.0,16336.0,1.221703,1.247961,BEL,EST,7217
1980110,28,72,1478,2011,1191656.0,0.0,0.8786729999999999,0.442097,BLR,EST,7217
1980111,43,72,1478,2011,287901.0,0.0,1.072299,1.686826,CHN,EST,7217
1980112,59,72,1478,2011,128239.0,0.0,1.737788,0.14741600000000002,CZE,EST,7217
1980113,61,72,1478,2011,464520.0,3040965.0,2.074435,-3.440815,DEU,EST,7217
1980114,64,72,1478,2011,4286.0,5526.0,1.156026,1.2248299999999999,DNK,EST,7217
1980115,68,72,1478,2011,44339.0,0.0,-0.166243,1.384719,EGY,EST,7217
1980116,71,72,1478,2011,224751.0,0.0,0.8677290000000001,2.4618450000000003,ESP,EST,7217
1980117,74,72,1478,2011,35736.0,8537.0,1.7488830000000002,0.890934,FIN,EST,7217
1980118,77,72,1478,2011,68933.0,0.0,1.532054,0.09339299999999999,FRA,EST,7217
1980119,81,72,1478,2011,144188.0,0.0,1.8048220000000001,0.380141,GBR,EST,7217
1980120,90,72,1478,2011,39176.0,0.0,0.138679,1.30044,GRC,EST,7217
1980121,111,72,1478,2011,186654.0,0.0,1.298751,0.48013599999999995,ITA,EST,7217
1980122,121,72,1478,2011,430761.0,0.0,1.731371,0.8306879999999999,KOR,EST,7217
1980123,130,72,1478,2011,718196.0,70626.0,0.747963,0.9759530000000001,LTU,EST,7217
1980124,131,72,1478,2011,3817.0,0.0,1.1655739999999999,1.222379,LUX,EST,7217
1980125,132,72,1478,2011,1511032.0,185983.0,0.7320939999999999,1.101321,LVA,EST,7217
1980126,162,72,1478,2011,17052.0,1836.0,1.1655229999999999,1.410167,NLD,EST,7217
1980127,177,72,1478,2011,222506.0,19342.0,1.133641,1.134203,POL,EST,7217
1980128,179,72,1478,2011,113600.0,0.0,0.558481,2.7056240000000003,PRT,EST,7217
1980129,186,72,1478,2011,426257.0,96210.0,0.47319399999999995,-0.20801599999999998,RUS,EST,7217
1980130,206,72,1478,2011,44312.0,0.0,1.262897,0.8230569999999999,SVK,EST,7217
1980131,208,72,1478,2011,896357.0,42269.0,1.857146,0.366159,SWE,EST,7217
1980132,224,72,1478,2011,813073.0,0.0,0.45775,2.4316259999999996,TUR,EST,7217
1980133,228,72,1478,2011,21699.0,0.0,0.6221409999999999,0.765505,UKR,EST,7217
1980134,250,72,1478,2011,97199.0,0.0,0.475638,-0.160135,ANS,EST,7217
1980135,7,82,1478,2011,6614.0,0.0,0.030652,-0.450808,ARE,GEO,7217
1980136,9,82,1478,2011,0.0,784686.0,0.543397,-0.029376999999999997,ARM,GEO,7217
1980137,15,82,1478,2011,7024.0,0.0,1.687634,-0.229095,AUT,GEO,7217
1980138,16,82,1478,2011,58085.0,238626.0,-1.313136,-1.189989,AZE,GEO,7217
1980139,43,82,1478,2011,310305.0,0.0,1.072299,1.686826,CHN,GEO,7217
1980140,61,82,1478,2011,12645.0,0.0,2.074435,-3.440815,DEU,GEO,7217
1980141,90,82,1478,2011,1198.0,0.0,0.138679,1.30044,GRC,GEO,7217
1980142,110,82,1478,2011,970.0,0.0,1.324384,0.714611,ISR,GEO,7217
1980143,162,82,1478,2011,38400.0,0.0,1.1655229999999999,1.410167,NLD,GEO,7217
1980144,185,82,1478,2011,10722.0,0.0,0.722,1.296655,ROU,GEO,7217
1980145,186,82,1478,2011,349237.0,0.0,0.47319399999999995,-0.20801599999999998,RUS,GEO,7217
1980146,224,82,1478,2011,1420904.0,0.0,0.45775,2.4316259999999996,TUR,GEO,7217
1980147,228,82,1478,2011,2371696.0,0.0,0.6221409999999999,0.765505,UKR,GEO,7217
1980148,231,82,1478,2011,2582.0,0.0,1.6884849999999998,-0.474499,USA,GEO,7217
1980149,7,83,1478,2011,21956.0,0.0,0.030652,-0.450808,ARE,GHA,7217
1980150,14,83,1478,2011,5348.0,0.0,-0.138148,0.002999,AUS,GHA,7217
1980151,18,83,1478,2011,126234.0,0.0,1.221703,1.247961,BEL,GHA,7217
1980152,19,83,1478,2011,0.0,10067.0,-1.189478,-0.8684709999999999,BEN,GHA,7217
1980153,21,83,1478,2011,0.0,16991.0,-1.163278,-1.002332,BFA,GHA,7217
1980154,32,83,1478,2011,1667764.0,0.0,0.27718400000000004,0.5674319999999999,BRA,GHA,7217
1980155,39,83,1478,2011,22796.0,0.0,0.754813,1.1967290000000002,CAN,GHA,7217
1980156,43,83,1478,2011,9168517.0,0.0,1.072299,1.686826,CHN,GHA,7217
1980157,44,83,1478,2011,157231.0,0.0,-1.069474,-0.867439,CIV,GHA,7217
1980158,45,83,1478,2011,1083.0,0.0,-0.7956340000000001,-0.8532790000000001,CMR,GHA,7217
1980159,61,83,1478,2011,37855.0,0.0,2.074435,-3.440815,DEU,GHA,7217
1980160,68,83,1478,2011,707891.0,0.0,-0.166243,1.384719,EGY,GHA,7217
1980161,71,83,1478,2011,294949.0,0.0,0.8677290000000001,2.4618450000000003,ESP,GHA,7217
1980162,77,83,1478,2011,132212.0,0.0,1.532054,0.09339299999999999,FRA,GHA,7217
1980163,81,83,1478,2011,92817.0,3075.0,1.8048220000000001,0.380141,GBR,GHA,7217
1980164,87,83,1478,2011,0.0,4162.0,-0.621556,-0.64336,GMB,GHA,7217
1980165,97,83,1478,2011,24566.0,0.0,0.663588,1.902118,HKG,GHA,7217
1980166,104,83,1478,2011,60460.0,56852.0,0.18276199999999998,2.398765,IND,GHA,7217
1980167,110,83,1478,2011,34733.0,0.0,1.324384,0.714611,ISR,GHA,7217
1980168,111,83,1478,2011,205505.0,0.0,1.298751,0.48013599999999995,ITA,GHA,7217
1980169,121,83,1478,2011,20848.0,0.0,1.731371,0.8306879999999999,KOR,GHA,7217
1980170,124,83,1478,2011,33265.0,0.0,0.278393,1.2962879999999999,LBN,GHA,7217
1980171,128,83,1478,2011,2552.0,0.0,-0.559311,0.398905,LKA,GHA,7217
1980172,153,83,1478,2011,7112.0,0.0,0.9893290000000001,0.632079,MYS,GHA,7217
1980173,186,83,1478,2011,20672.0,0.0,0.47319399999999995,-0.20801599999999998,RUS,GHA,7217
1980174,192,83,1478,2011,1261.0,0.0,1.849116,0.52127,SGP,GHA,7217
1980175,215,83,1478,2011,52053.0,0.0,-0.9156030000000001,-0.884099,TGO,GHA,7217
1980176,224,83,1478,2011,206355.0,0.0,0.45775,2.4316259999999996,TUR,GHA,7217
1980177,228,83,1478,2011,5262178.0,0.0,0.6221409999999999,0.765505,UKR,GHA,7217
1980178,231,83,1478,2011,6137293.0,0.0,1.6884849999999998,-0.474499,USA,GHA,7217
1980179,246,83,1478,2011,2677495.0,0.0,0.241792,1.353011,ZAF,GHA,7217
1980180,4,100,1478,2011,0.0,2583.0,-0.331435,-0.034828,ALB,HRV,7217
1980181,15,100,1478,2011,1070229.0,12074.0,1.687634,-0.229095,AUT,HRV,7217
1980182,18,100,1478,2011,21422.0,0.0,1.221703,1.247961,BEL,HRV,7217
1980183,23,100,1478,2011,63381.0,6335.0,0.537967,1.520973,BGR,HRV,7217
1980184,26,100,1478,2011,2520679.0,494590.0,0.391425,0.6066600000000001,BIH,HRV,7217
1980185,41,100,1478,2011,35450.0,0.0,2.2644029999999997,0.406131,CHE,HRV,7217
1980186,43,100,1478,2011,364559.0,0.0,1.072299,1.686826,CHN,HRV,7217
1980187,59,100,1478,2011,147759.0,0.0,1.737788,0.14741600000000002,CZE,HRV,7217
1980188,61,100,1478,2011,1468554.0,12888.0,2.074435,-3.440815,DEU,HRV,7217
1980189,71,100,1478,2011,345177.0,0.0,0.8677290000000001,2.4618450000000003,ESP,HRV,7217
1980190,77,100,1478,2011,647467.0,299198.0,1.532054,0.09339299999999999,FRA,HRV,7217
1980191,81,100,1478,2011,0.0,16365.0,1.8048220000000001,0.380141,GBR,HRV,7217
1980192,90,100,1478,2011,159812.0,0.0,0.138679,1.30044,GRC,HRV,7217
1980193,102,100,1478,2011,306368.0,29510.0,1.486592,0.805642,HUN,HRV,7217
1980194,109,100,1478,2011,0.0,668.0,0.284202,-0.23753000000000002,ISL,HRV,7217
1980195,111,100,1478,2011,4756042.0,3246.0,1.298751,0.48013599999999995,ITA,HRV,7217
1980196,121,100,1478,2011,23706.0,0.0,1.731371,0.8306879999999999,KOR,HRV,7217
1980197,131,100,1478,2011,49494.0,0.0,1.1655739999999999,1.222379,LUX,HRV,7217
1980198,140,100,1478,2011,164219.0,1005.0,-0.12310499999999999,0.16392,MKD,HRV,7217
1980199,162,100,1478,2011,1759.0,0.0,1.1655229999999999,1.410167,NLD,HRV,7217
1980200,177,100,1478,2011,63818.0,0.0,1.133641,1.134203,POL,HRV,7217
1980201,185,100,1478,2011,1038495.0,23762.0,0.722,1.296655,ROU,HRV,7217
1980202,186,100,1478,2011,424524.0,0.0,0.47319399999999995,-0.20801599999999998,RUS,HRV,7217
1980203,192,100,1478,2011,693.0,0.0,1.849116,0.52127,SGP,HRV,7217
1980204,201,100,1478,2011,246521.0,246147.0,0.49055699999999997,1.5601399999999999,SRB,HRV,7217
1980205,206,100,1478,2011,1593083.0,0.0,1.262897,0.8230569999999999,SVK,HRV,7217
1980206,207,100,1478,2011,599216.0,245396.0,1.642913,0.700222,SVN,HRV,7217
1980207,208,100,1478,2011,33228.0,0.0,1.857146,0.366159,SWE,HRV,7217
1980208,224,100,1478,2011,30215.0,5038.0,0.45775,2.4316259999999996,TUR,HRV,7217
1980209,250,100,1478,2011,0.0,2701.0,0.475638,-0.160135,ANS,HRV,7217
1980210,15,102,1478,2011,2612788.0,808212.0,1.687634,-0.229095,AUT,HUN,7217
1980211,18,102,1478,2011,53127.0,31948.0,1.221703,1.247961,BEL,HUN,7217
1980212,23,102,1478,2011,15957.0,6606.0,0.537967,1.520973,BGR,HUN,7217
1980213,26,102,1478,2011,0.0,1489.0,0.391425,0.6066600000000001,BIH,HUN,7217
1980214,28,102,1478,2011,2697466.0,0.0,0.8786729999999999,0.442097,BLR,HUN,7217
1980215,41,102,1478,2011,27010.0,44815.0,2.2644029999999997,0.406131,CHE,HUN,7217
1980216,43,102,1478,2011,227054.0,0.0,1.072299,1.686826,CHN,HUN,7217
1980217,59,102,1478,2011,4117723.0,17668.0,1.737788,0.14741600000000002,CZE,HUN,7217
1980218,61,102,1478,2011,9598961.0,694211.0,2.074435,-3.440815,DEU,HUN,7217
1980219,64,102,1478,2011,944885.0,3734.0,1.156026,1.2248299999999999,DNK,HUN,7217
1980220,68,102,1478,2011,78214.0,1233.0,-0.166243,1.384719,EGY,HUN,7217
1980221,71,102,1478,2011,1334118.0,12605.0,0.8677290000000001,2.4618450000000003,ESP,HUN,7217
1980222,77,102,1478,2011,1263219.0,0.0,1.532054,0.09339299999999999,FRA,HUN,7217
1980223,81,102,1478,2011,10435.0,206359.0,1.8048220000000001,0.380141,GBR,HUN,7217
1980224,97,102,1478,2011,4916.0,0.0,0.663588,1.902118,HKG,HUN,7217
1980225,100,102,1478,2011,29510.0,306368.0,0.868294,0.9424299999999999,HRV,HUN,7217
1980226,104,102,1478,2011,167602.0,3750.0,0.18276199999999998,2.398765,IND,HUN,7217
1980227,111,102,1478,2011,7409013.0,92410.0,1.298751,0.48013599999999995,ITA,HUN,7217
1980228,114,102,1478,2011,21287.0,0.0,2.516395,-0.534301,JPN,HUN,7217
1980229,115,102,1478,2011,0.0,68746.0,-0.514687,-0.775671,KAZ,HUN,7217
1980230,121,102,1478,2011,3349593.0,916.0,1.731371,0.8306879999999999,KOR,HUN,7217
1980231,130,102,1478,2011,0.0,8286.0,0.747963,0.9759530000000001,LTU,HUN,7217
1980232,131,102,1478,2011,675368.0,102362.0,1.1655739999999999,1.222379,LUX,HUN,7217
1980233,153,102,1478,2011,0.0,20509.0,0.9893290000000001,0.632079,MYS,HUN,7217
1980234,162,102,1478,2011,729058.0,3938705.0,1.1655229999999999,1.410167,NLD,HUN,7217
1980235,173,102,1478,2011,0.0,2232.0,-0.455977,0.442543,PER,HUN,7217
1980236,177,102,1478,2011,864535.0,2204303.0,1.133641,1.134203,POL,HUN,7217
1980237,179,102,1478,2011,22261.0,0.0,0.558481,2.7056240000000003,PRT,HUN,7217
1980238,185,102,1478,2011,11420151.0,568953.0,0.722,1.296655,ROU,HUN,7217
1980239,186,102,1478,2011,250314.0,2147.0,0.47319399999999995,-0.20801599999999998,RUS,HUN,7217
1980240,192,102,1478,2011,5086.0,0.0,1.849116,0.52127,SGP,HUN,7217
1980241,201,102,1478,2011,19573.0,71014.0,0.49055699999999997,1.5601399999999999,SRB,HUN,7217
1980242,206,102,1478,2011,8431557.0,1774547.0,1.262897,0.8230569999999999,SVK,HUN,7217
1980243,207,102,1478,2011,38071.0,26167.0,1.642913,0.700222,SVN,HUN,7217
1980244,208,102,1478,2011,87691.0,23701.0,1.857146,0.366159,SWE,HUN,7217
1980245,216,102,1478,2011,0.0,3665.0,0.889009,1.503118,THA,HUN,7217
1980246,224,102,1478,2011,21715.0,0.0,0.45775,2.4316259999999996,TUR,HUN,7217
1980247,228,102,1478,2011,779060.0,12512.0,0.6221409999999999,0.765505,UKR,HUN,7217
1980248,231,102,1478,2011,280768.0,0.0,1.6884849999999998,-0.474499,USA,HUN,7217
1980249,1,107,1478,2011,0.0,71383.0,-0.8426809999999999,-0.640418,AFG,IRN,7217
1980250,7,107,1478,2011,2067027.0,0.0,0.030652,-0.450808,ARE,IRN,7217
1980251,9,107,1478,2011,0.0,15034.0,0.543397,-0.029376999999999997,ARM,IRN,7217
1980252,39,107,1478,2011,340157.0,0.0,0.754813,1.1967290000000002,CAN,IRN,7217
1980253,41,107,1478,2011,285827.0,0.0,2.2644029999999997,0.406131,CHE,IRN,7217
1980254,43,107,1478,2011,34995637.0,0.0,1.072299,1.686826,CHN,IRN,7217
1980255,61,107,1478,2011,115066.0,0.0,2.074435,-3.440815,DEU,IRN,7217
1980256,71,107,1478,2011,1387158.0,0.0,0.8677290000000001,2.4618450000000003,ESP,IRN,7217
1980257,77,107,1478,2011,45558.0,0.0,1.532054,0.09339299999999999,FRA,IRN,7217
1980258,104,107,1478,2011,95964.0,0.0,0.18276199999999998,2.398765,IND,IRN,7217
1980259,108,107,1478,2011,0.0,2108258.0,-2.175137,-0.726975,IRQ,IRN,7217
1980260,111,107,1478,2011,335531.0,0.0,1.298751,0.48013599999999995,ITA,IRN,7217
1980261,114,107,1478,2011,1125636.0,0.0,2.516395,-0.534301,JPN,IRN,7217
1980262,115,107,1478,2011,0.0,16094.0,-0.514687,-0.775671,KAZ,IRN,7217
1980263,121,107,1478,2011,13313271.0,0.0,1.731371,0.8306879999999999,KOR,IRN,7217
1980264,122,107,1478,2011,218982.0,0.0,-0.898582,-1.09893,KWT,IRN,7217
1980265,153,107,1478,2011,8771428.0,0.0,0.9893290000000001,0.632079,MYS,IRN,7217
1980266,179,107,1478,2011,24783.0,0.0,0.558481,2.7056240000000003,PRT,IRN,7217
1980267,186,107,1478,2011,60804.0,0.0,0.47319399999999995,-0.20801599999999998,RUS,IRN,7217
1980268,188,107,1478,2011,126197.0,0.0,0.354045,-0.800028,SAU,IRN,7217
1980269,190,107,1478,2011,0.0,4234.0,-2.1675869999999997,-1.249272,SDN,IRN,7217
1980270,208,107,1478,2011,85205.0,0.0,1.857146,0.366159,SWE,IRN,7217
1980271,216,107,1478,2011,9997.0,0.0,0.889009,1.503118,THA,IRN,7217
1980272,217,107,1478,2011,0.0,22169.0,-0.975877,-1.021684,TJK,IRN,7217
1980273,219,107,1478,2011,0.0,150570.0,-1.549495,-1.202504,TKM,IRN,7217
1980274,223,107,1478,2011,116460.0,0.0,0.151221,1.1252360000000001,TUN,IRN,7217
1980275,224,107,1478,2011,2374292.0,0.0,0.45775,2.4316259999999996,TUR,IRN,7217
1980276,228,107,1478,2011,52477.0,0.0,0.6221409999999999,0.765505,UKR,IRN,7217
1980277,246,107,1478,2011,15383.0,0.0,0.241792,1.353011,ZAF,IRN,7217
1980278,249,107,1478,2011,14437030.0,0.0,1.803234,0.921233,TWN,IRN,7217
1980279,43,108,1478,2011,11638698.0,0.0,1.072299,1.686826,CHN,IRQ,7217
1980280,77,108,1478,2011,29092.0,0.0,1.532054,0.09339299999999999,FRA,IRQ,7217
1980281,107,108,1478,2011,2108258.0,0.0,-0.915379,-0.973194,IRN,IRQ,7217
1980282,111,108,1478,2011,61904.0,0.0,1.298751,0.48013599999999995,ITA,IRQ,7217
1980283,113,108,1478,2011,1208228.0,0.0,0.231605,0.47049399999999997,JOR,IRQ,7217
1980284,186,108,1478,2011,12482.0,0.0,0.47319399999999995,-0.20801599999999998,RUS,IRQ,7217
1980285,224,108,1478,2011,13990836.0,0.0,0.45775,2.4316259999999996,TUR,IRQ,7217
1980286,7,113,1478,2011,17332.0,0.0,0.030652,-0.450808,ARE,JOR,7217
1980287,32,113,1478,2011,26733.0,0.0,0.27718400000000004,0.5674319999999999,BRA,JOR,7217
1980288,39,113,1478,2011,6350.0,0.0,0.754813,1.1967290000000002,CAN,JOR,7217
1980289,43,113,1478,2011,6864791.0,0.0,1.072299,1.686826,CHN,JOR,7217
1980290,58,113,1478,2011,612.0,0.0,0.798165,0.424179,CYP,JOR,7217
1980291,59,113,1478,2011,17014.0,0.0,1.737788,0.14741600000000002,CZE,JOR,7217
1980292,61,113,1478,2011,91598.0,0.0,2.074435,-3.440815,DEU,JOR,7217
1980293,68,113,1478,2011,2062598.0,0.0,-0.166243,1.384719,EGY,JOR,7217
1980294,71,113,1478,2011,264787.0,0.0,0.8677290000000001,2.4618450000000003,ESP,JOR,7217
1980295,77,113,1478,2011,35329.0,0.0,1.532054,0.09339299999999999,FRA,JOR,7217
1980296,104,113,1478,2011,30357.0,0.0,0.18276199999999998,2.398765,IND,JOR,7217
1980297,108,113,1478,2011,0.0,1208228.0,-2.175137,-0.726975,IRQ,JOR,7217
1980298,110,113,1478,2011,0.0,291214.0,1.324384,0.714611,ISR,JOR,7217
1980299,111,113,1478,2011,77374.0,0.0,1.298751,0.48013599999999995,ITA,JOR,7217
1980300,121,113,1478,2011,45557.0,0.0,1.731371,0.8306879999999999,KOR,JOR,7217
1980301,153,113,1478,2011,356913.0,0.0,0.9893290000000001,0.632079,MYS,JOR,7217
1980302,162,113,1478,2011,2074.0,0.0,1.1655229999999999,1.410167,NLD,JOR,7217
1980303,174,113,1478,2011,1616.0,0.0,0.364707,0.322626,PHL,JOR,7217
1980304,181,113,1478,2011,0.0,15485.0,0.07902999999999999,0.550277,PSE,JOR,7217
1980305,188,113,1478,2011,4112442.0,258531.0,0.354045,-0.800028,SAU,JOR,7217
1980306,224,113,1478,2011,146654.0,0.0,0.45775,2.4316259999999996,TUR,JOR,7217
1980307,231,113,1478,2011,2807.0,0.0,1.6884849999999998,-0.474499,USA,JOR,7217
1980308,249,113,1478,2011,10754.0,0.0,1.803234,0.921233,TWN,JOR,7217
1980309,1,115,1478,2011,0.0,20148.0,-0.8426809999999999,-0.640418,AFG,KAZ,7217
1980310,7,115,1478,2011,23607.0,0.0,0.030652,-0.450808,ARE,KAZ,7217
1980311,16,115,1478,2011,0.0,1518.0,-1.313136,-1.189989,AZE,KAZ,7217
1980312,28,115,1478,2011,27619.0,0.0,0.8786729999999999,0.442097,BLR,KAZ,7217
1980313,39,115,1478,2011,4833.0,0.0,0.754813,1.1967290000000002,CAN,KAZ,7217
1980314,43,115,1478,2011,6223131.0,0.0,1.072299,1.686826,CHN,KAZ,7217
1980315,59,115,1478,2011,8382.0,0.0,1.737788,0.14741600000000002,CZE,KAZ,7217
1980316,61,115,1478,2011,81618.0,0.0,2.074435,-3.440815,DEU,KAZ,7217
1980317,71,115,1478,2011,29916.0,0.0,0.8677290000000001,2.4618450000000003,ESP,KAZ,7217
1980318,81,115,1478,2011,307045.0,0.0,1.8048220000000001,0.380141,GBR,KAZ,7217
1980319,102,115,1478,2011,68746.0,0.0,1.486592,0.805642,HUN,KAZ,7217
1980320,104,115,1478,2011,0.0,197328.0,0.18276199999999998,2.398765,IND,KAZ,7217
1980321,107,115,1478,2011,16094.0,0.0,-0.915379,-0.973194,IRN,KAZ,7217
1980322,111,115,1478,2011,44044.0,0.0,1.298751,0.48013599999999995,ITA,KAZ,7217
1980323,117,115,1478,2011,0.0,624572.0,-0.323348,0.164469,KGZ,KAZ,7217
1980324,121,115,1478,2011,91086.0,0.0,1.731371,0.8306879999999999,KOR,KAZ,7217
1980325,140,115,1478,2011,6088.0,0.0,-0.12310499999999999,0.16392,MKD,KAZ,7217
1980326,162,115,1478,2011,3319.0,0.0,1.1655229999999999,1.410167,NLD,KAZ,7217
1980327,177,115,1478,2011,17871.0,0.0,1.133641,1.134203,POL,KAZ,7217
1980328,179,115,1478,2011,5756.0,0.0,0.558481,2.7056240000000003,PRT,KAZ,7217
1980329,186,115,1478,2011,26751354.0,1073307.0,0.47319399999999995,-0.20801599999999998,RUS,KAZ,7217
1980330,188,115,1478,2011,0.0,164948.0,0.354045,-0.800028,SAU,KAZ,7217
1980331,192,115,1478,2011,105625.0,0.0,1.849116,0.52127,SGP,KAZ,7217
1980332,224,115,1478,2011,17902.0,0.0,0.45775,2.4316259999999996,TUR,KAZ,7217
1980333,228,115,1478,2011,1807462.0,0.0,0.6221409999999999,0.765505,UKR,KAZ,7217
1980334,231,115,1478,2011,6314.0,0.0,1.6884849999999998,-0.474499,USA,KAZ,7217
1980335,232,115,1478,2011,0.0,89367.0,-0.785878,-0.663918,UZB,KAZ,7217
1980336,17,116,1478,2011,0.0,103846.0,-0.8287049999999999,-0.774558,BDI,KEN,7217
1980337,18,116,1478,2011,119920.0,0.0,1.221703,1.247961,BEL,KEN,7217
1980338,43,116,1478,2011,17150575.0,0.0,1.072299,1.686826,CHN,KEN,7217
1980339,59,116,1478,2011,59592.0,0.0,1.737788,0.14741600000000002,CZE,KEN,7217
1980340,61,116,1478,2011,58323.0,0.0,2.074435,-3.440815,DEU,KEN,7217
1980341,68,116,1478,2011,3783169.0,0.0,-0.166243,1.384719,EGY,KEN,7217
1980342,81,116,1478,2011,238909.0,0.0,1.8048220000000001,0.380141,GBR,KEN,7217
1980343,104,116,1478,2011,201651.0,0.0,0.18276199999999998,2.398765,IND,KEN,7217
1980344,111,116,1478,2011,36842.0,0.0,1.298751,0.48013599999999995,ITA,KEN,7217
1980345,121,116,1478,2011,10643.0,0.0,1.731371,0.8306879999999999,KOR,KEN,7217
1980346,187,116,1478,2011,0.0,5026.0,-0.684475,-0.690734,RWA,KEN,7217
1980347,216,116,1478,2011,87767.0,0.0,0.889009,1.503118,THA,KEN,7217
1980348,224,116,1478,2011,296091.0,0.0,0.45775,2.4316259999999996,TUR,KEN,7217
1980349,226,116,1478,2011,488990.0,169433.0,-0.751316,0.286505,TZA,KEN,7217
1980350,227,116,1478,2011,3545121.0,174481.0,-0.7153,-0.062678,UGA,KEN,7217
1980351,231,116,1478,2011,47364.0,0.0,1.6884849999999998,-0.474499,USA,KEN,7217
1980352,246,116,1478,2011,1116033.0,0.0,0.241792,1.353011,ZAF,KEN,7217
1980353,43,117,1478,2011,9344289.0,0.0,1.072299,1.686826,CHN,KGZ,7217
1980354,104,117,1478,2011,58455.0,0.0,0.18276199999999998,2.398765,IND,KGZ,7217
1980355,115,117,1478,2011,624572.0,0.0,-0.514687,-0.775671,KAZ,KGZ,7217
1980356,130,117,1478,2011,0.0,2252.0,0.747963,0.9759530000000001,LTU,KGZ,7217
1980357,186,117,1478,2011,5639365.0,0.0,0.47319399999999995,-0.20801599999999998,RUS,KGZ,7217
1980358,217,117,1478,2011,0.0,60533.0,-0.975877,-1.021684,TJK,KGZ,7217
1980359,224,117,1478,2011,38161.0,0.0,0.45775,2.4316259999999996,TUR,KGZ,7217
1980360,228,117,1478,2011,56288.0,0.0,0.6221409999999999,0.765505,UKR,KGZ,7217
1980361,232,117,1478,2011,0.0,179102.0,-0.785878,-0.663918,UZB,KGZ,7217
1980362,43,118,1478,2011,222029.0,1089.0,1.072299,1.686826,CHN,KHM,7217
1980363,121,118,1478,2011,37527.0,0.0,1.731371,0.8306879999999999,KOR,KHM,7217
1980364,153,118,1478,2011,5301875.0,0.0,0.9893290000000001,0.632079,MYS,KHM,7217
1980365,192,118,1478,2011,148519.0,0.0,1.849116,0.52127,SGP,KHM,7217
1980366,216,118,1478,2011,1122468.0,0.0,0.889009,1.503118,THA,KHM,7217
1980367,239,118,1478,2011,11045887.0,0.0,-0.184453,1.637207,VNM,KHM,7217
1980368,249,118,1478,2011,4547.0,0.0,1.803234,0.921233,TWN,KHM,7217
1980369,18,124,1478,2011,246289.0,0.0,1.221703,1.247961,BEL,LBN,7217
1980370,41,124,1478,2011,4128.0,0.0,2.2644029999999997,0.406131,CHE,LBN,7217
1980371,43,124,1478,2011,5851535.0,0.0,1.072299,1.686826,CHN,LBN,7217
1980372,44,124,1478,2011,0.0,5233.0,-1.069474,-0.867439,CIV,LBN,7217
1980373,61,124,1478,2011,38895.0,0.0,2.074435,-3.440815,DEU,LBN,7217
1980374,64,124,1478,2011,29086.0,0.0,1.156026,1.2248299999999999,DNK,LBN,7217
1980375,68,124,1478,2011,331275.0,0.0,-0.166243,1.384719,EGY,LBN,7217
1980376,71,124,1478,2011,403946.0,0.0,0.8677290000000001,2.4618450000000003,ESP,LBN,7217
1980377,77,124,1478,2011,186645.0,0.0,1.532054,0.09339299999999999,FRA,LBN,7217
1980378,80,124,1478,2011,0.0,3379.0,-1.093784,-1.0849659999999999,GAB,LBN,7217
1980379,81,124,1478,2011,191494.0,0.0,1.8048220000000001,0.380141,GBR,LBN,7217
1980380,83,124,1478,2011,0.0,33265.0,-0.8627319999999999,-0.608823,GHA,LBN,7217
1980381,85,124,1478,2011,0.0,21781.0,-1.728661,-1.193353,GIN,LBN,7217
1980382,111,124,1478,2011,614690.0,0.0,1.298751,0.48013599999999995,ITA,LBN,7217
1980383,121,124,1478,2011,45863.0,0.0,1.731371,0.8306879999999999,KOR,LBN,7217
1980384,148,124,1478,2011,0.0,10741.0,-1.2593379999999998,-1.1793209999999998,MRT,LBN,7217
1980385,153,124,1478,2011,34295.0,0.0,0.9893290000000001,0.632079,MYS,LBN,7217
1980386,162,124,1478,2011,3997.0,0.0,1.1655229999999999,1.410167,NLD,LBN,7217
1980387,166,124,1478,2011,0.0,8397.0,0.372732,0.548601,NZL,LBN,7217
1980388,179,124,1478,2011,41436.0,0.0,0.558481,2.7056240000000003,PRT,LBN,7217
1980389,183,124,1478,2011,0.0,190581.0,-0.45851899999999995,-1.017033,QAT,LBN,7217
1980390,190,124,1478,2011,0.0,7937.0,-2.1675869999999997,-1.249272,SDN,LBN,7217
1980391,206,124,1478,2011,45249.0,0.0,1.262897,0.8230569999999999,SVK,LBN,7217
1980392,208,124,1478,2011,1385.0,0.0,1.857146,0.366159,SWE,LBN,7217
1980393,212,124,1478,2011,108485.0,0.0,-0.604133,0.5268970000000001,SYR,LBN,7217
1980394,223,124,1478,2011,54241.0,0.0,0.151221,1.1252360000000001,TUN,LBN,7217
1980395,224,124,1478,2011,1730580.0,0.0,0.45775,2.4316259999999996,TUR,LBN,7217
1980396,7,128,1478,2011,137817.0,0.0,0.030652,-0.450808,ARE,LKA,7217
1980397,18,128,1478,2011,509575.0,0.0,1.221703,1.247961,BEL,LKA,7217
1980398,43,128,1478,2011,14590805.0,0.0,1.072299,1.686826,CHN,LKA,7217
1980399,61,128,1478,2011,42090.0,0.0,2.074435,-3.440815,DEU,LKA,7217
1980400,77,128,1478,2011,1185.0,0.0,1.532054,0.09339299999999999,FRA,LKA,7217
1980401,81,128,1478,2011,35476.0,0.0,1.8048220000000001,0.380141,GBR,LKA,7217
1980402,83,128,1478,2011,0.0,2552.0,-0.8627319999999999,-0.608823,GHA,LKA,7217
1980403,97,128,1478,2011,52831.0,0.0,0.663588,1.902118,HKG,LKA,7217
1980404,103,128,1478,2011,62990.0,0.0,-0.234125,1.168384,IDN,LKA,7217
1980405,104,128,1478,2011,3033969.0,257535.0,0.18276199999999998,2.398765,IND,LKA,7217
1980406,114,128,1478,2011,42082.0,0.0,2.516395,-0.534301,JPN,LKA,7217
1980407,121,128,1478,2011,1246997.0,0.0,1.731371,0.8306879999999999,KOR,LKA,7217
1980408,137,128,1478,2011,0.0,6877.0,-0.937469,-0.87897,MDV,LKA,7217
1980409,153,128,1478,2011,1668481.0,0.0,0.9893290000000001,0.632079,MYS,LKA,7217
1980410,168,128,1478,2011,10455.0,0.0,-0.729677,0.6026729999999999,PAK,LKA,7217
1980411,177,128,1478,2011,1296.0,0.0,1.133641,1.134203,POL,LKA,7217
1980412,185,128,1478,2011,748528.0,0.0,0.722,1.296655,ROU,LKA,7217
1980413,192,128,1478,2011,413752.0,0.0,1.849116,0.52127,SGP,LKA,7217
1980414,216,128,1478,2011,1370045.0,0.0,0.889009,1.503118,THA,LKA,7217
1980415,239,128,1478,2011,5979.0,0.0,-0.184453,1.637207,VNM,LKA,7217
1980416,249,128,1478,2011,94479.0,0.0,1.803234,0.921233,TWN,LKA,7217
1980417,15,130,1478,2011,2681.0,448262.0,1.687634,-0.229095,AUT,LTU,7217
1980418,18,130,1478,2011,1717.0,18461.0,1.221703,1.247961,BEL,LTU,7217
1980419,28,130,1478,2011,31378607.0,173353.0,0.8786729999999999,0.442097,BLR,LTU,7217
1980420,43,130,1478,2011,813778.0,0.0,1.072299,1.686826,CHN,LTU,7217
1980421,59,130,1478,2011,1627526.0,6017450.0,1.737788,0.14741600000000002,CZE,LTU,7217
1980422,61,130,1478,2011,567552.0,15817196.0,2.074435,-3.440815,DEU,LTU,7217
1980423,64,130,1478,2011,24640.0,236988.0,1.156026,1.2248299999999999,DNK,LTU,7217
1980424,71,130,1478,2011,49089.0,3221.0,0.8677290000000001,2.4618450000000003,ESP,LTU,7217
1980425,72,130,1478,2011,70626.0,718196.0,0.9806790000000001,1.110449,EST,LTU,7217
1980426,74,130,1478,2011,76625.0,333912.0,1.7488830000000002,0.890934,FIN,LTU,7217
1980427,77,130,1478,2011,52004.0,361080.0,1.532054,0.09339299999999999,FRA,LTU,7217
1980428,81,130,1478,2011,35892.0,0.0,1.8048220000000001,0.380141,GBR,LTU,7217
1980429,102,130,1478,2011,8286.0,0.0,1.486592,0.805642,HUN,LTU,7217
1980430,106,130,1478,2011,5375.0,0.0,1.403182,0.290245,IRL,LTU,7217
1980431,111,130,1478,2011,71553.0,0.0,1.298751,0.48013599999999995,ITA,LTU,7217
1980432,117,130,1478,2011,2252.0,0.0,-0.323348,0.164469,KGZ,LTU,7217
1980433,121,130,1478,2011,168226.0,0.0,1.731371,0.8306879999999999,KOR,LTU,7217
1980434,131,130,1478,2011,3470.0,0.0,1.1655739999999999,1.222379,LUX,LTU,7217
1980435,132,130,1478,2011,916393.0,3243966.0,0.7320939999999999,1.101321,LVA,LTU,7217
1980436,155,130,1478,2011,3592.0,0.0,-0.42998400000000003,-0.632233,NAM,LTU,7217
1980437,162,130,1478,2011,402922.0,4752004.0,1.1655229999999999,1.410167,NLD,LTU,7217
1980438,163,130,1478,2011,2445.0,1245781.0,0.8492770000000001,0.050044,NOR,LTU,7217
1980439,177,130,1478,2011,524727.0,12789155.0,1.133641,1.134203,POL,LTU,7217
1980440,185,130,1478,2011,943587.0,0.0,0.722,1.296655,ROU,LTU,7217
1980441,186,130,1478,2011,2344858.0,1361338.0,0.47319399999999995,-0.20801599999999998,RUS,LTU,7217
1980442,201,130,1478,2011,0.0,3761.0,0.49055699999999997,1.5601399999999999,SRB,LTU,7217
1980443,206,130,1478,2011,307993.0,100458.0,1.262897,0.8230569999999999,SVK,LTU,7217
1980444,208,130,1478,2011,1352366.0,208867.0,1.857146,0.366159,SWE,LTU,7217
1980445,224,130,1478,2011,810346.0,0.0,0.45775,2.4316259999999996,TUR,LTU,7217
1980446,228,130,1478,2011,1946890.0,50012.0,0.6221409999999999,0.765505,UKR,LTU,7217
1980447,15,131,1478,2011,0.0,1214092.0,1.687634,-0.229095,AUT,LUX,7217
1980448,16,131,1478,2011,0.0,28516.0,-1.313136,-1.189989,AZE,LUX,7217
1980449,18,131,1478,2011,515310.0,2562297.0,1.221703,1.247961,BEL,LUX,7217
1980450,23,131,1478,2011,0.0,117633.0,0.537967,1.520973,BGR,LUX,7217
1980451,28,131,1478,2011,1268830.0,36519.0,0.8786729999999999,0.442097,BLR,LUX,7217
1980452,32,131,1478,2011,35167.0,0.0,0.27718400000000004,0.5674319999999999,BRA,LUX,7217
1980453,39,131,1478,2011,0.0,124472.0,0.754813,1.1967290000000002,CAN,LUX,7217
1980454,41,131,1478,2011,4108.0,3405819.0,2.2644029999999997,0.406131,CHE,LUX,7217
1980455,43,131,1478,2011,4363.0,5497260.0,1.072299,1.686826,CHN,LUX,7217
1980456,59,131,1478,2011,41438.0,728388.0,1.737788,0.14741600000000002,CZE,LUX,7217
1980457,61,131,1478,2011,5287782.0,31924726.0,2.074435,-3.440815,DEU,LUX,7217
1980458,64,131,1478,2011,0.0,365233.0,1.156026,1.2248299999999999,DNK,LUX,7217
1980459,71,131,1478,2011,102879.0,2946049.0,0.8677290000000001,2.4618450000000003,ESP,LUX,7217
1980460,72,131,1478,2011,0.0,3817.0,0.9806790000000001,1.110449,EST,LUX,7217
1980461,74,131,1478,2011,0.0,816013.0,1.7488830000000002,0.890934,FIN,LUX,7217
1980462,77,131,1478,2011,1789190.0,26312737.0,1.532054,0.09339299999999999,FRA,LUX,7217
1980463,81,131,1478,2011,3725.0,16990492.0,1.8048220000000001,0.380141,GBR,LUX,7217
1980464,90,131,1478,2011,71962.0,799207.0,0.138679,1.30044,GRC,LUX,7217
1980465,100,131,1478,2011,0.0,49494.0,0.868294,0.9424299999999999,HRV,LUX,7217
1980466,102,131,1478,2011,102362.0,675368.0,1.486592,0.805642,HUN,LUX,7217
1980467,104,131,1478,2011,0.0,446973.0,0.18276199999999998,2.398765,IND,LUX,7217
1980468,111,131,1478,2011,3735306.0,4786054.0,1.298751,0.48013599999999995,ITA,LUX,7217
1980469,121,131,1478,2011,2799.0,228886.0,1.731371,0.8306879999999999,KOR,LUX,7217
1980470,130,131,1478,2011,0.0,3470.0,0.747963,0.9759530000000001,LTU,LUX,7217
1980471,132,131,1478,2011,0.0,269999.0,0.7320939999999999,1.101321,LVA,LUX,7217
1980472,134,131,1478,2011,0.0,15945.0,-0.485404,0.099828,MAR,LUX,7217
1980473,142,131,1478,2011,0.0,503532.0,1.3001340000000001,0.22605799999999998,MLT,LUX,7217
1980474,162,131,1478,2011,1332128.0,4562944.0,1.1655229999999999,1.410167,NLD,LUX,7217
1980475,163,131,1478,2011,0.0,3782029.0,0.8492770000000001,0.050044,NOR,LUX,7217
1980476,164,131,1478,2011,0.0,110924.0,-0.242299,0.801966,NPL,LUX,7217
1980477,177,131,1478,2011,33213.0,2945203.0,1.133641,1.134203,POL,LUX,7217
1980478,179,131,1478,2011,0.0,2902780.0,0.558481,2.7056240000000003,PRT,LUX,7217
1980479,185,131,1478,2011,0.0,162034.0,0.722,1.296655,ROU,LUX,7217
1980480,186,131,1478,2011,369663.0,88302.0,0.47319399999999995,-0.20801599999999998,RUS,LUX,7217
1980481,201,131,1478,2011,0.0,34714.0,0.49055699999999997,1.5601399999999999,SRB,LUX,7217
1980482,206,131,1478,2011,86675.0,77201.0,1.262897,0.8230569999999999,SVK,LUX,7217
1980483,207,131,1478,2011,0.0,20810.0,1.642913,0.700222,SVN,LUX,7217
1980484,208,131,1478,2011,0.0,2014677.0,1.857146,0.366159,SWE,LUX,7217
1980485,224,131,1478,2011,0.0,191798.0,0.45775,2.4316259999999996,TUR,LUX,7217
1980486,228,131,1478,2011,0.0,1529919.0,0.6221409999999999,0.765505,UKR,LUX,7217
1980487,231,131,1478,2011,0.0,761354.0,1.6884849999999998,-0.474499,USA,LUX,7217
1980488,249,131,1478,2011,0.0,2633385.0,1.803234,0.921233,TWN,LUX,7217
1980489,250,131,1478,2011,59352.0,0.0,0.475638,-0.160135,ANS,LUX,7217
1980490,15,132,1478,2011,909.0,0.0,1.687634,-0.229095,AUT,LVA,7217
1980491,18,132,1478,2011,460911.0,2512.0,1.221703,1.247961,BEL,LVA,7217
1980492,28,132,1478,2011,3597841.0,12491.0,0.8786729999999999,0.442097,BLR,LVA,7217
1980493,39,132,1478,2011,1499.0,0.0,0.754813,1.1967290000000002,CAN,LVA,7217
1980494,43,132,1478,2011,255381.0,0.0,1.072299,1.686826,CHN,LVA,7217
1980495,58,132,1478,2011,0.0,210711.0,0.798165,0.424179,CYP,LVA,7217
1980496,59,132,1478,2011,41277.0,14445.0,1.737788,0.14741600000000002,CZE,LVA,7217
1980497,61,132,1478,2011,429491.0,57044.0,2.074435,-3.440815,DEU,LVA,7217
1980498,64,132,1478,2011,4630.0,7836.0,1.156026,1.2248299999999999,DNK,LVA,7217
1980499,71,132,1478,2011,0.0,138604.0,0.8677290000000001,2.4618450000000003,ESP,LVA,7217
1980500,72,132,1478,2011,185983.0,1511032.0,0.9806790000000001,1.110449,EST,LVA,7217
1980501,74,132,1478,2011,21484.0,4613.0,1.7488830000000002,0.890934,FIN,LVA,7217
1980502,77,132,1478,2011,16052.0,0.0,1.532054,0.09339299999999999,FRA,LVA,7217
1980503,81,132,1478,2011,0.0,65643.0,1.8048220000000001,0.380141,GBR,LVA,7217
1980504,109,132,1478,2011,0.0,1707.0,0.284202,-0.23753000000000002,ISL,LVA,7217
1980505,111,132,1478,2011,122805.0,0.0,1.298751,0.48013599999999995,ITA,LVA,7217
1980506,130,132,1478,2011,3243966.0,916393.0,0.747963,0.9759530000000001,LTU,LVA,7217
1980507,131,132,1478,2011,269999.0,0.0,1.1655739999999999,1.222379,LUX,LVA,7217
1980508,162,132,1478,2011,13525.0,11912.0,1.1655229999999999,1.410167,NLD,LVA,7217
1980509,163,132,1478,2011,0.0,57615.0,0.8492770000000001,0.050044,NOR,LVA,7217
1980510,177,132,1478,2011,90932.0,33058.0,1.133641,1.134203,POL,LVA,7217
1980511,186,132,1478,2011,982425.0,6028.0,0.47319399999999995,-0.20801599999999998,RUS,LVA,7217
1980512,208,132,1478,2011,744457.0,2021472.0,1.857146,0.366159,SWE,LVA,7217
1980513,228,132,1478,2011,183036.0,11813.0,0.6221409999999999,0.765505,UKR,LVA,7217
1980514,15,135,1478,2011,92973.0,0.0,1.687634,-0.229095,AUT,MDA,7217
1980515,23,135,1478,2011,0.0,55311.0,0.537967,1.520973,BGR,MDA,7217
1980516,43,135,1478,2011,233018.0,0.0,1.072299,1.686826,CHN,MDA,7217
1980517,59,135,1478,2011,28839.0,0.0,1.737788,0.14741600000000002,CZE,MDA,7217
1980518,61,135,1478,2011,8897.0,0.0,2.074435,-3.440815,DEU,MDA,7217
1980519,71,135,1478,2011,394243.0,0.0,0.8677290000000001,2.4618450000000003,ESP,MDA,7217
1980520,73,135,1478,2011,0.0,374136.0,-1.258175,-0.920692,ETH,MDA,7217
1980521,111,135,1478,2011,316090.0,0.0,1.298751,0.48013599999999995,ITA,MDA,7217
1980522,185,135,1478,2011,508352.0,18161.0,0.722,1.296655,ROU,MDA,7217
1980523,186,135,1478,2011,58704.0,72665.0,0.47319399999999995,-0.20801599999999998,RUS,MDA,7217
1980524,201,135,1478,2011,2216.0,0.0,0.49055699999999997,1.5601399999999999,SRB,MDA,7217
1980525,206,135,1478,2011,2749.0,0.0,1.262897,0.8230569999999999,SVK,MDA,7217
1980526,224,135,1478,2011,21190.0,0.0,0.45775,2.4316259999999996,TUR,MDA,7217
1980527,228,135,1478,2011,5891916.0,12104.0,0.6221409999999999,0.765505,UKR,MDA,7217
1980528,4,140,1478,2011,0.0,194959.0,-0.331435,-0.034828,ALB,MKD,7217
1980529,15,140,1478,2011,1980.0,0.0,1.687634,-0.229095,AUT,MKD,7217
1980530,23,140,1478,2011,19959.0,46692.0,0.537967,1.520973,BGR,MKD,7217
1980531,26,140,1478,2011,27763.0,514130.0,0.391425,0.6066600000000001,BIH,MKD,7217
1980532,43,140,1478,2011,20899.0,0.0,1.072299,1.686826,CHN,MKD,7217
1980533,59,140,1478,2011,2962.0,0.0,1.737788,0.14741600000000002,CZE,MKD,7217
1980534,61,140,1478,2011,28805.0,0.0,2.074435,-3.440815,DEU,MKD,7217
1980535,77,140,1478,2011,15129.0,0.0,1.532054,0.09339299999999999,FRA,MKD,7217
1980536,81,140,1478,2011,13760.0,0.0,1.8048220000000001,0.380141,GBR,MKD,7217
1980537,90,140,1478,2011,886900.0,271984.0,0.138679,1.30044,GRC,MKD,7217
1980538,100,140,1478,2011,1005.0,164219.0,0.868294,0.9424299999999999,HRV,MKD,7217
1980539,111,140,1478,2011,276517.0,0.0,1.298751,0.48013599999999995,ITA,MKD,7217
1980540,115,140,1478,2011,0.0,6088.0,-0.514687,-0.775671,KAZ,MKD,7217
1980541,144,140,1478,2011,0.0,133737.0,0.149559,0.024935,MNE,MKD,7217
1980542,162,140,1478,2011,9209.0,0.0,1.1655229999999999,1.410167,NLD,MKD,7217
1980543,185,140,1478,2011,252092.0,0.0,0.722,1.296655,ROU,MKD,7217
1980544,201,140,1478,2011,162204.0,3071445.0,0.49055699999999997,1.5601399999999999,SRB,MKD,7217
1980545,206,140,1478,2011,29684.0,0.0,1.262897,0.8230569999999999,SVK,MKD,7217
1980546,207,140,1478,2011,21349.0,364906.0,1.642913,0.700222,SVN,MKD,7217
1980547,224,140,1478,2011,574868.0,0.0,0.45775,2.4316259999999996,TUR,MKD,7217
1980548,43,142,1478,2011,142908.0,0.0,1.072299,1.686826,CHN,MLT,7217
1980549,45,142,1478,2011,0.0,8022.0,-0.7956340000000001,-0.8532790000000001,CMR,MLT,7217
1980550,61,142,1478,2011,72151.0,0.0,2.074435,-3.440815,DEU,MLT,7217
1980551,77,142,1478,2011,3385.0,0.0,1.532054,0.09339299999999999,FRA,MLT,7217
1980552,81,142,1478,2011,382468.0,0.0,1.8048220000000001,0.380141,GBR,MLT,7217
1980553,97,142,1478,2011,13133.0,0.0,0.663588,1.902118,HKG,MLT,7217
1980554,104,142,1478,2011,1649.0,0.0,0.18276199999999998,2.398765,IND,MLT,7217
1980555,111,142,1478,2011,349808.0,13498.0,1.298751,0.48013599999999995,ITA,MLT,7217
1980556,131,142,1478,2011,503532.0,0.0,1.1655739999999999,1.222379,LUX,MLT,7217
1980557,162,142,1478,2011,9727.0,0.0,1.1655229999999999,1.410167,NLD,MLT,7217
1980558,177,142,1478,2011,0.0,8719.0,1.133641,1.134203,POL,MLT,7217
1980559,224,142,1478,2011,74612.0,0.0,0.45775,2.4316259999999996,TUR,MLT,7217
1980560,43,143,1478,2011,23904736.0,0.0,1.072299,1.686826,CHN,MMR,7217
1980561,103,143,1478,2011,197167.0,0.0,-0.234125,1.168384,IDN,MMR,7217
1980562,104,143,1478,2011,14441.0,109807.0,0.18276199999999998,2.398765,IND,MMR,7217
1980563,111,143,1478,2011,113755.0,0.0,1.298751,0.48013599999999995,ITA,MMR,7217
1980564,114,143,1478,2011,16811.0,0.0,2.516395,-0.534301,JPN,MMR,7217
1980565,121,143,1478,2011,230457.0,0.0,1.731371,0.8306879999999999,KOR,MMR,7217
1980566,153,143,1478,2011,335324.0,0.0,0.9893290000000001,0.632079,MYS,MMR,7217
1980567,192,143,1478,2011,2048.0,0.0,1.849116,0.52127,SGP,MMR,7217
1980568,216,143,1478,2011,1175722.0,0.0,0.889009,1.503118,THA,MMR,7217
1980569,249,143,1478,2011,34313.0,0.0,1.803234,0.921233,TWN,MMR,7217
1980570,32,147,1478,2011,39787.0,0.0,0.27718400000000004,0.5674319999999999,BRA,MOZ,7217
1980571,43,147,1478,2011,1794155.0,0.0,1.072299,1.686826,CHN,MOZ,7217
1980572,68,147,1478,2011,18605.0,0.0,-0.166243,1.384719,EGY,MOZ,7217
1980573,71,147,1478,2011,4116.0,0.0,0.8677290000000001,2.4618450000000003,ESP,MOZ,7217
1980574,97,147,1478,2011,18778.0,0.0,0.663588,1.902118,HKG,MOZ,7217
1980575,104,147,1478,2011,4855.0,0.0,0.18276199999999998,2.398765,IND,MOZ,7217
1980576,152,147,1478,2011,0.0,45482.0,-1.100291,-0.982559,MWI,MOZ,7217
1980577,179,147,1478,2011,64510.0,0.0,0.558481,2.7056240000000003,PRT,MOZ,7217
1980578,224,147,1478,2011,53982.0,0.0,0.45775,2.4316259999999996,TUR,MOZ,7217
1980579,246,147,1478,2011,1921918.0,0.0,0.241792,1.353011,ZAF,MOZ,7217
1980580,248,147,1478,2011,823.0,1259.0,-0.858662,-0.8632719999999999,ZWE,MOZ,7217
1980581,7,163,1478,2011,0.0,21295.0,0.030652,-0.450808,ARE,NOR,7217
1980582,15,163,1478,2011,17882.0,0.0,1.687634,-0.229095,AUT,NOR,7217
1980583,16,163,1478,2011,0.0,10139.0,-1.313136,-1.189989,AZE,NOR,7217
1980584,18,163,1478,2011,1553710.0,16349.0,1.221703,1.247961,BEL,NOR,7217
1980585,24,163,1478,2011,72828.0,0.0,0.04085,-0.873711,BHR,NOR,7217
1980586,32,163,1478,2011,327007.0,24976.0,0.27718400000000004,0.5674319999999999,BRA,NOR,7217
1980587,41,163,1478,2011,7219.0,0.0,2.2644029999999997,0.406131,CHE,NOR,7217
1980588,43,163,1478,2011,718713.0,0.0,1.072299,1.686826,CHN,NOR,7217
1980589,59,163,1478,2011,9902324.0,0.0,1.737788,0.14741600000000002,CZE,NOR,7217
1980590,61,163,1478,2011,6801214.0,4071.0,2.074435,-3.440815,DEU,NOR,7217
1980591,64,163,1478,2011,722811.0,30620.0,1.156026,1.2248299999999999,DNK,NOR,7217
1980592,71,163,1478,2011,1441917.0,3435.0,0.8677290000000001,2.4618450000000003,ESP,NOR,7217
1980593,74,163,1478,2011,75162.0,104815.0,1.7488830000000002,0.890934,FIN,NOR,7217
1980594,77,163,1478,2011,277967.0,71330.0,1.532054,0.09339299999999999,FRA,NOR,7217
1980595,81,163,1478,2011,4735410.0,24956.0,1.8048220000000001,0.380141,GBR,NOR,7217
1980596,97,163,1478,2011,3393.0,1246953.0,0.663588,1.902118,HKG,NOR,7217
1980597,103,163,1478,2011,16369.0,0.0,-0.234125,1.168384,IDN,NOR,7217
1980598,104,163,1478,2011,2247.0,277280.0,0.18276199999999998,2.398765,IND,NOR,7217
1980599,109,163,1478,2011,4393.0,3575.0,0.284202,-0.23753000000000002,ISL,NOR,7217
1980600,111,163,1478,2011,165878.0,0.0,1.298751,0.48013599999999995,ITA,NOR,7217
1980601,114,163,1478,2011,3022513.0,0.0,2.516395,-0.534301,JPN,NOR,7217
1980602,121,163,1478,2011,3263635.0,0.0,1.731371,0.8306879999999999,KOR,NOR,7217
1980603,130,163,1478,2011,1245781.0,2445.0,0.747963,0.9759530000000001,LTU,NOR,7217
1980604,131,163,1478,2011,3782029.0,0.0,1.1655739999999999,1.222379,LUX,NOR,7217
1980605,132,163,1478,2011,57615.0,0.0,0.7320939999999999,1.101321,LVA,NOR,7217
1980606,153,163,1478,2011,761.0,126561.0,0.9893290000000001,0.632079,MYS,NOR,7217
1980607,162,163,1478,2011,5014608.0,4346.0,1.1655229999999999,1.410167,NLD,NOR,7217
1980608,169,163,1478,2011,0.0,984.0,0.786135,1.061008,PAN,NOR,7217
1980609,177,163,1478,2011,41256.0,9401.0,1.133641,1.134203,POL,NOR,7217
1980610,179,163,1478,2011,10740.0,5546.0,0.558481,2.7056240000000003,PRT,NOR,7217
1980611,186,163,1478,2011,46950.0,0.0,0.47319399999999995,-0.20801599999999998,RUS,NOR,7217
1980612,192,163,1478,2011,6099.0,19963.0,1.849116,0.52127,SGP,NOR,7217
1980613,206,163,1478,2011,24952115.0,0.0,1.262897,0.8230569999999999,SVK,NOR,7217
1980614,208,163,1478,2011,10294494.0,221342.0,1.857146,0.366159,SWE,NOR,7217
1980615,216,163,1478,2011,26141.0,0.0,0.889009,1.503118,THA,NOR,7217
1980616,224,163,1478,2011,2433.0,0.0,0.45775,2.4316259999999996,TUR,NOR,7217
1980617,226,163,1478,2011,0.0,1621.0,-0.751316,0.286505,TZA,NOR,7217
1980618,231,163,1478,2011,11329640.0,8068.0,1.6884849999999998,-0.474499,USA,NOR,7217
1980619,7,167,1478,2011,1565472.0,37292.0,0.030652,-0.450808,ARE,OMN,7217
1980620,14,167,1478,2011,5687.0,0.0,-0.138148,0.002999,AUS,OMN,7217
1980621,18,167,1478,2011,76322.0,0.0,1.221703,1.247961,BEL,OMN,7217
1980622,43,167,1478,2011,14764371.0,0.0,1.072299,1.686826,CHN,OMN,7217
1980623,59,167,1478,2011,1900012.0,0.0,1.737788,0.14741600000000002,CZE,OMN,7217
1980624,61,167,1478,2011,89878.0,0.0,2.074435,-3.440815,DEU,OMN,7217
1980625,68,167,1478,2011,79290.0,0.0,-0.166243,1.384719,EGY,OMN,7217
1980626,71,167,1478,2011,579303.0,0.0,0.8677290000000001,2.4618450000000003,ESP,OMN,7217
1980627,77,167,1478,2011,16464.0,0.0,1.532054,0.09339299999999999,FRA,OMN,7217
1980628,81,167,1478,2011,10339.0,0.0,1.8048220000000001,0.380141,GBR,OMN,7217
1980629,103,167,1478,2011,428470.0,0.0,-0.234125,1.168384,IDN,OMN,7217
1980630,104,167,1478,2011,69748.0,147215.0,0.18276199999999998,2.398765,IND,OMN,7217
1980631,111,167,1478,2011,210865.0,0.0,1.298751,0.48013599999999995,ITA,OMN,7217
1980632,114,167,1478,2011,41047.0,0.0,2.516395,-0.534301,JPN,OMN,7217
1980633,121,167,1478,2011,18154.0,0.0,1.731371,0.8306879999999999,KOR,OMN,7217
1980634,122,167,1478,2011,0.0,4603.0,-0.898582,-1.09893,KWT,OMN,7217
1980635,153,167,1478,2011,4972149.0,0.0,0.9893290000000001,0.632079,MYS,OMN,7217
1980636,168,167,1478,2011,0.0,1941.0,-0.729677,0.6026729999999999,PAK,OMN,7217
1980637,224,167,1478,2011,848599.0,126684.0,0.45775,2.4316259999999996,TUR,OMN,7217
1980638,231,167,1478,2011,42987.0,0.0,1.6884849999999998,-0.474499,USA,OMN,7217
1980639,246,167,1478,2011,235375.0,0.0,0.241792,1.353011,ZAF,OMN,7217
1980640,249,167,1478,2011,9592.0,0.0,1.803234,0.921233,TWN,OMN,7217
1980641,4,186,1478,2011,0.0,199744.0,-0.331435,-0.034828,ALB,RUS,7217
1980642,7,186,1478,2011,0.0,3736.0,0.030652,-0.450808,ARE,RUS,7217
1980643,9,186,1478,2011,0.0,7651.0,0.543397,-0.029376999999999997,ARM,RUS,7217
1980644,15,186,1478,2011,3265034.0,227922.0,1.687634,-0.229095,AUT,RUS,7217
1980645,16,186,1478,2011,0.0,748354.0,-1.313136,-1.189989,AZE,RUS,7217
1980646,18,186,1478,2011,4363045.0,489002.0,1.221703,1.247961,BEL,RUS,7217
1980647,23,186,1478,2011,2492.0,1679879.0,0.537967,1.520973,BGR,RUS,7217
1980648,26,186,1478,2011,0.0,412145.0,0.391425,0.6066600000000001,BIH,RUS,7217
1980649,28,186,1478,2011,20426044.0,9490384.0,0.8786729999999999,0.442097,BLR,RUS,7217
1980650,32,186,1478,2011,0.0,43223.0,0.27718400000000004,0.5674319999999999,BRA,RUS,7217
1980651,39,186,1478,2011,1011.0,66886.0,0.754813,1.1967290000000002,CAN,RUS,7217
1980652,41,186,1478,2011,0.0,17850.0,2.2644029999999997,0.406131,CHE,RUS,7217
1980653,43,186,1478,2011,9184729.0,1884.0,1.072299,1.686826,CHN,RUS,7217
1980654,54,186,1478,2011,0.0,53674.0,-0.050093,-0.88759,CUB,RUS,7217
1980655,59,186,1478,2011,476595.0,732542.0,1.737788,0.14741600000000002,CZE,RUS,7217
1980656,61,186,1478,2011,4313058.0,18183818.0,2.074435,-3.440815,DEU,RUS,7217
1980657,64,186,1478,2011,23901.0,51242.0,1.156026,1.2248299999999999,DNK,RUS,7217
1980658,65,186,1478,2011,92187.0,0.0,-0.260653,0.5682010000000001,DOM,RUS,7217
1980659,66,186,1478,2011,0.0,1745.0,-1.36763,-1.140594,DZA,RUS,7217
1980660,71,186,1478,2011,7407782.0,256015.0,0.8677290000000001,2.4618450000000003,ESP,RUS,7217
1980661,72,186,1478,2011,96210.0,426257.0,0.9806790000000001,1.110449,EST,RUS,7217
1980662,73,186,1478,2011,0.0,42360.0,-1.258175,-0.920692,ETH,RUS,7217
1980663,74,186,1478,2011,607281.0,3738940.0,1.7488830000000002,0.890934,FIN,RUS,7217
1980664,77,186,1478,2011,757006.0,3856577.0,1.532054,0.09339299999999999,FRA,RUS,7217
1980665,81,186,1478,2011,122924.0,305946.0,1.8048220000000001,0.380141,GBR,RUS,7217
1980666,82,186,1478,2011,0.0,349237.0,-0.07754,-0.35434699999999997,GEO,RUS,7217
1980667,83,186,1478,2011,0.0,20672.0,-0.8627319999999999,-0.608823,GHA,RUS,7217
1980668,90,186,1478,2011,0.0,67330.0,0.138679,1.30044,GRC,RUS,7217
1980669,97,186,1478,2011,1731.0,0.0,0.663588,1.902118,HKG,RUS,7217
1980670,100,186,1478,2011,0.0,424524.0,0.868294,0.9424299999999999,HRV,RUS,7217
1980671,102,186,1478,2011,2147.0,250314.0,1.486592,0.805642,HUN,RUS,7217
1980672,104,186,1478,2011,101291.0,5550479.0,0.18276199999999998,2.398765,IND,RUS,7217
1980673,106,186,1478,2011,0.0,56663.0,1.403182,0.290245,IRL,RUS,7217
1980674,107,186,1478,2011,0.0,60804.0,-0.915379,-0.973194,IRN,RUS,7217
1980675,108,186,1478,2011,0.0,12482.0,-2.175137,-0.726975,IRQ,RUS,7217
1980676,110,186,1478,2011,0.0,60145.0,1.324384,0.714611,ISR,RUS,7217
1980677,111,186,1478,2011,3231703.0,713697.0,1.298751,0.48013599999999995,ITA,RUS,7217
1980678,114,186,1478,2011,655487.0,38441.0,2.516395,-0.534301,JPN,RUS,7217
1980679,115,186,1478,2011,1073307.0,26751354.0,-0.514687,-0.775671,KAZ,RUS,7217
1980680,117,186,1478,2011,0.0,5639365.0,-0.323348,0.164469,KGZ,RUS,7217
1980681,121,186,1478,2011,1390779.0,6022.0,1.731371,0.8306879999999999,KOR,RUS,7217
1980682,130,186,1478,2011,1361338.0,2344858.0,0.747963,0.9759530000000001,LTU,RUS,7217
1980683,131,186,1478,2011,88302.0,369663.0,1.1655739999999999,1.222379,LUX,RUS,7217
1980684,132,186,1478,2011,6028.0,982425.0,0.7320939999999999,1.101321,LVA,RUS,7217
1980685,135,186,1478,2011,72665.0,58704.0,-0.225556,0.28622,MDA,RUS,7217
1980686,138,186,1478,2011,8563.0,0.0,0.9534600000000001,0.706982,MEX,RUS,7217
1980687,145,186,1478,2011,0.0,648658.0,-1.0869389999999999,-1.107693,MNG,RUS,7217
1980688,153,186,1478,2011,180258.0,0.0,0.9893290000000001,0.632079,MYS,RUS,7217
1980689,162,186,1478,2011,180817.0,102730.0,1.1655229999999999,1.410167,NLD,RUS,7217
1980690,163,186,1478,2011,0.0,46950.0,0.8492770000000001,0.050044,NOR,RUS,7217
1980691,169,186,1478,2011,0.0,1327.0,0.786135,1.061008,PAN,RUS,7217
1980692,177,186,1478,2011,1012263.0,8294838.0,1.133641,1.134203,POL,RUS,7217
1980693,178,186,1478,2011,0.0,5071.0,-0.024317,-0.154781,PRK,RUS,7217
1980694,179,186,1478,2011,0.0,985608.0,0.558481,2.7056240000000003,PRT,RUS,7217
1980695,185,186,1478,2011,71807.0,1149685.0,0.722,1.296655,ROU,RUS,7217
1980696,192,186,1478,2011,0.0,1308.0,1.849116,0.52127,SGP,RUS,7217
1980697,201,186,1478,2011,92750.0,249762.0,0.49055699999999997,1.5601399999999999,SRB,RUS,7217
1980698,206,186,1478,2011,5230756.0,662230.0,1.262897,0.8230569999999999,SVK,RUS,7217
1980699,207,186,1478,2011,5495.0,0.0,1.642913,0.700222,SVN,RUS,7217
1980700,208,186,1478,2011,730919.0,3014492.0,1.857146,0.366159,SWE,RUS,7217
1980701,217,186,1478,2011,0.0,3008494.0,-0.975877,-1.021684,TJK,RUS,7217
1980702,219,186,1478,2011,0.0,8926489.0,-1.549495,-1.202504,TKM,RUS,7217
1980703,224,186,1478,2011,1483172.0,0.0,0.45775,2.4316259999999996,TUR,RUS,7217
1980704,228,186,1478,2011,28955263.0,6105617.0,0.6221409999999999,0.765505,UKR,RUS,7217
1980705,231,186,1478,2011,122401.0,0.0,1.6884849999999998,-0.474499,USA,RUS,7217
1980706,232,186,1478,2011,0.0,6336025.0,-0.785878,-0.663918,UZB,RUS,7217
1980707,239,186,1478,2011,0.0,157003.0,-0.184453,1.637207,VNM,RUS,7217
1980708,249,186,1478,2011,173573.0,0.0,1.803234,0.921233,TWN,RUS,7217
1980709,250,186,1478,2011,0.0,148094.0,0.475638,-0.160135,ANS,RUS,7217
1980710,7,191,1478,2011,4038.0,0.0,0.030652,-0.450808,ARE,SEN,7217
1980711,14,191,1478,2011,4839.0,0.0,-0.138148,0.002999,AUS,SEN,7217
1980712,18,191,1478,2011,15618.0,0.0,1.221703,1.247961,BEL,SEN,7217
1980713,32,191,1478,2011,216482.0,0.0,0.27718400000000004,0.5674319999999999,BRA,SEN,7217
1980714,41,191,1478,2011,26031.0,0.0,2.2644029999999997,0.406131,CHE,SEN,7217
1980715,43,191,1478,2011,2357767.0,0.0,1.072299,1.686826,CHN,SEN,7217
1980716,44,191,1478,2011,25372.0,0.0,-1.069474,-0.867439,CIV,SEN,7217
1980717,47,191,1478,2011,0.0,44601.0,-0.979359,-1.084589,COG,SEN,7217
1980718,68,191,1478,2011,1690.0,0.0,-0.166243,1.384719,EGY,SEN,7217
1980719,71,191,1478,2011,180631.0,0.0,0.8677290000000001,2.4618450000000003,ESP,SEN,7217
1980720,77,191,1478,2011,82167.0,0.0,1.532054,0.09339299999999999,FRA,SEN,7217
1980721,80,191,1478,2011,0.0,2453.0,-1.093784,-1.0849659999999999,GAB,SEN,7217
1980722,85,191,1478,2011,0.0,22882.0,-1.728661,-1.193353,GIN,SEN,7217
1980723,87,191,1478,2011,0.0,9708.0,-0.621556,-0.64336,GMB,SEN,7217
1980724,88,191,1478,2011,0.0,139607.0,-0.839621,-0.6918850000000001,GNB,SEN,7217
1980725,104,191,1478,2011,9601.0,0.0,0.18276199999999998,2.398765,IND,SEN,7217
1980726,111,191,1478,2011,59745.0,0.0,1.298751,0.48013599999999995,ITA,SEN,7217
1980727,134,191,1478,2011,5747.0,0.0,-0.485404,0.099828,MAR,SEN,7217
1980728,141,191,1478,2011,0.0,1104294.0,-0.6778109999999999,-0.653211,MLI,SEN,7217
1980729,148,191,1478,2011,0.0,263187.0,-1.2593379999999998,-1.1793209999999998,MRT,SEN,7217
1980730,179,191,1478,2011,1234.0,0.0,0.558481,2.7056240000000003,PRT,SEN,7217
1980731,196,191,1478,2011,0.0,9892.0,-0.35546500000000003,-0.46134899999999995,SLE,SEN,7217
1980732,224,191,1478,2011,45317.0,0.0,0.45775,2.4316259999999996,TUR,SEN,7217
1980733,4,201,1478,2011,15616.0,6549.0,-0.331435,-0.034828,ALB,SRB,7217
1980734,15,201,1478,2011,371930.0,85781.0,1.687634,-0.229095,AUT,SRB,7217
1980735,18,201,1478,2011,9393.0,0.0,1.221703,1.247961,BEL,SRB,7217
1980736,23,201,1478,2011,242392.0,9762.0,0.537967,1.520973,BGR,SRB,7217
1980737,26,201,1478,2011,3103187.0,1375756.0,0.391425,0.6066600000000001,BIH,SRB,7217
1980738,41,201,1478,2011,27708.0,0.0,2.2644029999999997,0.406131,CHE,SRB,7217
1980739,43,201,1478,2011,987029.0,0.0,1.072299,1.686826,CHN,SRB,7217
1980740,59,201,1478,2011,813147.0,0.0,1.737788,0.14741600000000002,CZE,SRB,7217
1980741,61,201,1478,2011,331275.0,0.0,2.074435,-3.440815,DEU,SRB,7217
1980742,71,201,1478,2011,35338.0,0.0,0.8677290000000001,2.4618450000000003,ESP,SRB,7217
1980743,77,201,1478,2011,159986.0,0.0,1.532054,0.09339299999999999,FRA,SRB,7217
1980744,81,201,1478,2011,11016.0,0.0,1.8048220000000001,0.380141,GBR,SRB,7217
1980745,90,201,1478,2011,1709873.0,112983.0,0.138679,1.30044,GRC,SRB,7217
1980746,100,201,1478,2011,246147.0,246521.0,0.868294,0.9424299999999999,HRV,SRB,7217
1980747,102,201,1478,2011,71014.0,19573.0,1.486592,0.805642,HUN,SRB,7217
1980748,111,201,1478,2011,1998702.0,0.0,1.298751,0.48013599999999995,ITA,SRB,7217
1980749,130,201,1478,2011,3761.0,0.0,0.747963,0.9759530000000001,LTU,SRB,7217
1980750,131,201,1478,2011,34714.0,0.0,1.1655739999999999,1.222379,LUX,SRB,7217
1980751,135,201,1478,2011,0.0,2216.0,-0.225556,0.28622,MDA,SRB,7217
1980752,140,201,1478,2011,3071445.0,162204.0,-0.12310499999999999,0.16392,MKD,SRB,7217
1980753,144,201,1478,2011,0.0,173190.0,0.149559,0.024935,MNE,SRB,7217
1980754,162,201,1478,2011,19804.0,0.0,1.1655229999999999,1.410167,NLD,SRB,7217
1980755,177,201,1478,2011,49954.0,6946.0,1.133641,1.134203,POL,SRB,7217
1980756,185,201,1478,2011,5579158.0,13846.0,0.722,1.296655,ROU,SRB,7217
1980757,186,201,1478,2011,249762.0,92750.0,0.47319399999999995,-0.20801599999999998,RUS,SRB,7217
1980758,206,201,1478,2011,563395.0,0.0,1.262897,0.8230569999999999,SVK,SRB,7217
1980759,207,201,1478,2011,155238.0,42273.0,1.642913,0.700222,SVN,SRB,7217
1980760,208,201,1478,2011,113083.0,0.0,1.857146,0.366159,SWE,SRB,7217
1980761,224,201,1478,2011,4052241.0,93519.0,0.45775,2.4316259999999996,TUR,SRB,7217
1980762,228,201,1478,2011,175009.0,17901.0,0.6221409999999999,0.765505,UKR,SRB,7217
1980763,7,211,1478,2011,73.0,0.0,0.030652,-0.450808,ARE,SYC,7217
1980764,31,211,1478,2011,0.0,17522.0,-0.818593,-0.8701770000000001,BOL,SYC,7217
1980765,32,211,1478,2011,28573.0,17797.0,0.27718400000000004,0.5674319999999999,BRA,SYC,7217
1980766,43,211,1478,2011,79816.0,0.0,1.072299,1.686826,CHN,SYC,7217
1980767,81,211,1478,2011,11518.0,0.0,1.8048220000000001,0.380141,GBR,SYC,7217
1980768,104,211,1478,2011,960.0,0.0,0.18276199999999998,2.398765,IND,SYC,7217
1980769,192,211,1478,2011,23915.0,0.0,1.849116,0.52127,SGP,SYC,7217
1980770,246,211,1478,2011,36702.0,0.0,0.241792,1.353011,ZAF,SYC,7217
1980771,43,217,1478,2011,4500724.0,0.0,1.072299,1.686826,CHN,TJK,7217
1980772,107,217,1478,2011,22169.0,0.0,-0.915379,-0.973194,IRN,TJK,7217
1980773,117,217,1478,2011,60533.0,0.0,-0.323348,0.164469,KGZ,TJK,7217
1980774,186,217,1478,2011,3008494.0,0.0,0.47319399999999995,-0.20801599999999998,RUS,TJK,7217
1980775,224,217,1478,2011,6190.0,0.0,0.45775,2.4316259999999996,TUR,TJK,7217
1980776,28,219,1478,2011,10802.0,0.0,0.8786729999999999,0.442097,BLR,TKM,7217
1980777,43,219,1478,2011,133682.0,0.0,1.072299,1.686826,CHN,TKM,7217
1980778,107,219,1478,2011,150570.0,0.0,-0.915379,-0.973194,IRN,TKM,7217
1980779,162,219,1478,2011,45931.0,0.0,1.1655229999999999,1.410167,NLD,TKM,7217
1980780,186,219,1478,2011,8926489.0,0.0,0.47319399999999995,-0.20801599999999998,RUS,TKM,7217
1980781,224,219,1478,2011,457515.0,0.0,0.45775,2.4316259999999996,TUR,TKM,7217
1980782,228,219,1478,2011,3718310.0,0.0,0.6221409999999999,0.765505,UKR,TKM,7217
1980783,43,232,1478,2011,5473819.0,0.0,1.072299,1.686826,CHN,UZB,7217
1980784,61,232,1478,2011,2150.0,0.0,2.074435,-3.440815,DEU,UZB,7217
1980785,115,232,1478,2011,89367.0,0.0,-0.514687,-0.775671,KAZ,UZB,7217
1980786,117,232,1478,2011,179102.0,0.0,-0.323348,0.164469,KGZ,UZB,7217
1980787,121,232,1478,2011,311034.0,0.0,1.731371,0.8306879999999999,KOR,UZB,7217
1980788,186,232,1478,2011,6336025.0,0.0,0.47319399999999995,-0.20801599999999998,RUS,UZB,7217
1980789,224,232,1478,2011,810276.0,0.0,0.45775,2.4316259999999996,TUR,UZB,7217
1980790,228,232,1478,2011,690951.0,0.0,0.6221409999999999,0.765505,UKR,UZB,7217
1980791,8,239,1478,2011,42765.0,0.0,0.240494,0.540376,ARG,VNM,7217
1980792,14,239,1478,2011,965.0,82339.0,-0.138148,0.002999,AUS,VNM,7217
1980793,15,239,1478,2011,0.0,29500.0,1.687634,-0.229095,AUT,VNM,7217
1980794,18,239,1478,2011,75198.0,0.0,1.221703,1.247961,BEL,VNM,7217
1980795,41,239,1478,2011,0.0,243565.0,2.2644029999999997,0.406131,CHE,VNM,7217
1980796,43,239,1478,2011,32206766.0,17109.0,1.072299,1.686826,CHN,VNM,7217
1980797,59,239,1478,2011,12653.0,0.0,1.737788,0.14741600000000002,CZE,VNM,7217
1980798,61,239,1478,2011,798383.0,3211.0,2.074435,-3.440815,DEU,VNM,7217
1980799,68,239,1478,2011,0.0,30278.0,-0.166243,1.384719,EGY,VNM,7217
1980800,71,239,1478,2011,48374.0,0.0,0.8677290000000001,2.4618450000000003,ESP,VNM,7217
1980801,77,239,1478,2011,52253.0,0.0,1.532054,0.09339299999999999,FRA,VNM,7217
1980802,81,239,1478,2011,3101.0,0.0,1.8048220000000001,0.380141,GBR,VNM,7217
1980803,97,239,1478,2011,112308.0,5694.0,0.663588,1.902118,HKG,VNM,7217
1980804,103,239,1478,2011,538705.0,2298127.0,-0.234125,1.168384,IDN,VNM,7217
1980805,104,239,1478,2011,9942.0,461183.0,0.18276199999999998,2.398765,IND,VNM,7217
1980806,110,239,1478,2011,0.0,33600.0,1.324384,0.714611,ISR,VNM,7217
1980807,111,239,1478,2011,456074.0,0.0,1.298751,0.48013599999999995,ITA,VNM,7217
1980808,114,239,1478,2011,12711406.0,2862829.0,2.516395,-0.534301,JPN,VNM,7217
1980809,118,239,1478,2011,0.0,11045887.0,-1.162858,-1.103539,KHM,VNM,7217
1980810,121,239,1478,2011,13489296.0,276937.0,1.731371,0.8306879999999999,KOR,VNM,7217
1980811,123,239,1478,2011,0.0,1034280.0,-1.135039,-0.929759,LAO,VNM,7217
1980812,128,239,1478,2011,0.0,5979.0,-0.559311,0.398905,LKA,VNM,7217
1980813,153,239,1478,2011,20752357.0,1690007.0,0.9893290000000001,0.632079,MYS,VNM,7217
1980814,155,239,1478,2011,1929.0,0.0,-0.42998400000000003,-0.632233,NAM,VNM,7217
1980815,162,239,1478,2011,13768.0,0.0,1.1655229999999999,1.410167,NLD,VNM,7217
1980816,166,239,1478,2011,5840.0,0.0,0.372732,0.548601,NZL,VNM,7217
1980817,168,239,1478,2011,0.0,64747.0,-0.729677,0.6026729999999999,PAK,VNM,7217
1980818,174,239,1478,2011,0.0,2306.0,0.364707,0.322626,PHL,VNM,7217
1980819,186,239,1478,2011,157003.0,0.0,0.47319399999999995,-0.20801599999999998,RUS,VNM,7217
1980820,188,239,1478,2011,0.0,198214.0,0.354045,-0.800028,SAU,VNM,7217
1980821,192,239,1478,2011,713191.0,275323.0,1.849116,0.52127,SGP,VNM,7217
1980822,216,239,1478,2011,9455187.0,892368.0,0.889009,1.503118,THA,VNM,7217
1980823,231,239,1478,2011,159305.0,587434.0,1.6884849999999998,-0.474499,USA,VNM,7217
1980824,249,239,1478,2011,24628037.0,671523.0,1.803234,0.921233,TWN,VNM,7217
1980825,250,239,1478,2011,155787.0,0.0,0.475638,-0.160135,ANS,VNM,7217
1980826,37,248,1478,2011,1919.0,0.0,-0.48782600000000004,-1.051639,BWA,ZWE,7217
1980827,43,248,1478,2011,404903.0,0.0,1.072299,1.686826,CHN,ZWE,7217
1980828,46,248,1478,2011,18351.0,0.0,-0.722957,-0.965141,COD,ZWE,7217
1980829,64,248,1478,2011,678.0,0.0,1.156026,1.2248299999999999,DNK,ZWE,7217
1980830,77,248,1478,2011,1993.0,0.0,1.532054,0.09339299999999999,FRA,ZWE,7217
1980831,81,248,1478,2011,232328.0,0.0,1.8048220000000001,0.380141,GBR,ZWE,7217
1980832,121,248,1478,2011,29562.0,0.0,1.731371,0.8306879999999999,KOR,ZWE,7217
1980833,147,248,1478,2011,1259.0,823.0,-1.2069299999999998,-0.977785,MOZ,ZWE,7217
1980834,152,248,1478,2011,0.0,19506.0,-1.100291,-0.982559,MWI,ZWE,7217
1980835,246,248,1478,2011,7989585.0,2067.0,0.241792,1.353011,ZAF,ZWE,7217
1980836,247,248,1478,2011,4337.0,596173.0,-0.7599,-0.941019,ZMB,ZWE,7217
1980837,249,248,1478,2011,22881.0,0.0,1.803234,0.921233,TWN,ZWE,7217
1980838,43,1,1478,2011,269822.0,0.0,1.072299,1.686826,CHN,AFG,7217
1980839,104,1,1478,2011,493898.0,0.0,0.18276199999999998,2.398765,IND,AFG,7217
1980840,107,1,1478,2011,71383.0,0.0,-0.915379,-0.973194,IRN,AFG,7217
1980841,115,1,1478,2011,20148.0,0.0,-0.514687,-0.775671,KAZ,AFG,7217
1980842,168,1,1478,2011,46440.0,0.0,-0.729677,0.6026729999999999,PAK,AFG,7217
1980843,224,1,1478,2011,43709.0,0.0,0.45775,2.4316259999999996,TUR,AFG,7217
1980844,228,1,1478,2011,57200.0,0.0,0.6221409999999999,0.765505,UKR,AFG,7217
1980845,231,1,1478,2011,79917.0,0.0,1.6884849999999998,-0.474499,USA,AFG,7217
1980846,75,10,1478,2011,24011.0,0.0,-0.434356,-0.010863,FJI,ASM,7217
1980847,103,10,1478,2011,0.0,32800.0,-0.234125,1.168384,IDN,ASM,7217
1980848,166,10,1478,2011,7883.0,0.0,0.372732,0.548601,NZL,ASM,7217
1980849,55,13,1478,2011,1546.0,0.0,-0.052038,-0.69103,CUW,ATG,7217
1980850,65,13,1478,2011,37368.0,0.0,-0.260653,0.5682010000000001,DOM,ATG,7217
1980851,159,13,1478,2011,0.0,958.0,-1.699286,-1.15511,NGA,ATG,7217
1980852,231,13,1478,2011,38351.0,0.0,1.6884849999999998,-0.474499,USA,ATG,7217
1980853,18,19,1478,2011,5815.0,0.0,1.221703,1.247961,BEL,BEN,7217
1980854,43,19,1478,2011,1632938.0,81352.0,1.072299,1.686826,CHN,BEN,7217
1980855,71,19,1478,2011,101969.0,0.0,0.8677290000000001,2.4618450000000003,ESP,BEN,7217
1980856,77,19,1478,2011,4933.0,0.0,1.532054,0.09339299999999999,FRA,BEN,7217
1980857,83,19,1478,2011,10067.0,0.0,-0.8627319999999999,-0.608823,GHA,BEN,7217
1980858,103,19,1478,2011,0.0,44999.0,-0.234125,1.168384,IDN,BEN,7217
1980859,111,19,1478,2011,4898.0,0.0,1.298751,0.48013599999999995,ITA,BEN,7217
1980860,157,19,1478,2011,0.0,113698.0,-0.85208,-0.731996,NER,BEN,7217
1980861,214,19,1478,2011,0.0,844113.0,-2.368546,-0.814948,TCD,BEN,7217
1980862,215,19,1478,2011,151382.0,0.0,-0.9156030000000001,-0.884099,TGO,BEN,7217
1980863,231,19,1478,2011,3348049.0,0.0,1.6884849999999998,-0.474499,USA,BEN,7217
1980864,247,19,1478,2011,1562.0,0.0,-0.7599,-0.941019,ZMB,BEN,7217
1980865,7,21,1478,2011,6618.0,0.0,0.030652,-0.450808,ARE,BFA,7217
1980866,18,21,1478,2011,10117.0,0.0,1.221703,1.247961,BEL,BFA,7217
1980867,39,21,1478,2011,5028.0,0.0,0.754813,1.1967290000000002,CAN,BFA,7217
1980868,43,21,1478,2011,101903.0,0.0,1.072299,1.686826,CHN,BFA,7217
1980869,44,21,1478,2011,11677.0,0.0,-1.069474,-0.867439,CIV,BFA,7217
1980870,83,21,1478,2011,16991.0,0.0,-0.8627319999999999,-0.608823,GHA,BFA,7217
1980871,104,21,1478,2011,42480.0,0.0,0.18276199999999998,2.398765,IND,BFA,7217
1980872,141,21,1478,2011,2791.0,0.0,-0.6778109999999999,-0.653211,MLI,BFA,7217
1980873,157,21,1478,2011,0.0,7461.0,-0.85208,-0.731996,NER,BFA,7217
1980874,188,21,1478,2011,2659.0,0.0,0.354045,-0.800028,SAU,BFA,7217
1980875,215,21,1478,2011,620866.0,0.0,-0.9156030000000001,-0.884099,TGO,BFA,7217
1980876,7,24,1478,2011,73958.0,0.0,0.030652,-0.450808,ARE,BHR,7217
1980877,14,24,1478,2011,0.0,65072.0,-0.138148,0.002999,AUS,BHR,7217
1980878,18,24,1478,2011,2930.0,0.0,1.221703,1.247961,BEL,BHR,7217
1980879,32,24,1478,2011,32167.0,0.0,0.27718400000000004,0.5674319999999999,BRA,BHR,7217
1980880,43,24,1478,2011,4073065.0,0.0,1.072299,1.686826,CHN,BHR,7217
1980881,59,24,1478,2011,831.0,0.0,1.737788,0.14741600000000002,CZE,BHR,7217
1980882,61,24,1478,2011,7770.0,0.0,2.074435,-3.440815,DEU,BHR,7217
1980883,71,24,1478,2011,0.0,251489.0,0.8677290000000001,2.4618450000000003,ESP,BHR,7217
1980884,81,24,1478,2011,54281.0,0.0,1.8048220000000001,0.380141,GBR,BHR,7217
1980885,104,24,1478,2011,738725.0,19544.0,0.18276199999999998,2.398765,IND,BHR,7217
1980886,111,24,1478,2011,11534.0,0.0,1.298751,0.48013599999999995,ITA,BHR,7217
1980887,114,24,1478,2011,70780.0,0.0,2.516395,-0.534301,JPN,BHR,7217
1980888,121,24,1478,2011,5128037.0,0.0,1.731371,0.8306879999999999,KOR,BHR,7217
1980889,134,24,1478,2011,0.0,28041.0,-0.485404,0.099828,MAR,BHR,7217
1980890,153,24,1478,2011,103519.0,0.0,0.9893290000000001,0.632079,MYS,BHR,7217
1980891,163,24,1478,2011,0.0,72828.0,0.8492770000000001,0.050044,NOR,BHR,7217
1980892,166,24,1478,2011,0.0,53304.0,0.372732,0.548601,NZL,BHR,7217
1980893,173,24,1478,2011,35553.0,0.0,-0.455977,0.442543,PER,BHR,7217
1980894,178,24,1478,2011,3380981.0,0.0,-0.024317,-0.154781,PRK,BHR,7217
1980895,179,24,1478,2011,77121.0,0.0,0.558481,2.7056240000000003,PRT,BHR,7217
1980896,183,24,1478,2011,0.0,38246.0,-0.45851899999999995,-1.017033,QAT,BHR,7217
1980897,188,24,1478,2011,7032.0,14339.0,0.354045,-0.800028,SAU,BHR,7217
1980898,206,24,1478,2011,17149.0,0.0,1.262897,0.8230569999999999,SVK,BHR,7217
1980899,224,24,1478,2011,23883.0,0.0,0.45775,2.4316259999999996,TUR,BHR,7217
1980900,231,24,1478,2011,584635.0,0.0,1.6884849999999998,-0.474499,USA,BHR,7217
1980901,249,24,1478,2011,82546.0,0.0,1.803234,0.921233,TWN,BHR,7217
1980902,250,24,1478,2011,0.0,23478.0,0.475638,-0.160135,ANS,BHR,7217
1980903,43,29,1478,2011,2758.0,0.0,1.072299,1.686826,CHN,BLZ,7217
1980904,93,29,1478,2011,104812.0,0.0,-0.329497,0.775369,GTM,BLZ,7217
1980905,138,29,1478,2011,75730.0,0.0,0.9534600000000001,0.706982,MEX,BLZ,7217
1980906,197,29,1478,2011,88258.0,0.0,-0.09713200000000001,0.20772600000000002,SLV,BLZ,7217
1980907,231,29,1478,2011,39332.0,0.0,1.6884849999999998,-0.474499,USA,BLZ,7217
1980908,8,31,1478,2011,1926915.0,0.0,0.240494,0.540376,ARG,BOL,7217
1980909,32,31,1478,2011,9160713.0,0.0,0.27718400000000004,0.5674319999999999,BRA,BOL,7217
1980910,39,31,1478,2011,1446.0,0.0,0.754813,1.1967290000000002,CAN,BOL,7217
1980911,42,31,1478,2011,141532.0,0.0,-0.199877,-0.353009,CHL,BOL,7217
1980912,43,31,1478,2011,1100377.0,0.0,1.072299,1.686826,CHN,BOL,7217
1980913,49,31,1478,2011,316829.0,0.0,0.14336600000000002,-0.22996,COL,BOL,7217
1980914,61,31,1478,2011,39115.0,0.0,2.074435,-3.440815,DEU,BOL,7217
1980915,71,31,1478,2011,41436.0,0.0,0.8677290000000001,2.4618450000000003,ESP,BOL,7217
1980916,77,31,1478,2011,4998.0,0.0,1.532054,0.09339299999999999,FRA,BOL,7217
1980917,97,31,1478,2011,42034.0,0.0,0.663588,1.902118,HKG,BOL,7217
1980918,111,31,1478,2011,97900.0,0.0,1.298751,0.48013599999999995,ITA,BOL,7217
1980919,169,31,1478,2011,705.0,0.0,0.786135,1.061008,PAN,BOL,7217
1980920,173,31,1478,2011,5352179.0,0.0,-0.455977,0.442543,PER,BOL,7217
1980921,211,31,1478,2011,17522.0,0.0,0.287017,-0.5136850000000001,SYC,BOL,7217
1980922,224,31,1478,2011,38499.0,0.0,0.45775,2.4316259999999996,TUR,BOL,7217
1980923,231,31,1478,2011,1411.0,0.0,1.6884849999999998,-0.474499,USA,BOL,7217
1980924,249,31,1478,2011,1522.0,0.0,1.803234,0.921233,TWN,BOL,7217
1980925,43,37,1478,2011,833262.0,0.0,1.072299,1.686826,CHN,BWA,7217
1980926,81,37,1478,2011,25053.0,0.0,1.8048220000000001,0.380141,GBR,BWA,7217
1980927,97,37,1478,2011,38911.0,0.0,0.663588,1.902118,HKG,BWA,7217
1980928,231,37,1478,2011,389.0,0.0,1.6884849999999998,-0.474499,USA,BWA,7217
1980929,246,37,1478,2011,9537628.0,7034.0,0.241792,1.353011,ZAF,BWA,7217
1980930,247,37,1478,2011,0.0,3372.0,-0.7599,-0.941019,ZMB,BWA,7217
1980931,248,37,1478,2011,0.0,1919.0,-0.858662,-0.8632719999999999,ZWE,BWA,7217
1980932,2,44,1478,2011,0.0,48550.0,-1.252991,-1.132314,AGO,CIV,7217
1980933,18,44,1478,2011,94797.0,0.0,1.221703,1.247961,BEL,CIV,7217
1980934,21,44,1478,2011,0.0,11677.0,-1.163278,-1.002332,BFA,CIV,7217
1980935,43,44,1478,2011,1737883.0,0.0,1.072299,1.686826,CHN,CIV,7217
1980936,45,44,1478,2011,0.0,37553.0,-0.7956340000000001,-0.8532790000000001,CMR,CIV,7217
1980937,46,44,1478,2011,0.0,31958.0,-0.722957,-0.965141,COD,CIV,7217
1980938,61,44,1478,2011,32743.0,0.0,2.074435,-3.440815,DEU,CIV,7217
1980939,71,44,1478,2011,364273.0,0.0,0.8677290000000001,2.4618450000000003,ESP,CIV,7217
1980940,77,44,1478,2011,62520.0,0.0,1.532054,0.09339299999999999,FRA,CIV,7217
1980941,80,44,1478,2011,0.0,83928.0,-1.093784,-1.0849659999999999,GAB,CIV,7217
1980942,81,44,1478,2011,27184.0,0.0,1.8048220000000001,0.380141,GBR,CIV,7217
1980943,83,44,1478,2011,0.0,157231.0,-0.8627319999999999,-0.608823,GHA,CIV,7217
1980944,85,44,1478,2011,0.0,119963.0,-1.728661,-1.193353,GIN,CIV,7217
1980945,87,44,1478,2011,0.0,14385.0,-0.621556,-0.64336,GMB,CIV,7217
1980946,104,44,1478,2011,13642.0,0.0,0.18276199999999998,2.398765,IND,CIV,7217
1980947,111,44,1478,2011,21467.0,0.0,1.298751,0.48013599999999995,ITA,CIV,7217
1980948,124,44,1478,2011,5233.0,0.0,0.278393,1.2962879999999999,LBN,CIV,7217
1980949,125,44,1478,2011,0.0,10851.0,-0.318463,-0.9367489999999999,LBR,CIV,7217
1980950,141,44,1478,2011,1700.0,333164.0,-0.6778109999999999,-0.653211,MLI,CIV,7217
1980951,148,44,1478,2011,0.0,2301.0,-1.2593379999999998,-1.1793209999999998,MRT,CIV,7217
1980952,153,44,1478,2011,43878.0,0.0,0.9893290000000001,0.632079,MYS,CIV,7217
1980953,157,44,1478,2011,0.0,219468.0,-0.85208,-0.731996,NER,CIV,7217
1980954,191,44,1478,2011,0.0,25372.0,-0.624346,-0.308052,SEN,CIV,7217
1980955,212,44,1478,2011,2543.0,0.0,-0.604133,0.5268970000000001,SYR,CIV,7217
1980956,215,44,1478,2011,18962.0,35848.0,-0.9156030000000001,-0.884099,TGO,CIV,7217
1980957,223,44,1478,2011,47462.0,0.0,0.151221,1.1252360000000001,TUN,CIV,7217
1980958,224,44,1478,2011,638565.0,0.0,0.45775,2.4316259999999996,TUR,CIV,7217
1980959,246,44,1478,2011,724205.0,0.0,0.241792,1.353011,ZAF,CIV,7217
1980960,250,44,1478,2011,20335.0,0.0,0.475638,-0.160135,ANS,CIV,7217
1980961,7,45,1478,2011,42568.0,0.0,0.030652,-0.450808,ARE,CMR,7217
1980962,18,45,1478,2011,428993.0,149827.0,1.221703,1.247961,BEL,CMR,7217
1980963,38,45,1478,2011,0.0,23012.0,-0.318191,-0.68375,CAF,CMR,7217
1980964,43,45,1478,2011,2530456.0,0.0,1.072299,1.686826,CHN,CMR,7217
1980965,44,45,1478,2011,37553.0,0.0,-1.069474,-0.867439,CIV,CMR,7217
1980966,47,45,1478,2011,62658.0,573.0,-0.979359,-1.084589,COG,CMR,7217
1980967,59,45,1478,2011,0.0,1775.0,1.737788,0.14741600000000002,CZE,CMR,7217
1980968,61,45,1478,2011,8688.0,0.0,2.074435,-3.440815,DEU,CMR,7217
1980969,71,45,1478,2011,89147.0,0.0,0.8677290000000001,2.4618450000000003,ESP,CMR,7217
1980970,77,45,1478,2011,681784.0,115409.0,1.532054,0.09339299999999999,FRA,CMR,7217
1980971,83,45,1478,2011,0.0,1083.0,-0.8627319999999999,-0.608823,GHA,CMR,7217
1980972,89,45,1478,2011,0.0,112873.0,-1.634315,-0.7567729999999999,GNQ,CMR,7217
1980973,90,45,1478,2011,773.0,18684.0,0.138679,1.30044,GRC,CMR,7217
1980974,104,45,1478,2011,12795.0,0.0,0.18276199999999998,2.398765,IND,CMR,7217
1980975,111,45,1478,2011,18593.0,0.0,1.298751,0.48013599999999995,ITA,CMR,7217
1980976,121,45,1478,2011,2737.0,0.0,1.731371,0.8306879999999999,KOR,CMR,7217
1980977,142,45,1478,2011,8022.0,0.0,1.3001340000000001,0.22605799999999998,MLT,CMR,7217
1980978,162,45,1478,2011,2567.0,0.0,1.1655229999999999,1.410167,NLD,CMR,7217
1980979,177,45,1478,2011,25430.0,0.0,1.133641,1.134203,POL,CMR,7217
1980980,192,45,1478,2011,11940.0,0.0,1.849116,0.52127,SGP,CMR,7217
1980981,224,45,1478,2011,1342.0,0.0,0.45775,2.4316259999999996,TUR,CMR,7217
1980982,231,45,1478,2011,6054.0,0.0,1.6884849999999998,-0.474499,USA,CMR,7217
1980983,246,45,1478,2011,101718.0,8876.0,0.241792,1.353011,ZAF,CMR,7217
1980984,249,45,1478,2011,3219.0,0.0,1.803234,0.921233,TWN,CMR,7217
1980985,43,46,1478,2011,999581.0,0.0,1.072299,1.686826,CHN,COD,7217
1980986,44,46,1478,2011,31958.0,0.0,-1.069474,-0.867439,CIV,COD,7217
1980987,47,46,1478,2011,0.0,1939.0,-0.979359,-1.084589,COG,COD,7217
1980988,111,46,1478,2011,10581.0,0.0,1.298751,0.48013599999999995,ITA,COD,7217
1980989,159,46,1478,2011,0.0,4741.0,-1.699286,-1.15511,NGA,COD,7217
1980990,226,46,1478,2011,6412.0,0.0,-0.751316,0.286505,TZA,COD,7217
1980991,227,46,1478,2011,86627.0,0.0,-0.7153,-0.062678,UGA,COD,7217
1980992,246,46,1478,2011,663382.0,0.0,0.241792,1.353011,ZAF,COD,7217
1980993,247,46,1478,2011,17253.0,0.0,-0.7599,-0.941019,ZMB,COD,7217
1980994,248,46,1478,2011,0.0,18351.0,-0.858662,-0.8632719999999999,ZWE,COD,7217
1980995,2,47,1478,2011,0.0,1179.0,-1.252991,-1.132314,AGO,COG,7217
1980996,7,47,1478,2011,2141.0,0.0,0.030652,-0.450808,ARE,COG,7217
1980997,18,47,1478,2011,26364.0,0.0,1.221703,1.247961,BEL,COG,7217
1980998,32,47,1478,2011,37622.0,0.0,0.27718400000000004,0.5674319999999999,BRA,COG,7217
1980999,43,47,1478,2011,477856.0,0.0,1.072299,1.686826,CHN,COG,7217
1981000,45,47,1478,2011,573.0,62658.0,-0.7956340000000001,-0.8532790000000001,CMR,COG,7217
1981001,46,47,1478,2011,1939.0,0.0,-0.722957,-0.965141,COD,COG,7217
1981002,71,47,1478,2011,12778.0,0.0,0.8677290000000001,2.4618450000000003,ESP,COG,7217
1981003,77,47,1478,2011,47988.0,0.0,1.532054,0.09339299999999999,FRA,COG,7217
1981004,104,47,1478,2011,22941.0,0.0,0.18276199999999998,2.398765,IND,COG,7217
1981005,110,47,1478,2011,7887.0,0.0,1.324384,0.714611,ISR,COG,7217
1981006,111,47,1478,2011,14085.0,0.0,1.298751,0.48013599999999995,ITA,COG,7217
1981007,134,47,1478,2011,14262.0,0.0,-0.485404,0.099828,MAR,COG,7217
1981008,152,47,1478,2011,6501.0,0.0,-1.100291,-0.982559,MWI,COG,7217
1981009,179,47,1478,2011,1181.0,0.0,0.558481,2.7056240000000003,PRT,COG,7217
1981010,191,47,1478,2011,44601.0,0.0,-0.624346,-0.308052,SEN,COG,7217
1981011,223,47,1478,2011,2402.0,0.0,0.151221,1.1252360000000001,TUN,COG,7217
1981012,224,47,1478,2011,39586.0,0.0,0.45775,2.4316259999999996,TUR,COG,7217
1981013,246,47,1478,2011,12815.0,0.0,0.241792,1.353011,ZAF,COG,7217
1981014,23,54,1478,2011,1622.0,0.0,0.537967,1.520973,BGR,CUB,7217
1981015,32,54,1478,2011,79754.0,0.0,0.27718400000000004,0.5674319999999999,BRA,CUB,7217
1981016,39,54,1478,2011,20914.0,0.0,0.754813,1.1967290000000002,CAN,CUB,7217
1981017,43,54,1478,2011,4503269.0,0.0,1.072299,1.686826,CHN,CUB,7217
1981018,61,54,1478,2011,111422.0,0.0,2.074435,-3.440815,DEU,CUB,7217
1981019,65,54,1478,2011,189680.0,0.0,-0.260653,0.5682010000000001,DOM,CUB,7217
1981020,71,54,1478,2011,820804.0,0.0,0.8677290000000001,2.4618450000000003,ESP,CUB,7217
1981021,93,54,1478,2011,3696.0,0.0,-0.329497,0.775369,GTM,CUB,7217
1981022,99,54,1478,2011,0.0,96685.0,-0.740241,-0.311952,HND,CUB,7217
1981023,111,54,1478,2011,9772.0,0.0,1.298751,0.48013599999999995,ITA,CUB,7217
1981024,138,54,1478,2011,179408.0,186226.0,0.9534600000000001,0.706982,MEX,CUB,7217
1981025,179,54,1478,2011,32314.0,0.0,0.558481,2.7056240000000003,PRT,CUB,7217
1981026,186,54,1478,2011,53674.0,0.0,0.47319399999999995,-0.20801599999999998,RUS,CUB,7217
1981027,236,54,1478,2011,521045.0,0.0,-0.841147,-1.095636,VEN,CUB,7217
1981028,32,62,1478,2011,9392.0,0.0,0.27718400000000004,0.5674319999999999,BRA,DJI,7217
1981029,43,62,1478,2011,3131089.0,0.0,1.072299,1.686826,CHN,DJI,7217
1981030,104,62,1478,2011,141737.0,0.0,0.18276199999999998,2.398765,IND,DJI,7217
1981031,224,62,1478,2011,95129.0,0.0,0.45775,2.4316259999999996,TUR,DJI,7217
1981032,18,66,1478,2011,257656.0,0.0,1.221703,1.247961,BEL,DZA,7217
1981033,43,66,1478,2011,1626898.0,0.0,1.072299,1.686826,CHN,DZA,7217
1981034,59,66,1478,2011,9161.0,0.0,1.737788,0.14741600000000002,CZE,DZA,7217
1981035,61,66,1478,2011,428343.0,0.0,2.074435,-3.440815,DEU,DZA,7217
1981036,64,66,1478,2011,1364.0,0.0,1.156026,1.2248299999999999,DNK,DZA,7217
1981037,68,66,1478,2011,14116.0,0.0,-0.166243,1.384719,EGY,DZA,7217
1981038,71,66,1478,2011,855737.0,0.0,0.8677290000000001,2.4618450000000003,ESP,DZA,7217
1981039,77,66,1478,2011,1536248.0,0.0,1.532054,0.09339299999999999,FRA,DZA,7217
1981040,81,66,1478,2011,46690.0,0.0,1.8048220000000001,0.380141,GBR,DZA,7217
1981041,104,66,1478,2011,5728.0,0.0,0.18276199999999998,2.398765,IND,DZA,7217
1981042,111,66,1478,2011,2548089.0,0.0,1.298751,0.48013599999999995,ITA,DZA,7217
1981043,114,66,1478,2011,9577.0,0.0,2.516395,-0.534301,JPN,DZA,7217
1981044,121,66,1478,2011,66222.0,0.0,1.731371,0.8306879999999999,KOR,DZA,7217
1981045,177,66,1478,2011,183670.0,0.0,1.133641,1.134203,POL,DZA,7217
1981046,179,66,1478,2011,1161017.0,0.0,0.558481,2.7056240000000003,PRT,DZA,7217
1981047,185,66,1478,2011,6060804.0,0.0,0.722,1.296655,ROU,DZA,7217
1981048,186,66,1478,2011,1745.0,0.0,0.47319399999999995,-0.20801599999999998,RUS,DZA,7217
1981049,206,66,1478,2011,178465.0,0.0,1.262897,0.8230569999999999,SVK,DZA,7217
1981050,223,66,1478,2011,11855.0,177246.0,0.151221,1.1252360000000001,TUN,DZA,7217
1981051,224,66,1478,2011,936997.0,0.0,0.45775,2.4316259999999996,TUR,DZA,7217
1981052,231,66,1478,2011,2776.0,0.0,1.6884849999999998,-0.474499,USA,DZA,7217
1981053,249,66,1478,2011,12564.0,0.0,1.803234,0.921233,TWN,DZA,7217
1981054,41,73,1478,2011,40036.0,0.0,2.2644029999999997,0.406131,CHE,ETH,7217
1981055,43,73,1478,2011,3178605.0,0.0,1.072299,1.686826,CHN,ETH,7217
1981056,61,73,1478,2011,74335.0,0.0,2.074435,-3.440815,DEU,ETH,7217
1981057,68,73,1478,2011,28244.0,0.0,-0.166243,1.384719,EGY,ETH,7217
1981058,81,73,1478,2011,33506.0,0.0,1.8048220000000001,0.380141,GBR,ETH,7217
1981059,104,73,1478,2011,11286.0,0.0,0.18276199999999998,2.398765,IND,ETH,7217
1981060,111,73,1478,2011,376231.0,0.0,1.298751,0.48013599999999995,ITA,ETH,7217
1981061,114,73,1478,2011,123789.0,0.0,2.516395,-0.534301,JPN,ETH,7217
1981062,135,73,1478,2011,374136.0,0.0,-0.225556,0.28622,MDA,ETH,7217
1981063,153,73,1478,2011,5779.0,0.0,0.9893290000000001,0.632079,MYS,ETH,7217
1981064,186,73,1478,2011,42360.0,0.0,0.47319399999999995,-0.20801599999999998,RUS,ETH,7217
1981065,224,73,1478,2011,370201.0,0.0,0.45775,2.4316259999999996,TUR,ETH,7217
1981066,228,73,1478,2011,300285.0,0.0,0.6221409999999999,0.765505,UKR,ETH,7217
1981067,246,73,1478,2011,5208.0,0.0,0.241792,1.353011,ZAF,ETH,7217
1981068,249,73,1478,2011,426.0,0.0,1.803234,0.921233,TWN,ETH,7217
1981069,18,80,1478,2011,107264.0,0.0,1.221703,1.247961,BEL,GAB,7217
1981070,43,80,1478,2011,213742.0,0.0,1.072299,1.686826,CHN,GAB,7217
1981071,44,80,1478,2011,83928.0,0.0,-1.069474,-0.867439,CIV,GAB,7217
1981072,77,80,1478,2011,85288.0,0.0,1.532054,0.09339299999999999,FRA,GAB,7217
1981073,124,80,1478,2011,3379.0,0.0,0.278393,1.2962879999999999,LBN,GAB,7217
1981074,134,80,1478,2011,48166.0,0.0,-0.485404,0.099828,MAR,GAB,7217
1981075,191,80,1478,2011,2453.0,0.0,-0.624346,-0.308052,SEN,GAB,7217
1981076,231,80,1478,2011,4057.0,0.0,1.6884849999999998,-0.474499,USA,GAB,7217
1981077,71,84,1478,2011,12199.0,0.0,0.8677290000000001,2.4618450000000003,ESP,GIB,7217
1981078,43,85,1478,2011,895599.0,0.0,1.072299,1.686826,CHN,GIN,7217
1981079,44,85,1478,2011,119963.0,0.0,-1.069474,-0.867439,CIV,GIN,7217
1981080,77,85,1478,2011,6060.0,0.0,1.532054,0.09339299999999999,FRA,GIN,7217
1981081,111,85,1478,2011,17496.0,0.0,1.298751,0.48013599999999995,ITA,GIN,7217
1981082,124,85,1478,2011,21781.0,0.0,0.278393,1.2962879999999999,LBN,GIN,7217
1981083,179,85,1478,2011,134424.0,0.0,0.558481,2.7056240000000003,PRT,GIN,7217
1981084,191,85,1478,2011,22882.0,0.0,-0.624346,-0.308052,SEN,GIN,7217
1981085,246,85,1478,2011,1079.0,0.0,0.241792,1.353011,ZAF,GIN,7217
1981086,32,89,1478,2011,38020.0,0.0,0.27718400000000004,0.5674319999999999,BRA,GNQ,7217
1981087,43,89,1478,2011,553662.0,0.0,1.072299,1.686826,CHN,GNQ,7217
1981088,45,89,1478,2011,112873.0,0.0,-0.7956340000000001,-0.8532790000000001,CMR,GNQ,7217
1981089,68,89,1478,2011,203249.0,0.0,-0.166243,1.384719,EGY,GNQ,7217
1981090,71,89,1478,2011,25388.0,0.0,0.8677290000000001,2.4618450000000003,ESP,GNQ,7217
1981091,104,89,1478,2011,14638.0,0.0,0.18276199999999998,2.398765,IND,GNQ,7217
1981092,111,89,1478,2011,111034.0,0.0,1.298751,0.48013599999999995,ITA,GNQ,7217
1981093,134,89,1478,2011,105077.0,0.0,-0.485404,0.099828,MAR,GNQ,7217
1981094,179,89,1478,2011,2208.0,0.0,0.558481,2.7056240000000003,PRT,GNQ,7217
1981095,224,89,1478,2011,46807.0,0.0,0.45775,2.4316259999999996,TUR,GNQ,7217
1981096,231,89,1478,2011,103815.0,0.0,1.6884849999999998,-0.474499,USA,GNQ,7217
1981097,18,109,1478,2011,8498.0,0.0,1.221703,1.247961,BEL,ISL,7217
1981098,28,109,1478,2011,1277139.0,0.0,0.8786729999999999,0.442097,BLR,ISL,7217
1981099,43,109,1478,2011,25981.0,0.0,1.072299,1.686826,CHN,ISL,7217
1981100,59,109,1478,2011,107503.0,0.0,1.737788,0.14741600000000002,CZE,ISL,7217
1981101,61,109,1478,2011,11147.0,0.0,2.074435,-3.440815,DEU,ISL,7217
1981102,64,109,1478,2011,60274.0,0.0,1.156026,1.2248299999999999,DNK,ISL,7217
1981103,77,109,1478,2011,0.0,67686.0,1.532054,0.09339299999999999,FRA,ISL,7217
1981104,81,109,1478,2011,155255.0,0.0,1.8048220000000001,0.380141,GBR,ISL,7217
1981105,92,109,1478,2011,0.0,3006.0,-0.669044,-0.787142,GRL,ISL,7217
1981106,100,109,1478,2011,668.0,0.0,0.868294,0.9424299999999999,HRV,ISL,7217
1981107,110,109,1478,2011,12422.0,0.0,1.324384,0.714611,ISR,ISL,7217
1981108,111,109,1478,2011,84212.0,0.0,1.298751,0.48013599999999995,ITA,ISL,7217
1981109,114,109,1478,2011,16981.0,0.0,2.516395,-0.534301,JPN,ISL,7217
1981110,121,109,1478,2011,3009.0,0.0,1.731371,0.8306879999999999,KOR,ISL,7217
1981111,132,109,1478,2011,1707.0,0.0,0.7320939999999999,1.101321,LVA,ISL,7217
1981112,162,109,1478,2011,225836.0,6472.0,1.1655229999999999,1.410167,NLD,ISL,7217
1981113,163,109,1478,2011,3575.0,4393.0,0.8492770000000001,0.050044,NOR,ISL,7217
1981114,177,109,1478,2011,7341.0,0.0,1.133641,1.134203,POL,ISL,7217
1981115,179,109,1478,2011,1552.0,0.0,0.558481,2.7056240000000003,PRT,ISL,7217
1981116,208,109,1478,2011,57110.0,0.0,1.857146,0.366159,SWE,ISL,7217
1981117,231,109,1478,2011,34458.0,0.0,1.6884849999999998,-0.474499,USA,ISL,7217
1981118,249,109,1478,2011,2113.0,0.0,1.803234,0.921233,TWN,ISL,7217
1981119,43,125,1478,2011,280838.0,0.0,1.072299,1.686826,CHN,LBR,7217
1981120,44,125,1478,2011,10851.0,0.0,-1.069474,-0.867439,CIV,LBR,7217
1981121,104,125,1478,2011,17610.0,0.0,0.18276199999999998,2.398765,IND,LBR,7217
1981122,43,126,1478,2011,595723.0,0.0,1.072299,1.686826,CHN,LBY,7217
1981123,68,126,1478,2011,196855.0,0.0,-0.166243,1.384719,EGY,LBY,7217
1981124,90,126,1478,2011,38567.0,0.0,0.138679,1.30044,GRC,LBY,7217
1981125,111,126,1478,2011,350265.0,0.0,1.298751,0.48013599999999995,ITA,LBY,7217
1981126,223,126,1478,2011,808993.0,224722.0,0.151221,1.1252360000000001,TUN,LBY,7217
1981127,224,126,1478,2011,414375.0,0.0,0.45775,2.4316259999999996,TUR,LBY,7217
1981128,43,129,1478,2011,92071.0,0.0,1.072299,1.686826,CHN,LSO,7217
1981129,246,129,1478,2011,696921.0,0.0,0.241792,1.353011,ZAF,LSO,7217
1981130,43,139,1478,2011,23721.0,0.0,1.072299,1.686826,CHN,MHL,7217
1981131,43,145,1478,2011,927888.0,0.0,1.072299,1.686826,CHN,MNG,7217
1981132,114,145,1478,2011,11052.0,0.0,2.516395,-0.534301,JPN,MNG,7217
1981133,186,145,1478,2011,648658.0,0.0,0.47319399999999995,-0.20801599999999998,RUS,MNG,7217
1981134,32,148,1478,2011,6349.0,0.0,0.27718400000000004,0.5674319999999999,BRA,MRT,7217
1981135,43,148,1478,2011,1497790.0,0.0,1.072299,1.686826,CHN,MRT,7217
1981136,44,148,1478,2011,2301.0,0.0,-1.069474,-0.867439,CIV,MRT,7217
1981137,77,148,1478,2011,7726.0,0.0,1.532054,0.09339299999999999,FRA,MRT,7217
1981138,124,148,1478,2011,10741.0,0.0,0.278393,1.2962879999999999,LBN,MRT,7217
1981139,134,148,1478,2011,172095.0,0.0,-0.485404,0.099828,MAR,MRT,7217
1981140,141,148,1478,2011,0.0,1181.0,-0.6778109999999999,-0.653211,MLI,MRT,7217
1981141,191,148,1478,2011,263187.0,0.0,-0.624346,-0.308052,SEN,MRT,7217
1981142,224,148,1478,2011,3452.0,0.0,0.45775,2.4316259999999996,TUR,MRT,7217
1981143,15,151,1478,2011,20206.0,0.0,1.687634,-0.229095,AUT,MUS,7217
1981144,18,151,1478,2011,88152.0,0.0,1.221703,1.247961,BEL,MUS,7217
1981145,41,151,1478,2011,29752.0,0.0,2.2644029999999997,0.406131,CHE,MUS,7217
1981146,43,151,1478,2011,1209550.0,0.0,1.072299,1.686826,CHN,MUS,7217
1981147,61,151,1478,2011,1670.0,0.0,2.074435,-3.440815,DEU,MUS,7217
1981148,64,151,1478,2011,939.0,0.0,1.156026,1.2248299999999999,DNK,MUS,7217
1981149,77,151,1478,2011,0.0,14933.0,1.532054,0.09339299999999999,FRA,MUS,7217
1981150,97,151,1478,2011,7177.0,0.0,0.663588,1.902118,HKG,MUS,7217
1981151,104,151,1478,2011,2740.0,99083.0,0.18276199999999998,2.398765,IND,MUS,7217
1981152,111,151,1478,2011,12219.0,0.0,1.298751,0.48013599999999995,ITA,MUS,7217
1981153,136,151,1478,2011,0.0,2461.0,-1.040519,-0.404883,MDG,MUS,7217
1981154,192,151,1478,2011,52892.0,0.0,1.849116,0.52127,SGP,MUS,7217
1981155,224,151,1478,2011,94379.0,0.0,0.45775,2.4316259999999996,TUR,MUS,7217
1981156,231,151,1478,2011,4791.0,0.0,1.6884849999999998,-0.474499,USA,MUS,7217
1981157,246,151,1478,2011,519846.0,0.0,0.241792,1.353011,ZAF,MUS,7217
1981158,249,151,1478,2011,1429.0,0.0,1.803234,0.921233,TWN,MUS,7217
1981159,2,155,1478,2011,0.0,67632.0,-1.252991,-1.132314,AGO,NAM,7217
1981160,43,155,1478,2011,339057.0,0.0,1.072299,1.686826,CHN,NAM,7217
1981161,61,155,1478,2011,1552.0,0.0,2.074435,-3.440815,DEU,NAM,7217
1981162,71,155,1478,2011,205344.0,0.0,0.8677290000000001,2.4618450000000003,ESP,NAM,7217
1981163,81,155,1478,2011,0.0,2651.0,1.8048220000000001,0.380141,GBR,NAM,7217
1981164,104,155,1478,2011,79691.0,0.0,0.18276199999999998,2.398765,IND,NAM,7217
1981165,130,155,1478,2011,0.0,3592.0,0.747963,0.9759530000000001,LTU,NAM,7217
1981166,216,155,1478,2011,160140.0,0.0,0.889009,1.503118,THA,NAM,7217
1981167,231,155,1478,2011,1485.0,0.0,1.6884849999999998,-0.474499,USA,NAM,7217
1981168,239,155,1478,2011,0.0,1929.0,-0.184453,1.637207,VNM,NAM,7217
1981169,246,155,1478,2011,5164271.0,9390.0,0.241792,1.353011,ZAF,NAM,7217
1981170,247,155,1478,2011,0.0,1232.0,-0.7599,-0.941019,ZMB,NAM,7217
1981171,19,157,1478,2011,113698.0,0.0,-1.189478,-0.8684709999999999,BEN,NER,7217
1981172,21,157,1478,2011,7461.0,0.0,-1.163278,-1.002332,BFA,NER,7217
1981173,43,157,1478,2011,98712.0,0.0,1.072299,1.686826,CHN,NER,7217
1981174,44,157,1478,2011,219468.0,0.0,-1.069474,-0.867439,CIV,NER,7217
1981175,61,157,1478,2011,919.0,0.0,2.074435,-3.440815,DEU,NER,7217
1981176,77,157,1478,2011,74886.0,63899.0,1.532054,0.09339299999999999,FRA,NER,7217
1981177,111,157,1478,2011,3109.0,0.0,1.298751,0.48013599999999995,ITA,NER,7217
1981178,159,157,1478,2011,24837.0,0.0,-1.699286,-1.15511,NGA,NER,7217
1981179,215,157,1478,2011,251874.0,0.0,-0.9156030000000001,-0.884099,TGO,NER,7217
1981180,5,159,1478,2011,123579.0,0.0,0.787289,0.484512,AND,NGA,7217
1981181,13,159,1478,2011,958.0,0.0,0.257238,-0.275891,ATG,NGA,7217
1981182,18,159,1478,2011,262864.0,0.0,1.221703,1.247961,BEL,NGA,7217
1981183,32,159,1478,2011,17794.0,0.0,0.27718400000000004,0.5674319999999999,BRA,NGA,7217
1981184,33,159,1478,2011,37453.0,0.0,0.445982,0.204672,BRB,NGA,7217
1981185,36,159,1478,2011,2443.0,0.0,1.467633,-0.050186,BVT,NGA,7217
1981186,41,159,1478,2011,210911.0,0.0,2.2644029999999997,0.406131,CHE,NGA,7217
1981187,43,159,1478,2011,4642788.0,0.0,1.072299,1.686826,CHN,NGA,7217
1981188,46,159,1478,2011,4741.0,0.0,-0.722957,-0.965141,COD,NGA,7217
1981189,59,159,1478,2011,593379.0,0.0,1.737788,0.14741600000000002,CZE,NGA,7217
1981190,61,159,1478,2011,1246903.0,0.0,2.074435,-3.440815,DEU,NGA,7217
1981191,71,159,1478,2011,95826.0,0.0,0.8677290000000001,2.4618450000000003,ESP,NGA,7217
1981192,77,159,1478,2011,147150.0,0.0,1.532054,0.09339299999999999,FRA,NGA,7217
1981193,81,159,1478,2011,285463.0,0.0,1.8048220000000001,0.380141,GBR,NGA,7217
1981194,97,159,1478,2011,12141.0,0.0,0.663588,1.902118,HKG,NGA,7217
1981195,104,159,1478,2011,153191.0,0.0,0.18276199999999998,2.398765,IND,NGA,7217
1981196,110,159,1478,2011,3798.0,0.0,1.324384,0.714611,ISR,NGA,7217
1981197,111,159,1478,2011,635740.0,0.0,1.298751,0.48013599999999995,ITA,NGA,7217
1981198,114,159,1478,2011,7171.0,0.0,2.516395,-0.534301,JPN,NGA,7217
1981199,121,159,1478,2011,204480.0,0.0,1.731371,0.8306879999999999,KOR,NGA,7217
1981200,153,159,1478,2011,1422152.0,0.0,0.9893290000000001,0.632079,MYS,NGA,7217
1981201,157,159,1478,2011,0.0,24837.0,-0.85208,-0.731996,NER,NGA,7217
1981202,162,159,1478,2011,30320.0,0.0,1.1655229999999999,1.410167,NLD,NGA,7217
1981203,188,159,1478,2011,33141.0,0.0,0.354045,-0.800028,SAU,NGA,7217
1981204,192,159,1478,2011,23679.0,0.0,1.849116,0.52127,SGP,NGA,7217
1981205,224,159,1478,2011,661932.0,0.0,0.45775,2.4316259999999996,TUR,NGA,7217
1981206,228,159,1478,2011,3083344.0,0.0,0.6221409999999999,0.765505,UKR,NGA,7217
1981207,231,159,1478,2011,78816.0,0.0,1.6884849999999998,-0.474499,USA,NGA,7217
1981208,246,159,1478,2011,91728.0,21430.0,0.241792,1.353011,ZAF,NGA,7217
1981209,249,159,1478,2011,67652.0,0.0,1.803234,0.921233,TWN,NGA,7217
1981210,41,164,1478,2011,10572.0,0.0,2.2644029999999997,0.406131,CHE,NPL,7217
1981211,43,164,1478,2011,123865.0,0.0,1.072299,1.686826,CHN,NPL,7217
1981212,104,164,1478,2011,1212824.0,17744326.0,0.18276199999999998,2.398765,IND,NPL,7217
1981213,131,164,1478,2011,110924.0,0.0,1.1655739999999999,1.222379,LUX,NPL,7217
1981214,231,164,1478,2011,5346.0,0.0,1.6884849999999998,-0.474499,USA,NPL,7217
1981215,14,165,1478,2011,2087.0,0.0,-0.138148,0.002999,AUS,NRU,7217
1981216,14,176,1478,2011,74592.0,0.0,-0.138148,0.002999,AUS,PNG,7217
1981217,43,176,1478,2011,4158111.0,0.0,1.072299,1.686826,CHN,PNG,7217
1981218,75,176,1478,2011,51984.0,0.0,-0.434356,-0.010863,FJI,PNG,7217
1981219,103,176,1478,2011,53589.0,0.0,-0.234125,1.168384,IDN,PNG,7217
1981220,114,176,1478,2011,4092.0,0.0,2.516395,-0.534301,JPN,PNG,7217
1981221,121,176,1478,2011,3817.0,0.0,1.731371,0.8306879999999999,KOR,PNG,7217
1981222,153,176,1478,2011,1893832.0,0.0,0.9893290000000001,0.632079,MYS,PNG,7217
1981223,166,176,1478,2011,116335.0,0.0,0.372732,0.548601,NZL,PNG,7217
1981224,192,176,1478,2011,62103.0,0.0,1.849116,0.52127,SGP,PNG,7217
1981225,231,176,1478,2011,35529.0,0.0,1.6884849999999998,-0.474499,USA,PNG,7217
1981226,24,178,1478,2011,0.0,3380981.0,0.04085,-0.873711,BHR,PRK,7217
1981227,32,178,1478,2011,0.0,225565.0,0.27718400000000004,0.5674319999999999,BRA,PRK,7217
1981228,43,178,1478,2011,1513349.0,0.0,1.072299,1.686826,CHN,PRK,7217
1981229,61,178,1478,2011,6130.0,0.0,2.074435,-3.440815,DEU,PRK,7217
1981230,138,178,1478,2011,0.0,1111.0,0.9534600000000001,0.706982,MEX,PRK,7217
1981231,186,178,1478,2011,5071.0,0.0,0.47319399999999995,-0.20801599999999998,RUS,PRK,7217
1981232,216,178,1478,2011,0.0,16232.0,0.889009,1.503118,THA,PRK,7217
1981233,18,182,1478,2011,167618.0,0.0,1.221703,1.247961,BEL,PYF,7217
1981234,43,182,1478,2011,21703.0,0.0,1.072299,1.686826,CHN,PYF,7217
1981235,61,182,1478,2011,3739.0,0.0,2.074435,-3.440815,DEU,PYF,7217
1981236,77,182,1478,2011,51015.0,0.0,1.532054,0.09339299999999999,FRA,PYF,7217
1981237,111,182,1478,2011,1072.0,0.0,1.298751,0.48013599999999995,ITA,PYF,7217
1981238,162,182,1478,2011,11524.0,0.0,1.1655229999999999,1.410167,NLD,PYF,7217
1981239,231,182,1478,2011,1411.0,0.0,1.6884849999999998,-0.474499,USA,PYF,7217
1981240,43,199,1478,2011,32781.0,0.0,1.072299,1.686826,CHN,SOM,7217
1981241,77,199,1478,2011,0.0,19818.0,1.532054,0.09339299999999999,FRA,SOM,7217
1981242,166,209,1478,2011,0.0,528.0,0.372732,0.548601,NZL,SWZ,7217
1981243,246,209,1478,2011,1528762.0,5086.0,0.241792,1.353011,ZAF,SWZ,7217
1981244,9,212,1478,2011,0.0,25607.0,0.543397,-0.029376999999999997,ARM,SYR,7217
1981245,18,212,1478,2011,1256744.0,0.0,1.221703,1.247961,BEL,SYR,7217
1981246,32,212,1478,2011,22806.0,0.0,0.27718400000000004,0.5674319999999999,BRA,SYR,7217
1981247,43,212,1478,2011,18136607.0,0.0,1.072299,1.686826,CHN,SYR,7217
1981248,44,212,1478,2011,0.0,2543.0,-1.069474,-0.867439,CIV,SYR,7217
1981249,61,212,1478,2011,166860.0,0.0,2.074435,-3.440815,DEU,SYR,7217
1981250,68,212,1478,2011,93842.0,134627.0,-0.166243,1.384719,EGY,SYR,7217
1981251,71,212,1478,2011,434366.0,0.0,0.8677290000000001,2.4618450000000003,ESP,SYR,7217
1981252,77,212,1478,2011,43361.0,0.0,1.532054,0.09339299999999999,FRA,SYR,7217
1981253,81,212,1478,2011,360922.0,0.0,1.8048220000000001,0.380141,GBR,SYR,7217
1981254,111,212,1478,2011,141337.0,0.0,1.298751,0.48013599999999995,ITA,SYR,7217
1981255,124,212,1478,2011,0.0,108485.0,0.278393,1.2962879999999999,LBN,SYR,7217
1981256,162,212,1478,2011,248807.0,0.0,1.1655229999999999,1.410167,NLD,SYR,7217
1981257,188,212,1478,2011,88000.0,0.0,0.354045,-0.800028,SAU,SYR,7217
1981258,224,212,1478,2011,3743867.0,0.0,0.45775,2.4316259999999996,TUR,SYR,7217
1981259,231,213,1478,2011,110488.0,0.0,1.6884849999999998,-0.474499,USA,TCA,7217
1981260,18,215,1478,2011,779077.0,0.0,1.221703,1.247961,BEL,TGO,7217
1981261,19,215,1478,2011,0.0,151382.0,-1.189478,-0.8684709999999999,BEN,TGO,7217
1981262,21,215,1478,2011,0.0,620866.0,-1.163278,-1.002332,BFA,TGO,7217
1981263,43,215,1478,2011,802722.0,0.0,1.072299,1.686826,CHN,TGO,7217
1981264,44,215,1478,2011,35848.0,18962.0,-1.069474,-0.867439,CIV,TGO,7217
1981265,61,215,1478,2011,91922.0,0.0,2.074435,-3.440815,DEU,TGO,7217
1981266,71,215,1478,2011,289652.0,0.0,0.8677290000000001,2.4618450000000003,ESP,TGO,7217
1981267,77,215,1478,2011,400463.0,0.0,1.532054,0.09339299999999999,FRA,TGO,7217
1981268,83,215,1478,2011,0.0,52053.0,-0.8627319999999999,-0.608823,GHA,TGO,7217
1981269,141,215,1478,2011,141633.0,895628.0,-0.6778109999999999,-0.653211,MLI,TGO,7217
1981270,157,215,1478,2011,0.0,251874.0,-0.85208,-0.731996,NER,TGO,7217
1981271,214,215,1478,2011,0.0,50728.0,-2.368546,-0.814948,TCD,TGO,7217
1981272,231,215,1478,2011,6169.0,0.0,1.6884849999999998,-0.474499,USA,TGO,7217
1981273,14,220,1478,2011,16299.0,0.0,-0.138148,0.002999,AUS,TLS,7217
1981274,43,220,1478,2011,77053.0,0.0,1.072299,1.686826,CHN,TLS,7217
1981275,103,220,1478,2011,1233.0,0.0,-0.234125,1.168384,IDN,TLS,7217
1981276,7,223,1478,2011,0.0,846603.0,0.030652,-0.450808,ARE,TUN,7217
1981277,8,223,1478,2011,90351.0,0.0,0.240494,0.540376,ARG,TUN,7217
1981278,15,223,1478,2011,110372.0,0.0,1.687634,-0.229095,AUT,TUN,7217
1981279,18,223,1478,2011,644171.0,46347.0,1.221703,1.247961,BEL,TUN,7217
1981280,43,223,1478,2011,789665.0,0.0,1.072299,1.686826,CHN,TUN,7217
1981281,44,223,1478,2011,0.0,47462.0,-1.069474,-0.867439,CIV,TUN,7217
1981282,47,223,1478,2011,0.0,2402.0,-0.979359,-1.084589,COG,TUN,7217
1981283,58,223,1478,2011,0.0,121719.0,0.798165,0.424179,CYP,TUN,7217
1981284,61,223,1478,2011,596763.0,44920.0,2.074435,-3.440815,DEU,TUN,7217
1981285,66,223,1478,2011,177246.0,11855.0,-1.36763,-1.140594,DZA,TUN,7217
1981286,68,223,1478,2011,84619.0,3756549.0,-0.166243,1.384719,EGY,TUN,7217
1981287,71,223,1478,2011,327749.0,48919.0,0.8677290000000001,2.4618450000000003,ESP,TUN,7217
1981288,77,223,1478,2011,1404991.0,1917.0,1.532054,0.09339299999999999,FRA,TUN,7217
1981289,81,223,1478,2011,0.0,1730825.0,1.8048220000000001,0.380141,GBR,TUN,7217
1981290,104,223,1478,2011,324316.0,0.0,0.18276199999999998,2.398765,IND,TUN,7217
1981291,107,223,1478,2011,0.0,116460.0,-0.915379,-0.973194,IRN,TUN,7217
1981292,111,223,1478,2011,2785640.0,44801.0,1.298751,0.48013599999999995,ITA,TUN,7217
1981293,121,223,1478,2011,3636.0,0.0,1.731371,0.8306879999999999,KOR,TUN,7217
1981294,122,223,1478,2011,0.0,91643.0,-0.898582,-1.09893,KWT,TUN,7217
1981295,124,223,1478,2011,0.0,54241.0,0.278393,1.2962879999999999,LBN,TUN,7217
1981296,126,223,1478,2011,224722.0,808993.0,-1.680464,-1.148511,LBY,TUN,7217
1981297,134,223,1478,2011,691807.0,7713258.0,-0.485404,0.099828,MAR,TUN,7217
1981298,162,223,1478,2011,4612.0,0.0,1.1655229999999999,1.410167,NLD,TUN,7217
1981299,168,223,1478,2011,0.0,22969.0,-0.729677,0.6026729999999999,PAK,TUN,7217
1981300,177,223,1478,2011,0.0,336776.0,1.133641,1.134203,POL,TUN,7217
1981301,179,223,1478,2011,0.0,18566.0,0.558481,2.7056240000000003,PRT,TUN,7217
1981302,181,223,1478,2011,0.0,191254.0,0.07902999999999999,0.550277,PSE,TUN,7217
1981303,190,223,1478,2011,0.0,7337.0,-2.1675869999999997,-1.249272,SDN,TUN,7217
1981304,206,223,1478,2011,47440.0,0.0,1.262897,0.8230569999999999,SVK,TUN,7217
1981305,224,223,1478,2011,406427.0,0.0,0.45775,2.4316259999999996,TUR,TUN,7217
1981306,231,223,1478,2011,2601.0,0.0,1.6884849999999998,-0.474499,USA,TUN,7217
1981307,243,223,1478,2011,0.0,131411.0,-1.44127,-1.242875,YEM,TUN,7217
1981308,250,223,1478,2011,0.0,498456.0,0.475638,-0.160135,ANS,TUN,7217
1981309,7,226,1478,2011,7571.0,0.0,0.030652,-0.450808,ARE,TZA,7217
1981310,14,226,1478,2011,3084.0,0.0,-0.138148,0.002999,AUS,TZA,7217
1981311,17,226,1478,2011,0.0,550.0,-0.8287049999999999,-0.774558,BDI,TZA,7217
1981312,41,226,1478,2011,746.0,0.0,2.2644029999999997,0.406131,CHE,TZA,7217
1981313,43,226,1478,2011,7165709.0,0.0,1.072299,1.686826,CHN,TZA,7217
1981314,46,226,1478,2011,0.0,6412.0,-0.722957,-0.965141,COD,TZA,7217
1981315,59,226,1478,2011,35252.0,0.0,1.737788,0.14741600000000002,CZE,TZA,7217
1981316,61,226,1478,2011,21682.0,0.0,2.074435,-3.440815,DEU,TZA,7217
1981317,68,226,1478,2011,278132.0,0.0,-0.166243,1.384719,EGY,TZA,7217
1981318,81,226,1478,2011,65679.0,0.0,1.8048220000000001,0.380141,GBR,TZA,7217
1981319,97,226,1478,2011,292920.0,0.0,0.663588,1.902118,HKG,TZA,7217
1981320,104,226,1478,2011,137027.0,0.0,0.18276199999999998,2.398765,IND,TZA,7217
1981321,111,226,1478,2011,8083.0,0.0,1.298751,0.48013599999999995,ITA,TZA,7217
1981322,116,226,1478,2011,169433.0,488990.0,-0.48319300000000004,0.346927,KEN,TZA,7217
1981323,162,226,1478,2011,10499.0,0.0,1.1655229999999999,1.410167,NLD,TZA,7217
1981324,163,226,1478,2011,1621.0,0.0,0.8492770000000001,0.050044,NOR,TZA,7217
1981325,187,226,1478,2011,0.0,6015.0,-0.684475,-0.690734,RWA,TZA,7217
1981326,224,226,1478,2011,62638.0,0.0,0.45775,2.4316259999999996,TUR,TZA,7217
1981327,227,226,1478,2011,62400.0,60724.0,-0.7153,-0.062678,UGA,TZA,7217
1981328,246,226,1478,2011,239313.0,0.0,0.241792,1.353011,ZAF,TZA,7217
1981329,247,226,1478,2011,0.0,25024.0,-0.7599,-0.941019,ZMB,TZA,7217
1981330,7,227,1478,2011,8661.0,0.0,0.030652,-0.450808,ARE,UGA,7217
1981331,17,227,1478,2011,0.0,39699.0,-0.8287049999999999,-0.774558,BDI,UGA,7217
1981332,43,227,1478,2011,89222.0,0.0,1.072299,1.686826,CHN,UGA,7217
1981333,46,227,1478,2011,0.0,86627.0,-0.722957,-0.965141,COD,UGA,7217
1981334,61,227,1478,2011,103069.0,0.0,2.074435,-3.440815,DEU,UGA,7217
1981335,81,227,1478,2011,70665.0,0.0,1.8048220000000001,0.380141,GBR,UGA,7217
1981336,97,227,1478,2011,49784.0,0.0,0.663588,1.902118,HKG,UGA,7217
1981337,104,227,1478,2011,197806.0,0.0,0.18276199999999998,2.398765,IND,UGA,7217
1981338,114,227,1478,2011,3463.0,0.0,2.516395,-0.534301,JPN,UGA,7217
1981339,116,227,1478,2011,174481.0,3545121.0,-0.48319300000000004,0.346927,KEN,UGA,7217
1981340,187,227,1478,2011,0.0,801158.0,-0.684475,-0.690734,RWA,UGA,7217
1981341,190,227,1478,2011,0.0,75430.0,-2.1675869999999997,-1.249272,SDN,UGA,7217
1981342,226,227,1478,2011,60724.0,62400.0,-0.751316,0.286505,TZA,UGA,7217
1981343,228,227,1478,2011,948.0,0.0,0.6221409999999999,0.765505,UKR,UGA,7217
1981344,246,227,1478,2011,99552.0,0.0,0.241792,1.353011,ZAF,UGA,7217
1981345,43,234,1478,2011,24673.0,0.0,1.072299,1.686826,CHN,VCT,7217
1981346,111,234,1478,2011,28849.0,0.0,1.298751,0.48013599999999995,ITA,VCT,7217
1981347,222,234,1478,2011,6393.0,0.0,-0.44228,-1.031793,TTO,VCT,7217
1981348,231,234,1478,2011,14377.0,0.0,1.6884849999999998,-0.474499,USA,VCT,7217
1981349,71,237,1478,2011,0.0,3443.0,0.8677290000000001,2.4618450000000003,ESP,VGB,7217
1981350,177,237,1478,2011,17615.0,0.0,1.133641,1.134203,POL,VGB,7217
1981351,228,237,1478,2011,2020.0,0.0,0.6221409999999999,0.765505,UKR,VGB,7217
1981352,231,237,1478,2011,15296.0,0.0,1.6884849999999998,-0.474499,USA,VGB,7217
1981353,14,247,1478,2011,46036.0,0.0,-0.138148,0.002999,AUS,ZMB,7217
1981354,19,247,1478,2011,0.0,1562.0,-1.189478,-0.8684709999999999,BEN,ZMB,7217
1981355,37,247,1478,2011,3372.0,0.0,-0.48782600000000004,-1.051639,BWA,ZMB,7217
1981356,43,247,1478,2011,1724200.0,0.0,1.072299,1.686826,CHN,ZMB,7217
1981357,46,247,1478,2011,0.0,17253.0,-0.722957,-0.965141,COD,ZMB,7217
1981358,97,247,1478,2011,16837.0,0.0,0.663588,1.902118,HKG,ZMB,7217
1981359,104,247,1478,2011,3633.0,0.0,0.18276199999999998,2.398765,IND,ZMB,7217
1981360,111,247,1478,2011,2287.0,0.0,1.298751,0.48013599999999995,ITA,ZMB,7217
1981361,155,247,1478,2011,1232.0,0.0,-0.42998400000000003,-0.632233,NAM,ZMB,7217
1981362,173,247,1478,2011,895.0,0.0,-0.455977,0.442543,PER,ZMB,7217
1981363,208,247,1478,2011,2809.0,0.0,1.857146,0.366159,SWE,ZMB,7217
1981364,226,247,1478,2011,25024.0,0.0,-0.751316,0.286505,TZA,ZMB,7217
1981365,231,247,1478,2011,5076.0,0.0,1.6884849999999998,-0.474499,USA,ZMB,7217
1981366,246,247,1478,2011,6387866.0,6748.0,0.241792,1.353011,ZAF,ZMB,7217
1981367,248,247,1478,2011,596173.0,4337.0,-0.858662,-0.8632719999999999,ZWE,ZMB,7217
1981368,43,120,1478,2011,11760.0,0.0,1.072299,1.686826,CHN,KNA,7217
1981369,65,120,1478,2011,5960.0,0.0,-0.260653,0.5682010000000001,DOM,KNA,7217
1981370,222,120,1478,2011,18667.0,0.0,-0.44228,-1.031793,TTO,KNA,7217
1981371,231,120,1478,2011,18466.0,0.0,1.6884849999999998,-0.474499,USA,KNA,7217
1981372,18,127,1478,2011,1431.0,0.0,1.221703,1.247961,BEL,LCA,7217
1981373,39,127,1478,2011,886.0,0.0,0.754813,1.1967290000000002,CAN,LCA,7217
1981374,43,127,1478,2011,48855.0,0.0,1.072299,1.686826,CHN,LCA,7217
1981375,61,127,1478,2011,2341.0,0.0,2.074435,-3.440815,DEU,LCA,7217
1981376,65,127,1478,2011,6567.0,0.0,-0.260653,0.5682010000000001,DOM,LCA,7217
1981377,169,127,1478,2011,3308.0,0.0,0.786135,1.061008,PAN,LCA,7217
1981378,222,127,1478,2011,16961.0,0.0,-0.44228,-1.031793,TTO,LCA,7217
1981379,231,127,1478,2011,32002.0,0.0,1.6884849999999998,-0.474499,USA,LCA,7217
1981380,43,9,1478,2011,216670.0,0.0,1.072299,1.686826,CHN,ARM,7217
1981381,71,9,1478,2011,16053.0,0.0,0.8677290000000001,2.4618450000000003,ESP,ARM,7217
1981382,82,9,1478,2011,784686.0,0.0,-0.07754,-0.35434699999999997,GEO,ARM,7217
1981383,107,9,1478,2011,15034.0,0.0,-0.915379,-0.973194,IRN,ARM,7217
1981384,111,9,1478,2011,1076.0,0.0,1.298751,0.48013599999999995,ITA,ARM,7217
1981385,186,9,1478,2011,7651.0,0.0,0.47319399999999995,-0.20801599999999998,RUS,ARM,7217
1981386,212,9,1478,2011,25607.0,0.0,-0.604133,0.5268970000000001,SYR,ARM,7217
1981387,224,9,1478,2011,4446.0,0.0,0.45775,2.4316259999999996,TUR,ARM,7217
1981388,228,9,1478,2011,1347500.0,0.0,0.6221409999999999,0.765505,UKR,ARM,7217
1981389,43,57,1478,2011,5958.0,0.0,1.072299,1.686826,CHN,CYM,7217
1981390,231,57,1478,2011,16212.0,0.0,1.6884849999999998,-0.474499,USA,CYM,7217
1981391,7,141,1478,2011,4695.0,0.0,0.030652,-0.450808,ARE,MLI,7217
1981392,14,141,1478,2011,2414.0,0.0,-0.138148,0.002999,AUS,MLI,7217
1981393,18,141,1478,2011,155684.0,0.0,1.221703,1.247961,BEL,MLI,7217
1981394,21,141,1478,2011,0.0,2791.0,-1.163278,-1.002332,BFA,MLI,7217
1981395,39,141,1478,2011,1209.0,0.0,0.754813,1.1967290000000002,CAN,MLI,7217
1981396,41,141,1478,2011,4030.0,0.0,2.2644029999999997,0.406131,CHE,MLI,7217
1981397,43,141,1478,2011,313634.0,1496001.0,1.072299,1.686826,CHN,MLI,7217
1981398,44,141,1478,2011,333164.0,1700.0,-1.069474,-0.867439,CIV,MLI,7217
1981399,81,141,1478,2011,50586.0,0.0,1.8048220000000001,0.380141,GBR,MLI,7217
1981400,111,141,1478,2011,15895.0,0.0,1.298751,0.48013599999999995,ITA,MLI,7217
1981401,134,141,1478,2011,278348.0,0.0,-0.485404,0.099828,MAR,MLI,7217
1981402,148,141,1478,2011,1181.0,0.0,-1.2593379999999998,-1.1793209999999998,MRT,MLI,7217
1981403,191,141,1478,2011,1104294.0,0.0,-0.624346,-0.308052,SEN,MLI,7217
1981404,215,141,1478,2011,895628.0,141633.0,-0.9156030000000001,-0.884099,TGO,MLI,7217
1981405,228,141,1478,2011,2971.0,0.0,0.6221409999999999,0.765505,UKR,MLI,7217
1981406,246,141,1478,2011,3322.0,0.0,0.241792,1.353011,ZAF,MLI,7217
1981407,15,144,1478,2011,3529.0,0.0,1.687634,-0.229095,AUT,MNE,7217
1981408,26,144,1478,2011,1095972.0,984.0,0.391425,0.6066600000000001,BIH,MNE,7217
1981409,43,144,1478,2011,169382.0,0.0,1.072299,1.686826,CHN,MNE,7217
1981410,111,144,1478,2011,41744.0,0.0,1.298751,0.48013599999999995,ITA,MNE,7217
1981411,140,144,1478,2011,133737.0,0.0,-0.12310499999999999,0.16392,MKD,MNE,7217
1981412,185,144,1478,2011,16052.0,0.0,0.722,1.296655,ROU,MNE,7217
1981413,201,144,1478,2011,173190.0,0.0,0.49055699999999997,1.5601399999999999,SRB,MNE,7217
1981414,207,144,1478,2011,4334.0,0.0,1.642913,0.700222,SVN,MNE,7217
1981415,224,144,1478,2011,97668.0,0.0,0.45775,2.4316259999999996,TUR,MNE,7217
1981416,250,144,1478,2011,12552.0,0.0,0.475638,-0.160135,ANS,MNE,7217
1981417,39,196,1478,2011,1357.0,0.0,0.754813,1.1967290000000002,CAN,SLE,7217
1981418,43,196,1478,2011,258571.0,0.0,1.072299,1.686826,CHN,SLE,7217
1981419,77,196,1478,2011,0.0,24549.0,1.532054,0.09339299999999999,FRA,SLE,7217
1981420,81,196,1478,2011,1757.0,0.0,1.8048220000000001,0.380141,GBR,SLE,7217
1981421,111,196,1478,2011,23449.0,0.0,1.298751,0.48013599999999995,ITA,SLE,7217
1981422,191,196,1478,2011,9892.0,0.0,-0.624346,-0.308052,SEN,SLE,7217
1981423,166,48,1478,2011,7930.0,0.0,0.372732,0.548601,NZL,COK,7217
1981424,7,50,1478,2011,8591.0,0.0,0.030652,-0.450808,ARE,COM,7217
1981425,43,50,1478,2011,4108.0,0.0,1.072299,1.686826,CHN,COM,7217
1981426,77,50,1478,2011,5989.0,0.0,1.532054,0.09339299999999999,FRA,COM,7217
1981427,224,50,1478,2011,3321.0,0.0,0.45775,2.4316259999999996,TUR,COM,7217
1981428,7,152,1478,2011,939.0,0.0,0.030652,-0.450808,ARE,MWI,7217
1981429,43,152,1478,2011,388305.0,0.0,1.072299,1.686826,CHN,MWI,7217
1981430,47,152,1478,2011,0.0,6501.0,-0.979359,-1.084589,COG,MWI,7217
1981431,97,152,1478,2011,35040.0,0.0,0.663588,1.902118,HKG,MWI,7217
1981432,104,152,1478,2011,14949.0,0.0,0.18276199999999998,2.398765,IND,MWI,7217
1981433,147,152,1478,2011,45482.0,0.0,-1.2069299999999998,-0.977785,MOZ,MWI,7217
1981434,246,152,1478,2011,997418.0,0.0,0.241792,1.353011,ZAF,MWI,7217
1981435,248,152,1478,2011,19506.0,0.0,-0.858662,-0.8632719999999999,ZWE,MWI,7217
1981436,249,152,1478,2011,168652.0,0.0,1.803234,0.921233,TWN,MWI,7217
1981437,43,0,1478,2011,3654.0,0.0,1.072299,1.686826,CHN,ABW,7217
1981438,162,0,1478,2011,8707.0,0.0,1.1655229999999999,1.410167,NLD,ABW,7217
1981439,169,0,1478,2011,7162.0,0.0,0.786135,1.061008,PAN,ABW,7217
1981440,231,0,1478,2011,13794.0,0.0,1.6884849999999998,-0.474499,USA,ABW,7217
1981441,236,0,1478,2011,30725.0,139.0,-0.841147,-1.095636,VEN,ABW,7217
1981442,14,34,1478,2011,5674.0,0.0,-0.138148,0.002999,AUS,BRN,7217
1981443,43,34,1478,2011,543053.0,0.0,1.072299,1.686826,CHN,BRN,7217
1981444,81,34,1478,2011,87954.0,0.0,1.8048220000000001,0.380141,GBR,BRN,7217
1981445,111,34,1478,2011,2485.0,0.0,1.298751,0.48013599999999995,ITA,BRN,7217
1981446,114,34,1478,2011,22903.0,0.0,2.516395,-0.534301,JPN,BRN,7217
1981447,153,34,1478,2011,211912.0,22650.0,0.9893290000000001,0.632079,MYS,BRN,7217
1981448,192,34,1478,2011,432985.0,0.0,1.849116,0.52127,SGP,BRN,7217
1981449,231,34,1478,2011,11825.0,0.0,1.6884849999999998,-0.474499,USA,BRN,7217
1981450,249,34,1478,2011,257209.0,0.0,1.803234,0.921233,TWN,BRN,7217
1981451,104,35,1478,2011,251376.0,0.0,0.18276199999999998,2.398765,IND,BTN,7217
1981452,43,38,1478,2011,647.0,0.0,1.072299,1.686826,CHN,CAF,7217
1981453,45,38,1478,2011,23012.0,0.0,-0.7956340000000001,-0.8532790000000001,CMR,CAF,7217
1981454,61,38,1478,2011,4500.0,0.0,2.074435,-3.440815,DEU,CAF,7217
1981455,32,51,1478,2011,166026.0,0.0,0.27718400000000004,0.5674319999999999,BRA,CPV,7217
1981456,71,51,1478,2011,44848.0,0.0,0.8677290000000001,2.4618450000000003,ESP,CPV,7217
1981457,179,51,1478,2011,147014.0,0.0,0.558481,2.7056240000000003,PRT,CPV,7217
1981458,224,51,1478,2011,65331.0,0.0,0.45775,2.4316259999999996,TUR,CPV,7217
1981459,43,69,1478,2011,23247.0,0.0,1.072299,1.686826,CHN,ERI,7217
1981460,68,69,1478,2011,65924.0,0.0,-0.166243,1.384719,EGY,ERI,7217
1981461,111,69,1478,2011,1192303.0,0.0,1.298751,0.48013599999999995,ITA,ERI,7217
1981462,10,75,1478,2011,0.0,24011.0,0.683813,-0.147767,ASM,FJI,7217
1981463,14,75,1478,2011,292155.0,0.0,-0.138148,0.002999,AUS,FJI,7217
1981464,18,75,1478,2011,21498.0,0.0,1.221703,1.247961,BEL,FJI,7217
1981465,43,75,1478,2011,2377498.0,0.0,1.072299,1.686826,CHN,FJI,7217
1981466,97,75,1478,2011,5452.0,0.0,0.663588,1.902118,HKG,FJI,7217
1981467,104,75,1478,2011,53415.0,0.0,0.18276199999999998,2.398765,IND,FJI,7217
1981468,119,75,1478,2011,0.0,12190.0,0.129038,-0.670175,KIR,FJI,7217
1981469,153,75,1478,2011,117935.0,0.0,0.9893290000000001,0.632079,MYS,FJI,7217
1981470,166,75,1478,2011,135878.0,27423.0,0.372732,0.548601,NZL,FJI,7217
1981471,176,75,1478,2011,0.0,51984.0,-1.1111659999999999,-0.9458610000000001,PNG,FJI,7217
1981472,192,75,1478,2011,31209.0,0.0,1.849116,0.52127,SGP,FJI,7217
1981473,195,75,1478,2011,0.0,6268.0,-1.401353,-0.931205,SLB,FJI,7217
1981474,221,75,1478,2011,0.0,11748.0,-0.14256,-0.589116,TON,FJI,7217
1981475,231,75,1478,2011,659.0,0.0,1.6884849999999998,-0.474499,USA,FJI,7217
1981476,240,75,1478,2011,0.0,47513.0,-1.324335,-0.9620629999999999,VUT,FJI,7217
1981477,241,75,1478,2011,0.0,1292.0,0.512842,-0.681142,WLF,FJI,7217
1981478,242,75,1478,2011,0.0,7838.0,0.9658110000000001,0.30804699999999996,WSM,FJI,7217
1981479,246,75,1478,2011,11008.0,0.0,0.241792,1.353011,ZAF,FJI,7217
1981480,249,75,1478,2011,0.0,1493.0,1.803234,0.921233,TWN,FJI,7217
1981481,7,87,1478,2011,16135.0,0.0,0.030652,-0.450808,ARE,GMB,7217
1981482,43,87,1478,2011,294212.0,0.0,1.072299,1.686826,CHN,GMB,7217
1981483,44,87,1478,2011,14385.0,0.0,-1.069474,-0.867439,CIV,GMB,7217
1981484,81,87,1478,2011,12587.0,0.0,1.8048220000000001,0.380141,GBR,GMB,7217
1981485,83,87,1478,2011,4162.0,0.0,-0.8627319999999999,-0.608823,GHA,GMB,7217
1981486,162,87,1478,2011,67737.0,0.0,1.1655229999999999,1.410167,NLD,GMB,7217
1981487,191,87,1478,2011,9708.0,0.0,-0.624346,-0.308052,SEN,GMB,7217
1981488,224,87,1478,2011,177393.0,0.0,0.45775,2.4316259999999996,TUR,GMB,7217
1981489,43,123,1478,2011,776339.0,0.0,1.072299,1.686826,CHN,LAO,7217
1981490,97,123,1478,2011,976.0,0.0,0.663588,1.902118,HKG,LAO,7217
1981491,216,123,1478,2011,5966042.0,0.0,0.889009,1.503118,THA,LAO,7217
1981492,239,123,1478,2011,1034280.0,0.0,-0.184453,1.637207,VNM,LAO,7217
1981493,43,133,1478,2011,363862.0,4475.0,1.072299,1.686826,CHN,MAC,7217
1981494,81,133,1478,2011,1170.0,0.0,1.8048220000000001,0.380141,GBR,MAC,7217
1981495,97,133,1478,2011,9849.0,2457.0,0.663588,1.902118,HKG,MAC,7217
1981496,114,133,1478,2011,1661.0,0.0,2.516395,-0.534301,JPN,MAC,7217
1981497,249,133,1478,2011,1344.0,0.0,1.803234,0.921233,TWN,MAC,7217
1981498,7,136,1478,2011,956.0,0.0,0.030652,-0.450808,ARE,MDG,7217
1981499,43,136,1478,2011,1013771.0,0.0,1.072299,1.686826,CHN,MDG,7217
1981500,68,136,1478,2011,18726.0,0.0,-0.166243,1.384719,EGY,MDG,7217
1981501,77,136,1478,2011,66649.0,0.0,1.532054,0.09339299999999999,FRA,MDG,7217
1981502,97,136,1478,2011,5292.0,0.0,0.663588,1.902118,HKG,MDG,7217
1981503,104,136,1478,2011,22387.0,12300.0,0.18276199999999998,2.398765,IND,MDG,7217
1981504,111,136,1478,2011,43956.0,0.0,1.298751,0.48013599999999995,ITA,MDG,7217
1981505,121,136,1478,2011,26500.0,0.0,1.731371,0.8306879999999999,KOR,MDG,7217
1981506,151,136,1478,2011,2461.0,0.0,-0.09464600000000001,0.091177,MUS,MDG,7217
1981507,231,136,1478,2011,1791.0,0.0,1.6884849999999998,-0.474499,USA,MDG,7217
1981508,246,136,1478,2011,53882.0,0.0,0.241792,1.353011,ZAF,MDG,7217
1981509,249,136,1478,2011,4453.0,0.0,1.803234,0.921233,TWN,MDG,7217
1981510,7,137,1478,2011,982.0,0.0,0.030652,-0.450808,ARE,MDV,7217
1981511,43,137,1478,2011,142193.0,0.0,1.072299,1.686826,CHN,MDV,7217
1981512,64,137,1478,2011,538.0,0.0,1.156026,1.2248299999999999,DNK,MDV,7217
1981513,97,137,1478,2011,2627.0,0.0,0.663588,1.902118,HKG,MDV,7217
1981514,104,137,1478,2011,21351.0,0.0,0.18276199999999998,2.398765,IND,MDV,7217
1981515,128,137,1478,2011,6877.0,0.0,-0.559311,0.398905,LKA,MDV,7217
1981516,153,137,1478,2011,12770.0,0.0,0.9893290000000001,0.632079,MYS,MDV,7217
1981517,192,137,1478,2011,110327.0,0.0,1.849116,0.52127,SGP,MDV,7217
1981518,216,137,1478,2011,11055.0,0.0,0.889009,1.503118,THA,MDV,7217
1981519,14,156,1478,2011,21132.0,0.0,-0.138148,0.002999,AUS,NCL,7217
1981520,18,156,1478,2011,20940.0,0.0,1.221703,1.247961,BEL,NCL,7217
1981521,43,156,1478,2011,164732.0,0.0,1.072299,1.686826,CHN,NCL,7217
1981522,61,156,1478,2011,2184.0,0.0,2.074435,-3.440815,DEU,NCL,7217
1981523,77,156,1478,2011,186343.0,0.0,1.532054,0.09339299999999999,FRA,NCL,7217
1981524,81,156,1478,2011,3687.0,0.0,1.8048220000000001,0.380141,GBR,NCL,7217
1981525,111,156,1478,2011,6688.0,0.0,1.298751,0.48013599999999995,ITA,NCL,7217
1981526,121,156,1478,2011,36953.0,0.0,1.731371,0.8306879999999999,KOR,NCL,7217
1981527,166,156,1478,2011,23614.0,0.0,0.372732,0.548601,NZL,NCL,7217
1981528,181,156,1478,2011,0.0,35079.0,0.07902999999999999,0.550277,PSE,NCL,7217
1981529,240,156,1478,2011,0.0,1051.0,-1.324335,-0.9620629999999999,VUT,NCL,7217
1981530,32,160,1478,2011,22116.0,0.0,0.27718400000000004,0.5674319999999999,BRA,NIC,7217
1981531,39,160,1478,2011,1694.0,0.0,0.754813,1.1967290000000002,CAN,NIC,7217
1981532,43,160,1478,2011,6441.0,0.0,1.072299,1.686826,CHN,NIC,7217
1981533,52,160,1478,2011,39533.0,0.0,0.04325,-0.553193,CRI,NIC,7217
1981534,65,160,1478,2011,181570.0,0.0,-0.260653,0.5682010000000001,DOM,NIC,7217
1981535,71,160,1478,2011,149605.0,0.0,0.8677290000000001,2.4618450000000003,ESP,NIC,7217
1981536,93,160,1478,2011,23049.0,0.0,-0.329497,0.775369,GTM,NIC,7217
1981537,99,160,1478,2011,15132.0,0.0,-0.740241,-0.311952,HND,NIC,7217
1981538,138,160,1478,2011,57753.0,0.0,0.9534600000000001,0.706982,MEX,NIC,7217
1981539,169,160,1478,2011,33704.0,0.0,0.786135,1.061008,PAN,NIC,7217
1981540,173,160,1478,2011,21298.0,0.0,-0.455977,0.442543,PER,NIC,7217
1981541,197,160,1478,2011,223254.0,0.0,-0.09713200000000001,0.20772600000000002,SLV,NIC,7217
1981542,208,160,1478,2011,5830.0,0.0,1.857146,0.366159,SWE,NIC,7217
1981543,231,160,1478,2011,58707.0,0.0,1.6884849999999998,-0.474499,USA,NIC,7217
1981544,18,181,1478,2011,57017.0,0.0,1.221703,1.247961,BEL,PSE,7217
1981545,43,181,1478,2011,93378.0,0.0,1.072299,1.686826,CHN,PSE,7217
1981546,61,181,1478,2011,5548.0,0.0,2.074435,-3.440815,DEU,PSE,7217
1981547,68,181,1478,2011,670924.0,0.0,-0.166243,1.384719,EGY,PSE,7217
1981548,71,181,1478,2011,778518.0,0.0,0.8677290000000001,2.4618450000000003,ESP,PSE,7217
1981549,77,181,1478,2011,356.0,0.0,1.532054,0.09339299999999999,FRA,PSE,7217
1981550,81,181,1478,2011,66146.0,0.0,1.8048220000000001,0.380141,GBR,PSE,7217
1981551,110,181,1478,2011,535480.0,750364.0,1.324384,0.714611,ISR,PSE,7217
1981552,113,181,1478,2011,15485.0,0.0,0.231605,0.47049399999999997,JOR,PSE,7217
1981553,156,181,1478,2011,35079.0,0.0,-0.976349,-0.798691,NCL,PSE,7217
1981554,223,181,1478,2011,191254.0,0.0,0.151221,1.1252360000000001,TUN,PSE,7217
1981555,224,181,1478,2011,218740.0,0.0,0.45775,2.4316259999999996,TUR,PSE,7217
1981556,249,181,1478,2011,1189.0,0.0,1.803234,0.921233,TWN,PSE,7217
1981557,7,187,1478,2011,91008.0,0.0,0.030652,-0.450808,ARE,RWA,7217
1981558,17,187,1478,2011,1419.0,2866.0,-0.8287049999999999,-0.774558,BDI,RWA,7217
1981559,18,187,1478,2011,198470.0,0.0,1.221703,1.247961,BEL,RWA,7217
1981560,43,187,1478,2011,211422.0,0.0,1.072299,1.686826,CHN,RWA,7217
1981561,81,187,1478,2011,5761.0,0.0,1.8048220000000001,0.380141,GBR,RWA,7217
1981562,97,187,1478,2011,20980.0,0.0,0.663588,1.902118,HKG,RWA,7217
1981563,116,187,1478,2011,5026.0,0.0,-0.48319300000000004,0.346927,KEN,RWA,7217
1981564,226,187,1478,2011,6015.0,0.0,-0.751316,0.286505,TZA,RWA,7217
1981565,227,187,1478,2011,801158.0,0.0,-0.7153,-0.062678,UGA,RWA,7217
1981566,246,187,1478,2011,20784.0,0.0,0.241792,1.353011,ZAF,RWA,7217
1981567,19,214,1478,2011,844113.0,0.0,-1.189478,-0.8684709999999999,BEN,TCD,7217
1981568,43,214,1478,2011,76808.0,0.0,1.072299,1.686826,CHN,TCD,7217
1981569,71,214,1478,2011,107967.0,0.0,0.8677290000000001,2.4618450000000003,ESP,TCD,7217
1981570,77,214,1478,2011,128254.0,0.0,1.532054,0.09339299999999999,FRA,TCD,7217
1981571,81,214,1478,2011,208731.0,0.0,1.8048220000000001,0.380141,GBR,TCD,7217
1981572,215,214,1478,2011,50728.0,0.0,-0.9156030000000001,-0.884099,TGO,TCD,7217
1981573,14,240,1478,2011,11974.0,0.0,-0.138148,0.002999,AUS,VUT,7217
1981574,43,240,1478,2011,36439.0,0.0,1.072299,1.686826,CHN,VUT,7217
1981575,75,240,1478,2011,47513.0,0.0,-0.434356,-0.010863,FJI,VUT,7217
1981576,156,240,1478,2011,1051.0,0.0,-0.976349,-0.798691,NCL,VUT,7217
1981577,166,240,1478,2011,5853.0,0.0,0.372732,0.548601,NZL,VUT,7217
1981578,14,242,1478,2011,800.0,0.0,-0.138148,0.002999,AUS,WSM,7217
1981579,43,242,1478,2011,122197.0,0.0,1.072299,1.686826,CHN,WSM,7217
1981580,75,242,1478,2011,7838.0,0.0,-0.434356,-0.010863,FJI,WSM,7217
1981581,166,242,1478,2011,270417.0,0.0,0.372732,0.548601,NZL,WSM,7217
1981582,249,242,1478,2011,0.0,7355.0,1.803234,0.921233,TWN,WSM,7217
1981583,39,63,1478,2011,3190.0,0.0,0.754813,1.1967290000000002,CAN,DMA,7217
1981584,43,63,1478,2011,254622.0,0.0,1.072299,1.686826,CHN,DMA,7217
1981585,65,63,1478,2011,32287.0,0.0,-0.260653,0.5682010000000001,DOM,DMA,7217
1981586,81,63,1478,2011,2197.0,0.0,1.8048220000000001,0.380141,GBR,DMA,7217
1981587,112,63,1478,2011,0.0,1653.0,-0.162212,-0.621817,JAM,DMA,7217
1981588,169,63,1478,2011,1070.0,0.0,0.786135,1.061008,PAN,DMA,7217
1981589,222,63,1478,2011,10510.0,0.0,-0.44228,-1.031793,TTO,DMA,7217
1981590,43,88,1478,2011,1704.0,0.0,1.072299,1.686826,CHN,GNB,7217
1981591,179,88,1478,2011,16382.0,0.0,0.558481,2.7056240000000003,PRT,GNB,7217
1981592,191,88,1478,2011,139607.0,0.0,-0.624346,-0.308052,SEN,GNB,7217
1981593,43,91,1478,2011,6604.0,0.0,1.072299,1.686826,CHN,GRD,7217
1981594,65,91,1478,2011,2728.0,0.0,-0.260653,0.5682010000000001,DOM,GRD,7217
1981595,222,91,1478,2011,24221.0,0.0,-0.44228,-1.031793,TTO,GRD,7217
1981596,231,91,1478,2011,3561.0,0.0,1.6884849999999998,-0.474499,USA,GRD,7217
1981597,64,92,1478,2011,4386.0,0.0,1.156026,1.2248299999999999,DNK,GRL,7217
1981598,109,92,1478,2011,3006.0,0.0,0.284202,-0.23753000000000002,ISL,GRL,7217
1981599,32,101,1478,2011,25868.0,0.0,0.27718400000000004,0.5674319999999999,BRA,HTI,7217
1981600,43,101,1478,2011,1175272.0,0.0,1.072299,1.686826,CHN,HTI,7217
1981601,49,101,1478,2011,1501.0,0.0,0.14336600000000002,-0.22996,COL,HTI,7217
1981602,65,101,1478,2011,2815934.0,0.0,-0.260653,0.5682010000000001,DOM,HTI,7217
1981603,67,101,1478,2011,112157.0,0.0,-0.8250639999999999,-0.839082,ECU,HTI,7217
1981604,173,101,1478,2011,532317.0,0.0,-0.455977,0.442543,PER,HTI,7217
1981605,231,101,1478,2011,18280.0,0.0,1.6884849999999998,-0.474499,USA,HTI,7217
1981606,236,101,1478,2011,26856.0,0.0,-0.841147,-1.095636,VEN,HTI,7217
1981607,43,221,1478,2011,9614.0,0.0,1.072299,1.686826,CHN,TON,7217
1981608,75,221,1478,2011,11748.0,0.0,-0.434356,-0.010863,FJI,TON,7217
1981609,114,221,1478,2011,1798.0,0.0,2.516395,-0.534301,JPN,TON,7217
1981610,166,221,1478,2011,11769.0,0.0,0.372732,0.548601,NZL,TON,7217
1981611,65,149,1478,2011,982.0,0.0,-0.260653,0.5682010000000001,DOM,MSR,7217
1981612,71,5,1478,2011,109170.0,0.0,0.8677290000000001,2.4618450000000003,ESP,AND,7217
1981613,77,5,1478,2011,3577.0,0.0,1.532054,0.09339299999999999,FRA,AND,7217
1981614,159,5,1478,2011,0.0,123579.0,-1.699286,-1.15511,NGA,AND,7217
1981615,231,30,1478,2011,12161.0,0.0,1.6884849999999998,-0.474499,USA,BMU,7217
1981616,43,79,1478,2011,4656.0,0.0,1.072299,1.686826,CHN,FSM,7217
1981617,95,79,1478,2011,2633.0,0.0,0.675826,0.157468,GUM,FSM,7217
1981618,97,79,1478,2011,748.0,0.0,0.663588,1.902118,HKG,FSM,7217
1981619,114,79,1478,2011,2747.0,0.0,2.516395,-0.534301,JPN,FSM,7217
1981620,121,79,1478,2011,26131.0,0.0,1.731371,0.8306879999999999,KOR,FSM,7217
1981621,146,79,1478,2011,1302.0,0.0,0.31311300000000003,-0.30891799999999997,MNP,FSM,7217
1981622,174,79,1478,2011,1622.0,0.0,0.364707,0.322626,PHL,FSM,7217
1981623,231,79,1478,2011,8873.0,0.0,1.6884849999999998,-0.474499,USA,FSM,7217
1981624,79,95,1478,2011,0.0,2633.0,-0.882574,-0.8780530000000001,FSM,GUM,7217
1981625,97,95,1478,2011,27661.0,0.0,0.663588,1.902118,HKG,GUM,7217
1981626,121,95,1478,2011,10872.0,0.0,1.731371,0.8306879999999999,KOR,GUM,7217
1981627,43,119,1478,2011,2258.0,0.0,1.072299,1.686826,CHN,KIR,7217
1981628,75,119,1478,2011,12190.0,0.0,-0.434356,-0.010863,FJI,KIR,7217
1981629,79,146,1478,2011,0.0,1302.0,-0.882574,-0.8780530000000001,FSM,MNP,7217
1981630,166,161,1478,2011,1919.0,0.0,0.372732,0.548601,NZL,NIU,7217
1981631,41,175,1478,2011,1375.0,0.0,2.2644029999999997,0.406131,CHE,PLW,7217
1981632,121,175,1478,2011,2318.0,0.0,1.731371,0.8306879999999999,KOR,PLW,7217
1981633,174,175,1478,2011,6584.0,0.0,0.364707,0.322626,PHL,PLW,7217
1981634,231,175,1478,2011,3365.0,0.0,1.6884849999999998,-0.474499,USA,PLW,7217
1981635,249,175,1478,2011,2211.0,0.0,1.803234,0.921233,TWN,PLW,7217
1981636,43,195,1478,2011,332783.0,0.0,1.072299,1.686826,CHN,SLB,7217
1981637,75,195,1478,2011,6268.0,0.0,-0.434356,-0.010863,FJI,SLB,7217
1981638,153,195,1478,2011,37436.0,0.0,0.9893290000000001,0.632079,MYS,SLB,7217
1981639,166,195,1478,2011,1113.0,0.0,0.372732,0.548601,NZL,SLB,7217
1981640,14,241,1478,2011,27940.0,0.0,-0.138148,0.002999,AUS,WLF,7217
1981641,75,241,1478,2011,1292.0,0.0,-0.434356,-0.010863,FJI,WLF,7217
1981642,77,241,1478,2011,3572.0,0.0,1.532054,0.09339299999999999,FRA,WLF,7217
1981643,166,241,1478,2011,1206.0,0.0,0.372732,0.548601,NZL,WLF,7217
1981644,216,241,1478,2011,1346.0,0.0,0.889009,1.503118,THA,WLF,7217
1981645,64,78,1478,2011,13128.0,0.0,1.156026,1.2248299999999999,DNK,FRO,7217
1981646,81,78,1478,2011,1462.0,0.0,1.8048220000000001,0.380141,GBR,FRO,7217
1981647,43,154,1478,2011,32455.0,0.0,1.072299,1.686826,CHN,MYT,7217
1981648,77,154,1478,2011,9306.0,0.0,1.532054,0.09339299999999999,FRA,MYT,7217
1981649,65,210,1478,2011,4369.0,0.0,-0.260653,0.5682010000000001,DOM,SXM,7217
1981650,231,210,1478,2011,3744.0,0.0,1.6884849999999998,-0.474499,USA,SXM,7217
1981651,159,36,1478,2011,0.0,2443.0,-1.699286,-1.15511,NGA,BVT,7217
1981652,2,7,1482,2011,0.0,3301.0,-1.252991,-1.132314,AGO,ARE,7221
1981653,24,7,1482,2011,0.0,2785216.0,0.04085,-0.873711,BHR,ARE,7221
1981654,43,7,1482,2011,2423887.0,0.0,1.072299,1.686826,CHN,ARE,7221
1981655,58,7,1482,2011,0.0,35544.0,0.798165,0.424179,CYP,ARE,7221
1981656,64,7,1482,2011,678756.0,17307.0,1.156026,1.2248299999999999,DNK,ARE,7221
1981657,71,7,1482,2011,155317.0,0.0,0.8677290000000001,2.4618450000000003,ESP,ARE,7221
1981658,74,7,1482,2011,73358.0,0.0,1.7488830000000002,0.890934,FIN,ARE,7221
1981659,81,7,1482,2011,19130.0,2231239.0,1.8048220000000001,0.380141,GBR,ARE,7221
1981660,87,7,1482,2011,0.0,14154.0,-0.621556,-0.64336,GMB,ARE,7221
1981661,104,7,1482,2011,7908567.0,106327.0,0.18276199999999998,2.398765,IND,ARE,7221
1981662,111,7,1482,2011,335511.0,0.0,1.298751,0.48013599999999995,ITA,ARE,7221
1981663,166,7,1482,2011,999.0,0.0,0.372732,0.548601,NZL,ARE,7221
1981664,167,7,1482,2011,0.0,1596850.0,-0.473703,-0.952491,OMN,ARE,7221
1981665,183,7,1482,2011,2941.0,0.0,-0.45851899999999995,-1.017033,QAT,ARE,7221
1981666,188,7,1482,2011,0.0,4591082.0,0.354045,-0.800028,SAU,ARE,7221
1981667,226,7,1482,2011,0.0,46592.0,-0.751316,0.286505,TZA,ARE,7221
1981668,231,7,1482,2011,9250.0,0.0,1.6884849999999998,-0.474499,USA,ARE,7221
1981669,249,7,1482,2011,5479570.0,0.0,1.803234,0.921233,TWN,ARE,7221
1981670,43,8,1482,2011,111101.0,0.0,1.072299,1.686826,CHN,ARG,7221
1981671,104,8,1482,2011,3082.0,0.0,0.18276199999999998,2.398765,IND,ARG,7221
1981672,231,8,1482,2011,21236.0,0.0,1.6884849999999998,-0.474499,USA,ARG,7221
1981673,18,15,1482,2011,2256.0,0.0,1.221703,1.247961,BEL,AUT,7221
1981674,23,15,1482,2011,127096.0,0.0,0.537967,1.520973,BGR,AUT,7221
1981675,26,15,1482,2011,0.0,7415.0,0.391425,0.6066600000000001,BIH,AUT,7221
1981676,32,15,1482,2011,0.0,185562.0,0.27718400000000004,0.5674319999999999,BRA,AUT,7221
1981677,34,15,1482,2011,0.0,21358.0,-0.171775,-0.6656810000000001,BRN,AUT,7221
1981678,39,15,1482,2011,0.0,61242.0,0.754813,1.1967290000000002,CAN,AUT,7221
1981679,41,15,1482,2011,0.0,767568.0,2.2644029999999997,0.406131,CHE,AUT,7221
1981680,43,15,1482,2011,34848.0,46082.0,1.072299,1.686826,CHN,AUT,7221
1981681,59,15,1482,2011,111271.0,0.0,1.737788,0.14741600000000002,CZE,AUT,7221
1981682,61,15,1482,2011,6096472.0,10545574.0,2.074435,-3.440815,DEU,AUT,7221
1981683,71,15,1482,2011,1598.0,0.0,0.8677290000000001,2.4618450000000003,ESP,AUT,7221
1981684,77,15,1482,2011,148289.0,1407044.0,1.532054,0.09339299999999999,FRA,AUT,7221
1981685,81,15,1482,2011,17131.0,2293576.0,1.8048220000000001,0.380141,GBR,AUT,7221
1981686,100,15,1482,2011,0.0,2098.0,0.868294,0.9424299999999999,HRV,AUT,7221
1981687,104,15,1482,2011,0.0,123785.0,0.18276199999999998,2.398765,IND,AUT,7221
1981688,111,15,1482,2011,2204464.0,351153.0,1.298751,0.48013599999999995,ITA,AUT,7221
1981689,114,15,1482,2011,0.0,3603.0,2.516395,-0.534301,JPN,AUT,7221
1981690,121,15,1482,2011,0.0,5245.0,1.731371,0.8306879999999999,KOR,AUT,7221
1981691,138,15,1482,2011,0.0,4034.0,0.9534600000000001,0.706982,MEX,AUT,7221
1981692,185,15,1482,2011,0.0,3011.0,0.722,1.296655,ROU,AUT,7221
1981693,208,15,1482,2011,1520576.0,266255.0,1.857146,0.366159,SWE,AUT,7221
1981694,228,15,1482,2011,0.0,2397.0,0.6221409999999999,0.765505,UKR,AUT,7221
1981695,231,15,1482,2011,2351.0,339920.0,1.6884849999999998,-0.474499,USA,AUT,7221
1981696,61,16,1482,2011,1704.0,0.0,2.074435,-3.440815,DEU,AZE,7221
1981697,81,16,1482,2011,2653.0,0.0,1.8048220000000001,0.380141,GBR,AZE,7221
1981698,224,16,1482,2011,2316.0,0.0,0.45775,2.4316259999999996,TUR,AZE,7221
1981699,2,18,1482,2011,0.0,4500.0,-1.252991,-1.132314,AGO,BEL,7221
1981700,15,18,1482,2011,0.0,2256.0,1.687634,-0.229095,AUT,BEL,7221
1981701,32,18,1482,2011,0.0,66972.0,0.27718400000000004,0.5674319999999999,BRA,BEL,7221
1981702,42,18,1482,2011,0.0,1801.0,-0.199877,-0.353009,CHL,BEL,7221
1981703,43,18,1482,2011,1142699.0,0.0,1.072299,1.686826,CHN,BEL,7221
1981704,55,18,1482,2011,0.0,204403.0,-0.052038,-0.69103,CUW,BEL,7221
1981705,61,18,1482,2011,335350.0,1693373.0,2.074435,-3.440815,DEU,BEL,7221
1981706,64,18,1482,2011,24926.0,0.0,1.156026,1.2248299999999999,DNK,BEL,7221
1981707,68,18,1482,2011,2598.0,0.0,-0.166243,1.384719,EGY,BEL,7221
1981708,71,18,1482,2011,3113618.0,436637.0,0.8677290000000001,2.4618450000000003,ESP,BEL,7221
1981709,77,18,1482,2011,9379544.0,1098510.0,1.532054,0.09339299999999999,FRA,BEL,7221
1981710,81,18,1482,2011,2417566.0,12937.0,1.8048220000000001,0.380141,GBR,BEL,7221
1981711,87,18,1482,2011,0.0,4359.0,-0.621556,-0.64336,GMB,BEL,7221
1981712,104,18,1482,2011,5766592.0,96304.0,0.18276199999999998,2.398765,IND,BEL,7221
1981713,114,18,1482,2011,1719646.0,0.0,2.516395,-0.534301,JPN,BEL,7221
1981714,121,18,1482,2011,880080.0,2515.0,1.731371,0.8306879999999999,KOR,BEL,7221
1981715,148,18,1482,2011,0.0,370151.0,-1.2593379999999998,-1.1793209999999998,MRT,BEL,7221
1981716,162,18,1482,2011,135961.0,11635.0,1.1655229999999999,1.410167,NLD,BEL,7221
1981717,163,18,1482,2011,0.0,20234.0,0.8492770000000001,0.050044,NOR,BEL,7221
1981718,177,18,1482,2011,0.0,5180.0,1.133641,1.134203,POL,BEL,7221
1981719,179,18,1482,2011,0.0,33190.0,0.558481,2.7056240000000003,PRT,BEL,7221
1981720,185,18,1482,2011,0.0,7545.0,0.722,1.296655,ROU,BEL,7221
1981721,208,18,1482,2011,9463616.0,97303.0,1.857146,0.366159,SWE,BEL,7221
1981722,223,18,1482,2011,0.0,26249.0,0.151221,1.1252360000000001,TUN,BEL,7221
1981723,224,18,1482,2011,0.0,308222.0,0.45775,2.4316259999999996,TUR,BEL,7221
1981724,231,18,1482,2011,665678.0,0.0,1.6884849999999998,-0.474499,USA,BEL,7221
1981725,249,18,1482,2011,1255695.0,0.0,1.803234,0.921233,TWN,BEL,7221
1981726,15,23,1482,2011,0.0,127096.0,1.687634,-0.229095,AUT,BGR,7221
1981727,102,23,1482,2011,75699.0,0.0,1.486592,0.805642,HUN,BGR,7221
1981728,104,23,1482,2011,100088.0,0.0,0.18276199999999998,2.398765,IND,BGR,7221
1981729,231,25,1482,2011,9714.0,0.0,1.6884849999999998,-0.474499,USA,BHS,7221
1981730,15,32,1482,2011,185562.0,0.0,1.687634,-0.229095,AUT,BRA,7221
1981731,18,32,1482,2011,66972.0,0.0,1.221703,1.247961,BEL,BRA,7221
1981732,41,32,1482,2011,388063.0,0.0,2.2644029999999997,0.406131,CHE,BRA,7221
1981733,43,32,1482,2011,1611240.0,0.0,1.072299,1.686826,CHN,BRA,7221
1981734,61,32,1482,2011,38465.0,206886.0,2.074435,-3.440815,DEU,BRA,7221
1981735,77,32,1482,2011,297146.0,362667.0,1.532054,0.09339299999999999,FRA,BRA,7221
1981736,81,32,1482,2011,223401.0,26593.0,1.8048220000000001,0.380141,GBR,BRA,7221
1981737,104,32,1482,2011,2752934.0,0.0,0.18276199999999998,2.398765,IND,BRA,7221
1981738,111,32,1482,2011,14434800.0,0.0,1.298751,0.48013599999999995,ITA,BRA,7221
1981739,138,32,1482,2011,109382.0,0.0,0.9534600000000001,0.706982,MEX,BRA,7221
1981740,162,32,1482,2011,0.0,129875.0,1.1655229999999999,1.410167,NLD,BRA,7221
1981741,208,32,1482,2011,4351104.0,0.0,1.857146,0.366159,SWE,BRA,7221
1981742,231,32,1482,2011,167272.0,26181.0,1.6884849999999998,-0.474499,USA,BRA,7221
1981743,249,32,1482,2011,210126.0,0.0,1.803234,0.921233,TWN,BRA,7221
1981744,231,33,1482,2011,53689.0,0.0,1.6884849999999998,-0.474499,USA,BRB,7221
1981745,15,39,1482,2011,61242.0,0.0,1.687634,-0.229095,AUT,CAN,7221
1981746,43,39,1482,2011,758689.0,0.0,1.072299,1.686826,CHN,CAN,7221
1981747,61,39,1482,2011,3489228.0,97347.0,2.074435,-3.440815,DEU,CAN,7221
1981748,77,39,1482,2011,301910.0,4163.0,1.532054,0.09339299999999999,FRA,CAN,7221
1981749,81,39,1482,2011,2349905.0,0.0,1.8048220000000001,0.380141,GBR,CAN,7221
1981750,104,39,1482,2011,290554.0,37830.0,0.18276199999999998,2.398765,IND,CAN,7221
1981751,111,39,1482,2011,1227493.0,0.0,1.298751,0.48013599999999995,ITA,CAN,7221
1981752,114,39,1482,2011,2603.0,0.0,2.516395,-0.534301,JPN,CAN,7221
1981753,162,39,1482,2011,2261.0,0.0,1.1655229999999999,1.410167,NLD,CAN,7221
1981754,167,39,1482,2011,0.0,30144.0,-0.473703,-0.952491,OMN,CAN,7221
1981755,173,39,1482,2011,0.0,3419.0,-0.455977,0.442543,PER,CAN,7221
1981756,192,39,1482,2011,4811.0,0.0,1.849116,0.52127,SGP,CAN,7221
1981757,208,39,1482,2011,12620376.0,0.0,1.857146,0.366159,SWE,CAN,7221
1981758,222,39,1482,2011,177093.0,0.0,-0.44228,-1.031793,TTO,CAN,7221
1981759,231,39,1482,2011,14526670.0,1579654.0,1.6884849999999998,-0.474499,USA,CAN,7221
1981760,239,39,1482,2011,0.0,493875.0,-0.184453,1.637207,VNM,CAN,7221
1981761,249,39,1482,2011,2215747.0,7476.0,1.803234,0.921233,TWN,CAN,7221
1981762,15,41,1482,2011,767568.0,0.0,1.687634,-0.229095,AUT,CHE,7221
1981763,32,41,1482,2011,0.0,388063.0,0.27718400000000004,0.5674319999999999,BRA,CHE,7221
1981764,43,41,1482,2011,779362.0,0.0,1.072299,1.686826,CHN,CHE,7221
1981765,61,41,1482,2011,1772070.0,255211.0,2.074435,-3.440815,DEU,CHE,7221
1981766,71,41,1482,2011,1124092.0,0.0,0.8677290000000001,2.4618450000000003,ESP,CHE,7221
1981767,74,41,1482,2011,0.0,35343.0,1.7488830000000002,0.890934,FIN,CHE,7221
1981768,77,41,1482,2011,2122747.0,0.0,1.532054,0.09339299999999999,FRA,CHE,7221
1981769,81,41,1482,2011,1014631.0,0.0,1.8048220000000001,0.380141,GBR,CHE,7221
1981770,102,41,1482,2011,0.0,922296.0,1.486592,0.805642,HUN,CHE,7221
1981771,104,41,1482,2011,253270.0,3159.0,0.18276199999999998,2.398765,IND,CHE,7221
1981772,110,41,1482,2011,0.0,2683.0,1.324384,0.714611,ISR,CHE,7221
1981773,111,41,1482,2011,137067856.0,2375629.0,1.298751,0.48013599999999995,ITA,CHE,7221
1981774,122,41,1482,2011,0.0,4429.0,-0.898582,-1.09893,KWT,CHE,7221
1981775,138,41,1482,2011,0.0,57681.0,0.9534600000000001,0.706982,MEX,CHE,7221
1981776,208,41,1482,2011,10289345.0,4776.0,1.857146,0.366159,SWE,CHE,7221
1981777,231,41,1482,2011,274849.0,0.0,1.6884849999999998,-0.474499,USA,CHE,7221
1981778,246,41,1482,2011,0.0,346443.0,0.241792,1.353011,ZAF,CHE,7221
1981779,18,42,1482,2011,1801.0,0.0,1.221703,1.247961,BEL,CHL,7221
1981780,43,42,1482,2011,430143.0,0.0,1.072299,1.686826,CHN,CHL,7221
1981781,81,42,1482,2011,22435.0,0.0,1.8048220000000001,0.380141,GBR,CHL,7221
1981782,104,42,1482,2011,277777.0,0.0,0.18276199999999998,2.398765,IND,CHL,7221
1981783,111,42,1482,2011,1033.0,0.0,1.298751,0.48013599999999995,ITA,CHL,7221
1981784,162,42,1482,2011,0.0,2157.0,1.1655229999999999,1.410167,NLD,CHL,7221
1981785,208,42,1482,2011,7565.0,0.0,1.857146,0.366159,SWE,CHL,7221
1981786,231,42,1482,2011,10019.0,0.0,1.6884849999999998,-0.474499,USA,CHL,7221
1981787,2,43,1482,2011,0.0,1708.0,-1.252991,-1.132314,AGO,CHN,7221
1981788,7,43,1482,2011,0.0,2423887.0,0.030652,-0.450808,ARE,CHN,7221
1981789,8,43,1482,2011,0.0,111101.0,0.240494,0.540376,ARG,CHN,7221
1981790,14,43,1482,2011,0.0,38615.0,-0.138148,0.002999,AUS,CHN,7221
1981791,15,43,1482,2011,46082.0,34848.0,1.687634,-0.229095,AUT,CHN,7221
1981792,17,43,1482,2011,0.0,1708.0,-0.8287049999999999,-0.774558,BDI,CHN,7221
1981793,18,43,1482,2011,0.0,1142699.0,1.221703,1.247961,BEL,CHN,7221
1981794,22,43,1482,2011,0.0,84339.0,-1.074416,-0.8276370000000001,BGD,CHN,7221
1981795,24,43,1482,2011,0.0,19489682.0,0.04085,-0.873711,BHR,CHN,7221
1981796,28,43,1482,2011,0.0,116770.0,0.8786729999999999,0.442097,BLR,CHN,7221
1981797,32,43,1482,2011,0.0,1611240.0,0.27718400000000004,0.5674319999999999,BRA,CHN,7221
1981798,39,43,1482,2011,0.0,758689.0,0.754813,1.1967290000000002,CAN,CHN,7221
1981799,41,43,1482,2011,0.0,779362.0,2.2644029999999997,0.406131,CHE,CHN,7221
1981800,42,43,1482,2011,0.0,430143.0,-0.199877,-0.353009,CHL,CHN,7221
1981801,46,43,1482,2011,0.0,61066.0,-0.722957,-0.965141,COD,CHN,7221
1981802,49,43,1482,2011,0.0,83713.0,0.14336600000000002,-0.22996,COL,CHN,7221
1981803,59,43,1482,2011,0.0,5788.0,1.737788,0.14741600000000002,CZE,CHN,7221
1981804,61,43,1482,2011,136330.0,12306532.0,2.074435,-3.440815,DEU,CHN,7221
1981805,67,43,1482,2011,0.0,911151.0,-0.8250639999999999,-0.839082,ECU,CHN,7221
1981806,68,43,1482,2011,0.0,3462.0,-0.166243,1.384719,EGY,CHN,7221
1981807,74,43,1482,2011,0.0,76742.0,1.7488830000000002,0.890934,FIN,CHN,7221
1981808,75,43,1482,2011,0.0,953.0,-0.434356,-0.010863,FJI,CHN,7221
1981809,77,43,1482,2011,959991.0,364183.0,1.532054,0.09339299999999999,FRA,CHN,7221
1981810,81,43,1482,2011,291671.0,174329.0,1.8048220000000001,0.380141,GBR,CHN,7221
1981811,90,43,1482,2011,0.0,1796.0,0.138679,1.30044,GRC,CHN,7221
1981812,93,43,1482,2011,0.0,58405.0,-0.329497,0.775369,GTM,CHN,7221
1981813,97,43,1482,2011,323591.0,3800390.0,0.663588,1.902118,HKG,CHN,7221
1981814,100,43,1482,2011,0.0,1292.0,0.868294,0.9424299999999999,HRV,CHN,7221
1981815,103,43,1482,2011,0.0,2486305.0,-0.234125,1.168384,IDN,CHN,7221
1981816,104,43,1482,2011,4927906.0,25795012.0,0.18276199999999998,2.398765,IND,CHN,7221
1981817,106,43,1482,2011,8749.0,27457.0,1.403182,0.290245,IRL,CHN,7221
1981818,107,43,1482,2011,0.0,94041.0,-0.915379,-0.973194,IRN,CHN,7221
1981819,111,43,1482,2011,6959260.0,5825684.0,1.298751,0.48013599999999995,ITA,CHN,7221
1981820,114,43,1482,2011,75675384.0,6133477.0,2.516395,-0.534301,JPN,CHN,7221
1981821,118,43,1482,2011,0.0,2525.0,-1.162858,-1.103539,KHM,CHN,7221
1981822,121,43,1482,2011,20740214.0,42502800.0,1.731371,0.8306879999999999,KOR,CHN,7221
1981823,128,43,1482,2011,0.0,2226.0,-0.559311,0.398905,LKA,CHN,7221
1981824,132,43,1482,2011,0.0,146603.0,0.7320939999999999,1.101321,LVA,CHN,7221
1981825,134,43,1482,2011,0.0,63740.0,-0.485404,0.099828,MAR,CHN,7221
1981826,138,43,1482,2011,0.0,2374448.0,0.9534600000000001,0.706982,MEX,CHN,7221
1981827,141,43,1482,2011,0.0,10009.0,-0.6778109999999999,-0.653211,MLI,CHN,7221
1981828,143,43,1482,2011,0.0,19216968.0,-1.3557190000000001,-0.929934,MMR,CHN,7221
1981829,152,43,1482,2011,0.0,4062.0,-1.100291,-0.982559,MWI,CHN,7221
1981830,153,43,1482,2011,4012.0,62304336.0,0.9893290000000001,0.632079,MYS,CHN,7221
1981831,162,43,1482,2011,1099.0,17436.0,1.1655229999999999,1.410167,NLD,CHN,7221
1981832,173,43,1482,2011,0.0,151921.0,-0.455977,0.442543,PER,CHN,7221
1981833,174,43,1482,2011,0.0,13282762.0,0.364707,0.322626,PHL,CHN,7221
1981834,176,43,1482,2011,0.0,75748.0,-1.1111659999999999,-0.9458610000000001,PNG,CHN,7221
1981835,177,43,1482,2011,0.0,1951.0,1.133641,1.134203,POL,CHN,7221
1981836,178,43,1482,2011,0.0,10272.0,-0.024317,-0.154781,PRK,CHN,7221
1981837,179,43,1482,2011,0.0,48562.0,0.558481,2.7056240000000003,PRT,CHN,7221
1981838,185,43,1482,2011,0.0,9722.0,0.722,1.296655,ROU,CHN,7221
1981839,186,43,1482,2011,0.0,31323.0,0.47319399999999995,-0.20801599999999998,RUS,CHN,7221
1981840,187,43,1482,2011,0.0,10785.0,-0.684475,-0.690734,RWA,CHN,7221
1981841,188,43,1482,2011,0.0,73053.0,0.354045,-0.800028,SAU,CHN,7221
1981842,192,43,1482,2011,8838.0,4823445.0,1.849116,0.52127,SGP,CHN,7221
1981843,207,43,1482,2011,0.0,865446.0,1.642913,0.700222,SVN,CHN,7221
1981844,208,43,1482,2011,574966.0,0.0,1.857146,0.366159,SWE,CHN,7221
1981845,212,43,1482,2011,0.0,43788.0,-0.604133,0.5268970000000001,SYR,CHN,7221
1981846,216,43,1482,2011,6301.0,45553288.0,0.889009,1.503118,THA,CHN,7221
1981847,221,43,1482,2011,0.0,14267.0,-0.14256,-0.589116,TON,CHN,7221
1981848,224,43,1482,2011,0.0,195572.0,0.45775,2.4316259999999996,TUR,CHN,7221
1981849,228,43,1482,2011,0.0,340540.0,0.6221409999999999,0.765505,UKR,CHN,7221
1981850,230,43,1482,2011,0.0,37276.0,0.313195,0.042866,URY,CHN,7221
1981851,231,43,1482,2011,334143.0,6243888.0,1.6884849999999998,-0.474499,USA,CHN,7221
1981852,239,43,1482,2011,90346.0,34300124.0,-0.184453,1.637207,VNM,CHN,7221
1981853,246,43,1482,2011,0.0,66450.0,0.241792,1.353011,ZAF,CHN,7221
1981854,247,43,1482,2011,0.0,4173.0,-0.7599,-0.941019,ZMB,CHN,7221
1981855,248,43,1482,2011,0.0,2806.0,-0.858662,-0.8632719999999999,ZWE,CHN,7221
1981856,249,43,1482,2011,34862840.0,10309.0,1.803234,0.921233,TWN,CHN,7221
1981857,43,49,1482,2011,83713.0,0.0,1.072299,1.686826,CHN,COL,7221
1981858,104,49,1482,2011,104104.0,0.0,0.18276199999999998,2.398765,IND,COL,7221
1981859,231,49,1482,2011,44628.0,0.0,1.6884849999999998,-0.474499,USA,COL,7221
1981860,236,49,1482,2011,0.0,82342.0,-0.841147,-1.095636,VEN,COL,7221
1981861,231,52,1482,2011,142472.0,0.0,1.6884849999999998,-0.474499,USA,CRI,7221
1981862,18,55,1482,2011,204403.0,0.0,1.221703,1.247961,BEL,CUW,7221
1981863,15,59,1482,2011,0.0,111271.0,1.687634,-0.229095,AUT,CZE,7221
1981864,43,59,1482,2011,5788.0,0.0,1.072299,1.686826,CHN,CZE,7221
1981865,61,59,1482,2011,734441.0,0.0,2.074435,-3.440815,DEU,CZE,7221
1981866,71,59,1482,2011,4576.0,178518.0,0.8677290000000001,2.4618450000000003,ESP,CZE,7221
1981867,77,59,1482,2011,2754923.0,4331034.0,1.532054,0.09339299999999999,FRA,CZE,7221
1981868,81,59,1482,2011,7362.0,0.0,1.8048220000000001,0.380141,GBR,CZE,7221
1981869,104,59,1482,2011,56996.0,153366.0,0.18276199999999998,2.398765,IND,CZE,7221
1981870,111,59,1482,2011,28363532.0,0.0,1.298751,0.48013599999999995,ITA,CZE,7221
1981871,121,59,1482,2011,11868244.0,0.0,1.731371,0.8306879999999999,KOR,CZE,7221
1981872,130,59,1482,2011,0.0,8525.0,0.747963,0.9759530000000001,LTU,CZE,7221
1981873,163,59,1482,2011,0.0,1857256.0,0.8492770000000001,0.050044,NOR,CZE,7221
1981874,177,59,1482,2011,12324.0,5409.0,1.133641,1.134203,POL,CZE,7221
1981875,186,59,1482,2011,0.0,61024.0,0.47319399999999995,-0.20801599999999998,RUS,CZE,7221
1981876,208,59,1482,2011,20806554.0,0.0,1.857146,0.366159,SWE,CZE,7221
1981877,224,59,1482,2011,0.0,160598.0,0.45775,2.4316259999999996,TUR,CZE,7221
1981878,228,59,1482,2011,0.0,4924.0,0.6221409999999999,0.765505,UKR,CZE,7221
1981879,231,59,1482,2011,81891.0,0.0,1.6884849999999998,-0.474499,USA,CZE,7221
1981880,249,59,1482,2011,71943.0,0.0,1.803234,0.921233,TWN,CZE,7221
1981881,14,61,1482,2011,0.0,1649.0,-0.138148,0.002999,AUS,DEU,7221
1981882,15,61,1482,2011,10545574.0,6096472.0,1.687634,-0.229095,AUT,DEU,7221
1981883,16,61,1482,2011,0.0,1704.0,-1.313136,-1.189989,AZE,DEU,7221
1981884,18,61,1482,2011,1693373.0,335350.0,1.221703,1.247961,BEL,DEU,7221
1981885,26,61,1482,2011,0.0,1079509.0,0.391425,0.6066600000000001,BIH,DEU,7221
1981886,32,61,1482,2011,206886.0,38465.0,0.27718400000000004,0.5674319999999999,BRA,DEU,7221
1981887,39,61,1482,2011,97347.0,3489228.0,0.754813,1.1967290000000002,CAN,DEU,7221
1981888,41,61,1482,2011,255211.0,1772070.0,2.2644029999999997,0.406131,CHE,DEU,7221
1981889,43,61,1482,2011,12306532.0,136330.0,1.072299,1.686826,CHN,DEU,7221
1981890,59,61,1482,2011,0.0,734441.0,1.737788,0.14741600000000002,CZE,DEU,7221
1981891,64,61,1482,2011,516985.0,4032360.0,1.156026,1.2248299999999999,DNK,DEU,7221
1981892,71,61,1482,2011,17680618.0,880070.0,0.8677290000000001,2.4618450000000003,ESP,DEU,7221
1981893,74,61,1482,2011,0.0,568334.0,1.7488830000000002,0.890934,FIN,DEU,7221
1981894,77,61,1482,2011,75516296.0,3786251.0,1.532054,0.09339299999999999,FRA,DEU,7221
1981895,81,61,1482,2011,9115462.0,48799.0,1.8048220000000001,0.380141,GBR,DEU,7221
1981896,82,61,1482,2011,0.0,1342.0,-0.07754,-0.35434699999999997,GEO,DEU,7221
1981897,87,61,1482,2011,0.0,14195.0,-0.621556,-0.64336,GMB,DEU,7221
1981898,90,61,1482,2011,0.0,1774.0,0.138679,1.30044,GRC,DEU,7221
1981899,100,61,1482,2011,0.0,3842.0,0.868294,0.9424299999999999,HRV,DEU,7221
1981900,102,61,1482,2011,0.0,215934.0,1.486592,0.805642,HUN,DEU,7221
1981901,103,61,1482,2011,0.0,9089.0,-0.234125,1.168384,IDN,DEU,7221
1981902,104,61,1482,2011,51621868.0,2784486.0,0.18276199999999998,2.398765,IND,DEU,7221
1981903,110,61,1482,2011,0.0,31509.0,1.324384,0.714611,ISR,DEU,7221
1981904,111,61,1482,2011,45968412.0,16955238.0,1.298751,0.48013599999999995,ITA,DEU,7221
1981905,114,61,1482,2011,2311126.0,55479.0,2.516395,-0.534301,JPN,DEU,7221
1981906,121,61,1482,2011,2145553.0,46536.0,1.731371,0.8306879999999999,KOR,DEU,7221
1981907,128,61,1482,2011,0.0,4142.0,-0.559311,0.398905,LKA,DEU,7221
1981908,130,61,1482,2011,0.0,14986.0,0.747963,0.9759530000000001,LTU,DEU,7221
1981909,131,61,1482,2011,0.0,28290.0,1.1655739999999999,1.222379,LUX,DEU,7221
1981910,132,61,1482,2011,0.0,33787.0,0.7320939999999999,1.101321,LVA,DEU,7221
1981911,138,61,1482,2011,0.0,3126.0,0.9534600000000001,0.706982,MEX,DEU,7221
1981912,153,61,1482,2011,0.0,1803792.0,0.9893290000000001,0.632079,MYS,DEU,7221
1981913,159,61,1482,2011,0.0,13176.0,-1.699286,-1.15511,NGA,DEU,7221
1981914,162,61,1482,2011,475452.0,152836.0,1.1655229999999999,1.410167,NLD,DEU,7221
1981915,163,61,1482,2011,97456.0,32240.0,0.8492770000000001,0.050044,NOR,DEU,7221
1981916,167,61,1482,2011,0.0,20363.0,-0.473703,-0.952491,OMN,DEU,7221
1981917,177,61,1482,2011,0.0,30120.0,1.133641,1.134203,POL,DEU,7221
1981918,179,61,1482,2011,0.0,6447.0,0.558481,2.7056240000000003,PRT,DEU,7221
1981919,185,61,1482,2011,0.0,64934.0,0.722,1.296655,ROU,DEU,7221
1981920,186,61,1482,2011,0.0,20665.0,0.47319399999999995,-0.20801599999999998,RUS,DEU,7221
1981921,192,61,1482,2011,0.0,641314.0,1.849116,0.52127,SGP,DEU,7221
1981922,201,61,1482,2011,0.0,10040.0,0.49055699999999997,1.5601399999999999,SRB,DEU,7221
1981923,207,61,1482,2011,0.0,1363.0,1.642913,0.700222,SVN,DEU,7221
1981924,208,61,1482,2011,56235592.0,658600.0,1.857146,0.366159,SWE,DEU,7221
1981925,231,61,1482,2011,6947189.0,2699950.0,1.6884849999999998,-0.474499,USA,DEU,7221
1981926,249,61,1482,2011,6100645.0,4964.0,1.803234,0.921233,TWN,DEU,7221
1981927,7,64,1482,2011,17307.0,678756.0,0.030652,-0.450808,ARE,DNK,7221
1981928,14,64,1482,2011,0.0,122896.0,-0.138148,0.002999,AUS,DNK,7221
1981929,18,64,1482,2011,0.0,24926.0,1.221703,1.247961,BEL,DNK,7221
1981930,61,64,1482,2011,4032360.0,516985.0,2.074435,-3.440815,DEU,DNK,7221
1981931,71,64,1482,2011,7843160.0,740660.0,0.8677290000000001,2.4618450000000003,ESP,DNK,7221
1981932,74,64,1482,2011,1024.0,0.0,1.7488830000000002,0.890934,FIN,DNK,7221
1981933,77,64,1482,2011,0.0,1998.0,1.532054,0.09339299999999999,FRA,DNK,7221
1981934,81,64,1482,2011,74488.0,17559.0,1.8048220000000001,0.380141,GBR,DNK,7221
1981935,90,64,1482,2011,9873.0,0.0,0.138679,1.30044,GRC,DNK,7221
1981936,104,64,1482,2011,1168860.0,22741.0,0.18276199999999998,2.398765,IND,DNK,7221
1981937,111,64,1482,2011,291351.0,0.0,1.298751,0.48013599999999995,ITA,DNK,7221
1981938,128,64,1482,2011,0.0,4676.0,-0.559311,0.398905,LKA,DNK,7221
1981939,130,64,1482,2011,3700.0,0.0,0.747963,0.9759530000000001,LTU,DNK,7221
1981940,131,64,1482,2011,1020.0,0.0,1.1655739999999999,1.222379,LUX,DNK,7221
1981941,162,64,1482,2011,142812.0,0.0,1.1655229999999999,1.410167,NLD,DNK,7221
1981942,177,64,1482,2011,62253.0,415280.0,1.133641,1.134203,POL,DNK,7221
1981943,206,64,1482,2011,0.0,81729.0,1.262897,0.8230569999999999,SVK,DNK,7221
1981944,208,64,1482,2011,1857276.0,104232.0,1.857146,0.366159,SWE,DNK,7221
1981945,77,65,1482,2011,0.0,5129.0,1.532054,0.09339299999999999,FRA,DOM,7221
1981946,101,65,1482,2011,0.0,3374103.0,-1.263093,-1.086658,HTI,DOM,7221
1981947,169,65,1482,2011,0.0,99604.0,0.786135,1.061008,PAN,DOM,7221
1981948,231,65,1482,2011,0.0,1698.0,1.6884849999999998,-0.474499,USA,DOM,7221
1981949,43,67,1482,2011,911151.0,0.0,1.072299,1.686826,CHN,ECU,7221
1981950,104,67,1482,2011,68166.0,0.0,0.18276199999999998,2.398765,IND,ECU,7221
1981951,0,71,1482,2011,0.0,14695.0,-0.282585,-0.71273,ABW,ESP,7221
1981952,7,71,1482,2011,0.0,155317.0,0.030652,-0.450808,ARE,ESP,7221
1981953,14,71,1482,2011,0.0,69602.0,-0.138148,0.002999,AUS,ESP,7221
1981954,15,71,1482,2011,0.0,1598.0,1.687634,-0.229095,AUT,ESP,7221
1981955,18,71,1482,2011,436637.0,3113618.0,1.221703,1.247961,BEL,ESP,7221
1981956,41,71,1482,2011,0.0,1124092.0,2.2644029999999997,0.406131,CHE,ESP,7221
1981957,59,71,1482,2011,178518.0,4576.0,1.737788,0.14741600000000002,CZE,ESP,7221
1981958,61,71,1482,2011,880070.0,17680618.0,2.074435,-3.440815,DEU,ESP,7221
1981959,64,71,1482,2011,740660.0,7843160.0,1.156026,1.2248299999999999,DNK,ESP,7221
1981960,66,71,1482,2011,0.0,136889.0,-1.36763,-1.140594,DZA,ESP,7221
1981961,74,71,1482,2011,0.0,2978222.0,1.7488830000000002,0.890934,FIN,ESP,7221
1981962,77,71,1482,2011,2757760.0,149065.0,1.532054,0.09339299999999999,FRA,ESP,7221
1981963,81,71,1482,2011,1698.0,1295946.0,1.8048220000000001,0.380141,GBR,ESP,7221
1981964,104,71,1482,2011,705780.0,307238.0,0.18276199999999998,2.398765,IND,ESP,7221
1981965,111,71,1482,2011,90193.0,116988720.0,1.298751,0.48013599999999995,ITA,ESP,7221
1981966,122,71,1482,2011,0.0,1878.0,-0.898582,-1.09893,KWT,ESP,7221
1981967,138,71,1482,2011,0.0,364066.0,0.9534600000000001,0.706982,MEX,ESP,7221
1981968,163,71,1482,2011,32792.0,0.0,0.8492770000000001,0.050044,NOR,ESP,7221
1981969,179,71,1482,2011,0.0,1056466.0,0.558481,2.7056240000000003,PRT,ESP,7221
1981970,191,71,1482,2011,0.0,2118.0,-0.624346,-0.308052,SEN,ESP,7221
1981971,208,71,1482,2011,1124599.0,184132.0,1.857146,0.366159,SWE,ESP,7221
1981972,224,71,1482,2011,0.0,45966.0,0.45775,2.4316259999999996,TUR,ESP,7221
1981973,231,71,1482,2011,46879592.0,21907.0,1.6884849999999998,-0.474499,USA,ESP,7221
1981974,249,71,1482,2011,10011524.0,0.0,1.803234,0.921233,TWN,ESP,7221
1981975,7,74,1482,2011,0.0,73358.0,0.030652,-0.450808,ARE,FIN,7221
1981976,41,74,1482,2011,35343.0,0.0,2.2644029999999997,0.406131,CHE,FIN,7221
1981977,43,74,1482,2011,76742.0,0.0,1.072299,1.686826,CHN,FIN,7221
1981978,61,74,1482,2011,568334.0,0.0,2.074435,-3.440815,DEU,FIN,7221
1981979,64,74,1482,2011,0.0,1024.0,1.156026,1.2248299999999999,DNK,FIN,7221
1981980,71,74,1482,2011,2978222.0,0.0,0.8677290000000001,2.4618450000000003,ESP,FIN,7221
1981981,72,74,1482,2011,0.0,75631.0,0.9806790000000001,1.110449,EST,FIN,7221
1981982,77,74,1482,2011,0.0,39442.0,1.532054,0.09339299999999999,FRA,FIN,7221
1981983,81,74,1482,2011,139829.0,0.0,1.8048220000000001,0.380141,GBR,FIN,7221
1981984,104,74,1482,2011,2300437.0,0.0,0.18276199999999998,2.398765,IND,FIN,7221
1981985,111,74,1482,2011,869867.0,0.0,1.298751,0.48013599999999995,ITA,FIN,7221
1981986,177,74,1482,2011,0.0,4582.0,1.133641,1.134203,POL,FIN,7221
1981987,208,74,1482,2011,5910528.0,0.0,1.857146,0.366159,SWE,FIN,7221
1981988,239,74,1482,2011,0.0,278906.0,-0.184453,1.637207,VNM,FIN,7221
1981989,15,77,1482,2011,1407044.0,148289.0,1.687634,-0.229095,AUT,FRA,7221
1981990,18,77,1482,2011,1098510.0,9379544.0,1.221703,1.247961,BEL,FRA,7221
1981991,32,77,1482,2011,362667.0,297146.0,0.27718400000000004,0.5674319999999999,BRA,FRA,7221
1981992,39,77,1482,2011,4163.0,301910.0,0.754813,1.1967290000000002,CAN,FRA,7221
1981993,41,77,1482,2011,0.0,2122747.0,2.2644029999999997,0.406131,CHE,FRA,7221
1981994,43,77,1482,2011,364183.0,959991.0,1.072299,1.686826,CHN,FRA,7221
1981995,47,77,1482,2011,0.0,10138.0,-0.979359,-1.084589,COG,FRA,7221
1981996,59,77,1482,2011,4331034.0,2754923.0,1.737788,0.14741600000000002,CZE,FRA,7221
1981997,61,77,1482,2011,3786251.0,75516296.0,2.074435,-3.440815,DEU,FRA,7221
1981998,64,77,1482,2011,1998.0,0.0,1.156026,1.2248299999999999,DNK,FRA,7221
1981999,65,77,1482,2011,5129.0,0.0,-0.260653,0.5682010000000001,DOM,FRA,7221
1982000,66,77,1482,2011,0.0,33601.0,-1.36763,-1.140594,DZA,FRA,7221
1982001,71,77,1482,2011,149065.0,2757760.0,0.8677290000000001,2.4618450000000003,ESP,FRA,7221
1982002,74,77,1482,2011,39442.0,0.0,1.7488830000000002,0.890934,FIN,FRA,7221
1982003,81,77,1482,2011,7329647.0,5357915.0,1.8048220000000001,0.380141,GBR,FRA,7221
1982004,97,77,1482,2011,7483.0,0.0,0.663588,1.902118,HKG,FRA,7221
1982005,100,77,1482,2011,0.0,2003.0,0.868294,0.9424299999999999,HRV,FRA,7221
1982006,102,77,1482,2011,0.0,6197.0,1.486592,0.805642,HUN,FRA,7221
1982007,104,77,1482,2011,164740.0,1743478.0,0.18276199999999998,2.398765,IND,FRA,7221
1982008,106,77,1482,2011,4964.0,0.0,1.403182,0.290245,IRL,FRA,7221
1982009,110,77,1482,2011,0.0,906.0,1.324384,0.714611,ISR,FRA,7221
1982010,111,77,1482,2011,12691673.0,154577392.0,1.298751,0.48013599999999995,ITA,FRA,7221
1982011,114,77,1482,2011,8222192.0,230896.0,2.516395,-0.534301,JPN,FRA,7221
1982012,121,77,1482,2011,0.0,1309637.0,1.731371,0.8306879999999999,KOR,FRA,7221
1982013,138,77,1482,2011,0.0,68425.0,0.9534600000000001,0.706982,MEX,FRA,7221
1982014,153,77,1482,2011,0.0,703793.0,0.9893290000000001,0.632079,MYS,FRA,7221
1982015,162,77,1482,2011,678928.0,49782.0,1.1655229999999999,1.410167,NLD,FRA,7221
1982016,177,77,1482,2011,0.0,83037.0,1.133641,1.134203,POL,FRA,7221
1982017,179,77,1482,2011,0.0,966861.0,0.558481,2.7056240000000003,PRT,FRA,7221
1982018,182,77,1482,2011,0.0,1017.0,0.37798000000000004,-0.460049,PYF,FRA,7221
1982019,185,77,1482,2011,7890.0,1595.0,0.722,1.296655,ROU,FRA,7221
1982020,192,77,1482,2011,0.0,48185.0,1.849116,0.52127,SGP,FRA,7221
1982021,207,77,1482,2011,0.0,201952.0,1.642913,0.700222,SVN,FRA,7221
1982022,208,77,1482,2011,2288742.0,6524818.0,1.857146,0.366159,SWE,FRA,7221
1982023,223,77,1482,2011,5601.0,54037.0,0.151221,1.1252360000000001,TUN,FRA,7221
1982024,224,77,1482,2011,29020.0,2258.0,0.45775,2.4316259999999996,TUR,FRA,7221
1982025,231,77,1482,2011,1181859.0,20250368.0,1.6884849999999998,-0.474499,USA,FRA,7221
1982026,246,77,1482,2011,0.0,148803.0,0.241792,1.353011,ZAF,FRA,7221
1982027,249,77,1482,2011,9236603.0,1811664.0,1.803234,0.921233,TWN,FRA,7221
1982028,2,81,1482,2011,0.0,9419.0,-1.252991,-1.132314,AGO,GBR,7221
1982029,7,81,1482,2011,2231239.0,19130.0,0.030652,-0.450808,ARE,GBR,7221
1982030,14,81,1482,2011,0.0,90446.0,-0.138148,0.002999,AUS,GBR,7221
1982031,15,81,1482,2011,2293576.0,17131.0,1.687634,-0.229095,AUT,GBR,7221
1982032,16,81,1482,2011,0.0,2653.0,-1.313136,-1.189989,AZE,GBR,7221
1982033,18,81,1482,2011,12937.0,2417566.0,1.221703,1.247961,BEL,GBR,7221
1982034,24,81,1482,2011,0.0,2887.0,0.04085,-0.873711,BHR,GBR,7221
1982035,32,81,1482,2011,26593.0,223401.0,0.27718400000000004,0.5674319999999999,BRA,GBR,7221
1982036,34,81,1482,2011,0.0,18813.0,-0.171775,-0.6656810000000001,BRN,GBR,7221
1982037,39,81,1482,2011,0.0,2349905.0,0.754813,1.1967290000000002,CAN,GBR,7221
1982038,41,81,1482,2011,0.0,1014631.0,2.2644029999999997,0.406131,CHE,GBR,7221
1982039,42,81,1482,2011,0.0,22435.0,-0.199877,-0.353009,CHL,GBR,7221
1982040,43,81,1482,2011,174329.0,291671.0,1.072299,1.686826,CHN,GBR,7221
1982041,59,81,1482,2011,0.0,7362.0,1.737788,0.14741600000000002,CZE,GBR,7221
1982042,61,81,1482,2011,48799.0,9115462.0,2.074435,-3.440815,DEU,GBR,7221
1982043,64,81,1482,2011,17559.0,74488.0,1.156026,1.2248299999999999,DNK,GBR,7221
1982044,68,81,1482,2011,0.0,2530.0,-0.166243,1.384719,EGY,GBR,7221
1982045,71,81,1482,2011,1295946.0,1698.0,0.8677290000000001,2.4618450000000003,ESP,GBR,7221
1982046,74,81,1482,2011,0.0,139829.0,1.7488830000000002,0.890934,FIN,GBR,7221
1982047,77,81,1482,2011,5357915.0,7329647.0,1.532054,0.09339299999999999,FRA,GBR,7221
1982048,102,81,1482,2011,0.0,107095.0,1.486592,0.805642,HUN,GBR,7221
1982049,103,81,1482,2011,0.0,1655.0,-0.234125,1.168384,IDN,GBR,7221
1982050,104,81,1482,2011,365957.0,980839.0,0.18276199999999998,2.398765,IND,GBR,7221
1982051,106,81,1482,2011,74803.0,478720.0,1.403182,0.290245,IRL,GBR,7221
1982052,110,81,1482,2011,2038.0,0.0,1.324384,0.714611,ISR,GBR,7221
1982053,111,81,1482,2011,2091126.0,25214090.0,1.298751,0.48013599999999995,ITA,GBR,7221
1982054,114,81,1482,2011,0.0,133972.0,2.516395,-0.534301,JPN,GBR,7221
1982055,121,81,1482,2011,0.0,469576.0,1.731371,0.8306879999999999,KOR,GBR,7221
1982056,122,81,1482,2011,0.0,1147.0,-0.898582,-1.09893,KWT,GBR,7221
1982057,126,81,1482,2011,0.0,18807.0,-1.680464,-1.148511,LBY,GBR,7221
1982058,138,81,1482,2011,0.0,68274.0,0.9534600000000001,0.706982,MEX,GBR,7221
1982059,140,81,1482,2011,0.0,4346.0,-0.12310499999999999,0.16392,MKD,GBR,7221
1982060,143,81,1482,2011,0.0,53119.0,-1.3557190000000001,-0.929934,MMR,GBR,7221
1982061,144,81,1482,2011,0.0,100699.0,0.149559,0.024935,MNE,GBR,7221
1982062,153,81,1482,2011,0.0,39940.0,0.9893290000000001,0.632079,MYS,GBR,7221
1982063,162,81,1482,2011,32985.0,18026.0,1.1655229999999999,1.410167,NLD,GBR,7221
1982064,163,81,1482,2011,0.0,5266.0,0.8492770000000001,0.050044,NOR,GBR,7221
1982065,166,81,1482,2011,0.0,8344.0,0.372732,0.548601,NZL,GBR,7221
1982066,177,81,1482,2011,0.0,1782.0,1.133641,1.134203,POL,GBR,7221
1982067,179,81,1482,2011,0.0,51984.0,0.558481,2.7056240000000003,PRT,GBR,7221
1982068,183,81,1482,2011,0.0,18549.0,-0.45851899999999995,-1.017033,QAT,GBR,7221
1982069,186,81,1482,2011,0.0,9378.0,0.47319399999999995,-0.20801599999999998,RUS,GBR,7221
1982070,188,81,1482,2011,0.0,1260.0,0.354045,-0.800028,SAU,GBR,7221
1982071,192,81,1482,2011,0.0,283653.0,1.849116,0.52127,SGP,GBR,7221
1982072,201,81,1482,2011,0.0,12398.0,0.49055699999999997,1.5601399999999999,SRB,GBR,7221
1982073,207,81,1482,2011,0.0,87447.0,1.642913,0.700222,SVN,GBR,7221
1982074,208,81,1482,2011,1834195.0,228416.0,1.857146,0.366159,SWE,GBR,7221
1982075,216,81,1482,2011,8990.0,11606.0,0.889009,1.503118,THA,GBR,7221
1982076,222,81,1482,2011,0.0,9770.0,-0.44228,-1.031793,TTO,GBR,7221
1982077,231,81,1482,2011,999338.0,31111194.0,1.6884849999999998,-0.474499,USA,GBR,7221
1982078,234,81,1482,2011,0.0,763.0,0.291718,-0.250897,VCT,GBR,7221
1982079,246,81,1482,2011,0.0,63140.0,0.241792,1.353011,ZAF,GBR,7221
1982080,249,81,1482,2011,687200.0,0.0,1.803234,0.921233,TWN,GBR,7221
1982081,4,90,1482,2011,0.0,1893.0,-0.331435,-0.034828,ALB,GRC,7221
1982082,43,90,1482,2011,1796.0,0.0,1.072299,1.686826,CHN,GRC,7221
1982083,61,90,1482,2011,1774.0,0.0,2.074435,-3.440815,DEU,GRC,7221
1982084,64,90,1482,2011,0.0,9873.0,1.156026,1.2248299999999999,DNK,GRC,7221
1982085,66,90,1482,2011,0.0,1934715.0,-1.36763,-1.140594,DZA,GRC,7221
1982086,111,90,1482,2011,3242.0,0.0,1.298751,0.48013599999999995,ITA,GRC,7221
1982087,43,93,1482,2011,58405.0,0.0,1.072299,1.686826,CHN,GTM,7221
1982088,231,93,1482,2011,23934.0,0.0,1.6884849999999998,-0.474499,USA,GTM,7221
1982089,14,97,1482,2011,36133.0,0.0,-0.138148,0.002999,AUS,HKG,7221
1982090,43,97,1482,2011,3800390.0,323591.0,1.072299,1.686826,CHN,HKG,7221
1982091,77,97,1482,2011,0.0,7483.0,1.532054,0.09339299999999999,FRA,HKG,7221
1982092,104,97,1482,2011,0.0,7119.0,0.18276199999999998,2.398765,IND,HKG,7221
1982093,111,97,1482,2011,523041.0,0.0,1.298751,0.48013599999999995,ITA,HKG,7221
1982094,114,97,1482,2011,4359219.0,0.0,2.516395,-0.534301,JPN,HKG,7221
1982095,121,97,1482,2011,2637933.0,120410.0,1.731371,0.8306879999999999,KOR,HKG,7221
1982096,153,97,1482,2011,93204.0,0.0,0.9893290000000001,0.632079,MYS,HKG,7221
1982097,174,97,1482,2011,40994.0,48229.0,0.364707,0.322626,PHL,HKG,7221
1982098,192,97,1482,2011,137068.0,0.0,1.849116,0.52127,SGP,HKG,7221
1982099,231,97,1482,2011,51383.0,0.0,1.6884849999999998,-0.474499,USA,HKG,7221
1982100,249,97,1482,2011,123480.0,0.0,1.803234,0.921233,TWN,HKG,7221
1982101,43,103,1482,2011,2486305.0,0.0,1.072299,1.686826,CHN,IDN,7221
1982102,61,103,1482,2011,9089.0,0.0,2.074435,-3.440815,DEU,IDN,7221
1982103,81,103,1482,2011,1655.0,0.0,1.8048220000000001,0.380141,GBR,IDN,7221
1982104,104,103,1482,2011,57206.0,5899.0,0.18276199999999998,2.398765,IND,IDN,7221
1982105,121,103,1482,2011,3859.0,2722.0,1.731371,0.8306879999999999,KOR,IDN,7221
1982106,153,103,1482,2011,563000.0,0.0,0.9893290000000001,0.632079,MYS,IDN,7221
1982107,192,103,1482,2011,929953.0,0.0,1.849116,0.52127,SGP,IDN,7221
1982108,207,103,1482,2011,12838.0,0.0,1.642913,0.700222,SVN,IDN,7221
1982109,224,103,1482,2011,204978.0,0.0,0.45775,2.4316259999999996,TUR,IDN,7221
1982110,228,103,1482,2011,620715.0,0.0,0.6221409999999999,0.765505,UKR,IDN,7221
1982111,231,103,1482,2011,18907.0,0.0,1.6884849999999998,-0.474499,USA,IDN,7221
1982112,239,103,1482,2011,0.0,21095.0,-0.184453,1.637207,VNM,IDN,7221
1982113,246,103,1482,2011,0.0,47482.0,0.241792,1.353011,ZAF,IDN,7221
1982114,249,103,1482,2011,74168.0,147055.0,1.803234,0.921233,TWN,IDN,7221
1982115,7,104,1482,2011,106327.0,7908567.0,0.030652,-0.450808,ARE,IND,7221
1982116,8,104,1482,2011,0.0,3082.0,0.240494,0.540376,ARG,IND,7221
1982117,14,104,1482,2011,32569.0,18834.0,-0.138148,0.002999,AUS,IND,7221
1982118,15,104,1482,2011,123785.0,0.0,1.687634,-0.229095,AUT,IND,7221
1982119,18,104,1482,2011,96304.0,5766592.0,1.221703,1.247961,BEL,IND,7221
1982120,23,104,1482,2011,0.0,100088.0,0.537967,1.520973,BGR,IND,7221
1982121,24,104,1482,2011,0.0,54745.0,0.04085,-0.873711,BHR,IND,7221
1982122,32,104,1482,2011,0.0,2752934.0,0.27718400000000004,0.5674319999999999,BRA,IND,7221
1982123,35,104,1482,2011,0.0,320949.0,-0.022021000000000002,-0.5282439999999999,BTN,IND,7221
1982124,39,104,1482,2011,37830.0,290554.0,0.754813,1.1967290000000002,CAN,IND,7221
1982125,41,104,1482,2011,3159.0,253270.0,2.2644029999999997,0.406131,CHE,IND,7221
1982126,42,104,1482,2011,0.0,277777.0,-0.199877,-0.353009,CHL,IND,7221
1982127,43,104,1482,2011,25795012.0,4927906.0,1.072299,1.686826,CHN,IND,7221
1982128,49,104,1482,2011,0.0,104104.0,0.14336600000000002,-0.22996,COL,IND,7221
1982129,58,104,1482,2011,8589.0,0.0,0.798165,0.424179,CYP,IND,7221
1982130,59,104,1482,2011,153366.0,56996.0,1.737788,0.14741600000000002,CZE,IND,7221
1982131,61,104,1482,2011,2784486.0,51621868.0,2.074435,-3.440815,DEU,IND,7221
1982132,64,104,1482,2011,22741.0,1168860.0,1.156026,1.2248299999999999,DNK,IND,7221
1982133,67,104,1482,2011,0.0,68166.0,-0.8250639999999999,-0.839082,ECU,IND,7221
1982134,68,104,1482,2011,0.0,414495.0,-0.166243,1.384719,EGY,IND,7221
1982135,71,104,1482,2011,307238.0,705780.0,0.8677290000000001,2.4618450000000003,ESP,IND,7221
1982136,72,104,1482,2011,0.0,216306.0,0.9806790000000001,1.110449,EST,IND,7221
1982137,74,104,1482,2011,0.0,2300437.0,1.7488830000000002,0.890934,FIN,IND,7221
1982138,77,104,1482,2011,1743478.0,164740.0,1.532054,0.09339299999999999,FRA,IND,7221
1982139,81,104,1482,2011,980839.0,365957.0,1.8048220000000001,0.380141,GBR,IND,7221
1982140,83,104,1482,2011,0.0,3084.0,-0.8627319999999999,-0.608823,GHA,IND,7221
1982141,97,104,1482,2011,7119.0,0.0,0.663588,1.902118,HKG,IND,7221
1982142,103,104,1482,2011,5899.0,57206.0,-0.234125,1.168384,IDN,IND,7221
1982143,107,104,1482,2011,0.0,5041.0,-0.915379,-0.973194,IRN,IND,7221
1982144,110,104,1482,2011,0.0,4353.0,1.324384,0.714611,ISR,IND,7221
1982145,111,104,1482,2011,149523.0,28694618.0,1.298751,0.48013599999999995,ITA,IND,7221
1982146,113,104,1482,2011,15296.0,12253.0,0.231605,0.47049399999999997,JOR,IND,7221
1982147,114,104,1482,2011,805474.0,52071.0,2.516395,-0.534301,JPN,IND,7221
1982148,116,104,1482,2011,0.0,139717.0,-0.48319300000000004,0.346927,KEN,IND,7221
1982149,118,104,1482,2011,0.0,137729.0,-1.162858,-1.103539,KHM,IND,7221
1982150,121,104,1482,2011,458462.0,787870.0,1.731371,0.8306879999999999,KOR,IND,7221
1982151,122,104,1482,2011,41738.0,3020.0,-0.898582,-1.09893,KWT,IND,7221
1982152,128,104,1482,2011,0.0,41077.0,-0.559311,0.398905,LKA,IND,7221
1982153,132,104,1482,2011,0.0,14128.0,0.7320939999999999,1.101321,LVA,IND,7221
1982154,134,104,1482,2011,0.0,110799.0,-0.485404,0.099828,MAR,IND,7221
1982155,137,104,1482,2011,0.0,4644.0,-0.937469,-0.87897,MDV,IND,7221
1982156,138,104,1482,2011,0.0,3709926.0,0.9534600000000001,0.706982,MEX,IND,7221
1982157,143,104,1482,2011,0.0,440490.0,-1.3557190000000001,-0.929934,MMR,IND,7221
1982158,147,104,1482,2011,0.0,4768.0,-1.2069299999999998,-0.977785,MOZ,IND,7221
1982159,153,104,1482,2011,502444.0,953095.0,0.9893290000000001,0.632079,MYS,IND,7221
1982160,159,104,1482,2011,0.0,37613.0,-1.699286,-1.15511,NGA,IND,7221
1982161,162,104,1482,2011,264166.0,763769.0,1.1655229999999999,1.410167,NLD,IND,7221
1982162,163,104,1482,2011,113978.0,0.0,0.8492770000000001,0.050044,NOR,IND,7221
1982163,164,104,1482,2011,0.0,1218.0,-0.242299,0.801966,NPL,IND,7221
1982164,166,104,1482,2011,105562.0,1647.0,0.372732,0.548601,NZL,IND,7221
1982165,167,104,1482,2011,0.0,49663.0,-0.473703,-0.952491,OMN,IND,7221
1982166,177,104,1482,2011,0.0,205866.0,1.133641,1.134203,POL,IND,7221
1982167,183,104,1482,2011,0.0,11286.0,-0.45851899999999995,-1.017033,QAT,IND,7221
1982168,185,104,1482,2011,0.0,6771.0,0.722,1.296655,ROU,IND,7221
1982169,186,104,1482,2011,28715.0,3141.0,0.47319399999999995,-0.20801599999999998,RUS,IND,7221
1982170,188,104,1482,2011,631661.0,990637.0,0.354045,-0.800028,SAU,IND,7221
1982171,190,104,1482,2011,0.0,16053.0,-2.1675869999999997,-1.249272,SDN,IND,7221
1982172,192,104,1482,2011,208859.0,34054.0,1.849116,0.52127,SGP,IND,7221
1982173,196,104,1482,2011,0.0,3345.0,-0.35546500000000003,-0.46134899999999995,SLE,IND,7221
1982174,207,104,1482,2011,0.0,53568.0,1.642913,0.700222,SVN,IND,7221
1982175,208,104,1482,2011,261463.0,0.0,1.857146,0.366159,SWE,IND,7221
1982176,211,104,1482,2011,0.0,19615.0,0.287017,-0.5136850000000001,SYC,IND,7221
1982177,212,104,1482,2011,0.0,45175.0,-0.604133,0.5268970000000001,SYR,IND,7221
1982178,216,104,1482,2011,107993.0,1865142.0,0.889009,1.503118,THA,IND,7221
1982179,224,104,1482,2011,1517.0,2424115.0,0.45775,2.4316259999999996,TUR,IND,7221
1982180,226,104,1482,2011,0.0,8667.0,-0.751316,0.286505,TZA,IND,7221
1982181,227,104,1482,2011,0.0,13297.0,-0.7153,-0.062678,UGA,IND,7221
1982182,228,104,1482,2011,19496.0,56994.0,0.6221409999999999,0.765505,UKR,IND,7221
1982183,231,104,1482,2011,520736.0,1423008.0,1.6884849999999998,-0.474499,USA,IND,7221
1982184,239,104,1482,2011,0.0,8309184.0,-0.184453,1.637207,VNM,IND,7221
1982185,243,104,1482,2011,0.0,3045.0,-1.44127,-1.242875,YEM,IND,7221
1982186,246,104,1482,2011,0.0,642525.0,0.241792,1.353011,ZAF,IND,7221
1982187,247,104,1482,2011,0.0,1660.0,-0.7599,-0.941019,ZMB,IND,7221
1982188,249,104,1482,2011,21389744.0,533092.0,1.803234,0.921233,TWN,IND,7221
1982189,250,104,1482,2011,1579800.0,0.0,0.475638,-0.160135,ANS,IND,7221
1982190,43,106,1482,2011,27457.0,8749.0,1.072299,1.686826,CHN,IRL,7221
1982191,77,106,1482,2011,0.0,4964.0,1.532054,0.09339299999999999,FRA,IRL,7221
1982192,81,106,1482,2011,478720.0,74803.0,1.8048220000000001,0.380141,GBR,IRL,7221
1982193,121,106,1482,2011,0.0,3079.0,1.731371,0.8306879999999999,KOR,IRL,7221
1982194,153,106,1482,2011,0.0,4698.0,0.9893290000000001,0.632079,MYS,IRL,7221
1982195,192,106,1482,2011,0.0,5036.0,1.849116,0.52127,SGP,IRL,7221
1982196,208,106,1482,2011,173915.0,0.0,1.857146,0.366159,SWE,IRL,7221
1982197,231,106,1482,2011,9535.0,20088.0,1.6884849999999998,-0.474499,USA,IRL,7221
1982198,249,106,1482,2011,24531.0,0.0,1.803234,0.921233,TWN,IRL,7221
1982199,2,110,1482,2011,0.0,2110.0,-1.252991,-1.132314,AGO,ISR,7221
1982200,41,110,1482,2011,2683.0,0.0,2.2644029999999997,0.406131,CHE,ISR,7221
1982201,61,110,1482,2011,31509.0,0.0,2.074435,-3.440815,DEU,ISR,7221
1982202,77,110,1482,2011,906.0,0.0,1.532054,0.09339299999999999,FRA,ISR,7221
1982203,81,110,1482,2011,0.0,2038.0,1.8048220000000001,0.380141,GBR,ISR,7221
1982204,104,110,1482,2011,4353.0,0.0,0.18276199999999998,2.398765,IND,ISR,7221
1982205,162,110,1482,2011,123774.0,0.0,1.1655229999999999,1.410167,NLD,ISR,7221
1982206,231,110,1482,2011,532057.0,0.0,1.6884849999999998,-0.474499,USA,ISR,7221
1982207,4,111,1482,2011,0.0,11942.0,-0.331435,-0.034828,ALB,ITA,7221
1982208,7,111,1482,2011,0.0,335511.0,0.030652,-0.450808,ARE,ITA,7221
1982209,14,111,1482,2011,0.0,73880.0,-0.138148,0.002999,AUS,ITA,7221
1982210,15,111,1482,2011,351153.0,2204464.0,1.687634,-0.229095,AUT,ITA,7221
1982211,28,111,1482,2011,0.0,43528.0,0.8786729999999999,0.442097,BLR,ITA,7221
1982212,32,111,1482,2011,0.0,14434800.0,0.27718400000000004,0.5674319999999999,BRA,ITA,7221
1982213,39,111,1482,2011,0.0,1227493.0,0.754813,1.1967290000000002,CAN,ITA,7221
1982214,41,111,1482,2011,2375629.0,137067856.0,2.2644029999999997,0.406131,CHE,ITA,7221
1982215,42,111,1482,2011,0.0,1033.0,-0.199877,-0.353009,CHL,ITA,7221
1982216,43,111,1482,2011,5825684.0,6959260.0,1.072299,1.686826,CHN,ITA,7221
1982217,58,111,1482,2011,0.0,40192.0,0.798165,0.424179,CYP,ITA,7221
1982218,59,111,1482,2011,0.0,28363532.0,1.737788,0.14741600000000002,CZE,ITA,7221
1982219,61,111,1482,2011,16955238.0,45968412.0,2.074435,-3.440815,DEU,ITA,7221
1982220,62,111,1482,2011,0.0,101313.0,-0.6224529999999999,-0.7357739999999999,DJI,ITA,7221
1982221,64,111,1482,2011,0.0,291351.0,1.156026,1.2248299999999999,DNK,ITA,7221
1982222,66,111,1482,2011,0.0,1554486.0,-1.36763,-1.140594,DZA,ITA,7221
1982223,68,111,1482,2011,0.0,235912.0,-0.166243,1.384719,EGY,ITA,7221
1982224,71,111,1482,2011,116988720.0,90193.0,0.8677290000000001,2.4618450000000003,ESP,ITA,7221
1982225,74,111,1482,2011,0.0,869867.0,1.7488830000000002,0.890934,FIN,ITA,7221
1982226,77,111,1482,2011,154577392.0,12691673.0,1.532054,0.09339299999999999,FRA,ITA,7221
1982227,81,111,1482,2011,25214090.0,2091126.0,1.8048220000000001,0.380141,GBR,ITA,7221
1982228,90,111,1482,2011,0.0,3242.0,0.138679,1.30044,GRC,ITA,7221
1982229,97,111,1482,2011,0.0,523041.0,0.663588,1.902118,HKG,ITA,7221
1982230,100,111,1482,2011,0.0,5523.0,0.868294,0.9424299999999999,HRV,ITA,7221
1982231,102,111,1482,2011,0.0,24025.0,1.486592,0.805642,HUN,ITA,7221
1982232,104,111,1482,2011,28694618.0,149523.0,0.18276199999999998,2.398765,IND,ITA,7221
1982233,114,111,1482,2011,4556708.0,0.0,2.516395,-0.534301,JPN,ITA,7221
1982234,121,111,1482,2011,39936568.0,763767.0,1.731371,0.8306879999999999,KOR,ITA,7221
1982235,138,111,1482,2011,0.0,15267487.0,0.9534600000000001,0.706982,MEX,ITA,7221
1982236,153,111,1482,2011,0.0,168363.0,0.9893290000000001,0.632079,MYS,ITA,7221
1982237,162,111,1482,2011,0.0,67271.0,1.1655229999999999,1.410167,NLD,ITA,7221
1982238,163,111,1482,2011,21304.0,6792.0,0.8492770000000001,0.050044,NOR,ITA,7221
1982239,177,111,1482,2011,0.0,3983686.0,1.133641,1.134203,POL,ITA,7221
1982240,179,111,1482,2011,0.0,743002.0,0.558481,2.7056240000000003,PRT,ITA,7221
1982241,185,111,1482,2011,0.0,266701.0,0.722,1.296655,ROU,ITA,7221
1982242,188,111,1482,2011,0.0,54480.0,0.354045,-0.800028,SAU,ITA,7221
1982243,192,111,1482,2011,0.0,14479.0,1.849116,0.52127,SGP,ITA,7221
1982244,201,111,1482,2011,0.0,19859.0,0.49055699999999997,1.5601399999999999,SRB,ITA,7221
1982245,207,111,1482,2011,0.0,90366.0,1.642913,0.700222,SVN,ITA,7221
1982246,208,111,1482,2011,12871709.0,0.0,1.857146,0.366159,SWE,ITA,7221
1982247,216,111,1482,2011,0.0,47889.0,0.889009,1.503118,THA,ITA,7221
1982248,223,111,1482,2011,0.0,30518.0,0.151221,1.1252360000000001,TUN,ITA,7221
1982249,224,111,1482,2011,0.0,50786.0,0.45775,2.4316259999999996,TUR,ITA,7221
1982250,228,111,1482,2011,0.0,14020.0,0.6221409999999999,0.765505,UKR,ITA,7221
1982251,231,111,1482,2011,203565.0,3117214.0,1.6884849999999998,-0.474499,USA,ITA,7221
1982252,246,111,1482,2011,7947.0,2094876.0,0.241792,1.353011,ZAF,ITA,7221
1982253,249,111,1482,2011,47233056.0,707764.0,1.803234,0.921233,TWN,ITA,7221
1982254,15,114,1482,2011,3603.0,0.0,1.687634,-0.229095,AUT,JPN,7221
1982255,18,114,1482,2011,0.0,1719646.0,1.221703,1.247961,BEL,JPN,7221
1982256,39,114,1482,2011,0.0,2603.0,0.754813,1.1967290000000002,CAN,JPN,7221
1982257,43,114,1482,2011,6133477.0,75675384.0,1.072299,1.686826,CHN,JPN,7221
1982258,61,114,1482,2011,55479.0,2311126.0,2.074435,-3.440815,DEU,JPN,7221
1982259,75,114,1482,2011,0.0,1669.0,-0.434356,-0.010863,FJI,JPN,7221
1982260,77,114,1482,2011,230896.0,8222192.0,1.532054,0.09339299999999999,FRA,JPN,7221
1982261,81,114,1482,2011,133972.0,0.0,1.8048220000000001,0.380141,GBR,JPN,7221
1982262,97,114,1482,2011,0.0,4359219.0,0.663588,1.902118,HKG,JPN,7221
1982263,104,114,1482,2011,52071.0,805474.0,0.18276199999999998,2.398765,IND,JPN,7221
1982264,111,114,1482,2011,0.0,4556708.0,1.298751,0.48013599999999995,ITA,JPN,7221
1982265,121,114,1482,2011,24991862.0,85652448.0,1.731371,0.8306879999999999,KOR,JPN,7221
1982266,153,114,1482,2011,0.0,33216652.0,0.9893290000000001,0.632079,MYS,JPN,7221
1982267,163,114,1482,2011,41463.0,0.0,0.8492770000000001,0.050044,NOR,JPN,7221
1982268,166,114,1482,2011,1448.0,0.0,0.372732,0.548601,NZL,JPN,7221
1982269,168,114,1482,2011,0.0,2625.0,-0.729677,0.6026729999999999,PAK,JPN,7221
1982270,174,114,1482,2011,0.0,499922.0,0.364707,0.322626,PHL,JPN,7221
1982271,192,114,1482,2011,4942.0,1761369.0,1.849116,0.52127,SGP,JPN,7221
1982272,208,114,1482,2011,3104767.0,0.0,1.857146,0.366159,SWE,JPN,7221
1982273,216,114,1482,2011,1378265.0,37194632.0,0.889009,1.503118,THA,JPN,7221
1982274,231,114,1482,2011,1501435.0,448122.0,1.6884849999999998,-0.474499,USA,JPN,7221
1982275,239,114,1482,2011,4860.0,2300466.0,-0.184453,1.637207,VNM,JPN,7221
1982276,246,114,1482,2011,98803.0,0.0,0.241792,1.353011,ZAF,JPN,7221
1982277,249,114,1482,2011,8330744.0,94386016.0,1.803234,0.921233,TWN,JPN,7221
1982278,14,121,1482,2011,0.0,267990.0,-0.138148,0.002999,AUS,KOR,7221
1982279,15,121,1482,2011,5245.0,0.0,1.687634,-0.229095,AUT,KOR,7221
1982280,18,121,1482,2011,2515.0,880080.0,1.221703,1.247961,BEL,KOR,7221
1982281,34,121,1482,2011,0.0,5769.0,-0.171775,-0.6656810000000001,BRN,KOR,7221
1982282,43,121,1482,2011,42502800.0,20740214.0,1.072299,1.686826,CHN,KOR,7221
1982283,59,121,1482,2011,0.0,11868244.0,1.737788,0.14741600000000002,CZE,KOR,7221
1982284,61,121,1482,2011,46536.0,2145553.0,2.074435,-3.440815,DEU,KOR,7221
1982285,77,121,1482,2011,1309637.0,0.0,1.532054,0.09339299999999999,FRA,KOR,7221
1982286,81,121,1482,2011,469576.0,0.0,1.8048220000000001,0.380141,GBR,KOR,7221
1982287,97,121,1482,2011,120410.0,2637933.0,0.663588,1.902118,HKG,KOR,7221
1982288,103,121,1482,2011,2722.0,3859.0,-0.234125,1.168384,IDN,KOR,7221
1982289,104,121,1482,2011,787870.0,458462.0,0.18276199999999998,2.398765,IND,KOR,7221
1982290,106,121,1482,2011,3079.0,0.0,1.403182,0.290245,IRL,KOR,7221
1982291,111,121,1482,2011,763767.0,39936568.0,1.298751,0.48013599999999995,ITA,KOR,7221
1982292,114,121,1482,2011,85652448.0,24991862.0,2.516395,-0.534301,JPN,KOR,7221
1982293,134,121,1482,2011,0.0,4696.0,-0.485404,0.099828,MAR,KOR,7221
1982294,138,121,1482,2011,10151.0,0.0,0.9534600000000001,0.706982,MEX,KOR,7221
1982295,143,121,1482,2011,0.0,160926.0,-1.3557190000000001,-0.929934,MMR,KOR,7221
1982296,153,121,1482,2011,14870.0,1590349.0,0.9893290000000001,0.632079,MYS,KOR,7221
1982297,167,121,1482,2011,0.0,6113327.0,-0.473703,-0.952491,OMN,KOR,7221
1982298,168,121,1482,2011,0.0,35989.0,-0.729677,0.6026729999999999,PAK,KOR,7221
1982299,174,121,1482,2011,0.0,139787.0,0.364707,0.322626,PHL,KOR,7221
1982300,177,121,1482,2011,0.0,5629770.0,1.133641,1.134203,POL,KOR,7221
1982301,192,121,1482,2011,3191.0,444060.0,1.849116,0.52127,SGP,KOR,7221
1982302,208,121,1482,2011,3153323.0,0.0,1.857146,0.366159,SWE,KOR,7221
1982303,216,121,1482,2011,86548.0,6095933.0,0.889009,1.503118,THA,KOR,7221
1982304,231,121,1482,2011,663980.0,17341.0,1.6884849999999998,-0.474499,USA,KOR,7221
1982305,239,121,1482,2011,33260.0,2736353.0,-0.184453,1.637207,VNM,KOR,7221
1982306,246,121,1482,2011,0.0,582878.0,0.241792,1.353011,ZAF,KOR,7221
1982307,249,121,1482,2011,61002344.0,31734078.0,1.803234,0.921233,TWN,KOR,7221
1982308,41,122,1482,2011,4429.0,0.0,2.2644029999999997,0.406131,CHE,KWT,7221
1982309,71,122,1482,2011,1878.0,0.0,0.8677290000000001,2.4618450000000003,ESP,KWT,7221
1982310,81,122,1482,2011,1147.0,0.0,1.8048220000000001,0.380141,GBR,KWT,7221
1982311,104,122,1482,2011,3020.0,41738.0,0.18276199999999998,2.398765,IND,KWT,7221
1982312,167,122,1482,2011,31744.0,0.0,-0.473703,-0.952491,OMN,KWT,7221
1982313,183,122,1482,2011,6115.0,0.0,-0.45851899999999995,-1.017033,QAT,KWT,7221
1982314,188,122,1482,2011,56574.0,0.0,0.354045,-0.800028,SAU,KWT,7221
1982315,43,134,1482,2011,63740.0,0.0,1.072299,1.686826,CHN,MAR,7221
1982316,104,134,1482,2011,110799.0,0.0,0.18276199999999998,2.398765,IND,MAR,7221
1982317,121,134,1482,2011,4696.0,0.0,1.731371,0.8306879999999999,KOR,MAR,7221
1982318,15,138,1482,2011,4034.0,0.0,1.687634,-0.229095,AUT,MEX,7221
1982319,32,138,1482,2011,0.0,109382.0,0.27718400000000004,0.5674319999999999,BRA,MEX,7221
1982320,41,138,1482,2011,57681.0,0.0,2.2644029999999997,0.406131,CHE,MEX,7221
1982321,43,138,1482,2011,2374448.0,0.0,1.072299,1.686826,CHN,MEX,7221
1982322,61,138,1482,2011,3126.0,0.0,2.074435,-3.440815,DEU,MEX,7221
1982323,71,138,1482,2011,364066.0,0.0,0.8677290000000001,2.4618450000000003,ESP,MEX,7221
1982324,77,138,1482,2011,68425.0,0.0,1.532054,0.09339299999999999,FRA,MEX,7221
1982325,81,138,1482,2011,68274.0,0.0,1.8048220000000001,0.380141,GBR,MEX,7221
1982326,104,138,1482,2011,3709926.0,0.0,0.18276199999999998,2.398765,IND,MEX,7221
1982327,111,138,1482,2011,15267487.0,0.0,1.298751,0.48013599999999995,ITA,MEX,7221
1982328,121,138,1482,2011,0.0,10151.0,1.731371,0.8306879999999999,KOR,MEX,7221
1982329,208,138,1482,2011,242932.0,0.0,1.857146,0.366159,SWE,MEX,7221
1982330,231,138,1482,2011,8000179.0,4996.0,1.6884849999999998,-0.474499,USA,MEX,7221
1982331,236,138,1482,2011,0.0,24483.0,-0.841147,-1.095636,VEN,MEX,7221
1982332,249,138,1482,2011,1355712.0,0.0,1.803234,0.921233,TWN,MEX,7221
1982333,14,153,1482,2011,0.0,90997.0,-0.138148,0.002999,AUS,MYS,7221
1982334,24,153,1482,2011,0.0,9220.0,0.04085,-0.873711,BHR,MYS,7221
1982335,34,153,1482,2011,0.0,5438.0,-0.171775,-0.6656810000000001,BRN,MYS,7221
1982336,43,153,1482,2011,62304336.0,4012.0,1.072299,1.686826,CHN,MYS,7221
1982337,61,153,1482,2011,1803792.0,0.0,2.074435,-3.440815,DEU,MYS,7221
1982338,77,153,1482,2011,703793.0,0.0,1.532054,0.09339299999999999,FRA,MYS,7221
1982339,81,153,1482,2011,39940.0,0.0,1.8048220000000001,0.380141,GBR,MYS,7221
1982340,97,153,1482,2011,0.0,93204.0,0.663588,1.902118,HKG,MYS,7221
1982341,103,153,1482,2011,0.0,563000.0,-0.234125,1.168384,IDN,MYS,7221
1982342,104,153,1482,2011,953095.0,502444.0,0.18276199999999998,2.398765,IND,MYS,7221
1982343,106,153,1482,2011,4698.0,0.0,1.403182,0.290245,IRL,MYS,7221
1982344,111,153,1482,2011,168363.0,0.0,1.298751,0.48013599999999995,ITA,MYS,7221
1982345,114,153,1482,2011,33216652.0,0.0,2.516395,-0.534301,JPN,MYS,7221
1982346,121,153,1482,2011,1590349.0,14870.0,1.731371,0.8306879999999999,KOR,MYS,7221
1982347,137,153,1482,2011,0.0,41486.0,-0.937469,-0.87897,MDV,MYS,7221
1982348,143,153,1482,2011,0.0,26254.0,-1.3557190000000001,-0.929934,MMR,MYS,7221
1982349,151,153,1482,2011,0.0,1117.0,-0.09464600000000001,0.091177,MUS,MYS,7221
1982350,174,153,1482,2011,0.0,120953.0,0.364707,0.322626,PHL,MYS,7221
1982351,176,153,1482,2011,0.0,575136.0,-1.1111659999999999,-0.9458610000000001,PNG,MYS,7221
1982352,186,153,1482,2011,0.0,132893.0,0.47319399999999995,-0.20801599999999998,RUS,MYS,7221
1982353,192,153,1482,2011,2276465.0,28992.0,1.849116,0.52127,SGP,MYS,7221
1982354,216,153,1482,2011,725666.0,637540.0,0.889009,1.503118,THA,MYS,7221
1982355,224,153,1482,2011,1516.0,34929.0,0.45775,2.4316259999999996,TUR,MYS,7221
1982356,228,153,1482,2011,9233.0,0.0,0.6221409999999999,0.765505,UKR,MYS,7221
1982357,231,153,1482,2011,1288734.0,0.0,1.6884849999999998,-0.474499,USA,MYS,7221
1982358,239,153,1482,2011,0.0,113426.0,-0.184453,1.637207,VNM,MYS,7221
1982359,249,153,1482,2011,11816614.0,264903.0,1.803234,0.921233,TWN,MYS,7221
1982360,18,162,1482,2011,11635.0,135961.0,1.221703,1.247961,BEL,NLD,7221
1982361,32,162,1482,2011,129875.0,0.0,0.27718400000000004,0.5674319999999999,BRA,NLD,7221
1982362,39,162,1482,2011,0.0,2261.0,0.754813,1.1967290000000002,CAN,NLD,7221
1982363,42,162,1482,2011,2157.0,0.0,-0.199877,-0.353009,CHL,NLD,7221
1982364,43,162,1482,2011,17436.0,1099.0,1.072299,1.686826,CHN,NLD,7221
1982365,61,162,1482,2011,152836.0,475452.0,2.074435,-3.440815,DEU,NLD,7221
1982366,64,162,1482,2011,0.0,142812.0,1.156026,1.2248299999999999,DNK,NLD,7221
1982367,77,162,1482,2011,49782.0,678928.0,1.532054,0.09339299999999999,FRA,NLD,7221
1982368,81,162,1482,2011,18026.0,32985.0,1.8048220000000001,0.380141,GBR,NLD,7221
1982369,104,162,1482,2011,763769.0,264166.0,0.18276199999999998,2.398765,IND,NLD,7221
1982370,110,162,1482,2011,0.0,123774.0,1.324384,0.714611,ISR,NLD,7221
1982371,111,162,1482,2011,67271.0,0.0,1.298751,0.48013599999999995,ITA,NLD,7221
1982372,124,162,1482,2011,0.0,1998.0,0.278393,1.2962879999999999,LBN,NLD,7221
1982373,177,162,1482,2011,47355.0,0.0,1.133641,1.134203,POL,NLD,7221
1982374,205,162,1482,2011,7267.0,1164.0,-0.504897,-0.835426,SUR,NLD,7221
1982375,208,162,1482,2011,1731893.0,0.0,1.857146,0.366159,SWE,NLD,7221
1982376,231,162,1482,2011,196208.0,2026.0,1.6884849999999998,-0.474499,USA,NLD,7221
1982377,236,162,1482,2011,0.0,1890.0,-0.841147,-1.095636,VEN,NLD,7221
1982378,7,166,1482,2011,0.0,999.0,0.030652,-0.450808,ARE,NZL,7221
1982379,14,166,1482,2011,32935.0,1861.0,-0.138148,0.002999,AUS,NZL,7221
1982380,48,166,1482,2011,0.0,1117.0,0.053038,-0.521486,COK,NZL,7221
1982381,81,166,1482,2011,8344.0,0.0,1.8048220000000001,0.380141,GBR,NZL,7221
1982382,104,166,1482,2011,1647.0,105562.0,0.18276199999999998,2.398765,IND,NZL,7221
1982383,114,166,1482,2011,0.0,1448.0,2.516395,-0.534301,JPN,NZL,7221
1982384,156,166,1482,2011,0.0,1570.0,-0.976349,-0.798691,NCL,NZL,7221
1982385,182,166,1482,2011,0.0,3018.0,0.37798000000000004,-0.460049,PYF,NZL,7221
1982386,192,166,1482,2011,10588.0,0.0,1.849116,0.52127,SGP,NZL,7221
1982387,221,166,1482,2011,0.0,5325.0,-0.14256,-0.589116,TON,NZL,7221
1982388,231,166,1482,2011,2720.0,0.0,1.6884849999999998,-0.474499,USA,NZL,7221
1982389,249,166,1482,2011,19459.0,0.0,1.803234,0.921233,TWN,NZL,7221
1982390,1,168,1482,2011,0.0,54869.0,-0.8426809999999999,-0.640418,AFG,PAK,7221
1982391,14,168,1482,2011,5197.0,0.0,-0.138148,0.002999,AUS,PAK,7221
1982392,114,168,1482,2011,2625.0,0.0,2.516395,-0.534301,JPN,PAK,7221
1982393,121,168,1482,2011,35989.0,0.0,1.731371,0.8306879999999999,KOR,PAK,7221
1982394,65,169,1482,2011,99604.0,0.0,-0.260653,0.5682010000000001,DOM,PAN,7221
1982395,236,169,1482,2011,0.0,948.0,-0.841147,-1.095636,VEN,PAN,7221
1982396,39,173,1482,2011,3419.0,0.0,0.754813,1.1967290000000002,CAN,PER,7221
1982397,43,173,1482,2011,151921.0,0.0,1.072299,1.686826,CHN,PER,7221
1982398,231,173,1482,2011,97980.0,0.0,1.6884849999999998,-0.474499,USA,PER,7221
1982399,43,174,1482,2011,13282762.0,0.0,1.072299,1.686826,CHN,PHL,7221
1982400,97,174,1482,2011,48229.0,40994.0,0.663588,1.902118,HKG,PHL,7221
1982401,114,174,1482,2011,499922.0,0.0,2.516395,-0.534301,JPN,PHL,7221
1982402,121,174,1482,2011,139787.0,0.0,1.731371,0.8306879999999999,KOR,PHL,7221
1982403,153,174,1482,2011,120953.0,0.0,0.9893290000000001,0.632079,MYS,PHL,7221
1982404,231,174,1482,2011,0.0,15666.0,1.6884849999999998,-0.474499,USA,PHL,7221
1982405,239,174,1482,2011,8431.0,0.0,-0.184453,1.637207,VNM,PHL,7221
1982406,249,174,1482,2011,6814361.0,0.0,1.803234,0.921233,TWN,PHL,7221
1982407,18,177,1482,2011,5180.0,0.0,1.221703,1.247961,BEL,POL,7221
1982408,28,177,1482,2011,0.0,1598.0,0.8786729999999999,0.442097,BLR,POL,7221
1982409,43,177,1482,2011,1951.0,0.0,1.072299,1.686826,CHN,POL,7221
1982410,59,177,1482,2011,5409.0,12324.0,1.737788,0.14741600000000002,CZE,POL,7221
1982411,61,177,1482,2011,30120.0,0.0,2.074435,-3.440815,DEU,POL,7221
1982412,64,177,1482,2011,415280.0,62253.0,1.156026,1.2248299999999999,DNK,POL,7221
1982413,74,177,1482,2011,4582.0,0.0,1.7488830000000002,0.890934,FIN,POL,7221
1982414,77,177,1482,2011,83037.0,0.0,1.532054,0.09339299999999999,FRA,POL,7221
1982415,81,177,1482,2011,1782.0,0.0,1.8048220000000001,0.380141,GBR,POL,7221
1982416,104,177,1482,2011,205866.0,0.0,0.18276199999999998,2.398765,IND,POL,7221
1982417,111,177,1482,2011,3983686.0,0.0,1.298751,0.48013599999999995,ITA,POL,7221
1982418,121,177,1482,2011,5629770.0,0.0,1.731371,0.8306879999999999,KOR,POL,7221
1982419,130,177,1482,2011,0.0,59093.0,0.747963,0.9759530000000001,LTU,POL,7221
1982420,162,177,1482,2011,0.0,47355.0,1.1655229999999999,1.410167,NLD,POL,7221
1982421,208,177,1482,2011,36485.0,0.0,1.857146,0.366159,SWE,POL,7221
1982422,231,177,1482,2011,11043.0,0.0,1.6884849999999998,-0.474499,USA,POL,7221
1982423,2,179,1482,2011,0.0,3635.0,-1.252991,-1.132314,AGO,PRT,7221
1982424,18,179,1482,2011,33190.0,0.0,1.221703,1.247961,BEL,PRT,7221
1982425,43,179,1482,2011,48562.0,0.0,1.072299,1.686826,CHN,PRT,7221
1982426,61,179,1482,2011,6447.0,0.0,2.074435,-3.440815,DEU,PRT,7221
1982427,66,179,1482,2011,0.0,5728445.0,-1.36763,-1.140594,DZA,PRT,7221
1982428,71,179,1482,2011,1056466.0,0.0,0.8677290000000001,2.4618450000000003,ESP,PRT,7221
1982429,77,179,1482,2011,966861.0,0.0,1.532054,0.09339299999999999,FRA,PRT,7221
1982430,81,179,1482,2011,51984.0,0.0,1.8048220000000001,0.380141,GBR,PRT,7221
1982431,111,179,1482,2011,743002.0,0.0,1.298751,0.48013599999999995,ITA,PRT,7221
1982432,208,179,1482,2011,13792.0,0.0,1.857146,0.366159,SWE,PRT,7221
1982433,7,183,1482,2011,0.0,2941.0,0.030652,-0.450808,ARE,QAT,7221
1982434,24,183,1482,2011,0.0,1825619.0,0.04085,-0.873711,BHR,QAT,7221
1982435,81,183,1482,2011,18549.0,0.0,1.8048220000000001,0.380141,GBR,QAT,7221
1982436,104,183,1482,2011,11286.0,0.0,0.18276199999999998,2.398765,IND,QAT,7221
1982437,122,183,1482,2011,0.0,6115.0,-0.898582,-1.09893,KWT,QAT,7221
1982438,192,183,1482,2011,6056.0,0.0,1.849116,0.52127,SGP,QAT,7221
1982439,231,183,1482,2011,77328.0,0.0,1.6884849999999998,-0.474499,USA,QAT,7221
1982440,15,185,1482,2011,3011.0,0.0,1.687634,-0.229095,AUT,ROU,7221
1982441,18,185,1482,2011,7545.0,0.0,1.221703,1.247961,BEL,ROU,7221
1982442,43,185,1482,2011,9722.0,0.0,1.072299,1.686826,CHN,ROU,7221
1982443,61,185,1482,2011,64934.0,0.0,2.074435,-3.440815,DEU,ROU,7221
1982444,77,185,1482,2011,1595.0,7890.0,1.532054,0.09339299999999999,FRA,ROU,7221
1982445,102,185,1482,2011,11473.0,0.0,1.486592,0.805642,HUN,ROU,7221
1982446,104,185,1482,2011,6771.0,0.0,0.18276199999999998,2.398765,IND,ROU,7221
1982447,111,185,1482,2011,266701.0,0.0,1.298751,0.48013599999999995,ITA,ROU,7221
1982448,208,185,1482,2011,14963.0,0.0,1.857146,0.366159,SWE,ROU,7221
1982449,7,188,1482,2011,4591082.0,0.0,0.030652,-0.450808,ARE,SAU,7221
1982450,43,188,1482,2011,73053.0,0.0,1.072299,1.686826,CHN,SAU,7221
1982451,81,188,1482,2011,1260.0,0.0,1.8048220000000001,0.380141,GBR,SAU,7221
1982452,104,188,1482,2011,990637.0,631661.0,0.18276199999999998,2.398765,IND,SAU,7221
1982453,111,188,1482,2011,54480.0,0.0,1.298751,0.48013599999999995,ITA,SAU,7221
1982454,122,188,1482,2011,0.0,56574.0,-0.898582,-1.09893,KWT,SAU,7221
1982455,131,188,1482,2011,24093.0,0.0,1.1655739999999999,1.222379,LUX,SAU,7221
1982456,192,188,1482,2011,23617.0,0.0,1.849116,0.52127,SGP,SAU,7221
1982457,231,188,1482,2011,86476.0,0.0,1.6884849999999998,-0.474499,USA,SAU,7221
1982458,243,188,1482,2011,0.0,7237.0,-1.44127,-1.242875,YEM,SAU,7221
1982459,249,188,1482,2011,43850.0,0.0,1.803234,0.921233,TWN,SAU,7221
1982460,104,190,1482,2011,16053.0,0.0,0.18276199999999998,2.398765,IND,SDN,7221
1982461,14,192,1482,2011,2910.0,1073.0,-0.138148,0.002999,AUS,SGP,7221
1982462,22,192,1482,2011,0.0,102364.0,-1.074416,-0.8276370000000001,BGD,SGP,7221
1982463,34,192,1482,2011,0.0,695170.0,-0.171775,-0.6656810000000001,BRN,SGP,7221
1982464,39,192,1482,2011,0.0,4811.0,0.754813,1.1967290000000002,CAN,SGP,7221
1982465,43,192,1482,2011,4823445.0,8838.0,1.072299,1.686826,CHN,SGP,7221
1982466,61,192,1482,2011,641314.0,0.0,2.074435,-3.440815,DEU,SGP,7221
1982467,77,192,1482,2011,48185.0,0.0,1.532054,0.09339299999999999,FRA,SGP,7221
1982468,81,192,1482,2011,283653.0,0.0,1.8048220000000001,0.380141,GBR,SGP,7221
1982469,97,192,1482,2011,0.0,137068.0,0.663588,1.902118,HKG,SGP,7221
1982470,103,192,1482,2011,0.0,929953.0,-0.234125,1.168384,IDN,SGP,7221
1982471,104,192,1482,2011,34054.0,208859.0,0.18276199999999998,2.398765,IND,SGP,7221
1982472,106,192,1482,2011,5036.0,0.0,1.403182,0.290245,IRL,SGP,7221
1982473,111,192,1482,2011,14479.0,0.0,1.298751,0.48013599999999995,ITA,SGP,7221
1982474,114,192,1482,2011,1761369.0,4942.0,2.516395,-0.534301,JPN,SGP,7221
1982475,121,192,1482,2011,444060.0,3191.0,1.731371,0.8306879999999999,KOR,SGP,7221
1982476,128,192,1482,2011,0.0,11370.0,-0.559311,0.398905,LKA,SGP,7221
1982477,143,192,1482,2011,0.0,237007.0,-1.3557190000000001,-0.929934,MMR,SGP,7221
1982478,153,192,1482,2011,28992.0,2276465.0,0.9893290000000001,0.632079,MYS,SGP,7221
1982479,163,192,1482,2011,6880.0,0.0,0.8492770000000001,0.050044,NOR,SGP,7221
1982480,166,192,1482,2011,0.0,10588.0,0.372732,0.548601,NZL,SGP,7221
1982481,183,192,1482,2011,0.0,6056.0,-0.45851899999999995,-1.017033,QAT,SGP,7221
1982482,188,192,1482,2011,0.0,23617.0,0.354045,-0.800028,SAU,SGP,7221
1982483,211,192,1482,2011,0.0,2328.0,0.287017,-0.5136850000000001,SYC,SGP,7221
1982484,216,192,1482,2011,3878.0,2929815.0,0.889009,1.503118,THA,SGP,7221
1982485,228,192,1482,2011,8047.0,0.0,0.6221409999999999,0.765505,UKR,SGP,7221
1982486,231,192,1482,2011,295606.0,0.0,1.6884849999999998,-0.474499,USA,SGP,7221
1982487,239,192,1482,2011,0.0,47917.0,-0.184453,1.637207,VNM,SGP,7221
1982488,249,192,1482,2011,2349522.0,0.0,1.803234,0.921233,TWN,SGP,7221
1982489,231,197,1482,2011,9104.0,0.0,1.6884849999999998,-0.474499,USA,SLV,7221
1982490,68,205,1482,2011,0.0,66229.0,-0.166243,1.384719,EGY,SUR,7221
1982491,162,205,1482,2011,1164.0,7267.0,1.1655229999999999,1.410167,NLD,SUR,7221
1982492,222,205,1482,2011,25683.0,0.0,-0.44228,-1.031793,TTO,SUR,7221
1982493,64,206,1482,2011,81729.0,0.0,1.156026,1.2248299999999999,DNK,SVK,7221
1982494,102,206,1482,2011,0.0,34149.0,1.486592,0.805642,HUN,SVK,7221
1982495,250,206,1482,2011,10815.0,0.0,0.475638,-0.160135,ANS,SVK,7221
1982496,43,207,1482,2011,865446.0,0.0,1.072299,1.686826,CHN,SVN,7221
1982497,61,207,1482,2011,1363.0,0.0,2.074435,-3.440815,DEU,SVN,7221
1982498,77,207,1482,2011,201952.0,0.0,1.532054,0.09339299999999999,FRA,SVN,7221
1982499,81,207,1482,2011,87447.0,0.0,1.8048220000000001,0.380141,GBR,SVN,7221
1982500,103,207,1482,2011,0.0,12838.0,-0.234125,1.168384,IDN,SVN,7221
1982501,104,207,1482,2011,53568.0,0.0,0.18276199999999998,2.398765,IND,SVN,7221
1982502,111,207,1482,2011,90366.0,0.0,1.298751,0.48013599999999995,ITA,SVN,7221
1982503,208,207,1482,2011,6504.0,0.0,1.857146,0.366159,SWE,SVN,7221
1982504,250,207,1482,2011,10052.0,0.0,0.475638,-0.160135,ANS,SVN,7221
1982505,2,208,1482,2011,0.0,7827.0,-1.252991,-1.132314,AGO,SWE,7221
1982506,14,208,1482,2011,0.0,36292.0,-0.138148,0.002999,AUS,SWE,7221
1982507,15,208,1482,2011,266255.0,1520576.0,1.687634,-0.229095,AUT,SWE,7221
1982508,18,208,1482,2011,97303.0,9463616.0,1.221703,1.247961,BEL,SWE,7221
1982509,32,208,1482,2011,0.0,4351104.0,0.27718400000000004,0.5674319999999999,BRA,SWE,7221
1982510,39,208,1482,2011,0.0,12620376.0,0.754813,1.1967290000000002,CAN,SWE,7221
1982511,41,208,1482,2011,4776.0,10289345.0,2.2644029999999997,0.406131,CHE,SWE,7221
1982512,42,208,1482,2011,0.0,7565.0,-0.199877,-0.353009,CHL,SWE,7221
1982513,43,208,1482,2011,0.0,574966.0,1.072299,1.686826,CHN,SWE,7221
1982514,59,208,1482,2011,0.0,20806554.0,1.737788,0.14741600000000002,CZE,SWE,7221
1982515,61,208,1482,2011,658600.0,56235592.0,2.074435,-3.440815,DEU,SWE,7221
1982516,64,208,1482,2011,104232.0,1857276.0,1.156026,1.2248299999999999,DNK,SWE,7221
1982517,71,208,1482,2011,184132.0,1124599.0,0.8677290000000001,2.4618450000000003,ESP,SWE,7221
1982518,74,208,1482,2011,0.0,5910528.0,1.7488830000000002,0.890934,FIN,SWE,7221
1982519,77,208,1482,2011,6524818.0,2288742.0,1.532054,0.09339299999999999,FRA,SWE,7221
1982520,81,208,1482,2011,228416.0,1834195.0,1.8048220000000001,0.380141,GBR,SWE,7221
1982521,104,208,1482,2011,0.0,261463.0,0.18276199999999998,2.398765,IND,SWE,7221
1982522,106,208,1482,2011,0.0,173915.0,1.403182,0.290245,IRL,SWE,7221
1982523,111,208,1482,2011,0.0,12871709.0,1.298751,0.48013599999999995,ITA,SWE,7221
1982524,114,208,1482,2011,0.0,3104767.0,2.516395,-0.534301,JPN,SWE,7221
1982525,121,208,1482,2011,0.0,3153323.0,1.731371,0.8306879999999999,KOR,SWE,7221
1982526,128,208,1482,2011,0.0,1148.0,-0.559311,0.398905,LKA,SWE,7221
1982527,130,208,1482,2011,0.0,18695.0,0.747963,0.9759530000000001,LTU,SWE,7221
1982528,138,208,1482,2011,0.0,242932.0,0.9534600000000001,0.706982,MEX,SWE,7221
1982529,162,208,1482,2011,0.0,1731893.0,1.1655229999999999,1.410167,NLD,SWE,7221
1982530,163,208,1482,2011,15364.0,111115.0,0.8492770000000001,0.050044,NOR,SWE,7221
1982531,177,208,1482,2011,0.0,36485.0,1.133641,1.134203,POL,SWE,7221
1982532,179,208,1482,2011,0.0,13792.0,0.558481,2.7056240000000003,PRT,SWE,7221
1982533,185,208,1482,2011,0.0,14963.0,0.722,1.296655,ROU,SWE,7221
1982534,207,208,1482,2011,0.0,6504.0,1.642913,0.700222,SVN,SWE,7221
1982535,231,208,1482,2011,54414.0,23261914.0,1.6884849999999998,-0.474499,USA,SWE,7221
1982536,246,208,1482,2011,0.0,918.0,0.241792,1.353011,ZAF,SWE,7221
1982537,249,208,1482,2011,41178.0,1765780.0,1.803234,0.921233,TWN,SWE,7221
1982538,43,216,1482,2011,45553288.0,6301.0,1.072299,1.686826,CHN,THA,7221
1982539,81,216,1482,2011,11606.0,8990.0,1.8048220000000001,0.380141,GBR,THA,7221
1982540,104,216,1482,2011,1865142.0,107993.0,0.18276199999999998,2.398765,IND,THA,7221
1982541,111,216,1482,2011,47889.0,0.0,1.298751,0.48013599999999995,ITA,THA,7221
1982542,114,216,1482,2011,37194632.0,1378265.0,2.516395,-0.534301,JPN,THA,7221
1982543,118,216,1482,2011,0.0,5187.0,-1.162858,-1.103539,KHM,THA,7221
1982544,121,216,1482,2011,6095933.0,86548.0,1.731371,0.8306879999999999,KOR,THA,7221
1982545,123,216,1482,2011,0.0,11114.0,-1.135039,-0.929759,LAO,THA,7221
1982546,143,216,1482,2011,0.0,48015.0,-1.3557190000000001,-0.929934,MMR,THA,7221
1982547,153,216,1482,2011,637540.0,725666.0,0.9893290000000001,0.632079,MYS,THA,7221
1982548,176,216,1482,2011,0.0,170695.0,-1.1111659999999999,-0.9458610000000001,PNG,THA,7221
1982549,192,216,1482,2011,2929815.0,3878.0,1.849116,0.52127,SGP,THA,7221
1982550,231,216,1482,2011,404275.0,0.0,1.6884849999999998,-0.474499,USA,THA,7221
1982551,239,216,1482,2011,5343.0,0.0,-0.184453,1.637207,VNM,THA,7221
1982552,246,216,1482,2011,0.0,2833.0,0.241792,1.353011,ZAF,THA,7221
1982553,249,216,1482,2011,62027004.0,103581.0,1.803234,0.921233,TWN,THA,7221
1982554,39,222,1482,2011,0.0,177093.0,0.754813,1.1967290000000002,CAN,TTO,7221
1982555,81,222,1482,2011,9770.0,0.0,1.8048220000000001,0.380141,GBR,TTO,7221
1982556,205,222,1482,2011,0.0,25683.0,-0.504897,-0.835426,SUR,TTO,7221
1982557,231,222,1482,2011,8460.0,0.0,1.6884849999999998,-0.474499,USA,TTO,7221
1982558,16,224,1482,2011,0.0,2316.0,-1.313136,-1.189989,AZE,TUR,7221
1982559,18,224,1482,2011,308222.0,0.0,1.221703,1.247961,BEL,TUR,7221
1982560,43,224,1482,2011,195572.0,0.0,1.072299,1.686826,CHN,TUR,7221
1982561,59,224,1482,2011,160598.0,0.0,1.737788,0.14741600000000002,CZE,TUR,7221
1982562,68,224,1482,2011,0.0,14445.0,-0.166243,1.384719,EGY,TUR,7221
1982563,71,224,1482,2011,45966.0,0.0,0.8677290000000001,2.4618450000000003,ESP,TUR,7221
1982564,73,224,1482,2011,0.0,140866.0,-1.258175,-0.920692,ETH,TUR,7221
1982565,77,224,1482,2011,2258.0,29020.0,1.532054,0.09339299999999999,FRA,TUR,7221
1982566,87,224,1482,2011,0.0,105534.0,-0.621556,-0.64336,GMB,TUR,7221
1982567,102,224,1482,2011,28090.0,0.0,1.486592,0.805642,HUN,TUR,7221
1982568,103,224,1482,2011,0.0,204978.0,-0.234125,1.168384,IDN,TUR,7221
1982569,104,224,1482,2011,2424115.0,1517.0,0.18276199999999998,2.398765,IND,TUR,7221
1982570,107,224,1482,2011,0.0,21685.0,-0.915379,-0.973194,IRN,TUR,7221
1982571,111,224,1482,2011,50786.0,0.0,1.298751,0.48013599999999995,ITA,TUR,7221
1982572,153,224,1482,2011,34929.0,1516.0,0.9893290000000001,0.632079,MYS,TUR,7221
1982573,191,224,1482,2011,0.0,48072.0,-0.624346,-0.308052,SEN,TUR,7221
1982574,231,224,1482,2011,18234.0,0.0,1.6884849999999998,-0.474499,USA,TUR,7221
1982575,249,224,1482,2011,87730.0,0.0,1.803234,0.921233,TWN,TUR,7221
1982576,15,228,1482,2011,2397.0,0.0,1.687634,-0.229095,AUT,UKR,7221
1982577,28,228,1482,2011,0.0,1689.0,0.8786729999999999,0.442097,BLR,UKR,7221
1982578,43,228,1482,2011,340540.0,0.0,1.072299,1.686826,CHN,UKR,7221
1982579,59,228,1482,2011,4924.0,0.0,1.737788,0.14741600000000002,CZE,UKR,7221
1982580,82,228,1482,2011,0.0,2267.0,-0.07754,-0.35434699999999997,GEO,UKR,7221
1982581,103,228,1482,2011,0.0,620715.0,-0.234125,1.168384,IDN,UKR,7221
1982582,104,228,1482,2011,56994.0,19496.0,0.18276199999999998,2.398765,IND,UKR,7221
1982583,111,228,1482,2011,14020.0,0.0,1.298751,0.48013599999999995,ITA,UKR,7221
1982584,153,228,1482,2011,0.0,9233.0,0.9893290000000001,0.632079,MYS,UKR,7221
1982585,186,228,1482,2011,13243.0,216558.0,0.47319399999999995,-0.20801599999999998,RUS,UKR,7221
1982586,192,228,1482,2011,0.0,8047.0,1.849116,0.52127,SGP,UKR,7221
1982587,43,230,1482,2011,37276.0,0.0,1.072299,1.686826,CHN,URY,7221
1982588,7,231,1482,2011,0.0,9250.0,0.030652,-0.450808,ARE,USA,7221
1982589,8,231,1482,2011,0.0,21236.0,0.240494,0.540376,ARG,USA,7221
1982590,14,231,1482,2011,0.0,3815.0,-0.138148,0.002999,AUS,USA,7221
1982591,15,231,1482,2011,339920.0,2351.0,1.687634,-0.229095,AUT,USA,7221
1982592,18,231,1482,2011,0.0,665678.0,1.221703,1.247961,BEL,USA,7221
1982593,25,231,1482,2011,0.0,9714.0,0.320669,-0.531655,BHS,USA,7221
1982594,30,231,1482,2011,0.0,1355.0,0.576438,-0.48277299999999995,BMU,USA,7221
1982595,32,231,1482,2011,26181.0,167272.0,0.27718400000000004,0.5674319999999999,BRA,USA,7221
1982596,33,231,1482,2011,0.0,53689.0,0.445982,0.204672,BRB,USA,7221
1982597,39,231,1482,2011,1579654.0,14526670.0,0.754813,1.1967290000000002,CAN,USA,7221
1982598,41,231,1482,2011,0.0,274849.0,2.2644029999999997,0.406131,CHE,USA,7221
1982599,42,231,1482,2011,0.0,10019.0,-0.199877,-0.353009,CHL,USA,7221
1982600,43,231,1482,2011,6243888.0,334143.0,1.072299,1.686826,CHN,USA,7221
1982601,49,231,1482,2011,0.0,44628.0,0.14336600000000002,-0.22996,COL,USA,7221
1982602,52,231,1482,2011,0.0,142472.0,0.04325,-0.553193,CRI,USA,7221
1982603,57,231,1482,2011,0.0,109959.0,0.665662,-0.678581,CYM,USA,7221
1982604,59,231,1482,2011,0.0,81891.0,1.737788,0.14741600000000002,CZE,USA,7221
1982605,61,231,1482,2011,2699950.0,6947189.0,2.074435,-3.440815,DEU,USA,7221
1982606,65,231,1482,2011,1698.0,0.0,-0.260653,0.5682010000000001,DOM,USA,7221
1982607,71,231,1482,2011,21907.0,46879592.0,0.8677290000000001,2.4618450000000003,ESP,USA,7221
1982608,77,231,1482,2011,20250368.0,1181859.0,1.532054,0.09339299999999999,FRA,USA,7221
1982609,79,231,1482,2011,0.0,19769.0,-0.882574,-0.8780530000000001,FSM,USA,7221
1982610,81,231,1482,2011,31111194.0,999338.0,1.8048220000000001,0.380141,GBR,USA,7221
1982611,83,231,1482,2011,0.0,55821.0,-0.8627319999999999,-0.608823,GHA,USA,7221
1982612,93,231,1482,2011,0.0,23934.0,-0.329497,0.775369,GTM,USA,7221
1982613,97,231,1482,2011,0.0,51383.0,0.663588,1.902118,HKG,USA,7221
1982614,103,231,1482,2011,0.0,18907.0,-0.234125,1.168384,IDN,USA,7221
1982615,104,231,1482,2011,1423008.0,520736.0,0.18276199999999998,2.398765,IND,USA,7221
1982616,106,231,1482,2011,20088.0,9535.0,1.403182,0.290245,IRL,USA,7221
1982617,110,231,1482,2011,0.0,532057.0,1.324384,0.714611,ISR,USA,7221
1982618,111,231,1482,2011,3117214.0,203565.0,1.298751,0.48013599999999995,ITA,USA,7221
1982619,114,231,1482,2011,448122.0,1501435.0,2.516395,-0.534301,JPN,USA,7221
1982620,120,231,1482,2011,0.0,12819.0,1.056175,-0.19398800000000002,KNA,USA,7221
1982621,121,231,1482,2011,17341.0,663980.0,1.731371,0.8306879999999999,KOR,USA,7221
1982622,128,231,1482,2011,0.0,6806.0,-0.559311,0.398905,LKA,USA,7221
1982623,138,231,1482,2011,4996.0,8000179.0,0.9534600000000001,0.706982,MEX,USA,7221
1982624,153,231,1482,2011,0.0,1288734.0,0.9893290000000001,0.632079,MYS,USA,7221
1982625,162,231,1482,2011,2026.0,196208.0,1.1655229999999999,1.410167,NLD,USA,7221
1982626,166,231,1482,2011,0.0,2720.0,0.372732,0.548601,NZL,USA,7221
1982627,173,231,1482,2011,0.0,97980.0,-0.455977,0.442543,PER,USA,7221
1982628,174,231,1482,2011,15666.0,0.0,0.364707,0.322626,PHL,USA,7221
1982629,177,231,1482,2011,0.0,11043.0,1.133641,1.134203,POL,USA,7221
1982630,183,231,1482,2011,0.0,77328.0,-0.45851899999999995,-1.017033,QAT,USA,7221
1982631,188,231,1482,2011,0.0,86476.0,0.354045,-0.800028,SAU,USA,7221
1982632,192,231,1482,2011,0.0,295606.0,1.849116,0.52127,SGP,USA,7221
1982633,197,231,1482,2011,0.0,9104.0,-0.09713200000000001,0.20772600000000002,SLV,USA,7221
1982634,208,231,1482,2011,23261914.0,54414.0,1.857146,0.366159,SWE,USA,7221
1982635,213,231,1482,2011,0.0,2499.0,0.610742,0.11455599999999999,TCA,USA,7221
1982636,216,231,1482,2011,0.0,404275.0,0.889009,1.503118,THA,USA,7221
1982637,222,231,1482,2011,0.0,8460.0,-0.44228,-1.031793,TTO,USA,7221
1982638,224,231,1482,2011,0.0,18234.0,0.45775,2.4316259999999996,TUR,USA,7221
1982639,236,231,1482,2011,0.0,47086.0,-0.841147,-1.095636,VEN,USA,7221
1982640,239,231,1482,2011,0.0,28803.0,-0.184453,1.637207,VNM,USA,7221
1982641,246,231,1482,2011,0.0,10518.0,0.241792,1.353011,ZAF,USA,7221
1982642,249,231,1482,2011,26163842.0,468905.0,1.803234,0.921233,TWN,USA,7221
1982643,49,236,1482,2011,82342.0,0.0,0.14336600000000002,-0.22996,COL,VEN,7221
1982644,138,236,1482,2011,24483.0,0.0,0.9534600000000001,0.706982,MEX,VEN,7221
1982645,162,236,1482,2011,1890.0,0.0,1.1655229999999999,1.410167,NLD,VEN,7221
1982646,169,236,1482,2011,948.0,0.0,0.786135,1.061008,PAN,VEN,7221
1982647,231,236,1482,2011,47086.0,0.0,1.6884849999999998,-0.474499,USA,VEN,7221
1982648,249,236,1482,2011,38501.0,0.0,1.803234,0.921233,TWN,VEN,7221
1982649,104,243,1482,2011,3045.0,0.0,0.18276199999999998,2.398765,IND,YEM,7221
1982650,188,243,1482,2011,7237.0,0.0,0.354045,-0.800028,SAU,YEM,7221
1982651,199,243,1482,2011,0.0,15719.0,-1.509242,-0.8817309999999999,SOM,YEM,7221
1982652,2,246,1482,2011,0.0,42435.0,-1.252991,-1.132314,AGO,ZAF,7221
1982653,37,246,1482,2011,7520.0,48165.0,-0.48782600000000004,-1.051639,BWA,ZAF,7221
1982654,41,246,1482,2011,346443.0,0.0,2.2644029999999997,0.406131,CHE,ZAF,7221
1982655,43,246,1482,2011,66450.0,0.0,1.072299,1.686826,CHN,ZAF,7221
1982656,46,246,1482,2011,0.0,7177.0,-0.722957,-0.965141,COD,ZAF,7221
1982657,77,246,1482,2011,148803.0,0.0,1.532054,0.09339299999999999,FRA,ZAF,7221
1982658,81,246,1482,2011,63140.0,0.0,1.8048220000000001,0.380141,GBR,ZAF,7221
1982659,103,246,1482,2011,47482.0,0.0,-0.234125,1.168384,IDN,ZAF,7221
1982660,104,246,1482,2011,642525.0,0.0,0.18276199999999998,2.398765,IND,ZAF,7221
1982661,111,246,1482,2011,2094876.0,7947.0,1.298751,0.48013599999999995,ITA,ZAF,7221
1982662,114,246,1482,2011,0.0,98803.0,2.516395,-0.534301,JPN,ZAF,7221
1982663,121,246,1482,2011,582878.0,0.0,1.731371,0.8306879999999999,KOR,ZAF,7221
1982664,129,246,1482,2011,0.0,53538.0,-0.868226,-0.764548,LSO,ZAF,7221
1982665,147,246,1482,2011,0.0,19836.0,-1.2069299999999998,-0.977785,MOZ,ZAF,7221
1982666,152,246,1482,2011,0.0,2359.0,-1.100291,-0.982559,MWI,ZAF,7221
1982667,155,246,1482,2011,0.0,69481.0,-0.42998400000000003,-0.632233,NAM,ZAF,7221
1982668,187,246,1482,2011,0.0,1161.0,-0.684475,-0.690734,RWA,ZAF,7221
1982669,208,246,1482,2011,918.0,0.0,1.857146,0.366159,SWE,ZAF,7221
1982670,209,246,1482,2011,0.0,32162.0,0.169986,-0.078842,SWZ,ZAF,7221
1982671,216,246,1482,2011,2833.0,0.0,0.889009,1.503118,THA,ZAF,7221
1982672,226,246,1482,2011,0.0,1925.0,-0.751316,0.286505,TZA,ZAF,7221
1982673,231,246,1482,2011,10518.0,0.0,1.6884849999999998,-0.474499,USA,ZAF,7221
1982674,247,246,1482,2011,0.0,9215.0,-0.7599,-0.941019,ZMB,ZAF,7221
1982675,248,246,1482,2011,0.0,844356.0,-0.858662,-0.8632719999999999,ZWE,ZAF,7221
1982676,249,246,1482,2011,3694974.0,0.0,1.803234,0.921233,TWN,ZAF,7221
1982677,250,246,1482,2011,0.0,6990.0,0.475638,-0.160135,ANS,ZAF,7221
1982678,7,249,1482,2011,0.0,5479570.0,0.030652,-0.450808,ARE,TWN,7221
1982679,14,249,1482,2011,29706.0,2281297.0,-0.138148,0.002999,AUS,TWN,7221
1982680,18,249,1482,2011,0.0,1255695.0,1.221703,1.247961,BEL,TWN,7221
1982681,22,249,1482,2011,0.0,3772.0,-1.074416,-0.8276370000000001,BGD,TWN,7221
1982682,32,249,1482,2011,0.0,210126.0,0.27718400000000004,0.5674319999999999,BRA,TWN,7221
1982683,39,249,1482,2011,7476.0,2215747.0,0.754813,1.1967290000000002,CAN,TWN,7221
1982684,43,249,1482,2011,10309.0,34862840.0,1.072299,1.686826,CHN,TWN,7221
1982685,59,249,1482,2011,0.0,71943.0,1.737788,0.14741600000000002,CZE,TWN,7221
1982686,61,249,1482,2011,4964.0,6100645.0,2.074435,-3.440815,DEU,TWN,7221
1982687,68,249,1482,2011,0.0,79274.0,-0.166243,1.384719,EGY,TWN,7221
1982688,71,249,1482,2011,0.0,10011524.0,0.8677290000000001,2.4618450000000003,ESP,TWN,7221
1982689,77,249,1482,2011,1811664.0,9236603.0,1.532054,0.09339299999999999,FRA,TWN,7221
1982690,81,249,1482,2011,0.0,687200.0,1.8048220000000001,0.380141,GBR,TWN,7221
1982691,97,249,1482,2011,0.0,123480.0,0.663588,1.902118,HKG,TWN,7221
1982692,103,249,1482,2011,147055.0,74168.0,-0.234125,1.168384,IDN,TWN,7221
1982693,104,249,1482,2011,533092.0,21389744.0,0.18276199999999998,2.398765,IND,TWN,7221
1982694,106,249,1482,2011,0.0,24531.0,1.403182,0.290245,IRL,TWN,7221
1982695,111,249,1482,2011,707764.0,47233056.0,1.298751,0.48013599999999995,ITA,TWN,7221
1982696,114,249,1482,2011,94386016.0,8330744.0,2.516395,-0.534301,JPN,TWN,7221
1982697,121,249,1482,2011,31734078.0,61002344.0,1.731371,0.8306879999999999,KOR,TWN,7221
1982698,128,249,1482,2011,0.0,9800.0,-0.559311,0.398905,LKA,TWN,7221
1982699,138,249,1482,2011,0.0,1355712.0,0.9534600000000001,0.706982,MEX,TWN,7221
1982700,153,249,1482,2011,264903.0,11816614.0,0.9893290000000001,0.632079,MYS,TWN,7221
1982701,166,249,1482,2011,0.0,19459.0,0.372732,0.548601,NZL,TWN,7221
1982702,174,249,1482,2011,0.0,6814361.0,0.364707,0.322626,PHL,TWN,7221
1982703,176,249,1482,2011,0.0,3305.0,-1.1111659999999999,-0.9458610000000001,PNG,TWN,7221
1982704,188,249,1482,2011,0.0,43850.0,0.354045,-0.800028,SAU,TWN,7221
1982705,192,249,1482,2011,0.0,2349522.0,1.849116,0.52127,SGP,TWN,7221
1982706,208,249,1482,2011,1765780.0,41178.0,1.857146,0.366159,SWE,TWN,7221
1982707,216,249,1482,2011,103581.0,62027004.0,0.889009,1.503118,THA,TWN,7221
1982708,224,249,1482,2011,0.0,87730.0,0.45775,2.4316259999999996,TUR,TWN,7221
1982709,231,249,1482,2011,468905.0,26163842.0,1.6884849999999998,-0.474499,USA,TWN,7221
1982710,236,249,1482,2011,0.0,38501.0,-0.841147,-1.095636,VEN,TWN,7221
1982711,237,249,1482,2011,13106.0,0.0,0.780217,-0.010428,VGB,TWN,7221
1982712,239,249,1482,2011,0.0,13076378.0,-0.184453,1.637207,VNM,TWN,7221
1982713,246,249,1482,2011,0.0,3694974.0,0.241792,1.353011,ZAF,TWN,7221
1982714,72,250,1482,2011,0.0,1686.0,0.9806790000000001,1.110449,EST,ANS,7221
1982715,104,250,1482,2011,0.0,1579800.0,0.18276199999999998,2.398765,IND,ANS,7221
1982716,206,250,1482,2011,0.0,10815.0,1.262897,0.8230569999999999,SVK,ANS,7221
1982717,207,250,1482,2011,0.0,10052.0,1.642913,0.700222,SVN,ANS,7221
1982718,239,250,1482,2011,0.0,62881.0,-0.184453,1.637207,VNM,ANS,7221
1982719,246,250,1482,2011,6990.0,0.0,0.241792,1.353011,ZAF,ANS,7221
1982720,7,2,1482,2011,3301.0,0.0,0.030652,-0.450808,ARE,AGO,7221
1982721,18,2,1482,2011,4500.0,0.0,1.221703,1.247961,BEL,AGO,7221
1982722,43,2,1482,2011,1708.0,0.0,1.072299,1.686826,CHN,AGO,7221
1982723,81,2,1482,2011,9419.0,0.0,1.8048220000000001,0.380141,GBR,AGO,7221
1982724,110,2,1482,2011,2110.0,0.0,1.324384,0.714611,ISR,AGO,7221
1982725,179,2,1482,2011,3635.0,0.0,0.558481,2.7056240000000003,PRT,AGO,7221
1982726,208,2,1482,2011,7827.0,0.0,1.857146,0.366159,SWE,AGO,7221
1982727,246,2,1482,2011,42435.0,0.0,0.241792,1.353011,ZAF,AGO,7221
1982728,90,4,1482,2011,1893.0,0.0,0.138679,1.30044,GRC,ALB,7221
1982729,111,4,1482,2011,11942.0,0.0,1.298751,0.48013599999999995,ITA,ALB,7221
1982730,43,14,1482,2011,38615.0,0.0,1.072299,1.686826,CHN,AUS,7221
1982731,61,14,1482,2011,1649.0,0.0,2.074435,-3.440815,DEU,AUS,7221
1982732,64,14,1482,2011,122896.0,0.0,1.156026,1.2248299999999999,DNK,AUS,7221
1982733,71,14,1482,2011,69602.0,0.0,0.8677290000000001,2.4618450000000003,ESP,AUS,7221
1982734,81,14,1482,2011,90446.0,0.0,1.8048220000000001,0.380141,GBR,AUS,7221
1982735,97,14,1482,2011,0.0,36133.0,0.663588,1.902118,HKG,AUS,7221
1982736,104,14,1482,2011,18834.0,32569.0,0.18276199999999998,2.398765,IND,AUS,7221
1982737,111,14,1482,2011,73880.0,0.0,1.298751,0.48013599999999995,ITA,AUS,7221
1982738,121,14,1482,2011,267990.0,0.0,1.731371,0.8306879999999999,KOR,AUS,7221
1982739,153,14,1482,2011,90997.0,0.0,0.9893290000000001,0.632079,MYS,AUS,7221
1982740,166,14,1482,2011,1861.0,32935.0,0.372732,0.548601,NZL,AUS,7221
1982741,168,14,1482,2011,0.0,5197.0,-0.729677,0.6026729999999999,PAK,AUS,7221
1982742,192,14,1482,2011,1073.0,2910.0,1.849116,0.52127,SGP,AUS,7221
1982743,195,14,1482,2011,0.0,943.0,-1.401353,-0.931205,SLB,AUS,7221
1982744,208,14,1482,2011,36292.0,0.0,1.857146,0.366159,SWE,AUS,7221
1982745,220,14,1482,2011,0.0,33968.0,-0.047803,-0.643655,TLS,AUS,7221
1982746,231,14,1482,2011,3815.0,0.0,1.6884849999999998,-0.474499,USA,AUS,7221
1982747,239,14,1482,2011,0.0,1953.0,-0.184453,1.637207,VNM,AUS,7221
1982748,242,14,1482,2011,0.0,32936.0,0.9658110000000001,0.30804699999999996,WSM,AUS,7221
1982749,249,14,1482,2011,2281297.0,29706.0,1.803234,0.921233,TWN,AUS,7221
1982750,43,17,1482,2011,1708.0,0.0,1.072299,1.686826,CHN,BDI,7221
1982751,43,22,1482,2011,84339.0,0.0,1.072299,1.686826,CHN,BGD,7221
1982752,192,22,1482,2011,102364.0,0.0,1.849116,0.52127,SGP,BGD,7221
1982753,249,22,1482,2011,3772.0,0.0,1.803234,0.921233,TWN,BGD,7221
1982754,15,26,1482,2011,7415.0,0.0,1.687634,-0.229095,AUT,BIH,7221
1982755,61,26,1482,2011,1079509.0,0.0,2.074435,-3.440815,DEU,BIH,7221
1982756,100,26,1482,2011,1188.0,0.0,0.868294,0.9424299999999999,HRV,BIH,7221
1982757,43,28,1482,2011,116770.0,0.0,1.072299,1.686826,CHN,BLR,7221
1982758,111,28,1482,2011,43528.0,0.0,1.298751,0.48013599999999995,ITA,BLR,7221
1982759,177,28,1482,2011,1598.0,0.0,1.133641,1.134203,POL,BLR,7221
1982760,186,28,1482,2011,14779.0,0.0,0.47319399999999995,-0.20801599999999998,RUS,BLR,7221
1982761,228,28,1482,2011,1689.0,0.0,0.6221409999999999,0.765505,UKR,BLR,7221
1982762,7,58,1482,2011,35544.0,0.0,0.030652,-0.450808,ARE,CYP,7221
1982763,104,58,1482,2011,0.0,8589.0,0.18276199999999998,2.398765,IND,CYP,7221
1982764,111,58,1482,2011,40192.0,0.0,1.298751,0.48013599999999995,ITA,CYP,7221
1982765,18,68,1482,2011,0.0,2598.0,1.221703,1.247961,BEL,EGY,7221
1982766,43,68,1482,2011,3462.0,0.0,1.072299,1.686826,CHN,EGY,7221
1982767,81,68,1482,2011,2530.0,0.0,1.8048220000000001,0.380141,GBR,EGY,7221
1982768,104,68,1482,2011,414495.0,0.0,0.18276199999999998,2.398765,IND,EGY,7221
1982769,111,68,1482,2011,235912.0,0.0,1.298751,0.48013599999999995,ITA,EGY,7221
1982770,205,68,1482,2011,66229.0,0.0,-0.504897,-0.835426,SUR,EGY,7221
1982771,224,68,1482,2011,14445.0,0.0,0.45775,2.4316259999999996,TUR,EGY,7221
1982772,249,68,1482,2011,79274.0,0.0,1.803234,0.921233,TWN,EGY,7221
1982773,74,72,1482,2011,75631.0,0.0,1.7488830000000002,0.890934,FIN,EST,7221
1982774,104,72,1482,2011,216306.0,0.0,0.18276199999999998,2.398765,IND,EST,7221
1982775,250,72,1482,2011,1686.0,0.0,0.475638,-0.160135,ANS,EST,7221
1982776,61,82,1482,2011,1342.0,0.0,2.074435,-3.440815,DEU,GEO,7221
1982777,228,82,1482,2011,2267.0,0.0,0.6221409999999999,0.765505,UKR,GEO,7221
1982778,87,83,1482,2011,0.0,17975.0,-0.621556,-0.64336,GMB,GHA,7221
1982779,104,83,1482,2011,3084.0,0.0,0.18276199999999998,2.398765,IND,GHA,7221
1982780,215,83,1482,2011,0.0,3650.0,-0.9156030000000001,-0.884099,TGO,GHA,7221
1982781,231,83,1482,2011,55821.0,0.0,1.6884849999999998,-0.474499,USA,GHA,7221
1982782,15,100,1482,2011,2098.0,0.0,1.687634,-0.229095,AUT,HRV,7221
1982783,26,100,1482,2011,0.0,1188.0,0.391425,0.6066600000000001,BIH,HRV,7221
1982784,43,100,1482,2011,1292.0,0.0,1.072299,1.686826,CHN,HRV,7221
1982785,61,100,1482,2011,3842.0,0.0,2.074435,-3.440815,DEU,HRV,7221
1982786,77,100,1482,2011,2003.0,0.0,1.532054,0.09339299999999999,FRA,HRV,7221
1982787,111,100,1482,2011,5523.0,0.0,1.298751,0.48013599999999995,ITA,HRV,7221
1982788,201,100,1482,2011,1350.0,0.0,0.49055699999999997,1.5601399999999999,SRB,HRV,7221
1982789,23,102,1482,2011,0.0,75699.0,0.537967,1.520973,BGR,HUN,7221
1982790,41,102,1482,2011,922296.0,0.0,2.2644029999999997,0.406131,CHE,HUN,7221
1982791,61,102,1482,2011,215934.0,0.0,2.074435,-3.440815,DEU,HUN,7221
1982792,77,102,1482,2011,6197.0,0.0,1.532054,0.09339299999999999,FRA,HUN,7221
1982793,81,102,1482,2011,107095.0,0.0,1.8048220000000001,0.380141,GBR,HUN,7221
1982794,111,102,1482,2011,24025.0,0.0,1.298751,0.48013599999999995,ITA,HUN,7221
1982795,185,102,1482,2011,0.0,11473.0,0.722,1.296655,ROU,HUN,7221
1982796,206,102,1482,2011,34149.0,0.0,1.262897,0.8230569999999999,SVK,HUN,7221
1982797,224,102,1482,2011,0.0,28090.0,0.45775,2.4316259999999996,TUR,HUN,7221
1982798,43,107,1482,2011,94041.0,0.0,1.072299,1.686826,CHN,IRN,7221
1982799,104,107,1482,2011,5041.0,0.0,0.18276199999999998,2.398765,IND,IRN,7221
1982800,224,107,1482,2011,21685.0,0.0,0.45775,2.4316259999999996,TUR,IRN,7221
1982801,104,113,1482,2011,12253.0,15296.0,0.18276199999999998,2.398765,IND,JOR,7221
1982802,186,115,1482,2011,8397.0,0.0,0.47319399999999995,-0.20801599999999998,RUS,KAZ,7221
1982803,104,116,1482,2011,139717.0,0.0,0.18276199999999998,2.398765,IND,KEN,7221
1982804,187,116,1482,2011,0.0,1169.0,-0.684475,-0.690734,RWA,KEN,7221
1982805,226,116,1482,2011,0.0,4345.0,-0.751316,0.286505,TZA,KEN,7221
1982806,227,116,1482,2011,0.0,4627.0,-0.7153,-0.062678,UGA,KEN,7221
1982807,43,118,1482,2011,2525.0,0.0,1.072299,1.686826,CHN,KHM,7221
1982808,104,118,1482,2011,137729.0,0.0,0.18276199999999998,2.398765,IND,KHM,7221
1982809,216,118,1482,2011,5187.0,0.0,0.889009,1.503118,THA,KHM,7221
1982810,239,118,1482,2011,92062.0,0.0,-0.184453,1.637207,VNM,KHM,7221
1982811,162,124,1482,2011,1998.0,0.0,1.1655229999999999,1.410167,NLD,LBN,7221
1982812,43,128,1482,2011,2226.0,0.0,1.072299,1.686826,CHN,LKA,7221
1982813,61,128,1482,2011,4142.0,0.0,2.074435,-3.440815,DEU,LKA,7221
1982814,64,128,1482,2011,4676.0,0.0,1.156026,1.2248299999999999,DNK,LKA,7221
1982815,104,128,1482,2011,41077.0,0.0,0.18276199999999998,2.398765,IND,LKA,7221
1982816,192,128,1482,2011,11370.0,0.0,1.849116,0.52127,SGP,LKA,7221
1982817,208,128,1482,2011,1148.0,0.0,1.857146,0.366159,SWE,LKA,7221
1982818,231,128,1482,2011,6806.0,0.0,1.6884849999999998,-0.474499,USA,LKA,7221
1982819,249,128,1482,2011,9800.0,0.0,1.803234,0.921233,TWN,LKA,7221
1982820,59,130,1482,2011,8525.0,0.0,1.737788,0.14741600000000002,CZE,LTU,7221
1982821,61,130,1482,2011,14986.0,0.0,2.074435,-3.440815,DEU,LTU,7221
1982822,64,130,1482,2011,0.0,3700.0,1.156026,1.2248299999999999,DNK,LTU,7221
1982823,177,130,1482,2011,59093.0,0.0,1.133641,1.134203,POL,LTU,7221
1982824,208,130,1482,2011,18695.0,0.0,1.857146,0.366159,SWE,LTU,7221
1982825,61,131,1482,2011,28290.0,0.0,2.074435,-3.440815,DEU,LUX,7221
1982826,64,131,1482,2011,0.0,1020.0,1.156026,1.2248299999999999,DNK,LUX,7221
1982827,188,131,1482,2011,0.0,24093.0,0.354045,-0.800028,SAU,LUX,7221
1982828,43,132,1482,2011,146603.0,0.0,1.072299,1.686826,CHN,LVA,7221
1982829,61,132,1482,2011,33787.0,0.0,2.074435,-3.440815,DEU,LVA,7221
1982830,104,132,1482,2011,14128.0,0.0,0.18276199999999998,2.398765,IND,LVA,7221
1982831,81,140,1482,2011,4346.0,0.0,1.8048220000000001,0.380141,GBR,MKD,7221
1982832,201,140,1482,2011,0.0,17118.0,0.49055699999999997,1.5601399999999999,SRB,MKD,7221
1982833,43,143,1482,2011,19216968.0,0.0,1.072299,1.686826,CHN,MMR,7221
1982834,81,143,1482,2011,53119.0,0.0,1.8048220000000001,0.380141,GBR,MMR,7221
1982835,104,143,1482,2011,440490.0,0.0,0.18276199999999998,2.398765,IND,MMR,7221
1982836,121,143,1482,2011,160926.0,0.0,1.731371,0.8306879999999999,KOR,MMR,7221
1982837,153,143,1482,2011,26254.0,0.0,0.9893290000000001,0.632079,MYS,MMR,7221
1982838,192,143,1482,2011,237007.0,0.0,1.849116,0.52127,SGP,MMR,7221
1982839,216,143,1482,2011,48015.0,0.0,0.889009,1.503118,THA,MMR,7221
1982840,239,143,1482,2011,410522.0,0.0,-0.184453,1.637207,VNM,MMR,7221
1982841,104,147,1482,2011,4768.0,0.0,0.18276199999999998,2.398765,IND,MOZ,7221
1982842,246,147,1482,2011,19836.0,0.0,0.241792,1.353011,ZAF,MOZ,7221
1982843,248,147,1482,2011,0.0,84113.0,-0.858662,-0.8632719999999999,ZWE,MOZ,7221
1982844,18,163,1482,2011,20234.0,0.0,1.221703,1.247961,BEL,NOR,7221
1982845,59,163,1482,2011,1857256.0,0.0,1.737788,0.14741600000000002,CZE,NOR,7221
1982846,61,163,1482,2011,32240.0,97456.0,2.074435,-3.440815,DEU,NOR,7221
1982847,71,163,1482,2011,0.0,32792.0,0.8677290000000001,2.4618450000000003,ESP,NOR,7221
1982848,81,163,1482,2011,5266.0,0.0,1.8048220000000001,0.380141,GBR,NOR,7221
1982849,104,163,1482,2011,0.0,113978.0,0.18276199999999998,2.398765,IND,NOR,7221
1982850,111,163,1482,2011,6792.0,21304.0,1.298751,0.48013599999999995,ITA,NOR,7221
1982851,114,163,1482,2011,0.0,41463.0,2.516395,-0.534301,JPN,NOR,7221
1982852,192,163,1482,2011,0.0,6880.0,1.849116,0.52127,SGP,NOR,7221
1982853,208,163,1482,2011,111115.0,15364.0,1.857146,0.366159,SWE,NOR,7221
1982854,7,167,1482,2011,1596850.0,0.0,0.030652,-0.450808,ARE,OMN,7221
1982855,39,167,1482,2011,30144.0,0.0,0.754813,1.1967290000000002,CAN,OMN,7221
1982856,61,167,1482,2011,20363.0,0.0,2.074435,-3.440815,DEU,OMN,7221
1982857,104,167,1482,2011,49663.0,0.0,0.18276199999999998,2.398765,IND,OMN,7221
1982858,121,167,1482,2011,6113327.0,0.0,1.731371,0.8306879999999999,KOR,OMN,7221
1982859,122,167,1482,2011,0.0,31744.0,-0.898582,-1.09893,KWT,OMN,7221
1982860,28,186,1482,2011,0.0,14779.0,0.8786729999999999,0.442097,BLR,RUS,7221
1982861,43,186,1482,2011,31323.0,0.0,1.072299,1.686826,CHN,RUS,7221
1982862,59,186,1482,2011,61024.0,0.0,1.737788,0.14741600000000002,CZE,RUS,7221
1982863,61,186,1482,2011,20665.0,0.0,2.074435,-3.440815,DEU,RUS,7221
1982864,81,186,1482,2011,9378.0,0.0,1.8048220000000001,0.380141,GBR,RUS,7221
1982865,104,186,1482,2011,3141.0,28715.0,0.18276199999999998,2.398765,IND,RUS,7221
1982866,115,186,1482,2011,0.0,8397.0,-0.514687,-0.775671,KAZ,RUS,7221
1982867,153,186,1482,2011,132893.0,0.0,0.9893290000000001,0.632079,MYS,RUS,7221
1982868,228,186,1482,2011,216558.0,13243.0,0.6221409999999999,0.765505,UKR,RUS,7221
1982869,232,186,1482,2011,0.0,89455.0,-0.785878,-0.663918,UZB,RUS,7221
1982870,47,191,1482,2011,0.0,36112.0,-0.979359,-1.084589,COG,SEN,7221
1982871,71,191,1482,2011,2118.0,0.0,0.8677290000000001,2.4618450000000003,ESP,SEN,7221
1982872,88,191,1482,2011,0.0,23461.0,-0.839621,-0.6918850000000001,GNB,SEN,7221
1982873,141,191,1482,2011,0.0,24114.0,-0.6778109999999999,-0.653211,MLI,SEN,7221
1982874,224,191,1482,2011,48072.0,0.0,0.45775,2.4316259999999996,TUR,SEN,7221
1982875,61,201,1482,2011,10040.0,0.0,2.074435,-3.440815,DEU,SRB,7221
1982876,81,201,1482,2011,12398.0,0.0,1.8048220000000001,0.380141,GBR,SRB,7221
1982877,100,201,1482,2011,0.0,1350.0,0.868294,0.9424299999999999,HRV,SRB,7221
1982878,111,201,1482,2011,19859.0,0.0,1.298751,0.48013599999999995,ITA,SRB,7221
1982879,140,201,1482,2011,17118.0,0.0,-0.12310499999999999,0.16392,MKD,SRB,7221
1982880,144,201,1482,2011,0.0,1179.0,0.149559,0.024935,MNE,SRB,7221
1982881,104,211,1482,2011,19615.0,0.0,0.18276199999999998,2.398765,IND,SYC,7221
1982882,192,211,1482,2011,2328.0,0.0,1.849116,0.52127,SGP,SYC,7221
1982883,186,232,1482,2011,89455.0,0.0,0.47319399999999995,-0.20801599999999998,RUS,UZB,7221
1982884,14,239,1482,2011,1953.0,0.0,-0.138148,0.002999,AUS,VNM,7221
1982885,39,239,1482,2011,493875.0,0.0,0.754813,1.1967290000000002,CAN,VNM,7221
1982886,43,239,1482,2011,34300124.0,90346.0,1.072299,1.686826,CHN,VNM,7221
1982887,74,239,1482,2011,278906.0,0.0,1.7488830000000002,0.890934,FIN,VNM,7221
1982888,103,239,1482,2011,21095.0,0.0,-0.234125,1.168384,IDN,VNM,7221
1982889,104,239,1482,2011,8309184.0,0.0,0.18276199999999998,2.398765,IND,VNM,7221
1982890,114,239,1482,2011,2300466.0,4860.0,2.516395,-0.534301,JPN,VNM,7221
1982891,118,239,1482,2011,0.0,92062.0,-1.162858,-1.103539,KHM,VNM,7221
1982892,121,239,1482,2011,2736353.0,33260.0,1.731371,0.8306879999999999,KOR,VNM,7221
1982893,143,239,1482,2011,0.0,410522.0,-1.3557190000000001,-0.929934,MMR,VNM,7221
1982894,153,239,1482,2011,113426.0,0.0,0.9893290000000001,0.632079,MYS,VNM,7221
1982895,174,239,1482,2011,0.0,8431.0,0.364707,0.322626,PHL,VNM,7221
1982896,192,239,1482,2011,47917.0,0.0,1.849116,0.52127,SGP,VNM,7221
1982897,216,239,1482,2011,0.0,5343.0,0.889009,1.503118,THA,VNM,7221
1982898,231,239,1482,2011,28803.0,0.0,1.6884849999999998,-0.474499,USA,VNM,7221
1982899,249,239,1482,2011,13076378.0,0.0,1.803234,0.921233,TWN,VNM,7221
1982900,250,239,1482,2011,62881.0,0.0,0.475638,-0.160135,ANS,VNM,7221
1982901,43,248,1482,2011,2806.0,0.0,1.072299,1.686826,CHN,ZWE,7221
1982902,147,248,1482,2011,84113.0,0.0,-1.2069299999999998,-0.977785,MOZ,ZWE,7221
1982903,246,248,1482,2011,844356.0,0.0,0.241792,1.353011,ZAF,ZWE,7221
1982904,168,1,1482,2011,54869.0,0.0,-0.729677,0.6026729999999999,PAK,AFG,7221
1982905,7,24,1482,2011,2785216.0,0.0,0.030652,-0.450808,ARE,BHR,7221
1982906,43,24,1482,2011,19489682.0,0.0,1.072299,1.686826,CHN,BHR,7221
1982907,81,24,1482,2011,2887.0,0.0,1.8048220000000001,0.380141,GBR,BHR,7221
1982908,104,24,1482,2011,54745.0,0.0,0.18276199999999998,2.398765,IND,BHR,7221
1982909,153,24,1482,2011,9220.0,0.0,0.9893290000000001,0.632079,MYS,BHR,7221
1982910,183,24,1482,2011,1825619.0,0.0,-0.45851899999999995,-1.017033,QAT,BHR,7221
1982911,246,37,1482,2011,48165.0,7520.0,0.241792,1.353011,ZAF,BWA,7221
1982912,87,44,1482,2011,0.0,6919.0,-0.621556,-0.64336,GMB,CIV,7221
1982913,38,45,1482,2011,0.0,1109.0,-0.318191,-0.68375,CAF,CMR,7221
1982914,43,46,1482,2011,61066.0,0.0,1.072299,1.686826,CHN,COD,7221
1982915,246,46,1482,2011,7177.0,0.0,0.241792,1.353011,ZAF,COD,7221
1982916,77,47,1482,2011,10138.0,0.0,1.532054,0.09339299999999999,FRA,COG,7221
1982917,191,47,1482,2011,36112.0,0.0,-0.624346,-0.308052,SEN,COG,7221
1982918,111,62,1482,2011,101313.0,0.0,1.298751,0.48013599999999995,ITA,DJI,7221
1982919,71,66,1482,2011,136889.0,0.0,0.8677290000000001,2.4618450000000003,ESP,DZA,7221
1982920,77,66,1482,2011,33601.0,0.0,1.532054,0.09339299999999999,FRA,DZA,7221
1982921,90,66,1482,2011,1934715.0,0.0,0.138679,1.30044,GRC,DZA,7221
1982922,111,66,1482,2011,1554486.0,0.0,1.298751,0.48013599999999995,ITA,DZA,7221
1982923,179,66,1482,2011,5728445.0,0.0,0.558481,2.7056240000000003,PRT,DZA,7221
1982924,224,73,1482,2011,140866.0,0.0,0.45775,2.4316259999999996,TUR,ETH,7221
1982925,81,126,1482,2011,18807.0,0.0,1.8048220000000001,0.380141,GBR,LBY,7221
1982926,246,129,1482,2011,53538.0,0.0,0.241792,1.353011,ZAF,LSO,7221
1982927,18,148,1482,2011,370151.0,0.0,1.221703,1.247961,BEL,MRT,7221
1982928,153,151,1482,2011,1117.0,0.0,0.9893290000000001,0.632079,MYS,MUS,7221
1982929,152,155,1482,2011,0.0,6468.0,-1.100291,-0.982559,MWI,NAM,7221
1982930,246,155,1482,2011,69481.0,0.0,0.241792,1.353011,ZAF,NAM,7221
1982931,61,159,1482,2011,13176.0,0.0,2.074435,-3.440815,DEU,NGA,7221
1982932,104,159,1482,2011,37613.0,0.0,0.18276199999999998,2.398765,IND,NGA,7221
1982933,104,164,1482,2011,1218.0,0.0,0.18276199999999998,2.398765,IND,NPL,7221
1982934,43,176,1482,2011,75748.0,0.0,1.072299,1.686826,CHN,PNG,7221
1982935,153,176,1482,2011,575136.0,0.0,0.9893290000000001,0.632079,MYS,PNG,7221
1982936,216,176,1482,2011,170695.0,0.0,0.889009,1.503118,THA,PNG,7221
1982937,249,176,1482,2011,3305.0,0.0,1.803234,0.921233,TWN,PNG,7221
1982938,43,178,1482,2011,10272.0,0.0,1.072299,1.686826,CHN,PRK,7221
1982939,77,182,1482,2011,1017.0,0.0,1.532054,0.09339299999999999,FRA,PYF,7221
1982940,166,182,1482,2011,3018.0,0.0,0.372732,0.548601,NZL,PYF,7221
1982941,243,199,1482,2011,15719.0,0.0,-1.44127,-1.242875,YEM,SOM,7221
1982942,152,209,1482,2011,0.0,1322.0,-1.100291,-0.982559,MWI,SWZ,7221
1982943,246,209,1482,2011,32162.0,0.0,0.241792,1.353011,ZAF,SWZ,7221
1982944,43,212,1482,2011,43788.0,0.0,1.072299,1.686826,CHN,SYR,7221
1982945,104,212,1482,2011,45175.0,0.0,0.18276199999999998,2.398765,IND,SYR,7221
1982946,231,213,1482,2011,2499.0,0.0,1.6884849999999998,-0.474499,USA,TCA,7221
1982947,83,215,1482,2011,3650.0,0.0,-0.8627319999999999,-0.608823,GHA,TGO,7221
1982948,14,220,1482,2011,33968.0,0.0,-0.138148,0.002999,AUS,TLS,7221
1982949,18,223,1482,2011,26249.0,0.0,1.221703,1.247961,BEL,TUN,7221
1982950,77,223,1482,2011,54037.0,5601.0,1.532054,0.09339299999999999,FRA,TUN,7221
1982951,111,223,1482,2011,30518.0,0.0,1.298751,0.48013599999999995,ITA,TUN,7221
1982952,7,226,1482,2011,46592.0,0.0,0.030652,-0.450808,ARE,TZA,7221
1982953,104,226,1482,2011,8667.0,0.0,0.18276199999999998,2.398765,IND,TZA,7221
1982954,116,226,1482,2011,4345.0,0.0,-0.48319300000000004,0.346927,KEN,TZA,7221
1982955,246,226,1482,2011,1925.0,0.0,0.241792,1.353011,ZAF,TZA,7221
1982956,104,227,1482,2011,13297.0,0.0,0.18276199999999998,2.398765,IND,UGA,7221
1982957,116,227,1482,2011,4627.0,0.0,-0.48319300000000004,0.346927,KEN,UGA,7221
1982958,187,227,1482,2011,0.0,1033.0,-0.684475,-0.690734,RWA,UGA,7221
1982959,81,234,1482,2011,763.0,0.0,1.8048220000000001,0.380141,GBR,VCT,7221
1982960,249,237,1482,2011,0.0,13106.0,1.803234,0.921233,TWN,VGB,7221
1982961,43,247,1482,2011,4173.0,0.0,1.072299,1.686826,CHN,ZMB,7221
1982962,104,247,1482,2011,1660.0,0.0,0.18276199999999998,2.398765,IND,ZMB,7221
1982963,246,247,1482,2011,9215.0,0.0,0.241792,1.353011,ZAF,ZMB,7221
1982964,231,120,1482,2011,12819.0,0.0,1.6884849999999998,-0.474499,USA,KNA,7221
1982965,231,57,1482,2011,109959.0,0.0,1.6884849999999998,-0.474499,USA,CYM,7221
1982966,43,141,1482,2011,10009.0,0.0,1.072299,1.686826,CHN,MLI,7221
1982967,191,141,1482,2011,24114.0,0.0,-0.624346,-0.308052,SEN,MLI,7221
1982968,81,144,1482,2011,100699.0,0.0,1.8048220000000001,0.380141,GBR,MNE,7221
1982969,201,144,1482,2011,1179.0,0.0,0.49055699999999997,1.5601399999999999,SRB,MNE,7221
1982970,104,196,1482,2011,3345.0,0.0,0.18276199999999998,2.398765,IND,SLE,7221
1982971,166,48,1482,2011,1117.0,0.0,0.372732,0.548601,NZL,COK,7221
1982972,43,152,1482,2011,4062.0,0.0,1.072299,1.686826,CHN,MWI,7221
1982973,155,152,1482,2011,6468.0,0.0,-0.42998400000000003,-0.632233,NAM,MWI,7221
1982974,209,152,1482,2011,1322.0,0.0,0.169986,-0.078842,SWZ,MWI,7221
1982975,246,152,1482,2011,2359.0,0.0,0.241792,1.353011,ZAF,MWI,7221
1982976,71,0,1482,2011,14695.0,0.0,0.8677290000000001,2.4618450000000003,ESP,ABW,7221
1982977,15,34,1482,2011,21358.0,0.0,1.687634,-0.229095,AUT,BRN,7221
1982978,81,34,1482,2011,18813.0,0.0,1.8048220000000001,0.380141,GBR,BRN,7221
1982979,121,34,1482,2011,5769.0,0.0,1.731371,0.8306879999999999,KOR,BRN,7221
1982980,153,34,1482,2011,5438.0,0.0,0.9893290000000001,0.632079,MYS,BRN,7221
1982981,192,34,1482,2011,695170.0,0.0,1.849116,0.52127,SGP,BRN,7221
1982982,104,35,1482,2011,320949.0,0.0,0.18276199999999998,2.398765,IND,BTN,7221
1982983,45,38,1482,2011,1109.0,0.0,-0.7956340000000001,-0.8532790000000001,CMR,CAF,7221
1982984,43,75,1482,2011,953.0,0.0,1.072299,1.686826,CHN,FJI,7221
1982985,79,75,1482,2011,0.0,8183.0,-0.882574,-0.8780530000000001,FSM,FJI,7221
1982986,114,75,1482,2011,1669.0,0.0,2.516395,-0.534301,JPN,FJI,7221
1982987,7,87,1482,2011,14154.0,0.0,0.030652,-0.450808,ARE,GMB,7221
1982988,18,87,1482,2011,4359.0,0.0,1.221703,1.247961,BEL,GMB,7221
1982989,44,87,1482,2011,6919.0,0.0,-1.069474,-0.867439,CIV,GMB,7221
1982990,61,87,1482,2011,14195.0,0.0,2.074435,-3.440815,DEU,GMB,7221
1982991,83,87,1482,2011,17975.0,0.0,-0.8627319999999999,-0.608823,GHA,GMB,7221
1982992,224,87,1482,2011,105534.0,0.0,0.45775,2.4316259999999996,TUR,GMB,7221
1982993,216,123,1482,2011,11114.0,0.0,0.889009,1.503118,THA,LAO,7221
1982994,104,137,1482,2011,4644.0,0.0,0.18276199999999998,2.398765,IND,MDV,7221
1982995,153,137,1482,2011,41486.0,0.0,0.9893290000000001,0.632079,MYS,MDV,7221
1982996,166,156,1482,2011,1570.0,0.0,0.372732,0.548601,NZL,NCL,7221
1982997,43,187,1482,2011,10785.0,0.0,1.072299,1.686826,CHN,RWA,7221
1982998,116,187,1482,2011,1169.0,0.0,-0.48319300000000004,0.346927,KEN,RWA,7221
1982999,227,187,1482,2011,1033.0,0.0,-0.7153,-0.062678,UGA,RWA,7221
1983000,246,187,1482,2011,1161.0,0.0,0.241792,1.353011,ZAF,RWA,7221
1983001,14,242,1482,2011,32936.0,0.0,-0.138148,0.002999,AUS,WSM,7221
1983002,191,88,1482,2011,23461.0,0.0,-0.624346,-0.308052,SEN,GNB,7221
1983003,65,101,1482,2011,3374103.0,0.0,-0.260653,0.5682010000000001,DOM,HTI,7221
1983004,43,221,1482,2011,14267.0,0.0,1.072299,1.686826,CHN,TON,7221
1983005,166,221,1482,2011,5325.0,0.0,0.372732,0.548601,NZL,TON,7221
1983006,231,30,1482,2011,1355.0,0.0,1.6884849999999998,-0.474499,USA,BMU,7221
1983007,75,79,1482,2011,8183.0,0.0,-0.434356,-0.010863,FJI,FSM,7221
1983008,231,79,1482,2011,19769.0,0.0,1.6884849999999998,-0.474499,USA,FSM,7221
1983009,14,195,1482,2011,943.0,0.0,-0.138148,0.002999,AUS,SLB,7221
1983010,2,7,1484,2011,0.0,2556.0,-1.252991,-1.132314,AGO,ARE,7223
1983011,14,7,1484,2011,40279.0,0.0,-0.138148,0.002999,AUS,ARE,7223
1983012,18,7,1484,2011,39739.0,6084.0,1.221703,1.247961,BEL,ARE,7223
1983013,24,7,1484,2011,0.0,58407.0,0.04085,-0.873711,BHR,ARE,7223
1983014,37,7,1484,2011,0.0,88957.0,-0.48782600000000004,-1.051639,BWA,ARE,7223
1983015,39,7,1484,2011,141855.0,0.0,0.754813,1.1967290000000002,CAN,ARE,7223
1983016,41,7,1484,2011,92510.0,0.0,2.2644029999999997,0.406131,CHE,ARE,7223
1983017,43,7,1484,2011,1403617.0,0.0,1.072299,1.686826,CHN,ARE,7223
1983018,59,7,1484,2011,316786.0,0.0,1.737788,0.14741600000000002,CZE,ARE,7223
1983019,61,7,1484,2011,571594.0,223577.0,2.074435,-3.440815,DEU,ARE,7223
1983020,64,7,1484,2011,310153.0,0.0,1.156026,1.2248299999999999,DNK,ARE,7223
1983021,73,7,1484,2011,0.0,1873.0,-1.258175,-0.920692,ETH,ARE,7223
1983022,77,7,1484,2011,318733.0,0.0,1.532054,0.09339299999999999,FRA,ARE,7223
1983023,81,7,1484,2011,1445679.0,33887.0,1.8048220000000001,0.380141,GBR,ARE,7223
1983024,103,7,1484,2011,229821.0,0.0,-0.234125,1.168384,IDN,ARE,7223
1983025,104,7,1484,2011,1883222.0,24539.0,0.18276199999999998,2.398765,IND,ARE,7223
1983026,107,7,1484,2011,0.0,699529.0,-0.915379,-0.973194,IRN,ARE,7223
1983027,111,7,1484,2011,138284.0,0.0,1.298751,0.48013599999999995,ITA,ARE,7223
1983028,114,7,1484,2011,24711.0,0.0,2.516395,-0.534301,JPN,ARE,7223
1983029,121,7,1484,2011,428385.0,0.0,1.731371,0.8306879999999999,KOR,ARE,7223
1983030,137,7,1484,2011,0.0,149.0,-0.937469,-0.87897,MDV,ARE,7223
1983031,162,7,1484,2011,22487.0,0.0,1.1655229999999999,1.410167,NLD,ARE,7223
1983032,166,7,1484,2011,0.0,43187.0,0.372732,0.548601,NZL,ARE,7223
1983033,167,7,1484,2011,324836.0,226309.0,-0.473703,-0.952491,OMN,ARE,7223
1983034,168,7,1484,2011,1794.0,19805.0,-0.729677,0.6026729999999999,PAK,ARE,7223
1983035,187,7,1484,2011,0.0,1946.0,-0.684475,-0.690734,RWA,ARE,7223
1983036,188,7,1484,2011,11001287.0,0.0,0.354045,-0.800028,SAU,ARE,7223
1983037,190,7,1484,2011,0.0,2163.0,-2.1675869999999997,-1.249272,SDN,ARE,7223
1983038,192,7,1484,2011,16158.0,12497.0,1.849116,0.52127,SGP,ARE,7223
1983039,208,7,1484,2011,150186.0,0.0,1.857146,0.366159,SWE,ARE,7223
1983040,216,7,1484,2011,7038.0,0.0,0.889009,1.503118,THA,ARE,7223
1983041,224,7,1484,2011,18622.0,0.0,0.45775,2.4316259999999996,TUR,ARE,7223
1983042,226,7,1484,2011,0.0,957.0,-0.751316,0.286505,TZA,ARE,7223
1983043,231,7,1484,2011,467172.0,2651576.0,1.6884849999999998,-0.474499,USA,ARE,7223
1983044,247,7,1484,2011,0.0,1735.0,-0.7599,-0.941019,ZMB,ARE,7223
1983045,248,7,1484,2011,0.0,1344.0,-0.858662,-0.8632719999999999,ZWE,ARE,7223
1983046,249,7,1484,2011,32084.0,0.0,1.803234,0.921233,TWN,ARE,7223
1983047,15,8,1484,2011,3948.0,0.0,1.687634,-0.229095,AUT,ARG,7223
1983048,18,8,1484,2011,2546.0,0.0,1.221703,1.247961,BEL,ARG,7223
1983049,31,8,1484,2011,0.0,1896.0,-0.818593,-0.8701770000000001,BOL,ARG,7223
1983050,32,8,1484,2011,2780242.0,22998.0,0.27718400000000004,0.5674319999999999,BRA,ARG,7223
1983051,39,8,1484,2011,5825.0,0.0,0.754813,1.1967290000000002,CAN,ARG,7223
1983052,41,8,1484,2011,8648.0,0.0,2.2644029999999997,0.406131,CHE,ARG,7223
1983053,42,8,1484,2011,70051.0,0.0,-0.199877,-0.353009,CHL,ARG,7223
1983054,43,8,1484,2011,429283.0,0.0,1.072299,1.686826,CHN,ARG,7223
1983055,61,8,1484,2011,154016.0,0.0,2.074435,-3.440815,DEU,ARG,7223
1983056,71,8,1484,2011,7181.0,0.0,0.8677290000000001,2.4618450000000003,ESP,ARG,7223
1983057,77,8,1484,2011,2246.0,0.0,1.532054,0.09339299999999999,FRA,ARG,7223
1983058,81,8,1484,2011,38533.0,0.0,1.8048220000000001,0.380141,GBR,ARG,7223
1983059,104,8,1484,2011,2194733.0,0.0,0.18276199999999998,2.398765,IND,ARG,7223
1983060,111,8,1484,2011,243323.0,0.0,1.298751,0.48013599999999995,ITA,ARG,7223
1983061,114,8,1484,2011,20557.0,0.0,2.516395,-0.534301,JPN,ARG,7223
1983062,121,8,1484,2011,719043.0,0.0,1.731371,0.8306879999999999,KOR,ARG,7223
1983063,138,8,1484,2011,20224.0,0.0,0.9534600000000001,0.706982,MEX,ARG,7223
1983064,168,8,1484,2011,3834.0,0.0,-0.729677,0.6026729999999999,PAK,ARG,7223
1983065,173,8,1484,2011,0.0,6568.0,-0.455977,0.442543,PER,ARG,7223
1983066,180,8,1484,2011,0.0,14076.0,-0.548759,-0.877743,PRY,ARG,7223
1983067,206,8,1484,2011,11517.0,0.0,1.262897,0.8230569999999999,SVK,ARG,7223
1983068,208,8,1484,2011,146817.0,30325.0,1.857146,0.366159,SWE,ARG,7223
1983069,216,8,1484,2011,474916.0,0.0,0.889009,1.503118,THA,ARG,7223
1983070,224,8,1484,2011,3724.0,0.0,0.45775,2.4316259999999996,TUR,ARG,7223
1983071,230,8,1484,2011,0.0,2841.0,0.313195,0.042866,URY,ARG,7223
1983072,231,8,1484,2011,241989.0,0.0,1.6884849999999998,-0.474499,USA,ARG,7223
1983073,249,8,1484,2011,218520.0,0.0,1.803234,0.921233,TWN,ARG,7223
1983074,250,8,1484,2011,1422.0,0.0,0.475638,-0.160135,ANS,ARG,7223
1983075,4,15,1484,2011,0.0,12468.0,-0.331435,-0.034828,ALB,AUT,7223
1983076,8,15,1484,2011,0.0,3948.0,0.240494,0.540376,ARG,AUT,7223
1983077,14,15,1484,2011,3827.0,2173.0,-0.138148,0.002999,AUS,AUT,7223
1983078,18,15,1484,2011,1024905.0,5543.0,1.221703,1.247961,BEL,AUT,7223
1983079,23,15,1484,2011,60833.0,15363.0,0.537967,1.520973,BGR,AUT,7223
1983080,26,15,1484,2011,0.0,2745.0,0.391425,0.6066600000000001,BIH,AUT,7223
1983081,32,15,1484,2011,0.0,12727.0,0.27718400000000004,0.5674319999999999,BRA,AUT,7223
1983082,39,15,1484,2011,0.0,18305.0,0.754813,1.1967290000000002,CAN,AUT,7223
1983083,41,15,1484,2011,456036.0,479586.0,2.2644029999999997,0.406131,CHE,AUT,7223
1983084,43,15,1484,2011,21543.0,206294.0,1.072299,1.686826,CHN,AUT,7223
1983085,59,15,1484,2011,880406.0,357058.0,1.737788,0.14741600000000002,CZE,AUT,7223
1983086,61,15,1484,2011,9317038.0,2075716.0,2.074435,-3.440815,DEU,AUT,7223
1983087,64,15,1484,2011,9062.0,5619.0,1.156026,1.2248299999999999,DNK,AUT,7223
1983088,65,15,1484,2011,0.0,21605.0,-0.260653,0.5682010000000001,DOM,AUT,7223
1983089,71,15,1484,2011,349395.0,25463.0,0.8677290000000001,2.4618450000000003,ESP,AUT,7223
1983090,72,15,1484,2011,0.0,6986.0,0.9806790000000001,1.110449,EST,AUT,7223
1983091,74,15,1484,2011,0.0,928.0,1.7488830000000002,0.890934,FIN,AUT,7223
1983092,77,15,1484,2011,1662694.0,10278.0,1.532054,0.09339299999999999,FRA,AUT,7223
1983093,81,15,1484,2011,3294.0,1835.0,1.8048220000000001,0.380141,GBR,AUT,7223
1983094,90,15,1484,2011,0.0,7245.0,0.138679,1.30044,GRC,AUT,7223
1983095,97,15,1484,2011,0.0,99668.0,0.663588,1.902118,HKG,AUT,7223
1983096,100,15,1484,2011,0.0,174668.0,0.868294,0.9424299999999999,HRV,AUT,7223
1983097,102,15,1484,2011,1313.0,570975.0,1.486592,0.805642,HUN,AUT,7223
1983098,103,15,1484,2011,0.0,66787.0,-0.234125,1.168384,IDN,AUT,7223
1983099,104,15,1484,2011,712540.0,14105.0,0.18276199999999998,2.398765,IND,AUT,7223
1983100,106,15,1484,2011,4309.0,0.0,1.403182,0.290245,IRL,AUT,7223
1983101,107,15,1484,2011,0.0,61124.0,-0.915379,-0.973194,IRN,AUT,7223
1983102,111,15,1484,2011,1507475.0,52480.0,1.298751,0.48013599999999995,ITA,AUT,7223
1983103,114,15,1484,2011,37969.0,4998.0,2.516395,-0.534301,JPN,AUT,7223
1983104,121,15,1484,2011,0.0,137852.0,1.731371,0.8306879999999999,KOR,AUT,7223
1983105,122,15,1484,2011,0.0,11110.0,-0.898582,-1.09893,KWT,AUT,7223
1983106,132,15,1484,2011,0.0,15786.0,0.7320939999999999,1.101321,LVA,AUT,7223
1983107,138,15,1484,2011,0.0,1848.0,0.9534600000000001,0.706982,MEX,AUT,7223
1983108,140,15,1484,2011,0.0,5709.0,-0.12310499999999999,0.16392,MKD,AUT,7223
1983109,153,15,1484,2011,0.0,2008.0,0.9893290000000001,0.632079,MYS,AUT,7223
1983110,162,15,1484,2011,50106.0,4576.0,1.1655229999999999,1.410167,NLD,AUT,7223
1983111,163,15,1484,2011,0.0,8659.0,0.8492770000000001,0.050044,NOR,AUT,7223
1983112,166,15,1484,2011,0.0,8460.0,0.372732,0.548601,NZL,AUT,7223
1983113,177,15,1484,2011,3282.0,15135.0,1.133641,1.134203,POL,AUT,7223
1983114,179,15,1484,2011,0.0,250028.0,0.558481,2.7056240000000003,PRT,AUT,7223
1983115,185,15,1484,2011,0.0,283525.0,0.722,1.296655,ROU,AUT,7223
1983116,186,15,1484,2011,0.0,3018.0,0.47319399999999995,-0.20801599999999998,RUS,AUT,7223
1983117,201,15,1484,2011,1845.0,157528.0,0.49055699999999997,1.5601399999999999,SRB,AUT,7223
1983118,206,15,1484,2011,2757.0,224406.0,1.262897,0.8230569999999999,SVK,AUT,7223
1983119,207,15,1484,2011,9020.0,165306.0,1.642913,0.700222,SVN,AUT,7223
1983120,208,15,1484,2011,829796.0,69150.0,1.857146,0.366159,SWE,AUT,7223
1983121,212,15,1484,2011,0.0,6666.0,-0.604133,0.5268970000000001,SYR,AUT,7223
1983122,216,15,1484,2011,0.0,43935.0,0.889009,1.503118,THA,AUT,7223
1983123,224,15,1484,2011,0.0,186013.0,0.45775,2.4316259999999996,TUR,AUT,7223
1983124,228,15,1484,2011,0.0,11891.0,0.6221409999999999,0.765505,UKR,AUT,7223
1983125,231,15,1484,2011,105787.0,32260.0,1.6884849999999998,-0.474499,USA,AUT,7223
1983126,246,15,1484,2011,0.0,5006.0,0.241792,1.353011,ZAF,AUT,7223
1983127,59,16,1484,2011,10317.0,0.0,1.737788,0.14741600000000002,CZE,AZE,7223
1983128,81,16,1484,2011,22352.0,0.0,1.8048220000000001,0.380141,GBR,AZE,7223
1983129,111,16,1484,2011,420394.0,0.0,1.298751,0.48013599999999995,ITA,AZE,7223
1983130,135,16,1484,2011,78334.0,0.0,-0.225556,0.28622,MDA,AZE,7223
1983131,162,16,1484,2011,94460.0,0.0,1.1655229999999999,1.410167,NLD,AZE,7223
1983132,177,16,1484,2011,223867.0,0.0,1.133641,1.134203,POL,AZE,7223
1983133,186,16,1484,2011,1443.0,0.0,0.47319399999999995,-0.20801599999999998,RUS,AZE,7223
1983134,224,16,1484,2011,17353.0,0.0,0.45775,2.4316259999999996,TUR,AZE,7223
1983135,2,18,1484,2011,0.0,24849.0,-1.252991,-1.132314,AGO,BEL,7223
1983136,7,18,1484,2011,6084.0,39739.0,0.030652,-0.450808,ARE,BEL,7223
1983137,8,18,1484,2011,0.0,2546.0,0.240494,0.540376,ARG,BEL,7223
1983138,14,18,1484,2011,0.0,26372.0,-0.138148,0.002999,AUS,BEL,7223
1983139,15,18,1484,2011,5543.0,1024905.0,1.687634,-0.229095,AUT,BEL,7223
1983140,32,18,1484,2011,0.0,14586.0,0.27718400000000004,0.5674319999999999,BRA,BEL,7223
1983141,39,18,1484,2011,50938.0,20351.0,0.754813,1.1967290000000002,CAN,BEL,7223
1983142,41,18,1484,2011,1253167.0,1381539.0,2.2644029999999997,0.406131,CHE,BEL,7223
1983143,42,18,1484,2011,0.0,1174380.0,-0.199877,-0.353009,CHL,BEL,7223
1983144,43,18,1484,2011,3217914.0,7998890.0,1.072299,1.686826,CHN,BEL,7223
1983145,46,18,1484,2011,0.0,1020.0,-0.722957,-0.965141,COD,BEL,7223
1983146,47,18,1484,2011,0.0,3113.0,-0.979359,-1.084589,COG,BEL,7223
1983147,59,18,1484,2011,4409237.0,1355479.0,1.737788,0.14741600000000002,CZE,BEL,7223
1983148,61,18,1484,2011,7204733.0,22078842.0,2.074435,-3.440815,DEU,BEL,7223
1983149,64,18,1484,2011,52395.0,2010881.0,1.156026,1.2248299999999999,DNK,BEL,7223
1983150,68,18,1484,2011,0.0,13868.0,-0.166243,1.384719,EGY,BEL,7223
1983151,71,18,1484,2011,2500534.0,690288.0,0.8677290000000001,2.4618450000000003,ESP,BEL,7223
1983152,72,18,1484,2011,0.0,1816.0,0.9806790000000001,1.110449,EST,BEL,7223
1983153,74,18,1484,2011,3319.0,227072.0,1.7488830000000002,0.890934,FIN,BEL,7223
1983154,77,18,1484,2011,7738160.0,13957955.0,1.532054,0.09339299999999999,FRA,BEL,7223
1983155,80,18,1484,2011,0.0,34676.0,-1.093784,-1.0849659999999999,GAB,BEL,7223
1983156,81,18,1484,2011,471666.0,682413.0,1.8048220000000001,0.380141,GBR,BEL,7223
1983157,83,18,1484,2011,0.0,1670.0,-0.8627319999999999,-0.608823,GHA,BEL,7223
1983158,89,18,1484,2011,0.0,8359.0,-1.634315,-0.7567729999999999,GNQ,BEL,7223
1983159,90,18,1484,2011,0.0,120360.0,0.138679,1.30044,GRC,BEL,7223
1983160,97,18,1484,2011,60232.0,423613.0,0.663588,1.902118,HKG,BEL,7223
1983161,100,18,1484,2011,1264.0,6797.0,0.868294,0.9424299999999999,HRV,BEL,7223
1983162,102,18,1484,2011,0.0,228304.0,1.486592,0.805642,HUN,BEL,7223
1983163,103,18,1484,2011,0.0,7163.0,-0.234125,1.168384,IDN,BEL,7223
1983164,104,18,1484,2011,22008992.0,150022.0,0.18276199999999998,2.398765,IND,BEL,7223
1983165,106,18,1484,2011,41689.0,47030.0,1.403182,0.290245,IRL,BEL,7223
1983166,109,18,1484,2011,0.0,2561.0,0.284202,-0.23753000000000002,ISL,BEL,7223
1983167,110,18,1484,2011,0.0,1705.0,1.324384,0.714611,ISR,BEL,7223
1983168,111,18,1484,2011,921654.0,4991943.0,1.298751,0.48013599999999995,ITA,BEL,7223
1983169,114,18,1484,2011,944039.0,3150505.0,2.516395,-0.534301,JPN,BEL,7223
1983170,116,18,1484,2011,0.0,30022.0,-0.48319300000000004,0.346927,KEN,BEL,7223
1983171,121,18,1484,2011,1700051.0,3909.0,1.731371,0.8306879999999999,KOR,BEL,7223
1983172,130,18,1484,2011,0.0,2213.0,0.747963,0.9759530000000001,LTU,BEL,7223
1983173,131,18,1484,2011,39253.0,1663754.0,1.1655739999999999,1.222379,LUX,BEL,7223
1983174,132,18,1484,2011,0.0,10225.0,0.7320939999999999,1.101321,LVA,BEL,7223
1983175,134,18,1484,2011,0.0,38245.0,-0.485404,0.099828,MAR,BEL,7223
1983176,138,18,1484,2011,35439.0,192932.0,0.9534600000000001,0.706982,MEX,BEL,7223
1983177,141,18,1484,2011,0.0,2502.0,-0.6778109999999999,-0.653211,MLI,BEL,7223
1983178,148,18,1484,2011,0.0,7692.0,-1.2593379999999998,-1.1793209999999998,MRT,BEL,7223
1983179,153,18,1484,2011,0.0,7228.0,0.9893290000000001,0.632079,MYS,BEL,7223
1983180,159,18,1484,2011,0.0,3512.0,-1.699286,-1.15511,NGA,BEL,7223
1983181,162,18,1484,2011,2902777.0,2177703.0,1.1655229999999999,1.410167,NLD,BEL,7223
1983182,163,18,1484,2011,0.0,103501.0,0.8492770000000001,0.050044,NOR,BEL,7223
1983183,166,18,1484,2011,0.0,2078.0,0.372732,0.548601,NZL,BEL,7223
1983184,167,18,1484,2011,0.0,12006.0,-0.473703,-0.952491,OMN,BEL,7223
1983185,173,18,1484,2011,0.0,11311.0,-0.455977,0.442543,PER,BEL,7223
1983186,177,18,1484,2011,96984.0,1677140.0,1.133641,1.134203,POL,BEL,7223
1983187,179,18,1484,2011,1143.0,147870.0,0.558481,2.7056240000000003,PRT,BEL,7223
1983188,185,18,1484,2011,0.0,69992.0,0.722,1.296655,ROU,BEL,7223
1983189,186,18,1484,2011,0.0,100479.0,0.47319399999999995,-0.20801599999999998,RUS,BEL,7223
1983190,187,18,1484,2011,0.0,129952.0,-0.684475,-0.690734,RWA,BEL,7223
1983191,192,18,1484,2011,0.0,3001.0,1.849116,0.52127,SGP,BEL,7223
1983192,201,18,1484,2011,0.0,1461.0,0.49055699999999997,1.5601399999999999,SRB,BEL,7223
1983193,206,18,1484,2011,23627.0,1303265.0,1.262897,0.8230569999999999,SVK,BEL,7223
1983194,207,18,1484,2011,0.0,154349.0,1.642913,0.700222,SVN,BEL,7223
1983195,208,18,1484,2011,2854578.0,2381380.0,1.857146,0.366159,SWE,BEL,7223
1983196,216,18,1484,2011,422121.0,42141.0,0.889009,1.503118,THA,BEL,7223
1983197,223,18,1484,2011,0.0,31472.0,0.151221,1.1252360000000001,TUN,BEL,7223
1983198,224,18,1484,2011,4002.0,564985.0,0.45775,2.4316259999999996,TUR,BEL,7223
1983199,228,18,1484,2011,0.0,125504.0,0.6221409999999999,0.765505,UKR,BEL,7223
1983200,231,18,1484,2011,2306248.0,2126138.0,1.6884849999999998,-0.474499,USA,BEL,7223
1983201,246,18,1484,2011,30175.0,59529.0,0.241792,1.353011,ZAF,BEL,7223
1983202,249,18,1484,2011,479551.0,8028.0,1.803234,0.921233,TWN,BEL,7223
1983203,250,18,1484,2011,0.0,7750.0,0.475638,-0.160135,ANS,BEL,7223
1983204,15,23,1484,2011,15363.0,60833.0,1.687634,-0.229095,AUT,BGR,7223
1983205,41,23,1484,2011,35797.0,0.0,2.2644029999999997,0.406131,CHE,BGR,7223
1983206,43,23,1484,2011,1388885.0,0.0,1.072299,1.686826,CHN,BGR,7223
1983207,59,23,1484,2011,155187.0,0.0,1.737788,0.14741600000000002,CZE,BGR,7223
1983208,61,23,1484,2011,222704.0,0.0,2.074435,-3.440815,DEU,BGR,7223
1983209,71,23,1484,2011,19604.0,124689.0,0.8677290000000001,2.4618450000000003,ESP,BGR,7223
1983210,77,23,1484,2011,34203.0,0.0,1.532054,0.09339299999999999,FRA,BGR,7223
1983211,102,23,1484,2011,69765.0,0.0,1.486592,0.805642,HUN,BGR,7223
1983212,104,23,1484,2011,2728781.0,0.0,0.18276199999999998,2.398765,IND,BGR,7223
1983213,111,23,1484,2011,63917.0,0.0,1.298751,0.48013599999999995,ITA,BGR,7223
1983214,121,23,1484,2011,27297.0,0.0,1.731371,0.8306879999999999,KOR,BGR,7223
1983215,140,23,1484,2011,0.0,7057.0,-0.12310499999999999,0.16392,MKD,BGR,7223
1983216,162,23,1484,2011,2229.0,0.0,1.1655229999999999,1.410167,NLD,BGR,7223
1983217,177,23,1484,2011,47191.0,52057.0,1.133641,1.134203,POL,BGR,7223
1983218,185,23,1484,2011,25082.0,1083518.0,0.722,1.296655,ROU,BGR,7223
1983219,207,23,1484,2011,21452.0,0.0,1.642913,0.700222,SVN,BGR,7223
1983220,208,23,1484,2011,270534.0,0.0,1.857146,0.366159,SWE,BGR,7223
1983221,224,23,1484,2011,17338.0,0.0,0.45775,2.4316259999999996,TUR,BGR,7223
1983222,231,23,1484,2011,1109.0,0.0,1.6884849999999998,-0.474499,USA,BGR,7223
1983223,249,23,1484,2011,49936.0,0.0,1.803234,0.921233,TWN,BGR,7223
1983224,162,25,1484,2011,4359.0,0.0,1.1655229999999999,1.410167,NLD,BHS,7223
1983225,177,25,1484,2011,6705.0,0.0,1.133641,1.134203,POL,BHS,7223
1983226,231,25,1484,2011,98789.0,0.0,1.6884849999999998,-0.474499,USA,BHS,7223
1983227,2,32,1484,2011,0.0,1615.0,-1.252991,-1.132314,AGO,BRA,7223
1983228,8,32,1484,2011,22998.0,2780242.0,0.240494,0.540376,ARG,BRA,7223
1983229,15,32,1484,2011,12727.0,0.0,1.687634,-0.229095,AUT,BRA,7223
1983230,18,32,1484,2011,14586.0,0.0,1.221703,1.247961,BEL,BRA,7223
1983231,31,32,1484,2011,0.0,3280.0,-0.818593,-0.8701770000000001,BOL,BRA,7223
1983232,39,32,1484,2011,19681.0,122024.0,0.754813,1.1967290000000002,CAN,BRA,7223
1983233,41,32,1484,2011,196135.0,0.0,2.2644029999999997,0.406131,CHE,BRA,7223
1983234,42,32,1484,2011,0.0,334192.0,-0.199877,-0.353009,CHL,BRA,7223
1983235,43,32,1484,2011,2922724.0,4196.0,1.072299,1.686826,CHN,BRA,7223
1983236,47,32,1484,2011,0.0,13788.0,-0.979359,-1.084589,COG,BRA,7223
1983237,49,32,1484,2011,0.0,176520.0,0.14336600000000002,-0.22996,COL,BRA,7223
1983238,54,32,1484,2011,0.0,28325.0,-0.050093,-0.88759,CUB,BRA,7223
1983239,55,32,1484,2011,28905.0,0.0,-0.052038,-0.69103,CUW,BRA,7223
1983240,59,32,1484,2011,103397.0,0.0,1.737788,0.14741600000000002,CZE,BRA,7223
1983241,61,32,1484,2011,646920.0,0.0,2.074435,-3.440815,DEU,BRA,7223
1983242,64,32,1484,2011,36997.0,0.0,1.156026,1.2248299999999999,DNK,BRA,7223
1983243,77,32,1484,2011,1790300.0,1087.0,1.532054,0.09339299999999999,FRA,BRA,7223
1983244,81,32,1484,2011,21550.0,0.0,1.8048220000000001,0.380141,GBR,BRA,7223
1983245,90,32,1484,2011,0.0,85408.0,0.138679,1.30044,GRC,BRA,7223
1983246,104,32,1484,2011,7893300.0,1813.0,0.18276199999999998,2.398765,IND,BRA,7223
1983247,111,32,1484,2011,566023.0,7284.0,1.298751,0.48013599999999995,ITA,BRA,7223
1983248,114,32,1484,2011,8811052.0,0.0,2.516395,-0.534301,JPN,BRA,7223
1983249,121,32,1484,2011,912433.0,30459.0,1.731371,0.8306879999999999,KOR,BRA,7223
1983250,138,32,1484,2011,776569.0,146063.0,0.9534600000000001,0.706982,MEX,BRA,7223
1983251,153,32,1484,2011,72549.0,1478.0,0.9893290000000001,0.632079,MYS,BRA,7223
1983252,159,32,1484,2011,0.0,876.0,-1.699286,-1.15511,NGA,BRA,7223
1983253,162,32,1484,2011,33670.0,0.0,1.1655229999999999,1.410167,NLD,BRA,7223
1983254,169,32,1484,2011,0.0,3865.0,0.786135,1.061008,PAN,BRA,7223
1983255,173,32,1484,2011,0.0,235368.0,-0.455977,0.442543,PER,BRA,7223
1983256,177,32,1484,2011,0.0,3758.0,1.133641,1.134203,POL,BRA,7223
1983257,179,32,1484,2011,23291.0,28297.0,0.558481,2.7056240000000003,PRT,BRA,7223
1983258,180,32,1484,2011,0.0,16060.0,-0.548759,-0.877743,PRY,BRA,7223
1983259,208,32,1484,2011,631138.0,0.0,1.857146,0.366159,SWE,BRA,7223
1983260,215,32,1484,2011,0.0,15684.0,-0.9156030000000001,-0.884099,TGO,BRA,7223
1983261,216,32,1484,2011,0.0,5775.0,0.889009,1.503118,THA,BRA,7223
1983262,223,32,1484,2011,0.0,1674.0,0.151221,1.1252360000000001,TUN,BRA,7223
1983263,230,32,1484,2011,0.0,58966.0,0.313195,0.042866,URY,BRA,7223
1983264,231,32,1484,2011,2034743.0,5894.0,1.6884849999999998,-0.474499,USA,BRA,7223
1983265,236,32,1484,2011,0.0,33621.0,-0.841147,-1.095636,VEN,BRA,7223
1983266,249,32,1484,2011,857302.0,0.0,1.803234,0.921233,TWN,BRA,7223
1983267,43,33,1484,2011,9914.0,0.0,1.072299,1.686826,CHN,BRB,7223
1983268,112,33,1484,2011,0.0,3312.0,-0.162212,-0.621817,JAM,BRB,7223
1983269,231,33,1484,2011,109215.0,0.0,1.6884849999999998,-0.474499,USA,BRB,7223
1983270,2,39,1484,2011,0.0,3914.0,-1.252991,-1.132314,AGO,CAN,7223
1983271,7,39,1484,2011,0.0,141855.0,0.030652,-0.450808,ARE,CAN,7223
1983272,8,39,1484,2011,0.0,5825.0,0.240494,0.540376,ARG,CAN,7223
1983273,14,39,1484,2011,0.0,7660.0,-0.138148,0.002999,AUS,CAN,7223
1983274,15,39,1484,2011,18305.0,0.0,1.687634,-0.229095,AUT,CAN,7223
1983275,18,39,1484,2011,20351.0,50938.0,1.221703,1.247961,BEL,CAN,7223
1983276,32,39,1484,2011,122024.0,19681.0,0.27718400000000004,0.5674319999999999,BRA,CAN,7223
1983277,41,39,1484,2011,119694.0,1202.0,2.2644029999999997,0.406131,CHE,CAN,7223
1983278,42,39,1484,2011,0.0,76835.0,-0.199877,-0.353009,CHL,CAN,7223
1983279,43,39,1484,2011,864702.0,10297.0,1.072299,1.686826,CHN,CAN,7223
1983280,49,39,1484,2011,0.0,4180.0,0.14336600000000002,-0.22996,COL,CAN,7223
1983281,54,39,1484,2011,0.0,123825.0,-0.050093,-0.88759,CUB,CAN,7223
1983282,59,39,1484,2011,1011442.0,0.0,1.737788,0.14741600000000002,CZE,CAN,7223
1983283,61,39,1484,2011,5734212.0,16712.0,2.074435,-3.440815,DEU,CAN,7223
1983284,64,39,1484,2011,915.0,0.0,1.156026,1.2248299999999999,DNK,CAN,7223
1983285,66,39,1484,2011,0.0,3883.0,-1.36763,-1.140594,DZA,CAN,7223
1983286,67,39,1484,2011,0.0,9820.0,-0.8250639999999999,-0.839082,ECU,CAN,7223
1983287,71,39,1484,2011,0.0,2640.0,0.8677290000000001,2.4618450000000003,ESP,CAN,7223
1983288,74,39,1484,2011,38383.0,1326.0,1.7488830000000002,0.890934,FIN,CAN,7223
1983289,77,39,1484,2011,227167.0,8170.0,1.532054,0.09339299999999999,FRA,CAN,7223
1983290,81,39,1484,2011,126187.0,2469031.0,1.8048220000000001,0.380141,GBR,CAN,7223
1983291,97,39,1484,2011,1440.0,0.0,0.663588,1.902118,HKG,CAN,7223
1983292,100,39,1484,2011,0.0,1827.0,0.868294,0.9424299999999999,HRV,CAN,7223
1983293,103,39,1484,2011,19013.0,0.0,-0.234125,1.168384,IDN,CAN,7223
1983294,104,39,1484,2011,5821051.0,332845.0,0.18276199999999998,2.398765,IND,CAN,7223
1983295,106,39,1484,2011,9042.0,2935.0,1.403182,0.290245,IRL,CAN,7223
1983296,108,39,1484,2011,0.0,40786.0,-2.175137,-0.726975,IRQ,CAN,7223
1983297,111,39,1484,2011,5954.0,6363.0,1.298751,0.48013599999999995,ITA,CAN,7223
1983298,114,39,1484,2011,158466.0,0.0,2.516395,-0.534301,JPN,CAN,7223
1983299,115,39,1484,2011,0.0,42823.0,-0.514687,-0.775671,KAZ,CAN,7223
1983300,120,39,1484,2011,0.0,1249.0,1.056175,-0.19398800000000002,KNA,CAN,7223
1983301,121,39,1484,2011,358942.0,6031.0,1.731371,0.8306879999999999,KOR,CAN,7223
1983302,122,39,1484,2011,0.0,73958.0,-0.898582,-1.09893,KWT,CAN,7223
1983303,133,39,1484,2011,16986.0,0.0,0.511015,0.560905,MAC,CAN,7223
1983304,138,39,1484,2011,143895.0,26427.0,0.9534600000000001,0.706982,MEX,CAN,7223
1983305,145,39,1484,2011,0.0,13107.0,-1.0869389999999999,-1.107693,MNG,CAN,7223
1983306,153,39,1484,2011,0.0,13276.0,0.9893290000000001,0.632079,MYS,CAN,7223
1983307,162,39,1484,2011,165141.0,9250.0,1.1655229999999999,1.410167,NLD,CAN,7223
1983308,166,39,1484,2011,0.0,21777.0,0.372732,0.548601,NZL,CAN,7223
1983309,168,39,1484,2011,0.0,23162.0,-0.729677,0.6026729999999999,PAK,CAN,7223
1983310,177,39,1484,2011,0.0,18839.0,1.133641,1.134203,POL,CAN,7223
1983311,183,39,1484,2011,0.0,2996.0,-0.45851899999999995,-1.017033,QAT,CAN,7223
1983312,186,39,1484,2011,0.0,2664.0,0.47319399999999995,-0.20801599999999998,RUS,CAN,7223
1983313,188,39,1484,2011,0.0,42235.0,0.354045,-0.800028,SAU,CAN,7223
1983314,192,39,1484,2011,0.0,291775.0,1.849116,0.52127,SGP,CAN,7223
1983315,197,39,1484,2011,0.0,1513.0,-0.09713200000000001,0.20772600000000002,SLV,CAN,7223
1983316,208,39,1484,2011,66234.0,2331.0,1.857146,0.366159,SWE,CAN,7223
1983317,216,39,1484,2011,25114.0,0.0,0.889009,1.503118,THA,CAN,7223
1983318,223,39,1484,2011,0.0,7300.0,0.151221,1.1252360000000001,TUN,CAN,7223
1983319,224,39,1484,2011,1331.0,20615.0,0.45775,2.4316259999999996,TUR,CAN,7223
1983320,228,39,1484,2011,3034.0,0.0,0.6221409999999999,0.765505,UKR,CAN,7223
1983321,231,39,1484,2011,20240216.0,25885490.0,1.6884849999999998,-0.474499,USA,CAN,7223
1983322,246,39,1484,2011,33001.0,0.0,0.241792,1.353011,ZAF,CAN,7223
1983323,249,39,1484,2011,2957572.0,39650.0,1.803234,0.921233,TWN,CAN,7223
1983324,7,41,1484,2011,0.0,92510.0,0.030652,-0.450808,ARE,CHE,7223
1983325,8,41,1484,2011,0.0,8648.0,0.240494,0.540376,ARG,CHE,7223
1983326,14,41,1484,2011,25263.0,506857.0,-0.138148,0.002999,AUS,CHE,7223
1983327,15,41,1484,2011,479586.0,456036.0,1.687634,-0.229095,AUT,CHE,7223
1983328,18,41,1484,2011,1381539.0,1253167.0,1.221703,1.247961,BEL,CHE,7223
1983329,23,41,1484,2011,0.0,35797.0,0.537967,1.520973,BGR,CHE,7223
1983330,28,41,1484,2011,0.0,2648.0,0.8786729999999999,0.442097,BLR,CHE,7223
1983331,32,41,1484,2011,0.0,196135.0,0.27718400000000004,0.5674319999999999,BRA,CHE,7223
1983332,34,41,1484,2011,0.0,335.0,-0.171775,-0.6656810000000001,BRN,CHE,7223
1983333,39,41,1484,2011,1202.0,119694.0,0.754813,1.1967290000000002,CAN,CHE,7223
1983334,42,41,1484,2011,0.0,1459.0,-0.199877,-0.353009,CHL,CHE,7223
1983335,43,41,1484,2011,21992.0,354447.0,1.072299,1.686826,CHN,CHE,7223
1983336,49,41,1484,2011,0.0,12841.0,0.14336600000000002,-0.22996,COL,CHE,7223
1983337,52,41,1484,2011,0.0,33961.0,0.04325,-0.553193,CRI,CHE,7223
1983338,59,41,1484,2011,17642.0,1181708.0,1.737788,0.14741600000000002,CZE,CHE,7223
1983339,61,41,1484,2011,23281434.0,15546923.0,2.074435,-3.440815,DEU,CHE,7223
1983340,64,41,1484,2011,75688.0,72467.0,1.156026,1.2248299999999999,DNK,CHE,7223
1983341,65,41,1484,2011,0.0,5429.0,-0.260653,0.5682010000000001,DOM,CHE,7223
1983342,71,41,1484,2011,1673199.0,2236076.0,0.8677290000000001,2.4618450000000003,ESP,CHE,7223
1983343,72,41,1484,2011,0.0,112369.0,0.9806790000000001,1.110449,EST,CHE,7223
1983344,74,41,1484,2011,0.0,238523.0,1.7488830000000002,0.890934,FIN,CHE,7223
1983345,75,41,1484,2011,0.0,442.0,-0.434356,-0.010863,FJI,CHE,7223
1983346,77,41,1484,2011,1040837.0,9987273.0,1.532054,0.09339299999999999,FRA,CHE,7223
1983347,81,41,1484,2011,1077575.0,5819566.0,1.8048220000000001,0.380141,GBR,CHE,7223
1983348,90,41,1484,2011,0.0,36637.0,0.138679,1.30044,GRC,CHE,7223
1983349,97,41,1484,2011,0.0,31228.0,0.663588,1.902118,HKG,CHE,7223
1983350,100,41,1484,2011,0.0,64946.0,0.868294,0.9424299999999999,HRV,CHE,7223
1983351,102,41,1484,2011,0.0,636032.0,1.486592,0.805642,HUN,CHE,7223
1983352,103,41,1484,2011,0.0,90446.0,-0.234125,1.168384,IDN,CHE,7223
1983353,104,41,1484,2011,93607.0,52644.0,0.18276199999999998,2.398765,IND,CHE,7223
1983354,106,41,1484,2011,312285.0,328368.0,1.403182,0.290245,IRL,CHE,7223
1983355,107,41,1484,2011,0.0,2138.0,-0.915379,-0.973194,IRN,CHE,7223
1983356,109,41,1484,2011,0.0,1060.0,0.284202,-0.23753000000000002,ISL,CHE,7223
1983357,110,41,1484,2011,0.0,4785.0,1.324384,0.714611,ISR,CHE,7223
1983358,111,41,1484,2011,8235864.0,14467227.0,1.298751,0.48013599999999995,ITA,CHE,7223
1983359,114,41,1484,2011,1948247.0,28853.0,2.516395,-0.534301,JPN,CHE,7223
1983360,121,41,1484,2011,593863.0,4067.0,1.731371,0.8306879999999999,KOR,CHE,7223
1983361,122,41,1484,2011,0.0,7252.0,-0.898582,-1.09893,KWT,CHE,7223
1983362,130,41,1484,2011,0.0,14509.0,0.747963,0.9759530000000001,LTU,CHE,7223
1983363,131,41,1484,2011,0.0,3021.0,1.1655739999999999,1.222379,LUX,CHE,7223
1983364,134,41,1484,2011,0.0,35789.0,-0.485404,0.099828,MAR,CHE,7223
1983365,138,41,1484,2011,1561980.0,1673334.0,0.9534600000000001,0.706982,MEX,CHE,7223
1983366,153,41,1484,2011,362468.0,83421.0,0.9893290000000001,0.632079,MYS,CHE,7223
1983367,156,41,1484,2011,0.0,427.0,-0.976349,-0.798691,NCL,CHE,7223
1983368,162,41,1484,2011,132284.0,1731601.0,1.1655229999999999,1.410167,NLD,CHE,7223
1983369,163,41,1484,2011,0.0,29505.0,0.8492770000000001,0.050044,NOR,CHE,7223
1983370,166,41,1484,2011,0.0,9682.0,0.372732,0.548601,NZL,CHE,7223
1983371,177,41,1484,2011,29426.0,1958892.0,1.133641,1.134203,POL,CHE,7223
1983372,179,41,1484,2011,25888.0,16919.0,0.558481,2.7056240000000003,PRT,CHE,7223
1983373,185,41,1484,2011,0.0,214138.0,0.722,1.296655,ROU,CHE,7223
1983374,186,41,1484,2011,1282.0,86522.0,0.47319399999999995,-0.20801599999999998,RUS,CHE,7223
1983375,192,41,1484,2011,0.0,318204.0,1.849116,0.52127,SGP,CHE,7223
1983376,201,41,1484,2011,0.0,19415.0,0.49055699999999997,1.5601399999999999,SRB,CHE,7223
1983377,206,41,1484,2011,13324.0,46872.0,1.262897,0.8230569999999999,SVK,CHE,7223
1983378,207,41,1484,2011,0.0,186215.0,1.642913,0.700222,SVN,CHE,7223
1983379,208,41,1484,2011,6839520.0,624189.0,1.857146,0.366159,SWE,CHE,7223
1983380,216,41,1484,2011,10402.0,91817.0,0.889009,1.503118,THA,CHE,7223
1983381,224,41,1484,2011,0.0,389038.0,0.45775,2.4316259999999996,TUR,CHE,7223
1983382,228,41,1484,2011,0.0,1488378.0,0.6221409999999999,0.765505,UKR,CHE,7223
1983383,231,41,1484,2011,2328244.0,5096548.0,1.6884849999999998,-0.474499,USA,CHE,7223
1983384,232,41,1484,2011,0.0,3286.0,-0.785878,-0.663918,UZB,CHE,7223
1983385,246,41,1484,2011,0.0,1791053.0,0.241792,1.353011,ZAF,CHE,7223
1983386,249,41,1484,2011,18233.0,1783448.0,1.803234,0.921233,TWN,CHE,7223
1983387,8,42,1484,2011,0.0,70051.0,0.240494,0.540376,ARG,CHL,7223
1983388,18,42,1484,2011,1174380.0,0.0,1.221703,1.247961,BEL,CHL,7223
1983389,31,42,1484,2011,0.0,171851.0,-0.818593,-0.8701770000000001,BOL,CHL,7223
1983390,32,42,1484,2011,334192.0,0.0,0.27718400000000004,0.5674319999999999,BRA,CHL,7223
1983391,39,42,1484,2011,76835.0,0.0,0.754813,1.1967290000000002,CAN,CHL,7223
1983392,41,42,1484,2011,1459.0,0.0,2.2644029999999997,0.406131,CHE,CHL,7223
1983393,43,42,1484,2011,589912.0,0.0,1.072299,1.686826,CHN,CHL,7223
1983394,59,42,1484,2011,2231.0,0.0,1.737788,0.14741600000000002,CZE,CHL,7223
1983395,61,42,1484,2011,163152.0,0.0,2.074435,-3.440815,DEU,CHL,7223
1983396,64,42,1484,2011,917.0,0.0,1.156026,1.2248299999999999,DNK,CHL,7223
1983397,71,42,1484,2011,175687.0,0.0,0.8677290000000001,2.4618450000000003,ESP,CHL,7223
1983398,74,42,1484,2011,7941.0,0.0,1.7488830000000002,0.890934,FIN,CHL,7223
1983399,81,42,1484,2011,4769.0,0.0,1.8048220000000001,0.380141,GBR,CHL,7223
1983400,104,42,1484,2011,1472372.0,0.0,0.18276199999999998,2.398765,IND,CHL,7223
1983401,110,42,1484,2011,301315.0,0.0,1.324384,0.714611,ISR,CHL,7223
1983402,111,42,1484,2011,6376.0,0.0,1.298751,0.48013599999999995,ITA,CHL,7223
1983403,121,42,1484,2011,361945.0,0.0,1.731371,0.8306879999999999,KOR,CHL,7223
1983404,138,42,1484,2011,1543.0,0.0,0.9534600000000001,0.706982,MEX,CHL,7223
1983405,162,42,1484,2011,5802.0,0.0,1.1655229999999999,1.410167,NLD,CHL,7223
1983406,173,42,1484,2011,0.0,33068.0,-0.455977,0.442543,PER,CHL,7223
1983407,180,42,1484,2011,0.0,15711.0,-0.548759,-0.877743,PRY,CHL,7223
1983408,208,42,1484,2011,33707.0,0.0,1.857146,0.366159,SWE,CHL,7223
1983409,216,42,1484,2011,19100.0,0.0,0.889009,1.503118,THA,CHL,7223
1983410,230,42,1484,2011,0.0,1578.0,0.313195,0.042866,URY,CHL,7223
1983411,231,42,1484,2011,325240.0,0.0,1.6884849999999998,-0.474499,USA,CHL,7223
1983412,249,42,1484,2011,122650.0,0.0,1.803234,0.921233,TWN,CHL,7223
1983413,250,42,1484,2011,1563.0,0.0,0.475638,-0.160135,ANS,CHL,7223
1983414,2,43,1484,2011,0.0,74509.0,-1.252991,-1.132314,AGO,CHN,7223
1983415,4,43,1484,2011,0.0,5840.0,-0.331435,-0.034828,ALB,CHN,7223
1983416,7,43,1484,2011,0.0,1403617.0,0.030652,-0.450808,ARE,CHN,7223
1983417,8,43,1484,2011,0.0,429283.0,0.240494,0.540376,ARG,CHN,7223
1983418,14,43,1484,2011,0.0,669120.0,-0.138148,0.002999,AUS,CHN,7223
1983419,15,43,1484,2011,206294.0,21543.0,1.687634,-0.229095,AUT,CHN,7223
1983420,17,43,1484,2011,0.0,13613.0,-0.8287049999999999,-0.774558,BDI,CHN,7223
1983421,18,43,1484,2011,7998890.0,3217914.0,1.221703,1.247961,BEL,CHN,7223
1983422,19,43,1484,2011,0.0,4596.0,-1.189478,-0.8684709999999999,BEN,CHN,7223
1983423,22,43,1484,2011,0.0,148980.0,-1.074416,-0.8276370000000001,BGD,CHN,7223
1983424,23,43,1484,2011,0.0,1388885.0,0.537967,1.520973,BGR,CHN,7223
1983425,24,43,1484,2011,0.0,13066.0,0.04085,-0.873711,BHR,CHN,7223
1983426,26,43,1484,2011,0.0,9310.0,0.391425,0.6066600000000001,BIH,CHN,7223
1983427,28,43,1484,2011,0.0,151885.0,0.8786729999999999,0.442097,BLR,CHN,7223
1983428,31,43,1484,2011,0.0,5632.0,-0.818593,-0.8701770000000001,BOL,CHN,7223
1983429,32,43,1484,2011,4196.0,2922724.0,0.27718400000000004,0.5674319999999999,BRA,CHN,7223
1983430,33,43,1484,2011,0.0,9914.0,0.445982,0.204672,BRB,CHN,7223
1983431,34,43,1484,2011,0.0,15863.0,-0.171775,-0.6656810000000001,BRN,CHN,7223
1983432,37,43,1484,2011,0.0,732778.0,-0.48782600000000004,-1.051639,BWA,CHN,7223
1983433,39,43,1484,2011,10297.0,864702.0,0.754813,1.1967290000000002,CAN,CHN,7223
1983434,41,43,1484,2011,354447.0,21992.0,2.2644029999999997,0.406131,CHE,CHN,7223
1983435,42,43,1484,2011,0.0,589912.0,-0.199877,-0.353009,CHL,CHN,7223
1983436,45,43,1484,2011,0.0,3175.0,-0.7956340000000001,-0.8532790000000001,CMR,CHN,7223
1983437,46,43,1484,2011,0.0,22651.0,-0.722957,-0.965141,COD,CHN,7223
1983438,47,43,1484,2011,0.0,7970.0,-0.979359,-1.084589,COG,CHN,7223
1983439,49,43,1484,2011,0.0,428846.0,0.14336600000000002,-0.22996,COL,CHN,7223
1983440,50,43,1484,2011,0.0,1632.0,0.449788,-0.533709,COM,CHN,7223
1983441,51,43,1484,2011,0.0,17593.0,0.006139,-0.610237,CPV,CHN,7223
1983442,52,43,1484,2011,0.0,55424.0,0.04325,-0.553193,CRI,CHN,7223
1983443,54,43,1484,2011,0.0,5977.0,-0.050093,-0.88759,CUB,CHN,7223
1983444,58,43,1484,2011,0.0,1460.0,0.798165,0.424179,CYP,CHN,7223
1983445,59,43,1484,2011,1149785.0,53911.0,1.737788,0.14741600000000002,CZE,CHN,7223
1983446,61,43,1484,2011,7851400.0,10130929.0,2.074435,-3.440815,DEU,CHN,7223
1983447,62,43,1484,2011,0.0,23998.0,-0.6224529999999999,-0.7357739999999999,DJI,CHN,7223
1983448,64,43,1484,2011,908.0,320209.0,1.156026,1.2248299999999999,DNK,CHN,7223
1983449,65,43,1484,2011,0.0,4275.0,-0.260653,0.5682010000000001,DOM,CHN,7223
1983450,66,43,1484,2011,0.0,105031.0,-1.36763,-1.140594,DZA,CHN,7223
1983451,67,43,1484,2011,0.0,19823.0,-0.8250639999999999,-0.839082,ECU,CHN,7223
1983452,68,43,1484,2011,0.0,286226.0,-0.166243,1.384719,EGY,CHN,7223
1983453,71,43,1484,2011,27026.0,1353790.0,0.8677290000000001,2.4618450000000003,ESP,CHN,7223
1983454,72,43,1484,2011,0.0,415574.0,0.9806790000000001,1.110449,EST,CHN,7223
1983455,73,43,1484,2011,0.0,26177.0,-1.258175,-0.920692,ETH,CHN,7223
1983456,74,43,1484,2011,22400.0,512314.0,1.7488830000000002,0.890934,FIN,CHN,7223
1983457,75,43,1484,2011,0.0,5264.0,-0.434356,-0.010863,FJI,CHN,7223
1983458,77,43,1484,2011,2215245.0,2926100.0,1.532054,0.09339299999999999,FRA,CHN,7223
1983459,81,43,1484,2011,531330.0,5285892.0,1.8048220000000001,0.380141,GBR,CHN,7223
1983460,82,43,1484,2011,0.0,255882.0,-0.07754,-0.35434699999999997,GEO,CHN,7223
1983461,83,43,1484,2011,0.0,138423.0,-0.8627319999999999,-0.608823,GHA,CHN,7223
1983462,87,43,1484,2011,0.0,5311.0,-0.621556,-0.64336,GMB,CHN,7223
1983463,88,43,1484,2011,0.0,40835.0,-0.839621,-0.6918850000000001,GNB,CHN,7223
1983464,90,43,1484,2011,0.0,147042.0,0.138679,1.30044,GRC,CHN,7223
1983465,93,43,1484,2011,0.0,7850.0,-0.329497,0.775369,GTM,CHN,7223
1983466,97,43,1484,2011,831125.0,16875094.0,0.663588,1.902118,HKG,CHN,7223
1983467,99,43,1484,2011,0.0,12541.0,-0.740241,-0.311952,HND,CHN,7223
1983468,100,43,1484,2011,0.0,21306.0,0.868294,0.9424299999999999,HRV,CHN,7223
1983469,102,43,1484,2011,0.0,13976.0,1.486592,0.805642,HUN,CHN,7223
1983470,103,43,1484,2011,51344.0,8949508.0,-0.234125,1.168384,IDN,CHN,7223
1983471,104,43,1484,2011,1648832.0,2873452.0,0.18276199999999998,2.398765,IND,CHN,7223
1983472,106,43,1484,2011,338784.0,14750.0,1.403182,0.290245,IRL,CHN,7223
1983473,107,43,1484,2011,0.0,950229.0,-0.915379,-0.973194,IRN,CHN,7223
1983474,108,43,1484,2011,0.0,1816.0,-2.175137,-0.726975,IRQ,CHN,7223
1983475,110,43,1484,2011,0.0,1434857.0,1.324384,0.714611,ISR,CHN,7223
1983476,111,43,1484,2011,1081524.0,8815254.0,1.298751,0.48013599999999995,ITA,CHN,7223
1983477,112,43,1484,2011,0.0,71955.0,-0.162212,-0.621817,JAM,CHN,7223
1983478,113,43,1484,2011,0.0,15138.0,0.231605,0.47049399999999997,JOR,CHN,7223
1983479,114,43,1484,2011,50844292.0,47433824.0,2.516395,-0.534301,JPN,CHN,7223
1983480,115,43,1484,2011,0.0,1494868.0,-0.514687,-0.775671,KAZ,CHN,7223
1983481,116,43,1484,2011,0.0,27021.0,-0.48319300000000004,0.346927,KEN,CHN,7223
1983482,117,43,1484,2011,0.0,8500.0,-0.323348,0.164469,KGZ,CHN,7223
1983483,118,43,1484,2011,0.0,18083.0,-1.162858,-1.103539,KHM,CHN,7223
1983484,121,43,1484,2011,32450662.0,25112966.0,1.731371,0.8306879999999999,KOR,CHN,7223
1983485,122,43,1484,2011,0.0,3490.0,-0.898582,-1.09893,KWT,CHN,7223
1983486,123,43,1484,2011,0.0,83683.0,-1.135039,-0.929759,LAO,CHN,7223
1983487,128,43,1484,2011,0.0,46717.0,-0.559311,0.398905,LKA,CHN,7223
1983488,130,43,1484,2011,0.0,160248.0,0.747963,0.9759530000000001,LTU,CHN,7223
1983489,131,43,1484,2011,0.0,4850.0,1.1655739999999999,1.222379,LUX,CHN,7223
1983490,132,43,1484,2011,0.0,3688754.0,0.7320939999999999,1.101321,LVA,CHN,7223
1983491,133,43,1484,2011,0.0,10269.0,0.511015,0.560905,MAC,CHN,7223
1983492,134,43,1484,2011,0.0,15394.0,-0.485404,0.099828,MAR,CHN,7223
1983493,135,43,1484,2011,0.0,16049.0,-0.225556,0.28622,MDA,CHN,7223
1983494,136,43,1484,2011,0.0,13039.0,-1.040519,-0.404883,MDG,CHN,7223
1983495,137,43,1484,2011,0.0,22307.0,-0.937469,-0.87897,MDV,CHN,7223
1983496,138,43,1484,2011,76718.0,2026643.0,0.9534600000000001,0.706982,MEX,CHN,7223
1983497,142,43,1484,2011,0.0,13920.0,1.3001340000000001,0.22605799999999998,MLT,CHN,7223
1983498,143,43,1484,2011,0.0,2500.0,-1.3557190000000001,-0.929934,MMR,CHN,7223
1983499,145,43,1484,2011,0.0,13449.0,-1.0869389999999999,-1.107693,MNG,CHN,7223
1983500,151,43,1484,2011,0.0,3633.0,-0.09464600000000001,0.091177,MUS,CHN,7223
1983501,152,43,1484,2011,0.0,9759.0,-1.100291,-0.982559,MWI,CHN,7223
1983502,153,43,1484,2011,268874.0,4538136.0,0.9893290000000001,0.632079,MYS,CHN,7223
1983503,155,43,1484,2011,0.0,22925.0,-0.42998400000000003,-0.632233,NAM,CHN,7223
1983504,156,43,1484,2011,0.0,881.0,-0.976349,-0.798691,NCL,CHN,7223
1983505,157,43,1484,2011,0.0,4906.0,-0.85208,-0.731996,NER,CHN,7223
1983506,159,43,1484,2011,0.0,35664.0,-1.699286,-1.15511,NGA,CHN,7223
1983507,162,43,1484,2011,107722.0,13708496.0,1.1655229999999999,1.410167,NLD,CHN,7223
1983508,163,43,1484,2011,47429.0,0.0,0.8492770000000001,0.050044,NOR,CHN,7223
1983509,164,43,1484,2011,0.0,2432.0,-0.242299,0.801966,NPL,CHN,7223
1983510,166,43,1484,2011,0.0,124616.0,0.372732,0.548601,NZL,CHN,7223
1983511,167,43,1484,2011,0.0,4752.0,-0.473703,-0.952491,OMN,CHN,7223
1983512,168,43,1484,2011,0.0,394285.0,-0.729677,0.6026729999999999,PAK,CHN,7223
1983513,169,43,1484,2011,0.0,59098.0,0.786135,1.061008,PAN,CHN,7223
1983514,173,43,1484,2011,0.0,139412.0,-0.455977,0.442543,PER,CHN,7223
1983515,174,43,1484,2011,0.0,1170401.0,0.364707,0.322626,PHL,CHN,7223
1983516,176,43,1484,2011,0.0,118192.0,-1.1111659999999999,-0.9458610000000001,PNG,CHN,7223
1983517,177,43,1484,2011,0.0,168863.0,1.133641,1.134203,POL,CHN,7223
1983518,178,43,1484,2011,0.0,60230.0,-0.024317,-0.154781,PRK,CHN,7223
1983519,179,43,1484,2011,0.0,349754.0,0.558481,2.7056240000000003,PRT,CHN,7223
1983520,180,43,1484,2011,0.0,6839.0,-0.548759,-0.877743,PRY,CHN,7223
1983521,182,43,1484,2011,0.0,1538.0,0.37798000000000004,-0.460049,PYF,CHN,7223
1983522,183,43,1484,2011,0.0,5654.0,-0.45851899999999995,-1.017033,QAT,CHN,7223
1983523,185,43,1484,2011,0.0,65023.0,0.722,1.296655,ROU,CHN,7223
1983524,186,43,1484,2011,194817.0,5471402.0,0.47319399999999995,-0.20801599999999998,RUS,CHN,7223
1983525,187,43,1484,2011,0.0,4467.0,-0.684475,-0.690734,RWA,CHN,7223
1983526,188,43,1484,2011,0.0,128941.0,0.354045,-0.800028,SAU,CHN,7223
1983527,190,43,1484,2011,0.0,1174.0,-2.1675869999999997,-1.249272,SDN,CHN,7223
1983528,191,43,1484,2011,0.0,66239.0,-0.624346,-0.308052,SEN,CHN,7223
1983529,192,43,1484,2011,310577.0,4718154.0,1.849116,0.52127,SGP,CHN,7223
1983530,195,43,1484,2011,0.0,47694.0,-1.401353,-0.931205,SLB,CHN,7223
1983531,197,43,1484,2011,0.0,6522.0,-0.09713200000000001,0.20772600000000002,SLV,CHN,7223
1983532,201,43,1484,2011,0.0,83490.0,0.49055699999999997,1.5601399999999999,SRB,CHN,7223
1983533,206,43,1484,2011,0.0,26313.0,1.262897,0.8230569999999999,SVK,CHN,7223
1983534,207,43,1484,2011,0.0,89347.0,1.642913,0.700222,SVN,CHN,7223
1983535,208,43,1484,2011,5759291.0,1100614.0,1.857146,0.366159,SWE,CHN,7223
1983536,211,43,1484,2011,0.0,14695.0,0.287017,-0.5136850000000001,SYC,CHN,7223
1983537,212,43,1484,2011,0.0,167933.0,-0.604133,0.5268970000000001,SYR,CHN,7223
1983538,215,43,1484,2011,0.0,29110.0,-0.9156030000000001,-0.884099,TGO,CHN,7223
1983539,216,43,1484,2011,667834.0,14270219.0,0.889009,1.503118,THA,CHN,7223
1983540,217,43,1484,2011,0.0,5000.0,-0.975877,-1.021684,TJK,CHN,7223
1983541,221,43,1484,2011,0.0,1241.0,-0.14256,-0.589116,TON,CHN,7223
1983542,223,43,1484,2011,0.0,20252.0,0.151221,1.1252360000000001,TUN,CHN,7223
1983543,224,43,1484,2011,53819.0,10242444.0,0.45775,2.4316259999999996,TUR,CHN,7223
1983544,226,43,1484,2011,0.0,10168.0,-0.751316,0.286505,TZA,CHN,7223
1983545,227,43,1484,2011,0.0,2284.0,-0.7153,-0.062678,UGA,CHN,7223
1983546,228,43,1484,2011,9218.0,1857823.0,0.6221409999999999,0.765505,UKR,CHN,7223
1983547,230,43,1484,2011,0.0,5793.0,0.313195,0.042866,URY,CHN,7223
1983548,231,43,1484,2011,3405486.0,26047436.0,1.6884849999999998,-0.474499,USA,CHN,7223
1983549,232,43,1484,2011,0.0,62223.0,-0.785878,-0.663918,UZB,CHN,7223
1983550,236,43,1484,2011,0.0,42771.0,-0.841147,-1.095636,VEN,CHN,7223
1983551,239,43,1484,2011,10726.0,7351028.0,-0.184453,1.637207,VNM,CHN,7223
1983552,240,43,1484,2011,0.0,12978.0,-1.324335,-0.9620629999999999,VUT,CHN,7223
1983553,242,43,1484,2011,0.0,33397.0,0.9658110000000001,0.30804699999999996,WSM,CHN,7223
1983554,243,43,1484,2011,0.0,4916.0,-1.44127,-1.242875,YEM,CHN,7223
1983555,246,43,1484,2011,2674.0,1938306.0,0.241792,1.353011,ZAF,CHN,7223
1983556,247,43,1484,2011,0.0,237424.0,-0.7599,-0.941019,ZMB,CHN,7223
1983557,248,43,1484,2011,0.0,2022.0,-0.858662,-0.8632719999999999,ZWE,CHN,7223
1983558,249,43,1484,2011,15555899.0,3110493.0,1.803234,0.921233,TWN,CHN,7223
1983559,32,49,1484,2011,176520.0,0.0,0.27718400000000004,0.5674319999999999,BRA,COL,7223
1983560,39,49,1484,2011,4180.0,0.0,0.754813,1.1967290000000002,CAN,COL,7223
1983561,41,49,1484,2011,12841.0,0.0,2.2644029999999997,0.406131,CHE,COL,7223
1983562,43,49,1484,2011,428846.0,0.0,1.072299,1.686826,CHN,COL,7223
1983563,59,49,1484,2011,24095.0,0.0,1.737788,0.14741600000000002,CZE,COL,7223
1983564,61,49,1484,2011,79074.0,0.0,2.074435,-3.440815,DEU,COL,7223
1983565,71,49,1484,2011,3206.0,0.0,0.8677290000000001,2.4618450000000003,ESP,COL,7223
1983566,77,49,1484,2011,79433.0,0.0,1.532054,0.09339299999999999,FRA,COL,7223
1983567,81,49,1484,2011,39732.0,0.0,1.8048220000000001,0.380141,GBR,COL,7223
1983568,97,49,1484,2011,954.0,0.0,0.663588,1.902118,HKG,COL,7223
1983569,104,49,1484,2011,1381454.0,0.0,0.18276199999999998,2.398765,IND,COL,7223
1983570,111,49,1484,2011,0.0,2442.0,1.298751,0.48013599999999995,ITA,COL,7223
1983571,121,49,1484,2011,210016.0,0.0,1.731371,0.8306879999999999,KOR,COL,7223
1983572,138,49,1484,2011,140559.0,0.0,0.9534600000000001,0.706982,MEX,COL,7223
1983573,162,49,1484,2011,13446.0,0.0,1.1655229999999999,1.410167,NLD,COL,7223
1983574,169,49,1484,2011,41960.0,0.0,0.786135,1.061008,PAN,COL,7223
1983575,208,49,1484,2011,88918.0,0.0,1.857146,0.366159,SWE,COL,7223
1983576,216,49,1484,2011,57424.0,0.0,0.889009,1.503118,THA,COL,7223
1983577,231,49,1484,2011,612346.0,0.0,1.6884849999999998,-0.474499,USA,COL,7223
1983578,236,49,1484,2011,0.0,4130.0,-0.841147,-1.095636,VEN,COL,7223
1983579,239,49,1484,2011,2772.0,0.0,-0.184453,1.637207,VNM,COL,7223
1983580,249,49,1484,2011,47250.0,0.0,1.803234,0.921233,TWN,COL,7223
1983581,41,52,1484,2011,33961.0,0.0,2.2644029999999997,0.406131,CHE,CRI,7223
1983582,43,52,1484,2011,55424.0,0.0,1.072299,1.686826,CHN,CRI,7223
1983583,61,52,1484,2011,8381.0,0.0,2.074435,-3.440815,DEU,CRI,7223
1983584,65,52,1484,2011,61897.0,0.0,-0.260653,0.5682010000000001,DOM,CRI,7223
1983585,77,52,1484,2011,928.0,0.0,1.532054,0.09339299999999999,FRA,CRI,7223
1983586,99,52,1484,2011,2384.0,0.0,-0.740241,-0.311952,HND,CRI,7223
1983587,106,52,1484,2011,923.0,1669332.0,1.403182,0.290245,IRL,CRI,7223
1983588,114,52,1484,2011,2581.0,2952.0,2.516395,-0.534301,JPN,CRI,7223
1983589,138,52,1484,2011,2746608.0,0.0,0.9534600000000001,0.706982,MEX,CRI,7223
1983590,169,52,1484,2011,6490.0,42276.0,0.786135,1.061008,PAN,CRI,7223
1983591,197,52,1484,2011,0.0,2190.0,-0.09713200000000001,0.20772600000000002,SLV,CRI,7223
1983592,208,52,1484,2011,14743.0,0.0,1.857146,0.366159,SWE,CRI,7223
1983593,231,52,1484,2011,4235782.0,897748.0,1.6884849999999998,-0.474499,USA,CRI,7223
1983594,250,52,1484,2011,39066.0,0.0,0.475638,-0.160135,ANS,CRI,7223
1983595,13,55,1484,2011,0.0,7288.0,0.257238,-0.275891,ATG,CUW,7223
1983596,32,55,1484,2011,0.0,28905.0,0.27718400000000004,0.5674319999999999,BRA,CUW,7223
1983597,104,55,1484,2011,0.0,11403.0,0.18276199999999998,2.398765,IND,CUW,7223
1983598,231,55,1484,2011,22548.0,0.0,1.6884849999999998,-0.474499,USA,CUW,7223
1983599,4,59,1484,2011,0.0,21949.0,-0.331435,-0.034828,ALB,CZE,7223
1983600,7,59,1484,2011,0.0,316786.0,0.030652,-0.450808,ARE,CZE,7223
1983601,14,59,1484,2011,4826.0,295263.0,-0.138148,0.002999,AUS,CZE,7223
1983602,15,59,1484,2011,357058.0,880406.0,1.687634,-0.229095,AUT,CZE,7223
1983603,16,59,1484,2011,0.0,10317.0,-1.313136,-1.189989,AZE,CZE,7223
1983604,18,59,1484,2011,1355479.0,4409237.0,1.221703,1.247961,BEL,CZE,7223
1983605,23,59,1484,2011,0.0,155187.0,0.537967,1.520973,BGR,CZE,7223
1983606,26,59,1484,2011,0.0,106135.0,0.391425,0.6066600000000001,BIH,CZE,7223
1983607,28,59,1484,2011,0.0,14720.0,0.8786729999999999,0.442097,BLR,CZE,7223
1983608,32,59,1484,2011,0.0,103397.0,0.27718400000000004,0.5674319999999999,BRA,CZE,7223
1983609,39,59,1484,2011,0.0,1011442.0,0.754813,1.1967290000000002,CAN,CZE,7223
1983610,41,59,1484,2011,1181708.0,17642.0,2.2644029999999997,0.406131,CHE,CZE,7223
1983611,42,59,1484,2011,0.0,2231.0,-0.199877,-0.353009,CHL,CZE,7223
1983612,43,59,1484,2011,53911.0,1149785.0,1.072299,1.686826,CHN,CZE,7223
1983613,49,59,1484,2011,0.0,24095.0,0.14336600000000002,-0.22996,COL,CZE,7223
1983614,54,59,1484,2011,0.0,3415.0,-0.050093,-0.88759,CUB,CZE,7223
1983615,61,59,1484,2011,5881014.0,15484556.0,2.074435,-3.440815,DEU,CZE,7223
1983616,64,59,1484,2011,6698.0,250918.0,1.156026,1.2248299999999999,DNK,CZE,7223
1983617,67,59,1484,2011,1046.0,0.0,-0.8250639999999999,-0.839082,ECU,CZE,7223
1983618,68,59,1484,2011,0.0,8848.0,-0.166243,1.384719,EGY,CZE,7223
1983619,71,59,1484,2011,249587.0,187814.0,0.8677290000000001,2.4618450000000003,ESP,CZE,7223
1983620,72,59,1484,2011,0.0,53937.0,0.9806790000000001,1.110449,EST,CZE,7223
1983621,74,59,1484,2011,0.0,736730.0,1.7488830000000002,0.890934,FIN,CZE,7223
1983622,77,59,1484,2011,2378153.0,2747512.0,1.532054,0.09339299999999999,FRA,CZE,7223
1983623,81,59,1484,2011,435250.0,2821566.0,1.8048220000000001,0.380141,GBR,CZE,7223
1983624,90,59,1484,2011,0.0,1822.0,0.138679,1.30044,GRC,CZE,7223
1983625,100,59,1484,2011,0.0,1642.0,0.868294,0.9424299999999999,HRV,CZE,7223
1983626,102,59,1484,2011,15058.0,117108.0,1.486592,0.805642,HUN,CZE,7223
1983627,104,59,1484,2011,337373.0,103609.0,0.18276199999999998,2.398765,IND,CZE,7223
1983628,106,59,1484,2011,724695.0,176014.0,1.403182,0.290245,IRL,CZE,7223
1983629,109,59,1484,2011,0.0,3735.0,0.284202,-0.23753000000000002,ISL,CZE,7223
1983630,110,59,1484,2011,1294.0,2947.0,1.324384,0.714611,ISR,CZE,7223
1983631,111,59,1484,2011,1886087.0,8139168.0,1.298751,0.48013599999999995,ITA,CZE,7223
1983632,114,59,1484,2011,525969.0,358920.0,2.516395,-0.534301,JPN,CZE,7223
1983633,115,59,1484,2011,0.0,95702.0,-0.514687,-0.775671,KAZ,CZE,7223
1983634,121,59,1484,2011,1181705.0,1145233.0,1.731371,0.8306879999999999,KOR,CZE,7223
1983635,130,59,1484,2011,0.0,102252.0,0.747963,0.9759530000000001,LTU,CZE,7223
1983636,131,59,1484,2011,72800.0,30987.0,1.1655739999999999,1.222379,LUX,CZE,7223
1983637,132,59,1484,2011,0.0,1270.0,0.7320939999999999,1.101321,LVA,CZE,7223
1983638,134,59,1484,2011,0.0,6111.0,-0.485404,0.099828,MAR,CZE,7223
1983639,135,59,1484,2011,13520.0,0.0,-0.225556,0.28622,MDA,CZE,7223
1983640,138,59,1484,2011,22510.0,164825.0,0.9534600000000001,0.706982,MEX,CZE,7223
1983641,145,59,1484,2011,0.0,8443.0,-1.0869389999999999,-1.107693,MNG,CZE,7223
1983642,162,59,1484,2011,3008740.0,501842.0,1.1655229999999999,1.410167,NLD,CZE,7223
1983643,163,59,1484,2011,0.0,98818.0,0.8492770000000001,0.050044,NOR,CZE,7223
1983644,177,59,1484,2011,831342.0,4146753.0,1.133641,1.134203,POL,CZE,7223
1983645,179,59,1484,2011,250752.0,174225.0,0.558481,2.7056240000000003,PRT,CZE,7223
1983646,185,59,1484,2011,0.0,219419.0,0.722,1.296655,ROU,CZE,7223
1983647,186,59,1484,2011,301157.0,2246601.0,0.47319399999999995,-0.20801599999999998,RUS,CZE,7223
1983648,188,59,1484,2011,0.0,188174.0,0.354045,-0.800028,SAU,CZE,7223
1983649,192,59,1484,2011,0.0,293769.0,1.849116,0.52127,SGP,CZE,7223
1983650,201,59,1484,2011,0.0,6056.0,0.49055699999999997,1.5601399999999999,SRB,CZE,7223
1983651,206,59,1484,2011,140245.0,1665445.0,1.262897,0.8230569999999999,SVK,CZE,7223
1983652,207,59,1484,2011,14216.0,290531.0,1.642913,0.700222,SVN,CZE,7223
1983653,208,59,1484,2011,1935139.0,11730563.0,1.857146,0.366159,SWE,CZE,7223
1983654,212,59,1484,2011,0.0,2528.0,-0.604133,0.5268970000000001,SYR,CZE,7223
1983655,216,59,1484,2011,0.0,321907.0,0.889009,1.503118,THA,CZE,7223
1983656,223,59,1484,2011,0.0,7749.0,0.151221,1.1252360000000001,TUN,CZE,7223
1983657,224,59,1484,2011,46428.0,1073735.0,0.45775,2.4316259999999996,TUR,CZE,7223
1983658,228,59,1484,2011,0.0,332703.0,0.6221409999999999,0.765505,UKR,CZE,7223
1983659,231,59,1484,2011,436422.0,231707.0,1.6884849999999998,-0.474499,USA,CZE,7223
1983660,239,59,1484,2011,0.0,3962.0,-0.184453,1.637207,VNM,CZE,7223
1983661,246,59,1484,2011,5294.0,5090329.0,0.241792,1.353011,ZAF,CZE,7223
1983662,249,59,1484,2011,150280.0,0.0,1.803234,0.921233,TWN,CZE,7223
1983663,250,59,1484,2011,22799.0,0.0,0.475638,-0.160135,ANS,CZE,7223
1983664,4,61,1484,2011,0.0,15045.0,-0.331435,-0.034828,ALB,DEU,7223
1983665,7,61,1484,2011,223577.0,571594.0,0.030652,-0.450808,ARE,DEU,7223
1983666,8,61,1484,2011,0.0,154016.0,0.240494,0.540376,ARG,DEU,7223
1983667,14,61,1484,2011,0.0,426226.0,-0.138148,0.002999,AUS,DEU,7223
1983668,15,61,1484,2011,2075716.0,9317038.0,1.687634,-0.229095,AUT,DEU,7223
1983669,18,61,1484,2011,22078842.0,7204733.0,1.221703,1.247961,BEL,DEU,7223
1983670,22,61,1484,2011,0.0,208915.0,-1.074416,-0.8276370000000001,BGD,DEU,7223
1983671,23,61,1484,2011,0.0,222704.0,0.537967,1.520973,BGR,DEU,7223
1983672,24,61,1484,2011,0.0,10056.0,0.04085,-0.873711,BHR,DEU,7223
1983673,26,61,1484,2011,0.0,10099.0,0.391425,0.6066600000000001,BIH,DEU,7223
1983674,28,61,1484,2011,0.0,10524.0,0.8786729999999999,0.442097,BLR,DEU,7223
1983675,31,61,1484,2011,0.0,22211.0,-0.818593,-0.8701770000000001,BOL,DEU,7223
1983676,32,61,1484,2011,0.0,646920.0,0.27718400000000004,0.5674319999999999,BRA,DEU,7223
1983677,34,61,1484,2011,0.0,21711.0,-0.171775,-0.6656810000000001,BRN,DEU,7223
1983678,39,61,1484,2011,16712.0,5734212.0,0.754813,1.1967290000000002,CAN,DEU,7223
1983679,41,61,1484,2011,15546923.0,23281434.0,2.2644029999999997,0.406131,CHE,DEU,7223
1983680,42,61,1484,2011,0.0,163152.0,-0.199877,-0.353009,CHL,DEU,7223
1983681,43,61,1484,2011,10130929.0,7851400.0,1.072299,1.686826,CHN,DEU,7223
1983682,49,61,1484,2011,0.0,79074.0,0.14336600000000002,-0.22996,COL,DEU,7223
1983683,51,61,1484,2011,28.0,0.0,0.006139,-0.610237,CPV,DEU,7223
1983684,52,61,1484,2011,0.0,8381.0,0.04325,-0.553193,CRI,DEU,7223
1983685,54,61,1484,2011,0.0,13777.0,-0.050093,-0.88759,CUB,DEU,7223
1983686,58,61,1484,2011,0.0,1087.0,0.798165,0.424179,CYP,DEU,7223
1983687,59,61,1484,2011,15484556.0,5881014.0,1.737788,0.14741600000000002,CZE,DEU,7223
1983688,64,61,1484,2011,4965321.0,2698988.0,1.156026,1.2248299999999999,DNK,DEU,7223
1983689,65,61,1484,2011,0.0,16352.0,-0.260653,0.5682010000000001,DOM,DEU,7223
1983690,66,61,1484,2011,0.0,12231.0,-1.36763,-1.140594,DZA,DEU,7223
1983691,67,61,1484,2011,0.0,100007.0,-0.8250639999999999,-0.839082,ECU,DEU,7223
1983692,68,61,1484,2011,0.0,291086.0,-0.166243,1.384719,EGY,DEU,7223
1983693,71,61,1484,2011,11330269.0,4777514.0,0.8677290000000001,2.4618450000000003,ESP,DEU,7223
1983694,72,61,1484,2011,233203.0,319750.0,0.9806790000000001,1.110449,EST,DEU,7223
1983695,73,61,1484,2011,0.0,10264.0,-1.258175,-0.920692,ETH,DEU,7223
1983696,74,61,1484,2011,0.0,1995206.0,1.7488830000000002,0.890934,FIN,DEU,7223
1983697,77,61,1484,2011,53837528.0,11110760.0,1.532054,0.09339299999999999,FRA,DEU,7223
1983698,81,61,1484,2011,7604553.0,14208668.0,1.8048220000000001,0.380141,GBR,DEU,7223
1983699,82,61,1484,2011,0.0,2166.0,-0.07754,-0.35434699999999997,GEO,DEU,7223
1983700,90,61,1484,2011,0.0,200025.0,0.138679,1.30044,GRC,DEU,7223
1983701,93,61,1484,2011,0.0,13252.0,-0.329497,0.775369,GTM,DEU,7223
1983702,97,61,1484,2011,23504.0,1967527.0,0.663588,1.902118,HKG,DEU,7223
1983703,99,61,1484,2011,0.0,7930.0,-0.740241,-0.311952,HND,DEU,7223
1983704,100,61,1484,2011,0.0,155573.0,0.868294,0.9424299999999999,HRV,DEU,7223
1983705,102,61,1484,2011,82045.0,2835430.0,1.486592,0.805642,HUN,DEU,7223
1983706,103,61,1484,2011,0.0,328659.0,-0.234125,1.168384,IDN,DEU,7223
1983707,104,61,1484,2011,41570412.0,1925819.0,0.18276199999999998,2.398765,IND,DEU,7223
1983708,106,61,1484,2011,389233.0,1498456.0,1.403182,0.290245,IRL,DEU,7223
1983709,107,61,1484,2011,0.0,332496.0,-0.915379,-0.973194,IRN,DEU,7223
1983710,109,61,1484,2011,0.0,33292.0,0.284202,-0.23753000000000002,ISL,DEU,7223
1983711,110,61,1484,2011,0.0,59707.0,1.324384,0.714611,ISR,DEU,7223
1983712,111,61,1484,2011,34610376.0,8305583.0,1.298751,0.48013599999999995,ITA,DEU,7223
1983713,113,61,1484,2011,0.0,7256.0,0.231605,0.47049399999999997,JOR,DEU,7223
1983714,114,61,1484,2011,9683688.0,6515122.0,2.516395,-0.534301,JPN,DEU,7223
1983715,115,61,1484,2011,0.0,31164.0,-0.514687,-0.775671,KAZ,DEU,7223
1983716,116,61,1484,2011,0.0,9510.0,-0.48319300000000004,0.346927,KEN,DEU,7223
1983717,121,61,1484,2011,20542164.0,993201.0,1.731371,0.8306879999999999,KOR,DEU,7223
1983718,122,61,1484,2011,0.0,7744.0,-0.898582,-1.09893,KWT,DEU,7223
1983719,124,61,1484,2011,0.0,1683.0,0.278393,1.2962879999999999,LBN,DEU,7223
1983720,125,61,1484,2011,0.0,10805.0,-0.318463,-0.9367489999999999,LBR,DEU,7223
1983721,130,61,1484,2011,0.0,42115.0,0.747963,0.9759530000000001,LTU,DEU,7223
1983722,131,61,1484,2011,13817311.0,2241008.0,1.1655739999999999,1.222379,LUX,DEU,7223
1983723,132,61,1484,2011,0.0,683992.0,0.7320939999999999,1.101321,LVA,DEU,7223
1983724,134,61,1484,2011,0.0,74483.0,-0.485404,0.099828,MAR,DEU,7223
1983725,135,61,1484,2011,0.0,1242.0,-0.225556,0.28622,MDA,DEU,7223
1983726,136,61,1484,2011,0.0,835.0,-1.040519,-0.404883,MDG,DEU,7223
1983727,138,61,1484,2011,295809.0,705744.0,0.9534600000000001,0.706982,MEX,DEU,7223
1983728,140,61,1484,2011,0.0,15176.0,-0.12310499999999999,0.16392,MKD,DEU,7223
1983729,142,61,1484,2011,0.0,59634.0,1.3001340000000001,0.22605799999999998,MLT,DEU,7223
1983730,144,61,1484,2011,0.0,891.0,0.149559,0.024935,MNE,DEU,7223
1983731,151,61,1484,2011,0.0,2790.0,-0.09464600000000001,0.091177,MUS,DEU,7223
1983732,153,61,1484,2011,23452.0,277471.0,0.9893290000000001,0.632079,MYS,DEU,7223
1983733,159,61,1484,2011,0.0,44501.0,-1.699286,-1.15511,NGA,DEU,7223
1983734,160,61,1484,2011,0.0,931.0,-0.9592139999999999,-0.796108,NIC,DEU,7223
1983735,162,61,1484,2011,7681400.0,11034828.0,1.1655229999999999,1.410167,NLD,DEU,7223
1983736,163,61,1484,2011,0.0,274476.0,0.8492770000000001,0.050044,NOR,DEU,7223
1983737,166,61,1484,2011,0.0,79695.0,0.372732,0.548601,NZL,DEU,7223
1983738,167,61,1484,2011,0.0,131279.0,-0.473703,-0.952491,OMN,DEU,7223
1983739,168,61,1484,2011,0.0,88644.0,-0.729677,0.6026729999999999,PAK,DEU,7223
1983740,169,61,1484,2011,0.0,2786.0,0.786135,1.061008,PAN,DEU,7223
1983741,173,61,1484,2011,0.0,44108.0,-0.455977,0.442543,PER,DEU,7223
1983742,174,61,1484,2011,0.0,6660.0,0.364707,0.322626,PHL,DEU,7223
1983743,177,61,1484,2011,875733.0,7334560.0,1.133641,1.134203,POL,DEU,7223
1983744,179,61,1484,2011,12613.0,5488060.0,0.558481,2.7056240000000003,PRT,DEU,7223
1983745,180,61,1484,2011,0.0,5469.0,-0.548759,-0.877743,PRY,DEU,7223
1983746,183,61,1484,2011,0.0,56597.0,-0.45851899999999995,-1.017033,QAT,DEU,7223
1983747,185,61,1484,2011,0.0,1050086.0,0.722,1.296655,ROU,DEU,7223
1983748,186,61,1484,2011,0.0,939913.0,0.47319399999999995,-0.20801599999999998,RUS,DEU,7223
1983749,188,61,1484,2011,675074.0,125622.0,0.354045,-0.800028,SAU,DEU,7223
1983750,192,61,1484,2011,80233.0,91115.0,1.849116,0.52127,SGP,DEU,7223
1983751,197,61,1484,2011,0.0,26596.0,-0.09713200000000001,0.20772600000000002,SLV,DEU,7223
1983752,201,61,1484,2011,0.0,475142.0,0.49055699999999997,1.5601399999999999,SRB,DEU,7223
1983753,206,61,1484,2011,64324.0,5489547.0,1.262897,0.8230569999999999,SVK,DEU,7223
1983754,207,61,1484,2011,15940.0,351476.0,1.642913,0.700222,SVN,DEU,7223
1983755,208,61,1484,2011,45761584.0,4528900.0,1.857146,0.366159,SWE,DEU,7223
1983756,211,61,1484,2011,0.0,1002.0,0.287017,-0.5136850000000001,SYC,DEU,7223
1983757,212,61,1484,2011,0.0,15105.0,-0.604133,0.5268970000000001,SYR,DEU,7223
1983758,215,61,1484,2011,0.0,17235.0,-0.9156030000000001,-0.884099,TGO,DEU,7223
1983759,216,61,1484,2011,1031805.0,131722.0,0.889009,1.503118,THA,DEU,7223
1983760,223,61,1484,2011,0.0,92278.0,0.151221,1.1252360000000001,TUN,DEU,7223
1983761,224,61,1484,2011,0.0,2560546.0,0.45775,2.4316259999999996,TUR,DEU,7223
1983762,228,61,1484,2011,0.0,364038.0,0.6221409999999999,0.765505,UKR,DEU,7223
1983763,230,61,1484,2011,32200.0,18041.0,0.313195,0.042866,URY,DEU,7223
1983764,231,61,1484,2011,4798748.0,9528567.0,1.6884849999999998,-0.474499,USA,DEU,7223
1983765,236,61,1484,2011,0.0,28409.0,-0.841147,-1.095636,VEN,DEU,7223
1983766,239,61,1484,2011,180557.0,452273.0,-0.184453,1.637207,VNM,DEU,7223
1983767,246,61,1484,2011,0.0,948631.0,0.241792,1.353011,ZAF,DEU,7223
1983768,249,61,1484,2011,890268.0,2641151.0,1.803234,0.921233,TWN,DEU,7223
1983769,7,64,1484,2011,0.0,310153.0,0.030652,-0.450808,ARE,DNK,7223
1983770,14,64,1484,2011,0.0,239107.0,-0.138148,0.002999,AUS,DNK,7223
1983771,15,64,1484,2011,5619.0,9062.0,1.687634,-0.229095,AUT,DNK,7223
1983772,18,64,1484,2011,2010881.0,52395.0,1.221703,1.247961,BEL,DNK,7223
1983773,32,64,1484,2011,0.0,36997.0,0.27718400000000004,0.5674319999999999,BRA,DNK,7223
1983774,39,64,1484,2011,0.0,915.0,0.754813,1.1967290000000002,CAN,DNK,7223
1983775,41,64,1484,2011,72467.0,75688.0,2.2644029999999997,0.406131,CHE,DNK,7223
1983776,42,64,1484,2011,0.0,917.0,-0.199877,-0.353009,CHL,DNK,7223
1983777,43,64,1484,2011,320209.0,908.0,1.072299,1.686826,CHN,DNK,7223
1983778,59,64,1484,2011,250918.0,6698.0,1.737788,0.14741600000000002,CZE,DNK,7223
1983779,61,64,1484,2011,2698988.0,4965321.0,2.074435,-3.440815,DEU,DNK,7223
1983780,71,64,1484,2011,219859.0,11468.0,0.8677290000000001,2.4618450000000003,ESP,DNK,7223
1983781,72,64,1484,2011,2212.0,235219.0,0.9806790000000001,1.110449,EST,DNK,7223
1983782,74,64,1484,2011,3243.0,45109.0,1.7488830000000002,0.890934,FIN,DNK,7223
1983783,77,64,1484,2011,100877.0,2347.0,1.532054,0.09339299999999999,FRA,DNK,7223
1983784,81,64,1484,2011,875153.0,112649.0,1.8048220000000001,0.380141,GBR,DNK,7223
1983785,90,64,1484,2011,0.0,105278.0,0.138679,1.30044,GRC,DNK,7223
1983786,92,64,1484,2011,0.0,2002.0,-0.669044,-0.787142,GRL,DNK,7223
1983787,97,64,1484,2011,9030.0,0.0,0.663588,1.902118,HKG,DNK,7223
1983788,102,64,1484,2011,14411.0,7625.0,1.486592,0.805642,HUN,DNK,7223
1983789,104,64,1484,2011,4156776.0,38355.0,0.18276199999999998,2.398765,IND,DNK,7223
1983790,106,64,1484,2011,89314.0,5267.0,1.403182,0.290245,IRL,DNK,7223
1983791,109,64,1484,2011,0.0,2887.0,0.284202,-0.23753000000000002,ISL,DNK,7223
1983792,111,64,1484,2011,279622.0,990.0,1.298751,0.48013599999999995,ITA,DNK,7223
1983793,114,64,1484,2011,46886.0,25855.0,2.516395,-0.534301,JPN,DNK,7223
1983794,121,64,1484,2011,62570.0,2385.0,1.731371,0.8306879999999999,KOR,DNK,7223
1983795,124,64,1484,2011,0.0,3707.0,0.278393,1.2962879999999999,LBN,DNK,7223
1983796,130,64,1484,2011,0.0,3109.0,0.747963,0.9759530000000001,LTU,DNK,7223
1983797,131,64,1484,2011,5529.0,0.0,1.1655739999999999,1.222379,LUX,DNK,7223
1983798,132,64,1484,2011,0.0,15504.0,0.7320939999999999,1.101321,LVA,DNK,7223
1983799,153,64,1484,2011,0.0,6228.0,0.9893290000000001,0.632079,MYS,DNK,7223
1983800,162,64,1484,2011,3292303.0,522038.0,1.1655229999999999,1.410167,NLD,DNK,7223
1983801,163,64,1484,2011,7293.0,102358.0,0.8492770000000001,0.050044,NOR,DNK,7223
1983802,177,64,1484,2011,72339.0,555874.0,1.133641,1.134203,POL,DNK,7223
1983803,179,64,1484,2011,0.0,2955.0,0.558481,2.7056240000000003,PRT,DNK,7223
1983804,185,64,1484,2011,0.0,5227.0,0.722,1.296655,ROU,DNK,7223
1983805,186,64,1484,2011,0.0,3958.0,0.47319399999999995,-0.20801599999999998,RUS,DNK,7223
1983806,192,64,1484,2011,0.0,3169.0,1.849116,0.52127,SGP,DNK,7223
1983807,201,64,1484,2011,7314.0,2119.0,0.49055699999999997,1.5601399999999999,SRB,DNK,7223
1983808,206,64,1484,2011,0.0,34990.0,1.262897,0.8230569999999999,SVK,DNK,7223
1983809,207,64,1484,2011,0.0,7779.0,1.642913,0.700222,SVN,DNK,7223
1983810,208,64,1484,2011,3917295.0,1887711.0,1.857146,0.366159,SWE,DNK,7223
1983811,216,64,1484,2011,64580.0,1860.0,0.889009,1.503118,THA,DNK,7223
1983812,224,64,1484,2011,0.0,22320.0,0.45775,2.4316259999999996,TUR,DNK,7223
1983813,231,64,1484,2011,1430469.0,6835.0,1.6884849999999998,-0.474499,USA,DNK,7223
1983814,239,64,1484,2011,0.0,17723.0,-0.184453,1.637207,VNM,DNK,7223
1983815,246,64,1484,2011,0.0,1064.0,0.241792,1.353011,ZAF,DNK,7223
1983816,249,64,1484,2011,3523.0,32939.0,1.803234,0.921233,TWN,DNK,7223
1983817,15,65,1484,2011,21605.0,0.0,1.687634,-0.229095,AUT,DOM,7223
1983818,41,65,1484,2011,5429.0,0.0,2.2644029999999997,0.406131,CHE,DOM,7223
1983819,43,65,1484,2011,4275.0,0.0,1.072299,1.686826,CHN,DOM,7223
1983820,52,65,1484,2011,0.0,61897.0,0.04325,-0.553193,CRI,DOM,7223
1983821,61,65,1484,2011,16352.0,0.0,2.074435,-3.440815,DEU,DOM,7223
1983822,71,65,1484,2011,65206.0,0.0,0.8677290000000001,2.4618450000000003,ESP,DOM,7223
1983823,77,65,1484,2011,40698.0,0.0,1.532054,0.09339299999999999,FRA,DOM,7223
1983824,121,65,1484,2011,1825.0,0.0,1.731371,0.8306879999999999,KOR,DOM,7223
1983825,138,65,1484,2011,6407.0,0.0,0.9534600000000001,0.706982,MEX,DOM,7223
1983826,162,65,1484,2011,964.0,0.0,1.1655229999999999,1.410167,NLD,DOM,7223
1983827,169,65,1484,2011,9704.0,0.0,0.786135,1.061008,PAN,DOM,7223
1983828,216,65,1484,2011,1445.0,0.0,0.889009,1.503118,THA,DOM,7223
1983829,231,65,1484,2011,2539900.0,11743.0,1.6884849999999998,-0.474499,USA,DOM,7223
1983830,39,67,1484,2011,9820.0,0.0,0.754813,1.1967290000000002,CAN,ECU,7223
1983831,43,67,1484,2011,19823.0,0.0,1.072299,1.686826,CHN,ECU,7223
1983832,59,67,1484,2011,0.0,1046.0,1.737788,0.14741600000000002,CZE,ECU,7223
1983833,61,67,1484,2011,100007.0,0.0,2.074435,-3.440815,DEU,ECU,7223
1983834,66,67,1484,2011,0.0,2948.0,-1.36763,-1.140594,DZA,ECU,7223
1983835,71,67,1484,2011,13021.0,0.0,0.8677290000000001,2.4618450000000003,ESP,ECU,7223
1983836,93,67,1484,2011,32282.0,0.0,-0.329497,0.775369,GTM,ECU,7223
1983837,114,67,1484,2011,17002.0,0.0,2.516395,-0.534301,JPN,ECU,7223
1983838,121,67,1484,2011,25035.0,0.0,1.731371,0.8306879999999999,KOR,ECU,7223
1983839,138,67,1484,2011,1103.0,0.0,0.9534600000000001,0.706982,MEX,ECU,7223
1983840,168,67,1484,2011,1429.0,0.0,-0.729677,0.6026729999999999,PAK,ECU,7223
1983841,173,67,1484,2011,999.0,0.0,-0.455977,0.442543,PER,ECU,7223
1983842,231,67,1484,2011,155467.0,2100.0,1.6884849999999998,-0.474499,USA,ECU,7223
1983843,249,67,1484,2011,20732.0,0.0,1.803234,0.921233,TWN,ECU,7223
1983844,250,67,1484,2011,0.0,1272.0,0.475638,-0.160135,ANS,ECU,7223
1983845,2,71,1484,2011,0.0,20158.0,-1.252991,-1.132314,AGO,ESP,7223
1983846,5,71,1484,2011,0.0,2989.0,0.787289,0.484512,AND,ESP,7223
1983847,8,71,1484,2011,0.0,7181.0,0.240494,0.540376,ARG,ESP,7223
1983848,15,71,1484,2011,25463.0,349395.0,1.687634,-0.229095,AUT,ESP,7223
1983849,18,71,1484,2011,690288.0,2500534.0,1.221703,1.247961,BEL,ESP,7223
1983850,23,71,1484,2011,124689.0,19604.0,0.537967,1.520973,BGR,ESP,7223
1983851,28,71,1484,2011,0.0,19570.0,0.8786729999999999,0.442097,BLR,ESP,7223
1983852,31,71,1484,2011,0.0,1242.0,-0.818593,-0.8701770000000001,BOL,ESP,7223
1983853,39,71,1484,2011,2640.0,0.0,0.754813,1.1967290000000002,CAN,ESP,7223
1983854,41,71,1484,2011,2236076.0,1673199.0,2.2644029999999997,0.406131,CHE,ESP,7223
1983855,42,71,1484,2011,0.0,175687.0,-0.199877,-0.353009,CHL,ESP,7223
1983856,43,71,1484,2011,1353790.0,27026.0,1.072299,1.686826,CHN,ESP,7223
1983857,49,71,1484,2011,0.0,3206.0,0.14336600000000002,-0.22996,COL,ESP,7223
1983858,54,71,1484,2011,0.0,749021.0,-0.050093,-0.88759,CUB,ESP,7223
1983859,59,71,1484,2011,187814.0,249587.0,1.737788,0.14741600000000002,CZE,ESP,7223
1983860,61,71,1484,2011,4777514.0,11330269.0,2.074435,-3.440815,DEU,ESP,7223
1983861,64,71,1484,2011,11468.0,219859.0,1.156026,1.2248299999999999,DNK,ESP,7223
1983862,65,71,1484,2011,0.0,65206.0,-0.260653,0.5682010000000001,DOM,ESP,7223
1983863,66,71,1484,2011,0.0,100433.0,-1.36763,-1.140594,DZA,ESP,7223
1983864,67,71,1484,2011,0.0,13021.0,-0.8250639999999999,-0.839082,ECU,ESP,7223
1983865,68,71,1484,2011,0.0,86495.0,-0.166243,1.384719,EGY,ESP,7223
1983866,74,71,1484,2011,0.0,45003.0,1.7488830000000002,0.890934,FIN,ESP,7223
1983867,77,71,1484,2011,4202842.0,4454081.0,1.532054,0.09339299999999999,FRA,ESP,7223
1983868,81,71,1484,2011,113362.0,4193693.0,1.8048220000000001,0.380141,GBR,ESP,7223
1983869,82,71,1484,2011,0.0,2294.0,-0.07754,-0.35434699999999997,GEO,ESP,7223
1983870,84,71,1484,2011,0.0,30637.0,0.8442850000000001,-0.435222,GIB,ESP,7223
1983871,90,71,1484,2011,0.0,69361.0,0.138679,1.30044,GRC,ESP,7223
1983872,93,71,1484,2011,0.0,2228.0,-0.329497,0.775369,GTM,ESP,7223
1983873,97,71,1484,2011,1364.0,51840.0,0.663588,1.902118,HKG,ESP,7223
1983874,102,71,1484,2011,0.0,143600.0,1.486592,0.805642,HUN,ESP,7223
1983875,104,71,1484,2011,3431272.0,93259.0,0.18276199999999998,2.398765,IND,ESP,7223
1983876,106,71,1484,2011,26042.0,44539.0,1.403182,0.290245,IRL,ESP,7223
1983877,107,71,1484,2011,0.0,87287.0,-0.915379,-0.973194,IRN,ESP,7223
1983878,110,71,1484,2011,0.0,27232.0,1.324384,0.714611,ISR,ESP,7223
1983879,111,71,1484,2011,4910696.0,6891881.0,1.298751,0.48013599999999995,ITA,ESP,7223
1983880,114,71,1484,2011,4784.0,563850.0,2.516395,-0.534301,JPN,ESP,7223
1983881,121,71,1484,2011,2871772.0,20945.0,1.731371,0.8306879999999999,KOR,ESP,7223
1983882,122,71,1484,2011,0.0,2145.0,-0.898582,-1.09893,KWT,ESP,7223
1983883,131,71,1484,2011,14710.0,67503.0,1.1655739999999999,1.222379,LUX,ESP,7223
1983884,134,71,1484,2011,0.0,233536.0,-0.485404,0.099828,MAR,ESP,7223
1983885,135,71,1484,2011,2232.0,0.0,-0.225556,0.28622,MDA,ESP,7223
1983886,138,71,1484,2011,52879.0,3025.0,0.9534600000000001,0.706982,MEX,ESP,7223
1983887,162,71,1484,2011,648875.0,3875906.0,1.1655229999999999,1.410167,NLD,ESP,7223
1983888,168,71,1484,2011,0.0,2574.0,-0.729677,0.6026729999999999,PAK,ESP,7223
1983889,173,71,1484,2011,0.0,1312.0,-0.455977,0.442543,PER,ESP,7223
1983890,177,71,1484,2011,4007.0,754491.0,1.133641,1.134203,POL,ESP,7223
1983891,179,71,1484,2011,371266.0,2519182.0,0.558481,2.7056240000000003,PRT,ESP,7223
1983892,185,71,1484,2011,0.0,5854.0,0.722,1.296655,ROU,ESP,7223
1983893,186,71,1484,2011,0.0,8509.0,0.47319399999999995,-0.20801599999999998,RUS,ESP,7223
1983894,191,71,1484,2011,0.0,21036.0,-0.624346,-0.308052,SEN,ESP,7223
1983895,192,71,1484,2011,19731.0,54307.0,1.849116,0.52127,SGP,ESP,7223
1983896,201,71,1484,2011,0.0,3107.0,0.49055699999999997,1.5601399999999999,SRB,ESP,7223
1983897,206,71,1484,2011,0.0,130338.0,1.262897,0.8230569999999999,SVK,ESP,7223
1983898,207,71,1484,2011,0.0,70779.0,1.642913,0.700222,SVN,ESP,7223
1983899,208,71,1484,2011,5379389.0,6338010.0,1.857146,0.366159,SWE,ESP,7223
1983900,223,71,1484,2011,0.0,11884.0,0.151221,1.1252360000000001,TUN,ESP,7223
1983901,224,71,1484,2011,5167.0,234834.0,0.45775,2.4316259999999996,TUR,ESP,7223
1983902,230,71,1484,2011,0.0,5842.0,0.313195,0.042866,URY,ESP,7223
1983903,231,71,1484,2011,166903.0,1859172.0,1.6884849999999998,-0.474499,USA,ESP,7223
1983904,236,71,1484,2011,0.0,1317.0,-0.841147,-1.095636,VEN,ESP,7223
1983905,246,71,1484,2011,0.0,7701.0,0.241792,1.353011,ZAF,ESP,7223
1983906,248,71,1484,2011,12678.0,48744.0,-0.858662,-0.8632719999999999,ZWE,ESP,7223
1983907,249,71,1484,2011,49116.0,73147.0,1.803234,0.921233,TWN,ESP,7223
1983908,250,71,1484,2011,35807.0,0.0,0.475638,-0.160135,ANS,ESP,7223
1983909,15,74,1484,2011,928.0,0.0,1.687634,-0.229095,AUT,FIN,7223
1983910,18,74,1484,2011,227072.0,3319.0,1.221703,1.247961,BEL,FIN,7223
1983911,24,74,1484,2011,0.0,5157.0,0.04085,-0.873711,BHR,FIN,7223
1983912,39,74,1484,2011,1326.0,38383.0,0.754813,1.1967290000000002,CAN,FIN,7223
1983913,41,74,1484,2011,238523.0,0.0,2.2644029999999997,0.406131,CHE,FIN,7223
1983914,42,74,1484,2011,0.0,7941.0,-0.199877,-0.353009,CHL,FIN,7223
1983915,43,74,1484,2011,512314.0,22400.0,1.072299,1.686826,CHN,FIN,7223
1983916,59,74,1484,2011,736730.0,0.0,1.737788,0.14741600000000002,CZE,FIN,7223
1983917,61,74,1484,2011,1995206.0,0.0,2.074435,-3.440815,DEU,FIN,7223
1983918,64,74,1484,2011,45109.0,3243.0,1.156026,1.2248299999999999,DNK,FIN,7223
1983919,71,74,1484,2011,45003.0,0.0,0.8677290000000001,2.4618450000000003,ESP,FIN,7223
1983920,72,74,1484,2011,72494.0,175116.0,0.9806790000000001,1.110449,EST,FIN,7223
1983921,77,74,1484,2011,1408629.0,0.0,1.532054,0.09339299999999999,FRA,FIN,7223
1983922,81,74,1484,2011,10702.0,0.0,1.8048220000000001,0.380141,GBR,FIN,7223
1983923,97,74,1484,2011,251589.0,0.0,0.663588,1.902118,HKG,FIN,7223
1983924,104,74,1484,2011,600870.0,0.0,0.18276199999999998,2.398765,IND,FIN,7223
1983925,106,74,1484,2011,7440.0,0.0,1.403182,0.290245,IRL,FIN,7223
1983926,111,74,1484,2011,53803.0,0.0,1.298751,0.48013599999999995,ITA,FIN,7223
1983927,114,74,1484,2011,0.0,2621.0,2.516395,-0.534301,JPN,FIN,7223
1983928,115,74,1484,2011,0.0,2140.0,-0.514687,-0.775671,KAZ,FIN,7223
1983929,121,74,1484,2011,123825.0,0.0,1.731371,0.8306879999999999,KOR,FIN,7223
1983930,130,74,1484,2011,0.0,192545.0,0.747963,0.9759530000000001,LTU,FIN,7223
1983931,131,74,1484,2011,3264.0,0.0,1.1655739999999999,1.222379,LUX,FIN,7223
1983932,132,74,1484,2011,0.0,39459.0,0.7320939999999999,1.101321,LVA,FIN,7223
1983933,162,74,1484,2011,340082.0,7130.0,1.1655229999999999,1.410167,NLD,FIN,7223
1983934,163,74,1484,2011,3028.0,0.0,0.8492770000000001,0.050044,NOR,FIN,7223
1983935,177,74,1484,2011,11697.0,13945.0,1.133641,1.134203,POL,FIN,7223
1983936,186,74,1484,2011,0.0,42472.0,0.47319399999999995,-0.20801599999999998,RUS,FIN,7223
1983937,192,74,1484,2011,0.0,5206.0,1.849116,0.52127,SGP,FIN,7223
1983938,208,74,1484,2011,4429325.0,17393.0,1.857146,0.366159,SWE,FIN,7223
1983939,224,74,1484,2011,8169.0,0.0,0.45775,2.4316259999999996,TUR,FIN,7223
1983940,231,74,1484,2011,13468.0,0.0,1.6884849999999998,-0.474499,USA,FIN,7223
1983941,249,74,1484,2011,67645.0,0.0,1.803234,0.921233,TWN,FIN,7223
1983942,7,77,1484,2011,0.0,318733.0,0.030652,-0.450808,ARE,FRA,7223
1983943,8,77,1484,2011,0.0,2246.0,0.240494,0.540376,ARG,FRA,7223
1983944,14,77,1484,2011,0.0,7309.0,-0.138148,0.002999,AUS,FRA,7223
1983945,15,77,1484,2011,10278.0,1662694.0,1.687634,-0.229095,AUT,FRA,7223
1983946,18,77,1484,2011,13957955.0,7738160.0,1.221703,1.247961,BEL,FRA,7223
1983947,19,77,1484,2011,0.0,6819.0,-1.189478,-0.8684709999999999,BEN,FRA,7223
1983948,23,77,1484,2011,0.0,34203.0,0.537967,1.520973,BGR,FRA,7223
1983949,24,77,1484,2011,0.0,1716.0,0.04085,-0.873711,BHR,FRA,7223
1983950,32,77,1484,2011,1087.0,1790300.0,0.27718400000000004,0.5674319999999999,BRA,FRA,7223
1983951,39,77,1484,2011,8170.0,227167.0,0.754813,1.1967290000000002,CAN,FRA,7223
1983952,41,77,1484,2011,9987273.0,1040837.0,2.2644029999999997,0.406131,CHE,FRA,7223
1983953,43,77,1484,2011,2926100.0,2215245.0,1.072299,1.686826,CHN,FRA,7223
1983954,44,77,1484,2011,0.0,1290.0,-1.069474,-0.867439,CIV,FRA,7223
1983955,45,77,1484,2011,0.0,1443.0,-0.7956340000000001,-0.8532790000000001,CMR,FRA,7223
1983956,49,77,1484,2011,0.0,79433.0,0.14336600000000002,-0.22996,COL,FRA,7223
1983957,52,77,1484,2011,0.0,928.0,0.04325,-0.553193,CRI,FRA,7223
1983958,59,77,1484,2011,2747512.0,2378153.0,1.737788,0.14741600000000002,CZE,FRA,7223
1983959,61,77,1484,2011,11110760.0,53837528.0,2.074435,-3.440815,DEU,FRA,7223
1983960,64,77,1484,2011,2347.0,100877.0,1.156026,1.2248299999999999,DNK,FRA,7223
1983961,65,77,1484,2011,0.0,40698.0,-0.260653,0.5682010000000001,DOM,FRA,7223
1983962,66,77,1484,2011,0.0,545443.0,-1.36763,-1.140594,DZA,FRA,7223
1983963,68,77,1484,2011,0.0,12605.0,-0.166243,1.384719,EGY,FRA,7223
1983964,71,77,1484,2011,4454081.0,4202842.0,0.8677290000000001,2.4618450000000003,ESP,FRA,7223
1983965,72,77,1484,2011,0.0,10788.0,0.9806790000000001,1.110449,EST,FRA,7223
1983966,73,77,1484,2011,0.0,5873.0,-1.258175,-0.920692,ETH,FRA,7223
1983967,74,77,1484,2011,0.0,1408629.0,1.7488830000000002,0.890934,FIN,FRA,7223
1983968,80,77,1484,2011,0.0,1930.0,-1.093784,-1.0849659999999999,GAB,FRA,7223
1983969,81,77,1484,2011,1932770.0,2847184.0,1.8048220000000001,0.380141,GBR,FRA,7223
1983970,90,77,1484,2011,0.0,244771.0,0.138679,1.30044,GRC,FRA,7223
1983971,97,77,1484,2011,1267.0,94326.0,0.663588,1.902118,HKG,FRA,7223
1983972,100,77,1484,2011,0.0,17214.0,0.868294,0.9424299999999999,HRV,FRA,7223
1983973,102,77,1484,2011,6791.0,191710.0,1.486592,0.805642,HUN,FRA,7223
1983974,103,77,1484,2011,0.0,24855.0,-0.234125,1.168384,IDN,FRA,7223
1983975,104,77,1484,2011,21730564.0,760289.0,0.18276199999999998,2.398765,IND,FRA,7223
1983976,106,77,1484,2011,134088.0,346865.0,1.403182,0.290245,IRL,FRA,7223
1983977,107,77,1484,2011,0.0,98441.0,-0.915379,-0.973194,IRN,FRA,7223
1983978,110,77,1484,2011,0.0,23859.0,1.324384,0.714611,ISR,FRA,7223
1983979,111,77,1484,2011,17368512.0,7409738.0,1.298751,0.48013599999999995,ITA,FRA,7223
1983980,114,77,1484,2011,154183.0,58743.0,2.516395,-0.534301,JPN,FRA,7223
1983981,121,77,1484,2011,379765.0,1123058.0,1.731371,0.8306879999999999,KOR,FRA,7223
1983982,122,77,1484,2011,0.0,1025.0,-0.898582,-1.09893,KWT,FRA,7223
1983983,124,77,1484,2011,0.0,8774.0,0.278393,1.2962879999999999,LBN,FRA,7223
1983984,130,77,1484,2011,0.0,5071.0,0.747963,0.9759530000000001,LTU,FRA,7223
1983985,131,77,1484,2011,9370106.0,815071.0,1.1655739999999999,1.222379,LUX,FRA,7223
1983986,132,77,1484,2011,0.0,907.0,0.7320939999999999,1.101321,LVA,FRA,7223
1983987,134,77,1484,2011,0.0,592957.0,-0.485404,0.099828,MAR,FRA,7223
1983988,136,77,1484,2011,0.0,6076.0,-1.040519,-0.404883,MDG,FRA,7223
1983989,138,77,1484,2011,309396.0,127264.0,0.9534600000000001,0.706982,MEX,FRA,7223
1983990,142,77,1484,2011,0.0,5175.0,1.3001340000000001,0.22605799999999998,MLT,FRA,7223
1983991,151,77,1484,2011,0.0,1505.0,-0.09464600000000001,0.091177,MUS,FRA,7223
1983992,153,77,1484,2011,3409.0,100095.0,0.9893290000000001,0.632079,MYS,FRA,7223
1983993,156,77,1484,2011,0.0,6054.0,-0.976349,-0.798691,NCL,FRA,7223
1983994,159,77,1484,2011,0.0,47379.0,-1.699286,-1.15511,NGA,FRA,7223
1983995,162,77,1484,2011,746925.0,5358848.0,1.1655229999999999,1.410167,NLD,FRA,7223
1983996,163,77,1484,2011,0.0,2704742.0,0.8492770000000001,0.050044,NOR,FRA,7223
1983997,166,77,1484,2011,0.0,5514.0,0.372732,0.548601,NZL,FRA,7223
1983998,167,77,1484,2011,0.0,13078.0,-0.473703,-0.952491,OMN,FRA,7223
1983999,168,77,1484,2011,0.0,21899.0,-0.729677,0.6026729999999999,PAK,FRA,7223
1984000,173,77,1484,2011,0.0,24789.0,-0.455977,0.442543,PER,FRA,7223
1984001,177,77,1484,2011,86131.0,657769.0,1.133641,1.134203,POL,FRA,7223
1984002,179,77,1484,2011,3055.0,1133349.0,0.558481,2.7056240000000003,PRT,FRA,7223
1984003,182,77,1484,2011,0.0,1319.0,0.37798000000000004,-0.460049,PYF,FRA,7223
1984004,185,77,1484,2011,9511.0,224800.0,0.722,1.296655,ROU,FRA,7223
1984005,186,77,1484,2011,0.0,96387.0,0.47319399999999995,-0.20801599999999998,RUS,FRA,7223
1984006,188,77,1484,2011,0.0,115741.0,0.354045,-0.800028,SAU,FRA,7223
1984007,191,77,1484,2011,0.0,9619.0,-0.624346,-0.308052,SEN,FRA,7223
1984008,192,77,1484,2011,3090.0,57564.0,1.849116,0.52127,SGP,FRA,7223
1984009,201,77,1484,2011,0.0,8831.0,0.49055699999999997,1.5601399999999999,SRB,FRA,7223
1984010,206,77,1484,2011,490268.0,82821.0,1.262897,0.8230569999999999,SVK,FRA,7223
1984011,207,77,1484,2011,0.0,135483.0,1.642913,0.700222,SVN,FRA,7223
1984012,208,77,1484,2011,11681745.0,1217955.0,1.857146,0.366159,SWE,FRA,7223
1984013,211,77,1484,2011,2382.0,0.0,0.287017,-0.5136850000000001,SYC,FRA,7223
1984014,216,77,1484,2011,142894.0,1931867.0,0.889009,1.503118,THA,FRA,7223
1984015,223,77,1484,2011,32202.0,94192.0,0.151221,1.1252360000000001,TUN,FRA,7223
1984016,224,77,1484,2011,12044.0,845838.0,0.45775,2.4316259999999996,TUR,FRA,7223
1984017,228,77,1484,2011,0.0,7893.0,0.6221409999999999,0.765505,UKR,FRA,7223
1984018,230,77,1484,2011,0.0,4253.0,0.313195,0.042866,URY,FRA,7223
1984019,231,77,1484,2011,1681980.0,2148038.0,1.6884849999999998,-0.474499,USA,FRA,7223
1984020,239,77,1484,2011,0.0,3038.0,-0.184453,1.637207,VNM,FRA,7223
1984021,246,77,1484,2011,0.0,732582.0,0.241792,1.353011,ZAF,FRA,7223
1984022,247,77,1484,2011,0.0,50454.0,-0.7599,-0.941019,ZMB,FRA,7223
1984023,249,77,1484,2011,631402.0,49679.0,1.803234,0.921233,TWN,FRA,7223
1984024,250,77,1484,2011,27364.0,0.0,0.475638,-0.160135,ANS,FRA,7223
1984025,2,81,1484,2011,0.0,22592.0,-1.252991,-1.132314,AGO,GBR,7223
1984026,7,81,1484,2011,33887.0,1445679.0,0.030652,-0.450808,ARE,GBR,7223
1984027,8,81,1484,2011,0.0,38533.0,0.240494,0.540376,ARG,GBR,7223
1984028,14,81,1484,2011,2155.0,241608.0,-0.138148,0.002999,AUS,GBR,7223
1984029,15,81,1484,2011,1835.0,3294.0,1.687634,-0.229095,AUT,GBR,7223
1984030,16,81,1484,2011,0.0,22352.0,-1.313136,-1.189989,AZE,GBR,7223
1984031,18,81,1484,2011,682413.0,471666.0,1.221703,1.247961,BEL,GBR,7223
1984032,24,81,1484,2011,0.0,3225.0,0.04085,-0.873711,BHR,GBR,7223
1984033,28,81,1484,2011,0.0,5465.0,0.8786729999999999,0.442097,BLR,GBR,7223
1984034,32,81,1484,2011,0.0,21550.0,0.27718400000000004,0.5674319999999999,BRA,GBR,7223
1984035,34,81,1484,2011,0.0,14086.0,-0.171775,-0.6656810000000001,BRN,GBR,7223
1984036,37,81,1484,2011,0.0,8392.0,-0.48782600000000004,-1.051639,BWA,GBR,7223
1984037,39,81,1484,2011,2469031.0,126187.0,0.754813,1.1967290000000002,CAN,GBR,7223
1984038,41,81,1484,2011,5819566.0,1077575.0,2.2644029999999997,0.406131,CHE,GBR,7223
1984039,42,81,1484,2011,0.0,4769.0,-0.199877,-0.353009,CHL,GBR,7223
1984040,43,81,1484,2011,5285892.0,531330.0,1.072299,1.686826,CHN,GBR,7223
1984041,47,81,1484,2011,0.0,2622.0,-0.979359,-1.084589,COG,GBR,7223
1984042,49,81,1484,2011,0.0,39732.0,0.14336600000000002,-0.22996,COL,GBR,7223
1984043,57,81,1484,2011,0.0,28645.0,0.665662,-0.678581,CYM,GBR,7223
1984044,58,81,1484,2011,0.0,37694.0,0.798165,0.424179,CYP,GBR,7223
1984045,59,81,1484,2011,2821566.0,435250.0,1.737788,0.14741600000000002,CZE,GBR,7223
1984046,61,81,1484,2011,14208668.0,7604553.0,2.074435,-3.440815,DEU,GBR,7223
1984047,64,81,1484,2011,112649.0,875153.0,1.156026,1.2248299999999999,DNK,GBR,7223
1984048,66,81,1484,2011,0.0,29985.0,-1.36763,-1.140594,DZA,GBR,7223
1984049,68,81,1484,2011,44650.0,128108.0,-0.166243,1.384719,EGY,GBR,7223
1984050,71,81,1484,2011,4193693.0,113362.0,0.8677290000000001,2.4618450000000003,ESP,GBR,7223
1984051,72,81,1484,2011,0.0,32413.0,0.9806790000000001,1.110449,EST,GBR,7223
1984052,74,81,1484,2011,0.0,10702.0,1.7488830000000002,0.890934,FIN,GBR,7223
1984053,77,81,1484,2011,2847184.0,1932770.0,1.532054,0.09339299999999999,FRA,GBR,7223
1984054,83,81,1484,2011,0.0,3378.0,-0.8627319999999999,-0.608823,GHA,GBR,7223
1984055,90,81,1484,2011,0.0,8707.0,0.138679,1.30044,GRC,GBR,7223
1984056,97,81,1484,2011,7147.0,28321.0,0.663588,1.902118,HKG,GBR,7223
1984057,100,81,1484,2011,0.0,9634.0,0.868294,0.9424299999999999,HRV,GBR,7223
1984058,102,81,1484,2011,46046.0,429816.0,1.486592,0.805642,HUN,GBR,7223
1984059,103,81,1484,2011,0.0,9492.0,-0.234125,1.168384,IDN,GBR,7223
1984060,104,81,1484,2011,12554330.0,90723.0,0.18276199999999998,2.398765,IND,GBR,7223
1984061,106,81,1484,2011,383205.0,1290923.0,1.403182,0.290245,IRL,GBR,7223
1984062,109,81,1484,2011,0.0,7512.0,0.284202,-0.23753000000000002,ISL,GBR,7223
1984063,110,81,1484,2011,0.0,15163.0,1.324384,0.714611,ISR,GBR,7223
1984064,111,81,1484,2011,7896709.0,650614.0,1.298751,0.48013599999999995,ITA,GBR,7223
1984065,114,81,1484,2011,424083.0,21968.0,2.516395,-0.534301,JPN,GBR,7223
1984066,115,81,1484,2011,0.0,13458.0,-0.514687,-0.775671,KAZ,GBR,7223
1984067,116,81,1484,2011,0.0,1578.0,-0.48319300000000004,0.346927,KEN,GBR,7223
1984068,121,81,1484,2011,2024643.0,151223.0,1.731371,0.8306879999999999,KOR,GBR,7223
1984069,122,81,1484,2011,0.0,217967.0,-0.898582,-1.09893,KWT,GBR,7223
1984070,128,81,1484,2011,0.0,12027.0,-0.559311,0.398905,LKA,GBR,7223
1984071,131,81,1484,2011,5107831.0,4655.0,1.1655739999999999,1.222379,LUX,GBR,7223
1984072,132,81,1484,2011,0.0,4088.0,0.7320939999999999,1.101321,LVA,GBR,7223
1984073,138,81,1484,2011,355249.0,103579.0,0.9534600000000001,0.706982,MEX,GBR,7223
1984074,142,81,1484,2011,975.0,0.0,1.3001340000000001,0.22605799999999998,MLT,GBR,7223
1984075,151,81,1484,2011,0.0,13176.0,-0.09464600000000001,0.091177,MUS,GBR,7223
1984076,153,81,1484,2011,16115.0,54498.0,0.9893290000000001,0.632079,MYS,GBR,7223
1984077,155,81,1484,2011,0.0,1522.0,-0.42998400000000003,-0.632233,NAM,GBR,7223
1984078,159,81,1484,2011,0.0,23801.0,-1.699286,-1.15511,NGA,GBR,7223
1984079,162,81,1484,2011,899430.0,2084549.0,1.1655229999999999,1.410167,NLD,GBR,7223
1984080,163,81,1484,2011,5349.0,1129157.0,0.8492770000000001,0.050044,NOR,GBR,7223
1984081,166,81,1484,2011,7710.0,7595.0,0.372732,0.548601,NZL,GBR,7223
1984082,167,81,1484,2011,0.0,43821.0,-0.473703,-0.952491,OMN,GBR,7223
1984083,168,81,1484,2011,0.0,92470.0,-0.729677,0.6026729999999999,PAK,GBR,7223
1984084,173,81,1484,2011,0.0,20348.0,-0.455977,0.442543,PER,GBR,7223
1984085,176,81,1484,2011,0.0,10407.0,-1.1111659999999999,-0.9458610000000001,PNG,GBR,7223
1984086,177,81,1484,2011,0.0,557942.0,1.133641,1.134203,POL,GBR,7223
1984087,179,81,1484,2011,2667.0,68586.0,0.558481,2.7056240000000003,PRT,GBR,7223
1984088,183,81,1484,2011,0.0,510836.0,-0.45851899999999995,-1.017033,QAT,GBR,7223
1984089,185,81,1484,2011,12413.0,19778.0,0.722,1.296655,ROU,GBR,7223
1984090,186,81,1484,2011,0.0,16057.0,0.47319399999999995,-0.20801599999999998,RUS,GBR,7223
1984091,187,81,1484,2011,0.0,10677.0,-0.684475,-0.690734,RWA,GBR,7223
1984092,188,81,1484,2011,0.0,78851.0,0.354045,-0.800028,SAU,GBR,7223
1984093,190,81,1484,2011,0.0,2633.0,-2.1675869999999997,-1.249272,SDN,GBR,7223
1984094,192,81,1484,2011,0.0,307417.0,1.849116,0.52127,SGP,GBR,7223
1984095,201,81,1484,2011,0.0,2323.0,0.49055699999999997,1.5601399999999999,SRB,GBR,7223
1984096,206,81,1484,2011,0.0,10851.0,1.262897,0.8230569999999999,SVK,GBR,7223
1984097,207,81,1484,2011,19787.0,2327.0,1.642913,0.700222,SVN,GBR,7223
1984098,208,81,1484,2011,5154963.0,773193.0,1.857146,0.366159,SWE,GBR,7223
1984099,216,81,1484,2011,186094.0,99836.0,0.889009,1.503118,THA,GBR,7223
1984100,222,81,1484,2011,0.0,25816.0,-0.44228,-1.031793,TTO,GBR,7223
1984101,224,81,1484,2011,0.0,5530.0,0.45775,2.4316259999999996,TUR,GBR,7223
1984102,230,81,1484,2011,0.0,1995.0,0.313195,0.042866,URY,GBR,7223
1984103,231,81,1484,2011,2723658.0,1959182.0,1.6884849999999998,-0.474499,USA,GBR,7223
1984104,239,81,1484,2011,0.0,2012.0,-0.184453,1.637207,VNM,GBR,7223
1984105,246,81,1484,2011,28590.0,736997.0,0.241792,1.353011,ZAF,GBR,7223
1984106,248,81,1484,2011,0.0,3227.0,-0.858662,-0.8632719999999999,ZWE,GBR,7223
1984107,249,81,1484,2011,4830254.0,12678.0,1.803234,0.921233,TWN,GBR,7223
1984108,4,90,1484,2011,0.0,143691.0,-0.331435,-0.034828,ALB,GRC,7223
1984109,15,90,1484,2011,7245.0,0.0,1.687634,-0.229095,AUT,GRC,7223
1984110,18,90,1484,2011,120360.0,0.0,1.221703,1.247961,BEL,GRC,7223
1984111,26,90,1484,2011,0.0,159858.0,0.391425,0.6066600000000001,BIH,GRC,7223
1984112,32,90,1484,2011,85408.0,0.0,0.27718400000000004,0.5674319999999999,BRA,GRC,7223
1984113,41,90,1484,2011,36637.0,0.0,2.2644029999999997,0.406131,CHE,GRC,7223
1984114,43,90,1484,2011,147042.0,0.0,1.072299,1.686826,CHN,GRC,7223
1984115,58,90,1484,2011,0.0,28878.0,0.798165,0.424179,CYP,GRC,7223
1984116,59,90,1484,2011,1822.0,0.0,1.737788,0.14741600000000002,CZE,GRC,7223
1984117,61,90,1484,2011,200025.0,0.0,2.074435,-3.440815,DEU,GRC,7223
1984118,64,90,1484,2011,105278.0,0.0,1.156026,1.2248299999999999,DNK,GRC,7223
1984119,71,90,1484,2011,69361.0,0.0,0.8677290000000001,2.4618450000000003,ESP,GRC,7223
1984120,77,90,1484,2011,244771.0,0.0,1.532054,0.09339299999999999,FRA,GRC,7223
1984121,81,90,1484,2011,8707.0,0.0,1.8048220000000001,0.380141,GBR,GRC,7223
1984122,97,90,1484,2011,0.0,12603.0,0.663588,1.902118,HKG,GRC,7223
1984123,104,90,1484,2011,162587.0,0.0,0.18276199999999998,2.398765,IND,GRC,7223
1984124,111,90,1484,2011,450611.0,0.0,1.298751,0.48013599999999995,ITA,GRC,7223
1984125,114,90,1484,2011,144759.0,0.0,2.516395,-0.534301,JPN,GRC,7223
1984126,121,90,1484,2011,9343.0,0.0,1.731371,0.8306879999999999,KOR,GRC,7223
1984127,140,90,1484,2011,0.0,342949.0,-0.12310499999999999,0.16392,MKD,GRC,7223
1984128,162,90,1484,2011,244290.0,0.0,1.1655229999999999,1.410167,NLD,GRC,7223
1984129,177,90,1484,2011,9194.0,0.0,1.133641,1.134203,POL,GRC,7223
1984130,179,90,1484,2011,30018.0,0.0,0.558481,2.7056240000000003,PRT,GRC,7223
1984131,185,90,1484,2011,15171.0,2745.0,0.722,1.296655,ROU,GRC,7223
1984132,201,90,1484,2011,0.0,805668.0,0.49055699999999997,1.5601399999999999,SRB,GRC,7223
1984133,208,90,1484,2011,1914651.0,7979.0,1.857146,0.366159,SWE,GRC,7223
1984134,224,90,1484,2011,16936.0,0.0,0.45775,2.4316259999999996,TUR,GRC,7223
1984135,231,90,1484,2011,3468.0,0.0,1.6884849999999998,-0.474499,USA,GRC,7223
1984136,249,90,1484,2011,78075.0,0.0,1.803234,0.921233,TWN,GRC,7223
1984137,43,93,1484,2011,7850.0,0.0,1.072299,1.686826,CHN,GTM,7223
1984138,61,93,1484,2011,13252.0,0.0,2.074435,-3.440815,DEU,GTM,7223
1984139,67,93,1484,2011,0.0,32282.0,-0.8250639999999999,-0.839082,ECU,GTM,7223
1984140,71,93,1484,2011,2228.0,0.0,0.8677290000000001,2.4618450000000003,ESP,GTM,7223
1984141,121,93,1484,2011,7455.0,0.0,1.731371,0.8306879999999999,KOR,GTM,7223
1984142,138,93,1484,2011,5288.0,0.0,0.9534600000000001,0.706982,MEX,GTM,7223
1984143,169,93,1484,2011,1911.0,0.0,0.786135,1.061008,PAN,GTM,7223
1984144,197,93,1484,2011,1128.0,0.0,-0.09713200000000001,0.20772600000000002,SLV,GTM,7223
1984145,231,93,1484,2011,14180.0,10911.0,1.6884849999999998,-0.474499,USA,GTM,7223
1984146,249,93,1484,2011,63888.0,0.0,1.803234,0.921233,TWN,GTM,7223
1984147,169,96,1484,2011,11927.0,0.0,0.786135,1.061008,PAN,GUY,7223
1984148,231,96,1484,2011,26934.0,0.0,1.6884849999999998,-0.474499,USA,GUY,7223
1984149,14,97,1484,2011,8064.0,1423.0,-0.138148,0.002999,AUS,HKG,7223
1984150,15,97,1484,2011,99668.0,0.0,1.687634,-0.229095,AUT,HKG,7223
1984151,18,97,1484,2011,423613.0,60232.0,1.221703,1.247961,BEL,HKG,7223
1984152,22,97,1484,2011,0.0,928429.0,-1.074416,-0.8276370000000001,BGD,HKG,7223
1984153,34,97,1484,2011,0.0,5723.0,-0.171775,-0.6656810000000001,BRN,HKG,7223
1984154,37,97,1484,2011,0.0,2063.0,-0.48782600000000004,-1.051639,BWA,HKG,7223
1984155,39,97,1484,2011,0.0,1440.0,0.754813,1.1967290000000002,CAN,HKG,7223
1984156,41,97,1484,2011,31228.0,0.0,2.2644029999999997,0.406131,CHE,HKG,7223
1984157,43,97,1484,2011,16875094.0,831125.0,1.072299,1.686826,CHN,HKG,7223
1984158,49,97,1484,2011,0.0,954.0,0.14336600000000002,-0.22996,COL,HKG,7223
1984159,61,97,1484,2011,1967527.0,23504.0,2.074435,-3.440815,DEU,HKG,7223
1984160,64,97,1484,2011,0.0,9030.0,1.156026,1.2248299999999999,DNK,HKG,7223
1984161,71,97,1484,2011,51840.0,1364.0,0.8677290000000001,2.4618450000000003,ESP,HKG,7223
1984162,74,97,1484,2011,0.0,251589.0,1.7488830000000002,0.890934,FIN,HKG,7223
1984163,75,97,1484,2011,0.0,4095.0,-0.434356,-0.010863,FJI,HKG,7223
1984164,77,97,1484,2011,94326.0,1267.0,1.532054,0.09339299999999999,FRA,HKG,7223
1984165,81,97,1484,2011,28321.0,7147.0,1.8048220000000001,0.380141,GBR,HKG,7223
1984166,90,97,1484,2011,12603.0,0.0,0.138679,1.30044,GRC,HKG,7223
1984167,102,97,1484,2011,0.0,983.0,1.486592,0.805642,HUN,HKG,7223
1984168,103,97,1484,2011,2138.0,656141.0,-0.234125,1.168384,IDN,HKG,7223
1984169,104,97,1484,2011,32522.0,187256.0,0.18276199999999998,2.398765,IND,HKG,7223
1984170,106,97,1484,2011,2134.0,0.0,1.403182,0.290245,IRL,HKG,7223
1984171,110,97,1484,2011,0.0,1432.0,1.324384,0.714611,ISR,HKG,7223
1984172,111,97,1484,2011,3010.0,0.0,1.298751,0.48013599999999995,ITA,HKG,7223
1984173,112,97,1484,2011,0.0,1371.0,-0.162212,-0.621817,JAM,HKG,7223
1984174,114,97,1484,2011,10519083.0,303920.0,2.516395,-0.534301,JPN,HKG,7223
1984175,121,97,1484,2011,18153894.0,5028.0,1.731371,0.8306879999999999,KOR,HKG,7223
1984176,128,97,1484,2011,0.0,3067.0,-0.559311,0.398905,LKA,HKG,7223
1984177,133,97,1484,2011,0.0,21908.0,0.511015,0.560905,MAC,HKG,7223
1984178,151,97,1484,2011,0.0,16184.0,-0.09464600000000001,0.091177,MUS,HKG,7223
1984179,152,97,1484,2011,0.0,17595.0,-1.100291,-0.982559,MWI,HKG,7223
1984180,153,97,1484,2011,839978.0,15588.0,0.9893290000000001,0.632079,MYS,HKG,7223
1984181,162,97,1484,2011,2007.0,0.0,1.1655229999999999,1.410167,NLD,HKG,7223
1984182,166,97,1484,2011,2836.0,0.0,0.372732,0.548601,NZL,HKG,7223
1984183,169,97,1484,2011,0.0,37451.0,0.786135,1.061008,PAN,HKG,7223
1984184,174,97,1484,2011,0.0,205771.0,0.364707,0.322626,PHL,HKG,7223
1984185,176,97,1484,2011,0.0,1095.0,-1.1111659999999999,-0.9458610000000001,PNG,HKG,7223
1984186,192,97,1484,2011,422445.0,230228.0,1.849116,0.52127,SGP,HKG,7223
1984187,195,97,1484,2011,0.0,3902.0,-1.401353,-0.931205,SLB,HKG,7223
1984188,208,97,1484,2011,389589.0,0.0,1.857146,0.366159,SWE,HKG,7223
1984189,216,97,1484,2011,1493194.0,16440.0,0.889009,1.503118,THA,HKG,7223
1984190,231,97,1484,2011,2167717.0,2904.0,1.6884849999999998,-0.474499,USA,HKG,7223
1984191,239,97,1484,2011,325534.0,280590.0,-0.184453,1.637207,VNM,HKG,7223
1984192,246,97,1484,2011,0.0,8797.0,0.241792,1.353011,ZAF,HKG,7223
1984193,247,97,1484,2011,0.0,3934.0,-0.7599,-0.941019,ZMB,HKG,7223
1984194,249,97,1484,2011,4860130.0,29717.0,1.803234,0.921233,TWN,HKG,7223
1984195,43,99,1484,2011,12541.0,0.0,1.072299,1.686826,CHN,HND,7223
1984196,52,99,1484,2011,0.0,2384.0,0.04325,-0.553193,CRI,HND,7223
1984197,61,99,1484,2011,7930.0,0.0,2.074435,-3.440815,DEU,HND,7223
1984198,169,99,1484,2011,1824.0,0.0,0.786135,1.061008,PAN,HND,7223
1984199,173,99,1484,2011,9094.0,0.0,-0.455977,0.442543,PER,HND,7223
1984200,231,99,1484,2011,22547.0,0.0,1.6884849999999998,-0.474499,USA,HND,7223
1984201,249,99,1484,2011,4271.0,0.0,1.803234,0.921233,TWN,HND,7223
1984202,7,103,1484,2011,0.0,229821.0,0.030652,-0.450808,ARE,IDN,7223
1984203,14,103,1484,2011,9637.0,16904.0,-0.138148,0.002999,AUS,IDN,7223
1984204,15,103,1484,2011,66787.0,0.0,1.687634,-0.229095,AUT,IDN,7223
1984205,18,103,1484,2011,7163.0,0.0,1.221703,1.247961,BEL,IDN,7223
1984206,22,103,1484,2011,0.0,66312.0,-1.074416,-0.8276370000000001,BGD,IDN,7223
1984207,39,103,1484,2011,0.0,19013.0,0.754813,1.1967290000000002,CAN,IDN,7223
1984208,41,103,1484,2011,90446.0,0.0,2.2644029999999997,0.406131,CHE,IDN,7223
1984209,43,103,1484,2011,8949508.0,51344.0,1.072299,1.686826,CHN,IDN,7223
1984210,61,103,1484,2011,328659.0,0.0,2.074435,-3.440815,DEU,IDN,7223
1984211,77,103,1484,2011,24855.0,0.0,1.532054,0.09339299999999999,FRA,IDN,7223
1984212,81,103,1484,2011,9492.0,0.0,1.8048220000000001,0.380141,GBR,IDN,7223
1984213,97,103,1484,2011,656141.0,2138.0,0.663588,1.902118,HKG,IDN,7223
1984214,104,103,1484,2011,1303348.0,10689.0,0.18276199999999998,2.398765,IND,IDN,7223
1984215,106,103,1484,2011,7914.0,0.0,1.403182,0.290245,IRL,IDN,7223
1984216,107,103,1484,2011,0.0,42373.0,-0.915379,-0.973194,IRN,IDN,7223
1984217,111,103,1484,2011,22199.0,66410.0,1.298751,0.48013599999999995,ITA,IDN,7223
1984218,114,103,1484,2011,8703597.0,70811.0,2.516395,-0.534301,JPN,IDN,7223
1984219,121,103,1484,2011,1597825.0,9661.0,1.731371,0.8306879999999999,KOR,IDN,7223
1984220,153,103,1484,2011,330049.0,102202.0,0.9893290000000001,0.632079,MYS,IDN,7223
1984221,162,103,1484,2011,1226.0,0.0,1.1655229999999999,1.410167,NLD,IDN,7223
1984222,166,103,1484,2011,0.0,27066.0,0.372732,0.548601,NZL,IDN,7223
1984223,167,103,1484,2011,0.0,125260.0,-0.473703,-0.952491,OMN,IDN,7223
1984224,168,103,1484,2011,0.0,2037.0,-0.729677,0.6026729999999999,PAK,IDN,7223
1984225,174,103,1484,2011,44455.0,72300.0,0.364707,0.322626,PHL,IDN,7223
1984226,183,103,1484,2011,0.0,26667.0,-0.45851899999999995,-1.017033,QAT,IDN,7223
1984227,192,103,1484,2011,7592442.0,595199.0,1.849116,0.52127,SGP,IDN,7223
1984228,208,103,1484,2011,254914.0,21267.0,1.857146,0.366159,SWE,IDN,7223
1984229,216,103,1484,2011,1274159.0,43726.0,0.889009,1.503118,THA,IDN,7223
1984230,220,103,1484,2011,0.0,2390.0,-0.047803,-0.643655,TLS,IDN,7223
1984231,231,103,1484,2011,99021.0,0.0,1.6884849999999998,-0.474499,USA,IDN,7223
1984232,234,103,1484,2011,2174.0,0.0,0.291718,-0.250897,VCT,IDN,7223
1984233,239,103,1484,2011,2589.0,2690.0,-0.184453,1.637207,VNM,IDN,7223
1984234,243,103,1484,2011,0.0,3105.0,-1.44127,-1.242875,YEM,IDN,7223
1984235,249,103,1484,2011,3827370.0,3091650.0,1.803234,0.921233,TWN,IDN,7223
1984236,1,104,1484,2011,5208.0,0.0,-0.8426809999999999,-0.640418,AFG,IND,7223
1984237,7,104,1484,2011,24539.0,1883222.0,0.030652,-0.450808,ARE,IND,7223
1984238,8,104,1484,2011,0.0,2194733.0,0.240494,0.540376,ARG,IND,7223
1984239,14,104,1484,2011,15278.0,5438867.0,-0.138148,0.002999,AUS,IND,7223
1984240,15,104,1484,2011,14105.0,712540.0,1.687634,-0.229095,AUT,IND,7223
1984241,18,104,1484,2011,150022.0,22008992.0,1.221703,1.247961,BEL,IND,7223
1984242,22,104,1484,2011,0.0,36868.0,-1.074416,-0.8276370000000001,BGD,IND,7223
1984243,23,104,1484,2011,0.0,2728781.0,0.537967,1.520973,BGR,IND,7223
1984244,24,104,1484,2011,7753.0,671489.0,0.04085,-0.873711,BHR,IND,7223
1984245,26,104,1484,2011,0.0,9233.0,0.391425,0.6066600000000001,BIH,IND,7223
1984246,28,104,1484,2011,0.0,6264.0,0.8786729999999999,0.442097,BLR,IND,7223
1984247,32,104,1484,2011,1813.0,7893300.0,0.27718400000000004,0.5674319999999999,BRA,IND,7223
1984248,35,104,1484,2011,0.0,19524.0,-0.022021000000000002,-0.5282439999999999,BTN,IND,7223
1984249,39,104,1484,2011,332845.0,5821051.0,0.754813,1.1967290000000002,CAN,IND,7223
1984250,41,104,1484,2011,52644.0,93607.0,2.2644029999999997,0.406131,CHE,IND,7223
1984251,42,104,1484,2011,0.0,1472372.0,-0.199877,-0.353009,CHL,IND,7223
1984252,43,104,1484,2011,2873452.0,1648832.0,1.072299,1.686826,CHN,IND,7223
1984253,45,104,1484,2011,0.0,1391.0,-0.7956340000000001,-0.8532790000000001,CMR,IND,7223
1984254,49,104,1484,2011,0.0,1381454.0,0.14336600000000002,-0.22996,COL,IND,7223
1984255,55,104,1484,2011,11403.0,0.0,-0.052038,-0.69103,CUW,IND,7223
1984256,58,104,1484,2011,0.0,4699.0,0.798165,0.424179,CYP,IND,7223
1984257,59,104,1484,2011,103609.0,337373.0,1.737788,0.14741600000000002,CZE,IND,7223
1984258,61,104,1484,2011,1925819.0,41570412.0,2.074435,-3.440815,DEU,IND,7223
1984259,64,104,1484,2011,38355.0,4156776.0,1.156026,1.2248299999999999,DNK,IND,7223
1984260,66,104,1484,2011,0.0,77318.0,-1.36763,-1.140594,DZA,IND,7223
1984261,68,104,1484,2011,0.0,176335.0,-0.166243,1.384719,EGY,IND,7223
1984262,71,104,1484,2011,93259.0,3431272.0,0.8677290000000001,2.4618450000000003,ESP,IND,7223
1984263,72,104,1484,2011,0.0,538575.0,0.9806790000000001,1.110449,EST,IND,7223
1984264,73,104,1484,2011,0.0,29211.0,-1.258175,-0.920692,ETH,IND,7223
1984265,74,104,1484,2011,0.0,600870.0,1.7488830000000002,0.890934,FIN,IND,7223
1984266,77,104,1484,2011,760289.0,21730564.0,1.532054,0.09339299999999999,FRA,IND,7223
1984267,81,104,1484,2011,90723.0,12554330.0,1.8048220000000001,0.380141,GBR,IND,7223
1984268,90,104,1484,2011,0.0,162587.0,0.138679,1.30044,GRC,IND,7223
1984269,97,104,1484,2011,187256.0,32522.0,0.663588,1.902118,HKG,IND,7223
1984270,100,104,1484,2011,0.0,156797.0,0.868294,0.9424299999999999,HRV,IND,7223
1984271,102,104,1484,2011,37327.0,0.0,1.486592,0.805642,HUN,IND,7223
1984272,103,104,1484,2011,10689.0,1303348.0,-0.234125,1.168384,IDN,IND,7223
1984273,106,104,1484,2011,5154.0,608521.0,1.403182,0.290245,IRL,IND,7223
1984274,107,104,1484,2011,0.0,3670375.0,-0.915379,-0.973194,IRN,IND,7223
1984275,110,104,1484,2011,32021.0,3670499.0,1.324384,0.714611,ISR,IND,7223
1984276,111,104,1484,2011,259616.0,23640850.0,1.298751,0.48013599999999995,ITA,IND,7223
1984277,113,104,1484,2011,0.0,12948.0,0.231605,0.47049399999999997,JOR,IND,7223
1984278,114,104,1484,2011,12330179.0,1250082.0,2.516395,-0.534301,JPN,IND,7223
1984279,115,104,1484,2011,27783.0,3735.0,-0.514687,-0.775671,KAZ,IND,7223
1984280,116,104,1484,2011,0.0,141830.0,-0.48319300000000004,0.346927,KEN,IND,7223
1984281,121,104,1484,2011,2244143.0,3302554.0,1.731371,0.8306879999999999,KOR,IND,7223
1984282,122,104,1484,2011,0.0,25380.0,-0.898582,-1.09893,KWT,IND,7223
1984283,124,104,1484,2011,0.0,960.0,0.278393,1.2962879999999999,LBN,IND,7223
1984284,128,104,1484,2011,7091.0,334175.0,-0.559311,0.398905,LKA,IND,7223
1984285,130,104,1484,2011,0.0,568166.0,0.747963,0.9759530000000001,LTU,IND,7223
1984286,131,104,1484,2011,0.0,548.0,1.1655739999999999,1.222379,LUX,IND,7223
1984287,132,104,1484,2011,0.0,3937906.0,0.7320939999999999,1.101321,LVA,IND,7223
1984288,134,104,1484,2011,0.0,34870.0,-0.485404,0.099828,MAR,IND,7223
1984289,137,104,1484,2011,0.0,33921.0,-0.937469,-0.87897,MDV,IND,7223
1984290,138,104,1484,2011,10397.0,2287958.0,0.9534600000000001,0.706982,MEX,IND,7223
1984291,143,104,1484,2011,0.0,1569.0,-1.3557190000000001,-0.929934,MMR,IND,7223
1984292,151,104,1484,2011,0.0,2142.0,-0.09464600000000001,0.091177,MUS,IND,7223
1984293,153,104,1484,2011,77143.0,495330.0,0.9893290000000001,0.632079,MYS,IND,7223
1984294,156,104,1484,2011,0.0,1003.0,-0.976349,-0.798691,NCL,IND,7223
1984295,162,104,1484,2011,495106.0,7452052.0,1.1655229999999999,1.410167,NLD,IND,7223
1984296,164,104,1484,2011,0.0,87239.0,-0.242299,0.801966,NPL,IND,7223
1984297,166,104,1484,2011,0.0,730117.0,0.372732,0.548601,NZL,IND,7223
1984298,167,104,1484,2011,0.0,103412.0,-0.473703,-0.952491,OMN,IND,7223
1984299,168,104,1484,2011,2501.0,6161.0,-0.729677,0.6026729999999999,PAK,IND,7223
1984300,169,104,1484,2011,0.0,22654.0,0.786135,1.061008,PAN,IND,7223
1984301,173,104,1484,2011,0.0,529969.0,-0.455977,0.442543,PER,IND,7223
1984302,174,104,1484,2011,0.0,34779.0,0.364707,0.322626,PHL,IND,7223
1984303,177,104,1484,2011,3100.0,4355799.0,1.133641,1.134203,POL,IND,7223
1984304,178,104,1484,2011,0.0,453965.0,-0.024317,-0.154781,PRK,IND,7223
1984305,179,104,1484,2011,0.0,375138.0,0.558481,2.7056240000000003,PRT,IND,7223
1984306,183,104,1484,2011,28356.0,2212.0,-0.45851899999999995,-1.017033,QAT,IND,7223
1984307,185,104,1484,2011,0.0,140744.0,0.722,1.296655,ROU,IND,7223
1984308,186,104,1484,2011,918790.0,4933176.0,0.47319399999999995,-0.20801599999999998,RUS,IND,7223
1984309,188,104,1484,2011,24995.0,188563.0,0.354045,-0.800028,SAU,IND,7223
1984310,190,104,1484,2011,0.0,19662.0,-2.1675869999999997,-1.249272,SDN,IND,7223
1984311,192,104,1484,2011,427661.0,2876147.0,1.849116,0.52127,SGP,IND,7223
1984312,196,104,1484,2011,0.0,6413.0,-0.35546500000000003,-0.46134899999999995,SLE,IND,7223
1984313,201,104,1484,2011,0.0,5106.0,0.49055699999999997,1.5601399999999999,SRB,IND,7223
1984314,206,104,1484,2011,0.0,629634.0,1.262897,0.8230569999999999,SVK,IND,7223
1984315,207,104,1484,2011,0.0,1002860.0,1.642913,0.700222,SVN,IND,7223
1984316,208,104,1484,2011,14225963.0,1593017.0,1.857146,0.366159,SWE,IND,7223
1984317,212,104,1484,2011,0.0,12653.0,-0.604133,0.5268970000000001,SYR,IND,7223
1984318,215,104,1484,2011,0.0,8558.0,-0.9156030000000001,-0.884099,TGO,IND,7223
1984319,216,104,1484,2011,187861.0,2048407.0,0.889009,1.503118,THA,IND,7223
1984320,223,104,1484,2011,0.0,257164.0,0.151221,1.1252360000000001,TUN,IND,7223
1984321,224,104,1484,2011,8172.0,10506111.0,0.45775,2.4316259999999996,TUR,IND,7223
1984322,226,104,1484,2011,0.0,40201.0,-0.751316,0.286505,TZA,IND,7223
1984323,228,104,1484,2011,0.0,3783536.0,0.6221409999999999,0.765505,UKR,IND,7223
1984324,230,104,1484,2011,0.0,2430.0,0.313195,0.042866,URY,IND,7223
1984325,231,104,1484,2011,998430.0,54160832.0,1.6884849999999998,-0.474499,USA,IND,7223
1984326,232,104,1484,2011,0.0,1136752.0,-0.785878,-0.663918,UZB,IND,7223
1984327,236,104,1484,2011,0.0,266478.0,-0.841147,-1.095636,VEN,IND,7223
1984328,239,104,1484,2011,13769.0,3307490.0,-0.184453,1.637207,VNM,IND,7223
1984329,246,104,1484,2011,58142.0,4736588.0,0.241792,1.353011,ZAF,IND,7223
1984330,247,104,1484,2011,0.0,18103.0,-0.7599,-0.941019,ZMB,IND,7223
1984331,249,104,1484,2011,328730.0,823173.0,1.803234,0.921233,TWN,IND,7223
1984332,250,104,1484,2011,183820.0,916847.0,0.475638,-0.160135,ANS,IND,7223
1984333,15,106,1484,2011,0.0,4309.0,1.687634,-0.229095,AUT,IRL,7223
1984334,18,106,1484,2011,47030.0,41689.0,1.221703,1.247961,BEL,IRL,7223
1984335,39,106,1484,2011,2935.0,9042.0,0.754813,1.1967290000000002,CAN,IRL,7223
1984336,41,106,1484,2011,328368.0,312285.0,2.2644029999999997,0.406131,CHE,IRL,7223
1984337,43,106,1484,2011,14750.0,338784.0,1.072299,1.686826,CHN,IRL,7223
1984338,52,106,1484,2011,1669332.0,923.0,0.04325,-0.553193,CRI,IRL,7223
1984339,59,106,1484,2011,176014.0,724695.0,1.737788,0.14741600000000002,CZE,IRL,7223
1984340,61,106,1484,2011,1498456.0,389233.0,2.074435,-3.440815,DEU,IRL,7223
1984341,64,106,1484,2011,5267.0,89314.0,1.156026,1.2248299999999999,DNK,IRL,7223
1984342,71,106,1484,2011,44539.0,26042.0,0.8677290000000001,2.4618450000000003,ESP,IRL,7223
1984343,74,106,1484,2011,0.0,7440.0,1.7488830000000002,0.890934,FIN,IRL,7223
1984344,77,106,1484,2011,346865.0,134088.0,1.532054,0.09339299999999999,FRA,IRL,7223
1984345,81,106,1484,2011,1290923.0,383205.0,1.8048220000000001,0.380141,GBR,IRL,7223
1984346,97,106,1484,2011,0.0,2134.0,0.663588,1.902118,HKG,IRL,7223
1984347,103,106,1484,2011,0.0,7914.0,-0.234125,1.168384,IDN,IRL,7223
1984348,104,106,1484,2011,608521.0,5154.0,0.18276199999999998,2.398765,IND,IRL,7223
1984349,110,106,1484,2011,0.0,22206.0,1.324384,0.714611,ISR,IRL,7223
1984350,111,106,1484,2011,53586.0,8766.0,1.298751,0.48013599999999995,ITA,IRL,7223
1984351,114,106,1484,2011,568672.0,5117.0,2.516395,-0.534301,JPN,IRL,7223
1984352,121,106,1484,2011,137942.0,0.0,1.731371,0.8306879999999999,KOR,IRL,7223
1984353,133,106,1484,2011,0.0,353.0,0.511015,0.560905,MAC,IRL,7223
1984354,138,106,1484,2011,0.0,3762106.0,0.9534600000000001,0.706982,MEX,IRL,7223
1984355,153,106,1484,2011,1850.0,159342.0,0.9893290000000001,0.632079,MYS,IRL,7223
1984356,162,106,1484,2011,1694650.0,2436908.0,1.1655229999999999,1.410167,NLD,IRL,7223
1984357,163,106,1484,2011,0.0,15895.0,0.8492770000000001,0.050044,NOR,IRL,7223
1984358,167,106,1484,2011,0.0,135911.0,-0.473703,-0.952491,OMN,IRL,7223
1984359,177,106,1484,2011,4203.0,244040.0,1.133641,1.134203,POL,IRL,7223
1984360,186,106,1484,2011,0.0,42683.0,0.47319399999999995,-0.20801599999999998,RUS,IRL,7223
1984361,188,106,1484,2011,0.0,2395.0,0.354045,-0.800028,SAU,IRL,7223
1984362,192,106,1484,2011,110576.0,11351.0,1.849116,0.52127,SGP,IRL,7223
1984363,208,106,1484,2011,8471.0,654123.0,1.857146,0.366159,SWE,IRL,7223
1984364,216,106,1484,2011,3995.0,0.0,0.889009,1.503118,THA,IRL,7223
1984365,224,106,1484,2011,0.0,252824.0,0.45775,2.4316259999999996,TUR,IRL,7223
1984366,228,106,1484,2011,2603.0,2283.0,0.6221409999999999,0.765505,UKR,IRL,7223
1984367,229,106,1484,2011,21516.0,0.0,1.131297,-0.235093,UMI,IRL,7223
1984368,231,106,1484,2011,5384228.0,1168126.0,1.6884849999999998,-0.474499,USA,IRL,7223
1984369,236,106,1484,2011,0.0,1844.0,-0.841147,-1.095636,VEN,IRL,7223
1984370,249,106,1484,2011,2281.0,0.0,1.803234,0.921233,TWN,IRL,7223
1984371,250,106,1484,2011,160970.0,0.0,0.475638,-0.160135,ANS,IRL,7223
1984372,18,110,1484,2011,1705.0,0.0,1.221703,1.247961,BEL,ISR,7223
1984373,41,110,1484,2011,4785.0,0.0,2.2644029999999997,0.406131,CHE,ISR,7223
1984374,42,110,1484,2011,0.0,301315.0,-0.199877,-0.353009,CHL,ISR,7223
1984375,43,110,1484,2011,1434857.0,0.0,1.072299,1.686826,CHN,ISR,7223
1984376,47,110,1484,2011,0.0,3155.0,-0.979359,-1.084589,COG,ISR,7223
1984377,59,110,1484,2011,2947.0,1294.0,1.737788,0.14741600000000002,CZE,ISR,7223
1984378,61,110,1484,2011,59707.0,0.0,2.074435,-3.440815,DEU,ISR,7223
1984379,71,110,1484,2011,27232.0,0.0,0.8677290000000001,2.4618450000000003,ESP,ISR,7223
1984380,77,110,1484,2011,23859.0,0.0,1.532054,0.09339299999999999,FRA,ISR,7223
1984381,81,110,1484,2011,15163.0,0.0,1.8048220000000001,0.380141,GBR,ISR,7223
1984382,83,110,1484,2011,0.0,14237.0,-0.8627319999999999,-0.608823,GHA,ISR,7223
1984383,97,110,1484,2011,1432.0,0.0,0.663588,1.902118,HKG,ISR,7223
1984384,102,110,1484,2011,0.0,22990.0,1.486592,0.805642,HUN,ISR,7223
1984385,104,110,1484,2011,3670499.0,32021.0,0.18276199999999998,2.398765,IND,ISR,7223
1984386,106,110,1484,2011,22206.0,0.0,1.403182,0.290245,IRL,ISR,7223
1984387,111,110,1484,2011,786496.0,25699.0,1.298751,0.48013599999999995,ITA,ISR,7223
1984388,114,110,1484,2011,18860.0,0.0,2.516395,-0.534301,JPN,ISR,7223
1984389,121,110,1484,2011,2049760.0,0.0,1.731371,0.8306879999999999,KOR,ISR,7223
1984390,138,110,1484,2011,1087.0,0.0,0.9534600000000001,0.706982,MEX,ISR,7223
1984391,162,110,1484,2011,35286.0,0.0,1.1655229999999999,1.410167,NLD,ISR,7223
1984392,177,110,1484,2011,62655.0,0.0,1.133641,1.134203,POL,ISR,7223
1984393,208,110,1484,2011,58518.0,0.0,1.857146,0.366159,SWE,ISR,7223
1984394,209,110,1484,2011,0.0,5077.0,0.169986,-0.078842,SWZ,ISR,7223
1984395,216,110,1484,2011,21409.0,0.0,0.889009,1.503118,THA,ISR,7223
1984396,224,110,1484,2011,2844.0,0.0,0.45775,2.4316259999999996,TUR,ISR,7223
1984397,227,110,1484,2011,0.0,21772.0,-0.7153,-0.062678,UGA,ISR,7223
1984398,231,110,1484,2011,622292.0,7889.0,1.6884849999999998,-0.474499,USA,ISR,7223
1984399,246,110,1484,2011,1487.0,4070.0,0.241792,1.353011,ZAF,ISR,7223
1984400,249,110,1484,2011,113444.0,0.0,1.803234,0.921233,TWN,ISR,7223
1984401,4,111,1484,2011,0.0,17034.0,-0.331435,-0.034828,ALB,ITA,7223
1984402,7,111,1484,2011,0.0,138284.0,0.030652,-0.450808,ARE,ITA,7223
1984403,8,111,1484,2011,0.0,243323.0,0.240494,0.540376,ARG,ITA,7223
1984404,14,111,1484,2011,71860.0,1061502.0,-0.138148,0.002999,AUS,ITA,7223
1984405,15,111,1484,2011,52480.0,1507475.0,1.687634,-0.229095,AUT,ITA,7223
1984406,16,111,1484,2011,0.0,420394.0,-1.313136,-1.189989,AZE,ITA,7223
1984407,18,111,1484,2011,4991943.0,921654.0,1.221703,1.247961,BEL,ITA,7223
1984408,21,111,1484,2011,0.0,11886.0,-1.163278,-1.002332,BFA,ITA,7223
1984409,23,111,1484,2011,0.0,63917.0,0.537967,1.520973,BGR,ITA,7223
1984410,26,111,1484,2011,19526.0,60383.0,0.391425,0.6066600000000001,BIH,ITA,7223
1984411,28,111,1484,2011,0.0,46894.0,0.8786729999999999,0.442097,BLR,ITA,7223
1984412,32,111,1484,2011,7284.0,566023.0,0.27718400000000004,0.5674319999999999,BRA,ITA,7223
1984413,39,111,1484,2011,6363.0,5954.0,0.754813,1.1967290000000002,CAN,ITA,7223
1984414,41,111,1484,2011,14467227.0,8235864.0,2.2644029999999997,0.406131,CHE,ITA,7223
1984415,42,111,1484,2011,0.0,6376.0,-0.199877,-0.353009,CHL,ITA,7223
1984416,43,111,1484,2011,8815254.0,1081524.0,1.072299,1.686826,CHN,ITA,7223
1984417,49,111,1484,2011,2442.0,0.0,0.14336600000000002,-0.22996,COL,ITA,7223
1984418,54,111,1484,2011,0.0,169025.0,-0.050093,-0.88759,CUB,ITA,7223
1984419,58,111,1484,2011,0.0,12921.0,0.798165,0.424179,CYP,ITA,7223
1984420,59,111,1484,2011,8139168.0,1886087.0,1.737788,0.14741600000000002,CZE,ITA,7223
1984421,61,111,1484,2011,8305583.0,34610376.0,2.074435,-3.440815,DEU,ITA,7223
1984422,64,111,1484,2011,990.0,279622.0,1.156026,1.2248299999999999,DNK,ITA,7223
1984423,66,111,1484,2011,0.0,9037.0,-1.36763,-1.140594,DZA,ITA,7223
1984424,68,111,1484,2011,0.0,1929.0,-0.166243,1.384719,EGY,ITA,7223
1984425,71,111,1484,2011,6891881.0,4910696.0,0.8677290000000001,2.4618450000000003,ESP,ITA,7223
1984426,72,111,1484,2011,0.0,4632.0,0.9806790000000001,1.110449,EST,ITA,7223
1984427,73,111,1484,2011,0.0,5308.0,-1.258175,-0.920692,ETH,ITA,7223
1984428,74,111,1484,2011,0.0,53803.0,1.7488830000000002,0.890934,FIN,ITA,7223
1984429,77,111,1484,2011,7409738.0,17368512.0,1.532054,0.09339299999999999,FRA,ITA,7223
1984430,81,111,1484,2011,650614.0,7896709.0,1.8048220000000001,0.380141,GBR,ITA,7223
1984431,83,111,1484,2011,0.0,1284.0,-0.8627319999999999,-0.608823,GHA,ITA,7223
1984432,90,111,1484,2011,0.0,450611.0,0.138679,1.30044,GRC,ITA,7223
1984433,97,111,1484,2011,0.0,3010.0,0.663588,1.902118,HKG,ITA,7223
1984434,100,111,1484,2011,3566.0,617792.0,0.868294,0.9424299999999999,HRV,ITA,7223
1984435,102,111,1484,2011,0.0,239298.0,1.486592,0.805642,HUN,ITA,7223
1984436,103,111,1484,2011,66410.0,22199.0,-0.234125,1.168384,IDN,ITA,7223
1984437,104,111,1484,2011,23640850.0,259616.0,0.18276199999999998,2.398765,IND,ITA,7223
1984438,106,111,1484,2011,8766.0,53586.0,1.403182,0.290245,IRL,ITA,7223
1984439,107,111,1484,2011,0.0,262502.0,-0.915379,-0.973194,IRN,ITA,7223
1984440,109,111,1484,2011,0.0,1123.0,0.284202,-0.23753000000000002,ISL,ITA,7223
1984441,110,111,1484,2011,25699.0,786496.0,1.324384,0.714611,ISR,ITA,7223
1984442,113,111,1484,2011,0.0,2827.0,0.231605,0.47049399999999997,JOR,ITA,7223
1984443,114,111,1484,2011,767976.0,25644.0,2.516395,-0.534301,JPN,ITA,7223
1984444,115,111,1484,2011,0.0,4370.0,-0.514687,-0.775671,KAZ,ITA,7223
1984445,117,111,1484,2011,0.0,721.0,-0.323348,0.164469,KGZ,ITA,7223
1984446,121,111,1484,2011,2684980.0,26232.0,1.731371,0.8306879999999999,KOR,ITA,7223
1984447,122,111,1484,2011,0.0,12314.0,-0.898582,-1.09893,KWT,ITA,7223
1984448,126,111,1484,2011,0.0,9744.0,-1.680464,-1.148511,LBY,ITA,7223
1984449,130,111,1484,2011,0.0,2303.0,0.747963,0.9759530000000001,LTU,ITA,7223
1984450,131,111,1484,2011,550066.0,4324.0,1.1655739999999999,1.222379,LUX,ITA,7223
1984451,132,111,1484,2011,0.0,20485.0,0.7320939999999999,1.101321,LVA,ITA,7223
1984452,134,111,1484,2011,0.0,24360.0,-0.485404,0.099828,MAR,ITA,7223
1984453,135,111,1484,2011,0.0,9735.0,-0.225556,0.28622,MDA,ITA,7223
1984454,136,111,1484,2011,0.0,1658.0,-1.040519,-0.404883,MDG,ITA,7223
1984455,138,111,1484,2011,1199150.0,47809.0,0.9534600000000001,0.706982,MEX,ITA,7223
1984456,140,111,1484,2011,0.0,27128.0,-0.12310499999999999,0.16392,MKD,ITA,7223
1984457,151,111,1484,2011,0.0,22033.0,-0.09464600000000001,0.091177,MUS,ITA,7223
1984458,153,111,1484,2011,21720.0,165285.0,0.9893290000000001,0.632079,MYS,ITA,7223
1984459,159,111,1484,2011,0.0,26851.0,-1.699286,-1.15511,NGA,ITA,7223
1984460,162,111,1484,2011,913399.0,2359126.0,1.1655229999999999,1.410167,NLD,ITA,7223
1984461,163,111,1484,2011,0.0,98283.0,0.8492770000000001,0.050044,NOR,ITA,7223
1984462,166,111,1484,2011,0.0,94374.0,0.372732,0.548601,NZL,ITA,7223
1984463,167,111,1484,2011,7854.0,63627.0,-0.473703,-0.952491,OMN,ITA,7223
1984464,168,111,1484,2011,0.0,4906.0,-0.729677,0.6026729999999999,PAK,ITA,7223
1984465,173,111,1484,2011,0.0,29012.0,-0.455977,0.442543,PER,ITA,7223
1984466,177,111,1484,2011,3280759.0,3901755.0,1.133641,1.134203,POL,ITA,7223
1984467,179,111,1484,2011,0.0,1062160.0,0.558481,2.7056240000000003,PRT,ITA,7223
1984468,180,111,1484,2011,0.0,9726.0,-0.548759,-0.877743,PRY,ITA,7223
1984469,185,111,1484,2011,5037.0,1026483.0,0.722,1.296655,ROU,ITA,7223
1984470,186,111,1484,2011,0.0,121843.0,0.47319399999999995,-0.20801599999999998,RUS,ITA,7223
1984471,188,111,1484,2011,0.0,7722.0,0.354045,-0.800028,SAU,ITA,7223
1984472,192,111,1484,2011,0.0,10987.0,1.849116,0.52127,SGP,ITA,7223
1984473,201,111,1484,2011,0.0,41649.0,0.49055699999999997,1.5601399999999999,SRB,ITA,7223
1984474,206,111,1484,2011,0.0,639465.0,1.262897,0.8230569999999999,SVK,ITA,7223
1984475,207,111,1484,2011,378889.0,1325983.0,1.642913,0.700222,SVN,ITA,7223
1984476,208,111,1484,2011,7649474.0,1066211.0,1.857146,0.366159,SWE,ITA,7223
1984477,216,111,1484,2011,3488.0,88149.0,0.889009,1.503118,THA,ITA,7223
1984478,223,111,1484,2011,0.0,624936.0,0.151221,1.1252360000000001,TUN,ITA,7223
1984479,224,111,1484,2011,14730.0,1236778.0,0.45775,2.4316259999999996,TUR,ITA,7223
1984480,226,111,1484,2011,0.0,2886.0,-0.751316,0.286505,TZA,ITA,7223
1984481,228,111,1484,2011,0.0,847487.0,0.6221409999999999,0.765505,UKR,ITA,7223
1984482,231,111,1484,2011,3207661.0,2507921.0,1.6884849999999998,-0.474499,USA,ITA,7223
1984483,236,111,1484,2011,0.0,1394.0,-0.841147,-1.095636,VEN,ITA,7223
1984484,246,111,1484,2011,9336.0,1879667.0,0.241792,1.353011,ZAF,ITA,7223
1984485,248,111,1484,2011,0.0,13005.0,-0.858662,-0.8632719999999999,ZWE,ITA,7223
1984486,249,111,1484,2011,2152269.0,590704.0,1.803234,0.921233,TWN,ITA,7223
1984487,33,112,1484,2011,3312.0,0.0,0.445982,0.204672,BRB,JAM,7223
1984488,43,112,1484,2011,71955.0,0.0,1.072299,1.686826,CHN,JAM,7223
1984489,97,112,1484,2011,1371.0,0.0,0.663588,1.902118,HKG,JAM,7223
1984490,222,112,1484,2011,3618.0,0.0,-0.44228,-1.031793,TTO,JAM,7223
1984491,231,112,1484,2011,47516.0,0.0,1.6884849999999998,-0.474499,USA,JAM,7223
1984492,7,114,1484,2011,0.0,24711.0,0.030652,-0.450808,ARE,JPN,7223
1984493,8,114,1484,2011,0.0,20557.0,0.240494,0.540376,ARG,JPN,7223
1984494,14,114,1484,2011,28314.0,33022.0,-0.138148,0.002999,AUS,JPN,7223
1984495,15,114,1484,2011,4998.0,37969.0,1.687634,-0.229095,AUT,JPN,7223
1984496,18,114,1484,2011,3150505.0,944039.0,1.221703,1.247961,BEL,JPN,7223
1984497,22,114,1484,2011,0.0,31336.0,-1.074416,-0.8276370000000001,BGD,JPN,7223
1984498,32,114,1484,2011,0.0,8811052.0,0.27718400000000004,0.5674319999999999,BRA,JPN,7223
1984499,39,114,1484,2011,0.0,158466.0,0.754813,1.1967290000000002,CAN,JPN,7223
1984500,41,114,1484,2011,28853.0,1948247.0,2.2644029999999997,0.406131,CHE,JPN,7223
1984501,43,114,1484,2011,47433824.0,50844292.0,1.072299,1.686826,CHN,JPN,7223
1984502,52,114,1484,2011,2952.0,2581.0,0.04325,-0.553193,CRI,JPN,7223
1984503,59,114,1484,2011,358920.0,525969.0,1.737788,0.14741600000000002,CZE,JPN,7223
1984504,61,114,1484,2011,6515122.0,9683688.0,2.074435,-3.440815,DEU,JPN,7223
1984505,64,114,1484,2011,25855.0,46886.0,1.156026,1.2248299999999999,DNK,JPN,7223
1984506,66,114,1484,2011,0.0,4512.0,-1.36763,-1.140594,DZA,JPN,7223
1984507,67,114,1484,2011,0.0,17002.0,-0.8250639999999999,-0.839082,ECU,JPN,7223
1984508,68,114,1484,2011,0.0,322888.0,-0.166243,1.384719,EGY,JPN,7223
1984509,71,114,1484,2011,563850.0,4784.0,0.8677290000000001,2.4618450000000003,ESP,JPN,7223
1984510,72,114,1484,2011,0.0,10065.0,0.9806790000000001,1.110449,EST,JPN,7223
1984511,74,114,1484,2011,2621.0,0.0,1.7488830000000002,0.890934,FIN,JPN,7223
1984512,77,114,1484,2011,58743.0,154183.0,1.532054,0.09339299999999999,FRA,JPN,7223
1984513,79,114,1484,2011,0.0,1038.0,-0.882574,-0.8780530000000001,FSM,JPN,7223
1984514,81,114,1484,2011,21968.0,424083.0,1.8048220000000001,0.380141,GBR,JPN,7223
1984515,90,114,1484,2011,0.0,144759.0,0.138679,1.30044,GRC,JPN,7223
1984516,97,114,1484,2011,303920.0,10519083.0,0.663588,1.902118,HKG,JPN,7223
1984517,102,114,1484,2011,0.0,108896.0,1.486592,0.805642,HUN,JPN,7223
1984518,103,114,1484,2011,70811.0,8703597.0,-0.234125,1.168384,IDN,JPN,7223
1984519,104,114,1484,2011,1250082.0,12330179.0,0.18276199999999998,2.398765,IND,JPN,7223
1984520,106,114,1484,2011,5117.0,568672.0,1.403182,0.290245,IRL,JPN,7223
1984521,108,114,1484,2011,0.0,2876.0,-2.175137,-0.726975,IRQ,JPN,7223
1984522,110,114,1484,2011,0.0,18860.0,1.324384,0.714611,ISR,JPN,7223
1984523,111,114,1484,2011,25644.0,767976.0,1.298751,0.48013599999999995,ITA,JPN,7223
1984524,121,114,1484,2011,63308744.0,22899082.0,1.731371,0.8306879999999999,KOR,JPN,7223
1984525,122,114,1484,2011,0.0,38904.0,-0.898582,-1.09893,KWT,JPN,7223
1984526,128,114,1484,2011,0.0,156579.0,-0.559311,0.398905,LKA,JPN,7223
1984527,133,114,1484,2011,0.0,8841.0,0.511015,0.560905,MAC,JPN,7223
1984528,138,114,1484,2011,0.0,1921499.0,0.9534600000000001,0.706982,MEX,JPN,7223
1984529,143,114,1484,2011,0.0,2027.0,-1.3557190000000001,-0.929934,MMR,JPN,7223
1984530,153,114,1484,2011,2566.0,13223061.0,0.9893290000000001,0.632079,MYS,JPN,7223
1984531,160,114,1484,2011,0.0,4263.0,-0.9592139999999999,-0.796108,NIC,JPN,7223
1984532,162,114,1484,2011,39485.0,6480010.0,1.1655229999999999,1.410167,NLD,JPN,7223
1984533,163,114,1484,2011,0.0,6898.0,0.8492770000000001,0.050044,NOR,JPN,7223
1984534,166,114,1484,2011,3189.0,21312.0,0.372732,0.548601,NZL,JPN,7223
1984535,168,114,1484,2011,5019.0,31507.0,-0.729677,0.6026729999999999,PAK,JPN,7223
1984536,169,114,1484,2011,0.0,48512.0,0.786135,1.061008,PAN,JPN,7223
1984537,173,114,1484,2011,0.0,122493.0,-0.455977,0.442543,PER,JPN,7223
1984538,174,114,1484,2011,35081.0,2032591.0,0.364707,0.322626,PHL,JPN,7223
1984539,176,114,1484,2011,0.0,6755.0,-1.1111659999999999,-0.9458610000000001,PNG,JPN,7223
1984540,177,114,1484,2011,0.0,173852.0,1.133641,1.134203,POL,JPN,7223
1984541,179,114,1484,2011,0.0,3780226.0,0.558481,2.7056240000000003,PRT,JPN,7223
1984542,186,114,1484,2011,0.0,1648.0,0.47319399999999995,-0.20801599999999998,RUS,JPN,7223
1984543,188,114,1484,2011,0.0,103354.0,0.354045,-0.800028,SAU,JPN,7223
1984544,192,114,1484,2011,25457.0,2941458.0,1.849116,0.52127,SGP,JPN,7223
1984545,207,114,1484,2011,0.0,1190.0,1.642913,0.700222,SVN,JPN,7223
1984546,208,114,1484,2011,5646806.0,50782.0,1.857146,0.366159,SWE,JPN,7223
1984547,216,114,1484,2011,18498098.0,30477196.0,0.889009,1.503118,THA,JPN,7223
1984548,223,114,1484,2011,0.0,36968.0,0.151221,1.1252360000000001,TUN,JPN,7223
1984549,224,114,1484,2011,0.0,220047.0,0.45775,2.4316259999999996,TUR,JPN,7223
1984550,226,114,1484,2011,0.0,2952.0,-0.751316,0.286505,TZA,JPN,7223
1984551,228,114,1484,2011,0.0,26461.0,0.6221409999999999,0.765505,UKR,JPN,7223
1984552,230,114,1484,2011,0.0,70163.0,0.313195,0.042866,URY,JPN,7223
1984553,231,114,1484,2011,1973988.0,16405893.0,1.6884849999999998,-0.474499,USA,JPN,7223
1984554,236,114,1484,2011,0.0,8034.0,-0.841147,-1.095636,VEN,JPN,7223
1984555,239,114,1484,2011,1144677.0,5529847.0,-0.184453,1.637207,VNM,JPN,7223
1984556,246,114,1484,2011,0.0,5997.0,0.241792,1.353011,ZAF,JPN,7223
1984557,249,114,1484,2011,11276301.0,13501035.0,1.803234,0.921233,TWN,JPN,7223
1984558,7,121,1484,2011,0.0,428385.0,0.030652,-0.450808,ARE,KOR,7223
1984559,8,121,1484,2011,0.0,719043.0,0.240494,0.540376,ARG,KOR,7223
1984560,14,121,1484,2011,3194.0,2565005.0,-0.138148,0.002999,AUS,KOR,7223
1984561,15,121,1484,2011,137852.0,0.0,1.687634,-0.229095,AUT,KOR,7223
1984562,18,121,1484,2011,3909.0,1700051.0,1.221703,1.247961,BEL,KOR,7223
1984563,23,121,1484,2011,0.0,27297.0,0.537967,1.520973,BGR,KOR,7223
1984564,32,121,1484,2011,30459.0,912433.0,0.27718400000000004,0.5674319999999999,BRA,KOR,7223
1984565,38,121,1484,2011,0.0,1021.0,-0.318191,-0.68375,CAF,KOR,7223
1984566,39,121,1484,2011,6031.0,358942.0,0.754813,1.1967290000000002,CAN,KOR,7223
1984567,41,121,1484,2011,4067.0,593863.0,2.2644029999999997,0.406131,CHE,KOR,7223
1984568,42,121,1484,2011,0.0,361945.0,-0.199877,-0.353009,CHL,KOR,7223
1984569,43,121,1484,2011,25112966.0,32450662.0,1.072299,1.686826,CHN,KOR,7223
1984570,45,121,1484,2011,0.0,5526.0,-0.7956340000000001,-0.8532790000000001,CMR,KOR,7223
1984571,49,121,1484,2011,0.0,210016.0,0.14336600000000002,-0.22996,COL,KOR,7223
1984572,59,121,1484,2011,1145233.0,1181705.0,1.737788,0.14741600000000002,CZE,KOR,7223
1984573,61,121,1484,2011,993201.0,20542164.0,2.074435,-3.440815,DEU,KOR,7223
1984574,64,121,1484,2011,2385.0,62570.0,1.156026,1.2248299999999999,DNK,KOR,7223
1984575,65,121,1484,2011,0.0,1825.0,-0.260653,0.5682010000000001,DOM,KOR,7223
1984576,66,121,1484,2011,0.0,6407.0,-1.36763,-1.140594,DZA,KOR,7223
1984577,67,121,1484,2011,0.0,25035.0,-0.8250639999999999,-0.839082,ECU,KOR,7223
1984578,68,121,1484,2011,0.0,244438.0,-0.166243,1.384719,EGY,KOR,7223
1984579,71,121,1484,2011,20945.0,2871772.0,0.8677290000000001,2.4618450000000003,ESP,KOR,7223
1984580,74,121,1484,2011,0.0,123825.0,1.7488830000000002,0.890934,FIN,KOR,7223
1984581,75,121,1484,2011,0.0,3301.0,-0.434356,-0.010863,FJI,KOR,7223
1984582,77,121,1484,2011,1123058.0,379765.0,1.532054,0.09339299999999999,FRA,KOR,7223
1984583,81,121,1484,2011,151223.0,2024643.0,1.8048220000000001,0.380141,GBR,KOR,7223
1984584,90,121,1484,2011,0.0,9343.0,0.138679,1.30044,GRC,KOR,7223
1984585,93,121,1484,2011,0.0,7455.0,-0.329497,0.775369,GTM,KOR,7223
1984586,97,121,1484,2011,5028.0,18153894.0,0.663588,1.902118,HKG,KOR,7223
1984587,100,121,1484,2011,0.0,33408.0,0.868294,0.9424299999999999,HRV,KOR,7223
1984588,102,121,1484,2011,7527.0,0.0,1.486592,0.805642,HUN,KOR,7223
1984589,103,121,1484,2011,9661.0,1597825.0,-0.234125,1.168384,IDN,KOR,7223
1984590,104,121,1484,2011,3302554.0,2244143.0,0.18276199999999998,2.398765,IND,KOR,7223
1984591,106,121,1484,2011,0.0,137942.0,1.403182,0.290245,IRL,KOR,7223
1984592,107,121,1484,2011,0.0,1244638.0,-0.915379,-0.973194,IRN,KOR,7223
1984593,110,121,1484,2011,0.0,2049760.0,1.324384,0.714611,ISR,KOR,7223
1984594,111,121,1484,2011,26232.0,2684980.0,1.298751,0.48013599999999995,ITA,KOR,7223
1984595,114,121,1484,2011,22899082.0,63308744.0,2.516395,-0.534301,JPN,KOR,7223
1984596,115,121,1484,2011,0.0,21448.0,-0.514687,-0.775671,KAZ,KOR,7223
1984597,116,121,1484,2011,0.0,2530.0,-0.48319300000000004,0.346927,KEN,KOR,7223
1984598,122,121,1484,2011,0.0,5347.0,-0.898582,-1.09893,KWT,KOR,7223
1984599,124,121,1484,2011,0.0,5117.0,0.278393,1.2962879999999999,LBN,KOR,7223
1984600,128,121,1484,2011,0.0,15863.0,-0.559311,0.398905,LKA,KOR,7223
1984601,130,121,1484,2011,0.0,2251.0,0.747963,0.9759530000000001,LTU,KOR,7223
1984602,131,121,1484,2011,0.0,5936.0,1.1655739999999999,1.222379,LUX,KOR,7223
1984603,132,121,1484,2011,0.0,395231.0,0.7320939999999999,1.101321,LVA,KOR,7223
1984604,138,121,1484,2011,0.0,387807.0,0.9534600000000001,0.706982,MEX,KOR,7223
1984605,153,121,1484,2011,8909.0,4488916.0,0.9893290000000001,0.632079,MYS,KOR,7223
1984606,156,121,1484,2011,0.0,22482.0,-0.976349,-0.798691,NCL,KOR,7223
1984607,162,121,1484,2011,21151.0,3948515.0,1.1655229999999999,1.410167,NLD,KOR,7223
1984608,163,121,1484,2011,15804.0,0.0,0.8492770000000001,0.050044,NOR,KOR,7223
1984609,166,121,1484,2011,4190.0,382652.0,0.372732,0.548601,NZL,KOR,7223
1984610,167,121,1484,2011,0.0,7299.0,-0.473703,-0.952491,OMN,KOR,7223
1984611,168,121,1484,2011,0.0,665132.0,-0.729677,0.6026729999999999,PAK,KOR,7223
1984612,169,121,1484,2011,0.0,212226.0,0.786135,1.061008,PAN,KOR,7223
1984613,173,121,1484,2011,0.0,12393.0,-0.455977,0.442543,PER,KOR,7223
1984614,174,121,1484,2011,56961.0,1962056.0,0.364707,0.322626,PHL,KOR,7223
1984615,177,121,1484,2011,3237.0,1072240.0,1.133641,1.134203,POL,KOR,7223
1984616,182,121,1484,2011,0.0,1560.0,0.37798000000000004,-0.460049,PYF,KOR,7223
1984617,185,121,1484,2011,0.0,1612.0,0.722,1.296655,ROU,KOR,7223
1984618,186,121,1484,2011,0.0,134472.0,0.47319399999999995,-0.20801599999999998,RUS,KOR,7223
1984619,188,121,1484,2011,0.0,23330.0,0.354045,-0.800028,SAU,KOR,7223
1984620,192,121,1484,2011,201275.0,5188280.0,1.849116,0.52127,SGP,KOR,7223
1984621,197,121,1484,2011,0.0,1037.0,-0.09713200000000001,0.20772600000000002,SLV,KOR,7223
1984622,201,121,1484,2011,0.0,1555.0,0.49055699999999997,1.5601399999999999,SRB,KOR,7223
1984623,206,121,1484,2011,0.0,15309.0,1.262897,0.8230569999999999,SVK,KOR,7223
1984624,207,121,1484,2011,0.0,25812.0,1.642913,0.700222,SVN,KOR,7223
1984625,208,121,1484,2011,2590943.0,676796.0,1.857146,0.366159,SWE,KOR,7223
1984626,209,121,1484,2011,0.0,111095.0,0.169986,-0.078842,SWZ,KOR,7223
1984627,216,121,1484,2011,90212.0,4723234.0,0.889009,1.503118,THA,KOR,7223
1984628,219,121,1484,2011,0.0,3685.0,-1.549495,-1.202504,TKM,KOR,7223
1984629,221,121,1484,2011,0.0,1746.0,-0.14256,-0.589116,TON,KOR,7223
1984630,224,121,1484,2011,0.0,3397733.0,0.45775,2.4316259999999996,TUR,KOR,7223
1984631,228,121,1484,2011,0.0,32943.0,0.6221409999999999,0.765505,UKR,KOR,7223
1984632,231,121,1484,2011,1267640.0,43448896.0,1.6884849999999998,-0.474499,USA,KOR,7223
1984633,239,121,1484,2011,7419048.0,1246487.0,-0.184453,1.637207,VNM,KOR,7223
1984634,246,121,1484,2011,157980.0,4232248.0,0.241792,1.353011,ZAF,KOR,7223
1984635,249,121,1484,2011,4341632.0,2807966.0,1.803234,0.921233,TWN,KOR,7223
1984636,15,122,1484,2011,11110.0,0.0,1.687634,-0.229095,AUT,KWT,7223
1984637,39,122,1484,2011,73958.0,0.0,0.754813,1.1967290000000002,CAN,KWT,7223
1984638,41,122,1484,2011,7252.0,0.0,2.2644029999999997,0.406131,CHE,KWT,7223
1984639,43,122,1484,2011,3490.0,0.0,1.072299,1.686826,CHN,KWT,7223
1984640,61,122,1484,2011,7744.0,0.0,2.074435,-3.440815,DEU,KWT,7223
1984641,71,122,1484,2011,2145.0,0.0,0.8677290000000001,2.4618450000000003,ESP,KWT,7223
1984642,77,122,1484,2011,1025.0,0.0,1.532054,0.09339299999999999,FRA,KWT,7223
1984643,81,122,1484,2011,217967.0,0.0,1.8048220000000001,0.380141,GBR,KWT,7223
1984644,104,122,1484,2011,25380.0,0.0,0.18276199999999998,2.398765,IND,KWT,7223
1984645,111,122,1484,2011,12314.0,0.0,1.298751,0.48013599999999995,ITA,KWT,7223
1984646,114,122,1484,2011,38904.0,0.0,2.516395,-0.534301,JPN,KWT,7223
1984647,121,122,1484,2011,5347.0,0.0,1.731371,0.8306879999999999,KOR,KWT,7223
1984648,162,122,1484,2011,33883.0,0.0,1.1655229999999999,1.410167,NLD,KWT,7223
1984649,174,122,1484,2011,1008.0,0.0,0.364707,0.322626,PHL,KWT,7223
1984650,179,122,1484,2011,1247.0,0.0,0.558481,2.7056240000000003,PRT,KWT,7223
1984651,188,122,1484,2011,34742.0,0.0,0.354045,-0.800028,SAU,KWT,7223
1984652,208,122,1484,2011,68851.0,0.0,1.857146,0.366159,SWE,KWT,7223
1984653,216,122,1484,2011,24761.0,0.0,0.889009,1.503118,THA,KWT,7223
1984654,231,122,1484,2011,6178.0,0.0,1.6884849999999998,-0.474499,USA,KWT,7223
1984655,246,122,1484,2011,3230.0,0.0,0.241792,1.353011,ZAF,KWT,7223
1984656,249,122,1484,2011,1005.0,0.0,1.803234,0.921233,TWN,KWT,7223
1984657,18,134,1484,2011,38245.0,0.0,1.221703,1.247961,BEL,MAR,7223
1984658,41,134,1484,2011,35789.0,0.0,2.2644029999999997,0.406131,CHE,MAR,7223
1984659,43,134,1484,2011,15394.0,0.0,1.072299,1.686826,CHN,MAR,7223
1984660,59,134,1484,2011,6111.0,0.0,1.737788,0.14741600000000002,CZE,MAR,7223
1984661,61,134,1484,2011,74483.0,0.0,2.074435,-3.440815,DEU,MAR,7223
1984662,71,134,1484,2011,233536.0,0.0,0.8677290000000001,2.4618450000000003,ESP,MAR,7223
1984663,77,134,1484,2011,592957.0,0.0,1.532054,0.09339299999999999,FRA,MAR,7223
1984664,104,134,1484,2011,34870.0,0.0,0.18276199999999998,2.398765,IND,MAR,7223
1984665,111,134,1484,2011,24360.0,0.0,1.298751,0.48013599999999995,ITA,MAR,7223
1984666,138,134,1484,2011,42566.0,0.0,0.9534600000000001,0.706982,MEX,MAR,7223
1984667,162,134,1484,2011,2006.0,0.0,1.1655229999999999,1.410167,NLD,MAR,7223
1984668,177,134,1484,2011,931.0,0.0,1.133641,1.134203,POL,MAR,7223
1984669,208,134,1484,2011,39289.0,0.0,1.857146,0.366159,SWE,MAR,7223
1984670,223,134,1484,2011,22820.0,0.0,0.151221,1.1252360000000001,TUN,MAR,7223
1984671,224,134,1484,2011,19414.0,0.0,0.45775,2.4316259999999996,TUR,MAR,7223
1984672,231,134,1484,2011,75164.0,0.0,1.6884849999999998,-0.474499,USA,MAR,7223
1984673,249,134,1484,2011,34172.0,0.0,1.803234,0.921233,TWN,MAR,7223
1984674,8,138,1484,2011,0.0,20224.0,0.240494,0.540376,ARG,MEX,7223
1984675,14,138,1484,2011,1073.0,5046.0,-0.138148,0.002999,AUS,MEX,7223
1984676,15,138,1484,2011,1848.0,0.0,1.687634,-0.229095,AUT,MEX,7223
1984677,18,138,1484,2011,192932.0,35439.0,1.221703,1.247961,BEL,MEX,7223
1984678,32,138,1484,2011,146063.0,776569.0,0.27718400000000004,0.5674319999999999,BRA,MEX,7223
1984679,39,138,1484,2011,26427.0,143895.0,0.754813,1.1967290000000002,CAN,MEX,7223
1984680,41,138,1484,2011,1673334.0,1561980.0,2.2644029999999997,0.406131,CHE,MEX,7223
1984681,42,138,1484,2011,0.0,1543.0,-0.199877,-0.353009,CHL,MEX,7223
1984682,43,138,1484,2011,2026643.0,76718.0,1.072299,1.686826,CHN,MEX,7223
1984683,49,138,1484,2011,0.0,140559.0,0.14336600000000002,-0.22996,COL,MEX,7223
1984684,52,138,1484,2011,0.0,2746608.0,0.04325,-0.553193,CRI,MEX,7223
1984685,59,138,1484,2011,164825.0,22510.0,1.737788,0.14741600000000002,CZE,MEX,7223
1984686,61,138,1484,2011,705744.0,295809.0,2.074435,-3.440815,DEU,MEX,7223
1984687,65,138,1484,2011,0.0,6407.0,-0.260653,0.5682010000000001,DOM,MEX,7223
1984688,67,138,1484,2011,0.0,1103.0,-0.8250639999999999,-0.839082,ECU,MEX,7223
1984689,71,138,1484,2011,3025.0,52879.0,0.8677290000000001,2.4618450000000003,ESP,MEX,7223
1984690,77,138,1484,2011,127264.0,309396.0,1.532054,0.09339299999999999,FRA,MEX,7223
1984691,81,138,1484,2011,103579.0,355249.0,1.8048220000000001,0.380141,GBR,MEX,7223
1984692,93,138,1484,2011,0.0,5288.0,-0.329497,0.775369,GTM,MEX,7223
1984693,102,138,1484,2011,0.0,9669.0,1.486592,0.805642,HUN,MEX,7223
1984694,104,138,1484,2011,2287958.0,10397.0,0.18276199999999998,2.398765,IND,MEX,7223
1984695,106,138,1484,2011,3762106.0,0.0,1.403182,0.290245,IRL,MEX,7223
1984696,110,138,1484,2011,0.0,1087.0,1.324384,0.714611,ISR,MEX,7223
1984697,111,138,1484,2011,47809.0,1199150.0,1.298751,0.48013599999999995,ITA,MEX,7223
1984698,114,138,1484,2011,1921499.0,0.0,2.516395,-0.534301,JPN,MEX,7223
1984699,121,138,1484,2011,387807.0,0.0,1.731371,0.8306879999999999,KOR,MEX,7223
1984700,134,138,1484,2011,0.0,42566.0,-0.485404,0.099828,MAR,MEX,7223
1984701,160,138,1484,2011,0.0,3626.0,-0.9592139999999999,-0.796108,NIC,MEX,7223
1984702,162,138,1484,2011,10663.0,0.0,1.1655229999999999,1.410167,NLD,MEX,7223
1984703,169,138,1484,2011,0.0,11496.0,0.786135,1.061008,PAN,MEX,7223
1984704,177,138,1484,2011,0.0,27236.0,1.133641,1.134203,POL,MEX,7223
1984705,178,138,1484,2011,11902.0,0.0,-0.024317,-0.154781,PRK,MEX,7223
1984706,185,138,1484,2011,0.0,61787.0,0.722,1.296655,ROU,MEX,7223
1984707,192,138,1484,2011,1008.0,0.0,1.849116,0.52127,SGP,MEX,7223
1984708,197,138,1484,2011,0.0,4677.0,-0.09713200000000001,0.20772600000000002,SLV,MEX,7223
1984709,208,138,1484,2011,1666542.0,0.0,1.857146,0.366159,SWE,MEX,7223
1984710,216,138,1484,2011,15212.0,0.0,0.889009,1.503118,THA,MEX,7223
1984711,224,138,1484,2011,0.0,1737.0,0.45775,2.4316259999999996,TUR,MEX,7223
1984712,231,138,1484,2011,29297910.0,239869.0,1.6884849999999998,-0.474499,USA,MEX,7223
1984713,236,138,1484,2011,0.0,68668.0,-0.841147,-1.095636,VEN,MEX,7223
1984714,246,138,1484,2011,19141.0,92571.0,0.241792,1.353011,ZAF,MEX,7223
1984715,249,138,1484,2011,407323.0,0.0,1.803234,0.921233,TWN,MEX,7223
1984716,14,153,1484,2011,2678.0,0.0,-0.138148,0.002999,AUS,MYS,7223
1984717,15,153,1484,2011,2008.0,0.0,1.687634,-0.229095,AUT,MYS,7223
1984718,18,153,1484,2011,7228.0,0.0,1.221703,1.247961,BEL,MYS,7223
1984719,32,153,1484,2011,1478.0,72549.0,0.27718400000000004,0.5674319999999999,BRA,MYS,7223
1984720,34,153,1484,2011,0.0,44168.0,-0.171775,-0.6656810000000001,BRN,MYS,7223
1984721,39,153,1484,2011,13276.0,0.0,0.754813,1.1967290000000002,CAN,MYS,7223
1984722,41,153,1484,2011,83421.0,362468.0,2.2644029999999997,0.406131,CHE,MYS,7223
1984723,43,153,1484,2011,4538136.0,268874.0,1.072299,1.686826,CHN,MYS,7223
1984724,61,153,1484,2011,277471.0,23452.0,2.074435,-3.440815,DEU,MYS,7223
1984725,64,153,1484,2011,6228.0,0.0,1.156026,1.2248299999999999,DNK,MYS,7223
1984726,77,153,1484,2011,100095.0,3409.0,1.532054,0.09339299999999999,FRA,MYS,7223
1984727,81,153,1484,2011,54498.0,16115.0,1.8048220000000001,0.380141,GBR,MYS,7223
1984728,97,153,1484,2011,15588.0,839978.0,0.663588,1.902118,HKG,MYS,7223
1984729,103,153,1484,2011,102202.0,330049.0,-0.234125,1.168384,IDN,MYS,7223
1984730,104,153,1484,2011,495330.0,77143.0,0.18276199999999998,2.398765,IND,MYS,7223
1984731,106,153,1484,2011,159342.0,1850.0,1.403182,0.290245,IRL,MYS,7223
1984732,111,153,1484,2011,165285.0,21720.0,1.298751,0.48013599999999995,ITA,MYS,7223
1984733,114,153,1484,2011,13223061.0,2566.0,2.516395,-0.534301,JPN,MYS,7223
1984734,121,153,1484,2011,4488916.0,8909.0,1.731371,0.8306879999999999,KOR,MYS,7223
1984735,123,153,1484,2011,0.0,179927.0,-1.135039,-0.929759,LAO,MYS,7223
1984736,124,153,1484,2011,0.0,5961.0,0.278393,1.2962879999999999,LBN,MYS,7223
1984737,128,153,1484,2011,2105.0,0.0,-0.559311,0.398905,LKA,MYS,7223
1984738,137,153,1484,2011,0.0,3648.0,-0.937469,-0.87897,MDV,MYS,7223
1984739,159,153,1484,2011,0.0,2928.0,-1.699286,-1.15511,NGA,MYS,7223
1984740,162,153,1484,2011,23270.0,0.0,1.1655229999999999,1.410167,NLD,MYS,7223
1984741,163,153,1484,2011,455849.0,15900.0,0.8492770000000001,0.050044,NOR,MYS,7223
1984742,166,153,1484,2011,0.0,8729.0,0.372732,0.548601,NZL,MYS,7223
1984743,168,153,1484,2011,0.0,103398.0,-0.729677,0.6026729999999999,PAK,MYS,7223
1984744,174,153,1484,2011,5677.0,13725.0,0.364707,0.322626,PHL,MYS,7223
1984745,176,153,1484,2011,0.0,152271.0,-1.1111659999999999,-0.9458610000000001,PNG,MYS,7223
1984746,192,153,1484,2011,2421539.0,286500.0,1.849116,0.52127,SGP,MYS,7223
1984747,195,153,1484,2011,0.0,20883.0,-1.401353,-0.931205,SLB,MYS,7223
1984748,208,153,1484,2011,731144.0,0.0,1.857146,0.366159,SWE,MYS,7223
1984749,216,153,1484,2011,546010.0,347427.0,0.889009,1.503118,THA,MYS,7223
1984750,231,153,1484,2011,775988.0,0.0,1.6884849999999998,-0.474499,USA,MYS,7223
1984751,239,153,1484,2011,79999.0,143061.0,-0.184453,1.637207,VNM,MYS,7223
1984752,246,153,1484,2011,0.0,5163.0,0.241792,1.353011,ZAF,MYS,7223
1984753,249,153,1484,2011,2803117.0,66296.0,1.803234,0.921233,TWN,MYS,7223
1984754,0,162,1484,2011,0.0,875.0,-0.282585,-0.71273,ABW,NLD,7223
1984755,2,162,1484,2011,0.0,1457.0,-1.252991,-1.132314,AGO,NLD,7223
1984756,7,162,1484,2011,0.0,22487.0,0.030652,-0.450808,ARE,NLD,7223
1984757,9,162,1484,2011,0.0,7660.0,0.543397,-0.029376999999999997,ARM,NLD,7223
1984758,14,162,1484,2011,0.0,31810.0,-0.138148,0.002999,AUS,NLD,7223
1984759,15,162,1484,2011,4576.0,50106.0,1.687634,-0.229095,AUT,NLD,7223
1984760,16,162,1484,2011,0.0,94460.0,-1.313136,-1.189989,AZE,NLD,7223
1984761,18,162,1484,2011,2177703.0,2902777.0,1.221703,1.247961,BEL,NLD,7223
1984762,23,162,1484,2011,0.0,2229.0,0.537967,1.520973,BGR,NLD,7223
1984763,25,162,1484,2011,0.0,4359.0,0.320669,-0.531655,BHS,NLD,7223
1984764,28,162,1484,2011,0.0,36909.0,0.8786729999999999,0.442097,BLR,NLD,7223
1984765,32,162,1484,2011,0.0,33670.0,0.27718400000000004,0.5674319999999999,BRA,NLD,7223
1984766,39,162,1484,2011,9250.0,165141.0,0.754813,1.1967290000000002,CAN,NLD,7223
1984767,41,162,1484,2011,1731601.0,132284.0,2.2644029999999997,0.406131,CHE,NLD,7223
1984768,42,162,1484,2011,0.0,5802.0,-0.199877,-0.353009,CHL,NLD,7223
1984769,43,162,1484,2011,13708496.0,107722.0,1.072299,1.686826,CHN,NLD,7223
1984770,49,162,1484,2011,0.0,13446.0,0.14336600000000002,-0.22996,COL,NLD,7223
1984771,58,162,1484,2011,0.0,11316.0,0.798165,0.424179,CYP,NLD,7223
1984772,59,162,1484,2011,501842.0,3008740.0,1.737788,0.14741600000000002,CZE,NLD,7223
1984773,61,162,1484,2011,11034828.0,7681400.0,2.074435,-3.440815,DEU,NLD,7223
1984774,64,162,1484,2011,522038.0,3292303.0,1.156026,1.2248299999999999,DNK,NLD,7223
1984775,65,162,1484,2011,0.0,964.0,-0.260653,0.5682010000000001,DOM,NLD,7223
1984776,66,162,1484,2011,0.0,1904.0,-1.36763,-1.140594,DZA,NLD,7223
1984777,68,162,1484,2011,0.0,6732.0,-0.166243,1.384719,EGY,NLD,7223
1984778,71,162,1484,2011,3875906.0,648875.0,0.8677290000000001,2.4618450000000003,ESP,NLD,7223
1984779,72,162,1484,2011,0.0,4316.0,0.9806790000000001,1.110449,EST,NLD,7223
1984780,73,162,1484,2011,0.0,11444.0,-1.258175,-0.920692,ETH,NLD,7223
1984781,74,162,1484,2011,7130.0,340082.0,1.7488830000000002,0.890934,FIN,NLD,7223
1984782,77,162,1484,2011,5358848.0,746925.0,1.532054,0.09339299999999999,FRA,NLD,7223
1984783,81,162,1484,2011,2084549.0,899430.0,1.8048220000000001,0.380141,GBR,NLD,7223
1984784,82,162,1484,2011,0.0,3069.0,-0.07754,-0.35434699999999997,GEO,NLD,7223
1984785,90,162,1484,2011,0.0,244290.0,0.138679,1.30044,GRC,NLD,7223
1984786,97,162,1484,2011,0.0,2007.0,0.663588,1.902118,HKG,NLD,7223
1984787,100,162,1484,2011,0.0,3736.0,0.868294,0.9424299999999999,HRV,NLD,7223
1984788,102,162,1484,2011,17473.0,22447.0,1.486592,0.805642,HUN,NLD,7223
1984789,103,162,1484,2011,0.0,1226.0,-0.234125,1.168384,IDN,NLD,7223
1984790,104,162,1484,2011,7452052.0,495106.0,0.18276199999999998,2.398765,IND,NLD,7223
1984791,106,162,1484,2011,2436908.0,1694650.0,1.403182,0.290245,IRL,NLD,7223
1984792,109,162,1484,2011,0.0,2330.0,0.284202,-0.23753000000000002,ISL,NLD,7223
1984793,110,162,1484,2011,0.0,35286.0,1.324384,0.714611,ISR,NLD,7223
1984794,111,162,1484,2011,2359126.0,913399.0,1.298751,0.48013599999999995,ITA,NLD,7223
1984795,113,162,1484,2011,0.0,16628.0,0.231605,0.47049399999999997,JOR,NLD,7223
1984796,114,162,1484,2011,6480010.0,39485.0,2.516395,-0.534301,JPN,NLD,7223
1984797,115,162,1484,2011,0.0,10771.0,-0.514687,-0.775671,KAZ,NLD,7223
1984798,121,162,1484,2011,3948515.0,21151.0,1.731371,0.8306879999999999,KOR,NLD,7223
1984799,122,162,1484,2011,0.0,33883.0,-0.898582,-1.09893,KWT,NLD,7223
1984800,126,162,1484,2011,0.0,5313.0,-1.680464,-1.148511,LBY,NLD,7223
1984801,128,162,1484,2011,0.0,2847.0,-0.559311,0.398905,LKA,NLD,7223
1984802,130,162,1484,2011,0.0,110575.0,0.747963,0.9759530000000001,LTU,NLD,7223
1984803,131,162,1484,2011,1016066.0,1804040.0,1.1655739999999999,1.222379,LUX,NLD,7223
1984804,132,162,1484,2011,0.0,2038.0,0.7320939999999999,1.101321,LVA,NLD,7223
1984805,134,162,1484,2011,0.0,2006.0,-0.485404,0.099828,MAR,NLD,7223
1984806,136,162,1484,2011,0.0,19693.0,-1.040519,-0.404883,MDG,NLD,7223
1984807,138,162,1484,2011,0.0,10663.0,0.9534600000000001,0.706982,MEX,NLD,7223
1984808,147,162,1484,2011,0.0,519.0,-1.2069299999999998,-0.977785,MOZ,NLD,7223
1984809,153,162,1484,2011,0.0,23270.0,0.9893290000000001,0.632079,MYS,NLD,7223
1984810,163,162,1484,2011,0.0,176021.0,0.8492770000000001,0.050044,NOR,NLD,7223
1984811,166,162,1484,2011,0.0,5740.0,0.372732,0.548601,NZL,NLD,7223
1984812,177,162,1484,2011,339448.0,4549906.0,1.133641,1.134203,POL,NLD,7223
1984813,179,162,1484,2011,8102.0,187698.0,0.558481,2.7056240000000003,PRT,NLD,7223
1984814,185,162,1484,2011,0.0,28904.0,0.722,1.296655,ROU,NLD,7223
1984815,186,162,1484,2011,0.0,99544.0,0.47319399999999995,-0.20801599999999998,RUS,NLD,7223
1984816,188,162,1484,2011,0.0,158182.0,0.354045,-0.800028,SAU,NLD,7223
1984817,191,162,1484,2011,34314.0,0.0,-0.624346,-0.308052,SEN,NLD,7223
1984818,192,162,1484,2011,5296.0,13714.0,1.849116,0.52127,SGP,NLD,7223
1984819,201,162,1484,2011,0.0,27260.0,0.49055699999999997,1.5601399999999999,SRB,NLD,7223
1984820,206,162,1484,2011,2920.0,4343.0,1.262897,0.8230569999999999,SVK,NLD,7223
1984821,207,162,1484,2011,0.0,2423.0,1.642913,0.700222,SVN,NLD,7223
1984822,208,162,1484,2011,3171693.0,413135.0,1.857146,0.366159,SWE,NLD,7223
1984823,216,162,1484,2011,0.0,10286.0,0.889009,1.503118,THA,NLD,7223
1984824,222,162,1484,2011,0.0,7993.0,-0.44228,-1.031793,TTO,NLD,7223
1984825,224,162,1484,2011,4217.0,63032.0,0.45775,2.4316259999999996,TUR,NLD,7223
1984826,227,162,1484,2011,0.0,12052.0,-0.7153,-0.062678,UGA,NLD,7223
1984827,228,162,1484,2011,0.0,4420.0,0.6221409999999999,0.765505,UKR,NLD,7223
1984828,231,162,1484,2011,754258.0,208516.0,1.6884849999999998,-0.474499,USA,NLD,7223
1984829,239,162,1484,2011,0.0,1616.0,-0.184453,1.637207,VNM,NLD,7223
1984830,246,162,1484,2011,11988.0,47446.0,0.241792,1.353011,ZAF,NLD,7223
1984831,249,162,1484,2011,4248321.0,20055.0,1.803234,0.921233,TWN,NLD,7223
1984832,250,162,1484,2011,0.0,27320.0,0.475638,-0.160135,ANS,NLD,7223
1984833,7,166,1484,2011,43187.0,0.0,0.030652,-0.450808,ARE,NZL,7223
1984834,14,166,1484,2011,462771.0,35377.0,-0.138148,0.002999,AUS,NZL,7223
1984835,15,166,1484,2011,8460.0,0.0,1.687634,-0.229095,AUT,NZL,7223
1984836,18,166,1484,2011,2078.0,0.0,1.221703,1.247961,BEL,NZL,7223
1984837,39,166,1484,2011,21777.0,0.0,0.754813,1.1967290000000002,CAN,NZL,7223
1984838,41,166,1484,2011,9682.0,0.0,2.2644029999999997,0.406131,CHE,NZL,7223
1984839,43,166,1484,2011,124616.0,0.0,1.072299,1.686826,CHN,NZL,7223
1984840,61,166,1484,2011,79695.0,0.0,2.074435,-3.440815,DEU,NZL,7223
1984841,75,166,1484,2011,0.0,1176.0,-0.434356,-0.010863,FJI,NZL,7223
1984842,77,166,1484,2011,5514.0,0.0,1.532054,0.09339299999999999,FRA,NZL,7223
1984843,81,166,1484,2011,7595.0,7710.0,1.8048220000000001,0.380141,GBR,NZL,7223
1984844,97,166,1484,2011,0.0,2836.0,0.663588,1.902118,HKG,NZL,7223
1984845,103,166,1484,2011,27066.0,0.0,-0.234125,1.168384,IDN,NZL,7223
1984846,104,166,1484,2011,730117.0,0.0,0.18276199999999998,2.398765,IND,NZL,7223
1984847,111,166,1484,2011,94374.0,0.0,1.298751,0.48013599999999995,ITA,NZL,7223
1984848,114,166,1484,2011,21312.0,3189.0,2.516395,-0.534301,JPN,NZL,7223
1984849,121,166,1484,2011,382652.0,4190.0,1.731371,0.8306879999999999,KOR,NZL,7223
1984850,153,166,1484,2011,8729.0,0.0,0.9893290000000001,0.632079,MYS,NZL,7223
1984851,156,166,1484,2011,0.0,7500.0,-0.976349,-0.798691,NCL,NZL,7223
1984852,162,166,1484,2011,5740.0,0.0,1.1655229999999999,1.410167,NLD,NZL,7223
1984853,176,166,1484,2011,0.0,33573.0,-1.1111659999999999,-0.9458610000000001,PNG,NZL,7223
1984854,182,166,1484,2011,0.0,2967.0,0.37798000000000004,-0.460049,PYF,NZL,7223
1984855,208,166,1484,2011,212331.0,0.0,1.857146,0.366159,SWE,NZL,7223
1984856,209,166,1484,2011,490.0,0.0,0.169986,-0.078842,SWZ,NZL,7223
1984857,221,166,1484,2011,0.0,2179.0,-0.14256,-0.589116,TON,NZL,7223
1984858,231,166,1484,2011,44777.0,0.0,1.6884849999999998,-0.474499,USA,NZL,7223
1984859,242,166,1484,2011,0.0,12272.0,0.9658110000000001,0.30804699999999996,WSM,NZL,7223
1984860,246,166,1484,2011,1581.0,0.0,0.241792,1.353011,ZAF,NZL,7223
1984861,249,166,1484,2011,274783.0,0.0,1.803234,0.921233,TWN,NZL,7223
1984862,7,168,1484,2011,19805.0,1794.0,0.030652,-0.450808,ARE,PAK,7223
1984863,8,168,1484,2011,0.0,3834.0,0.240494,0.540376,ARG,PAK,7223
1984864,39,168,1484,2011,23162.0,0.0,0.754813,1.1967290000000002,CAN,PAK,7223
1984865,43,168,1484,2011,394285.0,0.0,1.072299,1.686826,CHN,PAK,7223
1984866,61,168,1484,2011,88644.0,0.0,2.074435,-3.440815,DEU,PAK,7223
1984867,67,168,1484,2011,0.0,1429.0,-0.8250639999999999,-0.839082,ECU,PAK,7223
1984868,71,168,1484,2011,2574.0,0.0,0.8677290000000001,2.4618450000000003,ESP,PAK,7223
1984869,77,168,1484,2011,21899.0,0.0,1.532054,0.09339299999999999,FRA,PAK,7223
1984870,81,168,1484,2011,92470.0,0.0,1.8048220000000001,0.380141,GBR,PAK,7223
1984871,103,168,1484,2011,2037.0,0.0,-0.234125,1.168384,IDN,PAK,7223
1984872,104,168,1484,2011,6161.0,2501.0,0.18276199999999998,2.398765,IND,PAK,7223
1984873,111,168,1484,2011,4906.0,0.0,1.298751,0.48013599999999995,ITA,PAK,7223
1984874,114,168,1484,2011,31507.0,5019.0,2.516395,-0.534301,JPN,PAK,7223
1984875,121,168,1484,2011,665132.0,0.0,1.731371,0.8306879999999999,KOR,PAK,7223
1984876,128,168,1484,2011,3645.0,0.0,-0.559311,0.398905,LKA,PAK,7223
1984877,153,168,1484,2011,103398.0,0.0,0.9893290000000001,0.632079,MYS,PAK,7223
1984878,192,168,1484,2011,12970.0,0.0,1.849116,0.52127,SGP,PAK,7223
1984879,208,168,1484,2011,12886.0,0.0,1.857146,0.366159,SWE,PAK,7223
1984880,216,168,1484,2011,114379.0,0.0,0.889009,1.503118,THA,PAK,7223
1984881,231,168,1484,2011,117234.0,0.0,1.6884849999999998,-0.474499,USA,PAK,7223
1984882,249,168,1484,2011,332272.0,0.0,1.803234,0.921233,TWN,PAK,7223
1984883,32,169,1484,2011,3865.0,0.0,0.27718400000000004,0.5674319999999999,BRA,PAN,7223
1984884,43,169,1484,2011,59098.0,0.0,1.072299,1.686826,CHN,PAN,7223
1984885,49,169,1484,2011,0.0,41960.0,0.14336600000000002,-0.22996,COL,PAN,7223
1984886,52,169,1484,2011,42276.0,6490.0,0.04325,-0.553193,CRI,PAN,7223
1984887,61,169,1484,2011,2786.0,0.0,2.074435,-3.440815,DEU,PAN,7223
1984888,65,169,1484,2011,0.0,9704.0,-0.260653,0.5682010000000001,DOM,PAN,7223
1984889,93,169,1484,2011,0.0,1911.0,-0.329497,0.775369,GTM,PAN,7223
1984890,96,169,1484,2011,0.0,11927.0,-1.079231,-1.0280989999999999,GUY,PAN,7223
1984891,97,169,1484,2011,37451.0,0.0,0.663588,1.902118,HKG,PAN,7223
1984892,99,169,1484,2011,0.0,1824.0,-0.740241,-0.311952,HND,PAN,7223
1984893,104,169,1484,2011,22654.0,0.0,0.18276199999999998,2.398765,IND,PAN,7223
1984894,114,169,1484,2011,48512.0,0.0,2.516395,-0.534301,JPN,PAN,7223
1984895,121,169,1484,2011,212226.0,0.0,1.731371,0.8306879999999999,KOR,PAN,7223
1984896,138,169,1484,2011,11496.0,0.0,0.9534600000000001,0.706982,MEX,PAN,7223
1984897,160,169,1484,2011,0.0,1959.0,-0.9592139999999999,-0.796108,NIC,PAN,7223
1984898,222,169,1484,2011,0.0,3021.0,-0.44228,-1.031793,TTO,PAN,7223
1984899,231,169,1484,2011,164248.0,1387.0,1.6884849999999998,-0.474499,USA,PAN,7223
1984900,236,169,1484,2011,0.0,8112.0,-0.841147,-1.095636,VEN,PAN,7223
1984901,8,173,1484,2011,6568.0,0.0,0.240494,0.540376,ARG,PER,7223
1984902,18,173,1484,2011,11311.0,0.0,1.221703,1.247961,BEL,PER,7223
1984903,31,173,1484,2011,0.0,12402.0,-0.818593,-0.8701770000000001,BOL,PER,7223
1984904,32,173,1484,2011,235368.0,0.0,0.27718400000000004,0.5674319999999999,BRA,PER,7223
1984905,42,173,1484,2011,33068.0,0.0,-0.199877,-0.353009,CHL,PER,7223
1984906,43,173,1484,2011,139412.0,0.0,1.072299,1.686826,CHN,PER,7223
1984907,61,173,1484,2011,44108.0,0.0,2.074435,-3.440815,DEU,PER,7223
1984908,67,173,1484,2011,0.0,999.0,-0.8250639999999999,-0.839082,ECU,PER,7223
1984909,71,173,1484,2011,1312.0,0.0,0.8677290000000001,2.4618450000000003,ESP,PER,7223
1984910,77,173,1484,2011,24789.0,0.0,1.532054,0.09339299999999999,FRA,PER,7223
1984911,81,173,1484,2011,20348.0,0.0,1.8048220000000001,0.380141,GBR,PER,7223
1984912,99,173,1484,2011,0.0,9094.0,-0.740241,-0.311952,HND,PER,7223
1984913,104,173,1484,2011,529969.0,0.0,0.18276199999999998,2.398765,IND,PER,7223
1984914,111,173,1484,2011,29012.0,0.0,1.298751,0.48013599999999995,ITA,PER,7223
1984915,114,173,1484,2011,122493.0,0.0,2.516395,-0.534301,JPN,PER,7223
1984916,121,173,1484,2011,12393.0,0.0,1.731371,0.8306879999999999,KOR,PER,7223
1984917,208,173,1484,2011,27938.0,0.0,1.857146,0.366159,SWE,PER,7223
1984918,231,173,1484,2011,298643.0,0.0,1.6884849999999998,-0.474499,USA,PER,7223
1984919,249,173,1484,2011,52151.0,0.0,1.803234,0.921233,TWN,PER,7223
1984920,43,174,1484,2011,1170401.0,0.0,1.072299,1.686826,CHN,PHL,7223
1984921,61,174,1484,2011,6660.0,0.0,2.074435,-3.440815,DEU,PHL,7223
1984922,79,174,1484,2011,0.0,1328.0,-0.882574,-0.8780530000000001,FSM,PHL,7223
1984923,97,174,1484,2011,205771.0,0.0,0.663588,1.902118,HKG,PHL,7223
1984924,103,174,1484,2011,72300.0,44455.0,-0.234125,1.168384,IDN,PHL,7223
1984925,104,174,1484,2011,34779.0,0.0,0.18276199999999998,2.398765,IND,PHL,7223
1984926,114,174,1484,2011,2032591.0,35081.0,2.516395,-0.534301,JPN,PHL,7223
1984927,121,174,1484,2011,1962056.0,56961.0,1.731371,0.8306879999999999,KOR,PHL,7223
1984928,122,174,1484,2011,0.0,1008.0,-0.898582,-1.09893,KWT,PHL,7223
1984929,153,174,1484,2011,13725.0,5677.0,0.9893290000000001,0.632079,MYS,PHL,7223
1984930,192,174,1484,2011,371918.0,14817.0,1.849116,0.52127,SGP,PHL,7223
1984931,208,174,1484,2011,66635.0,0.0,1.857146,0.366159,SWE,PHL,7223
1984932,216,174,1484,2011,3127696.0,0.0,0.889009,1.503118,THA,PHL,7223
1984933,231,174,1484,2011,97519.0,0.0,1.6884849999999998,-0.474499,USA,PHL,7223
1984934,239,174,1484,2011,22911.0,0.0,-0.184453,1.637207,VNM,PHL,7223
1984935,249,174,1484,2011,2348068.0,67796.0,1.803234,0.921233,TWN,PHL,7223
1984936,15,177,1484,2011,15135.0,3282.0,1.687634,-0.229095,AUT,POL,7223
1984937,16,177,1484,2011,0.0,223867.0,-1.313136,-1.189989,AZE,POL,7223
1984938,18,177,1484,2011,1677140.0,96984.0,1.221703,1.247961,BEL,POL,7223
1984939,23,177,1484,2011,52057.0,47191.0,0.537967,1.520973,BGR,POL,7223
1984940,25,177,1484,2011,0.0,6705.0,0.320669,-0.531655,BHS,POL,7223
1984941,28,177,1484,2011,0.0,62753.0,0.8786729999999999,0.442097,BLR,POL,7223
1984942,32,177,1484,2011,3758.0,0.0,0.27718400000000004,0.5674319999999999,BRA,POL,7223
1984943,39,177,1484,2011,18839.0,0.0,0.754813,1.1967290000000002,CAN,POL,7223
1984944,41,177,1484,2011,1958892.0,29426.0,2.2644029999999997,0.406131,CHE,POL,7223
1984945,43,177,1484,2011,168863.0,0.0,1.072299,1.686826,CHN,POL,7223
1984946,59,177,1484,2011,4146753.0,831342.0,1.737788,0.14741600000000002,CZE,POL,7223
1984947,61,177,1484,2011,7334560.0,875733.0,2.074435,-3.440815,DEU,POL,7223
1984948,64,177,1484,2011,555874.0,72339.0,1.156026,1.2248299999999999,DNK,POL,7223
1984949,71,177,1484,2011,754491.0,4007.0,0.8677290000000001,2.4618450000000003,ESP,POL,7223
1984950,72,177,1484,2011,0.0,106004.0,0.9806790000000001,1.110449,EST,POL,7223
1984951,74,177,1484,2011,13945.0,11697.0,1.7488830000000002,0.890934,FIN,POL,7223
1984952,77,177,1484,2011,657769.0,86131.0,1.532054,0.09339299999999999,FRA,POL,7223
1984953,81,177,1484,2011,557942.0,0.0,1.8048220000000001,0.380141,GBR,POL,7223
1984954,90,177,1484,2011,0.0,9194.0,0.138679,1.30044,GRC,POL,7223
1984955,100,177,1484,2011,0.0,5759.0,0.868294,0.9424299999999999,HRV,POL,7223
1984956,102,177,1484,2011,267842.0,323947.0,1.486592,0.805642,HUN,POL,7223
1984957,104,177,1484,2011,4355799.0,3100.0,0.18276199999999998,2.398765,IND,POL,7223
1984958,106,177,1484,2011,244040.0,4203.0,1.403182,0.290245,IRL,POL,7223
1984959,110,177,1484,2011,0.0,62655.0,1.324384,0.714611,ISR,POL,7223
1984960,111,177,1484,2011,3901755.0,3280759.0,1.298751,0.48013599999999995,ITA,POL,7223
1984961,114,177,1484,2011,173852.0,0.0,2.516395,-0.534301,JPN,POL,7223
1984962,115,177,1484,2011,0.0,4476.0,-0.514687,-0.775671,KAZ,POL,7223
1984963,121,177,1484,2011,1072240.0,3237.0,1.731371,0.8306879999999999,KOR,POL,7223
1984964,130,177,1484,2011,4440.0,94118.0,0.747963,0.9759530000000001,LTU,POL,7223
1984965,131,177,1484,2011,247173.0,0.0,1.1655739999999999,1.222379,LUX,POL,7223
1984966,132,177,1484,2011,0.0,13480.0,0.7320939999999999,1.101321,LVA,POL,7223
1984967,134,177,1484,2011,0.0,931.0,-0.485404,0.099828,MAR,POL,7223
1984968,135,177,1484,2011,2409.0,12646.0,-0.225556,0.28622,MDA,POL,7223
1984969,138,177,1484,2011,27236.0,0.0,0.9534600000000001,0.706982,MEX,POL,7223
1984970,162,177,1484,2011,4549906.0,339448.0,1.1655229999999999,1.410167,NLD,POL,7223
1984971,163,177,1484,2011,2554.0,0.0,0.8492770000000001,0.050044,NOR,POL,7223
1984972,179,177,1484,2011,51424.0,0.0,0.558481,2.7056240000000003,PRT,POL,7223
1984973,185,177,1484,2011,7613.0,15796.0,0.722,1.296655,ROU,POL,7223
1984974,186,177,1484,2011,0.0,265144.0,0.47319399999999995,-0.20801599999999998,RUS,POL,7223
1984975,201,177,1484,2011,0.0,1803.0,0.49055699999999997,1.5601399999999999,SRB,POL,7223
1984976,206,177,1484,2011,241904.0,40021.0,1.262897,0.8230569999999999,SVK,POL,7223
1984977,207,177,1484,2011,9627.0,61024.0,1.642913,0.700222,SVN,POL,7223
1984978,208,177,1484,2011,2184999.0,80198.0,1.857146,0.366159,SWE,POL,7223
1984979,228,177,1484,2011,0.0,41287.0,0.6221409999999999,0.765505,UKR,POL,7223
1984980,231,177,1484,2011,63426.0,6983.0,1.6884849999999998,-0.474499,USA,POL,7223
1984981,249,177,1484,2011,80045.0,0.0,1.803234,0.921233,TWN,POL,7223
1984982,250,177,1484,2011,12388.0,0.0,0.475638,-0.160135,ANS,POL,7223
1984983,2,179,1484,2011,0.0,53470.0,-1.252991,-1.132314,AGO,PRT,7223
1984984,15,179,1484,2011,250028.0,0.0,1.687634,-0.229095,AUT,PRT,7223
1984985,18,179,1484,2011,147870.0,1143.0,1.221703,1.247961,BEL,PRT,7223
1984986,32,179,1484,2011,28297.0,23291.0,0.27718400000000004,0.5674319999999999,BRA,PRT,7223
1984987,41,179,1484,2011,16919.0,25888.0,2.2644029999999997,0.406131,CHE,PRT,7223
1984988,43,179,1484,2011,349754.0,0.0,1.072299,1.686826,CHN,PRT,7223
1984989,51,179,1484,2011,0.0,3930.0,0.006139,-0.610237,CPV,PRT,7223
1984990,59,179,1484,2011,174225.0,250752.0,1.737788,0.14741600000000002,CZE,PRT,7223
1984991,61,179,1484,2011,5488060.0,12613.0,2.074435,-3.440815,DEU,PRT,7223
1984992,64,179,1484,2011,2955.0,0.0,1.156026,1.2248299999999999,DNK,PRT,7223
1984993,71,179,1484,2011,2519182.0,371266.0,0.8677290000000001,2.4618450000000003,ESP,PRT,7223
1984994,77,179,1484,2011,1133349.0,3055.0,1.532054,0.09339299999999999,FRA,PRT,7223
1984995,81,179,1484,2011,68586.0,2667.0,1.8048220000000001,0.380141,GBR,PRT,7223
1984996,90,179,1484,2011,0.0,30018.0,0.138679,1.30044,GRC,PRT,7223
1984997,104,179,1484,2011,375138.0,0.0,0.18276199999999998,2.398765,IND,PRT,7223
1984998,111,179,1484,2011,1062160.0,0.0,1.298751,0.48013599999999995,ITA,PRT,7223
1984999,114,179,1484,2011,3780226.0,0.0,2.516395,-0.534301,JPN,PRT,7223
1985000,122,179,1484,2011,0.0,1247.0,-0.898582,-1.09893,KWT,PRT,7223
1985001,147,179,1484,2011,0.0,963.0,-1.2069299999999998,-0.977785,MOZ,PRT,7223
1985002,162,179,1484,2011,187698.0,8102.0,1.1655229999999999,1.410167,NLD,PRT,7223
1985003,177,179,1484,2011,0.0,51424.0,1.133641,1.134203,POL,PRT,7223
1985004,206,179,1484,2011,73294.0,0.0,1.262897,0.8230569999999999,SVK,PRT,7223
1985005,208,179,1484,2011,226683.0,0.0,1.857146,0.366159,SWE,PRT,7223
1985006,223,179,1484,2011,0.0,15059.0,0.151221,1.1252360000000001,TUN,PRT,7223
1985007,231,179,1484,2011,9968.0,0.0,1.6884849999999998,-0.474499,USA,PRT,7223
1985008,249,179,1484,2011,1074.0,0.0,1.803234,0.921233,TWN,PRT,7223
1985009,8,180,1484,2011,14076.0,0.0,0.240494,0.540376,ARG,PRY,7223
1985010,32,180,1484,2011,16060.0,0.0,0.27718400000000004,0.5674319999999999,BRA,PRY,7223
1985011,42,180,1484,2011,15711.0,0.0,-0.199877,-0.353009,CHL,PRY,7223
1985012,43,180,1484,2011,6839.0,0.0,1.072299,1.686826,CHN,PRY,7223
1985013,61,180,1484,2011,5469.0,0.0,2.074435,-3.440815,DEU,PRY,7223
1985014,111,180,1484,2011,9726.0,0.0,1.298751,0.48013599999999995,ITA,PRY,7223
1985015,231,180,1484,2011,142809.0,0.0,1.6884849999999998,-0.474499,USA,PRY,7223
1985016,39,183,1484,2011,2996.0,0.0,0.754813,1.1967290000000002,CAN,QAT,7223
1985017,43,183,1484,2011,5654.0,0.0,1.072299,1.686826,CHN,QAT,7223
1985018,61,183,1484,2011,56597.0,0.0,2.074435,-3.440815,DEU,QAT,7223
1985019,81,183,1484,2011,510836.0,0.0,1.8048220000000001,0.380141,GBR,QAT,7223
1985020,103,183,1484,2011,26667.0,0.0,-0.234125,1.168384,IDN,QAT,7223
1985021,104,183,1484,2011,2212.0,28356.0,0.18276199999999998,2.398765,IND,QAT,7223
1985022,167,183,1484,2011,0.0,78377.0,-0.473703,-0.952491,OMN,QAT,7223
1985023,188,183,1484,2011,2636803.0,3342.0,0.354045,-0.800028,SAU,QAT,7223
1985024,224,183,1484,2011,10279.0,0.0,0.45775,2.4316259999999996,TUR,QAT,7223
1985025,231,183,1484,2011,76851.0,0.0,1.6884849999999998,-0.474499,USA,QAT,7223
1985026,15,185,1484,2011,283525.0,0.0,1.687634,-0.229095,AUT,ROU,7223
1985027,18,185,1484,2011,69992.0,0.0,1.221703,1.247961,BEL,ROU,7223
1985028,23,185,1484,2011,1083518.0,25082.0,0.537967,1.520973,BGR,ROU,7223
1985029,41,185,1484,2011,214138.0,0.0,2.2644029999999997,0.406131,CHE,ROU,7223
1985030,43,185,1484,2011,65023.0,0.0,1.072299,1.686826,CHN,ROU,7223
1985031,59,185,1484,2011,219419.0,0.0,1.737788,0.14741600000000002,CZE,ROU,7223
1985032,61,185,1484,2011,1050086.0,0.0,2.074435,-3.440815,DEU,ROU,7223
1985033,64,185,1484,2011,5227.0,0.0,1.156026,1.2248299999999999,DNK,ROU,7223
1985034,71,185,1484,2011,5854.0,0.0,0.8677290000000001,2.4618450000000003,ESP,ROU,7223
1985035,77,185,1484,2011,224800.0,9511.0,1.532054,0.09339299999999999,FRA,ROU,7223
1985036,81,185,1484,2011,19778.0,12413.0,1.8048220000000001,0.380141,GBR,ROU,7223
1985037,82,185,1484,2011,0.0,15912.0,-0.07754,-0.35434699999999997,GEO,ROU,7223
1985038,90,185,1484,2011,2745.0,15171.0,0.138679,1.30044,GRC,ROU,7223
1985039,102,185,1484,2011,178938.0,18788.0,1.486592,0.805642,HUN,ROU,7223
1985040,104,185,1484,2011,140744.0,0.0,0.18276199999999998,2.398765,IND,ROU,7223
1985041,111,185,1484,2011,1026483.0,5037.0,1.298751,0.48013599999999995,ITA,ROU,7223
1985042,115,185,1484,2011,0.0,756.0,-0.514687,-0.775671,KAZ,ROU,7223
1985043,121,185,1484,2011,1612.0,0.0,1.731371,0.8306879999999999,KOR,ROU,7223
1985044,132,185,1484,2011,946.0,0.0,0.7320939999999999,1.101321,LVA,ROU,7223
1985045,135,185,1484,2011,0.0,7091.0,-0.225556,0.28622,MDA,ROU,7223
1985046,138,185,1484,2011,61787.0,0.0,0.9534600000000001,0.706982,MEX,ROU,7223
1985047,162,185,1484,2011,28904.0,0.0,1.1655229999999999,1.410167,NLD,ROU,7223
1985048,177,185,1484,2011,15796.0,7613.0,1.133641,1.134203,POL,ROU,7223
1985049,201,185,1484,2011,1981.0,3976.0,0.49055699999999997,1.5601399999999999,SRB,ROU,7223
1985050,207,185,1484,2011,13052.0,0.0,1.642913,0.700222,SVN,ROU,7223
1985051,208,185,1484,2011,453876.0,0.0,1.857146,0.366159,SWE,ROU,7223
1985052,224,185,1484,2011,99682.0,0.0,0.45775,2.4316259999999996,TUR,ROU,7223
1985053,231,185,1484,2011,13200.0,0.0,1.6884849999999998,-0.474499,USA,ROU,7223
1985054,7,188,1484,2011,0.0,11001287.0,0.030652,-0.450808,ARE,SAU,7223
1985055,24,188,1484,2011,0.0,1042779.0,0.04085,-0.873711,BHR,SAU,7223
1985056,39,188,1484,2011,42235.0,0.0,0.754813,1.1967290000000002,CAN,SAU,7223
1985057,43,188,1484,2011,128941.0,0.0,1.072299,1.686826,CHN,SAU,7223
1985058,59,188,1484,2011,188174.0,0.0,1.737788,0.14741600000000002,CZE,SAU,7223
1985059,61,188,1484,2011,125622.0,675074.0,2.074435,-3.440815,DEU,SAU,7223
1985060,68,188,1484,2011,55886.0,74457.0,-0.166243,1.384719,EGY,SAU,7223
1985061,77,188,1484,2011,115741.0,0.0,1.532054,0.09339299999999999,FRA,SAU,7223
1985062,81,188,1484,2011,78851.0,0.0,1.8048220000000001,0.380141,GBR,SAU,7223
1985063,104,188,1484,2011,188563.0,24995.0,0.18276199999999998,2.398765,IND,SAU,7223
1985064,106,188,1484,2011,2395.0,0.0,1.403182,0.290245,IRL,SAU,7223
1985065,107,188,1484,2011,0.0,108109.0,-0.915379,-0.973194,IRN,SAU,7223
1985066,111,188,1484,2011,7722.0,0.0,1.298751,0.48013599999999995,ITA,SAU,7223
1985067,113,188,1484,2011,136268.0,19721.0,0.231605,0.47049399999999997,JOR,SAU,7223
1985068,114,188,1484,2011,103354.0,0.0,2.516395,-0.534301,JPN,SAU,7223
1985069,121,188,1484,2011,23330.0,0.0,1.731371,0.8306879999999999,KOR,SAU,7223
1985070,122,188,1484,2011,0.0,34742.0,-0.898582,-1.09893,KWT,SAU,7223
1985071,162,188,1484,2011,158182.0,0.0,1.1655229999999999,1.410167,NLD,SAU,7223
1985072,167,188,1484,2011,12531.0,3637251.0,-0.473703,-0.952491,OMN,SAU,7223
1985073,183,188,1484,2011,3342.0,2636803.0,-0.45851899999999995,-1.017033,QAT,SAU,7223
1985074,190,188,1484,2011,0.0,22730.0,-2.1675869999999997,-1.249272,SDN,SAU,7223
1985075,207,188,1484,2011,1176.0,0.0,1.642913,0.700222,SVN,SAU,7223
1985076,208,188,1484,2011,650798.0,19735.0,1.857146,0.366159,SWE,SAU,7223
1985077,216,188,1484,2011,3819.0,0.0,0.889009,1.503118,THA,SAU,7223
1985078,224,188,1484,2011,37177.0,0.0,0.45775,2.4316259999999996,TUR,SAU,7223
1985079,231,188,1484,2011,181736.0,0.0,1.6884849999999998,-0.474499,USA,SAU,7223
1985080,249,188,1484,2011,113291.0,0.0,1.803234,0.921233,TWN,SAU,7223
1985081,7,190,1484,2011,2163.0,0.0,0.030652,-0.450808,ARE,SDN,7223
1985082,43,190,1484,2011,1174.0,0.0,1.072299,1.686826,CHN,SDN,7223
1985083,68,190,1484,2011,152277.0,0.0,-0.166243,1.384719,EGY,SDN,7223
1985084,81,190,1484,2011,2633.0,0.0,1.8048220000000001,0.380141,GBR,SDN,7223
1985085,104,190,1484,2011,19662.0,0.0,0.18276199999999998,2.398765,IND,SDN,7223
1985086,188,190,1484,2011,22730.0,0.0,0.354045,-0.800028,SAU,SDN,7223
1985087,227,190,1484,2011,6633.0,0.0,-0.7153,-0.062678,UGA,SDN,7223
1985088,246,190,1484,2011,17808.0,0.0,0.241792,1.353011,ZAF,SDN,7223
1985089,7,192,1484,2011,12497.0,16158.0,0.030652,-0.450808,ARE,SGP,7223
1985090,14,192,1484,2011,23226.0,126640.0,-0.138148,0.002999,AUS,SGP,7223
1985091,18,192,1484,2011,3001.0,0.0,1.221703,1.247961,BEL,SGP,7223
1985092,24,192,1484,2011,367047.0,0.0,0.04085,-0.873711,BHR,SGP,7223
1985093,28,192,1484,2011,0.0,41956.0,0.8786729999999999,0.442097,BLR,SGP,7223
1985094,34,192,1484,2011,0.0,43668.0,-0.171775,-0.6656810000000001,BRN,SGP,7223
1985095,39,192,1484,2011,291775.0,0.0,0.754813,1.1967290000000002,CAN,SGP,7223
1985096,41,192,1484,2011,318204.0,0.0,2.2644029999999997,0.406131,CHE,SGP,7223
1985097,43,192,1484,2011,4718154.0,310577.0,1.072299,1.686826,CHN,SGP,7223
1985098,59,192,1484,2011,293769.0,0.0,1.737788,0.14741600000000002,CZE,SGP,7223
1985099,61,192,1484,2011,91115.0,80233.0,2.074435,-3.440815,DEU,SGP,7223
1985100,64,192,1484,2011,3169.0,0.0,1.156026,1.2248299999999999,DNK,SGP,7223
1985101,71,192,1484,2011,54307.0,19731.0,0.8677290000000001,2.4618450000000003,ESP,SGP,7223
1985102,74,192,1484,2011,5206.0,0.0,1.7488830000000002,0.890934,FIN,SGP,7223
1985103,75,192,1484,2011,0.0,48400.0,-0.434356,-0.010863,FJI,SGP,7223
1985104,77,192,1484,2011,57564.0,3090.0,1.532054,0.09339299999999999,FRA,SGP,7223
1985105,81,192,1484,2011,307417.0,0.0,1.8048220000000001,0.380141,GBR,SGP,7223
1985106,97,192,1484,2011,230228.0,422445.0,0.663588,1.902118,HKG,SGP,7223
1985107,103,192,1484,2011,595199.0,7592442.0,-0.234125,1.168384,IDN,SGP,7223
1985108,104,192,1484,2011,2876147.0,427661.0,0.18276199999999998,2.398765,IND,SGP,7223
1985109,106,192,1484,2011,11351.0,110576.0,1.403182,0.290245,IRL,SGP,7223
1985110,111,192,1484,2011,10987.0,0.0,1.298751,0.48013599999999995,ITA,SGP,7223
1985111,114,192,1484,2011,2941458.0,25457.0,2.516395,-0.534301,JPN,SGP,7223
1985112,121,192,1484,2011,5188280.0,201275.0,1.731371,0.8306879999999999,KOR,SGP,7223
1985113,128,192,1484,2011,0.0,17484.0,-0.559311,0.398905,LKA,SGP,7223
1985114,137,192,1484,2011,0.0,27233.0,-0.937469,-0.87897,MDV,SGP,7223
1985115,138,192,1484,2011,0.0,1008.0,0.9534600000000001,0.706982,MEX,SGP,7223
1985116,143,192,1484,2011,0.0,5015.0,-1.3557190000000001,-0.929934,MMR,SGP,7223
1985117,153,192,1484,2011,286500.0,2421539.0,0.9893290000000001,0.632079,MYS,SGP,7223
1985118,159,192,1484,2011,0.0,3009.0,-1.699286,-1.15511,NGA,SGP,7223
1985119,162,192,1484,2011,13714.0,5296.0,1.1655229999999999,1.410167,NLD,SGP,7223
1985120,163,192,1484,2011,228586.0,0.0,0.8492770000000001,0.050044,NOR,SGP,7223
1985121,168,192,1484,2011,0.0,12970.0,-0.729677,0.6026729999999999,PAK,SGP,7223
1985122,174,192,1484,2011,14817.0,371918.0,0.364707,0.322626,PHL,SGP,7223
1985123,176,192,1484,2011,0.0,1737.0,-1.1111659999999999,-0.9458610000000001,PNG,SGP,7223
1985124,195,192,1484,2011,0.0,9373.0,-1.401353,-0.931205,SLB,SGP,7223
1985125,208,192,1484,2011,698298.0,0.0,1.857146,0.366159,SWE,SGP,7223
1985126,211,192,1484,2011,0.0,4613.0,0.287017,-0.5136850000000001,SYC,SGP,7223
1985127,216,192,1484,2011,1043921.0,503595.0,0.889009,1.503118,THA,SGP,7223
1985128,231,192,1484,2011,885286.0,35838.0,1.6884849999999998,-0.474499,USA,SGP,7223
1985129,239,192,1484,2011,5675.0,242472.0,-0.184453,1.637207,VNM,SGP,7223
1985130,246,192,1484,2011,0.0,18838.0,0.241792,1.353011,ZAF,SGP,7223
1985131,249,192,1484,2011,3462631.0,563479.0,1.803234,0.921233,TWN,SGP,7223
1985132,39,197,1484,2011,1513.0,0.0,0.754813,1.1967290000000002,CAN,SLV,7223
1985133,43,197,1484,2011,6522.0,0.0,1.072299,1.686826,CHN,SLV,7223
1985134,52,197,1484,2011,2190.0,0.0,0.04325,-0.553193,CRI,SLV,7223
1985135,61,197,1484,2011,26596.0,0.0,2.074435,-3.440815,DEU,SLV,7223
1985136,93,197,1484,2011,0.0,1128.0,-0.329497,0.775369,GTM,SLV,7223
1985137,121,197,1484,2011,1037.0,0.0,1.731371,0.8306879999999999,KOR,SLV,7223
1985138,138,197,1484,2011,4677.0,0.0,0.9534600000000001,0.706982,MEX,SLV,7223
1985139,231,197,1484,2011,81999.0,0.0,1.6884849999999998,-0.474499,USA,SLV,7223
1985140,249,197,1484,2011,2581.0,0.0,1.803234,0.921233,TWN,SLV,7223
1985141,231,205,1484,2011,14230.0,0.0,1.6884849999999998,-0.474499,USA,SUR,7223
1985142,8,206,1484,2011,0.0,11517.0,0.240494,0.540376,ARG,SVK,7223
1985143,14,206,1484,2011,0.0,1040.0,-0.138148,0.002999,AUS,SVK,7223
1985144,15,206,1484,2011,224406.0,2757.0,1.687634,-0.229095,AUT,SVK,7223
1985145,18,206,1484,2011,1303265.0,23627.0,1.221703,1.247961,BEL,SVK,7223
1985146,41,206,1484,2011,46872.0,13324.0,2.2644029999999997,0.406131,CHE,SVK,7223
1985147,43,206,1484,2011,26313.0,0.0,1.072299,1.686826,CHN,SVK,7223
1985148,59,206,1484,2011,1665445.0,140245.0,1.737788,0.14741600000000002,CZE,SVK,7223
1985149,61,206,1484,2011,5489547.0,64324.0,2.074435,-3.440815,DEU,SVK,7223
1985150,64,206,1484,2011,34990.0,0.0,1.156026,1.2248299999999999,DNK,SVK,7223
1985151,71,206,1484,2011,130338.0,0.0,0.8677290000000001,2.4618450000000003,ESP,SVK,7223
1985152,77,206,1484,2011,82821.0,490268.0,1.532054,0.09339299999999999,FRA,SVK,7223
1985153,81,206,1484,2011,10851.0,0.0,1.8048220000000001,0.380141,GBR,SVK,7223
1985154,102,206,1484,2011,2939.0,0.0,1.486592,0.805642,HUN,SVK,7223
1985155,104,206,1484,2011,629634.0,0.0,0.18276199999999998,2.398765,IND,SVK,7223
1985156,111,206,1484,2011,639465.0,0.0,1.298751,0.48013599999999995,ITA,SVK,7223
1985157,121,206,1484,2011,15309.0,0.0,1.731371,0.8306879999999999,KOR,SVK,7223
1985158,162,206,1484,2011,4343.0,2920.0,1.1655229999999999,1.410167,NLD,SVK,7223
1985159,177,206,1484,2011,40021.0,241904.0,1.133641,1.134203,POL,SVK,7223
1985160,179,206,1484,2011,0.0,73294.0,0.558481,2.7056240000000003,PRT,SVK,7223
1985161,186,206,1484,2011,4057.0,0.0,0.47319399999999995,-0.20801599999999998,RUS,SVK,7223
1985162,201,206,1484,2011,0.0,1293.0,0.49055699999999997,1.5601399999999999,SRB,SVK,7223
1985163,207,206,1484,2011,1114.0,0.0,1.642913,0.700222,SVN,SVK,7223
1985164,208,206,1484,2011,44464.0,0.0,1.857146,0.366159,SWE,SVK,7223
1985165,231,206,1484,2011,5123.0,0.0,1.6884849999999998,-0.474499,USA,SVK,7223
1985166,249,206,1484,2011,4332.0,0.0,1.803234,0.921233,TWN,SVK,7223
1985167,250,206,1484,2011,989917.0,0.0,0.475638,-0.160135,ANS,SVK,7223
1985168,15,207,1484,2011,165306.0,9020.0,1.687634,-0.229095,AUT,SVN,7223
1985169,18,207,1484,2011,154349.0,0.0,1.221703,1.247961,BEL,SVN,7223
1985170,23,207,1484,2011,0.0,21452.0,0.537967,1.520973,BGR,SVN,7223
1985171,26,207,1484,2011,0.0,57875.0,0.391425,0.6066600000000001,BIH,SVN,7223
1985172,41,207,1484,2011,186215.0,0.0,2.2644029999999997,0.406131,CHE,SVN,7223
1985173,43,207,1484,2011,89347.0,0.0,1.072299,1.686826,CHN,SVN,7223
1985174,59,207,1484,2011,290531.0,14216.0,1.737788,0.14741600000000002,CZE,SVN,7223
1985175,61,207,1484,2011,351476.0,15940.0,2.074435,-3.440815,DEU,SVN,7223
1985176,64,207,1484,2011,7779.0,0.0,1.156026,1.2248299999999999,DNK,SVN,7223
1985177,71,207,1484,2011,70779.0,0.0,0.8677290000000001,2.4618450000000003,ESP,SVN,7223
1985178,77,207,1484,2011,135483.0,0.0,1.532054,0.09339299999999999,FRA,SVN,7223
1985179,81,207,1484,2011,2327.0,19787.0,1.8048220000000001,0.380141,GBR,SVN,7223
1985180,100,207,1484,2011,2043.0,146778.0,0.868294,0.9424299999999999,HRV,SVN,7223
1985181,102,207,1484,2011,0.0,7976.0,1.486592,0.805642,HUN,SVN,7223
1985182,104,207,1484,2011,1002860.0,0.0,0.18276199999999998,2.398765,IND,SVN,7223
1985183,111,207,1484,2011,1325983.0,378889.0,1.298751,0.48013599999999995,ITA,SVN,7223
1985184,114,207,1484,2011,1190.0,0.0,2.516395,-0.534301,JPN,SVN,7223
1985185,121,207,1484,2011,25812.0,0.0,1.731371,0.8306879999999999,KOR,SVN,7223
1985186,130,207,1484,2011,0.0,5946.0,0.747963,0.9759530000000001,LTU,SVN,7223
1985187,132,207,1484,2011,0.0,3360.0,0.7320939999999999,1.101321,LVA,SVN,7223
1985188,140,207,1484,2011,0.0,1598.0,-0.12310499999999999,0.16392,MKD,SVN,7223
1985189,162,207,1484,2011,2423.0,0.0,1.1655229999999999,1.410167,NLD,SVN,7223
1985190,177,207,1484,2011,61024.0,9627.0,1.133641,1.134203,POL,SVN,7223
1985191,185,207,1484,2011,0.0,13052.0,0.722,1.296655,ROU,SVN,7223
1985192,186,207,1484,2011,774.0,2174.0,0.47319399999999995,-0.20801599999999998,RUS,SVN,7223
1985193,188,207,1484,2011,0.0,1176.0,0.354045,-0.800028,SAU,SVN,7223
1985194,201,207,1484,2011,0.0,61093.0,0.49055699999999997,1.5601399999999999,SRB,SVN,7223
1985195,206,207,1484,2011,0.0,1114.0,1.262897,0.8230569999999999,SVK,SVN,7223
1985196,208,207,1484,2011,131950.0,5574.0,1.857146,0.366159,SWE,SVN,7223
1985197,224,207,1484,2011,0.0,1366.0,0.45775,2.4316259999999996,TUR,SVN,7223
1985198,231,207,1484,2011,26542.0,0.0,1.6884849999999998,-0.474499,USA,SVN,7223
1985199,250,207,1484,2011,93336.0,0.0,0.475638,-0.160135,ANS,SVN,7223
1985200,7,208,1484,2011,0.0,150186.0,0.030652,-0.450808,ARE,SWE,7223
1985201,8,208,1484,2011,30325.0,146817.0,0.240494,0.540376,ARG,SWE,7223
1985202,14,208,1484,2011,0.0,1835394.0,-0.138148,0.002999,AUS,SWE,7223
1985203,15,208,1484,2011,69150.0,829796.0,1.687634,-0.229095,AUT,SWE,7223
1985204,18,208,1484,2011,2381380.0,2854578.0,1.221703,1.247961,BEL,SWE,7223
1985205,23,208,1484,2011,0.0,270534.0,0.537967,1.520973,BGR,SWE,7223
1985206,26,208,1484,2011,0.0,23372.0,0.391425,0.6066600000000001,BIH,SWE,7223
1985207,28,208,1484,2011,0.0,56968.0,0.8786729999999999,0.442097,BLR,SWE,7223
1985208,31,208,1484,2011,0.0,2384.0,-0.818593,-0.8701770000000001,BOL,SWE,7223
1985209,32,208,1484,2011,0.0,631138.0,0.27718400000000004,0.5674319999999999,BRA,SWE,7223
1985210,39,208,1484,2011,2331.0,66234.0,0.754813,1.1967290000000002,CAN,SWE,7223
1985211,41,208,1484,2011,624189.0,6839520.0,2.2644029999999997,0.406131,CHE,SWE,7223
1985212,42,208,1484,2011,0.0,33707.0,-0.199877,-0.353009,CHL,SWE,7223
1985213,43,208,1484,2011,1100614.0,5759291.0,1.072299,1.686826,CHN,SWE,7223
1985214,49,208,1484,2011,0.0,88918.0,0.14336600000000002,-0.22996,COL,SWE,7223
1985215,52,208,1484,2011,0.0,14743.0,0.04325,-0.553193,CRI,SWE,7223
1985216,59,208,1484,2011,11730563.0,1935139.0,1.737788,0.14741600000000002,CZE,SWE,7223
1985217,61,208,1484,2011,4528900.0,45761584.0,2.074435,-3.440815,DEU,SWE,7223
1985218,64,208,1484,2011,1887711.0,3917295.0,1.156026,1.2248299999999999,DNK,SWE,7223
1985219,66,208,1484,2011,0.0,119924.0,-1.36763,-1.140594,DZA,SWE,7223
1985220,68,208,1484,2011,0.0,147312.0,-0.166243,1.384719,EGY,SWE,7223
1985221,71,208,1484,2011,6338010.0,5379389.0,0.8677290000000001,2.4618450000000003,ESP,SWE,7223
1985222,72,208,1484,2011,48879.0,322746.0,0.9806790000000001,1.110449,EST,SWE,7223
1985223,74,208,1484,2011,17393.0,4429325.0,1.7488830000000002,0.890934,FIN,SWE,7223
1985224,77,208,1484,2011,1217955.0,11681745.0,1.532054,0.09339299999999999,FRA,SWE,7223
1985225,81,208,1484,2011,773193.0,5154963.0,1.8048220000000001,0.380141,GBR,SWE,7223
1985226,90,208,1484,2011,7979.0,1914651.0,0.138679,1.30044,GRC,SWE,7223
1985227,97,208,1484,2011,0.0,389589.0,0.663588,1.902118,HKG,SWE,7223
1985228,100,208,1484,2011,0.0,34883.0,0.868294,0.9424299999999999,HRV,SWE,7223
1985229,102,208,1484,2011,0.0,280337.0,1.486592,0.805642,HUN,SWE,7223
1985230,103,208,1484,2011,21267.0,254914.0,-0.234125,1.168384,IDN,SWE,7223
1985231,104,208,1484,2011,1593017.0,14225963.0,0.18276199999999998,2.398765,IND,SWE,7223
1985232,106,208,1484,2011,654123.0,8471.0,1.403182,0.290245,IRL,SWE,7223
1985233,107,208,1484,2011,0.0,11303.0,-0.915379,-0.973194,IRN,SWE,7223
1985234,109,208,1484,2011,0.0,12654.0,0.284202,-0.23753000000000002,ISL,SWE,7223
1985235,110,208,1484,2011,0.0,58518.0,1.324384,0.714611,ISR,SWE,7223
1985236,111,208,1484,2011,1066211.0,7649474.0,1.298751,0.48013599999999995,ITA,SWE,7223
1985237,113,208,1484,2011,0.0,3039.0,0.231605,0.47049399999999997,JOR,SWE,7223
1985238,114,208,1484,2011,50782.0,5646806.0,2.516395,-0.534301,JPN,SWE,7223
1985239,116,208,1484,2011,0.0,16348.0,-0.48319300000000004,0.346927,KEN,SWE,7223
1985240,117,208,1484,2011,0.0,4117.0,-0.323348,0.164469,KGZ,SWE,7223
1985241,121,208,1484,2011,676796.0,2590943.0,1.731371,0.8306879999999999,KOR,SWE,7223
1985242,122,208,1484,2011,0.0,68851.0,-0.898582,-1.09893,KWT,SWE,7223
1985243,130,208,1484,2011,0.0,124917.0,0.747963,0.9759530000000001,LTU,SWE,7223
1985244,131,208,1484,2011,3345720.0,0.0,1.1655739999999999,1.222379,LUX,SWE,7223
1985245,132,208,1484,2011,0.0,191819.0,0.7320939999999999,1.101321,LVA,SWE,7223
1985246,134,208,1484,2011,0.0,39289.0,-0.485404,0.099828,MAR,SWE,7223
1985247,138,208,1484,2011,0.0,1666542.0,0.9534600000000001,0.706982,MEX,SWE,7223
1985248,140,208,1484,2011,0.0,989.0,-0.12310499999999999,0.16392,MKD,SWE,7223
1985249,153,208,1484,2011,0.0,731144.0,0.9893290000000001,0.632079,MYS,SWE,7223
1985250,160,208,1484,2011,0.0,4649.0,-0.9592139999999999,-0.796108,NIC,SWE,7223
1985251,162,208,1484,2011,413135.0,3171693.0,1.1655229999999999,1.410167,NLD,SWE,7223
1985252,163,208,1484,2011,5820.0,1672099.0,0.8492770000000001,0.050044,NOR,SWE,7223
1985253,166,208,1484,2011,0.0,212331.0,0.372732,0.548601,NZL,SWE,7223
1985254,167,208,1484,2011,0.0,108876.0,-0.473703,-0.952491,OMN,SWE,7223
1985255,168,208,1484,2011,0.0,12886.0,-0.729677,0.6026729999999999,PAK,SWE,7223
1985256,173,208,1484,2011,0.0,27938.0,-0.455977,0.442543,PER,SWE,7223
1985257,174,208,1484,2011,0.0,66635.0,0.364707,0.322626,PHL,SWE,7223
1985258,176,208,1484,2011,0.0,1738.0,-1.1111659999999999,-0.9458610000000001,PNG,SWE,7223
1985259,177,208,1484,2011,80198.0,2184999.0,1.133641,1.134203,POL,SWE,7223
1985260,179,208,1484,2011,0.0,226683.0,0.558481,2.7056240000000003,PRT,SWE,7223
1985261,185,208,1484,2011,0.0,453876.0,0.722,1.296655,ROU,SWE,7223
1985262,186,208,1484,2011,0.0,2954284.0,0.47319399999999995,-0.20801599999999998,RUS,SWE,7223
1985263,188,208,1484,2011,19735.0,650798.0,0.354045,-0.800028,SAU,SWE,7223
1985264,192,208,1484,2011,0.0,698298.0,1.849116,0.52127,SGP,SWE,7223
1985265,201,208,1484,2011,2616.0,339864.0,0.49055699999999997,1.5601399999999999,SRB,SWE,7223
1985266,206,208,1484,2011,0.0,44464.0,1.262897,0.8230569999999999,SVK,SWE,7223
1985267,207,208,1484,2011,5574.0,131950.0,1.642913,0.700222,SVN,SWE,7223
1985268,212,208,1484,2011,0.0,165608.0,-0.604133,0.5268970000000001,SYR,SWE,7223
1985269,216,208,1484,2011,14046.0,155747.0,0.889009,1.503118,THA,SWE,7223
1985270,223,208,1484,2011,0.0,2745.0,0.151221,1.1252360000000001,TUN,SWE,7223
1985271,224,208,1484,2011,1093.0,973408.0,0.45775,2.4316259999999996,TUR,SWE,7223
1985272,228,208,1484,2011,0.0,102346.0,0.6221409999999999,0.765505,UKR,SWE,7223
1985273,230,208,1484,2011,0.0,2270.0,0.313195,0.042866,URY,SWE,7223
1985274,231,208,1484,2011,4037706.0,11289661.0,1.6884849999999998,-0.474499,USA,SWE,7223
1985275,236,208,1484,2011,0.0,130607.0,-0.841147,-1.095636,VEN,SWE,7223
1985276,237,208,1484,2011,3728.0,0.0,0.780217,-0.010428,VGB,SWE,7223
1985277,246,208,1484,2011,0.0,232645.0,0.241792,1.353011,ZAF,SWE,7223
1985278,249,208,1484,2011,31650.0,2626999.0,1.803234,0.921233,TWN,SWE,7223
1985279,2,216,1484,2011,0.0,25150.0,-1.252991,-1.132314,AGO,THA,7223
1985280,7,216,1484,2011,0.0,7038.0,0.030652,-0.450808,ARE,THA,7223
1985281,8,216,1484,2011,0.0,474916.0,0.240494,0.540376,ARG,THA,7223
1985282,14,216,1484,2011,6609.0,68028.0,-0.138148,0.002999,AUS,THA,7223
1985283,15,216,1484,2011,43935.0,0.0,1.687634,-0.229095,AUT,THA,7223
1985284,18,216,1484,2011,42141.0,422121.0,1.221703,1.247961,BEL,THA,7223
1985285,22,216,1484,2011,0.0,7433.0,-1.074416,-0.8276370000000001,BGD,THA,7223
1985286,32,216,1484,2011,5775.0,0.0,0.27718400000000004,0.5674319999999999,BRA,THA,7223
1985287,39,216,1484,2011,0.0,25114.0,0.754813,1.1967290000000002,CAN,THA,7223
1985288,41,216,1484,2011,91817.0,10402.0,2.2644029999999997,0.406131,CHE,THA,7223
1985289,42,216,1484,2011,0.0,19100.0,-0.199877,-0.353009,CHL,THA,7223
1985290,43,216,1484,2011,14270219.0,667834.0,1.072299,1.686826,CHN,THA,7223
1985291,49,216,1484,2011,0.0,57424.0,0.14336600000000002,-0.22996,COL,THA,7223
1985292,59,216,1484,2011,321907.0,0.0,1.737788,0.14741600000000002,CZE,THA,7223
1985293,61,216,1484,2011,131722.0,1031805.0,2.074435,-3.440815,DEU,THA,7223
1985294,64,216,1484,2011,1860.0,64580.0,1.156026,1.2248299999999999,DNK,THA,7223
1985295,65,216,1484,2011,0.0,1445.0,-0.260653,0.5682010000000001,DOM,THA,7223
1985296,77,216,1484,2011,1931867.0,142894.0,1.532054,0.09339299999999999,FRA,THA,7223
1985297,81,216,1484,2011,99836.0,186094.0,1.8048220000000001,0.380141,GBR,THA,7223
1985298,97,216,1484,2011,16440.0,1493194.0,0.663588,1.902118,HKG,THA,7223
1985299,103,216,1484,2011,43726.0,1274159.0,-0.234125,1.168384,IDN,THA,7223
1985300,104,216,1484,2011,2048407.0,187861.0,0.18276199999999998,2.398765,IND,THA,7223
1985301,106,216,1484,2011,0.0,3995.0,1.403182,0.290245,IRL,THA,7223
1985302,107,216,1484,2011,0.0,226717.0,-0.915379,-0.973194,IRN,THA,7223
1985303,110,216,1484,2011,0.0,21409.0,1.324384,0.714611,ISR,THA,7223
1985304,111,216,1484,2011,88149.0,3488.0,1.298751,0.48013599999999995,ITA,THA,7223
1985305,114,216,1484,2011,30477196.0,18498098.0,2.516395,-0.534301,JPN,THA,7223
1985306,116,216,1484,2011,0.0,2001.0,-0.48319300000000004,0.346927,KEN,THA,7223
1985307,118,216,1484,2011,0.0,1328.0,-1.162858,-1.103539,KHM,THA,7223
1985308,121,216,1484,2011,4723234.0,90212.0,1.731371,0.8306879999999999,KOR,THA,7223
1985309,122,216,1484,2011,0.0,24761.0,-0.898582,-1.09893,KWT,THA,7223
1985310,123,216,1484,2011,0.0,85639.0,-1.135039,-0.929759,LAO,THA,7223
1985311,136,216,1484,2011,3406.0,0.0,-1.040519,-0.404883,MDG,THA,7223
1985312,137,216,1484,2011,0.0,2657.0,-0.937469,-0.87897,MDV,THA,7223
1985313,138,216,1484,2011,0.0,15212.0,0.9534600000000001,0.706982,MEX,THA,7223
1985314,143,216,1484,2011,0.0,157966.0,-1.3557190000000001,-0.929934,MMR,THA,7223
1985315,153,216,1484,2011,347427.0,546010.0,0.9893290000000001,0.632079,MYS,THA,7223
1985316,162,216,1484,2011,10286.0,0.0,1.1655229999999999,1.410167,NLD,THA,7223
1985317,168,216,1484,2011,0.0,114379.0,-0.729677,0.6026729999999999,PAK,THA,7223
1985318,174,216,1484,2011,0.0,3127696.0,0.364707,0.322626,PHL,THA,7223
1985319,176,216,1484,2011,0.0,50133.0,-1.1111659999999999,-0.9458610000000001,PNG,THA,7223
1985320,178,216,1484,2011,22399.0,0.0,-0.024317,-0.154781,PRK,THA,7223
1985321,188,216,1484,2011,0.0,3819.0,0.354045,-0.800028,SAU,THA,7223
1985322,192,216,1484,2011,503595.0,1043921.0,1.849116,0.52127,SGP,THA,7223
1985323,208,216,1484,2011,155747.0,14046.0,1.857146,0.366159,SWE,THA,7223
1985324,209,216,1484,2011,2867.0,0.0,0.169986,-0.078842,SWZ,THA,7223
1985325,224,216,1484,2011,0.0,65504.0,0.45775,2.4316259999999996,TUR,THA,7223
1985326,228,216,1484,2011,0.0,595371.0,0.6221409999999999,0.765505,UKR,THA,7223
1985327,231,216,1484,2011,16374.0,974847.0,1.6884849999999998,-0.474499,USA,THA,7223
1985328,239,216,1484,2011,758352.0,931110.0,-0.184453,1.637207,VNM,THA,7223
1985329,246,216,1484,2011,1704.0,25804.0,0.241792,1.353011,ZAF,THA,7223
1985330,249,216,1484,2011,4209840.0,4261144.0,1.803234,0.921233,TWN,THA,7223
1985331,81,222,1484,2011,25816.0,0.0,1.8048220000000001,0.380141,GBR,TTO,7223
1985332,112,222,1484,2011,0.0,3618.0,-0.162212,-0.621817,JAM,TTO,7223
1985333,162,222,1484,2011,7993.0,0.0,1.1655229999999999,1.410167,NLD,TTO,7223
1985334,169,222,1484,2011,3021.0,0.0,0.786135,1.061008,PAN,TTO,7223
1985335,231,222,1484,2011,270733.0,0.0,1.6884849999999998,-0.474499,USA,TTO,7223
1985336,250,222,1484,2011,0.0,5439.0,0.475638,-0.160135,ANS,TTO,7223
1985337,2,224,1484,2011,0.0,191251.0,-1.252991,-1.132314,AGO,TUR,7223
1985338,4,224,1484,2011,0.0,6408.0,-0.331435,-0.034828,ALB,TUR,7223
1985339,7,224,1484,2011,0.0,18622.0,0.030652,-0.450808,ARE,TUR,7223
1985340,8,224,1484,2011,0.0,3724.0,0.240494,0.540376,ARG,TUR,7223
1985341,15,224,1484,2011,186013.0,0.0,1.687634,-0.229095,AUT,TUR,7223
1985342,16,224,1484,2011,0.0,17353.0,-1.313136,-1.189989,AZE,TUR,7223
1985343,18,224,1484,2011,564985.0,4002.0,1.221703,1.247961,BEL,TUR,7223
1985344,23,224,1484,2011,0.0,17338.0,0.537967,1.520973,BGR,TUR,7223
1985345,26,224,1484,2011,0.0,5398.0,0.391425,0.6066600000000001,BIH,TUR,7223
1985346,28,224,1484,2011,0.0,13346.0,0.8786729999999999,0.442097,BLR,TUR,7223
1985347,39,224,1484,2011,20615.0,1331.0,0.754813,1.1967290000000002,CAN,TUR,7223
1985348,41,224,1484,2011,389038.0,0.0,2.2644029999999997,0.406131,CHE,TUR,7223
1985349,43,224,1484,2011,10242444.0,53819.0,1.072299,1.686826,CHN,TUR,7223
1985350,58,224,1484,2011,0.0,14343.0,0.798165,0.424179,CYP,TUR,7223
1985351,59,224,1484,2011,1073735.0,46428.0,1.737788,0.14741600000000002,CZE,TUR,7223
1985352,61,224,1484,2011,2560546.0,0.0,2.074435,-3.440815,DEU,TUR,7223
1985353,64,224,1484,2011,22320.0,0.0,1.156026,1.2248299999999999,DNK,TUR,7223
1985354,68,224,1484,2011,0.0,1274.0,-0.166243,1.384719,EGY,TUR,7223
1985355,71,224,1484,2011,234834.0,5167.0,0.8677290000000001,2.4618450000000003,ESP,TUR,7223
1985356,73,224,1484,2011,0.0,199551.0,-1.258175,-0.920692,ETH,TUR,7223
1985357,74,224,1484,2011,0.0,8169.0,1.7488830000000002,0.890934,FIN,TUR,7223
1985358,77,224,1484,2011,845838.0,12044.0,1.532054,0.09339299999999999,FRA,TUR,7223
1985359,81,224,1484,2011,5530.0,0.0,1.8048220000000001,0.380141,GBR,TUR,7223
1985360,82,224,1484,2011,0.0,8012.0,-0.07754,-0.35434699999999997,GEO,TUR,7223
1985361,87,224,1484,2011,0.0,26025.0,-0.621556,-0.64336,GMB,TUR,7223
1985362,90,224,1484,2011,0.0,16936.0,0.138679,1.30044,GRC,TUR,7223
1985363,104,224,1484,2011,10506111.0,8172.0,0.18276199999999998,2.398765,IND,TUR,7223
1985364,106,224,1484,2011,252824.0,0.0,1.403182,0.290245,IRL,TUR,7223
1985365,107,224,1484,2011,0.0,86770.0,-0.915379,-0.973194,IRN,TUR,7223
1985366,108,224,1484,2011,0.0,70020.0,-2.175137,-0.726975,IRQ,TUR,7223
1985367,109,224,1484,2011,0.0,2100.0,0.284202,-0.23753000000000002,ISL,TUR,7223
1985368,110,224,1484,2011,0.0,2844.0,1.324384,0.714611,ISR,TUR,7223
1985369,111,224,1484,2011,1236778.0,14730.0,1.298751,0.48013599999999995,ITA,TUR,7223
1985370,113,224,1484,2011,0.0,2107.0,0.231605,0.47049399999999997,JOR,TUR,7223
1985371,114,224,1484,2011,220047.0,0.0,2.516395,-0.534301,JPN,TUR,7223
1985372,115,224,1484,2011,0.0,5909.0,-0.514687,-0.775671,KAZ,TUR,7223
1985373,117,224,1484,2011,0.0,9776.0,-0.323348,0.164469,KGZ,TUR,7223
1985374,121,224,1484,2011,3397733.0,0.0,1.731371,0.8306879999999999,KOR,TUR,7223
1985375,124,224,1484,2011,0.0,5464.0,0.278393,1.2962879999999999,LBN,TUR,7223
1985376,126,224,1484,2011,0.0,1935.0,-1.680464,-1.148511,LBY,TUR,7223
1985377,132,224,1484,2011,0.0,1462.0,0.7320939999999999,1.101321,LVA,TUR,7223
1985378,134,224,1484,2011,0.0,19414.0,-0.485404,0.099828,MAR,TUR,7223
1985379,138,224,1484,2011,1737.0,0.0,0.9534600000000001,0.706982,MEX,TUR,7223
1985380,140,224,1484,2011,0.0,4587.0,-0.12310499999999999,0.16392,MKD,TUR,7223
1985381,142,224,1484,2011,0.0,3830.0,1.3001340000000001,0.22605799999999998,MLT,TUR,7223
1985382,147,224,1484,2011,0.0,1253.0,-1.2069299999999998,-0.977785,MOZ,TUR,7223
1985383,162,224,1484,2011,63032.0,4217.0,1.1655229999999999,1.410167,NLD,TUR,7223
1985384,167,224,1484,2011,0.0,4004.0,-0.473703,-0.952491,OMN,TUR,7223
1985385,183,224,1484,2011,0.0,10279.0,-0.45851899999999995,-1.017033,QAT,TUR,7223
1985386,185,224,1484,2011,0.0,99682.0,0.722,1.296655,ROU,TUR,7223
1985387,186,224,1484,2011,0.0,26467.0,0.47319399999999995,-0.20801599999999998,RUS,TUR,7223
1985388,188,224,1484,2011,0.0,37177.0,0.354045,-0.800028,SAU,TUR,7223
1985389,201,224,1484,2011,0.0,2957.0,0.49055699999999997,1.5601399999999999,SRB,TUR,7223
1985390,207,224,1484,2011,1366.0,0.0,1.642913,0.700222,SVN,TUR,7223
1985391,208,224,1484,2011,973408.0,1093.0,1.857146,0.366159,SWE,TUR,7223
1985392,212,224,1484,2011,0.0,15568.0,-0.604133,0.5268970000000001,SYR,TUR,7223
1985393,216,224,1484,2011,65504.0,0.0,0.889009,1.503118,THA,TUR,7223
1985394,219,224,1484,2011,0.0,29974.0,-1.549495,-1.202504,TKM,TUR,7223
1985395,223,224,1484,2011,0.0,2310.0,0.151221,1.1252360000000001,TUN,TUR,7223
1985396,228,224,1484,2011,0.0,35115.0,0.6221409999999999,0.765505,UKR,TUR,7223
1985397,230,224,1484,2011,0.0,3011.0,0.313195,0.042866,URY,TUR,7223
1985398,231,224,1484,2011,370232.0,0.0,1.6884849999999998,-0.474499,USA,TUR,7223
1985399,232,224,1484,2011,0.0,1209.0,-0.785878,-0.663918,UZB,TUR,7223
1985400,239,224,1484,2011,0.0,22321.0,-0.184453,1.637207,VNM,TUR,7223
1985401,246,224,1484,2011,0.0,22494.0,0.241792,1.353011,ZAF,TUR,7223
1985402,249,224,1484,2011,1308755.0,0.0,1.803234,0.921233,TWN,TUR,7223
1985403,250,224,1484,2011,1507.0,408752.0,0.475638,-0.160135,ANS,TUR,7223
1985404,15,228,1484,2011,11891.0,0.0,1.687634,-0.229095,AUT,UKR,7223
1985405,18,228,1484,2011,125504.0,0.0,1.221703,1.247961,BEL,UKR,7223
1985406,39,228,1484,2011,0.0,3034.0,0.754813,1.1967290000000002,CAN,UKR,7223
1985407,41,228,1484,2011,1488378.0,0.0,2.2644029999999997,0.406131,CHE,UKR,7223
1985408,43,228,1484,2011,1857823.0,9218.0,1.072299,1.686826,CHN,UKR,7223
1985409,59,228,1484,2011,332703.0,0.0,1.737788,0.14741600000000002,CZE,UKR,7223
1985410,61,228,1484,2011,364038.0,0.0,2.074435,-3.440815,DEU,UKR,7223
1985411,72,228,1484,2011,2226.0,0.0,0.9806790000000001,1.110449,EST,UKR,7223
1985412,77,228,1484,2011,7893.0,0.0,1.532054,0.09339299999999999,FRA,UKR,7223
1985413,82,228,1484,2011,0.0,2176.0,-0.07754,-0.35434699999999997,GEO,UKR,7223
1985414,102,228,1484,2011,975.0,960.0,1.486592,0.805642,HUN,UKR,7223
1985415,104,228,1484,2011,3783536.0,0.0,0.18276199999999998,2.398765,IND,UKR,7223
1985416,106,228,1484,2011,2283.0,2603.0,1.403182,0.290245,IRL,UKR,7223
1985417,111,228,1484,2011,847487.0,0.0,1.298751,0.48013599999999995,ITA,UKR,7223
1985418,114,228,1484,2011,26461.0,0.0,2.516395,-0.534301,JPN,UKR,7223
1985419,121,228,1484,2011,32943.0,0.0,1.731371,0.8306879999999999,KOR,UKR,7223
1985420,135,228,1484,2011,0.0,2329.0,-0.225556,0.28622,MDA,UKR,7223
1985421,162,228,1484,2011,4420.0,0.0,1.1655229999999999,1.410167,NLD,UKR,7223
1985422,177,228,1484,2011,41287.0,0.0,1.133641,1.134203,POL,UKR,7223
1985423,186,228,1484,2011,589038.0,6013.0,0.47319399999999995,-0.20801599999999998,RUS,UKR,7223
1985424,208,228,1484,2011,102346.0,0.0,1.857146,0.366159,SWE,UKR,7223
1985425,216,228,1484,2011,595371.0,0.0,0.889009,1.503118,THA,UKR,7223
1985426,224,228,1484,2011,35115.0,0.0,0.45775,2.4316259999999996,TUR,UKR,7223
1985427,231,228,1484,2011,20189.0,0.0,1.6884849999999998,-0.474499,USA,UKR,7223
1985428,8,230,1484,2011,2841.0,0.0,0.240494,0.540376,ARG,URY,7223
1985429,32,230,1484,2011,58966.0,0.0,0.27718400000000004,0.5674319999999999,BRA,URY,7223
1985430,42,230,1484,2011,1578.0,0.0,-0.199877,-0.353009,CHL,URY,7223
1985431,43,230,1484,2011,5793.0,0.0,1.072299,1.686826,CHN,URY,7223
1985432,61,230,1484,2011,18041.0,32200.0,2.074435,-3.440815,DEU,URY,7223
1985433,71,230,1484,2011,5842.0,0.0,0.8677290000000001,2.4618450000000003,ESP,URY,7223
1985434,77,230,1484,2011,4253.0,0.0,1.532054,0.09339299999999999,FRA,URY,7223
1985435,81,230,1484,2011,1995.0,0.0,1.8048220000000001,0.380141,GBR,URY,7223
1985436,104,230,1484,2011,2430.0,0.0,0.18276199999999998,2.398765,IND,URY,7223
1985437,114,230,1484,2011,70163.0,0.0,2.516395,-0.534301,JPN,URY,7223
1985438,208,230,1484,2011,2270.0,0.0,1.857146,0.366159,SWE,URY,7223
1985439,224,230,1484,2011,3011.0,0.0,0.45775,2.4316259999999996,TUR,URY,7223
1985440,231,230,1484,2011,2774.0,0.0,1.6884849999999998,-0.474499,USA,URY,7223
1985441,0,231,1484,2011,0.0,20107.0,-0.282585,-0.71273,ABW,USA,7223
1985442,1,231,1484,2011,0.0,7734.0,-0.8426809999999999,-0.640418,AFG,USA,7223
1985443,2,231,1484,2011,0.0,22773.0,-1.252991,-1.132314,AGO,USA,7223
1985444,7,231,1484,2011,2651576.0,467172.0,0.030652,-0.450808,ARE,USA,7223
1985445,8,231,1484,2011,0.0,241989.0,0.240494,0.540376,ARG,USA,7223
1985446,13,231,1484,2011,0.0,8723.0,0.257238,-0.275891,ATG,USA,7223
1985447,14,231,1484,2011,160613.0,295023.0,-0.138148,0.002999,AUS,USA,7223
1985448,15,231,1484,2011,32260.0,105787.0,1.687634,-0.229095,AUT,USA,7223
1985449,18,231,1484,2011,2126138.0,2306248.0,1.221703,1.247961,BEL,USA,7223
1985450,23,231,1484,2011,0.0,1109.0,0.537967,1.520973,BGR,USA,7223
1985451,24,231,1484,2011,0.0,19637.0,0.04085,-0.873711,BHR,USA,7223
1985452,25,231,1484,2011,0.0,98789.0,0.320669,-0.531655,BHS,USA,7223
1985453,29,231,1484,2011,0.0,12575.0,-0.382684,-0.581376,BLZ,USA,7223
1985454,30,231,1484,2011,0.0,84399.0,0.576438,-0.48277299999999995,BMU,USA,7223
1985455,31,231,1484,2011,0.0,50830.0,-0.818593,-0.8701770000000001,BOL,USA,7223
1985456,32,231,1484,2011,5894.0,2034743.0,0.27718400000000004,0.5674319999999999,BRA,USA,7223
1985457,33,231,1484,2011,0.0,109215.0,0.445982,0.204672,BRB,USA,7223
1985458,34,231,1484,2011,0.0,1377.0,-0.171775,-0.6656810000000001,BRN,USA,7223
1985459,39,231,1484,2011,25885490.0,20240216.0,0.754813,1.1967290000000002,CAN,USA,7223
1985460,41,231,1484,2011,5096548.0,2328244.0,2.2644029999999997,0.406131,CHE,USA,7223
1985461,42,231,1484,2011,0.0,325240.0,-0.199877,-0.353009,CHL,USA,7223
1985462,43,231,1484,2011,26047436.0,3405486.0,1.072299,1.686826,CHN,USA,7223
1985463,44,231,1484,2011,0.0,1833.0,-1.069474,-0.867439,CIV,USA,7223
1985464,47,231,1484,2011,0.0,2414.0,-0.979359,-1.084589,COG,USA,7223
1985465,49,231,1484,2011,0.0,612346.0,0.14336600000000002,-0.22996,COL,USA,7223
1985466,52,231,1484,2011,897748.0,4235782.0,0.04325,-0.553193,CRI,USA,7223
1985467,55,231,1484,2011,0.0,22548.0,-0.052038,-0.69103,CUW,USA,7223
1985468,57,231,1484,2011,0.0,55768.0,0.665662,-0.678581,CYM,USA,7223
1985469,58,231,1484,2011,0.0,305178.0,0.798165,0.424179,CYP,USA,7223
1985470,59,231,1484,2011,231707.0,436422.0,1.737788,0.14741600000000002,CZE,USA,7223
1985471,61,231,1484,2011,9528567.0,4798748.0,2.074435,-3.440815,DEU,USA,7223
1985472,64,231,1484,2011,6835.0,1430469.0,1.156026,1.2248299999999999,DNK,USA,7223
1985473,65,231,1484,2011,11743.0,2539900.0,-0.260653,0.5682010000000001,DOM,USA,7223
1985474,66,231,1484,2011,0.0,49570.0,-1.36763,-1.140594,DZA,USA,7223
1985475,67,231,1484,2011,2100.0,155467.0,-0.8250639999999999,-0.839082,ECU,USA,7223
1985476,68,231,1484,2011,0.0,58772.0,-0.166243,1.384719,EGY,USA,7223
1985477,71,231,1484,2011,1859172.0,166903.0,0.8677290000000001,2.4618450000000003,ESP,USA,7223
1985478,72,231,1484,2011,0.0,2905.0,0.9806790000000001,1.110449,EST,USA,7223
1985479,74,231,1484,2011,0.0,13468.0,1.7488830000000002,0.890934,FIN,USA,7223
1985480,77,231,1484,2011,2148038.0,1681980.0,1.532054,0.09339299999999999,FRA,USA,7223
1985481,81,231,1484,2011,1959182.0,2723658.0,1.8048220000000001,0.380141,GBR,USA,7223
1985482,83,231,1484,2011,0.0,2411.0,-0.8627319999999999,-0.608823,GHA,USA,7223
1985483,89,231,1484,2011,0.0,2568.0,-1.634315,-0.7567729999999999,GNQ,USA,7223
1985484,90,231,1484,2011,0.0,3468.0,0.138679,1.30044,GRC,USA,7223
1985485,91,231,1484,2011,0.0,8666.0,-0.11610999999999999,-0.579971,GRD,USA,7223
1985486,93,231,1484,2011,10911.0,14180.0,-0.329497,0.775369,GTM,USA,7223
1985487,96,231,1484,2011,0.0,26934.0,-1.079231,-1.0280989999999999,GUY,USA,7223
1985488,97,231,1484,2011,2904.0,2167717.0,0.663588,1.902118,HKG,USA,7223
1985489,99,231,1484,2011,0.0,22547.0,-0.740241,-0.311952,HND,USA,7223
1985490,100,231,1484,2011,0.0,2374.0,0.868294,0.9424299999999999,HRV,USA,7223
1985491,102,231,1484,2011,970.0,52425.0,1.486592,0.805642,HUN,USA,7223
1985492,103,231,1484,2011,0.0,99021.0,-0.234125,1.168384,IDN,USA,7223
1985493,104,231,1484,2011,54160832.0,998430.0,0.18276199999999998,2.398765,IND,USA,7223
1985494,106,231,1484,2011,1168126.0,5384228.0,1.403182,0.290245,IRL,USA,7223
1985495,109,231,1484,2011,0.0,23867.0,0.284202,-0.23753000000000002,ISL,USA,7223
1985496,110,231,1484,2011,7889.0,622292.0,1.324384,0.714611,ISR,USA,7223
1985497,111,231,1484,2011,2507921.0,3207661.0,1.298751,0.48013599999999995,ITA,USA,7223
1985498,112,231,1484,2011,0.0,47516.0,-0.162212,-0.621817,JAM,USA,7223
1985499,113,231,1484,2011,0.0,14962.0,0.231605,0.47049399999999997,JOR,USA,7223
1985500,114,231,1484,2011,16405893.0,1973988.0,2.516395,-0.534301,JPN,USA,7223
1985501,116,231,1484,2011,0.0,32928.0,-0.48319300000000004,0.346927,KEN,USA,7223
1985502,120,231,1484,2011,0.0,1739.0,1.056175,-0.19398800000000002,KNA,USA,7223
1985503,121,231,1484,2011,43448896.0,1267640.0,1.731371,0.8306879999999999,KOR,USA,7223
1985504,122,231,1484,2011,0.0,6178.0,-0.898582,-1.09893,KWT,USA,7223
1985505,124,231,1484,2011,0.0,1362.0,0.278393,1.2962879999999999,LBN,USA,7223
1985506,127,231,1484,2011,0.0,2031.0,0.639295,-0.17407999999999998,LCA,USA,7223
1985507,128,231,1484,2011,0.0,34410.0,-0.559311,0.398905,LKA,USA,7223
1985508,130,231,1484,2011,39845.0,3610.0,0.747963,0.9759530000000001,LTU,USA,7223
1985509,133,231,1484,2011,0.0,19890.0,0.511015,0.560905,MAC,USA,7223
1985510,134,231,1484,2011,0.0,75164.0,-0.485404,0.099828,MAR,USA,7223
1985511,135,231,1484,2011,0.0,1098.0,-0.225556,0.28622,MDA,USA,7223
1985512,138,231,1484,2011,239869.0,29297910.0,0.9534600000000001,0.706982,MEX,USA,7223
1985513,142,231,1484,2011,0.0,3027.0,1.3001340000000001,0.22605799999999998,MLT,USA,7223
1985514,151,231,1484,2011,0.0,21827.0,-0.09464600000000001,0.091177,MUS,USA,7223
1985515,153,231,1484,2011,0.0,775988.0,0.9893290000000001,0.632079,MYS,USA,7223
1985516,155,231,1484,2011,0.0,1856.0,-0.42998400000000003,-0.632233,NAM,USA,7223
1985517,157,231,1484,2011,0.0,1568.0,-0.85208,-0.731996,NER,USA,7223
1985518,159,231,1484,2011,0.0,5868.0,-1.699286,-1.15511,NGA,USA,7223
1985519,160,231,1484,2011,0.0,17449.0,-0.9592139999999999,-0.796108,NIC,USA,7223
1985520,162,231,1484,2011,208516.0,754258.0,1.1655229999999999,1.410167,NLD,USA,7223
1985521,163,231,1484,2011,0.0,21294.0,0.8492770000000001,0.050044,NOR,USA,7223
1985522,166,231,1484,2011,0.0,44777.0,0.372732,0.548601,NZL,USA,7223
1985523,167,231,1484,2011,0.0,292105.0,-0.473703,-0.952491,OMN,USA,7223
1985524,168,231,1484,2011,0.0,117234.0,-0.729677,0.6026729999999999,PAK,USA,7223
1985525,169,231,1484,2011,1387.0,164248.0,0.786135,1.061008,PAN,USA,7223
1985526,173,231,1484,2011,0.0,298643.0,-0.455977,0.442543,PER,USA,7223
1985527,174,231,1484,2011,0.0,97519.0,0.364707,0.322626,PHL,USA,7223
1985528,176,231,1484,2011,0.0,46293.0,-1.1111659999999999,-0.9458610000000001,PNG,USA,7223
1985529,177,231,1484,2011,6983.0,63426.0,1.133641,1.134203,POL,USA,7223
1985530,179,231,1484,2011,0.0,9968.0,0.558481,2.7056240000000003,PRT,USA,7223
1985531,180,231,1484,2011,0.0,142809.0,-0.548759,-0.877743,PRY,USA,7223
1985532,182,231,1484,2011,0.0,1668.0,0.37798000000000004,-0.460049,PYF,USA,7223
1985533,183,231,1484,2011,0.0,76851.0,-0.45851899999999995,-1.017033,QAT,USA,7223
1985534,185,231,1484,2011,0.0,13200.0,0.722,1.296655,ROU,USA,7223
1985535,186,231,1484,2011,0.0,111431.0,0.47319399999999995,-0.20801599999999998,RUS,USA,7223
1985536,188,231,1484,2011,0.0,181736.0,0.354045,-0.800028,SAU,USA,7223
1985537,192,231,1484,2011,35838.0,885286.0,1.849116,0.52127,SGP,USA,7223
1985538,197,231,1484,2011,0.0,81999.0,-0.09713200000000001,0.20772600000000002,SLV,USA,7223
1985539,201,231,1484,2011,0.0,2394.0,0.49055699999999997,1.5601399999999999,SRB,USA,7223
1985540,205,231,1484,2011,0.0,14230.0,-0.504897,-0.835426,SUR,USA,7223
1985541,206,231,1484,2011,0.0,5123.0,1.262897,0.8230569999999999,SVK,USA,7223
1985542,207,231,1484,2011,0.0,26542.0,1.642913,0.700222,SVN,USA,7223
1985543,208,231,1484,2011,11289661.0,4037706.0,1.857146,0.366159,SWE,USA,7223
1985544,209,231,1484,2011,0.0,29637.0,0.169986,-0.078842,SWZ,USA,7223
1985545,213,231,1484,2011,0.0,1597.0,0.610742,0.11455599999999999,TCA,USA,7223
1985546,216,231,1484,2011,974847.0,16374.0,0.889009,1.503118,THA,USA,7223
1985547,222,231,1484,2011,0.0,270733.0,-0.44228,-1.031793,TTO,USA,7223
1985548,223,231,1484,2011,0.0,11144.0,0.151221,1.1252360000000001,TUN,USA,7223
1985549,224,231,1484,2011,0.0,370232.0,0.45775,2.4316259999999996,TUR,USA,7223
1985550,228,231,1484,2011,0.0,20189.0,0.6221409999999999,0.765505,UKR,USA,7223
1985551,230,231,1484,2011,0.0,2774.0,0.313195,0.042866,URY,USA,7223
1985552,234,231,1484,2011,0.0,3896.0,0.291718,-0.250897,VCT,USA,7223
1985553,236,231,1484,2011,2835.0,271466.0,-0.841147,-1.095636,VEN,USA,7223
1985554,237,231,1484,2011,0.0,16662.0,0.780217,-0.010428,VGB,USA,7223
1985555,239,231,1484,2011,0.0,166196.0,-0.184453,1.637207,VNM,USA,7223
1985556,242,231,1484,2011,0.0,1333.0,0.9658110000000001,0.30804699999999996,WSM,USA,7223
1985557,246,231,1484,2011,0.0,250548.0,0.241792,1.353011,ZAF,USA,7223
1985558,249,231,1484,2011,15698289.0,3146249.0,1.803234,0.921233,TWN,USA,7223
1985559,32,236,1484,2011,33621.0,0.0,0.27718400000000004,0.5674319999999999,BRA,VEN,7223
1985560,43,236,1484,2011,42771.0,0.0,1.072299,1.686826,CHN,VEN,7223
1985561,49,236,1484,2011,4130.0,0.0,0.14336600000000002,-0.22996,COL,VEN,7223
1985562,61,236,1484,2011,28409.0,0.0,2.074435,-3.440815,DEU,VEN,7223
1985563,71,236,1484,2011,1317.0,0.0,0.8677290000000001,2.4618450000000003,ESP,VEN,7223
1985564,104,236,1484,2011,266478.0,0.0,0.18276199999999998,2.398765,IND,VEN,7223
1985565,106,236,1484,2011,1844.0,0.0,1.403182,0.290245,IRL,VEN,7223
1985566,111,236,1484,2011,1394.0,0.0,1.298751,0.48013599999999995,ITA,VEN,7223
1985567,114,236,1484,2011,8034.0,0.0,2.516395,-0.534301,JPN,VEN,7223
1985568,138,236,1484,2011,68668.0,0.0,0.9534600000000001,0.706982,MEX,VEN,7223
1985569,169,236,1484,2011,8112.0,0.0,0.786135,1.061008,PAN,VEN,7223
1985570,208,236,1484,2011,130607.0,0.0,1.857146,0.366159,SWE,VEN,7223
1985571,231,236,1484,2011,271466.0,2835.0,1.6884849999999998,-0.474499,USA,VEN,7223
1985572,249,236,1484,2011,3489.0,0.0,1.803234,0.921233,TWN,VEN,7223
1985573,43,243,1484,2011,4916.0,0.0,1.072299,1.686826,CHN,YEM,7223
1985574,103,243,1484,2011,3105.0,0.0,-0.234125,1.168384,IDN,YEM,7223
1985575,2,246,1484,2011,0.0,1443.0,-1.252991,-1.132314,AGO,ZAF,7223
1985576,14,246,1484,2011,15266.0,2925.0,-0.138148,0.002999,AUS,ZAF,7223
1985577,15,246,1484,2011,5006.0,0.0,1.687634,-0.229095,AUT,ZAF,7223
1985578,17,246,1484,2011,0.0,7865.0,-0.8287049999999999,-0.774558,BDI,ZAF,7223
1985579,18,246,1484,2011,59529.0,30175.0,1.221703,1.247961,BEL,ZAF,7223
1985580,37,246,1484,2011,15348.0,388327.0,-0.48782600000000004,-1.051639,BWA,ZAF,7223
1985581,39,246,1484,2011,0.0,33001.0,0.754813,1.1967290000000002,CAN,ZAF,7223
1985582,41,246,1484,2011,1791053.0,0.0,2.2644029999999997,0.406131,CHE,ZAF,7223
1985583,43,246,1484,2011,1938306.0,2674.0,1.072299,1.686826,CHN,ZAF,7223
1985584,46,246,1484,2011,0.0,14607.0,-0.722957,-0.965141,COD,ZAF,7223
1985585,59,246,1484,2011,5090329.0,5294.0,1.737788,0.14741600000000002,CZE,ZAF,7223
1985586,61,246,1484,2011,948631.0,0.0,2.074435,-3.440815,DEU,ZAF,7223
1985587,64,246,1484,2011,1064.0,0.0,1.156026,1.2248299999999999,DNK,ZAF,7223
1985588,71,246,1484,2011,7701.0,0.0,0.8677290000000001,2.4618450000000003,ESP,ZAF,7223
1985589,77,246,1484,2011,732582.0,0.0,1.532054,0.09339299999999999,FRA,ZAF,7223
1985590,81,246,1484,2011,736997.0,28590.0,1.8048220000000001,0.380141,GBR,ZAF,7223
1985591,83,246,1484,2011,0.0,11198.0,-0.8627319999999999,-0.608823,GHA,ZAF,7223
1985592,85,246,1484,2011,0.0,8658.0,-1.728661,-1.193353,GIN,ZAF,7223
1985593,92,246,1484,2011,0.0,2312.0,-0.669044,-0.787142,GRL,ZAF,7223
1985594,97,246,1484,2011,8797.0,0.0,0.663588,1.902118,HKG,ZAF,7223
1985595,102,246,1484,2011,20704.0,0.0,1.486592,0.805642,HUN,ZAF,7223
1985596,104,246,1484,2011,4736588.0,58142.0,0.18276199999999998,2.398765,IND,ZAF,7223
1985597,110,246,1484,2011,4070.0,1487.0,1.324384,0.714611,ISR,ZAF,7223
1985598,111,246,1484,2011,1879667.0,9336.0,1.298751,0.48013599999999995,ITA,ZAF,7223
1985599,114,246,1484,2011,5997.0,0.0,2.516395,-0.534301,JPN,ZAF,7223
1985600,116,246,1484,2011,0.0,7667.0,-0.48319300000000004,0.346927,KEN,ZAF,7223
1985601,121,246,1484,2011,4232248.0,157980.0,1.731371,0.8306879999999999,KOR,ZAF,7223
1985602,122,246,1484,2011,0.0,3230.0,-0.898582,-1.09893,KWT,ZAF,7223
1985603,129,246,1484,2011,0.0,246122.0,-0.868226,-0.764548,LSO,ZAF,7223
1985604,136,246,1484,2011,0.0,6573.0,-1.040519,-0.404883,MDG,ZAF,7223
1985605,138,246,1484,2011,92571.0,19141.0,0.9534600000000001,0.706982,MEX,ZAF,7223
1985606,141,246,1484,2011,0.0,9307.0,-0.6778109999999999,-0.653211,MLI,ZAF,7223
1985607,147,246,1484,2011,6993.0,74414.0,-1.2069299999999998,-0.977785,MOZ,ZAF,7223
1985608,148,246,1484,2011,0.0,16127.0,-1.2593379999999998,-1.1793209999999998,MRT,ZAF,7223
1985609,151,246,1484,2011,0.0,4108.0,-0.09464600000000001,0.091177,MUS,ZAF,7223
1985610,152,246,1484,2011,0.0,1686.0,-1.100291,-0.982559,MWI,ZAF,7223
1985611,153,246,1484,2011,5163.0,0.0,0.9893290000000001,0.632079,MYS,ZAF,7223
1985612,155,246,1484,2011,761.0,247951.0,-0.42998400000000003,-0.632233,NAM,ZAF,7223
1985613,162,246,1484,2011,47446.0,11988.0,1.1655229999999999,1.410167,NLD,ZAF,7223
1985614,166,246,1484,2011,0.0,1581.0,0.372732,0.548601,NZL,ZAF,7223
1985615,190,246,1484,2011,0.0,17808.0,-2.1675869999999997,-1.249272,SDN,ZAF,7223
1985616,192,246,1484,2011,18838.0,0.0,1.849116,0.52127,SGP,ZAF,7223
1985617,208,246,1484,2011,232645.0,0.0,1.857146,0.366159,SWE,ZAF,7223
1985618,209,246,1484,2011,0.0,941814.0,0.169986,-0.078842,SWZ,ZAF,7223
1985619,211,246,1484,2011,0.0,1219.0,0.287017,-0.5136850000000001,SYC,ZAF,7223
1985620,216,246,1484,2011,25804.0,1704.0,0.889009,1.503118,THA,ZAF,7223
1985621,224,246,1484,2011,22494.0,0.0,0.45775,2.4316259999999996,TUR,ZAF,7223
1985622,226,246,1484,2011,0.0,25557.0,-0.751316,0.286505,TZA,ZAF,7223
1985623,227,246,1484,2011,0.0,30484.0,-0.7153,-0.062678,UGA,ZAF,7223
1985624,231,246,1484,2011,250548.0,0.0,1.6884849999999998,-0.474499,USA,ZAF,7223
1985625,247,246,1484,2011,0.0,56782.0,-0.7599,-0.941019,ZMB,ZAF,7223
1985626,248,246,1484,2011,0.0,111419.0,-0.858662,-0.8632719999999999,ZWE,ZAF,7223
1985627,249,246,1484,2011,1320346.0,0.0,1.803234,0.921233,TWN,ZAF,7223
1985628,250,246,1484,2011,0.0,5234.0,0.475638,-0.160135,ANS,ZAF,7223
1985629,2,249,1484,2011,0.0,3728.0,-1.252991,-1.132314,AGO,TWN,7223
1985630,7,249,1484,2011,0.0,32084.0,0.030652,-0.450808,ARE,TWN,7223
1985631,8,249,1484,2011,0.0,218520.0,0.240494,0.540376,ARG,TWN,7223
1985632,14,249,1484,2011,18176.0,1742782.0,-0.138148,0.002999,AUS,TWN,7223
1985633,18,249,1484,2011,8028.0,479551.0,1.221703,1.247961,BEL,TWN,7223
1985634,22,249,1484,2011,0.0,73375.0,-1.074416,-0.8276370000000001,BGD,TWN,7223
1985635,23,249,1484,2011,0.0,49936.0,0.537967,1.520973,BGR,TWN,7223
1985636,24,249,1484,2011,0.0,65938.0,0.04085,-0.873711,BHR,TWN,7223
1985637,28,249,1484,2011,0.0,17636.0,0.8786729999999999,0.442097,BLR,TWN,7223
1985638,31,249,1484,2011,0.0,6278.0,-0.818593,-0.8701770000000001,BOL,TWN,7223
1985639,32,249,1484,2011,0.0,857302.0,0.27718400000000004,0.5674319999999999,BRA,TWN,7223
1985640,34,249,1484,2011,0.0,949176.0,-0.171775,-0.6656810000000001,BRN,TWN,7223
1985641,39,249,1484,2011,39650.0,2957572.0,0.754813,1.1967290000000002,CAN,TWN,7223
1985642,41,249,1484,2011,1783448.0,18233.0,2.2644029999999997,0.406131,CHE,TWN,7223
1985643,42,249,1484,2011,0.0,122650.0,-0.199877,-0.353009,CHL,TWN,7223
1985644,43,249,1484,2011,3110493.0,15555899.0,1.072299,1.686826,CHN,TWN,7223
1985645,49,249,1484,2011,0.0,47250.0,0.14336600000000002,-0.22996,COL,TWN,7223
1985646,59,249,1484,2011,0.0,150280.0,1.737788,0.14741600000000002,CZE,TWN,7223
1985647,61,249,1484,2011,2641151.0,890268.0,2.074435,-3.440815,DEU,TWN,7223
1985648,64,249,1484,2011,32939.0,3523.0,1.156026,1.2248299999999999,DNK,TWN,7223
1985649,66,249,1484,2011,0.0,12152.0,-1.36763,-1.140594,DZA,TWN,7223
1985650,67,249,1484,2011,0.0,20732.0,-0.8250639999999999,-0.839082,ECU,TWN,7223
1985651,68,249,1484,2011,0.0,24908.0,-0.166243,1.384719,EGY,TWN,7223
1985652,71,249,1484,2011,73147.0,49116.0,0.8677290000000001,2.4618450000000003,ESP,TWN,7223
1985653,74,249,1484,2011,0.0,67645.0,1.7488830000000002,0.890934,FIN,TWN,7223
1985654,77,249,1484,2011,49679.0,631402.0,1.532054,0.09339299999999999,FRA,TWN,7223
1985655,79,249,1484,2011,0.0,2682.0,-0.882574,-0.8780530000000001,FSM,TWN,7223
1985656,81,249,1484,2011,12678.0,4830254.0,1.8048220000000001,0.380141,GBR,TWN,7223
1985657,83,249,1484,2011,0.0,2249.0,-0.8627319999999999,-0.608823,GHA,TWN,7223
1985658,90,249,1484,2011,0.0,78075.0,0.138679,1.30044,GRC,TWN,7223
1985659,93,249,1484,2011,0.0,63888.0,-0.329497,0.775369,GTM,TWN,7223
1985660,97,249,1484,2011,29717.0,4860130.0,0.663588,1.902118,HKG,TWN,7223
1985661,99,249,1484,2011,0.0,4271.0,-0.740241,-0.311952,HND,TWN,7223
1985662,103,249,1484,2011,3091650.0,3827370.0,-0.234125,1.168384,IDN,TWN,7223
1985663,104,249,1484,2011,823173.0,328730.0,0.18276199999999998,2.398765,IND,TWN,7223
1985664,106,249,1484,2011,0.0,2281.0,1.403182,0.290245,IRL,TWN,7223
1985665,107,249,1484,2011,0.0,467803.0,-0.915379,-0.973194,IRN,TWN,7223
1985666,110,249,1484,2011,0.0,113444.0,1.324384,0.714611,ISR,TWN,7223
1985667,111,249,1484,2011,590704.0,2152269.0,1.298751,0.48013599999999995,ITA,TWN,7223
1985668,113,249,1484,2011,0.0,3033.0,0.231605,0.47049399999999997,JOR,TWN,7223
1985669,114,249,1484,2011,13501035.0,11276301.0,2.516395,-0.534301,JPN,TWN,7223
1985670,118,249,1484,2011,0.0,6944.0,-1.162858,-1.103539,KHM,TWN,7223
1985671,121,249,1484,2011,2807966.0,4341632.0,1.731371,0.8306879999999999,KOR,TWN,7223
1985672,122,249,1484,2011,0.0,1005.0,-0.898582,-1.09893,KWT,TWN,7223
1985673,128,249,1484,2011,0.0,11283.0,-0.559311,0.398905,LKA,TWN,7223
1985674,133,249,1484,2011,0.0,24219.0,0.511015,0.560905,MAC,TWN,7223
1985675,134,249,1484,2011,0.0,34172.0,-0.485404,0.099828,MAR,TWN,7223
1985676,138,249,1484,2011,0.0,407323.0,0.9534600000000001,0.706982,MEX,TWN,7223
1985677,139,249,1484,2011,0.0,3035.0,-0.380054,-0.73321,MHL,TWN,7223
1985678,143,249,1484,2011,0.0,30826.0,-1.3557190000000001,-0.929934,MMR,TWN,7223
1985679,153,249,1484,2011,66296.0,2803117.0,0.9893290000000001,0.632079,MYS,TWN,7223
1985680,155,249,1484,2011,0.0,682.0,-0.42998400000000003,-0.632233,NAM,TWN,7223
1985681,162,249,1484,2011,20055.0,4248321.0,1.1655229999999999,1.410167,NLD,TWN,7223
1985682,163,249,1484,2011,0.0,77174.0,0.8492770000000001,0.050044,NOR,TWN,7223
1985683,166,249,1484,2011,0.0,274783.0,0.372732,0.548601,NZL,TWN,7223
1985684,168,249,1484,2011,0.0,332272.0,-0.729677,0.6026729999999999,PAK,TWN,7223
1985685,173,249,1484,2011,0.0,52151.0,-0.455977,0.442543,PER,TWN,7223
1985686,174,249,1484,2011,67796.0,2348068.0,0.364707,0.322626,PHL,TWN,7223
1985687,175,249,1484,2011,0.0,1542.0,-0.026091000000000003,-0.753837,PLW,TWN,7223
1985688,177,249,1484,2011,0.0,80045.0,1.133641,1.134203,POL,TWN,7223
1985689,179,249,1484,2011,0.0,1074.0,0.558481,2.7056240000000003,PRT,TWN,7223
1985690,186,249,1484,2011,0.0,5836.0,0.47319399999999995,-0.20801599999999998,RUS,TWN,7223
1985691,188,249,1484,2011,0.0,113291.0,0.354045,-0.800028,SAU,TWN,7223
1985692,192,249,1484,2011,563479.0,3462631.0,1.849116,0.52127,SGP,TWN,7223
1985693,197,249,1484,2011,0.0,2581.0,-0.09713200000000001,0.20772600000000002,SLV,TWN,7223
1985694,201,249,1484,2011,0.0,5293.0,0.49055699999999997,1.5601399999999999,SRB,TWN,7223
1985695,206,249,1484,2011,0.0,4332.0,1.262897,0.8230569999999999,SVK,TWN,7223
1985696,208,249,1484,2011,2626999.0,31650.0,1.857146,0.366159,SWE,TWN,7223
1985697,212,249,1484,2011,0.0,543832.0,-0.604133,0.5268970000000001,SYR,TWN,7223
1985698,216,249,1484,2011,4261144.0,4209840.0,0.889009,1.503118,THA,TWN,7223
1985699,223,249,1484,2011,0.0,47849.0,0.151221,1.1252360000000001,TUN,TWN,7223
1985700,224,249,1484,2011,0.0,1308755.0,0.45775,2.4316259999999996,TUR,TWN,7223
1985701,231,249,1484,2011,3146249.0,15698289.0,1.6884849999999998,-0.474499,USA,TWN,7223
1985702,236,249,1484,2011,0.0,3489.0,-0.841147,-1.095636,VEN,TWN,7223
1985703,237,249,1484,2011,16016.0,0.0,0.780217,-0.010428,VGB,TWN,7223
1985704,239,249,1484,2011,508984.0,5191943.0,-0.184453,1.637207,VNM,TWN,7223
1985705,246,249,1484,2011,0.0,1320346.0,0.241792,1.353011,ZAF,TWN,7223
1985706,250,249,1484,2011,3739.0,0.0,0.475638,-0.160135,ANS,TWN,7223
1985707,8,250,1484,2011,0.0,1422.0,0.240494,0.540376,ARG,ANS,7223
1985708,18,250,1484,2011,7750.0,0.0,1.221703,1.247961,BEL,ANS,7223
1985709,42,250,1484,2011,0.0,1563.0,-0.199877,-0.353009,CHL,ANS,7223
1985710,51,250,1484,2011,14956.0,0.0,0.006139,-0.610237,CPV,ANS,7223
1985711,52,250,1484,2011,0.0,39066.0,0.04325,-0.553193,CRI,ANS,7223
1985712,59,250,1484,2011,0.0,22799.0,1.737788,0.14741600000000002,CZE,ANS,7223
1985713,67,250,1484,2011,1272.0,0.0,-0.8250639999999999,-0.839082,ECU,ANS,7223
1985714,71,250,1484,2011,0.0,35807.0,0.8677290000000001,2.4618450000000003,ESP,ANS,7223
1985715,72,250,1484,2011,0.0,140273.0,0.9806790000000001,1.110449,EST,ANS,7223
1985716,75,250,1484,2011,1617.0,0.0,-0.434356,-0.010863,FJI,ANS,7223
1985717,77,250,1484,2011,0.0,27364.0,1.532054,0.09339299999999999,FRA,ANS,7223
1985718,104,250,1484,2011,916847.0,183820.0,0.18276199999999998,2.398765,IND,ANS,7223
1985719,106,250,1484,2011,0.0,160970.0,1.403182,0.290245,IRL,ANS,7223
1985720,113,250,1484,2011,8172.0,0.0,0.231605,0.47049399999999997,JOR,ANS,7223
1985721,131,250,1484,2011,0.0,14873.0,1.1655739999999999,1.222379,LUX,ANS,7223
1985722,162,250,1484,2011,27320.0,0.0,1.1655229999999999,1.410167,NLD,ANS,7223
1985723,177,250,1484,2011,0.0,12388.0,1.133641,1.134203,POL,ANS,7223
1985724,206,250,1484,2011,0.0,989917.0,1.262897,0.8230569999999999,SVK,ANS,7223
1985725,207,250,1484,2011,0.0,93336.0,1.642913,0.700222,SVN,ANS,7223
1985726,222,250,1484,2011,5439.0,0.0,-0.44228,-1.031793,TTO,ANS,7223
1985727,224,250,1484,2011,408752.0,1507.0,0.45775,2.4316259999999996,TUR,ANS,7223
1985728,239,250,1484,2011,6045.0,256884.0,-0.184453,1.637207,VNM,ANS,7223
1985729,246,250,1484,2011,5234.0,0.0,0.241792,1.353011,ZAF,ANS,7223
1985730,249,250,1484,2011,0.0,3739.0,1.803234,0.921233,TWN,ANS,7223
1985731,7,2,1484,2011,2556.0,0.0,0.030652,-0.450808,ARE,AGO,7223
1985732,18,2,1484,2011,24849.0,0.0,1.221703,1.247961,BEL,AGO,7223
1985733,32,2,1484,2011,1615.0,0.0,0.27718400000000004,0.5674319999999999,BRA,AGO,7223
1985734,39,2,1484,2011,3914.0,0.0,0.754813,1.1967290000000002,CAN,AGO,7223
1985735,43,2,1484,2011,74509.0,0.0,1.072299,1.686826,CHN,AGO,7223
1985736,47,2,1484,2011,601.0,0.0,-0.979359,-1.084589,COG,AGO,7223
1985737,71,2,1484,2011,20158.0,0.0,0.8677290000000001,2.4618450000000003,ESP,AGO,7223
1985738,81,2,1484,2011,22592.0,0.0,1.8048220000000001,0.380141,GBR,AGO,7223
1985739,155,2,1484,2011,85196.0,0.0,-0.42998400000000003,-0.632233,NAM,AGO,7223
1985740,162,2,1484,2011,1457.0,0.0,1.1655229999999999,1.410167,NLD,AGO,7223
1985741,179,2,1484,2011,53470.0,0.0,0.558481,2.7056240000000003,PRT,AGO,7223
1985742,216,2,1484,2011,25150.0,0.0,0.889009,1.503118,THA,AGO,7223
1985743,224,2,1484,2011,191251.0,0.0,0.45775,2.4316259999999996,TUR,AGO,7223
1985744,231,2,1484,2011,22773.0,0.0,1.6884849999999998,-0.474499,USA,AGO,7223
1985745,246,2,1484,2011,1443.0,0.0,0.241792,1.353011,ZAF,AGO,7223
1985746,249,2,1484,2011,3728.0,0.0,1.803234,0.921233,TWN,AGO,7223
1985747,15,4,1484,2011,12468.0,0.0,1.687634,-0.229095,AUT,ALB,7223
1985748,43,4,1484,2011,5840.0,0.0,1.072299,1.686826,CHN,ALB,7223
1985749,59,4,1484,2011,21949.0,0.0,1.737788,0.14741600000000002,CZE,ALB,7223
1985750,61,4,1484,2011,15045.0,0.0,2.074435,-3.440815,DEU,ALB,7223
1985751,90,4,1484,2011,143691.0,0.0,0.138679,1.30044,GRC,ALB,7223
1985752,102,4,1484,2011,5304.0,0.0,1.486592,0.805642,HUN,ALB,7223
1985753,111,4,1484,2011,17034.0,0.0,1.298751,0.48013599999999995,ITA,ALB,7223
1985754,224,4,1484,2011,6408.0,0.0,0.45775,2.4316259999999996,TUR,ALB,7223
1985755,7,14,1484,2011,0.0,40279.0,0.030652,-0.450808,ARE,AUS,7223
1985756,15,14,1484,2011,2173.0,3827.0,1.687634,-0.229095,AUT,AUS,7223
1985757,18,14,1484,2011,26372.0,0.0,1.221703,1.247961,BEL,AUS,7223
1985758,21,14,1484,2011,0.0,3122.0,-1.163278,-1.002332,BFA,AUS,7223
1985759,39,14,1484,2011,7660.0,0.0,0.754813,1.1967290000000002,CAN,AUS,7223
1985760,41,14,1484,2011,506857.0,25263.0,2.2644029999999997,0.406131,CHE,AUS,7223
1985761,43,14,1484,2011,669120.0,0.0,1.072299,1.686826,CHN,AUS,7223
1985762,56,14,1484,2011,0.0,28372.0,1.020805,-0.485573,CXR,AUS,7223
1985763,59,14,1484,2011,295263.0,4826.0,1.737788,0.14741600000000002,CZE,AUS,7223
1985764,61,14,1484,2011,426226.0,0.0,2.074435,-3.440815,DEU,AUS,7223
1985765,64,14,1484,2011,239107.0,0.0,1.156026,1.2248299999999999,DNK,AUS,7223
1985766,75,14,1484,2011,0.0,9415.0,-0.434356,-0.010863,FJI,AUS,7223
1985767,77,14,1484,2011,7309.0,0.0,1.532054,0.09339299999999999,FRA,AUS,7223
1985768,81,14,1484,2011,241608.0,2155.0,1.8048220000000001,0.380141,GBR,AUS,7223
1985769,83,14,1484,2011,0.0,5963.0,-0.8627319999999999,-0.608823,GHA,AUS,7223
1985770,97,14,1484,2011,1423.0,8064.0,0.663588,1.902118,HKG,AUS,7223
1985771,102,14,1484,2011,2713.0,0.0,1.486592,0.805642,HUN,AUS,7223
1985772,103,14,1484,2011,16904.0,9637.0,-0.234125,1.168384,IDN,AUS,7223
1985773,104,14,1484,2011,5438867.0,15278.0,0.18276199999999998,2.398765,IND,AUS,7223
1985774,111,14,1484,2011,1061502.0,71860.0,1.298751,0.48013599999999995,ITA,AUS,7223
1985775,114,14,1484,2011,33022.0,28314.0,2.516395,-0.534301,JPN,AUS,7223
1985776,121,14,1484,2011,2565005.0,3194.0,1.731371,0.8306879999999999,KOR,AUS,7223
1985777,128,14,1484,2011,1210.0,2872.0,-0.559311,0.398905,LKA,AUS,7223
1985778,136,14,1484,2011,0.0,5169.0,-1.040519,-0.404883,MDG,AUS,7223
1985779,138,14,1484,2011,5046.0,1073.0,0.9534600000000001,0.706982,MEX,AUS,7223
1985780,153,14,1484,2011,0.0,2678.0,0.9893290000000001,0.632079,MYS,AUS,7223
1985781,156,14,1484,2011,0.0,6282.0,-0.976349,-0.798691,NCL,AUS,7223
1985782,162,14,1484,2011,31810.0,0.0,1.1655229999999999,1.410167,NLD,AUS,7223
1985783,166,14,1484,2011,35377.0,462771.0,0.372732,0.548601,NZL,AUS,7223
1985784,176,14,1484,2011,0.0,169859.0,-1.1111659999999999,-0.9458610000000001,PNG,AUS,7223
1985785,192,14,1484,2011,126640.0,23226.0,1.849116,0.52127,SGP,AUS,7223
1985786,195,14,1484,2011,0.0,2603.0,-1.401353,-0.931205,SLB,AUS,7223
1985787,206,14,1484,2011,1040.0,0.0,1.262897,0.8230569999999999,SVK,AUS,7223
1985788,208,14,1484,2011,1835394.0,0.0,1.857146,0.366159,SWE,AUS,7223
1985789,216,14,1484,2011,68028.0,6609.0,0.889009,1.503118,THA,AUS,7223
1985790,231,14,1484,2011,295023.0,160613.0,1.6884849999999998,-0.474499,USA,AUS,7223
1985791,242,14,1484,2011,0.0,3802.0,0.9658110000000001,0.30804699999999996,WSM,AUS,7223
1985792,246,14,1484,2011,2925.0,15266.0,0.241792,1.353011,ZAF,AUS,7223
1985793,247,14,1484,2011,0.0,2880.0,-0.7599,-0.941019,ZMB,AUS,7223
1985794,249,14,1484,2011,1742782.0,18176.0,1.803234,0.921233,TWN,AUS,7223
1985795,43,17,1484,2011,13613.0,0.0,1.072299,1.686826,CHN,BDI,7223
1985796,187,17,1484,2011,0.0,2953.0,-0.684475,-0.690734,RWA,BDI,7223
1985797,227,17,1484,2011,5363.0,0.0,-0.7153,-0.062678,UGA,BDI,7223
1985798,246,17,1484,2011,7865.0,0.0,0.241792,1.353011,ZAF,BDI,7223
1985799,43,22,1484,2011,148980.0,0.0,1.072299,1.686826,CHN,BGD,7223
1985800,61,22,1484,2011,208915.0,0.0,2.074435,-3.440815,DEU,BGD,7223
1985801,97,22,1484,2011,928429.0,0.0,0.663588,1.902118,HKG,BGD,7223
1985802,103,22,1484,2011,66312.0,0.0,-0.234125,1.168384,IDN,BGD,7223
1985803,104,22,1484,2011,36868.0,0.0,0.18276199999999998,2.398765,IND,BGD,7223
1985804,114,22,1484,2011,31336.0,0.0,2.516395,-0.534301,JPN,BGD,7223
1985805,216,22,1484,2011,7433.0,0.0,0.889009,1.503118,THA,BGD,7223
1985806,249,22,1484,2011,73375.0,0.0,1.803234,0.921233,TWN,BGD,7223
1985807,15,26,1484,2011,2745.0,0.0,1.687634,-0.229095,AUT,BIH,7223
1985808,43,26,1484,2011,9310.0,0.0,1.072299,1.686826,CHN,BIH,7223
1985809,59,26,1484,2011,106135.0,0.0,1.737788,0.14741600000000002,CZE,BIH,7223
1985810,61,26,1484,2011,10099.0,0.0,2.074435,-3.440815,DEU,BIH,7223
1985811,90,26,1484,2011,159858.0,0.0,0.138679,1.30044,GRC,BIH,7223
1985812,100,26,1484,2011,26145.0,8177.0,0.868294,0.9424299999999999,HRV,BIH,7223
1985813,104,26,1484,2011,9233.0,0.0,0.18276199999999998,2.398765,IND,BIH,7223
1985814,111,26,1484,2011,60383.0,19526.0,1.298751,0.48013599999999995,ITA,BIH,7223
1985815,144,26,1484,2011,0.0,1037.0,0.149559,0.024935,MNE,BIH,7223
1985816,201,26,1484,2011,88692.0,1855.0,0.49055699999999997,1.5601399999999999,SRB,BIH,7223
1985817,207,26,1484,2011,57875.0,0.0,1.642913,0.700222,SVN,BIH,7223
1985818,208,26,1484,2011,23372.0,0.0,1.857146,0.366159,SWE,BIH,7223
1985819,224,26,1484,2011,5398.0,0.0,0.45775,2.4316259999999996,TUR,BIH,7223
1985820,41,28,1484,2011,2648.0,0.0,2.2644029999999997,0.406131,CHE,BLR,7223
1985821,43,28,1484,2011,151885.0,0.0,1.072299,1.686826,CHN,BLR,7223
1985822,59,28,1484,2011,14720.0,0.0,1.737788,0.14741600000000002,CZE,BLR,7223
1985823,61,28,1484,2011,10524.0,0.0,2.074435,-3.440815,DEU,BLR,7223
1985824,71,28,1484,2011,19570.0,0.0,0.8677290000000001,2.4618450000000003,ESP,BLR,7223
1985825,72,28,1484,2011,9301.0,0.0,0.9806790000000001,1.110449,EST,BLR,7223
1985826,81,28,1484,2011,5465.0,0.0,1.8048220000000001,0.380141,GBR,BLR,7223
1985827,102,28,1484,2011,928.0,0.0,1.486592,0.805642,HUN,BLR,7223
1985828,104,28,1484,2011,6264.0,0.0,0.18276199999999998,2.398765,IND,BLR,7223
1985829,111,28,1484,2011,46894.0,0.0,1.298751,0.48013599999999995,ITA,BLR,7223
1985830,130,28,1484,2011,103083.0,0.0,0.747963,0.9759530000000001,LTU,BLR,7223
1985831,132,28,1484,2011,51986.0,0.0,0.7320939999999999,1.101321,LVA,BLR,7223
1985832,162,28,1484,2011,36909.0,0.0,1.1655229999999999,1.410167,NLD,BLR,7223
1985833,177,28,1484,2011,62753.0,0.0,1.133641,1.134203,POL,BLR,7223
1985834,186,28,1484,2011,316484.0,21839.0,0.47319399999999995,-0.20801599999999998,RUS,BLR,7223
1985835,192,28,1484,2011,41956.0,0.0,1.849116,0.52127,SGP,BLR,7223
1985836,208,28,1484,2011,56968.0,0.0,1.857146,0.366159,SWE,BLR,7223
1985837,224,28,1484,2011,13346.0,0.0,0.45775,2.4316259999999996,TUR,BLR,7223
1985838,249,28,1484,2011,17636.0,0.0,1.803234,0.921233,TWN,BLR,7223
1985839,43,58,1484,2011,1460.0,0.0,1.072299,1.686826,CHN,CYP,7223
1985840,61,58,1484,2011,1087.0,0.0,2.074435,-3.440815,DEU,CYP,7223
1985841,81,58,1484,2011,37694.0,0.0,1.8048220000000001,0.380141,GBR,CYP,7223
1985842,90,58,1484,2011,28878.0,0.0,0.138679,1.30044,GRC,CYP,7223
1985843,104,58,1484,2011,4699.0,0.0,0.18276199999999998,2.398765,IND,CYP,7223
1985844,111,58,1484,2011,12921.0,0.0,1.298751,0.48013599999999995,ITA,CYP,7223
1985845,113,58,1484,2011,0.0,2579.0,0.231605,0.47049399999999997,JOR,CYP,7223
1985846,162,58,1484,2011,11316.0,0.0,1.1655229999999999,1.410167,NLD,CYP,7223
1985847,224,58,1484,2011,14343.0,0.0,0.45775,2.4316259999999996,TUR,CYP,7223
1985848,231,58,1484,2011,305178.0,0.0,1.6884849999999998,-0.474499,USA,CYP,7223
1985849,18,68,1484,2011,13868.0,0.0,1.221703,1.247961,BEL,EGY,7223
1985850,43,68,1484,2011,286226.0,0.0,1.072299,1.686826,CHN,EGY,7223
1985851,59,68,1484,2011,8848.0,0.0,1.737788,0.14741600000000002,CZE,EGY,7223
1985852,61,68,1484,2011,291086.0,0.0,2.074435,-3.440815,DEU,EGY,7223
1985853,71,68,1484,2011,86495.0,0.0,0.8677290000000001,2.4618450000000003,ESP,EGY,7223
1985854,77,68,1484,2011,12605.0,0.0,1.532054,0.09339299999999999,FRA,EGY,7223
1985855,81,68,1484,2011,128108.0,44650.0,1.8048220000000001,0.380141,GBR,EGY,7223
1985856,104,68,1484,2011,176335.0,0.0,0.18276199999999998,2.398765,IND,EGY,7223
1985857,111,68,1484,2011,1929.0,0.0,1.298751,0.48013599999999995,ITA,EGY,7223
1985858,114,68,1484,2011,322888.0,0.0,2.516395,-0.534301,JPN,EGY,7223
1985859,121,68,1484,2011,244438.0,0.0,1.731371,0.8306879999999999,KOR,EGY,7223
1985860,162,68,1484,2011,6732.0,0.0,1.1655229999999999,1.410167,NLD,EGY,7223
1985861,181,68,1484,2011,0.0,50865.0,0.07902999999999999,0.550277,PSE,EGY,7223
1985862,188,68,1484,2011,74457.0,55886.0,0.354045,-0.800028,SAU,EGY,7223
1985863,190,68,1484,2011,0.0,152277.0,-2.1675869999999997,-1.249272,SDN,EGY,7223
1985864,208,68,1484,2011,147312.0,0.0,1.857146,0.366159,SWE,EGY,7223
1985865,224,68,1484,2011,1274.0,0.0,0.45775,2.4316259999999996,TUR,EGY,7223
1985866,231,68,1484,2011,58772.0,0.0,1.6884849999999998,-0.474499,USA,EGY,7223
1985867,249,68,1484,2011,24908.0,0.0,1.803234,0.921233,TWN,EGY,7223
1985868,15,72,1484,2011,6986.0,0.0,1.687634,-0.229095,AUT,EST,7223
1985869,18,72,1484,2011,1816.0,0.0,1.221703,1.247961,BEL,EST,7223
1985870,28,72,1484,2011,0.0,9301.0,0.8786729999999999,0.442097,BLR,EST,7223
1985871,41,72,1484,2011,112369.0,0.0,2.2644029999999997,0.406131,CHE,EST,7223
1985872,43,72,1484,2011,415574.0,0.0,1.072299,1.686826,CHN,EST,7223
1985873,59,72,1484,2011,53937.0,0.0,1.737788,0.14741600000000002,CZE,EST,7223
1985874,61,72,1484,2011,319750.0,233203.0,2.074435,-3.440815,DEU,EST,7223
1985875,64,72,1484,2011,235219.0,2212.0,1.156026,1.2248299999999999,DNK,EST,7223
1985876,74,72,1484,2011,175116.0,72494.0,1.7488830000000002,0.890934,FIN,EST,7223
1985877,77,72,1484,2011,10788.0,0.0,1.532054,0.09339299999999999,FRA,EST,7223
1985878,81,72,1484,2011,32413.0,0.0,1.8048220000000001,0.380141,GBR,EST,7223
1985879,104,72,1484,2011,538575.0,0.0,0.18276199999999998,2.398765,IND,EST,7223
1985880,111,72,1484,2011,4632.0,0.0,1.298751,0.48013599999999995,ITA,EST,7223
1985881,114,72,1484,2011,10065.0,0.0,2.516395,-0.534301,JPN,EST,7223
1985882,130,72,1484,2011,3551.0,0.0,0.747963,0.9759530000000001,LTU,EST,7223
1985883,131,72,1484,2011,3825.0,0.0,1.1655739999999999,1.222379,LUX,EST,7223
1985884,132,72,1484,2011,91968.0,12955.0,0.7320939999999999,1.101321,LVA,EST,7223
1985885,162,72,1484,2011,4316.0,0.0,1.1655229999999999,1.410167,NLD,EST,7223
1985886,163,72,1484,2011,2640.0,0.0,0.8492770000000001,0.050044,NOR,EST,7223
1985887,177,72,1484,2011,106004.0,0.0,1.133641,1.134203,POL,EST,7223
1985888,186,72,1484,2011,4760.0,189750.0,0.47319399999999995,-0.20801599999999998,RUS,EST,7223
1985889,208,72,1484,2011,322746.0,48879.0,1.857146,0.366159,SWE,EST,7223
1985890,228,72,1484,2011,0.0,2226.0,0.6221409999999999,0.765505,UKR,EST,7223
1985891,231,72,1484,2011,2905.0,0.0,1.6884849999999998,-0.474499,USA,EST,7223
1985892,250,72,1484,2011,140273.0,0.0,0.475638,-0.160135,ANS,EST,7223
1985893,43,82,1484,2011,255882.0,0.0,1.072299,1.686826,CHN,GEO,7223
1985894,61,82,1484,2011,2166.0,0.0,2.074435,-3.440815,DEU,GEO,7223
1985895,71,82,1484,2011,2294.0,0.0,0.8677290000000001,2.4618450000000003,ESP,GEO,7223
1985896,162,82,1484,2011,3069.0,0.0,1.1655229999999999,1.410167,NLD,GEO,7223
1985897,185,82,1484,2011,15912.0,0.0,0.722,1.296655,ROU,GEO,7223
1985898,186,82,1484,2011,4042.0,0.0,0.47319399999999995,-0.20801599999999998,RUS,GEO,7223
1985899,224,82,1484,2011,8012.0,0.0,0.45775,2.4316259999999996,TUR,GEO,7223
1985900,228,82,1484,2011,2176.0,0.0,0.6221409999999999,0.765505,UKR,GEO,7223
1985901,14,83,1484,2011,5963.0,0.0,-0.138148,0.002999,AUS,GHA,7223
1985902,18,83,1484,2011,1670.0,0.0,1.221703,1.247961,BEL,GHA,7223
1985903,43,83,1484,2011,138423.0,0.0,1.072299,1.686826,CHN,GHA,7223
1985904,81,83,1484,2011,3378.0,0.0,1.8048220000000001,0.380141,GBR,GHA,7223
1985905,110,83,1484,2011,14237.0,0.0,1.324384,0.714611,ISR,GHA,7223
1985906,111,83,1484,2011,1284.0,0.0,1.298751,0.48013599999999995,ITA,GHA,7223
1985907,231,83,1484,2011,2411.0,0.0,1.6884849999999998,-0.474499,USA,GHA,7223
1985908,246,83,1484,2011,11198.0,0.0,0.241792,1.353011,ZAF,GHA,7223
1985909,249,83,1484,2011,2249.0,0.0,1.803234,0.921233,TWN,GHA,7223
1985910,15,100,1484,2011,174668.0,0.0,1.687634,-0.229095,AUT,HRV,7223
1985911,18,100,1484,2011,6797.0,1264.0,1.221703,1.247961,BEL,HRV,7223
1985912,26,100,1484,2011,8177.0,26145.0,0.391425,0.6066600000000001,BIH,HRV,7223
1985913,39,100,1484,2011,1827.0,0.0,0.754813,1.1967290000000002,CAN,HRV,7223
1985914,41,100,1484,2011,64946.0,0.0,2.2644029999999997,0.406131,CHE,HRV,7223
1985915,43,100,1484,2011,21306.0,0.0,1.072299,1.686826,CHN,HRV,7223
1985916,59,100,1484,2011,1642.0,0.0,1.737788,0.14741600000000002,CZE,HRV,7223
1985917,61,100,1484,2011,155573.0,0.0,2.074435,-3.440815,DEU,HRV,7223
1985918,77,100,1484,2011,17214.0,0.0,1.532054,0.09339299999999999,FRA,HRV,7223
1985919,81,100,1484,2011,9634.0,0.0,1.8048220000000001,0.380141,GBR,HRV,7223
1985920,104,100,1484,2011,156797.0,0.0,0.18276199999999998,2.398765,IND,HRV,7223
1985921,111,100,1484,2011,617792.0,3566.0,1.298751,0.48013599999999995,ITA,HRV,7223
1985922,121,100,1484,2011,33408.0,0.0,1.731371,0.8306879999999999,KOR,HRV,7223
1985923,140,100,1484,2011,0.0,3418.0,-0.12310499999999999,0.16392,MKD,HRV,7223
1985924,162,100,1484,2011,3736.0,0.0,1.1655229999999999,1.410167,NLD,HRV,7223
1985925,177,100,1484,2011,5759.0,0.0,1.133641,1.134203,POL,HRV,7223
1985926,201,100,1484,2011,10631.0,9359.0,0.49055699999999997,1.5601399999999999,SRB,HRV,7223
1985927,207,100,1484,2011,146778.0,2043.0,1.642913,0.700222,SVN,HRV,7223
1985928,208,100,1484,2011,34883.0,0.0,1.857146,0.366159,SWE,HRV,7223
1985929,231,100,1484,2011,2374.0,0.0,1.6884849999999998,-0.474499,USA,HRV,7223
1985930,4,102,1484,2011,0.0,5304.0,-0.331435,-0.034828,ALB,HUN,7223
1985931,14,102,1484,2011,0.0,2713.0,-0.138148,0.002999,AUS,HUN,7223
1985932,15,102,1484,2011,570975.0,1313.0,1.687634,-0.229095,AUT,HUN,7223
1985933,18,102,1484,2011,228304.0,0.0,1.221703,1.247961,BEL,HUN,7223
1985934,23,102,1484,2011,0.0,69765.0,0.537967,1.520973,BGR,HUN,7223
1985935,28,102,1484,2011,0.0,928.0,0.8786729999999999,0.442097,BLR,HUN,7223
1985936,41,102,1484,2011,636032.0,0.0,2.2644029999999997,0.406131,CHE,HUN,7223
1985937,43,102,1484,2011,13976.0,0.0,1.072299,1.686826,CHN,HUN,7223
1985938,59,102,1484,2011,117108.0,15058.0,1.737788,0.14741600000000002,CZE,HUN,7223
1985939,61,102,1484,2011,2835430.0,82045.0,2.074435,-3.440815,DEU,HUN,7223
1985940,64,102,1484,2011,7625.0,14411.0,1.156026,1.2248299999999999,DNK,HUN,7223
1985941,71,102,1484,2011,143600.0,0.0,0.8677290000000001,2.4618450000000003,ESP,HUN,7223
1985942,77,102,1484,2011,191710.0,6791.0,1.532054,0.09339299999999999,FRA,HUN,7223
1985943,81,102,1484,2011,429816.0,46046.0,1.8048220000000001,0.380141,GBR,HUN,7223
1985944,97,102,1484,2011,983.0,0.0,0.663588,1.902118,HKG,HUN,7223
1985945,104,102,1484,2011,0.0,37327.0,0.18276199999999998,2.398765,IND,HUN,7223
1985946,110,102,1484,2011,22990.0,0.0,1.324384,0.714611,ISR,HUN,7223
1985947,111,102,1484,2011,239298.0,0.0,1.298751,0.48013599999999995,ITA,HUN,7223
1985948,114,102,1484,2011,108896.0,0.0,2.516395,-0.534301,JPN,HUN,7223
1985949,121,102,1484,2011,0.0,7527.0,1.731371,0.8306879999999999,KOR,HUN,7223
1985950,135,102,1484,2011,944.0,33848.0,-0.225556,0.28622,MDA,HUN,7223
1985951,138,102,1484,2011,9669.0,0.0,0.9534600000000001,0.706982,MEX,HUN,7223
1985952,162,102,1484,2011,22447.0,17473.0,1.1655229999999999,1.410167,NLD,HUN,7223
1985953,163,102,1484,2011,0.0,3646.0,0.8492770000000001,0.050044,NOR,HUN,7223
1985954,177,102,1484,2011,323947.0,267842.0,1.133641,1.134203,POL,HUN,7223
1985955,185,102,1484,2011,18788.0,178938.0,0.722,1.296655,ROU,HUN,7223
1985956,186,102,1484,2011,0.0,78372.0,0.47319399999999995,-0.20801599999999998,RUS,HUN,7223
1985957,201,102,1484,2011,0.0,1943.0,0.49055699999999997,1.5601399999999999,SRB,HUN,7223
1985958,206,102,1484,2011,0.0,2939.0,1.262897,0.8230569999999999,SVK,HUN,7223
1985959,207,102,1484,2011,7976.0,0.0,1.642913,0.700222,SVN,HUN,7223
1985960,208,102,1484,2011,280337.0,0.0,1.857146,0.366159,SWE,HUN,7223
1985961,228,102,1484,2011,960.0,975.0,0.6221409999999999,0.765505,UKR,HUN,7223
1985962,231,102,1484,2011,52425.0,970.0,1.6884849999999998,-0.474499,USA,HUN,7223
1985963,246,102,1484,2011,0.0,20704.0,0.241792,1.353011,ZAF,HUN,7223
1985964,1,107,1484,2011,0.0,320531.0,-0.8426809999999999,-0.640418,AFG,IRN,7223
1985965,7,107,1484,2011,699529.0,0.0,0.030652,-0.450808,ARE,IRN,7223
1985966,9,107,1484,2011,0.0,5186.0,0.543397,-0.029376999999999997,ARM,IRN,7223
1985967,15,107,1484,2011,61124.0,0.0,1.687634,-0.229095,AUT,IRN,7223
1985968,41,107,1484,2011,2138.0,0.0,2.2644029999999997,0.406131,CHE,IRN,7223
1985969,43,107,1484,2011,950229.0,0.0,1.072299,1.686826,CHN,IRN,7223
1985970,61,107,1484,2011,332496.0,0.0,2.074435,-3.440815,DEU,IRN,7223
1985971,71,107,1484,2011,87287.0,0.0,0.8677290000000001,2.4618450000000003,ESP,IRN,7223
1985972,77,107,1484,2011,98441.0,0.0,1.532054,0.09339299999999999,FRA,IRN,7223
1985973,103,107,1484,2011,42373.0,0.0,-0.234125,1.168384,IDN,IRN,7223
1985974,104,107,1484,2011,3670375.0,0.0,0.18276199999999998,2.398765,IND,IRN,7223
1985975,108,107,1484,2011,0.0,11640.0,-2.175137,-0.726975,IRQ,IRN,7223
1985976,111,107,1484,2011,262502.0,0.0,1.298751,0.48013599999999995,ITA,IRN,7223
1985977,121,107,1484,2011,1244638.0,0.0,1.731371,0.8306879999999999,KOR,IRN,7223
1985978,188,107,1484,2011,108109.0,0.0,0.354045,-0.800028,SAU,IRN,7223
1985979,208,107,1484,2011,11303.0,0.0,1.857146,0.366159,SWE,IRN,7223
1985980,216,107,1484,2011,226717.0,0.0,0.889009,1.503118,THA,IRN,7223
1985981,224,107,1484,2011,86770.0,0.0,0.45775,2.4316259999999996,TUR,IRN,7223
1985982,249,107,1484,2011,467803.0,0.0,1.803234,0.921233,TWN,IRN,7223
1985983,39,108,1484,2011,40786.0,0.0,0.754813,1.1967290000000002,CAN,IRQ,7223
1985984,43,108,1484,2011,1816.0,0.0,1.072299,1.686826,CHN,IRQ,7223
1985985,107,108,1484,2011,11640.0,0.0,-0.915379,-0.973194,IRN,IRQ,7223
1985986,114,108,1484,2011,2876.0,0.0,2.516395,-0.534301,JPN,IRQ,7223
1985987,224,108,1484,2011,70020.0,0.0,0.45775,2.4316259999999996,TUR,IRQ,7223
1985988,43,113,1484,2011,15138.0,0.0,1.072299,1.686826,CHN,JOR,7223
1985989,58,113,1484,2011,2579.0,0.0,0.798165,0.424179,CYP,JOR,7223
1985990,61,113,1484,2011,7256.0,0.0,2.074435,-3.440815,DEU,JOR,7223
1985991,104,113,1484,2011,12948.0,0.0,0.18276199999999998,2.398765,IND,JOR,7223
1985992,111,113,1484,2011,2827.0,0.0,1.298751,0.48013599999999995,ITA,JOR,7223
1985993,162,113,1484,2011,16628.0,0.0,1.1655229999999999,1.410167,NLD,JOR,7223
1985994,188,113,1484,2011,19721.0,136268.0,0.354045,-0.800028,SAU,JOR,7223
1985995,208,113,1484,2011,3039.0,0.0,1.857146,0.366159,SWE,JOR,7223
1985996,212,113,1484,2011,5159.0,0.0,-0.604133,0.5268970000000001,SYR,JOR,7223
1985997,224,113,1484,2011,2107.0,0.0,0.45775,2.4316259999999996,TUR,JOR,7223
1985998,231,113,1484,2011,14962.0,0.0,1.6884849999999998,-0.474499,USA,JOR,7223
1985999,249,113,1484,2011,3033.0,0.0,1.803234,0.921233,TWN,JOR,7223
1986000,250,113,1484,2011,0.0,8172.0,0.475638,-0.160135,ANS,JOR,7223
1986001,39,115,1484,2011,42823.0,0.0,0.754813,1.1967290000000002,CAN,KAZ,7223
1986002,43,115,1484,2011,1494868.0,0.0,1.072299,1.686826,CHN,KAZ,7223
1986003,59,115,1484,2011,95702.0,0.0,1.737788,0.14741600000000002,CZE,KAZ,7223
1986004,61,115,1484,2011,31164.0,0.0,2.074435,-3.440815,DEU,KAZ,7223
1986005,74,115,1484,2011,2140.0,0.0,1.7488830000000002,0.890934,FIN,KAZ,7223
1986006,81,115,1484,2011,13458.0,0.0,1.8048220000000001,0.380141,GBR,KAZ,7223
1986007,104,115,1484,2011,3735.0,27783.0,0.18276199999999998,2.398765,IND,KAZ,7223
1986008,111,115,1484,2011,4370.0,0.0,1.298751,0.48013599999999995,ITA,KAZ,7223
1986009,121,115,1484,2011,21448.0,0.0,1.731371,0.8306879999999999,KOR,KAZ,7223
1986010,162,115,1484,2011,10771.0,0.0,1.1655229999999999,1.410167,NLD,KAZ,7223
1986011,177,115,1484,2011,4476.0,0.0,1.133641,1.134203,POL,KAZ,7223
1986012,185,115,1484,2011,756.0,0.0,0.722,1.296655,ROU,KAZ,7223
1986013,186,115,1484,2011,221648.0,25191.0,0.47319399999999995,-0.20801599999999998,RUS,KAZ,7223
1986014,196,115,1484,2011,3173.0,0.0,-0.35546500000000003,-0.46134899999999995,SLE,KAZ,7223
1986015,224,115,1484,2011,5909.0,0.0,0.45775,2.4316259999999996,TUR,KAZ,7223
1986016,18,116,1484,2011,30022.0,0.0,1.221703,1.247961,BEL,KEN,7223
1986017,43,116,1484,2011,27021.0,0.0,1.072299,1.686826,CHN,KEN,7223
1986018,61,116,1484,2011,9510.0,0.0,2.074435,-3.440815,DEU,KEN,7223
1986019,81,116,1484,2011,1578.0,0.0,1.8048220000000001,0.380141,GBR,KEN,7223
1986020,104,116,1484,2011,141830.0,0.0,0.18276199999999998,2.398765,IND,KEN,7223
1986021,121,116,1484,2011,2530.0,0.0,1.731371,0.8306879999999999,KOR,KEN,7223
1986022,187,116,1484,2011,0.0,4449.0,-0.684475,-0.690734,RWA,KEN,7223
1986023,208,116,1484,2011,16348.0,0.0,1.857146,0.366159,SWE,KEN,7223
1986024,216,116,1484,2011,2001.0,0.0,0.889009,1.503118,THA,KEN,7223
1986025,227,116,1484,2011,0.0,3104.0,-0.7153,-0.062678,UGA,KEN,7223
1986026,231,116,1484,2011,32928.0,0.0,1.6884849999999998,-0.474499,USA,KEN,7223
1986027,246,116,1484,2011,7667.0,0.0,0.241792,1.353011,ZAF,KEN,7223
1986028,43,117,1484,2011,8500.0,0.0,1.072299,1.686826,CHN,KGZ,7223
1986029,111,117,1484,2011,721.0,0.0,1.298751,0.48013599999999995,ITA,KGZ,7223
1986030,186,117,1484,2011,2612.0,0.0,0.47319399999999995,-0.20801599999999998,RUS,KGZ,7223
1986031,208,117,1484,2011,4117.0,0.0,1.857146,0.366159,SWE,KGZ,7223
1986032,224,117,1484,2011,9776.0,0.0,0.45775,2.4316259999999996,TUR,KGZ,7223
1986033,43,118,1484,2011,18083.0,0.0,1.072299,1.686826,CHN,KHM,7223
1986034,216,118,1484,2011,1328.0,0.0,0.889009,1.503118,THA,KHM,7223
1986035,239,118,1484,2011,2685574.0,0.0,-0.184453,1.637207,VNM,KHM,7223
1986036,249,118,1484,2011,6944.0,0.0,1.803234,0.921233,TWN,KHM,7223
1986037,61,124,1484,2011,1683.0,0.0,2.074435,-3.440815,DEU,LBN,7223
1986038,64,124,1484,2011,3707.0,0.0,1.156026,1.2248299999999999,DNK,LBN,7223
1986039,77,124,1484,2011,8774.0,0.0,1.532054,0.09339299999999999,FRA,LBN,7223
1986040,104,124,1484,2011,960.0,0.0,0.18276199999999998,2.398765,IND,LBN,7223
1986041,121,124,1484,2011,5117.0,0.0,1.731371,0.8306879999999999,KOR,LBN,7223
1986042,153,124,1484,2011,5961.0,0.0,0.9893290000000001,0.632079,MYS,LBN,7223
1986043,224,124,1484,2011,5464.0,0.0,0.45775,2.4316259999999996,TUR,LBN,7223
1986044,231,124,1484,2011,1362.0,0.0,1.6884849999999998,-0.474499,USA,LBN,7223
1986045,247,124,1484,2011,0.0,1402.0,-0.7599,-0.941019,ZMB,LBN,7223
1986046,14,128,1484,2011,2872.0,1210.0,-0.138148,0.002999,AUS,LKA,7223
1986047,43,128,1484,2011,46717.0,0.0,1.072299,1.686826,CHN,LKA,7223
1986048,81,128,1484,2011,12027.0,0.0,1.8048220000000001,0.380141,GBR,LKA,7223
1986049,97,128,1484,2011,3067.0,0.0,0.663588,1.902118,HKG,LKA,7223
1986050,104,128,1484,2011,334175.0,7091.0,0.18276199999999998,2.398765,IND,LKA,7223
1986051,114,128,1484,2011,156579.0,0.0,2.516395,-0.534301,JPN,LKA,7223
1986052,121,128,1484,2011,15863.0,0.0,1.731371,0.8306879999999999,KOR,LKA,7223
1986053,137,128,1484,2011,0.0,2879.0,-0.937469,-0.87897,MDV,LKA,7223
1986054,153,128,1484,2011,0.0,2105.0,0.9893290000000001,0.632079,MYS,LKA,7223
1986055,162,128,1484,2011,2847.0,0.0,1.1655229999999999,1.410167,NLD,LKA,7223
1986056,168,128,1484,2011,0.0,3645.0,-0.729677,0.6026729999999999,PAK,LKA,7223
1986057,192,128,1484,2011,17484.0,0.0,1.849116,0.52127,SGP,LKA,7223
1986058,231,128,1484,2011,34410.0,0.0,1.6884849999999998,-0.474499,USA,LKA,7223
1986059,249,128,1484,2011,11283.0,0.0,1.803234,0.921233,TWN,LKA,7223
1986060,18,130,1484,2011,2213.0,0.0,1.221703,1.247961,BEL,LTU,7223
1986061,28,130,1484,2011,0.0,103083.0,0.8786729999999999,0.442097,BLR,LTU,7223
1986062,41,130,1484,2011,14509.0,0.0,2.2644029999999997,0.406131,CHE,LTU,7223
1986063,43,130,1484,2011,160248.0,0.0,1.072299,1.686826,CHN,LTU,7223
1986064,59,130,1484,2011,102252.0,0.0,1.737788,0.14741600000000002,CZE,LTU,7223
1986065,61,130,1484,2011,42115.0,0.0,2.074435,-3.440815,DEU,LTU,7223
1986066,64,130,1484,2011,3109.0,0.0,1.156026,1.2248299999999999,DNK,LTU,7223
1986067,72,130,1484,2011,0.0,3551.0,0.9806790000000001,1.110449,EST,LTU,7223
1986068,74,130,1484,2011,192545.0,0.0,1.7488830000000002,0.890934,FIN,LTU,7223
1986069,77,130,1484,2011,5071.0,0.0,1.532054,0.09339299999999999,FRA,LTU,7223
1986070,104,130,1484,2011,568166.0,0.0,0.18276199999999998,2.398765,IND,LTU,7223
1986071,111,130,1484,2011,2303.0,0.0,1.298751,0.48013599999999995,ITA,LTU,7223
1986072,121,130,1484,2011,2251.0,0.0,1.731371,0.8306879999999999,KOR,LTU,7223
1986073,132,130,1484,2011,142561.0,109018.0,0.7320939999999999,1.101321,LVA,LTU,7223
1986074,162,130,1484,2011,110575.0,0.0,1.1655229999999999,1.410167,NLD,LTU,7223
1986075,177,130,1484,2011,94118.0,4440.0,1.133641,1.134203,POL,LTU,7223
1986076,186,130,1484,2011,3550.0,14986.0,0.47319399999999995,-0.20801599999999998,RUS,LTU,7223
1986077,207,130,1484,2011,5946.0,0.0,1.642913,0.700222,SVN,LTU,7223
1986078,208,130,1484,2011,124917.0,0.0,1.857146,0.366159,SWE,LTU,7223
1986079,231,130,1484,2011,3610.0,39845.0,1.6884849999999998,-0.474499,USA,LTU,7223
1986080,18,131,1484,2011,1663754.0,39253.0,1.221703,1.247961,BEL,LUX,7223
1986081,41,131,1484,2011,3021.0,0.0,2.2644029999999997,0.406131,CHE,LUX,7223
1986082,43,131,1484,2011,4850.0,0.0,1.072299,1.686826,CHN,LUX,7223
1986083,59,131,1484,2011,30987.0,72800.0,1.737788,0.14741600000000002,CZE,LUX,7223
1986084,61,131,1484,2011,2241008.0,13817311.0,2.074435,-3.440815,DEU,LUX,7223
1986085,64,131,1484,2011,0.0,5529.0,1.156026,1.2248299999999999,DNK,LUX,7223
1986086,71,131,1484,2011,67503.0,14710.0,0.8677290000000001,2.4618450000000003,ESP,LUX,7223
1986087,72,131,1484,2011,0.0,3825.0,0.9806790000000001,1.110449,EST,LUX,7223
1986088,74,131,1484,2011,0.0,3264.0,1.7488830000000002,0.890934,FIN,LUX,7223
1986089,77,131,1484,2011,815071.0,9370106.0,1.532054,0.09339299999999999,FRA,LUX,7223
1986090,81,131,1484,2011,4655.0,5107831.0,1.8048220000000001,0.380141,GBR,LUX,7223
1986091,104,131,1484,2011,548.0,0.0,0.18276199999999998,2.398765,IND,LUX,7223
1986092,111,131,1484,2011,4324.0,550066.0,1.298751,0.48013599999999995,ITA,LUX,7223
1986093,121,131,1484,2011,5936.0,0.0,1.731371,0.8306879999999999,KOR,LUX,7223
1986094,162,131,1484,2011,1804040.0,1016066.0,1.1655229999999999,1.410167,NLD,LUX,7223
1986095,177,131,1484,2011,0.0,247173.0,1.133641,1.134203,POL,LUX,7223
1986096,186,131,1484,2011,0.0,29249.0,0.47319399999999995,-0.20801599999999998,RUS,LUX,7223
1986097,208,131,1484,2011,0.0,3345720.0,1.857146,0.366159,SWE,LUX,7223
1986098,250,131,1484,2011,14873.0,0.0,0.475638,-0.160135,ANS,LUX,7223
1986099,15,132,1484,2011,15786.0,0.0,1.687634,-0.229095,AUT,LVA,7223
1986100,18,132,1484,2011,10225.0,0.0,1.221703,1.247961,BEL,LVA,7223
1986101,28,132,1484,2011,0.0,51986.0,0.8786729999999999,0.442097,BLR,LVA,7223
1986102,43,132,1484,2011,3688754.0,0.0,1.072299,1.686826,CHN,LVA,7223
1986103,59,132,1484,2011,1270.0,0.0,1.737788,0.14741600000000002,CZE,LVA,7223
1986104,61,132,1484,2011,683992.0,0.0,2.074435,-3.440815,DEU,LVA,7223
1986105,64,132,1484,2011,15504.0,0.0,1.156026,1.2248299999999999,DNK,LVA,7223
1986106,72,132,1484,2011,12955.0,91968.0,0.9806790000000001,1.110449,EST,LVA,7223
1986107,74,132,1484,2011,39459.0,0.0,1.7488830000000002,0.890934,FIN,LVA,7223
1986108,77,132,1484,2011,907.0,0.0,1.532054,0.09339299999999999,FRA,LVA,7223
1986109,81,132,1484,2011,4088.0,0.0,1.8048220000000001,0.380141,GBR,LVA,7223
1986110,104,132,1484,2011,3937906.0,0.0,0.18276199999999998,2.398765,IND,LVA,7223
1986111,111,132,1484,2011,20485.0,0.0,1.298751,0.48013599999999995,ITA,LVA,7223
1986112,121,132,1484,2011,395231.0,0.0,1.731371,0.8306879999999999,KOR,LVA,7223
1986113,130,132,1484,2011,109018.0,142561.0,0.747963,0.9759530000000001,LTU,LVA,7223
1986114,162,132,1484,2011,2038.0,0.0,1.1655229999999999,1.410167,NLD,LVA,7223
1986115,177,132,1484,2011,13480.0,0.0,1.133641,1.134203,POL,LVA,7223
1986116,185,132,1484,2011,0.0,946.0,0.722,1.296655,ROU,LVA,7223
1986117,186,132,1484,2011,0.0,4384.0,0.47319399999999995,-0.20801599999999998,RUS,LVA,7223
1986118,207,132,1484,2011,3360.0,0.0,1.642913,0.700222,SVN,LVA,7223
1986119,208,132,1484,2011,191819.0,0.0,1.857146,0.366159,SWE,LVA,7223
1986120,224,132,1484,2011,1462.0,0.0,0.45775,2.4316259999999996,TUR,LVA,7223
1986121,16,135,1484,2011,0.0,78334.0,-1.313136,-1.189989,AZE,MDA,7223
1986122,43,135,1484,2011,16049.0,0.0,1.072299,1.686826,CHN,MDA,7223
1986123,59,135,1484,2011,0.0,13520.0,1.737788,0.14741600000000002,CZE,MDA,7223
1986124,61,135,1484,2011,1242.0,0.0,2.074435,-3.440815,DEU,MDA,7223
1986125,71,135,1484,2011,0.0,2232.0,0.8677290000000001,2.4618450000000003,ESP,MDA,7223
1986126,102,135,1484,2011,33848.0,944.0,1.486592,0.805642,HUN,MDA,7223
1986127,111,135,1484,2011,9735.0,0.0,1.298751,0.48013599999999995,ITA,MDA,7223
1986128,177,135,1484,2011,12646.0,2409.0,1.133641,1.134203,POL,MDA,7223
1986129,185,135,1484,2011,7091.0,0.0,0.722,1.296655,ROU,MDA,7223
1986130,186,135,1484,2011,3770.0,0.0,0.47319399999999995,-0.20801599999999998,RUS,MDA,7223
1986131,228,135,1484,2011,2329.0,0.0,0.6221409999999999,0.765505,UKR,MDA,7223
1986132,231,135,1484,2011,1098.0,0.0,1.6884849999999998,-0.474499,USA,MDA,7223
1986133,15,140,1484,2011,5709.0,0.0,1.687634,-0.229095,AUT,MKD,7223
1986134,23,140,1484,2011,7057.0,0.0,0.537967,1.520973,BGR,MKD,7223
1986135,61,140,1484,2011,15176.0,0.0,2.074435,-3.440815,DEU,MKD,7223
1986136,90,140,1484,2011,342949.0,0.0,0.138679,1.30044,GRC,MKD,7223
1986137,100,140,1484,2011,3418.0,0.0,0.868294,0.9424299999999999,HRV,MKD,7223
1986138,111,140,1484,2011,27128.0,0.0,1.298751,0.48013599999999995,ITA,MKD,7223
1986139,201,140,1484,2011,11221.0,0.0,0.49055699999999997,1.5601399999999999,SRB,MKD,7223
1986140,207,140,1484,2011,1598.0,0.0,1.642913,0.700222,SVN,MKD,7223
1986141,208,140,1484,2011,989.0,0.0,1.857146,0.366159,SWE,MKD,7223
1986142,224,140,1484,2011,4587.0,0.0,0.45775,2.4316259999999996,TUR,MKD,7223
1986143,43,142,1484,2011,13920.0,0.0,1.072299,1.686826,CHN,MLT,7223
1986144,61,142,1484,2011,59634.0,0.0,2.074435,-3.440815,DEU,MLT,7223
1986145,77,142,1484,2011,5175.0,0.0,1.532054,0.09339299999999999,FRA,MLT,7223
1986146,81,142,1484,2011,0.0,975.0,1.8048220000000001,0.380141,GBR,MLT,7223
1986147,224,142,1484,2011,3830.0,0.0,0.45775,2.4316259999999996,TUR,MLT,7223
1986148,231,142,1484,2011,3027.0,0.0,1.6884849999999998,-0.474499,USA,MLT,7223
1986149,43,143,1484,2011,2500.0,0.0,1.072299,1.686826,CHN,MMR,7223
1986150,104,143,1484,2011,1569.0,0.0,0.18276199999999998,2.398765,IND,MMR,7223
1986151,114,143,1484,2011,2027.0,0.0,2.516395,-0.534301,JPN,MMR,7223
1986152,192,143,1484,2011,5015.0,0.0,1.849116,0.52127,SGP,MMR,7223
1986153,216,143,1484,2011,157966.0,0.0,0.889009,1.503118,THA,MMR,7223
1986154,249,143,1484,2011,30826.0,0.0,1.803234,0.921233,TWN,MMR,7223
1986155,152,147,1484,2011,0.0,934.0,-1.100291,-0.982559,MWI,MOZ,7223
1986156,162,147,1484,2011,519.0,0.0,1.1655229999999999,1.410167,NLD,MOZ,7223
1986157,179,147,1484,2011,963.0,0.0,0.558481,2.7056240000000003,PRT,MOZ,7223
1986158,224,147,1484,2011,1253.0,0.0,0.45775,2.4316259999999996,TUR,MOZ,7223
1986159,246,147,1484,2011,74414.0,6993.0,0.241792,1.353011,ZAF,MOZ,7223
1986160,15,163,1484,2011,8659.0,0.0,1.687634,-0.229095,AUT,NOR,7223
1986161,18,163,1484,2011,103501.0,0.0,1.221703,1.247961,BEL,NOR,7223
1986162,41,163,1484,2011,29505.0,0.0,2.2644029999999997,0.406131,CHE,NOR,7223
1986163,43,163,1484,2011,0.0,47429.0,1.072299,1.686826,CHN,NOR,7223
1986164,59,163,1484,2011,98818.0,0.0,1.737788,0.14741600000000002,CZE,NOR,7223
1986165,61,163,1484,2011,274476.0,0.0,2.074435,-3.440815,DEU,NOR,7223
1986166,64,163,1484,2011,102358.0,7293.0,1.156026,1.2248299999999999,DNK,NOR,7223
1986167,72,163,1484,2011,0.0,2640.0,0.9806790000000001,1.110449,EST,NOR,7223
1986168,74,163,1484,2011,0.0,3028.0,1.7488830000000002,0.890934,FIN,NOR,7223
1986169,77,163,1484,2011,2704742.0,0.0,1.532054,0.09339299999999999,FRA,NOR,7223
1986170,81,163,1484,2011,1129157.0,5349.0,1.8048220000000001,0.380141,GBR,NOR,7223
1986171,102,163,1484,2011,3646.0,0.0,1.486592,0.805642,HUN,NOR,7223
1986172,106,163,1484,2011,15895.0,0.0,1.403182,0.290245,IRL,NOR,7223
1986173,111,163,1484,2011,98283.0,0.0,1.298751,0.48013599999999995,ITA,NOR,7223
1986174,114,163,1484,2011,6898.0,0.0,2.516395,-0.534301,JPN,NOR,7223
1986175,121,163,1484,2011,0.0,15804.0,1.731371,0.8306879999999999,KOR,NOR,7223
1986176,153,163,1484,2011,15900.0,455849.0,0.9893290000000001,0.632079,MYS,NOR,7223
1986177,162,163,1484,2011,176021.0,0.0,1.1655229999999999,1.410167,NLD,NOR,7223
1986178,177,163,1484,2011,0.0,2554.0,1.133641,1.134203,POL,NOR,7223
1986179,192,163,1484,2011,0.0,228586.0,1.849116,0.52127,SGP,NOR,7223
1986180,208,163,1484,2011,1672099.0,5820.0,1.857146,0.366159,SWE,NOR,7223
1986181,231,163,1484,2011,21294.0,0.0,1.6884849999999998,-0.474499,USA,NOR,7223
1986182,249,163,1484,2011,77174.0,0.0,1.803234,0.921233,TWN,NOR,7223
1986183,7,167,1484,2011,226309.0,324836.0,0.030652,-0.450808,ARE,OMN,7223
1986184,18,167,1484,2011,12006.0,0.0,1.221703,1.247961,BEL,OMN,7223
1986185,43,167,1484,2011,4752.0,0.0,1.072299,1.686826,CHN,OMN,7223
1986186,61,167,1484,2011,131279.0,0.0,2.074435,-3.440815,DEU,OMN,7223
1986187,77,167,1484,2011,13078.0,0.0,1.532054,0.09339299999999999,FRA,OMN,7223
1986188,81,167,1484,2011,43821.0,0.0,1.8048220000000001,0.380141,GBR,OMN,7223
1986189,103,167,1484,2011,125260.0,0.0,-0.234125,1.168384,IDN,OMN,7223
1986190,104,167,1484,2011,103412.0,0.0,0.18276199999999998,2.398765,IND,OMN,7223
1986191,106,167,1484,2011,135911.0,0.0,1.403182,0.290245,IRL,OMN,7223
1986192,111,167,1484,2011,63627.0,7854.0,1.298751,0.48013599999999995,ITA,OMN,7223
1986193,121,167,1484,2011,7299.0,0.0,1.731371,0.8306879999999999,KOR,OMN,7223
1986194,183,167,1484,2011,78377.0,0.0,-0.45851899999999995,-1.017033,QAT,OMN,7223
1986195,188,167,1484,2011,3637251.0,12531.0,0.354045,-0.800028,SAU,OMN,7223
1986196,208,167,1484,2011,108876.0,0.0,1.857146,0.366159,SWE,OMN,7223
1986197,224,167,1484,2011,4004.0,0.0,0.45775,2.4316259999999996,TUR,OMN,7223
1986198,231,167,1484,2011,292105.0,0.0,1.6884849999999998,-0.474499,USA,OMN,7223
1986199,15,186,1484,2011,3018.0,0.0,1.687634,-0.229095,AUT,RUS,7223
1986200,16,186,1484,2011,0.0,1443.0,-1.313136,-1.189989,AZE,RUS,7223
1986201,18,186,1484,2011,100479.0,0.0,1.221703,1.247961,BEL,RUS,7223
1986202,28,186,1484,2011,21839.0,316484.0,0.8786729999999999,0.442097,BLR,RUS,7223
1986203,39,186,1484,2011,2664.0,0.0,0.754813,1.1967290000000002,CAN,RUS,7223
1986204,41,186,1484,2011,86522.0,1282.0,2.2644029999999997,0.406131,CHE,RUS,7223
1986205,43,186,1484,2011,5471402.0,194817.0,1.072299,1.686826,CHN,RUS,7223
1986206,54,186,1484,2011,0.0,9976.0,-0.050093,-0.88759,CUB,RUS,7223
1986207,59,186,1484,2011,2246601.0,301157.0,1.737788,0.14741600000000002,CZE,RUS,7223
1986208,61,186,1484,2011,939913.0,0.0,2.074435,-3.440815,DEU,RUS,7223
1986209,64,186,1484,2011,3958.0,0.0,1.156026,1.2248299999999999,DNK,RUS,7223
1986210,66,186,1484,2011,0.0,23298.0,-1.36763,-1.140594,DZA,RUS,7223
1986211,71,186,1484,2011,8509.0,0.0,0.8677290000000001,2.4618450000000003,ESP,RUS,7223
1986212,72,186,1484,2011,189750.0,4760.0,0.9806790000000001,1.110449,EST,RUS,7223
1986213,74,186,1484,2011,42472.0,0.0,1.7488830000000002,0.890934,FIN,RUS,7223
1986214,77,186,1484,2011,96387.0,0.0,1.532054,0.09339299999999999,FRA,RUS,7223
1986215,81,186,1484,2011,16057.0,0.0,1.8048220000000001,0.380141,GBR,RUS,7223
1986216,82,186,1484,2011,0.0,4042.0,-0.07754,-0.35434699999999997,GEO,RUS,7223
1986217,102,186,1484,2011,78372.0,0.0,1.486592,0.805642,HUN,RUS,7223
1986218,104,186,1484,2011,4933176.0,918790.0,0.18276199999999998,2.398765,IND,RUS,7223
1986219,106,186,1484,2011,42683.0,0.0,1.403182,0.290245,IRL,RUS,7223
1986220,111,186,1484,2011,121843.0,0.0,1.298751,0.48013599999999995,ITA,RUS,7223
1986221,114,186,1484,2011,1648.0,0.0,2.516395,-0.534301,JPN,RUS,7223
1986222,115,186,1484,2011,25191.0,221648.0,-0.514687,-0.775671,KAZ,RUS,7223
1986223,117,186,1484,2011,0.0,2612.0,-0.323348,0.164469,KGZ,RUS,7223
1986224,121,186,1484,2011,134472.0,0.0,1.731371,0.8306879999999999,KOR,RUS,7223
1986225,130,186,1484,2011,14986.0,3550.0,0.747963,0.9759530000000001,LTU,RUS,7223
1986226,131,186,1484,2011,29249.0,0.0,1.1655739999999999,1.222379,LUX,RUS,7223
1986227,132,186,1484,2011,4384.0,0.0,0.7320939999999999,1.101321,LVA,RUS,7223
1986228,135,186,1484,2011,0.0,3770.0,-0.225556,0.28622,MDA,RUS,7223
1986229,162,186,1484,2011,99544.0,0.0,1.1655229999999999,1.410167,NLD,RUS,7223
1986230,177,186,1484,2011,265144.0,0.0,1.133641,1.134203,POL,RUS,7223
1986231,206,186,1484,2011,0.0,4057.0,1.262897,0.8230569999999999,SVK,RUS,7223
1986232,207,186,1484,2011,2174.0,774.0,1.642913,0.700222,SVN,RUS,7223
1986233,208,186,1484,2011,2954284.0,0.0,1.857146,0.366159,SWE,RUS,7223
1986234,219,186,1484,2011,0.0,2350.0,-1.549495,-1.202504,TKM,RUS,7223
1986235,224,186,1484,2011,26467.0,0.0,0.45775,2.4316259999999996,TUR,RUS,7223
1986236,228,186,1484,2011,6013.0,589038.0,0.6221409999999999,0.765505,UKR,RUS,7223
1986237,231,186,1484,2011,111431.0,0.0,1.6884849999999998,-0.474499,USA,RUS,7223
1986238,232,186,1484,2011,0.0,217392.0,-0.785878,-0.663918,UZB,RUS,7223
1986239,249,186,1484,2011,5836.0,0.0,1.803234,0.921233,TWN,RUS,7223
1986240,43,191,1484,2011,66239.0,0.0,1.072299,1.686826,CHN,SEN,7223
1986241,71,191,1484,2011,21036.0,0.0,0.8677290000000001,2.4618450000000003,ESP,SEN,7223
1986242,77,191,1484,2011,9619.0,0.0,1.532054,0.09339299999999999,FRA,SEN,7223
1986243,162,191,1484,2011,0.0,34314.0,1.1655229999999999,1.410167,NLD,SEN,7223
1986244,15,201,1484,2011,157528.0,1845.0,1.687634,-0.229095,AUT,SRB,7223
1986245,18,201,1484,2011,1461.0,0.0,1.221703,1.247961,BEL,SRB,7223
1986246,26,201,1484,2011,1855.0,88692.0,0.391425,0.6066600000000001,BIH,SRB,7223
1986247,41,201,1484,2011,19415.0,0.0,2.2644029999999997,0.406131,CHE,SRB,7223
1986248,43,201,1484,2011,83490.0,0.0,1.072299,1.686826,CHN,SRB,7223
1986249,59,201,1484,2011,6056.0,0.0,1.737788,0.14741600000000002,CZE,SRB,7223
1986250,61,201,1484,2011,475142.0,0.0,2.074435,-3.440815,DEU,SRB,7223
1986251,64,201,1484,2011,2119.0,7314.0,1.156026,1.2248299999999999,DNK,SRB,7223
1986252,71,201,1484,2011,3107.0,0.0,0.8677290000000001,2.4618450000000003,ESP,SRB,7223
1986253,77,201,1484,2011,8831.0,0.0,1.532054,0.09339299999999999,FRA,SRB,7223
1986254,81,201,1484,2011,2323.0,0.0,1.8048220000000001,0.380141,GBR,SRB,7223
1986255,90,201,1484,2011,805668.0,0.0,0.138679,1.30044,GRC,SRB,7223
1986256,100,201,1484,2011,9359.0,10631.0,0.868294,0.9424299999999999,HRV,SRB,7223
1986257,102,201,1484,2011,1943.0,0.0,1.486592,0.805642,HUN,SRB,7223
1986258,104,201,1484,2011,5106.0,0.0,0.18276199999999998,2.398765,IND,SRB,7223
1986259,111,201,1484,2011,41649.0,0.0,1.298751,0.48013599999999995,ITA,SRB,7223
1986260,121,201,1484,2011,1555.0,0.0,1.731371,0.8306879999999999,KOR,SRB,7223
1986261,140,201,1484,2011,0.0,11221.0,-0.12310499999999999,0.16392,MKD,SRB,7223
1986262,144,201,1484,2011,0.0,1854.0,0.149559,0.024935,MNE,SRB,7223
1986263,162,201,1484,2011,27260.0,0.0,1.1655229999999999,1.410167,NLD,SRB,7223
1986264,177,201,1484,2011,1803.0,0.0,1.133641,1.134203,POL,SRB,7223
1986265,185,201,1484,2011,3976.0,1981.0,0.722,1.296655,ROU,SRB,7223
1986266,206,201,1484,2011,1293.0,0.0,1.262897,0.8230569999999999,SVK,SRB,7223
1986267,207,201,1484,2011,61093.0,0.0,1.642913,0.700222,SVN,SRB,7223
1986268,208,201,1484,2011,339864.0,2616.0,1.857146,0.366159,SWE,SRB,7223
1986269,224,201,1484,2011,2957.0,0.0,0.45775,2.4316259999999996,TUR,SRB,7223
1986270,231,201,1484,2011,2394.0,0.0,1.6884849999999998,-0.474499,USA,SRB,7223
1986271,249,201,1484,2011,5293.0,0.0,1.803234,0.921233,TWN,SRB,7223
1986272,43,211,1484,2011,14695.0,0.0,1.072299,1.686826,CHN,SYC,7223
1986273,61,211,1484,2011,1002.0,0.0,2.074435,-3.440815,DEU,SYC,7223
1986274,77,211,1484,2011,0.0,2382.0,1.532054,0.09339299999999999,FRA,SYC,7223
1986275,151,211,1484,2011,1705.0,0.0,-0.09464600000000001,0.091177,MUS,SYC,7223
1986276,192,211,1484,2011,4613.0,0.0,1.849116,0.52127,SGP,SYC,7223
1986277,246,211,1484,2011,1219.0,0.0,0.241792,1.353011,ZAF,SYC,7223
1986278,43,217,1484,2011,5000.0,0.0,1.072299,1.686826,CHN,TJK,7223
1986279,121,219,1484,2011,3685.0,0.0,1.731371,0.8306879999999999,KOR,TKM,7223
1986280,186,219,1484,2011,2350.0,0.0,0.47319399999999995,-0.20801599999999998,RUS,TKM,7223
1986281,224,219,1484,2011,29974.0,0.0,0.45775,2.4316259999999996,TUR,TKM,7223
1986282,41,232,1484,2011,3286.0,0.0,2.2644029999999997,0.406131,CHE,UZB,7223
1986283,43,232,1484,2011,62223.0,0.0,1.072299,1.686826,CHN,UZB,7223
1986284,104,232,1484,2011,1136752.0,0.0,0.18276199999999998,2.398765,IND,UZB,7223
1986285,186,232,1484,2011,217392.0,0.0,0.47319399999999995,-0.20801599999999998,RUS,UZB,7223
1986286,224,232,1484,2011,1209.0,0.0,0.45775,2.4316259999999996,TUR,UZB,7223
1986287,43,239,1484,2011,7351028.0,10726.0,1.072299,1.686826,CHN,VNM,7223
1986288,49,239,1484,2011,0.0,2772.0,0.14336600000000002,-0.22996,COL,VNM,7223
1986289,59,239,1484,2011,3962.0,0.0,1.737788,0.14741600000000002,CZE,VNM,7223
1986290,61,239,1484,2011,452273.0,180557.0,2.074435,-3.440815,DEU,VNM,7223
1986291,64,239,1484,2011,17723.0,0.0,1.156026,1.2248299999999999,DNK,VNM,7223
1986292,77,239,1484,2011,3038.0,0.0,1.532054,0.09339299999999999,FRA,VNM,7223
1986293,81,239,1484,2011,2012.0,0.0,1.8048220000000001,0.380141,GBR,VNM,7223
1986294,97,239,1484,2011,280590.0,325534.0,0.663588,1.902118,HKG,VNM,7223
1986295,103,239,1484,2011,2690.0,2589.0,-0.234125,1.168384,IDN,VNM,7223
1986296,104,239,1484,2011,3307490.0,13769.0,0.18276199999999998,2.398765,IND,VNM,7223
1986297,114,239,1484,2011,5529847.0,1144677.0,2.516395,-0.534301,JPN,VNM,7223
1986298,118,239,1484,2011,0.0,2685574.0,-1.162858,-1.103539,KHM,VNM,7223
1986299,121,239,1484,2011,1246487.0,7419048.0,1.731371,0.8306879999999999,KOR,VNM,7223
1986300,123,239,1484,2011,0.0,2617.0,-1.135039,-0.929759,LAO,VNM,7223
1986301,153,239,1484,2011,143061.0,79999.0,0.9893290000000001,0.632079,MYS,VNM,7223
1986302,162,239,1484,2011,1616.0,0.0,1.1655229999999999,1.410167,NLD,VNM,7223
1986303,174,239,1484,2011,0.0,22911.0,0.364707,0.322626,PHL,VNM,7223
1986304,192,239,1484,2011,242472.0,5675.0,1.849116,0.52127,SGP,VNM,7223
1986305,216,239,1484,2011,931110.0,758352.0,0.889009,1.503118,THA,VNM,7223
1986306,224,239,1484,2011,22321.0,0.0,0.45775,2.4316259999999996,TUR,VNM,7223
1986307,231,239,1484,2011,166196.0,0.0,1.6884849999999998,-0.474499,USA,VNM,7223
1986308,249,239,1484,2011,5191943.0,508984.0,1.803234,0.921233,TWN,VNM,7223
1986309,250,239,1484,2011,256884.0,6045.0,0.475638,-0.160135,ANS,VNM,7223
1986310,7,248,1484,2011,1344.0,0.0,0.030652,-0.450808,ARE,ZWE,7223
1986311,37,248,1484,2011,3891.0,0.0,-0.48782600000000004,-1.051639,BWA,ZWE,7223
1986312,43,248,1484,2011,2022.0,0.0,1.072299,1.686826,CHN,ZWE,7223
1986313,71,248,1484,2011,48744.0,12678.0,0.8677290000000001,2.4618450000000003,ESP,ZWE,7223
1986314,81,248,1484,2011,3227.0,0.0,1.8048220000000001,0.380141,GBR,ZWE,7223
1986315,111,248,1484,2011,13005.0,0.0,1.298751,0.48013599999999995,ITA,ZWE,7223
1986316,246,248,1484,2011,111419.0,0.0,0.241792,1.353011,ZAF,ZWE,7223
1986317,104,1,1484,2011,0.0,5208.0,0.18276199999999998,2.398765,IND,AFG,7223
1986318,107,1,1484,2011,320531.0,0.0,-0.915379,-0.973194,IRN,AFG,7223
1986319,231,1,1484,2011,7734.0,0.0,1.6884849999999998,-0.474499,USA,AFG,7223
1986320,55,13,1484,2011,7288.0,0.0,-0.052038,-0.69103,CUW,ATG,7223
1986321,231,13,1484,2011,8723.0,0.0,1.6884849999999998,-0.474499,USA,ATG,7223
1986322,43,19,1484,2011,4596.0,0.0,1.072299,1.686826,CHN,BEN,7223
1986323,77,19,1484,2011,6819.0,0.0,1.532054,0.09339299999999999,FRA,BEN,7223
1986324,14,21,1484,2011,3122.0,0.0,-0.138148,0.002999,AUS,BFA,7223
1986325,111,21,1484,2011,11886.0,0.0,1.298751,0.48013599999999995,ITA,BFA,7223
1986326,7,24,1484,2011,58407.0,0.0,0.030652,-0.450808,ARE,BHR,7223
1986327,43,24,1484,2011,13066.0,0.0,1.072299,1.686826,CHN,BHR,7223
1986328,61,24,1484,2011,10056.0,0.0,2.074435,-3.440815,DEU,BHR,7223
1986329,74,24,1484,2011,5157.0,0.0,1.7488830000000002,0.890934,FIN,BHR,7223
1986330,77,24,1484,2011,1716.0,0.0,1.532054,0.09339299999999999,FRA,BHR,7223
1986331,81,24,1484,2011,3225.0,0.0,1.8048220000000001,0.380141,GBR,BHR,7223
1986332,104,24,1484,2011,671489.0,7753.0,0.18276199999999998,2.398765,IND,BHR,7223
1986333,188,24,1484,2011,1042779.0,0.0,0.354045,-0.800028,SAU,BHR,7223
1986334,192,24,1484,2011,0.0,367047.0,1.849116,0.52127,SGP,BHR,7223
1986335,231,24,1484,2011,19637.0,0.0,1.6884849999999998,-0.474499,USA,BHR,7223
1986336,249,24,1484,2011,65938.0,0.0,1.803234,0.921233,TWN,BHR,7223
1986337,231,29,1484,2011,12575.0,0.0,1.6884849999999998,-0.474499,USA,BLZ,7223
1986338,8,31,1484,2011,1896.0,0.0,0.240494,0.540376,ARG,BOL,7223
1986339,32,31,1484,2011,3280.0,0.0,0.27718400000000004,0.5674319999999999,BRA,BOL,7223
1986340,42,31,1484,2011,171851.0,0.0,-0.199877,-0.353009,CHL,BOL,7223
1986341,43,31,1484,2011,5632.0,0.0,1.072299,1.686826,CHN,BOL,7223
1986342,61,31,1484,2011,22211.0,0.0,2.074435,-3.440815,DEU,BOL,7223
1986343,71,31,1484,2011,1242.0,0.0,0.8677290000000001,2.4618450000000003,ESP,BOL,7223
1986344,173,31,1484,2011,12402.0,0.0,-0.455977,0.442543,PER,BOL,7223
1986345,208,31,1484,2011,2384.0,0.0,1.857146,0.366159,SWE,BOL,7223
1986346,231,31,1484,2011,50830.0,0.0,1.6884849999999998,-0.474499,USA,BOL,7223
1986347,249,31,1484,2011,6278.0,0.0,1.803234,0.921233,TWN,BOL,7223
1986348,7,37,1484,2011,88957.0,0.0,0.030652,-0.450808,ARE,BWA,7223
1986349,43,37,1484,2011,732778.0,0.0,1.072299,1.686826,CHN,BWA,7223
1986350,81,37,1484,2011,8392.0,0.0,1.8048220000000001,0.380141,GBR,BWA,7223
1986351,97,37,1484,2011,2063.0,0.0,0.663588,1.902118,HKG,BWA,7223
1986352,155,37,1484,2011,0.0,1985.0,-0.42998400000000003,-0.632233,NAM,BWA,7223
1986353,246,37,1484,2011,388327.0,15348.0,0.241792,1.353011,ZAF,BWA,7223
1986354,247,37,1484,2011,0.0,4928.0,-0.7599,-0.941019,ZMB,BWA,7223
1986355,248,37,1484,2011,0.0,3891.0,-0.858662,-0.8632719999999999,ZWE,BWA,7223
1986356,77,44,1484,2011,1290.0,0.0,1.532054,0.09339299999999999,FRA,CIV,7223
1986357,231,44,1484,2011,1833.0,0.0,1.6884849999999998,-0.474499,USA,CIV,7223
1986358,43,45,1484,2011,3175.0,0.0,1.072299,1.686826,CHN,CMR,7223
1986359,77,45,1484,2011,1443.0,0.0,1.532054,0.09339299999999999,FRA,CMR,7223
1986360,104,45,1484,2011,1391.0,0.0,0.18276199999999998,2.398765,IND,CMR,7223
1986361,121,45,1484,2011,5526.0,0.0,1.731371,0.8306879999999999,KOR,CMR,7223
1986362,18,46,1484,2011,1020.0,0.0,1.221703,1.247961,BEL,COD,7223
1986363,43,46,1484,2011,22651.0,0.0,1.072299,1.686826,CHN,COD,7223
1986364,155,46,1484,2011,1004.0,0.0,-0.42998400000000003,-0.632233,NAM,COD,7223
1986365,187,46,1484,2011,0.0,3720.0,-0.684475,-0.690734,RWA,COD,7223
1986366,227,46,1484,2011,10093.0,0.0,-0.7153,-0.062678,UGA,COD,7223
1986367,246,46,1484,2011,14607.0,0.0,0.241792,1.353011,ZAF,COD,7223
1986368,2,47,1484,2011,0.0,601.0,-1.252991,-1.132314,AGO,COG,7223
1986369,18,47,1484,2011,3113.0,0.0,1.221703,1.247961,BEL,COG,7223
1986370,32,47,1484,2011,13788.0,0.0,0.27718400000000004,0.5674319999999999,BRA,COG,7223
1986371,43,47,1484,2011,7970.0,0.0,1.072299,1.686826,CHN,COG,7223
1986372,81,47,1484,2011,2622.0,0.0,1.8048220000000001,0.380141,GBR,COG,7223
1986373,110,47,1484,2011,3155.0,0.0,1.324384,0.714611,ISR,COG,7223
1986374,231,47,1484,2011,2414.0,0.0,1.6884849999999998,-0.474499,USA,COG,7223
1986375,32,54,1484,2011,28325.0,0.0,0.27718400000000004,0.5674319999999999,BRA,CUB,7223
1986376,39,54,1484,2011,123825.0,0.0,0.754813,1.1967290000000002,CAN,CUB,7223
1986377,43,54,1484,2011,5977.0,0.0,1.072299,1.686826,CHN,CUB,7223
1986378,59,54,1484,2011,3415.0,0.0,1.737788,0.14741600000000002,CZE,CUB,7223
1986379,61,54,1484,2011,13777.0,0.0,2.074435,-3.440815,DEU,CUB,7223
1986380,71,54,1484,2011,749021.0,0.0,0.8677290000000001,2.4618450000000003,ESP,CUB,7223
1986381,111,54,1484,2011,169025.0,0.0,1.298751,0.48013599999999995,ITA,CUB,7223
1986382,186,54,1484,2011,9976.0,0.0,0.47319399999999995,-0.20801599999999998,RUS,CUB,7223
1986383,43,62,1484,2011,23998.0,0.0,1.072299,1.686826,CHN,DJI,7223
1986384,39,66,1484,2011,3883.0,0.0,0.754813,1.1967290000000002,CAN,DZA,7223
1986385,43,66,1484,2011,105031.0,0.0,1.072299,1.686826,CHN,DZA,7223
1986386,61,66,1484,2011,12231.0,0.0,2.074435,-3.440815,DEU,DZA,7223
1986387,67,66,1484,2011,2948.0,0.0,-0.8250639999999999,-0.839082,ECU,DZA,7223
1986388,71,66,1484,2011,100433.0,0.0,0.8677290000000001,2.4618450000000003,ESP,DZA,7223
1986389,77,66,1484,2011,545443.0,0.0,1.532054,0.09339299999999999,FRA,DZA,7223
1986390,81,66,1484,2011,29985.0,0.0,1.8048220000000001,0.380141,GBR,DZA,7223
1986391,104,66,1484,2011,77318.0,0.0,0.18276199999999998,2.398765,IND,DZA,7223
1986392,111,66,1484,2011,9037.0,0.0,1.298751,0.48013599999999995,ITA,DZA,7223
1986393,114,66,1484,2011,4512.0,0.0,2.516395,-0.534301,JPN,DZA,7223
1986394,121,66,1484,2011,6407.0,0.0,1.731371,0.8306879999999999,KOR,DZA,7223
1986395,162,66,1484,2011,1904.0,0.0,1.1655229999999999,1.410167,NLD,DZA,7223
1986396,186,66,1484,2011,23298.0,0.0,0.47319399999999995,-0.20801599999999998,RUS,DZA,7223
1986397,208,66,1484,2011,119924.0,0.0,1.857146,0.366159,SWE,DZA,7223
1986398,231,66,1484,2011,49570.0,0.0,1.6884849999999998,-0.474499,USA,DZA,7223
1986399,249,66,1484,2011,12152.0,0.0,1.803234,0.921233,TWN,DZA,7223
1986400,7,73,1484,2011,1873.0,0.0,0.030652,-0.450808,ARE,ETH,7223
1986401,43,73,1484,2011,26177.0,0.0,1.072299,1.686826,CHN,ETH,7223
1986402,61,73,1484,2011,10264.0,0.0,2.074435,-3.440815,DEU,ETH,7223
1986403,77,73,1484,2011,5873.0,0.0,1.532054,0.09339299999999999,FRA,ETH,7223
1986404,104,73,1484,2011,29211.0,0.0,0.18276199999999998,2.398765,IND,ETH,7223
1986405,111,73,1484,2011,5308.0,0.0,1.298751,0.48013599999999995,ITA,ETH,7223
1986406,162,73,1484,2011,11444.0,0.0,1.1655229999999999,1.410167,NLD,ETH,7223
1986407,224,73,1484,2011,199551.0,0.0,0.45775,2.4316259999999996,TUR,ETH,7223
1986408,18,80,1484,2011,34676.0,0.0,1.221703,1.247961,BEL,GAB,7223
1986409,77,80,1484,2011,1930.0,0.0,1.532054,0.09339299999999999,FRA,GAB,7223
1986410,71,84,1484,2011,30637.0,0.0,0.8677290000000001,2.4618450000000003,ESP,GIB,7223
1986411,246,85,1484,2011,8658.0,0.0,0.241792,1.353011,ZAF,GIN,7223
1986412,18,89,1484,2011,8359.0,0.0,1.221703,1.247961,BEL,GNQ,7223
1986413,231,89,1484,2011,2568.0,0.0,1.6884849999999998,-0.474499,USA,GNQ,7223
1986414,18,109,1484,2011,2561.0,0.0,1.221703,1.247961,BEL,ISL,7223
1986415,41,109,1484,2011,1060.0,0.0,2.2644029999999997,0.406131,CHE,ISL,7223
1986416,59,109,1484,2011,3735.0,0.0,1.737788,0.14741600000000002,CZE,ISL,7223
1986417,61,109,1484,2011,33292.0,0.0,2.074435,-3.440815,DEU,ISL,7223
1986418,64,109,1484,2011,2887.0,0.0,1.156026,1.2248299999999999,DNK,ISL,7223
1986419,81,109,1484,2011,7512.0,0.0,1.8048220000000001,0.380141,GBR,ISL,7223
1986420,111,109,1484,2011,1123.0,0.0,1.298751,0.48013599999999995,ITA,ISL,7223
1986421,162,109,1484,2011,2330.0,0.0,1.1655229999999999,1.410167,NLD,ISL,7223
1986422,208,109,1484,2011,12654.0,0.0,1.857146,0.366159,SWE,ISL,7223
1986423,224,109,1484,2011,2100.0,0.0,0.45775,2.4316259999999996,TUR,ISL,7223
1986424,231,109,1484,2011,23867.0,0.0,1.6884849999999998,-0.474499,USA,ISL,7223
1986425,61,125,1484,2011,10805.0,0.0,2.074435,-3.440815,DEU,LBR,7223
1986426,111,126,1484,2011,9744.0,0.0,1.298751,0.48013599999999995,ITA,LBY,7223
1986427,162,126,1484,2011,5313.0,0.0,1.1655229999999999,1.410167,NLD,LBY,7223
1986428,224,126,1484,2011,1935.0,0.0,0.45775,2.4316259999999996,TUR,LBY,7223
1986429,246,129,1484,2011,246122.0,0.0,0.241792,1.353011,ZAF,LSO,7223
1986430,249,139,1484,2011,3035.0,0.0,1.803234,0.921233,TWN,MHL,7223
1986431,39,145,1484,2011,13107.0,0.0,0.754813,1.1967290000000002,CAN,MNG,7223
1986432,43,145,1484,2011,13449.0,0.0,1.072299,1.686826,CHN,MNG,7223
1986433,59,145,1484,2011,8443.0,0.0,1.737788,0.14741600000000002,CZE,MNG,7223
1986434,18,148,1484,2011,7692.0,0.0,1.221703,1.247961,BEL,MRT,7223
1986435,246,148,1484,2011,16127.0,0.0,0.241792,1.353011,ZAF,MRT,7223
1986436,43,151,1484,2011,3633.0,0.0,1.072299,1.686826,CHN,MUS,7223
1986437,61,151,1484,2011,2790.0,0.0,2.074435,-3.440815,DEU,MUS,7223
1986438,77,151,1484,2011,1505.0,0.0,1.532054,0.09339299999999999,FRA,MUS,7223
1986439,81,151,1484,2011,13176.0,0.0,1.8048220000000001,0.380141,GBR,MUS,7223
1986440,97,151,1484,2011,16184.0,0.0,0.663588,1.902118,HKG,MUS,7223
1986441,104,151,1484,2011,2142.0,0.0,0.18276199999999998,2.398765,IND,MUS,7223
1986442,111,151,1484,2011,22033.0,0.0,1.298751,0.48013599999999995,ITA,MUS,7223
1986443,211,151,1484,2011,0.0,1705.0,0.287017,-0.5136850000000001,SYC,MUS,7223
1986444,231,151,1484,2011,21827.0,0.0,1.6884849999999998,-0.474499,USA,MUS,7223
1986445,246,151,1484,2011,4108.0,0.0,0.241792,1.353011,ZAF,MUS,7223
1986446,2,155,1484,2011,0.0,85196.0,-1.252991,-1.132314,AGO,NAM,7223
1986447,37,155,1484,2011,1985.0,0.0,-0.48782600000000004,-1.051639,BWA,NAM,7223
1986448,43,155,1484,2011,22925.0,0.0,1.072299,1.686826,CHN,NAM,7223
1986449,46,155,1484,2011,0.0,1004.0,-0.722957,-0.965141,COD,NAM,7223
1986450,81,155,1484,2011,1522.0,0.0,1.8048220000000001,0.380141,GBR,NAM,7223
1986451,231,155,1484,2011,1856.0,0.0,1.6884849999999998,-0.474499,USA,NAM,7223
1986452,246,155,1484,2011,247951.0,761.0,0.241792,1.353011,ZAF,NAM,7223
1986453,249,155,1484,2011,682.0,0.0,1.803234,0.921233,TWN,NAM,7223
1986454,43,157,1484,2011,4906.0,0.0,1.072299,1.686826,CHN,NER,7223
1986455,231,157,1484,2011,1568.0,0.0,1.6884849999999998,-0.474499,USA,NER,7223
1986456,18,159,1484,2011,3512.0,0.0,1.221703,1.247961,BEL,NGA,7223
1986457,32,159,1484,2011,876.0,0.0,0.27718400000000004,0.5674319999999999,BRA,NGA,7223
1986458,43,159,1484,2011,35664.0,0.0,1.072299,1.686826,CHN,NGA,7223
1986459,61,159,1484,2011,44501.0,0.0,2.074435,-3.440815,DEU,NGA,7223
1986460,77,159,1484,2011,47379.0,0.0,1.532054,0.09339299999999999,FRA,NGA,7223
1986461,81,159,1484,2011,23801.0,0.0,1.8048220000000001,0.380141,GBR,NGA,7223
1986462,111,159,1484,2011,26851.0,0.0,1.298751,0.48013599999999995,ITA,NGA,7223
1986463,153,159,1484,2011,2928.0,0.0,0.9893290000000001,0.632079,MYS,NGA,7223
1986464,192,159,1484,2011,3009.0,0.0,1.849116,0.52127,SGP,NGA,7223
1986465,231,159,1484,2011,5868.0,0.0,1.6884849999999998,-0.474499,USA,NGA,7223
1986466,43,164,1484,2011,2432.0,0.0,1.072299,1.686826,CHN,NPL,7223
1986467,104,164,1484,2011,87239.0,0.0,0.18276199999999998,2.398765,IND,NPL,7223
1986468,14,176,1484,2011,169859.0,0.0,-0.138148,0.002999,AUS,PNG,7223
1986469,43,176,1484,2011,118192.0,0.0,1.072299,1.686826,CHN,PNG,7223
1986470,75,176,1484,2011,8208.0,0.0,-0.434356,-0.010863,FJI,PNG,7223
1986471,81,176,1484,2011,10407.0,0.0,1.8048220000000001,0.380141,GBR,PNG,7223
1986472,97,176,1484,2011,1095.0,0.0,0.663588,1.902118,HKG,PNG,7223
1986473,114,176,1484,2011,6755.0,0.0,2.516395,-0.534301,JPN,PNG,7223
1986474,153,176,1484,2011,152271.0,0.0,0.9893290000000001,0.632079,MYS,PNG,7223
1986475,166,176,1484,2011,33573.0,0.0,0.372732,0.548601,NZL,PNG,7223
1986476,192,176,1484,2011,1737.0,0.0,1.849116,0.52127,SGP,PNG,7223
1986477,208,176,1484,2011,1738.0,0.0,1.857146,0.366159,SWE,PNG,7223
1986478,216,176,1484,2011,50133.0,0.0,0.889009,1.503118,THA,PNG,7223
1986479,231,176,1484,2011,46293.0,0.0,1.6884849999999998,-0.474499,USA,PNG,7223
1986480,43,178,1484,2011,60230.0,0.0,1.072299,1.686826,CHN,PRK,7223
1986481,104,178,1484,2011,453965.0,0.0,0.18276199999999998,2.398765,IND,PRK,7223
1986482,138,178,1484,2011,0.0,11902.0,0.9534600000000001,0.706982,MEX,PRK,7223
1986483,216,178,1484,2011,0.0,22399.0,0.889009,1.503118,THA,PRK,7223
1986484,43,182,1484,2011,1538.0,0.0,1.072299,1.686826,CHN,PYF,7223
1986485,77,182,1484,2011,1319.0,0.0,1.532054,0.09339299999999999,FRA,PYF,7223
1986486,121,182,1484,2011,1560.0,0.0,1.731371,0.8306879999999999,KOR,PYF,7223
1986487,166,182,1484,2011,2967.0,0.0,0.372732,0.548601,NZL,PYF,7223
1986488,231,182,1484,2011,1668.0,0.0,1.6884849999999998,-0.474499,USA,PYF,7223
1986489,75,209,1484,2011,0.0,1038.0,-0.434356,-0.010863,FJI,SWZ,7223
1986490,110,209,1484,2011,5077.0,0.0,1.324384,0.714611,ISR,SWZ,7223
1986491,121,209,1484,2011,111095.0,0.0,1.731371,0.8306879999999999,KOR,SWZ,7223
1986492,166,209,1484,2011,0.0,490.0,0.372732,0.548601,NZL,SWZ,7223
1986493,216,209,1484,2011,0.0,2867.0,0.889009,1.503118,THA,SWZ,7223
1986494,231,209,1484,2011,29637.0,0.0,1.6884849999999998,-0.474499,USA,SWZ,7223
1986495,246,209,1484,2011,941814.0,0.0,0.241792,1.353011,ZAF,SWZ,7223
1986496,15,212,1484,2011,6666.0,0.0,1.687634,-0.229095,AUT,SYR,7223
1986497,43,212,1484,2011,167933.0,0.0,1.072299,1.686826,CHN,SYR,7223
1986498,59,212,1484,2011,2528.0,0.0,1.737788,0.14741600000000002,CZE,SYR,7223
1986499,61,212,1484,2011,15105.0,0.0,2.074435,-3.440815,DEU,SYR,7223
1986500,104,212,1484,2011,12653.0,0.0,0.18276199999999998,2.398765,IND,SYR,7223
1986501,113,212,1484,2011,0.0,5159.0,0.231605,0.47049399999999997,JOR,SYR,7223
1986502,208,212,1484,2011,165608.0,0.0,1.857146,0.366159,SWE,SYR,7223
1986503,224,212,1484,2011,15568.0,0.0,0.45775,2.4316259999999996,TUR,SYR,7223
1986504,249,212,1484,2011,543832.0,0.0,1.803234,0.921233,TWN,SYR,7223
1986505,231,213,1484,2011,1597.0,0.0,1.6884849999999998,-0.474499,USA,TCA,7223
1986506,32,215,1484,2011,15684.0,0.0,0.27718400000000004,0.5674319999999999,BRA,TGO,7223
1986507,43,215,1484,2011,29110.0,0.0,1.072299,1.686826,CHN,TGO,7223
1986508,61,215,1484,2011,17235.0,0.0,2.074435,-3.440815,DEU,TGO,7223
1986509,104,215,1484,2011,8558.0,0.0,0.18276199999999998,2.398765,IND,TGO,7223
1986510,103,220,1484,2011,2390.0,0.0,-0.234125,1.168384,IDN,TLS,7223
1986511,18,223,1484,2011,31472.0,0.0,1.221703,1.247961,BEL,TUN,7223
1986512,32,223,1484,2011,1674.0,0.0,0.27718400000000004,0.5674319999999999,BRA,TUN,7223
1986513,39,223,1484,2011,7300.0,0.0,0.754813,1.1967290000000002,CAN,TUN,7223
1986514,43,223,1484,2011,20252.0,0.0,1.072299,1.686826,CHN,TUN,7223
1986515,59,223,1484,2011,7749.0,0.0,1.737788,0.14741600000000002,CZE,TUN,7223
1986516,61,223,1484,2011,92278.0,0.0,2.074435,-3.440815,DEU,TUN,7223
1986517,71,223,1484,2011,11884.0,0.0,0.8677290000000001,2.4618450000000003,ESP,TUN,7223
1986518,77,223,1484,2011,94192.0,32202.0,1.532054,0.09339299999999999,FRA,TUN,7223
1986519,104,223,1484,2011,257164.0,0.0,0.18276199999999998,2.398765,IND,TUN,7223
1986520,111,223,1484,2011,624936.0,0.0,1.298751,0.48013599999999995,ITA,TUN,7223
1986521,114,223,1484,2011,36968.0,0.0,2.516395,-0.534301,JPN,TUN,7223
1986522,134,223,1484,2011,0.0,22820.0,-0.485404,0.099828,MAR,TUN,7223
1986523,179,223,1484,2011,15059.0,0.0,0.558481,2.7056240000000003,PRT,TUN,7223
1986524,208,223,1484,2011,2745.0,0.0,1.857146,0.366159,SWE,TUN,7223
1986525,224,223,1484,2011,2310.0,0.0,0.45775,2.4316259999999996,TUR,TUN,7223
1986526,231,223,1484,2011,11144.0,0.0,1.6884849999999998,-0.474499,USA,TUN,7223
1986527,249,223,1484,2011,47849.0,0.0,1.803234,0.921233,TWN,TUN,7223
1986528,7,226,1484,2011,957.0,0.0,0.030652,-0.450808,ARE,TZA,7223
1986529,43,226,1484,2011,10168.0,0.0,1.072299,1.686826,CHN,TZA,7223
1986530,104,226,1484,2011,40201.0,0.0,0.18276199999999998,2.398765,IND,TZA,7223
1986531,111,226,1484,2011,2886.0,0.0,1.298751,0.48013599999999995,ITA,TZA,7223
1986532,114,226,1484,2011,2952.0,0.0,2.516395,-0.534301,JPN,TZA,7223
1986533,187,226,1484,2011,0.0,20521.0,-0.684475,-0.690734,RWA,TZA,7223
1986534,246,226,1484,2011,25557.0,0.0,0.241792,1.353011,ZAF,TZA,7223
1986535,247,226,1484,2011,9769.0,0.0,-0.7599,-0.941019,ZMB,TZA,7223
1986536,17,227,1484,2011,0.0,5363.0,-0.8287049999999999,-0.774558,BDI,UGA,7223
1986537,43,227,1484,2011,2284.0,0.0,1.072299,1.686826,CHN,UGA,7223
1986538,46,227,1484,2011,0.0,10093.0,-0.722957,-0.965141,COD,UGA,7223
1986539,110,227,1484,2011,21772.0,0.0,1.324384,0.714611,ISR,UGA,7223
1986540,116,227,1484,2011,3104.0,0.0,-0.48319300000000004,0.346927,KEN,UGA,7223
1986541,162,227,1484,2011,12052.0,0.0,1.1655229999999999,1.410167,NLD,UGA,7223
1986542,187,227,1484,2011,0.0,158066.0,-0.684475,-0.690734,RWA,UGA,7223
1986543,190,227,1484,2011,0.0,6633.0,-2.1675869999999997,-1.249272,SDN,UGA,7223
1986544,246,227,1484,2011,30484.0,0.0,0.241792,1.353011,ZAF,UGA,7223
1986545,106,229,1484,2011,0.0,21516.0,1.403182,0.290245,IRL,UMI,7223
1986546,103,234,1484,2011,0.0,2174.0,-0.234125,1.168384,IDN,VCT,7223
1986547,231,234,1484,2011,3896.0,0.0,1.6884849999999998,-0.474499,USA,VCT,7223
1986548,208,237,1484,2011,0.0,3728.0,1.857146,0.366159,SWE,VGB,7223
1986549,231,237,1484,2011,16662.0,0.0,1.6884849999999998,-0.474499,USA,VGB,7223
1986550,249,237,1484,2011,0.0,16016.0,1.803234,0.921233,TWN,VGB,7223
1986551,7,247,1484,2011,1735.0,0.0,0.030652,-0.450808,ARE,ZMB,7223
1986552,14,247,1484,2011,2880.0,0.0,-0.138148,0.002999,AUS,ZMB,7223
1986553,37,247,1484,2011,4928.0,0.0,-0.48782600000000004,-1.051639,BWA,ZMB,7223
1986554,43,247,1484,2011,237424.0,0.0,1.072299,1.686826,CHN,ZMB,7223
1986555,77,247,1484,2011,50454.0,0.0,1.532054,0.09339299999999999,FRA,ZMB,7223
1986556,97,247,1484,2011,3934.0,0.0,0.663588,1.902118,HKG,ZMB,7223
1986557,104,247,1484,2011,18103.0,0.0,0.18276199999999998,2.398765,IND,ZMB,7223
1986558,124,247,1484,2011,1402.0,0.0,0.278393,1.2962879999999999,LBN,ZMB,7223
1986559,226,247,1484,2011,0.0,9769.0,-0.751316,0.286505,TZA,ZMB,7223
1986560,246,247,1484,2011,56782.0,0.0,0.241792,1.353011,ZAF,ZMB,7223
1986561,39,120,1484,2011,1249.0,0.0,0.754813,1.1967290000000002,CAN,KNA,7223
1986562,231,120,1484,2011,1739.0,0.0,1.6884849999999998,-0.474499,USA,KNA,7223
1986563,231,127,1484,2011,2031.0,0.0,1.6884849999999998,-0.474499,USA,LCA,7223
1986564,107,9,1484,2011,5186.0,0.0,-0.915379,-0.973194,IRN,ARM,7223
1986565,162,9,1484,2011,7660.0,0.0,1.1655229999999999,1.410167,NLD,ARM,7223
1986566,81,57,1484,2011,28645.0,0.0,1.8048220000000001,0.380141,GBR,CYM,7223
1986567,231,57,1484,2011,55768.0,0.0,1.6884849999999998,-0.474499,USA,CYM,7223
1986568,18,141,1484,2011,2502.0,0.0,1.221703,1.247961,BEL,MLI,7223
1986569,246,141,1484,2011,9307.0,0.0,0.241792,1.353011,ZAF,MLI,7223
1986570,26,144,1484,2011,1037.0,0.0,0.391425,0.6066600000000001,BIH,MNE,7223
1986571,61,144,1484,2011,891.0,0.0,2.074435,-3.440815,DEU,MNE,7223
1986572,201,144,1484,2011,1854.0,0.0,0.49055699999999997,1.5601399999999999,SRB,MNE,7223
1986573,104,196,1484,2011,6413.0,0.0,0.18276199999999998,2.398765,IND,SLE,7223
1986574,115,196,1484,2011,0.0,3173.0,-0.514687,-0.775671,KAZ,SLE,7223
1986575,43,50,1484,2011,1632.0,0.0,1.072299,1.686826,CHN,COM,7223
1986576,43,152,1484,2011,9759.0,0.0,1.072299,1.686826,CHN,MWI,7223
1986577,97,152,1484,2011,17595.0,0.0,0.663588,1.902118,HKG,MWI,7223
1986578,147,152,1484,2011,934.0,0.0,-1.2069299999999998,-0.977785,MOZ,MWI,7223
1986579,246,152,1484,2011,1686.0,0.0,0.241792,1.353011,ZAF,MWI,7223
1986580,162,0,1484,2011,875.0,0.0,1.1655229999999999,1.410167,NLD,ABW,7223
1986581,231,0,1484,2011,20107.0,0.0,1.6884849999999998,-0.474499,USA,ABW,7223
1986582,41,34,1484,2011,335.0,0.0,2.2644029999999997,0.406131,CHE,BRN,7223
1986583,43,34,1484,2011,15863.0,0.0,1.072299,1.686826,CHN,BRN,7223
1986584,61,34,1484,2011,21711.0,0.0,2.074435,-3.440815,DEU,BRN,7223
1986585,81,34,1484,2011,14086.0,0.0,1.8048220000000001,0.380141,GBR,BRN,7223
1986586,97,34,1484,2011,5723.0,0.0,0.663588,1.902118,HKG,BRN,7223
1986587,153,34,1484,2011,44168.0,0.0,0.9893290000000001,0.632079,MYS,BRN,7223
1986588,192,34,1484,2011,43668.0,0.0,1.849116,0.52127,SGP,BRN,7223
1986589,231,34,1484,2011,1377.0,0.0,1.6884849999999998,-0.474499,USA,BRN,7223
1986590,249,34,1484,2011,949176.0,0.0,1.803234,0.921233,TWN,BRN,7223
1986591,104,35,1484,2011,19524.0,0.0,0.18276199999999998,2.398765,IND,BTN,7223
1986592,121,38,1484,2011,1021.0,0.0,1.731371,0.8306879999999999,KOR,CAF,7223
1986593,43,51,1484,2011,17593.0,0.0,1.072299,1.686826,CHN,CPV,7223
1986594,61,51,1484,2011,0.0,28.0,2.074435,-3.440815,DEU,CPV,7223
1986595,179,51,1484,2011,3930.0,0.0,0.558481,2.7056240000000003,PRT,CPV,7223
1986596,250,51,1484,2011,0.0,14956.0,0.475638,-0.160135,ANS,CPV,7223
1986597,14,75,1484,2011,9415.0,0.0,-0.138148,0.002999,AUS,FJI,7223
1986598,41,75,1484,2011,442.0,0.0,2.2644029999999997,0.406131,CHE,FJI,7223
1986599,43,75,1484,2011,5264.0,0.0,1.072299,1.686826,CHN,FJI,7223
1986600,97,75,1484,2011,4095.0,0.0,0.663588,1.902118,HKG,FJI,7223
1986601,121,75,1484,2011,3301.0,0.0,1.731371,0.8306879999999999,KOR,FJI,7223
1986602,166,75,1484,2011,1176.0,0.0,0.372732,0.548601,NZL,FJI,7223
1986603,176,75,1484,2011,0.0,8208.0,-1.1111659999999999,-0.9458610000000001,PNG,FJI,7223
1986604,192,75,1484,2011,48400.0,0.0,1.849116,0.52127,SGP,FJI,7223
1986605,209,75,1484,2011,1038.0,0.0,0.169986,-0.078842,SWZ,FJI,7223
1986606,221,75,1484,2011,0.0,5346.0,-0.14256,-0.589116,TON,FJI,7223
1986607,250,75,1484,2011,0.0,1617.0,0.475638,-0.160135,ANS,FJI,7223
1986608,43,87,1484,2011,5311.0,0.0,1.072299,1.686826,CHN,GMB,7223
1986609,224,87,1484,2011,26025.0,0.0,0.45775,2.4316259999999996,TUR,GMB,7223
1986610,43,123,1484,2011,83683.0,0.0,1.072299,1.686826,CHN,LAO,7223
1986611,153,123,1484,2011,179927.0,0.0,0.9893290000000001,0.632079,MYS,LAO,7223
1986612,216,123,1484,2011,85639.0,0.0,0.889009,1.503118,THA,LAO,7223
1986613,239,123,1484,2011,2617.0,0.0,-0.184453,1.637207,VNM,LAO,7223
1986614,39,133,1484,2011,0.0,16986.0,0.754813,1.1967290000000002,CAN,MAC,7223
1986615,43,133,1484,2011,10269.0,0.0,1.072299,1.686826,CHN,MAC,7223
1986616,97,133,1484,2011,21908.0,0.0,0.663588,1.902118,HKG,MAC,7223
1986617,106,133,1484,2011,353.0,0.0,1.403182,0.290245,IRL,MAC,7223
1986618,114,133,1484,2011,8841.0,0.0,2.516395,-0.534301,JPN,MAC,7223
1986619,231,133,1484,2011,19890.0,0.0,1.6884849999999998,-0.474499,USA,MAC,7223
1986620,249,133,1484,2011,24219.0,0.0,1.803234,0.921233,TWN,MAC,7223
1986621,14,136,1484,2011,5169.0,0.0,-0.138148,0.002999,AUS,MDG,7223
1986622,43,136,1484,2011,13039.0,0.0,1.072299,1.686826,CHN,MDG,7223
1986623,61,136,1484,2011,835.0,0.0,2.074435,-3.440815,DEU,MDG,7223
1986624,77,136,1484,2011,6076.0,0.0,1.532054,0.09339299999999999,FRA,MDG,7223
1986625,111,136,1484,2011,1658.0,0.0,1.298751,0.48013599999999995,ITA,MDG,7223
1986626,162,136,1484,2011,19693.0,0.0,1.1655229999999999,1.410167,NLD,MDG,7223
1986627,216,136,1484,2011,0.0,3406.0,0.889009,1.503118,THA,MDG,7223
1986628,246,136,1484,2011,6573.0,0.0,0.241792,1.353011,ZAF,MDG,7223
1986629,7,137,1484,2011,149.0,0.0,0.030652,-0.450808,ARE,MDV,7223
1986630,43,137,1484,2011,22307.0,0.0,1.072299,1.686826,CHN,MDV,7223
1986631,104,137,1484,2011,33921.0,0.0,0.18276199999999998,2.398765,IND,MDV,7223
1986632,128,137,1484,2011,2879.0,0.0,-0.559311,0.398905,LKA,MDV,7223
1986633,153,137,1484,2011,3648.0,0.0,0.9893290000000001,0.632079,MYS,MDV,7223
1986634,192,137,1484,2011,27233.0,0.0,1.849116,0.52127,SGP,MDV,7223
1986635,216,137,1484,2011,2657.0,0.0,0.889009,1.503118,THA,MDV,7223
1986636,14,156,1484,2011,6282.0,0.0,-0.138148,0.002999,AUS,NCL,7223
1986637,41,156,1484,2011,427.0,0.0,2.2644029999999997,0.406131,CHE,NCL,7223
1986638,43,156,1484,2011,881.0,0.0,1.072299,1.686826,CHN,NCL,7223
1986639,77,156,1484,2011,6054.0,0.0,1.532054,0.09339299999999999,FRA,NCL,7223
1986640,104,156,1484,2011,1003.0,0.0,0.18276199999999998,2.398765,IND,NCL,7223
1986641,121,156,1484,2011,22482.0,0.0,1.731371,0.8306879999999999,KOR,NCL,7223
1986642,166,156,1484,2011,7500.0,0.0,0.372732,0.548601,NZL,NCL,7223
1986643,61,160,1484,2011,931.0,0.0,2.074435,-3.440815,DEU,NIC,7223
1986644,114,160,1484,2011,4263.0,0.0,2.516395,-0.534301,JPN,NIC,7223
1986645,138,160,1484,2011,3626.0,0.0,0.9534600000000001,0.706982,MEX,NIC,7223
1986646,169,160,1484,2011,1959.0,0.0,0.786135,1.061008,PAN,NIC,7223
1986647,208,160,1484,2011,4649.0,0.0,1.857146,0.366159,SWE,NIC,7223
1986648,231,160,1484,2011,17449.0,0.0,1.6884849999999998,-0.474499,USA,NIC,7223
1986649,68,181,1484,2011,50865.0,0.0,-0.166243,1.384719,EGY,PSE,7223
1986650,7,187,1484,2011,1946.0,0.0,0.030652,-0.450808,ARE,RWA,7223
1986651,17,187,1484,2011,2953.0,0.0,-0.8287049999999999,-0.774558,BDI,RWA,7223
1986652,18,187,1484,2011,129952.0,0.0,1.221703,1.247961,BEL,RWA,7223
1986653,43,187,1484,2011,4467.0,0.0,1.072299,1.686826,CHN,RWA,7223
1986654,46,187,1484,2011,3720.0,0.0,-0.722957,-0.965141,COD,RWA,7223
1986655,81,187,1484,2011,10677.0,0.0,1.8048220000000001,0.380141,GBR,RWA,7223
1986656,116,187,1484,2011,4449.0,0.0,-0.48319300000000004,0.346927,KEN,RWA,7223
1986657,226,187,1484,2011,20521.0,0.0,-0.751316,0.286505,TZA,RWA,7223
1986658,227,187,1484,2011,158066.0,0.0,-0.7153,-0.062678,UGA,RWA,7223
1986659,43,240,1484,2011,12978.0,0.0,1.072299,1.686826,CHN,VUT,7223
1986660,14,242,1484,2011,3802.0,0.0,-0.138148,0.002999,AUS,WSM,7223
1986661,43,242,1484,2011,33397.0,0.0,1.072299,1.686826,CHN,WSM,7223
1986662,166,242,1484,2011,12272.0,0.0,0.372732,0.548601,NZL,WSM,7223
1986663,231,242,1484,2011,1333.0,0.0,1.6884849999999998,-0.474499,USA,WSM,7223
1986664,43,88,1484,2011,40835.0,0.0,1.072299,1.686826,CHN,GNB,7223
1986665,231,91,1484,2011,8666.0,0.0,1.6884849999999998,-0.474499,USA,GRD,7223
1986666,64,92,1484,2011,2002.0,0.0,1.156026,1.2248299999999999,DNK,GRL,7223
1986667,246,92,1484,2011,2312.0,0.0,0.241792,1.353011,ZAF,GRL,7223
1986668,43,221,1484,2011,1241.0,0.0,1.072299,1.686826,CHN,TON,7223
1986669,75,221,1484,2011,5346.0,0.0,-0.434356,-0.010863,FJI,TON,7223
1986670,121,221,1484,2011,1746.0,0.0,1.731371,0.8306879999999999,KOR,TON,7223
1986671,166,221,1484,2011,2179.0,0.0,0.372732,0.548601,NZL,TON,7223
1986672,71,5,1484,2011,2989.0,0.0,0.8677290000000001,2.4618450000000003,ESP,AND,7223
1986673,231,30,1484,2011,84399.0,0.0,1.6884849999999998,-0.474499,USA,BMU,7223
1986674,14,56,1484,2011,28372.0,0.0,-0.138148,0.002999,AUS,CXR,7223
1986675,114,79,1484,2011,1038.0,0.0,2.516395,-0.534301,JPN,FSM,7223
1986676,174,79,1484,2011,1328.0,0.0,0.364707,0.322626,PHL,FSM,7223
1986677,249,79,1484,2011,2682.0,0.0,1.803234,0.921233,TWN,FSM,7223
1986678,249,175,1484,2011,1542.0,0.0,1.803234,0.921233,TWN,PLW,7223
1986679,14,195,1484,2011,2603.0,0.0,-0.138148,0.002999,AUS,SLB,7223
1986680,43,195,1484,2011,47694.0,0.0,1.072299,1.686826,CHN,SLB,7223
1986681,97,195,1484,2011,3902.0,0.0,0.663588,1.902118,HKG,SLB,7223
1986682,153,195,1484,2011,20883.0,0.0,0.9893290000000001,0.632079,MYS,SLB,7223
1986683,192,195,1484,2011,9373.0,0.0,1.849116,0.52127,SGP,SLB,7223
1986684,2,7,1485,2011,0.0,3255.0,-1.252991,-1.132314,AGO,ARE,7224
1986685,41,7,1485,2011,33629.0,0.0,2.2644029999999997,0.406131,CHE,ARE,7224
1986686,61,7,1485,2011,102325.0,0.0,2.074435,-3.440815,DEU,ARE,7224
1986687,81,7,1485,2011,70968.0,0.0,1.8048220000000001,0.380141,GBR,ARE,7224
1986688,104,7,1485,2011,428588.0,168871.0,0.18276199999999998,2.398765,IND,ARE,7224
1986689,107,7,1485,2011,0.0,22172.0,-0.915379,-0.973194,IRN,ARE,7224
1986690,111,7,1485,2011,379326.0,0.0,1.298751,0.48013599999999995,ITA,ARE,7224
1986691,162,7,1485,2011,1240.0,0.0,1.1655229999999999,1.410167,NLD,ARE,7224
1986692,167,7,1485,2011,0.0,643029.0,-0.473703,-0.952491,OMN,ARE,7224
1986693,192,7,1485,2011,0.0,72804.0,1.849116,0.52127,SGP,ARE,7224
1986694,224,7,1485,2011,57457.0,0.0,0.45775,2.4316259999999996,TUR,ARE,7224
1986695,227,7,1485,2011,0.0,804941.0,-0.7153,-0.062678,UGA,ARE,7224
1986696,231,7,1485,2011,63853.0,0.0,1.6884849999999998,-0.474499,USA,ARE,7224
1986697,32,8,1485,2011,972385.0,5197.0,0.27718400000000004,0.5674319999999999,BRA,ARG,7224
1986698,39,8,1485,2011,0.0,27495590.0,0.754813,1.1967290000000002,CAN,ARG,7224
1986699,42,8,1485,2011,0.0,314129.0,-0.199877,-0.353009,CHL,ARG,7224
1986700,67,8,1485,2011,0.0,4924.0,-0.8250639999999999,-0.839082,ECU,ARG,7224
1986701,104,8,1485,2011,13715.0,0.0,0.18276199999999998,2.398765,IND,ARG,7224
1986702,111,8,1485,2011,2788860.0,0.0,1.298751,0.48013599999999995,ITA,ARG,7224
1986703,138,8,1485,2011,0.0,14272513.0,0.9534600000000001,0.706982,MEX,ARG,7224
1986704,230,8,1485,2011,0.0,1167.0,0.313195,0.042866,URY,ARG,7224
1986705,231,8,1485,2011,108877.0,0.0,1.6884849999999998,-0.474499,USA,ARG,7224
1986706,23,15,1485,2011,904693.0,458195.0,0.537967,1.520973,BGR,AUT,7224
1986707,26,15,1485,2011,0.0,136785.0,0.391425,0.6066600000000001,BIH,AUT,7224
1986708,35,15,1485,2011,0.0,545.0,-0.022021000000000002,-0.5282439999999999,BTN,AUT,7224
1986709,41,15,1485,2011,15355.0,2586772.0,2.2644029999999997,0.406131,CHE,AUT,7224
1986710,43,15,1485,2011,5865.0,0.0,1.072299,1.686826,CHN,AUT,7224
1986711,59,15,1485,2011,2742375.0,107076.0,1.737788,0.14741600000000002,CZE,AUT,7224
1986712,61,15,1485,2011,76518091.0,28346119.0,2.074435,-3.440815,DEU,AUT,7224
1986713,64,15,1485,2011,0.0,4268.0,1.156026,1.2248299999999999,DNK,AUT,7224
1986714,71,15,1485,2011,0.0,1764611.0,0.8677290000000001,2.4618450000000003,ESP,AUT,7224
1986715,77,15,1485,2011,230246.0,1414743.0,1.532054,0.09339299999999999,FRA,AUT,7224
1986716,81,15,1485,2011,398013.0,1326423.0,1.8048220000000001,0.380141,GBR,AUT,7224
1986717,100,15,1485,2011,0.0,65583.0,0.868294,0.9424299999999999,HRV,AUT,7224
1986718,102,15,1485,2011,159886.0,163610.0,1.486592,0.805642,HUN,AUT,7224
1986719,104,15,1485,2011,0.0,1857013.0,0.18276199999999998,2.398765,IND,AUT,7224
1986720,107,15,1485,2011,0.0,5761.0,-0.915379,-0.973194,IRN,AUT,7224
1986721,110,15,1485,2011,0.0,33966.0,1.324384,0.714611,ISR,AUT,7224
1986722,111,15,1485,2011,22744345.0,134821672.0,1.298751,0.48013599999999995,ITA,AUT,7224
1986723,114,15,1485,2011,0.0,14381038.0,2.516395,-0.534301,JPN,AUT,7224
1986724,116,15,1485,2011,0.0,2050.0,-0.48319300000000004,0.346927,KEN,AUT,7224
1986725,144,15,1485,2011,78598.0,0.0,0.149559,0.024935,MNE,AUT,7224
1986726,162,15,1485,2011,270525.0,54889.0,1.1655229999999999,1.410167,NLD,AUT,7224
1986727,177,15,1485,2011,77518.0,969.0,1.133641,1.134203,POL,AUT,7224
1986728,185,15,1485,2011,0.0,7324625.0,0.722,1.296655,ROU,AUT,7224
1986729,186,15,1485,2011,538359.0,13791.0,0.47319399999999995,-0.20801599999999998,RUS,AUT,7224
1986730,201,15,1485,2011,0.0,112238.0,0.49055699999999997,1.5601399999999999,SRB,AUT,7224
1986731,206,15,1485,2011,0.0,158749.0,1.262897,0.8230569999999999,SVK,AUT,7224
1986732,207,15,1485,2011,1477476.0,1103537.0,1.642913,0.700222,SVN,AUT,7224
1986733,208,15,1485,2011,1707495.0,17214808.0,1.857146,0.366159,SWE,AUT,7224
1986734,224,15,1485,2011,21639570.0,30375.0,0.45775,2.4316259999999996,TUR,AUT,7224
1986735,230,15,1485,2011,0.0,1785.0,0.313195,0.042866,URY,AUT,7224
1986736,231,15,1485,2011,440183.0,14916.0,1.6884849999999998,-0.474499,USA,AUT,7224
1986737,239,15,1485,2011,0.0,82860.0,-0.184453,1.637207,VNM,AUT,7224
1986738,249,15,1485,2011,0.0,1062196.0,1.803234,0.921233,TWN,AUT,7224
1986739,186,16,1485,2011,13611076.0,0.0,0.47319399999999995,-0.20801599999999998,RUS,AZE,7224
1986740,224,16,1485,2011,3105.0,0.0,0.45775,2.4316259999999996,TUR,AZE,7224
1986741,2,18,1485,2011,0.0,797.0,-1.252991,-1.132314,AGO,BEL,7224
1986742,14,18,1485,2011,0.0,794174.0,-0.138148,0.002999,AUS,BEL,7224
1986743,32,18,1485,2011,8847734.0,6901547.0,0.27718400000000004,0.5674319999999999,BRA,BEL,7224
1986744,39,18,1485,2011,1744.0,0.0,0.754813,1.1967290000000002,CAN,BEL,7224
1986745,41,18,1485,2011,14858.0,2716886.0,2.2644029999999997,0.406131,CHE,BEL,7224
1986746,43,18,1485,2011,1178901.0,2066177.0,1.072299,1.686826,CHN,BEL,7224
1986747,46,18,1485,2011,0.0,4343.0,-0.722957,-0.965141,COD,BEL,7224
1986748,59,18,1485,2011,10271617.0,371653.0,1.737788,0.14741600000000002,CZE,BEL,7224
1986749,61,18,1485,2011,2215573.0,89247690.0,2.074435,-3.440815,DEU,BEL,7224
1986750,64,18,1485,2011,258762.0,978.0,1.156026,1.2248299999999999,DNK,BEL,7224
1986751,66,18,1485,2011,0.0,178382.0,-1.36763,-1.140594,DZA,BEL,7224
1986752,68,18,1485,2011,550017.0,209086.0,-0.166243,1.384719,EGY,BEL,7224
1986753,71,18,1485,2011,233293.0,6926443.0,0.8677290000000001,2.4618450000000003,ESP,BEL,7224
1986754,74,18,1485,2011,1055217.0,0.0,1.7488830000000002,0.890934,FIN,BEL,7224
1986755,77,18,1485,2011,307223196.0,17504591.0,1.532054,0.09339299999999999,FRA,BEL,7224
1986756,81,18,1485,2011,974938.0,47827.0,1.8048220000000001,0.380141,GBR,BEL,7224
1986757,82,18,1485,2011,0.0,8011.0,-0.07754,-0.35434699999999997,GEO,BEL,7224
1986758,83,18,1485,2011,0.0,873.0,-0.8627319999999999,-0.608823,GHA,BEL,7224
1986759,93,18,1485,2011,0.0,85075.0,-0.329497,0.775369,GTM,BEL,7224
1986760,97,18,1485,2011,0.0,53447.0,0.663588,1.902118,HKG,BEL,7224
1986761,103,18,1485,2011,0.0,146302.0,-0.234125,1.168384,IDN,BEL,7224
1986762,104,18,1485,2011,78928.0,2447198.0,0.18276199999999998,2.398765,IND,BEL,7224
1986763,106,18,1485,2011,0.0,6244.0,1.403182,0.290245,IRL,BEL,7224
1986764,107,18,1485,2011,553418.0,0.0,-0.915379,-0.973194,IRN,BEL,7224
1986765,111,18,1485,2011,3746983.0,6330475.0,1.298751,0.48013599999999995,ITA,BEL,7224
1986766,114,18,1485,2011,78223.0,184397.0,2.516395,-0.534301,JPN,BEL,7224
1986767,131,18,1485,2011,1629.0,9534629.0,1.1655739999999999,1.222379,LUX,BEL,7224
1986768,138,18,1485,2011,0.0,2032813.0,0.9534600000000001,0.706982,MEX,BEL,7224
1986769,144,18,1485,2011,43186.0,0.0,0.149559,0.024935,MNE,BEL,7224
1986770,162,18,1485,2011,1537732.0,257304.0,1.1655229999999999,1.410167,NLD,BEL,7224
1986771,185,18,1485,2011,0.0,448093.0,0.722,1.296655,ROU,BEL,7224
1986772,186,18,1485,2011,3361194.0,33480.0,0.47319399999999995,-0.20801599999999998,RUS,BEL,7224
1986773,208,18,1485,2011,37805247.0,17937.0,1.857146,0.366159,SWE,BEL,7224
1986774,224,18,1485,2011,2774248.0,1055159.0,0.45775,2.4316259999999996,TUR,BEL,7224
1986775,231,18,1485,2011,693494.0,9931972.0,1.6884849999999998,-0.474499,USA,BEL,7224
1986776,239,18,1485,2011,0.0,22060.0,-0.184453,1.637207,VNM,BEL,7224
1986777,246,18,1485,2011,0.0,2439853.0,0.241792,1.353011,ZAF,BEL,7224
1986778,249,18,1485,2011,25519.0,0.0,1.803234,0.921233,TWN,BEL,7224
1986779,15,23,1485,2011,458195.0,904693.0,1.687634,-0.229095,AUT,BGR,7224
1986780,59,23,1485,2011,268598.0,0.0,1.737788,0.14741600000000002,CZE,BGR,7224
1986781,61,23,1485,2011,11398.0,102687.0,2.074435,-3.440815,DEU,BGR,7224
1986782,90,23,1485,2011,2289837.0,6059.0,0.138679,1.30044,GRC,BGR,7224
1986783,102,23,1485,2011,114930.0,0.0,1.486592,0.805642,HUN,BGR,7224
1986784,111,23,1485,2011,17427.0,1361.0,1.298751,0.48013599999999995,ITA,BGR,7224
1986785,177,23,1485,2011,6798.0,0.0,1.133641,1.134203,POL,BGR,7224
1986786,185,23,1485,2011,2401077.0,103127.0,0.722,1.296655,ROU,BGR,7224
1986787,186,23,1485,2011,197621.0,0.0,0.47319399999999995,-0.20801599999999998,RUS,BGR,7224
1986788,206,23,1485,2011,277880.0,0.0,1.262897,0.8230569999999999,SVK,BGR,7224
1986789,207,23,1485,2011,4438.0,1895.0,1.642913,0.700222,SVN,BGR,7224
1986790,224,23,1485,2011,101670.0,161789.0,0.45775,2.4316259999999996,TUR,BGR,7224
1986791,231,25,1485,2011,54823.0,0.0,1.6884849999999998,-0.474499,USA,BHS,7224
1986792,8,32,1485,2011,5197.0,972385.0,0.240494,0.540376,ARG,BRA,7224
1986793,18,32,1485,2011,6901547.0,8847734.0,1.221703,1.247961,BEL,BRA,7224
1986794,31,32,1485,2011,0.0,4431.0,-0.818593,-0.8701770000000001,BOL,BRA,7224
1986795,39,32,1485,2011,0.0,32899978.0,0.754813,1.1967290000000002,CAN,BRA,7224
1986796,43,32,1485,2011,4556106.0,16434275.0,1.072299,1.686826,CHN,BRA,7224
1986797,61,32,1485,2011,1951098.0,239092258.0,2.074435,-3.440815,DEU,BRA,7224
1986798,71,32,1485,2011,92058.0,0.0,0.8677290000000001,2.4618450000000003,ESP,BRA,7224
1986799,74,32,1485,2011,1277.0,0.0,1.7488830000000002,0.890934,FIN,BRA,7224
1986800,77,32,1485,2011,50693.0,4937206.0,1.532054,0.09339299999999999,FRA,BRA,7224
1986801,81,32,1485,2011,172936.0,0.0,1.8048220000000001,0.380141,GBR,BRA,7224
1986802,83,32,1485,2011,0.0,4627.0,-0.8627319999999999,-0.608823,GHA,BRA,7224
1986803,99,32,1485,2011,0.0,1886.0,-0.740241,-0.311952,HND,BRA,7224
1986804,103,32,1485,2011,0.0,20271.0,-0.234125,1.168384,IDN,BRA,7224
1986805,104,32,1485,2011,1505002.0,0.0,0.18276199999999998,2.398765,IND,BRA,7224
1986806,111,32,1485,2011,7222384.0,940526.0,1.298751,0.48013599999999995,ITA,BRA,7224
1986807,121,32,1485,2011,0.0,37129834.0,1.731371,0.8306879999999999,KOR,BRA,7224
1986808,138,32,1485,2011,0.0,7709293.0,0.9534600000000001,0.706982,MEX,BRA,7224
1986809,168,32,1485,2011,0.0,294355.0,-0.729677,0.6026729999999999,PAK,BRA,7224
1986810,177,32,1485,2011,30276.0,0.0,1.133641,1.134203,POL,BRA,7224
1986811,192,32,1485,2011,174971.0,0.0,1.849116,0.52127,SGP,BRA,7224
1986812,208,32,1485,2011,99648.0,0.0,1.857146,0.366159,SWE,BRA,7224
1986813,216,32,1485,2011,0.0,11786898.0,0.889009,1.503118,THA,BRA,7224
1986814,224,32,1485,2011,6064.0,0.0,0.45775,2.4316259999999996,TUR,BRA,7224
1986815,226,32,1485,2011,0.0,1510.0,-0.751316,0.286505,TZA,BRA,7224
1986816,231,32,1485,2011,3701452.0,51591375.0,1.6884849999999998,-0.474499,USA,BRA,7224
1986817,236,32,1485,2011,86833.0,0.0,-0.841147,-1.095636,VEN,BRA,7224
1986818,249,32,1485,2011,3921.0,1839355.0,1.803234,0.921233,TWN,BRA,7224
1986819,81,33,1485,2011,8225.0,0.0,1.8048220000000001,0.380141,GBR,BRB,7224
1986820,231,33,1485,2011,11105.0,0.0,1.6884849999999998,-0.474499,USA,BRB,7224
1986821,8,39,1485,2011,27495590.0,0.0,0.240494,0.540376,ARG,CAN,7224
1986822,18,39,1485,2011,0.0,1744.0,1.221703,1.247961,BEL,CAN,7224
1986823,32,39,1485,2011,32899978.0,0.0,0.27718400000000004,0.5674319999999999,BRA,CAN,7224
1986824,43,39,1485,2011,27093.0,36301.0,1.072299,1.686826,CHN,CAN,7224
1986825,54,39,1485,2011,0.0,1914996.0,-0.050093,-0.88759,CUB,CAN,7224
1986826,61,39,1485,2011,1701814.0,0.0,2.074435,-3.440815,DEU,CAN,7224
1986827,77,39,1485,2011,3259.0,0.0,1.532054,0.09339299999999999,FRA,CAN,7224
1986828,81,39,1485,2011,963392.0,44496.0,1.8048220000000001,0.380141,GBR,CAN,7224
1986829,104,39,1485,2011,51929.0,237005.0,0.18276199999999998,2.398765,IND,CAN,7224
1986830,111,39,1485,2011,41010.0,0.0,1.298751,0.48013599999999995,ITA,CAN,7224
1986831,114,39,1485,2011,19720.0,0.0,2.516395,-0.534301,JPN,CAN,7224
1986832,121,39,1485,2011,0.0,87323.0,1.731371,0.8306879999999999,KOR,CAN,7224
1986833,138,39,1485,2011,1280.0,0.0,0.9534600000000001,0.706982,MEX,CAN,7224
1986834,185,39,1485,2011,78036344.0,0.0,0.722,1.296655,ROU,CAN,7224
1986835,206,39,1485,2011,2833.0,0.0,1.262897,0.8230569999999999,SVK,CAN,7224
1986836,207,39,1485,2011,1325.0,0.0,1.642913,0.700222,SVN,CAN,7224
1986837,208,39,1485,2011,16720.0,0.0,1.857146,0.366159,SWE,CAN,7224
1986838,224,39,1485,2011,66589.0,0.0,0.45775,2.4316259999999996,TUR,CAN,7224
1986839,228,39,1485,2011,57574.0,0.0,0.6221409999999999,0.765505,UKR,CAN,7224
1986840,231,39,1485,2011,51961502.0,144643279.0,1.6884849999999998,-0.474499,USA,CAN,7224
1986841,249,39,1485,2011,3720.0,17080.0,1.803234,0.921233,TWN,CAN,7224
1986842,7,41,1485,2011,0.0,33629.0,0.030652,-0.450808,ARE,CHE,7224
1986843,15,41,1485,2011,2586772.0,15355.0,1.687634,-0.229095,AUT,CHE,7224
1986844,18,41,1485,2011,2716886.0,14858.0,1.221703,1.247961,BEL,CHE,7224
1986845,43,41,1485,2011,2186.0,108504.0,1.072299,1.686826,CHN,CHE,7224
1986846,49,41,1485,2011,0.0,24474.0,0.14336600000000002,-0.22996,COL,CHE,7224
1986847,59,41,1485,2011,2711137.0,8362.0,1.737788,0.14741600000000002,CZE,CHE,7224
1986848,61,41,1485,2011,1674230.0,750202.0,2.074435,-3.440815,DEU,CHE,7224
1986849,64,41,1485,2011,133803.0,0.0,1.156026,1.2248299999999999,DNK,CHE,7224
1986850,71,41,1485,2011,0.0,34953.0,0.8677290000000001,2.4618450000000003,ESP,CHE,7224
1986851,77,41,1485,2011,767392.0,127050.0,1.532054,0.09339299999999999,FRA,CHE,7224
1986852,81,41,1485,2011,49260.0,15665.0,1.8048220000000001,0.380141,GBR,CHE,7224
1986853,104,41,1485,2011,586247.0,0.0,0.18276199999999998,2.398765,IND,CHE,7224
1986854,106,41,1485,2011,1232.0,0.0,1.403182,0.290245,IRL,CHE,7224
1986855,110,41,1485,2011,0.0,13953.0,1.324384,0.714611,ISR,CHE,7224
1986856,111,41,1485,2011,7315902.0,46920.0,1.298751,0.48013599999999995,ITA,CHE,7224
1986857,121,41,1485,2011,0.0,2727.0,1.731371,0.8306879999999999,KOR,CHE,7224
1986858,151,41,1485,2011,0.0,2897.0,-0.09464600000000001,0.091177,MUS,CHE,7224
1986859,153,41,1485,2011,8413744.0,0.0,0.9893290000000001,0.632079,MYS,CHE,7224
1986860,162,41,1485,2011,941461.0,42859.0,1.1655229999999999,1.410167,NLD,CHE,7224
1986861,163,41,1485,2011,3173.0,0.0,0.8492770000000001,0.050044,NOR,CHE,7224
1986862,177,41,1485,2011,3691228.0,13196.0,1.133641,1.134203,POL,CHE,7224
1986863,206,41,1485,2011,0.0,5632.0,1.262897,0.8230569999999999,SVK,CHE,7224
1986864,207,41,1485,2011,1326811.0,0.0,1.642913,0.700222,SVN,CHE,7224
1986865,208,41,1485,2011,0.0,1194.0,1.857146,0.366159,SWE,CHE,7224
1986866,231,41,1485,2011,180714.0,0.0,1.6884849999999998,-0.474499,USA,CHE,7224
1986867,236,41,1485,2011,0.0,303972.0,-0.841147,-1.095636,VEN,CHE,7224
1986868,249,41,1485,2011,7867.0,41629.0,1.803234,0.921233,TWN,CHE,7224
1986869,8,42,1485,2011,314129.0,0.0,0.240494,0.540376,ARG,CHL,7224
1986870,106,42,1485,2011,12990.0,0.0,1.403182,0.290245,IRL,CHL,7224
1986871,111,42,1485,2011,306407.0,0.0,1.298751,0.48013599999999995,ITA,CHL,7224
1986872,231,42,1485,2011,138485.0,0.0,1.6884849999999998,-0.474499,USA,CHL,7224
1986873,246,42,1485,2011,22986.0,0.0,0.241792,1.353011,ZAF,CHL,7224
1986874,249,42,1485,2011,17358.0,0.0,1.803234,0.921233,TWN,CHL,7224
1986875,2,43,1485,2011,0.0,3882.0,-1.252991,-1.132314,AGO,CHN,7224
1986876,14,43,1485,2011,727181.0,830846.0,-0.138148,0.002999,AUS,CHN,7224
1986877,15,43,1485,2011,0.0,5865.0,1.687634,-0.229095,AUT,CHN,7224
1986878,18,43,1485,2011,2066177.0,1178901.0,1.221703,1.247961,BEL,CHN,7224
1986879,22,43,1485,2011,0.0,37408.0,-1.074416,-0.8276370000000001,BGD,CHN,7224
1986880,26,43,1485,2011,0.0,6920.0,0.391425,0.6066600000000001,BIH,CHN,7224
1986881,28,43,1485,2011,0.0,104977.0,0.8786729999999999,0.442097,BLR,CHN,7224
1986882,32,43,1485,2011,16434275.0,4556106.0,0.27718400000000004,0.5674319999999999,BRA,CHN,7224
1986883,39,43,1485,2011,36301.0,27093.0,0.754813,1.1967290000000002,CAN,CHN,7224
1986884,41,43,1485,2011,108504.0,2186.0,2.2644029999999997,0.406131,CHE,CHN,7224
1986885,45,43,1485,2011,0.0,2198.0,-0.7956340000000001,-0.8532790000000001,CMR,CHN,7224
1986886,49,43,1485,2011,0.0,4819.0,0.14336600000000002,-0.22996,COL,CHN,7224
1986887,59,43,1485,2011,1238381.0,1063.0,1.737788,0.14741600000000002,CZE,CHN,7224
1986888,61,43,1485,2011,628302.0,963197.0,2.074435,-3.440815,DEU,CHN,7224
1986889,64,43,1485,2011,60615.0,2609.0,1.156026,1.2248299999999999,DNK,CHN,7224
1986890,66,43,1485,2011,0.0,3250.0,-1.36763,-1.140594,DZA,CHN,7224
1986891,68,43,1485,2011,1738.0,5893.0,-0.166243,1.384719,EGY,CHN,7224
1986892,71,43,1485,2011,40025.0,0.0,0.8677290000000001,2.4618450000000003,ESP,CHN,7224
1986893,72,43,1485,2011,12969.0,0.0,0.9806790000000001,1.110449,EST,CHN,7224
1986894,74,43,1485,2011,109350.0,51011.0,1.7488830000000002,0.890934,FIN,CHN,7224
1986895,77,43,1485,2011,2961375.0,2533826.0,1.532054,0.09339299999999999,FRA,CHN,7224
1986896,81,43,1485,2011,1055684.0,2100763.0,1.8048220000000001,0.380141,GBR,CHN,7224
1986897,97,43,1485,2011,335319.0,3931.0,0.663588,1.902118,HKG,CHN,7224
1986898,103,43,1485,2011,0.0,276881.0,-0.234125,1.168384,IDN,CHN,7224
1986899,104,43,1485,2011,3286714.0,15497216.0,0.18276199999999998,2.398765,IND,CHN,7224
1986900,106,43,1485,2011,0.0,28208.0,1.403182,0.290245,IRL,CHN,7224
1986901,107,43,1485,2011,0.0,493977.0,-0.915379,-0.973194,IRN,CHN,7224
1986902,109,43,1485,2011,0.0,4364.0,0.284202,-0.23753000000000002,ISL,CHN,7224
1986903,110,43,1485,2011,0.0,53425.0,1.324384,0.714611,ISR,CHN,7224
1986904,111,43,1485,2011,683963.0,1482480.0,1.298751,0.48013599999999995,ITA,CHN,7224
1986905,112,43,1485,2011,0.0,9710.0,-0.162212,-0.621817,JAM,CHN,7224
1986906,114,43,1485,2011,61563507.0,106656553.0,2.516395,-0.534301,JPN,CHN,7224
1986907,115,43,1485,2011,0.0,6142.0,-0.514687,-0.775671,KAZ,CHN,7224
1986908,121,43,1485,2011,4616159.0,494850.0,1.731371,0.8306879999999999,KOR,CHN,7224
1986909,136,43,1485,2011,0.0,2500.0,-1.040519,-0.404883,MDG,CHN,7224
1986910,138,43,1485,2011,0.0,4483.0,0.9534600000000001,0.706982,MEX,CHN,7224
1986911,153,43,1485,2011,0.0,154180.0,0.9893290000000001,0.632079,MYS,CHN,7224
1986912,162,43,1485,2011,0.0,11433.0,1.1655229999999999,1.410167,NLD,CHN,7224
1986913,166,43,1485,2011,0.0,8918.0,0.372732,0.548601,NZL,CHN,7224
1986914,167,43,1485,2011,0.0,1527.0,-0.473703,-0.952491,OMN,CHN,7224
1986915,168,43,1485,2011,0.0,24696.0,-0.729677,0.6026729999999999,PAK,CHN,7224
1986916,173,43,1485,2011,0.0,2806.0,-0.455977,0.442543,PER,CHN,7224
1986917,174,43,1485,2011,0.0,553073.0,0.364707,0.322626,PHL,CHN,7224
1986918,176,43,1485,2011,0.0,25500.0,-1.1111659999999999,-0.9458610000000001,PNG,CHN,7224
1986919,177,43,1485,2011,0.0,70440.0,1.133641,1.134203,POL,CHN,7224
1986920,178,43,1485,2011,2622604.0,0.0,-0.024317,-0.154781,PRK,CHN,7224
1986921,186,43,1485,2011,9056362.0,176779.0,0.47319399999999995,-0.20801599999999998,RUS,CHN,7224
1986922,188,43,1485,2011,0.0,122446.0,0.354045,-0.800028,SAU,CHN,7224
1986923,190,43,1485,2011,0.0,1857.0,-2.1675869999999997,-1.249272,SDN,CHN,7224
1986924,192,43,1485,2011,167688.0,3297414.0,1.849116,0.52127,SGP,CHN,7224
1986925,207,43,1485,2011,0.0,959653.0,1.642913,0.700222,SVN,CHN,7224
1986926,208,43,1485,2011,1332157.0,169722.0,1.857146,0.366159,SWE,CHN,7224
1986927,216,43,1485,2011,36533.0,105759.0,0.889009,1.503118,THA,CHN,7224
1986928,226,43,1485,2011,0.0,441894.0,-0.751316,0.286505,TZA,CHN,7224
1986929,228,43,1485,2011,417155.0,0.0,0.6221409999999999,0.765505,UKR,CHN,7224
1986930,231,43,1485,2011,10360151.0,5639050.0,1.6884849999999998,-0.474499,USA,CHN,7224
1986931,239,43,1485,2011,21078.0,363328.0,-0.184453,1.637207,VNM,CHN,7224
1986932,246,43,1485,2011,0.0,3423.0,0.241792,1.353011,ZAF,CHN,7224
1986933,247,43,1485,2011,0.0,1389.0,-0.7599,-0.941019,ZMB,CHN,7224
1986934,249,43,1485,2011,797617.0,16500583.0,1.803234,0.921233,TWN,CHN,7224
1986935,41,49,1485,2011,24474.0,0.0,2.2644029999999997,0.406131,CHE,COL,7224
1986936,43,49,1485,2011,4819.0,0.0,1.072299,1.686826,CHN,COL,7224
1986937,67,49,1485,2011,0.0,3776.0,-0.8250639999999999,-0.839082,ECU,COL,7224
1986938,71,49,1485,2011,9845.0,0.0,0.8677290000000001,2.4618450000000003,ESP,COL,7224
1986939,77,49,1485,2011,5048.0,0.0,1.532054,0.09339299999999999,FRA,COL,7224
1986940,110,49,1485,2011,0.0,21362.0,1.324384,0.714611,ISR,COL,7224
1986941,231,49,1485,2011,10461823.0,0.0,1.6884849999999998,-0.474499,USA,COL,7224
1986942,160,52,1485,2011,0.0,13700.0,-0.9592139999999999,-0.796108,NIC,CRI,7224
1986943,231,52,1485,2011,735774.0,0.0,1.6884849999999998,-0.474499,USA,CRI,7224
1986944,111,55,1485,2011,22909.0,0.0,1.298751,0.48013599999999995,ITA,CUW,7224
1986945,14,59,1485,2011,0.0,802291.0,-0.138148,0.002999,AUS,CZE,7224
1986946,15,59,1485,2011,107076.0,2742375.0,1.687634,-0.229095,AUT,CZE,7224
1986947,18,59,1485,2011,371653.0,10271617.0,1.221703,1.247961,BEL,CZE,7224
1986948,23,59,1485,2011,0.0,268598.0,0.537967,1.520973,BGR,CZE,7224
1986949,28,59,1485,2011,0.0,4919.0,0.8786729999999999,0.442097,BLR,CZE,7224
1986950,41,59,1485,2011,8362.0,2711137.0,2.2644029999999997,0.406131,CHE,CZE,7224
1986951,43,59,1485,2011,1063.0,1238381.0,1.072299,1.686826,CHN,CZE,7224
1986952,61,59,1485,2011,14527878.0,62987475.0,2.074435,-3.440815,DEU,CZE,7224
1986953,64,59,1485,2011,2788.0,1882.0,1.156026,1.2248299999999999,DNK,CZE,7224
1986954,66,59,1485,2011,0.0,13679.0,-1.36763,-1.140594,DZA,CZE,7224
1986955,71,59,1485,2011,44766.0,11645040.0,0.8677290000000001,2.4618450000000003,ESP,CZE,7224
1986956,72,59,1485,2011,0.0,18958.0,0.9806790000000001,1.110449,EST,CZE,7224
1986957,77,59,1485,2011,81306.0,670614.0,1.532054,0.09339299999999999,FRA,CZE,7224
1986958,81,59,1485,2011,509249.0,1705296.0,1.8048220000000001,0.380141,GBR,CZE,7224
1986959,102,59,1485,2011,515270.0,5924404.0,1.486592,0.805642,HUN,CZE,7224
1986960,104,59,1485,2011,0.0,514975.0,0.18276199999999998,2.398765,IND,CZE,7224
1986961,107,59,1485,2011,0.0,244406.0,-0.915379,-0.973194,IRN,CZE,7224
1986962,111,59,1485,2011,2478868.0,42161954.0,1.298751,0.48013599999999995,ITA,CZE,7224
1986963,121,59,1485,2011,0.0,1550451.0,1.731371,0.8306879999999999,KOR,CZE,7224
1986964,130,59,1485,2011,36516.0,72108.0,0.747963,0.9759530000000001,LTU,CZE,7224
1986965,132,59,1485,2011,14956.0,0.0,0.7320939999999999,1.101321,LVA,CZE,7224
1986966,144,59,1485,2011,91701.0,1612.0,0.149559,0.024935,MNE,CZE,7224
1986967,162,59,1485,2011,4181786.0,4999.0,1.1655229999999999,1.410167,NLD,CZE,7224
1986968,177,59,1485,2011,2684430.0,3114606.0,1.133641,1.134203,POL,CZE,7224
1986969,185,59,1485,2011,0.0,9606163.0,0.722,1.296655,ROU,CZE,7224
1986970,186,59,1485,2011,760461.0,21681.0,0.47319399999999995,-0.20801599999999998,RUS,CZE,7224
1986971,201,59,1485,2011,0.0,9408.0,0.49055699999999997,1.5601399999999999,SRB,CZE,7224
1986972,206,59,1485,2011,1597887.0,2936980.0,1.262897,0.8230569999999999,SVK,CZE,7224
1986973,207,59,1485,2011,7965.0,1079.0,1.642913,0.700222,SVN,CZE,7224
1986974,208,59,1485,2011,284525.0,0.0,1.857146,0.366159,SWE,CZE,7224
1986975,216,59,1485,2011,0.0,1102.0,0.889009,1.503118,THA,CZE,7224
1986976,224,59,1485,2011,175210.0,0.0,0.45775,2.4316259999999996,TUR,CZE,7224
1986977,231,59,1485,2011,187858.0,3979573.0,1.6884849999999998,-0.474499,USA,CZE,7224
1986978,246,59,1485,2011,0.0,1302339.0,0.241792,1.353011,ZAF,CZE,7224
1986979,7,61,1485,2011,0.0,102325.0,0.030652,-0.450808,ARE,DEU,7224
1986980,14,61,1485,2011,0.0,90076.0,-0.138148,0.002999,AUS,DEU,7224
1986981,15,61,1485,2011,28346119.0,76518091.0,1.687634,-0.229095,AUT,DEU,7224
1986982,18,61,1485,2011,89247690.0,2215573.0,1.221703,1.247961,BEL,DEU,7224
1986983,23,61,1485,2011,102687.0,11398.0,0.537967,1.520973,BGR,DEU,7224
1986984,24,61,1485,2011,0.0,996.0,0.04085,-0.873711,BHR,DEU,7224
1986985,26,61,1485,2011,0.0,190027.0,0.391425,0.6066600000000001,BIH,DEU,7224
1986986,28,61,1485,2011,4078732.0,3022.0,0.8786729999999999,0.442097,BLR,DEU,7224
1986987,32,61,1485,2011,239092258.0,1951098.0,0.27718400000000004,0.5674319999999999,BRA,DEU,7224
1986988,39,61,1485,2011,0.0,1701814.0,0.754813,1.1967290000000002,CAN,DEU,7224
1986989,41,61,1485,2011,750202.0,1674230.0,2.2644029999999997,0.406131,CHE,DEU,7224
1986990,43,61,1485,2011,963197.0,628302.0,1.072299,1.686826,CHN,DEU,7224
1986991,59,61,1485,2011,62987475.0,14527878.0,1.737788,0.14741600000000002,CZE,DEU,7224
1986992,64,61,1485,2011,72881.0,27003.0,1.156026,1.2248299999999999,DNK,DEU,7224
1986993,66,61,1485,2011,0.0,201033.0,-1.36763,-1.140594,DZA,DEU,7224
1986994,68,61,1485,2011,0.0,6500.0,-0.166243,1.384719,EGY,DEU,7224
1986995,71,61,1485,2011,8782604.0,1489325.0,0.8677290000000001,2.4618450000000003,ESP,DEU,7224
1986996,72,61,1485,2011,0.0,85561.0,0.9806790000000001,1.110449,EST,DEU,7224
1986997,74,61,1485,2011,0.0,685319.0,1.7488830000000002,0.890934,FIN,DEU,7224
1986998,77,61,1485,2011,180126440.0,110670396.0,1.532054,0.09339299999999999,FRA,DEU,7224
1986999,81,61,1485,2011,27732571.0,12295304.0,1.8048220000000001,0.380141,GBR,DEU,7224
1987000,90,61,1485,2011,0.0,12472.0,0.138679,1.30044,GRC,DEU,7224
1987001,97,61,1485,2011,0.0,4290.0,0.663588,1.902118,HKG,DEU,7224
1987002,100,61,1485,2011,0.0,6094.0,0.868294,0.9424299999999999,HRV,DEU,7224
1987003,102,61,1485,2011,347074.0,453717.0,1.486592,0.805642,HUN,DEU,7224
1987004,103,61,1485,2011,0.0,5716.0,-0.234125,1.168384,IDN,DEU,7224
1987005,104,61,1485,2011,914615.0,385667.0,0.18276199999999998,2.398765,IND,DEU,7224
1987006,107,61,1485,2011,0.0,98746.0,-0.915379,-0.973194,IRN,DEU,7224
1987007,110,61,1485,2011,0.0,13012.0,1.324384,0.714611,ISR,DEU,7224
1987008,111,61,1485,2011,84535592.0,16084873.0,1.298751,0.48013599999999995,ITA,DEU,7224
1987009,114,61,1485,2011,1273286.0,214548.0,2.516395,-0.534301,JPN,DEU,7224
1987010,117,61,1485,2011,129650.0,0.0,-0.323348,0.164469,KGZ,DEU,7224
1987011,121,61,1485,2011,1064.0,2686999.0,1.731371,0.8306879999999999,KOR,DEU,7224
1987012,130,61,1485,2011,27066.0,0.0,0.747963,0.9759530000000001,LTU,DEU,7224
1987013,131,61,1485,2011,0.0,128008.0,1.1655739999999999,1.222379,LUX,DEU,7224
1987014,138,61,1485,2011,0.0,253999.0,0.9534600000000001,0.706982,MEX,DEU,7224
1987015,144,61,1485,2011,1145343.0,0.0,0.149559,0.024935,MNE,DEU,7224
1987016,153,61,1485,2011,0.0,116770.0,0.9893290000000001,0.632079,MYS,DEU,7224
1987017,162,61,1485,2011,74581704.0,10109105.0,1.1655229999999999,1.410167,NLD,DEU,7224
1987018,163,61,1485,2011,0.0,169473.0,0.8492770000000001,0.050044,NOR,DEU,7224
1987019,166,61,1485,2011,0.0,61591.0,0.372732,0.548601,NZL,DEU,7224
1987020,168,61,1485,2011,0.0,173323.0,-0.729677,0.6026729999999999,PAK,DEU,7224
1987021,173,61,1485,2011,0.0,152063.0,-0.455977,0.442543,PER,DEU,7224
1987022,177,61,1485,2011,19701300.0,6929786.0,1.133641,1.134203,POL,DEU,7224
1987023,179,61,1485,2011,0.0,2171490.0,0.558481,2.7056240000000003,PRT,DEU,7224
1987024,185,61,1485,2011,1323838.0,406165.0,0.722,1.296655,ROU,DEU,7224
1987025,186,61,1485,2011,7001938.0,51477.0,0.47319399999999995,-0.20801599999999998,RUS,DEU,7224
1987026,188,61,1485,2011,0.0,451668.0,0.354045,-0.800028,SAU,DEU,7224
1987027,192,61,1485,2011,0.0,16218.0,1.849116,0.52127,SGP,DEU,7224
1987028,201,61,1485,2011,5152.0,16502.0,0.49055699999999997,1.5601399999999999,SRB,DEU,7224
1987029,206,61,1485,2011,4581075.0,369717.0,1.262897,0.8230569999999999,SVK,DEU,7224
1987030,207,61,1485,2011,5509532.0,185899.0,1.642913,0.700222,SVN,DEU,7224
1987031,208,61,1485,2011,10921551.0,20564732.0,1.857146,0.366159,SWE,DEU,7224
1987032,216,61,1485,2011,0.0,13715.0,0.889009,1.503118,THA,DEU,7224
1987033,224,61,1485,2011,29837950.0,3761239.0,0.45775,2.4316259999999996,TUR,DEU,7224
1987034,228,61,1485,2011,6179517.0,0.0,0.6221409999999999,0.765505,UKR,DEU,7224
1987035,231,61,1485,2011,1435602.0,1457563.0,1.6884849999999998,-0.474499,USA,DEU,7224
1987036,239,61,1485,2011,14476.0,7177.0,-0.184453,1.637207,VNM,DEU,7224
1987037,246,61,1485,2011,0.0,1567250.0,0.241792,1.353011,ZAF,DEU,7224
1987038,249,61,1485,2011,1316.0,10323220.0,1.803234,0.921233,TWN,DEU,7224
1987039,15,64,1485,2011,4268.0,0.0,1.687634,-0.229095,AUT,DNK,7224
1987040,18,64,1485,2011,978.0,258762.0,1.221703,1.247961,BEL,DNK,7224
1987041,41,64,1485,2011,0.0,133803.0,2.2644029999999997,0.406131,CHE,DNK,7224
1987042,43,64,1485,2011,2609.0,60615.0,1.072299,1.686826,CHN,DNK,7224
1987043,59,64,1485,2011,1882.0,2788.0,1.737788,0.14741600000000002,CZE,DNK,7224
1987044,61,64,1485,2011,27003.0,72881.0,2.074435,-3.440815,DEU,DNK,7224
1987045,71,64,1485,2011,1356.0,0.0,0.8677290000000001,2.4618450000000003,ESP,DNK,7224
1987046,74,64,1485,2011,1829.0,434010.0,1.7488830000000002,0.890934,FIN,DNK,7224
1987047,77,64,1485,2011,31423.0,77032.0,1.532054,0.09339299999999999,FRA,DNK,7224
1987048,81,64,1485,2011,251080.0,0.0,1.8048220000000001,0.380141,GBR,DNK,7224
1987049,102,64,1485,2011,10182.0,107105.0,1.486592,0.805642,HUN,DNK,7224
1987050,104,64,1485,2011,2220.0,0.0,0.18276199999999998,2.398765,IND,DNK,7224
1987051,106,64,1485,2011,0.0,8935.0,1.403182,0.290245,IRL,DNK,7224
1987052,109,64,1485,2011,0.0,38560.0,0.284202,-0.23753000000000002,ISL,DNK,7224
1987053,111,64,1485,2011,683251.0,3366.0,1.298751,0.48013599999999995,ITA,DNK,7224
1987054,121,64,1485,2011,3140.0,0.0,1.731371,0.8306879999999999,KOR,DNK,7224
1987055,132,64,1485,2011,9894.0,0.0,0.7320939999999999,1.101321,LVA,DNK,7224
1987056,137,64,1485,2011,0.0,3077.0,-0.937469,-0.87897,MDV,DNK,7224
1987057,162,64,1485,2011,65170.0,0.0,1.1655229999999999,1.410167,NLD,DNK,7224
1987058,163,64,1485,2011,25730.0,1233536.0,0.8492770000000001,0.050044,NOR,DNK,7224
1987059,177,64,1485,2011,0.0,110119.0,1.133641,1.134203,POL,DNK,7224
1987060,185,64,1485,2011,0.0,31156.0,0.722,1.296655,ROU,DNK,7224
1987061,186,64,1485,2011,38328216.0,0.0,0.47319399999999995,-0.20801599999999998,RUS,DNK,7224
1987062,206,64,1485,2011,2844.0,21143.0,1.262897,0.8230569999999999,SVK,DNK,7224
1987063,208,64,1485,2011,1060.0,88241.0,1.857146,0.366159,SWE,DNK,7224
1987064,216,64,1485,2011,2715.0,0.0,0.889009,1.503118,THA,DNK,7224
1987065,231,64,1485,2011,25118.0,0.0,1.6884849999999998,-0.474499,USA,DNK,7224
1987066,99,65,1485,2011,0.0,1059.0,-0.740241,-0.311952,HND,DOM,7224
1987067,101,65,1485,2011,0.0,1178.0,-1.263093,-1.086658,HTI,DOM,7224
1987068,111,65,1485,2011,4033.0,0.0,1.298751,0.48013599999999995,ITA,DOM,7224
1987069,231,65,1485,2011,127610.0,0.0,1.6884849999999998,-0.474499,USA,DOM,7224
1987070,8,67,1485,2011,4924.0,0.0,0.240494,0.540376,ARG,ECU,7224
1987071,49,67,1485,2011,3776.0,0.0,0.14336600000000002,-0.22996,COL,ECU,7224
1987072,231,67,1485,2011,38855.0,0.0,1.6884849999999998,-0.474499,USA,ECU,7224
1987073,15,71,1485,2011,1764611.0,0.0,1.687634,-0.229095,AUT,ESP,7224
1987074,18,71,1485,2011,6926443.0,233293.0,1.221703,1.247961,BEL,ESP,7224
1987075,32,71,1485,2011,0.0,92058.0,0.27718400000000004,0.5674319999999999,BRA,ESP,7224
1987076,41,71,1485,2011,34953.0,0.0,2.2644029999999997,0.406131,CHE,ESP,7224
1987077,43,71,1485,2011,0.0,40025.0,1.072299,1.686826,CHN,ESP,7224
1987078,49,71,1485,2011,0.0,9845.0,0.14336600000000002,-0.22996,COL,ESP,7224
1987079,54,71,1485,2011,0.0,177512.0,-0.050093,-0.88759,CUB,ESP,7224
1987080,59,71,1485,2011,11645040.0,44766.0,1.737788,0.14741600000000002,CZE,ESP,7224
1987081,61,71,1485,2011,1489325.0,8782604.0,2.074435,-3.440815,DEU,ESP,7224
1987082,64,71,1485,2011,0.0,1356.0,1.156026,1.2248299999999999,DNK,ESP,7224
1987083,77,71,1485,2011,6542635.0,649940.0,1.532054,0.09339299999999999,FRA,ESP,7224
1987084,81,71,1485,2011,5530462.0,2115472.0,1.8048220000000001,0.380141,GBR,ESP,7224
1987085,93,71,1485,2011,0.0,1306.0,-0.329497,0.775369,GTM,ESP,7224
1987086,99,71,1485,2011,0.0,73947.0,-0.740241,-0.311952,HND,ESP,7224
1987087,100,71,1485,2011,0.0,50063.0,0.868294,0.9424299999999999,HRV,ESP,7224
1987088,104,71,1485,2011,40812.0,0.0,0.18276199999999998,2.398765,IND,ESP,7224
1987089,110,71,1485,2011,0.0,44449.0,1.324384,0.714611,ISR,ESP,7224
1987090,111,71,1485,2011,41303471.0,335429.0,1.298751,0.48013599999999995,ITA,ESP,7224
1987091,121,71,1485,2011,814223.0,0.0,1.731371,0.8306879999999999,KOR,ESP,7224
1987092,130,71,1485,2011,0.0,109953.0,0.747963,0.9759530000000001,LTU,ESP,7224
1987093,134,71,1485,2011,0.0,31025.0,-0.485404,0.099828,MAR,ESP,7224
1987094,153,71,1485,2011,0.0,12671.0,0.9893290000000001,0.632079,MYS,ESP,7224
1987095,162,71,1485,2011,322570.0,33426.0,1.1655229999999999,1.410167,NLD,ESP,7224
1987096,163,71,1485,2011,1440.0,0.0,0.8492770000000001,0.050044,NOR,ESP,7224
1987097,177,71,1485,2011,766363.0,90149.0,1.133641,1.134203,POL,ESP,7224
1987098,179,71,1485,2011,268998.0,964745.0,0.558481,2.7056240000000003,PRT,ESP,7224
1987099,185,71,1485,2011,0.0,110610.0,0.722,1.296655,ROU,ESP,7224
1987100,186,71,1485,2011,25880.0,0.0,0.47319399999999995,-0.20801599999999998,RUS,ESP,7224
1987101,192,71,1485,2011,0.0,159252.0,1.849116,0.52127,SGP,ESP,7224
1987102,201,71,1485,2011,0.0,108759.0,0.49055699999999997,1.5601399999999999,SRB,ESP,7224
1987103,206,71,1485,2011,366201.0,0.0,1.262897,0.8230569999999999,SVK,ESP,7224
1987104,207,71,1485,2011,145204.0,0.0,1.642913,0.700222,SVN,ESP,7224
1987105,208,71,1485,2011,115850.0,11947.0,1.857146,0.366159,SWE,ESP,7224
1987106,224,71,1485,2011,683309.0,616604.0,0.45775,2.4316259999999996,TUR,ESP,7224
1987107,231,71,1485,2011,2072297.0,0.0,1.6884849999999998,-0.474499,USA,ESP,7224
1987108,14,74,1485,2011,0.0,6683.0,-0.138148,0.002999,AUS,FIN,7224
1987109,18,74,1485,2011,0.0,1055217.0,1.221703,1.247961,BEL,FIN,7224
1987110,32,74,1485,2011,0.0,1277.0,0.27718400000000004,0.5674319999999999,BRA,FIN,7224
1987111,43,74,1485,2011,51011.0,109350.0,1.072299,1.686826,CHN,FIN,7224
1987112,61,74,1485,2011,685319.0,0.0,2.074435,-3.440815,DEU,FIN,7224
1987113,64,74,1485,2011,434010.0,1829.0,1.156026,1.2248299999999999,DNK,FIN,7224
1987114,72,74,1485,2011,0.0,15216.0,0.9806790000000001,1.110449,EST,FIN,7224
1987115,77,74,1485,2011,90263.0,10630.0,1.532054,0.09339299999999999,FRA,FIN,7224
1987116,81,74,1485,2011,13404.0,318127.0,1.8048220000000001,0.380141,GBR,FIN,7224
1987117,104,74,1485,2011,65263.0,242823.0,0.18276199999999998,2.398765,IND,FIN,7224
1987118,110,74,1485,2011,0.0,16294.0,1.324384,0.714611,ISR,FIN,7224
1987119,111,74,1485,2011,604635.0,0.0,1.298751,0.48013599999999995,ITA,FIN,7224
1987120,162,74,1485,2011,38676.0,87604570.0,1.1655229999999999,1.410167,NLD,FIN,7224
1987121,163,74,1485,2011,0.0,15725.0,0.8492770000000001,0.050044,NOR,FIN,7224
1987122,177,74,1485,2011,65946.0,5021.0,1.133641,1.134203,POL,FIN,7224
1987123,186,74,1485,2011,91160.0,2092.0,0.47319399999999995,-0.20801599999999998,RUS,FIN,7224
1987124,208,74,1485,2011,2111631.0,4568908.0,1.857146,0.366159,SWE,FIN,7224
1987125,228,74,1485,2011,48046.0,0.0,0.6221409999999999,0.765505,UKR,FIN,7224
1987126,231,74,1485,2011,105986.0,6645.0,1.6884849999999998,-0.474499,USA,FIN,7224
1987127,14,77,1485,2011,0.0,10209.0,-0.138148,0.002999,AUS,FRA,7224
1987128,15,77,1485,2011,1414743.0,230246.0,1.687634,-0.229095,AUT,FRA,7224
1987129,18,77,1485,2011,17504591.0,307223196.0,1.221703,1.247961,BEL,FRA,7224
1987130,19,77,1485,2011,0.0,4853.0,-1.189478,-0.8684709999999999,BEN,FRA,7224
1987131,26,77,1485,2011,30068.0,0.0,0.391425,0.6066600000000001,BIH,FRA,7224
1987132,32,77,1485,2011,4937206.0,50693.0,0.27718400000000004,0.5674319999999999,BRA,FRA,7224
1987133,39,77,1485,2011,0.0,3259.0,0.754813,1.1967290000000002,CAN,FRA,7224
1987134,41,77,1485,2011,127050.0,767392.0,2.2644029999999997,0.406131,CHE,FRA,7224
1987135,43,77,1485,2011,2533826.0,2961375.0,1.072299,1.686826,CHN,FRA,7224
1987136,45,77,1485,2011,0.0,15969.0,-0.7956340000000001,-0.8532790000000001,CMR,FRA,7224
1987137,47,77,1485,2011,0.0,2330.0,-0.979359,-1.084589,COG,FRA,7224
1987138,49,77,1485,2011,0.0,5048.0,0.14336600000000002,-0.22996,COL,FRA,7224
1987139,59,77,1485,2011,670614.0,81306.0,1.737788,0.14741600000000002,CZE,FRA,7224
1987140,61,77,1485,2011,110670396.0,180126440.0,2.074435,-3.440815,DEU,FRA,7224
1987141,64,77,1485,2011,77032.0,31423.0,1.156026,1.2248299999999999,DNK,FRA,7224
1987142,66,77,1485,2011,0.0,99642.0,-1.36763,-1.140594,DZA,FRA,7224
1987143,71,77,1485,2011,649940.0,6542635.0,0.8677290000000001,2.4618450000000003,ESP,FRA,7224
1987144,74,77,1485,2011,10630.0,90263.0,1.7488830000000002,0.890934,FIN,FRA,7224
1987145,80,77,1485,2011,0.0,4604.0,-1.093784,-1.0849659999999999,GAB,FRA,7224
1987146,81,77,1485,2011,6978035.0,2502007.0,1.8048220000000001,0.380141,GBR,FRA,7224
1987147,90,77,1485,2011,0.0,16583.0,0.138679,1.30044,GRC,FRA,7224
1987148,97,77,1485,2011,0.0,2639898.0,0.663588,1.902118,HKG,FRA,7224
1987149,99,77,1485,2011,0.0,34022.0,-0.740241,-0.311952,HND,FRA,7224
1987150,102,77,1485,2011,31371.0,0.0,1.486592,0.805642,HUN,FRA,7224
1987151,104,77,1485,2011,73268.0,470788.0,0.18276199999999998,2.398765,IND,FRA,7224
1987152,110,77,1485,2011,0.0,8098.0,1.324384,0.714611,ISR,FRA,7224
1987153,111,77,1485,2011,128836490.0,43670346.0,1.298751,0.48013599999999995,ITA,FRA,7224
1987154,114,77,1485,2011,180889.0,5618533.0,2.516395,-0.534301,JPN,FRA,7224
1987155,121,77,1485,2011,6021.0,18784.0,1.731371,0.8306879999999999,KOR,FRA,7224
1987156,131,77,1485,2011,2463.0,12854472.0,1.1655739999999999,1.222379,LUX,FRA,7224
1987157,134,77,1485,2011,79469.0,100165.0,-0.485404,0.099828,MAR,FRA,7224
1987158,151,77,1485,2011,0.0,27277.0,-0.09464600000000001,0.091177,MUS,FRA,7224
1987159,153,77,1485,2011,2675.0,0.0,0.9893290000000001,0.632079,MYS,FRA,7224
1987160,162,77,1485,2011,7518360.0,30244.0,1.1655229999999999,1.410167,NLD,FRA,7224
1987161,163,77,1485,2011,0.0,331075.0,0.8492770000000001,0.050044,NOR,FRA,7224
1987162,177,77,1485,2011,3212955.0,265113.0,1.133641,1.134203,POL,FRA,7224
1987163,179,77,1485,2011,49358.0,22508.0,0.558481,2.7056240000000003,PRT,FRA,7224
1987164,185,77,1485,2011,218008.0,28558.0,0.722,1.296655,ROU,FRA,7224
1987165,186,77,1485,2011,776726.0,139412.0,0.47319399999999995,-0.20801599999999998,RUS,FRA,7224
1987166,191,77,1485,2011,0.0,11451.0,-0.624346,-0.308052,SEN,FRA,7224
1987167,192,77,1485,2011,0.0,1351.0,1.849116,0.52127,SGP,FRA,7224
1987168,207,77,1485,2011,5653.0,606350.0,1.642913,0.700222,SVN,FRA,7224
1987169,208,77,1485,2011,24562728.0,83146525.0,1.857146,0.366159,SWE,FRA,7224
1987170,223,77,1485,2011,0.0,920927.0,0.151221,1.1252360000000001,TUN,FRA,7224
1987171,224,77,1485,2011,115923.0,51297.0,0.45775,2.4316259999999996,TUR,FRA,7224
1987172,228,77,1485,2011,621529.0,1985.0,0.6221409999999999,0.765505,UKR,FRA,7224
1987173,231,77,1485,2011,1664914.0,2071485.0,1.6884849999999998,-0.474499,USA,FRA,7224
1987174,239,77,1485,2011,0.0,565517.0,-0.184453,1.637207,VNM,FRA,7224
1987175,249,77,1485,2011,51860.0,376184.0,1.803234,0.921233,TWN,FRA,7224
1987176,250,77,1485,2011,6491.0,0.0,0.475638,-0.160135,ANS,FRA,7224
1987177,1,81,1485,2011,0.0,1422.0,-0.8426809999999999,-0.640418,AFG,GBR,7224
1987178,2,81,1485,2011,0.0,6177.0,-1.252991,-1.132314,AGO,GBR,7224
1987179,7,81,1485,2011,0.0,70968.0,0.030652,-0.450808,ARE,GBR,7224
1987180,14,81,1485,2011,0.0,39929.0,-0.138148,0.002999,AUS,GBR,7224
1987181,15,81,1485,2011,1326423.0,398013.0,1.687634,-0.229095,AUT,GBR,7224
1987182,18,81,1485,2011,47827.0,974938.0,1.221703,1.247961,BEL,GBR,7224
1987183,32,81,1485,2011,0.0,172936.0,0.27718400000000004,0.5674319999999999,BRA,GBR,7224
1987184,33,81,1485,2011,0.0,8225.0,0.445982,0.204672,BRB,GBR,7224
1987185,39,81,1485,2011,44496.0,963392.0,0.754813,1.1967290000000002,CAN,GBR,7224
1987186,41,81,1485,2011,15665.0,49260.0,2.2644029999999997,0.406131,CHE,GBR,7224
1987187,43,81,1485,2011,2100763.0,1055684.0,1.072299,1.686826,CHN,GBR,7224
1987188,59,81,1485,2011,1705296.0,509249.0,1.737788,0.14741600000000002,CZE,GBR,7224
1987189,61,81,1485,2011,12295304.0,27732571.0,2.074435,-3.440815,DEU,GBR,7224
1987190,64,81,1485,2011,0.0,251080.0,1.156026,1.2248299999999999,DNK,GBR,7224
1987191,71,81,1485,2011,2115472.0,5530462.0,0.8677290000000001,2.4618450000000003,ESP,GBR,7224
1987192,74,81,1485,2011,318127.0,13404.0,1.7488830000000002,0.890934,FIN,GBR,7224
1987193,77,81,1485,2011,2502007.0,6978035.0,1.532054,0.09339299999999999,FRA,GBR,7224
1987194,82,81,1485,2011,0.0,11016.0,-0.07754,-0.35434699999999997,GEO,GBR,7224
1987195,95,81,1485,2011,0.0,12923.0,0.675826,0.157468,GUM,GBR,7224
1987196,97,81,1485,2011,14544.0,20844.0,0.663588,1.902118,HKG,GBR,7224
1987197,102,81,1485,2011,0.0,1150960.0,1.486592,0.805642,HUN,GBR,7224
1987198,103,81,1485,2011,16434.0,248114.0,-0.234125,1.168384,IDN,GBR,7224
1987199,104,81,1485,2011,1230530.0,1085605.0,0.18276199999999998,2.398765,IND,GBR,7224
1987200,106,81,1485,2011,6446.0,5301.0,1.403182,0.290245,IRL,GBR,7224
1987201,109,81,1485,2011,2570.0,0.0,0.284202,-0.23753000000000002,ISL,GBR,7224
1987202,110,81,1485,2011,0.0,211273.0,1.324384,0.714611,ISR,GBR,7224
1987203,111,81,1485,2011,41895364.0,1429647.0,1.298751,0.48013599999999995,ITA,GBR,7224
1987204,114,81,1485,2011,37755.0,405454.0,2.516395,-0.534301,JPN,GBR,7224
1987205,121,81,1485,2011,0.0,377543.0,1.731371,0.8306879999999999,KOR,GBR,7224
1987206,122,81,1485,2011,0.0,4163.0,-0.898582,-1.09893,KWT,GBR,7224
1987207,134,81,1485,2011,0.0,38473.0,-0.485404,0.099828,MAR,GBR,7224
1987208,138,81,1485,2011,8814.0,0.0,0.9534600000000001,0.706982,MEX,GBR,7224
1987209,144,81,1485,2011,1401688.0,0.0,0.149559,0.024935,MNE,GBR,7224
1987210,153,81,1485,2011,0.0,49488.0,0.9893290000000001,0.632079,MYS,GBR,7224
1987211,159,81,1485,2011,0.0,3598.0,-1.699286,-1.15511,NGA,GBR,7224
1987212,162,81,1485,2011,31618918.0,983490.0,1.1655229999999999,1.410167,NLD,GBR,7224
1987213,163,81,1485,2011,17505.0,953730.0,0.8492770000000001,0.050044,NOR,GBR,7224
1987214,166,81,1485,2011,0.0,2700.0,0.372732,0.548601,NZL,GBR,7224
1987215,167,81,1485,2011,0.0,3238.0,-0.473703,-0.952491,OMN,GBR,7224
1987216,168,81,1485,2011,0.0,12096.0,-0.729677,0.6026729999999999,PAK,GBR,7224
1987217,174,81,1485,2011,0.0,985570.0,0.364707,0.322626,PHL,GBR,7224
1987218,177,81,1485,2011,5329246.0,654028.0,1.133641,1.134203,POL,GBR,7224
1987219,179,81,1485,2011,0.0,5126.0,0.558481,2.7056240000000003,PRT,GBR,7224
1987220,183,81,1485,2011,0.0,9307.0,-0.45851899999999995,-1.017033,QAT,GBR,7224
1987221,185,81,1485,2011,1692.0,180748.0,0.722,1.296655,ROU,GBR,7224
1987222,186,81,1485,2011,170437.0,150942.0,0.47319399999999995,-0.20801599999999998,RUS,GBR,7224
1987223,188,81,1485,2011,0.0,26004.0,0.354045,-0.800028,SAU,GBR,7224
1987224,192,81,1485,2011,0.0,596522.0,1.849116,0.52127,SGP,GBR,7224
1987225,201,81,1485,2011,1861.0,84639.0,0.49055699999999997,1.5601399999999999,SRB,GBR,7224
1987226,206,81,1485,2011,0.0,15446.0,1.262897,0.8230569999999999,SVK,GBR,7224
1987227,207,81,1485,2011,0.0,4154.0,1.642913,0.700222,SVN,GBR,7224
1987228,208,81,1485,2011,0.0,296939.0,1.857146,0.366159,SWE,GBR,7224
1987229,211,81,1485,2011,0.0,3557.0,0.287017,-0.5136850000000001,SYC,GBR,7224
1987230,216,81,1485,2011,0.0,84560.0,0.889009,1.503118,THA,GBR,7224
1987231,223,81,1485,2011,0.0,1784.0,0.151221,1.1252360000000001,TUN,GBR,7224
1987232,224,81,1485,2011,736676.0,2359556.0,0.45775,2.4316259999999996,TUR,GBR,7224
1987233,228,81,1485,2011,3052910.0,26559.0,0.6221409999999999,0.765505,UKR,GBR,7224
1987234,231,81,1485,2011,12261263.0,3177457.0,1.6884849999999998,-0.474499,USA,GBR,7224
1987235,239,81,1485,2011,0.0,21988.0,-0.184453,1.637207,VNM,GBR,7224
1987236,246,81,1485,2011,208869.0,49029.0,0.241792,1.353011,ZAF,GBR,7224
1987237,249,81,1485,2011,266275.0,922478.0,1.803234,0.921233,TWN,GBR,7224
1987238,23,90,1485,2011,6059.0,2289837.0,0.537967,1.520973,BGR,GRC,7224
1987239,61,90,1485,2011,12472.0,0.0,2.074435,-3.440815,DEU,GRC,7224
1987240,77,90,1485,2011,16583.0,0.0,1.532054,0.09339299999999999,FRA,GRC,7224
1987241,102,90,1485,2011,322735.0,0.0,1.486592,0.805642,HUN,GRC,7224
1987242,224,90,1485,2011,29299.0,0.0,0.45775,2.4316259999999996,TUR,GRC,7224
1987243,18,93,1485,2011,85075.0,0.0,1.221703,1.247961,BEL,GTM,7224
1987244,71,93,1485,2011,1306.0,0.0,0.8677290000000001,2.4618450000000003,ESP,GTM,7224
1987245,104,93,1485,2011,12847.0,0.0,0.18276199999999998,2.398765,IND,GTM,7224
1987246,162,93,1485,2011,19657.0,0.0,1.1655229999999999,1.410167,NLD,GTM,7224
1987247,231,93,1485,2011,51215.0,0.0,1.6884849999999998,-0.474499,USA,GTM,7224
1987248,231,96,1485,2011,33709.0,0.0,1.6884849999999998,-0.474499,USA,GUY,7224
1987249,18,97,1485,2011,53447.0,0.0,1.221703,1.247961,BEL,HKG,7224
1987250,43,97,1485,2011,3931.0,335319.0,1.072299,1.686826,CHN,HKG,7224
1987251,61,97,1485,2011,4290.0,0.0,2.074435,-3.440815,DEU,HKG,7224
1987252,77,97,1485,2011,2639898.0,0.0,1.532054,0.09339299999999999,FRA,HKG,7224
1987253,81,97,1485,2011,20844.0,14544.0,1.8048220000000001,0.380141,GBR,HKG,7224
1987254,104,97,1485,2011,1233.0,0.0,0.18276199999999998,2.398765,IND,HKG,7224
1987255,114,97,1485,2011,26593.0,0.0,2.516395,-0.534301,JPN,HKG,7224
1987256,132,97,1485,2011,0.0,4554.0,0.7320939999999999,1.101321,LVA,HKG,7224
1987257,177,97,1485,2011,0.0,1518.0,1.133641,1.134203,POL,HKG,7224
1987258,192,97,1485,2011,1074946.0,0.0,1.849116,0.52127,SGP,HKG,7224
1987259,207,97,1485,2011,91985.0,0.0,1.642913,0.700222,SVN,HKG,7224
1987260,231,97,1485,2011,244308.0,6662.0,1.6884849999999998,-0.474499,USA,HKG,7224
1987261,239,97,1485,2011,0.0,5420.0,-0.184453,1.637207,VNM,HKG,7224
1987262,242,97,1485,2011,0.0,7226.0,0.9658110000000001,0.30804699999999996,WSM,HKG,7224
1987263,249,97,1485,2011,180776.0,440641.0,1.803234,0.921233,TWN,HKG,7224
1987264,32,99,1485,2011,1886.0,0.0,0.27718400000000004,0.5674319999999999,BRA,HND,7224
1987265,65,99,1485,2011,1059.0,0.0,-0.260653,0.5682010000000001,DOM,HND,7224
1987266,71,99,1485,2011,73947.0,0.0,0.8677290000000001,2.4618450000000003,ESP,HND,7224
1987267,77,99,1485,2011,34022.0,0.0,1.532054,0.09339299999999999,FRA,HND,7224
1987268,231,99,1485,2011,45426.0,0.0,1.6884849999999998,-0.474499,USA,HND,7224
1987269,14,103,1485,2011,889961.0,0.0,-0.138148,0.002999,AUS,IDN,7224
1987270,18,103,1485,2011,146302.0,0.0,1.221703,1.247961,BEL,IDN,7224
1987271,32,103,1485,2011,20271.0,0.0,0.27718400000000004,0.5674319999999999,BRA,IDN,7224
1987272,43,103,1485,2011,276881.0,0.0,1.072299,1.686826,CHN,IDN,7224
1987273,61,103,1485,2011,5716.0,0.0,2.074435,-3.440815,DEU,IDN,7224
1987274,81,103,1485,2011,248114.0,16434.0,1.8048220000000001,0.380141,GBR,IDN,7224
1987275,104,103,1485,2011,1641750.0,6740.0,0.18276199999999998,2.398765,IND,IDN,7224
1987276,106,103,1485,2011,0.0,15849.0,1.403182,0.290245,IRL,IDN,7224
1987277,111,103,1485,2011,3247917.0,0.0,1.298751,0.48013599999999995,ITA,IDN,7224
1987278,114,103,1485,2011,33814857.0,0.0,2.516395,-0.534301,JPN,IDN,7224
1987279,121,103,1485,2011,161362.0,0.0,1.731371,0.8306879999999999,KOR,IDN,7224
1987280,131,103,1485,2011,2153.0,0.0,1.1655739999999999,1.222379,LUX,IDN,7224
1987281,153,103,1485,2011,38380.0,2744.0,0.9893290000000001,0.632079,MYS,IDN,7224
1987282,163,103,1485,2011,12018.0,0.0,0.8492770000000001,0.050044,NOR,IDN,7224
1987283,176,103,1485,2011,0.0,1328973.0,-1.1111659999999999,-0.9458610000000001,PNG,IDN,7224
1987284,192,103,1485,2011,703134.0,12636.0,1.849116,0.52127,SGP,IDN,7224
1987285,208,103,1485,2011,415118.0,0.0,1.857146,0.366159,SWE,IDN,7224
1987286,224,103,1485,2011,2331.0,0.0,0.45775,2.4316259999999996,TUR,IDN,7224
1987287,228,103,1485,2011,484000.0,0.0,0.6221409999999999,0.765505,UKR,IDN,7224
1987288,231,103,1485,2011,85267.0,0.0,1.6884849999999998,-0.474499,USA,IDN,7224
1987289,239,103,1485,2011,729147.0,0.0,-0.184453,1.637207,VNM,IDN,7224
1987290,249,103,1485,2011,115643.0,0.0,1.803234,0.921233,TWN,IDN,7224
1987291,7,104,1485,2011,168871.0,428588.0,0.030652,-0.450808,ARE,IND,7224
1987292,8,104,1485,2011,0.0,13715.0,0.240494,0.540376,ARG,IND,7224
1987293,14,104,1485,2011,0.0,89463.0,-0.138148,0.002999,AUS,IND,7224
1987294,15,104,1485,2011,1857013.0,0.0,1.687634,-0.229095,AUT,IND,7224
1987295,18,104,1485,2011,2447198.0,78928.0,1.221703,1.247961,BEL,IND,7224
1987296,22,104,1485,2011,0.0,30685.0,-1.074416,-0.8276370000000001,BGD,IND,7224
1987297,32,104,1485,2011,0.0,1505002.0,0.27718400000000004,0.5674319999999999,BRA,IND,7224
1987298,35,104,1485,2011,0.0,28231.0,-0.022021000000000002,-0.5282439999999999,BTN,IND,7224
1987299,39,104,1485,2011,237005.0,51929.0,0.754813,1.1967290000000002,CAN,IND,7224
1987300,41,104,1485,2011,0.0,586247.0,2.2644029999999997,0.406131,CHE,IND,7224
1987301,43,104,1485,2011,15497216.0,3286714.0,1.072299,1.686826,CHN,IND,7224
1987302,59,104,1485,2011,514975.0,0.0,1.737788,0.14741600000000002,CZE,IND,7224
1987303,61,104,1485,2011,385667.0,914615.0,2.074435,-3.440815,DEU,IND,7224
1987304,62,104,1485,2011,0.0,13553.0,-0.6224529999999999,-0.7357739999999999,DJI,IND,7224
1987305,64,104,1485,2011,0.0,2220.0,1.156026,1.2248299999999999,DNK,IND,7224
1987306,71,104,1485,2011,0.0,40812.0,0.8677290000000001,2.4618450000000003,ESP,IND,7224
1987307,73,104,1485,2011,0.0,26050.0,-1.258175,-0.920692,ETH,IND,7224
1987308,74,104,1485,2011,242823.0,65263.0,1.7488830000000002,0.890934,FIN,IND,7224
1987309,77,104,1485,2011,470788.0,73268.0,1.532054,0.09339299999999999,FRA,IND,7224
1987310,81,104,1485,2011,1085605.0,1230530.0,1.8048220000000001,0.380141,GBR,IND,7224
1987311,83,104,1485,2011,0.0,254983.0,-0.8627319999999999,-0.608823,GHA,IND,7224
1987312,93,104,1485,2011,0.0,12847.0,-0.329497,0.775369,GTM,IND,7224
1987313,97,104,1485,2011,0.0,1233.0,0.663588,1.902118,HKG,IND,7224
1987314,103,104,1485,2011,6740.0,1641750.0,-0.234125,1.168384,IDN,IND,7224
1987315,106,104,1485,2011,12737.0,48480.0,1.403182,0.290245,IRL,IND,7224
1987316,107,104,1485,2011,18630.0,9713.0,-0.915379,-0.973194,IRN,IND,7224
1987317,110,104,1485,2011,0.0,11315.0,1.324384,0.714611,ISR,IND,7224
1987318,111,104,1485,2011,2998760.0,369778.0,1.298751,0.48013599999999995,ITA,IND,7224
1987319,113,104,1485,2011,0.0,24168.0,0.231605,0.47049399999999997,JOR,IND,7224
1987320,114,104,1485,2011,554262.0,1807.0,2.516395,-0.534301,JPN,IND,7224
1987321,115,104,1485,2011,0.0,23455.0,-0.514687,-0.775671,KAZ,IND,7224
1987322,116,104,1485,2011,0.0,26420.0,-0.48319300000000004,0.346927,KEN,IND,7224
1987323,121,104,1485,2011,459807.0,104218.0,1.731371,0.8306879999999999,KOR,IND,7224
1987324,122,104,1485,2011,0.0,3145.0,-0.898582,-1.09893,KWT,IND,7224
1987325,128,104,1485,2011,0.0,35853.0,-0.559311,0.398905,LKA,IND,7224
1987326,138,104,1485,2011,3942719.0,106153.0,0.9534600000000001,0.706982,MEX,IND,7224
1987327,152,104,1485,2011,0.0,8541.0,-1.100291,-0.982559,MWI,IND,7224
1987328,153,104,1485,2011,1116514.0,65706.0,0.9893290000000001,0.632079,MYS,IND,7224
1987329,159,104,1485,2011,101503.0,17583.0,-1.699286,-1.15511,NGA,IND,7224
1987330,162,104,1485,2011,6939.0,487389.0,1.1655229999999999,1.410167,NLD,IND,7224
1987331,164,104,1485,2011,0.0,234709.0,-0.242299,0.801966,NPL,IND,7224
1987332,166,104,1485,2011,0.0,32518.0,0.372732,0.548601,NZL,IND,7224
1987333,167,104,1485,2011,0.0,25865.0,-0.473703,-0.952491,OMN,IND,7224
1987334,183,104,1485,2011,0.0,6636.0,-0.45851899999999995,-1.017033,QAT,IND,7224
1987335,186,104,1485,2011,1718306.0,0.0,0.47319399999999995,-0.20801599999999998,RUS,IND,7224
1987336,188,104,1485,2011,0.0,81465145.0,0.354045,-0.800028,SAU,IND,7224
1987337,190,104,1485,2011,0.0,21526.0,-2.1675869999999997,-1.249272,SDN,IND,7224
1987338,192,104,1485,2011,1007797.0,239548.0,1.849116,0.52127,SGP,IND,7224
1987339,197,104,1485,2011,0.0,1436.0,-0.09713200000000001,0.20772600000000002,SLV,IND,7224
1987340,208,104,1485,2011,87617.0,747819.0,1.857146,0.366159,SWE,IND,7224
1987341,211,104,1485,2011,0.0,3628.0,0.287017,-0.5136850000000001,SYC,IND,7224
1987342,216,104,1485,2011,3666635.0,5783.0,0.889009,1.503118,THA,IND,7224
1987343,224,104,1485,2011,0.0,81331.0,0.45775,2.4316259999999996,TUR,IND,7224
1987344,226,104,1485,2011,0.0,2297.0,-0.751316,0.286505,TZA,IND,7224
1987345,227,104,1485,2011,0.0,1813.0,-0.7153,-0.062678,UGA,IND,7224
1987346,228,104,1485,2011,1369070.0,0.0,0.6221409999999999,0.765505,UKR,IND,7224
1987347,231,104,1485,2011,1882373.0,1364629.0,1.6884849999999998,-0.474499,USA,IND,7224
1987348,236,104,1485,2011,0.0,114812.0,-0.841147,-1.095636,VEN,IND,7224
1987349,239,104,1485,2011,0.0,16330.0,-0.184453,1.637207,VNM,IND,7224
1987350,246,104,1485,2011,20481.0,0.0,0.241792,1.353011,ZAF,IND,7224
1987351,249,104,1485,2011,414903.0,1300445.0,1.803234,0.921233,TWN,IND,7224
1987352,250,104,1485,2011,94295.0,0.0,0.475638,-0.160135,ANS,IND,7224
1987353,18,106,1485,2011,6244.0,0.0,1.221703,1.247961,BEL,IRL,7224
1987354,41,106,1485,2011,0.0,1232.0,2.2644029999999997,0.406131,CHE,IRL,7224
1987355,42,106,1485,2011,0.0,12990.0,-0.199877,-0.353009,CHL,IRL,7224
1987356,43,106,1485,2011,28208.0,0.0,1.072299,1.686826,CHN,IRL,7224
1987357,64,106,1485,2011,8935.0,0.0,1.156026,1.2248299999999999,DNK,IRL,7224
1987358,81,106,1485,2011,5301.0,6446.0,1.8048220000000001,0.380141,GBR,IRL,7224
1987359,103,106,1485,2011,15849.0,0.0,-0.234125,1.168384,IDN,IRL,7224
1987360,104,106,1485,2011,48480.0,12737.0,0.18276199999999998,2.398765,IND,IRL,7224
1987361,114,106,1485,2011,3047.0,0.0,2.516395,-0.534301,JPN,IRL,7224
1987362,163,106,1485,2011,1364.0,0.0,0.8492770000000001,0.050044,NOR,IRL,7224
1987363,231,106,1485,2011,145964.0,0.0,1.6884849999999998,-0.474499,USA,IRL,7224
1987364,2,110,1485,2011,0.0,2110.0,-1.252991,-1.132314,AGO,ISR,7224
1987365,15,110,1485,2011,33966.0,0.0,1.687634,-0.229095,AUT,ISR,7224
1987366,41,110,1485,2011,13953.0,0.0,2.2644029999999997,0.406131,CHE,ISR,7224
1987367,43,110,1485,2011,53425.0,0.0,1.072299,1.686826,CHN,ISR,7224
1987368,49,110,1485,2011,21362.0,0.0,0.14336600000000002,-0.22996,COL,ISR,7224
1987369,61,110,1485,2011,13012.0,0.0,2.074435,-3.440815,DEU,ISR,7224
1987370,71,110,1485,2011,44449.0,0.0,0.8677290000000001,2.4618450000000003,ESP,ISR,7224
1987371,74,110,1485,2011,16294.0,0.0,1.7488830000000002,0.890934,FIN,ISR,7224
1987372,77,110,1485,2011,8098.0,0.0,1.532054,0.09339299999999999,FRA,ISR,7224
1987373,81,110,1485,2011,211273.0,0.0,1.8048220000000001,0.380141,GBR,ISR,7224
1987374,104,110,1485,2011,11315.0,0.0,0.18276199999999998,2.398765,IND,ISR,7224
1987375,111,110,1485,2011,1561020.0,0.0,1.298751,0.48013599999999995,ITA,ISR,7224
1987376,192,110,1485,2011,7166.0,0.0,1.849116,0.52127,SGP,ISR,7224
1987377,224,110,1485,2011,220474.0,0.0,0.45775,2.4316259999999996,TUR,ISR,7224
1987378,231,110,1485,2011,136957.0,0.0,1.6884849999999998,-0.474499,USA,ISR,7224
1987379,249,110,1485,2011,4031.0,0.0,1.803234,0.921233,TWN,ISR,7224
1987380,7,111,1485,2011,0.0,379326.0,0.030652,-0.450808,ARE,ITA,7224
1987381,8,111,1485,2011,0.0,2788860.0,0.240494,0.540376,ARG,ITA,7224
1987382,14,111,1485,2011,0.0,1708204.0,-0.138148,0.002999,AUS,ITA,7224
1987383,15,111,1485,2011,134821672.0,22744345.0,1.687634,-0.229095,AUT,ITA,7224
1987384,18,111,1485,2011,6330475.0,3746983.0,1.221703,1.247961,BEL,ITA,7224
1987385,23,111,1485,2011,1361.0,17427.0,0.537967,1.520973,BGR,ITA,7224
1987386,26,111,1485,2011,0.0,751311.0,0.391425,0.6066600000000001,BIH,ITA,7224
1987387,32,111,1485,2011,940526.0,7222384.0,0.27718400000000004,0.5674319999999999,BRA,ITA,7224
1987388,39,111,1485,2011,0.0,41010.0,0.754813,1.1967290000000002,CAN,ITA,7224
1987389,41,111,1485,2011,46920.0,7315902.0,2.2644029999999997,0.406131,CHE,ITA,7224
1987390,42,111,1485,2011,0.0,306407.0,-0.199877,-0.353009,CHL,ITA,7224
1987391,43,111,1485,2011,1482480.0,683963.0,1.072299,1.686826,CHN,ITA,7224
1987392,55,111,1485,2011,0.0,22909.0,-0.052038,-0.69103,CUW,ITA,7224
1987393,59,111,1485,2011,42161954.0,2478868.0,1.737788,0.14741600000000002,CZE,ITA,7224
1987394,61,111,1485,2011,16084873.0,84535592.0,2.074435,-3.440815,DEU,ITA,7224
1987395,64,111,1485,2011,3366.0,683251.0,1.156026,1.2248299999999999,DNK,ITA,7224
1987396,65,111,1485,2011,0.0,4033.0,-0.260653,0.5682010000000001,DOM,ITA,7224
1987397,66,111,1485,2011,0.0,1082019.0,-1.36763,-1.140594,DZA,ITA,7224
1987398,68,111,1485,2011,16948.0,0.0,-0.166243,1.384719,EGY,ITA,7224
1987399,71,111,1485,2011,335429.0,41303471.0,0.8677290000000001,2.4618450000000003,ESP,ITA,7224
1987400,73,111,1485,2011,0.0,76893.0,-1.258175,-0.920692,ETH,ITA,7224
1987401,74,111,1485,2011,0.0,604635.0,1.7488830000000002,0.890934,FIN,ITA,7224
1987402,77,111,1485,2011,43670346.0,128836490.0,1.532054,0.09339299999999999,FRA,ITA,7224
1987403,81,111,1485,2011,1429647.0,41895364.0,1.8048220000000001,0.380141,GBR,ITA,7224
1987404,83,111,1485,2011,0.0,5323.0,-0.8627319999999999,-0.608823,GHA,ITA,7224
1987405,100,111,1485,2011,568368.0,5238.0,0.868294,0.9424299999999999,HRV,ITA,7224
1987406,102,111,1485,2011,314839.0,4710829.0,1.486592,0.805642,HUN,ITA,7224
1987407,103,111,1485,2011,0.0,3247917.0,-0.234125,1.168384,IDN,ITA,7224
1987408,104,111,1485,2011,369778.0,2998760.0,0.18276199999999998,2.398765,IND,ITA,7224
1987409,110,111,1485,2011,0.0,1561020.0,1.324384,0.714611,ISR,ITA,7224
1987410,113,111,1485,2011,0.0,32226.0,0.231605,0.47049399999999997,JOR,ITA,7224
1987411,114,111,1485,2011,65696.0,49875.0,2.516395,-0.534301,JPN,ITA,7224
1987412,121,111,1485,2011,0.0,1076079.0,1.731371,0.8306879999999999,KOR,ITA,7224
1987413,122,111,1485,2011,0.0,1934.0,-0.898582,-1.09893,KWT,ITA,7224
1987414,130,111,1485,2011,0.0,2593684.0,0.747963,0.9759530000000001,LTU,ITA,7224
1987415,131,111,1485,2011,72659.0,0.0,1.1655739999999999,1.222379,LUX,ITA,7224
1987416,134,111,1485,2011,0.0,169278.0,-0.485404,0.099828,MAR,ITA,7224
1987417,138,111,1485,2011,230999.0,831232.0,0.9534600000000001,0.706982,MEX,ITA,7224
1987418,142,111,1485,2011,0.0,35134.0,1.3001340000000001,0.22605799999999998,MLT,ITA,7224
1987419,144,111,1485,2011,586734.0,0.0,0.149559,0.024935,MNE,ITA,7224
1987420,153,111,1485,2011,0.0,65527.0,0.9893290000000001,0.632079,MYS,ITA,7224
1987421,162,111,1485,2011,26681950.0,5169849.0,1.1655229999999999,1.410167,NLD,ITA,7224
1987422,163,111,1485,2011,7880.0,139124.0,0.8492770000000001,0.050044,NOR,ITA,7224
1987423,177,111,1485,2011,7643044.0,3338825.0,1.133641,1.134203,POL,ITA,7224
1987424,179,111,1485,2011,0.0,1138849.0,0.558481,2.7056240000000003,PRT,ITA,7224
1987425,185,111,1485,2011,12163.0,2304185.0,0.722,1.296655,ROU,ITA,7224
1987426,186,111,1485,2011,4834246.0,237397.0,0.47319399999999995,-0.20801599999999998,RUS,ITA,7224
1987427,188,111,1485,2011,0.0,13286547.0,0.354045,-0.800028,SAU,ITA,7224
1987428,192,111,1485,2011,0.0,59025.0,1.849116,0.52127,SGP,ITA,7224
1987429,201,111,1485,2011,7986.0,33330.0,0.49055699999999997,1.5601399999999999,SRB,ITA,7224
1987430,206,111,1485,2011,38004.0,2528320.0,1.262897,0.8230569999999999,SVK,ITA,7224
1987431,207,111,1485,2011,1002698.0,402683.0,1.642913,0.700222,SVN,ITA,7224
1987432,208,111,1485,2011,242924.0,13621942.0,1.857146,0.366159,SWE,ITA,7224
1987433,223,111,1485,2011,0.0,28838.0,0.151221,1.1252360000000001,TUN,ITA,7224
1987434,224,111,1485,2011,14207432.0,13122210.0,0.45775,2.4316259999999996,TUR,ITA,7224
1987435,228,111,1485,2011,35863459.0,0.0,0.6221409999999999,0.765505,UKR,ITA,7224
1987436,231,111,1485,2011,733008.0,30415798.0,1.6884849999999998,-0.474499,USA,ITA,7224
1987437,234,111,1485,2011,0.0,4165.0,0.291718,-0.250897,VCT,ITA,7224
1987438,236,111,1485,2011,0.0,988701.0,-0.841147,-1.095636,VEN,ITA,7224
1987439,239,111,1485,2011,0.0,481649.0,-0.184453,1.637207,VNM,ITA,7224
1987440,246,111,1485,2011,0.0,575338.0,0.241792,1.353011,ZAF,ITA,7224
1987441,249,111,1485,2011,0.0,193276.0,1.803234,0.921233,TWN,ITA,7224
1987442,43,112,1485,2011,9710.0,0.0,1.072299,1.686826,CHN,JAM,7224
1987443,231,112,1485,2011,70683.0,0.0,1.6884849999999998,-0.474499,USA,JAM,7224
1987444,14,114,1485,2011,0.0,88805.0,-0.138148,0.002999,AUS,JPN,7224
1987445,15,114,1485,2011,14381038.0,0.0,1.687634,-0.229095,AUT,JPN,7224
1987446,18,114,1485,2011,184397.0,78223.0,1.221703,1.247961,BEL,JPN,7224
1987447,22,114,1485,2011,0.0,36510.0,-1.074416,-0.8276370000000001,BGD,JPN,7224
1987448,39,114,1485,2011,0.0,19720.0,0.754813,1.1967290000000002,CAN,JPN,7224
1987449,43,114,1485,2011,106656553.0,61563507.0,1.072299,1.686826,CHN,JPN,7224
1987450,61,114,1485,2011,214548.0,1273286.0,2.074435,-3.440815,DEU,JPN,7224
1987451,77,114,1485,2011,5618533.0,180889.0,1.532054,0.09339299999999999,FRA,JPN,7224
1987452,81,114,1485,2011,405454.0,37755.0,1.8048220000000001,0.380141,GBR,JPN,7224
1987453,97,114,1485,2011,0.0,26593.0,0.663588,1.902118,HKG,JPN,7224
1987454,103,114,1485,2011,0.0,33814857.0,-0.234125,1.168384,IDN,JPN,7224
1987455,104,114,1485,2011,1807.0,554262.0,0.18276199999999998,2.398765,IND,JPN,7224
1987456,106,114,1485,2011,0.0,3047.0,1.403182,0.290245,IRL,JPN,7224
1987457,111,114,1485,2011,49875.0,65696.0,1.298751,0.48013599999999995,ITA,JPN,7224
1987458,121,114,1485,2011,573552.0,155919660.0,1.731371,0.8306879999999999,KOR,JPN,7224
1987459,138,114,1485,2011,0.0,395428.0,0.9534600000000001,0.706982,MEX,JPN,7224
1987460,153,114,1485,2011,258271.0,67151.0,0.9893290000000001,0.632079,MYS,JPN,7224
1987461,159,114,1485,2011,307685.0,0.0,-1.699286,-1.15511,NGA,JPN,7224
1987462,162,114,1485,2011,0.0,88845.0,1.1655229999999999,1.410167,NLD,JPN,7224
1987463,163,114,1485,2011,4227.0,0.0,0.8492770000000001,0.050044,NOR,JPN,7224
1987464,174,114,1485,2011,0.0,951650.0,0.364707,0.322626,PHL,JPN,7224
1987465,192,114,1485,2011,90960.0,10464442.0,1.849116,0.52127,SGP,JPN,7224
1987466,207,114,1485,2011,0.0,73672.0,1.642913,0.700222,SVN,JPN,7224
1987467,208,114,1485,2011,2080712.0,0.0,1.857146,0.366159,SWE,JPN,7224
1987468,216,114,1485,2011,3366.0,1519297.0,0.889009,1.503118,THA,JPN,7224
1987469,231,114,1485,2011,3541466.0,904321.0,1.6884849999999998,-0.474499,USA,JPN,7224
1987470,239,114,1485,2011,594333.0,3671504.0,-0.184453,1.637207,VNM,JPN,7224
1987471,249,114,1485,2011,361780.0,21207950.0,1.803234,0.921233,TWN,JPN,7224
1987472,14,121,1485,2011,0.0,808495.0,-0.138148,0.002999,AUS,KOR,7224
1987473,32,121,1485,2011,37129834.0,0.0,0.27718400000000004,0.5674319999999999,BRA,KOR,7224
1987474,39,121,1485,2011,87323.0,0.0,0.754813,1.1967290000000002,CAN,KOR,7224
1987475,41,121,1485,2011,2727.0,0.0,2.2644029999999997,0.406131,CHE,KOR,7224
1987476,43,121,1485,2011,494850.0,4616159.0,1.072299,1.686826,CHN,KOR,7224
1987477,59,121,1485,2011,1550451.0,0.0,1.737788,0.14741600000000002,CZE,KOR,7224
1987478,61,121,1485,2011,2686999.0,1064.0,2.074435,-3.440815,DEU,KOR,7224
1987479,64,121,1485,2011,0.0,3140.0,1.156026,1.2248299999999999,DNK,KOR,7224
1987480,68,121,1485,2011,0.0,130627.0,-0.166243,1.384719,EGY,KOR,7224
1987481,71,121,1485,2011,0.0,814223.0,0.8677290000000001,2.4618450000000003,ESP,KOR,7224
1987482,75,121,1485,2011,0.0,2421.0,-0.434356,-0.010863,FJI,KOR,7224
1987483,77,121,1485,2011,18784.0,6021.0,1.532054,0.09339299999999999,FRA,KOR,7224
1987484,81,121,1485,2011,377543.0,0.0,1.8048220000000001,0.380141,GBR,KOR,7224
1987485,103,121,1485,2011,0.0,161362.0,-0.234125,1.168384,IDN,KOR,7224
1987486,104,121,1485,2011,104218.0,459807.0,0.18276199999999998,2.398765,IND,KOR,7224
1987487,111,121,1485,2011,1076079.0,0.0,1.298751,0.48013599999999995,ITA,KOR,7224
1987488,114,121,1485,2011,155919660.0,573552.0,2.516395,-0.534301,JPN,KOR,7224
1987489,153,121,1485,2011,0.0,30390.0,0.9893290000000001,0.632079,MYS,KOR,7224
1987490,162,121,1485,2011,0.0,69131.0,1.1655229999999999,1.410167,NLD,KOR,7224
1987491,173,121,1485,2011,0.0,2123.0,-0.455977,0.442543,PER,KOR,7224
1987492,174,121,1485,2011,0.0,72583.0,0.364707,0.322626,PHL,KOR,7224
1987493,177,121,1485,2011,0.0,70001.0,1.133641,1.134203,POL,KOR,7224
1987494,186,121,1485,2011,3502230.0,0.0,0.47319399999999995,-0.20801599999999998,RUS,KOR,7224
1987495,192,121,1485,2011,359764.0,22765.0,1.849116,0.52127,SGP,KOR,7224
1987496,206,121,1485,2011,0.0,51388.0,1.262897,0.8230569999999999,SVK,KOR,7224
1987497,208,121,1485,2011,14896.0,2517954.0,1.857146,0.366159,SWE,KOR,7224
1987498,216,121,1485,2011,0.0,2237.0,0.889009,1.503118,THA,KOR,7224
1987499,228,121,1485,2011,91338.0,0.0,0.6221409999999999,0.765505,UKR,KOR,7224
1987500,231,121,1485,2011,25589315.0,287341.0,1.6884849999999998,-0.474499,USA,KOR,7224
1987501,239,121,1485,2011,0.0,505884.0,-0.184453,1.637207,VNM,KOR,7224
1987502,249,121,1485,2011,935924.0,3091604.0,1.803234,0.921233,TWN,KOR,7224
1987503,81,122,1485,2011,4163.0,0.0,1.8048220000000001,0.380141,GBR,KWT,7224
1987504,104,122,1485,2011,3145.0,0.0,0.18276199999999998,2.398765,IND,KWT,7224
1987505,111,122,1485,2011,1934.0,0.0,1.298751,0.48013599999999995,ITA,KWT,7224
1987506,113,122,1485,2011,0.0,10153.0,0.231605,0.47049399999999997,JOR,KWT,7224
1987507,188,122,1485,2011,342270.0,0.0,0.354045,-0.800028,SAU,KWT,7224
1987508,231,122,1485,2011,301087.0,0.0,1.6884849999999998,-0.474499,USA,KWT,7224
1987509,71,134,1485,2011,31025.0,0.0,0.8677290000000001,2.4618450000000003,ESP,MAR,7224
1987510,77,134,1485,2011,100165.0,79469.0,1.532054,0.09339299999999999,FRA,MAR,7224
1987511,81,134,1485,2011,38473.0,0.0,1.8048220000000001,0.380141,GBR,MAR,7224
1987512,111,134,1485,2011,169278.0,0.0,1.298751,0.48013599999999995,ITA,MAR,7224
1987513,179,134,1485,2011,1740.0,0.0,0.558481,2.7056240000000003,PRT,MAR,7224
1987514,231,134,1485,2011,10842.0,0.0,1.6884849999999998,-0.474499,USA,MAR,7224
1987515,8,138,1485,2011,14272513.0,0.0,0.240494,0.540376,ARG,MEX,7224
1987516,18,138,1485,2011,2032813.0,0.0,1.221703,1.247961,BEL,MEX,7224
1987517,32,138,1485,2011,7709293.0,0.0,0.27718400000000004,0.5674319999999999,BRA,MEX,7224
1987518,39,138,1485,2011,0.0,1280.0,0.754813,1.1967290000000002,CAN,MEX,7224
1987519,43,138,1485,2011,4483.0,0.0,1.072299,1.686826,CHN,MEX,7224
1987520,61,138,1485,2011,253999.0,0.0,2.074435,-3.440815,DEU,MEX,7224
1987521,81,138,1485,2011,0.0,8814.0,1.8048220000000001,0.380141,GBR,MEX,7224
1987522,104,138,1485,2011,106153.0,3942719.0,0.18276199999999998,2.398765,IND,MEX,7224
1987523,111,138,1485,2011,831232.0,230999.0,1.298751,0.48013599999999995,ITA,MEX,7224
1987524,114,138,1485,2011,395428.0,0.0,2.516395,-0.534301,JPN,MEX,7224
1987525,186,138,1485,2011,2377759.0,0.0,0.47319399999999995,-0.20801599999999998,RUS,MEX,7224
1987526,206,138,1485,2011,5595.0,0.0,1.262897,0.8230569999999999,SVK,MEX,7224
1987527,228,138,1485,2011,653914.0,0.0,0.6221409999999999,0.765505,UKR,MEX,7224
1987528,231,138,1485,2011,56537766.0,70062815.0,1.6884849999999998,-0.474499,USA,MEX,7224
1987529,14,153,1485,2011,0.0,45101.0,-0.138148,0.002999,AUS,MYS,7224
1987530,41,153,1485,2011,0.0,8413744.0,2.2644029999999997,0.406131,CHE,MYS,7224
1987531,43,153,1485,2011,154180.0,0.0,1.072299,1.686826,CHN,MYS,7224
1987532,61,153,1485,2011,116770.0,0.0,2.074435,-3.440815,DEU,MYS,7224
1987533,71,153,1485,2011,12671.0,0.0,0.8677290000000001,2.4618450000000003,ESP,MYS,7224
1987534,77,153,1485,2011,0.0,2675.0,1.532054,0.09339299999999999,FRA,MYS,7224
1987535,81,153,1485,2011,49488.0,0.0,1.8048220000000001,0.380141,GBR,MYS,7224
1987536,103,153,1485,2011,2744.0,38380.0,-0.234125,1.168384,IDN,MYS,7224
1987537,104,153,1485,2011,65706.0,1116514.0,0.18276199999999998,2.398765,IND,MYS,7224
1987538,111,153,1485,2011,65527.0,0.0,1.298751,0.48013599999999995,ITA,MYS,7224
1987539,114,153,1485,2011,67151.0,258271.0,2.516395,-0.534301,JPN,MYS,7224
1987540,121,153,1485,2011,30390.0,0.0,1.731371,0.8306879999999999,KOR,MYS,7224
1987541,125,153,1485,2011,0.0,37293.0,-0.318463,-0.9367489999999999,LBR,MYS,7224
1987542,176,153,1485,2011,0.0,8032.0,-1.1111659999999999,-0.9458610000000001,PNG,MYS,7224
1987543,188,153,1485,2011,0.0,356923.0,0.354045,-0.800028,SAU,MYS,7224
1987544,192,153,1485,2011,49623.0,240934.0,1.849116,0.52127,SGP,MYS,7224
1987545,208,153,1485,2011,5305.0,0.0,1.857146,0.366159,SWE,MYS,7224
1987546,216,153,1485,2011,411139.0,10387484.0,0.889009,1.503118,THA,MYS,7224
1987547,224,153,1485,2011,0.0,2393229.0,0.45775,2.4316259999999996,TUR,MYS,7224
1987548,231,153,1485,2011,183375.0,1616.0,1.6884849999999998,-0.474499,USA,MYS,7224
1987549,239,153,1485,2011,0.0,2578.0,-0.184453,1.637207,VNM,MYS,7224
1987550,249,153,1485,2011,240399.0,3014765.0,1.803234,0.921233,TWN,MYS,7224
1987551,7,162,1485,2011,0.0,1240.0,0.030652,-0.450808,ARE,NLD,7224
1987552,14,162,1485,2011,130757.0,0.0,-0.138148,0.002999,AUS,NLD,7224
1987553,15,162,1485,2011,54889.0,270525.0,1.687634,-0.229095,AUT,NLD,7224
1987554,18,162,1485,2011,257304.0,1537732.0,1.221703,1.247961,BEL,NLD,7224
1987555,24,162,1485,2011,0.0,16977.0,0.04085,-0.873711,BHR,NLD,7224
1987556,26,162,1485,2011,35532.0,0.0,0.391425,0.6066600000000001,BIH,NLD,7224
1987557,41,162,1485,2011,42859.0,941461.0,2.2644029999999997,0.406131,CHE,NLD,7224
1987558,43,162,1485,2011,11433.0,0.0,1.072299,1.686826,CHN,NLD,7224
1987559,59,162,1485,2011,4999.0,4181786.0,1.737788,0.14741600000000002,CZE,NLD,7224
1987560,61,162,1485,2011,10109105.0,74581704.0,2.074435,-3.440815,DEU,NLD,7224
1987561,64,162,1485,2011,0.0,65170.0,1.156026,1.2248299999999999,DNK,NLD,7224
1987562,68,162,1485,2011,0.0,3659.0,-0.166243,1.384719,EGY,NLD,7224
1987563,71,162,1485,2011,33426.0,322570.0,0.8677290000000001,2.4618450000000003,ESP,NLD,7224
1987564,74,162,1485,2011,87604570.0,38676.0,1.7488830000000002,0.890934,FIN,NLD,7224
1987565,77,162,1485,2011,30244.0,7518360.0,1.532054,0.09339299999999999,FRA,NLD,7224
1987566,81,162,1485,2011,983490.0,31618918.0,1.8048220000000001,0.380141,GBR,NLD,7224
1987567,93,162,1485,2011,0.0,19657.0,-0.329497,0.775369,GTM,NLD,7224
1987568,102,162,1485,2011,0.0,516501.0,1.486592,0.805642,HUN,NLD,7224
1987569,104,162,1485,2011,487389.0,6939.0,0.18276199999999998,2.398765,IND,NLD,7224
1987570,107,162,1485,2011,76808.0,0.0,-0.915379,-0.973194,IRN,NLD,7224
1987571,111,162,1485,2011,5169849.0,26681950.0,1.298751,0.48013599999999995,ITA,NLD,7224
1987572,114,162,1485,2011,88845.0,0.0,2.516395,-0.534301,JPN,NLD,7224
1987573,121,162,1485,2011,69131.0,0.0,1.731371,0.8306879999999999,KOR,NLD,7224
1987574,131,162,1485,2011,0.0,139122.0,1.1655739999999999,1.222379,LUX,NLD,7224
1987575,132,162,1485,2011,0.0,2195.0,0.7320939999999999,1.101321,LVA,NLD,7224
1987576,144,162,1485,2011,824252.0,0.0,0.149559,0.024935,MNE,NLD,7224
1987577,163,162,1485,2011,16375.0,11767.0,0.8492770000000001,0.050044,NOR,NLD,7224
1987578,177,162,1485,2011,0.0,411183.0,1.133641,1.134203,POL,NLD,7224
1987579,185,162,1485,2011,17806.0,7122394.0,0.722,1.296655,ROU,NLD,7224
1987580,186,162,1485,2011,17391850.0,0.0,0.47319399999999995,-0.20801599999999998,RUS,NLD,7224
1987581,201,162,1485,2011,0.0,30210.0,0.49055699999999997,1.5601399999999999,SRB,NLD,7224
1987582,206,162,1485,2011,6847.0,0.0,1.262897,0.8230569999999999,SVK,NLD,7224
1987583,207,162,1485,2011,20209.0,0.0,1.642913,0.700222,SVN,NLD,7224
1987584,208,162,1485,2011,691226.0,144225.0,1.857146,0.366159,SWE,NLD,7224
1987585,216,162,1485,2011,0.0,2280338.0,0.889009,1.503118,THA,NLD,7224
1987586,224,162,1485,2011,363704.0,1102.0,0.45775,2.4316259999999996,TUR,NLD,7224
1987587,228,162,1485,2011,99999.0,0.0,0.6221409999999999,0.765505,UKR,NLD,7224
1987588,231,162,1485,2011,254913.0,493773.0,1.6884849999999998,-0.474499,USA,NLD,7224
1987589,249,162,1485,2011,5527.0,0.0,1.803234,0.921233,TWN,NLD,7224
1987590,14,166,1485,2011,143911.0,723147.0,-0.138148,0.002999,AUS,NZL,7224
1987591,43,166,1485,2011,8918.0,0.0,1.072299,1.686826,CHN,NZL,7224
1987592,61,166,1485,2011,61591.0,0.0,2.074435,-3.440815,DEU,NZL,7224
1987593,75,166,1485,2011,0.0,1034.0,-0.434356,-0.010863,FJI,NZL,7224
1987594,81,166,1485,2011,2700.0,0.0,1.8048220000000001,0.380141,GBR,NZL,7224
1987595,104,166,1485,2011,32518.0,0.0,0.18276199999999998,2.398765,IND,NZL,7224
1987596,231,166,1485,2011,82360.0,0.0,1.6884849999999998,-0.474499,USA,NZL,7224
1987597,242,166,1485,2011,0.0,2758.0,0.9658110000000001,0.30804699999999996,WSM,NZL,7224
1987598,1,168,1485,2011,32907.0,0.0,-0.8426809999999999,-0.640418,AFG,PAK,7224
1987599,32,168,1485,2011,294355.0,0.0,0.27718400000000004,0.5674319999999999,BRA,PAK,7224
1987600,43,168,1485,2011,24696.0,0.0,1.072299,1.686826,CHN,PAK,7224
1987601,61,168,1485,2011,173323.0,0.0,2.074435,-3.440815,DEU,PAK,7224
1987602,81,168,1485,2011,12096.0,0.0,1.8048220000000001,0.380141,GBR,PAK,7224
1987603,192,168,1485,2011,152053.0,0.0,1.849116,0.52127,SGP,PAK,7224
1987604,231,168,1485,2011,221881.0,0.0,1.6884849999999998,-0.474499,USA,PAK,7224
1987605,231,169,1485,2011,7475416.0,0.0,1.6884849999999998,-0.474499,USA,PAN,7224
1987606,43,173,1485,2011,2806.0,0.0,1.072299,1.686826,CHN,PER,7224
1987607,61,173,1485,2011,152063.0,0.0,2.074435,-3.440815,DEU,PER,7224
1987608,121,173,1485,2011,2123.0,0.0,1.731371,0.8306879999999999,KOR,PER,7224
1987609,231,173,1485,2011,105744.0,0.0,1.6884849999999998,-0.474499,USA,PER,7224
1987610,43,174,1485,2011,553073.0,0.0,1.072299,1.686826,CHN,PHL,7224
1987611,81,174,1485,2011,985570.0,0.0,1.8048220000000001,0.380141,GBR,PHL,7224
1987612,114,174,1485,2011,951650.0,0.0,2.516395,-0.534301,JPN,PHL,7224
1987613,121,174,1485,2011,72583.0,0.0,1.731371,0.8306879999999999,KOR,PHL,7224
1987614,192,174,1485,2011,25665.0,8994.0,1.849116,0.52127,SGP,PHL,7224
1987615,231,174,1485,2011,22782.0,0.0,1.6884849999999998,-0.474499,USA,PHL,7224
1987616,249,174,1485,2011,228587.0,0.0,1.803234,0.921233,TWN,PHL,7224
1987617,15,177,1485,2011,969.0,77518.0,1.687634,-0.229095,AUT,POL,7224
1987618,23,177,1485,2011,0.0,6798.0,0.537967,1.520973,BGR,POL,7224
1987619,26,177,1485,2011,64788.0,0.0,0.391425,0.6066600000000001,BIH,POL,7224
1987620,28,177,1485,2011,4825672.0,58500.0,0.8786729999999999,0.442097,BLR,POL,7224
1987621,32,177,1485,2011,0.0,30276.0,0.27718400000000004,0.5674319999999999,BRA,POL,7224
1987622,41,177,1485,2011,13196.0,3691228.0,2.2644029999999997,0.406131,CHE,POL,7224
1987623,43,177,1485,2011,70440.0,0.0,1.072299,1.686826,CHN,POL,7224
1987624,59,177,1485,2011,3114606.0,2684430.0,1.737788,0.14741600000000002,CZE,POL,7224
1987625,61,177,1485,2011,6929786.0,19701300.0,2.074435,-3.440815,DEU,POL,7224
1987626,64,177,1485,2011,110119.0,0.0,1.156026,1.2248299999999999,DNK,POL,7224
1987627,71,177,1485,2011,90149.0,766363.0,0.8677290000000001,2.4618450000000003,ESP,POL,7224
1987628,72,177,1485,2011,2954.0,0.0,0.9806790000000001,1.110449,EST,POL,7224
1987629,74,177,1485,2011,5021.0,65946.0,1.7488830000000002,0.890934,FIN,POL,7224
1987630,77,177,1485,2011,265113.0,3212955.0,1.532054,0.09339299999999999,FRA,POL,7224
1987631,81,177,1485,2011,654028.0,5329246.0,1.8048220000000001,0.380141,GBR,POL,7224
1987632,97,177,1485,2011,1518.0,0.0,0.663588,1.902118,HKG,POL,7224
1987633,100,177,1485,2011,72891.0,0.0,0.868294,0.9424299999999999,HRV,POL,7224
1987634,102,177,1485,2011,21652.0,1193376.0,1.486592,0.805642,HUN,POL,7224
1987635,111,177,1485,2011,3338825.0,7643044.0,1.298751,0.48013599999999995,ITA,POL,7224
1987636,121,177,1485,2011,70001.0,0.0,1.731371,0.8306879999999999,KOR,POL,7224
1987637,130,177,1485,2011,0.0,144544.0,0.747963,0.9759530000000001,LTU,POL,7224
1987638,131,177,1485,2011,0.0,6990981.0,1.1655739999999999,1.222379,LUX,POL,7224
1987639,132,177,1485,2011,3453.0,53270.0,0.7320939999999999,1.101321,LVA,POL,7224
1987640,144,177,1485,2011,37211.0,0.0,0.149559,0.024935,MNE,POL,7224
1987641,162,177,1485,2011,411183.0,0.0,1.1655229999999999,1.410167,NLD,POL,7224
1987642,163,177,1485,2011,35550.0,15635.0,0.8492770000000001,0.050044,NOR,POL,7224
1987643,185,177,1485,2011,0.0,3628534.0,0.722,1.296655,ROU,POL,7224
1987644,186,177,1485,2011,693533.0,10812.0,0.47319399999999995,-0.20801599999999998,RUS,POL,7224
1987645,201,177,1485,2011,0.0,12243.0,0.49055699999999997,1.5601399999999999,SRB,POL,7224
1987646,206,177,1485,2011,881598.0,4993.0,1.262897,0.8230569999999999,SVK,POL,7224
1987647,224,177,1485,2011,122484.0,0.0,0.45775,2.4316259999999996,TUR,POL,7224
1987648,228,177,1485,2011,30728.0,287706.0,0.6221409999999999,0.765505,UKR,POL,7224
1987649,231,177,1485,2011,5240526.0,16832.0,1.6884849999999998,-0.474499,USA,POL,7224
1987650,250,177,1485,2011,0.0,6363.0,0.475638,-0.160135,ANS,POL,7224
1987651,2,179,1485,2011,0.0,6721.0,-1.252991,-1.132314,AGO,PRT,7224
1987652,61,179,1485,2011,2171490.0,0.0,2.074435,-3.440815,DEU,PRT,7224
1987653,71,179,1485,2011,964745.0,268998.0,0.8677290000000001,2.4618450000000003,ESP,PRT,7224
1987654,77,179,1485,2011,22508.0,49358.0,1.532054,0.09339299999999999,FRA,PRT,7224
1987655,81,179,1485,2011,5126.0,0.0,1.8048220000000001,0.380141,GBR,PRT,7224
1987656,111,179,1485,2011,1138849.0,0.0,1.298751,0.48013599999999995,ITA,PRT,7224
1987657,134,179,1485,2011,0.0,1740.0,-0.485404,0.099828,MAR,PRT,7224
1987658,188,179,1485,2011,0.0,25004.0,0.354045,-0.800028,SAU,PRT,7224
1987659,231,179,1485,2011,45846.0,0.0,1.6884849999999998,-0.474499,USA,PRT,7224
1987660,81,183,1485,2011,9307.0,0.0,1.8048220000000001,0.380141,GBR,QAT,7224
1987661,104,183,1485,2011,6636.0,0.0,0.18276199999999998,2.398765,IND,QAT,7224
1987662,188,183,1485,2011,30133.0,0.0,0.354045,-0.800028,SAU,QAT,7224
1987663,15,185,1485,2011,7324625.0,0.0,1.687634,-0.229095,AUT,ROU,7224
1987664,18,185,1485,2011,448093.0,0.0,1.221703,1.247961,BEL,ROU,7224
1987665,23,185,1485,2011,103127.0,2401077.0,0.537967,1.520973,BGR,ROU,7224
1987666,28,185,1485,2011,6860793.0,0.0,0.8786729999999999,0.442097,BLR,ROU,7224
1987667,39,185,1485,2011,0.0,78036344.0,0.754813,1.1967290000000002,CAN,ROU,7224
1987668,59,185,1485,2011,9606163.0,0.0,1.737788,0.14741600000000002,CZE,ROU,7224
1987669,61,185,1485,2011,406165.0,1323838.0,2.074435,-3.440815,DEU,ROU,7224
1987670,64,185,1485,2011,31156.0,0.0,1.156026,1.2248299999999999,DNK,ROU,7224
1987671,71,185,1485,2011,110610.0,0.0,0.8677290000000001,2.4618450000000003,ESP,ROU,7224
1987672,77,185,1485,2011,28558.0,218008.0,1.532054,0.09339299999999999,FRA,ROU,7224
1987673,81,185,1485,2011,180748.0,1692.0,1.8048220000000001,0.380141,GBR,ROU,7224
1987674,102,185,1485,2011,37535.0,1406375.0,1.486592,0.805642,HUN,ROU,7224
1987675,111,185,1485,2011,2304185.0,12163.0,1.298751,0.48013599999999995,ITA,ROU,7224
1987676,144,185,1485,2011,19992.0,0.0,0.149559,0.024935,MNE,ROU,7224
1987677,162,185,1485,2011,7122394.0,17806.0,1.1655229999999999,1.410167,NLD,ROU,7224
1987678,177,185,1485,2011,3628534.0,0.0,1.133641,1.134203,POL,ROU,7224
1987679,186,185,1485,2011,6533016.0,0.0,0.47319399999999995,-0.20801599999999998,RUS,ROU,7224
1987680,188,185,1485,2011,0.0,5270554.0,0.354045,-0.800028,SAU,ROU,7224
1987681,224,185,1485,2011,4279216.0,662580.0,0.45775,2.4316259999999996,TUR,ROU,7224
1987682,228,185,1485,2011,0.0,5805508.0,0.6221409999999999,0.765505,UKR,ROU,7224
1987683,231,185,1485,2011,175667.0,0.0,1.6884849999999998,-0.474499,USA,ROU,7224
1987684,28,188,1485,2011,154146.0,0.0,0.8786729999999999,0.442097,BLR,SAU,7224
1987685,43,188,1485,2011,122446.0,0.0,1.072299,1.686826,CHN,SAU,7224
1987686,61,188,1485,2011,451668.0,0.0,2.074435,-3.440815,DEU,SAU,7224
1987687,81,188,1485,2011,26004.0,0.0,1.8048220000000001,0.380141,GBR,SAU,7224
1987688,104,188,1485,2011,81465145.0,0.0,0.18276199999999998,2.398765,IND,SAU,7224
1987689,111,188,1485,2011,13286547.0,0.0,1.298751,0.48013599999999995,ITA,SAU,7224
1987690,113,188,1485,2011,34976.0,0.0,0.231605,0.47049399999999997,JOR,SAU,7224
1987691,122,188,1485,2011,0.0,342270.0,-0.898582,-1.09893,KWT,SAU,7224
1987692,153,188,1485,2011,356923.0,0.0,0.9893290000000001,0.632079,MYS,SAU,7224
1987693,179,188,1485,2011,25004.0,0.0,0.558481,2.7056240000000003,PRT,SAU,7224
1987694,183,188,1485,2011,0.0,30133.0,-0.45851899999999995,-1.017033,QAT,SAU,7224
1987695,185,188,1485,2011,5270554.0,0.0,0.722,1.296655,ROU,SAU,7224
1987696,224,188,1485,2011,65185.0,0.0,0.45775,2.4316259999999996,TUR,SAU,7224
1987697,231,188,1485,2011,16307.0,0.0,1.6884849999999998,-0.474499,USA,SAU,7224
1987698,43,190,1485,2011,1857.0,0.0,1.072299,1.686826,CHN,SDN,7224
1987699,104,190,1485,2011,21526.0,0.0,0.18276199999999998,2.398765,IND,SDN,7224
1987700,2,192,1485,2011,0.0,3548.0,-1.252991,-1.132314,AGO,SGP,7224
1987701,7,192,1485,2011,72804.0,0.0,0.030652,-0.450808,ARE,SGP,7224
1987702,14,192,1485,2011,105858.0,56547.0,-0.138148,0.002999,AUS,SGP,7224
1987703,22,192,1485,2011,0.0,2139700.0,-1.074416,-0.8276370000000001,BGD,SGP,7224
1987704,32,192,1485,2011,0.0,174971.0,0.27718400000000004,0.5674319999999999,BRA,SGP,7224
1987705,34,192,1485,2011,0.0,42883.0,-0.171775,-0.6656810000000001,BRN,SGP,7224
1987706,43,192,1485,2011,3297414.0,167688.0,1.072299,1.686826,CHN,SGP,7224
1987707,61,192,1485,2011,16218.0,0.0,2.074435,-3.440815,DEU,SGP,7224
1987708,71,192,1485,2011,159252.0,0.0,0.8677290000000001,2.4618450000000003,ESP,SGP,7224
1987709,77,192,1485,2011,1351.0,0.0,1.532054,0.09339299999999999,FRA,SGP,7224
1987710,81,192,1485,2011,596522.0,0.0,1.8048220000000001,0.380141,GBR,SGP,7224
1987711,97,192,1485,2011,0.0,1074946.0,0.663588,1.902118,HKG,SGP,7224
1987712,103,192,1485,2011,12636.0,703134.0,-0.234125,1.168384,IDN,SGP,7224
1987713,104,192,1485,2011,239548.0,1007797.0,0.18276199999999998,2.398765,IND,SGP,7224
1987714,110,192,1485,2011,0.0,7166.0,1.324384,0.714611,ISR,SGP,7224
1987715,111,192,1485,2011,59025.0,0.0,1.298751,0.48013599999999995,ITA,SGP,7224
1987716,114,192,1485,2011,10464442.0,90960.0,2.516395,-0.534301,JPN,SGP,7224
1987717,121,192,1485,2011,22765.0,359764.0,1.731371,0.8306879999999999,KOR,SGP,7224
1987718,128,192,1485,2011,0.0,32849.0,-0.559311,0.398905,LKA,SGP,7224
1987719,143,192,1485,2011,0.0,817060.0,-1.3557190000000001,-0.929934,MMR,SGP,7224
1987720,151,192,1485,2011,0.0,3786.0,-0.09464600000000001,0.091177,MUS,SGP,7224
1987721,153,192,1485,2011,240934.0,49623.0,0.9893290000000001,0.632079,MYS,SGP,7224
1987722,163,192,1485,2011,101369.0,6151.0,0.8492770000000001,0.050044,NOR,SGP,7224
1987723,168,192,1485,2011,0.0,152053.0,-0.729677,0.6026729999999999,PAK,SGP,7224
1987724,174,192,1485,2011,8994.0,25665.0,0.364707,0.322626,PHL,SGP,7224
1987725,176,192,1485,2011,0.0,125071.0,-1.1111659999999999,-0.9458610000000001,PNG,SGP,7224
1987726,206,192,1485,2011,103275.0,0.0,1.262897,0.8230569999999999,SVK,SGP,7224
1987727,208,192,1485,2011,67091.0,0.0,1.857146,0.366159,SWE,SGP,7224
1987728,216,192,1485,2011,195001.0,112937.0,0.889009,1.503118,THA,SGP,7224
1987729,224,192,1485,2011,15650.0,0.0,0.45775,2.4316259999999996,TUR,SGP,7224
1987730,231,192,1485,2011,1672947.0,0.0,1.6884849999999998,-0.474499,USA,SGP,7224
1987731,239,192,1485,2011,0.0,274127.0,-0.184453,1.637207,VNM,SGP,7224
1987732,249,192,1485,2011,961422.0,551143.0,1.803234,0.921233,TWN,SGP,7224
1987733,104,197,1485,2011,1436.0,0.0,0.18276199999999998,2.398765,IND,SLV,7224
1987734,231,197,1485,2011,17933.0,0.0,1.6884849999999998,-0.474499,USA,SLV,7224
1987735,15,206,1485,2011,158749.0,0.0,1.687634,-0.229095,AUT,SVK,7224
1987736,23,206,1485,2011,0.0,277880.0,0.537967,1.520973,BGR,SVK,7224
1987737,39,206,1485,2011,0.0,2833.0,0.754813,1.1967290000000002,CAN,SVK,7224
1987738,41,206,1485,2011,5632.0,0.0,2.2644029999999997,0.406131,CHE,SVK,7224
1987739,59,206,1485,2011,2936980.0,1597887.0,1.737788,0.14741600000000002,CZE,SVK,7224
1987740,61,206,1485,2011,369717.0,4581075.0,2.074435,-3.440815,DEU,SVK,7224
1987741,64,206,1485,2011,21143.0,2844.0,1.156026,1.2248299999999999,DNK,SVK,7224
1987742,71,206,1485,2011,0.0,366201.0,0.8677290000000001,2.4618450000000003,ESP,SVK,7224
1987743,81,206,1485,2011,15446.0,0.0,1.8048220000000001,0.380141,GBR,SVK,7224
1987744,102,206,1485,2011,554358.0,348119.0,1.486592,0.805642,HUN,SVK,7224
1987745,111,206,1485,2011,2528320.0,38004.0,1.298751,0.48013599999999995,ITA,SVK,7224
1987746,121,206,1485,2011,51388.0,0.0,1.731371,0.8306879999999999,KOR,SVK,7224
1987747,132,206,1485,2011,172918.0,0.0,0.7320939999999999,1.101321,LVA,SVK,7224
1987748,138,206,1485,2011,0.0,5595.0,0.9534600000000001,0.706982,MEX,SVK,7224
1987749,162,206,1485,2011,0.0,6847.0,1.1655229999999999,1.410167,NLD,SVK,7224
1987750,177,206,1485,2011,4993.0,881598.0,1.133641,1.134203,POL,SVK,7224
1987751,186,206,1485,2011,962769.0,0.0,0.47319399999999995,-0.20801599999999998,RUS,SVK,7224
1987752,192,206,1485,2011,0.0,103275.0,1.849116,0.52127,SGP,SVK,7224
1987753,201,206,1485,2011,13904.0,50497.0,0.49055699999999997,1.5601399999999999,SRB,SVK,7224
1987754,207,206,1485,2011,481219.0,0.0,1.642913,0.700222,SVN,SVK,7224
1987755,224,206,1485,2011,3202.0,0.0,0.45775,2.4316259999999996,TUR,SVK,7224
1987756,231,206,1485,2011,2253.0,0.0,1.6884849999999998,-0.474499,USA,SVK,7224
1987757,250,206,1485,2011,2960234.0,0.0,0.475638,-0.160135,ANS,SVK,7224
1987758,15,207,1485,2011,1103537.0,1477476.0,1.687634,-0.229095,AUT,SVN,7224
1987759,23,207,1485,2011,1895.0,4438.0,0.537967,1.520973,BGR,SVN,7224
1987760,26,207,1485,2011,0.0,49847.0,0.391425,0.6066600000000001,BIH,SVN,7224
1987761,39,207,1485,2011,0.0,1325.0,0.754813,1.1967290000000002,CAN,SVN,7224
1987762,41,207,1485,2011,0.0,1326811.0,2.2644029999999997,0.406131,CHE,SVN,7224
1987763,43,207,1485,2011,959653.0,0.0,1.072299,1.686826,CHN,SVN,7224
1987764,59,207,1485,2011,1079.0,7965.0,1.737788,0.14741600000000002,CZE,SVN,7224
1987765,61,207,1485,2011,185899.0,5509532.0,2.074435,-3.440815,DEU,SVN,7224
1987766,71,207,1485,2011,0.0,145204.0,0.8677290000000001,2.4618450000000003,ESP,SVN,7224
1987767,77,207,1485,2011,606350.0,5653.0,1.532054,0.09339299999999999,FRA,SVN,7224
1987768,81,207,1485,2011,4154.0,0.0,1.8048220000000001,0.380141,GBR,SVN,7224
1987769,97,207,1485,2011,0.0,91985.0,0.663588,1.902118,HKG,SVN,7224
1987770,100,207,1485,2011,0.0,9054.0,0.868294,0.9424299999999999,HRV,SVN,7224
1987771,102,207,1485,2011,0.0,311808.0,1.486592,0.805642,HUN,SVN,7224
1987772,107,207,1485,2011,2210.0,0.0,-0.915379,-0.973194,IRN,SVN,7224
1987773,111,207,1485,2011,402683.0,1002698.0,1.298751,0.48013599999999995,ITA,SVN,7224
1987774,114,207,1485,2011,73672.0,0.0,2.516395,-0.534301,JPN,SVN,7224
1987775,144,207,1485,2011,163469.0,0.0,0.149559,0.024935,MNE,SVN,7224
1987776,162,207,1485,2011,0.0,20209.0,1.1655229999999999,1.410167,NLD,SVN,7224
1987777,201,207,1485,2011,0.0,345736.0,0.49055699999999997,1.5601399999999999,SRB,SVN,7224
1987778,206,207,1485,2011,0.0,481219.0,1.262897,0.8230569999999999,SVK,SVN,7224
1987779,208,207,1485,2011,159224.0,0.0,1.857146,0.366159,SWE,SVN,7224
1987780,224,207,1485,2011,27629.0,0.0,0.45775,2.4316259999999996,TUR,SVN,7224
1987781,228,207,1485,2011,1276.0,0.0,0.6221409999999999,0.765505,UKR,SVN,7224
1987782,231,207,1485,2011,0.0,1436617.0,1.6884849999999998,-0.474499,USA,SVN,7224
1987783,249,207,1485,2011,0.0,580189.0,1.803234,0.921233,TWN,SVN,7224
1987784,250,207,1485,2011,111433.0,0.0,0.475638,-0.160135,ANS,SVN,7224
1987785,14,208,1485,2011,10473.0,0.0,-0.138148,0.002999,AUS,SWE,7224
1987786,15,208,1485,2011,17214808.0,1707495.0,1.687634,-0.229095,AUT,SWE,7224
1987787,18,208,1485,2011,17937.0,37805247.0,1.221703,1.247961,BEL,SWE,7224
1987788,32,208,1485,2011,0.0,99648.0,0.27718400000000004,0.5674319999999999,BRA,SWE,7224
1987789,39,208,1485,2011,0.0,16720.0,0.754813,1.1967290000000002,CAN,SWE,7224
1987790,41,208,1485,2011,1194.0,0.0,2.2644029999999997,0.406131,CHE,SWE,7224
1987791,43,208,1485,2011,169722.0,1332157.0,1.072299,1.686826,CHN,SWE,7224
1987792,59,208,1485,2011,0.0,284525.0,1.737788,0.14741600000000002,CZE,SWE,7224
1987793,61,208,1485,2011,20564732.0,10921551.0,2.074435,-3.440815,DEU,SWE,7224
1987794,64,208,1485,2011,88241.0,1060.0,1.156026,1.2248299999999999,DNK,SWE,7224
1987795,71,208,1485,2011,11947.0,115850.0,0.8677290000000001,2.4618450000000003,ESP,SWE,7224
1987796,74,208,1485,2011,4568908.0,2111631.0,1.7488830000000002,0.890934,FIN,SWE,7224
1987797,77,208,1485,2011,83146525.0,24562728.0,1.532054,0.09339299999999999,FRA,SWE,7224
1987798,81,208,1485,2011,296939.0,0.0,1.8048220000000001,0.380141,GBR,SWE,7224
1987799,102,208,1485,2011,44753.0,5864.0,1.486592,0.805642,HUN,SWE,7224
1987800,103,208,1485,2011,0.0,415118.0,-0.234125,1.168384,IDN,SWE,7224
1987801,104,208,1485,2011,747819.0,87617.0,0.18276199999999998,2.398765,IND,SWE,7224
1987802,111,208,1485,2011,13621942.0,242924.0,1.298751,0.48013599999999995,ITA,SWE,7224
1987803,114,208,1485,2011,0.0,2080712.0,2.516395,-0.534301,JPN,SWE,7224
1987804,121,208,1485,2011,2517954.0,14896.0,1.731371,0.8306879999999999,KOR,SWE,7224
1987805,131,208,1485,2011,0.0,13932.0,1.1655739999999999,1.222379,LUX,SWE,7224
1987806,132,208,1485,2011,0.0,504572.0,0.7320939999999999,1.101321,LVA,SWE,7224
1987807,153,208,1485,2011,0.0,5305.0,0.9893290000000001,0.632079,MYS,SWE,7224
1987808,162,208,1485,2011,144225.0,691226.0,1.1655229999999999,1.410167,NLD,SWE,7224
1987809,163,208,1485,2011,4499.0,436864.0,0.8492770000000001,0.050044,NOR,SWE,7224
1987810,186,208,1485,2011,56416.0,3862.0,0.47319399999999995,-0.20801599999999998,RUS,SWE,7224
1987811,192,208,1485,2011,0.0,67091.0,1.849116,0.52127,SGP,SWE,7224
1987812,207,208,1485,2011,0.0,159224.0,1.642913,0.700222,SVN,SWE,7224
1987813,224,208,1485,2011,777007.0,463054.0,0.45775,2.4316259999999996,TUR,SWE,7224
1987814,231,208,1485,2011,440876.0,1396611.0,1.6884849999999998,-0.474499,USA,SWE,7224
1987815,239,208,1485,2011,0.0,61970.0,-0.184453,1.637207,VNM,SWE,7224
1987816,249,208,1485,2011,4980.0,1389287.0,1.803234,0.921233,TWN,SWE,7224
1987817,14,216,1485,2011,7696.0,0.0,-0.138148,0.002999,AUS,THA,7224
1987818,32,216,1485,2011,11786898.0,0.0,0.27718400000000004,0.5674319999999999,BRA,THA,7224
1987819,43,216,1485,2011,105759.0,36533.0,1.072299,1.686826,CHN,THA,7224
1987820,59,216,1485,2011,1102.0,0.0,1.737788,0.14741600000000002,CZE,THA,7224
1987821,61,216,1485,2011,13715.0,0.0,2.074435,-3.440815,DEU,THA,7224
1987822,64,216,1485,2011,0.0,2715.0,1.156026,1.2248299999999999,DNK,THA,7224
1987823,81,216,1485,2011,84560.0,0.0,1.8048220000000001,0.380141,GBR,THA,7224
1987824,104,216,1485,2011,5783.0,3666635.0,0.18276199999999998,2.398765,IND,THA,7224
1987825,114,216,1485,2011,1519297.0,3366.0,2.516395,-0.534301,JPN,THA,7224
1987826,121,216,1485,2011,2237.0,0.0,1.731371,0.8306879999999999,KOR,THA,7224
1987827,137,216,1485,2011,0.0,1697.0,-0.937469,-0.87897,MDV,THA,7224
1987828,153,216,1485,2011,10387484.0,411139.0,0.9893290000000001,0.632079,MYS,THA,7224
1987829,162,216,1485,2011,2280338.0,0.0,1.1655229999999999,1.410167,NLD,THA,7224
1987830,192,216,1485,2011,112937.0,195001.0,1.849116,0.52127,SGP,THA,7224
1987831,228,216,1485,2011,42191.0,0.0,0.6221409999999999,0.765505,UKR,THA,7224
1987832,231,216,1485,2011,284614.0,0.0,1.6884849999999998,-0.474499,USA,THA,7224
1987833,249,216,1485,2011,25661.0,1183224.0,1.803234,0.921233,TWN,THA,7224
1987834,231,222,1485,2011,229476.0,0.0,1.6884849999999998,-0.474499,USA,TTO,7224
1987835,7,224,1485,2011,0.0,57457.0,0.030652,-0.450808,ARE,TUR,7224
1987836,15,224,1485,2011,30375.0,21639570.0,1.687634,-0.229095,AUT,TUR,7224
1987837,16,224,1485,2011,0.0,3105.0,-1.313136,-1.189989,AZE,TUR,7224
1987838,18,224,1485,2011,1055159.0,2774248.0,1.221703,1.247961,BEL,TUR,7224
1987839,23,224,1485,2011,161789.0,101670.0,0.537967,1.520973,BGR,TUR,7224
1987840,24,224,1485,2011,0.0,1942.0,0.04085,-0.873711,BHR,TUR,7224
1987841,26,224,1485,2011,0.0,22086.0,0.391425,0.6066600000000001,BIH,TUR,7224
1987842,32,224,1485,2011,0.0,6064.0,0.27718400000000004,0.5674319999999999,BRA,TUR,7224
1987843,39,224,1485,2011,0.0,66589.0,0.754813,1.1967290000000002,CAN,TUR,7224
1987844,59,224,1485,2011,0.0,175210.0,1.737788,0.14741600000000002,CZE,TUR,7224
1987845,61,224,1485,2011,3761239.0,29837950.0,2.074435,-3.440815,DEU,TUR,7224
1987846,66,224,1485,2011,0.0,1049685.0,-1.36763,-1.140594,DZA,TUR,7224
1987847,68,224,1485,2011,1546224.0,35639.0,-0.166243,1.384719,EGY,TUR,7224
1987848,71,224,1485,2011,616604.0,683309.0,0.8677290000000001,2.4618450000000003,ESP,TUR,7224
1987849,73,224,1485,2011,0.0,11202.0,-1.258175,-0.920692,ETH,TUR,7224
1987850,77,224,1485,2011,51297.0,115923.0,1.532054,0.09339299999999999,FRA,TUR,7224
1987851,81,224,1485,2011,2359556.0,736676.0,1.8048220000000001,0.380141,GBR,TUR,7224
1987852,82,224,1485,2011,0.0,21818.0,-0.07754,-0.35434699999999997,GEO,TUR,7224
1987853,90,224,1485,2011,0.0,29299.0,0.138679,1.30044,GRC,TUR,7224
1987854,102,224,1485,2011,0.0,1645577.0,1.486592,0.805642,HUN,TUR,7224
1987855,103,224,1485,2011,0.0,2331.0,-0.234125,1.168384,IDN,TUR,7224
1987856,104,224,1485,2011,81331.0,0.0,0.18276199999999998,2.398765,IND,TUR,7224
1987857,107,224,1485,2011,4718492.0,1607346.0,-0.915379,-0.973194,IRN,TUR,7224
1987858,108,224,1485,2011,0.0,194782.0,-2.175137,-0.726975,IRQ,TUR,7224
1987859,110,224,1485,2011,0.0,220474.0,1.324384,0.714611,ISR,TUR,7224
1987860,111,224,1485,2011,13122210.0,14207432.0,1.298751,0.48013599999999995,ITA,TUR,7224
1987861,113,224,1485,2011,0.0,3784.0,0.231605,0.47049399999999997,JOR,TUR,7224
1987862,117,224,1485,2011,0.0,14269.0,-0.323348,0.164469,KGZ,TUR,7224
1987863,135,224,1485,2011,0.0,10143.0,-0.225556,0.28622,MDA,TUR,7224
1987864,140,224,1485,2011,0.0,19116.0,-0.12310499999999999,0.16392,MKD,TUR,7224
1987865,144,224,1485,2011,308582.0,0.0,0.149559,0.024935,MNE,TUR,7224
1987866,153,224,1485,2011,2393229.0,0.0,0.9893290000000001,0.632079,MYS,TUR,7224
1987867,162,224,1485,2011,1102.0,363704.0,1.1655229999999999,1.410167,NLD,TUR,7224
1987868,163,224,1485,2011,66561.0,131508.0,0.8492770000000001,0.050044,NOR,TUR,7224
1987869,177,224,1485,2011,0.0,122484.0,1.133641,1.134203,POL,TUR,7224
1987870,185,224,1485,2011,662580.0,4279216.0,0.722,1.296655,ROU,TUR,7224
1987871,186,224,1485,2011,16171878.0,341098.0,0.47319399999999995,-0.20801599999999998,RUS,TUR,7224
1987872,188,224,1485,2011,0.0,65185.0,0.354045,-0.800028,SAU,TUR,7224
1987873,192,224,1485,2011,0.0,15650.0,1.849116,0.52127,SGP,TUR,7224
1987874,201,224,1485,2011,0.0,2046.0,0.49055699999999997,1.5601399999999999,SRB,TUR,7224
1987875,206,224,1485,2011,0.0,3202.0,1.262897,0.8230569999999999,SVK,TUR,7224
1987876,207,224,1485,2011,0.0,27629.0,1.642913,0.700222,SVN,TUR,7224
1987877,208,224,1485,2011,463054.0,777007.0,1.857146,0.366159,SWE,TUR,7224
1987878,212,224,1485,2011,0.0,7881.0,-0.604133,0.5268970000000001,SYR,TUR,7224
1987879,219,224,1485,2011,0.0,132733.0,-1.549495,-1.202504,TKM,TUR,7224
1987880,227,224,1485,2011,0.0,503118.0,-0.7153,-0.062678,UGA,TUR,7224
1987881,228,224,1485,2011,406242.0,0.0,0.6221409999999999,0.765505,UKR,TUR,7224
1987882,231,224,1485,2011,9981.0,0.0,1.6884849999999998,-0.474499,USA,TUR,7224
1987883,232,224,1485,2011,0.0,21965.0,-0.785878,-0.663918,UZB,TUR,7224
1987884,246,224,1485,2011,0.0,858862.0,0.241792,1.353011,ZAF,TUR,7224
1987885,250,224,1485,2011,1265968.0,11015158.0,0.475638,-0.160135,ANS,TUR,7224
1987886,28,228,1485,2011,11378010.0,579799.0,0.8786729999999999,0.442097,BLR,UKR,7224
1987887,39,228,1485,2011,0.0,57574.0,0.754813,1.1967290000000002,CAN,UKR,7224
1987888,43,228,1485,2011,0.0,417155.0,1.072299,1.686826,CHN,UKR,7224
1987889,58,228,1485,2011,0.0,168186.0,0.798165,0.424179,CYP,UKR,7224
1987890,61,228,1485,2011,0.0,6179517.0,2.074435,-3.440815,DEU,UKR,7224
1987891,72,228,1485,2011,10492.0,258250.0,0.9806790000000001,1.110449,EST,UKR,7224
1987892,74,228,1485,2011,0.0,48046.0,1.7488830000000002,0.890934,FIN,UKR,7224
1987893,77,228,1485,2011,1985.0,621529.0,1.532054,0.09339299999999999,FRA,UKR,7224
1987894,81,228,1485,2011,26559.0,3052910.0,1.8048220000000001,0.380141,GBR,UKR,7224
1987895,82,228,1485,2011,0.0,45586.0,-0.07754,-0.35434699999999997,GEO,UKR,7224
1987896,103,228,1485,2011,0.0,484000.0,-0.234125,1.168384,IDN,UKR,7224
1987897,104,228,1485,2011,0.0,1369070.0,0.18276199999999998,2.398765,IND,UKR,7224
1987898,111,228,1485,2011,0.0,35863459.0,1.298751,0.48013599999999995,ITA,UKR,7224
1987899,121,228,1485,2011,0.0,91338.0,1.731371,0.8306879999999999,KOR,UKR,7224
1987900,135,228,1485,2011,0.0,21259.0,-0.225556,0.28622,MDA,UKR,7224
1987901,138,228,1485,2011,0.0,653914.0,0.9534600000000001,0.706982,MEX,UKR,7224
1987902,162,228,1485,2011,0.0,99999.0,1.1655229999999999,1.410167,NLD,UKR,7224
1987903,177,228,1485,2011,287706.0,30728.0,1.133641,1.134203,POL,UKR,7224
1987904,185,228,1485,2011,5805508.0,0.0,0.722,1.296655,ROU,UKR,7224
1987905,186,228,1485,2011,42945291.0,6157463.0,0.47319399999999995,-0.20801599999999998,RUS,UKR,7224
1987906,207,228,1485,2011,0.0,1276.0,1.642913,0.700222,SVN,UKR,7224
1987907,216,228,1485,2011,0.0,42191.0,0.889009,1.503118,THA,UKR,7224
1987908,224,228,1485,2011,0.0,406242.0,0.45775,2.4316259999999996,TUR,UKR,7224
1987909,231,228,1485,2011,0.0,86946.0,1.6884849999999998,-0.474499,USA,UKR,7224
1987910,249,228,1485,2011,0.0,180863.0,1.803234,0.921233,TWN,UKR,7224
1987911,8,230,1485,2011,1167.0,0.0,0.240494,0.540376,ARG,URY,7224
1987912,15,230,1485,2011,1785.0,0.0,1.687634,-0.229095,AUT,URY,7224
1987913,0,231,1485,2011,0.0,15485.0,-0.282585,-0.71273,ABW,USA,7224
1987914,1,231,1485,2011,0.0,7016.0,-0.8426809999999999,-0.640418,AFG,USA,7224
1987915,2,231,1485,2011,0.0,14699.0,-1.252991,-1.132314,AGO,USA,7224
1987916,7,231,1485,2011,0.0,63853.0,0.030652,-0.450808,ARE,USA,7224
1987917,8,231,1485,2011,0.0,108877.0,0.240494,0.540376,ARG,USA,7224
1987918,13,231,1485,2011,0.0,8739.0,0.257238,-0.275891,ATG,USA,7224
1987919,14,231,1485,2011,0.0,4509142.0,-0.138148,0.002999,AUS,USA,7224
1987920,15,231,1485,2011,14916.0,440183.0,1.687634,-0.229095,AUT,USA,7224
1987921,18,231,1485,2011,9931972.0,693494.0,1.221703,1.247961,BEL,USA,7224
1987922,24,231,1485,2011,0.0,445221.0,0.04085,-0.873711,BHR,USA,7224
1987923,25,231,1485,2011,0.0,54823.0,0.320669,-0.531655,BHS,USA,7224
1987924,29,231,1485,2011,0.0,3302.0,-0.382684,-0.581376,BLZ,USA,7224
1987925,30,231,1485,2011,0.0,133995.0,0.576438,-0.48277299999999995,BMU,USA,7224
1987926,32,231,1485,2011,51591375.0,3701452.0,0.27718400000000004,0.5674319999999999,BRA,USA,7224
1987927,33,231,1485,2011,0.0,11105.0,0.445982,0.204672,BRB,USA,7224
1987928,39,231,1485,2011,144643279.0,51961502.0,0.754813,1.1967290000000002,CAN,USA,7224
1987929,41,231,1485,2011,0.0,180714.0,2.2644029999999997,0.406131,CHE,USA,7224
1987930,42,231,1485,2011,0.0,138485.0,-0.199877,-0.353009,CHL,USA,7224
1987931,43,231,1485,2011,5639050.0,10360151.0,1.072299,1.686826,CHN,USA,7224
1987932,49,231,1485,2011,0.0,10461823.0,0.14336600000000002,-0.22996,COL,USA,7224
1987933,52,231,1485,2011,0.0,735774.0,0.04325,-0.553193,CRI,USA,7224
1987934,57,231,1485,2011,0.0,111650.0,0.665662,-0.678581,CYM,USA,7224
1987935,59,231,1485,2011,3979573.0,187858.0,1.737788,0.14741600000000002,CZE,USA,7224
1987936,61,231,1485,2011,1457563.0,1435602.0,2.074435,-3.440815,DEU,USA,7224
1987937,64,231,1485,2011,0.0,25118.0,1.156026,1.2248299999999999,DNK,USA,7224
1987938,65,231,1485,2011,0.0,127610.0,-0.260653,0.5682010000000001,DOM,USA,7224
1987939,67,231,1485,2011,0.0,38855.0,-0.8250639999999999,-0.839082,ECU,USA,7224
1987940,71,231,1485,2011,0.0,2072297.0,0.8677290000000001,2.4618450000000003,ESP,USA,7224
1987941,74,231,1485,2011,6645.0,105986.0,1.7488830000000002,0.890934,FIN,USA,7224
1987942,77,231,1485,2011,2071485.0,1664914.0,1.532054,0.09339299999999999,FRA,USA,7224
1987943,79,231,1485,2011,0.0,14613.0,-0.882574,-0.8780530000000001,FSM,USA,7224
1987944,81,231,1485,2011,3177457.0,12261263.0,1.8048220000000001,0.380141,GBR,USA,7224
1987945,93,231,1485,2011,0.0,51215.0,-0.329497,0.775369,GTM,USA,7224
1987946,96,231,1485,2011,0.0,33709.0,-1.079231,-1.0280989999999999,GUY,USA,7224
1987947,97,231,1485,2011,6662.0,244308.0,0.663588,1.902118,HKG,USA,7224
1987948,99,231,1485,2011,0.0,45426.0,-0.740241,-0.311952,HND,USA,7224
1987949,103,231,1485,2011,0.0,85267.0,-0.234125,1.168384,IDN,USA,7224
1987950,104,231,1485,2011,1364629.0,1882373.0,0.18276199999999998,2.398765,IND,USA,7224
1987951,106,231,1485,2011,0.0,145964.0,1.403182,0.290245,IRL,USA,7224
1987952,110,231,1485,2011,0.0,136957.0,1.324384,0.714611,ISR,USA,7224
1987953,111,231,1485,2011,30415798.0,733008.0,1.298751,0.48013599999999995,ITA,USA,7224
1987954,112,231,1485,2011,0.0,70683.0,-0.162212,-0.621817,JAM,USA,7224
1987955,113,231,1485,2011,0.0,92475.0,0.231605,0.47049399999999997,JOR,USA,7224
1987956,114,231,1485,2011,904321.0,3541466.0,2.516395,-0.534301,JPN,USA,7224
1987957,120,231,1485,2011,0.0,2165.0,1.056175,-0.19398800000000002,KNA,USA,7224
1987958,121,231,1485,2011,287341.0,25589315.0,1.731371,0.8306879999999999,KOR,USA,7224
1987959,122,231,1485,2011,0.0,301087.0,-0.898582,-1.09893,KWT,USA,7224
1987960,125,231,1485,2011,0.0,156870.0,-0.318463,-0.9367489999999999,LBR,USA,7224
1987961,127,231,1485,2011,0.0,15042.0,0.639295,-0.17407999999999998,LCA,USA,7224
1987962,128,231,1485,2011,0.0,218925.0,-0.559311,0.398905,LKA,USA,7224
1987963,131,231,1485,2011,0.0,891.0,1.1655739999999999,1.222379,LUX,USA,7224
1987964,134,231,1485,2011,0.0,10842.0,-0.485404,0.099828,MAR,USA,7224
1987965,138,231,1485,2011,70062815.0,56537766.0,0.9534600000000001,0.706982,MEX,USA,7224
1987966,153,231,1485,2011,1616.0,183375.0,0.9893290000000001,0.632079,MYS,USA,7224
1987967,156,231,1485,2011,0.0,226579.0,-0.976349,-0.798691,NCL,USA,7224
1987968,159,231,1485,2011,0.0,27095.0,-1.699286,-1.15511,NGA,USA,7224
1987969,160,231,1485,2011,0.0,30671.0,-0.9592139999999999,-0.796108,NIC,USA,7224
1987970,162,231,1485,2011,493773.0,254913.0,1.1655229999999999,1.410167,NLD,USA,7224
1987971,163,231,1485,2011,0.0,33189.0,0.8492770000000001,0.050044,NOR,USA,7224
1987972,166,231,1485,2011,0.0,82360.0,0.372732,0.548601,NZL,USA,7224
1987973,168,231,1485,2011,0.0,221881.0,-0.729677,0.6026729999999999,PAK,USA,7224
1987974,169,231,1485,2011,0.0,7475416.0,0.786135,1.061008,PAN,USA,7224
1987975,173,231,1485,2011,0.0,105744.0,-0.455977,0.442543,PER,USA,7224
1987976,174,231,1485,2011,0.0,22782.0,0.364707,0.322626,PHL,USA,7224
1987977,177,231,1485,2011,16832.0,5240526.0,1.133641,1.134203,POL,USA,7224
1987978,179,231,1485,2011,0.0,45846.0,0.558481,2.7056240000000003,PRT,USA,7224
1987979,185,231,1485,2011,0.0,175667.0,0.722,1.296655,ROU,USA,7224
1987980,186,231,1485,2011,668774.0,73692.0,0.47319399999999995,-0.20801599999999998,RUS,USA,7224
1987981,188,231,1485,2011,0.0,16307.0,0.354045,-0.800028,SAU,USA,7224
1987982,192,231,1485,2011,0.0,1672947.0,1.849116,0.52127,SGP,USA,7224
1987983,197,231,1485,2011,0.0,17933.0,-0.09713200000000001,0.20772600000000002,SLV,USA,7224
1987984,206,231,1485,2011,0.0,2253.0,1.262897,0.8230569999999999,SVK,USA,7224
1987985,207,231,1485,2011,1436617.0,0.0,1.642913,0.700222,SVN,USA,7224
1987986,208,231,1485,2011,1396611.0,440876.0,1.857146,0.366159,SWE,USA,7224
1987987,216,231,1485,2011,0.0,284614.0,0.889009,1.503118,THA,USA,7224
1987988,222,231,1485,2011,0.0,229476.0,-0.44228,-1.031793,TTO,USA,7224
1987989,224,231,1485,2011,0.0,9981.0,0.45775,2.4316259999999996,TUR,USA,7224
1987990,227,231,1485,2011,0.0,15242.0,-0.7153,-0.062678,UGA,USA,7224
1987991,228,231,1485,2011,86946.0,0.0,0.6221409999999999,0.765505,UKR,USA,7224
1987992,234,231,1485,2011,0.0,5074.0,0.291718,-0.250897,VCT,USA,7224
1987993,236,231,1485,2011,0.0,542620.0,-0.841147,-1.095636,VEN,USA,7224
1987994,239,231,1485,2011,0.0,7189218.0,-0.184453,1.637207,VNM,USA,7224
1987995,243,231,1485,2011,0.0,1808.0,-1.44127,-1.242875,YEM,USA,7224
1987996,246,231,1485,2011,0.0,304951.0,0.241792,1.353011,ZAF,USA,7224
1987997,247,231,1485,2011,0.0,34138.0,-0.7599,-0.941019,ZMB,USA,7224
1987998,249,231,1485,2011,139605.0,800711.0,1.803234,0.921233,TWN,USA,7224
1987999,32,236,1485,2011,0.0,86833.0,0.27718400000000004,0.5674319999999999,BRA,VEN,7224
1988000,41,236,1485,2011,303972.0,0.0,2.2644029999999997,0.406131,CHE,VEN,7224
1988001,104,236,1485,2011,114812.0,0.0,0.18276199999999998,2.398765,IND,VEN,7224
1988002,111,236,1485,2011,988701.0,0.0,1.298751,0.48013599999999995,ITA,VEN,7224
1988003,231,236,1485,2011,542620.0,0.0,1.6884849999999998,-0.474499,USA,VEN,7224
1988004,231,243,1485,2011,1808.0,0.0,1.6884849999999998,-0.474499,USA,YEM,7224
1988005,2,246,1485,2011,0.0,1815.0,-1.252991,-1.132314,AGO,ZAF,7224
1988006,18,246,1485,2011,2439853.0,0.0,1.221703,1.247961,BEL,ZAF,7224
1988007,37,246,1485,2011,0.0,3993.0,-0.48782600000000004,-1.051639,BWA,ZAF,7224
1988008,42,246,1485,2011,0.0,22986.0,-0.199877,-0.353009,CHL,ZAF,7224
1988009,43,246,1485,2011,3423.0,0.0,1.072299,1.686826,CHN,ZAF,7224
1988010,46,246,1485,2011,0.0,1239.0,-0.722957,-0.965141,COD,ZAF,7224
1988011,47,246,1485,2011,0.0,491.0,-0.979359,-1.084589,COG,ZAF,7224
1988012,59,246,1485,2011,1302339.0,0.0,1.737788,0.14741600000000002,CZE,ZAF,7224
1988013,61,246,1485,2011,1567250.0,0.0,2.074435,-3.440815,DEU,ZAF,7224
1988014,81,246,1485,2011,49029.0,208869.0,1.8048220000000001,0.380141,GBR,ZAF,7224
1988015,100,246,1485,2011,0.0,8135.0,0.868294,0.9424299999999999,HRV,ZAF,7224
1988016,104,246,1485,2011,0.0,20481.0,0.18276199999999998,2.398765,IND,ZAF,7224
1988017,111,246,1485,2011,575338.0,0.0,1.298751,0.48013599999999995,ITA,ZAF,7224
1988018,129,246,1485,2011,0.0,7953.0,-0.868226,-0.764548,LSO,ZAF,7224
1988019,147,246,1485,2011,0.0,32345.0,-1.2069299999999998,-0.977785,MOZ,ZAF,7224
1988020,152,246,1485,2011,0.0,23769.0,-1.100291,-0.982559,MWI,ZAF,7224
1988021,155,246,1485,2011,0.0,87159.0,-0.42998400000000003,-0.632233,NAM,ZAF,7224
1988022,209,246,1485,2011,4972.0,104122.0,0.169986,-0.078842,SWZ,ZAF,7224
1988023,224,246,1485,2011,858862.0,0.0,0.45775,2.4316259999999996,TUR,ZAF,7224
1988024,227,246,1485,2011,0.0,91779.0,-0.7153,-0.062678,UGA,ZAF,7224
1988025,231,246,1485,2011,304951.0,0.0,1.6884849999999998,-0.474499,USA,ZAF,7224
1988026,247,246,1485,2011,0.0,11350.0,-0.7599,-0.941019,ZMB,ZAF,7224
1988027,248,246,1485,2011,0.0,10615.0,-0.858662,-0.8632719999999999,ZWE,ZAF,7224
1988028,249,246,1485,2011,113930.0,0.0,1.803234,0.921233,TWN,ZAF,7224
1988029,14,249,1485,2011,0.0,975745.0,-0.138148,0.002999,AUS,TWN,7224
1988030,15,249,1485,2011,1062196.0,0.0,1.687634,-0.229095,AUT,TWN,7224
1988031,18,249,1485,2011,0.0,25519.0,1.221703,1.247961,BEL,TWN,7224
1988032,32,249,1485,2011,1839355.0,3921.0,0.27718400000000004,0.5674319999999999,BRA,TWN,7224
1988033,39,249,1485,2011,17080.0,3720.0,0.754813,1.1967290000000002,CAN,TWN,7224
1988034,41,249,1485,2011,41629.0,7867.0,2.2644029999999997,0.406131,CHE,TWN,7224
1988035,42,249,1485,2011,0.0,17358.0,-0.199877,-0.353009,CHL,TWN,7224
1988036,43,249,1485,2011,16500583.0,797617.0,1.072299,1.686826,CHN,TWN,7224
1988037,61,249,1485,2011,10323220.0,1316.0,2.074435,-3.440815,DEU,TWN,7224
1988038,77,249,1485,2011,376184.0,51860.0,1.532054,0.09339299999999999,FRA,TWN,7224
1988039,81,249,1485,2011,922478.0,266275.0,1.8048220000000001,0.380141,GBR,TWN,7224
1988040,97,249,1485,2011,440641.0,180776.0,0.663588,1.902118,HKG,TWN,7224
1988041,103,249,1485,2011,0.0,115643.0,-0.234125,1.168384,IDN,TWN,7224
1988042,104,249,1485,2011,1300445.0,414903.0,0.18276199999999998,2.398765,IND,TWN,7224
1988043,110,249,1485,2011,0.0,4031.0,1.324384,0.714611,ISR,TWN,7224
1988044,111,249,1485,2011,193276.0,0.0,1.298751,0.48013599999999995,ITA,TWN,7224
1988045,114,249,1485,2011,21207950.0,361780.0,2.516395,-0.534301,JPN,TWN,7224
1988046,118,249,1485,2011,0.0,20619.0,-1.162858,-1.103539,KHM,TWN,7224
1988047,121,249,1485,2011,3091604.0,935924.0,1.731371,0.8306879999999999,KOR,TWN,7224
1988048,128,249,1485,2011,0.0,29459.0,-0.559311,0.398905,LKA,TWN,7224
1988049,153,249,1485,2011,3014765.0,240399.0,0.9893290000000001,0.632079,MYS,TWN,7224
1988050,162,249,1485,2011,0.0,5527.0,1.1655229999999999,1.410167,NLD,TWN,7224
1988051,174,249,1485,2011,0.0,228587.0,0.364707,0.322626,PHL,TWN,7224
1988052,186,249,1485,2011,1615346.0,0.0,0.47319399999999995,-0.20801599999999998,RUS,TWN,7224
1988053,192,249,1485,2011,551143.0,961422.0,1.849116,0.52127,SGP,TWN,7224
1988054,207,249,1485,2011,580189.0,0.0,1.642913,0.700222,SVN,TWN,7224
1988055,208,249,1485,2011,1389287.0,4980.0,1.857146,0.366159,SWE,TWN,7224
1988056,216,249,1485,2011,1183224.0,25661.0,0.889009,1.503118,THA,TWN,7224
1988057,228,249,1485,2011,180863.0,0.0,0.6221409999999999,0.765505,UKR,TWN,7224
1988058,231,249,1485,2011,800711.0,139605.0,1.6884849999999998,-0.474499,USA,TWN,7224
1988059,239,249,1485,2011,85843.0,433203.0,-0.184453,1.637207,VNM,TWN,7224
1988060,246,249,1485,2011,0.0,113930.0,0.241792,1.353011,ZAF,TWN,7224
1988061,72,250,1485,2011,0.0,1716.0,0.9806790000000001,1.110449,EST,ANS,7224
1988062,77,250,1485,2011,0.0,6491.0,1.532054,0.09339299999999999,FRA,ANS,7224
1988063,104,250,1485,2011,0.0,94295.0,0.18276199999999998,2.398765,IND,ANS,7224
1988064,107,250,1485,2011,0.0,489.0,-0.915379,-0.973194,IRN,ANS,7224
1988065,131,250,1485,2011,0.0,653445.0,1.1655739999999999,1.222379,LUX,ANS,7224
1988066,144,250,1485,2011,167084.0,0.0,0.149559,0.024935,MNE,ANS,7224
1988067,177,250,1485,2011,6363.0,0.0,1.133641,1.134203,POL,ANS,7224
1988068,206,250,1485,2011,0.0,2960234.0,1.262897,0.8230569999999999,SVK,ANS,7224
1988069,207,250,1485,2011,0.0,111433.0,1.642913,0.700222,SVN,ANS,7224
1988070,224,250,1485,2011,11015158.0,1265968.0,0.45775,2.4316259999999996,TUR,ANS,7224
1988071,239,250,1485,2011,0.0,16239.0,-0.184453,1.637207,VNM,ANS,7224
1988072,7,2,1485,2011,3255.0,0.0,0.030652,-0.450808,ARE,AGO,7224
1988073,18,2,1485,2011,797.0,0.0,1.221703,1.247961,BEL,AGO,7224
1988074,43,2,1485,2011,3882.0,0.0,1.072299,1.686826,CHN,AGO,7224
1988075,81,2,1485,2011,6177.0,0.0,1.8048220000000001,0.380141,GBR,AGO,7224
1988076,110,2,1485,2011,2110.0,0.0,1.324384,0.714611,ISR,AGO,7224
1988077,163,2,1485,2011,8125.0,0.0,0.8492770000000001,0.050044,NOR,AGO,7224
1988078,179,2,1485,2011,6721.0,0.0,0.558481,2.7056240000000003,PRT,AGO,7224
1988079,192,2,1485,2011,3548.0,0.0,1.849116,0.52127,SGP,AGO,7224
1988080,231,2,1485,2011,14699.0,0.0,1.6884849999999998,-0.474499,USA,AGO,7224
1988081,246,2,1485,2011,1815.0,0.0,0.241792,1.353011,ZAF,AGO,7224
1988082,18,14,1485,2011,794174.0,0.0,1.221703,1.247961,BEL,AUS,7224
1988083,43,14,1485,2011,830846.0,727181.0,1.072299,1.686826,CHN,AUS,7224
1988084,59,14,1485,2011,802291.0,0.0,1.737788,0.14741600000000002,CZE,AUS,7224
1988085,61,14,1485,2011,90076.0,0.0,2.074435,-3.440815,DEU,AUS,7224
1988086,74,14,1485,2011,6683.0,0.0,1.7488830000000002,0.890934,FIN,AUS,7224
1988087,75,14,1485,2011,0.0,27319.0,-0.434356,-0.010863,FJI,AUS,7224
1988088,77,14,1485,2011,10209.0,0.0,1.532054,0.09339299999999999,FRA,AUS,7224
1988089,81,14,1485,2011,39929.0,0.0,1.8048220000000001,0.380141,GBR,AUS,7224
1988090,83,14,1485,2011,0.0,4635.0,-0.8627319999999999,-0.608823,GHA,AUS,7224
1988091,103,14,1485,2011,0.0,889961.0,-0.234125,1.168384,IDN,AUS,7224
1988092,104,14,1485,2011,89463.0,0.0,0.18276199999999998,2.398765,IND,AUS,7224
1988093,111,14,1485,2011,1708204.0,0.0,1.298751,0.48013599999999995,ITA,AUS,7224
1988094,114,14,1485,2011,88805.0,0.0,2.516395,-0.534301,JPN,AUS,7224
1988095,121,14,1485,2011,808495.0,0.0,1.731371,0.8306879999999999,KOR,AUS,7224
1988096,148,14,1485,2011,0.0,24798.0,-1.2593379999999998,-1.1793209999999998,MRT,AUS,7224
1988097,153,14,1485,2011,45101.0,0.0,0.9893290000000001,0.632079,MYS,AUS,7224
1988098,162,14,1485,2011,0.0,130757.0,1.1655229999999999,1.410167,NLD,AUS,7224
1988099,166,14,1485,2011,723147.0,143911.0,0.372732,0.548601,NZL,AUS,7224
1988100,176,14,1485,2011,18985.0,272789.0,-1.1111659999999999,-0.9458610000000001,PNG,AUS,7224
1988101,192,14,1485,2011,56547.0,105858.0,1.849116,0.52127,SGP,AUS,7224
1988102,195,14,1485,2011,0.0,21942.0,-1.401353,-0.931205,SLB,AUS,7224
1988103,208,14,1485,2011,0.0,10473.0,1.857146,0.366159,SWE,AUS,7224
1988104,216,14,1485,2011,0.0,7696.0,0.889009,1.503118,THA,AUS,7224
1988105,231,14,1485,2011,4509142.0,0.0,1.6884849999999998,-0.474499,USA,AUS,7224
1988106,239,14,1485,2011,0.0,14131.0,-0.184453,1.637207,VNM,AUS,7224
1988107,249,14,1485,2011,975745.0,0.0,1.803234,0.921233,TWN,AUS,7224
1988108,43,22,1485,2011,37408.0,0.0,1.072299,1.686826,CHN,BGD,7224
1988109,104,22,1485,2011,30685.0,0.0,0.18276199999999998,2.398765,IND,BGD,7224
1988110,114,22,1485,2011,36510.0,0.0,2.516395,-0.534301,JPN,BGD,7224
1988111,192,22,1485,2011,2139700.0,0.0,1.849116,0.52127,SGP,BGD,7224
1988112,15,26,1485,2011,136785.0,0.0,1.687634,-0.229095,AUT,BIH,7224
1988113,43,26,1485,2011,6920.0,0.0,1.072299,1.686826,CHN,BIH,7224
1988114,61,26,1485,2011,190027.0,0.0,2.074435,-3.440815,DEU,BIH,7224
1988115,77,26,1485,2011,0.0,30068.0,1.532054,0.09339299999999999,FRA,BIH,7224
1988116,100,26,1485,2011,7286.0,0.0,0.868294,0.9424299999999999,HRV,BIH,7224
1988117,111,26,1485,2011,751311.0,0.0,1.298751,0.48013599999999995,ITA,BIH,7224
1988118,144,26,1485,2011,766301.0,0.0,0.149559,0.024935,MNE,BIH,7224
1988119,162,26,1485,2011,0.0,35532.0,1.1655229999999999,1.410167,NLD,BIH,7224
1988120,177,26,1485,2011,0.0,64788.0,1.133641,1.134203,POL,BIH,7224
1988121,201,26,1485,2011,3128.0,54166.0,0.49055699999999997,1.5601399999999999,SRB,BIH,7224
1988122,207,26,1485,2011,49847.0,0.0,1.642913,0.700222,SVN,BIH,7224
1988123,224,26,1485,2011,22086.0,0.0,0.45775,2.4316259999999996,TUR,BIH,7224
1988124,43,28,1485,2011,104977.0,0.0,1.072299,1.686826,CHN,BLR,7224
1988125,59,28,1485,2011,4919.0,0.0,1.737788,0.14741600000000002,CZE,BLR,7224
1988126,61,28,1485,2011,3022.0,4078732.0,2.074435,-3.440815,DEU,BLR,7224
1988127,177,28,1485,2011,58500.0,4825672.0,1.133641,1.134203,POL,BLR,7224
1988128,185,28,1485,2011,0.0,6860793.0,0.722,1.296655,ROU,BLR,7224
1988129,186,28,1485,2011,3395591.0,830044.0,0.47319399999999995,-0.20801599999999998,RUS,BLR,7224
1988130,188,28,1485,2011,0.0,154146.0,0.354045,-0.800028,SAU,BLR,7224
1988131,228,28,1485,2011,579799.0,11378010.0,0.6221409999999999,0.765505,UKR,BLR,7224
1988132,228,58,1485,2011,168186.0,0.0,0.6221409999999999,0.765505,UKR,CYP,7224
1988133,18,68,1485,2011,209086.0,550017.0,1.221703,1.247961,BEL,EGY,7224
1988134,43,68,1485,2011,5893.0,1738.0,1.072299,1.686826,CHN,EGY,7224
1988135,61,68,1485,2011,6500.0,0.0,2.074435,-3.440815,DEU,EGY,7224
1988136,111,68,1485,2011,0.0,16948.0,1.298751,0.48013599999999995,ITA,EGY,7224
1988137,121,68,1485,2011,130627.0,0.0,1.731371,0.8306879999999999,KOR,EGY,7224
1988138,162,68,1485,2011,3659.0,0.0,1.1655229999999999,1.410167,NLD,EGY,7224
1988139,224,68,1485,2011,35639.0,1546224.0,0.45775,2.4316259999999996,TUR,EGY,7224
1988140,43,72,1485,2011,0.0,12969.0,1.072299,1.686826,CHN,EST,7224
1988141,59,72,1485,2011,18958.0,0.0,1.737788,0.14741600000000002,CZE,EST,7224
1988142,61,72,1485,2011,85561.0,0.0,2.074435,-3.440815,DEU,EST,7224
1988143,74,72,1485,2011,15216.0,0.0,1.7488830000000002,0.890934,FIN,EST,7224
1988144,132,72,1485,2011,8273.0,0.0,0.7320939999999999,1.101321,LVA,EST,7224
1988145,177,72,1485,2011,0.0,2954.0,1.133641,1.134203,POL,EST,7224
1988146,228,72,1485,2011,258250.0,10492.0,0.6221409999999999,0.765505,UKR,EST,7224
1988147,232,72,1485,2011,0.0,4182.0,-0.785878,-0.663918,UZB,EST,7224
1988148,250,72,1485,2011,1716.0,0.0,0.475638,-0.160135,ANS,EST,7224
1988149,18,82,1485,2011,8011.0,0.0,1.221703,1.247961,BEL,GEO,7224
1988150,81,82,1485,2011,11016.0,0.0,1.8048220000000001,0.380141,GBR,GEO,7224
1988151,224,82,1485,2011,21818.0,0.0,0.45775,2.4316259999999996,TUR,GEO,7224
1988152,228,82,1485,2011,45586.0,0.0,0.6221409999999999,0.765505,UKR,GEO,7224
1988153,14,83,1485,2011,4635.0,0.0,-0.138148,0.002999,AUS,GHA,7224
1988154,18,83,1485,2011,873.0,0.0,1.221703,1.247961,BEL,GHA,7224
1988155,32,83,1485,2011,4627.0,0.0,0.27718400000000004,0.5674319999999999,BRA,GHA,7224
1988156,104,83,1485,2011,254983.0,0.0,0.18276199999999998,2.398765,IND,GHA,7224
1988157,111,83,1485,2011,5323.0,0.0,1.298751,0.48013599999999995,ITA,GHA,7224
1988158,15,100,1485,2011,65583.0,0.0,1.687634,-0.229095,AUT,HRV,7224
1988159,26,100,1485,2011,0.0,7286.0,0.391425,0.6066600000000001,BIH,HRV,7224
1988160,61,100,1485,2011,6094.0,0.0,2.074435,-3.440815,DEU,HRV,7224
1988161,71,100,1485,2011,50063.0,0.0,0.8677290000000001,2.4618450000000003,ESP,HRV,7224
1988162,111,100,1485,2011,5238.0,568368.0,1.298751,0.48013599999999995,ITA,HRV,7224
1988163,177,100,1485,2011,0.0,72891.0,1.133641,1.134203,POL,HRV,7224
1988164,207,100,1485,2011,9054.0,0.0,1.642913,0.700222,SVN,HRV,7224
1988165,246,100,1485,2011,8135.0,0.0,0.241792,1.353011,ZAF,HRV,7224
1988166,15,102,1485,2011,163610.0,159886.0,1.687634,-0.229095,AUT,HUN,7224
1988167,23,102,1485,2011,0.0,114930.0,0.537967,1.520973,BGR,HUN,7224
1988168,59,102,1485,2011,5924404.0,515270.0,1.737788,0.14741600000000002,CZE,HUN,7224
1988169,61,102,1485,2011,453717.0,347074.0,2.074435,-3.440815,DEU,HUN,7224
1988170,64,102,1485,2011,107105.0,10182.0,1.156026,1.2248299999999999,DNK,HUN,7224
1988171,77,102,1485,2011,0.0,31371.0,1.532054,0.09339299999999999,FRA,HUN,7224
1988172,81,102,1485,2011,1150960.0,0.0,1.8048220000000001,0.380141,GBR,HUN,7224
1988173,90,102,1485,2011,0.0,322735.0,0.138679,1.30044,GRC,HUN,7224
1988174,111,102,1485,2011,4710829.0,314839.0,1.298751,0.48013599999999995,ITA,HUN,7224
1988175,162,102,1485,2011,516501.0,0.0,1.1655229999999999,1.410167,NLD,HUN,7224
1988176,177,102,1485,2011,1193376.0,21652.0,1.133641,1.134203,POL,HUN,7224
1988177,185,102,1485,2011,1406375.0,37535.0,0.722,1.296655,ROU,HUN,7224
1988178,186,102,1485,2011,188308.0,0.0,0.47319399999999995,-0.20801599999999998,RUS,HUN,7224
1988179,201,102,1485,2011,0.0,47772.0,0.49055699999999997,1.5601399999999999,SRB,HUN,7224
1988180,206,102,1485,2011,348119.0,554358.0,1.262897,0.8230569999999999,SVK,HUN,7224
1988181,207,102,1485,2011,311808.0,0.0,1.642913,0.700222,SVN,HUN,7224
1988182,208,102,1485,2011,5864.0,44753.0,1.857146,0.366159,SWE,HUN,7224
1988183,224,102,1485,2011,1645577.0,0.0,0.45775,2.4316259999999996,TUR,HUN,7224
1988184,7,107,1485,2011,22172.0,0.0,0.030652,-0.450808,ARE,IRN,7224
1988185,15,107,1485,2011,5761.0,0.0,1.687634,-0.229095,AUT,IRN,7224
1988186,18,107,1485,2011,0.0,553418.0,1.221703,1.247961,BEL,IRN,7224
1988187,43,107,1485,2011,493977.0,0.0,1.072299,1.686826,CHN,IRN,7224
1988188,59,107,1485,2011,244406.0,0.0,1.737788,0.14741600000000002,CZE,IRN,7224
1988189,61,107,1485,2011,98746.0,0.0,2.074435,-3.440815,DEU,IRN,7224
1988190,104,107,1485,2011,9713.0,18630.0,0.18276199999999998,2.398765,IND,IRN,7224
1988191,115,107,1485,2011,111539.0,0.0,-0.514687,-0.775671,KAZ,IRN,7224
1988192,117,107,1485,2011,10987.0,0.0,-0.323348,0.164469,KGZ,IRN,7224
1988193,162,107,1485,2011,0.0,76808.0,1.1655229999999999,1.410167,NLD,IRN,7224
1988194,207,107,1485,2011,0.0,2210.0,1.642913,0.700222,SVN,IRN,7224
1988195,219,107,1485,2011,0.0,19303.0,-1.549495,-1.202504,TKM,IRN,7224
1988196,224,107,1485,2011,1607346.0,4718492.0,0.45775,2.4316259999999996,TUR,IRN,7224
1988197,250,107,1485,2011,489.0,0.0,0.475638,-0.160135,ANS,IRN,7224
1988198,224,108,1485,2011,194782.0,0.0,0.45775,2.4316259999999996,TUR,IRQ,7224
1988199,104,113,1485,2011,24168.0,0.0,0.18276199999999998,2.398765,IND,JOR,7224
1988200,111,113,1485,2011,32226.0,0.0,1.298751,0.48013599999999995,ITA,JOR,7224
1988201,122,113,1485,2011,10153.0,0.0,-0.898582,-1.09893,KWT,JOR,7224
1988202,124,113,1485,2011,3601.0,0.0,0.278393,1.2962879999999999,LBN,JOR,7224
1988203,188,113,1485,2011,0.0,34976.0,0.354045,-0.800028,SAU,JOR,7224
1988204,224,113,1485,2011,3784.0,0.0,0.45775,2.4316259999999996,TUR,JOR,7224
1988205,231,113,1485,2011,92475.0,0.0,1.6884849999999998,-0.474499,USA,JOR,7224
1988206,43,115,1485,2011,6142.0,0.0,1.072299,1.686826,CHN,KAZ,7224
1988207,104,115,1485,2011,23455.0,0.0,0.18276199999999998,2.398765,IND,KAZ,7224
1988208,107,115,1485,2011,0.0,111539.0,-0.915379,-0.973194,IRN,KAZ,7224
1988209,186,115,1485,2011,1222123.0,27787.0,0.47319399999999995,-0.20801599999999998,RUS,KAZ,7224
1988210,15,116,1485,2011,2050.0,0.0,1.687634,-0.229095,AUT,KEN,7224
1988211,104,116,1485,2011,26420.0,0.0,0.18276199999999998,2.398765,IND,KEN,7224
1988212,226,116,1485,2011,0.0,1826.0,-0.751316,0.286505,TZA,KEN,7224
1988213,227,116,1485,2011,1258.0,0.0,-0.7153,-0.062678,UGA,KEN,7224
1988214,61,117,1485,2011,0.0,129650.0,2.074435,-3.440815,DEU,KGZ,7224
1988215,107,117,1485,2011,0.0,10987.0,-0.915379,-0.973194,IRN,KGZ,7224
1988216,130,117,1485,2011,0.0,32432.0,0.747963,0.9759530000000001,LTU,KGZ,7224
1988217,186,117,1485,2011,7685.0,0.0,0.47319399999999995,-0.20801599999999998,RUS,KGZ,7224
1988218,224,117,1485,2011,14269.0,0.0,0.45775,2.4316259999999996,TUR,KGZ,7224
1988219,249,118,1485,2011,20619.0,0.0,1.803234,0.921233,TWN,KHM,7224
1988220,113,124,1485,2011,0.0,3601.0,0.231605,0.47049399999999997,JOR,LBN,7224
1988221,196,124,1485,2011,0.0,7648.0,-0.35546500000000003,-0.46134899999999995,SLE,LBN,7224
1988222,247,124,1485,2011,0.0,819.0,-0.7599,-0.941019,ZMB,LBN,7224
1988223,104,128,1485,2011,35853.0,0.0,0.18276199999999998,2.398765,IND,LKA,7224
1988224,192,128,1485,2011,32849.0,0.0,1.849116,0.52127,SGP,LKA,7224
1988225,231,128,1485,2011,218925.0,0.0,1.6884849999999998,-0.474499,USA,LKA,7224
1988226,249,128,1485,2011,29459.0,0.0,1.803234,0.921233,TWN,LKA,7224
1988227,59,130,1485,2011,72108.0,36516.0,1.737788,0.14741600000000002,CZE,LTU,7224
1988228,61,130,1485,2011,0.0,27066.0,2.074435,-3.440815,DEU,LTU,7224
1988229,71,130,1485,2011,109953.0,0.0,0.8677290000000001,2.4618450000000003,ESP,LTU,7224
1988230,111,130,1485,2011,2593684.0,0.0,1.298751,0.48013599999999995,ITA,LTU,7224
1988231,117,130,1485,2011,32432.0,0.0,-0.323348,0.164469,KGZ,LTU,7224
1988232,132,130,1485,2011,331987.0,4704.0,0.7320939999999999,1.101321,LVA,LTU,7224
1988233,177,130,1485,2011,144544.0,0.0,1.133641,1.134203,POL,LTU,7224
1988234,186,130,1485,2011,43838.0,0.0,0.47319399999999995,-0.20801599999999998,RUS,LTU,7224
1988235,18,131,1485,2011,9534629.0,1629.0,1.221703,1.247961,BEL,LUX,7224
1988236,61,131,1485,2011,128008.0,0.0,2.074435,-3.440815,DEU,LUX,7224
1988237,77,131,1485,2011,12854472.0,2463.0,1.532054,0.09339299999999999,FRA,LUX,7224
1988238,103,131,1485,2011,0.0,2153.0,-0.234125,1.168384,IDN,LUX,7224
1988239,111,131,1485,2011,0.0,72659.0,1.298751,0.48013599999999995,ITA,LUX,7224
1988240,132,131,1485,2011,0.0,2155.0,0.7320939999999999,1.101321,LVA,LUX,7224
1988241,162,131,1485,2011,139122.0,0.0,1.1655229999999999,1.410167,NLD,LUX,7224
1988242,163,131,1485,2011,0.0,28880.0,0.8492770000000001,0.050044,NOR,LUX,7224
1988243,177,131,1485,2011,6990981.0,0.0,1.133641,1.134203,POL,LUX,7224
1988244,208,131,1485,2011,13932.0,0.0,1.857146,0.366159,SWE,LUX,7224
1988245,231,131,1485,2011,891.0,0.0,1.6884849999999998,-0.474499,USA,LUX,7224
1988246,250,131,1485,2011,653445.0,0.0,0.475638,-0.160135,ANS,LUX,7224
1988247,59,132,1485,2011,0.0,14956.0,1.737788,0.14741600000000002,CZE,LVA,7224
1988248,64,132,1485,2011,0.0,9894.0,1.156026,1.2248299999999999,DNK,LVA,7224
1988249,72,132,1485,2011,0.0,8273.0,0.9806790000000001,1.110449,EST,LVA,7224
1988250,97,132,1485,2011,4554.0,0.0,0.663588,1.902118,HKG,LVA,7224
1988251,130,132,1485,2011,4704.0,331987.0,0.747963,0.9759530000000001,LTU,LVA,7224
1988252,131,132,1485,2011,2155.0,0.0,1.1655739999999999,1.222379,LUX,LVA,7224
1988253,162,132,1485,2011,2195.0,0.0,1.1655229999999999,1.410167,NLD,LVA,7224
1988254,177,132,1485,2011,53270.0,3453.0,1.133641,1.134203,POL,LVA,7224
1988255,186,132,1485,2011,178271.0,0.0,0.47319399999999995,-0.20801599999999998,RUS,LVA,7224
1988256,206,132,1485,2011,0.0,172918.0,1.262897,0.8230569999999999,SVK,LVA,7224
1988257,208,132,1485,2011,504572.0,0.0,1.857146,0.366159,SWE,LVA,7224
1988258,224,135,1485,2011,10143.0,0.0,0.45775,2.4316259999999996,TUR,MDA,7224
1988259,228,135,1485,2011,21259.0,0.0,0.6221409999999999,0.765505,UKR,MDA,7224
1988260,224,140,1485,2011,19116.0,0.0,0.45775,2.4316259999999996,TUR,MKD,7224
1988261,111,142,1485,2011,35134.0,0.0,1.298751,0.48013599999999995,ITA,MLT,7224
1988262,186,142,1485,2011,1367.0,0.0,0.47319399999999995,-0.20801599999999998,RUS,MLT,7224
1988263,192,143,1485,2011,817060.0,0.0,1.849116,0.52127,SGP,MMR,7224
1988264,246,147,1485,2011,32345.0,0.0,0.241792,1.353011,ZAF,MOZ,7224
1988265,2,163,1485,2011,0.0,8125.0,-1.252991,-1.132314,AGO,NOR,7224
1988266,41,163,1485,2011,0.0,3173.0,2.2644029999999997,0.406131,CHE,NOR,7224
1988267,61,163,1485,2011,169473.0,0.0,2.074435,-3.440815,DEU,NOR,7224
1988268,64,163,1485,2011,1233536.0,25730.0,1.156026,1.2248299999999999,DNK,NOR,7224
1988269,71,163,1485,2011,0.0,1440.0,0.8677290000000001,2.4618450000000003,ESP,NOR,7224
1988270,74,163,1485,2011,15725.0,0.0,1.7488830000000002,0.890934,FIN,NOR,7224
1988271,77,163,1485,2011,331075.0,0.0,1.532054,0.09339299999999999,FRA,NOR,7224
1988272,81,163,1485,2011,953730.0,17505.0,1.8048220000000001,0.380141,GBR,NOR,7224
1988273,103,163,1485,2011,0.0,12018.0,-0.234125,1.168384,IDN,NOR,7224
1988274,106,163,1485,2011,0.0,1364.0,1.403182,0.290245,IRL,NOR,7224
1988275,109,163,1485,2011,0.0,1830.0,0.284202,-0.23753000000000002,ISL,NOR,7224
1988276,111,163,1485,2011,139124.0,7880.0,1.298751,0.48013599999999995,ITA,NOR,7224
1988277,114,163,1485,2011,0.0,4227.0,2.516395,-0.534301,JPN,NOR,7224
1988278,131,163,1485,2011,28880.0,0.0,1.1655739999999999,1.222379,LUX,NOR,7224
1988279,162,163,1485,2011,11767.0,16375.0,1.1655229999999999,1.410167,NLD,NOR,7224
1988280,177,163,1485,2011,15635.0,35550.0,1.133641,1.134203,POL,NOR,7224
1988281,192,163,1485,2011,6151.0,101369.0,1.849116,0.52127,SGP,NOR,7224
1988282,208,163,1485,2011,436864.0,4499.0,1.857146,0.366159,SWE,NOR,7224
1988283,224,163,1485,2011,131508.0,66561.0,0.45775,2.4316259999999996,TUR,NOR,7224
1988284,231,163,1485,2011,33189.0,0.0,1.6884849999999998,-0.474499,USA,NOR,7224
1988285,239,163,1485,2011,0.0,4170.0,-0.184453,1.637207,VNM,NOR,7224
1988286,7,167,1485,2011,643029.0,0.0,0.030652,-0.450808,ARE,OMN,7224
1988287,43,167,1485,2011,1527.0,0.0,1.072299,1.686826,CHN,OMN,7224
1988288,81,167,1485,2011,3238.0,0.0,1.8048220000000001,0.380141,GBR,OMN,7224
1988289,104,167,1485,2011,25865.0,0.0,0.18276199999999998,2.398765,IND,OMN,7224
1988290,15,186,1485,2011,13791.0,538359.0,1.687634,-0.229095,AUT,RUS,7224
1988291,16,186,1485,2011,0.0,13611076.0,-1.313136,-1.189989,AZE,RUS,7224
1988292,18,186,1485,2011,33480.0,3361194.0,1.221703,1.247961,BEL,RUS,7224
1988293,23,186,1485,2011,0.0,197621.0,0.537967,1.520973,BGR,RUS,7224
1988294,28,186,1485,2011,830044.0,3395591.0,0.8786729999999999,0.442097,BLR,RUS,7224
1988295,43,186,1485,2011,176779.0,9056362.0,1.072299,1.686826,CHN,RUS,7224
1988296,59,186,1485,2011,21681.0,760461.0,1.737788,0.14741600000000002,CZE,RUS,7224
1988297,61,186,1485,2011,51477.0,7001938.0,2.074435,-3.440815,DEU,RUS,7224
1988298,64,186,1485,2011,0.0,38328216.0,1.156026,1.2248299999999999,DNK,RUS,7224
1988299,71,186,1485,2011,0.0,25880.0,0.8677290000000001,2.4618450000000003,ESP,RUS,7224
1988300,74,186,1485,2011,2092.0,91160.0,1.7488830000000002,0.890934,FIN,RUS,7224
1988301,77,186,1485,2011,139412.0,776726.0,1.532054,0.09339299999999999,FRA,RUS,7224
1988302,81,186,1485,2011,150942.0,170437.0,1.8048220000000001,0.380141,GBR,RUS,7224
1988303,102,186,1485,2011,0.0,188308.0,1.486592,0.805642,HUN,RUS,7224
1988304,104,186,1485,2011,0.0,1718306.0,0.18276199999999998,2.398765,IND,RUS,7224
1988305,111,186,1485,2011,237397.0,4834246.0,1.298751,0.48013599999999995,ITA,RUS,7224
1988306,115,186,1485,2011,27787.0,1222123.0,-0.514687,-0.775671,KAZ,RUS,7224
1988307,117,186,1485,2011,0.0,7685.0,-0.323348,0.164469,KGZ,RUS,7224
1988308,121,186,1485,2011,0.0,3502230.0,1.731371,0.8306879999999999,KOR,RUS,7224
1988309,130,186,1485,2011,0.0,43838.0,0.747963,0.9759530000000001,LTU,RUS,7224
1988310,132,186,1485,2011,0.0,178271.0,0.7320939999999999,1.101321,LVA,RUS,7224
1988311,138,186,1485,2011,0.0,2377759.0,0.9534600000000001,0.706982,MEX,RUS,7224
1988312,142,186,1485,2011,0.0,1367.0,1.3001340000000001,0.22605799999999998,MLT,RUS,7224
1988313,162,186,1485,2011,0.0,17391850.0,1.1655229999999999,1.410167,NLD,RUS,7224
1988314,177,186,1485,2011,10812.0,693533.0,1.133641,1.134203,POL,RUS,7224
1988315,185,186,1485,2011,0.0,6533016.0,0.722,1.296655,ROU,RUS,7224
1988316,201,186,1485,2011,0.0,1958.0,0.49055699999999997,1.5601399999999999,SRB,RUS,7224
1988317,206,186,1485,2011,0.0,962769.0,1.262897,0.8230569999999999,SVK,RUS,7224
1988318,208,186,1485,2011,3862.0,56416.0,1.857146,0.366159,SWE,RUS,7224
1988319,224,186,1485,2011,341098.0,16171878.0,0.45775,2.4316259999999996,TUR,RUS,7224
1988320,228,186,1485,2011,6157463.0,42945291.0,0.6221409999999999,0.765505,UKR,RUS,7224
1988321,231,186,1485,2011,73692.0,668774.0,1.6884849999999998,-0.474499,USA,RUS,7224
1988322,232,186,1485,2011,0.0,109161.0,-0.785878,-0.663918,UZB,RUS,7224
1988323,239,186,1485,2011,0.0,14306.0,-0.184453,1.637207,VNM,RUS,7224
1988324,249,186,1485,2011,0.0,1615346.0,1.803234,0.921233,TWN,RUS,7224
1988325,77,191,1485,2011,11451.0,0.0,1.532054,0.09339299999999999,FRA,SEN,7224
1988326,15,201,1485,2011,112238.0,0.0,1.687634,-0.229095,AUT,SRB,7224
1988327,26,201,1485,2011,54166.0,3128.0,0.391425,0.6066600000000001,BIH,SRB,7224
1988328,59,201,1485,2011,9408.0,0.0,1.737788,0.14741600000000002,CZE,SRB,7224
1988329,61,201,1485,2011,16502.0,5152.0,2.074435,-3.440815,DEU,SRB,7224
1988330,71,201,1485,2011,108759.0,0.0,0.8677290000000001,2.4618450000000003,ESP,SRB,7224
1988331,81,201,1485,2011,84639.0,1861.0,1.8048220000000001,0.380141,GBR,SRB,7224
1988332,102,201,1485,2011,47772.0,0.0,1.486592,0.805642,HUN,SRB,7224
1988333,111,201,1485,2011,33330.0,7986.0,1.298751,0.48013599999999995,ITA,SRB,7224
1988334,144,201,1485,2011,943857.0,11743.0,0.149559,0.024935,MNE,SRB,7224
1988335,162,201,1485,2011,30210.0,0.0,1.1655229999999999,1.410167,NLD,SRB,7224
1988336,177,201,1485,2011,12243.0,0.0,1.133641,1.134203,POL,SRB,7224
1988337,186,201,1485,2011,1958.0,0.0,0.47319399999999995,-0.20801599999999998,RUS,SRB,7224
1988338,206,201,1485,2011,50497.0,13904.0,1.262897,0.8230569999999999,SVK,SRB,7224
1988339,207,201,1485,2011,345736.0,0.0,1.642913,0.700222,SVN,SRB,7224
1988340,224,201,1485,2011,2046.0,0.0,0.45775,2.4316259999999996,TUR,SRB,7224
1988341,81,211,1485,2011,3557.0,0.0,1.8048220000000001,0.380141,GBR,SYC,7224
1988342,104,211,1485,2011,3628.0,0.0,0.18276199999999998,2.398765,IND,SYC,7224
1988343,107,219,1485,2011,19303.0,0.0,-0.915379,-0.973194,IRN,TKM,7224
1988344,224,219,1485,2011,132733.0,0.0,0.45775,2.4316259999999996,TUR,TKM,7224
1988345,72,232,1485,2011,4182.0,0.0,0.9806790000000001,1.110449,EST,UZB,7224
1988346,186,232,1485,2011,109161.0,0.0,0.47319399999999995,-0.20801599999999998,RUS,UZB,7224
1988347,224,232,1485,2011,21965.0,0.0,0.45775,2.4316259999999996,TUR,UZB,7224
1988348,14,239,1485,2011,14131.0,0.0,-0.138148,0.002999,AUS,VNM,7224
1988349,15,239,1485,2011,82860.0,0.0,1.687634,-0.229095,AUT,VNM,7224
1988350,18,239,1485,2011,22060.0,0.0,1.221703,1.247961,BEL,VNM,7224
1988351,43,239,1485,2011,363328.0,21078.0,1.072299,1.686826,CHN,VNM,7224
1988352,61,239,1485,2011,7177.0,14476.0,2.074435,-3.440815,DEU,VNM,7224
1988353,77,239,1485,2011,565517.0,0.0,1.532054,0.09339299999999999,FRA,VNM,7224
1988354,81,239,1485,2011,21988.0,0.0,1.8048220000000001,0.380141,GBR,VNM,7224
1988355,97,239,1485,2011,5420.0,0.0,0.663588,1.902118,HKG,VNM,7224
1988356,103,239,1485,2011,0.0,729147.0,-0.234125,1.168384,IDN,VNM,7224
1988357,104,239,1485,2011,16330.0,0.0,0.18276199999999998,2.398765,IND,VNM,7224
1988358,111,239,1485,2011,481649.0,0.0,1.298751,0.48013599999999995,ITA,VNM,7224
1988359,114,239,1485,2011,3671504.0,594333.0,2.516395,-0.534301,JPN,VNM,7224
1988360,121,239,1485,2011,505884.0,0.0,1.731371,0.8306879999999999,KOR,VNM,7224
1988361,153,239,1485,2011,2578.0,0.0,0.9893290000000001,0.632079,MYS,VNM,7224
1988362,163,239,1485,2011,4170.0,0.0,0.8492770000000001,0.050044,NOR,VNM,7224
1988363,186,239,1485,2011,14306.0,0.0,0.47319399999999995,-0.20801599999999998,RUS,VNM,7224
1988364,192,239,1485,2011,274127.0,0.0,1.849116,0.52127,SGP,VNM,7224
1988365,208,239,1485,2011,61970.0,0.0,1.857146,0.366159,SWE,VNM,7224
1988366,231,239,1485,2011,7189218.0,0.0,1.6884849999999998,-0.474499,USA,VNM,7224
1988367,249,239,1485,2011,433203.0,85843.0,1.803234,0.921233,TWN,VNM,7224
1988368,250,239,1485,2011,16239.0,0.0,0.475638,-0.160135,ANS,VNM,7224
1988369,246,248,1485,2011,10615.0,0.0,0.241792,1.353011,ZAF,ZWE,7224
1988370,81,1,1485,2011,1422.0,0.0,1.8048220000000001,0.380141,GBR,AFG,7224
1988371,168,1,1485,2011,0.0,32907.0,-0.729677,0.6026729999999999,PAK,AFG,7224
1988372,231,1,1485,2011,7016.0,0.0,1.6884849999999998,-0.474499,USA,AFG,7224
1988373,231,13,1485,2011,8739.0,0.0,1.6884849999999998,-0.474499,USA,ATG,7224
1988374,77,19,1485,2011,4853.0,0.0,1.532054,0.09339299999999999,FRA,BEN,7224
1988375,61,24,1485,2011,996.0,0.0,2.074435,-3.440815,DEU,BHR,7224
1988376,162,24,1485,2011,16977.0,0.0,1.1655229999999999,1.410167,NLD,BHR,7224
1988377,224,24,1485,2011,1942.0,0.0,0.45775,2.4316259999999996,TUR,BHR,7224
1988378,231,24,1485,2011,445221.0,0.0,1.6884849999999998,-0.474499,USA,BHR,7224
1988379,231,29,1485,2011,3302.0,0.0,1.6884849999999998,-0.474499,USA,BLZ,7224
1988380,32,31,1485,2011,4431.0,0.0,0.27718400000000004,0.5674319999999999,BRA,BOL,7224
1988381,246,37,1485,2011,3993.0,0.0,0.241792,1.353011,ZAF,BWA,7224
1988382,43,45,1485,2011,2198.0,0.0,1.072299,1.686826,CHN,CMR,7224
1988383,77,45,1485,2011,15969.0,0.0,1.532054,0.09339299999999999,FRA,CMR,7224
1988384,18,46,1485,2011,4343.0,0.0,1.221703,1.247961,BEL,COD,7224
1988385,246,46,1485,2011,1239.0,0.0,0.241792,1.353011,ZAF,COD,7224
1988386,77,47,1485,2011,2330.0,0.0,1.532054,0.09339299999999999,FRA,COG,7224
1988387,246,47,1485,2011,491.0,0.0,0.241792,1.353011,ZAF,COG,7224
1988388,39,54,1485,2011,1914996.0,0.0,0.754813,1.1967290000000002,CAN,CUB,7224
1988389,71,54,1485,2011,177512.0,0.0,0.8677290000000001,2.4618450000000003,ESP,CUB,7224
1988390,104,62,1485,2011,13553.0,0.0,0.18276199999999998,2.398765,IND,DJI,7224
1988391,18,66,1485,2011,178382.0,0.0,1.221703,1.247961,BEL,DZA,7224
1988392,43,66,1485,2011,3250.0,0.0,1.072299,1.686826,CHN,DZA,7224
1988393,59,66,1485,2011,13679.0,0.0,1.737788,0.14741600000000002,CZE,DZA,7224
1988394,61,66,1485,2011,201033.0,0.0,2.074435,-3.440815,DEU,DZA,7224
1988395,77,66,1485,2011,99642.0,0.0,1.532054,0.09339299999999999,FRA,DZA,7224
1988396,111,66,1485,2011,1082019.0,0.0,1.298751,0.48013599999999995,ITA,DZA,7224
1988397,224,66,1485,2011,1049685.0,0.0,0.45775,2.4316259999999996,TUR,DZA,7224
1988398,104,73,1485,2011,26050.0,0.0,0.18276199999999998,2.398765,IND,ETH,7224
1988399,111,73,1485,2011,76893.0,0.0,1.298751,0.48013599999999995,ITA,ETH,7224
1988400,224,73,1485,2011,11202.0,0.0,0.45775,2.4316259999999996,TUR,ETH,7224
1988401,77,80,1485,2011,4604.0,0.0,1.532054,0.09339299999999999,FRA,GAB,7224
1988402,43,109,1485,2011,4364.0,0.0,1.072299,1.686826,CHN,ISL,7224
1988403,64,109,1485,2011,38560.0,0.0,1.156026,1.2248299999999999,DNK,ISL,7224
1988404,81,109,1485,2011,0.0,2570.0,1.8048220000000001,0.380141,GBR,ISL,7224
1988405,163,109,1485,2011,1830.0,0.0,0.8492770000000001,0.050044,NOR,ISL,7224
1988406,153,125,1485,2011,37293.0,0.0,0.9893290000000001,0.632079,MYS,LBR,7224
1988407,231,125,1485,2011,156870.0,0.0,1.6884849999999998,-0.474499,USA,LBR,7224
1988408,246,129,1485,2011,7953.0,0.0,0.241792,1.353011,ZAF,LSO,7224
1988409,14,148,1485,2011,24798.0,0.0,-0.138148,0.002999,AUS,MRT,7224
1988410,41,151,1485,2011,2897.0,0.0,2.2644029999999997,0.406131,CHE,MUS,7224
1988411,77,151,1485,2011,27277.0,0.0,1.532054,0.09339299999999999,FRA,MUS,7224
1988412,192,151,1485,2011,3786.0,0.0,1.849116,0.52127,SGP,MUS,7224
1988413,246,155,1485,2011,87159.0,0.0,0.241792,1.353011,ZAF,NAM,7224
1988414,81,159,1485,2011,3598.0,0.0,1.8048220000000001,0.380141,GBR,NGA,7224
1988415,104,159,1485,2011,17583.0,101503.0,0.18276199999999998,2.398765,IND,NGA,7224
1988416,114,159,1485,2011,0.0,307685.0,2.516395,-0.534301,JPN,NGA,7224
1988417,231,159,1485,2011,27095.0,0.0,1.6884849999999998,-0.474499,USA,NGA,7224
1988418,104,164,1485,2011,234709.0,0.0,0.18276199999999998,2.398765,IND,NPL,7224
1988419,14,176,1485,2011,272789.0,18985.0,-0.138148,0.002999,AUS,PNG,7224
1988420,43,176,1485,2011,25500.0,0.0,1.072299,1.686826,CHN,PNG,7224
1988421,75,176,1485,2011,12360.0,0.0,-0.434356,-0.010863,FJI,PNG,7224
1988422,103,176,1485,2011,1328973.0,0.0,-0.234125,1.168384,IDN,PNG,7224
1988423,153,176,1485,2011,8032.0,0.0,0.9893290000000001,0.632079,MYS,PNG,7224
1988424,192,176,1485,2011,125071.0,0.0,1.849116,0.52127,SGP,PNG,7224
1988425,43,178,1485,2011,0.0,2622604.0,1.072299,1.686826,CHN,PRK,7224
1988426,246,209,1485,2011,104122.0,4972.0,0.241792,1.353011,ZAF,SWZ,7224
1988427,224,212,1485,2011,7881.0,0.0,0.45775,2.4316259999999996,TUR,SYR,7224
1988428,77,223,1485,2011,920927.0,0.0,1.532054,0.09339299999999999,FRA,TUN,7224
1988429,81,223,1485,2011,1784.0,0.0,1.8048220000000001,0.380141,GBR,TUN,7224
1988430,111,223,1485,2011,28838.0,0.0,1.298751,0.48013599999999995,ITA,TUN,7224
1988431,32,226,1485,2011,1510.0,0.0,0.27718400000000004,0.5674319999999999,BRA,TZA,7224
1988432,43,226,1485,2011,441894.0,0.0,1.072299,1.686826,CHN,TZA,7224
1988433,104,226,1485,2011,2297.0,0.0,0.18276199999999998,2.398765,IND,TZA,7224
1988434,116,226,1485,2011,1826.0,0.0,-0.48319300000000004,0.346927,KEN,TZA,7224
1988435,7,227,1485,2011,804941.0,0.0,0.030652,-0.450808,ARE,UGA,7224
1988436,104,227,1485,2011,1813.0,0.0,0.18276199999999998,2.398765,IND,UGA,7224
1988437,116,227,1485,2011,0.0,1258.0,-0.48319300000000004,0.346927,KEN,UGA,7224
1988438,224,227,1485,2011,503118.0,0.0,0.45775,2.4316259999999996,TUR,UGA,7224
1988439,231,227,1485,2011,15242.0,0.0,1.6884849999999998,-0.474499,USA,UGA,7224
1988440,246,227,1485,2011,91779.0,0.0,0.241792,1.353011,ZAF,UGA,7224
1988441,111,234,1485,2011,4165.0,0.0,1.298751,0.48013599999999995,ITA,VCT,7224
1988442,231,234,1485,2011,5074.0,0.0,1.6884849999999998,-0.474499,USA,VCT,7224
1988443,43,247,1485,2011,1389.0,0.0,1.072299,1.686826,CHN,ZMB,7224
1988444,124,247,1485,2011,819.0,0.0,0.278393,1.2962879999999999,LBN,ZMB,7224
1988445,231,247,1485,2011,34138.0,0.0,1.6884849999999998,-0.474499,USA,ZMB,7224
1988446,246,247,1485,2011,11350.0,0.0,0.241792,1.353011,ZAF,ZMB,7224
1988447,231,120,1485,2011,2165.0,0.0,1.6884849999999998,-0.474499,USA,KNA,7224
1988448,231,127,1485,2011,15042.0,0.0,1.6884849999999998,-0.474499,USA,LCA,7224
1988449,231,57,1485,2011,111650.0,0.0,1.6884849999999998,-0.474499,USA,CYM,7224
1988450,15,144,1485,2011,0.0,78598.0,1.687634,-0.229095,AUT,MNE,7224
1988451,18,144,1485,2011,0.0,43186.0,1.221703,1.247961,BEL,MNE,7224
1988452,26,144,1485,2011,0.0,766301.0,0.391425,0.6066600000000001,BIH,MNE,7224
1988453,59,144,1485,2011,1612.0,91701.0,1.737788,0.14741600000000002,CZE,MNE,7224
1988454,61,144,1485,2011,0.0,1145343.0,2.074435,-3.440815,DEU,MNE,7224
1988455,81,144,1485,2011,0.0,1401688.0,1.8048220000000001,0.380141,GBR,MNE,7224
1988456,111,144,1485,2011,0.0,586734.0,1.298751,0.48013599999999995,ITA,MNE,7224
1988457,162,144,1485,2011,0.0,824252.0,1.1655229999999999,1.410167,NLD,MNE,7224
1988458,177,144,1485,2011,0.0,37211.0,1.133641,1.134203,POL,MNE,7224
1988459,185,144,1485,2011,0.0,19992.0,0.722,1.296655,ROU,MNE,7224
1988460,201,144,1485,2011,11743.0,943857.0,0.49055699999999997,1.5601399999999999,SRB,MNE,7224
1988461,207,144,1485,2011,0.0,163469.0,1.642913,0.700222,SVN,MNE,7224
1988462,224,144,1485,2011,0.0,308582.0,0.45775,2.4316259999999996,TUR,MNE,7224
1988463,250,144,1485,2011,0.0,167084.0,0.475638,-0.160135,ANS,MNE,7224
1988464,124,196,1485,2011,7648.0,0.0,0.278393,1.2962879999999999,LBN,SLE,7224
1988465,104,152,1485,2011,8541.0,0.0,0.18276199999999998,2.398765,IND,MWI,7224
1988466,246,152,1485,2011,23769.0,0.0,0.241792,1.353011,ZAF,MWI,7224
1988467,231,0,1485,2011,15485.0,0.0,1.6884849999999998,-0.474499,USA,ABW,7224
1988468,192,34,1485,2011,42883.0,0.0,1.849116,0.52127,SGP,BRN,7224
1988469,15,35,1485,2011,545.0,0.0,1.687634,-0.229095,AUT,BTN,7224
1988470,104,35,1485,2011,28231.0,0.0,0.18276199999999998,2.398765,IND,BTN,7224
1988471,14,75,1485,2011,27319.0,0.0,-0.138148,0.002999,AUS,FJI,7224
1988472,121,75,1485,2011,2421.0,0.0,1.731371,0.8306879999999999,KOR,FJI,7224
1988473,166,75,1485,2011,1034.0,0.0,0.372732,0.548601,NZL,FJI,7224
1988474,176,75,1485,2011,0.0,12360.0,-1.1111659999999999,-0.9458610000000001,PNG,FJI,7224
1988475,43,136,1485,2011,2500.0,0.0,1.072299,1.686826,CHN,MDG,7224
1988476,64,137,1485,2011,3077.0,0.0,1.156026,1.2248299999999999,DNK,MDV,7224
1988477,216,137,1485,2011,1697.0,0.0,0.889009,1.503118,THA,MDV,7224
1988478,231,156,1485,2011,226579.0,0.0,1.6884849999999998,-0.474499,USA,NCL,7224
1988479,52,160,1485,2011,13700.0,0.0,0.04325,-0.553193,CRI,NIC,7224
1988480,231,160,1485,2011,30671.0,0.0,1.6884849999999998,-0.474499,USA,NIC,7224
1988481,97,242,1485,2011,7226.0,0.0,0.663588,1.902118,HKG,WSM,7224
1988482,166,242,1485,2011,2758.0,0.0,0.372732,0.548601,NZL,WSM,7224
1988483,65,101,1485,2011,1178.0,0.0,-0.260653,0.5682010000000001,DOM,HTI,7224
1988484,231,30,1485,2011,133995.0,0.0,1.6884849999999998,-0.474499,USA,BMU,7224
1988485,231,79,1485,2011,14613.0,0.0,1.6884849999999998,-0.474499,USA,FSM,7224
1988486,81,95,1485,2011,12923.0,0.0,1.8048220000000001,0.380141,GBR,GUM,7224
1988487,14,195,1485,2011,21942.0,0.0,-0.138148,0.002999,AUS,SLB,7224
1988488,2,7,1491,2011,0.0,13453.0,-1.252991,-1.132314,AGO,ARE,7301
1988489,15,7,1491,2011,0.0,208600.0,1.687634,-0.229095,AUT,ARE,7301
1988490,18,7,1491,2011,349354.0,678570.0,1.221703,1.247961,BEL,ARE,7301
1988491,24,7,1491,2011,190584.0,3196891.0,0.04085,-0.873711,BHR,ARE,7301
1988492,43,7,1491,2011,469636.0,0.0,1.072299,1.686826,CHN,ARE,7301
1988493,61,7,1491,2011,2211934.0,0.0,2.074435,-3.440815,DEU,ARE,7301
1988494,68,7,1491,2011,0.0,18343.0,-0.166243,1.384719,EGY,ARE,7301
1988495,81,7,1491,2011,971497.0,0.0,1.8048220000000001,0.380141,GBR,ARE,7301
1988496,104,7,1491,2011,605285.0,59537.0,0.18276199999999998,2.398765,IND,ARE,7301
1988497,107,7,1491,2011,0.0,1087090.0,-0.915379,-0.973194,IRN,ARE,7301
1988498,111,7,1491,2011,115433.0,0.0,1.298751,0.48013599999999995,ITA,ARE,7301
1988499,113,7,1491,2011,0.0,53874.0,0.231605,0.47049399999999997,JOR,ARE,7301
1988500,114,7,1491,2011,2077663.0,0.0,2.516395,-0.534301,JPN,ARE,7301
1988501,121,7,1491,2011,15668310.0,0.0,1.731371,0.8306879999999999,KOR,ARE,7301
1988502,122,7,1491,2011,24434.0,117430.0,-0.898582,-1.09893,KWT,ARE,7301
1988503,124,7,1491,2011,17282.0,5766.0,0.278393,1.2962879999999999,LBN,ARE,7301
1988504,131,7,1491,2011,16447907.0,0.0,1.1655739999999999,1.222379,LUX,ARE,7301
1988505,151,7,1491,2011,0.0,23408.0,-0.09464600000000001,0.091177,MUS,ARE,7301
1988506,159,7,1491,2011,1242.0,163409.0,-1.699286,-1.15511,NGA,ARE,7301
1988507,162,7,1491,2011,42486.0,0.0,1.1655229999999999,1.410167,NLD,ARE,7301
1988508,167,7,1491,2011,1704499.0,2193976.0,-0.473703,-0.952491,OMN,ARE,7301
1988509,168,7,1491,2011,17644.0,988.0,-0.729677,0.6026729999999999,PAK,ARE,7301
1988510,177,7,1491,2011,192120.0,0.0,1.133641,1.134203,POL,ARE,7301
1988511,185,7,1491,2011,14514.0,0.0,0.722,1.296655,ROU,ARE,7301
1988512,187,7,1491,2011,0.0,30536.0,-0.684475,-0.690734,RWA,ARE,7301
1988513,188,7,1491,2011,1135736.0,1666503.0,0.354045,-0.800028,SAU,ARE,7301
1988514,190,7,1491,2011,0.0,41544.0,-2.1675869999999997,-1.249272,SDN,ARE,7301
1988515,192,7,1491,2011,0.0,596878.0,1.849116,0.52127,SGP,ARE,7301
1988516,208,7,1491,2011,22489.0,0.0,1.857146,0.366159,SWE,ARE,7301
1988517,211,7,1491,2011,0.0,1887.0,0.287017,-0.5136850000000001,SYC,ARE,7301
1988518,216,7,1491,2011,2620.0,0.0,0.889009,1.503118,THA,ARE,7301
1988519,224,7,1491,2011,45087.0,0.0,0.45775,2.4316259999999996,TUR,ARE,7301
1988520,226,7,1491,2011,0.0,157747.0,-0.751316,0.286505,TZA,ARE,7301
1988521,227,7,1491,2011,0.0,6861.0,-0.7153,-0.062678,UGA,ARE,7301
1988522,231,7,1491,2011,284149.0,0.0,1.6884849999999998,-0.474499,USA,ARE,7301
1988523,243,7,1491,2011,0.0,108398.0,-1.44127,-1.242875,YEM,ARE,7301
1988524,246,7,1491,2011,4307.0,0.0,0.241792,1.353011,ZAF,ARE,7301
1988525,249,7,1491,2011,213825.0,0.0,1.803234,0.921233,TWN,ARE,7301
1988526,32,8,1491,2011,44526.0,0.0,0.27718400000000004,0.5674319999999999,BRA,ARG,7301
1988527,43,8,1491,2011,155356.0,0.0,1.072299,1.686826,CHN,ARG,7301
1988528,61,8,1491,2011,243020.0,0.0,2.074435,-3.440815,DEU,ARG,7301
1988529,71,8,1491,2011,15744.0,0.0,0.8677290000000001,2.4618450000000003,ESP,ARG,7301
1988530,81,8,1491,2011,7174.0,1031.0,1.8048220000000001,0.380141,GBR,ARG,7301
1988531,104,8,1491,2011,7338.0,0.0,0.18276199999999998,2.398765,IND,ARG,7301
1988532,111,8,1491,2011,61718.0,0.0,1.298751,0.48013599999999995,ITA,ARG,7301
1988533,131,8,1491,2011,3499806.0,0.0,1.1655739999999999,1.222379,LUX,ARG,7301
1988534,169,8,1491,2011,0.0,16322.0,0.786135,1.061008,PAN,ARG,7301
1988535,177,8,1491,2011,12939.0,0.0,1.133641,1.134203,POL,ARG,7301
1988536,180,8,1491,2011,0.0,183374.0,-0.548759,-0.877743,PRY,ARG,7301
1988537,216,8,1491,2011,1715.0,0.0,0.889009,1.503118,THA,ARG,7301
1988538,230,8,1491,2011,0.0,101499.0,0.313195,0.042866,URY,ARG,7301
1988539,231,8,1491,2011,125024.0,0.0,1.6884849999999998,-0.474499,USA,ARG,7301
1988540,7,15,1491,2011,208600.0,0.0,0.030652,-0.450808,ARE,AUT,7301
1988541,18,15,1491,2011,1079.0,20093.0,1.221703,1.247961,BEL,AUT,7301
1988542,23,15,1491,2011,581090.0,8044.0,0.537967,1.520973,BGR,AUT,7301
1988543,26,15,1491,2011,0.0,11318.0,0.391425,0.6066600000000001,BIH,AUT,7301
1988544,32,15,1491,2011,0.0,10324.0,0.27718400000000004,0.5674319999999999,BRA,AUT,7301
1988545,35,15,1491,2011,0.0,7387.0,-0.022021000000000002,-0.5282439999999999,BTN,AUT,7301
1988546,41,15,1491,2011,1082253.0,774318.0,2.2644029999999997,0.406131,CHE,AUT,7301
1988547,43,15,1491,2011,117640.0,83348.0,1.072299,1.686826,CHN,AUT,7301
1988548,59,15,1491,2011,1748234.0,77214.0,1.737788,0.14741600000000002,CZE,AUT,7301
1988549,61,15,1491,2011,3919281.0,4042215.0,2.074435,-3.440815,DEU,AUT,7301
1988550,64,15,1491,2011,0.0,8858.0,1.156026,1.2248299999999999,DNK,AUT,7301
1988551,71,15,1491,2011,1157099.0,0.0,0.8677290000000001,2.4618450000000003,ESP,AUT,7301
1988552,74,15,1491,2011,0.0,2766.0,1.7488830000000002,0.890934,FIN,AUT,7301
1988553,77,15,1491,2011,270854.0,149722.0,1.532054,0.09339299999999999,FRA,AUT,7301
1988554,81,15,1491,2011,245879.0,100645.0,1.8048220000000001,0.380141,GBR,AUT,7301
1988555,100,15,1491,2011,65555.0,186636.0,0.868294,0.9424299999999999,HRV,AUT,7301
1988556,102,15,1491,2011,15234.0,37740.0,1.486592,0.805642,HUN,AUT,7301
1988557,104,15,1491,2011,19935.0,98164.0,0.18276199999999998,2.398765,IND,AUT,7301
1988558,111,15,1491,2011,3121137.0,10855.0,1.298751,0.48013599999999995,ITA,AUT,7301
1988559,130,15,1491,2011,125196.0,105876.0,0.747963,0.9759530000000001,LTU,AUT,7301
1988560,131,15,1491,2011,6795214.0,149515.0,1.1655739999999999,1.222379,LUX,AUT,7301
1988561,138,15,1491,2011,0.0,1299.0,0.9534600000000001,0.706982,MEX,AUT,7301
1988562,156,15,1491,2011,22759.0,0.0,-0.976349,-0.798691,NCL,AUT,7301
1988563,162,15,1491,2011,1114168.0,1144627.0,1.1655229999999999,1.410167,NLD,AUT,7301
1988564,163,15,1491,2011,0.0,18170.0,0.8492770000000001,0.050044,NOR,AUT,7301
1988565,167,15,1491,2011,0.0,8936.0,-0.473703,-0.952491,OMN,AUT,7301
1988566,177,15,1491,2011,1185121.0,722973.0,1.133641,1.134203,POL,AUT,7301
1988567,185,15,1491,2011,0.0,46965.0,0.722,1.296655,ROU,AUT,7301
1988568,186,15,1491,2011,0.0,110009.0,0.47319399999999995,-0.20801599999999998,RUS,AUT,7301
1988569,188,15,1491,2011,0.0,24901.0,0.354045,-0.800028,SAU,AUT,7301
1988570,192,15,1491,2011,0.0,22881.0,1.849116,0.52127,SGP,AUT,7301
1988571,201,15,1491,2011,0.0,295385.0,0.49055699999999997,1.5601399999999999,SRB,AUT,7301
1988572,206,15,1491,2011,101004.0,50806.0,1.262897,0.8230569999999999,SVK,AUT,7301
1988573,207,15,1491,2011,219340.0,4562.0,1.642913,0.700222,SVN,AUT,7301
1988574,208,15,1491,2011,0.0,22639.0,1.857146,0.366159,SWE,AUT,7301
1988575,224,15,1491,2011,1654.0,0.0,0.45775,2.4316259999999996,TUR,AUT,7301
1988576,228,15,1491,2011,0.0,991.0,0.6221409999999999,0.765505,UKR,AUT,7301
1988577,231,15,1491,2011,36743.0,36345.0,1.6884849999999998,-0.474499,USA,AUT,7301
1988578,246,15,1491,2011,0.0,2604110.0,0.241792,1.353011,ZAF,AUT,7301
1988579,43,16,1491,2011,14252.0,0.0,1.072299,1.686826,CHN,AZE,7301
1988580,59,16,1491,2011,61233.0,0.0,1.737788,0.14741600000000002,CZE,AZE,7301
1988581,61,16,1491,2011,23766.0,0.0,2.074435,-3.440815,DEU,AZE,7301
1988582,81,16,1491,2011,3827.0,0.0,1.8048220000000001,0.380141,GBR,AZE,7301
1988583,82,16,1491,2011,0.0,3390.0,-0.07754,-0.35434699999999997,GEO,AZE,7301
1988584,107,16,1491,2011,9687.0,0.0,-0.915379,-0.973194,IRN,AZE,7301
1988585,131,16,1491,2011,19179674.0,0.0,1.1655739999999999,1.222379,LUX,AZE,7301
1988586,185,16,1491,2011,28228.0,0.0,0.722,1.296655,ROU,AZE,7301
1988587,186,16,1491,2011,221405.0,992624.0,0.47319399999999995,-0.20801599999999998,RUS,AZE,7301
1988588,224,16,1491,2011,333846.0,0.0,0.45775,2.4316259999999996,TUR,AZE,7301
1988589,231,16,1491,2011,5991.0,0.0,1.6884849999999998,-0.474499,USA,AZE,7301
1988590,2,18,1491,2011,0.0,255236.0,-1.252991,-1.132314,AGO,BEL,7301
1988591,7,18,1491,2011,678570.0,349354.0,0.030652,-0.450808,ARE,BEL,7301
1988592,14,18,1491,2011,0.0,354236.0,-0.138148,0.002999,AUS,BEL,7301
1988593,15,18,1491,2011,20093.0,1079.0,1.687634,-0.229095,AUT,BEL,7301
1988594,17,18,1491,2011,0.0,4194.0,-0.8287049999999999,-0.774558,BDI,BEL,7301
1988595,23,18,1491,2011,0.0,89706.0,0.537967,1.520973,BGR,BEL,7301
1988596,32,18,1491,2011,0.0,122495.0,0.27718400000000004,0.5674319999999999,BRA,BEL,7301
1988597,39,18,1491,2011,0.0,633677.0,0.754813,1.1967290000000002,CAN,BEL,7301
1988598,41,18,1491,2011,306613.0,187613.0,2.2644029999999997,0.406131,CHE,BEL,7301
1988599,42,18,1491,2011,0.0,132725.0,-0.199877,-0.353009,CHL,BEL,7301
1988600,43,18,1491,2011,5029890.0,17831.0,1.072299,1.686826,CHN,BEL,7301
1988601,45,18,1491,2011,0.0,53004.0,-0.7956340000000001,-0.8532790000000001,CMR,BEL,7301
1988602,46,18,1491,2011,0.0,283290.0,-0.722957,-0.965141,COD,BEL,7301
1988603,47,18,1491,2011,0.0,312549.0,-0.979359,-1.084589,COG,BEL,7301
1988604,61,18,1491,2011,2246414.0,634847.0,2.074435,-3.440815,DEU,BEL,7301
1988605,64,18,1491,2011,0.0,12978.0,1.156026,1.2248299999999999,DNK,BEL,7301
1988606,68,18,1491,2011,0.0,593092.0,-0.166243,1.384719,EGY,BEL,7301
1988607,71,18,1491,2011,106250.0,65917.0,0.8677290000000001,2.4618450000000003,ESP,BEL,7301
1988608,72,18,1491,2011,0.0,72898.0,0.9806790000000001,1.110449,EST,BEL,7301
1988609,74,18,1491,2011,0.0,183197.0,1.7488830000000002,0.890934,FIN,BEL,7301
1988610,77,18,1491,2011,287928.0,1309217.0,1.532054,0.09339299999999999,FRA,BEL,7301
1988611,81,18,1491,2011,408172.0,68637.0,1.8048220000000001,0.380141,GBR,BEL,7301
1988612,89,18,1491,2011,0.0,271087.0,-1.634315,-0.7567729999999999,GNQ,BEL,7301
1988613,90,18,1491,2011,1171.0,23007.0,0.138679,1.30044,GRC,BEL,7301
1988614,96,18,1491,2011,0.0,21706.0,-1.079231,-1.0280989999999999,GUY,BEL,7301
1988615,97,18,1491,2011,5204.0,0.0,0.663588,1.902118,HKG,BEL,7301
1988616,102,18,1491,2011,0.0,974.0,1.486592,0.805642,HUN,BEL,7301
1988617,103,18,1491,2011,217754.0,0.0,-0.234125,1.168384,IDN,BEL,7301
1988618,104,18,1491,2011,4114.0,8388554.0,0.18276199999999998,2.398765,IND,BEL,7301
1988619,106,18,1491,2011,1014163.0,11375.0,1.403182,0.290245,IRL,BEL,7301
1988620,110,18,1491,2011,0.0,572057.0,1.324384,0.714611,ISR,BEL,7301
1988621,111,18,1491,2011,1079288.0,403583.0,1.298751,0.48013599999999995,ITA,BEL,7301
1988622,121,18,1491,2011,0.0,59596.0,1.731371,0.8306879999999999,KOR,BEL,7301
1988623,130,18,1491,2011,83508.0,162020.0,0.747963,0.9759530000000001,LTU,BEL,7301
1988624,131,18,1491,2011,21281911.0,2571996.0,1.1655739999999999,1.222379,LUX,BEL,7301
1988625,134,18,1491,2011,0.0,247492.0,-0.485404,0.099828,MAR,BEL,7301
1988626,138,18,1491,2011,0.0,493621.0,0.9534600000000001,0.706982,MEX,BEL,7301
1988627,142,18,1491,2011,220073.0,0.0,1.3001340000000001,0.22605799999999998,MLT,BEL,7301
1988628,148,18,1491,2011,0.0,638504.0,-1.2593379999999998,-1.1793209999999998,MRT,BEL,7301
1988629,153,18,1491,2011,0.0,1481959.0,0.9893290000000001,0.632079,MYS,BEL,7301
1988630,159,18,1491,2011,0.0,21637.0,-1.699286,-1.15511,NGA,BEL,7301
1988631,162,18,1491,2011,5453836.0,4773240.0,1.1655229999999999,1.410167,NLD,BEL,7301
1988632,163,18,1491,2011,0.0,2173.0,0.8492770000000001,0.050044,NOR,BEL,7301
1988633,167,18,1491,2011,0.0,216456.0,-0.473703,-0.952491,OMN,BEL,7301
1988634,177,18,1491,2011,104802.0,10998.0,1.133641,1.134203,POL,BEL,7301
1988635,180,18,1491,2011,0.0,33748.0,-0.548759,-0.877743,PRY,BEL,7301
1988636,182,18,1491,2011,0.0,27858.0,0.37798000000000004,-0.460049,PYF,BEL,7301
1988637,185,18,1491,2011,103137.0,46620.0,0.722,1.296655,ROU,BEL,7301
1988638,186,18,1491,2011,0.0,437336.0,0.47319399999999995,-0.20801599999999998,RUS,BEL,7301
1988639,187,18,1491,2011,0.0,20901.0,-0.684475,-0.690734,RWA,BEL,7301
1988640,188,18,1491,2011,536761.0,388130.0,0.354045,-0.800028,SAU,BEL,7301
1988641,190,18,1491,2011,0.0,11626.0,-2.1675869999999997,-1.249272,SDN,BEL,7301
1988642,191,18,1491,2011,0.0,291699.0,-0.624346,-0.308052,SEN,BEL,7301
1988643,192,18,1491,2011,0.0,12173781.0,1.849116,0.52127,SGP,BEL,7301
1988644,205,18,1491,2011,0.0,275190.0,-0.504897,-0.835426,SUR,BEL,7301
1988645,208,18,1491,2011,0.0,8494.0,1.857146,0.366159,SWE,BEL,7301
1988646,215,18,1491,2011,0.0,12050.0,-0.9156030000000001,-0.884099,TGO,BEL,7301
1988647,216,18,1491,2011,23972.0,6987.0,0.889009,1.503118,THA,BEL,7301
1988648,223,18,1491,2011,0.0,167266.0,0.151221,1.1252360000000001,TUN,BEL,7301
1988649,224,18,1491,2011,0.0,10149.0,0.45775,2.4316259999999996,TUR,BEL,7301
1988650,226,18,1491,2011,0.0,87054.0,-0.751316,0.286505,TZA,BEL,7301
1988651,230,18,1491,2011,0.0,364353.0,0.313195,0.042866,URY,BEL,7301
1988652,231,18,1491,2011,403735.0,2697217.0,1.6884849999999998,-0.474499,USA,BEL,7301
1988653,234,18,1491,2011,0.0,4329.0,0.291718,-0.250897,VCT,BEL,7301
1988654,15,23,1491,2011,8044.0,581090.0,1.687634,-0.229095,AUT,BGR,7301
1988655,18,23,1491,2011,89706.0,0.0,1.221703,1.247961,BEL,BGR,7301
1988656,28,23,1491,2011,0.0,1001.0,0.8786729999999999,0.442097,BLR,BGR,7301
1988657,43,23,1491,2011,2883.0,0.0,1.072299,1.686826,CHN,BGR,7301
1988658,59,23,1491,2011,282653.0,631563.0,1.737788,0.14741600000000002,CZE,BGR,7301
1988659,61,23,1491,2011,289857.0,78340.0,2.074435,-3.440815,DEU,BGR,7301
1988660,81,23,1491,2011,6456.0,0.0,1.8048220000000001,0.380141,GBR,BGR,7301
1988661,82,23,1491,2011,0.0,2690.0,-0.07754,-0.35434699999999997,GEO,BGR,7301
1988662,90,23,1491,2011,74820.0,170351.0,0.138679,1.30044,GRC,BGR,7301
1988663,110,23,1491,2011,777.0,0.0,1.324384,0.714611,ISR,BGR,7301
1988664,111,23,1491,2011,0.0,3869.0,1.298751,0.48013599999999995,ITA,BGR,7301
1988665,140,23,1491,2011,0.0,27310.0,-0.12310499999999999,0.16392,MKD,BGR,7301
1988666,144,23,1491,2011,0.0,2594.0,0.149559,0.024935,MNE,BGR,7301
1988667,162,23,1491,2011,6275.0,13327.0,1.1655229999999999,1.410167,NLD,BGR,7301
1988668,185,23,1491,2011,90844.0,797315.0,0.722,1.296655,ROU,BGR,7301
1988669,201,23,1491,2011,0.0,43794.0,0.49055699999999997,1.5601399999999999,SRB,BGR,7301
1988670,206,23,1491,2011,0.0,27463.0,1.262897,0.8230569999999999,SVK,BGR,7301
1988671,208,23,1491,2011,1104.0,0.0,1.857146,0.366159,SWE,BGR,7301
1988672,224,23,1491,2011,28493.0,0.0,0.45775,2.4316259999999996,TUR,BGR,7301
1988673,65,25,1491,2011,1418.0,0.0,-0.260653,0.5682010000000001,DOM,BHS,7301
1988674,97,25,1491,2011,702.0,0.0,0.663588,1.902118,HKG,BHS,7301
1988675,114,25,1491,2011,17426.0,0.0,2.516395,-0.534301,JPN,BHS,7301
1988676,231,25,1491,2011,1258803.0,50313.0,1.6884849999999998,-0.474499,USA,BHS,7301
1988677,2,32,1491,2011,0.0,7102.0,-1.252991,-1.132314,AGO,BRA,7301
1988678,8,32,1491,2011,0.0,44526.0,0.240494,0.540376,ARG,BRA,7301
1988679,15,32,1491,2011,10324.0,0.0,1.687634,-0.229095,AUT,BRA,7301
1988680,18,32,1491,2011,122495.0,0.0,1.221703,1.247961,BEL,BRA,7301
1988681,31,32,1491,2011,0.0,1965.0,-0.818593,-0.8701770000000001,BOL,BRA,7301
1988682,39,32,1491,2011,6066.0,0.0,0.754813,1.1967290000000002,CAN,BRA,7301
1988683,42,32,1491,2011,0.0,206998.0,-0.199877,-0.353009,CHL,BRA,7301
1988684,43,32,1491,2011,521331.0,0.0,1.072299,1.686826,CHN,BRA,7301
1988685,61,32,1491,2011,1368792.0,0.0,2.074435,-3.440815,DEU,BRA,7301
1988686,65,32,1491,2011,0.0,61198.0,-0.260653,0.5682010000000001,DOM,BRA,7301
1988687,71,32,1491,2011,10416.0,0.0,0.8677290000000001,2.4618450000000003,ESP,BRA,7301
1988688,77,32,1491,2011,4834.0,0.0,1.532054,0.09339299999999999,FRA,BRA,7301
1988689,81,32,1491,2011,49602.0,0.0,1.8048220000000001,0.380141,GBR,BRA,7301
1988690,101,32,1491,2011,0.0,2637.0,-1.263093,-1.086658,HTI,BRA,7301
1988691,104,32,1491,2011,145733.0,10890.0,0.18276199999999998,2.398765,IND,BRA,7301
1988692,111,32,1491,2011,14504.0,0.0,1.298751,0.48013599999999995,ITA,BRA,7301
1988693,121,32,1491,2011,4673.0,13175.0,1.731371,0.8306879999999999,KOR,BRA,7301
1988694,131,32,1491,2011,6908408.0,0.0,1.1655739999999999,1.222379,LUX,BRA,7301
1988695,162,32,1491,2011,45227.0,0.0,1.1655229999999999,1.410167,NLD,BRA,7301
1988696,169,32,1491,2011,0.0,1891.0,0.786135,1.061008,PAN,BRA,7301
1988697,173,32,1491,2011,0.0,20812.0,-0.455977,0.442543,PER,BRA,7301
1988698,177,32,1491,2011,283531.0,0.0,1.133641,1.134203,POL,BRA,7301
1988699,192,32,1491,2011,5733.0,0.0,1.849116,0.52127,SGP,BRA,7301
1988700,208,32,1491,2011,0.0,1006.0,1.857146,0.366159,SWE,BRA,7301
1988701,216,32,1491,2011,980567.0,0.0,0.889009,1.503118,THA,BRA,7301
1988702,231,32,1491,2011,2704068.0,7567.0,1.6884849999999998,-0.474499,USA,BRA,7301
1988703,234,32,1491,2011,0.0,7457.0,0.291718,-0.250897,VCT,BRA,7301
1988704,249,32,1491,2011,1529.0,0.0,1.803234,0.921233,TWN,BRA,7301
1988705,81,33,1491,2011,8801.0,0.0,1.8048220000000001,0.380141,GBR,BRB,7301
1988706,159,33,1491,2011,0.0,39519.0,-1.699286,-1.15511,NGA,BRB,7301
1988707,166,33,1491,2011,89206.0,0.0,0.372732,0.548601,NZL,BRB,7301
1988708,231,33,1491,2011,213646.0,0.0,1.6884849999999998,-0.474499,USA,BRB,7301
1988709,234,33,1491,2011,0.0,2145.0,0.291718,-0.250897,VCT,BRB,7301
1988710,0,39,1491,2011,0.0,9456.0,-0.282585,-0.71273,ABW,CAN,7301
1988711,14,39,1491,2011,0.0,27793.0,-0.138148,0.002999,AUS,CAN,7301
1988712,18,39,1491,2011,633677.0,0.0,1.221703,1.247961,BEL,CAN,7301
1988713,32,39,1491,2011,0.0,6066.0,0.27718400000000004,0.5674319999999999,BRA,CAN,7301
1988714,41,39,1491,2011,133453.0,0.0,2.2644029999999997,0.406131,CHE,CAN,7301
1988715,42,39,1491,2011,0.0,64541.0,-0.199877,-0.353009,CHL,CAN,7301
1988716,43,39,1491,2011,2696285.0,893164.0,1.072299,1.686826,CHN,CAN,7301
1988717,54,39,1491,2011,0.0,1031.0,-0.050093,-0.88759,CUB,CAN,7301
1988718,61,39,1491,2011,1554319.0,13259.0,2.074435,-3.440815,DEU,CAN,7301
1988719,64,39,1491,2011,0.0,1676.0,1.156026,1.2248299999999999,DNK,CAN,7301
1988720,74,39,1491,2011,3260.0,4686.0,1.7488830000000002,0.890934,FIN,CAN,7301
1988721,77,39,1491,2011,727022.0,0.0,1.532054,0.09339299999999999,FRA,CAN,7301
1988722,81,39,1491,2011,117664.0,35051.0,1.8048220000000001,0.380141,GBR,CAN,7301
1988723,85,39,1491,2011,0.0,36712.0,-1.728661,-1.193353,GIN,CAN,7301
1988724,96,39,1491,2011,0.0,10840.0,-1.079231,-1.0280989999999999,GUY,CAN,7301
1988725,97,39,1491,2011,69007.0,0.0,0.663588,1.902118,HKG,CAN,7301
1988726,103,39,1491,2011,915.0,3690.0,-0.234125,1.168384,IDN,CAN,7301
1988727,104,39,1491,2011,24127.0,70287.0,0.18276199999999998,2.398765,IND,CAN,7301
1988728,106,39,1491,2011,0.0,20680.0,1.403182,0.290245,IRL,CAN,7301
1988729,111,39,1491,2011,166471.0,0.0,1.298751,0.48013599999999995,ITA,CAN,7301
1988730,114,39,1491,2011,14835.0,0.0,2.516395,-0.534301,JPN,CAN,7301
1988731,131,39,1491,2011,15787641.0,0.0,1.1655739999999999,1.222379,LUX,CAN,7301
1988732,138,39,1491,2011,21788.0,30384.0,0.9534600000000001,0.706982,MEX,CAN,7301
1988733,145,39,1491,2011,0.0,4666.0,-1.0869389999999999,-1.107693,MNG,CAN,7301
1988734,153,39,1491,2011,0.0,19844.0,0.9893290000000001,0.632079,MYS,CAN,7301
1988735,157,39,1491,2011,0.0,4367.0,-0.85208,-0.731996,NER,CAN,7301
1988736,159,39,1491,2011,0.0,14054.0,-1.699286,-1.15511,NGA,CAN,7301
1988737,162,39,1491,2011,1121.0,0.0,1.1655229999999999,1.410167,NLD,CAN,7301
1988738,163,39,1491,2011,2468.0,400228.0,0.8492770000000001,0.050044,NOR,CAN,7301
1988739,167,39,1491,2011,0.0,30579.0,-0.473703,-0.952491,OMN,CAN,7301
1988740,173,39,1491,2011,0.0,12409.0,-0.455977,0.442543,PER,CAN,7301
1988741,186,39,1491,2011,13541.0,36397.0,0.47319399999999995,-0.20801599999999998,RUS,CAN,7301
1988742,188,39,1491,2011,0.0,3073.0,0.354045,-0.800028,SAU,CAN,7301
1988743,200,39,1491,2011,0.0,6952.0,-1.120206,-1.030257,SPM,CAN,7301
1988744,208,39,1491,2011,14172.0,0.0,1.857146,0.366159,SWE,CAN,7301
1988745,211,39,1491,2011,0.0,2492.0,0.287017,-0.5136850000000001,SYC,CAN,7301
1988746,216,39,1491,2011,2554.0,0.0,0.889009,1.503118,THA,CAN,7301
1988747,224,39,1491,2011,0.0,26644.0,0.45775,2.4316259999999996,TUR,CAN,7301
1988748,228,39,1491,2011,1228.0,14884.0,0.6221409999999999,0.765505,UKR,CAN,7301
1988749,231,39,1491,2011,50086788.0,5130264.0,1.6884849999999998,-0.474499,USA,CAN,7301
1988750,247,39,1491,2011,0.0,796.0,-0.7599,-0.941019,ZMB,CAN,7301
1988751,249,39,1491,2011,40641.0,0.0,1.803234,0.921233,TWN,CAN,7301
1988752,0,41,1491,2011,0.0,1820.0,-0.282585,-0.71273,ABW,CHE,7301
1988753,14,41,1491,2011,0.0,108910.0,-0.138148,0.002999,AUS,CHE,7301
1988754,15,41,1491,2011,774318.0,1082253.0,1.687634,-0.229095,AUT,CHE,7301
1988755,18,41,1491,2011,187613.0,306613.0,1.221703,1.247961,BEL,CHE,7301
1988756,26,41,1491,2011,35510.0,0.0,0.391425,0.6066600000000001,BIH,CHE,7301
1988757,39,41,1491,2011,0.0,133453.0,0.754813,1.1967290000000002,CAN,CHE,7301
1988758,43,41,1491,2011,4952.0,158827.0,1.072299,1.686826,CHN,CHE,7301
1988759,59,41,1491,2011,286113.0,379001.0,1.737788,0.14741600000000002,CZE,CHE,7301
1988760,61,41,1491,2011,7652481.0,11789329.0,2.074435,-3.440815,DEU,CHE,7301
1988761,64,41,1491,2011,2663.0,93915.0,1.156026,1.2248299999999999,DNK,CHE,7301
1988762,71,41,1491,2011,45192.0,1373044.0,0.8677290000000001,2.4618450000000003,ESP,CHE,7301
1988763,72,41,1491,2011,0.0,10071.0,0.9806790000000001,1.110449,EST,CHE,7301
1988764,77,41,1491,2011,1099630.0,608239.0,1.532054,0.09339299999999999,FRA,CHE,7301
1988765,81,41,1491,2011,20711.0,1250050.0,1.8048220000000001,0.380141,GBR,CHE,7301
1988766,96,41,1491,2011,0.0,6393.0,-1.079231,-1.0280989999999999,GUY,CHE,7301
1988767,100,41,1491,2011,0.0,256389.0,0.868294,0.9424299999999999,HRV,CHE,7301
1988768,102,41,1491,2011,4850.0,178577.0,1.486592,0.805642,HUN,CHE,7301
1988769,103,41,1491,2011,0.0,27587.0,-0.234125,1.168384,IDN,CHE,7301
1988770,104,41,1491,2011,1276.0,1763.0,0.18276199999999998,2.398765,IND,CHE,7301
1988771,106,41,1491,2011,0.0,23803.0,1.403182,0.290245,IRL,CHE,7301
1988772,109,41,1491,2011,820.0,0.0,0.284202,-0.23753000000000002,ISL,CHE,7301
1988773,110,41,1491,2011,0.0,88887.0,1.324384,0.714611,ISR,CHE,7301
1988774,111,41,1491,2011,682367.0,1176771.0,1.298751,0.48013599999999995,ITA,CHE,7301
1988775,114,41,1491,2011,0.0,9676.0,2.516395,-0.534301,JPN,CHE,7301
1988776,121,41,1491,2011,0.0,1153085.0,1.731371,0.8306879999999999,KOR,CHE,7301
1988777,124,41,1491,2011,0.0,4885.0,0.278393,1.2962879999999999,LBN,CHE,7301
1988778,131,41,1491,2011,6555804.0,14890.0,1.1655739999999999,1.222379,LUX,CHE,7301
1988779,142,41,1491,2011,0.0,2669.0,1.3001340000000001,0.22605799999999998,MLT,CHE,7301
1988780,153,41,1491,2011,0.0,1486.0,0.9893290000000001,0.632079,MYS,CHE,7301
1988781,162,41,1491,2011,830502.0,549073.0,1.1655229999999999,1.410167,NLD,CHE,7301
1988782,163,41,1491,2011,0.0,5130.0,0.8492770000000001,0.050044,NOR,CHE,7301
1988783,173,41,1491,2011,0.0,30546.0,-0.455977,0.442543,PER,CHE,7301
1988784,177,41,1491,2011,1088982.0,331698.0,1.133641,1.134203,POL,CHE,7301
1988785,185,41,1491,2011,0.0,9010.0,0.722,1.296655,ROU,CHE,7301
1988786,186,41,1491,2011,0.0,31481.0,0.47319399999999995,-0.20801599999999998,RUS,CHE,7301
1988787,188,41,1491,2011,0.0,46082.0,0.354045,-0.800028,SAU,CHE,7301
1988788,201,41,1491,2011,55878.0,10746.0,0.49055699999999997,1.5601399999999999,SRB,CHE,7301
1988789,206,41,1491,2011,1367.0,78606.0,1.262897,0.8230569999999999,SVK,CHE,7301
1988790,207,41,1491,2011,20153.0,0.0,1.642913,0.700222,SVN,CHE,7301
1988791,208,41,1491,2011,1345.0,376234.0,1.857146,0.366159,SWE,CHE,7301
1988792,231,41,1491,2011,339917.0,10441973.0,1.6884849999999998,-0.474499,USA,CHE,7301
1988793,18,42,1491,2011,132725.0,0.0,1.221703,1.247961,BEL,CHL,7301
1988794,32,42,1491,2011,206998.0,0.0,0.27718400000000004,0.5674319999999999,BRA,CHL,7301
1988795,39,42,1491,2011,64541.0,0.0,0.754813,1.1967290000000002,CAN,CHL,7301
1988796,43,42,1491,2011,179151.0,0.0,1.072299,1.686826,CHN,CHL,7301
1988797,61,42,1491,2011,157702.0,0.0,2.074435,-3.440815,DEU,CHL,7301
1988798,71,42,1491,2011,6283.0,0.0,0.8677290000000001,2.4618450000000003,ESP,CHL,7301
1988799,81,42,1491,2011,1282.0,0.0,1.8048220000000001,0.380141,GBR,CHL,7301
1988800,111,42,1491,2011,8984.0,0.0,1.298751,0.48013599999999995,ITA,CHL,7301
1988801,121,42,1491,2011,9898.0,0.0,1.731371,0.8306879999999999,KOR,CHL,7301
1988802,173,42,1491,2011,0.0,548018.0,-0.455977,0.442543,PER,CHL,7301
1988803,231,42,1491,2011,5845429.0,0.0,1.6884849999999998,-0.474499,USA,CHL,7301
1988804,246,42,1491,2011,32922.0,0.0,0.241792,1.353011,ZAF,CHL,7301
1988805,250,42,1491,2011,2621.0,0.0,0.475638,-0.160135,ANS,CHL,7301
1988806,0,43,1491,2011,0.0,10814.0,-0.282585,-0.71273,ABW,CHN,7301
1988807,2,43,1491,2011,0.0,375443.0,-1.252991,-1.132314,AGO,CHN,7301
1988808,4,43,1491,2011,0.0,16577.0,-0.331435,-0.034828,ALB,CHN,7301
1988809,7,43,1491,2011,0.0,469636.0,0.030652,-0.450808,ARE,CHN,7301
1988810,8,43,1491,2011,0.0,155356.0,0.240494,0.540376,ARG,CHN,7301
1988811,14,43,1491,2011,82413.0,10323794.0,-0.138148,0.002999,AUS,CHN,7301
1988812,15,43,1491,2011,83348.0,117640.0,1.687634,-0.229095,AUT,CHN,7301
1988813,16,43,1491,2011,0.0,14252.0,-1.313136,-1.189989,AZE,CHN,7301
1988814,18,43,1491,2011,17831.0,5029890.0,1.221703,1.247961,BEL,CHN,7301
1988815,19,43,1491,2011,0.0,4080.0,-1.189478,-0.8684709999999999,BEN,CHN,7301
1988816,22,43,1491,2011,0.0,694957.0,-1.074416,-0.8276370000000001,BGD,CHN,7301
1988817,23,43,1491,2011,0.0,2883.0,0.537967,1.520973,BGR,CHN,7301
1988818,24,43,1491,2011,0.0,340696.0,0.04085,-0.873711,BHR,CHN,7301
1988819,28,43,1491,2011,0.0,17545.0,0.8786729999999999,0.442097,BLR,CHN,7301
1988820,29,43,1491,2011,0.0,633.0,-0.382684,-0.581376,BLZ,CHN,7301
1988821,32,43,1491,2011,0.0,521331.0,0.27718400000000004,0.5674319999999999,BRA,CHN,7301
1988822,34,43,1491,2011,0.0,43338.0,-0.171775,-0.6656810000000001,BRN,CHN,7301
1988823,35,43,1491,2011,0.0,6087.0,-0.022021000000000002,-0.5282439999999999,BTN,CHN,7301
1988824,37,43,1491,2011,0.0,57136.0,-0.48782600000000004,-1.051639,BWA,CHN,7301
1988825,39,43,1491,2011,893164.0,2696285.0,0.754813,1.1967290000000002,CAN,CHN,7301
1988826,41,43,1491,2011,158827.0,4952.0,2.2644029999999997,0.406131,CHE,CHN,7301
1988827,42,43,1491,2011,0.0,179151.0,-0.199877,-0.353009,CHL,CHN,7301
1988828,45,43,1491,2011,0.0,11743.0,-0.7956340000000001,-0.8532790000000001,CMR,CHN,7301
1988829,46,43,1491,2011,0.0,4855.0,-0.722957,-0.965141,COD,CHN,7301
1988830,47,43,1491,2011,0.0,2388.0,-0.979359,-1.084589,COG,CHN,7301
1988831,49,43,1491,2011,0.0,15726.0,0.14336600000000002,-0.22996,COL,CHN,7301
1988832,50,43,1491,2011,0.0,652.0,0.449788,-0.533709,COM,CHN,7301
1988833,55,43,1491,2011,0.0,5132.0,-0.052038,-0.69103,CUW,CHN,7301
1988834,57,43,1491,2011,0.0,1266.0,0.665662,-0.678581,CYM,CHN,7301
1988835,58,43,1491,2011,0.0,7099.0,0.798165,0.424179,CYP,CHN,7301
1988836,59,43,1491,2011,0.0,89109.0,1.737788,0.14741600000000002,CZE,CHN,7301
1988837,61,43,1491,2011,2462129.0,6780806.0,2.074435,-3.440815,DEU,CHN,7301
1988838,62,43,1491,2011,0.0,1572.0,-0.6224529999999999,-0.7357739999999999,DJI,CHN,7301
1988839,64,43,1491,2011,300157.0,343507.0,1.156026,1.2248299999999999,DNK,CHN,7301
1988840,65,43,1491,2011,0.0,13985.0,-0.260653,0.5682010000000001,DOM,CHN,7301
1988841,66,43,1491,2011,0.0,90759.0,-1.36763,-1.140594,DZA,CHN,7301
1988842,67,43,1491,2011,0.0,23063.0,-0.8250639999999999,-0.839082,ECU,CHN,7301
1988843,68,43,1491,2011,0.0,171538.0,-0.166243,1.384719,EGY,CHN,7301
1988844,71,43,1491,2011,0.0,1272447.0,0.8677290000000001,2.4618450000000003,ESP,CHN,7301
1988845,73,43,1491,2011,0.0,1464679.0,-1.258175,-0.920692,ETH,CHN,7301
1988846,74,43,1491,2011,1834.0,357913.0,1.7488830000000002,0.890934,FIN,CHN,7301
1988847,75,43,1491,2011,0.0,14807.0,-0.434356,-0.010863,FJI,CHN,7301
1988848,77,43,1491,2011,48116.0,3398950.0,1.532054,0.09339299999999999,FRA,CHN,7301
1988849,80,43,1491,2011,0.0,53022.0,-1.093784,-1.0849659999999999,GAB,CHN,7301
1988850,81,43,1491,2011,137865.0,1413865.0,1.8048220000000001,0.380141,GBR,CHN,7301
1988851,83,43,1491,2011,0.0,251148.0,-0.8627319999999999,-0.608823,GHA,CHN,7301
1988852,85,43,1491,2011,0.0,84262.0,-1.728661,-1.193353,GIN,CHN,7301
1988853,89,43,1491,2011,0.0,11619.0,-1.634315,-0.7567729999999999,GNQ,CHN,7301
1988854,90,43,1491,2011,0.0,18461.0,0.138679,1.30044,GRC,CHN,7301
1988855,96,43,1491,2011,0.0,422074.0,-1.079231,-1.0280989999999999,GUY,CHN,7301
1988856,97,43,1491,2011,534593.0,2321897.0,0.663588,1.902118,HKG,CHN,7301
1988857,99,43,1491,2011,0.0,74815.0,-0.740241,-0.311952,HND,CHN,7301
1988858,102,43,1491,2011,0.0,140509.0,1.486592,0.805642,HUN,CHN,7301
1988859,103,43,1491,2011,5575.0,2944554.0,-0.234125,1.168384,IDN,CHN,7301
1988860,104,43,1491,2011,36026.0,9535102.0,0.18276199999999998,2.398765,IND,CHN,7301
1988861,106,43,1491,2011,0.0,275486.0,1.403182,0.290245,IRL,CHN,7301
1988862,107,43,1491,2011,0.0,492614.0,-0.915379,-0.973194,IRN,CHN,7301
1988863,108,43,1491,2011,0.0,1366368.0,-2.175137,-0.726975,IRQ,CHN,7301
1988864,109,43,1491,2011,0.0,45715.0,0.284202,-0.23753000000000002,ISL,CHN,7301
1988865,110,43,1491,2011,0.0,200238.0,1.324384,0.714611,ISR,CHN,7301
1988866,111,43,1491,2011,334556.0,963860.0,1.298751,0.48013599999999995,ITA,CHN,7301
1988867,112,43,1491,2011,0.0,9144.0,-0.162212,-0.621817,JAM,CHN,7301
1988868,113,43,1491,2011,0.0,22020.0,0.231605,0.47049399999999997,JOR,CHN,7301
1988869,114,43,1491,2011,27465581.0,6134536.0,2.516395,-0.534301,JPN,CHN,7301
1988870,115,43,1491,2011,0.0,159478.0,-0.514687,-0.775671,KAZ,CHN,7301
1988871,116,43,1491,2011,0.0,328970.0,-0.48319300000000004,0.346927,KEN,CHN,7301
1988872,117,43,1491,2011,0.0,52577.0,-0.323348,0.164469,KGZ,CHN,7301
1988873,118,43,1491,2011,0.0,53044.0,-1.162858,-1.103539,KHM,CHN,7301
1988874,119,43,1491,2011,0.0,823.0,0.129038,-0.670175,KIR,CHN,7301
1988875,121,43,1491,2011,2694575.0,5683197.0,1.731371,0.8306879999999999,KOR,CHN,7301
1988876,122,43,1491,2011,0.0,867568.0,-0.898582,-1.09893,KWT,CHN,7301
1988877,123,43,1491,2011,0.0,15561.0,-1.135039,-0.929759,LAO,CHN,7301
1988878,124,43,1491,2011,0.0,18214.0,0.278393,1.2962879999999999,LBN,CHN,7301
1988879,125,43,1491,2011,0.0,5472.0,-0.318463,-0.9367489999999999,LBR,CHN,7301
1988880,128,43,1491,2011,0.0,316853.0,-0.559311,0.398905,LKA,CHN,7301
1988881,130,43,1491,2011,0.0,3127.0,0.747963,0.9759530000000001,LTU,CHN,7301
1988882,131,43,1491,2011,7529298.0,0.0,1.1655739999999999,1.222379,LUX,CHN,7301
1988883,132,43,1491,2011,62859.0,38045.0,0.7320939999999999,1.101321,LVA,CHN,7301
1988884,133,43,1491,2011,0.0,20016.0,0.511015,0.560905,MAC,CHN,7301
1988885,138,43,1491,2011,0.0,102132.0,0.9534600000000001,0.706982,MEX,CHN,7301
1988886,141,43,1491,2011,0.0,2729.0,-0.6778109999999999,-0.653211,MLI,CHN,7301
1988887,143,43,1491,2011,0.0,7241833.0,-1.3557190000000001,-0.929934,MMR,CHN,7301
1988888,144,43,1491,2011,0.0,7678.0,0.149559,0.024935,MNE,CHN,7301
1988889,145,43,1491,2011,0.0,123239.0,-1.0869389999999999,-1.107693,MNG,CHN,7301
1988890,148,43,1491,2011,0.0,48707.0,-1.2593379999999998,-1.1793209999999998,MRT,CHN,7301
1988891,151,43,1491,2011,0.0,382669.0,-0.09464600000000001,0.091177,MUS,CHN,7301
1988892,152,43,1491,2011,0.0,29022.0,-1.100291,-0.982559,MWI,CHN,7301
1988893,153,43,1491,2011,303963.0,512941.0,0.9893290000000001,0.632079,MYS,CHN,7301
1988894,155,43,1491,2011,0.0,285997.0,-0.42998400000000003,-0.632233,NAM,CHN,7301
1988895,156,43,1491,2011,0.0,74022.0,-0.976349,-0.798691,NCL,CHN,7301
1988896,157,43,1491,2011,0.0,87448.0,-0.85208,-0.731996,NER,CHN,7301
1988897,159,43,1491,2011,146504.0,2490476.0,-1.699286,-1.15511,NGA,CHN,7301
1988898,162,43,1491,2011,14334.0,8347434.0,1.1655229999999999,1.410167,NLD,CHN,7301
1988899,163,43,1491,2011,0.0,755322.0,0.8492770000000001,0.050044,NOR,CHN,7301
1988900,164,43,1491,2011,0.0,912.0,-0.242299,0.801966,NPL,CHN,7301
1988901,166,43,1491,2011,0.0,1790578.0,0.372732,0.548601,NZL,CHN,7301
1988902,167,43,1491,2011,0.0,16311.0,-0.473703,-0.952491,OMN,CHN,7301
1988903,168,43,1491,2011,0.0,588436.0,-0.729677,0.6026729999999999,PAK,CHN,7301
1988904,169,43,1491,2011,0.0,24398.0,0.786135,1.061008,PAN,CHN,7301
1988905,173,43,1491,2011,0.0,640736.0,-0.455977,0.442543,PER,CHN,7301
1988906,174,43,1491,2011,0.0,215053.0,0.364707,0.322626,PHL,CHN,7301
1988907,176,43,1491,2011,0.0,882127.0,-1.1111659999999999,-0.9458610000000001,PNG,CHN,7301
1988908,177,43,1491,2011,9020.0,1119472.0,1.133641,1.134203,POL,CHN,7301
1988909,178,43,1491,2011,0.0,32229.0,-0.024317,-0.154781,PRK,CHN,7301
1988910,179,43,1491,2011,0.0,8370.0,0.558481,2.7056240000000003,PRT,CHN,7301
1988911,180,43,1491,2011,0.0,54634.0,-0.548759,-0.877743,PRY,CHN,7301
1988912,183,43,1491,2011,0.0,181282.0,-0.45851899999999995,-1.017033,QAT,CHN,7301
1988913,185,43,1491,2011,0.0,14975.0,0.722,1.296655,ROU,CHN,7301
1988914,186,43,1491,2011,1686.0,692346.0,0.47319399999999995,-0.20801599999999998,RUS,CHN,7301
1988915,187,43,1491,2011,0.0,85501.0,-0.684475,-0.690734,RWA,CHN,7301
1988916,188,43,1491,2011,50980.0,2795071.0,0.354045,-0.800028,SAU,CHN,7301
1988917,190,43,1491,2011,0.0,50610.0,-2.1675869999999997,-1.249272,SDN,CHN,7301
1988918,191,43,1491,2011,0.0,42232.0,-0.624346,-0.308052,SEN,CHN,7301
1988919,192,43,1491,2011,271870.0,2855407.0,1.849116,0.52127,SGP,CHN,7301
1988920,195,43,1491,2011,0.0,91472.0,-1.401353,-0.931205,SLB,CHN,7301
1988921,201,43,1491,2011,0.0,20380.0,0.49055699999999997,1.5601399999999999,SRB,CHN,7301
1988922,205,43,1491,2011,0.0,147204.0,-0.504897,-0.835426,SUR,CHN,7301
1988923,206,43,1491,2011,0.0,4150.0,1.262897,0.8230569999999999,SVK,CHN,7301
1988924,207,43,1491,2011,0.0,97706.0,1.642913,0.700222,SVN,CHN,7301
1988925,208,43,1491,2011,133878.0,1836329.0,1.857146,0.366159,SWE,CHN,7301
1988926,211,43,1491,2011,0.0,204383.0,0.287017,-0.5136850000000001,SYC,CHN,7301
1988927,212,43,1491,2011,0.0,27456.0,-0.604133,0.5268970000000001,SYR,CHN,7301
1988928,214,43,1491,2011,0.0,346437.0,-2.368546,-0.814948,TCD,CHN,7301
1988929,215,43,1491,2011,0.0,10356.0,-0.9156030000000001,-0.884099,TGO,CHN,7301
1988930,216,43,1491,2011,381356.0,543873.0,0.889009,1.503118,THA,CHN,7301
1988931,217,43,1491,2011,0.0,11587.0,-0.975877,-1.021684,TJK,CHN,7301
1988932,221,43,1491,2011,0.0,4760.0,-0.14256,-0.589116,TON,CHN,7301
1988933,222,43,1491,2011,0.0,45194.0,-0.44228,-1.031793,TTO,CHN,7301
1988934,224,43,1491,2011,0.0,15435.0,0.45775,2.4316259999999996,TUR,CHN,7301
1988935,226,43,1491,2011,0.0,213171.0,-0.751316,0.286505,TZA,CHN,7301
1988936,227,43,1491,2011,0.0,24007.0,-0.7153,-0.062678,UGA,CHN,7301
1988937,228,43,1491,2011,0.0,9249.0,0.6221409999999999,0.765505,UKR,CHN,7301
1988938,231,43,1491,2011,13930309.0,10623830.0,1.6884849999999998,-0.474499,USA,CHN,7301
1988939,236,43,1491,2011,0.0,88482.0,-0.841147,-1.095636,VEN,CHN,7301
1988940,237,43,1491,2011,0.0,1037.0,0.780217,-0.010428,VGB,CHN,7301
1988941,239,43,1491,2011,0.0,891840.0,-0.184453,1.637207,VNM,CHN,7301
1988942,242,43,1491,2011,0.0,142553.0,0.9658110000000001,0.30804699999999996,WSM,CHN,7301
1988943,243,43,1491,2011,0.0,127154.0,-1.44127,-1.242875,YEM,CHN,7301
1988944,246,43,1491,2011,0.0,91258.0,0.241792,1.353011,ZAF,CHN,7301
1988945,247,43,1491,2011,0.0,89043.0,-0.7599,-0.941019,ZMB,CHN,7301
1988946,248,43,1491,2011,0.0,61923.0,-0.858662,-0.8632719999999999,ZWE,CHN,7301
1988947,249,43,1491,2011,305007.0,90583.0,1.803234,0.921233,TWN,CHN,7301
1988948,43,49,1491,2011,15726.0,0.0,1.072299,1.686826,CHN,COL,7301
1988949,58,49,1491,2011,23346.0,0.0,0.798165,0.424179,CYP,COL,7301
1988950,61,49,1491,2011,12549.0,0.0,2.074435,-3.440815,DEU,COL,7301
1988951,71,49,1491,2011,7356.0,0.0,0.8677290000000001,2.4618450000000003,ESP,COL,7301
1988952,111,49,1491,2011,1216063.0,0.0,1.298751,0.48013599999999995,ITA,COL,7301
1988953,131,49,1491,2011,743937.0,0.0,1.1655739999999999,1.222379,LUX,COL,7301
1988954,153,49,1491,2011,635546.0,0.0,0.9893290000000001,0.632079,MYS,COL,7301
1988955,163,49,1491,2011,5755.0,0.0,0.8492770000000001,0.050044,NOR,COL,7301
1988956,169,49,1491,2011,0.0,10328.0,0.786135,1.061008,PAN,COL,7301
1988957,231,49,1491,2011,766612.0,0.0,1.6884849999999998,-0.474499,USA,COL,7301
1988958,236,49,1491,2011,0.0,758937.0,-0.841147,-1.095636,VEN,COL,7301
1988959,65,52,1491,2011,68637.0,0.0,-0.260653,0.5682010000000001,DOM,CRI,7301
1988960,67,52,1491,2011,6250.0,0.0,-0.8250639999999999,-0.839082,ECU,CRI,7301
1988961,138,52,1491,2011,29365.0,0.0,0.9534600000000001,0.706982,MEX,CRI,7301
1988962,169,52,1491,2011,5821.0,12954.0,0.786135,1.061008,PAN,CRI,7301
1988963,231,52,1491,2011,642342.0,0.0,1.6884849999999998,-0.474499,USA,CRI,7301
1988964,13,55,1491,2011,4789.0,0.0,0.257238,-0.275891,ATG,CUW,7301
1988965,43,55,1491,2011,5132.0,0.0,1.072299,1.686826,CHN,CUW,7301
1988966,162,55,1491,2011,170016.0,0.0,1.1655229999999999,1.410167,NLD,CUW,7301
1988967,15,59,1491,2011,77214.0,1748234.0,1.687634,-0.229095,AUT,CZE,7301
1988968,16,59,1491,2011,0.0,61233.0,-1.313136,-1.189989,AZE,CZE,7301
1988969,23,59,1491,2011,631563.0,282653.0,0.537967,1.520973,BGR,CZE,7301
1988970,26,59,1491,2011,0.0,13088.0,0.391425,0.6066600000000001,BIH,CZE,7301
1988971,28,59,1491,2011,0.0,1560547.0,0.8786729999999999,0.442097,BLR,CZE,7301
1988972,41,59,1491,2011,379001.0,286113.0,2.2644029999999997,0.406131,CHE,CZE,7301
1988973,43,59,1491,2011,89109.0,0.0,1.072299,1.686826,CHN,CZE,7301
1988974,61,59,1491,2011,455606.0,11419269.0,2.074435,-3.440815,DEU,CZE,7301
1988975,64,59,1491,2011,0.0,433496.0,1.156026,1.2248299999999999,DNK,CZE,7301
1988976,66,59,1491,2011,0.0,1512855.0,-1.36763,-1.140594,DZA,CZE,7301
1988977,68,59,1491,2011,0.0,775229.0,-0.166243,1.384719,EGY,CZE,7301
1988978,71,59,1491,2011,0.0,371033.0,0.8677290000000001,2.4618450000000003,ESP,CZE,7301
1988979,72,59,1491,2011,0.0,457138.0,0.9806790000000001,1.110449,EST,CZE,7301
1988980,74,59,1491,2011,0.0,353787.0,1.7488830000000002,0.890934,FIN,CZE,7301
1988981,77,59,1491,2011,0.0,246640.0,1.532054,0.09339299999999999,FRA,CZE,7301
1988982,81,59,1491,2011,55538.0,1725330.0,1.8048220000000001,0.380141,GBR,CZE,7301
1988983,100,59,1491,2011,127576.0,286019.0,0.868294,0.9424299999999999,HRV,CZE,7301
1988984,102,59,1491,2011,0.0,186182.0,1.486592,0.805642,HUN,CZE,7301
1988985,104,59,1491,2011,39073.0,0.0,0.18276199999999998,2.398765,IND,CZE,7301
1988986,111,59,1491,2011,284445.0,430082.0,1.298751,0.48013599999999995,ITA,CZE,7301
1988987,115,59,1491,2011,0.0,5784.0,-0.514687,-0.775671,KAZ,CZE,7301
1988988,121,59,1491,2011,10715.0,0.0,1.731371,0.8306879999999999,KOR,CZE,7301
1988989,130,59,1491,2011,196065.0,866381.0,0.747963,0.9759530000000001,LTU,CZE,7301
1988990,131,59,1491,2011,90293.0,0.0,1.1655739999999999,1.222379,LUX,CZE,7301
1988991,132,59,1491,2011,0.0,29798.0,0.7320939999999999,1.101321,LVA,CZE,7301
1988992,162,59,1491,2011,1118666.0,378944.0,1.1655229999999999,1.410167,NLD,CZE,7301
1988993,163,59,1491,2011,0.0,31233.0,0.8492770000000001,0.050044,NOR,CZE,7301
1988994,168,59,1491,2011,0.0,1086.0,-0.729677,0.6026729999999999,PAK,CZE,7301
1988995,177,59,1491,2011,228726.0,69598674.0,1.133641,1.134203,POL,CZE,7301
1988996,183,59,1491,2011,0.0,46960.0,-0.45851899999999995,-1.017033,QAT,CZE,7301
1988997,185,59,1491,2011,0.0,172877.0,0.722,1.296655,ROU,CZE,7301
1988998,186,59,1491,2011,175382.0,28830208.0,0.47319399999999995,-0.20801599999999998,RUS,CZE,7301
1988999,201,59,1491,2011,0.0,54383.0,0.49055699999999997,1.5601399999999999,SRB,CZE,7301
1989000,206,59,1491,2011,1004078.0,2143979.0,1.262897,0.8230569999999999,SVK,CZE,7301
1989001,207,59,1491,2011,0.0,43167.0,1.642913,0.700222,SVN,CZE,7301
1989002,208,59,1491,2011,5251.0,2037526.0,1.857146,0.366159,SWE,CZE,7301
1989003,219,59,1491,2011,0.0,309501.0,-1.549495,-1.202504,TKM,CZE,7301
1989004,224,59,1491,2011,0.0,168453.0,0.45775,2.4316259999999996,TUR,CZE,7301
1989005,228,59,1491,2011,0.0,978.0,0.6221409999999999,0.765505,UKR,CZE,7301
1989006,231,59,1491,2011,18962.0,2525.0,1.6884849999999998,-0.474499,USA,CZE,7301
1989007,249,59,1491,2011,1162.0,0.0,1.803234,0.921233,TWN,CZE,7301
1989008,250,59,1491,2011,177095.0,0.0,0.475638,-0.160135,ANS,CZE,7301
1989009,4,61,1491,2011,59728.0,74742.0,-0.331435,-0.034828,ALB,DEU,7301
1989010,7,61,1491,2011,0.0,2211934.0,0.030652,-0.450808,ARE,DEU,7301
1989011,8,61,1491,2011,0.0,243020.0,0.240494,0.540376,ARG,DEU,7301
1989012,14,61,1491,2011,0.0,3565.0,-0.138148,0.002999,AUS,DEU,7301
1989013,15,61,1491,2011,4042215.0,3919281.0,1.687634,-0.229095,AUT,DEU,7301
1989014,16,61,1491,2011,0.0,23766.0,-1.313136,-1.189989,AZE,DEU,7301
1989015,18,61,1491,2011,634847.0,2246414.0,1.221703,1.247961,BEL,DEU,7301
1989016,22,61,1491,2011,0.0,921.0,-1.074416,-0.8276370000000001,BGD,DEU,7301
1989017,23,61,1491,2011,78340.0,289857.0,0.537967,1.520973,BGR,DEU,7301
1989018,24,61,1491,2011,0.0,238909.0,0.04085,-0.873711,BHR,DEU,7301
1989019,26,61,1491,2011,0.0,4099.0,0.391425,0.6066600000000001,BIH,DEU,7301
1989020,28,61,1491,2011,0.0,25447.0,0.8786729999999999,0.442097,BLR,DEU,7301
1989021,32,61,1491,2011,0.0,1368792.0,0.27718400000000004,0.5674319999999999,BRA,DEU,7301
1989022,34,61,1491,2011,0.0,266213.0,-0.171775,-0.6656810000000001,BRN,DEU,7301
1989023,39,61,1491,2011,13259.0,1554319.0,0.754813,1.1967290000000002,CAN,DEU,7301
1989024,41,61,1491,2011,11789329.0,7652481.0,2.2644029999999997,0.406131,CHE,DEU,7301
1989025,42,61,1491,2011,0.0,157702.0,-0.199877,-0.353009,CHL,DEU,7301
1989026,43,61,1491,2011,6780806.0,2462129.0,1.072299,1.686826,CHN,DEU,7301
1989027,45,61,1491,2011,0.0,832.0,-0.7956340000000001,-0.8532790000000001,CMR,DEU,7301
1989028,49,61,1491,2011,0.0,12549.0,0.14336600000000002,-0.22996,COL,DEU,7301
1989029,59,61,1491,2011,11419269.0,455606.0,1.737788,0.14741600000000002,CZE,DEU,7301
1989030,64,61,1491,2011,1265975.0,5140645.0,1.156026,1.2248299999999999,DNK,DEU,7301
1989031,65,61,1491,2011,0.0,1143.0,-0.260653,0.5682010000000001,DOM,DEU,7301
1989032,66,61,1491,2011,0.0,4514211.0,-1.36763,-1.140594,DZA,DEU,7301
1989033,68,61,1491,2011,0.0,269848.0,-0.166243,1.384719,EGY,DEU,7301
1989034,71,61,1491,2011,39093.0,483583.0,0.8677290000000001,2.4618450000000003,ESP,DEU,7301
1989035,72,61,1491,2011,2702.0,1060375.0,0.9806790000000001,1.110449,EST,DEU,7301
1989036,73,61,1491,2011,0.0,1758.0,-1.258175,-0.920692,ETH,DEU,7301
1989037,74,61,1491,2011,0.0,2416107.0,1.7488830000000002,0.890934,FIN,DEU,7301
1989038,77,61,1491,2011,1478484.0,553985.0,1.532054,0.09339299999999999,FRA,DEU,7301
1989039,81,61,1491,2011,1029201.0,149100.0,1.8048220000000001,0.380141,GBR,DEU,7301
1989040,83,61,1491,2011,0.0,3968.0,-0.8627319999999999,-0.608823,GHA,DEU,7301
1989041,90,61,1491,2011,7948.0,15332.0,0.138679,1.30044,GRC,DEU,7301
1989042,97,61,1491,2011,0.0,109656.0,0.663588,1.902118,HKG,DEU,7301
1989043,100,61,1491,2011,8628.0,324486.0,0.868294,0.9424299999999999,HRV,DEU,7301
1989044,102,61,1491,2011,789339.0,71508.0,1.486592,0.805642,HUN,DEU,7301
1989045,103,61,1491,2011,1952.0,12107.0,-0.234125,1.168384,IDN,DEU,7301
1989046,104,61,1491,2011,106781.0,1283857.0,0.18276199999999998,2.398765,IND,DEU,7301
1989047,106,61,1491,2011,0.0,90596.0,1.403182,0.290245,IRL,DEU,7301
1989048,109,61,1491,2011,0.0,293157.0,0.284202,-0.23753000000000002,ISL,DEU,7301
1989049,110,61,1491,2011,0.0,11974989.0,1.324384,0.714611,ISR,DEU,7301
1989050,111,61,1491,2011,1964386.0,1741719.0,1.298751,0.48013599999999995,ITA,DEU,7301
1989051,113,61,1491,2011,0.0,9105.0,0.231605,0.47049399999999997,JOR,DEU,7301
1989052,114,61,1491,2011,29642.0,593862.0,2.516395,-0.534301,JPN,DEU,7301
1989053,115,61,1491,2011,0.0,893378.0,-0.514687,-0.775671,KAZ,DEU,7301
1989054,121,61,1491,2011,33269.0,578153.0,1.731371,0.8306879999999999,KOR,DEU,7301
1989055,122,61,1491,2011,0.0,1227.0,-0.898582,-1.09893,KWT,DEU,7301
1989056,124,61,1491,2011,0.0,2241.0,0.278393,1.2962879999999999,LBN,DEU,7301
1989057,130,61,1491,2011,228117.0,3315323.0,0.747963,0.9759530000000001,LTU,DEU,7301
1989058,131,61,1491,2011,51324932.0,5713161.0,1.1655739999999999,1.222379,LUX,DEU,7301
1989059,132,61,1491,2011,95279.0,14114.0,0.7320939999999999,1.101321,LVA,DEU,7301
1989060,134,61,1491,2011,0.0,35522.0,-0.485404,0.099828,MAR,DEU,7301
1989061,138,61,1491,2011,0.0,637821.0,0.9534600000000001,0.706982,MEX,DEU,7301
1989062,140,61,1491,2011,0.0,9207.0,-0.12310499999999999,0.16392,MKD,DEU,7301
1989063,144,61,1491,2011,0.0,92525.0,0.149559,0.024935,MNE,DEU,7301
1989064,153,61,1491,2011,0.0,16269.0,0.9893290000000001,0.632079,MYS,DEU,7301
1989065,159,61,1491,2011,0.0,1619281.0,-1.699286,-1.15511,NGA,DEU,7301
1989066,162,61,1491,2011,14797266.0,6981952.0,1.1655229999999999,1.410167,NLD,DEU,7301
1989067,163,61,1491,2011,6670.0,4013808.0,0.8492770000000001,0.050044,NOR,DEU,7301
1989068,167,61,1491,2011,0.0,505899.0,-0.473703,-0.952491,OMN,DEU,7301
1989069,168,61,1491,2011,0.0,1146.0,-0.729677,0.6026729999999999,PAK,DEU,7301
1989070,169,61,1491,2011,0.0,1274944.0,0.786135,1.061008,PAN,DEU,7301
1989071,174,61,1491,2011,0.0,1257.0,0.364707,0.322626,PHL,DEU,7301
1989072,177,61,1491,2011,18757806.0,2709425.0,1.133641,1.134203,POL,DEU,7301
1989073,179,61,1491,2011,66598.0,78825.0,0.558481,2.7056240000000003,PRT,DEU,7301
1989074,180,61,1491,2011,0.0,204672.0,-0.548759,-0.877743,PRY,DEU,7301
1989075,185,61,1491,2011,684273.0,1282679.0,0.722,1.296655,ROU,DEU,7301
1989076,186,61,1491,2011,1157.0,12950951.0,0.47319399999999995,-0.20801599999999998,RUS,DEU,7301
1989077,188,61,1491,2011,0.0,3864849.0,0.354045,-0.800028,SAU,DEU,7301
1989078,192,61,1491,2011,23952.0,17053.0,1.849116,0.52127,SGP,DEU,7301
1989079,201,61,1491,2011,67009.0,1255890.0,0.49055699999999997,1.5601399999999999,SRB,DEU,7301
1989080,206,61,1491,2011,10968.0,27659.0,1.262897,0.8230569999999999,SVK,DEU,7301
1989081,207,61,1491,2011,325189.0,43218.0,1.642913,0.700222,SVN,DEU,7301
1989082,208,61,1491,2011,416289.0,3299679.0,1.857146,0.366159,SWE,DEU,7301
1989083,216,61,1491,2011,17395.0,122088.0,0.889009,1.503118,THA,DEU,7301
1989084,219,61,1491,2011,0.0,6525210.0,-1.549495,-1.202504,TKM,DEU,7301
1989085,224,61,1491,2011,7880.0,597204.0,0.45775,2.4316259999999996,TUR,DEU,7301
1989086,226,61,1491,2011,0.0,4549.0,-0.751316,0.286505,TZA,DEU,7301
1989087,228,61,1491,2011,0.0,14302364.0,0.6221409999999999,0.765505,UKR,DEU,7301
1989088,230,61,1491,2011,0.0,364284.0,0.313195,0.042866,URY,DEU,7301
1989089,231,61,1491,2011,2594007.0,15634396.0,1.6884849999999998,-0.474499,USA,DEU,7301
1989090,239,61,1491,2011,0.0,1042.0,-0.184453,1.637207,VNM,DEU,7301
1989091,246,61,1491,2011,39349.0,3197775.0,0.241792,1.353011,ZAF,DEU,7301
1989092,249,61,1491,2011,9068.0,28919.0,1.803234,0.921233,TWN,DEU,7301
1989093,15,64,1491,2011,8858.0,0.0,1.687634,-0.229095,AUT,DNK,7301
1989094,18,64,1491,2011,12978.0,0.0,1.221703,1.247961,BEL,DNK,7301
1989095,39,64,1491,2011,1676.0,0.0,0.754813,1.1967290000000002,CAN,DNK,7301
1989096,41,64,1491,2011,93915.0,2663.0,2.2644029999999997,0.406131,CHE,DNK,7301
1989097,43,64,1491,2011,343507.0,300157.0,1.072299,1.686826,CHN,DNK,7301
1989098,59,64,1491,2011,433496.0,0.0,1.737788,0.14741600000000002,CZE,DNK,7301
1989099,61,64,1491,2011,5140645.0,1265975.0,2.074435,-3.440815,DEU,DNK,7301
1989100,71,64,1491,2011,17545.0,29543.0,0.8677290000000001,2.4618450000000003,ESP,DNK,7301
1989101,72,64,1491,2011,222601.0,0.0,0.9806790000000001,1.110449,EST,DNK,7301
1989102,74,64,1491,2011,86093.0,928.0,1.7488830000000002,0.890934,FIN,DNK,7301
1989103,77,64,1491,2011,44884.0,17662.0,1.532054,0.09339299999999999,FRA,DNK,7301
1989104,78,64,1491,2011,0.0,356649.0,-0.733444,-0.8242229999999999,FRO,DNK,7301
1989105,81,64,1491,2011,194499.0,39557.0,1.8048220000000001,0.380141,GBR,DNK,7301
1989106,84,64,1491,2011,0.0,10385.0,0.8442850000000001,-0.435222,GIB,DNK,7301
1989107,92,64,1491,2011,0.0,8625.0,-0.669044,-0.787142,GRL,DNK,7301
1989108,100,64,1491,2011,0.0,826.0,0.868294,0.9424299999999999,HRV,DNK,7301
1989109,102,64,1491,2011,1059945.0,12268.0,1.486592,0.805642,HUN,DNK,7301
1989110,103,64,1491,2011,1422.0,0.0,-0.234125,1.168384,IDN,DNK,7301
1989111,104,64,1491,2011,9378.0,8422.0,0.18276199999999998,2.398765,IND,DNK,7301
1989112,106,64,1491,2011,14740.0,0.0,1.403182,0.290245,IRL,DNK,7301
1989113,109,64,1491,2011,0.0,3606.0,0.284202,-0.23753000000000002,ISL,DNK,7301
1989114,111,64,1491,2011,178218.0,28951.0,1.298751,0.48013599999999995,ITA,DNK,7301
1989115,113,64,1491,2011,0.0,22283.0,0.231605,0.47049399999999997,JOR,DNK,7301
1989116,128,64,1491,2011,0.0,14474.0,-0.559311,0.398905,LKA,DNK,7301
1989117,130,64,1491,2011,109445.0,12156.0,0.747963,0.9759530000000001,LTU,DNK,7301
1989118,131,64,1491,2011,18149788.0,2870.0,1.1655739999999999,1.222379,LUX,DNK,7301
1989119,132,64,1491,2011,5563288.0,3067894.0,0.7320939999999999,1.101321,LVA,DNK,7301
1989120,137,64,1491,2011,0.0,16087.0,-0.937469,-0.87897,MDV,DNK,7301
1989121,162,64,1491,2011,3231323.0,81951.0,1.1655229999999999,1.410167,NLD,DNK,7301
1989122,163,64,1491,2011,104756.0,202397.0,0.8492770000000001,0.050044,NOR,DNK,7301
1989123,166,64,1491,2011,0.0,2681.0,0.372732,0.548601,NZL,DNK,7301
1989124,177,64,1491,2011,4556738.0,625376.0,1.133641,1.134203,POL,DNK,7301
1989125,179,64,1491,2011,1158.0,0.0,0.558481,2.7056240000000003,PRT,DNK,7301
1989126,183,64,1491,2011,0.0,6997.0,-0.45851899999999995,-1.017033,QAT,DNK,7301
1989127,185,64,1491,2011,0.0,13224.0,0.722,1.296655,ROU,DNK,7301
1989128,186,64,1491,2011,0.0,5992.0,0.47319399999999995,-0.20801599999999998,RUS,DNK,7301
1989129,188,64,1491,2011,0.0,30975.0,0.354045,-0.800028,SAU,DNK,7301
1989130,192,64,1491,2011,0.0,4025.0,1.849116,0.52127,SGP,DNK,7301
1989131,206,64,1491,2011,7705.0,40906.0,1.262897,0.8230569999999999,SVK,DNK,7301
1989132,208,64,1491,2011,88888.0,2146633.0,1.857146,0.366159,SWE,DNK,7301
1989133,231,64,1491,2011,414462.0,20055.0,1.6884849999999998,-0.474499,USA,DNK,7301
1989134,13,65,1491,2011,0.0,1936.0,0.257238,-0.275891,ATG,DOM,7301
1989135,25,65,1491,2011,0.0,1418.0,0.320669,-0.531655,BHS,DOM,7301
1989136,32,65,1491,2011,61198.0,0.0,0.27718400000000004,0.5674319999999999,BRA,DOM,7301
1989137,43,65,1491,2011,13985.0,0.0,1.072299,1.686826,CHN,DOM,7301
1989138,52,65,1491,2011,0.0,68637.0,0.04325,-0.553193,CRI,DOM,7301
1989139,61,65,1491,2011,1143.0,0.0,2.074435,-3.440815,DEU,DOM,7301
1989140,63,65,1491,2011,0.0,11656.0,-0.25559699999999996,-0.5345300000000001,DMA,DOM,7301
1989141,91,65,1491,2011,0.0,11330.0,-0.11610999999999999,-0.579971,GRD,DOM,7301
1989142,101,65,1491,2011,0.0,4416.0,-1.263093,-1.086658,HTI,DOM,7301
1989143,112,65,1491,2011,0.0,15363.0,-0.162212,-0.621817,JAM,DOM,7301
1989144,120,65,1491,2011,0.0,1084.0,1.056175,-0.19398800000000002,KNA,DOM,7301
1989145,121,65,1491,2011,38096.0,0.0,1.731371,0.8306879999999999,KOR,DOM,7301
1989146,127,65,1491,2011,0.0,12822.0,0.639295,-0.17407999999999998,LCA,DOM,7301
1989147,138,65,1491,2011,3862.0,0.0,0.9534600000000001,0.706982,MEX,DOM,7301
1989148,205,65,1491,2011,0.0,218279.0,-0.504897,-0.835426,SUR,DOM,7301
1989149,210,65,1491,2011,0.0,12907.0,0.5770390000000001,-0.581371,SXM,DOM,7301
1989150,231,65,1491,2011,3785843.0,323372.0,1.6884849999999998,-0.474499,USA,DOM,7301
1989151,234,65,1491,2011,0.0,2204.0,0.291718,-0.250897,VCT,DOM,7301
1989152,237,65,1491,2011,0.0,4948.0,0.780217,-0.010428,VGB,DOM,7301
1989153,43,67,1491,2011,23063.0,0.0,1.072299,1.686826,CHN,ECU,7301
1989154,52,67,1491,2011,0.0,6250.0,0.04325,-0.553193,CRI,ECU,7301
1989155,71,67,1491,2011,32215.0,0.0,0.8677290000000001,2.4618450000000003,ESP,ECU,7301
1989156,81,67,1491,2011,24869.0,0.0,1.8048220000000001,0.380141,GBR,ECU,7301
1989157,101,67,1491,2011,0.0,1109.0,-1.263093,-1.086658,HTI,ECU,7301
1989158,121,67,1491,2011,1677659.0,0.0,1.731371,0.8306879999999999,KOR,ECU,7301
1989159,231,67,1491,2011,73191.0,0.0,1.6884849999999998,-0.474499,USA,ECU,7301
1989160,4,71,1491,2011,0.0,3054.0,-0.331435,-0.034828,ALB,ESP,7301
1989161,5,71,1491,2011,0.0,21833.0,0.787289,0.484512,AND,ESP,7301
1989162,8,71,1491,2011,0.0,15744.0,0.240494,0.540376,ARG,ESP,7301
1989163,14,71,1491,2011,0.0,80896.0,-0.138148,0.002999,AUS,ESP,7301
1989164,15,71,1491,2011,0.0,1157099.0,1.687634,-0.229095,AUT,ESP,7301
1989165,18,71,1491,2011,65917.0,106250.0,1.221703,1.247961,BEL,ESP,7301
1989166,22,71,1491,2011,0.0,892.0,-1.074416,-0.8276370000000001,BGD,ESP,7301
1989167,24,71,1491,2011,0.0,639747.0,0.04085,-0.873711,BHR,ESP,7301
1989168,32,71,1491,2011,0.0,10416.0,0.27718400000000004,0.5674319999999999,BRA,ESP,7301
1989169,41,71,1491,2011,1373044.0,45192.0,2.2644029999999997,0.406131,CHE,ESP,7301
1989170,42,71,1491,2011,0.0,6283.0,-0.199877,-0.353009,CHL,ESP,7301
1989171,43,71,1491,2011,1272447.0,0.0,1.072299,1.686826,CHN,ESP,7301
1989172,49,71,1491,2011,0.0,7356.0,0.14336600000000002,-0.22996,COL,ESP,7301
1989173,54,71,1491,2011,0.0,204885.0,-0.050093,-0.88759,CUB,ESP,7301
1989174,59,71,1491,2011,371033.0,0.0,1.737788,0.14741600000000002,CZE,ESP,7301
1989175,61,71,1491,2011,483583.0,39093.0,2.074435,-3.440815,DEU,ESP,7301
1989176,64,71,1491,2011,29543.0,17545.0,1.156026,1.2248299999999999,DNK,ESP,7301
1989177,66,71,1491,2011,0.0,101959.0,-1.36763,-1.140594,DZA,ESP,7301
1989178,67,71,1491,2011,0.0,32215.0,-0.8250639999999999,-0.839082,ECU,ESP,7301
1989179,68,71,1491,2011,694349.0,47719.0,-0.166243,1.384719,EGY,ESP,7301
1989180,72,71,1491,2011,0.0,137241.0,0.9806790000000001,1.110449,EST,ESP,7301
1989181,74,71,1491,2011,14279.0,1723.0,1.7488830000000002,0.890934,FIN,ESP,7301
1989182,77,71,1491,2011,2503.0,5790149.0,1.532054,0.09339299999999999,FRA,ESP,7301
1989183,81,71,1491,2011,310720.0,183476.0,1.8048220000000001,0.380141,GBR,ESP,7301
1989184,82,71,1491,2011,0.0,1093921.0,-0.07754,-0.35434699999999997,GEO,ESP,7301
1989185,84,71,1491,2011,0.0,10022.0,0.8442850000000001,-0.435222,GIB,ESP,7301
1989186,90,71,1491,2011,0.0,27318.0,0.138679,1.30044,GRC,ESP,7301
1989187,102,71,1491,2011,0.0,52101.0,1.486592,0.805642,HUN,ESP,7301
1989188,103,71,1491,2011,5442.0,0.0,-0.234125,1.168384,IDN,ESP,7301
1989189,104,71,1491,2011,0.0,24321.0,0.18276199999999998,2.398765,IND,ESP,7301
1989190,106,71,1491,2011,0.0,401690.0,1.403182,0.290245,IRL,ESP,7301
1989191,110,71,1491,2011,2838.0,0.0,1.324384,0.714611,ISR,ESP,7301
1989192,111,71,1491,2011,390727.0,5317822.0,1.298751,0.48013599999999995,ITA,ESP,7301
1989193,115,71,1491,2011,0.0,6898.0,-0.514687,-0.775671,KAZ,ESP,7301
1989194,121,71,1491,2011,7242.0,0.0,1.731371,0.8306879999999999,KOR,ESP,7301
1989195,122,71,1491,2011,0.0,120930.0,-0.898582,-1.09893,KWT,ESP,7301
1989196,126,71,1491,2011,0.0,16226.0,-1.680464,-1.148511,LBY,ESP,7301
1989197,130,71,1491,2011,0.0,4818.0,0.747963,0.9759530000000001,LTU,ESP,7301
1989198,131,71,1491,2011,240258.0,0.0,1.1655739999999999,1.222379,LUX,ESP,7301
1989199,134,71,1491,2011,0.0,30768.0,-0.485404,0.099828,MAR,ESP,7301
1989200,138,71,1491,2011,0.0,3448.0,0.9534600000000001,0.706982,MEX,ESP,7301
1989201,148,71,1491,2011,0.0,1006059.0,-1.2593379999999998,-1.1793209999999998,MRT,ESP,7301
1989202,162,71,1491,2011,15951.0,38256.0,1.1655229999999999,1.410167,NLD,ESP,7301
1989203,163,71,1491,2011,32920.0,0.0,0.8492770000000001,0.050044,NOR,ESP,7301
1989204,169,71,1491,2011,0.0,10992.0,0.786135,1.061008,PAN,ESP,7301
1989205,177,71,1491,2011,15133.0,0.0,1.133641,1.134203,POL,ESP,7301
1989206,179,71,1491,2011,589388.0,1618220.0,0.558481,2.7056240000000003,PRT,ESP,7301
1989207,185,71,1491,2011,1880718.0,1184974.0,0.722,1.296655,ROU,ESP,7301
1989208,186,71,1491,2011,0.0,3917.0,0.47319399999999995,-0.20801599999999998,RUS,ESP,7301
1989209,188,71,1491,2011,0.0,560332.0,0.354045,-0.800028,SAU,ESP,7301
1989210,208,71,1491,2011,9269.0,1483.0,1.857146,0.366159,SWE,ESP,7301
1989211,216,71,1491,2011,3570.0,0.0,0.889009,1.503118,THA,ESP,7301
1989212,223,71,1491,2011,393485.0,0.0,0.151221,1.1252360000000001,TUN,ESP,7301
1989213,224,71,1491,2011,1511770.0,7579.0,0.45775,2.4316259999999996,TUR,ESP,7301
1989214,228,71,1491,2011,0.0,6256.0,0.6221409999999999,0.765505,UKR,ESP,7301
1989215,230,71,1491,2011,0.0,4564.0,0.313195,0.042866,URY,ESP,7301
1989216,231,71,1491,2011,204695.0,2612.0,1.6884849999999998,-0.474499,USA,ESP,7301
1989217,246,71,1491,2011,0.0,6739.0,0.241792,1.353011,ZAF,ESP,7301
1989218,249,71,1491,2011,4085.0,0.0,1.803234,0.921233,TWN,ESP,7301
1989219,250,71,1491,2011,162804.0,0.0,0.475638,-0.160135,ANS,ESP,7301
1989220,14,74,1491,2011,0.0,1234.0,-0.138148,0.002999,AUS,FIN,7301
1989221,15,74,1491,2011,2766.0,0.0,1.687634,-0.229095,AUT,FIN,7301
1989222,18,74,1491,2011,183197.0,0.0,1.221703,1.247961,BEL,FIN,7301
1989223,39,74,1491,2011,4686.0,3260.0,0.754813,1.1967290000000002,CAN,FIN,7301
1989224,43,74,1491,2011,357913.0,1834.0,1.072299,1.686826,CHN,FIN,7301
1989225,59,74,1491,2011,353787.0,0.0,1.737788,0.14741600000000002,CZE,FIN,7301
1989226,61,74,1491,2011,2416107.0,0.0,2.074435,-3.440815,DEU,FIN,7301
1989227,64,74,1491,2011,928.0,86093.0,1.156026,1.2248299999999999,DNK,FIN,7301
1989228,71,74,1491,2011,1723.0,14279.0,0.8677290000000001,2.4618450000000003,ESP,FIN,7301
1989229,72,74,1491,2011,1135092.0,34737.0,0.9806790000000001,1.110449,EST,FIN,7301
1989230,77,74,1491,2011,0.0,1938.0,1.532054,0.09339299999999999,FRA,FIN,7301
1989231,81,74,1491,2011,319781.0,180752.0,1.8048220000000001,0.380141,GBR,FIN,7301
1989232,104,74,1491,2011,0.0,2468.0,0.18276199999999998,2.398765,IND,FIN,7301
1989233,111,74,1491,2011,92614.0,0.0,1.298751,0.48013599999999995,ITA,FIN,7301
1989234,130,74,1491,2011,0.0,8331.0,0.747963,0.9759530000000001,LTU,FIN,7301
1989235,131,74,1491,2011,2025654.0,0.0,1.1655739999999999,1.222379,LUX,FIN,7301
1989236,132,74,1491,2011,0.0,7584.0,0.7320939999999999,1.101321,LVA,FIN,7301
1989237,153,74,1491,2011,0.0,10174.0,0.9893290000000001,0.632079,MYS,FIN,7301
1989238,162,74,1491,2011,808065.0,1237.0,1.1655229999999999,1.410167,NLD,FIN,7301
1989239,163,74,1491,2011,0.0,1139.0,0.8492770000000001,0.050044,NOR,FIN,7301
1989240,174,74,1491,2011,0.0,1067.0,0.364707,0.322626,PHL,FIN,7301
1989241,177,74,1491,2011,3101661.0,23374.0,1.133641,1.134203,POL,FIN,7301
1989242,186,74,1491,2011,0.0,9165.0,0.47319399999999995,-0.20801599999999998,RUS,FIN,7301
1989243,208,74,1491,2011,47004.0,647024.0,1.857146,0.366159,SWE,FIN,7301
1989244,224,74,1491,2011,62927.0,0.0,0.45775,2.4316259999999996,TUR,FIN,7301
1989245,231,74,1491,2011,9880.0,4325.0,1.6884849999999998,-0.474499,USA,FIN,7301
1989246,2,77,1491,2011,0.0,545353.0,-1.252991,-1.132314,AGO,FRA,7301
1989247,4,77,1491,2011,23222.0,0.0,-0.331435,-0.034828,ALB,FRA,7301
1989248,9,77,1491,2011,0.0,10180.0,0.543397,-0.029376999999999997,ARM,FRA,7301
1989249,15,77,1491,2011,149722.0,270854.0,1.687634,-0.229095,AUT,FRA,7301
1989250,18,77,1491,2011,1309217.0,287928.0,1.221703,1.247961,BEL,FRA,7301
1989251,21,77,1491,2011,0.0,1026.0,-1.163278,-1.002332,BFA,FRA,7301
1989252,24,77,1491,2011,0.0,1479.0,0.04085,-0.873711,BHR,FRA,7301
1989253,28,77,1491,2011,0.0,33012.0,0.8786729999999999,0.442097,BLR,FRA,7301
1989254,32,77,1491,2011,0.0,4834.0,0.27718400000000004,0.5674319999999999,BRA,FRA,7301
1989255,38,77,1491,2011,0.0,158897.0,-0.318191,-0.68375,CAF,FRA,7301
1989256,39,77,1491,2011,0.0,727022.0,0.754813,1.1967290000000002,CAN,FRA,7301
1989257,41,77,1491,2011,608239.0,1099630.0,2.2644029999999997,0.406131,CHE,FRA,7301
1989258,43,77,1491,2011,3398950.0,48116.0,1.072299,1.686826,CHN,FRA,7301
1989259,44,77,1491,2011,0.0,214336.0,-1.069474,-0.867439,CIV,FRA,7301
1989260,47,77,1491,2011,0.0,15235.0,-0.979359,-1.084589,COG,FRA,7301
1989261,50,77,1491,2011,0.0,1630.0,0.449788,-0.533709,COM,FRA,7301
1989262,59,77,1491,2011,246640.0,0.0,1.737788,0.14741600000000002,CZE,FRA,7301
1989263,61,77,1491,2011,553985.0,1478484.0,2.074435,-3.440815,DEU,FRA,7301
1989264,64,77,1491,2011,17662.0,44884.0,1.156026,1.2248299999999999,DNK,FRA,7301
1989265,66,77,1491,2011,0.0,81951.0,-1.36763,-1.140594,DZA,FRA,7301
1989266,68,77,1491,2011,622577.0,0.0,-0.166243,1.384719,EGY,FRA,7301
1989267,71,77,1491,2011,5790149.0,2503.0,0.8677290000000001,2.4618450000000003,ESP,FRA,7301
1989268,73,77,1491,2011,0.0,2421.0,-1.258175,-0.920692,ETH,FRA,7301
1989269,74,77,1491,2011,1938.0,0.0,1.7488830000000002,0.890934,FIN,FRA,7301
1989270,80,77,1491,2011,0.0,10045.0,-1.093784,-1.0849659999999999,GAB,FRA,7301
1989271,81,77,1491,2011,1487421.0,454098.0,1.8048220000000001,0.380141,GBR,FRA,7301
1989272,83,77,1491,2011,0.0,18183.0,-0.8627319999999999,-0.608823,GHA,FRA,7301
1989273,85,77,1491,2011,0.0,1002.0,-1.728661,-1.193353,GIN,FRA,7301
1989274,90,77,1491,2011,273764.0,237069.0,0.138679,1.30044,GRC,FRA,7301
1989275,102,77,1491,2011,50875.0,14687.0,1.486592,0.805642,HUN,FRA,7301
1989276,103,77,1491,2011,4844.0,0.0,-0.234125,1.168384,IDN,FRA,7301
1989277,104,77,1491,2011,32759.0,232504.0,0.18276199999999998,2.398765,IND,FRA,7301
1989278,106,77,1491,2011,11187.0,0.0,1.403182,0.290245,IRL,FRA,7301
1989279,109,77,1491,2011,462038.0,0.0,0.284202,-0.23753000000000002,ISL,FRA,7301
1989280,111,77,1491,2011,1337039.0,954829.0,1.298751,0.48013599999999995,ITA,FRA,7301
1989281,116,77,1491,2011,0.0,11320.0,-0.48319300000000004,0.346927,KEN,FRA,7301
1989282,118,77,1491,2011,0.0,3377.0,-1.162858,-1.103539,KHM,FRA,7301
1989283,121,77,1491,2011,2631.0,3400.0,1.731371,0.8306879999999999,KOR,FRA,7301
1989284,122,77,1491,2011,0.0,11109.0,-0.898582,-1.09893,KWT,FRA,7301
1989285,124,77,1491,2011,0.0,18168.0,0.278393,1.2962879999999999,LBN,FRA,7301
1989286,130,77,1491,2011,3631450.0,91298.0,0.747963,0.9759530000000001,LTU,FRA,7301
1989287,131,77,1491,2011,34177443.0,335166.0,1.1655739999999999,1.222379,LUX,FRA,7301
1989288,132,77,1491,2011,16092.0,0.0,0.7320939999999999,1.101321,LVA,FRA,7301
1989289,134,77,1491,2011,1844.0,5603.0,-0.485404,0.099828,MAR,FRA,7301
1989290,142,77,1491,2011,4451.0,0.0,1.3001340000000001,0.22605799999999998,MLT,FRA,7301
1989291,147,77,1491,2011,649130.0,0.0,-1.2069299999999998,-0.977785,MOZ,FRA,7301
1989292,151,77,1491,2011,3072.0,1290.0,-0.09464600000000001,0.091177,MUS,FRA,7301
1989293,153,77,1491,2011,0.0,20586.0,0.9893290000000001,0.632079,MYS,FRA,7301
1989294,156,77,1491,2011,0.0,58093.0,-0.976349,-0.798691,NCL,FRA,7301
1989295,157,77,1491,2011,0.0,2562.0,-0.85208,-0.731996,NER,FRA,7301
1989296,159,77,1491,2011,0.0,7379.0,-1.699286,-1.15511,NGA,FRA,7301
1989297,162,77,1491,2011,3964246.0,5109427.0,1.1655229999999999,1.410167,NLD,FRA,7301
1989298,166,77,1491,2011,0.0,28405.0,0.372732,0.548601,NZL,FRA,7301
1989299,167,77,1491,2011,9949.0,0.0,-0.473703,-0.952491,OMN,FRA,7301
1989300,174,77,1491,2011,0.0,1811.0,0.364707,0.322626,PHL,FRA,7301
1989301,177,77,1491,2011,3610031.0,32517.0,1.133641,1.134203,POL,FRA,7301
1989302,179,77,1491,2011,3992417.0,250132.0,0.558481,2.7056240000000003,PRT,FRA,7301
1989303,182,77,1491,2011,0.0,1327.0,0.37798000000000004,-0.460049,PYF,FRA,7301
1989304,185,77,1491,2011,828237.0,56337.0,0.722,1.296655,ROU,FRA,7301
1989305,186,77,1491,2011,3173746.0,8836.0,0.47319399999999995,-0.20801599999999998,RUS,FRA,7301
1989306,191,77,1491,2011,0.0,2016499.0,-0.624346,-0.308052,SEN,FRA,7301
1989307,192,77,1491,2011,0.0,4775.0,1.849116,0.52127,SGP,FRA,7301
1989308,200,77,1491,2011,0.0,2354.0,-1.120206,-1.030257,SPM,FRA,7301
1989309,201,77,1491,2011,0.0,283489.0,0.49055699999999997,1.5601399999999999,SRB,FRA,7301
1989310,206,77,1491,2011,274390.0,21688.0,1.262897,0.8230569999999999,SVK,FRA,7301
1989311,207,77,1491,2011,0.0,2882.0,1.642913,0.700222,SVN,FRA,7301
1989312,208,77,1491,2011,103931.0,17854.0,1.857146,0.366159,SWE,FRA,7301
1989313,223,77,1491,2011,0.0,59871.0,0.151221,1.1252360000000001,TUN,FRA,7301
1989314,224,77,1491,2011,10792.0,7273.0,0.45775,2.4316259999999996,TUR,FRA,7301
1989315,228,77,1491,2011,0.0,6612.0,0.6221409999999999,0.765505,UKR,FRA,7301
1989316,231,77,1491,2011,1703839.0,15225.0,1.6884849999999998,-0.474499,USA,FRA,7301
1989317,236,77,1491,2011,0.0,1020.0,-0.841147,-1.095636,VEN,FRA,7301
1989318,239,77,1491,2011,0.0,55560.0,-0.184453,1.637207,VNM,FRA,7301
1989319,246,77,1491,2011,9178.0,0.0,0.241792,1.353011,ZAF,FRA,7301
1989320,249,77,1491,2011,3320.0,0.0,1.803234,0.921233,TWN,FRA,7301
1989321,250,77,1491,2011,17385.0,0.0,0.475638,-0.160135,ANS,FRA,7301
1989322,1,81,1491,2011,0.0,17161.0,-0.8426809999999999,-0.640418,AFG,GBR,7301
1989323,2,81,1491,2011,0.0,465507.0,-1.252991,-1.132314,AGO,GBR,7301
1989324,4,81,1491,2011,0.0,928.0,-0.331435,-0.034828,ALB,GBR,7301
1989325,7,81,1491,2011,0.0,971497.0,0.030652,-0.450808,ARE,GBR,7301
1989326,8,81,1491,2011,1031.0,7174.0,0.240494,0.540376,ARG,GBR,7301
1989327,9,81,1491,2011,0.0,140255.0,0.543397,-0.029376999999999997,ARM,GBR,7301
1989328,14,81,1491,2011,0.0,92889.0,-0.138148,0.002999,AUS,GBR,7301
1989329,15,81,1491,2011,100645.0,245879.0,1.687634,-0.229095,AUT,GBR,7301
1989330,16,81,1491,2011,0.0,3827.0,-1.313136,-1.189989,AZE,GBR,7301
1989331,18,81,1491,2011,68637.0,408172.0,1.221703,1.247961,BEL,GBR,7301
1989332,22,81,1491,2011,0.0,30959.0,-1.074416,-0.8276370000000001,BGD,GBR,7301
1989333,23,81,1491,2011,0.0,6456.0,0.537967,1.520973,BGR,GBR,7301
1989334,24,81,1491,2011,0.0,119347.0,0.04085,-0.873711,BHR,GBR,7301
1989335,32,81,1491,2011,0.0,49602.0,0.27718400000000004,0.5674319999999999,BRA,GBR,7301
1989336,33,81,1491,2011,0.0,8801.0,0.445982,0.204672,BRB,GBR,7301
1989337,34,81,1491,2011,4211.0,62204.0,-0.171775,-0.6656810000000001,BRN,GBR,7301
1989338,39,81,1491,2011,35051.0,117664.0,0.754813,1.1967290000000002,CAN,GBR,7301
1989339,41,81,1491,2011,1250050.0,20711.0,2.2644029999999997,0.406131,CHE,GBR,7301
1989340,42,81,1491,2011,0.0,1282.0,-0.199877,-0.353009,CHL,GBR,7301
1989341,43,81,1491,2011,1413865.0,137865.0,1.072299,1.686826,CHN,GBR,7301
1989342,44,81,1491,2011,0.0,63244.0,-1.069474,-0.867439,CIV,GBR,7301
1989343,47,81,1491,2011,0.0,8192.0,-0.979359,-1.084589,COG,GBR,7301
1989344,58,81,1491,2011,11157.0,17383.0,0.798165,0.424179,CYP,GBR,7301
1989345,59,81,1491,2011,1725330.0,55538.0,1.737788,0.14741600000000002,CZE,GBR,7301
1989346,61,81,1491,2011,149100.0,1029201.0,2.074435,-3.440815,DEU,GBR,7301
1989347,64,81,1491,2011,39557.0,194499.0,1.156026,1.2248299999999999,DNK,GBR,7301
1989348,66,81,1491,2011,0.0,8928.0,-1.36763,-1.140594,DZA,GBR,7301
1989349,67,81,1491,2011,0.0,24869.0,-0.8250639999999999,-0.839082,ECU,GBR,7301
1989350,68,81,1491,2011,0.0,8884.0,-0.166243,1.384719,EGY,GBR,7301
1989351,71,81,1491,2011,183476.0,310720.0,0.8677290000000001,2.4618450000000003,ESP,GBR,7301
1989352,72,81,1491,2011,0.0,209115.0,0.9806790000000001,1.110449,EST,GBR,7301
1989353,73,81,1491,2011,0.0,5384.0,-1.258175,-0.920692,ETH,GBR,7301
1989354,74,81,1491,2011,180752.0,319781.0,1.7488830000000002,0.890934,FIN,GBR,7301
1989355,76,81,1491,2011,0.0,142208.0,-0.283483,-0.7019989999999999,FLK,GBR,7301
1989356,77,81,1491,2011,454098.0,1487421.0,1.532054,0.09339299999999999,FRA,GBR,7301
1989357,80,81,1491,2011,0.0,15284.0,-1.093784,-1.0849659999999999,GAB,GBR,7301
1989358,82,81,1491,2011,0.0,43283.0,-0.07754,-0.35434699999999997,GEO,GBR,7301
1989359,83,81,1491,2011,0.0,1058580.0,-0.8627319999999999,-0.608823,GHA,GBR,7301
1989360,84,81,1491,2011,0.0,7287.0,0.8442850000000001,-0.435222,GIB,GBR,7301
1989361,85,81,1491,2011,0.0,67373.0,-1.728661,-1.193353,GIN,GBR,7301
1989362,90,81,1491,2011,0.0,392957.0,0.138679,1.30044,GRC,GBR,7301
1989363,97,81,1491,2011,19315.0,112911.0,0.663588,1.902118,HKG,GBR,7301
1989364,99,81,1491,2011,0.0,13634.0,-0.740241,-0.311952,HND,GBR,7301
1989365,102,81,1491,2011,0.0,1347445.0,1.486592,0.805642,HUN,GBR,7301
1989366,103,81,1491,2011,9322.0,83412.0,-0.234125,1.168384,IDN,GBR,7301
1989367,104,81,1491,2011,132113.0,695999.0,0.18276199999999998,2.398765,IND,GBR,7301
1989368,106,81,1491,2011,4807064.0,5354536.0,1.403182,0.290245,IRL,GBR,7301
1989369,110,81,1491,2011,0.0,7566.0,1.324384,0.714611,ISR,GBR,7301
1989370,111,81,1491,2011,2869478.0,73596.0,1.298751,0.48013599999999995,ITA,GBR,7301
1989371,113,81,1491,2011,0.0,24907.0,0.231605,0.47049399999999997,JOR,GBR,7301
1989372,114,81,1491,2011,12882808.0,217515.0,2.516395,-0.534301,JPN,GBR,7301
1989373,115,81,1491,2011,0.0,40459.0,-0.514687,-0.775671,KAZ,GBR,7301
1989374,116,81,1491,2011,0.0,1821.0,-0.48319300000000004,0.346927,KEN,GBR,7301
1989375,120,81,1491,2011,0.0,3019.0,1.056175,-0.19398800000000002,KNA,GBR,7301
1989376,121,81,1491,2011,0.0,1114277.0,1.731371,0.8306879999999999,KOR,GBR,7301
1989377,122,81,1491,2011,0.0,14825.0,-0.898582,-1.09893,KWT,GBR,7301
1989378,126,81,1491,2011,0.0,356409.0,-1.680464,-1.148511,LBY,GBR,7301
1989379,128,81,1491,2011,0.0,80519.0,-0.559311,0.398905,LKA,GBR,7301
1989380,130,81,1491,2011,85308.0,34508.0,0.747963,0.9759530000000001,LTU,GBR,7301
1989381,131,81,1491,2011,42174804.0,17345.0,1.1655739999999999,1.222379,LUX,GBR,7301
1989382,132,81,1491,2011,1306.0,1000.0,0.7320939999999999,1.101321,LVA,GBR,7301
1989383,138,81,1491,2011,0.0,10562.0,0.9534600000000001,0.706982,MEX,GBR,7301
1989384,140,81,1491,2011,0.0,1850.0,-0.12310499999999999,0.16392,MKD,GBR,7301
1989385,142,81,1491,2011,0.0,9751.0,1.3001340000000001,0.22605799999999998,MLT,GBR,7301
1989386,153,81,1491,2011,0.0,4243.0,0.9893290000000001,0.632079,MYS,GBR,7301
1989387,156,81,1491,2011,0.0,10103.0,-0.976349,-0.798691,NCL,GBR,7301
1989388,159,81,1491,2011,35768.0,122129.0,-1.699286,-1.15511,NGA,GBR,7301
1989389,162,81,1491,2011,4631835.0,905002.0,1.1655229999999999,1.410167,NLD,GBR,7301
1989390,163,81,1491,2011,147909.0,4446476.0,0.8492770000000001,0.050044,NOR,GBR,7301
1989391,166,81,1491,2011,2368.0,32904.0,0.372732,0.548601,NZL,GBR,7301
1989392,167,81,1491,2011,0.0,44748.0,-0.473703,-0.952491,OMN,GBR,7301
1989393,168,81,1491,2011,0.0,45693.0,-0.729677,0.6026729999999999,PAK,GBR,7301
1989394,173,81,1491,2011,0.0,75501.0,-0.455977,0.442543,PER,GBR,7301
1989395,174,81,1491,2011,0.0,5558534.0,0.364707,0.322626,PHL,GBR,7301
1989396,177,81,1491,2011,181068.0,988901.0,1.133641,1.134203,POL,GBR,7301
1989397,179,81,1491,2011,0.0,50332.0,0.558481,2.7056240000000003,PRT,GBR,7301
1989398,183,81,1491,2011,0.0,320625.0,-0.45851899999999995,-1.017033,QAT,GBR,7301
1989399,185,81,1491,2011,0.0,26156.0,0.722,1.296655,ROU,GBR,7301
1989400,186,81,1491,2011,0.0,147138.0,0.47319399999999995,-0.20801599999999998,RUS,GBR,7301
1989401,188,81,1491,2011,0.0,122367.0,0.354045,-0.800028,SAU,GBR,7301
1989402,191,81,1491,2011,0.0,39796.0,-0.624346,-0.308052,SEN,GBR,7301
1989403,192,81,1491,2011,6409.0,355890.0,1.849116,0.52127,SGP,GBR,7301
1989404,194,81,1491,2011,0.0,198480.0,1.003319,-0.150035,SHN,GBR,7301
1989405,196,81,1491,2011,0.0,72279.0,-0.35546500000000003,-0.46134899999999995,SLE,GBR,7301
1989406,201,81,1491,2011,0.0,1401.0,0.49055699999999997,1.5601399999999999,SRB,GBR,7301
1989407,206,81,1491,2011,0.0,40639.0,1.262897,0.8230569999999999,SVK,GBR,7301
1989408,207,81,1491,2011,94859.0,9682.0,1.642913,0.700222,SVN,GBR,7301
1989409,208,81,1491,2011,48758.0,41482.0,1.857146,0.366159,SWE,GBR,7301
1989410,216,81,1491,2011,10036.0,7296.0,0.889009,1.503118,THA,GBR,7301
1989411,222,81,1491,2011,0.0,165976.0,-0.44228,-1.031793,TTO,GBR,7301
1989412,224,81,1491,2011,35832.0,239700.0,0.45775,2.4316259999999996,TUR,GBR,7301
1989413,228,81,1491,2011,0.0,40554.0,0.6221409999999999,0.765505,UKR,GBR,7301
1989414,231,81,1491,2011,6489480.0,797179.0,1.6884849999999998,-0.474499,USA,GBR,7301
1989415,239,81,1491,2011,0.0,60237.0,-0.184453,1.637207,VNM,GBR,7301
1989416,246,81,1491,2011,106951.0,66136.0,0.241792,1.353011,ZAF,GBR,7301
1989417,247,81,1491,2011,0.0,12677.0,-0.7599,-0.941019,ZMB,GBR,7301
1989418,249,81,1491,2011,334710.0,13563.0,1.803234,0.921233,TWN,GBR,7301
1989419,4,90,1491,2011,0.0,23143.0,-0.331435,-0.034828,ALB,GRC,7301
1989420,18,90,1491,2011,23007.0,1171.0,1.221703,1.247961,BEL,GRC,7301
1989421,23,90,1491,2011,170351.0,74820.0,0.537967,1.520973,BGR,GRC,7301
1989422,43,90,1491,2011,18461.0,0.0,1.072299,1.686826,CHN,GRC,7301
1989423,58,90,1491,2011,0.0,1199458.0,0.798165,0.424179,CYP,GRC,7301
1989424,61,90,1491,2011,15332.0,7948.0,2.074435,-3.440815,DEU,GRC,7301
1989425,71,90,1491,2011,27318.0,0.0,0.8677290000000001,2.4618450000000003,ESP,GRC,7301
1989426,77,90,1491,2011,237069.0,273764.0,1.532054,0.09339299999999999,FRA,GRC,7301
1989427,81,90,1491,2011,392957.0,0.0,1.8048220000000001,0.380141,GBR,GRC,7301
1989428,82,90,1491,2011,0.0,6451.0,-0.07754,-0.35434699999999997,GEO,GRC,7301
1989429,103,90,1491,2011,1174.0,0.0,-0.234125,1.168384,IDN,GRC,7301
1989430,111,90,1491,2011,159465.0,0.0,1.298751,0.48013599999999995,ITA,GRC,7301
1989431,115,90,1491,2011,0.0,1996.0,-0.514687,-0.775671,KAZ,GRC,7301
1989432,140,90,1491,2011,0.0,15254.0,-0.12310499999999999,0.16392,MKD,GRC,7301
1989433,162,90,1491,2011,32151.0,0.0,1.1655229999999999,1.410167,NLD,GRC,7301
1989434,177,90,1491,2011,33392.0,11368.0,1.133641,1.134203,POL,GRC,7301
1989435,179,90,1491,2011,0.0,4099.0,0.558481,2.7056240000000003,PRT,GRC,7301
1989436,185,90,1491,2011,50669.0,2950558.0,0.722,1.296655,ROU,GRC,7301
1989437,186,90,1491,2011,1838990.0,0.0,0.47319399999999995,-0.20801599999999998,RUS,GRC,7301
1989438,201,90,1491,2011,0.0,76309.0,0.49055699999999997,1.5601399999999999,SRB,GRC,7301
1989439,208,90,1491,2011,3554.0,0.0,1.857146,0.366159,SWE,GRC,7301
1989440,231,90,1491,2011,3184.0,0.0,1.6884849999999998,-0.474499,USA,GRC,7301
1989441,246,90,1491,2011,0.0,13040.0,0.241792,1.353011,ZAF,GRC,7301
1989442,110,93,1491,2011,47991.0,0.0,1.324384,0.714611,ISR,GTM,7301
1989443,138,93,1491,2011,406891.0,0.0,0.9534600000000001,0.706982,MEX,GTM,7301
1989444,197,93,1491,2011,0.0,939.0,-0.09713200000000001,0.20772600000000002,SLV,GTM,7301
1989445,231,93,1491,2011,491302.0,0.0,1.6884849999999998,-0.474499,USA,GTM,7301
1989446,18,96,1491,2011,21706.0,0.0,1.221703,1.247961,BEL,GUY,7301
1989447,39,96,1491,2011,10840.0,0.0,0.754813,1.1967290000000002,CAN,GUY,7301
1989448,41,96,1491,2011,6393.0,0.0,2.2644029999999997,0.406131,CHE,GUY,7301
1989449,43,96,1491,2011,422074.0,0.0,1.072299,1.686826,CHN,GUY,7301
1989450,121,96,1491,2011,1432.0,0.0,1.731371,0.8306879999999999,KOR,GUY,7301
1989451,131,96,1491,2011,845185.0,0.0,1.1655739999999999,1.222379,LUX,GUY,7301
1989452,222,96,1491,2011,11155.0,0.0,-0.44228,-1.031793,TTO,GUY,7301
1989453,224,96,1491,2011,73708.0,0.0,0.45775,2.4316259999999996,TUR,GUY,7301
1989454,231,96,1491,2011,355945.0,0.0,1.6884849999999998,-0.474499,USA,GUY,7301
1989455,14,97,1491,2011,20720.0,0.0,-0.138148,0.002999,AUS,HKG,7301
1989456,18,97,1491,2011,0.0,5204.0,1.221703,1.247961,BEL,HKG,7301
1989457,22,97,1491,2011,0.0,17934.0,-1.074416,-0.8276370000000001,BGD,HKG,7301
1989458,25,97,1491,2011,0.0,702.0,0.320669,-0.531655,BHS,HKG,7301
1989459,39,97,1491,2011,0.0,69007.0,0.754813,1.1967290000000002,CAN,HKG,7301
1989460,43,97,1491,2011,2321897.0,534593.0,1.072299,1.686826,CHN,HKG,7301
1989461,61,97,1491,2011,109656.0,0.0,2.074435,-3.440815,DEU,HKG,7301
1989462,79,97,1491,2011,0.0,978.0,-0.882574,-0.8780530000000001,FSM,HKG,7301
1989463,81,97,1491,2011,112911.0,19315.0,1.8048220000000001,0.380141,GBR,HKG,7301
1989464,104,97,1491,2011,1669.0,70283.0,0.18276199999999998,2.398765,IND,HKG,7301
1989465,114,97,1491,2011,14909766.0,0.0,2.516395,-0.534301,JPN,HKG,7301
1989466,118,97,1491,2011,0.0,741.0,-1.162858,-1.103539,KHM,HKG,7301
1989467,121,97,1491,2011,20366520.0,0.0,1.731371,0.8306879999999999,KOR,HKG,7301
1989468,124,97,1491,2011,11523.0,0.0,0.278393,1.2962879999999999,LBN,HKG,7301
1989469,131,97,1491,2011,7460.0,0.0,1.1655739999999999,1.222379,LUX,HKG,7301
1989470,132,97,1491,2011,0.0,4173.0,0.7320939999999999,1.101321,LVA,HKG,7301
1989471,133,97,1491,2011,0.0,1072843.0,0.511015,0.560905,MAC,HKG,7301
1989472,153,97,1491,2011,0.0,4332.0,0.9893290000000001,0.632079,MYS,HKG,7301
1989473,162,97,1491,2011,0.0,2518.0,1.1655229999999999,1.410167,NLD,HKG,7301
1989474,169,97,1491,2011,0.0,5118.0,0.786135,1.061008,PAN,HKG,7301
1989475,174,97,1491,2011,0.0,34630.0,0.364707,0.322626,PHL,HKG,7301
1989476,187,97,1491,2011,0.0,1282.0,-0.684475,-0.690734,RWA,HKG,7301
1989477,192,97,1491,2011,0.0,63737.0,1.849116,0.52127,SGP,HKG,7301
1989478,208,97,1491,2011,293685.0,0.0,1.857146,0.366159,SWE,HKG,7301
1989479,211,97,1491,2011,0.0,2515.0,0.287017,-0.5136850000000001,SYC,HKG,7301
1989480,216,97,1491,2011,17661842.0,0.0,0.889009,1.503118,THA,HKG,7301
1989481,227,97,1491,2011,0.0,26674.0,-0.7153,-0.062678,UGA,HKG,7301
1989482,231,97,1491,2011,632791.0,0.0,1.6884849999999998,-0.474499,USA,HKG,7301
1989483,236,97,1491,2011,0.0,51279.0,-0.841147,-1.095636,VEN,HKG,7301
1989484,249,97,1491,2011,59552.0,0.0,1.803234,0.921233,TWN,HKG,7301
1989485,43,99,1491,2011,74815.0,0.0,1.072299,1.686826,CHN,HND,7301
1989486,81,99,1491,2011,13634.0,0.0,1.8048220000000001,0.380141,GBR,HND,7301
1989487,111,99,1491,2011,2305.0,0.0,1.298751,0.48013599999999995,ITA,HND,7301
1989488,114,99,1491,2011,0.0,17700.0,2.516395,-0.534301,JPN,HND,7301
1989489,197,99,1491,2011,1379.0,0.0,-0.09713200000000001,0.20772600000000002,SLV,HND,7301
1989490,231,99,1491,2011,113787.0,0.0,1.6884849999999998,-0.474499,USA,HND,7301
1989491,14,103,1491,2011,62143.0,106679.0,-0.138148,0.002999,AUS,IDN,7301
1989492,18,103,1491,2011,0.0,217754.0,1.221703,1.247961,BEL,IDN,7301
1989493,34,103,1491,2011,0.0,2083.0,-0.171775,-0.6656810000000001,BRN,IDN,7301
1989494,39,103,1491,2011,3690.0,915.0,0.754813,1.1967290000000002,CAN,IDN,7301
1989495,41,103,1491,2011,27587.0,0.0,2.2644029999999997,0.406131,CHE,IDN,7301
1989496,43,103,1491,2011,2944554.0,5575.0,1.072299,1.686826,CHN,IDN,7301
1989497,61,103,1491,2011,12107.0,1952.0,2.074435,-3.440815,DEU,IDN,7301
1989498,64,103,1491,2011,0.0,1422.0,1.156026,1.2248299999999999,DNK,IDN,7301
1989499,71,103,1491,2011,0.0,5442.0,0.8677290000000001,2.4618450000000003,ESP,IDN,7301
1989500,77,103,1491,2011,0.0,4844.0,1.532054,0.09339299999999999,FRA,IDN,7301
1989501,81,103,1491,2011,83412.0,9322.0,1.8048220000000001,0.380141,GBR,IDN,7301
1989502,83,103,1491,2011,0.0,14005504.0,-0.8627319999999999,-0.608823,GHA,IDN,7301
1989503,90,103,1491,2011,0.0,1174.0,0.138679,1.30044,GRC,IDN,7301
1989504,104,103,1491,2011,4942.0,6098.0,0.18276199999999998,2.398765,IND,IDN,7301
1989505,111,103,1491,2011,58087.0,0.0,1.298751,0.48013599999999995,ITA,IDN,7301
1989506,114,103,1491,2011,2465461.0,13612.0,2.516395,-0.534301,JPN,IDN,7301
1989507,121,103,1491,2011,2052137.0,18812.0,1.731371,0.8306879999999999,KOR,IDN,7301
1989508,131,103,1491,2011,63912.0,0.0,1.1655739999999999,1.222379,LUX,IDN,7301
1989509,148,103,1491,2011,0.0,37373.0,-1.2593379999999998,-1.1793209999999998,MRT,IDN,7301
1989510,151,103,1491,2011,0.0,1590.0,-0.09464600000000001,0.091177,MUS,IDN,7301
1989511,153,103,1491,2011,1600530.0,17010.0,0.9893290000000001,0.632079,MYS,IDN,7301
1989512,159,103,1491,2011,0.0,104674.0,-1.699286,-1.15511,NGA,IDN,7301
1989513,162,103,1491,2011,0.0,21441.0,1.1655229999999999,1.410167,NLD,IDN,7301
1989514,176,103,1491,2011,0.0,15630.0,-1.1111659999999999,-0.9458610000000001,PNG,IDN,7301
1989515,192,103,1491,2011,7619334.0,206139.0,1.849116,0.52127,SGP,IDN,7301
1989516,196,103,1491,2011,0.0,3185906.0,-0.35546500000000003,-0.46134899999999995,SLE,IDN,7301
1989517,216,103,1491,2011,373475.0,228487.0,0.889009,1.503118,THA,IDN,7301
1989518,220,103,1491,2011,0.0,41140.0,-0.047803,-0.643655,TLS,IDN,7301
1989519,228,103,1491,2011,40470.0,0.0,0.6221409999999999,0.765505,UKR,IDN,7301
1989520,231,103,1491,2011,467102.0,8782.0,1.6884849999999998,-0.474499,USA,IDN,7301
1989521,242,103,1491,2011,0.0,874.0,0.9658110000000001,0.30804699999999996,WSM,IDN,7301
1989522,246,103,1491,2011,0.0,46077.0,0.241792,1.353011,ZAF,IDN,7301
1989523,249,103,1491,2011,28504.0,0.0,1.803234,0.921233,TWN,IDN,7301
1989524,1,104,1491,2011,0.0,2117.0,-0.8426809999999999,-0.640418,AFG,IND,7301
1989525,2,104,1491,2011,0.0,15229.0,-1.252991,-1.132314,AGO,IND,7301
1989526,7,104,1491,2011,59537.0,605285.0,0.030652,-0.450808,ARE,IND,7301
1989527,8,104,1491,2011,0.0,7338.0,0.240494,0.540376,ARG,IND,7301
1989528,14,104,1491,2011,176665.0,102765.0,-0.138148,0.002999,AUS,IND,7301
1989529,15,104,1491,2011,98164.0,19935.0,1.687634,-0.229095,AUT,IND,7301
1989530,18,104,1491,2011,8388554.0,4114.0,1.221703,1.247961,BEL,IND,7301
1989531,22,104,1491,2011,0.0,21742.0,-1.074416,-0.8276370000000001,BGD,IND,7301
1989532,24,104,1491,2011,0.0,348862.0,0.04085,-0.873711,BHR,IND,7301
1989533,32,104,1491,2011,10890.0,145733.0,0.27718400000000004,0.5674319999999999,BRA,IND,7301
1989534,35,104,1491,2011,0.0,80308.0,-0.022021000000000002,-0.5282439999999999,BTN,IND,7301
1989535,37,104,1491,2011,0.0,20831.0,-0.48782600000000004,-1.051639,BWA,IND,7301
1989536,39,104,1491,2011,70287.0,24127.0,0.754813,1.1967290000000002,CAN,IND,7301
1989537,41,104,1491,2011,1763.0,1276.0,2.2644029999999997,0.406131,CHE,IND,7301
1989538,43,104,1491,2011,9535102.0,36026.0,1.072299,1.686826,CHN,IND,7301
1989539,44,104,1491,2011,0.0,132094.0,-1.069474,-0.867439,CIV,IND,7301
1989540,47,104,1491,2011,0.0,7019.0,-0.979359,-1.084589,COG,IND,7301
1989541,50,104,1491,2011,0.0,17051.0,0.449788,-0.533709,COM,IND,7301
1989542,59,104,1491,2011,0.0,39073.0,1.737788,0.14741600000000002,CZE,IND,7301
1989543,61,104,1491,2011,1283857.0,106781.0,2.074435,-3.440815,DEU,IND,7301
1989544,64,104,1491,2011,8422.0,9378.0,1.156026,1.2248299999999999,DNK,IND,7301
1989545,68,104,1491,2011,0.0,32216.0,-0.166243,1.384719,EGY,IND,7301
1989546,69,104,1491,2011,0.0,12775.0,0.073024,-0.8032229999999999,ERI,IND,7301
1989547,71,104,1491,2011,24321.0,0.0,0.8677290000000001,2.4618450000000003,ESP,IND,7301
1989548,73,104,1491,2011,0.0,3550431.0,-1.258175,-0.920692,ETH,IND,7301
1989549,74,104,1491,2011,2468.0,0.0,1.7488830000000002,0.890934,FIN,IND,7301
1989550,75,104,1491,2011,0.0,7465.0,-0.434356,-0.010863,FJI,IND,7301
1989551,77,104,1491,2011,232504.0,32759.0,1.532054,0.09339299999999999,FRA,IND,7301
1989552,81,104,1491,2011,695999.0,132113.0,1.8048220000000001,0.380141,GBR,IND,7301
1989553,83,104,1491,2011,4856.0,448531.0,-0.8627319999999999,-0.608823,GHA,IND,7301
1989554,85,104,1491,2011,0.0,145175.0,-1.728661,-1.193353,GIN,IND,7301
1989555,87,104,1491,2011,0.0,20734.0,-0.621556,-0.64336,GMB,IND,7301
1989556,88,104,1491,2011,0.0,1271.0,-0.839621,-0.6918850000000001,GNB,IND,7301
1989557,97,104,1491,2011,70283.0,1669.0,0.663588,1.902118,HKG,IND,7301
1989558,103,104,1491,2011,6098.0,4942.0,-0.234125,1.168384,IDN,IND,7301
1989559,106,104,1491,2011,11430.0,15326.0,1.403182,0.290245,IRL,IND,7301
1989560,107,104,1491,2011,0.0,14080.0,-0.915379,-0.973194,IRN,IND,7301
1989561,110,104,1491,2011,0.0,4559.0,1.324384,0.714611,ISR,IND,7301
1989562,111,104,1491,2011,1368217.0,39775.0,1.298751,0.48013599999999995,ITA,IND,7301
1989563,113,104,1491,2011,0.0,4433.0,0.231605,0.47049399999999997,JOR,IND,7301
1989564,114,104,1491,2011,233430.0,3190.0,2.516395,-0.534301,JPN,IND,7301
1989565,116,104,1491,2011,0.0,33015.0,-0.48319300000000004,0.346927,KEN,IND,7301
1989566,117,104,1491,2011,0.0,923.0,-0.323348,0.164469,KGZ,IND,7301
1989567,121,104,1491,2011,887405.0,32004.0,1.731371,0.8306879999999999,KOR,IND,7301
1989568,122,104,1491,2011,0.0,112972.0,-0.898582,-1.09893,KWT,IND,7301
1989569,125,104,1491,2011,0.0,3223.0,-0.318463,-0.9367489999999999,LBR,IND,7301
1989570,128,104,1491,2011,1085.0,81425.0,-0.559311,0.398905,LKA,IND,7301
1989571,131,104,1491,2011,20666318.0,0.0,1.1655739999999999,1.222379,LUX,IND,7301
1989572,134,104,1491,2011,0.0,4738.0,-0.485404,0.099828,MAR,IND,7301
1989573,136,104,1491,2011,0.0,10829.0,-1.040519,-0.404883,MDG,IND,7301
1989574,138,104,1491,2011,0.0,2053.0,0.9534600000000001,0.706982,MEX,IND,7301
1989575,143,104,1491,2011,0.0,313886.0,-1.3557190000000001,-0.929934,MMR,IND,7301
1989576,147,104,1491,2011,0.0,2556.0,-1.2069299999999998,-0.977785,MOZ,IND,7301
1989577,151,104,1491,2011,0.0,3875.0,-0.09464600000000001,0.091177,MUS,IND,7301
1989578,152,104,1491,2011,0.0,15096.0,-1.100291,-0.982559,MWI,IND,7301
1989579,153,104,1491,2011,773829.0,286905.0,0.9893290000000001,0.632079,MYS,IND,7301
1989580,159,104,1491,2011,0.0,388008.0,-1.699286,-1.15511,NGA,IND,7301
1989581,162,104,1491,2011,11812.0,403031.0,1.1655229999999999,1.410167,NLD,IND,7301
1989582,163,104,1491,2011,0.0,18754.0,0.8492770000000001,0.050044,NOR,IND,7301
1989583,164,104,1491,2011,0.0,421521.0,-0.242299,0.801966,NPL,IND,7301
1989584,167,104,1491,2011,3414314.0,1269763.0,-0.473703,-0.952491,OMN,IND,7301
1989585,168,104,1491,2011,0.0,3766.0,-0.729677,0.6026729999999999,PAK,IND,7301
1989586,174,104,1491,2011,0.0,9534.0,0.364707,0.322626,PHL,IND,7301
1989587,177,104,1491,2011,0.0,2255.0,1.133641,1.134203,POL,IND,7301
1989588,178,104,1491,2011,0.0,1135.0,-0.024317,-0.154781,PRK,IND,7301
1989589,183,104,1491,2011,0.0,43901.0,-0.45851899999999995,-1.017033,QAT,IND,7301
1989590,185,104,1491,2011,0.0,5342.0,0.722,1.296655,ROU,IND,7301
1989591,186,104,1491,2011,1729.0,0.0,0.47319399999999995,-0.20801599999999998,RUS,IND,7301
1989592,188,104,1491,2011,0.0,620876.0,0.354045,-0.800028,SAU,IND,7301
1989593,190,104,1491,2011,0.0,85811.0,-2.1675869999999997,-1.249272,SDN,IND,7301
1989594,191,104,1491,2011,0.0,126646.0,-0.624346,-0.308052,SEN,IND,7301
1989595,192,104,1491,2011,1230017.0,39068.0,1.849116,0.52127,SGP,IND,7301
1989596,207,104,1491,2011,0.0,11589.0,1.642913,0.700222,SVN,IND,7301
1989597,208,104,1491,2011,5782.0,44299.0,1.857146,0.366159,SWE,IND,7301
1989598,211,104,1491,2011,12799.0,26662.0,0.287017,-0.5136850000000001,SYC,IND,7301
1989599,212,104,1491,2011,0.0,1026.0,-0.604133,0.5268970000000001,SYR,IND,7301
1989600,215,104,1491,2011,0.0,15320.0,-0.9156030000000001,-0.884099,TGO,IND,7301
1989601,216,104,1491,2011,204307.0,71363.0,0.889009,1.503118,THA,IND,7301
1989602,224,104,1491,2011,4667.0,21036.0,0.45775,2.4316259999999996,TUR,IND,7301
1989603,226,104,1491,2011,0.0,389995.0,-0.751316,0.286505,TZA,IND,7301
1989604,227,104,1491,2011,0.0,58621.0,-0.7153,-0.062678,UGA,IND,7301
1989605,231,104,1491,2011,6484162.0,523859.0,1.6884849999999998,-0.474499,USA,IND,7301
1989606,232,104,1491,2011,3963.0,0.0,-0.785878,-0.663918,UZB,IND,7301
1989607,239,104,1491,2011,0.0,5429.0,-0.184453,1.637207,VNM,IND,7301
1989608,246,104,1491,2011,1083.0,54609.0,0.241792,1.353011,ZAF,IND,7301
1989609,247,104,1491,2011,0.0,23916.0,-0.7599,-0.941019,ZMB,IND,7301
1989610,248,104,1491,2011,0.0,404020.0,-0.858662,-0.8632719999999999,ZWE,IND,7301
1989611,249,104,1491,2011,87742.0,10224.0,1.803234,0.921233,TWN,IND,7301
1989612,250,104,1491,2011,18677.0,0.0,0.475638,-0.160135,ANS,IND,7301
1989613,18,106,1491,2011,11375.0,1014163.0,1.221703,1.247961,BEL,IRL,7301
1989614,39,106,1491,2011,20680.0,0.0,0.754813,1.1967290000000002,CAN,IRL,7301
1989615,41,106,1491,2011,23803.0,0.0,2.2644029999999997,0.406131,CHE,IRL,7301
1989616,43,106,1491,2011,275486.0,0.0,1.072299,1.686826,CHN,IRL,7301
1989617,61,106,1491,2011,90596.0,0.0,2.074435,-3.440815,DEU,IRL,7301
1989618,64,106,1491,2011,0.0,14740.0,1.156026,1.2248299999999999,DNK,IRL,7301
1989619,66,106,1491,2011,0.0,3190.0,-1.36763,-1.140594,DZA,IRL,7301
1989620,71,106,1491,2011,401690.0,0.0,0.8677290000000001,2.4618450000000003,ESP,IRL,7301
1989621,73,106,1491,2011,0.0,3622.0,-1.258175,-0.920692,ETH,IRL,7301
1989622,77,106,1491,2011,0.0,11187.0,1.532054,0.09339299999999999,FRA,IRL,7301
1989623,81,106,1491,2011,5354536.0,4807064.0,1.8048220000000001,0.380141,GBR,IRL,7301
1989624,104,106,1491,2011,15326.0,11430.0,0.18276199999999998,2.398765,IND,IRL,7301
1989625,176,106,1491,2011,0.0,1823.0,-1.1111659999999999,-0.9458610000000001,PNG,IRL,7301
1989626,177,106,1491,2011,923132.0,0.0,1.133641,1.134203,POL,IRL,7301
1989627,185,106,1491,2011,5816.0,0.0,0.722,1.296655,ROU,IRL,7301
1989628,208,106,1491,2011,2038.0,0.0,1.857146,0.366159,SWE,IRL,7301
1989629,231,106,1491,2011,691782.0,51061.0,1.6884849999999998,-0.474499,USA,IRL,7301
1989630,250,106,1491,2011,1150504.0,3515388.0,0.475638,-0.160135,ANS,IRL,7301
1989631,2,110,1491,2011,0.0,57386.0,-1.252991,-1.132314,AGO,ISR,7301
1989632,18,110,1491,2011,572057.0,0.0,1.221703,1.247961,BEL,ISR,7301
1989633,23,110,1491,2011,0.0,777.0,0.537967,1.520973,BGR,ISR,7301
1989634,41,110,1491,2011,88887.0,0.0,2.2644029999999997,0.406131,CHE,ISR,7301
1989635,43,110,1491,2011,200238.0,0.0,1.072299,1.686826,CHN,ISR,7301
1989636,61,110,1491,2011,11974989.0,0.0,2.074435,-3.440815,DEU,ISR,7301
1989637,71,110,1491,2011,0.0,2838.0,0.8677290000000001,2.4618450000000003,ESP,ISR,7301
1989638,81,110,1491,2011,7566.0,0.0,1.8048220000000001,0.380141,GBR,ISR,7301
1989639,89,110,1491,2011,0.0,9000.0,-1.634315,-0.7567729999999999,GNQ,ISR,7301
1989640,93,110,1491,2011,0.0,47991.0,-0.329497,0.775369,GTM,ISR,7301
1989641,101,110,1491,2011,0.0,10000.0,-1.263093,-1.086658,HTI,ISR,7301
1989642,104,110,1491,2011,4559.0,0.0,0.18276199999999998,2.398765,IND,ISR,7301
1989643,111,110,1491,2011,73862.0,7457.0,1.298751,0.48013599999999995,ITA,ISR,7301
1989644,113,110,1491,2011,3776.0,3290.0,0.231605,0.47049399999999997,JOR,ISR,7301
1989645,115,110,1491,2011,0.0,2068.0,-0.514687,-0.775671,KAZ,ISR,7301
1989646,131,110,1491,2011,2812544.0,0.0,1.1655739999999999,1.222379,LUX,ISR,7301
1989647,159,110,1491,2011,0.0,28484.0,-1.699286,-1.15511,NGA,ISR,7301
1989648,181,110,1491,2011,3052665.0,51839.0,0.07902999999999999,0.550277,PSE,ISR,7301
1989649,185,110,1491,2011,0.0,30682.0,0.722,1.296655,ROU,ISR,7301
1989650,186,110,1491,2011,0.0,26328.0,0.47319399999999995,-0.20801599999999998,RUS,ISR,7301
1989651,224,110,1491,2011,26992.0,0.0,0.45775,2.4316259999999996,TUR,ISR,7301
1989652,227,110,1491,2011,0.0,5694.0,-0.7153,-0.062678,UGA,ISR,7301
1989653,231,110,1491,2011,238501.0,102348.0,1.6884849999999998,-0.474499,USA,ISR,7301
1989654,2,111,1491,2011,0.0,117365.0,-1.252991,-1.132314,AGO,ITA,7301
1989655,4,111,1491,2011,0.0,10058.0,-0.331435,-0.034828,ALB,ITA,7301
1989656,7,111,1491,2011,0.0,115433.0,0.030652,-0.450808,ARE,ITA,7301
1989657,8,111,1491,2011,0.0,61718.0,0.240494,0.540376,ARG,ITA,7301
1989658,9,111,1491,2011,0.0,3957.0,0.543397,-0.029376999999999997,ARM,ITA,7301
1989659,14,111,1491,2011,0.0,4952.0,-0.138148,0.002999,AUS,ITA,7301
1989660,15,111,1491,2011,10855.0,3121137.0,1.687634,-0.229095,AUT,ITA,7301
1989661,17,111,1491,2011,0.0,2125.0,-0.8287049999999999,-0.774558,BDI,ITA,7301
1989662,18,111,1491,2011,403583.0,1079288.0,1.221703,1.247961,BEL,ITA,7301
1989663,23,111,1491,2011,3869.0,0.0,0.537967,1.520973,BGR,ITA,7301
1989664,24,111,1491,2011,0.0,263590.0,0.04085,-0.873711,BHR,ITA,7301
1989665,26,111,1491,2011,0.0,24346.0,0.391425,0.6066600000000001,BIH,ITA,7301
1989666,28,111,1491,2011,0.0,4926.0,0.8786729999999999,0.442097,BLR,ITA,7301
1989667,31,111,1491,2011,0.0,21191.0,-0.818593,-0.8701770000000001,BOL,ITA,7301
1989668,32,111,1491,2011,0.0,14504.0,0.27718400000000004,0.5674319999999999,BRA,ITA,7301
1989669,34,111,1491,2011,0.0,52787.0,-0.171775,-0.6656810000000001,BRN,ITA,7301
1989670,39,111,1491,2011,0.0,166471.0,0.754813,1.1967290000000002,CAN,ITA,7301
1989671,41,111,1491,2011,1176771.0,682367.0,2.2644029999999997,0.406131,CHE,ITA,7301
1989672,42,111,1491,2011,0.0,8984.0,-0.199877,-0.353009,CHL,ITA,7301
1989673,43,111,1491,2011,963860.0,334556.0,1.072299,1.686826,CHN,ITA,7301
1989674,44,111,1491,2011,0.0,22425.0,-1.069474,-0.867439,CIV,ITA,7301
1989675,45,111,1491,2011,0.0,14853.0,-0.7956340000000001,-0.8532790000000001,CMR,ITA,7301
1989676,47,111,1491,2011,0.0,78494.0,-0.979359,-1.084589,COG,ITA,7301
1989677,49,111,1491,2011,0.0,1216063.0,0.14336600000000002,-0.22996,COL,ITA,7301
1989678,58,111,1491,2011,0.0,3778.0,0.798165,0.424179,CYP,ITA,7301
1989679,59,111,1491,2011,430082.0,284445.0,1.737788,0.14741600000000002,CZE,ITA,7301
1989680,61,111,1491,2011,1741719.0,1964386.0,2.074435,-3.440815,DEU,ITA,7301
1989681,64,111,1491,2011,28951.0,178218.0,1.156026,1.2248299999999999,DNK,ITA,7301
1989682,66,111,1491,2011,0.0,87405.0,-1.36763,-1.140594,DZA,ITA,7301
1989683,68,111,1491,2011,0.0,32814.0,-0.166243,1.384719,EGY,ITA,7301
1989684,71,111,1491,2011,5317822.0,390727.0,0.8677290000000001,2.4618450000000003,ESP,ITA,7301
1989685,72,111,1491,2011,0.0,2790.0,0.9806790000000001,1.110449,EST,ITA,7301
1989686,73,111,1491,2011,0.0,96229.0,-1.258175,-0.920692,ETH,ITA,7301
1989687,74,111,1491,2011,0.0,92614.0,1.7488830000000002,0.890934,FIN,ITA,7301
1989688,77,111,1491,2011,954829.0,1337039.0,1.532054,0.09339299999999999,FRA,ITA,7301
1989689,80,111,1491,2011,0.0,2784.0,-1.093784,-1.0849659999999999,GAB,ITA,7301
1989690,81,111,1491,2011,73596.0,2869478.0,1.8048220000000001,0.380141,GBR,ITA,7301
1989691,82,111,1491,2011,0.0,3751.0,-0.07754,-0.35434699999999997,GEO,ITA,7301
1989692,87,111,1491,2011,0.0,323742.0,-0.621556,-0.64336,GMB,ITA,7301
1989693,89,111,1491,2011,0.0,215765.0,-1.634315,-0.7567729999999999,GNQ,ITA,7301
1989694,90,111,1491,2011,0.0,159465.0,0.138679,1.30044,GRC,ITA,7301
1989695,99,111,1491,2011,0.0,2305.0,-0.740241,-0.311952,HND,ITA,7301
1989696,100,111,1491,2011,7269.0,108016.0,0.868294,0.9424299999999999,HRV,ITA,7301
1989697,102,111,1491,2011,0.0,148997.0,1.486592,0.805642,HUN,ITA,7301
1989698,103,111,1491,2011,0.0,58087.0,-0.234125,1.168384,IDN,ITA,7301
1989699,104,111,1491,2011,39775.0,1368217.0,0.18276199999999998,2.398765,IND,ITA,7301
1989700,110,111,1491,2011,7457.0,73862.0,1.324384,0.714611,ISR,ITA,7301
1989701,113,111,1491,2011,0.0,1324637.0,0.231605,0.47049399999999997,JOR,ITA,7301
1989702,114,111,1491,2011,0.0,28821.0,2.516395,-0.534301,JPN,ITA,7301
1989703,115,111,1491,2011,0.0,22883.0,-0.514687,-0.775671,KAZ,ITA,7301
1989704,121,111,1491,2011,57556.0,6229.0,1.731371,0.8306879999999999,KOR,ITA,7301
1989705,122,111,1491,2011,0.0,82737.0,-0.898582,-1.09893,KWT,ITA,7301
1989706,124,111,1491,2011,0.0,22048.0,0.278393,1.2962879999999999,LBN,ITA,7301
1989707,126,111,1491,2011,0.0,5352.0,-1.680464,-1.148511,LBY,ITA,7301
1989708,130,111,1491,2011,0.0,9409.0,0.747963,0.9759530000000001,LTU,ITA,7301
1989709,131,111,1491,2011,15384868.0,0.0,1.1655739999999999,1.222379,LUX,ITA,7301
1989710,134,111,1491,2011,0.0,153381.0,-0.485404,0.099828,MAR,ITA,7301
1989711,135,111,1491,2011,0.0,5826.0,-0.225556,0.28622,MDA,ITA,7301
1989712,138,111,1491,2011,0.0,7450.0,0.9534600000000001,0.706982,MEX,ITA,7301
1989713,140,111,1491,2011,1418195.0,3895.0,-0.12310499999999999,0.16392,MKD,ITA,7301
1989714,142,111,1491,2011,0.0,385968.0,1.3001340000000001,0.22605799999999998,MLT,ITA,7301
1989715,144,111,1491,2011,0.0,3917.0,0.149559,0.024935,MNE,ITA,7301
1989716,152,111,1491,2011,0.0,500.0,-1.100291,-0.982559,MWI,ITA,7301
1989717,153,111,1491,2011,0.0,12823.0,0.9893290000000001,0.632079,MYS,ITA,7301
1989718,159,111,1491,2011,0.0,249875.0,-1.699286,-1.15511,NGA,ITA,7301
1989719,162,111,1491,2011,727366.0,109834.0,1.1655229999999999,1.410167,NLD,ITA,7301
1989720,163,111,1491,2011,0.0,236881.0,0.8492770000000001,0.050044,NOR,ITA,7301
1989721,166,111,1491,2011,2907.0,0.0,0.372732,0.548601,NZL,ITA,7301
1989722,167,111,1491,2011,728253.0,0.0,-0.473703,-0.952491,OMN,ITA,7301
1989723,168,111,1491,2011,0.0,9620.0,-0.729677,0.6026729999999999,PAK,ITA,7301
1989724,177,111,1491,2011,4775544.0,136622.0,1.133641,1.134203,POL,ITA,7301
1989725,179,111,1491,2011,45129.0,1050619.0,0.558481,2.7056240000000003,PRT,ITA,7301
1989726,183,111,1491,2011,0.0,5139501.0,-0.45851899999999995,-1.017033,QAT,ITA,7301
1989727,185,111,1491,2011,1833268.0,235286.0,0.722,1.296655,ROU,ITA,7301
1989728,186,111,1491,2011,0.0,954604.0,0.47319399999999995,-0.20801599999999998,RUS,ITA,7301
1989729,188,111,1491,2011,0.0,1198445.0,0.354045,-0.800028,SAU,ITA,7301
1989730,191,111,1491,2011,0.0,70833.0,-0.624346,-0.308052,SEN,ITA,7301
1989731,192,111,1491,2011,0.0,171845.0,1.849116,0.52127,SGP,ITA,7301
1989732,196,111,1491,2011,0.0,1609.0,-0.35546500000000003,-0.46134899999999995,SLE,ITA,7301
1989733,201,111,1491,2011,0.0,181772.0,0.49055699999999997,1.5601399999999999,SRB,ITA,7301
1989734,206,111,1491,2011,266427.0,733633.0,1.262897,0.8230569999999999,SVK,ITA,7301
1989735,207,111,1491,2011,0.0,57094.0,1.642913,0.700222,SVN,ITA,7301
1989736,208,111,1491,2011,0.0,78874.0,1.857146,0.366159,SWE,ITA,7301
1989737,215,111,1491,2011,0.0,15214.0,-0.9156030000000001,-0.884099,TGO,ITA,7301
1989738,216,111,1491,2011,0.0,1609.0,0.889009,1.503118,THA,ITA,7301
1989739,223,111,1491,2011,0.0,431367.0,0.151221,1.1252360000000001,TUN,ITA,7301
1989740,224,111,1491,2011,0.0,10011.0,0.45775,2.4316259999999996,TUR,ITA,7301
1989741,226,111,1491,2011,0.0,1258.0,-0.751316,0.286505,TZA,ITA,7301
1989742,228,111,1491,2011,0.0,135571.0,0.6221409999999999,0.765505,UKR,ITA,7301
1989743,231,111,1491,2011,2288005.0,657154.0,1.6884849999999998,-0.474499,USA,ITA,7301
1989744,236,111,1491,2011,0.0,34319.0,-0.841147,-1.095636,VEN,ITA,7301
1989745,239,111,1491,2011,0.0,12806.0,-0.184453,1.637207,VNM,ITA,7301
1989746,246,111,1491,2011,3236.0,7532.0,0.241792,1.353011,ZAF,ITA,7301
1989747,247,111,1491,2011,0.0,32489.0,-0.7599,-0.941019,ZMB,ITA,7301
1989748,249,111,1491,2011,41759.0,6109.0,1.803234,0.921233,TWN,ITA,7301
1989749,43,112,1491,2011,9144.0,0.0,1.072299,1.686826,CHN,JAM,7301
1989750,63,112,1491,2011,2059.0,0.0,-0.25559699999999996,-0.5345300000000001,DMA,JAM,7301
1989751,65,112,1491,2011,15363.0,0.0,-0.260653,0.5682010000000001,DOM,JAM,7301
1989752,224,112,1491,2011,13031.0,0.0,0.45775,2.4316259999999996,TUR,JAM,7301
1989753,231,112,1491,2011,923188.0,0.0,1.6884849999999998,-0.474499,USA,JAM,7301
1989754,7,114,1491,2011,0.0,2077663.0,0.030652,-0.450808,ARE,JPN,7301
1989755,14,114,1491,2011,0.0,54665.0,-0.138148,0.002999,AUS,JPN,7301
1989756,24,114,1491,2011,0.0,8517.0,0.04085,-0.873711,BHR,JPN,7301
1989757,25,114,1491,2011,0.0,17426.0,0.320669,-0.531655,BHS,JPN,7301
1989758,34,114,1491,2011,0.0,465678.0,-0.171775,-0.6656810000000001,BRN,JPN,7301
1989759,39,114,1491,2011,0.0,14835.0,0.754813,1.1967290000000002,CAN,JPN,7301
1989760,41,114,1491,2011,9676.0,0.0,2.2644029999999997,0.406131,CHE,JPN,7301
1989761,43,114,1491,2011,6134536.0,27465581.0,1.072299,1.686826,CHN,JPN,7301
1989762,61,114,1491,2011,593862.0,29642.0,2.074435,-3.440815,DEU,JPN,7301
1989763,68,114,1491,2011,103046.0,0.0,-0.166243,1.384719,EGY,JPN,7301
1989764,73,114,1491,2011,0.0,2773.0,-1.258175,-0.920692,ETH,JPN,7301
1989765,75,114,1491,2011,0.0,83075.0,-0.434356,-0.010863,FJI,JPN,7301
1989766,81,114,1491,2011,217515.0,12882808.0,1.8048220000000001,0.380141,GBR,JPN,7301
1989767,95,114,1491,2011,0.0,1900972.0,0.675826,0.157468,GUM,JPN,7301
1989768,97,114,1491,2011,0.0,14909766.0,0.663588,1.902118,HKG,JPN,7301
1989769,99,114,1491,2011,17700.0,0.0,-0.740241,-0.311952,HND,JPN,7301
1989770,102,114,1491,2011,0.0,29996.0,1.486592,0.805642,HUN,JPN,7301
1989771,103,114,1491,2011,13612.0,2465461.0,-0.234125,1.168384,IDN,JPN,7301
1989772,104,114,1491,2011,3190.0,233430.0,0.18276199999999998,2.398765,IND,JPN,7301
1989773,111,114,1491,2011,28821.0,0.0,1.298751,0.48013599999999995,ITA,JPN,7301
1989774,113,114,1491,2011,0.0,11987.0,0.231605,0.47049399999999997,JOR,JPN,7301
1989775,115,114,1491,2011,0.0,12809.0,-0.514687,-0.775671,KAZ,JPN,7301
1989776,121,114,1491,2011,18062137.0,2004695.0,1.731371,0.8306879999999999,KOR,JPN,7301
1989777,122,114,1491,2011,0.0,128030.0,-0.898582,-1.09893,KWT,JPN,7301
1989778,128,114,1491,2011,0.0,2437.0,-0.559311,0.398905,LKA,JPN,7301
1989779,133,114,1491,2011,0.0,1129905.0,0.511015,0.560905,MAC,JPN,7301
1989780,138,114,1491,2011,4001.0,0.0,0.9534600000000001,0.706982,MEX,JPN,7301
1989781,153,114,1491,2011,0.0,2963530.0,0.9893290000000001,0.632079,MYS,JPN,7301
1989782,160,114,1491,2011,0.0,622730.0,-0.9592139999999999,-0.796108,NIC,JPN,7301
1989783,162,114,1491,2011,1827.0,0.0,1.1655229999999999,1.410167,NLD,JPN,7301
1989784,166,114,1491,2011,0.0,276334.0,0.372732,0.548601,NZL,JPN,7301
1989785,174,114,1491,2011,0.0,1124940.0,0.364707,0.322626,PHL,JPN,7301
1989786,175,114,1491,2011,0.0,1566.0,-0.026091000000000003,-0.753837,PLW,JPN,7301
1989787,177,114,1491,2011,12964.0,0.0,1.133641,1.134203,POL,JPN,7301
1989788,186,114,1491,2011,0.0,4100658.0,0.47319399999999995,-0.20801599999999998,RUS,JPN,7301
1989789,188,114,1491,2011,0.0,243283.0,0.354045,-0.800028,SAU,JPN,7301
1989790,192,114,1491,2011,16668.0,9435229.0,1.849116,0.52127,SGP,JPN,7301
1989791,206,114,1491,2011,0.0,2327.0,1.262897,0.8230569999999999,SVK,JPN,7301
1989792,216,114,1491,2011,19171.0,303144.0,0.889009,1.503118,THA,JPN,7301
1989793,231,114,1491,2011,5089553.0,389881.0,1.6884849999999998,-0.474499,USA,JPN,7301
1989794,239,114,1491,2011,4625.0,3681046.0,-0.184453,1.637207,VNM,JPN,7301
1989795,249,114,1491,2011,27557.0,13375689.0,1.803234,0.921233,TWN,JPN,7301
1989796,2,121,1491,2011,0.0,31997.0,-1.252991,-1.132314,AGO,KOR,7301
1989797,7,121,1491,2011,0.0,15668310.0,0.030652,-0.450808,ARE,KOR,7301
1989798,14,121,1491,2011,43308.0,201770.0,-0.138148,0.002999,AUS,KOR,7301
1989799,18,121,1491,2011,59596.0,0.0,1.221703,1.247961,BEL,KOR,7301
1989800,22,121,1491,2011,0.0,1199023.0,-1.074416,-0.8276370000000001,BGD,KOR,7301
1989801,32,121,1491,2011,13175.0,4673.0,0.27718400000000004,0.5674319999999999,BRA,KOR,7301
1989802,41,121,1491,2011,1153085.0,0.0,2.2644029999999997,0.406131,CHE,KOR,7301
1989803,42,121,1491,2011,0.0,9898.0,-0.199877,-0.353009,CHL,KOR,7301
1989804,43,121,1491,2011,5683197.0,2694575.0,1.072299,1.686826,CHN,KOR,7301
1989805,59,121,1491,2011,0.0,10715.0,1.737788,0.14741600000000002,CZE,KOR,7301
1989806,61,121,1491,2011,578153.0,33269.0,2.074435,-3.440815,DEU,KOR,7301
1989807,65,121,1491,2011,0.0,38096.0,-0.260653,0.5682010000000001,DOM,KOR,7301
1989808,66,121,1491,2011,0.0,187858.0,-1.36763,-1.140594,DZA,KOR,7301
1989809,67,121,1491,2011,0.0,1677659.0,-0.8250639999999999,-0.839082,ECU,KOR,7301
1989810,68,121,1491,2011,0.0,3613.0,-0.166243,1.384719,EGY,KOR,7301
1989811,71,121,1491,2011,0.0,7242.0,0.8677290000000001,2.4618450000000003,ESP,KOR,7301
1989812,75,121,1491,2011,0.0,2692.0,-0.434356,-0.010863,FJI,KOR,7301
1989813,77,121,1491,2011,3400.0,2631.0,1.532054,0.09339299999999999,FRA,KOR,7301
1989814,79,121,1491,2011,0.0,1196.0,-0.882574,-0.8780530000000001,FSM,KOR,7301
1989815,81,121,1491,2011,1114277.0,0.0,1.8048220000000001,0.380141,GBR,KOR,7301
1989816,82,121,1491,2011,170091.0,0.0,-0.07754,-0.35434699999999997,GEO,KOR,7301
1989817,83,121,1491,2011,0.0,29346.0,-0.8627319999999999,-0.608823,GHA,KOR,7301
1989818,95,121,1491,2011,0.0,395704.0,0.675826,0.157468,GUM,KOR,7301
1989819,96,121,1491,2011,0.0,1432.0,-1.079231,-1.0280989999999999,GUY,KOR,7301
1989820,97,121,1491,2011,0.0,20366520.0,0.663588,1.902118,HKG,KOR,7301
1989821,103,121,1491,2011,18812.0,2052137.0,-0.234125,1.168384,IDN,KOR,7301
1989822,104,121,1491,2011,32004.0,887405.0,0.18276199999999998,2.398765,IND,KOR,7301
1989823,107,121,1491,2011,0.0,13031080.0,-0.915379,-0.973194,IRN,KOR,7301
1989824,111,121,1491,2011,6229.0,57556.0,1.298751,0.48013599999999995,ITA,KOR,7301
1989825,114,121,1491,2011,2004695.0,18062137.0,2.516395,-0.534301,JPN,KOR,7301
1989826,115,121,1491,2011,0.0,59587.0,-0.514687,-0.775671,KAZ,KOR,7301
1989827,116,121,1491,2011,0.0,56603.0,-0.48319300000000004,0.346927,KEN,KOR,7301
1989828,122,121,1491,2011,0.0,4683853.0,-0.898582,-1.09893,KWT,KOR,7301
1989829,128,121,1491,2011,0.0,32173.0,-0.559311,0.398905,LKA,KOR,7301
1989830,131,121,1491,2011,3229914.0,0.0,1.1655739999999999,1.222379,LUX,KOR,7301
1989831,133,121,1491,2011,0.0,229202.0,0.511015,0.560905,MAC,KOR,7301
1989832,138,121,1491,2011,0.0,7139.0,0.9534600000000001,0.706982,MEX,KOR,7301
1989833,145,121,1491,2011,0.0,6414.0,-1.0869389999999999,-1.107693,MNG,KOR,7301
1989834,152,121,1491,2011,0.0,1573.0,-1.100291,-0.982559,MWI,KOR,7301
1989835,153,121,1491,2011,0.0,5653037.0,0.9893290000000001,0.632079,MYS,KOR,7301
1989836,156,121,1491,2011,0.0,34754.0,-0.976349,-0.798691,NCL,KOR,7301
1989837,159,121,1491,2011,0.0,11417.0,-1.699286,-1.15511,NGA,KOR,7301
1989838,162,121,1491,2011,1640.0,0.0,1.1655229999999999,1.410167,NLD,KOR,7301
1989839,163,121,1491,2011,0.0,6526.0,0.8492770000000001,0.050044,NOR,KOR,7301
1989840,164,121,1491,2011,0.0,74763.0,-0.242299,0.801966,NPL,KOR,7301
1989841,166,121,1491,2011,0.0,664291.0,0.372732,0.548601,NZL,KOR,7301
1989842,167,121,1491,2011,0.0,1026572.0,-0.473703,-0.952491,OMN,KOR,7301
1989843,169,121,1491,2011,0.0,3599.0,0.786135,1.061008,PAN,KOR,7301
1989844,173,121,1491,2011,0.0,3070.0,-0.455977,0.442543,PER,KOR,7301
1989845,174,121,1491,2011,0.0,5940305.0,0.364707,0.322626,PHL,KOR,7301
1989846,175,121,1491,2011,0.0,1061.0,-0.026091000000000003,-0.753837,PLW,KOR,7301
1989847,176,121,1491,2011,0.0,125537.0,-1.1111659999999999,-0.9458610000000001,PNG,KOR,7301
1989848,177,121,1491,2011,0.0,13176.0,1.133641,1.134203,POL,KOR,7301
1989849,183,121,1491,2011,1142049.0,0.0,-0.45851899999999995,-1.017033,QAT,KOR,7301
1989850,185,121,1491,2011,0.0,175152.0,0.722,1.296655,ROU,KOR,7301
1989851,186,121,1491,2011,0.0,2517695.0,0.47319399999999995,-0.20801599999999998,RUS,KOR,7301
1989852,188,121,1491,2011,0.0,1701753.0,0.354045,-0.800028,SAU,KOR,7301
1989853,192,121,1491,2011,270520.0,9211249.0,1.849116,0.52127,SGP,KOR,7301
1989854,195,121,1491,2011,0.0,9200.0,-1.401353,-0.931205,SLB,KOR,7301
1989855,208,121,1491,2011,1869.0,0.0,1.857146,0.366159,SWE,KOR,7301
1989856,216,121,1491,2011,2162.0,1461082.0,0.889009,1.503118,THA,KOR,7301
1989857,224,121,1491,2011,2129512.0,2672.0,0.45775,2.4316259999999996,TUR,KOR,7301
1989858,231,121,1491,2011,1149779.0,275526.0,1.6884849999999998,-0.474499,USA,KOR,7301
1989859,239,121,1491,2011,0.0,871025.0,-0.184453,1.637207,VNM,KOR,7301
1989860,243,121,1491,2011,0.0,36406.0,-1.44127,-1.242875,YEM,KOR,7301
1989861,249,121,1491,2011,0.0,422250.0,1.803234,0.921233,TWN,KOR,7301
1989862,0,122,1491,2011,1156.0,0.0,-0.282585,-0.71273,ABW,KWT,7301
1989863,7,122,1491,2011,117430.0,24434.0,0.030652,-0.450808,ARE,KWT,7301
1989864,14,122,1491,2011,1069.0,0.0,-0.138148,0.002999,AUS,KWT,7301
1989865,24,122,1491,2011,81710.0,2027211.0,0.04085,-0.873711,BHR,KWT,7301
1989866,43,122,1491,2011,867568.0,0.0,1.072299,1.686826,CHN,KWT,7301
1989867,61,122,1491,2011,1227.0,0.0,2.074435,-3.440815,DEU,KWT,7301
1989868,68,122,1491,2011,21359.0,78239.0,-0.166243,1.384719,EGY,KWT,7301
1989869,71,122,1491,2011,120930.0,0.0,0.8677290000000001,2.4618450000000003,ESP,KWT,7301
1989870,77,122,1491,2011,11109.0,0.0,1.532054,0.09339299999999999,FRA,KWT,7301
1989871,81,122,1491,2011,14825.0,0.0,1.8048220000000001,0.380141,GBR,KWT,7301
1989872,104,122,1491,2011,112972.0,0.0,0.18276199999999998,2.398765,IND,KWT,7301
1989873,107,122,1491,2011,0.0,1742.0,-0.915379,-0.973194,IRN,KWT,7301
1989874,111,122,1491,2011,82737.0,0.0,1.298751,0.48013599999999995,ITA,KWT,7301
1989875,114,122,1491,2011,128030.0,0.0,2.516395,-0.534301,JPN,KWT,7301
1989876,121,122,1491,2011,4683853.0,0.0,1.731371,0.8306879999999999,KOR,KWT,7301
1989877,124,122,1491,2011,4653.0,1908.0,0.278393,1.2962879999999999,LBN,KWT,7301
1989878,131,122,1491,2011,2438145.0,0.0,1.1655739999999999,1.222379,LUX,KWT,7301
1989879,162,122,1491,2011,107994.0,0.0,1.1655229999999999,1.410167,NLD,KWT,7301
1989880,167,122,1491,2011,424851.0,90676.0,-0.473703,-0.952491,OMN,KWT,7301
1989881,168,122,1491,2011,5998.0,0.0,-0.729677,0.6026729999999999,PAK,KWT,7301
1989882,181,122,1491,2011,3161.0,0.0,0.07902999999999999,0.550277,PSE,KWT,7301
1989883,183,122,1491,2011,46593.0,0.0,-0.45851899999999995,-1.017033,QAT,KWT,7301
1989884,188,122,1491,2011,5209485.0,3823391.0,0.354045,-0.800028,SAU,KWT,7301
1989885,192,122,1491,2011,496209.0,0.0,1.849116,0.52127,SGP,KWT,7301
1989886,212,122,1491,2011,1265.0,0.0,-0.604133,0.5268970000000001,SYR,KWT,7301
1989887,224,122,1491,2011,181299.0,0.0,0.45775,2.4316259999999996,TUR,KWT,7301
1989888,228,122,1491,2011,38009.0,0.0,0.6221409999999999,0.765505,UKR,KWT,7301
1989889,231,122,1491,2011,61074.0,0.0,1.6884849999999998,-0.474499,USA,KWT,7301
1989890,239,122,1491,2011,611.0,0.0,-0.184453,1.637207,VNM,KWT,7301
1989891,243,122,1491,2011,775.0,0.0,-1.44127,-1.242875,YEM,KWT,7301
1989892,246,122,1491,2011,43195.0,0.0,0.241792,1.353011,ZAF,KWT,7301
1989893,249,122,1491,2011,842.0,0.0,1.803234,0.921233,TWN,KWT,7301
1989894,250,122,1491,2011,9107.0,0.0,0.475638,-0.160135,ANS,KWT,7301
1989895,18,134,1491,2011,247492.0,0.0,1.221703,1.247961,BEL,MAR,7301
1989896,61,134,1491,2011,35522.0,0.0,2.074435,-3.440815,DEU,MAR,7301
1989897,68,134,1491,2011,7168.0,0.0,-0.166243,1.384719,EGY,MAR,7301
1989898,71,134,1491,2011,30768.0,0.0,0.8677290000000001,2.4618450000000003,ESP,MAR,7301
1989899,77,134,1491,2011,5603.0,1844.0,1.532054,0.09339299999999999,FRA,MAR,7301
1989900,104,134,1491,2011,4738.0,0.0,0.18276199999999998,2.398765,IND,MAR,7301
1989901,111,134,1491,2011,153381.0,0.0,1.298751,0.48013599999999995,ITA,MAR,7301
1989902,131,134,1491,2011,227157.0,0.0,1.1655739999999999,1.222379,LUX,MAR,7301
1989903,179,134,1491,2011,1453952.0,0.0,0.558481,2.7056240000000003,PRT,MAR,7301
1989904,15,138,1491,2011,1299.0,0.0,1.687634,-0.229095,AUT,MEX,7301
1989905,18,138,1491,2011,493621.0,0.0,1.221703,1.247961,BEL,MEX,7301
1989906,39,138,1491,2011,30384.0,21788.0,0.754813,1.1967290000000002,CAN,MEX,7301
1989907,43,138,1491,2011,102132.0,0.0,1.072299,1.686826,CHN,MEX,7301
1989908,52,138,1491,2011,0.0,29365.0,0.04325,-0.553193,CRI,MEX,7301
1989909,61,138,1491,2011,637821.0,0.0,2.074435,-3.440815,DEU,MEX,7301
1989910,65,138,1491,2011,0.0,3862.0,-0.260653,0.5682010000000001,DOM,MEX,7301
1989911,71,138,1491,2011,3448.0,0.0,0.8677290000000001,2.4618450000000003,ESP,MEX,7301
1989912,81,138,1491,2011,10562.0,0.0,1.8048220000000001,0.380141,GBR,MEX,7301
1989913,93,138,1491,2011,0.0,406891.0,-0.329497,0.775369,GTM,MEX,7301
1989914,104,138,1491,2011,2053.0,0.0,0.18276199999999998,2.398765,IND,MEX,7301
1989915,111,138,1491,2011,7450.0,0.0,1.298751,0.48013599999999995,ITA,MEX,7301
1989916,114,138,1491,2011,0.0,4001.0,2.516395,-0.534301,JPN,MEX,7301
1989917,115,138,1491,2011,0.0,4211.0,-0.514687,-0.775671,KAZ,MEX,7301
1989918,121,138,1491,2011,7139.0,0.0,1.731371,0.8306879999999999,KOR,MEX,7301
1989919,131,138,1491,2011,16869162.0,0.0,1.1655739999999999,1.222379,LUX,MEX,7301
1989920,162,138,1491,2011,1178.0,0.0,1.1655229999999999,1.410167,NLD,MEX,7301
1989921,169,138,1491,2011,0.0,516427.0,0.786135,1.061008,PAN,MEX,7301
1989922,173,138,1491,2011,0.0,18111.0,-0.455977,0.442543,PER,MEX,7301
1989923,192,138,1491,2011,84581.0,0.0,1.849116,0.52127,SGP,MEX,7301
1989924,208,138,1491,2011,2998.0,0.0,1.857146,0.366159,SWE,MEX,7301
1989925,216,138,1491,2011,1675.0,0.0,0.889009,1.503118,THA,MEX,7301
1989926,231,138,1491,2011,6884319.0,21695.0,1.6884849999999998,-0.474499,USA,MEX,7301
1989927,249,138,1491,2011,1065.0,6198.0,1.803234,0.921233,TWN,MEX,7301
1989928,14,153,1491,2011,19465.0,532881.0,-0.138148,0.002999,AUS,MYS,7301
1989929,18,153,1491,2011,1481959.0,0.0,1.221703,1.247961,BEL,MYS,7301
1989930,24,153,1491,2011,0.0,1894.0,0.04085,-0.873711,BHR,MYS,7301
1989931,34,153,1491,2011,0.0,11107.0,-0.171775,-0.6656810000000001,BRN,MYS,7301
1989932,39,153,1491,2011,19844.0,0.0,0.754813,1.1967290000000002,CAN,MYS,7301
1989933,41,153,1491,2011,1486.0,0.0,2.2644029999999997,0.406131,CHE,MYS,7301
1989934,43,153,1491,2011,512941.0,303963.0,1.072299,1.686826,CHN,MYS,7301
1989935,44,153,1491,2011,0.0,946.0,-1.069474,-0.867439,CIV,MYS,7301
1989936,47,153,1491,2011,0.0,5976.0,-0.979359,-1.084589,COG,MYS,7301
1989937,49,153,1491,2011,0.0,635546.0,0.14336600000000002,-0.22996,COL,MYS,7301
1989938,61,153,1491,2011,16269.0,0.0,2.074435,-3.440815,DEU,MYS,7301
1989939,74,153,1491,2011,10174.0,0.0,1.7488830000000002,0.890934,FIN,MYS,7301
1989940,77,153,1491,2011,20586.0,0.0,1.532054,0.09339299999999999,FRA,MYS,7301
1989941,80,153,1491,2011,0.0,5015.0,-1.093784,-1.0849659999999999,GAB,MYS,7301
1989942,81,153,1491,2011,4243.0,0.0,1.8048220000000001,0.380141,GBR,MYS,7301
1989943,97,153,1491,2011,4332.0,0.0,0.663588,1.902118,HKG,MYS,7301
1989944,103,153,1491,2011,17010.0,1600530.0,-0.234125,1.168384,IDN,MYS,7301
1989945,104,153,1491,2011,286905.0,773829.0,0.18276199999999998,2.398765,IND,MYS,7301
1989946,107,153,1491,2011,0.0,4020336.0,-0.915379,-0.973194,IRN,MYS,7301
1989947,111,153,1491,2011,12823.0,0.0,1.298751,0.48013599999999995,ITA,MYS,7301
1989948,113,153,1491,2011,0.0,8131.0,0.231605,0.47049399999999997,JOR,MYS,7301
1989949,114,153,1491,2011,2963530.0,0.0,2.516395,-0.534301,JPN,MYS,7301
1989950,118,153,1491,2011,0.0,2047.0,-1.162858,-1.103539,KHM,MYS,7301
1989951,121,153,1491,2011,5653037.0,0.0,1.731371,0.8306879999999999,KOR,MYS,7301
1989952,128,153,1491,2011,0.0,7967.0,-0.559311,0.398905,LKA,MYS,7301
1989953,131,153,1491,2011,104627.0,0.0,1.1655739999999999,1.222379,LUX,MYS,7301
1989954,159,153,1491,2011,0.0,32315.0,-1.699286,-1.15511,NGA,MYS,7301
1989955,162,153,1491,2011,9301.0,0.0,1.1655229999999999,1.410167,NLD,MYS,7301
1989956,166,153,1491,2011,0.0,738036.0,0.372732,0.548601,NZL,MYS,7301
1989957,174,153,1491,2011,113647.0,2534076.0,0.364707,0.322626,PHL,MYS,7301
1989958,176,153,1491,2011,0.0,678013.0,-1.1111659999999999,-0.9458610000000001,PNG,MYS,7301
1989959,188,153,1491,2011,0.0,614123.0,0.354045,-0.800028,SAU,MYS,7301
1989960,192,153,1491,2011,9764907.0,13761374.0,1.849116,0.52127,SGP,MYS,7301
1989961,208,153,1491,2011,0.0,122390.0,1.857146,0.366159,SWE,MYS,7301
1989962,211,153,1491,2011,0.0,1430.0,0.287017,-0.5136850000000001,SYC,MYS,7301
1989963,216,153,1491,2011,1285741.0,233800.0,0.889009,1.503118,THA,MYS,7301
1989964,231,153,1491,2011,1266556.0,0.0,1.6884849999999998,-0.474499,USA,MYS,7301
1989965,239,153,1491,2011,265258.0,228470.0,-0.184453,1.637207,VNM,MYS,7301
1989966,249,153,1491,2011,34238.0,0.0,1.803234,0.921233,TWN,MYS,7301
1989967,0,162,1491,2011,0.0,74844.0,-0.282585,-0.71273,ABW,NLD,7301
1989968,4,162,1491,2011,0.0,1796341.0,-0.331435,-0.034828,ALB,NLD,7301
1989969,7,162,1491,2011,0.0,42486.0,0.030652,-0.450808,ARE,NLD,7301
1989970,14,162,1491,2011,540950.0,5577.0,-0.138148,0.002999,AUS,NLD,7301
1989971,15,162,1491,2011,1144627.0,1114168.0,1.687634,-0.229095,AUT,NLD,7301
1989972,18,162,1491,2011,4773240.0,5453836.0,1.221703,1.247961,BEL,NLD,7301
1989973,22,162,1491,2011,0.0,832144.0,-1.074416,-0.8276370000000001,BGD,NLD,7301
1989974,23,162,1491,2011,13327.0,6275.0,0.537967,1.520973,BGR,NLD,7301
1989975,32,162,1491,2011,0.0,45227.0,0.27718400000000004,0.5674319999999999,BRA,NLD,7301
1989976,39,162,1491,2011,0.0,1121.0,0.754813,1.1967290000000002,CAN,NLD,7301
1989977,41,162,1491,2011,549073.0,830502.0,2.2644029999999997,0.406131,CHE,NLD,7301
1989978,43,162,1491,2011,8347434.0,14334.0,1.072299,1.686826,CHN,NLD,7301
1989979,47,162,1491,2011,0.0,2322744.0,-0.979359,-1.084589,COG,NLD,7301
1989980,55,162,1491,2011,0.0,170016.0,-0.052038,-0.69103,CUW,NLD,7301
1989981,59,162,1491,2011,378944.0,1118666.0,1.737788,0.14741600000000002,CZE,NLD,7301
1989982,61,162,1491,2011,6981952.0,14797266.0,2.074435,-3.440815,DEU,NLD,7301
1989983,64,162,1491,2011,81951.0,3231323.0,1.156026,1.2248299999999999,DNK,NLD,7301
1989984,68,162,1491,2011,384935.0,33466.0,-0.166243,1.384719,EGY,NLD,7301
1989985,71,162,1491,2011,38256.0,15951.0,0.8677290000000001,2.4618450000000003,ESP,NLD,7301
1989986,72,162,1491,2011,91772.0,0.0,0.9806790000000001,1.110449,EST,NLD,7301
1989987,73,162,1491,2011,0.0,189042.0,-1.258175,-0.920692,ETH,NLD,7301
1989988,74,162,1491,2011,1237.0,808065.0,1.7488830000000002,0.890934,FIN,NLD,7301
1989989,77,162,1491,2011,5109427.0,3964246.0,1.532054,0.09339299999999999,FRA,NLD,7301
1989990,78,162,1491,2011,0.0,473259.0,-0.733444,-0.8242229999999999,FRO,NLD,7301
1989991,81,162,1491,2011,905002.0,4631835.0,1.8048220000000001,0.380141,GBR,NLD,7301
1989992,83,162,1491,2011,0.0,229200.0,-0.8627319999999999,-0.608823,GHA,NLD,7301
1989993,90,162,1491,2011,0.0,32151.0,0.138679,1.30044,GRC,NLD,7301
1989994,97,162,1491,2011,2518.0,0.0,0.663588,1.902118,HKG,NLD,7301
1989995,102,162,1491,2011,1839.0,0.0,1.486592,0.805642,HUN,NLD,7301
1989996,103,162,1491,2011,21441.0,0.0,-0.234125,1.168384,IDN,NLD,7301
1989997,104,162,1491,2011,403031.0,11812.0,0.18276199999999998,2.398765,IND,NLD,7301
1989998,109,162,1491,2011,1335.0,1934.0,0.284202,-0.23753000000000002,ISL,NLD,7301
