2989999,107,122,1636,2013,4738.0,759537.0,-0.339172,-0.237114,IRN,KWT,8418
2990000,108,122,1636,2013,0.0,1341023.0,-2.839079,-0.8705440000000001,IRQ,KWT,8418
2990001,111,122,1636,2013,11126633.0,0.0,1.289924,0.533436,ITA,KWT,8418
2990002,113,122,1636,2013,2103636.0,44694.0,0.152659,0.5889979999999999,JOR,KWT,8418
2990003,114,122,1636,2013,270133.0,0.0,2.3993130000000003,-0.564768,JPN,KWT,8418
2990004,121,122,1636,2013,4020115.0,4266.0,1.818383,0.75645,KOR,KWT,8418
2990005,124,122,1636,2013,601803.0,86351.0,0.283084,1.4289100000000001,LBN,KWT,8418
2990006,125,122,1636,2013,0.0,8762.0,-0.41869399999999996,-0.9538770000000001,LBR,KWT,8418
2990007,128,122,1636,2013,0.0,13092.0,-0.6521779999999999,0.41258599999999995,LKA,KWT,8418
2990008,131,122,1636,2013,3658.0,0.0,1.170459,1.150327,LUX,KWT,8418
2990009,138,122,1636,2013,760985.0,0.0,1.048507,0.718932,MEX,KWT,8418
2990010,148,122,1636,2013,0.0,3328.0,-1.950532,-1.283104,MRT,KWT,8418
2990011,153,122,1636,2013,195228.0,0.0,0.937641,0.747496,MYS,KWT,8418
2990012,155,122,1636,2013,0.0,36834.0,-0.308643,-0.480617,NAM,KWT,8418
2990013,162,122,1636,2013,474856.0,0.0,1.184107,1.249557,NLD,KWT,8418
2990014,167,122,1636,2013,10385.0,55489.0,-0.604175,-1.0463209999999998,OMN,KWT,8418
2990015,168,122,1636,2013,1823015.0,5236.0,-0.75727,0.769703,PAK,KWT,8418
2990016,174,122,1636,2013,16411.0,0.0,0.507868,0.355403,PHL,KWT,8418
2990017,177,122,1636,2013,25074.0,0.0,1.084332,1.216749,POL,KWT,8418
2990018,179,122,1636,2013,171322.0,0.0,0.541454,2.5228610000000002,PRT,KWT,8418
2990019,183,122,1636,2013,20501.0,307775.0,-0.083649,-1.013491,QAT,KWT,8418
2990020,185,122,1636,2013,146245.0,0.0,0.792035,1.225034,ROU,KWT,8418
2990021,188,122,1636,2013,2317402.0,1302173.0,0.626347,-0.844406,SAU,KWT,8418
2990022,190,122,1636,2013,0.0,1820861.0,-1.254944,-1.073564,SDN,KWT,8418
2990023,192,122,1636,2013,33193.0,0.0,1.915504,0.619576,SGP,KWT,8418
2990024,206,122,1636,2013,5138.0,0.0,1.32064,0.7519819999999999,SVK,KWT,8418
2990025,207,122,1636,2013,34144.0,0.0,1.698374,0.563082,SVN,KWT,8418
2990026,208,122,1636,2013,62605.0,0.0,1.869421,0.228109,SWE,KWT,8418
2990027,212,122,1636,2013,1186.0,0.0,-0.14343399999999998,1.077256,SYR,KWT,8418
2990028,216,122,1636,2013,11178839.0,0.0,0.8752139999999999,1.3798620000000001,THA,KWT,8418
2990029,223,122,1636,2013,0.0,1675.0,0.185528,1.0070700000000001,TUN,KWT,8418
2990030,224,122,1636,2013,3687255.0,0.0,0.42932299999999995,2.690235,TUR,KWT,8418
2990031,227,122,1636,2013,0.0,2650.0,-0.5462279999999999,0.200682,UGA,KWT,8418
2990032,231,122,1636,2013,27585009.0,0.0,1.6639689999999998,-0.48651300000000003,USA,KWT,8418
2990033,239,122,1636,2013,20282.0,0.0,-0.11426900000000001,1.399738,VNM,KWT,8418
2990034,246,122,1636,2013,67958.0,0.0,0.380284,1.5682120000000002,ZAF,KWT,8418
2990035,249,122,1636,2013,572706.0,0.0,1.843186,0.9432379999999999,TWN,KWT,8418
2990036,250,122,1636,2013,9764.0,0.0,0.628555,0.277602,ANS,KWT,8418
2990037,0,138,1636,2013,0.0,448410.0,0.913235,-0.149061,ABW,MEX,8418
2990038,7,138,1636,2013,854.0,15612246.0,-0.074047,-0.585168,ARE,MEX,8418
2990039,8,138,1636,2013,997258.0,15326761.0,0.20314300000000002,0.494062,ARG,MEX,8418
2990040,9,138,1636,2013,0.0,726.0,-0.076922,-0.5781390000000001,ARM,MEX,8418
2990041,13,138,1636,2013,0.0,160078.0,0.096563,-0.60577,ATG,MEX,8418
2990042,14,138,1636,2013,191200.0,11240149.0,-0.31145700000000004,-0.167628,AUS,MEX,8418
2990043,15,138,1636,2013,1278368.0,118604.0,1.7209240000000001,-0.286892,AUT,MEX,8418
2990044,16,138,1636,2013,0.0,2071.0,-0.9232870000000001,-1.165928,AZE,MEX,8418
2990045,18,138,1636,2013,237025.0,1788913.0,1.316207,0.972601,BEL,MEX,8418
2990046,24,138,1636,2013,0.0,1122554.0,0.249681,-0.6204270000000001,BHR,MEX,8418
2990047,25,138,1636,2013,0.0,543906.0,0.756732,-0.369842,BHS,MEX,8418
2990048,26,138,1636,2013,0.0,611.0,0.46743199999999996,0.7340800000000001,BIH,MEX,8418
2990049,29,138,1636,2013,0.0,1124440.0,-0.35218299999999997,-0.508891,BLZ,MEX,8418
2990050,30,138,1636,2013,0.0,13800.0,1.087677,-0.452984,BMU,MEX,8418
2990051,31,138,1636,2013,0.0,9138502.0,-1.039614,-0.95663,BOL,MEX,8418
2990052,32,138,1636,2013,6411221.0,26992590.0,0.14765899999999998,0.399262,BRA,MEX,8418
2990053,33,138,1636,2013,0.0,922890.0,0.6969489999999999,0.135283,BRB,MEX,8418
2990054,34,138,1636,2013,0.0,2638.0,-0.866827,-0.795995,BRN,MEX,8418
2990055,39,138,1636,2013,3443654.0,231499981.0,0.719649,1.017046,CAN,MEX,8418
2990056,41,138,1636,2013,38778.0,83699.0,2.2104470000000003,0.5403479999999999,CHE,MEX,8418
2990057,42,138,1636,2013,35849.0,29360246.0,-0.260718,-0.38256100000000004,CHL,MEX,8418
2990058,43,138,1636,2013,79191889.0,2527572.0,1.113767,1.477496,CHN,MEX,8418
2990059,45,138,1636,2013,0.0,26110.0,-0.901531,-1.027111,CMR,MEX,8418
2990060,49,138,1636,2013,85163.0,85315264.0,0.121799,-0.388239,COL,MEX,8418
2990061,52,138,1636,2013,15978.0,35308548.0,0.067379,-0.688217,CRI,MEX,8418
2990062,54,138,1636,2013,0.0,3356704.0,-0.019956,-0.7873319999999999,CUB,MEX,8418
2990063,55,138,1636,2013,0.0,639779.0,0.029981999999999998,-0.673439,CUW,MEX,8418
2990064,58,138,1636,2013,0.0,1823.0,0.502238,0.349608,CYP,MEX,8418
2990065,59,138,1636,2013,469669.0,250352.0,1.819653,-0.12423800000000002,CZE,MEX,8418
2990066,61,138,1636,2013,5379453.0,4492903.0,2.093658,-3.4281980000000005,DEU,MEX,8418
2990067,63,138,1636,2013,0.0,205608.0,0.054362,-0.156703,DMA,MEX,8418
2990068,64,138,1636,2013,1022906.0,3604.0,1.161835,1.1788450000000001,DNK,MEX,8418
2990069,65,138,1636,2013,4268.0,13543323.0,-0.277269,0.432388,DOM,MEX,8418
2990070,66,138,1636,2013,0.0,181215.0,-1.373947,-1.1523459999999999,DZA,MEX,8418
2990071,67,138,1636,2013,0.0,16824501.0,-0.86546,-0.8888389999999999,ECU,MEX,8418
2990072,68,138,1636,2013,0.0,316705.0,-0.17418,1.692641,EGY,MEX,8418
2990073,71,138,1636,2013,7829391.0,3137351.0,0.861698,2.353993,ESP,MEX,8418
2990074,72,138,1636,2013,0.0,1664.0,0.8828940000000001,1.386574,EST,MEX,8418
2990075,74,138,1636,2013,72318.0,26577.0,1.734552,0.8896940000000001,FIN,MEX,8418
2990076,77,138,1636,2013,1998917.0,2735124.0,1.520354,0.022874000000000002,FRA,MEX,8418
2990077,81,138,1636,2013,87727.0,3238921.0,1.7901259999999999,0.44164,GBR,MEX,8418
2990078,82,138,1636,2013,0.0,13778.0,-0.160691,-0.393419,GEO,MEX,8418
2990079,83,138,1636,2013,0.0,58833.0,-0.7316010000000001,-0.5327689999999999,GHA,MEX,8418
2990080,90,138,1636,2013,685699.0,1721344.0,0.18823800000000002,0.910906,GRC,MEX,8418
2990081,91,138,1636,2013,0.0,344490.0,0.073206,-0.567926,GRD,MEX,8418
2990082,93,138,1636,2013,971767.0,27341546.0,-0.41466499999999995,0.774788,GTM,MEX,8418
2990083,96,138,1636,2013,0.0,1069640.0,-0.8555590000000001,-0.9744450000000001,GUY,MEX,8418
2990084,97,138,1636,2013,951125.0,1186365.0,0.744383,1.923139,HKG,MEX,8418
2990085,99,138,1636,2013,0.0,15047841.0,-0.731431,-0.310927,HND,MEX,8418
2990086,100,138,1636,2013,0.0,2033.0,0.898284,1.038807,HRV,MEX,8418
2990087,101,138,1636,2013,0.0,742967.0,-1.095392,-0.957326,HTI,MEX,8418
2990088,102,138,1636,2013,159891.0,0.0,1.506101,0.7279220000000001,HUN,MEX,8418
2990089,103,138,1636,2013,1601612.0,684671.0,-0.216854,1.415728,IDN,MEX,8418
2990090,104,138,1636,2013,476878.0,1097911.0,0.215356,2.3916209999999998,IND,MEX,8418
2990091,106,138,1636,2013,79562.0,57912.0,1.29988,0.240688,IRL,MEX,8418
2990092,107,138,1636,2013,0.0,145329.0,-0.339172,-0.237114,IRN,MEX,8418
2990093,108,138,1636,2013,0.0,642074.0,-2.839079,-0.8705440000000001,IRQ,MEX,8418
2990094,109,138,1636,2013,0.0,2103.0,0.259374,-0.20413299999999998,ISL,MEX,8418
2990095,110,138,1636,2013,8104.0,7397179.0,1.197241,0.633828,ISR,MEX,8418
2990096,111,138,1636,2013,10570948.0,1625978.0,1.289924,0.533436,ITA,MEX,8418
2990097,112,138,1636,2013,0.0,7283563.0,-0.541441,-0.8448559999999999,JAM,MEX,8418
2990098,113,138,1636,2013,0.0,761896.0,0.152659,0.5889979999999999,JOR,MEX,8418
2990099,114,138,1636,2013,2646047.0,977899.0,2.3993130000000003,-0.564768,JPN,MEX,8418
2990100,115,138,1636,2013,0.0,87000.0,-0.680678,-0.83347,KAZ,MEX,8418
2990101,116,138,1636,2013,0.0,4029.0,-0.448112,0.8672719999999999,KEN,MEX,8418
2990102,117,138,1636,2013,0.0,5607.0,-0.1035,0.339914,KGZ,MEX,8418
2990103,120,138,1636,2013,0.0,37885.0,0.8500270000000001,-0.390234,KNA,MEX,8418
2990104,121,138,1636,2013,145713992.0,3568466.0,1.818383,0.75645,KOR,MEX,8418
2990105,122,138,1636,2013,0.0,760985.0,-0.536384,-1.08382,KWT,MEX,8418
2990106,124,138,1636,2013,0.0,416091.0,0.283084,1.4289100000000001,LBN,MEX,8418
2990107,126,138,1636,2013,0.0,234696.0,-1.6241459999999999,-1.1817950000000002,LBY,MEX,8418
2990108,127,138,1636,2013,6287.0,411392.0,0.265129,-0.5083949999999999,LCA,MEX,8418
2990109,128,138,1636,2013,0.0,17614.0,-0.6521779999999999,0.41258599999999995,LKA,MEX,8418
2990110,130,138,1636,2013,18863.0,0.0,0.737796,1.215543,LTU,MEX,8418
2990111,131,138,1636,2013,188133.0,0.0,1.170459,1.150327,LUX,MEX,8418
2990112,132,138,1636,2013,0.0,23457.0,0.6219439999999999,1.166749,LVA,MEX,8418
2990113,133,138,1636,2013,0.0,107060.0,0.252209,0.184401,MAC,MEX,8418
2990114,134,138,1636,2013,0.0,41354.0,-0.6494260000000001,-0.035075999999999996,MAR,MEX,8418
2990115,135,138,1636,2013,0.0,479.0,-0.016235,0.132104,MDA,MEX,8418
2990116,142,138,1636,2013,3107.0,0.0,0.8519760000000001,-0.075869,MLT,MEX,8418
2990117,143,138,1636,2013,0.0,9417.0,-1.230787,-0.737375,MMR,MEX,8418
2990118,145,138,1636,2013,0.0,3182.0,-1.3270950000000001,-1.144547,MNG,MEX,8418
2990119,151,138,1636,2013,0.0,28551.0,-0.158852,0.0061600000000000005,MUS,MEX,8418
2990120,153,138,1636,2013,225459.0,0.0,0.937641,0.747496,MYS,MEX,8418
2990121,156,138,1636,2013,0.0,538.0,-0.136052,-0.703913,NCL,MEX,8418
2990122,159,138,1636,2013,0.0,316350.0,-1.745783,-1.1356680000000001,NGA,MEX,8418
2990123,160,138,1636,2013,0.0,4861774.0,-0.9277,-0.6842630000000001,NIC,MEX,8418
2990124,162,138,1636,2013,1049119.0,1242685.0,1.184107,1.249557,NLD,MEX,8418
2990125,163,138,1636,2013,8186.0,246854.0,0.892099,0.18168399999999998,NOR,MEX,8418
2990126,166,138,1636,2013,156243.0,1123638.0,0.3345,0.39063000000000003,NZL,MEX,8418
2990127,167,138,1636,2013,0.0,601363.0,-0.604175,-1.0463209999999998,OMN,MEX,8418
2990128,168,138,1636,2013,0.0,142422.0,-0.75727,0.769703,PAK,MEX,8418
2990129,169,138,1636,2013,14993.0,20088632.0,0.735637,1.161718,PAN,MEX,8418
2990130,173,138,1636,2013,85704.0,45398487.0,-0.573852,0.357977,PER,MEX,8418
2990131,174,138,1636,2013,48768.0,552053.0,0.507868,0.355403,PHL,MEX,8418
2990132,177,138,1636,2013,448537.0,120113.0,1.084332,1.216749,POL,MEX,8418
2990133,179,138,1636,2013,106992.0,5207.0,0.541454,2.5228610000000002,PRT,MEX,8418
2990134,180,138,1636,2013,122284.0,7415880.0,-0.566239,-0.9273459999999999,PRY,MEX,8418
2990135,182,138,1636,2013,0.0,2946.0,-0.146044,-0.7055359999999999,PYF,MEX,8418
2990136,183,138,1636,2013,0.0,1211745.0,-0.083649,-1.013491,QAT,MEX,8418
2990137,185,138,1636,2013,95905.0,90401.0,0.792035,1.225034,ROU,MEX,8418
2990138,186,138,1636,2013,0.0,1054182.0,0.481166,-0.180052,RUS,MEX,8418
2990139,188,138,1636,2013,0.0,13826063.0,0.626347,-0.844406,SAU,MEX,8418
2990140,192,138,1636,2013,3832580.0,805456.0,1.915504,0.619576,SGP,MEX,8418
2990141,197,138,1636,2013,2381.0,17512034.0,-0.021029,0.381522,SLV,MEX,8418
2990142,198,138,1636,2013,22461.0,0.0,1.108559,0.569782,SMR,MEX,8418
2990143,201,138,1636,2013,13502.0,1596.0,0.5717720000000001,1.174901,SRB,MEX,8418
2990144,205,138,1636,2013,0.0,616158.0,-0.417865,-0.7600399999999999,SUR,MEX,8418
2990145,206,138,1636,2013,28977.0,12847.0,1.32064,0.7519819999999999,SVK,MEX,8418
2990146,207,138,1636,2013,236677.0,1405.0,1.698374,0.563082,SVN,MEX,8418
2990147,208,138,1636,2013,1127836.0,477532.0,1.869421,0.228109,SWE,MEX,8418
2990148,215,138,1636,2013,0.0,17561.0,-0.598413,-0.49295200000000006,TGO,MEX,8418
2990149,216,138,1636,2013,1296118.0,397466.0,0.8752139999999999,1.3798620000000001,THA,MEX,8418
2990150,222,138,1636,2013,0.0,7697488.0,-0.280641,-1.083332,TTO,MEX,8418
2990151,223,138,1636,2013,0.0,92187.0,0.185528,1.0070700000000001,TUN,MEX,8418
2990152,224,138,1636,2013,402054.0,7022788.0,0.42932299999999995,2.690235,TUR,MEX,8418
2990153,228,138,1636,2013,312443.0,2406.0,0.657729,0.9063200000000001,UKR,MEX,8418
2990154,230,138,1636,2013,0.0,14978859.0,0.20190999999999998,-0.19777999999999998,URY,MEX,8418
2990155,231,138,1636,2013,454103027.0,3499526064.0,1.6639689999999998,-0.48651300000000003,USA,MEX,8418
2990156,234,138,1636,2013,0.0,457098.0,0.193198,-0.23631799999999997,VCT,MEX,8418
2990157,236,138,1636,2013,0.0,32454818.0,-0.778172,-1.107059,VEN,MEX,8418
2990158,237,138,1636,2013,0.0,10465.0,0.616863,-0.314222,VGB,MEX,8418
2990159,239,138,1636,2013,0.0,22343.0,-0.11426900000000001,1.399738,VNM,MEX,8418
2990160,243,138,1636,2013,0.0,225189.0,-1.252605,-1.207324,YEM,MEX,8418
2990161,246,138,1636,2013,0.0,432832.0,0.380284,1.5682120000000002,ZAF,MEX,8418
2990162,249,138,1636,2013,449233.0,4952036.0,1.843186,0.9432379999999999,TWN,MEX,8418
2990163,250,138,1636,2013,12089.0,353040.0,0.628555,0.277602,ANS,MEX,8418
2990164,2,153,1636,2013,0.0,81530.0,-1.172043,-1.133735,AGO,MYS,8418
2990165,4,153,1636,2013,0.0,15373.0,-0.53682,-0.162391,ALB,MYS,8418
2990166,7,153,1636,2013,9843.0,3298493.0,-0.074047,-0.585168,ARE,MYS,8418
2990167,8,153,1636,2013,1387.0,76846.0,0.20314300000000002,0.494062,ARG,MYS,8418
2990168,9,153,1636,2013,0.0,279.0,-0.076922,-0.5781390000000001,ARM,MYS,8418
2990169,14,153,1636,2013,160895.0,3283168.0,-0.31145700000000004,-0.167628,AUS,MYS,8418
2990170,15,153,1636,2013,172723.0,1108207.0,1.7209240000000001,-0.286892,AUT,MYS,8418
2990171,16,153,1636,2013,0.0,72840.0,-0.9232870000000001,-1.165928,AZE,MYS,8418
2990172,18,153,1636,2013,34640.0,1322555.0,1.316207,0.972601,BEL,MYS,8418
2990173,22,153,1636,2013,0.0,1210771.0,-1.101916,-0.734646,BGD,MYS,8418
2990174,23,153,1636,2013,0.0,315999.0,0.5026109999999999,1.674296,BGR,MYS,8418
2990175,24,153,1636,2013,0.0,134603.0,0.249681,-0.6204270000000001,BHR,MYS,8418
2990176,26,153,1636,2013,0.0,653.0,0.46743199999999996,0.7340800000000001,BIH,MYS,8418
2990177,28,153,1636,2013,0.0,171.0,1.036923,0.864568,BLR,MYS,8418
2990178,32,153,1636,2013,0.0,89041.0,0.14765899999999998,0.399262,BRA,MYS,8418
2990179,34,153,1636,2013,43768.0,888711.0,-0.866827,-0.795995,BRN,MYS,8418
2990180,39,153,1636,2013,86305.0,305996.0,0.719649,1.017046,CAN,MYS,8418
2990181,41,153,1636,2013,41259.0,375672.0,2.2104470000000003,0.5403479999999999,CHE,MYS,8418
2990182,42,153,1636,2013,0.0,2056428.0,-0.260718,-0.38256100000000004,CHL,MYS,8418
2990183,43,153,1636,2013,103116647.0,351694.0,1.113767,1.477496,CHN,MYS,8418
2990184,45,153,1636,2013,0.0,68271.0,-0.901531,-1.027111,CMR,MYS,8418
2990185,46,153,1636,2013,0.0,5791.0,-1.300125,-1.0708010000000001,COD,MYS,8418
2990186,49,153,1636,2013,0.0,361123.0,0.121799,-0.388239,COL,MYS,8418
2990187,52,153,1636,2013,37231.0,52730.0,0.067379,-0.688217,CRI,MYS,8418
2990188,54,153,1636,2013,0.0,35385.0,-0.019956,-0.7873319999999999,CUB,MYS,8418
2990189,56,153,1636,2013,0.0,13066.0,0.972676,-0.5206729999999999,CXR,MYS,8418
2990190,58,153,1636,2013,0.0,17044.0,0.502238,0.349608,CYP,MYS,8418
2990191,59,153,1636,2013,345883.0,1156968.0,1.819653,-0.12423800000000002,CZE,MYS,8418
2990192,61,153,1636,2013,2062839.0,4961363.0,2.093658,-3.4281980000000005,DEU,MYS,8418
2990193,64,153,1636,2013,658544.0,10174538.0,1.161835,1.1788450000000001,DNK,MYS,8418
2990194,66,153,1636,2013,0.0,145942.0,-1.373947,-1.1523459999999999,DZA,MYS,8418
2990195,67,153,1636,2013,0.0,523740.0,-0.86546,-0.8888389999999999,ECU,MYS,8418
2990196,68,153,1636,2013,0.0,27143552.0,-0.17418,1.692641,EGY,MYS,8418
2990197,71,153,1636,2013,275128.0,1623982.0,0.861698,2.353993,ESP,MYS,8418
2990198,72,153,1636,2013,0.0,16189.0,0.8828940000000001,1.386574,EST,MYS,8418
2990199,73,153,1636,2013,0.0,51462.0,-1.264002,-0.9594219999999999,ETH,MYS,8418
2990200,74,153,1636,2013,0.0,608943.0,1.734552,0.8896940000000001,FIN,MYS,8418
2990201,75,153,1636,2013,0.0,175933.0,-0.5203369999999999,-0.122405,FJI,MYS,8418
2990202,77,153,1636,2013,975499.0,6378510.0,1.520354,0.022874000000000002,FRA,MYS,8418
2990203,80,153,1636,2013,0.0,5432.0,-1.6582830000000002,-1.155302,GAB,MYS,8418
2990204,81,153,1636,2013,271551.0,2266735.0,1.7901259999999999,0.44164,GBR,MYS,8418
2990205,83,153,1636,2013,0.0,8275.0,-0.7316010000000001,-0.5327689999999999,GHA,MYS,8418
2990206,85,153,1636,2013,0.0,2976.0,-1.1287459999999998,-1.069735,GIN,MYS,8418
2990207,87,153,1636,2013,0.0,3638.0,-0.5571550000000001,-0.6860310000000001,GMB,MYS,8418
2990208,90,153,1636,2013,54339.0,0.0,0.18823800000000002,0.910906,GRC,MYS,8418
2990209,95,153,1636,2013,0.0,61940.0,0.483541,0.281968,GUM,MYS,8418
2990210,97,153,1636,2013,495332.0,5770129.0,0.744383,1.923139,HKG,MYS,8418
2990211,102,153,1636,2013,22812.0,49938.0,1.506101,0.7279220000000001,HUN,MYS,8418
2990212,103,153,1636,2013,27575517.0,13140753.0,-0.216854,1.415728,IDN,MYS,8418
2990213,104,153,1636,2013,982368.0,5289723.0,0.215356,2.3916209999999998,IND,MYS,8418
2990214,106,153,1636,2013,81306.0,33256.0,1.29988,0.240688,IRL,MYS,8418
2990215,107,153,1636,2013,0.0,2210563.0,-0.339172,-0.237114,IRN,MYS,8418
2990216,109,153,1636,2013,0.0,1424.0,0.259374,-0.20413299999999998,ISL,MYS,8418
2990217,110,153,1636,2013,0.0,59293.0,1.197241,0.633828,ISR,MYS,8418
2990218,111,153,1636,2013,2543985.0,15263580.0,1.289924,0.533436,ITA,MYS,8418
2990219,112,153,1636,2013,0.0,38575.0,-0.541441,-0.8448559999999999,JAM,MYS,8418
2990220,113,153,1636,2013,0.0,115976.0,0.152659,0.5889979999999999,JOR,MYS,8418
2990221,114,153,1636,2013,22603435.0,5138734.0,2.3993130000000003,-0.564768,JPN,MYS,8418
2990222,115,153,1636,2013,0.0,1217.0,-0.680678,-0.83347,KAZ,MYS,8418
2990223,116,153,1636,2013,0.0,267847.0,-0.448112,0.8672719999999999,KEN,MYS,8418
2990224,117,153,1636,2013,0.0,4917.0,-0.1035,0.339914,KGZ,MYS,8418
2990225,118,153,1636,2013,1162.0,1101174.0,-1.054758,-0.872352,KHM,MYS,8418
2990226,119,153,1636,2013,0.0,7942.0,-0.258825,-0.781927,KIR,MYS,8418
2990227,121,153,1636,2013,9183933.0,626925.0,1.818383,0.75645,KOR,MYS,8418
2990228,122,153,1636,2013,0.0,195228.0,-0.536384,-1.08382,KWT,MYS,8418
2990229,123,153,1636,2013,0.0,98063.0,-1.204446,-0.8571489999999999,LAO,MYS,8418
2990230,124,153,1636,2013,0.0,49175.0,0.283084,1.4289100000000001,LBN,MYS,8418
2990231,126,153,1636,2013,0.0,7928.0,-1.6241459999999999,-1.1817950000000002,LBY,MYS,8418
2990232,127,153,1636,2013,0.0,25389.0,0.265129,-0.5083949999999999,LCA,MYS,8418
2990233,128,153,1636,2013,0.0,984416.0,-0.6521779999999999,0.41258599999999995,LKA,MYS,8418
2990234,129,153,1636,2013,0.0,81358.0,-0.7396689999999999,-0.696625,LSO,MYS,8418
2990235,130,153,1636,2013,0.0,210686.0,0.737796,1.215543,LTU,MYS,8418
2990236,131,153,1636,2013,141948.0,0.0,1.170459,1.150327,LUX,MYS,8418
2990237,132,153,1636,2013,0.0,74047.0,0.6219439999999999,1.166749,LVA,MYS,8418
2990238,134,153,1636,2013,0.0,21637.0,-0.6494260000000001,-0.035075999999999996,MAR,MYS,8418
2990239,136,153,1636,2013,0.0,7008.0,-1.068565,-0.364254,MDG,MYS,8418
2990240,137,153,1636,2013,0.0,282941.0,-0.21889699999999998,-0.776392,MDV,MYS,8418
2990241,138,153,1636,2013,0.0,225459.0,1.048507,0.718932,MEX,MYS,8418
2990242,143,153,1636,2013,0.0,768248.0,-1.230787,-0.737375,MMR,MYS,8418
2990243,144,153,1636,2013,0.0,554.0,-0.054454999999999996,-0.164875,MNE,MYS,8418
2990244,145,153,1636,2013,0.0,98811.0,-1.3270950000000001,-1.144547,MNG,MYS,8418
2990245,147,153,1636,2013,0.0,20749.0,-1.326323,-1.050969,MOZ,MYS,8418
2990246,151,153,1636,2013,0.0,111450.0,-0.158852,0.0061600000000000005,MUS,MYS,8418
2990247,155,153,1636,2013,0.0,16106.0,-0.308643,-0.480617,NAM,MYS,8418
2990248,156,153,1636,2013,0.0,287914.0,-0.136052,-0.703913,NCL,MYS,8418
2990249,159,153,1636,2013,0.0,225089.0,-1.745783,-1.1356680000000001,NGA,MYS,8418
2990250,162,153,1636,2013,1983155.0,561387.0,1.184107,1.249557,NLD,MYS,8418
2990251,163,153,1636,2013,2725.0,1373262.0,0.892099,0.18168399999999998,NOR,MYS,8418
2990252,164,153,1636,2013,0.0,10778.0,-0.293669,0.677365,NPL,MYS,8418
2990253,166,153,1636,2013,69412.0,1600737.0,0.3345,0.39063000000000003,NZL,MYS,8418
2990254,167,153,1636,2013,0.0,330533.0,-0.604175,-1.0463209999999998,OMN,MYS,8418
2990255,168,153,1636,2013,0.0,323304.0,-0.75727,0.769703,PAK,MYS,8418
2990256,169,153,1636,2013,0.0,9509654.0,0.735637,1.161718,PAN,MYS,8418
2990257,173,153,1636,2013,0.0,464405.0,-0.573852,0.357977,PER,MYS,8418
2990258,174,153,1636,2013,197891.0,4470468.0,0.507868,0.355403,PHL,MYS,8418
2990259,176,153,1636,2013,0.0,1093723.0,-1.444244,-1.144231,PNG,MYS,8418
2990260,177,153,1636,2013,10388.0,757326.0,1.084332,1.216749,POL,MYS,8418
2990261,179,153,1636,2013,132744.0,88320.0,0.541454,2.5228610000000002,PRT,MYS,8418
2990262,180,153,1636,2013,0.0,8546.0,-0.566239,-0.9273459999999999,PRY,MYS,8418
2990263,182,153,1636,2013,0.0,81117.0,-0.146044,-0.7055359999999999,PYF,MYS,8418
2990264,183,153,1636,2013,0.0,710639.0,-0.083649,-1.013491,QAT,MYS,8418
2990265,185,153,1636,2013,0.0,1740.0,0.792035,1.225034,ROU,MYS,8418
2990266,186,153,1636,2013,20270.0,449195.0,0.481166,-0.180052,RUS,MYS,8418
2990267,188,153,1636,2013,0.0,692930.0,0.626347,-0.844406,SAU,MYS,8418
2990268,190,153,1636,2013,0.0,93133.0,-1.254944,-1.073564,SDN,MYS,8418
2990269,191,153,1636,2013,0.0,1878.0,-0.523662,-0.309101,SEN,MYS,8418
2990270,192,153,1636,2013,8418709.0,65374518.0,1.915504,0.619576,SGP,MYS,8418
2990271,195,153,1636,2013,0.0,35751.0,-0.9350860000000001,-0.877676,SLB,MYS,8418
2990272,201,153,1636,2013,0.0,3208.0,0.5717720000000001,1.174901,SRB,MYS,8418
2990273,205,153,1636,2013,0.0,9182.0,-0.417865,-0.7600399999999999,SUR,MYS,8418
2990274,206,153,1636,2013,1209.0,8301.0,1.32064,0.7519819999999999,SVK,MYS,8418
2990275,207,153,1636,2013,15416.0,127534.0,1.698374,0.563082,SVN,MYS,8418
2990276,208,153,1636,2013,891723.0,902535.0,1.869421,0.228109,SWE,MYS,8418
2990277,211,153,1636,2013,0.0,51215.0,0.270999,-0.474095,SYC,MYS,8418
2990278,216,153,1636,2013,119063275.0,10542359.0,0.8752139999999999,1.3798620000000001,THA,MYS,8418
2990279,222,153,1636,2013,0.0,106731.0,-0.280641,-1.083332,TTO,MYS,8418
2990280,223,153,1636,2013,0.0,76848.0,0.185528,1.0070700000000001,TUN,MYS,8418
2990281,224,153,1636,2013,2756495.0,649116.0,0.42932299999999995,2.690235,TUR,MYS,8418
2990282,225,153,1636,2013,0.0,3318.0,0.002879,-0.779308,TUV,MYS,8418
2990283,226,153,1636,2013,0.0,144303.0,-0.9306770000000001,0.273489,TZA,MYS,8418
2990284,227,153,1636,2013,0.0,24075.0,-0.5462279999999999,0.200682,UGA,MYS,8418
2990285,228,153,1636,2013,0.0,292037.0,0.657729,0.9063200000000001,UKR,MYS,8418
2990286,230,153,1636,2013,0.0,254499.0,0.20190999999999998,-0.19777999999999998,URY,MYS,8418
2990287,231,153,1636,2013,8975097.0,12080434.0,1.6639689999999998,-0.48651300000000003,USA,MYS,8418
2990288,236,153,1636,2013,0.0,164962.0,-0.778172,-1.107059,VEN,MYS,8418
2990289,239,153,1636,2013,8264601.0,5700704.0,-0.11426900000000001,1.399738,VNM,MYS,8418
2990290,242,153,1636,2013,0.0,7424.0,0.824724,0.056441,WSM,MYS,8418
2990291,243,153,1636,2013,0.0,80640.0,-1.252605,-1.207324,YEM,MYS,8418
2990292,246,153,1636,2013,20288.0,1144761.0,0.380284,1.5682120000000002,ZAF,MYS,8418
2990293,247,153,1636,2013,0.0,1561.0,-0.382129,-0.5442229999999999,ZMB,MYS,8418
2990294,249,153,1636,2013,2411172.0,2190903.0,1.843186,0.9432379999999999,TWN,MYS,8418
2990295,250,153,1636,2013,0.0,54876.0,0.628555,0.277602,ANS,MYS,8418
2990296,0,162,1636,2013,8198.0,108389.0,0.913235,-0.149061,ABW,NLD,8418
2990297,1,162,1636,2013,56558.0,108404.0,-0.985727,-0.7164550000000001,AFG,NLD,8418
2990298,2,162,1636,2013,0.0,81254.0,-1.172043,-1.133735,AGO,NLD,8418
2990299,4,162,1636,2013,0.0,43481.0,-0.53682,-0.162391,ALB,NLD,8418
2990300,5,162,1636,2013,0.0,6326.0,0.9666530000000001,-0.159606,AND,NLD,8418
2990301,7,162,1636,2013,102581.0,3223916.0,-0.074047,-0.585168,ARE,NLD,8418
2990302,8,162,1636,2013,0.0,49098.0,0.20314300000000002,0.494062,ARG,NLD,8418
2990303,9,162,1636,2013,0.0,25215.0,-0.076922,-0.5781390000000001,ARM,NLD,8418
2990304,13,162,1636,2013,0.0,1023.0,0.096563,-0.60577,ATG,NLD,8418
2990305,14,162,1636,2013,23658.0,3797262.0,-0.31145700000000004,-0.167628,AUS,NLD,8418
2990306,15,162,1636,2013,17465437.0,7605437.0,1.7209240000000001,-0.286892,AUT,NLD,8418
2990307,16,162,1636,2013,11015.0,2470308.0,-0.9232870000000001,-1.165928,AZE,NLD,8418
2990308,17,162,1636,2013,0.0,588166.0,-0.824903,-0.906436,BDI,NLD,8418
2990309,18,162,1636,2013,48551118.0,113638517.0,1.316207,0.972601,BEL,NLD,8418
2990310,19,162,1636,2013,0.0,11619.0,-0.919968,-0.90691,BEN,NLD,8418
2990311,20,162,1636,2013,0.0,72224.0,1.6446889999999998,-0.481741,BES,NLD,8418
2990312,21,162,1636,2013,0.0,42217.0,-0.9110360000000001,-0.852492,BFA,NLD,8418
2990313,22,162,1636,2013,0.0,548820.0,-1.101916,-0.734646,BGD,NLD,8418
2990314,23,162,1636,2013,12614607.0,492785.0,0.5026109999999999,1.674296,BGR,NLD,8418
2990315,24,162,1636,2013,0.0,314047.0,0.249681,-0.6204270000000001,BHR,NLD,8418
2990316,25,162,1636,2013,0.0,84792.0,0.756732,-0.369842,BHS,NLD,8418
2990317,26,162,1636,2013,68467.0,107355.0,0.46743199999999996,0.7340800000000001,BIH,NLD,8418
2990318,28,162,1636,2013,0.0,473223.0,1.036923,0.864568,BLR,NLD,8418
2990319,30,162,1636,2013,0.0,18046.0,1.087677,-0.452984,BMU,NLD,8418
2990320,32,162,1636,2013,23309.0,421446.0,0.14765899999999998,0.399262,BRA,NLD,8418
2990321,33,162,1636,2013,0.0,70536.0,0.6969489999999999,0.135283,BRB,NLD,8418
2990322,37,162,1636,2013,0.0,112822.0,-0.46761499999999995,-1.0842040000000002,BWA,NLD,8418
2990323,38,162,1636,2013,0.0,10989.0,-0.268604,-0.606101,CAF,NLD,8418
2990324,39,162,1636,2013,868287.0,380784.0,0.719649,1.017046,CAN,NLD,8418
2990325,41,162,1636,2013,1836402.0,8712876.0,2.2104470000000003,0.5403479999999999,CHE,NLD,8418
2990326,42,162,1636,2013,1015.0,1762938.0,-0.260718,-0.38256100000000004,CHL,NLD,8418
2990327,43,162,1636,2013,102312731.0,4851559.0,1.113767,1.477496,CHN,NLD,8418
2990328,44,162,1636,2013,0.0,430549.0,-0.923558,-0.866642,CIV,NLD,8418
2990329,45,162,1636,2013,0.0,1302746.0,-0.901531,-1.027111,CMR,NLD,8418
2990330,46,162,1636,2013,0.0,667235.0,-1.300125,-1.0708010000000001,COD,NLD,8418
2990331,47,162,1636,2013,369.0,1376165.0,-1.215681,-1.08679,COG,NLD,8418
2990332,49,162,1636,2013,51946.0,151121.0,0.121799,-0.388239,COL,NLD,8418
2990333,51,162,1636,2013,0.0,16595.0,-0.75058,-0.8948219999999999,CPV,NLD,8418
2990334,52,162,1636,2013,1614.0,274339.0,0.067379,-0.688217,CRI,NLD,8418
2990335,54,162,1636,2013,0.0,82881.0,-0.019956,-0.7873319999999999,CUB,NLD,8418
2990336,55,162,1636,2013,0.0,375173.0,0.029981999999999998,-0.673439,CUW,NLD,8418
2990337,57,162,1636,2013,0.0,32395.0,0.391996,-0.73249,CYM,NLD,8418
2990338,58,162,1636,2013,22322.0,454101.0,0.502238,0.349608,CYP,NLD,8418
2990339,59,162,1636,2013,19414135.0,5145844.0,1.819653,-0.12423800000000002,CZE,NLD,8418
2990340,61,162,1636,2013,146233914.0,63663951.0,2.093658,-3.4281980000000005,DEU,NLD,8418
2990341,62,162,1636,2013,0.0,151127.0,-0.412843,-0.695916,DJI,NLD,8418
2990342,64,162,1636,2013,20987382.0,10215588.0,1.161835,1.1788450000000001,DNK,NLD,8418
2990343,65,162,1636,2013,28891.0,119731.0,-0.277269,0.432388,DOM,NLD,8418
2990344,66,162,1636,2013,0.0,141292.0,-1.373947,-1.1523459999999999,DZA,NLD,8418
2990345,67,162,1636,2013,0.0,209826.0,-0.86546,-0.8888389999999999,ECU,NLD,8418
2990346,68,162,1636,2013,19320.0,2554905.0,-0.17418,1.692641,EGY,NLD,8418
2990347,71,162,1636,2013,3860204.0,12949345.0,0.861698,2.353993,ESP,NLD,8418
2990348,72,162,1636,2013,104896.0,736329.0,0.8828940000000001,1.386574,EST,NLD,8418
2990349,73,162,1636,2013,0.0,1899035.0,-1.264002,-0.9594219999999999,ETH,NLD,8418
2990350,74,162,1636,2013,802348.0,2962297.0,1.734552,0.8896940000000001,FIN,NLD,8418
2990351,77,162,1636,2013,76784482.0,37025479.0,1.520354,0.022874000000000002,FRA,NLD,8418
2990352,78,162,1636,2013,0.0,150257.0,-0.370701,-0.815466,FRO,NLD,8418
2990353,80,162,1636,2013,0.0,48730.0,-1.6582830000000002,-1.155302,GAB,NLD,8418
2990354,81,162,1636,2013,22196394.0,34445457.0,1.7901259999999999,0.44164,GBR,NLD,8418
2990355,82,162,1636,2013,5032.0,168147.0,-0.160691,-0.393419,GEO,NLD,8418
2990356,83,162,1636,2013,5943.0,1424768.0,-0.7316010000000001,-0.5327689999999999,GHA,NLD,8418
2990357,84,162,1636,2013,0.0,9378.0,0.991136,-0.603793,GIB,NLD,8418
2990358,85,162,1636,2013,0.0,248790.0,-1.1287459999999998,-1.069735,GIN,NLD,8418
2990359,87,162,1636,2013,0.0,10242.0,-0.5571550000000001,-0.6860310000000001,GMB,NLD,8418
2990360,88,162,1636,2013,0.0,164588.0,-2.414729,-0.9398700000000001,GNB,NLD,8418
2990361,89,162,1636,2013,0.0,11622.0,-1.521575,-0.814708,GNQ,NLD,8418
2990362,90,162,1636,2013,823601.0,2173811.0,0.18823800000000002,0.910906,GRC,NLD,8418
2990363,91,162,1636,2013,0.0,3921.0,0.073206,-0.567926,GRD,NLD,8418
2990364,93,162,1636,2013,40633.0,469169.0,-0.41466499999999995,0.774788,GTM,NLD,8418
2990365,95,162,1636,2013,0.0,58349.0,0.483541,0.281968,GUM,NLD,8418
2990366,96,162,1636,2013,0.0,83242.0,-0.8555590000000001,-0.9744450000000001,GUY,NLD,8418
2990367,97,162,1636,2013,592379.0,254704.0,0.744383,1.923139,HKG,NLD,8418
2990368,100,162,1636,2013,191714.0,432203.0,0.898284,1.038807,HRV,NLD,8418
2990369,101,162,1636,2013,0.0,5159.0,-1.095392,-0.957326,HTI,NLD,8418
2990370,102,162,1636,2013,29622381.0,2946372.0,1.506101,0.7279220000000001,HUN,NLD,8418
2990371,103,162,1636,2013,626816.0,2114173.0,-0.216854,1.415728,IDN,NLD,8418
2990372,104,162,1636,2013,381911.0,1546113.0,0.215356,2.3916209999999998,IND,NLD,8418
2990373,106,162,1636,2013,21713639.0,4845077.0,1.29988,0.240688,IRL,NLD,8418
2990374,107,162,1636,2013,0.0,208540.0,-0.339172,-0.237114,IRN,NLD,8418
2990375,108,162,1636,2013,0.0,379657.0,-2.839079,-0.8705440000000001,IRQ,NLD,8418
2990376,109,162,1636,2013,0.0,1219530.0,0.259374,-0.20413299999999998,ISL,NLD,8418
2990377,110,162,1636,2013,353165.0,2348255.0,1.197241,0.633828,ISR,NLD,8418
2990378,111,162,1636,2013,123892199.0,19348863.0,1.289924,0.533436,ITA,NLD,8418
2990379,112,162,1636,2013,0.0,9405.0,-0.541441,-0.8448559999999999,JAM,NLD,8418
2990380,113,162,1636,2013,0.0,145976.0,0.152659,0.5889979999999999,JOR,NLD,8418
2990381,114,162,1636,2013,24203282.0,2134631.0,2.3993130000000003,-0.564768,JPN,NLD,8418
2990382,115,162,1636,2013,718.0,955424.0,-0.680678,-0.83347,KAZ,NLD,8418
2990383,116,162,1636,2013,1858.0,4799578.0,-0.448112,0.8672719999999999,KEN,NLD,8418
2990384,117,162,1636,2013,0.0,223476.0,-0.1035,0.339914,KGZ,NLD,8418
2990385,118,162,1636,2013,0.0,17156.0,-1.054758,-0.872352,KHM,NLD,8418
2990386,121,162,1636,2013,18412223.0,5523219.0,1.818383,0.75645,KOR,NLD,8418
2990387,122,162,1636,2013,0.0,474856.0,-0.536384,-1.08382,KWT,NLD,8418
2990388,123,162,1636,2013,0.0,9717.0,-1.204446,-0.8571489999999999,LAO,NLD,8418
2990389,124,162,1636,2013,5641.0,637310.0,0.283084,1.4289100000000001,LBN,NLD,8418
2990390,125,162,1636,2013,1956.0,18343.0,-0.41869399999999996,-0.9538770000000001,LBR,NLD,8418
2990391,126,162,1636,2013,0.0,1535894.0,-1.6241459999999999,-1.1817950000000002,LBY,NLD,8418
2990392,127,162,1636,2013,0.0,91132.0,0.265129,-0.5083949999999999,LCA,NLD,8418
2990393,128,162,1636,2013,0.0,2050637.0,-0.6521779999999999,0.41258599999999995,LKA,NLD,8418
2990394,130,162,1636,2013,610793.0,843280.0,0.737796,1.215543,LTU,NLD,8418
2990395,131,162,1636,2013,590480.0,8182862.0,1.170459,1.150327,LUX,NLD,8418
2990396,132,162,1636,2013,11050.0,1874598.0,0.6219439999999999,1.166749,LVA,NLD,8418
2990397,134,162,1636,2013,0.0,1601146.0,-0.6494260000000001,-0.035075999999999996,MAR,NLD,8418
2990398,135,162,1636,2013,0.0,92883.0,-0.016235,0.132104,MDA,NLD,8418
2990399,137,162,1636,2013,0.0,29142.0,-0.21889699999999998,-0.776392,MDV,NLD,8418
2990400,138,162,1636,2013,1242685.0,1049119.0,1.048507,0.718932,MEX,NLD,8418
2990401,139,162,1636,2013,0.0,87496.0,-0.980348,-0.8763219999999999,MHL,NLD,8418
2990402,140,162,1636,2013,0.0,267732.0,-0.10859400000000001,0.155229,MKD,NLD,8418
2990403,141,162,1636,2013,0.0,10943.0,-1.183671,-1.069504,MLI,NLD,8418
2990404,142,162,1636,2013,7495.0,168253.0,0.8519760000000001,-0.075869,MLT,NLD,8418
2990405,143,162,1636,2013,0.0,96842.0,-1.230787,-0.737375,MMR,NLD,8418
2990406,144,162,1636,2013,8148.0,12280.0,-0.054454999999999996,-0.164875,MNE,NLD,8418
2990407,145,162,1636,2013,0.0,345342.0,-1.3270950000000001,-1.144547,MNG,NLD,8418
2990408,147,162,1636,2013,0.0,519.0,-1.326323,-1.050969,MOZ,NLD,8418
2990409,148,162,1636,2013,0.0,81066.0,-1.950532,-1.283104,MRT,NLD,8418
2990410,151,162,1636,2013,0.0,41245.0,-0.158852,0.0061600000000000005,MUS,NLD,8418
2990411,152,162,1636,2013,0.0,2038.0,-0.8992120000000001,-0.862175,MWI,NLD,8418
2990412,153,162,1636,2013,561387.0,1983155.0,0.937641,0.747496,MYS,NLD,8418
2990413,155,162,1636,2013,5820.0,67128.0,-0.308643,-0.480617,NAM,NLD,8418
2990414,156,162,1636,2013,0.0,99355.0,-0.136052,-0.703913,NCL,NLD,8418
2990415,157,162,1636,2013,0.0,8600.0,-1.268738,-0.942256,NER,NLD,8418
2990416,159,162,1636,2013,0.0,4217030.0,-1.745783,-1.1356680000000001,NGA,NLD,8418
2990417,160,162,1636,2013,0.0,75887.0,-0.9277,-0.6842630000000001,NIC,NLD,8418
2990418,163,162,1636,2013,224013.0,7636340.0,0.892099,0.18168399999999998,NOR,NLD,8418
2990419,166,162,1636,2013,23374.0,232060.0,0.3345,0.39063000000000003,NZL,NLD,8418
2990420,167,162,1636,2013,0.0,222499.0,-0.604175,-1.0463209999999998,OMN,NLD,8418
2990421,168,162,1636,2013,0.0,1442816.0,-0.75727,0.769703,PAK,NLD,8418
2990422,169,162,1636,2013,2746.0,837803.0,0.735637,1.161718,PAN,NLD,8418
2990423,173,162,1636,2013,0.0,535817.0,-0.573852,0.357977,PER,NLD,8418
2990424,174,162,1636,2013,326793.0,2221494.0,0.507868,0.355403,PHL,NLD,8418
2990425,177,162,1636,2013,44566287.0,9099064.0,1.084332,1.216749,POL,NLD,8418
2990426,178,162,1636,2013,0.0,1691.0,-0.414538,-0.22449299999999997,PRK,NLD,8418
2990427,179,162,1636,2013,2428282.0,4064221.0,0.541454,2.5228610000000002,PRT,NLD,8418
2990428,180,162,1636,2013,0.0,14336.0,-0.566239,-0.9273459999999999,PRY,NLD,8418
2990429,181,162,1636,2013,0.0,44886.0,0.072979,0.7099260000000001,PSE,NLD,8418
2990430,182,162,1636,2013,0.0,1613.0,-0.146044,-0.7055359999999999,PYF,NLD,8418
2990431,183,162,1636,2013,0.0,242348.0,-0.083649,-1.013491,QAT,NLD,8418
2990432,185,162,1636,2013,3366245.0,1243178.0,0.792035,1.225034,ROU,NLD,8418
2990433,186,162,1636,2013,144996.0,8717248.0,0.481166,-0.180052,RUS,NLD,8418
2990434,187,162,1636,2013,0.0,145123.0,-0.490519,-0.48427700000000007,RWA,NLD,8418
2990435,188,162,1636,2013,444020.0,2368326.0,0.626347,-0.844406,SAU,NLD,8418
2990436,190,162,1636,2013,0.0,17099.0,-1.254944,-1.073564,SDN,NLD,8418
2990437,191,162,1636,2013,0.0,618546.0,-0.523662,-0.309101,SEN,NLD,8418
2990438,192,162,1636,2013,1963821.0,2000125.0,1.915504,0.619576,SGP,NLD,8418
2990439,196,162,1636,2013,0.0,40632.0,-0.132082,-0.552921,SLE,NLD,8418
2990440,197,162,1636,2013,0.0,2686.0,-0.021029,0.381522,SLV,NLD,8418
2990441,198,162,1636,2013,28376.0,0.0,1.108559,0.569782,SMR,NLD,8418
2990442,199,162,1636,2013,0.0,5852.0,-1.194368,-0.915163,SOM,NLD,8418
2990443,201,162,1636,2013,280395.0,472852.0,0.5717720000000001,1.174901,SRB,NLD,8418
2990444,202,162,1636,2013,0.0,23515.0,-2.57,-0.8567969999999999,SSD,NLD,8418
2990445,203,162,1636,2013,0.0,9566.0,0.8999219999999999,-0.101662,STP,NLD,8418
2990446,205,162,1636,2013,0.0,947746.0,-0.417865,-0.7600399999999999,SUR,NLD,8418
2990447,206,162,1636,2013,11348277.0,1632096.0,1.32064,0.7519819999999999,SVK,NLD,8418
2990448,207,162,1636,2013,3016672.0,2045147.0,1.698374,0.563082,SVN,NLD,8418
2990449,208,162,1636,2013,12214986.0,10333925.0,1.869421,0.228109,SWE,NLD,8418
2990450,209,162,1636,2013,2883.0,0.0,0.109267,-0.275005,SWZ,NLD,8418
2990451,210,162,1636,2013,0.0,92227.0,0.5512090000000001,-0.22818400000000003,SXM,NLD,8418
2990452,211,162,1636,2013,0.0,7719.0,0.270999,-0.474095,SYC,NLD,8418
2990453,212,162,1636,2013,0.0,55698.0,-0.14343399999999998,1.077256,SYR,NLD,8418
2990454,214,162,1636,2013,0.0,10452.0,-2.800677,-0.9466969999999999,TCD,NLD,8418
2990455,215,162,1636,2013,0.0,8282.0,-0.598413,-0.49295200000000006,TGO,NLD,8418
2990456,216,162,1636,2013,2593916.0,2070656.0,0.8752139999999999,1.3798620000000001,THA,NLD,8418
2990457,219,162,1636,2013,0.0,13230.0,-1.6186770000000001,-1.2210969999999999,TKM,NLD,8418
2990458,222,162,1636,2013,0.0,12217.0,-0.280641,-1.083332,TTO,NLD,8418
2990459,223,162,1636,2013,0.0,165160.0,0.185528,1.0070700000000001,TUN,NLD,8418
2990460,224,162,1636,2013,27643101.0,6553469.0,0.42932299999999995,2.690235,TUR,NLD,8418
2990461,226,162,1636,2013,0.0,137870.0,-0.9306770000000001,0.273489,TZA,NLD,8418
2990462,227,162,1636,2013,0.0,396419.0,-0.5462279999999999,0.200682,UGA,NLD,8418
2990463,228,162,1636,2013,32877.0,1404890.0,0.657729,0.9063200000000001,UKR,NLD,8418
2990464,230,162,1636,2013,0.0,16098.0,0.20190999999999998,-0.19777999999999998,URY,NLD,8418
2990465,231,162,1636,2013,22235070.0,9020939.0,1.6639689999999998,-0.48651300000000003,USA,NLD,8418
2990466,232,162,1636,2013,0.0,991206.0,-0.748212,-0.567268,UZB,NLD,8418
2990467,236,162,1636,2013,0.0,543300.0,-0.778172,-1.107059,VEN,NLD,8418
2990468,239,162,1636,2013,28047.0,685548.0,-0.11426900000000001,1.399738,VNM,NLD,8418
2990469,243,162,1636,2013,0.0,24217.0,-1.252605,-1.207324,YEM,NLD,8418
2990470,246,162,1636,2013,138993.0,3678366.0,0.380284,1.5682120000000002,ZAF,NLD,8418
2990471,247,162,1636,2013,0.0,127189.0,-0.382129,-0.5442229999999999,ZMB,NLD,8418
2990472,248,162,1636,2013,0.0,205175.0,-0.828702,-0.899175,ZWE,NLD,8418
2990473,249,162,1636,2013,2529837.0,284896.0,1.843186,0.9432379999999999,TWN,NLD,8418
2990474,250,162,1636,2013,248952.0,1606594.0,0.628555,0.277602,ANS,NLD,8418
2990475,1,163,1636,2013,0.0,12639.0,-0.985727,-0.7164550000000001,AFG,NOR,8418
2990476,2,163,1636,2013,0.0,16298.0,-1.172043,-1.133735,AGO,NOR,8418
2990477,7,163,1636,2013,0.0,105666.0,-0.074047,-0.585168,ARE,NOR,8418
2990478,14,163,1636,2013,6828.0,79735.0,-0.31145700000000004,-0.167628,AUS,NOR,8418
2990479,15,163,1636,2013,6718599.0,25265.0,1.7209240000000001,-0.286892,AUT,NOR,8418
2990480,18,163,1636,2013,3790798.0,518189.0,1.316207,0.972601,BEL,NOR,8418
2990481,22,163,1636,2013,0.0,904.0,-1.101916,-0.734646,BGD,NOR,8418
2990482,23,163,1636,2013,104344.0,18229.0,0.5026109999999999,1.674296,BGR,NOR,8418
2990483,24,163,1636,2013,0.0,48313.0,0.249681,-0.6204270000000001,BHR,NOR,8418
2990484,26,163,1636,2013,3682.0,2156.0,0.46743199999999996,0.7340800000000001,BIH,NOR,8418
2990485,28,163,1636,2013,0.0,1153.0,1.036923,0.864568,BLR,NOR,8418
2990486,32,163,1636,2013,2643.0,174350.0,0.14765899999999998,0.399262,BRA,NOR,8418
2990487,39,163,1636,2013,36503.0,7345.0,0.719649,1.017046,CAN,NOR,8418
2990488,41,163,1636,2013,642479.0,55779.0,2.2104470000000003,0.5403479999999999,CHE,NOR,8418
2990489,42,163,1636,2013,0.0,222403.0,-0.260718,-0.38256100000000004,CHL,NOR,8418
2990490,43,163,1636,2013,9626642.0,484049.0,1.113767,1.477496,CHN,NOR,8418
2990491,45,163,1636,2013,0.0,4223.0,-0.901531,-1.027111,CMR,NOR,8418
2990492,59,163,1636,2013,21761840.0,72335.0,1.819653,-0.12423800000000002,CZE,NOR,8418
2990493,61,163,1636,2013,30441876.0,181254.0,2.093658,-3.4281980000000005,DEU,NOR,8418
2990494,64,163,1636,2013,34078015.0,2110403.0,1.161835,1.1788450000000001,DNK,NOR,8418
2990495,66,163,1636,2013,0.0,5408.0,-1.373947,-1.1523459999999999,DZA,NOR,8418
2990496,67,163,1636,2013,56367.0,590.0,-0.86546,-0.8888389999999999,ECU,NOR,8418
2990497,71,163,1636,2013,2406565.0,300109.0,0.861698,2.353993,ESP,NOR,8418
2990498,72,163,1636,2013,4117386.0,655931.0,0.8828940000000001,1.386574,EST,NOR,8418
2990499,73,163,1636,2013,0.0,27000.0,-1.264002,-0.9594219999999999,ETH,NOR,8418
2990500,74,163,1636,2013,25507112.0,133207.0,1.734552,0.8896940000000001,FIN,NOR,8418
2990501,77,163,1636,2013,8893098.0,89784.0,1.520354,0.022874000000000002,FRA,NOR,8418
2990502,78,163,1636,2013,0.0,11942.0,-0.370701,-0.815466,FRO,NOR,8418
2990503,81,163,1636,2013,2732813.0,400144.0,1.7901259999999999,0.44164,GBR,NOR,8418
2990504,83,163,1636,2013,0.0,246205.0,-0.7316010000000001,-0.5327689999999999,GHA,NOR,8418
2990505,85,163,1636,2013,0.0,3772.0,-1.1287459999999998,-1.069735,GIN,NOR,8418
2990506,87,163,1636,2013,0.0,1979.0,-0.5571550000000001,-0.6860310000000001,GMB,NOR,8418
2990507,90,163,1636,2013,853247.0,6056.0,0.18823800000000002,0.910906,GRC,NOR,8418
2990508,97,163,1636,2013,180391.0,0.0,0.744383,1.923139,HKG,NOR,8418
2990509,100,163,1636,2013,362971.0,1755613.0,0.898284,1.038807,HRV,NOR,8418
2990510,102,163,1636,2013,9735526.0,5482.0,1.506101,0.7279220000000001,HUN,NOR,8418
2990511,103,163,1636,2013,21278.0,14423.0,-0.216854,1.415728,IDN,NOR,8418
2990512,104,163,1636,2013,301778.0,37052.0,0.215356,2.3916209999999998,IND,NOR,8418
2990513,106,163,1636,2013,6328237.0,13786.0,1.29988,0.240688,IRL,NOR,8418
2990514,109,163,1636,2013,246034.0,41111.0,0.259374,-0.20413299999999998,ISL,NOR,8418
2990515,110,163,1636,2013,11865.0,39973.0,1.197241,0.633828,ISR,NOR,8418
2990516,111,163,1636,2013,36355920.0,149777.0,1.289924,0.533436,ITA,NOR,8418
2990517,113,163,1636,2013,0.0,1449.0,0.152659,0.5889979999999999,JOR,NOR,8418
2990518,114,163,1636,2013,820385.0,4132.0,2.3993130000000003,-0.564768,JPN,NOR,8418
2990519,116,163,1636,2013,0.0,2131.0,-0.448112,0.8672719999999999,KEN,NOR,8418
2990520,121,163,1636,2013,6832245.0,1083673.0,1.818383,0.75645,KOR,NOR,8418
2990521,123,163,1636,2013,2636.0,0.0,-1.204446,-0.8571489999999999,LAO,NOR,8418
2990522,125,163,1636,2013,0.0,1790.0,-0.41869399999999996,-0.9538770000000001,LBR,NOR,8418
2990523,128,163,1636,2013,0.0,2042.0,-0.6521779999999999,0.41258599999999995,LKA,NOR,8418
2990524,130,163,1636,2013,699458.0,87386.0,0.737796,1.215543,LTU,NOR,8418
2990525,131,163,1636,2013,85235.0,0.0,1.170459,1.150327,LUX,NOR,8418
2990526,132,163,1636,2013,139373.0,14113.0,0.6219439999999999,1.166749,LVA,NOR,8418
2990527,134,163,1636,2013,0.0,300441.0,-0.6494260000000001,-0.035075999999999996,MAR,NOR,8418
2990528,138,163,1636,2013,246854.0,8186.0,1.048507,0.718932,MEX,NOR,8418
2990529,140,163,1636,2013,19854.0,0.0,-0.10859400000000001,0.155229,MKD,NOR,8418
2990530,144,163,1636,2013,40834.0,0.0,-0.054454999999999996,-0.164875,MNE,NOR,8418
2990531,151,163,1636,2013,0.0,37743.0,-0.158852,0.0061600000000000005,MUS,NOR,8418
2990532,153,163,1636,2013,1373262.0,2725.0,0.937641,0.747496,MYS,NOR,8418
2990533,155,163,1636,2013,0.0,3350.0,-0.308643,-0.480617,NAM,NOR,8418
2990534,159,163,1636,2013,0.0,36231.0,-1.745783,-1.1356680000000001,NGA,NOR,8418
2990535,162,163,1636,2013,7636340.0,224013.0,1.184107,1.249557,NLD,NOR,8418
2990536,166,163,1636,2013,45920.0,402360.0,0.3345,0.39063000000000003,NZL,NOR,8418
2990537,169,163,1636,2013,52788.0,222917.0,0.735637,1.161718,PAN,NOR,8418
2990538,173,163,1636,2013,0.0,203464.0,-0.573852,0.357977,PER,NOR,8418
2990539,177,163,1636,2013,8171825.0,1296538.0,1.084332,1.216749,POL,NOR,8418
2990540,179,163,1636,2013,150643.0,54501.0,0.541454,2.5228610000000002,PRT,NOR,8418
2990541,183,163,1636,2013,2145.0,1014.0,-0.083649,-1.013491,QAT,NOR,8418
2990542,185,163,1636,2013,2259691.0,3536716.0,0.792035,1.225034,ROU,NOR,8418
2990543,186,163,1636,2013,292290.0,26387.0,0.481166,-0.180052,RUS,NOR,8418
2990544,190,163,1636,2013,0.0,839.0,-1.254944,-1.073564,SDN,NOR,8418
2990545,191,163,1636,2013,0.0,1092.0,-0.523662,-0.309101,SEN,NOR,8418
2990546,192,163,1636,2013,189014.0,404275.0,1.915504,0.619576,SGP,NOR,8418
2990547,197,163,1636,2013,1268.0,394.0,-0.021029,0.381522,SLV,NOR,8418
2990548,199,163,1636,2013,0.0,3423.0,-1.194368,-0.915163,SOM,NOR,8418
2990549,201,163,1636,2013,160057.0,2420.0,0.5717720000000001,1.174901,SRB,NOR,8418
2990550,206,163,1636,2013,371073.0,663.0,1.32064,0.7519819999999999,SVK,NOR,8418
2990551,207,163,1636,2013,1161595.0,0.0,1.698374,0.563082,SVN,NOR,8418
2990552,208,163,1636,2013,158029108.0,6761214.0,1.869421,0.228109,SWE,NOR,8418
2990553,215,163,1636,2013,0.0,943.0,-0.598413,-0.49295200000000006,TGO,NOR,8418
2990554,216,163,1636,2013,328102.0,44194.0,0.8752139999999999,1.3798620000000001,THA,NOR,8418
2990555,223,163,1636,2013,0.0,709.0,0.185528,1.0070700000000001,TUN,NOR,8418
2990556,224,163,1636,2013,12573726.0,646178.0,0.42932299999999995,2.690235,TUR,NOR,8418
2990557,226,163,1636,2013,0.0,2591.0,-0.9306770000000001,0.273489,TZA,NOR,8418
2990558,231,163,1636,2013,1460654.0,339289.0,1.6639689999999998,-0.48651300000000003,USA,NOR,8418
2990559,239,163,1636,2013,8657.0,65301.0,-0.11426900000000001,1.399738,VNM,NOR,8418
2990560,246,163,1636,2013,1876.0,4445.0,0.380284,1.5682120000000002,ZAF,NOR,8418
2990561,249,163,1636,2013,17991.0,0.0,1.843186,0.9432379999999999,TWN,NOR,8418
2990562,7,166,1636,2013,5887.0,294140.0,-0.074047,-0.585168,ARE,NZL,8418
2990563,8,166,1636,2013,1419.0,0.0,0.20314300000000002,0.494062,ARG,NZL,8418
2990564,10,166,1636,2013,0.0,43090.0,0.686489,-0.251618,ASM,NZL,8418
2990565,14,166,1636,2013,14298632.0,57829694.0,-0.31145700000000004,-0.167628,AUS,NZL,8418
2990566,15,166,1636,2013,317515.0,0.0,1.7209240000000001,-0.286892,AUT,NZL,8418
2990567,18,166,1636,2013,68430.0,0.0,1.316207,0.972601,BEL,NZL,8418
2990568,22,166,1636,2013,0.0,109433.0,-1.101916,-0.734646,BGD,NZL,8418
2990569,24,166,1636,2013,0.0,23644.0,0.249681,-0.6204270000000001,BHR,NZL,8418
2990570,29,166,1636,2013,4610.0,0.0,-0.35218299999999997,-0.508891,BLZ,NZL,8418
2990571,32,166,1636,2013,12008.0,147905.0,0.14765899999999998,0.399262,BRA,NZL,8418
2990572,34,166,1636,2013,0.0,878.0,-0.866827,-0.795995,BRN,NZL,8418
2990573,39,166,1636,2013,322926.0,142958.0,0.719649,1.017046,CAN,NZL,8418
2990574,41,166,1636,2013,75757.0,0.0,2.2104470000000003,0.5403479999999999,CHE,NZL,8418
2990575,42,166,1636,2013,0.0,27645.0,-0.260718,-0.38256100000000004,CHL,NZL,8418
2990576,43,166,1636,2013,29330662.0,161723.0,1.113767,1.477496,CHN,NZL,8418
2990577,48,166,1636,2013,0.0,622482.0,0.483939,-0.42226400000000003,COK,NZL,8418
2990578,55,166,1636,2013,0.0,2071.0,0.029981999999999998,-0.673439,CUW,NZL,8418
2990579,58,166,1636,2013,0.0,13245.0,0.502238,0.349608,CYP,NZL,8418
2990580,59,166,1636,2013,79737.0,0.0,1.819653,-0.12423800000000002,CZE,NZL,8418
2990581,61,166,1636,2013,1223837.0,25241.0,2.093658,-3.4281980000000005,DEU,NZL,8418
2990582,64,166,1636,2013,618712.0,2452.0,1.161835,1.1788450000000001,DNK,NZL,8418
2990583,68,166,1636,2013,0.0,10540.0,-0.17418,1.692641,EGY,NZL,8418
2990584,71,166,1636,2013,292862.0,0.0,0.861698,2.353993,ESP,NZL,8418
2990585,73,166,1636,2013,0.0,3078.0,-1.264002,-0.9594219999999999,ETH,NZL,8418
2990586,74,166,1636,2013,1738.0,0.0,1.734552,0.8896940000000001,FIN,NZL,8418
2990587,75,166,1636,2013,55884.0,2490211.0,-0.5203369999999999,-0.122405,FJI,NZL,8418
2990588,77,166,1636,2013,1928729.0,2338.0,1.520354,0.022874000000000002,FRA,NZL,8418
2990589,81,166,1636,2013,804474.0,842977.0,1.7901259999999999,0.44164,GBR,NZL,8418
2990590,83,166,1636,2013,0.0,1690.0,-0.7316010000000001,-0.5327689999999999,GHA,NZL,8418
2990591,90,166,1636,2013,0.0,5329.0,0.18823800000000002,0.910906,GRC,NZL,8418
2990592,97,166,1636,2013,59610.0,82228.0,0.744383,1.923139,HKG,NZL,8418
2990593,102,166,1636,2013,30288.0,0.0,1.506101,0.7279220000000001,HUN,NZL,8418
2990594,103,166,1636,2013,1241537.0,66106.0,-0.216854,1.415728,IDN,NZL,8418
2990595,104,166,1636,2013,99450.0,78818.0,0.215356,2.3916209999999998,IND,NZL,8418
2990596,106,166,1636,2013,1754852.0,1967.0,1.29988,0.240688,IRL,NZL,8418
2990597,109,166,1636,2013,17158.0,0.0,0.259374,-0.20413299999999998,ISL,NZL,8418
2990598,110,166,1636,2013,0.0,38791.0,1.197241,0.633828,ISR,NZL,8418
2990599,111,166,1636,2013,6093975.0,93189.0,1.289924,0.533436,ITA,NZL,8418
2990600,114,166,1636,2013,904229.0,3912229.0,2.3993130000000003,-0.564768,JPN,NZL,8418
2990601,119,166,1636,2013,0.0,59197.0,-0.258825,-0.781927,KIR,NZL,8418
2990602,121,166,1636,2013,8041870.0,9846.0,1.818383,0.75645,KOR,NZL,8418
2990603,124,166,1636,2013,0.0,18827.0,0.283084,1.4289100000000001,LBN,NZL,8418
2990604,131,166,1636,2013,2526.0,0.0,1.170459,1.150327,LUX,NZL,8418
2990605,132,166,1636,2013,0.0,44301.0,0.6219439999999999,1.166749,LVA,NZL,8418
2990606,135,166,1636,2013,0.0,2531.0,-0.016235,0.132104,MDA,NZL,8418
2990607,137,166,1636,2013,0.0,7309.0,-0.21889699999999998,-0.776392,MDV,NZL,8418
2990608,138,166,1636,2013,1123638.0,156243.0,1.048507,0.718932,MEX,NZL,8418
2990609,151,166,1636,2013,0.0,39444.0,-0.158852,0.0061600000000000005,MUS,NZL,8418
2990610,153,166,1636,2013,1600737.0,69412.0,0.937641,0.747496,MYS,NZL,8418
2990611,156,166,1636,2013,0.0,625201.0,-0.136052,-0.703913,NCL,NZL,8418
2990612,158,166,1636,2013,0.0,37895.0,1.418466,-0.181551,NFK,NZL,8418
2990613,161,166,1636,2013,0.0,82755.0,1.901559,-0.039522,NIU,NZL,8418
2990614,162,166,1636,2013,232060.0,23374.0,1.184107,1.249557,NLD,NZL,8418
2990615,163,166,1636,2013,402360.0,45920.0,0.892099,0.18168399999999998,NOR,NZL,8418
2990616,171,166,1636,2013,0.0,5368.0,0.8076770000000001,-0.494516,PCN,NZL,8418
2990617,173,166,1636,2013,1943.0,0.0,-0.573852,0.357977,PER,NZL,8418
2990618,174,166,1636,2013,53391.0,368936.0,0.507868,0.355403,PHL,NZL,8418
2990619,176,166,1636,2013,0.0,3870209.0,-1.444244,-1.144231,PNG,NZL,8418
2990620,177,166,1636,2013,51462.0,0.0,1.084332,1.216749,POL,NZL,8418
2990621,179,166,1636,2013,290622.0,0.0,0.541454,2.5228610000000002,PRT,NZL,8418
2990622,182,166,1636,2013,0.0,142010.0,-0.146044,-0.7055359999999999,PYF,NZL,8418
2990623,183,166,1636,2013,0.0,3754.0,-0.083649,-1.013491,QAT,NZL,8418
2990624,188,166,1636,2013,0.0,1279.0,0.626347,-0.844406,SAU,NZL,8418
2990625,191,166,1636,2013,0.0,2883.0,-0.523662,-0.309101,SEN,NZL,8418
2990626,192,166,1636,2013,215233.0,685873.0,1.915504,0.619576,SGP,NZL,8418
2990627,195,166,1636,2013,0.0,56597.0,-0.9350860000000001,-0.877676,SLB,NZL,8418
2990628,206,166,1636,2013,126283.0,1825.0,1.32064,0.7519819999999999,SVK,NZL,8418
2990629,208,166,1636,2013,295497.0,6551.0,1.869421,0.228109,SWE,NZL,8418
2990630,211,166,1636,2013,0.0,6120.0,0.270999,-0.474095,SYC,NZL,8418
2990631,216,166,1636,2013,29903836.0,4460453.0,0.8752139999999999,1.3798620000000001,THA,NZL,8418
2990632,221,166,1636,2013,0.0,209437.0,0.183053,-0.345657,TON,NZL,8418
2990633,223,166,1636,2013,0.0,6803.0,0.185528,1.0070700000000001,TUN,NZL,8418
2990634,224,166,1636,2013,1824833.0,118667.0,0.42932299999999995,2.690235,TUR,NZL,8418
2990635,225,166,1636,2013,0.0,3857.0,0.002879,-0.779308,TUV,NZL,8418
2990636,228,166,1636,2013,9732.0,33813.0,0.657729,0.9063200000000001,UKR,NZL,8418
2990637,231,166,1636,2013,3682820.0,921559.0,1.6639689999999998,-0.48651300000000003,USA,NZL,8418
2990638,239,166,1636,2013,2396.0,12600.0,-0.11426900000000001,1.399738,VNM,NZL,8418
2990639,240,166,1636,2013,0.0,192570.0,-0.6548689999999999,-0.811184,VUT,NZL,8418
2990640,241,166,1636,2013,0.0,19459.0,1.4608299999999999,-0.567281,WLF,NZL,8418
2990641,242,166,1636,2013,705.0,490695.0,0.824724,0.056441,WSM,NZL,8418
2990642,246,166,1636,2013,263677.0,0.0,0.380284,1.5682120000000002,ZAF,NZL,8418
2990643,249,166,1636,2013,530552.0,3091.0,1.843186,0.9432379999999999,TWN,NZL,8418
2990644,0,169,1636,2013,0.0,844411.0,0.913235,-0.149061,ABW,PAN,8418
2990645,2,169,1636,2013,0.0,2606.0,-1.172043,-1.133735,AGO,PAN,8418
2990646,7,169,1636,2013,0.0,15856.0,-0.074047,-0.585168,ARE,PAN,8418
2990647,8,169,1636,2013,729526.0,6785.0,0.20314300000000002,0.494062,ARG,PAN,8418
2990648,13,169,1636,2013,0.0,28132.0,0.096563,-0.60577,ATG,PAN,8418
2990649,14,169,1636,2013,0.0,26116.0,-0.31145700000000004,-0.167628,AUS,PAN,8418
2990650,15,169,1636,2013,6229.0,1183.0,1.7209240000000001,-0.286892,AUT,PAN,8418
2990651,18,169,1636,2013,1299393.0,0.0,1.316207,0.972601,BEL,PAN,8418
2990652,20,169,1636,2013,0.0,31826.0,1.6446889999999998,-0.481741,BES,PAN,8418
2990653,24,169,1636,2013,2621.0,0.0,0.249681,-0.6204270000000001,BHR,PAN,8418
2990654,25,169,1636,2013,0.0,23040.0,0.756732,-0.369842,BHS,PAN,8418
2990655,29,169,1636,2013,0.0,96562.0,-0.35218299999999997,-0.508891,BLZ,PAN,8418
2990656,31,169,1636,2013,0.0,8409.0,-1.039614,-0.95663,BOL,PAN,8418
2990657,32,169,1636,2013,527772.0,17228.0,0.14765899999999998,0.399262,BRA,PAN,8418
2990658,33,169,1636,2013,0.0,22863.0,0.6969489999999999,0.135283,BRB,PAN,8418
2990659,39,169,1636,2013,326746.0,0.0,0.719649,1.017046,CAN,PAN,8418
2990660,42,169,1636,2013,1036267.0,139044.0,-0.260718,-0.38256100000000004,CHL,PAN,8418
2990661,43,169,1636,2013,27822473.0,0.0,1.113767,1.477496,CHN,PAN,8418
2990662,49,169,1636,2013,1573962.0,973426.0,0.121799,-0.388239,COL,PAN,8418
2990663,52,169,1636,2013,856582.0,1647842.0,0.067379,-0.688217,CRI,PAN,8418
2990664,54,169,1636,2013,20507.0,2392617.0,-0.019956,-0.7873319999999999,CUB,PAN,8418
2990665,55,169,1636,2013,0.0,710299.0,0.029981999999999998,-0.673439,CUW,PAN,8418
2990666,59,169,1636,2013,4736.0,0.0,1.819653,-0.12423800000000002,CZE,PAN,8418
2990667,61,169,1636,2013,364091.0,0.0,2.093658,-3.4281980000000005,DEU,PAN,8418
2990668,63,169,1636,2013,0.0,1354.0,0.054362,-0.156703,DMA,PAN,8418
2990669,64,169,1636,2013,721628.0,0.0,1.161835,1.1788450000000001,DNK,PAN,8418
2990670,65,169,1636,2013,18768.0,993754.0,-0.277269,0.432388,DOM,PAN,8418
2990671,67,169,1636,2013,256577.0,4747228.0,-0.86546,-0.8888389999999999,ECU,PAN,8418
2990672,71,169,1636,2013,2513201.0,0.0,0.861698,2.353993,ESP,PAN,8418
2990673,77,169,1636,2013,544394.0,0.0,1.520354,0.022874000000000002,FRA,PAN,8418
2990674,81,169,1636,2013,18227.0,0.0,1.7901259999999999,0.44164,GBR,PAN,8418
2990675,91,169,1636,2013,0.0,20975.0,0.073206,-0.567926,GRD,PAN,8418
2990676,93,169,1636,2013,1295994.0,398560.0,-0.41466499999999995,0.774788,GTM,PAN,8418
2990677,96,169,1636,2013,0.0,933517.0,-0.8555590000000001,-0.9744450000000001,GUY,PAN,8418
2990678,97,169,1636,2013,461643.0,1025.0,0.744383,1.923139,HKG,PAN,8418
2990679,99,169,1636,2013,3902.0,410787.0,-0.731431,-0.310927,HND,PAN,8418
2990680,101,169,1636,2013,0.0,212985.0,-1.095392,-0.957326,HTI,PAN,8418
2990681,102,169,1636,2013,57825.0,0.0,1.506101,0.7279220000000001,HUN,PAN,8418
2990682,103,169,1636,2013,3080477.0,0.0,-0.216854,1.415728,IDN,PAN,8418
2990683,111,169,1636,2013,2710932.0,0.0,1.289924,0.533436,ITA,PAN,8418
2990684,112,169,1636,2013,0.0,1028998.0,-0.541441,-0.8448559999999999,JAM,PAN,8418
2990685,114,169,1636,2013,551854.0,0.0,2.3993130000000003,-0.564768,JPN,PAN,8418
2990686,120,169,1636,2013,0.0,11280.0,0.8500270000000001,-0.390234,KNA,PAN,8418
2990687,121,169,1636,2013,12083268.0,0.0,1.818383,0.75645,KOR,PAN,8418
2990688,127,169,1636,2013,0.0,1283.0,0.265129,-0.5083949999999999,LCA,PAN,8418
2990689,130,169,1636,2013,46154.0,0.0,0.737796,1.215543,LTU,PAN,8418
2990690,131,169,1636,2013,3517.0,0.0,1.170459,1.150327,LUX,PAN,8418
2990691,138,169,1636,2013,20088632.0,14993.0,1.048507,0.718932,MEX,PAN,8418
2990692,153,169,1636,2013,9509654.0,0.0,0.937641,0.747496,MYS,PAN,8418
2990693,160,169,1636,2013,0.0,494806.0,-0.9277,-0.6842630000000001,NIC,PAN,8418
2990694,162,169,1636,2013,837803.0,2746.0,1.184107,1.249557,NLD,PAN,8418
2990695,163,169,1636,2013,222917.0,52788.0,0.892099,0.18168399999999998,NOR,PAN,8418
2990696,173,169,1636,2013,0.0,90046.0,-0.573852,0.357977,PER,PAN,8418
2990697,179,169,1636,2013,36614.0,0.0,0.541454,2.5228610000000002,PRT,PAN,8418
2990698,180,169,1636,2013,0.0,16263.0,-0.566239,-0.9273459999999999,PRY,PAN,8418
2990699,192,169,1636,2013,695685.0,1016.0,1.915504,0.619576,SGP,PAN,8418
2990700,197,169,1636,2013,37781.0,479666.0,-0.021029,0.381522,SLV,PAN,8418
2990701,205,169,1636,2013,0.0,762300.0,-0.417865,-0.7600399999999999,SUR,PAN,8418
2990702,207,169,1636,2013,304545.0,0.0,1.698374,0.563082,SVN,PAN,8418
2990703,208,169,1636,2013,4127.0,0.0,1.869421,0.228109,SWE,PAN,8418
2990704,216,169,1636,2013,184112.0,0.0,0.8752139999999999,1.3798620000000001,THA,PAN,8418
2990705,222,169,1636,2013,0.0,365428.0,-0.280641,-1.083332,TTO,PAN,8418
2990706,224,169,1636,2013,1167.0,0.0,0.42932299999999995,2.690235,TUR,PAN,8418
2990707,230,169,1636,2013,0.0,42414.0,0.20190999999999998,-0.19777999999999998,URY,PAN,8418
2990708,231,169,1636,2013,26933933.0,76716.0,1.6639689999999998,-0.48651300000000003,USA,PAN,8418
2990709,234,169,1636,2013,0.0,10225.0,0.193198,-0.23631799999999997,VCT,PAN,8418
2990710,236,169,1636,2013,464437.0,12305219.0,-0.778172,-1.107059,VEN,PAN,8418
2990711,249,169,1636,2013,4830616.0,0.0,1.843186,0.9432379999999999,TWN,PAN,8418
2990712,250,169,1636,2013,429766.0,16038725.0,0.628555,0.277602,ANS,PAN,8418
2990713,8,173,1636,2013,621390.0,1859.0,0.20314300000000002,0.494062,ARG,PER,8418
2990714,14,173,1636,2013,11743.0,0.0,-0.31145700000000004,-0.167628,AUS,PER,8418
2990715,15,173,1636,2013,363848.0,0.0,1.7209240000000001,-0.286892,AUT,PER,8418
2990716,18,173,1636,2013,264604.0,0.0,1.316207,0.972601,BEL,PER,8418
2990717,31,173,1636,2013,5850.0,6325.0,-1.039614,-0.95663,BOL,PER,8418
2990718,32,173,1636,2013,8288519.0,10274.0,0.14765899999999998,0.399262,BRA,PER,8418
2990719,39,173,1636,2013,74844.0,0.0,0.719649,1.017046,CAN,PER,8418
2990720,41,173,1636,2013,7520.0,0.0,2.2104470000000003,0.5403479999999999,CHE,PER,8418
2990721,42,173,1636,2013,6582392.0,364566.0,-0.260718,-0.38256100000000004,CHL,PER,8418
2990722,43,173,1636,2013,29259628.0,0.0,1.113767,1.477496,CHN,PER,8418
2990723,49,173,1636,2013,25227125.0,26562.0,0.121799,-0.388239,COL,PER,8418
2990724,59,173,1636,2013,57741.0,0.0,1.819653,-0.12423800000000002,CZE,PER,8418
2990725,61,173,1636,2013,2282700.0,19811.0,2.093658,-3.4281980000000005,DEU,PER,8418
2990726,64,173,1636,2013,4898800.0,0.0,1.161835,1.1788450000000001,DNK,PER,8418
2990727,65,173,1636,2013,0.0,44118.0,-0.277269,0.432388,DOM,PER,8418
2990728,67,173,1636,2013,11963575.0,152828.0,-0.86546,-0.8888389999999999,ECU,PER,8418
2990729,71,173,1636,2013,1866566.0,0.0,0.861698,2.353993,ESP,PER,8418
2990730,74,173,1636,2013,419773.0,0.0,1.734552,0.8896940000000001,FIN,PER,8418
2990731,77,173,1636,2013,1541647.0,0.0,1.520354,0.022874000000000002,FRA,PER,8418
2990732,81,173,1636,2013,3182588.0,0.0,1.7901259999999999,0.44164,GBR,PER,8418
2990733,93,173,1636,2013,5914010.0,18474.0,-0.41466499999999995,0.774788,GTM,PER,8418
2990734,97,173,1636,2013,34373.0,0.0,0.744383,1.923139,HKG,PER,8418
2990735,100,173,1636,2013,2201.0,0.0,0.898284,1.038807,HRV,PER,8418
2990736,102,173,1636,2013,39549.0,0.0,1.506101,0.7279220000000001,HUN,PER,8418
2990737,103,173,1636,2013,13276596.0,0.0,-0.216854,1.415728,IDN,PER,8418
2990738,104,173,1636,2013,195352.0,0.0,0.215356,2.3916209999999998,IND,PER,8418
2990739,110,173,1636,2013,2855.0,0.0,1.197241,0.633828,ISR,PER,8418
2990740,111,173,1636,2013,4642953.0,0.0,1.289924,0.533436,ITA,PER,8418
2990741,114,173,1636,2013,269176.0,1784.0,2.3993130000000003,-0.564768,JPN,PER,8418
2990742,121,173,1636,2013,12139578.0,0.0,1.818383,0.75645,KOR,PER,8418
2990743,131,173,1636,2013,348658.0,0.0,1.170459,1.150327,LUX,PER,8418
2990744,138,173,1636,2013,45398487.0,85704.0,1.048507,0.718932,MEX,PER,8418
2990745,153,173,1636,2013,464405.0,0.0,0.937641,0.747496,MYS,PER,8418
2990746,162,173,1636,2013,535817.0,0.0,1.184107,1.249557,NLD,PER,8418
2990747,163,173,1636,2013,203464.0,0.0,0.892099,0.18168399999999998,NOR,PER,8418
2990748,166,173,1636,2013,0.0,1943.0,0.3345,0.39063000000000003,NZL,PER,8418
2990749,169,173,1636,2013,90046.0,0.0,0.735637,1.161718,PAN,PER,8418
2990750,177,173,1636,2013,227967.0,0.0,1.084332,1.216749,POL,PER,8418
2990751,186,173,1636,2013,4654.0,0.0,0.481166,-0.180052,RUS,PER,8418
2990752,192,173,1636,2013,12673.0,2081.0,1.915504,0.619576,SGP,PER,8418
2990753,196,173,1636,2013,1092.0,0.0,-0.132082,-0.552921,SLE,PER,8418
2990754,206,173,1636,2013,155410.0,0.0,1.32064,0.7519819999999999,SVK,PER,8418
2990755,207,173,1636,2013,16324.0,0.0,1.698374,0.563082,SVN,PER,8418
2990756,208,173,1636,2013,938517.0,0.0,1.869421,0.228109,SWE,PER,8418
2990757,216,173,1636,2013,7520607.0,0.0,0.8752139999999999,1.3798620000000001,THA,PER,8418
2990758,224,173,1636,2013,168098.0,0.0,0.42932299999999995,2.690235,TUR,PER,8418
2990759,228,173,1636,2013,36469.0,0.0,0.657729,0.9063200000000001,UKR,PER,8418
2990760,231,173,1636,2013,13438263.0,10696.0,1.6639689999999998,-0.48651300000000003,USA,PER,8418
2990761,236,173,1636,2013,0.0,2511.0,-0.778172,-1.107059,VEN,PER,8418
2990762,239,173,1636,2013,238179.0,0.0,-0.11426900000000001,1.399738,VNM,PER,8418
2990763,246,173,1636,2013,0.0,2314.0,0.380284,1.5682120000000002,ZAF,PER,8418
2990764,249,173,1636,2013,430367.0,0.0,1.843186,0.9432379999999999,TWN,PER,8418
2990765,250,173,1636,2013,0.0,7095.0,0.628555,0.277602,ANS,PER,8418
2990766,2,174,1636,2013,0.0,9484.0,-1.172043,-1.133735,AGO,PHL,8418
2990767,7,174,1636,2013,32174.0,312332.0,-0.074047,-0.585168,ARE,PHL,8418
2990768,14,174,1636,2013,397280.0,104123.0,-0.31145700000000004,-0.167628,AUS,PHL,8418
2990769,15,174,1636,2013,6789.0,0.0,1.7209240000000001,-0.286892,AUT,PHL,8418
2990770,18,174,1636,2013,265981.0,2138.0,1.316207,0.972601,BEL,PHL,8418
2990771,24,174,1636,2013,0.0,4747.0,0.249681,-0.6204270000000001,BHR,PHL,8418
2990772,32,174,1636,2013,276308.0,8351.0,0.14765899999999998,0.399262,BRA,PHL,8418
2990773,39,174,1636,2013,33386.0,0.0,0.719649,1.017046,CAN,PHL,8418
2990774,41,174,1636,2013,337740.0,0.0,2.2104470000000003,0.5403479999999999,CHE,PHL,8418
2990775,42,174,1636,2013,0.0,11810.0,-0.260718,-0.38256100000000004,CHL,PHL,8418
2990776,43,174,1636,2013,61149583.0,2785660.0,1.113767,1.477496,CHN,PHL,8418
2990777,52,174,1636,2013,8562.0,0.0,0.067379,-0.688217,CRI,PHL,8418
2990778,59,174,1636,2013,17927.0,0.0,1.819653,-0.12423800000000002,CZE,PHL,8418
2990779,61,174,1636,2013,1013760.0,58063.0,2.093658,-3.4281980000000005,DEU,PHL,8418
2990780,64,174,1636,2013,299513.0,0.0,1.161835,1.1788450000000001,DNK,PHL,8418
2990781,65,174,1636,2013,0.0,7541.0,-0.277269,0.432388,DOM,PHL,8418
2990782,68,174,1636,2013,0.0,19226.0,-0.17418,1.692641,EGY,PHL,8418
2990783,71,174,1636,2013,245001.0,0.0,0.861698,2.353993,ESP,PHL,8418
2990784,74,174,1636,2013,1267.0,0.0,1.734552,0.8896940000000001,FIN,PHL,8418
2990785,77,174,1636,2013,545694.0,2228.0,1.520354,0.022874000000000002,FRA,PHL,8418
2990786,79,174,1636,2013,0.0,230695.0,-0.234314,-0.8260700000000001,FSM,PHL,8418
2990787,81,174,1636,2013,168656.0,2895645.0,1.7901259999999999,0.44164,GBR,PHL,8418
2990788,83,174,1636,2013,0.0,3464.0,-0.7316010000000001,-0.5327689999999999,GHA,PHL,8418
2990789,90,174,1636,2013,7946.0,0.0,0.18823800000000002,0.910906,GRC,PHL,8418
2990790,95,174,1636,2013,0.0,9027.0,0.483541,0.281968,GUM,PHL,8418
2990791,97,174,1636,2013,1307343.0,583835.0,0.744383,1.923139,HKG,PHL,8418
2990792,102,174,1636,2013,8855.0,0.0,1.506101,0.7279220000000001,HUN,PHL,8418
2990793,103,174,1636,2013,30576863.0,461151.0,-0.216854,1.415728,IDN,PHL,8418
2990794,104,174,1636,2013,815826.0,6564.0,0.215356,2.3916209999999998,IND,PHL,8418
2990795,106,174,1636,2013,8832.0,0.0,1.29988,0.240688,IRL,PHL,8418
2990796,110,174,1636,2013,29454.0,2957.0,1.197241,0.633828,ISR,PHL,8418
2990797,111,174,1636,2013,3549345.0,0.0,1.289924,0.533436,ITA,PHL,8418
2990798,114,174,1636,2013,2843735.0,8382530.0,2.3993130000000003,-0.564768,JPN,PHL,8418
2990799,118,174,1636,2013,12026.0,0.0,-1.054758,-0.872352,KHM,PHL,8418
2990800,121,174,1636,2013,12985040.0,42247.0,1.818383,0.75645,KOR,PHL,8418
2990801,122,174,1636,2013,0.0,16411.0,-0.536384,-1.08382,KWT,PHL,8418
2990802,124,174,1636,2013,0.0,22757.0,0.283084,1.4289100000000001,LBN,PHL,8418
2990803,128,174,1636,2013,0.0,7221.0,-0.6521779999999999,0.41258599999999995,LKA,PHL,8418
2990804,131,174,1636,2013,551553.0,0.0,1.170459,1.150327,LUX,PHL,8418
2990805,134,174,1636,2013,0.0,20257.0,-0.6494260000000001,-0.035075999999999996,MAR,PHL,8418
2990806,138,174,1636,2013,552053.0,48768.0,1.048507,0.718932,MEX,PHL,8418
2990807,139,174,1636,2013,0.0,15127.0,-0.980348,-0.8763219999999999,MHL,PHL,8418
2990808,151,174,1636,2013,0.0,15232.0,-0.158852,0.0061600000000000005,MUS,PHL,8418
2990809,153,174,1636,2013,4470468.0,197891.0,0.937641,0.747496,MYS,PHL,8418
2990810,162,174,1636,2013,2221494.0,326793.0,1.184107,1.249557,NLD,PHL,8418
2990811,166,174,1636,2013,368936.0,53391.0,0.3345,0.39063000000000003,NZL,PHL,8418
2990812,167,174,1636,2013,0.0,14462.0,-0.604175,-1.0463209999999998,OMN,PHL,8418
2990813,175,174,1636,2013,0.0,1328.0,0.232127,-0.716653,PLW,PHL,8418
2990814,176,174,1636,2013,0.0,168659.0,-1.444244,-1.144231,PNG,PHL,8418
2990815,177,174,1636,2013,48726.0,0.0,1.084332,1.216749,POL,PHL,8418
2990816,183,174,1636,2013,0.0,24276.0,-0.083649,-1.013491,QAT,PHL,8418
2990817,186,174,1636,2013,0.0,6137.0,0.481166,-0.180052,RUS,PHL,8418
2990818,188,174,1636,2013,149386.0,138474.0,0.626347,-0.844406,SAU,PHL,8418
2990819,192,174,1636,2013,2287919.0,83529.0,1.915504,0.619576,SGP,PHL,8418
2990820,207,174,1636,2013,9122.0,0.0,1.698374,0.563082,SVN,PHL,8418
2990821,208,174,1636,2013,1090744.0,0.0,1.869421,0.228109,SWE,PHL,8418
2990822,216,174,1636,2013,59213477.0,159604.0,0.8752139999999999,1.3798620000000001,THA,PHL,8418
2990823,224,174,1636,2013,37852.0,0.0,0.42932299999999995,2.690235,TUR,PHL,8418
2990824,229,174,1636,2013,0.0,1006.0,1.2648409999999999,-0.07537999999999999,UMI,PHL,8418
2990825,231,174,1636,2013,33003294.0,2455590.0,1.6639689999999998,-0.48651300000000003,USA,PHL,8418
2990826,239,174,1636,2013,3088934.0,16243.0,-0.11426900000000001,1.399738,VNM,PHL,8418
2990827,249,174,1636,2013,15991620.0,43516.0,1.843186,0.9432379999999999,TWN,PHL,8418
2990828,2,177,1636,2013,0.0,440450.0,-1.172043,-1.133735,AGO,POL,8418
2990829,4,177,1636,2013,0.0,587983.0,-0.53682,-0.162391,ALB,POL,8418
2990830,5,177,1636,2013,0.0,2725.0,0.9666530000000001,-0.159606,AND,POL,8418
2990831,7,177,1636,2013,4202173.0,279853.0,-0.074047,-0.585168,ARE,POL,8418
2990832,8,177,1636,2013,0.0,531021.0,0.20314300000000002,0.494062,ARG,POL,8418
2990833,9,177,1636,2013,0.0,1004641.0,-0.076922,-0.5781390000000001,ARM,POL,8418
2990834,12,177,1636,2013,0.0,14588.0,0.308415,-0.683897,ATF,POL,8418
2990835,14,177,1636,2013,18707.0,404468.0,-0.31145700000000004,-0.167628,AUS,POL,8418
2990836,15,177,1636,2013,22940629.0,4748467.0,1.7209240000000001,-0.286892,AUT,POL,8418
2990837,16,177,1636,2013,0.0,1068225.0,-0.9232870000000001,-1.165928,AZE,POL,8418
2990838,18,177,1636,2013,10942807.0,6067779.0,1.316207,0.972601,BEL,POL,8418
2990839,19,177,1636,2013,0.0,35385.0,-0.919968,-0.90691,BEN,POL,8418
2990840,21,177,1636,2013,0.0,8380.0,-0.9110360000000001,-0.852492,BFA,POL,8418
2990841,22,177,1636,2013,0.0,6498.0,-1.101916,-0.734646,BGD,POL,8418
2990842,23,177,1636,2013,3422376.0,6823059.0,0.5026109999999999,1.674296,BGR,POL,8418
2990843,24,177,1636,2013,0.0,55283.0,0.249681,-0.6204270000000001,BHR,POL,8418
2990844,26,177,1636,2013,63796.0,523782.0,0.46743199999999996,0.7340800000000001,BIH,POL,8418
2990845,28,177,1636,2013,758279.0,8748997.0,1.036923,0.864568,BLR,POL,8418
2990846,31,177,1636,2013,0.0,22827.0,-1.039614,-0.95663,BOL,POL,8418
2990847,32,177,1636,2013,144690.0,115283.0,0.14765899999999998,0.399262,BRA,POL,8418
2990848,39,177,1636,2013,7067.0,1394142.0,0.719649,1.017046,CAN,POL,8418
2990849,41,177,1636,2013,1402549.0,5504811.0,2.2104470000000003,0.5403479999999999,CHE,POL,8418
2990850,42,177,1636,2013,0.0,43892.0,-0.260718,-0.38256100000000004,CHL,POL,8418
2990851,43,177,1636,2013,82395823.0,1852398.0,1.113767,1.477496,CHN,POL,8418
2990852,44,177,1636,2013,0.0,296243.0,-0.923558,-0.866642,CIV,POL,8418
2990853,45,177,1636,2013,0.0,37029.0,-0.901531,-1.027111,CMR,POL,8418
2990854,47,177,1636,2013,0.0,3071.0,-1.215681,-1.08679,COG,POL,8418
2990855,49,177,1636,2013,0.0,10052.0,0.121799,-0.388239,COL,POL,8418
2990856,52,177,1636,2013,0.0,48800.0,0.067379,-0.688217,CRI,POL,8418
2990857,58,177,1636,2013,1200.0,303829.0,0.502238,0.349608,CYP,POL,8418
2990858,59,177,1636,2013,21712731.0,30524053.0,1.819653,-0.12423800000000002,CZE,POL,8418
2990859,61,177,1636,2013,76545164.0,151971128.0,2.093658,-3.4281980000000005,DEU,POL,8418
2990860,62,177,1636,2013,0.0,11266.0,-0.412843,-0.695916,DJI,POL,8418
2990861,64,177,1636,2013,10949168.0,9060970.0,1.161835,1.1788450000000001,DNK,POL,8418
2990862,65,177,1636,2013,0.0,3862.0,-0.277269,0.432388,DOM,POL,8418
2990863,66,177,1636,2013,0.0,188261.0,-1.373947,-1.1523459999999999,DZA,POL,8418
2990864,67,177,1636,2013,0.0,3139.0,-0.86546,-0.8888389999999999,ECU,POL,8418
2990865,68,177,1636,2013,0.0,1080760.0,-0.17418,1.692641,EGY,POL,8418
2990866,71,177,1636,2013,11197228.0,53671660.0,0.861698,2.353993,ESP,POL,8418
2990867,72,177,1636,2013,37440.0,7252682.0,0.8828940000000001,1.386574,EST,POL,8418
2990868,73,177,1636,2013,0.0,97580.0,-1.264002,-0.9594219999999999,ETH,POL,8418
2990869,74,177,1636,2013,2647331.0,6078030.0,1.734552,0.8896940000000001,FIN,POL,8418
2990870,77,177,1636,2013,40915536.0,125788433.0,1.520354,0.022874000000000002,FRA,POL,8418
2990871,81,177,1636,2013,2306911.0,115483867.0,1.7901259999999999,0.44164,GBR,POL,8418
2990872,82,177,1636,2013,0.0,464989.0,-0.160691,-0.393419,GEO,POL,8418
2990873,83,177,1636,2013,0.0,267166.0,-0.7316010000000001,-0.5327689999999999,GHA,POL,8418
2990874,87,177,1636,2013,0.0,23995.0,-0.5571550000000001,-0.6860310000000001,GMB,POL,8418
2990875,90,177,1636,2013,327689.0,12628908.0,0.18823800000000002,0.910906,GRC,POL,8418
2990876,92,177,1636,2013,0.0,10934.0,-0.801617,-0.8734120000000001,GRL,POL,8418
2990877,97,177,1636,2013,296956.0,6438.0,0.744383,1.923139,HKG,POL,8418
2990878,100,177,1636,2013,1680495.0,1419692.0,0.898284,1.038807,HRV,POL,8418
2990879,102,177,1636,2013,42816788.0,21982197.0,1.506101,0.7279220000000001,HUN,POL,8418
2990880,103,177,1636,2013,95693.0,76826.0,-0.216854,1.415728,IDN,POL,8418
2990881,104,177,1636,2013,263681.0,20159.0,0.215356,2.3916209999999998,IND,POL,8418
2990882,106,177,1636,2013,27621762.0,1414283.0,1.29988,0.240688,IRL,POL,8418
2990883,107,177,1636,2013,0.0,209526.0,-0.339172,-0.237114,IRN,POL,8418
2990884,108,177,1636,2013,0.0,15883.0,-2.839079,-0.8705440000000001,IRQ,POL,8418
2990885,109,177,1636,2013,1161.0,173258.0,0.259374,-0.20413299999999998,ISL,POL,8418
2990886,110,177,1636,2013,57890.0,1803904.0,1.197241,0.633828,ISR,POL,8418
2990887,111,177,1636,2013,112835296.0,106224296.0,1.289924,0.533436,ITA,POL,8418
2990888,113,177,1636,2013,0.0,18820.0,0.152659,0.5889979999999999,JOR,POL,8418
2990889,114,177,1636,2013,1985066.0,38701.0,2.3993130000000003,-0.564768,JPN,POL,8418
2990890,115,177,1636,2013,824.0,2199152.0,-0.680678,-0.83347,KAZ,POL,8418
2990891,116,177,1636,2013,0.0,358924.0,-0.448112,0.8672719999999999,KEN,POL,8418
2990892,117,177,1636,2013,0.0,114043.0,-0.1035,0.339914,KGZ,POL,8418
2990893,118,177,1636,2013,0.0,39978.0,-1.054758,-0.872352,KHM,POL,8418
2990894,121,177,1636,2013,84859584.0,377472.0,1.818383,0.75645,KOR,POL,8418
2990895,122,177,1636,2013,0.0,25074.0,-0.536384,-1.08382,KWT,POL,8418
2990896,124,177,1636,2013,0.0,283128.0,0.283084,1.4289100000000001,LBN,POL,8418
2990897,126,177,1636,2013,0.0,89195.0,-1.6241459999999999,-1.1817950000000002,LBY,POL,8418
2990898,128,177,1636,2013,0.0,47316.0,-0.6521779999999999,0.41258599999999995,LKA,POL,8418
2990899,130,177,1636,2013,6244111.0,18098611.0,0.737796,1.215543,LTU,POL,8418
2990900,131,177,1636,2013,187723.0,73854.0,1.170459,1.150327,LUX,POL,8418
2990901,132,177,1636,2013,68945.0,11561405.0,0.6219439999999999,1.166749,LVA,POL,8418
2990902,134,177,1636,2013,0.0,5203331.0,-0.6494260000000001,-0.035075999999999996,MAR,POL,8418
2990903,135,177,1636,2013,0.0,3263034.0,-0.016235,0.132104,MDA,POL,8418
2990904,137,177,1636,2013,0.0,11406.0,-0.21889699999999998,-0.776392,MDV,POL,8418
2990905,138,177,1636,2013,120113.0,448537.0,1.048507,0.718932,MEX,POL,8418
2990906,140,177,1636,2013,0.0,337592.0,-0.10859400000000001,0.155229,MKD,POL,8418
2990907,141,177,1636,2013,0.0,18622.0,-1.183671,-1.069504,MLI,POL,8418
2990908,142,177,1636,2013,0.0,166766.0,0.8519760000000001,-0.075869,MLT,POL,8418
2990909,144,177,1636,2013,0.0,121999.0,-0.054454999999999996,-0.164875,MNE,POL,8418
2990910,145,177,1636,2013,0.0,337863.0,-1.3270950000000001,-1.144547,MNG,POL,8418
2990911,147,177,1636,2013,0.0,13290.0,-1.326323,-1.050969,MOZ,POL,8418
2990912,148,177,1636,2013,0.0,31654.0,-1.950532,-1.283104,MRT,POL,8418
2990913,151,177,1636,2013,0.0,812596.0,-0.158852,0.0061600000000000005,MUS,POL,8418
2990914,153,177,1636,2013,757326.0,10388.0,0.937641,0.747496,MYS,POL,8418
2990915,155,177,1636,2013,0.0,21125.0,-0.308643,-0.480617,NAM,POL,8418
2990916,156,177,1636,2013,0.0,96673.0,-0.136052,-0.703913,NCL,POL,8418
2990917,159,177,1636,2013,0.0,278461.0,-1.745783,-1.1356680000000001,NGA,POL,8418
2990918,160,177,1636,2013,0.0,695.0,-0.9277,-0.6842630000000001,NIC,POL,8418
2990919,162,177,1636,2013,9099064.0,44566287.0,1.184107,1.249557,NLD,POL,8418
2990920,163,177,1636,2013,1296538.0,8171825.0,0.892099,0.18168399999999998,NOR,POL,8418
2990921,166,177,1636,2013,0.0,51462.0,0.3345,0.39063000000000003,NZL,POL,8418
2990922,168,177,1636,2013,0.0,35043.0,-0.75727,0.769703,PAK,POL,8418
2990923,173,177,1636,2013,0.0,227967.0,-0.573852,0.357977,PER,POL,8418
2990924,174,177,1636,2013,0.0,48726.0,0.507868,0.355403,PHL,POL,8418
2990925,178,177,1636,2013,0.0,3997.0,-0.414538,-0.22449299999999997,PRK,POL,8418
2990926,179,177,1636,2013,5722452.0,14525509.0,0.541454,2.5228610000000002,PRT,POL,8418
2990927,181,177,1636,2013,0.0,8633.0,0.072979,0.7099260000000001,PSE,POL,8418
2990928,182,177,1636,2013,0.0,779.0,-0.146044,-0.7055359999999999,PYF,POL,8418
2990929,183,177,1636,2013,0.0,54357.0,-0.083649,-1.013491,QAT,POL,8418
2990930,185,177,1636,2013,37173156.0,27336431.0,0.792035,1.225034,ROU,POL,8418
2990931,186,177,1636,2013,929424.0,114422522.0,0.481166,-0.180052,RUS,POL,8418
2990932,188,177,1636,2013,0.0,715292.0,0.626347,-0.844406,SAU,POL,8418
2990933,190,177,1636,2013,0.0,5485.0,-1.254944,-1.073564,SDN,POL,8418
2990934,191,177,1636,2013,0.0,380686.0,-0.523662,-0.309101,SEN,POL,8418
2990935,192,177,1636,2013,85576.0,356789.0,1.915504,0.619576,SGP,POL,8418
2990936,201,177,1636,2013,4036881.0,1430411.0,0.5717720000000001,1.174901,SRB,POL,8418
2990937,206,177,1636,2013,5856658.0,33492200.0,1.32064,0.7519819999999999,SVK,POL,8418
2990938,207,177,1636,2013,3524045.0,1715078.0,1.698374,0.563082,SVN,POL,8418
2990939,208,177,1636,2013,8841229.0,50011134.0,1.869421,0.228109,SWE,POL,8418
2990940,209,177,1636,2013,4365.0,0.0,0.109267,-0.275005,SWZ,POL,8418
2990941,211,177,1636,2013,0.0,155798.0,0.270999,-0.474095,SYC,POL,8418
2990942,215,177,1636,2013,0.0,9364.0,-0.598413,-0.49295200000000006,TGO,POL,8418
2990943,216,177,1636,2013,4090968.0,20312.0,0.8752139999999999,1.3798620000000001,THA,POL,8418
2990944,217,177,1636,2013,0.0,1328.0,-1.2512889999999999,-1.16402,TJK,POL,8418
2990945,219,177,1636,2013,0.0,7204.0,-1.6186770000000001,-1.2210969999999999,TKM,POL,8418
2990946,223,177,1636,2013,0.0,2429492.0,0.185528,1.0070700000000001,TUN,POL,8418
2990947,224,177,1636,2013,41778179.0,3219487.0,0.42932299999999995,2.690235,TUR,POL,8418
2990948,226,177,1636,2013,0.0,250469.0,-0.9306770000000001,0.273489,TZA,POL,8418
2990949,227,177,1636,2013,0.0,1823.0,-0.5462279999999999,0.200682,UGA,POL,8418
2990950,228,177,1636,2013,581763.0,70885320.0,0.657729,0.9063200000000001,UKR,POL,8418
2990951,230,177,1636,2013,0.0,80160.0,0.20190999999999998,-0.19777999999999998,URY,POL,8418
2990952,231,177,1636,2013,5864126.0,2732822.0,1.6639689999999998,-0.48651300000000003,USA,POL,8418
2990953,232,177,1636,2013,0.0,2230516.0,-0.748212,-0.567268,UZB,POL,8418
2990954,236,177,1636,2013,0.0,26016.0,-0.778172,-1.107059,VEN,POL,8418
2990955,239,177,1636,2013,0.0,162154.0,-0.11426900000000001,1.399738,VNM,POL,8418
2990956,246,177,1636,2013,10623.0,14557456.0,0.380284,1.5682120000000002,ZAF,POL,8418
2990957,247,177,1636,2013,0.0,324239.0,-0.382129,-0.5442229999999999,ZMB,POL,8418
2990958,248,177,1636,2013,0.0,56486.0,-0.828702,-0.899175,ZWE,POL,8418
2990959,249,177,1636,2013,423496.0,4372.0,1.843186,0.9432379999999999,TWN,POL,8418
2990960,250,177,1636,2013,118648.0,60952.0,0.628555,0.277602,ANS,POL,8418
2990961,2,179,1636,2013,0.0,50110358.0,-1.172043,-1.133735,AGO,PRT,8418
2990962,5,179,1636,2013,0.0,4262.0,0.9666530000000001,-0.159606,AND,PRT,8418
2990963,7,179,1636,2013,25287.0,1056176.0,-0.074047,-0.585168,ARE,PRT,8418
2990964,14,179,1636,2013,7710.0,823553.0,-0.31145700000000004,-0.167628,AUS,PRT,8418
2990965,15,179,1636,2013,6408710.0,587215.0,1.7209240000000001,-0.286892,AUT,PRT,8418
2990966,18,179,1636,2013,3810514.0,7789155.0,1.316207,0.972601,BEL,PRT,8418
2990967,21,179,1636,2013,0.0,129036.0,-0.9110360000000001,-0.852492,BFA,PRT,8418
2990968,23,179,1636,2013,166559.0,939.0,0.5026109999999999,1.674296,BGR,PRT,8418
2990969,24,179,1636,2013,0.0,17595.0,0.249681,-0.6204270000000001,BHR,PRT,8418
2990970,28,179,1636,2013,0.0,43476.0,1.036923,0.864568,BLR,PRT,8418
2990971,32,179,1636,2013,77296.0,5666756.0,0.14765899999999998,0.399262,BRA,PRT,8418
2990972,39,179,1636,2013,2983.0,562573.0,0.719649,1.017046,CAN,PRT,8418
2990973,41,179,1636,2013,23272.0,1082690.0,2.2104470000000003,0.5403479999999999,CHE,PRT,8418
2990974,42,179,1636,2013,0.0,657164.0,-0.260718,-0.38256100000000004,CHL,PRT,8418
2990975,43,179,1636,2013,15012984.0,1022.0,1.113767,1.477496,CHN,PRT,8418
2990976,44,179,1636,2013,0.0,78087.0,-0.923558,-0.866642,CIV,PRT,8418
2990977,45,179,1636,2013,0.0,233469.0,-0.901531,-1.027111,CMR,PRT,8418
2990978,46,179,1636,2013,0.0,280308.0,-1.300125,-1.0708010000000001,COD,PRT,8418
2990979,47,179,1636,2013,0.0,255000.0,-1.215681,-1.08679,COG,PRT,8418
2990980,49,179,1636,2013,0.0,1135072.0,0.121799,-0.388239,COL,PRT,8418
2990981,51,179,1636,2013,1320.0,1566607.0,-0.75058,-0.8948219999999999,CPV,PRT,8418
2990982,54,179,1636,2013,0.0,1038664.0,-0.019956,-0.7873319999999999,CUB,PRT,8418
2990983,58,179,1636,2013,0.0,9968.0,0.502238,0.349608,CYP,PRT,8418
2990984,59,179,1636,2013,2296427.0,20195.0,1.819653,-0.12423800000000002,CZE,PRT,8418
2990985,61,179,1636,2013,7675719.0,8953095.0,2.093658,-3.4281980000000005,DEU,PRT,8418
2990986,64,179,1636,2013,1171864.0,495349.0,1.161835,1.1788450000000001,DNK,PRT,8418
2990987,65,179,1636,2013,0.0,106695.0,-0.277269,0.432388,DOM,PRT,8418
2990988,66,179,1636,2013,1589.0,530979.0,-1.373947,-1.1523459999999999,DZA,PRT,8418
2990989,67,179,1636,2013,0.0,91355.0,-0.86546,-0.8888389999999999,ECU,PRT,8418
2990990,68,179,1636,2013,0.0,307740.0,-0.17418,1.692641,EGY,PRT,8418
2990991,71,179,1636,2013,46262363.0,28057250.0,0.861698,2.353993,ESP,PRT,8418
2990992,72,179,1636,2013,309424.0,1895089.0,0.8828940000000001,1.386574,EST,PRT,8418
2990993,73,179,1636,2013,0.0,93511.0,-1.264002,-0.9594219999999999,ETH,PRT,8418
2990994,74,179,1636,2013,11387.0,149904.0,1.734552,0.8896940000000001,FIN,PRT,8418
2990995,77,179,1636,2013,11817198.0,32391638.0,1.520354,0.022874000000000002,FRA,PRT,8418
2990996,80,179,1636,2013,0.0,44650.0,-1.6582830000000002,-1.155302,GAB,PRT,8418
2990997,81,179,1636,2013,973860.0,12689928.0,1.7901259999999999,0.44164,GBR,PRT,8418
2990998,83,179,1636,2013,0.0,807895.0,-0.7316010000000001,-0.5327689999999999,GHA,PRT,8418
2990999,85,179,1636,2013,0.0,124967.0,-1.1287459999999998,-1.069735,GIN,PRT,8418
2991000,87,179,1636,2013,0.0,48228.0,-0.5571550000000001,-0.6860310000000001,GMB,PRT,8418
2991001,88,179,1636,2013,0.0,370054.0,-2.414729,-0.9398700000000001,GNB,PRT,8418
2991002,89,179,1636,2013,0.0,158286.0,-1.521575,-0.814708,GNQ,PRT,8418
2991003,90,179,1636,2013,39997.0,138914.0,0.18823800000000002,0.910906,GRC,PRT,8418
2991004,93,179,1636,2013,0.0,52206.0,-0.41466499999999995,0.774788,GTM,PRT,8418
2991005,97,179,1636,2013,112653.0,200731.0,0.744383,1.923139,HKG,PRT,8418
2991006,102,179,1636,2013,244991.0,223119.0,1.506101,0.7279220000000001,HUN,PRT,8418
2991007,103,179,1636,2013,199301.0,157041.0,-0.216854,1.415728,IDN,PRT,8418
2991008,104,179,1636,2013,0.0,3902.0,0.215356,2.3916209999999998,IND,PRT,8418
2991009,106,179,1636,2013,1558273.0,827886.0,1.29988,0.240688,IRL,PRT,8418
2991010,107,179,1636,2013,0.0,14145.0,-0.339172,-0.237114,IRN,PRT,8418
2991011,108,179,1636,2013,0.0,2082.0,-2.839079,-0.8705440000000001,IRQ,PRT,8418
2991012,109,179,1636,2013,0.0,6904.0,0.259374,-0.20413299999999998,ISL,PRT,8418
2991013,110,179,1636,2013,738212.0,544499.0,1.197241,0.633828,ISR,PRT,8418
2991014,111,179,1636,2013,26680335.0,3195137.0,1.289924,0.533436,ITA,PRT,8418
2991015,113,179,1636,2013,0.0,18750.0,0.152659,0.5889979999999999,JOR,PRT,8418
2991016,114,179,1636,2013,310923.0,0.0,2.3993130000000003,-0.564768,JPN,PRT,8418
2991017,115,179,1636,2013,0.0,4350.0,-0.680678,-0.83347,KAZ,PRT,8418
2991018,116,179,1636,2013,0.0,9248.0,-0.448112,0.8672719999999999,KEN,PRT,8418
2991019,121,179,1636,2013,424737.0,310290.0,1.818383,0.75645,KOR,PRT,8418
2991020,122,179,1636,2013,0.0,171322.0,-0.536384,-1.08382,KWT,PRT,8418
2991021,124,179,1636,2013,0.0,67638.0,0.283084,1.4289100000000001,LBN,PRT,8418
2991022,125,179,1636,2013,0.0,19883.0,-0.41869399999999996,-0.9538770000000001,LBR,PRT,8418
2991023,126,179,1636,2013,0.0,1948006.0,-1.6241459999999999,-1.1817950000000002,LBY,PRT,8418
2991024,128,179,1636,2013,0.0,24348.0,-0.6521779999999999,0.41258599999999995,LKA,PRT,8418
2991025,130,179,1636,2013,1120804.0,1634.0,0.737796,1.215543,LTU,PRT,8418
2991026,131,179,1636,2013,973.0,82332.0,1.170459,1.150327,LUX,PRT,8418
2991027,133,179,1636,2013,0.0,3554.0,0.252209,0.184401,MAC,PRT,8418
2991028,134,179,1636,2013,0.0,3122979.0,-0.6494260000000001,-0.035075999999999996,MAR,PRT,8418
2991029,136,179,1636,2013,0.0,118147.0,-1.068565,-0.364254,MDG,PRT,8418
2991030,137,179,1636,2013,0.0,2138.0,-0.21889699999999998,-0.776392,MDV,PRT,8418
2991031,138,179,1636,2013,5207.0,106992.0,1.048507,0.718932,MEX,PRT,8418
2991032,140,179,1636,2013,0.0,835.0,-0.10859400000000001,0.155229,MKD,PRT,8418
2991033,141,179,1636,2013,0.0,316997.0,-1.183671,-1.069504,MLI,PRT,8418
2991034,142,179,1636,2013,0.0,236890.0,0.8519760000000001,-0.075869,MLT,PRT,8418
2991035,147,179,1636,2013,0.0,3102497.0,-1.326323,-1.050969,MOZ,PRT,8418
2991036,148,179,1636,2013,0.0,37630.0,-1.950532,-1.283104,MRT,PRT,8418
2991037,151,179,1636,2013,0.0,12452.0,-0.158852,0.0061600000000000005,MUS,PRT,8418
2991038,152,179,1636,2013,0.0,308.0,-0.8992120000000001,-0.862175,MWI,PRT,8418
2991039,153,179,1636,2013,88320.0,132744.0,0.937641,0.747496,MYS,PRT,8418
2991040,154,179,1636,2013,0.0,20327.0,0.9851690000000001,-0.504069,MYT,PRT,8418
2991041,155,179,1636,2013,0.0,9603.0,-0.308643,-0.480617,NAM,PRT,8418
2991042,156,179,1636,2013,0.0,210587.0,-0.136052,-0.703913,NCL,PRT,8418
2991043,157,179,1636,2013,0.0,14253.0,-1.268738,-0.942256,NER,PRT,8418
2991044,159,179,1636,2013,0.0,65864.0,-1.745783,-1.1356680000000001,NGA,PRT,8418
2991045,160,179,1636,2013,0.0,1695.0,-0.9277,-0.6842630000000001,NIC,PRT,8418
2991046,162,179,1636,2013,4064221.0,2428282.0,1.184107,1.249557,NLD,PRT,8418
2991047,163,179,1636,2013,54501.0,150643.0,0.892099,0.18168399999999998,NOR,PRT,8418
2991048,166,179,1636,2013,0.0,290622.0,0.3345,0.39063000000000003,NZL,PRT,8418
2991049,169,179,1636,2013,0.0,36614.0,0.735637,1.161718,PAN,PRT,8418
2991050,177,179,1636,2013,14525509.0,5722452.0,1.084332,1.216749,POL,PRT,8418
2991051,180,179,1636,2013,0.0,21687.0,-0.566239,-0.9273459999999999,PRY,PRT,8418
2991052,182,179,1636,2013,0.0,65621.0,-0.146044,-0.7055359999999999,PYF,PRT,8418
2991053,183,179,1636,2013,0.0,228114.0,-0.083649,-1.013491,QAT,PRT,8418
2991054,185,179,1636,2013,1834780.0,114758.0,0.792035,1.225034,ROU,PRT,8418
2991055,186,179,1636,2013,0.0,1962563.0,0.481166,-0.180052,RUS,PRT,8418
2991056,188,179,1636,2013,0.0,916210.0,0.626347,-0.844406,SAU,PRT,8418
2991057,190,179,1636,2013,0.0,673152.0,-1.254944,-1.073564,SDN,PRT,8418
2991058,191,179,1636,2013,0.0,351046.0,-0.523662,-0.309101,SEN,PRT,8418
2991059,192,179,1636,2013,32610.0,31520.0,1.915504,0.619576,SGP,PRT,8418
2991060,196,179,1636,2013,0.0,59213.0,-0.132082,-0.552921,SLE,PRT,8418
2991061,201,179,1636,2013,0.0,666.0,0.5717720000000001,1.174901,SRB,PRT,8418
2991062,203,179,1636,2013,0.0,549970.0,0.8999219999999999,-0.101662,STP,PRT,8418
2991063,206,179,1636,2013,83595.0,34247.0,1.32064,0.7519819999999999,SVK,PRT,8418
2991064,207,179,1636,2013,398912.0,36026.0,1.698374,0.563082,SVN,PRT,8418
2991065,208,179,1636,2013,1680721.0,1170348.0,1.869421,0.228109,SWE,PRT,8418
2991066,210,179,1636,2013,0.0,46252.0,0.5512090000000001,-0.22818400000000003,SXM,PRT,8418
2991067,211,179,1636,2013,0.0,125469.0,0.270999,-0.474095,SYC,PRT,8418
2991068,215,179,1636,2013,0.0,102010.0,-0.598413,-0.49295200000000006,TGO,PRT,8418
2991069,216,179,1636,2013,1278061.0,43793.0,0.8752139999999999,1.3798620000000001,THA,PRT,8418
2991070,220,179,1636,2013,0.0,11911.0,-0.376633,-0.73677,TLS,PRT,8418
2991071,223,179,1636,2013,0.0,153990.0,0.185528,1.0070700000000001,TUN,PRT,8418
2991072,224,179,1636,2013,11653405.0,11412.0,0.42932299999999995,2.690235,TUR,PRT,8418
2991073,226,179,1636,2013,0.0,17379.0,-0.9306770000000001,0.273489,TZA,PRT,8418
2991074,227,179,1636,2013,0.0,16896.0,-0.5462279999999999,0.200682,UGA,PRT,8418
2991075,228,179,1636,2013,0.0,13418.0,0.657729,0.9063200000000001,UKR,PRT,8418
2991076,230,179,1636,2013,0.0,97079.0,0.20190999999999998,-0.19777999999999998,URY,PRT,8418
2991077,231,179,1636,2013,413020.0,1052729.0,1.6639689999999998,-0.48651300000000003,USA,PRT,8418
2991078,236,179,1636,2013,0.0,7651137.0,-0.778172,-1.107059,VEN,PRT,8418
2991079,239,179,1636,2013,0.0,17443.0,-0.11426900000000001,1.399738,VNM,PRT,8418
2991080,243,179,1636,2013,0.0,34595.0,-1.252605,-1.207324,YEM,PRT,8418
2991081,246,179,1636,2013,0.0,1881363.0,0.380284,1.5682120000000002,ZAF,PRT,8418
2991082,249,179,1636,2013,47627.0,5560.0,1.843186,0.9432379999999999,TWN,PRT,8418
2991083,250,179,1636,2013,0.0,3076.0,0.628555,0.277602,ANS,PRT,8418
2991084,8,180,1636,2013,13025251.0,0.0,0.20314300000000002,0.494062,ARG,PRY,8418
2991085,15,180,1636,2013,56793.0,0.0,1.7209240000000001,-0.286892,AUT,PRY,8418
2991086,18,180,1636,2013,982.0,0.0,1.316207,0.972601,BEL,PRY,8418
2991087,31,180,1636,2013,0.0,8265.0,-1.039614,-0.95663,BOL,PRY,8418
2991088,32,180,1636,2013,33201957.0,0.0,0.14765899999999998,0.399262,BRA,PRY,8418
2991089,41,180,1636,2013,2762.0,0.0,2.2104470000000003,0.5403479999999999,CHE,PRY,8418
2991090,42,180,1636,2013,1840450.0,0.0,-0.260718,-0.38256100000000004,CHL,PRY,8418
2991091,43,180,1636,2013,18093732.0,0.0,1.113767,1.477496,CHN,PRY,8418
2991092,49,180,1636,2013,237501.0,0.0,0.121799,-0.388239,COL,PRY,8418
2991093,59,180,1636,2013,42069.0,0.0,1.819653,-0.12423800000000002,CZE,PRY,8418
2991094,61,180,1636,2013,202885.0,0.0,2.093658,-3.4281980000000005,DEU,PRY,8418
2991095,64,180,1636,2013,17490.0,0.0,1.161835,1.1788450000000001,DNK,PRY,8418
2991096,71,180,1636,2013,141708.0,0.0,0.861698,2.353993,ESP,PRY,8418
2991097,77,180,1636,2013,231099.0,0.0,1.520354,0.022874000000000002,FRA,PRY,8418
2991098,81,180,1636,2013,8911.0,0.0,1.7901259999999999,0.44164,GBR,PRY,8418
2991099,97,180,1636,2013,362458.0,0.0,0.744383,1.923139,HKG,PRY,8418
2991100,102,180,1636,2013,6273.0,0.0,1.506101,0.7279220000000001,HUN,PRY,8418
2991101,103,180,1636,2013,5979.0,0.0,-0.216854,1.415728,IDN,PRY,8418
2991102,104,180,1636,2013,2939.0,0.0,0.215356,2.3916209999999998,IND,PRY,8418
2991103,111,180,1636,2013,315508.0,0.0,1.289924,0.533436,ITA,PRY,8418
2991104,114,180,1636,2013,26838.0,0.0,2.3993130000000003,-0.564768,JPN,PRY,8418
2991105,121,180,1636,2013,441457.0,0.0,1.818383,0.75645,KOR,PRY,8418
2991106,138,180,1636,2013,7415880.0,122284.0,1.048507,0.718932,MEX,PRY,8418
2991107,149,180,1636,2013,0.0,1838.0,1.610652,0.079868,MSR,PRY,8418
2991108,153,180,1636,2013,8546.0,0.0,0.937641,0.747496,MYS,PRY,8418
2991109,162,180,1636,2013,14336.0,0.0,1.184107,1.249557,NLD,PRY,8418
2991110,169,180,1636,2013,16263.0,0.0,0.735637,1.161718,PAN,PRY,8418
2991111,179,180,1636,2013,21687.0,0.0,0.541454,2.5228610000000002,PRT,PRY,8418
2991112,185,180,1636,2013,17176.0,0.0,0.792035,1.225034,ROU,PRY,8418
2991113,192,180,1636,2013,2792.0,0.0,1.915504,0.619576,SGP,PRY,8418
2991114,207,180,1636,2013,4207.0,0.0,1.698374,0.563082,SVN,PRY,8418
2991115,212,180,1636,2013,19287.0,0.0,-0.14343399999999998,1.077256,SYR,PRY,8418
2991116,216,180,1636,2013,75425.0,0.0,0.8752139999999999,1.3798620000000001,THA,PRY,8418
2991117,224,180,1636,2013,324461.0,0.0,0.42932299999999995,2.690235,TUR,PRY,8418
2991118,230,180,1636,2013,692131.0,3421.0,0.20190999999999998,-0.19777999999999998,URY,PRY,8418
2991119,231,180,1636,2013,655231.0,0.0,1.6639689999999998,-0.48651300000000003,USA,PRY,8418
2991120,249,180,1636,2013,68196.0,0.0,1.843186,0.9432379999999999,TWN,PRY,8418
2991121,7,181,1636,2013,4125.0,0.0,-0.074047,-0.585168,ARE,PSE,8418
2991122,15,181,1636,2013,16727.0,0.0,1.7209240000000001,-0.286892,AUT,PSE,8418
2991123,43,181,1636,2013,157736.0,0.0,1.113767,1.477496,CHN,PSE,8418
2991124,61,181,1636,2013,415833.0,0.0,2.093658,-3.4281980000000005,DEU,PSE,8418
2991125,64,181,1636,2013,3376.0,0.0,1.161835,1.1788450000000001,DNK,PSE,8418
2991126,68,181,1636,2013,192431.0,0.0,-0.17418,1.692641,EGY,PSE,8418
2991127,71,181,1636,2013,5639.0,0.0,0.861698,2.353993,ESP,PSE,8418
2991128,74,181,1636,2013,1949.0,0.0,1.734552,0.8896940000000001,FIN,PSE,8418
2991129,77,181,1636,2013,259080.0,0.0,1.520354,0.022874000000000002,FRA,PSE,8418
2991130,81,181,1636,2013,1035.0,0.0,1.7901259999999999,0.44164,GBR,PSE,8418
2991131,90,181,1636,2013,55227.0,0.0,0.18823800000000002,0.910906,GRC,PSE,8418
2991132,110,181,1636,2013,16051167.0,916715.0,1.197241,0.633828,ISR,PSE,8418
2991133,111,181,1636,2013,71440.0,0.0,1.289924,0.533436,ITA,PSE,8418
2991134,113,181,1636,2013,205648.0,0.0,0.152659,0.5889979999999999,JOR,PSE,8418
2991135,114,181,1636,2013,585.0,0.0,2.3993130000000003,-0.564768,JPN,PSE,8418
2991136,121,181,1636,2013,204525.0,0.0,1.818383,0.75645,KOR,PSE,8418
2991137,142,181,1636,2013,1885.0,0.0,0.8519760000000001,-0.075869,MLT,PSE,8418
2991138,162,181,1636,2013,44886.0,0.0,1.184107,1.249557,NLD,PSE,8418
2991139,177,181,1636,2013,8633.0,0.0,1.084332,1.216749,POL,PSE,8418
2991140,185,181,1636,2013,20460.0,0.0,0.792035,1.225034,ROU,PSE,8418
2991141,188,181,1636,2013,105835.0,0.0,0.626347,-0.844406,SAU,PSE,8418
2991142,192,181,1636,2013,46356.0,0.0,1.915504,0.619576,SGP,PSE,8418
2991143,216,181,1636,2013,40844.0,0.0,0.8752139999999999,1.3798620000000001,THA,PSE,8418
2991144,224,181,1636,2013,358353.0,0.0,0.42932299999999995,2.690235,TUR,PSE,8418
2991145,231,181,1636,2013,6472.0,0.0,1.6639689999999998,-0.48651300000000003,USA,PSE,8418
2991146,7,183,1636,2013,4492081.0,10544.0,-0.074047,-0.585168,ARE,QAT,8418
2991147,14,183,1636,2013,99748.0,0.0,-0.31145700000000004,-0.167628,AUS,QAT,8418
2991148,15,183,1636,2013,379060.0,0.0,1.7209240000000001,-0.286892,AUT,QAT,8418
2991149,18,183,1636,2013,160139.0,0.0,1.316207,0.972601,BEL,QAT,8418
2991150,19,183,1636,2013,0.0,898.0,-0.919968,-0.90691,BEN,QAT,8418
2991151,23,183,1636,2013,1676.0,0.0,0.5026109999999999,1.674296,BGR,QAT,8418
2991152,24,183,1636,2013,272038.0,0.0,0.249681,-0.6204270000000001,BHR,QAT,8418
2991153,32,183,1636,2013,19360.0,0.0,0.14765899999999998,0.399262,BRA,QAT,8418
2991154,39,183,1636,2013,330869.0,0.0,0.719649,1.017046,CAN,QAT,8418
2991155,41,183,1636,2013,67858.0,841.0,2.2104470000000003,0.5403479999999999,CHE,QAT,8418
2991156,43,183,1636,2013,5781298.0,0.0,1.113767,1.477496,CHN,QAT,8418
2991157,58,183,1636,2013,12063.0,0.0,0.502238,0.349608,CYP,QAT,8418
2991158,59,183,1636,2013,1217942.0,0.0,1.819653,-0.12423800000000002,CZE,QAT,8418
2991159,61,183,1636,2013,10065941.0,0.0,2.093658,-3.4281980000000005,DEU,QAT,8418
2991160,64,183,1636,2013,170168.0,0.0,1.161835,1.1788450000000001,DNK,QAT,8418
2991161,68,183,1636,2013,283626.0,1194.0,-0.17418,1.692641,EGY,QAT,8418
2991162,71,183,1636,2013,1050577.0,0.0,0.861698,2.353993,ESP,QAT,8418
2991163,77,183,1636,2013,10559875.0,34592.0,1.520354,0.022874000000000002,FRA,QAT,8418
2991164,81,183,1636,2013,1042289.0,20879.0,1.7901259999999999,0.44164,GBR,QAT,8418
2991165,83,183,1636,2013,0.0,18746.0,-0.7316010000000001,-0.5327689999999999,GHA,QAT,8418
2991166,90,183,1636,2013,102857.0,0.0,0.18823800000000002,0.910906,GRC,QAT,8418
2991167,97,183,1636,2013,41695.0,0.0,0.744383,1.923139,HKG,QAT,8418
2991168,102,183,1636,2013,92811.0,0.0,1.506101,0.7279220000000001,HUN,QAT,8418
2991169,103,183,1636,2013,1446917.0,0.0,-0.216854,1.415728,IDN,QAT,8418
2991170,104,183,1636,2013,4700241.0,1953.0,0.215356,2.3916209999999998,IND,QAT,8418
2991171,106,183,1636,2013,1834160.0,0.0,1.29988,0.240688,IRL,QAT,8418
2991172,107,183,1636,2013,130409.0,0.0,-0.339172,-0.237114,IRN,QAT,8418
2991173,111,183,1636,2013,8195014.0,3683.0,1.289924,0.533436,ITA,QAT,8418
2991174,113,183,1636,2013,3713512.0,0.0,0.152659,0.5889979999999999,JOR,QAT,8418
2991175,114,183,1636,2013,3513192.0,0.0,2.3993130000000003,-0.564768,JPN,QAT,8418
2991176,116,183,1636,2013,0.0,874.0,-0.448112,0.8672719999999999,KEN,QAT,8418
2991177,121,183,1636,2013,2231321.0,0.0,1.818383,0.75645,KOR,QAT,8418
2991178,122,183,1636,2013,307775.0,20501.0,-0.536384,-1.08382,KWT,QAT,8418
2991179,124,183,1636,2013,411843.0,0.0,0.283084,1.4289100000000001,LBN,QAT,8418
2991180,128,183,1636,2013,98456.0,0.0,-0.6521779999999999,0.41258599999999995,LKA,QAT,8418
2991181,131,183,1636,2013,22266.0,0.0,1.170459,1.150327,LUX,QAT,8418
2991182,134,183,1636,2013,3193.0,0.0,-0.6494260000000001,-0.035075999999999996,MAR,QAT,8418
2991183,138,183,1636,2013,1211745.0,0.0,1.048507,0.718932,MEX,QAT,8418
2991184,148,183,1636,2013,0.0,3609.0,-1.950532,-1.283104,MRT,QAT,8418
2991185,153,183,1636,2013,710639.0,0.0,0.937641,0.747496,MYS,QAT,8418
2991186,162,183,1636,2013,242348.0,0.0,1.184107,1.249557,NLD,QAT,8418
2991187,163,183,1636,2013,1014.0,2145.0,0.892099,0.18168399999999998,NOR,QAT,8418
2991188,166,183,1636,2013,3754.0,0.0,0.3345,0.39063000000000003,NZL,QAT,8418
2991189,167,183,1636,2013,54686.0,18364.0,-0.604175,-1.0463209999999998,OMN,QAT,8418
2991190,168,183,1636,2013,6685.0,0.0,-0.75727,0.769703,PAK,QAT,8418
2991191,174,183,1636,2013,24276.0,0.0,0.507868,0.355403,PHL,QAT,8418
2991192,177,183,1636,2013,54357.0,0.0,1.084332,1.216749,POL,QAT,8418
2991193,179,183,1636,2013,228114.0,0.0,0.541454,2.5228610000000002,PRT,QAT,8418
2991194,185,183,1636,2013,23086.0,0.0,0.792035,1.225034,ROU,QAT,8418
2991195,186,183,1636,2013,1582.0,0.0,0.481166,-0.180052,RUS,QAT,8418
2991196,188,183,1636,2013,1462268.0,0.0,0.626347,-0.844406,SAU,QAT,8418
2991197,190,183,1636,2013,0.0,13493.0,-1.254944,-1.073564,SDN,QAT,8418
2991198,192,183,1636,2013,28847.0,0.0,1.915504,0.619576,SGP,QAT,8418
2991199,201,183,1636,2013,7224.0,0.0,0.5717720000000001,1.174901,SRB,QAT,8418
2991200,207,183,1636,2013,52379.0,0.0,1.698374,0.563082,SVN,QAT,8418
2991201,208,183,1636,2013,1615471.0,0.0,1.869421,0.228109,SWE,QAT,8418
2991202,212,183,1636,2013,13406.0,0.0,-0.14343399999999998,1.077256,SYR,QAT,8418
2991203,216,183,1636,2013,7305613.0,0.0,0.8752139999999999,1.3798620000000001,THA,QAT,8418
2991204,224,183,1636,2013,1430990.0,0.0,0.42932299999999995,2.690235,TUR,QAT,8418
2991205,228,183,1636,2013,2871.0,0.0,0.657729,0.9063200000000001,UKR,QAT,8418
2991206,231,183,1636,2013,15530833.0,0.0,1.6639689999999998,-0.48651300000000003,USA,QAT,8418
2991207,239,183,1636,2013,180609.0,0.0,-0.11426900000000001,1.399738,VNM,QAT,8418
2991208,246,183,1636,2013,1699.0,130469.0,0.380284,1.5682120000000002,ZAF,QAT,8418
2991209,249,183,1636,2013,402080.0,0.0,1.843186,0.9432379999999999,TWN,QAT,8418
2991210,0,188,1636,2013,154452.0,0.0,0.913235,-0.149061,ABW,SAU,8418
2991211,2,188,1636,2013,0.0,9731.0,-1.172043,-1.133735,AGO,SAU,8418
2991212,7,188,1636,2013,44793091.0,731630.0,-0.074047,-0.585168,ARE,SAU,8418
2991213,8,188,1636,2013,172222.0,0.0,0.20314300000000002,0.494062,ARG,SAU,8418
2991214,14,188,1636,2013,480271.0,0.0,-0.31145700000000004,-0.167628,AUS,SAU,8418
2991215,15,188,1636,2013,842856.0,0.0,1.7209240000000001,-0.286892,AUT,SAU,8418
2991216,18,188,1636,2013,1111619.0,0.0,1.316207,0.972601,BEL,SAU,8418
2991217,22,188,1636,2013,0.0,51197.0,-1.101916,-0.734646,BGD,SAU,8418
2991218,24,188,1636,2013,10769262.0,571584.0,0.249681,-0.6204270000000001,BHR,SAU,8418
2991219,32,188,1636,2013,635728.0,0.0,0.14765899999999998,0.399262,BRA,SAU,8418
2991220,39,188,1636,2013,3176101.0,0.0,0.719649,1.017046,CAN,SAU,8418
2991221,41,188,1636,2013,1232530.0,0.0,2.2104470000000003,0.5403479999999999,CHE,SAU,8418
2991222,43,188,1636,2013,96375109.0,35758.0,1.113767,1.477496,CHN,SAU,8418
2991223,44,188,1636,2013,0.0,1508.0,-0.923558,-0.866642,CIV,SAU,8418
2991224,45,188,1636,2013,0.0,879.0,-0.901531,-1.027111,CMR,SAU,8418
2991225,50,188,1636,2013,0.0,1639.0,-0.326422,-0.6956640000000001,COM,SAU,8418
2991226,58,188,1636,2013,4015.0,0.0,0.502238,0.349608,CYP,SAU,8418
2991227,59,188,1636,2013,4775418.0,0.0,1.819653,-0.12423800000000002,CZE,SAU,8418
2991228,61,188,1636,2013,25171519.0,13090.0,2.093658,-3.4281980000000005,DEU,SAU,8418
2991229,62,188,1636,2013,0.0,381600.0,-0.412843,-0.695916,DJI,SAU,8418
2991230,64,188,1636,2013,1292040.0,0.0,1.161835,1.1788450000000001,DNK,SAU,8418
2991231,67,188,1636,2013,22122.0,0.0,-0.86546,-0.8888389999999999,ECU,SAU,8418
2991232,68,188,1636,2013,715355.0,1015815.0,-0.17418,1.692641,EGY,SAU,8418
2991233,71,188,1636,2013,5111225.0,333284.0,0.861698,2.353993,ESP,SAU,8418
2991234,72,188,1636,2013,505974.0,0.0,0.8828940000000001,1.386574,EST,SAU,8418
2991235,73,188,1636,2013,0.0,11267.0,-1.264002,-0.9594219999999999,ETH,SAU,8418
2991236,74,188,1636,2013,1232481.0,0.0,1.734552,0.8896940000000001,FIN,SAU,8418
2991237,77,188,1636,2013,15426498.0,17044.0,1.520354,0.022874000000000002,FRA,SAU,8418
2991238,81,188,1636,2013,2043461.0,14401.0,1.7901259999999999,0.44164,GBR,SAU,8418
2991239,83,188,1636,2013,0.0,129464.0,-0.7316010000000001,-0.5327689999999999,GHA,SAU,8418
2991240,85,188,1636,2013,0.0,12584.0,-1.1287459999999998,-1.069735,GIN,SAU,8418
2991241,90,188,1636,2013,2090486.0,0.0,0.18823800000000002,0.910906,GRC,SAU,8418
2991242,97,188,1636,2013,69781.0,0.0,0.744383,1.923139,HKG,SAU,8418
2991243,102,188,1636,2013,3272725.0,0.0,1.506101,0.7279220000000001,HUN,SAU,8418
2991244,103,188,1636,2013,15345155.0,0.0,-0.216854,1.415728,IDN,SAU,8418
2991245,104,188,1636,2013,5491673.0,695584.0,0.215356,2.3916209999999998,IND,SAU,8418
2991246,106,188,1636,2013,14657193.0,0.0,1.29988,0.240688,IRL,SAU,8418
2991247,108,188,1636,2013,0.0,208534.0,-2.839079,-0.8705440000000001,IRQ,SAU,8418
2991248,111,188,1636,2013,45698002.0,43619.0,1.289924,0.533436,ITA,SAU,8418
2991249,113,188,1636,2013,1727712.0,1562611.0,0.152659,0.5889979999999999,JOR,SAU,8418
2991250,114,188,1636,2013,3548460.0,0.0,2.3993130000000003,-0.564768,JPN,SAU,8418
2991251,116,188,1636,2013,0.0,38436.0,-0.448112,0.8672719999999999,KEN,SAU,8418
2991252,121,188,1636,2013,43477547.0,5055.0,1.818383,0.75645,KOR,SAU,8418
2991253,122,188,1636,2013,1302173.0,2317402.0,-0.536384,-1.08382,KWT,SAU,8418
2991254,124,188,1636,2013,6141626.0,15813.0,0.283084,1.4289100000000001,LBN,SAU,8418
2991255,126,188,1636,2013,0.0,75467.0,-1.6241459999999999,-1.1817950000000002,LBY,SAU,8418
2991256,128,188,1636,2013,1252.0,185504.0,-0.6521779999999999,0.41258599999999995,LKA,SAU,8418
2991257,130,188,1636,2013,41986.0,0.0,0.737796,1.215543,LTU,SAU,8418
2991258,131,188,1636,2013,19569.0,0.0,1.170459,1.150327,LUX,SAU,8418
2991259,132,188,1636,2013,142571.0,0.0,0.6219439999999999,1.166749,LVA,SAU,8418
2991260,134,188,1636,2013,0.0,2388.0,-0.6494260000000001,-0.035075999999999996,MAR,SAU,8418
2991261,138,188,1636,2013,13826063.0,0.0,1.048507,0.718932,MEX,SAU,8418
2991262,148,188,1636,2013,0.0,40291.0,-1.950532,-1.283104,MRT,SAU,8418
2991263,153,188,1636,2013,692930.0,0.0,0.937641,0.747496,MYS,SAU,8418
2991264,157,188,1636,2013,0.0,3103.0,-1.268738,-0.942256,NER,SAU,8418
2991265,159,188,1636,2013,0.0,571226.0,-1.745783,-1.1356680000000001,NGA,SAU,8418
2991266,162,188,1636,2013,2368326.0,444020.0,1.184107,1.249557,NLD,SAU,8418
2991267,166,188,1636,2013,1279.0,0.0,0.3345,0.39063000000000003,NZL,SAU,8418
2991268,167,188,1636,2013,23359.0,316550.0,-0.604175,-1.0463209999999998,OMN,SAU,8418
2991269,168,188,1636,2013,84656.0,618219.0,-0.75727,0.769703,PAK,SAU,8418
2991270,174,188,1636,2013,138474.0,149386.0,0.507868,0.355403,PHL,SAU,8418
2991271,177,188,1636,2013,715292.0,0.0,1.084332,1.216749,POL,SAU,8418
2991272,179,188,1636,2013,916210.0,0.0,0.541454,2.5228610000000002,PRT,SAU,8418
2991273,181,188,1636,2013,0.0,105835.0,0.072979,0.7099260000000001,PSE,SAU,8418
2991274,183,188,1636,2013,0.0,1462268.0,-0.083649,-1.013491,QAT,SAU,8418
2991275,185,188,1636,2013,1568153.0,0.0,0.792035,1.225034,ROU,SAU,8418
2991276,190,188,1636,2013,0.0,1475186.0,-1.254944,-1.073564,SDN,SAU,8418
2991277,192,188,1636,2013,223888.0,0.0,1.915504,0.619576,SGP,SAU,8418
2991278,201,188,1636,2013,714115.0,0.0,0.5717720000000001,1.174901,SRB,SAU,8418
2991279,206,188,1636,2013,409660.0,0.0,1.32064,0.7519819999999999,SVK,SAU,8418
2991280,207,188,1636,2013,615693.0,0.0,1.698374,0.563082,SVN,SAU,8418
2991281,208,188,1636,2013,5427811.0,68672.0,1.869421,0.228109,SWE,SAU,8418
2991282,212,188,1636,2013,727484.0,54667.0,-0.14343399999999998,1.077256,SYR,SAU,8418
2991283,215,188,1636,2013,0.0,11644.0,-0.598413,-0.49295200000000006,TGO,SAU,8418
2991284,216,188,1636,2013,103315632.0,4250.0,0.8752139999999999,1.3798620000000001,THA,SAU,8418
2991285,223,188,1636,2013,118529.0,0.0,0.185528,1.0070700000000001,TUN,SAU,8418
2991286,224,188,1636,2013,10753886.0,0.0,0.42932299999999995,2.690235,TUR,SAU,8418
2991287,228,188,1636,2013,0.0,182965.0,0.657729,0.9063200000000001,UKR,SAU,8418
2991288,231,188,1636,2013,205390714.0,10305.0,1.6639689999999998,-0.48651300000000003,USA,SAU,8418
2991289,239,188,1636,2013,134077.0,0.0,-0.11426900000000001,1.399738,VNM,SAU,8418
2991290,243,188,1636,2013,0.0,825034.0,-1.252605,-1.207324,YEM,SAU,8418
2991291,246,188,1636,2013,2088153.0,0.0,0.380284,1.5682120000000002,ZAF,SAU,8418
2991292,249,188,1636,2013,1039789.0,0.0,1.843186,0.9432379999999999,TWN,SAU,8418
2991293,250,188,1636,2013,561527.0,0.0,0.628555,0.277602,ANS,SAU,8418
2991294,0,190,1636,2013,44956.0,0.0,0.913235,-0.149061,ABW,SDN,8418
2991295,7,190,1636,2013,2336465.0,0.0,-0.074047,-0.585168,ARE,SDN,8418
2991296,14,190,1636,2013,7065.0,0.0,-0.31145700000000004,-0.167628,AUS,SDN,8418
2991297,15,190,1636,2013,1480239.0,0.0,1.7209240000000001,-0.286892,AUT,SDN,8418
2991298,18,190,1636,2013,200825.0,0.0,1.316207,0.972601,BEL,SDN,8418
2991299,39,190,1636,2013,12550.0,0.0,0.719649,1.017046,CAN,SDN,8418
2991300,43,190,1636,2013,4365250.0,0.0,1.113767,1.477496,CHN,SDN,8418
2991301,59,190,1636,2013,18463.0,0.0,1.819653,-0.12423800000000002,CZE,SDN,8418
2991302,61,190,1636,2013,1432408.0,0.0,2.093658,-3.4281980000000005,DEU,SDN,8418
2991303,64,190,1636,2013,332235.0,0.0,1.161835,1.1788450000000001,DNK,SDN,8418
2991304,68,190,1636,2013,6176597.0,0.0,-0.17418,1.692641,EGY,SDN,8418
2991305,71,190,1636,2013,142956.0,0.0,0.861698,2.353993,ESP,SDN,8418
2991306,73,190,1636,2013,0.0,2192.0,-1.264002,-0.9594219999999999,ETH,SDN,8418
2991307,77,190,1636,2013,269344.0,11217.0,1.520354,0.022874000000000002,FRA,SDN,8418
2991308,81,190,1636,2013,557995.0,0.0,1.7901259999999999,0.44164,GBR,SDN,8418
2991309,84,190,1636,2013,2563.0,0.0,0.991136,-0.603793,GIB,SDN,8418
2991310,97,190,1636,2013,857.0,0.0,0.744383,1.923139,HKG,SDN,8418
2991311,102,190,1636,2013,7102.0,0.0,1.506101,0.7279220000000001,HUN,SDN,8418
2991312,103,190,1636,2013,1499919.0,0.0,-0.216854,1.415728,IDN,SDN,8418
2991313,104,190,1636,2013,11024301.0,0.0,0.215356,2.3916209999999998,IND,SDN,8418
2991314,106,190,1636,2013,1294.0,0.0,1.29988,0.240688,IRL,SDN,8418
2991315,111,190,1636,2013,1153292.0,0.0,1.289924,0.533436,ITA,SDN,8418
2991316,113,190,1636,2013,161231.0,0.0,0.152659,0.5889979999999999,JOR,SDN,8418
2991317,114,190,1636,2013,7583.0,0.0,2.3993130000000003,-0.564768,JPN,SDN,8418
2991318,121,190,1636,2013,182078.0,2291.0,1.818383,0.75645,KOR,SDN,8418
2991319,122,190,1636,2013,1820861.0,0.0,-0.536384,-1.08382,KWT,SDN,8418
2991320,124,190,1636,2013,129279.0,0.0,0.283084,1.4289100000000001,LBN,SDN,8418
2991321,131,190,1636,2013,523436.0,0.0,1.170459,1.150327,LUX,SDN,8418
2991322,133,190,1636,2013,2095.0,0.0,0.252209,0.184401,MAC,SDN,8418
2991323,135,190,1636,2013,1645.0,0.0,-0.016235,0.132104,MDA,SDN,8418
2991324,153,190,1636,2013,93133.0,0.0,0.937641,0.747496,MYS,SDN,8418
2991325,162,190,1636,2013,17099.0,0.0,1.184107,1.249557,NLD,SDN,8418
2991326,163,190,1636,2013,839.0,0.0,0.892099,0.18168399999999998,NOR,SDN,8418
2991327,167,190,1636,2013,5209.0,0.0,-0.604175,-1.0463209999999998,OMN,SDN,8418
2991328,168,190,1636,2013,1399.0,0.0,-0.75727,0.769703,PAK,SDN,8418
2991329,177,190,1636,2013,5485.0,0.0,1.084332,1.216749,POL,SDN,8418
2991330,179,190,1636,2013,673152.0,0.0,0.541454,2.5228610000000002,PRT,SDN,8418
2991331,183,190,1636,2013,13493.0,0.0,-0.083649,-1.013491,QAT,SDN,8418
2991332,185,190,1636,2013,19429.0,0.0,0.792035,1.225034,ROU,SDN,8418
2991333,187,190,1636,2013,13260.0,0.0,-0.490519,-0.48427700000000007,RWA,SDN,8418
2991334,188,190,1636,2013,1475186.0,0.0,0.626347,-0.844406,SAU,SDN,8418
2991335,192,190,1636,2013,7865.0,0.0,1.915504,0.619576,SGP,SDN,8418
2991336,206,190,1636,2013,104817.0,0.0,1.32064,0.7519819999999999,SVK,SDN,8418
2991337,208,190,1636,2013,145162.0,0.0,1.869421,0.228109,SWE,SDN,8418
2991338,209,190,1636,2013,263872.0,0.0,0.109267,-0.275005,SWZ,SDN,8418
2991339,216,190,1636,2013,2557341.0,0.0,0.8752139999999999,1.3798620000000001,THA,SDN,8418
2991340,224,190,1636,2013,754518.0,0.0,0.42932299999999995,2.690235,TUR,SDN,8418
2991341,227,190,1636,2013,61488.0,0.0,-0.5462279999999999,0.200682,UGA,SDN,8418
2991342,228,190,1636,2013,49437.0,0.0,0.657729,0.9063200000000001,UKR,SDN,8418
2991343,231,190,1636,2013,19320.0,0.0,1.6639689999999998,-0.48651300000000003,USA,SDN,8418
2991344,234,190,1636,2013,7117.0,0.0,0.193198,-0.23631799999999997,VCT,SDN,8418
2991345,243,190,1636,2013,675.0,0.0,-1.252605,-1.207324,YEM,SDN,8418
2991346,246,190,1636,2013,77856.0,0.0,0.380284,1.5682120000000002,ZAF,SDN,8418
2991347,249,190,1636,2013,64791.0,0.0,1.843186,0.9432379999999999,TWN,SDN,8418
2991348,1,192,1636,2013,0.0,365708.0,-0.985727,-0.7164550000000001,AFG,SGP,8418
2991349,2,192,1636,2013,0.0,3500528.0,-1.172043,-1.133735,AGO,SGP,8418
2991350,7,192,1636,2013,71737.0,1197589.0,-0.074047,-0.585168,ARE,SGP,8418
2991351,8,192,1636,2013,1338.0,4520.0,0.20314300000000002,0.494062,ARG,SGP,8418
2991352,13,192,1636,2013,0.0,15328.0,0.096563,-0.60577,ATG,SGP,8418
2991353,14,192,1636,2013,1642873.0,1942147.0,-0.31145700000000004,-0.167628,AUS,SGP,8418
2991354,15,192,1636,2013,559954.0,33491.0,1.7209240000000001,-0.286892,AUT,SGP,8418
2991355,16,192,1636,2013,0.0,29063.0,-0.9232870000000001,-1.165928,AZE,SGP,8418
2991356,18,192,1636,2013,734191.0,180404.0,1.316207,0.972601,BEL,SGP,8418
2991357,19,192,1636,2013,0.0,385219.0,-0.919968,-0.90691,BEN,SGP,8418
2991358,21,192,1636,2013,0.0,223263.0,-0.9110360000000001,-0.852492,BFA,SGP,8418
2991359,22,192,1636,2013,942.0,4844908.0,-1.101916,-0.734646,BGD,SGP,8418
2991360,23,192,1636,2013,0.0,4441.0,0.5026109999999999,1.674296,BGR,SGP,8418
2991361,24,192,1636,2013,16470.0,122782.0,0.249681,-0.6204270000000001,BHR,SGP,8418
2991362,28,192,1636,2013,0.0,463.0,1.036923,0.864568,BLR,SGP,8418
2991363,31,192,1636,2013,0.0,1966.0,-1.039614,-0.95663,BOL,SGP,8418
2991364,32,192,1636,2013,259067.0,31068.0,0.14765899999999998,0.399262,BRA,SGP,8418
2991365,34,192,1636,2013,3912.0,3559652.0,-0.866827,-0.795995,BRN,SGP,8418
2991366,35,192,1636,2013,0.0,1842.0,-0.065218,-0.787495,BTN,SGP,8418
2991367,39,192,1636,2013,49644.0,880460.0,0.719649,1.017046,CAN,SGP,8418
2991368,41,192,1636,2013,331063.0,172099.0,2.2104470000000003,0.5403479999999999,CHE,SGP,8418
2991369,42,192,1636,2013,57241.0,41695.0,-0.260718,-0.38256100000000004,CHL,SGP,8418
2991370,43,192,1636,2013,78989130.0,504406191.0,1.113767,1.477496,CHN,SGP,8418
2991371,44,192,1636,2013,82915.0,82413.0,-0.923558,-0.866642,CIV,SGP,8418
2991372,45,192,1636,2013,0.0,529446.0,-0.901531,-1.027111,CMR,SGP,8418
2991373,46,192,1636,2013,0.0,146255.0,-1.300125,-1.0708010000000001,COD,SGP,8418
2991374,47,192,1636,2013,0.0,192628.0,-1.215681,-1.08679,COG,SGP,8418
2991375,49,192,1636,2013,0.0,35047.0,0.121799,-0.388239,COL,SGP,8418
2991376,52,192,1636,2013,0.0,49849.0,0.067379,-0.688217,CRI,SGP,8418
2991377,54,192,1636,2013,7924.0,0.0,-0.019956,-0.7873319999999999,CUB,SGP,8418
2991378,55,192,1636,2013,0.0,26328.0,0.029981999999999998,-0.673439,CUW,SGP,8418
2991379,56,192,1636,2013,0.0,11400.0,0.972676,-0.5206729999999999,CXR,SGP,8418
2991380,58,192,1636,2013,0.0,35805.0,0.502238,0.349608,CYP,SGP,8418
2991381,59,192,1636,2013,559007.0,79750.0,1.819653,-0.12423800000000002,CZE,SGP,8418
2991382,61,192,1636,2013,12161627.0,1685033.0,2.093658,-3.4281980000000005,DEU,SGP,8418
2991383,64,192,1636,2013,8163694.0,940697.0,1.161835,1.1788450000000001,DNK,SGP,8418
2991384,65,192,1636,2013,0.0,1452.0,-0.277269,0.432388,DOM,SGP,8418
2991385,66,192,1636,2013,0.0,1261098.0,-1.373947,-1.1523459999999999,DZA,SGP,8418
2991386,67,192,1636,2013,0.0,223347.0,-0.86546,-0.8888389999999999,ECU,SGP,8418
2991387,68,192,1636,2013,773.0,1356153.0,-0.17418,1.692641,EGY,SGP,8418
2991388,71,192,1636,2013,559116.0,32026.0,0.861698,2.353993,ESP,SGP,8418
2991389,72,192,1636,2013,0.0,41871.0,0.8828940000000001,1.386574,EST,SGP,8418
2991390,73,192,1636,2013,796.0,0.0,-1.264002,-0.9594219999999999,ETH,SGP,8418
2991391,74,192,1636,2013,447545.0,814226.0,1.734552,0.8896940000000001,FIN,SGP,8418
2991392,75,192,1636,2013,0.0,691308.0,-0.5203369999999999,-0.122405,FJI,SGP,8418
2991393,77,192,1636,2013,8916360.0,385562.0,1.520354,0.022874000000000002,FRA,SGP,8418
2991394,79,192,1636,2013,0.0,9568.0,-0.234314,-0.8260700000000001,FSM,SGP,8418
2991395,80,192,1636,2013,0.0,1717185.0,-1.6582830000000002,-1.155302,GAB,SGP,8418
2991396,81,192,1636,2013,3988256.0,829513.0,1.7901259999999999,0.44164,GBR,SGP,8418
2991397,82,192,1636,2013,0.0,435311.0,-0.160691,-0.393419,GEO,SGP,8418
2991398,83,192,1636,2013,0.0,1992519.0,-0.7316010000000001,-0.5327689999999999,GHA,SGP,8418
2991399,85,192,1636,2013,0.0,113460.0,-1.1287459999999998,-1.069735,GIN,SGP,8418
2991400,87,192,1636,2013,0.0,40931.0,-0.5571550000000001,-0.6860310000000001,GMB,SGP,8418
2991401,89,192,1636,2013,0.0,371673.0,-1.521575,-0.814708,GNQ,SGP,8418
2991402,90,192,1636,2013,265201.0,11589.0,0.18823800000000002,0.910906,GRC,SGP,8418
2991403,95,192,1636,2013,0.0,3615.0,0.483541,0.281968,GUM,SGP,8418
2991404,96,192,1636,2013,0.0,66676.0,-0.8555590000000001,-0.9744450000000001,GUY,SGP,8418
2991405,97,192,1636,2013,2509880.0,7248910.0,0.744383,1.923139,HKG,SGP,8418
2991406,102,192,1636,2013,155916.0,4813.0,1.506101,0.7279220000000001,HUN,SGP,8418
2991407,103,192,1636,2013,35661341.0,15862286.0,-0.216854,1.415728,IDN,SGP,8418
2991408,104,192,1636,2013,1255177.0,4889457.0,0.215356,2.3916209999999998,IND,SGP,8418
2991409,106,192,1636,2013,829251.0,0.0,1.29988,0.240688,IRL,SGP,8418
2991410,107,192,1636,2013,0.0,40350.0,-0.339172,-0.237114,IRN,SGP,8418
2991411,109,192,1636,2013,180662.0,605.0,0.259374,-0.20413299999999998,ISL,SGP,8418
2991412,110,192,1636,2013,55127.0,2310337.0,1.197241,0.633828,ISR,SGP,8418
2991413,111,192,1636,2013,11334730.0,127472.0,1.289924,0.533436,ITA,SGP,8418
2991414,112,192,1636,2013,0.0,30541.0,-0.541441,-0.8448559999999999,JAM,SGP,8418
2991415,113,192,1636,2013,0.0,3667.0,0.152659,0.5889979999999999,JOR,SGP,8418
2991416,114,192,1636,2013,19573174.0,958676.0,2.3993130000000003,-0.564768,JPN,SGP,8418
2991417,115,192,1636,2013,0.0,3505.0,-0.680678,-0.83347,KAZ,SGP,8418
2991418,116,192,1636,2013,0.0,125592.0,-0.448112,0.8672719999999999,KEN,SGP,8418
2991419,118,192,1636,2013,0.0,1585404.0,-1.054758,-0.872352,KHM,SGP,8418
2991420,119,192,1636,2013,0.0,20824.0,-0.258825,-0.781927,KIR,SGP,8418
2991421,121,192,1636,2013,9943338.0,801195.0,1.818383,0.75645,KOR,SGP,8418
2991422,122,192,1636,2013,0.0,33193.0,-0.536384,-1.08382,KWT,SGP,8418
2991423,123,192,1636,2013,0.0,54036.0,-1.204446,-0.8571489999999999,LAO,SGP,8418
2991424,124,192,1636,2013,4468.0,352277.0,0.283084,1.4289100000000001,LBN,SGP,8418
2991425,128,192,1636,2013,0.0,1190707.0,-0.6521779999999999,0.41258599999999995,LKA,SGP,8418
2991426,130,192,1636,2013,0.0,1518.0,0.737796,1.215543,LTU,SGP,8418
2991427,131,192,1636,2013,229021.0,0.0,1.170459,1.150327,LUX,SGP,8418
2991428,134,192,1636,2013,0.0,72809.0,-0.6494260000000001,-0.035075999999999996,MAR,SGP,8418
2991429,136,192,1636,2013,0.0,511360.0,-1.068565,-0.364254,MDG,SGP,8418
2991430,137,192,1636,2013,0.0,1350933.0,-0.21889699999999998,-0.776392,MDV,SGP,8418
2991431,138,192,1636,2013,805456.0,3832580.0,1.048507,0.718932,MEX,SGP,8418
2991432,143,192,1636,2013,5979.0,6406284.0,-1.230787,-0.737375,MMR,SGP,8418
2991433,145,192,1636,2013,0.0,492503.0,-1.3270950000000001,-1.144547,MNG,SGP,8418
2991434,147,192,1636,2013,281.0,423823.0,-1.326323,-1.050969,MOZ,SGP,8418
2991435,151,192,1636,2013,0.0,470735.0,-0.158852,0.0061600000000000005,MUS,SGP,8418
2991436,152,192,1636,2013,0.0,23640.0,-0.8992120000000001,-0.862175,MWI,SGP,8418
2991437,153,192,1636,2013,65374518.0,8418709.0,0.937641,0.747496,MYS,SGP,8418
2991438,155,192,1636,2013,0.0,32982.0,-0.308643,-0.480617,NAM,SGP,8418
2991439,156,192,1636,2013,0.0,131206.0,-0.136052,-0.703913,NCL,SGP,8418
2991440,157,192,1636,2013,0.0,51261.0,-1.268738,-0.942256,NER,SGP,8418
2991441,159,192,1636,2013,702.0,1290027.0,-1.745783,-1.1356680000000001,NGA,SGP,8418
2991442,160,192,1636,2013,0.0,184373.0,-0.9277,-0.6842630000000001,NIC,SGP,8418
2991443,162,192,1636,2013,2000125.0,1963821.0,1.184107,1.249557,NLD,SGP,8418
2991444,163,192,1636,2013,404275.0,189014.0,0.892099,0.18168399999999998,NOR,SGP,8418
2991445,164,192,1636,2013,0.0,14800.0,-0.293669,0.677365,NPL,SGP,8418
2991446,166,192,1636,2013,685873.0,215233.0,0.3345,0.39063000000000003,NZL,SGP,8418
2991447,167,192,1636,2013,0.0,12874.0,-0.604175,-1.0463209999999998,OMN,SGP,8418
2991448,168,192,1636,2013,0.0,450291.0,-0.75727,0.769703,PAK,SGP,8418
2991449,169,192,1636,2013,1016.0,695685.0,0.735637,1.161718,PAN,SGP,8418
2991450,173,192,1636,2013,2081.0,12673.0,-0.573852,0.357977,PER,SGP,8418
2991451,174,192,1636,2013,83529.0,2287919.0,0.507868,0.355403,PHL,SGP,8418
2991452,175,192,1636,2013,0.0,14457.0,0.232127,-0.716653,PLW,SGP,8418
2991453,176,192,1636,2013,2143.0,981795.0,-1.444244,-1.144231,PNG,SGP,8418
2991454,177,192,1636,2013,356789.0,85576.0,1.084332,1.216749,POL,SGP,8418
2991455,178,192,1636,2013,0.0,81364.0,-0.414538,-0.22449299999999997,PRK,SGP,8418
2991456,179,192,1636,2013,31520.0,32610.0,0.541454,2.5228610000000002,PRT,SGP,8418
2991457,180,192,1636,2013,0.0,2792.0,-0.566239,-0.9273459999999999,PRY,SGP,8418
2991458,181,192,1636,2013,0.0,46356.0,0.072979,0.7099260000000001,PSE,SGP,8418
2991459,182,192,1636,2013,0.0,44405.0,-0.146044,-0.7055359999999999,PYF,SGP,8418
2991460,183,192,1636,2013,0.0,28847.0,-0.083649,-1.013491,QAT,SGP,8418
2991461,185,192,1636,2013,13110.0,537262.0,0.792035,1.225034,ROU,SGP,8418
2991462,186,192,1636,2013,0.0,714656.0,0.481166,-0.180052,RUS,SGP,8418
2991463,187,192,1636,2013,0.0,175984.0,-0.490519,-0.48427700000000007,RWA,SGP,8418
2991464,188,192,1636,2013,0.0,223888.0,0.626347,-0.844406,SAU,SGP,8418
2991465,190,192,1636,2013,0.0,7865.0,-1.254944,-1.073564,SDN,SGP,8418
2991466,191,192,1636,2013,0.0,680318.0,-0.523662,-0.309101,SEN,SGP,8418
2991467,195,192,1636,2013,0.0,382299.0,-0.9350860000000001,-0.877676,SLB,SGP,8418
2991468,196,192,1636,2013,0.0,70643.0,-0.132082,-0.552921,SLE,SGP,8418
2991469,197,192,1636,2013,0.0,2123.0,-0.021029,0.381522,SLV,SGP,8418
2991470,206,192,1636,2013,48210.0,0.0,1.32064,0.7519819999999999,SVK,SGP,8418
2991471,207,192,1636,2013,217830.0,17195.0,1.698374,0.563082,SVN,SGP,8418
2991472,208,192,1636,2013,258974.0,35112.0,1.869421,0.228109,SWE,SGP,8418
2991473,209,192,1636,2013,9261.0,0.0,0.109267,-0.275005,SWZ,SGP,8418
2991474,211,192,1636,2013,0.0,373030.0,0.270999,-0.474095,SYC,SGP,8418
2991475,215,192,1636,2013,0.0,505947.0,-0.598413,-0.49295200000000006,TGO,SGP,8418
2991476,216,192,1636,2013,43261834.0,5854446.0,0.8752139999999999,1.3798620000000001,THA,SGP,8418
2991477,219,192,1636,2013,0.0,24727.0,-1.6186770000000001,-1.2210969999999999,TKM,SGP,8418
2991478,220,192,1636,2013,0.0,509888.0,-0.376633,-0.73677,TLS,SGP,8418
2991479,221,192,1636,2013,0.0,82739.0,0.183053,-0.345657,TON,SGP,8418
2991480,223,192,1636,2013,0.0,74243.0,0.185528,1.0070700000000001,TUN,SGP,8418
2991481,224,192,1636,2013,1638768.0,87329.0,0.42932299999999995,2.690235,TUR,SGP,8418
2991482,226,192,1636,2013,0.0,213196.0,-0.9306770000000001,0.273489,TZA,SGP,8418
2991483,227,192,1636,2013,0.0,61698.0,-0.5462279999999999,0.200682,UGA,SGP,8418
2991484,228,192,1636,2013,0.0,57942.0,0.657729,0.9063200000000001,UKR,SGP,8418
2991485,231,192,1636,2013,40954958.0,5501065.0,1.6639689999999998,-0.48651300000000003,USA,SGP,8418
2991486,236,192,1636,2013,0.0,17065.0,-0.778172,-1.107059,VEN,SGP,8418
2991487,239,192,1636,2013,7425109.0,2380582.0,-0.11426900000000001,1.399738,VNM,SGP,8418
2991488,240,192,1636,2013,0.0,194106.0,-0.6548689999999999,-0.811184,VUT,SGP,8418
2991489,242,192,1636,2013,0.0,202831.0,0.824724,0.056441,WSM,SGP,8418
2991490,246,192,1636,2013,143940.0,271270.0,0.380284,1.5682120000000002,ZAF,SGP,8418
2991491,247,192,1636,2013,0.0,60028.0,-0.382129,-0.5442229999999999,ZMB,SGP,8418
2991492,248,192,1636,2013,0.0,10749.0,-0.828702,-0.899175,ZWE,SGP,8418
2991493,249,192,1636,2013,6140437.0,1503928.0,1.843186,0.9432379999999999,TWN,SGP,8418
2991494,250,192,1636,2013,0.0,11780.0,0.628555,0.277602,ANS,SGP,8418
2991495,7,197,1636,2013,0.0,3939.0,-0.074047,-0.585168,ARE,SLV,8418
2991496,8,197,1636,2013,79881.0,0.0,0.20314300000000002,0.494062,ARG,SLV,8418
2991497,15,197,1636,2013,11442.0,0.0,1.7209240000000001,-0.286892,AUT,SLV,8418
2991498,29,197,1636,2013,0.0,1945.0,-0.35218299999999997,-0.508891,BLZ,SLV,8418
2991499,32,197,1636,2013,233839.0,0.0,0.14765899999999998,0.399262,BRA,SLV,8418
2991500,39,197,1636,2013,16025.0,3414.0,0.719649,1.017046,CAN,SLV,8418
2991501,41,197,1636,2013,1805.0,0.0,2.2104470000000003,0.5403479999999999,CHE,SLV,8418
2991502,42,197,1636,2013,362118.0,0.0,-0.260718,-0.38256100000000004,CHL,SLV,8418
2991503,43,197,1636,2013,1724273.0,0.0,1.113767,1.477496,CHN,SLV,8418
2991504,49,197,1636,2013,99931.0,0.0,0.121799,-0.388239,COL,SLV,8418
2991505,52,197,1636,2013,12229370.0,22227.0,0.067379,-0.688217,CRI,SLV,8418
2991506,61,197,1636,2013,203547.0,5153.0,2.093658,-3.4281980000000005,DEU,SLV,8418
2991507,64,197,1636,2013,20064.0,0.0,1.161835,1.1788450000000001,DNK,SLV,8418
2991508,67,197,1636,2013,75711.0,0.0,-0.86546,-0.8888389999999999,ECU,SLV,8418
2991509,71,197,1636,2013,161847.0,0.0,0.861698,2.353993,ESP,SLV,8418
2991510,77,197,1636,2013,141526.0,0.0,1.520354,0.022874000000000002,FRA,SLV,8418
2991511,81,197,1636,2013,646.0,0.0,1.7901259999999999,0.44164,GBR,SLV,8418
2991512,93,197,1636,2013,4207907.0,526893.0,-0.41466499999999995,0.774788,GTM,SLV,8418
2991513,99,197,1636,2013,2590.0,169498.0,-0.731431,-0.310927,HND,SLV,8418
2991514,104,197,1636,2013,297162.0,0.0,0.215356,2.3916209999999998,IND,SLV,8418
2991515,111,197,1636,2013,343113.0,0.0,1.289924,0.533436,ITA,SLV,8418
2991516,112,197,1636,2013,0.0,1431.0,-0.541441,-0.8448559999999999,JAM,SLV,8418
2991517,114,197,1636,2013,28789.0,0.0,2.3993130000000003,-0.564768,JPN,SLV,8418
2991518,121,197,1636,2013,68639.0,0.0,1.818383,0.75645,KOR,SLV,8418
2991519,138,197,1636,2013,17512034.0,2381.0,1.048507,0.718932,MEX,SLV,8418
2991520,160,197,1636,2013,0.0,1740.0,-0.9277,-0.6842630000000001,NIC,SLV,8418
2991521,162,197,1636,2013,2686.0,0.0,1.184107,1.249557,NLD,SLV,8418
2991522,163,197,1636,2013,394.0,1268.0,0.892099,0.18168399999999998,NOR,SLV,8418
2991523,169,197,1636,2013,479666.0,37781.0,0.735637,1.161718,PAN,SLV,8418
2991524,178,197,1636,2013,5102.0,0.0,-0.414538,-0.22449299999999997,PRK,SLV,8418
2991525,192,197,1636,2013,2123.0,0.0,1.915504,0.619576,SGP,SLV,8418
2991526,208,197,1636,2013,88982.0,0.0,1.869421,0.228109,SWE,SLV,8418
2991527,216,197,1636,2013,24276.0,0.0,0.8752139999999999,1.3798620000000001,THA,SLV,8418
2991528,231,197,1636,2013,5366465.0,965581.0,1.6639689999999998,-0.48651300000000003,USA,SLV,8418
2991529,249,197,1636,2013,353032.0,0.0,1.843186,0.9432379999999999,TWN,SLV,8418
2991530,18,205,1636,2013,118783.0,0.0,1.316207,0.972601,BEL,SUR,8418
2991531,32,205,1636,2013,30857.0,245.0,0.14765899999999998,0.399262,BRA,SUR,8418
2991532,39,205,1636,2013,19628.0,570.0,0.719649,1.017046,CAN,SUR,8418
2991533,43,205,1636,2013,1885592.0,0.0,1.113767,1.477496,CHN,SUR,8418
2991534,55,205,1636,2013,82303.0,0.0,0.029981999999999998,-0.673439,CUW,SUR,8418
2991535,61,205,1636,2013,26594.0,0.0,2.093658,-3.4281980000000005,DEU,SUR,8418
2991536,64,205,1636,2013,14112.0,0.0,1.161835,1.1788450000000001,DNK,SUR,8418
2991537,65,205,1636,2013,1817.0,0.0,-0.277269,0.432388,DOM,SUR,8418
2991538,77,205,1636,2013,5426.0,0.0,1.520354,0.022874000000000002,FRA,SUR,8418
2991539,81,205,1636,2013,1503.0,0.0,1.7901259999999999,0.44164,GBR,SUR,8418
2991540,93,205,1636,2013,180090.0,0.0,-0.41466499999999995,0.774788,GTM,SUR,8418
2991541,96,205,1636,2013,789.0,2327.0,-0.8555590000000001,-0.9744450000000001,GUY,SUR,8418
2991542,97,205,1636,2013,53765.0,0.0,0.744383,1.923139,HKG,SUR,8418
2991543,103,205,1636,2013,31693.0,0.0,-0.216854,1.415728,IDN,SUR,8418
2991544,111,205,1636,2013,55620.0,1183.0,1.289924,0.533436,ITA,SUR,8418
2991545,112,205,1636,2013,19873.0,0.0,-0.541441,-0.8448559999999999,JAM,SUR,8418
2991546,114,205,1636,2013,8796.0,0.0,2.3993130000000003,-0.564768,JPN,SUR,8418
2991547,121,205,1636,2013,256098.0,0.0,1.818383,0.75645,KOR,SUR,8418
2991548,138,205,1636,2013,616158.0,0.0,1.048507,0.718932,MEX,SUR,8418
2991549,153,205,1636,2013,9182.0,0.0,0.937641,0.747496,MYS,SUR,8418
2991550,162,205,1636,2013,947746.0,0.0,1.184107,1.249557,NLD,SUR,8418
2991551,169,205,1636,2013,762300.0,0.0,0.735637,1.161718,PAN,SUR,8418
2991552,178,205,1636,2013,158584.0,0.0,-0.414538,-0.22449299999999997,PRK,SUR,8418
2991553,206,205,1636,2013,0.0,5176.0,1.32064,0.7519819999999999,SVK,SUR,8418
2991554,222,205,1636,2013,120083.0,1054.0,-0.280641,-1.083332,TTO,SUR,8418
2991555,231,205,1636,2013,2505145.0,0.0,1.6639689999999998,-0.48651300000000003,USA,SUR,8418
2991556,249,205,1636,2013,12881.0,0.0,1.843186,0.9432379999999999,TWN,SUR,8418
2991557,4,206,1636,2013,0.0,307170.0,-0.53682,-0.162391,ALB,SVK,8418
2991558,7,206,1636,2013,0.0,92065.0,-0.074047,-0.585168,ARE,SVK,8418
2991559,8,206,1636,2013,0.0,18340.0,0.20314300000000002,0.494062,ARG,SVK,8418
2991560,14,206,1636,2013,0.0,489937.0,-0.31145700000000004,-0.167628,AUS,SVK,8418
2991561,15,206,1636,2013,8100694.0,4915664.0,1.7209240000000001,-0.286892,AUT,SVK,8418
2991562,18,206,1636,2013,1514793.0,984674.0,1.316207,0.972601,BEL,SVK,8418
2991563,23,206,1636,2013,31732.0,156220.0,0.5026109999999999,1.674296,BGR,SVK,8418
2991564,26,206,1636,2013,116243.0,118279.0,0.46743199999999996,0.7340800000000001,BIH,SVK,8418
2991565,28,206,1636,2013,0.0,50419.0,1.036923,0.864568,BLR,SVK,8418
2991566,31,206,1636,2013,0.0,2852.0,-1.039614,-0.95663,BOL,SVK,8418
2991567,32,206,1636,2013,0.0,5426.0,0.14765899999999998,0.399262,BRA,SVK,8418
2991568,39,206,1636,2013,3007.0,189396.0,0.719649,1.017046,CAN,SVK,8418
2991569,41,206,1636,2013,128748.0,1710590.0,2.2104470000000003,0.5403479999999999,CHE,SVK,8418
2991570,43,206,1636,2013,3759010.0,32914.0,1.113767,1.477496,CHN,SVK,8418
2991571,49,206,1636,2013,0.0,5640.0,0.121799,-0.388239,COL,SVK,8418
2991572,58,206,1636,2013,0.0,8499.0,0.502238,0.349608,CYP,SVK,8418
2991573,59,206,1636,2013,36731851.0,17063110.0,1.819653,-0.12423800000000002,CZE,SVK,8418
2991574,61,206,1636,2013,10584372.0,13297077.0,2.093658,-3.4281980000000005,DEU,SVK,8418
2991575,64,206,1636,2013,1222020.0,800378.0,1.161835,1.1788450000000001,DNK,SVK,8418
2991576,66,206,1636,2013,0.0,1844.0,-1.373947,-1.1523459999999999,DZA,SVK,8418
2991577,68,206,1636,2013,0.0,533566.0,-0.17418,1.692641,EGY,SVK,8418
2991578,71,206,1636,2013,1039826.0,10618813.0,0.861698,2.353993,ESP,SVK,8418
2991579,72,206,1636,2013,123968.0,271723.0,0.8828940000000001,1.386574,EST,SVK,8418
2991580,74,206,1636,2013,10743.0,280458.0,1.734552,0.8896940000000001,FIN,SVK,8418
2991581,77,206,1636,2013,4720222.0,3966728.0,1.520354,0.022874000000000002,FRA,SVK,8418
2991582,81,206,1636,2013,387166.0,5469002.0,1.7901259999999999,0.44164,GBR,SVK,8418
2991583,82,206,1636,2013,0.0,24872.0,-0.160691,-0.393419,GEO,SVK,8418
2991584,90,206,1636,2013,0.0,217804.0,0.18823800000000002,0.910906,GRC,SVK,8418
2991585,97,206,1636,2013,0.0,29383.0,0.744383,1.923139,HKG,SVK,8418
2991586,100,206,1636,2013,117010.0,1131362.0,0.898284,1.038807,HRV,SVK,8418
2991587,102,206,1636,2013,17468557.0,10559867.0,1.506101,0.7279220000000001,HUN,SVK,8418
2991588,103,206,1636,2013,8370.0,0.0,-0.216854,1.415728,IDN,SVK,8418
2991589,104,206,1636,2013,0.0,2065.0,0.215356,2.3916209999999998,IND,SVK,8418
2991590,106,206,1636,2013,256720.0,91494.0,1.29988,0.240688,IRL,SVK,8418
2991591,109,206,1636,2013,384.0,0.0,0.259374,-0.20413299999999998,ISL,SVK,8418
2991592,110,206,1636,2013,0.0,141691.0,1.197241,0.633828,ISR,SVK,8418
2991593,111,206,1636,2013,25132122.0,7700142.0,1.289924,0.533436,ITA,SVK,8418
2991594,113,206,1636,2013,0.0,3264.0,0.152659,0.5889979999999999,JOR,SVK,8418
2991595,114,206,1636,2013,88258.0,51917.0,2.3993130000000003,-0.564768,JPN,SVK,8418
2991596,115,206,1636,2013,0.0,7634.0,-0.680678,-0.83347,KAZ,SVK,8418
2991597,121,206,1636,2013,3884268.0,19654.0,1.818383,0.75645,KOR,SVK,8418
2991598,122,206,1636,2013,0.0,5138.0,-0.536384,-1.08382,KWT,SVK,8418
2991599,126,206,1636,2013,0.0,1334.0,-1.6241459999999999,-1.1817950000000002,LBY,SVK,8418
2991600,128,206,1636,2013,0.0,90976.0,-0.6521779999999999,0.41258599999999995,LKA,SVK,8418
2991601,129,206,1636,2013,4941.0,0.0,-0.7396689999999999,-0.696625,LSO,SVK,8418
2991602,130,206,1636,2013,293228.0,138520.0,0.737796,1.215543,LTU,SVK,8418
2991603,131,206,1636,2013,29851.0,3310.0,1.170459,1.150327,LUX,SVK,8418
2991604,132,206,1636,2013,0.0,15283.0,0.6219439999999999,1.166749,LVA,SVK,8418
2991605,134,206,1636,2013,0.0,86350.0,-0.6494260000000001,-0.035075999999999996,MAR,SVK,8418
2991606,135,206,1636,2013,313862.0,12098.0,-0.016235,0.132104,MDA,SVK,8418
2991607,138,206,1636,2013,12847.0,28977.0,1.048507,0.718932,MEX,SVK,8418
2991608,140,206,1636,2013,300081.0,214260.0,-0.10859400000000001,0.155229,MKD,SVK,8418
2991609,142,206,1636,2013,79860.0,1236.0,0.8519760000000001,-0.075869,MLT,SVK,8418
2991610,144,206,1636,2013,0.0,174265.0,-0.054454999999999996,-0.164875,MNE,SVK,8418
2991611,153,206,1636,2013,8301.0,1209.0,0.937641,0.747496,MYS,SVK,8418
2991612,159,206,1636,2013,0.0,64868.0,-1.745783,-1.1356680000000001,NGA,SVK,8418
2991613,162,206,1636,2013,1632096.0,11348277.0,1.184107,1.249557,NLD,SVK,8418
2991614,163,206,1636,2013,663.0,371073.0,0.892099,0.18168399999999998,NOR,SVK,8418
2991615,166,206,1636,2013,1825.0,126283.0,0.3345,0.39063000000000003,NZL,SVK,8418
2991616,173,206,1636,2013,0.0,155410.0,-0.573852,0.357977,PER,SVK,8418
2991617,177,206,1636,2013,33492200.0,5856658.0,1.084332,1.216749,POL,SVK,8418
2991618,179,206,1636,2013,34247.0,83595.0,0.541454,2.5228610000000002,PRT,SVK,8418
2991619,185,206,1636,2013,3264763.0,788144.0,0.792035,1.225034,ROU,SVK,8418
2991620,186,206,1636,2013,65163.0,2516551.0,0.481166,-0.180052,RUS,SVK,8418
2991621,188,206,1636,2013,0.0,409660.0,0.626347,-0.844406,SAU,SVK,8418
2991622,190,206,1636,2013,0.0,104817.0,-1.254944,-1.073564,SDN,SVK,8418
2991623,192,206,1636,2013,0.0,48210.0,1.915504,0.619576,SGP,SVK,8418
2991624,196,206,1636,2013,21963.0,0.0,-0.132082,-0.552921,SLE,SVK,8418
2991625,201,206,1636,2013,1135966.0,669011.0,0.5717720000000001,1.174901,SRB,SVK,8418
2991626,205,206,1636,2013,5176.0,0.0,-0.417865,-0.7600399999999999,SUR,SVK,8418
2991627,207,206,1636,2013,424743.0,543423.0,1.698374,0.563082,SVN,SVK,8418
2991628,208,206,1636,2013,518651.0,2304225.0,1.869421,0.228109,SWE,SVK,8418
2991629,216,206,1636,2013,465130.0,9708.0,0.8752139999999999,1.3798620000000001,THA,SVK,8418
2991630,223,206,1636,2013,0.0,11371.0,0.185528,1.0070700000000001,TUN,SVK,8418
2991631,224,206,1636,2013,4821272.0,298705.0,0.42932299999999995,2.690235,TUR,SVK,8418
2991632,228,206,1636,2013,4659999.0,422466.0,0.657729,0.9063200000000001,UKR,SVK,8418
2991633,230,206,1636,2013,0.0,10429.0,0.20190999999999998,-0.19777999999999998,URY,SVK,8418
2991634,231,206,1636,2013,395532.0,7359142.0,1.6639689999999998,-0.48651300000000003,USA,SVK,8418
2991635,239,206,1636,2013,0.0,21597.0,-0.11426900000000001,1.399738,VNM,SVK,8418
2991636,246,206,1636,2013,0.0,266686.0,0.380284,1.5682120000000002,ZAF,SVK,8418
2991637,249,206,1636,2013,48523.0,0.0,1.843186,0.9432379999999999,TWN,SVK,8418
2991638,250,206,1636,2013,15771014.0,0.0,0.628555,0.277602,ANS,SVK,8418
2991639,1,208,1636,2013,0.0,40568.0,-0.985727,-0.7164550000000001,AFG,SWE,8418
2991640,2,208,1636,2013,0.0,15515.0,-1.172043,-1.133735,AGO,SWE,8418
2991641,7,208,1636,2013,31246.0,5918940.0,-0.074047,-0.585168,ARE,SWE,8418
2991642,8,208,1636,2013,0.0,2716142.0,0.20314300000000002,0.494062,ARG,SWE,8418
2991643,9,208,1636,2013,0.0,1151.0,-0.076922,-0.5781390000000001,ARM,SWE,8418
2991644,14,208,1636,2013,9268.0,1593610.0,-0.31145700000000004,-0.167628,AUS,SWE,8418
2991645,15,208,1636,2013,9598517.0,4300134.0,1.7209240000000001,-0.286892,AUT,SWE,8418
2991646,16,208,1636,2013,0.0,55253.0,-0.9232870000000001,-1.165928,AZE,SWE,8418
2991647,17,208,1636,2013,0.0,66475.0,-0.824903,-0.906436,BDI,SWE,8418
2991648,18,208,1636,2013,3121710.0,9166312.0,1.316207,0.972601,BEL,SWE,8418
2991649,19,208,1636,2013,0.0,70677.0,-0.919968,-0.90691,BEN,SWE,8418
2991650,21,208,1636,2013,0.0,1345.0,-0.9110360000000001,-0.852492,BFA,SWE,8418
2991651,23,208,1636,2013,3651.0,772255.0,0.5026109999999999,1.674296,BGR,SWE,8418
2991652,24,208,1636,2013,0.0,2149.0,0.249681,-0.6204270000000001,BHR,SWE,8418
2991653,26,208,1636,2013,44881.0,103719.0,0.46743199999999996,0.7340800000000001,BIH,SWE,8418
2991654,28,208,1636,2013,89819.0,896879.0,1.036923,0.864568,BLR,SWE,8418
2991655,32,208,1636,2013,69878.0,2871483.0,0.14765899999999998,0.399262,BRA,SWE,8418
2991656,33,208,1636,2013,0.0,4926.0,0.6969489999999999,0.135283,BRB,SWE,8418
2991657,37,208,1636,2013,0.0,62641.0,-0.46761499999999995,-1.0842040000000002,BWA,SWE,8418
2991658,39,208,1636,2013,681546.0,3859869.0,0.719649,1.017046,CAN,SWE,8418
2991659,41,208,1636,2013,4397430.0,13374096.0,2.2104470000000003,0.5403479999999999,CHE,SWE,8418
2991660,42,208,1636,2013,1666.0,877977.0,-0.260718,-0.38256100000000004,CHL,SWE,8418
2991661,43,208,1636,2013,41459339.0,11827211.0,1.113767,1.477496,CHN,SWE,8418
2991662,44,208,1636,2013,0.0,219303.0,-0.923558,-0.866642,CIV,SWE,8418
2991663,45,208,1636,2013,0.0,62950.0,-0.901531,-1.027111,CMR,SWE,8418
2991664,46,208,1636,2013,0.0,1077.0,-1.300125,-1.0708010000000001,COD,SWE,8418
2991665,49,208,1636,2013,0.0,132573.0,0.121799,-0.388239,COL,SWE,8418
2991666,51,208,1636,2013,0.0,3763.0,-0.75058,-0.8948219999999999,CPV,SWE,8418
2991667,52,208,1636,2013,0.0,18204.0,0.067379,-0.688217,CRI,SWE,8418
2991668,54,208,1636,2013,0.0,13061.0,-0.019956,-0.7873319999999999,CUB,SWE,8418
2991669,58,208,1636,2013,9290.0,22218.0,0.502238,0.349608,CYP,SWE,8418
2991670,59,208,1636,2013,9094653.0,8392941.0,1.819653,-0.12423800000000002,CZE,SWE,8418
2991671,61,208,1636,2013,89554442.0,49739060.0,2.093658,-3.4281980000000005,DEU,SWE,8418
2991672,64,208,1636,2013,43777305.0,86870945.0,1.161835,1.1788450000000001,DNK,SWE,8418
2991673,65,208,1636,2013,0.0,19015.0,-0.277269,0.432388,DOM,SWE,8418
2991674,66,208,1636,2013,0.0,59096.0,-1.373947,-1.1523459999999999,DZA,SWE,8418
2991675,67,208,1636,2013,0.0,16154.0,-0.86546,-0.8888389999999999,ECU,SWE,8418
2991676,68,208,1636,2013,0.0,963964.0,-0.17418,1.692641,EGY,SWE,8418
2991677,71,208,1636,2013,13243651.0,9772767.0,0.861698,2.353993,ESP,SWE,8418
2991678,72,208,1636,2013,8115849.0,3489235.0,0.8828940000000001,1.386574,EST,SWE,8418
2991679,73,208,1636,2013,0.0,138819.0,-1.264002,-0.9594219999999999,ETH,SWE,8418
2991680,74,208,1636,2013,20228982.0,107825333.0,1.734552,0.8896940000000001,FIN,SWE,8418
2991681,77,208,1636,2013,37104844.0,14609484.0,1.520354,0.022874000000000002,FRA,SWE,8418
2991682,78,208,1636,2013,0.0,400252.0,-0.370701,-0.815466,FRO,SWE,8418
2991683,81,208,1636,2013,7480539.0,14414026.0,1.7901259999999999,0.44164,GBR,SWE,8418
2991684,83,208,1636,2013,0.0,21529.0,-0.7316010000000001,-0.5327689999999999,GHA,SWE,8418
2991685,84,208,1636,2013,0.0,11824.0,0.991136,-0.603793,GIB,SWE,8418
2991686,85,208,1636,2013,0.0,86339.0,-1.1287459999999998,-1.069735,GIN,SWE,8418
2991687,87,208,1636,2013,0.0,37147.0,-0.5571550000000001,-0.6860310000000001,GMB,SWE,8418
2991688,90,208,1636,2013,548858.0,433858.0,0.18823800000000002,0.910906,GRC,SWE,8418
2991689,92,208,1636,2013,0.0,237484.0,-0.801617,-0.8734120000000001,GRL,SWE,8418
2991690,93,208,1636,2013,0.0,1129575.0,-0.41466499999999995,0.774788,GTM,SWE,8418
2991691,95,208,1636,2013,0.0,1389.0,0.483541,0.281968,GUM,SWE,8418
2991692,97,208,1636,2013,2388393.0,746603.0,0.744383,1.923139,HKG,SWE,8418
2991693,99,208,1636,2013,0.0,817958.0,-0.731431,-0.310927,HND,SWE,8418
2991694,100,208,1636,2013,3421956.0,2175564.0,0.898284,1.038807,HRV,SWE,8418
2991695,102,208,1636,2013,52943265.0,1402330.0,1.506101,0.7279220000000001,HUN,SWE,8418
2991696,103,208,1636,2013,0.0,495682.0,-0.216854,1.415728,IDN,SWE,8418
2991697,104,208,1636,2013,69951.0,2564048.0,0.215356,2.3916209999999998,IND,SWE,8418
2991698,106,208,1636,2013,11804411.0,2885802.0,1.29988,0.240688,IRL,SWE,8418
2991699,107,208,1636,2013,2551.0,39482.0,-0.339172,-0.237114,IRN,SWE,8418
2991700,108,208,1636,2013,0.0,125929.0,-2.839079,-0.8705440000000001,IRQ,SWE,8418
2991701,109,208,1636,2013,13918.0,2155917.0,0.259374,-0.20413299999999998,ISL,SWE,8418
2991702,110,208,1636,2013,191815.0,1445902.0,1.197241,0.633828,ISR,SWE,8418
2991703,111,208,1636,2013,89294712.0,6389918.0,1.289924,0.533436,ITA,SWE,8418
2991704,113,208,1636,2013,0.0,1070498.0,0.152659,0.5889979999999999,JOR,SWE,8418
2991705,114,208,1636,2013,4479680.0,2505070.0,2.3993130000000003,-0.564768,JPN,SWE,8418
2991706,115,208,1636,2013,0.0,118475.0,-0.680678,-0.83347,KAZ,SWE,8418
2991707,116,208,1636,2013,0.0,1352.0,-0.448112,0.8672719999999999,KEN,SWE,8418
2991708,117,208,1636,2013,0.0,1963.0,-0.1035,0.339914,KGZ,SWE,8418
2991709,121,208,1636,2013,22301959.0,5553819.0,1.818383,0.75645,KOR,SWE,8418
2991710,122,208,1636,2013,0.0,62605.0,-0.536384,-1.08382,KWT,SWE,8418
2991711,123,208,1636,2013,0.0,223.0,-1.204446,-0.8571489999999999,LAO,SWE,8418
2991712,124,208,1636,2013,0.0,546465.0,0.283084,1.4289100000000001,LBN,SWE,8418
2991713,125,208,1636,2013,0.0,4460.0,-0.41869399999999996,-0.9538770000000001,LBR,SWE,8418
2991714,126,208,1636,2013,0.0,6450.0,-1.6241459999999999,-1.1817950000000002,LBY,SWE,8418
2991715,128,208,1636,2013,0.0,60061.0,-0.6521779999999999,0.41258599999999995,LKA,SWE,8418
2991716,130,208,1636,2013,3509553.0,6188186.0,0.737796,1.215543,LTU,SWE,8418
2991717,131,208,1636,2013,369851.0,292849.0,1.170459,1.150327,LUX,SWE,8418
2991718,132,208,1636,2013,961036.0,7870021.0,0.6219439999999999,1.166749,LVA,SWE,8418
2991719,134,208,1636,2013,0.0,1126519.0,-0.6494260000000001,-0.035075999999999996,MAR,SWE,8418
2991720,135,208,1636,2013,0.0,1871489.0,-0.016235,0.132104,MDA,SWE,8418
2991721,137,208,1636,2013,0.0,9337.0,-0.21889699999999998,-0.776392,MDV,SWE,8418
2991722,138,208,1636,2013,477532.0,1127836.0,1.048507,0.718932,MEX,SWE,8418
2991723,142,208,1636,2013,0.0,26683.0,0.8519760000000001,-0.075869,MLT,SWE,8418
2991724,145,208,1636,2013,0.0,2677.0,-1.3270950000000001,-1.144547,MNG,SWE,8418
2991725,151,208,1636,2013,0.0,2083.0,-0.158852,0.0061600000000000005,MUS,SWE,8418
2991726,152,208,1636,2013,0.0,1534.0,-0.8992120000000001,-0.862175,MWI,SWE,8418
2991727,153,208,1636,2013,902535.0,891723.0,0.937641,0.747496,MYS,SWE,8418
2991728,156,208,1636,2013,0.0,1786.0,-0.136052,-0.703913,NCL,SWE,8418
2991729,159,208,1636,2013,0.0,218314.0,-1.745783,-1.1356680000000001,NGA,SWE,8418
2991730,160,208,1636,2013,0.0,10802.0,-0.9277,-0.6842630000000001,NIC,SWE,8418
2991731,162,208,1636,2013,10333925.0,12214986.0,1.184107,1.249557,NLD,SWE,8418
2991732,163,208,1636,2013,6761214.0,158029108.0,0.892099,0.18168399999999998,NOR,SWE,8418
2991733,166,208,1636,2013,6551.0,295497.0,0.3345,0.39063000000000003,NZL,SWE,8418
2991734,167,208,1636,2013,0.0,3857.0,-0.604175,-1.0463209999999998,OMN,SWE,8418
2991735,168,208,1636,2013,0.0,81894.0,-0.75727,0.769703,PAK,SWE,8418
2991736,169,208,1636,2013,0.0,4127.0,0.735637,1.161718,PAN,SWE,8418
2991737,173,208,1636,2013,0.0,938517.0,-0.573852,0.357977,PER,SWE,8418
2991738,174,208,1636,2013,0.0,1090744.0,0.507868,0.355403,PHL,SWE,8418
2991739,176,208,1636,2013,0.0,4917.0,-1.444244,-1.144231,PNG,SWE,8418
2991740,177,208,1636,2013,50011134.0,8841229.0,1.084332,1.216749,POL,SWE,8418
2991741,179,208,1636,2013,1170348.0,1680721.0,0.541454,2.5228610000000002,PRT,SWE,8418
2991742,183,208,1636,2013,0.0,1615471.0,-0.083649,-1.013491,QAT,SWE,8418
2991743,185,208,1636,2013,5154237.0,127736.0,0.792035,1.225034,ROU,SWE,8418
2991744,186,208,1636,2013,248101.0,2988519.0,0.481166,-0.180052,RUS,SWE,8418
2991745,187,208,1636,2013,0.0,68998.0,-0.490519,-0.48427700000000007,RWA,SWE,8418
2991746,188,208,1636,2013,68672.0,5427811.0,0.626347,-0.844406,SAU,SWE,8418
2991747,190,208,1636,2013,0.0,145162.0,-1.254944,-1.073564,SDN,SWE,8418
2991748,191,208,1636,2013,0.0,96246.0,-0.523662,-0.309101,SEN,SWE,8418
2991749,192,208,1636,2013,35112.0,258974.0,1.915504,0.619576,SGP,SWE,8418
2991750,196,208,1636,2013,0.0,5385.0,-0.132082,-0.552921,SLE,SWE,8418
2991751,197,208,1636,2013,0.0,88982.0,-0.021029,0.381522,SLV,SWE,8418
2991752,198,208,1636,2013,1044.0,0.0,1.108559,0.569782,SMR,SWE,8418
2991753,201,208,1636,2013,944661.0,159062.0,0.5717720000000001,1.174901,SRB,SWE,8418
2991754,202,208,1636,2013,0.0,7066.0,-2.57,-0.8567969999999999,SSD,SWE,8418
2991755,206,208,1636,2013,2304225.0,518651.0,1.32064,0.7519819999999999,SVK,SWE,8418
2991756,207,208,1636,2013,376010.0,1297053.0,1.698374,0.563082,SVN,SWE,8418
2991757,216,208,1636,2013,1658880.0,2602125.0,0.8752139999999999,1.3798620000000001,THA,SWE,8418
2991758,223,208,1636,2013,0.0,107577.0,0.185528,1.0070700000000001,TUN,SWE,8418
2991759,224,208,1636,2013,50767667.0,2347474.0,0.42932299999999995,2.690235,TUR,SWE,8418
2991760,226,208,1636,2013,0.0,57944.0,-0.9306770000000001,0.273489,TZA,SWE,8418
2991761,227,208,1636,2013,0.0,6083.0,-0.5462279999999999,0.200682,UGA,SWE,8418
2991762,228,208,1636,2013,5334.0,210610.0,0.657729,0.9063200000000001,UKR,SWE,8418
2991763,230,208,1636,2013,0.0,39891.0,0.20190999999999998,-0.19777999999999998,URY,SWE,8418
2991764,231,208,1636,2013,2933394.0,22765942.0,1.6639689999999998,-0.48651300000000003,USA,SWE,8418
2991765,236,208,1636,2013,0.0,152426.0,-0.778172,-1.107059,VEN,SWE,8418
2991766,239,208,1636,2013,105930.0,311526.0,-0.11426900000000001,1.399738,VNM,SWE,8418
2991767,243,208,1636,2013,0.0,31396.0,-1.252605,-1.207324,YEM,SWE,8418
2991768,246,208,1636,2013,346452.0,1266311.0,0.380284,1.5682120000000002,ZAF,SWE,8418
2991769,247,208,1636,2013,0.0,2662.0,-0.382129,-0.5442229999999999,ZMB,SWE,8418
2991770,249,208,1636,2013,134686.0,465459.0,1.843186,0.9432379999999999,TWN,SWE,8418
2991771,1,216,1636,2013,0.0,762296.0,-0.985727,-0.7164550000000001,AFG,THA,8418
2991772,2,216,1636,2013,0.0,415607.0,-1.172043,-1.133735,AGO,THA,8418
2991773,4,216,1636,2013,0.0,51876.0,-0.53682,-0.162391,ALB,THA,8418
2991774,7,216,1636,2013,80436.0,75768442.0,-0.074047,-0.585168,ARE,THA,8418
2991775,8,216,1636,2013,126947.0,1977595.0,0.20314300000000002,0.494062,ARG,THA,8418
2991776,9,216,1636,2013,0.0,1250617.0,-0.076922,-0.5781390000000001,ARM,THA,8418
2991777,14,216,1636,2013,1179529.0,147739548.0,-0.31145700000000004,-0.167628,AUS,THA,8418
2991778,15,216,1636,2013,117561.0,120306.0,1.7209240000000001,-0.286892,AUT,THA,8418
2991779,16,216,1636,2013,0.0,280684.0,-0.9232870000000001,-1.165928,AZE,THA,8418
2991780,18,216,1636,2013,3025996.0,178098.0,1.316207,0.972601,BEL,THA,8418
2991781,19,216,1636,2013,0.0,934497.0,-0.919968,-0.90691,BEN,THA,8418
2991782,21,216,1636,2013,0.0,89676.0,-0.9110360000000001,-0.852492,BFA,THA,8418
2991783,22,216,1636,2013,0.0,8372914.0,-1.101916,-0.734646,BGD,THA,8418
2991784,23,216,1636,2013,0.0,10122.0,0.5026109999999999,1.674296,BGR,THA,8418
2991785,24,216,1636,2013,0.0,4904593.0,0.249681,-0.6204270000000001,BHR,THA,8418
2991786,26,216,1636,2013,0.0,4197.0,0.46743199999999996,0.7340800000000001,BIH,THA,8418
2991787,28,216,1636,2013,0.0,11887.0,1.036923,0.864568,BLR,THA,8418
2991788,31,216,1636,2013,0.0,1130700.0,-1.039614,-0.95663,BOL,THA,8418
2991789,32,216,1636,2013,852597.0,3181023.0,0.14765899999999998,0.399262,BRA,THA,8418
2991790,34,216,1636,2013,0.0,978538.0,-0.866827,-0.795995,BRN,THA,8418
2991791,35,216,1636,2013,0.0,2022.0,-0.065218,-0.787495,BTN,THA,8418
2991792,39,216,1636,2013,5980.0,8431408.0,0.719649,1.017046,CAN,THA,8418
2991793,41,216,1636,2013,275732.0,147652.0,2.2104470000000003,0.5403479999999999,CHE,THA,8418
2991794,42,216,1636,2013,0.0,8486124.0,-0.260718,-0.38256100000000004,CHL,THA,8418
2991795,43,216,1636,2013,124591443.0,13765157.0,1.113767,1.477496,CHN,THA,8418
2991796,44,216,1636,2013,0.0,471447.0,-0.923558,-0.866642,CIV,THA,8418
2991797,45,216,1636,2013,0.0,129492.0,-0.901531,-1.027111,CMR,THA,8418
2991798,46,216,1636,2013,0.0,7073.0,-1.300125,-1.0708010000000001,COD,THA,8418
2991799,47,216,1636,2013,0.0,1045816.0,-1.215681,-1.08679,COG,THA,8418
2991800,48,216,1636,2013,0.0,2784.0,0.483939,-0.42226400000000003,COK,THA,8418
2991801,49,216,1636,2013,0.0,551976.0,0.121799,-0.388239,COL,THA,8418
2991802,50,216,1636,2013,0.0,3115.0,-0.326422,-0.6956640000000001,COM,THA,8418
2991803,52,216,1636,2013,0.0,89010.0,0.067379,-0.688217,CRI,THA,8418
2991804,58,216,1636,2013,0.0,3063764.0,0.502238,0.349608,CYP,THA,8418
2991805,59,216,1636,2013,206908.0,136661.0,1.819653,-0.12423800000000002,CZE,THA,8418
2991806,61,216,1636,2013,5515983.0,7777707.0,2.093658,-3.4281980000000005,DEU,THA,8418
2991807,62,216,1636,2013,0.0,713246.0,-0.412843,-0.695916,DJI,THA,8418
2991808,64,216,1636,2013,2849750.0,258568.0,1.161835,1.1788450000000001,DNK,THA,8418
2991809,65,216,1636,2013,0.0,292738.0,-0.277269,0.432388,DOM,THA,8418
2991810,66,216,1636,2013,0.0,21027105.0,-1.373947,-1.1523459999999999,DZA,THA,8418
2991811,67,216,1636,2013,0.0,292670.0,-0.86546,-0.8888389999999999,ECU,THA,8418
2991812,68,216,1636,2013,0.0,52673403.0,-0.17418,1.692641,EGY,THA,8418
2991813,71,216,1636,2013,603070.0,1828440.0,0.861698,2.353993,ESP,THA,8418
2991814,72,216,1636,2013,0.0,35746.0,0.8828940000000001,1.386574,EST,THA,8418
2991815,73,216,1636,2013,0.0,1375108.0,-1.264002,-0.9594219999999999,ETH,THA,8418
2991816,74,216,1636,2013,7897.0,6740034.0,1.734552,0.8896940000000001,FIN,THA,8418
2991817,75,216,1636,2013,0.0,699617.0,-0.5203369999999999,-0.122405,FJI,THA,8418
2991818,77,216,1636,2013,5094929.0,12699992.0,1.520354,0.022874000000000002,FRA,THA,8418
2991819,80,216,1636,2013,0.0,38036.0,-1.6582830000000002,-1.155302,GAB,THA,8418
2991820,81,216,1636,2013,1382157.0,6958010.0,1.7901259999999999,0.44164,GBR,THA,8418
2991821,82,216,1636,2013,0.0,11950319.0,-0.160691,-0.393419,GEO,THA,8418
2991822,83,216,1636,2013,0.0,1676628.0,-0.7316010000000001,-0.5327689999999999,GHA,THA,8418
2991823,85,216,1636,2013,0.0,148133.0,-1.1287459999999998,-1.069735,GIN,THA,8418
2991824,87,216,1636,2013,0.0,77514.0,-0.5571550000000001,-0.6860310000000001,GMB,THA,8418
2991825,90,216,1636,2013,58456.0,6051639.0,0.18823800000000002,0.910906,GRC,THA,8418
2991826,93,216,1636,2013,0.0,18544.0,-0.41466499999999995,0.774788,GTM,THA,8418
2991827,95,216,1636,2013,0.0,24920.0,0.483541,0.281968,GUM,THA,8418
2991828,96,216,1636,2013,0.0,14693.0,-0.8555590000000001,-0.9744450000000001,GUY,THA,8418
2991829,97,216,1636,2013,229820.0,38053062.0,0.744383,1.923139,HKG,THA,8418
2991830,99,216,1636,2013,0.0,15037.0,-0.731431,-0.310927,HND,THA,8418
2991831,100,216,1636,2013,89979.0,2595.0,0.898284,1.038807,HRV,THA,8418
2991832,102,216,1636,2013,118233.0,0.0,1.506101,0.7279220000000001,HUN,THA,8418
2991833,103,216,1636,2013,14292712.0,99553911.0,-0.216854,1.415728,IDN,THA,8418
2991834,104,216,1636,2013,1647779.0,41468629.0,0.215356,2.3916209999999998,IND,THA,8418
2991835,106,216,1636,2013,1104993.0,1065642.0,1.29988,0.240688,IRL,THA,8418
2991836,107,216,1636,2013,0.0,1168535.0,-0.339172,-0.237114,IRN,THA,8418
2991837,108,216,1636,2013,0.0,3231857.0,-2.839079,-0.8705440000000001,IRQ,THA,8418
2991838,109,216,1636,2013,0.0,6243.0,0.259374,-0.20413299999999998,ISL,THA,8418
2991839,110,216,1636,2013,40645.0,30136177.0,1.197241,0.633828,ISR,THA,8418
2991840,111,216,1636,2013,9350882.0,22958245.0,1.289924,0.533436,ITA,THA,8418
2991841,112,216,1636,2013,0.0,1187.0,-0.541441,-0.8448559999999999,JAM,THA,8418
2991842,113,216,1636,2013,0.0,9899349.0,0.152659,0.5889979999999999,JOR,THA,8418
2991843,114,216,1636,2013,13907495.0,327819175.0,2.3993130000000003,-0.564768,JPN,THA,8418
2991844,115,216,1636,2013,0.0,1151510.0,-0.680678,-0.83347,KAZ,THA,8418
2991845,116,216,1636,2013,0.0,6332368.0,-0.448112,0.8672719999999999,KEN,THA,8418
2991846,117,216,1636,2013,0.0,38767.0,-0.1035,0.339914,KGZ,THA,8418
2991847,118,216,1636,2013,0.0,10720112.0,-1.054758,-0.872352,KHM,THA,8418
2991848,119,216,1636,2013,0.0,3403.0,-0.258825,-0.781927,KIR,THA,8418
2991849,121,216,1636,2013,40031018.0,35951190.0,1.818383,0.75645,KOR,THA,8418
2991850,122,216,1636,2013,0.0,11178839.0,-0.536384,-1.08382,KWT,THA,8418
2991851,123,216,1636,2013,2346.0,20300935.0,-1.204446,-0.8571489999999999,LAO,THA,8418
2991852,124,216,1636,2013,0.0,8914423.0,0.283084,1.4289100000000001,LBN,THA,8418
2991853,125,216,1636,2013,0.0,115130.0,-0.41869399999999996,-0.9538770000000001,LBR,THA,8418
2991854,126,216,1636,2013,0.0,12940585.0,-1.6241459999999999,-1.1817950000000002,LBY,THA,8418
2991855,128,216,1636,2013,0.0,1810313.0,-0.6521779999999999,0.41258599999999995,LKA,THA,8418
2991856,130,216,1636,2013,0.0,1125.0,0.737796,1.215543,LTU,THA,8418
2991857,131,216,1636,2013,17570.0,1031.0,1.170459,1.150327,LUX,THA,8418
2991858,132,216,1636,2013,0.0,119657.0,0.6219439999999999,1.166749,LVA,THA,8418
2991859,134,216,1636,2013,0.0,15806131.0,-0.6494260000000001,-0.035075999999999996,MAR,THA,8418
2991860,135,216,1636,2013,0.0,9931.0,-0.016235,0.132104,MDA,THA,8418
2991861,136,216,1636,2013,0.0,151396.0,-1.068565,-0.364254,MDG,THA,8418
2991862,137,216,1636,2013,0.0,755926.0,-0.21889699999999998,-0.776392,MDV,THA,8418
2991863,138,216,1636,2013,397466.0,1296118.0,1.048507,0.718932,MEX,THA,8418
2991864,140,216,1636,2013,0.0,11142.0,-0.10859400000000001,0.155229,MKD,THA,8418
2991865,142,216,1636,2013,1797.0,22880.0,0.8519760000000001,-0.075869,MLT,THA,8418
2991866,143,216,1636,2013,0.0,23619238.0,-1.230787,-0.737375,MMR,THA,8418
2991867,144,216,1636,2013,0.0,14144.0,-0.054454999999999996,-0.164875,MNE,THA,8418
2991868,145,216,1636,2013,0.0,707629.0,-1.3270950000000001,-1.144547,MNG,THA,8418
2991869,147,216,1636,2013,0.0,468579.0,-1.326323,-1.050969,MOZ,THA,8418
2991870,148,216,1636,2013,0.0,19701.0,-1.950532,-1.283104,MRT,THA,8418
2991871,151,216,1636,2013,0.0,1569550.0,-0.158852,0.0061600000000000005,MUS,THA,8418
2991872,152,216,1636,2013,0.0,161174.0,-0.8992120000000001,-0.862175,MWI,THA,8418
2991873,153,216,1636,2013,10542359.0,119063275.0,0.937641,0.747496,MYS,THA,8418
2991874,154,216,1636,2013,0.0,174364.0,0.9851690000000001,-0.504069,MYT,THA,8418
2991875,155,216,1636,2013,0.0,29926.0,-0.308643,-0.480617,NAM,THA,8418
2991876,156,216,1636,2013,0.0,400125.0,-0.136052,-0.703913,NCL,THA,8418
2991877,157,216,1636,2013,0.0,68239.0,-1.268738,-0.942256,NER,THA,8418
2991878,159,216,1636,2013,0.0,7843599.0,-1.745783,-1.1356680000000001,NGA,THA,8418
2991879,160,216,1636,2013,0.0,57139.0,-0.9277,-0.6842630000000001,NIC,THA,8418
2991880,162,216,1636,2013,2070656.0,2593916.0,1.184107,1.249557,NLD,THA,8418
2991881,163,216,1636,2013,44194.0,328102.0,0.892099,0.18168399999999998,NOR,THA,8418
2991882,164,216,1636,2013,0.0,90594.0,-0.293669,0.677365,NPL,THA,8418
2991883,166,216,1636,2013,4460453.0,29903836.0,0.3345,0.39063000000000003,NZL,THA,8418
2991884,167,216,1636,2013,0.0,10878455.0,-0.604175,-1.0463209999999998,OMN,THA,8418
2991885,168,216,1636,2013,0.0,1729747.0,-0.75727,0.769703,PAK,THA,8418
2991886,169,216,1636,2013,0.0,184112.0,0.735637,1.161718,PAN,THA,8418
2991887,173,216,1636,2013,0.0,7520607.0,-0.573852,0.357977,PER,THA,8418
2991888,174,216,1636,2013,159604.0,59213477.0,0.507868,0.355403,PHL,THA,8418
2991889,176,216,1636,2013,0.0,1093063.0,-1.444244,-1.144231,PNG,THA,8418
2991890,177,216,1636,2013,20312.0,4090968.0,1.084332,1.216749,POL,THA,8418
2991891,178,216,1636,2013,313544.0,4618.0,-0.414538,-0.22449299999999997,PRK,THA,8418
2991892,179,216,1636,2013,43793.0,1278061.0,0.541454,2.5228610000000002,PRT,THA,8418
2991893,180,216,1636,2013,0.0,75425.0,-0.566239,-0.9273459999999999,PRY,THA,8418
2991894,181,216,1636,2013,0.0,40844.0,0.072979,0.7099260000000001,PSE,THA,8418
2991895,182,216,1636,2013,0.0,311923.0,-0.146044,-0.7055359999999999,PYF,THA,8418
2991896,183,216,1636,2013,0.0,7305613.0,-0.083649,-1.013491,QAT,THA,8418
2991897,185,216,1636,2013,54893.0,2915708.0,0.792035,1.225034,ROU,THA,8418
2991898,186,216,1636,2013,0.0,10859512.0,0.481166,-0.180052,RUS,THA,8418
2991899,187,216,1636,2013,0.0,276693.0,-0.490519,-0.48427700000000007,RWA,THA,8418
2991900,188,216,1636,2013,4250.0,103315632.0,0.626347,-0.844406,SAU,THA,8418
2991901,190,216,1636,2013,0.0,2557341.0,-1.254944,-1.073564,SDN,THA,8418
2991902,191,216,1636,2013,0.0,438871.0,-0.523662,-0.309101,SEN,THA,8418
2991903,192,216,1636,2013,5854446.0,43261834.0,1.915504,0.619576,SGP,THA,8418
2991904,195,216,1636,2013,0.0,3120.0,-0.9350860000000001,-0.877676,SLB,THA,8418
2991905,196,216,1636,2013,0.0,20611.0,-0.132082,-0.552921,SLE,THA,8418
2991906,197,216,1636,2013,0.0,24276.0,-0.021029,0.381522,SLV,THA,8418
2991907,199,216,1636,2013,0.0,5100.0,-1.194368,-0.915163,SOM,THA,8418
2991908,201,216,1636,2013,1525.0,18607.0,0.5717720000000001,1.174901,SRB,THA,8418
2991909,206,216,1636,2013,9708.0,465130.0,1.32064,0.7519819999999999,SVK,THA,8418
2991910,207,216,1636,2013,23687.0,189892.0,1.698374,0.563082,SVN,THA,8418
2991911,208,216,1636,2013,2602125.0,1658880.0,1.869421,0.228109,SWE,THA,8418
2991912,211,216,1636,2013,0.0,119852.0,0.270999,-0.474095,SYC,THA,8418
2991913,214,216,1636,2013,0.0,18622.0,-2.800677,-0.9466969999999999,TCD,THA,8418
2991914,215,216,1636,2013,0.0,526859.0,-0.598413,-0.49295200000000006,TGO,THA,8418
2991915,217,216,1636,2013,0.0,477271.0,-1.2512889999999999,-1.16402,TJK,THA,8418
2991916,219,216,1636,2013,0.0,30349.0,-1.6186770000000001,-1.2210969999999999,TKM,THA,8418
2991917,220,216,1636,2013,0.0,18361.0,-0.376633,-0.73677,TLS,THA,8418
2991918,221,216,1636,2013,0.0,43856.0,0.183053,-0.345657,TON,THA,8418
2991919,222,216,1636,2013,0.0,225419.0,-0.280641,-1.083332,TTO,THA,8418
2991920,223,216,1636,2013,0.0,3998088.0,0.185528,1.0070700000000001,TUN,THA,8418
2991921,224,216,1636,2013,351534.0,28493699.0,0.42932299999999995,2.690235,TUR,THA,8418
2991922,226,216,1636,2013,0.0,3191716.0,-0.9306770000000001,0.273489,TZA,THA,8418
2991923,227,216,1636,2013,0.0,908544.0,-0.5462279999999999,0.200682,UGA,THA,8418
2991924,228,216,1636,2013,0.0,5795098.0,0.657729,0.9063200000000001,UKR,THA,8418
2991925,230,216,1636,2013,0.0,894533.0,0.20190999999999998,-0.19777999999999998,URY,THA,8418
2991926,231,216,1636,2013,21047615.0,21154937.0,1.6639689999999998,-0.48651300000000003,USA,THA,8418
2991927,232,216,1636,2013,0.0,1981071.0,-0.748212,-0.567268,UZB,THA,8418
2991928,236,216,1636,2013,0.0,11271910.0,-0.778172,-1.107059,VEN,THA,8418
2991929,239,216,1636,2013,4094724.0,170729587.0,-0.11426900000000001,1.399738,VNM,THA,8418
2991930,240,216,1636,2013,0.0,20891.0,-0.6548689999999999,-0.811184,VUT,THA,8418
2991931,242,216,1636,2013,0.0,36958.0,0.824724,0.056441,WSM,THA,8418
2991932,243,216,1636,2013,0.0,5189352.0,-1.252605,-1.207324,YEM,THA,8418
2991933,246,216,1636,2013,2468.0,5352660.0,0.380284,1.5682120000000002,ZAF,THA,8418
2991934,247,216,1636,2013,0.0,165641.0,-0.382129,-0.5442229999999999,ZMB,THA,8418
2991935,248,216,1636,2013,0.0,25791.0,-0.828702,-0.899175,ZWE,THA,8418
2991936,249,216,1636,2013,4426078.0,18552175.0,1.843186,0.9432379999999999,TWN,THA,8418
2991937,250,216,1636,2013,0.0,169207.0,0.628555,0.277602,ANS,THA,8418
2991938,0,222,1636,2013,3100.0,0.0,0.913235,-0.149061,ABW,TTO,8418
2991939,8,222,1636,2013,13872.0,0.0,0.20314300000000002,0.494062,ARG,TTO,8418
2991940,13,222,1636,2013,0.0,3604.0,0.096563,-0.60577,ATG,TTO,8418
2991941,14,222,1636,2013,12056.0,0.0,-0.31145700000000004,-0.167628,AUS,TTO,8418
2991942,32,222,1636,2013,90882.0,0.0,0.14765899999999998,0.399262,BRA,TTO,8418
2991943,33,222,1636,2013,1398.0,128775.0,0.6969489999999999,0.135283,BRB,TTO,8418
2991944,39,222,1636,2013,23790.0,0.0,0.719649,1.017046,CAN,TTO,8418
2991945,41,222,1636,2013,811.0,0.0,2.2104470000000003,0.5403479999999999,CHE,TTO,8418
2991946,42,222,1636,2013,87838.0,0.0,-0.260718,-0.38256100000000004,CHL,TTO,8418
2991947,43,222,1636,2013,2174518.0,0.0,1.113767,1.477496,CHN,TTO,8418
2991948,52,222,1636,2013,820892.0,0.0,0.067379,-0.688217,CRI,TTO,8418
2991949,59,222,1636,2013,12907.0,0.0,1.819653,-0.12423800000000002,CZE,TTO,8418
2991950,61,222,1636,2013,112131.0,0.0,2.093658,-3.4281980000000005,DEU,TTO,8418
2991951,63,222,1636,2013,0.0,7037.0,0.054362,-0.156703,DMA,TTO,8418
2991952,64,222,1636,2013,67353.0,0.0,1.161835,1.1788450000000001,DNK,TTO,8418
2991953,65,222,1636,2013,141818.0,0.0,-0.277269,0.432388,DOM,TTO,8418
2991954,71,222,1636,2013,9555.0,0.0,0.861698,2.353993,ESP,TTO,8418
2991955,77,222,1636,2013,499826.0,0.0,1.520354,0.022874000000000002,FRA,TTO,8418
2991956,81,222,1636,2013,283191.0,0.0,1.7901259999999999,0.44164,GBR,TTO,8418
2991957,91,222,1636,2013,0.0,41129.0,0.073206,-0.567926,GRD,TTO,8418
2991958,93,222,1636,2013,120179.0,0.0,-0.41466499999999995,0.774788,GTM,TTO,8418
2991959,96,222,1636,2013,0.0,343932.0,-0.8555590000000001,-0.9744450000000001,GUY,TTO,8418
2991960,97,222,1636,2013,3047.0,0.0,0.744383,1.923139,HKG,TTO,8418
2991961,102,222,1636,2013,3083.0,0.0,1.506101,0.7279220000000001,HUN,TTO,8418
2991962,103,222,1636,2013,25332.0,0.0,-0.216854,1.415728,IDN,TTO,8418
2991963,104,222,1636,2013,1137.0,0.0,0.215356,2.3916209999999998,IND,TTO,8418
2991964,111,222,1636,2013,667425.0,0.0,1.289924,0.533436,ITA,TTO,8418
2991965,112,222,1636,2013,924.0,64265.0,-0.541441,-0.8448559999999999,JAM,TTO,8418
2991966,114,222,1636,2013,4126.0,0.0,2.3993130000000003,-0.564768,JPN,TTO,8418
2991967,120,222,1636,2013,0.0,27107.0,0.8500270000000001,-0.390234,KNA,TTO,8418
2991968,121,222,1636,2013,535300.0,0.0,1.818383,0.75645,KOR,TTO,8418
2991969,127,222,1636,2013,0.0,63484.0,0.265129,-0.5083949999999999,LCA,TTO,8418
2991970,138,222,1636,2013,7697488.0,0.0,1.048507,0.718932,MEX,TTO,8418
2991971,153,222,1636,2013,106731.0,0.0,0.937641,0.747496,MYS,TTO,8418
2991972,162,222,1636,2013,12217.0,0.0,1.184107,1.249557,NLD,TTO,8418
2991973,169,222,1636,2013,365428.0,0.0,0.735637,1.161718,PAN,TTO,8418
2991974,186,222,1636,2013,0.0,3209.0,0.481166,-0.180052,RUS,TTO,8418
2991975,205,222,1636,2013,1054.0,120083.0,-0.417865,-0.7600399999999999,SUR,TTO,8418
2991976,207,222,1636,2013,1907.0,0.0,1.698374,0.563082,SVN,TTO,8418
2991977,216,222,1636,2013,225419.0,0.0,0.8752139999999999,1.3798620000000001,THA,TTO,8418
2991978,224,222,1636,2013,17009.0,0.0,0.42932299999999995,2.690235,TUR,TTO,8418
2991979,231,222,1636,2013,10402296.0,5681.0,1.6639689999999998,-0.48651300000000003,USA,TTO,8418
2991980,234,222,1636,2013,0.0,2832.0,0.193198,-0.23631799999999997,VCT,TTO,8418
2991981,237,222,1636,2013,0.0,10587.0,0.616863,-0.314222,VGB,TTO,8418
2991982,239,222,1636,2013,13614.0,0.0,-0.11426900000000001,1.399738,VNM,TTO,8418
2991983,246,222,1636,2013,0.0,4414.0,0.380284,1.5682120000000002,ZAF,TTO,8418
2991984,249,222,1636,2013,91873.0,0.0,1.843186,0.9432379999999999,TWN,TTO,8418
2991985,250,222,1636,2013,0.0,4676.0,0.628555,0.277602,ANS,TTO,8418
2991986,1,224,1636,2013,0.0,586859.0,-0.985727,-0.7164550000000001,AFG,TUR,8418
2991987,2,224,1636,2013,0.0,2493773.0,-1.172043,-1.133735,AGO,TUR,8418
2991988,4,224,1636,2013,0.0,3657134.0,-0.53682,-0.162391,ALB,TUR,8418
2991989,5,224,1636,2013,0.0,735.0,0.9666530000000001,-0.159606,AND,TUR,8418
2991990,7,224,1636,2013,321669.0,11258439.0,-0.074047,-0.585168,ARE,TUR,8418
2991991,8,224,1636,2013,0.0,5360435.0,0.20314300000000002,0.494062,ARG,TUR,8418
2991992,9,224,1636,2013,0.0,14982.0,-0.076922,-0.5781390000000001,ARM,TUR,8418
2991993,14,224,1636,2013,427084.0,12288330.0,-0.31145700000000004,-0.167628,AUS,TUR,8418
2991994,15,224,1636,2013,6725566.0,10446251.0,1.7209240000000001,-0.286892,AUT,TUR,8418
2991995,16,224,1636,2013,0.0,35251866.0,-0.9232870000000001,-1.165928,AZE,TUR,8418
2991996,18,224,1636,2013,2407970.0,19636910.0,1.316207,0.972601,BEL,TUR,8418
2991997,19,224,1636,2013,0.0,573387.0,-0.919968,-0.90691,BEN,TUR,8418
2991998,21,224,1636,2013,0.0,152358.0,-0.9110360000000001,-0.852492,BFA,TUR,8418
2991999,22,224,1636,2013,0.0,1247664.0,-1.101916,-0.734646,BGD,TUR,8418
2992000,23,224,1636,2013,771719.0,17188614.0,0.5026109999999999,1.674296,BGR,TUR,8418
2992001,24,224,1636,2013,0.0,635499.0,0.249681,-0.6204270000000001,BHR,TUR,8418
2992002,26,224,1636,2013,27624.0,3963034.0,0.46743199999999996,0.7340800000000001,BIH,TUR,8418
2992003,28,224,1636,2013,2593.0,1035100.0,1.036923,0.864568,BLR,TUR,8418
2992004,31,224,1636,2013,0.0,705194.0,-1.039614,-0.95663,BOL,TUR,8418
2992005,32,224,1636,2013,25582.0,272317.0,0.14765899999999998,0.399262,BRA,TUR,8418
2992006,33,224,1636,2013,0.0,11047.0,0.6969489999999999,0.135283,BRB,TUR,8418
2992007,39,224,1636,2013,1203861.0,7546917.0,0.719649,1.017046,CAN,TUR,8418
2992008,41,224,1636,2013,431989.0,6191406.0,2.2104470000000003,0.5403479999999999,CHE,TUR,8418
2992009,42,224,1636,2013,0.0,1137632.0,-0.260718,-0.38256100000000004,CHL,TUR,8418
2992010,43,224,1636,2013,81927927.0,10317794.0,1.113767,1.477496,CHN,TUR,8418
2992011,44,224,1636,2013,0.0,1123350.0,-0.923558,-0.866642,CIV,TUR,8418
2992012,45,224,1636,2013,0.0,247781.0,-0.901531,-1.027111,CMR,TUR,8418
2992013,46,224,1636,2013,0.0,2673.0,-1.300125,-1.0708010000000001,COD,TUR,8418
2992014,47,224,1636,2013,0.0,202913.0,-1.215681,-1.08679,COG,TUR,8418
2992015,49,224,1636,2013,0.0,283489.0,0.121799,-0.388239,COL,TUR,8418
2992016,51,224,1636,2013,0.0,137815.0,-0.75058,-0.8948219999999999,CPV,TUR,8418
2992017,52,224,1636,2013,11056.0,0.0,0.067379,-0.688217,CRI,TUR,8418
2992018,55,224,1636,2013,1536.0,0.0,0.029981999999999998,-0.673439,CUW,TUR,8418
2992019,58,224,1636,2013,16283.0,7913275.0,0.502238,0.349608,CYP,TUR,8418
2992020,59,224,1636,2013,4461322.0,10298146.0,1.819653,-0.12423800000000002,CZE,TUR,8418
2992021,61,224,1636,2013,52082341.0,222281800.0,2.093658,-3.4281980000000005,DEU,TUR,8418
2992022,62,224,1636,2013,0.0,211666.0,-0.412843,-0.695916,DJI,TUR,8418
2992023,64,224,1636,2013,6347363.0,17962777.0,1.161835,1.1788450000000001,DNK,TUR,8418
2992024,65,224,1636,2013,0.0,76462.0,-0.277269,0.432388,DOM,TUR,8418
2992025,66,224,1636,2013,0.0,38556121.0,-1.373947,-1.1523459999999999,DZA,TUR,8418
2992026,67,224,1636,2013,0.0,2485422.0,-0.86546,-0.8888389999999999,ECU,TUR,8418
2992027,68,224,1636,2013,5936.0,20962152.0,-0.17418,1.692641,EGY,TUR,8418
2992028,71,224,1636,2013,8048692.0,72741663.0,0.861698,2.353993,ESP,TUR,8418
2992029,72,224,1636,2013,0.0,616418.0,0.8828940000000001,1.386574,EST,TUR,8418
2992030,73,224,1636,2013,0.0,2960172.0,-1.264002,-0.9594219999999999,ETH,TUR,8418
2992031,74,224,1636,2013,181473.0,5723567.0,1.734552,0.8896940000000001,FIN,TUR,8418
2992032,75,224,1636,2013,0.0,6112.0,-0.5203369999999999,-0.122405,FJI,TUR,8418
2992033,77,224,1636,2013,33870759.0,152743137.0,1.520354,0.022874000000000002,FRA,TUR,8418
2992034,78,224,1636,2013,0.0,9392.0,-0.370701,-0.815466,FRO,TUR,8418
2992035,80,224,1636,2013,0.0,1040641.0,-1.6582830000000002,-1.155302,GAB,TUR,8418
2992036,81,224,1636,2013,4186309.0,289783449.0,1.7901259999999999,0.44164,GBR,TUR,8418
2992037,82,224,1636,2013,77050.0,23274625.0,-0.160691,-0.393419,GEO,TUR,8418
2992038,83,224,1636,2013,0.0,1396675.0,-0.7316010000000001,-0.5327689999999999,GHA,TUR,8418
2992039,85,224,1636,2013,0.0,964071.0,-1.1287459999999998,-1.069735,GIN,TUR,8418
2992040,87,224,1636,2013,0.0,72311.0,-0.5571550000000001,-0.6860310000000001,GMB,TUR,8418
2992041,89,224,1636,2013,0.0,389996.0,-1.521575,-0.814708,GNQ,TUR,8418
2992042,90,224,1636,2013,3386648.0,16584444.0,0.18823800000000002,0.910906,GRC,TUR,8418
2992043,93,224,1636,2013,0.0,6358.0,-0.41466499999999995,0.774788,GTM,TUR,8418
2992044,96,224,1636,2013,0.0,144977.0,-0.8555590000000001,-0.9744450000000001,GUY,TUR,8418
2992045,97,224,1636,2013,589272.0,709228.0,0.744383,1.923139,HKG,TUR,8418
2992046,100,224,1636,2013,93681.0,6030095.0,0.898284,1.038807,HRV,TUR,8418
2992047,102,224,1636,2013,3555978.0,7436137.0,1.506101,0.7279220000000001,HUN,TUR,8418
2992048,103,224,1636,2013,2915132.0,320096.0,-0.216854,1.415728,IDN,TUR,8418
2992049,104,224,1636,2013,1111392.0,5790970.0,0.215356,2.3916209999999998,IND,TUR,8418
2992050,106,224,1636,2013,13150189.0,6025433.0,1.29988,0.240688,IRL,TUR,8418
2992051,107,224,1636,2013,189116.0,8144969.0,-0.339172,-0.237114,IRN,TUR,8418
2992052,108,224,1636,2013,0.0,107755319.0,-2.839079,-0.8705440000000001,IRQ,TUR,8418
2992053,109,224,1636,2013,184896.0,288021.0,0.259374,-0.20413299999999998,ISL,TUR,8418
2992054,110,224,1636,2013,162105.0,68825580.0,1.197241,0.633828,ISR,TUR,8418
2992055,111,224,1636,2013,73044938.0,96048880.0,1.289924,0.533436,ITA,TUR,8418
2992056,113,224,1636,2013,1598665.0,7567020.0,0.152659,0.5889979999999999,JOR,TUR,8418
2992057,114,224,1636,2013,3224163.0,465384.0,2.3993130000000003,-0.564768,JPN,TUR,8418
2992058,115,224,1636,2013,0.0,12083404.0,-0.680678,-0.83347,KAZ,TUR,8418
2992059,116,224,1636,2013,200928.0,1042976.0,-0.448112,0.8672719999999999,KEN,TUR,8418
2992060,117,224,1636,2013,3935.0,2860650.0,-0.1035,0.339914,KGZ,TUR,8418
2992061,118,224,1636,2013,0.0,18974.0,-1.054758,-0.872352,KHM,TUR,8418
2992062,121,224,1636,2013,30094006.0,84843.0,1.818383,0.75645,KOR,TUR,8418
2992063,122,224,1636,2013,0.0,3687255.0,-0.536384,-1.08382,KWT,TUR,8418
2992064,124,224,1636,2013,27214.0,7421696.0,0.283084,1.4289100000000001,LBN,TUR,8418
2992065,125,224,1636,2013,0.0,141529.0,-0.41869399999999996,-0.9538770000000001,LBR,TUR,8418
2992066,126,224,1636,2013,0.0,49045856.0,-1.6241459999999999,-1.1817950000000002,LBY,TUR,8418
2992067,128,224,1636,2013,0.0,1001337.0,-0.6521779999999999,0.41258599999999995,LKA,TUR,8418
2992068,130,224,1636,2013,23333.0,2012358.0,0.737796,1.215543,LTU,TUR,8418
2992069,131,224,1636,2013,49607.0,408924.0,1.170459,1.150327,LUX,TUR,8418
2992070,132,224,1636,2013,0.0,495851.0,0.6219439999999999,1.166749,LVA,TUR,8418
2992071,134,224,1636,2013,0.0,31763698.0,-0.6494260000000001,-0.035075999999999996,MAR,TUR,8418
2992072,135,224,1636,2013,0.0,1204598.0,-0.016235,0.132104,MDA,TUR,8418
2992073,136,224,1636,2013,0.0,36122.0,-1.068565,-0.364254,MDG,TUR,8418
2992074,137,224,1636,2013,0.0,6670.0,-0.21889699999999998,-0.776392,MDV,TUR,8418
2992075,138,224,1636,2013,7022788.0,402054.0,1.048507,0.718932,MEX,TUR,8418
2992076,140,224,1636,2013,0.0,5571470.0,-0.10859400000000001,0.155229,MKD,TUR,8418
2992077,141,224,1636,2013,0.0,424336.0,-1.183671,-1.069504,MLI,TUR,8418
2992078,142,224,1636,2013,24021.0,2082404.0,0.8519760000000001,-0.075869,MLT,TUR,8418
2992079,143,224,1636,2013,0.0,11619.0,-1.230787,-0.737375,MMR,TUR,8418
2992080,144,224,1636,2013,0.0,864900.0,-0.054454999999999996,-0.164875,MNE,TUR,8418
2992081,145,224,1636,2013,0.0,327582.0,-1.3270950000000001,-1.144547,MNG,TUR,8418
2992082,147,224,1636,2013,0.0,147833.0,-1.326323,-1.050969,MOZ,TUR,8418
2992083,148,224,1636,2013,0.0,292341.0,-1.950532,-1.283104,MRT,TUR,8418
2992084,151,224,1636,2013,0.0,261701.0,-0.158852,0.0061600000000000005,MUS,TUR,8418
2992085,152,224,1636,2013,0.0,8240.0,-0.8992120000000001,-0.862175,MWI,TUR,8418
2992086,153,224,1636,2013,649116.0,2756495.0,0.937641,0.747496,MYS,TUR,8418
2992087,154,224,1636,2013,0.0,31769.0,0.9851690000000001,-0.504069,MYT,TUR,8418
2992088,156,224,1636,2013,0.0,229034.0,-0.136052,-0.703913,NCL,TUR,8418
2992089,157,224,1636,2013,0.0,181650.0,-1.268738,-0.942256,NER,TUR,8418
2992090,159,224,1636,2013,0.0,432527.0,-1.745783,-1.1356680000000001,NGA,TUR,8418
2992091,160,224,1636,2013,0.0,8782.0,-0.9277,-0.6842630000000001,NIC,TUR,8418
2992092,162,224,1636,2013,6553469.0,27643101.0,1.184107,1.249557,NLD,TUR,8418
2992093,163,224,1636,2013,646178.0,12573726.0,0.892099,0.18168399999999998,NOR,TUR,8418
2992094,164,224,1636,2013,0.0,32060.0,-0.293669,0.677365,NPL,TUR,8418
2992095,166,224,1636,2013,118667.0,1824833.0,0.3345,0.39063000000000003,NZL,TUR,8418
2992096,167,224,1636,2013,0.0,797953.0,-0.604175,-1.0463209999999998,OMN,TUR,8418
2992097,168,224,1636,2013,0.0,731466.0,-0.75727,0.769703,PAK,TUR,8418
2992098,169,224,1636,2013,0.0,1167.0,0.735637,1.161718,PAN,TUR,8418
2992099,173,224,1636,2013,0.0,168098.0,-0.573852,0.357977,PER,TUR,8418
2992100,174,224,1636,2013,0.0,37852.0,0.507868,0.355403,PHL,TUR,8418
2992101,176,224,1636,2013,0.0,5289.0,-1.444244,-1.144231,PNG,TUR,8418
2992102,177,224,1636,2013,3219487.0,41778179.0,1.084332,1.216749,POL,TUR,8418
2992103,179,224,1636,2013,11412.0,11653405.0,0.541454,2.5228610000000002,PRT,TUR,8418
2992104,180,224,1636,2013,0.0,324461.0,-0.566239,-0.9273459999999999,PRY,TUR,8418
2992105,181,224,1636,2013,0.0,358353.0,0.072979,0.7099260000000001,PSE,TUR,8418
2992106,182,224,1636,2013,0.0,41664.0,-0.146044,-0.7055359999999999,PYF,TUR,8418
2992107,183,224,1636,2013,0.0,1430990.0,-0.083649,-1.013491,QAT,TUR,8418
2992108,185,224,1636,2013,58420975.0,30623493.0,0.792035,1.225034,ROU,TUR,8418
2992109,186,224,1636,2013,83283.0,41768262.0,0.481166,-0.180052,RUS,TUR,8418
2992110,187,224,1636,2013,0.0,58536.0,-0.490519,-0.48427700000000007,RWA,TUR,8418
2992111,188,224,1636,2013,0.0,10753886.0,0.626347,-0.844406,SAU,TUR,8418
2992112,190,224,1636,2013,0.0,754518.0,-1.254944,-1.073564,SDN,TUR,8418
2992113,191,224,1636,2013,0.0,1840431.0,-0.523662,-0.309101,SEN,TUR,8418
2992114,192,224,1636,2013,87329.0,1638768.0,1.915504,0.619576,SGP,TUR,8418
2992115,198,224,1636,2013,1719.0,0.0,1.108559,0.569782,SMR,TUR,8418
2992116,199,224,1636,2013,0.0,66817.0,-1.194368,-0.915163,SOM,TUR,8418
2992117,201,224,1636,2013,135014.0,11317088.0,0.5717720000000001,1.174901,SRB,TUR,8418
2992118,206,224,1636,2013,298705.0,4821272.0,1.32064,0.7519819999999999,SVK,TUR,8418
2992119,207,224,1636,2013,1731749.0,3985327.0,1.698374,0.563082,SVN,TUR,8418
2992120,208,224,1636,2013,2347474.0,50767667.0,1.869421,0.228109,SWE,TUR,8418
2992121,209,224,1636,2013,0.0,20369.0,0.109267,-0.275005,SWZ,TUR,8418
2992122,211,224,1636,2013,0.0,7625.0,0.270999,-0.474095,SYC,TUR,8418
2992123,212,224,1636,2013,0.0,386304.0,-0.14343399999999998,1.077256,SYR,TUR,8418
2992124,214,224,1636,2013,0.0,191194.0,-2.800677,-0.9466969999999999,TCD,TUR,8418
2992125,215,224,1636,2013,0.0,109318.0,-0.598413,-0.49295200000000006,TGO,TUR,8418
2992126,216,224,1636,2013,28493699.0,351534.0,0.8752139999999999,1.3798620000000001,THA,TUR,8418
2992127,217,224,1636,2013,0.0,775404.0,-1.2512889999999999,-1.16402,TJK,TUR,8418
2992128,219,224,1636,2013,0.0,16478469.0,-1.6186770000000001,-1.2210969999999999,TKM,TUR,8418
2992129,221,224,1636,2013,0.0,5261.0,0.183053,-0.345657,TON,TUR,8418
2992130,222,224,1636,2013,0.0,17009.0,-0.280641,-1.083332,TTO,TUR,8418
2992131,223,224,1636,2013,0.0,17971840.0,0.185528,1.0070700000000001,TUN,TUR,8418
2992132,226,224,1636,2013,0.0,320570.0,-0.9306770000000001,0.273489,TZA,TUR,8418
2992133,227,224,1636,2013,0.0,104743.0,-0.5462279999999999,0.200682,UGA,TUR,8418
2992134,228,224,1636,2013,271872.0,30192736.0,0.657729,0.9063200000000001,UKR,TUR,8418
2992135,230,224,1636,2013,0.0,329098.0,0.20190999999999998,-0.19777999999999998,URY,TUR,8418
2992136,231,224,1636,2013,20768870.0,64972287.0,1.6639689999999998,-0.48651300000000003,USA,TUR,8418
2992137,232,224,1636,2013,1616.0,7524128.0,-0.748212,-0.567268,UZB,TUR,8418
2992138,234,224,1636,2013,0.0,110110.0,0.193198,-0.23631799999999997,VCT,TUR,8418
2992139,236,224,1636,2013,0.0,139537.0,-0.778172,-1.107059,VEN,TUR,8418
2992140,237,224,1636,2013,0.0,17260.0,0.616863,-0.314222,VGB,TUR,8418
2992141,239,224,1636,2013,157157.0,357782.0,-0.11426900000000001,1.399738,VNM,TUR,8418
2992142,241,224,1636,2013,0.0,17346.0,1.4608299999999999,-0.567281,WLF,TUR,8418
2992143,243,224,1636,2013,386.0,2875636.0,-1.252605,-1.207324,YEM,TUR,8418
2992144,246,224,1636,2013,11551.0,10775251.0,0.380284,1.5682120000000002,ZAF,TUR,8418
2992145,247,224,1636,2013,0.0,69033.0,-0.382129,-0.5442229999999999,ZMB,TUR,8418
2992146,248,224,1636,2013,0.0,14743.0,-0.828702,-0.899175,ZWE,TUR,8418
2992147,249,224,1636,2013,408887.0,122259.0,1.843186,0.9432379999999999,TWN,TUR,8418
2992148,250,224,1636,2013,9670365.0,2817342.0,0.628555,0.277602,ANS,TUR,8418
2992149,7,228,1636,2013,13378.0,0.0,-0.074047,-0.585168,ARE,UKR,8418
2992150,9,228,1636,2013,0.0,158801.0,-0.076922,-0.5781390000000001,ARM,UKR,8418
2992151,14,228,1636,2013,0.0,3222.0,-0.31145700000000004,-0.167628,AUS,UKR,8418
2992152,15,228,1636,2013,2884514.0,1204.0,1.7209240000000001,-0.286892,AUT,UKR,8418
2992153,16,228,1636,2013,0.0,8277799.0,-0.9232870000000001,-1.165928,AZE,UKR,8418
2992154,18,228,1636,2013,5310186.0,48684.0,1.316207,0.972601,BEL,UKR,8418
2992155,22,228,1636,2013,0.0,628.0,-1.101916,-0.734646,BGD,UKR,8418
2992156,23,228,1636,2013,5090884.0,170051.0,0.5026109999999999,1.674296,BGR,UKR,8418
2992157,26,228,1636,2013,27305.0,33055.0,0.46743199999999996,0.7340800000000001,BIH,UKR,8418
2992158,28,228,1636,2013,53204479.0,3089369.0,1.036923,0.864568,BLR,UKR,8418
2992159,32,228,1636,2013,10061.0,549138.0,0.14765899999999998,0.399262,BRA,UKR,8418
2992160,39,228,1636,2013,33712.0,366082.0,0.719649,1.017046,CAN,UKR,8418
2992161,41,228,1636,2013,1175613.0,1800.0,2.2104470000000003,0.5403479999999999,CHE,UKR,8418
2992162,43,228,1636,2013,22245068.0,389525.0,1.113767,1.477496,CHN,UKR,8418
2992163,58,228,1636,2013,0.0,3369.0,0.502238,0.349608,CYP,UKR,8418
2992164,59,228,1636,2013,1524343.0,451923.0,1.819653,-0.12423800000000002,CZE,UKR,8418
2992165,61,228,1636,2013,20899202.0,1090804.0,2.093658,-3.4281980000000005,DEU,UKR,8418
2992166,64,228,1636,2013,4132933.0,6630.0,1.161835,1.1788450000000001,DNK,UKR,8418
2992167,68,228,1636,2013,0.0,1671.0,-0.17418,1.692641,EGY,UKR,8418
2992168,71,228,1636,2013,1345666.0,40426.0,0.861698,2.353993,ESP,UKR,8418
2992169,72,228,1636,2013,104314.0,1121.0,0.8828940000000001,1.386574,EST,UKR,8418
2992170,74,228,1636,2013,185398.0,22348.0,1.734552,0.8896940000000001,FIN,UKR,8418
2992171,77,228,1636,2013,1756577.0,8642570.0,1.520354,0.022874000000000002,FRA,UKR,8418
2992172,81,228,1636,2013,104169.0,0.0,1.7901259999999999,0.44164,GBR,UKR,8418
2992173,82,228,1636,2013,0.0,2331090.0,-0.160691,-0.393419,GEO,UKR,8418
2992174,89,228,1636,2013,0.0,16004.0,-1.521575,-0.814708,GNQ,UKR,8418
2992175,90,228,1636,2013,1773695.0,0.0,0.18823800000000002,0.910906,GRC,UKR,8418
2992176,100,228,1636,2013,24323.0,226048.0,0.898284,1.038807,HRV,UKR,8418
2992177,102,228,1636,2013,19716566.0,3553.0,1.506101,0.7279220000000001,HUN,UKR,8418
2992178,103,228,1636,2013,3881448.0,0.0,-0.216854,1.415728,IDN,UKR,8418
2992179,104,228,1636,2013,142517.0,10535.0,0.215356,2.3916209999999998,IND,UKR,8418
2992180,106,228,1636,2013,274349.0,0.0,1.29988,0.240688,IRL,UKR,8418
2992181,107,228,1636,2013,2079.0,69925.0,-0.339172,-0.237114,IRN,UKR,8418
2992182,110,228,1636,2013,159766.0,93235.0,1.197241,0.633828,ISR,UKR,8418
2992183,111,228,1636,2013,21459583.0,848360.0,1.289924,0.533436,ITA,UKR,8418
2992184,114,228,1636,2013,230394.0,0.0,2.3993130000000003,-0.564768,JPN,UKR,8418
2992185,115,228,1636,2013,0.0,20336252.0,-0.680678,-0.83347,KAZ,UKR,8418
2992186,117,228,1636,2013,0.0,2085409.0,-0.1035,0.339914,KGZ,UKR,8418
2992187,121,228,1636,2013,21987163.0,199388.0,1.818383,0.75645,KOR,UKR,8418
2992188,124,228,1636,2013,0.0,15804.0,0.283084,1.4289100000000001,LBN,UKR,8418
2992189,128,228,1636,2013,104610.0,0.0,-0.6521779999999999,0.41258599999999995,LKA,UKR,8418
2992190,130,228,1636,2013,21982099.0,113959.0,0.737796,1.215543,LTU,UKR,8418
2992191,131,228,1636,2013,2128.0,0.0,1.170459,1.150327,LUX,UKR,8418
2992192,132,228,1636,2013,7567.0,0.0,0.6219439999999999,1.166749,LVA,UKR,8418
2992193,135,228,1636,2013,17258.0,3899574.0,-0.016235,0.132104,MDA,UKR,8418
2992194,138,228,1636,2013,2406.0,312443.0,1.048507,0.718932,MEX,UKR,8418
2992195,144,228,1636,2013,0.0,30348.0,-0.054454999999999996,-0.164875,MNE,UKR,8418
2992196,145,228,1636,2013,0.0,438132.0,-1.3270950000000001,-1.144547,MNG,UKR,8418
2992197,153,228,1636,2013,292037.0,0.0,0.937641,0.747496,MYS,UKR,8418
2992198,156,228,1636,2013,0.0,205.0,-0.136052,-0.703913,NCL,UKR,8418
2992199,162,228,1636,2013,1404890.0,32877.0,1.184107,1.249557,NLD,UKR,8418
2992200,166,228,1636,2013,33813.0,9732.0,0.3345,0.39063000000000003,NZL,UKR,8418
2992201,173,228,1636,2013,0.0,36469.0,-0.573852,0.357977,PER,UKR,8418
2992202,177,228,1636,2013,70885320.0,581763.0,1.084332,1.216749,POL,UKR,8418
2992203,179,228,1636,2013,13418.0,0.0,0.541454,2.5228610000000002,PRT,UKR,8418
2992204,183,228,1636,2013,0.0,2871.0,-0.083649,-1.013491,QAT,UKR,8418
2992205,185,228,1636,2013,16596136.0,704291.0,0.792035,1.225034,ROU,UKR,8418
2992206,186,228,1636,2013,60990614.0,63570607.0,0.481166,-0.180052,RUS,UKR,8418
2992207,188,228,1636,2013,182965.0,0.0,0.626347,-0.844406,SAU,UKR,8418
2992208,190,228,1636,2013,0.0,49437.0,-1.254944,-1.073564,SDN,UKR,8418
2992209,192,228,1636,2013,57942.0,0.0,1.915504,0.619576,SGP,UKR,8418
2992210,201,228,1636,2013,3136829.0,105596.0,0.5717720000000001,1.174901,SRB,UKR,8418
2992211,206,228,1636,2013,422466.0,4659999.0,1.32064,0.7519819999999999,SVK,UKR,8418
2992212,207,228,1636,2013,5654112.0,1278.0,1.698374,0.563082,SVN,UKR,8418
2992213,208,228,1636,2013,210610.0,5334.0,1.869421,0.228109,SWE,UKR,8418
2992214,216,228,1636,2013,5795098.0,0.0,0.8752139999999999,1.3798620000000001,THA,UKR,8418
2992215,217,228,1636,2013,0.0,1437912.0,-1.2512889999999999,-1.16402,TJK,UKR,8418
2992216,224,228,1636,2013,30192736.0,271872.0,0.42932299999999995,2.690235,TUR,UKR,8418
2992217,231,228,1636,2013,775139.0,785604.0,1.6639689999999998,-0.48651300000000003,USA,UKR,8418
2992218,232,228,1636,2013,0.0,4564515.0,-0.748212,-0.567268,UZB,UKR,8418
2992219,237,228,1636,2013,0.0,24384.0,0.616863,-0.314222,VGB,UKR,8418
2992220,239,228,1636,2013,3423051.0,0.0,-0.11426900000000001,1.399738,VNM,UKR,8418
2992221,246,228,1636,2013,0.0,15349.0,0.380284,1.5682120000000002,ZAF,UKR,8418
2992222,249,228,1636,2013,76822.0,0.0,1.843186,0.9432379999999999,TWN,UKR,8418
2992223,7,230,1636,2013,0.0,2004.0,-0.074047,-0.585168,ARE,URY,8418
2992224,8,230,1636,2013,3243782.0,27111.0,0.20314300000000002,0.494062,ARG,URY,8418
2992225,14,230,1636,2013,4427.0,0.0,-0.31145700000000004,-0.167628,AUS,URY,8418
2992226,15,230,1636,2013,87535.0,0.0,1.7209240000000001,-0.286892,AUT,URY,8418
2992227,31,230,1636,2013,0.0,5962.0,-1.039614,-0.95663,BOL,URY,8418
2992228,32,230,1636,2013,10936013.0,0.0,0.14765899999999998,0.399262,BRA,URY,8418
2992229,42,230,1636,2013,3400565.0,1271.0,-0.260718,-0.38256100000000004,CHL,URY,8418
2992230,43,230,1636,2013,15515779.0,0.0,1.113767,1.477496,CHN,URY,8418
2992231,49,230,1636,2013,2113.0,0.0,0.121799,-0.388239,COL,URY,8418
2992232,59,230,1636,2013,4879.0,0.0,1.819653,-0.12423800000000002,CZE,URY,8418
2992233,61,230,1636,2013,163871.0,0.0,2.093658,-3.4281980000000005,DEU,URY,8418
2992234,64,230,1636,2013,100726.0,0.0,1.161835,1.1788450000000001,DNK,URY,8418
2992235,71,230,1636,2013,847489.0,0.0,0.861698,2.353993,ESP,URY,8418
2992236,77,230,1636,2013,165562.0,0.0,1.520354,0.022874000000000002,FRA,URY,8418
2992237,81,230,1636,2013,17870.0,0.0,1.7901259999999999,0.44164,GBR,URY,8418
2992238,90,230,1636,2013,45937.0,0.0,0.18823800000000002,0.910906,GRC,URY,8418
2992239,97,230,1636,2013,94601.0,0.0,0.744383,1.923139,HKG,URY,8418
2992240,102,230,1636,2013,12389.0,0.0,1.506101,0.7279220000000001,HUN,URY,8418
2992241,103,230,1636,2013,5130.0,0.0,-0.216854,1.415728,IDN,URY,8418
2992242,104,230,1636,2013,32603.0,0.0,0.215356,2.3916209999999998,IND,URY,8418
2992243,111,230,1636,2013,3567613.0,171319.0,1.289924,0.533436,ITA,URY,8418
2992244,114,230,1636,2013,242923.0,0.0,2.3993130000000003,-0.564768,JPN,URY,8418
2992245,121,230,1636,2013,501894.0,0.0,1.818383,0.75645,KOR,URY,8418
2992246,138,230,1636,2013,14978859.0,0.0,1.048507,0.718932,MEX,URY,8418
2992247,153,230,1636,2013,254499.0,0.0,0.937641,0.747496,MYS,URY,8418
2992248,162,230,1636,2013,16098.0,0.0,1.184107,1.249557,NLD,URY,8418
2992249,169,230,1636,2013,42414.0,0.0,0.735637,1.161718,PAN,URY,8418
2992250,177,230,1636,2013,80160.0,0.0,1.084332,1.216749,POL,URY,8418
2992251,178,230,1636,2013,57489.0,0.0,-0.414538,-0.22449299999999997,PRK,URY,8418
2992252,179,230,1636,2013,97079.0,0.0,0.541454,2.5228610000000002,PRT,URY,8418
2992253,180,230,1636,2013,3421.0,692131.0,-0.566239,-0.9273459999999999,PRY,URY,8418
2992254,206,230,1636,2013,10429.0,0.0,1.32064,0.7519819999999999,SVK,URY,8418
2992255,208,230,1636,2013,39891.0,0.0,1.869421,0.228109,SWE,URY,8418
2992256,216,230,1636,2013,894533.0,0.0,0.8752139999999999,1.3798620000000001,THA,URY,8418
2992257,224,230,1636,2013,329098.0,0.0,0.42932299999999995,2.690235,TUR,URY,8418
2992258,231,230,1636,2013,1616693.0,11881.0,1.6639689999999998,-0.48651300000000003,USA,URY,8418
2992259,249,230,1636,2013,103537.0,0.0,1.843186,0.9432379999999999,TWN,URY,8418
2992260,0,231,1636,2013,0.0,2353430.0,0.913235,-0.149061,ABW,USA,8418
2992261,1,231,1636,2013,0.0,561347.0,-0.985727,-0.7164550000000001,AFG,USA,8418
2992262,2,231,1636,2013,0.0,465367.0,-1.172043,-1.133735,AGO,USA,8418
2992263,3,231,1636,2013,0.0,650121.0,1.5827879999999999,0.127141,AIA,USA,8418
2992264,7,231,1636,2013,109305.0,39273204.0,-0.074047,-0.585168,ARE,USA,8418
2992265,8,231,1636,2013,163903.0,6587929.0,0.20314300000000002,0.494062,ARG,USA,8418
2992266,9,231,1636,2013,0.0,22056.0,-0.076922,-0.5781390000000001,ARM,USA,8418
2992267,13,231,1636,2013,10761.0,659823.0,0.096563,-0.60577,ATG,USA,8418
2992268,14,231,1636,2013,508199.0,68206369.0,-0.31145700000000004,-0.167628,AUS,USA,8418
2992269,15,231,1636,2013,27718013.0,1525668.0,1.7209240000000001,-0.286892,AUT,USA,8418
2992270,16,231,1636,2013,0.0,81148.0,-0.9232870000000001,-1.165928,AZE,USA,8418
2992271,18,231,1636,2013,4100575.0,15990597.0,1.316207,0.972601,BEL,USA,8418
2992272,19,231,1636,2013,0.0,989367.0,-0.919968,-0.90691,BEN,USA,8418
2992273,21,231,1636,2013,0.0,21703.0,-0.9110360000000001,-0.852492,BFA,USA,8418
2992274,22,231,1636,2013,0.0,2733910.0,-1.101916,-0.734646,BGD,USA,8418
2992275,23,231,1636,2013,0.0,163641.0,0.5026109999999999,1.674296,BGR,USA,8418
2992276,24,231,1636,2013,0.0,2132867.0,0.249681,-0.6204270000000001,BHR,USA,8418
2992277,25,231,1636,2013,1131984.0,8874705.0,0.756732,-0.369842,BHS,USA,8418
2992278,26,231,1636,2013,0.0,6074.0,0.46743199999999996,0.7340800000000001,BIH,USA,8418
2992279,28,231,1636,2013,0.0,31760.0,1.036923,0.864568,BLR,USA,8418
2992280,29,231,1636,2013,0.0,1097522.0,-0.35218299999999997,-0.508891,BLZ,USA,8418
2992281,30,231,1636,2013,1128.0,2707418.0,1.087677,-0.452984,BMU,USA,8418
2992282,31,231,1636,2013,0.0,1186365.0,-1.039614,-0.95663,BOL,USA,8418
2992283,32,231,1636,2013,10102946.0,103129716.0,0.14765899999999998,0.399262,BRA,USA,8418
2992284,33,231,1636,2013,2136.0,2996725.0,0.6969489999999999,0.135283,BRB,USA,8418
2992285,34,231,1636,2013,0.0,695577.0,-0.866827,-0.795995,BRN,USA,8418
2992286,37,231,1636,2013,0.0,3190.0,-0.46761499999999995,-1.0842040000000002,BWA,USA,8418
2992287,39,231,1636,2013,211561973.0,999855910.0,0.719649,1.017046,CAN,USA,8418
2992288,40,231,1636,2013,0.0,17864.0,1.458176,0.045868,CCK,USA,8418
2992289,41,231,1636,2013,2532571.0,3936860.0,2.2104470000000003,0.5403479999999999,CHE,USA,8418
2992290,42,231,1636,2013,2062119.0,17436114.0,-0.260718,-0.38256100000000004,CHL,USA,8418
2992291,43,231,1636,2013,1128892175.0,95932945.0,1.113767,1.477496,CHN,USA,8418
2992292,44,231,1636,2013,0.0,110204.0,-0.923558,-0.866642,CIV,USA,8418
2992293,45,231,1636,2013,0.0,75396.0,-0.901531,-1.027111,CMR,USA,8418
2992294,46,231,1636,2013,0.0,155368.0,-1.300125,-1.0708010000000001,COD,USA,8418
2992295,47,231,1636,2013,0.0,16352.0,-1.215681,-1.08679,COG,USA,8418
2992296,49,231,1636,2013,488618.0,29957828.0,0.121799,-0.388239,COL,USA,8418
2992297,51,231,1636,2013,0.0,4488.0,-0.75058,-0.8948219999999999,CPV,USA,8418
2992298,52,231,1636,2013,298356.0,16031902.0,0.067379,-0.688217,CRI,USA,8418
2992299,55,231,1636,2013,0.0,1794612.0,0.029981999999999998,-0.673439,CUW,USA,8418
2992300,57,231,1636,2013,0.0,2894792.0,0.391996,-0.73249,CYM,USA,8418
2992301,58,231,1636,2013,0.0,75080.0,0.502238,0.349608,CYP,USA,8418
2992302,59,231,1636,2013,2154814.0,3429331.0,1.819653,-0.12423800000000002,CZE,USA,8418
2992303,61,231,1636,2013,69330397.0,78996101.0,2.093658,-3.4281980000000005,DEU,USA,8418
2992304,62,231,1636,2013,0.0,635749.0,-0.412843,-0.695916,DJI,USA,8418
2992305,63,231,1636,2013,0.0,221090.0,0.054362,-0.156703,DMA,USA,8418
2992306,64,231,1636,2013,18277986.0,1913566.0,1.161835,1.1788450000000001,DNK,USA,8418
2992307,65,231,1636,2013,714437.0,19347553.0,-0.277269,0.432388,DOM,USA,8418
2992308,66,231,1636,2013,0.0,323905.0,-1.373947,-1.1523459999999999,DZA,USA,8418
2992309,67,231,1636,2013,2346.0,11882722.0,-0.86546,-0.8888389999999999,ECU,USA,8418
2992310,68,231,1636,2013,156911.0,6054844.0,-0.17418,1.692641,EGY,USA,8418
2992311,71,231,1636,2013,5027083.0,6952672.0,0.861698,2.353993,ESP,USA,8418
2992312,72,231,1636,2013,2063.0,141017.0,0.8828940000000001,1.386574,EST,USA,8418
2992313,73,231,1636,2013,1411.0,584079.0,-1.264002,-0.9594219999999999,ETH,USA,8418
2992314,74,231,1636,2013,751246.0,3039922.0,1.734552,0.8896940000000001,FIN,USA,8418
2992315,75,231,1636,2013,0.0,55173.0,-0.5203369999999999,-0.122405,FJI,USA,8418
2992316,76,231,1636,2013,0.0,8048.0,-1.254446,-0.868074,FLK,USA,8418
2992317,77,231,1636,2013,20745928.0,9842217.0,1.520354,0.022874000000000002,FRA,USA,8418
2992318,79,231,1636,2013,0.0,69166.0,-0.234314,-0.8260700000000001,FSM,USA,8418
2992319,80,231,1636,2013,0.0,180497.0,-1.6582830000000002,-1.155302,GAB,USA,8418
2992320,81,231,1636,2013,21158173.0,57950210.0,1.7901259999999999,0.44164,GBR,USA,8418
2992321,82,231,1636,2013,0.0,72546.0,-0.160691,-0.393419,GEO,USA,8418
2992322,83,231,1636,2013,0.0,369693.0,-0.7316010000000001,-0.5327689999999999,GHA,USA,8418
2992323,85,231,1636,2013,0.0,409629.0,-1.1287459999999998,-1.069735,GIN,USA,8418
2992324,87,231,1636,2013,0.0,14433.0,-0.5571550000000001,-0.6860310000000001,GMB,USA,8418
2992325,88,231,1636,2013,0.0,16382.0,-2.414729,-0.9398700000000001,GNB,USA,8418
2992326,89,231,1636,2013,0.0,276424.0,-1.521575,-0.814708,GNQ,USA,8418
2992327,90,231,1636,2013,71490.0,1560566.0,0.18823800000000002,0.910906,GRC,USA,8418
2992328,91,231,1636,2013,0.0,795247.0,0.073206,-0.567926,GRD,USA,8418
2992329,93,231,1636,2013,3352941.0,9888321.0,-0.41466499999999995,0.774788,GTM,USA,8418
2992330,96,231,1636,2013,0.0,1582884.0,-0.8555590000000001,-0.9744450000000001,GUY,USA,8418
2992331,97,231,1636,2013,4078551.0,18645755.0,0.744383,1.923139,HKG,USA,8418
2992332,99,231,1636,2013,0.0,8647378.0,-0.731431,-0.310927,HND,USA,8418
2992333,100,231,1636,2013,177842.0,66693.0,0.898284,1.038807,HRV,USA,8418
2992334,101,231,1636,2013,0.0,1854961.0,-1.095392,-0.957326,HTI,USA,8418
2992335,102,231,1636,2013,3769118.0,377478.0,1.506101,0.7279220000000001,HUN,USA,8418
2992336,103,231,1636,2013,16032630.0,10584894.0,-0.216854,1.415728,IDN,USA,8418
2992337,104,231,1636,2013,7644353.0,21235268.0,0.215356,2.3916209999999998,IND,USA,8418
2992338,105,231,1636,2013,0.0,90115.0,0.7192390000000001,-0.628595,IOT,USA,8418
2992339,106,231,1636,2013,1290040.0,4179668.0,1.29988,0.240688,IRL,USA,8418
2992340,108,231,1636,2013,0.0,3487840.0,-2.839079,-0.8705440000000001,IRQ,USA,8418
2992341,109,231,1636,2013,74095.0,542056.0,0.259374,-0.20413299999999998,ISL,USA,8418
2992342,110,231,1636,2013,1629983.0,9889331.0,1.197241,0.633828,ISR,USA,8418
2992343,111,231,1636,2013,67615165.0,12688881.0,1.289924,0.533436,ITA,USA,8418
2992344,112,231,1636,2013,24876.0,7536437.0,-0.541441,-0.8448559999999999,JAM,USA,8418
2992345,113,231,1636,2013,90698.0,3018592.0,0.152659,0.5889979999999999,JOR,USA,8418
2992346,114,231,1636,2013,63373758.0,41409096.0,2.3993130000000003,-0.564768,JPN,USA,8418
2992347,115,231,1636,2013,0.0,733644.0,-0.680678,-0.83347,KAZ,USA,8418
2992348,116,231,1636,2013,0.0,444454.0,-0.448112,0.8672719999999999,KEN,USA,8418
2992349,117,231,1636,2013,0.0,61571.0,-0.1035,0.339914,KGZ,USA,8418
2992350,118,231,1636,2013,22057.0,478743.0,-1.054758,-0.872352,KHM,USA,8418
2992351,119,231,1636,2013,0.0,4381.0,-0.258825,-0.781927,KIR,USA,8418
2992352,120,231,1636,2013,0.0,2499919.0,0.8500270000000001,-0.390234,KNA,USA,8418
2992353,121,231,1636,2013,1206590681.0,47547580.0,1.818383,0.75645,KOR,USA,8418
2992354,122,231,1636,2013,0.0,27585009.0,-0.536384,-1.08382,KWT,USA,8418
2992355,123,231,1636,2013,0.0,63769.0,-1.204446,-0.8571489999999999,LAO,USA,8418
2992356,124,231,1636,2013,8858.0,3402612.0,0.283084,1.4289100000000001,LBN,USA,8418
2992357,125,231,1636,2013,0.0,38972.0,-0.41869399999999996,-0.9538770000000001,LBR,USA,8418
2992358,126,231,1636,2013,0.0,783784.0,-1.6241459999999999,-1.1817950000000002,LBY,USA,8418
2992359,127,231,1636,2013,47777.0,1277069.0,0.265129,-0.5083949999999999,LCA,USA,8418
2992360,128,231,1636,2013,6365.0,574763.0,-0.6521779999999999,0.41258599999999995,LKA,USA,8418
2992361,130,231,1636,2013,3281.0,539726.0,0.737796,1.215543,LTU,USA,8418
2992362,131,231,1636,2013,853068.0,30998.0,1.170459,1.150327,LUX,USA,8418
2992363,132,231,1636,2013,20903.0,2758245.0,0.6219439999999999,1.166749,LVA,USA,8418
2992364,133,231,1636,2013,0.0,118686.0,0.252209,0.184401,MAC,USA,8418
2992365,134,231,1636,2013,0.0,485969.0,-0.6494260000000001,-0.035075999999999996,MAR,USA,8418
2992366,135,231,1636,2013,0.0,41517.0,-0.016235,0.132104,MDA,USA,8418
2992367,136,231,1636,2013,0.0,42752.0,-1.068565,-0.364254,MDG,USA,8418
2992368,137,231,1636,2013,0.0,73557.0,-0.21889699999999998,-0.776392,MDV,USA,8418
2992369,138,231,1636,2013,3499526064.0,454103027.0,1.048507,0.718932,MEX,USA,8418
2992370,139,231,1636,2013,0.0,38850.0,-0.980348,-0.8763219999999999,MHL,USA,8418
2992371,140,231,1636,2013,0.0,33437.0,-0.10859400000000001,0.155229,MKD,USA,8418
2992372,141,231,1636,2013,0.0,144951.0,-1.183671,-1.069504,MLI,USA,8418
2992373,142,231,1636,2013,0.0,20625.0,0.8519760000000001,-0.075869,MLT,USA,8418
2992374,143,231,1636,2013,0.0,114082.0,-1.230787,-0.737375,MMR,USA,8418
2992375,144,231,1636,2013,0.0,3948.0,-0.054454999999999996,-0.164875,MNE,USA,8418
2992376,145,231,1636,2013,0.0,326958.0,-1.3270950000000001,-1.144547,MNG,USA,8418
2992377,147,231,1636,2013,0.0,58252.0,-1.326323,-1.050969,MOZ,USA,8418
2992378,148,231,1636,2013,0.0,122933.0,-1.950532,-1.283104,MRT,USA,8418
2992379,149,231,1636,2013,0.0,55607.0,1.610652,0.079868,MSR,USA,8418
2992380,151,231,1636,2013,0.0,163218.0,-0.158852,0.0061600000000000005,MUS,USA,8418
2992381,152,231,1636,2013,0.0,45291.0,-0.8992120000000001,-0.862175,MWI,USA,8418
2992382,153,231,1636,2013,12080434.0,8975097.0,0.937641,0.747496,MYS,USA,8418
2992383,155,231,1636,2013,0.0,36965.0,-0.308643,-0.480617,NAM,USA,8418
2992384,156,231,1636,2013,0.0,319675.0,-0.136052,-0.703913,NCL,USA,8418
2992385,157,231,1636,2013,0.0,10428.0,-1.268738,-0.942256,NER,USA,8418
2992386,159,231,1636,2013,0.0,1865716.0,-1.745783,-1.1356680000000001,NGA,USA,8418
2992387,160,231,1636,2013,0.0,3651529.0,-0.9277,-0.6842630000000001,NIC,USA,8418
2992388,162,231,1636,2013,9020939.0,22235070.0,1.184107,1.249557,NLD,USA,8418
2992389,163,231,1636,2013,339289.0,1460654.0,0.892099,0.18168399999999998,NOR,USA,8418
2992390,164,231,1636,2013,0.0,30344.0,-0.293669,0.677365,NPL,USA,8418
2992391,166,231,1636,2013,921559.0,3682820.0,0.3345,0.39063000000000003,NZL,USA,8418
2992392,167,231,1636,2013,0.0,4431649.0,-0.604175,-1.0463209999999998,OMN,USA,8418
2992393,168,231,1636,2013,26025.0,1799901.0,-0.75727,0.769703,PAK,USA,8418
2992394,169,231,1636,2013,76716.0,26933933.0,0.735637,1.161718,PAN,USA,8418
2992395,173,231,1636,2013,10696.0,13438263.0,-0.573852,0.357977,PER,USA,8418
2992396,174,231,1636,2013,2455590.0,33003294.0,0.507868,0.355403,PHL,USA,8418
2992397,175,231,1636,2013,0.0,262708.0,0.232127,-0.716653,PLW,USA,8418
2992398,176,231,1636,2013,0.0,200587.0,-1.444244,-1.144231,PNG,USA,8418
2992399,177,231,1636,2013,2732822.0,5864126.0,1.084332,1.216749,POL,USA,8418
2992400,179,231,1636,2013,1052729.0,413020.0,0.541454,2.5228610000000002,PRT,USA,8418
2992401,180,231,1636,2013,0.0,655231.0,-0.566239,-0.9273459999999999,PRY,USA,8418
2992402,181,231,1636,2013,0.0,6472.0,0.072979,0.7099260000000001,PSE,USA,8418
2992403,182,231,1636,2013,0.0,842462.0,-0.146044,-0.7055359999999999,PYF,USA,8418
2992404,183,231,1636,2013,0.0,15530833.0,-0.083649,-1.013491,QAT,USA,8418
2992405,185,231,1636,2013,478008.0,325962.0,0.792035,1.225034,ROU,USA,8418
2992406,186,231,1636,2013,1374663.0,13150291.0,0.481166,-0.180052,RUS,USA,8418
2992407,187,231,1636,2013,0.0,46474.0,-0.490519,-0.48427700000000007,RWA,USA,8418
2992408,188,231,1636,2013,10305.0,205390714.0,0.626347,-0.844406,SAU,USA,8418
2992409,190,231,1636,2013,0.0,19320.0,-1.254944,-1.073564,SDN,USA,8418
2992410,191,231,1636,2013,0.0,102163.0,-0.523662,-0.309101,SEN,USA,8418
2992411,192,231,1636,2013,5501065.0,40954958.0,1.915504,0.619576,SGP,USA,8418
2992412,195,231,1636,2013,0.0,36462.0,-0.9350860000000001,-0.877676,SLB,USA,8418
2992413,196,231,1636,2013,0.0,99303.0,-0.132082,-0.552921,SLE,USA,8418
2992414,197,231,1636,2013,965581.0,5366465.0,-0.021029,0.381522,SLV,USA,8418
2992415,198,231,1636,2013,0.0,7964.0,1.108559,0.569782,SMR,USA,8418
2992416,201,231,1636,2013,1007400.0,88793.0,0.5717720000000001,1.174901,SRB,USA,8418
2992417,202,231,1636,2013,0.0,42102.0,-2.57,-0.8567969999999999,SSD,USA,8418
2992418,205,231,1636,2013,0.0,2505145.0,-0.417865,-0.7600399999999999,SUR,USA,8418
2992419,206,231,1636,2013,7359142.0,395532.0,1.32064,0.7519819999999999,SVK,USA,8418
2992420,207,231,1636,2013,14882851.0,251988.0,1.698374,0.563082,SVN,USA,8418
2992421,208,231,1636,2013,22765942.0,2933394.0,1.869421,0.228109,SWE,USA,8418
2992422,209,231,1636,2013,0.0,18493.0,0.109267,-0.275005,SWZ,USA,8418
2992423,210,231,1636,2013,0.0,1980099.0,0.5512090000000001,-0.22818400000000003,SXM,USA,8418
2992424,211,231,1636,2013,0.0,12532.0,0.270999,-0.474095,SYC,USA,8418
2992425,213,231,1636,2013,0.0,1002486.0,0.41053199999999995,-0.007201999999999999,TCA,USA,8418
2992426,214,231,1636,2013,0.0,17951.0,-2.800677,-0.9466969999999999,TCD,USA,8418
2992427,215,231,1636,2013,0.0,91763.0,-0.598413,-0.49295200000000006,TGO,USA,8418
2992428,216,231,1636,2013,21154937.0,21047615.0,0.8752139999999999,1.3798620000000001,THA,USA,8418
2992429,217,231,1636,2013,0.0,3563.0,-1.2512889999999999,-1.16402,TJK,USA,8418
2992430,220,231,1636,2013,0.0,3214.0,-0.376633,-0.73677,TLS,USA,8418
2992431,221,231,1636,2013,0.0,60434.0,0.183053,-0.345657,TON,USA,8418
2992432,222,231,1636,2013,5681.0,10402296.0,-0.280641,-1.083332,TTO,USA,8418
2992433,223,231,1636,2013,0.0,110808.0,0.185528,1.0070700000000001,TUN,USA,8418
2992434,224,231,1636,2013,64972287.0,20768870.0,0.42932299999999995,2.690235,TUR,USA,8418
2992435,226,231,1636,2013,0.0,213499.0,-0.9306770000000001,0.273489,TZA,USA,8418
2992436,227,231,1636,2013,0.0,80368.0,-0.5462279999999999,0.200682,UGA,USA,8418
2992437,228,231,1636,2013,785604.0,775139.0,0.657729,0.9063200000000001,UKR,USA,8418
2992438,230,231,1636,2013,11881.0,1616693.0,0.20190999999999998,-0.19777999999999998,URY,USA,8418
2992439,234,231,1636,2013,4660.0,1101274.0,0.193198,-0.23631799999999997,VCT,USA,8418
2992440,236,231,1636,2013,20880.0,27551346.0,-0.778172,-1.107059,VEN,USA,8418
2992441,237,231,1636,2013,0.0,1188188.0,0.616863,-0.314222,VGB,USA,8418
2992442,239,231,1636,2013,14295498.0,9073975.0,-0.11426900000000001,1.399738,VNM,USA,8418
2992443,240,231,1636,2013,0.0,646812.0,-0.6548689999999999,-0.811184,VUT,USA,8418
2992444,242,231,1636,2013,0.0,25263.0,0.824724,0.056441,WSM,USA,8418
2992445,243,231,1636,2013,0.0,126871.0,-1.252605,-1.207324,YEM,USA,8418
2992446,246,231,1636,2013,1152479.0,10105858.0,0.380284,1.5682120000000002,ZAF,USA,8418
2992447,247,231,1636,2013,0.0,99008.0,-0.382129,-0.5442229999999999,ZMB,USA,8418
2992448,249,231,1636,2013,10392149.0,44273695.0,1.843186,0.9432379999999999,TWN,USA,8418
2992449,13,234,1636,2013,0.0,3200.0,0.096563,-0.60577,ATG,VCT,8418
2992450,39,234,1636,2013,17348.0,0.0,0.719649,1.017046,CAN,VCT,8418
2992451,43,234,1636,2013,91847.0,0.0,1.113767,1.477496,CHN,VCT,8418
2992452,55,234,1636,2013,3744.0,0.0,0.029981999999999998,-0.673439,CUW,VCT,8418
2992453,61,234,1636,2013,6016.0,0.0,2.093658,-3.4281980000000005,DEU,VCT,8418
2992454,64,234,1636,2013,4958.0,0.0,1.161835,1.1788450000000001,DNK,VCT,8418
2992455,71,234,1636,2013,13174.0,0.0,0.861698,2.353993,ESP,VCT,8418
2992456,81,234,1636,2013,41435.0,0.0,1.7901259999999999,0.44164,GBR,VCT,8418
2992457,104,234,1636,2013,5283.0,0.0,0.215356,2.3916209999999998,IND,VCT,8418
2992458,111,234,1636,2013,428211.0,0.0,1.289924,0.533436,ITA,VCT,8418
2992459,121,234,1636,2013,34452.0,0.0,1.818383,0.75645,KOR,VCT,8418
2992460,127,234,1636,2013,0.0,12606.0,0.265129,-0.5083949999999999,LCA,VCT,8418
2992461,138,234,1636,2013,457098.0,0.0,1.048507,0.718932,MEX,VCT,8418
2992462,169,234,1636,2013,10225.0,0.0,0.735637,1.161718,PAN,VCT,8418
2992463,190,234,1636,2013,0.0,7117.0,-1.254944,-1.073564,SDN,VCT,8418
2992464,222,234,1636,2013,2832.0,0.0,-0.280641,-1.083332,TTO,VCT,8418
2992465,224,234,1636,2013,110110.0,0.0,0.42932299999999995,2.690235,TUR,VCT,8418
2992466,231,234,1636,2013,1101274.0,4660.0,1.6639689999999998,-0.48651300000000003,USA,VCT,8418
2992467,237,234,1636,2013,1173.0,0.0,0.616863,-0.314222,VGB,VCT,8418
2992468,0,236,1636,2013,1529.0,19211.0,0.913235,-0.149061,ABW,VEN,8418
2992469,8,236,1636,2013,7855642.0,0.0,0.20314300000000002,0.494062,ARG,VEN,8418
2992470,15,236,1636,2013,514124.0,0.0,1.7209240000000001,-0.286892,AUT,VEN,8418
2992471,18,236,1636,2013,176522.0,0.0,1.316207,0.972601,BEL,VEN,8418
2992472,32,236,1636,2013,8385145.0,0.0,0.14765899999999998,0.399262,BRA,VEN,8418
2992473,39,236,1636,2013,224746.0,0.0,0.719649,1.017046,CAN,VEN,8418
2992474,41,236,1636,2013,269465.0,0.0,2.2104470000000003,0.5403479999999999,CHE,VEN,8418
2992475,42,236,1636,2013,8276637.0,1779.0,-0.260718,-0.38256100000000004,CHL,VEN,8418
2992476,43,236,1636,2013,47669380.0,0.0,1.113767,1.477496,CHN,VEN,8418
2992477,49,236,1636,2013,48157097.0,11717.0,0.121799,-0.388239,COL,VEN,8418
2992478,55,236,1636,2013,242134.0,18570.0,0.029981999999999998,-0.673439,CUW,VEN,8418
2992479,61,236,1636,2013,586053.0,0.0,2.093658,-3.4281980000000005,DEU,VEN,8418
2992480,64,236,1636,2013,54212.0,0.0,1.161835,1.1788450000000001,DNK,VEN,8418
2992481,65,236,1636,2013,93998.0,3146.0,-0.277269,0.432388,DOM,VEN,8418
2992482,67,236,1636,2013,9919145.0,0.0,-0.86546,-0.8888389999999999,ECU,VEN,8418
2992483,71,236,1636,2013,2093370.0,39274.0,0.861698,2.353993,ESP,VEN,8418
2992484,77,236,1636,2013,315403.0,0.0,1.520354,0.022874000000000002,FRA,VEN,8418
2992485,81,236,1636,2013,151890.0,0.0,1.7901259999999999,0.44164,GBR,VEN,8418
2992486,93,236,1636,2013,1802279.0,0.0,-0.41466499999999995,0.774788,GTM,VEN,8418
2992487,96,236,1636,2013,0.0,1570.0,-0.8555590000000001,-0.9744450000000001,GUY,VEN,8418
2992488,97,236,1636,2013,39355.0,0.0,0.744383,1.923139,HKG,VEN,8418
2992489,102,236,1636,2013,7044.0,0.0,1.506101,0.7279220000000001,HUN,VEN,8418
2992490,103,236,1636,2013,75691.0,0.0,-0.216854,1.415728,IDN,VEN,8418
2992491,104,236,1636,2013,7270688.0,0.0,0.215356,2.3916209999999998,IND,VEN,8418
2992492,111,236,1636,2013,4516919.0,0.0,1.289924,0.533436,ITA,VEN,8418
2992493,114,236,1636,2013,23156.0,0.0,2.3993130000000003,-0.564768,JPN,VEN,8418
2992494,121,236,1636,2013,3770467.0,0.0,1.818383,0.75645,KOR,VEN,8418
2992495,124,236,1636,2013,10702.0,0.0,0.283084,1.4289100000000001,LBN,VEN,8418
2992496,131,236,1636,2013,807.0,0.0,1.170459,1.150327,LUX,VEN,8418
2992497,138,236,1636,2013,32454818.0,0.0,1.048507,0.718932,MEX,VEN,8418
2992498,153,236,1636,2013,164962.0,0.0,0.937641,0.747496,MYS,VEN,8418
2992499,160,236,1636,2013,0.0,12451.0,-0.9277,-0.6842630000000001,NIC,VEN,8418
2992500,162,236,1636,2013,543300.0,0.0,1.184107,1.249557,NLD,VEN,8418
2992501,169,236,1636,2013,12305219.0,464437.0,0.735637,1.161718,PAN,VEN,8418
2992502,173,236,1636,2013,2511.0,0.0,-0.573852,0.357977,PER,VEN,8418
2992503,177,236,1636,2013,26016.0,0.0,1.084332,1.216749,POL,VEN,8418
2992504,179,236,1636,2013,7651137.0,0.0,0.541454,2.5228610000000002,PRT,VEN,8418
2992505,192,236,1636,2013,17065.0,0.0,1.915504,0.619576,SGP,VEN,8418
2992506,208,236,1636,2013,152426.0,0.0,1.869421,0.228109,SWE,VEN,8418
2992507,216,236,1636,2013,11271910.0,0.0,0.8752139999999999,1.3798620000000001,THA,VEN,8418
2992508,224,236,1636,2013,139537.0,0.0,0.42932299999999995,2.690235,TUR,VEN,8418
2992509,231,236,1636,2013,27551346.0,20880.0,1.6639689999999998,-0.48651300000000003,USA,VEN,8418
2992510,246,236,1636,2013,0.0,1810.0,0.380284,1.5682120000000002,ZAF,VEN,8418
2992511,249,236,1636,2013,124207.0,105.0,1.843186,0.9432379999999999,TWN,VEN,8418
2992512,7,243,1636,2013,3652614.0,0.0,-0.074047,-0.585168,ARE,YEM,8418
2992513,8,243,1636,2013,7045.0,0.0,0.20314300000000002,0.494062,ARG,YEM,8418
2992514,18,243,1636,2013,72546.0,0.0,1.316207,0.972601,BEL,YEM,8418
2992515,32,243,1636,2013,34587.0,0.0,0.14765899999999998,0.399262,BRA,YEM,8418
2992516,43,243,1636,2013,25822021.0,0.0,1.113767,1.477496,CHN,YEM,8418
2992517,59,243,1636,2013,2108.0,0.0,1.819653,-0.12423800000000002,CZE,YEM,8418
2992518,61,243,1636,2013,1067840.0,0.0,2.093658,-3.4281980000000005,DEU,YEM,8418
2992519,64,243,1636,2013,265804.0,0.0,1.161835,1.1788450000000001,DNK,YEM,8418
2992520,68,243,1636,2013,2049039.0,0.0,-0.17418,1.692641,EGY,YEM,8418
2992521,71,243,1636,2013,29269.0,0.0,0.861698,2.353993,ESP,YEM,8418
2992522,77,243,1636,2013,69839.0,0.0,1.520354,0.022874000000000002,FRA,YEM,8418
2992523,81,243,1636,2013,148549.0,0.0,1.7901259999999999,0.44164,GBR,YEM,8418
2992524,90,243,1636,2013,129530.0,0.0,0.18823800000000002,0.910906,GRC,YEM,8418
2992525,102,243,1636,2013,4030.0,0.0,1.506101,0.7279220000000001,HUN,YEM,8418
2992526,103,243,1636,2013,2322450.0,0.0,-0.216854,1.415728,IDN,YEM,8418
2992527,104,243,1636,2013,5833467.0,0.0,0.215356,2.3916209999999998,IND,YEM,8418
2992528,111,243,1636,2013,1373658.0,0.0,1.289924,0.533436,ITA,YEM,8418
2992529,113,243,1636,2013,119185.0,0.0,0.152659,0.5889979999999999,JOR,YEM,8418
2992530,114,243,1636,2013,13006.0,0.0,2.3993130000000003,-0.564768,JPN,YEM,8418
2992531,121,243,1636,2013,2462855.0,0.0,1.818383,0.75645,KOR,YEM,8418
2992532,124,243,1636,2013,716897.0,0.0,0.283084,1.4289100000000001,LBN,YEM,8418
2992533,128,243,1636,2013,1279519.0,0.0,-0.6521779999999999,0.41258599999999995,LKA,YEM,8418
2992534,131,243,1636,2013,1590.0,0.0,1.170459,1.150327,LUX,YEM,8418
2992535,138,243,1636,2013,225189.0,0.0,1.048507,0.718932,MEX,YEM,8418
2992536,153,243,1636,2013,80640.0,0.0,0.937641,0.747496,MYS,YEM,8418
2992537,162,243,1636,2013,24217.0,0.0,1.184107,1.249557,NLD,YEM,8418
2992538,167,243,1636,2013,81499.0,0.0,-0.604175,-1.0463209999999998,OMN,YEM,8418
2992539,168,243,1636,2013,335317.0,0.0,-0.75727,0.769703,PAK,YEM,8418
2992540,179,243,1636,2013,34595.0,0.0,0.541454,2.5228610000000002,PRT,YEM,8418
2992541,186,243,1636,2013,9150.0,0.0,0.481166,-0.180052,RUS,YEM,8418
2992542,188,243,1636,2013,825034.0,0.0,0.626347,-0.844406,SAU,YEM,8418
2992543,190,243,1636,2013,0.0,675.0,-1.254944,-1.073564,SDN,YEM,8418
2992544,208,243,1636,2013,31396.0,0.0,1.869421,0.228109,SWE,YEM,8418
2992545,216,243,1636,2013,5189352.0,0.0,0.8752139999999999,1.3798620000000001,THA,YEM,8418
2992546,224,243,1636,2013,2875636.0,386.0,0.42932299999999995,2.690235,TUR,YEM,8418
2992547,231,243,1636,2013,126871.0,0.0,1.6639689999999998,-0.48651300000000003,USA,YEM,8418
2992548,239,243,1636,2013,107698.0,0.0,-0.11426900000000001,1.399738,VNM,YEM,8418
2992549,246,243,1636,2013,518421.0,0.0,0.380284,1.5682120000000002,ZAF,YEM,8418
2992550,249,243,1636,2013,97350.0,0.0,1.843186,0.9432379999999999,TWN,YEM,8418
2992551,250,243,1636,2013,1332985.0,7276.0,0.628555,0.277602,ANS,YEM,8418
2992552,1,246,1636,2013,0.0,27616.0,-0.985727,-0.7164550000000001,AFG,ZAF,8418
2992553,2,246,1636,2013,9508.0,2812136.0,-1.172043,-1.133735,AGO,ZAF,8418
2992554,7,246,1636,2013,1902405.0,487521.0,-0.074047,-0.585168,ARE,ZAF,8418
2992555,8,246,1636,2013,1845951.0,0.0,0.20314300000000002,0.494062,ARG,ZAF,8418
2992556,14,246,1636,2013,104587.0,1173377.0,-0.31145700000000004,-0.167628,AUS,ZAF,8418
2992557,15,246,1636,2013,4617890.0,5311.0,1.7209240000000001,-0.286892,AUT,ZAF,8418
2992558,17,246,1636,2013,0.0,6358.0,-0.824903,-0.906436,BDI,ZAF,8418
2992559,18,246,1636,2013,761602.0,247419.0,1.316207,0.972601,BEL,ZAF,8418
2992560,21,246,1636,2013,0.0,154009.0,-0.9110360000000001,-0.852492,BFA,ZAF,8418
2992561,24,246,1636,2013,0.0,188626.0,0.249681,-0.6204270000000001,BHR,ZAF,8418
2992562,32,246,1636,2013,1361105.0,3958.0,0.14765899999999998,0.399262,BRA,ZAF,8418
2992563,37,246,1636,2013,136419.0,20410065.0,-0.46761499999999995,-1.0842040000000002,BWA,ZAF,8418
2992564,39,246,1636,2013,920848.0,2295.0,0.719649,1.017046,CAN,ZAF,8418
2992565,41,246,1636,2013,129232.0,3362.0,2.2104470000000003,0.5403479999999999,CHE,ZAF,8418
2992566,42,246,1636,2013,0.0,14238.0,-0.260718,-0.38256100000000004,CHL,ZAF,8418
2992567,43,246,1636,2013,110295578.0,130631.0,1.113767,1.477496,CHN,ZAF,8418
2992568,44,246,1636,2013,0.0,119628.0,-0.923558,-0.866642,CIV,ZAF,8418
2992569,45,246,1636,2013,0.0,31656.0,-0.901531,-1.027111,CMR,ZAF,8418
2992570,46,246,1636,2013,0.0,3152505.0,-1.300125,-1.0708010000000001,COD,ZAF,8418
2992571,47,246,1636,2013,0.0,135201.0,-1.215681,-1.08679,COG,ZAF,8418
2992572,50,246,1636,2013,0.0,15983.0,-0.326422,-0.6956640000000001,COM,ZAF,8418
2992573,59,246,1636,2013,1090327.0,0.0,1.819653,-0.12423800000000002,CZE,ZAF,8418
2992574,61,246,1636,2013,16642435.0,506916.0,2.093658,-3.4281980000000005,DEU,ZAF,8418
2992575,62,246,1636,2013,0.0,39880.0,-0.412843,-0.695916,DJI,ZAF,8418
2992576,64,246,1636,2013,2134172.0,313934.0,1.161835,1.1788450000000001,DNK,ZAF,8418
2992577,66,246,1636,2013,0.0,21933.0,-1.373947,-1.1523459999999999,DZA,ZAF,8418
2992578,68,246,1636,2013,2751.0,8691.0,-0.17418,1.692641,EGY,ZAF,8418
2992579,69,246,1636,2013,0.0,11709.0,-1.227273,-0.9367340000000001,ERI,ZAF,8418
2992580,71,246,1636,2013,5083160.0,57687.0,0.861698,2.353993,ESP,ZAF,8418
2992581,73,246,1636,2013,0.0,294782.0,-1.264002,-0.9594219999999999,ETH,ZAF,8418
2992582,74,246,1636,2013,1519.0,180071.0,1.734552,0.8896940000000001,FIN,ZAF,8418
2992583,77,246,1636,2013,10952875.0,224652.0,1.520354,0.022874000000000002,FRA,ZAF,8418
2992584,80,246,1636,2013,0.0,28951.0,-1.6582830000000002,-1.155302,GAB,ZAF,8418
2992585,81,246,1636,2013,2080586.0,683992.0,1.7901259999999999,0.44164,GBR,ZAF,8418
2992586,83,246,1636,2013,0.0,769325.0,-0.7316010000000001,-0.5327689999999999,GHA,ZAF,8418
2992587,85,246,1636,2013,0.0,90064.0,-1.1287459999999998,-1.069735,GIN,ZAF,8418
2992588,87,246,1636,2013,0.0,17055.0,-0.5571550000000001,-0.6860310000000001,GMB,ZAF,8418
2992589,89,246,1636,2013,0.0,2916.0,-1.521575,-0.814708,GNQ,ZAF,8418
2992590,90,246,1636,2013,332841.0,4095.0,0.18823800000000002,0.910906,GRC,ZAF,8418
2992591,93,246,1636,2013,882822.0,0.0,-0.41466499999999995,0.774788,GTM,ZAF,8418
2992592,97,246,1636,2013,1033385.0,9196.0,0.744383,1.923139,HKG,ZAF,8418
2992593,102,246,1636,2013,577766.0,0.0,1.506101,0.7279220000000001,HUN,ZAF,8418
2992594,103,246,1636,2013,1058395.0,0.0,-0.216854,1.415728,IDN,ZAF,8418
2992595,104,246,1636,2013,1416278.0,10889.0,0.215356,2.3916209999999998,IND,ZAF,8418
2992596,106,246,1636,2013,12376849.0,7081.0,1.29988,0.240688,IRL,ZAF,8418
2992597,107,246,1636,2013,0.0,7372.0,-0.339172,-0.237114,IRN,ZAF,8418
2992598,110,246,1636,2013,95246.0,8483.0,1.197241,0.633828,ISR,ZAF,8418
2992599,111,246,1636,2013,22873706.0,25954.0,1.289924,0.533436,ITA,ZAF,8418
2992600,113,246,1636,2013,247769.0,0.0,0.152659,0.5889979999999999,JOR,ZAF,8418
2992601,114,246,1636,2013,1242045.0,0.0,2.3993130000000003,-0.564768,JPN,ZAF,8418
2992602,116,246,1636,2013,0.0,1345448.0,-0.448112,0.8672719999999999,KEN,ZAF,8418
2992603,121,246,1636,2013,17026510.0,13831.0,1.818383,0.75645,KOR,ZAF,8418
2992604,122,246,1636,2013,0.0,67958.0,-0.536384,-1.08382,KWT,ZAF,8418
2992605,124,246,1636,2013,913.0,11448.0,0.283084,1.4289100000000001,LBN,ZAF,8418
2992606,125,246,1636,2013,0.0,25921.0,-0.41869399999999996,-0.9538770000000001,LBR,ZAF,8418
2992607,129,246,1636,2013,28778.0,5763642.0,-0.7396689999999999,-0.696625,LSO,ZAF,8418
2992608,131,246,1636,2013,267687.0,0.0,1.170459,1.150327,LUX,ZAF,8418
2992609,134,246,1636,2013,4008.0,81143.0,-0.6494260000000001,-0.035075999999999996,MAR,ZAF,8418
2992610,136,246,1636,2013,0.0,73861.0,-1.068565,-0.364254,MDG,ZAF,8418
2992611,137,246,1636,2013,0.0,12720.0,-0.21889699999999998,-0.776392,MDV,ZAF,8418
2992612,138,246,1636,2013,432832.0,0.0,1.048507,0.718932,MEX,ZAF,8418
2992613,141,246,1636,2013,0.0,41700.0,-1.183671,-1.069504,MLI,ZAF,8418
2992614,142,246,1636,2013,6475.0,0.0,0.8519760000000001,-0.075869,MLT,ZAF,8418
2992615,147,246,1636,2013,16197.0,14633245.0,-1.326323,-1.050969,MOZ,ZAF,8418
2992616,148,246,1636,2013,0.0,1143.0,-1.950532,-1.283104,MRT,ZAF,8418
2992617,151,246,1636,2013,0.0,402226.0,-0.158852,0.0061600000000000005,MUS,ZAF,8418
2992618,152,246,1636,2013,5285.0,3083048.0,-0.8992120000000001,-0.862175,MWI,ZAF,8418
2992619,153,246,1636,2013,1144761.0,20288.0,0.937641,0.747496,MYS,ZAF,8418
2992620,155,246,1636,2013,115750.0,28579733.0,-0.308643,-0.480617,NAM,ZAF,8418
2992621,159,246,1636,2013,2667.0,1916681.0,-1.745783,-1.1356680000000001,NGA,ZAF,8418
2992622,160,246,1636,2013,0.0,2143.0,-0.9277,-0.6842630000000001,NIC,ZAF,8418
2992623,162,246,1636,2013,3678366.0,138993.0,1.184107,1.249557,NLD,ZAF,8418
2992624,163,246,1636,2013,4445.0,1876.0,0.892099,0.18168399999999998,NOR,ZAF,8418
2992625,166,246,1636,2013,0.0,263677.0,0.3345,0.39063000000000003,NZL,ZAF,8418
2992626,167,246,1636,2013,0.0,6362.0,-0.604175,-1.0463209999999998,OMN,ZAF,8418
2992627,173,246,1636,2013,2314.0,0.0,-0.573852,0.357977,PER,ZAF,8418
2992628,177,246,1636,2013,14557456.0,10623.0,1.084332,1.216749,POL,ZAF,8418
2992629,179,246,1636,2013,1881363.0,0.0,0.541454,2.5228610000000002,PRT,ZAF,8418
2992630,183,246,1636,2013,130469.0,1699.0,-0.083649,-1.013491,QAT,ZAF,8418
2992631,185,246,1636,2013,16374143.0,25765.0,0.792035,1.225034,ROU,ZAF,8418
2992632,186,246,1636,2013,0.0,713286.0,0.481166,-0.180052,RUS,ZAF,8418
2992633,187,246,1636,2013,0.0,57060.0,-0.490519,-0.48427700000000007,RWA,ZAF,8418
2992634,188,246,1636,2013,0.0,2088153.0,0.626347,-0.844406,SAU,ZAF,8418
2992635,190,246,1636,2013,0.0,77856.0,-1.254944,-1.073564,SDN,ZAF,8418
2992636,191,246,1636,2013,0.0,111310.0,-0.523662,-0.309101,SEN,ZAF,8418
2992637,192,246,1636,2013,271270.0,143940.0,1.915504,0.619576,SGP,ZAF,8418
2992638,194,246,1636,2013,0.0,40212.0,1.221748,-0.206857,SHN,ZAF,8418
2992639,196,246,1636,2013,0.0,76621.0,-0.132082,-0.552921,SLE,ZAF,8418
2992640,198,246,1636,2013,2447.0,0.0,1.108559,0.569782,SMR,ZAF,8418
2992641,201,246,1636,2013,22474.0,0.0,0.5717720000000001,1.174901,SRB,ZAF,8418
2992642,203,246,1636,2013,0.0,1489.0,0.8999219999999999,-0.101662,STP,ZAF,8418
2992643,206,246,1636,2013,266686.0,0.0,1.32064,0.7519819999999999,SVK,ZAF,8418
2992644,207,246,1636,2013,10193.0,0.0,1.698374,0.563082,SVN,ZAF,8418
2992645,208,246,1636,2013,1266311.0,346452.0,1.869421,0.228109,SWE,ZAF,8418
2992646,209,246,1636,2013,7827932.0,8398175.0,0.109267,-0.275005,SWZ,ZAF,8418
2992647,211,246,1636,2013,0.0,266275.0,0.270999,-0.474095,SYC,ZAF,8418
2992648,215,246,1636,2013,0.0,13882.0,-0.598413,-0.49295200000000006,TGO,ZAF,8418
2992649,216,246,1636,2013,5352660.0,2468.0,0.8752139999999999,1.3798620000000001,THA,ZAF,8418
2992650,218,246,1636,2013,15056.0,0.0,0.39178,0.035406,TKL,ZAF,8418
2992651,222,246,1636,2013,4414.0,0.0,-0.280641,-1.083332,TTO,ZAF,8418
2992652,224,246,1636,2013,10775251.0,11551.0,0.42932299999999995,2.690235,TUR,ZAF,8418
2992653,226,246,1636,2013,487.0,1440694.0,-0.9306770000000001,0.273489,TZA,ZAF,8418
2992654,227,246,1636,2013,0.0,639773.0,-0.5462279999999999,0.200682,UGA,ZAF,8418
2992655,228,246,1636,2013,15349.0,0.0,0.657729,0.9063200000000001,UKR,ZAF,8418
2992656,231,246,1636,2013,10105858.0,1152479.0,1.6639689999999998,-0.48651300000000003,USA,ZAF,8418
2992657,236,246,1636,2013,1810.0,0.0,-0.778172,-1.107059,VEN,ZAF,8418
2992658,239,246,1636,2013,1703.0,0.0,-0.11426900000000001,1.399738,VNM,ZAF,8418
2992659,243,246,1636,2013,0.0,518421.0,-1.252605,-1.207324,YEM,ZAF,8418
2992660,247,246,1636,2013,5332.0,32485040.0,-0.382129,-0.5442229999999999,ZMB,ZAF,8418
2992661,248,246,1636,2013,10298.0,17291066.0,-0.828702,-0.899175,ZWE,ZAF,8418
2992662,249,246,1636,2013,924939.0,0.0,1.843186,0.9432379999999999,TWN,ZAF,8418
2992663,250,246,1636,2013,380725.0,29133.0,0.628555,0.277602,ANS,ZAF,8418
2992664,0,249,1636,2013,0.0,22062.0,0.913235,-0.149061,ABW,TWN,8418
2992665,2,249,1636,2013,0.0,143571.0,-1.172043,-1.133735,AGO,TWN,8418
2992666,7,249,1636,2013,3708.0,1405097.0,-0.074047,-0.585168,ARE,TWN,8418
2992667,8,249,1636,2013,0.0,163330.0,0.20314300000000002,0.494062,ARG,TWN,8418
2992668,9,249,1636,2013,0.0,6111.0,-0.076922,-0.5781390000000001,ARM,TWN,8418
2992669,10,249,1636,2013,0.0,26597.0,0.686489,-0.251618,ASM,TWN,8418
2992670,11,249,1636,2013,0.0,49321.0,0.542668,-0.645867,ATA,TWN,8418
2992671,14,249,1636,2013,26351.0,4217986.0,-0.31145700000000004,-0.167628,AUS,TWN,8418
2992672,15,249,1636,2013,302315.0,644005.0,1.7209240000000001,-0.286892,AUT,TWN,8418
2992673,16,249,1636,2013,0.0,4664.0,-0.9232870000000001,-1.165928,AZE,TWN,8418
2992674,18,249,1636,2013,489400.0,219322.0,1.316207,0.972601,BEL,TWN,8418
2992675,21,249,1636,2013,0.0,30292.0,-0.9110360000000001,-0.852492,BFA,TWN,8418
2992676,22,249,1636,2013,7015.0,98180.0,-1.101916,-0.734646,BGD,TWN,8418
2992677,23,249,1636,2013,0.0,39350.0,0.5026109999999999,1.674296,BGR,TWN,8418
2992678,24,249,1636,2013,4529.0,166476.0,0.249681,-0.6204270000000001,BHR,TWN,8418
2992679,26,249,1636,2013,0.0,281.0,0.46743199999999996,0.7340800000000001,BIH,TWN,8418
2992680,28,249,1636,2013,0.0,13144.0,1.036923,0.864568,BLR,TWN,8418
2992681,29,249,1636,2013,0.0,22825.0,-0.35218299999999997,-0.508891,BLZ,TWN,8418
2992682,31,249,1636,2013,0.0,5945.0,-1.039614,-0.95663,BOL,TWN,8418
2992683,32,249,1636,2013,189037.0,1521588.0,0.14765899999999998,0.399262,BRA,TWN,8418
2992684,33,249,1636,2013,0.0,3620.0,0.6969489999999999,0.135283,BRB,TWN,8418
2992685,34,249,1636,2013,0.0,93765.0,-0.866827,-0.795995,BRN,TWN,8418
2992686,39,249,1636,2013,10082.0,1096371.0,0.719649,1.017046,CAN,TWN,8418
2992687,41,249,1636,2013,209635.0,226270.0,2.2104470000000003,0.5403479999999999,CHE,TWN,8418
2992688,42,249,1636,2013,0.0,202900.0,-0.260718,-0.38256100000000004,CHL,TWN,8418
2992689,43,249,1636,2013,64209663.0,10726733.0,1.113767,1.477496,CHN,TWN,8418
2992690,44,249,1636,2013,0.0,22533.0,-0.923558,-0.866642,CIV,TWN,8418
2992691,45,249,1636,2013,0.0,5598.0,-0.901531,-1.027111,CMR,TWN,8418
2992692,46,249,1636,2013,0.0,60347.0,-1.300125,-1.0708010000000001,COD,TWN,8418
2992693,47,249,1636,2013,0.0,2998.0,-1.215681,-1.08679,COG,TWN,8418
2992694,48,249,1636,2013,0.0,16071.0,0.483939,-0.42226400000000003,COK,TWN,8418
2992695,49,249,1636,2013,0.0,5504629.0,0.121799,-0.388239,COL,TWN,8418
2992696,52,249,1636,2013,0.0,1175496.0,0.067379,-0.688217,CRI,TWN,8418
2992697,55,249,1636,2013,0.0,111143.0,0.029981999999999998,-0.673439,CUW,TWN,8418
2992698,58,249,1636,2013,0.0,33035.0,0.502238,0.349608,CYP,TWN,8418
2992699,59,249,1636,2013,25006.0,318847.0,1.819653,-0.12423800000000002,CZE,TWN,8418
2992700,61,249,1636,2013,5032943.0,3794147.0,2.093658,-3.4281980000000005,DEU,TWN,8418
2992701,62,249,1636,2013,0.0,161735.0,-0.412843,-0.695916,DJI,TWN,8418
2992702,64,249,1636,2013,1050405.0,7222.0,1.161835,1.1788450000000001,DNK,TWN,8418
2992703,65,249,1636,2013,0.0,189442.0,-0.277269,0.432388,DOM,TWN,8418
2992704,66,249,1636,2013,0.0,74846.0,-1.373947,-1.1523459999999999,DZA,TWN,8418
2992705,67,249,1636,2013,0.0,948490.0,-0.86546,-0.8888389999999999,ECU,TWN,8418
2992706,68,249,1636,2013,0.0,129805.0,-0.17418,1.692641,EGY,TWN,8418
2992707,71,249,1636,2013,95949.0,255422.0,0.861698,2.353993,ESP,TWN,8418
2992708,72,249,1636,2013,0.0,11403.0,0.8828940000000001,1.386574,EST,TWN,8418
2992709,73,249,1636,2013,0.0,4643.0,-1.264002,-0.9594219999999999,ETH,TWN,8418
2992710,74,249,1636,2013,7942.0,35852.0,1.734552,0.8896940000000001,FIN,TWN,8418
2992711,75,249,1636,2013,0.0,104845.0,-0.5203369999999999,-0.122405,FJI,TWN,8418
2992712,77,249,1636,2013,1402830.0,330042.0,1.520354,0.022874000000000002,FRA,TWN,8418
2992713,79,249,1636,2013,0.0,16189.0,-0.234314,-0.8260700000000001,FSM,TWN,8418
2992714,80,249,1636,2013,0.0,39974.0,-1.6582830000000002,-1.155302,GAB,TWN,8418
2992715,81,249,1636,2013,609175.0,2818535.0,1.7901259999999999,0.44164,GBR,TWN,8418
2992716,83,249,1636,2013,0.0,15850.0,-0.7316010000000001,-0.5327689999999999,GHA,TWN,8418
2992717,90,249,1636,2013,0.0,53879.0,0.18823800000000002,0.910906,GRC,TWN,8418
2992718,93,249,1636,2013,0.0,367614.0,-0.41466499999999995,0.774788,GTM,TWN,8418
2992719,95,249,1636,2013,0.0,181471.0,0.483541,0.281968,GUM,TWN,8418
2992720,97,249,1636,2013,422579.0,7344137.0,0.744383,1.923139,HKG,TWN,8418
2992721,99,249,1636,2013,0.0,218455.0,-0.731431,-0.310927,HND,TWN,8418
2992722,100,249,1636,2013,0.0,35732.0,0.898284,1.038807,HRV,TWN,8418
2992723,102,249,1636,2013,0.0,2174.0,1.506101,0.7279220000000001,HUN,TWN,8418
2992724,103,249,1636,2013,11518655.0,5369847.0,-0.216854,1.415728,IDN,TWN,8418
2992725,104,249,1636,2013,4080.0,1392433.0,0.215356,2.3916209999999998,IND,TWN,8418
2992726,106,249,1636,2013,481562.0,139312.0,1.29988,0.240688,IRL,TWN,8418
2992727,107,249,1636,2013,0.0,1272251.0,-0.339172,-0.237114,IRN,TWN,8418
2992728,108,249,1636,2013,0.0,7059.0,-2.839079,-0.8705440000000001,IRQ,TWN,8418
2992729,110,249,1636,2013,161050.0,1108407.0,1.197241,0.633828,ISR,TWN,8418
2992730,111,249,1636,2013,3017578.0,353392.0,1.289924,0.533436,ITA,TWN,8418
2992731,112,249,1636,2013,0.0,66557.0,-0.541441,-0.8448559999999999,JAM,TWN,8418
2992732,113,249,1636,2013,0.0,49733.0,0.152659,0.5889979999999999,JOR,TWN,8418
2992733,114,249,1636,2013,85728177.0,7893507.0,2.3993130000000003,-0.564768,JPN,TWN,8418
2992734,115,249,1636,2013,0.0,141219.0,-0.680678,-0.83347,KAZ,TWN,8418
2992735,116,249,1636,2013,0.0,113591.0,-0.448112,0.8672719999999999,KEN,TWN,8418
2992736,117,249,1636,2013,0.0,5937.0,-0.1035,0.339914,KGZ,TWN,8418
2992737,118,249,1636,2013,0.0,57530.0,-1.054758,-0.872352,KHM,TWN,8418
2992738,121,249,1636,2013,18819707.0,1839915.0,1.818383,0.75645,KOR,TWN,8418
2992739,122,249,1636,2013,0.0,572706.0,-0.536384,-1.08382,KWT,TWN,8418
2992740,123,249,1636,2013,0.0,1440.0,-1.204446,-0.8571489999999999,LAO,TWN,8418
2992741,124,249,1636,2013,0.0,235468.0,0.283084,1.4289100000000001,LBN,TWN,8418
2992742,126,249,1636,2013,0.0,7830.0,-1.6241459999999999,-1.1817950000000002,LBY,TWN,8418
2992743,128,249,1636,2013,0.0,248689.0,-0.6521779999999999,0.41258599999999995,LKA,TWN,8418
2992744,129,249,1636,2013,0.0,4348.0,-0.7396689999999999,-0.696625,LSO,TWN,8418
2992745,130,249,1636,2013,0.0,187621.0,0.737796,1.215543,LTU,TWN,8418
2992746,131,249,1636,2013,0.0,4962.0,1.170459,1.150327,LUX,TWN,8418
2992747,132,249,1636,2013,0.0,33292.0,0.6219439999999999,1.166749,LVA,TWN,8418
2992748,133,249,1636,2013,0.0,57337.0,0.252209,0.184401,MAC,TWN,8418
2992749,134,249,1636,2013,0.0,12620.0,-0.6494260000000001,-0.035075999999999996,MAR,TWN,8418
2992750,135,249,1636,2013,0.0,59869.0,-0.016235,0.132104,MDA,TWN,8418
2992751,137,249,1636,2013,0.0,5894.0,-0.21889699999999998,-0.776392,MDV,TWN,8418
2992752,138,249,1636,2013,4952036.0,449233.0,1.048507,0.718932,MEX,TWN,8418
2992753,139,249,1636,2013,0.0,166732.0,-0.980348,-0.8763219999999999,MHL,TWN,8418
2992754,140,249,1636,2013,0.0,398.0,-0.10859400000000001,0.155229,MKD,TWN,8418
2992755,142,249,1636,2013,0.0,7103.0,0.8519760000000001,-0.075869,MLT,TWN,8418
2992756,143,249,1636,2013,0.0,203544.0,-1.230787,-0.737375,MMR,TWN,8418
2992757,145,249,1636,2013,0.0,52832.0,-1.3270950000000001,-1.144547,MNG,TWN,8418
2992758,146,249,1636,2013,0.0,31257.0,0.596753,-0.118522,MNP,TWN,8418
2992759,147,249,1636,2013,0.0,29021.0,-1.326323,-1.050969,MOZ,TWN,8418
2992760,148,249,1636,2013,0.0,12031.0,-1.950532,-1.283104,MRT,TWN,8418
2992761,151,249,1636,2013,0.0,174412.0,-0.158852,0.0061600000000000005,MUS,TWN,8418
2992762,152,249,1636,2013,0.0,6575.0,-0.8992120000000001,-0.862175,MWI,TWN,8418
2992763,153,249,1636,2013,2190903.0,2411172.0,0.937641,0.747496,MYS,TWN,8418
2992764,156,249,1636,2013,0.0,17584.0,-0.136052,-0.703913,NCL,TWN,8418
2992765,159,249,1636,2013,0.0,407335.0,-1.745783,-1.1356680000000001,NGA,TWN,8418
2992766,160,249,1636,2013,0.0,19700.0,-0.9277,-0.6842630000000001,NIC,TWN,8418
2992767,162,249,1636,2013,284896.0,2529837.0,1.184107,1.249557,NLD,TWN,8418
2992768,163,249,1636,2013,0.0,17991.0,0.892099,0.18168399999999998,NOR,TWN,8418
2992769,166,249,1636,2013,3091.0,530552.0,0.3345,0.39063000000000003,NZL,TWN,8418
2992770,167,249,1636,2013,0.0,191265.0,-0.604175,-1.0463209999999998,OMN,TWN,8418
2992771,168,249,1636,2013,0.0,188842.0,-0.75727,0.769703,PAK,TWN,8418
2992772,169,249,1636,2013,0.0,4830616.0,0.735637,1.161718,PAN,TWN,8418
2992773,173,249,1636,2013,0.0,430367.0,-0.573852,0.357977,PER,TWN,8418
2992774,174,249,1636,2013,43516.0,15991620.0,0.507868,0.355403,PHL,TWN,8418
2992775,175,249,1636,2013,0.0,103990.0,0.232127,-0.716653,PLW,TWN,8418
2992776,176,249,1636,2013,0.0,259820.0,-1.444244,-1.144231,PNG,TWN,8418
2992777,177,249,1636,2013,4372.0,423496.0,1.084332,1.216749,POL,TWN,8418
2992778,179,249,1636,2013,5560.0,47627.0,0.541454,2.5228610000000002,PRT,TWN,8418
2992779,180,249,1636,2013,0.0,68196.0,-0.566239,-0.9273459999999999,PRY,TWN,8418
2992780,182,249,1636,2013,0.0,41369.0,-0.146044,-0.7055359999999999,PYF,TWN,8418
2992781,183,249,1636,2013,0.0,402080.0,-0.083649,-1.013491,QAT,TWN,8418
2992782,185,249,1636,2013,0.0,58433.0,0.792035,1.225034,ROU,TWN,8418
2992783,186,249,1636,2013,124878.0,6535974.0,0.481166,-0.180052,RUS,TWN,8418
2992784,188,249,1636,2013,0.0,1039789.0,0.626347,-0.844406,SAU,TWN,8418
2992785,190,249,1636,2013,0.0,64791.0,-1.254944,-1.073564,SDN,TWN,8418
2992786,191,249,1636,2013,0.0,38138.0,-0.523662,-0.309101,SEN,TWN,8418
2992787,192,249,1636,2013,1503928.0,6140437.0,1.915504,0.619576,SGP,TWN,8418
2992788,195,249,1636,2013,0.0,4882.0,-0.9350860000000001,-0.877676,SLB,TWN,8418
2992789,197,249,1636,2013,0.0,353032.0,-0.021029,0.381522,SLV,TWN,8418
2992790,201,249,1636,2013,0.0,1135.0,0.5717720000000001,1.174901,SRB,TWN,8418
2992791,205,249,1636,2013,0.0,12881.0,-0.417865,-0.7600399999999999,SUR,TWN,8418
2992792,206,249,1636,2013,0.0,48523.0,1.32064,0.7519819999999999,SVK,TWN,8418
2992793,207,249,1636,2013,29868.0,96783.0,1.698374,0.563082,SVN,TWN,8418
2992794,208,249,1636,2013,465459.0,134686.0,1.869421,0.228109,SWE,TWN,8418
2992795,215,249,1636,2013,0.0,1158.0,-0.598413,-0.49295200000000006,TGO,TWN,8418
2992796,216,249,1636,2013,18552175.0,4426078.0,0.8752139999999999,1.3798620000000001,THA,TWN,8418
2992797,221,249,1636,2013,0.0,7492.0,0.183053,-0.345657,TON,TWN,8418
2992798,222,249,1636,2013,0.0,91873.0,-0.280641,-1.083332,TTO,TWN,8418
2992799,223,249,1636,2013,0.0,7448.0,0.185528,1.0070700000000001,TUN,TWN,8418
2992800,224,249,1636,2013,122259.0,408887.0,0.42932299999999995,2.690235,TUR,TWN,8418
2992801,226,249,1636,2013,0.0,117585.0,-0.9306770000000001,0.273489,TZA,TWN,8418
2992802,227,249,1636,2013,0.0,11811.0,-0.5462279999999999,0.200682,UGA,TWN,8418
2992803,228,249,1636,2013,0.0,76822.0,0.657729,0.9063200000000001,UKR,TWN,8418
2992804,230,249,1636,2013,0.0,103537.0,0.20190999999999998,-0.19777999999999998,URY,TWN,8418
2992805,231,249,1636,2013,44273695.0,10392149.0,1.6639689999999998,-0.48651300000000003,USA,TWN,8418
2992806,236,249,1636,2013,105.0,124207.0,-0.778172,-1.107059,VEN,TWN,8418
2992807,239,249,1636,2013,8932305.0,5528645.0,-0.11426900000000001,1.399738,VNM,TWN,8418
2992808,242,249,1636,2013,48921.0,6831.0,0.824724,0.056441,WSM,TWN,8418
2992809,243,249,1636,2013,0.0,97350.0,-1.252605,-1.207324,YEM,TWN,8418
2992810,246,249,1636,2013,0.0,924939.0,0.380284,1.5682120000000002,ZAF,TWN,8418
2992811,247,249,1636,2013,0.0,126858.0,-0.382129,-0.5442229999999999,ZMB,TWN,8418
2992812,250,249,1636,2013,28389.0,0.0,0.628555,0.277602,ANS,TWN,8418
2992813,0,250,1636,2013,0.0,295504.0,0.913235,-0.149061,ABW,ANS,8418
2992814,7,250,1636,2013,2123207.0,80686.0,-0.074047,-0.585168,ARE,ANS,8418
2992815,14,250,1636,2013,44477.0,17840770.0,-0.31145700000000004,-0.167628,AUS,ANS,8418
2992816,18,250,1636,2013,149391.0,1168.0,1.316207,0.972601,BEL,ANS,8418
2992817,19,250,1636,2013,0.0,3533.0,-0.919968,-0.90691,BEN,ANS,8418
2992818,23,250,1636,2013,6066.0,0.0,0.5026109999999999,1.674296,BGR,ANS,8418
2992819,24,250,1636,2013,0.0,31463.0,0.249681,-0.6204270000000001,BHR,ANS,8418
2992820,25,250,1636,2013,0.0,1530.0,0.756732,-0.369842,BHS,ANS,8418
2992821,32,250,1636,2013,0.0,54076.0,0.14765899999999998,0.399262,BRA,ANS,8418
2992822,42,250,1636,2013,460636.0,413570.0,-0.260718,-0.38256100000000004,CHL,ANS,8418
2992823,43,250,1636,2013,37875.0,9119.0,1.113767,1.477496,CHN,ANS,8418
2992824,44,250,1636,2013,1095.0,0.0,-0.923558,-0.866642,CIV,ANS,8418
2992825,47,250,1636,2013,0.0,93166.0,-1.215681,-1.08679,COG,ANS,8418
2992826,49,250,1636,2013,0.0,154996.0,0.121799,-0.388239,COL,ANS,8418
2992827,51,250,1636,2013,0.0,130652.0,-0.75058,-0.8948219999999999,CPV,ANS,8418
2992828,59,250,1636,2013,0.0,226614.0,1.819653,-0.12423800000000002,CZE,ANS,8418
2992829,61,250,1636,2013,149736.0,0.0,2.093658,-3.4281980000000005,DEU,ANS,8418
2992830,64,250,1636,2013,44730.0,0.0,1.161835,1.1788450000000001,DNK,ANS,8418
2992831,65,250,1636,2013,22970.0,1709.0,-0.277269,0.432388,DOM,ANS,8418
2992832,67,250,1636,2013,1466.0,0.0,-0.86546,-0.8888389999999999,ECU,ANS,8418
2992833,71,250,1636,2013,73790.0,261902.0,0.861698,2.353993,ESP,ANS,8418
2992834,72,250,1636,2013,4968.0,1946200.0,0.8828940000000001,1.386574,EST,ANS,8418
2992835,73,250,1636,2013,0.0,11434043.0,-1.264002,-0.9594219999999999,ETH,ANS,8418
2992836,74,250,1636,2013,0.0,1510.0,1.734552,0.8896940000000001,FIN,ANS,8418
2992837,77,250,1636,2013,9203.0,1661545.0,1.520354,0.022874000000000002,FRA,ANS,8418
2992838,90,250,1636,2013,35268.0,12673.0,0.18823800000000002,0.910906,GRC,ANS,8418
2992839,92,250,1636,2013,0.0,2692.0,-0.801617,-0.8734120000000001,GRL,ANS,8418
2992840,97,250,1636,2013,12244.0,0.0,0.744383,1.923139,HKG,ANS,8418
2992841,100,250,1636,2013,1032.0,31167.0,0.898284,1.038807,HRV,ANS,8418
2992842,104,250,1636,2013,0.0,5432.0,0.215356,2.3916209999999998,IND,ANS,8418
2992843,106,250,1636,2013,2134558.0,511978.0,1.29988,0.240688,IRL,ANS,8418
2992844,107,250,1636,2013,0.0,2529645.0,-0.339172,-0.237114,IRN,ANS,8418
2992845,110,250,1636,2013,0.0,54407.0,1.197241,0.633828,ISR,ANS,8418
2992846,111,250,1636,2013,132989.0,0.0,1.289924,0.533436,ITA,ANS,8418
2992847,113,250,1636,2013,1903208.0,334542.0,0.152659,0.5889979999999999,JOR,ANS,8418
2992848,122,250,1636,2013,0.0,9764.0,-0.536384,-1.08382,KWT,ANS,8418
2992849,124,250,1636,2013,53868.0,25585.0,0.283084,1.4289100000000001,LBN,ANS,8418
2992850,127,250,1636,2013,0.0,2235.0,0.265129,-0.5083949999999999,LCA,ANS,8418
2992851,128,250,1636,2013,0.0,1408.0,-0.6521779999999999,0.41258599999999995,LKA,ANS,8418
2992852,131,250,1636,2013,599570.0,521754.0,1.170459,1.150327,LUX,ANS,8418
2992853,136,250,1636,2013,36855.0,610911.0,-1.068565,-0.364254,MDG,ANS,8418
2992854,138,250,1636,2013,353040.0,12089.0,1.048507,0.718932,MEX,ANS,8418
2992855,142,250,1636,2013,0.0,11938.0,0.8519760000000001,-0.075869,MLT,ANS,8418
2992856,144,250,1636,2013,507496.0,43929.0,-0.054454999999999996,-0.164875,MNE,ANS,8418
2992857,153,250,1636,2013,54876.0,0.0,0.937641,0.747496,MYS,ANS,8418
2992858,156,250,1636,2013,0.0,7739.0,-0.136052,-0.703913,NCL,ANS,8418
2992859,157,250,1636,2013,0.0,91791.0,-1.268738,-0.942256,NER,ANS,8418
2992860,162,250,1636,2013,1606594.0,248952.0,1.184107,1.249557,NLD,ANS,8418
2992861,168,250,1636,2013,0.0,2943683.0,-0.75727,0.769703,PAK,ANS,8418
2992862,169,250,1636,2013,16038725.0,429766.0,0.735637,1.161718,PAN,ANS,8418
2992863,173,250,1636,2013,7095.0,0.0,-0.573852,0.357977,PER,ANS,8418
2992864,177,250,1636,2013,60952.0,118648.0,1.084332,1.216749,POL,ANS,8418
2992865,179,250,1636,2013,3076.0,0.0,0.541454,2.5228610000000002,PRT,ANS,8418
2992866,185,250,1636,2013,0.0,14623.0,0.792035,1.225034,ROU,ANS,8418
2992867,188,250,1636,2013,0.0,561527.0,0.626347,-0.844406,SAU,ANS,8418
2992868,192,250,1636,2013,11780.0,0.0,1.915504,0.619576,SGP,ANS,8418
2992869,206,250,1636,2013,0.0,15771014.0,1.32064,0.7519819999999999,SVK,ANS,8418
2992870,207,250,1636,2013,0.0,186011.0,1.698374,0.563082,SVN,ANS,8418
2992871,216,250,1636,2013,169207.0,0.0,0.8752139999999999,1.3798620000000001,THA,ANS,8418
2992872,222,250,1636,2013,4676.0,0.0,-0.280641,-1.083332,TTO,ANS,8418
2992873,223,250,1636,2013,853315.0,97178.0,0.185528,1.0070700000000001,TUN,ANS,8418
2992874,224,250,1636,2013,2817342.0,9670365.0,0.42932299999999995,2.690235,TUR,ANS,8418
2992875,239,250,1636,2013,341209.0,1329050.0,-0.11426900000000001,1.399738,VNM,ANS,8418
2992876,243,250,1636,2013,7276.0,1332985.0,-1.252605,-1.207324,YEM,ANS,8418
2992877,246,250,1636,2013,29133.0,380725.0,0.380284,1.5682120000000002,ZAF,ANS,8418
2992878,249,250,1636,2013,0.0,28389.0,1.843186,0.9432379999999999,TWN,ANS,8418
2992879,7,9,1636,2013,637251.0,16290.0,-0.074047,-0.585168,ARE,ARM,8418
2992880,15,9,1636,2013,75820.0,0.0,1.7209240000000001,-0.286892,AUT,ARM,8418
2992881,18,9,1636,2013,103538.0,0.0,1.316207,0.972601,BEL,ARM,8418
2992882,23,9,1636,2013,518874.0,0.0,0.5026109999999999,1.674296,BGR,ARM,8418
2992883,28,9,1636,2013,281522.0,0.0,1.036923,0.864568,BLR,ARM,8418
2992884,41,9,1636,2013,1790.0,0.0,2.2104470000000003,0.5403479999999999,CHE,ARM,8418
2992885,43,9,1636,2013,2401547.0,0.0,1.113767,1.477496,CHN,ARM,8418
2992886,59,9,1636,2013,92831.0,0.0,1.819653,-0.12423800000000002,CZE,ARM,8418
2992887,61,9,1636,2013,463385.0,0.0,2.093658,-3.4281980000000005,DEU,ARM,8418
2992888,64,9,1636,2013,13998.0,0.0,1.161835,1.1788450000000001,DNK,ARM,8418
2992889,71,9,1636,2013,88499.0,0.0,0.861698,2.353993,ESP,ARM,8418
2992890,74,9,1636,2013,2051.0,0.0,1.734552,0.8896940000000001,FIN,ARM,8418
2992891,77,9,1636,2013,331202.0,0.0,1.520354,0.022874000000000002,FRA,ARM,8418
2992892,81,9,1636,2013,6717.0,0.0,1.7901259999999999,0.44164,GBR,ARM,8418
2992893,82,9,1636,2013,784451.0,12505.0,-0.160691,-0.393419,GEO,ARM,8418
2992894,102,9,1636,2013,121457.0,0.0,1.506101,0.7279220000000001,HUN,ARM,8418
2992895,104,9,1636,2013,354466.0,0.0,0.215356,2.3916209999999998,IND,ARM,8418
2992896,106,9,1636,2013,922.0,0.0,1.29988,0.240688,IRL,ARM,8418
2992897,107,9,1636,2013,361471.0,0.0,-0.339172,-0.237114,IRN,ARM,8418
2992898,111,9,1636,2013,2247313.0,0.0,1.289924,0.533436,ITA,ARM,8418
2992899,114,9,1636,2013,784.0,0.0,2.3993130000000003,-0.564768,JPN,ARM,8418
2992900,121,9,1636,2013,1799619.0,0.0,1.818383,0.75645,KOR,ARM,8418
2992901,130,9,1636,2013,116805.0,0.0,0.737796,1.215543,LTU,ARM,8418
2992902,131,9,1636,2013,3023.0,0.0,1.170459,1.150327,LUX,ARM,8418
2992903,138,9,1636,2013,726.0,0.0,1.048507,0.718932,MEX,ARM,8418
2992904,153,9,1636,2013,279.0,0.0,0.937641,0.747496,MYS,ARM,8418
2992905,162,9,1636,2013,25215.0,0.0,1.184107,1.249557,NLD,ARM,8418
2992906,177,9,1636,2013,1004641.0,0.0,1.084332,1.216749,POL,ARM,8418
2992907,185,9,1636,2013,125636.0,0.0,0.792035,1.225034,ROU,ARM,8418
2992908,186,9,1636,2013,950462.0,16666.0,0.481166,-0.180052,RUS,ARM,8418
2992909,201,9,1636,2013,55036.0,0.0,0.5717720000000001,1.174901,SRB,ARM,8418
2992910,207,9,1636,2013,163438.0,0.0,1.698374,0.563082,SVN,ARM,8418
2992911,208,9,1636,2013,1151.0,0.0,1.869421,0.228109,SWE,ARM,8418
2992912,216,9,1636,2013,1250617.0,0.0,0.8752139999999999,1.3798620000000001,THA,ARM,8418
2992913,219,9,1636,2013,0.0,21054.0,-1.6186770000000001,-1.2210969999999999,TKM,ARM,8418
2992914,224,9,1636,2013,14982.0,0.0,0.42932299999999995,2.690235,TUR,ARM,8418
2992915,228,9,1636,2013,158801.0,0.0,0.657729,0.9063200000000001,UKR,ARM,8418
2992916,231,9,1636,2013,22056.0,0.0,1.6639689999999998,-0.48651300000000003,USA,ARM,8418
2992917,239,9,1636,2013,299.0,0.0,-0.11426900000000001,1.399738,VNM,ARM,8418
2992918,249,9,1636,2013,6111.0,0.0,1.843186,0.9432379999999999,TWN,ARM,8418
2992919,2,14,1636,2013,0.0,4290.0,-1.172043,-1.133735,AGO,AUS,8418
2992920,7,14,1636,2013,88212.0,172537.0,-0.074047,-0.585168,ARE,AUS,8418
2992921,8,14,1636,2013,1768.0,9492.0,0.20314300000000002,0.494062,ARG,AUS,8418
2992922,10,14,1636,2013,2801.0,0.0,0.686489,-0.251618,ASM,AUS,8418
2992923,15,14,1636,2013,4285018.0,29029.0,1.7209240000000001,-0.286892,AUT,AUS,8418
2992924,18,14,1636,2013,567905.0,15425.0,1.316207,0.972601,BEL,AUS,8418
2992925,19,14,1636,2013,0.0,1579.0,-0.919968,-0.90691,BEN,AUS,8418
2992926,21,14,1636,2013,0.0,2825.0,-0.9110360000000001,-0.852492,BFA,AUS,8418
2992927,22,14,1636,2013,0.0,35038.0,-1.101916,-0.734646,BGD,AUS,8418
2992928,32,14,1636,2013,47144.0,42900.0,0.14765899999999998,0.399262,BRA,AUS,8418
2992929,39,14,1636,2013,706247.0,185124.0,0.719649,1.017046,CAN,AUS,8418
2992930,40,14,1636,2013,0.0,40784.0,1.458176,0.045868,CCK,AUS,8418
2992931,41,14,1636,2013,563009.0,16138.0,2.2104470000000003,0.5403479999999999,CHE,AUS,8418
2992932,42,14,1636,2013,0.0,64563.0,-0.260718,-0.38256100000000004,CHL,AUS,8418
2992933,43,14,1636,2013,251743050.0,1803263.0,1.113767,1.477496,CHN,AUS,8418
2992934,44,14,1636,2013,0.0,2353.0,-0.923558,-0.866642,CIV,AUS,8418
2992935,48,14,1636,2013,0.0,147480.0,0.483939,-0.42226400000000003,COK,AUS,8418
2992936,49,14,1636,2013,0.0,3580.0,0.121799,-0.388239,COL,AUS,8418
2992937,56,14,1636,2013,0.0,84543.0,0.972676,-0.5206729999999999,CXR,AUS,8418
2992938,58,14,1636,2013,0.0,2020.0,0.502238,0.349608,CYP,AUS,8418
2992939,59,14,1636,2013,251454.0,12385.0,1.819653,-0.12423800000000002,CZE,AUS,8418
2992940,61,14,1636,2013,23567677.0,307892.0,2.093658,-3.4281980000000005,DEU,AUS,8418
2992941,64,14,1636,2013,3742023.0,51423.0,1.161835,1.1788450000000001,DNK,AUS,8418
2992942,67,14,1636,2013,0.0,7367.0,-0.86546,-0.8888389999999999,ECU,AUS,8418
2992943,68,14,1636,2013,13208.0,1558975.0,-0.17418,1.692641,EGY,AUS,8418
2992944,71,14,1636,2013,13956799.0,24156.0,0.861698,2.353993,ESP,AUS,8418
2992945,73,14,1636,2013,0.0,443.0,-1.264002,-0.9594219999999999,ETH,AUS,8418
2992946,74,14,1636,2013,741679.0,4287.0,1.734552,0.8896940000000001,FIN,AUS,8418
2992947,75,14,1636,2013,0.0,974739.0,-0.5203369999999999,-0.122405,FJI,AUS,8418
2992948,77,14,1636,2013,27494821.0,455078.0,1.520354,0.022874000000000002,FRA,AUS,8418
2992949,79,14,1636,2013,0.0,1721.0,-0.234314,-0.8260700000000001,FSM,AUS,8418
2992950,81,14,1636,2013,4705023.0,286190.0,1.7901259999999999,0.44164,GBR,AUS,8418
2992951,82,14,1636,2013,0.0,33945.0,-0.160691,-0.393419,GEO,AUS,8418
2992952,83,14,1636,2013,0.0,26727.0,-0.7316010000000001,-0.5327689999999999,GHA,AUS,8418
2992953,90,14,1636,2013,645709.0,3609.0,0.18823800000000002,0.910906,GRC,AUS,8418
2992954,97,14,1636,2013,4220080.0,464893.0,0.744383,1.923139,HKG,AUS,8418
2992955,100,14,1636,2013,1955.0,0.0,0.898284,1.038807,HRV,AUS,8418
2992956,102,14,1636,2013,471069.0,0.0,1.506101,0.7279220000000001,HUN,AUS,8418
2992957,103,14,1636,2013,16225756.0,5440936.0,-0.216854,1.415728,IDN,AUS,8418
2992958,104,14,1636,2013,1174744.0,646900.0,0.215356,2.3916209999999998,IND,AUS,8418
2992959,106,14,1636,2013,10542389.0,2149.0,1.29988,0.240688,IRL,AUS,8418
2992960,107,14,1636,2013,7876.0,0.0,-0.339172,-0.237114,IRN,AUS,8418
2992961,110,14,1636,2013,70756.0,147878.0,1.197241,0.633828,ISR,AUS,8418
2992962,111,14,1636,2013,39892566.0,137200.0,1.289924,0.533436,ITA,AUS,8418
2992963,113,14,1636,2013,1166.0,4599.0,0.152659,0.5889979999999999,JOR,AUS,8418
2992964,114,14,1636,2013,8476618.0,31542.0,2.3993130000000003,-0.564768,JPN,AUS,8418
2992965,115,14,1636,2013,0.0,3117.0,-0.680678,-0.83347,KAZ,AUS,8418
2992966,116,14,1636,2013,0.0,28093.0,-0.448112,0.8672719999999999,KEN,AUS,8418
2992967,119,14,1636,2013,0.0,58780.0,-0.258825,-0.781927,KIR,AUS,8418
2992968,121,14,1636,2013,76225070.0,93103.0,1.818383,0.75645,KOR,AUS,8418
2992969,122,14,1636,2013,0.0,92031.0,-0.536384,-1.08382,KWT,AUS,8418
2992970,123,14,1636,2013,0.0,2128.0,-1.204446,-0.8571489999999999,LAO,AUS,8418
2992971,124,14,1636,2013,1331.0,218952.0,0.283084,1.4289100000000001,LBN,AUS,8418
2992972,128,14,1636,2013,0.0,291360.0,-0.6521779999999999,0.41258599999999995,LKA,AUS,8418
2992973,131,14,1636,2013,750657.0,0.0,1.170459,1.150327,LUX,AUS,8418
2992974,132,14,1636,2013,0.0,12376.0,0.6219439999999999,1.166749,LVA,AUS,8418
2992975,133,14,1636,2013,10714.0,0.0,0.252209,0.184401,MAC,AUS,8418
2992976,134,14,1636,2013,0.0,2123338.0,-0.6494260000000001,-0.035075999999999996,MAR,AUS,8418
2992977,137,14,1636,2013,0.0,88892.0,-0.21889699999999998,-0.776392,MDV,AUS,8418
2992978,138,14,1636,2013,11240149.0,191200.0,1.048507,0.718932,MEX,AUS,8418
2992979,141,14,1636,2013,0.0,32848.0,-1.183671,-1.069504,MLI,AUS,8418
2992980,142,14,1636,2013,0.0,327.0,0.8519760000000001,-0.075869,MLT,AUS,8418
2992981,143,14,1636,2013,0.0,81210.0,-1.230787,-0.737375,MMR,AUS,8418
2992982,145,14,1636,2013,0.0,10272.0,-1.3270950000000001,-1.144547,MNG,AUS,8418
2992983,148,14,1636,2013,0.0,6216.0,-1.950532,-1.283104,MRT,AUS,8418
2992984,151,14,1636,2013,0.0,68799.0,-0.158852,0.0061600000000000005,MUS,AUS,8418
2992985,153,14,1636,2013,3283168.0,160895.0,0.937641,0.747496,MYS,AUS,8418
2992986,156,14,1636,2013,0.0,249848.0,-0.136052,-0.703913,NCL,AUS,8418
2992987,158,14,1636,2013,0.0,8134.0,1.418466,-0.181551,NFK,AUS,8418
2992988,159,14,1636,2013,0.0,5261.0,-1.745783,-1.1356680000000001,NGA,AUS,8418
2992989,162,14,1636,2013,3797262.0,23658.0,1.184107,1.249557,NLD,AUS,8418
2992990,163,14,1636,2013,79735.0,6828.0,0.892099,0.18168399999999998,NOR,AUS,8418
2992991,164,14,1636,2013,0.0,7467.0,-0.293669,0.677365,NPL,AUS,8418
2992992,165,14,1636,2013,0.0,225915.0,0.8494780000000001,-0.587259,NRU,AUS,8418
2992993,166,14,1636,2013,57829694.0,14298632.0,0.3345,0.39063000000000003,NZL,AUS,8418
2992994,167,14,1636,2013,10144.0,46512.0,-0.604175,-1.0463209999999998,OMN,AUS,8418
2992995,168,14,1636,2013,0.0,92325.0,-0.75727,0.769703,PAK,AUS,8418
2992996,169,14,1636,2013,26116.0,0.0,0.735637,1.161718,PAN,AUS,8418
2992997,173,14,1636,2013,0.0,11743.0,-0.573852,0.357977,PER,AUS,8418
2992998,174,14,1636,2013,104123.0,397280.0,0.507868,0.355403,PHL,AUS,8418
2992999,175,14,1636,2013,0.0,6388.0,0.232127,-0.716653,PLW,AUS,8418
2993000,176,14,1636,2013,0.0,3874040.0,-1.444244,-1.144231,PNG,AUS,8418
2993001,177,14,1636,2013,404468.0,18707.0,1.084332,1.216749,POL,AUS,8418
2993002,179,14,1636,2013,823553.0,7710.0,0.541454,2.5228610000000002,PRT,AUS,8418
2993003,182,14,1636,2013,0.0,90113.0,-0.146044,-0.7055359999999999,PYF,AUS,8418
2993004,183,14,1636,2013,0.0,99748.0,-0.083649,-1.013491,QAT,AUS,8418
2993005,185,14,1636,2013,266968.0,0.0,0.792035,1.225034,ROU,AUS,8418
2993006,186,14,1636,2013,15656.0,13219.0,0.481166,-0.180052,RUS,AUS,8418
2993007,188,14,1636,2013,0.0,480271.0,0.626347,-0.844406,SAU,AUS,8418
2993008,190,14,1636,2013,0.0,7065.0,-1.254944,-1.073564,SDN,AUS,8418
2993009,191,14,1636,2013,0.0,16845.0,-0.523662,-0.309101,SEN,AUS,8418
2993010,192,14,1636,2013,1942147.0,1642873.0,1.915504,0.619576,SGP,AUS,8418
2993011,195,14,1636,2013,0.0,271145.0,-0.9350860000000001,-0.877676,SLB,AUS,8418
2993012,206,14,1636,2013,489937.0,0.0,1.32064,0.7519819999999999,SVK,AUS,8418
2993013,207,14,1636,2013,259958.0,11655.0,1.698374,0.563082,SVN,AUS,8418
2993014,208,14,1636,2013,1593610.0,9268.0,1.869421,0.228109,SWE,AUS,8418
2993015,211,14,1636,2013,0.0,3065.0,0.270999,-0.474095,SYC,AUS,8418
2993016,215,14,1636,2013,0.0,1654.0,-0.598413,-0.49295200000000006,TGO,AUS,8418
2993017,216,14,1636,2013,147739548.0,1179529.0,0.8752139999999999,1.3798620000000001,THA,AUS,8418
2993018,220,14,1636,2013,0.0,38075.0,-0.376633,-0.73677,TLS,AUS,8418
2993019,221,14,1636,2013,0.0,16710.0,0.183053,-0.345657,TON,AUS,8418
2993020,222,14,1636,2013,0.0,12056.0,-0.280641,-1.083332,TTO,AUS,8418
2993021,224,14,1636,2013,12288330.0,427084.0,0.42932299999999995,2.690235,TUR,AUS,8418
2993022,225,14,1636,2013,0.0,8790.0,0.002879,-0.779308,TUV,AUS,8418
2993023,226,14,1636,2013,0.0,8666.0,-0.9306770000000001,0.273489,TZA,AUS,8418
2993024,227,14,1636,2013,0.0,1293.0,-0.5462279999999999,0.200682,UGA,AUS,8418
2993025,228,14,1636,2013,3222.0,0.0,0.657729,0.9063200000000001,UKR,AUS,8418
2993026,230,14,1636,2013,0.0,4427.0,0.20190999999999998,-0.19777999999999998,URY,AUS,8418
2993027,231,14,1636,2013,68206369.0,508199.0,1.6639689999999998,-0.48651300000000003,USA,AUS,8418
2993028,239,14,1636,2013,67040.0,2741472.0,-0.11426900000000001,1.399738,VNM,AUS,8418
2993029,240,14,1636,2013,0.0,98539.0,-0.6548689999999999,-0.811184,VUT,AUS,8418
2993030,241,14,1636,2013,0.0,123223.0,1.4608299999999999,-0.567281,WLF,AUS,8418
2993031,242,14,1636,2013,0.0,73166.0,0.824724,0.056441,WSM,AUS,8418
2993032,246,14,1636,2013,1173377.0,104587.0,0.380284,1.5682120000000002,ZAF,AUS,8418
2993033,248,14,1636,2013,0.0,372.0,-0.828702,-0.899175,ZWE,AUS,8418
2993034,249,14,1636,2013,4217986.0,26351.0,1.843186,0.9432379999999999,TWN,AUS,8418
2993035,250,14,1636,2013,17840770.0,44477.0,0.628555,0.277602,ANS,AUS,8418
2993036,7,16,1636,2013,460664.0,0.0,-0.074047,-0.585168,ARE,AZE,8418
2993037,15,16,1636,2013,737133.0,0.0,1.7209240000000001,-0.286892,AUT,AZE,8418
2993038,18,16,1636,2013,54214.0,0.0,1.316207,0.972601,BEL,AZE,8418
2993039,23,16,1636,2013,41131.0,0.0,0.5026109999999999,1.674296,BGR,AZE,8418
2993040,28,16,1636,2013,3420649.0,0.0,1.036923,0.864568,BLR,AZE,8418
2993041,39,16,1636,2013,2620.0,0.0,0.719649,1.017046,CAN,AZE,8418
2993042,41,16,1636,2013,10078.0,0.0,2.2104470000000003,0.5403479999999999,CHE,AZE,8418
2993043,43,16,1636,2013,1932413.0,0.0,1.113767,1.477496,CHN,AZE,8418
2993044,59,16,1636,2013,57049.0,0.0,1.819653,-0.12423800000000002,CZE,AZE,8418
2993045,61,16,1636,2013,2164437.0,0.0,2.093658,-3.4281980000000005,DEU,AZE,8418
2993046,64,16,1636,2013,158204.0,0.0,1.161835,1.1788450000000001,DNK,AZE,8418
2993047,71,16,1636,2013,28634.0,0.0,0.861698,2.353993,ESP,AZE,8418
2993048,72,16,1636,2013,1682.0,0.0,0.8828940000000001,1.386574,EST,AZE,8418
2993049,74,16,1636,2013,40500.0,0.0,1.734552,0.8896940000000001,FIN,AZE,8418
2993050,77,16,1636,2013,37669.0,0.0,1.520354,0.022874000000000002,FRA,AZE,8418
2993051,81,16,1636,2013,6898734.0,0.0,1.7901259999999999,0.44164,GBR,AZE,8418
2993052,82,16,1636,2013,240371.0,8529.0,-0.160691,-0.393419,GEO,AZE,8418
2993053,103,16,1636,2013,136009.0,0.0,-0.216854,1.415728,IDN,AZE,8418
2993054,104,16,1636,2013,189407.0,0.0,0.215356,2.3916209999999998,IND,AZE,8418
2993055,106,16,1636,2013,12175.0,0.0,1.29988,0.240688,IRL,AZE,8418
2993056,107,16,1636,2013,333488.0,0.0,-0.339172,-0.237114,IRN,AZE,8418
2993057,111,16,1636,2013,2036322.0,0.0,1.289924,0.533436,ITA,AZE,8418
2993058,113,16,1636,2013,22277.0,0.0,0.152659,0.5889979999999999,JOR,AZE,8418
2993059,114,16,1636,2013,31022.0,0.0,2.3993130000000003,-0.564768,JPN,AZE,8418
2993060,121,16,1636,2013,2289287.0,0.0,1.818383,0.75645,KOR,AZE,8418
2993061,130,16,1636,2013,49084.0,0.0,0.737796,1.215543,LTU,AZE,8418
2993062,131,16,1636,2013,17794.0,0.0,1.170459,1.150327,LUX,AZE,8418
2993063,132,16,1636,2013,14489.0,0.0,0.6219439999999999,1.166749,LVA,AZE,8418
2993064,135,16,1636,2013,3469.0,0.0,-0.016235,0.132104,MDA,AZE,8418
2993065,138,16,1636,2013,2071.0,0.0,1.048507,0.718932,MEX,AZE,8418
2993066,153,16,1636,2013,72840.0,0.0,0.937641,0.747496,MYS,AZE,8418
2993067,162,16,1636,2013,2470308.0,11015.0,1.184107,1.249557,NLD,AZE,8418
2993068,177,16,1636,2013,1068225.0,0.0,1.084332,1.216749,POL,AZE,8418
2993069,185,16,1636,2013,46008.0,0.0,0.792035,1.225034,ROU,AZE,8418
2993070,186,16,1636,2013,18491827.0,2972.0,0.481166,-0.180052,RUS,AZE,8418
2993071,192,16,1636,2013,29063.0,0.0,1.915504,0.619576,SGP,AZE,8418
2993072,201,16,1636,2013,691145.0,0.0,0.5717720000000001,1.174901,SRB,AZE,8418
2993073,207,16,1636,2013,345453.0,0.0,1.698374,0.563082,SVN,AZE,8418
2993074,208,16,1636,2013,55253.0,0.0,1.869421,0.228109,SWE,AZE,8418
2993075,216,16,1636,2013,280684.0,0.0,0.8752139999999999,1.3798620000000001,THA,AZE,8418
2993076,224,16,1636,2013,35251866.0,0.0,0.42932299999999995,2.690235,TUR,AZE,8418
2993077,228,16,1636,2013,8277799.0,0.0,0.657729,0.9063200000000001,UKR,AZE,8418
2993078,231,16,1636,2013,81148.0,0.0,1.6639689999999998,-0.48651300000000003,USA,AZE,8418
2993079,237,16,1636,2013,28391.0,0.0,0.616863,-0.314222,VGB,AZE,8418
2993080,249,16,1636,2013,4664.0,0.0,1.843186,0.9432379999999999,TWN,AZE,8418
2993081,7,22,1636,2013,326474.0,0.0,-0.074047,-0.585168,ARE,BGD,8418
2993082,14,22,1636,2013,35038.0,0.0,-0.31145700000000004,-0.167628,AUS,BGD,8418
2993083,18,22,1636,2013,53062.0,0.0,1.316207,0.972601,BEL,BGD,8418
2993084,23,22,1636,2013,1289.0,0.0,0.5026109999999999,1.674296,BGR,BGD,8418
2993085,32,22,1636,2013,4574.0,0.0,0.14765899999999998,0.399262,BRA,BGD,8418
2993086,39,22,1636,2013,1659.0,0.0,0.719649,1.017046,CAN,BGD,8418
2993087,41,22,1636,2013,982.0,0.0,2.2104470000000003,0.5403479999999999,CHE,BGD,8418
2993088,43,22,1636,2013,54128868.0,0.0,1.113767,1.477496,CHN,BGD,8418
2993089,44,22,1636,2013,0.0,3134.0,-0.923558,-0.866642,CIV,BGD,8418
2993090,59,22,1636,2013,258698.0,0.0,1.819653,-0.12423800000000002,CZE,BGD,8418
2993091,61,22,1636,2013,1648622.0,0.0,2.093658,-3.4281980000000005,DEU,BGD,8418
2993092,64,22,1636,2013,3226018.0,0.0,1.161835,1.1788450000000001,DNK,BGD,8418
2993093,71,22,1636,2013,56117.0,0.0,0.861698,2.353993,ESP,BGD,8418
2993094,74,22,1636,2013,783.0,0.0,1.734552,0.8896940000000001,FIN,BGD,8418
2993095,77,22,1636,2013,1809736.0,0.0,1.520354,0.022874000000000002,FRA,BGD,8418
2993096,81,22,1636,2013,35056.0,0.0,1.7901259999999999,0.44164,GBR,BGD,8418
2993097,97,22,1636,2013,304127.0,0.0,0.744383,1.923139,HKG,BGD,8418
2993098,103,22,1636,2013,555473.0,0.0,-0.216854,1.415728,IDN,BGD,8418
2993099,104,22,1636,2013,7024010.0,0.0,0.215356,2.3916209999999998,IND,BGD,8418
2993100,111,22,1636,2013,890424.0,0.0,1.289924,0.533436,ITA,BGD,8418
2993101,114,22,1636,2013,109159.0,0.0,2.3993130000000003,-0.564768,JPN,BGD,8418
2993102,121,22,1636,2013,978907.0,1155.0,1.818383,0.75645,KOR,BGD,8418
2993103,125,22,1636,2013,1756.0,0.0,-0.41869399999999996,-0.9538770000000001,LBR,BGD,8418
2993104,128,22,1636,2013,1108881.0,0.0,-0.6521779999999999,0.41258599999999995,LKA,BGD,8418
2993105,131,22,1636,2013,1088032.0,0.0,1.170459,1.150327,LUX,BGD,8418
2993106,153,22,1636,2013,1210771.0,0.0,0.937641,0.747496,MYS,BGD,8418
2993107,162,22,1636,2013,548820.0,0.0,1.184107,1.249557,NLD,BGD,8418
2993108,163,22,1636,2013,904.0,0.0,0.892099,0.18168399999999998,NOR,BGD,8418
2993109,166,22,1636,2013,109433.0,0.0,0.3345,0.39063000000000003,NZL,BGD,8418
2993110,168,22,1636,2013,647843.0,0.0,-0.75727,0.769703,PAK,BGD,8418
2993111,177,22,1636,2013,6498.0,0.0,1.084332,1.216749,POL,BGD,8418
2993112,188,22,1636,2013,51197.0,0.0,0.626347,-0.844406,SAU,BGD,8418
2993113,192,22,1636,2013,4844908.0,942.0,1.915504,0.619576,SGP,BGD,8418
2993114,216,22,1636,2013,8372914.0,0.0,0.8752139999999999,1.3798620000000001,THA,BGD,8418
2993115,224,22,1636,2013,1247664.0,0.0,0.42932299999999995,2.690235,TUR,BGD,8418
2993116,228,22,1636,2013,628.0,0.0,0.657729,0.9063200000000001,UKR,BGD,8418
2993117,231,22,1636,2013,2733910.0,0.0,1.6639689999999998,-0.48651300000000003,USA,BGD,8418
2993118,239,22,1636,2013,526899.0,0.0,-0.11426900000000001,1.399738,VNM,BGD,8418
2993119,249,22,1636,2013,98180.0,7015.0,1.843186,0.9432379999999999,TWN,BGD,8418
2993120,7,24,1636,2013,3332120.0,874839.0,-0.074047,-0.585168,ARE,BHR,8418
2993121,15,24,1636,2013,10401.0,0.0,1.7209240000000001,-0.286892,AUT,BHR,8418
2993122,18,24,1636,2013,182863.0,0.0,1.316207,0.972601,BEL,BHR,8418
2993123,32,24,1636,2013,36270.0,0.0,0.14765899999999998,0.399262,BRA,BHR,8418
2993124,39,24,1636,2013,1574.0,0.0,0.719649,1.017046,CAN,BHR,8418
2993125,41,24,1636,2013,10701.0,0.0,2.2104470000000003,0.5403479999999999,CHE,BHR,8418
2993126,43,24,1636,2013,6411929.0,0.0,1.113767,1.477496,CHN,BHR,8418
2993127,58,24,1636,2013,0.0,812.0,0.502238,0.349608,CYP,BHR,8418
2993128,59,24,1636,2013,217487.0,0.0,1.819653,-0.12423800000000002,CZE,BHR,8418
2993129,61,24,1636,2013,977707.0,13200.0,2.093658,-3.4281980000000005,DEU,BHR,8418
2993130,64,24,1636,2013,38264.0,0.0,1.161835,1.1788450000000001,DNK,BHR,8418
2993131,67,24,1636,2013,6866.0,0.0,-0.86546,-0.8888389999999999,ECU,BHR,8418
2993132,68,24,1636,2013,58811.0,56136.0,-0.17418,1.692641,EGY,BHR,8418
2993133,71,24,1636,2013,259940.0,0.0,0.861698,2.353993,ESP,BHR,8418
2993134,74,24,1636,2013,17447.0,0.0,1.734552,0.8896940000000001,FIN,BHR,8418
2993135,77,24,1636,2013,2768778.0,1415.0,1.520354,0.022874000000000002,FRA,BHR,8418
2993136,81,24,1636,2013,149447.0,0.0,1.7901259999999999,0.44164,GBR,BHR,8418
2993137,83,24,1636,2013,0.0,11178.0,-0.7316010000000001,-0.5327689999999999,GHA,BHR,8418
2993138,90,24,1636,2013,83127.0,0.0,0.18823800000000002,0.910906,GRC,BHR,8418
2993139,97,24,1636,2013,1787.0,0.0,0.744383,1.923139,HKG,BHR,8418
2993140,102,24,1636,2013,186802.0,0.0,1.506101,0.7279220000000001,HUN,BHR,8418
2993141,103,24,1636,2013,539127.0,0.0,-0.216854,1.415728,IDN,BHR,8418
2993142,104,24,1636,2013,2216337.0,1544.0,0.215356,2.3916209999999998,IND,BHR,8418
2993143,106,24,1636,2013,365844.0,0.0,1.29988,0.240688,IRL,BHR,8418
2993144,108,24,1636,2013,0.0,57849.0,-2.839079,-0.8705440000000001,IRQ,BHR,8418
2993145,111,24,1636,2013,4022076.0,0.0,1.289924,0.533436,ITA,BHR,8418
2993146,113,24,1636,2013,170968.0,73538.0,0.152659,0.5889979999999999,JOR,BHR,8418
2993147,114,24,1636,2013,71147.0,0.0,2.3993130000000003,-0.564768,JPN,BHR,8418
2993148,121,24,1636,2013,2221072.0,0.0,1.818383,0.75645,KOR,BHR,8418
2993149,122,24,1636,2013,196231.0,459950.0,-0.536384,-1.08382,KWT,BHR,8418
2993150,124,24,1636,2013,133439.0,9167.0,0.283084,1.4289100000000001,LBN,BHR,8418
2993151,125,24,1636,2013,0.0,43861.0,-0.41869399999999996,-0.9538770000000001,LBR,BHR,8418
2993152,128,24,1636,2013,81180.0,0.0,-0.6521779999999999,0.41258599999999995,LKA,BHR,8418
2993153,131,24,1636,2013,9481.0,0.0,1.170459,1.150327,LUX,BHR,8418
2993154,138,24,1636,2013,1122554.0,0.0,1.048507,0.718932,MEX,BHR,8418
2993155,153,24,1636,2013,134603.0,0.0,0.937641,0.747496,MYS,BHR,8418
2993156,162,24,1636,2013,314047.0,0.0,1.184107,1.249557,NLD,BHR,8418
2993157,163,24,1636,2013,48313.0,0.0,0.892099,0.18168399999999998,NOR,BHR,8418
2993158,166,24,1636,2013,23644.0,0.0,0.3345,0.39063000000000003,NZL,BHR,8418
2993159,167,24,1636,2013,9124.0,1192117.0,-0.604175,-1.0463209999999998,OMN,BHR,8418
2993160,168,24,1636,2013,2910.0,13494.0,-0.75727,0.769703,PAK,BHR,8418
2993161,169,24,1636,2013,0.0,2621.0,0.735637,1.161718,PAN,BHR,8418
2993162,174,24,1636,2013,4747.0,0.0,0.507868,0.355403,PHL,BHR,8418
2993163,177,24,1636,2013,55283.0,0.0,1.084332,1.216749,POL,BHR,8418
2993164,179,24,1636,2013,17595.0,0.0,0.541454,2.5228610000000002,PRT,BHR,8418
2993165,183,24,1636,2013,0.0,272038.0,-0.083649,-1.013491,QAT,BHR,8418
2993166,185,24,1636,2013,66918.0,0.0,0.792035,1.225034,ROU,BHR,8418
2993167,188,24,1636,2013,571584.0,10769262.0,0.626347,-0.844406,SAU,BHR,8418
2993168,192,24,1636,2013,122782.0,16470.0,1.915504,0.619576,SGP,BHR,8418
2993169,196,24,1636,2013,18264.0,0.0,-0.132082,-0.552921,SLE,BHR,8418
2993170,207,24,1636,2013,20688.0,0.0,1.698374,0.563082,SVN,BHR,8418
2993171,208,24,1636,2013,2149.0,0.0,1.869421,0.228109,SWE,BHR,8418
2993172,211,24,1636,2013,0.0,904.0,0.270999,-0.474095,SYC,BHR,8418
2993173,212,24,1636,2013,4027.0,0.0,-0.14343399999999998,1.077256,SYR,BHR,8418
2993174,216,24,1636,2013,4904593.0,0.0,0.8752139999999999,1.3798620000000001,THA,BHR,8418
2993175,223,24,1636,2013,0.0,3384.0,0.185528,1.0070700000000001,TUN,BHR,8418
2993176,224,24,1636,2013,635499.0,0.0,0.42932299999999995,2.690235,TUR,BHR,8418
2993177,226,24,1636,2013,0.0,3466.0,-0.9306770000000001,0.273489,TZA,BHR,8418
2993178,231,24,1636,2013,2132867.0,0.0,1.6639689999999998,-0.48651300000000003,USA,BHR,8418
2993179,239,24,1636,2013,222634.0,0.0,-0.11426900000000001,1.399738,VNM,BHR,8418
2993180,246,24,1636,2013,188626.0,0.0,0.380284,1.5682120000000002,ZAF,BHR,8418
2993181,249,24,1636,2013,166476.0,4529.0,1.843186,0.9432379999999999,TWN,BHR,8418
2993182,250,24,1636,2013,31463.0,0.0,0.628555,0.277602,ANS,BHR,8418
2993183,4,26,1636,2013,0.0,593602.0,-0.53682,-0.162391,ALB,BIH,8418
2993184,15,26,1636,2013,774416.0,2840685.0,1.7209240000000001,-0.286892,AUT,BIH,8418
2993185,18,26,1636,2013,83218.0,1313.0,1.316207,0.972601,BEL,BIH,8418
2993186,23,26,1636,2013,48295.0,14653.0,0.5026109999999999,1.674296,BGR,BIH,8418
2993187,41,26,1636,2013,68414.0,15247.0,2.2104470000000003,0.5403479999999999,CHE,BIH,8418
2993188,43,26,1636,2013,230423.0,0.0,1.113767,1.477496,CHN,BIH,8418
2993189,59,26,1636,2013,5240.0,696625.0,1.819653,-0.12423800000000002,CZE,BIH,8418
2993190,61,26,1636,2013,529938.0,54874.0,2.093658,-3.4281980000000005,DEU,BIH,8418
2993191,64,26,1636,2013,49472.0,410969.0,1.161835,1.1788450000000001,DNK,BIH,8418
2993192,71,26,1636,2013,64850.0,67948.0,0.861698,2.353993,ESP,BIH,8418
2993193,72,26,1636,2013,0.0,36881.0,0.8828940000000001,1.386574,EST,BIH,8418
2993194,74,26,1636,2013,0.0,122619.0,1.734552,0.8896940000000001,FIN,BIH,8418
2993195,77,26,1636,2013,411184.0,825973.0,1.520354,0.022874000000000002,FRA,BIH,8418
2993196,81,26,1636,2013,15590.0,126700.0,1.7901259999999999,0.44164,GBR,BIH,8418
2993197,82,26,1636,2013,0.0,58961.0,-0.160691,-0.393419,GEO,BIH,8418
2993198,90,26,1636,2013,4366.0,29427.0,0.18823800000000002,0.910906,GRC,BIH,8418
2993199,100,26,1636,2013,2012297.0,713426.0,0.898284,1.038807,HRV,BIH,8418
2993200,102,26,1636,2013,854762.0,80787.0,1.506101,0.7279220000000001,HUN,BIH,8418
2993201,103,26,1636,2013,25165.0,0.0,-0.216854,1.415728,IDN,BIH,8418
2993202,106,26,1636,2013,14067.0,0.0,1.29988,0.240688,IRL,BIH,8418
2993203,107,26,1636,2013,1512.0,0.0,-0.339172,-0.237114,IRN,BIH,8418
2993204,110,26,1636,2013,11139.0,0.0,1.197241,0.633828,ISR,BIH,8418
2993205,111,26,1636,2013,2950542.0,372039.0,1.289924,0.533436,ITA,BIH,8418
2993206,114,26,1636,2013,11059.0,0.0,2.3993130000000003,-0.564768,JPN,BIH,8418
2993207,121,26,1636,2013,23231.0,0.0,1.818383,0.75645,KOR,BIH,8418
2993208,130,26,1636,2013,7638.0,23875.0,0.737796,1.215543,LTU,BIH,8418
2993209,132,26,1636,2013,0.0,152502.0,0.6219439999999999,1.166749,LVA,BIH,8418
2993210,135,26,1636,2013,0.0,206346.0,-0.016235,0.132104,MDA,BIH,8418
2993211,138,26,1636,2013,611.0,0.0,1.048507,0.718932,MEX,BIH,8418
2993212,140,26,1636,2013,45018.0,426901.0,-0.10859400000000001,0.155229,MKD,BIH,8418
2993213,142,26,1636,2013,1459.0,40352.0,0.8519760000000001,-0.075869,MLT,BIH,8418
2993214,144,26,1636,2013,328036.0,184234.0,-0.054454999999999996,-0.164875,MNE,BIH,8418
2993215,153,26,1636,2013,653.0,0.0,0.937641,0.747496,MYS,BIH,8418
2993216,162,26,1636,2013,107355.0,68467.0,1.184107,1.249557,NLD,BIH,8418
2993217,163,26,1636,2013,2156.0,3682.0,0.892099,0.18168399999999998,NOR,BIH,8418
2993218,177,26,1636,2013,523782.0,63796.0,1.084332,1.216749,POL,BIH,8418
2993219,185,26,1636,2013,5308024.0,78384.0,0.792035,1.225034,ROU,BIH,8418
2993220,201,26,1636,2013,8233869.0,2016562.0,0.5717720000000001,1.174901,SRB,BIH,8418
2993221,206,26,1636,2013,118279.0,116243.0,1.32064,0.7519819999999999,SVK,BIH,8418
2993222,207,26,1636,2013,3131643.0,203179.0,1.698374,0.563082,SVN,BIH,8418
2993223,208,26,1636,2013,103719.0,44881.0,1.869421,0.228109,SWE,BIH,8418
2993224,216,26,1636,2013,4197.0,0.0,0.8752139999999999,1.3798620000000001,THA,BIH,8418
2993225,224,26,1636,2013,3963034.0,27624.0,0.42932299999999995,2.690235,TUR,BIH,8418
2993226,228,26,1636,2013,33055.0,27305.0,0.657729,0.9063200000000001,UKR,BIH,8418
2993227,231,26,1636,2013,6074.0,0.0,1.6639689999999998,-0.48651300000000003,USA,BIH,8418
2993228,249,26,1636,2013,281.0,0.0,1.843186,0.9432379999999999,TWN,BIH,8418
2993229,7,28,1636,2013,2320.0,0.0,-0.074047,-0.585168,ARE,BLR,8418
2993230,9,28,1636,2013,0.0,281522.0,-0.076922,-0.5781390000000001,ARM,BLR,8418
2993231,15,28,1636,2013,1262291.0,0.0,1.7209240000000001,-0.286892,AUT,BLR,8418
2993232,16,28,1636,2013,0.0,3420649.0,-0.9232870000000001,-1.165928,AZE,BLR,8418
2993233,18,28,1636,2013,255248.0,0.0,1.316207,0.972601,BEL,BLR,8418
2993234,23,28,1636,2013,237018.0,0.0,0.5026109999999999,1.674296,BGR,BLR,8418
2993235,39,28,1636,2013,198.0,0.0,0.719649,1.017046,CAN,BLR,8418
2993236,41,28,1636,2013,9385.0,12654.0,2.2104470000000003,0.5403479999999999,CHE,BLR,8418
2993237,43,28,1636,2013,1393633.0,0.0,1.113767,1.477496,CHN,BLR,8418
2993238,58,28,1636,2013,418965.0,0.0,0.502238,0.349608,CYP,BLR,8418
2993239,59,28,1636,2013,577198.0,0.0,1.819653,-0.12423800000000002,CZE,BLR,8418
2993240,61,28,1636,2013,4462395.0,189251.0,2.093658,-3.4281980000000005,DEU,BLR,8418
2993241,64,28,1636,2013,599657.0,0.0,1.161835,1.1788450000000001,DNK,BLR,8418
2993242,67,28,1636,2013,14358.0,0.0,-0.86546,-0.8888389999999999,ECU,BLR,8418
2993243,68,28,1636,2013,1190.0,3802.0,-0.17418,1.692641,EGY,BLR,8418
2993244,71,28,1636,2013,2955442.0,0.0,0.861698,2.353993,ESP,BLR,8418
2993245,72,28,1636,2013,21160.0,521470.0,0.8828940000000001,1.386574,EST,BLR,8418
2993246,74,28,1636,2013,198688.0,0.0,1.734552,0.8896940000000001,FIN,BLR,8418
2993247,77,28,1636,2013,1153080.0,436365.0,1.520354,0.022874000000000002,FRA,BLR,8418
2993248,81,28,1636,2013,786832.0,15079.0,1.7901259999999999,0.44164,GBR,BLR,8418
2993249,82,28,1636,2013,0.0,464268.0,-0.160691,-0.393419,GEO,BLR,8418
2993250,90,28,1636,2013,23046.0,0.0,0.18823800000000002,0.910906,GRC,BLR,8418
2993251,100,28,1636,2013,10874.0,0.0,0.898284,1.038807,HRV,BLR,8418
2993252,102,28,1636,2013,1439748.0,261625.0,1.506101,0.7279220000000001,HUN,BLR,8418
2993253,104,28,1636,2013,17620.0,0.0,0.215356,2.3916209999999998,IND,BLR,8418
2993254,106,28,1636,2013,788671.0,0.0,1.29988,0.240688,IRL,BLR,8418
2993255,107,28,1636,2013,1753.0,0.0,-0.339172,-0.237114,IRN,BLR,8418
2993256,109,28,1636,2013,2089.0,0.0,0.259374,-0.20413299999999998,ISL,BLR,8418
2993257,110,28,1636,2013,1207.0,0.0,1.197241,0.633828,ISR,BLR,8418
2993258,111,28,1636,2013,4276396.0,1925.0,1.289924,0.533436,ITA,BLR,8418
2993259,114,28,1636,2013,129997.0,0.0,2.3993130000000003,-0.564768,JPN,BLR,8418
2993260,115,28,1636,2013,0.0,15035379.0,-0.680678,-0.83347,KAZ,BLR,8418
2993261,117,28,1636,2013,0.0,2854786.0,-0.1035,0.339914,KGZ,BLR,8418
2993262,121,28,1636,2013,3473099.0,0.0,1.818383,0.75645,KOR,BLR,8418
2993263,130,28,1636,2013,21077982.0,1437210.0,0.737796,1.215543,LTU,BLR,8418
2993264,131,28,1636,2013,7441.0,0.0,1.170459,1.150327,LUX,BLR,8418
2993265,132,28,1636,2013,384199.0,239742.0,0.6219439999999999,1.166749,LVA,BLR,8418
2993266,135,28,1636,2013,0.0,1831963.0,-0.016235,0.132104,MDA,BLR,8418
2993267,145,28,1636,2013,0.0,143640.0,-1.3270950000000001,-1.144547,MNG,BLR,8418
2993268,153,28,1636,2013,171.0,0.0,0.937641,0.747496,MYS,BLR,8418
2993269,162,28,1636,2013,473223.0,0.0,1.184107,1.249557,NLD,BLR,8418
2993270,163,28,1636,2013,1153.0,0.0,0.892099,0.18168399999999998,NOR,BLR,8418
2993271,177,28,1636,2013,8748997.0,758279.0,1.084332,1.216749,POL,BLR,8418
2993272,179,28,1636,2013,43476.0,0.0,0.541454,2.5228610000000002,PRT,BLR,8418
2993273,185,28,1636,2013,74530.0,0.0,0.792035,1.225034,ROU,BLR,8418
2993274,186,28,1636,2013,66088368.0,149371959.0,0.481166,-0.180052,RUS,BLR,8418
2993275,192,28,1636,2013,463.0,0.0,1.915504,0.619576,SGP,BLR,8418
2993276,201,28,1636,2013,1017.0,683324.0,0.5717720000000001,1.174901,SRB,BLR,8418
2993277,206,28,1636,2013,50419.0,0.0,1.32064,0.7519819999999999,SVK,BLR,8418
2993278,207,28,1636,2013,229169.0,1989.0,1.698374,0.563082,SVN,BLR,8418
2993279,208,28,1636,2013,896879.0,89819.0,1.869421,0.228109,SWE,BLR,8418
2993280,216,28,1636,2013,11887.0,0.0,0.8752139999999999,1.3798620000000001,THA,BLR,8418
2993281,217,28,1636,2013,0.0,1946463.0,-1.2512889999999999,-1.16402,TJK,BLR,8418
2993282,219,28,1636,2013,0.0,4287837.0,-1.6186770000000001,-1.2210969999999999,TKM,BLR,8418
2993283,224,28,1636,2013,1035100.0,2593.0,0.42932299999999995,2.690235,TUR,BLR,8418
2993284,228,28,1636,2013,3089369.0,53204479.0,0.657729,0.9063200000000001,UKR,BLR,8418
2993285,231,28,1636,2013,31760.0,0.0,1.6639689999999998,-0.48651300000000003,USA,BLR,8418
2993286,232,28,1636,2013,0.0,4136605.0,-0.748212,-0.567268,UZB,BLR,8418
2993287,239,28,1636,2013,0.0,1039.0,-0.11426900000000001,1.399738,VNM,BLR,8418
2993288,249,28,1636,2013,13144.0,0.0,1.843186,0.9432379999999999,TWN,BLR,8418
2993289,7,68,1636,2013,5196410.0,525969.0,-0.074047,-0.585168,ARE,EGY,8418
2993290,14,68,1636,2013,1558975.0,13208.0,-0.31145700000000004,-0.167628,AUS,EGY,8418
2993291,15,68,1636,2013,330263.0,0.0,1.7209240000000001,-0.286892,AUT,EGY,8418
2993292,17,68,1636,2013,0.0,39995.0,-0.824903,-0.906436,BDI,EGY,8418
2993293,18,68,1636,2013,1609508.0,1610.0,1.316207,0.972601,BEL,EGY,8418
2993294,19,68,1636,2013,0.0,7563.0,-0.919968,-0.90691,BEN,EGY,8418
2993295,21,68,1636,2013,0.0,22781.0,-0.9110360000000001,-0.852492,BFA,EGY,8418
2993296,24,68,1636,2013,56136.0,58811.0,0.249681,-0.6204270000000001,BHR,EGY,8418
2993297,28,68,1636,2013,3802.0,1190.0,1.036923,0.864568,BLR,EGY,8418
2993298,32,68,1636,2013,19121712.0,0.0,0.14765899999999998,0.399262,BRA,EGY,8418
2993299,38,68,1636,2013,0.0,10782.0,-0.268604,-0.606101,CAF,EGY,8418
2993300,39,68,1636,2013,4577019.0,0.0,0.719649,1.017046,CAN,EGY,8418
2993301,41,68,1636,2013,104904.0,0.0,2.2104470000000003,0.5403479999999999,CHE,EGY,8418
2993302,43,68,1636,2013,19818137.0,30254.0,1.113767,1.477496,CHN,EGY,8418
2993303,45,68,1636,2013,0.0,38547.0,-0.901531,-1.027111,CMR,EGY,8418
2993304,46,68,1636,2013,0.0,122347.0,-1.300125,-1.0708010000000001,COD,EGY,8418
2993305,47,68,1636,2013,0.0,26138.0,-1.215681,-1.08679,COG,EGY,8418
2993306,58,68,1636,2013,0.0,9939.0,0.502238,0.349608,CYP,EGY,8418
2993307,59,68,1636,2013,2358739.0,58961.0,1.819653,-0.12423800000000002,CZE,EGY,8418
2993308,61,68,1636,2013,6046369.0,2414.0,2.093658,-3.4281980000000005,DEU,EGY,8418
2993309,62,68,1636,2013,0.0,150727.0,-0.412843,-0.695916,DJI,EGY,8418
2993310,63,68,1636,2013,39611.0,0.0,0.054362,-0.156703,DMA,EGY,8418
2993311,64,68,1636,2013,7035797.0,0.0,1.161835,1.1788450000000001,DNK,EGY,8418
2993312,66,68,1636,2013,1530328.0,1586479.0,-1.373947,-1.1523459999999999,DZA,EGY,8418
2993313,67,68,1636,2013,0.0,2244.0,-0.86546,-0.8888389999999999,ECU,EGY,8418
2993314,71,68,1636,2013,1558738.0,0.0,0.861698,2.353993,ESP,EGY,8418
2993315,74,68,1636,2013,390016.0,0.0,1.734552,0.8896940000000001,FIN,EGY,8418
2993316,77,68,1636,2013,15103556.0,12540.0,1.520354,0.022874000000000002,FRA,EGY,8418
2993317,80,68,1636,2013,0.0,97989.0,-1.6582830000000002,-1.155302,GAB,EGY,8418
2993318,81,68,1636,2013,351645.0,200517.0,1.7901259999999999,0.44164,GBR,EGY,8418
2993319,82,68,1636,2013,0.0,2226.0,-0.160691,-0.393419,GEO,EGY,8418
2993320,83,68,1636,2013,0.0,30712.0,-0.7316010000000001,-0.5327689999999999,GHA,EGY,8418
2993321,85,68,1636,2013,0.0,11526.0,-1.1287459999999998,-1.069735,GIN,EGY,8418
2993322,90,68,1636,2013,259788.0,312668.0,0.18823800000000002,0.910906,GRC,EGY,8418
2993323,97,68,1636,2013,99585.0,0.0,0.744383,1.923139,HKG,EGY,8418
2993324,102,68,1636,2013,2168136.0,0.0,1.506101,0.7279220000000001,HUN,EGY,8418
2993325,103,68,1636,2013,30166933.0,0.0,-0.216854,1.415728,IDN,EGY,8418
2993326,104,68,1636,2013,1122412.0,101432.0,0.215356,2.3916209999999998,IND,EGY,8418
2993327,106,68,1636,2013,624439.0,3599.0,1.29988,0.240688,IRL,EGY,8418
2993328,107,68,1636,2013,548.0,0.0,-0.339172,-0.237114,IRN,EGY,8418
2993329,108,68,1636,2013,0.0,7719814.0,-2.839079,-0.8705440000000001,IRQ,EGY,8418
2993330,110,68,1636,2013,3580.0,52223.0,1.197241,0.633828,ISR,EGY,8418
2993331,111,68,1636,2013,42102931.0,29468.0,1.289924,0.533436,ITA,EGY,8418
2993332,113,68,1636,2013,1411010.0,2060200.0,0.152659,0.5889979999999999,JOR,EGY,8418
2993333,114,68,1636,2013,6242221.0,3747.0,2.3993130000000003,-0.564768,JPN,EGY,8418
2993334,116,68,1636,2013,1145.0,221590.0,-0.448112,0.8672719999999999,KEN,EGY,8418
2993335,121,68,1636,2013,22027081.0,0.0,1.818383,0.75645,KOR,EGY,8418
2993336,122,68,1636,2013,108678.0,591603.0,-0.536384,-1.08382,KWT,EGY,8418
2993337,124,68,1636,2013,3989439.0,149271.0,0.283084,1.4289100000000001,LBN,EGY,8418
2993338,126,68,1636,2013,0.0,2078865.0,-1.6241459999999999,-1.1817950000000002,LBY,EGY,8418
2993339,128,68,1636,2013,62724.0,0.0,-0.6521779999999999,0.41258599999999995,LKA,EGY,8418
2993340,131,68,1636,2013,1283.0,0.0,1.170459,1.150327,LUX,EGY,8418
2993341,134,68,1636,2013,0.0,3599798.0,-0.6494260000000001,-0.035075999999999996,MAR,EGY,8418
2993342,138,68,1636,2013,316705.0,0.0,1.048507,0.718932,MEX,EGY,8418
2993343,145,68,1636,2013,0.0,30685.0,-1.3270950000000001,-1.144547,MNG,EGY,8418
2993344,148,68,1636,2013,0.0,151764.0,-1.950532,-1.283104,MRT,EGY,8418
2993345,153,68,1636,2013,27143552.0,0.0,0.937641,0.747496,MYS,EGY,8418
2993346,159,68,1636,2013,0.0,25193.0,-1.745783,-1.1356680000000001,NGA,EGY,8418
2993347,162,68,1636,2013,2554905.0,19320.0,1.184107,1.249557,NLD,EGY,8418
2993348,166,68,1636,2013,10540.0,0.0,0.3345,0.39063000000000003,NZL,EGY,8418
2993349,167,68,1636,2013,2812.0,30528.0,-0.604175,-1.0463209999999998,OMN,EGY,8418
2993350,174,68,1636,2013,19226.0,0.0,0.507868,0.355403,PHL,EGY,8418
2993351,177,68,1636,2013,1080760.0,0.0,1.084332,1.216749,POL,EGY,8418
2993352,178,68,1636,2013,1121088.0,0.0,-0.414538,-0.22449299999999997,PRK,EGY,8418
2993353,179,68,1636,2013,307740.0,0.0,0.541454,2.5228610000000002,PRT,EGY,8418
2993354,181,68,1636,2013,0.0,192431.0,0.072979,0.7099260000000001,PSE,EGY,8418
2993355,183,68,1636,2013,1194.0,283626.0,-0.083649,-1.013491,QAT,EGY,8418
2993356,185,68,1636,2013,377266.0,0.0,0.792035,1.225034,ROU,EGY,8418
2993357,186,68,1636,2013,0.0,73657.0,0.481166,-0.180052,RUS,EGY,8418
2993358,188,68,1636,2013,1015815.0,715355.0,0.626347,-0.844406,SAU,EGY,8418
2993359,190,68,1636,2013,0.0,6176597.0,-1.254944,-1.073564,SDN,EGY,8418
2993360,191,68,1636,2013,0.0,48611.0,-0.523662,-0.309101,SEN,EGY,8418
2993361,192,68,1636,2013,1356153.0,773.0,1.915504,0.619576,SGP,EGY,8418
2993362,196,68,1636,2013,0.0,22691.0,-0.132082,-0.552921,SLE,EGY,8418
2993363,201,68,1636,2013,39607.0,5402.0,0.5717720000000001,1.174901,SRB,EGY,8418
2993364,206,68,1636,2013,533566.0,0.0,1.32064,0.7519819999999999,SVK,EGY,8418
2993365,207,68,1636,2013,222969.0,0.0,1.698374,0.563082,SVN,EGY,8418
2993366,208,68,1636,2013,963964.0,0.0,1.869421,0.228109,SWE,EGY,8418
2993367,212,68,1636,2013,167983.0,687021.0,-0.14343399999999998,1.077256,SYR,EGY,8418
2993368,216,68,1636,2013,52673403.0,0.0,0.8752139999999999,1.3798620000000001,THA,EGY,8418
2993369,223,68,1636,2013,0.0,1157812.0,0.185528,1.0070700000000001,TUN,EGY,8418
2993370,224,68,1636,2013,20962152.0,5936.0,0.42932299999999995,2.690235,TUR,EGY,8418
2993371,227,68,1636,2013,0.0,20902.0,-0.5462279999999999,0.200682,UGA,EGY,8418
2993372,228,68,1636,2013,1671.0,0.0,0.657729,0.9063200000000001,UKR,EGY,8418
2993373,231,68,1636,2013,6054844.0,156911.0,1.6639689999999998,-0.48651300000000003,USA,EGY,8418
2993374,239,68,1636,2013,1024075.0,0.0,-0.11426900000000001,1.399738,VNM,EGY,8418
2993375,243,68,1636,2013,0.0,2049039.0,-1.252605,-1.207324,YEM,EGY,8418
2993376,246,68,1636,2013,8691.0,2751.0,0.380284,1.5682120000000002,ZAF,EGY,8418
2993377,247,68,1636,2013,0.0,23421.0,-0.382129,-0.5442229999999999,ZMB,EGY,8418
2993378,248,68,1636,2013,0.0,339803.0,-0.828702,-0.899175,ZWE,EGY,8418
2993379,249,68,1636,2013,129805.0,0.0,1.843186,0.9432379999999999,TWN,EGY,8418
2993380,7,82,1636,2013,3148202.0,0.0,-0.074047,-0.585168,ARE,GEO,8418
2993381,8,82,1636,2013,8999.0,0.0,0.20314300000000002,0.494062,ARG,GEO,8418
2993382,9,82,1636,2013,12505.0,784451.0,-0.076922,-0.5781390000000001,ARM,GEO,8418
2993383,14,82,1636,2013,33945.0,0.0,-0.31145700000000004,-0.167628,AUS,GEO,8418
2993384,15,82,1636,2013,30362.0,0.0,1.7209240000000001,-0.286892,AUT,GEO,8418
2993385,16,82,1636,2013,8529.0,240371.0,-0.9232870000000001,-1.165928,AZE,GEO,8418
2993386,18,82,1636,2013,511242.0,0.0,1.316207,0.972601,BEL,GEO,8418
2993387,23,82,1636,2013,523483.0,0.0,0.5026109999999999,1.674296,BGR,GEO,8418
2993388,26,82,1636,2013,58961.0,0.0,0.46743199999999996,0.7340800000000001,BIH,GEO,8418
2993389,28,82,1636,2013,464268.0,0.0,1.036923,0.864568,BLR,GEO,8418
2993390,39,82,1636,2013,1328.0,0.0,0.719649,1.017046,CAN,GEO,8418
2993391,41,82,1636,2013,15039.0,0.0,2.2104470000000003,0.5403479999999999,CHE,GEO,8418
2993392,43,82,1636,2013,9071140.0,0.0,1.113767,1.477496,CHN,GEO,8418
2993393,59,82,1636,2013,251332.0,0.0,1.819653,-0.12423800000000002,CZE,GEO,8418
2993394,61,82,1636,2013,899799.0,16016.0,2.093658,-3.4281980000000005,DEU,GEO,8418
2993395,64,82,1636,2013,32893.0,0.0,1.161835,1.1788450000000001,DNK,GEO,8418
2993396,68,82,1636,2013,2226.0,0.0,-0.17418,1.692641,EGY,GEO,8418
2993397,71,82,1636,2013,33687.0,2385.0,0.861698,2.353993,ESP,GEO,8418
2993398,72,82,1636,2013,85419.0,0.0,0.8828940000000001,1.386574,EST,GEO,8418
2993399,74,82,1636,2013,80600.0,0.0,1.734552,0.8896940000000001,FIN,GEO,8418
2993400,77,82,1636,2013,52283.0,8883.0,1.520354,0.022874000000000002,FRA,GEO,8418
2993401,81,82,1636,2013,7360.0,0.0,1.7901259999999999,0.44164,GBR,GEO,8418
2993402,90,82,1636,2013,706219.0,0.0,0.18823800000000002,0.910906,GRC,GEO,8418
2993403,97,82,1636,2013,52393.0,0.0,0.744383,1.923139,HKG,GEO,8418
2993404,102,82,1636,2013,1765.0,0.0,1.506101,0.7279220000000001,HUN,GEO,8418
2993405,103,82,1636,2013,53619.0,0.0,-0.216854,1.415728,IDN,GEO,8418
2993406,104,82,1636,2013,414126.0,26943.0,0.215356,2.3916209999999998,IND,GEO,8418
2993407,106,82,1636,2013,5550.0,0.0,1.29988,0.240688,IRL,GEO,8418
2993408,107,82,1636,2013,125465.0,73713.0,-0.339172,-0.237114,IRN,GEO,8418
2993409,110,82,1636,2013,468227.0,818.0,1.197241,0.633828,ISR,GEO,8418
2993410,111,82,1636,2013,1976076.0,6464.0,1.289924,0.533436,ITA,GEO,8418
2993411,115,82,1636,2013,0.0,1411.0,-0.680678,-0.83347,KAZ,GEO,8418
2993412,121,82,1636,2013,2575991.0,0.0,1.818383,0.75645,KOR,GEO,8418
2993413,130,82,1636,2013,179213.0,0.0,0.737796,1.215543,LTU,GEO,8418
2993414,132,82,1636,2013,130485.0,0.0,0.6219439999999999,1.166749,LVA,GEO,8418
2993415,135,82,1636,2013,29610.0,4540.0,-0.016235,0.132104,MDA,GEO,8418
2993416,138,82,1636,2013,13778.0,0.0,1.048507,0.718932,MEX,GEO,8418
2993417,162,82,1636,2013,168147.0,5032.0,1.184107,1.249557,NLD,GEO,8418
2993418,177,82,1636,2013,464989.0,0.0,1.084332,1.216749,POL,GEO,8418
2993419,185,82,1636,2013,27200.0,0.0,0.792035,1.225034,ROU,GEO,8418
2993420,186,82,1636,2013,1543820.0,0.0,0.481166,-0.180052,RUS,GEO,8418
2993421,192,82,1636,2013,435311.0,0.0,1.915504,0.619576,SGP,GEO,8418
2993422,206,82,1636,2013,24872.0,0.0,1.32064,0.7519819999999999,SVK,GEO,8418
2993423,207,82,1636,2013,147893.0,0.0,1.698374,0.563082,SVN,GEO,8418
2993424,216,82,1636,2013,11950319.0,0.0,0.8752139999999999,1.3798620000000001,THA,GEO,8418
2993425,224,82,1636,2013,23274625.0,77050.0,0.42932299999999995,2.690235,TUR,GEO,8418
2993426,228,82,1636,2013,2331090.0,0.0,0.657729,0.9063200000000001,UKR,GEO,8418
2993427,231,82,1636,2013,72546.0,0.0,1.6639689999999998,-0.48651300000000003,USA,GEO,8418
2993428,4,100,1636,2013,0.0,46009.0,-0.53682,-0.162391,ALB,HRV,8418
2993429,7,100,1636,2013,0.0,2424.0,-0.074047,-0.585168,ARE,HRV,8418
2993430,14,100,1636,2013,0.0,1955.0,-0.31145700000000004,-0.167628,AUS,HRV,8418
2993431,15,100,1636,2013,4176066.0,1771483.0,1.7209240000000001,-0.286892,AUT,HRV,8418
2993432,18,100,1636,2013,292287.0,307418.0,1.316207,0.972601,BEL,HRV,8418
2993433,23,100,1636,2013,583504.0,67464.0,0.5026109999999999,1.674296,BGR,HRV,8418
2993434,26,100,1636,2013,713426.0,2012297.0,0.46743199999999996,0.7340800000000001,BIH,HRV,8418
2993435,28,100,1636,2013,0.0,10874.0,1.036923,0.864568,BLR,HRV,8418
2993436,32,100,1636,2013,1634.0,0.0,0.14765899999999998,0.399262,BRA,HRV,8418
2993437,39,100,1636,2013,6811.0,0.0,0.719649,1.017046,CAN,HRV,8418
2993438,41,100,1636,2013,1767.0,261832.0,2.2104470000000003,0.5403479999999999,CHE,HRV,8418
2993439,43,100,1636,2013,2043873.0,1343.0,1.113767,1.477496,CHN,HRV,8418
2993440,59,100,1636,2013,2246205.0,18309.0,1.819653,-0.12423800000000002,CZE,HRV,8418
2993441,61,100,1636,2013,2568017.0,1888670.0,2.093658,-3.4281980000000005,DEU,HRV,8418
2993442,64,100,1636,2013,988468.0,345472.0,1.161835,1.1788450000000001,DNK,HRV,8418
2993443,71,100,1636,2013,448346.0,3065.0,0.861698,2.353993,ESP,HRV,8418
2993444,74,100,1636,2013,7486.0,45158.0,1.734552,0.8896940000000001,FIN,HRV,8418
2993445,77,100,1636,2013,2644940.0,729144.0,1.520354,0.022874000000000002,FRA,HRV,8418
2993446,81,100,1636,2013,72951.0,46919.0,1.7901259999999999,0.44164,GBR,HRV,8418
2993447,90,100,1636,2013,102526.0,215833.0,0.18823800000000002,0.910906,GRC,HRV,8418
2993448,97,100,1636,2013,53213.0,0.0,0.744383,1.923139,HKG,HRV,8418
2993449,102,100,1636,2013,4500296.0,529643.0,1.506101,0.7279220000000001,HUN,HRV,8418
2993450,103,100,1636,2013,34511.0,0.0,-0.216854,1.415728,IDN,HRV,8418
2993451,106,100,1636,2013,774430.0,32738.0,1.29988,0.240688,IRL,HRV,8418
2993452,109,100,1636,2013,0.0,17515.0,0.259374,-0.20413299999999998,ISL,HRV,8418
2993453,110,100,1636,2013,41789.0,121598.0,1.197241,0.633828,ISR,HRV,8418
2993454,111,100,1636,2013,20304553.0,3630641.0,1.289924,0.533436,ITA,HRV,8418
2993455,115,100,1636,2013,0.0,42756.0,-0.680678,-0.83347,KAZ,HRV,8418
2993456,121,100,1636,2013,193448.0,0.0,1.818383,0.75645,KOR,HRV,8418
2993457,130,100,1636,2013,0.0,86652.0,0.737796,1.215543,LTU,HRV,8418
2993458,138,100,1636,2013,2033.0,0.0,1.048507,0.718932,MEX,HRV,8418
2993459,140,100,1636,2013,186609.0,19015.0,-0.10859400000000001,0.155229,MKD,HRV,8418
2993460,144,100,1636,2013,80410.0,262469.0,-0.054454999999999996,-0.164875,MNE,HRV,8418
2993461,162,100,1636,2013,432203.0,191714.0,1.184107,1.249557,NLD,HRV,8418
2993462,163,100,1636,2013,1755613.0,362971.0,0.892099,0.18168399999999998,NOR,HRV,8418
2993463,173,100,1636,2013,0.0,2201.0,-0.573852,0.357977,PER,HRV,8418
2993464,177,100,1636,2013,1419692.0,1680495.0,1.084332,1.216749,POL,HRV,8418
2993465,185,100,1636,2013,3367030.0,869247.0,0.792035,1.225034,ROU,HRV,8418
2993466,186,100,1636,2013,2481.0,143921.0,0.481166,-0.180052,RUS,HRV,8418
2993467,201,100,1636,2013,9247347.0,1145652.0,0.5717720000000001,1.174901,SRB,HRV,8418
2993468,206,100,1636,2013,1131362.0,117010.0,1.32064,0.7519819999999999,SVK,HRV,8418
2993469,207,100,1636,2013,6202739.0,1841370.0,1.698374,0.563082,SVN,HRV,8418
2993470,208,100,1636,2013,2175564.0,3421956.0,1.869421,0.228109,SWE,HRV,8418
2993471,216,100,1636,2013,2595.0,89979.0,0.8752139999999999,1.3798620000000001,THA,HRV,8418
2993472,224,100,1636,2013,6030095.0,93681.0,0.42932299999999995,2.690235,TUR,HRV,8418
2993473,228,100,1636,2013,226048.0,24323.0,0.657729,0.9063200000000001,UKR,HRV,8418
2993474,231,100,1636,2013,66693.0,177842.0,1.6639689999999998,-0.48651300000000003,USA,HRV,8418
2993475,237,100,1636,2013,0.0,88268.0,0.616863,-0.314222,VGB,HRV,8418
2993476,249,100,1636,2013,35732.0,0.0,1.843186,0.9432379999999999,TWN,HRV,8418
2993477,250,100,1636,2013,31167.0,1032.0,0.628555,0.277602,ANS,HRV,8418
2993478,7,106,1636,2013,6547.0,6705457.0,-0.074047,-0.585168,ARE,IRL,8418
2993479,8,106,1636,2013,0.0,3591.0,0.20314300000000002,0.494062,ARG,IRL,8418
2993480,9,106,1636,2013,0.0,922.0,-0.076922,-0.5781390000000001,ARM,IRL,8418
2993481,14,106,1636,2013,2149.0,10542389.0,-0.31145700000000004,-0.167628,AUS,IRL,8418
2993482,15,106,1636,2013,5157406.0,1135424.0,1.7209240000000001,-0.286892,AUT,IRL,8418
2993483,16,106,1636,2013,0.0,12175.0,-0.9232870000000001,-1.165928,AZE,IRL,8418
2993484,18,106,1636,2013,1408950.0,9373186.0,1.316207,0.972601,BEL,IRL,8418
2993485,19,106,1636,2013,0.0,13340.0,-0.919968,-0.90691,BEN,IRL,8418
2993486,23,106,1636,2013,194544.0,774440.0,0.5026109999999999,1.674296,BGR,IRL,8418
2993487,24,106,1636,2013,0.0,365844.0,0.249681,-0.6204270000000001,BHR,IRL,8418
2993488,26,106,1636,2013,0.0,14067.0,0.46743199999999996,0.7340800000000001,BIH,IRL,8418
2993489,28,106,1636,2013,0.0,788671.0,1.036923,0.864568,BLR,IRL,8418
2993490,32,106,1636,2013,0.0,150336.0,0.14765899999999998,0.399262,BRA,IRL,8418
2993491,39,106,1636,2013,71818.0,146547.0,0.719649,1.017046,CAN,IRL,8418
2993492,41,106,1636,2013,455405.0,5625101.0,2.2104470000000003,0.5403479999999999,CHE,IRL,8418
2993493,42,106,1636,2013,0.0,45960.0,-0.260718,-0.38256100000000004,CHL,IRL,8418
2993494,43,106,1636,2013,9373031.0,844734.0,1.113767,1.477496,CHN,IRL,8418
2993495,44,106,1636,2013,0.0,4330.0,-0.923558,-0.866642,CIV,IRL,8418
2993496,45,106,1636,2013,0.0,21203.0,-0.901531,-1.027111,CMR,IRL,8418
2993497,52,106,1636,2013,0.0,36087.0,0.067379,-0.688217,CRI,IRL,8418
2993498,58,106,1636,2013,0.0,97707.0,0.502238,0.349608,CYP,IRL,8418
2993499,59,106,1636,2013,3308373.0,5406788.0,1.819653,-0.12423800000000002,CZE,IRL,8418
2993500,61,106,1636,2013,5252525.0,105410639.0,2.093658,-3.4281980000000005,DEU,IRL,8418
2993501,64,106,1636,2013,2449399.0,19363768.0,1.161835,1.1788450000000001,DNK,IRL,8418
2993502,66,106,1636,2013,0.0,629685.0,-1.373947,-1.1523459999999999,DZA,IRL,8418
2993503,67,106,1636,2013,2136.0,0.0,-0.86546,-0.8888389999999999,ECU,IRL,8418
2993504,68,106,1636,2013,3599.0,624439.0,-0.17418,1.692641,EGY,IRL,8418
2993505,71,106,1636,2013,3777973.0,39622082.0,0.861698,2.353993,ESP,IRL,8418
2993506,72,106,1636,2013,19790.0,80439.0,0.8828940000000001,1.386574,EST,IRL,8418
2993507,74,106,1636,2013,46859.0,9847121.0,1.734552,0.8896940000000001,FIN,IRL,8418
2993508,75,106,1636,2013,0.0,7022.0,-0.5203369999999999,-0.122405,FJI,IRL,8418
2993509,77,106,1636,2013,10209922.0,55601881.0,1.520354,0.022874000000000002,FRA,IRL,8418
2993510,81,106,1636,2013,53797290.0,53161480.0,1.7901259999999999,0.44164,GBR,IRL,8418
2993511,82,106,1636,2013,0.0,5550.0,-0.160691,-0.393419,GEO,IRL,8418
2993512,83,106,1636,2013,0.0,58991.0,-0.7316010000000001,-0.5327689999999999,GHA,IRL,8418
2993513,90,106,1636,2013,17056.0,1074070.0,0.18823800000000002,0.910906,GRC,IRL,8418
2993514,97,106,1636,2013,1112869.0,4473.0,0.744383,1.923139,HKG,IRL,8418
2993515,100,106,1636,2013,32738.0,774430.0,0.898284,1.038807,HRV,IRL,8418
2993516,102,106,1636,2013,1422811.0,1177361.0,1.506101,0.7279220000000001,HUN,IRL,8418
2993517,104,106,1636,2013,47653.0,404688.0,0.215356,2.3916209999999998,IND,IRL,8418
2993518,108,106,1636,2013,0.0,34732.0,-2.839079,-0.8705440000000001,IRQ,IRL,8418
2993519,109,106,1636,2013,0.0,53090.0,0.259374,-0.20413299999999998,ISL,IRL,8418
2993520,110,106,1636,2013,95537.0,7278877.0,1.197241,0.633828,ISR,IRL,8418
2993521,111,106,1636,2013,14027958.0,20098296.0,1.289924,0.533436,ITA,IRL,8418
2993522,113,106,1636,2013,0.0,415795.0,0.152659,0.5889979999999999,JOR,IRL,8418
2993523,114,106,1636,2013,1629341.0,3008306.0,2.3993130000000003,-0.564768,JPN,IRL,8418
2993524,115,106,1636,2013,0.0,258632.0,-0.680678,-0.83347,KAZ,IRL,8418
2993525,116,106,1636,2013,0.0,345629.0,-0.448112,0.8672719999999999,KEN,IRL,8418
2993526,117,106,1636,2013,0.0,33379.0,-0.1035,0.339914,KGZ,IRL,8418
2993527,121,106,1636,2013,2575186.0,13355.0,1.818383,0.75645,KOR,IRL,8418
2993528,122,106,1636,2013,0.0,1828544.0,-0.536384,-1.08382,KWT,IRL,8418
2993529,124,106,1636,2013,730.0,107245.0,0.283084,1.4289100000000001,LBN,IRL,8418
2993530,126,106,1636,2013,0.0,143164.0,-1.6241459999999999,-1.1817950000000002,LBY,IRL,8418
2993531,128,106,1636,2013,0.0,4864.0,-0.6521779999999999,0.41258599999999995,LKA,IRL,8418
2993532,130,106,1636,2013,103981.0,3002735.0,0.737796,1.215543,LTU,IRL,8418
2993533,131,106,1636,2013,77325.0,17008.0,1.170459,1.150327,LUX,IRL,8418
2993534,132,106,1636,2013,0.0,338468.0,0.6219439999999999,1.166749,LVA,IRL,8418
2993535,134,106,1636,2013,0.0,135423.0,-0.6494260000000001,-0.035075999999999996,MAR,IRL,8418
2993536,135,106,1636,2013,0.0,57067.0,-0.016235,0.132104,MDA,IRL,8418
2993537,138,106,1636,2013,57912.0,79562.0,1.048507,0.718932,MEX,IRL,8418
2993538,140,106,1636,2013,0.0,1561.0,-0.10859400000000001,0.155229,MKD,IRL,8418
2993539,148,106,1636,2013,0.0,3184.0,-1.950532,-1.283104,MRT,IRL,8418
2993540,151,106,1636,2013,0.0,67529.0,-0.158852,0.0061600000000000005,MUS,IRL,8418
2993541,153,106,1636,2013,33256.0,81306.0,0.937641,0.747496,MYS,IRL,8418
2993542,154,106,1636,2013,0.0,87999.0,0.9851690000000001,-0.504069,MYT,IRL,8418
2993543,156,106,1636,2013,0.0,2950.0,-0.136052,-0.703913,NCL,IRL,8418
2993544,159,106,1636,2013,0.0,34023.0,-1.745783,-1.1356680000000001,NGA,IRL,8418
2993545,162,106,1636,2013,4845077.0,21713639.0,1.184107,1.249557,NLD,IRL,8418
2993546,163,106,1636,2013,13786.0,6328237.0,0.892099,0.18168399999999998,NOR,IRL,8418
2993547,166,106,1636,2013,1967.0,1754852.0,0.3345,0.39063000000000003,NZL,IRL,8418
2993548,167,106,1636,2013,0.0,2033284.0,-0.604175,-1.0463209999999998,OMN,IRL,8418
2993549,168,106,1636,2013,68192.0,56826.0,-0.75727,0.769703,PAK,IRL,8418
2993550,174,106,1636,2013,0.0,8832.0,0.507868,0.355403,PHL,IRL,8418
2993551,177,106,1636,2013,1414283.0,27621762.0,1.084332,1.216749,POL,IRL,8418
2993552,179,106,1636,2013,827886.0,1558273.0,0.541454,2.5228610000000002,PRT,IRL,8418
2993553,183,106,1636,2013,0.0,1834160.0,-0.083649,-1.013491,QAT,IRL,8418
2993554,185,106,1636,2013,1964560.0,676980.0,0.792035,1.225034,ROU,IRL,8418
2993555,186,106,1636,2013,0.0,1795209.0,0.481166,-0.180052,RUS,IRL,8418
2993556,188,106,1636,2013,0.0,14657193.0,0.626347,-0.844406,SAU,IRL,8418
2993557,190,106,1636,2013,0.0,1294.0,-1.254944,-1.073564,SDN,IRL,8418
2993558,192,106,1636,2013,0.0,829251.0,1.915504,0.619576,SGP,IRL,8418
2993559,201,106,1636,2013,0.0,343659.0,0.5717720000000001,1.174901,SRB,IRL,8418
2993560,206,106,1636,2013,91494.0,256720.0,1.32064,0.7519819999999999,SVK,IRL,8418
2993561,207,106,1636,2013,89346.0,10211.0,1.698374,0.563082,SVN,IRL,8418
2993562,208,106,1636,2013,2885802.0,11804411.0,1.869421,0.228109,SWE,IRL,8418
2993563,216,106,1636,2013,1065642.0,1104993.0,0.8752139999999999,1.3798620000000001,THA,IRL,8418
2993564,223,106,1636,2013,0.0,334308.0,0.185528,1.0070700000000001,TUN,IRL,8418
2993565,224,106,1636,2013,6025433.0,13150189.0,0.42932299999999995,2.690235,TUR,IRL,8418
2993566,226,106,1636,2013,0.0,83817.0,-0.9306770000000001,0.273489,TZA,IRL,8418
2993567,227,106,1636,2013,0.0,18985.0,-0.5462279999999999,0.200682,UGA,IRL,8418
2993568,228,106,1636,2013,0.0,274349.0,0.657729,0.9063200000000001,UKR,IRL,8418
2993569,231,106,1636,2013,4179668.0,1290040.0,1.6639689999999998,-0.48651300000000003,USA,IRL,8418
2993570,239,106,1636,2013,3047.0,114697.0,-0.11426900000000001,1.399738,VNM,IRL,8418
2993571,246,106,1636,2013,7081.0,12376849.0,0.380284,1.5682120000000002,ZAF,IRL,8418
2993572,249,106,1636,2013,139312.0,481562.0,1.843186,0.9432379999999999,TWN,IRL,8418
2993573,250,106,1636,2013,511978.0,2134558.0,0.628555,0.277602,ANS,IRL,8418
2993574,1,107,1636,2013,0.0,1749866.0,-0.985727,-0.7164550000000001,AFG,IRN,8418
2993575,7,107,1636,2013,51458820.0,210079.0,-0.074047,-0.585168,ARE,IRN,8418
2993576,9,107,1636,2013,0.0,361471.0,-0.076922,-0.5781390000000001,ARM,IRN,8418
2993577,14,107,1636,2013,0.0,7876.0,-0.31145700000000004,-0.167628,AUS,IRN,8418
2993578,15,107,1636,2013,12224.0,0.0,1.7209240000000001,-0.286892,AUT,IRN,8418
2993579,16,107,1636,2013,0.0,333488.0,-0.9232870000000001,-1.165928,AZE,IRN,8418
2993580,18,107,1636,2013,252342.0,0.0,1.316207,0.972601,BEL,IRN,8418
2993581,23,107,1636,2013,4469.0,0.0,0.5026109999999999,1.674296,BGR,IRN,8418
2993582,26,107,1636,2013,0.0,1512.0,0.46743199999999996,0.7340800000000001,BIH,IRN,8418
2993583,28,107,1636,2013,0.0,1753.0,1.036923,0.864568,BLR,IRN,8418
2993584,41,107,1636,2013,6676.0,0.0,2.2104470000000003,0.5403479999999999,CHE,IRN,8418
2993585,43,107,1636,2013,32080783.0,2180.0,1.113767,1.477496,CHN,IRN,8418
2993586,45,107,1636,2013,0.0,1209.0,-0.901531,-1.027111,CMR,IRN,8418
2993587,59,107,1636,2013,3030.0,0.0,1.819653,-0.12423800000000002,CZE,IRN,8418
2993588,61,107,1636,2013,2937843.0,0.0,2.093658,-3.4281980000000005,DEU,IRN,8418
2993589,64,107,1636,2013,1680242.0,0.0,1.161835,1.1788450000000001,DNK,IRN,8418
2993590,68,107,1636,2013,0.0,548.0,-0.17418,1.692641,EGY,IRN,8418
2993591,71,107,1636,2013,794489.0,50454.0,0.861698,2.353993,ESP,IRN,8418
2993592,74,107,1636,2013,4725.0,11343.0,1.734552,0.8896940000000001,FIN,IRN,8418
2993593,77,107,1636,2013,206319.0,19987.0,1.520354,0.022874000000000002,FRA,IRN,8418
2993594,82,107,1636,2013,73713.0,125465.0,-0.160691,-0.393419,GEO,IRN,8418
2993595,97,107,1636,2013,57609.0,0.0,0.744383,1.923139,HKG,IRN,8418
2993596,103,107,1636,2013,391552.0,0.0,-0.216854,1.415728,IDN,IRN,8418
2993597,104,107,1636,2013,19731801.0,0.0,0.215356,2.3916209999999998,IND,IRN,8418
2993598,108,107,1636,2013,17689.0,4687983.0,-2.839079,-0.8705440000000001,IRQ,IRN,8418
2993599,111,107,1636,2013,2249272.0,0.0,1.289924,0.533436,ITA,IRN,8418
2993600,114,107,1636,2013,154224.0,0.0,2.3993130000000003,-0.564768,JPN,IRN,8418
2993601,117,107,1636,2013,0.0,59193.0,-0.1035,0.339914,KGZ,IRN,8418
2993602,121,107,1636,2013,262070539.0,8818.0,1.818383,0.75645,KOR,IRN,8418
2993603,122,107,1636,2013,759537.0,4738.0,-0.536384,-1.08382,KWT,IRN,8418
2993604,128,107,1636,2013,0.0,27243.0,-0.6521779999999999,0.41258599999999995,LKA,IRN,8418
2993605,131,107,1636,2013,0.0,4247.0,1.170459,1.150327,LUX,IRN,8418
2993606,138,107,1636,2013,145329.0,0.0,1.048507,0.718932,MEX,IRN,8418
2993607,153,107,1636,2013,2210563.0,0.0,0.937641,0.747496,MYS,IRN,8418
2993608,162,107,1636,2013,208540.0,0.0,1.184107,1.249557,NLD,IRN,8418
2993609,167,107,1636,2013,428454.0,0.0,-0.604175,-1.0463209999999998,OMN,IRN,8418
2993610,168,107,1636,2013,0.0,109374.0,-0.75727,0.769703,PAK,IRN,8418
2993611,177,107,1636,2013,209526.0,0.0,1.084332,1.216749,POL,IRN,8418
2993612,179,107,1636,2013,14145.0,0.0,0.541454,2.5228610000000002,PRT,IRN,8418
2993613,183,107,1636,2013,0.0,130409.0,-0.083649,-1.013491,QAT,IRN,8418
2993614,185,107,1636,2013,0.0,29598.0,0.792035,1.225034,ROU,IRN,8418
2993615,186,107,1636,2013,10628.0,8785.0,0.481166,-0.180052,RUS,IRN,8418
2993616,192,107,1636,2013,40350.0,0.0,1.915504,0.619576,SGP,IRN,8418
2993617,207,107,1636,2013,250774.0,0.0,1.698374,0.563082,SVN,IRN,8418
2993618,208,107,1636,2013,39482.0,2551.0,1.869421,0.228109,SWE,IRN,8418
2993619,216,107,1636,2013,1168535.0,0.0,0.8752139999999999,1.3798620000000001,THA,IRN,8418
2993620,217,107,1636,2013,0.0,549072.0,-1.2512889999999999,-1.16402,TJK,IRN,8418
2993621,219,107,1636,2013,0.0,1380692.0,-1.6186770000000001,-1.2210969999999999,TKM,IRN,8418
2993622,223,107,1636,2013,0.0,831.0,0.185528,1.0070700000000001,TUN,IRN,8418
2993623,224,107,1636,2013,8144969.0,189116.0,0.42932299999999995,2.690235,TUR,IRN,8418
2993624,228,107,1636,2013,69925.0,2079.0,0.657729,0.9063200000000001,UKR,IRN,8418
2993625,232,107,1636,2013,5241.0,70812.0,-0.748212,-0.567268,UZB,IRN,8418
2993626,246,107,1636,2013,7372.0,0.0,0.380284,1.5682120000000002,ZAF,IRN,8418
2993627,249,107,1636,2013,1272251.0,0.0,1.843186,0.9432379999999999,TWN,IRN,8418
2993628,250,107,1636,2013,2529645.0,0.0,0.628555,0.277602,ANS,IRN,8418
2993629,1,114,1636,2013,0.0,216055.0,-0.985727,-0.7164550000000001,AFG,JPN,8418
2993630,2,114,1636,2013,0.0,1278205.0,-1.172043,-1.133735,AGO,JPN,8418
2993631,5,114,1636,2013,0.0,130.0,0.9666530000000001,-0.159606,AND,JPN,8418
2993632,7,114,1636,2013,4893.0,3487871.0,-0.074047,-0.585168,ARE,JPN,8418
2993633,8,114,1636,2013,0.0,270918.0,0.20314300000000002,0.494062,ARG,JPN,8418
2993634,9,114,1636,2013,0.0,784.0,-0.076922,-0.5781390000000001,ARM,JPN,8418
2993635,14,114,1636,2013,31542.0,8476618.0,-0.31145700000000004,-0.167628,AUS,JPN,8418
2993636,15,114,1636,2013,1844175.0,1973871.0,1.7209240000000001,-0.286892,AUT,JPN,8418
2993637,16,114,1636,2013,0.0,31022.0,-0.9232870000000001,-1.165928,AZE,JPN,8418
2993638,18,114,1636,2013,570757.0,1784494.0,1.316207,0.972601,BEL,JPN,8418
2993639,19,114,1636,2013,0.0,1416.0,-0.919968,-0.90691,BEN,JPN,8418
2993640,21,114,1636,2013,0.0,276.0,-0.9110360000000001,-0.852492,BFA,JPN,8418
2993641,22,114,1636,2013,0.0,109159.0,-1.101916,-0.734646,BGD,JPN,8418
2993642,23,114,1636,2013,204448.0,3038.0,0.5026109999999999,1.674296,BGR,JPN,8418
2993643,24,114,1636,2013,0.0,71147.0,0.249681,-0.6204270000000001,BHR,JPN,8418
2993644,25,114,1636,2013,0.0,20524.0,0.756732,-0.369842,BHS,JPN,8418
2993645,26,114,1636,2013,0.0,11059.0,0.46743199999999996,0.7340800000000001,BIH,JPN,8418
2993646,28,114,1636,2013,0.0,129997.0,1.036923,0.864568,BLR,JPN,8418
2993647,29,114,1636,2013,2447.0,0.0,-0.35218299999999997,-0.508891,BLZ,JPN,8418
2993648,31,114,1636,2013,0.0,110526.0,-1.039614,-0.95663,BOL,JPN,8418
2993649,32,114,1636,2013,70312.0,2697297.0,0.14765899999999998,0.399262,BRA,JPN,8418
2993650,33,114,1636,2013,0.0,1131.0,0.6969489999999999,0.135283,BRB,JPN,8418
2993651,34,114,1636,2013,0.0,200051.0,-0.866827,-0.795995,BRN,JPN,8418
2993652,39,114,1636,2013,2021425.0,2119978.0,0.719649,1.017046,CAN,JPN,8418
2993653,41,114,1636,2013,1094871.0,2208264.0,2.2104470000000003,0.5403479999999999,CHE,JPN,8418
2993654,42,114,1636,2013,0.0,397282.0,-0.260718,-0.38256100000000004,CHL,JPN,8418
2993655,43,114,1636,2013,715908735.0,90388354.0,1.113767,1.477496,CHN,JPN,8418
2993656,44,114,1636,2013,0.0,10380.0,-0.923558,-0.866642,CIV,JPN,8418
2993657,45,114,1636,2013,0.0,65466.0,-0.901531,-1.027111,CMR,JPN,8418
2993658,47,114,1636,2013,0.0,6185.0,-1.215681,-1.08679,COG,JPN,8418
2993659,49,114,1636,2013,0.0,229040.0,0.121799,-0.388239,COL,JPN,8418
2993660,51,114,1636,2013,0.0,59943.0,-0.75058,-0.8948219999999999,CPV,JPN,8418
2993661,52,114,1636,2013,1180.0,127009.0,0.067379,-0.688217,CRI,JPN,8418
2993662,58,114,1636,2013,0.0,46779.0,0.502238,0.349608,CYP,JPN,8418
2993663,59,114,1636,2013,1009814.0,1956128.0,1.819653,-0.12423800000000002,CZE,JPN,8418
2993664,61,114,1636,2013,12688816.0,33535483.0,2.093658,-3.4281980000000005,DEU,JPN,8418
2993665,64,114,1636,2013,7514035.0,340417.0,1.161835,1.1788450000000001,DNK,JPN,8418
2993666,65,114,1636,2013,0.0,98436.0,-0.277269,0.432388,DOM,JPN,8418
2993667,66,114,1636,2013,0.0,96890.0,-1.373947,-1.1523459999999999,DZA,JPN,8418
2993668,67,114,1636,2013,0.0,59004.0,-0.86546,-0.8888389999999999,ECU,JPN,8418
2993669,68,114,1636,2013,3747.0,6242221.0,-0.17418,1.692641,EGY,JPN,8418
2993670,71,114,1636,2013,173141.0,4373681.0,0.861698,2.353993,ESP,JPN,8418
2993671,72,114,1636,2013,0.0,53933.0,0.8828940000000001,1.386574,EST,JPN,8418
2993672,73,114,1636,2013,0.0,42557.0,-1.264002,-0.9594219999999999,ETH,JPN,8418
2993673,74,114,1636,2013,459386.0,417504.0,1.734552,0.8896940000000001,FIN,JPN,8418
2993674,75,114,1636,2013,0.0,177491.0,-0.5203369999999999,-0.122405,FJI,JPN,8418
2993675,77,114,1636,2013,4615697.0,12105865.0,1.520354,0.022874000000000002,FRA,JPN,8418
2993676,79,114,1636,2013,0.0,143510.0,-0.234314,-0.8260700000000001,FSM,JPN,8418
2993677,81,114,1636,2013,2082338.0,25590275.0,1.7901259999999999,0.44164,GBR,JPN,8418
2993678,83,114,1636,2013,0.0,630558.0,-0.7316010000000001,-0.5327689999999999,GHA,JPN,8418
2993679,84,114,1636,2013,0.0,4529.0,0.991136,-0.603793,GIB,JPN,8418
2993680,85,114,1636,2013,0.0,28704.0,-1.1287459999999998,-1.069735,GIN,JPN,8418
2993681,90,114,1636,2013,120426.0,602927.0,0.18823800000000002,0.910906,GRC,JPN,8418
2993682,93,114,1636,2013,0.0,2050.0,-0.41466499999999995,0.774788,GTM,JPN,8418
2993683,95,114,1636,2013,0.0,304620.0,0.483541,0.281968,GUM,JPN,8418
2993684,97,114,1636,2013,1675794.0,18807284.0,0.744383,1.923139,HKG,JPN,8418
2993685,101,114,1636,2013,0.0,14397.0,-1.095392,-0.957326,HTI,JPN,8418
2993686,102,114,1636,2013,1166582.0,35270.0,1.506101,0.7279220000000001,HUN,JPN,8418
2993687,103,114,1636,2013,9429810.0,5117998.0,-0.216854,1.415728,IDN,JPN,8418
2993688,104,114,1636,2013,531015.0,1771448.0,0.215356,2.3916209999999998,IND,JPN,8418
2993689,106,114,1636,2013,3008306.0,1629341.0,1.29988,0.240688,IRL,JPN,8418
2993690,107,114,1636,2013,0.0,154224.0,-0.339172,-0.237114,IRN,JPN,8418
2993691,109,114,1636,2013,0.0,11960.0,0.259374,-0.20413299999999998,ISL,JPN,8418
2993692,110,114,1636,2013,70785.0,15802670.0,1.197241,0.633828,ISR,JPN,8418
2993693,111,114,1636,2013,13381191.0,5540184.0,1.289924,0.533436,ITA,JPN,8418
2993694,112,114,1636,2013,0.0,32983.0,-0.541441,-0.8448559999999999,JAM,JPN,8418
2993695,113,114,1636,2013,0.0,58635.0,0.152659,0.5889979999999999,JOR,JPN,8418
2993696,115,114,1636,2013,0.0,109447.0,-0.680678,-0.83347,KAZ,JPN,8418
2993697,116,114,1636,2013,0.0,77551.0,-0.448112,0.8672719999999999,KEN,JPN,8418
2993698,117,114,1636,2013,0.0,113525.0,-0.1035,0.339914,KGZ,JPN,8418
2993699,118,114,1636,2013,0.0,42517.0,-1.054758,-0.872352,KHM,JPN,8418
2993700,119,114,1636,2013,0.0,52897.0,-0.258825,-0.781927,KIR,JPN,8418
2993701,121,114,1636,2013,71710566.0,31036793.0,1.818383,0.75645,KOR,JPN,8418
2993702,122,114,1636,2013,0.0,270133.0,-0.536384,-1.08382,KWT,JPN,8418
2993703,123,114,1636,2013,0.0,50142.0,-1.204446,-0.8571489999999999,LAO,JPN,8418
2993704,124,114,1636,2013,0.0,94971.0,0.283084,1.4289100000000001,LBN,JPN,8418
2993705,126,114,1636,2013,0.0,260793.0,-1.6241459999999999,-1.1817950000000002,LBY,JPN,8418
2993706,128,114,1636,2013,0.0,79930.0,-0.6521779999999999,0.41258599999999995,LKA,JPN,8418
2993707,130,114,1636,2013,26405.0,17738.0,0.737796,1.215543,LTU,JPN,8418
2993708,131,114,1636,2013,1058.0,83920.0,1.170459,1.150327,LUX,JPN,8418
2993709,133,114,1636,2013,0.0,29326.0,0.252209,0.184401,MAC,JPN,8418
2993710,134,114,1636,2013,0.0,50199.0,-0.6494260000000001,-0.035075999999999996,MAR,JPN,8418
2993711,135,114,1636,2013,0.0,3958.0,-0.016235,0.132104,MDA,JPN,8418
2993712,136,114,1636,2013,0.0,4160.0,-1.068565,-0.364254,MDG,JPN,8418
2993713,137,114,1636,2013,0.0,2103.0,-0.21889699999999998,-0.776392,MDV,JPN,8418
2993714,138,114,1636,2013,977899.0,2646047.0,1.048507,0.718932,MEX,JPN,8418
2993715,139,114,1636,2013,0.0,9109.0,-0.980348,-0.8763219999999999,MHL,JPN,8418
2993716,140,114,1636,2013,0.0,5073.0,-0.10859400000000001,0.155229,MKD,JPN,8418
2993717,143,114,1636,2013,0.0,146544.0,-1.230787,-0.737375,MMR,JPN,8418
2993718,144,114,1636,2013,0.0,7076.0,-0.054454999999999996,-0.164875,MNE,JPN,8418
2993719,145,114,1636,2013,0.0,168116.0,-1.3270950000000001,-1.144547,MNG,JPN,8418
2993720,146,114,1636,2013,0.0,46941.0,0.596753,-0.118522,MNP,JPN,8418
2993721,147,114,1636,2013,0.0,25671.0,-1.326323,-1.050969,MOZ,JPN,8418
2993722,151,114,1636,2013,0.0,4038.0,-0.158852,0.0061600000000000005,MUS,JPN,8418
2993723,152,114,1636,2013,0.0,4669.0,-0.8992120000000001,-0.862175,MWI,JPN,8418
2993724,153,114,1636,2013,5138734.0,22603435.0,0.937641,0.747496,MYS,JPN,8418
2993725,155,114,1636,2013,0.0,11746.0,-0.308643,-0.480617,NAM,JPN,8418
2993726,156,114,1636,2013,0.0,11896.0,-0.136052,-0.703913,NCL,JPN,8418
2993727,157,114,1636,2013,0.0,174.0,-1.268738,-0.942256,NER,JPN,8418
2993728,159,114,1636,2013,0.0,30794.0,-1.745783,-1.1356680000000001,NGA,JPN,8418
2993729,160,114,1636,2013,0.0,37534.0,-0.9277,-0.6842630000000001,NIC,JPN,8418
2993730,162,114,1636,2013,2134631.0,24203282.0,1.184107,1.249557,NLD,JPN,8418
2993731,163,114,1636,2013,4132.0,820385.0,0.892099,0.18168399999999998,NOR,JPN,8418
2993732,165,114,1636,2013,0.0,44840.0,0.8494780000000001,-0.587259,NRU,JPN,8418
2993733,166,114,1636,2013,3912229.0,904229.0,0.3345,0.39063000000000003,NZL,JPN,8418
2993734,167,114,1636,2013,0.0,274588.0,-0.604175,-1.0463209999999998,OMN,JPN,8418
2993735,168,114,1636,2013,0.0,1000995.0,-0.75727,0.769703,PAK,JPN,8418
2993736,169,114,1636,2013,0.0,551854.0,0.735637,1.161718,PAN,JPN,8418
2993737,173,114,1636,2013,1784.0,269176.0,-0.573852,0.357977,PER,JPN,8418
2993738,174,114,1636,2013,8382530.0,2843735.0,0.507868,0.355403,PHL,JPN,8418
2993739,175,114,1636,2013,0.0,73395.0,0.232127,-0.716653,PLW,JPN,8418
2993740,176,114,1636,2013,0.0,81401.0,-1.444244,-1.144231,PNG,JPN,8418
2993741,177,114,1636,2013,38701.0,1985066.0,1.084332,1.216749,POL,JPN,8418
2993742,179,114,1636,2013,0.0,310923.0,0.541454,2.5228610000000002,PRT,JPN,8418
2993743,180,114,1636,2013,0.0,26838.0,-0.566239,-0.9273459999999999,PRY,JPN,8418
2993744,181,114,1636,2013,0.0,585.0,0.072979,0.7099260000000001,PSE,JPN,8418
2993745,182,114,1636,2013,0.0,10647.0,-0.146044,-0.7055359999999999,PYF,JPN,8418
2993746,183,114,1636,2013,0.0,3513192.0,-0.083649,-1.013491,QAT,JPN,8418
2993747,185,114,1636,2013,2857.0,16760.0,0.792035,1.225034,ROU,JPN,8418
2993748,186,114,1636,2013,16559.0,7982412.0,0.481166,-0.180052,RUS,JPN,8418
2993749,188,114,1636,2013,0.0,3548460.0,0.626347,-0.844406,SAU,JPN,8418
2993750,190,114,1636,2013,0.0,7583.0,-1.254944,-1.073564,SDN,JPN,8418
2993751,191,114,1636,2013,0.0,106184.0,-0.523662,-0.309101,SEN,JPN,8418
2993752,192,114,1636,2013,958676.0,19573174.0,1.915504,0.619576,SGP,JPN,8418
2993753,195,114,1636,2013,0.0,68843.0,-0.9350860000000001,-0.877676,SLB,JPN,8418
2993754,197,114,1636,2013,0.0,28789.0,-0.021029,0.381522,SLV,JPN,8418
2993755,201,114,1636,2013,5555.0,11442.0,0.5717720000000001,1.174901,SRB,JPN,8418
2993756,202,114,1636,2013,0.0,33231.0,-2.57,-0.8567969999999999,SSD,JPN,8418
2993757,205,114,1636,2013,0.0,8796.0,-0.417865,-0.7600399999999999,SUR,JPN,8418
2993758,206,114,1636,2013,51917.0,88258.0,1.32064,0.7519819999999999,SVK,JPN,8418
2993759,207,114,1636,2013,24869.0,348125.0,1.698374,0.563082,SVN,JPN,8418
2993760,208,114,1636,2013,2505070.0,4479680.0,1.869421,0.228109,SWE,JPN,8418
2993761,209,114,1636,2013,0.0,5941.0,0.109267,-0.275005,SWZ,JPN,8418
2993762,211,114,1636,2013,0.0,16911.0,0.270999,-0.474095,SYC,JPN,8418
2993763,216,114,1636,2013,327819175.0,13907495.0,0.8752139999999999,1.3798620000000001,THA,JPN,8418
2993764,219,114,1636,2013,0.0,2715.0,-1.6186770000000001,-1.2210969999999999,TKM,JPN,8418
2993765,220,114,1636,2013,0.0,2436.0,-0.376633,-0.73677,TLS,JPN,8418
2993766,222,114,1636,2013,0.0,4126.0,-0.280641,-1.083332,TTO,JPN,8418
2993767,223,114,1636,2013,0.0,35280.0,0.185528,1.0070700000000001,TUN,JPN,8418
2993768,224,114,1636,2013,465384.0,3224163.0,0.42932299999999995,2.690235,TUR,JPN,8418
2993769,226,114,1636,2013,0.0,38179.0,-0.9306770000000001,0.273489,TZA,JPN,8418
2993770,227,114,1636,2013,0.0,16247.0,-0.5462279999999999,0.200682,UGA,JPN,8418
2993771,228,114,1636,2013,0.0,230394.0,0.657729,0.9063200000000001,UKR,JPN,8418
2993772,230,114,1636,2013,0.0,242923.0,0.20190999999999998,-0.19777999999999998,URY,JPN,8418
2993773,231,114,1636,2013,41409096.0,63373758.0,1.6639689999999998,-0.48651300000000003,USA,JPN,8418
2993774,236,114,1636,2013,0.0,23156.0,-0.778172,-1.107059,VEN,JPN,8418
2993775,239,114,1636,2013,2231528.0,5588907.0,-0.11426900000000001,1.399738,VNM,JPN,8418
2993776,242,114,1636,2013,0.0,3440.0,0.824724,0.056441,WSM,JPN,8418
2993777,243,114,1636,2013,0.0,13006.0,-1.252605,-1.207324,YEM,JPN,8418
2993778,246,114,1636,2013,0.0,1242045.0,0.380284,1.5682120000000002,ZAF,JPN,8418
2993779,247,114,1636,2013,0.0,98545.0,-0.382129,-0.5442229999999999,ZMB,JPN,8418
2993780,248,114,1636,2013,0.0,16933.0,-0.828702,-0.899175,ZWE,JPN,8418
2993781,249,114,1636,2013,7893507.0,85728177.0,1.843186,0.9432379999999999,TWN,JPN,8418
2993782,7,115,1636,2013,189469.0,0.0,-0.074047,-0.585168,ARE,KAZ,8418
2993783,14,115,1636,2013,3117.0,0.0,-0.31145700000000004,-0.167628,AUS,KAZ,8418
2993784,15,115,1636,2013,306134.0,0.0,1.7209240000000001,-0.286892,AUT,KAZ,8418
2993785,18,115,1636,2013,258063.0,0.0,1.316207,0.972601,BEL,KAZ,8418
2993786,23,115,1636,2013,38071.0,0.0,0.5026109999999999,1.674296,BGR,KAZ,8418
2993787,28,115,1636,2013,15035379.0,0.0,1.036923,0.864568,BLR,KAZ,8418
2993788,41,115,1636,2013,20694.0,0.0,2.2104470000000003,0.5403479999999999,CHE,KAZ,8418
2993789,43,115,1636,2013,47157874.0,0.0,1.113767,1.477496,CHN,KAZ,8418
2993790,58,115,1636,2013,104664.0,0.0,0.502238,0.349608,CYP,KAZ,8418
2993791,59,115,1636,2013,1001459.0,0.0,1.819653,-0.12423800000000002,CZE,KAZ,8418
2993792,61,115,1636,2013,5306876.0,0.0,2.093658,-3.4281980000000005,DEU,KAZ,8418
2993793,64,115,1636,2013,383938.0,0.0,1.161835,1.1788450000000001,DNK,KAZ,8418
2993794,71,115,1636,2013,807565.0,0.0,0.861698,2.353993,ESP,KAZ,8418
2993795,74,115,1636,2013,33109.0,0.0,1.734552,0.8896940000000001,FIN,KAZ,8418
2993796,77,115,1636,2013,1524359.0,2076.0,1.520354,0.022874000000000002,FRA,KAZ,8418
2993797,81,115,1636,2013,302480.0,130447.0,1.7901259999999999,0.44164,GBR,KAZ,8418
2993798,82,115,1636,2013,1411.0,0.0,-0.160691,-0.393419,GEO,KAZ,8418
2993799,90,115,1636,2013,36186.0,0.0,0.18823800000000002,0.910906,GRC,KAZ,8418
2993800,97,115,1636,2013,3832.0,0.0,0.744383,1.923139,HKG,KAZ,8418
2993801,100,115,1636,2013,42756.0,0.0,0.898284,1.038807,HRV,KAZ,8418
2993802,102,115,1636,2013,216033.0,0.0,1.506101,0.7279220000000001,HUN,KAZ,8418
2993803,103,115,1636,2013,73879.0,0.0,-0.216854,1.415728,IDN,KAZ,8418
2993804,104,115,1636,2013,3517.0,0.0,0.215356,2.3916209999999998,IND,KAZ,8418
2993805,106,115,1636,2013,258632.0,0.0,1.29988,0.240688,IRL,KAZ,8418
2993806,110,115,1636,2013,41152.0,0.0,1.197241,0.633828,ISR,KAZ,8418
2993807,111,115,1636,2013,4947352.0,0.0,1.289924,0.533436,ITA,KAZ,8418
2993808,114,115,1636,2013,109447.0,0.0,2.3993130000000003,-0.564768,JPN,KAZ,8418
2993809,117,115,1636,2013,713074.0,106628.0,-0.1035,0.339914,KGZ,KAZ,8418
2993810,121,115,1636,2013,15950617.0,0.0,1.818383,0.75645,KOR,KAZ,8418
2993811,130,115,1636,2013,2108376.0,0.0,0.737796,1.215543,LTU,KAZ,8418
2993812,131,115,1636,2013,225055.0,0.0,1.170459,1.150327,LUX,KAZ,8418
2993813,132,115,1636,2013,84436.0,0.0,0.6219439999999999,1.166749,LVA,KAZ,8418
2993814,135,115,1636,2013,134739.0,0.0,-0.016235,0.132104,MDA,KAZ,8418
2993815,138,115,1636,2013,87000.0,0.0,1.048507,0.718932,MEX,KAZ,8418
2993816,145,115,1636,2013,0.0,36784.0,-1.3270950000000001,-1.144547,MNG,KAZ,8418
2993817,153,115,1636,2013,1217.0,0.0,0.937641,0.747496,MYS,KAZ,8418
2993818,162,115,1636,2013,955424.0,718.0,1.184107,1.249557,NLD,KAZ,8418
2993819,177,115,1636,2013,2199152.0,824.0,1.084332,1.216749,POL,KAZ,8418
2993820,179,115,1636,2013,4350.0,0.0,0.541454,2.5228610000000002,PRT,KAZ,8418
2993821,185,115,1636,2013,25278.0,0.0,0.792035,1.225034,ROU,KAZ,8418
2993822,186,115,1636,2013,81230021.0,2415624.0,0.481166,-0.180052,RUS,KAZ,8418
2993823,192,115,1636,2013,3505.0,0.0,1.915504,0.619576,SGP,KAZ,8418
2993824,201,115,1636,2013,158152.0,0.0,0.5717720000000001,1.174901,SRB,KAZ,8418
2993825,206,115,1636,2013,7634.0,0.0,1.32064,0.7519819999999999,SVK,KAZ,8418
2993826,207,115,1636,2013,279153.0,0.0,1.698374,0.563082,SVN,KAZ,8418
2993827,208,115,1636,2013,118475.0,0.0,1.869421,0.228109,SWE,KAZ,8418
2993828,216,115,1636,2013,1151510.0,0.0,0.8752139999999999,1.3798620000000001,THA,KAZ,8418
2993829,219,115,1636,2013,0.0,13755.0,-1.6186770000000001,-1.2210969999999999,TKM,KAZ,8418
2993830,224,115,1636,2013,12083404.0,0.0,0.42932299999999995,2.690235,TUR,KAZ,8418
2993831,228,115,1636,2013,20336252.0,0.0,0.657729,0.9063200000000001,UKR,KAZ,8418
2993832,231,115,1636,2013,733644.0,0.0,1.6639689999999998,-0.48651300000000003,USA,KAZ,8418
2993833,249,115,1636,2013,141219.0,0.0,1.843186,0.9432379999999999,TWN,KAZ,8418
2993834,7,116,1636,2013,360923.0,1064.0,-0.074047,-0.585168,ARE,KEN,8418
2993835,14,116,1636,2013,28093.0,0.0,-0.31145700000000004,-0.167628,AUS,KEN,8418
2993836,15,116,1636,2013,47310.0,0.0,1.7209240000000001,-0.286892,AUT,KEN,8418
2993837,17,116,1636,2013,0.0,2717.0,-0.824903,-0.906436,BDI,KEN,8418
2993838,18,116,1636,2013,179841.0,0.0,1.316207,0.972601,BEL,KEN,8418
2993839,32,116,1636,2013,8495.0,0.0,0.14765899999999998,0.399262,BRA,KEN,8418
2993840,37,116,1636,2013,0.0,1023.0,-0.46761499999999995,-1.0842040000000002,BWA,KEN,8418
2993841,39,116,1636,2013,1154.0,0.0,0.719649,1.017046,CAN,KEN,8418
2993842,41,116,1636,2013,13063.0,0.0,2.2104470000000003,0.5403479999999999,CHE,KEN,8418
2993843,43,116,1636,2013,12733336.0,0.0,1.113767,1.477496,CHN,KEN,8418
2993844,46,116,1636,2013,0.0,59621.0,-1.300125,-1.0708010000000001,COD,KEN,8418
2993845,59,116,1636,2013,3535.0,0.0,1.819653,-0.12423800000000002,CZE,KEN,8418
2993846,61,116,1636,2013,834997.0,0.0,2.093658,-3.4281980000000005,DEU,KEN,8418
2993847,64,116,1636,2013,516689.0,0.0,1.161835,1.1788450000000001,DNK,KEN,8418
2993848,68,116,1636,2013,221590.0,1145.0,-0.17418,1.692641,EGY,KEN,8418
2993849,71,116,1636,2013,281023.0,0.0,0.861698,2.353993,ESP,KEN,8418
2993850,73,116,1636,2013,1369.0,4365.0,-1.264002,-0.9594219999999999,ETH,KEN,8418
2993851,74,116,1636,2013,14944.0,0.0,1.734552,0.8896940000000001,FIN,KEN,8418
2993852,77,116,1636,2013,460704.0,0.0,1.520354,0.022874000000000002,FRA,KEN,8418
2993853,81,116,1636,2013,560530.0,14907.0,1.7901259999999999,0.44164,GBR,KEN,8418
2993854,83,116,1636,2013,692.0,0.0,-0.7316010000000001,-0.5327689999999999,GHA,KEN,8418
2993855,90,116,1636,2013,47542.0,0.0,0.18823800000000002,0.910906,GRC,KEN,8418
2993856,97,116,1636,2013,3012.0,0.0,0.744383,1.923139,HKG,KEN,8418
2993857,103,116,1636,2013,4208737.0,0.0,-0.216854,1.415728,IDN,KEN,8418
2993858,104,116,1636,2013,7127951.0,0.0,0.215356,2.3916209999999998,IND,KEN,8418
2993859,106,116,1636,2013,345629.0,0.0,1.29988,0.240688,IRL,KEN,8418
2993860,109,116,1636,2013,1046.0,0.0,0.259374,-0.20413299999999998,ISL,KEN,8418
2993861,110,116,1636,2013,26247.0,0.0,1.197241,0.633828,ISR,KEN,8418
2993862,111,116,1636,2013,900271.0,0.0,1.289924,0.533436,ITA,KEN,8418
2993863,114,116,1636,2013,77551.0,0.0,2.3993130000000003,-0.564768,JPN,KEN,8418
2993864,121,116,1636,2013,1447642.0,0.0,1.818383,0.75645,KOR,KEN,8418
2993865,124,116,1636,2013,376313.0,0.0,0.283084,1.4289100000000001,LBN,KEN,8418
2993866,128,116,1636,2013,1521017.0,0.0,-0.6521779999999999,0.41258599999999995,LKA,KEN,8418
2993867,131,116,1636,2013,306845.0,0.0,1.170459,1.150327,LUX,KEN,8418
2993868,138,116,1636,2013,4029.0,0.0,1.048507,0.718932,MEX,KEN,8418
2993869,151,116,1636,2013,1105.0,0.0,-0.158852,0.0061600000000000005,MUS,KEN,8418
2993870,152,116,1636,2013,2512.0,4126.0,-0.8992120000000001,-0.862175,MWI,KEN,8418
2993871,153,116,1636,2013,267847.0,0.0,0.937641,0.747496,MYS,KEN,8418
2993872,155,116,1636,2013,0.0,1616.0,-0.308643,-0.480617,NAM,KEN,8418
2993873,162,116,1636,2013,4799578.0,1858.0,1.184107,1.249557,NLD,KEN,8418
2993874,163,116,1636,2013,2131.0,0.0,0.892099,0.18168399999999998,NOR,KEN,8418
2993875,177,116,1636,2013,358924.0,0.0,1.084332,1.216749,POL,KEN,8418
2993876,179,116,1636,2013,9248.0,0.0,0.541454,2.5228610000000002,PRT,KEN,8418
2993877,183,116,1636,2013,874.0,0.0,-0.083649,-1.013491,QAT,KEN,8418
2993878,185,116,1636,2013,688860.0,0.0,0.792035,1.225034,ROU,KEN,8418
2993879,187,116,1636,2013,0.0,130431.0,-0.490519,-0.48427700000000007,RWA,KEN,8418
2993880,188,116,1636,2013,38436.0,0.0,0.626347,-0.844406,SAU,KEN,8418
2993881,191,116,1636,2013,0.0,1696.0,-0.523662,-0.309101,SEN,KEN,8418
2993882,192,116,1636,2013,125592.0,0.0,1.915504,0.619576,SGP,KEN,8418
2993883,199,116,1636,2013,0.0,398039.0,-1.194368,-0.915163,SOM,KEN,8418
2993884,201,116,1636,2013,0.0,97800.0,0.5717720000000001,1.174901,SRB,KEN,8418
2993885,207,116,1636,2013,5229.0,0.0,1.698374,0.563082,SVN,KEN,8418
2993886,208,116,1636,2013,1352.0,0.0,1.869421,0.228109,SWE,KEN,8418
2993887,216,116,1636,2013,6332368.0,0.0,0.8752139999999999,1.3798620000000001,THA,KEN,8418
2993888,223,116,1636,2013,534.0,0.0,0.185528,1.0070700000000001,TUN,KEN,8418
2993889,224,116,1636,2013,1042976.0,200928.0,0.42932299999999995,2.690235,TUR,KEN,8418
2993890,226,116,1636,2013,2897.0,519393.0,-0.9306770000000001,0.273489,TZA,KEN,8418
2993891,227,116,1636,2013,3851.0,134292.0,-0.5462279999999999,0.200682,UGA,KEN,8418
2993892,231,116,1636,2013,444454.0,0.0,1.6639689999999998,-0.48651300000000003,USA,KEN,8418
2993893,239,116,1636,2013,65620.0,0.0,-0.11426900000000001,1.399738,VNM,KEN,8418
2993894,246,116,1636,2013,1345448.0,0.0,0.380284,1.5682120000000002,ZAF,KEN,8418
2993895,247,116,1636,2013,0.0,6793.0,-0.382129,-0.5442229999999999,ZMB,KEN,8418
2993896,248,116,1636,2013,0.0,2606.0,-0.828702,-0.899175,ZWE,KEN,8418
2993897,249,116,1636,2013,113591.0,0.0,1.843186,0.9432379999999999,TWN,KEN,8418
2993898,7,117,1636,2013,17938.0,0.0,-0.074047,-0.585168,ARE,KGZ,8418
2993899,15,117,1636,2013,41324.0,0.0,1.7209240000000001,-0.286892,AUT,KGZ,8418
2993900,28,117,1636,2013,2854786.0,0.0,1.036923,0.864568,BLR,KGZ,8418
2993901,39,117,1636,2013,14299.0,0.0,0.719649,1.017046,CAN,KGZ,8418
2993902,43,117,1636,2013,14413514.0,6972.0,1.113767,1.477496,CHN,KGZ,8418
2993903,61,117,1636,2013,191002.0,0.0,2.093658,-3.4281980000000005,DEU,KGZ,8418
2993904,64,117,1636,2013,3212.0,0.0,1.161835,1.1788450000000001,DNK,KGZ,8418
2993905,71,117,1636,2013,39893.0,0.0,0.861698,2.353993,ESP,KGZ,8418
2993906,74,117,1636,2013,31037.0,0.0,1.734552,0.8896940000000001,FIN,KGZ,8418
2993907,77,117,1636,2013,14486.0,0.0,1.520354,0.022874000000000002,FRA,KGZ,8418
2993908,81,117,1636,2013,1194.0,0.0,1.7901259999999999,0.44164,GBR,KGZ,8418
2993909,90,117,1636,2013,30125.0,0.0,0.18823800000000002,0.910906,GRC,KGZ,8418
2993910,102,117,1636,2013,2778.0,0.0,1.506101,0.7279220000000001,HUN,KGZ,8418
2993911,103,117,1636,2013,118730.0,0.0,-0.216854,1.415728,IDN,KGZ,8418
2993912,106,117,1636,2013,33379.0,0.0,1.29988,0.240688,IRL,KGZ,8418
2993913,107,117,1636,2013,59193.0,0.0,-0.339172,-0.237114,IRN,KGZ,8418
2993914,111,117,1636,2013,92224.0,0.0,1.289924,0.533436,ITA,KGZ,8418
2993915,114,117,1636,2013,113525.0,0.0,2.3993130000000003,-0.564768,JPN,KGZ,8418
2993916,115,117,1636,2013,106628.0,713074.0,-0.680678,-0.83347,KAZ,KGZ,8418
2993917,121,117,1636,2013,806870.0,0.0,1.818383,0.75645,KOR,KGZ,8418
2993918,130,117,1636,2013,267834.0,0.0,0.737796,1.215543,LTU,KGZ,8418
2993919,132,117,1636,2013,6756.0,0.0,0.6219439999999999,1.166749,LVA,KGZ,8418
2993920,138,117,1636,2013,5607.0,0.0,1.048507,0.718932,MEX,KGZ,8418
2993921,153,117,1636,2013,4917.0,0.0,0.937641,0.747496,MYS,KGZ,8418
2993922,162,117,1636,2013,223476.0,0.0,1.184107,1.249557,NLD,KGZ,8418
2993923,177,117,1636,2013,114043.0,0.0,1.084332,1.216749,POL,KGZ,8418
2993924,185,117,1636,2013,33069.0,0.0,0.792035,1.225034,ROU,KGZ,8418
2993925,186,117,1636,2013,6514917.0,6124.0,0.481166,-0.180052,RUS,KGZ,8418
2993926,201,117,1636,2013,13394.0,0.0,0.5717720000000001,1.174901,SRB,KGZ,8418
2993927,207,117,1636,2013,59325.0,0.0,1.698374,0.563082,SVN,KGZ,8418
2993928,208,117,1636,2013,1963.0,0.0,1.869421,0.228109,SWE,KGZ,8418
2993929,216,117,1636,2013,38767.0,0.0,0.8752139999999999,1.3798620000000001,THA,KGZ,8418
2993930,224,117,1636,2013,2860650.0,3935.0,0.42932299999999995,2.690235,TUR,KGZ,8418
2993931,228,117,1636,2013,2085409.0,0.0,0.657729,0.9063200000000001,UKR,KGZ,8418
2993932,231,117,1636,2013,61571.0,0.0,1.6639689999999998,-0.48651300000000003,USA,KGZ,8418
2993933,249,117,1636,2013,5937.0,0.0,1.843186,0.9432379999999999,TWN,KGZ,8418
2993934,18,118,1636,2013,7114.0,0.0,1.316207,0.972601,BEL,KHM,8418
2993935,43,118,1636,2013,3719923.0,0.0,1.113767,1.477496,CHN,KHM,8418
2993936,61,118,1636,2013,159386.0,0.0,2.093658,-3.4281980000000005,DEU,KHM,8418
2993937,71,118,1636,2013,18568.0,0.0,0.861698,2.353993,ESP,KHM,8418
2993938,77,118,1636,2013,132264.0,0.0,1.520354,0.022874000000000002,FRA,KHM,8418
2993939,81,118,1636,2013,1360.0,0.0,1.7901259999999999,0.44164,GBR,KHM,8418
2993940,97,118,1636,2013,34462.0,0.0,0.744383,1.923139,HKG,KHM,8418
2993941,103,118,1636,2013,1593006.0,0.0,-0.216854,1.415728,IDN,KHM,8418
2993942,104,118,1636,2013,1203.0,0.0,0.215356,2.3916209999999998,IND,KHM,8418
2993943,110,118,1636,2013,4511.0,0.0,1.197241,0.633828,ISR,KHM,8418
2993944,111,118,1636,2013,328954.0,0.0,1.289924,0.533436,ITA,KHM,8418
2993945,114,118,1636,2013,42517.0,0.0,2.3993130000000003,-0.564768,JPN,KHM,8418
2993946,121,118,1636,2013,86229.0,0.0,1.818383,0.75645,KOR,KHM,8418
2993947,131,118,1636,2013,21436.0,0.0,1.170459,1.150327,LUX,KHM,8418
2993948,153,118,1636,2013,1101174.0,1162.0,0.937641,0.747496,MYS,KHM,8418
2993949,162,118,1636,2013,17156.0,0.0,1.184107,1.249557,NLD,KHM,8418
2993950,174,118,1636,2013,0.0,12026.0,0.507868,0.355403,PHL,KHM,8418
2993951,177,118,1636,2013,39978.0,0.0,1.084332,1.216749,POL,KHM,8418
2993952,192,118,1636,2013,1585404.0,0.0,1.915504,0.619576,SGP,KHM,8418
2993953,207,118,1636,2013,11986.0,0.0,1.698374,0.563082,SVN,KHM,8418
2993954,216,118,1636,2013,10720112.0,0.0,0.8752139999999999,1.3798620000000001,THA,KHM,8418
2993955,224,118,1636,2013,18974.0,0.0,0.42932299999999995,2.690235,TUR,KHM,8418
2993956,231,118,1636,2013,478743.0,22057.0,1.6639689999999998,-0.48651300000000003,USA,KHM,8418
2993957,239,118,1636,2013,1807426.0,0.0,-0.11426900000000001,1.399738,VNM,KHM,8418
2993958,249,118,1636,2013,57530.0,0.0,1.843186,0.9432379999999999,TWN,KHM,8418
2993959,2,124,1636,2013,0.0,1114255.0,-1.172043,-1.133735,AGO,LBN,8418
2993960,7,124,1636,2013,383843.0,538442.0,-0.074047,-0.585168,ARE,LBN,8418
2993961,14,124,1636,2013,218952.0,1331.0,-0.31145700000000004,-0.167628,AUS,LBN,8418
2993962,15,124,1636,2013,525694.0,0.0,1.7209240000000001,-0.286892,AUT,LBN,8418
2993963,18,124,1636,2013,408983.0,3291.0,1.316207,0.972601,BEL,LBN,8418
2993964,19,124,1636,2013,0.0,71043.0,-0.919968,-0.90691,BEN,LBN,8418
2993965,21,124,1636,2013,0.0,22387.0,-0.9110360000000001,-0.852492,BFA,LBN,8418
2993966,23,124,1636,2013,48384.0,0.0,0.5026109999999999,1.674296,BGR,LBN,8418
2993967,24,124,1636,2013,9167.0,133439.0,0.249681,-0.6204270000000001,BHR,LBN,8418
2993968,32,124,1636,2013,76944.0,0.0,0.14765899999999998,0.399262,BRA,LBN,8418
2993969,38,124,1636,2013,0.0,207003.0,-0.268604,-0.606101,CAF,LBN,8418
2993970,39,124,1636,2013,15102.0,0.0,0.719649,1.017046,CAN,LBN,8418
2993971,41,124,1636,2013,36936.0,48280.0,2.2104470000000003,0.5403479999999999,CHE,LBN,8418
2993972,43,124,1636,2013,14137869.0,0.0,1.113767,1.477496,CHN,LBN,8418
2993973,44,124,1636,2013,0.0,331120.0,-0.923558,-0.866642,CIV,LBN,8418
2993974,45,124,1636,2013,0.0,102107.0,-0.901531,-1.027111,CMR,LBN,8418
2993975,47,124,1636,2013,0.0,410736.0,-1.215681,-1.08679,COG,LBN,8418
2993976,58,124,1636,2013,3263.0,89167.0,0.502238,0.349608,CYP,LBN,8418
2993977,59,124,1636,2013,64949.0,0.0,1.819653,-0.12423800000000002,CZE,LBN,8418
2993978,61,124,1636,2013,2377111.0,0.0,2.093658,-3.4281980000000005,DEU,LBN,8418
2993979,64,124,1636,2013,497466.0,0.0,1.161835,1.1788450000000001,DNK,LBN,8418
2993980,66,124,1636,2013,0.0,3939673.0,-1.373947,-1.1523459999999999,DZA,LBN,8418
2993981,68,124,1636,2013,149271.0,3989439.0,-0.17418,1.692641,EGY,LBN,8418
2993982,71,124,1636,2013,2394018.0,0.0,0.861698,2.353993,ESP,LBN,8418
2993983,73,124,1636,2013,0.0,7510.0,-1.264002,-0.9594219999999999,ETH,LBN,8418
2993984,74,124,1636,2013,15627.0,0.0,1.734552,0.8896940000000001,FIN,LBN,8418
2993985,77,124,1636,2013,3332129.0,81957.0,1.520354,0.022874000000000002,FRA,LBN,8418
2993986,80,124,1636,2013,0.0,207174.0,-1.6582830000000002,-1.155302,GAB,LBN,8418
2993987,81,124,1636,2013,950709.0,4699.0,1.7901259999999999,0.44164,GBR,LBN,8418
2993988,83,124,1636,2013,0.0,621980.0,-0.7316010000000001,-0.5327689999999999,GHA,LBN,8418
2993989,85,124,1636,2013,0.0,83930.0,-1.1287459999999998,-1.069735,GIN,LBN,8418
2993990,87,124,1636,2013,0.0,17070.0,-0.5571550000000001,-0.6860310000000001,GMB,LBN,8418
2993991,88,124,1636,2013,0.0,1810.0,-2.414729,-0.9398700000000001,GNB,LBN,8418
2993992,89,124,1636,2013,0.0,169203.0,-1.521575,-0.814708,GNQ,LBN,8418
2993993,90,124,1636,2013,170868.0,0.0,0.18823800000000002,0.910906,GRC,LBN,8418
2993994,97,124,1636,2013,16428.0,0.0,0.744383,1.923139,HKG,LBN,8418
2993995,102,124,1636,2013,123995.0,0.0,1.506101,0.7279220000000001,HUN,LBN,8418
2993996,103,124,1636,2013,618853.0,0.0,-0.216854,1.415728,IDN,LBN,8418
2993997,104,124,1636,2013,3649174.0,0.0,0.215356,2.3916209999999998,IND,LBN,8418
2993998,106,124,1636,2013,107245.0,730.0,1.29988,0.240688,IRL,LBN,8418
2993999,108,124,1636,2013,0.0,23402685.0,-2.839079,-0.8705440000000001,IRQ,LBN,8418
2994000,111,124,1636,2013,8384984.0,64965.0,1.289924,0.533436,ITA,LBN,8418
2994001,113,124,1636,2013,261959.0,4556982.0,0.152659,0.5889979999999999,JOR,LBN,8418
2994002,114,124,1636,2013,94971.0,0.0,2.3993130000000003,-0.564768,JPN,LBN,8418
2994003,116,124,1636,2013,0.0,376313.0,-0.448112,0.8672719999999999,KEN,LBN,8418
2994004,121,124,1636,2013,10872763.0,0.0,1.818383,0.75645,KOR,LBN,8418
2994005,122,124,1636,2013,86351.0,601803.0,-0.536384,-1.08382,KWT,LBN,8418
2994006,125,124,1636,2013,0.0,163470.0,-0.41869399999999996,-0.9538770000000001,LBR,LBN,8418
2994007,126,124,1636,2013,0.0,167847.0,-1.6241459999999999,-1.1817950000000002,LBY,LBN,8418
2994008,128,124,1636,2013,153553.0,76534.0,-0.6521779999999999,0.41258599999999995,LKA,LBN,8418
2994009,130,124,1636,2013,1803.0,0.0,0.737796,1.215543,LTU,LBN,8418
2994010,131,124,1636,2013,4704.0,0.0,1.170459,1.150327,LUX,LBN,8418
2994011,138,124,1636,2013,416091.0,0.0,1.048507,0.718932,MEX,LBN,8418
2994012,141,124,1636,2013,0.0,37159.0,-1.183671,-1.069504,MLI,LBN,8418
2994013,144,124,1636,2013,0.0,3286.0,-0.054454999999999996,-0.164875,MNE,LBN,8418
2994014,147,124,1636,2013,0.0,17386.0,-1.326323,-1.050969,MOZ,LBN,8418
2994015,148,124,1636,2013,0.0,2233.0,-1.950532,-1.283104,MRT,LBN,8418
2994016,153,124,1636,2013,49175.0,0.0,0.937641,0.747496,MYS,LBN,8418
2994017,157,124,1636,2013,0.0,17922.0,-1.268738,-0.942256,NER,LBN,8418
2994018,159,124,1636,2013,0.0,1499415.0,-1.745783,-1.1356680000000001,NGA,LBN,8418
2994019,162,124,1636,2013,637310.0,5641.0,1.184107,1.249557,NLD,LBN,8418
2994020,166,124,1636,2013,18827.0,0.0,0.3345,0.39063000000000003,NZL,LBN,8418
2994021,167,124,1636,2013,0.0,35656.0,-0.604175,-1.0463209999999998,OMN,LBN,8418
2994022,174,124,1636,2013,22757.0,0.0,0.507868,0.355403,PHL,LBN,8418
2994023,177,124,1636,2013,283128.0,0.0,1.084332,1.216749,POL,LBN,8418
2994024,178,124,1636,2013,2126.0,0.0,-0.414538,-0.22449299999999997,PRK,LBN,8418
2994025,179,124,1636,2013,67638.0,0.0,0.541454,2.5228610000000002,PRT,LBN,8418
2994026,183,124,1636,2013,0.0,411843.0,-0.083649,-1.013491,QAT,LBN,8418
2994027,185,124,1636,2013,66941.0,0.0,0.792035,1.225034,ROU,LBN,8418
2994028,188,124,1636,2013,15813.0,6141626.0,0.626347,-0.844406,SAU,LBN,8418
2994029,190,124,1636,2013,0.0,129279.0,-1.254944,-1.073564,SDN,LBN,8418
2994030,191,124,1636,2013,0.0,23920.0,-0.523662,-0.309101,SEN,LBN,8418
2994031,192,124,1636,2013,352277.0,4468.0,1.915504,0.619576,SGP,LBN,8418
2994032,196,124,1636,2013,0.0,221982.0,-0.132082,-0.552921,SLE,LBN,8418
2994033,201,124,1636,2013,52803.0,0.0,0.5717720000000001,1.174901,SRB,LBN,8418
2994034,207,124,1636,2013,98470.0,0.0,1.698374,0.563082,SVN,LBN,8418
2994035,208,124,1636,2013,546465.0,0.0,1.869421,0.228109,SWE,LBN,8418
2994036,212,124,1636,2013,2332349.0,4694306.0,-0.14343399999999998,1.077256,SYR,LBN,8418
2994037,214,124,1636,2013,0.0,22853.0,-2.800677,-0.9466969999999999,TCD,LBN,8418
2994038,215,124,1636,2013,0.0,58313.0,-0.598413,-0.49295200000000006,TGO,LBN,8418
2994039,216,124,1636,2013,8914423.0,0.0,0.8752139999999999,1.3798620000000001,THA,LBN,8418
2994040,224,124,1636,2013,7421696.0,27214.0,0.42932299999999995,2.690235,TUR,LBN,8418
2994041,226,124,1636,2013,0.0,655327.0,-0.9306770000000001,0.273489,TZA,LBN,8418
2994042,228,124,1636,2013,15804.0,0.0,0.657729,0.9063200000000001,UKR,LBN,8418
2994043,231,124,1636,2013,3402612.0,8858.0,1.6639689999999998,-0.48651300000000003,USA,LBN,8418
2994044,236,124,1636,2013,0.0,10702.0,-0.778172,-1.107059,VEN,LBN,8418
2994045,239,124,1636,2013,629805.0,0.0,-0.11426900000000001,1.399738,VNM,LBN,8418
2994046,243,124,1636,2013,0.0,716897.0,-1.252605,-1.207324,YEM,LBN,8418
2994047,246,124,1636,2013,11448.0,913.0,0.380284,1.5682120000000002,ZAF,LBN,8418
2994048,247,124,1636,2013,0.0,56531.0,-0.382129,-0.5442229999999999,ZMB,LBN,8418
2994049,248,124,1636,2013,0.0,960.0,-0.828702,-0.899175,ZWE,LBN,8418
2994050,249,124,1636,2013,235468.0,0.0,1.843186,0.9432379999999999,TWN,LBN,8418
2994051,250,124,1636,2013,25585.0,53868.0,0.628555,0.277602,ANS,LBN,8418
2994052,7,128,1636,2013,4135320.0,10424670.0,-0.074047,-0.585168,ARE,LKA,8418
2994053,14,128,1636,2013,291360.0,0.0,-0.31145700000000004,-0.167628,AUS,LKA,8418
2994054,15,128,1636,2013,27441.0,0.0,1.7209240000000001,-0.286892,AUT,LKA,8418
2994055,18,128,1636,2013,127291.0,0.0,1.316207,0.972601,BEL,LKA,8418
2994056,22,128,1636,2013,0.0,1108881.0,-1.101916,-0.734646,BGD,LKA,8418
2994057,24,128,1636,2013,0.0,81180.0,0.249681,-0.6204270000000001,BHR,LKA,8418
2994058,37,128,1636,2013,0.0,29941.0,-0.46761499999999995,-1.0842040000000002,BWA,LKA,8418
2994059,40,128,1636,2013,1053.0,0.0,1.458176,0.045868,CCK,LKA,8418
2994060,41,128,1636,2013,7305.0,0.0,2.2104470000000003,0.5403479999999999,CHE,LKA,8418
2994061,43,128,1636,2013,12139366.0,11461.0,1.113767,1.477496,CHN,LKA,8418
2994062,59,128,1636,2013,6911.0,0.0,1.819653,-0.12423800000000002,CZE,LKA,8418
2994063,61,128,1636,2013,941913.0,3655.0,2.093658,-3.4281980000000005,DEU,LKA,8418
2994064,64,128,1636,2013,1797699.0,0.0,1.161835,1.1788450000000001,DNK,LKA,8418
2994065,68,128,1636,2013,0.0,62724.0,-0.17418,1.692641,EGY,LKA,8418
2994066,71,128,1636,2013,150553.0,0.0,0.861698,2.353993,ESP,LKA,8418
2994067,74,128,1636,2013,57994.0,0.0,1.734552,0.8896940000000001,FIN,LKA,8418
2994068,75,128,1636,2013,0.0,14131.0,-0.5203369999999999,-0.122405,FJI,LKA,8418
2994069,77,128,1636,2013,118182.0,4074.0,1.520354,0.022874000000000002,FRA,LKA,8418
2994070,81,128,1636,2013,149444.0,5452.0,1.7901259999999999,0.44164,GBR,LKA,8418
2994071,83,128,1636,2013,0.0,208895.0,-0.7316010000000001,-0.5327689999999999,GHA,LKA,8418
2994072,97,128,1636,2013,130298.0,0.0,0.744383,1.923139,HKG,LKA,8418
2994073,103,128,1636,2013,1399653.0,0.0,-0.216854,1.415728,IDN,LKA,8418
2994074,104,128,1636,2013,19128732.0,6131303.0,0.215356,2.3916209999999998,IND,LKA,8418
2994075,106,128,1636,2013,4864.0,0.0,1.29988,0.240688,IRL,LKA,8418
2994076,107,128,1636,2013,27243.0,0.0,-0.339172,-0.237114,IRN,LKA,8418
2994077,108,128,1636,2013,0.0,1305973.0,-2.839079,-0.8705440000000001,IRQ,LKA,8418
2994078,111,128,1636,2013,1868061.0,0.0,1.289924,0.533436,ITA,LKA,8418
2994079,113,128,1636,2013,0.0,224659.0,0.152659,0.5889979999999999,JOR,LKA,8418
2994080,114,128,1636,2013,79930.0,0.0,2.3993130000000003,-0.564768,JPN,LKA,8418
2994081,116,128,1636,2013,0.0,1521017.0,-0.448112,0.8672719999999999,KEN,LKA,8418
2994082,121,128,1636,2013,466548.0,0.0,1.818383,0.75645,KOR,LKA,8418
2994083,122,128,1636,2013,13092.0,0.0,-0.536384,-1.08382,KWT,LKA,8418
2994084,124,128,1636,2013,76534.0,153553.0,0.283084,1.4289100000000001,LBN,LKA,8418
2994085,126,128,1636,2013,0.0,16275.0,-1.6241459999999999,-1.1817950000000002,LBY,LKA,8418
2994086,134,128,1636,2013,0.0,13207.0,-0.6494260000000001,-0.035075999999999996,MAR,LKA,8418
2994087,137,128,1636,2013,0.0,62732.0,-0.21889699999999998,-0.776392,MDV,LKA,8418
2994088,138,128,1636,2013,17614.0,0.0,1.048507,0.718932,MEX,LKA,8418
2994089,142,128,1636,2013,0.0,21230.0,0.8519760000000001,-0.075869,MLT,LKA,8418
2994090,143,128,1636,2013,0.0,246468.0,-1.230787,-0.737375,MMR,LKA,8418
2994091,147,128,1636,2013,0.0,19033.0,-1.326323,-1.050969,MOZ,LKA,8418
2994092,153,128,1636,2013,984416.0,0.0,0.937641,0.747496,MYS,LKA,8418
2994093,159,128,1636,2013,0.0,1761513.0,-1.745783,-1.1356680000000001,NGA,LKA,8418
2994094,162,128,1636,2013,2050637.0,0.0,1.184107,1.249557,NLD,LKA,8418
2994095,163,128,1636,2013,2042.0,0.0,0.892099,0.18168399999999998,NOR,LKA,8418
2994096,167,128,1636,2013,0.0,71364.0,-0.604175,-1.0463209999999998,OMN,LKA,8418
2994097,168,128,1636,2013,4117.0,0.0,-0.75727,0.769703,PAK,LKA,8418
2994098,174,128,1636,2013,7221.0,0.0,0.507868,0.355403,PHL,LKA,8418
2994099,177,128,1636,2013,47316.0,0.0,1.084332,1.216749,POL,LKA,8418
2994100,179,128,1636,2013,24348.0,0.0,0.541454,2.5228610000000002,PRT,LKA,8418
2994101,183,128,1636,2013,0.0,98456.0,-0.083649,-1.013491,QAT,LKA,8418
2994102,188,128,1636,2013,185504.0,1252.0,0.626347,-0.844406,SAU,LKA,8418
2994103,192,128,1636,2013,1190707.0,0.0,1.915504,0.619576,SGP,LKA,8418
2994104,206,128,1636,2013,90976.0,0.0,1.32064,0.7519819999999999,SVK,LKA,8418
2994105,208,128,1636,2013,60061.0,0.0,1.869421,0.228109,SWE,LKA,8418
2994106,211,128,1636,2013,0.0,7069.0,0.270999,-0.474095,SYC,LKA,8418
2994107,216,128,1636,2013,1810313.0,0.0,0.8752139999999999,1.3798620000000001,THA,LKA,8418
2994108,224,128,1636,2013,1001337.0,0.0,0.42932299999999995,2.690235,TUR,LKA,8418
2994109,226,128,1636,2013,0.0,1248841.0,-0.9306770000000001,0.273489,TZA,LKA,8418
2994110,227,128,1636,2013,0.0,549.0,-0.5462279999999999,0.200682,UGA,LKA,8418
2994111,228,128,1636,2013,0.0,104610.0,0.657729,0.9063200000000001,UKR,LKA,8418
2994112,231,128,1636,2013,574763.0,6365.0,1.6639689999999998,-0.48651300000000003,USA,LKA,8418
2994113,239,128,1636,2013,44756.0,0.0,-0.11426900000000001,1.399738,VNM,LKA,8418
2994114,243,128,1636,2013,0.0,1279519.0,-1.252605,-1.207324,YEM,LKA,8418
2994115,247,128,1636,2013,0.0,13942.0,-0.382129,-0.5442229999999999,ZMB,LKA,8418
2994116,249,128,1636,2013,248689.0,0.0,1.843186,0.9432379999999999,TWN,LKA,8418
2994117,250,128,1636,2013,1408.0,0.0,0.628555,0.277602,ANS,LKA,8418
2994118,2,130,1636,2013,0.0,5519.0,-1.172043,-1.133735,AGO,LTU,8418
2994119,7,130,1636,2013,0.0,967.0,-0.074047,-0.585168,ARE,LTU,8418
2994120,9,130,1636,2013,0.0,116805.0,-0.076922,-0.5781390000000001,ARM,LTU,8418
2994121,15,130,1636,2013,3921677.0,312327.0,1.7209240000000001,-0.286892,AUT,LTU,8418
2994122,16,130,1636,2013,0.0,49084.0,-0.9232870000000001,-1.165928,AZE,LTU,8418
2994123,18,130,1636,2013,2223782.0,244157.0,1.316207,0.972601,BEL,LTU,8418
2994124,19,130,1636,2013,0.0,5964.0,-0.919968,-0.90691,BEN,LTU,8418
2994125,23,130,1636,2013,648069.0,645802.0,0.5026109999999999,1.674296,BGR,LTU,8418
2994126,26,130,1636,2013,23875.0,7638.0,0.46743199999999996,0.7340800000000001,BIH,LTU,8418
2994127,28,130,1636,2013,1437210.0,21077982.0,1.036923,0.864568,BLR,LTU,8418
2994128,29,130,1636,2013,0.0,67750.0,-0.35218299999999997,-0.508891,BLZ,LTU,8418
2994129,32,130,1636,2013,2672.0,1441.0,0.14765899999999998,0.399262,BRA,LTU,8418
2994130,41,130,1636,2013,178416.0,848851.0,2.2104470000000003,0.5403479999999999,CHE,LTU,8418
2994131,43,130,1636,2013,4111914.0,0.0,1.113767,1.477496,CHN,LTU,8418
2994132,59,130,1636,2013,1376270.0,2386110.0,1.819653,-0.12423800000000002,CZE,LTU,8418
2994133,61,130,1636,2013,10771140.0,21032807.0,2.093658,-3.4281980000000005,DEU,LTU,8418
2994134,64,130,1636,2013,3237720.0,1144111.0,1.161835,1.1788450000000001,DNK,LTU,8418
2994135,71,130,1636,2013,733158.0,58577.0,0.861698,2.353993,ESP,LTU,8418
2994136,72,130,1636,2013,671881.0,1238673.0,0.8828940000000001,1.386574,EST,LTU,8418
2994137,74,130,1636,2013,2131890.0,427995.0,1.734552,0.8896940000000001,FIN,LTU,8418
2994138,77,130,1636,2013,20045175.0,5346041.0,1.520354,0.022874000000000002,FRA,LTU,8418
2994139,78,130,1636,2013,0.0,104633.0,-0.370701,-0.815466,FRO,LTU,8418
2994140,81,130,1636,2013,712857.0,565236.0,1.7901259999999999,0.44164,GBR,LTU,8418
2994141,82,130,1636,2013,0.0,179213.0,-0.160691,-0.393419,GEO,LTU,8418
2994142,85,130,1636,2013,0.0,3124.0,-1.1287459999999998,-1.069735,GIN,LTU,8418
2994143,90,130,1636,2013,52107.0,0.0,0.18823800000000002,0.910906,GRC,LTU,8418
2994144,97,130,1636,2013,13977.0,0.0,0.744383,1.923139,HKG,LTU,8418
2994145,100,130,1636,2013,86652.0,0.0,0.898284,1.038807,HRV,LTU,8418
2994146,102,130,1636,2013,4201530.0,309361.0,1.506101,0.7279220000000001,HUN,LTU,8418
2994147,104,130,1636,2013,0.0,1355.0,0.215356,2.3916209999999998,IND,LTU,8418
2994148,106,130,1636,2013,3002735.0,103981.0,1.29988,0.240688,IRL,LTU,8418
2994149,109,130,1636,2013,350759.0,58862.0,0.259374,-0.20413299999999998,ISL,LTU,8418
2994150,110,130,1636,2013,13718.0,0.0,1.197241,0.633828,ISR,LTU,8418
2994151,111,130,1636,2013,21910227.0,309708.0,1.289924,0.533436,ITA,LTU,8418
2994152,114,130,1636,2013,17738.0,26405.0,2.3993130000000003,-0.564768,JPN,LTU,8418
2994153,115,130,1636,2013,0.0,2108376.0,-0.680678,-0.83347,KAZ,LTU,8418
2994154,117,130,1636,2013,0.0,267834.0,-0.1035,0.339914,KGZ,LTU,8418
2994155,121,130,1636,2013,978464.0,0.0,1.818383,0.75645,KOR,LTU,8418
2994156,124,130,1636,2013,0.0,1803.0,0.283084,1.4289100000000001,LBN,LTU,8418
2994157,131,130,1636,2013,2085.0,10557.0,1.170459,1.150327,LUX,LTU,8418
2994158,132,130,1636,2013,5818788.0,7434169.0,0.6219439999999999,1.166749,LVA,LTU,8418
2994159,134,130,1636,2013,0.0,43668.0,-0.6494260000000001,-0.035075999999999996,MAR,LTU,8418
2994160,135,130,1636,2013,0.0,1706281.0,-0.016235,0.132104,MDA,LTU,8418
2994161,138,130,1636,2013,0.0,18863.0,1.048507,0.718932,MEX,LTU,8418
2994162,153,130,1636,2013,210686.0,0.0,0.937641,0.747496,MYS,LTU,8418
2994163,155,130,1636,2013,570.0,0.0,-0.308643,-0.480617,NAM,LTU,8418
2994164,162,130,1636,2013,843280.0,610793.0,1.184107,1.249557,NLD,LTU,8418
2994165,163,130,1636,2013,87386.0,699458.0,0.892099,0.18168399999999998,NOR,LTU,8418
2994166,169,130,1636,2013,0.0,46154.0,0.735637,1.161718,PAN,LTU,8418
2994167,177,130,1636,2013,18098611.0,6244111.0,1.084332,1.216749,POL,LTU,8418
2994168,179,130,1636,2013,1634.0,1120804.0,0.541454,2.5228610000000002,PRT,LTU,8418
2994169,185,130,1636,2013,3534980.0,132520.0,0.792035,1.225034,ROU,LTU,8418
2994170,186,130,1636,2013,1823593.0,15902308.0,0.481166,-0.180052,RUS,LTU,8418
2994171,188,130,1636,2013,0.0,41986.0,0.626347,-0.844406,SAU,LTU,8418
2994172,192,130,1636,2013,1518.0,0.0,1.915504,0.619576,SGP,LTU,8418
2994173,201,130,1636,2013,53195.0,0.0,0.5717720000000001,1.174901,SRB,LTU,8418
2994174,206,130,1636,2013,138520.0,293228.0,1.32064,0.7519819999999999,SVK,LTU,8418
2994175,207,130,1636,2013,26809.0,27829.0,1.698374,0.563082,SVN,LTU,8418
2994176,208,130,1636,2013,6188186.0,3509553.0,1.869421,0.228109,SWE,LTU,8418
2994177,216,130,1636,2013,1125.0,0.0,0.8752139999999999,1.3798620000000001,THA,LTU,8418
2994178,217,130,1636,2013,0.0,134671.0,-1.2512889999999999,-1.16402,TJK,LTU,8418
2994179,219,130,1636,2013,0.0,45881.0,-1.6186770000000001,-1.2210969999999999,TKM,LTU,8418
2994180,224,130,1636,2013,2012358.0,23333.0,0.42932299999999995,2.690235,TUR,LTU,8418
2994181,228,130,1636,2013,113959.0,21982099.0,0.657729,0.9063200000000001,UKR,LTU,8418
2994182,231,130,1636,2013,539726.0,3281.0,1.6639689999999998,-0.48651300000000003,USA,LTU,8418
2994183,232,130,1636,2013,0.0,3576807.0,-0.748212,-0.567268,UZB,LTU,8418
2994184,249,130,1636,2013,187621.0,0.0,1.843186,0.9432379999999999,TWN,LTU,8418
2994185,1,131,1636,2013,0.0,117522.0,-0.985727,-0.7164550000000001,AFG,LUX,8418
2994186,2,131,1636,2013,0.0,587944.0,-1.172043,-1.133735,AGO,LUX,8418
2994187,7,131,1636,2013,0.0,18899.0,-0.074047,-0.585168,ARE,LUX,8418
2994188,9,131,1636,2013,0.0,3023.0,-0.076922,-0.5781390000000001,ARM,LUX,8418
2994189,14,131,1636,2013,0.0,750657.0,-0.31145700000000004,-0.167628,AUS,LUX,8418
2994190,15,131,1636,2013,1293891.0,351624.0,1.7209240000000001,-0.286892,AUT,LUX,8418
2994191,16,131,1636,2013,0.0,17794.0,-0.9232870000000001,-1.165928,AZE,LUX,8418
2994192,17,131,1636,2013,0.0,840.0,-0.824903,-0.906436,BDI,LUX,8418
2994193,18,131,1636,2013,5508595.0,1703391.0,1.316207,0.972601,BEL,LUX,8418
2994194,19,131,1636,2013,0.0,3952.0,-0.919968,-0.90691,BEN,LUX,8418
2994195,21,131,1636,2013,0.0,3675.0,-0.9110360000000001,-0.852492,BFA,LUX,8418
2994196,22,131,1636,2013,0.0,1088032.0,-1.101916,-0.734646,BGD,LUX,8418
2994197,23,131,1636,2013,82675.0,72830.0,0.5026109999999999,1.674296,BGR,LUX,8418
2994198,24,131,1636,2013,0.0,9481.0,0.249681,-0.6204270000000001,BHR,LUX,8418
2994199,28,131,1636,2013,0.0,7441.0,1.036923,0.864568,BLR,LUX,8418
2994200,32,131,1636,2013,810.0,8817.0,0.14765899999999998,0.399262,BRA,LUX,8418
2994201,37,131,1636,2013,0.0,122725.0,-0.46761499999999995,-1.0842040000000002,BWA,LUX,8418
2994202,39,131,1636,2013,4677.0,0.0,0.719649,1.017046,CAN,LUX,8418
2994203,41,131,1636,2013,184645.0,254908.0,2.2104470000000003,0.5403479999999999,CHE,LUX,8418
2994204,42,131,1636,2013,0.0,2578.0,-0.260718,-0.38256100000000004,CHL,LUX,8418
2994205,43,131,1636,2013,1773339.0,1635351.0,1.113767,1.477496,CHN,LUX,8418
2994206,44,131,1636,2013,0.0,166157.0,-0.923558,-0.866642,CIV,LUX,8418
2994207,46,131,1636,2013,0.0,2784152.0,-1.300125,-1.0708010000000001,COD,LUX,8418
2994208,49,131,1636,2013,0.0,89020.0,0.121799,-0.388239,COL,LUX,8418
2994209,52,131,1636,2013,0.0,1270.0,0.067379,-0.688217,CRI,LUX,8418
2994210,58,131,1636,2013,0.0,50179.0,0.502238,0.349608,CYP,LUX,8418
2994211,59,131,1636,2013,166301.0,137010.0,1.819653,-0.12423800000000002,CZE,LUX,8418
2994212,61,131,1636,2013,13671596.0,9386870.0,2.093658,-3.4281980000000005,DEU,LUX,8418
2994213,64,131,1636,2013,305698.0,478210.0,1.161835,1.1788450000000001,DNK,LUX,8418
2994214,65,131,1636,2013,0.0,139312.0,-0.277269,0.432388,DOM,LUX,8418
2994215,66,131,1636,2013,0.0,88353.0,-1.373947,-1.1523459999999999,DZA,LUX,8418
2994216,67,131,1636,2013,0.0,1521157.0,-0.86546,-0.8888389999999999,ECU,LUX,8418
2994217,68,131,1636,2013,0.0,1283.0,-0.17418,1.692641,EGY,LUX,8418
2994218,69,131,1636,2013,0.0,36422.0,-1.227273,-0.9367340000000001,ERI,LUX,8418
2994219,71,131,1636,2013,360803.0,148244.0,0.861698,2.353993,ESP,LUX,8418
2994220,72,131,1636,2013,0.0,2045.0,0.8828940000000001,1.386574,EST,LUX,8418
2994221,73,131,1636,2013,0.0,1777871.0,-1.264002,-0.9594219999999999,ETH,LUX,8418
2994222,74,131,1636,2013,0.0,60362.0,1.734552,0.8896940000000001,FIN,LUX,8418
2994223,77,131,1636,2013,4167430.0,2111663.0,1.520354,0.022874000000000002,FRA,LUX,8418
2994224,81,131,1636,2013,122770.0,217164.0,1.7901259999999999,0.44164,GBR,LUX,8418
2994225,83,131,1636,2013,0.0,161519.0,-0.7316010000000001,-0.5327689999999999,GHA,LUX,8418
2994226,87,131,1636,2013,0.0,103861.0,-0.5571550000000001,-0.6860310000000001,GMB,LUX,8418
2994227,90,131,1636,2013,106097.0,12810.0,0.18823800000000002,0.910906,GRC,LUX,8418
2994228,97,131,1636,2013,12741.0,54018.0,0.744383,1.923139,HKG,LUX,8418
2994229,101,131,1636,2013,0.0,474758.0,-1.095392,-0.957326,HTI,LUX,8418
2994230,102,131,1636,2013,1153919.0,108483.0,1.506101,0.7279220000000001,HUN,LUX,8418
2994231,103,131,1636,2013,1059.0,1492104.0,-0.216854,1.415728,IDN,LUX,8418
2994232,104,131,1636,2013,0.0,50255.0,0.215356,2.3916209999999998,IND,LUX,8418
2994233,106,131,1636,2013,17008.0,77325.0,1.29988,0.240688,IRL,LUX,8418
2994234,107,131,1636,2013,4247.0,0.0,-0.339172,-0.237114,IRN,LUX,8418
2994235,110,131,1636,2013,0.0,69242.0,1.197241,0.633828,ISR,LUX,8418
2994236,111,131,1636,2013,4735414.0,168976.0,1.289924,0.533436,ITA,LUX,8418
2994237,113,131,1636,2013,0.0,5590.0,0.152659,0.5889979999999999,JOR,LUX,8418
2994238,114,131,1636,2013,83920.0,1058.0,2.3993130000000003,-0.564768,JPN,LUX,8418
2994239,115,131,1636,2013,0.0,225055.0,-0.680678,-0.83347,KAZ,LUX,8418
2994240,116,131,1636,2013,0.0,306845.0,-0.448112,0.8672719999999999,KEN,LUX,8418
2994241,118,131,1636,2013,0.0,21436.0,-1.054758,-0.872352,KHM,LUX,8418
2994242,121,131,1636,2013,213192.0,31545.0,1.818383,0.75645,KOR,LUX,8418
2994243,122,131,1636,2013,0.0,3658.0,-0.536384,-1.08382,KWT,LUX,8418
2994244,124,131,1636,2013,0.0,4704.0,0.283084,1.4289100000000001,LBN,LUX,8418
2994245,126,131,1636,2013,0.0,4457.0,-1.6241459999999999,-1.1817950000000002,LBY,LUX,8418
2994246,130,131,1636,2013,10557.0,2085.0,0.737796,1.215543,LTU,LUX,8418
2994247,132,131,1636,2013,0.0,9434.0,0.6219439999999999,1.166749,LVA,LUX,8418
2994248,134,131,1636,2013,0.0,10296.0,-0.6494260000000001,-0.035075999999999996,MAR,LUX,8418
2994249,136,131,1636,2013,0.0,62089.0,-1.068565,-0.364254,MDG,LUX,8418
2994250,137,131,1636,2013,0.0,63709.0,-0.21889699999999998,-0.776392,MDV,LUX,8418
2994251,138,131,1636,2013,0.0,188133.0,1.048507,0.718932,MEX,LUX,8418
2994252,141,131,1636,2013,0.0,1467.0,-1.183671,-1.069504,MLI,LUX,8418
2994253,142,131,1636,2013,0.0,7106.0,0.8519760000000001,-0.075869,MLT,LUX,8418
2994254,143,131,1636,2013,0.0,10155.0,-1.230787,-0.737375,MMR,LUX,8418
2994255,147,131,1636,2013,0.0,167401.0,-1.326323,-1.050969,MOZ,LUX,8418
2994256,148,131,1636,2013,0.0,4221.0,-1.950532,-1.283104,MRT,LUX,8418
2994257,153,131,1636,2013,0.0,141948.0,0.937641,0.747496,MYS,LUX,8418
2994258,155,131,1636,2013,593.0,597203.0,-0.308643,-0.480617,NAM,LUX,8418
2994259,156,131,1636,2013,0.0,39021.0,-0.136052,-0.703913,NCL,LUX,8418
2994260,157,131,1636,2013,0.0,278510.0,-1.268738,-0.942256,NER,LUX,8418
2994261,159,131,1636,2013,0.0,384759.0,-1.745783,-1.1356680000000001,NGA,LUX,8418
2994262,162,131,1636,2013,8182862.0,590480.0,1.184107,1.249557,NLD,LUX,8418
2994263,163,131,1636,2013,0.0,85235.0,0.892099,0.18168399999999998,NOR,LUX,8418
2994264,164,131,1636,2013,0.0,17229.0,-0.293669,0.677365,NPL,LUX,8418
2994265,166,131,1636,2013,0.0,2526.0,0.3345,0.39063000000000003,NZL,LUX,8418
2994266,168,131,1636,2013,0.0,36648.0,-0.75727,0.769703,PAK,LUX,8418
2994267,169,131,1636,2013,0.0,3517.0,0.735637,1.161718,PAN,LUX,8418
2994268,173,131,1636,2013,0.0,348658.0,-0.573852,0.357977,PER,LUX,8418
2994269,174,131,1636,2013,0.0,551553.0,0.507868,0.355403,PHL,LUX,8418
2994270,177,131,1636,2013,73854.0,187723.0,1.084332,1.216749,POL,LUX,8418
2994271,179,131,1636,2013,82332.0,973.0,0.541454,2.5228610000000002,PRT,LUX,8418
2994272,183,131,1636,2013,0.0,22266.0,-0.083649,-1.013491,QAT,LUX,8418
2994273,185,131,1636,2013,38963.0,6045.0,0.792035,1.225034,ROU,LUX,8418
2994274,186,131,1636,2013,1038.0,841209.0,0.481166,-0.180052,RUS,LUX,8418
2994275,188,131,1636,2013,0.0,19569.0,0.626347,-0.844406,SAU,LUX,8418
2994276,190,131,1636,2013,0.0,523436.0,-1.254944,-1.073564,SDN,LUX,8418
2994277,191,131,1636,2013,0.0,292431.0,-0.523662,-0.309101,SEN,LUX,8418
2994278,192,131,1636,2013,0.0,229021.0,1.915504,0.619576,SGP,LUX,8418
2994279,201,131,1636,2013,41326.0,2001.0,0.5717720000000001,1.174901,SRB,LUX,8418
2994280,206,131,1636,2013,3310.0,29851.0,1.32064,0.7519819999999999,SVK,LUX,8418
2994281,207,131,1636,2013,108384.0,13598.0,1.698374,0.563082,SVN,LUX,8418
2994282,208,131,1636,2013,292849.0,369851.0,1.869421,0.228109,SWE,LUX,8418
2994283,215,131,1636,2013,0.0,35842.0,-0.598413,-0.49295200000000006,TGO,LUX,8418
2994284,216,131,1636,2013,1031.0,17570.0,0.8752139999999999,1.3798620000000001,THA,LUX,8418
2994285,219,131,1636,2013,0.0,157313.0,-1.6186770000000001,-1.2210969999999999,TKM,LUX,8418
2994286,224,131,1636,2013,408924.0,49607.0,0.42932299999999995,2.690235,TUR,LUX,8418
2994287,226,131,1636,2013,0.0,290422.0,-0.9306770000000001,0.273489,TZA,LUX,8418
2994288,227,131,1636,2013,0.0,52709.0,-0.5462279999999999,0.200682,UGA,LUX,8418
2994289,228,131,1636,2013,0.0,2128.0,0.657729,0.9063200000000001,UKR,LUX,8418
2994290,231,131,1636,2013,30998.0,853068.0,1.6639689999999998,-0.48651300000000003,USA,LUX,8418
2994291,232,131,1636,2013,0.0,242445.0,-0.748212,-0.567268,UZB,LUX,8418
2994292,236,131,1636,2013,0.0,807.0,-0.778172,-1.107059,VEN,LUX,8418
2994293,239,131,1636,2013,0.0,19075.0,-0.11426900000000001,1.399738,VNM,LUX,8418
2994294,243,131,1636,2013,0.0,1590.0,-1.252605,-1.207324,YEM,LUX,8418
2994295,246,131,1636,2013,0.0,267687.0,0.380284,1.5682120000000002,ZAF,LUX,8418
2994296,247,131,1636,2013,0.0,87439.0,-0.382129,-0.5442229999999999,ZMB,LUX,8418
2994297,249,131,1636,2013,4962.0,0.0,1.843186,0.9432379999999999,TWN,LUX,8418
2994298,250,131,1636,2013,521754.0,599570.0,0.628555,0.277602,ANS,LUX,8418
2994299,14,132,1636,2013,12376.0,0.0,-0.31145700000000004,-0.167628,AUS,LVA,8418
2994300,15,132,1636,2013,627947.0,0.0,1.7209240000000001,-0.286892,AUT,LVA,8418
2994301,16,132,1636,2013,0.0,14489.0,-0.9232870000000001,-1.165928,AZE,LVA,8418
2994302,18,132,1636,2013,122635.0,0.0,1.316207,0.972601,BEL,LVA,8418
2994303,23,132,1636,2013,242204.0,0.0,0.5026109999999999,1.674296,BGR,LVA,8418
2994304,26,132,1636,2013,152502.0,0.0,0.46743199999999996,0.7340800000000001,BIH,LVA,8418
2994305,28,132,1636,2013,239742.0,384199.0,1.036923,0.864568,BLR,LVA,8418
2994306,41,132,1636,2013,3230.0,0.0,2.2104470000000003,0.5403479999999999,CHE,LVA,8418
2994307,43,132,1636,2013,2712182.0,0.0,1.113767,1.477496,CHN,LVA,8418
2994308,58,132,1636,2013,0.0,1908.0,0.502238,0.349608,CYP,LVA,8418
2994309,59,132,1636,2013,1319813.0,159484.0,1.819653,-0.12423800000000002,CZE,LVA,8418
2994310,61,132,1636,2013,3618021.0,2770959.0,2.093658,-3.4281980000000005,DEU,LVA,8418
2994311,64,132,1636,2013,1532035.0,555777.0,1.161835,1.1788450000000001,DNK,LVA,8418
2994312,71,132,1636,2013,195295.0,7284.0,0.861698,2.353993,ESP,LVA,8418
2994313,72,132,1636,2013,1910687.0,6421573.0,0.8828940000000001,1.386574,EST,LVA,8418
2994314,74,132,1636,2013,2371750.0,121891.0,1.734552,0.8896940000000001,FIN,LVA,8418
2994315,77,132,1636,2013,4586375.0,0.0,1.520354,0.022874000000000002,FRA,LVA,8418
2994316,81,132,1636,2013,311335.0,1499.0,1.7901259999999999,0.44164,GBR,LVA,8418
2994317,82,132,1636,2013,0.0,130485.0,-0.160691,-0.393419,GEO,LVA,8418
2994318,90,132,1636,2013,4199.0,0.0,0.18823800000000002,0.910906,GRC,LVA,8418
2994319,97,132,1636,2013,4525.0,0.0,0.744383,1.923139,HKG,LVA,8418
2994320,102,132,1636,2013,1235645.0,84114.0,1.506101,0.7279220000000001,HUN,LVA,8418
2994321,104,132,1636,2013,0.0,3838.0,0.215356,2.3916209999999998,IND,LVA,8418
2994322,106,132,1636,2013,338468.0,0.0,1.29988,0.240688,IRL,LVA,8418
2994323,110,132,1636,2013,1751.0,0.0,1.197241,0.633828,ISR,LVA,8418
2994324,111,132,1636,2013,5912463.0,5193.0,1.289924,0.533436,ITA,LVA,8418
2994325,115,132,1636,2013,0.0,84436.0,-0.680678,-0.83347,KAZ,LVA,8418
2994326,117,132,1636,2013,0.0,6756.0,-0.1035,0.339914,KGZ,LVA,8418
2994327,121,132,1636,2013,5430287.0,0.0,1.818383,0.75645,KOR,LVA,8418
2994328,130,132,1636,2013,7434169.0,5818788.0,0.737796,1.215543,LTU,LVA,8418
2994329,131,132,1636,2013,9434.0,0.0,1.170459,1.150327,LUX,LVA,8418
2994330,135,132,1636,2013,0.0,8331.0,-0.016235,0.132104,MDA,LVA,8418
2994331,138,132,1636,2013,23457.0,0.0,1.048507,0.718932,MEX,LVA,8418
2994332,153,132,1636,2013,74047.0,0.0,0.937641,0.747496,MYS,LVA,8418
2994333,162,132,1636,2013,1874598.0,11050.0,1.184107,1.249557,NLD,LVA,8418
2994334,163,132,1636,2013,14113.0,139373.0,0.892099,0.18168399999999998,NOR,LVA,8418
2994335,166,132,1636,2013,44301.0,0.0,0.3345,0.39063000000000003,NZL,LVA,8418
2994336,177,132,1636,2013,11561405.0,68945.0,1.084332,1.216749,POL,LVA,8418
2994337,185,132,1636,2013,623418.0,0.0,0.792035,1.225034,ROU,LVA,8418
2994338,186,132,1636,2013,353068.0,1481619.0,0.481166,-0.180052,RUS,LVA,8418
2994339,188,132,1636,2013,0.0,142571.0,0.626347,-0.844406,SAU,LVA,8418
2994340,206,132,1636,2013,15283.0,0.0,1.32064,0.7519819999999999,SVK,LVA,8418
2994341,207,132,1636,2013,13752.0,2415.0,1.698374,0.563082,SVN,LVA,8418
2994342,208,132,1636,2013,7870021.0,961036.0,1.869421,0.228109,SWE,LVA,8418
2994343,216,132,1636,2013,119657.0,0.0,0.8752139999999999,1.3798620000000001,THA,LVA,8418
2994344,224,132,1636,2013,495851.0,0.0,0.42932299999999995,2.690235,TUR,LVA,8418
2994345,228,132,1636,2013,0.0,7567.0,0.657729,0.9063200000000001,UKR,LVA,8418
2994346,231,132,1636,2013,2758245.0,20903.0,1.6639689999999998,-0.48651300000000003,USA,LVA,8418
2994347,232,132,1636,2013,0.0,377466.0,-0.748212,-0.567268,UZB,LVA,8418
2994348,249,132,1636,2013,33292.0,0.0,1.843186,0.9432379999999999,TWN,LVA,8418
2994349,15,135,1636,2013,122147.0,0.0,1.7209240000000001,-0.286892,AUT,MDA,8418
2994350,16,135,1636,2013,0.0,3469.0,-0.9232870000000001,-1.165928,AZE,MDA,8418
2994351,18,135,1636,2013,5001.0,0.0,1.316207,0.972601,BEL,MDA,8418
2994352,23,135,1636,2013,97396.0,0.0,0.5026109999999999,1.674296,BGR,MDA,8418
2994353,26,135,1636,2013,206346.0,0.0,0.46743199999999996,0.7340800000000001,BIH,MDA,8418
2994354,28,135,1636,2013,1831963.0,0.0,1.036923,0.864568,BLR,MDA,8418
2994355,39,135,1636,2013,902.0,0.0,0.719649,1.017046,CAN,MDA,8418
2994356,43,135,1636,2013,347970.0,0.0,1.113767,1.477496,CHN,MDA,8418
2994357,58,135,1636,2013,1404.0,0.0,0.502238,0.349608,CYP,MDA,8418
2994358,59,135,1636,2013,282333.0,0.0,1.819653,-0.12423800000000002,CZE,MDA,8418
2994359,61,135,1636,2013,1904280.0,9993.0,2.093658,-3.4281980000000005,DEU,MDA,8418
2994360,64,135,1636,2013,645777.0,0.0,1.161835,1.1788450000000001,DNK,MDA,8418
2994361,71,135,1636,2013,83220.0,0.0,0.861698,2.353993,ESP,MDA,8418
2994362,77,135,1636,2013,86236.0,0.0,1.520354,0.022874000000000002,FRA,MDA,8418
2994363,81,135,1636,2013,14766.0,0.0,1.7901259999999999,0.44164,GBR,MDA,8418
2994364,82,135,1636,2013,4540.0,29610.0,-0.160691,-0.393419,GEO,MDA,8418
2994365,90,135,1636,2013,184817.0,0.0,0.18823800000000002,0.910906,GRC,MDA,8418
2994366,102,135,1636,2013,181527.0,0.0,1.506101,0.7279220000000001,HUN,MDA,8418
2994367,103,135,1636,2013,3560.0,0.0,-0.216854,1.415728,IDN,MDA,8418
2994368,104,135,1636,2013,5241.0,0.0,0.215356,2.3916209999999998,IND,MDA,8418
2994369,106,135,1636,2013,57067.0,0.0,1.29988,0.240688,IRL,MDA,8418
2994370,108,135,1636,2013,0.0,2433.0,-2.839079,-0.8705440000000001,IRQ,MDA,8418
2994371,110,135,1636,2013,20949.0,0.0,1.197241,0.633828,ISR,MDA,8418
2994372,111,135,1636,2013,2361340.0,0.0,1.289924,0.533436,ITA,MDA,8418
2994373,114,135,1636,2013,3958.0,0.0,2.3993130000000003,-0.564768,JPN,MDA,8418
2994374,115,135,1636,2013,0.0,134739.0,-0.680678,-0.83347,KAZ,MDA,8418
2994375,121,135,1636,2013,394000.0,0.0,1.818383,0.75645,KOR,MDA,8418
2994376,130,135,1636,2013,1706281.0,0.0,0.737796,1.215543,LTU,MDA,8418
2994377,132,135,1636,2013,8331.0,0.0,0.6219439999999999,1.166749,LVA,MDA,8418
2994378,138,135,1636,2013,479.0,0.0,1.048507,0.718932,MEX,MDA,8418
2994379,162,135,1636,2013,92883.0,0.0,1.184107,1.249557,NLD,MDA,8418
2994380,166,135,1636,2013,2531.0,0.0,0.3345,0.39063000000000003,NZL,MDA,8418
2994381,177,135,1636,2013,3263034.0,0.0,1.084332,1.216749,POL,MDA,8418
2994382,185,135,1636,2013,4648679.0,11683.0,0.792035,1.225034,ROU,MDA,8418
2994383,186,135,1636,2013,3031527.0,1501289.0,0.481166,-0.180052,RUS,MDA,8418
2994384,190,135,1636,2013,0.0,1645.0,-1.254944,-1.073564,SDN,MDA,8418
2994385,201,135,1636,2013,86413.0,0.0,0.5717720000000001,1.174901,SRB,MDA,8418
2994386,206,135,1636,2013,12098.0,313862.0,1.32064,0.7519819999999999,SVK,MDA,8418
2994387,207,135,1636,2013,210860.0,0.0,1.698374,0.563082,SVN,MDA,8418
2994388,208,135,1636,2013,1871489.0,0.0,1.869421,0.228109,SWE,MDA,8418
2994389,216,135,1636,2013,9931.0,0.0,0.8752139999999999,1.3798620000000001,THA,MDA,8418
2994390,224,135,1636,2013,1204598.0,0.0,0.42932299999999995,2.690235,TUR,MDA,8418
2994391,228,135,1636,2013,3899574.0,17258.0,0.657729,0.9063200000000001,UKR,MDA,8418
2994392,231,135,1636,2013,41517.0,0.0,1.6639689999999998,-0.48651300000000003,USA,MDA,8418
2994393,239,135,1636,2013,48375.0,0.0,-0.11426900000000001,1.399738,VNM,MDA,8418
2994394,249,135,1636,2013,59869.0,0.0,1.843186,0.9432379999999999,TWN,MDA,8418
2994395,4,140,1636,2013,3146.0,282325.0,-0.53682,-0.162391,ALB,MKD,8418
2994396,15,140,1636,2013,140251.0,12320.0,1.7209240000000001,-0.286892,AUT,MKD,8418
2994397,18,140,1636,2013,1064560.0,0.0,1.316207,0.972601,BEL,MKD,8418
2994398,23,140,1636,2013,101833.0,10192.0,0.5026109999999999,1.674296,BGR,MKD,8418
2994399,26,140,1636,2013,426901.0,45018.0,0.46743199999999996,0.7340800000000001,BIH,MKD,8418
2994400,41,140,1636,2013,2697.0,42082.0,2.2104470000000003,0.5403479999999999,CHE,MKD,8418
2994401,43,140,1636,2013,68079.0,0.0,1.113767,1.477496,CHN,MKD,8418
2994402,59,140,1636,2013,45792.0,3162.0,1.819653,-0.12423800000000002,CZE,MKD,8418
2994403,61,140,1636,2013,209711.0,43042.0,2.093658,-3.4281980000000005,DEU,MKD,8418
2994404,64,140,1636,2013,32429.0,0.0,1.161835,1.1788450000000001,DNK,MKD,8418
2994405,71,140,1636,2013,25554.0,0.0,0.861698,2.353993,ESP,MKD,8418
2994406,77,140,1636,2013,148322.0,0.0,1.520354,0.022874000000000002,FRA,MKD,8418
2994407,81,140,1636,2013,7805.0,14760.0,1.7901259999999999,0.44164,GBR,MKD,8418
2994408,90,140,1636,2013,693991.0,0.0,0.18823800000000002,0.910906,GRC,MKD,8418
2994409,100,140,1636,2013,19015.0,186609.0,0.898284,1.038807,HRV,MKD,8418
2994410,102,140,1636,2013,367676.0,7683.0,1.506101,0.7279220000000001,HUN,MKD,8418
2994411,106,140,1636,2013,1561.0,0.0,1.29988,0.240688,IRL,MKD,8418
2994412,110,140,1636,2013,33833.0,0.0,1.197241,0.633828,ISR,MKD,8418
2994413,111,140,1636,2013,2205140.0,0.0,1.289924,0.533436,ITA,MKD,8418
2994414,114,140,1636,2013,5073.0,0.0,2.3993130000000003,-0.564768,JPN,MKD,8418
2994415,121,140,1636,2013,14515.0,0.0,1.818383,0.75645,KOR,MKD,8418
2994416,144,140,1636,2013,146212.0,114333.0,-0.054454999999999996,-0.164875,MNE,MKD,8418
2994417,162,140,1636,2013,267732.0,0.0,1.184107,1.249557,NLD,MKD,8418
2994418,163,140,1636,2013,0.0,19854.0,0.892099,0.18168399999999998,NOR,MKD,8418
2994419,177,140,1636,2013,337592.0,0.0,1.084332,1.216749,POL,MKD,8418
2994420,179,140,1636,2013,835.0,0.0,0.541454,2.5228610000000002,PRT,MKD,8418
2994421,185,140,1636,2013,3093580.0,0.0,0.792035,1.225034,ROU,MKD,8418
2994422,201,140,1636,2013,1891737.0,467304.0,0.5717720000000001,1.174901,SRB,MKD,8418
2994423,206,140,1636,2013,214260.0,300081.0,1.32064,0.7519819999999999,SVK,MKD,8418
2994424,207,140,1636,2013,652761.0,11442.0,1.698374,0.563082,SVN,MKD,8418
2994425,216,140,1636,2013,11142.0,0.0,0.8752139999999999,1.3798620000000001,THA,MKD,8418
2994426,224,140,1636,2013,5571470.0,0.0,0.42932299999999995,2.690235,TUR,MKD,8418
2994427,231,140,1636,2013,33437.0,0.0,1.6639689999999998,-0.48651300000000003,USA,MKD,8418
2994428,239,140,1636,2013,2876.0,0.0,-0.11426900000000001,1.399738,VNM,MKD,8418
2994429,249,140,1636,2013,398.0,0.0,1.843186,0.9432379999999999,TWN,MKD,8418
2994430,2,147,1636,2013,0.0,1710.0,-1.172043,-1.133735,AGO,MOZ,8418
2994431,7,147,1636,2013,2462404.0,0.0,-0.074047,-0.585168,ARE,MOZ,8418
2994432,18,147,1636,2013,59520.0,0.0,1.316207,0.972601,BEL,MOZ,8418
2994433,32,147,1636,2013,15673.0,0.0,0.14765899999999998,0.399262,BRA,MOZ,8418
2994434,43,147,1636,2013,14424186.0,0.0,1.113767,1.477496,CHN,MOZ,8418
2994435,55,147,1636,2013,6585.0,0.0,0.029981999999999998,-0.673439,CUW,MOZ,8418
2994436,58,147,1636,2013,134982.0,0.0,0.502238,0.349608,CYP,MOZ,8418
2994437,61,147,1636,2013,9358.0,0.0,2.093658,-3.4281980000000005,DEU,MOZ,8418
2994438,64,147,1636,2013,8120.0,0.0,1.161835,1.1788450000000001,DNK,MOZ,8418
2994439,71,147,1636,2013,4425.0,0.0,0.861698,2.353993,ESP,MOZ,8418
2994440,77,147,1636,2013,547958.0,0.0,1.520354,0.022874000000000002,FRA,MOZ,8418
2994441,81,147,1636,2013,50033.0,0.0,1.7901259999999999,0.44164,GBR,MOZ,8418
2994442,90,147,1636,2013,41928.0,0.0,0.18823800000000002,0.910906,GRC,MOZ,8418
2994443,93,147,1636,2013,182978.0,0.0,-0.41466499999999995,0.774788,GTM,MOZ,8418
2994444,97,147,1636,2013,100837.0,0.0,0.744383,1.923139,HKG,MOZ,8418
2994445,103,147,1636,2013,21423.0,0.0,-0.216854,1.415728,IDN,MOZ,8418
2994446,104,147,1636,2013,1023055.0,0.0,0.215356,2.3916209999999998,IND,MOZ,8418
2994447,111,147,1636,2013,101039.0,0.0,1.289924,0.533436,ITA,MOZ,8418
2994448,114,147,1636,2013,25671.0,0.0,2.3993130000000003,-0.564768,JPN,MOZ,8418
2994449,121,147,1636,2013,276483.0,0.0,1.818383,0.75645,KOR,MOZ,8418
2994450,124,147,1636,2013,17386.0,0.0,0.283084,1.4289100000000001,LBN,MOZ,8418
2994451,128,147,1636,2013,19033.0,0.0,-0.6521779999999999,0.41258599999999995,LKA,MOZ,8418
2994452,131,147,1636,2013,167401.0,0.0,1.170459,1.150327,LUX,MOZ,8418
2994453,151,147,1636,2013,73451.0,0.0,-0.158852,0.0061600000000000005,MUS,MOZ,8418
2994454,152,147,1636,2013,15928.0,2009.0,-0.8992120000000001,-0.862175,MWI,MOZ,8418
2994455,153,147,1636,2013,20749.0,0.0,0.937641,0.747496,MYS,MOZ,8418
2994456,155,147,1636,2013,7483.0,0.0,-0.308643,-0.480617,NAM,MOZ,8418
2994457,162,147,1636,2013,519.0,0.0,1.184107,1.249557,NLD,MOZ,8418
2994458,168,147,1636,2013,43382.0,0.0,-0.75727,0.769703,PAK,MOZ,8418
2994459,177,147,1636,2013,13290.0,0.0,1.084332,1.216749,POL,MOZ,8418
2994460,178,147,1636,2013,112768.0,0.0,-0.414538,-0.22449299999999997,PRK,MOZ,8418
2994461,179,147,1636,2013,3102497.0,0.0,0.541454,2.5228610000000002,PRT,MOZ,8418
2994462,192,147,1636,2013,423823.0,281.0,1.915504,0.619576,SGP,MOZ,8418
2994463,209,147,1636,2013,116140.0,0.0,0.109267,-0.275005,SWZ,MOZ,8418
2994464,216,147,1636,2013,468579.0,0.0,0.8752139999999999,1.3798620000000001,THA,MOZ,8418
2994465,224,147,1636,2013,147833.0,0.0,0.42932299999999995,2.690235,TUR,MOZ,8418
2994466,226,147,1636,2013,815.0,0.0,-0.9306770000000001,0.273489,TZA,MOZ,8418
2994467,227,147,1636,2013,0.0,1257.0,-0.5462279999999999,0.200682,UGA,MOZ,8418
2994468,231,147,1636,2013,58252.0,0.0,1.6639689999999998,-0.48651300000000003,USA,MOZ,8418
2994469,239,147,1636,2013,674418.0,0.0,-0.11426900000000001,1.399738,VNM,MOZ,8418
2994470,246,147,1636,2013,14633245.0,16197.0,0.380284,1.5682120000000002,ZAF,MOZ,8418
2994471,247,147,1636,2013,0.0,1168.0,-0.382129,-0.5442229999999999,ZMB,MOZ,8418
2994472,248,147,1636,2013,33719.0,18016.0,-0.828702,-0.899175,ZWE,MOZ,8418
2994473,249,147,1636,2013,29021.0,0.0,1.843186,0.9432379999999999,TWN,MOZ,8418
2994474,2,148,1636,2013,0.0,16666.0,-1.172043,-1.133735,AGO,MRT,8418
2994475,5,148,1636,2013,17216.0,0.0,0.9666530000000001,-0.159606,AND,MRT,8418
2994476,7,148,1636,2013,177471.0,0.0,-0.074047,-0.585168,ARE,MRT,8418
2994477,8,148,1636,2013,7527.0,0.0,0.20314300000000002,0.494062,ARG,MRT,8418
2994478,14,148,1636,2013,6216.0,0.0,-0.31145700000000004,-0.167628,AUS,MRT,8418
2994479,18,148,1636,2013,181667.0,0.0,1.316207,0.972601,BEL,MRT,8418
2994480,39,148,1636,2013,28380.0,0.0,0.719649,1.017046,CAN,MRT,8418
2994481,43,148,1636,2013,942381.0,0.0,1.113767,1.477496,CHN,MRT,8418
2994482,61,148,1636,2013,121265.0,0.0,2.093658,-3.4281980000000005,DEU,MRT,8418
2994483,64,148,1636,2013,41754.0,0.0,1.161835,1.1788450000000001,DNK,MRT,8418
2994484,68,148,1636,2013,151764.0,0.0,-0.17418,1.692641,EGY,MRT,8418
2994485,71,148,1636,2013,2793699.0,0.0,0.861698,2.353993,ESP,MRT,8418
2994486,74,148,1636,2013,34478.0,0.0,1.734552,0.8896940000000001,FIN,MRT,8418
2994487,77,148,1636,2013,287889.0,0.0,1.520354,0.022874000000000002,FRA,MRT,8418
2994488,81,148,1636,2013,3981.0,0.0,1.7901259999999999,0.44164,GBR,MRT,8418
2994489,97,148,1636,2013,1076.0,0.0,0.744383,1.923139,HKG,MRT,8418
2994490,103,148,1636,2013,16754.0,0.0,-0.216854,1.415728,IDN,MRT,8418
2994491,104,148,1636,2013,91411.0,0.0,0.215356,2.3916209999999998,IND,MRT,8418
2994492,106,148,1636,2013,3184.0,0.0,1.29988,0.240688,IRL,MRT,8418
2994493,109,148,1636,2013,3701.0,0.0,0.259374,-0.20413299999999998,ISL,MRT,8418
2994494,111,148,1636,2013,80663.0,0.0,1.289924,0.533436,ITA,MRT,8418
2994495,122,148,1636,2013,3328.0,0.0,-0.536384,-1.08382,KWT,MRT,8418
2994496,124,148,1636,2013,2233.0,0.0,0.283084,1.4289100000000001,LBN,MRT,8418
2994497,131,148,1636,2013,4221.0,0.0,1.170459,1.150327,LUX,MRT,8418
2994498,134,148,1636,2013,312882.0,0.0,-0.6494260000000001,-0.035075999999999996,MAR,MRT,8418
2994499,162,148,1636,2013,81066.0,0.0,1.184107,1.249557,NLD,MRT,8418
2994500,177,148,1636,2013,31654.0,0.0,1.084332,1.216749,POL,MRT,8418
2994501,178,148,1636,2013,1262.0,0.0,-0.414538,-0.22449299999999997,PRK,MRT,8418
2994502,179,148,1636,2013,37630.0,0.0,0.541454,2.5228610000000002,PRT,MRT,8418
2994503,183,148,1636,2013,3609.0,0.0,-0.083649,-1.013491,QAT,MRT,8418
2994504,185,148,1636,2013,83545.0,0.0,0.792035,1.225034,ROU,MRT,8418
2994505,188,148,1636,2013,40291.0,0.0,0.626347,-0.844406,SAU,MRT,8418
2994506,191,148,1636,2013,674587.0,0.0,-0.523662,-0.309101,SEN,MRT,8418
2994507,216,148,1636,2013,19701.0,0.0,0.8752139999999999,1.3798620000000001,THA,MRT,8418
2994508,224,148,1636,2013,292341.0,0.0,0.42932299999999995,2.690235,TUR,MRT,8418
2994509,231,148,1636,2013,122933.0,0.0,1.6639689999999998,-0.48651300000000003,USA,MRT,8418
2994510,246,148,1636,2013,1143.0,0.0,0.380284,1.5682120000000002,ZAF,MRT,8418
2994511,249,148,1636,2013,12031.0,0.0,1.843186,0.9432379999999999,TWN,MRT,8418
2994512,7,159,1636,2013,1216924.0,2339.0,-0.074047,-0.585168,ARE,NGA,8418
2994513,8,159,1636,2013,67906.0,0.0,0.20314300000000002,0.494062,ARG,NGA,8418
2994514,14,159,1636,2013,5261.0,0.0,-0.31145700000000004,-0.167628,AUS,NGA,8418
2994515,15,159,1636,2013,265368.0,0.0,1.7209240000000001,-0.286892,AUT,NGA,8418
2994516,18,159,1636,2013,659089.0,0.0,1.316207,0.972601,BEL,NGA,8418
2994517,19,159,1636,2013,0.0,42838.0,-0.919968,-0.90691,BEN,NGA,8418
2994518,32,159,1636,2013,5027.0,0.0,0.14765899999999998,0.399262,BRA,NGA,8418
2994519,39,159,1636,2013,32344.0,0.0,0.719649,1.017046,CAN,NGA,8418
2994520,41,159,1636,2013,14605.0,0.0,2.2104470000000003,0.5403479999999999,CHE,NGA,8418
2994521,43,159,1636,2013,137178724.0,439700.0,1.113767,1.477496,CHN,NGA,8418
2994522,44,159,1636,2013,0.0,3694.0,-0.923558,-0.866642,CIV,NGA,8418
2994523,45,159,1636,2013,41988.0,0.0,-0.901531,-1.027111,CMR,NGA,8418
2994524,47,159,1636,2013,0.0,1017.0,-1.215681,-1.08679,COG,NGA,8418
2994525,59,159,1636,2013,172210.0,0.0,1.819653,-0.12423800000000002,CZE,NGA,8418
2994526,61,159,1636,2013,3722337.0,3711.0,2.093658,-3.4281980000000005,DEU,NGA,8418
2994527,64,159,1636,2013,423129.0,0.0,1.161835,1.1788450000000001,DNK,NGA,8418
2994528,68,159,1636,2013,25193.0,0.0,-0.17418,1.692641,EGY,NGA,8418
2994529,71,159,1636,2013,400098.0,0.0,0.861698,2.353993,ESP,NGA,8418
2994530,77,159,1636,2013,3947833.0,0.0,1.520354,0.022874000000000002,FRA,NGA,8418
2994531,81,159,1636,2013,3109364.0,107638.0,1.7901259999999999,0.44164,GBR,NGA,8418
2994532,83,159,1636,2013,12280.0,184380.0,-0.7316010000000001,-0.5327689999999999,GHA,NGA,8418
2994533,90,159,1636,2013,620743.0,0.0,0.18823800000000002,0.910906,GRC,NGA,8418
2994534,97,159,1636,2013,194122.0,0.0,0.744383,1.923139,HKG,NGA,8418
2994535,102,159,1636,2013,26339.0,0.0,1.506101,0.7279220000000001,HUN,NGA,8418
2994536,103,159,1636,2013,15957627.0,80079.0,-0.216854,1.415728,IDN,NGA,8418
2994537,104,159,1636,2013,17678407.0,450560.0,0.215356,2.3916209999999998,IND,NGA,8418
2994538,106,159,1636,2013,34023.0,0.0,1.29988,0.240688,IRL,NGA,8418
2994539,109,159,1636,2013,104860.0,0.0,0.259374,-0.20413299999999998,ISL,NGA,8418
2994540,110,159,1636,2013,98752.0,0.0,1.197241,0.633828,ISR,NGA,8418
2994541,111,159,1636,2013,6031557.0,8064.0,1.289924,0.533436,ITA,NGA,8418
2994542,114,159,1636,2013,30794.0,0.0,2.3993130000000003,-0.564768,JPN,NGA,8418
2994543,121,159,1636,2013,3112780.0,39098.0,1.818383,0.75645,KOR,NGA,8418
2994544,124,159,1636,2013,1499415.0,0.0,0.283084,1.4289100000000001,LBN,NGA,8418
2994545,128,159,1636,2013,1761513.0,0.0,-0.6521779999999999,0.41258599999999995,LKA,NGA,8418
2994546,131,159,1636,2013,384759.0,0.0,1.170459,1.150327,LUX,NGA,8418
2994547,138,159,1636,2013,316350.0,0.0,1.048507,0.718932,MEX,NGA,8418
2994548,153,159,1636,2013,225089.0,0.0,0.937641,0.747496,MYS,NGA,8418
2994549,157,159,1636,2013,0.0,66158.0,-1.268738,-0.942256,NER,NGA,8418
2994550,162,159,1636,2013,4217030.0,0.0,1.184107,1.249557,NLD,NGA,8418
2994551,163,159,1636,2013,36231.0,0.0,0.892099,0.18168399999999998,NOR,NGA,8418
2994552,177,159,1636,2013,278461.0,0.0,1.084332,1.216749,POL,NGA,8418
2994553,178,159,1636,2013,2290.0,0.0,-0.414538,-0.22449299999999997,PRK,NGA,8418
2994554,179,159,1636,2013,65864.0,0.0,0.541454,2.5228610000000002,PRT,NGA,8418
2994555,185,159,1636,2013,1187204.0,0.0,0.792035,1.225034,ROU,NGA,8418
2994556,188,159,1636,2013,571226.0,0.0,0.626347,-0.844406,SAU,NGA,8418
2994557,192,159,1636,2013,1290027.0,702.0,1.915504,0.619576,SGP,NGA,8418
2994558,196,159,1636,2013,0.0,173409.0,-0.132082,-0.552921,SLE,NGA,8418
2994559,201,159,1636,2013,2635.0,0.0,0.5717720000000001,1.174901,SRB,NGA,8418
2994560,203,159,1636,2013,0.0,4408.0,0.8999219999999999,-0.101662,STP,NGA,8418
2994561,206,159,1636,2013,64868.0,0.0,1.32064,0.7519819999999999,SVK,NGA,8418
2994562,207,159,1636,2013,9399.0,0.0,1.698374,0.563082,SVN,NGA,8418
2994563,208,159,1636,2013,218314.0,0.0,1.869421,0.228109,SWE,NGA,8418
2994564,215,159,1636,2013,493.0,0.0,-0.598413,-0.49295200000000006,TGO,NGA,8418
2994565,216,159,1636,2013,7843599.0,0.0,0.8752139999999999,1.3798620000000001,THA,NGA,8418
2994566,224,159,1636,2013,432527.0,0.0,0.42932299999999995,2.690235,TUR,NGA,8418
2994567,231,159,1636,2013,1865716.0,0.0,1.6639689999999998,-0.48651300000000003,USA,NGA,8418
2994568,239,159,1636,2013,41167.0,0.0,-0.11426900000000001,1.399738,VNM,NGA,8418
2994569,246,159,1636,2013,1916681.0,2667.0,0.380284,1.5682120000000002,ZAF,NGA,8418
2994570,249,159,1636,2013,407335.0,0.0,1.843186,0.9432379999999999,TWN,NGA,8418
2994571,7,164,1636,2013,9298.0,0.0,-0.074047,-0.585168,ARE,NPL,8418
2994572,14,164,1636,2013,7467.0,0.0,-0.31145700000000004,-0.167628,AUS,NPL,8418
2994573,15,164,1636,2013,49272.0,0.0,1.7209240000000001,-0.286892,AUT,NPL,8418
2994574,43,164,1636,2013,1676560.0,0.0,1.113767,1.477496,CHN,NPL,8418
2994575,61,164,1636,2013,42380.0,0.0,2.093658,-3.4281980000000005,DEU,NPL,8418
2994576,64,164,1636,2013,25885.0,0.0,1.161835,1.1788450000000001,DNK,NPL,8418
2994577,71,164,1636,2013,2290.0,0.0,0.861698,2.353993,ESP,NPL,8418
2994578,77,164,1636,2013,36422.0,0.0,1.520354,0.022874000000000002,FRA,NPL,8418
2994579,81,164,1636,2013,1240.0,0.0,1.7901259999999999,0.44164,GBR,NPL,8418
2994580,93,164,1636,2013,295.0,0.0,-0.41466499999999995,0.774788,GTM,NPL,8418
2994581,103,164,1636,2013,2743.0,0.0,-0.216854,1.415728,IDN,NPL,8418
2994582,104,164,1636,2013,12940036.0,0.0,0.215356,2.3916209999999998,IND,NPL,8418
2994583,111,164,1636,2013,19702.0,0.0,1.289924,0.533436,ITA,NPL,8418
2994584,121,164,1636,2013,11625.0,0.0,1.818383,0.75645,KOR,NPL,8418
2994585,131,164,1636,2013,17229.0,0.0,1.170459,1.150327,LUX,NPL,8418
2994586,153,164,1636,2013,10778.0,0.0,0.937641,0.747496,MYS,NPL,8418
2994587,192,164,1636,2013,14800.0,0.0,1.915504,0.619576,SGP,NPL,8418
2994588,216,164,1636,2013,90594.0,0.0,0.8752139999999999,1.3798620000000001,THA,NPL,8418
2994589,224,164,1636,2013,32060.0,0.0,0.42932299999999995,2.690235,TUR,NPL,8418
2994590,231,164,1636,2013,30344.0,0.0,1.6639689999999998,-0.48651300000000003,USA,NPL,8418
2994591,239,164,1636,2013,18399.0,0.0,-0.11426900000000001,1.399738,VNM,NPL,8418
2994592,7,167,1636,2013,24561336.0,565670.0,-0.074047,-0.585168,ARE,OMN,8418
2994593,8,167,1636,2013,1028.0,0.0,0.20314300000000002,0.494062,ARG,OMN,8418
2994594,14,167,1636,2013,46512.0,10144.0,-0.31145700000000004,-0.167628,AUS,OMN,8418
2994595,15,167,1636,2013,7904.0,883.0,1.7209240000000001,-0.286892,AUT,OMN,8418
2994596,18,167,1636,2013,1008330.0,0.0,1.316207,0.972601,BEL,OMN,8418
2994597,24,167,1636,2013,1192117.0,9124.0,0.249681,-0.6204270000000001,BHR,OMN,8418
2994598,32,167,1636,2013,138101.0,0.0,0.14765899999999998,0.399262,BRA,OMN,8418
2994599,39,167,1636,2013,46638.0,0.0,0.719649,1.017046,CAN,OMN,8418
2994600,41,167,1636,2013,3494.0,0.0,2.2104470000000003,0.5403479999999999,CHE,OMN,8418
2994601,43,167,1636,2013,8190248.0,0.0,1.113767,1.477496,CHN,OMN,8418
2994602,59,167,1636,2013,414154.0,0.0,1.819653,-0.12423800000000002,CZE,OMN,8418
2994603,61,167,1636,2013,1957925.0,20675.0,2.093658,-3.4281980000000005,DEU,OMN,8418
2994604,64,167,1636,2013,135456.0,0.0,1.161835,1.1788450000000001,DNK,OMN,8418
2994605,68,167,1636,2013,30528.0,2812.0,-0.17418,1.692641,EGY,OMN,8418
2994606,71,167,1636,2013,403778.0,0.0,0.861698,2.353993,ESP,OMN,8418
2994607,74,167,1636,2013,5664.0,0.0,1.734552,0.8896940000000001,FIN,OMN,8418
2994608,77,167,1636,2013,7658671.0,0.0,1.520354,0.022874000000000002,FRA,OMN,8418
2994609,81,167,1636,2013,779019.0,37250.0,1.7901259999999999,0.44164,GBR,OMN,8418
2994610,83,167,1636,2013,0.0,1299.0,-0.7316010000000001,-0.5327689999999999,GHA,OMN,8418
2994611,90,167,1636,2013,51214.0,0.0,0.18823800000000002,0.910906,GRC,OMN,8418
2994612,97,167,1636,2013,91513.0,0.0,0.744383,1.923139,HKG,OMN,8418
2994613,102,167,1636,2013,26556.0,0.0,1.506101,0.7279220000000001,HUN,OMN,8418
2994614,103,167,1636,2013,1325537.0,0.0,-0.216854,1.415728,IDN,OMN,8418
2994615,104,167,1636,2013,5585683.0,18285.0,0.215356,2.3916209999999998,IND,OMN,8418
2994616,106,167,1636,2013,2033284.0,0.0,1.29988,0.240688,IRL,OMN,8418
2994617,107,167,1636,2013,0.0,428454.0,-0.339172,-0.237114,IRN,OMN,8418
2994618,108,167,1636,2013,0.0,10403.0,-2.839079,-0.8705440000000001,IRQ,OMN,8418
2994619,111,167,1636,2013,5345313.0,0.0,1.289924,0.533436,ITA,OMN,8418
2994620,113,167,1636,2013,6937.0,0.0,0.152659,0.5889979999999999,JOR,OMN,8418
2994621,114,167,1636,2013,274588.0,0.0,2.3993130000000003,-0.564768,JPN,OMN,8418
2994622,121,167,1636,2013,2471548.0,0.0,1.818383,0.75645,KOR,OMN,8418
2994623,122,167,1636,2013,55489.0,10385.0,-0.536384,-1.08382,KWT,OMN,8418
2994624,124,167,1636,2013,35656.0,0.0,0.283084,1.4289100000000001,LBN,OMN,8418
2994625,128,167,1636,2013,71364.0,0.0,-0.6521779999999999,0.41258599999999995,LKA,OMN,8418
2994626,138,167,1636,2013,601363.0,0.0,1.048507,0.718932,MEX,OMN,8418
2994627,151,167,1636,2013,0.0,17247.0,-0.158852,0.0061600000000000005,MUS,OMN,8418
2994628,153,167,1636,2013,330533.0,0.0,0.937641,0.747496,MYS,OMN,8418
2994629,162,167,1636,2013,222499.0,0.0,1.184107,1.249557,NLD,OMN,8418
2994630,168,167,1636,2013,8704.0,36487.0,-0.75727,0.769703,PAK,OMN,8418
2994631,174,167,1636,2013,14462.0,0.0,0.507868,0.355403,PHL,OMN,8418
2994632,183,167,1636,2013,18364.0,54686.0,-0.083649,-1.013491,QAT,OMN,8418
2994633,185,167,1636,2013,48868.0,0.0,0.792035,1.225034,ROU,OMN,8418
2994634,188,167,1636,2013,316550.0,23359.0,0.626347,-0.844406,SAU,OMN,8418
2994635,190,167,1636,2013,0.0,5209.0,-1.254944,-1.073564,SDN,OMN,8418
2994636,192,167,1636,2013,12874.0,0.0,1.915504,0.619576,SGP,OMN,8418
2994637,199,167,1636,2013,0.0,320490.0,-1.194368,-0.915163,SOM,OMN,8418
2994638,207,167,1636,2013,9848.0,0.0,1.698374,0.563082,SVN,OMN,8418
2994639,208,167,1636,2013,3857.0,0.0,1.869421,0.228109,SWE,OMN,8418
2994640,216,167,1636,2013,10878455.0,0.0,0.8752139999999999,1.3798620000000001,THA,OMN,8418
2994641,223,167,1636,2013,0.0,1869.0,0.185528,1.0070700000000001,TUN,OMN,8418
2994642,224,167,1636,2013,797953.0,0.0,0.42932299999999995,2.690235,TUR,OMN,8418
2994643,226,167,1636,2013,0.0,10532.0,-0.9306770000000001,0.273489,TZA,OMN,8418
2994644,231,167,1636,2013,4431649.0,0.0,1.6639689999999998,-0.48651300000000003,USA,OMN,8418
2994645,239,167,1636,2013,914799.0,28927.0,-0.11426900000000001,1.399738,VNM,OMN,8418
2994646,243,167,1636,2013,0.0,81499.0,-1.252605,-1.207324,YEM,OMN,8418
2994647,246,167,1636,2013,6362.0,0.0,0.380284,1.5682120000000002,ZAF,OMN,8418
2994648,249,167,1636,2013,191265.0,0.0,1.843186,0.9432379999999999,TWN,OMN,8418
2994649,1,168,1636,2013,0.0,18867701.0,-0.985727,-0.7164550000000001,AFG,PAK,8418
2994650,7,168,1636,2013,915699.0,50045.0,-0.074047,-0.585168,ARE,PAK,8418
2994651,8,168,1636,2013,9925.0,0.0,0.20314300000000002,0.494062,ARG,PAK,8418
2994652,14,168,1636,2013,92325.0,0.0,-0.31145700000000004,-0.167628,AUS,PAK,8418
2994653,15,168,1636,2013,15845.0,1322.0,1.7209240000000001,-0.286892,AUT,PAK,8418
2994654,18,168,1636,2013,108930.0,0.0,1.316207,0.972601,BEL,PAK,8418
2994655,22,168,1636,2013,0.0,647843.0,-1.101916,-0.734646,BGD,PAK,8418
2994656,24,168,1636,2013,13494.0,2910.0,0.249681,-0.6204270000000001,BHR,PAK,8418
2994657,39,168,1636,2013,18305.0,0.0,0.719649,1.017046,CAN,PAK,8418
2994658,41,168,1636,2013,225318.0,0.0,2.2104470000000003,0.5403479999999999,CHE,PAK,8418
2994659,43,168,1636,2013,52035193.0,14619.0,1.113767,1.477496,CHN,PAK,8418
2994660,59,168,1636,2013,120669.0,0.0,1.819653,-0.12423800000000002,CZE,PAK,8418
2994661,61,168,1636,2013,1069656.0,16340.0,2.093658,-3.4281980000000005,DEU,PAK,8418
2994662,64,168,1636,2013,662813.0,0.0,1.161835,1.1788450000000001,DNK,PAK,8418
2994663,71,168,1636,2013,390127.0,0.0,0.861698,2.353993,ESP,PAK,8418
2994664,73,168,1636,2013,0.0,5982.0,-1.264002,-0.9594219999999999,ETH,PAK,8418
2994665,74,168,1636,2013,3541.0,0.0,1.734552,0.8896940000000001,FIN,PAK,8418
2994666,77,168,1636,2013,1057510.0,0.0,1.520354,0.022874000000000002,FRA,PAK,8418
2994667,81,168,1636,2013,840403.0,0.0,1.7901259999999999,0.44164,GBR,PAK,8418
2994668,83,168,1636,2013,0.0,30274.0,-0.7316010000000001,-0.5327689999999999,GHA,PAK,8418
2994669,90,168,1636,2013,112283.0,0.0,0.18823800000000002,0.910906,GRC,PAK,8418
2994670,97,168,1636,2013,183341.0,0.0,0.744383,1.923139,HKG,PAK,8418
2994671,102,168,1636,2013,57434.0,0.0,1.506101,0.7279220000000001,HUN,PAK,8418
2994672,103,168,1636,2013,439806.0,14645.0,-0.216854,1.415728,IDN,PAK,8418
2994673,104,168,1636,2013,6513.0,0.0,0.215356,2.3916209999999998,IND,PAK,8418
2994674,106,168,1636,2013,56826.0,68192.0,1.29988,0.240688,IRL,PAK,8418
2994675,107,168,1636,2013,109374.0,0.0,-0.339172,-0.237114,IRN,PAK,8418
2994676,109,168,1636,2013,5113.0,0.0,0.259374,-0.20413299999999998,ISL,PAK,8418
2994677,111,168,1636,2013,3023448.0,4805.0,1.289924,0.533436,ITA,PAK,8418
2994678,114,168,1636,2013,1000995.0,0.0,2.3993130000000003,-0.564768,JPN,PAK,8418
2994679,121,168,1636,2013,2172620.0,1375.0,1.818383,0.75645,KOR,PAK,8418
2994680,122,168,1636,2013,5236.0,1823015.0,-0.536384,-1.08382,KWT,PAK,8418
2994681,126,168,1636,2013,0.0,14218.0,-1.6241459999999999,-1.1817950000000002,LBY,PAK,8418
2994682,128,168,1636,2013,0.0,4117.0,-0.6521779999999999,0.41258599999999995,LKA,PAK,8418
2994683,131,168,1636,2013,36648.0,0.0,1.170459,1.150327,LUX,PAK,8418
2994684,138,168,1636,2013,142422.0,0.0,1.048507,0.718932,MEX,PAK,8418
2994685,147,168,1636,2013,0.0,43382.0,-1.326323,-1.050969,MOZ,PAK,8418
2994686,153,168,1636,2013,323304.0,0.0,0.937641,0.747496,MYS,PAK,8418
2994687,162,168,1636,2013,1442816.0,0.0,1.184107,1.249557,NLD,PAK,8418
2994688,167,168,1636,2013,36487.0,8704.0,-0.604175,-1.0463209999999998,OMN,PAK,8418
2994689,177,168,1636,2013,35043.0,0.0,1.084332,1.216749,POL,PAK,8418
2994690,178,168,1636,2013,189136.0,0.0,-0.414538,-0.22449299999999997,PRK,PAK,8418
2994691,183,168,1636,2013,0.0,6685.0,-0.083649,-1.013491,QAT,PAK,8418
2994692,188,168,1636,2013,618219.0,84656.0,0.626347,-0.844406,SAU,PAK,8418
2994693,190,168,1636,2013,0.0,1399.0,-1.254944,-1.073564,SDN,PAK,8418
2994694,192,168,1636,2013,450291.0,0.0,1.915504,0.619576,SGP,PAK,8418
2994695,199,168,1636,2013,0.0,14723.0,-1.194368,-0.915163,SOM,PAK,8418
2994696,207,168,1636,2013,1647.0,0.0,1.698374,0.563082,SVN,PAK,8418
2994697,208,168,1636,2013,81894.0,0.0,1.869421,0.228109,SWE,PAK,8418
2994698,216,168,1636,2013,1729747.0,0.0,0.8752139999999999,1.3798620000000001,THA,PAK,8418
2994699,224,168,1636,2013,731466.0,0.0,0.42932299999999995,2.690235,TUR,PAK,8418
2994700,226,168,1636,2013,0.0,130845.0,-0.9306770000000001,0.273489,TZA,PAK,8418
2994701,231,168,1636,2013,1799901.0,26025.0,1.6639689999999998,-0.48651300000000003,USA,PAK,8418
2994702,239,168,1636,2013,890.0,0.0,-0.11426900000000001,1.399738,VNM,PAK,8418
2994703,243,168,1636,2013,0.0,335317.0,-1.252605,-1.207324,YEM,PAK,8418
2994704,249,168,1636,2013,188842.0,0.0,1.843186,0.9432379999999999,TWN,PAK,8418
2994705,250,168,1636,2013,2943683.0,0.0,0.628555,0.277602,ANS,PAK,8418
2994706,4,185,1636,2013,5619.0,2113078.0,-0.53682,-0.162391,ALB,ROU,8418
2994707,7,185,1636,2013,0.0,321745.0,-0.074047,-0.585168,ARE,ROU,8418
2994708,9,185,1636,2013,0.0,125636.0,-0.076922,-0.5781390000000001,ARM,ROU,8418
2994709,14,185,1636,2013,0.0,266968.0,-0.31145700000000004,-0.167628,AUS,ROU,8418
2994710,15,185,1636,2013,18419824.0,2100875.0,1.7209240000000001,-0.286892,AUT,ROU,8418
2994711,16,185,1636,2013,0.0,46008.0,-0.9232870000000001,-1.165928,AZE,ROU,8418
2994712,18,185,1636,2013,1532975.0,13002298.0,1.316207,0.972601,BEL,ROU,8418
2994713,23,185,1636,2013,3457372.0,13858967.0,0.5026109999999999,1.674296,BGR,ROU,8418
2994714,24,185,1636,2013,0.0,66918.0,0.249681,-0.6204270000000001,BHR,ROU,8418
2994715,26,185,1636,2013,78384.0,5308024.0,0.46743199999999996,0.7340800000000001,BIH,ROU,8418
2994716,28,185,1636,2013,0.0,74530.0,1.036923,0.864568,BLR,ROU,8418
2994717,32,185,1636,2013,45722.0,1712819.0,0.14765899999999998,0.399262,BRA,ROU,8418
2994718,41,185,1636,2013,107680.0,1206678.0,2.2104470000000003,0.5403479999999999,CHE,ROU,8418
2994719,43,185,1636,2013,10428624.0,118726.0,1.113767,1.477496,CHN,ROU,8418
2994720,58,185,1636,2013,20755.0,446724.0,0.502238,0.349608,CYP,ROU,8418
2994721,59,185,1636,2013,5876048.0,14444850.0,1.819653,-0.12423800000000002,CZE,ROU,8418
2994722,61,185,1636,2013,9903508.0,29007353.0,2.093658,-3.4281980000000005,DEU,ROU,8418
2994723,64,185,1636,2013,1555110.0,2316594.0,1.161835,1.1788450000000001,DNK,ROU,8418
2994724,66,185,1636,2013,0.0,324810.0,-1.373947,-1.1523459999999999,DZA,ROU,8418
2994725,68,185,1636,2013,0.0,377266.0,-0.17418,1.692641,EGY,ROU,8418
2994726,71,185,1636,2013,1944497.0,31838868.0,0.861698,2.353993,ESP,ROU,8418
2994727,72,185,1636,2013,0.0,760107.0,0.8828940000000001,1.386574,EST,ROU,8418
2994728,73,185,1636,2013,0.0,576693.0,-1.264002,-0.9594219999999999,ETH,ROU,8418
2994729,74,185,1636,2013,55972.0,2469370.0,1.734552,0.8896940000000001,FIN,ROU,8418
2994730,77,185,1636,2013,11278468.0,16365672.0,1.520354,0.022874000000000002,FRA,ROU,8418
2994731,81,185,1636,2013,212129.0,17329519.0,1.7901259999999999,0.44164,GBR,ROU,8418
2994732,82,185,1636,2013,0.0,27200.0,-0.160691,-0.393419,GEO,ROU,8418
2994733,83,185,1636,2013,0.0,200446.0,-0.7316010000000001,-0.5327689999999999,GHA,ROU,8418
2994734,89,185,1636,2013,0.0,96737.0,-1.521575,-0.814708,GNQ,ROU,8418
2994735,90,185,1636,2013,3145837.0,5112628.0,0.18823800000000002,0.910906,GRC,ROU,8418
2994736,100,185,1636,2013,869247.0,3367030.0,0.898284,1.038807,HRV,ROU,8418
2994737,102,185,1636,2013,18483986.0,4961624.0,1.506101,0.7279220000000001,HUN,ROU,8418
2994738,103,185,1636,2013,18739.0,18914.0,-0.216854,1.415728,IDN,ROU,8418
2994739,104,185,1636,2013,23068.0,4806.0,0.215356,2.3916209999999998,IND,ROU,8418
2994740,106,185,1636,2013,676980.0,1964560.0,1.29988,0.240688,IRL,ROU,8418
2994741,107,185,1636,2013,29598.0,0.0,-0.339172,-0.237114,IRN,ROU,8418
2994742,109,185,1636,2013,0.0,48276.0,0.259374,-0.20413299999999998,ISL,ROU,8418
2994743,110,185,1636,2013,30733.0,1433009.0,1.197241,0.633828,ISR,ROU,8418
2994744,111,185,1636,2013,31042430.0,24868728.0,1.289924,0.533436,ITA,ROU,8418
2994745,113,185,1636,2013,0.0,14310.0,0.152659,0.5889979999999999,JOR,ROU,8418
2994746,114,185,1636,2013,16760.0,2857.0,2.3993130000000003,-0.564768,JPN,ROU,8418
2994747,115,185,1636,2013,0.0,25278.0,-0.680678,-0.83347,KAZ,ROU,8418
2994748,116,185,1636,2013,0.0,688860.0,-0.448112,0.8672719999999999,KEN,ROU,8418
2994749,117,185,1636,2013,0.0,33069.0,-0.1035,0.339914,KGZ,ROU,8418
2994750,121,185,1636,2013,3364697.0,62397.0,1.818383,0.75645,KOR,ROU,8418
2994751,122,185,1636,2013,0.0,146245.0,-0.536384,-1.08382,KWT,ROU,8418
2994752,124,185,1636,2013,0.0,66941.0,0.283084,1.4289100000000001,LBN,ROU,8418
2994753,125,185,1636,2013,0.0,25626.0,-0.41869399999999996,-0.9538770000000001,LBR,ROU,8418
2994754,126,185,1636,2013,0.0,7453812.0,-1.6241459999999999,-1.1817950000000002,LBY,ROU,8418
2994755,130,185,1636,2013,132520.0,3534980.0,0.737796,1.215543,LTU,ROU,8418
2994756,131,185,1636,2013,6045.0,38963.0,1.170459,1.150327,LUX,ROU,8418
2994757,132,185,1636,2013,0.0,623418.0,0.6219439999999999,1.166749,LVA,ROU,8418
2994758,134,185,1636,2013,0.0,3547215.0,-0.6494260000000001,-0.035075999999999996,MAR,ROU,8418
2994759,135,185,1636,2013,11683.0,4648679.0,-0.016235,0.132104,MDA,ROU,8418
2994760,138,185,1636,2013,90401.0,95905.0,1.048507,0.718932,MEX,ROU,8418
2994761,140,185,1636,2013,0.0,3093580.0,-0.10859400000000001,0.155229,MKD,ROU,8418
2994762,142,185,1636,2013,1099.0,416861.0,0.8519760000000001,-0.075869,MLT,ROU,8418
2994763,144,185,1636,2013,0.0,1269676.0,-0.054454999999999996,-0.164875,MNE,ROU,8418
2994764,145,185,1636,2013,0.0,1027.0,-1.3270950000000001,-1.144547,MNG,ROU,8418
2994765,148,185,1636,2013,0.0,83545.0,-1.950532,-1.283104,MRT,ROU,8418
2994766,151,185,1636,2013,0.0,9110.0,-0.158852,0.0061600000000000005,MUS,ROU,8418
2994767,152,185,1636,2013,0.0,116341.0,-0.8992120000000001,-0.862175,MWI,ROU,8418
2994768,153,185,1636,2013,1740.0,0.0,0.937641,0.747496,MYS,ROU,8418
2994769,156,185,1636,2013,0.0,7538.0,-0.136052,-0.703913,NCL,ROU,8418
2994770,159,185,1636,2013,0.0,1187204.0,-1.745783,-1.1356680000000001,NGA,ROU,8418
2994771,162,185,1636,2013,1243178.0,3366245.0,1.184107,1.249557,NLD,ROU,8418
2994772,163,185,1636,2013,3536716.0,2259691.0,0.892099,0.18168399999999998,NOR,ROU,8418
2994773,167,185,1636,2013,0.0,48868.0,-0.604175,-1.0463209999999998,OMN,ROU,8418
2994774,177,185,1636,2013,27336431.0,37173156.0,1.084332,1.216749,POL,ROU,8418
2994775,179,185,1636,2013,114758.0,1834780.0,0.541454,2.5228610000000002,PRT,ROU,8418
2994776,180,185,1636,2013,0.0,17176.0,-0.566239,-0.9273459999999999,PRY,ROU,8418
2994777,181,185,1636,2013,0.0,20460.0,0.072979,0.7099260000000001,PSE,ROU,8418
2994778,183,185,1636,2013,0.0,23086.0,-0.083649,-1.013491,QAT,ROU,8418
2994779,186,185,1636,2013,130691.0,6148058.0,0.481166,-0.180052,RUS,ROU,8418
2994780,188,185,1636,2013,0.0,1568153.0,0.626347,-0.844406,SAU,ROU,8418
2994781,190,185,1636,2013,0.0,19429.0,-1.254944,-1.073564,SDN,ROU,8418
2994782,192,185,1636,2013,537262.0,13110.0,1.915504,0.619576,SGP,ROU,8418
2994783,196,185,1636,2013,0.0,1838.0,-0.132082,-0.552921,SLE,ROU,8418
2994784,198,185,1636,2013,0.0,13393.0,1.108559,0.569782,SMR,ROU,8418
2994785,201,185,1636,2013,1859679.0,7825508.0,0.5717720000000001,1.174901,SRB,ROU,8418
2994786,206,185,1636,2013,788144.0,3264763.0,1.32064,0.7519819999999999,SVK,ROU,8418
2994787,207,185,1636,2013,444300.0,2680674.0,1.698374,0.563082,SVN,ROU,8418
2994788,208,185,1636,2013,127736.0,5154237.0,1.869421,0.228109,SWE,ROU,8418
2994789,216,185,1636,2013,2915708.0,54893.0,0.8752139999999999,1.3798620000000001,THA,ROU,8418
2994790,223,185,1636,2013,0.0,1829.0,0.185528,1.0070700000000001,TUN,ROU,8418
2994791,224,185,1636,2013,30623493.0,58420975.0,0.42932299999999995,2.690235,TUR,ROU,8418
2994792,227,185,1636,2013,0.0,127234.0,-0.5462279999999999,0.200682,UGA,ROU,8418
2994793,228,185,1636,2013,704291.0,16596136.0,0.657729,0.9063200000000001,UKR,ROU,8418
2994794,231,185,1636,2013,325962.0,478008.0,1.6639689999999998,-0.48651300000000003,USA,ROU,8418
2994795,246,185,1636,2013,25765.0,16374143.0,0.380284,1.5682120000000002,ZAF,ROU,8418
2994796,247,185,1636,2013,0.0,14569.0,-0.382129,-0.5442229999999999,ZMB,ROU,8418
2994797,249,185,1636,2013,58433.0,0.0,1.843186,0.9432379999999999,TWN,ROU,8418
2994798,250,185,1636,2013,14623.0,0.0,0.628555,0.277602,ANS,ROU,8418
2994799,2,186,1636,2013,0.0,3122.0,-1.172043,-1.133735,AGO,RUS,8418
2994800,4,186,1636,2013,0.0,1754.0,-0.53682,-0.162391,ALB,RUS,8418
2994801,7,186,1636,2013,1760.0,1255.0,-0.074047,-0.585168,ARE,RUS,8418
2994802,9,186,1636,2013,16666.0,950462.0,-0.076922,-0.5781390000000001,ARM,RUS,8418
2994803,14,186,1636,2013,13219.0,15656.0,-0.31145700000000004,-0.167628,AUS,RUS,8418
2994804,15,186,1636,2013,30717546.0,22864.0,1.7209240000000001,-0.286892,AUT,RUS,8418
2994805,16,186,1636,2013,2972.0,18491827.0,-0.9232870000000001,-1.165928,AZE,RUS,8418
2994806,18,186,1636,2013,6419756.0,14125.0,1.316207,0.972601,BEL,RUS,8418
2994807,23,186,1636,2013,15099013.0,83573.0,0.5026109999999999,1.674296,BGR,RUS,8418
2994808,28,186,1636,2013,149371959.0,66088368.0,1.036923,0.864568,BLR,RUS,8418
2994809,32,186,1636,2013,2595.0,0.0,0.14765899999999998,0.399262,BRA,RUS,8418
2994810,39,186,1636,2013,111176.0,116902.0,0.719649,1.017046,CAN,RUS,8418
2994811,41,186,1636,2013,1570430.0,81669.0,2.2104470000000003,0.5403479999999999,CHE,RUS,8418
2994812,43,186,1636,2013,154212273.0,602201.0,1.113767,1.477496,CHN,RUS,8418
2994813,46,186,1636,2013,0.0,2323.0,-1.300125,-1.0708010000000001,COD,RUS,8418
2994814,59,186,1636,2013,22199351.0,261288.0,1.819653,-0.12423800000000002,CZE,RUS,8418
2994815,61,186,1636,2013,155598868.0,7254304.0,2.093658,-3.4281980000000005,DEU,RUS,8418
2994816,64,186,1636,2013,9204547.0,122901.0,1.161835,1.1788450000000001,DNK,RUS,8418
2994817,68,186,1636,2013,73657.0,0.0,-0.17418,1.692641,EGY,RUS,8418
2994818,71,186,1636,2013,17862558.0,139549.0,0.861698,2.353993,ESP,RUS,8418
2994819,72,186,1636,2013,3365504.0,37814.0,0.8828940000000001,1.386574,EST,RUS,8418
2994820,74,186,1636,2013,17854729.0,108675.0,1.734552,0.8896940000000001,FIN,RUS,8418
2994821,77,186,1636,2013,30299595.0,517203.0,1.520354,0.022874000000000002,FRA,RUS,8418
2994822,81,186,1636,2013,5053535.0,57991.0,1.7901259999999999,0.44164,GBR,RUS,8418
2994823,82,186,1636,2013,0.0,1543820.0,-0.160691,-0.393419,GEO,RUS,8418
2994824,85,186,1636,2013,0.0,2593.0,-1.1287459999999998,-1.069735,GIN,RUS,8418
2994825,90,186,1636,2013,648368.0,10352.0,0.18823800000000002,0.910906,GRC,RUS,8418
2994826,97,186,1636,2013,456989.0,162973.0,0.744383,1.923139,HKG,RUS,8418
2994827,100,186,1636,2013,143921.0,2481.0,0.898284,1.038807,HRV,RUS,8418
2994828,102,186,1636,2013,17218327.0,0.0,1.506101,0.7279220000000001,HUN,RUS,8418
2994829,103,186,1636,2013,2645800.0,0.0,-0.216854,1.415728,IDN,RUS,8418
2994830,104,186,1636,2013,933272.0,1541189.0,0.215356,2.3916209999999998,IND,RUS,8418
2994831,106,186,1636,2013,1795209.0,0.0,1.29988,0.240688,IRL,RUS,8418
2994832,107,186,1636,2013,8785.0,10628.0,-0.339172,-0.237114,IRN,RUS,8418
2994833,109,186,1636,2013,0.0,928.0,0.259374,-0.20413299999999998,ISL,RUS,8418
2994834,110,186,1636,2013,134128.0,33202.0,1.197241,0.633828,ISR,RUS,8418
2994835,111,186,1636,2013,120606538.0,137275.0,1.289924,0.533436,ITA,RUS,8418
2994836,114,186,1636,2013,7982412.0,16559.0,2.3993130000000003,-0.564768,JPN,RUS,8418
2994837,115,186,1636,2013,2415624.0,81230021.0,-0.680678,-0.83347,KAZ,RUS,8418
2994838,117,186,1636,2013,6124.0,6514917.0,-0.1035,0.339914,KGZ,RUS,8418
2994839,121,186,1636,2013,97669929.0,474017.0,1.818383,0.75645,KOR,RUS,8418
2994840,130,186,1636,2013,15902308.0,1823593.0,0.737796,1.215543,LTU,RUS,8418
2994841,131,186,1636,2013,841209.0,1038.0,1.170459,1.150327,LUX,RUS,8418
2994842,132,186,1636,2013,1481619.0,353068.0,0.6219439999999999,1.166749,LVA,RUS,8418
2994843,135,186,1636,2013,1501289.0,3031527.0,-0.016235,0.132104,MDA,RUS,8418
2994844,138,186,1636,2013,1054182.0,0.0,1.048507,0.718932,MEX,RUS,8418
2994845,142,186,1636,2013,16140.0,0.0,0.8519760000000001,-0.075869,MLT,RUS,8418
2994846,144,186,1636,2013,0.0,39188.0,-0.054454999999999996,-0.164875,MNE,RUS,8418
2994847,145,186,1636,2013,0.0,222477.0,-1.3270950000000001,-1.144547,MNG,RUS,8418
2994848,153,186,1636,2013,449195.0,20270.0,0.937641,0.747496,MYS,RUS,8418
2994849,155,186,1636,2013,0.0,25371.0,-0.308643,-0.480617,NAM,RUS,8418
2994850,162,186,1636,2013,8717248.0,144996.0,1.184107,1.249557,NLD,RUS,8418
2994851,163,186,1636,2013,26387.0,292290.0,0.892099,0.18168399999999998,NOR,RUS,8418
2994852,173,186,1636,2013,0.0,4654.0,-0.573852,0.357977,PER,RUS,8418
2994853,174,186,1636,2013,6137.0,0.0,0.507868,0.355403,PHL,RUS,8418
2994854,177,186,1636,2013,114422522.0,929424.0,1.084332,1.216749,POL,RUS,8418
2994855,178,186,1636,2013,4640.0,0.0,-0.414538,-0.22449299999999997,PRK,RUS,8418
2994856,179,186,1636,2013,1962563.0,0.0,0.541454,2.5228610000000002,PRT,RUS,8418
2994857,183,186,1636,2013,0.0,1582.0,-0.083649,-1.013491,QAT,RUS,8418
2994858,185,186,1636,2013,6148058.0,130691.0,0.792035,1.225034,ROU,RUS,8418
2994859,191,186,1636,2013,0.0,7352.0,-0.523662,-0.309101,SEN,RUS,8418
2994860,192,186,1636,2013,714656.0,0.0,1.915504,0.619576,SGP,RUS,8418
2994861,198,186,1636,2013,5479.0,0.0,1.108559,0.569782,SMR,RUS,8418
2994862,201,186,1636,2013,15141640.0,9668.0,0.5717720000000001,1.174901,SRB,RUS,8418
2994863,206,186,1636,2013,2516551.0,65163.0,1.32064,0.7519819999999999,SVK,RUS,8418
2994864,207,186,1636,2013,5391357.0,0.0,1.698374,0.563082,SVN,RUS,8418
2994865,208,186,1636,2013,2988519.0,248101.0,1.869421,0.228109,SWE,RUS,8418
2994866,216,186,1636,2013,10859512.0,0.0,0.8752139999999999,1.3798620000000001,THA,RUS,8418
2994867,217,186,1636,2013,0.0,1666061.0,-1.2512889999999999,-1.16402,TJK,RUS,8418
2994868,219,186,1636,2013,0.0,876815.0,-1.6186770000000001,-1.2210969999999999,TKM,RUS,8418
2994869,222,186,1636,2013,3209.0,0.0,-0.280641,-1.083332,TTO,RUS,8418
2994870,224,186,1636,2013,41768262.0,83283.0,0.42932299999999995,2.690235,TUR,RUS,8418
2994871,228,186,1636,2013,63570607.0,60990614.0,0.657729,0.9063200000000001,UKR,RUS,8418
2994872,231,186,1636,2013,13150291.0,1374663.0,1.6639689999999998,-0.48651300000000003,USA,RUS,8418
2994873,232,186,1636,2013,61429.0,15238385.0,-0.748212,-0.567268,UZB,RUS,8418
2994874,239,186,1636,2013,565773.0,410454.0,-0.11426900000000001,1.399738,VNM,RUS,8418
2994875,243,186,1636,2013,0.0,9150.0,-1.252605,-1.207324,YEM,RUS,8418
2994876,246,186,1636,2013,713286.0,0.0,0.380284,1.5682120000000002,ZAF,RUS,8418
2994877,249,186,1636,2013,6535974.0,124878.0,1.843186,0.9432379999999999,TWN,RUS,8418
2994878,4,191,1636,2013,22276.0,0.0,-0.53682,-0.162391,ALB,SEN,8418
2994879,7,191,1636,2013,360374.0,0.0,-0.074047,-0.585168,ARE,SEN,8418
2994880,13,191,1636,2013,1172.0,0.0,0.096563,-0.60577,ATG,SEN,8418
2994881,14,191,1636,2013,16845.0,0.0,-0.31145700000000004,-0.167628,AUS,SEN,8418
2994882,15,191,1636,2013,5910.0,0.0,1.7209240000000001,-0.286892,AUT,SEN,8418
2994883,18,191,1636,2013,907880.0,0.0,1.316207,0.972601,BEL,SEN,8418
2994884,23,191,1636,2013,4221.0,0.0,0.5026109999999999,1.674296,BGR,SEN,8418
2994885,39,191,1636,2013,12706.0,0.0,0.719649,1.017046,CAN,SEN,8418
2994886,41,191,1636,2013,48052.0,0.0,2.2104470000000003,0.5403479999999999,CHE,SEN,8418
2994887,43,191,1636,2013,4107673.0,0.0,1.113767,1.477496,CHN,SEN,8418
2994888,45,191,1636,2013,1315.0,0.0,-0.901531,-1.027111,CMR,SEN,8418
2994889,51,191,1636,2013,0.0,944.0,-0.75058,-0.8948219999999999,CPV,SEN,8418
2994890,61,191,1636,2013,448417.0,0.0,2.093658,-3.4281980000000005,DEU,SEN,8418
2994891,64,191,1636,2013,8525.0,0.0,1.161835,1.1788450000000001,DNK,SEN,8418
2994892,68,191,1636,2013,48611.0,0.0,-0.17418,1.692641,EGY,SEN,8418
2994893,71,191,1636,2013,1095293.0,0.0,0.861698,2.353993,ESP,SEN,8418
2994894,77,191,1636,2013,4174225.0,0.0,1.520354,0.022874000000000002,FRA,SEN,8418
2994895,81,191,1636,2013,106037.0,319177.0,1.7901259999999999,0.44164,GBR,SEN,8418
2994896,83,191,1636,2013,43145.0,0.0,-0.7316010000000001,-0.5327689999999999,GHA,SEN,8418
2994897,85,191,1636,2013,0.0,4471.0,-1.1287459999999998,-1.069735,GIN,SEN,8418
2994898,87,191,1636,2013,316.0,214378.0,-0.5571550000000001,-0.6860310000000001,GMB,SEN,8418
2994899,88,191,1636,2013,0.0,257319.0,-2.414729,-0.9398700000000001,GNB,SEN,8418
2994900,90,191,1636,2013,3332.0,2781.0,0.18823800000000002,0.910906,GRC,SEN,8418
2994901,103,191,1636,2013,344403.0,0.0,-0.216854,1.415728,IDN,SEN,8418
2994902,104,191,1636,2013,1057671.0,0.0,0.215356,2.3916209999999998,IND,SEN,8418
2994903,111,191,1636,2013,2219722.0,0.0,1.289924,0.533436,ITA,SEN,8418
2994904,114,191,1636,2013,106184.0,0.0,2.3993130000000003,-0.564768,JPN,SEN,8418
2994905,116,191,1636,2013,1696.0,0.0,-0.448112,0.8672719999999999,KEN,SEN,8418
2994906,121,191,1636,2013,967934.0,0.0,1.818383,0.75645,KOR,SEN,8418
2994907,124,191,1636,2013,23920.0,0.0,0.283084,1.4289100000000001,LBN,SEN,8418
2994908,125,191,1636,2013,0.0,2020.0,-0.41869399999999996,-0.9538770000000001,LBR,SEN,8418
2994909,131,191,1636,2013,292431.0,0.0,1.170459,1.150327,LUX,SEN,8418
2994910,134,191,1636,2013,1738.0,0.0,-0.6494260000000001,-0.035075999999999996,MAR,SEN,8418
2994911,141,191,1636,2013,0.0,281744.0,-1.183671,-1.069504,MLI,SEN,8418
2994912,148,191,1636,2013,0.0,674587.0,-1.950532,-1.283104,MRT,SEN,8418
2994913,153,191,1636,2013,1878.0,0.0,0.937641,0.747496,MYS,SEN,8418
2994914,157,191,1636,2013,852.0,1237.0,-1.268738,-0.942256,NER,SEN,8418
2994915,162,191,1636,2013,618546.0,0.0,1.184107,1.249557,NLD,SEN,8418
2994916,163,191,1636,2013,1092.0,0.0,0.892099,0.18168399999999998,NOR,SEN,8418
2994917,166,191,1636,2013,2883.0,0.0,0.3345,0.39063000000000003,NZL,SEN,8418
2994918,177,191,1636,2013,380686.0,0.0,1.084332,1.216749,POL,SEN,8418
2994919,179,191,1636,2013,351046.0,0.0,0.541454,2.5228610000000002,PRT,SEN,8418
2994920,186,191,1636,2013,7352.0,0.0,0.481166,-0.180052,RUS,SEN,8418
2994921,192,191,1636,2013,680318.0,0.0,1.915504,0.619576,SGP,SEN,8418
2994922,196,191,1636,2013,0.0,104656.0,-0.132082,-0.552921,SLE,SEN,8418
2994923,208,191,1636,2013,96246.0,0.0,1.869421,0.228109,SWE,SEN,8418
2994924,216,191,1636,2013,438871.0,0.0,0.8752139999999999,1.3798620000000001,THA,SEN,8418
2994925,218,191,1636,2013,118997.0,0.0,0.39178,0.035406,TKL,SEN,8418
2994926,223,191,1636,2013,19542.0,0.0,0.185528,1.0070700000000001,TUN,SEN,8418
2994927,224,191,1636,2013,1840431.0,0.0,0.42932299999999995,2.690235,TUR,SEN,8418
2994928,231,191,1636,2013,102163.0,0.0,1.6639689999999998,-0.48651300000000003,USA,SEN,8418
2994929,246,191,1636,2013,111310.0,0.0,0.380284,1.5682120000000002,ZAF,SEN,8418
2994930,249,191,1636,2013,38138.0,0.0,1.843186,0.9432379999999999,TWN,SEN,8418
2994931,2,201,1636,2013,0.0,557.0,-1.172043,-1.133735,AGO,SRB,8418
2994932,4,201,1636,2013,120579.0,594430.0,-0.53682,-0.162391,ALB,SRB,8418
2994933,7,201,1636,2013,0.0,66692.0,-0.074047,-0.585168,ARE,SRB,8418
2994934,9,201,1636,2013,0.0,55036.0,-0.076922,-0.5781390000000001,ARM,SRB,8418
2994935,15,201,1636,2013,2279916.0,5261028.0,1.7209240000000001,-0.286892,AUT,SRB,8418
2994936,16,201,1636,2013,0.0,691145.0,-0.9232870000000001,-1.165928,AZE,SRB,8418
2994937,18,201,1636,2013,957571.0,952003.0,1.316207,0.972601,BEL,SRB,8418
2994938,23,201,1636,2013,532526.0,1742246.0,0.5026109999999999,1.674296,BGR,SRB,8418
2994939,26,201,1636,2013,2016562.0,8233869.0,0.46743199999999996,0.7340800000000001,BIH,SRB,8418
2994940,28,201,1636,2013,683324.0,1017.0,1.036923,0.864568,BLR,SRB,8418
2994941,32,201,1636,2013,2813.0,13461.0,0.14765899999999998,0.399262,BRA,SRB,8418
2994942,39,201,1636,2013,2951.0,42139.0,0.719649,1.017046,CAN,SRB,8418
2994943,41,201,1636,2013,210164.0,715687.0,2.2104470000000003,0.5403479999999999,CHE,SRB,8418
2994944,43,201,1636,2013,1189392.0,314785.0,1.113767,1.477496,CHN,SRB,8418
2994945,49,201,1636,2013,0.0,1165.0,0.121799,-0.388239,COL,SRB,8418
2994946,58,201,1636,2013,0.0,2572.0,0.502238,0.349608,CYP,SRB,8418
2994947,59,201,1636,2013,2139397.0,6700495.0,1.819653,-0.12423800000000002,CZE,SRB,8418
2994948,61,201,1636,2013,2162621.0,36344139.0,2.093658,-3.4281980000000005,DEU,SRB,8418
2994949,64,201,1636,2013,252637.0,3181819.0,1.161835,1.1788450000000001,DNK,SRB,8418
2994950,68,201,1636,2013,5402.0,39607.0,-0.17418,1.692641,EGY,SRB,8418
2994951,71,201,1636,2013,1424444.0,553468.0,0.861698,2.353993,ESP,SRB,8418
2994952,74,201,1636,2013,7021.0,638183.0,1.734552,0.8896940000000001,FIN,SRB,8418
2994953,77,201,1636,2013,2259727.0,2764162.0,1.520354,0.022874000000000002,FRA,SRB,8418
2994954,80,201,1636,2013,0.0,19638.0,-1.6582830000000002,-1.155302,GAB,SRB,8418
2994955,81,201,1636,2013,233252.0,436491.0,1.7901259999999999,0.44164,GBR,SRB,8418
2994956,90,201,1636,2013,282019.0,528001.0,0.18823800000000002,0.910906,GRC,SRB,8418
2994957,97,201,1636,2013,24096.0,0.0,0.744383,1.923139,HKG,SRB,8418
2994958,100,201,1636,2013,1145652.0,9247347.0,0.898284,1.038807,HRV,SRB,8418
2994959,102,201,1636,2013,735823.0,3865976.0,1.506101,0.7279220000000001,HUN,SRB,8418
2994960,103,201,1636,2013,257.0,0.0,-0.216854,1.415728,IDN,SRB,8418
2994961,104,201,1636,2013,5588.0,0.0,0.215356,2.3916209999999998,IND,SRB,8418
2994962,106,201,1636,2013,343659.0,0.0,1.29988,0.240688,IRL,SRB,8418
2994963,108,201,1636,2013,0.0,1373564.0,-2.839079,-0.8705440000000001,IRQ,SRB,8418
2994964,109,201,1636,2013,0.0,21988.0,0.259374,-0.20413299999999998,ISL,SRB,8418
2994965,110,201,1636,2013,8687.0,0.0,1.197241,0.633828,ISR,SRB,8418
2994966,111,201,1636,2013,11616958.0,2921176.0,1.289924,0.533436,ITA,SRB,8418
2994967,113,201,1636,2013,0.0,17685.0,0.152659,0.5889979999999999,JOR,SRB,8418
2994968,114,201,1636,2013,11442.0,5555.0,2.3993130000000003,-0.564768,JPN,SRB,8418
2994969,115,201,1636,2013,0.0,158152.0,-0.680678,-0.83347,KAZ,SRB,8418
2994970,116,201,1636,2013,97800.0,0.0,-0.448112,0.8672719999999999,KEN,SRB,8418
2994971,117,201,1636,2013,0.0,13394.0,-0.1035,0.339914,KGZ,SRB,8418
2994972,121,201,1636,2013,110154.0,5600.0,1.818383,0.75645,KOR,SRB,8418
2994973,124,201,1636,2013,0.0,52803.0,0.283084,1.4289100000000001,LBN,SRB,8418
2994974,130,201,1636,2013,0.0,53195.0,0.737796,1.215543,LTU,SRB,8418
2994975,131,201,1636,2013,2001.0,41326.0,1.170459,1.150327,LUX,SRB,8418
2994976,135,201,1636,2013,0.0,86413.0,-0.016235,0.132104,MDA,SRB,8418
2994977,138,201,1636,2013,1596.0,13502.0,1.048507,0.718932,MEX,SRB,8418
2994978,140,201,1636,2013,467304.0,1891737.0,-0.10859400000000001,0.155229,MKD,SRB,8418
2994979,144,201,1636,2013,243578.0,3036393.0,-0.054454999999999996,-0.164875,MNE,SRB,8418
2994980,145,201,1636,2013,0.0,5431.0,-1.3270950000000001,-1.144547,MNG,SRB,8418
2994981,153,201,1636,2013,3208.0,0.0,0.937641,0.747496,MYS,SRB,8418
2994982,159,201,1636,2013,0.0,2635.0,-1.745783,-1.1356680000000001,NGA,SRB,8418
2994983,162,201,1636,2013,472852.0,280395.0,1.184107,1.249557,NLD,SRB,8418
2994984,163,201,1636,2013,2420.0,160057.0,0.892099,0.18168399999999998,NOR,SRB,8418
2994985,177,201,1636,2013,1430411.0,4036881.0,1.084332,1.216749,POL,SRB,8418
2994986,179,201,1636,2013,666.0,0.0,0.541454,2.5228610000000002,PRT,SRB,8418
2994987,183,201,1636,2013,0.0,7224.0,-0.083649,-1.013491,QAT,SRB,8418
2994988,185,201,1636,2013,7825508.0,1859679.0,0.792035,1.225034,ROU,SRB,8418
2994989,186,201,1636,2013,9668.0,15141640.0,0.481166,-0.180052,RUS,SRB,8418
2994990,188,201,1636,2013,0.0,714115.0,0.626347,-0.844406,SAU,SRB,8418
2994991,206,201,1636,2013,669011.0,1135966.0,1.32064,0.7519819999999999,SVK,SRB,8418
2994992,207,201,1636,2013,22301025.0,26045774.0,1.698374,0.563082,SVN,SRB,8418
2994993,208,201,1636,2013,159062.0,944661.0,1.869421,0.228109,SWE,SRB,8418
2994994,216,201,1636,2013,18607.0,1525.0,0.8752139999999999,1.3798620000000001,THA,SRB,8418
2994995,223,201,1636,2013,0.0,16531.0,0.185528,1.0070700000000001,TUN,SRB,8418
2994996,224,201,1636,2013,11317088.0,135014.0,0.42932299999999995,2.690235,TUR,SRB,8418
2994997,228,201,1636,2013,105596.0,3136829.0,0.657729,0.9063200000000001,UKR,SRB,8418
2994998,231,201,1636,2013,88793.0,1007400.0,1.6639689999999998,-0.48651300000000003,USA,SRB,8418
2994999,246,201,1636,2013,0.0,22474.0,0.380284,1.5682120000000002,ZAF,SRB,8418
2995000,249,201,1636,2013,1135.0,0.0,1.843186,0.9432379999999999,TWN,SRB,8418
2995001,4,207,1636,2013,0.0,222900.0,-0.53682,-0.162391,ALB,SVN,8418
2995002,7,207,1636,2013,0.0,233916.0,-0.074047,-0.585168,ARE,SVN,8418
2995003,9,207,1636,2013,0.0,163438.0,-0.076922,-0.5781390000000001,ARM,SVN,8418
2995004,14,207,1636,2013,11655.0,259958.0,-0.31145700000000004,-0.167628,AUS,SVN,8418
2995005,15,207,1636,2013,4874465.0,4944564.0,1.7209240000000001,-0.286892,AUT,SVN,8418
2995006,16,207,1636,2013,0.0,345453.0,-0.9232870000000001,-1.165928,AZE,SVN,8418
2995007,18,207,1636,2013,260399.0,1203424.0,1.316207,0.972601,BEL,SVN,8418
2995008,23,207,1636,2013,918038.0,1069821.0,0.5026109999999999,1.674296,BGR,SVN,8418
2995009,24,207,1636,2013,0.0,20688.0,0.249681,-0.6204270000000001,BHR,SVN,8418
2995010,26,207,1636,2013,203179.0,3131643.0,0.46743199999999996,0.7340800000000001,BIH,SVN,8418
2995011,28,207,1636,2013,1989.0,229169.0,1.036923,0.864568,BLR,SVN,8418
2995012,31,207,1636,2013,0.0,23233.0,-1.039614,-0.95663,BOL,SVN,8418
2995013,32,207,1636,2013,0.0,140791.0,0.14765899999999998,0.399262,BRA,SVN,8418
2995014,39,207,1636,2013,0.0,894472.0,0.719649,1.017046,CAN,SVN,8418
2995015,41,207,1636,2013,208890.0,718586.0,2.2104470000000003,0.5403479999999999,CHE,SVN,8418
2995016,43,207,1636,2013,5597455.0,301820.0,1.113767,1.477496,CHN,SVN,8418
2995017,45,207,1636,2013,0.0,461.0,-0.901531,-1.027111,CMR,SVN,8418
2995018,49,207,1636,2013,0.0,27201.0,0.121799,-0.388239,COL,SVN,8418
2995019,52,207,1636,2013,0.0,2597.0,0.067379,-0.688217,CRI,SVN,8418
2995020,58,207,1636,2013,0.0,16349.0,0.502238,0.349608,CYP,SVN,8418
2995021,59,207,1636,2013,894504.0,3501965.0,1.819653,-0.12423800000000002,CZE,SVN,8418
2995022,61,207,1636,2013,17405672.0,16448467.0,2.093658,-3.4281980000000005,DEU,SVN,8418
2995023,64,207,1636,2013,758037.0,1811207.0,1.161835,1.1788450000000001,DNK,SVN,8418
2995024,66,207,1636,2013,0.0,67312.0,-1.373947,-1.1523459999999999,DZA,SVN,8418
2995025,68,207,1636,2013,0.0,222969.0,-0.17418,1.692641,EGY,SVN,8418
2995026,71,207,1636,2013,939353.0,2880294.0,0.861698,2.353993,ESP,SVN,8418
2995027,72,207,1636,2013,7273.0,33449.0,0.8828940000000001,1.386574,EST,SVN,8418
2995028,74,207,1636,2013,18931.0,579191.0,1.734552,0.8896940000000001,FIN,SVN,8418
2995029,77,207,1636,2013,2417894.0,6357146.0,1.520354,0.022874000000000002,FRA,SVN,8418
2995030,81,207,1636,2013,70819.0,4752995.0,1.7901259999999999,0.44164,GBR,SVN,8418
2995031,82,207,1636,2013,0.0,147893.0,-0.160691,-0.393419,GEO,SVN,8418
2995032,83,207,1636,2013,0.0,2757.0,-0.7316010000000001,-0.5327689999999999,GHA,SVN,8418
2995033,90,207,1636,2013,101121.0,148678.0,0.18823800000000002,0.910906,GRC,SVN,8418
2995034,97,207,1636,2013,73963.0,1043438.0,0.744383,1.923139,HKG,SVN,8418
2995035,100,207,1636,2013,1841370.0,6202739.0,0.898284,1.038807,HRV,SVN,8418
2995036,102,207,1636,2013,2019488.0,1196871.0,1.506101,0.7279220000000001,HUN,SVN,8418
2995037,103,207,1636,2013,8801.0,12910.0,-0.216854,1.415728,IDN,SVN,8418
2995038,104,207,1636,2013,127271.0,104125.0,0.215356,2.3916209999999998,IND,SVN,8418
2995039,106,207,1636,2013,10211.0,89346.0,1.29988,0.240688,IRL,SVN,8418
2995040,107,207,1636,2013,0.0,250774.0,-0.339172,-0.237114,IRN,SVN,8418
2995041,108,207,1636,2013,0.0,21452.0,-2.839079,-0.8705440000000001,IRQ,SVN,8418
2995042,109,207,1636,2013,0.0,40437.0,0.259374,-0.20413299999999998,ISL,SVN,8418
2995043,110,207,1636,2013,20396.0,303912.0,1.197241,0.633828,ISR,SVN,8418
2995044,111,207,1636,2013,14729263.0,18107970.0,1.289924,0.533436,ITA,SVN,8418
2995045,113,207,1636,2013,0.0,9708.0,0.152659,0.5889979999999999,JOR,SVN,8418
2995046,114,207,1636,2013,348125.0,24869.0,2.3993130000000003,-0.564768,JPN,SVN,8418
2995047,115,207,1636,2013,0.0,279153.0,-0.680678,-0.83347,KAZ,SVN,8418
2995048,116,207,1636,2013,0.0,5229.0,-0.448112,0.8672719999999999,KEN,SVN,8418
2995049,117,207,1636,2013,0.0,59325.0,-0.1035,0.339914,KGZ,SVN,8418
2995050,118,207,1636,2013,0.0,11986.0,-1.054758,-0.872352,KHM,SVN,8418
2995051,121,207,1636,2013,707636.0,26372.0,1.818383,0.75645,KOR,SVN,8418
2995052,122,207,1636,2013,0.0,34144.0,-0.536384,-1.08382,KWT,SVN,8418
2995053,124,207,1636,2013,0.0,98470.0,0.283084,1.4289100000000001,LBN,SVN,8418
2995054,126,207,1636,2013,0.0,1703.0,-1.6241459999999999,-1.1817950000000002,LBY,SVN,8418
2995055,130,207,1636,2013,27829.0,26809.0,0.737796,1.215543,LTU,SVN,8418
2995056,131,207,1636,2013,13598.0,108384.0,1.170459,1.150327,LUX,SVN,8418
2995057,132,207,1636,2013,2415.0,13752.0,0.6219439999999999,1.166749,LVA,SVN,8418
2995058,134,207,1636,2013,0.0,90664.0,-0.6494260000000001,-0.035075999999999996,MAR,SVN,8418
2995059,135,207,1636,2013,0.0,210860.0,-0.016235,0.132104,MDA,SVN,8418
2995060,138,207,1636,2013,1405.0,236677.0,1.048507,0.718932,MEX,SVN,8418
2995061,140,207,1636,2013,11442.0,652761.0,-0.10859400000000001,0.155229,MKD,SVN,8418
2995062,142,207,1636,2013,0.0,70628.0,0.8519760000000001,-0.075869,MLT,SVN,8418
2995063,144,207,1636,2013,8241.0,1354106.0,-0.054454999999999996,-0.164875,MNE,SVN,8418
2995064,145,207,1636,2013,0.0,62942.0,-1.3270950000000001,-1.144547,MNG,SVN,8418
2995065,153,207,1636,2013,127534.0,15416.0,0.937641,0.747496,MYS,SVN,8418
2995066,156,207,1636,2013,0.0,11778.0,-0.136052,-0.703913,NCL,SVN,8418
2995067,159,207,1636,2013,0.0,9399.0,-1.745783,-1.1356680000000001,NGA,SVN,8418
2995068,160,207,1636,2013,0.0,552.0,-0.9277,-0.6842630000000001,NIC,SVN,8418
2995069,162,207,1636,2013,2045147.0,3016672.0,1.184107,1.249557,NLD,SVN,8418
2995070,163,207,1636,2013,0.0,1161595.0,0.892099,0.18168399999999998,NOR,SVN,8418
2995071,167,207,1636,2013,0.0,9848.0,-0.604175,-1.0463209999999998,OMN,SVN,8418
2995072,168,207,1636,2013,0.0,1647.0,-0.75727,0.769703,PAK,SVN,8418
2995073,169,207,1636,2013,0.0,304545.0,0.735637,1.161718,PAN,SVN,8418
2995074,173,207,1636,2013,0.0,16324.0,-0.573852,0.357977,PER,SVN,8418
2995075,174,207,1636,2013,0.0,9122.0,0.507868,0.355403,PHL,SVN,8418
2995076,177,207,1636,2013,1715078.0,3524045.0,1.084332,1.216749,POL,SVN,8418
2995077,179,207,1636,2013,36026.0,398912.0,0.541454,2.5228610000000002,PRT,SVN,8418
2995078,180,207,1636,2013,0.0,4207.0,-0.566239,-0.9273459999999999,PRY,SVN,8418
2995079,183,207,1636,2013,0.0,52379.0,-0.083649,-1.013491,QAT,SVN,8418
2995080,185,207,1636,2013,2680674.0,444300.0,0.792035,1.225034,ROU,SVN,8418
2995081,186,207,1636,2013,0.0,5391357.0,0.481166,-0.180052,RUS,SVN,8418
2995082,188,207,1636,2013,0.0,615693.0,0.626347,-0.844406,SAU,SVN,8418
2995083,192,207,1636,2013,17195.0,217830.0,1.915504,0.619576,SGP,SVN,8418
2995084,201,207,1636,2013,26045774.0,22301025.0,0.5717720000000001,1.174901,SRB,SVN,8418
2995085,206,207,1636,2013,543423.0,424743.0,1.32064,0.7519819999999999,SVK,SVN,8418
2995086,208,207,1636,2013,1297053.0,376010.0,1.869421,0.228109,SWE,SVN,8418
2995087,216,207,1636,2013,189892.0,23687.0,0.8752139999999999,1.3798620000000001,THA,SVN,8418
2995088,217,207,1636,2013,0.0,35122.0,-1.2512889999999999,-1.16402,TJK,SVN,8418
2995089,222,207,1636,2013,0.0,1907.0,-0.280641,-1.083332,TTO,SVN,8418
2995090,223,207,1636,2013,713.0,142067.0,0.185528,1.0070700000000001,TUN,SVN,8418
2995091,224,207,1636,2013,3985327.0,1731749.0,0.42932299999999995,2.690235,TUR,SVN,8418
2995092,228,207,1636,2013,1278.0,5654112.0,0.657729,0.9063200000000001,UKR,SVN,8418
2995093,231,207,1636,2013,251988.0,14882851.0,1.6639689999999998,-0.48651300000000003,USA,SVN,8418
2995094,246,207,1636,2013,0.0,10193.0,0.380284,1.5682120000000002,ZAF,SVN,8418
2995095,247,207,1636,2013,0.0,610.0,-0.382129,-0.5442229999999999,ZMB,SVN,8418
2995096,249,207,1636,2013,96783.0,29868.0,1.843186,0.9432379999999999,TWN,SVN,8418
2995097,250,207,1636,2013,186011.0,0.0,0.628555,0.277602,ANS,SVN,8418
2995098,2,239,1636,2013,0.0,74772.0,-1.172043,-1.133735,AGO,VNM,8418
2995099,7,239,1636,2013,9951.0,442660.0,-0.074047,-0.585168,ARE,VNM,8418
2995100,9,239,1636,2013,0.0,299.0,-0.076922,-0.5781390000000001,ARM,VNM,8418
2995101,14,239,1636,2013,2741472.0,67040.0,-0.31145700000000004,-0.167628,AUS,VNM,8418
2995102,15,239,1636,2013,81126.0,1818.0,1.7209240000000001,-0.286892,AUT,VNM,8418
2995103,18,239,1636,2013,187222.0,0.0,1.316207,0.972601,BEL,VNM,8418
2995104,19,239,1636,2013,0.0,15948.0,-0.919968,-0.90691,BEN,VNM,8418
2995105,22,239,1636,2013,0.0,526899.0,-1.101916,-0.734646,BGD,VNM,8418
2995106,24,239,1636,2013,0.0,222634.0,0.249681,-0.6204270000000001,BHR,VNM,8418
2995107,28,239,1636,2013,1039.0,0.0,1.036923,0.864568,BLR,VNM,8418
2995108,32,239,1636,2013,0.0,7551.0,0.14765899999999998,0.399262,BRA,VNM,8418
2995109,34,239,1636,2013,0.0,28322.0,-0.866827,-0.795995,BRN,VNM,8418
2995110,39,239,1636,2013,1448203.0,384412.0,0.719649,1.017046,CAN,VNM,8418
2995111,41,239,1636,2013,367931.0,17189.0,2.2104470000000003,0.5403479999999999,CHE,VNM,8418
2995112,42,239,1636,2013,0.0,123200.0,-0.260718,-0.38256100000000004,CHL,VNM,8418
2995113,43,239,1636,2013,87659091.0,1250966.0,1.113767,1.477496,CHN,VNM,8418
2995114,44,239,1636,2013,0.0,41939.0,-0.923558,-0.866642,CIV,VNM,8418
2995115,45,239,1636,2013,0.0,14400.0,-0.901531,-1.027111,CMR,VNM,8418
2995116,59,239,1636,2013,105143.0,12364.0,1.819653,-0.12423800000000002,CZE,VNM,8418
2995117,61,239,1636,2013,1465290.0,2535602.0,2.093658,-3.4281980000000005,DEU,VNM,8418
2995118,64,239,1636,2013,396195.0,0.0,1.161835,1.1788450000000001,DNK,VNM,8418
2995119,66,239,1636,2013,0.0,16219.0,-1.373947,-1.1523459999999999,DZA,VNM,8418
2995120,67,239,1636,2013,0.0,221546.0,-0.86546,-0.8888389999999999,ECU,VNM,8418
2995121,68,239,1636,2013,0.0,1024075.0,-0.17418,1.692641,EGY,VNM,8418
2995122,71,239,1636,2013,176080.0,52538.0,0.861698,2.353993,ESP,VNM,8418
2995123,73,239,1636,2013,0.0,53163.0,-1.264002,-0.9594219999999999,ETH,VNM,8418
2995124,74,239,1636,2013,14671.0,71294.0,1.734552,0.8896940000000001,FIN,VNM,8418
2995125,75,239,1636,2013,0.0,270859.0,-0.5203369999999999,-0.122405,FJI,VNM,8418
2995126,77,239,1636,2013,3069499.0,17909.0,1.520354,0.022874000000000002,FRA,VNM,8418
2995127,81,239,1636,2013,215273.0,107289.0,1.7901259999999999,0.44164,GBR,VNM,8418
2995128,83,239,1636,2013,0.0,56645.0,-0.7316010000000001,-0.5327689999999999,GHA,VNM,8418
2995129,90,239,1636,2013,63743.0,0.0,0.18823800000000002,0.910906,GRC,VNM,8418
2995130,97,239,1636,2013,95704.0,4197636.0,0.744383,1.923139,HKG,VNM,8418
2995131,102,239,1636,2013,14378.0,0.0,1.506101,0.7279220000000001,HUN,VNM,8418
2995132,103,239,1636,2013,24270286.0,1246219.0,-0.216854,1.415728,IDN,VNM,8418
2995133,104,239,1636,2013,4571315.0,1343574.0,0.215356,2.3916209999999998,IND,VNM,8418
2995134,106,239,1636,2013,114697.0,3047.0,1.29988,0.240688,IRL,VNM,8418
2995135,110,239,1636,2013,18196.0,412382.0,1.197241,0.633828,ISR,VNM,8418
2995136,111,239,1636,2013,2607923.0,0.0,1.289924,0.533436,ITA,VNM,8418
2995137,113,239,1636,2013,0.0,301597.0,0.152659,0.5889979999999999,JOR,VNM,8418
2995138,114,239,1636,2013,5588907.0,2231528.0,2.3993130000000003,-0.564768,JPN,VNM,8418
2995139,116,239,1636,2013,0.0,65620.0,-0.448112,0.8672719999999999,KEN,VNM,8418
2995140,118,239,1636,2013,0.0,1807426.0,-1.054758,-0.872352,KHM,VNM,8418
2995141,121,239,1636,2013,13541259.0,311968.0,1.818383,0.75645,KOR,VNM,8418
2995142,122,239,1636,2013,0.0,20282.0,-0.536384,-1.08382,KWT,VNM,8418
2995143,123,239,1636,2013,503339.0,192849.0,-1.204446,-0.8571489999999999,LAO,VNM,8418
2995144,124,239,1636,2013,0.0,629805.0,0.283084,1.4289100000000001,LBN,VNM,8418
2995145,128,239,1636,2013,0.0,44756.0,-0.6521779999999999,0.41258599999999995,LKA,VNM,8418
2995146,131,239,1636,2013,19075.0,0.0,1.170459,1.150327,LUX,VNM,8418
2995147,135,239,1636,2013,0.0,48375.0,-0.016235,0.132104,MDA,VNM,8418
2995148,136,239,1636,2013,0.0,11745.0,-1.068565,-0.364254,MDG,VNM,8418
2995149,137,239,1636,2013,0.0,21499.0,-0.21889699999999998,-0.776392,MDV,VNM,8418
2995150,138,239,1636,2013,22343.0,0.0,1.048507,0.718932,MEX,VNM,8418
2995151,140,239,1636,2013,0.0,2876.0,-0.10859400000000001,0.155229,MKD,VNM,8418
2995152,142,239,1636,2013,1106.0,0.0,0.8519760000000001,-0.075869,MLT,VNM,8418
2995153,143,239,1636,2013,0.0,232859.0,-1.230787,-0.737375,MMR,VNM,8418
2995154,145,239,1636,2013,0.0,112136.0,-1.3270950000000001,-1.144547,MNG,VNM,8418
2995155,147,239,1636,2013,0.0,674418.0,-1.326323,-1.050969,MOZ,VNM,8418
2995156,151,239,1636,2013,0.0,16697.0,-0.158852,0.0061600000000000005,MUS,VNM,8418
2995157,153,239,1636,2013,5700704.0,8264601.0,0.937641,0.747496,MYS,VNM,8418
2995158,156,239,1636,2013,0.0,48829.0,-0.136052,-0.703913,NCL,VNM,8418
2995159,159,239,1636,2013,0.0,41167.0,-1.745783,-1.1356680000000001,NGA,VNM,8418
2995160,162,239,1636,2013,685548.0,28047.0,1.184107,1.249557,NLD,VNM,8418
2995161,163,239,1636,2013,65301.0,8657.0,0.892099,0.18168399999999998,NOR,VNM,8418
2995162,164,239,1636,2013,0.0,18399.0,-0.293669,0.677365,NPL,VNM,8418
2995163,166,239,1636,2013,12600.0,2396.0,0.3345,0.39063000000000003,NZL,VNM,8418
2995164,167,239,1636,2013,28927.0,914799.0,-0.604175,-1.0463209999999998,OMN,VNM,8418
2995165,168,239,1636,2013,0.0,890.0,-0.75727,0.769703,PAK,VNM,8418
2995166,173,239,1636,2013,0.0,238179.0,-0.573852,0.357977,PER,VNM,8418
2995167,174,239,1636,2013,16243.0,3088934.0,0.507868,0.355403,PHL,VNM,8418
2995168,177,239,1636,2013,162154.0,0.0,1.084332,1.216749,POL,VNM,8418
2995169,179,239,1636,2013,17443.0,0.0,0.541454,2.5228610000000002,PRT,VNM,8418
2995170,183,239,1636,2013,0.0,180609.0,-0.083649,-1.013491,QAT,VNM,8418
2995171,186,239,1636,2013,410454.0,565773.0,0.481166,-0.180052,RUS,VNM,8418
2995172,188,239,1636,2013,0.0,134077.0,0.626347,-0.844406,SAU,VNM,8418
2995173,192,239,1636,2013,2380582.0,7425109.0,1.915504,0.619576,SGP,VNM,8418
2995174,196,239,1636,2013,0.0,19997.0,-0.132082,-0.552921,SLE,VNM,8418
2995175,206,239,1636,2013,21597.0,0.0,1.32064,0.7519819999999999,SVK,VNM,8418
2995176,208,239,1636,2013,311526.0,105930.0,1.869421,0.228109,SWE,VNM,8418
2995177,211,239,1636,2013,0.0,7682.0,0.270999,-0.474095,SYC,VNM,8418
2995178,216,239,1636,2013,170729587.0,4094724.0,0.8752139999999999,1.3798620000000001,THA,VNM,8418
2995179,220,239,1636,2013,0.0,5742.0,-0.376633,-0.73677,TLS,VNM,8418
2995180,222,239,1636,2013,0.0,13614.0,-0.280641,-1.083332,TTO,VNM,8418
2995181,224,239,1636,2013,357782.0,157157.0,0.42932299999999995,2.690235,TUR,VNM,8418
2995182,227,239,1636,2013,0.0,826.0,-0.5462279999999999,0.200682,UGA,VNM,8418
2995183,228,239,1636,2013,0.0,3423051.0,0.657729,0.9063200000000001,UKR,VNM,8418
2995184,231,239,1636,2013,9073975.0,14295498.0,1.6639689999999998,-0.48651300000000003,USA,VNM,8418
2995185,243,239,1636,2013,0.0,107698.0,-1.252605,-1.207324,YEM,VNM,8418
2995186,246,239,1636,2013,0.0,1703.0,0.380284,1.5682120000000002,ZAF,VNM,8418
2995187,249,239,1636,2013,5528645.0,8932305.0,1.843186,0.9432379999999999,TWN,VNM,8418
2995188,250,239,1636,2013,1329050.0,341209.0,0.628555,0.277602,ANS,VNM,8418
2995189,7,248,1636,2013,71018.0,0.0,-0.074047,-0.585168,ARE,ZWE,8418
2995190,14,248,1636,2013,372.0,0.0,-0.31145700000000004,-0.167628,AUS,ZWE,8418
2995191,18,248,1636,2013,18467.0,0.0,1.316207,0.972601,BEL,ZWE,8418
2995192,37,248,1636,2013,35746.0,1365.0,-0.46761499999999995,-1.0842040000000002,BWA,ZWE,8418
2995193,43,248,1636,2013,915472.0,0.0,1.113767,1.477496,CHN,ZWE,8418
2995194,59,248,1636,2013,40756.0,0.0,1.819653,-0.12423800000000002,CZE,ZWE,8418
2995195,61,248,1636,2013,6108.0,0.0,2.093658,-3.4281980000000005,DEU,ZWE,8418
2995196,64,248,1636,2013,199589.0,0.0,1.161835,1.1788450000000001,DNK,ZWE,8418
2995197,68,248,1636,2013,339803.0,0.0,-0.17418,1.692641,EGY,ZWE,8418
2995198,71,248,1636,2013,5003.0,0.0,0.861698,2.353993,ESP,ZWE,8418
2995199,77,248,1636,2013,60503.0,0.0,1.520354,0.022874000000000002,FRA,ZWE,8418
2995200,81,248,1636,2013,32170.0,17964.0,1.7901259999999999,0.44164,GBR,ZWE,8418
2995201,93,248,1636,2013,45385.0,0.0,-0.41466499999999995,0.774788,GTM,ZWE,8418
2995202,97,248,1636,2013,7338.0,0.0,0.744383,1.923139,HKG,ZWE,8418
2995203,111,248,1636,2013,18535.0,0.0,1.289924,0.533436,ITA,ZWE,8418
2995204,114,248,1636,2013,16933.0,0.0,2.3993130000000003,-0.564768,JPN,ZWE,8418
2995205,116,248,1636,2013,2606.0,0.0,-0.448112,0.8672719999999999,KEN,ZWE,8418
2995206,121,248,1636,2013,70493.0,0.0,1.818383,0.75645,KOR,ZWE,8418
2995207,124,248,1636,2013,960.0,0.0,0.283084,1.4289100000000001,LBN,ZWE,8418
2995208,147,248,1636,2013,18016.0,33719.0,-1.326323,-1.050969,MOZ,ZWE,8418
2995209,152,248,1636,2013,959.0,63655.0,-0.8992120000000001,-0.862175,MWI,ZWE,8418
2995210,155,248,1636,2013,26199.0,0.0,-0.308643,-0.480617,NAM,ZWE,8418
2995211,162,248,1636,2013,205175.0,0.0,1.184107,1.249557,NLD,ZWE,8418
2995212,177,248,1636,2013,56486.0,0.0,1.084332,1.216749,POL,ZWE,8418
2995213,178,248,1636,2013,24537.0,0.0,-0.414538,-0.22449299999999997,PRK,ZWE,8418
2995214,192,248,1636,2013,10749.0,0.0,1.915504,0.619576,SGP,ZWE,8418
2995215,216,248,1636,2013,25791.0,0.0,0.8752139999999999,1.3798620000000001,THA,ZWE,8418
2995216,224,248,1636,2013,14743.0,0.0,0.42932299999999995,2.690235,TUR,ZWE,8418
2995217,226,248,1636,2013,0.0,821.0,-0.9306770000000001,0.273489,TZA,ZWE,8418
2995218,246,248,1636,2013,17291066.0,10298.0,0.380284,1.5682120000000002,ZAF,ZWE,8418
2995219,247,248,1636,2013,156393.0,140742.0,-0.382129,-0.5442229999999999,ZMB,ZWE,8418
2995220,7,4,1636,2013,3397.0,0.0,-0.074047,-0.585168,ARE,ALB,8418
2995221,15,4,1636,2013,134491.0,4051.0,1.7209240000000001,-0.286892,AUT,ALB,8418
2995222,18,4,1636,2013,475732.0,0.0,1.316207,0.972601,BEL,ALB,8418
2995223,23,4,1636,2013,220890.0,0.0,0.5026109999999999,1.674296,BGR,ALB,8418
2995224,26,4,1636,2013,593602.0,0.0,0.46743199999999996,0.7340800000000001,BIH,ALB,8418
2995225,41,4,1636,2013,4567.0,4978.0,2.2104470000000003,0.5403479999999999,CHE,ALB,8418
2995226,43,4,1636,2013,3328753.0,0.0,1.113767,1.477496,CHN,ALB,8418
2995227,59,4,1636,2013,104119.0,0.0,1.819653,-0.12423800000000002,CZE,ALB,8418
2995228,61,4,1636,2013,286436.0,0.0,2.093658,-3.4281980000000005,DEU,ALB,8418
2995229,64,4,1636,2013,70266.0,0.0,1.161835,1.1788450000000001,DNK,ALB,8418
2995230,71,4,1636,2013,101686.0,0.0,0.861698,2.353993,ESP,ALB,8418
2995231,77,4,1636,2013,81003.0,52785.0,1.520354,0.022874000000000002,FRA,ALB,8418
2995232,90,4,1636,2013,694649.0,5714.0,0.18823800000000002,0.910906,GRC,ALB,8418
2995233,97,4,1636,2013,91742.0,0.0,0.744383,1.923139,HKG,ALB,8418
2995234,100,4,1636,2013,46009.0,0.0,0.898284,1.038807,HRV,ALB,8418
2995235,102,4,1636,2013,1511512.0,0.0,1.506101,0.7279220000000001,HUN,ALB,8418
2995236,103,4,1636,2013,205607.0,0.0,-0.216854,1.415728,IDN,ALB,8418
2995237,110,4,1636,2013,8573.0,0.0,1.197241,0.633828,ISR,ALB,8418
2995238,111,4,1636,2013,5184113.0,71310.0,1.289924,0.533436,ITA,ALB,8418
2995239,121,4,1636,2013,293398.0,0.0,1.818383,0.75645,KOR,ALB,8418
2995240,140,4,1636,2013,282325.0,3146.0,-0.10859400000000001,0.155229,MKD,ALB,8418
2995241,144,4,1636,2013,25829.0,5169.0,-0.054454999999999996,-0.164875,MNE,ALB,8418
2995242,153,4,1636,2013,15373.0,0.0,0.937641,0.747496,MYS,ALB,8418
2995243,162,4,1636,2013,43481.0,0.0,1.184107,1.249557,NLD,ALB,8418
2995244,177,4,1636,2013,587983.0,0.0,1.084332,1.216749,POL,ALB,8418
2995245,185,4,1636,2013,2113078.0,5619.0,0.792035,1.225034,ROU,ALB,8418
2995246,186,4,1636,2013,1754.0,0.0,0.481166,-0.180052,RUS,ALB,8418
2995247,191,4,1636,2013,0.0,22276.0,-0.523662,-0.309101,SEN,ALB,8418
2995248,201,4,1636,2013,594430.0,120579.0,0.5717720000000001,1.174901,SRB,ALB,8418
2995249,206,4,1636,2013,307170.0,0.0,1.32064,0.7519819999999999,SVK,ALB,8418
2995250,207,4,1636,2013,222900.0,0.0,1.698374,0.563082,SVN,ALB,8418
2995251,216,4,1636,2013,51876.0,0.0,0.8752139999999999,1.3798620000000001,THA,ALB,8418
2995252,224,4,1636,2013,3657134.0,0.0,0.42932299999999995,2.690235,TUR,ALB,8418
2995253,2,5,1636,2013,0.0,10309.0,-1.172043,-1.133735,AGO,AND,8418
2995254,41,5,1636,2013,0.0,44486.0,2.2104470000000003,0.5403479999999999,CHE,AND,8418
2995255,43,5,1636,2013,1261.0,0.0,1.113767,1.477496,CHN,AND,8418
2995256,61,5,1636,2013,21417.0,0.0,2.093658,-3.4281980000000005,DEU,AND,8418
2995257,71,5,1636,2013,2039059.0,19336.0,0.861698,2.353993,ESP,AND,8418
2995258,77,5,1636,2013,366544.0,1326.0,1.520354,0.022874000000000002,FRA,AND,8418
2995259,111,5,1636,2013,11239.0,0.0,1.289924,0.533436,ITA,AND,8418
2995260,114,5,1636,2013,130.0,0.0,2.3993130000000003,-0.564768,JPN,AND,8418
2995261,121,5,1636,2013,570.0,0.0,1.818383,0.75645,KOR,AND,8418
2995262,148,5,1636,2013,0.0,17216.0,-1.950532,-1.283104,MRT,AND,8418
2995263,162,5,1636,2013,6326.0,0.0,1.184107,1.249557,NLD,AND,8418
2995264,177,5,1636,2013,2725.0,0.0,1.084332,1.216749,POL,AND,8418
2995265,179,5,1636,2013,4262.0,0.0,0.541454,2.5228610000000002,PRT,AND,8418
2995266,224,5,1636,2013,735.0,0.0,0.42932299999999995,2.690235,TUR,AND,8418
2995267,7,21,1636,2013,52057.0,0.0,-0.074047,-0.585168,ARE,BFA,8418
2995268,14,21,1636,2013,2825.0,0.0,-0.31145700000000004,-0.167628,AUS,BFA,8418
2995269,15,21,1636,2013,16754.0,0.0,1.7209240000000001,-0.286892,AUT,BFA,8418
2995270,18,21,1636,2013,106364.0,0.0,1.316207,0.972601,BEL,BFA,8418
2995271,39,21,1636,2013,825964.0,0.0,0.719649,1.017046,CAN,BFA,8418
2995272,41,21,1636,2013,3162.0,0.0,2.2104470000000003,0.5403479999999999,CHE,BFA,8418
2995273,43,21,1636,2013,265099.0,0.0,1.113767,1.477496,CHN,BFA,8418
2995274,44,21,1636,2013,579690.0,19000.0,-0.923558,-0.866642,CIV,BFA,8418
2995275,61,21,1636,2013,141383.0,0.0,2.093658,-3.4281980000000005,DEU,BFA,8418
2995276,64,21,1636,2013,5435.0,0.0,1.161835,1.1788450000000001,DNK,BFA,8418
2995277,68,21,1636,2013,22781.0,0.0,-0.17418,1.692641,EGY,BFA,8418
2995278,71,21,1636,2013,89507.0,0.0,0.861698,2.353993,ESP,BFA,8418
2995279,77,21,1636,2013,2020307.0,0.0,1.520354,0.022874000000000002,FRA,BFA,8418
2995280,81,21,1636,2013,3382.0,0.0,1.7901259999999999,0.44164,GBR,BFA,8418
2995281,83,21,1636,2013,44370.0,0.0,-0.7316010000000001,-0.5327689999999999,GHA,BFA,8418
2995282,103,21,1636,2013,1125511.0,0.0,-0.216854,1.415728,IDN,BFA,8418
2995283,104,21,1636,2013,175822.0,0.0,0.215356,2.3916209999999998,IND,BFA,8418
2995284,111,21,1636,2013,130790.0,0.0,1.289924,0.533436,ITA,BFA,8418
2995285,114,21,1636,2013,276.0,0.0,2.3993130000000003,-0.564768,JPN,BFA,8418
2995286,121,21,1636,2013,7496.0,0.0,1.818383,0.75645,KOR,BFA,8418
2995287,124,21,1636,2013,22387.0,0.0,0.283084,1.4289100000000001,LBN,BFA,8418
2995288,131,21,1636,2013,3675.0,0.0,1.170459,1.150327,LUX,BFA,8418
2995289,134,21,1636,2013,208051.0,0.0,-0.6494260000000001,-0.035075999999999996,MAR,BFA,8418
2995290,141,21,1636,2013,1797.0,0.0,-1.183671,-1.069504,MLI,BFA,8418
2995291,157,21,1636,2013,0.0,798.0,-1.268738,-0.942256,NER,BFA,8418
2995292,162,21,1636,2013,42217.0,0.0,1.184107,1.249557,NLD,BFA,8418
2995293,177,21,1636,2013,8380.0,0.0,1.084332,1.216749,POL,BFA,8418
2995294,179,21,1636,2013,129036.0,0.0,0.541454,2.5228610000000002,PRT,BFA,8418
2995295,192,21,1636,2013,223263.0,0.0,1.915504,0.619576,SGP,BFA,8418
2995296,208,21,1636,2013,1345.0,0.0,1.869421,0.228109,SWE,BFA,8418
2995297,215,21,1636,2013,2922.0,0.0,-0.598413,-0.49295200000000006,TGO,BFA,8418
2995298,216,21,1636,2013,89676.0,0.0,0.8752139999999999,1.3798620000000001,THA,BFA,8418
2995299,224,21,1636,2013,152358.0,0.0,0.42932299999999995,2.690235,TUR,BFA,8418
2995300,231,21,1636,2013,21703.0,0.0,1.6639689999999998,-0.48651300000000003,USA,BFA,8418
2995301,240,21,1636,2013,20883.0,0.0,-0.6548689999999999,-0.811184,VUT,BFA,8418
2995302,246,21,1636,2013,154009.0,0.0,0.380284,1.5682120000000002,ZAF,BFA,8418
2995303,249,21,1636,2013,30292.0,0.0,1.843186,0.9432379999999999,TWN,BFA,8418
2995304,15,29,1636,2013,3311.0,0.0,1.7209240000000001,-0.286892,AUT,BLZ,8418
2995305,39,29,1636,2013,69136.0,0.0,0.719649,1.017046,CAN,BLZ,8418
2995306,43,29,1636,2013,104531.0,0.0,1.113767,1.477496,CHN,BLZ,8418
2995307,49,29,1636,2013,35314.0,0.0,0.121799,-0.388239,COL,BLZ,8418
2995308,52,29,1636,2013,21824.0,0.0,0.067379,-0.688217,CRI,BLZ,8418
2995309,61,29,1636,2013,27074.0,0.0,2.093658,-3.4281980000000005,DEU,BLZ,8418
2995310,93,29,1636,2013,173600.0,0.0,-0.41466499999999995,0.774788,GTM,BLZ,8418
2995311,111,29,1636,2013,76427.0,0.0,1.289924,0.533436,ITA,BLZ,8418
2995312,114,29,1636,2013,0.0,2447.0,2.3993130000000003,-0.564768,JPN,BLZ,8418
2995313,130,29,1636,2013,67750.0,0.0,0.737796,1.215543,LTU,BLZ,8418
2995314,138,29,1636,2013,1124440.0,0.0,1.048507,0.718932,MEX,BLZ,8418
2995315,166,29,1636,2013,0.0,4610.0,0.3345,0.39063000000000003,NZL,BLZ,8418
2995316,169,29,1636,2013,96562.0,0.0,0.735637,1.161718,PAN,BLZ,8418
2995317,197,29,1636,2013,1945.0,0.0,-0.021029,0.381522,SLV,BLZ,8418
2995318,231,29,1636,2013,1097522.0,0.0,1.6639689999999998,-0.48651300000000003,USA,BLZ,8418
2995319,249,29,1636,2013,22825.0,0.0,1.843186,0.9432379999999999,TWN,BLZ,8418
2995320,39,30,1636,2013,9901.0,0.0,0.719649,1.017046,CAN,BMU,8418
2995321,43,30,1636,2013,4137.0,0.0,1.113767,1.477496,CHN,BMU,8418
2995322,61,30,1636,2013,34724.0,0.0,2.093658,-3.4281980000000005,DEU,BMU,8418
2995323,81,30,1636,2013,1264.0,0.0,1.7901259999999999,0.44164,GBR,BMU,8418
2995324,138,30,1636,2013,13800.0,0.0,1.048507,0.718932,MEX,BMU,8418
2995325,162,30,1636,2013,18046.0,0.0,1.184107,1.249557,NLD,BMU,8418
2995326,231,30,1636,2013,2707418.0,1128.0,1.6639689999999998,-0.48651300000000003,USA,BMU,8418
2995327,8,31,1636,2013,4464702.0,0.0,0.20314300000000002,0.494062,ARG,BOL,8418
2995328,15,31,1636,2013,10348.0,0.0,1.7209240000000001,-0.286892,AUT,BOL,8418
2995329,18,31,1636,2013,106126.0,0.0,1.316207,0.972601,BEL,BOL,8418
2995330,32,31,1636,2013,22068476.0,0.0,0.14765899999999998,0.399262,BRA,BOL,8418
2995331,39,31,1636,2013,46310.0,0.0,0.719649,1.017046,CAN,BOL,8418
2995332,42,31,1636,2013,13341381.0,0.0,-0.260718,-0.38256100000000004,CHL,BOL,8418
2995333,43,31,1636,2013,2847756.0,0.0,1.113767,1.477496,CHN,BOL,8418
2995334,49,31,1636,2013,1994001.0,0.0,0.121799,-0.388239,COL,BOL,8418
2995335,59,31,1636,2013,14193.0,0.0,1.819653,-0.12423800000000002,CZE,BOL,8418
2995336,61,31,1636,2013,191888.0,0.0,2.093658,-3.4281980000000005,DEU,BOL,8418
2995337,64,31,1636,2013,204673.0,0.0,1.161835,1.1788450000000001,DNK,BOL,8418
2995338,65,31,1636,2013,2730.0,0.0,-0.277269,0.432388,DOM,BOL,8418
2995339,67,31,1636,2013,557645.0,0.0,-0.86546,-0.8888389999999999,ECU,BOL,8418
2995340,71,31,1636,2013,68802.0,0.0,0.861698,2.353993,ESP,BOL,8418
2995341,77,31,1636,2013,41642.0,0.0,1.520354,0.022874000000000002,FRA,BOL,8418
2995342,81,31,1636,2013,30630.0,0.0,1.7901259999999999,0.44164,GBR,BOL,8418
2995343,93,31,1636,2013,1414.0,0.0,-0.41466499999999995,0.774788,GTM,BOL,8418
2995344,97,31,1636,2013,70275.0,0.0,0.744383,1.923139,HKG,BOL,8418
2995345,102,31,1636,2013,2525.0,0.0,1.506101,0.7279220000000001,HUN,BOL,8418
2995346,103,31,1636,2013,524512.0,0.0,-0.216854,1.415728,IDN,BOL,8418
2995347,104,31,1636,2013,138302.0,0.0,0.215356,2.3916209999999998,IND,BOL,8418
2995348,111,31,1636,2013,1475672.0,0.0,1.289924,0.533436,ITA,BOL,8418
2995349,114,31,1636,2013,110526.0,0.0,2.3993130000000003,-0.564768,JPN,BOL,8418
2995350,121,31,1636,2013,219873.0,0.0,1.818383,0.75645,KOR,BOL,8418
2995351,138,31,1636,2013,9138502.0,0.0,1.048507,0.718932,MEX,BOL,8418
2995352,169,31,1636,2013,8409.0,0.0,0.735637,1.161718,PAN,BOL,8418
2995353,173,31,1636,2013,6325.0,5850.0,-0.573852,0.357977,PER,BOL,8418
2995354,177,31,1636,2013,22827.0,0.0,1.084332,1.216749,POL,BOL,8418
2995355,178,31,1636,2013,55401.0,0.0,-0.414538,-0.22449299999999997,PRK,BOL,8418
2995356,180,31,1636,2013,8265.0,0.0,-0.566239,-0.9273459999999999,PRY,BOL,8418
2995357,192,31,1636,2013,1966.0,0.0,1.915504,0.619576,SGP,BOL,8418
2995358,206,31,1636,2013,2852.0,0.0,1.32064,0.7519819999999999,SVK,BOL,8418
2995359,207,31,1636,2013,23233.0,0.0,1.698374,0.563082,SVN,BOL,8418
2995360,216,31,1636,2013,1130700.0,0.0,0.8752139999999999,1.3798620000000001,THA,BOL,8418
2995361,224,31,1636,2013,705194.0,0.0,0.42932299999999995,2.690235,TUR,BOL,8418
2995362,230,31,1636,2013,5962.0,0.0,0.20190999999999998,-0.19777999999999998,URY,BOL,8418
2995363,231,31,1636,2013,1186365.0,0.0,1.6639689999999998,-0.48651300000000003,USA,BOL,8418
2995364,237,31,1636,2013,0.0,1120.0,0.616863,-0.314222,VGB,BOL,8418
2995365,249,31,1636,2013,5945.0,0.0,1.843186,0.9432379999999999,TWN,BOL,8418
2995366,18,34,1636,2013,1698.0,0.0,1.316207,0.972601,BEL,BRN,8418
2995367,39,34,1636,2013,36633.0,0.0,0.719649,1.017046,CAN,BRN,8418
2995368,43,34,1636,2013,5582117.0,0.0,1.113767,1.477496,CHN,BRN,8418
2995369,61,34,1636,2013,251279.0,0.0,2.093658,-3.4281980000000005,DEU,BRN,8418
2995370,64,34,1636,2013,7249.0,0.0,1.161835,1.1788450000000001,DNK,BRN,8418
2995371,77,34,1636,2013,45984.0,0.0,1.520354,0.022874000000000002,FRA,BRN,8418
2995372,81,34,1636,2013,58241.0,8213.0,1.7901259999999999,0.44164,GBR,BRN,8418
2995373,90,34,1636,2013,45823.0,0.0,0.18823800000000002,0.910906,GRC,BRN,8418
2995374,97,34,1636,2013,39177.0,0.0,0.744383,1.923139,HKG,BRN,8418
2995375,103,34,1636,2013,425024.0,0.0,-0.216854,1.415728,IDN,BRN,8418
2995376,111,34,1636,2013,77995.0,0.0,1.289924,0.533436,ITA,BRN,8418
2995377,114,34,1636,2013,200051.0,0.0,2.3993130000000003,-0.564768,JPN,BRN,8418
2995378,121,34,1636,2013,137424.0,0.0,1.818383,0.75645,KOR,BRN,8418
2995379,138,34,1636,2013,2638.0,0.0,1.048507,0.718932,MEX,BRN,8418
2995380,153,34,1636,2013,888711.0,43768.0,0.937641,0.747496,MYS,BRN,8418
2995381,166,34,1636,2013,878.0,0.0,0.3345,0.39063000000000003,NZL,BRN,8418
2995382,192,34,1636,2013,3559652.0,3912.0,1.915504,0.619576,SGP,BRN,8418
2995383,216,34,1636,2013,978538.0,0.0,0.8752139999999999,1.3798620000000001,THA,BRN,8418
2995384,231,34,1636,2013,695577.0,0.0,1.6639689999999998,-0.48651300000000003,USA,BRN,8418
2995385,239,34,1636,2013,28322.0,0.0,-0.11426900000000001,1.399738,VNM,BRN,8418
2995386,249,34,1636,2013,93765.0,0.0,1.843186,0.9432379999999999,TWN,BRN,8418
2995387,7,37,1636,2013,164100.0,0.0,-0.074047,-0.585168,ARE,BWA,8418
2995388,18,37,1636,2013,2814.0,0.0,1.316207,0.972601,BEL,BWA,8418
2995389,43,37,1636,2013,1382001.0,0.0,1.113767,1.477496,CHN,BWA,8418
2995390,61,37,1636,2013,76957.0,0.0,2.093658,-3.4281980000000005,DEU,BWA,8418
2995391,64,37,1636,2013,4386.0,0.0,1.161835,1.1788450000000001,DNK,BWA,8418
2995392,77,37,1636,2013,32034.0,0.0,1.520354,0.022874000000000002,FRA,BWA,8418
2995393,81,37,1636,2013,39397.0,0.0,1.7901259999999999,0.44164,GBR,BWA,8418
2995394,97,37,1636,2013,27415.0,0.0,0.744383,1.923139,HKG,BWA,8418
2995395,104,37,1636,2013,14291.0,0.0,0.215356,2.3916209999999998,IND,BWA,8418
2995396,111,37,1636,2013,10024.0,0.0,1.289924,0.533436,ITA,BWA,8418
2995397,116,37,1636,2013,1023.0,0.0,-0.448112,0.8672719999999999,KEN,BWA,8418
2995398,121,37,1636,2013,4475.0,0.0,1.818383,0.75645,KOR,BWA,8418
2995399,128,37,1636,2013,29941.0,0.0,-0.6521779999999999,0.41258599999999995,LKA,BWA,8418
2995400,131,37,1636,2013,122725.0,0.0,1.170459,1.150327,LUX,BWA,8418
2995401,151,37,1636,2013,127495.0,0.0,-0.158852,0.0061600000000000005,MUS,BWA,8418
2995402,152,37,1636,2013,0.0,11219.0,-0.8992120000000001,-0.862175,MWI,BWA,8418
2995403,155,37,1636,2013,30535.0,698675.0,-0.308643,-0.480617,NAM,BWA,8418
2995404,162,37,1636,2013,112822.0,0.0,1.184107,1.249557,NLD,BWA,8418
2995405,208,37,1636,2013,62641.0,0.0,1.869421,0.228109,SWE,BWA,8418
2995406,209,37,1636,2013,177225.0,0.0,0.109267,-0.275005,SWZ,BWA,8418
2995407,231,37,1636,2013,3190.0,0.0,1.6639689999999998,-0.48651300000000003,USA,BWA,8418
2995408,246,37,1636,2013,20410065.0,136419.0,0.380284,1.5682120000000002,ZAF,BWA,8418
2995409,247,37,1636,2013,0.0,60883.0,-0.382129,-0.5442229999999999,ZMB,BWA,8418
2995410,248,37,1636,2013,1365.0,35746.0,-0.828702,-0.899175,ZWE,BWA,8418
2995411,7,44,1636,2013,288766.0,0.0,-0.074047,-0.585168,ARE,CIV,8418
2995412,14,44,1636,2013,2353.0,0.0,-0.31145700000000004,-0.167628,AUS,CIV,8418
2995413,15,44,1636,2013,0.0,491.0,1.7209240000000001,-0.286892,AUT,CIV,8418
2995414,18,44,1636,2013,1595931.0,143625.0,1.316207,0.972601,BEL,CIV,8418
2995415,19,44,1636,2013,0.0,3894.0,-0.919968,-0.90691,BEN,CIV,8418
2995416,21,44,1636,2013,19000.0,579690.0,-0.9110360000000001,-0.852492,BFA,CIV,8418
2995417,22,44,1636,2013,3134.0,0.0,-1.101916,-0.734646,BGD,CIV,8418
2995418,39,44,1636,2013,1273.0,0.0,0.719649,1.017046,CAN,CIV,8418
2995419,41,44,1636,2013,37720.0,0.0,2.2104470000000003,0.5403479999999999,CHE,CIV,8418
2995420,43,44,1636,2013,7187472.0,0.0,1.113767,1.477496,CHN,CIV,8418
2995421,59,44,1636,2013,17298.0,0.0,1.819653,-0.12423800000000002,CZE,CIV,8418
2995422,61,44,1636,2013,587475.0,0.0,2.093658,-3.4281980000000005,DEU,CIV,8418
2995423,64,44,1636,2013,211625.0,0.0,1.161835,1.1788450000000001,DNK,CIV,8418
2995424,71,44,1636,2013,93574.0,0.0,0.861698,2.353993,ESP,CIV,8418
2995425,73,44,1636,2013,0.0,507.0,-1.264002,-0.9594219999999999,ETH,CIV,8418
2995426,77,44,1636,2013,4481806.0,1258.0,1.520354,0.022874000000000002,FRA,CIV,8418
2995427,81,44,1636,2013,149652.0,932.0,1.7901259999999999,0.44164,GBR,CIV,8418
2995428,83,44,1636,2013,19248.0,68297.0,-0.7316010000000001,-0.5327689999999999,GHA,CIV,8418
2995429,85,44,1636,2013,0.0,10603.0,-1.1287459999999998,-1.069735,GIN,CIV,8418
2995430,97,44,1636,2013,15828.0,0.0,0.744383,1.923139,HKG,CIV,8418
2995431,103,44,1636,2013,71641.0,0.0,-0.216854,1.415728,IDN,CIV,8418
2995432,104,44,1636,2013,1981504.0,0.0,0.215356,2.3916209999999998,IND,CIV,8418
2995433,106,44,1636,2013,4330.0,0.0,1.29988,0.240688,IRL,CIV,8418
2995434,109,44,1636,2013,1211.0,0.0,0.259374,-0.20413299999999998,ISL,CIV,8418
2995435,110,44,1636,2013,1151.0,0.0,1.197241,0.633828,ISR,CIV,8418
2995436,111,44,1636,2013,1846259.0,0.0,1.289924,0.533436,ITA,CIV,8418
2995437,114,44,1636,2013,10380.0,0.0,2.3993130000000003,-0.564768,JPN,CIV,8418
2995438,121,44,1636,2013,687213.0,0.0,1.818383,0.75645,KOR,CIV,8418
2995439,124,44,1636,2013,331120.0,0.0,0.283084,1.4289100000000001,LBN,CIV,8418
2995440,131,44,1636,2013,166157.0,0.0,1.170459,1.150327,LUX,CIV,8418
2995441,134,44,1636,2013,30853.0,0.0,-0.6494260000000001,-0.035075999999999996,MAR,CIV,8418
2995442,141,44,1636,2013,12363.0,347954.0,-1.183671,-1.069504,MLI,CIV,8418
2995443,157,44,1636,2013,0.0,1061.0,-1.268738,-0.942256,NER,CIV,8418
2995444,159,44,1636,2013,3694.0,0.0,-1.745783,-1.1356680000000001,NGA,CIV,8418
2995445,162,44,1636,2013,430549.0,0.0,1.184107,1.249557,NLD,CIV,8418
2995446,177,44,1636,2013,296243.0,0.0,1.084332,1.216749,POL,CIV,8418
2995447,179,44,1636,2013,78087.0,0.0,0.541454,2.5228610000000002,PRT,CIV,8418
2995448,188,44,1636,2013,1508.0,0.0,0.626347,-0.844406,SAU,CIV,8418
2995449,192,44,1636,2013,82413.0,82915.0,1.915504,0.619576,SGP,CIV,8418
2995450,208,44,1636,2013,219303.0,0.0,1.869421,0.228109,SWE,CIV,8418
2995451,215,44,1636,2013,18161.0,0.0,-0.598413,-0.49295200000000006,TGO,CIV,8418
2995452,216,44,1636,2013,471447.0,0.0,0.8752139999999999,1.3798620000000001,THA,CIV,8418
2995453,223,44,1636,2013,5028.0,0.0,0.185528,1.0070700000000001,TUN,CIV,8418
2995454,224,44,1636,2013,1123350.0,0.0,0.42932299999999995,2.690235,TUR,CIV,8418
2995455,231,44,1636,2013,110204.0,0.0,1.6639689999999998,-0.48651300000000003,USA,CIV,8418
2995456,239,44,1636,2013,41939.0,0.0,-0.11426900000000001,1.399738,VNM,CIV,8418
2995457,246,44,1636,2013,119628.0,0.0,0.380284,1.5682120000000002,ZAF,CIV,8418
2995458,249,44,1636,2013,22533.0,0.0,1.843186,0.9432379999999999,TWN,CIV,8418
2995459,250,44,1636,2013,0.0,1095.0,0.628555,0.277602,ANS,CIV,8418
2995460,7,45,1636,2013,221626.0,0.0,-0.074047,-0.585168,ARE,CMR,8418
2995461,18,45,1636,2013,702586.0,0.0,1.316207,0.972601,BEL,CMR,8418
2995462,19,45,1636,2013,1329.0,0.0,-0.919968,-0.90691,BEN,CMR,8418
2995463,32,45,1636,2013,3540.0,0.0,0.14765899999999998,0.399262,BRA,CMR,8418
2995464,39,45,1636,2013,18914.0,0.0,0.719649,1.017046,CAN,CMR,8418
2995465,41,45,1636,2013,44723.0,0.0,2.2104470000000003,0.5403479999999999,CHE,CMR,8418
2995466,43,45,1636,2013,4984954.0,0.0,1.113767,1.477496,CHN,CMR,8418
2995467,47,45,1636,2013,0.0,1227.0,-1.215681,-1.08679,COG,CMR,8418
2995468,59,45,1636,2013,2424.0,0.0,1.819653,-0.12423800000000002,CZE,CMR,8418
2995469,61,45,1636,2013,971440.0,0.0,2.093658,-3.4281980000000005,DEU,CMR,8418
2995470,64,45,1636,2013,86472.0,0.0,1.161835,1.1788450000000001,DNK,CMR,8418
2995471,68,45,1636,2013,38547.0,0.0,-0.17418,1.692641,EGY,CMR,8418
2995472,71,45,1636,2013,135597.0,0.0,0.861698,2.353993,ESP,CMR,8418
2995473,74,45,1636,2013,11600.0,0.0,1.734552,0.8896940000000001,FIN,CMR,8418
2995474,77,45,1636,2013,5473231.0,0.0,1.520354,0.022874000000000002,FRA,CMR,8418
2995475,80,45,1636,2013,0.0,2293.0,-1.6582830000000002,-1.155302,GAB,CMR,8418
2995476,81,45,1636,2013,401219.0,0.0,1.7901259999999999,0.44164,GBR,CMR,8418
2995477,90,45,1636,2013,32834.0,0.0,0.18823800000000002,0.910906,GRC,CMR,8418
2995478,97,45,1636,2013,6153.0,0.0,0.744383,1.923139,HKG,CMR,8418
2995479,102,45,1636,2013,7622.0,0.0,1.506101,0.7279220000000001,HUN,CMR,8418
2995480,103,45,1636,2013,83863.0,0.0,-0.216854,1.415728,IDN,CMR,8418
2995481,104,45,1636,2013,1240664.0,0.0,0.215356,2.3916209999999998,IND,CMR,8418
2995482,106,45,1636,2013,21203.0,0.0,1.29988,0.240688,IRL,CMR,8418
2995483,107,45,1636,2013,1209.0,0.0,-0.339172,-0.237114,IRN,CMR,8418
2995484,110,45,1636,2013,6005.0,0.0,1.197241,0.633828,ISR,CMR,8418
2995485,111,45,1636,2013,1291379.0,98409.0,1.289924,0.533436,ITA,CMR,8418
2995486,114,45,1636,2013,65466.0,0.0,2.3993130000000003,-0.564768,JPN,CMR,8418
2995487,121,45,1636,2013,111609.0,0.0,1.818383,0.75645,KOR,CMR,8418
2995488,124,45,1636,2013,102107.0,0.0,0.283084,1.4289100000000001,LBN,CMR,8418
2995489,134,45,1636,2013,9510.0,0.0,-0.6494260000000001,-0.035075999999999996,MAR,CMR,8418
2995490,138,45,1636,2013,26110.0,0.0,1.048507,0.718932,MEX,CMR,8418
2995491,153,45,1636,2013,68271.0,0.0,0.937641,0.747496,MYS,CMR,8418
2995492,159,45,1636,2013,0.0,41988.0,-1.745783,-1.1356680000000001,NGA,CMR,8418
2995493,162,45,1636,2013,1302746.0,0.0,1.184107,1.249557,NLD,CMR,8418
2995494,163,45,1636,2013,4223.0,0.0,0.892099,0.18168399999999998,NOR,CMR,8418
2995495,177,45,1636,2013,37029.0,0.0,1.084332,1.216749,POL,CMR,8418
2995496,179,45,1636,2013,233469.0,0.0,0.541454,2.5228610000000002,PRT,CMR,8418
2995497,188,45,1636,2013,879.0,0.0,0.626347,-0.844406,SAU,CMR,8418
2995498,191,45,1636,2013,0.0,1315.0,-0.523662,-0.309101,SEN,CMR,8418
2995499,192,45,1636,2013,529446.0,0.0,1.915504,0.619576,SGP,CMR,8418
2995500,207,45,1636,2013,461.0,0.0,1.698374,0.563082,SVN,CMR,8418
2995501,208,45,1636,2013,62950.0,0.0,1.869421,0.228109,SWE,CMR,8418
2995502,212,45,1636,2013,41960.0,0.0,-0.14343399999999998,1.077256,SYR,CMR,8418
2995503,214,45,1636,2013,0.0,1014.0,-2.800677,-0.9466969999999999,TCD,CMR,8418
2995504,216,45,1636,2013,129492.0,0.0,0.8752139999999999,1.3798620000000001,THA,CMR,8418
2995505,223,45,1636,2013,28253.0,0.0,0.185528,1.0070700000000001,TUN,CMR,8418
2995506,224,45,1636,2013,247781.0,0.0,0.42932299999999995,2.690235,TUR,CMR,8418
2995507,231,45,1636,2013,75396.0,0.0,1.6639689999999998,-0.48651300000000003,USA,CMR,8418
2995508,239,45,1636,2013,14400.0,0.0,-0.11426900000000001,1.399738,VNM,CMR,8418
2995509,246,45,1636,2013,31656.0,0.0,0.380284,1.5682120000000002,ZAF,CMR,8418
2995510,249,45,1636,2013,5598.0,0.0,1.843186,0.9432379999999999,TWN,CMR,8418
2995511,15,46,1636,2013,1092.0,0.0,1.7209240000000001,-0.286892,AUT,COD,8418
2995512,18,46,1636,2013,10502678.0,0.0,1.316207,0.972601,BEL,COD,8418
2995513,41,46,1636,2013,2409.0,0.0,2.2104470000000003,0.5403479999999999,CHE,COD,8418
2995514,43,46,1636,2013,8725289.0,0.0,1.113767,1.477496,CHN,COD,8418
2995515,47,46,1636,2013,58619.0,375169.0,-1.215681,-1.08679,COG,COD,8418
2995516,59,46,1636,2013,6469.0,0.0,1.819653,-0.12423800000000002,CZE,COD,8418
2995517,61,46,1636,2013,1637869.0,0.0,2.093658,-3.4281980000000005,DEU,COD,8418
2995518,64,46,1636,2013,26059.0,0.0,1.161835,1.1788450000000001,DNK,COD,8418
2995519,68,46,1636,2013,122347.0,0.0,-0.17418,1.692641,EGY,COD,8418
2995520,77,46,1636,2013,234241.0,0.0,1.520354,0.022874000000000002,FRA,COD,8418
2995521,81,46,1636,2013,5862.0,0.0,1.7901259999999999,0.44164,GBR,COD,8418
2995522,97,46,1636,2013,652950.0,0.0,0.744383,1.923139,HKG,COD,8418
2995523,103,46,1636,2013,905953.0,0.0,-0.216854,1.415728,IDN,COD,8418
2995524,104,46,1636,2013,324970.0,0.0,0.215356,2.3916209999999998,IND,COD,8418
2995525,111,46,1636,2013,40848.0,0.0,1.289924,0.533436,ITA,COD,8418
2995526,116,46,1636,2013,59621.0,0.0,-0.448112,0.8672719999999999,KEN,COD,8418
2995527,131,46,1636,2013,2784152.0,0.0,1.170459,1.150327,LUX,COD,8418
2995528,153,46,1636,2013,5791.0,0.0,0.937641,0.747496,MYS,COD,8418
2995529,155,46,1636,2013,41780.0,0.0,-0.308643,-0.480617,NAM,COD,8418
2995530,162,46,1636,2013,667235.0,0.0,1.184107,1.249557,NLD,COD,8418
2995531,179,46,1636,2013,280308.0,0.0,0.541454,2.5228610000000002,PRT,COD,8418
2995532,186,46,1636,2013,2323.0,0.0,0.481166,-0.180052,RUS,COD,8418
2995533,187,46,1636,2013,6384.0,0.0,-0.490519,-0.48427700000000007,RWA,COD,8418
2995534,192,46,1636,2013,146255.0,0.0,1.915504,0.619576,SGP,COD,8418
2995535,208,46,1636,2013,1077.0,0.0,1.869421,0.228109,SWE,COD,8418
2995536,216,46,1636,2013,7073.0,0.0,0.8752139999999999,1.3798620000000001,THA,COD,8418
2995537,224,46,1636,2013,2673.0,0.0,0.42932299999999995,2.690235,TUR,COD,8418
2995538,226,46,1636,2013,1327335.0,0.0,-0.9306770000000001,0.273489,TZA,COD,8418
2995539,227,46,1636,2013,85933.0,0.0,-0.5462279999999999,0.200682,UGA,COD,8418
2995540,231,46,1636,2013,155368.0,0.0,1.6639689999999998,-0.48651300000000003,USA,COD,8418
2995541,246,46,1636,2013,3152505.0,0.0,0.380284,1.5682120000000002,ZAF,COD,8418
2995542,247,46,1636,2013,52866.0,1887.0,-0.382129,-0.5442229999999999,ZMB,COD,8418
2995543,249,46,1636,2013,60347.0,0.0,1.843186,0.9432379999999999,TWN,COD,8418
2995544,7,47,1636,2013,746377.0,0.0,-0.074047,-0.585168,ARE,COG,8418
2995545,15,47,1636,2013,6671.0,0.0,1.7209240000000001,-0.286892,AUT,COG,8418
2995546,18,47,1636,2013,246949.0,0.0,1.316207,0.972601,BEL,COG,8418
2995547,32,47,1636,2013,20236.0,0.0,0.14765899999999998,0.399262,BRA,COG,8418
2995548,39,47,1636,2013,0.0,187.0,0.719649,1.017046,CAN,COG,8418
2995549,41,47,1636,2013,99567.0,0.0,2.2104470000000003,0.5403479999999999,CHE,COG,8418
2995550,43,47,1636,2013,8279487.0,0.0,1.113767,1.477496,CHN,COG,8418
2995551,45,47,1636,2013,1227.0,0.0,-0.901531,-1.027111,CMR,COG,8418
2995552,46,47,1636,2013,375169.0,58619.0,-1.300125,-1.0708010000000001,COD,COG,8418
2995553,61,47,1636,2013,80961.0,0.0,2.093658,-3.4281980000000005,DEU,COG,8418
2995554,64,47,1636,2013,964.0,0.0,1.161835,1.1788450000000001,DNK,COG,8418
2995555,68,47,1636,2013,26138.0,0.0,-0.17418,1.692641,EGY,COG,8418
2995556,77,47,1636,2013,1959029.0,0.0,1.520354,0.022874000000000002,FRA,COG,8418
2995557,81,47,1636,2013,36590.0,0.0,1.7901259999999999,0.44164,GBR,COG,8418
2995558,103,47,1636,2013,34159.0,0.0,-0.216854,1.415728,IDN,COG,8418
2995559,104,47,1636,2013,285926.0,0.0,0.215356,2.3916209999999998,IND,COG,8418
2995560,111,47,1636,2013,806869.0,0.0,1.289924,0.533436,ITA,COG,8418
2995561,114,47,1636,2013,6185.0,0.0,2.3993130000000003,-0.564768,JPN,COG,8418
2995562,121,47,1636,2013,95352.0,0.0,1.818383,0.75645,KOR,COG,8418
2995563,124,47,1636,2013,410736.0,0.0,0.283084,1.4289100000000001,LBN,COG,8418
2995564,134,47,1636,2013,19718.0,0.0,-0.6494260000000001,-0.035075999999999996,MAR,COG,8418
2995565,159,47,1636,2013,1017.0,0.0,-1.745783,-1.1356680000000001,NGA,COG,8418
2995566,162,47,1636,2013,1376165.0,369.0,1.184107,1.249557,NLD,COG,8418
2995567,177,47,1636,2013,3071.0,0.0,1.084332,1.216749,POL,COG,8418
2995568,179,47,1636,2013,255000.0,0.0,0.541454,2.5228610000000002,PRT,COG,8418
2995569,192,47,1636,2013,192628.0,0.0,1.915504,0.619576,SGP,COG,8418
2995570,215,47,1636,2013,7415.0,0.0,-0.598413,-0.49295200000000006,TGO,COG,8418
2995571,216,47,1636,2013,1045816.0,0.0,0.8752139999999999,1.3798620000000001,THA,COG,8418
2995572,223,47,1636,2013,162747.0,0.0,0.185528,1.0070700000000001,TUN,COG,8418
2995573,224,47,1636,2013,202913.0,0.0,0.42932299999999995,2.690235,TUR,COG,8418
2995574,231,47,1636,2013,16352.0,0.0,1.6639689999999998,-0.48651300000000003,USA,COG,8418
2995575,246,47,1636,2013,135201.0,0.0,0.380284,1.5682120000000002,ZAF,COG,8418
2995576,249,47,1636,2013,2998.0,0.0,1.843186,0.9432379999999999,TWN,COG,8418
2995577,250,47,1636,2013,93166.0,0.0,0.628555,0.277602,ANS,COG,8418
2995578,7,51,1636,2013,1660.0,0.0,-0.074047,-0.585168,ARE,CPV,8418
2995579,18,51,1636,2013,9607.0,0.0,1.316207,0.972601,BEL,CPV,8418
2995580,32,51,1636,2013,6669.0,0.0,0.14765899999999998,0.399262,BRA,CPV,8418
2995581,41,51,1636,2013,633.0,0.0,2.2104470000000003,0.5403479999999999,CHE,CPV,8418
2995582,43,51,1636,2013,896452.0,0.0,1.113767,1.477496,CHN,CPV,8418
2995583,61,51,1636,2013,54482.0,0.0,2.093658,-3.4281980000000005,DEU,CPV,8418
2995584,71,51,1636,2013,464700.0,1029.0,0.861698,2.353993,ESP,CPV,8418
2995585,77,51,1636,2013,13207.0,0.0,1.520354,0.022874000000000002,FRA,CPV,8418
2995586,81,51,1636,2013,1078.0,0.0,1.7901259999999999,0.44164,GBR,CPV,8418
2995587,103,51,1636,2013,22275.0,0.0,-0.216854,1.415728,IDN,CPV,8418
2995588,104,51,1636,2013,11752.0,0.0,0.215356,2.3916209999999998,IND,CPV,8418
2995589,111,51,1636,2013,56183.0,0.0,1.289924,0.533436,ITA,CPV,8418
2995590,114,51,1636,2013,59943.0,0.0,2.3993130000000003,-0.564768,JPN,CPV,8418
2995591,121,51,1636,2013,18486.0,0.0,1.818383,0.75645,KOR,CPV,8418
2995592,162,51,1636,2013,16595.0,0.0,1.184107,1.249557,NLD,CPV,8418
2995593,179,51,1636,2013,1566607.0,1320.0,0.541454,2.5228610000000002,PRT,CPV,8418
2995594,191,51,1636,2013,944.0,0.0,-0.523662,-0.309101,SEN,CPV,8418
2995595,208,51,1636,2013,3763.0,0.0,1.869421,0.228109,SWE,CPV,8418
2995596,224,51,1636,2013,137815.0,0.0,0.42932299999999995,2.690235,TUR,CPV,8418
2995597,231,51,1636,2013,4488.0,0.0,1.6639689999999998,-0.48651300000000003,USA,CPV,8418
2995598,250,51,1636,2013,130652.0,0.0,0.628555,0.277602,ANS,CPV,8418
2995599,8,54,1636,2013,389686.0,0.0,0.20314300000000002,0.494062,ARG,CUB,8418
2995600,18,54,1636,2013,46985.0,0.0,1.316207,0.972601,BEL,CUB,8418
2995601,23,54,1636,2013,16857.0,0.0,0.5026109999999999,1.674296,BGR,CUB,8418
2995602,32,54,1636,2013,2584578.0,0.0,0.14765899999999998,0.399262,BRA,CUB,8418
2995603,39,54,1636,2013,1680643.0,0.0,0.719649,1.017046,CAN,CUB,8418
2995604,41,54,1636,2013,0.0,2447.0,2.2104470000000003,0.5403479999999999,CHE,CUB,8418
2995605,43,54,1636,2013,8459317.0,0.0,1.113767,1.477496,CHN,CUB,8418
2995606,49,54,1636,2013,27858.0,0.0,0.121799,-0.388239,COL,CUB,8418
2995607,61,54,1636,2013,721495.0,0.0,2.093658,-3.4281980000000005,DEU,CUB,8418
2995608,64,54,1636,2013,312528.0,0.0,1.161835,1.1788450000000001,DNK,CUB,8418
2995609,65,54,1636,2013,88534.0,7597.0,-0.277269,0.432388,DOM,CUB,8418
2995610,71,54,1636,2013,14082051.0,0.0,0.861698,2.353993,ESP,CUB,8418
2995611,77,54,1636,2013,138122.0,0.0,1.520354,0.022874000000000002,FRA,CUB,8418
2995612,81,54,1636,2013,726198.0,0.0,1.7901259999999999,0.44164,GBR,CUB,8418
2995613,97,54,1636,2013,3385.0,0.0,0.744383,1.923139,HKG,CUB,8418
2995614,110,54,1636,2013,3000.0,0.0,1.197241,0.633828,ISR,CUB,8418
2995615,111,54,1636,2013,4906784.0,0.0,1.289924,0.533436,ITA,CUB,8418
2995616,121,54,1636,2013,1214751.0,0.0,1.818383,0.75645,KOR,CUB,8418
2995617,138,54,1636,2013,3356704.0,0.0,1.048507,0.718932,MEX,CUB,8418
2995618,153,54,1636,2013,35385.0,0.0,0.937641,0.747496,MYS,CUB,8418
2995619,155,54,1636,2013,0.0,3047.0,-0.308643,-0.480617,NAM,CUB,8418
2995620,162,54,1636,2013,82881.0,0.0,1.184107,1.249557,NLD,CUB,8418
2995621,169,54,1636,2013,2392617.0,20507.0,0.735637,1.161718,PAN,CUB,8418
2995622,179,54,1636,2013,1038664.0,0.0,0.541454,2.5228610000000002,PRT,CUB,8418
2995623,192,54,1636,2013,0.0,7924.0,1.915504,0.619576,SGP,CUB,8418
2995624,208,54,1636,2013,13061.0,0.0,1.869421,0.228109,SWE,CUB,8418
2995625,226,54,1636,2013,0.0,37758.0,-0.9306770000000001,0.273489,TZA,CUB,8418
2995626,61,57,1636,2013,1092.0,0.0,2.093658,-3.4281980000000005,DEU,CYM,8418
2995627,77,57,1636,2013,5584.0,0.0,1.520354,0.022874000000000002,FRA,CYM,8418
2995628,93,57,1636,2013,37599.0,0.0,-0.41466499999999995,0.774788,GTM,CYM,8418
2995629,111,57,1636,2013,123102.0,0.0,1.289924,0.533436,ITA,CYM,8418
2995630,112,57,1636,2013,0.0,1235.0,-0.541441,-0.8448559999999999,JAM,CYM,8418
2995631,127,57,1636,2013,0.0,27566.0,0.265129,-0.5083949999999999,LCA,CYM,8418
2995632,162,57,1636,2013,32395.0,0.0,1.184107,1.249557,NLD,CYM,8418
2995633,231,57,1636,2013,2894792.0,0.0,1.6639689999999998,-0.48651300000000003,USA,CYM,8418
2995634,2,58,1636,2013,0.0,88082.0,-1.172043,-1.133735,AGO,CYP,8418
2995635,7,58,1636,2013,18045.0,0.0,-0.074047,-0.585168,ARE,CYP,8418
2995636,14,58,1636,2013,2020.0,0.0,-0.31145700000000004,-0.167628,AUS,CYP,8418
2995637,15,58,1636,2013,552523.0,0.0,1.7209240000000001,-0.286892,AUT,CYP,8418
2995638,18,58,1636,2013,144526.0,0.0,1.316207,0.972601,BEL,CYP,8418
2995639,19,58,1636,2013,0.0,1988.0,-0.919968,-0.90691,BEN,CYP,8418
2995640,23,58,1636,2013,303561.0,31473.0,0.5026109999999999,1.674296,BGR,CYP,8418
2995641,24,58,1636,2013,812.0,0.0,0.249681,-0.6204270000000001,BHR,CYP,8418
2995642,28,58,1636,2013,0.0,418965.0,1.036923,0.864568,BLR,CYP,8418
2995643,32,58,1636,2013,12486.0,0.0,0.14765899999999998,0.399262,BRA,CYP,8418
2995644,41,58,1636,2013,4309.0,0.0,2.2104470000000003,0.5403479999999999,CHE,CYP,8418
2995645,43,58,1636,2013,1983422.0,0.0,1.113767,1.477496,CHN,CYP,8418
2995646,59,58,1636,2013,224053.0,0.0,1.819653,-0.12423800000000002,CZE,CYP,8418
2995647,61,58,1636,2013,1078589.0,0.0,2.093658,-3.4281980000000005,DEU,CYP,8418
2995648,64,58,1636,2013,370903.0,57470.0,1.161835,1.1788450000000001,DNK,CYP,8418
2995649,68,58,1636,2013,9939.0,0.0,-0.17418,1.692641,EGY,CYP,8418
2995650,71,58,1636,2013,670481.0,0.0,0.861698,2.353993,ESP,CYP,8418
2995651,72,58,1636,2013,1655.0,0.0,0.8828940000000001,1.386574,EST,CYP,8418
2995652,74,58,1636,2013,3763.0,0.0,1.734552,0.8896940000000001,FIN,CYP,8418
2995653,77,58,1636,2013,335683.0,160098.0,1.520354,0.022874000000000002,FRA,CYP,8418
2995654,81,58,1636,2013,226238.0,16641.0,1.7901259999999999,0.44164,GBR,CYP,8418
2995655,90,58,1636,2013,7197800.0,430292.0,0.18823800000000002,0.910906,GRC,CYP,8418
2995656,102,58,1636,2013,74963.0,0.0,1.506101,0.7279220000000001,HUN,CYP,8418
2995657,103,58,1636,2013,130596.0,0.0,-0.216854,1.415728,IDN,CYP,8418
2995658,106,58,1636,2013,97707.0,0.0,1.29988,0.240688,IRL,CYP,8418
2995659,110,58,1636,2013,146437.0,16513.0,1.197241,0.633828,ISR,CYP,8418
2995660,111,58,1636,2013,6866263.0,1038.0,1.289924,0.533436,ITA,CYP,8418
2995661,114,58,1636,2013,46779.0,0.0,2.3993130000000003,-0.564768,JPN,CYP,8418
2995662,115,58,1636,2013,0.0,104664.0,-0.680678,-0.83347,KAZ,CYP,8418
2995663,121,58,1636,2013,345108.0,0.0,1.818383,0.75645,KOR,CYP,8418
2995664,124,58,1636,2013,89167.0,3263.0,0.283084,1.4289100000000001,LBN,CYP,8418
2995665,131,58,1636,2013,50179.0,0.0,1.170459,1.150327,LUX,CYP,8418
2995666,132,58,1636,2013,1908.0,0.0,0.6219439999999999,1.166749,LVA,CYP,8418
2995667,135,58,1636,2013,0.0,1404.0,-0.016235,0.132104,MDA,CYP,8418
2995668,138,58,1636,2013,1823.0,0.0,1.048507,0.718932,MEX,CYP,8418
2995669,144,58,1636,2013,0.0,807.0,-0.054454999999999996,-0.164875,MNE,CYP,8418
2995670,147,58,1636,2013,0.0,134982.0,-1.326323,-1.050969,MOZ,CYP,8418
2995671,153,58,1636,2013,17044.0,0.0,0.937641,0.747496,MYS,CYP,8418
2995672,162,58,1636,2013,454101.0,22322.0,1.184107,1.249557,NLD,CYP,8418
2995673,166,58,1636,2013,13245.0,0.0,0.3345,0.39063000000000003,NZL,CYP,8418
2995674,177,58,1636,2013,303829.0,1200.0,1.084332,1.216749,POL,CYP,8418
2995675,179,58,1636,2013,9968.0,0.0,0.541454,2.5228610000000002,PRT,CYP,8418
2995676,183,58,1636,2013,0.0,12063.0,-0.083649,-1.013491,QAT,CYP,8418
2995677,185,58,1636,2013,446724.0,20755.0,0.792035,1.225034,ROU,CYP,8418
2995678,188,58,1636,2013,0.0,4015.0,0.626347,-0.844406,SAU,CYP,8418
2995679,192,58,1636,2013,35805.0,0.0,1.915504,0.619576,SGP,CYP,8418
2995680,201,58,1636,2013,2572.0,0.0,0.5717720000000001,1.174901,SRB,CYP,8418
2995681,206,58,1636,2013,8499.0,0.0,1.32064,0.7519819999999999,SVK,CYP,8418
2995682,207,58,1636,2013,16349.0,0.0,1.698374,0.563082,SVN,CYP,8418
2995683,208,58,1636,2013,22218.0,9290.0,1.869421,0.228109,SWE,CYP,8418
2995684,216,58,1636,2013,3063764.0,0.0,0.8752139999999999,1.3798620000000001,THA,CYP,8418
2995685,224,58,1636,2013,7913275.0,16283.0,0.42932299999999995,2.690235,TUR,CYP,8418
2995686,227,58,1636,2013,0.0,10925.0,-0.5462279999999999,0.200682,UGA,CYP,8418
2995687,228,58,1636,2013,3369.0,0.0,0.657729,0.9063200000000001,UKR,CYP,8418
2995688,231,58,1636,2013,75080.0,0.0,1.6639689999999998,-0.48651300000000003,USA,CYP,8418
2995689,247,58,1636,2013,0.0,658.0,-0.382129,-0.5442229999999999,ZMB,CYP,8418
2995690,249,58,1636,2013,33035.0,0.0,1.843186,0.9432379999999999,TWN,CYP,8418
2995691,7,62,1636,2013,332337.0,0.0,-0.074047,-0.585168,ARE,DJI,8418
2995692,15,62,1636,2013,1779.0,0.0,1.7209240000000001,-0.286892,AUT,DJI,8418
2995693,18,62,1636,2013,44910.0,0.0,1.316207,0.972601,BEL,DJI,8418
2995694,43,62,1636,2013,2731305.0,0.0,1.113767,1.477496,CHN,DJI,8418
2995695,61,62,1636,2013,146537.0,0.0,2.093658,-3.4281980000000005,DEU,DJI,8418
2995696,64,62,1636,2013,2538.0,0.0,1.161835,1.1788450000000001,DNK,DJI,8418
2995697,68,62,1636,2013,150727.0,0.0,-0.17418,1.692641,EGY,DJI,8418
2995698,73,62,1636,2013,10593.0,0.0,-1.264002,-0.9594219999999999,ETH,DJI,8418
2995699,77,62,1636,2013,156034.0,0.0,1.520354,0.022874000000000002,FRA,DJI,8418
2995700,81,62,1636,2013,48703.0,0.0,1.7901259999999999,0.44164,GBR,DJI,8418
2995701,102,62,1636,2013,6139.0,0.0,1.506101,0.7279220000000001,HUN,DJI,8418
2995702,103,62,1636,2013,2068757.0,0.0,-0.216854,1.415728,IDN,DJI,8418
2995703,104,62,1636,2013,253752.0,0.0,0.215356,2.3916209999999998,IND,DJI,8418
2995704,110,62,1636,2013,11000.0,0.0,1.197241,0.633828,ISR,DJI,8418
2995705,111,62,1636,2013,163112.0,0.0,1.289924,0.533436,ITA,DJI,8418
2995706,121,62,1636,2013,54819.0,0.0,1.818383,0.75645,KOR,DJI,8418
2995707,162,62,1636,2013,151127.0,0.0,1.184107,1.249557,NLD,DJI,8418
2995708,177,62,1636,2013,11266.0,0.0,1.084332,1.216749,POL,DJI,8418
2995709,188,62,1636,2013,381600.0,0.0,0.626347,-0.844406,SAU,DJI,8418
2995710,216,62,1636,2013,713246.0,0.0,0.8752139999999999,1.3798620000000001,THA,DJI,8418
2995711,224,62,1636,2013,211666.0,0.0,0.42932299999999995,2.690235,TUR,DJI,8418
2995712,231,62,1636,2013,635749.0,0.0,1.6639689999999998,-0.48651300000000003,USA,DJI,8418
2995713,246,62,1636,2013,39880.0,0.0,0.380284,1.5682120000000002,ZAF,DJI,8418
2995714,249,62,1636,2013,161735.0,0.0,1.843186,0.9432379999999999,TWN,DJI,8418
2995715,7,66,1636,2013,1657843.0,0.0,-0.074047,-0.585168,ARE,DZA,8418
2995716,8,66,1636,2013,15972.0,0.0,0.20314300000000002,0.494062,ARG,DZA,8418
2995717,15,66,1636,2013,151257.0,0.0,1.7209240000000001,-0.286892,AUT,DZA,8418
2995718,18,66,1636,2013,3159283.0,0.0,1.316207,0.972601,BEL,DZA,8418
2995719,23,66,1636,2013,1764.0,0.0,0.5026109999999999,1.674296,BGR,DZA,8418
2995720,41,66,1636,2013,195448.0,0.0,2.2104470000000003,0.5403479999999999,CHE,DZA,8418
2995721,43,66,1636,2013,94839527.0,9520.0,1.113767,1.477496,CHN,DZA,8418
2995722,59,66,1636,2013,1195931.0,0.0,1.819653,-0.12423800000000002,CZE,DZA,8418
2995723,61,66,1636,2013,1322790.0,0.0,2.093658,-3.4281980000000005,DEU,DZA,8418
2995724,64,66,1636,2013,192465.0,0.0,1.161835,1.1788450000000001,DNK,DZA,8418
2995725,68,66,1636,2013,1586479.0,1530328.0,-0.17418,1.692641,EGY,DZA,8418
2995726,71,66,1636,2013,8335900.0,0.0,0.861698,2.353993,ESP,DZA,8418
2995727,74,66,1636,2013,66903.0,0.0,1.734552,0.8896940000000001,FIN,DZA,8418
2995728,77,66,1636,2013,32428021.0,7439.0,1.520354,0.022874000000000002,FRA,DZA,8418
2995729,81,66,1636,2013,351897.0,0.0,1.7901259999999999,0.44164,GBR,DZA,8418
2995730,90,66,1636,2013,1545195.0,0.0,0.18823800000000002,0.910906,GRC,DZA,8418
2995731,97,66,1636,2013,331.0,3499.0,0.744383,1.923139,HKG,DZA,8418
2995732,102,66,1636,2013,650764.0,0.0,1.506101,0.7279220000000001,HUN,DZA,8418
2995733,103,66,1636,2013,10609250.0,0.0,-0.216854,1.415728,IDN,DZA,8418
2995734,104,66,1636,2013,1958251.0,0.0,0.215356,2.3916209999999998,IND,DZA,8418
2995735,106,66,1636,2013,629685.0,0.0,1.29988,0.240688,IRL,DZA,8418
2995736,111,66,1636,2013,29481606.0,0.0,1.289924,0.533436,ITA,DZA,8418
2995737,113,66,1636,2013,194877.0,0.0,0.152659,0.5889979999999999,JOR,DZA,8418
2995738,114,66,1636,2013,96890.0,0.0,2.3993130000000003,-0.564768,JPN,DZA,8418
2995739,121,66,1636,2013,14254298.0,0.0,1.818383,0.75645,KOR,DZA,8418
2995740,124,66,1636,2013,3939673.0,0.0,0.283084,1.4289100000000001,LBN,DZA,8418
2995741,131,66,1636,2013,88353.0,0.0,1.170459,1.150327,LUX,DZA,8418
2995742,134,66,1636,2013,404320.0,0.0,-0.6494260000000001,-0.035075999999999996,MAR,DZA,8418
2995743,138,66,1636,2013,181215.0,0.0,1.048507,0.718932,MEX,DZA,8418
2995744,142,66,1636,2013,2808.0,0.0,0.8519760000000001,-0.075869,MLT,DZA,8418
2995745,153,66,1636,2013,145942.0,0.0,0.937641,0.747496,MYS,DZA,8418
2995746,157,66,1636,2013,0.0,4169.0,-1.268738,-0.942256,NER,DZA,8418
2995747,162,66,1636,2013,141292.0,0.0,1.184107,1.249557,NLD,DZA,8418
2995748,163,66,1636,2013,5408.0,0.0,0.892099,0.18168399999999998,NOR,DZA,8418
2995749,177,66,1636,2013,188261.0,0.0,1.084332,1.216749,POL,DZA,8418
2995750,179,66,1636,2013,530979.0,1589.0,0.541454,2.5228610000000002,PRT,DZA,8418
2995751,185,66,1636,2013,324810.0,0.0,0.792035,1.225034,ROU,DZA,8418
2995752,192,66,1636,2013,1261098.0,0.0,1.915504,0.619576,SGP,DZA,8418
2995753,206,66,1636,2013,1844.0,0.0,1.32064,0.7519819999999999,SVK,DZA,8418
2995754,207,66,1636,2013,67312.0,0.0,1.698374,0.563082,SVN,DZA,8418
2995755,208,66,1636,2013,59096.0,0.0,1.869421,0.228109,SWE,DZA,8418
2995756,216,66,1636,2013,21027105.0,0.0,0.8752139999999999,1.3798620000000001,THA,DZA,8418
2995757,217,66,1636,2013,11989.0,0.0,-1.2512889999999999,-1.16402,TJK,DZA,8418
2995758,223,66,1636,2013,1642336.0,0.0,0.185528,1.0070700000000001,TUN,DZA,8418
2995759,224,66,1636,2013,38556121.0,0.0,0.42932299999999995,2.690235,TUR,DZA,8418
2995760,231,66,1636,2013,323905.0,0.0,1.6639689999999998,-0.48651300000000003,USA,DZA,8418
2995761,239,66,1636,2013,16219.0,0.0,-0.11426900000000001,1.399738,VNM,DZA,8418
2995762,246,66,1636,2013,21933.0,0.0,0.380284,1.5682120000000002,ZAF,DZA,8418
2995763,249,66,1636,2013,74846.0,0.0,1.843186,0.9432379999999999,TWN,DZA,8418
2995764,7,73,1636,2013,310679.0,0.0,-0.074047,-0.585168,ARE,ETH,8418
2995765,14,73,1636,2013,443.0,0.0,-0.31145700000000004,-0.167628,AUS,ETH,8418
2995766,15,73,1636,2013,96354.0,0.0,1.7209240000000001,-0.286892,AUT,ETH,8418
2995767,18,73,1636,2013,1974594.0,0.0,1.316207,0.972601,BEL,ETH,8418
2995768,39,73,1636,2013,5299.0,0.0,0.719649,1.017046,CAN,ETH,8418
2995769,41,73,1636,2013,376500.0,0.0,2.2104470000000003,0.5403479999999999,CHE,ETH,8418
2995770,43,73,1636,2013,8653113.0,0.0,1.113767,1.477496,CHN,ETH,8418
2995771,44,73,1636,2013,507.0,0.0,-0.923558,-0.866642,CIV,ETH,8418
2995772,59,73,1636,2013,7337.0,0.0,1.819653,-0.12423800000000002,CZE,ETH,8418
2995773,61,73,1636,2013,2507752.0,36122.0,2.093658,-3.4281980000000005,DEU,ETH,8418
2995774,62,73,1636,2013,0.0,10593.0,-0.412843,-0.695916,DJI,ETH,8418
2995775,64,73,1636,2013,606945.0,0.0,1.161835,1.1788450000000001,DNK,ETH,8418
2995776,71,73,1636,2013,25468.0,0.0,0.861698,2.353993,ESP,ETH,8418
2995777,74,73,1636,2013,97005.0,0.0,1.734552,0.8896940000000001,FIN,ETH,8418
2995778,77,73,1636,2013,237909.0,0.0,1.520354,0.022874000000000002,FRA,ETH,8418
2995779,81,73,1636,2013,276102.0,0.0,1.7901259999999999,0.44164,GBR,ETH,8418
2995780,83,73,1636,2013,0.0,1279.0,-0.7316010000000001,-0.5327689999999999,GHA,ETH,8418
2995781,90,73,1636,2013,2421.0,0.0,0.18823800000000002,0.910906,GRC,ETH,8418
2995782,97,73,1636,2013,1560.0,0.0,0.744383,1.923139,HKG,ETH,8418
2995783,102,73,1636,2013,4815.0,0.0,1.506101,0.7279220000000001,HUN,ETH,8418
2995784,103,73,1636,2013,937089.0,0.0,-0.216854,1.415728,IDN,ETH,8418
2995785,104,73,1636,2013,3010625.0,0.0,0.215356,2.3916209999999998,IND,ETH,8418
2995786,111,73,1636,2013,1959089.0,1487.0,1.289924,0.533436,ITA,ETH,8418
2995787,114,73,1636,2013,42557.0,0.0,2.3993130000000003,-0.564768,JPN,ETH,8418
2995788,116,73,1636,2013,4365.0,1369.0,-0.448112,0.8672719999999999,KEN,ETH,8418
2995789,121,73,1636,2013,436964.0,0.0,1.818383,0.75645,KOR,ETH,8418
2995790,124,73,1636,2013,7510.0,0.0,0.283084,1.4289100000000001,LBN,ETH,8418
2995791,131,73,1636,2013,1777871.0,0.0,1.170459,1.150327,LUX,ETH,8418
2995792,152,73,1636,2013,0.0,830.0,-0.8992120000000001,-0.862175,MWI,ETH,8418
2995793,153,73,1636,2013,51462.0,0.0,0.937641,0.747496,MYS,ETH,8418
2995794,162,73,1636,2013,1899035.0,0.0,1.184107,1.249557,NLD,ETH,8418
2995795,163,73,1636,2013,27000.0,0.0,0.892099,0.18168399999999998,NOR,ETH,8418
2995796,166,73,1636,2013,3078.0,0.0,0.3345,0.39063000000000003,NZL,ETH,8418
2995797,168,73,1636,2013,5982.0,0.0,-0.75727,0.769703,PAK,ETH,8418
2995798,177,73,1636,2013,97580.0,0.0,1.084332,1.216749,POL,ETH,8418
2995799,178,73,1636,2013,1741.0,0.0,-0.414538,-0.22449299999999997,PRK,ETH,8418
2995800,179,73,1636,2013,93511.0,0.0,0.541454,2.5228610000000002,PRT,ETH,8418
2995801,185,73,1636,2013,576693.0,0.0,0.792035,1.225034,ROU,ETH,8418
2995802,187,73,1636,2013,385.0,0.0,-0.490519,-0.48427700000000007,RWA,ETH,8418
2995803,188,73,1636,2013,11267.0,0.0,0.626347,-0.844406,SAU,ETH,8418
2995804,190,73,1636,2013,2192.0,0.0,-1.254944,-1.073564,SDN,ETH,8418
2995805,192,73,1636,2013,0.0,796.0,1.915504,0.619576,SGP,ETH,8418
2995806,208,73,1636,2013,138819.0,0.0,1.869421,0.228109,SWE,ETH,8418
2995807,216,73,1636,2013,1375108.0,0.0,0.8752139999999999,1.3798620000000001,THA,ETH,8418
2995808,219,73,1636,2013,0.0,1377.0,-1.6186770000000001,-1.2210969999999999,TKM,ETH,8418
2995809,223,73,1636,2013,2433.0,0.0,0.185528,1.0070700000000001,TUN,ETH,8418
2995810,224,73,1636,2013,2960172.0,0.0,0.42932299999999995,2.690235,TUR,ETH,8418
2995811,226,73,1636,2013,0.0,1792.0,-0.9306770000000001,0.273489,TZA,ETH,8418
2995812,231,73,1636,2013,584079.0,1411.0,1.6639689999999998,-0.48651300000000003,USA,ETH,8418
2995813,239,73,1636,2013,53163.0,0.0,-0.11426900000000001,1.399738,VNM,ETH,8418
2995814,246,73,1636,2013,294782.0,0.0,0.380284,1.5682120000000002,ZAF,ETH,8418
2995815,249,73,1636,2013,4643.0,0.0,1.843186,0.9432379999999999,TWN,ETH,8418
2995816,250,73,1636,2013,11434043.0,0.0,0.628555,0.277602,ANS,ETH,8418
2995817,2,80,1636,2013,0.0,1327.0,-1.172043,-1.133735,AGO,GAB,8418
2995818,7,80,1636,2013,200819.0,0.0,-0.074047,-0.585168,ARE,GAB,8418
2995819,15,80,1636,2013,172390.0,0.0,1.7209240000000001,-0.286892,AUT,GAB,8418
2995820,18,80,1636,2013,290038.0,0.0,1.316207,0.972601,BEL,GAB,8418
2995821,19,80,1636,2013,0.0,1052.0,-0.919968,-0.90691,BEN,GAB,8418
2995822,39,80,1636,2013,14560.0,0.0,0.719649,1.017046,CAN,GAB,8418
2995823,43,80,1636,2013,8703926.0,0.0,1.113767,1.477496,CHN,GAB,8418
2995824,45,80,1636,2013,2293.0,0.0,-0.901531,-1.027111,CMR,GAB,8418
2995825,61,80,1636,2013,983367.0,0.0,2.093658,-3.4281980000000005,DEU,GAB,8418
2995826,64,80,1636,2013,48023.0,0.0,1.161835,1.1788450000000001,DNK,GAB,8418
2995827,68,80,1636,2013,97989.0,0.0,-0.17418,1.692641,EGY,GAB,8418
2995828,71,80,1636,2013,95791.0,0.0,0.861698,2.353993,ESP,GAB,8418
2995829,77,80,1636,2013,3430945.0,2197.0,1.520354,0.022874000000000002,FRA,GAB,8418
2995830,81,80,1636,2013,3267.0,0.0,1.7901259999999999,0.44164,GBR,GAB,8418
2995831,90,80,1636,2013,38624.0,0.0,0.18823800000000002,0.910906,GRC,GAB,8418
2995832,103,80,1636,2013,38867.0,0.0,-0.216854,1.415728,IDN,GAB,8418
2995833,104,80,1636,2013,391419.0,0.0,0.215356,2.3916209999999998,IND,GAB,8418
2995834,111,80,1636,2013,752368.0,1579.0,1.289924,0.533436,ITA,GAB,8418
2995835,121,80,1636,2013,63695.0,0.0,1.818383,0.75645,KOR,GAB,8418
2995836,124,80,1636,2013,207174.0,0.0,0.283084,1.4289100000000001,LBN,GAB,8418
2995837,153,80,1636,2013,5432.0,0.0,0.937641,0.747496,MYS,GAB,8418
2995838,162,80,1636,2013,48730.0,0.0,1.184107,1.249557,NLD,GAB,8418
2995839,179,80,1636,2013,44650.0,0.0,0.541454,2.5228610000000002,PRT,GAB,8418
2995840,192,80,1636,2013,1717185.0,0.0,1.915504,0.619576,SGP,GAB,8418
2995841,201,80,1636,2013,19638.0,0.0,0.5717720000000001,1.174901,SRB,GAB,8418
2995842,203,80,1636,2013,0.0,3745.0,0.8999219999999999,-0.101662,STP,GAB,8418
2995843,216,80,1636,2013,38036.0,0.0,0.8752139999999999,1.3798620000000001,THA,GAB,8418
2995844,224,80,1636,2013,1040641.0,0.0,0.42932299999999995,2.690235,TUR,GAB,8418
2995845,231,80,1636,2013,180497.0,0.0,1.6639689999999998,-0.48651300000000003,USA,GAB,8418
2995846,246,80,1636,2013,28951.0,0.0,0.380284,1.5682120000000002,ZAF,GAB,8418
2995847,249,80,1636,2013,39974.0,0.0,1.843186,0.9432379999999999,TWN,GAB,8418
2995848,2,83,1636,2013,0.0,8974.0,-1.172043,-1.133735,AGO,GHA,8418
2995849,7,83,1636,2013,561819.0,0.0,-0.074047,-0.585168,ARE,GHA,8418
2995850,8,83,1636,2013,15640.0,0.0,0.20314300000000002,0.494062,ARG,GHA,8418
2995851,14,83,1636,2013,26727.0,0.0,-0.31145700000000004,-0.167628,AUS,GHA,8418
2995852,15,83,1636,2013,51823.0,0.0,1.7209240000000001,-0.286892,AUT,GHA,8418
2995853,18,83,1636,2013,353593.0,1989.0,1.316207,0.972601,BEL,GHA,8418
2995854,21,83,1636,2013,0.0,44370.0,-0.9110360000000001,-0.852492,BFA,GHA,8418
2995855,23,83,1636,2013,8106.0,0.0,0.5026109999999999,1.674296,BGR,GHA,8418
2995856,24,83,1636,2013,11178.0,0.0,0.249681,-0.6204270000000001,BHR,GHA,8418
2995857,39,83,1636,2013,689690.0,0.0,0.719649,1.017046,CAN,GHA,8418
2995858,41,83,1636,2013,54672.0,0.0,2.2104470000000003,0.5403479999999999,CHE,GHA,8418
2995859,43,83,1636,2013,25013080.0,0.0,1.113767,1.477496,CHN,GHA,8418
2995860,44,83,1636,2013,68297.0,19248.0,-0.923558,-0.866642,CIV,GHA,8418
2995861,61,83,1636,2013,1038669.0,5491.0,2.093658,-3.4281980000000005,DEU,GHA,8418
2995862,64,83,1636,2013,284037.0,0.0,1.161835,1.1788450000000001,DNK,GHA,8418
2995863,67,83,1636,2013,22883.0,0.0,-0.86546,-0.8888389999999999,ECU,GHA,8418
2995864,68,83,1636,2013,30712.0,0.0,-0.17418,1.692641,EGY,GHA,8418
2995865,71,83,1636,2013,316604.0,0.0,0.861698,2.353993,ESP,GHA,8418
2995866,73,83,1636,2013,1279.0,0.0,-1.264002,-0.9594219999999999,ETH,GHA,8418
2995867,74,83,1636,2013,39791.0,0.0,1.734552,0.8896940000000001,FIN,GHA,8418
2995868,77,83,1636,2013,584688.0,0.0,1.520354,0.022874000000000002,FRA,GHA,8418
2995869,81,83,1636,2013,338040.0,0.0,1.7901259999999999,0.44164,GBR,GHA,8418
2995870,90,83,1636,2013,1694.0,0.0,0.18823800000000002,0.910906,GRC,GHA,8418
2995871,97,83,1636,2013,16537.0,0.0,0.744383,1.923139,HKG,GHA,8418
2995872,103,83,1636,2013,1404088.0,0.0,-0.216854,1.415728,IDN,GHA,8418
2995873,104,83,1636,2013,7366022.0,0.0,0.215356,2.3916209999999998,IND,GHA,8418
2995874,106,83,1636,2013,58991.0,0.0,1.29988,0.240688,IRL,GHA,8418
2995875,110,83,1636,2013,116147.0,0.0,1.197241,0.633828,ISR,GHA,8418
2995876,111,83,1636,2013,3037958.0,0.0,1.289924,0.533436,ITA,GHA,8418
2995877,113,83,1636,2013,26317.0,0.0,0.152659,0.5889979999999999,JOR,GHA,8418
2995878,114,83,1636,2013,630558.0,0.0,2.3993130000000003,-0.564768,JPN,GHA,8418
2995879,116,83,1636,2013,0.0,692.0,-0.448112,0.8672719999999999,KEN,GHA,8418
2995880,121,83,1636,2013,1357837.0,0.0,1.818383,0.75645,KOR,GHA,8418
2995881,124,83,1636,2013,621980.0,0.0,0.283084,1.4289100000000001,LBN,GHA,8418
2995882,125,83,1636,2013,0.0,47124.0,-0.41869399999999996,-0.9538770000000001,LBR,GHA,8418
2995883,126,83,1636,2013,1056.0,0.0,-1.6241459999999999,-1.1817950000000002,LBY,GHA,8418
2995884,128,83,1636,2013,208895.0,0.0,-0.6521779999999999,0.41258599999999995,LKA,GHA,8418
2995885,131,83,1636,2013,161519.0,0.0,1.170459,1.150327,LUX,GHA,8418
2995886,138,83,1636,2013,58833.0,0.0,1.048507,0.718932,MEX,GHA,8418
2995887,141,83,1636,2013,0.0,1739.0,-1.183671,-1.069504,MLI,GHA,8418
2995888,153,83,1636,2013,8275.0,0.0,0.937641,0.747496,MYS,GHA,8418
2995889,157,83,1636,2013,0.0,15611.0,-1.268738,-0.942256,NER,GHA,8418
2995890,159,83,1636,2013,184380.0,12280.0,-1.745783,-1.1356680000000001,NGA,GHA,8418
2995891,162,83,1636,2013,1424768.0,5943.0,1.184107,1.249557,NLD,GHA,8418
2995892,163,83,1636,2013,246205.0,0.0,0.892099,0.18168399999999998,NOR,GHA,8418
2995893,166,83,1636,2013,1690.0,0.0,0.3345,0.39063000000000003,NZL,GHA,8418
2995894,167,83,1636,2013,1299.0,0.0,-0.604175,-1.0463209999999998,OMN,GHA,8418
2995895,168,83,1636,2013,30274.0,0.0,-0.75727,0.769703,PAK,GHA,8418
2995896,174,83,1636,2013,3464.0,0.0,0.507868,0.355403,PHL,GHA,8418
2995897,177,83,1636,2013,267166.0,0.0,1.084332,1.216749,POL,GHA,8418
2995898,179,83,1636,2013,807895.0,0.0,0.541454,2.5228610000000002,PRT,GHA,8418
2995899,183,83,1636,2013,18746.0,0.0,-0.083649,-1.013491,QAT,GHA,8418
2995900,185,83,1636,2013,200446.0,0.0,0.792035,1.225034,ROU,GHA,8418
2995901,188,83,1636,2013,129464.0,0.0,0.626347,-0.844406,SAU,GHA,8418
2995902,191,83,1636,2013,0.0,43145.0,-0.523662,-0.309101,SEN,GHA,8418
2995903,192,83,1636,2013,1992519.0,0.0,1.915504,0.619576,SGP,GHA,8418
2995904,196,83,1636,2013,0.0,1394.0,-0.132082,-0.552921,SLE,GHA,8418
2995905,207,83,1636,2013,2757.0,0.0,1.698374,0.563082,SVN,GHA,8418
2995906,208,83,1636,2013,21529.0,0.0,1.869421,0.228109,SWE,GHA,8418
2995907,215,83,1636,2013,7914.0,76012.0,-0.598413,-0.49295200000000006,TGO,GHA,8418
2995908,216,83,1636,2013,1676628.0,0.0,0.8752139999999999,1.3798620000000001,THA,GHA,8418
2995909,224,83,1636,2013,1396675.0,0.0,0.42932299999999995,2.690235,TUR,GHA,8418
2995910,227,83,1636,2013,0.0,1506.0,-0.5462279999999999,0.200682,UGA,GHA,8418
2995911,231,83,1636,2013,369693.0,0.0,1.6639689999999998,-0.48651300000000003,USA,GHA,8418
2995912,239,83,1636,2013,56645.0,0.0,-0.11426900000000001,1.399738,VNM,GHA,8418
2995913,246,83,1636,2013,769325.0,0.0,0.380284,1.5682120000000002,ZAF,GHA,8418
2995914,249,83,1636,2013,15850.0,0.0,1.843186,0.9432379999999999,TWN,GHA,8418
2995915,18,84,1636,2013,2976.0,0.0,1.316207,0.972601,BEL,GIB,8418
2995916,61,84,1636,2013,47213.0,0.0,2.093658,-3.4281980000000005,DEU,GIB,8418
2995917,64,84,1636,2013,94790.0,0.0,1.161835,1.1788450000000001,DNK,GIB,8418
2995918,71,84,1636,2013,1294376.0,5791.0,0.861698,2.353993,ESP,GIB,8418
2995919,81,84,1636,2013,134064.0,0.0,1.7901259999999999,0.44164,GBR,GIB,8418
2995920,114,84,1636,2013,4529.0,0.0,2.3993130000000003,-0.564768,JPN,GIB,8418
2995921,162,84,1636,2013,9378.0,0.0,1.184107,1.249557,NLD,GIB,8418
2995922,190,84,1636,2013,0.0,2563.0,-1.254944,-1.073564,SDN,GIB,8418
2995923,208,84,1636,2013,11824.0,0.0,1.869421,0.228109,SWE,GIB,8418
2995924,2,85,1636,2013,0.0,1571.0,-1.172043,-1.133735,AGO,GIN,8418
2995925,7,85,1636,2013,256399.0,0.0,-0.074047,-0.585168,ARE,GIN,8418
2995926,18,85,1636,2013,218331.0,0.0,1.316207,0.972601,BEL,GIN,8418
2995927,41,85,1636,2013,1721.0,0.0,2.2104470000000003,0.5403479999999999,CHE,GIN,8418
2995928,43,85,1636,2013,3400367.0,0.0,1.113767,1.477496,CHN,GIN,8418
2995929,44,85,1636,2013,10603.0,0.0,-0.923558,-0.866642,CIV,GIN,8418
2995930,61,85,1636,2013,145686.0,0.0,2.093658,-3.4281980000000005,DEU,GIN,8418
2995931,64,85,1636,2013,24000.0,0.0,1.161835,1.1788450000000001,DNK,GIN,8418
2995932,68,85,1636,2013,11526.0,0.0,-0.17418,1.692641,EGY,GIN,8418
2995933,71,85,1636,2013,65793.0,0.0,0.861698,2.353993,ESP,GIN,8418
2995934,74,85,1636,2013,55252.0,0.0,1.734552,0.8896940000000001,FIN,GIN,8418
2995935,77,85,1636,2013,463033.0,0.0,1.520354,0.022874000000000002,FRA,GIN,8418
2995936,81,85,1636,2013,22392.0,0.0,1.7901259999999999,0.44164,GBR,GIN,8418
2995937,97,85,1636,2013,69640.0,0.0,0.744383,1.923139,HKG,GIN,8418
2995938,103,85,1636,2013,482235.0,0.0,-0.216854,1.415728,IDN,GIN,8418
2995939,104,85,1636,2013,227241.0,0.0,0.215356,2.3916209999999998,IND,GIN,8418
2995940,111,85,1636,2013,565031.0,0.0,1.289924,0.533436,ITA,GIN,8418
2995941,114,85,1636,2013,28704.0,0.0,2.3993130000000003,-0.564768,JPN,GIN,8418
2995942,121,85,1636,2013,171516.0,0.0,1.818383,0.75645,KOR,GIN,8418
2995943,124,85,1636,2013,83930.0,0.0,0.283084,1.4289100000000001,LBN,GIN,8418
2995944,130,85,1636,2013,3124.0,0.0,0.737796,1.215543,LTU,GIN,8418
2995945,134,85,1636,2013,9357.0,0.0,-0.6494260000000001,-0.035075999999999996,MAR,GIN,8418
2995946,153,85,1636,2013,2976.0,0.0,0.937641,0.747496,MYS,GIN,8418
2995947,162,85,1636,2013,248790.0,0.0,1.184107,1.249557,NLD,GIN,8418
2995948,163,85,1636,2013,3772.0,0.0,0.892099,0.18168399999999998,NOR,GIN,8418
2995949,179,85,1636,2013,124967.0,0.0,0.541454,2.5228610000000002,PRT,GIN,8418
2995950,186,85,1636,2013,2593.0,0.0,0.481166,-0.180052,RUS,GIN,8418
2995951,188,85,1636,2013,12584.0,0.0,0.626347,-0.844406,SAU,GIN,8418
2995952,191,85,1636,2013,4471.0,0.0,-0.523662,-0.309101,SEN,GIN,8418
2995953,192,85,1636,2013,113460.0,0.0,1.915504,0.619576,SGP,GIN,8418
2995954,208,85,1636,2013,86339.0,0.0,1.869421,0.228109,SWE,GIN,8418
2995955,216,85,1636,2013,148133.0,0.0,0.8752139999999999,1.3798620000000001,THA,GIN,8418
2995956,224,85,1636,2013,964071.0,0.0,0.42932299999999995,2.690235,TUR,GIN,8418
2995957,231,85,1636,2013,409629.0,0.0,1.6639689999999998,-0.48651300000000003,USA,GIN,8418
2995958,246,85,1636,2013,90064.0,0.0,0.380284,1.5682120000000002,ZAF,GIN,8418
2995959,43,88,1636,2013,296655.0,0.0,1.113767,1.477496,CHN,GNB,8418
2995960,61,88,1636,2013,17900.0,0.0,2.093658,-3.4281980000000005,DEU,GNB,8418
2995961,64,88,1636,2013,3275.0,0.0,1.161835,1.1788450000000001,DNK,GNB,8418
2995962,71,88,1636,2013,20323.0,0.0,0.861698,2.353993,ESP,GNB,8418
2995963,77,88,1636,2013,3689.0,0.0,1.520354,0.022874000000000002,FRA,GNB,8418
2995964,81,88,1636,2013,48298.0,0.0,1.7901259999999999,0.44164,GBR,GNB,8418
2995965,87,88,1636,2013,8148.0,0.0,-0.5571550000000001,-0.6860310000000001,GMB,GNB,8418
2995966,124,88,1636,2013,1810.0,0.0,0.283084,1.4289100000000001,LBN,GNB,8418
2995967,162,88,1636,2013,164588.0,0.0,1.184107,1.249557,NLD,GNB,8418
2995968,179,88,1636,2013,370054.0,0.0,0.541454,2.5228610000000002,PRT,GNB,8418
2995969,191,88,1636,2013,257319.0,0.0,-0.523662,-0.309101,SEN,GNB,8418
2995970,231,88,1636,2013,16382.0,0.0,1.6639689999999998,-0.48651300000000003,USA,GNB,8418
2995971,8,99,1636,2013,57798.0,0.0,0.20314300000000002,0.494062,ARG,HND,8418
2995972,15,99,1636,2013,13113.0,0.0,1.7209240000000001,-0.286892,AUT,HND,8418
2995973,32,99,1636,2013,428287.0,0.0,0.14765899999999998,0.399262,BRA,HND,8418
2995974,39,99,1636,2013,382922.0,0.0,0.719649,1.017046,CAN,HND,8418
2995975,43,99,1636,2013,5590666.0,0.0,1.113767,1.477496,CHN,HND,8418
2995976,49,99,1636,2013,746854.0,0.0,0.121799,-0.388239,COL,HND,8418
2995977,52,99,1636,2013,5947215.0,2038.0,0.067379,-0.688217,CRI,HND,8418
2995978,59,99,1636,2013,122078.0,0.0,1.819653,-0.12423800000000002,CZE,HND,8418
2995979,61,99,1636,2013,160869.0,0.0,2.093658,-3.4281980000000005,DEU,HND,8418
2995980,64,99,1636,2013,45936.0,0.0,1.161835,1.1788450000000001,DNK,HND,8418
2995981,65,99,1636,2013,38976.0,0.0,-0.277269,0.432388,DOM,HND,8418
2995982,67,99,1636,2013,541288.0,0.0,-0.86546,-0.8888389999999999,ECU,HND,8418
2995983,71,99,1636,2013,136732.0,0.0,0.861698,2.353993,ESP,HND,8418
2995984,81,99,1636,2013,96602.0,0.0,1.7901259999999999,0.44164,GBR,HND,8418
2995985,93,99,1636,2013,5896374.0,641179.0,-0.41466499999999995,0.774788,GTM,HND,8418
2995986,103,99,1636,2013,286651.0,0.0,-0.216854,1.415728,IDN,HND,8418
2995987,104,99,1636,2013,12986.0,0.0,0.215356,2.3916209999999998,IND,HND,8418
2995988,111,99,1636,2013,444183.0,0.0,1.289924,0.533436,ITA,HND,8418
2995989,138,99,1636,2013,15047841.0,0.0,1.048507,0.718932,MEX,HND,8418
2995990,169,99,1636,2013,410787.0,3902.0,0.735637,1.161718,PAN,HND,8418
2995991,197,99,1636,2013,169498.0,2590.0,-0.021029,0.381522,SLV,HND,8418
2995992,208,99,1636,2013,817958.0,0.0,1.869421,0.228109,SWE,HND,8418
2995993,216,99,1636,2013,15037.0,0.0,0.8752139999999999,1.3798620000000001,THA,HND,8418
2995994,231,99,1636,2013,8647378.0,0.0,1.6639689999999998,-0.48651300000000003,USA,HND,8418
2995995,249,99,1636,2013,218455.0,0.0,1.843186,0.9432379999999999,TWN,HND,8418
2995996,7,108,1636,2013,25576964.0,0.0,-0.074047,-0.585168,ARE,IRQ,8418
2995997,15,108,1636,2013,15506.0,0.0,1.7209240000000001,-0.286892,AUT,IRQ,8418
2995998,18,108,1636,2013,293908.0,0.0,1.316207,0.972601,BEL,IRQ,8418
2995999,24,108,1636,2013,57849.0,0.0,0.249681,-0.6204270000000001,BHR,IRQ,8418
2996000,32,108,1636,2013,1697.0,0.0,0.14765899999999998,0.399262,BRA,IRQ,8418
2996001,43,108,1636,2013,74812045.0,0.0,1.113767,1.477496,CHN,IRQ,8418
2996002,59,108,1636,2013,28710.0,0.0,1.819653,-0.12423800000000002,CZE,IRQ,8418
2996003,61,108,1636,2013,2964828.0,0.0,2.093658,-3.4281980000000005,DEU,IRQ,8418
2996004,64,108,1636,2013,468054.0,0.0,1.161835,1.1788450000000001,DNK,IRQ,8418
2996005,68,108,1636,2013,7719814.0,0.0,-0.17418,1.692641,EGY,IRQ,8418
2996006,71,108,1636,2013,143001.0,0.0,0.861698,2.353993,ESP,IRQ,8418
2996007,77,108,1636,2013,4176284.0,0.0,1.520354,0.022874000000000002,FRA,IRQ,8418
2996008,81,108,1636,2013,268656.0,0.0,1.7901259999999999,0.44164,GBR,IRQ,8418
2996009,102,108,1636,2013,2972.0,0.0,1.506101,0.7279220000000001,HUN,IRQ,8418
2996010,103,108,1636,2013,416884.0,0.0,-0.216854,1.415728,IDN,IRQ,8418
2996011,104,108,1636,2013,1518469.0,0.0,0.215356,2.3916209999999998,IND,IRQ,8418
2996012,106,108,1636,2013,34732.0,0.0,1.29988,0.240688,IRL,IRQ,8418
2996013,107,108,1636,2013,4687983.0,17689.0,-0.339172,-0.237114,IRN,IRQ,8418
2996014,111,108,1636,2013,2142132.0,16693.0,1.289924,0.533436,ITA,IRQ,8418
2996015,113,108,1636,2013,1283492.0,0.0,0.152659,0.5889979999999999,JOR,IRQ,8418
2996016,121,108,1636,2013,318067.0,0.0,1.818383,0.75645,KOR,IRQ,8418
2996017,122,108,1636,2013,1341023.0,0.0,-0.536384,-1.08382,KWT,IRQ,8418
2996018,124,108,1636,2013,23402685.0,0.0,0.283084,1.4289100000000001,LBN,IRQ,8418
2996019,128,108,1636,2013,1305973.0,0.0,-0.6521779999999999,0.41258599999999995,LKA,IRQ,8418
2996020,135,108,1636,2013,2433.0,0.0,-0.016235,0.132104,MDA,IRQ,8418
2996021,138,108,1636,2013,642074.0,0.0,1.048507,0.718932,MEX,IRQ,8418
2996022,162,108,1636,2013,379657.0,0.0,1.184107,1.249557,NLD,IRQ,8418
2996023,167,108,1636,2013,10403.0,0.0,-0.604175,-1.0463209999999998,OMN,IRQ,8418
2996024,177,108,1636,2013,15883.0,0.0,1.084332,1.216749,POL,IRQ,8418
2996025,179,108,1636,2013,2082.0,0.0,0.541454,2.5228610000000002,PRT,IRQ,8418
2996026,188,108,1636,2013,208534.0,0.0,0.626347,-0.844406,SAU,IRQ,8418
2996027,201,108,1636,2013,1373564.0,0.0,0.5717720000000001,1.174901,SRB,IRQ,8418
2996028,207,108,1636,2013,21452.0,0.0,1.698374,0.563082,SVN,IRQ,8418
2996029,208,108,1636,2013,125929.0,0.0,1.869421,0.228109,SWE,IRQ,8418
2996030,216,108,1636,2013,3231857.0,0.0,0.8752139999999999,1.3798620000000001,THA,IRQ,8418
2996031,224,108,1636,2013,107755319.0,0.0,0.42932299999999995,2.690235,TUR,IRQ,8418
2996032,231,108,1636,2013,3487840.0,0.0,1.6639689999999998,-0.48651300000000003,USA,IRQ,8418
2996033,249,108,1636,2013,7059.0,0.0,1.843186,0.9432379999999999,TWN,IRQ,8418
2996034,7,109,1636,2013,0.0,50584.0,-0.074047,-0.585168,ARE,ISL,8418
2996035,15,109,1636,2013,146589.0,0.0,1.7209240000000001,-0.286892,AUT,ISL,8418
2996036,18,109,1636,2013,42127.0,0.0,1.316207,0.972601,BEL,ISL,8418
2996037,28,109,1636,2013,0.0,2089.0,1.036923,0.864568,BLR,ISL,8418
2996038,39,109,1636,2013,1038.0,18188.0,0.719649,1.017046,CAN,ISL,8418
2996039,41,109,1636,2013,4794.0,0.0,2.2104470000000003,0.5403479999999999,CHE,ISL,8418
2996040,43,109,1636,2013,355673.0,749765.0,1.113767,1.477496,CHN,ISL,8418
2996041,44,109,1636,2013,0.0,1211.0,-0.923558,-0.866642,CIV,ISL,8418
2996042,59,109,1636,2013,275312.0,0.0,1.819653,-0.12423800000000002,CZE,ISL,8418
2996043,61,109,1636,2013,1010137.0,2356.0,2.093658,-3.4281980000000005,DEU,ISL,8418
2996044,64,109,1636,2013,2145751.0,484669.0,1.161835,1.1788450000000001,DNK,ISL,8418
2996045,67,109,1636,2013,0.0,3022.0,-0.86546,-0.8888389999999999,ECU,ISL,8418
2996046,71,109,1636,2013,172064.0,901.0,0.861698,2.353993,ESP,ISL,8418
2996047,74,109,1636,2013,110749.0,0.0,1.734552,0.8896940000000001,FIN,ISL,8418
2996048,77,109,1636,2013,28816.0,2195.0,1.520354,0.022874000000000002,FRA,ISL,8418
2996049,78,109,1636,2013,0.0,15126.0,-0.370701,-0.815466,FRO,ISL,8418
2996050,81,109,1636,2013,314721.0,5439.0,1.7901259999999999,0.44164,GBR,ISL,8418
2996051,92,109,1636,2013,0.0,1721.0,-0.801617,-0.8734120000000001,GRL,ISL,8418
2996052,97,109,1636,2013,2486.0,0.0,0.744383,1.923139,HKG,ISL,8418
2996053,100,109,1636,2013,17515.0,0.0,0.898284,1.038807,HRV,ISL,8418
2996054,102,109,1636,2013,298886.0,0.0,1.506101,0.7279220000000001,HUN,ISL,8418
2996055,106,109,1636,2013,53090.0,0.0,1.29988,0.240688,IRL,ISL,8418
2996056,111,109,1636,2013,1135786.0,0.0,1.289924,0.533436,ITA,ISL,8418
2996057,114,109,1636,2013,11960.0,0.0,2.3993130000000003,-0.564768,JPN,ISL,8418
2996058,116,109,1636,2013,0.0,1046.0,-0.448112,0.8672719999999999,KEN,ISL,8418
2996059,121,109,1636,2013,180687.0,5175.0,1.818383,0.75645,KOR,ISL,8418
2996060,130,109,1636,2013,58862.0,350759.0,0.737796,1.215543,LTU,ISL,8418
2996061,134,109,1636,2013,0.0,6805.0,-0.6494260000000001,-0.035075999999999996,MAR,ISL,8418
2996062,138,109,1636,2013,2103.0,0.0,1.048507,0.718932,MEX,ISL,8418
2996063,148,109,1636,2013,0.0,3701.0,-1.950532,-1.283104,MRT,ISL,8418
2996064,153,109,1636,2013,1424.0,0.0,0.937641,0.747496,MYS,ISL,8418
2996065,159,109,1636,2013,0.0,104860.0,-1.745783,-1.1356680000000001,NGA,ISL,8418
2996066,162,109,1636,2013,1219530.0,0.0,1.184107,1.249557,NLD,ISL,8418
2996067,163,109,1636,2013,41111.0,246034.0,0.892099,0.18168399999999998,NOR,ISL,8418
2996068,166,109,1636,2013,0.0,17158.0,0.3345,0.39063000000000003,NZL,ISL,8418
2996069,168,109,1636,2013,0.0,5113.0,-0.75727,0.769703,PAK,ISL,8418
2996070,177,109,1636,2013,173258.0,1161.0,1.084332,1.216749,POL,ISL,8418
2996071,179,109,1636,2013,6904.0,0.0,0.541454,2.5228610000000002,PRT,ISL,8418
2996072,185,109,1636,2013,48276.0,0.0,0.792035,1.225034,ROU,ISL,8418
2996073,186,109,1636,2013,928.0,0.0,0.481166,-0.180052,RUS,ISL,8418
2996074,192,109,1636,2013,605.0,180662.0,1.915504,0.619576,SGP,ISL,8418
2996075,201,109,1636,2013,21988.0,0.0,0.5717720000000001,1.174901,SRB,ISL,8418
2996076,206,109,1636,2013,0.0,384.0,1.32064,0.7519819999999999,SVK,ISL,8418
2996077,207,109,1636,2013,40437.0,0.0,1.698374,0.563082,SVN,ISL,8418
2996078,208,109,1636,2013,2155917.0,13918.0,1.869421,0.228109,SWE,ISL,8418
2996079,216,109,1636,2013,6243.0,0.0,0.8752139999999999,1.3798620000000001,THA,ISL,8418
2996080,224,109,1636,2013,288021.0,184896.0,0.42932299999999995,2.690235,TUR,ISL,8418
2996081,231,109,1636,2013,542056.0,74095.0,1.6639689999999998,-0.48651300000000003,USA,ISL,8418
2996082,25,120,1636,2013,18653.0,0.0,0.756732,-0.369842,BHS,KNA,8418
2996083,39,120,1636,2013,21099.0,0.0,0.719649,1.017046,CAN,KNA,8418
2996084,43,120,1636,2013,1175.0,0.0,1.113767,1.477496,CHN,KNA,8418
2996085,64,120,1636,2013,1823.0,0.0,1.161835,1.1788450000000001,DNK,KNA,8418
2996086,79,120,1636,2013,19337.0,0.0,-0.234314,-0.8260700000000001,FSM,KNA,8418
2996087,81,120,1636,2013,839.0,0.0,1.7901259999999999,0.44164,GBR,KNA,8418
2996088,91,120,1636,2013,9746.0,0.0,0.073206,-0.567926,GRD,KNA,8418
2996089,111,120,1636,2013,1518.0,0.0,1.289924,0.533436,ITA,KNA,8418
2996090,112,120,1636,2013,1499.0,0.0,-0.541441,-0.8448559999999999,JAM,KNA,8418
2996091,138,120,1636,2013,37885.0,0.0,1.048507,0.718932,MEX,KNA,8418
2996092,169,120,1636,2013,11280.0,0.0,0.735637,1.161718,PAN,KNA,8418
2996093,210,120,1636,2013,25234.0,2160.0,0.5512090000000001,-0.22818400000000003,SXM,KNA,8418
2996094,222,120,1636,2013,27107.0,0.0,-0.280641,-1.083332,TTO,KNA,8418
2996095,231,120,1636,2013,2499919.0,0.0,1.6639689999999998,-0.48651300000000003,USA,KNA,8418
2996096,7,125,1636,2013,36572.0,0.0,-0.074047,-0.585168,ARE,LBR,8418
2996097,15,125,1636,2013,1103.0,0.0,1.7209240000000001,-0.286892,AUT,LBR,8418
2996098,22,125,1636,2013,0.0,1756.0,-1.101916,-0.734646,BGD,LBR,8418
2996099,24,125,1636,2013,43861.0,0.0,0.249681,-0.6204270000000001,BHR,LBR,8418
2996100,41,125,1636,2013,13705.0,0.0,2.2104470000000003,0.5403479999999999,CHE,LBR,8418
2996101,43,125,1636,2013,1065316.0,0.0,1.113767,1.477496,CHN,LBR,8418
2996102,61,125,1636,2013,8303.0,0.0,2.093658,-3.4281980000000005,DEU,LBR,8418
2996103,64,125,1636,2013,20387.0,0.0,1.161835,1.1788450000000001,DNK,LBR,8418
2996104,74,125,1636,2013,17118.0,0.0,1.734552,0.8896940000000001,FIN,LBR,8418
2996105,77,125,1636,2013,186199.0,0.0,1.520354,0.022874000000000002,FRA,LBR,8418
2996106,81,125,1636,2013,9528.0,0.0,1.7901259999999999,0.44164,GBR,LBR,8418
2996107,83,125,1636,2013,47124.0,0.0,-0.7316010000000001,-0.5327689999999999,GHA,LBR,8418
2996108,103,125,1636,2013,143454.0,0.0,-0.216854,1.415728,IDN,LBR,8418
2996109,104,125,1636,2013,82627.0,0.0,0.215356,2.3916209999999998,IND,LBR,8418
2996110,111,125,1636,2013,76548.0,0.0,1.289924,0.533436,ITA,LBR,8418
2996111,122,125,1636,2013,8762.0,0.0,-0.536384,-1.08382,KWT,LBR,8418
2996112,124,125,1636,2013,163470.0,0.0,0.283084,1.4289100000000001,LBN,LBR,8418
2996113,162,125,1636,2013,18343.0,1956.0,1.184107,1.249557,NLD,LBR,8418
2996114,163,125,1636,2013,1790.0,0.0,0.892099,0.18168399999999998,NOR,LBR,8418
2996115,179,125,1636,2013,19883.0,0.0,0.541454,2.5228610000000002,PRT,LBR,8418
2996116,185,125,1636,2013,25626.0,0.0,0.792035,1.225034,ROU,LBR,8418
2996117,191,125,1636,2013,2020.0,0.0,-0.523662,-0.309101,SEN,LBR,8418
2996118,208,125,1636,2013,4460.0,0.0,1.869421,0.228109,SWE,LBR,8418
2996119,216,125,1636,2013,115130.0,0.0,0.8752139999999999,1.3798620000000001,THA,LBR,8418
2996120,224,125,1636,2013,141529.0,0.0,0.42932299999999995,2.690235,TUR,LBR,8418
2996121,231,125,1636,2013,38972.0,0.0,1.6639689999999998,-0.48651300000000003,USA,LBR,8418
2996122,246,125,1636,2013,25921.0,0.0,0.380284,1.5682120000000002,ZAF,LBR,8418
2996123,14,133,1636,2013,0.0,10714.0,-0.31145700000000004,-0.167628,AUS,MAC,8418
2996124,18,133,1636,2013,0.0,21512.0,1.316207,0.972601,BEL,MAC,8418
2996125,32,133,1636,2013,0.0,28809.0,0.14765899999999998,0.399262,BRA,MAC,8418
2996126,41,133,1636,2013,5570.0,0.0,2.2104470000000003,0.5403479999999999,CHE,MAC,8418
2996127,43,133,1636,2013,10436905.0,0.0,1.113767,1.477496,CHN,MAC,8418
2996128,61,133,1636,2013,25238.0,0.0,2.093658,-3.4281980000000005,DEU,MAC,8418
2996129,64,133,1636,2013,11176.0,0.0,1.161835,1.1788450000000001,DNK,MAC,8418
2996130,77,133,1636,2013,73927.0,23350.0,1.520354,0.022874000000000002,FRA,MAC,8418
2996131,97,133,1636,2013,11375786.0,165354.0,0.744383,1.923139,HKG,MAC,8418
2996132,111,133,1636,2013,29113.0,0.0,1.289924,0.533436,ITA,MAC,8418
2996133,114,133,1636,2013,29326.0,0.0,2.3993130000000003,-0.564768,JPN,MAC,8418
2996134,138,133,1636,2013,107060.0,0.0,1.048507,0.718932,MEX,MAC,8418
2996135,179,133,1636,2013,3554.0,0.0,0.541454,2.5228610000000002,PRT,MAC,8418
2996136,190,133,1636,2013,0.0,2095.0,-1.254944,-1.073564,SDN,MAC,8418
2996137,231,133,1636,2013,118686.0,0.0,1.6639689999999998,-0.48651300000000003,USA,MAC,8418
2996138,249,133,1636,2013,57337.0,0.0,1.843186,0.9432379999999999,TWN,MAC,8418
2996139,7,134,1636,2013,184892.0,0.0,-0.074047,-0.585168,ARE,MAR,8418
2996140,14,134,1636,2013,2123338.0,0.0,-0.31145700000000004,-0.167628,AUS,MAR,8418
2996141,15,134,1636,2013,241834.0,21265.0,1.7209240000000001,-0.286892,AUT,MAR,8418
2996142,18,134,1636,2013,621922.0,11812.0,1.316207,0.972601,BEL,MAR,8418
2996143,21,134,1636,2013,0.0,208051.0,-0.9110360000000001,-0.852492,BFA,MAR,8418
2996144,23,134,1636,2013,39186.0,0.0,0.5026109999999999,1.674296,BGR,MAR,8418
2996145,32,134,1636,2013,20914.0,0.0,0.14765899999999998,0.399262,BRA,MAR,8418
2996146,39,134,1636,2013,1370.0,0.0,0.719649,1.017046,CAN,MAR,8418
2996147,41,134,1636,2013,55510.0,0.0,2.2104470000000003,0.5403479999999999,CHE,MAR,8418
2996148,43,134,1636,2013,17720199.0,0.0,1.113767,1.477496,CHN,MAR,8418
2996149,44,134,1636,2013,0.0,30853.0,-0.923558,-0.866642,CIV,MAR,8418
2996150,45,134,1636,2013,0.0,9510.0,-0.901531,-1.027111,CMR,MAR,8418
2996151,47,134,1636,2013,0.0,19718.0,-1.215681,-1.08679,COG,MAR,8418
2996152,59,134,1636,2013,1617804.0,0.0,1.819653,-0.12423800000000002,CZE,MAR,8418
2996153,61,134,1636,2013,2387300.0,0.0,2.093658,-3.4281980000000005,DEU,MAR,8418
2996154,64,134,1636,2013,447150.0,0.0,1.161835,1.1788450000000001,DNK,MAR,8418
2996155,66,134,1636,2013,0.0,404320.0,-1.373947,-1.1523459999999999,DZA,MAR,8418
2996156,68,134,1636,2013,3599798.0,0.0,-0.17418,1.692641,EGY,MAR,8418
2996157,71,134,1636,2013,16954785.0,0.0,0.861698,2.353993,ESP,MAR,8418
2996158,72,134,1636,2013,1414.0,0.0,0.8828940000000001,1.386574,EST,MAR,8418
2996159,77,134,1636,2013,22034608.0,180475.0,1.520354,0.022874000000000002,FRA,MAR,8418
2996160,81,134,1636,2013,460261.0,0.0,1.7901259999999999,0.44164,GBR,MAR,8418
2996161,85,134,1636,2013,0.0,9357.0,-1.1287459999999998,-1.069735,GIN,MAR,8418
2996162,89,134,1636,2013,0.0,93367.0,-1.521575,-0.814708,GNQ,MAR,8418
2996163,90,134,1636,2013,1271426.0,0.0,0.18823800000000002,0.910906,GRC,MAR,8418
2996164,97,134,1636,2013,1989.0,0.0,0.744383,1.923139,HKG,MAR,8418
2996165,102,134,1636,2013,273443.0,0.0,1.506101,0.7279220000000001,HUN,MAR,8418
2996166,103,134,1636,2013,4562809.0,0.0,-0.216854,1.415728,IDN,MAR,8418
2996167,104,134,1636,2013,3286614.0,0.0,0.215356,2.3916209999999998,IND,MAR,8418
2996168,106,134,1636,2013,135423.0,0.0,1.29988,0.240688,IRL,MAR,8418
2996169,109,134,1636,2013,6805.0,0.0,0.259374,-0.20413299999999998,ISL,MAR,8418
2996170,111,134,1636,2013,23887238.0,4962.0,1.289924,0.533436,ITA,MAR,8418
2996171,114,134,1636,2013,50199.0,0.0,2.3993130000000003,-0.564768,JPN,MAR,8418
2996172,121,134,1636,2013,2131581.0,0.0,1.818383,0.75645,KOR,MAR,8418
2996173,126,134,1636,2013,0.0,609516.0,-1.6241459999999999,-1.1817950000000002,LBY,MAR,8418
2996174,128,134,1636,2013,13207.0,0.0,-0.6521779999999999,0.41258599999999995,LKA,MAR,8418
2996175,130,134,1636,2013,43668.0,0.0,0.737796,1.215543,LTU,MAR,8418
2996176,131,134,1636,2013,10296.0,0.0,1.170459,1.150327,LUX,MAR,8418
2996177,136,134,1636,2013,0.0,25693.0,-1.068565,-0.364254,MDG,MAR,8418
2996178,138,134,1636,2013,41354.0,0.0,1.048507,0.718932,MEX,MAR,8418
2996179,148,134,1636,2013,0.0,312882.0,-1.950532,-1.283104,MRT,MAR,8418
2996180,153,134,1636,2013,21637.0,0.0,0.937641,0.747496,MYS,MAR,8418
2996181,157,134,1636,2013,0.0,4628.0,-1.268738,-0.942256,NER,MAR,8418
2996182,162,134,1636,2013,1601146.0,0.0,1.184107,1.249557,NLD,MAR,8418
2996183,163,134,1636,2013,300441.0,0.0,0.892099,0.18168399999999998,NOR,MAR,8418
2996184,174,134,1636,2013,20257.0,0.0,0.507868,0.355403,PHL,MAR,8418
2996185,177,134,1636,2013,5203331.0,0.0,1.084332,1.216749,POL,MAR,8418
2996186,179,134,1636,2013,3122979.0,0.0,0.541454,2.5228610000000002,PRT,MAR,8418
2996187,183,134,1636,2013,0.0,3193.0,-0.083649,-1.013491,QAT,MAR,8418
2996188,185,134,1636,2013,3547215.0,0.0,0.792035,1.225034,ROU,MAR,8418
2996189,188,134,1636,2013,2388.0,0.0,0.626347,-0.844406,SAU,MAR,8418
2996190,191,134,1636,2013,0.0,1738.0,-0.523662,-0.309101,SEN,MAR,8418
2996191,192,134,1636,2013,72809.0,0.0,1.915504,0.619576,SGP,MAR,8418
2996192,206,134,1636,2013,86350.0,0.0,1.32064,0.7519819999999999,SVK,MAR,8418
2996193,207,134,1636,2013,90664.0,0.0,1.698374,0.563082,SVN,MAR,8418
2996194,208,134,1636,2013,1126519.0,0.0,1.869421,0.228109,SWE,MAR,8418
2996195,212,134,1636,2013,2213.0,0.0,-0.14343399999999998,1.077256,SYR,MAR,8418
2996196,216,134,1636,2013,15806131.0,0.0,0.8752139999999999,1.3798620000000001,THA,MAR,8418
2996197,223,134,1636,2013,296143.0,119351.0,0.185528,1.0070700000000001,TUN,MAR,8418
2996198,224,134,1636,2013,31763698.0,0.0,0.42932299999999995,2.690235,TUR,MAR,8418
2996199,231,134,1636,2013,485969.0,0.0,1.6639689999999998,-0.48651300000000003,USA,MAR,8418
2996200,246,134,1636,2013,81143.0,4008.0,0.380284,1.5682120000000002,ZAF,MAR,8418
2996201,249,134,1636,2013,12620.0,0.0,1.843186,0.9432379999999999,TWN,MAR,8418
2996202,7,136,1636,2013,47228.0,0.0,-0.074047,-0.585168,ARE,MDG,8418
2996203,18,136,1636,2013,21657.0,0.0,1.316207,0.972601,BEL,MDG,8418
2996204,41,136,1636,2013,7703.0,0.0,2.2104470000000003,0.5403479999999999,CHE,MDG,8418
2996205,43,136,1636,2013,2438379.0,0.0,1.113767,1.477496,CHN,MDG,8418
2996206,50,136,1636,2013,0.0,5681.0,-0.326422,-0.6956640000000001,COM,MDG,8418
2996207,61,136,1636,2013,152473.0,0.0,2.093658,-3.4281980000000005,DEU,MDG,8418
2996208,64,136,1636,2013,33625.0,0.0,1.161835,1.1788450000000001,DNK,MDG,8418
2996209,71,136,1636,2013,147060.0,0.0,0.861698,2.353993,ESP,MDG,8418
2996210,74,136,1636,2013,219444.0,0.0,1.734552,0.8896940000000001,FIN,MDG,8418
2996211,77,136,1636,2013,716600.0,1950.0,1.520354,0.022874000000000002,FRA,MDG,8418
2996212,81,136,1636,2013,84130.0,0.0,1.7901259999999999,0.44164,GBR,MDG,8418
2996213,103,136,1636,2013,90828.0,0.0,-0.216854,1.415728,IDN,MDG,8418
2996214,104,136,1636,2013,401231.0,0.0,0.215356,2.3916209999999998,IND,MDG,8418
2996215,111,136,1636,2013,245015.0,0.0,1.289924,0.533436,ITA,MDG,8418
2996216,114,136,1636,2013,4160.0,0.0,2.3993130000000003,-0.564768,JPN,MDG,8418
2996217,121,136,1636,2013,4639.0,0.0,1.818383,0.75645,KOR,MDG,8418
2996218,131,136,1636,2013,62089.0,0.0,1.170459,1.150327,LUX,MDG,8418
2996219,134,136,1636,2013,25693.0,0.0,-0.6494260000000001,-0.035075999999999996,MAR,MDG,8418
2996220,151,136,1636,2013,459967.0,0.0,-0.158852,0.0061600000000000005,MUS,MDG,8418
2996221,153,136,1636,2013,7008.0,0.0,0.937641,0.747496,MYS,MDG,8418
2996222,179,136,1636,2013,118147.0,0.0,0.541454,2.5228610000000002,PRT,MDG,8418
2996223,192,136,1636,2013,511360.0,0.0,1.915504,0.619576,SGP,MDG,8418
2996224,216,136,1636,2013,151396.0,0.0,0.8752139999999999,1.3798620000000001,THA,MDG,8418
2996225,224,136,1636,2013,36122.0,0.0,0.42932299999999995,2.690235,TUR,MDG,8418
2996226,231,136,1636,2013,42752.0,0.0,1.6639689999999998,-0.48651300000000003,USA,MDG,8418
2996227,239,136,1636,2013,11745.0,0.0,-0.11426900000000001,1.399738,VNM,MDG,8418
2996228,246,136,1636,2013,73861.0,0.0,0.380284,1.5682120000000002,ZAF,MDG,8418
2996229,250,136,1636,2013,610911.0,36855.0,0.628555,0.277602,ANS,MDG,8418
2996230,2,142,1636,2013,0.0,6490.0,-1.172043,-1.133735,AGO,MLT,8418
2996231,7,142,1636,2013,81716.0,0.0,-0.074047,-0.585168,ARE,MLT,8418
2996232,8,142,1636,2013,0.0,8050.0,0.20314300000000002,0.494062,ARG,MLT,8418
2996233,14,142,1636,2013,327.0,0.0,-0.31145700000000004,-0.167628,AUS,MLT,8418
2996234,15,142,1636,2013,181709.0,1643.0,1.7209240000000001,-0.286892,AUT,MLT,8418
2996235,18,142,1636,2013,139285.0,47423.0,1.316207,0.972601,BEL,MLT,8418
2996236,23,142,1636,2013,292392.0,0.0,0.5026109999999999,1.674296,BGR,MLT,8418
2996237,26,142,1636,2013,40352.0,1459.0,0.46743199999999996,0.7340800000000001,BIH,MLT,8418
2996238,32,142,1636,2013,0.0,18610.0,0.14765899999999998,0.399262,BRA,MLT,8418
2996239,39,142,1636,2013,8524.0,0.0,0.719649,1.017046,CAN,MLT,8418
2996240,41,142,1636,2013,29610.0,68835.0,2.2104470000000003,0.5403479999999999,CHE,MLT,8418
2996241,43,142,1636,2013,1054057.0,160225.0,1.113767,1.477496,CHN,MLT,8418
2996242,49,142,1636,2013,0.0,2717.0,0.121799,-0.388239,COL,MLT,8418
2996243,59,142,1636,2013,128088.0,10177.0,1.819653,-0.12423800000000002,CZE,MLT,8418
2996244,61,142,1636,2013,1119649.0,2811043.0,2.093658,-3.4281980000000005,DEU,MLT,8418
2996245,64,142,1636,2013,63248.0,0.0,1.161835,1.1788450000000001,DNK,MLT,8418
2996246,66,142,1636,2013,0.0,2808.0,-1.373947,-1.1523459999999999,DZA,MLT,8418
2996247,71,142,1636,2013,1447331.0,15351.0,0.861698,2.353993,ESP,MLT,8418
2996248,77,142,1636,2013,1048337.0,0.0,1.520354,0.022874000000000002,FRA,MLT,8418
2996249,81,142,1636,2013,154622.0,0.0,1.7901259999999999,0.44164,GBR,MLT,8418
2996250,90,142,1636,2013,312837.0,0.0,0.18823800000000002,0.910906,GRC,MLT,8418
2996251,97,142,1636,2013,13143.0,0.0,0.744383,1.923139,HKG,MLT,8418
2996252,102,142,1636,2013,199097.0,14517.0,1.506101,0.7279220000000001,HUN,MLT,8418
2996253,104,142,1636,2013,0.0,9255.0,0.215356,2.3916209999999998,IND,MLT,8418
2996254,110,142,1636,2013,14682.0,0.0,1.197241,0.633828,ISR,MLT,8418
2996255,111,142,1636,2013,10518358.0,318101.0,1.289924,0.533436,ITA,MLT,8418
2996256,113,142,1636,2013,0.0,3194.0,0.152659,0.5889979999999999,JOR,MLT,8418
2996257,121,142,1636,2013,125830.0,0.0,1.818383,0.75645,KOR,MLT,8418
2996258,126,142,1636,2013,0.0,5170.0,-1.6241459999999999,-1.1817950000000002,LBY,MLT,8418
2996259,128,142,1636,2013,21230.0,0.0,-0.6521779999999999,0.41258599999999995,LKA,MLT,8418
2996260,131,142,1636,2013,7106.0,0.0,1.170459,1.150327,LUX,MLT,8418
2996261,137,142,1636,2013,0.0,530.0,-0.21889699999999998,-0.776392,MDV,MLT,8418
2996262,138,142,1636,2013,0.0,3107.0,1.048507,0.718932,MEX,MLT,8418
2996263,162,142,1636,2013,168253.0,7495.0,1.184107,1.249557,NLD,MLT,8418
2996264,177,142,1636,2013,166766.0,0.0,1.084332,1.216749,POL,MLT,8418
2996265,179,142,1636,2013,236890.0,0.0,0.541454,2.5228610000000002,PRT,MLT,8418
2996266,181,142,1636,2013,0.0,1885.0,0.072979,0.7099260000000001,PSE,MLT,8418
2996267,185,142,1636,2013,416861.0,1099.0,0.792035,1.225034,ROU,MLT,8418
2996268,186,142,1636,2013,0.0,16140.0,0.481166,-0.180052,RUS,MLT,8418
2996269,206,142,1636,2013,1236.0,79860.0,1.32064,0.7519819999999999,SVK,MLT,8418
2996270,207,142,1636,2013,70628.0,0.0,1.698374,0.563082,SVN,MLT,8418
2996271,208,142,1636,2013,26683.0,0.0,1.869421,0.228109,SWE,MLT,8418
2996272,216,142,1636,2013,22880.0,1797.0,0.8752139999999999,1.3798620000000001,THA,MLT,8418
2996273,223,142,1636,2013,0.0,18800.0,0.185528,1.0070700000000001,TUN,MLT,8418
2996274,224,142,1636,2013,2082404.0,24021.0,0.42932299999999995,2.690235,TUR,MLT,8418
2996275,231,142,1636,2013,20625.0,0.0,1.6639689999999998,-0.48651300000000003,USA,MLT,8418
2996276,239,142,1636,2013,0.0,1106.0,-0.11426900000000001,1.399738,VNM,MLT,8418
2996277,246,142,1636,2013,0.0,6475.0,0.380284,1.5682120000000002,ZAF,MLT,8418
2996278,249,142,1636,2013,7103.0,0.0,1.843186,0.9432379999999999,TWN,MLT,8418
2996279,250,142,1636,2013,11938.0,0.0,0.628555,0.277602,ANS,MLT,8418
2996280,14,143,1636,2013,81210.0,0.0,-0.31145700000000004,-0.167628,AUS,MMR,8418
2996281,41,143,1636,2013,9774.0,0.0,2.2104470000000003,0.5403479999999999,CHE,MMR,8418
2996282,43,143,1636,2013,25828092.0,0.0,1.113767,1.477496,CHN,MMR,8418
2996283,59,143,1636,2013,4009.0,0.0,1.819653,-0.12423800000000002,CZE,MMR,8418
2996284,61,143,1636,2013,48290.0,0.0,2.093658,-3.4281980000000005,DEU,MMR,8418
2996285,64,143,1636,2013,80067.0,0.0,1.161835,1.1788450000000001,DNK,MMR,8418
2996286,71,143,1636,2013,1561.0,0.0,0.861698,2.353993,ESP,MMR,8418
2996287,81,143,1636,2013,177677.0,0.0,1.7901259999999999,0.44164,GBR,MMR,8418
2996288,97,143,1636,2013,24642.0,0.0,0.744383,1.923139,HKG,MMR,8418
2996289,103,143,1636,2013,1885919.0,0.0,-0.216854,1.415728,IDN,MMR,8418
2996290,104,143,1636,2013,737631.0,0.0,0.215356,2.3916209999999998,IND,MMR,8418
2996291,111,143,1636,2013,404845.0,0.0,1.289924,0.533436,ITA,MMR,8418
2996292,114,143,1636,2013,146544.0,0.0,2.3993130000000003,-0.564768,JPN,MMR,8418
2996293,121,143,1636,2013,472613.0,0.0,1.818383,0.75645,KOR,MMR,8418
2996294,128,143,1636,2013,246468.0,0.0,-0.6521779999999999,0.41258599999999995,LKA,MMR,8418
2996295,131,143,1636,2013,10155.0,0.0,1.170459,1.150327,LUX,MMR,8418
2996296,138,143,1636,2013,9417.0,0.0,1.048507,0.718932,MEX,MMR,8418
2996297,153,143,1636,2013,768248.0,0.0,0.937641,0.747496,MYS,MMR,8418
2996298,162,143,1636,2013,96842.0,0.0,1.184107,1.249557,NLD,MMR,8418
2996299,192,143,1636,2013,6406284.0,5979.0,1.915504,0.619576,SGP,MMR,8418
2996300,216,143,1636,2013,23619238.0,0.0,0.8752139999999999,1.3798620000000001,THA,MMR,8418
2996301,224,143,1636,2013,11619.0,0.0,0.42932299999999995,2.690235,TUR,MMR,8418
2996302,231,143,1636,2013,114082.0,0.0,1.6639689999999998,-0.48651300000000003,USA,MMR,8418
2996303,239,143,1636,2013,232859.0,0.0,-0.11426900000000001,1.399738,VNM,MMR,8418
2996304,249,143,1636,2013,203544.0,0.0,1.843186,0.9432379999999999,TWN,MMR,8418
2996305,7,145,1636,2013,62239.0,0.0,-0.074047,-0.585168,ARE,MNG,8418
2996306,14,145,1636,2013,10272.0,0.0,-0.31145700000000004,-0.167628,AUS,MNG,8418
2996307,15,145,1636,2013,5032.0,0.0,1.7209240000000001,-0.286892,AUT,MNG,8418
2996308,28,145,1636,2013,143640.0,0.0,1.036923,0.864568,BLR,MNG,8418
2996309,39,145,1636,2013,7272.0,0.0,0.719649,1.017046,CAN,MNG,8418
2996310,43,145,1636,2013,16539122.0,0.0,1.113767,1.477496,CHN,MNG,8418
2996311,61,145,1636,2013,1538269.0,0.0,2.093658,-3.4281980000000005,DEU,MNG,8418
2996312,64,145,1636,2013,82513.0,0.0,1.161835,1.1788450000000001,DNK,MNG,8418
2996313,68,145,1636,2013,30685.0,0.0,-0.17418,1.692641,EGY,MNG,8418
2996314,71,145,1636,2013,19352.0,0.0,0.861698,2.353993,ESP,MNG,8418
2996315,81,145,1636,2013,3430.0,0.0,1.7901259999999999,0.44164,GBR,MNG,8418
2996316,97,145,1636,2013,261237.0,0.0,0.744383,1.923139,HKG,MNG,8418
2996317,102,145,1636,2013,64144.0,0.0,1.506101,0.7279220000000001,HUN,MNG,8418
2996318,103,145,1636,2013,70090.0,0.0,-0.216854,1.415728,IDN,MNG,8418
2996319,104,145,1636,2013,2178.0,0.0,0.215356,2.3916209999999998,IND,MNG,8418
2996320,111,145,1636,2013,262090.0,0.0,1.289924,0.533436,ITA,MNG,8418
2996321,114,145,1636,2013,168116.0,0.0,2.3993130000000003,-0.564768,JPN,MNG,8418
2996322,115,145,1636,2013,36784.0,0.0,-0.680678,-0.83347,KAZ,MNG,8418
2996323,121,145,1636,2013,3810087.0,1175.0,1.818383,0.75645,KOR,MNG,8418
2996324,138,145,1636,2013,3182.0,0.0,1.048507,0.718932,MEX,MNG,8418
2996325,153,145,1636,2013,98811.0,0.0,0.937641,0.747496,MYS,MNG,8418
2996326,162,145,1636,2013,345342.0,0.0,1.184107,1.249557,NLD,MNG,8418
2996327,177,145,1636,2013,337863.0,0.0,1.084332,1.216749,POL,MNG,8418
2996328,178,145,1636,2013,0.0,8553.0,-0.414538,-0.22449299999999997,PRK,MNG,8418
2996329,185,145,1636,2013,1027.0,0.0,0.792035,1.225034,ROU,MNG,8418
2996330,186,145,1636,2013,222477.0,0.0,0.481166,-0.180052,RUS,MNG,8418
2996331,192,145,1636,2013,492503.0,0.0,1.915504,0.619576,SGP,MNG,8418
2996332,201,145,1636,2013,5431.0,0.0,0.5717720000000001,1.174901,SRB,MNG,8418
2996333,207,145,1636,2013,62942.0,0.0,1.698374,0.563082,SVN,MNG,8418
2996334,208,145,1636,2013,2677.0,0.0,1.869421,0.228109,SWE,MNG,8418
2996335,216,145,1636,2013,707629.0,0.0,0.8752139999999999,1.3798620000000001,THA,MNG,8418
2996336,224,145,1636,2013,327582.0,0.0,0.42932299999999995,2.690235,TUR,MNG,8418
2996337,228,145,1636,2013,438132.0,0.0,0.657729,0.9063200000000001,UKR,MNG,8418
2996338,231,145,1636,2013,326958.0,0.0,1.6639689999999998,-0.48651300000000003,USA,MNG,8418
2996339,239,145,1636,2013,112136.0,0.0,-0.11426900000000001,1.399738,VNM,MNG,8418
2996340,249,145,1636,2013,52832.0,0.0,1.843186,0.9432379999999999,TWN,MNG,8418
2996341,7,151,1636,2013,49981.0,0.0,-0.074047,-0.585168,ARE,MUS,8418
2996342,8,151,1636,2013,11637.0,0.0,0.20314300000000002,0.494062,ARG,MUS,8418
2996343,14,151,1636,2013,68799.0,0.0,-0.31145700000000004,-0.167628,AUS,MUS,8418
2996344,15,151,1636,2013,16701.0,0.0,1.7209240000000001,-0.286892,AUT,MUS,8418
2996345,18,151,1636,2013,966770.0,0.0,1.316207,0.972601,BEL,MUS,8418
2996346,37,151,1636,2013,0.0,127495.0,-0.46761499999999995,-1.0842040000000002,BWA,MUS,8418
2996347,41,151,1636,2013,2829.0,0.0,2.2104470000000003,0.5403479999999999,CHE,MUS,8418
2996348,43,151,1636,2013,4080313.0,0.0,1.113767,1.477496,CHN,MUS,8418
2996349,50,151,1636,2013,0.0,9495.0,-0.326422,-0.6956640000000001,COM,MUS,8418
2996350,59,151,1636,2013,14047.0,0.0,1.819653,-0.12423800000000002,CZE,MUS,8418
2996351,61,151,1636,2013,343507.0,0.0,2.093658,-3.4281980000000005,DEU,MUS,8418
2996352,64,151,1636,2013,59806.0,0.0,1.161835,1.1788450000000001,DNK,MUS,8418
2996353,71,151,1636,2013,701534.0,0.0,0.861698,2.353993,ESP,MUS,8418
2996354,77,151,1636,2013,2444119.0,181821.0,1.520354,0.022874000000000002,FRA,MUS,8418
2996355,81,151,1636,2013,165497.0,0.0,1.7901259999999999,0.44164,GBR,MUS,8418
2996356,90,151,1636,2013,3925.0,0.0,0.18823800000000002,0.910906,GRC,MUS,8418
2996357,97,151,1636,2013,36703.0,0.0,0.744383,1.923139,HKG,MUS,8418
2996358,102,151,1636,2013,11363.0,0.0,1.506101,0.7279220000000001,HUN,MUS,8418
2996359,103,151,1636,2013,138634.0,0.0,-0.216854,1.415728,IDN,MUS,8418
2996360,104,151,1636,2013,1417911.0,0.0,0.215356,2.3916209999999998,IND,MUS,8418
2996361,106,151,1636,2013,67529.0,0.0,1.29988,0.240688,IRL,MUS,8418
2996362,110,151,1636,2013,3676.0,0.0,1.197241,0.633828,ISR,MUS,8418
2996363,111,151,1636,2013,1454984.0,0.0,1.289924,0.533436,ITA,MUS,8418
2996364,114,151,1636,2013,4038.0,0.0,2.3993130000000003,-0.564768,JPN,MUS,8418
2996365,116,151,1636,2013,0.0,1105.0,-0.448112,0.8672719999999999,KEN,MUS,8418
2996366,121,151,1636,2013,1429282.0,947.0,1.818383,0.75645,KOR,MUS,8418
2996367,136,151,1636,2013,0.0,459967.0,-1.068565,-0.364254,MDG,MUS,8418
2996368,138,151,1636,2013,28551.0,0.0,1.048507,0.718932,MEX,MUS,8418
2996369,147,151,1636,2013,0.0,73451.0,-1.326323,-1.050969,MOZ,MUS,8418
2996370,152,151,1636,2013,0.0,15868.0,-0.8992120000000001,-0.862175,MWI,MUS,8418
2996371,153,151,1636,2013,111450.0,0.0,0.937641,0.747496,MYS,MUS,8418
2996372,154,151,1636,2013,0.0,6032.0,0.9851690000000001,-0.504069,MYT,MUS,8418
2996373,162,151,1636,2013,41245.0,0.0,1.184107,1.249557,NLD,MUS,8418
2996374,163,151,1636,2013,37743.0,0.0,0.892099,0.18168399999999998,NOR,MUS,8418
2996375,166,151,1636,2013,39444.0,0.0,0.3345,0.39063000000000003,NZL,MUS,8418
2996376,167,151,1636,2013,17247.0,0.0,-0.604175,-1.0463209999999998,OMN,MUS,8418
2996377,174,151,1636,2013,15232.0,0.0,0.507868,0.355403,PHL,MUS,8418
2996378,177,151,1636,2013,812596.0,0.0,1.084332,1.216749,POL,MUS,8418
2996379,179,151,1636,2013,12452.0,0.0,0.541454,2.5228610000000002,PRT,MUS,8418
2996380,185,151,1636,2013,9110.0,0.0,0.792035,1.225034,ROU,MUS,8418
2996381,187,151,1636,2013,0.0,12789.0,-0.490519,-0.48427700000000007,RWA,MUS,8418
2996382,192,151,1636,2013,470735.0,0.0,1.915504,0.619576,SGP,MUS,8418
2996383,208,151,1636,2013,2083.0,0.0,1.869421,0.228109,SWE,MUS,8418
2996384,211,151,1636,2013,0.0,47862.0,0.270999,-0.474095,SYC,MUS,8418
2996385,216,151,1636,2013,1569550.0,0.0,0.8752139999999999,1.3798620000000001,THA,MUS,8418
2996386,224,151,1636,2013,261701.0,0.0,0.42932299999999995,2.690235,TUR,MUS,8418
2996387,227,151,1636,2013,0.0,17455.0,-0.5462279999999999,0.200682,UGA,MUS,8418
2996388,231,151,1636,2013,163218.0,0.0,1.6639689999999998,-0.48651300000000003,USA,MUS,8418
2996389,239,151,1636,2013,16697.0,0.0,-0.11426900000000001,1.399738,VNM,MUS,8418
2996390,246,151,1636,2013,402226.0,0.0,0.380284,1.5682120000000002,ZAF,MUS,8418
2996391,247,151,1636,2013,0.0,90619.0,-0.382129,-0.5442229999999999,ZMB,MUS,8418
2996392,249,151,1636,2013,174412.0,0.0,1.843186,0.9432379999999999,TWN,MUS,8418
2996393,2,155,1636,2013,28937.0,4075660.0,-1.172043,-1.133735,AGO,NAM,8418
2996394,7,155,1636,2013,54002.0,0.0,-0.074047,-0.585168,ARE,NAM,8418
2996395,8,155,1636,2013,43594.0,0.0,0.20314300000000002,0.494062,ARG,NAM,8418
2996396,15,155,1636,2013,10106.0,0.0,1.7209240000000001,-0.286892,AUT,NAM,8418
2996397,18,155,1636,2013,21569.0,0.0,1.316207,0.972601,BEL,NAM,8418
2996398,37,155,1636,2013,698675.0,30535.0,-0.46761499999999995,-1.0842040000000002,BWA,NAM,8418
2996399,43,155,1636,2013,3734910.0,0.0,1.113767,1.477496,CHN,NAM,8418
2996400,46,155,1636,2013,0.0,41780.0,-1.300125,-1.0708010000000001,COD,NAM,8418
2996401,54,155,1636,2013,3047.0,0.0,-0.019956,-0.7873319999999999,CUB,NAM,8418
2996402,61,155,1636,2013,91752.0,0.0,2.093658,-3.4281980000000005,DEU,NAM,8418
2996403,64,155,1636,2013,34011.0,561.0,1.161835,1.1788450000000001,DNK,NAM,8418
2996404,71,155,1636,2013,40463.0,0.0,0.861698,2.353993,ESP,NAM,8418
2996405,72,155,1636,2013,30716.0,0.0,0.8828940000000001,1.386574,EST,NAM,8418
2996406,77,155,1636,2013,9016.0,633.0,1.520354,0.022874000000000002,FRA,NAM,8418
2996407,81,155,1636,2013,25929.0,1230.0,1.7901259999999999,0.44164,GBR,NAM,8418
2996408,97,155,1636,2013,40114.0,0.0,0.744383,1.923139,HKG,NAM,8418
2996409,102,155,1636,2013,1311.0,0.0,1.506101,0.7279220000000001,HUN,NAM,8418
2996410,103,155,1636,2013,12801.0,0.0,-0.216854,1.415728,IDN,NAM,8418
2996411,104,155,1636,2013,1668.0,0.0,0.215356,2.3916209999999998,IND,NAM,8418
2996412,110,155,1636,2013,2845.0,0.0,1.197241,0.633828,ISR,NAM,8418
2996413,111,155,1636,2013,46237.0,0.0,1.289924,0.533436,ITA,NAM,8418
2996414,114,155,1636,2013,11746.0,0.0,2.3993130000000003,-0.564768,JPN,NAM,8418
2996415,116,155,1636,2013,1616.0,0.0,-0.448112,0.8672719999999999,KEN,NAM,8418
2996416,121,155,1636,2013,12122.0,0.0,1.818383,0.75645,KOR,NAM,8418
2996417,122,155,1636,2013,36834.0,0.0,-0.536384,-1.08382,KWT,NAM,8418
2996418,130,155,1636,2013,0.0,570.0,0.737796,1.215543,LTU,NAM,8418
2996419,131,155,1636,2013,597203.0,593.0,1.170459,1.150327,LUX,NAM,8418
2996420,147,155,1636,2013,0.0,7483.0,-1.326323,-1.050969,MOZ,NAM,8418
2996421,152,155,1636,2013,0.0,14156.0,-0.8992120000000001,-0.862175,MWI,NAM,8418
2996422,153,155,1636,2013,16106.0,0.0,0.937641,0.747496,MYS,NAM,8418
2996423,162,155,1636,2013,67128.0,5820.0,1.184107,1.249557,NLD,NAM,8418
2996424,163,155,1636,2013,3350.0,0.0,0.892099,0.18168399999999998,NOR,NAM,8418
2996425,177,155,1636,2013,21125.0,0.0,1.084332,1.216749,POL,NAM,8418
2996426,179,155,1636,2013,9603.0,0.0,0.541454,2.5228610000000002,PRT,NAM,8418
2996427,186,155,1636,2013,25371.0,0.0,0.481166,-0.180052,RUS,NAM,8418
2996428,192,155,1636,2013,32982.0,0.0,1.915504,0.619576,SGP,NAM,8418
2996429,194,155,1636,2013,0.0,9627.0,1.221748,-0.206857,SHN,NAM,8418
2996430,209,155,1636,2013,58177.0,0.0,0.109267,-0.275005,SWZ,NAM,8418
2996431,216,155,1636,2013,29926.0,0.0,0.8752139999999999,1.3798620000000001,THA,NAM,8418
2996432,226,155,1636,2013,0.0,779.0,-0.9306770000000001,0.273489,TZA,NAM,8418
2996433,231,155,1636,2013,36965.0,0.0,1.6639689999999998,-0.48651300000000003,USA,NAM,8418
2996434,246,155,1636,2013,28579733.0,115750.0,0.380284,1.5682120000000002,ZAF,NAM,8418
2996435,247,155,1636,2013,0.0,3712.0,-0.382129,-0.5442229999999999,ZMB,NAM,8418
2996436,248,155,1636,2013,0.0,26199.0,-0.828702,-0.899175,ZWE,NAM,8418
2996437,7,157,1636,2013,17222.0,0.0,-0.074047,-0.585168,ARE,NER,8418
2996438,15,157,1636,2013,510.0,0.0,1.7209240000000001,-0.286892,AUT,NER,8418
2996439,18,157,1636,2013,157423.0,0.0,1.316207,0.972601,BEL,NER,8418
2996440,19,157,1636,2013,13140.0,0.0,-0.919968,-0.90691,BEN,NER,8418
2996441,21,157,1636,2013,798.0,0.0,-0.9110360000000001,-0.852492,BFA,NER,8418
2996442,41,157,1636,2013,2497.0,4614.0,2.2104470000000003,0.5403479999999999,CHE,NER,8418
2996443,43,157,1636,2013,929757.0,0.0,1.113767,1.477496,CHN,NER,8418
2996444,44,157,1636,2013,1061.0,0.0,-0.923558,-0.866642,CIV,NER,8418
2996445,61,157,1636,2013,88978.0,0.0,2.093658,-3.4281980000000005,DEU,NER,8418
2996446,64,157,1636,2013,126777.0,0.0,1.161835,1.1788450000000001,DNK,NER,8418
2996447,66,157,1636,2013,4169.0,0.0,-1.373947,-1.1523459999999999,DZA,NER,8418
2996448,71,157,1636,2013,2017.0,0.0,0.861698,2.353993,ESP,NER,8418
2996449,74,157,1636,2013,5181.0,0.0,1.734552,0.8896940000000001,FIN,NER,8418
2996450,77,157,1636,2013,363635.0,0.0,1.520354,0.022874000000000002,FRA,NER,8418
2996451,81,157,1636,2013,2387.0,0.0,1.7901259999999999,0.44164,GBR,NER,8418
2996452,83,157,1636,2013,15611.0,0.0,-0.7316010000000001,-0.5327689999999999,GHA,NER,8418
2996453,103,157,1636,2013,107835.0,0.0,-0.216854,1.415728,IDN,NER,8418
2996454,104,157,1636,2013,33009.0,0.0,0.215356,2.3916209999999998,IND,NER,8418
2996455,111,157,1636,2013,17114.0,0.0,1.289924,0.533436,ITA,NER,8418
2996456,114,157,1636,2013,174.0,0.0,2.3993130000000003,-0.564768,JPN,NER,8418
2996457,121,157,1636,2013,26834.0,0.0,1.818383,0.75645,KOR,NER,8418
2996458,124,157,1636,2013,17922.0,0.0,0.283084,1.4289100000000001,LBN,NER,8418
2996459,126,157,1636,2013,4176.0,0.0,-1.6241459999999999,-1.1817950000000002,LBY,NER,8418
2996460,131,157,1636,2013,278510.0,0.0,1.170459,1.150327,LUX,NER,8418
2996461,134,157,1636,2013,4628.0,0.0,-0.6494260000000001,-0.035075999999999996,MAR,NER,8418
2996462,159,157,1636,2013,66158.0,0.0,-1.745783,-1.1356680000000001,NGA,NER,8418
2996463,162,157,1636,2013,8600.0,0.0,1.184107,1.249557,NLD,NER,8418
2996464,179,157,1636,2013,14253.0,0.0,0.541454,2.5228610000000002,PRT,NER,8418
2996465,188,157,1636,2013,3103.0,0.0,0.626347,-0.844406,SAU,NER,8418
2996466,191,157,1636,2013,1237.0,852.0,-0.523662,-0.309101,SEN,NER,8418
2996467,192,157,1636,2013,51261.0,0.0,1.915504,0.619576,SGP,NER,8418
2996468,215,157,1636,2013,83409.0,0.0,-0.598413,-0.49295200000000006,TGO,NER,8418
2996469,216,157,1636,2013,68239.0,0.0,0.8752139999999999,1.3798620000000001,THA,NER,8418
2996470,224,157,1636,2013,181650.0,0.0,0.42932299999999995,2.690235,TUR,NER,8418
2996471,231,157,1636,2013,10428.0,0.0,1.6639689999999998,-0.48651300000000003,USA,NER,8418
2996472,250,157,1636,2013,91791.0,0.0,0.628555,0.277602,ANS,NER,8418
2996473,14,158,1636,2013,8134.0,0.0,-0.31145700000000004,-0.167628,AUS,NFK,8418
2996474,166,158,1636,2013,37895.0,0.0,0.3345,0.39063000000000003,NZL,NFK,8418
2996475,8,160,1636,2013,348917.0,0.0,0.20314300000000002,0.494062,ARG,NIC,8418
2996476,15,160,1636,2013,1901.0,0.0,1.7209240000000001,-0.286892,AUT,NIC,8418
2996477,18,160,1636,2013,193765.0,0.0,1.316207,0.972601,BEL,NIC,8418
2996478,32,160,1636,2013,106263.0,0.0,0.14765899999999998,0.399262,BRA,NIC,8418
2996479,39,160,1636,2013,553680.0,0.0,0.719649,1.017046,CAN,NIC,8418
2996480,42,160,1636,2013,15677.0,0.0,-0.260718,-0.38256100000000004,CHL,NIC,8418
2996481,43,160,1636,2013,2271955.0,0.0,1.113767,1.477496,CHN,NIC,8418
2996482,52,160,1636,2013,7740227.0,21910.0,0.067379,-0.688217,CRI,NIC,8418
2996483,59,160,1636,2013,827.0,0.0,1.819653,-0.12423800000000002,CZE,NIC,8418
2996484,61,160,1636,2013,15871.0,0.0,2.093658,-3.4281980000000005,DEU,NIC,8418
2996485,64,160,1636,2013,15582.0,0.0,1.161835,1.1788450000000001,DNK,NIC,8418
2996486,65,160,1636,2013,14349.0,0.0,-0.277269,0.432388,DOM,NIC,8418
2996487,67,160,1636,2013,11863.0,0.0,-0.86546,-0.8888389999999999,ECU,NIC,8418
2996488,71,160,1636,2013,20923.0,0.0,0.861698,2.353993,ESP,NIC,8418
2996489,77,160,1636,2013,23654.0,0.0,1.520354,0.022874000000000002,FRA,NIC,8418
2996490,81,160,1636,2013,46654.0,0.0,1.7901259999999999,0.44164,GBR,NIC,8418
2996491,93,160,1636,2013,1741139.0,1235.0,-0.41466499999999995,0.774788,GTM,NIC,8418
2996492,97,160,1636,2013,2139.0,0.0,0.744383,1.923139,HKG,NIC,8418
2996493,103,160,1636,2013,103975.0,0.0,-0.216854,1.415728,IDN,NIC,8418
2996494,111,160,1636,2013,112157.0,0.0,1.289924,0.533436,ITA,NIC,8418
2996495,114,160,1636,2013,37534.0,0.0,2.3993130000000003,-0.564768,JPN,NIC,8418
2996496,121,160,1636,2013,172030.0,0.0,1.818383,0.75645,KOR,NIC,8418
2996497,138,160,1636,2013,4861774.0,0.0,1.048507,0.718932,MEX,NIC,8418
2996498,162,160,1636,2013,75887.0,0.0,1.184107,1.249557,NLD,NIC,8418
2996499,169,160,1636,2013,494806.0,0.0,0.735637,1.161718,PAN,NIC,8418
2996500,177,160,1636,2013,695.0,0.0,1.084332,1.216749,POL,NIC,8418
2996501,179,160,1636,2013,1695.0,0.0,0.541454,2.5228610000000002,PRT,NIC,8418
2996502,192,160,1636,2013,184373.0,0.0,1.915504,0.619576,SGP,NIC,8418
2996503,197,160,1636,2013,1740.0,0.0,-0.021029,0.381522,SLV,NIC,8418
2996504,207,160,1636,2013,552.0,0.0,1.698374,0.563082,SVN,NIC,8418
2996505,208,160,1636,2013,10802.0,0.0,1.869421,0.228109,SWE,NIC,8418
2996506,216,160,1636,2013,57139.0,0.0,0.8752139999999999,1.3798620000000001,THA,NIC,8418
2996507,224,160,1636,2013,8782.0,0.0,0.42932299999999995,2.690235,TUR,NIC,8418
2996508,231,160,1636,2013,3651529.0,0.0,1.6639689999999998,-0.48651300000000003,USA,NIC,8418
2996509,236,160,1636,2013,12451.0,0.0,-0.778172,-1.107059,VEN,NIC,8418
2996510,246,160,1636,2013,2143.0,0.0,0.380284,1.5682120000000002,ZAF,NIC,8418
2996511,249,160,1636,2013,19700.0,0.0,1.843186,0.9432379999999999,TWN,NIC,8418
2996512,31,178,1636,2013,0.0,55401.0,-1.039614,-0.95663,BOL,PRK,8418
2996513,32,178,1636,2013,0.0,2458.0,0.14765899999999998,0.399262,BRA,PRK,8418
2996514,33,178,1636,2013,0.0,4254.0,0.6969489999999999,0.135283,BRB,PRK,8418
2996515,43,178,1636,2013,29212322.0,0.0,1.113767,1.477496,CHN,PRK,8418
2996516,52,178,1636,2013,0.0,4669.0,0.067379,-0.688217,CRI,PRK,8418
2996517,61,178,1636,2013,9061.0,0.0,2.093658,-3.4281980000000005,DEU,PRK,8418
2996518,68,178,1636,2013,0.0,1121088.0,-0.17418,1.692641,EGY,PRK,8418
2996519,73,178,1636,2013,0.0,1741.0,-1.264002,-0.9594219999999999,ETH,PRK,8418
2996520,81,178,1636,2013,114305.0,0.0,1.7901259999999999,0.44164,GBR,PRK,8418
2996521,97,178,1636,2013,18735.0,0.0,0.744383,1.923139,HKG,PRK,8418
2996522,104,178,1636,2013,5943.0,4405.0,0.215356,2.3916209999999998,IND,PRK,8418
2996523,111,178,1636,2013,7004.0,0.0,1.289924,0.533436,ITA,PRK,8418
2996524,124,178,1636,2013,0.0,2126.0,0.283084,1.4289100000000001,LBN,PRK,8418
2996525,145,178,1636,2013,8553.0,0.0,-1.3270950000000001,-1.144547,MNG,PRK,8418
2996526,147,178,1636,2013,0.0,112768.0,-1.326323,-1.050969,MOZ,PRK,8418
2996527,148,178,1636,2013,0.0,1262.0,-1.950532,-1.283104,MRT,PRK,8418
2996528,159,178,1636,2013,0.0,2290.0,-1.745783,-1.1356680000000001,NGA,PRK,8418
2996529,162,178,1636,2013,1691.0,0.0,1.184107,1.249557,NLD,PRK,8418
2996530,168,178,1636,2013,0.0,189136.0,-0.75727,0.769703,PAK,PRK,8418
2996531,177,178,1636,2013,3997.0,0.0,1.084332,1.216749,POL,PRK,8418
2996532,186,178,1636,2013,0.0,4640.0,0.481166,-0.180052,RUS,PRK,8418
2996533,192,178,1636,2013,81364.0,0.0,1.915504,0.619576,SGP,PRK,8418
2996534,197,178,1636,2013,0.0,5102.0,-0.021029,0.381522,SLV,PRK,8418
2996535,205,178,1636,2013,0.0,158584.0,-0.417865,-0.7600399999999999,SUR,PRK,8418
2996536,216,178,1636,2013,4618.0,313544.0,0.8752139999999999,1.3798620000000001,THA,PRK,8418
2996537,230,178,1636,2013,0.0,57489.0,0.20190999999999998,-0.19777999999999998,URY,PRK,8418
2996538,248,178,1636,2013,0.0,24537.0,-0.828702,-0.899175,ZWE,PRK,8418
2996539,14,195,1636,2013,271145.0,0.0,-0.31145700000000004,-0.167628,AUS,SLB,8418
2996540,41,195,1636,2013,3272.0,0.0,2.2104470000000003,0.5403479999999999,CHE,SLB,8418
2996541,43,195,1636,2013,163757.0,0.0,1.113767,1.477496,CHN,SLB,8418
2996542,61,195,1636,2013,68563.0,0.0,2.093658,-3.4281980000000005,DEU,SLB,8418
2996543,75,195,1636,2013,30318.0,0.0,-0.5203369999999999,-0.122405,FJI,SLB,8418
2996544,81,195,1636,2013,6143.0,0.0,1.7901259999999999,0.44164,GBR,SLB,8418
2996545,97,195,1636,2013,128108.0,0.0,0.744383,1.923139,HKG,SLB,8418
2996546,103,195,1636,2013,17176.0,0.0,-0.216854,1.415728,IDN,SLB,8418
2996547,114,195,1636,2013,68843.0,0.0,2.3993130000000003,-0.564768,JPN,SLB,8418
2996548,153,195,1636,2013,35751.0,0.0,0.937641,0.747496,MYS,SLB,8418
2996549,166,195,1636,2013,56597.0,0.0,0.3345,0.39063000000000003,NZL,SLB,8418
2996550,192,195,1636,2013,382299.0,0.0,1.915504,0.619576,SGP,SLB,8418
2996551,216,195,1636,2013,3120.0,0.0,0.8752139999999999,1.3798620000000001,THA,SLB,8418
2996552,231,195,1636,2013,36462.0,0.0,1.6639689999999998,-0.48651300000000003,USA,SLB,8418
2996553,249,195,1636,2013,4882.0,0.0,1.843186,0.9432379999999999,TWN,SLB,8418
2996554,2,203,1636,2013,490.0,860.0,-1.172043,-1.133735,AGO,STP,8418
2996555,7,203,1636,2013,5894.0,0.0,-0.074047,-0.585168,ARE,STP,8418
2996556,18,203,1636,2013,65078.0,0.0,1.316207,0.972601,BEL,STP,8418
2996557,43,203,1636,2013,176482.0,0.0,1.113767,1.477496,CHN,STP,8418
2996558,61,203,1636,2013,12067.0,0.0,2.093658,-3.4281980000000005,DEU,STP,8418
2996559,77,203,1636,2013,5306.0,0.0,1.520354,0.022874000000000002,FRA,STP,8418
2996560,80,203,1636,2013,3745.0,0.0,-1.6582830000000002,-1.155302,GAB,STP,8418
2996561,104,203,1636,2013,31404.0,0.0,0.215356,2.3916209999999998,IND,STP,8418
2996562,159,203,1636,2013,4408.0,0.0,-1.745783,-1.1356680000000001,NGA,STP,8418
2996563,162,203,1636,2013,9566.0,0.0,1.184107,1.249557,NLD,STP,8418
2996564,179,203,1636,2013,549970.0,0.0,0.541454,2.5228610000000002,PRT,STP,8418
2996565,246,203,1636,2013,1489.0,0.0,0.380284,1.5682120000000002,ZAF,STP,8418
2996566,18,209,1636,2013,3747.0,0.0,1.316207,0.972601,BEL,SWZ,8418
2996567,37,209,1636,2013,0.0,177225.0,-0.46761499999999995,-1.0842040000000002,BWA,SWZ,8418
2996568,39,209,1636,2013,1342.0,0.0,0.719649,1.017046,CAN,SWZ,8418
2996569,43,209,1636,2013,369349.0,0.0,1.113767,1.477496,CHN,SWZ,8418
2996570,61,209,1636,2013,2822.0,0.0,2.093658,-3.4281980000000005,DEU,SWZ,8418
2996571,77,209,1636,2013,725.0,9563.0,1.520354,0.022874000000000002,FRA,SWZ,8418
2996572,111,209,1636,2013,21217.0,0.0,1.289924,0.533436,ITA,SWZ,8418
2996573,114,209,1636,2013,5941.0,0.0,2.3993130000000003,-0.564768,JPN,SWZ,8418
2996574,147,209,1636,2013,0.0,116140.0,-1.326323,-1.050969,MOZ,SWZ,8418
2996575,152,209,1636,2013,0.0,165567.0,-0.8992120000000001,-0.862175,MWI,SWZ,8418
2996576,155,209,1636,2013,0.0,58177.0,-0.308643,-0.480617,NAM,SWZ,8418
2996577,162,209,1636,2013,0.0,2883.0,1.184107,1.249557,NLD,SWZ,8418
2996578,177,209,1636,2013,0.0,4365.0,1.084332,1.216749,POL,SWZ,8418
2996579,190,209,1636,2013,0.0,263872.0,-1.254944,-1.073564,SDN,SWZ,8418
2996580,192,209,1636,2013,0.0,9261.0,1.915504,0.619576,SGP,SWZ,8418
2996581,224,209,1636,2013,20369.0,0.0,0.42932299999999995,2.690235,TUR,SWZ,8418
2996582,231,209,1636,2013,18493.0,0.0,1.6639689999999998,-0.48651300000000003,USA,SWZ,8418
2996583,246,209,1636,2013,8398175.0,7827932.0,0.380284,1.5682120000000002,ZAF,SWZ,8418
2996584,247,209,1636,2013,0.0,619983.0,-0.382129,-0.5442229999999999,ZMB,SWZ,8418
2996585,7,211,1636,2013,205162.0,13.0,-0.074047,-0.585168,ARE,SYC,8418
2996586,14,211,1636,2013,3065.0,0.0,-0.31145700000000004,-0.167628,AUS,SYC,8418
2996587,15,211,1636,2013,75438.0,36643.0,1.7209240000000001,-0.286892,AUT,SYC,8418
2996588,18,211,1636,2013,310706.0,0.0,1.316207,0.972601,BEL,SYC,8418
2996589,24,211,1636,2013,904.0,0.0,0.249681,-0.6204270000000001,BHR,SYC,8418
2996590,41,211,1636,2013,10320.0,0.0,2.2104470000000003,0.5403479999999999,CHE,SYC,8418
2996591,43,211,1636,2013,437846.0,0.0,1.113767,1.477496,CHN,SYC,8418
2996592,59,211,1636,2013,1265.0,0.0,1.819653,-0.12423800000000002,CZE,SYC,8418
2996593,61,211,1636,2013,298983.0,0.0,2.093658,-3.4281980000000005,DEU,SYC,8418
2996594,64,211,1636,2013,21759.0,0.0,1.161835,1.1788450000000001,DNK,SYC,8418
2996595,71,211,1636,2013,22978.0,0.0,0.861698,2.353993,ESP,SYC,8418
2996596,77,211,1636,2013,454082.0,0.0,1.520354,0.022874000000000002,FRA,SYC,8418
2996597,81,211,1636,2013,265806.0,0.0,1.7901259999999999,0.44164,GBR,SYC,8418
2996598,90,211,1636,2013,8195.0,0.0,0.18823800000000002,0.910906,GRC,SYC,8418
2996599,103,211,1636,2013,34229.0,0.0,-0.216854,1.415728,IDN,SYC,8418
2996600,104,211,1636,2013,114601.0,0.0,0.215356,2.3916209999999998,IND,SYC,8418
2996601,110,211,1636,2013,1620.0,0.0,1.197241,0.633828,ISR,SYC,8418
2996602,111,211,1636,2013,419109.0,0.0,1.289924,0.533436,ITA,SYC,8418
2996603,114,211,1636,2013,16911.0,0.0,2.3993130000000003,-0.564768,JPN,SYC,8418
2996604,121,211,1636,2013,161043.0,0.0,1.818383,0.75645,KOR,SYC,8418
2996605,128,211,1636,2013,7069.0,0.0,-0.6521779999999999,0.41258599999999995,LKA,SYC,8418
2996606,151,211,1636,2013,47862.0,0.0,-0.158852,0.0061600000000000005,MUS,SYC,8418
2996607,153,211,1636,2013,51215.0,0.0,0.937641,0.747496,MYS,SYC,8418
2996608,162,211,1636,2013,7719.0,0.0,1.184107,1.249557,NLD,SYC,8418
2996609,166,211,1636,2013,6120.0,0.0,0.3345,0.39063000000000003,NZL,SYC,8418
2996610,177,211,1636,2013,155798.0,0.0,1.084332,1.216749,POL,SYC,8418
2996611,179,211,1636,2013,125469.0,0.0,0.541454,2.5228610000000002,PRT,SYC,8418
2996612,192,211,1636,2013,373030.0,0.0,1.915504,0.619576,SGP,SYC,8418
2996613,216,211,1636,2013,119852.0,0.0,0.8752139999999999,1.3798620000000001,THA,SYC,8418
2996614,224,211,1636,2013,7625.0,0.0,0.42932299999999995,2.690235,TUR,SYC,8418
2996615,231,211,1636,2013,12532.0,0.0,1.6639689999999998,-0.48651300000000003,USA,SYC,8418
2996616,239,211,1636,2013,7682.0,0.0,-0.11426900000000001,1.399738,VNM,SYC,8418
2996617,246,211,1636,2013,266275.0,0.0,0.380284,1.5682120000000002,ZAF,SYC,8418
2996618,7,212,1636,2013,184549.0,59706.0,-0.074047,-0.585168,ARE,SYR,8418
2996619,24,212,1636,2013,0.0,4027.0,0.249681,-0.6204270000000001,BHR,SYR,8418
2996620,43,212,1636,2013,801901.0,0.0,1.113767,1.477496,CHN,SYR,8418
2996621,45,212,1636,2013,0.0,41960.0,-0.901531,-1.027111,CMR,SYR,8418
2996622,61,212,1636,2013,14989.0,0.0,2.093658,-3.4281980000000005,DEU,SYR,8418
2996623,68,212,1636,2013,687021.0,167983.0,-0.17418,1.692641,EGY,SYR,8418
2996624,77,212,1636,2013,854240.0,7629.0,1.520354,0.022874000000000002,FRA,SYR,8418
2996625,81,212,1636,2013,10565.0,2285.0,1.7901259999999999,0.44164,GBR,SYR,8418
2996626,111,212,1636,2013,1191851.0,0.0,1.289924,0.533436,ITA,SYR,8418
2996627,113,212,1636,2013,0.0,1879577.0,0.152659,0.5889979999999999,JOR,SYR,8418
2996628,122,212,1636,2013,0.0,1186.0,-0.536384,-1.08382,KWT,SYR,8418
2996629,124,212,1636,2013,4694306.0,2332349.0,0.283084,1.4289100000000001,LBN,SYR,8418
2996630,134,212,1636,2013,0.0,2213.0,-0.6494260000000001,-0.035075999999999996,MAR,SYR,8418
2996631,162,212,1636,2013,55698.0,0.0,1.184107,1.249557,NLD,SYR,8418
2996632,180,212,1636,2013,0.0,19287.0,-0.566239,-0.9273459999999999,PRY,SYR,8418
2996633,183,212,1636,2013,0.0,13406.0,-0.083649,-1.013491,QAT,SYR,8418
2996634,188,212,1636,2013,54667.0,727484.0,0.626347,-0.844406,SAU,SYR,8418
2996635,223,212,1636,2013,0.0,1078.0,0.185528,1.0070700000000001,TUN,SYR,8418
2996636,224,212,1636,2013,386304.0,0.0,0.42932299999999995,2.690235,TUR,SYR,8418
2996637,2,215,1636,2013,0.0,172949.0,-1.172043,-1.133735,AGO,TGO,8418
2996638,7,215,1636,2013,152532.0,0.0,-0.074047,-0.585168,ARE,TGO,8418
2996639,14,215,1636,2013,1654.0,0.0,-0.31145700000000004,-0.167628,AUS,TGO,8418
2996640,15,215,1636,2013,2926.0,0.0,1.7209240000000001,-0.286892,AUT,TGO,8418
2996641,18,215,1636,2013,90144.0,0.0,1.316207,0.972601,BEL,TGO,8418
2996642,19,215,1636,2013,242048.0,7443.0,-0.919968,-0.90691,BEN,TGO,8418
2996643,21,215,1636,2013,0.0,2922.0,-0.9110360000000001,-0.852492,BFA,TGO,8418
2996644,39,215,1636,2013,2121.0,0.0,0.719649,1.017046,CAN,TGO,8418
2996645,41,215,1636,2013,1572.0,0.0,2.2104470000000003,0.5403479999999999,CHE,TGO,8418
2996646,43,215,1636,2013,1240802.0,0.0,1.113767,1.477496,CHN,TGO,8418
2996647,44,215,1636,2013,0.0,18161.0,-0.923558,-0.866642,CIV,TGO,8418
2996648,47,215,1636,2013,0.0,7415.0,-1.215681,-1.08679,COG,TGO,8418
2996649,59,215,1636,2013,941.0,0.0,1.819653,-0.12423800000000002,CZE,TGO,8418
2996650,61,215,1636,2013,158925.0,0.0,2.093658,-3.4281980000000005,DEU,TGO,8418
2996651,64,215,1636,2013,2224.0,0.0,1.161835,1.1788450000000001,DNK,TGO,8418
2996652,71,215,1636,2013,138028.0,0.0,0.861698,2.353993,ESP,TGO,8418
2996653,74,215,1636,2013,2670.0,0.0,1.734552,0.8896940000000001,FIN,TGO,8418
2996654,77,215,1636,2013,465370.0,0.0,1.520354,0.022874000000000002,FRA,TGO,8418
2996655,81,215,1636,2013,17967.0,0.0,1.7901259999999999,0.44164,GBR,TGO,8418
2996656,83,215,1636,2013,76012.0,7914.0,-0.7316010000000001,-0.5327689999999999,GHA,TGO,8418
2996657,97,215,1636,2013,9592.0,0.0,0.744383,1.923139,HKG,TGO,8418
2996658,102,215,1636,2013,13456.0,0.0,1.506101,0.7279220000000001,HUN,TGO,8418
2996659,103,215,1636,2013,97906.0,0.0,-0.216854,1.415728,IDN,TGO,8418
2996660,104,215,1636,2013,254641.0,0.0,0.215356,2.3916209999999998,IND,TGO,8418
2996661,111,215,1636,2013,181081.0,0.0,1.289924,0.533436,ITA,TGO,8418
2996662,121,215,1636,2013,138955.0,0.0,1.818383,0.75645,KOR,TGO,8418
2996663,124,215,1636,2013,58313.0,0.0,0.283084,1.4289100000000001,LBN,TGO,8418
2996664,131,215,1636,2013,35842.0,0.0,1.170459,1.150327,LUX,TGO,8418
2996665,138,215,1636,2013,17561.0,0.0,1.048507,0.718932,MEX,TGO,8418
2996666,141,215,1636,2013,0.0,6067.0,-1.183671,-1.069504,MLI,TGO,8418
2996667,157,215,1636,2013,0.0,83409.0,-1.268738,-0.942256,NER,TGO,8418
2996668,159,215,1636,2013,0.0,493.0,-1.745783,-1.1356680000000001,NGA,TGO,8418
2996669,162,215,1636,2013,8282.0,0.0,1.184107,1.249557,NLD,TGO,8418
2996670,163,215,1636,2013,943.0,0.0,0.892099,0.18168399999999998,NOR,TGO,8418
2996671,177,215,1636,2013,9364.0,0.0,1.084332,1.216749,POL,TGO,8418
2996672,179,215,1636,2013,102010.0,0.0,0.541454,2.5228610000000002,PRT,TGO,8418
2996673,188,215,1636,2013,11644.0,0.0,0.626347,-0.844406,SAU,TGO,8418
2996674,192,215,1636,2013,505947.0,0.0,1.915504,0.619576,SGP,TGO,8418
2996675,214,215,1636,2013,0.0,11087.0,-2.800677,-0.9466969999999999,TCD,TGO,8418
2996676,216,215,1636,2013,526859.0,0.0,0.8752139999999999,1.3798620000000001,THA,TGO,8418
2996677,224,215,1636,2013,109318.0,0.0,0.42932299999999995,2.690235,TUR,TGO,8418
2996678,231,215,1636,2013,91763.0,0.0,1.6639689999999998,-0.48651300000000003,USA,TGO,8418
2996679,246,215,1636,2013,13882.0,0.0,0.380284,1.5682120000000002,ZAF,TGO,8418
2996680,249,215,1636,2013,1158.0,0.0,1.843186,0.9432379999999999,TWN,TGO,8418
2996681,2,218,1636,2013,0.0,62415.0,-1.172043,-1.133735,AGO,TKL,8418
2996682,191,218,1636,2013,0.0,118997.0,-0.523662,-0.309101,SEN,TKL,8418
2996683,242,218,1636,2013,27372.0,0.0,0.824724,0.056441,WSM,TKL,8418
2996684,246,218,1636,2013,0.0,15056.0,0.380284,1.5682120000000002,ZAF,TKL,8418
2996685,14,220,1636,2013,38075.0,0.0,-0.31145700000000004,-0.167628,AUS,TLS,8418
2996686,43,220,1636,2013,114704.0,0.0,1.113767,1.477496,CHN,TLS,8418
2996687,64,220,1636,2013,4902.0,0.0,1.161835,1.1788450000000001,DNK,TLS,8418
2996688,97,220,1636,2013,76529.0,0.0,0.744383,1.923139,HKG,TLS,8418
2996689,103,220,1636,2013,1219078.0,0.0,-0.216854,1.415728,IDN,TLS,8418
2996690,114,220,1636,2013,2436.0,0.0,2.3993130000000003,-0.564768,JPN,TLS,8418
2996691,121,220,1636,2013,6027.0,0.0,1.818383,0.75645,KOR,TLS,8418
2996692,179,220,1636,2013,11911.0,0.0,0.541454,2.5228610000000002,PRT,TLS,8418
2996693,192,220,1636,2013,509888.0,0.0,1.915504,0.619576,SGP,TLS,8418
2996694,216,220,1636,2013,18361.0,0.0,0.8752139999999999,1.3798620000000001,THA,TLS,8418
2996695,231,220,1636,2013,3214.0,0.0,1.6639689999999998,-0.48651300000000003,USA,TLS,8418
2996696,239,220,1636,2013,5742.0,0.0,-0.11426900000000001,1.399738,VNM,TLS,8418
2996697,7,223,1636,2013,33824.0,0.0,-0.074047,-0.585168,ARE,TUN,8418
2996698,15,223,1636,2013,38182.0,0.0,1.7209240000000001,-0.286892,AUT,TUN,8418
2996699,18,223,1636,2013,244333.0,0.0,1.316207,0.972601,BEL,TUN,8418
2996700,24,223,1636,2013,3384.0,0.0,0.249681,-0.6204270000000001,BHR,TUN,8418
2996701,39,223,1636,2013,1071.0,0.0,0.719649,1.017046,CAN,TUN,8418
2996702,41,223,1636,2013,23023.0,887.0,2.2104470000000003,0.5403479999999999,CHE,TUN,8418
2996703,43,223,1636,2013,9705809.0,0.0,1.113767,1.477496,CHN,TUN,8418
2996704,44,223,1636,2013,0.0,5028.0,-0.923558,-0.866642,CIV,TUN,8418
2996705,45,223,1636,2013,0.0,28253.0,-0.901531,-1.027111,CMR,TUN,8418
2996706,47,223,1636,2013,0.0,162747.0,-1.215681,-1.08679,COG,TUN,8418
2996707,59,223,1636,2013,490745.0,1529.0,1.819653,-0.12423800000000002,CZE,TUN,8418
2996708,61,223,1636,2013,1589368.0,0.0,2.093658,-3.4281980000000005,DEU,TUN,8418
2996709,64,223,1636,2013,214068.0,1983.0,1.161835,1.1788450000000001,DNK,TUN,8418
2996710,66,223,1636,2013,0.0,1642336.0,-1.373947,-1.1523459999999999,DZA,TUN,8418
2996711,68,223,1636,2013,1157812.0,0.0,-0.17418,1.692641,EGY,TUN,8418
2996712,71,223,1636,2013,2419836.0,0.0,0.861698,2.353993,ESP,TUN,8418
2996713,73,223,1636,2013,0.0,2433.0,-1.264002,-0.9594219999999999,ETH,TUN,8418
2996714,74,223,1636,2013,1489.0,0.0,1.734552,0.8896940000000001,FIN,TUN,8418
2996715,77,223,1636,2013,14777140.0,731850.0,1.520354,0.022874000000000002,FRA,TUN,8418
2996716,81,223,1636,2013,130618.0,0.0,1.7901259999999999,0.44164,GBR,TUN,8418
2996717,90,223,1636,2013,8136.0,0.0,0.18823800000000002,0.910906,GRC,TUN,8418
2996718,97,223,1636,2013,1104.0,0.0,0.744383,1.923139,HKG,TUN,8418
2996719,102,223,1636,2013,102766.0,0.0,1.506101,0.7279220000000001,HUN,TUN,8418
2996720,103,223,1636,2013,6205265.0,0.0,-0.216854,1.415728,IDN,TUN,8418
2996721,104,223,1636,2013,227907.0,0.0,0.215356,2.3916209999999998,IND,TUN,8418
2996722,106,223,1636,2013,334308.0,0.0,1.29988,0.240688,IRL,TUN,8418
2996723,107,223,1636,2013,831.0,0.0,-0.339172,-0.237114,IRN,TUN,8418
2996724,111,223,1636,2013,15648459.0,351251.0,1.289924,0.533436,ITA,TUN,8418
2996725,113,223,1636,2013,14134.0,0.0,0.152659,0.5889979999999999,JOR,TUN,8418
2996726,114,223,1636,2013,35280.0,0.0,2.3993130000000003,-0.564768,JPN,TUN,8418
2996727,116,223,1636,2013,0.0,534.0,-0.448112,0.8672719999999999,KEN,TUN,8418
2996728,121,223,1636,2013,533661.0,0.0,1.818383,0.75645,KOR,TUN,8418
2996729,122,223,1636,2013,1675.0,0.0,-0.536384,-1.08382,KWT,TUN,8418
2996730,126,223,1636,2013,0.0,5668297.0,-1.6241459999999999,-1.1817950000000002,LBY,TUN,8418
2996731,134,223,1636,2013,119351.0,296143.0,-0.6494260000000001,-0.035075999999999996,MAR,TUN,8418
2996732,138,223,1636,2013,92187.0,0.0,1.048507,0.718932,MEX,TUN,8418
2996733,141,223,1636,2013,0.0,33768.0,-1.183671,-1.069504,MLI,TUN,8418
2996734,142,223,1636,2013,18800.0,0.0,0.8519760000000001,-0.075869,MLT,TUN,8418
2996735,153,223,1636,2013,76848.0,0.0,0.937641,0.747496,MYS,TUN,8418
2996736,162,223,1636,2013,165160.0,0.0,1.184107,1.249557,NLD,TUN,8418
2996737,163,223,1636,2013,709.0,0.0,0.892099,0.18168399999999998,NOR,TUN,8418
2996738,166,223,1636,2013,6803.0,0.0,0.3345,0.39063000000000003,NZL,TUN,8418
2996739,167,223,1636,2013,1869.0,0.0,-0.604175,-1.0463209999999998,OMN,TUN,8418
2996740,177,223,1636,2013,2429492.0,0.0,1.084332,1.216749,POL,TUN,8418
2996741,179,223,1636,2013,153990.0,0.0,0.541454,2.5228610000000002,PRT,TUN,8418
2996742,185,223,1636,2013,1829.0,0.0,0.792035,1.225034,ROU,TUN,8418
2996743,188,223,1636,2013,0.0,118529.0,0.626347,-0.844406,SAU,TUN,8418
2996744,191,223,1636,2013,0.0,19542.0,-0.523662,-0.309101,SEN,TUN,8418
2996745,192,223,1636,2013,74243.0,0.0,1.915504,0.619576,SGP,TUN,8418
2996746,201,223,1636,2013,16531.0,0.0,0.5717720000000001,1.174901,SRB,TUN,8418
2996747,206,223,1636,2013,11371.0,0.0,1.32064,0.7519819999999999,SVK,TUN,8418
2996748,207,223,1636,2013,142067.0,713.0,1.698374,0.563082,SVN,TUN,8418
2996749,208,223,1636,2013,107577.0,0.0,1.869421,0.228109,SWE,TUN,8418
2996750,212,223,1636,2013,1078.0,0.0,-0.14343399999999998,1.077256,SYR,TUN,8418
2996751,216,223,1636,2013,3998088.0,0.0,0.8752139999999999,1.3798620000000001,THA,TUN,8418
2996752,224,223,1636,2013,17971840.0,0.0,0.42932299999999995,2.690235,TUR,TUN,8418
2996753,231,223,1636,2013,110808.0,0.0,1.6639689999999998,-0.48651300000000003,USA,TUN,8418
2996754,249,223,1636,2013,7448.0,0.0,1.843186,0.9432379999999999,TWN,TUN,8418
2996755,250,223,1636,2013,97178.0,853315.0,0.628555,0.277602,ANS,TUN,8418
2996756,7,226,1636,2013,2627594.0,0.0,-0.074047,-0.585168,ARE,TZA,8418
2996757,14,226,1636,2013,8666.0,0.0,-0.31145700000000004,-0.167628,AUS,TZA,8418
2996758,15,226,1636,2013,42503.0,0.0,1.7209240000000001,-0.286892,AUT,TZA,8418
2996759,18,226,1636,2013,145955.0,0.0,1.316207,0.972601,BEL,TZA,8418
2996760,24,226,1636,2013,3466.0,0.0,0.249681,-0.6204270000000001,BHR,TZA,8418
2996761,39,226,1636,2013,9643.0,0.0,0.719649,1.017046,CAN,TZA,8418
2996762,41,226,1636,2013,6110.0,0.0,2.2104470000000003,0.5403479999999999,CHE,TZA,8418
2996763,43,226,1636,2013,11219528.0,0.0,1.113767,1.477496,CHN,TZA,8418
2996764,46,226,1636,2013,0.0,1327335.0,-1.300125,-1.0708010000000001,COD,TZA,8418
2996765,50,226,1636,2013,0.0,2752.0,-0.326422,-0.6956640000000001,COM,TZA,8418
2996766,54,226,1636,2013,37758.0,0.0,-0.019956,-0.7873319999999999,CUB,TZA,8418
2996767,61,226,1636,2013,1510119.0,1304.0,2.093658,-3.4281980000000005,DEU,TZA,8418
2996768,64,226,1636,2013,365464.0,0.0,1.161835,1.1788450000000001,DNK,TZA,8418
2996769,71,226,1636,2013,436297.0,0.0,0.861698,2.353993,ESP,TZA,8418
2996770,73,226,1636,2013,1792.0,0.0,-1.264002,-0.9594219999999999,ETH,TZA,8418
2996771,74,226,1636,2013,54253.0,0.0,1.734552,0.8896940000000001,FIN,TZA,8418
2996772,77,226,1636,2013,700589.0,0.0,1.520354,0.022874000000000002,FRA,TZA,8418
2996773,81,226,1636,2013,573836.0,0.0,1.7901259999999999,0.44164,GBR,TZA,8418
2996774,93,226,1636,2013,45057.0,0.0,-0.41466499999999995,0.774788,GTM,TZA,8418
2996775,97,226,1636,2013,178016.0,0.0,0.744383,1.923139,HKG,TZA,8418
2996776,103,226,1636,2013,1173532.0,0.0,-0.216854,1.415728,IDN,TZA,8418
2996777,104,226,1636,2013,2424487.0,0.0,0.215356,2.3916209999999998,IND,TZA,8418
2996778,106,226,1636,2013,83817.0,0.0,1.29988,0.240688,IRL,TZA,8418
2996779,111,226,1636,2013,849767.0,2266.0,1.289924,0.533436,ITA,TZA,8418
2996780,114,226,1636,2013,38179.0,0.0,2.3993130000000003,-0.564768,JPN,TZA,8418
2996781,116,226,1636,2013,519393.0,2897.0,-0.448112,0.8672719999999999,KEN,TZA,8418
2996782,121,226,1636,2013,315616.0,0.0,1.818383,0.75645,KOR,TZA,8418
2996783,124,226,1636,2013,655327.0,0.0,0.283084,1.4289100000000001,LBN,TZA,8418
2996784,128,226,1636,2013,1248841.0,0.0,-0.6521779999999999,0.41258599999999995,LKA,TZA,8418
2996785,131,226,1636,2013,290422.0,0.0,1.170459,1.150327,LUX,TZA,8418
2996786,147,226,1636,2013,0.0,815.0,-1.326323,-1.050969,MOZ,TZA,8418
2996787,152,226,1636,2013,36484.0,3185.0,-0.8992120000000001,-0.862175,MWI,TZA,8418
2996788,153,226,1636,2013,144303.0,0.0,0.937641,0.747496,MYS,TZA,8418
2996789,155,226,1636,2013,779.0,0.0,-0.308643,-0.480617,NAM,TZA,8418
2996790,162,226,1636,2013,137870.0,0.0,1.184107,1.249557,NLD,TZA,8418
2996791,163,226,1636,2013,2591.0,0.0,0.892099,0.18168399999999998,NOR,TZA,8418
2996792,167,226,1636,2013,10532.0,0.0,-0.604175,-1.0463209999999998,OMN,TZA,8418
2996793,168,226,1636,2013,130845.0,0.0,-0.75727,0.769703,PAK,TZA,8418
2996794,177,226,1636,2013,250469.0,0.0,1.084332,1.216749,POL,TZA,8418
2996795,179,226,1636,2013,17379.0,0.0,0.541454,2.5228610000000002,PRT,TZA,8418
2996796,187,226,1636,2013,0.0,10712.0,-0.490519,-0.48427700000000007,RWA,TZA,8418
2996797,192,226,1636,2013,213196.0,0.0,1.915504,0.619576,SGP,TZA,8418
2996798,208,226,1636,2013,57944.0,0.0,1.869421,0.228109,SWE,TZA,8418
2996799,216,226,1636,2013,3191716.0,0.0,0.8752139999999999,1.3798620000000001,THA,TZA,8418
2996800,224,226,1636,2013,320570.0,0.0,0.42932299999999995,2.690235,TUR,TZA,8418
2996801,227,226,1636,2013,0.0,3437.0,-0.5462279999999999,0.200682,UGA,TZA,8418
2996802,231,226,1636,2013,213499.0,0.0,1.6639689999999998,-0.48651300000000003,USA,TZA,8418
2996803,246,226,1636,2013,1440694.0,487.0,0.380284,1.5682120000000002,ZAF,TZA,8418
2996804,247,226,1636,2013,0.0,4599.0,-0.382129,-0.5442229999999999,ZMB,TZA,8418
2996805,248,226,1636,2013,821.0,0.0,-0.828702,-0.899175,ZWE,TZA,8418
2996806,249,226,1636,2013,117585.0,0.0,1.843186,0.9432379999999999,TWN,TZA,8418
2996807,7,227,1636,2013,368522.0,0.0,-0.074047,-0.585168,ARE,UGA,8418
2996808,14,227,1636,2013,1293.0,0.0,-0.31145700000000004,-0.167628,AUS,UGA,8418
2996809,15,227,1636,2013,10518.0,0.0,1.7209240000000001,-0.286892,AUT,UGA,8418
2996810,17,227,1636,2013,0.0,2737.0,-0.824903,-0.906436,BDI,UGA,8418
2996811,18,227,1636,2013,106092.0,0.0,1.316207,0.972601,BEL,UGA,8418
2996812,43,227,1636,2013,1324640.0,0.0,1.113767,1.477496,CHN,UGA,8418
2996813,46,227,1636,2013,0.0,85933.0,-1.300125,-1.0708010000000001,COD,UGA,8418
2996814,49,227,1636,2013,4497.0,0.0,0.121799,-0.388239,COL,UGA,8418
2996815,58,227,1636,2013,10925.0,0.0,0.502238,0.349608,CYP,UGA,8418
2996816,59,227,1636,2013,3115.0,0.0,1.819653,-0.12423800000000002,CZE,UGA,8418
2996817,61,227,1636,2013,310677.0,0.0,2.093658,-3.4281980000000005,DEU,UGA,8418
2996818,64,227,1636,2013,12447.0,0.0,1.161835,1.1788450000000001,DNK,UGA,8418
2996819,68,227,1636,2013,20902.0,0.0,-0.17418,1.692641,EGY,UGA,8418
2996820,71,227,1636,2013,3286.0,0.0,0.861698,2.353993,ESP,UGA,8418
2996821,77,227,1636,2013,211386.0,0.0,1.520354,0.022874000000000002,FRA,UGA,8418
2996822,81,227,1636,2013,118398.0,0.0,1.7901259999999999,0.44164,GBR,UGA,8418
2996823,83,227,1636,2013,1506.0,0.0,-0.7316010000000001,-0.5327689999999999,GHA,UGA,8418
2996824,90,227,1636,2013,38775.0,0.0,0.18823800000000002,0.910906,GRC,UGA,8418
2996825,97,227,1636,2013,706040.0,0.0,0.744383,1.923139,HKG,UGA,8418
2996826,103,227,1636,2013,163300.0,0.0,-0.216854,1.415728,IDN,UGA,8418
2996827,104,227,1636,2013,1675884.0,0.0,0.215356,2.3916209999999998,IND,UGA,8418
2996828,106,227,1636,2013,18985.0,0.0,1.29988,0.240688,IRL,UGA,8418
2996829,110,227,1636,2013,17133.0,0.0,1.197241,0.633828,ISR,UGA,8418
2996830,111,227,1636,2013,1455903.0,1016.0,1.289924,0.533436,ITA,UGA,8418
2996831,114,227,1636,2013,16247.0,0.0,2.3993130000000003,-0.564768,JPN,UGA,8418
2996832,116,227,1636,2013,134292.0,3851.0,-0.448112,0.8672719999999999,KEN,UGA,8418
2996833,121,227,1636,2013,30752.0,0.0,1.818383,0.75645,KOR,UGA,8418
2996834,122,227,1636,2013,2650.0,0.0,-0.536384,-1.08382,KWT,UGA,8418
2996835,128,227,1636,2013,549.0,0.0,-0.6521779999999999,0.41258599999999995,LKA,UGA,8418
2996836,131,227,1636,2013,52709.0,0.0,1.170459,1.150327,LUX,UGA,8418
2996837,147,227,1636,2013,1257.0,0.0,-1.326323,-1.050969,MOZ,UGA,8418
2996838,151,227,1636,2013,17455.0,0.0,-0.158852,0.0061600000000000005,MUS,UGA,8418
2996839,153,227,1636,2013,24075.0,0.0,0.937641,0.747496,MYS,UGA,8418
2996840,162,227,1636,2013,396419.0,0.0,1.184107,1.249557,NLD,UGA,8418
2996841,177,227,1636,2013,1823.0,0.0,1.084332,1.216749,POL,UGA,8418
2996842,179,227,1636,2013,16896.0,0.0,0.541454,2.5228610000000002,PRT,UGA,8418
2996843,185,227,1636,2013,127234.0,0.0,0.792035,1.225034,ROU,UGA,8418
2996844,187,227,1636,2013,0.0,29099.0,-0.490519,-0.48427700000000007,RWA,UGA,8418
2996845,190,227,1636,2013,0.0,61488.0,-1.254944,-1.073564,SDN,UGA,8418
2996846,192,227,1636,2013,61698.0,0.0,1.915504,0.619576,SGP,UGA,8418
2996847,202,227,1636,2013,0.0,15984.0,-2.57,-0.8567969999999999,SSD,UGA,8418
2996848,208,227,1636,2013,6083.0,0.0,1.869421,0.228109,SWE,UGA,8418
2996849,216,227,1636,2013,908544.0,0.0,0.8752139999999999,1.3798620000000001,THA,UGA,8418
2996850,224,227,1636,2013,104743.0,0.0,0.42932299999999995,2.690235,TUR,UGA,8418
2996851,226,227,1636,2013,3437.0,0.0,-0.9306770000000001,0.273489,TZA,UGA,8418
2996852,231,227,1636,2013,80368.0,0.0,1.6639689999999998,-0.48651300000000003,USA,UGA,8418
2996853,239,227,1636,2013,826.0,0.0,-0.11426900000000001,1.399738,VNM,UGA,8418
2996854,246,227,1636,2013,639773.0,0.0,0.380284,1.5682120000000002,ZAF,UGA,8418
2996855,249,227,1636,2013,11811.0,0.0,1.843186,0.9432379999999999,TWN,UGA,8418
2996856,174,229,1636,2013,1006.0,0.0,0.507868,0.355403,PHL,UMI,8418
2996857,2,237,1636,2013,0.0,4722.0,-1.172043,-1.133735,AGO,VGB,8418
2996858,16,237,1636,2013,0.0,28391.0,-0.9232870000000001,-1.165928,AZE,VGB,8418
2996859,31,237,1636,2013,1120.0,0.0,-1.039614,-0.95663,BOL,VGB,8418
2996860,32,237,1636,2013,0.0,1239.0,0.14765899999999998,0.399262,BRA,VGB,8418
2996861,61,237,1636,2013,43679.0,0.0,2.093658,-3.4281980000000005,DEU,VGB,8418
2996862,71,237,1636,2013,2127.0,0.0,0.861698,2.353993,ESP,VGB,8418
2996863,81,237,1636,2013,28671.0,0.0,1.7901259999999999,0.44164,GBR,VGB,8418
2996864,100,237,1636,2013,88268.0,0.0,0.898284,1.038807,HRV,VGB,8418
2996865,111,237,1636,2013,8774.0,0.0,1.289924,0.533436,ITA,VGB,8418
2996866,112,237,1636,2013,0.0,1957.0,-0.541441,-0.8448559999999999,JAM,VGB,8418
2996867,138,237,1636,2013,10465.0,0.0,1.048507,0.718932,MEX,VGB,8418
2996868,222,237,1636,2013,10587.0,0.0,-0.280641,-1.083332,TTO,VGB,8418
2996869,224,237,1636,2013,17260.0,0.0,0.42932299999999995,2.690235,TUR,VGB,8418
2996870,228,237,1636,2013,24384.0,0.0,0.657729,0.9063200000000001,UKR,VGB,8418
2996871,231,237,1636,2013,1188188.0,0.0,1.6639689999999998,-0.48651300000000003,USA,VGB,8418
2996872,234,237,1636,2013,0.0,1173.0,0.193198,-0.23631799999999997,VCT,VGB,8418
2996873,7,247,1636,2013,186543.0,0.0,-0.074047,-0.585168,ARE,ZMB,8418
2996874,15,247,1636,2013,68704.0,0.0,1.7209240000000001,-0.286892,AUT,ZMB,8418
2996875,18,247,1636,2013,2920.0,0.0,1.316207,0.972601,BEL,ZMB,8418
2996876,37,247,1636,2013,60883.0,0.0,-0.46761499999999995,-1.0842040000000002,BWA,ZMB,8418
2996877,41,247,1636,2013,1013.0,0.0,2.2104470000000003,0.5403479999999999,CHE,ZMB,8418
2996878,43,247,1636,2013,1757355.0,0.0,1.113767,1.477496,CHN,ZMB,8418
2996879,46,247,1636,2013,1887.0,52866.0,-1.300125,-1.0708010000000001,COD,ZMB,8418
2996880,58,247,1636,2013,658.0,0.0,0.502238,0.349608,CYP,ZMB,8418
2996881,61,247,1636,2013,19325.0,0.0,2.093658,-3.4281980000000005,DEU,ZMB,8418
2996882,64,247,1636,2013,3407.0,0.0,1.161835,1.1788450000000001,DNK,ZMB,8418
2996883,68,247,1636,2013,23421.0,0.0,-0.17418,1.692641,EGY,ZMB,8418
2996884,71,247,1636,2013,1799.0,0.0,0.861698,2.353993,ESP,ZMB,8418
2996885,74,247,1636,2013,68574.0,0.0,1.734552,0.8896940000000001,FIN,ZMB,8418
2996886,77,247,1636,2013,14521.0,0.0,1.520354,0.022874000000000002,FRA,ZMB,8418
2996887,81,247,1636,2013,453115.0,0.0,1.7901259999999999,0.44164,GBR,ZMB,8418
2996888,97,247,1636,2013,39174.0,0.0,0.744383,1.923139,HKG,ZMB,8418
2996889,103,247,1636,2013,15030.0,0.0,-0.216854,1.415728,IDN,ZMB,8418
2996890,104,247,1636,2013,1674704.0,0.0,0.215356,2.3916209999999998,IND,ZMB,8418
2996891,111,247,1636,2013,112942.0,0.0,1.289924,0.533436,ITA,ZMB,8418
2996892,114,247,1636,2013,98545.0,0.0,2.3993130000000003,-0.564768,JPN,ZMB,8418
2996893,116,247,1636,2013,6793.0,0.0,-0.448112,0.8672719999999999,KEN,ZMB,8418
2996894,121,247,1636,2013,473937.0,0.0,1.818383,0.75645,KOR,ZMB,8418
2996895,124,247,1636,2013,56531.0,0.0,0.283084,1.4289100000000001,LBN,ZMB,8418
2996896,128,247,1636,2013,13942.0,0.0,-0.6521779999999999,0.41258599999999995,LKA,ZMB,8418
2996897,131,247,1636,2013,87439.0,0.0,1.170459,1.150327,LUX,ZMB,8418
2996898,147,247,1636,2013,1168.0,0.0,-1.326323,-1.050969,MOZ,ZMB,8418
2996899,151,247,1636,2013,90619.0,0.0,-0.158852,0.0061600000000000005,MUS,ZMB,8418
2996900,152,247,1636,2013,3950.0,15696.0,-0.8992120000000001,-0.862175,MWI,ZMB,8418
2996901,153,247,1636,2013,1561.0,0.0,0.937641,0.747496,MYS,ZMB,8418
2996902,155,247,1636,2013,3712.0,0.0,-0.308643,-0.480617,NAM,ZMB,8418
2996903,162,247,1636,2013,127189.0,0.0,1.184107,1.249557,NLD,ZMB,8418
2996904,177,247,1636,2013,324239.0,0.0,1.084332,1.216749,POL,ZMB,8418
2996905,185,247,1636,2013,14569.0,0.0,0.792035,1.225034,ROU,ZMB,8418
2996906,192,247,1636,2013,60028.0,0.0,1.915504,0.619576,SGP,ZMB,8418
2996907,207,247,1636,2013,610.0,0.0,1.698374,0.563082,SVN,ZMB,8418
2996908,208,247,1636,2013,2662.0,0.0,1.869421,0.228109,SWE,ZMB,8418
2996909,209,247,1636,2013,619983.0,0.0,0.109267,-0.275005,SWZ,ZMB,8418
2996910,216,247,1636,2013,165641.0,0.0,0.8752139999999999,1.3798620000000001,THA,ZMB,8418
2996911,224,247,1636,2013,69033.0,0.0,0.42932299999999995,2.690235,TUR,ZMB,8418
2996912,226,247,1636,2013,4599.0,0.0,-0.9306770000000001,0.273489,TZA,ZMB,8418
2996913,231,247,1636,2013,99008.0,0.0,1.6639689999999998,-0.48651300000000003,USA,ZMB,8418
2996914,246,247,1636,2013,32485040.0,5332.0,0.380284,1.5682120000000002,ZAF,ZMB,8418
2996915,248,247,1636,2013,140742.0,156393.0,-0.828702,-0.899175,ZWE,ZMB,8418
2996916,249,247,1636,2013,126858.0,0.0,1.843186,0.9432379999999999,TWN,ZMB,8418
2996917,3,13,1636,2013,0.0,1443.0,1.5827879999999999,0.127141,AIA,ATG,8418
2996918,32,13,1636,2013,951.0,0.0,0.14765899999999998,0.399262,BRA,ATG,8418
2996919,39,13,1636,2013,8782.0,0.0,0.719649,1.017046,CAN,ATG,8418
2996920,43,13,1636,2013,52458.0,0.0,1.113767,1.477496,CHN,ATG,8418
2996921,55,13,1636,2013,21139.0,0.0,0.029981999999999998,-0.673439,CUW,ATG,8418
2996922,61,13,1636,2013,6005.0,0.0,2.093658,-3.4281980000000005,DEU,ATG,8418
2996923,64,13,1636,2013,3696.0,0.0,1.161835,1.1788450000000001,DNK,ATG,8418
2996924,65,13,1636,2013,3913.0,0.0,-0.277269,0.432388,DOM,ATG,8418
2996925,77,13,1636,2013,34725.0,0.0,1.520354,0.022874000000000002,FRA,ATG,8418
2996926,81,13,1636,2013,10704.0,0.0,1.7901259999999999,0.44164,GBR,ATG,8418
2996927,96,13,1636,2013,0.0,5604.0,-0.8555590000000001,-0.9744450000000001,GUY,ATG,8418
2996928,111,13,1636,2013,17793.0,0.0,1.289924,0.533436,ITA,ATG,8418
2996929,112,13,1636,2013,824.0,0.0,-0.541441,-0.8448559999999999,JAM,ATG,8418
2996930,127,13,1636,2013,1421.0,0.0,0.265129,-0.5083949999999999,LCA,ATG,8418
2996931,138,13,1636,2013,160078.0,0.0,1.048507,0.718932,MEX,ATG,8418
2996932,162,13,1636,2013,1023.0,0.0,1.184107,1.249557,NLD,ATG,8418
2996933,169,13,1636,2013,28132.0,0.0,0.735637,1.161718,PAN,ATG,8418
2996934,191,13,1636,2013,0.0,1172.0,-0.523662,-0.309101,SEN,ATG,8418
2996935,192,13,1636,2013,15328.0,0.0,1.915504,0.619576,SGP,ATG,8418
2996936,222,13,1636,2013,3604.0,0.0,-0.280641,-1.083332,TTO,ATG,8418
2996937,231,13,1636,2013,659823.0,10761.0,1.6639689999999998,-0.48651300000000003,USA,ATG,8418
2996938,234,13,1636,2013,3200.0,0.0,0.193198,-0.23631799999999997,VCT,ATG,8418
2996939,13,127,1636,2013,0.0,1421.0,0.096563,-0.60577,ATG,LCA,8418
2996940,33,127,1636,2013,5211.0,0.0,0.6969489999999999,0.135283,BRB,LCA,8418
2996941,39,127,1636,2013,1063.0,0.0,0.719649,1.017046,CAN,LCA,8418
2996942,42,127,1636,2013,33705.0,0.0,-0.260718,-0.38256100000000004,CHL,LCA,8418
2996943,43,127,1636,2013,174025.0,0.0,1.113767,1.477496,CHN,LCA,8418
2996944,57,127,1636,2013,27566.0,0.0,0.391996,-0.73249,CYM,LCA,8418
2996945,61,127,1636,2013,17214.0,0.0,2.093658,-3.4281980000000005,DEU,LCA,8418
2996946,63,127,1636,2013,10815.0,7174.0,0.054362,-0.156703,DMA,LCA,8418
2996947,64,127,1636,2013,2000.0,0.0,1.161835,1.1788450000000001,DNK,LCA,8418
2996948,77,127,1636,2013,6465.0,7165.0,1.520354,0.022874000000000002,FRA,LCA,8418
2996949,81,127,1636,2013,30552.0,0.0,1.7901259999999999,0.44164,GBR,LCA,8418
2996950,91,127,1636,2013,1777.0,11960.0,0.073206,-0.567926,GRD,LCA,8418
2996951,93,127,1636,2013,2407.0,0.0,-0.41466499999999995,0.774788,GTM,LCA,8418
2996952,97,127,1636,2013,2578.0,0.0,0.744383,1.923139,HKG,LCA,8418
2996953,104,127,1636,2013,5610.0,0.0,0.215356,2.3916209999999998,IND,LCA,8418
2996954,111,127,1636,2013,44529.0,3305.0,1.289924,0.533436,ITA,LCA,8418
2996955,112,127,1636,2013,856.0,52156.0,-0.541441,-0.8448559999999999,JAM,LCA,8418
2996956,138,127,1636,2013,411392.0,6287.0,1.048507,0.718932,MEX,LCA,8418
2996957,153,127,1636,2013,25389.0,0.0,0.937641,0.747496,MYS,LCA,8418
2996958,162,127,1636,2013,91132.0,0.0,1.184107,1.249557,NLD,LCA,8418
2996959,169,127,1636,2013,1283.0,0.0,0.735637,1.161718,PAN,LCA,8418
2996960,222,127,1636,2013,63484.0,0.0,-0.280641,-1.083332,TTO,LCA,8418
2996961,231,127,1636,2013,1277069.0,47777.0,1.6639689999999998,-0.48651300000000003,USA,LCA,8418
2996962,234,127,1636,2013,12606.0,0.0,0.193198,-0.23631799999999997,VCT,LCA,8418
2996963,250,127,1636,2013,2235.0,0.0,0.628555,0.277602,ANS,LCA,8418
2996964,39,149,1636,2013,832.0,0.0,0.719649,1.017046,CAN,MSR,8418
2996965,55,149,1636,2013,10839.0,0.0,0.029981999999999998,-0.673439,CUW,MSR,8418
2996966,63,149,1636,2013,1645.0,0.0,0.054362,-0.156703,DMA,MSR,8418
2996967,81,149,1636,2013,2424.0,0.0,1.7901259999999999,0.44164,GBR,MSR,8418
2996968,111,149,1636,2013,6313.0,0.0,1.289924,0.533436,ITA,MSR,8418
2996969,180,149,1636,2013,1838.0,0.0,-0.566239,-0.9273459999999999,PRY,MSR,8418
2996970,231,149,1636,2013,55607.0,0.0,1.6639689999999998,-0.48651300000000003,USA,MSR,8418
2996971,14,175,1636,2013,6388.0,0.0,-0.31145700000000004,-0.167628,AUS,PLW,8418
2996972,43,175,1636,2013,3069.0,0.0,1.113767,1.477496,CHN,PLW,8418
2996973,95,175,1636,2013,4340.0,0.0,0.483541,0.281968,GUM,PLW,8418
2996974,103,175,1636,2013,691.0,0.0,-0.216854,1.415728,IDN,PLW,8418
2996975,114,175,1636,2013,73395.0,0.0,2.3993130000000003,-0.564768,JPN,PLW,8418
2996976,174,175,1636,2013,1328.0,0.0,0.507868,0.355403,PHL,PLW,8418
2996977,192,175,1636,2013,14457.0,0.0,1.915504,0.619576,SGP,PLW,8418
2996978,231,175,1636,2013,262708.0,0.0,1.6639689999999998,-0.48651300000000003,USA,PLW,8418
2996979,249,175,1636,2013,103990.0,0.0,1.843186,0.9432379999999999,TWN,PLW,8418
2996980,5,2,1636,2013,10309.0,0.0,0.9666530000000001,-0.159606,AND,AGO,8418
2996981,7,2,1636,2013,1497287.0,0.0,-0.074047,-0.585168,ARE,AGO,8418
2996982,8,2,1636,2013,50569.0,0.0,0.20314300000000002,0.494062,ARG,AGO,8418
2996983,14,2,1636,2013,4290.0,0.0,-0.31145700000000004,-0.167628,AUS,AGO,8418
2996984,15,2,1636,2013,20637.0,0.0,1.7209240000000001,-0.286892,AUT,AGO,8418
2996985,18,2,1636,2013,1782126.0,0.0,1.316207,0.972601,BEL,AGO,8418
2996986,23,2,1636,2013,2449.0,0.0,0.5026109999999999,1.674296,BGR,AGO,8418
2996987,32,2,1636,2013,2120363.0,0.0,0.14765899999999998,0.399262,BRA,AGO,8418
2996988,41,2,1636,2013,181045.0,0.0,2.2104470000000003,0.5403479999999999,CHE,AGO,8418
2996989,43,2,1636,2013,52389935.0,0.0,1.113767,1.477496,CHN,AGO,8418
2996990,49,2,1636,2013,17777.0,0.0,0.121799,-0.388239,COL,AGO,8418
2996991,58,2,1636,2013,88082.0,0.0,0.502238,0.349608,CYP,AGO,8418
2996992,59,2,1636,2013,113505.0,0.0,1.819653,-0.12423800000000002,CZE,AGO,8418
2996993,61,2,1636,2013,321810.0,0.0,2.093658,-3.4281980000000005,DEU,AGO,8418
2996994,64,2,1636,2013,92494.0,0.0,1.161835,1.1788450000000001,DNK,AGO,8418
2996995,71,2,1636,2013,8031102.0,0.0,0.861698,2.353993,ESP,AGO,8418
2996996,74,2,1636,2013,7898.0,0.0,1.734552,0.8896940000000001,FIN,AGO,8418
2996997,77,2,1636,2013,2570855.0,0.0,1.520354,0.022874000000000002,FRA,AGO,8418
2996998,80,2,1636,2013,1327.0,0.0,-1.6582830000000002,-1.155302,GAB,AGO,8418
2996999,81,2,1636,2013,9201196.0,0.0,1.7901259999999999,0.44164,GBR,AGO,8418
2997000,83,2,1636,2013,8974.0,0.0,-0.7316010000000001,-0.5327689999999999,GHA,AGO,8418
2997001,85,2,1636,2013,1571.0,0.0,-1.1287459999999998,-1.069735,GIN,AGO,8418
2997002,90,2,1636,2013,492062.0,0.0,0.18823800000000002,0.910906,GRC,AGO,8418
2997003,97,2,1636,2013,27482.0,0.0,0.744383,1.923139,HKG,AGO,8418
2997004,102,2,1636,2013,14036.0,0.0,1.506101,0.7279220000000001,HUN,AGO,8418
2997005,103,2,1636,2013,660012.0,0.0,-0.216854,1.415728,IDN,AGO,8418
2997006,104,2,1636,2013,2236712.0,0.0,0.215356,2.3916209999999998,IND,AGO,8418
2997007,110,2,1636,2013,18526.0,0.0,1.197241,0.633828,ISR,AGO,8418
2997008,111,2,1636,2013,1704268.0,0.0,1.289924,0.533436,ITA,AGO,8418
2997009,114,2,1636,2013,1278205.0,0.0,2.3993130000000003,-0.564768,JPN,AGO,8418
2997010,121,2,1636,2013,986120.0,0.0,1.818383,0.75645,KOR,AGO,8418
2997011,124,2,1636,2013,1114255.0,0.0,0.283084,1.4289100000000001,LBN,AGO,8418
2997012,130,2,1636,2013,5519.0,0.0,0.737796,1.215543,LTU,AGO,8418
2997013,131,2,1636,2013,587944.0,0.0,1.170459,1.150327,LUX,AGO,8418
2997014,142,2,1636,2013,6490.0,0.0,0.8519760000000001,-0.075869,MLT,AGO,8418
2997015,147,2,1636,2013,1710.0,0.0,-1.326323,-1.050969,MOZ,AGO,8418
2997016,148,2,1636,2013,16666.0,0.0,-1.950532,-1.283104,MRT,AGO,8418
2997017,153,2,1636,2013,81530.0,0.0,0.937641,0.747496,MYS,AGO,8418
2997018,155,2,1636,2013,4075660.0,28937.0,-0.308643,-0.480617,NAM,AGO,8418
2997019,162,2,1636,2013,81254.0,0.0,1.184107,1.249557,NLD,AGO,8418
2997020,163,2,1636,2013,16298.0,0.0,0.892099,0.18168399999999998,NOR,AGO,8418
2997021,169,2,1636,2013,2606.0,0.0,0.735637,1.161718,PAN,AGO,8418
2997022,174,2,1636,2013,9484.0,0.0,0.507868,0.355403,PHL,AGO,8418
2997023,177,2,1636,2013,440450.0,0.0,1.084332,1.216749,POL,AGO,8418
2997024,179,2,1636,2013,50110358.0,0.0,0.541454,2.5228610000000002,PRT,AGO,8418
2997025,186,2,1636,2013,3122.0,0.0,0.481166,-0.180052,RUS,AGO,8418
2997026,188,2,1636,2013,9731.0,0.0,0.626347,-0.844406,SAU,AGO,8418
2997027,192,2,1636,2013,3500528.0,0.0,1.915504,0.619576,SGP,AGO,8418
2997028,201,2,1636,2013,557.0,0.0,0.5717720000000001,1.174901,SRB,AGO,8418
2997029,203,2,1636,2013,860.0,490.0,0.8999219999999999,-0.101662,STP,AGO,8418
2997030,208,2,1636,2013,15515.0,0.0,1.869421,0.228109,SWE,AGO,8418
2997031,215,2,1636,2013,172949.0,0.0,-0.598413,-0.49295200000000006,TGO,AGO,8418
2997032,216,2,1636,2013,415607.0,0.0,0.8752139999999999,1.3798620000000001,THA,AGO,8418
2997033,218,2,1636,2013,62415.0,0.0,0.39178,0.035406,TKL,AGO,8418
2997034,224,2,1636,2013,2493773.0,0.0,0.42932299999999995,2.690235,TUR,AGO,8418
2997035,231,2,1636,2013,465367.0,0.0,1.6639689999999998,-0.48651300000000003,USA,AGO,8418
2997036,237,2,1636,2013,4722.0,0.0,0.616863,-0.314222,VGB,AGO,8418
2997037,239,2,1636,2013,74772.0,0.0,-0.11426900000000001,1.399738,VNM,AGO,8418
2997038,246,2,1636,2013,2812136.0,9508.0,0.380284,1.5682120000000002,ZAF,AGO,8418
2997039,249,2,1636,2013,143571.0,0.0,1.843186,0.9432379999999999,TWN,AGO,8418
2997040,7,89,1636,2013,231162.0,0.0,-0.074047,-0.585168,ARE,GNQ,8418
2997041,18,89,1636,2013,383207.0,0.0,1.316207,0.972601,BEL,GNQ,8418
2997042,32,89,1636,2013,61299.0,0.0,0.14765899999999998,0.399262,BRA,GNQ,8418
2997043,43,89,1636,2013,1761548.0,0.0,1.113767,1.477496,CHN,GNQ,8418
2997044,59,89,1636,2013,2440.0,0.0,1.819653,-0.12423800000000002,CZE,GNQ,8418
2997045,61,89,1636,2013,84762.0,0.0,2.093658,-3.4281980000000005,DEU,GNQ,8418
2997046,71,89,1636,2013,2010726.0,0.0,0.861698,2.353993,ESP,GNQ,8418
2997047,77,89,1636,2013,893947.0,0.0,1.520354,0.022874000000000002,FRA,GNQ,8418
2997048,81,89,1636,2013,91083.0,39632.0,1.7901259999999999,0.44164,GBR,GNQ,8418
2997049,110,89,1636,2013,8000.0,0.0,1.197241,0.633828,ISR,GNQ,8418
2997050,111,89,1636,2013,796216.0,0.0,1.289924,0.533436,ITA,GNQ,8418
2997051,124,89,1636,2013,169203.0,0.0,0.283084,1.4289100000000001,LBN,GNQ,8418
2997052,134,89,1636,2013,93367.0,0.0,-0.6494260000000001,-0.035075999999999996,MAR,GNQ,8418
2997053,162,89,1636,2013,11622.0,0.0,1.184107,1.249557,NLD,GNQ,8418
2997054,179,89,1636,2013,158286.0,0.0,0.541454,2.5228610000000002,PRT,GNQ,8418
2997055,185,89,1636,2013,96737.0,0.0,0.792035,1.225034,ROU,GNQ,8418
2997056,192,89,1636,2013,371673.0,0.0,1.915504,0.619576,SGP,GNQ,8418
2997057,224,89,1636,2013,389996.0,0.0,0.42932299999999995,2.690235,TUR,GNQ,8418
2997058,228,89,1636,2013,16004.0,0.0,0.657729,0.9063200000000001,UKR,GNQ,8418
2997059,231,89,1636,2013,276424.0,0.0,1.6639689999999998,-0.48651300000000003,USA,GNQ,8418
2997060,246,89,1636,2013,2916.0,0.0,0.380284,1.5682120000000002,ZAF,GNQ,8418
2997061,7,126,1636,2013,1049853.0,0.0,-0.074047,-0.585168,ARE,LBY,8418
2997062,15,126,1636,2013,65380.0,0.0,1.7209240000000001,-0.286892,AUT,LBY,8418
2997063,18,126,1636,2013,817678.0,4965.0,1.316207,0.972601,BEL,LBY,8418
2997064,39,126,1636,2013,12087.0,0.0,0.719649,1.017046,CAN,LBY,8418
2997065,41,126,1636,2013,266355.0,0.0,2.2104470000000003,0.5403479999999999,CHE,LBY,8418
2997066,43,126,1636,2013,17507006.0,0.0,1.113767,1.477496,CHN,LBY,8418
2997067,59,126,1636,2013,23966.0,0.0,1.819653,-0.12423800000000002,CZE,LBY,8418
2997068,61,126,1636,2013,2936142.0,0.0,2.093658,-3.4281980000000005,DEU,LBY,8418
2997069,64,126,1636,2013,94135.0,0.0,1.161835,1.1788450000000001,DNK,LBY,8418
2997070,68,126,1636,2013,2078865.0,0.0,-0.17418,1.692641,EGY,LBY,8418
2997071,71,126,1636,2013,938629.0,0.0,0.861698,2.353993,ESP,LBY,8418
2997072,77,126,1636,2013,1582596.0,0.0,1.520354,0.022874000000000002,FRA,LBY,8418
2997073,81,126,1636,2013,745484.0,0.0,1.7901259999999999,0.44164,GBR,LBY,8418
2997074,83,126,1636,2013,0.0,1056.0,-0.7316010000000001,-0.5327689999999999,GHA,LBY,8418
2997075,90,126,1636,2013,100829.0,0.0,0.18823800000000002,0.910906,GRC,LBY,8418
2997076,102,126,1636,2013,122697.0,0.0,1.506101,0.7279220000000001,HUN,LBY,8418
2997077,103,126,1636,2013,2095984.0,0.0,-0.216854,1.415728,IDN,LBY,8418
2997078,104,126,1636,2013,186235.0,0.0,0.215356,2.3916209999999998,IND,LBY,8418
2997079,106,126,1636,2013,143164.0,0.0,1.29988,0.240688,IRL,LBY,8418
2997080,111,126,1636,2013,14098958.0,0.0,1.289924,0.533436,ITA,LBY,8418
2997081,114,126,1636,2013,260793.0,0.0,2.3993130000000003,-0.564768,JPN,LBY,8418
2997082,121,126,1636,2013,4821868.0,0.0,1.818383,0.75645,KOR,LBY,8418
2997083,124,126,1636,2013,167847.0,0.0,0.283084,1.4289100000000001,LBN,LBY,8418
2997084,128,126,1636,2013,16275.0,0.0,-0.6521779999999999,0.41258599999999995,LKA,LBY,8418
2997085,131,126,1636,2013,4457.0,0.0,1.170459,1.150327,LUX,LBY,8418
2997086,134,126,1636,2013,609516.0,0.0,-0.6494260000000001,-0.035075999999999996,MAR,LBY,8418
2997087,138,126,1636,2013,234696.0,0.0,1.048507,0.718932,MEX,LBY,8418
2997088,142,126,1636,2013,5170.0,0.0,0.8519760000000001,-0.075869,MLT,LBY,8418
2997089,153,126,1636,2013,7928.0,0.0,0.937641,0.747496,MYS,LBY,8418
2997090,157,126,1636,2013,0.0,4176.0,-1.268738,-0.942256,NER,LBY,8418
2997091,162,126,1636,2013,1535894.0,0.0,1.184107,1.249557,NLD,LBY,8418
2997092,168,126,1636,2013,14218.0,0.0,-0.75727,0.769703,PAK,LBY,8418
2997093,177,126,1636,2013,89195.0,0.0,1.084332,1.216749,POL,LBY,8418
2997094,179,126,1636,2013,1948006.0,0.0,0.541454,2.5228610000000002,PRT,LBY,8418
2997095,185,126,1636,2013,7453812.0,0.0,0.792035,1.225034,ROU,LBY,8418
2997096,188,126,1636,2013,75467.0,0.0,0.626347,-0.844406,SAU,LBY,8418
2997097,206,126,1636,2013,1334.0,0.0,1.32064,0.7519819999999999,SVK,LBY,8418
2997098,207,126,1636,2013,1703.0,0.0,1.698374,0.563082,SVN,LBY,8418
2997099,208,126,1636,2013,6450.0,0.0,1.869421,0.228109,SWE,LBY,8418
2997100,216,126,1636,2013,12940585.0,0.0,0.8752139999999999,1.3798620000000001,THA,LBY,8418
2997101,223,126,1636,2013,5668297.0,0.0,0.185528,1.0070700000000001,TUN,LBY,8418
2997102,224,126,1636,2013,49045856.0,0.0,0.42932299999999995,2.690235,TUR,LBY,8418
2997103,231,126,1636,2013,783784.0,0.0,1.6639689999999998,-0.48651300000000003,USA,LBY,8418
2997104,249,126,1636,2013,7830.0,0.0,1.843186,0.9432379999999999,TWN,LBY,8418
2997105,7,141,1636,2013,45486.0,0.0,-0.074047,-0.585168,ARE,MLI,8418
2997106,14,141,1636,2013,32848.0,0.0,-0.31145700000000004,-0.167628,AUS,MLI,8418
2997107,18,141,1636,2013,57634.0,0.0,1.316207,0.972601,BEL,MLI,8418
2997108,21,141,1636,2013,0.0,1797.0,-0.9110360000000001,-0.852492,BFA,MLI,8418
2997109,39,141,1636,2013,1070.0,0.0,0.719649,1.017046,CAN,MLI,8418
2997110,43,141,1636,2013,781505.0,0.0,1.113767,1.477496,CHN,MLI,8418
2997111,44,141,1636,2013,347954.0,12363.0,-0.923558,-0.866642,CIV,MLI,8418
2997112,61,141,1636,2013,161578.0,0.0,2.093658,-3.4281980000000005,DEU,MLI,8418
2997113,64,141,1636,2013,139384.0,0.0,1.161835,1.1788450000000001,DNK,MLI,8418
2997114,71,141,1636,2013,59790.0,0.0,0.861698,2.353993,ESP,MLI,8418
2997115,77,141,1636,2013,1813462.0,0.0,1.520354,0.022874000000000002,FRA,MLI,8418
2997116,81,141,1636,2013,130034.0,0.0,1.7901259999999999,0.44164,GBR,MLI,8418
2997117,83,141,1636,2013,1739.0,0.0,-0.7316010000000001,-0.5327689999999999,GHA,MLI,8418
2997118,87,141,1636,2013,31324.0,0.0,-0.5571550000000001,-0.6860310000000001,GMB,MLI,8418
2997119,104,141,1636,2013,175359.0,0.0,0.215356,2.3916209999999998,IND,MLI,8418
2997120,111,141,1636,2013,86462.0,0.0,1.289924,0.533436,ITA,MLI,8418
2997121,121,141,1636,2013,79599.0,0.0,1.818383,0.75645,KOR,MLI,8418
2997122,124,141,1636,2013,37159.0,0.0,0.283084,1.4289100000000001,LBN,MLI,8418
2997123,131,141,1636,2013,1467.0,0.0,1.170459,1.150327,LUX,MLI,8418
2997124,162,141,1636,2013,10943.0,0.0,1.184107,1.249557,NLD,MLI,8418
2997125,177,141,1636,2013,18622.0,0.0,1.084332,1.216749,POL,MLI,8418
2997126,179,141,1636,2013,316997.0,0.0,0.541454,2.5228610000000002,PRT,MLI,8418
2997127,191,141,1636,2013,281744.0,0.0,-0.523662,-0.309101,SEN,MLI,8418
2997128,215,141,1636,2013,6067.0,0.0,-0.598413,-0.49295200000000006,TGO,MLI,8418
2997129,223,141,1636,2013,33768.0,0.0,0.185528,1.0070700000000001,TUN,MLI,8418
2997130,224,141,1636,2013,424336.0,0.0,0.42932299999999995,2.690235,TUR,MLI,8418
2997131,231,141,1636,2013,144951.0,0.0,1.6639689999999998,-0.48651300000000003,USA,MLI,8418
2997132,246,141,1636,2013,41700.0,0.0,0.380284,1.5682120000000002,ZAF,MLI,8418
2997133,4,144,1636,2013,5169.0,25829.0,-0.53682,-0.162391,ALB,MNE,8418
2997134,15,144,1636,2013,362658.0,0.0,1.7209240000000001,-0.286892,AUT,MNE,8418
2997135,18,144,1636,2013,175827.0,0.0,1.316207,0.972601,BEL,MNE,8418
2997136,23,144,1636,2013,420631.0,0.0,0.5026109999999999,1.674296,BGR,MNE,8418
2997137,26,144,1636,2013,184234.0,328036.0,0.46743199999999996,0.7340800000000001,BIH,MNE,8418
2997138,41,144,1636,2013,5397.0,0.0,2.2104470000000003,0.5403479999999999,CHE,MNE,8418
2997139,43,144,1636,2013,229126.0,0.0,1.113767,1.477496,CHN,MNE,8418
2997140,58,144,1636,2013,807.0,0.0,0.502238,0.349608,CYP,MNE,8418
2997141,59,144,1636,2013,10498.0,0.0,1.819653,-0.12423800000000002,CZE,MNE,8418
2997142,61,144,1636,2013,123065.0,0.0,2.093658,-3.4281980000000005,DEU,MNE,8418
2997143,64,144,1636,2013,3429.0,0.0,1.161835,1.1788450000000001,DNK,MNE,8418
2997144,71,144,1636,2013,14663.0,0.0,0.861698,2.353993,ESP,MNE,8418
2997145,77,144,1636,2013,191130.0,0.0,1.520354,0.022874000000000002,FRA,MNE,8418
2997146,81,144,1636,2013,4544.0,0.0,1.7901259999999999,0.44164,GBR,MNE,8418
2997147,90,144,1636,2013,161433.0,0.0,0.18823800000000002,0.910906,GRC,MNE,8418
2997148,100,144,1636,2013,262469.0,80410.0,0.898284,1.038807,HRV,MNE,8418
2997149,102,144,1636,2013,222774.0,10784.0,1.506101,0.7279220000000001,HUN,MNE,8418
2997150,103,144,1636,2013,17683.0,0.0,-0.216854,1.415728,IDN,MNE,8418
2997151,111,144,1636,2013,1576523.0,1967.0,1.289924,0.533436,ITA,MNE,8418
2997152,114,144,1636,2013,7076.0,0.0,2.3993130000000003,-0.564768,JPN,MNE,8418
2997153,121,144,1636,2013,17048.0,0.0,1.818383,0.75645,KOR,MNE,8418
2997154,124,144,1636,2013,3286.0,0.0,0.283084,1.4289100000000001,LBN,MNE,8418
2997155,140,144,1636,2013,114333.0,146212.0,-0.10859400000000001,0.155229,MKD,MNE,8418
2997156,153,144,1636,2013,554.0,0.0,0.937641,0.747496,MYS,MNE,8418
2997157,162,144,1636,2013,12280.0,8148.0,1.184107,1.249557,NLD,MNE,8418
2997158,163,144,1636,2013,0.0,40834.0,0.892099,0.18168399999999998,NOR,MNE,8418
2997159,177,144,1636,2013,121999.0,0.0,1.084332,1.216749,POL,MNE,8418
2997160,185,144,1636,2013,1269676.0,0.0,0.792035,1.225034,ROU,MNE,8418
2997161,186,144,1636,2013,39188.0,0.0,0.481166,-0.180052,RUS,MNE,8418
2997162,201,144,1636,2013,3036393.0,243578.0,0.5717720000000001,1.174901,SRB,MNE,8418
2997163,206,144,1636,2013,174265.0,0.0,1.32064,0.7519819999999999,SVK,MNE,8418
2997164,207,144,1636,2013,1354106.0,8241.0,1.698374,0.563082,SVN,MNE,8418
2997165,216,144,1636,2013,14144.0,0.0,0.8752139999999999,1.3798620000000001,THA,MNE,8418
2997166,224,144,1636,2013,864900.0,0.0,0.42932299999999995,2.690235,TUR,MNE,8418
2997167,228,144,1636,2013,30348.0,0.0,0.657729,0.9063200000000001,UKR,MNE,8418
2997168,231,144,1636,2013,3948.0,0.0,1.6639689999999998,-0.48651300000000003,USA,MNE,8418
2997169,250,144,1636,2013,43929.0,507496.0,0.628555,0.277602,ANS,MNE,8418
2997170,8,198,1636,2013,0.0,4731.0,0.20314300000000002,0.494062,ARG,SMR,8418
2997171,15,198,1636,2013,0.0,380730.0,1.7209240000000001,-0.286892,AUT,SMR,8418
2997172,32,198,1636,2013,0.0,18054.0,0.14765899999999998,0.399262,BRA,SMR,8418
2997173,41,198,1636,2013,0.0,1033.0,2.2104470000000003,0.5403479999999999,CHE,SMR,8418
2997174,59,198,1636,2013,1610.0,4887.0,1.819653,-0.12423800000000002,CZE,SMR,8418
2997175,61,198,1636,2013,0.0,262119.0,2.093658,-3.4281980000000005,DEU,SMR,8418
2997176,71,198,1636,2013,0.0,2143.0,0.861698,2.353993,ESP,SMR,8418
2997177,74,198,1636,2013,0.0,17327.0,1.734552,0.8896940000000001,FIN,SMR,8418
2997178,77,198,1636,2013,315861.0,0.0,1.520354,0.022874000000000002,FRA,SMR,8418
2997179,138,198,1636,2013,0.0,22461.0,1.048507,0.718932,MEX,SMR,8418
2997180,162,198,1636,2013,0.0,28376.0,1.184107,1.249557,NLD,SMR,8418
2997181,185,198,1636,2013,13393.0,0.0,0.792035,1.225034,ROU,SMR,8418
2997182,186,198,1636,2013,0.0,5479.0,0.481166,-0.180052,RUS,SMR,8418
2997183,208,198,1636,2013,0.0,1044.0,1.869421,0.228109,SWE,SMR,8418
2997184,224,198,1636,2013,0.0,1719.0,0.42932299999999995,2.690235,TUR,SMR,8418
2997185,231,198,1636,2013,7964.0,0.0,1.6639689999999998,-0.48651300000000003,USA,SMR,8418
2997186,246,198,1636,2013,0.0,2447.0,0.380284,1.5682120000000002,ZAF,SMR,8418
2997187,39,213,1636,2013,4814.0,0.0,0.719649,1.017046,CAN,TCA,8418
2997188,43,213,1636,2013,2792.0,0.0,1.113767,1.477496,CHN,TCA,8418
2997189,112,213,1636,2013,3676.0,0.0,-0.541441,-0.8448559999999999,JAM,TCA,8418
2997190,231,213,1636,2013,1002486.0,0.0,1.6639689999999998,-0.48651300000000003,USA,TCA,8418
2997191,7,217,1636,2013,230479.0,0.0,-0.074047,-0.585168,ARE,TJK,8418
2997192,15,217,1636,2013,0.0,1841.0,1.7209240000000001,-0.286892,AUT,TJK,8418
2997193,28,217,1636,2013,1946463.0,0.0,1.036923,0.864568,BLR,TJK,8418
2997194,43,217,1636,2013,9701211.0,0.0,1.113767,1.477496,CHN,TJK,8418
2997195,59,217,1636,2013,1435.0,0.0,1.819653,-0.12423800000000002,CZE,TJK,8418
2997196,61,217,1636,2013,229100.0,0.0,2.093658,-3.4281980000000005,DEU,TJK,8418
2997197,66,217,1636,2013,0.0,11989.0,-1.373947,-1.1523459999999999,DZA,TJK,8418
2997198,72,217,1636,2013,6873.0,0.0,0.8828940000000001,1.386574,EST,TJK,8418
2997199,103,217,1636,2013,870126.0,0.0,-0.216854,1.415728,IDN,TJK,8418
2997200,107,217,1636,2013,549072.0,0.0,-0.339172,-0.237114,IRN,TJK,8418
2997201,111,217,1636,2013,44278.0,0.0,1.289924,0.533436,ITA,TJK,8418
2997202,121,217,1636,2013,165930.0,0.0,1.818383,0.75645,KOR,TJK,8418
2997203,130,217,1636,2013,134671.0,0.0,0.737796,1.215543,LTU,TJK,8418
2997204,177,217,1636,2013,1328.0,0.0,1.084332,1.216749,POL,TJK,8418
2997205,186,217,1636,2013,1666061.0,0.0,0.481166,-0.180052,RUS,TJK,8418
2997206,207,217,1636,2013,35122.0,0.0,1.698374,0.563082,SVN,TJK,8418
2997207,216,217,1636,2013,477271.0,0.0,0.8752139999999999,1.3798620000000001,THA,TJK,8418
2997208,224,217,1636,2013,775404.0,0.0,0.42932299999999995,2.690235,TUR,TJK,8418
2997209,228,217,1636,2013,1437912.0,0.0,0.657729,0.9063200000000001,UKR,TJK,8418
2997210,231,217,1636,2013,3563.0,0.0,1.6639689999999998,-0.48651300000000003,USA,TJK,8418
2997211,43,0,1636,2013,222643.0,0.0,1.113767,1.477496,CHN,ABW,8418
2997212,49,0,1636,2013,7050.0,5688.0,0.121799,-0.388239,COL,ABW,8418
2997213,55,0,1636,2013,2065.0,2470.0,0.029981999999999998,-0.673439,CUW,ABW,8418
2997214,61,0,1636,2013,10598.0,0.0,2.093658,-3.4281980000000005,DEU,ABW,8418
2997215,65,0,1636,2013,34877.0,12486.0,-0.277269,0.432388,DOM,ABW,8418
2997216,71,0,1636,2013,951.0,0.0,0.861698,2.353993,ESP,ABW,8418
2997217,81,0,1636,2013,20442.0,0.0,1.7901259999999999,0.44164,GBR,ABW,8418
2997218,93,0,1636,2013,77721.0,0.0,-0.41466499999999995,0.774788,GTM,ABW,8418
2997219,111,0,1636,2013,107349.0,0.0,1.289924,0.533436,ITA,ABW,8418
2997220,113,0,1636,2013,0.0,87295.0,0.152659,0.5889979999999999,JOR,ABW,8418
2997221,138,0,1636,2013,448410.0,0.0,1.048507,0.718932,MEX,ABW,8418
2997222,162,0,1636,2013,108389.0,8198.0,1.184107,1.249557,NLD,ABW,8418
2997223,169,0,1636,2013,844411.0,0.0,0.735637,1.161718,PAN,ABW,8418
2997224,188,0,1636,2013,0.0,154452.0,0.626347,-0.844406,SAU,ABW,8418
2997225,190,0,1636,2013,0.0,44956.0,-1.254944,-1.073564,SDN,ABW,8418
2997226,222,0,1636,2013,0.0,3100.0,-0.280641,-1.083332,TTO,ABW,8418
2997227,231,0,1636,2013,2353430.0,0.0,1.6639689999999998,-0.48651300000000003,USA,ABW,8418
2997228,236,0,1636,2013,19211.0,1529.0,-0.778172,-1.107059,VEN,ABW,8418
2997229,249,0,1636,2013,22062.0,0.0,1.843186,0.9432379999999999,TWN,ABW,8418
2997230,250,0,1636,2013,295504.0,0.0,0.628555,0.277602,ANS,ABW,8418
2997231,7,1,1636,2013,964737.0,0.0,-0.074047,-0.585168,ARE,AFG,8418
2997232,18,1,1636,2013,5463.0,0.0,1.316207,0.972601,BEL,AFG,8418
2997233,43,1,1636,2013,3779966.0,0.0,1.113767,1.477496,CHN,AFG,8418
2997234,59,1,1636,2013,17126.0,0.0,1.819653,-0.12423800000000002,CZE,AFG,8418
2997235,61,1,1636,2013,197389.0,0.0,2.093658,-3.4281980000000005,DEU,AFG,8418
2997236,64,1,1636,2013,56920.0,0.0,1.161835,1.1788450000000001,DNK,AFG,8418
2997237,81,1,1636,2013,69587.0,0.0,1.7901259999999999,0.44164,GBR,AFG,8418
2997238,97,1,1636,2013,5425.0,0.0,0.744383,1.923139,HKG,AFG,8418
2997239,104,1,1636,2013,130468.0,0.0,0.215356,2.3916209999999998,IND,AFG,8418
2997240,107,1,1636,2013,1749866.0,0.0,-0.339172,-0.237114,IRN,AFG,8418
2997241,111,1,1636,2013,159649.0,0.0,1.289924,0.533436,ITA,AFG,8418
2997242,114,1,1636,2013,216055.0,0.0,2.3993130000000003,-0.564768,JPN,AFG,8418
2997243,121,1,1636,2013,18554.0,0.0,1.818383,0.75645,KOR,AFG,8418
2997244,131,1,1636,2013,117522.0,0.0,1.170459,1.150327,LUX,AFG,8418
2997245,162,1,1636,2013,108404.0,56558.0,1.184107,1.249557,NLD,AFG,8418
2997246,163,1,1636,2013,12639.0,0.0,0.892099,0.18168399999999998,NOR,AFG,8418
2997247,168,1,1636,2013,18867701.0,0.0,-0.75727,0.769703,PAK,AFG,8418
2997248,192,1,1636,2013,365708.0,0.0,1.915504,0.619576,SGP,AFG,8418
2997249,208,1,1636,2013,40568.0,0.0,1.869421,0.228109,SWE,AFG,8418
2997250,216,1,1636,2013,762296.0,0.0,0.8752139999999999,1.3798620000000001,THA,AFG,8418
2997251,224,1,1636,2013,586859.0,0.0,0.42932299999999995,2.690235,TUR,AFG,8418
2997252,231,1,1636,2013,561347.0,0.0,1.6639689999999998,-0.48651300000000003,USA,AFG,8418
2997253,246,1,1636,2013,27616.0,0.0,0.380284,1.5682120000000002,ZAF,AFG,8418
2997254,13,3,1636,2013,1443.0,0.0,0.096563,-0.60577,ATG,AIA,8418
2997255,231,3,1636,2013,650121.0,0.0,1.6639689999999998,-0.48651300000000003,USA,AIA,8418
2997256,7,17,1636,2013,163741.0,0.0,-0.074047,-0.585168,ARE,BDI,8418
2997257,18,17,1636,2013,58317.0,0.0,1.316207,0.972601,BEL,BDI,8418
2997258,43,17,1636,2013,87560.0,0.0,1.113767,1.477496,CHN,BDI,8418
2997259,61,17,1636,2013,125269.0,0.0,2.093658,-3.4281980000000005,DEU,BDI,8418
2997260,64,17,1636,2013,25997.0,0.0,1.161835,1.1788450000000001,DNK,BDI,8418
2997261,68,17,1636,2013,39995.0,0.0,-0.17418,1.692641,EGY,BDI,8418
2997262,74,17,1636,2013,43787.0,0.0,1.734552,0.8896940000000001,FIN,BDI,8418
2997263,77,17,1636,2013,97043.0,0.0,1.520354,0.022874000000000002,FRA,BDI,8418
2997264,81,17,1636,2013,21903.0,0.0,1.7901259999999999,0.44164,GBR,BDI,8418
2997265,103,17,1636,2013,14546.0,0.0,-0.216854,1.415728,IDN,BDI,8418
2997266,104,17,1636,2013,11101.0,0.0,0.215356,2.3916209999999998,IND,BDI,8418
2997267,111,17,1636,2013,10165.0,0.0,1.289924,0.533436,ITA,BDI,8418
2997268,116,17,1636,2013,2717.0,0.0,-0.448112,0.8672719999999999,KEN,BDI,8418
2997269,121,17,1636,2013,3850.0,0.0,1.818383,0.75645,KOR,BDI,8418
2997270,131,17,1636,2013,840.0,0.0,1.170459,1.150327,LUX,BDI,8418
2997271,162,17,1636,2013,588166.0,0.0,1.184107,1.249557,NLD,BDI,8418
2997272,187,17,1636,2013,17366.0,0.0,-0.490519,-0.48427700000000007,RWA,BDI,8418
2997273,208,17,1636,2013,66475.0,0.0,1.869421,0.228109,SWE,BDI,8418
2997274,227,17,1636,2013,2737.0,0.0,-0.5462279999999999,0.200682,UGA,BDI,8418
2997275,246,17,1636,2013,6358.0,0.0,0.380284,1.5682120000000002,ZAF,BDI,8418
2997276,7,38,1636,2013,7553.0,0.0,-0.074047,-0.585168,ARE,CAF,8418
2997277,15,38,1636,2013,5434.0,0.0,1.7209240000000001,-0.286892,AUT,CAF,8418
2997278,18,38,1636,2013,13236.0,0.0,1.316207,0.972601,BEL,CAF,8418
2997279,32,38,1636,2013,7026.0,0.0,0.14765899999999998,0.399262,BRA,CAF,8418
2997280,43,38,1636,2013,104211.0,0.0,1.113767,1.477496,CHN,CAF,8418
2997281,61,38,1636,2013,20149.0,0.0,2.093658,-3.4281980000000005,DEU,CAF,8418
2997282,64,38,1636,2013,4873.0,0.0,1.161835,1.1788450000000001,DNK,CAF,8418
2997283,68,38,1636,2013,10782.0,0.0,-0.17418,1.692641,EGY,CAF,8418
2997284,77,38,1636,2013,168496.0,0.0,1.520354,0.022874000000000002,FRA,CAF,8418
2997285,81,38,1636,2013,18825.0,0.0,1.7901259999999999,0.44164,GBR,CAF,8418
2997286,97,38,1636,2013,2681.0,0.0,0.744383,1.923139,HKG,CAF,8418
2997287,111,38,1636,2013,11142.0,0.0,1.289924,0.533436,ITA,CAF,8418
2997288,121,38,1636,2013,4645.0,0.0,1.818383,0.75645,KOR,CAF,8418
2997289,124,38,1636,2013,207003.0,0.0,0.283084,1.4289100000000001,LBN,CAF,8418
2997290,162,38,1636,2013,10989.0,0.0,1.184107,1.249557,NLD,CAF,8418
2997291,7,50,1636,2013,277111.0,0.0,-0.074047,-0.585168,ARE,COM,8418
2997292,18,50,1636,2013,14015.0,0.0,1.316207,0.972601,BEL,COM,8418
2997293,43,50,1636,2013,71248.0,0.0,1.113767,1.477496,CHN,COM,8418
2997294,77,50,1636,2013,194244.0,0.0,1.520354,0.022874000000000002,FRA,COM,8418
2997295,81,50,1636,2013,32197.0,0.0,1.7901259999999999,0.44164,GBR,COM,8418
2997296,97,50,1636,2013,1087.0,0.0,0.744383,1.923139,HKG,COM,8418
2997297,111,50,1636,2013,29683.0,0.0,1.289924,0.533436,ITA,COM,8418
2997298,136,50,1636,2013,5681.0,0.0,-1.068565,-0.364254,MDG,COM,8418
2997299,151,50,1636,2013,9495.0,0.0,-0.158852,0.0061600000000000005,MUS,COM,8418
2997300,154,50,1636,2013,1703.0,0.0,0.9851690000000001,-0.504069,MYT,COM,8418
2997301,188,50,1636,2013,1639.0,0.0,0.626347,-0.844406,SAU,COM,8418
2997302,216,50,1636,2013,3115.0,0.0,0.8752139999999999,1.3798620000000001,THA,COM,8418
2997303,226,50,1636,2013,2752.0,0.0,-0.9306770000000001,0.273489,TZA,COM,8418
2997304,246,50,1636,2013,15983.0,0.0,0.380284,1.5682120000000002,ZAF,COM,8418
2997305,33,63,1636,2013,0.0,2537.0,0.6969489999999999,0.135283,BRB,DMA,8418
2997306,43,63,1636,2013,185515.0,0.0,1.113767,1.477496,CHN,DMA,8418
2997307,61,63,1636,2013,2593.0,0.0,2.093658,-3.4281980000000005,DEU,DMA,8418
2997308,68,63,1636,2013,0.0,39611.0,-0.17418,1.692641,EGY,DMA,8418
2997309,111,63,1636,2013,22036.0,0.0,1.289924,0.533436,ITA,DMA,8418
2997310,121,63,1636,2013,6532.0,0.0,1.818383,0.75645,KOR,DMA,8418
2997311,127,63,1636,2013,7174.0,10815.0,0.265129,-0.5083949999999999,LCA,DMA,8418
2997312,138,63,1636,2013,205608.0,0.0,1.048507,0.718932,MEX,DMA,8418
2997313,149,63,1636,2013,0.0,1645.0,1.610652,0.079868,MSR,DMA,8418
2997314,169,63,1636,2013,1354.0,0.0,0.735637,1.161718,PAN,DMA,8418
2997315,222,63,1636,2013,7037.0,0.0,-0.280641,-1.083332,TTO,DMA,8418
2997316,231,63,1636,2013,221090.0,0.0,1.6639689999999998,-0.48651300000000003,USA,DMA,8418
2997317,7,69,1636,2013,407661.0,0.0,-0.074047,-0.585168,ARE,ERI,8418
2997318,43,69,1636,2013,51803.0,0.0,1.113767,1.477496,CHN,ERI,8418
2997319,61,69,1636,2013,69224.0,0.0,2.093658,-3.4281980000000005,DEU,ERI,8418
2997320,64,69,1636,2013,12291.0,0.0,1.161835,1.1788450000000001,DNK,ERI,8418
2997321,74,69,1636,2013,26528.0,0.0,1.734552,0.8896940000000001,FIN,ERI,8418
2997322,81,69,1636,2013,140237.0,0.0,1.7901259999999999,0.44164,GBR,ERI,8418
2997323,111,69,1636,2013,33057.0,0.0,1.289924,0.533436,ITA,ERI,8418
2997324,131,69,1636,2013,36422.0,0.0,1.170459,1.150327,LUX,ERI,8418
2997325,246,69,1636,2013,11709.0,0.0,0.380284,1.5682120000000002,ZAF,ERI,8418
2997326,14,75,1636,2013,974739.0,0.0,-0.31145700000000004,-0.167628,AUS,FJI,8418
2997327,15,75,1636,2013,8304.0,0.0,1.7209240000000001,-0.286892,AUT,FJI,8418
2997328,39,75,1636,2013,10091.0,0.0,0.719649,1.017046,CAN,FJI,8418
2997329,43,75,1636,2013,2992251.0,0.0,1.113767,1.477496,CHN,FJI,8418
2997330,56,75,1636,2013,0.0,27951.0,0.972676,-0.5206729999999999,CXR,FJI,8418
2997331,59,75,1636,2013,15174.0,0.0,1.819653,-0.12423800000000002,CZE,FJI,8418
2997332,61,75,1636,2013,46057.0,0.0,2.093658,-3.4281980000000005,DEU,FJI,8418
2997333,64,75,1636,2013,10246.0,0.0,1.161835,1.1788450000000001,DNK,FJI,8418
2997334,81,75,1636,2013,39235.0,0.0,1.7901259999999999,0.44164,GBR,FJI,8418
2997335,97,75,1636,2013,413520.0,0.0,0.744383,1.923139,HKG,FJI,8418
2997336,103,75,1636,2013,86347.0,0.0,-0.216854,1.415728,IDN,FJI,8418
2997337,104,75,1636,2013,414434.0,0.0,0.215356,2.3916209999999998,IND,FJI,8418
2997338,106,75,1636,2013,7022.0,0.0,1.29988,0.240688,IRL,FJI,8418
2997339,111,75,1636,2013,46991.0,0.0,1.289924,0.533436,ITA,FJI,8418
2997340,114,75,1636,2013,177491.0,0.0,2.3993130000000003,-0.564768,JPN,FJI,8418
2997341,119,75,1636,2013,0.0,172861.0,-0.258825,-0.781927,KIR,FJI,8418
2997342,121,75,1636,2013,958093.0,0.0,1.818383,0.75645,KOR,FJI,8418
2997343,128,75,1636,2013,14131.0,0.0,-0.6521779999999999,0.41258599999999995,LKA,FJI,8418
2997344,153,75,1636,2013,175933.0,0.0,0.937641,0.747496,MYS,FJI,8418
2997345,161,75,1636,2013,0.0,4396.0,1.901559,-0.039522,NIU,FJI,8418
2997346,165,75,1636,2013,0.0,35832.0,0.8494780000000001,-0.587259,NRU,FJI,8418
2997347,166,75,1636,2013,2490211.0,55884.0,0.3345,0.39063000000000003,NZL,FJI,8418
2997348,176,75,1636,2013,0.0,13213.0,-1.444244,-1.144231,PNG,FJI,8418
2997349,192,75,1636,2013,691308.0,0.0,1.915504,0.619576,SGP,FJI,8418
2997350,195,75,1636,2013,0.0,30318.0,-0.9350860000000001,-0.877676,SLB,FJI,8418
2997351,216,75,1636,2013,699617.0,0.0,0.8752139999999999,1.3798620000000001,THA,FJI,8418
2997352,221,75,1636,2013,1623.0,113974.0,0.183053,-0.345657,TON,FJI,8418
2997353,224,75,1636,2013,6112.0,0.0,0.42932299999999995,2.690235,TUR,FJI,8418
2997354,225,75,1636,2013,0.0,17789.0,0.002879,-0.779308,TUV,FJI,8418
2997355,231,75,1636,2013,55173.0,0.0,1.6639689999999998,-0.48651300000000003,USA,FJI,8418
2997356,239,75,1636,2013,270859.0,0.0,-0.11426900000000001,1.399738,VNM,FJI,8418
2997357,240,75,1636,2013,0.0,114063.0,-0.6548689999999999,-0.811184,VUT,FJI,8418
2997358,241,75,1636,2013,0.0,10909.0,1.4608299999999999,-0.567281,WLF,FJI,8418
2997359,242,75,1636,2013,0.0,28431.0,0.824724,0.056441,WSM,FJI,8418
2997360,249,75,1636,2013,104845.0,0.0,1.843186,0.9432379999999999,TWN,FJI,8418
2997361,39,78,1636,2013,3510.0,0.0,0.719649,1.017046,CAN,FRO,8418
2997362,59,78,1636,2013,85739.0,0.0,1.819653,-0.12423800000000002,CZE,FRO,8418
2997363,61,78,1636,2013,279055.0,0.0,2.093658,-3.4281980000000005,DEU,FRO,8418
2997364,64,78,1636,2013,4303328.0,4129.0,1.161835,1.1788450000000001,DNK,FRO,8418
2997365,71,78,1636,2013,3330.0,0.0,0.861698,2.353993,ESP,FRO,8418
2997366,81,78,1636,2013,31717.0,0.0,1.7901259999999999,0.44164,GBR,FRO,8418
2997367,109,78,1636,2013,15126.0,0.0,0.259374,-0.20413299999999998,ISL,FRO,8418
2997368,130,78,1636,2013,104633.0,0.0,0.737796,1.215543,LTU,FRO,8418
2997369,162,78,1636,2013,150257.0,0.0,1.184107,1.249557,NLD,FRO,8418
2997370,163,78,1636,2013,11942.0,0.0,0.892099,0.18168399999999998,NOR,FRO,8418
2997371,208,78,1636,2013,400252.0,0.0,1.869421,0.228109,SWE,FRO,8418
2997372,224,78,1636,2013,9392.0,0.0,0.42932299999999995,2.690235,TUR,FRO,8418
2997373,14,79,1636,2013,1721.0,0.0,-0.31145700000000004,-0.167628,AUS,FSM,8418
2997374,43,79,1636,2013,11284.0,0.0,1.113767,1.477496,CHN,FSM,8418
2997375,95,79,1636,2013,58102.0,0.0,0.483541,0.281968,GUM,FSM,8418
2997376,114,79,1636,2013,143510.0,0.0,2.3993130000000003,-0.564768,JPN,FSM,8418
2997377,120,79,1636,2013,0.0,19337.0,0.8500270000000001,-0.390234,KNA,FSM,8418
2997378,146,79,1636,2013,20716.0,0.0,0.596753,-0.118522,MNP,FSM,8418
2997379,174,79,1636,2013,230695.0,0.0,0.507868,0.355403,PHL,FSM,8418
2997380,192,79,1636,2013,9568.0,0.0,1.915504,0.619576,SGP,FSM,8418
2997381,231,79,1636,2013,69166.0,0.0,1.6639689999999998,-0.48651300000000003,USA,FSM,8418
2997382,249,79,1636,2013,16189.0,0.0,1.843186,0.9432379999999999,TWN,FSM,8418
2997383,7,87,1636,2013,97598.0,0.0,-0.074047,-0.585168,ARE,GMB,8418
2997384,18,87,1636,2013,114371.0,0.0,1.316207,0.972601,BEL,GMB,8418
2997385,41,87,1636,2013,3143.0,0.0,2.2104470000000003,0.5403479999999999,CHE,GMB,8418
2997386,43,87,1636,2013,354761.0,0.0,1.113767,1.477496,CHN,GMB,8418
2997387,61,87,1636,2013,111506.0,0.0,2.093658,-3.4281980000000005,DEU,GMB,8418
2997388,64,87,1636,2013,43330.0,0.0,1.161835,1.1788450000000001,DNK,GMB,8418
2997389,71,87,1636,2013,17209.0,0.0,0.861698,2.353993,ESP,GMB,8418
2997390,74,87,1636,2013,14652.0,0.0,1.734552,0.8896940000000001,FIN,GMB,8418
2997391,77,87,1636,2013,210775.0,0.0,1.520354,0.022874000000000002,FRA,GMB,8418
2997392,81,87,1636,2013,170222.0,0.0,1.7901259999999999,0.44164,GBR,GMB,8418
2997393,88,87,1636,2013,0.0,8148.0,-2.414729,-0.9398700000000001,GNB,GMB,8418
2997394,103,87,1636,2013,59629.0,0.0,-0.216854,1.415728,IDN,GMB,8418
2997395,104,87,1636,2013,63642.0,0.0,0.215356,2.3916209999999998,IND,GMB,8418
2997396,111,87,1636,2013,10693.0,0.0,1.289924,0.533436,ITA,GMB,8418
2997397,121,87,1636,2013,28392.0,0.0,1.818383,0.75645,KOR,GMB,8418
2997398,124,87,1636,2013,17070.0,0.0,0.283084,1.4289100000000001,LBN,GMB,8418
2997399,131,87,1636,2013,103861.0,0.0,1.170459,1.150327,LUX,GMB,8418
2997400,141,87,1636,2013,0.0,31324.0,-1.183671,-1.069504,MLI,GMB,8418
2997401,153,87,1636,2013,3638.0,0.0,0.937641,0.747496,MYS,GMB,8418
2997402,162,87,1636,2013,10242.0,0.0,1.184107,1.249557,NLD,GMB,8418
2997403,163,87,1636,2013,1979.0,0.0,0.892099,0.18168399999999998,NOR,GMB,8418
2997404,177,87,1636,2013,23995.0,0.0,1.084332,1.216749,POL,GMB,8418
2997405,179,87,1636,2013,48228.0,0.0,0.541454,2.5228610000000002,PRT,GMB,8418
2997406,191,87,1636,2013,214378.0,316.0,-0.523662,-0.309101,SEN,GMB,8418
2997407,192,87,1636,2013,40931.0,0.0,1.915504,0.619576,SGP,GMB,8418
2997408,208,87,1636,2013,37147.0,0.0,1.869421,0.228109,SWE,GMB,8418
2997409,216,87,1636,2013,77514.0,0.0,0.8752139999999999,1.3798620000000001,THA,GMB,8418
2997410,224,87,1636,2013,72311.0,0.0,0.42932299999999995,2.690235,TUR,GMB,8418
2997411,231,87,1636,2013,14433.0,0.0,1.6639689999999998,-0.48651300000000003,USA,GMB,8418
2997412,246,87,1636,2013,17055.0,0.0,0.380284,1.5682120000000002,ZAF,GMB,8418
2997413,18,101,1636,2013,5528.0,0.0,1.316207,0.972601,BEL,HTI,8418
2997414,39,101,1636,2013,1484.0,0.0,0.719649,1.017046,CAN,HTI,8418
2997415,43,101,1636,2013,3144266.0,0.0,1.113767,1.477496,CHN,HTI,8418
2997416,52,101,1636,2013,189736.0,0.0,0.067379,-0.688217,CRI,HTI,8418
2997417,65,101,1636,2013,135127.0,10026.0,-0.277269,0.432388,DOM,HTI,8418
2997418,71,101,1636,2013,89876.0,0.0,0.861698,2.353993,ESP,HTI,8418
2997419,77,101,1636,2013,20483.0,0.0,1.520354,0.022874000000000002,FRA,HTI,8418
2997420,103,101,1636,2013,3443.0,0.0,-0.216854,1.415728,IDN,HTI,8418
2997421,104,101,1636,2013,29955.0,0.0,0.215356,2.3916209999999998,IND,HTI,8418
2997422,111,101,1636,2013,54996.0,0.0,1.289924,0.533436,ITA,HTI,8418
2997423,114,101,1636,2013,14397.0,0.0,2.3993130000000003,-0.564768,JPN,HTI,8418
2997424,121,101,1636,2013,119456.0,0.0,1.818383,0.75645,KOR,HTI,8418
2997425,131,101,1636,2013,474758.0,0.0,1.170459,1.150327,LUX,HTI,8418
2997426,138,101,1636,2013,742967.0,0.0,1.048507,0.718932,MEX,HTI,8418
2997427,162,101,1636,2013,5159.0,0.0,1.184107,1.249557,NLD,HTI,8418
2997428,169,101,1636,2013,212985.0,0.0,0.735637,1.161718,PAN,HTI,8418
2997429,231,101,1636,2013,1854961.0,0.0,1.6639689999999998,-0.48651300000000003,USA,HTI,8418
2997430,14,123,1636,2013,2128.0,0.0,-0.31145700000000004,-0.167628,AUS,LAO,8418
2997431,43,123,1636,2013,981043.0,0.0,1.113767,1.477496,CHN,LAO,8418
2997432,61,123,1636,2013,293994.0,0.0,2.093658,-3.4281980000000005,DEU,LAO,8418
2997433,64,123,1636,2013,1737.0,0.0,1.161835,1.1788450000000001,DNK,LAO,8418
2997434,104,123,1636,2013,11282.0,0.0,0.215356,2.3916209999999998,IND,LAO,8418
2997435,114,123,1636,2013,50142.0,0.0,2.3993130000000003,-0.564768,JPN,LAO,8418
2997436,121,123,1636,2013,60786.0,0.0,1.818383,0.75645,KOR,LAO,8418
2997437,153,123,1636,2013,98063.0,0.0,0.937641,0.747496,MYS,LAO,8418
2997438,162,123,1636,2013,9717.0,0.0,1.184107,1.249557,NLD,LAO,8418
2997439,163,123,1636,2013,0.0,2636.0,0.892099,0.18168399999999998,NOR,LAO,8418
2997440,192,123,1636,2013,54036.0,0.0,1.915504,0.619576,SGP,LAO,8418
2997441,208,123,1636,2013,223.0,0.0,1.869421,0.228109,SWE,LAO,8418
2997442,216,123,1636,2013,20300935.0,2346.0,0.8752139999999999,1.3798620000000001,THA,LAO,8418
2997443,231,123,1636,2013,63769.0,0.0,1.6639689999999998,-0.48651300000000003,USA,LAO,8418
2997444,239,123,1636,2013,192849.0,503339.0,-0.11426900000000001,1.399738,VNM,LAO,8418
2997445,249,123,1636,2013,1440.0,0.0,1.843186,0.9432379999999999,TWN,LAO,8418
2997446,43,129,1636,2013,17784.0,0.0,1.113767,1.477496,CHN,LSO,8418
2997447,97,129,1636,2013,34180.0,0.0,0.744383,1.923139,HKG,LSO,8418
2997448,153,129,1636,2013,81358.0,0.0,0.937641,0.747496,MYS,LSO,8418
2997449,206,129,1636,2013,0.0,4941.0,1.32064,0.7519819999999999,SVK,LSO,8418
2997450,246,129,1636,2013,5763642.0,28778.0,0.380284,1.5682120000000002,ZAF,LSO,8418
2997451,249,129,1636,2013,4348.0,0.0,1.843186,0.9432379999999999,TWN,LSO,8418
2997452,7,137,1636,2013,314786.0,0.0,-0.074047,-0.585168,ARE,MDV,8418
2997453,14,137,1636,2013,88892.0,0.0,-0.31145700000000004,-0.167628,AUS,MDV,8418
2997454,15,137,1636,2013,9847.0,0.0,1.7209240000000001,-0.286892,AUT,MDV,8418
2997455,18,137,1636,2013,2758.0,0.0,1.316207,0.972601,BEL,MDV,8418
2997456,39,137,1636,2013,2595.0,0.0,0.719649,1.017046,CAN,MDV,8418
2997457,41,137,1636,2013,3700.0,0.0,2.2104470000000003,0.5403479999999999,CHE,MDV,8418
2997458,43,137,1636,2013,1594378.0,0.0,1.113767,1.477496,CHN,MDV,8418
2997459,59,137,1636,2013,162151.0,0.0,1.819653,-0.12423800000000002,CZE,MDV,8418
2997460,61,137,1636,2013,260938.0,0.0,2.093658,-3.4281980000000005,DEU,MDV,8418
2997461,64,137,1636,2013,940.0,0.0,1.161835,1.1788450000000001,DNK,MDV,8418
2997462,71,137,1636,2013,47226.0,0.0,0.861698,2.353993,ESP,MDV,8418
2997463,77,137,1636,2013,27744.0,0.0,1.520354,0.022874000000000002,FRA,MDV,8418
2997464,81,137,1636,2013,36160.0,0.0,1.7901259999999999,0.44164,GBR,MDV,8418
2997465,97,137,1636,2013,50855.0,0.0,0.744383,1.923139,HKG,MDV,8418
2997466,102,137,1636,2013,46339.0,0.0,1.506101,0.7279220000000001,HUN,MDV,8418
2997467,103,137,1636,2013,32786.0,0.0,-0.216854,1.415728,IDN,MDV,8418
2997468,104,137,1636,2013,110242.0,0.0,0.215356,2.3916209999999998,IND,MDV,8418
2997469,111,137,1636,2013,741085.0,1885.0,1.289924,0.533436,ITA,MDV,8418
2997470,114,137,1636,2013,2103.0,0.0,2.3993130000000003,-0.564768,JPN,MDV,8418
2997471,128,137,1636,2013,62732.0,0.0,-0.6521779999999999,0.41258599999999995,LKA,MDV,8418
2997472,131,137,1636,2013,63709.0,0.0,1.170459,1.150327,LUX,MDV,8418
2997473,142,137,1636,2013,530.0,0.0,0.8519760000000001,-0.075869,MLT,MDV,8418
2997474,153,137,1636,2013,282941.0,0.0,0.937641,0.747496,MYS,MDV,8418
2997475,162,137,1636,2013,29142.0,0.0,1.184107,1.249557,NLD,MDV,8418
2997476,166,137,1636,2013,7309.0,0.0,0.3345,0.39063000000000003,NZL,MDV,8418
2997477,177,137,1636,2013,11406.0,0.0,1.084332,1.216749,POL,MDV,8418
2997478,179,137,1636,2013,2138.0,0.0,0.541454,2.5228610000000002,PRT,MDV,8418
2997479,192,137,1636,2013,1350933.0,0.0,1.915504,0.619576,SGP,MDV,8418
2997480,208,137,1636,2013,9337.0,0.0,1.869421,0.228109,SWE,MDV,8418
2997481,216,137,1636,2013,755926.0,0.0,0.8752139999999999,1.3798620000000001,THA,MDV,8418
2997482,224,137,1636,2013,6670.0,0.0,0.42932299999999995,2.690235,TUR,MDV,8418
2997483,231,137,1636,2013,73557.0,0.0,1.6639689999999998,-0.48651300000000003,USA,MDV,8418
2997484,239,137,1636,2013,21499.0,0.0,-0.11426900000000001,1.399738,VNM,MDV,8418
2997485,246,137,1636,2013,12720.0,0.0,0.380284,1.5682120000000002,ZAF,MDV,8418
2997486,249,137,1636,2013,5894.0,0.0,1.843186,0.9432379999999999,TWN,MDV,8418
2997487,7,152,1636,2013,35913.0,0.0,-0.074047,-0.585168,ARE,MWI,8418
2997488,18,152,1636,2013,6854.0,0.0,1.316207,0.972601,BEL,MWI,8418
2997489,37,152,1636,2013,11219.0,0.0,-0.46761499999999995,-1.0842040000000002,BWA,MWI,8418
2997490,43,152,1636,2013,107922.0,0.0,1.113767,1.477496,CHN,MWI,8418
2997491,61,152,1636,2013,21760.0,0.0,2.093658,-3.4281980000000005,DEU,MWI,8418
2997492,64,152,1636,2013,1616.0,0.0,1.161835,1.1788450000000001,DNK,MWI,8418
2997493,73,152,1636,2013,830.0,0.0,-1.264002,-0.9594219999999999,ETH,MWI,8418
2997494,81,152,1636,2013,31265.0,0.0,1.7901259999999999,0.44164,GBR,MWI,8418
2997495,97,152,1636,2013,2446.0,0.0,0.744383,1.923139,HKG,MWI,8418
2997496,104,152,1636,2013,10562.0,0.0,0.215356,2.3916209999999998,IND,MWI,8418
2997497,111,152,1636,2013,4985.0,0.0,1.289924,0.533436,ITA,MWI,8418
2997498,114,152,1636,2013,4669.0,0.0,2.3993130000000003,-0.564768,JPN,MWI,8418
2997499,116,152,1636,2013,4126.0,2512.0,-0.448112,0.8672719999999999,KEN,MWI,8418
2997500,121,152,1636,2013,29887.0,0.0,1.818383,0.75645,KOR,MWI,8418
2997501,147,152,1636,2013,2009.0,15928.0,-1.326323,-1.050969,MOZ,MWI,8418
2997502,151,152,1636,2013,15868.0,0.0,-0.158852,0.0061600000000000005,MUS,MWI,8418
2997503,155,152,1636,2013,14156.0,0.0,-0.308643,-0.480617,NAM,MWI,8418
2997504,162,152,1636,2013,2038.0,0.0,1.184107,1.249557,NLD,MWI,8418
2997505,179,152,1636,2013,308.0,0.0,0.541454,2.5228610000000002,PRT,MWI,8418
2997506,185,152,1636,2013,116341.0,0.0,0.792035,1.225034,ROU,MWI,8418
2997507,192,152,1636,2013,23640.0,0.0,1.915504,0.619576,SGP,MWI,8418
2997508,208,152,1636,2013,1534.0,0.0,1.869421,0.228109,SWE,MWI,8418
2997509,209,152,1636,2013,165567.0,0.0,0.109267,-0.275005,SWZ,MWI,8418
2997510,216,152,1636,2013,161174.0,0.0,0.8752139999999999,1.3798620000000001,THA,MWI,8418
2997511,224,152,1636,2013,8240.0,0.0,0.42932299999999995,2.690235,TUR,MWI,8418
2997512,226,152,1636,2013,3185.0,36484.0,-0.9306770000000001,0.273489,TZA,MWI,8418
2997513,231,152,1636,2013,45291.0,0.0,1.6639689999999998,-0.48651300000000003,USA,MWI,8418
2997514,246,152,1636,2013,3083048.0,5285.0,0.380284,1.5682120000000002,ZAF,MWI,8418
2997515,247,152,1636,2013,15696.0,3950.0,-0.382129,-0.5442229999999999,ZMB,MWI,8418
2997516,248,152,1636,2013,63655.0,959.0,-0.828702,-0.899175,ZWE,MWI,8418
2997517,249,152,1636,2013,6575.0,0.0,1.843186,0.9432379999999999,TWN,MWI,8418
2997518,14,156,1636,2013,249848.0,0.0,-0.31145700000000004,-0.167628,AUS,NCL,8418
2997519,15,156,1636,2013,28356.0,0.0,1.7209240000000001,-0.286892,AUT,NCL,8418
2997520,18,156,1636,2013,51581.0,0.0,1.316207,0.972601,BEL,NCL,8418
2997521,23,156,1636,2013,15151.0,0.0,0.5026109999999999,1.674296,BGR,NCL,8418
2997522,39,156,1636,2013,54894.0,0.0,0.719649,1.017046,CAN,NCL,8418
2997523,43,156,1636,2013,1375443.0,0.0,1.113767,1.477496,CHN,NCL,8418
2997524,59,156,1636,2013,735.0,0.0,1.819653,-0.12423800000000002,CZE,NCL,8418
2997525,61,156,1636,2013,73308.0,0.0,2.093658,-3.4281980000000005,DEU,NCL,8418
2997526,64,156,1636,2013,10284.0,0.0,1.161835,1.1788450000000001,DNK,NCL,8418
2997527,71,156,1636,2013,154799.0,0.0,0.861698,2.353993,ESP,NCL,8418
2997528,77,156,1636,2013,6047835.0,23255.0,1.520354,0.022874000000000002,FRA,NCL,8418
2997529,81,156,1636,2013,4731.0,0.0,1.7901259999999999,0.44164,GBR,NCL,8418
2997530,97,156,1636,2013,48507.0,0.0,0.744383,1.923139,HKG,NCL,8418
2997531,102,156,1636,2013,72371.0,0.0,1.506101,0.7279220000000001,HUN,NCL,8418
2997532,103,156,1636,2013,40873.0,0.0,-0.216854,1.415728,IDN,NCL,8418
2997533,104,156,1636,2013,21797.0,0.0,0.215356,2.3916209999999998,IND,NCL,8418
2997534,106,156,1636,2013,2950.0,0.0,1.29988,0.240688,IRL,NCL,8418
2997535,111,156,1636,2013,536096.0,0.0,1.289924,0.533436,ITA,NCL,8418
2997536,114,156,1636,2013,11896.0,0.0,2.3993130000000003,-0.564768,JPN,NCL,8418
2997537,121,156,1636,2013,88186.0,0.0,1.818383,0.75645,KOR,NCL,8418
2997538,131,156,1636,2013,39021.0,0.0,1.170459,1.150327,LUX,NCL,8418
2997539,138,156,1636,2013,538.0,0.0,1.048507,0.718932,MEX,NCL,8418
2997540,153,156,1636,2013,287914.0,0.0,0.937641,0.747496,MYS,NCL,8418
2997541,162,156,1636,2013,99355.0,0.0,1.184107,1.249557,NLD,NCL,8418
2997542,166,156,1636,2013,625201.0,0.0,0.3345,0.39063000000000003,NZL,NCL,8418
2997543,177,156,1636,2013,96673.0,0.0,1.084332,1.216749,POL,NCL,8418
2997544,179,156,1636,2013,210587.0,0.0,0.541454,2.5228610000000002,PRT,NCL,8418
2997545,185,156,1636,2013,7538.0,0.0,0.792035,1.225034,ROU,NCL,8418
2997546,192,156,1636,2013,131206.0,0.0,1.915504,0.619576,SGP,NCL,8418
2997547,196,156,1636,2013,3501.0,0.0,-0.132082,-0.552921,SLE,NCL,8418
2997548,207,156,1636,2013,11778.0,0.0,1.698374,0.563082,SVN,NCL,8418
2997549,208,156,1636,2013,1786.0,0.0,1.869421,0.228109,SWE,NCL,8418
2997550,216,156,1636,2013,400125.0,0.0,0.8752139999999999,1.3798620000000001,THA,NCL,8418
2997551,224,156,1636,2013,229034.0,0.0,0.42932299999999995,2.690235,TUR,NCL,8418
2997552,228,156,1636,2013,205.0,0.0,0.657729,0.9063200000000001,UKR,NCL,8418
2997553,231,156,1636,2013,319675.0,0.0,1.6639689999999998,-0.48651300000000003,USA,NCL,8418
2997554,239,156,1636,2013,48829.0,0.0,-0.11426900000000001,1.399738,VNM,NCL,8418
2997555,240,156,1636,2013,0.0,14554.0,-0.6548689999999999,-0.811184,VUT,NCL,8418
2997556,241,156,1636,2013,0.0,19211.0,1.4608299999999999,-0.567281,WLF,NCL,8418
2997557,249,156,1636,2013,17584.0,0.0,1.843186,0.9432379999999999,TWN,NCL,8418
2997558,250,156,1636,2013,7739.0,0.0,0.628555,0.277602,ANS,NCL,8418
2997559,14,176,1636,2013,3874040.0,0.0,-0.31145700000000004,-0.167628,AUS,PNG,8418
2997560,32,176,1636,2013,5682.0,0.0,0.14765899999999998,0.399262,BRA,PNG,8418
2997561,43,176,1636,2013,3984640.0,0.0,1.113767,1.477496,CHN,PNG,8418
2997562,61,176,1636,2013,34692.0,0.0,2.093658,-3.4281980000000005,DEU,PNG,8418
2997563,64,176,1636,2013,495606.0,0.0,1.161835,1.1788450000000001,DNK,PNG,8418
2997564,75,176,1636,2013,13213.0,0.0,-0.5203369999999999,-0.122405,FJI,PNG,8418
2997565,77,176,1636,2013,10125.0,0.0,1.520354,0.022874000000000002,FRA,PNG,8418
2997566,81,176,1636,2013,899860.0,0.0,1.7901259999999999,0.44164,GBR,PNG,8418
2997567,97,176,1636,2013,17205.0,0.0,0.744383,1.923139,HKG,PNG,8418
2997568,103,176,1636,2013,458897.0,0.0,-0.216854,1.415728,IDN,PNG,8418
2997569,104,176,1636,2013,148794.0,0.0,0.215356,2.3916209999999998,IND,PNG,8418
2997570,114,176,1636,2013,81401.0,0.0,2.3993130000000003,-0.564768,JPN,PNG,8418
2997571,121,176,1636,2013,613759.0,0.0,1.818383,0.75645,KOR,PNG,8418
2997572,153,176,1636,2013,1093723.0,0.0,0.937641,0.747496,MYS,PNG,8418
2997573,166,176,1636,2013,3870209.0,0.0,0.3345,0.39063000000000003,NZL,PNG,8418
2997574,174,176,1636,2013,168659.0,0.0,0.507868,0.355403,PHL,PNG,8418
2997575,192,176,1636,2013,981795.0,2143.0,1.915504,0.619576,SGP,PNG,8418
2997576,208,176,1636,2013,4917.0,0.0,1.869421,0.228109,SWE,PNG,8418
2997577,216,176,1636,2013,1093063.0,0.0,0.8752139999999999,1.3798620000000001,THA,PNG,8418
2997578,224,176,1636,2013,5289.0,0.0,0.42932299999999995,2.690235,TUR,PNG,8418
2997579,231,176,1636,2013,200587.0,0.0,1.6639689999999998,-0.48651300000000003,USA,PNG,8418
2997580,249,176,1636,2013,259820.0,0.0,1.843186,0.9432379999999999,TWN,PNG,8418
2997581,14,182,1636,2013,90113.0,0.0,-0.31145700000000004,-0.167628,AUS,PYF,8418
2997582,18,182,1636,2013,84223.0,0.0,1.316207,0.972601,BEL,PYF,8418
2997583,32,182,1636,2013,5858.0,0.0,0.14765899999999998,0.399262,BRA,PYF,8418
2997584,39,182,1636,2013,24484.0,0.0,0.719649,1.017046,CAN,PYF,8418
2997585,43,182,1636,2013,896402.0,0.0,1.113767,1.477496,CHN,PYF,8418
2997586,59,182,1636,2013,615.0,0.0,1.819653,-0.12423800000000002,CZE,PYF,8418
2997587,61,182,1636,2013,39664.0,0.0,2.093658,-3.4281980000000005,DEU,PYF,8418
2997588,64,182,1636,2013,40900.0,0.0,1.161835,1.1788450000000001,DNK,PYF,8418
2997589,71,182,1636,2013,15408.0,0.0,0.861698,2.353993,ESP,PYF,8418
2997590,77,182,1636,2013,2798431.0,3542.0,1.520354,0.022874000000000002,FRA,PYF,8418
2997591,81,182,1636,2013,1778.0,0.0,1.7901259999999999,0.44164,GBR,PYF,8418
2997592,102,182,1636,2013,4775.0,0.0,1.506101,0.7279220000000001,HUN,PYF,8418
2997593,103,182,1636,2013,11296.0,0.0,-0.216854,1.415728,IDN,PYF,8418
2997594,111,182,1636,2013,918892.0,0.0,1.289924,0.533436,ITA,PYF,8418
2997595,114,182,1636,2013,10647.0,0.0,2.3993130000000003,-0.564768,JPN,PYF,8418
2997596,121,182,1636,2013,206461.0,0.0,1.818383,0.75645,KOR,PYF,8418
2997597,138,182,1636,2013,2946.0,0.0,1.048507,0.718932,MEX,PYF,8418
2997598,153,182,1636,2013,81117.0,0.0,0.937641,0.747496,MYS,PYF,8418
2997599,162,182,1636,2013,1613.0,0.0,1.184107,1.249557,NLD,PYF,8418
2997600,166,182,1636,2013,142010.0,0.0,0.3345,0.39063000000000003,NZL,PYF,8418
2997601,177,182,1636,2013,779.0,0.0,1.084332,1.216749,POL,PYF,8418
2997602,179,182,1636,2013,65621.0,0.0,0.541454,2.5228610000000002,PRT,PYF,8418
2997603,192,182,1636,2013,44405.0,0.0,1.915504,0.619576,SGP,PYF,8418
2997604,216,182,1636,2013,311923.0,0.0,0.8752139999999999,1.3798620000000001,THA,PYF,8418
2997605,224,182,1636,2013,41664.0,0.0,0.42932299999999995,2.690235,TUR,PYF,8418
2997606,231,182,1636,2013,842462.0,0.0,1.6639689999999998,-0.48651300000000003,USA,PYF,8418
2997607,249,182,1636,2013,41369.0,0.0,1.843186,0.9432379999999999,TWN,PYF,8418
2997608,7,187,1636,2013,128537.0,0.0,-0.074047,-0.585168,ARE,RWA,8418
2997609,15,187,1636,2013,536.0,0.0,1.7209240000000001,-0.286892,AUT,RWA,8418
2997610,17,187,1636,2013,0.0,17366.0,-0.824903,-0.906436,BDI,RWA,8418
2997611,18,187,1636,2013,199136.0,0.0,1.316207,0.972601,BEL,RWA,8418
2997612,41,187,1636,2013,42439.0,0.0,2.2104470000000003,0.5403479999999999,CHE,RWA,8418
2997613,43,187,1636,2013,831842.0,2031.0,1.113767,1.477496,CHN,RWA,8418
2997614,46,187,1636,2013,0.0,6384.0,-1.300125,-1.0708010000000001,COD,RWA,8418
2997615,61,187,1636,2013,33652.0,0.0,2.093658,-3.4281980000000005,DEU,RWA,8418
2997616,71,187,1636,2013,340234.0,0.0,0.861698,2.353993,ESP,RWA,8418
2997617,73,187,1636,2013,0.0,385.0,-1.264002,-0.9594219999999999,ETH,RWA,8418
2997618,77,187,1636,2013,17363.0,0.0,1.520354,0.022874000000000002,FRA,RWA,8418
2997619,81,187,1636,2013,60895.0,0.0,1.7901259999999999,0.44164,GBR,RWA,8418
2997620,97,187,1636,2013,4175.0,0.0,0.744383,1.923139,HKG,RWA,8418
2997621,103,187,1636,2013,13123.0,0.0,-0.216854,1.415728,IDN,RWA,8418
2997622,104,187,1636,2013,66471.0,0.0,0.215356,2.3916209999999998,IND,RWA,8418
2997623,111,187,1636,2013,97656.0,0.0,1.289924,0.533436,ITA,RWA,8418
2997624,116,187,1636,2013,130431.0,0.0,-0.448112,0.8672719999999999,KEN,RWA,8418
2997625,121,187,1636,2013,18825.0,0.0,1.818383,0.75645,KOR,RWA,8418
2997626,151,187,1636,2013,12789.0,0.0,-0.158852,0.0061600000000000005,MUS,RWA,8418
2997627,162,187,1636,2013,145123.0,0.0,1.184107,1.249557,NLD,RWA,8418
2997628,190,187,1636,2013,0.0,13260.0,-1.254944,-1.073564,SDN,RWA,8418
2997629,192,187,1636,2013,175984.0,0.0,1.915504,0.619576,SGP,RWA,8418
2997630,208,187,1636,2013,68998.0,0.0,1.869421,0.228109,SWE,RWA,8418
2997631,216,187,1636,2013,276693.0,0.0,0.8752139999999999,1.3798620000000001,THA,RWA,8418
2997632,224,187,1636,2013,58536.0,0.0,0.42932299999999995,2.690235,TUR,RWA,8418
2997633,226,187,1636,2013,10712.0,0.0,-0.9306770000000001,0.273489,TZA,RWA,8418
2997634,227,187,1636,2013,29099.0,0.0,-0.5462279999999999,0.200682,UGA,RWA,8418
2997635,231,187,1636,2013,46474.0,0.0,1.6639689999999998,-0.48651300000000003,USA,RWA,8418
2997636,246,187,1636,2013,57060.0,0.0,0.380284,1.5682120000000002,ZAF,RWA,8418
2997637,7,196,1636,2013,244911.0,0.0,-0.074047,-0.585168,ARE,SLE,8418
2997638,18,196,1636,2013,10408.0,0.0,1.316207,0.972601,BEL,SLE,8418
2997639,23,196,1636,2013,5799.0,0.0,0.5026109999999999,1.674296,BGR,SLE,8418
2997640,24,196,1636,2013,0.0,18264.0,0.249681,-0.6204270000000001,BHR,SLE,8418
2997641,39,196,1636,2013,0.0,10296.0,0.719649,1.017046,CAN,SLE,8418
2997642,43,196,1636,2013,1654379.0,0.0,1.113767,1.477496,CHN,SLE,8418
2997643,61,196,1636,2013,140285.0,0.0,2.093658,-3.4281980000000005,DEU,SLE,8418
2997644,64,196,1636,2013,3663.0,0.0,1.161835,1.1788450000000001,DNK,SLE,8418
2997645,68,196,1636,2013,22691.0,0.0,-0.17418,1.692641,EGY,SLE,8418
2997646,71,196,1636,2013,3111.0,0.0,0.861698,2.353993,ESP,SLE,8418
2997647,77,196,1636,2013,193611.0,17311.0,1.520354,0.022874000000000002,FRA,SLE,8418
2997648,81,196,1636,2013,134058.0,2866.0,1.7901259999999999,0.44164,GBR,SLE,8418
2997649,83,196,1636,2013,1394.0,0.0,-0.7316010000000001,-0.5327689999999999,GHA,SLE,8418
2997650,103,196,1636,2013,69854.0,0.0,-0.216854,1.415728,IDN,SLE,8418
2997651,104,196,1636,2013,462888.0,0.0,0.215356,2.3916209999999998,IND,SLE,8418
2997652,110,196,1636,2013,1000.0,0.0,1.197241,0.633828,ISR,SLE,8418
2997653,111,196,1636,2013,219749.0,0.0,1.289924,0.533436,ITA,SLE,8418
2997654,121,196,1636,2013,38711.0,0.0,1.818383,0.75645,KOR,SLE,8418
2997655,124,196,1636,2013,221982.0,0.0,0.283084,1.4289100000000001,LBN,SLE,8418
2997656,156,196,1636,2013,0.0,3501.0,-0.136052,-0.703913,NCL,SLE,8418
2997657,159,196,1636,2013,173409.0,0.0,-1.745783,-1.1356680000000001,NGA,SLE,8418
2997658,162,196,1636,2013,40632.0,0.0,1.184107,1.249557,NLD,SLE,8418
2997659,173,196,1636,2013,0.0,1092.0,-0.573852,0.357977,PER,SLE,8418
2997660,179,196,1636,2013,59213.0,0.0,0.541454,2.5228610000000002,PRT,SLE,8418
2997661,185,196,1636,2013,1838.0,0.0,0.792035,1.225034,ROU,SLE,8418
2997662,191,196,1636,2013,104656.0,0.0,-0.523662,-0.309101,SEN,SLE,8418
2997663,192,196,1636,2013,70643.0,0.0,1.915504,0.619576,SGP,SLE,8418
2997664,206,196,1636,2013,0.0,21963.0,1.32064,0.7519819999999999,SVK,SLE,8418
2997665,208,196,1636,2013,5385.0,0.0,1.869421,0.228109,SWE,SLE,8418
2997666,216,196,1636,2013,20611.0,0.0,0.8752139999999999,1.3798620000000001,THA,SLE,8418
2997667,231,196,1636,2013,99303.0,0.0,1.6639689999999998,-0.48651300000000003,USA,SLE,8418
2997668,239,196,1636,2013,19997.0,0.0,-0.11426900000000001,1.399738,VNM,SLE,8418
2997669,246,196,1636,2013,76621.0,0.0,0.380284,1.5682120000000002,ZAF,SLE,8418
2997670,7,199,1636,2013,8934375.0,0.0,-0.074047,-0.585168,ARE,SOM,8418
2997671,18,199,1636,2013,17964.0,0.0,1.316207,0.972601,BEL,SOM,8418
2997672,43,199,1636,2013,986781.0,0.0,1.113767,1.477496,CHN,SOM,8418
2997673,61,199,1636,2013,43413.0,0.0,2.093658,-3.4281980000000005,DEU,SOM,8418
2997674,64,199,1636,2013,1969.0,0.0,1.161835,1.1788450000000001,DNK,SOM,8418
2997675,77,199,1636,2013,28309.0,0.0,1.520354,0.022874000000000002,FRA,SOM,8418
2997676,81,199,1636,2013,99737.0,0.0,1.7901259999999999,0.44164,GBR,SOM,8418
2997677,104,199,1636,2013,33219.0,0.0,0.215356,2.3916209999999998,IND,SOM,8418
2997678,116,199,1636,2013,398039.0,0.0,-0.448112,0.8672719999999999,KEN,SOM,8418
2997679,162,199,1636,2013,5852.0,0.0,1.184107,1.249557,NLD,SOM,8418
2997680,163,199,1636,2013,3423.0,0.0,0.892099,0.18168399999999998,NOR,SOM,8418
2997681,167,199,1636,2013,320490.0,0.0,-0.604175,-1.0463209999999998,OMN,SOM,8418
2997682,168,199,1636,2013,14723.0,0.0,-0.75727,0.769703,PAK,SOM,8418
2997683,216,199,1636,2013,5100.0,0.0,0.8752139999999999,1.3798620000000001,THA,SOM,8418
2997684,224,199,1636,2013,66817.0,0.0,0.42932299999999995,2.690235,TUR,SOM,8418
2997685,7,214,1636,2013,18273.0,0.0,-0.074047,-0.585168,ARE,TCD,8418
2997686,18,214,1636,2013,250737.0,0.0,1.316207,0.972601,BEL,TCD,8418
2997687,43,214,1636,2013,167143.0,0.0,1.113767,1.477496,CHN,TCD,8418
2997688,45,214,1636,2013,1014.0,0.0,-0.901531,-1.027111,CMR,TCD,8418
2997689,61,214,1636,2013,116640.0,0.0,2.093658,-3.4281980000000005,DEU,TCD,8418
2997690,77,214,1636,2013,1041934.0,0.0,1.520354,0.022874000000000002,FRA,TCD,8418
2997691,81,214,1636,2013,120515.0,0.0,1.7901259999999999,0.44164,GBR,TCD,8418
2997692,104,214,1636,2013,699005.0,0.0,0.215356,2.3916209999999998,IND,TCD,8418
2997693,111,214,1636,2013,96344.0,0.0,1.289924,0.533436,ITA,TCD,8418
2997694,124,214,1636,2013,22853.0,0.0,0.283084,1.4289100000000001,LBN,TCD,8418
2997695,162,214,1636,2013,10452.0,0.0,1.184107,1.249557,NLD,TCD,8418
2997696,215,214,1636,2013,11087.0,0.0,-0.598413,-0.49295200000000006,TGO,TCD,8418
2997697,216,214,1636,2013,18622.0,0.0,0.8752139999999999,1.3798620000000001,THA,TCD,8418
2997698,224,214,1636,2013,191194.0,0.0,0.42932299999999995,2.690235,TUR,TCD,8418
2997699,231,214,1636,2013,17951.0,0.0,1.6639689999999998,-0.48651300000000003,USA,TCD,8418
2997700,7,219,1636,2013,850774.0,0.0,-0.074047,-0.585168,ARE,TKM,8418
2997701,9,219,1636,2013,21054.0,0.0,-0.076922,-0.5781390000000001,ARM,TKM,8418
2997702,15,219,1636,2013,66790.0,0.0,1.7209240000000001,-0.286892,AUT,TKM,8418
2997703,18,219,1636,2013,3108.0,0.0,1.316207,0.972601,BEL,TKM,8418
2997704,23,219,1636,2013,36406.0,0.0,0.5026109999999999,1.674296,BGR,TKM,8418
2997705,28,219,1636,2013,4287837.0,0.0,1.036923,0.864568,BLR,TKM,8418
2997706,43,219,1636,2013,6594314.0,0.0,1.113767,1.477496,CHN,TKM,8418
2997707,61,219,1636,2013,577766.0,0.0,2.093658,-3.4281980000000005,DEU,TKM,8418
2997708,64,219,1636,2013,6771.0,0.0,1.161835,1.1788450000000001,DNK,TKM,8418
2997709,73,219,1636,2013,1377.0,0.0,-1.264002,-0.9594219999999999,ETH,TKM,8418
2997710,77,219,1636,2013,1861945.0,0.0,1.520354,0.022874000000000002,FRA,TKM,8418
2997711,104,219,1636,2013,106786.0,0.0,0.215356,2.3916209999999998,IND,TKM,8418
2997712,107,219,1636,2013,1380692.0,0.0,-0.339172,-0.237114,IRN,TKM,8418
2997713,111,219,1636,2013,551396.0,0.0,1.289924,0.533436,ITA,TKM,8418
2997714,114,219,1636,2013,2715.0,0.0,2.3993130000000003,-0.564768,JPN,TKM,8418
2997715,115,219,1636,2013,13755.0,0.0,-0.680678,-0.83347,KAZ,TKM,8418
2997716,121,219,1636,2013,98723.0,0.0,1.818383,0.75645,KOR,TKM,8418
2997717,130,219,1636,2013,45881.0,0.0,0.737796,1.215543,LTU,TKM,8418
2997718,131,219,1636,2013,157313.0,0.0,1.170459,1.150327,LUX,TKM,8418
2997719,162,219,1636,2013,13230.0,0.0,1.184107,1.249557,NLD,TKM,8418
2997720,177,219,1636,2013,7204.0,0.0,1.084332,1.216749,POL,TKM,8418
2997721,186,219,1636,2013,876815.0,0.0,0.481166,-0.180052,RUS,TKM,8418
2997722,192,219,1636,2013,24727.0,0.0,1.915504,0.619576,SGP,TKM,8418
2997723,216,219,1636,2013,30349.0,0.0,0.8752139999999999,1.3798620000000001,THA,TKM,8418
2997724,224,219,1636,2013,16478469.0,0.0,0.42932299999999995,2.690235,TUR,TKM,8418
2997725,7,232,1636,2013,123454.0,0.0,-0.074047,-0.585168,ARE,UZB,8418
2997726,8,232,1636,2013,5804.0,0.0,0.20314300000000002,0.494062,ARG,UZB,8418
2997727,18,232,1636,2013,763091.0,50035.0,1.316207,0.972601,BEL,UZB,8418
2997728,28,232,1636,2013,4136605.0,0.0,1.036923,0.864568,BLR,UZB,8418
2997729,39,232,1636,2013,0.0,3269.0,0.719649,1.017046,CAN,UZB,8418
2997730,41,232,1636,2013,54524.0,0.0,2.2104470000000003,0.5403479999999999,CHE,UZB,8418
2997731,43,232,1636,2013,27371412.0,0.0,1.113767,1.477496,CHN,UZB,8418
2997732,61,232,1636,2013,374011.0,0.0,2.093658,-3.4281980000000005,DEU,UZB,8418
2997733,64,232,1636,2013,4167.0,0.0,1.161835,1.1788450000000001,DNK,UZB,8418
2997734,71,232,1636,2013,149006.0,0.0,0.861698,2.353993,ESP,UZB,8418
2997735,72,232,1636,2013,306547.0,0.0,0.8828940000000001,1.386574,EST,UZB,8418
2997736,77,232,1636,2013,2462758.0,0.0,1.520354,0.022874000000000002,FRA,UZB,8418
2997737,102,232,1636,2013,59006.0,0.0,1.506101,0.7279220000000001,HUN,UZB,8418
2997738,103,232,1636,2013,5332829.0,0.0,-0.216854,1.415728,IDN,UZB,8418
2997739,104,232,1636,2013,59740.0,0.0,0.215356,2.3916209999999998,IND,UZB,8418
2997740,107,232,1636,2013,70812.0,5241.0,-0.339172,-0.237114,IRN,UZB,8418
2997741,110,232,1636,2013,0.0,1810.0,1.197241,0.633828,ISR,UZB,8418
2997742,111,232,1636,2013,690143.0,0.0,1.289924,0.533436,ITA,UZB,8418
2997743,121,232,1636,2013,5978083.0,0.0,1.818383,0.75645,KOR,UZB,8418
2997744,130,232,1636,2013,3576807.0,0.0,0.737796,1.215543,LTU,UZB,8418
2997745,131,232,1636,2013,242445.0,0.0,1.170459,1.150327,LUX,UZB,8418
2997746,132,232,1636,2013,377466.0,0.0,0.6219439999999999,1.166749,LVA,UZB,8418
2997747,162,232,1636,2013,991206.0,0.0,1.184107,1.249557,NLD,UZB,8418
2997748,177,232,1636,2013,2230516.0,0.0,1.084332,1.216749,POL,UZB,8418
2997749,186,232,1636,2013,15238385.0,61429.0,0.481166,-0.180052,RUS,UZB,8418
2997750,216,232,1636,2013,1981071.0,0.0,0.8752139999999999,1.3798620000000001,THA,UZB,8418
2997751,224,232,1636,2013,7524128.0,1616.0,0.42932299999999995,2.690235,TUR,UZB,8418
2997752,228,232,1636,2013,4564515.0,0.0,0.657729,0.9063200000000001,UKR,UZB,8418
2997753,14,240,1636,2013,98539.0,0.0,-0.31145700000000004,-0.167628,AUS,VUT,8418
2997754,21,240,1636,2013,0.0,20883.0,-0.9110360000000001,-0.852492,BFA,VUT,8418
2997755,43,240,1636,2013,74111.0,0.0,1.113767,1.477496,CHN,VUT,8418
2997756,61,240,1636,2013,23376.0,0.0,2.093658,-3.4281980000000005,DEU,VUT,8418
2997757,75,240,1636,2013,114063.0,0.0,-0.5203369999999999,-0.122405,FJI,VUT,8418
2997758,97,240,1636,2013,5133.0,0.0,0.744383,1.923139,HKG,VUT,8418
2997759,103,240,1636,2013,1657.0,0.0,-0.216854,1.415728,IDN,VUT,8418
2997760,111,240,1636,2013,15754.0,0.0,1.289924,0.533436,ITA,VUT,8418
2997761,156,240,1636,2013,14554.0,0.0,-0.136052,-0.703913,NCL,VUT,8418
2997762,166,240,1636,2013,192570.0,0.0,0.3345,0.39063000000000003,NZL,VUT,8418
2997763,192,240,1636,2013,194106.0,0.0,1.915504,0.619576,SGP,VUT,8418
2997764,216,240,1636,2013,20891.0,0.0,0.8752139999999999,1.3798620000000001,THA,VUT,8418
2997765,231,240,1636,2013,646812.0,0.0,1.6639689999999998,-0.48651300000000003,USA,VUT,8418
2997766,39,91,1636,2013,1955.0,0.0,0.719649,1.017046,CAN,GRD,8418
2997767,43,91,1636,2013,76170.0,0.0,1.113767,1.477496,CHN,GRD,8418
2997768,61,91,1636,2013,63629.0,0.0,2.093658,-3.4281980000000005,DEU,GRD,8418
2997769,77,91,1636,2013,54514.0,0.0,1.520354,0.022874000000000002,FRA,GRD,8418
2997770,81,91,1636,2013,8393.0,0.0,1.7901259999999999,0.44164,GBR,GRD,8418
2997771,111,91,1636,2013,22681.0,0.0,1.289924,0.533436,ITA,GRD,8418
2997772,120,91,1636,2013,0.0,9746.0,0.8500270000000001,-0.390234,KNA,GRD,8418
2997773,121,91,1636,2013,17712.0,0.0,1.818383,0.75645,KOR,GRD,8418
2997774,127,91,1636,2013,11960.0,1777.0,0.265129,-0.5083949999999999,LCA,GRD,8418
2997775,138,91,1636,2013,344490.0,0.0,1.048507,0.718932,MEX,GRD,8418
2997776,162,91,1636,2013,3921.0,0.0,1.184107,1.249557,NLD,GRD,8418
2997777,169,91,1636,2013,20975.0,0.0,0.735637,1.161718,PAN,GRD,8418
2997778,222,91,1636,2013,41129.0,0.0,-0.280641,-1.083332,TTO,GRD,8418
2997779,231,91,1636,2013,795247.0,0.0,1.6639689999999998,-0.48651300000000003,USA,GRD,8418
2997780,15,92,1636,2013,2151.0,0.0,1.7209240000000001,-0.286892,AUT,GRL,8418
2997781,43,92,1636,2013,191.0,0.0,1.113767,1.477496,CHN,GRL,8418
2997782,61,92,1636,2013,6047.0,0.0,2.093658,-3.4281980000000005,DEU,GRL,8418
2997783,64,92,1636,2013,3730971.0,15917.0,1.161835,1.1788450000000001,DNK,GRL,8418
2997784,109,92,1636,2013,1721.0,0.0,0.259374,-0.20413299999999998,ISL,GRL,8418
2997785,111,92,1636,2013,2123.0,0.0,1.289924,0.533436,ITA,GRL,8418
2997786,177,92,1636,2013,10934.0,0.0,1.084332,1.216749,POL,GRL,8418
2997787,208,92,1636,2013,237484.0,0.0,1.869421,0.228109,SWE,GRL,8418
2997788,250,92,1636,2013,2692.0,0.0,0.628555,0.277602,ANS,GRL,8418
2997789,15,202,1636,2013,1203.0,0.0,1.7209240000000001,-0.286892,AUT,SSD,8418
2997790,18,202,1636,2013,9271.0,0.0,1.316207,0.972601,BEL,SSD,8418
2997791,43,202,1636,2013,109013.0,0.0,1.113767,1.477496,CHN,SSD,8418
2997792,61,202,1636,2013,15647.0,0.0,2.093658,-3.4281980000000005,DEU,SSD,8418
2997793,114,202,1636,2013,33231.0,0.0,2.3993130000000003,-0.564768,JPN,SSD,8418
2997794,162,202,1636,2013,23515.0,0.0,1.184107,1.249557,NLD,SSD,8418
2997795,208,202,1636,2013,7066.0,0.0,1.869421,0.228109,SWE,SSD,8418
2997796,227,202,1636,2013,15984.0,0.0,-0.5462279999999999,0.200682,UGA,SSD,8418
2997797,231,202,1636,2013,42102.0,0.0,1.6639689999999998,-0.48651300000000003,USA,SSD,8418
2997798,10,242,1636,2013,0.0,4316.0,0.686489,-0.251618,ASM,WSM,8418
2997799,14,242,1636,2013,73166.0,0.0,-0.31145700000000004,-0.167628,AUS,WSM,8418
2997800,43,242,1636,2013,285988.0,0.0,1.113767,1.477496,CHN,WSM,8418
2997801,75,242,1636,2013,28431.0,0.0,-0.5203369999999999,-0.122405,FJI,WSM,8418
2997802,97,242,1636,2013,3458.0,0.0,0.744383,1.923139,HKG,WSM,8418
2997803,103,242,1636,2013,194968.0,1908.0,-0.216854,1.415728,IDN,WSM,8418
2997804,114,242,1636,2013,3440.0,0.0,2.3993130000000003,-0.564768,JPN,WSM,8418
2997805,121,242,1636,2013,205332.0,0.0,1.818383,0.75645,KOR,WSM,8418
2997806,153,242,1636,2013,7424.0,0.0,0.937641,0.747496,MYS,WSM,8418
2997807,166,242,1636,2013,490695.0,705.0,0.3345,0.39063000000000003,NZL,WSM,8418
2997808,192,242,1636,2013,202831.0,0.0,1.915504,0.619576,SGP,WSM,8418
2997809,216,242,1636,2013,36958.0,0.0,0.8752139999999999,1.3798620000000001,THA,WSM,8418
2997810,218,242,1636,2013,0.0,27372.0,0.39178,0.035406,TKL,WSM,8418
2997811,231,242,1636,2013,25263.0,0.0,1.6639689999999998,-0.48651300000000003,USA,WSM,8418
2997812,249,242,1636,2013,6831.0,48921.0,1.843186,0.9432379999999999,TWN,WSM,8418
2997813,14,10,1636,2013,0.0,2801.0,-0.31145700000000004,-0.167628,AUS,ASM,8418
2997814,166,10,1636,2013,43090.0,0.0,0.3345,0.39063000000000003,NZL,ASM,8418
2997815,242,10,1636,2013,4316.0,0.0,0.824724,0.056441,WSM,ASM,8418
2997816,249,10,1636,2013,26597.0,0.0,1.843186,0.9432379999999999,TWN,ASM,8418
2997817,249,11,1636,2013,49321.0,0.0,1.843186,0.9432379999999999,TWN,ATA,8418
2997818,104,35,1636,2013,38469.0,0.0,0.215356,2.3916209999999998,IND,BTN,8418
2997819,192,35,1636,2013,1842.0,0.0,1.915504,0.619576,SGP,BTN,8418
2997820,216,35,1636,2013,2022.0,0.0,0.8752139999999999,1.3798620000000001,THA,BTN,8418
2997821,14,40,1636,2013,40784.0,0.0,-0.31145700000000004,-0.167628,AUS,CCK,8418
2997822,128,40,1636,2013,0.0,1053.0,-0.6521779999999999,0.41258599999999995,LKA,CCK,8418
2997823,231,40,1636,2013,17864.0,0.0,1.6639689999999998,-0.48651300000000003,USA,CCK,8418
2997824,14,48,1636,2013,147480.0,0.0,-0.31145700000000004,-0.167628,AUS,COK,8418
2997825,32,48,1636,2013,81290.0,0.0,0.14765899999999998,0.399262,BRA,COK,8418
2997826,166,48,1636,2013,622482.0,0.0,0.3345,0.39063000000000003,NZL,COK,8418
2997827,216,48,1636,2013,2784.0,0.0,0.8752139999999999,1.3798620000000001,THA,COK,8418
2997828,249,48,1636,2013,16071.0,0.0,1.843186,0.9432379999999999,TWN,COK,8418
2997829,14,56,1636,2013,84543.0,0.0,-0.31145700000000004,-0.167628,AUS,CXR,8418
2997830,75,56,1636,2013,27951.0,0.0,-0.5203369999999999,-0.122405,FJI,CXR,8418
2997831,153,56,1636,2013,13066.0,0.0,0.937641,0.747496,MYS,CXR,8418
2997832,192,56,1636,2013,11400.0,0.0,1.915504,0.619576,SGP,CXR,8418
2997833,79,95,1636,2013,0.0,58102.0,-0.234314,-0.8260700000000001,FSM,GUM,8418
2997834,97,95,1636,2013,27143.0,0.0,0.744383,1.923139,HKG,GUM,8418
2997835,111,95,1636,2013,6920.0,0.0,1.289924,0.533436,ITA,GUM,8418
2997836,114,95,1636,2013,304620.0,0.0,2.3993130000000003,-0.564768,JPN,GUM,8418
2997837,121,95,1636,2013,568840.0,0.0,1.818383,0.75645,KOR,GUM,8418
2997838,153,95,1636,2013,61940.0,0.0,0.937641,0.747496,MYS,GUM,8418
2997839,162,95,1636,2013,58349.0,0.0,1.184107,1.249557,NLD,GUM,8418
2997840,174,95,1636,2013,9027.0,0.0,0.507868,0.355403,PHL,GUM,8418
2997841,175,95,1636,2013,0.0,4340.0,0.232127,-0.716653,PLW,GUM,8418
2997842,192,95,1636,2013,3615.0,0.0,1.915504,0.619576,SGP,GUM,8418
2997843,208,95,1636,2013,1389.0,0.0,1.869421,0.228109,SWE,GUM,8418
2997844,216,95,1636,2013,24920.0,0.0,0.8752139999999999,1.3798620000000001,THA,GUM,8418
2997845,249,95,1636,2013,181471.0,0.0,1.843186,0.9432379999999999,TWN,GUM,8418
2997846,14,119,1636,2013,58780.0,0.0,-0.31145700000000004,-0.167628,AUS,KIR,8418
2997847,43,119,1636,2013,65461.0,0.0,1.113767,1.477496,CHN,KIR,8418
2997848,64,119,1636,2013,27871.0,0.0,1.161835,1.1788450000000001,DNK,KIR,8418
2997849,75,119,1636,2013,172861.0,0.0,-0.5203369999999999,-0.122405,FJI,KIR,8418
2997850,97,119,1636,2013,4069.0,0.0,0.744383,1.923139,HKG,KIR,8418
2997851,103,119,1636,2013,1510.0,0.0,-0.216854,1.415728,IDN,KIR,8418
2997852,114,119,1636,2013,52897.0,0.0,2.3993130000000003,-0.564768,JPN,KIR,8418
2997853,121,119,1636,2013,18977.0,0.0,1.818383,0.75645,KOR,KIR,8418
2997854,153,119,1636,2013,7942.0,0.0,0.937641,0.747496,MYS,KIR,8418
2997855,166,119,1636,2013,59197.0,0.0,0.3345,0.39063000000000003,NZL,KIR,8418
2997856,192,119,1636,2013,20824.0,0.0,1.915504,0.619576,SGP,KIR,8418
2997857,216,119,1636,2013,3403.0,0.0,0.8752139999999999,1.3798620000000001,THA,KIR,8418
2997858,231,119,1636,2013,4381.0,0.0,1.6639689999999998,-0.48651300000000003,USA,KIR,8418
2997859,43,139,1636,2013,40228.0,0.0,1.113767,1.477496,CHN,MHL,8418
2997860,114,139,1636,2013,9109.0,0.0,2.3993130000000003,-0.564768,JPN,MHL,8418
2997861,121,139,1636,2013,5924.0,0.0,1.818383,0.75645,KOR,MHL,8418
2997862,162,139,1636,2013,87496.0,0.0,1.184107,1.249557,NLD,MHL,8418
2997863,174,139,1636,2013,15127.0,0.0,0.507868,0.355403,PHL,MHL,8418
2997864,231,139,1636,2013,38850.0,0.0,1.6639689999999998,-0.48651300000000003,USA,MHL,8418
2997865,249,139,1636,2013,166732.0,0.0,1.843186,0.9432379999999999,TWN,MHL,8418
2997866,79,146,1636,2013,0.0,20716.0,-0.234314,-0.8260700000000001,FSM,MNP,8418
2997867,114,146,1636,2013,46941.0,0.0,2.3993130000000003,-0.564768,JPN,MNP,8418
2997868,121,146,1636,2013,56931.0,0.0,1.818383,0.75645,KOR,MNP,8418
2997869,249,146,1636,2013,31257.0,0.0,1.843186,0.9432379999999999,TWN,MNP,8418
2997870,75,161,1636,2013,4396.0,0.0,-0.5203369999999999,-0.122405,FJI,NIU,8418
2997871,166,161,1636,2013,82755.0,0.0,0.3345,0.39063000000000003,NZL,NIU,8418
2997872,14,165,1636,2013,225915.0,0.0,-0.31145700000000004,-0.167628,AUS,NRU,8418
2997873,43,165,1636,2013,2858.0,0.0,1.113767,1.477496,CHN,NRU,8418
2997874,75,165,1636,2013,35832.0,0.0,-0.5203369999999999,-0.122405,FJI,NRU,8418
2997875,114,165,1636,2013,44840.0,0.0,2.3993130000000003,-0.564768,JPN,NRU,8418
2997876,166,171,1636,2013,5368.0,0.0,0.3345,0.39063000000000003,NZL,PCN,8418
2997877,81,194,1636,2013,144328.0,0.0,1.7901259999999999,0.44164,GBR,SHN,8418
2997878,155,194,1636,2013,9627.0,0.0,-0.308643,-0.480617,NAM,SHN,8418
2997879,246,194,1636,2013,40212.0,0.0,0.380284,1.5682120000000002,ZAF,SHN,8418
2997880,14,221,1636,2013,16710.0,0.0,-0.31145700000000004,-0.167628,AUS,TON,8418
2997881,43,221,1636,2013,82477.0,0.0,1.113767,1.477496,CHN,TON,8418
2997882,75,221,1636,2013,113974.0,1623.0,-0.5203369999999999,-0.122405,FJI,TON,8418
2997883,97,221,1636,2013,31573.0,0.0,0.744383,1.923139,HKG,TON,8418
2997884,103,221,1636,2013,4936.0,0.0,-0.216854,1.415728,IDN,TON,8418
2997885,166,221,1636,2013,209437.0,0.0,0.3345,0.39063000000000003,NZL,TON,8418
2997886,192,221,1636,2013,82739.0,0.0,1.915504,0.619576,SGP,TON,8418
2997887,216,221,1636,2013,43856.0,0.0,0.8752139999999999,1.3798620000000001,THA,TON,8418
2997888,224,221,1636,2013,5261.0,0.0,0.42932299999999995,2.690235,TUR,TON,8418
2997889,231,221,1636,2013,60434.0,0.0,1.6639689999999998,-0.48651300000000003,USA,TON,8418
2997890,249,221,1636,2013,7492.0,0.0,1.843186,0.9432379999999999,TWN,TON,8418
2997891,14,225,1636,2013,8790.0,0.0,-0.31145700000000004,-0.167628,AUS,TUV,8418
2997892,75,225,1636,2013,17789.0,0.0,-0.5203369999999999,-0.122405,FJI,TUV,8418
2997893,153,225,1636,2013,3318.0,0.0,0.937641,0.747496,MYS,TUV,8418
2997894,166,225,1636,2013,3857.0,0.0,0.3345,0.39063000000000003,NZL,TUV,8418
2997895,14,241,1636,2013,123223.0,0.0,-0.31145700000000004,-0.167628,AUS,WLF,8418
2997896,43,241,1636,2013,136346.0,0.0,1.113767,1.477496,CHN,WLF,8418
2997897,75,241,1636,2013,10909.0,0.0,-0.5203369999999999,-0.122405,FJI,WLF,8418
2997898,77,241,1636,2013,77464.0,0.0,1.520354,0.022874000000000002,FRA,WLF,8418
2997899,156,241,1636,2013,19211.0,0.0,-0.136052,-0.703913,NCL,WLF,8418
2997900,166,241,1636,2013,19459.0,0.0,0.3345,0.39063000000000003,NZL,WLF,8418
2997901,224,241,1636,2013,17346.0,0.0,0.42932299999999995,2.690235,TUR,WLF,8418
2997902,18,210,1636,2013,1474.0,0.0,1.316207,0.972601,BEL,SXM,8418
2997903,61,210,1636,2013,60782.0,0.0,2.093658,-3.4281980000000005,DEU,SXM,8418
2997904,64,210,1636,2013,75598.0,0.0,1.161835,1.1788450000000001,DNK,SXM,8418
2997905,77,210,1636,2013,93502.0,0.0,1.520354,0.022874000000000002,FRA,SXM,8418
2997906,81,210,1636,2013,18182.0,0.0,1.7901259999999999,0.44164,GBR,SXM,8418
2997907,111,210,1636,2013,17526.0,0.0,1.289924,0.533436,ITA,SXM,8418
2997908,120,210,1636,2013,2160.0,25234.0,0.8500270000000001,-0.390234,KNA,SXM,8418
2997909,162,210,1636,2013,92227.0,0.0,1.184107,1.249557,NLD,SXM,8418
2997910,179,210,1636,2013,46252.0,0.0,0.541454,2.5228610000000002,PRT,SXM,8418
2997911,231,210,1636,2013,1980099.0,0.0,1.6639689999999998,-0.48651300000000003,USA,SXM,8418
2997912,61,12,1636,2013,12245.0,0.0,2.093658,-3.4281980000000005,DEU,ATF,8418
2997913,77,12,1636,2013,24786.0,0.0,1.520354,0.022874000000000002,FRA,ATF,8418
2997914,111,12,1636,2013,27290.0,0.0,1.289924,0.533436,ITA,ATF,8418
2997915,177,12,1636,2013,14588.0,0.0,1.084332,1.216749,POL,ATF,8418
2997916,162,20,1636,2013,72224.0,0.0,1.184107,1.249557,NLD,BES,8418
2997917,169,20,1636,2013,31826.0,0.0,0.735637,1.161718,PAN,BES,8418
2997918,41,27,1636,2013,2730.0,0.0,2.2104470000000003,0.5403479999999999,CHE,BLM,8418
2997919,77,27,1636,2013,691621.0,0.0,1.520354,0.022874000000000002,FRA,BLM,8418
2997920,111,27,1636,2013,12439.0,0.0,1.289924,0.533436,ITA,BLM,8418
2997921,71,76,1636,2013,28317.0,0.0,0.861698,2.353993,ESP,FLK,8418
2997922,81,76,1636,2013,203009.0,0.0,1.7901259999999999,0.44164,GBR,FLK,8418
2997923,231,76,1636,2013,8048.0,0.0,1.6639689999999998,-0.48651300000000003,USA,FLK,8418
2997924,231,105,1636,2013,90115.0,0.0,1.6639689999999998,-0.48651300000000003,USA,IOT,8418
2997925,43,154,1636,2013,1366886.0,0.0,1.113767,1.477496,CHN,MYT,8418
2997926,50,154,1636,2013,0.0,1703.0,-0.326422,-0.6956640000000001,COM,MYT,8418
2997927,71,154,1636,2013,132430.0,0.0,0.861698,2.353993,ESP,MYT,8418
2997928,77,154,1636,2013,1974464.0,0.0,1.520354,0.022874000000000002,FRA,MYT,8418
2997929,106,154,1636,2013,87999.0,0.0,1.29988,0.240688,IRL,MYT,8418
2997930,111,154,1636,2013,145044.0,0.0,1.289924,0.533436,ITA,MYT,8418
2997931,121,154,1636,2013,308213.0,0.0,1.818383,0.75645,KOR,MYT,8418
2997932,151,154,1636,2013,6032.0,0.0,-0.158852,0.0061600000000000005,MUS,MYT,8418
2997933,179,154,1636,2013,20327.0,0.0,0.541454,2.5228610000000002,PRT,MYT,8418
2997934,216,154,1636,2013,174364.0,0.0,0.8752139999999999,1.3798620000000001,THA,MYT,8418
2997935,224,154,1636,2013,31769.0,0.0,0.42932299999999995,2.690235,TUR,MYT,8418
2997936,39,200,1636,2013,12276.0,0.0,0.719649,1.017046,CAN,SPM,8418
2997937,77,200,1636,2013,202737.0,0.0,1.520354,0.022874000000000002,FRA,SPM,8418
2997938,1,7,1637,2013,0.0,1566773.0,-0.985727,-0.7164550000000001,AFG,ARE,8419
2997939,2,7,1637,2013,0.0,239725.0,-1.172043,-1.133735,AGO,ARE,8419
2997940,8,7,1637,2013,121900.0,0.0,0.20314300000000002,0.494062,ARG,ARE,8419
2997941,9,7,1637,2013,0.0,76786.0,-0.076922,-0.5781390000000001,ARM,ARE,8419
2997942,14,7,1637,2013,580742.0,1244908.0,-0.31145700000000004,-0.167628,AUS,ARE,8419
2997943,15,7,1637,2013,2159240.0,34303.0,1.7209240000000001,-0.286892,AUT,ARE,8419
2997944,16,7,1637,2013,0.0,477035.0,-0.9232870000000001,-1.165928,AZE,ARE,8419
2997945,17,7,1637,2013,0.0,20061.0,-0.824903,-0.906436,BDI,ARE,8419
2997946,18,7,1637,2013,8609608.0,111518.0,1.316207,0.972601,BEL,ARE,8419
2997947,19,7,1637,2013,0.0,5198.0,-0.919968,-0.90691,BEN,ARE,8419
2997948,22,7,1637,2013,0.0,106153.0,-1.101916,-0.734646,BGD,ARE,8419
2997949,23,7,1637,2013,247954.0,0.0,0.5026109999999999,1.674296,BGR,ARE,8419
2997950,24,7,1637,2013,225335.0,407398.0,0.249681,-0.6204270000000001,BHR,ARE,8419
2997951,31,7,1637,2013,0.0,4748698.0,-1.039614,-0.95663,BOL,ARE,8419
2997952,32,7,1637,2013,30976.0,1335971.0,0.14765899999999998,0.399262,BRA,ARE,8419
2997953,34,7,1637,2013,0.0,37185.0,-0.866827,-0.795995,BRN,ARE,8419
2997954,37,7,1637,2013,0.0,21401.0,-0.46761499999999995,-1.0842040000000002,BWA,ARE,8419
2997955,39,7,1637,2013,6450912.0,320563.0,0.719649,1.017046,CAN,ARE,8419
2997956,41,7,1637,2013,5067580.0,958936.0,2.2104470000000003,0.5403479999999999,CHE,ARE,8419
2997957,43,7,1637,2013,20070639.0,37491.0,1.113767,1.477496,CHN,ARE,8419
2997958,44,7,1637,2013,0.0,6168.0,-0.923558,-0.866642,CIV,ARE,8419
2997959,45,7,1637,2013,0.0,10114.0,-0.901531,-1.027111,CMR,ARE,8419
2997960,47,7,1637,2013,0.0,304901.0,-1.215681,-1.08679,COG,ARE,8419
2997961,50,7,1637,2013,0.0,791.0,-0.326422,-0.6956640000000001,COM,ARE,8419
2997962,52,7,1637,2013,5637.0,0.0,0.067379,-0.688217,CRI,ARE,8419
2997963,54,7,1637,2013,0.0,37685.0,-0.019956,-0.7873319999999999,CUB,ARE,8419
2997964,58,7,1637,2013,555.0,5779.0,0.502238,0.349608,CYP,ARE,8419
2997965,59,7,1637,2013,871710.0,0.0,1.819653,-0.12423800000000002,CZE,ARE,8419
2997966,61,7,1637,2013,29253016.0,3819578.0,2.093658,-3.4281980000000005,DEU,ARE,8419
2997967,62,7,1637,2013,0.0,4962.0,-0.412843,-0.695916,DJI,ARE,8419
2997968,64,7,1637,2013,9231512.0,26818.0,1.161835,1.1788450000000001,DNK,ARE,8419
2997969,65,7,1637,2013,1220.0,0.0,-0.277269,0.432388,DOM,ARE,8419
2997970,66,7,1637,2013,0.0,4850891.0,-1.373947,-1.1523459999999999,DZA,ARE,8419
2997971,68,7,1637,2013,40895.0,1709004.0,-0.17418,1.692641,EGY,ARE,8419
2997972,69,7,1637,2013,0.0,9579.0,-1.227273,-0.9367340000000001,ERI,ARE,8419
2997973,71,7,1637,2013,5775365.0,4282.0,0.861698,2.353993,ESP,ARE,8419
2997974,72,7,1637,2013,22349.0,0.0,0.8828940000000001,1.386574,EST,ARE,8419
2997975,73,7,1637,2013,0.0,52216.0,-1.264002,-0.9594219999999999,ETH,ARE,8419
2997976,74,7,1637,2013,2223352.0,102175.0,1.734552,0.8896940000000001,FIN,ARE,8419
2997977,77,7,1637,2013,13290859.0,71273.0,1.520354,0.022874000000000002,FRA,ARE,8419
2997978,80,7,1637,2013,0.0,3168.0,-1.6582830000000002,-1.155302,GAB,ARE,8419
2997979,81,7,1637,2013,12953624.0,107574.0,1.7901259999999999,0.44164,GBR,ARE,8419
2997980,82,7,1637,2013,0.0,30107.0,-0.160691,-0.393419,GEO,ARE,8419
2997981,83,7,1637,2013,0.0,417958.0,-0.7316010000000001,-0.5327689999999999,GHA,ARE,8419
2997982,85,7,1637,2013,0.0,17867.0,-1.1287459999999998,-1.069735,GIN,ARE,8419
2997983,90,7,1637,2013,1971010.0,1995.0,0.18823800000000002,0.910906,GRC,ARE,8419
2997984,97,7,1637,2013,178437.0,178307.0,0.744383,1.923139,HKG,ARE,8419
2997985,100,7,1637,2013,3501.0,0.0,0.898284,1.038807,HRV,ARE,8419
2997986,102,7,1637,2013,2014891.0,108430.0,1.506101,0.7279220000000001,HUN,ARE,8419
2997987,103,7,1637,2013,728128.0,4690767.0,-0.216854,1.415728,IDN,ARE,8419
2997988,104,7,1637,2013,25697565.0,2891113.0,0.215356,2.3916209999999998,IND,ARE,8419
2997989,106,7,1637,2013,107858.0,0.0,1.29988,0.240688,IRL,ARE,8419
2997990,107,7,1637,2013,116911.0,36710166.0,-0.339172,-0.237114,IRN,ARE,8419
2997991,108,7,1637,2013,0.0,5064896.0,-2.839079,-0.8705440000000001,IRQ,ARE,8419
2997992,109,7,1637,2013,7549.0,0.0,0.259374,-0.20413299999999998,ISL,ARE,8419
2997993,111,7,1637,2013,58295301.0,1221355.0,1.289924,0.533436,ITA,ARE,8419
2997994,113,7,1637,2013,5718.0,56550.0,0.152659,0.5889979999999999,JOR,ARE,8419
2997995,114,7,1637,2013,5857438.0,86480.0,2.3993130000000003,-0.564768,JPN,ARE,8419
2997996,115,7,1637,2013,8112.0,19865.0,-0.680678,-0.83347,KAZ,ARE,8419
2997997,116,7,1637,2013,0.0,566996.0,-0.448112,0.8672719999999999,KEN,ARE,8419
2997998,117,7,1637,2013,0.0,164111.0,-0.1035,0.339914,KGZ,ARE,8419
2997999,121,7,1637,2013,33603743.0,93520.0,1.818383,0.75645,KOR,ARE,8419
2998000,122,7,1637,2013,218355.0,2150710.0,-0.536384,-1.08382,KWT,ARE,8419
2998001,124,7,1637,2013,196804.0,105370.0,0.283084,1.4289100000000001,LBN,ARE,8419
2998002,126,7,1637,2013,0.0,475662.0,-1.6241459999999999,-1.1817950000000002,LBY,ARE,8419
2998003,128,7,1637,2013,126402.0,430643.0,-0.6521779999999999,0.41258599999999995,LKA,ARE,8419
2998004,130,7,1637,2013,22748.0,0.0,0.737796,1.215543,LTU,ARE,8419
2998005,131,7,1637,2013,2204.0,0.0,1.170459,1.150327,LUX,ARE,8419
2998006,132,7,1637,2013,10560.0,4695.0,0.6219439999999999,1.166749,LVA,ARE,8419
2998007,134,7,1637,2013,0.0,103108.0,-0.6494260000000001,-0.035075999999999996,MAR,ARE,8419
2998008,137,7,1637,2013,0.0,47265.0,-0.21889699999999998,-0.776392,MDV,ARE,8419
2998009,138,7,1637,2013,952818.0,3119957.0,1.048507,0.718932,MEX,ARE,8419
2998010,142,7,1637,2013,7514.0,5703.0,0.8519760000000001,-0.075869,MLT,ARE,8419
2998011,143,7,1637,2013,0.0,11536.0,-1.230787,-0.737375,MMR,ARE,8419
2998012,147,7,1637,2013,0.0,126360.0,-1.326323,-1.050969,MOZ,ARE,8419
2998013,148,7,1637,2013,0.0,12019.0,-1.950532,-1.283104,MRT,ARE,8419
2998014,151,7,1637,2013,3763.0,50570.0,-0.158852,0.0061600000000000005,MUS,ARE,8419
2998015,152,7,1637,2013,0.0,534.0,-0.8992120000000001,-0.862175,MWI,ARE,8419
2998016,153,7,1637,2013,20132275.0,41726.0,0.937641,0.747496,MYS,ARE,8419
2998017,159,7,1637,2013,0.0,1389300.0,-1.745783,-1.1356680000000001,NGA,ARE,8419
2998018,162,7,1637,2013,16197619.0,5710821.0,1.184107,1.249557,NLD,ARE,8419
2998019,163,7,1637,2013,167601.0,13396.0,0.892099,0.18168399999999998,NOR,ARE,8419
2998020,164,7,1637,2013,0.0,1000.0,-0.293669,0.677365,NPL,ARE,8419
2998021,166,7,1637,2013,366929.0,9769.0,0.3345,0.39063000000000003,NZL,ARE,8419
2998022,167,7,1637,2013,3621887.0,11192500.0,-0.604175,-1.0463209999999998,OMN,ARE,8419
2998023,168,7,1637,2013,75821.0,24968411.0,-0.75727,0.769703,PAK,ARE,8419
2998024,174,7,1637,2013,865627.0,9478.0,0.507868,0.355403,PHL,ARE,8419
2998025,177,7,1637,2013,3027816.0,0.0,1.084332,1.216749,POL,ARE,8419
2998026,179,7,1637,2013,1414997.0,0.0,0.541454,2.5228610000000002,PRT,ARE,8419
2998027,183,7,1637,2013,0.0,4654666.0,-0.083649,-1.013491,QAT,ARE,8419
2998028,185,7,1637,2013,87990.0,13997.0,0.792035,1.225034,ROU,ARE,8419
2998029,186,7,1637,2013,49929.0,4464758.0,0.481166,-0.180052,RUS,ARE,8419
2998030,187,7,1637,2013,0.0,25152.0,-0.490519,-0.48427700000000007,RWA,ARE,8419
2998031,188,7,1637,2013,274454.0,28399981.0,0.626347,-0.844406,SAU,ARE,8419
2998032,190,7,1637,2013,0.0,478012.0,-1.254944,-1.073564,SDN,ARE,8419
2998033,191,7,1637,2013,0.0,6565.0,-0.523662,-0.309101,SEN,ARE,8419
2998034,192,7,1637,2013,4049561.0,383579.0,1.915504,0.619576,SGP,ARE,8419
2998035,199,7,1637,2013,0.0,170220.0,-1.194368,-0.915163,SOM,ARE,8419
2998036,201,7,1637,2013,34763.0,0.0,0.5717720000000001,1.174901,SRB,ARE,8419
2998037,206,7,1637,2013,201767.0,793.0,1.32064,0.7519819999999999,SVK,ARE,8419
2998038,207,7,1637,2013,145248.0,24094.0,1.698374,0.563082,SVN,ARE,8419
2998039,208,7,1637,2013,9286220.0,27814.0,1.869421,0.228109,SWE,ARE,8419
2998040,211,7,1637,2013,0.0,30104.0,0.270999,-0.474095,SYC,ARE,8419
2998041,212,7,1637,2013,52790.0,15378.0,-0.14343399999999998,1.077256,SYR,ARE,8419
2998042,216,7,1637,2013,143136.0,49521.0,0.8752139999999999,1.3798620000000001,THA,ARE,8419
2998043,217,7,1637,2013,0.0,86475.0,-1.2512889999999999,-1.16402,TJK,ARE,8419
2998044,219,7,1637,2013,0.0,647911.0,-1.6186770000000001,-1.2210969999999999,TKM,ARE,8419
2998045,223,7,1637,2013,9155.0,1009.0,0.185528,1.0070700000000001,TUN,ARE,8419
2998046,224,7,1637,2013,1764864.0,5715838.0,0.42932299999999995,2.690235,TUR,ARE,8419
2998047,226,7,1637,2013,6060.0,195659.0,-0.9306770000000001,0.273489,TZA,ARE,8419
2998048,227,7,1637,2013,0.0,134304.0,-0.5462279999999999,0.200682,UGA,ARE,8419
2998049,228,7,1637,2013,502144.0,716514.0,0.657729,0.9063200000000001,UKR,ARE,8419
2998050,231,7,1637,2013,40124342.0,3557562.0,1.6639689999999998,-0.48651300000000003,USA,ARE,8419
2998051,232,7,1637,2013,0.0,159050.0,-0.748212,-0.567268,UZB,ARE,8419
2998052,236,7,1637,2013,0.0,2733887.0,-0.778172,-1.107059,VEN,ARE,8419
2998053,239,7,1637,2013,0.0,3650.0,-0.11426900000000001,1.399738,VNM,ARE,8419
2998054,243,7,1637,2013,0.0,4836047.0,-1.252605,-1.207324,YEM,ARE,8419
2998055,246,7,1637,2013,454764.0,375488.0,0.380284,1.5682120000000002,ZAF,ARE,8419
2998056,247,7,1637,2013,1745.0,26520.0,-0.382129,-0.5442229999999999,ZMB,ARE,8419
2998057,248,7,1637,2013,0.0,15711.0,-0.828702,-0.899175,ZWE,ARE,8419
2998058,249,7,1637,2013,978381.0,2627.0,1.843186,0.9432379999999999,TWN,ARE,8419
2998059,250,7,1637,2013,41755.0,1350526.0,0.628555,0.277602,ANS,ARE,8419
2998060,2,8,1637,2013,0.0,274930.0,-1.172043,-1.133735,AGO,ARG,8419
2998061,7,8,1637,2013,0.0,121900.0,-0.074047,-0.585168,ARE,ARG,8419
2998062,14,8,1637,2013,84144.0,27397.0,-0.31145700000000004,-0.167628,AUS,ARG,8419
2998063,15,8,1637,2013,1690495.0,2564.0,1.7209240000000001,-0.286892,AUT,ARG,8419
2998064,18,8,1637,2013,4232786.0,1560.0,1.316207,0.972601,BEL,ARG,8419
2998065,22,8,1637,2013,0.0,385018.0,-1.101916,-0.734646,BGD,ARG,8419
2998066,26,8,1637,2013,8638.0,0.0,0.46743199999999996,0.7340800000000001,BIH,ARG,8419
2998067,31,8,1637,2013,16292.0,11033612.0,-1.039614,-0.95663,BOL,ARG,8419
2998068,32,8,1637,2013,21405990.0,21499608.0,0.14765899999999998,0.399262,BRA,ARG,8419
2998069,39,8,1637,2013,620481.0,27445.0,0.719649,1.017046,CAN,ARG,8419
2998070,41,8,1637,2013,1675007.0,32267.0,2.2104470000000003,0.5403479999999999,CHE,ARG,8419
2998071,42,8,1637,2013,854615.0,8163194.0,-0.260718,-0.38256100000000004,CHL,ARG,8419
2998072,43,8,1637,2013,12101461.0,214268.0,1.113767,1.477496,CHN,ARG,8419
2998073,49,8,1637,2013,2656.0,2308422.0,0.121799,-0.388239,COL,ARG,8419
2998074,52,8,1637,2013,0.0,76702.0,0.067379,-0.688217,CRI,ARG,8419
2998075,54,8,1637,2013,0.0,339151.0,-0.019956,-0.7873319999999999,CUB,ARG,8419
2998076,59,8,1637,2013,439932.0,1625.0,1.819653,-0.12423800000000002,CZE,ARG,8419
2998077,61,8,1637,2013,14808079.0,991896.0,2.093658,-3.4281980000000005,DEU,ARG,8419
2998078,64,8,1637,2013,1456612.0,0.0,1.161835,1.1788450000000001,DNK,ARG,8419
2998079,65,8,1637,2013,0.0,331700.0,-0.277269,0.432388,DOM,ARG,8419
2998080,66,8,1637,2013,0.0,18275.0,-1.373947,-1.1523459999999999,DZA,ARG,8419
2998081,67,8,1637,2013,0.0,2380803.0,-0.86546,-0.8888389999999999,ECU,ARG,8419
2998082,68,8,1637,2013,0.0,243644.0,-0.17418,1.692641,EGY,ARG,8419
2998083,71,8,1637,2013,1027858.0,156022.0,0.861698,2.353993,ESP,ARG,8419
2998084,72,8,1637,2013,0.0,646.0,0.8828940000000001,1.386574,EST,ARG,8419
2998085,74,8,1637,2013,371767.0,909896.0,1.734552,0.8896940000000001,FIN,ARG,8419
2998086,77,8,1637,2013,5852092.0,382394.0,1.520354,0.022874000000000002,FRA,ARG,8419
2998087,81,8,1637,2013,2420193.0,5320.0,1.7901259999999999,0.44164,GBR,ARG,8419
2998088,82,8,1637,2013,0.0,126382.0,-0.160691,-0.393419,GEO,ARG,8419
2998089,83,8,1637,2013,0.0,21409.0,-0.7316010000000001,-0.5327689999999999,GHA,ARG,8419
2998090,90,8,1637,2013,34509.0,0.0,0.18823800000000002,0.910906,GRC,ARG,8419
2998091,93,8,1637,2013,0.0,191569.0,-0.41466499999999995,0.774788,GTM,ARG,8419
2998092,97,8,1637,2013,40755.0,0.0,0.744383,1.923139,HKG,ARG,8419
2998093,99,8,1637,2013,0.0,110894.0,-0.731431,-0.310927,HND,ARG,8419
2998094,101,8,1637,2013,0.0,2501.0,-1.095392,-0.957326,HTI,ARG,8419
2998095,102,8,1637,2013,81287.0,0.0,1.506101,0.7279220000000001,HUN,ARG,8419
2998096,103,8,1637,2013,236474.0,0.0,-0.216854,1.415728,IDN,ARG,8419
2998097,104,8,1637,2013,967049.0,65117.0,0.215356,2.3916209999999998,IND,ARG,8419
2998098,106,8,1637,2013,1227.0,56570.0,1.29988,0.240688,IRL,ARG,8419
2998099,110,8,1637,2013,366379.0,1466.0,1.197241,0.633828,ISR,ARG,8419
2998100,111,8,1637,2013,14323394.0,138895.0,1.289924,0.533436,ITA,ARG,8419
2998101,113,8,1637,2013,0.0,1785.0,0.152659,0.5889979999999999,JOR,ARG,8419
2998102,114,8,1637,2013,2308940.0,22656.0,2.3993130000000003,-0.564768,JPN,ARG,8419
2998103,115,8,1637,2013,0.0,265610.0,-0.680678,-0.83347,KAZ,ARG,8419
2998104,121,8,1637,2013,5211152.0,1781.0,1.818383,0.75645,KOR,ARG,8419
2998105,122,8,1637,2013,0.0,1637.0,-0.536384,-1.08382,KWT,ARG,8419
2998106,130,8,1637,2013,111946.0,0.0,0.737796,1.215543,LTU,ARG,8419
2998107,131,8,1637,2013,0.0,3335.0,1.170459,1.150327,LUX,ARG,8419
2998108,132,8,1637,2013,1591.0,0.0,0.6219439999999999,1.166749,LVA,ARG,8419
2998109,138,8,1637,2013,714283.0,2976797.0,1.048507,0.718932,MEX,ARG,8419
2998110,147,8,1637,2013,0.0,8418.0,-1.326323,-1.050969,MOZ,ARG,8419
2998111,148,8,1637,2013,0.0,12130.0,-1.950532,-1.283104,MRT,ARG,8419
2998112,151,8,1637,2013,0.0,18751.0,-0.158852,0.0061600000000000005,MUS,ARG,8419
2998113,153,8,1637,2013,41492.0,4008.0,0.937641,0.747496,MYS,ARG,8419
2998114,155,8,1637,2013,0.0,113244.0,-0.308643,-0.480617,NAM,ARG,8419
2998115,159,8,1637,2013,0.0,138535.0,-1.745783,-1.1356680000000001,NGA,ARG,8419
2998116,160,8,1637,2013,0.0,609727.0,-0.9277,-0.6842630000000001,NIC,ARG,8419
2998117,162,8,1637,2013,1405811.0,5533.0,1.184107,1.249557,NLD,ARG,8419
2998118,163,8,1637,2013,7466.0,4166.0,0.892099,0.18168399999999998,NOR,ARG,8419
2998119,166,8,1637,2013,12794.0,0.0,0.3345,0.39063000000000003,NZL,ARG,8419
2998120,168,8,1637,2013,19559.0,0.0,-0.75727,0.769703,PAK,ARG,8419
2998121,169,8,1637,2013,1382.0,177812.0,0.735637,1.161718,PAN,ARG,8419
2998122,173,8,1637,2013,1400.0,3034935.0,-0.573852,0.357977,PER,ARG,8419
2998123,174,8,1637,2013,0.0,83332.0,0.507868,0.355403,PHL,ARG,8419
2998124,177,8,1637,2013,493456.0,5528.0,1.084332,1.216749,POL,ARG,8419
2998125,179,8,1637,2013,56495.0,0.0,0.541454,2.5228610000000002,PRT,ARG,8419
2998126,180,8,1637,2013,0.0,2135723.0,-0.566239,-0.9273459999999999,PRY,ARG,8419
2998127,185,8,1637,2013,65493.0,0.0,0.792035,1.225034,ROU,ARG,8419
2998128,186,8,1637,2013,31294.0,881832.0,0.481166,-0.180052,RUS,ARG,8419
2998129,188,8,1637,2013,0.0,53409.0,0.626347,-0.844406,SAU,ARG,8419
2998130,192,8,1637,2013,319634.0,16476.0,1.915504,0.619576,SGP,ARG,8419
2998131,197,8,1637,2013,0.0,13737.0,-0.021029,0.381522,SLV,ARG,8419
2998132,206,8,1637,2013,574717.0,0.0,1.32064,0.7519819999999999,SVK,ARG,8419
2998133,207,8,1637,2013,9727.0,0.0,1.698374,0.563082,SVN,ARG,8419
2998134,208,8,1637,2013,2851808.0,0.0,1.869421,0.228109,SWE,ARG,8419
2998135,216,8,1637,2013,2340293.0,20874.0,0.8752139999999999,1.3798620000000001,THA,ARG,8419
2998136,223,8,1637,2013,0.0,31759.0,0.185528,1.0070700000000001,TUN,ARG,8419
2998137,224,8,1637,2013,311043.0,323742.0,0.42932299999999995,2.690235,TUR,ARG,8419
2998138,228,8,1637,2013,0.0,1484871.0,0.657729,0.9063200000000001,UKR,ARG,8419
2998139,230,8,1637,2013,36658.0,6973018.0,0.20190999999999998,-0.19777999999999998,URY,ARG,8419
2998140,231,8,1637,2013,40950845.0,804524.0,1.6639689999999998,-0.48651300000000003,USA,ARG,8419
2998141,232,8,1637,2013,0.0,179817.0,-0.748212,-0.567268,UZB,ARG,8419
2998142,236,8,1637,2013,0.0,6064937.0,-0.778172,-1.107059,VEN,ARG,8419
2998143,243,8,1637,2013,0.0,8803.0,-1.252605,-1.207324,YEM,ARG,8419
2998144,246,8,1637,2013,0.0,2893518.0,0.380284,1.5682120000000002,ZAF,ARG,8419
2998145,249,8,1637,2013,520805.0,26448.0,1.843186,0.9432379999999999,TWN,ARG,8419
2998146,250,8,1637,2013,0.0,92952.0,0.628555,0.277602,ANS,ARG,8419
2998147,0,15,1637,2013,0.0,3754.0,0.913235,-0.149061,ABW,AUT,8419
2998148,1,15,1637,2013,0.0,30974.0,-0.985727,-0.7164550000000001,AFG,AUT,8419
2998149,2,15,1637,2013,0.0,17488.0,-1.172043,-1.133735,AGO,AUT,8419
2998150,4,15,1637,2013,2989.0,35365.0,-0.53682,-0.162391,ALB,AUT,8419
2998151,5,15,1637,2013,0.0,11555.0,0.9666530000000001,-0.159606,AND,AUT,8419
2998152,7,15,1637,2013,34303.0,2159240.0,-0.074047,-0.585168,ARE,AUT,8419
2998153,8,15,1637,2013,2564.0,1690495.0,0.20314300000000002,0.494062,ARG,AUT,8419
2998154,9,15,1637,2013,0.0,43186.0,-0.076922,-0.5781390000000001,ARM,AUT,8419
2998155,14,15,1637,2013,62908.0,1372921.0,-0.31145700000000004,-0.167628,AUS,AUT,8419
2998156,16,15,1637,2013,0.0,245286.0,-0.9232870000000001,-1.165928,AZE,AUT,8419
2998157,18,15,1637,2013,5806460.0,6995578.0,1.316207,0.972601,BEL,AUT,8419
2998158,19,15,1637,2013,0.0,28856.0,-0.919968,-0.90691,BEN,AUT,8419
2998159,21,15,1637,2013,0.0,12721.0,-0.9110360000000001,-0.852492,BFA,AUT,8419
2998160,22,15,1637,2013,0.0,99314.0,-1.101916,-0.734646,BGD,AUT,8419
2998161,23,15,1637,2013,713903.0,19727334.0,0.5026109999999999,1.674296,BGR,AUT,8419
2998162,24,15,1637,2013,0.0,39811.0,0.249681,-0.6204270000000001,BHR,AUT,8419
2998163,25,15,1637,2013,0.0,49418.0,0.756732,-0.369842,BHS,AUT,8419
2998164,26,15,1637,2013,5012.0,749013.0,0.46743199999999996,0.7340800000000001,BIH,AUT,8419
2998165,28,15,1637,2013,78149.0,1433800.0,1.036923,0.864568,BLR,AUT,8419
2998166,29,15,1637,2013,0.0,127823.0,-0.35218299999999997,-0.508891,BLZ,AUT,8419
2998167,31,15,1637,2013,0.0,14633.0,-1.039614,-0.95663,BOL,AUT,8419
2998168,32,15,1637,2013,6693.0,34754213.0,0.14765899999999998,0.399262,BRA,AUT,8419
2998169,33,15,1637,2013,0.0,81892.0,0.6969489999999999,0.135283,BRB,AUT,8419
2998170,35,15,1637,2013,0.0,12636.0,-0.065218,-0.787495,BTN,AUT,8419
2998171,38,15,1637,2013,0.0,3308.0,-0.268604,-0.606101,CAF,AUT,8419
2998172,39,15,1637,2013,242816.0,11604222.0,0.719649,1.017046,CAN,AUT,8419
2998173,41,15,1637,2013,40413349.0,40852181.0,2.2104470000000003,0.5403479999999999,CHE,AUT,8419
2998174,42,15,1637,2013,4000.0,541758.0,-0.260718,-0.38256100000000004,CHL,AUT,8419
2998175,43,15,1637,2013,2943976.0,52292199.0,1.113767,1.477496,CHN,AUT,8419
2998176,44,15,1637,2013,0.0,7660.0,-0.923558,-0.866642,CIV,AUT,8419
2998177,45,15,1637,2013,0.0,1991.0,-0.901531,-1.027111,CMR,AUT,8419
2998178,46,15,1637,2013,0.0,7776.0,-1.300125,-1.0708010000000001,COD,AUT,8419
2998179,47,15,1637,2013,0.0,20731.0,-1.215681,-1.08679,COG,AUT,8419
2998180,49,15,1637,2013,0.0,2432204.0,0.121799,-0.388239,COL,AUT,8419
2998181,51,15,1637,2013,0.0,29123.0,-0.75058,-0.8948219999999999,CPV,AUT,8419
2998182,52,15,1637,2013,0.0,124761.0,0.067379,-0.688217,CRI,AUT,8419
2998183,54,15,1637,2013,0.0,11089.0,-0.019956,-0.7873319999999999,CUB,AUT,8419
2998184,58,15,1637,2013,0.0,203721.0,0.502238,0.349608,CYP,AUT,8419
2998185,59,15,1637,2013,8324805.0,14652157.0,1.819653,-0.12423800000000002,CZE,AUT,8419
2998186,61,15,1637,2013,223581213.0,169272110.0,2.093658,-3.4281980000000005,DEU,AUT,8419
2998187,62,15,1637,2013,0.0,2774.0,-0.412843,-0.695916,DJI,AUT,8419
2998188,64,15,1637,2013,6730793.0,3337386.0,1.161835,1.1788450000000001,DNK,AUT,8419
2998189,65,15,1637,2013,0.0,44558.0,-0.277269,0.432388,DOM,AUT,8419
2998190,66,15,1637,2013,0.0,167115.0,-1.373947,-1.1523459999999999,DZA,AUT,8419
2998191,67,15,1637,2013,0.0,18551.0,-0.86546,-0.8888389999999999,ECU,AUT,8419
2998192,68,15,1637,2013,0.0,5393676.0,-0.17418,1.692641,EGY,AUT,8419
2998193,69,15,1637,2013,0.0,34969.0,-1.227273,-0.9367340000000001,ERI,AUT,8419
2998194,71,15,1637,2013,1070831.0,7724939.0,0.861698,2.353993,ESP,AUT,8419
2998195,72,15,1637,2013,2552.0,1335181.0,0.8828940000000001,1.386574,EST,AUT,8419
2998196,73,15,1637,2013,1593.0,602.0,-1.264002,-0.9594219999999999,ETH,AUT,8419
2998197,74,15,1637,2013,635060.0,2784632.0,1.734552,0.8896940000000001,FIN,AUT,8419
2998198,77,15,1637,2013,22093638.0,15544707.0,1.520354,0.022874000000000002,FRA,AUT,8419
2998199,80,15,1637,2013,0.0,11336.0,-1.6582830000000002,-1.155302,GAB,AUT,8419
2998200,81,15,1637,2013,2711053.0,7029350.0,1.7901259999999999,0.44164,GBR,AUT,8419
2998201,82,15,1637,2013,0.0,57773.0,-0.160691,-0.393419,GEO,AUT,8419
2998202,83,15,1637,2013,0.0,8105.0,-0.7316010000000001,-0.5327689999999999,GHA,AUT,8419
2998203,84,15,1637,2013,0.0,27914.0,0.991136,-0.603793,GIB,AUT,8419
2998204,90,15,1637,2013,717099.0,4520298.0,0.18823800000000002,0.910906,GRC,AUT,8419
2998205,93,15,1637,2013,0.0,52892.0,-0.41466499999999995,0.774788,GTM,AUT,8419
2998206,97,15,1637,2013,21558.0,1198001.0,0.744383,1.923139,HKG,AUT,8419
2998207,99,15,1637,2013,0.0,2786.0,-0.731431,-0.310927,HND,AUT,8419
2998208,100,15,1637,2013,417561.0,2045838.0,0.898284,1.038807,HRV,AUT,8419
2998209,102,15,1637,2013,10501787.0,4782176.0,1.506101,0.7279220000000001,HUN,AUT,8419
2998210,103,15,1637,2013,7625.0,3189935.0,-0.216854,1.415728,IDN,AUT,8419
2998211,104,15,1637,2013,1568512.0,3935317.0,0.215356,2.3916209999999998,IND,AUT,8419
2998212,106,15,1637,2013,35621.0,3014172.0,1.29988,0.240688,IRL,AUT,8419
2998213,107,15,1637,2013,0.0,19199405.0,-0.339172,-0.237114,IRN,AUT,8419
2998214,108,15,1637,2013,0.0,1184162.0,-2.839079,-0.8705440000000001,IRQ,AUT,8419
2998215,109,15,1637,2013,0.0,8696.0,0.259374,-0.20413299999999998,ISL,AUT,8419
2998216,110,15,1637,2013,88592.0,398406.0,1.197241,0.633828,ISR,AUT,8419
2998217,111,15,1637,2013,50602117.0,42683281.0,1.289924,0.533436,ITA,AUT,8419
2998218,112,15,1637,2013,0.0,4878.0,-0.541441,-0.8448559999999999,JAM,AUT,8419
2998219,113,15,1637,2013,0.0,169797.0,0.152659,0.5889979999999999,JOR,AUT,8419
2998220,114,15,1637,2013,657989.0,2647094.0,2.3993130000000003,-0.564768,JPN,AUT,8419
2998221,115,15,1637,2013,0.0,253825.0,-0.680678,-0.83347,KAZ,AUT,8419
2998222,116,15,1637,2013,0.0,87009.0,-0.448112,0.8672719999999999,KEN,AUT,8419
2998223,117,15,1637,2013,0.0,32262.0,-0.1035,0.339914,KGZ,AUT,8419
2998224,118,15,1637,2013,0.0,6577.0,-1.054758,-0.872352,KHM,AUT,8419
2998225,121,15,1637,2013,299667.0,10065872.0,1.818383,0.75645,KOR,AUT,8419
2998226,122,15,1637,2013,0.0,975330.0,-0.536384,-1.08382,KWT,AUT,8419
2998227,123,15,1637,2013,0.0,128985.0,-1.204446,-0.8571489999999999,LAO,AUT,8419
2998228,124,15,1637,2013,0.0,107474.0,0.283084,1.4289100000000001,LBN,AUT,8419
2998229,126,15,1637,2013,0.0,103187.0,-1.6241459999999999,-1.1817950000000002,LBY,AUT,8419
2998230,127,15,1637,2013,0.0,957.0,0.265129,-0.5083949999999999,LCA,AUT,8419
2998231,128,15,1637,2013,0.0,20711.0,-0.6521779999999999,0.41258599999999995,LKA,AUT,8419
2998232,130,15,1637,2013,14633.0,555412.0,0.737796,1.215543,LTU,AUT,8419
2998233,131,15,1637,2013,523011.0,279237.0,1.170459,1.150327,LUX,AUT,8419
2998234,132,15,1637,2013,9814.0,2667962.0,0.6219439999999999,1.166749,LVA,AUT,8419
2998235,134,15,1637,2013,12759.0,327845.0,-0.6494260000000001,-0.035075999999999996,MAR,AUT,8419
2998236,135,15,1637,2013,0.0,187386.0,-0.016235,0.132104,MDA,AUT,8419
2998237,136,15,1637,2013,0.0,5902.0,-1.068565,-0.364254,MDG,AUT,8419
2998238,137,15,1637,2013,0.0,4100.0,-0.21889699999999998,-0.776392,MDV,AUT,8419
2998239,138,15,1637,2013,1270669.0,4533890.0,1.048507,0.718932,MEX,AUT,8419
2998240,140,15,1637,2013,5481.0,265453.0,-0.10859400000000001,0.155229,MKD,AUT,8419
2998241,141,15,1637,2013,0.0,6038.0,-1.183671,-1.069504,MLI,AUT,8419
2998242,142,15,1637,2013,0.0,28734.0,0.8519760000000001,-0.075869,MLT,AUT,8419
2998243,143,15,1637,2013,0.0,59977.0,-1.230787,-0.737375,MMR,AUT,8419
2998244,144,15,1637,2013,0.0,7731.0,-0.054454999999999996,-0.164875,MNE,AUT,8419
2998245,145,15,1637,2013,0.0,3262.0,-1.3270950000000001,-1.144547,MNG,AUT,8419
2998246,151,15,1637,2013,0.0,55309.0,-0.158852,0.0061600000000000005,MUS,AUT,8419
2998247,152,15,1637,2013,0.0,1136.0,-0.8992120000000001,-0.862175,MWI,AUT,8419
2998248,153,15,1637,2013,32425.0,713160.0,0.937641,0.747496,MYS,AUT,8419
2998249,155,15,1637,2013,0.0,7703.0,-0.308643,-0.480617,NAM,AUT,8419
2998250,156,15,1637,2013,0.0,4345.0,-0.136052,-0.703913,NCL,AUT,8419
2998251,157,15,1637,2013,0.0,278.0,-1.268738,-0.942256,NER,AUT,8419
2998252,159,15,1637,2013,0.0,224669.0,-1.745783,-1.1356680000000001,NGA,AUT,8419
2998253,160,15,1637,2013,0.0,25362.0,-0.9277,-0.6842630000000001,NIC,AUT,8419
2998254,162,15,1637,2013,19877360.0,26567767.0,1.184107,1.249557,NLD,AUT,8419
2998255,163,15,1637,2013,59785.0,593933.0,0.892099,0.18168399999999998,NOR,AUT,8419
2998256,164,15,1637,2013,0.0,25716.0,-0.293669,0.677365,NPL,AUT,8419
2998257,166,15,1637,2013,1373.0,134968.0,0.3345,0.39063000000000003,NZL,AUT,8419
2998258,167,15,1637,2013,0.0,89982.0,-0.604175,-1.0463209999999998,OMN,AUT,8419
2998259,168,15,1637,2013,0.0,121049.0,-0.75727,0.769703,PAK,AUT,8419
2998260,169,15,1637,2013,0.0,2726.0,0.735637,1.161718,PAN,AUT,8419
2998261,173,15,1637,2013,0.0,101408.0,-0.573852,0.357977,PER,AUT,8419
2998262,174,15,1637,2013,6847.0,303426.0,0.507868,0.355403,PHL,AUT,8419
2998263,176,15,1637,2013,0.0,292816.0,-1.444244,-1.144231,PNG,AUT,8419
2998264,177,15,1637,2013,20598999.0,7224977.0,1.084332,1.216749,POL,AUT,8419
2998265,179,15,1637,2013,153312.0,2100805.0,0.541454,2.5228610000000002,PRT,AUT,8419
2998266,180,15,1637,2013,0.0,10824.0,-0.566239,-0.9273459999999999,PRY,AUT,8419
2998267,182,15,1637,2013,0.0,1512.0,-0.146044,-0.7055359999999999,PYF,AUT,8419
2998268,183,15,1637,2013,0.0,798405.0,-0.083649,-1.013491,QAT,AUT,8419
2998269,185,15,1637,2013,3206629.0,5590710.0,0.792035,1.225034,ROU,AUT,8419
2998270,186,15,1637,2013,417872.0,28127690.0,0.481166,-0.180052,RUS,AUT,8419
2998271,187,15,1637,2013,0.0,2275.0,-0.490519,-0.48427700000000007,RWA,AUT,8419
2998272,188,15,1637,2013,134970.0,4111184.0,0.626347,-0.844406,SAU,AUT,8419
2998273,190,15,1637,2013,0.0,172599.0,-1.254944,-1.073564,SDN,AUT,8419
2998274,191,15,1637,2013,0.0,3248.0,-0.523662,-0.309101,SEN,AUT,8419
2998275,192,15,1637,2013,320872.0,1236796.0,1.915504,0.619576,SGP,AUT,8419
2998276,197,15,1637,2013,0.0,32349.0,-0.021029,0.381522,SLV,AUT,8419
2998277,201,15,1637,2013,174332.0,496351.0,0.5717720000000001,1.174901,SRB,AUT,8419
2998278,202,15,1637,2013,0.0,2034.0,-2.57,-0.8567969999999999,SSD,AUT,8419
2998279,206,15,1637,2013,9488660.0,6401517.0,1.32064,0.7519819999999999,SVK,AUT,8419
2998280,207,15,1637,2013,5015862.0,6573067.0,1.698374,0.563082,SVN,AUT,8419
2998281,208,15,1637,2013,20954659.0,4796423.0,1.869421,0.228109,SWE,AUT,8419
2998282,211,15,1637,2013,497394.0,167405.0,0.270999,-0.474095,SYC,AUT,8419
2998283,214,15,1637,2013,0.0,4321.0,-2.800677,-0.9466969999999999,TCD,AUT,8419
2998284,215,15,1637,2013,0.0,106053.0,-0.598413,-0.49295200000000006,TGO,AUT,8419
2998285,216,15,1637,2013,126244.0,709379.0,0.8752139999999999,1.3798620000000001,THA,AUT,8419
2998286,219,15,1637,2013,0.0,271615.0,-1.6186770000000001,-1.2210969999999999,TKM,AUT,8419
2998287,222,15,1637,2013,0.0,2715.0,-0.280641,-1.083332,TTO,AUT,8419
2998288,223,15,1637,2013,949.0,360316.0,0.185528,1.0070700000000001,TUN,AUT,8419
2998289,224,15,1637,2013,533918.0,3583092.0,0.42932299999999995,2.690235,TUR,AUT,8419
2998290,226,15,1637,2013,0.0,53899.0,-0.9306770000000001,0.273489,TZA,AUT,8419
2998291,227,15,1637,2013,0.0,67844.0,-0.5462279999999999,0.200682,UGA,AUT,8419
2998292,228,15,1637,2013,4181.0,10861107.0,0.657729,0.9063200000000001,UKR,AUT,8419
2998293,230,15,1637,2013,0.0,29318.0,0.20190999999999998,-0.19777999999999998,URY,AUT,8419
2998294,231,15,1637,2013,7952629.0,19549401.0,1.6639689999999998,-0.48651300000000003,USA,AUT,8419
2998295,232,15,1637,2013,0.0,2488165.0,-0.748212,-0.567268,UZB,AUT,8419
2998296,236,15,1637,2013,0.0,48778.0,-0.778172,-1.107059,VEN,AUT,8419
2998297,239,15,1637,2013,424666.0,488799.0,-0.11426900000000001,1.399738,VNM,AUT,8419
2998298,243,15,1637,2013,0.0,25921.0,-1.252605,-1.207324,YEM,AUT,8419
2998299,246,15,1637,2013,8251.0,1288352.0,0.380284,1.5682120000000002,ZAF,AUT,8419
2998300,247,15,1637,2013,0.0,31323.0,-0.382129,-0.5442229999999999,ZMB,AUT,8419
2998301,248,15,1637,2013,0.0,5563.0,-0.828702,-0.899175,ZWE,AUT,8419
2998302,249,15,1637,2013,821523.0,639727.0,1.843186,0.9432379999999999,TWN,AUT,8419
2998303,0,18,1637,2013,0.0,3323.0,0.913235,-0.149061,ABW,BEL,8419
2998304,1,18,1637,2013,0.0,38117.0,-0.985727,-0.7164550000000001,AFG,BEL,8419
2998305,2,18,1637,2013,0.0,1930664.0,-1.172043,-1.133735,AGO,BEL,8419
2998306,4,18,1637,2013,0.0,228474.0,-0.53682,-0.162391,ALB,BEL,8419
2998307,7,18,1637,2013,111518.0,8609608.0,-0.074047,-0.585168,ARE,BEL,8419
2998308,8,18,1637,2013,1560.0,4232786.0,0.20314300000000002,0.494062,ARG,BEL,8419
2998309,9,18,1637,2013,0.0,65111.0,-0.076922,-0.5781390000000001,ARM,BEL,8419
2998310,12,18,1637,2013,0.0,3326.0,0.308415,-0.683897,ATF,BEL,8419
2998311,14,18,1637,2013,805297.0,3530715.0,-0.31145700000000004,-0.167628,AUS,BEL,8419
2998312,15,18,1637,2013,6995578.0,5806460.0,1.7209240000000001,-0.286892,AUT,BEL,8419
2998313,16,18,1637,2013,0.0,374817.0,-0.9232870000000001,-1.165928,AZE,BEL,8419
2998314,17,18,1637,2013,0.0,155711.0,-0.824903,-0.906436,BDI,BEL,8419
2998315,19,18,1637,2013,0.0,19656.0,-0.919968,-0.90691,BEN,BEL,8419
2998316,20,18,1637,2013,0.0,3191.0,1.6446889999999998,-0.481741,BES,BEL,8419
2998317,21,18,1637,2013,0.0,52458.0,-0.9110360000000001,-0.852492,BFA,BEL,8419
2998318,22,18,1637,2013,0.0,4039404.0,-1.101916,-0.734646,BGD,BEL,8419
2998319,23,18,1637,2013,64532.0,418620.0,0.5026109999999999,1.674296,BGR,BEL,8419
2998320,24,18,1637,2013,1649.0,1120914.0,0.249681,-0.6204270000000001,BHR,BEL,8419
2998321,26,18,1637,2013,1114.0,89301.0,0.46743199999999996,0.7340800000000001,BIH,BEL,8419
2998322,27,18,1637,2013,0.0,3259.0,0.975269,-0.301577,BLM,BEL,8419
2998323,28,18,1637,2013,1936.0,744730.0,1.036923,0.864568,BLR,BEL,8419
2998324,31,18,1637,2013,0.0,477890.0,-1.039614,-0.95663,BOL,BEL,8419
2998325,32,18,1637,2013,82244.0,24631089.0,0.14765899999999998,0.399262,BRA,BEL,8419
2998326,35,18,1637,2013,0.0,14510.0,-0.065218,-0.787495,BTN,BEL,8419
2998327,37,18,1637,2013,0.0,2279.0,-0.46761499999999995,-1.0842040000000002,BWA,BEL,8419
2998328,38,18,1637,2013,0.0,32977.0,-0.268604,-0.606101,CAF,BEL,8419
2998329,39,18,1637,2013,2075370.0,3448427.0,0.719649,1.017046,CAN,BEL,8419
2998330,41,18,1637,2013,85878741.0,5785390.0,2.2104470000000003,0.5403479999999999,CHE,BEL,8419
2998331,42,18,1637,2013,6019.0,9288366.0,-0.260718,-0.38256100000000004,CHL,BEL,8419
2998332,43,18,1637,2013,21148993.0,104619258.0,1.113767,1.477496,CHN,BEL,8419
2998333,44,18,1637,2013,0.0,374411.0,-0.923558,-0.866642,CIV,BEL,8419
2998334,45,18,1637,2013,0.0,825280.0,-0.901531,-1.027111,CMR,BEL,8419
2998335,46,18,1637,2013,0.0,414360.0,-1.300125,-1.0708010000000001,COD,BEL,8419
2998336,47,18,1637,2013,0.0,145421.0,-1.215681,-1.08679,COG,BEL,8419
2998337,49,18,1637,2013,18300.0,662745.0,0.121799,-0.388239,COL,BEL,8419
2998338,52,18,1637,2013,0.0,151920.0,0.067379,-0.688217,CRI,BEL,8419
2998339,54,18,1637,2013,0.0,92042.0,-0.019956,-0.7873319999999999,CUB,BEL,8419
2998340,55,18,1637,2013,0.0,40994.0,0.029981999999999998,-0.673439,CUW,BEL,8419
2998341,58,18,1637,2013,0.0,172909.0,0.502238,0.349608,CYP,BEL,8419
2998342,59,18,1637,2013,9512933.0,7029488.0,1.819653,-0.12423800000000002,CZE,BEL,8419
2998343,61,18,1637,2013,187314808.0,67938608.0,2.093658,-3.4281980000000005,DEU,BEL,8419
2998344,62,18,1637,2013,0.0,14297.0,-0.412843,-0.695916,DJI,BEL,8419
2998345,64,18,1637,2013,4198821.0,3851612.0,1.161835,1.1788450000000001,DNK,BEL,8419
2998346,65,18,1637,2013,0.0,40305.0,-0.277269,0.432388,DOM,BEL,8419
2998347,66,18,1637,2013,22816.0,11653586.0,-1.373947,-1.1523459999999999,DZA,BEL,8419
2998348,67,18,1637,2013,0.0,234841.0,-0.86546,-0.8888389999999999,ECU,BEL,8419
2998349,68,18,1637,2013,43616.0,4356136.0,-0.17418,1.692641,EGY,BEL,8419
2998350,69,18,1637,2013,0.0,44211.0,-1.227273,-0.9367340000000001,ERI,BEL,8419
2998351,71,18,1637,2013,7466692.0,9147895.0,0.861698,2.353993,ESP,BEL,8419
2998352,72,18,1637,2013,41155.0,2150628.0,0.8828940000000001,1.386574,EST,BEL,8419
2998353,73,18,1637,2013,0.0,518042.0,-1.264002,-0.9594219999999999,ETH,BEL,8419
2998354,74,18,1637,2013,5854008.0,6104418.0,1.734552,0.8896940000000001,FIN,BEL,8419
2998355,77,18,1637,2013,80212554.0,61751640.0,1.520354,0.022874000000000002,FRA,BEL,8419
2998356,78,18,1637,2013,0.0,65542.0,-0.370701,-0.815466,FRO,BEL,8419
2998357,80,18,1637,2013,0.0,886194.0,-1.6582830000000002,-1.155302,GAB,BEL,8419
2998358,81,18,1637,2013,17944555.0,22073808.0,1.7901259999999999,0.44164,GBR,BEL,8419
2998359,82,18,1637,2013,0.0,192658.0,-0.160691,-0.393419,GEO,BEL,8419
2998360,83,18,1637,2013,13950.0,2004038.0,-0.7316010000000001,-0.5327689999999999,GHA,BEL,8419
2998361,85,18,1637,2013,0.0,65934.0,-1.1287459999999998,-1.069735,GIN,BEL,8419
2998362,87,18,1637,2013,0.0,21419.0,-0.5571550000000001,-0.6860310000000001,GMB,BEL,8419
2998363,89,18,1637,2013,0.0,448664.0,-1.521575,-0.814708,GNQ,BEL,8419
2998364,90,18,1637,2013,3111507.0,2546114.0,0.18823800000000002,0.910906,GRC,BEL,8419
2998365,92,18,1637,2013,0.0,782.0,-0.801617,-0.8734120000000001,GRL,BEL,8419
2998366,93,18,1637,2013,0.0,213364.0,-0.41466499999999995,0.774788,GTM,BEL,8419
2998367,96,18,1637,2013,0.0,5679.0,-0.8555590000000001,-0.9744450000000001,GUY,BEL,8419
2998368,97,18,1637,2013,28960.0,501773.0,0.744383,1.923139,HKG,BEL,8419
2998369,99,18,1637,2013,0.0,58815.0,-0.731431,-0.310927,HND,BEL,8419
2998370,100,18,1637,2013,1649619.0,205588.0,0.898284,1.038807,HRV,BEL,8419
2998371,101,18,1637,2013,0.0,16141.0,-1.095392,-0.957326,HTI,BEL,8419
2998372,102,18,1637,2013,2663297.0,4580139.0,1.506101,0.7279220000000001,HUN,BEL,8419
2998373,103,18,1637,2013,231163.0,8234680.0,-0.216854,1.415728,IDN,BEL,8419
2998374,104,18,1637,2013,5467687.0,14092689.0,0.215356,2.3916209999999998,IND,BEL,8419
2998375,106,18,1637,2013,1328915.0,6632328.0,1.29988,0.240688,IRL,BEL,8419
2998376,107,18,1637,2013,0.0,263321.0,-0.339172,-0.237114,IRN,BEL,8419
2998377,108,18,1637,2013,0.0,2950076.0,-2.839079,-0.8705440000000001,IRQ,BEL,8419
2998378,109,18,1637,2013,0.0,202046.0,0.259374,-0.20413299999999998,ISL,BEL,8419
2998379,110,18,1637,2013,2466364.0,3694952.0,1.197241,0.633828,ISR,BEL,8419
2998380,111,18,1637,2013,73886593.0,23616104.0,1.289924,0.533436,ITA,BEL,8419
2998381,112,18,1637,2013,0.0,12192.0,-0.541441,-0.8448559999999999,JAM,BEL,8419
2998382,113,18,1637,2013,0.0,1802747.0,0.152659,0.5889979999999999,JOR,BEL,8419
2998383,114,18,1637,2013,8331465.0,3588262.0,2.3993130000000003,-0.564768,JPN,BEL,8419
2998384,115,18,1637,2013,3841.0,1371260.0,-0.680678,-0.83347,KAZ,BEL,8419
2998385,116,18,1637,2013,5020.0,357151.0,-0.448112,0.8672719999999999,KEN,BEL,8419
2998386,118,18,1637,2013,0.0,32871.0,-1.054758,-0.872352,KHM,BEL,8419
2998387,121,18,1637,2013,3506051.0,15902268.0,1.818383,0.75645,KOR,BEL,8419
2998388,122,18,1637,2013,0.0,818490.0,-0.536384,-1.08382,KWT,BEL,8419
2998389,123,18,1637,2013,0.0,22821.0,-1.204446,-0.8571489999999999,LAO,BEL,8419
2998390,124,18,1637,2013,9954.0,1113162.0,0.283084,1.4289100000000001,LBN,BEL,8419
2998391,125,18,1637,2013,0.0,5137.0,-0.41869399999999996,-0.9538770000000001,LBR,BEL,8419
2998392,126,18,1637,2013,0.0,713816.0,-1.6241459999999999,-1.1817950000000002,LBY,BEL,8419
2998393,128,18,1637,2013,0.0,128387.0,-0.6521779999999999,0.41258599999999995,LKA,BEL,8419
2998394,130,18,1637,2013,1764634.0,1059078.0,0.737796,1.215543,LTU,BEL,8419
2998395,131,18,1637,2013,886206.0,2234715.0,1.170459,1.150327,LUX,BEL,8419
2998396,132,18,1637,2013,0.0,352882.0,0.6219439999999999,1.166749,LVA,BEL,8419
2998397,134,18,1637,2013,1994.0,2320291.0,-0.6494260000000001,-0.035075999999999996,MAR,BEL,8419
2998398,135,18,1637,2013,9029.0,302202.0,-0.016235,0.132104,MDA,BEL,8419
2998399,136,18,1637,2013,0.0,37265.0,-1.068565,-0.364254,MDG,BEL,8419
2998400,137,18,1637,2013,0.0,22852.0,-0.21889699999999998,-0.776392,MDV,BEL,8419
2998401,138,18,1637,2013,560331.0,15105639.0,1.048507,0.718932,MEX,BEL,8419
2998402,140,18,1637,2013,0.0,934328.0,-0.10859400000000001,0.155229,MKD,BEL,8419
2998403,141,18,1637,2013,0.0,80056.0,-1.183671,-1.069504,MLI,BEL,8419
2998404,142,18,1637,2013,0.0,81758.0,0.8519760000000001,-0.075869,MLT,BEL,8419
2998405,143,18,1637,2013,0.0,92306.0,-1.230787,-0.737375,MMR,BEL,8419
2998406,144,18,1637,2013,0.0,26922.0,-0.054454999999999996,-0.164875,MNE,BEL,8419
2998407,145,18,1637,2013,0.0,21661.0,-1.3270950000000001,-1.144547,MNG,BEL,8419
2998408,147,18,1637,2013,1257.0,205996.0,-1.326323,-1.050969,MOZ,BEL,8419
2998409,148,18,1637,2013,0.0,96092.0,-1.950532,-1.283104,MRT,BEL,8419
2998410,151,18,1637,2013,0.0,33421.0,-0.158852,0.0061600000000000005,MUS,BEL,8419
2998411,153,18,1637,2013,2480949.0,5335978.0,0.937641,0.747496,MYS,BEL,8419
2998412,154,18,1637,2013,0.0,2650.0,0.9851690000000001,-0.504069,MYT,BEL,8419
2998413,155,18,1637,2013,1466.0,40116.0,-0.308643,-0.480617,NAM,BEL,8419
2998414,156,18,1637,2013,0.0,5367.0,-0.136052,-0.703913,NCL,BEL,8419
2998415,157,18,1637,2013,0.0,88315.0,-1.268738,-0.942256,NER,BEL,8419
2998416,159,18,1637,2013,258084.0,10357576.0,-1.745783,-1.1356680000000001,NGA,BEL,8419
2998417,160,18,1637,2013,0.0,17319.0,-0.9277,-0.6842630000000001,NIC,BEL,8419
2998418,162,18,1637,2013,75646777.0,55562596.0,1.184107,1.249557,NLD,BEL,8419
2998419,163,18,1637,2013,267776.0,5939776.0,0.892099,0.18168399999999998,NOR,BEL,8419
2998420,164,18,1637,2013,0.0,16968.0,-0.293669,0.677365,NPL,BEL,8419
2998421,166,18,1637,2013,22921.0,870388.0,0.3345,0.39063000000000003,NZL,BEL,8419
2998422,167,18,1637,2013,0.0,1652083.0,-0.604175,-1.0463209999999998,OMN,BEL,8419
2998423,168,18,1637,2013,6895.0,2765062.0,-0.75727,0.769703,PAK,BEL,8419
2998424,169,18,1637,2013,0.0,392167.0,0.735637,1.161718,PAN,BEL,8419
2998425,173,18,1637,2013,9521.0,861128.0,-0.573852,0.357977,PER,BEL,8419
2998426,174,18,1637,2013,5378.0,5891426.0,0.507868,0.355403,PHL,BEL,8419
2998427,176,18,1637,2013,0.0,248111.0,-1.444244,-1.144231,PNG,BEL,8419
2998428,177,18,1637,2013,7534126.0,10568908.0,1.084332,1.216749,POL,BEL,8419
2998429,179,18,1637,2013,4407619.0,2322958.0,0.541454,2.5228610000000002,PRT,BEL,8419
2998430,180,18,1637,2013,0.0,50486.0,-0.566239,-0.9273459999999999,PRY,BEL,8419
2998431,181,18,1637,2013,0.0,4789.0,0.072979,0.7099260000000001,PSE,BEL,8419
2998432,182,18,1637,2013,0.0,54453.0,-0.146044,-0.7055359999999999,PYF,BEL,8419
2998433,183,18,1637,2013,0.0,2398250.0,-0.083649,-1.013491,QAT,BEL,8419
2998434,185,18,1637,2013,37348.0,1996147.0,0.792035,1.225034,ROU,BEL,8419
2998435,186,18,1637,2013,94601.0,58338549.0,0.481166,-0.180052,RUS,BEL,8419
2998436,187,18,1637,2013,0.0,118008.0,-0.490519,-0.48427700000000007,RWA,BEL,8419
2998437,188,18,1637,2013,8883.0,40787974.0,0.626347,-0.844406,SAU,BEL,8419
2998438,190,18,1637,2013,0.0,79199.0,-1.254944,-1.073564,SDN,BEL,8419
2998439,191,18,1637,2013,0.0,195661.0,-0.523662,-0.309101,SEN,BEL,8419
2998440,192,18,1637,2013,2467423.0,2912737.0,1.915504,0.619576,SGP,BEL,8419
2998441,196,18,1637,2013,0.0,57335.0,-0.132082,-0.552921,SLE,BEL,8419
2998442,197,18,1637,2013,0.0,4363.0,-0.021029,0.381522,SLV,BEL,8419
2998443,200,18,1637,2013,0.0,3134.0,0.000466,-0.672524,SPM,BEL,8419
2998444,201,18,1637,2013,3500.0,1158736.0,0.5717720000000001,1.174901,SRB,BEL,8419
2998445,202,18,1637,2013,0.0,4726.0,-2.57,-0.8567969999999999,SSD,BEL,8419
2998446,205,18,1637,2013,0.0,8342.0,-0.417865,-0.7600399999999999,SUR,BEL,8419
2998447,206,18,1637,2013,1648020.0,1385421.0,1.32064,0.7519819999999999,SVK,BEL,8419
2998448,207,18,1637,2013,7680840.0,1731722.0,1.698374,0.563082,SVN,BEL,8419
2998449,208,18,1637,2013,35343321.0,11017873.0,1.869421,0.228109,SWE,BEL,8419
2998450,209,18,1637,2013,84703.0,0.0,0.109267,-0.275005,SWZ,BEL,8419
2998451,210,18,1637,2013,0.0,13527.0,0.5512090000000001,-0.22818400000000003,SXM,BEL,8419
2998452,211,18,1637,2013,0.0,8727.0,0.270999,-0.474095,SYC,BEL,8419
2998453,212,18,1637,2013,0.0,1994966.0,-0.14343399999999998,1.077256,SYR,BEL,8419
2998454,214,18,1637,2013,0.0,80212.0,-2.800677,-0.9466969999999999,TCD,BEL,8419
2998455,215,18,1637,2013,0.0,7005.0,-0.598413,-0.49295200000000006,TGO,BEL,8419
2998456,216,18,1637,2013,98251.0,4760755.0,0.8752139999999999,1.3798620000000001,THA,BEL,8419
2998457,219,18,1637,2013,0.0,78945.0,-1.6186770000000001,-1.2210969999999999,TKM,BEL,8419
2998458,222,18,1637,2013,0.0,2502441.0,-0.280641,-1.083332,TTO,BEL,8419
2998459,223,18,1637,2013,0.0,1476694.0,0.185528,1.0070700000000001,TUN,BEL,8419
2998460,224,18,1637,2013,1887645.0,10279891.0,0.42932299999999995,2.690235,TUR,BEL,8419
2998461,226,18,1637,2013,0.0,272794.0,-0.9306770000000001,0.273489,TZA,BEL,8419
2998462,227,18,1637,2013,0.0,38689.0,-0.5462279999999999,0.200682,UGA,BEL,8419
2998463,228,18,1637,2013,1368.0,1069915.0,0.657729,0.9063200000000001,UKR,BEL,8419
2998464,230,18,1637,2013,0.0,1423696.0,0.20190999999999998,-0.19777999999999998,URY,BEL,8419
2998465,231,18,1637,2013,77509177.0,20943208.0,1.6639689999999998,-0.48651300000000003,USA,BEL,8419
2998466,232,18,1637,2013,0.0,72889.0,-0.748212,-0.567268,UZB,BEL,8419
2998467,236,18,1637,2013,0.0,749169.0,-0.778172,-1.107059,VEN,BEL,8419
2998468,239,18,1637,2013,0.0,2481861.0,-0.11426900000000001,1.399738,VNM,BEL,8419
2998469,243,18,1637,2013,0.0,506978.0,-1.252605,-1.207324,YEM,BEL,8419
2998470,246,18,1637,2013,56448.0,7039919.0,0.380284,1.5682120000000002,ZAF,BEL,8419
2998471,247,18,1637,2013,0.0,194103.0,-0.382129,-0.5442229999999999,ZMB,BEL,8419
2998472,248,18,1637,2013,0.0,28543.0,-0.828702,-0.899175,ZWE,BEL,8419
2998473,249,18,1637,2013,585577.0,234555.0,1.843186,0.9432379999999999,TWN,BEL,8419
2998474,250,18,1637,2013,26026.0,1011.0,0.628555,0.277602,ANS,BEL,8419
2998475,7,19,1637,2013,5198.0,0.0,-0.074047,-0.585168,ARE,BEN,8419
2998476,15,19,1637,2013,28856.0,0.0,1.7209240000000001,-0.286892,AUT,BEN,8419
2998477,18,19,1637,2013,19656.0,0.0,1.316207,0.972601,BEL,BEN,8419
2998478,39,19,1637,2013,17482.0,0.0,0.719649,1.017046,CAN,BEN,8419
2998479,43,19,1637,2013,1282880.0,0.0,1.113767,1.477496,CHN,BEN,8419
2998480,45,19,1637,2013,147453.0,0.0,-0.901531,-1.027111,CMR,BEN,8419
2998481,61,19,1637,2013,2152514.0,0.0,2.093658,-3.4281980000000005,DEU,BEN,8419
2998482,71,19,1637,2013,34123.0,0.0,0.861698,2.353993,ESP,BEN,8419
2998483,77,19,1637,2013,722293.0,0.0,1.520354,0.022874000000000002,FRA,BEN,8419
2998484,81,19,1637,2013,174335.0,0.0,1.7901259999999999,0.44164,GBR,BEN,8419
2998485,90,19,1637,2013,2170.0,0.0,0.18823800000000002,0.910906,GRC,BEN,8419
2998486,104,19,1637,2013,155174.0,0.0,0.215356,2.3916209999999998,IND,BEN,8419
2998487,111,19,1637,2013,202000.0,0.0,1.289924,0.533436,ITA,BEN,8419
2998488,153,19,1637,2013,15932.0,0.0,0.937641,0.747496,MYS,BEN,8419
2998489,177,19,1637,2013,5258.0,0.0,1.084332,1.216749,POL,BEN,8419
2998490,192,19,1637,2013,941.0,0.0,1.915504,0.619576,SGP,BEN,8419
2998491,215,19,1637,2013,1547.0,0.0,-0.598413,-0.49295200000000006,TGO,BEN,8419
2998492,216,19,1637,2013,1410.0,0.0,0.8752139999999999,1.3798620000000001,THA,BEN,8419
2998493,224,19,1637,2013,29638.0,0.0,0.42932299999999995,2.690235,TUR,BEN,8419
2998494,231,19,1637,2013,49409.0,0.0,1.6639689999999998,-0.48651300000000003,USA,BEN,8419
2998495,2,23,1637,2013,0.0,3493.0,-1.172043,-1.133735,AGO,BGR,8419
2998496,4,23,1637,2013,0.0,277571.0,-0.53682,-0.162391,ALB,BGR,8419
2998497,7,23,1637,2013,0.0,247954.0,-0.074047,-0.585168,ARE,BGR,8419
2998498,9,23,1637,2013,0.0,73558.0,-0.076922,-0.5781390000000001,ARM,BGR,8419
2998499,14,23,1637,2013,0.0,2192.0,-0.31145700000000004,-0.167628,AUS,BGR,8419
2998500,15,23,1637,2013,19727334.0,713903.0,1.7209240000000001,-0.286892,AUT,BGR,8419
2998501,16,23,1637,2013,0.0,345069.0,-0.9232870000000001,-1.165928,AZE,BGR,8419
2998502,18,23,1637,2013,418620.0,64532.0,1.316207,0.972601,BEL,BGR,8419
2998503,26,23,1637,2013,0.0,114663.0,0.46743199999999996,0.7340800000000001,BIH,BGR,8419
2998504,28,23,1637,2013,3319.0,525527.0,1.036923,0.864568,BLR,BGR,8419
2998505,39,23,1637,2013,26366.0,0.0,0.719649,1.017046,CAN,BGR,8419
2998506,41,23,1637,2013,913926.0,143835.0,2.2104470000000003,0.5403479999999999,CHE,BGR,8419
2998507,43,23,1637,2013,7344995.0,238946.0,1.113767,1.477496,CHN,BGR,8419
2998508,44,23,1637,2013,0.0,25423.0,-0.923558,-0.866642,CIV,BGR,8419
2998509,54,23,1637,2013,0.0,15248.0,-0.019956,-0.7873319999999999,CUB,BGR,8419
2998510,58,23,1637,2013,0.0,34685.0,0.502238,0.349608,CYP,BGR,8419
2998511,59,23,1637,2013,1504866.0,436608.0,1.819653,-0.12423800000000002,CZE,BGR,8419
2998512,61,23,1637,2013,11987838.0,3701463.0,2.093658,-3.4281980000000005,DEU,BGR,8419
2998513,64,23,1637,2013,641662.0,4200288.0,1.161835,1.1788450000000001,DNK,BGR,8419
2998514,66,23,1637,2013,0.0,83674.0,-1.373947,-1.1523459999999999,DZA,BGR,8419
2998515,68,23,1637,2013,17265.0,180238.0,-0.17418,1.692641,EGY,BGR,8419
2998516,71,23,1637,2013,898876.0,156386.0,0.861698,2.353993,ESP,BGR,8419
2998517,72,23,1637,2013,116747.0,65942.0,0.8828940000000001,1.386574,EST,BGR,8419
2998518,74,23,1637,2013,43876.0,8486454.0,1.734552,0.8896940000000001,FIN,BGR,8419
2998519,77,23,1637,2013,9775560.0,613266.0,1.520354,0.022874000000000002,FRA,BGR,8419
2998520,81,23,1637,2013,604089.0,150554.0,1.7901259999999999,0.44164,GBR,BGR,8419
2998521,82,23,1637,2013,0.0,58217.0,-0.160691,-0.393419,GEO,BGR,8419
2998522,83,23,1637,2013,0.0,2529.0,-0.7316010000000001,-0.5327689999999999,GHA,BGR,8419
2998523,90,23,1637,2013,924273.0,11471954.0,0.18823800000000002,0.910906,GRC,BGR,8419
2998524,97,23,1637,2013,42219.0,0.0,0.744383,1.923139,HKG,BGR,8419
2998525,100,23,1637,2013,5530.0,874196.0,0.898284,1.038807,HRV,BGR,8419
2998526,102,23,1637,2013,770538.0,1436017.0,1.506101,0.7279220000000001,HUN,BGR,8419
2998527,104,23,1637,2013,110094.0,388149.0,0.215356,2.3916209999999998,IND,BGR,8419
2998528,106,23,1637,2013,0.0,26521.0,1.29988,0.240688,IRL,BGR,8419
2998529,107,23,1637,2013,0.0,103110.0,-0.339172,-0.237114,IRN,BGR,8419
2998530,110,23,1637,2013,47797.0,188836.0,1.197241,0.633828,ISR,BGR,8419
2998531,111,23,1637,2013,43449598.0,1026301.0,1.289924,0.533436,ITA,BGR,8419
2998532,113,23,1637,2013,0.0,19277.0,0.152659,0.5889979999999999,JOR,BGR,8419
2998533,114,23,1637,2013,10526.0,0.0,2.3993130000000003,-0.564768,JPN,BGR,8419
2998534,115,23,1637,2013,0.0,172753.0,-0.680678,-0.83347,KAZ,BGR,8419
2998535,117,23,1637,2013,0.0,749.0,-0.1035,0.339914,KGZ,BGR,8419
2998536,121,23,1637,2013,1640378.0,10951.0,1.818383,0.75645,KOR,BGR,8419
2998537,124,23,1637,2013,0.0,78801.0,0.283084,1.4289100000000001,LBN,BGR,8419
2998538,130,23,1637,2013,48603.0,124923.0,0.737796,1.215543,LTU,BGR,8419
2998539,131,23,1637,2013,11795.0,0.0,1.170459,1.150327,LUX,BGR,8419
2998540,132,23,1637,2013,2127.0,102243.0,0.6219439999999999,1.166749,LVA,BGR,8419
2998541,134,23,1637,2013,0.0,164913.0,-0.6494260000000001,-0.035075999999999996,MAR,BGR,8419
2998542,135,23,1637,2013,40259.0,1552636.0,-0.016235,0.132104,MDA,BGR,8419
2998543,140,23,1637,2013,44030.0,670872.0,-0.10859400000000001,0.155229,MKD,BGR,8419
2998544,142,23,1637,2013,0.0,22235.0,0.8519760000000001,-0.075869,MLT,BGR,8419
2998545,144,23,1637,2013,0.0,103194.0,-0.054454999999999996,-0.164875,MNE,BGR,8419
2998546,145,23,1637,2013,0.0,11267.0,-1.3270950000000001,-1.144547,MNG,BGR,8419
2998547,153,23,1637,2013,0.0,59264.0,0.937641,0.747496,MYS,BGR,8419
2998548,162,23,1637,2013,864614.0,155779.0,1.184107,1.249557,NLD,BGR,8419
2998549,173,23,1637,2013,0.0,579753.0,-0.573852,0.357977,PER,BGR,8419
2998550,177,23,1637,2013,593287.0,1740375.0,1.084332,1.216749,POL,BGR,8419
2998551,179,23,1637,2013,243660.0,652808.0,0.541454,2.5228610000000002,PRT,BGR,8419
2998552,185,23,1637,2013,3500079.0,1586043.0,0.792035,1.225034,ROU,BGR,8419
2998553,186,23,1637,2013,1590399.0,3459796.0,0.481166,-0.180052,RUS,BGR,8419
2998554,187,23,1637,2013,0.0,72334.0,-0.490519,-0.48427700000000007,RWA,BGR,8419
2998555,188,23,1637,2013,0.0,111695.0,0.626347,-0.844406,SAU,BGR,8419
2998556,192,23,1637,2013,2049.0,26771.0,1.915504,0.619576,SGP,BGR,8419
2998557,201,23,1637,2013,87446.0,824803.0,0.5717720000000001,1.174901,SRB,BGR,8419
2998558,206,23,1637,2013,2642413.0,158435.0,1.32064,0.7519819999999999,SVK,BGR,8419
2998559,207,23,1637,2013,406080.0,420755.0,1.698374,0.563082,SVN,BGR,8419
2998560,208,23,1637,2013,1432818.0,14962.0,1.869421,0.228109,SWE,BGR,8419
2998561,212,23,1637,2013,1422.0,0.0,-0.14343399999999998,1.077256,SYR,BGR,8419
2998562,216,23,1637,2013,0.0,13523.0,0.8752139999999999,1.3798620000000001,THA,BGR,8419
2998563,224,23,1637,2013,2521564.0,191883.0,0.42932299999999995,2.690235,TUR,BGR,8419
2998564,227,23,1637,2013,0.0,35974.0,-0.5462279999999999,0.200682,UGA,BGR,8419
2998565,228,23,1637,2013,200124.0,4132776.0,0.657729,0.9063200000000001,UKR,BGR,8419
2998566,231,23,1637,2013,1256340.0,76222.0,1.6639689999999998,-0.48651300000000003,USA,BGR,8419
2998567,232,23,1637,2013,0.0,376768.0,-0.748212,-0.567268,UZB,BGR,8419
2998568,246,23,1637,2013,0.0,187561.0,0.380284,1.5682120000000002,ZAF,BGR,8419
2998569,249,23,1637,2013,295819.0,2180.0,1.843186,0.9432379999999999,TWN,BGR,8419
2998570,250,23,1637,2013,0.0,208383.0,0.628555,0.277602,ANS,BGR,8419
2998571,15,25,1637,2013,49418.0,0.0,1.7209240000000001,-0.286892,AUT,BHS,8419
2998572,33,25,1637,2013,87317.0,0.0,0.6969489999999999,0.135283,BRB,BHS,8419
2998573,39,25,1637,2013,8086.0,87541.0,0.719649,1.017046,CAN,BHS,8419
2998574,43,25,1637,2013,7359.0,0.0,1.113767,1.477496,CHN,BHS,8419
2998575,61,25,1637,2013,116374.0,0.0,2.093658,-3.4281980000000005,DEU,BHS,8419
2998576,64,25,1637,2013,6451.0,0.0,1.161835,1.1788450000000001,DNK,BHS,8419
2998577,71,25,1637,2013,5095.0,0.0,0.861698,2.353993,ESP,BHS,8419
2998578,81,25,1637,2013,2590.0,0.0,1.7901259999999999,0.44164,GBR,BHS,8419
2998579,93,25,1637,2013,0.0,1881.0,-0.41466499999999995,0.774788,GTM,BHS,8419
2998580,111,25,1637,2013,191898.0,0.0,1.289924,0.533436,ITA,BHS,8419
2998581,114,25,1637,2013,12035.0,0.0,2.3993130000000003,-0.564768,JPN,BHS,8419
2998582,163,25,1637,2013,6759.0,0.0,0.892099,0.18168399999999998,NOR,BHS,8419
2998583,192,25,1637,2013,2943.0,0.0,1.915504,0.619576,SGP,BHS,8419
2998584,208,25,1637,2013,172079.0,0.0,1.869421,0.228109,SWE,BHS,8419
2998585,222,25,1637,2013,1289.0,0.0,-0.280641,-1.083332,TTO,BHS,8419
2998586,231,25,1637,2013,4280058.0,15890.0,1.6639689999999998,-0.48651300000000003,USA,BHS,8419
2998587,0,32,1637,2013,0.0,1277.0,0.913235,-0.149061,ABW,BRA,8419
2998588,1,32,1637,2013,0.0,4053.0,-0.985727,-0.7164550000000001,AFG,BRA,8419
2998589,2,32,1637,2013,0.0,3797903.0,-1.172043,-1.133735,AGO,BRA,8419
2998590,7,32,1637,2013,1335971.0,30976.0,-0.074047,-0.585168,ARE,BRA,8419
2998591,8,32,1637,2013,21499608.0,21405990.0,0.20314300000000002,0.494062,ARG,BRA,8419
2998592,9,32,1637,2013,0.0,15384.0,-0.076922,-0.5781390000000001,ARM,BRA,8419
2998593,14,32,1637,2013,538776.0,73145.0,-0.31145700000000004,-0.167628,AUS,BRA,8419
2998594,15,32,1637,2013,34754213.0,6693.0,1.7209240000000001,-0.286892,AUT,BRA,8419
2998595,18,32,1637,2013,24631089.0,82244.0,1.316207,0.972601,BEL,BRA,8419
2998596,24,32,1637,2013,0.0,36568.0,0.249681,-0.6204270000000001,BHR,BRA,8419
2998597,28,32,1637,2013,0.0,5584.0,1.036923,0.864568,BLR,BRA,8419
2998598,29,32,1637,2013,0.0,2338.0,-0.35218299999999997,-0.508891,BLZ,BRA,8419
2998599,31,32,1637,2013,0.0,8694271.0,-1.039614,-0.95663,BOL,BRA,8419
2998600,33,32,1637,2013,0.0,19338.0,0.6969489999999999,0.135283,BRB,BRA,8419
2998601,39,32,1637,2013,8370561.0,336469.0,0.719649,1.017046,CAN,BRA,8419
2998602,41,32,1637,2013,17131915.0,5577731.0,2.2104470000000003,0.5403479999999999,CHE,BRA,8419
2998603,42,32,1637,2013,2365171.0,7727512.0,-0.260718,-0.38256100000000004,CHL,BRA,8419
2998604,43,32,1637,2013,93608581.0,1284182.0,1.113767,1.477496,CHN,BRA,8419
2998605,44,32,1637,2013,0.0,199084.0,-0.923558,-0.866642,CIV,BRA,8419
2998606,46,32,1637,2013,0.0,123131.0,-1.300125,-1.0708010000000001,COD,BRA,8419
2998607,47,32,1637,2013,0.0,52532.0,-1.215681,-1.08679,COG,BRA,8419
2998608,48,32,1637,2013,0.0,4729.0,0.483939,-0.42226400000000003,COK,BRA,8419
2998609,49,32,1637,2013,53120.0,3229373.0,0.121799,-0.388239,COL,BRA,8419
2998610,51,32,1637,2013,0.0,8429.0,-0.75058,-0.8948219999999999,CPV,BRA,8419
2998611,52,32,1637,2013,231033.0,179166.0,0.067379,-0.688217,CRI,BRA,8419
2998612,54,32,1637,2013,0.0,1129984.0,-0.019956,-0.7873319999999999,CUB,BRA,8419
2998613,55,32,1637,2013,0.0,7866.0,0.029981999999999998,-0.673439,CUW,BRA,8419
2998614,59,32,1637,2013,776540.0,1822.0,1.819653,-0.12423800000000002,CZE,BRA,8419
2998615,61,32,1637,2013,131370619.0,5933772.0,2.093658,-3.4281980000000005,DEU,BRA,8419
2998616,64,32,1637,2013,6447632.0,803625.0,1.161835,1.1788450000000001,DNK,BRA,8419
2998617,65,32,1637,2013,490219.0,692676.0,-0.277269,0.432388,DOM,BRA,8419
2998618,66,32,1637,2013,0.0,19299.0,-1.373947,-1.1523459999999999,DZA,BRA,8419
2998619,67,32,1637,2013,0.0,3745705.0,-0.86546,-0.8888389999999999,ECU,BRA,8419
2998620,68,32,1637,2013,0.0,400741.0,-0.17418,1.692641,EGY,BRA,8419
2998621,71,32,1637,2013,26007351.0,66156.0,0.861698,2.353993,ESP,BRA,8419
2998622,72,32,1637,2013,370341.0,94232.0,0.8828940000000001,1.386574,EST,BRA,8419
2998623,73,32,1637,2013,0.0,50865.0,-1.264002,-0.9594219999999999,ETH,BRA,8419
2998624,74,32,1637,2013,12311246.0,4275.0,1.734552,0.8896940000000001,FIN,BRA,8419
2998625,77,32,1637,2013,17382052.0,377940.0,1.520354,0.022874000000000002,FRA,BRA,8419
2998626,81,32,1637,2013,24957393.0,123138.0,1.7901259999999999,0.44164,GBR,BRA,8419
2998627,82,32,1637,2013,0.0,40393.0,-0.160691,-0.393419,GEO,BRA,8419
2998628,83,32,1637,2013,0.0,172538.0,-0.7316010000000001,-0.5327689999999999,GHA,BRA,8419
2998629,89,32,1637,2013,0.0,64964.0,-1.521575,-0.814708,GNQ,BRA,8419
2998630,90,32,1637,2013,64641.0,0.0,0.18823800000000002,0.910906,GRC,BRA,8419
2998631,93,32,1637,2013,8479.0,689688.0,-0.41466499999999995,0.774788,GTM,BRA,8419
2998632,96,32,1637,2013,0.0,361562.0,-0.8555590000000001,-0.9744450000000001,GUY,BRA,8419
2998633,97,32,1637,2013,402925.0,3967.0,0.744383,1.923139,HKG,BRA,8419
2998634,99,32,1637,2013,0.0,311653.0,-0.731431,-0.310927,HND,BRA,8419
2998635,102,32,1637,2013,2448784.0,0.0,1.506101,0.7279220000000001,HUN,BRA,8419
2998636,103,32,1637,2013,3339952.0,2391640.0,-0.216854,1.415728,IDN,BRA,8419
2998637,104,32,1637,2013,8673964.0,2724980.0,0.215356,2.3916209999999998,IND,BRA,8419
2998638,106,32,1637,2013,15227.0,54746.0,1.29988,0.240688,IRL,BRA,8419
2998639,107,32,1637,2013,0.0,22109.0,-0.339172,-0.237114,IRN,BRA,8419
2998640,110,32,1637,2013,525539.0,1928.0,1.197241,0.633828,ISR,BRA,8419
2998641,111,32,1637,2013,115337728.0,1001552.0,1.289924,0.533436,ITA,BRA,8419
2998642,112,32,1637,2013,0.0,22825.0,-0.541441,-0.8448559999999999,JAM,BRA,8419
2998643,114,32,1637,2013,24541783.0,8739.0,2.3993130000000003,-0.564768,JPN,BRA,8419
2998644,121,32,1637,2013,31405518.0,132323.0,1.818383,0.75645,KOR,BRA,8419
2998645,122,32,1637,2013,0.0,10499.0,-0.536384,-1.08382,KWT,BRA,8419
2998646,123,32,1637,2013,0.0,168068.0,-1.204446,-0.8571489999999999,LAO,BRA,8419
2998647,124,32,1637,2013,17290.0,50262.0,0.283084,1.4289100000000001,LBN,BRA,8419
2998648,128,32,1637,2013,4072.0,0.0,-0.6521779999999999,0.41258599999999995,LKA,BRA,8419
2998649,130,32,1637,2013,0.0,142540.0,0.737796,1.215543,LTU,BRA,8419
2998650,132,32,1637,2013,22316.0,38075.0,0.6219439999999999,1.166749,LVA,BRA,8419
2998651,134,32,1637,2013,0.0,10894.0,-0.6494260000000001,-0.035075999999999996,MAR,BRA,8419
2998652,136,32,1637,2013,0.0,39271.0,-1.068565,-0.364254,MDG,BRA,8419
2998653,138,32,1637,2013,3584471.0,8570792.0,1.048507,0.718932,MEX,BRA,8419
2998654,142,32,1637,2013,1062.0,0.0,0.8519760000000001,-0.075869,MLT,BRA,8419
2998655,147,32,1637,2013,138742.0,146918.0,-1.326323,-1.050969,MOZ,BRA,8419
2998656,152,32,1637,2013,0.0,1658.0,-0.8992120000000001,-0.862175,MWI,BRA,8419
2998657,153,32,1637,2013,2221404.0,65705.0,0.937641,0.747496,MYS,BRA,8419
2998658,155,32,1637,2013,0.0,2027.0,-0.308643,-0.480617,NAM,BRA,8419
2998659,159,32,1637,2013,0.0,293220.0,-1.745783,-1.1356680000000001,NGA,BRA,8419
2998660,160,32,1637,2013,0.0,490294.0,-0.9277,-0.6842630000000001,NIC,BRA,8419
2998661,162,32,1637,2013,22942808.0,16179837.0,1.184107,1.249557,NLD,BRA,8419
2998662,163,32,1637,2013,428986.0,38980.0,0.892099,0.18168399999999998,NOR,BRA,8419
2998663,166,32,1637,2013,29418.0,7072.0,0.3345,0.39063000000000003,NZL,BRA,8419
2998664,168,32,1637,2013,560356.0,45604.0,-0.75727,0.769703,PAK,BRA,8419
2998665,169,32,1637,2013,200.0,610658.0,0.735637,1.161718,PAN,BRA,8419
2998666,173,32,1637,2013,143252.0,5536720.0,-0.573852,0.357977,PER,BRA,8419
2998667,174,32,1637,2013,20438.0,4316.0,0.507868,0.355403,PHL,BRA,8419
2998668,177,32,1637,2013,747141.0,11145.0,1.084332,1.216749,POL,BRA,8419
2998669,178,32,1637,2013,180671.0,0.0,-0.414538,-0.22449299999999997,PRK,BRA,8419
2998670,179,32,1637,2013,2052075.0,348770.0,0.541454,2.5228610000000002,PRT,BRA,8419
2998671,180,32,1637,2013,0.0,10455740.0,-0.566239,-0.9273459999999999,PRY,BRA,8419
2998672,183,32,1637,2013,0.0,15002.0,-0.083649,-1.013491,QAT,BRA,8419
2998673,185,32,1637,2013,589174.0,0.0,0.792035,1.225034,ROU,BRA,8419
2998674,186,32,1637,2013,7933.0,1035967.0,0.481166,-0.180052,RUS,BRA,8419
2998675,188,32,1637,2013,0.0,19908.0,0.626347,-0.844406,SAU,BRA,8419
2998676,192,32,1637,2013,613564.0,1221471.0,1.915504,0.619576,SGP,BRA,8419
2998677,197,32,1637,2013,0.0,79195.0,-0.021029,0.381522,SLV,BRA,8419
2998678,198,32,1637,2013,1381.0,0.0,1.108559,0.569782,SMR,BRA,8419
2998679,201,32,1637,2013,1731.0,6051.0,0.5717720000000001,1.174901,SRB,BRA,8419
2998680,205,32,1637,2013,0.0,46588.0,-0.417865,-0.7600399999999999,SUR,BRA,8419
2998681,206,32,1637,2013,989479.0,1079.0,1.32064,0.7519819999999999,SVK,BRA,8419
2998682,207,32,1637,2013,463686.0,0.0,1.698374,0.563082,SVN,BRA,8419
2998683,208,32,1637,2013,59531324.0,53699.0,1.869421,0.228109,SWE,BRA,8419
2998684,216,32,1637,2013,7094960.0,361413.0,0.8752139999999999,1.3798620000000001,THA,BRA,8419
2998685,222,32,1637,2013,0.0,142974.0,-0.280641,-1.083332,TTO,BRA,8419
2998686,223,32,1637,2013,58139.0,104251.0,0.185528,1.0070700000000001,TUN,BRA,8419
2998687,224,32,1637,2013,3261020.0,6722.0,0.42932299999999995,2.690235,TUR,BRA,8419
2998688,226,32,1637,2013,0.0,11261.0,-0.9306770000000001,0.273489,TZA,BRA,8419
2998689,227,32,1637,2013,0.0,24882.0,-0.5462279999999999,0.200682,UGA,BRA,8419
2998690,228,32,1637,2013,1099124.0,176848.0,0.657729,0.9063200000000001,UKR,BRA,8419
2998691,230,32,1637,2013,101872.0,3314774.0,0.20190999999999998,-0.19777999999999998,URY,BRA,8419
2998692,231,32,1637,2013,94636557.0,9288447.0,1.6639689999999998,-0.48651300000000003,USA,BRA,8419
2998693,236,32,1637,2013,0.0,20863506.0,-0.778172,-1.107059,VEN,BRA,8419
2998694,239,32,1637,2013,0.0,955479.0,-0.11426900000000001,1.399738,VNM,BRA,8419
2998695,243,32,1637,2013,0.0,1477.0,-1.252605,-1.207324,YEM,BRA,8419
2998696,246,32,1637,2013,2847356.0,463765.0,0.380284,1.5682120000000002,ZAF,BRA,8419
2998697,248,32,1637,2013,0.0,10447.0,-0.828702,-0.899175,ZWE,BRA,8419
2998698,249,32,1637,2013,1743412.0,14370.0,1.843186,0.9432379999999999,TWN,BRA,8419
2998699,250,32,1637,2013,19566305.0,0.0,0.628555,0.277602,ANS,BRA,8419
2998700,13,33,1637,2013,0.0,70290.0,0.096563,-0.60577,ATG,BRB,8419
2998701,15,33,1637,2013,81892.0,0.0,1.7209240000000001,-0.286892,AUT,BRB,8419
2998702,25,33,1637,2013,0.0,87317.0,0.756732,-0.369842,BHS,BRB,8419
2998703,32,33,1637,2013,19338.0,0.0,0.14765899999999998,0.399262,BRA,BRB,8419
2998704,39,33,1637,2013,57431.0,0.0,0.719649,1.017046,CAN,BRB,8419
2998705,41,33,1637,2013,5418.0,0.0,2.2104470000000003,0.5403479999999999,CHE,BRB,8419
2998706,43,33,1637,2013,117673.0,3845.0,1.113767,1.477496,CHN,BRB,8419
2998707,61,33,1637,2013,141308.0,0.0,2.093658,-3.4281980000000005,DEU,BRB,8419
2998708,63,33,1637,2013,0.0,6063.0,0.054362,-0.156703,DMA,BRB,8419
2998709,81,33,1637,2013,30497.0,0.0,1.7901259999999999,0.44164,GBR,BRB,8419
2998710,91,33,1637,2013,0.0,110114.0,0.073206,-0.567926,GRD,BRB,8419
2998711,96,33,1637,2013,0.0,72452.0,-0.8555590000000001,-0.9744450000000001,GUY,BRB,8419
2998712,97,33,1637,2013,721.0,0.0,0.744383,1.923139,HKG,BRB,8419
2998713,110,33,1637,2013,5807.0,0.0,1.197241,0.633828,ISR,BRB,8419
2998714,111,33,1637,2013,30621.0,0.0,1.289924,0.533436,ITA,BRB,8419
2998715,112,33,1637,2013,0.0,180902.0,-0.541441,-0.8448559999999999,JAM,BRB,8419
2998716,114,33,1637,2013,4046.0,0.0,2.3993130000000003,-0.564768,JPN,BRB,8419
2998717,120,33,1637,2013,0.0,50401.0,0.8500270000000001,-0.390234,KNA,BRB,8419
2998718,127,33,1637,2013,0.0,1276.0,0.265129,-0.5083949999999999,LCA,BRB,8419
2998719,138,33,1637,2013,43801.0,0.0,1.048507,0.718932,MEX,BRB,8419
2998720,162,33,1637,2013,10676.0,0.0,1.184107,1.249557,NLD,BRB,8419
2998721,205,33,1637,2013,0.0,3887.0,-0.417865,-0.7600399999999999,SUR,BRB,8419
2998722,208,33,1637,2013,51366.0,0.0,1.869421,0.228109,SWE,BRB,8419
2998723,216,33,1637,2013,988.0,0.0,0.8752139999999999,1.3798620000000001,THA,BRB,8419
2998724,222,33,1637,2013,2100.0,112362.0,-0.280641,-1.083332,TTO,BRB,8419
2998725,231,33,1637,2013,1719368.0,0.0,1.6639689999999998,-0.48651300000000003,USA,BRB,8419
2998726,234,33,1637,2013,0.0,139363.0,0.193198,-0.23631799999999997,VCT,BRB,8419
2998727,249,33,1637,2013,5737.0,0.0,1.843186,0.9432379999999999,TWN,BRB,8419
2998728,0,39,1637,2013,0.0,10559.0,0.913235,-0.149061,ABW,CAN,8419
2998729,1,39,1637,2013,0.0,187545.0,-0.985727,-0.7164550000000001,AFG,CAN,8419
2998730,4,39,1637,2013,0.0,18058.0,-0.53682,-0.162391,ALB,CAN,8419
2998731,7,39,1637,2013,320563.0,6450912.0,-0.074047,-0.585168,ARE,CAN,8419
2998732,8,39,1637,2013,27445.0,620481.0,0.20314300000000002,0.494062,ARG,CAN,8419
2998733,9,39,1637,2013,0.0,10471.0,-0.076922,-0.5781390000000001,ARM,CAN,8419
2998734,13,39,1637,2013,0.0,23929.0,0.096563,-0.60577,ATG,CAN,8419
2998735,14,39,1637,2013,1659056.0,5282301.0,-0.31145700000000004,-0.167628,AUS,CAN,8419
2998736,15,39,1637,2013,11604222.0,242816.0,1.7209240000000001,-0.286892,AUT,CAN,8419
2998737,16,39,1637,2013,0.0,629006.0,-0.9232870000000001,-1.165928,AZE,CAN,8419
2998738,18,39,1637,2013,3448427.0,2075370.0,1.316207,0.972601,BEL,CAN,8419
2998739,19,39,1637,2013,0.0,17482.0,-0.919968,-0.90691,BEN,CAN,8419
2998740,21,39,1637,2013,0.0,152620.0,-0.9110360000000001,-0.852492,BFA,CAN,8419
2998741,22,39,1637,2013,0.0,149852.0,-1.101916,-0.734646,BGD,CAN,8419
2998742,23,39,1637,2013,0.0,26366.0,0.5026109999999999,1.674296,BGR,CAN,8419
2998743,24,39,1637,2013,0.0,211776.0,0.249681,-0.6204270000000001,BHR,CAN,8419
2998744,25,39,1637,2013,87541.0,8086.0,0.756732,-0.369842,BHS,CAN,8419
2998745,28,39,1637,2013,1374.0,0.0,1.036923,0.864568,BLR,CAN,8419
2998746,30,39,1637,2013,0.0,151697.0,1.087677,-0.452984,BMU,CAN,8419
2998747,31,39,1637,2013,0.0,27131.0,-1.039614,-0.95663,BOL,CAN,8419
2998748,32,39,1637,2013,336469.0,8370561.0,0.14765899999999998,0.399262,BRA,CAN,8419
2998749,33,39,1637,2013,0.0,57431.0,0.6969489999999999,0.135283,BRB,CAN,8419
2998750,34,39,1637,2013,0.0,56042.0,-0.866827,-0.795995,BRN,CAN,8419
2998751,41,39,1637,2013,7583021.0,808752.0,2.2104470000000003,0.5403479999999999,CHE,CAN,8419
2998752,42,39,1637,2013,14139.0,2681350.0,-0.260718,-0.38256100000000004,CHL,CAN,8419
2998753,43,39,1637,2013,28480961.0,26982404.0,1.113767,1.477496,CHN,CAN,8419
2998754,44,39,1637,2013,0.0,7518.0,-0.923558,-0.866642,CIV,CAN,8419
2998755,45,39,1637,2013,0.0,8333.0,-0.901531,-1.027111,CMR,CAN,8419
2998756,47,39,1637,2013,0.0,63345.0,-1.215681,-1.08679,COG,CAN,8419
2998757,49,39,1637,2013,153385.0,1318661.0,0.121799,-0.388239,COL,CAN,8419
2998758,52,39,1637,2013,0.0,137570.0,0.067379,-0.688217,CRI,CAN,8419
2998759,54,39,1637,2013,0.0,2394366.0,-0.019956,-0.7873319999999999,CUB,CAN,8419
2998760,55,39,1637,2013,0.0,3994.0,0.029981999999999998,-0.673439,CUW,CAN,8419
2998761,57,39,1637,2013,0.0,25577.0,0.391996,-0.73249,CYM,CAN,8419
2998762,58,39,1637,2013,0.0,13614.0,0.502238,0.349608,CYP,CAN,8419
2998763,59,39,1637,2013,593387.0,493642.0,1.819653,-0.12423800000000002,CZE,CAN,8419
2998764,61,39,1637,2013,26522115.0,9752105.0,2.093658,-3.4281980000000005,DEU,CAN,8419
2998765,64,39,1637,2013,2418650.0,72678.0,1.161835,1.1788450000000001,DNK,CAN,8419
2998766,65,39,1637,2013,0.0,138758.0,-0.277269,0.432388,DOM,CAN,8419
2998767,66,39,1637,2013,0.0,70387.0,-1.373947,-1.1523459999999999,DZA,CAN,8419
2998768,67,39,1637,2013,5845.0,288543.0,-0.86546,-0.8888389999999999,ECU,CAN,8419
2998769,68,39,1637,2013,0.0,1109555.0,-0.17418,1.692641,EGY,CAN,8419
2998770,71,39,1637,2013,541121.0,1666478.0,0.861698,2.353993,ESP,CAN,8419
2998771,72,39,1637,2013,0.0,1136.0,0.8828940000000001,1.386574,EST,CAN,8419
2998772,73,39,1637,2013,0.0,4672.0,-1.264002,-0.9594219999999999,ETH,CAN,8419
2998773,74,39,1637,2013,3700792.0,527401.0,1.734552,0.8896940000000001,FIN,CAN,8419
2998774,77,39,1637,2013,8882795.0,2822196.0,1.520354,0.022874000000000002,FRA,CAN,8419
2998775,80,39,1637,2013,0.0,171361.0,-1.6582830000000002,-1.155302,GAB,CAN,8419
2998776,81,39,1637,2013,12218279.0,8182868.0,1.7901259999999999,0.44164,GBR,CAN,8419
2998777,82,39,1637,2013,2065.0,4300.0,-0.160691,-0.393419,GEO,CAN,8419
2998778,83,39,1637,2013,0.0,21382209.0,-0.7316010000000001,-0.5327689999999999,GHA,CAN,8419
2998779,85,39,1637,2013,0.0,22853.0,-1.1287459999999998,-1.069735,GIN,CAN,8419
2998780,90,39,1637,2013,125262.0,73065.0,0.18823800000000002,0.910906,GRC,CAN,8419
2998781,92,39,1637,2013,0.0,2961.0,-0.801617,-0.8734120000000001,GRL,CAN,8419
2998782,93,39,1637,2013,0.0,75582.0,-0.41466499999999995,0.774788,GTM,CAN,8419
2998783,95,39,1637,2013,0.0,2592.0,0.483541,0.281968,GUM,CAN,8419
2998784,96,39,1637,2013,0.0,162566.0,-0.8555590000000001,-0.9744450000000001,GUY,CAN,8419
2998785,97,39,1637,2013,264850.0,7057459.0,0.744383,1.923139,HKG,CAN,8419
2998786,99,39,1637,2013,4384.0,63556.0,-0.731431,-0.310927,HND,CAN,8419
2998787,100,39,1637,2013,5938.0,4406.0,0.898284,1.038807,HRV,CAN,8419
2998788,101,39,1637,2013,0.0,5076.0,-1.095392,-0.957326,HTI,CAN,8419
2998789,102,39,1637,2013,113745.0,38078.0,1.506101,0.7279220000000001,HUN,CAN,8419
2998790,103,39,1637,2013,8810.0,1581512.0,-0.216854,1.415728,IDN,CAN,8419
2998791,104,39,1637,2013,10547209.0,5924554.0,0.215356,2.3916209999999998,IND,CAN,8419
2998792,106,39,1637,2013,543941.0,823723.0,1.29988,0.240688,IRL,CAN,8419
2998793,107,39,1637,2013,2992.0,59586.0,-0.339172,-0.237114,IRN,CAN,8419
2998794,108,39,1637,2013,0.0,7413820.0,-2.839079,-0.8705440000000001,IRQ,CAN,8419
2998795,109,39,1637,2013,632303.0,7987.0,0.259374,-0.20413299999999998,ISL,CAN,8419
2998796,110,39,1637,2013,2303052.0,927668.0,1.197241,0.633828,ISR,CAN,8419
2998797,111,39,1637,2013,41550987.0,1519307.0,1.289924,0.533436,ITA,CAN,8419
2998798,112,39,1637,2013,0.0,15451.0,-0.541441,-0.8448559999999999,JAM,CAN,8419
2998799,113,39,1637,2013,0.0,277583.0,0.152659,0.5889979999999999,JOR,CAN,8419
2998800,114,39,1637,2013,29154740.0,10245644.0,2.3993130000000003,-0.564768,JPN,CAN,8419
2998801,115,39,1637,2013,0.0,864600.0,-0.680678,-0.83347,KAZ,CAN,8419
2998802,116,39,1637,2013,0.0,71464.0,-0.448112,0.8672719999999999,KEN,CAN,8419
2998803,117,39,1637,2013,0.0,53524.0,-0.1035,0.339914,KGZ,CAN,8419
2998804,118,39,1637,2013,0.0,5892.0,-1.054758,-0.872352,KHM,CAN,8419
2998805,120,39,1637,2013,0.0,36720.0,0.8500270000000001,-0.390234,KNA,CAN,8419
2998806,121,39,1637,2013,20911530.0,11081249.0,1.818383,0.75645,KOR,CAN,8419
2998807,122,39,1637,2013,0.0,193464.0,-0.536384,-1.08382,KWT,CAN,8419
2998808,124,39,1637,2013,106925.0,246650.0,0.283084,1.4289100000000001,LBN,CAN,8419
2998809,126,39,1637,2013,0.0,238405.0,-1.6241459999999999,-1.1817950000000002,LBY,CAN,8419
2998810,128,39,1637,2013,0.0,11615.0,-0.6521779999999999,0.41258599999999995,LKA,CAN,8419
2998811,130,39,1637,2013,0.0,181357.0,0.737796,1.215543,LTU,CAN,8419
2998812,131,39,1637,2013,0.0,24871.0,1.170459,1.150327,LUX,CAN,8419
2998813,132,39,1637,2013,19460.0,53582.0,0.6219439999999999,1.166749,LVA,CAN,8419
2998814,134,39,1637,2013,12213.0,1292639.0,-0.6494260000000001,-0.035075999999999996,MAR,CAN,8419
2998815,136,39,1637,2013,0.0,32392.0,-1.068565,-0.364254,MDG,CAN,8419
2998816,137,39,1637,2013,0.0,11870.0,-0.21889699999999998,-0.776392,MDV,CAN,8419
2998817,138,39,1637,2013,37176208.0,5856632.0,1.048507,0.718932,MEX,CAN,8419
2998818,141,39,1637,2013,0.0,5545.0,-1.183671,-1.069504,MLI,CAN,8419
2998819,142,39,1637,2013,1587.0,0.0,0.8519760000000001,-0.075869,MLT,CAN,8419
2998820,143,39,1637,2013,0.0,4672.0,-1.230787,-0.737375,MMR,CAN,8419
2998821,148,39,1637,2013,0.0,5805.0,-1.950532,-1.283104,MRT,CAN,8419
2998822,151,39,1637,2013,0.0,1327.0,-0.158852,0.0061600000000000005,MUS,CAN,8419
2998823,153,39,1637,2013,2288775.0,887385.0,0.937641,0.747496,MYS,CAN,8419
2998824,159,39,1637,2013,0.0,23988185.0,-1.745783,-1.1356680000000001,NGA,CAN,8419
2998825,160,39,1637,2013,0.0,79154.0,-0.9277,-0.6842630000000001,NIC,CAN,8419
2998826,162,39,1637,2013,5602555.0,4731269.0,1.184107,1.249557,NLD,CAN,8419
2998827,163,39,1637,2013,597353.0,976734.0,0.892099,0.18168399999999998,NOR,CAN,8419
2998828,164,39,1637,2013,0.0,1021.0,-0.293669,0.677365,NPL,CAN,8419
2998829,166,39,1637,2013,998970.0,23397285.0,0.3345,0.39063000000000003,NZL,CAN,8419
2998830,167,39,1637,2013,0.0,19146186.0,-0.604175,-1.0463209999999998,OMN,CAN,8419
2998831,168,39,1637,2013,56363.0,2054442.0,-0.75727,0.769703,PAK,CAN,8419
2998832,169,39,1637,2013,0.0,584650.0,0.735637,1.161718,PAN,CAN,8419
2998833,173,39,1637,2013,20597.0,1227447.0,-0.573852,0.357977,PER,CAN,8419
2998834,174,39,1637,2013,123576.0,1371285.0,0.507868,0.355403,PHL,CAN,8419
2998835,176,39,1637,2013,0.0,4529.0,-1.444244,-1.144231,PNG,CAN,8419
2998836,177,39,1637,2013,7364467.0,2678348.0,1.084332,1.216749,POL,CAN,8419
2998837,179,39,1637,2013,2327523.0,791635.0,0.541454,2.5228610000000002,PRT,CAN,8419
2998838,180,39,1637,2013,0.0,37469.0,-0.566239,-0.9273459999999999,PRY,CAN,8419
2998839,183,39,1637,2013,0.0,377995.0,-0.083649,-1.013491,QAT,CAN,8419
2998840,185,39,1637,2013,115671.0,2079866.0,0.792035,1.225034,ROU,CAN,8419
2998841,186,39,1637,2013,237111.0,6361567.0,0.481166,-0.180052,RUS,CAN,8419
2998842,188,39,1637,2013,0.0,7776934.0,0.626347,-0.844406,SAU,CAN,8419
2998843,191,39,1637,2013,0.0,5617.0,-0.523662,-0.309101,SEN,CAN,8419
2998844,192,39,1637,2013,1968803.0,1717907.0,1.915504,0.619576,SGP,CAN,8419
2998845,197,39,1637,2013,0.0,376534.0,-0.021029,0.381522,SLV,CAN,8419
2998846,200,39,1637,2013,0.0,2841.0,0.000466,-0.672524,SPM,CAN,8419
2998847,201,39,1637,2013,0.0,858541.0,0.5717720000000001,1.174901,SRB,CAN,8419
2998848,205,39,1637,2013,0.0,11461.0,-0.417865,-0.7600399999999999,SUR,CAN,8419
2998849,206,39,1637,2013,339494.0,28688.0,1.32064,0.7519819999999999,SVK,CAN,8419
2998850,207,39,1637,2013,20749.0,2790.0,1.698374,0.563082,SVN,CAN,8419
2998851,208,39,1637,2013,4193054.0,1229034.0,1.869421,0.228109,SWE,CAN,8419
2998852,209,39,1637,2013,3482.0,0.0,0.109267,-0.275005,SWZ,CAN,8419
2998853,211,39,1637,2013,0.0,2894.0,0.270999,-0.474095,SYC,CAN,8419
2998854,214,39,1637,2013,0.0,18167.0,-2.800677,-0.9466969999999999,TCD,CAN,8419
2998855,216,39,1637,2013,3871654.0,1886358.0,0.8752139999999999,1.3798620000000001,THA,CAN,8419
2998856,217,39,1637,2013,0.0,12882.0,-1.2512889999999999,-1.16402,TJK,CAN,8419
2998857,219,39,1637,2013,0.0,112881.0,-1.6186770000000001,-1.2210969999999999,TKM,CAN,8419
2998858,222,39,1637,2013,0.0,2183107.0,-0.280641,-1.083332,TTO,CAN,8419
2998859,223,39,1637,2013,0.0,54161.0,0.185528,1.0070700000000001,TUN,CAN,8419
2998860,224,39,1637,2013,927221.0,1428452.0,0.42932299999999995,2.690235,TUR,CAN,8419
2998861,226,39,1637,2013,0.0,8922.0,-0.9306770000000001,0.273489,TZA,CAN,8419
2998862,228,39,1637,2013,20564.0,2396145.0,0.657729,0.9063200000000001,UKR,CAN,8419
2998863,229,39,1637,2013,4606.0,100643.0,1.2648409999999999,-0.07537999999999999,UMI,CAN,8419
2998864,230,39,1637,2013,0.0,169453.0,0.20190999999999998,-0.19777999999999998,URY,CAN,8419
2998865,231,39,1637,2013,1062677592.0,511619373.0,1.6639689999999998,-0.48651300000000003,USA,CAN,8419
2998866,236,39,1637,2013,0.0,1387084.0,-0.778172,-1.107059,VEN,CAN,8419
2998867,239,39,1637,2013,337712.0,1345041.0,-0.11426900000000001,1.399738,VNM,CAN,8419
2998868,243,39,1637,2013,0.0,3387.0,-1.252605,-1.207324,YEM,CAN,8419
2998869,246,39,1637,2013,149030.0,4519080.0,0.380284,1.5682120000000002,ZAF,CAN,8419
2998870,247,39,1637,2013,0.0,897644.0,-0.382129,-0.5442229999999999,ZMB,CAN,8419
2998871,249,39,1637,2013,1966861.0,1740881.0,1.843186,0.9432379999999999,TWN,CAN,8419
2998872,0,41,1637,2013,0.0,19929.0,0.913235,-0.149061,ABW,CHE,8419
2998873,1,41,1637,2013,0.0,36477.0,-0.985727,-0.7164550000000001,AFG,CHE,8419
2998874,2,41,1637,2013,0.0,253268.0,-1.172043,-1.133735,AGO,CHE,8419
2998875,4,41,1637,2013,5061.0,0.0,-0.53682,-0.162391,ALB,CHE,8419
2998876,5,41,1637,2013,0.0,19930.0,0.9666530000000001,-0.159606,AND,CHE,8419
2998877,7,41,1637,2013,958936.0,5067580.0,-0.074047,-0.585168,ARE,CHE,8419
2998878,8,41,1637,2013,32267.0,1675007.0,0.20314300000000002,0.494062,ARG,CHE,8419
2998879,9,41,1637,2013,0.0,14973.0,-0.076922,-0.5781390000000001,ARM,CHE,8419
2998880,14,41,1637,2013,261886.0,10326137.0,-0.31145700000000004,-0.167628,AUS,CHE,8419
2998881,15,41,1637,2013,40852181.0,40413349.0,1.7209240000000001,-0.286892,AUT,CHE,8419
2998882,16,41,1637,2013,0.0,190050.0,-0.9232870000000001,-1.165928,AZE,CHE,8419
2998883,17,41,1637,2013,0.0,389.0,-0.824903,-0.906436,BDI,CHE,8419
2998884,18,41,1637,2013,5785390.0,85878741.0,1.316207,0.972601,BEL,CHE,8419
2998885,21,41,1637,2013,0.0,15830.0,-0.9110360000000001,-0.852492,BFA,CHE,8419
2998886,22,41,1637,2013,0.0,561502.0,-1.101916,-0.734646,BGD,CHE,8419
2998887,23,41,1637,2013,143835.0,913926.0,0.5026109999999999,1.674296,BGR,CHE,8419
2998888,24,41,1637,2013,0.0,301265.0,0.249681,-0.6204270000000001,BHR,CHE,8419
2998889,26,41,1637,2013,34201.0,98247.0,0.46743199999999996,0.7340800000000001,BIH,CHE,8419
2998890,28,41,1637,2013,0.0,1482261.0,1.036923,0.864568,BLR,CHE,8419
2998891,30,41,1637,2013,0.0,28129.0,1.087677,-0.452984,BMU,CHE,8419
2998892,31,41,1637,2013,0.0,18660.0,-1.039614,-0.95663,BOL,CHE,8419
2998893,32,41,1637,2013,5577731.0,17131915.0,0.14765899999999998,0.399262,BRA,CHE,8419
2998894,33,41,1637,2013,0.0,5418.0,0.6969489999999999,0.135283,BRB,CHE,8419
2998895,34,41,1637,2013,0.0,3774.0,-0.866827,-0.795995,BRN,CHE,8419
2998896,39,41,1637,2013,808752.0,7583021.0,0.719649,1.017046,CAN,CHE,8419
2998897,42,41,1637,2013,8535.0,2872762.0,-0.260718,-0.38256100000000004,CHL,CHE,8419
2998898,43,41,1637,2013,3055826.0,78307739.0,1.113767,1.477496,CHN,CHE,8419
2998899,44,41,1637,2013,0.0,746783.0,-0.923558,-0.866642,CIV,CHE,8419
2998900,45,41,1637,2013,0.0,26209.0,-0.901531,-1.027111,CMR,CHE,8419
2998901,49,41,1637,2013,10542.0,446030.0,0.121799,-0.388239,COL,CHE,8419
2998902,52,41,1637,2013,0.0,1489545.0,0.067379,-0.688217,CRI,CHE,8419
2998903,54,41,1637,2013,0.0,90613.0,-0.019956,-0.7873319999999999,CUB,CHE,8419
2998904,58,41,1637,2013,0.0,97546.0,0.502238,0.349608,CYP,CHE,8419
2998905,59,41,1637,2013,2532105.0,10066795.0,1.819653,-0.12423800000000002,CZE,CHE,8419
2998906,61,41,1637,2013,260063885.0,330320046.0,2.093658,-3.4281980000000005,DEU,CHE,8419
2998907,62,41,1637,2013,0.0,2044.0,-0.412843,-0.695916,DJI,CHE,8419
2998908,63,41,1637,2013,0.0,2136.0,0.054362,-0.156703,DMA,CHE,8419
2998909,64,41,1637,2013,5558991.0,11202209.0,1.161835,1.1788450000000001,DNK,CHE,8419
2998910,65,41,1637,2013,0.0,31865.0,-0.277269,0.432388,DOM,CHE,8419
2998911,66,41,1637,2013,0.0,676431.0,-1.373947,-1.1523459999999999,DZA,CHE,8419
2998912,67,41,1637,2013,0.0,321185.0,-0.86546,-0.8888389999999999,ECU,CHE,8419
2998913,68,41,1637,2013,9763.0,1174594.0,-0.17418,1.692641,EGY,CHE,8419
2998914,71,41,1637,2013,2579141.0,12814768.0,0.861698,2.353993,ESP,CHE,8419
2998915,72,41,1637,2013,32949.0,1379706.0,0.8828940000000001,1.386574,EST,CHE,8419
2998916,73,41,1637,2013,0.0,159531.0,-1.264002,-0.9594219999999999,ETH,CHE,8419
2998917,74,41,1637,2013,1876474.0,8220113.0,1.734552,0.8896940000000001,FIN,CHE,8419
2998918,77,41,1637,2013,23220617.0,56010288.0,1.520354,0.022874000000000002,FRA,CHE,8419
2998919,80,41,1637,2013,0.0,358227.0,-1.6582830000000002,-1.155302,GAB,CHE,8419
2998920,81,41,1637,2013,13998429.0,64049704.0,1.7901259999999999,0.44164,GBR,CHE,8419
2998921,82,41,1637,2013,0.0,59131.0,-0.160691,-0.393419,GEO,CHE,8419
2998922,83,41,1637,2013,0.0,67908.0,-0.7316010000000001,-0.5327689999999999,GHA,CHE,8419
2998923,85,41,1637,2013,0.0,149745.0,-1.1287459999999998,-1.069735,GIN,CHE,8419
2998924,90,41,1637,2013,14980.0,555994.0,0.18823800000000002,0.910906,GRC,CHE,8419
2998925,93,41,1637,2013,0.0,243099.0,-0.41466499999999995,0.774788,GTM,CHE,8419
2998926,96,41,1637,2013,0.0,2311.0,-0.8555590000000001,-0.9744450000000001,GUY,CHE,8419
2998927,97,41,1637,2013,117166.0,6462482.0,0.744383,1.923139,HKG,CHE,8419
2998928,99,41,1637,2013,0.0,40807.0,-0.731431,-0.310927,HND,CHE,8419
2998929,100,41,1637,2013,57762.0,427850.0,0.898284,1.038807,HRV,CHE,8419
2998930,102,41,1637,2013,5237878.0,2795820.0,1.506101,0.7279220000000001,HUN,CHE,8419
2998931,103,41,1637,2013,10638.0,3098939.0,-0.216854,1.415728,IDN,CHE,8419
2998932,104,41,1637,2013,1484484.0,27316251.0,0.215356,2.3916209999999998,IND,CHE,8419
2998933,106,41,1637,2013,327009.0,5844946.0,1.29988,0.240688,IRL,CHE,8419
2998934,107,41,1637,2013,0.0,433144.0,-0.339172,-0.237114,IRN,CHE,8419
2998935,108,41,1637,2013,0.0,2002332.0,-2.839079,-0.8705440000000001,IRQ,CHE,8419
2998936,109,41,1637,2013,0.0,132756.0,0.259374,-0.20413299999999998,ISL,CHE,8419
2998937,110,41,1637,2013,800360.0,1854796.0,1.197241,0.633828,ISR,CHE,8419
2998938,111,41,1637,2013,60261918.0,31573624.0,1.289924,0.533436,ITA,CHE,8419
2998939,112,41,1637,2013,0.0,25652.0,-0.541441,-0.8448559999999999,JAM,CHE,8419
2998940,113,41,1637,2013,0.0,337204.0,0.152659,0.5889979999999999,JOR,CHE,8419
2998941,114,41,1637,2013,1219658.0,23320303.0,2.3993130000000003,-0.564768,JPN,CHE,8419
2998942,115,41,1637,2013,0.0,852605.0,-0.680678,-0.83347,KAZ,CHE,8419
2998943,116,41,1637,2013,0.0,116601.0,-0.448112,0.8672719999999999,KEN,CHE,8419
2998944,118,41,1637,2013,0.0,50216.0,-1.054758,-0.872352,KHM,CHE,8419
2998945,121,41,1637,2013,492629.0,24983810.0,1.818383,0.75645,KOR,CHE,8419
2998946,122,41,1637,2013,0.0,728027.0,-0.536384,-1.08382,KWT,CHE,8419
2998947,124,41,1637,2013,495165.0,322180.0,0.283084,1.4289100000000001,LBN,CHE,8419
2998948,126,41,1637,2013,0.0,395813.0,-1.6241459999999999,-1.1817950000000002,LBY,CHE,8419
2998949,128,41,1637,2013,92202.0,187741.0,-0.6521779999999999,0.41258599999999995,LKA,CHE,8419
2998950,130,41,1637,2013,13532.0,2960827.0,0.737796,1.215543,LTU,CHE,8419
2998951,131,41,1637,2013,40814.0,1448120.0,1.170459,1.150327,LUX,CHE,8419
2998952,132,41,1637,2013,2830.0,3301755.0,0.6219439999999999,1.166749,LVA,CHE,8419
2998953,133,41,1637,2013,0.0,83023.0,0.252209,0.184401,MAC,CHE,8419
2998954,134,41,1637,2013,0.0,615480.0,-0.6494260000000001,-0.035075999999999996,MAR,CHE,8419
2998955,135,41,1637,2013,0.0,2346275.0,-0.016235,0.132104,MDA,CHE,8419
2998956,136,41,1637,2013,0.0,5907.0,-1.068565,-0.364254,MDG,CHE,8419
2998957,137,41,1637,2013,0.0,15901.0,-0.21889699999999998,-0.776392,MDV,CHE,8419
2998958,138,41,1637,2013,602603.0,6813657.0,1.048507,0.718932,MEX,CHE,8419
2998959,140,41,1637,2013,80128.0,63047.0,-0.10859400000000001,0.155229,MKD,CHE,8419
2998960,141,41,1637,2013,0.0,2369.0,-1.183671,-1.069504,MLI,CHE,8419
2998961,142,41,1637,2013,944354.0,151249.0,0.8519760000000001,-0.075869,MLT,CHE,8419
2998962,143,41,1637,2013,0.0,15619.0,-1.230787,-0.737375,MMR,CHE,8419
2998963,144,41,1637,2013,0.0,73249.0,-0.054454999999999996,-0.164875,MNE,CHE,8419
2998964,145,41,1637,2013,0.0,13957.0,-1.3270950000000001,-1.144547,MNG,CHE,8419
2998965,147,41,1637,2013,0.0,9989.0,-1.326323,-1.050969,MOZ,CHE,8419
2998966,151,41,1637,2013,0.0,331247.0,-0.158852,0.0061600000000000005,MUS,CHE,8419
2998967,153,41,1637,2013,31967.0,4039899.0,0.937641,0.747496,MYS,CHE,8419
2998968,156,41,1637,2013,0.0,1983.0,-0.136052,-0.703913,NCL,CHE,8419
2998969,157,41,1637,2013,6904.0,92947.0,-1.268738,-0.942256,NER,CHE,8419
2998970,159,41,1637,2013,0.0,1033952.0,-1.745783,-1.1356680000000001,NGA,CHE,8419
2998971,160,41,1637,2013,0.0,37355.0,-0.9277,-0.6842630000000001,NIC,CHE,8419
2998972,162,41,1637,2013,13195660.0,35871577.0,1.184107,1.249557,NLD,CHE,8419
2998973,163,41,1637,2013,77860.0,7986707.0,0.892099,0.18168399999999998,NOR,CHE,8419
2998974,164,41,1637,2013,0.0,102491.0,-0.293669,0.677365,NPL,CHE,8419
2998975,166,41,1637,2013,33061.0,5427715.0,0.3345,0.39063000000000003,NZL,CHE,8419
2998976,167,41,1637,2013,0.0,411312.0,-0.604175,-1.0463209999999998,OMN,CHE,8419
2998977,168,41,1637,2013,0.0,394868.0,-0.75727,0.769703,PAK,CHE,8419
2998978,169,41,1637,2013,0.0,136324.0,0.735637,1.161718,PAN,CHE,8419
2998979,173,41,1637,2013,48450.0,658836.0,-0.573852,0.357977,PER,CHE,8419
2998980,174,41,1637,2013,11589.0,986924.0,0.507868,0.355403,PHL,CHE,8419
2998981,177,41,1637,2013,3610017.0,13205428.0,1.084332,1.216749,POL,CHE,8419
2998982,179,41,1637,2013,416328.0,1966305.0,0.541454,2.5228610000000002,PRT,CHE,8419
2998983,180,41,1637,2013,0.0,30987.0,-0.566239,-0.9273459999999999,PRY,CHE,8419
2998984,182,41,1637,2013,0.0,4342.0,-0.146044,-0.7055359999999999,PYF,CHE,8419
2998985,183,41,1637,2013,0.0,1380272.0,-0.083649,-1.013491,QAT,CHE,8419
2998986,185,41,1637,2013,410983.0,1707884.0,0.792035,1.225034,ROU,CHE,8419
2998987,186,41,1637,2013,52827.0,26276489.0,0.481166,-0.180052,RUS,CHE,8419
2998988,187,41,1637,2013,0.0,3438.0,-0.490519,-0.48427700000000007,RWA,CHE,8419
2998989,188,41,1637,2013,27544.0,12469435.0,0.626347,-0.844406,SAU,CHE,8419
2998990,190,41,1637,2013,0.0,57663.0,-1.254944,-1.073564,SDN,CHE,8419
2998991,191,41,1637,2013,1725.0,18675.0,-0.523662,-0.309101,SEN,CHE,8419
2998992,192,41,1637,2013,583438.0,8639269.0,1.915504,0.619576,SGP,CHE,8419
2998993,197,41,1637,2013,4875.0,15351.0,-0.021029,0.381522,SLV,CHE,8419
2998994,201,41,1637,2013,41868.0,716097.0,0.5717720000000001,1.174901,SRB,CHE,8419
2998995,205,41,1637,2013,0.0,7476.0,-0.417865,-0.7600399999999999,SUR,CHE,8419
2998996,206,41,1637,2013,2218437.0,4430648.0,1.32064,0.7519819999999999,SVK,CHE,8419
2998997,207,41,1637,2013,1474900.0,1353814.0,1.698374,0.563082,SVN,CHE,8419
2998998,208,41,1637,2013,27300656.0,11637998.0,1.869421,0.228109,SWE,CHE,8419
2998999,210,41,1637,2013,0.0,3021.0,0.5512090000000001,-0.22818400000000003,SXM,CHE,8419
2999000,211,41,1637,2013,0.0,166093.0,0.270999,-0.474095,SYC,CHE,8419
2999001,215,41,1637,2013,0.0,1589.0,-0.598413,-0.49295200000000006,TGO,CHE,8419
2999002,216,41,1637,2013,230495.0,5677121.0,0.8752139999999999,1.3798620000000001,THA,CHE,8419
2999003,219,41,1637,2013,0.0,510571.0,-1.6186770000000001,-1.2210969999999999,TKM,CHE,8419
2999004,222,41,1637,2013,0.0,13750.0,-0.280641,-1.083332,TTO,CHE,8419
2999005,223,41,1637,2013,1287.0,542888.0,0.185528,1.0070700000000001,TUN,CHE,8419
2999006,224,41,1637,2013,1083186.0,8903266.0,0.42932299999999995,2.690235,TUR,CHE,8419
2999007,226,41,1637,2013,0.0,4276.0,-0.9306770000000001,0.273489,TZA,CHE,8419
2999008,227,41,1637,2013,0.0,18695.0,-0.5462279999999999,0.200682,UGA,CHE,8419
2999009,228,41,1637,2013,5317.0,6557478.0,0.657729,0.9063200000000001,UKR,CHE,8419
2999010,230,41,1637,2013,0.0,987405.0,0.20190999999999998,-0.19777999999999998,URY,CHE,8419
2999011,231,41,1637,2013,8568061.0,149273432.0,1.6639689999999998,-0.48651300000000003,USA,CHE,8419
2999012,232,41,1637,2013,0.0,1369799.0,-0.748212,-0.567268,UZB,CHE,8419
2999013,236,41,1637,2013,0.0,134463.0,-0.778172,-1.107059,VEN,CHE,8419
2999014,237,41,1637,2013,0.0,3985.0,0.616863,-0.314222,VGB,CHE,8419
2999015,239,41,1637,2013,39621.0,1459005.0,-0.11426900000000001,1.399738,VNM,CHE,8419
2999016,243,41,1637,2013,0.0,50188.0,-1.252605,-1.207324,YEM,CHE,8419
2999017,246,41,1637,2013,15865.0,3344784.0,0.380284,1.5682120000000002,ZAF,CHE,8419
2999018,247,41,1637,2013,0.0,12570.0,-0.382129,-0.5442229999999999,ZMB,CHE,8419
2999019,248,41,1637,2013,0.0,69210.0,-0.828702,-0.899175,ZWE,CHE,8419
2999020,249,41,1637,2013,418164.0,12201487.0,1.843186,0.9432379999999999,TWN,CHE,8419
2999021,8,42,1637,2013,8163194.0,854615.0,0.20314300000000002,0.494062,ARG,CHL,8419
2999022,14,42,1637,2013,250842.0,84212.0,-0.31145700000000004,-0.167628,AUS,CHL,8419
2999023,15,42,1637,2013,541758.0,4000.0,1.7209240000000001,-0.286892,AUT,CHL,8419
2999024,18,42,1637,2013,9288366.0,6019.0,1.316207,0.972601,BEL,CHL,8419
2999025,21,42,1637,2013,0.0,2950.0,-0.9110360000000001,-0.852492,BFA,CHL,8419
2999026,31,42,1637,2013,0.0,816594.0,-1.039614,-0.95663,BOL,CHL,8419
2999027,32,42,1637,2013,7727512.0,2365171.0,0.14765899999999998,0.399262,BRA,CHL,8419
2999028,39,42,1637,2013,2681350.0,14139.0,0.719649,1.017046,CAN,CHL,8419
2999029,41,42,1637,2013,2872762.0,8535.0,2.2104470000000003,0.5403479999999999,CHE,CHL,8419
2999030,43,42,1637,2013,36465000.0,4055153.0,1.113767,1.477496,CHN,CHL,8419
2999031,49,42,1637,2013,31469.0,1005238.0,0.121799,-0.388239,COL,CHL,8419
2999032,54,42,1637,2013,0.0,1784.0,-0.019956,-0.7873319999999999,CUB,CHL,8419
2999033,55,42,1637,2013,0.0,36442.0,0.029981999999999998,-0.673439,CUW,CHL,8419
2999034,59,42,1637,2013,336957.0,0.0,1.819653,-0.12423800000000002,CZE,CHL,8419
2999035,61,42,1637,2013,22169945.0,605597.0,2.093658,-3.4281980000000005,DEU,CHL,8419
2999036,64,42,1637,2013,9999267.0,28687.0,1.161835,1.1788450000000001,DNK,CHL,8419
2999037,65,42,1637,2013,0.0,13699.0,-0.277269,0.432388,DOM,CHL,8419
2999038,66,42,1637,2013,0.0,59854.0,-1.373947,-1.1523459999999999,DZA,CHL,8419
2999039,67,42,1637,2013,0.0,543007.0,-0.86546,-0.8888389999999999,ECU,CHL,8419
2999040,71,42,1637,2013,9949511.0,393096.0,0.861698,2.353993,ESP,CHL,8419
2999041,72,42,1637,2013,63496.0,0.0,0.8828940000000001,1.386574,EST,CHL,8419
2999042,74,42,1637,2013,8889129.0,0.0,1.734552,0.8896940000000001,FIN,CHL,8419
2999043,77,42,1637,2013,5504614.0,4746.0,1.520354,0.022874000000000002,FRA,CHL,8419
2999044,81,42,1637,2013,638614.0,8176.0,1.7901259999999999,0.44164,GBR,CHL,8419
2999045,90,42,1637,2013,862996.0,0.0,0.18823800000000002,0.910906,GRC,CHL,8419
2999046,93,42,1637,2013,0.0,3396.0,-0.41466499999999995,0.774788,GTM,CHL,8419
2999047,97,42,1637,2013,12253.0,0.0,0.744383,1.923139,HKG,CHL,8419
2999048,102,42,1637,2013,183980.0,0.0,1.506101,0.7279220000000001,HUN,CHL,8419
2999049,103,42,1637,2013,0.0,934.0,-0.216854,1.415728,IDN,CHL,8419
2999050,104,42,1637,2013,410924.0,0.0,0.215356,2.3916209999999998,IND,CHL,8419
2999051,106,42,1637,2013,236355.0,0.0,1.29988,0.240688,IRL,CHL,8419
2999052,110,42,1637,2013,1825559.0,0.0,1.197241,0.633828,ISR,CHL,8419
2999053,111,42,1637,2013,11075034.0,0.0,1.289924,0.533436,ITA,CHL,8419
2999054,114,42,1637,2013,8301307.0,0.0,2.3993130000000003,-0.564768,JPN,CHL,8419
2999055,121,42,1637,2013,5570960.0,0.0,1.818383,0.75645,KOR,CHL,8419
2999056,122,42,1637,2013,1011.0,0.0,-0.536384,-1.08382,KWT,CHL,8419
2999057,130,42,1637,2013,1780.0,0.0,0.737796,1.215543,LTU,CHL,8419
2999058,138,42,1637,2013,1115882.0,1656323.0,1.048507,0.718932,MEX,CHL,8419
2999059,147,42,1637,2013,0.0,4194.0,-1.326323,-1.050969,MOZ,CHL,8419
2999060,153,42,1637,2013,100358.0,0.0,0.937641,0.747496,MYS,CHL,8419
2999061,162,42,1637,2013,2001863.0,232281.0,1.184107,1.249557,NLD,CHL,8419
2999062,163,42,1637,2013,701710.0,0.0,0.892099,0.18168399999999998,NOR,CHL,8419
2999063,166,42,1637,2013,1861.0,0.0,0.3345,0.39063000000000003,NZL,CHL,8419
2999064,168,42,1637,2013,5113.0,6204.0,-0.75727,0.769703,PAK,CHL,8419
2999065,169,42,1637,2013,12961.0,57648.0,0.735637,1.161718,PAN,CHL,8419
2999066,173,42,1637,2013,180303.0,1464194.0,-0.573852,0.357977,PER,CHL,8419
2999067,174,42,1637,2013,70928.0,0.0,0.507868,0.355403,PHL,CHL,8419
2999068,177,42,1637,2013,312136.0,14657.0,1.084332,1.216749,POL,CHL,8419
2999069,179,42,1637,2013,8422572.0,61336.0,0.541454,2.5228610000000002,PRT,CHL,8419
2999070,180,42,1637,2013,0.0,44926.0,-0.566239,-0.9273459999999999,PRY,CHL,8419
2999071,182,42,1637,2013,12903.0,0.0,-0.146044,-0.7055359999999999,PYF,CHL,8419
2999072,185,42,1637,2013,26324.0,0.0,0.792035,1.225034,ROU,CHL,8419
2999073,186,42,1637,2013,77253.0,0.0,0.481166,-0.180052,RUS,CHL,8419
2999074,192,42,1637,2013,52856.0,0.0,1.915504,0.619576,SGP,CHL,8419
2999075,201,42,1637,2013,493965.0,0.0,0.5717720000000001,1.174901,SRB,CHL,8419
2999076,206,42,1637,2013,4191.0,0.0,1.32064,0.7519819999999999,SVK,CHL,8419
2999077,207,42,1637,2013,997.0,0.0,1.698374,0.563082,SVN,CHL,8419
2999078,208,42,1637,2013,5948233.0,3806.0,1.869421,0.228109,SWE,CHL,8419
2999079,216,42,1637,2013,48385.0,0.0,0.8752139999999999,1.3798620000000001,THA,CHL,8419
2999080,224,42,1637,2013,851890.0,0.0,0.42932299999999995,2.690235,TUR,CHL,8419
2999081,228,42,1637,2013,6473.0,0.0,0.657729,0.9063200000000001,UKR,CHL,8419
2999082,230,42,1637,2013,69061.0,231474.0,0.20190999999999998,-0.19777999999999998,URY,CHL,8419
2999083,231,42,1637,2013,27518731.0,22866853.0,1.6639689999999998,-0.48651300000000003,USA,CHL,8419
2999084,236,42,1637,2013,1591.0,2498532.0,-0.778172,-1.107059,VEN,CHL,8419
2999085,239,42,1637,2013,5668756.0,0.0,-0.11426900000000001,1.399738,VNM,CHL,8419
2999086,246,42,1637,2013,30046.0,0.0,0.380284,1.5682120000000002,ZAF,CHL,8419
2999087,249,42,1637,2013,436512.0,2879.0,1.843186,0.9432379999999999,TWN,CHL,8419
2999088,250,42,1637,2013,1640484.0,4261.0,0.628555,0.277602,ANS,CHL,8419
2999089,0,43,1637,2013,0.0,4694.0,0.913235,-0.149061,ABW,CHN,8419
2999090,1,43,1637,2013,0.0,284318.0,-0.985727,-0.7164550000000001,AFG,CHN,8419
2999091,2,43,1637,2013,0.0,5304333.0,-1.172043,-1.133735,AGO,CHN,8419
2999092,4,43,1637,2013,0.0,258550.0,-0.53682,-0.162391,ALB,CHN,8419
2999093,7,43,1637,2013,37491.0,20070639.0,-0.074047,-0.585168,ARE,CHN,8419
2999094,8,43,1637,2013,214268.0,12101461.0,0.20314300000000002,0.494062,ARG,CHN,8419
2999095,9,43,1637,2013,0.0,1448360.0,-0.076922,-0.5781390000000001,ARM,CHN,8419
2999096,13,43,1637,2013,0.0,44878.0,0.096563,-0.60577,ATG,CHN,8419
2999097,14,43,1637,2013,4174284.0,69175711.0,-0.31145700000000004,-0.167628,AUS,CHN,8419
2999098,15,43,1637,2013,52292199.0,2943976.0,1.7209240000000001,-0.286892,AUT,CHN,8419
2999099,16,43,1637,2013,0.0,4607707.0,-0.9232870000000001,-1.165928,AZE,CHN,8419
2999100,17,43,1637,2013,0.0,75686.0,-0.824903,-0.906436,BDI,CHN,8419
2999101,18,43,1637,2013,104619258.0,21148993.0,1.316207,0.972601,BEL,CHN,8419
2999102,19,43,1637,2013,0.0,1282880.0,-0.919968,-0.90691,BEN,CHN,8419
2999103,21,43,1637,2013,0.0,53478.0,-0.9110360000000001,-0.852492,BFA,CHN,8419
2999104,22,43,1637,2013,0.0,19968302.0,-1.101916,-0.734646,BGD,CHN,8419
2999105,23,43,1637,2013,238946.0,7344995.0,0.5026109999999999,1.674296,BGR,CHN,8419
2999106,24,43,1637,2013,0.0,2201717.0,0.249681,-0.6204270000000001,BHR,CHN,8419
2999107,25,43,1637,2013,0.0,7359.0,0.756732,-0.369842,BHS,CHN,8419
2999108,26,43,1637,2013,260972.0,120316.0,0.46743199999999996,0.7340800000000001,BIH,CHN,8419
2999109,28,43,1637,2013,430232.0,1654395.0,1.036923,0.864568,BLR,CHN,8419
2999110,29,43,1637,2013,0.0,57431.0,-0.35218299999999997,-0.508891,BLZ,CHN,8419
2999111,30,43,1637,2013,0.0,37149.0,1.087677,-0.452984,BMU,CHN,8419
2999112,31,43,1637,2013,0.0,1186862.0,-1.039614,-0.95663,BOL,CHN,8419
2999113,32,43,1637,2013,1284182.0,93608581.0,0.14765899999999998,0.399262,BRA,CHN,8419
2999114,33,43,1637,2013,3845.0,117673.0,0.6969489999999999,0.135283,BRB,CHN,8419
2999115,34,43,1637,2013,0.0,759270.0,-0.866827,-0.795995,BRN,CHN,8419
2999116,35,43,1637,2013,0.0,101927.0,-0.065218,-0.787495,BTN,CHN,8419
2999117,37,43,1637,2013,0.0,137739.0,-0.46761499999999995,-1.0842040000000002,BWA,CHN,8419
2999118,39,43,1637,2013,26982404.0,28480961.0,0.719649,1.017046,CAN,CHN,8419
2999119,41,43,1637,2013,78307739.0,3055826.0,2.2104470000000003,0.5403479999999999,CHE,CHN,8419
2999120,42,43,1637,2013,4055153.0,36465000.0,-0.260718,-0.38256100000000004,CHL,CHN,8419
2999121,44,43,1637,2013,0.0,458389.0,-0.923558,-0.866642,CIV,CHN,8419
2999122,45,43,1637,2013,0.0,670904.0,-0.901531,-1.027111,CMR,CHN,8419
2999123,46,43,1637,2013,0.0,2423489.0,-1.300125,-1.0708010000000001,COD,CHN,8419
2999124,47,43,1637,2013,0.0,2100024.0,-1.215681,-1.08679,COG,CHN,8419
2999125,48,43,1637,2013,0.0,16570.0,0.483939,-0.42226400000000003,COK,CHN,8419
2999126,49,43,1637,2013,0.0,14298519.0,0.121799,-0.388239,COL,CHN,8419
2999127,50,43,1637,2013,0.0,33774.0,-0.326422,-0.6956640000000001,COM,CHN,8419
2999128,51,43,1637,2013,0.0,41058.0,-0.75058,-0.8948219999999999,CPV,CHN,8419
2999129,52,43,1637,2013,135682.0,1581609.0,0.067379,-0.688217,CRI,CHN,8419
2999130,54,43,1637,2013,0.0,2011741.0,-0.019956,-0.7873319999999999,CUB,CHN,8419
2999131,55,43,1637,2013,0.0,306437.0,0.029981999999999998,-0.673439,CUW,CHN,8419
2999132,58,43,1637,2013,0.0,1626163.0,0.502238,0.349608,CYP,CHN,8419
2999133,59,43,1637,2013,3028382.0,1975906.0,1.819653,-0.12423800000000002,CZE,CHN,8419
2999134,61,43,1637,2013,628673019.0,110040072.0,2.093658,-3.4281980000000005,DEU,CHN,8419
2999135,62,43,1637,2013,0.0,809006.0,-0.412843,-0.695916,DJI,CHN,8419
2999136,63,43,1637,2013,0.0,80620.0,0.054362,-0.156703,DMA,CHN,8419
2999137,64,43,1637,2013,47921835.0,8952204.0,1.161835,1.1788450000000001,DNK,CHN,8419
2999138,65,43,1637,2013,0.0,2050873.0,-0.277269,0.432388,DOM,CHN,8419
2999139,66,43,1637,2013,0.0,13033205.0,-1.373947,-1.1523459999999999,DZA,CHN,8419
2999140,67,43,1637,2013,101641.0,9265187.0,-0.86546,-0.8888389999999999,ECU,CHN,8419
2999141,68,43,1637,2013,1555.0,34203351.0,-0.17418,1.692641,EGY,CHN,8419
2999142,69,43,1637,2013,0.0,140302.0,-1.227273,-0.9367340000000001,ERI,CHN,8419
2999143,71,43,1637,2013,34052076.0,34100999.0,0.861698,2.353993,ESP,CHN,8419
2999144,72,43,1637,2013,277586.0,12625479.0,0.8828940000000001,1.386574,EST,CHN,8419
2999145,73,43,1637,2013,0.0,3272177.0,-1.264002,-0.9594219999999999,ETH,CHN,8419
2999146,74,43,1637,2013,17237574.0,6683619.0,1.734552,0.8896940000000001,FIN,CHN,8419
2999147,75,43,1637,2013,0.0,558789.0,-0.5203369999999999,-0.122405,FJI,CHN,8419
2999148,77,43,1637,2013,69777050.0,33789019.0,1.520354,0.022874000000000002,FRA,CHN,8419
2999149,79,43,1637,2013,0.0,716.0,-0.234314,-0.8260700000000001,FSM,CHN,8419
2999150,80,43,1637,2013,0.0,7248189.0,-1.6582830000000002,-1.155302,GAB,CHN,8419
2999151,81,43,1637,2013,63853155.0,52744458.0,1.7901259999999999,0.44164,GBR,CHN,8419
2999152,82,43,1637,2013,0.0,5261282.0,-0.160691,-0.393419,GEO,CHN,8419
2999153,83,43,1637,2013,0.0,3922924.0,-0.7316010000000001,-0.5327689999999999,GHA,CHN,8419
2999154,85,43,1637,2013,0.0,495253.0,-1.1287459999999998,-1.069735,GIN,CHN,8419
2999155,87,43,1637,2013,0.0,26066.0,-0.5571550000000001,-0.6860310000000001,GMB,CHN,8419
2999156,89,43,1637,2013,0.0,76884.0,-1.521575,-0.814708,GNQ,CHN,8419
2999157,90,43,1637,2013,5489.0,3303103.0,0.18823800000000002,0.910906,GRC,CHN,8419
2999158,91,43,1637,2013,0.0,24351.0,0.073206,-0.567926,GRD,CHN,8419
2999159,93,43,1637,2013,0.0,2990164.0,-0.41466499999999995,0.774788,GTM,CHN,8419
2999160,96,43,1637,2013,0.0,254824.0,-0.8555590000000001,-0.9744450000000001,GUY,CHN,8419
2999161,97,43,1637,2013,4462780.0,82966517.0,0.744383,1.923139,HKG,CHN,8419
2999162,99,43,1637,2013,0.0,702611.0,-0.731431,-0.310927,HND,CHN,8419
2999163,100,43,1637,2013,87811.0,2885883.0,0.898284,1.038807,HRV,CHN,8419
2999164,101,43,1637,2013,0.0,267231.0,-1.095392,-0.957326,HTI,CHN,8419
2999165,102,43,1637,2013,7390678.0,1495048.0,1.506101,0.7279220000000001,HUN,CHN,8419
2999166,103,43,1637,2013,7558900.0,185997834.0,-0.216854,1.415728,IDN,CHN,8419
2999167,104,43,1637,2013,32389286.0,138420536.0,0.215356,2.3916209999999998,IND,CHN,8419
2999168,106,43,1637,2013,2319023.0,4096878.0,1.29988,0.240688,IRL,CHN,8419
2999169,107,43,1637,2013,464307.0,72573722.0,-0.339172,-0.237114,IRN,CHN,8419
2999170,108,43,1637,2013,0.0,16712176.0,-2.839079,-0.8705440000000001,IRQ,CHN,8419
2999171,109,43,1637,2013,0.0,68493.0,0.259374,-0.20413299999999998,ISL,CHN,8419
2999172,110,43,1637,2013,6689053.0,13558658.0,1.197241,0.633828,ISR,CHN,8419
2999173,111,43,1637,2013,115751202.0,72152449.0,1.289924,0.533436,ITA,CHN,8419
2999174,112,43,1637,2013,0.0,1080460.0,-0.541441,-0.8448559999999999,JAM,CHN,8419
2999175,113,43,1637,2013,0.0,9745113.0,0.152659,0.5889979999999999,JOR,CHN,8419
2999176,114,43,1637,2013,324958579.0,212674570.0,2.3993130000000003,-0.564768,JPN,CHN,8419
2999177,115,43,1637,2013,50693.0,81609475.0,-0.680678,-0.83347,KAZ,CHN,8419
2999178,116,43,1637,2013,0.0,5562986.0,-0.448112,0.8672719999999999,KEN,CHN,8419
2999179,117,43,1637,2013,0.0,5913637.0,-0.1035,0.339914,KGZ,CHN,8419
2999180,118,43,1637,2013,0.0,10339151.0,-1.054758,-0.872352,KHM,CHN,8419
2999181,119,43,1637,2013,0.0,4697.0,-0.258825,-0.781927,KIR,CHN,8419
2999182,120,43,1637,2013,0.0,380707.0,0.8500270000000001,-0.390234,KNA,CHN,8419
2999183,121,43,1637,2013,215683399.0,144823371.0,1.818383,0.75645,KOR,CHN,8419
2999184,122,43,1637,2013,0.0,1010561.0,-0.536384,-1.08382,KWT,CHN,8419
2999185,123,43,1637,2013,4736.0,21818521.0,-1.204446,-0.8571489999999999,LAO,CHN,8419
2999186,124,43,1637,2013,0.0,4649069.0,0.283084,1.4289100000000001,LBN,CHN,8419
2999187,125,43,1637,2013,0.0,404968.0,-0.41869399999999996,-0.9538770000000001,LBR,CHN,8419
2999188,126,43,1637,2013,0.0,1305952.0,-1.6241459999999999,-1.1817950000000002,LBY,CHN,8419
2999189,127,43,1637,2013,0.0,83223.0,0.265129,-0.5083949999999999,LCA,CHN,8419
2999190,128,43,1637,2013,0.0,6441979.0,-0.6521779999999999,0.41258599999999995,LKA,CHN,8419
2999191,129,43,1637,2013,0.0,15359.0,-0.7396689999999999,-0.696625,LSO,CHN,8419
2999192,130,43,1637,2013,3107.0,1914485.0,0.737796,1.215543,LTU,CHN,8419
2999193,131,43,1637,2013,211128.0,3816012.0,1.170459,1.150327,LUX,CHN,8419
2999194,132,43,1637,2013,19028.0,5448769.0,0.6219439999999999,1.166749,LVA,CHN,8419
2999195,133,43,1637,2013,0.0,3257778.0,0.252209,0.184401,MAC,CHN,8419
2999196,134,43,1637,2013,0.0,6412801.0,-0.6494260000000001,-0.035075999999999996,MAR,CHN,8419
2999197,135,43,1637,2013,0.0,237822.0,-0.016235,0.132104,MDA,CHN,8419
2999198,136,43,1637,2013,0.0,466923.0,-1.068565,-0.364254,MDG,CHN,8419
2999199,137,43,1637,2013,0.0,24841.0,-0.21889699999999998,-0.776392,MDV,CHN,8419
2999200,138,43,1637,2013,3098577.0,105395895.0,1.048507,0.718932,MEX,CHN,8419
2999201,139,43,1637,2013,0.0,12850.0,-0.980348,-0.8763219999999999,MHL,CHN,8419
2999202,140,43,1637,2013,2192.0,323986.0,-0.10859400000000001,0.155229,MKD,CHN,8419
2999203,141,43,1637,2013,0.0,8831.0,-1.183671,-1.069504,MLI,CHN,8419
2999204,142,43,1637,2013,63454.0,1349999.0,0.8519760000000001,-0.075869,MLT,CHN,8419
2999205,143,43,1637,2013,0.0,26932623.0,-1.230787,-0.737375,MMR,CHN,8419
2999206,144,43,1637,2013,0.0,90662.0,-0.054454999999999996,-0.164875,MNE,CHN,8419
2999207,145,43,1637,2013,0.0,8745802.0,-1.3270950000000001,-1.144547,MNG,CHN,8419
2999208,147,43,1637,2013,0.0,2157588.0,-1.326323,-1.050969,MOZ,CHN,8419
2999209,148,43,1637,2013,0.0,1836381.0,-1.950532,-1.283104,MRT,CHN,8419
2999210,151,43,1637,2013,0.0,6641656.0,-0.158852,0.0061600000000000005,MUS,CHN,8419
2999211,152,43,1637,2013,0.0,92876.0,-0.8992120000000001,-0.862175,MWI,CHN,8419
2999212,153,43,1637,2013,14788540.0,87973762.0,0.937641,0.747496,MYS,CHN,8419
2999213,155,43,1637,2013,0.0,1015470.0,-0.308643,-0.480617,NAM,CHN,8419
2999214,156,43,1637,2013,12613.0,357460.0,-0.136052,-0.703913,NCL,CHN,8419
2999215,157,43,1637,2013,0.0,338716.0,-1.268738,-0.942256,NER,CHN,8419
2999216,159,43,1637,2013,2486.0,10350259.0,-1.745783,-1.1356680000000001,NGA,CHN,8419
2999217,160,43,1637,2013,0.0,243849.0,-0.9277,-0.6842630000000001,NIC,CHN,8419
2999218,162,43,1637,2013,43742742.0,61943160.0,1.184107,1.249557,NLD,CHN,8419
2999219,163,43,1637,2013,3546765.0,1693034.0,0.892099,0.18168399999999998,NOR,CHN,8419
2999220,164,43,1637,2013,0.0,1235777.0,-0.293669,0.677365,NPL,CHN,8419
2999221,166,43,1637,2013,2642855.0,5593394.0,0.3345,0.39063000000000003,NZL,CHN,8419
2999222,167,43,1637,2013,0.0,5343764.0,-0.604175,-1.0463209999999998,OMN,CHN,8419
2999223,168,43,1637,2013,36304.0,22872468.0,-0.75727,0.769703,PAK,CHN,8419
2999224,169,43,1637,2013,0.0,2918117.0,0.735637,1.161718,PAN,CHN,8419
2999225,173,43,1637,2013,0.0,10138373.0,-0.573852,0.357977,PER,CHN,8419
2999226,174,43,1637,2013,2246481.0,24040900.0,0.507868,0.355403,PHL,CHN,8419
2999227,175,43,1637,2013,0.0,42404.0,0.232127,-0.716653,PLW,CHN,8419
2999228,176,43,1637,2013,0.0,917509.0,-1.444244,-1.144231,PNG,CHN,8419
2999229,177,43,1637,2013,8180806.0,19932319.0,1.084332,1.216749,POL,CHN,8419
2999230,178,43,1637,2013,1817.0,3542201.0,-0.414538,-0.22449299999999997,PRK,CHN,8419
2999231,179,43,1637,2013,1527646.0,4984236.0,0.541454,2.5228610000000002,PRT,CHN,8419
2999232,180,43,1637,2013,0.0,1059358.0,-0.566239,-0.9273459999999999,PRY,CHN,8419
2999233,181,43,1637,2013,0.0,196458.0,0.072979,0.7099260000000001,PSE,CHN,8419
2999234,182,43,1637,2013,0.0,719880.0,-0.146044,-0.7055359999999999,PYF,CHN,8419
2999235,183,43,1637,2013,0.0,846299.0,-0.083649,-1.013491,QAT,CHN,8419
2999236,185,43,1637,2013,16419882.0,4960361.0,0.792035,1.225034,ROU,CHN,8419
2999237,186,43,1637,2013,4732237.0,98302488.0,0.481166,-0.180052,RUS,CHN,8419
2999238,187,43,1637,2013,0.0,872423.0,-0.490519,-0.48427700000000007,RWA,CHN,8419
2999239,188,43,1637,2013,0.0,48204876.0,0.626347,-0.844406,SAU,CHN,8419
2999240,190,43,1637,2013,0.0,4397979.0,-1.254944,-1.073564,SDN,CHN,8419
2999241,191,43,1637,2013,0.0,367933.0,-0.523662,-0.309101,SEN,CHN,8419
2999242,192,43,1637,2013,36311815.0,74516682.0,1.915504,0.619576,SGP,CHN,8419
2999243,195,43,1637,2013,0.0,544.0,-0.9350860000000001,-0.877676,SLB,CHN,8419
2999244,196,43,1637,2013,0.0,103791.0,-0.132082,-0.552921,SLE,CHN,8419
2999245,197,43,1637,2013,0.0,172728.0,-0.021029,0.381522,SLV,CHN,8419
2999246,199,43,1637,2013,0.0,15994.0,-1.194368,-0.915163,SOM,CHN,8419
2999247,201,43,1637,2013,0.0,157996.0,0.5717720000000001,1.174901,SRB,CHN,8419
2999248,202,43,1637,2013,0.0,111388.0,-2.57,-0.8567969999999999,SSD,CHN,8419
2999249,205,43,1637,2013,0.0,284454.0,-0.417865,-0.7600399999999999,SUR,CHN,8419
2999250,206,43,1637,2013,922908.0,1317277.0,1.32064,0.7519819999999999,SVK,CHN,8419
2999251,207,43,1637,2013,132965.0,4014119.0,1.698374,0.563082,SVN,CHN,8419
2999252,208,43,1637,2013,60153140.0,26219331.0,1.869421,0.228109,SWE,CHN,8419
2999253,209,43,1637,2013,0.0,40386.0,0.109267,-0.275005,SWZ,CHN,8419
2999254,211,43,1637,2013,0.0,233062.0,0.270999,-0.474095,SYC,CHN,8419
2999255,212,43,1637,2013,0.0,1652307.0,-0.14343399999999998,1.077256,SYR,CHN,8419
2999256,214,43,1637,2013,0.0,111005.0,-2.800677,-0.9466969999999999,TCD,CHN,8419
2999257,215,43,1637,2013,0.0,2854110.0,-0.598413,-0.49295200000000006,TGO,CHN,8419
2999258,216,43,1637,2013,12783213.0,83037096.0,0.8752139999999999,1.3798620000000001,THA,CHN,8419
2999259,217,43,1637,2013,0.0,1329965.0,-1.2512889999999999,-1.16402,TJK,CHN,8419
2999260,219,43,1637,2013,0.0,13809817.0,-1.6186770000000001,-1.2210969999999999,TKM,CHN,8419
2999261,220,43,1637,2013,0.0,33367.0,-0.376633,-0.73677,TLS,CHN,8419
2999262,221,43,1637,2013,0.0,51587.0,0.183053,-0.345657,TON,CHN,8419
2999263,222,43,1637,2013,0.0,130972.0,-0.280641,-1.083332,TTO,CHN,8419
2999264,223,43,1637,2013,0.0,8693758.0,0.185528,1.0070700000000001,TUN,CHN,8419
2999265,224,43,1637,2013,428101.0,57091094.0,0.42932299999999995,2.690235,TUR,CHN,8419
2999266,226,43,1637,2013,14460.0,2515148.0,-0.9306770000000001,0.273489,TZA,CHN,8419
2999267,227,43,1637,2013,0.0,631466.0,-0.5462279999999999,0.200682,UGA,CHN,8419
2999268,228,43,1637,2013,126231.0,14180249.0,0.657729,0.9063200000000001,UKR,CHN,8419
2999269,230,43,1637,2013,0.0,3487670.0,0.20190999999999998,-0.19777999999999998,URY,CHN,8419
2999270,231,43,1637,2013,266653600.0,352950372.0,1.6639689999999998,-0.48651300000000003,USA,CHN,8419
2999271,232,43,1637,2013,0.0,13328962.0,-0.748212,-0.567268,UZB,CHN,8419
2999272,234,43,1637,2013,0.0,10840.0,0.193198,-0.23631799999999997,VCT,CHN,8419
2999273,236,43,1637,2013,0.0,15104920.0,-0.778172,-1.107059,VEN,CHN,8419
2999274,239,43,1637,2013,141889.0,127423599.0,-0.11426900000000001,1.399738,VNM,CHN,8419
2999275,240,43,1637,2013,0.0,16264.0,-0.6548689999999999,-0.811184,VUT,CHN,8419
2999276,242,43,1637,2013,0.0,44624.0,0.824724,0.056441,WSM,CHN,8419
2999277,243,43,1637,2013,0.0,1991473.0,-1.252605,-1.207324,YEM,CHN,8419
2999278,246,43,1637,2013,453231.0,51409774.0,0.380284,1.5682120000000002,ZAF,CHN,8419
2999279,247,43,1637,2013,0.0,4195655.0,-0.382129,-0.5442229999999999,ZMB,CHN,8419
2999280,248,43,1637,2013,0.0,957729.0,-0.828702,-0.899175,ZWE,CHN,8419
2999281,249,43,1637,2013,225113859.0,105948448.0,1.843186,0.9432379999999999,TWN,CHN,8419
2999282,250,43,1637,2013,24495.0,0.0,0.628555,0.277602,ANS,CHN,8419
2999283,0,49,1637,2013,4809.0,17845.0,0.913235,-0.149061,ABW,COL,8419
2999284,8,49,1637,2013,2308422.0,2656.0,0.20314300000000002,0.494062,ARG,COL,8419
2999285,14,49,1637,2013,11347.0,0.0,-0.31145700000000004,-0.167628,AUS,COL,8419
2999286,15,49,1637,2013,2432204.0,0.0,1.7209240000000001,-0.286892,AUT,COL,8419
2999287,18,49,1637,2013,662745.0,18300.0,1.316207,0.972601,BEL,COL,8419
2999288,31,49,1637,2013,0.0,5977162.0,-1.039614,-0.95663,BOL,COL,8419
2999289,32,49,1637,2013,3229373.0,53120.0,0.14765899999999998,0.399262,BRA,COL,8419
2999290,39,49,1637,2013,1318661.0,153385.0,0.719649,1.017046,CAN,COL,8419
2999291,41,49,1637,2013,446030.0,10542.0,2.2104470000000003,0.5403479999999999,CHE,COL,8419
2999292,42,49,1637,2013,1005238.0,31469.0,-0.260718,-0.38256100000000004,CHL,COL,8419
2999293,43,49,1637,2013,14298519.0,0.0,1.113767,1.477496,CHN,COL,8419
2999294,52,49,1637,2013,394599.0,2383.0,0.067379,-0.688217,CRI,COL,8419
2999295,54,49,1637,2013,0.0,69600.0,-0.019956,-0.7873319999999999,CUB,COL,8419
2999296,55,49,1637,2013,0.0,32246.0,0.029981999999999998,-0.673439,CUW,COL,8419
2999297,59,49,1637,2013,99345.0,0.0,1.819653,-0.12423800000000002,CZE,COL,8419
2999298,61,49,1637,2013,13720482.0,11873.0,2.093658,-3.4281980000000005,DEU,COL,8419
2999299,64,49,1637,2013,372279.0,0.0,1.161835,1.1788450000000001,DNK,COL,8419
2999300,65,49,1637,2013,21265.0,25110.0,-0.277269,0.432388,DOM,COL,8419
2999301,67,49,1637,2013,0.0,748006.0,-0.86546,-0.8888389999999999,ECU,COL,8419
2999302,71,49,1637,2013,6017895.0,1279.0,0.861698,2.353993,ESP,COL,8419
2999303,74,49,1637,2013,374476.0,0.0,1.734552,0.8896940000000001,FIN,COL,8419
2999304,77,49,1637,2013,723051.0,0.0,1.520354,0.022874000000000002,FRA,COL,8419
2999305,81,49,1637,2013,516707.0,0.0,1.7901259999999999,0.44164,GBR,COL,8419
2999306,90,49,1637,2013,7243.0,0.0,0.18823800000000002,0.910906,GRC,COL,8419
2999307,93,49,1637,2013,0.0,277659.0,-0.41466499999999995,0.774788,GTM,COL,8419
2999308,97,49,1637,2013,314002.0,0.0,0.744383,1.923139,HKG,COL,8419
2999309,99,49,1637,2013,0.0,294506.0,-0.731431,-0.310927,HND,COL,8419
2999310,102,49,1637,2013,317200.0,0.0,1.506101,0.7279220000000001,HUN,COL,8419
2999311,103,49,1637,2013,9976.0,26752.0,-0.216854,1.415728,IDN,COL,8419
2999312,104,49,1637,2013,2427523.0,0.0,0.215356,2.3916209999999998,IND,COL,8419
2999313,106,49,1637,2013,13698.0,0.0,1.29988,0.240688,IRL,COL,8419
2999314,110,49,1637,2013,557402.0,0.0,1.197241,0.633828,ISR,COL,8419
2999315,111,49,1637,2013,8782172.0,14362.0,1.289924,0.533436,ITA,COL,8419
2999316,112,49,1637,2013,0.0,2665.0,-0.541441,-0.8448559999999999,JAM,COL,8419
2999317,114,49,1637,2013,342999.0,0.0,2.3993130000000003,-0.564768,JPN,COL,8419
2999318,121,49,1637,2013,2832041.0,0.0,1.818383,0.75645,KOR,COL,8419
2999319,132,49,1637,2013,8390.0,0.0,0.6219439999999999,1.166749,LVA,COL,8419
2999320,138,49,1637,2013,7727219.0,538667.0,1.048507,0.718932,MEX,COL,8419
2999321,153,49,1637,2013,910149.0,0.0,0.937641,0.747496,MYS,COL,8419
2999322,160,49,1637,2013,0.0,18733.0,-0.9277,-0.6842630000000001,NIC,COL,8419
2999323,162,49,1637,2013,1114589.0,0.0,1.184107,1.249557,NLD,COL,8419
2999324,166,49,1637,2013,1199.0,0.0,0.3345,0.39063000000000003,NZL,COL,8419
2999325,168,49,1637,2013,8573.0,0.0,-0.75727,0.769703,PAK,COL,8419
2999326,169,49,1637,2013,32895.0,427818.0,0.735637,1.161718,PAN,COL,8419
2999327,173,49,1637,2013,141671.0,804055.0,-0.573852,0.357977,PER,COL,8419
2999328,174,49,1637,2013,1043.0,0.0,0.507868,0.355403,PHL,COL,8419
2999329,177,49,1637,2013,547638.0,0.0,1.084332,1.216749,POL,COL,8419
2999330,178,49,1637,2013,19267.0,0.0,-0.414538,-0.22449299999999997,PRK,COL,8419
2999331,179,49,1637,2013,1153312.0,1726.0,0.541454,2.5228610000000002,PRT,COL,8419
2999332,180,49,1637,2013,0.0,1166.0,-0.566239,-0.9273459999999999,PRY,COL,8419
2999333,185,49,1637,2013,14211.0,0.0,0.792035,1.225034,ROU,COL,8419
2999334,186,49,1637,2013,756141.0,2785.0,0.481166,-0.180052,RUS,COL,8419
2999335,188,49,1637,2013,7481.0,0.0,0.626347,-0.844406,SAU,COL,8419
2999336,192,49,1637,2013,119314.0,1787.0,1.915504,0.619576,SGP,COL,8419
2999337,197,49,1637,2013,22176.0,41910.0,-0.021029,0.381522,SLV,COL,8419
2999338,207,49,1637,2013,8299.0,0.0,1.698374,0.563082,SVN,COL,8419
2999339,208,49,1637,2013,2891363.0,0.0,1.869421,0.228109,SWE,COL,8419
2999340,216,49,1637,2013,39393.0,0.0,0.8752139999999999,1.3798620000000001,THA,COL,8419
2999341,224,49,1637,2013,50778.0,0.0,0.42932299999999995,2.690235,TUR,COL,8419
2999342,227,49,1637,2013,0.0,960554.0,-0.5462279999999999,0.200682,UGA,COL,8419
2999343,228,49,1637,2013,47833.0,0.0,0.657729,0.9063200000000001,UKR,COL,8419
2999344,231,49,1637,2013,43569981.0,381958.0,1.6639689999999998,-0.48651300000000003,USA,COL,8419
2999345,236,49,1637,2013,20136.0,1194280.0,-0.778172,-1.107059,VEN,COL,8419
2999346,239,49,1637,2013,17932.0,0.0,-0.11426900000000001,1.399738,VNM,COL,8419
2999347,246,49,1637,2013,12543.0,0.0,0.380284,1.5682120000000002,ZAF,COL,8419
2999348,249,49,1637,2013,193417.0,0.0,1.843186,0.9432379999999999,TWN,COL,8419
2999349,250,49,1637,2013,76363.0,163183.0,0.628555,0.277602,ANS,COL,8419
2999350,7,52,1637,2013,0.0,5637.0,-0.074047,-0.585168,ARE,CRI,8419
2999351,8,52,1637,2013,76702.0,0.0,0.20314300000000002,0.494062,ARG,CRI,8419
2999352,15,52,1637,2013,124761.0,0.0,1.7209240000000001,-0.286892,AUT,CRI,8419
2999353,18,52,1637,2013,151920.0,0.0,1.316207,0.972601,BEL,CRI,8419
2999354,32,52,1637,2013,179166.0,231033.0,0.14765899999999998,0.399262,BRA,CRI,8419
2999355,39,52,1637,2013,137570.0,0.0,0.719649,1.017046,CAN,CRI,8419
2999356,41,52,1637,2013,1489545.0,0.0,2.2104470000000003,0.5403479999999999,CHE,CRI,8419
2999357,43,52,1637,2013,1581609.0,135682.0,1.113767,1.477496,CHN,CRI,8419
2999358,49,52,1637,2013,2383.0,394599.0,0.121799,-0.388239,COL,CRI,8419
2999359,59,52,1637,2013,9204.0,0.0,1.819653,-0.12423800000000002,CZE,CRI,8419
2999360,61,52,1637,2013,1918182.0,18953.0,2.093658,-3.4281980000000005,DEU,CRI,8419
2999361,64,52,1637,2013,287605.0,0.0,1.161835,1.1788450000000001,DNK,CRI,8419
2999362,67,52,1637,2013,0.0,34734.0,-0.86546,-0.8888389999999999,ECU,CRI,8419
2999363,71,52,1637,2013,404232.0,0.0,0.861698,2.353993,ESP,CRI,8419
2999364,74,52,1637,2013,29752.0,0.0,1.734552,0.8896940000000001,FIN,CRI,8419
2999365,77,52,1637,2013,62346.0,0.0,1.520354,0.022874000000000002,FRA,CRI,8419
2999366,81,52,1637,2013,198637.0,10595.0,1.7901259999999999,0.44164,GBR,CRI,8419
2999367,90,52,1637,2013,16855.0,0.0,0.18823800000000002,0.910906,GRC,CRI,8419
2999368,93,52,1637,2013,139697.0,192702.0,-0.41466499999999995,0.774788,GTM,CRI,8419
2999369,99,52,1637,2013,0.0,110214.0,-0.731431,-0.310927,HND,CRI,8419
2999370,102,52,1637,2013,135286.0,0.0,1.506101,0.7279220000000001,HUN,CRI,8419
2999371,104,52,1637,2013,49179.0,0.0,0.215356,2.3916209999999998,IND,CRI,8419
2999372,110,52,1637,2013,211642.0,0.0,1.197241,0.633828,ISR,CRI,8419
2999373,111,52,1637,2013,1188151.0,0.0,1.289924,0.533436,ITA,CRI,8419
2999374,114,52,1637,2013,20435.0,0.0,2.3993130000000003,-0.564768,JPN,CRI,8419
2999375,121,52,1637,2013,22551.0,0.0,1.818383,0.75645,KOR,CRI,8419
2999376,138,52,1637,2013,1616264.0,13942.0,1.048507,0.718932,MEX,CRI,8419
2999377,151,52,1637,2013,0.0,26099.0,-0.158852,0.0061600000000000005,MUS,CRI,8419
2999378,153,52,1637,2013,8771.0,54154.0,0.937641,0.747496,MYS,CRI,8419
2999379,160,52,1637,2013,784.0,168788.0,-0.9277,-0.6842630000000001,NIC,CRI,8419
2999380,162,52,1637,2013,239895.0,0.0,1.184107,1.249557,NLD,CRI,8419
2999381,169,52,1637,2013,111297.0,66864.0,0.735637,1.161718,PAN,CRI,8419
2999382,173,52,1637,2013,118077.0,0.0,-0.573852,0.357977,PER,CRI,8419
2999383,174,52,1637,2013,238045.0,836.0,0.507868,0.355403,PHL,CRI,8419
2999384,177,52,1637,2013,7763.0,0.0,1.084332,1.216749,POL,CRI,8419
2999385,178,52,1637,2013,1502.0,0.0,-0.414538,-0.22449299999999997,PRK,CRI,8419
2999386,179,52,1637,2013,45736.0,0.0,0.541454,2.5228610000000002,PRT,CRI,8419
2999387,185,52,1637,2013,1927.0,0.0,0.792035,1.225034,ROU,CRI,8419
2999388,192,52,1637,2013,21109.0,0.0,1.915504,0.619576,SGP,CRI,8419
2999389,197,52,1637,2013,0.0,17096.0,-0.021029,0.381522,SLV,CRI,8419
2999390,208,52,1637,2013,570707.0,0.0,1.869421,0.228109,SWE,CRI,8419
2999391,216,52,1637,2013,6296.0,0.0,0.8752139999999999,1.3798620000000001,THA,CRI,8419
2999392,222,52,1637,2013,2573.0,0.0,-0.280641,-1.083332,TTO,CRI,8419
2999393,224,52,1637,2013,37358.0,0.0,0.42932299999999995,2.690235,TUR,CRI,8419
2999394,231,52,1637,2013,10654588.0,375370.0,1.6639689999999998,-0.48651300000000003,USA,CRI,8419
2999395,239,52,1637,2013,19859.0,0.0,-0.11426900000000001,1.399738,VNM,CRI,8419
2999396,249,52,1637,2013,243859.0,1520.0,1.843186,0.9432379999999999,TWN,CRI,8419
2999397,0,55,1637,2013,3175.0,0.0,0.913235,-0.149061,ABW,CUW,8419
2999398,18,55,1637,2013,40994.0,0.0,1.316207,0.972601,BEL,CUW,8419
2999399,32,55,1637,2013,7866.0,0.0,0.14765899999999998,0.399262,BRA,CUW,8419
2999400,39,55,1637,2013,3994.0,0.0,0.719649,1.017046,CAN,CUW,8419
2999401,42,55,1637,2013,36442.0,0.0,-0.260718,-0.38256100000000004,CHL,CUW,8419
2999402,43,55,1637,2013,306437.0,0.0,1.113767,1.477496,CHN,CUW,8419
2999403,49,55,1637,2013,32246.0,0.0,0.121799,-0.388239,COL,CUW,8419
2999404,61,55,1637,2013,51849.0,0.0,2.093658,-3.4281980000000005,DEU,CUW,8419
2999405,74,55,1637,2013,1904.0,0.0,1.734552,0.8896940000000001,FIN,CUW,8419
2999406,77,55,1637,2013,6454.0,0.0,1.520354,0.022874000000000002,FRA,CUW,8419
2999407,81,55,1637,2013,24002.0,0.0,1.7901259999999999,0.44164,GBR,CUW,8419
2999408,111,55,1637,2013,7267.0,0.0,1.289924,0.533436,ITA,CUW,8419
2999409,114,55,1637,2013,7583.0,0.0,2.3993130000000003,-0.564768,JPN,CUW,8419
2999410,138,55,1637,2013,960627.0,0.0,1.048507,0.718932,MEX,CUW,8419
2999411,147,55,1637,2013,0.0,27320.0,-1.326323,-1.050969,MOZ,CUW,8419
2999412,162,55,1637,2013,2800139.0,0.0,1.184107,1.249557,NLD,CUW,8419
2999413,205,55,1637,2013,3750.0,24158.0,-0.417865,-0.7600399999999999,SUR,CUW,8419
2999414,231,55,1637,2013,954962.0,0.0,1.6639689999999998,-0.48651300000000003,USA,CUW,8419
2999415,236,55,1637,2013,0.0,9504.0,-0.778172,-1.107059,VEN,CUW,8419
2999416,246,55,1637,2013,4327.0,0.0,0.380284,1.5682120000000002,ZAF,CUW,8419
2999417,4,59,1637,2013,0.0,864.0,-0.53682,-0.162391,ALB,CZE,8419
2999418,7,59,1637,2013,0.0,871710.0,-0.074047,-0.585168,ARE,CZE,8419
2999419,8,59,1637,2013,1625.0,439932.0,0.20314300000000002,0.494062,ARG,CZE,8419
2999420,9,59,1637,2013,0.0,87896.0,-0.076922,-0.5781390000000001,ARM,CZE,8419
2999421,14,59,1637,2013,0.0,473346.0,-0.31145700000000004,-0.167628,AUS,CZE,8419
2999422,15,59,1637,2013,14652157.0,8324805.0,1.7209240000000001,-0.286892,AUT,CZE,8419
2999423,16,59,1637,2013,0.0,127933.0,-0.9232870000000001,-1.165928,AZE,CZE,8419
2999424,18,59,1637,2013,7029488.0,9512933.0,1.316207,0.972601,BEL,CZE,8419
2999425,22,59,1637,2013,0.0,186426.0,-1.101916,-0.734646,BGD,CZE,8419
2999426,23,59,1637,2013,436608.0,1504866.0,0.5026109999999999,1.674296,BGR,CZE,8419
2999427,24,59,1637,2013,0.0,34714.0,0.249681,-0.6204270000000001,BHR,CZE,8419
2999428,26,59,1637,2013,18994.0,343255.0,0.46743199999999996,0.7340800000000001,BIH,CZE,8419
2999429,28,59,1637,2013,259698.0,12334046.0,1.036923,0.864568,BLR,CZE,8419
2999430,31,59,1637,2013,0.0,85722.0,-1.039614,-0.95663,BOL,CZE,8419
2999431,32,59,1637,2013,1822.0,776540.0,0.14765899999999998,0.399262,BRA,CZE,8419
2999432,34,59,1637,2013,0.0,2503.0,-0.866827,-0.795995,BRN,CZE,8419
2999433,39,59,1637,2013,493642.0,593387.0,0.719649,1.017046,CAN,CZE,8419
2999434,41,59,1637,2013,10066795.0,2532105.0,2.2104470000000003,0.5403479999999999,CHE,CZE,8419
2999435,42,59,1637,2013,0.0,336957.0,-0.260718,-0.38256100000000004,CHL,CZE,8419
2999436,43,59,1637,2013,1975906.0,3028382.0,1.113767,1.477496,CHN,CZE,8419
2999437,44,59,1637,2013,0.0,8614.0,-0.923558,-0.866642,CIV,CZE,8419
2999438,49,59,1637,2013,0.0,99345.0,0.121799,-0.388239,COL,CZE,8419
2999439,52,59,1637,2013,0.0,9204.0,0.067379,-0.688217,CRI,CZE,8419
2999440,54,59,1637,2013,0.0,4185.0,-0.019956,-0.7873319999999999,CUB,CZE,8419
2999441,58,59,1637,2013,21646.0,28774.0,0.502238,0.349608,CYP,CZE,8419
2999442,61,59,1637,2013,82556963.0,67520710.0,2.093658,-3.4281980000000005,DEU,CZE,8419
2999443,64,59,1637,2013,1802792.0,4640634.0,1.161835,1.1788450000000001,DNK,CZE,8419
2999444,66,59,1637,2013,0.0,1300681.0,-1.373947,-1.1523459999999999,DZA,CZE,8419
2999445,67,59,1637,2013,0.0,88793.0,-0.86546,-0.8888389999999999,ECU,CZE,8419
2999446,68,59,1637,2013,0.0,114706.0,-0.17418,1.692641,EGY,CZE,8419
2999447,71,59,1637,2013,5145050.0,7917352.0,0.861698,2.353993,ESP,CZE,8419
2999448,72,59,1637,2013,0.0,2912121.0,0.8828940000000001,1.386574,EST,CZE,8419
2999449,73,59,1637,2013,0.0,8982.0,-1.264002,-0.9594219999999999,ETH,CZE,8419
2999450,74,59,1637,2013,285170.0,2914487.0,1.734552,0.8896940000000001,FIN,CZE,8419
2999451,77,59,1637,2013,17165022.0,17726978.0,1.520354,0.022874000000000002,FRA,CZE,8419
2999452,78,59,1637,2013,0.0,5466.0,-0.370701,-0.815466,FRO,CZE,8419
2999453,81,59,1637,2013,9990679.0,10957375.0,1.7901259999999999,0.44164,GBR,CZE,8419
2999454,82,59,1637,2013,0.0,244973.0,-0.160691,-0.393419,GEO,CZE,8419
2999455,83,59,1637,2013,0.0,8803.0,-0.7316010000000001,-0.5327689999999999,GHA,CZE,8419
2999456,90,59,1637,2013,397825.0,300662.0,0.18823800000000002,0.910906,GRC,CZE,8419
2999457,93,59,1637,2013,0.0,154028.0,-0.41466499999999995,0.774788,GTM,CZE,8419
2999458,97,59,1637,2013,1663.0,124756.0,0.744383,1.923139,HKG,CZE,8419
2999459,100,59,1637,2013,178316.0,456915.0,0.898284,1.038807,HRV,CZE,8419
2999460,102,59,1637,2013,1578715.0,3149753.0,1.506101,0.7279220000000001,HUN,CZE,8419
2999461,103,59,1637,2013,24813.0,109577.0,-0.216854,1.415728,IDN,CZE,8419
2999462,104,59,1637,2013,324084.0,409225.0,0.215356,2.3916209999999998,IND,CZE,8419
2999463,106,59,1637,2013,403117.0,9472237.0,1.29988,0.240688,IRL,CZE,8419
2999464,107,59,1637,2013,0.0,132999.0,-0.339172,-0.237114,IRN,CZE,8419
2999465,108,59,1637,2013,0.0,492604.0,-2.839079,-0.8705440000000001,IRQ,CZE,8419
2999466,109,59,1637,2013,0.0,3844.0,0.259374,-0.20413299999999998,ISL,CZE,8419
2999467,110,59,1637,2013,272796.0,785107.0,1.197241,0.633828,ISR,CZE,8419
2999468,111,59,1637,2013,55883102.0,13842092.0,1.289924,0.533436,ITA,CZE,8419
2999469,113,59,1637,2013,0.0,98870.0,0.152659,0.5889979999999999,JOR,CZE,8419
2999470,114,59,1637,2013,5610941.0,445907.0,2.3993130000000003,-0.564768,JPN,CZE,8419
2999471,115,59,1637,2013,974428.0,10030949.0,-0.680678,-0.83347,KAZ,CZE,8419
2999472,116,59,1637,2013,0.0,17371.0,-0.448112,0.8672719999999999,KEN,CZE,8419
2999473,117,59,1637,2013,0.0,87372.0,-0.1035,0.339914,KGZ,CZE,8419
2999474,121,59,1637,2013,198904.0,1181235.0,1.818383,0.75645,KOR,CZE,8419
2999475,122,59,1637,2013,0.0,100569.0,-0.536384,-1.08382,KWT,CZE,8419
2999476,124,59,1637,2013,0.0,664058.0,0.283084,1.4289100000000001,LBN,CZE,8419
2999477,126,59,1637,2013,0.0,3693.0,-1.6241459999999999,-1.1817950000000002,LBY,CZE,8419
2999478,128,59,1637,2013,0.0,1978.0,-0.6521779999999999,0.41258599999999995,LKA,CZE,8419
2999479,130,59,1637,2013,0.0,2139924.0,0.737796,1.215543,LTU,CZE,8419
2999480,131,59,1637,2013,4732.0,423672.0,1.170459,1.150327,LUX,CZE,8419
2999481,132,59,1637,2013,51621.0,755751.0,0.6219439999999999,1.166749,LVA,CZE,8419
2999482,134,59,1637,2013,717.0,165328.0,-0.6494260000000001,-0.035075999999999996,MAR,CZE,8419
2999483,135,59,1637,2013,0.0,855169.0,-0.016235,0.132104,MDA,CZE,8419
2999484,137,59,1637,2013,0.0,41516.0,-0.21889699999999998,-0.776392,MDV,CZE,8419
2999485,138,59,1637,2013,49536.0,1902565.0,1.048507,0.718932,MEX,CZE,8419
2999486,140,59,1637,2013,0.0,5509.0,-0.10859400000000001,0.155229,MKD,CZE,8419
2999487,142,59,1637,2013,7452.0,111176.0,0.8519760000000001,-0.075869,MLT,CZE,8419
2999488,144,59,1637,2013,0.0,46545.0,-0.054454999999999996,-0.164875,MNE,CZE,8419
2999489,145,59,1637,2013,0.0,223271.0,-1.3270950000000001,-1.144547,MNG,CZE,8419
2999490,153,59,1637,2013,26822.0,153699.0,0.937641,0.747496,MYS,CZE,8419
2999491,159,59,1637,2013,0.0,430807.0,-1.745783,-1.1356680000000001,NGA,CZE,8419
2999492,162,59,1637,2013,12456591.0,18244575.0,1.184107,1.249557,NLD,CZE,8419
2999493,163,59,1637,2013,106008.0,740246.0,0.892099,0.18168399999999998,NOR,CZE,8419
2999494,166,59,1637,2013,0.0,74335.0,0.3345,0.39063000000000003,NZL,CZE,8419
2999495,167,59,1637,2013,0.0,196293.0,-0.604175,-1.0463209999999998,OMN,CZE,8419
2999496,168,59,1637,2013,0.0,157444.0,-0.75727,0.769703,PAK,CZE,8419
2999497,173,59,1637,2013,4293.0,462320.0,-0.573852,0.357977,PER,CZE,8419
2999498,174,59,1637,2013,0.0,14737.0,0.507868,0.355403,PHL,CZE,8419
2999499,177,59,1637,2013,32593280.0,20747716.0,1.084332,1.216749,POL,CZE,8419
2999500,179,59,1637,2013,600955.0,946817.0,0.541454,2.5228610000000002,PRT,CZE,8419
2999501,183,59,1637,2013,0.0,58195.0,-0.083649,-1.013491,QAT,CZE,8419
2999502,185,59,1637,2013,252949.0,3085227.0,0.792035,1.225034,ROU,CZE,8419
2999503,186,59,1637,2013,409391.0,114888950.0,0.481166,-0.180052,RUS,CZE,8419
2999504,188,59,1637,2013,0.0,3055807.0,0.626347,-0.844406,SAU,CZE,8419
2999505,191,59,1637,2013,0.0,3116.0,-0.523662,-0.309101,SEN,CZE,8419
2999506,192,59,1637,2013,155104.0,398540.0,1.915504,0.619576,SGP,CZE,8419
2999507,197,59,1637,2013,0.0,18736.0,-0.021029,0.381522,SLV,CZE,8419
2999508,201,59,1637,2013,42113.0,1145863.0,0.5717720000000001,1.174901,SRB,CZE,8419
2999509,206,59,1637,2013,9995896.0,27767469.0,1.32064,0.7519819999999999,SVK,CZE,8419
2999510,207,59,1637,2013,208902.0,344318.0,1.698374,0.563082,SVN,CZE,8419
2999511,208,59,1637,2013,9442007.0,8320601.0,1.869421,0.228109,SWE,CZE,8419
2999512,211,59,1637,2013,0.0,1302.0,0.270999,-0.474095,SYC,CZE,8419
2999513,215,59,1637,2013,0.0,5219.0,-0.598413,-0.49295200000000006,TGO,CZE,8419
2999514,216,59,1637,2013,4221.0,147783.0,0.8752139999999999,1.3798620000000001,THA,CZE,8419
2999515,223,59,1637,2013,0.0,317911.0,0.185528,1.0070700000000001,TUN,CZE,8419
2999516,224,59,1637,2013,605170.0,8779471.0,0.42932299999999995,2.690235,TUR,CZE,8419
2999517,226,59,1637,2013,0.0,3051.0,-0.9306770000000001,0.273489,TZA,CZE,8419
2999518,228,59,1637,2013,3482.0,8213066.0,0.657729,0.9063200000000001,UKR,CZE,8419
2999519,230,59,1637,2013,0.0,99095.0,0.20190999999999998,-0.19777999999999998,URY,CZE,8419
2999520,231,59,1637,2013,9266928.0,7337610.0,1.6639689999999998,-0.48651300000000003,USA,CZE,8419
2999521,232,59,1637,2013,0.0,685442.0,-0.748212,-0.567268,UZB,CZE,8419
2999522,236,59,1637,2013,0.0,85495.0,-0.778172,-1.107059,VEN,CZE,8419
2999523,237,59,1637,2013,0.0,63100.0,0.616863,-0.314222,VGB,CZE,8419
2999524,239,59,1637,2013,0.0,192509.0,-0.11426900000000001,1.399738,VNM,CZE,8419
2999525,243,59,1637,2013,0.0,116713.0,-1.252605,-1.207324,YEM,CZE,8419
2999526,246,59,1637,2013,0.0,271758.0,0.380284,1.5682120000000002,ZAF,CZE,8419
2999527,247,59,1637,2013,0.0,2079.0,-0.382129,-0.5442229999999999,ZMB,CZE,8419
2999528,249,59,1637,2013,79954.0,115026.0,1.843186,0.9432379999999999,TWN,CZE,8419
2999529,250,59,1637,2013,321955.0,0.0,0.628555,0.277602,ANS,CZE,8419
2999530,0,61,1637,2013,0.0,93749.0,0.913235,-0.149061,ABW,DEU,8419
2999531,1,61,1637,2013,0.0,128390.0,-0.985727,-0.7164550000000001,AFG,DEU,8419
2999532,2,61,1637,2013,9091.0,427905.0,-1.172043,-1.133735,AGO,DEU,8419
2999533,4,61,1637,2013,9411.0,193322.0,-0.53682,-0.162391,ALB,DEU,8419
2999534,5,61,1637,2013,0.0,28256.0,0.9666530000000001,-0.159606,AND,DEU,8419
2999535,7,61,1637,2013,3819578.0,29253016.0,-0.074047,-0.585168,ARE,DEU,8419
2999536,8,61,1637,2013,991896.0,14808079.0,0.20314300000000002,0.494062,ARG,DEU,8419
2999537,9,61,1637,2013,0.0,219850.0,-0.076922,-0.5781390000000001,ARM,DEU,8419
2999538,14,61,1637,2013,1097308.0,79676810.0,-0.31145700000000004,-0.167628,AUS,DEU,8419
2999539,15,61,1637,2013,169272110.0,223581213.0,1.7209240000000001,-0.286892,AUT,DEU,8419
2999540,16,61,1637,2013,399977.0,6145151.0,-0.9232870000000001,-1.165928,AZE,DEU,8419
2999541,17,61,1637,2013,0.0,115866.0,-0.824903,-0.906436,BDI,DEU,8419
2999542,18,61,1637,2013,67938608.0,187314808.0,1.316207,0.972601,BEL,DEU,8419
2999543,19,61,1637,2013,0.0,2152514.0,-0.919968,-0.90691,BEN,DEU,8419
2999544,20,61,1637,2013,0.0,2608.0,1.6446889999999998,-0.481741,BES,DEU,8419
2999545,21,61,1637,2013,0.0,599736.0,-0.9110360000000001,-0.852492,BFA,DEU,8419
2999546,22,61,1637,2013,46709.0,3676893.0,-1.101916,-0.734646,BGD,DEU,8419
2999547,23,61,1637,2013,3701463.0,11987838.0,0.5026109999999999,1.674296,BGR,DEU,8419
2999548,24,61,1637,2013,29416.0,1956600.0,0.249681,-0.6204270000000001,BHR,DEU,8419
2999549,25,61,1637,2013,0.0,116374.0,0.756732,-0.369842,BHS,DEU,8419
2999550,26,61,1637,2013,166845.0,1593774.0,0.46743199999999996,0.7340800000000001,BIH,DEU,8419
2999551,28,61,1637,2013,65836.0,30017854.0,1.036923,0.864568,BLR,DEU,8419
2999552,29,61,1637,2013,0.0,341029.0,-0.35218299999999997,-0.508891,BLZ,DEU,8419
2999553,30,61,1637,2013,0.0,5751.0,1.087677,-0.452984,BMU,DEU,8419
2999554,31,61,1637,2013,4873.0,2529463.0,-1.039614,-0.95663,BOL,DEU,8419
2999555,32,61,1637,2013,5933772.0,131370619.0,0.14765899999999998,0.399262,BRA,DEU,8419
2999556,33,61,1637,2013,0.0,141308.0,0.6969489999999999,0.135283,BRB,DEU,8419
2999557,34,61,1637,2013,11375.0,143943.0,-0.866827,-0.795995,BRN,DEU,8419
2999558,35,61,1637,2013,0.0,9098.0,-0.065218,-0.787495,BTN,DEU,8419
2999559,37,61,1637,2013,0.0,478705.0,-0.46761499999999995,-1.0842040000000002,BWA,DEU,8419
2999560,38,61,1637,2013,0.0,13054.0,-0.268604,-0.606101,CAF,DEU,8419
2999561,39,61,1637,2013,9752105.0,26522115.0,0.719649,1.017046,CAN,DEU,8419
2999562,41,61,1637,2013,330320046.0,260063885.0,2.2104470000000003,0.5403479999999999,CHE,DEU,8419
2999563,42,61,1637,2013,605597.0,22169945.0,-0.260718,-0.38256100000000004,CHL,DEU,8419
2999564,43,61,1637,2013,110040072.0,628673019.0,1.113767,1.477496,CHN,DEU,8419
2999565,44,61,1637,2013,0.0,2755184.0,-0.923558,-0.866642,CIV,DEU,8419
2999566,45,61,1637,2013,3174.0,1094006.0,-0.901531,-1.027111,CMR,DEU,8419
2999567,46,61,1637,2013,0.0,1721243.0,-1.300125,-1.0708010000000001,COD,DEU,8419
2999568,47,61,1637,2013,0.0,299883.0,-1.215681,-1.08679,COG,DEU,8419
2999569,49,61,1637,2013,11873.0,13720482.0,0.121799,-0.388239,COL,DEU,8419
2999570,51,61,1637,2013,0.0,126744.0,-0.75058,-0.8948219999999999,CPV,DEU,8419
2999571,52,61,1637,2013,18953.0,1918182.0,0.067379,-0.688217,CRI,DEU,8419
2999572,54,61,1637,2013,0.0,3182330.0,-0.019956,-0.7873319999999999,CUB,DEU,8419
2999573,55,61,1637,2013,0.0,51849.0,0.029981999999999998,-0.673439,CUW,DEU,8419
2999574,57,61,1637,2013,0.0,110130.0,0.391996,-0.73249,CYM,DEU,8419
2999575,58,61,1637,2013,0.0,8133040.0,0.502238,0.349608,CYP,DEU,8419
2999576,59,61,1637,2013,67520710.0,82556963.0,1.819653,-0.12423800000000002,CZE,DEU,8419
2999577,62,61,1637,2013,0.0,54329.0,-0.412843,-0.695916,DJI,DEU,8419
2999578,63,61,1637,2013,0.0,2640.0,0.054362,-0.156703,DMA,DEU,8419
2999579,64,61,1637,2013,71905546.0,61016920.0,1.161835,1.1788450000000001,DNK,DEU,8419
2999580,65,61,1637,2013,1300.0,2546684.0,-0.277269,0.432388,DOM,DEU,8419
2999581,66,61,1637,2013,0.0,12670383.0,-1.373947,-1.1523459999999999,DZA,DEU,8419
2999582,67,61,1637,2013,8676.0,15672513.0,-0.86546,-0.8888389999999999,ECU,DEU,8419
2999583,68,61,1637,2013,5455.0,21330834.0,-0.17418,1.692641,EGY,DEU,8419
2999584,69,61,1637,2013,0.0,87811.0,-1.227273,-0.9367340000000001,ERI,DEU,8419
2999585,71,61,1637,2013,47988867.0,134814753.0,0.861698,2.353993,ESP,DEU,8419
2999586,72,61,1637,2013,618909.0,16454833.0,0.8828940000000001,1.386574,EST,DEU,8419
2999587,73,61,1637,2013,264236.0,3644703.0,-1.264002,-0.9594219999999999,ETH,DEU,8419
2999588,74,61,1637,2013,14368992.0,60099122.0,1.734552,0.8896940000000001,FIN,DEU,8419
2999589,77,61,1637,2013,251835709.0,318382934.0,1.520354,0.022874000000000002,FRA,DEU,8419
2999590,78,61,1637,2013,0.0,36732.0,-0.370701,-0.815466,FRO,DEU,8419
2999591,80,61,1637,2013,0.0,174791.0,-1.6582830000000002,-1.155302,GAB,DEU,8419
2999592,81,61,1637,2013,47399223.0,222875752.0,1.7901259999999999,0.44164,GBR,DEU,8419
2999593,82,61,1637,2013,39367.0,1187987.0,-0.160691,-0.393419,GEO,DEU,8419
2999594,83,61,1637,2013,24451.0,2425119.0,-0.7316010000000001,-0.5327689999999999,GHA,DEU,8419
2999595,84,61,1637,2013,0.0,23977.0,0.991136,-0.603793,GIB,DEU,8419
2999596,85,61,1637,2013,0.0,26193.0,-1.1287459999999998,-1.069735,GIN,DEU,8419
2999597,87,61,1637,2013,7682.0,8405.0,-0.5571550000000001,-0.6860310000000001,GMB,DEU,8419
2999598,89,61,1637,2013,0.0,89215.0,-1.521575,-0.814708,GNQ,DEU,8419
2999599,90,61,1637,2013,1364373.0,12899680.0,0.18823800000000002,0.910906,GRC,DEU,8419
2999600,91,61,1637,2013,0.0,69026.0,0.073206,-0.567926,GRD,DEU,8419
2999601,92,61,1637,2013,0.0,11153.0,-0.801617,-0.8734120000000001,GRL,DEU,8419
2999602,93,61,1637,2013,21162.0,897361.0,-0.41466499999999995,0.774788,GTM,DEU,8419
2999603,95,61,1637,2013,0.0,8565.0,0.483541,0.281968,GUM,DEU,8419
2999604,96,61,1637,2013,0.0,2789556.0,-0.8555590000000001,-0.9744450000000001,GUY,DEU,8419
2999605,97,61,1637,2013,779543.0,25905691.0,0.744383,1.923139,HKG,DEU,8419
2999606,99,61,1637,2013,0.0,2613234.0,-0.731431,-0.310927,HND,DEU,8419
2999607,100,61,1637,2013,1242463.0,15077647.0,0.898284,1.038807,HRV,DEU,8419
2999608,101,61,1637,2013,0.0,54183.0,-1.095392,-0.957326,HTI,DEU,8419
2999609,102,61,1637,2013,139604588.0,51511429.0,1.506101,0.7279220000000001,HUN,DEU,8419
2999610,103,61,1637,2013,1817448.0,66789740.0,-0.216854,1.415728,IDN,DEU,8419
2999611,104,61,1637,2013,12257679.0,102231789.0,0.215356,2.3916209999999998,IND,DEU,8419
2999612,106,61,1637,2013,1756011.0,39817917.0,1.29988,0.240688,IRL,DEU,8419
2999613,107,61,1637,2013,2593.0,15876096.0,-0.339172,-0.237114,IRN,DEU,8419
2999614,108,61,1637,2013,17104.0,20466818.0,-2.839079,-0.8705440000000001,IRQ,DEU,8419
2999615,109,61,1637,2013,1710.0,2363397.0,0.259374,-0.20413299999999998,ISL,DEU,8419
2999616,110,61,1637,2013,5710154.0,27328341.0,1.197241,0.633828,ISR,DEU,8419
2999617,111,61,1637,2013,317534578.0,171031154.0,1.289924,0.533436,ITA,DEU,8419
2999618,112,61,1637,2013,0.0,309110.0,-0.541441,-0.8448559999999999,JAM,DEU,8419
2999619,113,61,1637,2013,38746.0,3659818.0,0.152659,0.5889979999999999,JOR,DEU,8419
2999620,114,61,1637,2013,12763644.0,128256703.0,2.3993130000000003,-0.564768,JPN,DEU,8419
2999621,115,61,1637,2013,125996.0,23049253.0,-0.680678,-0.83347,KAZ,DEU,8419
2999622,116,61,1637,2013,3591.0,2718071.0,-0.448112,0.8672719999999999,KEN,DEU,8419
2999623,117,61,1637,2013,0.0,623737.0,-0.1035,0.339914,KGZ,DEU,8419
2999624,118,61,1637,2013,0.0,98026.0,-1.054758,-0.872352,KHM,DEU,8419
2999625,120,61,1637,2013,0.0,13606.0,0.8500270000000001,-0.390234,KNA,DEU,8419
2999626,121,61,1637,2013,8479201.0,152765396.0,1.818383,0.75645,KOR,DEU,8419
2999627,122,61,1637,2013,150215.0,5046075.0,-0.536384,-1.08382,KWT,DEU,8419
2999628,123,61,1637,2013,0.0,444138.0,-1.204446,-0.8571489999999999,LAO,DEU,8419
2999629,124,61,1637,2013,49308.0,2908017.0,0.283084,1.4289100000000001,LBN,DEU,8419
2999630,125,61,1637,2013,35965.0,2424258.0,-0.41869399999999996,-0.9538770000000001,LBR,DEU,8419
2999631,126,61,1637,2013,27695.0,5330930.0,-1.6241459999999999,-1.1817950000000002,LBY,DEU,8419
2999632,127,61,1637,2013,0.0,17485.0,0.265129,-0.5083949999999999,LCA,DEU,8419
2999633,128,61,1637,2013,62165.0,1202758.0,-0.6521779999999999,0.41258599999999995,LKA,DEU,8419
2999634,130,61,1637,2013,791898.0,16812705.0,0.737796,1.215543,LTU,DEU,8419
2999635,131,61,1637,2013,795493.0,21771640.0,1.170459,1.150327,LUX,DEU,8419
2999636,132,61,1637,2013,4568245.0,9621191.0,0.6219439999999999,1.166749,LVA,DEU,8419
2999637,133,61,1637,2013,524996.0,29396.0,0.252209,0.184401,MAC,DEU,8419
2999638,134,61,1637,2013,13512.0,4382731.0,-0.6494260000000001,-0.035075999999999996,MAR,DEU,8419
2999639,135,61,1637,2013,98636.0,1830036.0,-0.016235,0.132104,MDA,DEU,8419
2999640,136,61,1637,2013,0.0,623480.0,-1.068565,-0.364254,MDG,DEU,8419
2999641,137,61,1637,2013,0.0,184145.0,-0.21889699999999998,-0.776392,MDV,DEU,8419
2999642,138,61,1637,2013,1865395.0,74682144.0,1.048507,0.718932,MEX,DEU,8419
2999643,140,61,1637,2013,195472.0,8677119.0,-0.10859400000000001,0.155229,MKD,DEU,8419
2999644,141,61,1637,2013,0.0,488314.0,-1.183671,-1.069504,MLI,DEU,8419
2999645,142,61,1637,2013,3791593.0,752545.0,0.8519760000000001,-0.075869,MLT,DEU,8419
2999646,143,61,1637,2013,0.0,872287.0,-1.230787,-0.737375,MMR,DEU,8419
2999647,144,61,1637,2013,0.0,617247.0,-0.054454999999999996,-0.164875,MNE,DEU,8419
2999648,145,61,1637,2013,63335.0,2651991.0,-1.3270950000000001,-1.144547,MNG,DEU,8419
2999649,147,61,1637,2013,0.0,52616.0,-1.326323,-1.050969,MOZ,DEU,8419
2999650,148,61,1637,2013,0.0,104412.0,-1.950532,-1.283104,MRT,DEU,8419
2999651,151,61,1637,2013,0.0,497851.0,-0.158852,0.0061600000000000005,MUS,DEU,8419
2999652,152,61,1637,2013,0.0,21466.0,-0.8992120000000001,-0.862175,MWI,DEU,8419
2999653,153,61,1637,2013,3954543.0,52430220.0,0.937641,0.747496,MYS,DEU,8419
2999654,154,61,1637,2013,0.0,1714.0,0.9851690000000001,-0.504069,MYT,DEU,8419
2999655,155,61,1637,2013,0.0,2211970.0,-0.308643,-0.480617,NAM,DEU,8419
2999656,156,61,1637,2013,0.0,143776.0,-0.136052,-0.703913,NCL,DEU,8419
2999657,157,61,1637,2013,0.0,8880.0,-1.268738,-0.942256,NER,DEU,8419
2999658,159,61,1637,2013,32676.0,15696349.0,-1.745783,-1.1356680000000001,NGA,DEU,8419
2999659,160,61,1637,2013,0.0,251505.0,-0.9277,-0.6842630000000001,NIC,DEU,8419
2999660,162,61,1637,2013,179620852.0,230141190.0,1.184107,1.249557,NLD,DEU,8419
2999661,163,61,1637,2013,807315.0,62100390.0,0.892099,0.18168399999999998,NOR,DEU,8419
2999662,164,61,1637,2013,0.0,43544.0,-0.293669,0.677365,NPL,DEU,8419
2999663,166,61,1637,2013,219273.0,21401934.0,0.3345,0.39063000000000003,NZL,DEU,8419
2999664,167,61,1637,2013,37469.0,17016478.0,-0.604175,-1.0463209999999998,OMN,DEU,8419
2999665,168,61,1637,2013,142023.0,6021320.0,-0.75727,0.769703,PAK,DEU,8419
2999666,169,61,1637,2013,42915.0,2299202.0,0.735637,1.161718,PAN,DEU,8419
2999667,173,61,1637,2013,7403.0,9518623.0,-0.573852,0.357977,PER,DEU,8419
2999668,174,61,1637,2013,11289636.0,11348970.0,0.507868,0.355403,PHL,DEU,8419
2999669,176,61,1637,2013,0.0,218243.0,-1.444244,-1.144231,PNG,DEU,8419
2999670,177,61,1637,2013,173681907.0,174873750.0,1.084332,1.216749,POL,DEU,8419
2999671,178,61,1637,2013,0.0,50684.0,-0.414538,-0.22449299999999997,PRK,DEU,8419
2999672,179,61,1637,2013,28605905.0,25898640.0,0.541454,2.5228610000000002,PRT,DEU,8419
2999673,180,61,1637,2013,0.0,1839788.0,-0.566239,-0.9273459999999999,PRY,DEU,8419
2999674,181,61,1637,2013,0.0,832235.0,0.072979,0.7099260000000001,PSE,DEU,8419
2999675,182,61,1637,2013,15683.0,51701.0,-0.146044,-0.7055359999999999,PYF,DEU,8419
2999676,183,61,1637,2013,1084.0,19601672.0,-0.083649,-1.013491,QAT,DEU,8419
2999677,185,61,1637,2013,24161913.0,32779935.0,0.792035,1.225034,ROU,DEU,8419
2999678,186,61,1637,2013,6176095.0,347846137.0,0.481166,-0.180052,RUS,DEU,8419
2999679,187,61,1637,2013,0.0,972485.0,-0.490519,-0.48427700000000007,RWA,DEU,8419
2999680,188,61,1637,2013,527001.0,143691680.0,0.626347,-0.844406,SAU,DEU,8419
2999681,190,61,1637,2013,22741.0,489999.0,-1.254944,-1.073564,SDN,DEU,8419
2999682,191,61,1637,2013,0.0,1159446.0,-0.523662,-0.309101,SEN,DEU,8419
2999683,192,61,1637,2013,4700083.0,68730562.0,1.915504,0.619576,SGP,DEU,8419
2999684,195,61,1637,2013,0.0,1059.0,-0.9350860000000001,-0.877676,SLB,DEU,8419
2999685,196,61,1637,2013,0.0,56208.0,-0.132082,-0.552921,SLE,DEU,8419
2999686,197,61,1637,2013,0.0,450754.0,-0.021029,0.381522,SLV,DEU,8419
2999687,199,61,1637,2013,0.0,1525.0,-1.194368,-0.915163,SOM,DEU,8419
2999688,200,61,1637,2013,0.0,552260.0,0.000466,-0.672524,SPM,DEU,8419
2999689,201,61,1637,2013,167839.0,9322316.0,0.5717720000000001,1.174901,SRB,DEU,8419
2999690,202,61,1637,2013,0.0,66901.0,-2.57,-0.8567969999999999,SSD,DEU,8419
2999691,205,61,1637,2013,0.0,285270.0,-0.417865,-0.7600399999999999,SUR,DEU,8419
2999692,206,61,1637,2013,45406184.0,35680255.0,1.32064,0.7519819999999999,SVK,DEU,8419
2999693,207,61,1637,2013,10093972.0,17532370.0,1.698374,0.563082,SVN,DEU,8419
2999694,208,61,1637,2013,115986887.0,75633853.0,1.869421,0.228109,SWE,DEU,8419
2999695,209,61,1637,2013,0.0,831509.0,0.109267,-0.275005,SWZ,DEU,8419
2999696,210,61,1637,2013,0.0,58721.0,0.5512090000000001,-0.22818400000000003,SXM,DEU,8419
2999697,211,61,1637,2013,0.0,273732.0,0.270999,-0.474095,SYC,DEU,8419
2999698,212,61,1637,2013,0.0,474714.0,-0.14343399999999998,1.077256,SYR,DEU,8419
2999699,214,61,1637,2013,0.0,19507.0,-2.800677,-0.9466969999999999,TCD,DEU,8419
2999700,215,61,1637,2013,0.0,3979835.0,-0.598413,-0.49295200000000006,TGO,DEU,8419
2999701,216,61,1637,2013,1481126.0,40165852.0,0.8752139999999999,1.3798620000000001,THA,DEU,8419
2999702,217,61,1637,2013,0.0,387291.0,-1.2512889999999999,-1.16402,TJK,DEU,8419
2999703,219,61,1637,2013,5614.0,5607945.0,-1.6186770000000001,-1.2210969999999999,TKM,DEU,8419
2999704,221,61,1637,2013,0.0,215195.0,0.183053,-0.345657,TON,DEU,8419
2999705,222,61,1637,2013,9270.0,5112635.0,-0.280641,-1.083332,TTO,DEU,8419
2999706,223,61,1637,2013,159739.0,4877507.0,0.185528,1.0070700000000001,TUN,DEU,8419
2999707,224,61,1637,2013,16911279.0,114206049.0,0.42932299999999995,2.690235,TUR,DEU,8419
2999708,226,61,1637,2013,0.0,2456077.0,-0.9306770000000001,0.273489,TZA,DEU,8419
2999709,227,61,1637,2013,0.0,1411854.0,-0.5462279999999999,0.200682,UGA,DEU,8419
2999710,228,61,1637,2013,1069080.0,52305175.0,0.657729,0.9063200000000001,UKR,DEU,8419
2999711,230,61,1637,2013,24663.0,1853117.0,0.20190999999999998,-0.19777999999999998,URY,DEU,8419
2999712,231,61,1637,2013,121863892.0,462027485.0,1.6639689999999998,-0.48651300000000003,USA,DEU,8419
2999713,232,61,1637,2013,284944.0,16438484.0,-0.748212,-0.567268,UZB,DEU,8419
2999714,234,61,1637,2013,0.0,9790.0,0.193198,-0.23631799999999997,VCT,DEU,8419
2999715,236,61,1637,2013,4307.0,8435026.0,-0.778172,-1.107059,VEN,DEU,8419
2999716,237,61,1637,2013,0.0,6043.0,0.616863,-0.314222,VGB,DEU,8419
2999717,239,61,1637,2013,389270.0,34907925.0,-0.11426900000000001,1.399738,VNM,DEU,8419
2999718,242,61,1637,2013,0.0,36731.0,0.824724,0.056441,WSM,DEU,8419
2999719,243,61,1637,2013,22869.0,643573.0,-1.252605,-1.207324,YEM,DEU,8419
2999720,246,61,1637,2013,433543.0,74114373.0,0.380284,1.5682120000000002,ZAF,DEU,8419
2999721,247,61,1637,2013,0.0,3428953.0,-0.382129,-0.5442229999999999,ZMB,DEU,8419
2999722,248,61,1637,2013,0.0,28141.0,-0.828702,-0.899175,ZWE,DEU,8419
2999723,249,61,1637,2013,3375592.0,62846310.0,1.843186,0.9432379999999999,TWN,DEU,8419
2999724,250,61,1637,2013,0.0,500898.0,0.628555,0.277602,ANS,DEU,8419
2999725,1,64,1637,2013,0.0,14551.0,-0.985727,-0.7164550000000001,AFG,DNK,8419
2999726,2,64,1637,2013,0.0,35692.0,-1.172043,-1.133735,AGO,DNK,8419
2999727,7,64,1637,2013,26818.0,9231512.0,-0.074047,-0.585168,ARE,DNK,8419
2999728,8,64,1637,2013,0.0,1456612.0,0.20314300000000002,0.494062,ARG,DNK,8419
2999729,9,64,1637,2013,0.0,8003.0,-0.076922,-0.5781390000000001,ARM,DNK,8419
2999730,13,64,1637,2013,0.0,21644.0,0.096563,-0.60577,ATG,DNK,8419
2999731,14,64,1637,2013,84403.0,4604338.0,-0.31145700000000004,-0.167628,AUS,DNK,8419
2999732,15,64,1637,2013,3337386.0,6730793.0,1.7209240000000001,-0.286892,AUT,DNK,8419
2999733,16,64,1637,2013,0.0,9357.0,-0.9232870000000001,-1.165928,AZE,DNK,8419
2999734,18,64,1637,2013,3851612.0,4198821.0,1.316207,0.972601,BEL,DNK,8419
2999735,21,64,1637,2013,0.0,1329.0,-0.9110360000000001,-0.852492,BFA,DNK,8419
2999736,22,64,1637,2013,0.0,218029.0,-1.101916,-0.734646,BGD,DNK,8419
2999737,23,64,1637,2013,4200288.0,641662.0,0.5026109999999999,1.674296,BGR,DNK,8419
2999738,24,64,1637,2013,0.0,64865.0,0.249681,-0.6204270000000001,BHR,DNK,8419
2999739,25,64,1637,2013,0.0,6451.0,0.756732,-0.369842,BHS,DNK,8419
2999740,26,64,1637,2013,0.0,76771.0,0.46743199999999996,0.7340800000000001,BIH,DNK,8419
2999741,28,64,1637,2013,0.0,1302873.0,1.036923,0.864568,BLR,DNK,8419
2999742,31,64,1637,2013,0.0,30508.0,-1.039614,-0.95663,BOL,DNK,8419
2999743,32,64,1637,2013,803625.0,6447632.0,0.14765899999999998,0.399262,BRA,DNK,8419
2999744,34,64,1637,2013,0.0,20880.0,-0.866827,-0.795995,BRN,DNK,8419
2999745,39,64,1637,2013,72678.0,2418650.0,0.719649,1.017046,CAN,DNK,8419
2999746,41,64,1637,2013,11202209.0,5558991.0,2.2104470000000003,0.5403479999999999,CHE,DNK,8419
2999747,42,64,1637,2013,28687.0,9999267.0,-0.260718,-0.38256100000000004,CHL,DNK,8419
2999748,43,64,1637,2013,8952204.0,47921835.0,1.113767,1.477496,CHN,DNK,8419
2999749,44,64,1637,2013,0.0,386977.0,-0.923558,-0.866642,CIV,DNK,8419
2999750,45,64,1637,2013,0.0,13365.0,-0.901531,-1.027111,CMR,DNK,8419
2999751,49,64,1637,2013,0.0,372279.0,0.121799,-0.388239,COL,DNK,8419
2999752,52,64,1637,2013,0.0,287605.0,0.067379,-0.688217,CRI,DNK,8419
2999753,58,64,1637,2013,0.0,187748.0,0.502238,0.349608,CYP,DNK,8419
2999754,59,64,1637,2013,4640634.0,1802792.0,1.819653,-0.12423800000000002,CZE,DNK,8419
2999755,61,64,1637,2013,61016920.0,71905546.0,2.093658,-3.4281980000000005,DEU,DNK,8419
2999756,65,64,1637,2013,0.0,81078.0,-0.277269,0.432388,DOM,DNK,8419
2999757,66,64,1637,2013,0.0,297894.0,-1.373947,-1.1523459999999999,DZA,DNK,8419
2999758,67,64,1637,2013,0.0,452372.0,-0.86546,-0.8888389999999999,ECU,DNK,8419
2999759,68,64,1637,2013,0.0,2443214.0,-0.17418,1.692641,EGY,DNK,8419
2999760,71,64,1637,2013,1169178.0,11293540.0,0.861698,2.353993,ESP,DNK,8419
2999761,72,64,1637,2013,174496.0,2443908.0,0.8828940000000001,1.386574,EST,DNK,8419
2999762,73,64,1637,2013,0.0,19321.0,-1.264002,-0.9594219999999999,ETH,DNK,8419
2999763,74,64,1637,2013,2770879.0,14139814.0,1.734552,0.8896940000000001,FIN,DNK,8419
2999764,77,64,1637,2013,6208504.0,16397596.0,1.520354,0.022874000000000002,FRA,DNK,8419
2999765,78,64,1637,2013,6925.0,720749.0,-0.370701,-0.815466,FRO,DNK,8419
2999766,81,64,1637,2013,8629525.0,36731503.0,1.7901259999999999,0.44164,GBR,DNK,8419
2999767,83,64,1637,2013,0.0,18222.0,-0.7316010000000001,-0.5327689999999999,GHA,DNK,8419
2999768,84,64,1637,2013,0.0,1462.0,0.991136,-0.603793,GIB,DNK,8419
2999769,85,64,1637,2013,0.0,5071.0,-1.1287459999999998,-1.069735,GIN,DNK,8419
2999770,87,64,1637,2013,0.0,798.0,-0.5571550000000001,-0.6860310000000001,GMB,DNK,8419
2999771,89,64,1637,2013,0.0,6579.0,-1.521575,-0.814708,GNQ,DNK,8419
2999772,90,64,1637,2013,138693.0,886307.0,0.18823800000000002,0.910906,GRC,DNK,8419
2999773,92,64,1637,2013,1428.0,479328.0,-0.801617,-0.8734120000000001,GRL,DNK,8419
2999774,93,64,1637,2013,0.0,1628.0,-0.41466499999999995,0.774788,GTM,DNK,8419
2999775,95,64,1637,2013,0.0,144337.0,0.483541,0.281968,GUM,DNK,8419
2999776,97,64,1637,2013,281564.0,1957394.0,0.744383,1.923139,HKG,DNK,8419
2999777,99,64,1637,2013,0.0,370248.0,-0.731431,-0.310927,HND,DNK,8419
2999778,100,64,1637,2013,21487.0,1068964.0,0.898284,1.038807,HRV,DNK,8419
2999779,102,64,1637,2013,1099914.0,5921016.0,1.506101,0.7279220000000001,HUN,DNK,8419
2999780,103,64,1637,2013,5743.0,2943720.0,-0.216854,1.415728,IDN,DNK,8419
2999781,104,64,1637,2013,806586.0,5497590.0,0.215356,2.3916209999999998,IND,DNK,8419
2999782,106,64,1637,2013,758072.0,30985980.0,1.29988,0.240688,IRL,DNK,8419
2999783,107,64,1637,2013,0.0,7404.0,-0.339172,-0.237114,IRN,DNK,8419
2999784,108,64,1637,2013,0.0,13355.0,-2.839079,-0.8705440000000001,IRQ,DNK,8419
2999785,109,64,1637,2013,1185.0,3611567.0,0.259374,-0.20413299999999998,ISL,DNK,8419
2999786,110,64,1637,2013,80551.0,964243.0,1.197241,0.633828,ISR,DNK,8419
2999787,111,64,1637,2013,20366608.0,21072583.0,1.289924,0.533436,ITA,DNK,8419
2999788,112,64,1637,2013,0.0,329294.0,-0.541441,-0.8448559999999999,JAM,DNK,8419
2999789,113,64,1637,2013,4672.0,18882.0,0.152659,0.5889979999999999,JOR,DNK,8419
2999790,114,64,1637,2013,200694.0,4185742.0,2.3993130000000003,-0.564768,JPN,DNK,8419
2999791,115,64,1637,2013,0.0,763843.0,-0.680678,-0.83347,KAZ,DNK,8419
2999792,116,64,1637,2013,0.0,77680.0,-0.448112,0.8672719999999999,KEN,DNK,8419
2999793,117,64,1637,2013,0.0,1669.0,-0.1035,0.339914,KGZ,DNK,8419
2999794,118,64,1637,2013,0.0,37372.0,-1.054758,-0.872352,KHM,DNK,8419
2999795,121,64,1637,2013,794303.0,34340920.0,1.818383,0.75645,KOR,DNK,8419
2999796,122,64,1637,2013,0.0,59941.0,-0.536384,-1.08382,KWT,DNK,8419
2999797,123,64,1637,2013,0.0,50818.0,-1.204446,-0.8571489999999999,LAO,DNK,8419
2999798,124,64,1637,2013,1121.0,400400.0,0.283084,1.4289100000000001,LBN,DNK,8419
2999799,126,64,1637,2013,0.0,34219.0,-1.6241459999999999,-1.1817950000000002,LBY,DNK,8419
2999800,128,64,1637,2013,0.0,129448.0,-0.6521779999999999,0.41258599999999995,LKA,DNK,8419
2999801,130,64,1637,2013,98615.0,2066958.0,0.737796,1.215543,LTU,DNK,8419
2999802,131,64,1637,2013,11991.0,12350.0,1.170459,1.150327,LUX,DNK,8419
2999803,132,64,1637,2013,1196909.0,2387123.0,0.6219439999999999,1.166749,LVA,DNK,8419
2999804,134,64,1637,2013,0.0,1512937.0,-0.6494260000000001,-0.035075999999999996,MAR,DNK,8419
2999805,135,64,1637,2013,0.0,20139.0,-0.016235,0.132104,MDA,DNK,8419
2999806,138,64,1637,2013,85658.0,4093787.0,1.048507,0.718932,MEX,DNK,8419
2999807,140,64,1637,2013,0.0,59956.0,-0.10859400000000001,0.155229,MKD,DNK,8419
2999808,142,64,1637,2013,2871.0,50333.0,0.8519760000000001,-0.075869,MLT,DNK,8419
2999809,145,64,1637,2013,0.0,215249.0,-1.3270950000000001,-1.144547,MNG,DNK,8419
2999810,147,64,1637,2013,0.0,17390.0,-1.326323,-1.050969,MOZ,DNK,8419
2999811,148,64,1637,2013,0.0,48750.0,-1.950532,-1.283104,MRT,DNK,8419
2999812,151,64,1637,2013,0.0,17046.0,-0.158852,0.0061600000000000005,MUS,DNK,8419
2999813,152,64,1637,2013,0.0,238754.0,-0.8992120000000001,-0.862175,MWI,DNK,8419
2999814,153,64,1637,2013,979126.0,4085357.0,0.937641,0.747496,MYS,DNK,8419
2999815,155,64,1637,2013,0.0,4664.0,-0.308643,-0.480617,NAM,DNK,8419
2999816,156,64,1637,2013,0.0,38301.0,-0.136052,-0.703913,NCL,DNK,8419
2999817,159,64,1637,2013,9449.0,330191.0,-1.745783,-1.1356680000000001,NGA,DNK,8419
2999818,160,64,1637,2013,0.0,11121.0,-0.9277,-0.6842630000000001,NIC,DNK,8419
2999819,162,64,1637,2013,16010010.0,20978215.0,1.184107,1.249557,NLD,DNK,8419
2999820,163,64,1637,2013,2458105.0,39496901.0,0.892099,0.18168399999999998,NOR,DNK,8419
2999821,166,64,1637,2013,33530.0,1644944.0,0.3345,0.39063000000000003,NZL,DNK,8419
2999822,167,64,1637,2013,0.0,266229.0,-0.604175,-1.0463209999999998,OMN,DNK,8419
2999823,168,64,1637,2013,83846.0,401259.0,-0.75727,0.769703,PAK,DNK,8419
2999824,169,64,1637,2013,0.0,288261.0,0.735637,1.161718,PAN,DNK,8419
2999825,173,64,1637,2013,0.0,1594871.0,-0.573852,0.357977,PER,DNK,8419
2999826,174,64,1637,2013,0.0,1089980.0,0.507868,0.355403,PHL,DNK,8419
2999827,177,64,1637,2013,20728440.0,13736261.0,1.084332,1.216749,POL,DNK,8419
2999828,179,64,1637,2013,1464994.0,159061.0,0.541454,2.5228610000000002,PRT,DNK,8419
2999829,180,64,1637,2013,0.0,162322.0,-0.566239,-0.9273459999999999,PRY,DNK,8419
2999830,182,64,1637,2013,0.0,23119.0,-0.146044,-0.7055359999999999,PYF,DNK,8419
2999831,183,64,1637,2013,0.0,157972.0,-0.083649,-1.013491,QAT,DNK,8419
2999832,185,64,1637,2013,4825783.0,3040411.0,0.792035,1.225034,ROU,DNK,8419
2999833,186,64,1637,2013,13928.0,29497882.0,0.481166,-0.180052,RUS,DNK,8419
2999834,188,64,1637,2013,3227.0,1457649.0,0.626347,-0.844406,SAU,DNK,8419
2999835,190,64,1637,2013,0.0,38803.0,-1.254944,-1.073564,SDN,DNK,8419
2999836,191,64,1637,2013,0.0,113046.0,-0.523662,-0.309101,SEN,DNK,8419
2999837,192,64,1637,2013,69556.0,16785324.0,1.915504,0.619576,SGP,DNK,8419
2999838,197,64,1637,2013,0.0,52984.0,-0.021029,0.381522,SLV,DNK,8419
2999839,198,64,1637,2013,1230.0,0.0,1.108559,0.569782,SMR,DNK,8419
2999840,201,64,1637,2013,4543.0,1782011.0,0.5717720000000001,1.174901,SRB,DNK,8419
2999841,206,64,1637,2013,682205.0,1614083.0,1.32064,0.7519819999999999,SVK,DNK,8419
2999842,207,64,1637,2013,16482136.0,919904.0,1.698374,0.563082,SVN,DNK,8419
2999843,208,64,1637,2013,46627088.0,38132379.0,1.869421,0.228109,SWE,DNK,8419
2999844,211,64,1637,2013,0.0,4816.0,0.270999,-0.474095,SYC,DNK,8419
2999845,215,64,1637,2013,0.0,8168.0,-0.598413,-0.49295200000000006,TGO,DNK,8419
2999846,216,64,1637,2013,43431.0,4990004.0,0.8752139999999999,1.3798620000000001,THA,DNK,8419
2999847,222,64,1637,2013,0.0,98006.0,-0.280641,-1.083332,TTO,DNK,8419
2999848,223,64,1637,2013,5872.0,1187094.0,0.185528,1.0070700000000001,TUN,DNK,8419
2999849,224,64,1637,2013,905745.0,12095822.0,0.42932299999999995,2.690235,TUR,DNK,8419
2999850,226,64,1637,2013,0.0,28282.0,-0.9306770000000001,0.273489,TZA,DNK,8419
2999851,227,64,1637,2013,0.0,221874.0,-0.5462279999999999,0.200682,UGA,DNK,8419
2999852,228,64,1637,2013,0.0,4358871.0,0.657729,0.9063200000000001,UKR,DNK,8419
2999853,230,64,1637,2013,69075.0,1608594.0,0.20190999999999998,-0.19777999999999998,URY,DNK,8419
2999854,231,64,1637,2013,9726093.0,18779502.0,1.6639689999999998,-0.48651300000000003,USA,DNK,8419
2999855,232,64,1637,2013,0.0,609932.0,-0.748212,-0.567268,UZB,DNK,8419
2999856,236,64,1637,2013,0.0,80198.0,-0.778172,-1.107059,VEN,DNK,8419
2999857,239,64,1637,2013,3662812.0,2369113.0,-0.11426900000000001,1.399738,VNM,DNK,8419
2999858,243,64,1637,2013,0.0,13367.0,-1.252605,-1.207324,YEM,DNK,8419
2999859,246,64,1637,2013,48561.0,3604979.0,0.380284,1.5682120000000002,ZAF,DNK,8419
2999860,247,64,1637,2013,0.0,17646.0,-0.382129,-0.5442229999999999,ZMB,DNK,8419
2999861,248,64,1637,2013,0.0,4032.0,-0.828702,-0.899175,ZWE,DNK,8419
2999862,249,64,1637,2013,150740.0,1866164.0,1.843186,0.9432379999999999,TWN,DNK,8419
2999863,250,64,1637,2013,0.0,2817.0,0.628555,0.277602,ANS,DNK,8419
2999864,7,65,1637,2013,0.0,1220.0,-0.074047,-0.585168,ARE,DOM,8419
2999865,8,65,1637,2013,331700.0,0.0,0.20314300000000002,0.494062,ARG,DOM,8419
2999866,13,65,1637,2013,11623.0,0.0,0.096563,-0.60577,ATG,DOM,8419
2999867,14,65,1637,2013,34911.0,0.0,-0.31145700000000004,-0.167628,AUS,DOM,8419
2999868,15,65,1637,2013,44558.0,0.0,1.7209240000000001,-0.286892,AUT,DOM,8419
2999869,18,65,1637,2013,40305.0,0.0,1.316207,0.972601,BEL,DOM,8419
2999870,32,65,1637,2013,692676.0,490219.0,0.14765899999999998,0.399262,BRA,DOM,8419
2999871,39,65,1637,2013,138758.0,0.0,0.719649,1.017046,CAN,DOM,8419
2999872,41,65,1637,2013,31865.0,0.0,2.2104470000000003,0.5403479999999999,CHE,DOM,8419
2999873,42,65,1637,2013,13699.0,0.0,-0.260718,-0.38256100000000004,CHL,DOM,8419
2999874,43,65,1637,2013,2050873.0,0.0,1.113767,1.477496,CHN,DOM,8419
2999875,49,65,1637,2013,25110.0,21265.0,0.121799,-0.388239,COL,DOM,8419
2999876,61,65,1637,2013,2546684.0,1300.0,2.093658,-3.4281980000000005,DEU,DOM,8419
2999877,64,65,1637,2013,81078.0,0.0,1.161835,1.1788450000000001,DNK,DOM,8419
2999878,67,65,1637,2013,25402.0,681.0,-0.86546,-0.8888389999999999,ECU,DOM,8419
2999879,71,65,1637,2013,1326896.0,0.0,0.861698,2.353993,ESP,DOM,8419
2999880,72,65,1637,2013,3784.0,0.0,0.8828940000000001,1.386574,EST,DOM,8419
2999881,74,65,1637,2013,18568.0,0.0,1.734552,0.8896940000000001,FIN,DOM,8419
2999882,77,65,1637,2013,61912.0,0.0,1.520354,0.022874000000000002,FRA,DOM,8419
2999883,81,65,1637,2013,88464.0,6372.0,1.7901259999999999,0.44164,GBR,DOM,8419
2999884,90,65,1637,2013,58913.0,0.0,0.18823800000000002,0.910906,GRC,DOM,8419
2999885,93,65,1637,2013,0.0,127488.0,-0.41466499999999995,0.774788,GTM,DOM,8419
2999886,97,65,1637,2013,28217.0,0.0,0.744383,1.923139,HKG,DOM,8419
2999887,101,65,1637,2013,0.0,5319.0,-1.095392,-0.957326,HTI,DOM,8419
2999888,103,65,1637,2013,29085.0,1508.0,-0.216854,1.415728,IDN,DOM,8419
2999889,104,65,1637,2013,32642.0,0.0,0.215356,2.3916209999999998,IND,DOM,8419
2999890,110,65,1637,2013,125239.0,0.0,1.197241,0.633828,ISR,DOM,8419
2999891,111,65,1637,2013,1558591.0,0.0,1.289924,0.533436,ITA,DOM,8419
2999892,114,65,1637,2013,52633.0,0.0,2.3993130000000003,-0.564768,JPN,DOM,8419
2999893,138,65,1637,2013,468575.0,345177.0,1.048507,0.718932,MEX,DOM,8419
2999894,160,65,1637,2013,5441.0,0.0,-0.9277,-0.6842630000000001,NIC,DOM,8419
2999895,162,65,1637,2013,1184529.0,0.0,1.184107,1.249557,NLD,DOM,8419
2999896,163,65,1637,2013,6750.0,0.0,0.892099,0.18168399999999998,NOR,DOM,8419
2999897,169,65,1637,2013,82663.0,0.0,0.735637,1.161718,PAN,DOM,8419
2999898,173,65,1637,2013,150225.0,0.0,-0.573852,0.357977,PER,DOM,8419
2999899,179,65,1637,2013,969.0,0.0,0.541454,2.5228610000000002,PRT,DOM,8419
2999900,208,65,1637,2013,44602.0,0.0,1.869421,0.228109,SWE,DOM,8419
2999901,224,65,1637,2013,23489.0,0.0,0.42932299999999995,2.690235,TUR,DOM,8419
2999902,230,65,1637,2013,318926.0,0.0,0.20190999999999998,-0.19777999999999998,URY,DOM,8419
2999903,231,65,1637,2013,42501842.0,453905.0,1.6639689999999998,-0.48651300000000003,USA,DOM,8419
2999904,236,65,1637,2013,0.0,387580.0,-0.778172,-1.107059,VEN,DOM,8419
2999905,249,65,1637,2013,294245.0,0.0,1.843186,0.9432379999999999,TWN,DOM,8419
2999906,4,67,1637,2013,8761.0,0.0,-0.53682,-0.162391,ALB,ECU,8419
2999907,8,67,1637,2013,2380803.0,0.0,0.20314300000000002,0.494062,ARG,ECU,8419
2999908,10,67,1637,2013,0.0,60218.0,0.686489,-0.251618,ASM,ECU,8419
2999909,14,67,1637,2013,6834.0,23845.0,-0.31145700000000004,-0.167628,AUS,ECU,8419
2999910,15,67,1637,2013,18551.0,0.0,1.7209240000000001,-0.286892,AUT,ECU,8419
2999911,18,67,1637,2013,234841.0,0.0,1.316207,0.972601,BEL,ECU,8419
2999912,32,67,1637,2013,3745705.0,0.0,0.14765899999999998,0.399262,BRA,ECU,8419
2999913,39,67,1637,2013,288543.0,5845.0,0.719649,1.017046,CAN,ECU,8419
2999914,41,67,1637,2013,321185.0,0.0,2.2104470000000003,0.5403479999999999,CHE,ECU,8419
2999915,42,67,1637,2013,543007.0,0.0,-0.260718,-0.38256100000000004,CHL,ECU,8419
2999916,43,67,1637,2013,9265187.0,101641.0,1.113767,1.477496,CHN,ECU,8419
2999917,44,67,1637,2013,0.0,4930.0,-0.923558,-0.866642,CIV,ECU,8419
2999918,49,67,1637,2013,748006.0,0.0,0.121799,-0.388239,COL,ECU,8419
2999919,52,67,1637,2013,34734.0,0.0,0.067379,-0.688217,CRI,ECU,8419
2999920,59,67,1637,2013,88793.0,0.0,1.819653,-0.12423800000000002,CZE,ECU,8419
2999921,61,67,1637,2013,15672513.0,8676.0,2.093658,-3.4281980000000005,DEU,ECU,8419
2999922,64,67,1637,2013,452372.0,0.0,1.161835,1.1788450000000001,DNK,ECU,8419
2999923,65,67,1637,2013,681.0,25402.0,-0.277269,0.432388,DOM,ECU,8419
2999924,71,67,1637,2013,2552080.0,13662.0,0.861698,2.353993,ESP,ECU,8419
2999925,74,67,1637,2013,1789682.0,0.0,1.734552,0.8896940000000001,FIN,ECU,8419
2999926,77,67,1637,2013,368189.0,0.0,1.520354,0.022874000000000002,FRA,ECU,8419
2999927,81,67,1637,2013,208292.0,0.0,1.7901259999999999,0.44164,GBR,ECU,8419
2999928,97,67,1637,2013,75412.0,0.0,0.744383,1.923139,HKG,ECU,8419
2999929,102,67,1637,2013,17363.0,0.0,1.506101,0.7279220000000001,HUN,ECU,8419
2999930,103,67,1637,2013,3358.0,0.0,-0.216854,1.415728,IDN,ECU,8419
2999931,104,67,1637,2013,376976.0,0.0,0.215356,2.3916209999999998,IND,ECU,8419
2999932,109,67,1637,2013,1626.0,0.0,0.259374,-0.20413299999999998,ISL,ECU,8419
2999933,110,67,1637,2013,1221964.0,0.0,1.197241,0.633828,ISR,ECU,8419
2999934,111,67,1637,2013,4272176.0,6598.0,1.289924,0.533436,ITA,ECU,8419
2999935,114,67,1637,2013,49592.0,0.0,2.3993130000000003,-0.564768,JPN,ECU,8419
2999936,121,67,1637,2013,304702.0,0.0,1.818383,0.75645,KOR,ECU,8419
2999937,128,67,1637,2013,0.0,7900.0,-0.6521779999999999,0.41258599999999995,LKA,ECU,8419
2999938,138,67,1637,2013,2027140.0,0.0,1.048507,0.718932,MEX,ECU,8419
2999939,153,67,1637,2013,49471.0,0.0,0.937641,0.747496,MYS,ECU,8419
2999940,160,67,1637,2013,0.0,9696.0,-0.9277,-0.6842630000000001,NIC,ECU,8419
2999941,162,67,1637,2013,988291.0,0.0,1.184107,1.249557,NLD,ECU,8419
2999942,163,67,1637,2013,4678.0,0.0,0.892099,0.18168399999999998,NOR,ECU,8419
2999943,166,67,1637,2013,84893.0,2419.0,0.3345,0.39063000000000003,NZL,ECU,8419
2999944,169,67,1637,2013,11333.0,0.0,0.735637,1.161718,PAN,ECU,8419
2999945,173,67,1637,2013,2375313.0,213391.0,-0.573852,0.357977,PER,ECU,8419
2999946,174,67,1637,2013,745.0,0.0,0.507868,0.355403,PHL,ECU,8419
2999947,177,67,1637,2013,149538.0,831196.0,1.084332,1.216749,POL,ECU,8419
2999948,179,67,1637,2013,167609.0,0.0,0.541454,2.5228610000000002,PRT,ECU,8419
2999949,180,67,1637,2013,0.0,43854.0,-0.566239,-0.9273459999999999,PRY,ECU,8419
2999950,186,67,1637,2013,25585.0,0.0,0.481166,-0.180052,RUS,ECU,8419
2999951,191,67,1637,2013,0.0,311249.0,-0.523662,-0.309101,SEN,ECU,8419
2999952,192,67,1637,2013,17300.0,1400.0,1.915504,0.619576,SGP,ECU,8419
2999953,197,67,1637,2013,70453.0,0.0,-0.021029,0.381522,SLV,ECU,8419
2999954,206,67,1637,2013,15155.0,0.0,1.32064,0.7519819999999999,SVK,ECU,8419
2999955,207,67,1637,2013,3797.0,0.0,1.698374,0.563082,SVN,ECU,8419
2999956,208,67,1637,2013,891718.0,0.0,1.869421,0.228109,SWE,ECU,8419
2999957,216,67,1637,2013,391427.0,0.0,0.8752139999999999,1.3798620000000001,THA,ECU,8419
2999958,224,67,1637,2013,26002.0,0.0,0.42932299999999995,2.690235,TUR,ECU,8419
2999959,228,67,1637,2013,45454.0,0.0,0.657729,0.9063200000000001,UKR,ECU,8419
2999960,230,67,1637,2013,0.0,6312.0,0.20190999999999998,-0.19777999999999998,URY,ECU,8419
2999961,231,67,1637,2013,16076174.0,81126.0,1.6639689999999998,-0.48651300000000003,USA,ECU,8419
2999962,236,67,1637,2013,0.0,1866148.0,-0.778172,-1.107059,VEN,ECU,8419
2999963,239,67,1637,2013,15469.0,0.0,-0.11426900000000001,1.399738,VNM,ECU,8419
2999964,246,67,1637,2013,35228.0,0.0,0.380284,1.5682120000000002,ZAF,ECU,8419
2999965,249,67,1637,2013,2689884.0,2908.0,1.843186,0.9432379999999999,TWN,ECU,8419
2999966,250,67,1637,2013,0.0,7515.0,0.628555,0.277602,ANS,ECU,8419
2999967,2,71,1637,2013,0.0,258395.0,-1.172043,-1.133735,AGO,ESP,8419
2999968,4,71,1637,2013,1469.0,23761.0,-0.53682,-0.162391,ALB,ESP,8419
2999969,5,71,1637,2013,3822.0,1431723.0,0.9666530000000001,-0.159606,AND,ESP,8419
2999970,7,71,1637,2013,4282.0,5775365.0,-0.074047,-0.585168,ARE,ESP,8419
2999971,8,71,1637,2013,156022.0,1027858.0,0.20314300000000002,0.494062,ARG,ESP,8419
2999972,9,71,1637,2013,0.0,2252488.0,-0.076922,-0.5781390000000001,ARM,ESP,8419
2999973,14,71,1637,2013,2193380.0,7653681.0,-0.31145700000000004,-0.167628,AUS,ESP,8419
2999974,15,71,1637,2013,7724939.0,1070831.0,1.7209240000000001,-0.286892,AUT,ESP,8419
2999975,16,71,1637,2013,0.0,90838.0,-0.9232870000000001,-1.165928,AZE,ESP,8419
2999976,18,71,1637,2013,9147895.0,7466692.0,1.316207,0.972601,BEL,ESP,8419
2999977,19,71,1637,2013,0.0,34123.0,-0.919968,-0.90691,BEN,ESP,8419
2999978,21,71,1637,2013,0.0,136937.0,-0.9110360000000001,-0.852492,BFA,ESP,8419
2999979,22,71,1637,2013,0.0,765677.0,-1.101916,-0.734646,BGD,ESP,8419
2999980,23,71,1637,2013,156386.0,898876.0,0.5026109999999999,1.674296,BGR,ESP,8419
2999981,24,71,1637,2013,0.0,166547.0,0.249681,-0.6204270000000001,BHR,ESP,8419
2999982,25,71,1637,2013,0.0,5095.0,0.756732,-0.369842,BHS,ESP,8419
2999983,26,71,1637,2013,17505.0,46867.0,0.46743199999999996,0.7340800000000001,BIH,ESP,8419
2999984,28,71,1637,2013,0.0,3402293.0,1.036923,0.864568,BLR,ESP,8419
2999985,31,71,1637,2013,0.0,3353163.0,-1.039614,-0.95663,BOL,ESP,8419
2999986,32,71,1637,2013,66156.0,26007351.0,0.14765899999999998,0.399262,BRA,ESP,8419
2999987,34,71,1637,2013,0.0,12368.0,-0.866827,-0.795995,BRN,ESP,8419
2999988,38,71,1637,2013,0.0,63140.0,-0.268604,-0.606101,CAF,ESP,8419
2999989,39,71,1637,2013,1666478.0,541121.0,0.719649,1.017046,CAN,ESP,8419
2999990,41,71,1637,2013,12814768.0,2579141.0,2.2104470000000003,0.5403479999999999,CHE,ESP,8419
2999991,42,71,1637,2013,393096.0,9949511.0,-0.260718,-0.38256100000000004,CHL,ESP,8419
2999992,43,71,1637,2013,34100999.0,34052076.0,1.113767,1.477496,CHN,ESP,8419
2999993,44,71,1637,2013,0.0,995972.0,-0.923558,-0.866642,CIV,ESP,8419
2999994,45,71,1637,2013,0.0,476870.0,-0.901531,-1.027111,CMR,ESP,8419
2999995,47,71,1637,2013,0.0,93027.0,-1.215681,-1.08679,COG,ESP,8419
2999996,49,71,1637,2013,1279.0,6017895.0,0.121799,-0.388239,COL,ESP,8419
2999997,51,71,1637,2013,0.0,269871.0,-0.75058,-0.8948219999999999,CPV,ESP,8419
2999998,52,71,1637,2013,0.0,404232.0,0.067379,-0.688217,CRI,ESP,8419
