2039999,107,188,1354,2004,0.0,160417.0,-0.38210700000000003,-0.8408620000000001,IRN,SAU,6207
2040000,108,188,1354,2004,0.0,27733.0,-0.8852559999999999,-0.907136,IRQ,SAU,6207
2040001,111,188,1354,2004,226685.0,0.0,1.358057,1.11533,ITA,SAU,6207
2040002,113,188,1354,2004,3132.0,0.0,0.152989,0.385845,JOR,SAU,6207
2040003,121,188,1354,2004,71422.0,0.0,1.3624690000000002,0.928342,KOR,SAU,6207
2040004,124,188,1354,2004,150183.0,0.0,0.32409899999999997,1.037024,LBN,SAU,6207
2040005,134,188,1354,2004,0.0,5144.0,-0.681556,-0.152372,MAR,SAU,6207
2040006,162,188,1354,2004,155504.0,0.0,1.251808,1.586526,NLD,SAU,6207
2040007,168,188,1354,2004,386044.0,0.0,-0.754143,0.25995100000000004,PAK,SAU,6207
2040008,174,188,1354,2004,1226461.0,0.0,-0.076709,-0.149006,PHL,SAU,6207
2040009,183,188,1354,2004,0.0,95854.0,0.21713400000000002,-1.031806,QAT,SAU,6207
2040010,190,188,1354,2004,0.0,5885.0,-1.5346309999999999,-1.2599559999999999,SDN,SAU,6207
2040011,192,188,1354,2004,33508.0,0.0,1.6409779999999998,0.634947,SGP,SAU,6207
2040012,212,188,1354,2004,29251.0,0.0,-0.568707,-0.034736,SYR,SAU,6207
2040013,216,188,1354,2004,24370.0,0.0,0.5150359999999999,1.583019,THA,SAU,6207
2040014,222,188,1354,2004,0.0,1457.0,0.00677,-0.965385,TTO,SAU,6207
2040015,224,188,1354,2004,328526.0,0.0,0.141454,1.9463599999999999,TUR,SAU,6207
2040016,231,188,1354,2004,130031.0,2396.0,1.7598630000000002,0.066704,USA,SAU,6207
2040017,239,188,1354,2004,342153.0,0.0,-0.5270560000000001,0.8910389999999999,VNM,SAU,6207
2040018,243,188,1354,2004,0.0,13344.0,-1.15115,-1.207897,YEM,SAU,6207
2040019,246,188,1354,2004,4085.0,0.0,0.460279,1.9736220000000002,ZAF,SAU,6207
2040020,249,188,1354,2004,991776.0,0.0,1.626307,1.358315,TWN,SAU,6207
2040021,4,189,1354,2004,0.0,2979.0,-0.131892,0.14985199999999999,ALB,SCG,6207
2040022,5,189,1354,2004,3440.0,0.0,1.268618,0.835359,AND,SCG,6207
2040023,15,189,1354,2004,7514.0,1284.0,1.825391,0.40553,AUT,SCG,6207
2040024,18,189,1354,2004,8010.0,0.0,1.350911,1.408209,BEL,SCG,6207
2040025,22,189,1354,2004,9088.0,0.0,-1.150444,-0.885333,BGD,SCG,6207
2040026,23,189,1354,2004,45445.0,20328.0,0.35536,1.499182,BGR,SCG,6207
2040027,26,189,1354,2004,47157.0,534475.0,0.385952,0.571774,BIH,SCG,6207
2040028,28,189,1354,2004,3481.0,0.0,0.8553139999999999,0.703926,BLR,SCG,6207
2040029,41,189,1354,2004,4584.0,0.0,2.151471,0.7196279999999999,CHE,SCG,6207
2040030,43,189,1354,2004,1641801.0,0.0,0.581548,2.8689880000000003,CHN,SCG,6207
2040031,59,189,1354,2004,78215.0,0.0,1.562625,0.865244,CZE,SCG,6207
2040032,61,189,1354,2004,42526.0,36753.0,2.266076,-2.011139,DEU,SCG,6207
2040033,64,189,1354,2004,21088.0,7987.0,1.328968,1.262743,DNK,SCG,6207
2040034,68,189,1354,2004,3243.0,0.0,-0.300563,0.41834899999999997,EGY,SCG,6207
2040035,71,189,1354,2004,70861.0,0.0,0.9784649999999999,2.051216,ESP,SCG,6207
2040036,74,189,1354,2004,1856.0,47482.0,2.000218,0.9867309999999999,FIN,SCG,6207
2040037,77,189,1354,2004,13887.0,28379.0,1.6003530000000001,0.643945,FRA,SCG,6207
2040038,81,189,1354,2004,26930.0,1804.0,1.843506,0.684779,GBR,SCG,6207
2040039,82,189,1354,2004,0.0,5269.0,0.381348,-0.44259,GEO,SCG,6207
2040040,90,189,1354,2004,226490.0,68043.0,0.348853,1.661656,GRC,SCG,6207
2040041,97,189,1354,2004,22147.0,0.0,0.604825,2.098745,HKG,SCG,6207
2040042,100,189,1354,2004,29580.0,98226.0,0.6669970000000001,1.088043,HRV,SCG,6207
2040043,102,189,1354,2004,14977.0,17019.0,1.207082,1.019714,HUN,SCG,6207
2040044,103,189,1354,2004,64535.0,0.0,-0.223644,1.719065,IDN,SCG,6207
2040045,104,189,1354,2004,58026.0,0.0,0.233348,2.790987,IND,SCG,6207
2040046,110,189,1354,2004,4473.0,0.0,1.250393,0.8003979999999999,ISR,SCG,6207
2040047,111,189,1354,2004,580098.0,618178.0,1.358057,1.11533,ITA,SCG,6207
2040048,114,189,1354,2004,215.0,0.0,2.526624,0.452054,JPN,SCG,6207
2040049,121,189,1354,2004,16394.0,0.0,1.3624690000000002,0.928342,KOR,SCG,6207
2040050,128,189,1354,2004,32403.0,0.0,-0.658668,0.21912600000000002,LKA,SCG,6207
2040051,134,189,1354,2004,2209.0,0.0,-0.681556,-0.152372,MAR,SCG,6207
2040052,138,189,1354,2004,1525.0,0.0,0.868684,0.85506,MEX,SCG,6207
2040053,140,189,1354,2004,82664.0,113821.0,-0.091013,0.190649,MKD,SCG,6207
2040054,148,189,1354,2004,383.0,0.0,-1.6173959999999998,-1.2925719999999998,MRT,SCG,6207
2040055,153,189,1354,2004,71329.0,0.0,0.6710050000000001,0.17807,MYS,SCG,6207
2040056,159,189,1354,2004,0.0,1611.0,-2.413432,-1.3033190000000001,NGA,SCG,6207
2040057,162,189,1354,2004,34675.0,0.0,1.251808,1.586526,NLD,SCG,6207
2040058,168,189,1354,2004,9151.0,0.0,-0.754143,0.25995100000000004,PAK,SCG,6207
2040059,174,189,1354,2004,1764.0,0.0,-0.076709,-0.149006,PHL,SCG,6207
2040060,177,189,1354,2004,1400.0,0.0,1.019341,1.519452,POL,SCG,6207
2040061,179,189,1354,2004,54308.0,0.0,0.524524,1.901139,PRT,SCG,6207
2040062,185,189,1354,2004,91347.0,6072.0,0.37241599999999997,1.015865,ROU,SCG,6207
2040063,186,189,1354,2004,0.0,9766.0,0.8952399999999999,0.172896,RUS,SCG,6207
2040064,192,189,1354,2004,7634.0,0.0,1.6409779999999998,0.634947,SGP,SCG,6207
2040065,206,189,1354,2004,0.0,7686.0,1.2375120000000002,0.8777889999999999,SVK,SCG,6207
2040066,207,189,1354,2004,38365.0,164291.0,1.628643,1.02381,SVN,SCG,6207
2040067,208,189,1354,2004,4005.0,2167.0,2.0522080000000003,0.8326969999999999,SWE,SCG,6207
2040068,212,189,1354,2004,17418.0,0.0,-0.568707,-0.034736,SYR,SCG,6207
2040069,213,189,1354,2004,9185.0,0.0,0.51858,-0.030114,TCA,SCG,6207
2040070,216,189,1354,2004,34311.0,0.0,0.5150359999999999,1.583019,THA,SCG,6207
2040071,223,189,1354,2004,9528.0,0.0,-0.195751,0.335147,TUN,SCG,6207
2040072,224,189,1354,2004,364979.0,0.0,0.141454,1.9463599999999999,TUR,SCG,6207
2040073,228,189,1354,2004,2573.0,0.0,0.8758040000000001,0.8195879999999999,UKR,SCG,6207
2040074,231,189,1354,2004,23557.0,39206.0,1.7598630000000002,0.066704,USA,SCG,6207
2040075,239,189,1354,2004,42725.0,0.0,-0.5270560000000001,0.8910389999999999,VNM,SCG,6207
2040076,246,189,1354,2004,7394.0,0.0,0.460279,1.9736220000000002,ZAF,SCG,6207
2040077,249,189,1354,2004,25988.0,0.0,1.626307,1.358315,TWN,SCG,6207
2040078,250,189,1354,2004,8022.0,1206.0,0.509382,-0.30904299999999996,ANS,SCG,6207
2040079,7,192,1354,2004,0.0,44872.0,0.1799,-0.34541900000000003,ARE,SGP,6207
2040080,8,192,1354,2004,0.0,37870.0,0.28128600000000004,0.64115,ARG,SGP,6207
2040081,14,192,1354,2004,11873.0,24217.0,0.196641,0.8139460000000001,AUS,SGP,6207
2040082,18,192,1354,2004,0.0,138217.0,1.350911,1.408209,BEL,SGP,6207
2040083,19,192,1354,2004,0.0,3134.0,-1.299345,-0.9871260000000001,BEN,SGP,6207
2040084,22,192,1354,2004,120171.0,1071.0,-1.150444,-0.885333,BGD,SGP,6207
2040085,23,192,1354,2004,3609.0,0.0,0.35536,1.499182,BGR,SGP,6207
2040086,34,192,1354,2004,48657.0,171599.0,-1.271325,-1.03277,BRN,SGP,6207
2040087,39,192,1354,2004,0.0,42061.0,0.9392739999999999,1.19228,CAN,SGP,6207
2040088,41,192,1354,2004,0.0,2881.0,2.151471,0.7196279999999999,CHE,SGP,6207
2040089,43,192,1354,2004,1365748.0,0.0,0.581548,2.8689880000000003,CHN,SGP,6207
2040090,59,192,1354,2004,0.0,1066.0,1.562625,0.865244,CZE,SGP,6207
2040091,61,192,1354,2004,2888.0,166164.0,2.266076,-2.011139,DEU,SGP,6207
2040092,64,192,1354,2004,0.0,53994.0,1.328968,1.262743,DNK,SGP,6207
2040093,68,192,1354,2004,0.0,2608.0,-0.300563,0.41834899999999997,EGY,SGP,6207
2040094,71,192,1354,2004,12088.0,148351.0,0.9784649999999999,2.051216,ESP,SGP,6207
2040095,75,192,1354,2004,0.0,2698.0,-0.8870969999999999,-0.287427,FJI,SGP,6207
2040096,77,192,1354,2004,52461.0,409967.0,1.6003530000000001,0.643945,FRA,SGP,6207
2040097,81,192,1354,2004,107485.0,20332.0,1.843506,0.684779,GBR,SGP,6207
2040098,97,192,1354,2004,915018.0,54385.0,0.604825,2.098745,HKG,SGP,6207
2040099,103,192,1354,2004,415335.0,336864.0,-0.223644,1.719065,IDN,SGP,6207
2040100,104,192,1354,2004,502229.0,1600.0,0.233348,2.790987,IND,SGP,6207
2040101,106,192,1354,2004,0.0,2687.0,1.501859,0.14456,IRL,SGP,6207
2040102,110,192,1354,2004,1809.0,0.0,1.250393,0.8003979999999999,ISR,SGP,6207
2040103,111,192,1354,2004,10620.0,80225.0,1.358057,1.11533,ITA,SGP,6207
2040104,114,192,1354,2004,63735.0,23599.0,2.526624,0.452054,JPN,SGP,6207
2040105,118,192,1354,2004,289329.0,0.0,-1.4676209999999998,-1.1972639999999999,KHM,SGP,6207
2040106,121,192,1354,2004,55644.0,35071.0,1.3624690000000002,0.928342,KOR,SGP,6207
2040107,122,192,1354,2004,0.0,1496.0,-0.481908,-1.172081,KWT,SGP,6207
2040108,128,192,1354,2004,88728.0,7549.0,-0.658668,0.21912600000000002,LKA,SGP,6207
2040109,134,192,1354,2004,46306.0,0.0,-0.681556,-0.152372,MAR,SGP,6207
2040110,137,192,1354,2004,0.0,7009.0,-0.34020700000000004,-0.817298,MDV,SGP,6207
2040111,142,192,1354,2004,0.0,1800.0,1.251894,0.063827,MLT,SGP,6207
2040112,143,192,1354,2004,53834.0,39706.0,-1.400614,-0.947664,MMR,SGP,6207
2040113,146,192,1354,2004,0.0,3075.0,-0.47053199999999995,-0.7803220000000001,MNP,SGP,6207
2040114,153,192,1354,2004,197851.0,86336.0,0.6710050000000001,0.17807,MYS,SGP,6207
2040115,162,192,1354,2004,1170.0,574722.0,1.251808,1.586526,NLD,SGP,6207
2040116,166,192,1354,2004,7103.0,3525.0,0.567392,0.965781,NZL,SGP,6207
2040117,168,192,1354,2004,2850.0,0.0,-0.754143,0.25995100000000004,PAK,SGP,6207
2040118,173,192,1354,2004,0.0,100394.0,-0.564244,0.131232,PER,SGP,6207
2040119,176,192,1354,2004,0.0,24894.0,-1.7599200000000002,-1.219971,PNG,SGP,6207
2040120,177,192,1354,2004,20080.0,0.0,1.019341,1.519452,POL,SGP,6207
2040121,182,192,1354,2004,0.0,2292.0,-0.414954,-0.773736,PYF,SGP,6207
2040122,188,192,1354,2004,0.0,33508.0,0.546196,-0.7014729999999999,SAU,SGP,6207
2040123,189,192,1354,2004,0.0,7634.0,0.628071,2.210424,SCG,SGP,6207
2040124,195,192,1354,2004,0.0,2563.0,-1.4911,-0.999592,SLB,SGP,6207
2040125,208,192,1354,2004,0.0,25800.0,2.0522080000000003,0.8326969999999999,SWE,SGP,6207
2040126,211,192,1354,2004,0.0,4487.0,-0.12954100000000002,-0.713507,SYC,SGP,6207
2040127,216,192,1354,2004,139305.0,20137.0,0.5150359999999999,1.583019,THA,SGP,6207
2040128,231,192,1354,2004,71753.0,995572.0,1.7598630000000002,0.066704,USA,SGP,6207
2040129,239,192,1354,2004,332097.0,3816.0,-0.5270560000000001,0.8910389999999999,VNM,SGP,6207
2040130,246,192,1354,2004,0.0,10423.0,0.460279,1.9736220000000002,ZAF,SGP,6207
2040131,249,192,1354,2004,53687.0,43376.0,1.626307,1.358315,TWN,SGP,6207
2040132,250,192,1354,2004,1751.0,0.0,0.509382,-0.30904299999999996,ANS,SGP,6207
2040133,15,206,1354,2004,64850.0,179800.0,1.825391,0.40553,AUT,SVK,6207
2040134,18,206,1354,2004,3215.0,5560.0,1.350911,1.408209,BEL,SVK,6207
2040135,22,206,1354,2004,2678.0,0.0,-1.150444,-0.885333,BGD,SVK,6207
2040136,23,206,1354,2004,1256.0,0.0,0.35536,1.499182,BGR,SVK,6207
2040137,41,206,1354,2004,3114.0,32213.0,2.151471,0.7196279999999999,CHE,SVK,6207
2040138,43,206,1354,2004,62094.0,824.0,0.581548,2.8689880000000003,CHN,SVK,6207
2040139,59,206,1354,2004,280881.0,40247.0,1.562625,0.865244,CZE,SVK,6207
2040140,61,206,1354,2004,17107.0,50534.0,2.266076,-2.011139,DEU,SVK,6207
2040141,64,206,1354,2004,6557.0,0.0,1.328968,1.262743,DNK,SVK,6207
2040142,71,206,1354,2004,25051.0,0.0,0.9784649999999999,2.051216,ESP,SVK,6207
2040143,74,206,1354,2004,0.0,26948.0,2.000218,0.9867309999999999,FIN,SVK,6207
2040144,77,206,1354,2004,0.0,8532.0,1.6003530000000001,0.643945,FRA,SVK,6207
2040145,81,206,1354,2004,0.0,5030.0,1.843506,0.684779,GBR,SVK,6207
2040146,90,206,1354,2004,1422.0,0.0,0.348853,1.661656,GRC,SVK,6207
2040147,97,206,1354,2004,93982.0,0.0,0.604825,2.098745,HKG,SVK,6207
2040148,100,206,1354,2004,0.0,17934.0,0.6669970000000001,1.088043,HRV,SVK,6207
2040149,102,206,1354,2004,417209.0,19053.0,1.207082,1.019714,HUN,SVK,6207
2040150,103,206,1354,2004,3412.0,0.0,-0.223644,1.719065,IDN,SVK,6207
2040151,104,206,1354,2004,18338.0,0.0,0.233348,2.790987,IND,SVK,6207
2040152,111,206,1354,2004,75875.0,122061.0,1.358057,1.11533,ITA,SVK,6207
2040153,114,206,1354,2004,0.0,6503.0,2.526624,0.452054,JPN,SVK,6207
2040154,124,206,1354,2004,0.0,2718.0,0.32409899999999997,1.037024,LBN,SVK,6207
2040155,132,206,1354,2004,0.0,1047.0,0.413821,0.627853,LVA,SVK,6207
2040156,162,206,1354,2004,3599.0,306527.0,1.251808,1.586526,NLD,SVK,6207
2040157,163,206,1354,2004,0.0,15584.0,1.10162,0.118709,NOR,SVK,6207
2040158,168,206,1354,2004,5746.0,0.0,-0.754143,0.25995100000000004,PAK,SVK,6207
2040159,177,206,1354,2004,5201.0,15482.0,1.019341,1.519452,POL,SVK,6207
2040160,179,206,1354,2004,1234.0,0.0,0.524524,1.901139,PRT,SVK,6207
2040161,189,206,1354,2004,7686.0,0.0,0.628071,2.210424,SCG,SVK,6207
2040162,207,206,1354,2004,2405.0,17547.0,1.628643,1.02381,SVN,SVK,6207
2040163,224,206,1354,2004,97996.0,0.0,0.141454,1.9463599999999999,TUR,SVK,6207
2040164,231,206,1354,2004,0.0,80414.0,1.7598630000000002,0.066704,USA,SVK,6207
2040165,239,206,1354,2004,5306.0,0.0,-0.5270560000000001,0.8910389999999999,VNM,SVK,6207
2040166,250,206,1354,2004,78338.0,0.0,0.509382,-0.30904299999999996,ANS,SVK,6207
2040167,15,207,1354,2004,82628.0,86336.0,1.825391,0.40553,AUT,SVN,6207
2040168,18,207,1354,2004,0.0,52209.0,1.350911,1.408209,BEL,SVN,6207
2040169,22,207,1354,2004,4567.0,0.0,-1.150444,-0.885333,BGD,SVN,6207
2040170,23,207,1354,2004,38430.0,0.0,0.35536,1.499182,BGR,SVN,6207
2040171,26,207,1354,2004,11721.0,246641.0,0.385952,0.571774,BIH,SVN,6207
2040172,41,207,1354,2004,0.0,992.0,2.151471,0.7196279999999999,CHE,SVN,6207
2040173,43,207,1354,2004,345994.0,0.0,0.581548,2.8689880000000003,CHN,SVN,6207
2040174,59,207,1354,2004,1881.0,4759.0,1.562625,0.865244,CZE,SVN,6207
2040175,61,207,1354,2004,59364.0,220722.0,2.266076,-2.011139,DEU,SVN,6207
2040176,71,207,1354,2004,12916.0,0.0,0.9784649999999999,2.051216,ESP,SVN,6207
2040177,77,207,1354,2004,20567.0,0.0,1.6003530000000001,0.643945,FRA,SVN,6207
2040178,81,207,1354,2004,921.0,0.0,1.843506,0.684779,GBR,SVN,6207
2040179,90,207,1354,2004,4872.0,0.0,0.348853,1.661656,GRC,SVN,6207
2040180,97,207,1354,2004,42719.0,0.0,0.604825,2.098745,HKG,SVN,6207
2040181,100,207,1354,2004,66769.0,41906.0,0.6669970000000001,1.088043,HRV,SVN,6207
2040182,102,207,1354,2004,100376.0,55660.0,1.207082,1.019714,HUN,SVN,6207
2040183,103,207,1354,2004,1958.0,0.0,-0.223644,1.719065,IDN,SVN,6207
2040184,104,207,1354,2004,36801.0,0.0,0.233348,2.790987,IND,SVN,6207
2040185,111,207,1354,2004,270440.0,732170.0,1.358057,1.11533,ITA,SVN,6207
2040186,124,207,1354,2004,0.0,627.0,0.32409899999999997,1.037024,LBN,SVN,6207
2040187,134,207,1354,2004,1220.0,0.0,-0.681556,-0.152372,MAR,SVN,6207
2040188,140,207,1354,2004,997.0,4740.0,-0.091013,0.190649,MKD,SVN,6207
2040189,160,207,1354,2004,1600.0,0.0,-0.9789479999999999,-0.8374219999999999,NIC,SVN,6207
2040190,162,207,1354,2004,14287.0,9987.0,1.251808,1.586526,NLD,SVN,6207
2040191,168,207,1354,2004,17870.0,0.0,-0.754143,0.25995100000000004,PAK,SVN,6207
2040192,177,207,1354,2004,99054.0,0.0,1.019341,1.519452,POL,SVN,6207
2040193,179,207,1354,2004,2060.0,0.0,0.524524,1.901139,PRT,SVN,6207
2040194,185,207,1354,2004,16525.0,5416.0,0.37241599999999997,1.015865,ROU,SVN,6207
2040195,189,207,1354,2004,164291.0,38365.0,0.628071,2.210424,SCG,SVN,6207
2040196,206,207,1354,2004,17547.0,2405.0,1.2375120000000002,0.8777889999999999,SVK,SVN,6207
2040197,216,207,1354,2004,1960.0,0.0,0.5150359999999999,1.583019,THA,SVN,6207
2040198,224,207,1354,2004,70393.0,1027.0,0.141454,1.9463599999999999,TUR,SVN,6207
2040199,228,207,1354,2004,0.0,65012.0,0.8758040000000001,0.8195879999999999,UKR,SVN,6207
2040200,239,207,1354,2004,23893.0,0.0,-0.5270560000000001,0.8910389999999999,VNM,SVN,6207
2040201,250,207,1354,2004,27002.0,0.0,0.509382,-0.30904299999999996,ANS,SVN,6207
2040202,22,209,1354,2004,33805.0,0.0,-1.150444,-0.885333,BGD,SWZ,6207
2040203,231,209,1354,2004,0.0,210605.0,1.7598630000000002,0.066704,USA,SWZ,6207
2040204,246,209,1354,2004,294816.0,6854.0,0.460279,1.9736220000000002,ZAF,SWZ,6207
2040205,7,223,1354,2004,8570.0,0.0,0.1799,-0.34541900000000003,ARE,TUN,6207
2040206,14,223,1354,2004,0.0,3499.0,0.196641,0.8139460000000001,AUS,TUN,6207
2040207,18,223,1354,2004,0.0,191215.0,1.350911,1.408209,BEL,TUN,6207
2040208,43,223,1354,2004,30678.0,0.0,0.581548,2.8689880000000003,CHN,TUN,6207
2040209,45,223,1354,2004,0.0,1397.0,-1.604916,-1.217399,CMR,TUN,6207
2040210,49,223,1354,2004,0.0,1335.0,0.033128,0.47524799999999995,COL,TUN,6207
2040211,58,223,1354,2004,0.0,2136.0,0.533521,0.615939,CYP,TUN,6207
2040212,61,223,1354,2004,0.0,350608.0,2.266076,-2.011139,DEU,TUN,6207
2040213,71,223,1354,2004,1079998.0,1242010.0,0.9784649999999999,2.051216,ESP,TUN,6207
2040214,77,223,1354,2004,719116.0,19873888.0,1.6003530000000001,0.643945,FRA,TUN,6207
2040215,81,223,1354,2004,0.0,121542.0,1.843506,0.684779,GBR,TUN,6207
2040216,97,223,1354,2004,35886.0,0.0,0.604825,2.098745,HKG,TUN,6207
2040217,100,223,1354,2004,0.0,5059.0,0.6669970000000001,1.088043,HRV,TUN,6207
2040218,104,223,1354,2004,1853.0,0.0,0.233348,2.790987,IND,TUN,6207
2040219,106,223,1354,2004,0.0,49488.0,1.501859,0.14456,IRL,TUN,6207
2040220,111,223,1354,2004,217899.0,1539903.0,1.358057,1.11533,ITA,TUN,6207
2040221,124,223,1354,2004,0.0,6784.0,0.32409899999999997,1.037024,LBN,TUN,6207
2040222,126,223,1354,2004,0.0,20395.0,-0.42119700000000004,-1.179463,LBY,TUN,6207
2040223,142,223,1354,2004,0.0,3996250.0,1.251894,0.063827,MLT,TUN,6207
2040224,162,223,1354,2004,1755203.0,6118741.0,1.251808,1.586526,NLD,TUN,6207
2040225,163,223,1354,2004,0.0,5638.0,1.10162,0.118709,NOR,TUN,6207
2040226,189,223,1354,2004,0.0,9528.0,0.628071,2.210424,SCG,TUN,6207
2040227,224,223,1354,2004,3459.0,0.0,0.141454,1.9463599999999999,TUR,TUN,6207
2040228,231,223,1354,2004,0.0,1273.0,1.7598630000000002,0.066704,USA,TUN,6207
2040229,249,223,1354,2004,0.0,1154.0,1.626307,1.358315,TWN,TUN,6207
2040230,250,223,1354,2004,0.0,319920.0,0.509382,-0.30904299999999996,ANS,TUN,6207
2040231,1,224,1354,2004,0.0,3095.0,-0.6831550000000001,-0.756696,AFG,TUR,6207
2040232,4,224,1354,2004,0.0,122782.0,-0.131892,0.14985199999999999,ALB,TUR,6207
2040233,7,224,1354,2004,0.0,164836.0,0.1799,-0.34541900000000003,ARE,TUR,6207
2040234,8,224,1354,2004,0.0,6537.0,0.28128600000000004,0.64115,ARG,TUR,6207
2040235,9,224,1354,2004,0.0,12452.0,0.661799,-0.140004,ARM,TUR,6207
2040236,14,224,1354,2004,0.0,93224.0,0.196641,0.8139460000000001,AUS,TUR,6207
2040237,15,224,1354,2004,7345.0,756476.0,1.825391,0.40553,AUT,TUR,6207
2040238,16,224,1354,2004,0.0,566517.0,-0.393221,-0.9494440000000001,AZE,TUR,6207
2040239,18,224,1354,2004,0.0,842902.0,1.350911,1.408209,BEL,TUR,6207
2040240,23,224,1354,2004,0.0,680028.0,0.35536,1.499182,BGR,TUR,6207
2040241,24,224,1354,2004,0.0,15401.0,0.045344999999999996,-1.001059,BHR,TUR,6207
2040242,26,224,1354,2004,1099.0,170327.0,0.385952,0.571774,BIH,TUR,6207
2040243,28,224,1354,2004,0.0,7059.0,0.8553139999999999,0.703926,BLR,TUR,6207
2040244,39,224,1354,2004,2091.0,827846.0,0.9392739999999999,1.19228,CAN,TUR,6207
2040245,41,224,1354,2004,2179.0,486115.0,2.151471,0.7196279999999999,CHE,TUR,6207
2040246,42,224,1354,2004,0.0,12031.0,-0.07869,-0.33641,CHL,TUR,6207
2040247,43,224,1354,2004,117073.0,27421.0,0.581548,2.8689880000000003,CHN,TUR,6207
2040248,44,224,1354,2004,0.0,2598.0,-0.8490979999999999,-0.754732,CIV,TUR,6207
2040249,49,224,1354,2004,0.0,2523.0,0.033128,0.47524799999999995,COL,TUR,6207
2040250,52,224,1354,2004,0.0,3352.0,-0.043266000000000006,-0.376239,CRI,TUR,6207
2040251,58,224,1354,2004,0.0,136897.0,0.533521,0.615939,CYP,TUR,6207
2040252,59,224,1354,2004,0.0,80186.0,1.562625,0.865244,CZE,TUR,6207
2040253,61,224,1354,2004,6869.0,12194604.0,2.266076,-2.011139,DEU,TUR,6207
2040254,64,224,1354,2004,0.0,482552.0,1.328968,1.262743,DNK,TUR,6207
2040255,66,224,1354,2004,0.0,612706.0,-0.725066,-1.163606,DZA,TUR,6207
2040256,68,224,1354,2004,3635.0,1247.0,-0.300563,0.41834899999999997,EGY,TUR,6207
2040257,71,224,1354,2004,37226.0,460003.0,0.9784649999999999,2.051216,ESP,TUR,6207
2040258,72,224,1354,2004,0.0,18605.0,0.6101840000000001,0.9520370000000001,EST,TUR,6207
2040259,73,224,1354,2004,0.0,43718.0,-1.156284,-0.900874,ETH,TUR,6207
2040260,74,224,1354,2004,0.0,594977.0,2.000218,0.9867309999999999,FIN,TUR,6207
2040261,77,224,1354,2004,51406.0,5531846.0,1.6003530000000001,0.643945,FRA,TUR,6207
2040262,78,224,1354,2004,0.0,549.0,-1.026359,-0.960327,FRO,TUR,6207
2040263,81,224,1354,2004,261391.0,13867266.0,1.843506,0.684779,GBR,TUR,6207
2040264,82,224,1354,2004,0.0,151292.0,0.381348,-0.44259,GEO,TUR,6207
2040265,87,224,1354,2004,0.0,1248.0,-0.135943,-0.226541,GMB,TUR,6207
2040266,90,224,1354,2004,0.0,1768351.0,0.348853,1.661656,GRC,TUR,6207
2040267,97,224,1354,2004,14613.0,2197.0,0.604825,2.098745,HKG,TUR,6207
2040268,100,224,1354,2004,0.0,140594.0,0.6669970000000001,1.088043,HRV,TUR,6207
2040269,102,224,1354,2004,0.0,571100.0,1.207082,1.019714,HUN,TUR,6207
2040270,103,224,1354,2004,1194.0,0.0,-0.223644,1.719065,IDN,TUR,6207
2040271,104,224,1354,2004,5432.0,3546.0,0.233348,2.790987,IND,TUR,6207
2040272,106,224,1354,2004,0.0,385480.0,1.501859,0.14456,IRL,TUR,6207
2040273,107,224,1354,2004,0.0,84443.0,-0.38210700000000003,-0.8408620000000001,IRN,TUR,6207
2040274,108,224,1354,2004,0.0,348095.0,-0.8852559999999999,-0.907136,IRQ,TUR,6207
2040275,109,224,1354,2004,0.0,12844.0,0.298844,-0.36366,ISL,TUR,6207
2040276,110,224,1354,2004,4585.0,350372.0,1.250393,0.8003979999999999,ISR,TUR,6207
2040277,111,224,1354,2004,160202.0,4414581.0,1.358057,1.11533,ITA,TUR,6207
2040278,113,224,1354,2004,0.0,46352.0,0.152989,0.385845,JOR,TUR,6207
2040279,114,224,1354,2004,0.0,140436.0,2.526624,0.452054,JPN,TUR,6207
2040280,115,224,1354,2004,1623.0,85523.0,-0.09288300000000001,-0.537664,KAZ,TUR,6207
2040281,117,224,1354,2004,0.0,75401.0,0.005121,0.176652,KGZ,TUR,6207
2040282,118,224,1354,2004,17465.0,0.0,-1.4676209999999998,-1.1972639999999999,KHM,TUR,6207
2040283,121,224,1354,2004,0.0,10077.0,1.3624690000000002,0.928342,KOR,TUR,6207
2040284,122,224,1354,2004,0.0,23837.0,-0.481908,-1.172081,KWT,TUR,6207
2040285,124,224,1354,2004,0.0,102212.0,0.32409899999999997,1.037024,LBN,TUR,6207
2040286,126,224,1354,2004,0.0,1053585.0,-0.42119700000000004,-1.179463,LBY,TUR,6207
2040287,128,224,1354,2004,65666.0,0.0,-0.658668,0.21912600000000002,LKA,TUR,6207
2040288,130,224,1354,2004,0.0,95679.0,0.403568,0.632707,LTU,TUR,6207
2040289,131,224,1354,2004,0.0,3015.0,1.37529,1.0172649999999999,LUX,TUR,6207
2040290,132,224,1354,2004,0.0,21079.0,0.413821,0.627853,LVA,TUR,6207
2040291,134,224,1354,2004,0.0,23956.0,-0.681556,-0.152372,MAR,TUR,6207
2040292,135,224,1354,2004,6052.0,7986.0,-0.155523,-0.355142,MDA,TUR,6207
2040293,138,224,1354,2004,0.0,237201.0,0.868684,0.85506,MEX,TUR,6207
2040294,140,224,1354,2004,0.0,59113.0,-0.091013,0.190649,MKD,TUR,6207
2040295,142,224,1354,2004,0.0,12969.0,1.251894,0.063827,MLT,TUR,6207
2040296,145,224,1354,2004,0.0,3771.0,-1.030558,-1.03145,MNG,TUR,6207
2040297,156,224,1354,2004,0.0,2352.0,-0.49824700000000005,-0.8284239999999999,NCL,TUR,6207
2040298,162,224,1354,2004,16013.0,1956902.0,1.251808,1.586526,NLD,TUR,6207
2040299,163,224,1354,2004,0.0,809589.0,1.10162,0.118709,NOR,TUR,6207
2040300,166,224,1354,2004,0.0,23119.0,0.567392,0.965781,NZL,TUR,6207
2040301,174,224,1354,2004,4928.0,0.0,-0.076709,-0.149006,PHL,TUR,6207
2040302,177,224,1354,2004,2886.0,230559.0,1.019341,1.519452,POL,TUR,6207
2040303,179,224,1354,2004,14394.0,5258.0,0.524524,1.901139,PRT,TUR,6207
2040304,183,224,1354,2004,0.0,28890.0,0.21713400000000002,-1.031806,QAT,TUR,6207
2040305,185,224,1354,2004,2041.0,324016.0,0.37241599999999997,1.015865,ROU,TUR,6207
2040306,186,224,1354,2004,0.0,1702327.0,0.8952399999999999,0.172896,RUS,TUR,6207
2040307,188,224,1354,2004,0.0,328526.0,0.546196,-0.7014729999999999,SAU,TUR,6207
2040308,189,224,1354,2004,0.0,364979.0,0.628071,2.210424,SCG,TUR,6207
2040309,190,224,1354,2004,0.0,10381.0,-1.5346309999999999,-1.2599559999999999,SDN,TUR,6207
2040310,191,224,1354,2004,0.0,2493.0,-0.527127,-0.368631,SEN,TUR,6207
2040311,206,224,1354,2004,0.0,97996.0,1.2375120000000002,0.8777889999999999,SVK,TUR,6207
2040312,207,224,1354,2004,1027.0,70393.0,1.628643,1.02381,SVN,TUR,6207
2040313,208,224,1354,2004,1306.0,1100590.0,2.0522080000000003,0.8326969999999999,SWE,TUR,6207
2040314,217,224,1354,2004,0.0,6684.0,-0.608564,-1.021599,TJK,TUR,6207
2040315,219,224,1354,2004,0.0,2915.0,-0.9705790000000001,-1.212523,TKM,TUR,6207
2040316,223,224,1354,2004,0.0,3459.0,-0.195751,0.335147,TUN,TUR,6207
2040317,227,224,1354,2004,0.0,3505.0,-0.914733,-0.554346,UGA,TUR,6207
2040318,228,224,1354,2004,0.0,295564.0,0.8758040000000001,0.8195879999999999,UKR,TUR,6207
2040319,231,224,1354,2004,31004.0,13187316.0,1.7598630000000002,0.066704,USA,TUR,6207
2040320,232,224,1354,2004,0.0,19600.0,-0.50605,-0.824691,UZB,TUR,6207
2040321,236,224,1354,2004,0.0,2127.0,0.048698000000000005,-0.899776,VEN,TUR,6207
2040322,246,224,1354,2004,0.0,1514.0,0.460279,1.9736220000000002,ZAF,TUR,6207
2040323,249,224,1354,2004,0.0,6632.0,1.626307,1.358315,TWN,TUR,6207
2040324,250,224,1354,2004,0.0,2262851.0,0.509382,-0.30904299999999996,ANS,TUR,6207
2040325,15,228,1354,2004,109122.0,142764.0,1.825391,0.40553,AUT,UKR,6207
2040326,18,228,1354,2004,0.0,105271.0,1.350911,1.408209,BEL,UKR,6207
2040327,22,228,1354,2004,17073.0,0.0,-1.150444,-0.885333,BGD,UKR,6207
2040328,39,228,1354,2004,0.0,6962.0,0.9392739999999999,1.19228,CAN,UKR,6207
2040329,43,228,1354,2004,1133813.0,0.0,0.581548,2.8689880000000003,CHN,UKR,6207
2040330,59,228,1354,2004,1859.0,0.0,1.562625,0.865244,CZE,UKR,6207
2040331,61,228,1354,2004,29852.0,34517.0,2.266076,-2.011139,DEU,UKR,6207
2040332,64,228,1354,2004,3910.0,0.0,1.328968,1.262743,DNK,UKR,6207
2040333,71,228,1354,2004,2098.0,0.0,0.9784649999999999,2.051216,ESP,UKR,6207
2040334,77,228,1354,2004,49743.0,9251.0,1.6003530000000001,0.643945,FRA,UKR,6207
2040335,81,228,1354,2004,4108.0,0.0,1.843506,0.684779,GBR,UKR,6207
2040336,82,228,1354,2004,0.0,1371.0,0.381348,-0.44259,GEO,UKR,6207
2040337,102,228,1354,2004,37127.0,5653.0,1.207082,1.019714,HUN,UKR,6207
2040338,104,228,1354,2004,28908.0,0.0,0.233348,2.790987,IND,UKR,6207
2040339,111,228,1354,2004,91216.0,0.0,1.358057,1.11533,ITA,UKR,6207
2040340,132,228,1354,2004,1493.0,0.0,0.413821,0.627853,LVA,UKR,6207
2040341,140,228,1354,2004,13362.0,0.0,-0.091013,0.190649,MKD,UKR,6207
2040342,162,228,1354,2004,1195.0,0.0,1.251808,1.586526,NLD,UKR,6207
2040343,163,228,1354,2004,0.0,2317.0,1.10162,0.118709,NOR,UKR,6207
2040344,177,228,1354,2004,84102.0,2137.0,1.019341,1.519452,POL,UKR,6207
2040345,179,228,1354,2004,5641.0,0.0,0.524524,1.901139,PRT,UKR,6207
2040346,185,228,1354,2004,61508.0,0.0,0.37241599999999997,1.015865,ROU,UKR,6207
2040347,186,228,1354,2004,95735.0,11721.0,0.8952399999999999,0.172896,RUS,UKR,6207
2040348,189,228,1354,2004,0.0,2573.0,0.628071,2.210424,SCG,UKR,6207
2040349,196,228,1354,2004,0.0,1523.0,0.48757399999999995,-0.0064659999999999995,SLE,UKR,6207
2040350,207,228,1354,2004,65012.0,0.0,1.628643,1.02381,SVN,UKR,6207
2040351,212,228,1354,2004,2848.0,0.0,-0.568707,-0.034736,SYR,UKR,6207
2040352,224,228,1354,2004,295564.0,0.0,0.141454,1.9463599999999999,TUR,UKR,6207
2040353,239,228,1354,2004,2825.0,0.0,-0.5270560000000001,0.8910389999999999,VNM,UKR,6207
2040354,43,19,1354,2004,203669.0,0.0,0.581548,2.8689880000000003,CHN,BEN,6207
2040355,45,19,1354,2004,8766.0,0.0,-1.604916,-1.217399,CMR,BEN,6207
2040356,77,19,1354,2004,2802.0,0.0,1.6003530000000001,0.643945,FRA,BEN,6207
2040357,97,19,1354,2004,8038.0,0.0,0.604825,2.098745,HKG,BEN,6207
2040358,104,19,1354,2004,15264.0,0.0,0.233348,2.790987,IND,BEN,6207
2040359,192,19,1354,2004,3134.0,0.0,1.6409779999999998,0.634947,SGP,BEN,6207
2040360,239,19,1354,2004,15047.0,0.0,-0.5270560000000001,0.8910389999999999,VNM,BEN,6207
2040361,43,37,1354,2004,11697.0,0.0,0.581548,2.8689880000000003,CHN,BWA,6207
2040362,97,37,1354,2004,1510.0,0.0,0.604825,2.098745,HKG,BWA,6207
2040363,104,37,1354,2004,4567.0,0.0,0.233348,2.790987,IND,BWA,6207
2040364,246,37,1354,2004,835041.0,35468.0,0.460279,1.9736220000000002,ZAF,BWA,6207
2040365,8,42,1354,2004,17623.0,0.0,0.28128600000000004,0.64115,ARG,CHL,6207
2040366,22,42,1354,2004,3930.0,0.0,-1.150444,-0.885333,BGD,CHL,6207
2040367,31,42,1354,2004,3949.0,1641042.0,-0.9288489999999999,-0.929884,BOL,CHL,6207
2040368,32,42,1354,2004,27013.0,3273.0,0.540718,1.149065,BRA,CHL,6207
2040369,43,42,1354,2004,3373602.0,0.0,0.581548,2.8689880000000003,CHN,CHL,6207
2040370,49,42,1354,2004,25690.0,0.0,0.033128,0.47524799999999995,COL,CHL,6207
2040371,61,42,1354,2004,33991.0,0.0,2.266076,-2.011139,DEU,CHL,6207
2040372,67,42,1354,2004,0.0,69194.0,-1.149101,-1.013619,ECU,CHL,6207
2040373,71,42,1354,2004,12455.0,0.0,0.9784649999999999,2.051216,ESP,CHL,6207
2040374,81,42,1354,2004,0.0,1453.0,1.843506,0.684779,GBR,CHL,6207
2040375,97,42,1354,2004,193662.0,0.0,0.604825,2.098745,HKG,CHL,6207
2040376,103,42,1354,2004,40694.0,0.0,-0.223644,1.719065,IDN,CHL,6207
2040377,104,42,1354,2004,358436.0,0.0,0.233348,2.790987,IND,CHL,6207
2040378,111,42,1354,2004,6612.0,0.0,1.358057,1.11533,ITA,CHL,6207
2040379,118,42,1354,2004,2415.0,0.0,-1.4676209999999998,-1.1972639999999999,KHM,CHL,6207
2040380,121,42,1354,2004,949.0,0.0,1.3624690000000002,0.928342,KOR,CHL,6207
2040381,134,42,1354,2004,33727.0,0.0,-0.681556,-0.152372,MAR,CHL,6207
2040382,138,42,1354,2004,31535.0,4630.0,0.868684,0.85506,MEX,CHL,6207
2040383,166,42,1354,2004,7263.0,0.0,0.567392,0.965781,NZL,CHL,6207
2040384,169,42,1354,2004,8803.0,0.0,-0.011979,0.261315,PAN,CHL,6207
2040385,173,42,1354,2004,61612.0,93408.0,-0.564244,0.131232,PER,CHL,6207
2040386,174,42,1354,2004,47347.0,0.0,-0.076709,-0.149006,PHL,CHL,6207
2040387,180,42,1354,2004,0.0,174003.0,-0.64574,-0.978875,PRY,CHL,6207
2040388,185,42,1354,2004,761.0,0.0,0.37241599999999997,1.015865,ROU,CHL,6207
2040389,216,42,1354,2004,885.0,0.0,0.5150359999999999,1.583019,THA,CHL,6207
2040390,224,42,1354,2004,12031.0,0.0,0.141454,1.9463599999999999,TUR,CHL,6207
2040391,231,42,1354,2004,42077.0,0.0,1.7598630000000002,0.066704,USA,CHL,6207
2040392,239,42,1354,2004,3895.0,0.0,-0.5270560000000001,0.8910389999999999,VNM,CHL,6207
2040393,248,42,1354,2004,0.0,98568.0,-0.560593,-0.091112,ZWE,CHL,6207
2040394,250,42,1354,2004,17847.0,0.0,0.509382,-0.30904299999999996,ANS,CHL,6207
2040395,7,44,1354,2004,3336.0,0.0,0.1799,-0.34541900000000003,ARE,CIV,6207
2040396,18,44,1354,2004,8641.0,0.0,1.350911,1.408209,BEL,CIV,6207
2040397,43,44,1354,2004,1192.0,0.0,0.581548,2.8689880000000003,CHN,CIV,6207
2040398,77,44,1354,2004,55013.0,0.0,1.6003530000000001,0.643945,FRA,CIV,6207
2040399,81,44,1354,2004,4555.0,0.0,1.843506,0.684779,GBR,CIV,6207
2040400,83,44,1354,2004,0.0,7253.0,-1.2972540000000001,-0.9967219999999999,GHA,CIV,6207
2040401,97,44,1354,2004,1448.0,0.0,0.604825,2.098745,HKG,CIV,6207
2040402,215,44,1354,2004,4716.0,0.0,-0.6788270000000001,-0.482984,TGO,CIV,6207
2040403,224,44,1354,2004,2598.0,0.0,0.141454,1.9463599999999999,TUR,CIV,6207
2040404,7,45,1354,2004,1986.0,0.0,0.1799,-0.34541900000000003,ARE,CMR,6207
2040405,18,45,1354,2004,19277.0,0.0,1.350911,1.408209,BEL,CMR,6207
2040406,19,45,1354,2004,0.0,8766.0,-1.299345,-0.9871260000000001,BEN,CMR,6207
2040407,43,45,1354,2004,25459.0,0.0,0.581548,2.8689880000000003,CHN,CMR,6207
2040408,61,45,1354,2004,874.0,0.0,2.266076,-2.011139,DEU,CMR,6207
2040409,97,45,1354,2004,6160.0,0.0,0.604825,2.098745,HKG,CMR,6207
2040410,121,45,1354,2004,0.0,3929.0,1.3624690000000002,0.928342,KOR,CMR,6207
2040411,216,45,1354,2004,1613.0,0.0,0.5150359999999999,1.583019,THA,CMR,6207
2040412,223,45,1354,2004,1397.0,0.0,-0.195751,0.335147,TUN,CMR,6207
2040413,7,58,1354,2004,1055.0,0.0,0.1799,-0.34541900000000003,ARE,CYP,6207
2040414,18,58,1354,2004,1545.0,0.0,1.350911,1.408209,BEL,CYP,6207
2040415,23,58,1354,2004,8594.0,0.0,0.35536,1.499182,BGR,CYP,6207
2040416,26,58,1354,2004,0.0,14943.0,0.385952,0.571774,BIH,CYP,6207
2040417,43,58,1354,2004,139130.0,0.0,0.581548,2.8689880000000003,CHN,CYP,6207
2040418,61,58,1354,2004,5621.0,0.0,2.266076,-2.011139,DEU,CYP,6207
2040419,68,58,1354,2004,6389.0,0.0,-0.300563,0.41834899999999997,EGY,CYP,6207
2040420,71,58,1354,2004,76788.0,0.0,0.9784649999999999,2.051216,ESP,CYP,6207
2040421,77,58,1354,2004,2834.0,0.0,1.6003530000000001,0.643945,FRA,CYP,6207
2040422,81,58,1354,2004,243030.0,1702.0,1.843506,0.684779,GBR,CYP,6207
2040423,90,58,1354,2004,189558.0,15014.0,0.348853,1.661656,GRC,CYP,6207
2040424,97,58,1354,2004,41426.0,0.0,0.604825,2.098745,HKG,CYP,6207
2040425,111,58,1354,2004,43260.0,13060.0,1.358057,1.11533,ITA,CYP,6207
2040426,124,58,1354,2004,1877.0,0.0,0.32409899999999997,1.037024,LBN,CYP,6207
2040427,128,58,1354,2004,30681.0,0.0,-0.658668,0.21912600000000002,LKA,CYP,6207
2040428,131,58,1354,2004,501.0,0.0,1.37529,1.0172649999999999,LUX,CYP,6207
2040429,142,58,1354,2004,869.0,0.0,1.251894,0.063827,MLT,CYP,6207
2040430,162,58,1354,2004,50888.0,0.0,1.251808,1.586526,NLD,CYP,6207
2040431,168,58,1354,2004,27401.0,0.0,-0.754143,0.25995100000000004,PAK,CYP,6207
2040432,179,58,1354,2004,18353.0,0.0,0.524524,1.901139,PRT,CYP,6207
2040433,185,58,1354,2004,46173.0,0.0,0.37241599999999997,1.015865,ROU,CYP,6207
2040434,212,58,1354,2004,25024.0,0.0,-0.568707,-0.034736,SYR,CYP,6207
2040435,223,58,1354,2004,2136.0,0.0,-0.195751,0.335147,TUN,CYP,6207
2040436,224,58,1354,2004,136897.0,0.0,0.141454,1.9463599999999999,TUR,CYP,6207
2040437,231,58,1354,2004,5559.0,0.0,1.7598630000000002,0.066704,USA,CYP,6207
2040438,77,80,1354,2004,3486.0,0.0,1.6003530000000001,0.643945,FRA,GAB,6207
2040439,43,83,1354,2004,122404.0,0.0,0.581548,2.8689880000000003,CHN,GHA,6207
2040440,44,83,1354,2004,7253.0,0.0,-0.8490979999999999,-0.754732,CIV,GHA,6207
2040441,81,83,1354,2004,4184.0,0.0,1.843506,0.684779,GBR,GHA,6207
2040442,103,83,1354,2004,63229.0,0.0,-0.223644,1.719065,IDN,GHA,6207
2040443,231,83,1354,2004,21676.0,0.0,1.7598630000000002,0.066704,USA,GHA,6207
2040444,246,83,1354,2004,9602.0,0.0,0.460279,1.9736220000000002,ZAF,GHA,6207
2040445,14,133,1354,2004,0.0,8471.0,0.196641,0.8139460000000001,AUS,MAC,6207
2040446,15,133,1354,2004,0.0,11908.0,1.825391,0.40553,AUT,MAC,6207
2040447,18,133,1354,2004,0.0,28590.0,1.350911,1.408209,BEL,MAC,6207
2040448,39,133,1354,2004,0.0,45626.0,0.9392739999999999,1.19228,CAN,MAC,6207
2040449,41,133,1354,2004,932.0,5151.0,2.151471,0.7196279999999999,CHE,MAC,6207
2040450,43,133,1354,2004,2268305.0,426408.0,0.581548,2.8689880000000003,CHN,MAC,6207
2040451,59,133,1354,2004,0.0,3593.0,1.562625,0.865244,CZE,MAC,6207
2040452,61,133,1354,2004,0.0,324106.0,2.266076,-2.011139,DEU,MAC,6207
2040453,64,133,1354,2004,0.0,23912.0,1.328968,1.262743,DNK,MAC,6207
2040454,71,133,1354,2004,0.0,26424.0,0.9784649999999999,2.051216,ESP,MAC,6207
2040455,77,133,1354,2004,0.0,223141.0,1.6003530000000001,0.643945,FRA,MAC,6207
2040456,81,133,1354,2004,2130.0,198715.0,1.843506,0.684779,GBR,MAC,6207
2040457,97,133,1354,2004,105580.0,555664.0,0.604825,2.098745,HKG,MAC,6207
2040458,109,133,1354,2004,0.0,2876.0,0.298844,-0.36366,ISL,MAC,6207
2040459,110,133,1354,2004,1009.0,0.0,1.250393,0.8003979999999999,ISR,MAC,6207
2040460,111,133,1354,2004,13636.0,29802.0,1.358057,1.11533,ITA,MAC,6207
2040461,114,133,1354,2004,1287.0,90417.0,2.526624,0.452054,JPN,MAC,6207
2040462,121,133,1354,2004,0.0,6443.0,1.3624690000000002,0.928342,KOR,MAC,6207
2040463,124,133,1354,2004,0.0,5821.0,0.32409899999999997,1.037024,LBN,MAC,6207
2040464,128,133,1354,2004,972.0,0.0,-0.658668,0.21912600000000002,LKA,MAC,6207
2040465,138,133,1354,2004,0.0,23860.0,0.868684,0.85506,MEX,MAC,6207
2040466,162,133,1354,2004,0.0,60175.0,1.251808,1.586526,NLD,MAC,6207
2040467,166,133,1354,2004,3084.0,0.0,0.567392,0.965781,NZL,MAC,6207
2040468,174,133,1354,2004,0.0,27.0,-0.076709,-0.149006,PHL,MAC,6207
2040469,208,133,1354,2004,0.0,1859.0,2.0522080000000003,0.8326969999999999,SWE,MAC,6207
2040470,231,133,1354,2004,0.0,7461476.0,1.7598630000000002,0.066704,USA,MAC,6207
2040471,249,133,1354,2004,1206.0,120781.0,1.626307,1.358315,TWN,MAC,6207
2040472,7,134,1354,2004,0.0,11151.0,0.1799,-0.34541900000000003,ARE,MAR,6207
2040473,8,134,1354,2004,0.0,19111.0,0.28128600000000004,0.64115,ARG,MAR,6207
2040474,14,134,1354,2004,0.0,58202.0,0.196641,0.8139460000000001,AUS,MAR,6207
2040475,15,134,1354,2004,0.0,883.0,1.825391,0.40553,AUT,MAR,6207
2040476,18,134,1354,2004,0.0,659627.0,1.350911,1.408209,BEL,MAR,6207
2040477,26,134,1354,2004,0.0,822.0,0.385952,0.571774,BIH,MAR,6207
2040478,32,134,1354,2004,2465.0,0.0,0.540718,1.149065,BRA,MAR,6207
2040479,38,134,1354,2004,0.0,25296.0,-0.683538,-0.8331770000000001,CAF,MAR,6207
2040480,39,134,1354,2004,0.0,61785.0,0.9392739999999999,1.19228,CAN,MAR,6207
2040481,42,134,1354,2004,0.0,33727.0,-0.07869,-0.33641,CHL,MAR,6207
2040482,43,134,1354,2004,1758233.0,15447.0,0.581548,2.8689880000000003,CHN,MAR,6207
2040483,49,134,1354,2004,0.0,1172.0,0.033128,0.47524799999999995,COL,MAR,6207
2040484,61,134,1354,2004,0.0,70929.0,2.266076,-2.011139,DEU,MAR,6207
2040485,67,134,1354,2004,0.0,1295.0,-1.149101,-1.013619,ECU,MAR,6207
2040486,68,134,1354,2004,0.0,1567.0,-0.300563,0.41834899999999997,EGY,MAR,6207
2040487,71,134,1354,2004,227093.0,959448.0,0.9784649999999999,2.051216,ESP,MAR,6207
2040488,77,134,1354,2004,75595.0,6283065.0,1.6003530000000001,0.643945,FRA,MAR,6207
2040489,81,134,1354,2004,5132.0,486442.0,1.843506,0.684779,GBR,MAR,6207
2040490,90,134,1354,2004,0.0,3875.0,0.348853,1.661656,GRC,MAR,6207
2040491,97,134,1354,2004,26877.0,28809.0,0.604825,2.098745,HKG,MAR,6207
2040492,100,134,1354,2004,0.0,38081.0,0.6669970000000001,1.088043,HRV,MAR,6207
2040493,104,134,1354,2004,51805.0,0.0,0.233348,2.790987,IND,MAR,6207
2040494,106,134,1354,2004,0.0,294014.0,1.501859,0.14456,IRL,MAR,6207
2040495,111,134,1354,2004,8700.0,125409.0,1.358057,1.11533,ITA,MAR,6207
2040496,114,134,1354,2004,0.0,253249.0,2.526624,0.452054,JPN,MAR,6207
2040497,121,134,1354,2004,0.0,101331.0,1.3624690000000002,0.928342,KOR,MAR,6207
2040498,124,134,1354,2004,0.0,6057.0,0.32409899999999997,1.037024,LBN,MAR,6207
2040499,138,134,1354,2004,0.0,263968.0,0.868684,0.85506,MEX,MAR,6207
2040500,153,134,1354,2004,0.0,18795.0,0.6710050000000001,0.17807,MYS,MAR,6207
2040501,162,134,1354,2004,167806.0,20232.0,1.251808,1.586526,NLD,MAR,6207
2040502,168,134,1354,2004,51060.0,0.0,-0.754143,0.25995100000000004,PAK,MAR,6207
2040503,169,134,1354,2004,0.0,13878.0,-0.011979,0.261315,PAN,MAR,6207
2040504,174,134,1354,2004,0.0,1128.0,-0.076709,-0.149006,PHL,MAR,6207
2040505,179,134,1354,2004,4428.0,114229.0,0.524524,1.901139,PRT,MAR,6207
2040506,183,134,1354,2004,0.0,836.0,0.21713400000000002,-1.031806,QAT,MAR,6207
2040507,186,134,1354,2004,0.0,4840.0,0.8952399999999999,0.172896,RUS,MAR,6207
2040508,188,134,1354,2004,5144.0,0.0,0.546196,-0.7014729999999999,SAU,MAR,6207
2040509,189,134,1354,2004,0.0,2209.0,0.628071,2.210424,SCG,MAR,6207
2040510,192,134,1354,2004,0.0,46306.0,1.6409779999999998,0.634947,SGP,MAR,6207
2040511,207,134,1354,2004,0.0,1220.0,1.628643,1.02381,SVN,MAR,6207
2040512,216,134,1354,2004,0.0,6650.0,0.5150359999999999,1.583019,THA,MAR,6207
2040513,224,134,1354,2004,23956.0,0.0,0.141454,1.9463599999999999,TUR,MAR,6207
2040514,230,134,1354,2004,0.0,1385.0,0.151633,0.121776,URY,MAR,6207
2040515,231,134,1354,2004,1045.0,39997.0,1.7598630000000002,0.066704,USA,MAR,6207
2040516,246,134,1354,2004,0.0,9212.0,0.460279,1.9736220000000002,ZAF,MAR,6207
2040517,249,134,1354,2004,0.0,1697.0,1.626307,1.358315,TWN,MAR,6207
2040518,250,134,1354,2004,0.0,1645.0,0.509382,-0.30904299999999996,ANS,MAR,6207
2040519,43,141,1354,2004,9595.0,0.0,0.581548,2.8689880000000003,CHN,MLI,6207
2040520,77,141,1354,2004,3356.0,0.0,1.6003530000000001,0.643945,FRA,MLI,6207
2040521,97,141,1354,2004,2556.0,0.0,0.604825,2.098745,HKG,MLI,6207
2040522,111,141,1354,2004,3521.0,0.0,1.358057,1.11533,ITA,MLI,6207
2040523,191,141,1354,2004,10819.0,0.0,-0.527127,-0.368631,SEN,MLI,6207
2040524,43,142,1354,2004,74177.0,0.0,0.581548,2.8689880000000003,CHN,MLT,6207
2040525,58,142,1354,2004,0.0,869.0,0.533521,0.615939,CYP,MLT,6207
2040526,61,142,1354,2004,6747.0,0.0,2.266076,-2.011139,DEU,MLT,6207
2040527,68,142,1354,2004,2920.0,0.0,-0.300563,0.41834899999999997,EGY,MLT,6207
2040528,71,142,1354,2004,28681.0,0.0,0.9784649999999999,2.051216,ESP,MLT,6207
2040529,77,142,1354,2004,5604.0,0.0,1.6003530000000001,0.643945,FRA,MLT,6207
2040530,81,142,1354,2004,135381.0,0.0,1.843506,0.684779,GBR,MLT,6207
2040531,90,142,1354,2004,0.0,11398.0,0.348853,1.661656,GRC,MLT,6207
2040532,97,142,1354,2004,20996.0,0.0,0.604825,2.098745,HKG,MLT,6207
2040533,104,142,1354,2004,23656.0,0.0,0.233348,2.790987,IND,MLT,6207
2040534,111,142,1354,2004,83990.0,0.0,1.358057,1.11533,ITA,MLT,6207
2040535,128,142,1354,2004,834.0,0.0,-0.658668,0.21912600000000002,LKA,MLT,6207
2040536,162,142,1354,2004,1139.0,0.0,1.251808,1.586526,NLD,MLT,6207
2040537,168,142,1354,2004,8602.0,0.0,-0.754143,0.25995100000000004,PAK,MLT,6207
2040538,192,142,1354,2004,1800.0,0.0,1.6409779999999998,0.634947,SGP,MLT,6207
2040539,223,142,1354,2004,3996250.0,0.0,-0.195751,0.335147,TUN,MLT,6207
2040540,224,142,1354,2004,12969.0,0.0,0.141454,1.9463599999999999,TUR,MLT,6207
2040541,231,142,1354,2004,0.0,51725.0,1.7598630000000002,0.066704,USA,MLT,6207
2040542,18,148,1354,2004,1268.0,0.0,1.350911,1.408209,BEL,MRT,6207
2040543,43,148,1354,2004,15464.0,0.0,0.581548,2.8689880000000003,CHN,MRT,6207
2040544,71,148,1354,2004,10886.0,0.0,0.9784649999999999,2.051216,ESP,MRT,6207
2040545,77,148,1354,2004,4802.0,0.0,1.6003530000000001,0.643945,FRA,MRT,6207
2040546,189,148,1354,2004,0.0,383.0,0.628071,2.210424,SCG,MRT,6207
2040547,216,148,1354,2004,2605.0,0.0,0.5150359999999999,1.583019,THA,MRT,6207
2040548,18,151,1354,2004,0.0,8506.0,1.350911,1.408209,BEL,MUS,6207
2040549,43,151,1354,2004,28851.0,0.0,0.581548,2.8689880000000003,CHN,MUS,6207
2040550,64,151,1354,2004,0.0,8110.0,1.328968,1.262743,DNK,MUS,6207
2040551,77,151,1354,2004,0.0,163309.0,1.6003530000000001,0.643945,FRA,MUS,6207
2040552,81,151,1354,2004,0.0,5737.0,1.843506,0.684779,GBR,MUS,6207
2040553,100,151,1354,2004,0.0,7467.0,0.6669970000000001,1.088043,HRV,MUS,6207
2040554,102,151,1354,2004,1457.0,0.0,1.207082,1.019714,HUN,MUS,6207
2040555,104,151,1354,2004,101431.0,0.0,0.233348,2.790987,IND,MUS,6207
2040556,111,151,1354,2004,1854.0,33982.0,1.358057,1.11533,ITA,MUS,6207
2040557,116,151,1354,2004,0.0,5044.0,-0.503694,0.410495,KEN,MUS,6207
2040558,136,151,1354,2004,1338.0,3843.0,-1.355542,-0.634409,MDG,MUS,6207
2040559,137,151,1354,2004,0.0,1597.0,-0.34020700000000004,-0.817298,MDV,MUS,6207
2040560,163,151,1354,2004,0.0,1477.0,1.10162,0.118709,NOR,MUS,6207
2040561,211,151,1354,2004,0.0,756.0,-0.12954100000000002,-0.713507,SYC,MUS,6207
2040562,216,151,1354,2004,4124.0,0.0,0.5150359999999999,1.583019,THA,MUS,6207
2040563,226,151,1354,2004,0.0,3542.0,-1.022658,-0.007045999999999999,TZA,MUS,6207
2040564,231,151,1354,2004,0.0,292998.0,1.7598630000000002,0.066704,USA,MUS,6207
2040565,246,151,1354,2004,11502.0,4146.0,0.460279,1.9736220000000002,ZAF,MUS,6207
2040566,7,152,1354,2004,1468.0,0.0,0.1799,-0.34541900000000003,ARE,MWI,6207
2040567,43,152,1354,2004,5017.0,0.0,0.581548,2.8689880000000003,CHN,MWI,6207
2040568,81,152,1354,2004,1714.0,0.0,1.843506,0.684779,GBR,MWI,6207
2040569,97,152,1354,2004,4701.0,0.0,0.604825,2.098745,HKG,MWI,6207
2040570,103,152,1354,2004,2668.0,0.0,-0.223644,1.719065,IDN,MWI,6207
2040571,104,152,1354,2004,6545.0,0.0,0.233348,2.790987,IND,MWI,6207
2040572,168,152,1354,2004,2169.0,0.0,-0.754143,0.25995100000000004,PAK,MWI,6207
2040573,216,152,1354,2004,14164.0,0.0,0.5150359999999999,1.583019,THA,MWI,6207
2040574,231,152,1354,2004,0.0,6624.0,1.7598630000000002,0.066704,USA,MWI,6207
2040575,246,152,1354,2004,6544.0,249891.0,0.460279,1.9736220000000002,ZAF,MWI,6207
2040576,43,155,1354,2004,11152.0,0.0,0.581548,2.8689880000000003,CHN,NAM,6207
2040577,65,155,1354,2004,4884.0,0.0,-0.510025,-0.328257,DOM,NAM,6207
2040578,231,155,1354,2004,0.0,12992.0,1.7598630000000002,0.066704,USA,NAM,6207
2040579,246,155,1354,2004,1145580.0,2118.0,0.460279,1.9736220000000002,ZAF,NAM,6207
2040580,2,179,1354,2004,0.0,101057.0,-0.8513709999999999,-1.173397,AGO,PRT,6207
2040581,7,179,1354,2004,0.0,7515.0,0.1799,-0.34541900000000003,ARE,PRT,6207
2040582,8,179,1354,2004,0.0,12342.0,0.28128600000000004,0.64115,ARG,PRT,6207
2040583,14,179,1354,2004,0.0,10947.0,0.196641,0.8139460000000001,AUS,PRT,6207
2040584,15,179,1354,2004,0.0,69050.0,1.825391,0.40553,AUT,PRT,6207
2040585,18,179,1354,2004,66356.0,1172841.0,1.350911,1.408209,BEL,PRT,6207
2040586,22,179,1354,2004,9873.0,0.0,-1.150444,-0.885333,BGD,PRT,6207
2040587,23,179,1354,2004,0.0,16654.0,0.35536,1.499182,BGR,PRT,6207
2040588,24,179,1354,2004,0.0,1601.0,0.045344999999999996,-1.001059,BHR,PRT,6207
2040589,26,179,1354,2004,0.0,5450.0,0.385952,0.571774,BIH,PRT,6207
2040590,32,179,1354,2004,20337.0,2339.0,0.540718,1.149065,BRA,PRT,6207
2040591,39,179,1354,2004,0.0,56069.0,0.9392739999999999,1.19228,CAN,PRT,6207
2040592,41,179,1354,2004,0.0,189694.0,2.151471,0.7196279999999999,CHE,PRT,6207
2040593,43,179,1354,2004,243425.0,0.0,0.581548,2.8689880000000003,CHN,PRT,6207
2040594,49,179,1354,2004,0.0,2557.0,0.033128,0.47524799999999995,COL,PRT,6207
2040595,51,179,1354,2004,0.0,5805.0,-0.160185,-0.729291,CPV,PRT,6207
2040596,58,179,1354,2004,0.0,18353.0,0.533521,0.615939,CYP,PRT,6207
2040597,59,179,1354,2004,0.0,5101.0,1.562625,0.865244,CZE,PRT,6207
2040598,61,179,1354,2004,33092.0,1187936.0,2.266076,-2.011139,DEU,PRT,6207
2040599,64,179,1354,2004,7590.0,296990.0,1.328968,1.262743,DNK,PRT,6207
2040600,65,179,1354,2004,0.0,1316.0,-0.510025,-0.328257,DOM,PRT,6207
2040601,71,179,1354,2004,3325292.0,7894377.0,0.9784649999999999,2.051216,ESP,PRT,6207
2040602,72,179,1354,2004,0.0,5496.0,0.6101840000000001,0.9520370000000001,EST,PRT,6207
2040603,74,179,1354,2004,0.0,309295.0,2.000218,0.9867309999999999,FIN,PRT,6207
2040604,77,179,1354,2004,819634.0,2590541.0,1.6003530000000001,0.643945,FRA,PRT,6207
2040605,78,179,1354,2004,0.0,863.0,-1.026359,-0.960327,FRO,PRT,6207
2040606,81,179,1354,2004,118890.0,1779026.0,1.843506,0.684779,GBR,PRT,6207
2040607,90,179,1354,2004,4655.0,117761.0,0.348853,1.661656,GRC,PRT,6207
2040608,97,179,1354,2004,0.0,127589.0,0.604825,2.098745,HKG,PRT,6207
2040609,100,179,1354,2004,918.0,10121.0,0.6669970000000001,1.088043,HRV,PRT,6207
2040610,102,179,1354,2004,727.0,789.0,1.207082,1.019714,HUN,PRT,6207
2040611,104,179,1354,2004,14044.0,3238.0,0.233348,2.790987,IND,PRT,6207
2040612,106,179,1354,2004,0.0,3635.0,1.501859,0.14456,IRL,PRT,6207
2040613,107,179,1354,2004,0.0,20170.0,-0.38210700000000003,-0.8408620000000001,IRN,PRT,6207
2040614,109,179,1354,2004,0.0,3933.0,0.298844,-0.36366,ISL,PRT,6207
2040615,110,179,1354,2004,11157.0,24727.0,1.250393,0.8003979999999999,ISR,PRT,6207
2040616,111,179,1354,2004,199093.0,3248597.0,1.358057,1.11533,ITA,PRT,6207
2040617,113,179,1354,2004,0.0,2572.0,0.152989,0.385845,JOR,PRT,6207
2040618,114,179,1354,2004,0.0,6307.0,2.526624,0.452054,JPN,PRT,6207
2040619,118,179,1354,2004,519.0,0.0,-1.4676209999999998,-1.1972639999999999,KHM,PRT,6207
2040620,121,179,1354,2004,0.0,5146.0,1.3624690000000002,0.928342,KOR,PRT,6207
2040621,124,179,1354,2004,0.0,23001.0,0.32409899999999997,1.037024,LBN,PRT,6207
2040622,130,179,1354,2004,0.0,15346.0,0.403568,0.632707,LTU,PRT,6207
2040623,132,179,1354,2004,0.0,829.0,0.413821,0.627853,LVA,PRT,6207
2040624,134,179,1354,2004,114229.0,4428.0,-0.681556,-0.152372,MAR,PRT,6207
2040625,138,179,1354,2004,0.0,10995.0,0.868684,0.85506,MEX,PRT,6207
2040626,147,179,1354,2004,0.0,15142.0,-1.1010790000000001,-1.0942,MOZ,PRT,6207
2040627,156,179,1354,2004,0.0,1991.0,-0.49824700000000005,-0.8284239999999999,NCL,PRT,6207
2040628,162,179,1354,2004,14142.0,2231151.0,1.251808,1.586526,NLD,PRT,6207
2040629,163,179,1354,2004,2038.0,145414.0,1.10162,0.118709,NOR,PRT,6207
2040630,166,179,1354,2004,0.0,2473.0,0.567392,0.965781,NZL,PRT,6207
2040631,167,179,1354,2004,0.0,2608.0,-0.62946,-1.108933,OMN,PRT,6207
2040632,168,179,1354,2004,241256.0,0.0,-0.754143,0.25995100000000004,PAK,PRT,6207
2040633,177,179,1354,2004,0.0,2288.0,1.019341,1.519452,POL,PRT,6207
2040634,183,179,1354,2004,0.0,755.0,0.21713400000000002,-1.031806,QAT,PRT,6207
2040635,185,179,1354,2004,0.0,5388.0,0.37241599999999997,1.015865,ROU,PRT,6207
2040636,186,179,1354,2004,0.0,87495.0,0.8952399999999999,0.172896,RUS,PRT,6207
2040637,189,179,1354,2004,0.0,54308.0,0.628071,2.210424,SCG,PRT,6207
2040638,203,179,1354,2004,0.0,20793.0,0.7482850000000001,-0.14005499999999999,STP,PRT,6207
2040639,206,179,1354,2004,0.0,1234.0,1.2375120000000002,0.8777889999999999,SVK,PRT,6207
2040640,207,179,1354,2004,0.0,2060.0,1.628643,1.02381,SVN,PRT,6207
2040641,208,179,1354,2004,0.0,472827.0,2.0522080000000003,0.8326969999999999,SWE,PRT,6207
2040642,216,179,1354,2004,0.0,782.0,0.5150359999999999,1.583019,THA,PRT,6207
2040643,224,179,1354,2004,5258.0,14394.0,0.141454,1.9463599999999999,TUR,PRT,6207
2040644,228,179,1354,2004,0.0,5641.0,0.8758040000000001,0.8195879999999999,UKR,PRT,6207
2040645,231,179,1354,2004,5583.0,81360.0,1.7598630000000002,0.066704,USA,PRT,6207
2040646,249,179,1354,2004,0.0,24163.0,1.626307,1.358315,TWN,PRT,6207
2040647,7,183,1354,2004,10343.0,0.0,0.1799,-0.34541900000000003,ARE,QAT,6207
2040648,15,183,1354,2004,2798.0,0.0,1.825391,0.40553,AUT,QAT,6207
2040649,24,183,1354,2004,0.0,861.0,0.045344999999999996,-1.001059,BHR,QAT,6207
2040650,41,183,1354,2004,42208.0,0.0,2.151471,0.7196279999999999,CHE,QAT,6207
2040651,43,183,1354,2004,16654.0,0.0,0.581548,2.8689880000000003,CHN,QAT,6207
2040652,61,183,1354,2004,8499.0,0.0,2.266076,-2.011139,DEU,QAT,6207
2040653,68,183,1354,2004,52428.0,0.0,-0.300563,0.41834899999999997,EGY,QAT,6207
2040654,71,183,1354,2004,62201.0,0.0,0.9784649999999999,2.051216,ESP,QAT,6207
2040655,77,183,1354,2004,68553.0,0.0,1.6003530000000001,0.643945,FRA,QAT,6207
2040656,81,183,1354,2004,12406.0,0.0,1.843506,0.684779,GBR,QAT,6207
2040657,103,183,1354,2004,28524.0,0.0,-0.223644,1.719065,IDN,QAT,6207
2040658,104,183,1354,2004,28254.0,0.0,0.233348,2.790987,IND,QAT,6207
2040659,111,183,1354,2004,5417.0,0.0,1.358057,1.11533,ITA,QAT,6207
2040660,113,183,1354,2004,3554.0,0.0,0.152989,0.385845,JOR,QAT,6207
2040661,121,183,1354,2004,70714.0,0.0,1.3624690000000002,0.928342,KOR,QAT,6207
2040662,128,183,1354,2004,1106.0,0.0,-0.658668,0.21912600000000002,LKA,QAT,6207
2040663,134,183,1354,2004,836.0,0.0,-0.681556,-0.152372,MAR,QAT,6207
2040664,153,183,1354,2004,3342.0,0.0,0.6710050000000001,0.17807,MYS,QAT,6207
2040665,163,183,1354,2004,1632.0,0.0,1.10162,0.118709,NOR,QAT,6207
2040666,168,183,1354,2004,2849.0,0.0,-0.754143,0.25995100000000004,PAK,QAT,6207
2040667,179,183,1354,2004,755.0,0.0,0.524524,1.901139,PRT,QAT,6207
2040668,185,183,1354,2004,2995.0,0.0,0.37241599999999997,1.015865,ROU,QAT,6207
2040669,188,183,1354,2004,95854.0,0.0,0.546196,-0.7014729999999999,SAU,QAT,6207
2040670,212,183,1354,2004,34268.0,0.0,-0.568707,-0.034736,SYR,QAT,6207
2040671,216,183,1354,2004,33777.0,0.0,0.5150359999999999,1.583019,THA,QAT,6207
2040672,224,183,1354,2004,28890.0,0.0,0.141454,1.9463599999999999,TUR,QAT,6207
2040673,246,183,1354,2004,8399.0,0.0,0.460279,1.9736220000000002,ZAF,QAT,6207
2040674,249,183,1354,2004,2372.0,0.0,1.626307,1.358315,TWN,QAT,6207
2040675,250,183,1354,2004,2126.0,0.0,0.509382,-0.30904299999999996,ANS,QAT,6207
2040676,7,191,1354,2004,1710.0,0.0,0.1799,-0.34541900000000003,ARE,SEN,6207
2040677,43,191,1354,2004,26041.0,0.0,0.581548,2.8689880000000003,CHN,SEN,6207
2040678,77,191,1354,2004,229730.0,0.0,1.6003530000000001,0.643945,FRA,SEN,6207
2040679,90,191,1354,2004,395.0,0.0,0.348853,1.661656,GRC,SEN,6207
2040680,97,191,1354,2004,18321.0,0.0,0.604825,2.098745,HKG,SEN,6207
2040681,103,191,1354,2004,1867.0,0.0,-0.223644,1.719065,IDN,SEN,6207
2040682,128,191,1354,2004,888.0,0.0,-0.658668,0.21912600000000002,LKA,SEN,6207
2040683,141,191,1354,2004,0.0,10819.0,-0.6905100000000001,-0.9162459999999999,MLI,SEN,6207
2040684,212,191,1354,2004,3010.0,0.0,-0.568707,-0.034736,SYR,SEN,6207
2040685,224,191,1354,2004,2493.0,0.0,0.141454,1.9463599999999999,TUR,SEN,6207
2040686,179,203,1354,2004,20793.0,0.0,0.524524,1.901139,PRT,STP,6207
2040687,9,212,1354,2004,0.0,772.0,0.661799,-0.140004,ARM,SYR,6207
2040688,15,212,1354,2004,0.0,1564.0,1.825391,0.40553,AUT,SYR,6207
2040689,23,212,1354,2004,0.0,843.0,0.35536,1.499182,BGR,SYR,6207
2040690,24,212,1354,2004,0.0,10448.0,0.045344999999999996,-1.001059,BHR,SYR,6207
2040691,41,212,1354,2004,0.0,316.0,2.151471,0.7196279999999999,CHE,SYR,6207
2040692,43,212,1354,2004,1747.0,0.0,0.581548,2.8689880000000003,CHN,SYR,6207
2040693,58,212,1354,2004,0.0,25024.0,0.533521,0.615939,CYP,SYR,6207
2040694,61,212,1354,2004,0.0,57667.0,2.266076,-2.011139,DEU,SYR,6207
2040695,66,212,1354,2004,0.0,11884.0,-0.725066,-1.163606,DZA,SYR,6207
2040696,71,212,1354,2004,0.0,81430.0,0.9784649999999999,2.051216,ESP,SYR,6207
2040697,77,212,1354,2004,6138.0,90810.0,1.6003530000000001,0.643945,FRA,SYR,6207
2040698,81,212,1354,2004,0.0,8173.0,1.843506,0.684779,GBR,SYR,6207
2040699,82,212,1354,2004,0.0,1572.0,0.381348,-0.44259,GEO,SYR,6207
2040700,90,212,1354,2004,0.0,4205.0,0.348853,1.661656,GRC,SYR,6207
2040701,97,212,1354,2004,720.0,0.0,0.604825,2.098745,HKG,SYR,6207
2040702,102,212,1354,2004,0.0,2999.0,1.207082,1.019714,HUN,SYR,6207
2040703,113,212,1354,2004,0.0,790216.0,0.152989,0.385845,JOR,SYR,6207
2040704,124,212,1354,2004,0.0,14344.0,0.32409899999999997,1.037024,LBN,SYR,6207
2040705,167,212,1354,2004,0.0,943.0,-0.62946,-1.108933,OMN,SYR,6207
2040706,177,212,1354,2004,0.0,4051.0,1.019341,1.519452,POL,SYR,6207
2040707,183,212,1354,2004,0.0,34268.0,0.21713400000000002,-1.031806,QAT,SYR,6207
2040708,185,212,1354,2004,0.0,1037.0,0.37241599999999997,1.015865,ROU,SYR,6207
2040709,188,212,1354,2004,0.0,29251.0,0.546196,-0.7014729999999999,SAU,SYR,6207
2040710,189,212,1354,2004,0.0,17418.0,0.628071,2.210424,SCG,SYR,6207
2040711,191,212,1354,2004,0.0,3010.0,-0.527127,-0.368631,SEN,SYR,6207
2040712,228,212,1354,2004,0.0,2848.0,0.8758040000000001,0.8195879999999999,UKR,SYR,6207
2040713,231,212,1354,2004,0.0,394803.0,1.7598630000000002,0.066704,USA,SYR,6207
2040714,243,212,1354,2004,0.0,24291.0,-1.15115,-1.207897,YEM,SYR,6207
2040715,7,226,1354,2004,20503.0,0.0,0.1799,-0.34541900000000003,ARE,TZA,6207
2040716,41,226,1354,2004,3113.0,0.0,2.151471,0.7196279999999999,CHE,TZA,6207
2040717,43,226,1354,2004,56483.0,0.0,0.581548,2.8689880000000003,CHN,TZA,6207
2040718,97,226,1354,2004,22271.0,0.0,0.604825,2.098745,HKG,TZA,6207
2040719,103,226,1354,2004,2049.0,0.0,-0.223644,1.719065,IDN,TZA,6207
2040720,104,226,1354,2004,4851.0,0.0,0.233348,2.790987,IND,TZA,6207
2040721,116,226,1354,2004,8886.0,0.0,-0.503694,0.410495,KEN,TZA,6207
2040722,151,226,1354,2004,3542.0,0.0,-0.374754,-0.288504,MUS,TZA,6207
2040723,154,226,1354,2004,0.0,2209.0,1.179671,0.016149,MYT,TZA,6207
2040724,162,226,1354,2004,2119.0,0.0,1.251808,1.586526,NLD,TZA,6207
2040725,216,226,1354,2004,27913.0,0.0,0.5150359999999999,1.583019,THA,TZA,6207
2040726,231,226,1354,2004,1126.0,0.0,1.7598630000000002,0.066704,USA,TZA,6207
2040727,246,226,1354,2004,15531.0,0.0,0.460279,1.9736220000000002,ZAF,TZA,6207
2040728,247,226,1354,2004,0.0,885.0,-0.9972190000000001,-0.853986,ZMB,TZA,6207
2040729,7,227,1354,2004,26073.0,0.0,0.1799,-0.34541900000000003,ARE,UGA,6207
2040730,43,227,1354,2004,125103.0,0.0,0.581548,2.8689880000000003,CHN,UGA,6207
2040731,64,227,1354,2004,1631.0,0.0,1.328968,1.262743,DNK,UGA,6207
2040732,81,227,1354,2004,0.0,1635.0,1.843506,0.684779,GBR,UGA,6207
2040733,97,227,1354,2004,11220.0,136211.0,0.604825,2.098745,HKG,UGA,6207
2040734,103,227,1354,2004,3610.0,0.0,-0.223644,1.719065,IDN,UGA,6207
2040735,116,227,1354,2004,59907.0,0.0,-0.503694,0.410495,KEN,UGA,6207
2040736,216,227,1354,2004,4758.0,0.0,0.5150359999999999,1.583019,THA,UGA,6207
2040737,224,227,1354,2004,3505.0,0.0,0.141454,1.9463599999999999,TUR,UGA,6207
2040738,231,227,1354,2004,0.0,51687.0,1.7598630000000002,0.066704,USA,UGA,6207
2040739,246,227,1354,2004,25335.0,0.0,0.460279,1.9736220000000002,ZAF,UGA,6207
2040740,2,239,1354,2004,0.0,194635.0,-0.8513709999999999,-1.173397,AGO,VNM,6207
2040741,7,239,1354,2004,0.0,5564.0,0.1799,-0.34541900000000003,ARE,VNM,6207
2040742,14,239,1354,2004,0.0,24648.0,0.196641,0.8139460000000001,AUS,VNM,6207
2040743,15,239,1354,2004,0.0,6679.0,1.825391,0.40553,AUT,VNM,6207
2040744,18,239,1354,2004,0.0,22168.0,1.350911,1.408209,BEL,VNM,6207
2040745,19,239,1354,2004,0.0,15047.0,-1.299345,-0.9871260000000001,BEN,VNM,6207
2040746,23,239,1354,2004,0.0,42143.0,0.35536,1.499182,BGR,VNM,6207
2040747,26,239,1354,2004,0.0,2139.0,0.385952,0.571774,BIH,VNM,6207
2040748,39,239,1354,2004,0.0,207098.0,0.9392739999999999,1.19228,CAN,VNM,6207
2040749,41,239,1354,2004,0.0,3543.0,2.151471,0.7196279999999999,CHE,VNM,6207
2040750,42,239,1354,2004,0.0,3895.0,-0.07869,-0.33641,CHL,VNM,6207
2040751,43,239,1354,2004,11737.0,0.0,0.581548,2.8689880000000003,CHN,VNM,6207
2040752,49,239,1354,2004,0.0,8546.0,0.033128,0.47524799999999995,COL,VNM,6207
2040753,54,239,1354,2004,0.0,35198.0,-0.040541,-0.634675,CUB,VNM,6207
2040754,59,239,1354,2004,0.0,68599.0,1.562625,0.865244,CZE,VNM,6207
2040755,61,239,1354,2004,0.0,504627.0,2.266076,-2.011139,DEU,VNM,6207
2040756,71,239,1354,2004,9122.0,171727.0,0.9784649999999999,2.051216,ESP,VNM,6207
2040757,77,239,1354,2004,0.0,403669.0,1.6003530000000001,0.643945,FRA,VNM,6207
2040758,81,239,1354,2004,0.0,532433.0,1.843506,0.684779,GBR,VNM,6207
2040759,82,239,1354,2004,0.0,1354.0,0.381348,-0.44259,GEO,VNM,6207
2040760,85,239,1354,2004,0.0,6154.0,-1.314543,-1.155153,GIN,VNM,6207
2040761,93,239,1354,2004,0.0,25309.0,-0.46136000000000005,0.148122,GTM,VNM,6207
2040762,97,239,1354,2004,12609.0,79124.0,0.604825,2.098745,HKG,VNM,6207
2040763,100,239,1354,2004,0.0,10578.0,0.6669970000000001,1.088043,HRV,VNM,6207
2040764,102,239,1354,2004,0.0,121187.0,1.207082,1.019714,HUN,VNM,6207
2040765,104,239,1354,2004,1334.0,0.0,0.233348,2.790987,IND,VNM,6207
2040766,110,239,1354,2004,0.0,15861.0,1.250393,0.8003979999999999,ISR,VNM,6207
2040767,111,239,1354,2004,0.0,322205.0,1.358057,1.11533,ITA,VNM,6207
2040768,114,239,1354,2004,6217.0,5834092.0,2.526624,0.452054,JPN,VNM,6207
2040769,121,239,1354,2004,121726.0,156896.0,1.3624690000000002,0.928342,KOR,VNM,6207
2040770,123,239,1354,2004,0.0,179430.0,-1.274622,-1.082807,LAO,VNM,6207
2040771,138,239,1354,2004,0.0,420361.0,0.868684,0.85506,MEX,VNM,6207
2040772,153,239,1354,2004,2701.0,31292.0,0.6710050000000001,0.17807,MYS,VNM,6207
2040773,162,239,1354,2004,0.0,22156.0,1.251808,1.586526,NLD,VNM,6207
2040774,163,239,1354,2004,0.0,3679.0,1.10162,0.118709,NOR,VNM,6207
2040775,166,239,1354,2004,2131.0,0.0,0.567392,0.965781,NZL,VNM,6207
2040776,169,239,1354,2004,0.0,6055.0,-0.011979,0.261315,PAN,VNM,6207
2040777,177,239,1354,2004,0.0,1233366.0,1.019341,1.519452,POL,VNM,6207
2040778,185,239,1354,2004,0.0,312354.0,0.37241599999999997,1.015865,ROU,VNM,6207
2040779,186,239,1354,2004,0.0,20588.0,0.8952399999999999,0.172896,RUS,VNM,6207
2040780,188,239,1354,2004,0.0,342153.0,0.546196,-0.7014729999999999,SAU,VNM,6207
2040781,189,239,1354,2004,0.0,42725.0,0.628071,2.210424,SCG,VNM,6207
2040782,192,239,1354,2004,3816.0,332097.0,1.6409779999999998,0.634947,SGP,VNM,6207
2040783,206,239,1354,2004,0.0,5306.0,1.2375120000000002,0.8777889999999999,SVK,VNM,6207
2040784,207,239,1354,2004,0.0,23893.0,1.628643,1.02381,SVN,VNM,6207
2040785,216,239,1354,2004,25736.0,6999.0,0.5150359999999999,1.583019,THA,VNM,6207
2040786,222,239,1354,2004,0.0,960.0,0.00677,-0.965385,TTO,VNM,6207
2040787,228,239,1354,2004,0.0,2825.0,0.8758040000000001,0.8195879999999999,UKR,VNM,6207
2040788,231,239,1354,2004,0.0,5780810.0,1.7598630000000002,0.066704,USA,VNM,6207
2040789,249,239,1354,2004,983.0,1915228.0,1.626307,1.358315,TWN,VNM,6207
2040790,250,239,1354,2004,0.0,20175.0,0.509382,-0.30904299999999996,ANS,VNM,6207
2040791,7,247,1354,2004,15253.0,0.0,0.1799,-0.34541900000000003,ARE,ZMB,6207
2040792,43,247,1354,2004,14354.0,0.0,0.581548,2.8689880000000003,CHN,ZMB,6207
2040793,97,247,1354,2004,2377.0,0.0,0.604825,2.098745,HKG,ZMB,6207
2040794,216,247,1354,2004,2385.0,0.0,0.5150359999999999,1.583019,THA,ZMB,6207
2040795,226,247,1354,2004,885.0,0.0,-1.022658,-0.007045999999999999,TZA,ZMB,6207
2040796,246,247,1354,2004,41553.0,0.0,0.460279,1.9736220000000002,ZAF,ZMB,6207
2040797,249,247,1354,2004,2267.0,0.0,1.626307,1.358315,TWN,ZMB,6207
2040798,42,248,1354,2004,98568.0,0.0,-0.07869,-0.33641,CHL,ZWE,6207
2040799,43,248,1354,2004,30243.0,0.0,0.581548,2.8689880000000003,CHN,ZWE,6207
2040800,216,248,1354,2004,1965.0,0.0,0.5150359999999999,1.583019,THA,ZWE,6207
2040801,231,248,1354,2004,2086.0,0.0,1.7598630000000002,0.066704,USA,ZWE,6207
2040802,246,248,1354,2004,24940.0,0.0,0.460279,1.9736220000000002,ZAF,ZWE,6207
2040803,250,248,1354,2004,8346.0,0.0,0.509382,-0.30904299999999996,ANS,ZWE,6207
2040804,7,73,1354,2004,30273.0,0.0,0.1799,-0.34541900000000003,ARE,ETH,6207
2040805,15,73,1354,2004,1081.0,0.0,1.825391,0.40553,AUT,ETH,6207
2040806,39,73,1354,2004,706.0,0.0,0.9392739999999999,1.19228,CAN,ETH,6207
2040807,41,73,1354,2004,13258.0,0.0,2.151471,0.7196279999999999,CHE,ETH,6207
2040808,43,73,1354,2004,204726.0,0.0,0.581548,2.8689880000000003,CHN,ETH,6207
2040809,61,73,1354,2004,34285.0,0.0,2.266076,-2.011139,DEU,ETH,6207
2040810,64,73,1354,2004,0.0,83316.0,1.328968,1.262743,DNK,ETH,6207
2040811,77,73,1354,2004,17472.0,0.0,1.6003530000000001,0.643945,FRA,ETH,6207
2040812,81,73,1354,2004,10920.0,0.0,1.843506,0.684779,GBR,ETH,6207
2040813,103,73,1354,2004,116474.0,0.0,-0.223644,1.719065,IDN,ETH,6207
2040814,104,73,1354,2004,42700.0,0.0,0.233348,2.790987,IND,ETH,6207
2040815,111,73,1354,2004,1277.0,22638.0,1.358057,1.11533,ITA,ETH,6207
2040816,114,73,1354,2004,1568.0,0.0,2.526624,0.452054,JPN,ETH,6207
2040817,121,73,1354,2004,1499.0,0.0,1.3624690000000002,0.928342,KOR,ETH,6207
2040818,163,73,1354,2004,499.0,0.0,1.10162,0.118709,NOR,ETH,6207
2040819,168,73,1354,2004,1354.0,0.0,-0.754143,0.25995100000000004,PAK,ETH,6207
2040820,188,73,1354,2004,4249.0,0.0,0.546196,-0.7014729999999999,SAU,ETH,6207
2040821,216,73,1354,2004,5815.0,0.0,0.5150359999999999,1.583019,THA,ETH,6207
2040822,224,73,1354,2004,43718.0,0.0,0.141454,1.9463599999999999,TUR,ETH,6207
2040823,231,73,1354,2004,0.0,514024.0,1.7598630000000002,0.066704,USA,ETH,6207
2040824,6,120,1354,2004,2490.0,0.0,0.726256,-0.48520699999999994,ANT,KNA,6207
2040825,43,120,1354,2004,3334.0,0.0,0.581548,2.8689880000000003,CHN,KNA,6207
2040826,102,120,1354,2004,0.0,255616.0,1.207082,1.019714,HUN,KNA,6207
2040827,103,120,1354,2004,1604.0,0.0,-0.223644,1.719065,IDN,KNA,6207
2040828,231,120,1354,2004,21934.0,964.0,1.7598630000000002,0.066704,USA,KNA,6207
2040829,33,127,1354,2004,25274.0,0.0,0.8541559999999999,0.25895799999999997,BRB,LCA,6207
2040830,39,127,1354,2004,773.0,0.0,0.9392739999999999,1.19228,CAN,LCA,6207
2040831,43,127,1354,2004,17636.0,0.0,0.581548,2.8689880000000003,CHN,LCA,6207
2040832,112,127,1354,2004,1260.0,0.0,-0.64957,-0.944183,JAM,LCA,6207
2040833,169,127,1354,2004,23205.0,0.0,-0.011979,0.261315,PAN,LCA,6207
2040834,222,127,1354,2004,884.0,0.0,0.00677,-0.965385,TTO,LCA,6207
2040835,231,127,1354,2004,29550.0,22423.0,1.7598630000000002,0.066704,USA,LCA,6207
2040836,104,149,1354,2004,3148.0,0.0,0.233348,2.790987,IND,MSR,6207
2040837,6,234,1354,2004,9065.0,0.0,0.726256,-0.48520699999999994,ANT,VCT,6207
2040838,43,234,1354,2004,9385.0,0.0,0.581548,2.8689880000000003,CHN,VCT,6207
2040839,111,234,1354,2004,40149.0,0.0,1.358057,1.11533,ITA,VCT,6207
2040840,169,234,1354,2004,11936.0,0.0,-0.011979,0.261315,PAN,VCT,6207
2040841,231,234,1354,2004,12436.0,0.0,1.7598630000000002,0.066704,USA,VCT,6207
2040842,249,234,1354,2004,616.0,0.0,1.626307,1.358315,TWN,VCT,6207
2040843,43,5,1354,2004,660.0,0.0,0.581548,2.8689880000000003,CHN,AND,6207
2040844,61,5,1354,2004,819.0,0.0,2.266076,-2.011139,DEU,AND,6207
2040845,71,5,1354,2004,189556.0,4726.0,0.9784649999999999,2.051216,ESP,AND,6207
2040846,77,5,1354,2004,8740.0,39238.0,1.6003530000000001,0.643945,FRA,AND,6207
2040847,81,5,1354,2004,12469.0,0.0,1.843506,0.684779,GBR,AND,6207
2040848,97,5,1354,2004,3027.0,0.0,0.604825,2.098745,HKG,AND,6207
2040849,111,5,1354,2004,3502.0,0.0,1.358057,1.11533,ITA,AND,6207
2040850,162,5,1354,2004,9632.0,0.0,1.251808,1.586526,NLD,AND,6207
2040851,189,5,1354,2004,0.0,3440.0,0.628071,2.210424,SCG,AND,6207
2040852,15,26,1354,2004,83541.0,8745.0,1.825391,0.40553,AUT,BIH,6207
2040853,23,26,1354,2004,2344.0,0.0,0.35536,1.499182,BGR,BIH,6207
2040854,28,26,1354,2004,4991.0,0.0,0.8553139999999999,0.703926,BLR,BIH,6207
2040855,41,26,1354,2004,6941.0,2565.0,2.151471,0.7196279999999999,CHE,BIH,6207
2040856,43,26,1354,2004,191531.0,0.0,0.581548,2.8689880000000003,CHN,BIH,6207
2040857,58,26,1354,2004,14943.0,0.0,0.533521,0.615939,CYP,BIH,6207
2040858,61,26,1354,2004,82541.0,2999.0,2.266076,-2.011139,DEU,BIH,6207
2040859,64,26,1354,2004,14800.0,0.0,1.328968,1.262743,DNK,BIH,6207
2040860,71,26,1354,2004,20768.0,0.0,0.9784649999999999,2.051216,ESP,BIH,6207
2040861,77,26,1354,2004,29544.0,0.0,1.6003530000000001,0.643945,FRA,BIH,6207
2040862,81,26,1354,2004,3910.0,0.0,1.843506,0.684779,GBR,BIH,6207
2040863,90,26,1354,2004,8070.0,0.0,0.348853,1.661656,GRC,BIH,6207
2040864,97,26,1354,2004,1093.0,0.0,0.604825,2.098745,HKG,BIH,6207
2040865,100,26,1354,2004,138276.0,93642.0,0.6669970000000001,1.088043,HRV,BIH,6207
2040866,102,26,1354,2004,85754.0,2249.0,1.207082,1.019714,HUN,BIH,6207
2040867,103,26,1354,2004,5267.0,0.0,-0.223644,1.719065,IDN,BIH,6207
2040868,104,26,1354,2004,22839.0,0.0,0.233348,2.790987,IND,BIH,6207
2040869,111,26,1354,2004,1142762.0,356930.0,1.358057,1.11533,ITA,BIH,6207
2040870,121,26,1354,2004,889.0,0.0,1.3624690000000002,0.928342,KOR,BIH,6207
2040871,124,26,1354,2004,307.0,0.0,0.32409899999999997,1.037024,LBN,BIH,6207
2040872,134,26,1354,2004,822.0,0.0,-0.681556,-0.152372,MAR,BIH,6207
2040873,135,26,1354,2004,3790.0,0.0,-0.155523,-0.355142,MDA,BIH,6207
2040874,140,26,1354,2004,24263.0,0.0,-0.091013,0.190649,MKD,BIH,6207
2040875,162,26,1354,2004,23262.0,0.0,1.251808,1.586526,NLD,BIH,6207
2040876,163,26,1354,2004,17467.0,0.0,1.10162,0.118709,NOR,BIH,6207
2040877,168,26,1354,2004,9353.0,0.0,-0.754143,0.25995100000000004,PAK,BIH,6207
2040878,179,26,1354,2004,5450.0,0.0,0.524524,1.901139,PRT,BIH,6207
2040879,185,26,1354,2004,26493.0,0.0,0.37241599999999997,1.015865,ROU,BIH,6207
2040880,189,26,1354,2004,534475.0,47157.0,0.628071,2.210424,SCG,BIH,6207
2040881,207,26,1354,2004,246641.0,11721.0,1.628643,1.02381,SVN,BIH,6207
2040882,208,26,1354,2004,12247.0,698.0,2.0522080000000003,0.8326969999999999,SWE,BIH,6207
2040883,216,26,1354,2004,3456.0,0.0,0.5150359999999999,1.583019,THA,BIH,6207
2040884,224,26,1354,2004,170327.0,1099.0,0.141454,1.9463599999999999,TUR,BIH,6207
2040885,231,26,1354,2004,9061.0,0.0,1.7598630000000002,0.066704,USA,BIH,6207
2040886,239,26,1354,2004,2139.0,0.0,-0.5270560000000001,0.8910389999999999,VNM,BIH,6207
2040887,249,26,1354,2004,1371.0,0.0,1.626307,1.358315,TWN,BIH,6207
2040888,250,26,1354,2004,30.0,0.0,0.509382,-0.30904299999999996,ANS,BIH,6207
2040889,7,82,1354,2004,4458.0,0.0,0.1799,-0.34541900000000003,ARE,GEO,6207
2040890,9,82,1354,2004,6781.0,0.0,0.661799,-0.140004,ARM,GEO,6207
2040891,15,82,1354,2004,6397.0,0.0,1.825391,0.40553,AUT,GEO,6207
2040892,16,82,1354,2004,11452.0,0.0,-0.393221,-0.9494440000000001,AZE,GEO,6207
2040893,18,82,1354,2004,16101.0,0.0,1.350911,1.408209,BEL,GEO,6207
2040894,43,82,1354,2004,9187.0,0.0,0.581548,2.8689880000000003,CHN,GEO,6207
2040895,61,82,1354,2004,45399.0,0.0,2.266076,-2.011139,DEU,GEO,6207
2040896,64,82,1354,2004,13708.0,0.0,1.328968,1.262743,DNK,GEO,6207
2040897,107,82,1354,2004,6845.0,0.0,-0.38210700000000003,-0.8408620000000001,IRN,GEO,6207
2040898,111,82,1354,2004,3393.0,0.0,1.358057,1.11533,ITA,GEO,6207
2040899,114,82,1354,2004,1744.0,0.0,2.526624,0.452054,JPN,GEO,6207
2040900,189,82,1354,2004,5269.0,0.0,0.628071,2.210424,SCG,GEO,6207
2040901,212,82,1354,2004,1572.0,0.0,-0.568707,-0.034736,SYR,GEO,6207
2040902,224,82,1354,2004,151292.0,0.0,0.141454,1.9463599999999999,TUR,GEO,6207
2040903,228,82,1354,2004,1371.0,0.0,0.8758040000000001,0.8195879999999999,UKR,GEO,6207
2040904,239,82,1354,2004,1354.0,0.0,-0.5270560000000001,0.8910389999999999,VNM,GEO,6207
2040905,15,109,1354,2004,4951.0,0.0,1.825391,0.40553,AUT,ISL,6207
2040906,22,109,1354,2004,2393.0,0.0,-1.150444,-0.885333,BGD,ISL,6207
2040907,39,109,1354,2004,11444.0,0.0,0.9392739999999999,1.19228,CAN,ISL,6207
2040908,43,109,1354,2004,153181.0,0.0,0.581548,2.8689880000000003,CHN,ISL,6207
2040909,61,109,1354,2004,16991.0,0.0,2.266076,-2.011139,DEU,ISL,6207
2040910,64,109,1354,2004,63568.0,0.0,1.328968,1.262743,DNK,ISL,6207
2040911,71,109,1354,2004,14042.0,0.0,0.9784649999999999,2.051216,ESP,ISL,6207
2040912,72,109,1354,2004,4775.0,0.0,0.6101840000000001,0.9520370000000001,EST,ISL,6207
2040913,77,109,1354,2004,22481.0,0.0,1.6003530000000001,0.643945,FRA,ISL,6207
2040914,78,109,1354,2004,0.0,2423.0,-1.026359,-0.960327,FRO,ISL,6207
2040915,81,109,1354,2004,202606.0,0.0,1.843506,0.684779,GBR,ISL,6207
2040916,90,109,1354,2004,544.0,0.0,0.348853,1.661656,GRC,ISL,6207
2040917,97,109,1354,2004,17003.0,0.0,0.604825,2.098745,HKG,ISL,6207
2040918,103,109,1354,2004,847.0,0.0,-0.223644,1.719065,IDN,ISL,6207
2040919,104,109,1354,2004,29284.0,0.0,0.233348,2.790987,IND,ISL,6207
2040920,111,109,1354,2004,6218.0,0.0,1.358057,1.11533,ITA,ISL,6207
2040921,130,109,1354,2004,1126.0,0.0,0.403568,0.632707,LTU,ISL,6207
2040922,132,109,1354,2004,2296.0,9899.0,0.413821,0.627853,LVA,ISL,6207
2040923,133,109,1354,2004,2876.0,0.0,-0.351045,-0.487521,MAC,ISL,6207
2040924,153,109,1354,2004,462.0,0.0,0.6710050000000001,0.17807,MYS,ISL,6207
2040925,162,109,1354,2004,56529.0,26038.0,1.251808,1.586526,NLD,ISL,6207
2040926,163,109,1354,2004,9026.0,0.0,1.10162,0.118709,NOR,ISL,6207
2040927,168,109,1354,2004,10634.0,0.0,-0.754143,0.25995100000000004,PAK,ISL,6207
2040928,174,109,1354,2004,541.0,0.0,-0.076709,-0.149006,PHL,ISL,6207
2040929,177,109,1354,2004,1088.0,0.0,1.019341,1.519452,POL,ISL,6207
2040930,179,109,1354,2004,3933.0,0.0,0.524524,1.901139,PRT,ISL,6207
2040931,185,109,1354,2004,791.0,0.0,0.37241599999999997,1.015865,ROU,ISL,6207
2040932,208,109,1354,2004,5935.0,0.0,2.0522080000000003,0.8326969999999999,SWE,ISL,6207
2040933,216,109,1354,2004,1716.0,0.0,0.5150359999999999,1.583019,THA,ISL,6207
2040934,224,109,1354,2004,12844.0,0.0,0.141454,1.9463599999999999,TUR,ISL,6207
2040935,231,109,1354,2004,15498.0,0.0,1.7598630000000002,0.066704,USA,ISL,6207
2040936,18,135,1354,2004,0.0,42959.0,1.350911,1.408209,BEL,MDA,6207
2040937,23,135,1354,2004,0.0,1884.0,0.35536,1.499182,BGR,MDA,6207
2040938,26,135,1354,2004,0.0,3790.0,0.385952,0.571774,BIH,MDA,6207
2040939,43,135,1354,2004,6585.0,0.0,0.581548,2.8689880000000003,CHN,MDA,6207
2040940,61,135,1354,2004,1824.0,0.0,2.266076,-2.011139,DEU,MDA,6207
2040941,97,135,1354,2004,9539.0,0.0,0.604825,2.098745,HKG,MDA,6207
2040942,102,135,1354,2004,933.0,0.0,1.207082,1.019714,HUN,MDA,6207
2040943,111,135,1354,2004,982.0,72604.0,1.358057,1.11533,ITA,MDA,6207
2040944,185,135,1354,2004,19424.0,0.0,0.37241599999999997,1.015865,ROU,MDA,6207
2040945,186,135,1354,2004,0.0,11164.0,0.8952399999999999,0.172896,RUS,MDA,6207
2040946,224,135,1354,2004,7986.0,6052.0,0.141454,1.9463599999999999,TUR,MDA,6207
2040947,231,135,1354,2004,14920.0,34151.0,1.7598630000000002,0.066704,USA,MDA,6207
2040948,4,140,1354,2004,0.0,1941.0,-0.131892,0.14985199999999999,ALB,MKD,6207
2040949,7,140,1354,2004,0.0,1201.0,0.1799,-0.34541900000000003,ARE,MKD,6207
2040950,15,140,1354,2004,1638.0,0.0,1.825391,0.40553,AUT,MKD,6207
2040951,23,140,1354,2004,7537.0,2594.0,0.35536,1.499182,BGR,MKD,6207
2040952,26,140,1354,2004,0.0,24263.0,0.385952,0.571774,BIH,MKD,6207
2040953,41,140,1354,2004,0.0,44183.0,2.151471,0.7196279999999999,CHE,MKD,6207
2040954,43,140,1354,2004,15852.0,0.0,0.581548,2.8689880000000003,CHN,MKD,6207
2040955,61,140,1354,2004,3173.0,162255.0,2.266076,-2.011139,DEU,MKD,6207
2040956,64,140,1354,2004,2134.0,0.0,1.328968,1.262743,DNK,MKD,6207
2040957,71,140,1354,2004,0.0,30877.0,0.9784649999999999,2.051216,ESP,MKD,6207
2040958,77,140,1354,2004,3064.0,0.0,1.6003530000000001,0.643945,FRA,MKD,6207
2040959,90,140,1354,2004,30367.0,123116.0,0.348853,1.661656,GRC,MKD,6207
2040960,100,140,1354,2004,12438.0,77707.0,0.6669970000000001,1.088043,HRV,MKD,6207
2040961,102,140,1354,2004,5743.0,785.0,1.207082,1.019714,HUN,MKD,6207
2040962,111,140,1354,2004,20202.0,0.0,1.358057,1.11533,ITA,MKD,6207
2040963,162,140,1354,2004,0.0,9858.0,1.251808,1.586526,NLD,MKD,6207
2040964,177,140,1354,2004,10683.0,0.0,1.019341,1.519452,POL,MKD,6207
2040965,189,140,1354,2004,113821.0,82664.0,0.628071,2.210424,SCG,MKD,6207
2040966,207,140,1354,2004,4740.0,997.0,1.628643,1.02381,SVN,MKD,6207
2040967,224,140,1354,2004,59113.0,0.0,0.141454,1.9463599999999999,TUR,MKD,6207
2040968,228,140,1354,2004,0.0,13362.0,0.8758040000000001,0.8195879999999999,UKR,MKD,6207
2040969,21,157,1354,2004,21527.0,0.0,-1.000801,-1.00024,BFA,NER,6207
2040970,97,157,1354,2004,4511.0,0.0,0.604825,2.098745,HKG,NER,6207
2040971,43,178,1354,2004,30029.0,47814.0,0.581548,2.8689880000000003,CHN,PRK,6207
2040972,52,178,1354,2004,0.0,1829.0,-0.043266000000000006,-0.376239,CRI,PRK,6207
2040973,61,178,1354,2004,2095.0,0.0,2.266076,-2.011139,DEU,PRK,6207
2040974,114,178,1354,2004,5105.0,0.0,2.526624,0.452054,JPN,PRK,6207
2040975,160,178,1354,2004,0.0,9788.0,-0.9789479999999999,-0.8374219999999999,NIC,PRK,6207
2040976,216,178,1354,2004,1230.0,0.0,0.5150359999999999,1.583019,THA,PRK,6207
2040977,249,178,1354,2004,0.0,105221.0,1.626307,1.358315,TWN,PRK,6207
2040978,43,195,1354,2004,7423.0,0.0,0.581548,2.8689880000000003,CHN,SLB,6207
2040979,192,195,1354,2004,2563.0,0.0,1.6409779999999998,0.634947,SGP,SLB,6207
2040980,216,219,1354,2004,3592.0,0.0,0.5150359999999999,1.583019,THA,TKM,6207
2040981,224,219,1354,2004,2915.0,0.0,0.141454,1.9463599999999999,TUR,TKM,6207
2040982,231,219,1354,2004,0.0,382390.0,1.7598630000000002,0.066704,USA,TKM,6207
2040983,23,4,1354,2004,13301.0,0.0,0.35536,1.499182,BGR,ALB,6207
2040984,43,4,1354,2004,228510.0,0.0,0.581548,2.8689880000000003,CHN,ALB,6207
2040985,61,4,1354,2004,10027.0,0.0,2.266076,-2.011139,DEU,ALB,6207
2040986,90,4,1354,2004,75016.0,31166.0,0.348853,1.661656,GRC,ALB,6207
2040987,111,4,1354,2004,1501481.0,2079623.0,1.358057,1.11533,ITA,ALB,6207
2040988,140,4,1354,2004,1941.0,0.0,-0.091013,0.190649,MKD,ALB,6207
2040989,189,4,1354,2004,2979.0,0.0,0.628071,2.210424,SCG,ALB,6207
2040990,224,4,1354,2004,122782.0,0.0,0.141454,1.9463599999999999,TUR,ALB,6207
2040991,32,31,1354,2004,77966.0,0.0,0.540718,1.149065,BRA,BOL,6207
2040992,42,31,1354,2004,1641042.0,3949.0,-0.07869,-0.33641,CHL,BOL,6207
2040993,43,31,1354,2004,40167.0,0.0,0.581548,2.8689880000000003,CHN,BOL,6207
2040994,49,31,1354,2004,2994.0,0.0,0.033128,0.47524799999999995,COL,BOL,6207
2040995,64,31,1354,2004,2385.0,0.0,1.328968,1.262743,DNK,BOL,6207
2040996,65,31,1354,2004,5356.0,0.0,-0.510025,-0.328257,DOM,BOL,6207
2040997,168,31,1354,2004,6187.0,0.0,-0.754143,0.25995100000000004,PAK,BOL,6207
2040998,169,31,1354,2004,2754.0,0.0,-0.011979,0.261315,PAN,BOL,6207
2040999,173,31,1354,2004,11424.0,0.0,-0.564244,0.131232,PER,BOL,6207
2041000,180,31,1354,2004,1266.0,0.0,-0.64574,-0.978875,PRY,BOL,6207
2041001,231,31,1354,2004,7877.0,411871.0,1.7598630000000002,0.066704,USA,BOL,6207
2041002,7,66,1354,2004,38878.0,0.0,0.1799,-0.34541900000000003,ARE,DZA,6207
2041003,43,66,1354,2004,600254.0,0.0,0.581548,2.8689880000000003,CHN,DZA,6207
2041004,71,66,1354,2004,14426.0,0.0,0.9784649999999999,2.051216,ESP,DZA,6207
2041005,77,66,1354,2004,193631.0,0.0,1.6003530000000001,0.643945,FRA,DZA,6207
2041006,97,66,1354,2004,10030.0,0.0,0.604825,2.098745,HKG,DZA,6207
2041007,103,66,1354,2004,2517.0,0.0,-0.223644,1.719065,IDN,DZA,6207
2041008,111,66,1354,2004,20290.0,0.0,1.358057,1.11533,ITA,DZA,6207
2041009,188,66,1354,2004,29658.0,0.0,0.546196,-0.7014729999999999,SAU,DZA,6207
2041010,212,66,1354,2004,11884.0,0.0,-0.568707,-0.034736,SYR,DZA,6207
2041011,216,66,1354,2004,3169.0,0.0,0.5150359999999999,1.583019,THA,DZA,6207
2041012,224,66,1354,2004,612706.0,0.0,0.141454,1.9463599999999999,TUR,DZA,6207
2041013,39,159,1354,2004,1807.0,0.0,0.9392739999999999,1.19228,CAN,NGA,6207
2041014,43,159,1354,2004,101780.0,0.0,0.581548,2.8689880000000003,CHN,NGA,6207
2041015,81,159,1354,2004,34584.0,0.0,1.843506,0.684779,GBR,NGA,6207
2041016,103,159,1354,2004,34176.0,0.0,-0.223644,1.719065,IDN,NGA,6207
2041017,104,159,1354,2004,237315.0,0.0,0.233348,2.790987,IND,NGA,6207
2041018,111,159,1354,2004,83187.0,0.0,1.358057,1.11533,ITA,NGA,6207
2041019,168,159,1354,2004,29551.0,0.0,-0.754143,0.25995100000000004,PAK,NGA,6207
2041020,189,159,1354,2004,1611.0,0.0,0.628071,2.210424,SCG,NGA,6207
2041021,216,159,1354,2004,11802.0,0.0,0.5150359999999999,1.583019,THA,NGA,6207
2041022,246,159,1354,2004,8426.0,0.0,0.460279,1.9736220000000002,ZAF,NGA,6207
2041023,49,0,1354,2004,2312.0,1391.0,0.033128,0.47524799999999995,COL,ABW,6207
2041024,65,0,1354,2004,69642.0,0.0,-0.510025,-0.328257,DOM,ABW,6207
2041025,97,0,1354,2004,1077.0,0.0,0.604825,2.098745,HKG,ABW,6207
2041026,138,0,1354,2004,5409.0,0.0,0.868684,0.85506,MEX,ABW,6207
2041027,162,0,1354,2004,4976.0,0.0,1.251808,1.586526,NLD,ABW,6207
2041028,169,0,1354,2004,2832.0,0.0,-0.011979,0.261315,PAN,ABW,6207
2041029,231,3,1354,2004,3341.0,0.0,1.7598630000000002,0.066704,USA,AIA,6207
2041030,6,29,1354,2004,9893.0,0.0,0.726256,-0.48520699999999994,ANT,BLZ,6207
2041031,43,29,1354,2004,5468.0,0.0,0.581548,2.8689880000000003,CHN,BLZ,6207
2041032,52,29,1354,2004,5082.0,0.0,-0.043266000000000006,-0.376239,CRI,BLZ,6207
2041033,97,29,1354,2004,2024.0,0.0,0.604825,2.098745,HKG,BLZ,6207
2041034,102,29,1354,2004,0.0,85015.0,1.207082,1.019714,HUN,BLZ,6207
2041035,138,29,1354,2004,1350.0,0.0,0.868684,0.85506,MEX,BLZ,6207
2041036,169,29,1354,2004,710.0,0.0,-0.011979,0.261315,PAN,BLZ,6207
2041037,197,29,1354,2004,975.0,0.0,-0.20529499999999998,0.1116,SLV,BLZ,6207
2041038,222,29,1354,2004,890.0,0.0,0.00677,-0.965385,TTO,BLZ,6207
2041039,231,29,1354,2004,64723.0,0.0,1.7598630000000002,0.066704,USA,BLZ,6207
2041040,39,160,1354,2004,0.0,8902.0,0.9392739999999999,1.19228,CAN,NIC,6207
2041041,43,160,1354,2004,144348.0,0.0,0.581548,2.8689880000000003,CHN,NIC,6207
2041042,49,160,1354,2004,1564.0,0.0,0.033128,0.47524799999999995,COL,NIC,6207
2041043,52,160,1354,2004,1115.0,1640.0,-0.043266000000000006,-0.376239,CRI,NIC,6207
2041044,71,160,1354,2004,1683.0,0.0,0.9784649999999999,2.051216,ESP,NIC,6207
2041045,77,160,1354,2004,1121.0,0.0,1.6003530000000001,0.643945,FRA,NIC,6207
2041046,93,160,1354,2004,6521.0,0.0,-0.46136000000000005,0.148122,GTM,NIC,6207
2041047,97,160,1354,2004,2009.0,0.0,0.604825,2.098745,HKG,NIC,6207
2041048,99,160,1354,2004,10185.0,0.0,-0.75975,-0.548407,HND,NIC,6207
2041049,101,160,1354,2004,1575.0,0.0,-1.348507,-0.979369,HTI,NIC,6207
2041050,104,160,1354,2004,1624.0,0.0,0.233348,2.790987,IND,NIC,6207
2041051,111,160,1354,2004,2497.0,0.0,1.358057,1.11533,ITA,NIC,6207
2041052,138,160,1354,2004,14574.0,2024.0,0.868684,0.85506,MEX,NIC,6207
2041053,169,160,1354,2004,14686.0,0.0,-0.011979,0.261315,PAN,NIC,6207
2041054,173,160,1354,2004,4125.0,0.0,-0.564244,0.131232,PER,NIC,6207
2041055,178,160,1354,2004,9788.0,0.0,0.578991,0.781518,PRK,NIC,6207
2041056,180,160,1354,2004,3521.0,0.0,-0.64574,-0.978875,PRY,NIC,6207
2041057,197,160,1354,2004,77760.0,0.0,-0.20529499999999998,0.1116,SLV,NIC,6207
2041058,207,160,1354,2004,0.0,1600.0,1.628643,1.02381,SVN,NIC,6207
2041059,216,160,1354,2004,19655.0,0.0,0.5150359999999999,1.583019,THA,NIC,6207
2041060,231,160,1354,2004,95751.0,14807403.0,1.7598630000000002,0.066704,USA,NIC,6207
2041061,236,160,1354,2004,1451.0,0.0,0.048698000000000005,-0.899776,VEN,NIC,6207
2041062,249,160,1354,2004,2934.0,0.0,1.626307,1.358315,TWN,NIC,6207
2041063,14,176,1354,2004,44729.0,0.0,0.196641,0.8139460000000001,AUS,PNG,6207
2041064,43,176,1354,2004,30926.0,0.0,0.581548,2.8689880000000003,CHN,PNG,6207
2041065,75,176,1354,2004,2316.0,0.0,-0.8870969999999999,-0.287427,FJI,PNG,6207
2041066,97,176,1354,2004,13451.0,0.0,0.604825,2.098745,HKG,PNG,6207
2041067,103,176,1354,2004,143244.0,0.0,-0.223644,1.719065,IDN,PNG,6207
2041068,104,176,1354,2004,15627.0,0.0,0.233348,2.790987,IND,PNG,6207
2041069,153,176,1354,2004,5971.0,0.0,0.6710050000000001,0.17807,MYS,PNG,6207
2041070,174,176,1354,2004,3471.0,0.0,-0.076709,-0.149006,PHL,PNG,6207
2041071,192,176,1354,2004,24894.0,0.0,1.6409779999999998,0.634947,SGP,PNG,6207
2041072,216,176,1354,2004,44799.0,0.0,0.5150359999999999,1.583019,THA,PNG,6207
2041073,231,176,1354,2004,6856.0,0.0,1.7598630000000002,0.066704,USA,PNG,6207
2041074,7,187,1354,2004,2911.0,0.0,0.1799,-0.34541900000000003,ARE,RWA,6207
2041075,43,187,1354,2004,1190.0,0.0,0.581548,2.8689880000000003,CHN,RWA,6207
2041076,104,187,1354,2004,2132.0,0.0,0.233348,2.790987,IND,RWA,6207
2041077,116,187,1354,2004,11058.0,0.0,-0.503694,0.410495,KEN,RWA,6207
2041078,106,1,1354,2004,0.0,1440.0,1.501859,0.14456,IRL,AFG,6207
2041079,107,1,1354,2004,2075.0,0.0,-0.38210700000000003,-0.8408620000000001,IRN,AFG,6207
2041080,224,1,1354,2004,3095.0,0.0,0.141454,1.9463599999999999,TUR,AFG,6207
2041081,7,9,1354,2004,8745.0,0.0,0.1799,-0.34541900000000003,ARE,ARM,6207
2041082,18,9,1354,2004,20992.0,0.0,1.350911,1.408209,BEL,ARM,6207
2041083,43,9,1354,2004,874.0,0.0,0.581548,2.8689880000000003,CHN,ARM,6207
2041084,81,9,1354,2004,357.0,0.0,1.843506,0.684779,GBR,ARM,6207
2041085,82,9,1354,2004,0.0,6781.0,0.381348,-0.44259,GEO,ARM,6207
2041086,111,9,1354,2004,19201.0,0.0,1.358057,1.11533,ITA,ARM,6207
2041087,177,9,1354,2004,8628.0,0.0,1.019341,1.519452,POL,ARM,6207
2041088,186,9,1354,2004,0.0,2412.0,0.8952399999999999,0.172896,RUS,ARM,6207
2041089,212,9,1354,2004,772.0,0.0,-0.568707,-0.034736,SYR,ARM,6207
2041090,224,9,1354,2004,12452.0,0.0,0.141454,1.9463599999999999,TUR,ARM,6207
2041091,41,17,1354,2004,583.0,0.0,2.151471,0.7196279999999999,CHE,BDI,6207
2041092,77,17,1354,2004,1249.0,0.0,1.6003530000000001,0.643945,FRA,BDI,6207
2041093,64,21,1354,2004,757.0,0.0,1.328968,1.262743,DNK,BFA,6207
2041094,77,21,1354,2004,5975.0,0.0,1.6003530000000001,0.643945,FRA,BFA,6207
2041095,97,21,1354,2004,25362.0,0.0,0.604825,2.098745,HKG,BFA,6207
2041096,157,21,1354,2004,0.0,21527.0,-0.8203799999999999,-0.7488,NER,BFA,6207
2041097,7,34,1354,2004,2477.0,0.0,0.1799,-0.34541900000000003,ARE,BRN,6207
2041098,43,34,1354,2004,38189.0,0.0,0.581548,2.8689880000000003,CHN,BRN,6207
2041099,81,34,1354,2004,52621.0,0.0,1.843506,0.684779,GBR,BRN,6207
2041100,97,34,1354,2004,39309.0,3651.0,0.604825,2.098745,HKG,BRN,6207
2041101,103,34,1354,2004,70000.0,0.0,-0.223644,1.719065,IDN,BRN,6207
2041102,153,34,1354,2004,32223.0,409.0,0.6710050000000001,0.17807,MYS,BRN,6207
2041103,174,34,1354,2004,809.0,0.0,-0.076709,-0.149006,PHL,BRN,6207
2041104,192,34,1354,2004,171599.0,48657.0,1.6409779999999998,0.634947,SGP,BRN,6207
2041105,216,34,1354,2004,25842.0,0.0,0.5150359999999999,1.583019,THA,BRN,6207
2041106,231,34,1354,2004,493.0,20860.0,1.7598630000000002,0.066704,USA,BRN,6207
2041107,43,47,1354,2004,3800.0,0.0,0.581548,2.8689880000000003,CHN,COG,6207
2041108,77,47,1354,2004,6218.0,0.0,1.6003530000000001,0.643945,FRA,COG,6207
2041109,97,47,1354,2004,14692.0,0.0,0.604825,2.098745,HKG,COG,6207
2041110,216,47,1354,2004,100157.0,0.0,0.5150359999999999,1.583019,THA,COG,6207
2041111,7,50,1354,2004,1500.0,0.0,0.1799,-0.34541900000000003,ARE,COM,6207
2041112,231,50,1354,2004,0.0,78275.0,1.7598630000000002,0.066704,USA,COM,6207
2041113,77,62,1354,2004,3731.0,0.0,1.6003530000000001,0.643945,FRA,DJI,6207
2041114,104,62,1354,2004,13536.0,0.0,0.233348,2.790987,IND,DJI,6207
2041115,216,62,1354,2004,1468.0,0.0,0.5150359999999999,1.583019,THA,DJI,6207
2041116,14,75,1354,2004,24479.0,212208.0,0.196641,0.8139460000000001,AUS,FJI,6207
2041117,39,75,1354,2004,0.0,9774.0,0.9392739999999999,1.19228,CAN,FJI,6207
2041118,43,75,1354,2004,69746.0,0.0,0.581548,2.8689880000000003,CHN,FJI,6207
2041119,48,75,1354,2004,0.0,2396.0,0.10636,-0.652109,COK,FJI,6207
2041120,61,75,1354,2004,5828.0,0.0,2.266076,-2.011139,DEU,FJI,6207
2041121,81,75,1354,2004,0.0,13077.0,1.843506,0.684779,GBR,FJI,6207
2041122,97,75,1354,2004,12052.0,0.0,0.604825,2.098745,HKG,FJI,6207
2041123,103,75,1354,2004,22515.0,0.0,-0.223644,1.719065,IDN,FJI,6207
2041124,104,75,1354,2004,34425.0,0.0,0.233348,2.790987,IND,FJI,6207
2041125,119,75,1354,2004,0.0,2223.0,-0.552158,-0.831923,KIR,FJI,6207
2041126,166,75,1354,2004,2834.0,17495.0,0.567392,0.965781,NZL,FJI,6207
2041127,176,75,1354,2004,0.0,2316.0,-1.7599200000000002,-1.219971,PNG,FJI,6207
2041128,192,75,1354,2004,2698.0,0.0,1.6409779999999998,0.634947,SGP,FJI,6207
2041129,216,75,1354,2004,24012.0,0.0,0.5150359999999999,1.583019,THA,FJI,6207
2041130,221,75,1354,2004,0.0,1369.0,-0.639641,-0.798275,TON,FJI,6207
2041131,225,75,1354,2004,0.0,1816.0,1.4753180000000001,-0.446762,TUV,FJI,6207
2041132,231,75,1354,2004,2298.0,75929.0,1.7598630000000002,0.066704,USA,FJI,6207
2041133,240,75,1354,2004,0.0,3961.0,-1.2338790000000002,-0.969297,VUT,FJI,6207
2041134,242,75,1354,2004,0.0,12153.0,-0.129153,-0.6165510000000001,WSM,FJI,6207
2041135,249,75,1354,2004,11055.0,0.0,1.626307,1.358315,TWN,FJI,6207
2041136,250,75,1354,2004,0.0,54798.0,0.509382,-0.30904299999999996,ANS,FJI,6207
2041137,43,85,1354,2004,119833.0,0.0,0.581548,2.8689880000000003,CHN,GIN,6207
2041138,77,85,1354,2004,2128.0,0.0,1.6003530000000001,0.643945,FRA,GIN,6207
2041139,88,85,1354,2004,0.0,697.0,-1.423263,-0.9892280000000001,GNB,GIN,6207
2041140,97,85,1354,2004,66769.0,0.0,0.604825,2.098745,HKG,GIN,6207
2041141,103,85,1354,2004,92229.0,0.0,-0.223644,1.719065,IDN,GIN,6207
2041142,111,85,1354,2004,1367.0,0.0,1.358057,1.11533,ITA,GIN,6207
2041143,188,85,1354,2004,739.0,0.0,0.546196,-0.7014729999999999,SAU,GIN,6207
2041144,216,85,1354,2004,40147.0,0.0,0.5150359999999999,1.583019,THA,GIN,6207
2041145,231,85,1354,2004,8518.0,0.0,1.7598630000000002,0.066704,USA,GIN,6207
2041146,239,85,1354,2004,6154.0,0.0,-0.5270560000000001,0.8910389999999999,VNM,GIN,6207
2041147,97,87,1354,2004,16010.0,0.0,0.604825,2.098745,HKG,GMB,6207
2041148,103,87,1354,2004,1736.0,0.0,-0.223644,1.719065,IDN,GMB,6207
2041149,121,87,1354,2004,1098.0,0.0,1.3624690000000002,0.928342,KOR,GMB,6207
2041150,224,87,1354,2004,1248.0,0.0,0.141454,1.9463599999999999,TUR,GMB,6207
2041151,43,108,1354,2004,4951.0,0.0,0.581548,2.8689880000000003,CHN,IRQ,6207
2041152,68,108,1354,2004,123415.0,0.0,-0.300563,0.41834899999999997,EGY,IRQ,6207
2041153,71,108,1354,2004,2432.0,0.0,0.9784649999999999,2.051216,ESP,IRQ,6207
2041154,81,108,1354,2004,48246.0,0.0,1.843506,0.684779,GBR,IRQ,6207
2041155,107,108,1354,2004,515773.0,0.0,-0.38210700000000003,-0.8408620000000001,IRN,IRQ,6207
2041156,113,108,1354,2004,15261.0,0.0,0.152989,0.385845,JOR,IRQ,6207
2041157,124,108,1354,2004,1000.0,0.0,0.32409899999999997,1.037024,LBN,IRQ,6207
2041158,188,108,1354,2004,27733.0,0.0,0.546196,-0.7014729999999999,SAU,IRQ,6207
2041159,224,108,1354,2004,348095.0,0.0,0.141454,1.9463599999999999,TUR,IRQ,6207
2041160,231,108,1354,2004,10472.0,0.0,1.7598630000000002,0.066704,USA,IRQ,6207
2041161,246,108,1354,2004,1872.0,0.0,0.460279,1.9736220000000002,ZAF,IRQ,6207
2041162,14,118,1354,2004,0.0,3130.0,0.196641,0.8139460000000001,AUS,KHM,6207
2041163,15,118,1354,2004,0.0,20967.0,1.825391,0.40553,AUT,KHM,6207
2041164,39,118,1354,2004,0.0,539790.0,0.9392739999999999,1.19228,CAN,KHM,6207
2041165,41,118,1354,2004,0.0,14662.0,2.151471,0.7196279999999999,CHE,KHM,6207
2041166,42,118,1354,2004,0.0,2415.0,-0.07869,-0.33641,CHL,KHM,6207
2041167,43,118,1354,2004,15428.0,3381.0,0.581548,2.8689880000000003,CHN,KHM,6207
2041168,61,118,1354,2004,0.0,317829.0,2.266076,-2.011139,DEU,KHM,6207
2041169,64,118,1354,2004,0.0,935.0,1.328968,1.262743,DNK,KHM,6207
2041170,71,118,1354,2004,0.0,26905.0,0.9784649999999999,2.051216,ESP,KHM,6207
2041171,77,118,1354,2004,0.0,25436.0,1.6003530000000001,0.643945,FRA,KHM,6207
2041172,81,118,1354,2004,0.0,173886.0,1.843506,0.684779,GBR,KHM,6207
2041173,90,118,1354,2004,0.0,3302.0,0.348853,1.661656,GRC,KHM,6207
2041174,97,118,1354,2004,0.0,210.0,0.604825,2.098745,HKG,KHM,6207
2041175,111,118,1354,2004,0.0,7814.0,1.358057,1.11533,ITA,KHM,6207
2041176,114,118,1354,2004,0.0,61356.0,2.526624,0.452054,JPN,KHM,6207
2041177,121,118,1354,2004,0.0,19287.0,1.3624690000000002,0.928342,KOR,KHM,6207
2041178,162,118,1354,2004,0.0,14099.0,1.251808,1.586526,NLD,KHM,6207
2041179,179,118,1354,2004,0.0,519.0,0.524524,1.901139,PRT,KHM,6207
2041180,192,118,1354,2004,0.0,289329.0,1.6409779999999998,0.634947,SGP,KHM,6207
2041181,216,118,1354,2004,14617.0,0.0,0.5150359999999999,1.583019,THA,KHM,6207
2041182,224,118,1354,2004,0.0,17465.0,0.141454,1.9463599999999999,TUR,KHM,6207
2041183,231,118,1354,2004,0.0,19403920.0,1.7598630000000002,0.066704,USA,KHM,6207
2041184,249,118,1354,2004,0.0,41143.0,1.626307,1.358315,TWN,KHM,6207
2041185,64,125,1354,2004,3673.0,0.0,1.328968,1.262743,DNK,LBR,6207
2041186,97,125,1354,2004,7604.0,0.0,0.604825,2.098745,HKG,LBR,6207
2041187,103,125,1354,2004,8203.0,0.0,-0.223644,1.719065,IDN,LBR,6207
2041188,168,125,1354,2004,46944.0,0.0,-0.754143,0.25995100000000004,PAK,LBR,6207
2041189,43,126,1354,2004,20030.0,0.0,0.581548,2.8689880000000003,CHN,LBY,6207
2041190,68,126,1354,2004,2002.0,0.0,-0.300563,0.41834899999999997,EGY,LBY,6207
2041191,104,126,1354,2004,1547.0,0.0,0.233348,2.790987,IND,LBY,6207
2041192,111,126,1354,2004,52568.0,0.0,1.358057,1.11533,ITA,LBY,6207
2041193,121,126,1354,2004,15445.0,0.0,1.3624690000000002,0.928342,KOR,LBY,6207
2041194,216,126,1354,2004,11580.0,0.0,0.5150359999999999,1.583019,THA,LBY,6207
2041195,223,126,1354,2004,20395.0,0.0,-0.195751,0.335147,TUN,LBY,6207
2041196,224,126,1354,2004,1053585.0,0.0,0.141454,1.9463599999999999,TUR,LBY,6207
2041197,18,136,1354,2004,0.0,107209.0,1.350911,1.408209,BEL,MDG,6207
2041198,39,136,1354,2004,0.0,41683.0,0.9392739999999999,1.19228,CAN,MDG,6207
2041199,43,136,1354,2004,56814.0,0.0,0.581548,2.8689880000000003,CHN,MDG,6207
2041200,71,136,1354,2004,0.0,2642.0,0.9784649999999999,2.051216,ESP,MDG,6207
2041201,77,136,1354,2004,5827.0,355968.0,1.6003530000000001,0.643945,FRA,MDG,6207
2041202,81,136,1354,2004,0.0,160434.0,1.843506,0.684779,GBR,MDG,6207
2041203,100,136,1354,2004,0.0,1146.0,0.6669970000000001,1.088043,HRV,MDG,6207
2041204,103,136,1354,2004,6602.0,0.0,-0.223644,1.719065,IDN,MDG,6207
2041205,138,136,1354,2004,0.0,2570.0,0.868684,0.85506,MEX,MDG,6207
2041206,151,136,1354,2004,3843.0,1338.0,-0.374754,-0.288504,MUS,MDG,6207
2041207,216,136,1354,2004,2834.0,0.0,0.5150359999999999,1.583019,THA,MDG,6207
2041208,231,136,1354,2004,0.0,1052706.0,1.7598630000000002,0.066704,USA,MDG,6207
2041209,97,137,1354,2004,246.0,0.0,0.604825,2.098745,HKG,MDV,6207
2041210,103,137,1354,2004,8135.0,0.0,-0.223644,1.719065,IDN,MDV,6207
2041211,104,137,1354,2004,9884.0,0.0,0.233348,2.790987,IND,MDV,6207
2041212,128,137,1354,2004,2515.0,0.0,-0.658668,0.21912600000000002,LKA,MDV,6207
2041213,151,137,1354,2004,1597.0,0.0,-0.374754,-0.288504,MUS,MDV,6207
2041214,168,137,1354,2004,2331.0,0.0,-0.754143,0.25995100000000004,PAK,MDV,6207
2041215,192,137,1354,2004,7009.0,0.0,1.6409779999999998,0.634947,SGP,MDV,6207
2041216,216,137,1354,2004,13946.0,0.0,0.5150359999999999,1.583019,THA,MDV,6207
2041217,39,143,1354,2004,0.0,39768.0,0.9392739999999999,1.19228,CAN,MMR,6207
2041218,59,143,1354,2004,0.0,3823.0,1.562625,0.865244,CZE,MMR,6207
2041219,61,143,1354,2004,0.0,95800.0,2.266076,-2.011139,DEU,MMR,6207
2041220,81,143,1354,2004,0.0,4456.0,1.843506,0.684779,GBR,MMR,6207
2041221,90,143,1354,2004,0.0,11156.0,0.348853,1.661656,GRC,MMR,6207
2041222,114,143,1354,2004,0.0,17094.0,2.526624,0.452054,JPN,MMR,6207
2041223,121,143,1354,2004,0.0,848008.0,1.3624690000000002,0.928342,KOR,MMR,6207
2041224,153,143,1354,2004,0.0,4963.0,0.6710050000000001,0.17807,MYS,MMR,6207
2041225,192,143,1354,2004,39706.0,53834.0,1.6409779999999998,0.634947,SGP,MMR,6207
2041226,216,143,1354,2004,54190.0,2138.0,0.5150359999999999,1.583019,THA,MMR,6207
2041227,249,143,1354,2004,0.0,15479.0,1.626307,1.358315,TWN,MMR,6207
2041228,43,145,1354,2004,1154.0,0.0,0.581548,2.8689880000000003,CHN,MNG,6207
2041229,102,145,1354,2004,0.0,5436.0,1.207082,1.019714,HUN,MNG,6207
2041230,115,145,1354,2004,0.0,4574.0,-0.09288300000000001,-0.537664,KAZ,MNG,6207
2041231,121,145,1354,2004,4172.0,0.0,1.3624690000000002,0.928342,KOR,MNG,6207
2041232,174,145,1354,2004,2057.0,0.0,-0.076709,-0.149006,PHL,MNG,6207
2041233,177,145,1354,2004,1293.0,0.0,1.019341,1.519452,POL,MNG,6207
2041234,186,145,1354,2004,15520.0,0.0,0.8952399999999999,0.172896,RUS,MNG,6207
2041235,224,145,1354,2004,3771.0,0.0,0.141454,1.9463599999999999,TUR,MNG,6207
2041236,231,145,1354,2004,0.0,1042134.0,1.7598630000000002,0.066704,USA,MNG,6207
2041237,7,154,1354,2004,7012.0,0.0,0.1799,-0.34541900000000003,ARE,MYT,6207
2041238,43,154,1354,2004,406.0,0.0,0.581548,2.8689880000000003,CHN,MYT,6207
2041239,77,154,1354,2004,12421.0,0.0,1.6003530000000001,0.643945,FRA,MYT,6207
2041240,216,154,1354,2004,360.0,0.0,0.5150359999999999,1.583019,THA,MYT,6207
2041241,226,154,1354,2004,2209.0,0.0,-1.022658,-0.007045999999999999,TZA,MYT,6207
2041242,22,164,1354,2004,4757.0,0.0,-1.150444,-0.885333,BGD,NPL,6207
2041243,39,164,1354,2004,0.0,89435.0,0.9392739999999999,1.19228,CAN,NPL,6207
2041244,43,164,1354,2004,163048.0,0.0,0.581548,2.8689880000000003,CHN,NPL,6207
2041245,71,164,1354,2004,0.0,3722.0,0.9784649999999999,2.051216,ESP,NPL,6207
2041246,77,164,1354,2004,0.0,26865.0,1.6003530000000001,0.643945,FRA,NPL,6207
2041247,81,164,1354,2004,0.0,1143.0,1.843506,0.684779,GBR,NPL,6207
2041248,97,164,1354,2004,3211.0,0.0,0.604825,2.098745,HKG,NPL,6207
2041249,103,164,1354,2004,2599.0,0.0,-0.223644,1.719065,IDN,NPL,6207
2041250,104,164,1354,2004,44650.0,24694.0,0.233348,2.790987,IND,NPL,6207
2041251,111,164,1354,2004,0.0,1920.0,1.358057,1.11533,ITA,NPL,6207
2041252,162,164,1354,2004,0.0,18876.0,1.251808,1.586526,NLD,NPL,6207
2041253,216,164,1354,2004,10418.0,0.0,0.5150359999999999,1.583019,THA,NPL,6207
2041254,231,164,1354,2004,0.0,2269852.0,1.7598630000000002,0.066704,USA,NPL,6207
2041255,14,182,1354,2004,5503.0,0.0,0.196641,0.8139460000000001,AUS,PYF,6207
2041256,18,182,1354,2004,6873.0,0.0,1.350911,1.408209,BEL,PYF,6207
2041257,43,182,1354,2004,4322.0,0.0,0.581548,2.8689880000000003,CHN,PYF,6207
2041258,77,182,1354,2004,43315.0,0.0,1.6003530000000001,0.643945,FRA,PYF,6207
2041259,103,182,1354,2004,22522.0,0.0,-0.223644,1.719065,IDN,PYF,6207
2041260,111,182,1354,2004,1171.0,0.0,1.358057,1.11533,ITA,PYF,6207
2041261,192,182,1354,2004,2292.0,0.0,1.6409779999999998,0.634947,SGP,PYF,6207
2041262,231,182,1354,2004,23058.0,0.0,1.7598630000000002,0.066704,USA,PYF,6207
2041263,249,182,1354,2004,2905.0,0.0,1.626307,1.358315,TWN,PYF,6207
2041264,81,199,1354,2004,8411.0,0.0,1.843506,0.684779,GBR,SOM,6207
2041265,116,199,1354,2004,20234.0,0.0,-0.503694,0.410495,KEN,SOM,6207
2041266,7,211,1354,2004,515.0,0.0,0.1799,-0.34541900000000003,ARE,SYC,6207
2041267,77,211,1354,2004,10831.0,0.0,1.6003530000000001,0.643945,FRA,SYC,6207
2041268,81,211,1354,2004,1925.0,0.0,1.843506,0.684779,GBR,SYC,6207
2041269,97,211,1354,2004,1871.0,0.0,0.604825,2.098745,HKG,SYC,6207
2041270,104,211,1354,2004,908.0,0.0,0.233348,2.790987,IND,SYC,6207
2041271,151,211,1354,2004,756.0,0.0,-0.374754,-0.288504,MUS,SYC,6207
2041272,192,211,1354,2004,4487.0,0.0,1.6409779999999998,0.634947,SGP,SYC,6207
2041273,216,211,1354,2004,3282.0,0.0,0.5150359999999999,1.583019,THA,SYC,6207
2041274,246,211,1354,2004,2429.0,0.0,0.460279,1.9736220000000002,ZAF,SYC,6207
2041275,43,215,1354,2004,40625.0,0.0,0.581548,2.8689880000000003,CHN,TGO,6207
2041276,44,215,1354,2004,0.0,4716.0,-0.8490979999999999,-0.754732,CIV,TGO,6207
2041277,97,215,1354,2004,88075.0,0.0,0.604825,2.098745,HKG,TGO,6207
2041278,103,215,1354,2004,27789.0,0.0,-0.223644,1.719065,IDN,TGO,6207
2041279,104,215,1354,2004,58136.0,0.0,0.233348,2.790987,IND,TGO,6207
2041280,231,215,1354,2004,6612.0,0.0,1.7598630000000002,0.066704,USA,TGO,6207
2041281,115,217,1354,2004,9051.0,0.0,-0.09288300000000001,-0.537664,KAZ,TJK,6207
2041282,117,217,1354,2004,122452.0,0.0,0.005121,0.176652,KGZ,TJK,6207
2041283,224,217,1354,2004,6684.0,0.0,0.141454,1.9463599999999999,TUR,TJK,6207
2041284,32,2,1354,2004,13118.0,0.0,0.540718,1.149065,BRA,AGO,6207
2041285,43,2,1354,2004,19809.0,0.0,0.581548,2.8689880000000003,CHN,AGO,6207
2041286,81,2,1354,2004,19130.0,0.0,1.843506,0.684779,GBR,AGO,6207
2041287,97,2,1354,2004,8312.0,0.0,0.604825,2.098745,HKG,AGO,6207
2041288,128,2,1354,2004,1128.0,0.0,-0.658668,0.21912600000000002,LKA,AGO,6207
2041289,179,2,1354,2004,101057.0,0.0,0.524524,1.901139,PRT,AGO,6207
2041290,231,2,1354,2004,25010.0,0.0,1.7598630000000002,0.066704,USA,AGO,6207
2041291,239,2,1354,2004,194635.0,0.0,-0.5270560000000001,0.8910389999999999,VNM,AGO,6207
2041292,246,2,1354,2004,10862.0,0.0,0.460279,1.9736220000000002,ZAF,AGO,6207
2041293,81,46,1354,2004,4062.0,0.0,1.843506,0.684779,GBR,COD,6207
2041294,97,46,1354,2004,11759.0,0.0,0.604825,2.098745,HKG,COD,6207
2041295,111,46,1354,2004,2504.0,0.0,1.358057,1.11533,ITA,COD,6207
2041296,32,51,1354,2004,1598.0,0.0,0.540718,1.149065,BRA,CPV,6207
2041297,43,51,1354,2004,4299.0,0.0,0.581548,2.8689880000000003,CHN,CPV,6207
2041298,61,51,1354,2004,868.0,0.0,2.266076,-2.011139,DEU,CPV,6207
2041299,179,51,1354,2004,5805.0,0.0,0.524524,1.901139,PRT,CPV,6207
2041300,43,78,1354,2004,13879.0,0.0,0.581548,2.8689880000000003,CHN,FRO,6207
2041301,64,78,1354,2004,32676.0,2828.0,1.328968,1.262743,DNK,FRO,6207
2041302,81,78,1354,2004,688.0,0.0,1.843506,0.684779,GBR,FRO,6207
2041303,106,78,1354,2004,1639.0,0.0,1.501859,0.14456,IRL,FRO,6207
2041304,109,78,1354,2004,2423.0,0.0,0.298844,-0.36366,ISL,FRO,6207
2041305,111,78,1354,2004,1129.0,0.0,1.358057,1.11533,ITA,FRO,6207
2041306,162,78,1354,2004,4062.0,0.0,1.251808,1.586526,NLD,FRO,6207
2041307,168,78,1354,2004,1905.0,0.0,-0.754143,0.25995100000000004,PAK,FRO,6207
2041308,179,78,1354,2004,863.0,0.0,0.524524,1.901139,PRT,FRO,6207
2041309,208,78,1354,2004,1093.0,0.0,2.0522080000000003,0.8326969999999999,SWE,FRO,6207
2041310,224,78,1354,2004,549.0,0.0,0.141454,1.9463599999999999,TUR,FRO,6207
2041311,231,78,1354,2004,1012.0,0.0,1.7598630000000002,0.066704,USA,FRO,6207
2041312,65,101,1354,2004,0.0,1202.0,-0.510025,-0.328257,DOM,HTI,6207
2041313,97,101,1354,2004,5703.0,0.0,0.604825,2.098745,HKG,HTI,6207
2041314,160,101,1354,2004,0.0,1575.0,-0.9789479999999999,-0.8374219999999999,NIC,HTI,6207
2041315,231,101,1354,2004,8254.0,1424120.0,1.7598630000000002,0.066704,USA,HTI,6207
2041316,14,156,1354,2004,3410.0,0.0,0.196641,0.8139460000000001,AUS,NCL,6207
2041317,43,156,1354,2004,5078.0,0.0,0.581548,2.8689880000000003,CHN,NCL,6207
2041318,77,156,1354,2004,30178.0,0.0,1.6003530000000001,0.643945,FRA,NCL,6207
2041319,81,156,1354,2004,877.0,0.0,1.843506,0.684779,GBR,NCL,6207
2041320,103,156,1354,2004,11610.0,0.0,-0.223644,1.719065,IDN,NCL,6207
2041321,104,156,1354,2004,3949.0,0.0,0.233348,2.790987,IND,NCL,6207
2041322,111,156,1354,2004,1129.0,0.0,1.358057,1.11533,ITA,NCL,6207
2041323,114,156,1354,2004,0.0,37055.0,2.526624,0.452054,JPN,NCL,6207
2041324,121,156,1354,2004,0.0,19834.0,1.3624690000000002,0.928342,KOR,NCL,6207
2041325,168,156,1354,2004,548.0,0.0,-0.754143,0.25995100000000004,PAK,NCL,6207
2041326,179,156,1354,2004,1991.0,0.0,0.524524,1.901139,PRT,NCL,6207
2041327,224,156,1354,2004,2352.0,0.0,0.141454,1.9463599999999999,TUR,NCL,6207
2041328,59,196,1354,2004,0.0,1737.0,1.562625,0.865244,CZE,SLE,6207
2041329,124,196,1354,2004,0.0,6053.0,0.32409899999999997,1.037024,LBN,SLE,6207
2041330,228,196,1354,2004,1523.0,0.0,0.8758040000000001,0.8195879999999999,UKR,SLE,6207
2041331,111,232,1354,2004,11673.0,0.0,1.358057,1.11533,ITA,UZB,6207
2041332,186,232,1354,2004,3967.0,4619.0,0.8952399999999999,0.172896,RUS,UZB,6207
2041333,224,232,1354,2004,19600.0,0.0,0.141454,1.9463599999999999,TUR,UZB,6207
2041334,23,250,1354,2004,156887.0,0.0,0.35536,1.499182,BGR,ANS,6207
2041335,26,250,1354,2004,0.0,30.0,0.385952,0.571774,BIH,ANS,6207
2041336,42,250,1354,2004,0.0,17847.0,-0.07869,-0.33641,CHL,ANS,6207
2041337,49,250,1354,2004,13361.0,78827.0,0.033128,0.47524799999999995,COL,ANS,6207
2041338,59,250,1354,2004,0.0,1239.0,1.562625,0.865244,CZE,ANS,6207
2041339,61,250,1354,2004,10210.0,0.0,2.266076,-2.011139,DEU,ANS,6207
2041340,63,250,1354,2004,0.0,13309.0,0.322803,-0.000479,DMA,ANS,6207
2041341,65,250,1354,2004,624878.0,0.0,-0.510025,-0.328257,DOM,ANS,6207
2041342,71,250,1354,2004,17270.0,0.0,0.9784649999999999,2.051216,ESP,ANS,6207
2041343,72,250,1354,2004,0.0,6822.0,0.6101840000000001,0.9520370000000001,EST,ANS,6207
2041344,75,250,1354,2004,54798.0,0.0,-0.8870969999999999,-0.287427,FJI,ANS,6207
2041345,96,250,1354,2004,0.0,10552.0,-1.046232,-0.985188,GUY,ANS,6207
2041346,97,250,1354,2004,84912.0,0.0,0.604825,2.098745,HKG,ANS,6207
2041347,104,250,1354,2004,4212.0,0.0,0.233348,2.790987,IND,ANS,6207
2041348,106,250,1354,2004,0.0,3667.0,1.501859,0.14456,IRL,ANS,6207
2041349,111,250,1354,2004,5513.0,0.0,1.358057,1.11533,ITA,ANS,6207
2041350,113,250,1354,2004,5827.0,0.0,0.152989,0.385845,JOR,ANS,6207
2041351,116,250,1354,2004,13230.0,0.0,-0.503694,0.410495,KEN,ANS,6207
2041352,134,250,1354,2004,1645.0,0.0,-0.681556,-0.152372,MAR,ANS,6207
2041353,147,250,1354,2004,0.0,1539.0,-1.1010790000000001,-1.0942,MOZ,ANS,6207
2041354,166,250,1354,2004,0.0,2110.0,0.567392,0.965781,NZL,ANS,6207
2041355,168,250,1354,2004,2270.0,0.0,-0.754143,0.25995100000000004,PAK,ANS,6207
2041356,169,250,1354,2004,14418.0,2119283.0,-0.011979,0.261315,PAN,ANS,6207
2041357,177,250,1354,2004,27743.0,0.0,1.019341,1.519452,POL,ANS,6207
2041358,183,250,1354,2004,0.0,2126.0,0.21713400000000002,-1.031806,QAT,ANS,6207
2041359,185,250,1354,2004,11202.0,77135.0,0.37241599999999997,1.015865,ROU,ANS,6207
2041360,189,250,1354,2004,1206.0,8022.0,0.628071,2.210424,SCG,ANS,6207
2041361,192,250,1354,2004,0.0,1751.0,1.6409779999999998,0.634947,SGP,ANS,6207
2041362,206,250,1354,2004,0.0,78338.0,1.2375120000000002,0.8777889999999999,SVK,ANS,6207
2041363,207,250,1354,2004,0.0,27002.0,1.628643,1.02381,SVN,ANS,6207
2041364,223,250,1354,2004,319920.0,0.0,-0.195751,0.335147,TUN,ANS,6207
2041365,224,250,1354,2004,2262851.0,0.0,0.141454,1.9463599999999999,TUR,ANS,6207
2041366,236,250,1354,2004,0.0,2671.0,0.048698000000000005,-0.899776,VEN,ANS,6207
2041367,239,250,1354,2004,20175.0,0.0,-0.5270560000000001,0.8910389999999999,VNM,ANS,6207
2041368,246,250,1354,2004,0.0,48910.0,0.460279,1.9736220000000002,ZAF,ANS,6207
2041369,248,250,1354,2004,0.0,8346.0,-0.560593,-0.091112,ZWE,ANS,6207
2041370,249,250,1354,2004,0.0,5635.0,1.626307,1.358315,TWN,ANS,6207
2041371,61,84,1354,2004,4007.0,0.0,2.266076,-2.011139,DEU,GIB,6207
2041372,71,84,1354,2004,47602.0,0.0,0.9784649999999999,2.051216,ESP,GIB,6207
2041373,81,84,1354,2004,66434.0,0.0,1.843506,0.684779,GBR,GIB,6207
2041374,97,84,1354,2004,3330.0,0.0,0.604825,2.098745,HKG,GIB,6207
2041375,104,84,1354,2004,1235.0,0.0,0.233348,2.790987,IND,GIB,6207
2041376,162,84,1354,2004,11197.0,0.0,1.251808,1.586526,NLD,GIB,6207
2041377,75,221,1354,2004,1369.0,0.0,-0.8870969999999999,-0.287427,FJI,TON,6207
2041378,75,242,1354,2004,12153.0,0.0,-0.8870969999999999,-0.287427,FJI,WSM,6207
2041379,231,242,1354,2004,1538.0,0.0,1.7598630000000002,0.066704,USA,WSM,6207
2041380,22,10,1354,2004,39571.0,0.0,-1.150444,-0.885333,BGD,ASM,6207
2041381,18,30,1354,2004,3940.0,0.0,1.350911,1.408209,BEL,BMU,6207
2041382,39,30,1354,2004,10011.0,0.0,0.9392739999999999,1.19228,CAN,BMU,6207
2041383,81,30,1354,2004,11258.0,0.0,1.843506,0.684779,GBR,BMU,6207
2041384,75,48,1354,2004,2396.0,0.0,-0.8870969999999999,-0.287427,FJI,COK,6207
2041385,166,48,1354,2004,4167.0,0.0,0.567392,0.965781,NZL,COK,6207
2041386,231,57,1354,2004,3604.0,0.0,1.7598630000000002,0.066704,USA,CYM,6207
2041387,74,69,1354,2004,2954.0,0.0,2.000218,0.9867309999999999,FIN,ERI,6207
2041388,95,79,1354,2004,1650.0,0.0,0.13034500000000002,-0.40525700000000003,GUM,FSM,6207
2041389,97,79,1354,2004,8943.0,0.0,0.604825,2.098745,HKG,FSM,6207
2041390,114,79,1354,2004,2413.0,0.0,2.526624,0.452054,JPN,FSM,6207
2041391,121,79,1354,2004,1940.0,0.0,1.3624690000000002,0.928342,KOR,FSM,6207
2041392,174,79,1354,2004,3227.0,0.0,-0.076709,-0.149006,PHL,FSM,6207
2041393,231,79,1354,2004,10184.0,0.0,1.7598630000000002,0.066704,USA,FSM,6207
2041394,14,95,1354,2004,5138.0,0.0,0.196641,0.8139460000000001,AUS,GUM,6207
2041395,79,95,1354,2004,0.0,1650.0,-1.647605,-1.093832,FSM,GUM,6207
2041396,97,95,1354,2004,71345.0,0.0,0.604825,2.098745,HKG,GUM,6207
2041397,121,95,1354,2004,4777.0,0.0,1.3624690000000002,0.928342,KOR,GUM,6207
2041398,216,95,1354,2004,1872.0,0.0,0.5150359999999999,1.583019,THA,GUM,6207
2041399,75,119,1354,2004,2223.0,0.0,-0.8870969999999999,-0.287427,FJI,KIR,6207
2041400,81,123,1354,2004,0.0,41232.0,1.843506,0.684779,GBR,LAO,6207
2041401,114,123,1354,2004,0.0,24248.0,2.526624,0.452054,JPN,LAO,6207
2041402,216,123,1354,2004,0.0,1329.0,0.5150359999999999,1.583019,THA,LAO,6207
2041403,239,123,1354,2004,179430.0,0.0,-0.5270560000000001,0.8910389999999999,VNM,LAO,6207
2041404,43,129,1354,2004,1111.0,0.0,0.581548,2.8689880000000003,CHN,LSO,6207
2041405,246,129,1354,2004,33489.0,245.0,0.460279,1.9736220000000002,ZAF,LSO,6207
2041406,192,146,1354,2004,3075.0,0.0,1.6409779999999998,0.634947,SGP,MNP,6207
2041407,231,175,1354,2004,15583.0,0.0,1.7598630000000002,0.066704,USA,PLW,6207
2041408,81,194,1354,2004,1823.0,0.0,1.843506,0.684779,GBR,SHN,6207
2041409,246,194,1354,2004,6896.0,0.0,0.460279,1.9736220000000002,ZAF,SHN,6207
2041410,43,220,1354,2004,955.0,0.0,0.581548,2.8689880000000003,CHN,TLS,6207
2041411,103,220,1354,2004,12523.0,0.0,-0.223644,1.719065,IDN,TLS,6207
2041412,75,225,1354,2004,1816.0,0.0,-0.8870969999999999,-0.287427,FJI,TUV,6207
2041413,75,240,1354,2004,3961.0,0.0,-0.8870969999999999,-0.287427,FJI,VUT,6207
2041414,103,240,1354,2004,1039.0,0.0,-0.223644,1.719065,IDN,VUT,6207
2041415,177,12,1354,2004,1233.0,0.0,1.019341,1.519452,POL,ATF,6207
2041416,85,88,1354,2004,697.0,0.0,-1.314543,-1.155153,GIN,GNB,6207
2041417,64,92,1354,2004,9078.0,0.0,1.328968,1.262743,DNK,GRL,6207
2041418,208,92,1354,2004,1086.0,0.0,2.0522080000000003,0.8326969999999999,SWE,GRL,6207
2041419,74,198,1354,2004,0.0,1450.0,2.000218,0.9867309999999999,FIN,SMR,6207
2041420,103,198,1354,2004,2350.0,0.0,-0.223644,1.719065,IDN,SMR,6207
2041421,81,218,1354,2004,13810.0,0.0,1.843506,0.684779,GBR,TKL,6207
2041422,134,38,1354,2004,25296.0,0.0,-0.681556,-0.152372,MAR,CAF,6207
2041423,77,200,1354,2004,4975.0,0.0,1.6003530000000001,0.643945,FRA,SPM,6207
2041424,77,213,1354,2004,0.0,12228.0,1.6003530000000001,0.643945,FRA,TCA,6207
2041425,189,213,1354,2004,0.0,9185.0,0.628071,2.210424,SCG,TCA,6207
2041426,231,213,1354,2004,46088.0,0.0,1.7598630000000002,0.066704,USA,TCA,6207
2041427,81,76,1354,2004,17613.0,0.0,1.843506,0.684779,GBR,FLK,6207
2041428,29,6,1378,2004,0.0,3632.0,-0.355391,-0.662783,BLZ,ANT,6404
2041429,32,6,1378,2004,4237.0,0.0,0.540718,1.149065,BRA,ANT,6404
2041430,43,6,1378,2004,57513.0,0.0,0.581548,2.8689880000000003,CHN,ANT,6404
2041431,49,6,1378,2004,6797.0,0.0,0.033128,0.47524799999999995,COL,ANT,6404
2041432,61,6,1378,2004,2085.0,0.0,2.266076,-2.011139,DEU,ANT,6404
2041433,65,6,1378,2004,34910.0,20157.0,-0.510025,-0.328257,DOM,ANT,6404
2041434,71,6,1378,2004,5331.0,0.0,0.9784649999999999,2.051216,ESP,ANT,6404
2041435,77,6,1378,2004,8706.0,0.0,1.6003530000000001,0.643945,FRA,ANT,6404
2041436,91,6,1378,2004,0.0,2443.0,0.40210100000000004,-0.382662,GRD,ANT,6404
2041437,103,6,1378,2004,27238.0,0.0,-0.223644,1.719065,IDN,ANT,6404
2041438,111,6,1378,2004,18253.0,0.0,1.358057,1.11533,ITA,ANT,6404
2041439,112,6,1378,2004,0.0,33625.0,-0.64957,-0.944183,JAM,ANT,6404
2041440,120,6,1378,2004,0.0,4604.0,0.538271,-0.43505299999999997,KNA,ANT,6404
2041441,138,6,1378,2004,4481.0,0.0,0.868684,0.85506,MEX,ANT,6404
2041442,162,6,1378,2004,114457.0,0.0,1.251808,1.586526,NLD,ANT,6404
2041443,205,6,1378,2004,0.0,1106.0,-0.991433,-0.926657,SUR,ANT,6404
2041444,216,6,1378,2004,6236.0,0.0,0.5150359999999999,1.583019,THA,ANT,6404
2041445,222,6,1378,2004,0.0,4214.0,0.00677,-0.965385,TTO,ANT,6404
2041446,231,6,1378,2004,267046.0,0.0,1.7598630000000002,0.066704,USA,ANT,6404
2041447,236,6,1378,2004,22294.0,2218484.0,0.048698000000000005,-0.899776,VEN,ANT,6404
2041448,14,8,1378,2004,2644.0,9082.0,0.196641,0.8139460000000001,AUS,ARG,6404
2041449,31,8,1378,2004,0.0,134889.0,-0.9288489999999999,-0.929884,BOL,ARG,6404
2041450,32,8,1378,2004,35597784.0,13051.0,0.540718,1.149065,BRA,ARG,6404
2041451,39,8,1378,2004,4241.0,0.0,0.9392739999999999,1.19228,CAN,ARG,6404
2041452,42,8,1378,2004,0.0,609435.0,-0.07869,-0.33641,CHL,ARG,6404
2041453,43,8,1378,2004,2833786.0,0.0,0.581548,2.8689880000000003,CHN,ARG,6404
2041454,47,8,1378,2004,0.0,2462.0,-1.610222,-1.184921,COG,ARG,6404
2041455,49,8,1378,2004,0.0,10663.0,0.033128,0.47524799999999995,COL,ARG,6404
2041456,52,8,1378,2004,0.0,2129.0,-0.043266000000000006,-0.376239,CRI,ARG,6404
2041457,61,8,1378,2004,941.0,0.0,2.266076,-2.011139,DEU,ARG,6404
2041458,65,8,1378,2004,0.0,2841.0,-0.510025,-0.328257,DOM,ARG,6404
2041459,67,8,1378,2004,0.0,9997.0,-1.149101,-1.013619,ECU,ARG,6404
2041460,71,8,1378,2004,6724.0,124027.0,0.9784649999999999,2.051216,ESP,ARG,6404
2041461,77,8,1378,2004,71116.0,0.0,1.6003530000000001,0.643945,FRA,ARG,6404
2041462,81,8,1378,2004,11246.0,1725.0,1.843506,0.684779,GBR,ARG,6404
2041463,93,8,1378,2004,0.0,6930.0,-0.46136000000000005,0.148122,GTM,ARG,6404
2041464,97,8,1378,2004,1141788.0,0.0,0.604825,2.098745,HKG,ARG,6404
2041465,103,8,1378,2004,372549.0,0.0,-0.223644,1.719065,IDN,ARG,6404
2041466,104,8,1378,2004,10835.0,0.0,0.233348,2.790987,IND,ARG,6404
2041467,106,8,1378,2004,0.0,1871.0,1.501859,0.14456,IRL,ARG,6404
2041468,111,8,1378,2004,63015.0,43945.0,1.358057,1.11533,ITA,ARG,6404
2041469,138,8,1378,2004,0.0,82805.0,0.868684,0.85506,MEX,ARG,6404
2041470,153,8,1378,2004,72290.0,0.0,0.6710050000000001,0.17807,MYS,ARG,6404
2041471,166,8,1378,2004,0.0,869.0,0.567392,0.965781,NZL,ARG,6404
2041472,168,8,1378,2004,83612.0,0.0,-0.754143,0.25995100000000004,PAK,ARG,6404
2041473,169,8,1378,2004,0.0,20450.0,-0.011979,0.261315,PAN,ARG,6404
2041474,173,8,1378,2004,0.0,22663.0,-0.564244,0.131232,PER,ARG,6404
2041475,174,8,1378,2004,105663.0,0.0,-0.076709,-0.149006,PHL,ARG,6404
2041476,180,8,1378,2004,23189.0,466541.0,-0.64574,-0.978875,PRY,ARG,6404
2041477,185,8,1378,2004,1762.0,0.0,0.37241599999999997,1.015865,ROU,ARG,6404
2041478,197,8,1378,2004,0.0,7637.0,-0.20529499999999998,0.1116,SLV,ARG,6404
2041479,216,8,1378,2004,15329.0,0.0,0.5150359999999999,1.583019,THA,ARG,6404
2041480,224,8,1378,2004,0.0,5009.0,0.141454,1.9463599999999999,TUR,ARG,6404
2041481,230,8,1378,2004,53138.0,673897.0,0.151633,0.121776,URY,ARG,6404
2041482,231,8,1378,2004,4763.0,64730.0,1.7598630000000002,0.066704,USA,ARG,6404
2041483,239,8,1378,2004,1009276.0,0.0,-0.5270560000000001,0.8910389999999999,VNM,ARG,6404
2041484,246,8,1378,2004,0.0,20525.0,0.460279,1.9736220000000002,ZAF,ARG,6404
2041485,249,8,1378,2004,2869.0,0.0,1.626307,1.358315,TWN,ARG,6404
2041486,250,8,1378,2004,0.0,11835.0,0.509382,-0.30904299999999996,ANS,ARG,6404
2041487,43,13,1378,2004,8677.0,0.0,0.581548,2.8689880000000003,CHN,ATG,6404
2041488,81,13,1378,2004,11110.0,0.0,1.843506,0.684779,GBR,ATG,6404
2041489,103,13,1378,2004,13383.0,0.0,-0.223644,1.719065,IDN,ATG,6404
2041490,7,14,1378,2004,7445.0,11859.0,0.1799,-0.34541900000000003,ARE,AUS,6404
2041491,8,14,1378,2004,9082.0,2644.0,0.28128600000000004,0.64115,ARG,AUS,6404
2041492,9,14,1378,2004,16555.0,0.0,0.661799,-0.140004,ARM,AUS,6404
2041493,15,14,1378,2004,21020.0,0.0,1.825391,0.40553,AUT,AUS,6404
2041494,18,14,1378,2004,45429.0,1403.0,1.350911,1.408209,BEL,AUS,6404
2041495,23,14,1378,2004,881.0,0.0,0.35536,1.499182,BGR,AUS,6404
2041496,32,14,1378,2004,118965.0,0.0,0.540718,1.149065,BRA,AUS,6404
2041497,39,14,1378,2004,9551.0,21708.0,0.9392739999999999,1.19228,CAN,AUS,6404
2041498,41,14,1378,2004,213895.0,8988.0,2.151471,0.7196279999999999,CHE,AUS,6404
2041499,42,14,1378,2004,42733.0,0.0,-0.07869,-0.33641,CHL,AUS,6404
2041500,43,14,1378,2004,45156476.0,24752.0,0.581548,2.8689880000000003,CHN,AUS,6404
2041501,48,14,1378,2004,0.0,28149.0,0.10636,-0.652109,COK,AUS,6404
2041502,59,14,1378,2004,1107.0,0.0,1.562625,0.865244,CZE,AUS,6404
2041503,61,14,1378,2004,178948.0,9780.0,2.266076,-2.011139,DEU,AUS,6404
2041504,64,14,1378,2004,90165.0,1294.0,1.328968,1.262743,DNK,AUS,6404
2041505,68,14,1378,2004,10476.0,0.0,-0.300563,0.41834899999999997,EGY,AUS,6404
2041506,71,14,1378,2004,540159.0,0.0,0.9784649999999999,2.051216,ESP,AUS,6404
2041507,74,14,1378,2004,5579.0,1645.0,2.000218,0.9867309999999999,FIN,AUS,6404
2041508,75,14,1378,2004,3458.0,123805.0,-0.8870969999999999,-0.287427,FJI,AUS,6404
2041509,77,14,1378,2004,304693.0,33313.0,1.6003530000000001,0.643945,FRA,AUS,6404
2041510,81,14,1378,2004,152706.0,124207.0,1.843506,0.684779,GBR,AUS,6404
2041511,83,14,1378,2004,0.0,13717.0,-1.2972540000000001,-0.9967219999999999,GHA,AUS,6404
2041512,95,14,1378,2004,0.0,1092.0,0.13034500000000002,-0.40525700000000003,GUM,AUS,6404
2041513,97,14,1378,2004,2063363.0,76910.0,0.604825,2.098745,HKG,AUS,6404
2041514,103,14,1378,2004,1898535.0,11744.0,-0.223644,1.719065,IDN,AUS,6404
2041515,104,14,1378,2004,319464.0,6681.0,0.233348,2.790987,IND,AUS,6404
2041516,106,14,1378,2004,47140.0,7386.0,1.501859,0.14456,IRL,AUS,6404
2041517,110,14,1378,2004,65577.0,181014.0,1.250393,0.8003979999999999,ISR,AUS,6404
2041518,111,14,1378,2004,2160126.0,3745.0,1.358057,1.11533,ITA,AUS,6404
2041519,114,14,1378,2004,40483.0,38002.0,2.526624,0.452054,JPN,AUS,6404
2041520,119,14,1378,2004,0.0,3008.0,-0.552158,-0.831923,KIR,AUS,6404
2041521,121,14,1378,2004,128132.0,26415.0,1.3624690000000002,0.928342,KOR,AUS,6404
2041522,122,14,1378,2004,0.0,10454.0,-0.481908,-1.172081,KWT,AUS,6404
2041523,124,14,1378,2004,1262.0,0.0,0.32409899999999997,1.037024,LBN,AUS,6404
2041524,128,14,1378,2004,11106.0,61077.0,-0.658668,0.21912600000000002,LKA,AUS,6404
2041525,133,14,1378,2004,9072.0,0.0,-0.351045,-0.487521,MAC,AUS,6404
2041526,137,14,1378,2004,0.0,20810.0,-0.34020700000000004,-0.817298,MDV,AUS,6404
2041527,151,14,1378,2004,0.0,31531.0,-0.374754,-0.288504,MUS,AUS,6404
2041528,153,14,1378,2004,387797.0,1560.0,0.6710050000000001,0.17807,MYS,AUS,6404
2041529,156,14,1378,2004,0.0,351189.0,-0.49824700000000005,-0.8284239999999999,NCL,AUS,6404
2041530,158,14,1378,2004,0.0,156015.0,0.664846,-0.649984,NFK,AUS,6404
2041531,162,14,1378,2004,49568.0,10849.0,1.251808,1.586526,NLD,AUS,6404
2041532,163,14,1378,2004,3086.0,3622.0,1.10162,0.118709,NOR,AUS,6404
2041533,165,14,1378,2004,0.0,5124.0,1.37799,-0.36241599999999996,NRU,AUS,6404
2041534,166,14,1378,2004,645829.0,1058039.0,0.567392,0.965781,NZL,AUS,6404
2041535,168,14,1378,2004,22651.0,0.0,-0.754143,0.25995100000000004,PAK,AUS,6404
2041536,174,14,1378,2004,39455.0,40359.0,-0.076709,-0.149006,PHL,AUS,6404
2041537,176,14,1378,2004,0.0,148893.0,-1.7599200000000002,-1.219971,PNG,AUS,6404
2041538,179,14,1378,2004,105119.0,0.0,0.524524,1.901139,PRT,AUS,6404
2041539,182,14,1378,2004,0.0,75112.0,-0.414954,-0.773736,PYF,AUS,6404
2041540,183,14,1378,2004,0.0,749.0,0.21713400000000002,-1.031806,QAT,AUS,6404
2041541,185,14,1378,2004,85904.0,0.0,0.37241599999999997,1.015865,ROU,AUS,6404
2041542,186,14,1378,2004,14763.0,0.0,0.8952399999999999,0.172896,RUS,AUS,6404
2041543,192,14,1378,2004,120742.0,78837.0,1.6409779999999998,0.634947,SGP,AUS,6404
2041544,206,14,1378,2004,18629.0,0.0,1.2375120000000002,0.8777889999999999,SVK,AUS,6404
2041545,207,14,1378,2004,14965.0,0.0,1.628643,1.02381,SVN,AUS,6404
2041546,208,14,1378,2004,1333.0,3129.0,2.0522080000000003,0.8326969999999999,SWE,AUS,6404
2041547,211,14,1378,2004,0.0,1739.0,-0.12954100000000002,-0.713507,SYC,AUS,6404
2041548,212,14,1378,2004,2102.0,0.0,-0.568707,-0.034736,SYR,AUS,6404
2041549,216,14,1378,2004,1051191.0,13104.0,0.5150359999999999,1.583019,THA,AUS,6404
2041550,220,14,1378,2004,0.0,31575.0,0.935424,-0.080261,TLS,AUS,6404
2041551,221,14,1378,2004,0.0,1561.0,-0.639641,-0.798275,TON,AUS,6404
2041552,223,14,1378,2004,4106.0,0.0,-0.195751,0.335147,TUN,AUS,6404
2041553,224,14,1378,2004,13258.0,6990.0,0.141454,1.9463599999999999,TUR,AUS,6404
2041554,226,14,1378,2004,0.0,37393.0,-1.022658,-0.007045999999999999,TZA,AUS,6404
2041555,228,14,1378,2004,1594.0,0.0,0.8758040000000001,0.8195879999999999,UKR,AUS,6404
2041556,230,14,1378,2004,2407.0,0.0,0.151633,0.121776,URY,AUS,6404
2041557,231,14,1378,2004,796035.0,29442.0,1.7598630000000002,0.066704,USA,AUS,6404
2041558,236,14,1378,2004,0.0,7043.0,0.048698000000000005,-0.899776,VEN,AUS,6404
2041559,237,14,1378,2004,4113.0,0.0,0.597043,-0.348742,VGB,AUS,6404
2041560,239,14,1378,2004,8239035.0,3203.0,-0.5270560000000001,0.8910389999999999,VNM,AUS,6404
2041561,240,14,1378,2004,0.0,22532.0,-1.2338790000000002,-0.969297,VUT,AUS,6404
2041562,242,14,1378,2004,0.0,1555.0,-0.129153,-0.6165510000000001,WSM,AUS,6404
2041563,246,14,1378,2004,1037.0,19828.0,0.460279,1.9736220000000002,ZAF,AUS,6404
2041564,249,14,1378,2004,1845232.0,221145.0,1.626307,1.358315,TWN,AUS,6404
2041565,250,14,1378,2004,4687.0,2991.0,0.509382,-0.30904299999999996,ANS,AUS,6404
2041566,7,15,1378,2004,0.0,18700.0,0.1799,-0.34541900000000003,ARE,AUT,6404
2041567,9,15,1378,2004,0.0,14578.0,0.661799,-0.140004,ARM,AUT,6404
2041568,14,15,1378,2004,0.0,21020.0,0.196641,0.8139460000000001,AUS,AUT,6404
2041569,18,15,1378,2004,7827992.0,831410.0,1.350911,1.408209,BEL,AUT,6404
2041570,22,15,1378,2004,120100.0,0.0,-1.150444,-0.885333,BGD,AUT,6404
2041571,23,15,1378,2004,931.0,20615.0,0.35536,1.499182,BGR,AUT,6404
2041572,26,15,1378,2004,1036394.0,38836.0,0.385952,0.571774,BIH,AUT,6404
2041573,32,15,1378,2004,9602.0,0.0,0.540718,1.149065,BRA,AUT,6404
2041574,39,15,1378,2004,3414.0,28577.0,0.9392739999999999,1.19228,CAN,AUT,6404
2041575,41,15,1378,2004,319134.0,2066536.0,2.151471,0.7196279999999999,CHE,AUT,6404
2041576,42,15,1378,2004,0.0,887.0,-0.07869,-0.33641,CHL,AUT,6404
2041577,43,15,1378,2004,4587961.0,0.0,0.581548,2.8689880000000003,CHN,AUT,6404
2041578,58,15,1378,2004,0.0,59417.0,0.533521,0.615939,CYP,AUT,6404
2041579,59,15,1378,2004,272291.0,1428378.0,1.562625,0.865244,CZE,AUT,6404
2041580,61,15,1378,2004,37007696.0,32898337.0,2.266076,-2.011139,DEU,AUT,6404
2041581,64,15,1378,2004,488264.0,311447.0,1.328968,1.262743,DNK,AUT,6404
2041582,71,15,1378,2004,851664.0,965371.0,0.9784649999999999,2.051216,ESP,AUT,6404
2041583,72,15,1378,2004,1059.0,124090.0,0.6101840000000001,0.9520370000000001,EST,AUT,6404
2041584,74,15,1378,2004,10987.0,308003.0,2.000218,0.9867309999999999,FIN,AUT,6404
2041585,77,15,1378,2004,3106828.0,2231814.0,1.6003530000000001,0.643945,FRA,AUT,6404
2041586,81,15,1378,2004,599822.0,1382734.0,1.843506,0.684779,GBR,AUT,6404
2041587,82,15,1378,2004,0.0,15135.0,0.381348,-0.44259,GEO,AUT,6404
2041588,90,15,1378,2004,5477.0,657458.0,0.348853,1.661656,GRC,AUT,6404
2041589,97,15,1378,2004,346734.0,108046.0,0.604825,2.098745,HKG,AUT,6404
2041590,100,15,1378,2004,7507973.0,268674.0,0.6669970000000001,1.088043,HRV,AUT,6404
2041591,102,15,1378,2004,5929976.0,947502.0,1.207082,1.019714,HUN,AUT,6404
2041592,103,15,1378,2004,52293.0,0.0,-0.223644,1.719065,IDN,AUT,6404
2041593,104,15,1378,2004,152592.0,24669.0,0.233348,2.790987,IND,AUT,6404
2041594,106,15,1378,2004,15178.0,334874.0,1.501859,0.14456,IRL,AUT,6404
2041595,107,15,1378,2004,0.0,18138.0,-0.38210700000000003,-0.8408620000000001,IRN,AUT,6404
2041596,109,15,1378,2004,0.0,3057.0,0.298844,-0.36366,ISL,AUT,6404
2041597,110,15,1378,2004,0.0,103745.0,1.250393,0.8003979999999999,ISR,AUT,6404
2041598,111,15,1378,2004,13563535.0,1616249.0,1.358057,1.11533,ITA,AUT,6404
2041599,114,15,1378,2004,12503.0,99938.0,2.526624,0.452054,JPN,AUT,6404
2041600,115,15,1378,2004,0.0,788.0,-0.09288300000000001,-0.537664,KAZ,AUT,6404
2041601,118,15,1378,2004,400370.0,0.0,-1.4676209999999998,-1.1972639999999999,KHM,AUT,6404
2041602,121,15,1378,2004,352287.0,9700.0,1.3624690000000002,0.928342,KOR,AUT,6404
2041603,124,15,1378,2004,0.0,10125.0,0.32409899999999997,1.037024,LBN,AUT,6404
2041604,130,15,1378,2004,0.0,19913.0,0.403568,0.632707,LTU,AUT,6404
2041605,131,15,1378,2004,108631.0,62942.0,1.37529,1.0172649999999999,LUX,AUT,6404
2041606,132,15,1378,2004,0.0,5343.0,0.413821,0.627853,LVA,AUT,6404
2041607,133,15,1378,2004,568634.0,2163.0,-0.351045,-0.487521,MAC,AUT,6404
2041608,134,15,1378,2004,23599.0,0.0,-0.681556,-0.152372,MAR,AUT,6404
2041609,135,15,1378,2004,0.0,5150.0,-0.155523,-0.355142,MDA,AUT,6404
2041610,137,15,1378,2004,0.0,5788.0,-0.34020700000000004,-0.817298,MDV,AUT,6404
2041611,138,15,1378,2004,3028.0,6544.0,0.868684,0.85506,MEX,AUT,6404
2041612,140,15,1378,2004,0.0,36537.0,-0.091013,0.190649,MKD,AUT,6404
2041613,141,15,1378,2004,0.0,5635.0,-0.6905100000000001,-0.9162459999999999,MLI,AUT,6404
2041614,142,15,1378,2004,0.0,59038.0,1.251894,0.063827,MLT,AUT,6404
2041615,153,15,1378,2004,220624.0,10086.0,0.6710050000000001,0.17807,MYS,AUT,6404
2041616,162,15,1378,2004,2426115.0,1633392.0,1.251808,1.586526,NLD,AUT,6404
2041617,163,15,1378,2004,0.0,399090.0,1.10162,0.118709,NOR,AUT,6404
2041618,164,15,1378,2004,4704.0,0.0,-0.323954,0.5528,NPL,AUT,6404
2041619,166,15,1378,2004,4467.0,4741.0,0.567392,0.965781,NZL,AUT,6404
2041620,168,15,1378,2004,1237.0,0.0,-0.754143,0.25995100000000004,PAK,AUT,6404
2041621,174,15,1378,2004,30462.0,0.0,-0.076709,-0.149006,PHL,AUT,6404
2041622,177,15,1378,2004,12611.0,647732.0,1.019341,1.519452,POL,AUT,6404
2041623,179,15,1378,2004,911766.0,681560.0,0.524524,1.901139,PRT,AUT,6404
2041624,183,15,1378,2004,0.0,1098.0,0.21713400000000002,-1.031806,QAT,AUT,6404
2041625,185,15,1378,2004,618628.0,33856.0,0.37241599999999997,1.015865,ROU,AUT,6404
2041626,186,15,1378,2004,0.0,427850.0,0.8952399999999999,0.172896,RUS,AUT,6404
2041627,189,15,1378,2004,41821.0,42481.0,0.628071,2.210424,SCG,AUT,6404
2041628,192,15,1378,2004,15933.0,4954.0,1.6409779999999998,0.634947,SGP,AUT,6404
2041629,206,15,1378,2004,637522.0,373957.0,1.2375120000000002,0.8777889999999999,SVK,AUT,6404
2041630,207,15,1378,2004,69618.0,2237795.0,1.628643,1.02381,SVN,AUT,6404
2041631,208,15,1378,2004,33935.0,97809.0,2.0522080000000003,0.8326969999999999,SWE,AUT,6404
2041632,212,15,1378,2004,834.0,0.0,-0.568707,-0.034736,SYR,AUT,6404
2041633,216,15,1378,2004,63863.0,0.0,0.5150359999999999,1.583019,THA,AUT,6404
2041634,223,15,1378,2004,0.0,13235.0,-0.195751,0.335147,TUN,AUT,6404
2041635,224,15,1378,2004,1515848.0,66646.0,0.141454,1.9463599999999999,TUR,AUT,6404
2041636,228,15,1378,2004,35976.0,320099.0,0.8758040000000001,0.8195879999999999,UKR,AUT,6404
2041637,231,15,1378,2004,72715.0,1495988.0,1.7598630000000002,0.066704,USA,AUT,6404
2041638,239,15,1378,2004,4780118.0,0.0,-0.5270560000000001,0.8910389999999999,VNM,AUT,6404
2041639,246,15,1378,2004,0.0,13151.0,0.460279,1.9736220000000002,ZAF,AUT,6404
2041640,249,15,1378,2004,155034.0,8944.0,1.626307,1.358315,TWN,AUT,6404
2041641,5,18,1378,2004,0.0,50441.0,1.268618,0.835359,AND,BEL,6404
2041642,7,18,1378,2004,0.0,103282.0,0.1799,-0.34541900000000003,ARE,BEL,6404
2041643,14,18,1378,2004,1403.0,45429.0,0.196641,0.8139460000000001,AUS,BEL,6404
2041644,15,18,1378,2004,831410.0,7827992.0,1.825391,0.40553,AUT,BEL,6404
2041645,22,18,1378,2004,1071204.0,0.0,-1.150444,-0.885333,BGD,BEL,6404
2041646,23,18,1378,2004,24617.0,0.0,0.35536,1.499182,BGR,BEL,6404
2041647,32,18,1378,2004,40456.0,0.0,0.540718,1.149065,BRA,BEL,6404
2041648,39,18,1378,2004,3916.0,14438.0,0.9392739999999999,1.19228,CAN,BEL,6404
2041649,41,18,1378,2004,24820.0,842310.0,2.151471,0.7196279999999999,CHE,BEL,6404
2041650,42,18,1378,2004,0.0,1895.0,-0.07869,-0.33641,CHL,BEL,6404
2041651,43,18,1378,2004,96044969.0,1343.0,0.581548,2.8689880000000003,CHN,BEL,6404
2041652,45,18,1378,2004,0.0,4476.0,-1.604916,-1.217399,CMR,BEL,6404
2041653,46,18,1378,2004,0.0,14945.0,-1.405291,-1.108962,COD,BEL,6404
2041654,50,18,1378,2004,0.0,9425.0,-0.581058,-0.8678309999999999,COM,BEL,6404
2041655,58,18,1378,2004,0.0,534094.0,0.533521,0.615939,CYP,BEL,6404
2041656,59,18,1378,2004,13441.0,1466848.0,1.562625,0.865244,CZE,BEL,6404
2041657,61,18,1378,2004,8535091.0,39973690.0,2.266076,-2.011139,DEU,BEL,6404
2041658,64,18,1378,2004,198388.0,10795667.0,1.328968,1.262743,DNK,BEL,6404
2041659,67,18,1378,2004,0.0,2283.0,-1.149101,-1.013619,ECU,BEL,6404
2041660,71,18,1378,2004,8978801.0,67067886.0,0.9784649999999999,2.051216,ESP,BEL,6404
2041661,72,18,1378,2004,0.0,608965.0,0.6101840000000001,0.9520370000000001,EST,BEL,6404
2041662,74,18,1378,2004,81022.0,6325298.0,2.000218,0.9867309999999999,FIN,BEL,6404
2041663,77,18,1378,2004,21732250.0,128198475.0,1.6003530000000001,0.643945,FRA,BEL,6404
2041664,80,18,1378,2004,0.0,38918.0,-0.700329,-1.137018,GAB,BEL,6404
2041665,81,18,1378,2004,3738339.0,70681831.0,1.843506,0.684779,GBR,BEL,6404
2041666,84,18,1378,2004,0.0,11569.0,0.466397,-0.627153,GIB,BEL,6404
2041667,90,18,1378,2004,34854.0,5978266.0,0.348853,1.661656,GRC,BEL,6404
2041668,92,18,1378,2004,0.0,20233.0,-1.31451,-0.969981,GRL,BEL,6404
2041669,97,18,1378,2004,312712.0,0.0,0.604825,2.098745,HKG,BEL,6404
2041670,100,18,1378,2004,0.0,27568.0,0.6669970000000001,1.088043,HRV,BEL,6404
2041671,102,18,1378,2004,18204.0,1169707.0,1.207082,1.019714,HUN,BEL,6404
2041672,103,18,1378,2004,18236021.0,0.0,-0.223644,1.719065,IDN,BEL,6404
2041673,104,18,1378,2004,356079.0,5881.0,0.233348,2.790987,IND,BEL,6404
2041674,106,18,1378,2004,234495.0,9552941.0,1.501859,0.14456,IRL,BEL,6404
2041675,109,18,1378,2004,0.0,2537.0,0.298844,-0.36366,ISL,BEL,6404
2041676,110,18,1378,2004,41717.0,16725.0,1.250393,0.8003979999999999,ISR,BEL,6404
2041677,111,18,1378,2004,9099541.0,160628820.0,1.358057,1.11533,ITA,BEL,6404
2041678,114,18,1378,2004,49729.0,12988.0,2.526624,0.452054,JPN,BEL,6404
2041679,118,18,1378,2004,124829.0,0.0,-1.4676209999999998,-1.1972639999999999,KHM,BEL,6404
2041680,121,18,1378,2004,22111.0,27814.0,1.3624690000000002,0.928342,KOR,BEL,6404
2041681,124,18,1378,2004,3370.0,29674.0,0.32409899999999997,1.037024,LBN,BEL,6404
2041682,128,18,1378,2004,2698.0,0.0,-0.658668,0.21912600000000002,LKA,BEL,6404
2041683,129,18,1378,2004,12710.0,0.0,-1.343146,-1.041126,LSO,BEL,6404
2041684,130,18,1378,2004,0.0,261439.0,0.403568,0.632707,LTU,BEL,6404
2041685,131,18,1378,2004,1250697.0,2120817.0,1.37529,1.0172649999999999,LUX,BEL,6404
2041686,132,18,1378,2004,0.0,405434.0,0.413821,0.627853,LVA,BEL,6404
2041687,133,18,1378,2004,297126.0,0.0,-0.351045,-0.487521,MAC,BEL,6404
2041688,134,18,1378,2004,876.0,10560.0,-0.681556,-0.152372,MAR,BEL,6404
2041689,138,18,1378,2004,5215.0,0.0,0.868684,0.85506,MEX,BEL,6404
2041690,142,18,1378,2004,0.0,363600.0,1.251894,0.063827,MLT,BEL,6404
2041691,147,18,1378,2004,0.0,5074.0,-1.1010790000000001,-1.0942,MOZ,BEL,6404
2041692,153,18,1378,2004,371201.0,0.0,0.6710050000000001,0.17807,MYS,BEL,6404
2041693,156,18,1378,2004,0.0,2189.0,-0.49824700000000005,-0.8284239999999999,NCL,BEL,6404
2041694,162,18,1378,2004,26706561.0,37126171.0,1.251808,1.586526,NLD,BEL,6404
2041695,163,18,1378,2004,0.0,26833.0,1.10162,0.118709,NOR,BEL,6404
2041696,166,18,1378,2004,0.0,13310.0,0.567392,0.965781,NZL,BEL,6404
2041697,168,18,1378,2004,253961.0,0.0,-0.754143,0.25995100000000004,PAK,BEL,6404
2041698,169,18,1378,2004,0.0,4982.0,-0.011979,0.261315,PAN,BEL,6404
2041699,174,18,1378,2004,6185.0,0.0,-0.076709,-0.149006,PHL,BEL,6404
2041700,177,18,1378,2004,191307.0,1448141.0,1.019341,1.519452,POL,BEL,6404
2041701,179,18,1378,2004,996906.0,18275290.0,0.524524,1.901139,PRT,BEL,6404
2041702,182,18,1378,2004,0.0,1593.0,-0.414954,-0.773736,PYF,BEL,6404
2041703,185,18,1378,2004,0.0,3330.0,0.37241599999999997,1.015865,ROU,BEL,6404
2041704,186,18,1378,2004,1368.0,637438.0,0.8952399999999999,0.172896,RUS,BEL,6404
2041705,188,18,1378,2004,0.0,20715.0,0.546196,-0.7014729999999999,SAU,BEL,6404
2041706,189,18,1378,2004,0.0,91779.0,0.628071,2.210424,SCG,BEL,6404
2041707,191,18,1378,2004,0.0,5508.0,-0.527127,-0.368631,SEN,BEL,6404
2041708,192,18,1378,2004,772370.0,0.0,1.6409779999999998,0.634947,SGP,BEL,6404
2041709,206,18,1378,2004,463351.0,384912.0,1.2375120000000002,0.8777889999999999,SVK,BEL,6404
2041710,207,18,1378,2004,15006.0,562746.0,1.628643,1.02381,SVN,BEL,6404
2041711,208,18,1378,2004,28118.0,12010449.0,2.0522080000000003,0.8326969999999999,SWE,BEL,6404
2041712,211,18,1378,2004,0.0,1035.0,-0.12954100000000002,-0.713507,SYC,BEL,6404
2041713,216,18,1378,2004,19556454.0,0.0,0.5150359999999999,1.583019,THA,BEL,6404
2041714,223,18,1378,2004,11550.0,3491.0,-0.195751,0.335147,TUN,BEL,6404
2041715,224,18,1378,2004,390863.0,99776.0,0.141454,1.9463599999999999,TUR,BEL,6404
2041716,228,18,1378,2004,0.0,68873.0,0.8758040000000001,0.8195879999999999,UKR,BEL,6404
2041717,231,18,1378,2004,82072.0,114069.0,1.7598630000000002,0.066704,USA,BEL,6404
2041718,232,18,1378,2004,0.0,1810.0,-0.50605,-0.824691,UZB,BEL,6404
2041719,239,18,1378,2004,76598420.0,0.0,-0.5270560000000001,0.8910389999999999,VNM,BEL,6404
2041720,246,18,1378,2004,4791.0,70380.0,0.460279,1.9736220000000002,ZAF,BEL,6404
2041721,248,18,1378,2004,0.0,1760.0,-0.560593,-0.091112,ZWE,BEL,6404
2041722,249,18,1378,2004,525655.0,0.0,1.626307,1.358315,TWN,BEL,6404
2041723,250,18,1378,2004,0.0,5795.0,0.509382,-0.30904299999999996,ANS,BEL,6404
2041724,32,25,1378,2004,27694.0,0.0,0.540718,1.149065,BRA,BHS,6404
2041725,41,25,1378,2004,1635.0,0.0,2.151471,0.7196279999999999,CHE,BHS,6404
2041726,43,25,1378,2004,4239.0,0.0,0.581548,2.8689880000000003,CHN,BHS,6404
2041727,61,25,1378,2004,1797.0,0.0,2.266076,-2.011139,DEU,BHS,6404
2041728,81,25,1378,2004,10811.0,0.0,1.843506,0.684779,GBR,BHS,6404
2041729,97,25,1378,2004,3003.0,0.0,0.604825,2.098745,HKG,BHS,6404
2041730,111,25,1378,2004,24756.0,1090.0,1.358057,1.11533,ITA,BHS,6404
2041731,112,25,1378,2004,15423.0,0.0,-0.64957,-0.944183,JAM,BHS,6404
2041732,169,25,1378,2004,404.0,0.0,-0.011979,0.261315,PAN,BHS,6404
2041733,231,25,1378,2004,121448.0,0.0,1.7598630000000002,0.066704,USA,BHS,6404
2041734,249,25,1378,2004,2499.0,0.0,1.626307,1.358315,TWN,BHS,6404
2041735,0,32,1378,2004,0.0,1844.0,-0.30244099999999996,-0.892926,ABW,BRA,6404
2041736,2,32,1378,2004,0.0,130265.0,-0.8513709999999999,-1.173397,AGO,BRA,6404
2041737,6,32,1378,2004,0.0,4237.0,0.726256,-0.48520699999999994,ANT,BRA,6404
2041738,7,32,1378,2004,0.0,533824.0,0.1799,-0.34541900000000003,ARE,BRA,6404
2041739,8,32,1378,2004,13051.0,35597784.0,0.28128600000000004,0.64115,ARG,BRA,6404
2041740,14,32,1378,2004,0.0,118965.0,0.196641,0.8139460000000001,AUS,BRA,6404
2041741,15,32,1378,2004,0.0,9602.0,1.825391,0.40553,AUT,BRA,6404
2041742,18,32,1378,2004,0.0,40456.0,1.350911,1.408209,BEL,BRA,6404
2041743,22,32,1378,2004,1961.0,0.0,-1.150444,-0.885333,BGD,BRA,6404
2041744,23,32,1378,2004,0.0,16320.0,0.35536,1.499182,BGR,BRA,6404
2041745,24,32,1378,2004,0.0,4047.0,0.045344999999999996,-1.001059,BHR,BRA,6404
2041746,25,32,1378,2004,0.0,27694.0,0.620432,-0.513724,BHS,BRA,6404
2041747,26,32,1378,2004,0.0,6137.0,0.385952,0.571774,BIH,BRA,6404
2041748,31,32,1378,2004,0.0,821295.0,-0.9288489999999999,-0.929884,BOL,BRA,6404
2041749,34,32,1378,2004,0.0,1916.0,-1.271325,-1.03277,BRN,BRA,6404
2041750,39,32,1378,2004,0.0,838101.0,0.9392739999999999,1.19228,CAN,BRA,6404
2041751,41,32,1378,2004,22670.0,15508.0,2.151471,0.7196279999999999,CHE,BRA,6404
2041752,42,32,1378,2004,0.0,2275038.0,-0.07869,-0.33641,CHL,BRA,6404
2041753,43,32,1378,2004,16803633.0,33891.0,0.581548,2.8689880000000003,CHN,BRA,6404
2041754,49,32,1378,2004,0.0,1297207.0,0.033128,0.47524799999999995,COL,BRA,6404
2041755,51,32,1378,2004,0.0,12833.0,-0.160185,-0.729291,CPV,BRA,6404
2041756,52,32,1378,2004,0.0,148476.0,-0.043266000000000006,-0.376239,CRI,BRA,6404
2041757,54,32,1378,2004,0.0,89482.0,-0.040541,-0.634675,CUB,BRA,6404
2041758,58,32,1378,2004,0.0,29519.0,0.533521,0.615939,CYP,BRA,6404
2041759,59,32,1378,2004,0.0,228968.0,1.562625,0.865244,CZE,BRA,6404
2041760,61,32,1378,2004,2863.0,496813.0,2.266076,-2.011139,DEU,BRA,6404
2041761,64,32,1378,2004,0.0,22349.0,1.328968,1.262743,DNK,BRA,6404
2041762,65,32,1378,2004,0.0,19151.0,-0.510025,-0.328257,DOM,BRA,6404
2041763,67,32,1378,2004,0.0,496123.0,-1.149101,-1.013619,ECU,BRA,6404
2041764,68,32,1378,2004,0.0,76342.0,-0.300563,0.41834899999999997,EGY,BRA,6404
2041765,71,32,1378,2004,12493.0,912324.0,0.9784649999999999,2.051216,ESP,BRA,6404
2041766,72,32,1378,2004,0.0,31667.0,0.6101840000000001,0.9520370000000001,EST,BRA,6404
2041767,74,32,1378,2004,0.0,89081.0,2.000218,0.9867309999999999,FIN,BRA,6404
2041768,77,32,1378,2004,50659.0,194517.0,1.6003530000000001,0.643945,FRA,BRA,6404
2041769,81,32,1378,2004,6185.0,926374.0,1.843506,0.684779,GBR,BRA,6404
2041770,90,32,1378,2004,0.0,127180.0,0.348853,1.661656,GRC,BRA,6404
2041771,93,32,1378,2004,0.0,46792.0,-0.46136000000000005,0.148122,GTM,BRA,6404
2041772,96,32,1378,2004,0.0,3641.0,-1.046232,-0.985188,GUY,BRA,6404
2041773,97,32,1378,2004,1030311.0,49078.0,0.604825,2.098745,HKG,BRA,6404
2041774,99,32,1378,2004,0.0,17423.0,-0.75975,-0.548407,HND,BRA,6404
2041775,100,32,1378,2004,0.0,49280.0,0.6669970000000001,1.088043,HRV,BRA,6404
2041776,101,32,1378,2004,0.0,4426.0,-1.348507,-0.979369,HTI,BRA,6404
2041777,102,32,1378,2004,0.0,63965.0,1.207082,1.019714,HUN,BRA,6404
2041778,103,32,1378,2004,1344203.0,0.0,-0.223644,1.719065,IDN,BRA,6404
2041779,104,32,1378,2004,5928.0,0.0,0.233348,2.790987,IND,BRA,6404
2041780,106,32,1378,2004,0.0,19928.0,1.501859,0.14456,IRL,BRA,6404
2041781,109,32,1378,2004,0.0,620.0,0.298844,-0.36366,ISL,BRA,6404
2041782,110,32,1378,2004,8467.0,252853.0,1.250393,0.8003979999999999,ISR,BRA,6404
2041783,111,32,1378,2004,163542.0,522435.0,1.358057,1.11533,ITA,BRA,6404
2041784,112,32,1378,2004,0.0,26729.0,-0.64957,-0.944183,JAM,BRA,6404
2041785,113,32,1378,2004,0.0,8032.0,0.152989,0.385845,JOR,BRA,6404
2041786,114,32,1378,2004,4899.0,597586.0,2.526624,0.452054,JPN,BRA,6404
2041787,121,32,1378,2004,742182.0,41842.0,1.3624690000000002,0.928342,KOR,BRA,6404
2041788,122,32,1378,2004,0.0,320887.0,-0.481908,-1.172081,KWT,BRA,6404
2041789,124,32,1378,2004,0.0,173817.0,0.32409899999999997,1.037024,LBN,BRA,6404
2041790,131,32,1378,2004,0.0,8532.0,1.37529,1.0172649999999999,LUX,BRA,6404
2041791,132,32,1378,2004,0.0,3683.0,0.413821,0.627853,LVA,BRA,6404
2041792,134,32,1378,2004,0.0,8937.0,-0.681556,-0.152372,MAR,BRA,6404
2041793,136,32,1378,2004,0.0,2326.0,-1.355542,-0.634409,MDG,BRA,6404
2041794,138,32,1378,2004,0.0,9165682.0,0.868684,0.85506,MEX,BRA,6404
2041795,142,32,1378,2004,0.0,17006.0,1.251894,0.063827,MLT,BRA,6404
2041796,147,32,1378,2004,0.0,54396.0,-1.1010790000000001,-1.0942,MOZ,BRA,6404
2041797,151,32,1378,2004,0.0,8500.0,-0.374754,-0.288504,MUS,BRA,6404
2041798,153,32,1378,2004,0.0,9477.0,0.6710050000000001,0.17807,MYS,BRA,6404
2041799,156,32,1378,2004,0.0,59926.0,-0.49824700000000005,-0.8284239999999999,NCL,BRA,6404
2041800,160,32,1378,2004,0.0,16330.0,-0.9789479999999999,-0.8374219999999999,NIC,BRA,6404
2041801,162,32,1378,2004,1140.0,281877.0,1.251808,1.586526,NLD,BRA,6404
2041802,163,32,1378,2004,0.0,81199.0,1.10162,0.118709,NOR,BRA,6404
2041803,166,32,1378,2004,0.0,28944.0,0.567392,0.965781,NZL,BRA,6404
2041804,167,32,1378,2004,0.0,3997.0,-0.62946,-1.108933,OMN,BRA,6404
2041805,169,32,1378,2004,0.0,347101.0,-0.011979,0.261315,PAN,BRA,6404
2041806,173,32,1378,2004,0.0,881670.0,-0.564244,0.131232,PER,BRA,6404
2041807,174,32,1378,2004,0.0,12816.0,-0.076709,-0.149006,PHL,BRA,6404
2041808,177,32,1378,2004,0.0,129830.0,1.019341,1.519452,POL,BRA,6404
2041809,178,32,1378,2004,931591.0,0.0,0.578991,0.781518,PRK,BRA,6404
2041810,179,32,1378,2004,1487.0,1140755.0,0.524524,1.901139,PRT,BRA,6404
2041811,180,32,1378,2004,0.0,2534189.0,-0.64574,-0.978875,PRY,BRA,6404
2041812,182,32,1378,2004,0.0,7608.0,-0.414954,-0.773736,PYF,BRA,6404
2041813,183,32,1378,2004,0.0,65186.0,0.21713400000000002,-1.031806,QAT,BRA,6404
2041814,185,32,1378,2004,0.0,32041.0,0.37241599999999997,1.015865,ROU,BRA,6404
2041815,186,32,1378,2004,2249.0,603470.0,0.8952399999999999,0.172896,RUS,BRA,6404
2041816,188,32,1378,2004,0.0,208972.0,0.546196,-0.7014729999999999,SAU,BRA,6404
2041817,189,32,1378,2004,0.0,1109.0,0.628071,2.210424,SCG,BRA,6404
2041818,192,32,1378,2004,0.0,61281.0,1.6409779999999998,0.634947,SGP,BRA,6404
2041819,197,32,1378,2004,0.0,25300.0,-0.20529499999999998,0.1116,SLV,BRA,6404
2041820,205,32,1378,2004,0.0,142572.0,-0.991433,-0.926657,SUR,BRA,6404
2041821,206,32,1378,2004,0.0,17954.0,1.2375120000000002,0.8777889999999999,SVK,BRA,6404
2041822,207,32,1378,2004,0.0,3063.0,1.628643,1.02381,SVN,BRA,6404
2041823,208,32,1378,2004,0.0,10889.0,2.0522080000000003,0.8326969999999999,SWE,BRA,6404
2041824,216,32,1378,2004,106715.0,87015.0,0.5150359999999999,1.583019,THA,BRA,6404
2041825,222,32,1378,2004,0.0,28060.0,0.00677,-0.965385,TTO,BRA,6404
2041826,224,32,1378,2004,0.0,317259.0,0.141454,1.9463599999999999,TUR,BRA,6404
2041827,228,32,1378,2004,0.0,18324.0,0.8758040000000001,0.8195879999999999,UKR,BRA,6404
2041828,230,32,1378,2004,0.0,2501915.0,0.151633,0.121776,URY,BRA,6404
2041829,231,32,1378,2004,68635.0,17639985.0,1.7598630000000002,0.066704,USA,BRA,6404
2041830,234,32,1378,2004,0.0,668.0,-0.564477,-0.8544,VCT,BRA,6404
2041831,236,32,1378,2004,0.0,705944.0,0.048698000000000005,-0.899776,VEN,BRA,6404
2041832,237,32,1378,2004,142280.0,0.0,0.597043,-0.348742,VGB,BRA,6404
2041833,239,32,1378,2004,2034434.0,0.0,-0.5270560000000001,0.8910389999999999,VNM,BRA,6404
2041834,246,32,1378,2004,0.0,221812.0,0.460279,1.9736220000000002,ZAF,BRA,6404
2041835,249,32,1378,2004,129520.0,45544.0,1.626307,1.358315,TWN,BRA,6404
2041836,43,33,1378,2004,59624.0,0.0,0.581548,2.8689880000000003,CHN,BRB,6404
2041837,61,33,1378,2004,910.0,0.0,2.266076,-2.011139,DEU,BRB,6404
2041838,71,33,1378,2004,787.0,0.0,0.9784649999999999,2.051216,ESP,BRB,6404
2041839,81,33,1378,2004,46632.0,0.0,1.843506,0.684779,GBR,BRB,6404
2041840,96,33,1378,2004,1111.0,0.0,-1.046232,-0.985188,GUY,BRB,6404
2041841,103,33,1378,2004,1411.0,0.0,-0.223644,1.719065,IDN,BRB,6404
2041842,106,33,1378,2004,8552.0,0.0,1.501859,0.14456,IRL,BRB,6404
2041843,140,33,1378,2004,2903.0,0.0,-0.091013,0.190649,MKD,BRB,6404
2041844,169,33,1378,2004,2209.0,0.0,-0.011979,0.261315,PAN,BRB,6404
2041845,216,33,1378,2004,1653.0,0.0,0.5150359999999999,1.583019,THA,BRB,6404
2041846,231,33,1378,2004,28065.0,0.0,1.7598630000000002,0.066704,USA,BRB,6404
2041847,239,33,1378,2004,8179.0,0.0,-0.5270560000000001,0.8910389999999999,VNM,BRB,6404
2041848,1,39,1378,2004,5600.0,0.0,-0.6831550000000001,-0.756696,AFG,CAN,6404
2041849,4,39,1378,2004,7014.0,0.0,-0.131892,0.14985199999999999,ALB,CAN,6404
2041850,7,39,1378,2004,0.0,9312.0,0.1799,-0.34541900000000003,ARE,CAN,6404
2041851,8,39,1378,2004,0.0,4241.0,0.28128600000000004,0.64115,ARG,CAN,6404
2041852,14,39,1378,2004,21708.0,9551.0,0.196641,0.8139460000000001,AUS,CAN,6404
2041853,15,39,1378,2004,28577.0,3414.0,1.825391,0.40553,AUT,CAN,6404
2041854,18,39,1378,2004,14438.0,3916.0,1.350911,1.408209,BEL,CAN,6404
2041855,22,39,1378,2004,0.0,7461.0,-1.150444,-0.885333,BGD,CAN,6404
2041856,23,39,1378,2004,25795.0,0.0,0.35536,1.499182,BGR,CAN,6404
2041857,26,39,1378,2004,0.0,1115.0,0.385952,0.571774,BIH,CAN,6404
2041858,30,39,1378,2004,0.0,16314.0,1.024248,-0.499122,BMU,CAN,6404
2041859,32,39,1378,2004,838101.0,0.0,0.540718,1.149065,BRA,CAN,6404
2041860,41,39,1378,2004,26319.0,16186.0,2.151471,0.7196279999999999,CHE,CAN,6404
2041861,42,39,1378,2004,0.0,21176.0,-0.07869,-0.33641,CHL,CAN,6404
2041862,43,39,1378,2004,47208226.0,34684.0,0.581548,2.8689880000000003,CHN,CAN,6404
2041863,49,39,1378,2004,27636.0,0.0,0.033128,0.47524799999999995,COL,CAN,6404
2041864,59,39,1378,2004,146965.0,7353.0,1.562625,0.865244,CZE,CAN,6404
2041865,61,39,1378,2004,769389.0,73873.0,2.266076,-2.011139,DEU,CAN,6404
2041866,64,39,1378,2004,12738.0,22326.0,1.328968,1.262743,DNK,CAN,6404
2041867,65,39,1378,2004,153049.0,0.0,-0.510025,-0.328257,DOM,CAN,6404
2041868,67,39,1378,2004,1066.0,5416.0,-1.149101,-1.013619,ECU,CAN,6404
2041869,71,39,1378,2004,1628870.0,32095.0,0.9784649999999999,2.051216,ESP,CAN,6404
2041870,74,39,1378,2004,17395.0,42347.0,2.000218,0.9867309999999999,FIN,CAN,6404
2041871,77,39,1378,2004,202271.0,128165.0,1.6003530000000001,0.643945,FRA,CAN,6404
2041872,81,39,1378,2004,338961.0,27117.0,1.843506,0.684779,GBR,CAN,6404
2041873,82,39,1378,2004,0.0,1520.0,0.381348,-0.44259,GEO,CAN,6404
2041874,90,39,1378,2004,961.0,0.0,0.348853,1.661656,GRC,CAN,6404
2041875,92,39,1378,2004,0.0,22073.0,-1.31451,-0.969981,GRL,CAN,6404
2041876,96,39,1378,2004,1039.0,0.0,-1.046232,-0.985188,GUY,CAN,6404
2041877,97,39,1378,2004,654020.0,23334.0,0.604825,2.098745,HKG,CAN,6404
2041878,102,39,1378,2004,1608.0,3157.0,1.207082,1.019714,HUN,CAN,6404
2041879,103,39,1378,2004,1778785.0,0.0,-0.223644,1.719065,IDN,CAN,6404
2041880,104,39,1378,2004,658931.0,0.0,0.233348,2.790987,IND,CAN,6404
2041881,106,39,1378,2004,3181.0,3689.0,1.501859,0.14456,IRL,CAN,6404
2041882,109,39,1378,2004,0.0,2270.0,0.298844,-0.36366,ISL,CAN,6404
2041883,110,39,1378,2004,19739.0,5508.0,1.250393,0.8003979999999999,ISR,CAN,6404
2041884,111,39,1378,2004,1919235.0,13242.0,1.358057,1.11533,ITA,CAN,6404
2041885,114,39,1378,2004,39835.0,58584.0,2.526624,0.452054,JPN,CAN,6404
2041886,117,39,1378,2004,0.0,1769.0,0.005121,0.176652,KGZ,CAN,6404
2041887,118,39,1378,2004,90052.0,0.0,-1.4676209999999998,-1.1972639999999999,KHM,CAN,6404
2041888,121,39,1378,2004,115726.0,4506.0,1.3624690000000002,0.928342,KOR,CAN,6404
2041889,122,39,1378,2004,502.0,2167.0,-0.481908,-1.172081,KWT,CAN,6404
2041890,124,39,1378,2004,0.0,2789.0,0.32409899999999997,1.037024,LBN,CAN,6404
2041891,128,39,1378,2004,3087.0,0.0,-0.658668,0.21912600000000002,LKA,CAN,6404
2041892,129,39,1378,2004,84138.0,0.0,-1.343146,-1.041126,LSO,CAN,6404
2041893,130,39,1378,2004,4294.0,0.0,0.403568,0.632707,LTU,CAN,6404
2041894,132,39,1378,2004,0.0,12001.0,0.413821,0.627853,LVA,CAN,6404
2041895,133,39,1378,2004,2759628.0,153617.0,-0.351045,-0.487521,MAC,CAN,6404
2041896,134,39,1378,2004,6749.0,0.0,-0.681556,-0.152372,MAR,CAN,6404
2041897,135,39,1378,2004,33158.0,0.0,-0.155523,-0.355142,MDA,CAN,6404
2041898,138,39,1378,2004,368736.0,1249.0,0.868684,0.85506,MEX,CAN,6404
2041899,145,39,1378,2004,0.0,3991.0,-1.030558,-1.03145,MNG,CAN,6404
2041900,153,39,1378,2004,12365.0,3595.0,0.6710050000000001,0.17807,MYS,CAN,6404
2041901,160,39,1378,2004,9655.0,0.0,-0.9789479999999999,-0.8374219999999999,NIC,CAN,6404
2041902,162,39,1378,2004,55451.0,0.0,1.251808,1.586526,NLD,CAN,6404
2041903,163,39,1378,2004,18367.0,206676.0,1.10162,0.118709,NOR,CAN,6404
2041904,166,39,1378,2004,8066.0,0.0,0.567392,0.965781,NZL,CAN,6404
2041905,168,39,1378,2004,14074.0,0.0,-0.754143,0.25995100000000004,PAK,CAN,6404
2041906,173,39,1378,2004,19213.0,0.0,-0.564244,0.131232,PER,CAN,6404
2041907,174,39,1378,2004,25964.0,1773.0,-0.076709,-0.149006,PHL,CAN,6404
2041908,177,39,1378,2004,3242.0,6521.0,1.019341,1.519452,POL,CAN,6404
2041909,179,39,1378,2004,111719.0,0.0,0.524524,1.901139,PRT,CAN,6404
2041910,185,39,1378,2004,330802.0,0.0,0.37241599999999997,1.015865,ROU,CAN,6404
2041911,186,39,1378,2004,3552.0,65407.0,0.8952399999999999,0.172896,RUS,CAN,6404
2041912,188,39,1378,2004,0.0,8503.0,0.546196,-0.7014729999999999,SAU,CAN,6404
2041913,189,39,1378,2004,11187.0,0.0,0.628071,2.210424,SCG,CAN,6404
2041914,192,39,1378,2004,19952.0,5632.0,1.6409779999999998,0.634947,SGP,CAN,6404
2041915,197,39,1378,2004,2217.0,0.0,-0.20529499999999998,0.1116,SLV,CAN,6404
2041916,206,39,1378,2004,45853.0,0.0,1.2375120000000002,0.8777889999999999,SVK,CAN,6404
2041917,207,39,1378,2004,860.0,2568.0,1.628643,1.02381,SVN,CAN,6404
2041918,208,39,1378,2004,12277.0,16525.0,2.0522080000000003,0.8326969999999999,SWE,CAN,6404
2041919,213,39,1378,2004,1477.0,0.0,0.51858,-0.030114,TCA,CAN,6404
2041920,216,39,1378,2004,548796.0,0.0,0.5150359999999999,1.583019,THA,CAN,6404
2041921,222,39,1378,2004,0.0,6568.0,0.00677,-0.965385,TTO,CAN,6404
2041922,224,39,1378,2004,16590.0,0.0,0.141454,1.9463599999999999,TUR,CAN,6404
2041923,230,39,1378,2004,2803.0,0.0,0.151633,0.121776,URY,CAN,6404
2041924,231,39,1378,2004,15826385.0,7005065.0,1.7598630000000002,0.066704,USA,CAN,6404
2041925,236,39,1378,2004,9326.0,15689.0,0.048698000000000005,-0.899776,VEN,CAN,6404
2041926,239,39,1378,2004,9237329.0,0.0,-0.5270560000000001,0.8910389999999999,VNM,CAN,6404
2041927,246,39,1378,2004,4470.0,2701.0,0.460279,1.9736220000000002,ZAF,CAN,6404
2041928,249,39,1378,2004,144206.0,9003.0,1.626307,1.358315,TWN,CAN,6404
2041929,7,41,1378,2004,1708.0,13531.0,0.1799,-0.34541900000000003,ARE,CHE,6404
2041930,14,41,1378,2004,8988.0,213895.0,0.196641,0.8139460000000001,AUS,CHE,6404
2041931,15,41,1378,2004,2066536.0,319134.0,1.825391,0.40553,AUT,CHE,6404
2041932,16,41,1378,2004,0.0,934.0,-0.393221,-0.9494440000000001,AZE,CHE,6404
2041933,18,41,1378,2004,842310.0,24820.0,1.350911,1.408209,BEL,CHE,6404
2041934,22,41,1378,2004,5813.0,0.0,-1.150444,-0.885333,BGD,CHE,6404
2041935,23,41,1378,2004,0.0,9413.0,0.35536,1.499182,BGR,CHE,6404
2041936,24,41,1378,2004,0.0,1133.0,0.045344999999999996,-1.001059,BHR,CHE,6404
2041937,25,41,1378,2004,0.0,1635.0,0.620432,-0.513724,BHS,CHE,6404
2041938,26,41,1378,2004,885.0,5876.0,0.385952,0.571774,BIH,CHE,6404
2041939,29,41,1378,2004,0.0,1186.0,-0.355391,-0.662783,BLZ,CHE,6404
2041940,32,41,1378,2004,15508.0,22670.0,0.540718,1.149065,BRA,CHE,6404
2041941,34,41,1378,2004,0.0,3124.0,-1.271325,-1.03277,BRN,CHE,6404
2041942,39,41,1378,2004,16186.0,26319.0,0.9392739999999999,1.19228,CAN,CHE,6404
2041943,43,41,1378,2004,12080794.0,184351.0,0.581548,2.8689880000000003,CHN,CHE,6404
2041944,49,41,1378,2004,0.0,9865.0,0.033128,0.47524799999999995,COL,CHE,6404
2041945,58,41,1378,2004,0.0,284065.0,0.533521,0.615939,CYP,CHE,6404
2041946,59,41,1378,2004,95175.0,12477.0,1.562625,0.865244,CZE,CHE,6404
2041947,61,41,1378,2004,16098072.0,1600488.0,2.266076,-2.011139,DEU,CHE,6404
2041948,64,41,1378,2004,109678.0,36124.0,1.328968,1.262743,DNK,CHE,6404
2041949,65,41,1378,2004,4836.0,0.0,-0.510025,-0.328257,DOM,CHE,6404
2041950,67,41,1378,2004,0.0,4571.0,-1.149101,-1.013619,ECU,CHE,6404
2041951,71,41,1378,2004,628300.0,515346.0,0.9784649999999999,2.051216,ESP,CHE,6404
2041952,72,41,1378,2004,0.0,11259.0,0.6101840000000001,0.9520370000000001,EST,CHE,6404
2041953,73,41,1378,2004,0.0,1563.0,-1.156284,-0.900874,ETH,CHE,6404
2041954,74,41,1378,2004,42124.0,32438.0,2.000218,0.9867309999999999,FIN,CHE,6404
2041955,77,41,1378,2004,7020536.0,714561.0,1.6003530000000001,0.643945,FRA,CHE,6404
2041956,81,41,1378,2004,418087.0,618560.0,1.843506,0.684779,GBR,CHE,6404
2041957,90,41,1378,2004,1178.0,28990.0,0.348853,1.661656,GRC,CHE,6404
2041958,97,41,1378,2004,557444.0,923804.0,0.604825,2.098745,HKG,CHE,6404
2041959,100,41,1378,2004,22192.0,4786.0,0.6669970000000001,1.088043,HRV,CHE,6404
2041960,102,41,1378,2004,86949.0,18286.0,1.207082,1.019714,HUN,CHE,6404
2041961,103,41,1378,2004,614549.0,45270.0,-0.223644,1.719065,IDN,CHE,6404
2041962,104,41,1378,2004,57410.0,13131.0,0.233348,2.790987,IND,CHE,6404
2041963,106,41,1378,2004,0.0,41772.0,1.501859,0.14456,IRL,CHE,6404
2041964,109,41,1378,2004,0.0,12541.0,0.298844,-0.36366,ISL,CHE,6404
2041965,110,41,1378,2004,12648.0,39373.0,1.250393,0.8003979999999999,ISR,CHE,6404
2041966,111,41,1378,2004,57966491.0,563320.0,1.358057,1.11533,ITA,CHE,6404
2041967,114,41,1378,2004,8095.0,287416.0,2.526624,0.452054,JPN,CHE,6404
2041968,115,41,1378,2004,0.0,15105.0,-0.09288300000000001,-0.537664,KAZ,CHE,6404
2041969,116,41,1378,2004,5187.0,3114.0,-0.503694,0.410495,KEN,CHE,6404
2041970,118,41,1378,2004,162939.0,7227.0,-1.4676209999999998,-1.1972639999999999,KHM,CHE,6404
2041971,121,41,1378,2004,72836.0,101581.0,1.3624690000000002,0.928342,KOR,CHE,6404
2041972,122,41,1378,2004,0.0,1396.0,-0.481908,-1.172081,KWT,CHE,6404
2041973,124,41,1378,2004,4303.0,838.0,0.32409899999999997,1.037024,LBN,CHE,6404
2041974,127,41,1378,2004,0.0,4930.0,0.233152,-0.351169,LCA,CHE,6404
2041975,130,41,1378,2004,0.0,1430.0,0.403568,0.632707,LTU,CHE,6404
2041976,132,41,1378,2004,0.0,1186.0,0.413821,0.627853,LVA,CHE,6404
2041977,133,41,1378,2004,185180.0,4546.0,-0.351045,-0.487521,MAC,CHE,6404
2041978,134,41,1378,2004,32304.0,0.0,-0.681556,-0.152372,MAR,CHE,6404
2041979,135,41,1378,2004,0.0,4723.0,-0.155523,-0.355142,MDA,CHE,6404
2041980,142,41,1378,2004,707.0,0.0,1.251894,0.063827,MLT,CHE,6404
2041981,143,41,1378,2004,9308.0,0.0,-1.400614,-0.947664,MMR,CHE,6404
2041982,151,41,1378,2004,0.0,1312.0,-0.374754,-0.288504,MUS,CHE,6404
2041983,152,41,1378,2004,0.0,2570.0,-1.592983,-1.252423,MWI,CHE,6404
2041984,153,41,1378,2004,77970.0,90423.0,0.6710050000000001,0.17807,MYS,CHE,6404
2041985,162,41,1378,2004,366533.0,179496.0,1.251808,1.586526,NLD,CHE,6404
2041986,163,41,1378,2004,0.0,8383.0,1.10162,0.118709,NOR,CHE,6404
2041987,166,41,1378,2004,11462.0,15764.0,0.567392,0.965781,NZL,CHE,6404
2041988,168,41,1378,2004,4140.0,0.0,-0.754143,0.25995100000000004,PAK,CHE,6404
2041989,169,41,1378,2004,0.0,7796.0,-0.011979,0.261315,PAN,CHE,6404
2041990,174,41,1378,2004,63479.0,1378.0,-0.076709,-0.149006,PHL,CHE,6404
2041991,176,41,1378,2004,0.0,2458.0,-1.7599200000000002,-1.219971,PNG,CHE,6404
2041992,177,41,1378,2004,118369.0,36355.0,1.019341,1.519452,POL,CHE,6404
2041993,179,41,1378,2004,204864.0,74139.0,0.524524,1.901139,PRT,CHE,6404
2041994,180,41,1378,2004,261.0,0.0,-0.64574,-0.978875,PRY,CHE,6404
2041995,185,41,1378,2004,202004.0,5213.0,0.37241599999999997,1.015865,ROU,CHE,6404
2041996,186,41,1378,2004,0.0,63213.0,0.8952399999999999,0.172896,RUS,CHE,6404
2041997,188,41,1378,2004,0.0,2291.0,0.546196,-0.7014729999999999,SAU,CHE,6404
2041998,189,41,1378,2004,7775.0,6203.0,0.628071,2.210424,SCG,CHE,6404
2041999,192,41,1378,2004,40444.0,94258.0,1.6409779999999998,0.634947,SGP,CHE,6404
2042000,205,41,1378,2004,0.0,11746.0,-0.991433,-0.926657,SUR,CHE,6404
2042001,206,41,1378,2004,127097.0,10190.0,1.2375120000000002,0.8777889999999999,SVK,CHE,6404
2042002,207,41,1378,2004,2504.0,0.0,1.628643,1.02381,SVN,CHE,6404
2042003,208,41,1378,2004,61933.0,23281.0,2.0522080000000003,0.8326969999999999,SWE,CHE,6404
2042004,216,41,1378,2004,338434.0,52143.0,0.5150359999999999,1.583019,THA,CHE,6404
2042005,222,41,1378,2004,0.0,20700.0,0.00677,-0.965385,TTO,CHE,6404
2042006,223,41,1378,2004,0.0,683.0,-0.195751,0.335147,TUN,CHE,6404
2042007,224,41,1378,2004,72598.0,12641.0,0.141454,1.9463599999999999,TUR,CHE,6404
2042008,226,41,1378,2004,0.0,3412.0,-1.022658,-0.007045999999999999,TZA,CHE,6404
2042009,227,41,1378,2004,0.0,2727.0,-0.914733,-0.554346,UGA,CHE,6404
2042010,228,41,1378,2004,0.0,72676.0,0.8758040000000001,0.8195879999999999,UKR,CHE,6404
2042011,231,41,1378,2004,67634.0,449927.0,1.7598630000000002,0.066704,USA,CHE,6404
2042012,236,41,1378,2004,0.0,5037.0,0.048698000000000005,-0.899776,VEN,CHE,6404
2042013,239,41,1378,2004,4349124.0,194877.0,-0.5270560000000001,0.8910389999999999,VNM,CHE,6404
2042014,246,41,1378,2004,1595.0,19419.0,0.460279,1.9736220000000002,ZAF,CHE,6404
2042015,249,41,1378,2004,128938.0,202546.0,1.626307,1.358315,TWN,CHE,6404
2042016,2,43,1378,2004,0.0,409028.0,-0.8513709999999999,-1.173397,AGO,CHN,6404
2042017,4,43,1378,2004,0.0,406057.0,-0.131892,0.14985199999999999,ALB,CHN,6404
2042018,5,43,1378,2004,0.0,56739.0,1.268618,0.835359,AND,CHN,6404
2042019,6,43,1378,2004,0.0,57513.0,0.726256,-0.48520699999999994,ANT,CHN,6404
2042020,7,43,1378,2004,0.0,13297534.0,0.1799,-0.34541900000000003,ARE,CHN,6404
2042021,8,43,1378,2004,0.0,2833786.0,0.28128600000000004,0.64115,ARG,CHN,6404
2042022,9,43,1378,2004,0.0,41113.0,0.661799,-0.140004,ARM,CHN,6404
2042023,13,43,1378,2004,0.0,8677.0,0.257288,-0.645794,ATG,CHN,6404
2042024,14,43,1378,2004,24752.0,45156476.0,0.196641,0.8139460000000001,AUS,CHN,6404
2042025,15,43,1378,2004,0.0,4587961.0,1.825391,0.40553,AUT,CHN,6404
2042026,16,43,1378,2004,0.0,2815988.0,-0.393221,-0.9494440000000001,AZE,CHN,6404
2042027,17,43,1378,2004,0.0,1721.0,-0.939393,-0.919969,BDI,CHN,6404
2042028,18,43,1378,2004,1343.0,96044969.0,1.350911,1.408209,BEL,CHN,6404
2042029,19,43,1378,2004,0.0,244956.0,-1.299345,-0.9871260000000001,BEN,CHN,6404
2042030,21,43,1378,2004,0.0,118283.0,-1.000801,-1.00024,BFA,CHN,6404
2042031,22,43,1378,2004,14215.0,232652.0,-1.150444,-0.885333,BGD,CHN,6404
2042032,23,43,1378,2004,0.0,3071618.0,0.35536,1.499182,BGR,CHN,6404
2042033,24,43,1378,2004,0.0,322923.0,0.045344999999999996,-1.001059,BHR,CHN,6404
2042034,25,43,1378,2004,0.0,4239.0,0.620432,-0.513724,BHS,CHN,6404
2042035,26,43,1378,2004,0.0,701062.0,0.385952,0.571774,BIH,CHN,6404
2042036,28,43,1378,2004,0.0,128630.0,0.8553139999999999,0.703926,BLR,CHN,6404
2042037,29,43,1378,2004,0.0,157478.0,-0.355391,-0.662783,BLZ,CHN,6404
2042038,31,43,1378,2004,0.0,69431.0,-0.9288489999999999,-0.929884,BOL,CHN,6404
2042039,32,43,1378,2004,33891.0,16803633.0,0.540718,1.149065,BRA,CHN,6404
2042040,33,43,1378,2004,0.0,59624.0,0.8541559999999999,0.25895799999999997,BRB,CHN,6404
2042041,34,43,1378,2004,0.0,266805.0,-1.271325,-1.03277,BRN,CHN,6404
2042042,37,43,1378,2004,0.0,916011.0,-0.8574229999999999,-1.191754,BWA,CHN,6404
2042043,39,43,1378,2004,34684.0,47208226.0,0.9392739999999999,1.19228,CAN,CHN,6404
2042044,41,43,1378,2004,184351.0,12080794.0,2.151471,0.7196279999999999,CHE,CHN,6404
2042045,42,43,1378,2004,0.0,26132581.0,-0.07869,-0.33641,CHL,CHN,6404
2042046,44,43,1378,2004,0.0,590276.0,-0.8490979999999999,-0.754732,CIV,CHN,6404
2042047,45,43,1378,2004,0.0,276573.0,-1.604916,-1.217399,CMR,CHN,6404
2042048,46,43,1378,2004,0.0,51725.0,-1.405291,-1.108962,COD,CHN,6404
2042049,47,43,1378,2004,0.0,69968.0,-1.610222,-1.184921,COG,CHN,6404
2042050,49,43,1378,2004,0.0,3422610.0,0.033128,0.47524799999999995,COL,CHN,6404
2042051,51,43,1378,2004,0.0,9305.0,-0.160185,-0.729291,CPV,CHN,6404
2042052,52,43,1378,2004,0.0,648037.0,-0.043266000000000006,-0.376239,CRI,CHN,6404
2042053,54,43,1378,2004,0.0,545792.0,-0.040541,-0.634675,CUB,CHN,6404
2042054,58,43,1378,2004,0.0,1050239.0,0.533521,0.615939,CYP,CHN,6404
2042055,59,43,1378,2004,0.0,5805795.0,1.562625,0.865244,CZE,CHN,6404
2042056,61,43,1378,2004,158633.0,109274684.0,2.266076,-2.011139,DEU,CHN,6404
2042057,62,43,1378,2004,0.0,1929465.0,-0.12463699999999998,-0.304559,DJI,CHN,6404
2042058,63,43,1378,2004,0.0,137262.0,0.322803,-0.000479,DMA,CHN,6404
2042059,64,43,1378,2004,403829.0,13809123.0,1.328968,1.262743,DNK,CHN,6404
2042060,65,43,1378,2004,0.0,250361.0,-0.510025,-0.328257,DOM,CHN,6404
2042061,66,43,1378,2004,0.0,5388816.0,-0.725066,-1.163606,DZA,CHN,6404
2042062,67,43,1378,2004,0.0,1225550.0,-1.149101,-1.013619,ECU,CHN,6404
2042063,68,43,1378,2004,0.0,3170979.0,-0.300563,0.41834899999999997,EGY,CHN,6404
2042064,71,43,1378,2004,59450.0,45670837.0,0.9784649999999999,2.051216,ESP,CHN,6404
2042065,72,43,1378,2004,0.0,391970.0,0.6101840000000001,0.9520370000000001,EST,CHN,6404
2042066,73,43,1378,2004,0.0,1853499.0,-1.156284,-0.900874,ETH,CHN,6404
2042067,74,43,1378,2004,0.0,6230649.0,2.000218,0.9867309999999999,FIN,CHN,6404
2042068,75,43,1378,2004,0.0,133138.0,-0.8870969999999999,-0.287427,FJI,CHN,6404
2042069,77,43,1378,2004,68556.0,134079150.0,1.6003530000000001,0.643945,FRA,CHN,6404
2042070,78,43,1378,2004,0.0,162325.0,-1.026359,-0.960327,FRO,CHN,6404
2042071,80,43,1378,2004,0.0,29893.0,-0.700329,-1.137018,GAB,CHN,6404
2042072,81,43,1378,2004,129439.0,132601050.0,1.843506,0.684779,GBR,CHN,6404
2042073,82,43,1378,2004,0.0,665848.0,0.381348,-0.44259,GEO,CHN,6404
2042074,83,43,1378,2004,0.0,1223291.0,-1.2972540000000001,-0.9967219999999999,GHA,CHN,6404
2042075,85,43,1378,2004,0.0,300089.0,-1.314543,-1.155153,GIN,CHN,6404
2042076,87,43,1378,2004,0.0,185557.0,-0.135943,-0.226541,GMB,CHN,6404
2042077,89,43,1378,2004,0.0,5122.0,-1.093261,-0.8802639999999999,GNQ,CHN,6404
2042078,90,43,1378,2004,0.0,7543419.0,0.348853,1.661656,GRC,CHN,6404
2042079,91,43,1378,2004,0.0,9693.0,0.40210100000000004,-0.382662,GRD,CHN,6404
2042080,93,43,1378,2004,0.0,433809.0,-0.46136000000000005,0.148122,GTM,CHN,6404
2042081,96,43,1378,2004,0.0,56801.0,-1.046232,-0.985188,GUY,CHN,6404
2042082,97,43,1378,2004,1586816.0,130367954.0,0.604825,2.098745,HKG,CHN,6404
2042083,99,43,1378,2004,0.0,131874.0,-0.75975,-0.548407,HND,CHN,6404
2042084,100,43,1378,2004,0.0,3039839.0,0.6669970000000001,1.088043,HRV,CHN,6404
2042085,101,43,1378,2004,0.0,4775.0,-1.348507,-0.979369,HTI,CHN,6404
2042086,102,43,1378,2004,0.0,5771947.0,1.207082,1.019714,HUN,CHN,6404
2042087,103,43,1378,2004,2315010.0,7267288.0,-0.223644,1.719065,IDN,CHN,6404
2042088,104,43,1378,2004,2845.0,1417306.0,0.233348,2.790987,IND,CHN,6404
2042089,106,43,1378,2004,19010.0,3472529.0,1.501859,0.14456,IRL,CHN,6404
2042090,107,43,1378,2004,0.0,750256.0,-0.38210700000000003,-0.8408620000000001,IRN,CHN,6404
2042091,108,43,1378,2004,0.0,114120.0,-0.8852559999999999,-0.907136,IRQ,CHN,6404
2042092,109,43,1378,2004,0.0,38522.0,0.298844,-0.36366,ISL,CHN,6404
2042093,110,43,1378,2004,0.0,5798331.0,1.250393,0.8003979999999999,ISR,CHN,6404
2042094,111,43,1378,2004,430779.0,85193221.0,1.358057,1.11533,ITA,CHN,6404
2042095,112,43,1378,2004,0.0,375917.0,-0.64957,-0.944183,JAM,CHN,6404
2042096,113,43,1378,2004,0.0,1079886.0,0.152989,0.385845,JOR,CHN,6404
2042097,114,43,1378,2004,214626.0,358409918.0,2.526624,0.452054,JPN,CHN,6404
2042098,115,43,1378,2004,9119.0,590649.0,-0.09288300000000001,-0.537664,KAZ,CHN,6404
2042099,116,43,1378,2004,0.0,389853.0,-0.503694,0.410495,KEN,CHN,6404
2042100,117,43,1378,2004,0.0,74976.0,0.005121,0.176652,KGZ,CHN,6404
2042101,118,43,1378,2004,0.0,14321.0,-1.4676209999999998,-1.1972639999999999,KHM,CHN,6404
2042102,119,43,1378,2004,0.0,761.0,-0.552158,-0.831923,KIR,CHN,6404
2042103,120,43,1378,2004,0.0,269.0,0.538271,-0.43505299999999997,KNA,CHN,6404
2042104,121,43,1378,2004,446615.0,32944007.0,1.3624690000000002,0.928342,KOR,CHN,6404
2042105,122,43,1378,2004,0.0,1030341.0,-0.481908,-1.172081,KWT,CHN,6404
2042106,123,43,1378,2004,0.0,141384.0,-1.274622,-1.082807,LAO,CHN,6404
2042107,124,43,1378,2004,0.0,2355887.0,0.32409899999999997,1.037024,LBN,CHN,6404
2042108,125,43,1378,2004,0.0,23137.0,0.016191,-1.070051,LBR,CHN,6404
2042109,126,43,1378,2004,0.0,1908990.0,-0.42119700000000004,-1.179463,LBY,CHN,6404
2042110,127,43,1378,2004,0.0,121179.0,0.233152,-0.351169,LCA,CHN,6404
2042111,128,43,1378,2004,20117.0,345811.0,-0.658668,0.21912600000000002,LKA,CHN,6404
2042112,129,43,1378,2004,0.0,4940.0,-1.343146,-1.041126,LSO,CHN,6404
2042113,130,43,1378,2004,0.0,1147649.0,0.403568,0.632707,LTU,CHN,6404
2042114,132,43,1378,2004,0.0,1134805.0,0.413821,0.627853,LVA,CHN,6404
2042115,133,43,1378,2004,1734.0,3231776.0,-0.351045,-0.487521,MAC,CHN,6404
2042116,134,43,1378,2004,0.0,4574621.0,-0.681556,-0.152372,MAR,CHN,6404
2042117,135,43,1378,2004,0.0,81495.0,-0.155523,-0.355142,MDA,CHN,6404
2042118,136,43,1378,2004,0.0,93905.0,-1.355542,-0.634409,MDG,CHN,6404
2042119,137,43,1378,2004,0.0,3378.0,-0.34020700000000004,-0.817298,MDV,CHN,6404
2042120,138,43,1378,2004,0.0,1681451.0,0.868684,0.85506,MEX,CHN,6404
2042121,139,43,1378,2004,0.0,2892.0,-0.088716,-0.7905449999999999,MHL,CHN,6404
2042122,140,43,1378,2004,0.0,525469.0,-0.091013,0.190649,MKD,CHN,6404
2042123,141,43,1378,2004,0.0,89158.0,-0.6905100000000001,-0.9162459999999999,MLI,CHN,6404
2042124,142,43,1378,2004,0.0,92775.0,1.251894,0.063827,MLT,CHN,6404
2042125,143,43,1378,2004,0.0,3116773.0,-1.400614,-0.947664,MMR,CHN,6404
2042126,145,43,1378,2004,0.0,4083.0,-1.030558,-1.03145,MNG,CHN,6404
2042127,147,43,1378,2004,0.0,724279.0,-1.1010790000000001,-1.0942,MOZ,CHN,6404
2042128,148,43,1378,2004,0.0,53742.0,-1.6173959999999998,-1.2925719999999998,MRT,CHN,6404
2042129,151,43,1378,2004,0.0,444072.0,-0.374754,-0.288504,MUS,CHN,6404
2042130,152,43,1378,2004,0.0,29481.0,-1.592983,-1.252423,MWI,CHN,6404
2042131,153,43,1378,2004,40235.0,25759390.0,0.6710050000000001,0.17807,MYS,CHN,6404
2042132,154,43,1378,2004,0.0,10466.0,1.179671,0.016149,MYT,CHN,6404
2042133,155,43,1378,2004,0.0,176415.0,-0.40995299999999996,-0.550272,NAM,CHN,6404
2042134,156,43,1378,2004,0.0,8606.0,-0.49824700000000005,-0.8284239999999999,NCL,CHN,6404
2042135,157,43,1378,2004,0.0,8131.0,-0.8203799999999999,-0.7488,NER,CHN,6404
2042136,158,43,1378,2004,0.0,12419.0,0.664846,-0.649984,NFK,CHN,6404
2042137,159,43,1378,2004,0.0,2690492.0,-2.413432,-1.3033190000000001,NGA,CHN,6404
2042138,160,43,1378,2004,0.0,282194.0,-0.9789479999999999,-0.8374219999999999,NIC,CHN,6404
2042139,162,43,1378,2004,105053.0,72772898.0,1.251808,1.586526,NLD,CHN,6404
2042140,163,43,1378,2004,0.0,7002613.0,1.10162,0.118709,NOR,CHN,6404
2042141,164,43,1378,2004,0.0,8292941.0,-0.323954,0.5528,NPL,CHN,6404
2042142,166,43,1378,2004,26389.0,6860408.0,0.567392,0.965781,NZL,CHN,6404
2042143,167,43,1378,2004,0.0,18172.0,-0.62946,-1.108933,OMN,CHN,6404
2042144,168,43,1378,2004,0.0,505336.0,-0.754143,0.25995100000000004,PAK,CHN,6404
2042145,169,43,1378,2004,0.0,20879234.0,-0.011979,0.261315,PAN,CHN,6404
2042146,173,43,1378,2004,0.0,575331.0,-0.564244,0.131232,PER,CHN,6404
2042147,174,43,1378,2004,0.0,5321600.0,-0.076709,-0.149006,PHL,CHN,6404
2042148,176,43,1378,2004,0.0,99231.0,-1.7599200000000002,-1.219971,PNG,CHN,6404
2042149,177,43,1378,2004,0.0,18030594.0,1.019341,1.519452,POL,CHN,6404
2042150,178,43,1378,2004,0.0,1165350.0,0.578991,0.781518,PRK,CHN,6404
2042151,179,43,1378,2004,59781.0,3193807.0,0.524524,1.901139,PRT,CHN,6404
2042152,180,43,1378,2004,0.0,1381616.0,-0.64574,-0.978875,PRY,CHN,6404
2042153,181,43,1378,2004,0.0,5143.0,-0.20239100000000002,-0.6123460000000001,PSE,CHN,6404
2042154,182,43,1378,2004,0.0,131530.0,-0.414954,-0.773736,PYF,CHN,6404
2042155,183,43,1378,2004,0.0,833739.0,0.21713400000000002,-1.031806,QAT,CHN,6404
2042156,185,43,1378,2004,15143.0,6113700.0,0.37241599999999997,1.015865,ROU,CHN,6404
2042157,186,43,1378,2004,3166.0,19027006.0,0.8952399999999999,0.172896,RUS,CHN,6404
2042158,187,43,1378,2004,0.0,8883.0,-1.3952870000000002,-0.950857,RWA,CHN,6404
2042159,188,43,1378,2004,0.0,7782183.0,0.546196,-0.7014729999999999,SAU,CHN,6404
2042160,189,43,1378,2004,0.0,7674526.0,0.628071,2.210424,SCG,CHN,6404
2042161,190,43,1378,2004,0.0,1085776.0,-1.5346309999999999,-1.2599559999999999,SDN,CHN,6404
2042162,191,43,1378,2004,0.0,247776.0,-0.527127,-0.368631,SEN,CHN,6404
2042163,192,43,1378,2004,50055.0,8535218.0,1.6409779999999998,0.634947,SGP,CHN,6404
2042164,195,43,1378,2004,0.0,2067.0,-1.4911,-0.999592,SLB,CHN,6404
2042165,196,43,1378,2004,0.0,64053.0,0.48757399999999995,-0.0064659999999999995,SLE,CHN,6404
2042166,197,43,1378,2004,0.0,551325.0,-0.20529499999999998,0.1116,SLV,CHN,6404
2042167,203,43,1378,2004,0.0,14067.0,0.7482850000000001,-0.14005499999999999,STP,CHN,6404
2042168,205,43,1378,2004,0.0,26672.0,-0.991433,-0.926657,SUR,CHN,6404
2042169,206,43,1378,2004,1252.0,655018.0,1.2375120000000002,0.8777889999999999,SVK,CHN,6404
2042170,207,43,1378,2004,0.0,1606374.0,1.628643,1.02381,SVN,CHN,6404
2042171,208,43,1378,2004,6414.0,9466022.0,2.0522080000000003,0.8326969999999999,SWE,CHN,6404
2042172,209,43,1378,2004,0.0,4311.0,0.397488,-0.264855,SWZ,CHN,6404
2042173,211,43,1378,2004,0.0,41730.0,-0.12954100000000002,-0.713507,SYC,CHN,6404
2042174,212,43,1378,2004,0.0,6875.0,-0.568707,-0.034736,SYR,CHN,6404
2042175,214,43,1378,2004,0.0,2378.0,-0.8921290000000001,-0.881603,TCD,CHN,6404
2042176,215,43,1378,2004,0.0,252216.0,-0.6788270000000001,-0.482984,TGO,CHN,6404
2042177,216,43,1378,2004,430796.0,2563643.0,0.5150359999999999,1.583019,THA,CHN,6404
2042178,220,43,1378,2004,0.0,62843.0,0.935424,-0.080261,TLS,CHN,6404
2042179,221,43,1378,2004,0.0,35271.0,-0.639641,-0.798275,TON,CHN,6404
2042180,222,43,1378,2004,0.0,211175.0,0.00677,-0.965385,TTO,CHN,6404
2042181,223,43,1378,2004,0.0,505833.0,-0.195751,0.335147,TUN,CHN,6404
2042182,224,43,1378,2004,0.0,7442620.0,0.141454,1.9463599999999999,TUR,CHN,6404
2042183,225,43,1378,2004,0.0,3650.0,1.4753180000000001,-0.446762,TUV,CHN,6404
2042184,226,43,1378,2004,0.0,1468922.0,-1.022658,-0.007045999999999999,TZA,CHN,6404
2042185,227,43,1378,2004,0.0,132539.0,-0.914733,-0.554346,UGA,CHN,6404
2042186,228,43,1378,2004,0.0,9388802.0,0.8758040000000001,0.8195879999999999,UKR,CHN,6404
2042187,230,43,1378,2004,0.0,3798136.0,0.151633,0.121776,URY,CHN,6404
2042188,231,43,1378,2004,405161.0,612739688.0,1.7598630000000002,0.066704,USA,CHN,6404
2042189,232,43,1378,2004,0.0,1397.0,-0.50605,-0.824691,UZB,CHN,6404
2042190,236,43,1378,2004,0.0,1356338.0,0.048698000000000005,-0.899776,VEN,CHN,6404
2042191,237,43,1378,2004,0.0,7652.0,0.597043,-0.348742,VGB,CHN,6404
2042192,239,43,1378,2004,3809364.0,194813.0,-0.5270560000000001,0.8910389999999999,VNM,CHN,6404
2042193,240,43,1378,2004,0.0,66833.0,-1.2338790000000002,-0.969297,VUT,CHN,6404
2042194,242,43,1378,2004,0.0,2001.0,-0.129153,-0.6165510000000001,WSM,CHN,6404
2042195,243,43,1378,2004,0.0,875363.0,-1.15115,-1.207897,YEM,CHN,6404
2042196,246,43,1378,2004,0.0,27057918.0,0.460279,1.9736220000000002,ZAF,CHN,6404
2042197,247,43,1378,2004,0.0,137905.0,-0.9972190000000001,-0.853986,ZMB,CHN,6404
2042198,248,43,1378,2004,0.0,252235.0,-0.560593,-0.091112,ZWE,CHN,6404
2042199,249,43,1378,2004,150660.0,15925077.0,1.626307,1.358315,TWN,CHN,6404
2042200,250,43,1378,2004,0.0,141945.0,0.509382,-0.30904299999999996,ANS,CHN,6404
2042201,0,49,1378,2004,0.0,11319.0,-0.30244099999999996,-0.892926,ABW,COL,6404
2042202,6,49,1378,2004,0.0,6797.0,0.726256,-0.48520699999999994,ANT,COL,6404
2042203,8,49,1378,2004,10663.0,0.0,0.28128600000000004,0.64115,ARG,COL,6404
2042204,31,49,1378,2004,0.0,1400.0,-0.9288489999999999,-0.929884,BOL,COL,6404
2042205,32,49,1378,2004,1297207.0,0.0,0.540718,1.149065,BRA,COL,6404
2042206,39,49,1378,2004,0.0,27636.0,0.9392739999999999,1.19228,CAN,COL,6404
2042207,41,49,1378,2004,9865.0,0.0,2.151471,0.7196279999999999,CHE,COL,6404
2042208,42,49,1378,2004,135585.0,0.0,-0.07869,-0.33641,CHL,COL,6404
2042209,43,49,1378,2004,3422610.0,0.0,0.581548,2.8689880000000003,CHN,COL,6404
2042210,52,49,1378,2004,0.0,34808.0,-0.043266000000000006,-0.376239,CRI,COL,6404
2042211,61,49,1378,2004,0.0,2017.0,2.266076,-2.011139,DEU,COL,6404
2042212,65,49,1378,2004,976.0,3116.0,-0.510025,-0.328257,DOM,COL,6404
2042213,67,49,1378,2004,1727175.0,217861.0,-1.149101,-1.013619,ECU,COL,6404
2042214,71,49,1378,2004,24621.0,1379.0,0.9784649999999999,2.051216,ESP,COL,6404
2042215,77,49,1378,2004,5668.0,0.0,1.6003530000000001,0.643945,FRA,COL,6404
2042216,81,49,1378,2004,81331.0,14451.0,1.843506,0.684779,GBR,COL,6404
2042217,93,49,1378,2004,0.0,45591.0,-0.46136000000000005,0.148122,GTM,COL,6404
2042218,97,49,1378,2004,428312.0,0.0,0.604825,2.098745,HKG,COL,6404
2042219,103,49,1378,2004,279722.0,0.0,-0.223644,1.719065,IDN,COL,6404
2042220,104,49,1378,2004,11420.0,0.0,0.233348,2.790987,IND,COL,6404
2042221,111,49,1378,2004,45487.0,0.0,1.358057,1.11533,ITA,COL,6404
2042222,114,49,1378,2004,1032.0,0.0,2.526624,0.452054,JPN,COL,6404
2042223,121,49,1378,2004,45084.0,0.0,1.3624690000000002,0.928342,KOR,COL,6404
2042224,122,49,1378,2004,0.0,2563.0,-0.481908,-1.172081,KWT,COL,6404
2042225,127,49,1378,2004,0.0,5087.0,0.233152,-0.351169,LCA,COL,6404
2042226,135,49,1378,2004,6315.0,0.0,-0.155523,-0.355142,MDA,COL,6404
2042227,138,49,1378,2004,41554.0,173514.0,0.868684,0.85506,MEX,COL,6404
2042228,160,49,1378,2004,0.0,5402.0,-0.9789479999999999,-0.8374219999999999,NIC,COL,6404
2042229,169,49,1378,2004,66475.0,22632.0,-0.011979,0.261315,PAN,COL,6404
2042230,173,49,1378,2004,331356.0,14764.0,-0.564244,0.131232,PER,COL,6404
2042231,178,49,1378,2004,17162.0,0.0,0.578991,0.781518,PRK,COL,6404
2042232,180,49,1378,2004,1742.0,0.0,-0.64574,-0.978875,PRY,COL,6404
2042233,197,49,1378,2004,0.0,906.0,-0.20529499999999998,0.1116,SLV,COL,6404
2042234,206,49,1378,2004,3009.0,0.0,1.2375120000000002,0.8777889999999999,SVK,COL,6404
2042235,216,49,1378,2004,76302.0,0.0,0.5150359999999999,1.583019,THA,COL,6404
2042236,230,49,1378,2004,0.0,6637.0,0.151633,0.121776,URY,COL,6404
2042237,231,49,1378,2004,80682.0,776632.0,1.7598630000000002,0.066704,USA,COL,6404
2042238,234,49,1378,2004,0.0,2031.0,-0.564477,-0.8544,VCT,COL,6404
2042239,236,49,1378,2004,11334.0,211557.0,0.048698000000000005,-0.899776,VEN,COL,6404
2042240,237,49,1378,2004,0.0,7715.0,0.597043,-0.348742,VGB,COL,6404
2042241,239,49,1378,2004,193277.0,0.0,-0.5270560000000001,0.8910389999999999,VNM,COL,6404
2042242,249,49,1378,2004,56500.0,0.0,1.626307,1.358315,TWN,COL,6404
2042243,250,49,1378,2004,1794209.0,39433.0,0.509382,-0.30904299999999996,ANS,COL,6404
2042244,8,52,1378,2004,2129.0,0.0,0.28128600000000004,0.64115,ARG,CRI,6404
2042245,32,52,1378,2004,148476.0,0.0,0.540718,1.149065,BRA,CRI,6404
2042246,42,52,1378,2004,5359.0,0.0,-0.07869,-0.33641,CHL,CRI,6404
2042247,43,52,1378,2004,648037.0,0.0,0.581548,2.8689880000000003,CHN,CRI,6404
2042248,49,52,1378,2004,34808.0,0.0,0.033128,0.47524799999999995,COL,CRI,6404
2042249,65,52,1378,2004,8242.0,0.0,-0.510025,-0.328257,DOM,CRI,6404
2042250,71,52,1378,2004,9528.0,0.0,0.9784649999999999,2.051216,ESP,CRI,6404
2042251,77,52,1378,2004,0.0,28275.0,1.6003530000000001,0.643945,FRA,CRI,6404
2042252,93,52,1378,2004,19804.0,4588.0,-0.46136000000000005,0.148122,GTM,CRI,6404
2042253,97,52,1378,2004,360218.0,0.0,0.604825,2.098745,HKG,CRI,6404
2042254,99,52,1378,2004,0.0,2542.0,-0.75975,-0.548407,HND,CRI,6404
2042255,103,52,1378,2004,35867.0,0.0,-0.223644,1.719065,IDN,CRI,6404
2042256,111,52,1378,2004,7999.0,0.0,1.358057,1.11533,ITA,CRI,6404
2042257,121,52,1378,2004,177304.0,0.0,1.3624690000000002,0.928342,KOR,CRI,6404
2042258,138,52,1378,2004,11725.0,0.0,0.868684,0.85506,MEX,CRI,6404
2042259,160,52,1378,2004,1510.0,8493.0,-0.9789479999999999,-0.8374219999999999,NIC,CRI,6404
2042260,169,52,1378,2004,1152648.0,19564.0,-0.011979,0.261315,PAN,CRI,6404
2042261,197,52,1378,2004,6807.0,9425.0,-0.20529499999999998,0.1116,SLV,CRI,6404
2042262,224,52,1378,2004,46815.0,0.0,0.141454,1.9463599999999999,TUR,CRI,6404
2042263,231,52,1378,2004,60752.0,57793.0,1.7598630000000002,0.066704,USA,CRI,6404
2042264,236,52,1378,2004,989.0,0.0,0.048698000000000005,-0.899776,VEN,CRI,6404
2042265,239,52,1378,2004,92369.0,0.0,-0.5270560000000001,0.8910389999999999,VNM,CRI,6404
2042266,249,52,1378,2004,24882.0,0.0,1.626307,1.358315,TWN,CRI,6404
2042267,32,54,1378,2004,89482.0,0.0,0.540718,1.149065,BRA,CUB,6404
2042268,43,54,1378,2004,545792.0,0.0,0.581548,2.8689880000000003,CHN,CUB,6404
2042269,61,54,1378,2004,41777.0,0.0,2.266076,-2.011139,DEU,CUB,6404
2042270,71,54,1378,2004,1793662.0,0.0,0.9784649999999999,2.051216,ESP,CUB,6404
2042271,97,54,1378,2004,164333.0,0.0,0.604825,2.098745,HKG,CUB,6404
2042272,103,54,1378,2004,55573.0,0.0,-0.223644,1.719065,IDN,CUB,6404
2042273,111,54,1378,2004,50204.0,0.0,1.358057,1.11533,ITA,CUB,6404
2042274,169,54,1378,2004,419344.0,0.0,-0.011979,0.261315,PAN,CUB,6404
2042275,216,54,1378,2004,1456.0,0.0,0.5150359999999999,1.583019,THA,CUB,6404
2042276,239,54,1378,2004,201657.0,0.0,-0.5270560000000001,0.8910389999999999,VNM,CUB,6404
2042277,249,54,1378,2004,17351.0,0.0,1.626307,1.358315,TWN,CUB,6404
2042278,4,61,1378,2004,0.0,6537.0,-0.131892,0.14985199999999999,ALB,DEU,6404
2042279,5,61,1378,2004,0.0,81045.0,1.268618,0.835359,AND,DEU,6404
2042280,6,61,1378,2004,0.0,2085.0,0.726256,-0.48520699999999994,ANT,DEU,6404
2042281,7,61,1378,2004,6522.0,164136.0,0.1799,-0.34541900000000003,ARE,DEU,6404
2042282,8,61,1378,2004,0.0,941.0,0.28128600000000004,0.64115,ARG,DEU,6404
2042283,9,61,1378,2004,0.0,11930.0,0.661799,-0.140004,ARM,DEU,6404
2042284,12,61,1378,2004,0.0,8158.0,0.8093670000000001,-0.576628,ATF,DEU,6404
2042285,14,61,1378,2004,9780.0,178948.0,0.196641,0.8139460000000001,AUS,DEU,6404
2042286,15,61,1378,2004,32898337.0,37007696.0,1.825391,0.40553,AUT,DEU,6404
2042287,16,61,1378,2004,0.0,18722.0,-0.393221,-0.9494440000000001,AZE,DEU,6404
2042288,18,61,1378,2004,39973690.0,8535091.0,1.350911,1.408209,BEL,DEU,6404
2042289,21,61,1378,2004,0.0,844.0,-1.000801,-1.00024,BFA,DEU,6404
2042290,22,61,1378,2004,514610.0,793.0,-1.150444,-0.885333,BGD,DEU,6404
2042291,23,61,1378,2004,220194.0,128798.0,0.35536,1.499182,BGR,DEU,6404
2042292,24,61,1378,2004,0.0,6300.0,0.045344999999999996,-1.001059,BHR,DEU,6404
2042293,25,61,1378,2004,0.0,1797.0,0.620432,-0.513724,BHS,DEU,6404
2042294,26,61,1378,2004,45767.0,4843.0,0.385952,0.571774,BIH,DEU,6404
2042295,28,61,1378,2004,0.0,20423.0,0.8553139999999999,0.703926,BLR,DEU,6404
2042296,32,61,1378,2004,496813.0,2863.0,0.540718,1.149065,BRA,DEU,6404
2042297,33,61,1378,2004,0.0,910.0,0.8541559999999999,0.25895799999999997,BRB,DEU,6404
2042298,39,61,1378,2004,73873.0,769389.0,0.9392739999999999,1.19228,CAN,DEU,6404
2042299,41,61,1378,2004,1600488.0,16098072.0,2.151471,0.7196279999999999,CHE,DEU,6404
2042300,42,61,1378,2004,0.0,16316.0,-0.07869,-0.33641,CHL,DEU,6404
2042301,43,61,1378,2004,109274684.0,158633.0,0.581548,2.8689880000000003,CHN,DEU,6404
2042302,44,61,1378,2004,0.0,8931.0,-0.8490979999999999,-0.754732,CIV,DEU,6404
2042303,45,61,1378,2004,0.0,4370.0,-1.604916,-1.217399,CMR,DEU,6404
2042304,46,61,1378,2004,0.0,4061.0,-1.405291,-1.108962,COD,DEU,6404
2042305,49,61,1378,2004,2017.0,0.0,0.033128,0.47524799999999995,COL,DEU,6404
2042306,51,61,1378,2004,0.0,2570.0,-0.160185,-0.729291,CPV,DEU,6404
2042307,54,61,1378,2004,0.0,41777.0,-0.040541,-0.634675,CUB,DEU,6404
2042308,57,61,1378,2004,0.0,1001.0,0.349925,-0.794084,CYM,DEU,6404
2042309,58,61,1378,2004,0.0,248718.0,0.533521,0.615939,CYP,DEU,6404
2042310,59,61,1378,2004,12158707.0,14064580.0,1.562625,0.865244,CZE,DEU,6404
2042311,64,61,1378,2004,9164258.0,6694556.0,1.328968,1.262743,DNK,DEU,6404
2042312,65,61,1378,2004,17162.0,0.0,-0.510025,-0.328257,DOM,DEU,6404
2042313,66,61,1378,2004,0.0,83783.0,-0.725066,-1.163606,DZA,DEU,6404
2042314,67,61,1378,2004,0.0,11574.0,-1.149101,-1.013619,ECU,DEU,6404
2042315,68,61,1378,2004,0.0,32098.0,-0.300563,0.41834899999999997,EGY,DEU,6404
2042316,71,61,1378,2004,15736555.0,6095812.0,0.9784649999999999,2.051216,ESP,DEU,6404
2042317,72,61,1378,2004,108522.0,261227.0,0.6101840000000001,0.9520370000000001,EST,DEU,6404
2042318,73,61,1378,2004,0.0,18864.0,-1.156284,-0.900874,ETH,DEU,6404
2042319,74,61,1378,2004,27952.0,2584400.0,2.000218,0.9867309999999999,FIN,DEU,6404
2042320,75,61,1378,2004,0.0,656.0,-0.8870969999999999,-0.287427,FJI,DEU,6404
2042321,77,61,1378,2004,17052301.0,31738232.0,1.6003530000000001,0.643945,FRA,DEU,6404
2042322,78,61,1378,2004,0.0,1773.0,-1.026359,-0.960327,FRO,DEU,6404
2042323,81,61,1378,2004,12713166.0,9101915.0,1.843506,0.684779,GBR,DEU,6404
2042324,82,61,1378,2004,0.0,32495.0,0.381348,-0.44259,GEO,DEU,6404
2042325,83,61,1378,2004,0.0,2032.0,-1.2972540000000001,-0.9967219999999999,GHA,DEU,6404
2042326,84,61,1378,2004,0.0,1002.0,0.466397,-0.627153,GIB,DEU,6404
2042327,87,61,1378,2004,0.0,2073.0,-0.135943,-0.226541,GMB,DEU,6404
2042328,89,61,1378,2004,0.0,1003.0,-1.093261,-0.8802639999999999,GNQ,DEU,6404
2042329,90,61,1378,2004,80613.0,6089261.0,0.348853,1.661656,GRC,DEU,6404
2042330,92,61,1378,2004,0.0,2947.0,-1.31451,-0.969981,GRL,DEU,6404
2042331,93,61,1378,2004,0.0,2573.0,-0.46136000000000005,0.148122,GTM,DEU,6404
2042332,97,61,1378,2004,2281551.0,635988.0,0.604825,2.098745,HKG,DEU,6404
2042333,99,61,1378,2004,0.0,2947.0,-0.75975,-0.548407,HND,DEU,6404
2042334,100,61,1378,2004,1589913.0,315271.0,0.6669970000000001,1.088043,HRV,DEU,6404
2042335,102,61,1378,2004,3021971.0,2565656.0,1.207082,1.019714,HUN,DEU,6404
2042336,103,61,1378,2004,9539251.0,82615.0,-0.223644,1.719065,IDN,DEU,6404
2042337,104,61,1378,2004,4634729.0,1913.0,0.233348,2.790987,IND,DEU,6404
2042338,106,61,1378,2004,42842.0,1631986.0,1.501859,0.14456,IRL,DEU,6404
2042339,107,61,1378,2004,0.0,56662.0,-0.38210700000000003,-0.8408620000000001,IRN,DEU,6404
2042340,109,61,1378,2004,0.0,50816.0,0.298844,-0.36366,ISL,DEU,6404
2042341,110,61,1378,2004,182954.0,108405.0,1.250393,0.8003979999999999,ISR,DEU,6404
2042342,111,61,1378,2004,64576568.0,16180157.0,1.358057,1.11533,ITA,DEU,6404
2042343,112,61,1378,2004,0.0,24955.0,-0.64957,-0.944183,JAM,DEU,6404
2042344,113,61,1378,2004,6647.0,931.0,0.152989,0.385845,JOR,DEU,6404
2042345,114,61,1378,2004,22684.0,1002940.0,2.526624,0.452054,JPN,DEU,6404
2042346,115,61,1378,2004,0.0,83625.0,-0.09288300000000001,-0.537664,KAZ,DEU,6404
2042347,116,61,1378,2004,0.0,4676.0,-0.503694,0.410495,KEN,DEU,6404
2042348,117,61,1378,2004,5400.0,10876.0,0.005121,0.176652,KGZ,DEU,6404
2042349,118,61,1378,2004,3859553.0,0.0,-1.4676209999999998,-1.1972639999999999,KHM,DEU,6404
2042350,120,61,1378,2004,6663.0,3257.0,0.538271,-0.43505299999999997,KNA,DEU,6404
2042351,121,61,1378,2004,992503.0,772936.0,1.3624690000000002,0.928342,KOR,DEU,6404
2042352,122,61,1378,2004,1542.0,84485.0,-0.481908,-1.172081,KWT,DEU,6404
2042353,123,61,1378,2004,157040.0,0.0,-1.274622,-1.082807,LAO,DEU,6404
2042354,124,61,1378,2004,940.0,63922.0,0.32409899999999997,1.037024,LBN,DEU,6404
2042355,128,61,1378,2004,2200.0,2117.0,-0.658668,0.21912600000000002,LKA,DEU,6404
2042356,130,61,1378,2004,0.0,560218.0,0.403568,0.632707,LTU,DEU,6404
2042357,131,61,1378,2004,242429.0,1215893.0,1.37529,1.0172649999999999,LUX,DEU,6404
2042358,132,61,1378,2004,0.0,305504.0,0.413821,0.627853,LVA,DEU,6404
2042359,133,61,1378,2004,6056438.0,14942.0,-0.351045,-0.487521,MAC,DEU,6404
2042360,134,61,1378,2004,86954.0,0.0,-0.681556,-0.152372,MAR,DEU,6404
2042361,135,61,1378,2004,433461.0,10827.0,-0.155523,-0.355142,MDA,DEU,6404
2042362,137,61,1378,2004,0.0,1656.0,-0.34020700000000004,-0.817298,MDV,DEU,6404
2042363,138,61,1378,2004,6662.0,58877.0,0.868684,0.85506,MEX,DEU,6404
2042364,140,61,1378,2004,0.0,959.0,-0.091013,0.190649,MKD,DEU,6404
2042365,141,61,1378,2004,1629.0,0.0,-0.6905100000000001,-0.9162459999999999,MLI,DEU,6404
2042366,142,61,1378,2004,6795.0,233256.0,1.251894,0.063827,MLT,DEU,6404
2042367,143,61,1378,2004,62229.0,0.0,-1.400614,-0.947664,MMR,DEU,6404
2042368,145,61,1378,2004,4674.0,2673.0,-1.030558,-1.03145,MNG,DEU,6404
2042369,151,61,1378,2004,0.0,6321.0,-0.374754,-0.288504,MUS,DEU,6404
2042370,153,61,1378,2004,1467790.0,50308.0,0.6710050000000001,0.17807,MYS,DEU,6404
2042371,156,61,1378,2004,0.0,3495.0,-0.49824700000000005,-0.8284239999999999,NCL,DEU,6404
2042372,159,61,1378,2004,0.0,22280.0,-2.413432,-1.3033190000000001,NGA,DEU,6404
2042373,162,61,1378,2004,39689198.0,27784515.0,1.251808,1.586526,NLD,DEU,6404
2042374,163,61,1378,2004,3726.0,1665635.0,1.10162,0.118709,NOR,DEU,6404
2042375,164,61,1378,2004,29360.0,2017.0,-0.323954,0.5528,NPL,DEU,6404
2042376,166,61,1378,2004,39638.0,14100.0,0.567392,0.965781,NZL,DEU,6404
2042377,168,61,1378,2004,329078.0,87151.0,-0.754143,0.25995100000000004,PAK,DEU,6404
2042378,169,61,1378,2004,0.0,96045.0,-0.011979,0.261315,PAN,DEU,6404
2042379,171,61,1378,2004,3229.0,0.0,0.462645,-0.671204,PCN,DEU,6404
2042380,174,61,1378,2004,3331681.0,12435.0,-0.076709,-0.149006,PHL,DEU,6404
2042381,177,61,1378,2004,4955668.0,7217459.0,1.019341,1.519452,POL,DEU,6404
2042382,178,61,1378,2004,59393.0,9426.0,0.578991,0.781518,PRK,DEU,6404
2042383,179,61,1378,2004,24425420.0,1345744.0,0.524524,1.901139,PRT,DEU,6404
2042384,180,61,1378,2004,2670.0,38126.0,-0.64574,-0.978875,PRY,DEU,6404
2042385,182,61,1378,2004,0.0,1538.0,-0.414954,-0.773736,PYF,DEU,6404
2042386,183,61,1378,2004,0.0,20948.0,0.21713400000000002,-1.031806,QAT,DEU,6404
2042387,185,61,1378,2004,3696193.0,161777.0,0.37241599999999997,1.015865,ROU,DEU,6404
2042388,186,61,1378,2004,81431.0,3637264.0,0.8952399999999999,0.172896,RUS,DEU,6404
2042389,187,61,1378,2004,0.0,1171.0,-1.3952870000000002,-0.950857,RWA,DEU,6404
2042390,188,61,1378,2004,0.0,70581.0,0.546196,-0.7014729999999999,SAU,DEU,6404
2042391,189,61,1378,2004,1528146.0,93674.0,0.628071,2.210424,SCG,DEU,6404
2042392,190,61,1378,2004,0.0,54144.0,-1.5346309999999999,-1.2599559999999999,SDN,DEU,6404
2042393,192,61,1378,2004,332693.0,29085.0,1.6409779999999998,0.634947,SGP,DEU,6404
2042394,196,61,1378,2004,0.0,2024.0,0.48757399999999995,-0.0064659999999999995,SLE,DEU,6404
2042395,203,61,1378,2004,0.0,1988.0,0.7482850000000001,-0.14005499999999999,STP,DEU,6404
2042396,206,61,1378,2004,12563558.0,1037418.0,1.2375120000000002,0.8777889999999999,SVK,DEU,6404
2042397,207,61,1378,2004,12802.0,637386.0,1.628643,1.02381,SVN,DEU,6404
2042398,208,61,1378,2004,359798.0,4081349.0,2.0522080000000003,0.8326969999999999,SWE,DEU,6404
2042399,212,61,1378,2004,1748.0,2525.0,-0.568707,-0.034736,SYR,DEU,6404
2042400,216,61,1378,2004,2472050.0,12162.0,0.5150359999999999,1.583019,THA,DEU,6404
2042401,219,61,1378,2004,0.0,1008.0,-0.9705790000000001,-1.212523,TKM,DEU,6404
2042402,222,61,1378,2004,0.0,7320.0,0.00677,-0.965385,TTO,DEU,6404
2042403,223,61,1378,2004,103635.0,21079.0,-0.195751,0.335147,TUN,DEU,6404
2042404,224,61,1378,2004,3284912.0,3215282.0,0.141454,1.9463599999999999,TUR,DEU,6404
2042405,228,61,1378,2004,558500.0,542184.0,0.8758040000000001,0.8195879999999999,UKR,DEU,6404
2042406,231,61,1378,2004,589316.0,3998946.0,1.7598630000000002,0.066704,USA,DEU,6404
2042407,232,61,1378,2004,8834.0,14105.0,-0.50605,-0.824691,UZB,DEU,6404
2042408,236,61,1378,2004,0.0,4424.0,0.048698000000000005,-0.899776,VEN,DEU,6404
2042409,237,61,1378,2004,163328.0,0.0,0.597043,-0.348742,VGB,DEU,6404
2042410,239,61,1378,2004,81245266.0,4295.0,-0.5270560000000001,0.8910389999999999,VNM,DEU,6404
2042411,246,61,1378,2004,0.0,144997.0,0.460279,1.9736220000000002,ZAF,DEU,6404
2042412,247,61,1378,2004,0.0,613.0,-0.9972190000000001,-0.853986,ZMB,DEU,6404
2042413,249,61,1378,2004,1447690.0,175455.0,1.626307,1.358315,TWN,DEU,6404
2042414,250,61,1378,2004,877.0,33316.0,0.509382,-0.30904299999999996,ANS,DEU,6404
2042415,43,63,1378,2004,137262.0,0.0,0.581548,2.8689880000000003,CHN,DMA,6404
2042416,77,63,1378,2004,0.0,7293.0,1.6003530000000001,0.643945,FRA,DMA,6404
2042417,81,63,1378,2004,3996.0,0.0,1.843506,0.684779,GBR,DMA,6404
2042418,112,63,1378,2004,1752.0,0.0,-0.64957,-0.944183,JAM,DMA,6404
2042419,121,63,1378,2004,0.0,4705.0,1.3624690000000002,0.928342,KOR,DMA,6404
2042420,222,63,1378,2004,4731.0,0.0,0.00677,-0.965385,TTO,DMA,6404
2042421,231,63,1378,2004,32113.0,0.0,1.7598630000000002,0.066704,USA,DMA,6404
2042422,239,63,1378,2004,7865.0,0.0,-0.5270560000000001,0.8910389999999999,VNM,DMA,6404
2042423,250,63,1378,2004,3283.0,0.0,0.509382,-0.30904299999999996,ANS,DMA,6404
2042424,7,64,1378,2004,0.0,154127.0,0.1799,-0.34541900000000003,ARE,DNK,6404
2042425,14,64,1378,2004,1294.0,90165.0,0.196641,0.8139460000000001,AUS,DNK,6404
2042426,15,64,1378,2004,311447.0,488264.0,1.825391,0.40553,AUT,DNK,6404
2042427,18,64,1378,2004,10795667.0,198388.0,1.350911,1.408209,BEL,DNK,6404
2042428,22,64,1378,2004,49277.0,0.0,-1.150444,-0.885333,BGD,DNK,6404
2042429,24,64,1378,2004,0.0,4069.0,0.045344999999999996,-1.001059,BHR,DNK,6404
2042430,26,64,1378,2004,3325.0,2814.0,0.385952,0.571774,BIH,DNK,6404
2042431,32,64,1378,2004,22349.0,0.0,0.540718,1.149065,BRA,DNK,6404
2042432,39,64,1378,2004,22326.0,12738.0,0.9392739999999999,1.19228,CAN,DNK,6404
2042433,41,64,1378,2004,36124.0,109678.0,2.151471,0.7196279999999999,CHE,DNK,6404
2042434,43,64,1378,2004,13809123.0,403829.0,0.581548,2.8689880000000003,CHN,DNK,6404
2042435,44,64,1378,2004,0.0,938.0,-0.8490979999999999,-0.754732,CIV,DNK,6404
2042436,58,64,1378,2004,0.0,19423.0,0.533521,0.615939,CYP,DNK,6404
2042437,59,64,1378,2004,398226.0,97274.0,1.562625,0.865244,CZE,DNK,6404
2042438,61,64,1378,2004,6694556.0,9164258.0,2.266076,-2.011139,DEU,DNK,6404
2042439,71,64,1378,2004,961718.0,446286.0,0.9784649999999999,2.051216,ESP,DNK,6404
2042440,72,64,1378,2004,4181.0,50399.0,0.6101840000000001,0.9520370000000001,EST,DNK,6404
2042441,74,64,1378,2004,40130.0,1708410.0,2.000218,0.9867309999999999,FIN,DNK,6404
2042442,77,64,1378,2004,1745072.0,397799.0,1.6003530000000001,0.643945,FRA,DNK,6404
2042443,78,64,1378,2004,0.0,306985.0,-1.026359,-0.960327,FRO,DNK,6404
2042444,81,64,1378,2004,1322200.0,961298.0,1.843506,0.684779,GBR,DNK,6404
2042445,90,64,1378,2004,3511.0,32882.0,0.348853,1.661656,GRC,DNK,6404
2042446,92,64,1378,2004,0.0,744569.0,-1.31451,-0.969981,GRL,DNK,6404
2042447,97,64,1378,2004,1820545.0,605348.0,0.604825,2.098745,HKG,DNK,6404
2042448,100,64,1378,2004,0.0,12731.0,0.6669970000000001,1.088043,HRV,DNK,6404
2042449,102,64,1378,2004,0.0,18955.0,1.207082,1.019714,HUN,DNK,6404
2042450,103,64,1378,2004,81882.0,0.0,-0.223644,1.719065,IDN,DNK,6404
2042451,104,64,1378,2004,804360.0,0.0,0.233348,2.790987,IND,DNK,6404
2042452,106,64,1378,2004,0.0,262649.0,1.501859,0.14456,IRL,DNK,6404
2042453,108,64,1378,2004,0.0,8561.0,-0.8852559999999999,-0.907136,IRQ,DNK,6404
2042454,109,64,1378,2004,0.0,1197185.0,0.298844,-0.36366,ISL,DNK,6404
2042455,110,64,1378,2004,37340.0,1356.0,1.250393,0.8003979999999999,ISR,DNK,6404
2042456,111,64,1378,2004,3444688.0,231580.0,1.358057,1.11533,ITA,DNK,6404
2042457,112,64,1378,2004,0.0,11011.0,-0.64957,-0.944183,JAM,DNK,6404
2042458,113,64,1378,2004,0.0,8715.0,0.152989,0.385845,JOR,DNK,6404
2042459,114,64,1378,2004,11803.0,129426.0,2.526624,0.452054,JPN,DNK,6404
2042460,118,64,1378,2004,432487.0,0.0,-1.4676209999999998,-1.1972639999999999,KHM,DNK,6404
2042461,121,64,1378,2004,65156.0,15315.0,1.3624690000000002,0.928342,KOR,DNK,6404
2042462,122,64,1378,2004,0.0,36399.0,-0.481908,-1.172081,KWT,DNK,6404
2042463,124,64,1378,2004,0.0,67948.0,0.32409899999999997,1.037024,LBN,DNK,6404
2042464,128,64,1378,2004,2270.0,0.0,-0.658668,0.21912600000000002,LKA,DNK,6404
2042465,130,64,1378,2004,1987.0,82037.0,0.403568,0.632707,LTU,DNK,6404
2042466,131,64,1378,2004,47584.0,0.0,1.37529,1.0172649999999999,LUX,DNK,6404
2042467,132,64,1378,2004,0.0,118823.0,0.413821,0.627853,LVA,DNK,6404
2042468,133,64,1378,2004,467415.0,0.0,-0.351045,-0.487521,MAC,DNK,6404
2042469,134,64,1378,2004,118902.0,22044.0,-0.681556,-0.152372,MAR,DNK,6404
2042470,138,64,1378,2004,0.0,2979.0,0.868684,0.85506,MEX,DNK,6404
2042471,142,64,1378,2004,1678.0,12553.0,1.251894,0.063827,MLT,DNK,6404
2042472,153,64,1378,2004,446342.0,0.0,0.6710050000000001,0.17807,MYS,DNK,6404
2042473,162,64,1378,2004,4729043.0,1897046.0,1.251808,1.586526,NLD,DNK,6404
2042474,163,64,1378,2004,90646.0,9104698.0,1.10162,0.118709,NOR,DNK,6404
2042475,164,64,1378,2004,6721.0,0.0,-0.323954,0.5528,NPL,DNK,6404
2042476,166,64,1378,2004,0.0,38624.0,0.567392,0.965781,NZL,DNK,6404
2042477,168,64,1378,2004,42131.0,0.0,-0.754143,0.25995100000000004,PAK,DNK,6404
2042478,174,64,1378,2004,407928.0,0.0,-0.076709,-0.149006,PHL,DNK,6404
2042479,177,64,1378,2004,90152.0,816012.0,1.019341,1.519452,POL,DNK,6404
2042480,179,64,1378,2004,2057690.0,104028.0,0.524524,1.901139,PRT,DNK,6404
2042481,183,64,1378,2004,0.0,4286.0,0.21713400000000002,-1.031806,QAT,DNK,6404
2042482,185,64,1378,2004,44283.0,2433.0,0.37241599999999997,1.015865,ROU,DNK,6404
2042483,186,64,1378,2004,308041.0,1668151.0,0.8952399999999999,0.172896,RUS,DNK,6404
2042484,188,64,1378,2004,0.0,14170.0,0.546196,-0.7014729999999999,SAU,DNK,6404
2042485,189,64,1378,2004,1046.0,1306.0,0.628071,2.210424,SCG,DNK,6404
2042486,192,64,1378,2004,99494.0,69228.0,1.6409779999999998,0.634947,SGP,DNK,6404
2042487,206,64,1378,2004,785436.0,0.0,1.2375120000000002,0.8777889999999999,SVK,DNK,6404
2042488,207,64,1378,2004,0.0,48636.0,1.628643,1.02381,SVN,DNK,6404
2042489,208,64,1378,2004,5560833.0,9372863.0,2.0522080000000003,0.8326969999999999,SWE,DNK,6404
2042490,216,64,1378,2004,689222.0,4870.0,0.5150359999999999,1.583019,THA,DNK,6404
2042491,224,64,1378,2004,96024.0,15183.0,0.141454,1.9463599999999999,TUR,DNK,6404
2042492,226,64,1378,2004,0.0,2707.0,-1.022658,-0.007045999999999999,TZA,DNK,6404
2042493,228,64,1378,2004,0.0,839308.0,0.8758040000000001,0.8195879999999999,UKR,DNK,6404
2042494,231,64,1378,2004,259710.0,816578.0,1.7598630000000002,0.066704,USA,DNK,6404
2042495,236,64,1378,2004,4315.0,0.0,0.048698000000000005,-0.899776,VEN,DNK,6404
2042496,239,64,1378,2004,4142397.0,0.0,-0.5270560000000001,0.8910389999999999,VNM,DNK,6404
2042497,246,64,1378,2004,0.0,11534.0,0.460279,1.9736220000000002,ZAF,DNK,6404
2042498,248,64,1378,2004,3627.0,0.0,-0.560593,-0.091112,ZWE,DNK,6404
2042499,249,64,1378,2004,1333523.0,16769.0,1.626307,1.358315,TWN,DNK,6404
2042500,6,65,1378,2004,20157.0,34910.0,0.726256,-0.48520699999999994,ANT,DOM,6404
2042501,8,65,1378,2004,2841.0,0.0,0.28128600000000004,0.64115,ARG,DOM,6404
2042502,32,65,1378,2004,19151.0,0.0,0.540718,1.149065,BRA,DOM,6404
2042503,39,65,1378,2004,0.0,153049.0,0.9392739999999999,1.19228,CAN,DOM,6404
2042504,41,65,1378,2004,0.0,4836.0,2.151471,0.7196279999999999,CHE,DOM,6404
2042505,42,65,1378,2004,5772.0,0.0,-0.07869,-0.33641,CHL,DOM,6404
2042506,43,65,1378,2004,250361.0,0.0,0.581548,2.8689880000000003,CHN,DOM,6404
2042507,49,65,1378,2004,3116.0,976.0,0.033128,0.47524799999999995,COL,DOM,6404
2042508,52,65,1378,2004,0.0,8242.0,-0.043266000000000006,-0.376239,CRI,DOM,6404
2042509,61,65,1378,2004,0.0,17162.0,2.266076,-2.011139,DEU,DOM,6404
2042510,67,65,1378,2004,0.0,2885.0,-1.149101,-1.013619,ECU,DOM,6404
2042511,71,65,1378,2004,40642.0,52751.0,0.9784649999999999,2.051216,ESP,DOM,6404
2042512,77,65,1378,2004,0.0,2019178.0,1.6003530000000001,0.643945,FRA,DOM,6404
2042513,81,65,1378,2004,0.0,401138.0,1.843506,0.684779,GBR,DOM,6404
2042514,93,65,1378,2004,36133.0,0.0,-0.46136000000000005,0.148122,GTM,DOM,6404
2042515,97,65,1378,2004,7971.0,56764.0,0.604825,2.098745,HKG,DOM,6404
2042516,101,65,1378,2004,22469.0,937967.0,-1.348507,-0.979369,HTI,DOM,6404
2042517,103,65,1378,2004,4519.0,0.0,-0.223644,1.719065,IDN,DOM,6404
2042518,111,65,1378,2004,17935.0,257089.0,1.358057,1.11533,ITA,DOM,6404
2042519,114,65,1378,2004,0.0,26333.0,2.526624,0.452054,JPN,DOM,6404
2042520,122,65,1378,2004,0.0,1586.0,-0.481908,-1.172081,KWT,DOM,6404
2042521,138,65,1378,2004,0.0,5440.0,0.868684,0.85506,MEX,DOM,6404
2042522,162,65,1378,2004,0.0,4776.0,1.251808,1.586526,NLD,DOM,6404
2042523,169,65,1378,2004,171492.0,0.0,-0.011979,0.261315,PAN,DOM,6404
2042524,186,65,1378,2004,0.0,1269.0,0.8952399999999999,0.172896,RUS,DOM,6404
2042525,231,65,1378,2004,433758.0,13568337.0,1.7598630000000002,0.066704,USA,DOM,6404
2042526,236,65,1378,2004,6082.0,0.0,0.048698000000000005,-0.899776,VEN,DOM,6404
2042527,239,65,1378,2004,11957.0,0.0,-0.5270560000000001,0.8910389999999999,VNM,DOM,6404
2042528,250,65,1378,2004,0.0,5745820.0,0.509382,-0.30904299999999996,ANS,DOM,6404
2042529,8,67,1378,2004,9997.0,0.0,0.28128600000000004,0.64115,ARG,ECU,6404
2042530,18,67,1378,2004,2283.0,0.0,1.350911,1.408209,BEL,ECU,6404
2042531,22,67,1378,2004,3138.0,0.0,-1.150444,-0.885333,BGD,ECU,6404
2042532,23,67,1378,2004,30567.0,0.0,0.35536,1.499182,BGR,ECU,6404
2042533,32,67,1378,2004,496123.0,0.0,0.540718,1.149065,BRA,ECU,6404
2042534,39,67,1378,2004,5416.0,1066.0,0.9392739999999999,1.19228,CAN,ECU,6404
2042535,41,67,1378,2004,4571.0,0.0,2.151471,0.7196279999999999,CHE,ECU,6404
2042536,42,67,1378,2004,5595499.0,0.0,-0.07869,-0.33641,CHL,ECU,6404
2042537,43,67,1378,2004,1225550.0,0.0,0.581548,2.8689880000000003,CHN,ECU,6404
2042538,49,67,1378,2004,217861.0,1727175.0,0.033128,0.47524799999999995,COL,ECU,6404
2042539,61,67,1378,2004,11574.0,0.0,2.266076,-2.011139,DEU,ECU,6404
2042540,65,67,1378,2004,2885.0,0.0,-0.510025,-0.328257,DOM,ECU,6404
2042541,71,67,1378,2004,16587.0,1123.0,0.9784649999999999,2.051216,ESP,ECU,6404
2042542,77,67,1378,2004,0.0,1961.0,1.6003530000000001,0.643945,FRA,ECU,6404
2042543,97,67,1378,2004,154271.0,0.0,0.604825,2.098745,HKG,ECU,6404
2042544,103,67,1378,2004,262310.0,0.0,-0.223644,1.719065,IDN,ECU,6404
2042545,111,67,1378,2004,18281.0,12011.0,1.358057,1.11533,ITA,ECU,6404
2042546,121,67,1378,2004,427913.0,0.0,1.3624690000000002,0.928342,KOR,ECU,6404
2042547,153,67,1378,2004,1009.0,0.0,0.6710050000000001,0.17807,MYS,ECU,6404
2042548,168,67,1378,2004,852.0,0.0,-0.754143,0.25995100000000004,PAK,ECU,6404
2042549,169,67,1378,2004,152768.0,0.0,-0.011979,0.261315,PAN,ECU,6404
2042550,173,67,1378,2004,208895.0,1033441.0,-0.564244,0.131232,PER,ECU,6404
2042551,177,67,1378,2004,0.0,3931.0,1.019341,1.519452,POL,ECU,6404
2042552,216,67,1378,2004,179975.0,0.0,0.5150359999999999,1.583019,THA,ECU,6404
2042553,224,67,1378,2004,17082.0,0.0,0.141454,1.9463599999999999,TUR,ECU,6404
2042554,231,67,1378,2004,383316.0,144028.0,1.7598630000000002,0.066704,USA,ECU,6404
2042555,236,67,1378,2004,1065.0,0.0,0.048698000000000005,-0.899776,VEN,ECU,6404
2042556,239,67,1378,2004,720274.0,0.0,-0.5270560000000001,0.8910389999999999,VNM,ECU,6404
2042557,249,67,1378,2004,66932.0,0.0,1.626307,1.358315,TWN,ECU,6404
2042558,250,67,1378,2004,77252.0,0.0,0.509382,-0.30904299999999996,ANS,ECU,6404
2042559,0,71,1378,2004,0.0,6463.0,-0.30244099999999996,-0.892926,ABW,ESP,6404
2042560,5,71,1378,2004,46687.0,3494609.0,1.268618,0.835359,AND,ESP,6404
2042561,6,71,1378,2004,0.0,5331.0,0.726256,-0.48520699999999994,ANT,ESP,6404
2042562,7,71,1378,2004,22703.0,836025.0,0.1799,-0.34541900000000003,ARE,ESP,6404
2042563,8,71,1378,2004,124027.0,6724.0,0.28128600000000004,0.64115,ARG,ESP,6404
2042564,14,71,1378,2004,0.0,540159.0,0.196641,0.8139460000000001,AUS,ESP,6404
2042565,15,71,1378,2004,965371.0,851664.0,1.825391,0.40553,AUT,ESP,6404
2042566,16,71,1378,2004,0.0,8751.0,-0.393221,-0.9494440000000001,AZE,ESP,6404
2042567,18,71,1378,2004,67067886.0,8978801.0,1.350911,1.408209,BEL,ESP,6404
2042568,22,71,1378,2004,644923.0,0.0,-1.150444,-0.885333,BGD,ESP,6404
2042569,23,71,1378,2004,30527.0,29696.0,0.35536,1.499182,BGR,ESP,6404
2042570,24,71,1378,2004,0.0,109947.0,0.045344999999999996,-1.001059,BHR,ESP,6404
2042571,26,71,1378,2004,0.0,12147.0,0.385952,0.571774,BIH,ESP,6404
2042572,30,71,1378,2004,0.0,3743.0,1.024248,-0.499122,BMU,ESP,6404
2042573,32,71,1378,2004,912324.0,12493.0,0.540718,1.149065,BRA,ESP,6404
2042574,33,71,1378,2004,0.0,787.0,0.8541559999999999,0.25895799999999997,BRB,ESP,6404
2042575,39,71,1378,2004,32095.0,1628870.0,0.9392739999999999,1.19228,CAN,ESP,6404
2042576,41,71,1378,2004,515346.0,628300.0,2.151471,0.7196279999999999,CHE,ESP,6404
2042577,42,71,1378,2004,1218.0,122232.0,-0.07869,-0.33641,CHL,ESP,6404
2042578,43,71,1378,2004,45670837.0,59450.0,0.581548,2.8689880000000003,CHN,ESP,6404
2042579,44,71,1378,2004,0.0,6442.0,-0.8490979999999999,-0.754732,CIV,ESP,6404
2042580,49,71,1378,2004,1379.0,24621.0,0.033128,0.47524799999999995,COL,ESP,6404
2042581,51,71,1378,2004,0.0,3980.0,-0.160185,-0.729291,CPV,ESP,6404
2042582,52,71,1378,2004,0.0,9528.0,-0.043266000000000006,-0.376239,CRI,ESP,6404
2042583,54,71,1378,2004,0.0,1793662.0,-0.040541,-0.634675,CUB,ESP,6404
2042584,58,71,1378,2004,16642.0,689169.0,0.533521,0.615939,CYP,ESP,6404
2042585,59,71,1378,2004,7201.0,117128.0,1.562625,0.865244,CZE,ESP,6404
2042586,61,71,1378,2004,6095812.0,15736555.0,2.266076,-2.011139,DEU,ESP,6404
2042587,64,71,1378,2004,446286.0,961718.0,1.328968,1.262743,DNK,ESP,6404
2042588,65,71,1378,2004,52751.0,40642.0,-0.510025,-0.328257,DOM,ESP,6404
2042589,66,71,1378,2004,1032.0,361640.0,-0.725066,-1.163606,DZA,ESP,6404
2042590,67,71,1378,2004,1123.0,16587.0,-1.149101,-1.013619,ECU,ESP,6404
2042591,68,71,1378,2004,971.0,103960.0,-0.300563,0.41834899999999997,EGY,ESP,6404
2042592,72,71,1378,2004,0.0,19871.0,0.6101840000000001,0.9520370000000001,EST,ESP,6404
2042593,73,71,1378,2004,0.0,3241.0,-1.156284,-0.900874,ETH,ESP,6404
2042594,74,71,1378,2004,5124.0,350591.0,2.000218,0.9867309999999999,FIN,ESP,6404
2042595,77,71,1378,2004,21400959.0,47218721.0,1.6003530000000001,0.643945,FRA,ESP,6404
2042596,78,71,1378,2004,0.0,755.0,-1.026359,-0.960327,FRO,ESP,6404
2042597,81,71,1378,2004,3415274.0,32322201.0,1.843506,0.684779,GBR,ESP,6404
2042598,82,71,1378,2004,0.0,2334.0,0.381348,-0.44259,GEO,ESP,6404
2042599,83,71,1378,2004,0.0,12265.0,-1.2972540000000001,-0.9967219999999999,GHA,ESP,6404
2042600,84,71,1378,2004,1183.0,298928.0,0.466397,-0.627153,GIB,ESP,6404
2042601,89,71,1378,2004,0.0,3592.0,-1.093261,-0.8802639999999999,GNQ,ESP,6404
2042602,90,71,1378,2004,157467.0,9234541.0,0.348853,1.661656,GRC,ESP,6404
2042603,93,71,1378,2004,0.0,27755.0,-0.46136000000000005,0.148122,GTM,ESP,6404
2042604,97,71,1378,2004,509285.0,1117072.0,0.604825,2.098745,HKG,ESP,6404
2042605,99,71,1378,2004,0.0,91200.0,-0.75975,-0.548407,HND,ESP,6404
2042606,100,71,1378,2004,5366.0,84044.0,0.6669970000000001,1.088043,HRV,ESP,6404
2042607,102,71,1378,2004,51381.0,601708.0,1.207082,1.019714,HUN,ESP,6404
2042608,103,71,1378,2004,10122269.0,40112.0,-0.223644,1.719065,IDN,ESP,6404
2042609,104,71,1378,2004,1677518.0,40200.0,0.233348,2.790987,IND,ESP,6404
2042610,106,71,1378,2004,34815.0,797160.0,1.501859,0.14456,IRL,ESP,6404
2042611,107,71,1378,2004,2388.0,2723.0,-0.38210700000000003,-0.8408620000000001,IRN,ESP,6404
2042612,109,71,1378,2004,9009.0,39152.0,0.298844,-0.36366,ISL,ESP,6404
2042613,110,71,1378,2004,104027.0,619710.0,1.250393,0.8003979999999999,ISR,ESP,6404
2042614,111,71,1378,2004,23615389.0,15359163.0,1.358057,1.11533,ITA,ESP,6404
2042615,113,71,1378,2004,0.0,42748.0,0.152989,0.385845,JOR,ESP,6404
2042616,114,71,1378,2004,10047.0,2126791.0,2.526624,0.452054,JPN,ESP,6404
2042617,115,71,1378,2004,0.0,7848.0,-0.09288300000000001,-0.537664,KAZ,ESP,6404
2042618,116,71,1378,2004,4003.0,0.0,-0.503694,0.410495,KEN,ESP,6404
2042619,118,71,1378,2004,30300.0,0.0,-1.4676209999999998,-1.1972639999999999,KHM,ESP,6404
2042620,120,71,1378,2004,101364.0,0.0,0.538271,-0.43505299999999997,KNA,ESP,6404
2042621,121,71,1378,2004,146789.0,164874.0,1.3624690000000002,0.928342,KOR,ESP,6404
2042622,122,71,1378,2004,25690.0,710151.0,-0.481908,-1.172081,KWT,ESP,6404
2042623,124,71,1378,2004,10471.0,1126280.0,0.32409899999999997,1.037024,LBN,ESP,6404
2042624,130,71,1378,2004,0.0,11594.0,0.403568,0.632707,LTU,ESP,6404
2042625,131,71,1378,2004,161949.0,83233.0,1.37529,1.0172649999999999,LUX,ESP,6404
2042626,132,71,1378,2004,0.0,11991.0,0.413821,0.627853,LVA,ESP,6404
2042627,133,71,1378,2004,561757.0,13192.0,-0.351045,-0.487521,MAC,ESP,6404
2042628,134,71,1378,2004,2169566.0,380989.0,-0.681556,-0.152372,MAR,ESP,6404
2042629,135,71,1378,2004,0.0,2703.0,-0.155523,-0.355142,MDA,ESP,6404
2042630,138,71,1378,2004,43002.0,5075776.0,0.868684,0.85506,MEX,ESP,6404
2042631,140,71,1378,2004,0.0,14033.0,-0.091013,0.190649,MKD,ESP,6404
2042632,142,71,1378,2004,7027.0,378563.0,1.251894,0.063827,MLT,ESP,6404
2042633,147,71,1378,2004,0.0,1096.0,-1.1010790000000001,-1.0942,MOZ,ESP,6404
2042634,148,71,1378,2004,0.0,3532.0,-1.6173959999999998,-1.2925719999999998,MRT,ESP,6404
2042635,151,71,1378,2004,0.0,1167.0,-0.374754,-0.288504,MUS,ESP,6404
2042636,153,71,1378,2004,3165624.0,64202.0,0.6710050000000001,0.17807,MYS,ESP,6404
2042637,156,71,1378,2004,0.0,7060.0,-0.49824700000000005,-0.8284239999999999,NCL,ESP,6404
2042638,159,71,1378,2004,0.0,67306.0,-2.413432,-1.3033190000000001,NGA,ESP,6404
2042639,160,71,1378,2004,0.0,3872.0,-0.9789479999999999,-0.8374219999999999,NIC,ESP,6404
2042640,162,71,1378,2004,5940605.0,3121563.0,1.251808,1.586526,NLD,ESP,6404
2042641,163,71,1378,2004,4967.0,236727.0,1.10162,0.118709,NOR,ESP,6404
2042642,164,71,1378,2004,62134.0,0.0,-0.323954,0.5528,NPL,ESP,6404
2042643,166,71,1378,2004,0.0,40762.0,0.567392,0.965781,NZL,ESP,6404
2042644,167,71,1378,2004,0.0,5905.0,-0.62946,-1.108933,OMN,ESP,6404
2042645,168,71,1378,2004,24307.0,0.0,-0.754143,0.25995100000000004,PAK,ESP,6404
2042646,169,71,1378,2004,0.0,78283.0,-0.011979,0.261315,PAN,ESP,6404
2042647,173,71,1378,2004,0.0,12298.0,-0.564244,0.131232,PER,ESP,6404
2042648,174,71,1378,2004,1245900.0,23907.0,-0.076709,-0.149006,PHL,ESP,6404
2042649,177,71,1378,2004,5779.0,604592.0,1.019341,1.519452,POL,ESP,6404
2042650,178,71,1378,2004,4187.0,0.0,0.578991,0.781518,PRK,ESP,6404
2042651,179,71,1378,2004,6880405.0,24175703.0,0.524524,1.901139,PRT,ESP,6404
2042652,182,71,1378,2004,0.0,2337.0,-0.414954,-0.773736,PYF,ESP,6404
2042653,183,71,1378,2004,0.0,273633.0,0.21713400000000002,-1.031806,QAT,ESP,6404
2042654,185,71,1378,2004,211890.0,50643.0,0.37241599999999997,1.015865,ROU,ESP,6404
2042655,186,71,1378,2004,25048.0,550125.0,0.8952399999999999,0.172896,RUS,ESP,6404
2042656,188,71,1378,2004,1091.0,699169.0,0.546196,-0.7014729999999999,SAU,ESP,6404
2042657,189,71,1378,2004,0.0,30054.0,0.628071,2.210424,SCG,ESP,6404
2042658,191,71,1378,2004,0.0,2376.0,-0.527127,-0.368631,SEN,ESP,6404
2042659,192,71,1378,2004,355302.0,251442.0,1.6409779999999998,0.634947,SGP,ESP,6404
2042660,197,71,1378,2004,0.0,15659.0,-0.20529499999999998,0.1116,SLV,ESP,6404
2042661,206,71,1378,2004,2116.0,24797.0,1.2375120000000002,0.8777889999999999,SVK,ESP,6404
2042662,207,71,1378,2004,3886.0,143581.0,1.628643,1.02381,SVN,ESP,6404
2042663,208,71,1378,2004,13817.0,1579300.0,2.0522080000000003,0.8326969999999999,SWE,ESP,6404
2042664,216,71,1378,2004,4117064.0,12725.0,0.5150359999999999,1.583019,THA,ESP,6404
2042665,223,71,1378,2004,41827.0,39346.0,-0.195751,0.335147,TUN,ESP,6404
2042666,224,71,1378,2004,843547.0,633767.0,0.141454,1.9463599999999999,TUR,ESP,6404
2042667,228,71,1378,2004,0.0,83798.0,0.8758040000000001,0.8195879999999999,UKR,ESP,6404
2042668,231,71,1378,2004,123809.0,25504406.0,1.7598630000000002,0.066704,USA,ESP,6404
2042669,236,71,1378,2004,0.0,681483.0,0.048698000000000005,-0.899776,VEN,ESP,6404
2042670,239,71,1378,2004,34683527.0,38080.0,-0.5270560000000001,0.8910389999999999,VNM,ESP,6404
2042671,246,71,1378,2004,1555.0,28809.0,0.460279,1.9736220000000002,ZAF,ESP,6404
2042672,249,71,1378,2004,2288504.0,205656.0,1.626307,1.358315,TWN,ESP,6404
2042673,250,71,1378,2004,0.0,39012.0,0.509382,-0.30904299999999996,ANS,ESP,6404
2042674,15,72,1378,2004,124090.0,1059.0,1.825391,0.40553,AUT,EST,6404
2042675,18,72,1378,2004,608965.0,0.0,1.350911,1.408209,BEL,EST,6404
2042676,22,72,1378,2004,2406.0,0.0,-1.150444,-0.885333,BGD,EST,6404
2042677,32,72,1378,2004,31667.0,0.0,0.540718,1.149065,BRA,EST,6404
2042678,41,72,1378,2004,11259.0,0.0,2.151471,0.7196279999999999,CHE,EST,6404
2042679,43,72,1378,2004,391970.0,0.0,0.581548,2.8689880000000003,CHN,EST,6404
2042680,58,72,1378,2004,0.0,628.0,0.533521,0.615939,CYP,EST,6404
2042681,59,72,1378,2004,939.0,3826.0,1.562625,0.865244,CZE,EST,6404
2042682,61,72,1378,2004,261227.0,108522.0,2.266076,-2.011139,DEU,EST,6404
2042683,64,72,1378,2004,50399.0,4181.0,1.328968,1.262743,DNK,EST,6404
2042684,71,72,1378,2004,19871.0,0.0,0.9784649999999999,2.051216,ESP,EST,6404
2042685,74,72,1378,2004,1560188.0,50415.0,2.000218,0.9867309999999999,FIN,EST,6404
2042686,77,72,1378,2004,203543.0,0.0,1.6003530000000001,0.643945,FRA,EST,6404
2042687,81,72,1378,2004,72323.0,14231.0,1.843506,0.684779,GBR,EST,6404
2042688,97,72,1378,2004,36153.0,0.0,0.604825,2.098745,HKG,EST,6404
2042689,103,72,1378,2004,152387.0,0.0,-0.223644,1.719065,IDN,EST,6404
2042690,104,72,1378,2004,13973.0,0.0,0.233348,2.790987,IND,EST,6404
2042691,111,72,1378,2004,78090.0,1352.0,1.358057,1.11533,ITA,EST,6404
2042692,118,72,1378,2004,13664.0,0.0,-1.4676209999999998,-1.1972639999999999,KHM,EST,6404
2042693,121,72,1378,2004,6917.0,0.0,1.3624690000000002,0.928342,KOR,EST,6404
2042694,128,72,1378,2004,1164.0,0.0,-0.658668,0.21912600000000002,LKA,EST,6404
2042695,130,72,1378,2004,63149.0,343080.0,0.403568,0.632707,LTU,EST,6404
2042696,132,72,1378,2004,95093.0,619935.0,0.413821,0.627853,LVA,EST,6404
2042697,133,72,1378,2004,26959.0,0.0,-0.351045,-0.487521,MAC,EST,6404
2042698,148,72,1378,2004,0.0,2575.0,-1.6173959999999998,-1.2925719999999998,MRT,EST,6404
2042699,153,72,1378,2004,3473.0,0.0,0.6710050000000001,0.17807,MYS,EST,6404
2042700,162,72,1378,2004,940028.0,3897.0,1.251808,1.586526,NLD,EST,6404
2042701,163,72,1378,2004,3174.0,49127.0,1.10162,0.118709,NOR,EST,6404
2042702,174,72,1378,2004,4466.0,0.0,-0.076709,-0.149006,PHL,EST,6404
2042703,177,72,1378,2004,8156.0,0.0,1.019341,1.519452,POL,EST,6404
2042704,179,72,1378,2004,27332.0,0.0,0.524524,1.901139,PRT,EST,6404
2042705,185,72,1378,2004,38363.0,0.0,0.37241599999999997,1.015865,ROU,EST,6404
2042706,186,72,1378,2004,360127.0,16465.0,0.8952399999999999,0.172896,RUS,EST,6404
2042707,192,72,1378,2004,9215.0,0.0,1.6409779999999998,0.634947,SGP,EST,6404
2042708,206,72,1378,2004,2652.0,0.0,1.2375120000000002,0.8777889999999999,SVK,EST,6404
2042709,207,72,1378,2004,2911.0,0.0,1.628643,1.02381,SVN,EST,6404
2042710,208,72,1378,2004,151590.0,611051.0,2.0522080000000003,0.8326969999999999,SWE,EST,6404
2042711,211,72,1378,2004,2293.0,0.0,-0.12954100000000002,-0.713507,SYC,EST,6404
2042712,216,72,1378,2004,122429.0,0.0,0.5150359999999999,1.583019,THA,EST,6404
2042713,224,72,1378,2004,10585.0,0.0,0.141454,1.9463599999999999,TUR,EST,6404
2042714,231,72,1378,2004,17363.0,0.0,1.7598630000000002,0.066704,USA,EST,6404
2042715,239,72,1378,2004,66136.0,0.0,-0.5270560000000001,0.8910389999999999,VNM,EST,6404
2042716,249,72,1378,2004,18351.0,5179.0,1.626307,1.358315,TWN,EST,6404
2042717,250,72,1378,2004,276885.0,0.0,0.509382,-0.30904299999999996,ANS,EST,6404
2042718,14,74,1378,2004,1645.0,5579.0,0.196641,0.8139460000000001,AUS,FIN,6404
2042719,15,74,1378,2004,308003.0,10987.0,1.825391,0.40553,AUT,FIN,6404
2042720,18,74,1378,2004,6325298.0,81022.0,1.350911,1.408209,BEL,FIN,6404
2042721,22,74,1378,2004,43767.0,0.0,-1.150444,-0.885333,BGD,FIN,6404
2042722,23,74,1378,2004,6790.0,0.0,0.35536,1.499182,BGR,FIN,6404
2042723,32,74,1378,2004,89081.0,0.0,0.540718,1.149065,BRA,FIN,6404
2042724,39,74,1378,2004,42347.0,17395.0,0.9392739999999999,1.19228,CAN,FIN,6404
2042725,41,74,1378,2004,32438.0,42124.0,2.151471,0.7196279999999999,CHE,FIN,6404
2042726,43,74,1378,2004,6230649.0,0.0,0.581548,2.8689880000000003,CHN,FIN,6404
2042727,59,74,1378,2004,4808.0,22848.0,1.562625,0.865244,CZE,FIN,6404
2042728,61,74,1378,2004,2584400.0,27952.0,2.266076,-2.011139,DEU,FIN,6404
2042729,64,74,1378,2004,1708410.0,40130.0,1.328968,1.262743,DNK,FIN,6404
2042730,71,74,1378,2004,350591.0,5124.0,0.9784649999999999,2.051216,ESP,FIN,6404
2042731,72,74,1378,2004,50415.0,1560188.0,0.6101840000000001,0.9520370000000001,EST,FIN,6404
2042732,77,74,1378,2004,1358043.0,20064.0,1.6003530000000001,0.643945,FRA,FIN,6404
2042733,81,74,1378,2004,494657.0,34306.0,1.843506,0.684779,GBR,FIN,6404
2042734,90,74,1378,2004,1478.0,1099.0,0.348853,1.661656,GRC,FIN,6404
2042735,97,74,1378,2004,243552.0,0.0,0.604825,2.098745,HKG,FIN,6404
2042736,102,74,1378,2004,36721.0,16035.0,1.207082,1.019714,HUN,FIN,6404
2042737,103,74,1378,2004,714228.0,0.0,-0.223644,1.719065,IDN,FIN,6404
2042738,104,74,1378,2004,104455.0,0.0,0.233348,2.790987,IND,FIN,6404
2042739,106,74,1378,2004,11609.0,0.0,1.501859,0.14456,IRL,FIN,6404
2042740,110,74,1378,2004,20200.0,0.0,1.250393,0.8003979999999999,ISR,FIN,6404
2042741,111,74,1378,2004,2347638.0,57113.0,1.358057,1.11533,ITA,FIN,6404
2042742,114,74,1378,2004,33443.0,5630.0,2.526624,0.452054,JPN,FIN,6404
2042743,118,74,1378,2004,222218.0,0.0,-1.4676209999999998,-1.1972639999999999,KHM,FIN,6404
2042744,121,74,1378,2004,22935.0,0.0,1.3624690000000002,0.928342,KOR,FIN,6404
2042745,123,74,1378,2004,3342.0,0.0,-1.274622,-1.082807,LAO,FIN,6404
2042746,130,74,1378,2004,2922.0,313819.0,0.403568,0.632707,LTU,FIN,6404
2042747,132,74,1378,2004,9903.0,788666.0,0.413821,0.627853,LVA,FIN,6404
2042748,133,74,1378,2004,105724.0,0.0,-0.351045,-0.487521,MAC,FIN,6404
2042749,134,74,1378,2004,9199.0,0.0,-0.681556,-0.152372,MAR,FIN,6404
2042750,153,74,1378,2004,271016.0,0.0,0.6710050000000001,0.17807,MYS,FIN,6404
2042751,162,74,1378,2004,1106584.0,29887.0,1.251808,1.586526,NLD,FIN,6404
2042752,163,74,1378,2004,529148.0,100838.0,1.10162,0.118709,NOR,FIN,6404
2042753,166,74,1378,2004,0.0,924.0,0.567392,0.965781,NZL,FIN,6404
2042754,168,74,1378,2004,4834.0,0.0,-0.754143,0.25995100000000004,PAK,FIN,6404
2042755,174,74,1378,2004,15276.0,0.0,-0.076709,-0.149006,PHL,FIN,6404
2042756,177,74,1378,2004,26076.0,1379.0,1.019341,1.519452,POL,FIN,6404
2042757,179,74,1378,2004,39376.0,4438.0,0.524524,1.901139,PRT,FIN,6404
2042758,185,74,1378,2004,398817.0,0.0,0.37241599999999997,1.015865,ROU,FIN,6404
2042759,186,74,1378,2004,8591.0,1591004.0,0.8952399999999999,0.172896,RUS,FIN,6404
2042760,189,74,1378,2004,10216.0,0.0,0.628071,2.210424,SCG,FIN,6404
2042761,192,74,1378,2004,86267.0,0.0,1.6409779999999998,0.634947,SGP,FIN,6404
2042762,206,74,1378,2004,121427.0,0.0,1.2375120000000002,0.8777889999999999,SVK,FIN,6404
2042763,207,74,1378,2004,0.0,2621.0,1.628643,1.02381,SVN,FIN,6404
2042764,208,74,1378,2004,3234373.0,606812.0,2.0522080000000003,0.8326969999999999,SWE,FIN,6404
2042765,216,74,1378,2004,508344.0,0.0,0.5150359999999999,1.583019,THA,FIN,6404
2042766,224,74,1378,2004,43565.0,0.0,0.141454,1.9463599999999999,TUR,FIN,6404
2042767,231,74,1378,2004,1554748.0,4902.0,1.7598630000000002,0.066704,USA,FIN,6404
2042768,239,74,1378,2004,1984599.0,0.0,-0.5270560000000001,0.8910389999999999,VNM,FIN,6404
2042769,249,74,1378,2004,116929.0,0.0,1.626307,1.358315,TWN,FIN,6404
2042770,0,77,1378,2004,0.0,1242.0,-0.30244099999999996,-0.892926,ABW,FRA,6404
2042771,2,77,1378,2004,0.0,16168.0,-0.8513709999999999,-1.173397,AGO,FRA,6404
2042772,4,77,1378,2004,63324.0,0.0,-0.131892,0.14985199999999999,ALB,FRA,6404
2042773,5,77,1378,2004,19619.0,713977.0,1.268618,0.835359,AND,FRA,6404
2042774,6,77,1378,2004,0.0,8706.0,0.726256,-0.48520699999999994,ANT,FRA,6404
2042775,7,77,1378,2004,0.0,286013.0,0.1799,-0.34541900000000003,ARE,FRA,6404
2042776,8,77,1378,2004,0.0,71116.0,0.28128600000000004,0.64115,ARG,FRA,6404
2042777,14,77,1378,2004,33313.0,304693.0,0.196641,0.8139460000000001,AUS,FRA,6404
2042778,15,77,1378,2004,2231814.0,3106828.0,1.825391,0.40553,AUT,FRA,6404
2042779,17,77,1378,2004,0.0,2675.0,-0.939393,-0.919969,BDI,FRA,6404
2042780,18,77,1378,2004,128198475.0,21732250.0,1.350911,1.408209,BEL,FRA,6404
2042781,19,77,1378,2004,0.0,8028.0,-1.299345,-0.9871260000000001,BEN,FRA,6404
2042782,21,77,1378,2004,0.0,15383.0,-1.000801,-1.00024,BFA,FRA,6404
2042783,22,77,1378,2004,4517645.0,0.0,-1.150444,-0.885333,BGD,FRA,6404
2042784,23,77,1378,2004,142508.0,22489.0,0.35536,1.499182,BGR,FRA,6404
2042785,24,77,1378,2004,0.0,4133.0,0.045344999999999996,-1.001059,BHR,FRA,6404
2042786,26,77,1378,2004,82968.0,48214.0,0.385952,0.571774,BIH,FRA,6404
2042787,28,77,1378,2004,0.0,22103.0,0.8553139999999999,0.703926,BLR,FRA,6404
2042788,32,77,1378,2004,194517.0,50659.0,0.540718,1.149065,BRA,FRA,6404
2042789,38,77,1378,2004,0.0,60643.0,-0.683538,-0.8331770000000001,CAF,FRA,6404
2042790,39,77,1378,2004,128165.0,202271.0,0.9392739999999999,1.19228,CAN,FRA,6404
2042791,41,77,1378,2004,714561.0,7020536.0,2.151471,0.7196279999999999,CHE,FRA,6404
2042792,42,77,1378,2004,0.0,18263.0,-0.07869,-0.33641,CHL,FRA,6404
2042793,43,77,1378,2004,134079150.0,68556.0,0.581548,2.8689880000000003,CHN,FRA,6404
2042794,44,77,1378,2004,31053.0,61628.0,-0.8490979999999999,-0.754732,CIV,FRA,6404
2042795,45,77,1378,2004,13871.0,44865.0,-1.604916,-1.217399,CMR,FRA,6404
2042796,46,77,1378,2004,0.0,3731.0,-1.405291,-1.108962,COD,FRA,6404
2042797,47,77,1378,2004,0.0,43528.0,-1.610222,-1.184921,COG,FRA,6404
2042798,49,77,1378,2004,0.0,5668.0,0.033128,0.47524799999999995,COL,FRA,6404
2042799,52,77,1378,2004,28275.0,0.0,-0.043266000000000006,-0.376239,CRI,FRA,6404
2042800,58,77,1378,2004,0.0,71175.0,0.533521,0.615939,CYP,FRA,6404
2042801,59,77,1378,2004,2242636.0,516410.0,1.562625,0.865244,CZE,FRA,6404
2042802,61,77,1378,2004,31738232.0,17052301.0,2.266076,-2.011139,DEU,FRA,6404
2042803,62,77,1378,2004,0.0,11193.0,-0.12463699999999998,-0.304559,DJI,FRA,6404
2042804,63,77,1378,2004,7293.0,0.0,0.322803,-0.000479,DMA,FRA,6404
2042805,64,77,1378,2004,397799.0,1745072.0,1.328968,1.262743,DNK,FRA,6404
2042806,65,77,1378,2004,2019178.0,0.0,-0.510025,-0.328257,DOM,FRA,6404
2042807,66,77,1378,2004,0.0,254429.0,-0.725066,-1.163606,DZA,FRA,6404
2042808,67,77,1378,2004,1961.0,0.0,-1.149101,-1.013619,ECU,FRA,6404
2042809,71,77,1378,2004,47218721.0,21400959.0,0.9784649999999999,2.051216,ESP,FRA,6404
2042810,72,77,1378,2004,0.0,203543.0,0.6101840000000001,0.9520370000000001,EST,FRA,6404
2042811,74,77,1378,2004,20064.0,1358043.0,2.000218,0.9867309999999999,FIN,FRA,6404
2042812,78,77,1378,2004,0.0,676.0,-1.026359,-0.960327,FRO,FRA,6404
2042813,80,77,1378,2004,0.0,41939.0,-0.700329,-1.137018,GAB,FRA,6404
2042814,81,77,1378,2004,8129289.0,17000032.0,1.843506,0.684779,GBR,FRA,6404
2042815,82,77,1378,2004,0.0,14992.0,0.381348,-0.44259,GEO,FRA,6404
2042816,85,77,1378,2004,10936.0,10949.0,-1.314543,-1.155153,GIN,FRA,6404
2042817,90,77,1378,2004,55781.0,2137851.0,0.348853,1.661656,GRC,FRA,6404
2042818,97,77,1378,2004,1182880.0,1204791.0,0.604825,2.098745,HKG,FRA,6404
2042819,100,77,1378,2004,3709019.0,30753.0,0.6669970000000001,1.088043,HRV,FRA,6404
2042820,102,77,1378,2004,14551.0,422105.0,1.207082,1.019714,HUN,FRA,6404
2042821,103,77,1378,2004,11740060.0,2187.0,-0.223644,1.719065,IDN,FRA,6404
2042822,104,77,1378,2004,2995661.0,2190.0,0.233348,2.790987,IND,FRA,6404
2042823,106,77,1378,2004,134545.0,612583.0,1.501859,0.14456,IRL,FRA,6404
2042824,107,77,1378,2004,0.0,18597.0,-0.38210700000000003,-0.8408620000000001,IRN,FRA,6404
2042825,109,77,1378,2004,15643.0,4211.0,0.298844,-0.36366,ISL,FRA,6404
2042826,110,77,1378,2004,118978.0,188359.0,1.250393,0.8003979999999999,ISR,FRA,6404
2042827,111,77,1378,2004,74884550.0,27425082.0,1.358057,1.11533,ITA,FRA,6404
2042828,112,77,1378,2004,4843.0,0.0,-0.64957,-0.944183,JAM,FRA,6404
2042829,114,77,1378,2004,259432.0,2205310.0,2.526624,0.452054,JPN,FRA,6404
2042830,115,77,1378,2004,0.0,8013.0,-0.09288300000000001,-0.537664,KAZ,FRA,6404
2042831,118,77,1378,2004,242906.0,0.0,-1.4676209999999998,-1.1972639999999999,KHM,FRA,6404
2042832,121,77,1378,2004,665832.0,76637.0,1.3624690000000002,0.928342,KOR,FRA,6404
2042833,122,77,1378,2004,0.0,236459.0,-0.481908,-1.172081,KWT,FRA,6404
2042834,123,77,1378,2004,28117.0,0.0,-1.274622,-1.082807,LAO,FRA,6404
2042835,124,77,1378,2004,65063.0,316100.0,0.32409899999999997,1.037024,LBN,FRA,6404
2042836,127,77,1378,2004,0.0,11954.0,0.233152,-0.351169,LCA,FRA,6404
2042837,128,77,1378,2004,2035574.0,0.0,-0.658668,0.21912600000000002,LKA,FRA,6404
2042838,129,77,1378,2004,10944.0,0.0,-1.343146,-1.041126,LSO,FRA,6404
2042839,130,77,1378,2004,0.0,13414.0,0.403568,0.632707,LTU,FRA,6404
2042840,131,77,1378,2004,114331.0,1027603.0,1.37529,1.0172649999999999,LUX,FRA,6404
2042841,132,77,1378,2004,0.0,78448.0,0.413821,0.627853,LVA,FRA,6404
2042842,133,77,1378,2004,1122676.0,0.0,-0.351045,-0.487521,MAC,FRA,6404
2042843,134,77,1378,2004,5571972.0,70750.0,-0.681556,-0.152372,MAR,FRA,6404
2042844,135,77,1378,2004,3296.0,0.0,-0.155523,-0.355142,MDA,FRA,6404
2042845,136,77,1378,2004,0.0,139849.0,-1.355542,-0.634409,MDG,FRA,6404
2042846,138,77,1378,2004,1001.0,14494.0,0.868684,0.85506,MEX,FRA,6404
2042847,140,77,1378,2004,0.0,37215.0,-0.091013,0.190649,MKD,FRA,6404
2042848,141,77,1378,2004,32829.0,13424.0,-0.6905100000000001,-0.9162459999999999,MLI,FRA,6404
2042849,142,77,1378,2004,0.0,18392.0,1.251894,0.063827,MLT,FRA,6404
2042850,143,77,1378,2004,43447.0,0.0,-1.400614,-0.947664,MMR,FRA,6404
2042851,148,77,1378,2004,0.0,19510.0,-1.6173959999999998,-1.2925719999999998,MRT,FRA,6404
2042852,151,77,1378,2004,34196.0,179920.0,-0.374754,-0.288504,MUS,FRA,6404
2042853,153,77,1378,2004,1364650.0,3952.0,0.6710050000000001,0.17807,MYS,FRA,6404
2042854,154,77,1378,2004,0.0,89637.0,1.179671,0.016149,MYT,FRA,6404
2042855,156,77,1378,2004,0.0,324489.0,-0.49824700000000005,-0.8284239999999999,NCL,FRA,6404
2042856,162,77,1378,2004,35857959.0,14552588.0,1.251808,1.586526,NLD,FRA,6404
2042857,163,77,1378,2004,0.0,203639.0,1.10162,0.118709,NOR,FRA,6404
2042858,164,77,1378,2004,2067.0,0.0,-0.323954,0.5528,NPL,FRA,6404
2042859,166,77,1378,2004,0.0,79346.0,0.567392,0.965781,NZL,FRA,6404
2042860,167,77,1378,2004,0.0,10926.0,-0.62946,-1.108933,OMN,FRA,6404
2042861,168,77,1378,2004,654900.0,0.0,-0.754143,0.25995100000000004,PAK,FRA,6404
2042862,169,77,1378,2004,0.0,8658.0,-0.011979,0.261315,PAN,FRA,6404
2042863,174,77,1378,2004,651653.0,0.0,-0.076709,-0.149006,PHL,FRA,6404
2042864,177,77,1378,2004,110216.0,1477866.0,1.019341,1.519452,POL,FRA,6404
2042865,179,77,1378,2004,6710393.0,5686845.0,0.524524,1.901139,PRT,FRA,6404
2042866,182,77,1378,2004,0.0,320573.0,-0.414954,-0.773736,PYF,FRA,6404
2042867,183,77,1378,2004,0.0,21372.0,0.21713400000000002,-1.031806,QAT,FRA,6404
2042868,185,77,1378,2004,5086079.0,27730.0,0.37241599999999997,1.015865,ROU,FRA,6404
2042869,186,77,1378,2004,8783.0,945779.0,0.8952399999999999,0.172896,RUS,FRA,6404
2042870,187,77,1378,2004,934.0,1027.0,-1.3952870000000002,-0.950857,RWA,FRA,6404
2042871,188,77,1378,2004,0.0,210620.0,0.546196,-0.7014729999999999,SAU,FRA,6404
2042872,189,77,1378,2004,4619.0,28028.0,0.628071,2.210424,SCG,FRA,6404
2042873,191,77,1378,2004,11830.0,38251.0,-0.527127,-0.368631,SEN,FRA,6404
2042874,192,77,1378,2004,425370.0,200997.0,1.6409779999999998,0.634947,SGP,FRA,6404
2042875,200,77,1378,2004,0.0,16167.0,-0.29473499999999997,-0.8513,SPM,FRA,6404
2042876,205,77,1378,2004,0.0,40598.0,-0.991433,-0.926657,SUR,FRA,6404
2042877,206,77,1378,2004,2941190.0,29125.0,1.2375120000000002,0.8777889999999999,SVK,FRA,6404
2042878,207,77,1378,2004,2443.0,360612.0,1.628643,1.02381,SVN,FRA,6404
2042879,208,77,1378,2004,242159.0,2394578.0,2.0522080000000003,0.8326969999999999,SWE,FRA,6404
2042880,211,77,1378,2004,0.0,980.0,-0.12954100000000002,-0.713507,SYC,FRA,6404
2042881,212,77,1378,2004,136214.0,0.0,-0.568707,-0.034736,SYR,FRA,6404
2042882,215,77,1378,2004,0.0,4554.0,-0.6788270000000001,-0.482984,TGO,FRA,6404
2042883,216,77,1378,2004,6460039.0,143918.0,0.5150359999999999,1.583019,THA,FRA,6404
2042884,223,77,1378,2004,3004046.0,269014.0,-0.195751,0.335147,TUN,FRA,6404
2042885,224,77,1378,2004,1578844.0,768977.0,0.141454,1.9463599999999999,TUR,FRA,6404
2042886,226,77,1378,2004,0.0,20178.0,-1.022658,-0.007045999999999999,TZA,FRA,6404
2042887,227,77,1378,2004,0.0,3939.0,-0.914733,-0.554346,UGA,FRA,6404
2042888,228,77,1378,2004,360344.0,39184.0,0.8758040000000001,0.8195879999999999,UKR,FRA,6404
2042889,230,77,1378,2004,0.0,3011.0,0.151633,0.121776,URY,FRA,6404
2042890,231,77,1378,2004,734272.0,2445498.0,1.7598630000000002,0.066704,USA,FRA,6404
2042891,236,77,1378,2004,15783.0,0.0,0.048698000000000005,-0.899776,VEN,FRA,6404
2042892,239,77,1378,2004,77538607.0,1601.0,-0.5270560000000001,0.8910389999999999,VNM,FRA,6404
2042893,241,77,1378,2004,0.0,2873.0,2.1501349999999997,-0.13714200000000001,WLF,FRA,6404
2042894,246,77,1378,2004,3870.0,178133.0,0.460279,1.9736220000000002,ZAF,FRA,6404
2042895,249,77,1378,2004,1299095.0,222733.0,1.626307,1.358315,TWN,FRA,6404
2042896,250,77,1378,2004,24405.0,0.0,0.509382,-0.30904299999999996,ANS,FRA,6404
2042897,3,81,1378,2004,0.0,945.0,1.14242,-0.061847000000000006,AIA,GBR,6404
2042898,4,81,1378,2004,0.0,28092.0,-0.131892,0.14985199999999999,ALB,GBR,6404
2042899,5,81,1378,2004,0.0,1642.0,1.268618,0.835359,AND,GBR,6404
2042900,7,81,1378,2004,34835.0,1236409.0,0.1799,-0.34541900000000003,ARE,GBR,6404
2042901,8,81,1378,2004,1725.0,11246.0,0.28128600000000004,0.64115,ARG,GBR,6404
2042902,9,81,1378,2004,0.0,776.0,0.661799,-0.140004,ARM,GBR,6404
2042903,13,81,1378,2004,0.0,11110.0,0.257288,-0.645794,ATG,GBR,6404
2042904,14,81,1378,2004,124207.0,152706.0,0.196641,0.8139460000000001,AUS,GBR,6404
2042905,15,81,1378,2004,1382734.0,599822.0,1.825391,0.40553,AUT,GBR,6404
2042906,16,81,1378,2004,0.0,9642.0,-0.393221,-0.9494440000000001,AZE,GBR,6404
2042907,18,81,1378,2004,70681831.0,3738339.0,1.350911,1.408209,BEL,GBR,6404
2042908,22,81,1378,2004,133648.0,0.0,-1.150444,-0.885333,BGD,GBR,6404
2042909,23,81,1378,2004,82641.0,6607.0,0.35536,1.499182,BGR,GBR,6404
2042910,24,81,1378,2004,0.0,12287.0,0.045344999999999996,-1.001059,BHR,GBR,6404
2042911,25,81,1378,2004,0.0,10811.0,0.620432,-0.513724,BHS,GBR,6404
2042912,30,81,1378,2004,0.0,12453.0,1.024248,-0.499122,BMU,GBR,6404
2042913,32,81,1378,2004,926374.0,6185.0,0.540718,1.149065,BRA,GBR,6404
2042914,33,81,1378,2004,0.0,46632.0,0.8541559999999999,0.25895799999999997,BRB,GBR,6404
2042915,34,81,1378,2004,0.0,10782.0,-1.271325,-1.03277,BRN,GBR,6404
2042916,39,81,1378,2004,27117.0,338961.0,0.9392739999999999,1.19228,CAN,GBR,6404
2042917,41,81,1378,2004,618560.0,418087.0,2.151471,0.7196279999999999,CHE,GBR,6404
2042918,42,81,1378,2004,0.0,11160.0,-0.07869,-0.33641,CHL,GBR,6404
2042919,43,81,1378,2004,132601050.0,129439.0,0.581548,2.8689880000000003,CHN,GBR,6404
2042920,49,81,1378,2004,14451.0,81331.0,0.033128,0.47524799999999995,COL,GBR,6404
2042921,58,81,1378,2004,0.0,540876.0,0.533521,0.615939,CYP,GBR,6404
2042922,59,81,1378,2004,2987.0,433601.0,1.562625,0.865244,CZE,GBR,6404
2042923,61,81,1378,2004,9101915.0,12713166.0,2.266076,-2.011139,DEU,GBR,6404
2042924,63,81,1378,2004,0.0,3996.0,0.322803,-0.000479,DMA,GBR,6404
2042925,64,81,1378,2004,961298.0,1322200.0,1.328968,1.262743,DNK,GBR,6404
2042926,65,81,1378,2004,401138.0,0.0,-0.510025,-0.328257,DOM,GBR,6404
2042927,66,81,1378,2004,0.0,3338.0,-0.725066,-1.163606,DZA,GBR,6404
2042928,71,81,1378,2004,32322201.0,3415274.0,0.9784649999999999,2.051216,ESP,GBR,6404
2042929,72,81,1378,2004,14231.0,72323.0,0.6101840000000001,0.9520370000000001,EST,GBR,6404
2042930,73,81,1378,2004,0.0,146601.0,-1.156284,-0.900874,ETH,GBR,6404
2042931,74,81,1378,2004,34306.0,494657.0,2.000218,0.9867309999999999,FIN,GBR,6404
2042932,75,81,1378,2004,0.0,2591.0,-0.8870969999999999,-0.287427,FJI,GBR,6404
2042933,76,81,1378,2004,0.0,1411.0,0.108608,-0.8270280000000001,FLK,GBR,6404
2042934,77,81,1378,2004,17000032.0,8129289.0,1.6003530000000001,0.643945,FRA,GBR,6404
2042935,78,81,1378,2004,0.0,8473.0,-1.026359,-0.960327,FRO,GBR,6404
2042936,82,81,1378,2004,0.0,21382.0,0.381348,-0.44259,GEO,GBR,6404
2042937,83,81,1378,2004,0.0,26543.0,-1.2972540000000001,-0.9967219999999999,GHA,GBR,6404
2042938,84,81,1378,2004,0.0,183122.0,0.466397,-0.627153,GIB,GBR,6404
2042939,87,81,1378,2004,0.0,22513.0,-0.135943,-0.226541,GMB,GBR,6404
2042940,89,81,1378,2004,0.0,2565.0,-1.093261,-0.8802639999999999,GNQ,GBR,6404
2042941,90,81,1378,2004,336957.0,933879.0,0.348853,1.661656,GRC,GBR,6404
2042942,91,81,1378,2004,0.0,847.0,0.40210100000000004,-0.382662,GRD,GBR,6404
2042943,96,81,1378,2004,0.0,11597.0,-1.046232,-0.985188,GUY,GBR,6404
2042944,97,81,1378,2004,4852361.0,321341.0,0.604825,2.098745,HKG,GBR,6404
2042945,100,81,1378,2004,0.0,36220.0,0.6669970000000001,1.088043,HRV,GBR,6404
2042946,102,81,1378,2004,3949.0,86092.0,1.207082,1.019714,HUN,GBR,6404
2042947,103,81,1378,2004,18647834.0,15524.0,-0.223644,1.719065,IDN,GBR,6404
2042948,104,81,1378,2004,7200101.0,31826.0,0.233348,2.790987,IND,GBR,6404
2042949,106,81,1378,2004,4367547.0,28268061.0,1.501859,0.14456,IRL,GBR,6404
2042950,109,81,1378,2004,0.0,99377.0,0.298844,-0.36366,ISL,GBR,6404
2042951,110,81,1378,2004,2775.0,582957.0,1.250393,0.8003979999999999,ISR,GBR,6404
2042952,111,81,1378,2004,24604119.0,8792092.0,1.358057,1.11533,ITA,GBR,6404
2042953,112,81,1378,2004,0.0,54542.0,-0.64957,-0.944183,JAM,GBR,6404
2042954,113,81,1378,2004,0.0,44872.0,0.152989,0.385845,JOR,GBR,6404
2042955,114,81,1378,2004,40848.0,1466787.0,2.526624,0.452054,JPN,GBR,6404
2042956,115,81,1378,2004,0.0,7322.0,-0.09288300000000001,-0.537664,KAZ,GBR,6404
2042957,116,81,1378,2004,0.0,14657.0,-0.503694,0.410495,KEN,GBR,6404
2042958,118,81,1378,2004,381730.0,0.0,-1.4676209999999998,-1.1972639999999999,KHM,GBR,6404
2042959,121,81,1378,2004,426495.0,244550.0,1.3624690000000002,0.928342,KOR,GBR,6404
2042960,122,81,1378,2004,0.0,44624.0,-0.481908,-1.172081,KWT,GBR,6404
2042961,124,81,1378,2004,846.0,74923.0,0.32409899999999997,1.037024,LBN,GBR,6404
2042962,127,81,1378,2004,0.0,7873.0,0.233152,-0.351169,LCA,GBR,6404
2042963,128,81,1378,2004,543116.0,12323.0,-0.658668,0.21912600000000002,LKA,GBR,6404
2042964,129,81,1378,2004,59734.0,0.0,-1.343146,-1.041126,LSO,GBR,6404
2042965,130,81,1378,2004,0.0,34753.0,0.403568,0.632707,LTU,GBR,6404
2042966,131,81,1378,2004,1877909.0,26072.0,1.37529,1.0172649999999999,LUX,GBR,6404
2042967,132,81,1378,2004,0.0,46057.0,0.413821,0.627853,LVA,GBR,6404
2042968,133,81,1378,2004,2346394.0,0.0,-0.351045,-0.487521,MAC,GBR,6404
2042969,134,81,1378,2004,7576.0,18845.0,-0.681556,-0.152372,MAR,GBR,6404
2042970,135,81,1378,2004,0.0,760.0,-0.155523,-0.355142,MDA,GBR,6404
2042971,138,81,1378,2004,15369.0,5177.0,0.868684,0.85506,MEX,GBR,6404
2042972,139,81,1378,2004,3631.0,0.0,-0.088716,-0.7905449999999999,MHL,GBR,6404
2042973,142,81,1378,2004,0.0,106113.0,1.251894,0.063827,MLT,GBR,6404
2042974,151,81,1378,2004,0.0,7171.0,-0.374754,-0.288504,MUS,GBR,6404
2042975,152,81,1378,2004,0.0,45551.0,-1.592983,-1.252423,MWI,GBR,6404
2042976,153,81,1378,2004,1542724.0,15888.0,0.6710050000000001,0.17807,MYS,GBR,6404
2042977,155,81,1378,2004,0.0,3671.0,-0.40995299999999996,-0.550272,NAM,GBR,6404
2042978,156,81,1378,2004,0.0,5490.0,-0.49824700000000005,-0.8284239999999999,NCL,GBR,6404
2042979,159,81,1378,2004,0.0,155473.0,-2.413432,-1.3033190000000001,NGA,GBR,6404
2042980,162,81,1378,2004,29169481.0,8115565.0,1.251808,1.586526,NLD,GBR,6404
2042981,163,81,1378,2004,21674.0,242774.0,1.10162,0.118709,NOR,GBR,6404
2042982,166,81,1378,2004,93842.0,80895.0,0.567392,0.965781,NZL,GBR,6404
2042983,167,81,1378,2004,0.0,6093.0,-0.62946,-1.108933,OMN,GBR,6404
2042984,168,81,1378,2004,1973328.0,18321.0,-0.754143,0.25995100000000004,PAK,GBR,6404
2042985,173,81,1378,2004,0.0,1018.0,-0.564244,0.131232,PER,GBR,6404
2042986,174,81,1378,2004,2222379.0,17051.0,-0.076709,-0.149006,PHL,GBR,6404
2042987,177,81,1378,2004,53117.0,77777.0,1.019341,1.519452,POL,GBR,6404
2042988,179,81,1378,2004,8123460.0,460270.0,0.524524,1.901139,PRT,GBR,6404
2042989,182,81,1378,2004,0.0,9258.0,-0.414954,-0.773736,PYF,GBR,6404
2042990,183,81,1378,2004,0.0,14715.0,0.21713400000000002,-1.031806,QAT,GBR,6404
2042991,185,81,1378,2004,485874.0,3020.0,0.37241599999999997,1.015865,ROU,GBR,6404
2042992,186,81,1378,2004,9504.0,143700.0,0.8952399999999999,0.172896,RUS,GBR,6404
2042993,188,81,1378,2004,0.0,450072.0,0.546196,-0.7014729999999999,SAU,GBR,6404
2042994,189,81,1378,2004,0.0,22256.0,0.628071,2.210424,SCG,GBR,6404
2042995,190,81,1378,2004,0.0,7319.0,-1.5346309999999999,-1.2599559999999999,SDN,GBR,6404
2042996,192,81,1378,2004,171150.0,159941.0,1.6409779999999998,0.634947,SGP,GBR,6404
2042997,194,81,1378,2004,0.0,14375.0,1.33404,0.133851,SHN,GBR,6404
2042998,196,81,1378,2004,11448.0,40011.0,0.48757399999999995,-0.0064659999999999995,SLE,GBR,6404
2042999,206,81,1378,2004,117969.0,1545.0,1.2375120000000002,0.8777889999999999,SVK,GBR,6404
2043000,207,81,1378,2004,17712.0,152275.0,1.628643,1.02381,SVN,GBR,6404
2043001,208,81,1378,2004,380033.0,881797.0,2.0522080000000003,0.8326969999999999,SWE,GBR,6404
2043002,211,81,1378,2004,0.0,2940.0,-0.12954100000000002,-0.713507,SYC,GBR,6404
2043003,216,81,1378,2004,5238018.0,36240.0,0.5150359999999999,1.583019,THA,GBR,6404
2043004,222,81,1378,2004,0.0,8562.0,0.00677,-0.965385,TTO,GBR,6404
2043005,224,81,1378,2004,1102692.0,611894.0,0.141454,1.9463599999999999,TUR,GBR,6404
2043006,226,81,1378,2004,0.0,6641.0,-1.022658,-0.007045999999999999,TZA,GBR,6404
2043007,227,81,1378,2004,0.0,5768.0,-0.914733,-0.554346,UGA,GBR,6404
2043008,228,81,1378,2004,0.0,4721.0,0.8758040000000001,0.8195879999999999,UKR,GBR,6404
2043009,231,81,1378,2004,1552621.0,1872795.0,1.7598630000000002,0.066704,USA,GBR,6404
2043010,234,81,1378,2004,0.0,1098.0,-0.564477,-0.8544,VCT,GBR,6404
2043011,236,81,1378,2004,0.0,94423.0,0.048698000000000005,-0.899776,VEN,GBR,6404
2043012,239,81,1378,2004,80197868.0,0.0,-0.5270560000000001,0.8910389999999999,VNM,GBR,6404
2043013,246,81,1378,2004,247085.0,43829.0,0.460279,1.9736220000000002,ZAF,GBR,6404
2043014,247,81,1378,2004,0.0,5646.0,-0.9972190000000001,-0.853986,ZMB,GBR,6404
2043015,249,81,1378,2004,1255249.0,144424.0,1.626307,1.358315,TWN,GBR,6404
2043016,4,90,1378,2004,8279.0,7067.0,-0.131892,0.14985199999999999,ALB,GRC,6404
2043017,15,90,1378,2004,657458.0,5477.0,1.825391,0.40553,AUT,GRC,6404
2043018,18,90,1378,2004,5978266.0,34854.0,1.350911,1.408209,BEL,GRC,6404
2043019,22,90,1378,2004,48473.0,0.0,-1.150444,-0.885333,BGD,GRC,6404
2043020,23,90,1378,2004,93571.0,7373.0,0.35536,1.499182,BGR,GRC,6404
2043021,26,90,1378,2004,0.0,2188.0,0.385952,0.571774,BIH,GRC,6404
2043022,32,90,1378,2004,127180.0,0.0,0.540718,1.149065,BRA,GRC,6404
2043023,39,90,1378,2004,0.0,961.0,0.9392739999999999,1.19228,CAN,GRC,6404
2043024,41,90,1378,2004,28990.0,1178.0,2.151471,0.7196279999999999,CHE,GRC,6404
2043025,42,90,1378,2004,3852.0,0.0,-0.07869,-0.33641,CHL,GRC,6404
2043026,43,90,1378,2004,7543419.0,0.0,0.581548,2.8689880000000003,CHN,GRC,6404
2043027,58,90,1378,2004,37368.0,841386.0,0.533521,0.615939,CYP,GRC,6404
2043028,59,90,1378,2004,0.0,1708.0,1.562625,0.865244,CZE,GRC,6404
2043029,61,90,1378,2004,6089261.0,80613.0,2.266076,-2.011139,DEU,GRC,6404
2043030,64,90,1378,2004,32882.0,3511.0,1.328968,1.262743,DNK,GRC,6404
2043031,68,90,1378,2004,1697.0,2225.0,-0.300563,0.41834899999999997,EGY,GRC,6404
2043032,71,90,1378,2004,9234541.0,157467.0,0.9784649999999999,2.051216,ESP,GRC,6404
2043033,74,90,1378,2004,1099.0,1478.0,2.000218,0.9867309999999999,FIN,GRC,6404
2043034,77,90,1378,2004,2137851.0,55781.0,1.6003530000000001,0.643945,FRA,GRC,6404
2043035,81,90,1378,2004,933879.0,336957.0,1.843506,0.684779,GBR,GRC,6404
2043036,97,90,1378,2004,215052.0,0.0,0.604825,2.098745,HKG,GRC,6404
2043037,100,90,1378,2004,9744.0,2441.0,0.6669970000000001,1.088043,HRV,GRC,6404
2043038,102,90,1378,2004,1812.0,1109.0,1.207082,1.019714,HUN,GRC,6404
2043039,103,90,1378,2004,1149951.0,2795.0,-0.223644,1.719065,IDN,GRC,6404
2043040,104,90,1378,2004,1107318.0,3737.0,0.233348,2.790987,IND,GRC,6404
2043041,110,90,1378,2004,11463.0,0.0,1.250393,0.8003979999999999,ISR,GRC,6404
2043042,111,90,1378,2004,11024379.0,164849.0,1.358057,1.11533,ITA,GRC,6404
2043043,114,90,1378,2004,1508.0,8383.0,2.526624,0.452054,JPN,GRC,6404
2043044,118,90,1378,2004,3472.0,0.0,-1.4676209999999998,-1.1972639999999999,KHM,GRC,6404
2043045,121,90,1378,2004,7055.0,0.0,1.3624690000000002,0.928342,KOR,GRC,6404
2043046,122,90,1378,2004,0.0,3591.0,-0.481908,-1.172081,KWT,GRC,6404
2043047,131,90,1378,2004,417422.0,0.0,1.37529,1.0172649999999999,LUX,GRC,6404
2043048,133,90,1378,2004,624602.0,0.0,-0.351045,-0.487521,MAC,GRC,6404
2043049,134,90,1378,2004,20870.0,0.0,-0.681556,-0.152372,MAR,GRC,6404
2043050,140,90,1378,2004,22466.0,20050.0,-0.091013,0.190649,MKD,GRC,6404
2043051,143,90,1378,2004,4072.0,0.0,-1.400614,-0.947664,MMR,GRC,6404
2043052,153,90,1378,2004,992432.0,0.0,0.6710050000000001,0.17807,MYS,GRC,6404
2043053,162,90,1378,2004,1589486.0,1782.0,1.251808,1.586526,NLD,GRC,6404
2043054,168,90,1378,2004,87562.0,0.0,-0.754143,0.25995100000000004,PAK,GRC,6404
2043055,174,90,1378,2004,349632.0,0.0,-0.076709,-0.149006,PHL,GRC,6404
2043056,177,90,1378,2004,52893.0,44653.0,1.019341,1.519452,POL,GRC,6404
2043057,179,90,1378,2004,120710.0,66772.0,0.524524,1.901139,PRT,GRC,6404
2043058,183,90,1378,2004,0.0,62468.0,0.21713400000000002,-1.031806,QAT,GRC,6404
2043059,185,90,1378,2004,4248.0,1372.0,0.37241599999999997,1.015865,ROU,GRC,6404
2043060,186,90,1378,2004,6103.0,0.0,0.8952399999999999,0.172896,RUS,GRC,6404
2043061,188,90,1378,2004,0.0,19545.0,0.546196,-0.7014729999999999,SAU,GRC,6404
2043062,189,90,1378,2004,21651.0,67257.0,0.628071,2.210424,SCG,GRC,6404
2043063,192,90,1378,2004,109287.0,0.0,1.6409779999999998,0.634947,SGP,GRC,6404
2043064,207,90,1378,2004,0.0,2130.0,1.628643,1.02381,SVN,GRC,6404
2043065,208,90,1378,2004,56646.0,7589.0,2.0522080000000003,0.8326969999999999,SWE,GRC,6404
2043066,216,90,1378,2004,566294.0,0.0,0.5150359999999999,1.583019,THA,GRC,6404
2043067,224,90,1378,2004,1683227.0,69221.0,0.141454,1.9463599999999999,TUR,GRC,6404
2043068,231,90,1378,2004,40917.0,1584.0,1.7598630000000002,0.066704,USA,GRC,6404
2043069,239,90,1378,2004,5126016.0,0.0,-0.5270560000000001,0.8910389999999999,VNM,GRC,6404
2043070,246,90,1378,2004,0.0,28372.0,0.460279,1.9736220000000002,ZAF,GRC,6404
2043071,249,90,1378,2004,252707.0,0.0,1.626307,1.358315,TWN,GRC,6404
2043072,6,91,1378,2004,2443.0,0.0,0.726256,-0.48520699999999994,ANT,GRD,6404
2043073,43,91,1378,2004,9693.0,0.0,0.581548,2.8689880000000003,CHN,GRD,6404
2043074,81,91,1378,2004,847.0,0.0,1.843506,0.684779,GBR,GRD,6404
2043075,169,91,1378,2004,203516.0,0.0,-0.011979,0.261315,PAN,GRD,6404
2043076,231,91,1378,2004,110136.0,0.0,1.7598630000000002,0.066704,USA,GRD,6404
2043077,249,91,1378,2004,6341.0,0.0,1.626307,1.358315,TWN,GRD,6404
2043078,1,93,1378,2004,32224.0,0.0,-0.6831550000000001,-0.756696,AFG,GTM,6404
2043079,8,93,1378,2004,6930.0,0.0,0.28128600000000004,0.64115,ARG,GTM,6404
2043080,29,93,1378,2004,0.0,4161.0,-0.355391,-0.662783,BLZ,GTM,6404
2043081,32,93,1378,2004,46792.0,0.0,0.540718,1.149065,BRA,GTM,6404
2043082,42,93,1378,2004,3053.0,12290.0,-0.07869,-0.33641,CHL,GTM,6404
2043083,43,93,1378,2004,433809.0,0.0,0.581548,2.8689880000000003,CHN,GTM,6404
2043084,49,93,1378,2004,45591.0,0.0,0.033128,0.47524799999999995,COL,GTM,6404
2043085,52,93,1378,2004,4588.0,19804.0,-0.043266000000000006,-0.376239,CRI,GTM,6404
2043086,61,93,1378,2004,2573.0,0.0,2.266076,-2.011139,DEU,GTM,6404
2043087,65,93,1378,2004,0.0,36133.0,-0.510025,-0.328257,DOM,GTM,6404
2043088,71,93,1378,2004,27755.0,0.0,0.9784649999999999,2.051216,ESP,GTM,6404
2043089,97,93,1378,2004,126734.0,0.0,0.604825,2.098745,HKG,GTM,6404
2043090,99,93,1378,2004,7717.0,57861.0,-0.75975,-0.548407,HND,GTM,6404
2043091,111,93,1378,2004,11571.0,0.0,1.358057,1.11533,ITA,GTM,6404
2043092,112,93,1378,2004,11838.0,4892.0,-0.64957,-0.944183,JAM,GTM,6404
2043093,114,93,1378,2004,3877.0,0.0,2.526624,0.452054,JPN,GTM,6404
2043094,121,93,1378,2004,87499.0,0.0,1.3624690000000002,0.928342,KOR,GTM,6404
2043095,138,93,1378,2004,86608.0,98603.0,0.868684,0.85506,MEX,GTM,6404
2043096,160,93,1378,2004,0.0,149927.0,-0.9789479999999999,-0.8374219999999999,NIC,GTM,6404
2043097,162,93,1378,2004,810.0,0.0,1.251808,1.586526,NLD,GTM,6404
2043098,169,93,1378,2004,5094554.0,1685777.0,-0.011979,0.261315,PAN,GTM,6404
2043099,180,93,1378,2004,852.0,0.0,-0.64574,-0.978875,PRY,GTM,6404
2043100,197,93,1378,2004,137807.0,286080.0,-0.20529499999999998,0.1116,SLV,GTM,6404
2043101,231,93,1378,2004,879447.0,0.0,1.7598630000000002,0.066704,USA,GTM,6404
2043102,249,93,1378,2004,72560.0,0.0,1.626307,1.358315,TWN,GTM,6404
2043103,250,93,1378,2004,1156.0,0.0,0.509382,-0.30904299999999996,ANS,GTM,6404
2043104,32,96,1378,2004,3641.0,0.0,0.540718,1.149065,BRA,GUY,6404
2043105,33,96,1378,2004,0.0,1111.0,0.8541559999999999,0.25895799999999997,BRB,GUY,6404
2043106,39,96,1378,2004,0.0,1039.0,0.9392739999999999,1.19228,CAN,GUY,6404
2043107,43,96,1378,2004,56801.0,0.0,0.581548,2.8689880000000003,CHN,GUY,6404
2043108,81,96,1378,2004,11597.0,0.0,1.843506,0.684779,GBR,GUY,6404
2043109,169,96,1378,2004,5075.0,0.0,-0.011979,0.261315,PAN,GUY,6404
2043110,205,96,1378,2004,176.0,0.0,-0.991433,-0.926657,SUR,GUY,6404
2043111,222,96,1378,2004,753.0,0.0,0.00677,-0.965385,TTO,GUY,6404
2043112,231,96,1378,2004,65324.0,0.0,1.7598630000000002,0.066704,USA,GUY,6404
2043113,250,96,1378,2004,0.0,10055.0,0.509382,-0.30904299999999996,ANS,GUY,6404
2043114,2,97,1378,2004,0.0,48185.0,-0.8513709999999999,-1.173397,AGO,HKG,6404
2043115,7,97,1378,2004,0.0,867811.0,0.1799,-0.34541900000000003,ARE,HKG,6404
2043116,8,97,1378,2004,0.0,1141788.0,0.28128600000000004,0.64115,ARG,HKG,6404
2043117,14,97,1378,2004,76910.0,2063363.0,0.196641,0.8139460000000001,AUS,HKG,6404
2043118,15,97,1378,2004,108046.0,346734.0,1.825391,0.40553,AUT,HKG,6404
2043119,18,97,1378,2004,0.0,312712.0,1.350911,1.408209,BEL,HKG,6404
2043120,21,97,1378,2004,0.0,843.0,-1.000801,-1.00024,BFA,HKG,6404
2043121,22,97,1378,2004,0.0,19853.0,-1.150444,-0.885333,BGD,HKG,6404
2043122,23,97,1378,2004,0.0,134119.0,0.35536,1.499182,BGR,HKG,6404
2043123,24,97,1378,2004,0.0,6378.0,0.045344999999999996,-1.001059,BHR,HKG,6404
2043124,25,97,1378,2004,0.0,3003.0,0.620432,-0.513724,BHS,HKG,6404
2043125,26,97,1378,2004,0.0,2949.0,0.385952,0.571774,BIH,HKG,6404
2043126,29,97,1378,2004,0.0,13639.0,-0.355391,-0.662783,BLZ,HKG,6404
2043127,31,97,1378,2004,0.0,1750.0,-0.9288489999999999,-0.929884,BOL,HKG,6404
2043128,32,97,1378,2004,49078.0,1030311.0,0.540718,1.149065,BRA,HKG,6404
2043129,34,97,1378,2004,0.0,65572.0,-1.271325,-1.03277,BRN,HKG,6404
2043130,37,97,1378,2004,0.0,757.0,-0.8574229999999999,-1.191754,BWA,HKG,6404
2043131,39,97,1378,2004,23334.0,654020.0,0.9392739999999999,1.19228,CAN,HKG,6404
2043132,41,97,1378,2004,923804.0,557444.0,2.151471,0.7196279999999999,CHE,HKG,6404
2043133,42,97,1378,2004,0.0,8835658.0,-0.07869,-0.33641,CHL,HKG,6404
2043134,43,97,1378,2004,130367954.0,1586816.0,0.581548,2.8689880000000003,CHN,HKG,6404
2043135,44,97,1378,2004,0.0,1172.0,-0.8490979999999999,-0.754732,CIV,HKG,6404
2043136,45,97,1378,2004,0.0,84005.0,-1.604916,-1.217399,CMR,HKG,6404
2043137,49,97,1378,2004,0.0,428312.0,0.033128,0.47524799999999995,COL,HKG,6404
2043138,52,97,1378,2004,0.0,360218.0,-0.043266000000000006,-0.376239,CRI,HKG,6404
2043139,54,97,1378,2004,0.0,164333.0,-0.040541,-0.634675,CUB,HKG,6404
2043140,58,97,1378,2004,0.0,144046.0,0.533521,0.615939,CYP,HKG,6404
2043141,59,97,1378,2004,2616.0,212439.0,1.562625,0.865244,CZE,HKG,6404
2043142,61,97,1378,2004,635988.0,2281551.0,2.266076,-2.011139,DEU,HKG,6404
2043143,64,97,1378,2004,605348.0,1820545.0,1.328968,1.262743,DNK,HKG,6404
2043144,65,97,1378,2004,56764.0,7971.0,-0.510025,-0.328257,DOM,HKG,6404
2043145,66,97,1378,2004,0.0,227638.0,-0.725066,-1.163606,DZA,HKG,6404
2043146,67,97,1378,2004,0.0,154271.0,-1.149101,-1.013619,ECU,HKG,6404
2043147,68,97,1378,2004,0.0,105582.0,-0.300563,0.41834899999999997,EGY,HKG,6404
2043148,71,97,1378,2004,1117072.0,509285.0,0.9784649999999999,2.051216,ESP,HKG,6404
2043149,72,97,1378,2004,0.0,36153.0,0.6101840000000001,0.9520370000000001,EST,HKG,6404
2043150,74,97,1378,2004,0.0,243552.0,2.000218,0.9867309999999999,FIN,HKG,6404
2043151,75,97,1378,2004,0.0,36754.0,-0.8870969999999999,-0.287427,FJI,HKG,6404
2043152,77,97,1378,2004,1204791.0,1182880.0,1.6003530000000001,0.643945,FRA,HKG,6404
2043153,78,97,1378,2004,0.0,5066.0,-1.026359,-0.960327,FRO,HKG,6404
2043154,79,97,1378,2004,0.0,17819.0,-1.647605,-1.093832,FSM,HKG,6404
2043155,80,97,1378,2004,0.0,17117.0,-0.700329,-1.137018,GAB,HKG,6404
2043156,81,97,1378,2004,321341.0,4852361.0,1.843506,0.684779,GBR,HKG,6404
2043157,83,97,1378,2004,0.0,69634.0,-1.2972540000000001,-0.9967219999999999,GHA,HKG,6404
2043158,85,97,1378,2004,0.0,4224.0,-1.314543,-1.155153,GIN,HKG,6404
2043159,87,97,1378,2004,0.0,22054.0,-0.135943,-0.226541,GMB,HKG,6404
2043160,90,97,1378,2004,0.0,215052.0,0.348853,1.661656,GRC,HKG,6404
2043161,93,97,1378,2004,0.0,126734.0,-0.46136000000000005,0.148122,GTM,HKG,6404
2043162,95,97,1378,2004,11324.0,248001.0,0.13034500000000002,-0.40525700000000003,GUM,HKG,6404
2043163,99,97,1378,2004,0.0,157979.0,-0.75975,-0.548407,HND,HKG,6404
2043164,100,97,1378,2004,0.0,58512.0,0.6669970000000001,1.088043,HRV,HKG,6404
2043165,102,97,1378,2004,0.0,544845.0,1.207082,1.019714,HUN,HKG,6404
2043166,103,97,1378,2004,1379275.0,73713.0,-0.223644,1.719065,IDN,HKG,6404
2043167,104,97,1378,2004,10953.0,130012.0,0.233348,2.790987,IND,HKG,6404
2043168,106,97,1378,2004,0.0,574020.0,1.501859,0.14456,IRL,HKG,6404
2043169,107,97,1378,2004,0.0,148140.0,-0.38210700000000003,-0.8408620000000001,IRN,HKG,6404
2043170,109,97,1378,2004,0.0,50579.0,0.298844,-0.36366,ISL,HKG,6404
2043171,110,97,1378,2004,20979.0,1929283.0,1.250393,0.8003979999999999,ISR,HKG,6404
2043172,111,97,1378,2004,2172528.0,458240.0,1.358057,1.11533,ITA,HKG,6404
2043173,112,97,1378,2004,0.0,96180.0,-0.64957,-0.944183,JAM,HKG,6404
2043174,113,97,1378,2004,0.0,24392.0,0.152989,0.385845,JOR,HKG,6404
2043175,114,97,1378,2004,1539354.0,5441069.0,2.526624,0.452054,JPN,HKG,6404
2043176,115,97,1378,2004,0.0,8599.0,-0.09288300000000001,-0.537664,KAZ,HKG,6404
2043177,116,97,1378,2004,0.0,14054.0,-0.503694,0.410495,KEN,HKG,6404
2043178,118,97,1378,2004,22068.0,0.0,-1.4676209999999998,-1.1972639999999999,KHM,HKG,6404
2043179,119,97,1378,2004,0.0,1591.0,-0.552158,-0.831923,KIR,HKG,6404
2043180,121,97,1378,2004,601620.0,1669688.0,1.3624690000000002,0.928342,KOR,HKG,6404
2043181,122,97,1378,2004,0.0,6820.0,-0.481908,-1.172081,KWT,HKG,6404
2043182,124,97,1378,2004,0.0,126181.0,0.32409899999999997,1.037024,LBN,HKG,6404
2043183,125,97,1378,2004,0.0,10940.0,0.016191,-1.070051,LBR,HKG,6404
2043184,128,97,1378,2004,24428.0,137494.0,-0.658668,0.21912600000000002,LKA,HKG,6404
2043185,130,97,1378,2004,0.0,4100.0,0.403568,0.632707,LTU,HKG,6404
2043186,132,97,1378,2004,0.0,8132.0,0.413821,0.627853,LVA,HKG,6404
2043187,133,97,1378,2004,9241.0,354418.0,-0.351045,-0.487521,MAC,HKG,6404
2043188,134,97,1378,2004,0.0,159592.0,-0.681556,-0.152372,MAR,HKG,6404
2043189,136,97,1378,2004,0.0,2374.0,-1.355542,-0.634409,MDG,HKG,6404
2043190,138,97,1378,2004,2144.0,152584.0,0.868684,0.85506,MEX,HKG,6404
2043191,140,97,1378,2004,0.0,4169.0,-0.091013,0.190649,MKD,HKG,6404
2043192,141,97,1378,2004,0.0,3530.0,-0.6905100000000001,-0.9162459999999999,MLI,HKG,6404
2043193,142,97,1378,2004,743.0,19026.0,1.251894,0.063827,MLT,HKG,6404
2043194,143,97,1378,2004,0.0,6005.0,-1.400614,-0.947664,MMR,HKG,6404
2043195,146,97,1378,2004,33122.0,101427.0,-0.47053199999999995,-0.7803220000000001,MNP,HKG,6404
2043196,147,97,1378,2004,0.0,24777.0,-1.1010790000000001,-1.0942,MOZ,HKG,6404
2043197,148,97,1378,2004,0.0,8973.0,-1.6173959999999998,-1.2925719999999998,MRT,HKG,6404
2043198,151,97,1378,2004,0.0,23695.0,-0.374754,-0.288504,MUS,HKG,6404
2043199,152,97,1378,2004,0.0,822.0,-1.592983,-1.252423,MWI,HKG,6404
2043200,153,97,1378,2004,32823.0,1085322.0,0.6710050000000001,0.17807,MYS,HKG,6404
2043201,156,97,1378,2004,0.0,26216.0,-0.49824700000000005,-0.8284239999999999,NCL,HKG,6404
2043202,159,97,1378,2004,0.0,37487.0,-2.413432,-1.3033190000000001,NGA,HKG,6404
2043203,162,97,1378,2004,70003.0,3428501.0,1.251808,1.586526,NLD,HKG,6404
2043204,163,97,1378,2004,0.0,381296.0,1.10162,0.118709,NOR,HKG,6404
2043205,164,97,1378,2004,1344.0,23084.0,-0.323954,0.5528,NPL,HKG,6404
2043206,166,97,1378,2004,7948.0,196890.0,0.567392,0.965781,NZL,HKG,6404
2043207,168,97,1378,2004,7996.0,13202.0,-0.754143,0.25995100000000004,PAK,HKG,6404
2043208,169,97,1378,2004,0.0,2612377.0,-0.011979,0.261315,PAN,HKG,6404
2043209,173,97,1378,2004,0.0,52240.0,-0.564244,0.131232,PER,HKG,6404
2043210,174,97,1378,2004,66333.0,2890661.0,-0.076709,-0.149006,PHL,HKG,6404
2043211,176,97,1378,2004,0.0,12253.0,-1.7599200000000002,-1.219971,PNG,HKG,6404
2043212,177,97,1378,2004,0.0,32704.0,1.019341,1.519452,POL,HKG,6404
2043213,178,97,1378,2004,0.0,16731.0,0.578991,0.781518,PRK,HKG,6404
2043214,179,97,1378,2004,43224.0,16802.0,0.524524,1.901139,PRT,HKG,6404
2043215,180,97,1378,2004,0.0,61862.0,-0.64574,-0.978875,PRY,HKG,6404
2043216,182,97,1378,2004,0.0,30007.0,-0.414954,-0.773736,PYF,HKG,6404
2043217,185,97,1378,2004,0.0,6004.0,0.37241599999999997,1.015865,ROU,HKG,6404
2043218,186,97,1378,2004,2774.0,747043.0,0.8952399999999999,0.172896,RUS,HKG,6404
2043219,188,97,1378,2004,0.0,391637.0,0.546196,-0.7014729999999999,SAU,HKG,6404
2043220,189,97,1378,2004,0.0,36787.0,0.628071,2.210424,SCG,HKG,6404
2043221,191,97,1378,2004,0.0,18134.0,-0.527127,-0.368631,SEN,HKG,6404
2043222,192,97,1378,2004,464863.0,6001909.0,1.6409779999999998,0.634947,SGP,HKG,6404
2043223,195,97,1378,2004,0.0,4345.0,-1.4911,-0.999592,SLB,HKG,6404
2043224,197,97,1378,2004,0.0,55594.0,-0.20529499999999998,0.1116,SLV,HKG,6404
2043225,205,97,1378,2004,0.0,50397.0,-0.991433,-0.926657,SUR,HKG,6404
2043226,206,97,1378,2004,0.0,256085.0,1.2375120000000002,0.8777889999999999,SVK,HKG,6404
2043227,207,97,1378,2004,0.0,99513.0,1.628643,1.02381,SVN,HKG,6404
2043228,208,97,1378,2004,5445.0,2886142.0,2.0522080000000003,0.8326969999999999,SWE,HKG,6404
2043229,212,97,1378,2004,0.0,30910.0,-0.568707,-0.034736,SYR,HKG,6404
2043230,215,97,1378,2004,0.0,117265.0,-0.6788270000000001,-0.482984,TGO,HKG,6404
2043231,216,97,1378,2004,1001795.0,178221.0,0.5150359999999999,1.583019,THA,HKG,6404
2043232,222,97,1378,2004,0.0,18734.0,0.00677,-0.965385,TTO,HKG,6404
2043233,223,97,1378,2004,0.0,53453.0,-0.195751,0.335147,TUN,HKG,6404
2043234,224,97,1378,2004,0.0,582270.0,0.141454,1.9463599999999999,TUR,HKG,6404
2043235,226,97,1378,2004,0.0,17551.0,-1.022658,-0.007045999999999999,TZA,HKG,6404
2043236,227,97,1378,2004,0.0,13351.0,-0.914733,-0.554346,UGA,HKG,6404
2043237,230,97,1378,2004,0.0,11978.0,0.151633,0.121776,URY,HKG,6404
2043238,231,97,1378,2004,432047.0,10328442.0,1.7598630000000002,0.066704,USA,HKG,6404
2043239,236,97,1378,2004,0.0,1357255.0,0.048698000000000005,-0.899776,VEN,HKG,6404
2043240,239,97,1378,2004,4605319.0,41318.0,-0.5270560000000001,0.8910389999999999,VNM,HKG,6404
2043241,246,97,1378,2004,14044.0,5126672.0,0.460279,1.9736220000000002,ZAF,HKG,6404
2043242,247,97,1378,2004,0.0,34984.0,-0.9972190000000001,-0.853986,ZMB,HKG,6404
2043243,248,97,1378,2004,0.0,4303.0,-0.560593,-0.091112,ZWE,HKG,6404
2043244,249,97,1378,2004,479365.0,1252227.0,1.626307,1.358315,TWN,HKG,6404
2043245,250,97,1378,2004,0.0,102437.0,0.509382,-0.30904299999999996,ANS,HKG,6404
2043246,32,99,1378,2004,17423.0,0.0,0.540718,1.149065,BRA,HND,6404
2043247,42,99,1378,2004,36383.0,0.0,-0.07869,-0.33641,CHL,HND,6404
2043248,43,99,1378,2004,131874.0,0.0,0.581548,2.8689880000000003,CHN,HND,6404
2043249,52,99,1378,2004,2542.0,0.0,-0.043266000000000006,-0.376239,CRI,HND,6404
2043250,61,99,1378,2004,2947.0,0.0,2.266076,-2.011139,DEU,HND,6404
2043251,71,99,1378,2004,91200.0,0.0,0.9784649999999999,2.051216,ESP,HND,6404
2043252,93,99,1378,2004,57861.0,7717.0,-0.46136000000000005,0.148122,GTM,HND,6404
2043253,97,99,1378,2004,157979.0,0.0,0.604825,2.098745,HKG,HND,6404
2043254,111,99,1378,2004,3560.0,0.0,1.358057,1.11533,ITA,HND,6404
2043255,121,99,1378,2004,0.0,1264.0,1.3624690000000002,0.928342,KOR,HND,6404
2043256,124,99,1378,2004,0.0,4093.0,0.32409899999999997,1.037024,LBN,HND,6404
2043257,138,99,1378,2004,6375.0,0.0,0.868684,0.85506,MEX,HND,6404
2043258,160,99,1378,2004,0.0,1401.0,-0.9789479999999999,-0.8374219999999999,NIC,HND,6404
2043259,169,99,1378,2004,2129284.0,0.0,-0.011979,0.261315,PAN,HND,6404
2043260,173,99,1378,2004,5826.0,0.0,-0.564244,0.131232,PER,HND,6404
2043261,197,99,1378,2004,29046.0,2110.0,-0.20529499999999998,0.1116,SLV,HND,6404
2043262,231,99,1378,2004,753444.0,17933.0,1.7598630000000002,0.066704,USA,HND,6404
2043263,249,99,1378,2004,11291.0,0.0,1.626307,1.358315,TWN,HND,6404
2043264,0,103,1378,2004,0.0,2646.0,-0.30244099999999996,-0.892926,ABW,IDN,6404
2043265,2,103,1378,2004,0.0,12003.0,-0.8513709999999999,-1.173397,AGO,IDN,6404
2043266,4,103,1378,2004,0.0,470.0,-0.131892,0.14985199999999999,ALB,IDN,6404
2043267,5,103,1378,2004,0.0,41350.0,1.268618,0.835359,AND,IDN,6404
2043268,6,103,1378,2004,0.0,27238.0,0.726256,-0.48520699999999994,ANT,IDN,6404
2043269,7,103,1378,2004,0.0,1288100.0,0.1799,-0.34541900000000003,ARE,IDN,6404
2043270,8,103,1378,2004,0.0,372549.0,0.28128600000000004,0.64115,ARG,IDN,6404
2043271,9,103,1378,2004,0.0,2567.0,0.661799,-0.140004,ARM,IDN,6404
2043272,13,103,1378,2004,0.0,13383.0,0.257288,-0.645794,ATG,IDN,6404
2043273,14,103,1378,2004,11744.0,1898535.0,0.196641,0.8139460000000001,AUS,IDN,6404
2043274,15,103,1378,2004,0.0,52293.0,1.825391,0.40553,AUT,IDN,6404
2043275,18,103,1378,2004,0.0,18236021.0,1.350911,1.408209,BEL,IDN,6404
2043276,21,103,1378,2004,0.0,4257.0,-1.000801,-1.00024,BFA,IDN,6404
2043277,23,103,1378,2004,0.0,13384.0,0.35536,1.499182,BGR,IDN,6404
2043278,24,103,1378,2004,0.0,30270.0,0.045344999999999996,-1.001059,BHR,IDN,6404
2043279,26,103,1378,2004,0.0,13481.0,0.385952,0.571774,BIH,IDN,6404
2043280,31,103,1378,2004,0.0,40252.0,-0.9288489999999999,-0.929884,BOL,IDN,6404
2043281,32,103,1378,2004,0.0,1344203.0,0.540718,1.149065,BRA,IDN,6404
2043282,33,103,1378,2004,0.0,1411.0,0.8541559999999999,0.25895799999999997,BRB,IDN,6404
2043283,34,103,1378,2004,0.0,4485.0,-1.271325,-1.03277,BRN,IDN,6404
2043284,39,103,1378,2004,0.0,1778785.0,0.9392739999999999,1.19228,CAN,IDN,6404
2043285,41,103,1378,2004,45270.0,614549.0,2.151471,0.7196279999999999,CHE,IDN,6404
2043286,42,103,1378,2004,0.0,1676583.0,-0.07869,-0.33641,CHL,IDN,6404
2043287,43,103,1378,2004,7267288.0,2315010.0,0.581548,2.8689880000000003,CHN,IDN,6404
2043288,44,103,1378,2004,0.0,48202.0,-0.8490979999999999,-0.754732,CIV,IDN,6404
2043289,45,103,1378,2004,0.0,29652.0,-1.604916,-1.217399,CMR,IDN,6404
2043290,48,103,1378,2004,0.0,6801.0,0.10636,-0.652109,COK,IDN,6404
2043291,49,103,1378,2004,0.0,279722.0,0.033128,0.47524799999999995,COL,IDN,6404
2043292,52,103,1378,2004,0.0,35867.0,-0.043266000000000006,-0.376239,CRI,IDN,6404
2043293,54,103,1378,2004,0.0,55573.0,-0.040541,-0.634675,CUB,IDN,6404
2043294,57,103,1378,2004,0.0,418455.0,0.349925,-0.794084,CYM,IDN,6404
2043295,58,103,1378,2004,0.0,137127.0,0.533521,0.615939,CYP,IDN,6404
2043296,59,103,1378,2004,0.0,193990.0,1.562625,0.865244,CZE,IDN,6404
2043297,61,103,1378,2004,82615.0,9539251.0,2.266076,-2.011139,DEU,IDN,6404
2043298,64,103,1378,2004,0.0,81882.0,1.328968,1.262743,DNK,IDN,6404
2043299,65,103,1378,2004,0.0,4519.0,-0.510025,-0.328257,DOM,IDN,6404
2043300,66,103,1378,2004,0.0,1598.0,-0.725066,-1.163606,DZA,IDN,6404
2043301,67,103,1378,2004,0.0,262310.0,-1.149101,-1.013619,ECU,IDN,6404
2043302,68,103,1378,2004,0.0,84039.0,-0.300563,0.41834899999999997,EGY,IDN,6404
2043303,71,103,1378,2004,40112.0,10122269.0,0.9784649999999999,2.051216,ESP,IDN,6404
2043304,72,103,1378,2004,0.0,152387.0,0.6101840000000001,0.9520370000000001,EST,IDN,6404
2043305,74,103,1378,2004,0.0,714228.0,2.000218,0.9867309999999999,FIN,IDN,6404
2043306,75,103,1378,2004,0.0,15699.0,-0.8870969999999999,-0.287427,FJI,IDN,6404
2043307,77,103,1378,2004,2187.0,11740060.0,1.6003530000000001,0.643945,FRA,IDN,6404
2043308,78,103,1378,2004,0.0,24217.0,-1.026359,-0.960327,FRO,IDN,6404
2043309,81,103,1378,2004,15524.0,18647834.0,1.843506,0.684779,GBR,IDN,6404
2043310,83,103,1378,2004,0.0,11802.0,-1.2972540000000001,-0.9967219999999999,GHA,IDN,6404
2043311,85,103,1378,2004,0.0,6883.0,-1.314543,-1.155153,GIN,IDN,6404
2043312,90,103,1378,2004,2795.0,1149951.0,0.348853,1.661656,GRC,IDN,6404
2043313,97,103,1378,2004,73713.0,1379275.0,0.604825,2.098745,HKG,IDN,6404
2043314,100,103,1378,2004,0.0,266826.0,0.6669970000000001,1.088043,HRV,IDN,6404
2043315,102,103,1378,2004,0.0,11764.0,1.207082,1.019714,HUN,IDN,6404
2043316,104,103,1378,2004,0.0,717481.0,0.233348,2.790987,IND,IDN,6404
2043317,106,103,1378,2004,0.0,490969.0,1.501859,0.14456,IRL,IDN,6404
2043318,109,103,1378,2004,0.0,68044.0,0.298844,-0.36366,ISL,IDN,6404
2043319,110,103,1378,2004,0.0,5694.0,1.250393,0.8003979999999999,ISR,IDN,6404
2043320,111,103,1378,2004,1681.0,12983116.0,1.358057,1.11533,ITA,IDN,6404
2043321,113,103,1378,2004,0.0,6572.0,0.152989,0.385845,JOR,IDN,6404
2043322,114,103,1378,2004,5113.0,19754722.0,2.526624,0.452054,JPN,IDN,6404
2043323,115,103,1378,2004,0.0,1915.0,-0.09288300000000001,-0.537664,KAZ,IDN,6404
2043324,116,103,1378,2004,0.0,3542.0,-0.503694,0.410495,KEN,IDN,6404
2043325,121,103,1378,2004,96307.0,1762691.0,1.3624690000000002,0.928342,KOR,IDN,6404
2043326,122,103,1378,2004,0.0,37846.0,-0.481908,-1.172081,KWT,IDN,6404
2043327,124,103,1378,2004,0.0,146053.0,0.32409899999999997,1.037024,LBN,IDN,6404
2043328,126,103,1378,2004,0.0,4184.0,-0.42119700000000004,-1.179463,LBY,IDN,6404
2043329,128,103,1378,2004,0.0,2266346.0,-0.658668,0.21912600000000002,LKA,IDN,6404
2043330,130,103,1378,2004,0.0,4401.0,0.403568,0.632707,LTU,IDN,6404
2043331,132,103,1378,2004,0.0,48985.0,0.413821,0.627853,LVA,IDN,6404
2043332,134,103,1378,2004,0.0,10607.0,-0.681556,-0.152372,MAR,IDN,6404
2043333,135,103,1378,2004,0.0,1096.0,-0.155523,-0.355142,MDA,IDN,6404
2043334,136,103,1378,2004,0.0,6142.0,-1.355542,-0.634409,MDG,IDN,6404
2043335,137,103,1378,2004,0.0,69125.0,-0.34020700000000004,-0.817298,MDV,IDN,6404
2043336,138,103,1378,2004,0.0,6739241.0,0.868684,0.85506,MEX,IDN,6404
2043337,140,103,1378,2004,0.0,1269.0,-0.091013,0.190649,MKD,IDN,6404
2043338,142,103,1378,2004,0.0,71223.0,1.251894,0.063827,MLT,IDN,6404
2043339,147,103,1378,2004,0.0,2240.0,-1.1010790000000001,-1.0942,MOZ,IDN,6404
2043340,149,103,1378,2004,0.0,3545.0,0.736775,-0.001405,MSR,IDN,6404
2043341,151,103,1378,2004,0.0,23162.0,-0.374754,-0.288504,MUS,IDN,6404
2043342,153,103,1378,2004,102696.0,1478683.0,0.6710050000000001,0.17807,MYS,IDN,6404
2043343,154,103,1378,2004,0.0,40530.0,1.179671,0.016149,MYT,IDN,6404
2043344,156,103,1378,2004,0.0,8419.0,-0.49824700000000005,-0.8284239999999999,NCL,IDN,6404
2043345,159,103,1378,2004,0.0,75694.0,-2.413432,-1.3033190000000001,NGA,IDN,6404
2043346,160,103,1378,2004,0.0,1992.0,-0.9789479999999999,-0.8374219999999999,NIC,IDN,6404
2043347,162,103,1378,2004,0.0,16445165.0,1.251808,1.586526,NLD,IDN,6404
2043348,163,103,1378,2004,0.0,121164.0,1.10162,0.118709,NOR,IDN,6404
2043349,166,103,1378,2004,0.0,296329.0,0.567392,0.965781,NZL,IDN,6404
2043350,168,103,1378,2004,0.0,91011.0,-0.754143,0.25995100000000004,PAK,IDN,6404
2043351,169,103,1378,2004,0.0,1855302.0,-0.011979,0.261315,PAN,IDN,6404
2043352,173,103,1378,2004,0.0,114226.0,-0.564244,0.131232,PER,IDN,6404
2043353,174,103,1378,2004,0.0,431411.0,-0.076709,-0.149006,PHL,IDN,6404
2043354,176,103,1378,2004,0.0,9020.0,-1.7599200000000002,-1.219971,PNG,IDN,6404
2043355,177,103,1378,2004,0.0,231759.0,1.019341,1.519452,POL,IDN,6404
2043356,179,103,1378,2004,0.0,191404.0,0.524524,1.901139,PRT,IDN,6404
2043357,180,103,1378,2004,0.0,21480.0,-0.64574,-0.978875,PRY,IDN,6404
2043358,182,103,1378,2004,0.0,39884.0,-0.414954,-0.773736,PYF,IDN,6404
2043359,183,103,1378,2004,0.0,62024.0,0.21713400000000002,-1.031806,QAT,IDN,6404
2043360,185,103,1378,2004,0.0,235569.0,0.37241599999999997,1.015865,ROU,IDN,6404
2043361,186,103,1378,2004,0.0,673749.0,0.8952399999999999,0.172896,RUS,IDN,6404
2043362,188,103,1378,2004,0.0,173946.0,0.546196,-0.7014729999999999,SAU,IDN,6404
2043363,189,103,1378,2004,0.0,51408.0,0.628071,2.210424,SCG,IDN,6404
2043364,190,103,1378,2004,0.0,2241.0,-1.5346309999999999,-1.2599559999999999,SDN,IDN,6404
2043365,192,103,1378,2004,5119131.0,3041576.0,1.6409779999999998,0.634947,SGP,IDN,6404
2043366,194,103,1378,2004,0.0,94910.0,1.33404,0.133851,SHN,IDN,6404
2043367,197,103,1378,2004,0.0,7628.0,-0.20529499999999998,0.1116,SLV,IDN,6404
2043368,206,103,1378,2004,0.0,223875.0,1.2375120000000002,0.8777889999999999,SVK,IDN,6404
2043369,207,103,1378,2004,0.0,49418.0,1.628643,1.02381,SVN,IDN,6404
2043370,208,103,1378,2004,0.0,981000.0,2.0522080000000003,0.8326969999999999,SWE,IDN,6404
2043371,212,103,1378,2004,0.0,5741.0,-0.568707,-0.034736,SYR,IDN,6404
2043372,215,103,1378,2004,0.0,9615.0,-0.6788270000000001,-0.482984,TGO,IDN,6404
2043373,216,103,1378,2004,8704.0,1634258.0,0.5150359999999999,1.583019,THA,IDN,6404
2043374,220,103,1378,2004,0.0,9436.0,0.935424,-0.080261,TLS,IDN,6404
2043375,223,103,1378,2004,0.0,82529.0,-0.195751,0.335147,TUN,IDN,6404
2043376,224,103,1378,2004,0.0,2020850.0,0.141454,1.9463599999999999,TUR,IDN,6404
2043377,226,103,1378,2004,0.0,75410.0,-1.022658,-0.007045999999999999,TZA,IDN,6404
2043378,228,103,1378,2004,0.0,42502.0,0.8758040000000001,0.8195879999999999,UKR,IDN,6404
2043379,230,103,1378,2004,0.0,110610.0,0.151633,0.121776,URY,IDN,6404
2043380,231,103,1378,2004,45728.0,16887959.0,1.7598630000000002,0.066704,USA,IDN,6404
2043381,236,103,1378,2004,0.0,1837494.0,0.048698000000000005,-0.899776,VEN,IDN,6404
2043382,239,103,1378,2004,198977.0,32418.0,-0.5270560000000001,0.8910389999999999,VNM,IDN,6404
2043383,243,103,1378,2004,0.0,81750.0,-1.15115,-1.207897,YEM,IDN,6404
2043384,246,103,1378,2004,0.0,2914093.0,0.460279,1.9736220000000002,ZAF,IDN,6404
2043385,248,103,1378,2004,0.0,14533.0,-0.560593,-0.091112,ZWE,IDN,6404
2043386,249,103,1378,2004,12921.0,1224863.0,1.626307,1.358315,TWN,IDN,6404
2043387,5,104,1378,2004,0.0,133.0,1.268618,0.835359,AND,IND,6404
2043388,7,104,1378,2004,3394.0,532385.0,0.1799,-0.34541900000000003,ARE,IND,6404
2043389,8,104,1378,2004,0.0,10835.0,0.28128600000000004,0.64115,ARG,IND,6404
2043390,14,104,1378,2004,6681.0,319464.0,0.196641,0.8139460000000001,AUS,IND,6404
2043391,15,104,1378,2004,24669.0,152592.0,1.825391,0.40553,AUT,IND,6404
2043392,18,104,1378,2004,5881.0,356079.0,1.350911,1.408209,BEL,IND,6404
2043393,22,104,1378,2004,0.0,385279.0,-1.150444,-0.885333,BGD,IND,6404
2043394,23,104,1378,2004,0.0,1423.0,0.35536,1.499182,BGR,IND,6404
2043395,24,104,1378,2004,0.0,11079.0,0.045344999999999996,-1.001059,BHR,IND,6404
2043396,26,104,1378,2004,0.0,2871.0,0.385952,0.571774,BIH,IND,6404
2043397,32,104,1378,2004,0.0,5928.0,0.540718,1.149065,BRA,IND,6404
2043398,39,104,1378,2004,0.0,658931.0,0.9392739999999999,1.19228,CAN,IND,6404
2043399,41,104,1378,2004,13131.0,57410.0,2.151471,0.7196279999999999,CHE,IND,6404
2043400,42,104,1378,2004,0.0,142056.0,-0.07869,-0.33641,CHL,IND,6404
2043401,43,104,1378,2004,1417306.0,2845.0,0.581548,2.8689880000000003,CHN,IND,6404
2043402,44,104,1378,2004,0.0,2622.0,-0.8490979999999999,-0.754732,CIV,IND,6404
2043403,45,104,1378,2004,0.0,5358.0,-1.604916,-1.217399,CMR,IND,6404
2043404,49,104,1378,2004,0.0,11420.0,0.033128,0.47524799999999995,COL,IND,6404
2043405,58,104,1378,2004,0.0,35683.0,0.533521,0.615939,CYP,IND,6404
2043406,59,104,1378,2004,0.0,71512.0,1.562625,0.865244,CZE,IND,6404
2043407,61,104,1378,2004,1913.0,4634729.0,2.266076,-2.011139,DEU,IND,6404
2043408,62,104,1378,2004,0.0,6786.0,-0.12463699999999998,-0.304559,DJI,IND,6404
2043409,64,104,1378,2004,0.0,804360.0,1.328968,1.262743,DNK,IND,6404
2043410,66,104,1378,2004,0.0,115168.0,-0.725066,-1.163606,DZA,IND,6404
2043411,71,104,1378,2004,40200.0,1677518.0,0.9784649999999999,2.051216,ESP,IND,6404
2043412,72,104,1378,2004,0.0,13973.0,0.6101840000000001,0.9520370000000001,EST,IND,6404
2043413,74,104,1378,2004,0.0,104455.0,2.000218,0.9867309999999999,FIN,IND,6404
2043414,75,104,1378,2004,0.0,9886.0,-0.8870969999999999,-0.287427,FJI,IND,6404
2043415,77,104,1378,2004,2190.0,2995661.0,1.6003530000000001,0.643945,FRA,IND,6404
2043416,80,104,1378,2004,0.0,33931.0,-0.700329,-1.137018,GAB,IND,6404
2043417,81,104,1378,2004,31826.0,7200101.0,1.843506,0.684779,GBR,IND,6404
2043418,85,104,1378,2004,0.0,13403.0,-1.314543,-1.155153,GIN,IND,6404
2043419,87,104,1378,2004,0.0,5468.0,-0.135943,-0.226541,GMB,IND,6404
2043420,90,104,1378,2004,3737.0,1107318.0,0.348853,1.661656,GRC,IND,6404
2043421,97,104,1378,2004,130012.0,10953.0,0.604825,2.098745,HKG,IND,6404
2043422,100,104,1378,2004,0.0,12730.0,0.6669970000000001,1.088043,HRV,IND,6404
2043423,102,104,1378,2004,0.0,131248.0,1.207082,1.019714,HUN,IND,6404
2043424,103,104,1378,2004,717481.0,0.0,-0.223644,1.719065,IDN,IND,6404
2043425,106,104,1378,2004,0.0,69226.0,1.501859,0.14456,IRL,IND,6404
2043426,107,104,1378,2004,0.0,36156.0,-0.38210700000000003,-0.8408620000000001,IRN,IND,6404
2043427,109,104,1378,2004,0.0,6675.0,0.298844,-0.36366,ISL,IND,6404
2043428,110,104,1378,2004,0.0,96563.0,1.250393,0.8003979999999999,ISR,IND,6404
2043429,111,104,1378,2004,54342.0,3821901.0,1.358057,1.11533,ITA,IND,6404
2043430,112,104,1378,2004,0.0,2190.0,-0.64957,-0.944183,JAM,IND,6404
2043431,113,104,1378,2004,0.0,1066.0,0.152989,0.385845,JOR,IND,6404
2043432,114,104,1378,2004,23307.0,97304.0,2.526624,0.452054,JPN,IND,6404
2043433,116,104,1378,2004,0.0,2903.0,-0.503694,0.410495,KEN,IND,6404
2043434,121,104,1378,2004,2671.0,3794.0,1.3624690000000002,0.928342,KOR,IND,6404
2043435,122,104,1378,2004,0.0,13223.0,-0.481908,-1.172081,KWT,IND,6404
2043436,124,104,1378,2004,0.0,55594.0,0.32409899999999997,1.037024,LBN,IND,6404
2043437,128,104,1378,2004,30371.0,83726.0,-0.658668,0.21912600000000002,LKA,IND,6404
2043438,130,104,1378,2004,0.0,12442.0,0.403568,0.632707,LTU,IND,6404
2043439,132,104,1378,2004,0.0,29991.0,0.413821,0.627853,LVA,IND,6404
2043440,134,104,1378,2004,0.0,4480.0,-0.681556,-0.152372,MAR,IND,6404
2043441,135,104,1378,2004,0.0,2620.0,-0.155523,-0.355142,MDA,IND,6404
2043442,138,104,1378,2004,0.0,36489.0,0.868684,0.85506,MEX,IND,6404
2043443,142,104,1378,2004,0.0,21792.0,1.251894,0.063827,MLT,IND,6404
2043444,147,104,1378,2004,0.0,161839.0,-1.1010790000000001,-1.0942,MOZ,IND,6404
2043445,151,104,1378,2004,0.0,46044.0,-0.374754,-0.288504,MUS,IND,6404
2043446,153,104,1378,2004,1336536.0,3354.0,0.6710050000000001,0.17807,MYS,IND,6404
2043447,154,104,1378,2004,0.0,17773.0,1.179671,0.016149,MYT,IND,6404
2043448,156,104,1378,2004,0.0,2163.0,-0.49824700000000005,-0.8284239999999999,NCL,IND,6404
2043449,162,104,1378,2004,0.0,788075.0,1.251808,1.586526,NLD,IND,6404
2043450,163,104,1378,2004,0.0,77582.0,1.10162,0.118709,NOR,IND,6404
2043451,164,104,1378,2004,855058.0,24445.0,-0.323954,0.5528,NPL,IND,6404
2043452,166,104,1378,2004,0.0,7983.0,0.567392,0.965781,NZL,IND,6404
2043453,167,104,1378,2004,0.0,7321.0,-0.62946,-1.108933,OMN,IND,6404
2043454,173,104,1378,2004,0.0,3271.0,-0.564244,0.131232,PER,IND,6404
2043455,174,104,1378,2004,10387.0,0.0,-0.076709,-0.149006,PHL,IND,6404
2043456,177,104,1378,2004,0.0,109611.0,1.019341,1.519452,POL,IND,6404
2043457,179,104,1378,2004,3519.0,965090.0,0.524524,1.901139,PRT,IND,6404
2043458,182,104,1378,2004,0.0,5087.0,-0.414954,-0.773736,PYF,IND,6404
2043459,183,104,1378,2004,0.0,215954.0,0.21713400000000002,-1.031806,QAT,IND,6404
2043460,185,104,1378,2004,0.0,3268.0,0.37241599999999997,1.015865,ROU,IND,6404
2043461,186,104,1378,2004,0.0,32840.0,0.8952399999999999,0.172896,RUS,IND,6404
2043462,188,104,1378,2004,0.0,121843.0,0.546196,-0.7014729999999999,SAU,IND,6404
2043463,189,104,1378,2004,0.0,13132.0,0.628071,2.210424,SCG,IND,6404
2043464,190,104,1378,2004,0.0,11541.0,-1.5346309999999999,-1.2599559999999999,SDN,IND,6404
2043465,191,104,1378,2004,0.0,5825.0,-0.527127,-0.368631,SEN,IND,6404
2043466,192,104,1378,2004,43312.0,64117.0,1.6409779999999998,0.634947,SGP,IND,6404
2043467,206,104,1378,2004,0.0,83443.0,1.2375120000000002,0.8777889999999999,SVK,IND,6404
2043468,207,104,1378,2004,0.0,48028.0,1.628643,1.02381,SVN,IND,6404
2043469,208,104,1378,2004,0.0,977618.0,2.0522080000000003,0.8326969999999999,SWE,IND,6404
2043470,211,104,1378,2004,0.0,1353.0,-0.12954100000000002,-0.713507,SYC,IND,6404
2043471,216,104,1378,2004,494520.0,13621.0,0.5150359999999999,1.583019,THA,IND,6404
2043472,222,104,1378,2004,0.0,6160.0,0.00677,-0.965385,TTO,IND,6404
2043473,223,104,1378,2004,0.0,2307.0,-0.195751,0.335147,TUN,IND,6404
2043474,224,104,1378,2004,0.0,182192.0,0.141454,1.9463599999999999,TUR,IND,6404
2043475,226,104,1378,2004,0.0,4152.0,-1.022658,-0.007045999999999999,TZA,IND,6404
2043476,227,104,1378,2004,0.0,35584.0,-0.914733,-0.554346,UGA,IND,6404
2043477,228,104,1378,2004,0.0,9380.0,0.8758040000000001,0.8195879999999999,UKR,IND,6404
2043478,231,104,1378,2004,46810.0,2120026.0,1.7598630000000002,0.066704,USA,IND,6404
2043479,236,104,1378,2004,0.0,34275.0,0.048698000000000005,-0.899776,VEN,IND,6404
2043480,239,104,1378,2004,749084.0,0.0,-0.5270560000000001,0.8910389999999999,VNM,IND,6404
2043481,243,104,1378,2004,0.0,3988.0,-1.15115,-1.207897,YEM,IND,6404
2043482,246,104,1378,2004,2307.0,994528.0,0.460279,1.9736220000000002,ZAF,IND,6404
2043483,247,104,1378,2004,0.0,43393.0,-0.9972190000000001,-0.853986,ZMB,IND,6404
2043484,249,104,1378,2004,34118.0,68242.0,1.626307,1.358315,TWN,IND,6404
2043485,250,104,1378,2004,134504.0,0.0,0.509382,-0.30904299999999996,ANS,IND,6404
2043486,7,106,1378,2004,0.0,91953.0,0.1799,-0.34541900000000003,ARE,IRL,6404
2043487,8,106,1378,2004,1871.0,0.0,0.28128600000000004,0.64115,ARG,IRL,6404
2043488,14,106,1378,2004,7386.0,47140.0,0.196641,0.8139460000000001,AUS,IRL,6404
2043489,15,106,1378,2004,334874.0,15178.0,1.825391,0.40553,AUT,IRL,6404
2043490,18,106,1378,2004,9552941.0,234495.0,1.350911,1.408209,BEL,IRL,6404
2043491,19,106,1378,2004,0.0,48574.0,-1.299345,-0.9871260000000001,BEN,IRL,6404
2043492,23,106,1378,2004,33194.0,0.0,0.35536,1.499182,BGR,IRL,6404
2043493,28,106,1378,2004,0.0,1658.0,0.8553139999999999,0.703926,BLR,IRL,6404
2043494,32,106,1378,2004,19928.0,0.0,0.540718,1.149065,BRA,IRL,6404
2043495,33,106,1378,2004,0.0,8552.0,0.8541559999999999,0.25895799999999997,BRB,IRL,6404
2043496,39,106,1378,2004,3689.0,3181.0,0.9392739999999999,1.19228,CAN,IRL,6404
2043497,41,106,1378,2004,41772.0,0.0,2.151471,0.7196279999999999,CHE,IRL,6404
2043498,43,106,1378,2004,3472529.0,19010.0,0.581548,2.8689880000000003,CHN,IRL,6404
2043499,44,106,1378,2004,0.0,10801.0,-0.8490979999999999,-0.754732,CIV,IRL,6404
2043500,61,106,1378,2004,1631986.0,42842.0,2.266076,-2.011139,DEU,IRL,6404
2043501,64,106,1378,2004,262649.0,0.0,1.328968,1.262743,DNK,IRL,6404
2043502,71,106,1378,2004,797160.0,34815.0,0.9784649999999999,2.051216,ESP,IRL,6404
2043503,74,106,1378,2004,0.0,11609.0,2.000218,0.9867309999999999,FIN,IRL,6404
2043504,77,106,1378,2004,612583.0,134545.0,1.6003530000000001,0.643945,FRA,IRL,6404
2043505,81,106,1378,2004,28268061.0,4367547.0,1.843506,0.684779,GBR,IRL,6404
2043506,83,106,1378,2004,0.0,270266.0,-1.2972540000000001,-0.9967219999999999,GHA,IRL,6404
2043507,97,106,1378,2004,574020.0,0.0,0.604825,2.098745,HKG,IRL,6404
2043508,102,106,1378,2004,0.0,4780.0,1.207082,1.019714,HUN,IRL,6404
2043509,103,106,1378,2004,490969.0,0.0,-0.223644,1.719065,IDN,IRL,6404
2043510,104,106,1378,2004,69226.0,0.0,0.233348,2.790987,IND,IRL,6404
2043511,109,106,1378,2004,0.0,7079.0,0.298844,-0.36366,ISL,IRL,6404
2043512,110,106,1378,2004,0.0,70370.0,1.250393,0.8003979999999999,ISR,IRL,6404
2043513,111,106,1378,2004,1325856.0,162362.0,1.358057,1.11533,ITA,IRL,6404
2043514,114,106,1378,2004,7055.0,35241.0,2.526624,0.452054,JPN,IRL,6404
2043515,116,106,1378,2004,0.0,14779.0,-0.503694,0.410495,KEN,IRL,6404
2043516,118,106,1378,2004,26663.0,0.0,-1.4676209999999998,-1.1972639999999999,KHM,IRL,6404
2043517,121,106,1378,2004,25808.0,0.0,1.3624690000000002,0.928342,KOR,IRL,6404
2043518,123,106,1378,2004,79073.0,0.0,-1.274622,-1.082807,LAO,IRL,6404
2043519,128,106,1378,2004,836.0,0.0,-0.658668,0.21912600000000002,LKA,IRL,6404
2043520,133,106,1378,2004,89737.0,0.0,-0.351045,-0.487521,MAC,IRL,6404
2043521,153,106,1378,2004,4201.0,0.0,0.6710050000000001,0.17807,MYS,IRL,6404
2043522,159,106,1378,2004,0.0,17407.0,-2.413432,-1.3033190000000001,NGA,IRL,6404
2043523,162,106,1378,2004,5409134.0,76935.0,1.251808,1.586526,NLD,IRL,6404
2043524,163,106,1378,2004,16580.0,0.0,1.10162,0.118709,NOR,IRL,6404
2043525,168,106,1378,2004,13968.0,21343.0,-0.754143,0.25995100000000004,PAK,IRL,6404
2043526,174,106,1378,2004,30694.0,0.0,-0.076709,-0.149006,PHL,IRL,6404
2043527,177,106,1378,2004,2572.0,0.0,1.019341,1.519452,POL,IRL,6404
2043528,179,106,1378,2004,480042.0,1765.0,0.524524,1.901139,PRT,IRL,6404
2043529,185,106,1378,2004,63599.0,0.0,0.37241599999999997,1.015865,ROU,IRL,6404
2043530,189,106,1378,2004,0.0,30194.0,0.628071,2.210424,SCG,IRL,6404
2043531,206,106,1378,2004,4918.0,0.0,1.2375120000000002,0.8777889999999999,SVK,IRL,6404
2043532,208,106,1378,2004,62066.0,1836.0,2.0522080000000003,0.8326969999999999,SWE,IRL,6404
2043533,215,106,1378,2004,0.0,185457.0,-0.6788270000000001,-0.482984,TGO,IRL,6404
2043534,216,106,1378,2004,254375.0,0.0,0.5150359999999999,1.583019,THA,IRL,6404
2043535,223,106,1378,2004,5937.0,0.0,-0.195751,0.335147,TUN,IRL,6404
2043536,224,106,1378,2004,48657.0,0.0,0.141454,1.9463599999999999,TUR,IRL,6404
2043537,228,106,1378,2004,2838.0,0.0,0.8758040000000001,0.8195879999999999,UKR,IRL,6404
2043538,231,106,1378,2004,25790.0,18325.0,1.7598630000000002,0.066704,USA,IRL,6404
2043539,239,106,1378,2004,3125776.0,0.0,-0.5270560000000001,0.8910389999999999,VNM,IRL,6404
2043540,246,106,1378,2004,0.0,97464.0,0.460279,1.9736220000000002,ZAF,IRL,6404
2043541,249,106,1378,2004,467128.0,0.0,1.626307,1.358315,TWN,IRL,6404
2043542,250,106,1378,2004,571614.0,17756.0,0.509382,-0.30904299999999996,ANS,IRL,6404
2043543,14,110,1378,2004,181014.0,65577.0,0.196641,0.8139460000000001,AUS,ISR,6404
2043544,15,110,1378,2004,103745.0,0.0,1.825391,0.40553,AUT,ISR,6404
2043545,18,110,1378,2004,16725.0,41717.0,1.350911,1.408209,BEL,ISR,6404
2043546,32,110,1378,2004,252853.0,8467.0,0.540718,1.149065,BRA,ISR,6404
2043547,39,110,1378,2004,5508.0,19739.0,0.9392739999999999,1.19228,CAN,ISR,6404
2043548,41,110,1378,2004,39373.0,12648.0,2.151471,0.7196279999999999,CHE,ISR,6404
2043549,43,110,1378,2004,5798331.0,0.0,0.581548,2.8689880000000003,CHN,ISR,6404
2043550,44,110,1378,2004,0.0,809.0,-0.8490979999999999,-0.754732,CIV,ISR,6404
2043551,58,110,1378,2004,0.0,3499.0,0.533521,0.615939,CYP,ISR,6404
2043552,59,110,1378,2004,0.0,13972.0,1.562625,0.865244,CZE,ISR,6404
2043553,61,110,1378,2004,108405.0,182954.0,2.266076,-2.011139,DEU,ISR,6404
2043554,64,110,1378,2004,1356.0,37340.0,1.328968,1.262743,DNK,ISR,6404
2043555,71,110,1378,2004,619710.0,104027.0,0.9784649999999999,2.051216,ESP,ISR,6404
2043556,74,110,1378,2004,0.0,20200.0,2.000218,0.9867309999999999,FIN,ISR,6404
2043557,77,110,1378,2004,188359.0,118978.0,1.6003530000000001,0.643945,FRA,ISR,6404
2043558,81,110,1378,2004,582957.0,2775.0,1.843506,0.684779,GBR,ISR,6404
2043559,82,110,1378,2004,0.0,967.0,0.381348,-0.44259,GEO,ISR,6404
2043560,90,110,1378,2004,0.0,11463.0,0.348853,1.661656,GRC,ISR,6404
2043561,97,110,1378,2004,1929283.0,20979.0,0.604825,2.098745,HKG,ISR,6404
2043562,102,110,1378,2004,0.0,12842.0,1.207082,1.019714,HUN,ISR,6404
2043563,103,110,1378,2004,5694.0,0.0,-0.223644,1.719065,IDN,ISR,6404
2043564,104,110,1378,2004,96563.0,0.0,0.233348,2.790987,IND,ISR,6404
2043565,106,110,1378,2004,70370.0,0.0,1.501859,0.14456,IRL,ISR,6404
2043566,108,110,1378,2004,0.0,10000.0,-0.8852559999999999,-0.907136,IRQ,ISR,6404
2043567,111,110,1378,2004,437083.0,1984.0,1.358057,1.11533,ITA,ISR,6404
2043568,114,110,1378,2004,7633.0,17522.0,2.526624,0.452054,JPN,ISR,6404
2043569,153,110,1378,2004,8228.0,0.0,0.6710050000000001,0.17807,MYS,ISR,6404
2043570,159,110,1378,2004,7065.0,0.0,-2.413432,-1.3033190000000001,NGA,ISR,6404
2043571,162,110,1378,2004,325909.0,61811.0,1.251808,1.586526,NLD,ISR,6404
2043572,163,110,1378,2004,0.0,4841.0,1.10162,0.118709,NOR,ISR,6404
2043573,166,110,1378,2004,0.0,2016.0,0.567392,0.965781,NZL,ISR,6404
2043574,173,110,1378,2004,0.0,4001.0,-0.564244,0.131232,PER,ISR,6404
2043575,177,110,1378,2004,0.0,1550.0,1.019341,1.519452,POL,ISR,6404
2043576,179,110,1378,2004,54755.0,7795.0,0.524524,1.901139,PRT,ISR,6404
2043577,186,110,1378,2004,2143.0,0.0,0.8952399999999999,0.172896,RUS,ISR,6404
2043578,192,110,1378,2004,3686.0,0.0,1.6409779999999998,0.634947,SGP,ISR,6404
2043579,216,110,1378,2004,77985.0,0.0,0.5150359999999999,1.583019,THA,ISR,6404
2043580,224,110,1378,2004,454466.0,0.0,0.141454,1.9463599999999999,TUR,ISR,6404
2043581,231,110,1378,2004,90801.0,90994.0,1.7598630000000002,0.066704,USA,ISR,6404
2043582,239,110,1378,2004,1229177.0,0.0,-0.5270560000000001,0.8910389999999999,VNM,ISR,6404
2043583,249,110,1378,2004,73879.0,0.0,1.626307,1.358315,TWN,ISR,6404
2043584,250,110,1378,2004,0.0,1000.0,0.509382,-0.30904299999999996,ANS,ISR,6404
2043585,0,111,1378,2004,0.0,11761.0,-0.30244099999999996,-0.892926,ABW,ITA,6404
2043586,4,111,1378,2004,247073.0,42148.0,-0.131892,0.14985199999999999,ALB,ITA,6404
2043587,5,111,1378,2004,1767.0,408183.0,1.268618,0.835359,AND,ITA,6404
2043588,6,111,1378,2004,0.0,18253.0,0.726256,-0.48520699999999994,ANT,ITA,6404
2043589,7,111,1378,2004,8143.0,783958.0,0.1799,-0.34541900000000003,ARE,ITA,6404
2043590,8,111,1378,2004,43945.0,63015.0,0.28128600000000004,0.64115,ARG,ITA,6404
2043591,9,111,1378,2004,0.0,30920.0,0.661799,-0.140004,ARM,ITA,6404
2043592,14,111,1378,2004,3745.0,2160126.0,0.196641,0.8139460000000001,AUS,ITA,6404
2043593,15,111,1378,2004,1616249.0,13563535.0,1.825391,0.40553,AUT,ITA,6404
2043594,16,111,1378,2004,0.0,128727.0,-0.393221,-0.9494440000000001,AZE,ITA,6404
2043595,17,111,1378,2004,0.0,3382.0,-0.939393,-0.919969,BDI,ITA,6404
2043596,18,111,1378,2004,160628820.0,9099541.0,1.350911,1.408209,BEL,ITA,6404
2043597,19,111,1378,2004,0.0,4662.0,-1.299345,-0.9871260000000001,BEN,ITA,6404
2043598,22,111,1378,2004,221293.0,86082.0,-1.150444,-0.885333,BGD,ITA,6404
2043599,23,111,1378,2004,5391942.0,367656.0,0.35536,1.499182,BGR,ITA,6404
2043600,24,111,1378,2004,0.0,120168.0,0.045344999999999996,-1.001059,BHR,ITA,6404
2043601,25,111,1378,2004,1090.0,24756.0,0.620432,-0.513724,BHS,ITA,6404
2043602,26,111,1378,2004,436133.0,142191.0,0.385952,0.571774,BIH,ITA,6404
2043603,28,111,1378,2004,0.0,7652.0,0.8553139999999999,0.703926,BLR,ITA,6404
2043604,30,111,1378,2004,0.0,3536.0,1.024248,-0.499122,BMU,ITA,6404
2043605,32,111,1378,2004,522435.0,163542.0,0.540718,1.149065,BRA,ITA,6404
2043606,39,111,1378,2004,13242.0,1919235.0,0.9392739999999999,1.19228,CAN,ITA,6404
2043607,41,111,1378,2004,563320.0,57966491.0,2.151471,0.7196279999999999,CHE,ITA,6404
2043608,42,111,1378,2004,18138.0,107341.0,-0.07869,-0.33641,CHL,ITA,6404
2043609,43,111,1378,2004,85193221.0,430779.0,0.581548,2.8689880000000003,CHN,ITA,6404
2043610,44,111,1378,2004,7041.0,26918.0,-0.8490979999999999,-0.754732,CIV,ITA,6404
2043611,45,111,1378,2004,94551.0,119741.0,-1.604916,-1.217399,CMR,ITA,6404
2043612,47,111,1378,2004,0.0,1797.0,-1.610222,-1.184921,COG,ITA,6404
2043613,49,111,1378,2004,0.0,45487.0,0.033128,0.47524799999999995,COL,ITA,6404
2043614,52,111,1378,2004,0.0,7999.0,-0.043266000000000006,-0.376239,CRI,ITA,6404
2043615,54,111,1378,2004,0.0,50204.0,-0.040541,-0.634675,CUB,ITA,6404
2043616,58,111,1378,2004,12316.0,739207.0,0.533521,0.615939,CYP,ITA,6404
2043617,59,111,1378,2004,72829.0,1357948.0,1.562625,0.865244,CZE,ITA,6404
2043618,61,111,1378,2004,16180157.0,64576568.0,2.266076,-2.011139,DEU,ITA,6404
2043619,64,111,1378,2004,231580.0,3444688.0,1.328968,1.262743,DNK,ITA,6404
2043620,65,111,1378,2004,257089.0,17935.0,-0.510025,-0.328257,DOM,ITA,6404
2043621,66,111,1378,2004,0.0,191945.0,-0.725066,-1.163606,DZA,ITA,6404
2043622,67,111,1378,2004,12011.0,18281.0,-1.149101,-1.013619,ECU,ITA,6404
2043623,68,111,1378,2004,0.0,269255.0,-0.300563,0.41834899999999997,EGY,ITA,6404
2043624,69,111,1378,2004,3718.0,0.0,0.48701400000000006,-0.094026,ERI,ITA,6404
2043625,71,111,1378,2004,15359163.0,23615389.0,0.9784649999999999,2.051216,ESP,ITA,6404
2043626,72,111,1378,2004,1352.0,78090.0,0.6101840000000001,0.9520370000000001,EST,ITA,6404
2043627,73,111,1378,2004,0.0,5816.0,-1.156284,-0.900874,ETH,ITA,6404
2043628,74,111,1378,2004,57113.0,2347638.0,2.000218,0.9867309999999999,FIN,ITA,6404
2043629,77,111,1378,2004,27425082.0,74884550.0,1.6003530000000001,0.643945,FRA,ITA,6404
2043630,78,111,1378,2004,0.0,11119.0,-1.026359,-0.960327,FRO,ITA,6404
2043631,81,111,1378,2004,8792092.0,24604119.0,1.843506,0.684779,GBR,ITA,6404
2043632,82,111,1378,2004,90851.0,71027.0,0.381348,-0.44259,GEO,ITA,6404
2043633,83,111,1378,2004,0.0,10780.0,-1.2972540000000001,-0.9967219999999999,GHA,ITA,6404
2043634,84,111,1378,2004,0.0,1068.0,0.466397,-0.627153,GIB,ITA,6404
2043635,90,111,1378,2004,164849.0,11024379.0,0.348853,1.661656,GRC,ITA,6404
2043636,93,111,1378,2004,0.0,11571.0,-0.46136000000000005,0.148122,GTM,ITA,6404
2043637,95,111,1378,2004,0.0,40221.0,0.13034500000000002,-0.40525700000000003,GUM,ITA,6404
2043638,97,111,1378,2004,458240.0,2172528.0,0.604825,2.098745,HKG,ITA,6404
2043639,99,111,1378,2004,0.0,3560.0,-0.75975,-0.548407,HND,ITA,6404
2043640,100,111,1378,2004,826620.0,5378048.0,0.6669970000000001,1.088043,HRV,ITA,6404
2043641,102,111,1378,2004,2971.0,1157248.0,1.207082,1.019714,HUN,ITA,6404
2043642,103,111,1378,2004,12983116.0,1681.0,-0.223644,1.719065,IDN,ITA,6404
2043643,104,111,1378,2004,3821901.0,54342.0,0.233348,2.790987,IND,ITA,6404
2043644,106,111,1378,2004,162362.0,1325856.0,1.501859,0.14456,IRL,ITA,6404
2043645,107,111,1378,2004,0.0,189614.0,-0.38210700000000003,-0.8408620000000001,IRN,ITA,6404
2043646,109,111,1378,2004,0.0,109825.0,0.298844,-0.36366,ISL,ITA,6404
2043647,110,111,1378,2004,1984.0,437083.0,1.250393,0.8003979999999999,ISR,ITA,6404
2043648,112,111,1378,2004,0.0,12673.0,-0.64957,-0.944183,JAM,ITA,6404
2043649,113,111,1378,2004,0.0,102350.0,0.152989,0.385845,JOR,ITA,6404
2043650,114,111,1378,2004,67446.0,6409315.0,2.526624,0.452054,JPN,ITA,6404
2043651,115,111,1378,2004,0.0,291276.0,-0.09288300000000001,-0.537664,KAZ,ITA,6404
2043652,116,111,1378,2004,1776.0,3981.0,-0.503694,0.410495,KEN,ITA,6404
2043653,117,111,1378,2004,0.0,15530.0,0.005121,0.176652,KGZ,ITA,6404
2043654,118,111,1378,2004,80603.0,0.0,-1.4676209999999998,-1.1972639999999999,KHM,ITA,6404
2043655,121,111,1378,2004,574505.0,1950099.0,1.3624690000000002,0.928342,KOR,ITA,6404
2043656,122,111,1378,2004,0.0,555565.0,-0.481908,-1.172081,KWT,ITA,6404
2043657,124,111,1378,2004,4631.0,789532.0,0.32409899999999997,1.037024,LBN,ITA,6404
2043658,125,111,1378,2004,0.0,12985.0,0.016191,-1.070051,LBR,ITA,6404
2043659,126,111,1378,2004,0.0,244668.0,-0.42119700000000004,-1.179463,LBY,ITA,6404
2043660,127,111,1378,2004,0.0,784.0,0.233152,-0.351169,LCA,ITA,6404
2043661,128,111,1378,2004,342258.0,0.0,-0.658668,0.21912600000000002,LKA,ITA,6404
2043662,130,111,1378,2004,0.0,223217.0,0.403568,0.632707,LTU,ITA,6404
2043663,131,111,1378,2004,480611.0,653859.0,1.37529,1.0172649999999999,LUX,ITA,6404
2043664,132,111,1378,2004,0.0,315405.0,0.413821,0.627853,LVA,ITA,6404
2043665,133,111,1378,2004,6410636.0,58195.0,-0.351045,-0.487521,MAC,ITA,6404
2043666,134,111,1378,2004,106663.0,61938.0,-0.681556,-0.152372,MAR,ITA,6404
2043667,135,111,1378,2004,0.0,258806.0,-0.155523,-0.355142,MDA,ITA,6404
2043668,136,111,1378,2004,0.0,5783.0,-1.355542,-0.634409,MDG,ITA,6404
2043669,138,111,1378,2004,21516.0,797259.0,0.868684,0.85506,MEX,ITA,6404
2043670,140,111,1378,2004,14099.0,35881.0,-0.091013,0.190649,MKD,ITA,6404
2043671,142,111,1378,2004,6940.0,426174.0,1.251894,0.063827,MLT,ITA,6404
2043672,143,111,1378,2004,454210.0,0.0,-1.400614,-0.947664,MMR,ITA,6404
2043673,147,111,1378,2004,0.0,1360.0,-1.1010790000000001,-1.0942,MOZ,ITA,6404
2043674,148,111,1378,2004,0.0,118232.0,-1.6173959999999998,-1.2925719999999998,MRT,ITA,6404
2043675,151,111,1378,2004,0.0,8964.0,-0.374754,-0.288504,MUS,ITA,6404
2043676,153,111,1378,2004,7649175.0,120877.0,0.6710050000000001,0.17807,MYS,ITA,6404
2043677,154,111,1378,2004,0.0,10447.0,1.179671,0.016149,MYT,ITA,6404
2043678,156,111,1378,2004,0.0,21087.0,-0.49824700000000005,-0.8284239999999999,NCL,ITA,6404
2043679,159,111,1378,2004,0.0,389723.0,-2.413432,-1.3033190000000001,NGA,ITA,6404
2043680,160,111,1378,2004,0.0,1421.0,-0.9789479999999999,-0.8374219999999999,NIC,ITA,6404
2043681,162,111,1378,2004,44657386.0,17691832.0,1.251808,1.586526,NLD,ITA,6404
2043682,163,111,1378,2004,1774.0,3857896.0,1.10162,0.118709,NOR,ITA,6404
2043683,164,111,1378,2004,18326.0,0.0,-0.323954,0.5528,NPL,ITA,6404
2043684,166,111,1378,2004,0.0,523411.0,0.567392,0.965781,NZL,ITA,6404
2043685,167,111,1378,2004,0.0,156509.0,-0.62946,-1.108933,OMN,ITA,6404
2043686,168,111,1378,2004,208383.0,9412.0,-0.754143,0.25995100000000004,PAK,ITA,6404
2043687,169,111,1378,2004,0.0,62739.0,-0.011979,0.261315,PAN,ITA,6404
2043688,173,111,1378,2004,0.0,12448.0,-0.564244,0.131232,PER,ITA,6404
2043689,174,111,1378,2004,141316.0,217118.0,-0.076709,-0.149006,PHL,ITA,6404
2043690,177,111,1378,2004,579785.0,1454937.0,1.019341,1.519452,POL,ITA,6404
2043691,178,111,1378,2004,0.0,4177.0,0.578991,0.781518,PRK,ITA,6404
2043692,179,111,1378,2004,1524330.0,3975314.0,0.524524,1.901139,PRT,ITA,6404
2043693,182,111,1378,2004,0.0,7691.0,-0.414954,-0.773736,PYF,ITA,6404
2043694,183,111,1378,2004,0.0,98683.0,0.21713400000000002,-1.031806,QAT,ITA,6404
2043695,185,111,1378,2004,42539348.0,816310.0,0.37241599999999997,1.015865,ROU,ITA,6404
2043696,186,111,1378,2004,209189.0,5620392.0,0.8952399999999999,0.172896,RUS,ITA,6404
2043697,187,111,1378,2004,0.0,1059.0,-1.3952870000000002,-0.950857,RWA,ITA,6404
2043698,188,111,1378,2004,0.0,778411.0,0.546196,-0.7014729999999999,SAU,ITA,6404
2043699,189,111,1378,2004,1660182.0,1231705.0,0.628071,2.210424,SCG,ITA,6404
2043700,191,111,1378,2004,0.0,5285.0,-0.527127,-0.368631,SEN,ITA,6404
2043701,192,111,1378,2004,920799.0,449790.0,1.6409779999999998,0.634947,SGP,ITA,6404
2043702,197,111,1378,2004,0.0,2286.0,-0.20529499999999998,0.1116,SLV,ITA,6404
2043703,205,111,1378,2004,0.0,3404.0,-0.991433,-0.926657,SUR,ITA,6404
2043704,206,111,1378,2004,5210749.0,649036.0,1.2375120000000002,0.8777889999999999,SVK,ITA,6404
2043705,207,111,1378,2004,50280.0,2299573.0,1.628643,1.02381,SVN,ITA,6404
2043706,208,111,1378,2004,173491.0,3725894.0,2.0522080000000003,0.8326969999999999,SWE,ITA,6404
2043707,211,111,1378,2004,0.0,5574.0,-0.12954100000000002,-0.713507,SYC,ITA,6404
2043708,212,111,1378,2004,262362.0,80277.0,-0.568707,-0.034736,SYR,ITA,6404
2043709,216,111,1378,2004,2927531.0,90954.0,0.5150359999999999,1.583019,THA,ITA,6404
2043710,221,111,1378,2004,14961.0,0.0,-0.639641,-0.798275,TON,ITA,6404
2043711,223,111,1378,2004,499682.0,279413.0,-0.195751,0.335147,TUN,ITA,6404
2043712,224,111,1378,2004,728821.0,2977106.0,0.141454,1.9463599999999999,TUR,ITA,6404
2043713,226,111,1378,2004,0.0,4656.0,-1.022658,-0.007045999999999999,TZA,ITA,6404
2043714,227,111,1378,2004,0.0,5685.0,-0.914733,-0.554346,UGA,ITA,6404
2043715,228,111,1378,2004,103376.0,985896.0,0.8758040000000001,0.8195879999999999,UKR,ITA,6404
2043716,230,111,1378,2004,0.0,47481.0,0.151633,0.121776,URY,ITA,6404
2043717,231,111,1378,2004,477931.0,61813516.0,1.7598630000000002,0.066704,USA,ITA,6404
2043718,232,111,1378,2004,0.0,10524.0,-0.50605,-0.824691,UZB,ITA,6404
2043719,233,111,1378,2004,0.0,3119.0,0.5171789999999999,-0.569032,VAT,ITA,6404
2043720,236,111,1378,2004,0.0,404912.0,0.048698000000000005,-0.899776,VEN,ITA,6404
2043721,239,111,1378,2004,40010132.0,17393.0,-0.5270560000000001,0.8910389999999999,VNM,ITA,6404
2043722,243,111,1378,2004,0.0,3889.0,-1.15115,-1.207897,YEM,ITA,6404
2043723,246,111,1378,2004,6437.0,236859.0,0.460279,1.9736220000000002,ZAF,ITA,6404
2043724,249,111,1378,2004,1314711.0,986863.0,1.626307,1.358315,TWN,ITA,6404
2043725,250,111,1378,2004,0.0,138171.0,0.509382,-0.30904299999999996,ANS,ITA,6404
2043726,6,112,1378,2004,33625.0,0.0,0.726256,-0.48520699999999994,ANT,JAM,6404
2043727,25,112,1378,2004,0.0,15423.0,0.620432,-0.513724,BHS,JAM,6404
2043728,32,112,1378,2004,26729.0,0.0,0.540718,1.149065,BRA,JAM,6404
2043729,43,112,1378,2004,375917.0,0.0,0.581548,2.8689880000000003,CHN,JAM,6404
2043730,61,112,1378,2004,24955.0,0.0,2.266076,-2.011139,DEU,JAM,6404
2043731,63,112,1378,2004,0.0,1752.0,0.322803,-0.000479,DMA,JAM,6404
2043732,64,112,1378,2004,11011.0,0.0,1.328968,1.262743,DNK,JAM,6404
2043733,77,112,1378,2004,0.0,4843.0,1.6003530000000001,0.643945,FRA,JAM,6404
2043734,81,112,1378,2004,54542.0,0.0,1.843506,0.684779,GBR,JAM,6404
2043735,93,112,1378,2004,4892.0,11838.0,-0.46136000000000005,0.148122,GTM,JAM,6404
2043736,97,112,1378,2004,96180.0,0.0,0.604825,2.098745,HKG,JAM,6404
2043737,104,112,1378,2004,2190.0,0.0,0.233348,2.790987,IND,JAM,6404
2043738,111,112,1378,2004,12673.0,0.0,1.358057,1.11533,ITA,JAM,6404
2043739,114,112,1378,2004,12862.0,0.0,2.526624,0.452054,JPN,JAM,6404
2043740,120,112,1378,2004,0.0,780.0,0.538271,-0.43505299999999997,KNA,JAM,6404
2043741,138,112,1378,2004,1184.0,0.0,0.868684,0.85506,MEX,JAM,6404
2043742,162,112,1378,2004,971.0,0.0,1.251808,1.586526,NLD,JAM,6404
2043743,168,112,1378,2004,7196.0,0.0,-0.754143,0.25995100000000004,PAK,JAM,6404
2043744,169,112,1378,2004,2647595.0,0.0,-0.011979,0.261315,PAN,JAM,6404
2043745,174,112,1378,2004,5704.0,0.0,-0.076709,-0.149006,PHL,JAM,6404
2043746,216,112,1378,2004,93295.0,0.0,0.5150359999999999,1.583019,THA,JAM,6404
2043747,231,112,1378,2004,362432.0,0.0,1.7598630000000002,0.066704,USA,JAM,6404
2043748,239,112,1378,2004,55095.0,0.0,-0.5270560000000001,0.8910389999999999,VNM,JAM,6404
2043749,249,112,1378,2004,116266.0,0.0,1.626307,1.358315,TWN,JAM,6404
2043750,250,112,1378,2004,1199524.0,0.0,0.509382,-0.30904299999999996,ANS,JAM,6404
2043751,7,114,1378,2004,0.0,9996.0,0.1799,-0.34541900000000003,ARE,JPN,6404
2043752,14,114,1378,2004,38002.0,40483.0,0.196641,0.8139460000000001,AUS,JPN,6404
2043753,15,114,1378,2004,99938.0,12503.0,1.825391,0.40553,AUT,JPN,6404
2043754,18,114,1378,2004,12988.0,49729.0,1.350911,1.408209,BEL,JPN,6404
2043755,22,114,1378,2004,588335.0,5157.0,-1.150444,-0.885333,BGD,JPN,6404
2043756,23,114,1378,2004,15979.0,0.0,0.35536,1.499182,BGR,JPN,6404
2043757,32,114,1378,2004,597586.0,4899.0,0.540718,1.149065,BRA,JPN,6404
2043758,39,114,1378,2004,58584.0,39835.0,0.9392739999999999,1.19228,CAN,JPN,6404
2043759,41,114,1378,2004,287416.0,8095.0,2.151471,0.7196279999999999,CHE,JPN,6404
2043760,43,114,1378,2004,358409918.0,214626.0,0.581548,2.8689880000000003,CHN,JPN,6404
2043761,45,114,1378,2004,9096.0,0.0,-1.604916,-1.217399,CMR,JPN,6404
2043762,49,114,1378,2004,0.0,1032.0,0.033128,0.47524799999999995,COL,JPN,6404
2043763,58,114,1378,2004,0.0,2395.0,0.533521,0.615939,CYP,JPN,6404
2043764,59,114,1378,2004,3210.0,0.0,1.562625,0.865244,CZE,JPN,6404
2043765,61,114,1378,2004,1002940.0,22684.0,2.266076,-2.011139,DEU,JPN,6404
2043766,64,114,1378,2004,129426.0,11803.0,1.328968,1.262743,DNK,JPN,6404
2043767,65,114,1378,2004,26333.0,0.0,-0.510025,-0.328257,DOM,JPN,6404
2043768,71,114,1378,2004,2126791.0,10047.0,0.9784649999999999,2.051216,ESP,JPN,6404
2043769,74,114,1378,2004,5630.0,33443.0,2.000218,0.9867309999999999,FIN,JPN,6404
2043770,77,114,1378,2004,2205310.0,259432.0,1.6003530000000001,0.643945,FRA,JPN,6404
2043771,79,114,1378,2004,0.0,1484.0,-1.647605,-1.093832,FSM,JPN,6404
2043772,81,114,1378,2004,1466787.0,40848.0,1.843506,0.684779,GBR,JPN,6404
2043773,82,114,1378,2004,0.0,5179.0,0.381348,-0.44259,GEO,JPN,6404
2043774,90,114,1378,2004,8383.0,1508.0,0.348853,1.661656,GRC,JPN,6404
2043775,93,114,1378,2004,0.0,3877.0,-0.46136000000000005,0.148122,GTM,JPN,6404
2043776,97,114,1378,2004,5441069.0,1539354.0,0.604825,2.098745,HKG,JPN,6404
2043777,103,114,1378,2004,19754722.0,5113.0,-0.223644,1.719065,IDN,JPN,6404
2043778,104,114,1378,2004,97304.0,23307.0,0.233348,2.790987,IND,JPN,6404
2043779,106,114,1378,2004,35241.0,7055.0,1.501859,0.14456,IRL,JPN,6404
2043780,110,114,1378,2004,17522.0,7633.0,1.250393,0.8003979999999999,ISR,JPN,6404
2043781,111,114,1378,2004,6409315.0,67446.0,1.358057,1.11533,ITA,JPN,6404
2043782,112,114,1378,2004,0.0,12862.0,-0.64957,-0.944183,JAM,JPN,6404
2043783,118,114,1378,2004,61964.0,9490.0,-1.4676209999999998,-1.1972639999999999,KHM,JPN,6404
2043784,121,114,1378,2004,5055563.0,979853.0,1.3624690000000002,0.928342,KOR,JPN,6404
2043785,122,114,1378,2004,0.0,9441.0,-0.481908,-1.172081,KWT,JPN,6404
2043786,123,114,1378,2004,55615.0,0.0,-1.274622,-1.082807,LAO,JPN,6404
2043787,128,114,1378,2004,135622.0,0.0,-0.658668,0.21912600000000002,LKA,JPN,6404
2043788,130,114,1378,2004,6859.0,0.0,0.403568,0.632707,LTU,JPN,6404
2043789,131,114,1378,2004,3550.0,0.0,1.37529,1.0172649999999999,LUX,JPN,6404
2043790,133,114,1378,2004,0.0,7839.0,-0.351045,-0.487521,MAC,JPN,6404
2043791,134,114,1378,2004,40591.0,0.0,-0.681556,-0.152372,MAR,JPN,6404
2043792,138,114,1378,2004,60785.0,0.0,0.868684,0.85506,MEX,JPN,6404
2043793,143,114,1378,2004,288402.0,0.0,-1.400614,-0.947664,MMR,JPN,6404
2043794,151,114,1378,2004,2813.0,0.0,-0.374754,-0.288504,MUS,JPN,6404
2043795,153,114,1378,2004,133399.0,54466.0,0.6710050000000001,0.17807,MYS,JPN,6404
2043796,162,114,1378,2004,71474.0,95309.0,1.251808,1.586526,NLD,JPN,6404
2043797,163,114,1378,2004,22474.0,0.0,1.10162,0.118709,NOR,JPN,6404
2043798,164,114,1378,2004,58589.0,0.0,-0.323954,0.5528,NPL,JPN,6404
2043799,166,114,1378,2004,22724.0,4804.0,0.567392,0.965781,NZL,JPN,6404
2043800,168,114,1378,2004,5667.0,1464.0,-0.754143,0.25995100000000004,PAK,JPN,6404
2043801,173,114,1378,2004,14502.0,0.0,-0.564244,0.131232,PER,JPN,6404
2043802,174,114,1378,2004,4034088.0,217099.0,-0.076709,-0.149006,PHL,JPN,6404
2043803,179,114,1378,2004,620711.0,36811.0,0.524524,1.901139,PRT,JPN,6404
2043804,183,114,1378,2004,0.0,3731.0,0.21713400000000002,-1.031806,QAT,JPN,6404
2043805,185,114,1378,2004,633937.0,0.0,0.37241599999999997,1.015865,ROU,JPN,6404
2043806,186,114,1378,2004,163148.0,5573.0,0.8952399999999999,0.172896,RUS,JPN,6404
2043807,192,114,1378,2004,3239207.0,314325.0,1.6409779999999998,0.634947,SGP,JPN,6404
2043808,197,114,1378,2004,0.0,1349.0,-0.20529499999999998,0.1116,SLV,JPN,6404
2043809,206,114,1378,2004,231704.0,0.0,1.2375120000000002,0.8777889999999999,SVK,JPN,6404
2043810,208,114,1378,2004,5096.0,8800.0,2.0522080000000003,0.8326969999999999,SWE,JPN,6404
2043811,216,114,1378,2004,10694540.0,82756.0,0.5150359999999999,1.583019,THA,JPN,6404
2043812,224,114,1378,2004,17203.0,0.0,0.141454,1.9463599999999999,TUR,JPN,6404
2043813,231,114,1378,2004,3874029.0,696257.0,1.7598630000000002,0.066704,USA,JPN,6404
2043814,236,114,1378,2004,0.0,154181.0,0.048698000000000005,-0.899776,VEN,JPN,6404
2043815,239,114,1378,2004,24075782.0,62137.0,-0.5270560000000001,0.8910389999999999,VNM,JPN,6404
2043816,246,114,1378,2004,0.0,10434.0,0.460279,1.9736220000000002,ZAF,JPN,6404
2043817,249,114,1378,2004,3114425.0,760236.0,1.626307,1.358315,TWN,JPN,6404
2043818,7,121,1378,2004,15198.0,91997.0,0.1799,-0.34541900000000003,ARE,KOR,6404
2043819,14,121,1378,2004,26415.0,128132.0,0.196641,0.8139460000000001,AUS,KOR,6404
2043820,15,121,1378,2004,9700.0,352287.0,1.825391,0.40553,AUT,KOR,6404
2043821,18,121,1378,2004,27814.0,22111.0,1.350911,1.408209,BEL,KOR,6404
2043822,22,121,1378,2004,57117.0,69152.0,-1.150444,-0.885333,BGD,KOR,6404
2043823,23,121,1378,2004,0.0,7215.0,0.35536,1.499182,BGR,KOR,6404
2043824,24,121,1378,2004,0.0,2434.0,0.045344999999999996,-1.001059,BHR,KOR,6404
2043825,31,121,1378,2004,0.0,1090.0,-0.9288489999999999,-0.929884,BOL,KOR,6404
2043826,32,121,1378,2004,41842.0,742182.0,0.540718,1.149065,BRA,KOR,6404
2043827,39,121,1378,2004,4506.0,115726.0,0.9392739999999999,1.19228,CAN,KOR,6404
2043828,41,121,1378,2004,101581.0,72836.0,2.151471,0.7196279999999999,CHE,KOR,6404
2043829,42,121,1378,2004,0.0,18100.0,-0.07869,-0.33641,CHL,KOR,6404
2043830,43,121,1378,2004,32944007.0,446615.0,0.581548,2.8689880000000003,CHN,KOR,6404
2043831,45,121,1378,2004,957.0,18913.0,-1.604916,-1.217399,CMR,KOR,6404
2043832,47,121,1378,2004,0.0,5976.0,-1.610222,-1.184921,COG,KOR,6404
2043833,49,121,1378,2004,0.0,45084.0,0.033128,0.47524799999999995,COL,KOR,6404
2043834,52,121,1378,2004,0.0,177304.0,-0.043266000000000006,-0.376239,CRI,KOR,6404
2043835,58,121,1378,2004,0.0,3175.0,0.533521,0.615939,CYP,KOR,6404
2043836,59,121,1378,2004,0.0,33569.0,1.562625,0.865244,CZE,KOR,6404
2043837,61,121,1378,2004,772936.0,992503.0,2.266076,-2.011139,DEU,KOR,6404
2043838,63,121,1378,2004,4705.0,0.0,0.322803,-0.000479,DMA,KOR,6404
2043839,64,121,1378,2004,15315.0,65156.0,1.328968,1.262743,DNK,KOR,6404
2043840,67,121,1378,2004,0.0,427913.0,-1.149101,-1.013619,ECU,KOR,6404
2043841,68,121,1378,2004,0.0,2966.0,-0.300563,0.41834899999999997,EGY,KOR,6404
2043842,71,121,1378,2004,164874.0,146789.0,0.9784649999999999,2.051216,ESP,KOR,6404
2043843,72,121,1378,2004,0.0,6917.0,0.6101840000000001,0.9520370000000001,EST,KOR,6404
2043844,74,121,1378,2004,0.0,22935.0,2.000218,0.9867309999999999,FIN,KOR,6404
2043845,77,121,1378,2004,76637.0,665832.0,1.6003530000000001,0.643945,FRA,KOR,6404
2043846,79,121,1378,2004,0.0,2552.0,-1.647605,-1.093832,FSM,KOR,6404
2043847,81,121,1378,2004,244550.0,426495.0,1.843506,0.684779,GBR,KOR,6404
2043848,83,121,1378,2004,0.0,1193.0,-1.2972540000000001,-0.9967219999999999,GHA,KOR,6404
2043849,90,121,1378,2004,0.0,7055.0,0.348853,1.661656,GRC,KOR,6404
2043850,93,121,1378,2004,0.0,87499.0,-0.46136000000000005,0.148122,GTM,KOR,6404
2043851,97,121,1378,2004,1669688.0,601620.0,0.604825,2.098745,HKG,KOR,6404
2043852,99,121,1378,2004,1264.0,0.0,-0.75975,-0.548407,HND,KOR,6404
2043853,100,121,1378,2004,0.0,26441.0,0.6669970000000001,1.088043,HRV,KOR,6404
2043854,102,121,1378,2004,6726.0,127733.0,1.207082,1.019714,HUN,KOR,6404
2043855,103,121,1378,2004,1762691.0,96307.0,-0.223644,1.719065,IDN,KOR,6404
2043856,104,121,1378,2004,3794.0,2671.0,0.233348,2.790987,IND,KOR,6404
2043857,106,121,1378,2004,0.0,25808.0,1.501859,0.14456,IRL,KOR,6404
2043858,107,121,1378,2004,0.0,15153.0,-0.38210700000000003,-0.8408620000000001,IRN,KOR,6404
2043859,109,121,1378,2004,0.0,19845.0,0.298844,-0.36366,ISL,KOR,6404
2043860,111,121,1378,2004,1950099.0,574505.0,1.358057,1.11533,ITA,KOR,6404
2043861,114,121,1378,2004,979853.0,5055563.0,2.526624,0.452054,JPN,KOR,6404
2043862,115,121,1378,2004,0.0,9916.0,-0.09288300000000001,-0.537664,KAZ,KOR,6404
2043863,122,121,1378,2004,0.0,2079.0,-0.481908,-1.172081,KWT,KOR,6404
2043864,124,121,1378,2004,0.0,11478.0,0.32409899999999997,1.037024,LBN,KOR,6404
2043865,127,121,1378,2004,0.0,1017.0,0.233152,-0.351169,LCA,KOR,6404
2043866,128,121,1378,2004,1677.0,0.0,-0.658668,0.21912600000000002,LKA,KOR,6404
2043867,132,121,1378,2004,0.0,3836.0,0.413821,0.627853,LVA,KOR,6404
2043868,133,121,1378,2004,2885.0,0.0,-0.351045,-0.487521,MAC,KOR,6404
2043869,134,121,1378,2004,0.0,16145.0,-0.681556,-0.152372,MAR,KOR,6404
2043870,138,121,1378,2004,20815.0,502360.0,0.868684,0.85506,MEX,KOR,6404
2043871,140,121,1378,2004,0.0,956.0,-0.091013,0.190649,MKD,KOR,6404
2043872,142,121,1378,2004,0.0,22258.0,1.251894,0.063827,MLT,KOR,6404
2043873,143,121,1378,2004,63992.0,0.0,-1.400614,-0.947664,MMR,KOR,6404
2043874,145,121,1378,2004,0.0,13591.0,-1.030558,-1.03145,MNG,KOR,6404
2043875,151,121,1378,2004,0.0,3870.0,-0.374754,-0.288504,MUS,KOR,6404
2043876,153,121,1378,2004,30277.0,20443.0,0.6710050000000001,0.17807,MYS,KOR,6404
2043877,156,121,1378,2004,0.0,2100.0,-0.49824700000000005,-0.8284239999999999,NCL,KOR,6404
2043878,159,121,1378,2004,0.0,6050.0,-2.413432,-1.3033190000000001,NGA,KOR,6404
2043879,162,121,1378,2004,7789.0,278421.0,1.251808,1.586526,NLD,KOR,6404
2043880,163,121,1378,2004,0.0,269247.0,1.10162,0.118709,NOR,KOR,6404
2043881,164,121,1378,2004,0.0,4781.0,-0.323954,0.5528,NPL,KOR,6404
2043882,166,121,1378,2004,7417.0,78775.0,0.567392,0.965781,NZL,KOR,6404
2043883,168,121,1378,2004,5824.0,1226.0,-0.754143,0.25995100000000004,PAK,KOR,6404
2043884,173,121,1378,2004,0.0,385350.0,-0.564244,0.131232,PER,KOR,6404
2043885,174,121,1378,2004,11831.0,202145.0,-0.076709,-0.149006,PHL,KOR,6404
2043886,176,121,1378,2004,0.0,2659.0,-1.7599200000000002,-1.219971,PNG,KOR,6404
2043887,177,121,1378,2004,3133.0,27658.0,1.019341,1.519452,POL,KOR,6404
2043888,179,121,1378,2004,0.0,9561.0,0.524524,1.901139,PRT,KOR,6404
2043889,180,121,1378,2004,0.0,2124.0,-0.64574,-0.978875,PRY,KOR,6404
2043890,182,121,1378,2004,0.0,3789.0,-0.414954,-0.773736,PYF,KOR,6404
2043891,183,121,1378,2004,0.0,9412.0,0.21713400000000002,-1.031806,QAT,KOR,6404
2043892,185,121,1378,2004,20100.0,4411.0,0.37241599999999997,1.015865,ROU,KOR,6404
2043893,186,121,1378,2004,210680.0,123952.0,0.8952399999999999,0.172896,RUS,KOR,6404
2043894,189,121,1378,2004,0.0,32035.0,0.628071,2.210424,SCG,KOR,6404
2043895,192,121,1378,2004,272278.0,321802.0,1.6409779999999998,0.634947,SGP,KOR,6404
2043896,206,121,1378,2004,0.0,6142.0,1.2375120000000002,0.8777889999999999,SVK,KOR,6404
2043897,207,121,1378,2004,0.0,37083.0,1.628643,1.02381,SVN,KOR,6404
2043898,208,121,1378,2004,1611.0,64397.0,2.0522080000000003,0.8326969999999999,SWE,KOR,6404
2043899,216,121,1378,2004,1642858.0,75086.0,0.5150359999999999,1.583019,THA,KOR,6404
2043900,224,121,1378,2004,0.0,56661.0,0.141454,1.9463599999999999,TUR,KOR,6404
2043901,231,121,1378,2004,3528797.0,835842.0,1.7598630000000002,0.066704,USA,KOR,6404
2043902,236,121,1378,2004,0.0,23017.0,0.048698000000000005,-0.899776,VEN,KOR,6404
2043903,239,121,1378,2004,7265086.0,16686.0,-0.5270560000000001,0.8910389999999999,VNM,KOR,6404
2043904,243,121,1378,2004,0.0,3738.0,-1.15115,-1.207897,YEM,KOR,6404
2043905,246,121,1378,2004,0.0,121778.0,0.460279,1.9736220000000002,ZAF,KOR,6404
2043906,249,121,1378,2004,76828.0,123776.0,1.626307,1.358315,TWN,KOR,6404
2043907,5,128,1378,2004,0.0,7696.0,1.268618,0.835359,AND,LKA,6404
2043908,7,128,1378,2004,4912.0,6405.0,0.1799,-0.34541900000000003,ARE,LKA,6404
2043909,14,128,1378,2004,61077.0,11106.0,0.196641,0.8139460000000001,AUS,LKA,6404
2043910,18,128,1378,2004,0.0,2698.0,1.350911,1.408209,BEL,LKA,6404
2043911,39,128,1378,2004,0.0,3087.0,0.9392739999999999,1.19228,CAN,LKA,6404
2043912,43,128,1378,2004,345811.0,20117.0,0.581548,2.8689880000000003,CHN,LKA,6404
2043913,58,128,1378,2004,0.0,540.0,0.533521,0.615939,CYP,LKA,6404
2043914,61,128,1378,2004,2117.0,2200.0,2.266076,-2.011139,DEU,LKA,6404
2043915,64,128,1378,2004,0.0,2270.0,1.328968,1.262743,DNK,LKA,6404
2043916,72,128,1378,2004,0.0,1164.0,0.6101840000000001,0.9520370000000001,EST,LKA,6404
2043917,77,128,1378,2004,0.0,2035574.0,1.6003530000000001,0.643945,FRA,LKA,6404
2043918,81,128,1378,2004,12323.0,543116.0,1.843506,0.684779,GBR,LKA,6404
2043919,97,128,1378,2004,137494.0,24428.0,0.604825,2.098745,HKG,LKA,6404
2043920,100,128,1378,2004,0.0,1187.0,0.6669970000000001,1.088043,HRV,LKA,6404
2043921,103,128,1378,2004,2266346.0,0.0,-0.223644,1.719065,IDN,LKA,6404
2043922,104,128,1378,2004,83726.0,30371.0,0.233348,2.790987,IND,LKA,6404
2043923,106,128,1378,2004,0.0,836.0,1.501859,0.14456,IRL,LKA,6404
2043924,111,128,1378,2004,0.0,342258.0,1.358057,1.11533,ITA,LKA,6404
2043925,114,128,1378,2004,0.0,135622.0,2.526624,0.452054,JPN,LKA,6404
2043926,121,128,1378,2004,0.0,1677.0,1.3624690000000002,0.928342,KOR,LKA,6404
2043927,122,128,1378,2004,0.0,1135.0,-0.481908,-1.172081,KWT,LKA,6404
2043928,153,128,1378,2004,2501.0,0.0,0.6710050000000001,0.17807,MYS,LKA,6404
2043929,162,128,1378,2004,0.0,30265.0,1.251808,1.586526,NLD,LKA,6404
2043930,168,128,1378,2004,3770.0,6065.0,-0.754143,0.25995100000000004,PAK,LKA,6404
2043931,176,128,1378,2004,0.0,2006.0,-1.7599200000000002,-1.219971,PNG,LKA,6404
2043932,177,128,1378,2004,0.0,2738.0,1.019341,1.519452,POL,LKA,6404
2043933,183,128,1378,2004,0.0,873.0,0.21713400000000002,-1.031806,QAT,LKA,6404
2043934,188,128,1378,2004,0.0,4805.0,0.546196,-0.7014729999999999,SAU,LKA,6404
2043935,192,128,1378,2004,43137.0,314415.0,1.6409779999999998,0.634947,SGP,LKA,6404
2043936,207,128,1378,2004,0.0,877.0,1.628643,1.02381,SVN,LKA,6404
2043937,216,128,1378,2004,64847.0,0.0,0.5150359999999999,1.583019,THA,LKA,6404
2043938,224,128,1378,2004,0.0,17880.0,0.141454,1.9463599999999999,TUR,LKA,6404
2043939,231,128,1378,2004,0.0,75435.0,1.7598630000000002,0.066704,USA,LKA,6404
2043940,239,128,1378,2004,19522.0,0.0,-0.5270560000000001,0.8910389999999999,VNM,LKA,6404
2043941,246,128,1378,2004,0.0,200983.0,0.460279,1.9736220000000002,ZAF,LKA,6404
2043942,249,128,1378,2004,10938.0,0.0,1.626307,1.358315,TWN,LKA,6404
2043943,15,131,1378,2004,62942.0,108631.0,1.825391,0.40553,AUT,LUX,6404
2043944,18,131,1378,2004,2120817.0,1250697.0,1.350911,1.408209,BEL,LUX,6404
2043945,32,131,1378,2004,8532.0,0.0,0.540718,1.149065,BRA,LUX,6404
2043946,59,131,1378,2004,1051.0,0.0,1.562625,0.865244,CZE,LUX,6404
2043947,61,131,1378,2004,1215893.0,242429.0,2.266076,-2.011139,DEU,LUX,6404
2043948,64,131,1378,2004,0.0,47584.0,1.328968,1.262743,DNK,LUX,6404
2043949,71,131,1378,2004,83233.0,161949.0,0.9784649999999999,2.051216,ESP,LUX,6404
2043950,77,131,1378,2004,1027603.0,114331.0,1.6003530000000001,0.643945,FRA,LUX,6404
2043951,81,131,1378,2004,26072.0,1877909.0,1.843506,0.684779,GBR,LUX,6404
2043952,90,131,1378,2004,0.0,417422.0,0.348853,1.661656,GRC,LUX,6404
2043953,102,131,1378,2004,0.0,3866.0,1.207082,1.019714,HUN,LUX,6404
2043954,111,131,1378,2004,653859.0,480611.0,1.358057,1.11533,ITA,LUX,6404
2043955,114,131,1378,2004,0.0,3550.0,2.526624,0.452054,JPN,LUX,6404
2043956,130,131,1378,2004,0.0,1639.0,0.403568,0.632707,LTU,LUX,6404
2043957,162,131,1378,2004,761672.0,434657.0,1.251808,1.586526,NLD,LUX,6404
2043958,163,131,1378,2004,0.0,20171.0,1.10162,0.118709,NOR,LUX,6404
2043959,179,131,1378,2004,3761.0,102711.0,0.524524,1.901139,PRT,LUX,6404
2043960,192,131,1378,2004,1587.0,0.0,1.6409779999999998,0.634947,SGP,LUX,6404
2043961,231,131,1378,2004,6676.0,0.0,1.7598630000000002,0.066704,USA,LUX,6404
2043962,250,131,1378,2004,33075.0,0.0,0.509382,-0.30904299999999996,ANS,LUX,6404
2043963,6,138,1378,2004,0.0,4481.0,0.726256,-0.48520699999999994,ANT,MEX,6404
2043964,8,138,1378,2004,82805.0,0.0,0.28128600000000004,0.64115,ARG,MEX,6404
2043965,15,138,1378,2004,6544.0,3028.0,1.825391,0.40553,AUT,MEX,6404
2043966,18,138,1378,2004,0.0,5215.0,1.350911,1.408209,BEL,MEX,6404
2043967,22,138,1378,2004,21723.0,0.0,-1.150444,-0.885333,BGD,MEX,6404
2043968,32,138,1378,2004,9165682.0,0.0,0.540718,1.149065,BRA,MEX,6404
2043969,39,138,1378,2004,1249.0,368736.0,0.9392739999999999,1.19228,CAN,MEX,6404
2043970,42,138,1378,2004,1558.0,0.0,-0.07869,-0.33641,CHL,MEX,6404
2043971,43,138,1378,2004,1681451.0,0.0,0.581548,2.8689880000000003,CHN,MEX,6404
2043972,49,138,1378,2004,173514.0,41554.0,0.033128,0.47524799999999995,COL,MEX,6404
2043973,52,138,1378,2004,0.0,11725.0,-0.043266000000000006,-0.376239,CRI,MEX,6404
2043974,61,138,1378,2004,58877.0,6662.0,2.266076,-2.011139,DEU,MEX,6404
2043975,64,138,1378,2004,2979.0,0.0,1.328968,1.262743,DNK,MEX,6404
2043976,65,138,1378,2004,5440.0,0.0,-0.510025,-0.328257,DOM,MEX,6404
2043977,71,138,1378,2004,5075776.0,43002.0,0.9784649999999999,2.051216,ESP,MEX,6404
2043978,77,138,1378,2004,14494.0,1001.0,1.6003530000000001,0.643945,FRA,MEX,6404
2043979,81,138,1378,2004,5177.0,15369.0,1.843506,0.684779,GBR,MEX,6404
2043980,82,138,1378,2004,1902.0,0.0,0.381348,-0.44259,GEO,MEX,6404
2043981,93,138,1378,2004,98603.0,86608.0,-0.46136000000000005,0.148122,GTM,MEX,6404
2043982,97,138,1378,2004,152584.0,2144.0,0.604825,2.098745,HKG,MEX,6404
2043983,99,138,1378,2004,0.0,6375.0,-0.75975,-0.548407,HND,MEX,6404
2043984,103,138,1378,2004,6739241.0,0.0,-0.223644,1.719065,IDN,MEX,6404
2043985,104,138,1378,2004,36489.0,0.0,0.233348,2.790987,IND,MEX,6404
2043986,111,138,1378,2004,797259.0,21516.0,1.358057,1.11533,ITA,MEX,6404
2043987,112,138,1378,2004,0.0,1184.0,-0.64957,-0.944183,JAM,MEX,6404
2043988,114,138,1378,2004,0.0,60785.0,2.526624,0.452054,JPN,MEX,6404
2043989,121,138,1378,2004,502360.0,20815.0,1.3624690000000002,0.928342,KOR,MEX,6404
2043990,122,138,1378,2004,0.0,1143.0,-0.481908,-1.172081,KWT,MEX,6404
2043991,124,138,1378,2004,0.0,13194.0,0.32409899999999997,1.037024,LBN,MEX,6404
2043992,133,138,1378,2004,351412.0,0.0,-0.351045,-0.487521,MAC,MEX,6404
2043993,134,138,1378,2004,3003.0,0.0,-0.681556,-0.152372,MAR,MEX,6404
2043994,145,138,1378,2004,26074.0,0.0,-1.030558,-1.03145,MNG,MEX,6404
2043995,153,138,1378,2004,3048648.0,57264.0,0.6710050000000001,0.17807,MYS,MEX,6404
2043996,160,138,1378,2004,0.0,1886.0,-0.9789479999999999,-0.8374219999999999,NIC,MEX,6404
2043997,169,138,1378,2004,0.0,47177.0,-0.011979,0.261315,PAN,MEX,6404
2043998,174,138,1378,2004,1092290.0,0.0,-0.076709,-0.149006,PHL,MEX,6404
2043999,177,138,1378,2004,0.0,11944.0,1.019341,1.519452,POL,MEX,6404
2044000,178,138,1378,2004,2647.0,0.0,0.578991,0.781518,PRK,MEX,6404
2044001,179,138,1378,2004,20553.0,0.0,0.524524,1.901139,PRT,MEX,6404
2044002,186,138,1378,2004,1992.0,936.0,0.8952399999999999,0.172896,RUS,MEX,6404
2044003,192,138,1378,2004,35933.0,0.0,1.6409779999999998,0.634947,SGP,MEX,6404
2044004,197,138,1378,2004,1168.0,23610.0,-0.20529499999999998,0.1116,SLV,MEX,6404
2044005,216,138,1378,2004,996084.0,0.0,0.5150359999999999,1.583019,THA,MEX,6404
2044006,223,138,1378,2004,1103.0,0.0,-0.195751,0.335147,TUN,MEX,6404
2044007,231,138,1378,2004,3205112.0,20838202.0,1.7598630000000002,0.066704,USA,MEX,6404
2044008,236,138,1378,2004,1022.0,43649.0,0.048698000000000005,-0.899776,VEN,MEX,6404
2044009,239,138,1378,2004,27559517.0,0.0,-0.5270560000000001,0.8910389999999999,VNM,MEX,6404
2044010,249,138,1378,2004,1680720.0,0.0,1.626307,1.358315,TWN,MEX,6404
2044011,7,153,1378,2004,0.0,407811.0,0.1799,-0.34541900000000003,ARE,MYS,6404
2044012,8,153,1378,2004,0.0,72290.0,0.28128600000000004,0.64115,ARG,MYS,6404
2044013,14,153,1378,2004,1560.0,387797.0,0.196641,0.8139460000000001,AUS,MYS,6404
2044014,15,153,1378,2004,10086.0,220624.0,1.825391,0.40553,AUT,MYS,6404
2044015,18,153,1378,2004,0.0,371201.0,1.350911,1.408209,BEL,MYS,6404
2044016,24,153,1378,2004,0.0,1692.0,0.045344999999999996,-1.001059,BHR,MYS,6404
2044017,26,153,1378,2004,0.0,2250.0,0.385952,0.571774,BIH,MYS,6404
2044018,32,153,1378,2004,9477.0,0.0,0.540718,1.149065,BRA,MYS,6404
2044019,34,153,1378,2004,1890.0,52442.0,-1.271325,-1.03277,BRN,MYS,6404
2044020,38,153,1378,2004,0.0,5416.0,-0.683538,-0.8331770000000001,CAF,MYS,6404
2044021,39,153,1378,2004,3595.0,12365.0,0.9392739999999999,1.19228,CAN,MYS,6404
2044022,41,153,1378,2004,90423.0,77970.0,2.151471,0.7196279999999999,CHE,MYS,6404
2044023,43,153,1378,2004,25759390.0,40235.0,0.581548,2.8689880000000003,CHN,MYS,6404
2044024,44,153,1378,2004,0.0,679.0,-0.8490979999999999,-0.754732,CIV,MYS,6404
2044025,58,153,1378,2004,0.0,133977.0,0.533521,0.615939,CYP,MYS,6404
2044026,59,153,1378,2004,0.0,98530.0,1.562625,0.865244,CZE,MYS,6404
2044027,61,153,1378,2004,50308.0,1467790.0,2.266076,-2.011139,DEU,MYS,6404
2044028,64,153,1378,2004,0.0,446342.0,1.328968,1.262743,DNK,MYS,6404
2044029,67,153,1378,2004,0.0,1009.0,-1.149101,-1.013619,ECU,MYS,6404
2044030,68,153,1378,2004,0.0,16752.0,-0.300563,0.41834899999999997,EGY,MYS,6404
2044031,71,153,1378,2004,64202.0,3165624.0,0.9784649999999999,2.051216,ESP,MYS,6404
2044032,72,153,1378,2004,0.0,3473.0,0.6101840000000001,0.9520370000000001,EST,MYS,6404
2044033,74,153,1378,2004,0.0,271016.0,2.000218,0.9867309999999999,FIN,MYS,6404
2044034,77,153,1378,2004,3952.0,1364650.0,1.6003530000000001,0.643945,FRA,MYS,6404
2044035,81,153,1378,2004,15888.0,1542724.0,1.843506,0.684779,GBR,MYS,6404
2044036,90,153,1378,2004,0.0,992432.0,0.348853,1.661656,GRC,MYS,6404
2044037,97,153,1378,2004,1085322.0,32823.0,0.604825,2.098745,HKG,MYS,6404
2044038,100,153,1378,2004,0.0,8532.0,0.6669970000000001,1.088043,HRV,MYS,6404
2044039,103,153,1378,2004,1478683.0,102696.0,-0.223644,1.719065,IDN,MYS,6404
2044040,104,153,1378,2004,3354.0,1336536.0,0.233348,2.790987,IND,MYS,6404
2044041,106,153,1378,2004,0.0,4201.0,1.501859,0.14456,IRL,MYS,6404
2044042,107,153,1378,2004,0.0,3399.0,-0.38210700000000003,-0.8408620000000001,IRN,MYS,6404
2044043,110,153,1378,2004,0.0,8228.0,1.250393,0.8003979999999999,ISR,MYS,6404
2044044,111,153,1378,2004,120877.0,7649175.0,1.358057,1.11533,ITA,MYS,6404
2044045,114,153,1378,2004,54466.0,133399.0,2.526624,0.452054,JPN,MYS,6404
2044046,116,153,1378,2004,0.0,3370.0,-0.503694,0.410495,KEN,MYS,6404
2044047,118,153,1378,2004,0.0,11891.0,-1.4676209999999998,-1.1972639999999999,KHM,MYS,6404
2044048,121,153,1378,2004,20443.0,30277.0,1.3624690000000002,0.928342,KOR,MYS,6404
2044049,122,153,1378,2004,0.0,156229.0,-0.481908,-1.172081,KWT,MYS,6404
2044050,124,153,1378,2004,0.0,12826.0,0.32409899999999997,1.037024,LBN,MYS,6404
2044051,128,153,1378,2004,0.0,2501.0,-0.658668,0.21912600000000002,LKA,MYS,6404
2044052,130,153,1378,2004,0.0,7853.0,0.403568,0.632707,LTU,MYS,6404
2044053,138,153,1378,2004,57264.0,3048648.0,0.868684,0.85506,MEX,MYS,6404
2044054,142,153,1378,2004,0.0,12176.0,1.251894,0.063827,MLT,MYS,6404
2044055,151,153,1378,2004,0.0,57186.0,-0.374754,-0.288504,MUS,MYS,6404
2044056,156,153,1378,2004,0.0,19413.0,-0.49824700000000005,-0.8284239999999999,NCL,MYS,6404
2044057,159,153,1378,2004,0.0,31588.0,-2.413432,-1.3033190000000001,NGA,MYS,6404
2044058,162,153,1378,2004,0.0,1841602.0,1.251808,1.586526,NLD,MYS,6404
2044059,163,153,1378,2004,0.0,22287.0,1.10162,0.118709,NOR,MYS,6404
2044060,166,153,1378,2004,0.0,3818.0,0.567392,0.965781,NZL,MYS,6404
2044061,173,153,1378,2004,0.0,349079.0,-0.564244,0.131232,PER,MYS,6404
2044062,174,153,1378,2004,1645.0,80664.0,-0.076709,-0.149006,PHL,MYS,6404
2044063,176,153,1378,2004,0.0,5888.0,-1.7599200000000002,-1.219971,PNG,MYS,6404
2044064,177,153,1378,2004,0.0,215363.0,1.019341,1.519452,POL,MYS,6404
2044065,179,153,1378,2004,0.0,842552.0,0.524524,1.901139,PRT,MYS,6404
2044066,182,153,1378,2004,0.0,1504.0,-0.414954,-0.773736,PYF,MYS,6404
2044067,183,153,1378,2004,0.0,2432.0,0.21713400000000002,-1.031806,QAT,MYS,6404
2044068,185,153,1378,2004,0.0,16715.0,0.37241599999999997,1.015865,ROU,MYS,6404
2044069,186,153,1378,2004,0.0,46204.0,0.8952399999999999,0.172896,RUS,MYS,6404
2044070,188,153,1378,2004,0.0,309792.0,0.546196,-0.7014729999999999,SAU,MYS,6404
2044071,189,153,1378,2004,0.0,3916.0,0.628071,2.210424,SCG,MYS,6404
2044072,192,153,1378,2004,796303.0,8730553.0,1.6409779999999998,0.634947,SGP,MYS,6404
2044073,206,153,1378,2004,0.0,7392.0,1.2375120000000002,0.8777889999999999,SVK,MYS,6404
2044074,207,153,1378,2004,0.0,316040.0,1.628643,1.02381,SVN,MYS,6404
2044075,208,153,1378,2004,1017.0,170145.0,2.0522080000000003,0.8326969999999999,SWE,MYS,6404
2044076,216,153,1378,2004,368089.0,837233.0,0.5150359999999999,1.583019,THA,MYS,6404
2044077,224,153,1378,2004,0.0,3350167.0,0.141454,1.9463599999999999,TUR,MYS,6404
2044078,231,153,1378,2004,246834.0,245137.0,1.7598630000000002,0.066704,USA,MYS,6404
2044079,236,153,1378,2004,0.0,638570.0,0.048698000000000005,-0.899776,VEN,MYS,6404
2044080,239,153,1378,2004,2085163.0,5627.0,-0.5270560000000001,0.8910389999999999,VNM,MYS,6404
2044081,246,153,1378,2004,0.0,72734.0,0.460279,1.9736220000000002,ZAF,MYS,6404
2044082,249,153,1378,2004,55766.0,37660.0,1.626307,1.358315,TWN,MYS,6404
2044083,0,162,1378,2004,0.0,13685.0,-0.30244099999999996,-0.892926,ABW,NLD,6404
2044084,5,162,1378,2004,0.0,10701.0,1.268618,0.835359,AND,NLD,6404
2044085,6,162,1378,2004,0.0,114457.0,0.726256,-0.48520699999999994,ANT,NLD,6404
2044086,7,162,1378,2004,0.0,23246.0,0.1799,-0.34541900000000003,ARE,NLD,6404
2044087,14,162,1378,2004,10849.0,49568.0,0.196641,0.8139460000000001,AUS,NLD,6404
2044088,15,162,1378,2004,1633392.0,2426115.0,1.825391,0.40553,AUT,NLD,6404
2044089,18,162,1378,2004,37126171.0,26706561.0,1.350911,1.408209,BEL,NLD,6404
2044090,22,162,1378,2004,309411.0,0.0,-1.150444,-0.885333,BGD,NLD,6404
2044091,23,162,1378,2004,2119.0,26335.0,0.35536,1.499182,BGR,NLD,6404
2044092,26,162,1378,2004,0.0,87824.0,0.385952,0.571774,BIH,NLD,6404
2044093,32,162,1378,2004,281877.0,1140.0,0.540718,1.149065,BRA,NLD,6404
2044094,39,162,1378,2004,0.0,55451.0,0.9392739999999999,1.19228,CAN,NLD,6404
2044095,41,162,1378,2004,179496.0,366533.0,2.151471,0.7196279999999999,CHE,NLD,6404
2044096,43,162,1378,2004,72772898.0,105053.0,0.581548,2.8689880000000003,CHN,NLD,6404
2044097,46,162,1378,2004,0.0,1244.0,-1.405291,-1.108962,COD,NLD,6404
2044098,58,162,1378,2004,0.0,86671.0,0.533521,0.615939,CYP,NLD,6404
2044099,59,162,1378,2004,43579.0,191413.0,1.562625,0.865244,CZE,NLD,6404
2044100,61,162,1378,2004,27784515.0,39689198.0,2.266076,-2.011139,DEU,NLD,6404
2044101,64,162,1378,2004,1897046.0,4729043.0,1.328968,1.262743,DNK,NLD,6404
2044102,65,162,1378,2004,4776.0,0.0,-0.510025,-0.328257,DOM,NLD,6404
2044103,68,162,1378,2004,0.0,7052.0,-0.300563,0.41834899999999997,EGY,NLD,6404
2044104,71,162,1378,2004,3121563.0,5940605.0,0.9784649999999999,2.051216,ESP,NLD,6404
2044105,72,162,1378,2004,3897.0,940028.0,0.6101840000000001,0.9520370000000001,EST,NLD,6404
2044106,73,162,1378,2004,0.0,1826.0,-1.156284,-0.900874,ETH,NLD,6404
2044107,74,162,1378,2004,29887.0,1106584.0,2.000218,0.9867309999999999,FIN,NLD,6404
2044108,77,162,1378,2004,14552588.0,35857959.0,1.6003530000000001,0.643945,FRA,NLD,6404
2044109,78,162,1378,2004,0.0,2715.0,-1.026359,-0.960327,FRO,NLD,6404
2044110,81,162,1378,2004,8115565.0,29169481.0,1.843506,0.684779,GBR,NLD,6404
2044111,83,162,1378,2004,0.0,11130.0,-1.2972540000000001,-0.9967219999999999,GHA,NLD,6404
2044112,87,162,1378,2004,0.0,1031.0,-0.135943,-0.226541,GMB,NLD,6404
2044113,90,162,1378,2004,1782.0,1589486.0,0.348853,1.661656,GRC,NLD,6404
2044114,93,162,1378,2004,0.0,810.0,-0.46136000000000005,0.148122,GTM,NLD,6404
2044115,97,162,1378,2004,3428501.0,70003.0,0.604825,2.098745,HKG,NLD,6404
2044116,100,162,1378,2004,0.0,13245.0,0.6669970000000001,1.088043,HRV,NLD,6404
2044117,102,162,1378,2004,626816.0,236064.0,1.207082,1.019714,HUN,NLD,6404
2044118,103,162,1378,2004,16445165.0,0.0,-0.223644,1.719065,IDN,NLD,6404
2044119,104,162,1378,2004,788075.0,0.0,0.233348,2.790987,IND,NLD,6404
2044120,106,162,1378,2004,76935.0,5409134.0,1.501859,0.14456,IRL,NLD,6404
2044121,107,162,1378,2004,0.0,1913.0,-0.38210700000000003,-0.8408620000000001,IRN,NLD,6404
2044122,109,162,1378,2004,0.0,56555.0,0.298844,-0.36366,ISL,NLD,6404
2044123,110,162,1378,2004,61811.0,325909.0,1.250393,0.8003979999999999,ISR,NLD,6404
2044124,111,162,1378,2004,17691832.0,44657386.0,1.358057,1.11533,ITA,NLD,6404
2044125,112,162,1378,2004,0.0,971.0,-0.64957,-0.944183,JAM,NLD,6404
2044126,114,162,1378,2004,95309.0,71474.0,2.526624,0.452054,JPN,NLD,6404
2044127,117,162,1378,2004,1465.0,0.0,0.005121,0.176652,KGZ,NLD,6404
2044128,118,162,1378,2004,107407.0,0.0,-1.4676209999999998,-1.1972639999999999,KHM,NLD,6404
2044129,121,162,1378,2004,278421.0,7789.0,1.3624690000000002,0.928342,KOR,NLD,6404
2044130,124,162,1378,2004,0.0,10613.0,0.32409899999999997,1.037024,LBN,NLD,6404
2044131,128,162,1378,2004,30265.0,0.0,-0.658668,0.21912600000000002,LKA,NLD,6404
2044132,129,162,1378,2004,1383.0,0.0,-1.343146,-1.041126,LSO,NLD,6404
2044133,130,162,1378,2004,0.0,55506.0,0.403568,0.632707,LTU,NLD,6404
2044134,131,162,1378,2004,434657.0,761672.0,1.37529,1.0172649999999999,LUX,NLD,6404
2044135,132,162,1378,2004,0.0,405542.0,0.413821,0.627853,LVA,NLD,6404
2044136,133,162,1378,2004,910640.0,0.0,-0.351045,-0.487521,MAC,NLD,6404
2044137,134,162,1378,2004,1815.0,2314.0,-0.681556,-0.152372,MAR,NLD,6404
2044138,140,162,1378,2004,0.0,3779.0,-0.091013,0.190649,MKD,NLD,6404
2044139,142,162,1378,2004,0.0,33093.0,1.251894,0.063827,MLT,NLD,6404
2044140,153,162,1378,2004,1841602.0,0.0,0.6710050000000001,0.17807,MYS,NLD,6404
2044141,159,162,1378,2004,0.0,3758.0,-2.413432,-1.3033190000000001,NGA,NLD,6404
2044142,163,162,1378,2004,21320.0,911164.0,1.10162,0.118709,NOR,NLD,6404
2044143,168,162,1378,2004,631561.0,0.0,-0.754143,0.25995100000000004,PAK,NLD,6404
2044144,174,162,1378,2004,1781617.0,1593.0,-0.076709,-0.149006,PHL,NLD,6404
2044145,177,162,1378,2004,102574.0,322738.0,1.019341,1.519452,POL,NLD,6404
2044146,178,162,1378,2004,6110.0,0.0,0.578991,0.781518,PRK,NLD,6404
2044147,179,162,1378,2004,1176497.0,2302138.0,0.524524,1.901139,PRT,NLD,6404
2044148,185,162,1378,2004,2703189.0,58387.0,0.37241599999999997,1.015865,ROU,NLD,6404
2044149,186,162,1378,2004,0.0,237363.0,0.8952399999999999,0.172896,RUS,NLD,6404
2044150,188,162,1378,2004,0.0,5253.0,0.546196,-0.7014729999999999,SAU,NLD,6404
2044151,189,162,1378,2004,0.0,29329.0,0.628071,2.210424,SCG,NLD,6404
2044152,192,162,1378,2004,102578.0,5009.0,1.6409779999999998,0.634947,SGP,NLD,6404
2044153,195,162,1378,2004,0.0,16173.0,-1.4911,-0.999592,SLB,NLD,6404
2044154,205,162,1378,2004,0.0,45145.0,-0.991433,-0.926657,SUR,NLD,6404
2044155,206,162,1378,2004,423762.0,12015.0,1.2375120000000002,0.8777889999999999,SVK,NLD,6404
2044156,207,162,1378,2004,0.0,53572.0,1.628643,1.02381,SVN,NLD,6404
2044157,208,162,1378,2004,113422.0,2611010.0,2.0522080000000003,0.8326969999999999,SWE,NLD,6404
2044158,212,162,1378,2004,1857.0,0.0,-0.568707,-0.034736,SYR,NLD,6404
2044159,215,162,1378,2004,0.0,7522.0,-0.6788270000000001,-0.482984,TGO,NLD,6404
2044160,216,162,1378,2004,4210665.0,0.0,0.5150359999999999,1.583019,THA,NLD,6404
2044161,224,162,1378,2004,1089731.0,1871138.0,0.141454,1.9463599999999999,TUR,NLD,6404
2044162,228,162,1378,2004,1024.0,28286.0,0.8758040000000001,0.8195879999999999,UKR,NLD,6404
2044163,230,162,1378,2004,0.0,9310.0,0.151633,0.121776,URY,NLD,6404
2044164,231,162,1378,2004,404958.0,69101.0,1.7598630000000002,0.066704,USA,NLD,6404
2044165,232,162,1378,2004,0.0,3732.0,-0.50605,-0.824691,UZB,NLD,6404
2044166,239,162,1378,2004,47838458.0,0.0,-0.5270560000000001,0.8910389999999999,VNM,NLD,6404
2044167,246,162,1378,2004,0.0,44894.0,0.460279,1.9736220000000002,ZAF,NLD,6404
2044168,249,162,1378,2004,608465.0,2475.0,1.626307,1.358315,TWN,NLD,6404
2044169,250,162,1378,2004,37354.0,5412.0,0.509382,-0.30904299999999996,ANS,NLD,6404
2044170,7,166,1378,2004,0.0,3302.0,0.1799,-0.34541900000000003,ARE,NZL,6404
2044171,8,166,1378,2004,869.0,0.0,0.28128600000000004,0.64115,ARG,NZL,6404
2044172,14,166,1378,2004,1058039.0,645829.0,0.196641,0.8139460000000001,AUS,NZL,6404
2044173,15,166,1378,2004,4741.0,4467.0,1.825391,0.40553,AUT,NZL,6404
2044174,18,166,1378,2004,13310.0,0.0,1.350911,1.408209,BEL,NZL,6404
2044175,22,166,1378,2004,1385.0,0.0,-1.150444,-0.885333,BGD,NZL,6404
2044176,32,166,1378,2004,28944.0,0.0,0.540718,1.149065,BRA,NZL,6404
2044177,39,166,1378,2004,0.0,8066.0,0.9392739999999999,1.19228,CAN,NZL,6404
2044178,41,166,1378,2004,15764.0,11462.0,2.151471,0.7196279999999999,CHE,NZL,6404
2044179,43,166,1378,2004,6860408.0,26389.0,0.581548,2.8689880000000003,CHN,NZL,6404
2044180,48,166,1378,2004,0.0,21109.0,0.10636,-0.652109,COK,NZL,6404
2044181,59,166,1378,2004,1781.0,0.0,1.562625,0.865244,CZE,NZL,6404
2044182,61,166,1378,2004,14100.0,39638.0,2.266076,-2.011139,DEU,NZL,6404
2044183,64,166,1378,2004,38624.0,0.0,1.328968,1.262743,DNK,NZL,6404
2044184,71,166,1378,2004,40762.0,0.0,0.9784649999999999,2.051216,ESP,NZL,6404
2044185,74,166,1378,2004,924.0,0.0,2.000218,0.9867309999999999,FIN,NZL,6404
2044186,75,166,1378,2004,137477.0,55158.0,-0.8870969999999999,-0.287427,FJI,NZL,6404
2044187,77,166,1378,2004,79346.0,0.0,1.6003530000000001,0.643945,FRA,NZL,6404
2044188,81,166,1378,2004,80895.0,93842.0,1.843506,0.684779,GBR,NZL,6404
2044189,97,166,1378,2004,196890.0,7948.0,0.604825,2.098745,HKG,NZL,6404
2044190,103,166,1378,2004,296329.0,0.0,-0.223644,1.719065,IDN,NZL,6404
2044191,104,166,1378,2004,7983.0,0.0,0.233348,2.790987,IND,NZL,6404
2044192,110,166,1378,2004,2016.0,0.0,1.250393,0.8003979999999999,ISR,NZL,6404
2044193,111,166,1378,2004,523411.0,0.0,1.358057,1.11533,ITA,NZL,6404
2044194,114,166,1378,2004,4804.0,22724.0,2.526624,0.452054,JPN,NZL,6404
2044195,121,166,1378,2004,78775.0,7417.0,1.3624690000000002,0.928342,KOR,NZL,6404
2044196,133,166,1378,2004,1969.0,0.0,-0.351045,-0.487521,MAC,NZL,6404
2044197,153,166,1378,2004,3818.0,0.0,0.6710050000000001,0.17807,MYS,NZL,6404
2044198,156,166,1378,2004,0.0,10271.0,-0.49824700000000005,-0.8284239999999999,NCL,NZL,6404
2044199,158,166,1378,2004,0.0,1324.0,0.664846,-0.649984,NFK,NZL,6404
2044200,168,166,1378,2004,1750.0,0.0,-0.754143,0.25995100000000004,PAK,NZL,6404
2044201,179,166,1378,2004,7439.0,885.0,0.524524,1.901139,PRT,NZL,6404
2044202,182,166,1378,2004,0.0,22624.0,-0.414954,-0.773736,PYF,NZL,6404
2044203,185,166,1378,2004,635.0,0.0,0.37241599999999997,1.015865,ROU,NZL,6404
2044204,192,166,1378,2004,30812.0,4419.0,1.6409779999999998,0.634947,SGP,NZL,6404
2044205,206,166,1378,2004,1373.0,0.0,1.2375120000000002,0.8777889999999999,SVK,NZL,6404
2044206,216,166,1378,2004,219519.0,0.0,0.5150359999999999,1.583019,THA,NZL,6404
2044207,221,166,1378,2004,0.0,1336.0,-0.639641,-0.798275,TON,NZL,6404
2044208,228,166,1378,2004,0.0,7635.0,0.8758040000000001,0.8195879999999999,UKR,NZL,6404
2044209,231,166,1378,2004,242234.0,42459.0,1.7598630000000002,0.066704,USA,NZL,6404
2044210,239,166,1378,2004,783455.0,0.0,-0.5270560000000001,0.8910389999999999,VNM,NZL,6404
2044211,240,166,1378,2004,0.0,5723.0,-1.2338790000000002,-0.969297,VUT,NZL,6404
2044212,242,166,1378,2004,0.0,18359.0,-0.129153,-0.6165510000000001,WSM,NZL,6404
2044213,249,166,1378,2004,18242.0,0.0,1.626307,1.358315,TWN,NZL,6404
2044214,250,166,1378,2004,5174.0,0.0,0.509382,-0.30904299999999996,ANS,NZL,6404
2044215,8,169,1378,2004,20450.0,0.0,0.28128600000000004,0.64115,ARG,PAN,6404
2044216,18,169,1378,2004,4982.0,0.0,1.350911,1.408209,BEL,PAN,6404
2044217,25,169,1378,2004,0.0,404.0,0.620432,-0.513724,BHS,PAN,6404
2044218,29,169,1378,2004,0.0,7626.0,-0.355391,-0.662783,BLZ,PAN,6404
2044219,31,169,1378,2004,0.0,31756.0,-0.9288489999999999,-0.929884,BOL,PAN,6404
2044220,32,169,1378,2004,347101.0,0.0,0.540718,1.149065,BRA,PAN,6404
2044221,33,169,1378,2004,0.0,2209.0,0.8541559999999999,0.25895799999999997,BRB,PAN,6404
2044222,41,169,1378,2004,7796.0,0.0,2.151471,0.7196279999999999,CHE,PAN,6404
2044223,42,169,1378,2004,58305.0,187947.0,-0.07869,-0.33641,CHL,PAN,6404
2044224,43,169,1378,2004,20879234.0,0.0,0.581548,2.8689880000000003,CHN,PAN,6404
2044225,49,169,1378,2004,22632.0,66475.0,0.033128,0.47524799999999995,COL,PAN,6404
2044226,52,169,1378,2004,19564.0,1152648.0,-0.043266000000000006,-0.376239,CRI,PAN,6404
2044227,54,169,1378,2004,0.0,419344.0,-0.040541,-0.634675,CUB,PAN,6404
2044228,61,169,1378,2004,96045.0,0.0,2.266076,-2.011139,DEU,PAN,6404
2044229,65,169,1378,2004,0.0,171492.0,-0.510025,-0.328257,DOM,PAN,6404
2044230,67,169,1378,2004,0.0,152768.0,-1.149101,-1.013619,ECU,PAN,6404
2044231,71,169,1378,2004,78283.0,0.0,0.9784649999999999,2.051216,ESP,PAN,6404
2044232,77,169,1378,2004,8658.0,0.0,1.6003530000000001,0.643945,FRA,PAN,6404
2044233,91,169,1378,2004,0.0,203516.0,0.40210100000000004,-0.382662,GRD,PAN,6404
2044234,93,169,1378,2004,1685777.0,5094554.0,-0.46136000000000005,0.148122,GTM,PAN,6404
2044235,96,169,1378,2004,0.0,5075.0,-1.046232,-0.985188,GUY,PAN,6404
2044236,97,169,1378,2004,2612377.0,0.0,0.604825,2.098745,HKG,PAN,6404
2044237,99,169,1378,2004,0.0,2129284.0,-0.75975,-0.548407,HND,PAN,6404
2044238,103,169,1378,2004,1855302.0,0.0,-0.223644,1.719065,IDN,PAN,6404
2044239,111,169,1378,2004,62739.0,0.0,1.358057,1.11533,ITA,PAN,6404
2044240,112,169,1378,2004,0.0,2647595.0,-0.64957,-0.944183,JAM,PAN,6404
2044241,120,169,1378,2004,0.0,1243.0,0.538271,-0.43505299999999997,KNA,PAN,6404
2044242,127,169,1378,2004,0.0,90706.0,0.233152,-0.351169,LCA,PAN,6404
2044243,133,169,1378,2004,3295.0,0.0,-0.351045,-0.487521,MAC,PAN,6404
2044244,138,169,1378,2004,47177.0,0.0,0.868684,0.85506,MEX,PAN,6404
2044245,160,169,1378,2004,0.0,4553.0,-0.9789479999999999,-0.8374219999999999,NIC,PAN,6404
2044246,173,169,1378,2004,15078.0,0.0,-0.564244,0.131232,PER,PAN,6404
2044247,174,169,1378,2004,80100.0,0.0,-0.076709,-0.149006,PHL,PAN,6404
2044248,180,169,1378,2004,0.0,8274.0,-0.64574,-0.978875,PRY,PAN,6404
2044249,186,169,1378,2004,1548.0,0.0,0.8952399999999999,0.172896,RUS,PAN,6404
2044250,197,169,1378,2004,0.0,2730558.0,-0.20529499999999998,0.1116,SLV,PAN,6404
2044251,216,169,1378,2004,637930.0,0.0,0.5150359999999999,1.583019,THA,PAN,6404
2044252,222,169,1378,2004,0.0,138018.0,0.00677,-0.965385,TTO,PAN,6404
2044253,231,169,1378,2004,5156874.0,0.0,1.7598630000000002,0.066704,USA,PAN,6404
2044254,236,169,1378,2004,6729.0,11047591.0,0.048698000000000005,-0.899776,VEN,PAN,6404
2044255,239,169,1378,2004,7737414.0,0.0,-0.5270560000000001,0.8910389999999999,VNM,PAN,6404
2044256,250,169,1378,2004,2283977.0,0.0,0.509382,-0.30904299999999996,ANS,PAN,6404
2044257,8,173,1378,2004,22663.0,0.0,0.28128600000000004,0.64115,ARG,PER,6404
2044258,31,173,1378,2004,0.0,1734.0,-0.9288489999999999,-0.929884,BOL,PER,6404
2044259,32,173,1378,2004,881670.0,0.0,0.540718,1.149065,BRA,PER,6404
2044260,39,173,1378,2004,0.0,19213.0,0.9392739999999999,1.19228,CAN,PER,6404
2044261,42,173,1378,2004,13031728.0,81922.0,-0.07869,-0.33641,CHL,PER,6404
2044262,43,173,1378,2004,575331.0,0.0,0.581548,2.8689880000000003,CHN,PER,6404
2044263,49,173,1378,2004,14764.0,331356.0,0.033128,0.47524799999999995,COL,PER,6404
2044264,67,173,1378,2004,1033441.0,208895.0,-1.149101,-1.013619,ECU,PER,6404
2044265,71,173,1378,2004,12298.0,0.0,0.9784649999999999,2.051216,ESP,PER,6404
2044266,81,173,1378,2004,1018.0,0.0,1.843506,0.684779,GBR,PER,6404
2044267,97,173,1378,2004,52240.0,0.0,0.604825,2.098745,HKG,PER,6404
2044268,99,173,1378,2004,0.0,5826.0,-0.75975,-0.548407,HND,PER,6404
2044269,103,173,1378,2004,114226.0,0.0,-0.223644,1.719065,IDN,PER,6404
2044270,104,173,1378,2004,3271.0,0.0,0.233348,2.790987,IND,PER,6404
2044271,110,173,1378,2004,4001.0,0.0,1.250393,0.8003979999999999,ISR,PER,6404
2044272,111,173,1378,2004,12448.0,0.0,1.358057,1.11533,ITA,PER,6404
2044273,114,173,1378,2004,0.0,14502.0,2.526624,0.452054,JPN,PER,6404
2044274,121,173,1378,2004,385350.0,0.0,1.3624690000000002,0.928342,KOR,PER,6404
2044275,145,173,1378,2004,27957.0,0.0,-1.030558,-1.03145,MNG,PER,6404
2044276,153,173,1378,2004,349079.0,0.0,0.6710050000000001,0.17807,MYS,PER,6404
2044277,169,173,1378,2004,0.0,15078.0,-0.011979,0.261315,PAN,PER,6404
2044278,216,173,1378,2004,138866.0,0.0,0.5150359999999999,1.583019,THA,PER,6404
2044279,231,173,1378,2004,34373.0,891785.0,1.7598630000000002,0.066704,USA,PER,6404
2044280,236,173,1378,2004,0.0,22427.0,0.048698000000000005,-0.899776,VEN,PER,6404
2044281,239,173,1378,2004,617853.0,0.0,-0.5270560000000001,0.8910389999999999,VNM,PER,6404
2044282,249,173,1378,2004,1805.0,0.0,1.626307,1.358315,TWN,PER,6404
2044283,5,174,1378,2004,0.0,737.0,1.268618,0.835359,AND,PHL,6404
2044284,8,174,1378,2004,0.0,105663.0,0.28128600000000004,0.64115,ARG,PHL,6404
2044285,14,174,1378,2004,40359.0,39455.0,0.196641,0.8139460000000001,AUS,PHL,6404
2044286,15,174,1378,2004,0.0,30462.0,1.825391,0.40553,AUT,PHL,6404
2044287,18,174,1378,2004,0.0,6185.0,1.350911,1.408209,BEL,PHL,6404
2044288,24,174,1378,2004,0.0,3913.0,0.045344999999999996,-1.001059,BHR,PHL,6404
2044289,32,174,1378,2004,12816.0,0.0,0.540718,1.149065,BRA,PHL,6404
2044290,34,174,1378,2004,0.0,8900.0,-1.271325,-1.03277,BRN,PHL,6404
2044291,39,174,1378,2004,1773.0,25964.0,0.9392739999999999,1.19228,CAN,PHL,6404
2044292,41,174,1378,2004,1378.0,63479.0,2.151471,0.7196279999999999,CHE,PHL,6404
2044293,42,174,1378,2004,0.0,6751.0,-0.07869,-0.33641,CHL,PHL,6404
2044294,43,174,1378,2004,5321600.0,0.0,0.581548,2.8689880000000003,CHN,PHL,6404
2044295,58,174,1378,2004,0.0,3825.0,0.533521,0.615939,CYP,PHL,6404
2044296,59,174,1378,2004,0.0,3774.0,1.562625,0.865244,CZE,PHL,6404
2044297,61,174,1378,2004,12435.0,3331681.0,2.266076,-2.011139,DEU,PHL,6404
2044298,64,174,1378,2004,0.0,407928.0,1.328968,1.262743,DNK,PHL,6404
2044299,71,174,1378,2004,23907.0,1245900.0,0.9784649999999999,2.051216,ESP,PHL,6404
2044300,72,174,1378,2004,0.0,4466.0,0.6101840000000001,0.9520370000000001,EST,PHL,6404
2044301,74,174,1378,2004,0.0,15276.0,2.000218,0.9867309999999999,FIN,PHL,6404
2044302,77,174,1378,2004,0.0,651653.0,1.6003530000000001,0.643945,FRA,PHL,6404
2044303,78,174,1378,2004,0.0,1696.0,-1.026359,-0.960327,FRO,PHL,6404
2044304,79,174,1378,2004,0.0,11962.0,-1.647605,-1.093832,FSM,PHL,6404
2044305,81,174,1378,2004,17051.0,2222379.0,1.843506,0.684779,GBR,PHL,6404
2044306,90,174,1378,2004,0.0,349632.0,0.348853,1.661656,GRC,PHL,6404
2044307,95,174,1378,2004,0.0,26045.0,0.13034500000000002,-0.40525700000000003,GUM,PHL,6404
2044308,97,174,1378,2004,2890661.0,66333.0,0.604825,2.098745,HKG,PHL,6404
2044309,100,174,1378,2004,0.0,3225.0,0.6669970000000001,1.088043,HRV,PHL,6404
2044310,102,174,1378,2004,0.0,69204.0,1.207082,1.019714,HUN,PHL,6404
2044311,103,174,1378,2004,431411.0,0.0,-0.223644,1.719065,IDN,PHL,6404
2044312,104,174,1378,2004,0.0,10387.0,0.233348,2.790987,IND,PHL,6404
2044313,106,174,1378,2004,0.0,30694.0,1.501859,0.14456,IRL,PHL,6404
2044314,109,174,1378,2004,0.0,4242.0,0.298844,-0.36366,ISL,PHL,6404
2044315,111,174,1378,2004,217118.0,141316.0,1.358057,1.11533,ITA,PHL,6404
2044316,112,174,1378,2004,0.0,5704.0,-0.64957,-0.944183,JAM,PHL,6404
2044317,114,174,1378,2004,217099.0,4034088.0,2.526624,0.452054,JPN,PHL,6404
2044318,121,174,1378,2004,202145.0,11831.0,1.3624690000000002,0.928342,KOR,PHL,6404
2044319,122,174,1378,2004,0.0,7720.0,-0.481908,-1.172081,KWT,PHL,6404
2044320,124,174,1378,2004,0.0,5460.0,0.32409899999999997,1.037024,LBN,PHL,6404
2044321,138,174,1378,2004,0.0,1092290.0,0.868684,0.85506,MEX,PHL,6404
2044322,153,174,1378,2004,80664.0,1645.0,0.6710050000000001,0.17807,MYS,PHL,6404
2044323,156,174,1378,2004,0.0,9008.0,-0.49824700000000005,-0.8284239999999999,NCL,PHL,6404
2044324,162,174,1378,2004,1593.0,1781617.0,1.251808,1.586526,NLD,PHL,6404
2044325,163,174,1378,2004,0.0,65694.0,1.10162,0.118709,NOR,PHL,6404
2044326,169,174,1378,2004,0.0,80100.0,-0.011979,0.261315,PAN,PHL,6404
2044327,176,174,1378,2004,0.0,1279.0,-1.7599200000000002,-1.219971,PNG,PHL,6404
2044328,177,174,1378,2004,0.0,4697.0,1.019341,1.519452,POL,PHL,6404
2044329,179,174,1378,2004,0.0,25220.0,0.524524,1.901139,PRT,PHL,6404
2044330,180,174,1378,2004,0.0,2986.0,-0.64574,-0.978875,PRY,PHL,6404
2044331,182,174,1378,2004,0.0,1797.0,-0.414954,-0.773736,PYF,PHL,6404
2044332,186,174,1378,2004,0.0,15715.0,0.8952399999999999,0.172896,RUS,PHL,6404
2044333,188,174,1378,2004,0.0,21970.0,0.546196,-0.7014729999999999,SAU,PHL,6404
2044334,189,174,1378,2004,0.0,92730.0,0.628071,2.210424,SCG,PHL,6404
2044335,192,174,1378,2004,315056.0,44971.0,1.6409779999999998,0.634947,SGP,PHL,6404
2044336,206,174,1378,2004,0.0,485.0,1.2375120000000002,0.8777889999999999,SVK,PHL,6404
2044337,207,174,1378,2004,0.0,94681.0,1.628643,1.02381,SVN,PHL,6404
2044338,208,174,1378,2004,0.0,110315.0,2.0522080000000003,0.8326969999999999,SWE,PHL,6404
2044339,216,174,1378,2004,338142.0,22169.0,0.5150359999999999,1.583019,THA,PHL,6404
2044340,224,174,1378,2004,0.0,8664.0,0.141454,1.9463599999999999,TUR,PHL,6404
2044341,229,174,1378,2004,0.0,9419.0,0.407876,-0.478498,UMI,PHL,6404
2044342,231,174,1378,2004,507211.0,539788.0,1.7598630000000002,0.066704,USA,PHL,6404
2044343,239,174,1378,2004,1433008.0,0.0,-0.5270560000000001,0.8910389999999999,VNM,PHL,6404
2044344,246,174,1378,2004,0.0,39387.0,0.460279,1.9736220000000002,ZAF,PHL,6404
2044345,249,174,1378,2004,30234.0,9421.0,1.626307,1.358315,TWN,PHL,6404
2044346,9,177,1378,2004,0.0,5937.0,0.661799,-0.140004,ARM,POL,6404
2044347,15,177,1378,2004,647732.0,12611.0,1.825391,0.40553,AUT,POL,6404
2044348,16,177,1378,2004,0.0,23790.0,-0.393221,-0.9494440000000001,AZE,POL,6404
2044349,18,177,1378,2004,1448141.0,191307.0,1.350911,1.408209,BEL,POL,6404
2044350,22,177,1378,2004,331086.0,0.0,-1.150444,-0.885333,BGD,POL,6404
2044351,23,177,1378,2004,18614.0,5911.0,0.35536,1.499182,BGR,POL,6404
2044352,28,177,1378,2004,0.0,7382.0,0.8553139999999999,0.703926,BLR,POL,6404
2044353,32,177,1378,2004,129830.0,0.0,0.540718,1.149065,BRA,POL,6404
2044354,39,177,1378,2004,6521.0,3242.0,0.9392739999999999,1.19228,CAN,POL,6404
2044355,41,177,1378,2004,36355.0,118369.0,2.151471,0.7196279999999999,CHE,POL,6404
2044356,42,177,1378,2004,0.0,1391.0,-0.07869,-0.33641,CHL,POL,6404
2044357,43,177,1378,2004,18030594.0,0.0,0.581548,2.8689880000000003,CHN,POL,6404
2044358,59,177,1378,2004,177093.0,405078.0,1.562625,0.865244,CZE,POL,6404
2044359,61,177,1378,2004,7217459.0,4955668.0,2.266076,-2.011139,DEU,POL,6404
2044360,64,177,1378,2004,816012.0,90152.0,1.328968,1.262743,DNK,POL,6404
2044361,67,177,1378,2004,3931.0,0.0,-1.149101,-1.013619,ECU,POL,6404
2044362,71,177,1378,2004,604592.0,5779.0,0.9784649999999999,2.051216,ESP,POL,6404
2044363,72,177,1378,2004,0.0,8156.0,0.6101840000000001,0.9520370000000001,EST,POL,6404
2044364,74,177,1378,2004,1379.0,26076.0,2.000218,0.9867309999999999,FIN,POL,6404
2044365,77,177,1378,2004,1477866.0,110216.0,1.6003530000000001,0.643945,FRA,POL,6404
2044366,81,177,1378,2004,77777.0,53117.0,1.843506,0.684779,GBR,POL,6404
2044367,82,177,1378,2004,0.0,303531.0,0.381348,-0.44259,GEO,POL,6404
2044368,90,177,1378,2004,44653.0,52893.0,0.348853,1.661656,GRC,POL,6404
2044369,97,177,1378,2004,32704.0,0.0,0.604825,2.098745,HKG,POL,6404
2044370,100,177,1378,2004,1049.0,4872.0,0.6669970000000001,1.088043,HRV,POL,6404
2044371,102,177,1378,2004,12396.0,57560.0,1.207082,1.019714,HUN,POL,6404
2044372,103,177,1378,2004,231759.0,0.0,-0.223644,1.719065,IDN,POL,6404
2044373,104,177,1378,2004,109611.0,0.0,0.233348,2.790987,IND,POL,6404
2044374,106,177,1378,2004,0.0,2572.0,1.501859,0.14456,IRL,POL,6404
2044375,110,177,1378,2004,1550.0,0.0,1.250393,0.8003979999999999,ISR,POL,6404
2044376,111,177,1378,2004,1454937.0,579785.0,1.358057,1.11533,ITA,POL,6404
2044377,115,177,1378,2004,0.0,12070.0,-0.09288300000000001,-0.537664,KAZ,POL,6404
2044378,118,177,1378,2004,109100.0,0.0,-1.4676209999999998,-1.1972639999999999,KHM,POL,6404
2044379,121,177,1378,2004,27658.0,3133.0,1.3624690000000002,0.928342,KOR,POL,6404
2044380,126,177,1378,2004,0.0,2268.0,-0.42119700000000004,-1.179463,LBY,POL,6404
2044381,128,177,1378,2004,2738.0,0.0,-0.658668,0.21912600000000002,LKA,POL,6404
2044382,130,177,1378,2004,29599.0,1095310.0,0.403568,0.632707,LTU,POL,6404
2044383,132,177,1378,2004,0.0,85207.0,0.413821,0.627853,LVA,POL,6404
2044384,133,177,1378,2004,86748.0,0.0,-0.351045,-0.487521,MAC,POL,6404
2044385,134,177,1378,2004,5991.0,0.0,-0.681556,-0.152372,MAR,POL,6404
2044386,135,177,1378,2004,0.0,51580.0,-0.155523,-0.355142,MDA,POL,6404
2044387,138,177,1378,2004,11944.0,0.0,0.868684,0.85506,MEX,POL,6404
2044388,142,177,1378,2004,1621.0,0.0,1.251894,0.063827,MLT,POL,6404
2044389,145,177,1378,2004,0.0,39434.0,-1.030558,-1.03145,MNG,POL,6404
2044390,153,177,1378,2004,215363.0,0.0,0.6710050000000001,0.17807,MYS,POL,6404
2044391,162,177,1378,2004,322738.0,102574.0,1.251808,1.586526,NLD,POL,6404
2044392,163,177,1378,2004,0.0,7178.0,1.10162,0.118709,NOR,POL,6404
2044393,168,177,1378,2004,1256.0,0.0,-0.754143,0.25995100000000004,PAK,POL,6404
2044394,174,177,1378,2004,4697.0,0.0,-0.076709,-0.149006,PHL,POL,6404
2044395,179,177,1378,2004,22287.0,0.0,0.524524,1.901139,PRT,POL,6404
2044396,185,177,1378,2004,56685.0,17484.0,0.37241599999999997,1.015865,ROU,POL,6404
2044397,186,177,1378,2004,24192.0,192587.0,0.8952399999999999,0.172896,RUS,POL,6404
2044398,192,177,1378,2004,79965.0,0.0,1.6409779999999998,0.634947,SGP,POL,6404
2044399,206,177,1378,2004,108685.0,462470.0,1.2375120000000002,0.8777889999999999,SVK,POL,6404
2044400,207,177,1378,2004,59047.0,18633.0,1.628643,1.02381,SVN,POL,6404
2044401,208,177,1378,2004,62310.0,20844.0,2.0522080000000003,0.8326969999999999,SWE,POL,6404
2044402,216,177,1378,2004,38526.0,0.0,0.5150359999999999,1.583019,THA,POL,6404
2044403,223,177,1378,2004,1094.0,0.0,-0.195751,0.335147,TUN,POL,6404
2044404,224,177,1378,2004,947728.0,0.0,0.141454,1.9463599999999999,TUR,POL,6404
2044405,228,177,1378,2004,30718.0,2119937.0,0.8758040000000001,0.8195879999999999,UKR,POL,6404
2044406,231,177,1378,2004,21863.0,41213.0,1.7598630000000002,0.066704,USA,POL,6404
2044407,239,177,1378,2004,2056479.0,0.0,-0.5270560000000001,0.8910389999999999,VNM,POL,6404
2044408,240,177,1378,2004,2074.0,0.0,-1.2338790000000002,-0.969297,VUT,POL,6404
2044409,246,177,1378,2004,0.0,8751.0,0.460279,1.9736220000000002,ZAF,POL,6404
2044410,249,177,1378,2004,51951.0,0.0,1.626307,1.358315,TWN,POL,6404
2044411,250,177,1378,2004,8310.0,0.0,0.509382,-0.30904299999999996,ANS,POL,6404
2044412,8,180,1378,2004,466541.0,23189.0,0.28128600000000004,0.64115,ARG,PRY,6404
2044413,31,180,1378,2004,0.0,10794.0,-0.9288489999999999,-0.929884,BOL,PRY,6404
2044414,32,180,1378,2004,2534189.0,0.0,0.540718,1.149065,BRA,PRY,6404
2044415,41,180,1378,2004,0.0,261.0,2.151471,0.7196279999999999,CHE,PRY,6404
2044416,42,180,1378,2004,211587.0,4133.0,-0.07869,-0.33641,CHL,PRY,6404
2044417,43,180,1378,2004,1381616.0,0.0,0.581548,2.8689880000000003,CHN,PRY,6404
2044418,49,180,1378,2004,0.0,1742.0,0.033128,0.47524799999999995,COL,PRY,6404
2044419,61,180,1378,2004,38126.0,2670.0,2.266076,-2.011139,DEU,PRY,6404
2044420,93,180,1378,2004,0.0,852.0,-0.46136000000000005,0.148122,GTM,PRY,6404
2044421,97,180,1378,2004,61862.0,0.0,0.604825,2.098745,HKG,PRY,6404
2044422,103,180,1378,2004,21480.0,0.0,-0.223644,1.719065,IDN,PRY,6404
2044423,121,180,1378,2004,2124.0,0.0,1.3624690000000002,0.928342,KOR,PRY,6404
2044424,169,180,1378,2004,8274.0,0.0,-0.011979,0.261315,PAN,PRY,6404
2044425,174,180,1378,2004,2986.0,0.0,-0.076709,-0.149006,PHL,PRY,6404
2044426,230,180,1378,2004,33180.0,1828.0,0.151633,0.121776,URY,PRY,6404
2044427,231,180,1378,2004,35875.0,0.0,1.7598630000000002,0.066704,USA,PRY,6404
2044428,239,180,1378,2004,117184.0,0.0,-0.5270560000000001,0.8910389999999999,VNM,PRY,6404
2044429,2,186,1378,2004,0.0,2304.0,-0.8513709999999999,-1.173397,AGO,RUS,6404
2044430,9,186,1378,2004,0.0,21503.0,0.661799,-0.140004,ARM,RUS,6404
2044431,14,186,1378,2004,0.0,14763.0,0.196641,0.8139460000000001,AUS,RUS,6404
2044432,15,186,1378,2004,427850.0,0.0,1.825391,0.40553,AUT,RUS,6404
2044433,16,186,1378,2004,3687.0,54203.0,-0.393221,-0.9494440000000001,AZE,RUS,6404
2044434,18,186,1378,2004,637438.0,1368.0,1.350911,1.408209,BEL,RUS,6404
2044435,23,186,1378,2004,16431.0,5193.0,0.35536,1.499182,BGR,RUS,6404
2044436,28,186,1378,2004,392000.0,357307.0,0.8553139999999999,0.703926,BLR,RUS,6404
2044437,32,186,1378,2004,603470.0,2249.0,0.540718,1.149065,BRA,RUS,6404
2044438,39,186,1378,2004,65407.0,3552.0,0.9392739999999999,1.19228,CAN,RUS,6404
2044439,41,186,1378,2004,63213.0,0.0,2.151471,0.7196279999999999,CHE,RUS,6404
2044440,43,186,1378,2004,19027006.0,3166.0,0.581548,2.8689880000000003,CHN,RUS,6404
2044441,58,186,1378,2004,7467.0,863.0,0.533521,0.615939,CYP,RUS,6404
2044442,59,186,1378,2004,9920.0,45513.0,1.562625,0.865244,CZE,RUS,6404
2044443,61,186,1378,2004,3637264.0,81431.0,2.266076,-2.011139,DEU,RUS,6404
2044444,64,186,1378,2004,1668151.0,308041.0,1.328968,1.262743,DNK,RUS,6404
2044445,65,186,1378,2004,1269.0,0.0,-0.510025,-0.328257,DOM,RUS,6404
2044446,71,186,1378,2004,550125.0,25048.0,0.9784649999999999,2.051216,ESP,RUS,6404
2044447,72,186,1378,2004,16465.0,360127.0,0.6101840000000001,0.9520370000000001,EST,RUS,6404
2044448,74,186,1378,2004,1591004.0,8591.0,2.000218,0.9867309999999999,FIN,RUS,6404
2044449,77,186,1378,2004,945779.0,8783.0,1.6003530000000001,0.643945,FRA,RUS,6404
2044450,81,186,1378,2004,143700.0,9504.0,1.843506,0.684779,GBR,RUS,6404
2044451,82,186,1378,2004,0.0,9207.0,0.381348,-0.44259,GEO,RUS,6404
2044452,90,186,1378,2004,0.0,6103.0,0.348853,1.661656,GRC,RUS,6404
2044453,97,186,1378,2004,747043.0,2774.0,0.604825,2.098745,HKG,RUS,6404
2044454,100,186,1378,2004,0.0,9052.0,0.6669970000000001,1.088043,HRV,RUS,6404
2044455,102,186,1378,2004,7188.0,1540.0,1.207082,1.019714,HUN,RUS,6404
2044456,103,186,1378,2004,673749.0,0.0,-0.223644,1.719065,IDN,RUS,6404
2044457,104,186,1378,2004,32840.0,0.0,0.233348,2.790987,IND,RUS,6404
2044458,107,186,1378,2004,14589.0,0.0,-0.38210700000000003,-0.8408620000000001,IRN,RUS,6404
2044459,110,186,1378,2004,0.0,2143.0,1.250393,0.8003979999999999,ISR,RUS,6404
2044460,111,186,1378,2004,5620392.0,209189.0,1.358057,1.11533,ITA,RUS,6404
2044461,114,186,1378,2004,5573.0,163148.0,2.526624,0.452054,JPN,RUS,6404
2044462,115,186,1378,2004,0.0,362197.0,-0.09288300000000001,-0.537664,KAZ,RUS,6404
2044463,117,186,1378,2004,205424.0,0.0,0.005121,0.176652,KGZ,RUS,6404
2044464,121,186,1378,2004,123952.0,210680.0,1.3624690000000002,0.928342,KOR,RUS,6404
2044465,130,186,1378,2004,4826.0,46550.0,0.403568,0.632707,LTU,RUS,6404
2044466,132,186,1378,2004,894.0,37147.0,0.413821,0.627853,LVA,RUS,6404
2044467,133,186,1378,2004,2193.0,0.0,-0.351045,-0.487521,MAC,RUS,6404
2044468,135,186,1378,2004,666925.0,0.0,-0.155523,-0.355142,MDA,RUS,6404
2044469,138,186,1378,2004,936.0,1992.0,0.868684,0.85506,MEX,RUS,6404
2044470,140,186,1378,2004,0.0,322.0,-0.091013,0.190649,MKD,RUS,6404
2044471,142,186,1378,2004,4327.0,0.0,1.251894,0.063827,MLT,RUS,6404
2044472,145,186,1378,2004,0.0,13000.0,-1.030558,-1.03145,MNG,RUS,6404
2044473,153,186,1378,2004,46204.0,0.0,0.6710050000000001,0.17807,MYS,RUS,6404
2044474,162,186,1378,2004,237363.0,0.0,1.251808,1.586526,NLD,RUS,6404
2044475,163,186,1378,2004,51211.0,1114.0,1.10162,0.118709,NOR,RUS,6404
2044476,169,186,1378,2004,0.0,1548.0,-0.011979,0.261315,PAN,RUS,6404
2044477,174,186,1378,2004,15715.0,0.0,-0.076709,-0.149006,PHL,RUS,6404
2044478,177,186,1378,2004,192587.0,24192.0,1.019341,1.519452,POL,RUS,6404
2044479,179,186,1378,2004,40088.0,0.0,0.524524,1.901139,PRT,RUS,6404
2044480,185,186,1378,2004,74190.0,0.0,0.37241599999999997,1.015865,ROU,RUS,6404
2044481,189,186,1378,2004,39019.0,9442.0,0.628071,2.210424,SCG,RUS,6404
2044482,190,186,1378,2004,0.0,2227.0,-1.5346309999999999,-1.2599559999999999,SDN,RUS,6404
2044483,192,186,1378,2004,260416.0,0.0,1.6409779999999998,0.634947,SGP,RUS,6404
2044484,206,186,1378,2004,49347.0,18966.0,1.2375120000000002,0.8777889999999999,SVK,RUS,6404
2044485,207,186,1378,2004,45321.0,0.0,1.628643,1.02381,SVN,RUS,6404
2044486,208,186,1378,2004,6501.0,13853.0,2.0522080000000003,0.8326969999999999,SWE,RUS,6404
2044487,216,186,1378,2004,1015956.0,0.0,0.5150359999999999,1.583019,THA,RUS,6404
2044488,217,186,1378,2004,0.0,96880.0,-0.608564,-1.021599,TJK,RUS,6404
2044489,219,186,1378,2004,0.0,9715.0,-0.9705790000000001,-1.212523,TKM,RUS,6404
2044490,224,186,1378,2004,281847.0,3275.0,0.141454,1.9463599999999999,TUR,RUS,6404
2044491,228,186,1378,2004,1118527.0,210850.0,0.8758040000000001,0.8195879999999999,UKR,RUS,6404
2044492,231,186,1378,2004,113274.0,1049244.0,1.7598630000000002,0.066704,USA,RUS,6404
2044493,232,186,1378,2004,9803.0,244707.0,-0.50605,-0.824691,UZB,RUS,6404
2044494,239,186,1378,2004,2478994.0,0.0,-0.5270560000000001,0.8910389999999999,VNM,RUS,6404
2044495,246,186,1378,2004,0.0,6558.0,0.460279,1.9736220000000002,ZAF,RUS,6404
2044496,249,186,1378,2004,30682.0,3756.0,1.626307,1.358315,TWN,RUS,6404
2044497,250,186,1378,2004,0.0,2693.0,0.509382,-0.30904299999999996,ANS,RUS,6404
2044498,7,190,1378,2004,1368740.0,0.0,0.1799,-0.34541900000000003,ARE,SDN,6404
2044499,43,190,1378,2004,1085776.0,0.0,0.581548,2.8689880000000003,CHN,SDN,6404
2044500,61,190,1378,2004,54144.0,0.0,2.266076,-2.011139,DEU,SDN,6404
2044501,68,190,1378,2004,135695.0,0.0,-0.300563,0.41834899999999997,EGY,SDN,6404
2044502,73,190,1378,2004,5345.0,0.0,-1.156284,-0.900874,ETH,SDN,6404
2044503,81,190,1378,2004,7319.0,0.0,1.843506,0.684779,GBR,SDN,6404
2044504,103,190,1378,2004,2241.0,0.0,-0.223644,1.719065,IDN,SDN,6404
2044505,104,190,1378,2004,11541.0,0.0,0.233348,2.790987,IND,SDN,6404
2044506,113,190,1378,2004,4434.0,0.0,0.152989,0.385845,JOR,SDN,6404
2044507,116,190,1378,2004,12913.0,0.0,-0.503694,0.410495,KEN,SDN,6404
2044508,186,190,1378,2004,2227.0,0.0,0.8952399999999999,0.172896,RUS,SDN,6404
2044509,188,190,1378,2004,587060.0,0.0,0.546196,-0.7014729999999999,SAU,SDN,6404
2044510,212,190,1378,2004,1584161.0,0.0,-0.568707,-0.034736,SYR,SDN,6404
2044511,216,190,1378,2004,25393.0,0.0,0.5150359999999999,1.583019,THA,SDN,6404
2044512,224,190,1378,2004,5358.0,0.0,0.141454,1.9463599999999999,TUR,SDN,6404
2044513,243,190,1378,2004,3332.0,0.0,-1.15115,-1.207897,YEM,SDN,6404
2044514,8,197,1378,2004,7637.0,0.0,0.28128600000000004,0.64115,ARG,SLV,6404
2044515,32,197,1378,2004,25300.0,0.0,0.540718,1.149065,BRA,SLV,6404
2044516,39,197,1378,2004,0.0,2217.0,0.9392739999999999,1.19228,CAN,SLV,6404
2044517,42,197,1378,2004,990.0,0.0,-0.07869,-0.33641,CHL,SLV,6404
2044518,43,197,1378,2004,551325.0,0.0,0.581548,2.8689880000000003,CHN,SLV,6404
2044519,49,197,1378,2004,906.0,0.0,0.033128,0.47524799999999995,COL,SLV,6404
2044520,52,197,1378,2004,9425.0,6807.0,-0.043266000000000006,-0.376239,CRI,SLV,6404
2044521,71,197,1378,2004,15659.0,0.0,0.9784649999999999,2.051216,ESP,SLV,6404
2044522,93,197,1378,2004,286080.0,137807.0,-0.46136000000000005,0.148122,GTM,SLV,6404
2044523,97,197,1378,2004,55594.0,0.0,0.604825,2.098745,HKG,SLV,6404
2044524,99,197,1378,2004,2110.0,29046.0,-0.75975,-0.548407,HND,SLV,6404
2044525,103,197,1378,2004,7628.0,0.0,-0.223644,1.719065,IDN,SLV,6404
2044526,111,197,1378,2004,2286.0,0.0,1.358057,1.11533,ITA,SLV,6404
2044527,114,197,1378,2004,1349.0,0.0,2.526624,0.452054,JPN,SLV,6404
2044528,138,197,1378,2004,23610.0,1168.0,0.868684,0.85506,MEX,SLV,6404
2044529,160,197,1378,2004,2204.0,56741.0,-0.9789479999999999,-0.8374219999999999,NIC,SLV,6404
2044530,169,197,1378,2004,2730558.0,0.0,-0.011979,0.261315,PAN,SLV,6404
2044531,208,197,1378,2004,1032.0,0.0,2.0522080000000003,0.8326969999999999,SWE,SLV,6404
2044532,224,197,1378,2004,11833.0,0.0,0.141454,1.9463599999999999,TUR,SLV,6404
2044533,231,197,1378,2004,172375.0,132840.0,1.7598630000000002,0.066704,USA,SLV,6404
2044534,239,197,1378,2004,176051.0,0.0,-0.5270560000000001,0.8910389999999999,VNM,SLV,6404
2044535,249,197,1378,2004,6843.0,0.0,1.626307,1.358315,TWN,SLV,6404
2044536,0,205,1378,2004,5804.0,0.0,-0.30244099999999996,-0.892926,ABW,SUR,6404
2044537,6,205,1378,2004,1106.0,0.0,0.726256,-0.48520699999999994,ANT,SUR,6404
2044538,32,205,1378,2004,142572.0,0.0,0.540718,1.149065,BRA,SUR,6404
2044539,41,205,1378,2004,11746.0,0.0,2.151471,0.7196279999999999,CHE,SUR,6404
2044540,43,205,1378,2004,26672.0,0.0,0.581548,2.8689880000000003,CHN,SUR,6404
2044541,77,205,1378,2004,40598.0,0.0,1.6003530000000001,0.643945,FRA,SUR,6404
2044542,96,205,1378,2004,0.0,176.0,-1.046232,-0.985188,GUY,SUR,6404
2044543,97,205,1378,2004,50397.0,0.0,0.604825,2.098745,HKG,SUR,6404
2044544,111,205,1378,2004,3404.0,0.0,1.358057,1.11533,ITA,SUR,6404
2044545,162,205,1378,2004,45145.0,0.0,1.251808,1.586526,NLD,SUR,6404
2044546,231,205,1378,2004,7110.0,0.0,1.7598630000000002,0.066704,USA,SUR,6404
2044547,239,205,1378,2004,15745.0,0.0,-0.5270560000000001,0.8910389999999999,VNM,SUR,6404
2044548,14,208,1378,2004,3129.0,1333.0,0.196641,0.8139460000000001,AUS,SWE,6404
2044549,15,208,1378,2004,97809.0,33935.0,1.825391,0.40553,AUT,SWE,6404
2044550,18,208,1378,2004,12010449.0,28118.0,1.350911,1.408209,BEL,SWE,6404
2044551,22,208,1378,2004,322045.0,0.0,-1.150444,-0.885333,BGD,SWE,6404
2044552,23,208,1378,2004,58483.0,1060.0,0.35536,1.499182,BGR,SWE,6404
2044553,32,208,1378,2004,10889.0,0.0,0.540718,1.149065,BRA,SWE,6404
2044554,39,208,1378,2004,16525.0,12277.0,0.9392739999999999,1.19228,CAN,SWE,6404
2044555,41,208,1378,2004,23281.0,61933.0,2.151471,0.7196279999999999,CHE,SWE,6404
2044556,43,208,1378,2004,9466022.0,6414.0,0.581548,2.8689880000000003,CHN,SWE,6404
2044557,46,208,1378,2004,0.0,1092.0,-1.405291,-1.108962,COD,SWE,6404
2044558,59,208,1378,2004,1588.0,53021.0,1.562625,0.865244,CZE,SWE,6404
2044559,61,208,1378,2004,4081349.0,359798.0,2.266076,-2.011139,DEU,SWE,6404
2044560,64,208,1378,2004,9372863.0,5560833.0,1.328968,1.262743,DNK,SWE,6404
2044561,71,208,1378,2004,1579300.0,13817.0,0.9784649999999999,2.051216,ESP,SWE,6404
2044562,72,208,1378,2004,611051.0,151590.0,0.6101840000000001,0.9520370000000001,EST,SWE,6404
2044563,74,208,1378,2004,606812.0,3234373.0,2.000218,0.9867309999999999,FIN,SWE,6404
2044564,77,208,1378,2004,2394578.0,242159.0,1.6003530000000001,0.643945,FRA,SWE,6404
2044565,78,208,1378,2004,0.0,43312.0,-1.026359,-0.960327,FRO,SWE,6404
2044566,81,208,1378,2004,881797.0,380033.0,1.843506,0.684779,GBR,SWE,6404
2044567,90,208,1378,2004,7589.0,56646.0,0.348853,1.661656,GRC,SWE,6404
2044568,92,208,1378,2004,0.0,39345.0,-1.31451,-0.969981,GRL,SWE,6404
2044569,97,208,1378,2004,2886142.0,5445.0,0.604825,2.098745,HKG,SWE,6404
2044570,100,208,1378,2004,0.0,18759.0,0.6669970000000001,1.088043,HRV,SWE,6404
2044571,102,208,1378,2004,0.0,20740.0,1.207082,1.019714,HUN,SWE,6404
2044572,103,208,1378,2004,981000.0,0.0,-0.223644,1.719065,IDN,SWE,6404
2044573,104,208,1378,2004,977618.0,0.0,0.233348,2.790987,IND,SWE,6404
2044574,106,208,1378,2004,1836.0,62066.0,1.501859,0.14456,IRL,SWE,6404
2044575,109,208,1378,2004,9600.0,66002.0,0.298844,-0.36366,ISL,SWE,6404
2044576,111,208,1378,2004,3725894.0,173491.0,1.358057,1.11533,ITA,SWE,6404
2044577,114,208,1378,2004,8800.0,5096.0,2.526624,0.452054,JPN,SWE,6404
2044578,118,208,1378,2004,148235.0,0.0,-1.4676209999999998,-1.1972639999999999,KHM,SWE,6404
2044579,121,208,1378,2004,64397.0,1611.0,1.3624690000000002,0.928342,KOR,SWE,6404
2044580,130,208,1378,2004,0.0,13540.0,0.403568,0.632707,LTU,SWE,6404
2044581,132,208,1378,2004,453609.0,109474.0,0.413821,0.627853,LVA,SWE,6404
2044582,133,208,1378,2004,30806.0,0.0,-0.351045,-0.487521,MAC,SWE,6404
2044583,134,208,1378,2004,4108.0,0.0,-0.681556,-0.152372,MAR,SWE,6404
2044584,153,208,1378,2004,170145.0,1017.0,0.6710050000000001,0.17807,MYS,SWE,6404
2044585,162,208,1378,2004,2611010.0,113422.0,1.251808,1.586526,NLD,SWE,6404
2044586,163,208,1378,2004,3902421.0,2409710.0,1.10162,0.118709,NOR,SWE,6404
2044587,164,208,1378,2004,3034.0,0.0,-0.323954,0.5528,NPL,SWE,6404
2044588,168,208,1378,2004,15511.0,14965.0,-0.754143,0.25995100000000004,PAK,SWE,6404
2044589,174,208,1378,2004,110315.0,0.0,-0.076709,-0.149006,PHL,SWE,6404
2044590,177,208,1378,2004,20844.0,62310.0,1.019341,1.519452,POL,SWE,6404
2044591,179,208,1378,2004,673375.0,62911.0,0.524524,1.901139,PRT,SWE,6404
2044592,185,208,1378,2004,193170.0,1274.0,0.37241599999999997,1.015865,ROU,SWE,6404
2044593,186,208,1378,2004,13853.0,6501.0,0.8952399999999999,0.172896,RUS,SWE,6404
2044594,189,208,1378,2004,0.0,2294.0,0.628071,2.210424,SCG,SWE,6404
2044595,197,208,1378,2004,0.0,1032.0,-0.20529499999999998,0.1116,SLV,SWE,6404
2044596,206,208,1378,2004,38555.0,1228.0,1.2375120000000002,0.8777889999999999,SVK,SWE,6404
2044597,207,208,1378,2004,0.0,2390.0,1.628643,1.02381,SVN,SWE,6404
2044598,216,208,1378,2004,347933.0,16791.0,0.5150359999999999,1.583019,THA,SWE,6404
2044599,224,208,1378,2004,180531.0,18998.0,0.141454,1.9463599999999999,TUR,SWE,6404
2044600,228,208,1378,2004,5272.0,26821.0,0.8758040000000001,0.8195879999999999,UKR,SWE,6404
2044601,231,208,1378,2004,160851.0,591942.0,1.7598630000000002,0.066704,USA,SWE,6404
2044602,239,208,1378,2004,5762950.0,0.0,-0.5270560000000001,0.8910389999999999,VNM,SWE,6404
2044603,246,208,1378,2004,0.0,1717.0,0.460279,1.9736220000000002,ZAF,SWE,6404
2044604,249,208,1378,2004,87265.0,0.0,1.626307,1.358315,TWN,SWE,6404
2044605,1,216,1378,2004,0.0,59526.0,-0.6831550000000001,-0.756696,AFG,THA,6404
2044606,2,216,1378,2004,0.0,83075.0,-0.8513709999999999,-1.173397,AGO,THA,6404
2044607,5,216,1378,2004,0.0,1962.0,1.268618,0.835359,AND,THA,6404
2044608,6,216,1378,2004,0.0,6236.0,0.726256,-0.48520699999999994,ANT,THA,6404
2044609,7,216,1378,2004,0.0,1154008.0,0.1799,-0.34541900000000003,ARE,THA,6404
2044610,8,216,1378,2004,0.0,15329.0,0.28128600000000004,0.64115,ARG,THA,6404
2044611,14,216,1378,2004,13104.0,1051191.0,0.196641,0.8139460000000001,AUS,THA,6404
2044612,15,216,1378,2004,0.0,63863.0,1.825391,0.40553,AUT,THA,6404
2044613,18,216,1378,2004,0.0,19556454.0,1.350911,1.408209,BEL,THA,6404
2044614,19,216,1378,2004,0.0,3308.0,-1.299345,-0.9871260000000001,BEN,THA,6404
2044615,22,216,1378,2004,0.0,49958.0,-1.150444,-0.885333,BGD,THA,6404
2044616,23,216,1378,2004,0.0,10031.0,0.35536,1.499182,BGR,THA,6404
2044617,24,216,1378,2004,0.0,8619.0,0.045344999999999996,-1.001059,BHR,THA,6404
2044618,26,216,1378,2004,0.0,14860.0,0.385952,0.571774,BIH,THA,6404
2044619,32,216,1378,2004,87015.0,106715.0,0.540718,1.149065,BRA,THA,6404
2044620,33,216,1378,2004,0.0,1653.0,0.8541559999999999,0.25895799999999997,BRB,THA,6404
2044621,34,216,1378,2004,0.0,7989.0,-1.271325,-1.03277,BRN,THA,6404
2044622,37,216,1378,2004,0.0,2203.0,-0.8574229999999999,-1.191754,BWA,THA,6404
2044623,39,216,1378,2004,0.0,548796.0,0.9392739999999999,1.19228,CAN,THA,6404
2044624,41,216,1378,2004,52143.0,338434.0,2.151471,0.7196279999999999,CHE,THA,6404
2044625,42,216,1378,2004,0.0,497261.0,-0.07869,-0.33641,CHL,THA,6404
2044626,43,216,1378,2004,2563643.0,430796.0,0.581548,2.8689880000000003,CHN,THA,6404
2044627,44,216,1378,2004,0.0,18554.0,-0.8490979999999999,-0.754732,CIV,THA,6404
2044628,45,216,1378,2004,0.0,4938.0,-1.604916,-1.217399,CMR,THA,6404
2044629,47,216,1378,2004,0.0,3534.0,-1.610222,-1.184921,COG,THA,6404
2044630,49,216,1378,2004,0.0,76302.0,0.033128,0.47524799999999995,COL,THA,6404
2044631,50,216,1378,2004,0.0,1583.0,-0.581058,-0.8678309999999999,COM,THA,6404
2044632,54,216,1378,2004,0.0,1456.0,-0.040541,-0.634675,CUB,THA,6404
2044633,58,216,1378,2004,0.0,89222.0,0.533521,0.615939,CYP,THA,6404
2044634,59,216,1378,2004,0.0,812759.0,1.562625,0.865244,CZE,THA,6404
2044635,61,216,1378,2004,12162.0,2472050.0,2.266076,-2.011139,DEU,THA,6404
2044636,64,216,1378,2004,4870.0,689222.0,1.328968,1.262743,DNK,THA,6404
2044637,66,216,1378,2004,0.0,95570.0,-0.725066,-1.163606,DZA,THA,6404
2044638,67,216,1378,2004,0.0,179975.0,-1.149101,-1.013619,ECU,THA,6404
2044639,68,216,1378,2004,0.0,27254.0,-0.300563,0.41834899999999997,EGY,THA,6404
2044640,71,216,1378,2004,12725.0,4117064.0,0.9784649999999999,2.051216,ESP,THA,6404
2044641,72,216,1378,2004,0.0,122429.0,0.6101840000000001,0.9520370000000001,EST,THA,6404
2044642,73,216,1378,2004,0.0,1423.0,-1.156284,-0.900874,ETH,THA,6404
2044643,74,216,1378,2004,0.0,508344.0,2.000218,0.9867309999999999,FIN,THA,6404
2044644,75,216,1378,2004,0.0,81738.0,-0.8870969999999999,-0.287427,FJI,THA,6404
2044645,77,216,1378,2004,143918.0,6460039.0,1.6003530000000001,0.643945,FRA,THA,6404
2044646,81,216,1378,2004,36240.0,5238018.0,1.843506,0.684779,GBR,THA,6404
2044647,82,216,1378,2004,0.0,5835.0,0.381348,-0.44259,GEO,THA,6404
2044648,83,216,1378,2004,0.0,6406.0,-1.2972540000000001,-0.9967219999999999,GHA,THA,6404
2044649,87,216,1378,2004,0.0,1338.0,-0.135943,-0.226541,GMB,THA,6404
2044650,90,216,1378,2004,0.0,566294.0,0.348853,1.661656,GRC,THA,6404
2044651,95,216,1378,2004,0.0,2561.0,0.13034500000000002,-0.40525700000000003,GUM,THA,6404
2044652,97,216,1378,2004,178221.0,1001795.0,0.604825,2.098745,HKG,THA,6404
2044653,100,216,1378,2004,0.0,205256.0,0.6669970000000001,1.088043,HRV,THA,6404
2044654,102,216,1378,2004,0.0,69476.0,1.207082,1.019714,HUN,THA,6404
2044655,103,216,1378,2004,1634258.0,8704.0,-0.223644,1.719065,IDN,THA,6404
2044656,104,216,1378,2004,13621.0,494520.0,0.233348,2.790987,IND,THA,6404
2044657,106,216,1378,2004,0.0,254375.0,1.501859,0.14456,IRL,THA,6404
2044658,107,216,1378,2004,0.0,11371.0,-0.38210700000000003,-0.8408620000000001,IRN,THA,6404
2044659,109,216,1378,2004,0.0,113361.0,0.298844,-0.36366,ISL,THA,6404
2044660,110,216,1378,2004,0.0,77985.0,1.250393,0.8003979999999999,ISR,THA,6404
2044661,111,216,1378,2004,90954.0,2927531.0,1.358057,1.11533,ITA,THA,6404
2044662,112,216,1378,2004,0.0,93295.0,-0.64957,-0.944183,JAM,THA,6404
2044663,113,216,1378,2004,0.0,1374.0,0.152989,0.385845,JOR,THA,6404
2044664,114,216,1378,2004,82756.0,10694540.0,2.526624,0.452054,JPN,THA,6404
2044665,115,216,1378,2004,0.0,1543.0,-0.09288300000000001,-0.537664,KAZ,THA,6404
2044666,116,216,1378,2004,0.0,10345.0,-0.503694,0.410495,KEN,THA,6404
2044667,117,216,1378,2004,0.0,8312.0,0.005121,0.176652,KGZ,THA,6404
2044668,118,216,1378,2004,0.0,838579.0,-1.4676209999999998,-1.1972639999999999,KHM,THA,6404
2044669,121,216,1378,2004,75086.0,1642858.0,1.3624690000000002,0.928342,KOR,THA,6404
2044670,122,216,1378,2004,0.0,51314.0,-0.481908,-1.172081,KWT,THA,6404
2044671,123,216,1378,2004,0.0,296581.0,-1.274622,-1.082807,LAO,THA,6404
2044672,124,216,1378,2004,0.0,37029.0,0.32409899999999997,1.037024,LBN,THA,6404
2044673,125,216,1378,2004,0.0,24820.0,0.016191,-1.070051,LBR,THA,6404
2044674,126,216,1378,2004,0.0,19158.0,-0.42119700000000004,-1.179463,LBY,THA,6404
2044675,127,216,1378,2004,0.0,7631.0,0.233152,-0.351169,LCA,THA,6404
2044676,128,216,1378,2004,0.0,64847.0,-0.658668,0.21912600000000002,LKA,THA,6404
2044677,130,216,1378,2004,0.0,27208.0,0.403568,0.632707,LTU,THA,6404
2044678,132,216,1378,2004,0.0,61129.0,0.413821,0.627853,LVA,THA,6404
2044679,133,216,1378,2004,0.0,623.0,-0.351045,-0.487521,MAC,THA,6404
2044680,134,216,1378,2004,0.0,3479.0,-0.681556,-0.152372,MAR,THA,6404
2044681,136,216,1378,2004,0.0,4392.0,-1.355542,-0.634409,MDG,THA,6404
2044682,137,216,1378,2004,0.0,191605.0,-0.34020700000000004,-0.817298,MDV,THA,6404
2044683,138,216,1378,2004,0.0,996084.0,0.868684,0.85506,MEX,THA,6404
2044684,141,216,1378,2004,0.0,5254.0,-0.6905100000000001,-0.9162459999999999,MLI,THA,6404
2044685,142,216,1378,2004,0.0,54360.0,1.251894,0.063827,MLT,THA,6404
2044686,143,216,1378,2004,11807.0,55727.0,-1.400614,-0.947664,MMR,THA,6404
2044687,151,216,1378,2004,0.0,52027.0,-0.374754,-0.288504,MUS,THA,6404
2044688,153,216,1378,2004,837233.0,368089.0,0.6710050000000001,0.17807,MYS,THA,6404
2044689,154,216,1378,2004,0.0,5448.0,1.179671,0.016149,MYT,THA,6404
2044690,155,216,1378,2004,0.0,4701.0,-0.40995299999999996,-0.550272,NAM,THA,6404
2044691,156,216,1378,2004,0.0,66389.0,-0.49824700000000005,-0.8284239999999999,NCL,THA,6404
2044692,159,216,1378,2004,0.0,19046.0,-2.413432,-1.3033190000000001,NGA,THA,6404
2044693,160,216,1378,2004,0.0,2570.0,-0.9789479999999999,-0.8374219999999999,NIC,THA,6404
2044694,162,216,1378,2004,0.0,4210665.0,1.251808,1.586526,NLD,THA,6404
2044695,163,216,1378,2004,0.0,129731.0,1.10162,0.118709,NOR,THA,6404
2044696,164,216,1378,2004,0.0,35513.0,-0.323954,0.5528,NPL,THA,6404
2044697,166,216,1378,2004,0.0,219519.0,0.567392,0.965781,NZL,THA,6404
2044698,167,216,1378,2004,0.0,8291.0,-0.62946,-1.108933,OMN,THA,6404
2044699,168,216,1378,2004,6424.0,135424.0,-0.754143,0.25995100000000004,PAK,THA,6404
2044700,169,216,1378,2004,0.0,637930.0,-0.011979,0.261315,PAN,THA,6404
2044701,173,216,1378,2004,0.0,138866.0,-0.564244,0.131232,PER,THA,6404
2044702,174,216,1378,2004,22169.0,338142.0,-0.076709,-0.149006,PHL,THA,6404
2044703,176,216,1378,2004,0.0,7450.0,-1.7599200000000002,-1.219971,PNG,THA,6404
2044704,177,216,1378,2004,0.0,38526.0,1.019341,1.519452,POL,THA,6404
2044705,178,216,1378,2004,27992.0,122454.0,0.578991,0.781518,PRK,THA,6404
2044706,179,216,1378,2004,38015.0,102909.0,0.524524,1.901139,PRT,THA,6404
2044707,182,216,1378,2004,0.0,34623.0,-0.414954,-0.773736,PYF,THA,6404
2044708,183,216,1378,2004,0.0,96076.0,0.21713400000000002,-1.031806,QAT,THA,6404
2044709,185,216,1378,2004,0.0,135559.0,0.37241599999999997,1.015865,ROU,THA,6404
2044710,186,216,1378,2004,0.0,1015956.0,0.8952399999999999,0.172896,RUS,THA,6404
2044711,188,216,1378,2004,0.0,342342.0,0.546196,-0.7014729999999999,SAU,THA,6404
2044712,189,216,1378,2004,0.0,56024.0,0.628071,2.210424,SCG,THA,6404
2044713,190,216,1378,2004,0.0,25393.0,-1.5346309999999999,-1.2599559999999999,SDN,THA,6404
2044714,192,216,1378,2004,416822.0,1289579.0,1.6409779999999998,0.634947,SGP,THA,6404
2044715,206,216,1378,2004,0.0,84742.0,1.2375120000000002,0.8777889999999999,SVK,THA,6404
2044716,207,216,1378,2004,0.0,17231.0,1.628643,1.02381,SVN,THA,6404
2044717,208,216,1378,2004,16791.0,347933.0,2.0522080000000003,0.8326969999999999,SWE,THA,6404
2044718,209,216,1378,2004,0.0,2988.0,0.397488,-0.264855,SWZ,THA,6404
2044719,211,216,1378,2004,0.0,5614.0,-0.12954100000000002,-0.713507,SYC,THA,6404
2044720,215,216,1378,2004,0.0,4594.0,-0.6788270000000001,-0.482984,TGO,THA,6404
2044721,219,216,1378,2004,0.0,3768.0,-0.9705790000000001,-1.212523,TKM,THA,6404
2044722,221,216,1378,2004,0.0,50283.0,-0.639641,-0.798275,TON,THA,6404
2044723,223,216,1378,2004,0.0,12471.0,-0.195751,0.335147,TUN,THA,6404
2044724,224,216,1378,2004,0.0,256470.0,0.141454,1.9463599999999999,TUR,THA,6404
2044725,226,216,1378,2004,0.0,4316.0,-1.022658,-0.007045999999999999,TZA,THA,6404
2044726,227,216,1378,2004,0.0,1508.0,-0.914733,-0.554346,UGA,THA,6404
2044727,228,216,1378,2004,0.0,52426.0,0.8758040000000001,0.8195879999999999,UKR,THA,6404
2044728,230,216,1378,2004,0.0,39607.0,0.151633,0.121776,URY,THA,6404
2044729,231,216,1378,2004,96499.0,9810219.0,1.7598630000000002,0.066704,USA,THA,6404
2044730,236,216,1378,2004,0.0,537849.0,0.048698000000000005,-0.899776,VEN,THA,6404
2044731,239,216,1378,2004,359749.0,57673.0,-0.5270560000000001,0.8910389999999999,VNM,THA,6404
2044732,243,216,1378,2004,0.0,931.0,-1.15115,-1.207897,YEM,THA,6404
2044733,246,216,1378,2004,0.0,993217.0,0.460279,1.9736220000000002,ZAF,THA,6404
2044734,247,216,1378,2004,0.0,2954.0,-0.9972190000000001,-0.853986,ZMB,THA,6404
2044735,249,216,1378,2004,20314.0,1382746.0,1.626307,1.358315,TWN,THA,6404
2044736,250,216,1378,2004,0.0,1410.0,0.509382,-0.30904299999999996,ANS,THA,6404
2044737,6,222,1378,2004,4214.0,0.0,0.726256,-0.48520699999999994,ANT,TTO,6404
2044738,32,222,1378,2004,28060.0,0.0,0.540718,1.149065,BRA,TTO,6404
2044739,39,222,1378,2004,6568.0,0.0,0.9392739999999999,1.19228,CAN,TTO,6404
2044740,41,222,1378,2004,20700.0,0.0,2.151471,0.7196279999999999,CHE,TTO,6404
2044741,43,222,1378,2004,211175.0,0.0,0.581548,2.8689880000000003,CHN,TTO,6404
2044742,61,222,1378,2004,7320.0,0.0,2.266076,-2.011139,DEU,TTO,6404
2044743,63,222,1378,2004,0.0,4731.0,0.322803,-0.000479,DMA,TTO,6404
2044744,81,222,1378,2004,8562.0,0.0,1.843506,0.684779,GBR,TTO,6404
2044745,96,222,1378,2004,0.0,753.0,-1.046232,-0.985188,GUY,TTO,6404
2044746,97,222,1378,2004,18734.0,0.0,0.604825,2.098745,HKG,TTO,6404
2044747,104,222,1378,2004,6160.0,0.0,0.233348,2.790987,IND,TTO,6404
2044748,169,222,1378,2004,138018.0,0.0,-0.011979,0.261315,PAN,TTO,6404
2044749,231,222,1378,2004,58718.0,0.0,1.7598630000000002,0.066704,USA,TTO,6404
2044750,239,222,1378,2004,362283.0,0.0,-0.5270560000000001,0.8910389999999999,VNM,TTO,6404
2044751,8,230,1378,2004,673897.0,53138.0,0.28128600000000004,0.64115,ARG,URY,6404
2044752,14,230,1378,2004,0.0,2407.0,0.196641,0.8139460000000001,AUS,URY,6404
2044753,32,230,1378,2004,2501915.0,0.0,0.540718,1.149065,BRA,URY,6404
2044754,39,230,1378,2004,0.0,2803.0,0.9392739999999999,1.19228,CAN,URY,6404
2044755,42,230,1378,2004,87297.0,0.0,-0.07869,-0.33641,CHL,URY,6404
2044756,43,230,1378,2004,3798136.0,0.0,0.581548,2.8689880000000003,CHN,URY,6404
2044757,49,230,1378,2004,6637.0,0.0,0.033128,0.47524799999999995,COL,URY,6404
2044758,77,230,1378,2004,3011.0,0.0,1.6003530000000001,0.643945,FRA,URY,6404
2044759,97,230,1378,2004,11978.0,0.0,0.604825,2.098745,HKG,URY,6404
2044760,103,230,1378,2004,110610.0,0.0,-0.223644,1.719065,IDN,URY,6404
2044761,111,230,1378,2004,47481.0,0.0,1.358057,1.11533,ITA,URY,6404
2044762,162,230,1378,2004,9310.0,0.0,1.251808,1.586526,NLD,URY,6404
2044763,180,230,1378,2004,1828.0,33180.0,-0.64574,-0.978875,PRY,URY,6404
2044764,216,230,1378,2004,39607.0,0.0,0.5150359999999999,1.583019,THA,URY,6404
2044765,231,230,1378,2004,18182.0,4930.0,1.7598630000000002,0.066704,USA,URY,6404
2044766,239,230,1378,2004,173912.0,0.0,-0.5270560000000001,0.8910389999999999,VNM,URY,6404
2044767,0,231,1378,2004,0.0,173721.0,-0.30244099999999996,-0.892926,ABW,USA,6404
2044768,2,231,1378,2004,0.0,806226.0,-0.8513709999999999,-1.173397,AGO,USA,6404
2044769,3,231,1378,2004,0.0,13691.0,1.14242,-0.061847000000000006,AIA,USA,6404
2044770,5,231,1378,2004,0.0,1073.0,1.268618,0.835359,AND,USA,6404
2044771,6,231,1378,2004,0.0,267046.0,0.726256,-0.48520699999999994,ANT,USA,6404
2044772,7,231,1378,2004,12104.0,285068.0,0.1799,-0.34541900000000003,ARE,USA,6404
2044773,8,231,1378,2004,64730.0,4763.0,0.28128600000000004,0.64115,ARG,USA,6404
2044774,9,231,1378,2004,0.0,10520.0,0.661799,-0.140004,ARM,USA,6404
2044775,14,231,1378,2004,29442.0,796035.0,0.196641,0.8139460000000001,AUS,USA,6404
2044776,15,231,1378,2004,1495988.0,72715.0,1.825391,0.40553,AUT,USA,6404
2044777,17,231,1378,2004,0.0,3136.0,-0.939393,-0.919969,BDI,USA,6404
2044778,18,231,1378,2004,114069.0,82072.0,1.350911,1.408209,BEL,USA,6404
2044779,22,231,1378,2004,21095.0,7085.0,-1.150444,-0.885333,BGD,USA,6404
2044780,23,231,1378,2004,16150.0,3471.0,0.35536,1.499182,BGR,USA,6404
2044781,25,231,1378,2004,0.0,121448.0,0.620432,-0.513724,BHS,USA,6404
2044782,26,231,1378,2004,22468.0,6352.0,0.385952,0.571774,BIH,USA,6404
2044783,29,231,1378,2004,0.0,67401.0,-0.355391,-0.662783,BLZ,USA,6404
2044784,30,231,1378,2004,0.0,1324913.0,1.024248,-0.499122,BMU,USA,6404
2044785,31,231,1378,2004,0.0,10704.0,-0.9288489999999999,-0.929884,BOL,USA,6404
2044786,32,231,1378,2004,17639985.0,68635.0,0.540718,1.149065,BRA,USA,6404
2044787,33,231,1378,2004,0.0,28065.0,0.8541559999999999,0.25895799999999997,BRB,USA,6404
2044788,34,231,1378,2004,0.0,468.0,-1.271325,-1.03277,BRN,USA,6404
2044789,39,231,1378,2004,7005065.0,15826385.0,0.9392739999999999,1.19228,CAN,USA,6404
2044790,41,231,1378,2004,449927.0,67634.0,2.151471,0.7196279999999999,CHE,USA,6404
2044791,42,231,1378,2004,0.0,247660.0,-0.07869,-0.33641,CHL,USA,6404
2044792,43,231,1378,2004,612739688.0,405161.0,0.581548,2.8689880000000003,CHN,USA,6404
2044793,44,231,1378,2004,0.0,990.0,-0.8490979999999999,-0.754732,CIV,USA,6404
2044794,45,231,1378,2004,21551.0,31236.0,-1.604916,-1.217399,CMR,USA,6404
2044795,49,231,1378,2004,776632.0,80682.0,0.033128,0.47524799999999995,COL,USA,6404
2044796,51,231,1378,2004,0.0,11000.0,-0.160185,-0.729291,CPV,USA,6404
2044797,52,231,1378,2004,57793.0,60752.0,-0.043266000000000006,-0.376239,CRI,USA,6404
2044798,56,231,1378,2004,6130.0,0.0,0.590055,-0.721742,CXR,USA,6404
2044799,57,231,1378,2004,0.0,8890.0,0.349925,-0.794084,CYM,USA,6404
2044800,58,231,1378,2004,0.0,18329.0,0.533521,0.615939,CYP,USA,6404
2044801,59,231,1378,2004,151248.0,4166.0,1.562625,0.865244,CZE,USA,6404
2044802,61,231,1378,2004,3998946.0,589316.0,2.266076,-2.011139,DEU,USA,6404
2044803,63,231,1378,2004,0.0,32113.0,0.322803,-0.000479,DMA,USA,6404
2044804,64,231,1378,2004,816578.0,259710.0,1.328968,1.262743,DNK,USA,6404
2044805,65,231,1378,2004,13568337.0,433758.0,-0.510025,-0.328257,DOM,USA,6404
2044806,66,231,1378,2004,0.0,43491.0,-0.725066,-1.163606,DZA,USA,6404
2044807,67,231,1378,2004,144028.0,383316.0,-1.149101,-1.013619,ECU,USA,6404
2044808,68,231,1378,2004,0.0,5195.0,-0.300563,0.41834899999999997,EGY,USA,6404
2044809,71,231,1378,2004,25504406.0,123809.0,0.9784649999999999,2.051216,ESP,USA,6404
2044810,72,231,1378,2004,0.0,17363.0,0.6101840000000001,0.9520370000000001,EST,USA,6404
2044811,74,231,1378,2004,4902.0,1554748.0,2.000218,0.9867309999999999,FIN,USA,6404
2044812,75,231,1378,2004,0.0,8094.0,-0.8870969999999999,-0.287427,FJI,USA,6404
2044813,77,231,1378,2004,2445498.0,734272.0,1.6003530000000001,0.643945,FRA,USA,6404
2044814,78,231,1378,2004,0.0,13234.0,-1.026359,-0.960327,FRO,USA,6404
2044815,79,231,1378,2004,0.0,10373.0,-1.647605,-1.093832,FSM,USA,6404
2044816,80,231,1378,2004,0.0,9345.0,-0.700329,-1.137018,GAB,USA,6404
2044817,81,231,1378,2004,1872795.0,1552621.0,1.843506,0.684779,GBR,USA,6404
2044818,82,231,1378,2004,0.0,7795.0,0.381348,-0.44259,GEO,USA,6404
2044819,83,231,1378,2004,0.0,55517.0,-1.2972540000000001,-0.9967219999999999,GHA,USA,6404
2044820,85,231,1378,2004,0.0,8922.0,-1.314543,-1.155153,GIN,USA,6404
2044821,87,231,1378,2004,0.0,5340.0,-0.135943,-0.226541,GMB,USA,6404
2044822,90,231,1378,2004,1584.0,40917.0,0.348853,1.661656,GRC,USA,6404
2044823,91,231,1378,2004,0.0,110136.0,0.40210100000000004,-0.382662,GRD,USA,6404
2044824,93,231,1378,2004,0.0,879447.0,-0.46136000000000005,0.148122,GTM,USA,6404
2044825,96,231,1378,2004,0.0,65324.0,-1.046232,-0.985188,GUY,USA,6404
2044826,97,231,1378,2004,10328442.0,432047.0,0.604825,2.098745,HKG,USA,6404
2044827,99,231,1378,2004,17933.0,753444.0,-0.75975,-0.548407,HND,USA,6404
2044828,100,231,1378,2004,24260.0,17564.0,0.6669970000000001,1.088043,HRV,USA,6404
2044829,101,231,1378,2004,0.0,40404.0,-1.348507,-0.979369,HTI,USA,6404
2044830,102,231,1378,2004,36359.0,126771.0,1.207082,1.019714,HUN,USA,6404
2044831,103,231,1378,2004,16887959.0,45728.0,-0.223644,1.719065,IDN,USA,6404
2044832,104,231,1378,2004,2120026.0,46810.0,0.233348,2.790987,IND,USA,6404
2044833,106,231,1378,2004,18325.0,25790.0,1.501859,0.14456,IRL,USA,6404
2044834,109,231,1378,2004,0.0,6159.0,0.298844,-0.36366,ISL,USA,6404
2044835,110,231,1378,2004,90994.0,90801.0,1.250393,0.8003979999999999,ISR,USA,6404
2044836,111,231,1378,2004,61813516.0,477931.0,1.358057,1.11533,ITA,USA,6404
2044837,112,231,1378,2004,0.0,362432.0,-0.64957,-0.944183,JAM,USA,6404
2044838,113,231,1378,2004,39502.0,118469.0,0.152989,0.385845,JOR,USA,6404
2044839,114,231,1378,2004,696257.0,3874029.0,2.526624,0.452054,JPN,USA,6404
2044840,115,231,1378,2004,0.0,2597.0,-0.09288300000000001,-0.537664,KAZ,USA,6404
2044841,116,231,1378,2004,0.0,69367.0,-0.503694,0.410495,KEN,USA,6404
2044842,117,231,1378,2004,0.0,4187.0,0.005121,0.176652,KGZ,USA,6404
2044843,120,231,1378,2004,2480.0,16015.0,0.538271,-0.43505299999999997,KNA,USA,6404
2044844,121,231,1378,2004,835842.0,3528797.0,1.3624690000000002,0.928342,KOR,USA,6404
2044845,122,231,1378,2004,0.0,47384.0,-0.481908,-1.172081,KWT,USA,6404
2044846,124,231,1378,2004,14631.0,196179.0,0.32409899999999997,1.037024,LBN,USA,6404
2044847,125,231,1378,2004,0.0,18007.0,0.016191,-1.070051,LBR,USA,6404
2044848,127,231,1378,2004,0.0,257947.0,0.233152,-0.351169,LCA,USA,6404
2044849,128,231,1378,2004,75435.0,0.0,-0.658668,0.21912600000000002,LKA,USA,6404
2044850,130,231,1378,2004,0.0,2609.0,0.403568,0.632707,LTU,USA,6404
2044851,131,231,1378,2004,0.0,6676.0,1.37529,1.0172649999999999,LUX,USA,6404
2044852,132,231,1378,2004,0.0,25824.0,0.413821,0.627853,LVA,USA,6404
2044853,133,231,1378,2004,61159.0,0.0,-0.351045,-0.487521,MAC,USA,6404
2044854,134,231,1378,2004,71802.0,19698.0,-0.681556,-0.152372,MAR,USA,6404
2044855,135,231,1378,2004,296870.0,49388.0,-0.155523,-0.355142,MDA,USA,6404
2044856,138,231,1378,2004,20838202.0,3205112.0,0.868684,0.85506,MEX,USA,6404
2044857,140,231,1378,2004,0.0,11763.0,-0.091013,0.190649,MKD,USA,6404
2044858,141,231,1378,2004,0.0,1099.0,-0.6905100000000001,-0.9162459999999999,MLI,USA,6404
2044859,142,231,1378,2004,22752.0,25422.0,1.251894,0.063827,MLT,USA,6404
2044860,145,231,1378,2004,0.0,6392.0,-1.030558,-1.03145,MNG,USA,6404
2044861,149,231,1378,2004,0.0,3743.0,0.736775,-0.001405,MSR,USA,6404
2044862,151,231,1378,2004,10824.0,0.0,-0.374754,-0.288504,MUS,USA,6404
2044863,153,231,1378,2004,245137.0,246834.0,0.6710050000000001,0.17807,MYS,USA,6404
2044864,154,231,1378,2004,0.0,329.0,1.179671,0.016149,MYT,USA,6404
2044865,156,231,1378,2004,32854.0,53777.0,-0.49824700000000005,-0.8284239999999999,NCL,USA,6404
2044866,157,231,1378,2004,0.0,1235.0,-0.8203799999999999,-0.7488,NER,USA,6404
2044867,159,231,1378,2004,0.0,174630.0,-2.413432,-1.3033190000000001,NGA,USA,6404
2044868,160,231,1378,2004,0.0,70394.0,-0.9789479999999999,-0.8374219999999999,NIC,USA,6404
2044869,162,231,1378,2004,69101.0,404958.0,1.251808,1.586526,NLD,USA,6404
2044870,163,231,1378,2004,16086.0,83341.0,1.10162,0.118709,NOR,USA,6404
2044871,164,231,1378,2004,9488.0,18660.0,-0.323954,0.5528,NPL,USA,6404
2044872,166,231,1378,2004,42459.0,242234.0,0.567392,0.965781,NZL,USA,6404
2044873,168,231,1378,2004,277898.0,12710.0,-0.754143,0.25995100000000004,PAK,USA,6404
2044874,169,231,1378,2004,0.0,5156874.0,-0.011979,0.261315,PAN,USA,6404
2044875,173,231,1378,2004,891785.0,34373.0,-0.564244,0.131232,PER,USA,6404
2044876,174,231,1378,2004,539788.0,507211.0,-0.076709,-0.149006,PHL,USA,6404
2044877,176,231,1378,2004,0.0,677.0,-1.7599200000000002,-1.219971,PNG,USA,6404
2044878,177,231,1378,2004,41213.0,21863.0,1.019341,1.519452,POL,USA,6404
2044879,179,231,1378,2004,762657.0,126777.0,0.524524,1.901139,PRT,USA,6404
2044880,180,231,1378,2004,0.0,35875.0,-0.64574,-0.978875,PRY,USA,6404
2044881,182,231,1378,2004,0.0,77316.0,-0.414954,-0.773736,PYF,USA,6404
2044882,183,231,1378,2004,0.0,37119.0,0.21713400000000002,-1.031806,QAT,USA,6404
2044883,185,231,1378,2004,925270.0,20744.0,0.37241599999999997,1.015865,ROU,USA,6404
2044884,186,231,1378,2004,1049244.0,113274.0,0.8952399999999999,0.172896,RUS,USA,6404
2044885,188,231,1378,2004,0.0,38804.0,0.546196,-0.7014729999999999,SAU,USA,6404
2044886,189,231,1378,2004,0.0,53942.0,0.628071,2.210424,SCG,USA,6404
2044887,191,231,1378,2004,1177.0,88008.0,-0.527127,-0.368631,SEN,USA,6404
2044888,192,231,1378,2004,240992.0,129213.0,1.6409779999999998,0.634947,SGP,USA,6404
2044889,196,231,1378,2004,0.0,58250.0,0.48757399999999995,-0.0064659999999999995,SLE,USA,6404
2044890,197,231,1378,2004,132840.0,172375.0,-0.20529499999999998,0.1116,SLV,USA,6404
2044891,203,231,1378,2004,0.0,49930.0,0.7482850000000001,-0.14005499999999999,STP,USA,6404
2044892,205,231,1378,2004,0.0,7110.0,-0.991433,-0.926657,SUR,USA,6404
2044893,206,231,1378,2004,248982.0,0.0,1.2375120000000002,0.8777889999999999,SVK,USA,6404
2044894,207,231,1378,2004,4156.0,7942.0,1.628643,1.02381,SVN,USA,6404
2044895,208,231,1378,2004,591942.0,160851.0,2.0522080000000003,0.8326969999999999,SWE,USA,6404
2044896,213,231,1378,2004,0.0,97435.0,0.51858,-0.030114,TCA,USA,6404
2044897,215,231,1378,2004,0.0,33342.0,-0.6788270000000001,-0.482984,TGO,USA,6404
2044898,216,231,1378,2004,9810219.0,96499.0,0.5150359999999999,1.583019,THA,USA,6404
2044899,218,231,1378,2004,1654.0,0.0,0.31906999999999996,0.17012,TKL,USA,6404
2044900,221,231,1378,2004,0.0,25966.0,-0.639641,-0.798275,TON,USA,6404
2044901,222,231,1378,2004,0.0,58718.0,0.00677,-0.965385,TTO,USA,6404
2044902,223,231,1378,2004,42204.0,2975.0,-0.195751,0.335147,TUN,USA,6404
2044903,224,231,1378,2004,258353.0,61095.0,0.141454,1.9463599999999999,TUR,USA,6404
2044904,227,231,1378,2004,0.0,3573.0,-0.914733,-0.554346,UGA,USA,6404
2044905,228,231,1378,2004,38129.0,15466.0,0.8758040000000001,0.8195879999999999,UKR,USA,6404
2044906,230,231,1378,2004,4930.0,18182.0,0.151633,0.121776,URY,USA,6404
2044907,234,231,1378,2004,0.0,3756.0,-0.564477,-0.8544,VCT,USA,6404
2044908,236,231,1378,2004,9655.0,528935.0,0.048698000000000005,-0.899776,VEN,USA,6404
2044909,237,231,1378,2004,325914.0,4608.0,0.597043,-0.348742,VGB,USA,6404
2044910,239,231,1378,2004,33177867.0,52321.0,-0.5270560000000001,0.8910389999999999,VNM,USA,6404
2044911,243,231,1378,2004,0.0,3029.0,-1.15115,-1.207897,YEM,USA,6404
2044912,246,231,1378,2004,28564.0,267959.0,0.460279,1.9736220000000002,ZAF,USA,6404
2044913,247,231,1378,2004,0.0,24800.0,-0.9972190000000001,-0.853986,ZMB,USA,6404
2044914,249,231,1378,2004,2704019.0,155683.0,1.626307,1.358315,TWN,USA,6404
2044915,0,236,1378,2004,7129.0,13250.0,-0.30244099999999996,-0.892926,ABW,VEN,6404
2044916,6,236,1378,2004,2218484.0,22294.0,0.726256,-0.48520699999999994,ANT,VEN,6404
2044917,14,236,1378,2004,7043.0,0.0,0.196641,0.8139460000000001,AUS,VEN,6404
2044918,32,236,1378,2004,705944.0,0.0,0.540718,1.149065,BRA,VEN,6404
2044919,39,236,1378,2004,15689.0,9326.0,0.9392739999999999,1.19228,CAN,VEN,6404
2044920,41,236,1378,2004,5037.0,0.0,2.151471,0.7196279999999999,CHE,VEN,6404
2044921,43,236,1378,2004,1356338.0,0.0,0.581548,2.8689880000000003,CHN,VEN,6404
2044922,49,236,1378,2004,211557.0,11334.0,0.033128,0.47524799999999995,COL,VEN,6404
2044923,52,236,1378,2004,0.0,989.0,-0.043266000000000006,-0.376239,CRI,VEN,6404
2044924,61,236,1378,2004,4424.0,0.0,2.266076,-2.011139,DEU,VEN,6404
2044925,64,236,1378,2004,0.0,4315.0,1.328968,1.262743,DNK,VEN,6404
2044926,65,236,1378,2004,0.0,6082.0,-0.510025,-0.328257,DOM,VEN,6404
2044927,67,236,1378,2004,0.0,1065.0,-1.149101,-1.013619,ECU,VEN,6404
2044928,71,236,1378,2004,681483.0,0.0,0.9784649999999999,2.051216,ESP,VEN,6404
2044929,77,236,1378,2004,0.0,15783.0,1.6003530000000001,0.643945,FRA,VEN,6404
2044930,81,236,1378,2004,94423.0,0.0,1.843506,0.684779,GBR,VEN,6404
2044931,97,236,1378,2004,1357255.0,0.0,0.604825,2.098745,HKG,VEN,6404
2044932,103,236,1378,2004,1837494.0,0.0,-0.223644,1.719065,IDN,VEN,6404
2044933,104,236,1378,2004,34275.0,0.0,0.233348,2.790987,IND,VEN,6404
2044934,111,236,1378,2004,404912.0,0.0,1.358057,1.11533,ITA,VEN,6404
2044935,114,236,1378,2004,154181.0,0.0,2.526624,0.452054,JPN,VEN,6404
2044936,121,236,1378,2004,23017.0,0.0,1.3624690000000002,0.928342,KOR,VEN,6404
2044937,138,236,1378,2004,43649.0,1022.0,0.868684,0.85506,MEX,VEN,6404
2044938,153,236,1378,2004,638570.0,0.0,0.6710050000000001,0.17807,MYS,VEN,6404
2044939,168,236,1378,2004,6115.0,0.0,-0.754143,0.25995100000000004,PAK,VEN,6404
2044940,169,236,1378,2004,11047591.0,6729.0,-0.011979,0.261315,PAN,VEN,6404
2044941,173,236,1378,2004,22427.0,0.0,-0.564244,0.131232,PER,VEN,6404
2044942,179,236,1378,2004,22699.0,0.0,0.524524,1.901139,PRT,VEN,6404
2044943,216,236,1378,2004,537849.0,0.0,0.5150359999999999,1.583019,THA,VEN,6404
2044944,231,236,1378,2004,528935.0,9655.0,1.7598630000000002,0.066704,USA,VEN,6404
2044945,239,236,1378,2004,360409.0,0.0,-0.5270560000000001,0.8910389999999999,VNM,VEN,6404
2044946,249,236,1378,2004,73342.0,0.0,1.626307,1.358315,TWN,VEN,6404
2044947,250,236,1378,2004,585370.0,0.0,0.509382,-0.30904299999999996,ANS,VEN,6404
2044948,43,243,1378,2004,875363.0,0.0,0.581548,2.8689880000000003,CHN,YEM,6404
2044949,103,243,1378,2004,81750.0,0.0,-0.223644,1.719065,IDN,YEM,6404
2044950,104,243,1378,2004,3988.0,0.0,0.233348,2.790987,IND,YEM,6404
2044951,111,243,1378,2004,3889.0,0.0,1.358057,1.11533,ITA,YEM,6404
2044952,121,243,1378,2004,3738.0,0.0,1.3624690000000002,0.928342,KOR,YEM,6404
2044953,168,243,1378,2004,870811.0,0.0,-0.754143,0.25995100000000004,PAK,YEM,6404
2044954,188,243,1378,2004,1256.0,0.0,0.546196,-0.7014729999999999,SAU,YEM,6404
2044955,190,243,1378,2004,0.0,3332.0,-1.5346309999999999,-1.2599559999999999,SDN,YEM,6404
2044956,212,243,1378,2004,21996.0,0.0,-0.568707,-0.034736,SYR,YEM,6404
2044957,216,243,1378,2004,931.0,0.0,0.5150359999999999,1.583019,THA,YEM,6404
2044958,224,243,1378,2004,14285.0,0.0,0.141454,1.9463599999999999,TUR,YEM,6404
2044959,231,243,1378,2004,3029.0,0.0,1.7598630000000002,0.066704,USA,YEM,6404
2044960,2,246,1378,2004,0.0,73086.0,-0.8513709999999999,-1.173397,AGO,ZAF,6404
2044961,7,246,1378,2004,11915.0,67356.0,0.1799,-0.34541900000000003,ARE,ZAF,6404
2044962,8,246,1378,2004,20525.0,0.0,0.28128600000000004,0.64115,ARG,ZAF,6404
2044963,14,246,1378,2004,19828.0,1037.0,0.196641,0.8139460000000001,AUS,ZAF,6404
2044964,15,246,1378,2004,13151.0,0.0,1.825391,0.40553,AUT,ZAF,6404
2044965,18,246,1378,2004,70380.0,4791.0,1.350911,1.408209,BEL,ZAF,6404
2044966,24,246,1378,2004,0.0,1975.0,0.045344999999999996,-1.001059,BHR,ZAF,6404
2044967,32,246,1378,2004,221812.0,0.0,0.540718,1.149065,BRA,ZAF,6404
2044968,37,246,1378,2004,34271.0,7058120.0,-0.8574229999999999,-1.191754,BWA,ZAF,6404
2044969,39,246,1378,2004,2701.0,4470.0,0.9392739999999999,1.19228,CAN,ZAF,6404
2044970,41,246,1378,2004,19419.0,1595.0,2.151471,0.7196279999999999,CHE,ZAF,6404
2044971,43,246,1378,2004,27057918.0,0.0,0.581548,2.8689880000000003,CHN,ZAF,6404
2044972,46,246,1378,2004,0.0,9215.0,-1.405291,-1.108962,COD,ZAF,6404
2044973,47,246,1378,2004,0.0,6251.0,-1.610222,-1.184921,COG,ZAF,6404
2044974,61,246,1378,2004,144997.0,0.0,2.266076,-2.011139,DEU,ZAF,6404
2044975,64,246,1378,2004,11534.0,0.0,1.328968,1.262743,DNK,ZAF,6404
2044976,68,246,1378,2004,6182.0,0.0,-0.300563,0.41834899999999997,EGY,ZAF,6404
2044977,71,246,1378,2004,28809.0,1555.0,0.9784649999999999,2.051216,ESP,ZAF,6404
2044978,73,246,1378,2004,0.0,1631.0,-1.156284,-0.900874,ETH,ZAF,6404
2044979,77,246,1378,2004,178133.0,3870.0,1.6003530000000001,0.643945,FRA,ZAF,6404
2044980,81,246,1378,2004,43829.0,247085.0,1.843506,0.684779,GBR,ZAF,6404
2044981,83,246,1378,2004,0.0,11432.0,-1.2972540000000001,-0.9967219999999999,GHA,ZAF,6404
2044982,90,246,1378,2004,28372.0,0.0,0.348853,1.661656,GRC,ZAF,6404
2044983,97,246,1378,2004,5126672.0,14044.0,0.604825,2.098745,HKG,ZAF,6404
2044984,100,246,1378,2004,857.0,7028.0,0.6669970000000001,1.088043,HRV,ZAF,6404
2044985,103,246,1378,2004,2914093.0,0.0,-0.223644,1.719065,IDN,ZAF,6404
2044986,104,246,1378,2004,994528.0,2307.0,0.233348,2.790987,IND,ZAF,6404
2044987,106,246,1378,2004,97464.0,0.0,1.501859,0.14456,IRL,ZAF,6404
2044988,111,246,1378,2004,236859.0,6437.0,1.358057,1.11533,ITA,ZAF,6404
2044989,114,246,1378,2004,10434.0,0.0,2.526624,0.452054,JPN,ZAF,6404
2044990,116,246,1378,2004,20888.0,8513.0,-0.503694,0.410495,KEN,ZAF,6404
2044991,121,246,1378,2004,121778.0,0.0,1.3624690000000002,0.928342,KOR,ZAF,6404
2044992,128,246,1378,2004,200983.0,0.0,-0.658668,0.21912600000000002,LKA,ZAF,6404
2044993,129,246,1378,2004,1546263.0,2291438.0,-1.343146,-1.041126,LSO,ZAF,6404
2044994,133,246,1378,2004,1676.0,0.0,-0.351045,-0.487521,MAC,ZAF,6404
2044995,136,246,1378,2004,0.0,2693.0,-1.355542,-0.634409,MDG,ZAF,6404
2044996,141,246,1378,2004,2426.0,1260.0,-0.6905100000000001,-0.9162459999999999,MLI,ZAF,6404
2044997,147,246,1378,2004,0.0,79534.0,-1.1010790000000001,-1.0942,MOZ,ZAF,6404
2044998,151,246,1378,2004,0.0,21627.0,-0.374754,-0.288504,MUS,ZAF,6404
2044999,152,246,1378,2004,0.0,47238.0,-1.592983,-1.252423,MWI,ZAF,6404
2045000,153,246,1378,2004,72734.0,0.0,0.6710050000000001,0.17807,MYS,ZAF,6404
2045001,155,246,1378,2004,22168.0,5162131.0,-0.40995299999999996,-0.550272,NAM,ZAF,6404
2045002,159,246,1378,2004,0.0,3011.0,-2.413432,-1.3033190000000001,NGA,ZAF,6404
2045003,162,246,1378,2004,44894.0,0.0,1.251808,1.586526,NLD,ZAF,6404
2045004,163,246,1378,2004,0.0,825.0,1.10162,0.118709,NOR,ZAF,6404
2045005,174,246,1378,2004,39387.0,0.0,-0.076709,-0.149006,PHL,ZAF,6404
2045006,177,246,1378,2004,8751.0,0.0,1.019341,1.519452,POL,ZAF,6404
2045007,178,246,1378,2004,16407.0,0.0,0.578991,0.781518,PRK,ZAF,6404
2045008,179,246,1378,2004,25652.0,0.0,0.524524,1.901139,PRT,ZAF,6404
2045009,183,246,1378,2004,0.0,1926.0,0.21713400000000002,-1.031806,QAT,ZAF,6404
2045010,185,246,1378,2004,3867.0,0.0,0.37241599999999997,1.015865,ROU,ZAF,6404
2045011,186,246,1378,2004,6558.0,0.0,0.8952399999999999,0.172896,RUS,ZAF,6404
2045012,191,246,1378,2004,0.0,1402.0,-0.527127,-0.368631,SEN,ZAF,6404
2045013,192,246,1378,2004,51624.0,305517.0,1.6409779999999998,0.634947,SGP,ZAF,6404
2045014,194,246,1378,2004,0.0,1738.0,1.33404,0.133851,SHN,ZAF,6404
2045015,206,246,1378,2004,42950.0,0.0,1.2375120000000002,0.8777889999999999,SVK,ZAF,6404
2045016,207,246,1378,2004,1636.0,0.0,1.628643,1.02381,SVN,ZAF,6404
2045017,208,246,1378,2004,1717.0,0.0,2.0522080000000003,0.8326969999999999,SWE,ZAF,6404
2045018,209,246,1378,2004,331.0,2160208.0,0.397488,-0.264855,SWZ,ZAF,6404
2045019,211,246,1378,2004,0.0,5476.0,-0.12954100000000002,-0.713507,SYC,ZAF,6404
2045020,215,246,1378,2004,0.0,70655.0,-0.6788270000000001,-0.482984,TGO,ZAF,6404
2045021,216,246,1378,2004,993217.0,0.0,0.5150359999999999,1.583019,THA,ZAF,6404
2045022,223,246,1378,2004,1335.0,0.0,-0.195751,0.335147,TUN,ZAF,6404
2045023,224,246,1378,2004,20197.0,0.0,0.141454,1.9463599999999999,TUR,ZAF,6404
2045024,226,246,1378,2004,0.0,50602.0,-1.022658,-0.007045999999999999,TZA,ZAF,6404
2045025,227,246,1378,2004,0.0,37067.0,-0.914733,-0.554346,UGA,ZAF,6404
2045026,231,246,1378,2004,267959.0,28564.0,1.7598630000000002,0.066704,USA,ZAF,6404
2045027,239,246,1378,2004,8101640.0,0.0,-0.5270560000000001,0.8910389999999999,VNM,ZAF,6404
2045028,247,246,1378,2004,0.0,190695.0,-0.9972190000000001,-0.853986,ZMB,ZAF,6404
2045029,248,246,1378,2004,236178.0,150179.0,-0.560593,-0.091112,ZWE,ZAF,6404
2045030,249,246,1378,2004,287366.0,0.0,1.626307,1.358315,TWN,ZAF,6404
2045031,250,246,1378,2004,12480.0,1509.0,0.509382,-0.30904299999999996,ANS,ZAF,6404
2045032,5,249,1378,2004,0.0,4831.0,1.268618,0.835359,AND,TWN,6404
2045033,7,249,1378,2004,0.0,23385.0,0.1799,-0.34541900000000003,ARE,TWN,6404
2045034,8,249,1378,2004,0.0,2869.0,0.28128600000000004,0.64115,ARG,TWN,6404
2045035,14,249,1378,2004,221145.0,1845232.0,0.196641,0.8139460000000001,AUS,TWN,6404
2045036,15,249,1378,2004,8944.0,155034.0,1.825391,0.40553,AUT,TWN,6404
2045037,18,249,1378,2004,0.0,525655.0,1.350911,1.408209,BEL,TWN,6404
2045038,22,249,1378,2004,3446.0,13540.0,-1.150444,-0.885333,BGD,TWN,6404
2045039,23,249,1378,2004,0.0,5123.0,0.35536,1.499182,BGR,TWN,6404
2045040,24,249,1378,2004,0.0,6911.0,0.045344999999999996,-1.001059,BHR,TWN,6404
2045041,25,249,1378,2004,0.0,2499.0,0.620432,-0.513724,BHS,TWN,6404
2045042,26,249,1378,2004,0.0,9351.0,0.385952,0.571774,BIH,TWN,6404
2045043,29,249,1378,2004,0.0,4954.0,-0.355391,-0.662783,BLZ,TWN,6404
2045044,32,249,1378,2004,45544.0,129520.0,0.540718,1.149065,BRA,TWN,6404
2045045,34,249,1378,2004,0.0,5087.0,-1.271325,-1.03277,BRN,TWN,6404
2045046,39,249,1378,2004,9003.0,144206.0,0.9392739999999999,1.19228,CAN,TWN,6404
2045047,41,249,1378,2004,202546.0,128938.0,2.151471,0.7196279999999999,CHE,TWN,6404
2045048,42,249,1378,2004,0.0,112413.0,-0.07869,-0.33641,CHL,TWN,6404
2045049,43,249,1378,2004,15925077.0,150660.0,0.581548,2.8689880000000003,CHN,TWN,6404
2045050,45,249,1378,2004,0.0,799.0,-1.604916,-1.217399,CMR,TWN,6404
2045051,49,249,1378,2004,0.0,56500.0,0.033128,0.47524799999999995,COL,TWN,6404
2045052,52,249,1378,2004,0.0,24882.0,-0.043266000000000006,-0.376239,CRI,TWN,6404
2045053,54,249,1378,2004,0.0,17351.0,-0.040541,-0.634675,CUB,TWN,6404
2045054,58,249,1378,2004,0.0,45608.0,0.533521,0.615939,CYP,TWN,6404
2045055,59,249,1378,2004,0.0,37265.0,1.562625,0.865244,CZE,TWN,6404
2045056,61,249,1378,2004,175455.0,1447690.0,2.266076,-2.011139,DEU,TWN,6404
2045057,64,249,1378,2004,16769.0,1333523.0,1.328968,1.262743,DNK,TWN,6404
2045058,66,249,1378,2004,0.0,1518.0,-0.725066,-1.163606,DZA,TWN,6404
2045059,67,249,1378,2004,0.0,66932.0,-1.149101,-1.013619,ECU,TWN,6404
2045060,68,249,1378,2004,0.0,12350.0,-0.300563,0.41834899999999997,EGY,TWN,6404
2045061,71,249,1378,2004,205656.0,2288504.0,0.9784649999999999,2.051216,ESP,TWN,6404
2045062,72,249,1378,2004,5179.0,18351.0,0.6101840000000001,0.9520370000000001,EST,TWN,6404
2045063,74,249,1378,2004,0.0,116929.0,2.000218,0.9867309999999999,FIN,TWN,6404
2045064,75,249,1378,2004,0.0,3036.0,-0.8870969999999999,-0.287427,FJI,TWN,6404
2045065,77,249,1378,2004,222733.0,1299095.0,1.6003530000000001,0.643945,FRA,TWN,6404
2045066,78,249,1378,2004,0.0,3333.0,-1.026359,-0.960327,FRO,TWN,6404
2045067,81,249,1378,2004,144424.0,1255249.0,1.843506,0.684779,GBR,TWN,6404
2045068,90,249,1378,2004,0.0,252707.0,0.348853,1.661656,GRC,TWN,6404
2045069,91,249,1378,2004,0.0,6341.0,0.40210100000000004,-0.382662,GRD,TWN,6404
2045070,93,249,1378,2004,0.0,72560.0,-0.46136000000000005,0.148122,GTM,TWN,6404
2045071,97,249,1378,2004,1252227.0,479365.0,0.604825,2.098745,HKG,TWN,6404
2045072,99,249,1378,2004,0.0,11291.0,-0.75975,-0.548407,HND,TWN,6404
2045073,100,249,1378,2004,3155.0,113008.0,0.6669970000000001,1.088043,HRV,TWN,6404
2045074,102,249,1378,2004,0.0,70694.0,1.207082,1.019714,HUN,TWN,6404
2045075,103,249,1378,2004,1224863.0,12921.0,-0.223644,1.719065,IDN,TWN,6404
2045076,104,249,1378,2004,68242.0,34118.0,0.233348,2.790987,IND,TWN,6404
2045077,106,249,1378,2004,0.0,467128.0,1.501859,0.14456,IRL,TWN,6404
2045078,107,249,1378,2004,0.0,2795.0,-0.38210700000000003,-0.8408620000000001,IRN,TWN,6404
2045079,109,249,1378,2004,0.0,17037.0,0.298844,-0.36366,ISL,TWN,6404
2045080,110,249,1378,2004,0.0,73879.0,1.250393,0.8003979999999999,ISR,TWN,6404
2045081,111,249,1378,2004,986863.0,1314711.0,1.358057,1.11533,ITA,TWN,6404
2045082,112,249,1378,2004,0.0,116266.0,-0.64957,-0.944183,JAM,TWN,6404
2045083,114,249,1378,2004,760236.0,3114425.0,2.526624,0.452054,JPN,TWN,6404
2045084,115,249,1378,2004,0.0,1282.0,-0.09288300000000001,-0.537664,KAZ,TWN,6404
2045085,119,249,1378,2004,0.0,709.0,-0.552158,-0.831923,KIR,TWN,6404
2045086,121,249,1378,2004,123776.0,76828.0,1.3624690000000002,0.928342,KOR,TWN,6404
2045087,122,249,1378,2004,0.0,74963.0,-0.481908,-1.172081,KWT,TWN,6404
2045088,124,249,1378,2004,0.0,15869.0,0.32409899999999997,1.037024,LBN,TWN,6404
2045089,128,249,1378,2004,0.0,10938.0,-0.658668,0.21912600000000002,LKA,TWN,6404
2045090,130,249,1378,2004,0.0,1058.0,0.403568,0.632707,LTU,TWN,6404
2045091,132,249,1378,2004,0.0,6289.0,0.413821,0.627853,LVA,TWN,6404
2045092,133,249,1378,2004,56092.0,20892.0,-0.351045,-0.487521,MAC,TWN,6404
2045093,134,249,1378,2004,0.0,5307.0,-0.681556,-0.152372,MAR,TWN,6404
2045094,137,249,1378,2004,0.0,11334.0,-0.34020700000000004,-0.817298,MDV,TWN,6404
2045095,138,249,1378,2004,0.0,1680720.0,0.868684,0.85506,MEX,TWN,6404
2045096,142,249,1378,2004,0.0,7922.0,1.251894,0.063827,MLT,TWN,6404
2045097,145,249,1378,2004,0.0,271.0,-1.030558,-1.03145,MNG,TWN,6404
2045098,147,249,1378,2004,0.0,5595.0,-1.1010790000000001,-1.0942,MOZ,TWN,6404
2045099,151,249,1378,2004,0.0,5761.0,-0.374754,-0.288504,MUS,TWN,6404
2045100,152,249,1378,2004,0.0,9072.0,-1.592983,-1.252423,MWI,TWN,6404
2045101,153,249,1378,2004,37660.0,55766.0,0.6710050000000001,0.17807,MYS,TWN,6404
2045102,154,249,1378,2004,0.0,683.0,1.179671,0.016149,MYT,TWN,6404
2045103,156,249,1378,2004,0.0,4184.0,-0.49824700000000005,-0.8284239999999999,NCL,TWN,6404
2045104,160,249,1378,2004,0.0,1645.0,-0.9789479999999999,-0.8374219999999999,NIC,TWN,6404
2045105,162,249,1378,2004,2475.0,608465.0,1.251808,1.586526,NLD,TWN,6404
2045106,163,249,1378,2004,0.0,78270.0,1.10162,0.118709,NOR,TWN,6404
2045107,166,249,1378,2004,0.0,18242.0,0.567392,0.965781,NZL,TWN,6404
2045108,168,249,1378,2004,0.0,4609.0,-0.754143,0.25995100000000004,PAK,TWN,6404
2045109,173,249,1378,2004,0.0,1805.0,-0.564244,0.131232,PER,TWN,6404
2045110,174,249,1378,2004,9421.0,30234.0,-0.076709,-0.149006,PHL,TWN,6404
2045111,177,249,1378,2004,0.0,51951.0,1.019341,1.519452,POL,TWN,6404
2045112,179,249,1378,2004,77341.0,29222.0,0.524524,1.901139,PRT,TWN,6404
2045113,182,249,1378,2004,0.0,8024.0,-0.414954,-0.773736,PYF,TWN,6404
2045114,183,249,1378,2004,0.0,6400.0,0.21713400000000002,-1.031806,QAT,TWN,6404
2045115,185,249,1378,2004,76785.0,61061.0,0.37241599999999997,1.015865,ROU,TWN,6404
2045116,186,249,1378,2004,3756.0,30682.0,0.8952399999999999,0.172896,RUS,TWN,6404
2045117,188,249,1378,2004,0.0,135452.0,0.546196,-0.7014729999999999,SAU,TWN,6404
2045118,189,249,1378,2004,0.0,18481.0,0.628071,2.210424,SCG,TWN,6404
2045119,192,249,1378,2004,240428.0,187141.0,1.6409779999999998,0.634947,SGP,TWN,6404
2045120,196,249,1378,2004,0.0,1050.0,0.48757399999999995,-0.0064659999999999995,SLE,TWN,6404
2045121,197,249,1378,2004,0.0,6843.0,-0.20529499999999998,0.1116,SLV,TWN,6404
2045122,206,249,1378,2004,2321.0,107660.0,1.2375120000000002,0.8777889999999999,SVK,TWN,6404
2045123,207,249,1378,2004,0.0,42667.0,1.628643,1.02381,SVN,TWN,6404
2045124,208,249,1378,2004,0.0,87265.0,2.0522080000000003,0.8326969999999999,SWE,TWN,6404
2045125,216,249,1378,2004,1382746.0,20314.0,0.5150359999999999,1.583019,THA,TWN,6404
2045126,224,249,1378,2004,0.0,55472.0,0.141454,1.9463599999999999,TUR,TWN,6404
2045127,228,249,1378,2004,0.0,48500.0,0.8758040000000001,0.8195879999999999,UKR,TWN,6404
2045128,231,249,1378,2004,155683.0,2704019.0,1.7598630000000002,0.066704,USA,TWN,6404
2045129,236,249,1378,2004,0.0,73342.0,0.048698000000000005,-0.899776,VEN,TWN,6404
2045130,239,249,1378,2004,18130495.0,619111.0,-0.5270560000000001,0.8910389999999999,VNM,TWN,6404
2045131,246,249,1378,2004,0.0,287366.0,0.460279,1.9736220000000002,ZAF,TWN,6404
2045132,248,249,1378,2004,0.0,1312.0,-0.560593,-0.091112,ZWE,TWN,6404
2045133,250,249,1378,2004,13694.0,0.0,0.509382,-0.30904299999999996,ANS,TWN,6404
2045134,4,7,1378,2004,0.0,12554.0,-0.131892,0.14985199999999999,ALB,ARE,6404
2045135,9,7,1378,2004,0.0,58549.0,0.661799,-0.140004,ARM,ARE,6404
2045136,14,7,1378,2004,11859.0,7445.0,0.196641,0.8139460000000001,AUS,ARE,6404
2045137,15,7,1378,2004,18700.0,0.0,1.825391,0.40553,AUT,ARE,6404
2045138,18,7,1378,2004,103282.0,0.0,1.350911,1.408209,BEL,ARE,6404
2045139,22,7,1378,2004,6510.0,12824.0,-1.150444,-0.885333,BGD,ARE,6404
2045140,23,7,1378,2004,0.0,36143.0,0.35536,1.499182,BGR,ARE,6404
2045141,26,7,1378,2004,0.0,3707.0,0.385952,0.571774,BIH,ARE,6404
2045142,32,7,1378,2004,533824.0,0.0,0.540718,1.149065,BRA,ARE,6404
2045143,39,7,1378,2004,9312.0,0.0,0.9392739999999999,1.19228,CAN,ARE,6404
2045144,41,7,1378,2004,13531.0,1708.0,2.151471,0.7196279999999999,CHE,ARE,6404
2045145,43,7,1378,2004,13297534.0,0.0,0.581548,2.8689880000000003,CHN,ARE,6404
2045146,44,7,1378,2004,0.0,33769.0,-0.8490979999999999,-0.754732,CIV,ARE,6404
2045147,45,7,1378,2004,0.0,3392.0,-1.604916,-1.217399,CMR,ARE,6404
2045148,50,7,1378,2004,0.0,7171.0,-0.581058,-0.8678309999999999,COM,ARE,6404
2045149,58,7,1378,2004,31947.0,4071.0,0.533521,0.615939,CYP,ARE,6404
2045150,61,7,1378,2004,164136.0,6522.0,2.266076,-2.011139,DEU,ARE,6404
2045151,64,7,1378,2004,154127.0,0.0,1.328968,1.262743,DNK,ARE,6404
2045152,66,7,1378,2004,0.0,27755.0,-0.725066,-1.163606,DZA,ARE,6404
2045153,68,7,1378,2004,1335.0,0.0,-0.300563,0.41834899999999997,EGY,ARE,6404
2045154,71,7,1378,2004,836025.0,22703.0,0.9784649999999999,2.051216,ESP,ARE,6404
2045155,73,7,1378,2004,0.0,4953.0,-1.156284,-0.900874,ETH,ARE,6404
2045156,77,7,1378,2004,286013.0,0.0,1.6003530000000001,0.643945,FRA,ARE,6404
2045157,81,7,1378,2004,1236409.0,34835.0,1.843506,0.684779,GBR,ARE,6404
2045158,82,7,1378,2004,0.0,74762.0,0.381348,-0.44259,GEO,ARE,6404
2045159,87,7,1378,2004,0.0,14990.0,-0.135943,-0.226541,GMB,ARE,6404
2045160,97,7,1378,2004,867811.0,0.0,0.604825,2.098745,HKG,ARE,6404
2045161,102,7,1378,2004,15353.0,0.0,1.207082,1.019714,HUN,ARE,6404
2045162,103,7,1378,2004,1288100.0,0.0,-0.223644,1.719065,IDN,ARE,6404
2045163,104,7,1378,2004,532385.0,3394.0,0.233348,2.790987,IND,ARE,6404
2045164,106,7,1378,2004,91953.0,0.0,1.501859,0.14456,IRL,ARE,6404
2045165,107,7,1378,2004,0.0,610361.0,-0.38210700000000003,-0.8408620000000001,IRN,ARE,6404
2045166,111,7,1378,2004,783958.0,8143.0,1.358057,1.11533,ITA,ARE,6404
2045167,114,7,1378,2004,9996.0,0.0,2.526624,0.452054,JPN,ARE,6404
2045168,116,7,1378,2004,22983.0,31657.0,-0.503694,0.410495,KEN,ARE,6404
2045169,121,7,1378,2004,91997.0,15198.0,1.3624690000000002,0.928342,KOR,ARE,6404
2045170,122,7,1378,2004,4117.0,0.0,-0.481908,-1.172081,KWT,ARE,6404
2045171,124,7,1378,2004,80219.0,0.0,0.32409899999999997,1.037024,LBN,ARE,6404
2045172,128,7,1378,2004,6405.0,4912.0,-0.658668,0.21912600000000002,LKA,ARE,6404
2045173,133,7,1378,2004,12146.0,0.0,-0.351045,-0.487521,MAC,ARE,6404
2045174,137,7,1378,2004,0.0,1729.0,-0.34020700000000004,-0.817298,MDV,ARE,6404
2045175,140,7,1378,2004,0.0,32124.0,-0.091013,0.190649,MKD,ARE,6404
2045176,141,7,1378,2004,0.0,11647.0,-0.6905100000000001,-0.9162459999999999,MLI,ARE,6404
2045177,148,7,1378,2004,0.0,38325.0,-1.6173959999999998,-1.2925719999999998,MRT,ARE,6404
2045178,151,7,1378,2004,0.0,4172.0,-0.374754,-0.288504,MUS,ARE,6404
2045179,152,7,1378,2004,0.0,18043.0,-1.592983,-1.252423,MWI,ARE,6404
2045180,153,7,1378,2004,407811.0,0.0,0.6710050000000001,0.17807,MYS,ARE,6404
2045181,154,7,1378,2004,0.0,30538.0,1.179671,0.016149,MYT,ARE,6404
2045182,162,7,1378,2004,23246.0,0.0,1.251808,1.586526,NLD,ARE,6404
2045183,166,7,1378,2004,3302.0,0.0,0.567392,0.965781,NZL,ARE,6404
2045184,167,7,1378,2004,0.0,1181713.0,-0.62946,-1.108933,OMN,ARE,6404
2045185,168,7,1378,2004,1840445.0,45085.0,-0.754143,0.25995100000000004,PAK,ARE,6404
2045186,179,7,1378,2004,9443.0,0.0,0.524524,1.901139,PRT,ARE,6404
2045187,183,7,1378,2004,57910.0,7438.0,0.21713400000000002,-1.031806,QAT,ARE,6404
2045188,185,7,1378,2004,6275.0,0.0,0.37241599999999997,1.015865,ROU,ARE,6404
2045189,187,7,1378,2004,0.0,1913.0,-1.3952870000000002,-0.950857,RWA,ARE,6404
2045190,188,7,1378,2004,99730.0,0.0,0.546196,-0.7014729999999999,SAU,ARE,6404
2045191,190,7,1378,2004,0.0,1368740.0,-1.5346309999999999,-1.2599559999999999,SDN,ARE,6404
2045192,191,7,1378,2004,0.0,11333.0,-0.527127,-0.368631,SEN,ARE,6404
2045193,192,7,1378,2004,380946.0,9658.0,1.6409779999999998,0.634947,SGP,ARE,6404
2045194,211,7,1378,2004,0.0,3544.0,-0.12954100000000002,-0.713507,SYC,ARE,6404
2045195,215,7,1378,2004,0.0,8169.0,-0.6788270000000001,-0.482984,TGO,ARE,6404
2045196,216,7,1378,2004,1154008.0,0.0,0.5150359999999999,1.583019,THA,ARE,6404
2045197,224,7,1378,2004,65300.0,0.0,0.141454,1.9463599999999999,TUR,ARE,6404
2045198,226,7,1378,2004,0.0,20067.0,-1.022658,-0.007045999999999999,TZA,ARE,6404
2045199,227,7,1378,2004,0.0,10971.0,-0.914733,-0.554346,UGA,ARE,6404
2045200,231,7,1378,2004,285068.0,12104.0,1.7598630000000002,0.066704,USA,ARE,6404
2045201,239,7,1378,2004,3073849.0,0.0,-0.5270560000000001,0.8910389999999999,VNM,ARE,6404
2045202,246,7,1378,2004,67356.0,11915.0,0.460279,1.9736220000000002,ZAF,ARE,6404
2045203,247,7,1378,2004,0.0,15936.0,-0.9972190000000001,-0.853986,ZMB,ARE,6404
2045204,248,7,1378,2004,0.0,2090.0,-0.560593,-0.091112,ZWE,ARE,6404
2045205,249,7,1378,2004,23385.0,0.0,1.626307,1.358315,TWN,ARE,6404
2045206,41,16,1378,2004,934.0,0.0,2.151471,0.7196279999999999,CHE,AZE,6404
2045207,43,16,1378,2004,2815988.0,0.0,0.581548,2.8689880000000003,CHN,AZE,6404
2045208,61,16,1378,2004,18722.0,0.0,2.266076,-2.011139,DEU,AZE,6404
2045209,71,16,1378,2004,8751.0,0.0,0.9784649999999999,2.051216,ESP,AZE,6404
2045210,81,16,1378,2004,9642.0,0.0,1.843506,0.684779,GBR,AZE,6404
2045211,82,16,1378,2004,0.0,59200.0,0.381348,-0.44259,GEO,AZE,6404
2045212,107,16,1378,2004,1982010.0,1346.0,-0.38210700000000003,-0.8408620000000001,IRN,AZE,6404
2045213,111,16,1378,2004,128727.0,0.0,1.358057,1.11533,ITA,AZE,6404
2045214,168,16,1378,2004,2014.0,0.0,-0.754143,0.25995100000000004,PAK,AZE,6404
2045215,177,16,1378,2004,23790.0,0.0,1.019341,1.519452,POL,AZE,6404
2045216,186,16,1378,2004,54203.0,3687.0,0.8952399999999999,0.172896,RUS,AZE,6404
2045217,224,16,1378,2004,1828021.0,0.0,0.141454,1.9463599999999999,TUR,AZE,6404
2045218,7,22,1378,2004,12824.0,6510.0,0.1799,-0.34541900000000003,ARE,BGD,6404
2045219,15,22,1378,2004,0.0,120100.0,1.825391,0.40553,AUT,BGD,6404
2045220,18,22,1378,2004,0.0,1071204.0,1.350911,1.408209,BEL,BGD,6404
2045221,24,22,1378,2004,0.0,953.0,0.045344999999999996,-1.001059,BHR,BGD,6404
2045222,32,22,1378,2004,0.0,1961.0,0.540718,1.149065,BRA,BGD,6404
2045223,39,22,1378,2004,7461.0,0.0,0.9392739999999999,1.19228,CAN,BGD,6404
2045224,41,22,1378,2004,0.0,5813.0,2.151471,0.7196279999999999,CHE,BGD,6404
2045225,43,22,1378,2004,232652.0,14215.0,0.581548,2.8689880000000003,CHN,BGD,6404
2045226,59,22,1378,2004,0.0,7723.0,1.562625,0.865244,CZE,BGD,6404
2045227,61,22,1378,2004,793.0,514610.0,2.266076,-2.011139,DEU,BGD,6404
2045228,64,22,1378,2004,0.0,49277.0,1.328968,1.262743,DNK,BGD,6404
2045229,67,22,1378,2004,0.0,3138.0,-1.149101,-1.013619,ECU,BGD,6404
2045230,71,22,1378,2004,0.0,644923.0,0.9784649999999999,2.051216,ESP,BGD,6404
2045231,72,22,1378,2004,0.0,2406.0,0.6101840000000001,0.9520370000000001,EST,BGD,6404
2045232,74,22,1378,2004,0.0,43767.0,2.000218,0.9867309999999999,FIN,BGD,6404
2045233,77,22,1378,2004,0.0,4517645.0,1.6003530000000001,0.643945,FRA,BGD,6404
2045234,81,22,1378,2004,0.0,133648.0,1.843506,0.684779,GBR,BGD,6404
2045235,90,22,1378,2004,0.0,48473.0,0.348853,1.661656,GRC,BGD,6404
2045236,97,22,1378,2004,19853.0,0.0,0.604825,2.098745,HKG,BGD,6404
2045237,100,22,1378,2004,0.0,1925.0,0.6669970000000001,1.088043,HRV,BGD,6404
2045238,104,22,1378,2004,385279.0,0.0,0.233348,2.790987,IND,BGD,6404
2045239,111,22,1378,2004,86082.0,221293.0,1.358057,1.11533,ITA,BGD,6404
2045240,114,22,1378,2004,5157.0,588335.0,2.526624,0.452054,JPN,BGD,6404
2045241,121,22,1378,2004,69152.0,57117.0,1.3624690000000002,0.928342,KOR,BGD,6404
2045242,122,22,1378,2004,0.0,30541.0,-0.481908,-1.172081,KWT,BGD,6404
2045243,138,22,1378,2004,0.0,21723.0,0.868684,0.85506,MEX,BGD,6404
2045244,156,22,1378,2004,0.0,8913.0,-0.49824700000000005,-0.8284239999999999,NCL,BGD,6404
2045245,162,22,1378,2004,0.0,309411.0,1.251808,1.586526,NLD,BGD,6404
2045246,163,22,1378,2004,0.0,117139.0,1.10162,0.118709,NOR,BGD,6404
2045247,164,22,1378,2004,0.0,1910.0,-0.323954,0.5528,NPL,BGD,6404
2045248,166,22,1378,2004,0.0,1385.0,0.567392,0.965781,NZL,BGD,6404
2045249,168,22,1378,2004,31625.0,0.0,-0.754143,0.25995100000000004,PAK,BGD,6404
2045250,177,22,1378,2004,0.0,331086.0,1.019341,1.519452,POL,BGD,6404
2045251,179,22,1378,2004,0.0,81654.0,0.524524,1.901139,PRT,BGD,6404
2045252,183,22,1378,2004,0.0,973.0,0.21713400000000002,-1.031806,QAT,BGD,6404
2045253,188,22,1378,2004,0.0,45748.0,0.546196,-0.7014729999999999,SAU,BGD,6404
2045254,191,22,1378,2004,0.0,11333.0,-0.527127,-0.368631,SEN,BGD,6404
2045255,192,22,1378,2004,8573.0,2735.0,1.6409779999999998,0.634947,SGP,BGD,6404
2045256,206,22,1378,2004,0.0,1348.0,1.2375120000000002,0.8777889999999999,SVK,BGD,6404
2045257,207,22,1378,2004,0.0,14750.0,1.628643,1.02381,SVN,BGD,6404
2045258,208,22,1378,2004,0.0,322045.0,2.0522080000000003,0.8326969999999999,SWE,BGD,6404
2045259,216,22,1378,2004,49958.0,0.0,0.5150359999999999,1.583019,THA,BGD,6404
2045260,228,22,1378,2004,0.0,6240.0,0.8758040000000001,0.8195879999999999,UKR,BGD,6404
2045261,231,22,1378,2004,7085.0,21095.0,1.7598630000000002,0.066704,USA,BGD,6404
2045262,249,22,1378,2004,13540.0,3446.0,1.626307,1.358315,TWN,BGD,6404
2045263,4,23,1378,2004,0.0,79672.0,-0.131892,0.14985199999999999,ALB,BGR,6404
2045264,7,23,1378,2004,36143.0,0.0,0.1799,-0.34541900000000003,ARE,BGR,6404
2045265,14,23,1378,2004,0.0,881.0,0.196641,0.8139460000000001,AUS,BGR,6404
2045266,15,23,1378,2004,20615.0,931.0,1.825391,0.40553,AUT,BGR,6404
2045267,18,23,1378,2004,0.0,24617.0,1.350911,1.408209,BEL,BGR,6404
2045268,26,23,1378,2004,0.0,41090.0,0.385952,0.571774,BIH,BGR,6404
2045269,32,23,1378,2004,16320.0,0.0,0.540718,1.149065,BRA,BGR,6404
2045270,39,23,1378,2004,0.0,25795.0,0.9392739999999999,1.19228,CAN,BGR,6404
2045271,41,23,1378,2004,9413.0,0.0,2.151471,0.7196279999999999,CHE,BGR,6404
2045272,43,23,1378,2004,3071618.0,0.0,0.581548,2.8689880000000003,CHN,BGR,6404
2045273,58,23,1378,2004,0.0,12546.0,0.533521,0.615939,CYP,BGR,6404
2045274,59,23,1378,2004,0.0,27912.0,1.562625,0.865244,CZE,BGR,6404
2045275,61,23,1378,2004,128798.0,220194.0,2.266076,-2.011139,DEU,BGR,6404
2045276,67,23,1378,2004,0.0,30567.0,-1.149101,-1.013619,ECU,BGR,6404
2045277,71,23,1378,2004,29696.0,30527.0,0.9784649999999999,2.051216,ESP,BGR,6404
2045278,74,23,1378,2004,0.0,6790.0,2.000218,0.9867309999999999,FIN,BGR,6404
2045279,77,23,1378,2004,22489.0,142508.0,1.6003530000000001,0.643945,FRA,BGR,6404
2045280,81,23,1378,2004,6607.0,82641.0,1.843506,0.684779,GBR,BGR,6404
2045281,90,23,1378,2004,7373.0,93571.0,0.348853,1.661656,GRC,BGR,6404
2045282,97,23,1378,2004,134119.0,0.0,0.604825,2.098745,HKG,BGR,6404
2045283,100,23,1378,2004,5650.0,43928.0,0.6669970000000001,1.088043,HRV,BGR,6404
2045284,102,23,1378,2004,61777.0,0.0,1.207082,1.019714,HUN,BGR,6404
2045285,103,23,1378,2004,13384.0,0.0,-0.223644,1.719065,IDN,BGR,6404
2045286,104,23,1378,2004,1423.0,0.0,0.233348,2.790987,IND,BGR,6404
2045287,106,23,1378,2004,0.0,33194.0,1.501859,0.14456,IRL,BGR,6404
2045288,111,23,1378,2004,367656.0,5391942.0,1.358057,1.11533,ITA,BGR,6404
2045289,114,23,1378,2004,0.0,15979.0,2.526624,0.452054,JPN,BGR,6404
2045290,121,23,1378,2004,7215.0,0.0,1.3624690000000002,0.928342,KOR,BGR,6404
2045291,122,23,1378,2004,0.0,3890.0,-0.481908,-1.172081,KWT,BGR,6404
2045292,124,23,1378,2004,0.0,949.0,0.32409899999999997,1.037024,LBN,BGR,6404
2045293,132,23,1378,2004,0.0,60622.0,0.413821,0.627853,LVA,BGR,6404
2045294,133,23,1378,2004,2219.0,0.0,-0.351045,-0.487521,MAC,BGR,6404
2045295,135,23,1378,2004,0.0,2792.0,-0.155523,-0.355142,MDA,BGR,6404
2045296,140,23,1378,2004,0.0,33501.0,-0.091013,0.190649,MKD,BGR,6404
2045297,162,23,1378,2004,26335.0,2119.0,1.251808,1.586526,NLD,BGR,6404
2045298,163,23,1378,2004,0.0,8324.0,1.10162,0.118709,NOR,BGR,6404
2045299,177,23,1378,2004,5911.0,18614.0,1.019341,1.519452,POL,BGR,6404
2045300,179,23,1378,2004,3566.0,0.0,0.524524,1.901139,PRT,BGR,6404
2045301,183,23,1378,2004,0.0,1033.0,0.21713400000000002,-1.031806,QAT,BGR,6404
2045302,185,23,1378,2004,11989.0,52907.0,0.37241599999999997,1.015865,ROU,BGR,6404
2045303,186,23,1378,2004,5193.0,16431.0,0.8952399999999999,0.172896,RUS,BGR,6404
2045304,188,23,1378,2004,0.0,18050.0,0.546196,-0.7014729999999999,SAU,BGR,6404
2045305,189,23,1378,2004,6769.0,302396.0,0.628071,2.210424,SCG,BGR,6404
2045306,207,23,1378,2004,0.0,16385.0,1.628643,1.02381,SVN,BGR,6404
2045307,208,23,1378,2004,1060.0,58483.0,2.0522080000000003,0.8326969999999999,SWE,BGR,6404
2045308,212,23,1378,2004,337327.0,0.0,-0.568707,-0.034736,SYR,BGR,6404
2045309,216,23,1378,2004,10031.0,0.0,0.5150359999999999,1.583019,THA,BGR,6404
2045310,223,23,1378,2004,0.0,1410.0,-0.195751,0.335147,TUN,BGR,6404
2045311,224,23,1378,2004,2440772.0,33915.0,0.141454,1.9463599999999999,TUR,BGR,6404
2045312,231,23,1378,2004,3471.0,16150.0,1.7598630000000002,0.066704,USA,BGR,6404
2045313,239,23,1378,2004,221348.0,0.0,-0.5270560000000001,0.8910389999999999,VNM,BGR,6404
2045314,249,23,1378,2004,5123.0,0.0,1.626307,1.358315,TWN,BGR,6404
2045315,250,23,1378,2004,9891.0,48535.0,0.509382,-0.30904299999999996,ANS,BGR,6404
2045316,22,24,1378,2004,953.0,0.0,-1.150444,-0.885333,BGD,BHR,6404
2045317,32,24,1378,2004,4047.0,0.0,0.540718,1.149065,BRA,BHR,6404
2045318,41,24,1378,2004,1133.0,0.0,2.151471,0.7196279999999999,CHE,BHR,6404
2045319,43,24,1378,2004,322923.0,0.0,0.581548,2.8689880000000003,CHN,BHR,6404
2045320,61,24,1378,2004,6300.0,0.0,2.266076,-2.011139,DEU,BHR,6404
2045321,64,24,1378,2004,4069.0,0.0,1.328968,1.262743,DNK,BHR,6404
2045322,68,24,1378,2004,2675.0,0.0,-0.300563,0.41834899999999997,EGY,BHR,6404
2045323,71,24,1378,2004,109947.0,0.0,0.9784649999999999,2.051216,ESP,BHR,6404
2045324,77,24,1378,2004,4133.0,0.0,1.6003530000000001,0.643945,FRA,BHR,6404
2045325,81,24,1378,2004,12287.0,0.0,1.843506,0.684779,GBR,BHR,6404
2045326,97,24,1378,2004,6378.0,0.0,0.604825,2.098745,HKG,BHR,6404
2045327,103,24,1378,2004,30270.0,0.0,-0.223644,1.719065,IDN,BHR,6404
2045328,104,24,1378,2004,11079.0,0.0,0.233348,2.790987,IND,BHR,6404
2045329,111,24,1378,2004,120168.0,0.0,1.358057,1.11533,ITA,BHR,6404
2045330,121,24,1378,2004,2434.0,0.0,1.3624690000000002,0.928342,KOR,BHR,6404
2045331,124,24,1378,2004,58674.0,0.0,0.32409899999999997,1.037024,LBN,BHR,6404
2045332,153,24,1378,2004,1692.0,0.0,0.6710050000000001,0.17807,MYS,BHR,6404
2045333,168,24,1378,2004,2514.0,0.0,-0.754143,0.25995100000000004,PAK,BHR,6404
2045334,174,24,1378,2004,3913.0,0.0,-0.076709,-0.149006,PHL,BHR,6404
2045335,179,24,1378,2004,6515.0,0.0,0.524524,1.901139,PRT,BHR,6404
2045336,183,24,1378,2004,11765.0,1386.0,0.21713400000000002,-1.031806,QAT,BHR,6404
2045337,185,24,1378,2004,754.0,0.0,0.37241599999999997,1.015865,ROU,BHR,6404
2045338,192,24,1378,2004,3262.0,0.0,1.6409779999999998,0.634947,SGP,BHR,6404
2045339,212,24,1378,2004,2246.0,0.0,-0.568707,-0.034736,SYR,BHR,6404
2045340,216,24,1378,2004,8619.0,0.0,0.5150359999999999,1.583019,THA,BHR,6404
2045341,224,24,1378,2004,42424.0,0.0,0.141454,1.9463599999999999,TUR,BHR,6404
2045342,239,24,1378,2004,33326.0,0.0,-0.5270560000000001,0.8910389999999999,VNM,BHR,6404
2045343,246,24,1378,2004,1975.0,0.0,0.460279,1.9736220000000002,ZAF,BHR,6404
2045344,249,24,1378,2004,6911.0,0.0,1.626307,1.358315,TWN,BHR,6404
2045345,43,28,1378,2004,128630.0,0.0,0.581548,2.8689880000000003,CHN,BLR,6404
2045346,59,28,1378,2004,2685.0,0.0,1.562625,0.865244,CZE,BLR,6404
2045347,61,28,1378,2004,20423.0,0.0,2.266076,-2.011139,DEU,BLR,6404
2045348,77,28,1378,2004,22103.0,0.0,1.6003530000000001,0.643945,FRA,BLR,6404
2045349,106,28,1378,2004,1658.0,0.0,1.501859,0.14456,IRL,BLR,6404
2045350,111,28,1378,2004,7652.0,0.0,1.358057,1.11533,ITA,BLR,6404
2045351,130,28,1378,2004,0.0,17223.0,0.403568,0.632707,LTU,BLR,6404
2045352,132,28,1378,2004,0.0,1845.0,0.413821,0.627853,LVA,BLR,6404
2045353,177,28,1378,2004,7382.0,0.0,1.019341,1.519452,POL,BLR,6404
2045354,186,28,1378,2004,357307.0,392000.0,0.8952399999999999,0.172896,RUS,BLR,6404
2045355,228,28,1378,2004,12779.0,5019.0,0.8758040000000001,0.8195879999999999,UKR,BLR,6404
2045356,239,28,1378,2004,7714.0,0.0,-0.5270560000000001,0.8910389999999999,VNM,BLR,6404
2045357,5,59,1378,2004,0.0,2255.0,1.268618,0.835359,AND,CZE,6404
2045358,14,59,1378,2004,0.0,1107.0,0.196641,0.8139460000000001,AUS,CZE,6404
2045359,15,59,1378,2004,1428378.0,272291.0,1.825391,0.40553,AUT,CZE,6404
2045360,18,59,1378,2004,1466848.0,13441.0,1.350911,1.408209,BEL,CZE,6404
2045361,22,59,1378,2004,7723.0,0.0,-1.150444,-0.885333,BGD,CZE,6404
2045362,23,59,1378,2004,27912.0,0.0,0.35536,1.499182,BGR,CZE,6404
2045363,26,59,1378,2004,2230.0,0.0,0.385952,0.571774,BIH,CZE,6404
2045364,28,59,1378,2004,0.0,2685.0,0.8553139999999999,0.703926,BLR,CZE,6404
2045365,32,59,1378,2004,228968.0,0.0,0.540718,1.149065,BRA,CZE,6404
2045366,39,59,1378,2004,7353.0,146965.0,0.9392739999999999,1.19228,CAN,CZE,6404
2045367,41,59,1378,2004,12477.0,95175.0,2.151471,0.7196279999999999,CHE,CZE,6404
2045368,42,59,1378,2004,0.0,3268.0,-0.07869,-0.33641,CHL,CZE,6404
2045369,43,59,1378,2004,5805795.0,0.0,0.581548,2.8689880000000003,CHN,CZE,6404
2045370,61,59,1378,2004,14064580.0,12158707.0,2.266076,-2.011139,DEU,CZE,6404
2045371,64,59,1378,2004,97274.0,398226.0,1.328968,1.262743,DNK,CZE,6404
2045372,71,59,1378,2004,117128.0,7201.0,0.9784649999999999,2.051216,ESP,CZE,6404
2045373,72,59,1378,2004,3826.0,939.0,0.6101840000000001,0.9520370000000001,EST,CZE,6404
2045374,74,59,1378,2004,22848.0,4808.0,2.000218,0.9867309999999999,FIN,CZE,6404
2045375,77,59,1378,2004,516410.0,2242636.0,1.6003530000000001,0.643945,FRA,CZE,6404
2045376,81,59,1378,2004,433601.0,2987.0,1.843506,0.684779,GBR,CZE,6404
2045377,85,59,1378,2004,0.0,1882.0,-1.314543,-1.155153,GIN,CZE,6404
2045378,90,59,1378,2004,1708.0,0.0,0.348853,1.661656,GRC,CZE,6404
2045379,97,59,1378,2004,212439.0,2616.0,0.604825,2.098745,HKG,CZE,6404
2045380,100,59,1378,2004,3058.0,4734.0,0.6669970000000001,1.088043,HRV,CZE,6404
2045381,102,59,1378,2004,173227.0,83008.0,1.207082,1.019714,HUN,CZE,6404
2045382,103,59,1378,2004,193990.0,0.0,-0.223644,1.719065,IDN,CZE,6404
2045383,104,59,1378,2004,71512.0,0.0,0.233348,2.790987,IND,CZE,6404
2045384,109,59,1378,2004,0.0,1501.0,0.298844,-0.36366,ISL,CZE,6404
2045385,110,59,1378,2004,13972.0,0.0,1.250393,0.8003979999999999,ISR,CZE,6404
2045386,111,59,1378,2004,1357948.0,72829.0,1.358057,1.11533,ITA,CZE,6404
2045387,114,59,1378,2004,0.0,3210.0,2.526624,0.452054,JPN,CZE,6404
2045388,118,59,1378,2004,88785.0,0.0,-1.4676209999999998,-1.1972639999999999,KHM,CZE,6404
2045389,121,59,1378,2004,33569.0,0.0,1.3624690000000002,0.928342,KOR,CZE,6404
2045390,130,59,1378,2004,1234.0,15312.0,0.403568,0.632707,LTU,CZE,6404
2045391,131,59,1378,2004,0.0,1051.0,1.37529,1.0172649999999999,LUX,CZE,6404
2045392,132,59,1378,2004,0.0,8625.0,0.413821,0.627853,LVA,CZE,6404
2045393,133,59,1378,2004,147926.0,0.0,-0.351045,-0.487521,MAC,CZE,6404
2045394,135,59,1378,2004,721.0,0.0,-0.155523,-0.355142,MDA,CZE,6404
2045395,142,59,1378,2004,969.0,0.0,1.251894,0.063827,MLT,CZE,6404
2045396,151,59,1378,2004,0.0,5868.0,-0.374754,-0.288504,MUS,CZE,6404
2045397,153,59,1378,2004,98530.0,0.0,0.6710050000000001,0.17807,MYS,CZE,6404
2045398,162,59,1378,2004,191413.0,43579.0,1.251808,1.586526,NLD,CZE,6404
2045399,163,59,1378,2004,0.0,87373.0,1.10162,0.118709,NOR,CZE,6404
2045400,166,59,1378,2004,0.0,1781.0,0.567392,0.965781,NZL,CZE,6404
2045401,168,59,1378,2004,613.0,0.0,-0.754143,0.25995100000000004,PAK,CZE,6404
2045402,174,59,1378,2004,3774.0,0.0,-0.076709,-0.149006,PHL,CZE,6404
2045403,177,59,1378,2004,405078.0,177093.0,1.019341,1.519452,POL,CZE,6404
2045404,179,59,1378,2004,12462.0,1894.0,0.524524,1.901139,PRT,CZE,6404
2045405,185,59,1378,2004,241046.0,12013.0,0.37241599999999997,1.015865,ROU,CZE,6404
2045406,186,59,1378,2004,45513.0,9920.0,0.8952399999999999,0.172896,RUS,CZE,6404
2045407,189,59,1378,2004,3280.0,2644.0,0.628071,2.210424,SCG,CZE,6404
2045408,192,59,1378,2004,1261.0,9957.0,1.6409779999999998,0.634947,SGP,CZE,6404
2045409,206,59,1378,2004,1044915.0,1176048.0,1.2375120000000002,0.8777889999999999,SVK,CZE,6404
2045410,207,59,1378,2004,34884.0,32065.0,1.628643,1.02381,SVN,CZE,6404
2045411,208,59,1378,2004,53021.0,1588.0,2.0522080000000003,0.8326969999999999,SWE,CZE,6404
2045412,211,59,1378,2004,0.0,2624.0,-0.12954100000000002,-0.713507,SYC,CZE,6404
2045413,212,59,1378,2004,1099.0,0.0,-0.568707,-0.034736,SYR,CZE,6404
2045414,216,59,1378,2004,812759.0,0.0,0.5150359999999999,1.583019,THA,CZE,6404
2045415,223,59,1378,2004,2391.0,0.0,-0.195751,0.335147,TUN,CZE,6404
2045416,224,59,1378,2004,94330.0,24275.0,0.141454,1.9463599999999999,TUR,CZE,6404
2045417,228,59,1378,2004,0.0,2231.0,0.8758040000000001,0.8195879999999999,UKR,CZE,6404
2045418,231,59,1378,2004,4166.0,151248.0,1.7598630000000002,0.066704,USA,CZE,6404
2045419,239,59,1378,2004,870003.0,1683.0,-0.5270560000000001,0.8910389999999999,VNM,CZE,6404
2045420,249,59,1378,2004,37265.0,0.0,1.626307,1.358315,TWN,CZE,6404
2045421,7,68,1378,2004,0.0,1335.0,0.1799,-0.34541900000000003,ARE,EGY,6404
2045422,14,68,1378,2004,0.0,10476.0,0.196641,0.8139460000000001,AUS,EGY,6404
2045423,17,68,1378,2004,0.0,3477.0,-0.939393,-0.919969,BDI,EGY,6404
2045424,24,68,1378,2004,0.0,2675.0,0.045344999999999996,-1.001059,BHR,EGY,6404
2045425,32,68,1378,2004,76342.0,0.0,0.540718,1.149065,BRA,EGY,6404
2045426,43,68,1378,2004,3170979.0,0.0,0.581548,2.8689880000000003,CHN,EGY,6404
2045427,58,68,1378,2004,3380.0,0.0,0.533521,0.615939,CYP,EGY,6404
2045428,61,68,1378,2004,32098.0,0.0,2.266076,-2.011139,DEU,EGY,6404
2045429,71,68,1378,2004,103960.0,971.0,0.9784649999999999,2.051216,ESP,EGY,6404
2045430,90,68,1378,2004,2225.0,1697.0,0.348853,1.661656,GRC,EGY,6404
2045431,97,68,1378,2004,105582.0,0.0,0.604825,2.098745,HKG,EGY,6404
2045432,103,68,1378,2004,84039.0,0.0,-0.223644,1.719065,IDN,EGY,6404
2045433,111,68,1378,2004,269255.0,0.0,1.358057,1.11533,ITA,EGY,6404
2045434,121,68,1378,2004,2966.0,0.0,1.3624690000000002,0.928342,KOR,EGY,6404
2045435,122,68,1378,2004,0.0,799.0,-0.481908,-1.172081,KWT,EGY,6404
2045436,124,68,1378,2004,781.0,0.0,0.32409899999999997,1.037024,LBN,EGY,6404
2045437,126,68,1378,2004,0.0,14676.0,-0.42119700000000004,-1.179463,LBY,EGY,6404
2045438,153,68,1378,2004,16752.0,0.0,0.6710050000000001,0.17807,MYS,EGY,6404
2045439,162,68,1378,2004,7052.0,0.0,1.251808,1.586526,NLD,EGY,6404
2045440,183,68,1378,2004,0.0,19020.0,0.21713400000000002,-1.031806,QAT,EGY,6404
2045441,188,68,1378,2004,0.0,5821.0,0.546196,-0.7014729999999999,SAU,EGY,6404
2045442,189,68,1378,2004,0.0,881.0,0.628071,2.210424,SCG,EGY,6404
2045443,190,68,1378,2004,0.0,135695.0,-1.5346309999999999,-1.2599559999999999,SDN,EGY,6404
2045444,191,68,1378,2004,0.0,1353.0,-0.527127,-0.368631,SEN,EGY,6404
2045445,212,68,1378,2004,552062.0,0.0,-0.568707,-0.034736,SYR,EGY,6404
2045446,216,68,1378,2004,27254.0,0.0,0.5150359999999999,1.583019,THA,EGY,6404
2045447,224,68,1378,2004,15291.0,0.0,0.141454,1.9463599999999999,TUR,EGY,6404
2045448,227,68,1378,2004,0.0,2351.0,-0.914733,-0.554346,UGA,EGY,6404
2045449,231,68,1378,2004,5195.0,0.0,1.7598630000000002,0.066704,USA,EGY,6404
2045450,239,68,1378,2004,400252.0,0.0,-0.5270560000000001,0.8910389999999999,VNM,EGY,6404
2045451,246,68,1378,2004,0.0,6182.0,0.460279,1.9736220000000002,ZAF,EGY,6404
2045452,249,68,1378,2004,12350.0,0.0,1.626307,1.358315,TWN,EGY,6404
2045453,4,100,1378,2004,1775.0,0.0,-0.131892,0.14985199999999999,ALB,HRV,6404
2045454,15,100,1378,2004,268674.0,7507973.0,1.825391,0.40553,AUT,HRV,6404
2045455,18,100,1378,2004,27568.0,0.0,1.350911,1.408209,BEL,HRV,6404
2045456,22,100,1378,2004,1925.0,0.0,-1.150444,-0.885333,BGD,HRV,6404
2045457,23,100,1378,2004,43928.0,5650.0,0.35536,1.499182,BGR,HRV,6404
2045458,26,100,1378,2004,68517.0,241221.0,0.385952,0.571774,BIH,HRV,6404
2045459,32,100,1378,2004,49280.0,0.0,0.540718,1.149065,BRA,HRV,6404
2045460,41,100,1378,2004,4786.0,22192.0,2.151471,0.7196279999999999,CHE,HRV,6404
2045461,43,100,1378,2004,3039839.0,0.0,0.581548,2.8689880000000003,CHN,HRV,6404
2045462,59,100,1378,2004,4734.0,3058.0,1.562625,0.865244,CZE,HRV,6404
2045463,61,100,1378,2004,315271.0,1589913.0,2.266076,-2.011139,DEU,HRV,6404
2045464,64,100,1378,2004,12731.0,0.0,1.328968,1.262743,DNK,HRV,6404
2045465,71,100,1378,2004,84044.0,5366.0,0.9784649999999999,2.051216,ESP,HRV,6404
2045466,77,100,1378,2004,30753.0,3709019.0,1.6003530000000001,0.643945,FRA,HRV,6404
2045467,81,100,1378,2004,36220.0,0.0,1.843506,0.684779,GBR,HRV,6404
2045468,90,100,1378,2004,2441.0,9744.0,0.348853,1.661656,GRC,HRV,6404
2045469,97,100,1378,2004,58512.0,0.0,0.604825,2.098745,HKG,HRV,6404
2045470,102,100,1378,2004,98690.0,15228.0,1.207082,1.019714,HUN,HRV,6404
2045471,103,100,1378,2004,266826.0,0.0,-0.223644,1.719065,IDN,HRV,6404
2045472,104,100,1378,2004,12730.0,0.0,0.233348,2.790987,IND,HRV,6404
2045473,111,100,1378,2004,5378048.0,826620.0,1.358057,1.11533,ITA,HRV,6404
2045474,118,100,1378,2004,4822.0,0.0,-1.4676209999999998,-1.1972639999999999,KHM,HRV,6404
2045475,121,100,1378,2004,26441.0,0.0,1.3624690000000002,0.928342,KOR,HRV,6404
2045476,122,100,1378,2004,0.0,2956.0,-0.481908,-1.172081,KWT,HRV,6404
2045477,128,100,1378,2004,1187.0,0.0,-0.658668,0.21912600000000002,LKA,HRV,6404
2045478,133,100,1378,2004,27072.0,0.0,-0.351045,-0.487521,MAC,HRV,6404
2045479,134,100,1378,2004,1599.0,0.0,-0.681556,-0.152372,MAR,HRV,6404
2045480,140,100,1378,2004,8050.0,37452.0,-0.091013,0.190649,MKD,HRV,6404
2045481,143,100,1378,2004,1445.0,0.0,-1.400614,-0.947664,MMR,HRV,6404
2045482,153,100,1378,2004,8532.0,0.0,0.6710050000000001,0.17807,MYS,HRV,6404
2045483,162,100,1378,2004,13245.0,0.0,1.251808,1.586526,NLD,HRV,6404
2045484,168,100,1378,2004,2283.0,0.0,-0.754143,0.25995100000000004,PAK,HRV,6404
2045485,174,100,1378,2004,3225.0,0.0,-0.076709,-0.149006,PHL,HRV,6404
2045486,177,100,1378,2004,4872.0,1049.0,1.019341,1.519452,POL,HRV,6404
2045487,179,100,1378,2004,4450.0,0.0,0.524524,1.901139,PRT,HRV,6404
2045488,185,100,1378,2004,73096.0,0.0,0.37241599999999997,1.015865,ROU,HRV,6404
2045489,186,100,1378,2004,9052.0,0.0,0.8952399999999999,0.172896,RUS,HRV,6404
2045490,188,100,1378,2004,0.0,1065.0,0.546196,-0.7014729999999999,SAU,HRV,6404
2045491,189,100,1378,2004,41745.0,86547.0,0.628071,2.210424,SCG,HRV,6404
2045492,206,100,1378,2004,2739.0,0.0,1.2375120000000002,0.8777889999999999,SVK,HRV,6404
2045493,207,100,1378,2004,599752.0,198968.0,1.628643,1.02381,SVN,HRV,6404
2045494,208,100,1378,2004,18759.0,0.0,2.0522080000000003,0.8326969999999999,SWE,HRV,6404
2045495,216,100,1378,2004,205256.0,0.0,0.5150359999999999,1.583019,THA,HRV,6404
2045496,224,100,1378,2004,98037.0,0.0,0.141454,1.9463599999999999,TUR,HRV,6404
2045497,231,100,1378,2004,17564.0,24260.0,1.7598630000000002,0.066704,USA,HRV,6404
2045498,239,100,1378,2004,224636.0,0.0,-0.5270560000000001,0.8910389999999999,VNM,HRV,6404
2045499,246,100,1378,2004,7028.0,857.0,0.460279,1.9736220000000002,ZAF,HRV,6404
2045500,249,100,1378,2004,113008.0,3155.0,1.626307,1.358315,TWN,HRV,6404
2045501,7,102,1378,2004,0.0,15353.0,0.1799,-0.34541900000000003,ARE,HUN,6404
2045502,15,102,1378,2004,947502.0,5929976.0,1.825391,0.40553,AUT,HUN,6404
2045503,18,102,1378,2004,1169707.0,18204.0,1.350911,1.408209,BEL,HUN,6404
2045504,23,102,1378,2004,0.0,61777.0,0.35536,1.499182,BGR,HUN,6404
2045505,26,102,1378,2004,49339.0,17708.0,0.385952,0.571774,BIH,HUN,6404
2045506,29,102,1378,2004,45341.0,0.0,-0.355391,-0.662783,BLZ,HUN,6404
2045507,32,102,1378,2004,63965.0,0.0,0.540718,1.149065,BRA,HUN,6404
2045508,39,102,1378,2004,3157.0,1608.0,0.9392739999999999,1.19228,CAN,HUN,6404
2045509,41,102,1378,2004,18286.0,86949.0,2.151471,0.7196279999999999,CHE,HUN,6404
2045510,43,102,1378,2004,5771947.0,0.0,0.581548,2.8689880000000003,CHN,HUN,6404
2045511,59,102,1378,2004,83008.0,173227.0,1.562625,0.865244,CZE,HUN,6404
2045512,61,102,1378,2004,2565656.0,3021971.0,2.266076,-2.011139,DEU,HUN,6404
2045513,64,102,1378,2004,18955.0,0.0,1.328968,1.262743,DNK,HUN,6404
2045514,71,102,1378,2004,601708.0,51381.0,0.9784649999999999,2.051216,ESP,HUN,6404
2045515,74,102,1378,2004,16035.0,36721.0,2.000218,0.9867309999999999,FIN,HUN,6404
2045516,77,102,1378,2004,422105.0,14551.0,1.6003530000000001,0.643945,FRA,HUN,6404
2045517,81,102,1378,2004,86092.0,3949.0,1.843506,0.684779,GBR,HUN,6404
2045518,90,102,1378,2004,1109.0,1812.0,0.348853,1.661656,GRC,HUN,6404
2045519,97,102,1378,2004,544845.0,0.0,0.604825,2.098745,HKG,HUN,6404
2045520,100,102,1378,2004,15228.0,98690.0,0.6669970000000001,1.088043,HRV,HUN,6404
2045521,103,102,1378,2004,11764.0,0.0,-0.223644,1.719065,IDN,HUN,6404
2045522,104,102,1378,2004,131248.0,0.0,0.233348,2.790987,IND,HUN,6404
2045523,106,102,1378,2004,4780.0,0.0,1.501859,0.14456,IRL,HUN,6404
2045524,110,102,1378,2004,12842.0,0.0,1.250393,0.8003979999999999,ISR,HUN,6404
2045525,111,102,1378,2004,1157248.0,2971.0,1.358057,1.11533,ITA,HUN,6404
2045526,121,102,1378,2004,127733.0,6726.0,1.3624690000000002,0.928342,KOR,HUN,6404
2045527,122,102,1378,2004,0.0,818.0,-0.481908,-1.172081,KWT,HUN,6404
2045528,124,102,1378,2004,0.0,933.0,0.32409899999999997,1.037024,LBN,HUN,6404
2045529,130,102,1378,2004,0.0,16164.0,0.403568,0.632707,LTU,HUN,6404
2045530,131,102,1378,2004,3866.0,0.0,1.37529,1.0172649999999999,LUX,HUN,6404
2045531,132,102,1378,2004,0.0,1674.0,0.413821,0.627853,LVA,HUN,6404
2045532,133,102,1378,2004,9030.0,1318.0,-0.351045,-0.487521,MAC,HUN,6404
2045533,140,102,1378,2004,0.0,5918.0,-0.091013,0.190649,MKD,HUN,6404
2045534,142,102,1378,2004,3219.0,0.0,1.251894,0.063827,MLT,HUN,6404
2045535,162,102,1378,2004,236064.0,626816.0,1.251808,1.586526,NLD,HUN,6404
2045536,163,102,1378,2004,0.0,112233.0,1.10162,0.118709,NOR,HUN,6404
2045537,174,102,1378,2004,69204.0,0.0,-0.076709,-0.149006,PHL,HUN,6404
2045538,177,102,1378,2004,57560.0,12396.0,1.019341,1.519452,POL,HUN,6404
2045539,183,102,1378,2004,0.0,7140.0,0.21713400000000002,-1.031806,QAT,HUN,6404
2045540,185,102,1378,2004,91049.0,27828.0,0.37241599999999997,1.015865,ROU,HUN,6404
2045541,186,102,1378,2004,1540.0,7188.0,0.8952399999999999,0.172896,RUS,HUN,6404
2045542,189,102,1378,2004,17336.0,18503.0,0.628071,2.210424,SCG,HUN,6404
2045543,206,102,1378,2004,134308.0,26447.0,1.2375120000000002,0.8777889999999999,SVK,HUN,6404
2045544,207,102,1378,2004,18551.0,52432.0,1.628643,1.02381,SVN,HUN,6404
2045545,208,102,1378,2004,20740.0,0.0,2.0522080000000003,0.8326969999999999,SWE,HUN,6404
2045546,212,102,1378,2004,750.0,0.0,-0.568707,-0.034736,SYR,HUN,6404
2045547,216,102,1378,2004,69476.0,0.0,0.5150359999999999,1.583019,THA,HUN,6404
2045548,224,102,1378,2004,223629.0,0.0,0.141454,1.9463599999999999,TUR,HUN,6404
2045549,228,102,1378,2004,0.0,2266.0,0.8758040000000001,0.8195879999999999,UKR,HUN,6404
2045550,231,102,1378,2004,126771.0,36359.0,1.7598630000000002,0.066704,USA,HUN,6404
2045551,239,102,1378,2004,500075.0,0.0,-0.5270560000000001,0.8910389999999999,VNM,HUN,6404
2045552,249,102,1378,2004,70694.0,0.0,1.626307,1.358315,TWN,HUN,6404
2045553,1,107,1378,2004,0.0,38339.0,-0.6831550000000001,-0.756696,AFG,IRN,6404
2045554,7,107,1378,2004,610361.0,0.0,0.1799,-0.34541900000000003,ARE,IRN,6404
2045555,9,107,1378,2004,0.0,42100.0,0.661799,-0.140004,ARM,IRN,6404
2045556,15,107,1378,2004,18138.0,0.0,1.825391,0.40553,AUT,IRN,6404
2045557,16,107,1378,2004,1346.0,1982010.0,-0.393221,-0.9494440000000001,AZE,IRN,6404
2045558,43,107,1378,2004,750256.0,0.0,0.581548,2.8689880000000003,CHN,IRN,6404
2045559,61,107,1378,2004,56662.0,0.0,2.266076,-2.011139,DEU,IRN,6404
2045560,71,107,1378,2004,2723.0,2388.0,0.9784649999999999,2.051216,ESP,IRN,6404
2045561,77,107,1378,2004,18597.0,0.0,1.6003530000000001,0.643945,FRA,IRN,6404
2045562,82,107,1378,2004,0.0,221030.0,0.381348,-0.44259,GEO,IRN,6404
2045563,97,107,1378,2004,148140.0,0.0,0.604825,2.098745,HKG,IRN,6404
2045564,104,107,1378,2004,36156.0,0.0,0.233348,2.790987,IND,IRN,6404
2045565,108,107,1378,2004,0.0,345187.0,-0.8852559999999999,-0.907136,IRQ,IRN,6404
2045566,111,107,1378,2004,189614.0,0.0,1.358057,1.11533,ITA,IRN,6404
2045567,115,107,1378,2004,0.0,373853.0,-0.09288300000000001,-0.537664,KAZ,IRN,6404
2045568,117,107,1378,2004,0.0,12390.0,0.005121,0.176652,KGZ,IRN,6404
2045569,121,107,1378,2004,15153.0,0.0,1.3624690000000002,0.928342,KOR,IRN,6404
2045570,153,107,1378,2004,3399.0,0.0,0.6710050000000001,0.17807,MYS,IRN,6404
2045571,162,107,1378,2004,1913.0,0.0,1.251808,1.586526,NLD,IRN,6404
2045572,183,107,1378,2004,0.0,5597.0,0.21713400000000002,-1.031806,QAT,IRN,6404
2045573,186,107,1378,2004,0.0,14589.0,0.8952399999999999,0.172896,RUS,IRN,6404
2045574,188,107,1378,2004,0.0,154472.0,0.546196,-0.7014729999999999,SAU,IRN,6404
2045575,192,107,1378,2004,118854.0,0.0,1.6409779999999998,0.634947,SGP,IRN,6404
2045576,207,107,1378,2004,6027.0,0.0,1.628643,1.02381,SVN,IRN,6404
2045577,216,107,1378,2004,11371.0,0.0,0.5150359999999999,1.583019,THA,IRN,6404
2045578,217,107,1378,2004,0.0,7270.0,-0.608564,-1.021599,TJK,IRN,6404
2045579,219,107,1378,2004,0.0,458192.0,-0.9705790000000001,-1.212523,TKM,IRN,6404
2045580,224,107,1378,2004,9648.0,0.0,0.141454,1.9463599999999999,TUR,IRN,6404
2045581,232,107,1378,2004,0.0,95472.0,-0.50605,-0.824691,UZB,IRN,6404
2045582,239,107,1378,2004,25071.0,0.0,-0.5270560000000001,0.8910389999999999,VNM,IRN,6404
2045583,249,107,1378,2004,2795.0,0.0,1.626307,1.358315,TWN,IRN,6404
2045584,250,107,1378,2004,12103.0,0.0,0.509382,-0.30904299999999996,ANS,IRN,6404
2045585,32,113,1378,2004,8032.0,0.0,0.540718,1.149065,BRA,JOR,6404
2045586,43,113,1378,2004,1079886.0,0.0,0.581548,2.8689880000000003,CHN,JOR,6404
2045587,61,113,1378,2004,931.0,6647.0,2.266076,-2.011139,DEU,JOR,6404
2045588,64,113,1378,2004,8715.0,0.0,1.328968,1.262743,DNK,JOR,6404
2045589,71,113,1378,2004,42748.0,0.0,0.9784649999999999,2.051216,ESP,JOR,6404
2045590,81,113,1378,2004,44872.0,0.0,1.843506,0.684779,GBR,JOR,6404
2045591,97,113,1378,2004,24392.0,0.0,0.604825,2.098745,HKG,JOR,6404
2045592,103,113,1378,2004,6572.0,0.0,-0.223644,1.719065,IDN,JOR,6404
2045593,104,113,1378,2004,1066.0,0.0,0.233348,2.790987,IND,JOR,6404
2045594,108,113,1378,2004,0.0,18993.0,-0.8852559999999999,-0.907136,IRQ,JOR,6404
2045595,111,113,1378,2004,102350.0,0.0,1.358057,1.11533,ITA,JOR,6404
2045596,122,113,1378,2004,568.0,0.0,-0.481908,-1.172081,KWT,JOR,6404
2045597,124,113,1378,2004,230918.0,0.0,0.32409899999999997,1.037024,LBN,JOR,6404
2045598,183,113,1378,2004,0.0,1332.0,0.21713400000000002,-1.031806,QAT,JOR,6404
2045599,188,113,1378,2004,0.0,66986.0,0.546196,-0.7014729999999999,SAU,JOR,6404
2045600,190,113,1378,2004,0.0,4434.0,-1.5346309999999999,-1.2599559999999999,SDN,JOR,6404
2045601,212,113,1378,2004,2463.0,0.0,-0.568707,-0.034736,SYR,JOR,6404
2045602,216,113,1378,2004,1374.0,0.0,0.5150359999999999,1.583019,THA,JOR,6404
2045603,224,113,1378,2004,30789.0,0.0,0.141454,1.9463599999999999,TUR,JOR,6404
2045604,231,113,1378,2004,118469.0,39502.0,1.7598630000000002,0.066704,USA,JOR,6404
2045605,239,113,1378,2004,61635.0,0.0,-0.5270560000000001,0.8910389999999999,VNM,JOR,6404
2045606,9,115,1378,2004,0.0,8345.0,0.661799,-0.140004,ARM,KAZ,6404
2045607,15,115,1378,2004,788.0,0.0,1.825391,0.40553,AUT,KAZ,6404
2045608,41,115,1378,2004,15105.0,0.0,2.151471,0.7196279999999999,CHE,KAZ,6404
2045609,43,115,1378,2004,590649.0,9119.0,0.581548,2.8689880000000003,CHN,KAZ,6404
2045610,58,115,1378,2004,2160.0,0.0,0.533521,0.615939,CYP,KAZ,6404
2045611,61,115,1378,2004,83625.0,0.0,2.266076,-2.011139,DEU,KAZ,6404
2045612,71,115,1378,2004,7848.0,0.0,0.9784649999999999,2.051216,ESP,KAZ,6404
2045613,77,115,1378,2004,8013.0,0.0,1.6003530000000001,0.643945,FRA,KAZ,6404
2045614,81,115,1378,2004,7322.0,0.0,1.843506,0.684779,GBR,KAZ,6404
2045615,97,115,1378,2004,8599.0,0.0,0.604825,2.098745,HKG,KAZ,6404
2045616,103,115,1378,2004,1915.0,0.0,-0.223644,1.719065,IDN,KAZ,6404
2045617,107,115,1378,2004,373853.0,0.0,-0.38210700000000003,-0.8408620000000001,IRN,KAZ,6404
2045618,111,115,1378,2004,291276.0,0.0,1.358057,1.11533,ITA,KAZ,6404
2045619,121,115,1378,2004,9916.0,0.0,1.3624690000000002,0.928342,KOR,KAZ,6404
2045620,163,115,1378,2004,652.0,0.0,1.10162,0.118709,NOR,KAZ,6404
2045621,168,115,1378,2004,3090.0,0.0,-0.754143,0.25995100000000004,PAK,KAZ,6404
2045622,177,115,1378,2004,12070.0,0.0,1.019341,1.519452,POL,KAZ,6404
2045623,185,115,1378,2004,15207.0,0.0,0.37241599999999997,1.015865,ROU,KAZ,6404
2045624,186,115,1378,2004,362197.0,0.0,0.8952399999999999,0.172896,RUS,KAZ,6404
2045625,207,115,1378,2004,2475.0,0.0,1.628643,1.02381,SVN,KAZ,6404
2045626,216,115,1378,2004,1543.0,0.0,0.5150359999999999,1.583019,THA,KAZ,6404
2045627,219,115,1378,2004,0.0,7188.0,-0.9705790000000001,-1.212523,TKM,KAZ,6404
2045628,224,115,1378,2004,5035.0,0.0,0.141454,1.9463599999999999,TUR,KAZ,6404
2045629,231,115,1378,2004,2597.0,0.0,1.7598630000000002,0.066704,USA,KAZ,6404
2045630,239,115,1378,2004,10406.0,0.0,-0.5270560000000001,0.8910389999999999,VNM,KAZ,6404
2045631,249,115,1378,2004,1282.0,0.0,1.626307,1.358315,TWN,KAZ,6404
2045632,7,116,1378,2004,31657.0,22983.0,0.1799,-0.34541900000000003,ARE,KEN,6404
2045633,17,116,1378,2004,0.0,17689.0,-0.939393,-0.919969,BDI,KEN,6404
2045634,41,116,1378,2004,3114.0,5187.0,2.151471,0.7196279999999999,CHE,KEN,6404
2045635,43,116,1378,2004,389853.0,0.0,0.581548,2.8689880000000003,CHN,KEN,6404
2045636,47,116,1378,2004,0.0,3801.0,-1.610222,-1.184921,COG,KEN,6404
2045637,50,116,1378,2004,0.0,46546.0,-0.581058,-0.8678309999999999,COM,KEN,6404
2045638,61,116,1378,2004,4676.0,0.0,2.266076,-2.011139,DEU,KEN,6404
2045639,71,116,1378,2004,0.0,4003.0,0.9784649999999999,2.051216,ESP,KEN,6404
2045640,81,116,1378,2004,14657.0,0.0,1.843506,0.684779,GBR,KEN,6404
2045641,97,116,1378,2004,14054.0,0.0,0.604825,2.098745,HKG,KEN,6404
2045642,103,116,1378,2004,3542.0,0.0,-0.223644,1.719065,IDN,KEN,6404
2045643,104,116,1378,2004,2903.0,0.0,0.233348,2.790987,IND,KEN,6404
2045644,106,116,1378,2004,14779.0,0.0,1.501859,0.14456,IRL,KEN,6404
2045645,111,116,1378,2004,3981.0,1776.0,1.358057,1.11533,ITA,KEN,6404
2045646,147,116,1378,2004,0.0,77013.0,-1.1010790000000001,-1.0942,MOZ,KEN,6404
2045647,151,116,1378,2004,0.0,70790.0,-0.374754,-0.288504,MUS,KEN,6404
2045648,152,116,1378,2004,0.0,133234.0,-1.592983,-1.252423,MWI,KEN,6404
2045649,153,116,1378,2004,3370.0,0.0,0.6710050000000001,0.17807,MYS,KEN,6404
2045650,168,116,1378,2004,47802.0,0.0,-0.754143,0.25995100000000004,PAK,KEN,6404
2045651,187,116,1378,2004,0.0,70873.0,-1.3952870000000002,-0.950857,RWA,KEN,6404
2045652,190,116,1378,2004,0.0,12913.0,-1.5346309999999999,-1.2599559999999999,SDN,KEN,6404
2045653,199,116,1378,2004,0.0,113935.0,-0.255506,-0.6988260000000001,SOM,KEN,6404
2045654,216,116,1378,2004,10345.0,0.0,0.5150359999999999,1.583019,THA,KEN,6404
2045655,226,116,1378,2004,0.0,105220.0,-1.022658,-0.007045999999999999,TZA,KEN,6404
2045656,227,116,1378,2004,2742.0,134126.0,-0.914733,-0.554346,UGA,KEN,6404
2045657,231,116,1378,2004,69367.0,0.0,1.7598630000000002,0.066704,USA,KEN,6404
2045658,239,116,1378,2004,39470.0,0.0,-0.5270560000000001,0.8910389999999999,VNM,KEN,6404
2045659,246,116,1378,2004,8513.0,20888.0,0.460279,1.9736220000000002,ZAF,KEN,6404
2045660,250,116,1378,2004,6683.0,109883.0,0.509382,-0.30904299999999996,ANS,KEN,6404
2045661,39,117,1378,2004,1769.0,0.0,0.9392739999999999,1.19228,CAN,KGZ,6404
2045662,43,117,1378,2004,74976.0,0.0,0.581548,2.8689880000000003,CHN,KGZ,6404
2045663,61,117,1378,2004,10876.0,5400.0,2.266076,-2.011139,DEU,KGZ,6404
2045664,107,117,1378,2004,12390.0,0.0,-0.38210700000000003,-0.8408620000000001,IRN,KGZ,6404
2045665,111,117,1378,2004,15530.0,0.0,1.358057,1.11533,ITA,KGZ,6404
2045666,162,117,1378,2004,0.0,1465.0,1.251808,1.586526,NLD,KGZ,6404
2045667,186,117,1378,2004,0.0,205424.0,0.8952399999999999,0.172896,RUS,KGZ,6404
2045668,216,117,1378,2004,8312.0,0.0,0.5150359999999999,1.583019,THA,KGZ,6404
2045669,217,117,1378,2004,0.0,40289.0,-0.608564,-1.021599,TJK,KGZ,6404
2045670,224,117,1378,2004,226693.0,0.0,0.141454,1.9463599999999999,TUR,KGZ,6404
2045671,231,117,1378,2004,4187.0,0.0,1.7598630000000002,0.066704,USA,KGZ,6404
2045672,7,122,1378,2004,0.0,4117.0,0.1799,-0.34541900000000003,ARE,KWT,6404
2045673,14,122,1378,2004,10454.0,0.0,0.196641,0.8139460000000001,AUS,KWT,6404
2045674,22,122,1378,2004,30541.0,0.0,-1.150444,-0.885333,BGD,KWT,6404
2045675,23,122,1378,2004,3890.0,0.0,0.35536,1.499182,BGR,KWT,6404
2045676,26,122,1378,2004,4771.0,0.0,0.385952,0.571774,BIH,KWT,6404
2045677,32,122,1378,2004,320887.0,0.0,0.540718,1.149065,BRA,KWT,6404
2045678,39,122,1378,2004,2167.0,502.0,0.9392739999999999,1.19228,CAN,KWT,6404
2045679,41,122,1378,2004,1396.0,0.0,2.151471,0.7196279999999999,CHE,KWT,6404
2045680,43,122,1378,2004,1030341.0,0.0,0.581548,2.8689880000000003,CHN,KWT,6404
2045681,49,122,1378,2004,2563.0,0.0,0.033128,0.47524799999999995,COL,KWT,6404
2045682,58,122,1378,2004,35685.0,0.0,0.533521,0.615939,CYP,KWT,6404
2045683,61,122,1378,2004,84485.0,1542.0,2.266076,-2.011139,DEU,KWT,6404
2045684,64,122,1378,2004,36399.0,0.0,1.328968,1.262743,DNK,KWT,6404
2045685,65,122,1378,2004,1586.0,0.0,-0.510025,-0.328257,DOM,KWT,6404
2045686,68,122,1378,2004,799.0,0.0,-0.300563,0.41834899999999997,EGY,KWT,6404
2045687,71,122,1378,2004,710151.0,25690.0,0.9784649999999999,2.051216,ESP,KWT,6404
2045688,77,122,1378,2004,236459.0,0.0,1.6003530000000001,0.643945,FRA,KWT,6404
2045689,81,122,1378,2004,44624.0,0.0,1.843506,0.684779,GBR,KWT,6404
2045690,90,122,1378,2004,3591.0,0.0,0.348853,1.661656,GRC,KWT,6404
2045691,97,122,1378,2004,6820.0,0.0,0.604825,2.098745,HKG,KWT,6404
2045692,100,122,1378,2004,2956.0,0.0,0.6669970000000001,1.088043,HRV,KWT,6404
2045693,102,122,1378,2004,818.0,0.0,1.207082,1.019714,HUN,KWT,6404
2045694,103,122,1378,2004,37846.0,0.0,-0.223644,1.719065,IDN,KWT,6404
2045695,104,122,1378,2004,13223.0,0.0,0.233348,2.790987,IND,KWT,6404
2045696,111,122,1378,2004,555565.0,0.0,1.358057,1.11533,ITA,KWT,6404
2045697,113,122,1378,2004,0.0,568.0,0.152989,0.385845,JOR,KWT,6404
2045698,114,122,1378,2004,9441.0,0.0,2.526624,0.452054,JPN,KWT,6404
2045699,118,122,1378,2004,13205.0,0.0,-1.4676209999999998,-1.1972639999999999,KHM,KWT,6404
2045700,121,122,1378,2004,2079.0,0.0,1.3624690000000002,0.928342,KOR,KWT,6404
2045701,124,122,1378,2004,118476.0,0.0,0.32409899999999997,1.037024,LBN,KWT,6404
2045702,128,122,1378,2004,1135.0,0.0,-0.658668,0.21912600000000002,LKA,KWT,6404
2045703,130,122,1378,2004,1053.0,0.0,0.403568,0.632707,LTU,KWT,6404
2045704,132,122,1378,2004,1270.0,0.0,0.413821,0.627853,LVA,KWT,6404
2045705,133,122,1378,2004,13844.0,0.0,-0.351045,-0.487521,MAC,KWT,6404
2045706,134,122,1378,2004,5432.0,0.0,-0.681556,-0.152372,MAR,KWT,6404
2045707,138,122,1378,2004,1143.0,0.0,0.868684,0.85506,MEX,KWT,6404
2045708,151,122,1378,2004,1419.0,0.0,-0.374754,-0.288504,MUS,KWT,6404
2045709,153,122,1378,2004,156229.0,0.0,0.6710050000000001,0.17807,MYS,KWT,6404
2045710,168,122,1378,2004,164412.0,0.0,-0.754143,0.25995100000000004,PAK,KWT,6404
2045711,174,122,1378,2004,7720.0,0.0,-0.076709,-0.149006,PHL,KWT,6404
2045712,179,122,1378,2004,51329.0,0.0,0.524524,1.901139,PRT,KWT,6404
2045713,183,122,1378,2004,24149.0,0.0,0.21713400000000002,-1.031806,QAT,KWT,6404
2045714,185,122,1378,2004,28142.0,0.0,0.37241599999999997,1.015865,ROU,KWT,6404
2045715,188,122,1378,2004,0.0,3836.0,0.546196,-0.7014729999999999,SAU,KWT,6404
2045716,206,122,1378,2004,2490.0,0.0,1.2375120000000002,0.8777889999999999,SVK,KWT,6404
2045717,216,122,1378,2004,51314.0,0.0,0.5150359999999999,1.583019,THA,KWT,6404
2045718,223,122,1378,2004,1221.0,0.0,-0.195751,0.335147,TUN,KWT,6404
2045719,224,122,1378,2004,83042.0,0.0,0.141454,1.9463599999999999,TUR,KWT,6404
2045720,231,122,1378,2004,47384.0,0.0,1.7598630000000002,0.066704,USA,KWT,6404
2045721,239,122,1378,2004,91645.0,0.0,-0.5270560000000001,0.8910389999999999,VNM,KWT,6404
2045722,249,122,1378,2004,74963.0,0.0,1.626307,1.358315,TWN,KWT,6404
2045723,2,124,1378,2004,0.0,8000.0,-0.8513709999999999,-1.173397,AGO,LBN,6404
2045724,7,124,1378,2004,0.0,80219.0,0.1799,-0.34541900000000003,ARE,LBN,6404
2045725,14,124,1378,2004,0.0,1262.0,0.196641,0.8139460000000001,AUS,LBN,6404
2045726,15,124,1378,2004,10125.0,0.0,1.825391,0.40553,AUT,LBN,6404
2045727,18,124,1378,2004,29674.0,3370.0,1.350911,1.408209,BEL,LBN,6404
2045728,21,124,1378,2004,0.0,64062.0,-1.000801,-1.00024,BFA,LBN,6404
2045729,23,124,1378,2004,949.0,0.0,0.35536,1.499182,BGR,LBN,6404
2045730,24,124,1378,2004,0.0,58674.0,0.045344999999999996,-1.001059,BHR,LBN,6404
2045731,32,124,1378,2004,173817.0,0.0,0.540718,1.149065,BRA,LBN,6404
2045732,39,124,1378,2004,2789.0,0.0,0.9392739999999999,1.19228,CAN,LBN,6404
2045733,41,124,1378,2004,838.0,4303.0,2.151471,0.7196279999999999,CHE,LBN,6404
2045734,43,124,1378,2004,2355887.0,0.0,0.581548,2.8689880000000003,CHN,LBN,6404
2045735,47,124,1378,2004,0.0,3000.0,-1.610222,-1.184921,COG,LBN,6404
2045736,58,124,1378,2004,0.0,6060.0,0.533521,0.615939,CYP,LBN,6404
2045737,61,124,1378,2004,63922.0,940.0,2.266076,-2.011139,DEU,LBN,6404
2045738,64,124,1378,2004,67948.0,0.0,1.328968,1.262743,DNK,LBN,6404
2045739,68,124,1378,2004,0.0,781.0,-0.300563,0.41834899999999997,EGY,LBN,6404
2045740,71,124,1378,2004,1126280.0,10471.0,0.9784649999999999,2.051216,ESP,LBN,6404
2045741,77,124,1378,2004,316100.0,65063.0,1.6003530000000001,0.643945,FRA,LBN,6404
2045742,81,124,1378,2004,74923.0,846.0,1.843506,0.684779,GBR,LBN,6404
2045743,97,124,1378,2004,126181.0,0.0,0.604825,2.098745,HKG,LBN,6404
2045744,99,124,1378,2004,4093.0,0.0,-0.75975,-0.548407,HND,LBN,6404
2045745,102,124,1378,2004,933.0,0.0,1.207082,1.019714,HUN,LBN,6404
2045746,103,124,1378,2004,146053.0,0.0,-0.223644,1.719065,IDN,LBN,6404
2045747,104,124,1378,2004,55594.0,0.0,0.233348,2.790987,IND,LBN,6404
2045748,111,124,1378,2004,789532.0,4631.0,1.358057,1.11533,ITA,LBN,6404
2045749,113,124,1378,2004,0.0,230918.0,0.152989,0.385845,JOR,LBN,6404
2045750,121,124,1378,2004,11478.0,0.0,1.3624690000000002,0.928342,KOR,LBN,6404
2045751,122,124,1378,2004,0.0,118476.0,-0.481908,-1.172081,KWT,LBN,6404
2045752,134,124,1378,2004,1514.0,0.0,-0.681556,-0.152372,MAR,LBN,6404
2045753,138,124,1378,2004,13194.0,0.0,0.868684,0.85506,MEX,LBN,6404
2045754,153,124,1378,2004,12826.0,0.0,0.6710050000000001,0.17807,MYS,LBN,6404
2045755,162,124,1378,2004,10613.0,0.0,1.251808,1.586526,NLD,LBN,6404
2045756,163,124,1378,2004,0.0,2268.0,1.10162,0.118709,NOR,LBN,6404
2045757,174,124,1378,2004,5460.0,0.0,-0.076709,-0.149006,PHL,LBN,6404
2045758,179,124,1378,2004,39394.0,0.0,0.524524,1.901139,PRT,LBN,6404
2045759,183,124,1378,2004,0.0,63780.0,0.21713400000000002,-1.031806,QAT,LBN,6404
2045760,185,124,1378,2004,23358.0,5527.0,0.37241599999999997,1.015865,ROU,LBN,6404
2045761,188,124,1378,2004,0.0,545085.0,0.546196,-0.7014729999999999,SAU,LBN,6404
2045762,207,124,1378,2004,627.0,0.0,1.628643,1.02381,SVN,LBN,6404
2045763,212,124,1378,2004,122227.0,59904.0,-0.568707,-0.034736,SYR,LBN,6404
2045764,216,124,1378,2004,37029.0,0.0,0.5150359999999999,1.583019,THA,LBN,6404
2045765,224,124,1378,2004,59620.0,0.0,0.141454,1.9463599999999999,TUR,LBN,6404
2045766,231,124,1378,2004,196179.0,14631.0,1.7598630000000002,0.066704,USA,LBN,6404
2045767,239,124,1378,2004,339700.0,0.0,-0.5270560000000001,0.8910389999999999,VNM,LBN,6404
2045768,249,124,1378,2004,15869.0,0.0,1.626307,1.358315,TWN,LBN,6404
2045769,250,124,1378,2004,0.0,15000.0,0.509382,-0.30904299999999996,ANS,LBN,6404
2045770,15,130,1378,2004,19913.0,0.0,1.825391,0.40553,AUT,LTU,6404
2045771,18,130,1378,2004,261439.0,0.0,1.350911,1.408209,BEL,LTU,6404
2045772,28,130,1378,2004,17223.0,0.0,0.8553139999999999,0.703926,BLR,LTU,6404
2045773,39,130,1378,2004,0.0,4294.0,0.9392739999999999,1.19228,CAN,LTU,6404
2045774,41,130,1378,2004,1430.0,0.0,2.151471,0.7196279999999999,CHE,LTU,6404
2045775,43,130,1378,2004,1147649.0,0.0,0.581548,2.8689880000000003,CHN,LTU,6404
2045776,59,130,1378,2004,15312.0,1234.0,1.562625,0.865244,CZE,LTU,6404
2045777,61,130,1378,2004,560218.0,0.0,2.266076,-2.011139,DEU,LTU,6404
2045778,64,130,1378,2004,82037.0,1987.0,1.328968,1.262743,DNK,LTU,6404
2045779,71,130,1378,2004,11594.0,0.0,0.9784649999999999,2.051216,ESP,LTU,6404
2045780,72,130,1378,2004,343080.0,63149.0,0.6101840000000001,0.9520370000000001,EST,LTU,6404
2045781,74,130,1378,2004,313819.0,2922.0,2.000218,0.9867309999999999,FIN,LTU,6404
2045782,77,130,1378,2004,13414.0,0.0,1.6003530000000001,0.643945,FRA,LTU,6404
2045783,81,130,1378,2004,34753.0,0.0,1.843506,0.684779,GBR,LTU,6404
2045784,97,130,1378,2004,4100.0,0.0,0.604825,2.098745,HKG,LTU,6404
2045785,102,130,1378,2004,16164.0,0.0,1.207082,1.019714,HUN,LTU,6404
2045786,103,130,1378,2004,4401.0,0.0,-0.223644,1.719065,IDN,LTU,6404
2045787,104,130,1378,2004,12442.0,0.0,0.233348,2.790987,IND,LTU,6404
2045788,109,130,1378,2004,0.0,2573.0,0.298844,-0.36366,ISL,LTU,6404
2045789,111,130,1378,2004,223217.0,0.0,1.358057,1.11533,ITA,LTU,6404
2045790,114,130,1378,2004,0.0,6859.0,2.526624,0.452054,JPN,LTU,6404
2045791,122,130,1378,2004,0.0,1053.0,-0.481908,-1.172081,KWT,LTU,6404
2045792,131,130,1378,2004,1639.0,0.0,1.37529,1.0172649999999999,LUX,LTU,6404
2045793,132,130,1378,2004,136344.0,224230.0,0.413821,0.627853,LVA,LTU,6404
2045794,153,130,1378,2004,7853.0,0.0,0.6710050000000001,0.17807,MYS,LTU,6404
2045795,162,130,1378,2004,55506.0,0.0,1.251808,1.586526,NLD,LTU,6404
2045796,163,130,1378,2004,0.0,180814.0,1.10162,0.118709,NOR,LTU,6404
2045797,177,130,1378,2004,1095310.0,29599.0,1.019341,1.519452,POL,LTU,6404
2045798,186,130,1378,2004,46550.0,4826.0,0.8952399999999999,0.172896,RUS,LTU,6404
2045799,206,130,1378,2004,5811.0,0.0,1.2375120000000002,0.8777889999999999,SVK,LTU,6404
2045800,207,130,1378,2004,5363.0,2271.0,1.628643,1.02381,SVN,LTU,6404
2045801,208,130,1378,2004,13540.0,0.0,2.0522080000000003,0.8326969999999999,SWE,LTU,6404
2045802,216,130,1378,2004,27208.0,0.0,0.5150359999999999,1.583019,THA,LTU,6404
2045803,224,130,1378,2004,282199.0,0.0,0.141454,1.9463599999999999,TUR,LTU,6404
2045804,228,130,1378,2004,4084.0,5296.0,0.8758040000000001,0.8195879999999999,UKR,LTU,6404
2045805,231,130,1378,2004,2609.0,0.0,1.7598630000000002,0.066704,USA,LTU,6404
2045806,239,130,1378,2004,219230.0,0.0,-0.5270560000000001,0.8910389999999999,VNM,LTU,6404
2045807,249,130,1378,2004,1058.0,0.0,1.626307,1.358315,TWN,LTU,6404
2045808,15,132,1378,2004,5343.0,0.0,1.825391,0.40553,AUT,LVA,6404
2045809,18,132,1378,2004,405434.0,0.0,1.350911,1.408209,BEL,LVA,6404
2045810,23,132,1378,2004,60622.0,0.0,0.35536,1.499182,BGR,LVA,6404
2045811,28,132,1378,2004,1845.0,0.0,0.8553139999999999,0.703926,BLR,LVA,6404
2045812,32,132,1378,2004,3683.0,0.0,0.540718,1.149065,BRA,LVA,6404
2045813,39,132,1378,2004,12001.0,0.0,0.9392739999999999,1.19228,CAN,LVA,6404
2045814,41,132,1378,2004,1186.0,0.0,2.151471,0.7196279999999999,CHE,LVA,6404
2045815,43,132,1378,2004,1134805.0,0.0,0.581548,2.8689880000000003,CHN,LVA,6404
2045816,59,132,1378,2004,8625.0,0.0,1.562625,0.865244,CZE,LVA,6404
2045817,61,132,1378,2004,305504.0,0.0,2.266076,-2.011139,DEU,LVA,6404
2045818,64,132,1378,2004,118823.0,0.0,1.328968,1.262743,DNK,LVA,6404
2045819,71,132,1378,2004,11991.0,0.0,0.9784649999999999,2.051216,ESP,LVA,6404
2045820,72,132,1378,2004,619935.0,95093.0,0.6101840000000001,0.9520370000000001,EST,LVA,6404
2045821,74,132,1378,2004,788666.0,9903.0,2.000218,0.9867309999999999,FIN,LVA,6404
2045822,77,132,1378,2004,78448.0,0.0,1.6003530000000001,0.643945,FRA,LVA,6404
2045823,81,132,1378,2004,46057.0,0.0,1.843506,0.684779,GBR,LVA,6404
2045824,97,132,1378,2004,8132.0,0.0,0.604825,2.098745,HKG,LVA,6404
2045825,102,132,1378,2004,1674.0,0.0,1.207082,1.019714,HUN,LVA,6404
2045826,103,132,1378,2004,48985.0,0.0,-0.223644,1.719065,IDN,LVA,6404
2045827,104,132,1378,2004,29991.0,0.0,0.233348,2.790987,IND,LVA,6404
2045828,111,132,1378,2004,315405.0,0.0,1.358057,1.11533,ITA,LVA,6404
2045829,121,132,1378,2004,3836.0,0.0,1.3624690000000002,0.928342,KOR,LVA,6404
2045830,122,132,1378,2004,0.0,1270.0,-0.481908,-1.172081,KWT,LVA,6404
2045831,130,132,1378,2004,224230.0,136344.0,0.403568,0.632707,LTU,LVA,6404
2045832,133,132,1378,2004,3425.0,0.0,-0.351045,-0.487521,MAC,LVA,6404
2045833,162,132,1378,2004,405542.0,0.0,1.251808,1.586526,NLD,LVA,6404
2045834,163,132,1378,2004,23327.0,1551.0,1.10162,0.118709,NOR,LVA,6404
2045835,177,132,1378,2004,85207.0,0.0,1.019341,1.519452,POL,LVA,6404
2045836,179,132,1378,2004,2283.0,0.0,0.524524,1.901139,PRT,LVA,6404
2045837,185,132,1378,2004,6128.0,0.0,0.37241599999999997,1.015865,ROU,LVA,6404
2045838,186,132,1378,2004,37147.0,894.0,0.8952399999999999,0.172896,RUS,LVA,6404
2045839,206,132,1378,2004,1405.0,0.0,1.2375120000000002,0.8777889999999999,SVK,LVA,6404
2045840,207,132,1378,2004,5715.0,0.0,1.628643,1.02381,SVN,LVA,6404
2045841,208,132,1378,2004,109474.0,453609.0,2.0522080000000003,0.8326969999999999,SWE,LVA,6404
2045842,216,132,1378,2004,61129.0,0.0,0.5150359999999999,1.583019,THA,LVA,6404
2045843,224,132,1378,2004,20258.0,0.0,0.141454,1.9463599999999999,TUR,LVA,6404
2045844,228,132,1378,2004,0.0,923.0,0.8758040000000001,0.8195879999999999,UKR,LVA,6404
2045845,231,132,1378,2004,25824.0,0.0,1.7598630000000002,0.066704,USA,LVA,6404
2045846,239,132,1378,2004,94384.0,0.0,-0.5270560000000001,0.8910389999999999,VNM,LVA,6404
2045847,249,132,1378,2004,6289.0,0.0,1.626307,1.358315,TWN,LVA,6404
2045848,250,132,1378,2004,0.0,1570.0,0.509382,-0.30904299999999996,ANS,LVA,6404
2045849,18,147,1378,2004,5074.0,0.0,1.350911,1.408209,BEL,MOZ,6404
2045850,32,147,1378,2004,54396.0,0.0,0.540718,1.149065,BRA,MOZ,6404
2045851,43,147,1378,2004,724279.0,0.0,0.581548,2.8689880000000003,CHN,MOZ,6404
2045852,71,147,1378,2004,1096.0,0.0,0.9784649999999999,2.051216,ESP,MOZ,6404
2045853,97,147,1378,2004,24777.0,0.0,0.604825,2.098745,HKG,MOZ,6404
2045854,103,147,1378,2004,2240.0,0.0,-0.223644,1.719065,IDN,MOZ,6404
2045855,104,147,1378,2004,161839.0,0.0,0.233348,2.790987,IND,MOZ,6404
2045856,111,147,1378,2004,1360.0,0.0,1.358057,1.11533,ITA,MOZ,6404
2045857,116,147,1378,2004,77013.0,0.0,-0.503694,0.410495,KEN,MOZ,6404
2045858,179,147,1378,2004,79298.0,0.0,0.524524,1.901139,PRT,MOZ,6404
2045859,209,147,1378,2004,9746.0,0.0,0.397488,-0.264855,SWZ,MOZ,6404
2045860,226,147,1378,2004,6347.0,0.0,-1.022658,-0.007045999999999999,TZA,MOZ,6404
2045861,246,147,1378,2004,79534.0,0.0,0.460279,1.9736220000000002,ZAF,MOZ,6404
2045862,249,147,1378,2004,5595.0,0.0,1.626307,1.358315,TWN,MOZ,6404
2045863,250,147,1378,2004,13608.0,0.0,0.509382,-0.30904299999999996,ANS,MOZ,6404
2045864,14,163,1378,2004,3622.0,3086.0,0.196641,0.8139460000000001,AUS,NOR,6404
2045865,15,163,1378,2004,399090.0,0.0,1.825391,0.40553,AUT,NOR,6404
2045866,18,163,1378,2004,26833.0,0.0,1.350911,1.408209,BEL,NOR,6404
2045867,22,163,1378,2004,117139.0,0.0,-1.150444,-0.885333,BGD,NOR,6404
2045868,23,163,1378,2004,8324.0,0.0,0.35536,1.499182,BGR,NOR,6404
2045869,26,163,1378,2004,4187.0,0.0,0.385952,0.571774,BIH,NOR,6404
2045870,32,163,1378,2004,81199.0,0.0,0.540718,1.149065,BRA,NOR,6404
2045871,39,163,1378,2004,206676.0,18367.0,0.9392739999999999,1.19228,CAN,NOR,6404
2045872,41,163,1378,2004,8383.0,0.0,2.151471,0.7196279999999999,CHE,NOR,6404
2045873,43,163,1378,2004,7002613.0,0.0,0.581548,2.8689880000000003,CHN,NOR,6404
2045874,59,163,1378,2004,87373.0,0.0,1.562625,0.865244,CZE,NOR,6404
2045875,61,163,1378,2004,1665635.0,3726.0,2.266076,-2.011139,DEU,NOR,6404
2045876,64,163,1378,2004,9104698.0,90646.0,1.328968,1.262743,DNK,NOR,6404
2045877,71,163,1378,2004,236727.0,4967.0,0.9784649999999999,2.051216,ESP,NOR,6404
2045878,72,163,1378,2004,49127.0,3174.0,0.6101840000000001,0.9520370000000001,EST,NOR,6404
2045879,74,163,1378,2004,100838.0,529148.0,2.000218,0.9867309999999999,FIN,NOR,6404
2045880,77,163,1378,2004,203639.0,0.0,1.6003530000000001,0.643945,FRA,NOR,6404
2045881,78,163,1378,2004,0.0,7432.0,-1.026359,-0.960327,FRO,NOR,6404
2045882,81,163,1378,2004,242774.0,21674.0,1.843506,0.684779,GBR,NOR,6404
2045883,92,163,1378,2004,0.0,1838.0,-1.31451,-0.969981,GRL,NOR,6404
2045884,97,163,1378,2004,381296.0,0.0,0.604825,2.098745,HKG,NOR,6404
2045885,102,163,1378,2004,112233.0,0.0,1.207082,1.019714,HUN,NOR,6404
2045886,103,163,1378,2004,121164.0,0.0,-0.223644,1.719065,IDN,NOR,6404
2045887,104,163,1378,2004,77582.0,0.0,0.233348,2.790987,IND,NOR,6404
2045888,106,163,1378,2004,0.0,16580.0,1.501859,0.14456,IRL,NOR,6404
2045889,109,163,1378,2004,0.0,44176.0,0.298844,-0.36366,ISL,NOR,6404
2045890,110,163,1378,2004,4841.0,0.0,1.250393,0.8003979999999999,ISR,NOR,6404
2045891,111,163,1378,2004,3857896.0,1774.0,1.358057,1.11533,ITA,NOR,6404
2045892,114,163,1378,2004,0.0,22474.0,2.526624,0.452054,JPN,NOR,6404
2045893,115,163,1378,2004,0.0,652.0,-0.09288300000000001,-0.537664,KAZ,NOR,6404
2045894,118,163,1378,2004,283946.0,0.0,-1.4676209999999998,-1.1972639999999999,KHM,NOR,6404
2045895,121,163,1378,2004,269247.0,0.0,1.3624690000000002,0.928342,KOR,NOR,6404
2045896,124,163,1378,2004,2268.0,0.0,0.32409899999999997,1.037024,LBN,NOR,6404
2045897,130,163,1378,2004,180814.0,0.0,0.403568,0.632707,LTU,NOR,6404
2045898,131,163,1378,2004,20171.0,0.0,1.37529,1.0172649999999999,LUX,NOR,6404
2045899,132,163,1378,2004,1551.0,23327.0,0.413821,0.627853,LVA,NOR,6404
2045900,133,163,1378,2004,530994.0,0.0,-0.351045,-0.487521,MAC,NOR,6404
2045901,134,163,1378,2004,23683.0,0.0,-0.681556,-0.152372,MAR,NOR,6404
2045902,140,163,1378,2004,57521.0,0.0,-0.091013,0.190649,MKD,NOR,6404
2045903,153,163,1378,2004,22287.0,0.0,0.6710050000000001,0.17807,MYS,NOR,6404
2045904,162,163,1378,2004,911164.0,21320.0,1.251808,1.586526,NLD,NOR,6404
2045905,164,163,1378,2004,4645.0,0.0,-0.323954,0.5528,NPL,NOR,6404
2045906,168,163,1378,2004,2129.0,0.0,-0.754143,0.25995100000000004,PAK,NOR,6404
2045907,174,163,1378,2004,65694.0,0.0,-0.076709,-0.149006,PHL,NOR,6404
2045908,177,163,1378,2004,7178.0,0.0,1.019341,1.519452,POL,NOR,6404
2045909,179,163,1378,2004,219714.0,1672.0,0.524524,1.901139,PRT,NOR,6404
2045910,185,163,1378,2004,1643070.0,0.0,0.37241599999999997,1.015865,ROU,NOR,6404
2045911,186,163,1378,2004,1114.0,51211.0,0.8952399999999999,0.172896,RUS,NOR,6404
2045912,192,163,1378,2004,1309.0,1914.0,1.6409779999999998,0.634947,SGP,NOR,6404
2045913,206,163,1378,2004,298412.0,0.0,1.2375120000000002,0.8777889999999999,SVK,NOR,6404
2045914,207,163,1378,2004,1563.0,0.0,1.628643,1.02381,SVN,NOR,6404
2045915,208,163,1378,2004,2409710.0,3902421.0,2.0522080000000003,0.8326969999999999,SWE,NOR,6404
2045916,216,163,1378,2004,129731.0,0.0,0.5150359999999999,1.583019,THA,NOR,6404
2045917,224,163,1378,2004,30391.0,0.0,0.141454,1.9463599999999999,TUR,NOR,6404
2045918,231,163,1378,2004,83341.0,16086.0,1.7598630000000002,0.066704,USA,NOR,6404
2045919,239,163,1378,2004,2288098.0,0.0,-0.5270560000000001,0.8910389999999999,VNM,NOR,6404
2045920,246,163,1378,2004,825.0,0.0,0.460279,1.9736220000000002,ZAF,NOR,6404
2045921,249,163,1378,2004,78270.0,0.0,1.626307,1.358315,TWN,NOR,6404
2045922,7,167,1378,2004,1181713.0,0.0,0.1799,-0.34541900000000003,ARE,OMN,6404
2045923,32,167,1378,2004,3997.0,0.0,0.540718,1.149065,BRA,OMN,6404
2045924,43,167,1378,2004,18172.0,0.0,0.581548,2.8689880000000003,CHN,OMN,6404
2045925,71,167,1378,2004,5905.0,0.0,0.9784649999999999,2.051216,ESP,OMN,6404
2045926,77,167,1378,2004,10926.0,0.0,1.6003530000000001,0.643945,FRA,OMN,6404
2045927,81,167,1378,2004,6093.0,0.0,1.843506,0.684779,GBR,OMN,6404
2045928,104,167,1378,2004,7321.0,0.0,0.233348,2.790987,IND,OMN,6404
2045929,111,167,1378,2004,156509.0,0.0,1.358057,1.11533,ITA,OMN,6404
2045930,168,167,1378,2004,11590.0,0.0,-0.754143,0.25995100000000004,PAK,OMN,6404
2045931,183,167,1378,2004,1286.0,0.0,0.21713400000000002,-1.031806,QAT,OMN,6404
2045932,188,167,1378,2004,1978.0,0.0,0.546196,-0.7014729999999999,SAU,OMN,6404
2045933,192,167,1378,2004,2629.0,0.0,1.6409779999999998,0.634947,SGP,OMN,6404
2045934,206,167,1378,2004,28956.0,0.0,1.2375120000000002,0.8777889999999999,SVK,OMN,6404
2045935,216,167,1378,2004,8291.0,0.0,0.5150359999999999,1.583019,THA,OMN,6404
2045936,1,168,1378,2004,0.0,7153.0,-0.6831550000000001,-0.756696,AFG,PAK,6404
2045937,7,168,1378,2004,45085.0,1840445.0,0.1799,-0.34541900000000003,ARE,PAK,6404
2045938,8,168,1378,2004,0.0,83612.0,0.28128600000000004,0.64115,ARG,PAK,6404
2045939,14,168,1378,2004,0.0,22651.0,0.196641,0.8139460000000001,AUS,PAK,6404
2045940,15,168,1378,2004,0.0,1237.0,1.825391,0.40553,AUT,PAK,6404
2045941,16,168,1378,2004,0.0,2014.0,-0.393221,-0.9494440000000001,AZE,PAK,6404
2045942,18,168,1378,2004,0.0,253961.0,1.350911,1.408209,BEL,PAK,6404
2045943,22,168,1378,2004,0.0,31625.0,-1.150444,-0.885333,BGD,PAK,6404
2045944,24,168,1378,2004,0.0,2514.0,0.045344999999999996,-1.001059,BHR,PAK,6404
2045945,39,168,1378,2004,0.0,14074.0,0.9392739999999999,1.19228,CAN,PAK,6404
2045946,41,168,1378,2004,0.0,4140.0,2.151471,0.7196279999999999,CHE,PAK,6404
2045947,43,168,1378,2004,505336.0,0.0,0.581548,2.8689880000000003,CHN,PAK,6404
2045948,45,168,1378,2004,0.0,1001.0,-1.604916,-1.217399,CMR,PAK,6404
2045949,58,168,1378,2004,0.0,26200.0,0.533521,0.615939,CYP,PAK,6404
2045950,59,168,1378,2004,0.0,613.0,1.562625,0.865244,CZE,PAK,6404
2045951,61,168,1378,2004,87151.0,329078.0,2.266076,-2.011139,DEU,PAK,6404
2045952,64,168,1378,2004,0.0,42131.0,1.328968,1.262743,DNK,PAK,6404
2045953,67,168,1378,2004,0.0,852.0,-1.149101,-1.013619,ECU,PAK,6404
2045954,71,168,1378,2004,0.0,24307.0,0.9784649999999999,2.051216,ESP,PAK,6404
2045955,74,168,1378,2004,0.0,4834.0,2.000218,0.9867309999999999,FIN,PAK,6404
2045956,77,168,1378,2004,0.0,654900.0,1.6003530000000001,0.643945,FRA,PAK,6404
2045957,81,168,1378,2004,18321.0,1973328.0,1.843506,0.684779,GBR,PAK,6404
2045958,90,168,1378,2004,0.0,87562.0,0.348853,1.661656,GRC,PAK,6404
2045959,97,168,1378,2004,13202.0,7996.0,0.604825,2.098745,HKG,PAK,6404
2045960,100,168,1378,2004,0.0,2283.0,0.6669970000000001,1.088043,HRV,PAK,6404
2045961,103,168,1378,2004,91011.0,0.0,-0.223644,1.719065,IDN,PAK,6404
2045962,106,168,1378,2004,21343.0,13968.0,1.501859,0.14456,IRL,PAK,6404
2045963,111,168,1378,2004,9412.0,208383.0,1.358057,1.11533,ITA,PAK,6404
2045964,112,168,1378,2004,0.0,7196.0,-0.64957,-0.944183,JAM,PAK,6404
2045965,114,168,1378,2004,1464.0,5667.0,2.526624,0.452054,JPN,PAK,6404
2045966,115,168,1378,2004,0.0,3090.0,-0.09288300000000001,-0.537664,KAZ,PAK,6404
2045967,116,168,1378,2004,0.0,47802.0,-0.503694,0.410495,KEN,PAK,6404
2045968,121,168,1378,2004,1226.0,5824.0,1.3624690000000002,0.928342,KOR,PAK,6404
2045969,122,168,1378,2004,0.0,164412.0,-0.481908,-1.172081,KWT,PAK,6404
2045970,128,168,1378,2004,6065.0,3770.0,-0.658668,0.21912600000000002,LKA,PAK,6404
2045971,142,168,1378,2004,0.0,14816.0,1.251894,0.063827,MLT,PAK,6404
2045972,151,168,1378,2004,0.0,3645.0,-0.374754,-0.288504,MUS,PAK,6404
2045973,160,168,1378,2004,0.0,5719.0,-0.9789479999999999,-0.8374219999999999,NIC,PAK,6404
2045974,162,168,1378,2004,0.0,631561.0,1.251808,1.586526,NLD,PAK,6404
2045975,163,168,1378,2004,0.0,2129.0,1.10162,0.118709,NOR,PAK,6404
2045976,166,168,1378,2004,0.0,1750.0,0.567392,0.965781,NZL,PAK,6404
2045977,167,168,1378,2004,0.0,11590.0,-0.62946,-1.108933,OMN,PAK,6404
2045978,177,168,1378,2004,0.0,1256.0,1.019341,1.519452,POL,PAK,6404
2045979,179,168,1378,2004,0.0,4316.0,0.524524,1.901139,PRT,PAK,6404
2045980,183,168,1378,2004,0.0,160166.0,0.21713400000000002,-1.031806,QAT,PAK,6404
2045981,188,168,1378,2004,5281.0,53219.0,0.546196,-0.7014729999999999,SAU,PAK,6404
2045982,192,168,1378,2004,74044.0,52859.0,1.6409779999999998,0.634947,SGP,PAK,6404
2045983,207,168,1378,2004,0.0,6678.0,1.628643,1.02381,SVN,PAK,6404
2045984,208,168,1378,2004,14965.0,15511.0,2.0522080000000003,0.8326969999999999,SWE,PAK,6404
2045985,216,168,1378,2004,135424.0,6424.0,0.5150359999999999,1.583019,THA,PAK,6404
2045986,224,168,1378,2004,0.0,954.0,0.141454,1.9463599999999999,TUR,PAK,6404
2045987,227,168,1378,2004,0.0,46393.0,-0.914733,-0.554346,UGA,PAK,6404
2045988,231,168,1378,2004,12710.0,277898.0,1.7598630000000002,0.066704,USA,PAK,6404
2045989,232,168,1378,2004,0.0,1004.0,-0.50605,-0.824691,UZB,PAK,6404
2045990,236,168,1378,2004,0.0,6115.0,0.048698000000000005,-0.899776,VEN,PAK,6404
2045991,239,168,1378,2004,115428.0,0.0,-0.5270560000000001,0.8910389999999999,VNM,PAK,6404
2045992,243,168,1378,2004,0.0,870811.0,-1.15115,-1.207897,YEM,PAK,6404
2045993,249,168,1378,2004,4609.0,0.0,1.626307,1.358315,TWN,PAK,6404
2045994,5,185,1378,2004,0.0,2650.0,1.268618,0.835359,AND,ROU,6404
2045995,7,185,1378,2004,0.0,6275.0,0.1799,-0.34541900000000003,ARE,ROU,6404
2045996,8,185,1378,2004,0.0,1762.0,0.28128600000000004,0.64115,ARG,ROU,6404
2045997,14,185,1378,2004,0.0,85904.0,0.196641,0.8139460000000001,AUS,ROU,6404
2045998,15,185,1378,2004,33856.0,618628.0,1.825391,0.40553,AUT,ROU,6404
2045999,18,185,1378,2004,3330.0,0.0,1.350911,1.408209,BEL,ROU,6404
2046000,23,185,1378,2004,52907.0,11989.0,0.35536,1.499182,BGR,ROU,6404
2046001,24,185,1378,2004,0.0,754.0,0.045344999999999996,-1.001059,BHR,ROU,6404
2046002,26,185,1378,2004,4797.0,31550.0,0.385952,0.571774,BIH,ROU,6404
2046003,32,185,1378,2004,32041.0,0.0,0.540718,1.149065,BRA,ROU,6404
2046004,39,185,1378,2004,0.0,330802.0,0.9392739999999999,1.19228,CAN,ROU,6404
2046005,41,185,1378,2004,5213.0,202004.0,2.151471,0.7196279999999999,CHE,ROU,6404
2046006,42,185,1378,2004,0.0,14180.0,-0.07869,-0.33641,CHL,ROU,6404
2046007,43,185,1378,2004,6113700.0,15143.0,0.581548,2.8689880000000003,CHN,ROU,6404
2046008,58,185,1378,2004,36256.0,24284.0,0.533521,0.615939,CYP,ROU,6404
2046009,59,185,1378,2004,12013.0,241046.0,1.562625,0.865244,CZE,ROU,6404
2046010,61,185,1378,2004,161777.0,3696193.0,2.266076,-2.011139,DEU,ROU,6404
2046011,64,185,1378,2004,2433.0,44283.0,1.328968,1.262743,DNK,ROU,6404
2046012,71,185,1378,2004,50643.0,211890.0,0.9784649999999999,2.051216,ESP,ROU,6404
2046013,72,185,1378,2004,0.0,38363.0,0.6101840000000001,0.9520370000000001,EST,ROU,6404
2046014,73,185,1378,2004,0.0,470.0,-1.156284,-0.900874,ETH,ROU,6404
2046015,74,185,1378,2004,0.0,398817.0,2.000218,0.9867309999999999,FIN,ROU,6404
2046016,77,185,1378,2004,27730.0,5086079.0,1.6003530000000001,0.643945,FRA,ROU,6404
2046017,81,185,1378,2004,3020.0,485874.0,1.843506,0.684779,GBR,ROU,6404
2046018,90,185,1378,2004,1372.0,4248.0,0.348853,1.661656,GRC,ROU,6404
2046019,97,185,1378,2004,6004.0,0.0,0.604825,2.098745,HKG,ROU,6404
2046020,100,185,1378,2004,0.0,73096.0,0.6669970000000001,1.088043,HRV,ROU,6404
2046021,102,185,1378,2004,27828.0,91049.0,1.207082,1.019714,HUN,ROU,6404
2046022,103,185,1378,2004,235569.0,0.0,-0.223644,1.719065,IDN,ROU,6404
2046023,104,185,1378,2004,3268.0,0.0,0.233348,2.790987,IND,ROU,6404
2046024,106,185,1378,2004,0.0,63599.0,1.501859,0.14456,IRL,ROU,6404
2046025,109,185,1378,2004,0.0,8279.0,0.298844,-0.36366,ISL,ROU,6404
2046026,111,185,1378,2004,816310.0,42539348.0,1.358057,1.11533,ITA,ROU,6404
2046027,114,185,1378,2004,0.0,633937.0,2.526624,0.452054,JPN,ROU,6404
2046028,115,185,1378,2004,0.0,15207.0,-0.09288300000000001,-0.537664,KAZ,ROU,6404
2046029,121,185,1378,2004,4411.0,20100.0,1.3624690000000002,0.928342,KOR,ROU,6404
2046030,122,185,1378,2004,0.0,28142.0,-0.481908,-1.172081,KWT,ROU,6404
2046031,124,185,1378,2004,5527.0,23358.0,0.32409899999999997,1.037024,LBN,ROU,6404
2046032,125,185,1378,2004,0.0,3624.0,0.016191,-1.070051,LBR,ROU,6404
2046033,132,185,1378,2004,0.0,6128.0,0.413821,0.627853,LVA,ROU,6404
2046034,133,185,1378,2004,14755.0,0.0,-0.351045,-0.487521,MAC,ROU,6404
2046035,134,185,1378,2004,564.0,7188.0,-0.681556,-0.152372,MAR,ROU,6404
2046036,135,185,1378,2004,45705.0,115817.0,-0.155523,-0.355142,MDA,ROU,6404
2046037,140,185,1378,2004,0.0,36248.0,-0.091013,0.190649,MKD,ROU,6404
2046038,142,185,1378,2004,0.0,1039.0,1.251894,0.063827,MLT,ROU,6404
2046039,153,185,1378,2004,16715.0,0.0,0.6710050000000001,0.17807,MYS,ROU,6404
2046040,162,185,1378,2004,58387.0,2703189.0,1.251808,1.586526,NLD,ROU,6404
2046041,163,185,1378,2004,0.0,1643070.0,1.10162,0.118709,NOR,ROU,6404
2046042,166,185,1378,2004,0.0,635.0,0.567392,0.965781,NZL,ROU,6404
2046043,177,185,1378,2004,17484.0,56685.0,1.019341,1.519452,POL,ROU,6404
2046044,179,185,1378,2004,9730.0,0.0,0.524524,1.901139,PRT,ROU,6404
2046045,186,185,1378,2004,0.0,74190.0,0.8952399999999999,0.172896,RUS,ROU,6404
2046046,189,185,1378,2004,0.0,25687.0,0.628071,2.210424,SCG,ROU,6404
2046047,191,185,1378,2004,0.0,4669.0,-0.527127,-0.368631,SEN,ROU,6404
2046048,192,185,1378,2004,0.0,4666.0,1.6409779999999998,0.634947,SGP,ROU,6404
2046049,206,185,1378,2004,4964.0,190481.0,1.2375120000000002,0.8777889999999999,SVK,ROU,6404
2046050,207,185,1378,2004,1767.0,650925.0,1.628643,1.02381,SVN,ROU,6404
2046051,208,185,1378,2004,1274.0,193170.0,2.0522080000000003,0.8326969999999999,SWE,ROU,6404
2046052,212,185,1378,2004,106769.0,0.0,-0.568707,-0.034736,SYR,ROU,6404
2046053,216,185,1378,2004,135559.0,0.0,0.5150359999999999,1.583019,THA,ROU,6404
2046054,224,185,1378,2004,1074930.0,224768.0,0.141454,1.9463599999999999,TUR,ROU,6404
2046055,228,185,1378,2004,80696.0,379830.0,0.8758040000000001,0.8195879999999999,UKR,ROU,6404
2046056,231,185,1378,2004,20744.0,925270.0,1.7598630000000002,0.066704,USA,ROU,6404
2046057,239,185,1378,2004,465133.0,0.0,-0.5270560000000001,0.8910389999999999,VNM,ROU,6404
2046058,246,185,1378,2004,0.0,3867.0,0.460279,1.9736220000000002,ZAF,ROU,6404
2046059,249,185,1378,2004,61061.0,76785.0,1.626307,1.358315,TWN,ROU,6404
2046060,250,185,1378,2004,10122.0,209431.0,0.509382,-0.30904299999999996,ANS,ROU,6404
2046061,7,188,1378,2004,0.0,99730.0,0.1799,-0.34541900000000003,ARE,SAU,6404
2046062,18,188,1378,2004,20715.0,0.0,1.350911,1.408209,BEL,SAU,6404
2046063,22,188,1378,2004,45748.0,0.0,-1.150444,-0.885333,BGD,SAU,6404
2046064,23,188,1378,2004,18050.0,0.0,0.35536,1.499182,BGR,SAU,6404
2046065,32,188,1378,2004,208972.0,0.0,0.540718,1.149065,BRA,SAU,6404
2046066,39,188,1378,2004,8503.0,0.0,0.9392739999999999,1.19228,CAN,SAU,6404
2046067,41,188,1378,2004,2291.0,0.0,2.151471,0.7196279999999999,CHE,SAU,6404
2046068,43,188,1378,2004,7782183.0,0.0,0.581548,2.8689880000000003,CHN,SAU,6404
2046069,61,188,1378,2004,70581.0,0.0,2.266076,-2.011139,DEU,SAU,6404
2046070,64,188,1378,2004,14170.0,0.0,1.328968,1.262743,DNK,SAU,6404
2046071,68,188,1378,2004,5821.0,0.0,-0.300563,0.41834899999999997,EGY,SAU,6404
2046072,71,188,1378,2004,699169.0,1091.0,0.9784649999999999,2.051216,ESP,SAU,6404
2046073,73,188,1378,2004,0.0,28995.0,-1.156284,-0.900874,ETH,SAU,6404
2046074,77,188,1378,2004,210620.0,0.0,1.6003530000000001,0.643945,FRA,SAU,6404
2046075,81,188,1378,2004,450072.0,0.0,1.843506,0.684779,GBR,SAU,6404
2046076,83,188,1378,2004,0.0,25315.0,-1.2972540000000001,-0.9967219999999999,GHA,SAU,6404
2046077,84,188,1378,2004,29929.0,0.0,0.466397,-0.627153,GIB,SAU,6404
2046078,90,188,1378,2004,19545.0,0.0,0.348853,1.661656,GRC,SAU,6404
2046079,97,188,1378,2004,391637.0,0.0,0.604825,2.098745,HKG,SAU,6404
2046080,100,188,1378,2004,1065.0,0.0,0.6669970000000001,1.088043,HRV,SAU,6404
2046081,103,188,1378,2004,173946.0,0.0,-0.223644,1.719065,IDN,SAU,6404
2046082,104,188,1378,2004,121843.0,0.0,0.233348,2.790987,IND,SAU,6404
2046083,107,188,1378,2004,154472.0,0.0,-0.38210700000000003,-0.8408620000000001,IRN,SAU,6404
2046084,111,188,1378,2004,778411.0,0.0,1.358057,1.11533,ITA,SAU,6404
2046085,113,188,1378,2004,66986.0,0.0,0.152989,0.385845,JOR,SAU,6404
2046086,122,188,1378,2004,3836.0,0.0,-0.481908,-1.172081,KWT,SAU,6404
2046087,124,188,1378,2004,545085.0,0.0,0.32409899999999997,1.037024,LBN,SAU,6404
2046088,128,188,1378,2004,4805.0,0.0,-0.658668,0.21912600000000002,LKA,SAU,6404
2046089,133,188,1378,2004,4118.0,0.0,-0.351045,-0.487521,MAC,SAU,6404
2046090,148,188,1378,2004,0.0,2950.0,-1.6173959999999998,-1.2925719999999998,MRT,SAU,6404
2046091,153,188,1378,2004,309792.0,0.0,0.6710050000000001,0.17807,MYS,SAU,6404
2046092,154,188,1378,2004,0.0,1249.0,1.179671,0.016149,MYT,SAU,6404
2046093,162,188,1378,2004,5253.0,0.0,1.251808,1.586526,NLD,SAU,6404
2046094,167,188,1378,2004,0.0,1978.0,-0.62946,-1.108933,OMN,SAU,6404
2046095,168,188,1378,2004,53219.0,5281.0,-0.754143,0.25995100000000004,PAK,SAU,6404
2046096,174,188,1378,2004,21970.0,0.0,-0.076709,-0.149006,PHL,SAU,6404
2046097,179,188,1378,2004,13894.0,0.0,0.524524,1.901139,PRT,SAU,6404
2046098,183,188,1378,2004,0.0,32496.0,0.21713400000000002,-1.031806,QAT,SAU,6404
2046099,190,188,1378,2004,0.0,587060.0,-1.5346309999999999,-1.2599559999999999,SDN,SAU,6404
2046100,192,188,1378,2004,18070.0,35779.0,1.6409779999999998,0.634947,SGP,SAU,6404
2046101,199,188,1378,2004,0.0,32000.0,-0.255506,-0.6988260000000001,SOM,SAU,6404
2046102,216,188,1378,2004,342342.0,0.0,0.5150359999999999,1.583019,THA,SAU,6404
2046103,224,188,1378,2004,2612514.0,0.0,0.141454,1.9463599999999999,TUR,SAU,6404
2046104,231,188,1378,2004,38804.0,0.0,1.7598630000000002,0.066704,USA,SAU,6404
2046105,239,188,1378,2004,559253.0,0.0,-0.5270560000000001,0.8910389999999999,VNM,SAU,6404
2046106,243,188,1378,2004,0.0,1256.0,-1.15115,-1.207897,YEM,SAU,6404
2046107,249,188,1378,2004,135452.0,0.0,1.626307,1.358315,TWN,SAU,6404
2046108,15,189,1378,2004,42481.0,41821.0,1.825391,0.40553,AUT,SCG,6404
2046109,18,189,1378,2004,91779.0,0.0,1.350911,1.408209,BEL,SCG,6404
2046110,23,189,1378,2004,302396.0,6769.0,0.35536,1.499182,BGR,SCG,6404
2046111,26,189,1378,2004,31851.0,189930.0,0.385952,0.571774,BIH,SCG,6404
2046112,32,189,1378,2004,1109.0,0.0,0.540718,1.149065,BRA,SCG,6404
2046113,39,189,1378,2004,0.0,11187.0,0.9392739999999999,1.19228,CAN,SCG,6404
2046114,41,189,1378,2004,6203.0,7775.0,2.151471,0.7196279999999999,CHE,SCG,6404
2046115,43,189,1378,2004,7674526.0,0.0,0.581548,2.8689880000000003,CHN,SCG,6404
2046116,59,189,1378,2004,2644.0,3280.0,1.562625,0.865244,CZE,SCG,6404
2046117,61,189,1378,2004,93674.0,1528146.0,2.266076,-2.011139,DEU,SCG,6404
2046118,64,189,1378,2004,1306.0,1046.0,1.328968,1.262743,DNK,SCG,6404
2046119,68,189,1378,2004,881.0,0.0,-0.300563,0.41834899999999997,EGY,SCG,6404
2046120,71,189,1378,2004,30054.0,0.0,0.9784649999999999,2.051216,ESP,SCG,6404
2046121,74,189,1378,2004,0.0,10216.0,2.000218,0.9867309999999999,FIN,SCG,6404
2046122,77,189,1378,2004,28028.0,4619.0,1.6003530000000001,0.643945,FRA,SCG,6404
2046123,81,189,1378,2004,22256.0,0.0,1.843506,0.684779,GBR,SCG,6404
2046124,90,189,1378,2004,67257.0,21651.0,0.348853,1.661656,GRC,SCG,6404
2046125,97,189,1378,2004,36787.0,0.0,0.604825,2.098745,HKG,SCG,6404
2046126,100,189,1378,2004,86547.0,41745.0,0.6669970000000001,1.088043,HRV,SCG,6404
2046127,102,189,1378,2004,18503.0,17336.0,1.207082,1.019714,HUN,SCG,6404
2046128,103,189,1378,2004,51408.0,0.0,-0.223644,1.719065,IDN,SCG,6404
2046129,104,189,1378,2004,13132.0,0.0,0.233348,2.790987,IND,SCG,6404
2046130,106,189,1378,2004,30194.0,0.0,1.501859,0.14456,IRL,SCG,6404
2046131,111,189,1378,2004,1231705.0,1660182.0,1.358057,1.11533,ITA,SCG,6404
2046132,121,189,1378,2004,32035.0,0.0,1.3624690000000002,0.928342,KOR,SCG,6404
2046133,133,189,1378,2004,2506.0,0.0,-0.351045,-0.487521,MAC,SCG,6404
2046134,134,189,1378,2004,431.0,0.0,-0.681556,-0.152372,MAR,SCG,6404
2046135,140,189,1378,2004,48010.0,131271.0,-0.091013,0.190649,MKD,SCG,6404
2046136,153,189,1378,2004,3916.0,0.0,0.6710050000000001,0.17807,MYS,SCG,6404
2046137,162,189,1378,2004,29329.0,0.0,1.251808,1.586526,NLD,SCG,6404
2046138,174,189,1378,2004,92730.0,0.0,-0.076709,-0.149006,PHL,SCG,6404
2046139,178,189,1378,2004,6854.0,0.0,0.578991,0.781518,PRK,SCG,6404
2046140,179,189,1378,2004,3738.0,0.0,0.524524,1.901139,PRT,SCG,6404
2046141,185,189,1378,2004,25687.0,0.0,0.37241599999999997,1.015865,ROU,SCG,6404
2046142,186,189,1378,2004,9442.0,39019.0,0.8952399999999999,0.172896,RUS,SCG,6404
2046143,206,189,1378,2004,5203.0,8677.0,1.2375120000000002,0.8777889999999999,SVK,SCG,6404
2046144,207,189,1378,2004,240118.0,13349.0,1.628643,1.02381,SVN,SCG,6404
2046145,208,189,1378,2004,2294.0,0.0,2.0522080000000003,0.8326969999999999,SWE,SCG,6404
2046146,216,189,1378,2004,56024.0,0.0,0.5150359999999999,1.583019,THA,SCG,6404
2046147,217,189,1378,2004,2436.0,0.0,-0.608564,-1.021599,TJK,SCG,6404
2046148,223,189,1378,2004,417.0,0.0,-0.195751,0.335147,TUN,SCG,6404
2046149,224,189,1378,2004,73266.0,33394.0,0.141454,1.9463599999999999,TUR,SCG,6404
2046150,231,189,1378,2004,53942.0,0.0,1.7598630000000002,0.066704,USA,SCG,6404
2046151,239,189,1378,2004,40481.0,0.0,-0.5270560000000001,0.8910389999999999,VNM,SCG,6404
2046152,249,189,1378,2004,18481.0,0.0,1.626307,1.358315,TWN,SCG,6404
2046153,250,189,1378,2004,12128.0,0.0,0.509382,-0.30904299999999996,ANS,SCG,6404
2046154,7,192,1378,2004,9658.0,380946.0,0.1799,-0.34541900000000003,ARE,SGP,6404
2046155,14,192,1378,2004,78837.0,120742.0,0.196641,0.8139460000000001,AUS,SGP,6404
2046156,15,192,1378,2004,4954.0,15933.0,1.825391,0.40553,AUT,SGP,6404
2046157,18,192,1378,2004,0.0,772370.0,1.350911,1.408209,BEL,SGP,6404
2046158,22,192,1378,2004,2735.0,8573.0,-1.150444,-0.885333,BGD,SGP,6404
2046159,24,192,1378,2004,0.0,3262.0,0.045344999999999996,-1.001059,BHR,SGP,6404
2046160,30,192,1378,2004,0.0,3049.0,1.024248,-0.499122,BMU,SGP,6404
2046161,32,192,1378,2004,61281.0,0.0,0.540718,1.149065,BRA,SGP,6404
2046162,34,192,1378,2004,11791.0,1898323.0,-1.271325,-1.03277,BRN,SGP,6404
2046163,39,192,1378,2004,5632.0,19952.0,0.9392739999999999,1.19228,CAN,SGP,6404
2046164,41,192,1378,2004,94258.0,40444.0,2.151471,0.7196279999999999,CHE,SGP,6404
2046165,42,192,1378,2004,0.0,32310.0,-0.07869,-0.33641,CHL,SGP,6404
2046166,43,192,1378,2004,8535218.0,50055.0,0.581548,2.8689880000000003,CHN,SGP,6404
2046167,45,192,1378,2004,0.0,11532.0,-1.604916,-1.217399,CMR,SGP,6404
2046168,58,192,1378,2004,0.0,2680.0,0.533521,0.615939,CYP,SGP,6404
2046169,59,192,1378,2004,9957.0,1261.0,1.562625,0.865244,CZE,SGP,6404
2046170,61,192,1378,2004,29085.0,332693.0,2.266076,-2.011139,DEU,SGP,6404
2046171,64,192,1378,2004,69228.0,99494.0,1.328968,1.262743,DNK,SGP,6404
2046172,71,192,1378,2004,251442.0,355302.0,0.9784649999999999,2.051216,ESP,SGP,6404
2046173,72,192,1378,2004,0.0,9215.0,0.6101840000000001,0.9520370000000001,EST,SGP,6404
2046174,74,192,1378,2004,0.0,86267.0,2.000218,0.9867309999999999,FIN,SGP,6404
2046175,77,192,1378,2004,200997.0,425370.0,1.6003530000000001,0.643945,FRA,SGP,6404
2046176,81,192,1378,2004,159941.0,171150.0,1.843506,0.684779,GBR,SGP,6404
2046177,90,192,1378,2004,0.0,109287.0,0.348853,1.661656,GRC,SGP,6404
2046178,97,192,1378,2004,6001909.0,464863.0,0.604825,2.098745,HKG,SGP,6404
2046179,103,192,1378,2004,3041576.0,5119131.0,-0.223644,1.719065,IDN,SGP,6404
2046180,104,192,1378,2004,64117.0,43312.0,0.233348,2.790987,IND,SGP,6404
2046181,107,192,1378,2004,0.0,118854.0,-0.38210700000000003,-0.8408620000000001,IRN,SGP,6404
2046182,109,192,1378,2004,0.0,1349.0,0.298844,-0.36366,ISL,SGP,6404
2046183,110,192,1378,2004,0.0,3686.0,1.250393,0.8003979999999999,ISR,SGP,6404
2046184,111,192,1378,2004,449790.0,920799.0,1.358057,1.11533,ITA,SGP,6404
2046185,114,192,1378,2004,314325.0,3239207.0,2.526624,0.452054,JPN,SGP,6404
2046186,118,192,1378,2004,11564.0,0.0,-1.4676209999999998,-1.1972639999999999,KHM,SGP,6404
2046187,121,192,1378,2004,321802.0,272278.0,1.3624690000000002,0.928342,KOR,SGP,6404
2046188,128,192,1378,2004,314415.0,43137.0,-0.658668,0.21912600000000002,LKA,SGP,6404
2046189,131,192,1378,2004,0.0,1587.0,1.37529,1.0172649999999999,LUX,SGP,6404
2046190,133,192,1378,2004,334703.0,0.0,-0.351045,-0.487521,MAC,SGP,6404
2046191,137,192,1378,2004,0.0,261583.0,-0.34020700000000004,-0.817298,MDV,SGP,6404
2046192,138,192,1378,2004,0.0,35933.0,0.868684,0.85506,MEX,SGP,6404
2046193,141,192,1378,2004,0.0,2741.0,-0.6905100000000001,-0.9162459999999999,MLI,SGP,6404
2046194,143,192,1378,2004,0.0,26948.0,-1.400614,-0.947664,MMR,SGP,6404
2046195,151,192,1378,2004,5220.0,42716.0,-0.374754,-0.288504,MUS,SGP,6404
2046196,153,192,1378,2004,8730553.0,796303.0,0.6710050000000001,0.17807,MYS,SGP,6404
2046197,154,192,1378,2004,0.0,3518.0,1.179671,0.016149,MYT,SGP,6404
2046198,156,192,1378,2004,0.0,14767.0,-0.49824700000000005,-0.8284239999999999,NCL,SGP,6404
2046199,159,192,1378,2004,0.0,1563.0,-2.413432,-1.3033190000000001,NGA,SGP,6404
2046200,162,192,1378,2004,5009.0,102578.0,1.251808,1.586526,NLD,SGP,6404
2046201,163,192,1378,2004,1914.0,1309.0,1.10162,0.118709,NOR,SGP,6404
2046202,164,192,1378,2004,0.0,2792.0,-0.323954,0.5528,NPL,SGP,6404
2046203,166,192,1378,2004,4419.0,30812.0,0.567392,0.965781,NZL,SGP,6404
2046204,167,192,1378,2004,0.0,2629.0,-0.62946,-1.108933,OMN,SGP,6404
2046205,168,192,1378,2004,52859.0,74044.0,-0.754143,0.25995100000000004,PAK,SGP,6404
2046206,174,192,1378,2004,44971.0,315056.0,-0.076709,-0.149006,PHL,SGP,6404
2046207,176,192,1378,2004,0.0,110853.0,-1.7599200000000002,-1.219971,PNG,SGP,6404
2046208,177,192,1378,2004,0.0,79965.0,1.019341,1.519452,POL,SGP,6404
2046209,179,192,1378,2004,36251.0,60007.0,0.524524,1.901139,PRT,SGP,6404
2046210,182,192,1378,2004,0.0,21584.0,-0.414954,-0.773736,PYF,SGP,6404
2046211,183,192,1378,2004,0.0,1510.0,0.21713400000000002,-1.031806,QAT,SGP,6404
2046212,185,192,1378,2004,4666.0,0.0,0.37241599999999997,1.015865,ROU,SGP,6404
2046213,186,192,1378,2004,0.0,260416.0,0.8952399999999999,0.172896,RUS,SGP,6404
2046214,188,192,1378,2004,35779.0,18070.0,0.546196,-0.7014729999999999,SAU,SGP,6404
2046215,206,192,1378,2004,0.0,1827.0,1.2375120000000002,0.8777889999999999,SVK,SGP,6404
2046216,211,192,1378,2004,0.0,12663.0,-0.12954100000000002,-0.713507,SYC,SGP,6404
2046217,216,192,1378,2004,1289579.0,416822.0,0.5150359999999999,1.583019,THA,SGP,6404
2046218,220,192,1378,2004,0.0,58787.0,0.935424,-0.080261,TLS,SGP,6404
2046219,224,192,1378,2004,11958.0,773490.0,0.141454,1.9463599999999999,TUR,SGP,6404
2046220,227,192,1378,2004,0.0,16929.0,-0.914733,-0.554346,UGA,SGP,6404
2046221,231,192,1378,2004,129213.0,240992.0,1.7598630000000002,0.066704,USA,SGP,6404
2046222,239,192,1378,2004,6474275.0,127064.0,-0.5270560000000001,0.8910389999999999,VNM,SGP,6404
2046223,246,192,1378,2004,305517.0,51624.0,0.460279,1.9736220000000002,ZAF,SGP,6404
2046224,249,192,1378,2004,187141.0,240428.0,1.626307,1.358315,TWN,SGP,6404
2046225,250,192,1378,2004,15515.0,57410.0,0.509382,-0.30904299999999996,ANS,SGP,6404
2046226,14,206,1378,2004,0.0,18629.0,0.196641,0.8139460000000001,AUS,SVK,6404
2046227,15,206,1378,2004,373957.0,637522.0,1.825391,0.40553,AUT,SVK,6404
2046228,18,206,1378,2004,384912.0,463351.0,1.350911,1.408209,BEL,SVK,6404
2046229,22,206,1378,2004,1348.0,0.0,-1.150444,-0.885333,BGD,SVK,6404
2046230,26,206,1378,2004,0.0,4521.0,0.385952,0.571774,BIH,SVK,6404
2046231,32,206,1378,2004,17954.0,0.0,0.540718,1.149065,BRA,SVK,6404
2046232,39,206,1378,2004,0.0,45853.0,0.9392739999999999,1.19228,CAN,SVK,6404
2046233,41,206,1378,2004,10190.0,127097.0,2.151471,0.7196279999999999,CHE,SVK,6404
2046234,43,206,1378,2004,655018.0,1252.0,0.581548,2.8689880000000003,CHN,SVK,6404
2046235,49,206,1378,2004,0.0,3009.0,0.033128,0.47524799999999995,COL,SVK,6404
2046236,59,206,1378,2004,1176048.0,1044915.0,1.562625,0.865244,CZE,SVK,6404
2046237,61,206,1378,2004,1037418.0,12563558.0,2.266076,-2.011139,DEU,SVK,6404
2046238,64,206,1378,2004,0.0,785436.0,1.328968,1.262743,DNK,SVK,6404
2046239,71,206,1378,2004,24797.0,2116.0,0.9784649999999999,2.051216,ESP,SVK,6404
2046240,72,206,1378,2004,0.0,2652.0,0.6101840000000001,0.9520370000000001,EST,SVK,6404
2046241,74,206,1378,2004,0.0,121427.0,2.000218,0.9867309999999999,FIN,SVK,6404
2046242,77,206,1378,2004,29125.0,2941190.0,1.6003530000000001,0.643945,FRA,SVK,6404
2046243,81,206,1378,2004,1545.0,117969.0,1.843506,0.684779,GBR,SVK,6404
2046244,97,206,1378,2004,256085.0,0.0,0.604825,2.098745,HKG,SVK,6404
2046245,100,206,1378,2004,0.0,2739.0,0.6669970000000001,1.088043,HRV,SVK,6404
2046246,102,206,1378,2004,26447.0,134308.0,1.207082,1.019714,HUN,SVK,6404
2046247,103,206,1378,2004,223875.0,0.0,-0.223644,1.719065,IDN,SVK,6404
2046248,104,206,1378,2004,83443.0,0.0,0.233348,2.790987,IND,SVK,6404
2046249,106,206,1378,2004,0.0,4918.0,1.501859,0.14456,IRL,SVK,6404
2046250,111,206,1378,2004,649036.0,5210749.0,1.358057,1.11533,ITA,SVK,6404
2046251,114,206,1378,2004,0.0,231704.0,2.526624,0.452054,JPN,SVK,6404
2046252,118,206,1378,2004,9610.0,0.0,-1.4676209999999998,-1.1972639999999999,KHM,SVK,6404
2046253,121,206,1378,2004,6142.0,0.0,1.3624690000000002,0.928342,KOR,SVK,6404
2046254,122,206,1378,2004,0.0,2490.0,-0.481908,-1.172081,KWT,SVK,6404
2046255,130,206,1378,2004,0.0,5811.0,0.403568,0.632707,LTU,SVK,6404
2046256,132,206,1378,2004,0.0,1405.0,0.413821,0.627853,LVA,SVK,6404
2046257,133,206,1378,2004,11097.0,0.0,-0.351045,-0.487521,MAC,SVK,6404
2046258,134,206,1378,2004,1138.0,2609.0,-0.681556,-0.152372,MAR,SVK,6404
2046259,140,206,1378,2004,0.0,6110.0,-0.091013,0.190649,MKD,SVK,6404
2046260,142,206,1378,2004,1640.0,0.0,1.251894,0.063827,MLT,SVK,6404
2046261,153,206,1378,2004,7392.0,0.0,0.6710050000000001,0.17807,MYS,SVK,6404
2046262,156,206,1378,2004,0.0,1976.0,-0.49824700000000005,-0.8284239999999999,NCL,SVK,6404
2046263,162,206,1378,2004,12015.0,423762.0,1.251808,1.586526,NLD,SVK,6404
2046264,163,206,1378,2004,0.0,298412.0,1.10162,0.118709,NOR,SVK,6404
2046265,166,206,1378,2004,0.0,1373.0,0.567392,0.965781,NZL,SVK,6404
2046266,167,206,1378,2004,0.0,28956.0,-0.62946,-1.108933,OMN,SVK,6404
2046267,174,206,1378,2004,485.0,0.0,-0.076709,-0.149006,PHL,SVK,6404
2046268,177,206,1378,2004,462470.0,108685.0,1.019341,1.519452,POL,SVK,6404
2046269,179,206,1378,2004,0.0,2406.0,0.524524,1.901139,PRT,SVK,6404
2046270,185,206,1378,2004,190481.0,4964.0,0.37241599999999997,1.015865,ROU,SVK,6404
2046271,186,206,1378,2004,18966.0,49347.0,0.8952399999999999,0.172896,RUS,SVK,6404
2046272,189,206,1378,2004,8677.0,5203.0,0.628071,2.210424,SCG,SVK,6404
2046273,192,206,1378,2004,1827.0,0.0,1.6409779999999998,0.634947,SGP,SVK,6404
2046274,207,206,1378,2004,22228.0,38921.0,1.628643,1.02381,SVN,SVK,6404
2046275,208,206,1378,2004,1228.0,38555.0,2.0522080000000003,0.8326969999999999,SWE,SVK,6404
2046276,216,206,1378,2004,84742.0,0.0,0.5150359999999999,1.583019,THA,SVK,6404
2046277,224,206,1378,2004,208898.0,61231.0,0.141454,1.9463599999999999,TUR,SVK,6404
2046278,228,206,1378,2004,0.0,6424.0,0.8758040000000001,0.8195879999999999,UKR,SVK,6404
2046279,231,206,1378,2004,0.0,248982.0,1.7598630000000002,0.066704,USA,SVK,6404
2046280,239,206,1378,2004,399606.0,0.0,-0.5270560000000001,0.8910389999999999,VNM,SVK,6404
2046281,246,206,1378,2004,0.0,42950.0,0.460279,1.9736220000000002,ZAF,SVK,6404
2046282,249,206,1378,2004,107660.0,2321.0,1.626307,1.358315,TWN,SVK,6404
2046283,250,206,1378,2004,810948.0,0.0,0.509382,-0.30904299999999996,ANS,SVK,6404
2046284,14,207,1378,2004,0.0,14965.0,0.196641,0.8139460000000001,AUS,SVN,6404
2046285,15,207,1378,2004,2237795.0,69618.0,1.825391,0.40553,AUT,SVN,6404
2046286,18,207,1378,2004,562746.0,15006.0,1.350911,1.408209,BEL,SVN,6404
2046287,22,207,1378,2004,14750.0,0.0,-1.150444,-0.885333,BGD,SVN,6404
2046288,23,207,1378,2004,16385.0,0.0,0.35536,1.499182,BGR,SVN,6404
2046289,26,207,1378,2004,18360.0,348188.0,0.385952,0.571774,BIH,SVN,6404
2046290,32,207,1378,2004,3063.0,0.0,0.540718,1.149065,BRA,SVN,6404
2046291,39,207,1378,2004,2568.0,860.0,0.9392739999999999,1.19228,CAN,SVN,6404
2046292,41,207,1378,2004,0.0,2504.0,2.151471,0.7196279999999999,CHE,SVN,6404
2046293,43,207,1378,2004,1606374.0,0.0,0.581548,2.8689880000000003,CHN,SVN,6404
2046294,59,207,1378,2004,32065.0,34884.0,1.562625,0.865244,CZE,SVN,6404
2046295,61,207,1378,2004,637386.0,12802.0,2.266076,-2.011139,DEU,SVN,6404
2046296,64,207,1378,2004,48636.0,0.0,1.328968,1.262743,DNK,SVN,6404
2046297,71,207,1378,2004,143581.0,3886.0,0.9784649999999999,2.051216,ESP,SVN,6404
2046298,72,207,1378,2004,0.0,2911.0,0.6101840000000001,0.9520370000000001,EST,SVN,6404
2046299,74,207,1378,2004,2621.0,0.0,2.000218,0.9867309999999999,FIN,SVN,6404
2046300,77,207,1378,2004,360612.0,2443.0,1.6003530000000001,0.643945,FRA,SVN,6404
2046301,81,207,1378,2004,152275.0,17712.0,1.843506,0.684779,GBR,SVN,6404
2046302,90,207,1378,2004,2130.0,0.0,0.348853,1.661656,GRC,SVN,6404
2046303,97,207,1378,2004,99513.0,0.0,0.604825,2.098745,HKG,SVN,6404
2046304,100,207,1378,2004,198968.0,599752.0,0.6669970000000001,1.088043,HRV,SVN,6404
2046305,102,207,1378,2004,52432.0,18551.0,1.207082,1.019714,HUN,SVN,6404
2046306,103,207,1378,2004,49418.0,0.0,-0.223644,1.719065,IDN,SVN,6404
2046307,104,207,1378,2004,48028.0,0.0,0.233348,2.790987,IND,SVN,6404
2046308,107,207,1378,2004,0.0,6027.0,-0.38210700000000003,-0.8408620000000001,IRN,SVN,6404
2046309,111,207,1378,2004,2299573.0,50280.0,1.358057,1.11533,ITA,SVN,6404
2046310,115,207,1378,2004,0.0,2475.0,-0.09288300000000001,-0.537664,KAZ,SVN,6404
2046311,118,207,1378,2004,31471.0,0.0,-1.4676209999999998,-1.1972639999999999,KHM,SVN,6404
2046312,121,207,1378,2004,37083.0,0.0,1.3624690000000002,0.928342,KOR,SVN,6404
2046313,124,207,1378,2004,0.0,627.0,0.32409899999999997,1.037024,LBN,SVN,6404
2046314,128,207,1378,2004,877.0,0.0,-0.658668,0.21912600000000002,LKA,SVN,6404
2046315,130,207,1378,2004,2271.0,5363.0,0.403568,0.632707,LTU,SVN,6404
2046316,132,207,1378,2004,0.0,5715.0,0.413821,0.627853,LVA,SVN,6404
2046317,133,207,1378,2004,44972.0,0.0,-0.351045,-0.487521,MAC,SVN,6404
2046318,134,207,1378,2004,4844.0,0.0,-0.681556,-0.152372,MAR,SVN,6404
2046319,140,207,1378,2004,8886.0,68232.0,-0.091013,0.190649,MKD,SVN,6404
2046320,153,207,1378,2004,316040.0,0.0,0.6710050000000001,0.17807,MYS,SVN,6404
2046321,162,207,1378,2004,53572.0,0.0,1.251808,1.586526,NLD,SVN,6404
2046322,163,207,1378,2004,0.0,1563.0,1.10162,0.118709,NOR,SVN,6404
2046323,168,207,1378,2004,6678.0,0.0,-0.754143,0.25995100000000004,PAK,SVN,6404
2046324,174,207,1378,2004,94681.0,0.0,-0.076709,-0.149006,PHL,SVN,6404
2046325,177,207,1378,2004,18633.0,59047.0,1.019341,1.519452,POL,SVN,6404
2046326,179,207,1378,2004,10276.0,0.0,0.524524,1.901139,PRT,SVN,6404
2046327,185,207,1378,2004,650925.0,1767.0,0.37241599999999997,1.015865,ROU,SVN,6404
2046328,186,207,1378,2004,0.0,45321.0,0.8952399999999999,0.172896,RUS,SVN,6404
2046329,189,207,1378,2004,13349.0,240118.0,0.628071,2.210424,SCG,SVN,6404
2046330,206,207,1378,2004,38921.0,22228.0,1.2375120000000002,0.8777889999999999,SVK,SVN,6404
2046331,208,207,1378,2004,2390.0,0.0,2.0522080000000003,0.8326969999999999,SWE,SVN,6404
2046332,216,207,1378,2004,17231.0,0.0,0.5150359999999999,1.583019,THA,SVN,6404
2046333,224,207,1378,2004,39084.0,0.0,0.141454,1.9463599999999999,TUR,SVN,6404
2046334,228,207,1378,2004,543.0,10358.0,0.8758040000000001,0.8195879999999999,UKR,SVN,6404
2046335,231,207,1378,2004,7942.0,4156.0,1.7598630000000002,0.066704,USA,SVN,6404
2046336,239,207,1378,2004,578628.0,0.0,-0.5270560000000001,0.8910389999999999,VNM,SVN,6404
2046337,246,207,1378,2004,0.0,1636.0,0.460279,1.9736220000000002,ZAF,SVN,6404
2046338,249,207,1378,2004,42667.0,0.0,1.626307,1.358315,TWN,SVN,6404
2046339,250,207,1378,2004,356279.0,0.0,0.509382,-0.30904299999999996,ANS,SVN,6404
2046340,43,209,1378,2004,4311.0,0.0,0.581548,2.8689880000000003,CHN,SWZ,6404
2046341,147,209,1378,2004,0.0,9746.0,-1.1010790000000001,-1.0942,MOZ,SWZ,6404
2046342,216,209,1378,2004,2988.0,0.0,0.5150359999999999,1.583019,THA,SWZ,6404
2046343,239,209,1378,2004,75551.0,0.0,-0.5270560000000001,0.8910389999999999,VNM,SWZ,6404
2046344,246,209,1378,2004,2160208.0,331.0,0.460279,1.9736220000000002,ZAF,SWZ,6404
2046345,1,223,1378,2004,0.0,155672.0,-0.6831550000000001,-0.756696,AFG,TUN,6404
2046346,5,223,1378,2004,0.0,338.0,1.268618,0.835359,AND,TUN,6404
2046347,14,223,1378,2004,0.0,4106.0,0.196641,0.8139460000000001,AUS,TUN,6404
2046348,15,223,1378,2004,13235.0,0.0,1.825391,0.40553,AUT,TUN,6404
2046349,18,223,1378,2004,3491.0,11550.0,1.350911,1.408209,BEL,TUN,6404
2046350,23,223,1378,2004,1410.0,0.0,0.35536,1.499182,BGR,TUN,6404
2046351,41,223,1378,2004,683.0,0.0,2.151471,0.7196279999999999,CHE,TUN,6404
2046352,43,223,1378,2004,505833.0,0.0,0.581548,2.8689880000000003,CHN,TUN,6404
2046353,58,223,1378,2004,0.0,1040.0,0.533521,0.615939,CYP,TUN,6404
2046354,59,223,1378,2004,0.0,2391.0,1.562625,0.865244,CZE,TUN,6404
2046355,61,223,1378,2004,21079.0,103635.0,2.266076,-2.011139,DEU,TUN,6404
2046356,71,223,1378,2004,39346.0,41827.0,0.9784649999999999,2.051216,ESP,TUN,6404
2046357,77,223,1378,2004,269014.0,3004046.0,1.6003530000000001,0.643945,FRA,TUN,6404
2046358,97,223,1378,2004,53453.0,0.0,0.604825,2.098745,HKG,TUN,6404
2046359,103,223,1378,2004,82529.0,0.0,-0.223644,1.719065,IDN,TUN,6404
2046360,104,223,1378,2004,2307.0,0.0,0.233348,2.790987,IND,TUN,6404
2046361,106,223,1378,2004,0.0,5937.0,1.501859,0.14456,IRL,TUN,6404
2046362,111,223,1378,2004,279413.0,499682.0,1.358057,1.11533,ITA,TUN,6404
2046363,122,223,1378,2004,0.0,1221.0,-0.481908,-1.172081,KWT,TUN,6404
2046364,126,223,1378,2004,0.0,16875.0,-0.42119700000000004,-1.179463,LBY,TUN,6404
2046365,134,223,1378,2004,0.0,1143.0,-0.681556,-0.152372,MAR,TUN,6404
2046366,138,223,1378,2004,0.0,1103.0,0.868684,0.85506,MEX,TUN,6404
2046367,177,223,1378,2004,0.0,1094.0,1.019341,1.519452,POL,TUN,6404
2046368,179,223,1378,2004,0.0,1493.0,0.524524,1.901139,PRT,TUN,6404
2046369,189,223,1378,2004,0.0,417.0,0.628071,2.210424,SCG,TUN,6404
2046370,216,223,1378,2004,12471.0,0.0,0.5150359999999999,1.583019,THA,TUN,6404
2046371,224,223,1378,2004,3396.0,0.0,0.141454,1.9463599999999999,TUR,TUN,6404
2046372,231,223,1378,2004,2975.0,42204.0,1.7598630000000002,0.066704,USA,TUN,6404
2046373,239,223,1378,2004,75449.0,0.0,-0.5270560000000001,0.8910389999999999,VNM,TUN,6404
2046374,246,223,1378,2004,0.0,1335.0,0.460279,1.9736220000000002,ZAF,TUN,6404
2046375,250,223,1378,2004,0.0,38028.0,0.509382,-0.30904299999999996,ANS,TUN,6404
2046376,4,224,1378,2004,0.0,316766.0,-0.131892,0.14985199999999999,ALB,TUR,6404
2046377,7,224,1378,2004,0.0,65300.0,0.1799,-0.34541900000000003,ARE,TUR,6404
2046378,8,224,1378,2004,5009.0,0.0,0.28128600000000004,0.64115,ARG,TUR,6404
2046379,14,224,1378,2004,6990.0,13258.0,0.196641,0.8139460000000001,AUS,TUR,6404
2046380,15,224,1378,2004,66646.0,1515848.0,1.825391,0.40553,AUT,TUR,6404
2046381,16,224,1378,2004,0.0,1828021.0,-0.393221,-0.9494440000000001,AZE,TUR,6404
2046382,18,224,1378,2004,99776.0,390863.0,1.350911,1.408209,BEL,TUR,6404
2046383,23,224,1378,2004,33915.0,2440772.0,0.35536,1.499182,BGR,TUR,6404
2046384,24,224,1378,2004,0.0,42424.0,0.045344999999999996,-1.001059,BHR,TUR,6404
2046385,26,224,1378,2004,0.0,178169.0,0.385952,0.571774,BIH,TUR,6404
2046386,32,224,1378,2004,317259.0,0.0,0.540718,1.149065,BRA,TUR,6404
2046387,39,224,1378,2004,0.0,16590.0,0.9392739999999999,1.19228,CAN,TUR,6404
2046388,41,224,1378,2004,12641.0,72598.0,2.151471,0.7196279999999999,CHE,TUR,6404
2046389,43,224,1378,2004,7442620.0,0.0,0.581548,2.8689880000000003,CHN,TUR,6404
2046390,44,224,1378,2004,0.0,4316.0,-0.8490979999999999,-0.754732,CIV,TUR,6404
2046391,45,224,1378,2004,0.0,4853.0,-1.604916,-1.217399,CMR,TUR,6404
2046392,47,224,1378,2004,0.0,3044.0,-1.610222,-1.184921,COG,TUR,6404
2046393,52,224,1378,2004,0.0,46815.0,-0.043266000000000006,-0.376239,CRI,TUR,6404
2046394,58,224,1378,2004,0.0,556097.0,0.533521,0.615939,CYP,TUR,6404
2046395,59,224,1378,2004,24275.0,94330.0,1.562625,0.865244,CZE,TUR,6404
2046396,61,224,1378,2004,3215282.0,3284912.0,2.266076,-2.011139,DEU,TUR,6404
2046397,64,224,1378,2004,15183.0,96024.0,1.328968,1.262743,DNK,TUR,6404
2046398,66,224,1378,2004,0.0,596917.0,-0.725066,-1.163606,DZA,TUR,6404
2046399,67,224,1378,2004,0.0,17082.0,-1.149101,-1.013619,ECU,TUR,6404
2046400,68,224,1378,2004,0.0,15291.0,-0.300563,0.41834899999999997,EGY,TUR,6404
2046401,71,224,1378,2004,633767.0,843547.0,0.9784649999999999,2.051216,ESP,TUR,6404
2046402,72,224,1378,2004,0.0,10585.0,0.6101840000000001,0.9520370000000001,EST,TUR,6404
2046403,73,224,1378,2004,0.0,2107.0,-1.156284,-0.900874,ETH,TUR,6404
2046404,74,224,1378,2004,0.0,43565.0,2.000218,0.9867309999999999,FIN,TUR,6404
2046405,77,224,1378,2004,768977.0,1578844.0,1.6003530000000001,0.643945,FRA,TUR,6404
2046406,81,224,1378,2004,611894.0,1102692.0,1.843506,0.684779,GBR,TUR,6404
2046407,82,224,1378,2004,0.0,18753.0,0.381348,-0.44259,GEO,TUR,6404
2046408,90,224,1378,2004,69221.0,1683227.0,0.348853,1.661656,GRC,TUR,6404
2046409,97,224,1378,2004,582270.0,0.0,0.604825,2.098745,HKG,TUR,6404
2046410,100,224,1378,2004,0.0,98037.0,0.6669970000000001,1.088043,HRV,TUR,6404
2046411,102,224,1378,2004,0.0,223629.0,1.207082,1.019714,HUN,TUR,6404
2046412,103,224,1378,2004,2020850.0,0.0,-0.223644,1.719065,IDN,TUR,6404
2046413,104,224,1378,2004,182192.0,0.0,0.233348,2.790987,IND,TUR,6404
2046414,106,224,1378,2004,0.0,48657.0,1.501859,0.14456,IRL,TUR,6404
2046415,107,224,1378,2004,0.0,9648.0,-0.38210700000000003,-0.8408620000000001,IRN,TUR,6404
2046416,108,224,1378,2004,0.0,1081165.0,-0.8852559999999999,-0.907136,IRQ,TUR,6404
2046417,109,224,1378,2004,0.0,983.0,0.298844,-0.36366,ISL,TUR,6404
2046418,110,224,1378,2004,0.0,454466.0,1.250393,0.8003979999999999,ISR,TUR,6404
2046419,111,224,1378,2004,2977106.0,728821.0,1.358057,1.11533,ITA,TUR,6404
2046420,113,224,1378,2004,0.0,30789.0,0.152989,0.385845,JOR,TUR,6404
2046421,114,224,1378,2004,0.0,17203.0,2.526624,0.452054,JPN,TUR,6404
2046422,115,224,1378,2004,0.0,5035.0,-0.09288300000000001,-0.537664,KAZ,TUR,6404
2046423,117,224,1378,2004,0.0,226693.0,0.005121,0.176652,KGZ,TUR,6404
2046424,118,224,1378,2004,2399.0,0.0,-1.4676209999999998,-1.1972639999999999,KHM,TUR,6404
2046425,121,224,1378,2004,56661.0,0.0,1.3624690000000002,0.928342,KOR,TUR,6404
2046426,122,224,1378,2004,0.0,83042.0,-0.481908,-1.172081,KWT,TUR,6404
2046427,124,224,1378,2004,0.0,59620.0,0.32409899999999997,1.037024,LBN,TUR,6404
2046428,126,224,1378,2004,0.0,556654.0,-0.42119700000000004,-1.179463,LBY,TUR,6404
2046429,128,224,1378,2004,17880.0,0.0,-0.658668,0.21912600000000002,LKA,TUR,6404
2046430,130,224,1378,2004,0.0,282199.0,0.403568,0.632707,LTU,TUR,6404
2046431,132,224,1378,2004,0.0,20258.0,0.413821,0.627853,LVA,TUR,6404
2046432,133,224,1378,2004,354615.0,0.0,-0.351045,-0.487521,MAC,TUR,6404
2046433,134,224,1378,2004,1538.0,7637.0,-0.681556,-0.152372,MAR,TUR,6404
2046434,135,224,1378,2004,0.0,6399.0,-0.155523,-0.355142,MDA,TUR,6404
2046435,140,224,1378,2004,0.0,138243.0,-0.091013,0.190649,MKD,TUR,6404
2046436,141,224,1378,2004,0.0,1302.0,-0.6905100000000001,-0.9162459999999999,MLI,TUR,6404
2046437,142,224,1378,2004,0.0,92625.0,1.251894,0.063827,MLT,TUR,6404
2046438,145,224,1378,2004,0.0,1387.0,-1.030558,-1.03145,MNG,TUR,6404
2046439,153,224,1378,2004,3350167.0,0.0,0.6710050000000001,0.17807,MYS,TUR,6404
2046440,162,224,1378,2004,1871138.0,1089731.0,1.251808,1.586526,NLD,TUR,6404
2046441,163,224,1378,2004,0.0,30391.0,1.10162,0.118709,NOR,TUR,6404
2046442,168,224,1378,2004,954.0,0.0,-0.754143,0.25995100000000004,PAK,TUR,6404
2046443,174,224,1378,2004,8664.0,0.0,-0.076709,-0.149006,PHL,TUR,6404
2046444,177,224,1378,2004,0.0,947728.0,1.019341,1.519452,POL,TUR,6404
2046445,179,224,1378,2004,399718.0,15349.0,0.524524,1.901139,PRT,TUR,6404
2046446,181,224,1378,2004,0.0,35084.0,-0.20239100000000002,-0.6123460000000001,PSE,TUR,6404
2046447,183,224,1378,2004,0.0,115801.0,0.21713400000000002,-1.031806,QAT,TUR,6404
2046448,185,224,1378,2004,224768.0,1074930.0,0.37241599999999997,1.015865,ROU,TUR,6404
2046449,186,224,1378,2004,3275.0,281847.0,0.8952399999999999,0.172896,RUS,TUR,6404
2046450,188,224,1378,2004,0.0,2612514.0,0.546196,-0.7014729999999999,SAU,TUR,6404
2046451,189,224,1378,2004,33394.0,73266.0,0.628071,2.210424,SCG,TUR,6404
2046452,190,224,1378,2004,0.0,5358.0,-1.5346309999999999,-1.2599559999999999,SDN,TUR,6404
2046453,191,224,1378,2004,0.0,4632.0,-0.527127,-0.368631,SEN,TUR,6404
2046454,192,224,1378,2004,773490.0,11958.0,1.6409779999999998,0.634947,SGP,TUR,6404
2046455,197,224,1378,2004,0.0,11833.0,-0.20529499999999998,0.1116,SLV,TUR,6404
2046456,206,224,1378,2004,61231.0,208898.0,1.2375120000000002,0.8777889999999999,SVK,TUR,6404
2046457,207,224,1378,2004,0.0,39084.0,1.628643,1.02381,SVN,TUR,6404
2046458,208,224,1378,2004,18998.0,180531.0,2.0522080000000003,0.8326969999999999,SWE,TUR,6404
2046459,215,224,1378,2004,0.0,3768.0,-0.6788270000000001,-0.482984,TGO,TUR,6404
2046460,216,224,1378,2004,256470.0,0.0,0.5150359999999999,1.583019,THA,TUR,6404
2046461,217,224,1378,2004,0.0,6803.0,-0.608564,-1.021599,TJK,TUR,6404
2046462,219,224,1378,2004,0.0,379945.0,-0.9705790000000001,-1.212523,TKM,TUR,6404
2046463,223,224,1378,2004,0.0,3396.0,-0.195751,0.335147,TUN,TUR,6404
2046464,226,224,1378,2004,0.0,2405.0,-1.022658,-0.007045999999999999,TZA,TUR,6404
2046465,228,224,1378,2004,0.0,1915733.0,0.8758040000000001,0.8195879999999999,UKR,TUR,6404
2046466,231,224,1378,2004,61095.0,258353.0,1.7598630000000002,0.066704,USA,TUR,6404
2046467,232,224,1378,2004,0.0,12075.0,-0.50605,-0.824691,UZB,TUR,6404
2046468,239,224,1378,2004,3761419.0,0.0,-0.5270560000000001,0.8910389999999999,VNM,TUR,6404
2046469,243,224,1378,2004,0.0,14285.0,-1.15115,-1.207897,YEM,TUR,6404
2046470,246,224,1378,2004,0.0,20197.0,0.460279,1.9736220000000002,ZAF,TUR,6404
2046471,249,224,1378,2004,55472.0,0.0,1.626307,1.358315,TWN,TUR,6404
2046472,250,224,1378,2004,0.0,24390.0,0.509382,-0.30904299999999996,ANS,TUR,6404
2046473,14,228,1378,2004,0.0,1594.0,0.196641,0.8139460000000001,AUS,UKR,6404
2046474,15,228,1378,2004,320099.0,35976.0,1.825391,0.40553,AUT,UKR,6404
2046475,18,228,1378,2004,68873.0,0.0,1.350911,1.408209,BEL,UKR,6404
2046476,22,228,1378,2004,6240.0,0.0,-1.150444,-0.885333,BGD,UKR,6404
2046477,28,228,1378,2004,5019.0,12779.0,0.8553139999999999,0.703926,BLR,UKR,6404
2046478,32,228,1378,2004,18324.0,0.0,0.540718,1.149065,BRA,UKR,6404
2046479,41,228,1378,2004,72676.0,0.0,2.151471,0.7196279999999999,CHE,UKR,6404
2046480,43,228,1378,2004,9388802.0,0.0,0.581548,2.8689880000000003,CHN,UKR,6404
2046481,58,228,1378,2004,0.0,975.0,0.533521,0.615939,CYP,UKR,6404
2046482,59,228,1378,2004,2231.0,0.0,1.562625,0.865244,CZE,UKR,6404
2046483,61,228,1378,2004,542184.0,558500.0,2.266076,-2.011139,DEU,UKR,6404
2046484,64,228,1378,2004,839308.0,0.0,1.328968,1.262743,DNK,UKR,6404
2046485,71,228,1378,2004,83798.0,0.0,0.9784649999999999,2.051216,ESP,UKR,6404
2046486,77,228,1378,2004,39184.0,360344.0,1.6003530000000001,0.643945,FRA,UKR,6404
2046487,81,228,1378,2004,4721.0,0.0,1.843506,0.684779,GBR,UKR,6404
2046488,102,228,1378,2004,2266.0,0.0,1.207082,1.019714,HUN,UKR,6404
2046489,103,228,1378,2004,42502.0,0.0,-0.223644,1.719065,IDN,UKR,6404
2046490,104,228,1378,2004,9380.0,0.0,0.233348,2.790987,IND,UKR,6404
2046491,106,228,1378,2004,0.0,2838.0,1.501859,0.14456,IRL,UKR,6404
2046492,108,228,1378,2004,0.0,2812.0,-0.8852559999999999,-0.907136,IRQ,UKR,6404
2046493,111,228,1378,2004,985896.0,103376.0,1.358057,1.11533,ITA,UKR,6404
2046494,130,228,1378,2004,5296.0,4084.0,0.403568,0.632707,LTU,UKR,6404
2046495,132,228,1378,2004,923.0,0.0,0.413821,0.627853,LVA,UKR,6404
2046496,135,228,1378,2004,0.0,7671.0,-0.155523,-0.355142,MDA,UKR,6404
2046497,162,228,1378,2004,28286.0,1024.0,1.251808,1.586526,NLD,UKR,6404
2046498,166,228,1378,2004,7635.0,0.0,0.567392,0.965781,NZL,UKR,6404
2046499,177,228,1378,2004,2119937.0,30718.0,1.019341,1.519452,POL,UKR,6404
2046500,179,228,1378,2004,38631.0,0.0,0.524524,1.901139,PRT,UKR,6404
2046501,185,228,1378,2004,379830.0,80696.0,0.37241599999999997,1.015865,ROU,UKR,6404
2046502,186,228,1378,2004,210850.0,1118527.0,0.8952399999999999,0.172896,RUS,UKR,6404
2046503,206,228,1378,2004,6424.0,0.0,1.2375120000000002,0.8777889999999999,SVK,UKR,6404
2046504,207,228,1378,2004,10358.0,543.0,1.628643,1.02381,SVN,UKR,6404
2046505,208,228,1378,2004,26821.0,5272.0,2.0522080000000003,0.8326969999999999,SWE,UKR,6404
2046506,216,228,1378,2004,52426.0,0.0,0.5150359999999999,1.583019,THA,UKR,6404
2046507,224,228,1378,2004,1915733.0,0.0,0.141454,1.9463599999999999,TUR,UKR,6404
2046508,231,228,1378,2004,15466.0,38129.0,1.7598630000000002,0.066704,USA,UKR,6404
2046509,239,228,1378,2004,346392.0,19702.0,-0.5270560000000001,0.8910389999999999,VNM,UKR,6404
2046510,249,228,1378,2004,48500.0,0.0,1.626307,1.358315,TWN,UKR,6404
2046511,43,19,1378,2004,244956.0,0.0,0.581548,2.8689880000000003,CHN,BEN,6404
2046512,77,19,1378,2004,8028.0,0.0,1.6003530000000001,0.643945,FRA,BEN,6404
2046513,80,19,1378,2004,0.0,15283.0,-0.700329,-1.137018,GAB,BEN,6404
2046514,106,19,1378,2004,48574.0,0.0,1.501859,0.14456,IRL,BEN,6404
2046515,111,19,1378,2004,4662.0,0.0,1.358057,1.11533,ITA,BEN,6404
2046516,215,19,1378,2004,165204.0,0.0,-0.6788270000000001,-0.482984,TGO,BEN,6404
2046517,216,19,1378,2004,3308.0,0.0,0.5150359999999999,1.583019,THA,BEN,6404
2046518,43,37,1378,2004,916011.0,0.0,0.581548,2.8689880000000003,CHN,BWA,6404
2046519,97,37,1378,2004,757.0,0.0,0.604825,2.098745,HKG,BWA,6404
2046520,155,37,1378,2004,2490.0,6660.0,-0.40995299999999996,-0.550272,NAM,BWA,6404
2046521,216,37,1378,2004,2203.0,0.0,0.5150359999999999,1.583019,THA,BWA,6404
2046522,246,37,1378,2004,7058120.0,34271.0,0.460279,1.9736220000000002,ZAF,BWA,6404
2046523,247,37,1378,2004,0.0,1519.0,-0.9972190000000001,-0.853986,ZMB,BWA,6404
2046524,248,37,1378,2004,157729.0,9299.0,-0.560593,-0.091112,ZWE,BWA,6404
2046525,8,42,1378,2004,609435.0,0.0,0.28128600000000004,0.64115,ARG,CHL,6404
2046526,14,42,1378,2004,0.0,42733.0,0.196641,0.8139460000000001,AUS,CHL,6404
2046527,15,42,1378,2004,887.0,0.0,1.825391,0.40553,AUT,CHL,6404
2046528,18,42,1378,2004,1895.0,0.0,1.350911,1.408209,BEL,CHL,6404
2046529,31,42,1378,2004,0.0,13643985.0,-0.9288489999999999,-0.929884,BOL,CHL,6404
2046530,32,42,1378,2004,2275038.0,0.0,0.540718,1.149065,BRA,CHL,6404
2046531,39,42,1378,2004,21176.0,0.0,0.9392739999999999,1.19228,CAN,CHL,6404
2046532,43,42,1378,2004,26132581.0,0.0,0.581548,2.8689880000000003,CHN,CHL,6404
2046533,49,42,1378,2004,0.0,135585.0,0.033128,0.47524799999999995,COL,CHL,6404
2046534,52,42,1378,2004,0.0,5359.0,-0.043266000000000006,-0.376239,CRI,CHL,6404
2046535,59,42,1378,2004,3268.0,0.0,1.562625,0.865244,CZE,CHL,6404
2046536,61,42,1378,2004,16316.0,0.0,2.266076,-2.011139,DEU,CHL,6404
2046537,65,42,1378,2004,0.0,5772.0,-0.510025,-0.328257,DOM,CHL,6404
2046538,67,42,1378,2004,0.0,5595499.0,-1.149101,-1.013619,ECU,CHL,6404
2046539,71,42,1378,2004,122232.0,1218.0,0.9784649999999999,2.051216,ESP,CHL,6404
2046540,77,42,1378,2004,18263.0,0.0,1.6003530000000001,0.643945,FRA,CHL,6404
2046541,81,42,1378,2004,11160.0,0.0,1.843506,0.684779,GBR,CHL,6404
2046542,90,42,1378,2004,0.0,3852.0,0.348853,1.661656,GRC,CHL,6404
2046543,93,42,1378,2004,12290.0,3053.0,-0.46136000000000005,0.148122,GTM,CHL,6404
2046544,97,42,1378,2004,8835658.0,0.0,0.604825,2.098745,HKG,CHL,6404
2046545,99,42,1378,2004,0.0,36383.0,-0.75975,-0.548407,HND,CHL,6404
2046546,103,42,1378,2004,1676583.0,0.0,-0.223644,1.719065,IDN,CHL,6404
2046547,104,42,1378,2004,142056.0,0.0,0.233348,2.790987,IND,CHL,6404
2046548,111,42,1378,2004,107341.0,18138.0,1.358057,1.11533,ITA,CHL,6404
2046549,121,42,1378,2004,18100.0,0.0,1.3624690000000002,0.928342,KOR,CHL,6404
2046550,138,42,1378,2004,0.0,1558.0,0.868684,0.85506,MEX,CHL,6404
2046551,169,42,1378,2004,187947.0,58305.0,-0.011979,0.261315,PAN,CHL,6404
2046552,173,42,1378,2004,81922.0,13031728.0,-0.564244,0.131232,PER,CHL,6404
2046553,174,42,1378,2004,6751.0,0.0,-0.076709,-0.149006,PHL,CHL,6404
2046554,177,42,1378,2004,1391.0,0.0,1.019341,1.519452,POL,CHL,6404
2046555,180,42,1378,2004,4133.0,211587.0,-0.64574,-0.978875,PRY,CHL,6404
2046556,185,42,1378,2004,14180.0,0.0,0.37241599999999997,1.015865,ROU,CHL,6404
2046557,192,42,1378,2004,32310.0,0.0,1.6409779999999998,0.634947,SGP,CHL,6404
2046558,197,42,1378,2004,0.0,990.0,-0.20529499999999998,0.1116,SLV,CHL,6404
2046559,216,42,1378,2004,497261.0,0.0,0.5150359999999999,1.583019,THA,CHL,6404
2046560,230,42,1378,2004,0.0,87297.0,0.151633,0.121776,URY,CHL,6404
2046561,231,42,1378,2004,247660.0,0.0,1.7598630000000002,0.066704,USA,CHL,6404
2046562,239,42,1378,2004,2410537.0,0.0,-0.5270560000000001,0.8910389999999999,VNM,CHL,6404
2046563,249,42,1378,2004,112413.0,0.0,1.626307,1.358315,TWN,CHL,6404
2046564,250,42,1378,2004,161362.0,0.0,0.509382,-0.30904299999999996,ANS,CHL,6404
2046565,2,44,1378,2004,0.0,264487.0,-0.8513709999999999,-1.173397,AGO,CIV,6404
2046566,7,44,1378,2004,33769.0,0.0,0.1799,-0.34541900000000003,ARE,CIV,6404
2046567,21,44,1378,2004,0.0,3728.0,-1.000801,-1.00024,BFA,CIV,6404
2046568,38,44,1378,2004,0.0,31070.0,-0.683538,-0.8331770000000001,CAF,CIV,6404
2046569,43,44,1378,2004,590276.0,0.0,0.581548,2.8689880000000003,CHN,CIV,6404
2046570,45,44,1378,2004,0.0,198872.0,-1.604916,-1.217399,CMR,CIV,6404
2046571,46,44,1378,2004,0.0,38820.0,-1.405291,-1.108962,COD,CIV,6404
2046572,47,44,1378,2004,0.0,11634.0,-1.610222,-1.184921,COG,CIV,6404
2046573,61,44,1378,2004,8931.0,0.0,2.266076,-2.011139,DEU,CIV,6404
2046574,64,44,1378,2004,938.0,0.0,1.328968,1.262743,DNK,CIV,6404
2046575,71,44,1378,2004,6442.0,0.0,0.9784649999999999,2.051216,ESP,CIV,6404
2046576,77,44,1378,2004,61628.0,31053.0,1.6003530000000001,0.643945,FRA,CIV,6404
2046577,85,44,1378,2004,0.0,86719.0,-1.314543,-1.155153,GIN,CIV,6404
2046578,87,44,1378,2004,0.0,151417.0,-0.135943,-0.226541,GMB,CIV,6404
2046579,97,44,1378,2004,1172.0,0.0,0.604825,2.098745,HKG,CIV,6404
2046580,103,44,1378,2004,48202.0,0.0,-0.223644,1.719065,IDN,CIV,6404
2046581,104,44,1378,2004,2622.0,0.0,0.233348,2.790987,IND,CIV,6404
2046582,106,44,1378,2004,10801.0,0.0,1.501859,0.14456,IRL,CIV,6404
2046583,110,44,1378,2004,809.0,0.0,1.250393,0.8003979999999999,ISR,CIV,6404
2046584,111,44,1378,2004,26918.0,7041.0,1.358057,1.11533,ITA,CIV,6404
2046585,134,44,1378,2004,2210.0,0.0,-0.681556,-0.152372,MAR,CIV,6404
2046586,141,44,1378,2004,0.0,79674.0,-0.6905100000000001,-0.9162459999999999,MLI,CIV,6404
2046587,153,44,1378,2004,679.0,0.0,0.6710050000000001,0.17807,MYS,CIV,6404
2046588,159,44,1378,2004,20803.0,0.0,-2.413432,-1.3033190000000001,NGA,CIV,6404
2046589,196,44,1378,2004,0.0,170207.0,0.48757399999999995,-0.0064659999999999995,SLE,CIV,6404
2046590,215,44,1378,2004,1471.0,31077.0,-0.6788270000000001,-0.482984,TGO,CIV,6404
2046591,216,44,1378,2004,18554.0,0.0,0.5150359999999999,1.583019,THA,CIV,6404
2046592,224,44,1378,2004,4316.0,0.0,0.141454,1.9463599999999999,TUR,CIV,6404
2046593,231,44,1378,2004,990.0,0.0,1.7598630000000002,0.066704,USA,CIV,6404
2046594,239,44,1378,2004,23643.0,0.0,-0.5270560000000001,0.8910389999999999,VNM,CIV,6404
2046595,7,45,1378,2004,3392.0,0.0,0.1799,-0.34541900000000003,ARE,CMR,6404
2046596,18,45,1378,2004,4476.0,0.0,1.350911,1.408209,BEL,CMR,6404
2046597,43,45,1378,2004,276573.0,0.0,0.581548,2.8689880000000003,CHN,CMR,6404
2046598,44,45,1378,2004,198872.0,0.0,-0.8490979999999999,-0.754732,CIV,CMR,6404
2046599,61,45,1378,2004,4370.0,0.0,2.266076,-2.011139,DEU,CMR,6404
2046600,77,45,1378,2004,44865.0,13871.0,1.6003530000000001,0.643945,FRA,CMR,6404
2046601,97,45,1378,2004,84005.0,0.0,0.604825,2.098745,HKG,CMR,6404
2046602,103,45,1378,2004,29652.0,0.0,-0.223644,1.719065,IDN,CMR,6404
2046603,104,45,1378,2004,5358.0,0.0,0.233348,2.790987,IND,CMR,6404
2046604,111,45,1378,2004,119741.0,94551.0,1.358057,1.11533,ITA,CMR,6404
2046605,114,45,1378,2004,0.0,9096.0,2.526624,0.452054,JPN,CMR,6404
2046606,121,45,1378,2004,18913.0,957.0,1.3624690000000002,0.928342,KOR,CMR,6404
2046607,141,45,1378,2004,0.0,783.0,-0.6905100000000001,-0.9162459999999999,MLI,CMR,6404
2046608,168,45,1378,2004,1001.0,0.0,-0.754143,0.25995100000000004,PAK,CMR,6404
2046609,192,45,1378,2004,11532.0,0.0,1.6409779999999998,0.634947,SGP,CMR,6404
2046610,216,45,1378,2004,4938.0,0.0,0.5150359999999999,1.583019,THA,CMR,6404
2046611,224,45,1378,2004,4853.0,0.0,0.141454,1.9463599999999999,TUR,CMR,6404
2046612,231,45,1378,2004,31236.0,21551.0,1.7598630000000002,0.066704,USA,CMR,6404
2046613,239,45,1378,2004,6056.0,0.0,-0.5270560000000001,0.8910389999999999,VNM,CMR,6404
2046614,249,45,1378,2004,799.0,0.0,1.626307,1.358315,TWN,CMR,6404
2046615,250,45,1378,2004,22084.0,0.0,0.509382,-0.30904299999999996,ANS,CMR,6404
2046616,7,58,1378,2004,4071.0,31947.0,0.1799,-0.34541900000000003,ARE,CYP,6404
2046617,9,58,1378,2004,0.0,483.0,0.661799,-0.140004,ARM,CYP,6404
2046618,15,58,1378,2004,59417.0,0.0,1.825391,0.40553,AUT,CYP,6404
2046619,18,58,1378,2004,534094.0,0.0,1.350911,1.408209,BEL,CYP,6404
2046620,23,58,1378,2004,12546.0,0.0,0.35536,1.499182,BGR,CYP,6404
2046621,26,58,1378,2004,0.0,67910.0,0.385952,0.571774,BIH,CYP,6404
2046622,32,58,1378,2004,29519.0,0.0,0.540718,1.149065,BRA,CYP,6404
2046623,41,58,1378,2004,284065.0,0.0,2.151471,0.7196279999999999,CHE,CYP,6404
2046624,43,58,1378,2004,1050239.0,0.0,0.581548,2.8689880000000003,CHN,CYP,6404
2046625,61,58,1378,2004,248718.0,0.0,2.266076,-2.011139,DEU,CYP,6404
2046626,64,58,1378,2004,19423.0,0.0,1.328968,1.262743,DNK,CYP,6404
2046627,68,58,1378,2004,0.0,3380.0,-0.300563,0.41834899999999997,EGY,CYP,6404
2046628,71,58,1378,2004,689169.0,16642.0,0.9784649999999999,2.051216,ESP,CYP,6404
2046629,72,58,1378,2004,628.0,0.0,0.6101840000000001,0.9520370000000001,EST,CYP,6404
2046630,77,58,1378,2004,71175.0,0.0,1.6003530000000001,0.643945,FRA,CYP,6404
2046631,81,58,1378,2004,540876.0,0.0,1.843506,0.684779,GBR,CYP,6404
2046632,90,58,1378,2004,841386.0,37368.0,0.348853,1.661656,GRC,CYP,6404
2046633,97,58,1378,2004,144046.0,0.0,0.604825,2.098745,HKG,CYP,6404
2046634,103,58,1378,2004,137127.0,0.0,-0.223644,1.719065,IDN,CYP,6404
2046635,104,58,1378,2004,35683.0,0.0,0.233348,2.790987,IND,CYP,6404
2046636,110,58,1378,2004,3499.0,0.0,1.250393,0.8003979999999999,ISR,CYP,6404
2046637,111,58,1378,2004,739207.0,12316.0,1.358057,1.11533,ITA,CYP,6404
2046638,114,58,1378,2004,2395.0,0.0,2.526624,0.452054,JPN,CYP,6404
2046639,115,58,1378,2004,0.0,2160.0,-0.09288300000000001,-0.537664,KAZ,CYP,6404
2046640,121,58,1378,2004,3175.0,0.0,1.3624690000000002,0.928342,KOR,CYP,6404
2046641,122,58,1378,2004,0.0,35685.0,-0.481908,-1.172081,KWT,CYP,6404
2046642,124,58,1378,2004,6060.0,0.0,0.32409899999999997,1.037024,LBN,CYP,6404
2046643,128,58,1378,2004,540.0,0.0,-0.658668,0.21912600000000002,LKA,CYP,6404
2046644,133,58,1378,2004,991.0,0.0,-0.351045,-0.487521,MAC,CYP,6404
2046645,142,58,1378,2004,2212.0,0.0,1.251894,0.063827,MLT,CYP,6404
2046646,153,58,1378,2004,133977.0,0.0,0.6710050000000001,0.17807,MYS,CYP,6404
2046647,162,58,1378,2004,86671.0,0.0,1.251808,1.586526,NLD,CYP,6404
2046648,168,58,1378,2004,26200.0,0.0,-0.754143,0.25995100000000004,PAK,CYP,6404
2046649,174,58,1378,2004,3825.0,0.0,-0.076709,-0.149006,PHL,CYP,6404
2046650,179,58,1378,2004,13588.0,0.0,0.524524,1.901139,PRT,CYP,6404
2046651,185,58,1378,2004,24284.0,36256.0,0.37241599999999997,1.015865,ROU,CYP,6404
2046652,186,58,1378,2004,863.0,7467.0,0.8952399999999999,0.172896,RUS,CYP,6404
2046653,192,58,1378,2004,2680.0,0.0,1.6409779999999998,0.634947,SGP,CYP,6404
2046654,212,58,1378,2004,21176.0,0.0,-0.568707,-0.034736,SYR,CYP,6404
2046655,216,58,1378,2004,89222.0,0.0,0.5150359999999999,1.583019,THA,CYP,6404
2046656,223,58,1378,2004,1040.0,0.0,-0.195751,0.335147,TUN,CYP,6404
2046657,224,58,1378,2004,556097.0,0.0,0.141454,1.9463599999999999,TUR,CYP,6404
2046658,228,58,1378,2004,975.0,0.0,0.8758040000000001,0.8195879999999999,UKR,CYP,6404
2046659,231,58,1378,2004,18329.0,0.0,1.7598630000000002,0.066704,USA,CYP,6404
2046660,239,58,1378,2004,261877.0,0.0,-0.5270560000000001,0.8910389999999999,VNM,CYP,6404
2046661,247,58,1378,2004,0.0,1039.0,-0.9972190000000001,-0.853986,ZMB,CYP,6404
2046662,249,58,1378,2004,45608.0,0.0,1.626307,1.358315,TWN,CYP,6404
2046663,18,80,1378,2004,38918.0,0.0,1.350911,1.408209,BEL,GAB,6404
2046664,19,80,1378,2004,15283.0,0.0,-1.299345,-0.9871260000000001,BEN,GAB,6404
2046665,43,80,1378,2004,29893.0,0.0,0.581548,2.8689880000000003,CHN,GAB,6404
2046666,77,80,1378,2004,41939.0,0.0,1.6003530000000001,0.643945,FRA,GAB,6404
2046667,97,80,1378,2004,17117.0,0.0,0.604825,2.098745,HKG,GAB,6404
2046668,104,80,1378,2004,33931.0,0.0,0.233348,2.790987,IND,GAB,6404
2046669,203,80,1378,2004,0.0,4353.0,0.7482850000000001,-0.14005499999999999,STP,GAB,6404
2046670,231,80,1378,2004,9345.0,0.0,1.7598630000000002,0.066704,USA,GAB,6404
2046671,14,83,1378,2004,13717.0,0.0,0.196641,0.8139460000000001,AUS,GHA,6404
2046672,21,83,1378,2004,0.0,7494.0,-1.000801,-1.00024,BFA,GHA,6404
2046673,43,83,1378,2004,1223291.0,0.0,0.581548,2.8689880000000003,CHN,GHA,6404
2046674,61,83,1378,2004,2032.0,0.0,2.266076,-2.011139,DEU,GHA,6404
2046675,71,83,1378,2004,12265.0,0.0,0.9784649999999999,2.051216,ESP,GHA,6404
2046676,81,83,1378,2004,26543.0,0.0,1.843506,0.684779,GBR,GHA,6404
2046677,97,83,1378,2004,69634.0,0.0,0.604825,2.098745,HKG,GHA,6404
2046678,103,83,1378,2004,11802.0,0.0,-0.223644,1.719065,IDN,GHA,6404
2046679,106,83,1378,2004,270266.0,0.0,1.501859,0.14456,IRL,GHA,6404
2046680,111,83,1378,2004,10780.0,0.0,1.358057,1.11533,ITA,GHA,6404
2046681,121,83,1378,2004,1193.0,0.0,1.3624690000000002,0.928342,KOR,GHA,6404
2046682,162,83,1378,2004,11130.0,0.0,1.251808,1.586526,NLD,GHA,6404
2046683,188,83,1378,2004,25315.0,0.0,0.546196,-0.7014729999999999,SAU,GHA,6404
2046684,215,83,1378,2004,0.0,82536.0,-0.6788270000000001,-0.482984,TGO,GHA,6404
2046685,216,83,1378,2004,6406.0,0.0,0.5150359999999999,1.583019,THA,GHA,6404
2046686,231,83,1378,2004,55517.0,0.0,1.7598630000000002,0.066704,USA,GHA,6404
2046687,246,83,1378,2004,11432.0,0.0,0.460279,1.9736220000000002,ZAF,GHA,6404
2046688,5,133,1378,2004,0.0,19380.0,1.268618,0.835359,AND,MAC,6404
2046689,7,133,1378,2004,0.0,12146.0,0.1799,-0.34541900000000003,ARE,MAC,6404
2046690,14,133,1378,2004,0.0,9072.0,0.196641,0.8139460000000001,AUS,MAC,6404
2046691,15,133,1378,2004,2163.0,568634.0,1.825391,0.40553,AUT,MAC,6404
2046692,18,133,1378,2004,0.0,297126.0,1.350911,1.408209,BEL,MAC,6404
2046693,23,133,1378,2004,0.0,2219.0,0.35536,1.499182,BGR,MAC,6404
2046694,39,133,1378,2004,153617.0,2759628.0,0.9392739999999999,1.19228,CAN,MAC,6404
2046695,41,133,1378,2004,4546.0,185180.0,2.151471,0.7196279999999999,CHE,MAC,6404
2046696,43,133,1378,2004,3231776.0,1734.0,0.581548,2.8689880000000003,CHN,MAC,6404
2046697,58,133,1378,2004,0.0,991.0,0.533521,0.615939,CYP,MAC,6404
2046698,59,133,1378,2004,0.0,147926.0,1.562625,0.865244,CZE,MAC,6404
2046699,61,133,1378,2004,14942.0,6056438.0,2.266076,-2.011139,DEU,MAC,6404
2046700,64,133,1378,2004,0.0,467415.0,1.328968,1.262743,DNK,MAC,6404
2046701,71,133,1378,2004,13192.0,561757.0,0.9784649999999999,2.051216,ESP,MAC,6404
2046702,72,133,1378,2004,0.0,26959.0,0.6101840000000001,0.9520370000000001,EST,MAC,6404
2046703,74,133,1378,2004,0.0,105724.0,2.000218,0.9867309999999999,FIN,MAC,6404
2046704,77,133,1378,2004,0.0,1122676.0,1.6003530000000001,0.643945,FRA,MAC,6404
2046705,78,133,1378,2004,0.0,2801.0,-1.026359,-0.960327,FRO,MAC,6404
2046706,81,133,1378,2004,0.0,2346394.0,1.843506,0.684779,GBR,MAC,6404
2046707,90,133,1378,2004,0.0,624602.0,0.348853,1.661656,GRC,MAC,6404
2046708,97,133,1378,2004,354418.0,9241.0,0.604825,2.098745,HKG,MAC,6404
2046709,100,133,1378,2004,0.0,27072.0,0.6669970000000001,1.088043,HRV,MAC,6404
2046710,102,133,1378,2004,1318.0,9030.0,1.207082,1.019714,HUN,MAC,6404
2046711,106,133,1378,2004,0.0,89737.0,1.501859,0.14456,IRL,MAC,6404
2046712,109,133,1378,2004,0.0,22815.0,0.298844,-0.36366,ISL,MAC,6404
2046713,111,133,1378,2004,58195.0,6410636.0,1.358057,1.11533,ITA,MAC,6404
2046714,114,133,1378,2004,7839.0,0.0,2.526624,0.452054,JPN,MAC,6404
2046715,121,133,1378,2004,0.0,2885.0,1.3624690000000002,0.928342,KOR,MAC,6404
2046716,122,133,1378,2004,0.0,13844.0,-0.481908,-1.172081,KWT,MAC,6404
2046717,132,133,1378,2004,0.0,3425.0,0.413821,0.627853,LVA,MAC,6404
2046718,138,133,1378,2004,0.0,351412.0,0.868684,0.85506,MEX,MAC,6404
2046719,162,133,1378,2004,0.0,910640.0,1.251808,1.586526,NLD,MAC,6404
2046720,163,133,1378,2004,0.0,530994.0,1.10162,0.118709,NOR,MAC,6404
2046721,166,133,1378,2004,0.0,1969.0,0.567392,0.965781,NZL,MAC,6404
2046722,169,133,1378,2004,0.0,3295.0,-0.011979,0.261315,PAN,MAC,6404
2046723,177,133,1378,2004,0.0,86748.0,1.019341,1.519452,POL,MAC,6404
2046724,179,133,1378,2004,3215.0,43776.0,0.524524,1.901139,PRT,MAC,6404
2046725,185,133,1378,2004,0.0,14755.0,0.37241599999999997,1.015865,ROU,MAC,6404
2046726,186,133,1378,2004,0.0,2193.0,0.8952399999999999,0.172896,RUS,MAC,6404
2046727,188,133,1378,2004,0.0,4118.0,0.546196,-0.7014729999999999,SAU,MAC,6404
2046728,189,133,1378,2004,0.0,2506.0,0.628071,2.210424,SCG,MAC,6404
2046729,192,133,1378,2004,0.0,334703.0,1.6409779999999998,0.634947,SGP,MAC,6404
2046730,206,133,1378,2004,0.0,11097.0,1.2375120000000002,0.8777889999999999,SVK,MAC,6404
2046731,207,133,1378,2004,0.0,44972.0,1.628643,1.02381,SVN,MAC,6404
2046732,208,133,1378,2004,0.0,30806.0,2.0522080000000003,0.8326969999999999,SWE,MAC,6404
2046733,216,133,1378,2004,623.0,0.0,0.5150359999999999,1.583019,THA,MAC,6404
2046734,224,133,1378,2004,0.0,354615.0,0.141454,1.9463599999999999,TUR,MAC,6404
2046735,231,133,1378,2004,0.0,61159.0,1.7598630000000002,0.066704,USA,MAC,6404
2046736,239,133,1378,2004,29462.0,0.0,-0.5270560000000001,0.8910389999999999,VNM,MAC,6404
2046737,246,133,1378,2004,0.0,1676.0,0.460279,1.9736220000000002,ZAF,MAC,6404
2046738,249,133,1378,2004,20892.0,56092.0,1.626307,1.358315,TWN,MAC,6404
2046739,5,134,1378,2004,0.0,3682.0,1.268618,0.835359,AND,MAR,6404
2046740,15,134,1378,2004,0.0,23599.0,1.825391,0.40553,AUT,MAR,6404
2046741,18,134,1378,2004,10560.0,876.0,1.350911,1.408209,BEL,MAR,6404
2046742,32,134,1378,2004,8937.0,0.0,0.540718,1.149065,BRA,MAR,6404
2046743,39,134,1378,2004,0.0,6749.0,0.9392739999999999,1.19228,CAN,MAR,6404
2046744,41,134,1378,2004,0.0,32304.0,2.151471,0.7196279999999999,CHE,MAR,6404
2046745,43,134,1378,2004,4574621.0,0.0,0.581548,2.8689880000000003,CHN,MAR,6404
2046746,44,134,1378,2004,0.0,2210.0,-0.8490979999999999,-0.754732,CIV,MAR,6404
2046747,61,134,1378,2004,0.0,86954.0,2.266076,-2.011139,DEU,MAR,6404
2046748,64,134,1378,2004,22044.0,118902.0,1.328968,1.262743,DNK,MAR,6404
2046749,66,134,1378,2004,0.0,20181.0,-0.725066,-1.163606,DZA,MAR,6404
2046750,71,134,1378,2004,380989.0,2169566.0,0.9784649999999999,2.051216,ESP,MAR,6404
2046751,74,134,1378,2004,0.0,9199.0,2.000218,0.9867309999999999,FIN,MAR,6404
2046752,77,134,1378,2004,70750.0,5571972.0,1.6003530000000001,0.643945,FRA,MAR,6404
2046753,81,134,1378,2004,18845.0,7576.0,1.843506,0.684779,GBR,MAR,6404
2046754,90,134,1378,2004,0.0,20870.0,0.348853,1.661656,GRC,MAR,6404
2046755,97,134,1378,2004,159592.0,0.0,0.604825,2.098745,HKG,MAR,6404
2046756,100,134,1378,2004,0.0,1599.0,0.6669970000000001,1.088043,HRV,MAR,6404
2046757,103,134,1378,2004,10607.0,0.0,-0.223644,1.719065,IDN,MAR,6404
2046758,104,134,1378,2004,4480.0,0.0,0.233348,2.790987,IND,MAR,6404
2046759,109,134,1378,2004,0.0,9051.0,0.298844,-0.36366,ISL,MAR,6404
2046760,111,134,1378,2004,61938.0,106663.0,1.358057,1.11533,ITA,MAR,6404
2046761,114,134,1378,2004,0.0,40591.0,2.526624,0.452054,JPN,MAR,6404
2046762,121,134,1378,2004,16145.0,0.0,1.3624690000000002,0.928342,KOR,MAR,6404
2046763,122,134,1378,2004,0.0,5432.0,-0.481908,-1.172081,KWT,MAR,6404
2046764,124,134,1378,2004,0.0,1514.0,0.32409899999999997,1.037024,LBN,MAR,6404
2046765,126,134,1378,2004,0.0,7574.0,-0.42119700000000004,-1.179463,LBY,MAR,6404
2046766,138,134,1378,2004,0.0,3003.0,0.868684,0.85506,MEX,MAR,6404
2046767,141,134,1378,2004,0.0,34648.0,-0.6905100000000001,-0.9162459999999999,MLI,MAR,6404
2046768,151,134,1378,2004,0.0,2708.0,-0.374754,-0.288504,MUS,MAR,6404
2046769,156,134,1378,2004,0.0,1625.0,-0.49824700000000005,-0.8284239999999999,NCL,MAR,6404
2046770,162,134,1378,2004,2314.0,1815.0,1.251808,1.586526,NLD,MAR,6404
2046771,163,134,1378,2004,0.0,23683.0,1.10162,0.118709,NOR,MAR,6404
2046772,177,134,1378,2004,0.0,5991.0,1.019341,1.519452,POL,MAR,6404
2046773,179,134,1378,2004,7930.0,0.0,0.524524,1.901139,PRT,MAR,6404
2046774,182,134,1378,2004,0.0,241.0,-0.414954,-0.773736,PYF,MAR,6404
2046775,185,134,1378,2004,7188.0,564.0,0.37241599999999997,1.015865,ROU,MAR,6404
2046776,189,134,1378,2004,0.0,431.0,0.628071,2.210424,SCG,MAR,6404
2046777,191,134,1378,2004,0.0,4308.0,-0.527127,-0.368631,SEN,MAR,6404
2046778,206,134,1378,2004,2609.0,1138.0,1.2375120000000002,0.8777889999999999,SVK,MAR,6404
2046779,207,134,1378,2004,0.0,4844.0,1.628643,1.02381,SVN,MAR,6404
2046780,208,134,1378,2004,0.0,4108.0,2.0522080000000003,0.8326969999999999,SWE,MAR,6404
2046781,216,134,1378,2004,3479.0,0.0,0.5150359999999999,1.583019,THA,MAR,6404
2046782,223,134,1378,2004,1143.0,0.0,-0.195751,0.335147,TUN,MAR,6404
2046783,224,134,1378,2004,7637.0,1538.0,0.141454,1.9463599999999999,TUR,MAR,6404
2046784,231,134,1378,2004,19698.0,71802.0,1.7598630000000002,0.066704,USA,MAR,6404
2046785,239,134,1378,2004,165515.0,0.0,-0.5270560000000001,0.8910389999999999,VNM,MAR,6404
2046786,249,134,1378,2004,5307.0,0.0,1.626307,1.358315,TWN,MAR,6404
2046787,250,134,1378,2004,0.0,1141.0,0.509382,-0.30904299999999996,ANS,MAR,6404
2046788,7,141,1378,2004,11647.0,0.0,0.1799,-0.34541900000000003,ARE,MLI,6404
2046789,15,141,1378,2004,5635.0,0.0,1.825391,0.40553,AUT,MLI,6404
2046790,21,141,1378,2004,14163.0,1242.0,-1.000801,-1.00024,BFA,MLI,6404
2046791,43,141,1378,2004,89158.0,0.0,0.581548,2.8689880000000003,CHN,MLI,6404
2046792,44,141,1378,2004,79674.0,0.0,-0.8490979999999999,-0.754732,CIV,MLI,6404
2046793,45,141,1378,2004,783.0,0.0,-1.604916,-1.217399,CMR,MLI,6404
2046794,61,141,1378,2004,0.0,1629.0,2.266076,-2.011139,DEU,MLI,6404
2046795,77,141,1378,2004,13424.0,32829.0,1.6003530000000001,0.643945,FRA,MLI,6404
2046796,97,141,1378,2004,3530.0,0.0,0.604825,2.098745,HKG,MLI,6404
2046797,134,141,1378,2004,34648.0,0.0,-0.681556,-0.152372,MAR,MLI,6404
2046798,192,141,1378,2004,2741.0,0.0,1.6409779999999998,0.634947,SGP,MLI,6404
2046799,216,141,1378,2004,5254.0,0.0,0.5150359999999999,1.583019,THA,MLI,6404
2046800,224,141,1378,2004,1302.0,0.0,0.141454,1.9463599999999999,TUR,MLI,6404
2046801,231,141,1378,2004,1099.0,0.0,1.7598630000000002,0.066704,USA,MLI,6404
2046802,239,141,1378,2004,10016.0,0.0,-0.5270560000000001,0.8910389999999999,VNM,MLI,6404
2046803,246,141,1378,2004,1260.0,2426.0,0.460279,1.9736220000000002,ZAF,MLI,6404
2046804,15,142,1378,2004,59038.0,0.0,1.825391,0.40553,AUT,MLT,6404
2046805,18,142,1378,2004,363600.0,0.0,1.350911,1.408209,BEL,MLT,6404
2046806,32,142,1378,2004,17006.0,0.0,0.540718,1.149065,BRA,MLT,6404
2046807,41,142,1378,2004,0.0,707.0,2.151471,0.7196279999999999,CHE,MLT,6404
2046808,43,142,1378,2004,92775.0,0.0,0.581548,2.8689880000000003,CHN,MLT,6404
2046809,58,142,1378,2004,0.0,2212.0,0.533521,0.615939,CYP,MLT,6404
2046810,59,142,1378,2004,0.0,969.0,1.562625,0.865244,CZE,MLT,6404
2046811,61,142,1378,2004,233256.0,6795.0,2.266076,-2.011139,DEU,MLT,6404
2046812,64,142,1378,2004,12553.0,1678.0,1.328968,1.262743,DNK,MLT,6404
2046813,71,142,1378,2004,378563.0,7027.0,0.9784649999999999,2.051216,ESP,MLT,6404
2046814,77,142,1378,2004,18392.0,0.0,1.6003530000000001,0.643945,FRA,MLT,6404
2046815,81,142,1378,2004,106113.0,0.0,1.843506,0.684779,GBR,MLT,6404
2046816,97,142,1378,2004,19026.0,743.0,0.604825,2.098745,HKG,MLT,6404
2046817,102,142,1378,2004,0.0,3219.0,1.207082,1.019714,HUN,MLT,6404
2046818,103,142,1378,2004,71223.0,0.0,-0.223644,1.719065,IDN,MLT,6404
2046819,104,142,1378,2004,21792.0,0.0,0.233348,2.790987,IND,MLT,6404
2046820,111,142,1378,2004,426174.0,6940.0,1.358057,1.11533,ITA,MLT,6404
2046821,121,142,1378,2004,22258.0,0.0,1.3624690000000002,0.928342,KOR,MLT,6404
2046822,153,142,1378,2004,12176.0,0.0,0.6710050000000001,0.17807,MYS,MLT,6404
2046823,162,142,1378,2004,33093.0,0.0,1.251808,1.586526,NLD,MLT,6404
2046824,168,142,1378,2004,14816.0,0.0,-0.754143,0.25995100000000004,PAK,MLT,6404
2046825,177,142,1378,2004,0.0,1621.0,1.019341,1.519452,POL,MLT,6404
2046826,179,142,1378,2004,3350.0,0.0,0.524524,1.901139,PRT,MLT,6404
2046827,185,142,1378,2004,1039.0,0.0,0.37241599999999997,1.015865,ROU,MLT,6404
2046828,186,142,1378,2004,0.0,4327.0,0.8952399999999999,0.172896,RUS,MLT,6404
2046829,206,142,1378,2004,0.0,1640.0,1.2375120000000002,0.8777889999999999,SVK,MLT,6404
2046830,216,142,1378,2004,54360.0,0.0,0.5150359999999999,1.583019,THA,MLT,6404
2046831,224,142,1378,2004,92625.0,0.0,0.141454,1.9463599999999999,TUR,MLT,6404
2046832,231,142,1378,2004,25422.0,22752.0,1.7598630000000002,0.066704,USA,MLT,6404
2046833,239,142,1378,2004,31818.0,0.0,-0.5270560000000001,0.8910389999999999,VNM,MLT,6404
2046834,249,142,1378,2004,7922.0,0.0,1.626307,1.358315,TWN,MLT,6404
2046835,7,148,1378,2004,38325.0,0.0,0.1799,-0.34541900000000003,ARE,MRT,6404
2046836,43,148,1378,2004,53742.0,0.0,0.581548,2.8689880000000003,CHN,MRT,6404
2046837,71,148,1378,2004,3532.0,0.0,0.9784649999999999,2.051216,ESP,MRT,6404
2046838,72,148,1378,2004,2575.0,0.0,0.6101840000000001,0.9520370000000001,EST,MRT,6404
2046839,77,148,1378,2004,19510.0,0.0,1.6003530000000001,0.643945,FRA,MRT,6404
2046840,87,148,1378,2004,9725.0,0.0,-0.135943,-0.226541,GMB,MRT,6404
2046841,97,148,1378,2004,8973.0,0.0,0.604825,2.098745,HKG,MRT,6404
2046842,111,148,1378,2004,118232.0,0.0,1.358057,1.11533,ITA,MRT,6404
2046843,188,148,1378,2004,2950.0,0.0,0.546196,-0.7014729999999999,SAU,MRT,6404
2046844,212,148,1378,2004,262390.0,0.0,-0.568707,-0.034736,SYR,MRT,6404
2046845,239,148,1378,2004,5495.0,0.0,-0.5270560000000001,0.8910389999999999,VNM,MRT,6404
2046846,7,151,1378,2004,4172.0,0.0,0.1799,-0.34541900000000003,ARE,MUS,6404
2046847,12,151,1378,2004,0.0,1920.0,0.8093670000000001,-0.576628,ATF,MUS,6404
2046848,14,151,1378,2004,31531.0,0.0,0.196641,0.8139460000000001,AUS,MUS,6404
2046849,32,151,1378,2004,8500.0,0.0,0.540718,1.149065,BRA,MUS,6404
2046850,41,151,1378,2004,1312.0,0.0,2.151471,0.7196279999999999,CHE,MUS,6404
2046851,43,151,1378,2004,444072.0,0.0,0.581548,2.8689880000000003,CHN,MUS,6404
2046852,50,151,1378,2004,0.0,1380.0,-0.581058,-0.8678309999999999,COM,MUS,6404
2046853,59,151,1378,2004,5868.0,0.0,1.562625,0.865244,CZE,MUS,6404
2046854,61,151,1378,2004,6321.0,0.0,2.266076,-2.011139,DEU,MUS,6404
2046855,71,151,1378,2004,1167.0,0.0,0.9784649999999999,2.051216,ESP,MUS,6404
2046856,77,151,1378,2004,179920.0,34196.0,1.6003530000000001,0.643945,FRA,MUS,6404
2046857,81,151,1378,2004,7171.0,0.0,1.843506,0.684779,GBR,MUS,6404
2046858,97,151,1378,2004,23695.0,0.0,0.604825,2.098745,HKG,MUS,6404
2046859,103,151,1378,2004,23162.0,0.0,-0.223644,1.719065,IDN,MUS,6404
2046860,104,151,1378,2004,46044.0,0.0,0.233348,2.790987,IND,MUS,6404
2046861,111,151,1378,2004,8964.0,0.0,1.358057,1.11533,ITA,MUS,6404
2046862,114,151,1378,2004,0.0,2813.0,2.526624,0.452054,JPN,MUS,6404
2046863,116,151,1378,2004,70790.0,0.0,-0.503694,0.410495,KEN,MUS,6404
2046864,121,151,1378,2004,3870.0,0.0,1.3624690000000002,0.928342,KOR,MUS,6404
2046865,122,151,1378,2004,0.0,1419.0,-0.481908,-1.172081,KWT,MUS,6404
2046866,134,151,1378,2004,2708.0,0.0,-0.681556,-0.152372,MAR,MUS,6404
2046867,136,151,1378,2004,4336.0,23467.0,-1.355542,-0.634409,MDG,MUS,6404
2046868,153,151,1378,2004,57186.0,0.0,0.6710050000000001,0.17807,MYS,MUS,6404
2046869,154,151,1378,2004,0.0,2269.0,1.179671,0.016149,MYT,MUS,6404
2046870,168,151,1378,2004,3645.0,0.0,-0.754143,0.25995100000000004,PAK,MUS,6404
2046871,192,151,1378,2004,42716.0,5220.0,1.6409779999999998,0.634947,SGP,MUS,6404
2046872,211,151,1378,2004,0.0,4613.0,-0.12954100000000002,-0.713507,SYC,MUS,6404
2046873,216,151,1378,2004,52027.0,0.0,0.5150359999999999,1.583019,THA,MUS,6404
2046874,231,151,1378,2004,0.0,10824.0,1.7598630000000002,0.066704,USA,MUS,6404
2046875,239,151,1378,2004,91566.0,0.0,-0.5270560000000001,0.8910389999999999,VNM,MUS,6404
2046876,246,151,1378,2004,21627.0,0.0,0.460279,1.9736220000000002,ZAF,MUS,6404
2046877,249,151,1378,2004,5761.0,0.0,1.626307,1.358315,TWN,MUS,6404
2046878,7,152,1378,2004,18043.0,0.0,0.1799,-0.34541900000000003,ARE,MWI,6404
2046879,41,152,1378,2004,2570.0,0.0,2.151471,0.7196279999999999,CHE,MWI,6404
2046880,43,152,1378,2004,29481.0,0.0,0.581548,2.8689880000000003,CHN,MWI,6404
2046881,81,152,1378,2004,45551.0,0.0,1.843506,0.684779,GBR,MWI,6404
2046882,97,152,1378,2004,822.0,0.0,0.604825,2.098745,HKG,MWI,6404
2046883,116,152,1378,2004,133234.0,0.0,-0.503694,0.410495,KEN,MWI,6404
2046884,226,152,1378,2004,3217.0,0.0,-1.022658,-0.007045999999999999,TZA,MWI,6404
2046885,246,152,1378,2004,47238.0,0.0,0.460279,1.9736220000000002,ZAF,MWI,6404
2046886,247,152,1378,2004,13443.0,0.0,-0.9972190000000001,-0.853986,ZMB,MWI,6404
2046887,248,152,1378,2004,15944.0,972.0,-0.560593,-0.091112,ZWE,MWI,6404
2046888,249,152,1378,2004,9072.0,0.0,1.626307,1.358315,TWN,MWI,6404
2046889,2,155,1378,2004,0.0,147724.0,-0.8513709999999999,-1.173397,AGO,NAM,6404
2046890,37,155,1378,2004,6660.0,2490.0,-0.8574229999999999,-1.191754,BWA,NAM,6404
2046891,43,155,1378,2004,176415.0,0.0,0.581548,2.8689880000000003,CHN,NAM,6404
2046892,75,155,1378,2004,0.0,13291.0,-0.8870969999999999,-0.287427,FJI,NAM,6404
2046893,81,155,1378,2004,3671.0,0.0,1.843506,0.684779,GBR,NAM,6404
2046894,179,155,1378,2004,37101.0,0.0,0.524524,1.901139,PRT,NAM,6404
2046895,182,155,1378,2004,2688.0,0.0,-0.414954,-0.773736,PYF,NAM,6404
2046896,216,155,1378,2004,4701.0,0.0,0.5150359999999999,1.583019,THA,NAM,6404
2046897,246,155,1378,2004,5162131.0,22168.0,0.460279,1.9736220000000002,ZAF,NAM,6404
2046898,247,155,1378,2004,671.0,0.0,-0.9972190000000001,-0.853986,ZMB,NAM,6404
2046899,248,155,1378,2004,17427.0,0.0,-0.560593,-0.091112,ZWE,NAM,6404
2046900,250,155,1378,2004,3715.0,0.0,0.509382,-0.30904299999999996,ANS,NAM,6404
2046901,2,179,1378,2004,0.0,566053.0,-0.8513709999999999,-1.173397,AGO,PRT,6404
2046902,5,179,1378,2004,0.0,1908.0,1.268618,0.835359,AND,PRT,6404
2046903,7,179,1378,2004,0.0,9443.0,0.1799,-0.34541900000000003,ARE,PRT,6404
2046904,14,179,1378,2004,0.0,105119.0,0.196641,0.8139460000000001,AUS,PRT,6404
2046905,15,179,1378,2004,681560.0,911766.0,1.825391,0.40553,AUT,PRT,6404
2046906,18,179,1378,2004,18275290.0,996906.0,1.350911,1.408209,BEL,PRT,6404
2046907,22,179,1378,2004,81654.0,0.0,-1.150444,-0.885333,BGD,PRT,6404
2046908,23,179,1378,2004,0.0,3566.0,0.35536,1.499182,BGR,PRT,6404
2046909,24,179,1378,2004,0.0,6515.0,0.045344999999999996,-1.001059,BHR,PRT,6404
2046910,26,179,1378,2004,0.0,2723.0,0.385952,0.571774,BIH,PRT,6404
2046911,31,179,1378,2004,1700.0,0.0,-0.9288489999999999,-0.929884,BOL,PRT,6404
2046912,32,179,1378,2004,1140755.0,1487.0,0.540718,1.149065,BRA,PRT,6404
2046913,39,179,1378,2004,0.0,111719.0,0.9392739999999999,1.19228,CAN,PRT,6404
2046914,41,179,1378,2004,74139.0,204864.0,2.151471,0.7196279999999999,CHE,PRT,6404
2046915,43,179,1378,2004,3193807.0,59781.0,0.581548,2.8689880000000003,CHN,PRT,6404
2046916,51,179,1378,2004,0.0,19086.0,-0.160185,-0.729291,CPV,PRT,6404
2046917,58,179,1378,2004,0.0,13588.0,0.533521,0.615939,CYP,PRT,6404
2046918,59,179,1378,2004,1894.0,12462.0,1.562625,0.865244,CZE,PRT,6404
2046919,61,179,1378,2004,1345744.0,24425420.0,2.266076,-2.011139,DEU,PRT,6404
2046920,64,179,1378,2004,104028.0,2057690.0,1.328968,1.262743,DNK,PRT,6404
2046921,71,179,1378,2004,24175703.0,6880405.0,0.9784649999999999,2.051216,ESP,PRT,6404
2046922,72,179,1378,2004,0.0,27332.0,0.6101840000000001,0.9520370000000001,EST,PRT,6404
2046923,74,179,1378,2004,4438.0,39376.0,2.000218,0.9867309999999999,FIN,PRT,6404
2046924,77,179,1378,2004,5686845.0,6710393.0,1.6003530000000001,0.643945,FRA,PRT,6404
2046925,78,179,1378,2004,0.0,3238.0,-1.026359,-0.960327,FRO,PRT,6404
2046926,81,179,1378,2004,460270.0,8123460.0,1.843506,0.684779,GBR,PRT,6404
2046927,88,179,1378,2004,0.0,36108.0,-1.423263,-0.9892280000000001,GNB,PRT,6404
2046928,90,179,1378,2004,66772.0,120710.0,0.348853,1.661656,GRC,PRT,6404
2046929,97,179,1378,2004,16802.0,43224.0,0.604825,2.098745,HKG,PRT,6404
2046930,100,179,1378,2004,0.0,4450.0,0.6669970000000001,1.088043,HRV,PRT,6404
2046931,103,179,1378,2004,191404.0,0.0,-0.223644,1.719065,IDN,PRT,6404
2046932,104,179,1378,2004,965090.0,3519.0,0.233348,2.790987,IND,PRT,6404
2046933,106,179,1378,2004,1765.0,480042.0,1.501859,0.14456,IRL,PRT,6404
2046934,109,179,1378,2004,0.0,38527.0,0.298844,-0.36366,ISL,PRT,6404
2046935,110,179,1378,2004,7795.0,54755.0,1.250393,0.8003979999999999,ISR,PRT,6404
2046936,111,179,1378,2004,3975314.0,1524330.0,1.358057,1.11533,ITA,PRT,6404
2046937,114,179,1378,2004,36811.0,620711.0,2.526624,0.452054,JPN,PRT,6404
2046938,121,179,1378,2004,9561.0,0.0,1.3624690000000002,0.928342,KOR,PRT,6404
2046939,122,179,1378,2004,0.0,51329.0,-0.481908,-1.172081,KWT,PRT,6404
2046940,124,179,1378,2004,0.0,39394.0,0.32409899999999997,1.037024,LBN,PRT,6404
2046941,131,179,1378,2004,102711.0,3761.0,1.37529,1.0172649999999999,LUX,PRT,6404
2046942,132,179,1378,2004,0.0,2283.0,0.413821,0.627853,LVA,PRT,6404
2046943,133,179,1378,2004,43776.0,3215.0,-0.351045,-0.487521,MAC,PRT,6404
2046944,134,179,1378,2004,0.0,7930.0,-0.681556,-0.152372,MAR,PRT,6404
2046945,138,179,1378,2004,0.0,20553.0,0.868684,0.85506,MEX,PRT,6404
2046946,142,179,1378,2004,0.0,3350.0,1.251894,0.063827,MLT,PRT,6404
2046947,147,179,1378,2004,0.0,79298.0,-1.1010790000000001,-1.0942,MOZ,PRT,6404
2046948,153,179,1378,2004,842552.0,0.0,0.6710050000000001,0.17807,MYS,PRT,6404
2046949,155,179,1378,2004,0.0,37101.0,-0.40995299999999996,-0.550272,NAM,PRT,6404
2046950,156,179,1378,2004,0.0,5503.0,-0.49824700000000005,-0.8284239999999999,NCL,PRT,6404
2046951,162,179,1378,2004,2302138.0,1176497.0,1.251808,1.586526,NLD,PRT,6404
2046952,163,179,1378,2004,1672.0,219714.0,1.10162,0.118709,NOR,PRT,6404
2046953,166,179,1378,2004,885.0,7439.0,0.567392,0.965781,NZL,PRT,6404
2046954,168,179,1378,2004,4316.0,0.0,-0.754143,0.25995100000000004,PAK,PRT,6404
2046955,174,179,1378,2004,25220.0,0.0,-0.076709,-0.149006,PHL,PRT,6404
2046956,177,179,1378,2004,0.0,22287.0,1.019341,1.519452,POL,PRT,6404
2046957,185,179,1378,2004,0.0,9730.0,0.37241599999999997,1.015865,ROU,PRT,6404
2046958,186,179,1378,2004,0.0,40088.0,0.8952399999999999,0.172896,RUS,PRT,6404
2046959,188,179,1378,2004,0.0,13894.0,0.546196,-0.7014729999999999,SAU,PRT,6404
2046960,189,179,1378,2004,0.0,3738.0,0.628071,2.210424,SCG,PRT,6404
2046961,192,179,1378,2004,60007.0,36251.0,1.6409779999999998,0.634947,SGP,PRT,6404
2046962,203,179,1378,2004,0.0,34740.0,0.7482850000000001,-0.14005499999999999,STP,PRT,6404
2046963,206,179,1378,2004,2406.0,0.0,1.2375120000000002,0.8777889999999999,SVK,PRT,6404
2046964,207,179,1378,2004,0.0,10276.0,1.628643,1.02381,SVN,PRT,6404
2046965,208,179,1378,2004,62911.0,673375.0,2.0522080000000003,0.8326969999999999,SWE,PRT,6404
2046966,216,179,1378,2004,102909.0,38015.0,0.5150359999999999,1.583019,THA,PRT,6404
2046967,223,179,1378,2004,1493.0,0.0,-0.195751,0.335147,TUN,PRT,6404
2046968,224,179,1378,2004,15349.0,399718.0,0.141454,1.9463599999999999,TUR,PRT,6404
2046969,228,179,1378,2004,0.0,38631.0,0.8758040000000001,0.8195879999999999,UKR,PRT,6404
2046970,231,179,1378,2004,126777.0,762657.0,1.7598630000000002,0.066704,USA,PRT,6404
2046971,236,179,1378,2004,0.0,22699.0,0.048698000000000005,-0.899776,VEN,PRT,6404
2046972,239,179,1378,2004,630298.0,0.0,-0.5270560000000001,0.8910389999999999,VNM,PRT,6404
2046973,246,179,1378,2004,0.0,25652.0,0.460279,1.9736220000000002,ZAF,PRT,6404
2046974,249,179,1378,2004,29222.0,77341.0,1.626307,1.358315,TWN,PRT,6404
2046975,7,183,1378,2004,7438.0,57910.0,0.1799,-0.34541900000000003,ARE,QAT,6404
2046976,14,183,1378,2004,749.0,0.0,0.196641,0.8139460000000001,AUS,QAT,6404
2046977,15,183,1378,2004,1098.0,0.0,1.825391,0.40553,AUT,QAT,6404
2046978,22,183,1378,2004,973.0,0.0,-1.150444,-0.885333,BGD,QAT,6404
2046979,23,183,1378,2004,1033.0,0.0,0.35536,1.499182,BGR,QAT,6404
2046980,24,183,1378,2004,1386.0,11765.0,0.045344999999999996,-1.001059,BHR,QAT,6404
2046981,32,183,1378,2004,65186.0,0.0,0.540718,1.149065,BRA,QAT,6404
2046982,43,183,1378,2004,833739.0,0.0,0.581548,2.8689880000000003,CHN,QAT,6404
2046983,61,183,1378,2004,20948.0,0.0,2.266076,-2.011139,DEU,QAT,6404
2046984,64,183,1378,2004,4286.0,0.0,1.328968,1.262743,DNK,QAT,6404
2046985,68,183,1378,2004,19020.0,0.0,-0.300563,0.41834899999999997,EGY,QAT,6404
2046986,71,183,1378,2004,273633.0,0.0,0.9784649999999999,2.051216,ESP,QAT,6404
2046987,77,183,1378,2004,21372.0,0.0,1.6003530000000001,0.643945,FRA,QAT,6404
2046988,81,183,1378,2004,14715.0,0.0,1.843506,0.684779,GBR,QAT,6404
2046989,90,183,1378,2004,62468.0,0.0,0.348853,1.661656,GRC,QAT,6404
2046990,102,183,1378,2004,7140.0,0.0,1.207082,1.019714,HUN,QAT,6404
2046991,103,183,1378,2004,62024.0,0.0,-0.223644,1.719065,IDN,QAT,6404
2046992,104,183,1378,2004,215954.0,0.0,0.233348,2.790987,IND,QAT,6404
2046993,107,183,1378,2004,5597.0,0.0,-0.38210700000000003,-0.8408620000000001,IRN,QAT,6404
2046994,111,183,1378,2004,98683.0,0.0,1.358057,1.11533,ITA,QAT,6404
2046995,113,183,1378,2004,1332.0,0.0,0.152989,0.385845,JOR,QAT,6404
2046996,114,183,1378,2004,3731.0,0.0,2.526624,0.452054,JPN,QAT,6404
2046997,121,183,1378,2004,9412.0,0.0,1.3624690000000002,0.928342,KOR,QAT,6404
2046998,122,183,1378,2004,0.0,24149.0,-0.481908,-1.172081,KWT,QAT,6404
2046999,124,183,1378,2004,63780.0,0.0,0.32409899999999997,1.037024,LBN,QAT,6404
2047000,128,183,1378,2004,873.0,0.0,-0.658668,0.21912600000000002,LKA,QAT,6404
2047001,153,183,1378,2004,2432.0,0.0,0.6710050000000001,0.17807,MYS,QAT,6404
2047002,167,183,1378,2004,0.0,1286.0,-0.62946,-1.108933,OMN,QAT,6404
2047003,168,183,1378,2004,160166.0,0.0,-0.754143,0.25995100000000004,PAK,QAT,6404
2047004,188,183,1378,2004,32496.0,0.0,0.546196,-0.7014729999999999,SAU,QAT,6404
2047005,192,183,1378,2004,1510.0,0.0,1.6409779999999998,0.634947,SGP,QAT,6404
2047006,212,183,1378,2004,35616.0,0.0,-0.568707,-0.034736,SYR,QAT,6404
2047007,216,183,1378,2004,96076.0,0.0,0.5150359999999999,1.583019,THA,QAT,6404
2047008,224,183,1378,2004,115801.0,0.0,0.141454,1.9463599999999999,TUR,QAT,6404
2047009,231,183,1378,2004,37119.0,0.0,1.7598630000000002,0.066704,USA,QAT,6404
2047010,239,183,1378,2004,42901.0,0.0,-0.5270560000000001,0.8910389999999999,VNM,QAT,6404
2047011,246,183,1378,2004,1926.0,0.0,0.460279,1.9736220000000002,ZAF,QAT,6404
2047012,249,183,1378,2004,6400.0,0.0,1.626307,1.358315,TWN,QAT,6404
2047013,250,183,1378,2004,1079.0,0.0,0.509382,-0.30904299999999996,ANS,QAT,6404
2047014,7,191,1378,2004,11333.0,0.0,0.1799,-0.34541900000000003,ARE,SEN,6404
2047015,18,191,1378,2004,5508.0,0.0,1.350911,1.408209,BEL,SEN,6404
2047016,22,191,1378,2004,11333.0,0.0,-1.150444,-0.885333,BGD,SEN,6404
2047017,43,191,1378,2004,247776.0,0.0,0.581548,2.8689880000000003,CHN,SEN,6404
2047018,51,191,1378,2004,0.0,3636.0,-0.160185,-0.729291,CPV,SEN,6404
2047019,66,191,1378,2004,1277.0,0.0,-0.725066,-1.163606,DZA,SEN,6404
2047020,68,191,1378,2004,1353.0,0.0,-0.300563,0.41834899999999997,EGY,SEN,6404
2047021,71,191,1378,2004,2376.0,0.0,0.9784649999999999,2.051216,ESP,SEN,6404
2047022,77,191,1378,2004,38251.0,11830.0,1.6003530000000001,0.643945,FRA,SEN,6404
2047023,88,191,1378,2004,0.0,22115.0,-1.423263,-0.9892280000000001,GNB,SEN,6404
2047024,97,191,1378,2004,18134.0,0.0,0.604825,2.098745,HKG,SEN,6404
2047025,104,191,1378,2004,5825.0,0.0,0.233348,2.790987,IND,SEN,6404
2047026,111,191,1378,2004,5285.0,0.0,1.358057,1.11533,ITA,SEN,6404
2047027,134,191,1378,2004,4308.0,0.0,-0.681556,-0.152372,MAR,SEN,6404
2047028,185,191,1378,2004,4669.0,0.0,0.37241599999999997,1.015865,ROU,SEN,6404
2047029,215,191,1378,2004,0.0,1489.0,-0.6788270000000001,-0.482984,TGO,SEN,6404
2047030,224,191,1378,2004,4632.0,0.0,0.141454,1.9463599999999999,TUR,SEN,6404
2047031,231,191,1378,2004,88008.0,1177.0,1.7598630000000002,0.066704,USA,SEN,6404
2047032,246,191,1378,2004,1402.0,0.0,0.460279,1.9736220000000002,ZAF,SEN,6404
2047033,43,203,1378,2004,14067.0,0.0,0.581548,2.8689880000000003,CHN,STP,6404
2047034,61,203,1378,2004,1988.0,0.0,2.266076,-2.011139,DEU,STP,6404
2047035,80,203,1378,2004,4353.0,0.0,-0.700329,-1.137018,GAB,STP,6404
2047036,179,203,1378,2004,34740.0,0.0,0.524524,1.901139,PRT,STP,6404
2047037,231,203,1378,2004,49930.0,0.0,1.7598630000000002,0.066704,USA,STP,6404
2047038,9,212,1378,2004,0.0,2083.0,0.661799,-0.140004,ARM,SYR,6404
2047039,14,212,1378,2004,0.0,2102.0,0.196641,0.8139460000000001,AUS,SYR,6404
2047040,15,212,1378,2004,0.0,834.0,1.825391,0.40553,AUT,SYR,6404
2047041,23,212,1378,2004,0.0,337327.0,0.35536,1.499182,BGR,SYR,6404
2047042,24,212,1378,2004,0.0,2246.0,0.045344999999999996,-1.001059,BHR,SYR,6404
2047043,43,212,1378,2004,6875.0,0.0,0.581548,2.8689880000000003,CHN,SYR,6404
2047044,58,212,1378,2004,0.0,21176.0,0.533521,0.615939,CYP,SYR,6404
2047045,59,212,1378,2004,0.0,1099.0,1.562625,0.865244,CZE,SYR,6404
2047046,61,212,1378,2004,2525.0,1748.0,2.266076,-2.011139,DEU,SYR,6404
2047047,66,212,1378,2004,0.0,24598.0,-0.725066,-1.163606,DZA,SYR,6404
2047048,68,212,1378,2004,0.0,552062.0,-0.300563,0.41834899999999997,EGY,SYR,6404
2047049,77,212,1378,2004,0.0,136214.0,1.6003530000000001,0.643945,FRA,SYR,6404
2047050,82,212,1378,2004,0.0,6904.0,0.381348,-0.44259,GEO,SYR,6404
2047051,97,212,1378,2004,30910.0,0.0,0.604825,2.098745,HKG,SYR,6404
2047052,102,212,1378,2004,0.0,750.0,1.207082,1.019714,HUN,SYR,6404
2047053,103,212,1378,2004,5741.0,0.0,-0.223644,1.719065,IDN,SYR,6404
2047054,108,212,1378,2004,0.0,460669.0,-0.8852559999999999,-0.907136,IRQ,SYR,6404
2047055,111,212,1378,2004,80277.0,262362.0,1.358057,1.11533,ITA,SYR,6404
2047056,113,212,1378,2004,0.0,2463.0,0.152989,0.385845,JOR,SYR,6404
2047057,124,212,1378,2004,59904.0,122227.0,0.32409899999999997,1.037024,LBN,SYR,6404
2047058,126,212,1378,2004,0.0,918487.0,-0.42119700000000004,-1.179463,LBY,SYR,6404
2047059,148,212,1378,2004,0.0,262390.0,-1.6173959999999998,-1.2925719999999998,MRT,SYR,6404
2047060,162,212,1378,2004,0.0,1857.0,1.251808,1.586526,NLD,SYR,6404
2047061,183,212,1378,2004,0.0,35616.0,0.21713400000000002,-1.031806,QAT,SYR,6404
2047062,185,212,1378,2004,0.0,106769.0,0.37241599999999997,1.015865,ROU,SYR,6404
2047063,190,212,1378,2004,0.0,1584161.0,-1.5346309999999999,-1.2599559999999999,SDN,SYR,6404
2047064,243,212,1378,2004,0.0,21996.0,-1.15115,-1.207897,YEM,SYR,6404
2047065,7,226,1378,2004,20067.0,0.0,0.1799,-0.34541900000000003,ARE,TZA,6404
2047066,14,226,1378,2004,37393.0,0.0,0.196641,0.8139460000000001,AUS,TZA,6404
2047067,41,226,1378,2004,3412.0,0.0,2.151471,0.7196279999999999,CHE,TZA,6404
2047068,43,226,1378,2004,1468922.0,0.0,0.581548,2.8689880000000003,CHN,TZA,6404
2047069,46,226,1378,2004,0.0,2624.0,-1.405291,-1.108962,COD,TZA,6404
2047070,64,226,1378,2004,2707.0,0.0,1.328968,1.262743,DNK,TZA,6404
2047071,77,226,1378,2004,20178.0,0.0,1.6003530000000001,0.643945,FRA,TZA,6404
2047072,81,226,1378,2004,6641.0,0.0,1.843506,0.684779,GBR,TZA,6404
2047073,97,226,1378,2004,17551.0,0.0,0.604825,2.098745,HKG,TZA,6404
2047074,103,226,1378,2004,75410.0,0.0,-0.223644,1.719065,IDN,TZA,6404
2047075,104,226,1378,2004,4152.0,0.0,0.233348,2.790987,IND,TZA,6404
2047076,111,226,1378,2004,4656.0,0.0,1.358057,1.11533,ITA,TZA,6404
2047077,116,226,1378,2004,105220.0,0.0,-0.503694,0.410495,KEN,TZA,6404
2047078,147,226,1378,2004,0.0,6347.0,-1.1010790000000001,-1.0942,MOZ,TZA,6404
2047079,152,226,1378,2004,0.0,3217.0,-1.592983,-1.252423,MWI,TZA,6404
2047080,187,226,1378,2004,0.0,4953.0,-1.3952870000000002,-0.950857,RWA,TZA,6404
2047081,216,226,1378,2004,4316.0,0.0,0.5150359999999999,1.583019,THA,TZA,6404
2047082,224,226,1378,2004,2405.0,0.0,0.141454,1.9463599999999999,TUR,TZA,6404
2047083,246,226,1378,2004,50602.0,0.0,0.460279,1.9736220000000002,ZAF,TZA,6404
2047084,247,226,1378,2004,0.0,1658.0,-0.9972190000000001,-0.853986,ZMB,TZA,6404
2047085,7,227,1378,2004,10971.0,0.0,0.1799,-0.34541900000000003,ARE,UGA,6404
2047086,17,227,1378,2004,0.0,1686.0,-0.939393,-0.919969,BDI,UGA,6404
2047087,41,227,1378,2004,2727.0,0.0,2.151471,0.7196279999999999,CHE,UGA,6404
2047088,43,227,1378,2004,132539.0,0.0,0.581548,2.8689880000000003,CHN,UGA,6404
2047089,46,227,1378,2004,0.0,124959.0,-1.405291,-1.108962,COD,UGA,6404
2047090,68,227,1378,2004,2351.0,0.0,-0.300563,0.41834899999999997,EGY,UGA,6404
2047091,77,227,1378,2004,3939.0,0.0,1.6003530000000001,0.643945,FRA,UGA,6404
2047092,81,227,1378,2004,5768.0,0.0,1.843506,0.684779,GBR,UGA,6404
2047093,97,227,1378,2004,13351.0,0.0,0.604825,2.098745,HKG,UGA,6404
2047094,104,227,1378,2004,35584.0,0.0,0.233348,2.790987,IND,UGA,6404
2047095,111,227,1378,2004,5685.0,0.0,1.358057,1.11533,ITA,UGA,6404
2047096,116,227,1378,2004,134126.0,2742.0,-0.503694,0.410495,KEN,UGA,6404
2047097,168,227,1378,2004,46393.0,0.0,-0.754143,0.25995100000000004,PAK,UGA,6404
2047098,187,227,1378,2004,880.0,0.0,-1.3952870000000002,-0.950857,RWA,UGA,6404
2047099,192,227,1378,2004,16929.0,0.0,1.6409779999999998,0.634947,SGP,UGA,6404
2047100,216,227,1378,2004,1508.0,0.0,0.5150359999999999,1.583019,THA,UGA,6404
2047101,231,227,1378,2004,3573.0,0.0,1.7598630000000002,0.066704,USA,UGA,6404
2047102,239,227,1378,2004,373.0,0.0,-0.5270560000000001,0.8910389999999999,VNM,UGA,6404
2047103,246,227,1378,2004,37067.0,0.0,0.460279,1.9736220000000002,ZAF,UGA,6404
2047104,5,239,1378,2004,0.0,174247.0,1.268618,0.835359,AND,VNM,6404
2047105,7,239,1378,2004,0.0,3073849.0,0.1799,-0.34541900000000003,ARE,VNM,6404
2047106,8,239,1378,2004,0.0,1009276.0,0.28128600000000004,0.64115,ARG,VNM,6404
2047107,9,239,1378,2004,0.0,13706.0,0.661799,-0.140004,ARM,VNM,6404
2047108,14,239,1378,2004,3203.0,8239035.0,0.196641,0.8139460000000001,AUS,VNM,6404
2047109,15,239,1378,2004,0.0,4780118.0,1.825391,0.40553,AUT,VNM,6404
2047110,18,239,1378,2004,0.0,76598420.0,1.350911,1.408209,BEL,VNM,6404
2047111,23,239,1378,2004,0.0,221348.0,0.35536,1.499182,BGR,VNM,6404
2047112,24,239,1378,2004,0.0,33326.0,0.045344999999999996,-1.001059,BHR,VNM,6404
2047113,26,239,1378,2004,0.0,38461.0,0.385952,0.571774,BIH,VNM,6404
2047114,28,239,1378,2004,0.0,7714.0,0.8553139999999999,0.703926,BLR,VNM,6404
2047115,29,239,1378,2004,0.0,932506.0,-0.355391,-0.662783,BLZ,VNM,6404
2047116,32,239,1378,2004,0.0,2034434.0,0.540718,1.149065,BRA,VNM,6404
2047117,33,239,1378,2004,0.0,8179.0,0.8541559999999999,0.25895799999999997,BRB,VNM,6404
2047118,34,239,1378,2004,0.0,3835.0,-1.271325,-1.03277,BRN,VNM,6404
2047119,39,239,1378,2004,0.0,9237329.0,0.9392739999999999,1.19228,CAN,VNM,6404
2047120,41,239,1378,2004,194877.0,4349124.0,2.151471,0.7196279999999999,CHE,VNM,6404
2047121,42,239,1378,2004,0.0,2410537.0,-0.07869,-0.33641,CHL,VNM,6404
2047122,43,239,1378,2004,194813.0,3809364.0,0.581548,2.8689880000000003,CHN,VNM,6404
2047123,44,239,1378,2004,0.0,23643.0,-0.8490979999999999,-0.754732,CIV,VNM,6404
2047124,45,239,1378,2004,0.0,6056.0,-1.604916,-1.217399,CMR,VNM,6404
2047125,49,239,1378,2004,0.0,193277.0,0.033128,0.47524799999999995,COL,VNM,6404
2047126,52,239,1378,2004,0.0,92369.0,-0.043266000000000006,-0.376239,CRI,VNM,6404
2047127,54,239,1378,2004,0.0,201657.0,-0.040541,-0.634675,CUB,VNM,6404
2047128,58,239,1378,2004,0.0,261877.0,0.533521,0.615939,CYP,VNM,6404
2047129,59,239,1378,2004,1683.0,870003.0,1.562625,0.865244,CZE,VNM,6404
2047130,61,239,1378,2004,4295.0,81245266.0,2.266076,-2.011139,DEU,VNM,6404
2047131,63,239,1378,2004,0.0,7865.0,0.322803,-0.000479,DMA,VNM,6404
2047132,64,239,1378,2004,0.0,4142397.0,1.328968,1.262743,DNK,VNM,6404
2047133,65,239,1378,2004,0.0,11957.0,-0.510025,-0.328257,DOM,VNM,6404
2047134,66,239,1378,2004,0.0,9875.0,-0.725066,-1.163606,DZA,VNM,6404
2047135,67,239,1378,2004,0.0,720274.0,-1.149101,-1.013619,ECU,VNM,6404
2047136,68,239,1378,2004,0.0,400252.0,-0.300563,0.41834899999999997,EGY,VNM,6404
2047137,71,239,1378,2004,38080.0,34683527.0,0.9784649999999999,2.051216,ESP,VNM,6404
2047138,72,239,1378,2004,0.0,66136.0,0.6101840000000001,0.9520370000000001,EST,VNM,6404
2047139,74,239,1378,2004,0.0,1984599.0,2.000218,0.9867309999999999,FIN,VNM,6404
2047140,75,239,1378,2004,0.0,17407.0,-0.8870969999999999,-0.287427,FJI,VNM,6404
2047141,77,239,1378,2004,1601.0,77538607.0,1.6003530000000001,0.643945,FRA,VNM,6404
2047142,81,239,1378,2004,0.0,80197868.0,1.843506,0.684779,GBR,VNM,6404
2047143,82,239,1378,2004,0.0,518371.0,0.381348,-0.44259,GEO,VNM,6404
2047144,85,239,1378,2004,0.0,34130.0,-1.314543,-1.155153,GIN,VNM,6404
2047145,88,239,1378,2004,0.0,34527.0,-1.423263,-0.9892280000000001,GNB,VNM,6404
2047146,90,239,1378,2004,0.0,5126016.0,0.348853,1.661656,GRC,VNM,6404
2047147,97,239,1378,2004,41318.0,4605319.0,0.604825,2.098745,HKG,VNM,6404
2047148,100,239,1378,2004,0.0,224636.0,0.6669970000000001,1.088043,HRV,VNM,6404
2047149,101,239,1378,2004,0.0,12302.0,-1.348507,-0.979369,HTI,VNM,6404
2047150,102,239,1378,2004,0.0,500075.0,1.207082,1.019714,HUN,VNM,6404
2047151,103,239,1378,2004,32418.0,198977.0,-0.223644,1.719065,IDN,VNM,6404
2047152,104,239,1378,2004,0.0,749084.0,0.233348,2.790987,IND,VNM,6404
2047153,106,239,1378,2004,0.0,3125776.0,1.501859,0.14456,IRL,VNM,6404
2047154,107,239,1378,2004,0.0,25071.0,-0.38210700000000003,-0.8408620000000001,IRN,VNM,6404
2047155,109,239,1378,2004,0.0,39148.0,0.298844,-0.36366,ISL,VNM,6404
2047156,110,239,1378,2004,0.0,1229177.0,1.250393,0.8003979999999999,ISR,VNM,6404
2047157,111,239,1378,2004,17393.0,40010132.0,1.358057,1.11533,ITA,VNM,6404
2047158,112,239,1378,2004,0.0,55095.0,-0.64957,-0.944183,JAM,VNM,6404
2047159,113,239,1378,2004,0.0,61635.0,0.152989,0.385845,JOR,VNM,6404
2047160,114,239,1378,2004,62137.0,24075782.0,2.526624,0.452054,JPN,VNM,6404
2047161,115,239,1378,2004,0.0,10406.0,-0.09288300000000001,-0.537664,KAZ,VNM,6404
2047162,116,239,1378,2004,0.0,39470.0,-0.503694,0.410495,KEN,VNM,6404
2047163,118,239,1378,2004,0.0,2432.0,-1.4676209999999998,-1.1972639999999999,KHM,VNM,6404
2047164,121,239,1378,2004,16686.0,7265086.0,1.3624690000000002,0.928342,KOR,VNM,6404
2047165,122,239,1378,2004,0.0,91645.0,-0.481908,-1.172081,KWT,VNM,6404
2047166,123,239,1378,2004,0.0,105060.0,-1.274622,-1.082807,LAO,VNM,6404
2047167,124,239,1378,2004,0.0,339700.0,0.32409899999999997,1.037024,LBN,VNM,6404
2047168,128,239,1378,2004,0.0,19522.0,-0.658668,0.21912600000000002,LKA,VNM,6404
2047169,130,239,1378,2004,0.0,219230.0,0.403568,0.632707,LTU,VNM,6404
2047170,132,239,1378,2004,0.0,94384.0,0.413821,0.627853,LVA,VNM,6404
2047171,133,239,1378,2004,0.0,29462.0,-0.351045,-0.487521,MAC,VNM,6404
2047172,134,239,1378,2004,0.0,165515.0,-0.681556,-0.152372,MAR,VNM,6404
2047173,135,239,1378,2004,0.0,2742.0,-0.155523,-0.355142,MDA,VNM,6404
2047174,138,239,1378,2004,0.0,27559517.0,0.868684,0.85506,MEX,VNM,6404
2047175,140,239,1378,2004,0.0,83031.0,-0.091013,0.190649,MKD,VNM,6404
2047176,141,239,1378,2004,0.0,10016.0,-0.6905100000000001,-0.9162459999999999,MLI,VNM,6404
2047177,142,239,1378,2004,0.0,31818.0,1.251894,0.063827,MLT,VNM,6404
2047178,148,239,1378,2004,0.0,5495.0,-1.6173959999999998,-1.2925719999999998,MRT,VNM,6404
2047179,151,239,1378,2004,0.0,91566.0,-0.374754,-0.288504,MUS,VNM,6404
2047180,153,239,1378,2004,5627.0,2085163.0,0.6710050000000001,0.17807,MYS,VNM,6404
2047181,154,239,1378,2004,0.0,18480.0,1.179671,0.016149,MYT,VNM,6404
2047182,156,239,1378,2004,0.0,15084.0,-0.49824700000000005,-0.8284239999999999,NCL,VNM,6404
2047183,157,239,1378,2004,0.0,101533.0,-0.8203799999999999,-0.7488,NER,VNM,6404
2047184,159,239,1378,2004,0.0,26237.0,-2.413432,-1.3033190000000001,NGA,VNM,6404
2047185,160,239,1378,2004,0.0,2572.0,-0.9789479999999999,-0.8374219999999999,NIC,VNM,6404
2047186,162,239,1378,2004,0.0,47838458.0,1.251808,1.586526,NLD,VNM,6404
2047187,163,239,1378,2004,0.0,2288098.0,1.10162,0.118709,NOR,VNM,6404
2047188,164,239,1378,2004,0.0,9563.0,-0.323954,0.5528,NPL,VNM,6404
2047189,166,239,1378,2004,0.0,783455.0,0.567392,0.965781,NZL,VNM,6404
2047190,168,239,1378,2004,0.0,115428.0,-0.754143,0.25995100000000004,PAK,VNM,6404
2047191,169,239,1378,2004,0.0,7737414.0,-0.011979,0.261315,PAN,VNM,6404
2047192,173,239,1378,2004,0.0,617853.0,-0.564244,0.131232,PER,VNM,6404
2047193,174,239,1378,2004,0.0,1433008.0,-0.076709,-0.149006,PHL,VNM,6404
2047194,176,239,1378,2004,0.0,39401.0,-1.7599200000000002,-1.219971,PNG,VNM,6404
2047195,177,239,1378,2004,0.0,2056479.0,1.019341,1.519452,POL,VNM,6404
2047196,179,239,1378,2004,0.0,630298.0,0.524524,1.901139,PRT,VNM,6404
2047197,180,239,1378,2004,0.0,117184.0,-0.64574,-0.978875,PRY,VNM,6404
2047198,182,239,1378,2004,0.0,102779.0,-0.414954,-0.773736,PYF,VNM,6404
2047199,183,239,1378,2004,0.0,42901.0,0.21713400000000002,-1.031806,QAT,VNM,6404
2047200,185,239,1378,2004,0.0,465133.0,0.37241599999999997,1.015865,ROU,VNM,6404
2047201,186,239,1378,2004,0.0,2478994.0,0.8952399999999999,0.172896,RUS,VNM,6404
2047202,188,239,1378,2004,0.0,559253.0,0.546196,-0.7014729999999999,SAU,VNM,6404
2047203,189,239,1378,2004,0.0,40481.0,0.628071,2.210424,SCG,VNM,6404
2047204,192,239,1378,2004,127064.0,6474275.0,1.6409779999999998,0.634947,SGP,VNM,6404
2047205,196,239,1378,2004,0.0,10974.0,0.48757399999999995,-0.0064659999999999995,SLE,VNM,6404
2047206,197,239,1378,2004,0.0,176051.0,-0.20529499999999998,0.1116,SLV,VNM,6404
2047207,205,239,1378,2004,0.0,15745.0,-0.991433,-0.926657,SUR,VNM,6404
2047208,206,239,1378,2004,0.0,399606.0,1.2375120000000002,0.8777889999999999,SVK,VNM,6404
2047209,207,239,1378,2004,0.0,578628.0,1.628643,1.02381,SVN,VNM,6404
2047210,208,239,1378,2004,0.0,5762950.0,2.0522080000000003,0.8326969999999999,SWE,VNM,6404
2047211,209,239,1378,2004,0.0,75551.0,0.397488,-0.264855,SWZ,VNM,6404
2047212,216,239,1378,2004,57673.0,359749.0,0.5150359999999999,1.583019,THA,VNM,6404
2047213,220,239,1378,2004,0.0,10497.0,0.935424,-0.080261,TLS,VNM,6404
2047214,222,239,1378,2004,0.0,362283.0,0.00677,-0.965385,TTO,VNM,6404
2047215,223,239,1378,2004,0.0,75449.0,-0.195751,0.335147,TUN,VNM,6404
2047216,224,239,1378,2004,0.0,3761419.0,0.141454,1.9463599999999999,TUR,VNM,6404
2047217,227,239,1378,2004,0.0,373.0,-0.914733,-0.554346,UGA,VNM,6404
2047218,228,239,1378,2004,19702.0,346392.0,0.8758040000000001,0.8195879999999999,UKR,VNM,6404
2047219,230,239,1378,2004,0.0,173912.0,0.151633,0.121776,URY,VNM,6404
2047220,231,239,1378,2004,52321.0,33177867.0,1.7598630000000002,0.066704,USA,VNM,6404
2047221,236,239,1378,2004,0.0,360409.0,0.048698000000000005,-0.899776,VEN,VNM,6404
2047222,246,239,1378,2004,0.0,8101640.0,0.460279,1.9736220000000002,ZAF,VNM,6404
2047223,249,239,1378,2004,619111.0,18130495.0,1.626307,1.358315,TWN,VNM,6404
2047224,250,239,1378,2004,0.0,4667445.0,0.509382,-0.30904299999999996,ANS,VNM,6404
2047225,7,247,1378,2004,15936.0,0.0,0.1799,-0.34541900000000003,ARE,ZMB,6404
2047226,37,247,1378,2004,1519.0,0.0,-0.8574229999999999,-1.191754,BWA,ZMB,6404
2047227,43,247,1378,2004,137905.0,0.0,0.581548,2.8689880000000003,CHN,ZMB,6404
2047228,46,247,1378,2004,0.0,9631.0,-1.405291,-1.108962,COD,ZMB,6404
2047229,58,247,1378,2004,1039.0,0.0,0.533521,0.615939,CYP,ZMB,6404
2047230,61,247,1378,2004,613.0,0.0,2.266076,-2.011139,DEU,ZMB,6404
2047231,81,247,1378,2004,5646.0,0.0,1.843506,0.684779,GBR,ZMB,6404
2047232,97,247,1378,2004,34984.0,0.0,0.604825,2.098745,HKG,ZMB,6404
2047233,104,247,1378,2004,43393.0,0.0,0.233348,2.790987,IND,ZMB,6404
2047234,152,247,1378,2004,0.0,13443.0,-1.592983,-1.252423,MWI,ZMB,6404
2047235,155,247,1378,2004,0.0,671.0,-0.40995299999999996,-0.550272,NAM,ZMB,6404
2047236,216,247,1378,2004,2954.0,0.0,0.5150359999999999,1.583019,THA,ZMB,6404
2047237,226,247,1378,2004,1658.0,0.0,-1.022658,-0.007045999999999999,TZA,ZMB,6404
2047238,231,247,1378,2004,24800.0,0.0,1.7598630000000002,0.066704,USA,ZMB,6404
2047239,246,247,1378,2004,190695.0,0.0,0.460279,1.9736220000000002,ZAF,ZMB,6404
2047240,248,247,1378,2004,50670.0,8950.0,-0.560593,-0.091112,ZWE,ZMB,6404
2047241,7,248,1378,2004,2090.0,0.0,0.1799,-0.34541900000000003,ARE,ZWE,6404
2047242,18,248,1378,2004,1760.0,0.0,1.350911,1.408209,BEL,ZWE,6404
2047243,37,248,1378,2004,9299.0,157729.0,-0.8574229999999999,-1.191754,BWA,ZWE,6404
2047244,43,248,1378,2004,252235.0,0.0,0.581548,2.8689880000000003,CHN,ZWE,6404
2047245,64,248,1378,2004,0.0,3627.0,1.328968,1.262743,DNK,ZWE,6404
2047246,97,248,1378,2004,4303.0,0.0,0.604825,2.098745,HKG,ZWE,6404
2047247,103,248,1378,2004,14533.0,0.0,-0.223644,1.719065,IDN,ZWE,6404
2047248,152,248,1378,2004,972.0,15944.0,-1.592983,-1.252423,MWI,ZWE,6404
2047249,155,248,1378,2004,0.0,17427.0,-0.40995299999999996,-0.550272,NAM,ZWE,6404
2047250,246,248,1378,2004,150179.0,236178.0,0.460279,1.9736220000000002,ZAF,ZWE,6404
2047251,247,248,1378,2004,8950.0,50670.0,-0.9972190000000001,-0.853986,ZMB,ZWE,6404
2047252,249,248,1378,2004,1312.0,0.0,1.626307,1.358315,TWN,ZWE,6404
2047253,250,248,1378,2004,9429.0,0.0,0.509382,-0.30904299999999996,ANS,ZWE,6404
2047254,7,73,1378,2004,4953.0,0.0,0.1799,-0.34541900000000003,ARE,ETH,6404
2047255,41,73,1378,2004,1563.0,0.0,2.151471,0.7196279999999999,CHE,ETH,6404
2047256,43,73,1378,2004,1853499.0,0.0,0.581548,2.8689880000000003,CHN,ETH,6404
2047257,61,73,1378,2004,18864.0,0.0,2.266076,-2.011139,DEU,ETH,6404
2047258,71,73,1378,2004,3241.0,0.0,0.9784649999999999,2.051216,ESP,ETH,6404
2047259,81,73,1378,2004,146601.0,0.0,1.843506,0.684779,GBR,ETH,6404
2047260,111,73,1378,2004,5816.0,0.0,1.358057,1.11533,ITA,ETH,6404
2047261,162,73,1378,2004,1826.0,0.0,1.251808,1.586526,NLD,ETH,6404
2047262,185,73,1378,2004,470.0,0.0,0.37241599999999997,1.015865,ROU,ETH,6404
2047263,188,73,1378,2004,28995.0,0.0,0.546196,-0.7014729999999999,SAU,ETH,6404
2047264,190,73,1378,2004,0.0,5345.0,-1.5346309999999999,-1.2599559999999999,SDN,ETH,6404
2047265,216,73,1378,2004,1423.0,0.0,0.5150359999999999,1.583019,THA,ETH,6404
2047266,224,73,1378,2004,2107.0,0.0,0.141454,1.9463599999999999,TUR,ETH,6404
2047267,246,73,1378,2004,1631.0,0.0,0.460279,1.9736220000000002,ZAF,ETH,6404
2047268,6,120,1378,2004,4604.0,0.0,0.726256,-0.48520699999999994,ANT,KNA,6404
2047269,43,120,1378,2004,269.0,0.0,0.581548,2.8689880000000003,CHN,KNA,6404
2047270,61,120,1378,2004,3257.0,6663.0,2.266076,-2.011139,DEU,KNA,6404
2047271,71,120,1378,2004,0.0,101364.0,0.9784649999999999,2.051216,ESP,KNA,6404
2047272,112,120,1378,2004,780.0,0.0,-0.64957,-0.944183,JAM,KNA,6404
2047273,169,120,1378,2004,1243.0,0.0,-0.011979,0.261315,PAN,KNA,6404
2047274,231,120,1378,2004,16015.0,2480.0,1.7598630000000002,0.066704,USA,KNA,6404
2047275,41,127,1378,2004,4930.0,0.0,2.151471,0.7196279999999999,CHE,LCA,6404
2047276,43,127,1378,2004,121179.0,0.0,0.581548,2.8689880000000003,CHN,LCA,6404
2047277,49,127,1378,2004,5087.0,0.0,0.033128,0.47524799999999995,COL,LCA,6404
2047278,77,127,1378,2004,11954.0,0.0,1.6003530000000001,0.643945,FRA,LCA,6404
2047279,81,127,1378,2004,7873.0,0.0,1.843506,0.684779,GBR,LCA,6404
2047280,111,127,1378,2004,784.0,0.0,1.358057,1.11533,ITA,LCA,6404
2047281,121,127,1378,2004,1017.0,0.0,1.3624690000000002,0.928342,KOR,LCA,6404
2047282,169,127,1378,2004,90706.0,0.0,-0.011979,0.261315,PAN,LCA,6404
2047283,216,127,1378,2004,7631.0,0.0,0.5150359999999999,1.583019,THA,LCA,6404
2047284,231,127,1378,2004,257947.0,0.0,1.7598630000000002,0.066704,USA,LCA,6404
2047285,103,149,1378,2004,3545.0,0.0,-0.223644,1.719065,IDN,MSR,6404
2047286,231,149,1378,2004,3743.0,0.0,1.7598630000000002,0.066704,USA,MSR,6404
2047287,32,234,1378,2004,668.0,0.0,0.540718,1.149065,BRA,VCT,6404
2047288,49,234,1378,2004,2031.0,0.0,0.033128,0.47524799999999995,COL,VCT,6404
2047289,81,234,1378,2004,1098.0,0.0,1.843506,0.684779,GBR,VCT,6404
2047290,231,234,1378,2004,3756.0,0.0,1.7598630000000002,0.066704,USA,VCT,6404
2047291,14,237,1378,2004,0.0,4113.0,0.196641,0.8139460000000001,AUS,VGB,6404
2047292,26,237,1378,2004,0.0,2968.0,0.385952,0.571774,BIH,VGB,6404
2047293,32,237,1378,2004,0.0,142280.0,0.540718,1.149065,BRA,VGB,6404
2047294,43,237,1378,2004,7652.0,0.0,0.581548,2.8689880000000003,CHN,VGB,6404
2047295,49,237,1378,2004,7715.0,0.0,0.033128,0.47524799999999995,COL,VGB,6404
2047296,61,237,1378,2004,0.0,163328.0,2.266076,-2.011139,DEU,VGB,6404
2047297,231,237,1378,2004,4608.0,325914.0,1.7598630000000002,0.066704,USA,VGB,6404
2047298,18,5,1378,2004,50441.0,0.0,1.350911,1.408209,BEL,AND,6404
2047299,43,5,1378,2004,56739.0,0.0,0.581548,2.8689880000000003,CHN,AND,6404
2047300,59,5,1378,2004,2255.0,0.0,1.562625,0.865244,CZE,AND,6404
2047301,61,5,1378,2004,81045.0,0.0,2.266076,-2.011139,DEU,AND,6404
2047302,71,5,1378,2004,3494609.0,46687.0,0.9784649999999999,2.051216,ESP,AND,6404
2047303,77,5,1378,2004,713977.0,19619.0,1.6003530000000001,0.643945,FRA,AND,6404
2047304,81,5,1378,2004,1642.0,0.0,1.843506,0.684779,GBR,AND,6404
2047305,103,5,1378,2004,41350.0,0.0,-0.223644,1.719065,IDN,AND,6404
2047306,104,5,1378,2004,133.0,0.0,0.233348,2.790987,IND,AND,6404
2047307,111,5,1378,2004,408183.0,1767.0,1.358057,1.11533,ITA,AND,6404
2047308,128,5,1378,2004,7696.0,0.0,-0.658668,0.21912600000000002,LKA,AND,6404
2047309,133,5,1378,2004,19380.0,0.0,-0.351045,-0.487521,MAC,AND,6404
2047310,134,5,1378,2004,3682.0,0.0,-0.681556,-0.152372,MAR,AND,6404
2047311,162,5,1378,2004,10701.0,0.0,1.251808,1.586526,NLD,AND,6404
2047312,174,5,1378,2004,737.0,0.0,-0.076709,-0.149006,PHL,AND,6404
2047313,179,5,1378,2004,1908.0,0.0,0.524524,1.901139,PRT,AND,6404
2047314,185,5,1378,2004,2650.0,0.0,0.37241599999999997,1.015865,ROU,AND,6404
2047315,216,5,1378,2004,1962.0,0.0,0.5150359999999999,1.583019,THA,AND,6404
2047316,223,5,1378,2004,338.0,0.0,-0.195751,0.335147,TUN,AND,6404
2047317,231,5,1378,2004,1073.0,0.0,1.7598630000000002,0.066704,USA,AND,6404
2047318,239,5,1378,2004,174247.0,0.0,-0.5270560000000001,0.8910389999999999,VNM,AND,6404
2047319,249,5,1378,2004,4831.0,0.0,1.626307,1.358315,TWN,AND,6404
2047320,7,26,1378,2004,3707.0,0.0,0.1799,-0.34541900000000003,ARE,BIH,6404
2047321,15,26,1378,2004,38836.0,1036394.0,1.825391,0.40553,AUT,BIH,6404
2047322,23,26,1378,2004,41090.0,0.0,0.35536,1.499182,BGR,BIH,6404
2047323,32,26,1378,2004,6137.0,0.0,0.540718,1.149065,BRA,BIH,6404
2047324,39,26,1378,2004,1115.0,0.0,0.9392739999999999,1.19228,CAN,BIH,6404
2047325,41,26,1378,2004,5876.0,885.0,2.151471,0.7196279999999999,CHE,BIH,6404
2047326,43,26,1378,2004,701062.0,0.0,0.581548,2.8689880000000003,CHN,BIH,6404
2047327,58,26,1378,2004,67910.0,0.0,0.533521,0.615939,CYP,BIH,6404
2047328,59,26,1378,2004,0.0,2230.0,1.562625,0.865244,CZE,BIH,6404
2047329,61,26,1378,2004,4843.0,45767.0,2.266076,-2.011139,DEU,BIH,6404
2047330,64,26,1378,2004,2814.0,3325.0,1.328968,1.262743,DNK,BIH,6404
2047331,71,26,1378,2004,12147.0,0.0,0.9784649999999999,2.051216,ESP,BIH,6404
2047332,77,26,1378,2004,48214.0,82968.0,1.6003530000000001,0.643945,FRA,BIH,6404
2047333,90,26,1378,2004,2188.0,0.0,0.348853,1.661656,GRC,BIH,6404
2047334,97,26,1378,2004,2949.0,0.0,0.604825,2.098745,HKG,BIH,6404
2047335,100,26,1378,2004,241221.0,68517.0,0.6669970000000001,1.088043,HRV,BIH,6404
2047336,102,26,1378,2004,17708.0,49339.0,1.207082,1.019714,HUN,BIH,6404
2047337,103,26,1378,2004,13481.0,0.0,-0.223644,1.719065,IDN,BIH,6404
2047338,104,26,1378,2004,2871.0,0.0,0.233348,2.790987,IND,BIH,6404
2047339,111,26,1378,2004,142191.0,436133.0,1.358057,1.11533,ITA,BIH,6404
2047340,122,26,1378,2004,0.0,4771.0,-0.481908,-1.172081,KWT,BIH,6404
2047341,140,26,1378,2004,0.0,25242.0,-0.091013,0.190649,MKD,BIH,6404
2047342,153,26,1378,2004,2250.0,0.0,0.6710050000000001,0.17807,MYS,BIH,6404
2047343,162,26,1378,2004,87824.0,0.0,1.251808,1.586526,NLD,BIH,6404
2047344,163,26,1378,2004,0.0,4187.0,1.10162,0.118709,NOR,BIH,6404
2047345,179,26,1378,2004,2723.0,0.0,0.524524,1.901139,PRT,BIH,6404
2047346,185,26,1378,2004,31550.0,4797.0,0.37241599999999997,1.015865,ROU,BIH,6404
2047347,189,26,1378,2004,189930.0,31851.0,0.628071,2.210424,SCG,BIH,6404
2047348,206,26,1378,2004,4521.0,0.0,1.2375120000000002,0.8777889999999999,SVK,BIH,6404
2047349,207,26,1378,2004,348188.0,18360.0,1.628643,1.02381,SVN,BIH,6404
2047350,216,26,1378,2004,14860.0,0.0,0.5150359999999999,1.583019,THA,BIH,6404
2047351,224,26,1378,2004,178169.0,0.0,0.141454,1.9463599999999999,TUR,BIH,6404
2047352,231,26,1378,2004,6352.0,22468.0,1.7598630000000002,0.066704,USA,BIH,6404
2047353,237,26,1378,2004,2968.0,0.0,0.597043,-0.348742,VGB,BIH,6404
2047354,239,26,1378,2004,38461.0,0.0,-0.5270560000000001,0.8910389999999999,VNM,BIH,6404
2047355,249,26,1378,2004,9351.0,0.0,1.626307,1.358315,TWN,BIH,6404
2047356,250,26,1378,2004,1391.0,0.0,0.509382,-0.30904299999999996,ANS,BIH,6404
2047357,7,82,1378,2004,74762.0,0.0,0.1799,-0.34541900000000003,ARE,GEO,6404
2047358,15,82,1378,2004,15135.0,0.0,1.825391,0.40553,AUT,GEO,6404
2047359,16,82,1378,2004,59200.0,0.0,-0.393221,-0.9494440000000001,AZE,GEO,6404
2047360,39,82,1378,2004,1520.0,0.0,0.9392739999999999,1.19228,CAN,GEO,6404
2047361,43,82,1378,2004,665848.0,0.0,0.581548,2.8689880000000003,CHN,GEO,6404
2047362,61,82,1378,2004,32495.0,0.0,2.266076,-2.011139,DEU,GEO,6404
2047363,71,82,1378,2004,2334.0,0.0,0.9784649999999999,2.051216,ESP,GEO,6404
2047364,77,82,1378,2004,14992.0,0.0,1.6003530000000001,0.643945,FRA,GEO,6404
2047365,81,82,1378,2004,21382.0,0.0,1.843506,0.684779,GBR,GEO,6404
2047366,107,82,1378,2004,221030.0,0.0,-0.38210700000000003,-0.8408620000000001,IRN,GEO,6404
2047367,110,82,1378,2004,967.0,0.0,1.250393,0.8003979999999999,ISR,GEO,6404
2047368,111,82,1378,2004,71027.0,90851.0,1.358057,1.11533,ITA,GEO,6404
2047369,114,82,1378,2004,5179.0,0.0,2.526624,0.452054,JPN,GEO,6404
2047370,138,82,1378,2004,0.0,1902.0,0.868684,0.85506,MEX,GEO,6404
2047371,177,82,1378,2004,303531.0,0.0,1.019341,1.519452,POL,GEO,6404
2047372,186,82,1378,2004,9207.0,0.0,0.8952399999999999,0.172896,RUS,GEO,6404
2047373,212,82,1378,2004,6904.0,0.0,-0.568707,-0.034736,SYR,GEO,6404
2047374,216,82,1378,2004,5835.0,0.0,0.5150359999999999,1.583019,THA,GEO,6404
2047375,224,82,1378,2004,18753.0,0.0,0.141454,1.9463599999999999,TUR,GEO,6404
2047376,231,82,1378,2004,7795.0,0.0,1.7598630000000002,0.066704,USA,GEO,6404
2047377,239,82,1378,2004,518371.0,0.0,-0.5270560000000001,0.8910389999999999,VNM,GEO,6404
2047378,15,109,1378,2004,3057.0,0.0,1.825391,0.40553,AUT,ISL,6404
2047379,18,109,1378,2004,2537.0,0.0,1.350911,1.408209,BEL,ISL,6404
2047380,32,109,1378,2004,620.0,0.0,0.540718,1.149065,BRA,ISL,6404
2047381,39,109,1378,2004,2270.0,0.0,0.9392739999999999,1.19228,CAN,ISL,6404
2047382,41,109,1378,2004,12541.0,0.0,2.151471,0.7196279999999999,CHE,ISL,6404
2047383,43,109,1378,2004,38522.0,0.0,0.581548,2.8689880000000003,CHN,ISL,6404
2047384,59,109,1378,2004,1501.0,0.0,1.562625,0.865244,CZE,ISL,6404
2047385,61,109,1378,2004,50816.0,0.0,2.266076,-2.011139,DEU,ISL,6404
2047386,64,109,1378,2004,1197185.0,0.0,1.328968,1.262743,DNK,ISL,6404
2047387,71,109,1378,2004,39152.0,9009.0,0.9784649999999999,2.051216,ESP,ISL,6404
2047388,77,109,1378,2004,4211.0,15643.0,1.6003530000000001,0.643945,FRA,ISL,6404
2047389,78,109,1378,2004,0.0,1117.0,-1.026359,-0.960327,FRO,ISL,6404
2047390,81,109,1378,2004,99377.0,0.0,1.843506,0.684779,GBR,ISL,6404
2047391,97,109,1378,2004,50579.0,0.0,0.604825,2.098745,HKG,ISL,6404
2047392,103,109,1378,2004,68044.0,0.0,-0.223644,1.719065,IDN,ISL,6404
2047393,104,109,1378,2004,6675.0,0.0,0.233348,2.790987,IND,ISL,6404
2047394,106,109,1378,2004,7079.0,0.0,1.501859,0.14456,IRL,ISL,6404
2047395,111,109,1378,2004,109825.0,0.0,1.358057,1.11533,ITA,ISL,6404
2047396,118,109,1378,2004,1020.0,0.0,-1.4676209999999998,-1.1972639999999999,KHM,ISL,6404
2047397,121,109,1378,2004,19845.0,0.0,1.3624690000000002,0.928342,KOR,ISL,6404
2047398,130,109,1378,2004,2573.0,0.0,0.403568,0.632707,LTU,ISL,6404
2047399,133,109,1378,2004,22815.0,0.0,-0.351045,-0.487521,MAC,ISL,6404
2047400,134,109,1378,2004,9051.0,0.0,-0.681556,-0.152372,MAR,ISL,6404
2047401,162,109,1378,2004,56555.0,0.0,1.251808,1.586526,NLD,ISL,6404
2047402,163,109,1378,2004,44176.0,0.0,1.10162,0.118709,NOR,ISL,6404
2047403,174,109,1378,2004,4242.0,0.0,-0.076709,-0.149006,PHL,ISL,6404
2047404,179,109,1378,2004,38527.0,0.0,0.524524,1.901139,PRT,ISL,6404
2047405,185,109,1378,2004,8279.0,0.0,0.37241599999999997,1.015865,ROU,ISL,6404
2047406,192,109,1378,2004,1349.0,0.0,1.6409779999999998,0.634947,SGP,ISL,6404
2047407,208,109,1378,2004,66002.0,9600.0,2.0522080000000003,0.8326969999999999,SWE,ISL,6404
2047408,216,109,1378,2004,113361.0,0.0,0.5150359999999999,1.583019,THA,ISL,6404
2047409,224,109,1378,2004,983.0,0.0,0.141454,1.9463599999999999,TUR,ISL,6404
2047410,231,109,1378,2004,6159.0,0.0,1.7598630000000002,0.066704,USA,ISL,6404
2047411,239,109,1378,2004,39148.0,0.0,-0.5270560000000001,0.8910389999999999,VNM,ISL,6404
2047412,249,109,1378,2004,17037.0,0.0,1.626307,1.358315,TWN,ISL,6404
2047413,15,135,1378,2004,5150.0,0.0,1.825391,0.40553,AUT,MDA,6404
2047414,23,135,1378,2004,2792.0,0.0,0.35536,1.499182,BGR,MDA,6404
2047415,39,135,1378,2004,0.0,33158.0,0.9392739999999999,1.19228,CAN,MDA,6404
2047416,41,135,1378,2004,4723.0,0.0,2.151471,0.7196279999999999,CHE,MDA,6404
2047417,43,135,1378,2004,81495.0,0.0,0.581548,2.8689880000000003,CHN,MDA,6404
2047418,49,135,1378,2004,0.0,6315.0,0.033128,0.47524799999999995,COL,MDA,6404
2047419,59,135,1378,2004,0.0,721.0,1.562625,0.865244,CZE,MDA,6404
2047420,61,135,1378,2004,10827.0,433461.0,2.266076,-2.011139,DEU,MDA,6404
2047421,71,135,1378,2004,2703.0,0.0,0.9784649999999999,2.051216,ESP,MDA,6404
2047422,77,135,1378,2004,0.0,3296.0,1.6003530000000001,0.643945,FRA,MDA,6404
2047423,81,135,1378,2004,760.0,0.0,1.843506,0.684779,GBR,MDA,6404
2047424,103,135,1378,2004,1096.0,0.0,-0.223644,1.719065,IDN,MDA,6404
2047425,104,135,1378,2004,2620.0,0.0,0.233348,2.790987,IND,MDA,6404
2047426,111,135,1378,2004,258806.0,0.0,1.358057,1.11533,ITA,MDA,6404
2047427,177,135,1378,2004,51580.0,0.0,1.019341,1.519452,POL,MDA,6404
2047428,185,135,1378,2004,115817.0,45705.0,0.37241599999999997,1.015865,ROU,MDA,6404
2047429,186,135,1378,2004,0.0,666925.0,0.8952399999999999,0.172896,RUS,MDA,6404
2047430,224,135,1378,2004,6399.0,0.0,0.141454,1.9463599999999999,TUR,MDA,6404
2047431,228,135,1378,2004,7671.0,0.0,0.8758040000000001,0.8195879999999999,UKR,MDA,6404
2047432,231,135,1378,2004,49388.0,296870.0,1.7598630000000002,0.066704,USA,MDA,6404
2047433,232,135,1378,2004,0.0,14439.0,-0.50605,-0.824691,UZB,MDA,6404
2047434,239,135,1378,2004,2742.0,0.0,-0.5270560000000001,0.8910389999999999,VNM,MDA,6404
2047435,4,140,1378,2004,0.0,30492.0,-0.131892,0.14985199999999999,ALB,MKD,6404
2047436,7,140,1378,2004,32124.0,0.0,0.1799,-0.34541900000000003,ARE,MKD,6404
2047437,15,140,1378,2004,36537.0,0.0,1.825391,0.40553,AUT,MKD,6404
2047438,23,140,1378,2004,33501.0,0.0,0.35536,1.499182,BGR,MKD,6404
2047439,26,140,1378,2004,25242.0,0.0,0.385952,0.571774,BIH,MKD,6404
2047440,33,140,1378,2004,0.0,2903.0,0.8541559999999999,0.25895799999999997,BRB,MKD,6404
2047441,43,140,1378,2004,525469.0,0.0,0.581548,2.8689880000000003,CHN,MKD,6404
2047442,61,140,1378,2004,959.0,0.0,2.266076,-2.011139,DEU,MKD,6404
2047443,71,140,1378,2004,14033.0,0.0,0.9784649999999999,2.051216,ESP,MKD,6404
2047444,77,140,1378,2004,37215.0,0.0,1.6003530000000001,0.643945,FRA,MKD,6404
2047445,90,140,1378,2004,20050.0,22466.0,0.348853,1.661656,GRC,MKD,6404
2047446,97,140,1378,2004,4169.0,0.0,0.604825,2.098745,HKG,MKD,6404
2047447,100,140,1378,2004,37452.0,8050.0,0.6669970000000001,1.088043,HRV,MKD,6404
2047448,102,140,1378,2004,5918.0,0.0,1.207082,1.019714,HUN,MKD,6404
2047449,103,140,1378,2004,1269.0,0.0,-0.223644,1.719065,IDN,MKD,6404
2047450,111,140,1378,2004,35881.0,14099.0,1.358057,1.11533,ITA,MKD,6404
2047451,121,140,1378,2004,956.0,0.0,1.3624690000000002,0.928342,KOR,MKD,6404
2047452,162,140,1378,2004,3779.0,0.0,1.251808,1.586526,NLD,MKD,6404
2047453,163,140,1378,2004,0.0,57521.0,1.10162,0.118709,NOR,MKD,6404
2047454,185,140,1378,2004,36248.0,0.0,0.37241599999999997,1.015865,ROU,MKD,6404
2047455,186,140,1378,2004,322.0,0.0,0.8952399999999999,0.172896,RUS,MKD,6404
2047456,189,140,1378,2004,131271.0,48010.0,0.628071,2.210424,SCG,MKD,6404
2047457,206,140,1378,2004,6110.0,0.0,1.2375120000000002,0.8777889999999999,SVK,MKD,6404
2047458,207,140,1378,2004,68232.0,8886.0,1.628643,1.02381,SVN,MKD,6404
2047459,224,140,1378,2004,138243.0,0.0,0.141454,1.9463599999999999,TUR,MKD,6404
2047460,231,140,1378,2004,11763.0,0.0,1.7598630000000002,0.066704,USA,MKD,6404
2047461,239,140,1378,2004,83031.0,0.0,-0.5270560000000001,0.8910389999999999,VNM,MKD,6404
2047462,43,157,1378,2004,8131.0,0.0,0.581548,2.8689880000000003,CHN,NER,6404
2047463,159,157,1378,2004,4416.0,4393.0,-2.413432,-1.3033190000000001,NGA,NER,6404
2047464,231,157,1378,2004,1235.0,0.0,1.7598630000000002,0.066704,USA,NER,6404
2047465,239,157,1378,2004,101533.0,0.0,-0.5270560000000001,0.8910389999999999,VNM,NER,6404
2047466,250,157,1378,2004,0.0,4391.0,0.509382,-0.30904299999999996,ANS,NER,6404
2047467,32,178,1378,2004,0.0,931591.0,0.540718,1.149065,BRA,PRK,6404
2047468,43,178,1378,2004,1165350.0,0.0,0.581548,2.8689880000000003,CHN,PRK,6404
2047469,49,178,1378,2004,0.0,17162.0,0.033128,0.47524799999999995,COL,PRK,6404
2047470,61,178,1378,2004,9426.0,59393.0,2.266076,-2.011139,DEU,PRK,6404
2047471,71,178,1378,2004,0.0,4187.0,0.9784649999999999,2.051216,ESP,PRK,6404
2047472,97,178,1378,2004,16731.0,0.0,0.604825,2.098745,HKG,PRK,6404
2047473,111,178,1378,2004,4177.0,0.0,1.358057,1.11533,ITA,PRK,6404
2047474,138,178,1378,2004,0.0,2647.0,0.868684,0.85506,MEX,PRK,6404
2047475,162,178,1378,2004,0.0,6110.0,1.251808,1.586526,NLD,PRK,6404
2047476,189,178,1378,2004,0.0,6854.0,0.628071,2.210424,SCG,PRK,6404
2047477,216,178,1378,2004,122454.0,27992.0,0.5150359999999999,1.583019,THA,PRK,6404
2047478,246,178,1378,2004,0.0,16407.0,0.460279,1.9736220000000002,ZAF,PRK,6404
2047479,43,195,1378,2004,2067.0,0.0,0.581548,2.8689880000000003,CHN,SLB,6404
2047480,75,195,1378,2004,1347.0,0.0,-0.8870969999999999,-0.287427,FJI,SLB,6404
2047481,97,195,1378,2004,4345.0,0.0,0.604825,2.098745,HKG,SLB,6404
2047482,162,195,1378,2004,16173.0,0.0,1.251808,1.586526,NLD,SLB,6404
2047483,61,219,1378,2004,1008.0,0.0,2.266076,-2.011139,DEU,TKM,6404
2047484,107,219,1378,2004,458192.0,0.0,-0.38210700000000003,-0.8408620000000001,IRN,TKM,6404
2047485,115,219,1378,2004,7188.0,0.0,-0.09288300000000001,-0.537664,KAZ,TKM,6404
2047486,186,219,1378,2004,9715.0,0.0,0.8952399999999999,0.172896,RUS,TKM,6404
2047487,216,219,1378,2004,3768.0,0.0,0.5150359999999999,1.583019,THA,TKM,6404
2047488,224,219,1378,2004,379945.0,0.0,0.141454,1.9463599999999999,TUR,TKM,6404
2047489,7,4,1378,2004,12554.0,0.0,0.1799,-0.34541900000000003,ARE,ALB,6404
2047490,23,4,1378,2004,79672.0,0.0,0.35536,1.499182,BGR,ALB,6404
2047491,39,4,1378,2004,0.0,7014.0,0.9392739999999999,1.19228,CAN,ALB,6404
2047492,43,4,1378,2004,406057.0,0.0,0.581548,2.8689880000000003,CHN,ALB,6404
2047493,61,4,1378,2004,6537.0,0.0,2.266076,-2.011139,DEU,ALB,6404
2047494,77,4,1378,2004,0.0,63324.0,1.6003530000000001,0.643945,FRA,ALB,6404
2047495,81,4,1378,2004,28092.0,0.0,1.843506,0.684779,GBR,ALB,6404
2047496,90,4,1378,2004,7067.0,8279.0,0.348853,1.661656,GRC,ALB,6404
2047497,100,4,1378,2004,0.0,1775.0,0.6669970000000001,1.088043,HRV,ALB,6404
2047498,103,4,1378,2004,470.0,0.0,-0.223644,1.719065,IDN,ALB,6404
2047499,111,4,1378,2004,42148.0,247073.0,1.358057,1.11533,ITA,ALB,6404
2047500,140,4,1378,2004,30492.0,0.0,-0.091013,0.190649,MKD,ALB,6404
2047501,224,4,1378,2004,316766.0,0.0,0.141454,1.9463599999999999,TUR,ALB,6404
2047502,8,31,1378,2004,134889.0,0.0,0.28128600000000004,0.64115,ARG,BOL,6404
2047503,32,31,1378,2004,821295.0,0.0,0.540718,1.149065,BRA,BOL,6404
2047504,42,31,1378,2004,13643985.0,0.0,-0.07869,-0.33641,CHL,BOL,6404
2047505,43,31,1378,2004,69431.0,0.0,0.581548,2.8689880000000003,CHN,BOL,6404
2047506,49,31,1378,2004,1400.0,0.0,0.033128,0.47524799999999995,COL,BOL,6404
2047507,97,31,1378,2004,1750.0,0.0,0.604825,2.098745,HKG,BOL,6404
2047508,103,31,1378,2004,40252.0,0.0,-0.223644,1.719065,IDN,BOL,6404
2047509,121,31,1378,2004,1090.0,0.0,1.3624690000000002,0.928342,KOR,BOL,6404
2047510,169,31,1378,2004,31756.0,0.0,-0.011979,0.261315,PAN,BOL,6404
2047511,173,31,1378,2004,1734.0,0.0,-0.564244,0.131232,PER,BOL,6404
2047512,179,31,1378,2004,0.0,1700.0,0.524524,1.901139,PRT,BOL,6404
2047513,180,31,1378,2004,10794.0,0.0,-0.64574,-0.978875,PRY,BOL,6404
2047514,231,31,1378,2004,10704.0,0.0,1.7598630000000002,0.066704,USA,BOL,6404
2047515,250,31,1378,2004,31190.0,15471.0,0.509382,-0.30904299999999996,ANS,BOL,6404
2047516,7,66,1378,2004,27755.0,0.0,0.1799,-0.34541900000000003,ARE,DZA,6404
2047517,43,66,1378,2004,5388816.0,0.0,0.581548,2.8689880000000003,CHN,DZA,6404
2047518,61,66,1378,2004,83783.0,0.0,2.266076,-2.011139,DEU,DZA,6404
2047519,71,66,1378,2004,361640.0,1032.0,0.9784649999999999,2.051216,ESP,DZA,6404
2047520,77,66,1378,2004,254429.0,0.0,1.6003530000000001,0.643945,FRA,DZA,6404
2047521,81,66,1378,2004,3338.0,0.0,1.843506,0.684779,GBR,DZA,6404
2047522,97,66,1378,2004,227638.0,0.0,0.604825,2.098745,HKG,DZA,6404
2047523,103,66,1378,2004,1598.0,0.0,-0.223644,1.719065,IDN,DZA,6404
2047524,104,66,1378,2004,115168.0,0.0,0.233348,2.790987,IND,DZA,6404
2047525,111,66,1378,2004,191945.0,0.0,1.358057,1.11533,ITA,DZA,6404
2047526,134,66,1378,2004,20181.0,0.0,-0.681556,-0.152372,MAR,DZA,6404
2047527,191,66,1378,2004,0.0,1277.0,-0.527127,-0.368631,SEN,DZA,6404
2047528,212,66,1378,2004,24598.0,0.0,-0.568707,-0.034736,SYR,DZA,6404
2047529,216,66,1378,2004,95570.0,0.0,0.5150359999999999,1.583019,THA,DZA,6404
2047530,224,66,1378,2004,596917.0,0.0,0.141454,1.9463599999999999,TUR,DZA,6404
2047531,231,66,1378,2004,43491.0,0.0,1.7598630000000002,0.066704,USA,DZA,6404
2047532,239,66,1378,2004,9875.0,0.0,-0.5270560000000001,0.8910389999999999,VNM,DZA,6404
2047533,249,66,1378,2004,1518.0,0.0,1.626307,1.358315,TWN,DZA,6404
2047534,43,159,1378,2004,2690492.0,0.0,0.581548,2.8689880000000003,CHN,NGA,6404
2047535,44,159,1378,2004,0.0,20803.0,-0.8490979999999999,-0.754732,CIV,NGA,6404
2047536,61,159,1378,2004,22280.0,0.0,2.266076,-2.011139,DEU,NGA,6404
2047537,71,159,1378,2004,67306.0,0.0,0.9784649999999999,2.051216,ESP,NGA,6404
2047538,81,159,1378,2004,155473.0,0.0,1.843506,0.684779,GBR,NGA,6404
2047539,97,159,1378,2004,37487.0,0.0,0.604825,2.098745,HKG,NGA,6404
2047540,103,159,1378,2004,75694.0,0.0,-0.223644,1.719065,IDN,NGA,6404
2047541,106,159,1378,2004,17407.0,0.0,1.501859,0.14456,IRL,NGA,6404
2047542,110,159,1378,2004,0.0,7065.0,1.250393,0.8003979999999999,ISR,NGA,6404
2047543,111,159,1378,2004,389723.0,0.0,1.358057,1.11533,ITA,NGA,6404
2047544,121,159,1378,2004,6050.0,0.0,1.3624690000000002,0.928342,KOR,NGA,6404
2047545,153,159,1378,2004,31588.0,0.0,0.6710050000000001,0.17807,MYS,NGA,6404
2047546,157,159,1378,2004,4393.0,4416.0,-0.8203799999999999,-0.7488,NER,NGA,6404
2047547,162,159,1378,2004,3758.0,0.0,1.251808,1.586526,NLD,NGA,6404
2047548,192,159,1378,2004,1563.0,0.0,1.6409779999999998,0.634947,SGP,NGA,6404
2047549,216,159,1378,2004,19046.0,0.0,0.5150359999999999,1.583019,THA,NGA,6404
2047550,231,159,1378,2004,174630.0,0.0,1.7598630000000002,0.066704,USA,NGA,6404
2047551,239,159,1378,2004,26237.0,0.0,-0.5270560000000001,0.8910389999999999,VNM,NGA,6404
2047552,246,159,1378,2004,3011.0,0.0,0.460279,1.9736220000000002,ZAF,NGA,6404
2047553,32,0,1378,2004,1844.0,0.0,0.540718,1.149065,BRA,ABW,6404
2047554,49,0,1378,2004,11319.0,0.0,0.033128,0.47524799999999995,COL,ABW,6404
2047555,71,0,1378,2004,6463.0,0.0,0.9784649999999999,2.051216,ESP,ABW,6404
2047556,77,0,1378,2004,1242.0,0.0,1.6003530000000001,0.643945,FRA,ABW,6404
2047557,103,0,1378,2004,2646.0,0.0,-0.223644,1.719065,IDN,ABW,6404
2047558,111,0,1378,2004,11761.0,0.0,1.358057,1.11533,ITA,ABW,6404
2047559,162,0,1378,2004,13685.0,0.0,1.251808,1.586526,NLD,ABW,6404
2047560,205,0,1378,2004,0.0,5804.0,-0.991433,-0.926657,SUR,ABW,6404
2047561,231,0,1378,2004,173721.0,0.0,1.7598630000000002,0.066704,USA,ABW,6404
2047562,236,0,1378,2004,13250.0,7129.0,0.048698000000000005,-0.899776,VEN,ABW,6404
2047563,81,3,1378,2004,945.0,0.0,1.843506,0.684779,GBR,AIA,6404
2047564,231,3,1378,2004,13691.0,0.0,1.7598630000000002,0.066704,USA,AIA,6404
2047565,6,29,1378,2004,3632.0,0.0,0.726256,-0.48520699999999994,ANT,BLZ,6404
2047566,41,29,1378,2004,1186.0,0.0,2.151471,0.7196279999999999,CHE,BLZ,6404
2047567,43,29,1378,2004,157478.0,0.0,0.581548,2.8689880000000003,CHN,BLZ,6404
2047568,93,29,1378,2004,4161.0,0.0,-0.46136000000000005,0.148122,GTM,BLZ,6404
2047569,97,29,1378,2004,13639.0,0.0,0.604825,2.098745,HKG,BLZ,6404
2047570,102,29,1378,2004,0.0,45341.0,1.207082,1.019714,HUN,BLZ,6404
2047571,169,29,1378,2004,7626.0,0.0,-0.011979,0.261315,PAN,BLZ,6404
2047572,231,29,1378,2004,67401.0,0.0,1.7598630000000002,0.066704,USA,BLZ,6404
2047573,239,29,1378,2004,932506.0,0.0,-0.5270560000000001,0.8910389999999999,VNM,BLZ,6404
2047574,249,29,1378,2004,4954.0,0.0,1.626307,1.358315,TWN,BLZ,6404
2047575,32,160,1378,2004,16330.0,0.0,0.540718,1.149065,BRA,NIC,6404
2047576,39,160,1378,2004,0.0,9655.0,0.9392739999999999,1.19228,CAN,NIC,6404
2047577,43,160,1378,2004,282194.0,0.0,0.581548,2.8689880000000003,CHN,NIC,6404
2047578,49,160,1378,2004,5402.0,0.0,0.033128,0.47524799999999995,COL,NIC,6404
2047579,52,160,1378,2004,8493.0,1510.0,-0.043266000000000006,-0.376239,CRI,NIC,6404
2047580,71,160,1378,2004,3872.0,0.0,0.9784649999999999,2.051216,ESP,NIC,6404
2047581,93,160,1378,2004,149927.0,0.0,-0.46136000000000005,0.148122,GTM,NIC,6404
2047582,99,160,1378,2004,1401.0,0.0,-0.75975,-0.548407,HND,NIC,6404
2047583,101,160,1378,2004,13071.0,0.0,-1.348507,-0.979369,HTI,NIC,6404
2047584,103,160,1378,2004,1992.0,0.0,-0.223644,1.719065,IDN,NIC,6404
2047585,111,160,1378,2004,1421.0,0.0,1.358057,1.11533,ITA,NIC,6404
2047586,138,160,1378,2004,1886.0,0.0,0.868684,0.85506,MEX,NIC,6404
2047587,168,160,1378,2004,5719.0,0.0,-0.754143,0.25995100000000004,PAK,NIC,6404
2047588,169,160,1378,2004,4553.0,0.0,-0.011979,0.261315,PAN,NIC,6404
2047589,197,160,1378,2004,56741.0,2204.0,-0.20529499999999998,0.1116,SLV,NIC,6404
2047590,216,160,1378,2004,2570.0,0.0,0.5150359999999999,1.583019,THA,NIC,6404
2047591,231,160,1378,2004,70394.0,0.0,1.7598630000000002,0.066704,USA,NIC,6404
2047592,239,160,1378,2004,2572.0,0.0,-0.5270560000000001,0.8910389999999999,VNM,NIC,6404
2047593,249,160,1378,2004,1645.0,0.0,1.626307,1.358315,TWN,NIC,6404
2047594,14,176,1378,2004,148893.0,0.0,0.196641,0.8139460000000001,AUS,PNG,6404
2047595,41,176,1378,2004,2458.0,0.0,2.151471,0.7196279999999999,CHE,PNG,6404
2047596,43,176,1378,2004,99231.0,0.0,0.581548,2.8689880000000003,CHN,PNG,6404
2047597,75,176,1378,2004,3739.0,0.0,-0.8870969999999999,-0.287427,FJI,PNG,6404
2047598,97,176,1378,2004,12253.0,0.0,0.604825,2.098745,HKG,PNG,6404
2047599,103,176,1378,2004,9020.0,0.0,-0.223644,1.719065,IDN,PNG,6404
2047600,121,176,1378,2004,2659.0,0.0,1.3624690000000002,0.928342,KOR,PNG,6404
2047601,128,176,1378,2004,2006.0,0.0,-0.658668,0.21912600000000002,LKA,PNG,6404
2047602,153,176,1378,2004,5888.0,0.0,0.6710050000000001,0.17807,MYS,PNG,6404
2047603,174,176,1378,2004,1279.0,0.0,-0.076709,-0.149006,PHL,PNG,6404
2047604,192,176,1378,2004,110853.0,0.0,1.6409779999999998,0.634947,SGP,PNG,6404
2047605,216,176,1378,2004,7450.0,0.0,0.5150359999999999,1.583019,THA,PNG,6404
2047606,231,176,1378,2004,677.0,0.0,1.7598630000000002,0.066704,USA,PNG,6404
2047607,239,176,1378,2004,39401.0,0.0,-0.5270560000000001,0.8910389999999999,VNM,PNG,6404
2047608,7,187,1378,2004,1913.0,0.0,0.1799,-0.34541900000000003,ARE,RWA,6404
2047609,43,187,1378,2004,8883.0,0.0,0.581548,2.8689880000000003,CHN,RWA,6404
2047610,61,187,1378,2004,1171.0,0.0,2.266076,-2.011139,DEU,RWA,6404
2047611,77,187,1378,2004,1027.0,934.0,1.6003530000000001,0.643945,FRA,RWA,6404
2047612,111,187,1378,2004,1059.0,0.0,1.358057,1.11533,ITA,RWA,6404
2047613,116,187,1378,2004,70873.0,0.0,-0.503694,0.410495,KEN,RWA,6404
2047614,226,187,1378,2004,4953.0,0.0,-1.022658,-0.007045999999999999,TZA,RWA,6404
2047615,227,187,1378,2004,0.0,880.0,-0.914733,-0.554346,UGA,RWA,6404
2047616,39,1,1378,2004,0.0,5600.0,0.9392739999999999,1.19228,CAN,AFG,6404
2047617,93,1,1378,2004,0.0,32224.0,-0.46136000000000005,0.148122,GTM,AFG,6404
2047618,107,1,1378,2004,38339.0,0.0,-0.38210700000000003,-0.8408620000000001,IRN,AFG,6404
2047619,168,1,1378,2004,7153.0,0.0,-0.754143,0.25995100000000004,PAK,AFG,6404
2047620,216,1,1378,2004,59526.0,0.0,0.5150359999999999,1.583019,THA,AFG,6404
2047621,223,1,1378,2004,155672.0,0.0,-0.195751,0.335147,TUN,AFG,6404
2047622,7,9,1378,2004,58549.0,0.0,0.1799,-0.34541900000000003,ARE,ARM,6404
2047623,14,9,1378,2004,0.0,16555.0,0.196641,0.8139460000000001,AUS,ARM,6404
2047624,15,9,1378,2004,14578.0,0.0,1.825391,0.40553,AUT,ARM,6404
2047625,43,9,1378,2004,41113.0,0.0,0.581548,2.8689880000000003,CHN,ARM,6404
2047626,58,9,1378,2004,483.0,0.0,0.533521,0.615939,CYP,ARM,6404
2047627,61,9,1378,2004,11930.0,0.0,2.266076,-2.011139,DEU,ARM,6404
2047628,81,9,1378,2004,776.0,0.0,1.843506,0.684779,GBR,ARM,6404
2047629,103,9,1378,2004,2567.0,0.0,-0.223644,1.719065,IDN,ARM,6404
2047630,107,9,1378,2004,42100.0,0.0,-0.38210700000000003,-0.8408620000000001,IRN,ARM,6404
2047631,111,9,1378,2004,30920.0,0.0,1.358057,1.11533,ITA,ARM,6404
2047632,115,9,1378,2004,8345.0,0.0,-0.09288300000000001,-0.537664,KAZ,ARM,6404
2047633,177,9,1378,2004,5937.0,0.0,1.019341,1.519452,POL,ARM,6404
2047634,186,9,1378,2004,21503.0,0.0,0.8952399999999999,0.172896,RUS,ARM,6404
2047635,212,9,1378,2004,2083.0,0.0,-0.568707,-0.034736,SYR,ARM,6404
2047636,231,9,1378,2004,10520.0,0.0,1.7598630000000002,0.066704,USA,ARM,6404
2047637,239,9,1378,2004,13706.0,0.0,-0.5270560000000001,0.8910389999999999,VNM,ARM,6404
2047638,250,9,1378,2004,17757.0,0.0,0.509382,-0.30904299999999996,ANS,ARM,6404
2047639,43,17,1378,2004,1721.0,0.0,0.581548,2.8689880000000003,CHN,BDI,6404
2047640,68,17,1378,2004,3477.0,0.0,-0.300563,0.41834899999999997,EGY,BDI,6404
2047641,77,17,1378,2004,2675.0,0.0,1.6003530000000001,0.643945,FRA,BDI,6404
2047642,111,17,1378,2004,3382.0,0.0,1.358057,1.11533,ITA,BDI,6404
2047643,116,17,1378,2004,17689.0,0.0,-0.503694,0.410495,KEN,BDI,6404
2047644,227,17,1378,2004,1686.0,0.0,-0.914733,-0.554346,UGA,BDI,6404
2047645,231,17,1378,2004,3136.0,0.0,1.7598630000000002,0.066704,USA,BDI,6404
2047646,250,17,1378,2004,2892.0,0.0,0.509382,-0.30904299999999996,ANS,BDI,6404
2047647,43,21,1378,2004,118283.0,0.0,0.581548,2.8689880000000003,CHN,BFA,6404
2047648,44,21,1378,2004,3728.0,0.0,-0.8490979999999999,-0.754732,CIV,BFA,6404
2047649,61,21,1378,2004,844.0,0.0,2.266076,-2.011139,DEU,BFA,6404
2047650,77,21,1378,2004,15383.0,0.0,1.6003530000000001,0.643945,FRA,BFA,6404
2047651,83,21,1378,2004,7494.0,0.0,-1.2972540000000001,-0.9967219999999999,GHA,BFA,6404
2047652,97,21,1378,2004,843.0,0.0,0.604825,2.098745,HKG,BFA,6404
2047653,103,21,1378,2004,4257.0,0.0,-0.223644,1.719065,IDN,BFA,6404
2047654,124,21,1378,2004,64062.0,0.0,0.32409899999999997,1.037024,LBN,BFA,6404
2047655,141,21,1378,2004,1242.0,14163.0,-0.6905100000000001,-0.9162459999999999,MLI,BFA,6404
2047656,32,34,1378,2004,1916.0,0.0,0.540718,1.149065,BRA,BRN,6404
2047657,41,34,1378,2004,3124.0,0.0,2.151471,0.7196279999999999,CHE,BRN,6404
2047658,43,34,1378,2004,266805.0,0.0,0.581548,2.8689880000000003,CHN,BRN,6404
2047659,81,34,1378,2004,10782.0,0.0,1.843506,0.684779,GBR,BRN,6404
2047660,97,34,1378,2004,65572.0,0.0,0.604825,2.098745,HKG,BRN,6404
2047661,103,34,1378,2004,4485.0,0.0,-0.223644,1.719065,IDN,BRN,6404
2047662,153,34,1378,2004,52442.0,1890.0,0.6710050000000001,0.17807,MYS,BRN,6404
2047663,174,34,1378,2004,8900.0,0.0,-0.076709,-0.149006,PHL,BRN,6404
2047664,192,34,1378,2004,1898323.0,11791.0,1.6409779999999998,0.634947,SGP,BRN,6404
2047665,216,34,1378,2004,7989.0,0.0,0.5150359999999999,1.583019,THA,BRN,6404
2047666,231,34,1378,2004,468.0,0.0,1.7598630000000002,0.066704,USA,BRN,6404
2047667,239,34,1378,2004,3835.0,0.0,-0.5270560000000001,0.8910389999999999,VNM,BRN,6404
2047668,249,34,1378,2004,5087.0,0.0,1.626307,1.358315,TWN,BRN,6404
2047669,8,47,1378,2004,2462.0,0.0,0.28128600000000004,0.64115,ARG,COG,6404
2047670,43,47,1378,2004,69968.0,0.0,0.581548,2.8689880000000003,CHN,COG,6404
2047671,44,47,1378,2004,11634.0,0.0,-0.8490979999999999,-0.754732,CIV,COG,6404
2047672,77,47,1378,2004,43528.0,0.0,1.6003530000000001,0.643945,FRA,COG,6404
2047673,111,47,1378,2004,1797.0,0.0,1.358057,1.11533,ITA,COG,6404
2047674,116,47,1378,2004,3801.0,0.0,-0.503694,0.410495,KEN,COG,6404
2047675,121,47,1378,2004,5976.0,0.0,1.3624690000000002,0.928342,KOR,COG,6404
2047676,124,47,1378,2004,3000.0,0.0,0.32409899999999997,1.037024,LBN,COG,6404
2047677,216,47,1378,2004,3534.0,0.0,0.5150359999999999,1.583019,THA,COG,6404
2047678,224,47,1378,2004,3044.0,0.0,0.141454,1.9463599999999999,TUR,COG,6404
2047679,246,47,1378,2004,6251.0,0.0,0.460279,1.9736220000000002,ZAF,COG,6404
2047680,7,50,1378,2004,7171.0,0.0,0.1799,-0.34541900000000003,ARE,COM,6404
2047681,18,50,1378,2004,9425.0,0.0,1.350911,1.408209,BEL,COM,6404
2047682,116,50,1378,2004,46546.0,0.0,-0.503694,0.410495,KEN,COM,6404
2047683,151,50,1378,2004,1380.0,0.0,-0.374754,-0.288504,MUS,COM,6404
2047684,154,50,1378,2004,672.0,0.0,1.179671,0.016149,MYT,COM,6404
2047685,216,50,1378,2004,1583.0,0.0,0.5150359999999999,1.583019,THA,COM,6404
2047686,43,62,1378,2004,1929465.0,0.0,0.581548,2.8689880000000003,CHN,DJI,6404
2047687,77,62,1378,2004,11193.0,0.0,1.6003530000000001,0.643945,FRA,DJI,6404
2047688,104,62,1378,2004,6786.0,0.0,0.233348,2.790987,IND,DJI,6404
2047689,14,75,1378,2004,123805.0,3458.0,0.196641,0.8139460000000001,AUS,FJI,6404
2047690,43,75,1378,2004,133138.0,0.0,0.581548,2.8689880000000003,CHN,FJI,6404
2047691,61,75,1378,2004,656.0,0.0,2.266076,-2.011139,DEU,FJI,6404
2047692,81,75,1378,2004,2591.0,0.0,1.843506,0.684779,GBR,FJI,6404
2047693,97,75,1378,2004,36754.0,0.0,0.604825,2.098745,HKG,FJI,6404
2047694,103,75,1378,2004,15699.0,0.0,-0.223644,1.719065,IDN,FJI,6404
2047695,104,75,1378,2004,9886.0,0.0,0.233348,2.790987,IND,FJI,6404
2047696,119,75,1378,2004,0.0,4583.0,-0.552158,-0.831923,KIR,FJI,6404
2047697,155,75,1378,2004,13291.0,0.0,-0.40995299999999996,-0.550272,NAM,FJI,6404
2047698,166,75,1378,2004,55158.0,137477.0,0.567392,0.965781,NZL,FJI,6404
2047699,176,75,1378,2004,0.0,3739.0,-1.7599200000000002,-1.219971,PNG,FJI,6404
2047700,195,75,1378,2004,0.0,1347.0,-1.4911,-0.999592,SLB,FJI,6404
2047701,216,75,1378,2004,81738.0,0.0,0.5150359999999999,1.583019,THA,FJI,6404
2047702,221,75,1378,2004,0.0,977.0,-0.639641,-0.798275,TON,FJI,6404
2047703,225,75,1378,2004,0.0,1052.0,1.4753180000000001,-0.446762,TUV,FJI,6404
2047704,231,75,1378,2004,8094.0,0.0,1.7598630000000002,0.066704,USA,FJI,6404
2047705,239,75,1378,2004,17407.0,0.0,-0.5270560000000001,0.8910389999999999,VNM,FJI,6404
2047706,242,75,1378,2004,0.0,13555.0,-0.129153,-0.6165510000000001,WSM,FJI,6404
2047707,249,75,1378,2004,3036.0,0.0,1.626307,1.358315,TWN,FJI,6404
2047708,250,75,1378,2004,1139.0,0.0,0.509382,-0.30904299999999996,ANS,FJI,6404
2047709,43,85,1378,2004,300089.0,0.0,0.581548,2.8689880000000003,CHN,GIN,6404
2047710,44,85,1378,2004,86719.0,0.0,-0.8490979999999999,-0.754732,CIV,GIN,6404
2047711,59,85,1378,2004,1882.0,0.0,1.562625,0.865244,CZE,GIN,6404
2047712,77,85,1378,2004,10949.0,10936.0,1.6003530000000001,0.643945,FRA,GIN,6404
2047713,88,85,1378,2004,0.0,3915.0,-1.423263,-0.9892280000000001,GNB,GIN,6404
2047714,97,85,1378,2004,4224.0,0.0,0.604825,2.098745,HKG,GIN,6404
2047715,103,85,1378,2004,6883.0,0.0,-0.223644,1.719065,IDN,GIN,6404
2047716,104,85,1378,2004,13403.0,0.0,0.233348,2.790987,IND,GIN,6404
2047717,231,85,1378,2004,8922.0,0.0,1.7598630000000002,0.066704,USA,GIN,6404
2047718,239,85,1378,2004,34130.0,0.0,-0.5270560000000001,0.8910389999999999,VNM,GIN,6404
2047719,7,87,1378,2004,14990.0,0.0,0.1799,-0.34541900000000003,ARE,GMB,6404
2047720,43,87,1378,2004,185557.0,0.0,0.581548,2.8689880000000003,CHN,GMB,6404
2047721,44,87,1378,2004,151417.0,0.0,-0.8490979999999999,-0.754732,CIV,GMB,6404
2047722,61,87,1378,2004,2073.0,0.0,2.266076,-2.011139,DEU,GMB,6404
2047723,81,87,1378,2004,22513.0,0.0,1.843506,0.684779,GBR,GMB,6404
2047724,97,87,1378,2004,22054.0,0.0,0.604825,2.098745,HKG,GMB,6404
2047725,104,87,1378,2004,5468.0,0.0,0.233348,2.790987,IND,GMB,6404
2047726,148,87,1378,2004,0.0,9725.0,-1.6173959999999998,-1.2925719999999998,MRT,GMB,6404
2047727,162,87,1378,2004,1031.0,0.0,1.251808,1.586526,NLD,GMB,6404
2047728,216,87,1378,2004,1338.0,0.0,0.5150359999999999,1.583019,THA,GMB,6404
2047729,231,87,1378,2004,5340.0,0.0,1.7598630000000002,0.066704,USA,GMB,6404
2047730,43,108,1378,2004,114120.0,0.0,0.581548,2.8689880000000003,CHN,IRQ,6404
2047731,64,108,1378,2004,8561.0,0.0,1.328968,1.262743,DNK,IRQ,6404
2047732,107,108,1378,2004,345187.0,0.0,-0.38210700000000003,-0.8408620000000001,IRN,IRQ,6404
2047733,110,108,1378,2004,10000.0,0.0,1.250393,0.8003979999999999,ISR,IRQ,6404
2047734,113,108,1378,2004,18993.0,0.0,0.152989,0.385845,JOR,IRQ,6404
2047735,212,108,1378,2004,460669.0,0.0,-0.568707,-0.034736,SYR,IRQ,6404
2047736,224,108,1378,2004,1081165.0,0.0,0.141454,1.9463599999999999,TUR,IRQ,6404
2047737,228,108,1378,2004,2812.0,0.0,0.8758040000000001,0.8195879999999999,UKR,IRQ,6404
2047738,15,118,1378,2004,0.0,400370.0,1.825391,0.40553,AUT,KHM,6404
2047739,18,118,1378,2004,0.0,124829.0,1.350911,1.408209,BEL,KHM,6404
2047740,39,118,1378,2004,0.0,90052.0,0.9392739999999999,1.19228,CAN,KHM,6404
2047741,41,118,1378,2004,7227.0,162939.0,2.151471,0.7196279999999999,CHE,KHM,6404
2047742,43,118,1378,2004,14321.0,0.0,0.581548,2.8689880000000003,CHN,KHM,6404
2047743,59,118,1378,2004,0.0,88785.0,1.562625,0.865244,CZE,KHM,6404
2047744,61,118,1378,2004,0.0,3859553.0,2.266076,-2.011139,DEU,KHM,6404
2047745,64,118,1378,2004,0.0,432487.0,1.328968,1.262743,DNK,KHM,6404
2047746,71,118,1378,2004,0.0,30300.0,0.9784649999999999,2.051216,ESP,KHM,6404
2047747,72,118,1378,2004,0.0,13664.0,0.6101840000000001,0.9520370000000001,EST,KHM,6404
2047748,74,118,1378,2004,0.0,222218.0,2.000218,0.9867309999999999,FIN,KHM,6404
2047749,77,118,1378,2004,0.0,242906.0,1.6003530000000001,0.643945,FRA,KHM,6404
2047750,81,118,1378,2004,0.0,381730.0,1.843506,0.684779,GBR,KHM,6404
2047751,90,118,1378,2004,0.0,3472.0,0.348853,1.661656,GRC,KHM,6404
2047752,97,118,1378,2004,0.0,22068.0,0.604825,2.098745,HKG,KHM,6404
2047753,100,118,1378,2004,0.0,4822.0,0.6669970000000001,1.088043,HRV,KHM,6404
2047754,106,118,1378,2004,0.0,26663.0,1.501859,0.14456,IRL,KHM,6404
2047755,109,118,1378,2004,0.0,1020.0,0.298844,-0.36366,ISL,KHM,6404
2047756,111,118,1378,2004,0.0,80603.0,1.358057,1.11533,ITA,KHM,6404
2047757,114,118,1378,2004,9490.0,61964.0,2.526624,0.452054,JPN,KHM,6404
2047758,122,118,1378,2004,0.0,13205.0,-0.481908,-1.172081,KWT,KHM,6404
2047759,153,118,1378,2004,11891.0,0.0,0.6710050000000001,0.17807,MYS,KHM,6404
2047760,156,118,1378,2004,0.0,765.0,-0.49824700000000005,-0.8284239999999999,NCL,KHM,6404
2047761,162,118,1378,2004,0.0,107407.0,1.251808,1.586526,NLD,KHM,6404
2047762,163,118,1378,2004,0.0,283946.0,1.10162,0.118709,NOR,KHM,6404
2047763,177,118,1378,2004,0.0,109100.0,1.019341,1.519452,POL,KHM,6404
2047764,192,118,1378,2004,0.0,11564.0,1.6409779999999998,0.634947,SGP,KHM,6404
2047765,206,118,1378,2004,0.0,9610.0,1.2375120000000002,0.8777889999999999,SVK,KHM,6404
2047766,207,118,1378,2004,0.0,31471.0,1.628643,1.02381,SVN,KHM,6404
2047767,208,118,1378,2004,0.0,148235.0,2.0522080000000003,0.8326969999999999,SWE,KHM,6404
2047768,216,118,1378,2004,838579.0,0.0,0.5150359999999999,1.583019,THA,KHM,6404
2047769,224,118,1378,2004,0.0,2399.0,0.141454,1.9463599999999999,TUR,KHM,6404
2047770,239,118,1378,2004,2432.0,0.0,-0.5270560000000001,0.8910389999999999,VNM,KHM,6404
2047771,43,125,1378,2004,23137.0,0.0,0.581548,2.8689880000000003,CHN,LBR,6404
2047772,97,125,1378,2004,10940.0,0.0,0.604825,2.098745,HKG,LBR,6404
2047773,111,125,1378,2004,12985.0,0.0,1.358057,1.11533,ITA,LBR,6404
2047774,185,125,1378,2004,3624.0,0.0,0.37241599999999997,1.015865,ROU,LBR,6404
2047775,215,125,1378,2004,9395.0,0.0,-0.6788270000000001,-0.482984,TGO,LBR,6404
2047776,216,125,1378,2004,24820.0,0.0,0.5150359999999999,1.583019,THA,LBR,6404
2047777,231,125,1378,2004,18007.0,0.0,1.7598630000000002,0.066704,USA,LBR,6404
2047778,43,126,1378,2004,1908990.0,0.0,0.581548,2.8689880000000003,CHN,LBY,6404
2047779,68,126,1378,2004,14676.0,0.0,-0.300563,0.41834899999999997,EGY,LBY,6404
2047780,103,126,1378,2004,4184.0,0.0,-0.223644,1.719065,IDN,LBY,6404
2047781,111,126,1378,2004,244668.0,0.0,1.358057,1.11533,ITA,LBY,6404
2047782,134,126,1378,2004,7574.0,0.0,-0.681556,-0.152372,MAR,LBY,6404
2047783,177,126,1378,2004,2268.0,0.0,1.019341,1.519452,POL,LBY,6404
2047784,212,126,1378,2004,918487.0,0.0,-0.568707,-0.034736,SYR,LBY,6404
2047785,216,126,1378,2004,19158.0,0.0,0.5150359999999999,1.583019,THA,LBY,6404
2047786,223,126,1378,2004,16875.0,0.0,-0.195751,0.335147,TUN,LBY,6404
2047787,224,126,1378,2004,556654.0,0.0,0.141454,1.9463599999999999,TUR,LBY,6404
2047788,32,136,1378,2004,2326.0,0.0,0.540718,1.149065,BRA,MDG,6404
2047789,43,136,1378,2004,93905.0,0.0,0.581548,2.8689880000000003,CHN,MDG,6404
2047790,77,136,1378,2004,139849.0,0.0,1.6003530000000001,0.643945,FRA,MDG,6404
2047791,97,136,1378,2004,2374.0,0.0,0.604825,2.098745,HKG,MDG,6404
2047792,103,136,1378,2004,6142.0,0.0,-0.223644,1.719065,IDN,MDG,6404
2047793,111,136,1378,2004,5783.0,0.0,1.358057,1.11533,ITA,MDG,6404
2047794,151,136,1378,2004,23467.0,4336.0,-0.374754,-0.288504,MUS,MDG,6404
2047795,154,136,1378,2004,1282.0,0.0,1.179671,0.016149,MYT,MDG,6404
2047796,216,136,1378,2004,4392.0,0.0,0.5150359999999999,1.583019,THA,MDG,6404
2047797,246,136,1378,2004,2693.0,0.0,0.460279,1.9736220000000002,ZAF,MDG,6404
2047798,7,137,1378,2004,1729.0,0.0,0.1799,-0.34541900000000003,ARE,MDV,6404
2047799,14,137,1378,2004,20810.0,0.0,0.196641,0.8139460000000001,AUS,MDV,6404
2047800,15,137,1378,2004,5788.0,0.0,1.825391,0.40553,AUT,MDV,6404
2047801,43,137,1378,2004,3378.0,0.0,0.581548,2.8689880000000003,CHN,MDV,6404
2047802,61,137,1378,2004,1656.0,0.0,2.266076,-2.011139,DEU,MDV,6404
2047803,103,137,1378,2004,69125.0,0.0,-0.223644,1.719065,IDN,MDV,6404
2047804,192,137,1378,2004,261583.0,0.0,1.6409779999999998,0.634947,SGP,MDV,6404
2047805,216,137,1378,2004,191605.0,0.0,0.5150359999999999,1.583019,THA,MDV,6404
2047806,249,137,1378,2004,11334.0,0.0,1.626307,1.358315,TWN,MDV,6404
2047807,41,143,1378,2004,0.0,9308.0,2.151471,0.7196279999999999,CHE,MMR,6404
2047808,43,143,1378,2004,3116773.0,0.0,0.581548,2.8689880000000003,CHN,MMR,6404
2047809,61,143,1378,2004,0.0,62229.0,2.266076,-2.011139,DEU,MMR,6404
2047810,77,143,1378,2004,0.0,43447.0,1.6003530000000001,0.643945,FRA,MMR,6404
2047811,90,143,1378,2004,0.0,4072.0,0.348853,1.661656,GRC,MMR,6404
2047812,97,143,1378,2004,6005.0,0.0,0.604825,2.098745,HKG,MMR,6404
2047813,100,143,1378,2004,0.0,1445.0,0.6669970000000001,1.088043,HRV,MMR,6404
2047814,111,143,1378,2004,0.0,454210.0,1.358057,1.11533,ITA,MMR,6404
2047815,114,143,1378,2004,0.0,288402.0,2.526624,0.452054,JPN,MMR,6404
2047816,121,143,1378,2004,0.0,63992.0,1.3624690000000002,0.928342,KOR,MMR,6404
2047817,192,143,1378,2004,26948.0,0.0,1.6409779999999998,0.634947,SGP,MMR,6404
2047818,216,143,1378,2004,55727.0,11807.0,0.5150359999999999,1.583019,THA,MMR,6404
2047819,39,145,1378,2004,3991.0,0.0,0.9392739999999999,1.19228,CAN,MNG,6404
2047820,43,145,1378,2004,4083.0,0.0,0.581548,2.8689880000000003,CHN,MNG,6404
2047821,61,145,1378,2004,2673.0,4674.0,2.266076,-2.011139,DEU,MNG,6404
2047822,121,145,1378,2004,13591.0,0.0,1.3624690000000002,0.928342,KOR,MNG,6404
2047823,138,145,1378,2004,0.0,26074.0,0.868684,0.85506,MEX,MNG,6404
2047824,173,145,1378,2004,0.0,27957.0,-0.564244,0.131232,PER,MNG,6404
2047825,177,145,1378,2004,39434.0,0.0,1.019341,1.519452,POL,MNG,6404
2047826,186,145,1378,2004,13000.0,0.0,0.8952399999999999,0.172896,RUS,MNG,6404
2047827,224,145,1378,2004,1387.0,0.0,0.141454,1.9463599999999999,TUR,MNG,6404
2047828,231,145,1378,2004,6392.0,0.0,1.7598630000000002,0.066704,USA,MNG,6404
2047829,249,145,1378,2004,271.0,0.0,1.626307,1.358315,TWN,MNG,6404
2047830,7,154,1378,2004,30538.0,0.0,0.1799,-0.34541900000000003,ARE,MYT,6404
2047831,43,154,1378,2004,10466.0,0.0,0.581548,2.8689880000000003,CHN,MYT,6404
2047832,50,154,1378,2004,0.0,672.0,-0.581058,-0.8678309999999999,COM,MYT,6404
2047833,77,154,1378,2004,89637.0,0.0,1.6003530000000001,0.643945,FRA,MYT,6404
2047834,103,154,1378,2004,40530.0,0.0,-0.223644,1.719065,IDN,MYT,6404
2047835,104,154,1378,2004,17773.0,0.0,0.233348,2.790987,IND,MYT,6404
2047836,111,154,1378,2004,10447.0,0.0,1.358057,1.11533,ITA,MYT,6404
2047837,136,154,1378,2004,0.0,1282.0,-1.355542,-0.634409,MDG,MYT,6404
2047838,151,154,1378,2004,2269.0,0.0,-0.374754,-0.288504,MUS,MYT,6404
2047839,188,154,1378,2004,1249.0,0.0,0.546196,-0.7014729999999999,SAU,MYT,6404
2047840,192,154,1378,2004,3518.0,0.0,1.6409779999999998,0.634947,SGP,MYT,6404
2047841,216,154,1378,2004,5448.0,0.0,0.5150359999999999,1.583019,THA,MYT,6404
2047842,231,154,1378,2004,329.0,0.0,1.7598630000000002,0.066704,USA,MYT,6404
2047843,239,154,1378,2004,18480.0,0.0,-0.5270560000000001,0.8910389999999999,VNM,MYT,6404
2047844,249,154,1378,2004,683.0,0.0,1.626307,1.358315,TWN,MYT,6404
2047845,15,164,1378,2004,0.0,4704.0,1.825391,0.40553,AUT,NPL,6404
2047846,22,164,1378,2004,1910.0,0.0,-1.150444,-0.885333,BGD,NPL,6404
2047847,43,164,1378,2004,8292941.0,0.0,0.581548,2.8689880000000003,CHN,NPL,6404
2047848,61,164,1378,2004,2017.0,29360.0,2.266076,-2.011139,DEU,NPL,6404
2047849,64,164,1378,2004,0.0,6721.0,1.328968,1.262743,DNK,NPL,6404
2047850,71,164,1378,2004,0.0,62134.0,0.9784649999999999,2.051216,ESP,NPL,6404
2047851,77,164,1378,2004,0.0,2067.0,1.6003530000000001,0.643945,FRA,NPL,6404
2047852,97,164,1378,2004,23084.0,1344.0,0.604825,2.098745,HKG,NPL,6404
2047853,104,164,1378,2004,24445.0,855058.0,0.233348,2.790987,IND,NPL,6404
2047854,111,164,1378,2004,0.0,18326.0,1.358057,1.11533,ITA,NPL,6404
2047855,114,164,1378,2004,0.0,58589.0,2.526624,0.452054,JPN,NPL,6404
2047856,121,164,1378,2004,4781.0,0.0,1.3624690000000002,0.928342,KOR,NPL,6404
2047857,163,164,1378,2004,0.0,4645.0,1.10162,0.118709,NOR,NPL,6404
2047858,192,164,1378,2004,2792.0,0.0,1.6409779999999998,0.634947,SGP,NPL,6404
2047859,208,164,1378,2004,0.0,3034.0,2.0522080000000003,0.8326969999999999,SWE,NPL,6404
2047860,216,164,1378,2004,35513.0,0.0,0.5150359999999999,1.583019,THA,NPL,6404
2047861,231,164,1378,2004,18660.0,9488.0,1.7598630000000002,0.066704,USA,NPL,6404
2047862,239,164,1378,2004,9563.0,0.0,-0.5270560000000001,0.8910389999999999,VNM,NPL,6404
2047863,14,182,1378,2004,75112.0,0.0,0.196641,0.8139460000000001,AUS,PYF,6404
2047864,18,182,1378,2004,1593.0,0.0,1.350911,1.408209,BEL,PYF,6404
2047865,32,182,1378,2004,7608.0,0.0,0.540718,1.149065,BRA,PYF,6404
2047866,43,182,1378,2004,131530.0,0.0,0.581548,2.8689880000000003,CHN,PYF,6404
2047867,61,182,1378,2004,1538.0,0.0,2.266076,-2.011139,DEU,PYF,6404
2047868,71,182,1378,2004,2337.0,0.0,0.9784649999999999,2.051216,ESP,PYF,6404
2047869,77,182,1378,2004,320573.0,0.0,1.6003530000000001,0.643945,FRA,PYF,6404
2047870,81,182,1378,2004,9258.0,0.0,1.843506,0.684779,GBR,PYF,6404
2047871,97,182,1378,2004,30007.0,0.0,0.604825,2.098745,HKG,PYF,6404
2047872,103,182,1378,2004,39884.0,0.0,-0.223644,1.719065,IDN,PYF,6404
2047873,104,182,1378,2004,5087.0,0.0,0.233348,2.790987,IND,PYF,6404
2047874,111,182,1378,2004,7691.0,0.0,1.358057,1.11533,ITA,PYF,6404
2047875,121,182,1378,2004,3789.0,0.0,1.3624690000000002,0.928342,KOR,PYF,6404
2047876,134,182,1378,2004,241.0,0.0,-0.681556,-0.152372,MAR,PYF,6404
2047877,153,182,1378,2004,1504.0,0.0,0.6710050000000001,0.17807,MYS,PYF,6404
2047878,155,182,1378,2004,0.0,2688.0,-0.40995299999999996,-0.550272,NAM,PYF,6404
2047879,166,182,1378,2004,22624.0,0.0,0.567392,0.965781,NZL,PYF,6404
2047880,174,182,1378,2004,1797.0,0.0,-0.076709,-0.149006,PHL,PYF,6404
2047881,192,182,1378,2004,21584.0,0.0,1.6409779999999998,0.634947,SGP,PYF,6404
2047882,216,182,1378,2004,34623.0,0.0,0.5150359999999999,1.583019,THA,PYF,6404
2047883,231,182,1378,2004,77316.0,0.0,1.7598630000000002,0.066704,USA,PYF,6404
2047884,239,182,1378,2004,102779.0,0.0,-0.5270560000000001,0.8910389999999999,VNM,PYF,6404
2047885,249,182,1378,2004,8024.0,0.0,1.626307,1.358315,TWN,PYF,6404
2047886,116,199,1378,2004,113935.0,0.0,-0.503694,0.410495,KEN,SOM,6404
2047887,188,199,1378,2004,32000.0,0.0,0.546196,-0.7014729999999999,SAU,SOM,6404
2047888,7,211,1378,2004,3544.0,0.0,0.1799,-0.34541900000000003,ARE,SYC,6404
2047889,14,211,1378,2004,1739.0,0.0,0.196641,0.8139460000000001,AUS,SYC,6404
2047890,18,211,1378,2004,1035.0,0.0,1.350911,1.408209,BEL,SYC,6404
2047891,43,211,1378,2004,41730.0,0.0,0.581548,2.8689880000000003,CHN,SYC,6404
2047892,59,211,1378,2004,2624.0,0.0,1.562625,0.865244,CZE,SYC,6404
2047893,72,211,1378,2004,0.0,2293.0,0.6101840000000001,0.9520370000000001,EST,SYC,6404
2047894,77,211,1378,2004,980.0,0.0,1.6003530000000001,0.643945,FRA,SYC,6404
2047895,81,211,1378,2004,2940.0,0.0,1.843506,0.684779,GBR,SYC,6404
2047896,104,211,1378,2004,1353.0,0.0,0.233348,2.790987,IND,SYC,6404
2047897,111,211,1378,2004,5574.0,0.0,1.358057,1.11533,ITA,SYC,6404
2047898,151,211,1378,2004,4613.0,0.0,-0.374754,-0.288504,MUS,SYC,6404
2047899,192,211,1378,2004,12663.0,0.0,1.6409779999999998,0.634947,SGP,SYC,6404
2047900,216,211,1378,2004,5614.0,0.0,0.5150359999999999,1.583019,THA,SYC,6404
2047901,246,211,1378,2004,5476.0,0.0,0.460279,1.9736220000000002,ZAF,SYC,6404
2047902,7,215,1378,2004,8169.0,0.0,0.1799,-0.34541900000000003,ARE,TGO,6404
2047903,19,215,1378,2004,0.0,165204.0,-1.299345,-0.9871260000000001,BEN,TGO,6404
2047904,43,215,1378,2004,252216.0,0.0,0.581548,2.8689880000000003,CHN,TGO,6404
2047905,44,215,1378,2004,31077.0,1471.0,-0.8490979999999999,-0.754732,CIV,TGO,6404
2047906,77,215,1378,2004,4554.0,0.0,1.6003530000000001,0.643945,FRA,TGO,6404
2047907,83,215,1378,2004,82536.0,0.0,-1.2972540000000001,-0.9967219999999999,GHA,TGO,6404
2047908,97,215,1378,2004,117265.0,0.0,0.604825,2.098745,HKG,TGO,6404
2047909,103,215,1378,2004,9615.0,0.0,-0.223644,1.719065,IDN,TGO,6404
2047910,106,215,1378,2004,185457.0,0.0,1.501859,0.14456,IRL,TGO,6404
2047911,125,215,1378,2004,0.0,9395.0,0.016191,-1.070051,LBR,TGO,6404
2047912,162,215,1378,2004,7522.0,0.0,1.251808,1.586526,NLD,TGO,6404
2047913,191,215,1378,2004,1489.0,0.0,-0.527127,-0.368631,SEN,TGO,6404
2047914,216,215,1378,2004,4594.0,0.0,0.5150359999999999,1.583019,THA,TGO,6404
2047915,224,215,1378,2004,3768.0,0.0,0.141454,1.9463599999999999,TUR,TGO,6404
2047916,231,215,1378,2004,33342.0,0.0,1.7598630000000002,0.066704,USA,TGO,6404
2047917,246,215,1378,2004,70655.0,0.0,0.460279,1.9736220000000002,ZAF,TGO,6404
2047918,107,217,1378,2004,7270.0,0.0,-0.38210700000000003,-0.8408620000000001,IRN,TJK,6404
2047919,117,217,1378,2004,40289.0,0.0,0.005121,0.176652,KGZ,TJK,6404
2047920,186,217,1378,2004,96880.0,0.0,0.8952399999999999,0.172896,RUS,TJK,6404
2047921,189,217,1378,2004,0.0,2436.0,0.628071,2.210424,SCG,TJK,6404
2047922,224,217,1378,2004,6803.0,0.0,0.141454,1.9463599999999999,TUR,TJK,6404
2047923,32,2,1378,2004,130265.0,0.0,0.540718,1.149065,BRA,AGO,6404
2047924,43,2,1378,2004,409028.0,0.0,0.581548,2.8689880000000003,CHN,AGO,6404
2047925,44,2,1378,2004,264487.0,0.0,-0.8490979999999999,-0.754732,CIV,AGO,6404
2047926,77,2,1378,2004,16168.0,0.0,1.6003530000000001,0.643945,FRA,AGO,6404
2047927,97,2,1378,2004,48185.0,0.0,0.604825,2.098745,HKG,AGO,6404
2047928,103,2,1378,2004,12003.0,0.0,-0.223644,1.719065,IDN,AGO,6404
2047929,124,2,1378,2004,8000.0,0.0,0.32409899999999997,1.037024,LBN,AGO,6404
2047930,155,2,1378,2004,147724.0,0.0,-0.40995299999999996,-0.550272,NAM,AGO,6404
2047931,179,2,1378,2004,566053.0,0.0,0.524524,1.901139,PRT,AGO,6404
2047932,186,2,1378,2004,2304.0,0.0,0.8952399999999999,0.172896,RUS,AGO,6404
2047933,216,2,1378,2004,83075.0,0.0,0.5150359999999999,1.583019,THA,AGO,6404
2047934,231,2,1378,2004,806226.0,0.0,1.7598630000000002,0.066704,USA,AGO,6404
2047935,246,2,1378,2004,73086.0,0.0,0.460279,1.9736220000000002,ZAF,AGO,6404
2047936,18,46,1378,2004,14945.0,0.0,1.350911,1.408209,BEL,COD,6404
2047937,43,46,1378,2004,51725.0,0.0,0.581548,2.8689880000000003,CHN,COD,6404
2047938,44,46,1378,2004,38820.0,0.0,-0.8490979999999999,-0.754732,CIV,COD,6404
2047939,61,46,1378,2004,4061.0,0.0,2.266076,-2.011139,DEU,COD,6404
2047940,77,46,1378,2004,3731.0,0.0,1.6003530000000001,0.643945,FRA,COD,6404
2047941,162,46,1378,2004,1244.0,0.0,1.251808,1.586526,NLD,COD,6404
2047942,208,46,1378,2004,1092.0,0.0,2.0522080000000003,0.8326969999999999,SWE,COD,6404
2047943,226,46,1378,2004,2624.0,0.0,-1.022658,-0.007045999999999999,TZA,COD,6404
2047944,227,46,1378,2004,124959.0,0.0,-0.914733,-0.554346,UGA,COD,6404
2047945,246,46,1378,2004,9215.0,0.0,0.460279,1.9736220000000002,ZAF,COD,6404
2047946,247,46,1378,2004,9631.0,0.0,-0.9972190000000001,-0.853986,ZMB,COD,6404
2047947,32,51,1378,2004,12833.0,0.0,0.540718,1.149065,BRA,CPV,6404
2047948,43,51,1378,2004,9305.0,0.0,0.581548,2.8689880000000003,CHN,CPV,6404
2047949,61,51,1378,2004,2570.0,0.0,2.266076,-2.011139,DEU,CPV,6404
2047950,71,51,1378,2004,3980.0,0.0,0.9784649999999999,2.051216,ESP,CPV,6404
2047951,179,51,1378,2004,19086.0,0.0,0.524524,1.901139,PRT,CPV,6404
2047952,191,51,1378,2004,3636.0,0.0,-0.527127,-0.368631,SEN,CPV,6404
2047953,231,51,1378,2004,11000.0,0.0,1.7598630000000002,0.066704,USA,CPV,6404
2047954,250,51,1378,2004,1324.0,0.0,0.509382,-0.30904299999999996,ANS,CPV,6404
2047955,43,78,1378,2004,162325.0,0.0,0.581548,2.8689880000000003,CHN,FRO,6404
2047956,61,78,1378,2004,1773.0,0.0,2.266076,-2.011139,DEU,FRO,6404
2047957,64,78,1378,2004,306985.0,0.0,1.328968,1.262743,DNK,FRO,6404
2047958,71,78,1378,2004,755.0,0.0,0.9784649999999999,2.051216,ESP,FRO,6404
2047959,77,78,1378,2004,676.0,0.0,1.6003530000000001,0.643945,FRA,FRO,6404
2047960,81,78,1378,2004,8473.0,0.0,1.843506,0.684779,GBR,FRO,6404
2047961,97,78,1378,2004,5066.0,0.0,0.604825,2.098745,HKG,FRO,6404
2047962,103,78,1378,2004,24217.0,0.0,-0.223644,1.719065,IDN,FRO,6404
2047963,109,78,1378,2004,1117.0,0.0,0.298844,-0.36366,ISL,FRO,6404
2047964,111,78,1378,2004,11119.0,0.0,1.358057,1.11533,ITA,FRO,6404
2047965,133,78,1378,2004,2801.0,0.0,-0.351045,-0.487521,MAC,FRO,6404
2047966,162,78,1378,2004,2715.0,0.0,1.251808,1.586526,NLD,FRO,6404
2047967,163,78,1378,2004,7432.0,0.0,1.10162,0.118709,NOR,FRO,6404
2047968,174,78,1378,2004,1696.0,0.0,-0.076709,-0.149006,PHL,FRO,6404
2047969,179,78,1378,2004,3238.0,0.0,0.524524,1.901139,PRT,FRO,6404
2047970,208,78,1378,2004,43312.0,0.0,2.0522080000000003,0.8326969999999999,SWE,FRO,6404
2047971,231,78,1378,2004,13234.0,0.0,1.7598630000000002,0.066704,USA,FRO,6404
2047972,249,78,1378,2004,3333.0,0.0,1.626307,1.358315,TWN,FRO,6404
2047973,43,89,1378,2004,5122.0,0.0,0.581548,2.8689880000000003,CHN,GNQ,6404
2047974,61,89,1378,2004,1003.0,0.0,2.266076,-2.011139,DEU,GNQ,6404
2047975,71,89,1378,2004,3592.0,0.0,0.9784649999999999,2.051216,ESP,GNQ,6404
2047976,81,89,1378,2004,2565.0,0.0,1.843506,0.684779,GBR,GNQ,6404
2047977,32,101,1378,2004,4426.0,0.0,0.540718,1.149065,BRA,HTI,6404
2047978,43,101,1378,2004,4775.0,0.0,0.581548,2.8689880000000003,CHN,HTI,6404
2047979,65,101,1378,2004,937967.0,22469.0,-0.510025,-0.328257,DOM,HTI,6404
2047980,160,101,1378,2004,0.0,13071.0,-0.9789479999999999,-0.8374219999999999,NIC,HTI,6404
2047981,231,101,1378,2004,40404.0,0.0,1.7598630000000002,0.066704,USA,HTI,6404
2047982,239,101,1378,2004,12302.0,0.0,-0.5270560000000001,0.8910389999999999,VNM,HTI,6404
2047983,14,156,1378,2004,351189.0,0.0,0.196641,0.8139460000000001,AUS,NCL,6404
2047984,18,156,1378,2004,2189.0,0.0,1.350911,1.408209,BEL,NCL,6404
2047985,22,156,1378,2004,8913.0,0.0,-1.150444,-0.885333,BGD,NCL,6404
2047986,32,156,1378,2004,59926.0,0.0,0.540718,1.149065,BRA,NCL,6404
2047987,43,156,1378,2004,8606.0,0.0,0.581548,2.8689880000000003,CHN,NCL,6404
2047988,61,156,1378,2004,3495.0,0.0,2.266076,-2.011139,DEU,NCL,6404
2047989,71,156,1378,2004,7060.0,0.0,0.9784649999999999,2.051216,ESP,NCL,6404
2047990,77,156,1378,2004,324489.0,0.0,1.6003530000000001,0.643945,FRA,NCL,6404
2047991,81,156,1378,2004,5490.0,0.0,1.843506,0.684779,GBR,NCL,6404
2047992,97,156,1378,2004,26216.0,0.0,0.604825,2.098745,HKG,NCL,6404
2047993,103,156,1378,2004,8419.0,0.0,-0.223644,1.719065,IDN,NCL,6404
2047994,104,156,1378,2004,2163.0,0.0,0.233348,2.790987,IND,NCL,6404
2047995,111,156,1378,2004,21087.0,0.0,1.358057,1.11533,ITA,NCL,6404
2047996,118,156,1378,2004,765.0,0.0,-1.4676209999999998,-1.1972639999999999,KHM,NCL,6404
2047997,121,156,1378,2004,2100.0,0.0,1.3624690000000002,0.928342,KOR,NCL,6404
2047998,134,156,1378,2004,1625.0,0.0,-0.681556,-0.152372,MAR,NCL,6404
2047999,153,156,1378,2004,19413.0,0.0,0.6710050000000001,0.17807,MYS,NCL,6404
2048000,166,156,1378,2004,10271.0,0.0,0.567392,0.965781,NZL,NCL,6404
2048001,174,156,1378,2004,9008.0,0.0,-0.076709,-0.149006,PHL,NCL,6404
2048002,179,156,1378,2004,5503.0,0.0,0.524524,1.901139,PRT,NCL,6404
2048003,192,156,1378,2004,14767.0,0.0,1.6409779999999998,0.634947,SGP,NCL,6404
2048004,206,156,1378,2004,1976.0,0.0,1.2375120000000002,0.8777889999999999,SVK,NCL,6404
2048005,216,156,1378,2004,66389.0,0.0,0.5150359999999999,1.583019,THA,NCL,6404
2048006,231,156,1378,2004,53777.0,32854.0,1.7598630000000002,0.066704,USA,NCL,6404
2048007,239,156,1378,2004,15084.0,0.0,-0.5270560000000001,0.8910389999999999,VNM,NCL,6404
2048008,241,156,1378,2004,0.0,14795.0,2.1501349999999997,-0.13714200000000001,WLF,NCL,6404
2048009,249,156,1378,2004,4184.0,0.0,1.626307,1.358315,TWN,NCL,6404
2048010,250,156,1378,2004,12849.0,0.0,0.509382,-0.30904299999999996,ANS,NCL,6404
2048011,43,181,1378,2004,5143.0,0.0,0.581548,2.8689880000000003,CHN,PSE,6404
2048012,224,181,1378,2004,35084.0,0.0,0.141454,1.9463599999999999,TUR,PSE,6404
2048013,43,196,1378,2004,64053.0,0.0,0.581548,2.8689880000000003,CHN,SLE,6404
2048014,44,196,1378,2004,170207.0,0.0,-0.8490979999999999,-0.754732,CIV,SLE,6404
2048015,61,196,1378,2004,2024.0,0.0,2.266076,-2.011139,DEU,SLE,6404
2048016,81,196,1378,2004,40011.0,11448.0,1.843506,0.684779,GBR,SLE,6404
2048017,231,196,1378,2004,58250.0,0.0,1.7598630000000002,0.066704,USA,SLE,6404
2048018,239,196,1378,2004,10974.0,0.0,-0.5270560000000001,0.8910389999999999,VNM,SLE,6404
2048019,249,196,1378,2004,1050.0,0.0,1.626307,1.358315,TWN,SLE,6404
2048020,43,214,1378,2004,2378.0,0.0,0.581548,2.8689880000000003,CHN,TCD,6404
2048021,18,232,1378,2004,1810.0,0.0,1.350911,1.408209,BEL,UZB,6404
2048022,43,232,1378,2004,1397.0,0.0,0.581548,2.8689880000000003,CHN,UZB,6404
2048023,61,232,1378,2004,14105.0,8834.0,2.266076,-2.011139,DEU,UZB,6404
2048024,107,232,1378,2004,95472.0,0.0,-0.38210700000000003,-0.8408620000000001,IRN,UZB,6404
2048025,111,232,1378,2004,10524.0,0.0,1.358057,1.11533,ITA,UZB,6404
2048026,135,232,1378,2004,14439.0,0.0,-0.155523,-0.355142,MDA,UZB,6404
2048027,162,232,1378,2004,3732.0,0.0,1.251808,1.586526,NLD,UZB,6404
2048028,168,232,1378,2004,1004.0,0.0,-0.754143,0.25995100000000004,PAK,UZB,6404
2048029,186,232,1378,2004,244707.0,9803.0,0.8952399999999999,0.172896,RUS,UZB,6404
2048030,224,232,1378,2004,12075.0,0.0,0.141454,1.9463599999999999,TUR,UZB,6404
2048031,8,250,1378,2004,11835.0,0.0,0.28128600000000004,0.64115,ARG,ANS,6404
2048032,9,250,1378,2004,0.0,17757.0,0.661799,-0.140004,ARM,ANS,6404
2048033,14,250,1378,2004,2991.0,4687.0,0.196641,0.8139460000000001,AUS,ANS,6404
2048034,17,250,1378,2004,0.0,2892.0,-0.939393,-0.919969,BDI,ANS,6404
2048035,18,250,1378,2004,5795.0,0.0,1.350911,1.408209,BEL,ANS,6404
2048036,23,250,1378,2004,48535.0,9891.0,0.35536,1.499182,BGR,ANS,6404
2048037,26,250,1378,2004,0.0,1391.0,0.385952,0.571774,BIH,ANS,6404
2048038,31,250,1378,2004,15471.0,31190.0,-0.9288489999999999,-0.929884,BOL,ANS,6404
2048039,38,250,1378,2004,0.0,6238.0,-0.683538,-0.8331770000000001,CAF,ANS,6404
2048040,42,250,1378,2004,0.0,161362.0,-0.07869,-0.33641,CHL,ANS,6404
2048041,43,250,1378,2004,141945.0,0.0,0.581548,2.8689880000000003,CHN,ANS,6404
2048042,45,250,1378,2004,0.0,22084.0,-1.604916,-1.217399,CMR,ANS,6404
2048043,49,250,1378,2004,39433.0,1794209.0,0.033128,0.47524799999999995,COL,ANS,6404
2048044,51,250,1378,2004,0.0,1324.0,-0.160185,-0.729291,CPV,ANS,6404
2048045,61,250,1378,2004,33316.0,877.0,2.266076,-2.011139,DEU,ANS,6404
2048046,63,250,1378,2004,0.0,3283.0,0.322803,-0.000479,DMA,ANS,6404
2048047,65,250,1378,2004,5745820.0,0.0,-0.510025,-0.328257,DOM,ANS,6404
2048048,67,250,1378,2004,0.0,77252.0,-1.149101,-1.013619,ECU,ANS,6404
2048049,71,250,1378,2004,39012.0,0.0,0.9784649999999999,2.051216,ESP,ANS,6404
2048050,72,250,1378,2004,0.0,276885.0,0.6101840000000001,0.9520370000000001,EST,ANS,6404
2048051,75,250,1378,2004,0.0,1139.0,-0.8870969999999999,-0.287427,FJI,ANS,6404
2048052,77,250,1378,2004,0.0,24405.0,1.6003530000000001,0.643945,FRA,ANS,6404
2048053,93,250,1378,2004,0.0,1156.0,-0.46136000000000005,0.148122,GTM,ANS,6404
2048054,96,250,1378,2004,10055.0,0.0,-1.046232,-0.985188,GUY,ANS,6404
2048055,97,250,1378,2004,102437.0,0.0,0.604825,2.098745,HKG,ANS,6404
2048056,104,250,1378,2004,0.0,134504.0,0.233348,2.790987,IND,ANS,6404
2048057,106,250,1378,2004,17756.0,571614.0,1.501859,0.14456,IRL,ANS,6404
2048058,107,250,1378,2004,0.0,12103.0,-0.38210700000000003,-0.8408620000000001,IRN,ANS,6404
2048059,110,250,1378,2004,1000.0,0.0,1.250393,0.8003979999999999,ISR,ANS,6404
2048060,111,250,1378,2004,138171.0,0.0,1.358057,1.11533,ITA,ANS,6404
2048061,112,250,1378,2004,0.0,1199524.0,-0.64957,-0.944183,JAM,ANS,6404
2048062,116,250,1378,2004,109883.0,6683.0,-0.503694,0.410495,KEN,ANS,6404
2048063,124,250,1378,2004,15000.0,0.0,0.32409899999999997,1.037024,LBN,ANS,6404
2048064,131,250,1378,2004,0.0,33075.0,1.37529,1.0172649999999999,LUX,ANS,6404
2048065,132,250,1378,2004,1570.0,0.0,0.413821,0.627853,LVA,ANS,6404
2048066,134,250,1378,2004,1141.0,0.0,-0.681556,-0.152372,MAR,ANS,6404
2048067,147,250,1378,2004,0.0,13608.0,-1.1010790000000001,-1.0942,MOZ,ANS,6404
2048068,155,250,1378,2004,0.0,3715.0,-0.40995299999999996,-0.550272,NAM,ANS,6404
2048069,156,250,1378,2004,0.0,12849.0,-0.49824700000000005,-0.8284239999999999,NCL,ANS,6404
2048070,157,250,1378,2004,4391.0,0.0,-0.8203799999999999,-0.7488,NER,ANS,6404
2048071,162,250,1378,2004,5412.0,37354.0,1.251808,1.586526,NLD,ANS,6404
2048072,166,250,1378,2004,0.0,5174.0,0.567392,0.965781,NZL,ANS,6404
2048073,169,250,1378,2004,0.0,2283977.0,-0.011979,0.261315,PAN,ANS,6404
2048074,177,250,1378,2004,0.0,8310.0,1.019341,1.519452,POL,ANS,6404
2048075,183,250,1378,2004,0.0,1079.0,0.21713400000000002,-1.031806,QAT,ANS,6404
2048076,185,250,1378,2004,209431.0,10122.0,0.37241599999999997,1.015865,ROU,ANS,6404
2048077,186,250,1378,2004,2693.0,0.0,0.8952399999999999,0.172896,RUS,ANS,6404
2048078,189,250,1378,2004,0.0,12128.0,0.628071,2.210424,SCG,ANS,6404
2048079,192,250,1378,2004,57410.0,15515.0,1.6409779999999998,0.634947,SGP,ANS,6404
2048080,206,250,1378,2004,0.0,810948.0,1.2375120000000002,0.8777889999999999,SVK,ANS,6404
2048081,207,250,1378,2004,0.0,356279.0,1.628643,1.02381,SVN,ANS,6404
2048082,216,250,1378,2004,1410.0,0.0,0.5150359999999999,1.583019,THA,ANS,6404
2048083,223,250,1378,2004,38028.0,0.0,-0.195751,0.335147,TUN,ANS,6404
2048084,224,250,1378,2004,24390.0,0.0,0.141454,1.9463599999999999,TUR,ANS,6404
2048085,236,250,1378,2004,0.0,585370.0,0.048698000000000005,-0.899776,VEN,ANS,6404
2048086,239,250,1378,2004,4667445.0,0.0,-0.5270560000000001,0.8910389999999999,VNM,ANS,6404
2048087,246,250,1378,2004,1509.0,12480.0,0.460279,1.9736220000000002,ZAF,ANS,6404
2048088,248,250,1378,2004,0.0,9429.0,-0.560593,-0.091112,ZWE,ANS,6404
2048089,249,250,1378,2004,0.0,13694.0,1.626307,1.358315,TWN,ANS,6404
2048090,18,84,1378,2004,11569.0,0.0,1.350911,1.408209,BEL,GIB,6404
2048091,61,84,1378,2004,1002.0,0.0,2.266076,-2.011139,DEU,GIB,6404
2048092,71,84,1378,2004,298928.0,1183.0,0.9784649999999999,2.051216,ESP,GIB,6404
2048093,81,84,1378,2004,183122.0,0.0,1.843506,0.684779,GBR,GIB,6404
2048094,111,84,1378,2004,1068.0,0.0,1.358057,1.11533,ITA,GIB,6404
2048095,188,84,1378,2004,0.0,29929.0,0.546196,-0.7014729999999999,SAU,GIB,6404
2048096,14,221,1378,2004,1561.0,0.0,0.196641,0.8139460000000001,AUS,TON,6404
2048097,43,221,1378,2004,35271.0,0.0,0.581548,2.8689880000000003,CHN,TON,6404
2048098,75,221,1378,2004,977.0,0.0,-0.8870969999999999,-0.287427,FJI,TON,6404
2048099,111,221,1378,2004,0.0,14961.0,1.358057,1.11533,ITA,TON,6404
2048100,166,221,1378,2004,1336.0,0.0,0.567392,0.965781,NZL,TON,6404
2048101,216,221,1378,2004,50283.0,0.0,0.5150359999999999,1.583019,THA,TON,6404
2048102,231,221,1378,2004,25966.0,0.0,1.7598630000000002,0.066704,USA,TON,6404
2048103,14,242,1378,2004,1555.0,0.0,0.196641,0.8139460000000001,AUS,WSM,6404
2048104,43,242,1378,2004,2001.0,0.0,0.581548,2.8689880000000003,CHN,WSM,6404
2048105,75,242,1378,2004,13555.0,0.0,-0.8870969999999999,-0.287427,FJI,WSM,6404
2048106,166,242,1378,2004,18359.0,0.0,0.567392,0.965781,NZL,WSM,6404
2048107,39,30,1378,2004,16314.0,0.0,0.9392739999999999,1.19228,CAN,BMU,6404
2048108,71,30,1378,2004,3743.0,0.0,0.9784649999999999,2.051216,ESP,BMU,6404
2048109,81,30,1378,2004,12453.0,0.0,1.843506,0.684779,GBR,BMU,6404
2048110,111,30,1378,2004,3536.0,0.0,1.358057,1.11533,ITA,BMU,6404
2048111,192,30,1378,2004,3049.0,0.0,1.6409779999999998,0.634947,SGP,BMU,6404
2048112,231,30,1378,2004,1324913.0,0.0,1.7598630000000002,0.066704,USA,BMU,6404
2048113,14,48,1378,2004,28149.0,0.0,0.196641,0.8139460000000001,AUS,COK,6404
2048114,103,48,1378,2004,6801.0,0.0,-0.223644,1.719065,IDN,COK,6404
2048115,166,48,1378,2004,21109.0,0.0,0.567392,0.965781,NZL,COK,6404
2048116,231,56,1378,2004,0.0,6130.0,1.7598630000000002,0.066704,USA,CXR,6404
2048117,61,57,1378,2004,1001.0,0.0,2.266076,-2.011139,DEU,CYM,6404
2048118,103,57,1378,2004,418455.0,0.0,-0.223644,1.719065,IDN,CYM,6404
2048119,231,57,1378,2004,8890.0,0.0,1.7598630000000002,0.066704,USA,CYM,6404
2048120,111,69,1378,2004,0.0,3718.0,1.358057,1.11533,ITA,ERI,6404
2048121,95,79,1378,2004,12311.0,0.0,0.13034500000000002,-0.40525700000000003,GUM,FSM,6404
2048122,97,79,1378,2004,17819.0,0.0,0.604825,2.098745,HKG,FSM,6404
2048123,114,79,1378,2004,1484.0,0.0,2.526624,0.452054,JPN,FSM,6404
2048124,121,79,1378,2004,2552.0,0.0,1.3624690000000002,0.928342,KOR,FSM,6404
2048125,146,79,1378,2004,1086.0,0.0,-0.47053199999999995,-0.7803220000000001,MNP,FSM,6404
2048126,171,79,1378,2004,3257.0,0.0,0.462645,-0.671204,PCN,FSM,6404
2048127,174,79,1378,2004,11962.0,0.0,-0.076709,-0.149006,PHL,FSM,6404
2048128,231,79,1378,2004,10373.0,0.0,1.7598630000000002,0.066704,USA,FSM,6404
2048129,14,95,1378,2004,1092.0,0.0,0.196641,0.8139460000000001,AUS,GUM,6404
2048130,79,95,1378,2004,0.0,12311.0,-1.647605,-1.093832,FSM,GUM,6404
2048131,97,95,1378,2004,248001.0,11324.0,0.604825,2.098745,HKG,GUM,6404
2048132,111,95,1378,2004,40221.0,0.0,1.358057,1.11533,ITA,GUM,6404
2048133,174,95,1378,2004,26045.0,0.0,-0.076709,-0.149006,PHL,GUM,6404
2048134,216,95,1378,2004,2561.0,0.0,0.5150359999999999,1.583019,THA,GUM,6404
2048135,14,119,1378,2004,3008.0,0.0,0.196641,0.8139460000000001,AUS,KIR,6404
2048136,43,119,1378,2004,761.0,0.0,0.581548,2.8689880000000003,CHN,KIR,6404
2048137,75,119,1378,2004,4583.0,0.0,-0.8870969999999999,-0.287427,FJI,KIR,6404
2048138,97,119,1378,2004,1591.0,0.0,0.604825,2.098745,HKG,KIR,6404
2048139,249,119,1378,2004,709.0,0.0,1.626307,1.358315,TWN,KIR,6404
2048140,43,123,1378,2004,141384.0,0.0,0.581548,2.8689880000000003,CHN,LAO,6404
2048141,61,123,1378,2004,0.0,157040.0,2.266076,-2.011139,DEU,LAO,6404
2048142,74,123,1378,2004,0.0,3342.0,2.000218,0.9867309999999999,FIN,LAO,6404
2048143,77,123,1378,2004,0.0,28117.0,1.6003530000000001,0.643945,FRA,LAO,6404
2048144,106,123,1378,2004,0.0,79073.0,1.501859,0.14456,IRL,LAO,6404
2048145,114,123,1378,2004,0.0,55615.0,2.526624,0.452054,JPN,LAO,6404
2048146,216,123,1378,2004,296581.0,0.0,0.5150359999999999,1.583019,THA,LAO,6404
2048147,239,123,1378,2004,105060.0,0.0,-0.5270560000000001,0.8910389999999999,VNM,LAO,6404
2048148,18,129,1378,2004,0.0,12710.0,1.350911,1.408209,BEL,LSO,6404
2048149,39,129,1378,2004,0.0,84138.0,0.9392739999999999,1.19228,CAN,LSO,6404
2048150,43,129,1378,2004,4940.0,0.0,0.581548,2.8689880000000003,CHN,LSO,6404
2048151,77,129,1378,2004,0.0,10944.0,1.6003530000000001,0.643945,FRA,LSO,6404
2048152,81,129,1378,2004,0.0,59734.0,1.843506,0.684779,GBR,LSO,6404
2048153,162,129,1378,2004,0.0,1383.0,1.251808,1.586526,NLD,LSO,6404
2048154,246,129,1378,2004,2291438.0,1546263.0,0.460279,1.9736220000000002,ZAF,LSO,6404
2048155,43,139,1378,2004,2892.0,0.0,0.581548,2.8689880000000003,CHN,MHL,6404
2048156,81,139,1378,2004,0.0,3631.0,1.843506,0.684779,GBR,MHL,6404
2048157,79,146,1378,2004,0.0,1086.0,-1.647605,-1.093832,FSM,MNP,6404
2048158,97,146,1378,2004,101427.0,33122.0,0.604825,2.098745,HKG,MNP,6404
2048159,14,158,1378,2004,156015.0,0.0,0.196641,0.8139460000000001,AUS,NFK,6404
2048160,43,158,1378,2004,12419.0,0.0,0.581548,2.8689880000000003,CHN,NFK,6404
2048161,166,158,1378,2004,1324.0,0.0,0.567392,0.965781,NZL,NFK,6404
2048162,14,165,1378,2004,5124.0,0.0,0.196641,0.8139460000000001,AUS,NRU,6404
2048163,61,171,1378,2004,0.0,3229.0,2.266076,-2.011139,DEU,PCN,6404
2048164,79,171,1378,2004,0.0,3257.0,-1.647605,-1.093832,FSM,PCN,6404
2048165,81,194,1378,2004,14375.0,0.0,1.843506,0.684779,GBR,SHN,6404
2048166,103,194,1378,2004,94910.0,0.0,-0.223644,1.719065,IDN,SHN,6404
2048167,246,194,1378,2004,1738.0,0.0,0.460279,1.9736220000000002,ZAF,SHN,6404
2048168,14,220,1378,2004,31575.0,0.0,0.196641,0.8139460000000001,AUS,TLS,6404
2048169,43,220,1378,2004,62843.0,0.0,0.581548,2.8689880000000003,CHN,TLS,6404
2048170,103,220,1378,2004,9436.0,0.0,-0.223644,1.719065,IDN,TLS,6404
2048171,192,220,1378,2004,58787.0,0.0,1.6409779999999998,0.634947,SGP,TLS,6404
2048172,239,220,1378,2004,10497.0,0.0,-0.5270560000000001,0.8910389999999999,VNM,TLS,6404
2048173,43,225,1378,2004,3650.0,0.0,0.581548,2.8689880000000003,CHN,TUV,6404
2048174,75,225,1378,2004,1052.0,0.0,-0.8870969999999999,-0.287427,FJI,TUV,6404
2048175,174,229,1378,2004,9419.0,0.0,-0.076709,-0.149006,PHL,UMI,6404
2048176,14,240,1378,2004,22532.0,0.0,0.196641,0.8139460000000001,AUS,VUT,6404
2048177,43,240,1378,2004,66833.0,0.0,0.581548,2.8689880000000003,CHN,VUT,6404
2048178,166,240,1378,2004,5723.0,0.0,0.567392,0.965781,NZL,VUT,6404
2048179,177,240,1378,2004,0.0,2074.0,1.019341,1.519452,POL,VUT,6404
2048180,77,241,1378,2004,2873.0,0.0,1.6003530000000001,0.643945,FRA,WLF,6404
2048181,156,241,1378,2004,14795.0,0.0,-0.49824700000000005,-0.8284239999999999,NCL,WLF,6404
2048182,61,12,1378,2004,8158.0,0.0,2.266076,-2.011139,DEU,ATF,6404
2048183,151,12,1378,2004,1920.0,0.0,-0.374754,-0.288504,MUS,ATF,6404
2048184,85,88,1378,2004,3915.0,0.0,-1.314543,-1.155153,GIN,GNB,6404
2048185,179,88,1378,2004,36108.0,0.0,0.524524,1.901139,PRT,GNB,6404
2048186,191,88,1378,2004,22115.0,0.0,-0.527127,-0.368631,SEN,GNB,6404
2048187,239,88,1378,2004,34527.0,0.0,-0.5270560000000001,0.8910389999999999,VNM,GNB,6404
2048188,18,92,1378,2004,20233.0,0.0,1.350911,1.408209,BEL,GRL,6404
2048189,39,92,1378,2004,22073.0,0.0,0.9392739999999999,1.19228,CAN,GRL,6404
2048190,61,92,1378,2004,2947.0,0.0,2.266076,-2.011139,DEU,GRL,6404
2048191,64,92,1378,2004,744569.0,0.0,1.328968,1.262743,DNK,GRL,6404
2048192,163,92,1378,2004,1838.0,0.0,1.10162,0.118709,NOR,GRL,6404
2048193,208,92,1378,2004,39345.0,0.0,2.0522080000000003,0.8326969999999999,SWE,GRL,6404
2048194,231,218,1378,2004,0.0,1654.0,1.7598630000000002,0.066704,USA,TKL,6404
2048195,111,233,1378,2004,3119.0,0.0,1.358057,1.11533,ITA,VAT,6404
2048196,44,38,1378,2004,31070.0,0.0,-0.8490979999999999,-0.754732,CIV,CAF,6404
2048197,77,38,1378,2004,60643.0,0.0,1.6003530000000001,0.643945,FRA,CAF,6404
2048198,153,38,1378,2004,5416.0,0.0,0.6710050000000001,0.17807,MYS,CAF,6404
2048199,250,38,1378,2004,6238.0,0.0,0.509382,-0.30904299999999996,ANS,CAF,6404
2048200,77,200,1378,2004,16167.0,0.0,1.6003530000000001,0.643945,FRA,SPM,6404
2048201,39,213,1378,2004,0.0,1477.0,0.9392739999999999,1.19228,CAN,TCA,6404
2048202,231,213,1378,2004,97435.0,0.0,1.7598630000000002,0.066704,USA,TCA,6404
2048203,81,76,1378,2004,1411.0,0.0,1.843506,0.684779,GBR,FLK,6404
2048204,31,6,1072,2004,0.0,14560.0,-0.9288489999999999,-0.929884,BOL,ANT,3802
2048205,96,6,1072,2004,0.0,21065.0,-1.046232,-0.985188,GUY,ANT,3802
2048206,162,6,1072,2004,12441.0,0.0,1.251808,1.586526,NLD,ANT,3802
2048207,168,6,1072,2004,0.0,3963.0,-0.754143,0.25995100000000004,PAK,ANT,3802
2048208,231,6,1072,2004,26950.0,0.0,1.7598630000000002,0.066704,USA,ANT,3802
2048209,236,6,1072,2004,0.0,22871.0,0.048698000000000005,-0.899776,VEN,ANT,3802
2048210,18,8,1072,2004,6962.0,21442.0,1.350911,1.408209,BEL,ARG,3802
2048211,22,8,1072,2004,0.0,8824.0,-1.150444,-0.885333,BGD,ARG,3802
2048212,31,8,1072,2004,0.0,36391.0,-0.9288489999999999,-0.929884,BOL,ARG,3802
2048213,32,8,1072,2004,1342436.0,402890.0,0.540718,1.149065,BRA,ARG,3802
2048214,39,8,1072,2004,0.0,111992.0,0.9392739999999999,1.19228,CAN,ARG,3802
2048215,42,8,1072,2004,404705.0,838884.0,-0.07869,-0.33641,CHL,ARG,3802
2048216,43,8,1072,2004,1110111.0,8917.0,0.581548,2.8689880000000003,CHN,ARG,3802
2048217,49,8,1072,2004,0.0,20708.0,0.033128,0.47524799999999995,COL,ARG,3802
2048218,61,8,1072,2004,51708.0,0.0,2.266076,-2.011139,DEU,ARG,3802
2048219,65,8,1072,2004,0.0,4051.0,-0.510025,-0.328257,DOM,ARG,3802
2048220,67,8,1072,2004,0.0,15611.0,-1.149101,-1.013619,ECU,ARG,3802
2048221,77,8,1072,2004,404287.0,43683.0,1.6003530000000001,0.643945,FRA,ARG,3802
2048222,81,8,1072,2004,181157.0,0.0,1.843506,0.684779,GBR,ARG,3802
2048223,93,8,1072,2004,0.0,25941.0,-0.46136000000000005,0.148122,GTM,ARG,3802
2048224,104,8,1072,2004,5686.0,0.0,0.233348,2.790987,IND,ARG,3802
2048225,111,8,1072,2004,113642.0,4606.0,1.358057,1.11533,ITA,ARG,3802
2048226,114,8,1072,2004,7087.0,0.0,2.526624,0.452054,JPN,ARG,3802
2048227,121,8,1072,2004,0.0,20739.0,1.3624690000000002,0.928342,KOR,ARG,3802
2048228,138,8,1072,2004,1305263.0,15234.0,0.868684,0.85506,MEX,ARG,3802
2048229,162,8,1072,2004,876687.0,0.0,1.251808,1.586526,NLD,ARG,3802
2048230,163,8,1072,2004,881.0,0.0,1.10162,0.118709,NOR,ARG,3802
2048231,169,8,1072,2004,0.0,8146.0,-0.011979,0.261315,PAN,ARG,3802
2048232,173,8,1072,2004,203296.0,17365.0,-0.564244,0.131232,PER,ARG,3802
2048233,174,8,1072,2004,0.0,69891.0,-0.076709,-0.149006,PHL,ARG,3802
2048234,180,8,1072,2004,0.0,4260.0,-0.64574,-0.978875,PRY,ARG,3802
2048235,208,8,1072,2004,0.0,2976.0,2.0522080000000003,0.8326969999999999,SWE,ARG,3802
2048236,216,8,1072,2004,0.0,24327.0,0.5150359999999999,1.583019,THA,ARG,3802
2048237,224,8,1072,2004,0.0,43787.0,0.141454,1.9463599999999999,TUR,ARG,3802
2048238,230,8,1072,2004,0.0,31955.0,0.151633,0.121776,URY,ARG,3802
2048239,231,8,1072,2004,2628630.0,4792.0,1.7598630000000002,0.066704,USA,ARG,3802
2048240,236,8,1072,2004,0.0,199769.0,0.048698000000000005,-0.899776,VEN,ARG,3802
2048241,239,8,1072,2004,0.0,18723.0,-0.5270560000000001,0.8910389999999999,VNM,ARG,3802
2048242,249,8,1072,2004,0.0,8051.0,1.626307,1.358315,TWN,ARG,3802
2048243,250,8,1072,2004,11179.0,0.0,0.509382,-0.30904299999999996,ANS,ARG,3802
2048244,10,14,1072,2004,0.0,4683.0,1.022895,0.395402,ASM,AUS,3802
2048245,18,14,1072,2004,0.0,79125.0,1.350911,1.408209,BEL,AUS,3802
2048246,32,14,1072,2004,0.0,2341.0,0.540718,1.149065,BRA,AUS,3802
2048247,37,14,1072,2004,0.0,8078.0,-0.8574229999999999,-1.191754,BWA,AUS,3802
2048248,39,14,1072,2004,9907.0,9906.0,0.9392739999999999,1.19228,CAN,AUS,3802
2048249,43,14,1072,2004,1900207.0,16835.0,0.581548,2.8689880000000003,CHN,AUS,3802
2048250,61,14,1072,2004,118723.0,14054.0,2.266076,-2.011139,DEU,AUS,3802
2048251,71,14,1072,2004,5120.0,255857.0,0.9784649999999999,2.051216,ESP,AUS,3802
2048252,75,14,1072,2004,0.0,4616.0,-0.8870969999999999,-0.287427,FJI,AUS,3802
2048253,77,14,1072,2004,44256.0,101866.0,1.6003530000000001,0.643945,FRA,AUS,3802
2048254,81,14,1072,2004,769720.0,215551.0,1.843506,0.684779,GBR,AUS,3802
2048255,82,14,1072,2004,0.0,13314.0,0.381348,-0.44259,GEO,AUS,3802
2048256,83,14,1072,2004,0.0,68488.0,-1.2972540000000001,-0.9967219999999999,GHA,AUS,3802
2048257,85,14,1072,2004,0.0,7449.0,-1.314543,-1.155153,GIN,AUS,3802
2048258,90,14,1072,2004,61075.0,12172.0,0.348853,1.661656,GRC,AUS,3802
2048259,96,14,1072,2004,90634.0,0.0,-1.046232,-0.985188,GUY,AUS,3802
2048260,97,14,1072,2004,2998.0,0.0,0.604825,2.098745,HKG,AUS,3802
2048261,100,14,1072,2004,0.0,635.0,0.6669970000000001,1.088043,HRV,AUS,3802
2048262,103,14,1072,2004,734658.0,30737.0,-0.223644,1.719065,IDN,AUS,3802
2048263,104,14,1072,2004,585894.0,14076.0,0.233348,2.790987,IND,AUS,3802
2048264,111,14,1072,2004,11322.0,0.0,1.358057,1.11533,ITA,AUS,3802
2048265,114,14,1072,2004,679047.0,83637.0,2.526624,0.452054,JPN,AUS,3802
2048266,115,14,1072,2004,0.0,5028.0,-0.09288300000000001,-0.537664,KAZ,AUS,3802
2048267,116,14,1072,2004,0.0,2973.0,-0.503694,0.410495,KEN,AUS,3802
2048268,121,14,1072,2004,5690.0,119039.0,1.3624690000000002,0.928342,KOR,AUS,3802
2048269,128,14,1072,2004,492922.0,301012.0,-0.658668,0.21912600000000002,LKA,AUS,3802
2048270,137,14,1072,2004,0.0,3865.0,-0.34020700000000004,-0.817298,MDV,AUS,3802
2048271,151,14,1072,2004,0.0,16056.0,-0.374754,-0.288504,MUS,AUS,3802
2048272,153,14,1072,2004,145053.0,319700.0,0.6710050000000001,0.17807,MYS,AUS,3802
2048273,156,14,1072,2004,0.0,7189.0,-0.49824700000000005,-0.8284239999999999,NCL,AUS,3802
2048274,162,14,1072,2004,627341.0,405655.0,1.251808,1.586526,NLD,AUS,3802
2048275,166,14,1072,2004,11953.0,140842.0,0.567392,0.965781,NZL,AUS,3802
2048276,168,14,1072,2004,0.0,12810.0,-0.754143,0.25995100000000004,PAK,AUS,3802
2048277,173,14,1072,2004,0.0,8026.0,-0.564244,0.131232,PER,AUS,3802
2048278,174,14,1072,2004,1386640.0,11207.0,-0.076709,-0.149006,PHL,AUS,3802
2048279,176,14,1072,2004,0.0,177798.0,-1.7599200000000002,-1.219971,PNG,AUS,3802
2048280,186,14,1072,2004,0.0,7520.0,0.8952399999999999,0.172896,RUS,AUS,3802
2048281,188,14,1072,2004,0.0,10236.0,0.546196,-0.7014729999999999,SAU,AUS,3802
2048282,192,14,1072,2004,122678.0,97053.0,1.6409779999999998,0.634947,SGP,AUS,3802
2048283,207,14,1072,2004,0.0,3935.0,1.628643,1.02381,SVN,AUS,3802
2048284,208,14,1072,2004,0.0,154857.0,2.0522080000000003,0.8326969999999999,SWE,AUS,3802
2048285,216,14,1072,2004,0.0,35835.0,0.5150359999999999,1.583019,THA,AUS,3802
2048286,220,14,1072,2004,0.0,1256.0,0.935424,-0.080261,TLS,AUS,3802
2048287,226,14,1072,2004,0.0,28573.0,-1.022658,-0.007045999999999999,TZA,AUS,3802
2048288,231,14,1072,2004,7883084.0,46876.0,1.7598630000000002,0.066704,USA,AUS,3802
2048289,239,14,1072,2004,0.0,58044.0,-0.5270560000000001,0.8910389999999999,VNM,AUS,3802
2048290,246,14,1072,2004,131257.0,14443.0,0.460279,1.9736220000000002,ZAF,AUS,3802
2048291,249,14,1072,2004,53174.0,0.0,1.626307,1.358315,TWN,AUS,3802
2048292,18,15,1072,2004,354545.0,44451.0,1.350911,1.408209,BEL,AUT,3802
2048293,23,15,1072,2004,0.0,253824.0,0.35536,1.499182,BGR,AUT,3802
2048294,26,15,1072,2004,0.0,88266.0,0.385952,0.571774,BIH,AUT,3802
2048295,39,15,1072,2004,0.0,3383.0,0.9392739999999999,1.19228,CAN,AUT,3802
2048296,41,15,1072,2004,17241.0,78500.0,2.151471,0.7196279999999999,CHE,AUT,3802
2048297,43,15,1072,2004,40200.0,0.0,0.581548,2.8689880000000003,CHN,AUT,3802
2048298,58,15,1072,2004,0.0,1511.0,0.533521,0.615939,CYP,AUT,3802
2048299,59,15,1072,2004,2773.0,112190.0,1.562625,0.865244,CZE,AUT,3802
2048300,61,15,1072,2004,8157744.0,3156278.0,2.266076,-2.011139,DEU,AUT,3802
2048301,64,15,1072,2004,0.0,1758.0,1.328968,1.262743,DNK,AUT,3802
2048302,68,15,1072,2004,0.0,10866.0,-0.300563,0.41834899999999997,EGY,AUT,3802
2048303,71,15,1072,2004,225219.0,0.0,0.9784649999999999,2.051216,ESP,AUT,3802
2048304,77,15,1072,2004,562970.0,17495.0,1.6003530000000001,0.643945,FRA,AUT,3802
2048305,81,15,1072,2004,706724.0,37629.0,1.843506,0.684779,GBR,AUT,3802
2048306,100,15,1072,2004,0.0,46183.0,0.6669970000000001,1.088043,HRV,AUT,3802
2048307,102,15,1072,2004,490148.0,334229.0,1.207082,1.019714,HUN,AUT,3802
2048308,103,15,1072,2004,35774.0,1027.0,-0.223644,1.719065,IDN,AUT,3802
2048309,104,15,1072,2004,100261.0,1327.0,0.233348,2.790987,IND,AUT,3802
2048310,109,15,1072,2004,300907.0,0.0,0.298844,-0.36366,ISL,AUT,3802
2048311,111,15,1072,2004,542418.0,40447.0,1.358057,1.11533,ITA,AUT,3802
2048312,114,15,1072,2004,0.0,16948.0,2.526624,0.452054,JPN,AUT,3802
2048313,138,15,1072,2004,0.0,23600.0,0.868684,0.85506,MEX,AUT,3802
2048314,140,15,1072,2004,0.0,33532.0,-0.091013,0.190649,MKD,AUT,3802
2048315,153,15,1072,2004,712067.0,0.0,0.6710050000000001,0.17807,MYS,AUT,3802
2048316,162,15,1072,2004,36191.0,5461.0,1.251808,1.586526,NLD,AUT,3802
2048317,163,15,1072,2004,0.0,6469.0,1.10162,0.118709,NOR,AUT,3802
2048318,174,15,1072,2004,79786.0,0.0,-0.076709,-0.149006,PHL,AUT,3802
2048319,177,15,1072,2004,0.0,77075.0,1.019341,1.519452,POL,AUT,3802
2048320,179,15,1072,2004,0.0,1019.0,0.524524,1.901139,PRT,AUT,3802
2048321,185,15,1072,2004,0.0,223550.0,0.37241599999999997,1.015865,ROU,AUT,3802
2048322,186,15,1072,2004,0.0,421637.0,0.8952399999999999,0.172896,RUS,AUT,3802
2048323,189,15,1072,2004,7284.0,130441.0,0.628071,2.210424,SCG,AUT,3802
2048324,206,15,1072,2004,18547.0,49885.0,1.2375120000000002,0.8777889999999999,SVK,AUT,3802
2048325,207,15,1072,2004,36683.0,76741.0,1.628643,1.02381,SVN,AUT,3802
2048326,208,15,1072,2004,2871.0,3023.0,2.0522080000000003,0.8326969999999999,SWE,AUT,3802
2048327,216,15,1072,2004,115556.0,0.0,0.5150359999999999,1.583019,THA,AUT,3802
2048328,224,15,1072,2004,0.0,1985.0,0.141454,1.9463599999999999,TUR,AUT,3802
2048329,228,15,1072,2004,0.0,43029.0,0.8758040000000001,0.8195879999999999,UKR,AUT,3802
2048330,230,15,1072,2004,0.0,3573.0,0.151633,0.121776,URY,AUT,3802
2048331,231,15,1072,2004,730891.0,4070.0,1.7598630000000002,0.066704,USA,AUT,3802
2048332,8,18,1072,2004,21442.0,6962.0,0.28128600000000004,0.64115,ARG,BEL,3802
2048333,14,18,1072,2004,79125.0,0.0,0.196641,0.8139460000000001,AUS,BEL,3802
2048334,15,18,1072,2004,44451.0,354545.0,1.825391,0.40553,AUT,BEL,3802
2048335,17,18,1072,2004,0.0,5724.0,-0.939393,-0.919969,BDI,BEL,3802
2048336,32,18,1072,2004,0.0,24374.0,0.540718,1.149065,BRA,BEL,3802
2048337,39,18,1072,2004,36060.0,0.0,0.9392739999999999,1.19228,CAN,BEL,3802
2048338,41,18,1072,2004,685409.0,1525878.0,2.151471,0.7196279999999999,CHE,BEL,3802
2048339,43,18,1072,2004,4461206.0,52236.0,0.581548,2.8689880000000003,CHN,BEL,3802
2048340,45,18,1072,2004,0.0,106085.0,-1.604916,-1.217399,CMR,BEL,3802
2048341,47,18,1072,2004,0.0,58237.0,-1.610222,-1.184921,COG,BEL,3802
2048342,52,18,1072,2004,0.0,5133.0,-0.043266000000000006,-0.376239,CRI,BEL,3802
2048343,59,18,1072,2004,0.0,312965.0,1.562625,0.865244,CZE,BEL,3802
2048344,61,18,1072,2004,8243280.0,8595065.0,2.266076,-2.011139,DEU,BEL,3802
2048345,62,18,1072,2004,0.0,1025.0,-0.12463699999999998,-0.304559,DJI,BEL,3802
2048346,64,18,1072,2004,1993.0,3075817.0,1.328968,1.262743,DNK,BEL,3802
2048347,66,18,1072,2004,0.0,40233.0,-0.725066,-1.163606,DZA,BEL,3802
2048348,71,18,1072,2004,1934918.0,3144979.0,0.9784649999999999,2.051216,ESP,BEL,3802
2048349,72,18,1072,2004,0.0,95265.0,0.6101840000000001,0.9520370000000001,EST,BEL,3802
2048350,73,18,1072,2004,0.0,1846.0,-1.156284,-0.900874,ETH,BEL,3802
2048351,74,18,1072,2004,30025.0,394490.0,2.000218,0.9867309999999999,FIN,BEL,3802
2048352,77,18,1072,2004,3571356.0,13341627.0,1.6003530000000001,0.643945,FRA,BEL,3802
2048353,80,18,1072,2004,0.0,74683.0,-0.700329,-1.137018,GAB,BEL,3802
2048354,81,18,1072,2004,3631726.0,4459568.0,1.843506,0.684779,GBR,BEL,3802
2048355,90,18,1072,2004,0.0,94071.0,0.348853,1.661656,GRC,BEL,3802
2048356,100,18,1072,2004,0.0,170391.0,0.6669970000000001,1.088043,HRV,BEL,3802
2048357,102,18,1072,2004,0.0,354870.0,1.207082,1.019714,HUN,BEL,3802
2048358,103,18,1072,2004,88424.0,3627.0,-0.223644,1.719065,IDN,BEL,3802
2048359,104,18,1072,2004,150038.0,131694.0,0.233348,2.790987,IND,BEL,3802
2048360,106,18,1072,2004,32829.0,88195.0,1.501859,0.14456,IRL,BEL,3802
2048361,107,18,1072,2004,0.0,94811.0,-0.38210700000000003,-0.8408620000000001,IRN,BEL,3802
2048362,109,18,1072,2004,360671.0,0.0,0.298844,-0.36366,ISL,BEL,3802
2048363,110,18,1072,2004,0.0,55956.0,1.250393,0.8003979999999999,ISR,BEL,3802
2048364,111,18,1072,2004,90849.0,2033670.0,1.358057,1.11533,ITA,BEL,3802
2048365,114,18,1072,2004,599864.0,0.0,2.526624,0.452054,JPN,BEL,3802
2048366,115,18,1072,2004,0.0,33271.0,-0.09288300000000001,-0.537664,KAZ,BEL,3802
2048367,122,18,1072,2004,0.0,44071.0,-0.481908,-1.172081,KWT,BEL,3802
2048368,128,18,1072,2004,111987.0,8391.0,-0.658668,0.21912600000000002,LKA,BEL,3802
2048369,131,18,1072,2004,0.0,110768.0,1.37529,1.0172649999999999,LUX,BEL,3802
2048370,132,18,1072,2004,0.0,1283.0,0.413821,0.627853,LVA,BEL,3802
2048371,134,18,1072,2004,0.0,1641.0,-0.681556,-0.152372,MAR,BEL,3802
2048372,135,18,1072,2004,0.0,54302.0,-0.155523,-0.355142,MDA,BEL,3802
2048373,136,18,1072,2004,0.0,10930.0,-1.355542,-0.634409,MDG,BEL,3802
2048374,138,18,1072,2004,0.0,1867.0,0.868684,0.85506,MEX,BEL,3802
2048375,142,18,1072,2004,0.0,2451.0,1.251894,0.063827,MLT,BEL,3802
2048376,153,18,1072,2004,127360.0,9780.0,0.6710050000000001,0.17807,MYS,BEL,3802
2048377,162,18,1072,2004,3030565.0,2287271.0,1.251808,1.586526,NLD,BEL,3802
2048378,163,18,1072,2004,0.0,144545.0,1.10162,0.118709,NOR,BEL,3802
2048379,166,18,1072,2004,0.0,29133.0,0.567392,0.965781,NZL,BEL,3802
2048380,168,18,1072,2004,0.0,29782.0,-0.754143,0.25995100000000004,PAK,BEL,3802
2048381,169,18,1072,2004,0.0,6403.0,-0.011979,0.261315,PAN,BEL,3802
2048382,174,18,1072,2004,114748.0,0.0,-0.076709,-0.149006,PHL,BEL,3802
2048383,177,18,1072,2004,80530.0,969091.0,1.019341,1.519452,POL,BEL,3802
2048384,179,18,1072,2004,0.0,354112.0,0.524524,1.901139,PRT,BEL,3802
2048385,185,18,1072,2004,0.0,28042.0,0.37241599999999997,1.015865,ROU,BEL,3802
2048386,186,18,1072,2004,0.0,126659.0,0.8952399999999999,0.172896,RUS,BEL,3802
2048387,190,18,1072,2004,0.0,5870.0,-1.5346309999999999,-1.2599559999999999,SDN,BEL,3802
2048388,206,18,1072,2004,0.0,142086.0,1.2375120000000002,0.8777889999999999,SVK,BEL,3802
2048389,207,18,1072,2004,0.0,21014.0,1.628643,1.02381,SVN,BEL,3802
2048390,208,18,1072,2004,24678.0,461718.0,2.0522080000000003,0.8326969999999999,SWE,BEL,3802
2048391,215,18,1072,2004,0.0,7479.0,-0.6788270000000001,-0.482984,TGO,BEL,3802
2048392,216,18,1072,2004,46710.0,74473.0,0.5150359999999999,1.583019,THA,BEL,3802
2048393,223,18,1072,2004,1263.0,24068.0,-0.195751,0.335147,TUN,BEL,3802
2048394,224,18,1072,2004,0.0,39807.0,0.141454,1.9463599999999999,TUR,BEL,3802
2048395,228,18,1072,2004,0.0,7804.0,0.8758040000000001,0.8195879999999999,UKR,BEL,3802
2048396,231,18,1072,2004,16351669.0,216215.0,1.7598630000000002,0.066704,USA,BEL,3802
2048397,236,18,1072,2004,0.0,6350.0,0.048698000000000005,-0.899776,VEN,BEL,3802
2048398,239,18,1072,2004,0.0,29430.0,-0.5270560000000001,0.8910389999999999,VNM,BEL,3802
2048399,243,18,1072,2004,0.0,6046.0,-1.15115,-1.207897,YEM,BEL,3802
2048400,249,18,1072,2004,9165.0,0.0,1.626307,1.358315,TWN,BEL,3802
2048401,169,25,1072,2004,309.0,0.0,-0.011979,0.261315,PAN,BHS,3802
2048402,231,25,1072,2004,121171.0,0.0,1.7598630000000002,0.066704,USA,BHS,3802
2048403,8,32,1072,2004,402890.0,1342436.0,0.28128600000000004,0.64115,ARG,BRA,3802
2048404,14,32,1072,2004,2341.0,0.0,0.196641,0.8139460000000001,AUS,BRA,3802
2048405,18,32,1072,2004,24374.0,0.0,1.350911,1.408209,BEL,BRA,3802
2048406,31,32,1072,2004,0.0,55406.0,-0.9288489999999999,-0.929884,BOL,BRA,3802
2048407,39,32,1072,2004,7132.0,183991.0,0.9392739999999999,1.19228,CAN,BRA,3802
2048408,42,32,1072,2004,1302738.0,204198.0,-0.07869,-0.33641,CHL,BRA,3802
2048409,43,32,1072,2004,173295.0,0.0,0.581548,2.8689880000000003,CHN,BRA,3802
2048410,49,32,1072,2004,0.0,67717.0,0.033128,0.47524799999999995,COL,BRA,3802
2048411,61,32,1072,2004,404584.0,0.0,2.266076,-2.011139,DEU,BRA,3802
2048412,65,32,1072,2004,0.0,5939.0,-0.510025,-0.328257,DOM,BRA,3802
2048413,66,32,1072,2004,0.0,37881.0,-0.725066,-1.163606,DZA,BRA,3802
2048414,67,32,1072,2004,0.0,48297.0,-1.149101,-1.013619,ECU,BRA,3802
2048415,71,32,1072,2004,69273.0,187026.0,0.9784649999999999,2.051216,ESP,BRA,3802
2048416,77,32,1072,2004,606150.0,0.0,1.6003530000000001,0.643945,FRA,BRA,3802
2048417,81,32,1072,2004,260131.0,0.0,1.843506,0.684779,GBR,BRA,3802
2048418,93,32,1072,2004,6467.0,6530.0,-0.46136000000000005,0.148122,GTM,BRA,3802
2048419,103,32,1072,2004,379829.0,0.0,-0.223644,1.719065,IDN,BRA,3802
2048420,104,32,1072,2004,1873.0,7382.0,0.233348,2.790987,IND,BRA,3802
2048421,111,32,1072,2004,261563.0,160659.0,1.358057,1.11533,ITA,BRA,3802
2048422,114,32,1072,2004,57365.0,158501.0,2.526624,0.452054,JPN,BRA,3802
2048423,121,32,1072,2004,2809.0,0.0,1.3624690000000002,0.928342,KOR,BRA,3802
2048424,128,32,1072,2004,13515.0,0.0,-0.658668,0.21912600000000002,LKA,BRA,3802
2048425,138,32,1072,2004,2079029.0,162539.0,0.868684,0.85506,MEX,BRA,3802
2048426,162,32,1072,2004,163509.0,36047.0,1.251808,1.586526,NLD,BRA,3802
2048427,173,32,1072,2004,0.0,21504.0,-0.564244,0.131232,PER,BRA,3802
2048428,174,32,1072,2004,111364.0,0.0,-0.076709,-0.149006,PHL,BRA,3802
2048429,177,32,1072,2004,14147.0,11980.0,1.019341,1.519452,POL,BRA,3802
2048430,179,32,1072,2004,0.0,1014.0,0.524524,1.901139,PRT,BRA,3802
2048431,180,32,1072,2004,0.0,286416.0,-0.64574,-0.978875,PRY,BRA,3802
2048432,186,32,1072,2004,0.0,1361690.0,0.8952399999999999,0.172896,RUS,BRA,3802
2048433,192,32,1072,2004,0.0,13814.0,1.6409779999999998,0.634947,SGP,BRA,3802
2048434,197,32,1072,2004,0.0,1552.0,-0.20529499999999998,0.1116,SLV,BRA,3802
2048435,230,32,1072,2004,0.0,86500.0,0.151633,0.121776,URY,BRA,3802
2048436,231,32,1072,2004,5183024.0,472369.0,1.7598630000000002,0.066704,USA,BRA,3802
2048437,236,32,1072,2004,0.0,20278.0,0.048698000000000005,-0.899776,VEN,BRA,3802
2048438,246,32,1072,2004,8106.0,21098.0,0.460279,1.9736220000000002,ZAF,BRA,3802
2048439,81,33,1072,2004,79258.0,0.0,1.843506,0.684779,GBR,BRB,3802
2048440,207,33,1072,2004,0.0,13132.0,1.628643,1.02381,SVN,BRB,3802
2048441,231,33,1072,2004,10821.0,0.0,1.7598630000000002,0.066704,USA,BRB,3802
2048442,8,39,1072,2004,111992.0,0.0,0.28128600000000004,0.64115,ARG,CAN,3802
2048443,14,39,1072,2004,9906.0,9907.0,0.196641,0.8139460000000001,AUS,CAN,3802
2048444,15,39,1072,2004,3383.0,0.0,1.825391,0.40553,AUT,CAN,3802
2048445,18,39,1072,2004,0.0,36060.0,1.350911,1.408209,BEL,CAN,3802
2048446,32,39,1072,2004,183991.0,7132.0,0.540718,1.149065,BRA,CAN,3802
2048447,41,39,1072,2004,14309.0,38924.0,2.151471,0.7196279999999999,CHE,CAN,3802
2048448,42,39,1072,2004,0.0,3372.0,-0.07869,-0.33641,CHL,CAN,3802
2048449,43,39,1072,2004,1451661.0,202306.0,0.581548,2.8689880000000003,CHN,CAN,3802
2048450,49,39,1072,2004,0.0,11204.0,0.033128,0.47524799999999995,COL,CAN,3802
2048451,54,39,1072,2004,0.0,16029.0,-0.040541,-0.634675,CUB,CAN,3802
2048452,61,39,1072,2004,168958.0,47800.0,2.266076,-2.011139,DEU,CAN,3802
2048453,71,39,1072,2004,49252.0,0.0,0.9784649999999999,2.051216,ESP,CAN,3802
2048454,74,39,1072,2004,0.0,41773.0,2.000218,0.9867309999999999,FIN,CAN,3802
2048455,77,39,1072,2004,73132.0,4141.0,1.6003530000000001,0.643945,FRA,CAN,3802
2048456,81,39,1072,2004,1041264.0,1779.0,1.843506,0.684779,GBR,CAN,3802
2048457,90,39,1072,2004,5028469.0,0.0,0.348853,1.661656,GRC,CAN,3802
2048458,93,39,1072,2004,0.0,1487.0,-0.46136000000000005,0.148122,GTM,CAN,3802
2048459,97,39,1072,2004,0.0,12787.0,0.604825,2.098745,HKG,CAN,3802
2048460,100,39,1072,2004,0.0,9008.0,0.6669970000000001,1.088043,HRV,CAN,3802
2048461,102,39,1072,2004,944.0,0.0,1.207082,1.019714,HUN,CAN,3802
2048462,103,39,1072,2004,62613.0,4082.0,-0.223644,1.719065,IDN,CAN,3802
2048463,104,39,1072,2004,13547.0,1621417.0,0.233348,2.790987,IND,CAN,3802
2048464,110,39,1072,2004,0.0,13836.0,1.250393,0.8003979999999999,ISR,CAN,3802
2048465,111,39,1072,2004,17028.0,0.0,1.358057,1.11533,ITA,CAN,3802
2048466,112,39,1072,2004,0.0,1315.0,-0.64957,-0.944183,JAM,CAN,3802
2048467,114,39,1072,2004,267872.0,0.0,2.526624,0.452054,JPN,CAN,3802
2048468,121,39,1072,2004,55836.0,12192.0,1.3624690000000002,0.928342,KOR,CAN,3802
2048469,128,39,1072,2004,247908.0,0.0,-0.658668,0.21912600000000002,LKA,CAN,3802
2048470,138,39,1072,2004,76104.0,10650.0,0.868684,0.85506,MEX,CAN,3802
2048471,153,39,1072,2004,34133.0,0.0,0.6710050000000001,0.17807,MYS,CAN,3802
2048472,157,39,1072,2004,0.0,29885.0,-0.8203799999999999,-0.7488,NER,CAN,3802
2048473,162,39,1072,2004,130281.0,78344.0,1.251808,1.586526,NLD,CAN,3802
2048474,166,39,1072,2004,0.0,7969.0,0.567392,0.965781,NZL,CAN,3802
2048475,173,39,1072,2004,0.0,4742.0,-0.564244,0.131232,PER,CAN,3802
2048476,174,39,1072,2004,356840.0,6516.0,-0.076709,-0.149006,PHL,CAN,3802
2048477,179,39,1072,2004,0.0,9991.0,0.524524,1.901139,PRT,CAN,3802
2048478,183,39,1072,2004,0.0,4194.0,0.21713400000000002,-1.031806,QAT,CAN,3802
2048479,188,39,1072,2004,0.0,9789.0,0.546196,-0.7014729999999999,SAU,CAN,3802
2048480,192,39,1072,2004,0.0,18370.0,1.6409779999999998,0.634947,SGP,CAN,3802
2048481,208,39,1072,2004,3811.0,0.0,2.0522080000000003,0.8326969999999999,SWE,CAN,3802
2048482,216,39,1072,2004,41961.0,21152.0,0.5150359999999999,1.583019,THA,CAN,3802
2048483,231,39,1072,2004,28727758.0,2496056.0,1.7598630000000002,0.066704,USA,CAN,3802
2048484,246,39,1072,2004,0.0,3758.0,0.460279,1.9736220000000002,ZAF,CAN,3802
2048485,249,39,1072,2004,27051.0,104116.0,1.626307,1.358315,TWN,CAN,3802
2048486,2,41,1072,2004,0.0,1222.0,-0.8513709999999999,-1.173397,AGO,CHE,3802
2048487,15,41,1072,2004,78500.0,17241.0,1.825391,0.40553,AUT,CHE,3802
2048488,18,41,1072,2004,1525878.0,685409.0,1.350911,1.408209,BEL,CHE,3802
2048489,39,41,1072,2004,38924.0,14309.0,0.9392739999999999,1.19228,CAN,CHE,3802
2048490,43,41,1072,2004,19646.0,213178.0,0.581548,2.8689880000000003,CHN,CHE,3802
2048491,59,41,1072,2004,13822.0,108084.0,1.562625,0.865244,CZE,CHE,3802
2048492,61,41,1072,2004,4130508.0,1056517.0,2.266076,-2.011139,DEU,CHE,3802
2048493,64,41,1072,2004,6027.0,0.0,1.328968,1.262743,DNK,CHE,3802
2048494,68,41,1072,2004,0.0,6755.0,-0.300563,0.41834899999999997,EGY,CHE,3802
2048495,71,41,1072,2004,259965.0,67187.0,0.9784649999999999,2.051216,ESP,CHE,3802
2048496,74,41,1072,2004,21492.0,5463.0,2.000218,0.9867309999999999,FIN,CHE,3802
2048497,77,41,1072,2004,1928844.0,191639.0,1.6003530000000001,0.643945,FRA,CHE,3802
2048498,81,41,1072,2004,1617524.0,15692.0,1.843506,0.684779,GBR,CHE,3802
2048499,90,41,1072,2004,2522938.0,75358.0,0.348853,1.661656,GRC,CHE,3802
2048500,102,41,1072,2004,0.0,10338.0,1.207082,1.019714,HUN,CHE,3802
2048501,103,41,1072,2004,5132.0,0.0,-0.223644,1.719065,IDN,CHE,3802
2048502,104,41,1072,2004,0.0,21716.0,0.233348,2.790987,IND,CHE,3802
2048503,106,41,1072,2004,6946.0,0.0,1.501859,0.14456,IRL,CHE,3802
2048504,110,41,1072,2004,0.0,54541.0,1.250393,0.8003979999999999,ISR,CHE,3802
2048505,111,41,1072,2004,775534.0,37045.0,1.358057,1.11533,ITA,CHE,3802
2048506,114,41,1072,2004,4013.0,47600.0,2.526624,0.452054,JPN,CHE,3802
2048507,115,41,1072,2004,0.0,4077.0,-0.09288300000000001,-0.537664,KAZ,CHE,3802
2048508,116,41,1072,2004,0.0,11230.0,-0.503694,0.410495,KEN,CHE,3802
2048509,140,41,1072,2004,0.0,740.0,-0.091013,0.190649,MKD,CHE,3802
2048510,153,41,1072,2004,8424.0,0.0,0.6710050000000001,0.17807,MYS,CHE,3802
2048511,155,41,1072,2004,0.0,65630.0,-0.40995299999999996,-0.550272,NAM,CHE,3802
2048512,162,41,1072,2004,1367920.0,19022.0,1.251808,1.586526,NLD,CHE,3802
2048513,174,41,1072,2004,632290.0,1822.0,-0.076709,-0.149006,PHL,CHE,3802
2048514,177,41,1072,2004,4472.0,34405.0,1.019341,1.519452,POL,CHE,3802
2048515,179,41,1072,2004,4091.0,0.0,0.524524,1.901139,PRT,CHE,3802
2048516,185,41,1072,2004,0.0,3487.0,0.37241599999999997,1.015865,ROU,CHE,3802
2048517,186,41,1072,2004,6261.0,0.0,0.8952399999999999,0.172896,RUS,CHE,3802
2048518,189,41,1072,2004,6644.0,0.0,0.628071,2.210424,SCG,CHE,3802
2048519,190,41,1072,2004,0.0,566.0,-1.5346309999999999,-1.2599559999999999,SDN,CHE,3802
2048520,206,41,1072,2004,0.0,4524.0,1.2375120000000002,0.8777889999999999,SVK,CHE,3802
2048521,207,41,1072,2004,0.0,1512.0,1.628643,1.02381,SVN,CHE,3802
2048522,216,41,1072,2004,0.0,16304.0,0.5150359999999999,1.583019,THA,CHE,3802
2048523,224,41,1072,2004,0.0,2975.0,0.141454,1.9463599999999999,TUR,CHE,3802
2048524,226,41,1072,2004,0.0,7394.0,-1.022658,-0.007045999999999999,TZA,CHE,3802
2048525,231,41,1072,2004,285061.0,26795.0,1.7598630000000002,0.066704,USA,CHE,3802
2048526,236,41,1072,2004,0.0,5628.0,0.048698000000000005,-0.899776,VEN,CHE,3802
2048527,246,41,1072,2004,0.0,986.0,0.460279,1.9736220000000002,ZAF,CHE,3802
2048528,249,41,1072,2004,14381.0,0.0,1.626307,1.358315,TWN,CHE,3802
2048529,7,43,1072,2004,0.0,292862.0,0.1799,-0.34541900000000003,ARE,CHN,3802
2048530,8,43,1072,2004,8917.0,1110111.0,0.28128600000000004,0.64115,ARG,CHN,3802
2048531,14,43,1072,2004,16835.0,1900207.0,0.196641,0.8139460000000001,AUS,CHN,3802
2048532,15,43,1072,2004,0.0,40200.0,1.825391,0.40553,AUT,CHN,3802
2048533,18,43,1072,2004,52236.0,4461206.0,1.350911,1.408209,BEL,CHN,3802
2048534,19,43,1072,2004,0.0,6857.0,-1.299345,-0.9871260000000001,BEN,CHN,3802
2048535,22,43,1072,2004,0.0,606594.0,-1.150444,-0.885333,BGD,CHN,3802
2048536,23,43,1072,2004,0.0,26074.0,0.35536,1.499182,BGR,CHN,3802
2048537,24,43,1072,2004,0.0,4221.0,0.045344999999999996,-1.001059,BHR,CHN,3802
2048538,26,43,1072,2004,0.0,3395.0,0.385952,0.571774,BIH,CHN,3802
2048539,28,43,1072,2004,0.0,10673.0,0.8553139999999999,0.703926,BLR,CHN,3802
2048540,31,43,1072,2004,0.0,10149.0,-0.9288489999999999,-0.929884,BOL,CHN,3802
2048541,32,43,1072,2004,0.0,173295.0,0.540718,1.149065,BRA,CHN,3802
2048542,39,43,1072,2004,202306.0,1451661.0,0.9392739999999999,1.19228,CAN,CHN,3802
2048543,41,43,1072,2004,213178.0,19646.0,2.151471,0.7196279999999999,CHE,CHN,3802
2048544,42,43,1072,2004,0.0,61743.0,-0.07869,-0.33641,CHL,CHN,3802
2048545,44,43,1072,2004,0.0,171779.0,-0.8490979999999999,-0.754732,CIV,CHN,3802
2048546,45,43,1072,2004,0.0,24155.0,-1.604916,-1.217399,CMR,CHN,3802
2048547,49,43,1072,2004,0.0,81913.0,0.033128,0.47524799999999995,COL,CHN,3802
2048548,52,43,1072,2004,0.0,29296.0,-0.043266000000000006,-0.376239,CRI,CHN,3802
2048549,54,43,1072,2004,0.0,3819.0,-0.040541,-0.634675,CUB,CHN,3802
2048550,59,43,1072,2004,0.0,51252.0,1.562625,0.865244,CZE,CHN,3802
2048551,61,43,1072,2004,2631500.0,3776454.0,2.266076,-2.011139,DEU,CHN,3802
2048552,64,43,1072,2004,30899.0,123300.0,1.328968,1.262743,DNK,CHN,3802
2048553,66,43,1072,2004,0.0,82354.0,-0.725066,-1.163606,DZA,CHN,3802
2048554,68,43,1072,2004,0.0,209560.0,-0.300563,0.41834899999999997,EGY,CHN,3802
2048555,71,43,1072,2004,3340.0,247053.0,0.9784649999999999,2.051216,ESP,CHN,3802
2048556,72,43,1072,2004,0.0,1625.0,0.6101840000000001,0.9520370000000001,EST,CHN,3802
2048557,74,43,1072,2004,0.0,79049.0,2.000218,0.9867309999999999,FIN,CHN,3802
2048558,77,43,1072,2004,116533.0,1005605.0,1.6003530000000001,0.643945,FRA,CHN,3802
2048559,81,43,1072,2004,409527.0,3048523.0,1.843506,0.684779,GBR,CHN,3802
2048560,82,43,1072,2004,0.0,4654.0,0.381348,-0.44259,GEO,CHN,3802
2048561,83,43,1072,2004,0.0,62214.0,-1.2972540000000001,-0.9967219999999999,GHA,CHN,3802
2048562,90,43,1072,2004,0.0,123250.0,0.348853,1.661656,GRC,CHN,3802
2048563,93,43,1072,2004,0.0,30208.0,-0.46136000000000005,0.148122,GTM,CHN,3802
2048564,97,43,1072,2004,313270.0,1553960.0,0.604825,2.098745,HKG,CHN,3802
2048565,99,43,1072,2004,0.0,5203.0,-0.75975,-0.548407,HND,CHN,3802
2048566,100,43,1072,2004,0.0,2143.0,0.6669970000000001,1.088043,HRV,CHN,3802
2048567,102,43,1072,2004,0.0,49894.0,1.207082,1.019714,HUN,CHN,3802
2048568,103,43,1072,2004,556050.0,946552.0,-0.223644,1.719065,IDN,CHN,3802
2048569,104,43,1072,2004,64166.0,1301280.0,0.233348,2.790987,IND,CHN,3802
2048570,106,43,1072,2004,0.0,4500.0,1.501859,0.14456,IRL,CHN,3802
2048571,107,43,1072,2004,0.0,691870.0,-0.38210700000000003,-0.8408620000000001,IRN,CHN,3802
2048572,110,43,1072,2004,0.0,218289.0,1.250393,0.8003979999999999,ISR,CHN,3802
2048573,111,43,1072,2004,36904.0,7635688.0,1.358057,1.11533,ITA,CHN,3802
2048574,113,43,1072,2004,0.0,126695.0,0.152989,0.385845,JOR,CHN,3802
2048575,114,43,1072,2004,8354179.0,36831323.0,2.526624,0.452054,JPN,CHN,3802
2048576,115,43,1072,2004,0.0,185990.0,-0.09288300000000001,-0.537664,KAZ,CHN,3802
2048577,116,43,1072,2004,0.0,144839.0,-0.503694,0.410495,KEN,CHN,3802
2048578,118,43,1072,2004,0.0,6659.0,-1.4676209999999998,-1.1972639999999999,KHM,CHN,3802
2048579,121,43,1072,2004,766924.0,12329905.0,1.3624690000000002,0.928342,KOR,CHN,3802
2048580,122,43,1072,2004,0.0,133313.0,-0.481908,-1.172081,KWT,CHN,3802
2048581,124,43,1072,2004,0.0,12546.0,0.32409899999999997,1.037024,LBN,CHN,3802
2048582,128,43,1072,2004,136847.0,15369.0,-0.658668,0.21912600000000002,LKA,CHN,3802
2048583,132,43,1072,2004,0.0,1883.0,0.413821,0.627853,LVA,CHN,3802
2048584,133,43,1072,2004,0.0,5537.0,-0.351045,-0.487521,MAC,CHN,3802
2048585,134,43,1072,2004,0.0,145570.0,-0.681556,-0.152372,MAR,CHN,3802
2048586,138,43,1072,2004,0.0,354118.0,0.868684,0.85506,MEX,CHN,3802
2048587,140,43,1072,2004,0.0,9732.0,-0.091013,0.190649,MKD,CHN,3802
2048588,141,43,1072,2004,0.0,14767.0,-0.6905100000000001,-0.9162459999999999,MLI,CHN,3802
2048589,142,43,1072,2004,0.0,10026.0,1.251894,0.063827,MLT,CHN,3802
2048590,143,43,1072,2004,38264.0,213202.0,-1.400614,-0.947664,MMR,CHN,3802
2048591,145,43,1072,2004,0.0,5457.0,-1.030558,-1.03145,MNG,CHN,3802
2048592,147,43,1072,2004,0.0,268927.0,-1.1010790000000001,-1.0942,MOZ,CHN,3802
2048593,153,43,1072,2004,96773.0,1174799.0,0.6710050000000001,0.17807,MYS,CHN,3802
2048594,155,43,1072,2004,0.0,63418.0,-0.40995299999999996,-0.550272,NAM,CHN,3802
2048595,159,43,1072,2004,0.0,113352.0,-2.413432,-1.3033190000000001,NGA,CHN,3802
2048596,162,43,1072,2004,252513.0,6914399.0,1.251808,1.586526,NLD,CHN,3802
2048597,163,43,1072,2004,0.0,12174.0,1.10162,0.118709,NOR,CHN,3802
2048598,166,43,1072,2004,208141.0,227039.0,0.567392,0.965781,NZL,CHN,3802
2048599,167,43,1072,2004,0.0,22940.0,-0.62946,-1.108933,OMN,CHN,3802
2048600,168,43,1072,2004,0.0,436490.0,-0.754143,0.25995100000000004,PAK,CHN,3802
2048601,173,43,1072,2004,0.0,48394.0,-0.564244,0.131232,PER,CHN,3802
2048602,174,43,1072,2004,557057.0,391662.0,-0.076709,-0.149006,PHL,CHN,3802
2048603,176,43,1072,2004,0.0,5744.0,-1.7599200000000002,-1.219971,PNG,CHN,3802
2048604,177,43,1072,2004,0.0,218944.0,1.019341,1.519452,POL,CHN,3802
2048605,178,43,1072,2004,0.0,12571.0,0.578991,0.781518,PRK,CHN,3802
2048606,179,43,1072,2004,2770.0,13176.0,0.524524,1.901139,PRT,CHN,3802
2048607,180,43,1072,2004,0.0,1986.0,-0.64574,-0.978875,PRY,CHN,3802
2048608,181,43,1072,2004,0.0,61918.0,-0.20239100000000002,-0.6123460000000001,PSE,CHN,3802
2048609,183,43,1072,2004,0.0,7073.0,0.21713400000000002,-1.031806,QAT,CHN,3802
2048610,185,43,1072,2004,0.0,158912.0,0.37241599999999997,1.015865,ROU,CHN,3802
2048611,186,43,1072,2004,111838.0,1284029.0,0.8952399999999999,0.172896,RUS,CHN,3802
2048612,188,43,1072,2004,0.0,712030.0,0.546196,-0.7014729999999999,SAU,CHN,3802
2048613,189,43,1072,2004,0.0,1539.0,0.628071,2.210424,SCG,CHN,3802
2048614,191,43,1072,2004,0.0,157957.0,-0.527127,-0.368631,SEN,CHN,3802
2048615,192,43,1072,2004,349702.0,468577.0,1.6409779999999998,0.634947,SGP,CHN,3802
2048616,196,43,1072,2004,0.0,18639.0,0.48757399999999995,-0.0064659999999999995,SLE,CHN,3802
2048617,206,43,1072,2004,0.0,26751.0,1.2375120000000002,0.8777889999999999,SVK,CHN,3802
2048618,207,43,1072,2004,0.0,8257.0,1.628643,1.02381,SVN,CHN,3802
2048619,208,43,1072,2004,5337.0,1274667.0,2.0522080000000003,0.8326969999999999,SWE,CHN,3802
2048620,212,43,1072,2004,0.0,21540.0,-0.568707,-0.034736,SYR,CHN,3802
2048621,216,43,1072,2004,215237.0,1646232.0,0.5150359999999999,1.583019,THA,CHN,3802
2048622,222,43,1072,2004,0.0,5306.0,0.00677,-0.965385,TTO,CHN,3802
2048623,223,43,1072,2004,0.0,268133.0,-0.195751,0.335147,TUN,CHN,3802
2048624,224,43,1072,2004,166143.0,319694.0,0.141454,1.9463599999999999,TUR,CHN,3802
2048625,226,43,1072,2004,0.0,12667.0,-1.022658,-0.007045999999999999,TZA,CHN,3802
2048626,228,43,1072,2004,0.0,161481.0,0.8758040000000001,0.8195879999999999,UKR,CHN,3802
2048627,231,43,1072,2004,8596308.0,21763803.0,1.7598630000000002,0.066704,USA,CHN,3802
2048628,232,43,1072,2004,0.0,46381.0,-0.50605,-0.824691,UZB,CHN,3802
2048629,236,43,1072,2004,0.0,88580.0,0.048698000000000005,-0.899776,VEN,CHN,3802
2048630,239,43,1072,2004,76984.0,1710213.0,-0.5270560000000001,0.8910389999999999,VNM,CHN,3802
2048631,243,43,1072,2004,0.0,4005.0,-1.15115,-1.207897,YEM,CHN,3802
2048632,246,43,1072,2004,0.0,1359614.0,0.460279,1.9736220000000002,ZAF,CHN,3802
2048633,248,43,1072,2004,0.0,201572.0,-0.560593,-0.091112,ZWE,CHN,3802
2048634,249,43,1072,2004,723197.0,4441407.0,1.626307,1.358315,TWN,CHN,3802
2048635,8,49,1072,2004,20708.0,0.0,0.28128600000000004,0.64115,ARG,COL,3802
2048636,32,49,1072,2004,67717.0,0.0,0.540718,1.149065,BRA,COL,3802
2048637,39,49,1072,2004,11204.0,0.0,0.9392739999999999,1.19228,CAN,COL,3802
2048638,42,49,1072,2004,53445.0,0.0,-0.07869,-0.33641,CHL,COL,3802
2048639,43,49,1072,2004,81913.0,0.0,0.581548,2.8689880000000003,CHN,COL,3802
2048640,52,49,1072,2004,3047.0,3240.0,-0.043266000000000006,-0.376239,CRI,COL,3802
2048641,54,49,1072,2004,0.0,1331628.0,-0.040541,-0.634675,CUB,COL,3802
2048642,61,49,1072,2004,6281.0,0.0,2.266076,-2.011139,DEU,COL,3802
2048643,67,49,1072,2004,6333.0,6680.0,-1.149101,-1.013619,ECU,COL,3802
2048644,71,49,1072,2004,9050.0,0.0,0.9784649999999999,2.051216,ESP,COL,3802
2048645,77,49,1072,2004,29435.0,0.0,1.6003530000000001,0.643945,FRA,COL,3802
2048646,81,49,1072,2004,358246.0,0.0,1.843506,0.684779,GBR,COL,3802
2048647,93,49,1072,2004,20109.0,6991.0,-0.46136000000000005,0.148122,GTM,COL,3802
2048648,99,49,1072,2004,0.0,1362153.0,-0.75975,-0.548407,HND,COL,3802
2048649,111,49,1072,2004,27872.0,0.0,1.358057,1.11533,ITA,COL,3802
2048650,138,49,1072,2004,1536309.0,149566.0,0.868684,0.85506,MEX,COL,3802
2048651,162,49,1072,2004,14494.0,9999.0,1.251808,1.586526,NLD,COL,3802
2048652,173,49,1072,2004,731662.0,6426.0,-0.564244,0.131232,PER,COL,3802
2048653,208,49,1072,2004,5255.0,0.0,2.0522080000000003,0.8326969999999999,SWE,COL,3802
2048654,231,49,1072,2004,156224.0,38800.0,1.7598630000000002,0.066704,USA,COL,3802
2048655,236,49,1072,2004,5712.0,34271.0,0.048698000000000005,-0.899776,VEN,COL,3802
2048656,18,52,1072,2004,5133.0,0.0,1.350911,1.408209,BEL,CRI,3802
2048657,43,52,1072,2004,29296.0,0.0,0.581548,2.8689880000000003,CHN,CRI,3802
2048658,49,52,1072,2004,3240.0,3047.0,0.033128,0.47524799999999995,COL,CRI,3802
2048659,61,52,1072,2004,21815.0,0.0,2.266076,-2.011139,DEU,CRI,3802
2048660,93,52,1072,2004,0.0,3980.0,-0.46136000000000005,0.148122,GTM,CRI,3802
2048661,110,52,1072,2004,52746.0,0.0,1.250393,0.8003979999999999,ISR,CRI,3802
2048662,138,52,1072,2004,659368.0,0.0,0.868684,0.85506,MEX,CRI,3802
2048663,231,52,1072,2004,303915.0,0.0,1.7598630000000002,0.066704,USA,CRI,3802
2048664,249,52,1072,2004,1126.0,0.0,1.626307,1.358315,TWN,CRI,3802
2048665,39,54,1072,2004,16029.0,0.0,0.9392739999999999,1.19228,CAN,CUB,3802
2048666,43,54,1072,2004,3819.0,0.0,0.581548,2.8689880000000003,CHN,CUB,3802
2048667,49,54,1072,2004,1331628.0,0.0,0.033128,0.47524799999999995,COL,CUB,3802
2048668,61,54,1072,2004,5115.0,0.0,2.266076,-2.011139,DEU,CUB,3802
2048669,71,54,1072,2004,31506.0,0.0,0.9784649999999999,2.051216,ESP,CUB,3802
2048670,77,54,1072,2004,10132.0,0.0,1.6003530000000001,0.643945,FRA,CUB,3802
2048671,111,54,1072,2004,2877.0,0.0,1.358057,1.11533,ITA,CUB,3802
2048672,138,54,1072,2004,400288.0,0.0,0.868684,0.85506,MEX,CUB,3802
2048673,162,54,1072,2004,65490.0,0.0,1.251808,1.586526,NLD,CUB,3802
2048674,173,54,1072,2004,0.0,1476.0,-0.564244,0.131232,PER,CUB,3802
2048675,4,61,1072,2004,0.0,121393.0,-0.131892,0.14985199999999999,ALB,DEU,3802
2048676,7,61,1072,2004,0.0,97675.0,0.1799,-0.34541900000000003,ARE,DEU,3802
2048677,8,61,1072,2004,0.0,51708.0,0.28128600000000004,0.64115,ARG,DEU,3802
2048678,14,61,1072,2004,14054.0,118723.0,0.196641,0.8139460000000001,AUS,DEU,3802
2048679,15,61,1072,2004,3156278.0,8157744.0,1.825391,0.40553,AUT,DEU,3802
2048680,16,61,1072,2004,0.0,23492.0,-0.393221,-0.9494440000000001,AZE,DEU,3802
2048681,18,61,1072,2004,8595065.0,8243280.0,1.350911,1.408209,BEL,DEU,3802
2048682,19,61,1072,2004,0.0,32181.0,-1.299345,-0.9871260000000001,BEN,DEU,3802
2048683,23,61,1072,2004,10424.0,488637.0,0.35536,1.499182,BGR,DEU,3802
2048684,24,61,1072,2004,0.0,25006.0,0.045344999999999996,-1.001059,BHR,DEU,3802
2048685,26,61,1072,2004,0.0,61774.0,0.385952,0.571774,BIH,DEU,3802
2048686,28,61,1072,2004,0.0,265476.0,0.8553139999999999,0.703926,BLR,DEU,3802
2048687,31,61,1072,2004,0.0,3416.0,-0.9288489999999999,-0.929884,BOL,DEU,3802
2048688,32,61,1072,2004,0.0,404584.0,0.540718,1.149065,BRA,DEU,3802
2048689,39,61,1072,2004,47800.0,168958.0,0.9392739999999999,1.19228,CAN,DEU,3802
2048690,41,61,1072,2004,1056517.0,4130508.0,2.151471,0.7196279999999999,CHE,DEU,3802
2048691,42,61,1072,2004,0.0,872379.0,-0.07869,-0.33641,CHL,DEU,3802
2048692,43,61,1072,2004,3776454.0,2631500.0,0.581548,2.8689880000000003,CHN,DEU,3802
2048693,45,61,1072,2004,0.0,12054.0,-1.604916,-1.217399,CMR,DEU,3802
2048694,49,61,1072,2004,0.0,6281.0,0.033128,0.47524799999999995,COL,DEU,3802
2048695,52,61,1072,2004,0.0,21815.0,-0.043266000000000006,-0.376239,CRI,DEU,3802
2048696,54,61,1072,2004,0.0,5115.0,-0.040541,-0.634675,CUB,DEU,3802
2048697,58,61,1072,2004,25214.0,24482.0,0.533521,0.615939,CYP,DEU,3802
2048698,59,61,1072,2004,269218.0,2100726.0,1.562625,0.865244,CZE,DEU,3802
2048699,63,61,1072,2004,0.0,5886.0,0.322803,-0.000479,DMA,DEU,3802
2048700,64,61,1072,2004,5440.0,1782729.0,1.328968,1.262743,DNK,DEU,3802
2048701,65,61,1072,2004,0.0,7526.0,-0.510025,-0.328257,DOM,DEU,3802
2048702,66,61,1072,2004,0.0,547806.0,-0.725066,-1.163606,DZA,DEU,3802
2048703,67,61,1072,2004,0.0,5154.0,-1.149101,-1.013619,ECU,DEU,3802
2048704,68,61,1072,2004,0.0,224659.0,-0.300563,0.41834899999999997,EGY,DEU,3802
2048705,71,61,1072,2004,3299801.0,5211171.0,0.9784649999999999,2.051216,ESP,DEU,3802
2048706,72,61,1072,2004,0.0,471041.0,0.6101840000000001,0.9520370000000001,EST,DEU,3802
2048707,73,61,1072,2004,0.0,11179.0,-1.156284,-0.900874,ETH,DEU,3802
2048708,74,61,1072,2004,0.0,2591613.0,2.000218,0.9867309999999999,FIN,DEU,3802
2048709,77,61,1072,2004,12203808.0,9619209.0,1.6003530000000001,0.643945,FRA,DEU,3802
2048710,81,61,1072,2004,9620251.0,3941082.0,1.843506,0.684779,GBR,DEU,3802
2048711,82,61,1072,2004,0.0,11142.0,0.381348,-0.44259,GEO,DEU,3802
2048712,83,61,1072,2004,0.0,29468.0,-1.2972540000000001,-0.9967219999999999,GHA,DEU,3802
2048713,87,61,1072,2004,0.0,1995.0,-0.135943,-0.226541,GMB,DEU,3802
2048714,90,61,1072,2004,13398837.0,906595.0,0.348853,1.661656,GRC,DEU,3802
2048715,93,61,1072,2004,0.0,3434.0,-0.46136000000000005,0.148122,GTM,DEU,3802
2048716,96,61,1072,2004,0.0,13910.0,-1.046232,-0.985188,GUY,DEU,3802
2048717,97,61,1072,2004,68109.0,70932.0,0.604825,2.098745,HKG,DEU,3802
2048718,100,61,1072,2004,2665.0,330165.0,0.6669970000000001,1.088043,HRV,DEU,3802
2048719,102,61,1072,2004,116856.0,1154825.0,1.207082,1.019714,HUN,DEU,3802
2048720,103,61,1072,2004,1327486.0,262414.0,-0.223644,1.719065,IDN,DEU,3802
2048721,104,61,1072,2004,693077.0,2696132.0,0.233348,2.790987,IND,DEU,3802
2048722,106,61,1072,2004,0.0,46511.0,1.501859,0.14456,IRL,DEU,3802
2048723,107,61,1072,2004,0.0,649457.0,-0.38210700000000003,-0.8408620000000001,IRN,DEU,3802
2048724,109,61,1072,2004,431060.0,74676.0,0.298844,-0.36366,ISL,DEU,3802
2048725,110,61,1072,2004,0.0,694063.0,1.250393,0.8003979999999999,ISR,DEU,3802
2048726,111,61,1072,2004,2171093.0,5771877.0,1.358057,1.11533,ITA,DEU,3802
2048727,113,61,1072,2004,0.0,42832.0,0.152989,0.385845,JOR,DEU,3802
2048728,114,61,1072,2004,17505510.0,1964050.0,2.526624,0.452054,JPN,DEU,3802
2048729,115,61,1072,2004,0.0,88568.0,-0.09288300000000001,-0.537664,KAZ,DEU,3802
2048730,116,61,1072,2004,0.0,50864.0,-0.503694,0.410495,KEN,DEU,3802
2048731,117,61,1072,2004,0.0,2726.0,0.005121,0.176652,KGZ,DEU,3802
2048732,121,61,1072,2004,4772.0,1398352.0,1.3624690000000002,0.928342,KOR,DEU,3802
2048733,122,61,1072,2004,0.0,20635.0,-0.481908,-1.172081,KWT,DEU,3802
2048734,124,61,1072,2004,0.0,143367.0,0.32409899999999997,1.037024,LBN,DEU,3802
2048735,126,61,1072,2004,0.0,22075.0,-0.42119700000000004,-1.179463,LBY,DEU,3802
2048736,128,61,1072,2004,410123.0,0.0,-0.658668,0.21912600000000002,LKA,DEU,3802
2048737,130,61,1072,2004,0.0,256752.0,0.403568,0.632707,LTU,DEU,3802
2048738,131,61,1072,2004,0.0,129603.0,1.37529,1.0172649999999999,LUX,DEU,3802
2048739,132,61,1072,2004,0.0,32515.0,0.413821,0.627853,LVA,DEU,3802
2048740,133,61,1072,2004,0.0,20415.0,-0.351045,-0.487521,MAC,DEU,3802
2048741,134,61,1072,2004,0.0,615144.0,-0.681556,-0.152372,MAR,DEU,3802
2048742,135,61,1072,2004,0.0,43312.0,-0.155523,-0.355142,MDA,DEU,3802
2048743,137,61,1072,2004,0.0,2470.0,-0.34020700000000004,-0.817298,MDV,DEU,3802
2048744,138,61,1072,2004,234652.0,23579.0,0.868684,0.85506,MEX,DEU,3802
2048745,140,61,1072,2004,0.0,11473.0,-0.091013,0.190649,MKD,DEU,3802
2048746,141,61,1072,2004,0.0,8717.0,-0.6905100000000001,-0.9162459999999999,MLI,DEU,3802
2048747,142,61,1072,2004,0.0,1928.0,1.251894,0.063827,MLT,DEU,3802
2048748,143,61,1072,2004,0.0,44391.0,-1.400614,-0.947664,MMR,DEU,3802
2048749,145,61,1072,2004,0.0,2671.0,-1.030558,-1.03145,MNG,DEU,3802
2048750,153,61,1072,2004,1299271.0,169875.0,0.6710050000000001,0.17807,MYS,DEU,3802
2048751,155,61,1072,2004,0.0,43509.0,-0.40995299999999996,-0.550272,NAM,DEU,3802
2048752,159,61,1072,2004,0.0,13165.0,-2.413432,-1.3033190000000001,NGA,DEU,3802
2048753,160,61,1072,2004,0.0,873.0,-0.9789479999999999,-0.8374219999999999,NIC,DEU,3802
2048754,162,61,1072,2004,3726274.0,6778290.0,1.251808,1.586526,NLD,DEU,3802
2048755,163,61,1072,2004,2131.0,1300711.0,1.10162,0.118709,NOR,DEU,3802
2048756,164,61,1072,2004,0.0,5042.0,-0.323954,0.5528,NPL,DEU,3802
2048757,166,61,1072,2004,0.0,80825.0,0.567392,0.965781,NZL,DEU,3802
2048758,167,61,1072,2004,0.0,2792.0,-0.62946,-1.108933,OMN,DEU,3802
2048759,168,61,1072,2004,0.0,64050.0,-0.754143,0.25995100000000004,PAK,DEU,3802
2048760,173,61,1072,2004,0.0,10847.0,-0.564244,0.131232,PER,DEU,3802
2048761,174,61,1072,2004,922318.0,108837.0,-0.076709,-0.149006,PHL,DEU,3802
2048762,177,61,1072,2004,869984.0,2849806.0,1.019341,1.519452,POL,DEU,3802
2048763,178,61,1072,2004,0.0,2095.0,0.578991,0.781518,PRK,DEU,3802
2048764,179,61,1072,2004,0.0,548754.0,0.524524,1.901139,PRT,DEU,3802
2048765,183,61,1072,2004,0.0,15304.0,0.21713400000000002,-1.031806,QAT,DEU,3802
2048766,185,61,1072,2004,3634.0,953141.0,0.37241599999999997,1.015865,ROU,DEU,3802
2048767,186,61,1072,2004,0.0,6495615.0,0.8952399999999999,0.172896,RUS,DEU,3802
2048768,188,61,1072,2004,0.0,180572.0,0.546196,-0.7014729999999999,SAU,DEU,3802
2048769,189,61,1072,2004,5155.0,422487.0,0.628071,2.210424,SCG,DEU,3802
2048770,190,61,1072,2004,0.0,26672.0,-1.5346309999999999,-1.2599559999999999,SDN,DEU,3802
2048771,191,61,1072,2004,0.0,20553.0,-0.527127,-0.368631,SEN,DEU,3802
2048772,192,61,1072,2004,0.0,335125.0,1.6409779999999998,0.634947,SGP,DEU,3802
2048773,195,61,1072,2004,0.0,2085.0,-1.4911,-0.999592,SLB,DEU,3802
2048774,197,61,1072,2004,0.0,1966.0,-0.20529499999999998,0.1116,SLV,DEU,3802
2048775,206,61,1072,2004,126746.0,1465790.0,1.2375120000000002,0.8777889999999999,SVK,DEU,3802
2048776,207,61,1072,2004,0.0,2646041.0,1.628643,1.02381,SVN,DEU,3802
2048777,208,61,1072,2004,410358.0,2845858.0,2.0522080000000003,0.8326969999999999,SWE,DEU,3802
2048778,212,61,1072,2004,0.0,58920.0,-0.568707,-0.034736,SYR,DEU,3802
2048779,215,61,1072,2004,0.0,1777.0,-0.6788270000000001,-0.482984,TGO,DEU,3802
2048780,216,61,1072,2004,100736.0,427448.0,0.5150359999999999,1.583019,THA,DEU,3802
2048781,217,61,1072,2004,0.0,21066.0,-0.608564,-1.021599,TJK,DEU,3802
2048782,222,61,1072,2004,0.0,610.0,0.00677,-0.965385,TTO,DEU,3802
2048783,223,61,1072,2004,0.0,1481215.0,-0.195751,0.335147,TUN,DEU,3802
2048784,224,61,1072,2004,568747.0,1806104.0,0.141454,1.9463599999999999,TUR,DEU,3802
2048785,226,61,1072,2004,0.0,2521.0,-1.022658,-0.007045999999999999,TZA,DEU,3802
2048786,227,61,1072,2004,0.0,1624.0,-0.914733,-0.554346,UGA,DEU,3802
2048787,228,61,1072,2004,0.0,912572.0,0.8758040000000001,0.8195879999999999,UKR,DEU,3802
2048788,230,61,1072,2004,0.0,8871.0,0.151633,0.121776,URY,DEU,3802
2048789,231,61,1072,2004,2492069.0,5717589.0,1.7598630000000002,0.066704,USA,DEU,3802
2048790,232,61,1072,2004,0.0,66494.0,-0.50605,-0.824691,UZB,DEU,3802
2048791,234,61,1072,2004,0.0,3014.0,-0.564477,-0.8544,VCT,DEU,3802
2048792,236,61,1072,2004,0.0,19498.0,0.048698000000000005,-0.899776,VEN,DEU,3802
2048793,237,61,1072,2004,0.0,80030.0,0.597043,-0.348742,VGB,DEU,3802
2048794,239,61,1072,2004,0.0,77250.0,-0.5270560000000001,0.8910389999999999,VNM,DEU,3802
2048795,243,61,1072,2004,0.0,3827.0,-1.15115,-1.207897,YEM,DEU,3802
2048796,246,61,1072,2004,0.0,528250.0,0.460279,1.9736220000000002,ZAF,DEU,3802
2048797,248,61,1072,2004,0.0,4681.0,-0.560593,-0.091112,ZWE,DEU,3802
2048798,249,61,1072,2004,178651.0,670391.0,1.626307,1.358315,TWN,DEU,3802
2048799,250,61,1072,2004,0.0,22568.0,0.509382,-0.30904299999999996,ANS,DEU,3802
2048800,61,63,1072,2004,5886.0,0.0,2.266076,-2.011139,DEU,DMA,3802
2048801,231,63,1072,2004,952.0,0.0,1.7598630000000002,0.066704,USA,DMA,3802
2048802,15,64,1072,2004,1758.0,0.0,1.825391,0.40553,AUT,DNK,3802
2048803,18,64,1072,2004,3075817.0,1993.0,1.350911,1.408209,BEL,DNK,3802
2048804,41,64,1072,2004,0.0,6027.0,2.151471,0.7196279999999999,CHE,DNK,3802
2048805,43,64,1072,2004,123300.0,30899.0,0.581548,2.8689880000000003,CHN,DNK,3802
2048806,58,64,1072,2004,26398.0,0.0,0.533521,0.615939,CYP,DNK,3802
2048807,61,64,1072,2004,1782729.0,5440.0,2.266076,-2.011139,DEU,DNK,3802
2048808,71,64,1072,2004,0.0,3813.0,0.9784649999999999,2.051216,ESP,DNK,3802
2048809,72,64,1072,2004,1861.0,1599.0,0.6101840000000001,0.9520370000000001,EST,DNK,3802
2048810,74,64,1072,2004,0.0,33788.0,2.000218,0.9867309999999999,FIN,DNK,3802
2048811,77,64,1072,2004,240397.0,12262.0,1.6003530000000001,0.643945,FRA,DNK,3802
2048812,78,64,1072,2004,0.0,1008.0,-1.026359,-0.960327,FRO,DNK,3802
2048813,81,64,1072,2004,275246.0,5393.0,1.843506,0.684779,GBR,DNK,3802
2048814,97,64,1072,2004,0.0,2244.0,0.604825,2.098745,HKG,DNK,3802
2048815,102,64,1072,2004,0.0,468941.0,1.207082,1.019714,HUN,DNK,3802
2048816,104,64,1072,2004,0.0,12274.0,0.233348,2.790987,IND,DNK,3802
2048817,107,64,1072,2004,0.0,2328.0,-0.38210700000000003,-0.8408620000000001,IRN,DNK,3802
2048818,109,64,1072,2004,488859.0,5636.0,0.298844,-0.36366,ISL,DNK,3802
2048819,110,64,1072,2004,0.0,3110.0,1.250393,0.8003979999999999,ISR,DNK,3802
2048820,111,64,1072,2004,64038.0,26326.0,1.358057,1.11533,ITA,DNK,3802
2048821,126,64,1072,2004,0.0,8851.0,-0.42119700000000004,-1.179463,LBY,DNK,3802
2048822,153,64,1072,2004,0.0,10991.0,0.6710050000000001,0.17807,MYS,DNK,3802
2048823,160,64,1072,2004,0.0,4665.0,-0.9789479999999999,-0.8374219999999999,NIC,DNK,3802
2048824,162,64,1072,2004,900319.0,3483.0,1.251808,1.586526,NLD,DNK,3802
2048825,163,64,1072,2004,2646.0,78332.0,1.10162,0.118709,NOR,DNK,3802
2048826,166,64,1072,2004,0.0,8190.0,0.567392,0.965781,NZL,DNK,3802
2048827,177,64,1072,2004,23309.0,9013.0,1.019341,1.519452,POL,DNK,3802
2048828,186,64,1072,2004,0.0,590052.0,0.8952399999999999,0.172896,RUS,DNK,3802
2048829,188,64,1072,2004,0.0,114718.0,0.546196,-0.7014729999999999,SAU,DNK,3802
2048830,207,64,1072,2004,0.0,838.0,1.628643,1.02381,SVN,DNK,3802
2048831,208,64,1072,2004,307220.0,158476.0,2.0522080000000003,0.8326969999999999,SWE,DNK,3802
2048832,216,64,1072,2004,0.0,4470.0,0.5150359999999999,1.583019,THA,DNK,3802
2048833,228,64,1072,2004,0.0,3723.0,0.8758040000000001,0.8195879999999999,UKR,DNK,3802
2048834,231,64,1072,2004,4238.0,18585.0,1.7598630000000002,0.066704,USA,DNK,3802
2048835,8,65,1072,2004,4051.0,0.0,0.28128600000000004,0.64115,ARG,DOM,3802
2048836,32,65,1072,2004,5939.0,0.0,0.540718,1.149065,BRA,DOM,3802
2048837,61,65,1072,2004,7526.0,0.0,2.266076,-2.011139,DEU,DOM,3802
2048838,71,65,1072,2004,6470.0,0.0,0.9784649999999999,2.051216,ESP,DOM,3802
2048839,111,65,1072,2004,1249.0,0.0,1.358057,1.11533,ITA,DOM,3802
2048840,138,65,1072,2004,136100.0,0.0,0.868684,0.85506,MEX,DOM,3802
2048841,231,65,1072,2004,803651.0,61897.0,1.7598630000000002,0.066704,USA,DOM,3802
2048842,8,67,1072,2004,15611.0,0.0,0.28128600000000004,0.64115,ARG,ECU,3802
2048843,10,67,1072,2004,51257.0,0.0,1.022895,0.395402,ASM,ECU,3802
2048844,32,67,1072,2004,48297.0,0.0,0.540718,1.149065,BRA,ECU,3802
2048845,42,67,1072,2004,100245.0,0.0,-0.07869,-0.33641,CHL,ECU,3802
2048846,49,67,1072,2004,6680.0,6333.0,0.033128,0.47524799999999995,COL,ECU,3802
2048847,61,67,1072,2004,5154.0,0.0,2.266076,-2.011139,DEU,ECU,3802
2048848,104,67,1072,2004,6375.0,0.0,0.233348,2.790987,IND,ECU,3802
2048849,111,67,1072,2004,6581.0,0.0,1.358057,1.11533,ITA,ECU,3802
2048850,128,67,1072,2004,18021.0,0.0,-0.658668,0.21912600000000002,LKA,ECU,3802
2048851,138,67,1072,2004,79764.0,0.0,0.868684,0.85506,MEX,ECU,3802
2048852,162,67,1072,2004,22779.0,0.0,1.251808,1.586526,NLD,ECU,3802
2048853,173,67,1072,2004,776785.0,0.0,-0.564244,0.131232,PER,ECU,3802
2048854,174,67,1072,2004,142935.0,0.0,-0.076709,-0.149006,PHL,ECU,3802
2048855,192,67,1072,2004,0.0,66619.0,1.6409779999999998,0.634947,SGP,ECU,3802
2048856,231,67,1072,2004,461891.0,0.0,1.7598630000000002,0.066704,USA,ECU,3802
2048857,249,67,1072,2004,18299.0,0.0,1.626307,1.358315,TWN,ECU,3802
2048858,7,71,1072,2004,0.0,59919.0,0.1799,-0.34541900000000003,ARE,ESP,3802
2048859,14,71,1072,2004,255857.0,5120.0,0.196641,0.8139460000000001,AUS,ESP,3802
2048860,15,71,1072,2004,0.0,225219.0,1.825391,0.40553,AUT,ESP,3802
2048861,18,71,1072,2004,3144979.0,1934918.0,1.350911,1.408209,BEL,ESP,3802
2048862,23,71,1072,2004,0.0,7170.0,0.35536,1.499182,BGR,ESP,3802
2048863,32,71,1072,2004,187026.0,69273.0,0.540718,1.149065,BRA,ESP,3802
2048864,39,71,1072,2004,0.0,49252.0,0.9392739999999999,1.19228,CAN,ESP,3802
2048865,41,71,1072,2004,67187.0,259965.0,2.151471,0.7196279999999999,CHE,ESP,3802
2048866,42,71,1072,2004,0.0,48370.0,-0.07869,-0.33641,CHL,ESP,3802
2048867,43,71,1072,2004,247053.0,3340.0,0.581548,2.8689880000000003,CHN,ESP,3802
2048868,49,71,1072,2004,0.0,9050.0,0.033128,0.47524799999999995,COL,ESP,3802
2048869,54,71,1072,2004,0.0,31506.0,-0.040541,-0.634675,CUB,ESP,3802
2048870,58,71,1072,2004,252545.0,6964.0,0.533521,0.615939,CYP,ESP,3802
2048871,59,71,1072,2004,0.0,279773.0,1.562625,0.865244,CZE,ESP,3802
2048872,61,71,1072,2004,5211171.0,3299801.0,2.266076,-2.011139,DEU,ESP,3802
2048873,64,71,1072,2004,3813.0,0.0,1.328968,1.262743,DNK,ESP,3802
2048874,65,71,1072,2004,0.0,6470.0,-0.510025,-0.328257,DOM,ESP,3802
2048875,66,71,1072,2004,0.0,188273.0,-0.725066,-1.163606,DZA,ESP,3802
2048876,68,71,1072,2004,0.0,98708.0,-0.300563,0.41834899999999997,EGY,ESP,3802
2048877,74,71,1072,2004,0.0,19646.0,2.000218,0.9867309999999999,FIN,ESP,3802
2048878,77,71,1072,2004,4599493.0,3649850.0,1.6003530000000001,0.643945,FRA,ESP,3802
2048879,81,71,1072,2004,4930927.0,1044698.0,1.843506,0.684779,GBR,ESP,3802
2048880,83,71,1072,2004,0.0,8363.0,-1.2972540000000001,-0.9967219999999999,GHA,ESP,3802
2048881,85,71,1072,2004,0.0,1385.0,-1.314543,-1.155153,GIN,ESP,3802
2048882,87,71,1072,2004,0.0,967.0,-0.135943,-0.226541,GMB,ESP,3802
2048883,90,71,1072,2004,863023.0,661357.0,0.348853,1.661656,GRC,ESP,3802
2048884,100,71,1072,2004,0.0,1344.0,0.6669970000000001,1.088043,HRV,ESP,3802
2048885,102,71,1072,2004,0.0,12921.0,1.207082,1.019714,HUN,ESP,3802
2048886,104,71,1072,2004,34561.0,20637.0,0.233348,2.790987,IND,ESP,3802
2048887,106,71,1072,2004,0.0,44619.0,1.501859,0.14456,IRL,ESP,3802
2048888,107,71,1072,2004,0.0,91622.0,-0.38210700000000003,-0.8408620000000001,IRN,ESP,3802
2048889,110,71,1072,2004,0.0,182468.0,1.250393,0.8003979999999999,ISR,ESP,3802
2048890,111,71,1072,2004,1163076.0,3049424.0,1.358057,1.11533,ITA,ESP,3802
2048891,113,71,1072,2004,0.0,12709.0,0.152989,0.385845,JOR,ESP,3802
2048892,114,71,1072,2004,3957.0,0.0,2.526624,0.452054,JPN,ESP,3802
2048893,124,71,1072,2004,0.0,61124.0,0.32409899999999997,1.037024,LBN,ESP,3802
2048894,128,71,1072,2004,167333.0,0.0,-0.658668,0.21912600000000002,LKA,ESP,3802
2048895,134,71,1072,2004,0.0,186955.0,-0.681556,-0.152372,MAR,ESP,3802
2048896,138,71,1072,2004,69280.0,1586.0,0.868684,0.85506,MEX,ESP,3802
2048897,153,71,1072,2004,285118.0,0.0,0.6710050000000001,0.17807,MYS,ESP,3802
2048898,162,71,1072,2004,910643.0,236052.0,1.251808,1.586526,NLD,ESP,3802
2048899,163,71,1072,2004,0.0,64021.0,1.10162,0.118709,NOR,ESP,3802
2048900,168,71,1072,2004,0.0,58004.0,-0.754143,0.25995100000000004,PAK,ESP,3802
2048901,173,71,1072,2004,5547.0,8261.0,-0.564244,0.131232,PER,ESP,3802
2048902,177,71,1072,2004,11311.0,12077.0,1.019341,1.519452,POL,ESP,3802
2048903,179,71,1072,2004,52462.0,978483.0,0.524524,1.901139,PRT,ESP,3802
2048904,185,71,1072,2004,0.0,3747.0,0.37241599999999997,1.015865,ROU,ESP,3802
2048905,186,71,1072,2004,0.0,663398.0,0.8952399999999999,0.172896,RUS,ESP,3802
2048906,188,71,1072,2004,0.0,177302.0,0.546196,-0.7014729999999999,SAU,ESP,3802
2048907,189,71,1072,2004,0.0,20512.0,0.628071,2.210424,SCG,ESP,3802
2048908,206,71,1072,2004,0.0,5812.0,1.2375120000000002,0.8777889999999999,SVK,ESP,3802
2048909,208,71,1072,2004,9678.0,193701.0,2.0522080000000003,0.8326969999999999,SWE,ESP,3802
2048910,216,71,1072,2004,8144.0,5176.0,0.5150359999999999,1.583019,THA,ESP,3802
2048911,223,71,1072,2004,0.0,8764.0,-0.195751,0.335147,TUN,ESP,3802
2048912,224,71,1072,2004,30829.0,43700.0,0.141454,1.9463599999999999,TUR,ESP,3802
2048913,231,71,1072,2004,1483785.0,13416.0,1.7598630000000002,0.066704,USA,ESP,3802
2048914,232,71,1072,2004,0.0,41804.0,-0.50605,-0.824691,UZB,ESP,3802
2048915,236,71,1072,2004,0.0,2258.0,0.048698000000000005,-0.899776,VEN,ESP,3802
2048916,246,71,1072,2004,0.0,215460.0,0.460279,1.9736220000000002,ZAF,ESP,3802
2048917,249,71,1072,2004,68041.0,1915.0,1.626307,1.358315,TWN,ESP,3802
2048918,18,72,1072,2004,95265.0,0.0,1.350911,1.408209,BEL,EST,3802
2048919,43,72,1072,2004,1625.0,0.0,0.581548,2.8689880000000003,CHN,EST,3802
2048920,61,72,1072,2004,471041.0,0.0,2.266076,-2.011139,DEU,EST,3802
2048921,64,72,1072,2004,1599.0,1861.0,1.328968,1.262743,DNK,EST,3802
2048922,74,72,1072,2004,12084.0,0.0,2.000218,0.9867309999999999,FIN,EST,3802
2048923,77,72,1072,2004,3490.0,0.0,1.6003530000000001,0.643945,FRA,EST,3802
2048924,81,72,1072,2004,226319.0,0.0,1.843506,0.684779,GBR,EST,3802
2048925,132,72,1072,2004,1548.0,0.0,0.413821,0.627853,LVA,EST,3802
2048926,162,72,1072,2004,2396.0,0.0,1.251808,1.586526,NLD,EST,3802
2048927,177,72,1072,2004,16562.0,0.0,1.019341,1.519452,POL,EST,3802
2048928,186,72,1072,2004,76581.0,15313.0,0.8952399999999999,0.172896,RUS,EST,3802
2048929,206,72,1072,2004,0.0,15774.0,1.2375120000000002,0.8777889999999999,SVK,EST,3802
2048930,231,72,1072,2004,1666.0,0.0,1.7598630000000002,0.066704,USA,EST,3802
2048931,250,72,1072,2004,56023.0,0.0,0.509382,-0.30904299999999996,ANS,EST,3802
2048932,7,74,1072,2004,0.0,3154.0,0.1799,-0.34541900000000003,ARE,FIN,3802
2048933,18,74,1072,2004,394490.0,30025.0,1.350911,1.408209,BEL,FIN,3802
2048934,39,74,1072,2004,41773.0,0.0,0.9392739999999999,1.19228,CAN,FIN,3802
2048935,41,74,1072,2004,5463.0,21492.0,2.151471,0.7196279999999999,CHE,FIN,3802
2048936,43,74,1072,2004,79049.0,0.0,0.581548,2.8689880000000003,CHN,FIN,3802
2048937,58,74,1072,2004,18169.0,0.0,0.533521,0.615939,CYP,FIN,3802
2048938,61,74,1072,2004,2591613.0,0.0,2.266076,-2.011139,DEU,FIN,3802
2048939,64,74,1072,2004,33788.0,0.0,1.328968,1.262743,DNK,FIN,3802
2048940,71,74,1072,2004,19646.0,0.0,0.9784649999999999,2.051216,ESP,FIN,3802
2048941,72,74,1072,2004,0.0,12084.0,0.6101840000000001,0.9520370000000001,EST,FIN,3802
2048942,77,74,1072,2004,272218.0,0.0,1.6003530000000001,0.643945,FRA,FIN,3802
2048943,81,74,1072,2004,685670.0,1791.0,1.843506,0.684779,GBR,FIN,3802
2048944,90,74,1072,2004,379116.0,0.0,0.348853,1.661656,GRC,FIN,3802
2048945,104,74,1072,2004,8457.0,0.0,0.233348,2.790987,IND,FIN,3802
2048946,109,74,1072,2004,125199.0,0.0,0.298844,-0.36366,ISL,FIN,3802
2048947,110,74,1072,2004,0.0,1115.0,1.250393,0.8003979999999999,ISR,FIN,3802
2048948,111,74,1072,2004,292015.0,2892.0,1.358057,1.11533,ITA,FIN,3802
2048949,114,74,1072,2004,17497.0,0.0,2.526624,0.452054,JPN,FIN,3802
2048950,115,74,1072,2004,0.0,1188.0,-0.09288300000000001,-0.537664,KAZ,FIN,3802
2048951,128,74,1072,2004,209630.0,0.0,-0.658668,0.21912600000000002,LKA,FIN,3802
2048952,130,74,1072,2004,0.0,2411.0,0.403568,0.632707,LTU,FIN,3802
2048953,153,74,1072,2004,125527.0,0.0,0.6710050000000001,0.17807,MYS,FIN,3802
2048954,162,74,1072,2004,12846.0,0.0,1.251808,1.586526,NLD,FIN,3802
2048955,163,74,1072,2004,15414.0,6550.0,1.10162,0.118709,NOR,FIN,3802
2048956,174,74,1072,2004,17621.0,0.0,-0.076709,-0.149006,PHL,FIN,3802
2048957,177,74,1072,2004,13434.0,0.0,1.019341,1.519452,POL,FIN,3802
2048958,186,74,1072,2004,0.0,51787.0,0.8952399999999999,0.172896,RUS,FIN,3802
2048959,188,74,1072,2004,0.0,1191.0,0.546196,-0.7014729999999999,SAU,FIN,3802
2048960,208,74,1072,2004,985484.0,164111.0,2.0522080000000003,0.8326969999999999,SWE,FIN,3802
2048961,216,74,1072,2004,0.0,1737.0,0.5150359999999999,1.583019,THA,FIN,3802
2048962,231,74,1072,2004,189476.0,25243.0,1.7598630000000002,0.066704,USA,FIN,3802
2048963,249,74,1072,2004,0.0,1192.0,1.626307,1.358315,TWN,FIN,3802
2048964,2,77,1072,2004,0.0,202717.0,-0.8513709999999999,-1.173397,AGO,FRA,3802
2048965,7,77,1072,2004,9220.0,4974.0,0.1799,-0.34541900000000003,ARE,FRA,3802
2048966,8,77,1072,2004,43683.0,404287.0,0.28128600000000004,0.64115,ARG,FRA,3802
2048967,9,77,1072,2004,0.0,970.0,0.661799,-0.140004,ARM,FRA,3802
2048968,14,77,1072,2004,101866.0,44256.0,0.196641,0.8139460000000001,AUS,FRA,3802
2048969,15,77,1072,2004,17495.0,562970.0,1.825391,0.40553,AUT,FRA,3802
2048970,17,77,1072,2004,0.0,62877.0,-0.939393,-0.919969,BDI,FRA,3802
2048971,18,77,1072,2004,13341627.0,3571356.0,1.350911,1.408209,BEL,FRA,3802
2048972,19,77,1072,2004,0.0,7877.0,-1.299345,-0.9871260000000001,BEN,FRA,3802
2048973,21,77,1072,2004,0.0,205226.0,-1.000801,-1.00024,BFA,FRA,3802
2048974,23,77,1072,2004,0.0,265745.0,0.35536,1.499182,BGR,FRA,3802
2048975,26,77,1072,2004,0.0,1725.0,0.385952,0.571774,BIH,FRA,3802
2048976,28,77,1072,2004,0.0,7218.0,0.8553139999999999,0.703926,BLR,FRA,3802
2048977,29,77,1072,2004,1956.0,0.0,-0.355391,-0.662783,BLZ,FRA,3802
2048978,32,77,1072,2004,0.0,606150.0,0.540718,1.149065,BRA,FRA,3802
2048979,38,77,1072,2004,0.0,4045.0,-0.683538,-0.8331770000000001,CAF,FRA,3802
2048980,39,77,1072,2004,4141.0,73132.0,0.9392739999999999,1.19228,CAN,FRA,3802
2048981,41,77,1072,2004,191639.0,1928844.0,2.151471,0.7196279999999999,CHE,FRA,3802
2048982,42,77,1072,2004,0.0,10909.0,-0.07869,-0.33641,CHL,FRA,3802
2048983,43,77,1072,2004,1005605.0,116533.0,0.581548,2.8689880000000003,CHN,FRA,3802
2048984,44,77,1072,2004,0.0,65910.0,-0.8490979999999999,-0.754732,CIV,FRA,3802
2048985,45,77,1072,2004,0.0,716868.0,-1.604916,-1.217399,CMR,FRA,3802
2048986,46,77,1072,2004,0.0,78351.0,-1.405291,-1.108962,COD,FRA,3802
2048987,47,77,1072,2004,0.0,196499.0,-1.610222,-1.184921,COG,FRA,3802
2048988,49,77,1072,2004,0.0,29435.0,0.033128,0.47524799999999995,COL,FRA,3802
2048989,54,77,1072,2004,0.0,10132.0,-0.040541,-0.634675,CUB,FRA,3802
2048990,58,77,1072,2004,156183.0,0.0,0.533521,0.615939,CYP,FRA,3802
2048991,59,77,1072,2004,4206.0,663948.0,1.562625,0.865244,CZE,FRA,3802
2048992,61,77,1072,2004,9619209.0,12203808.0,2.266076,-2.011139,DEU,FRA,3802
2048993,64,77,1072,2004,12262.0,240397.0,1.328968,1.262743,DNK,FRA,3802
2048994,66,77,1072,2004,0.0,126971.0,-0.725066,-1.163606,DZA,FRA,3802
2048995,68,77,1072,2004,0.0,361718.0,-0.300563,0.41834899999999997,EGY,FRA,3802
2048996,71,77,1072,2004,3649850.0,4599493.0,0.9784649999999999,2.051216,ESP,FRA,3802
2048997,72,77,1072,2004,0.0,3490.0,0.6101840000000001,0.9520370000000001,EST,FRA,3802
2048998,73,77,1072,2004,0.0,33839.0,-1.156284,-0.900874,ETH,FRA,3802
2048999,74,77,1072,2004,0.0,272218.0,2.000218,0.9867309999999999,FIN,FRA,3802
2049000,80,77,1072,2004,0.0,32534.0,-0.700329,-1.137018,GAB,FRA,3802
2049001,81,77,1072,2004,1507321.0,2770396.0,1.843506,0.684779,GBR,FRA,3802
2049002,82,77,1072,2004,0.0,4313.0,0.381348,-0.44259,GEO,FRA,3802
2049003,83,77,1072,2004,0.0,6217.0,-1.2972540000000001,-0.9967219999999999,GHA,FRA,3802
2049004,85,77,1072,2004,0.0,2190.0,-1.314543,-1.155153,GIN,FRA,3802
2049005,90,77,1072,2004,2790430.0,267628.0,0.348853,1.661656,GRC,FRA,3802
2049006,97,77,1072,2004,0.0,27800.0,0.604825,2.098745,HKG,FRA,3802
2049007,99,77,1072,2004,0.0,4850.0,-0.75975,-0.548407,HND,FRA,3802
2049008,100,77,1072,2004,0.0,156192.0,0.6669970000000001,1.088043,HRV,FRA,3802
2049009,102,77,1072,2004,3464.0,1183299.0,1.207082,1.019714,HUN,FRA,3802
2049010,103,77,1072,2004,491159.0,13128.0,-0.223644,1.719065,IDN,FRA,3802
2049011,104,77,1072,2004,388397.0,2622622.0,0.233348,2.790987,IND,FRA,3802
2049012,106,77,1072,2004,0.0,21192.0,1.501859,0.14456,IRL,FRA,3802
2049013,107,77,1072,2004,0.0,215387.0,-0.38210700000000003,-0.8408620000000001,IRN,FRA,3802
2049014,109,77,1072,2004,1095382.0,5526.0,0.298844,-0.36366,ISL,FRA,3802
2049015,110,77,1072,2004,0.0,901032.0,1.250393,0.8003979999999999,ISR,FRA,3802
2049016,111,77,1072,2004,2407283.0,11690411.0,1.358057,1.11533,ITA,FRA,3802
2049017,113,77,1072,2004,0.0,5397.0,0.152989,0.385845,JOR,FRA,3802
2049018,114,77,1072,2004,168833.0,1058336.0,2.526624,0.452054,JPN,FRA,3802
2049019,115,77,1072,2004,0.0,322797.0,-0.09288300000000001,-0.537664,KAZ,FRA,3802
2049020,121,77,1072,2004,55134.0,987886.0,1.3624690000000002,0.928342,KOR,FRA,3802
2049021,124,77,1072,2004,0.0,46869.0,0.32409899999999997,1.037024,LBN,FRA,3802
2049022,128,77,1072,2004,62769.0,31738.0,-0.658668,0.21912600000000002,LKA,FRA,3802
2049023,130,77,1072,2004,0.0,80419.0,0.403568,0.632707,LTU,FRA,3802
2049024,131,77,1072,2004,0.0,35183.0,1.37529,1.0172649999999999,LUX,FRA,3802
2049025,132,77,1072,2004,0.0,28422.0,0.413821,0.627853,LVA,FRA,3802
2049026,134,77,1072,2004,0.0,1283647.0,-0.681556,-0.152372,MAR,FRA,3802
2049027,135,77,1072,2004,0.0,14810.0,-0.155523,-0.355142,MDA,FRA,3802
2049028,136,77,1072,2004,0.0,2337.0,-1.355542,-0.634409,MDG,FRA,3802
2049029,138,77,1072,2004,10471.0,34206.0,0.868684,0.85506,MEX,FRA,3802
2049030,141,77,1072,2004,0.0,30197.0,-0.6905100000000001,-0.9162459999999999,MLI,FRA,3802
2049031,147,77,1072,2004,0.0,1408.0,-1.1010790000000001,-1.0942,MOZ,FRA,3802
2049032,151,77,1072,2004,0.0,4957.0,-0.374754,-0.288504,MUS,FRA,3802
2049033,153,77,1072,2004,461666.0,17238.0,0.6710050000000001,0.17807,MYS,FRA,3802
2049034,154,77,1072,2004,0.0,2087.0,1.179671,0.016149,MYT,FRA,3802
2049035,156,77,1072,2004,0.0,4862.0,-0.49824700000000005,-0.8284239999999999,NCL,FRA,3802
2049036,157,77,1072,2004,0.0,6231.0,-0.8203799999999999,-0.7488,NER,FRA,3802
2049037,162,77,1072,2004,1524064.0,311456.0,1.251808,1.586526,NLD,FRA,3802
2049038,163,77,1072,2004,0.0,212575.0,1.10162,0.118709,NOR,FRA,3802
2049039,166,77,1072,2004,0.0,6531.0,0.567392,0.965781,NZL,FRA,3802
2049040,168,77,1072,2004,0.0,61048.0,-0.754143,0.25995100000000004,PAK,FRA,3802
2049041,174,77,1072,2004,2778572.0,0.0,-0.076709,-0.149006,PHL,FRA,3802
2049042,176,77,1072,2004,19648.0,0.0,-1.7599200000000002,-1.219971,PNG,FRA,3802
2049043,177,77,1072,2004,0.0,650242.0,1.019341,1.519452,POL,FRA,3802
2049044,179,77,1072,2004,0.0,387116.0,0.524524,1.901139,PRT,FRA,3802
2049045,182,77,1072,2004,0.0,7048.0,-0.414954,-0.773736,PYF,FRA,3802
2049046,183,77,1072,2004,0.0,11863.0,0.21713400000000002,-1.031806,QAT,FRA,3802
2049047,185,77,1072,2004,0.0,661688.0,0.37241599999999997,1.015865,ROU,FRA,3802
2049048,186,77,1072,2004,0.0,3055092.0,0.8952399999999999,0.172896,RUS,FRA,3802
2049049,187,77,1072,2004,0.0,21941.0,-1.3952870000000002,-0.950857,RWA,FRA,3802
2049050,188,77,1072,2004,0.0,80699.0,0.546196,-0.7014729999999999,SAU,FRA,3802
2049051,189,77,1072,2004,0.0,22357.0,0.628071,2.210424,SCG,FRA,3802
2049052,190,77,1072,2004,0.0,8309.0,-1.5346309999999999,-1.2599559999999999,SDN,FRA,3802
2049053,191,77,1072,2004,0.0,315026.0,-0.527127,-0.368631,SEN,FRA,3802
2049054,192,77,1072,2004,7689.0,228526.0,1.6409779999999998,0.634947,SGP,FRA,3802
2049055,196,77,1072,2004,0.0,12437.0,0.48757399999999995,-0.0064659999999999995,SLE,FRA,3802
2049056,206,77,1072,2004,0.0,294206.0,1.2375120000000002,0.8777889999999999,SVK,FRA,3802
2049057,207,77,1072,2004,0.0,59180.0,1.628643,1.02381,SVN,FRA,3802
2049058,208,77,1072,2004,0.0,250650.0,2.0522080000000003,0.8326969999999999,SWE,FRA,3802
2049059,211,77,1072,2004,0.0,3339.0,-0.12954100000000002,-0.713507,SYC,FRA,3802
2049060,212,77,1072,2004,0.0,101277.0,-0.568707,-0.034736,SYR,FRA,3802
2049061,214,77,1072,2004,0.0,18655.0,-0.8921290000000001,-0.881603,TCD,FRA,3802
2049062,215,77,1072,2004,0.0,11389.0,-0.6788270000000001,-0.482984,TGO,FRA,3802
2049063,216,77,1072,2004,0.0,21759.0,0.5150359999999999,1.583019,THA,FRA,3802
2049064,218,77,1072,2004,0.0,8706.0,0.31906999999999996,0.17012,TKL,FRA,3802
2049065,223,77,1072,2004,0.0,491754.0,-0.195751,0.335147,TUN,FRA,3802
2049066,224,77,1072,2004,12302.0,1192802.0,0.141454,1.9463599999999999,TUR,FRA,3802
2049067,228,77,1072,2004,0.0,4205352.0,0.8758040000000001,0.8195879999999999,UKR,FRA,3802
2049068,231,77,1072,2004,2976325.0,4519046.0,1.7598630000000002,0.066704,USA,FRA,3802
2049069,232,77,1072,2004,0.0,8706.0,-0.50605,-0.824691,UZB,FRA,3802
2049070,236,77,1072,2004,0.0,68725.0,0.048698000000000005,-0.899776,VEN,FRA,3802
2049071,239,77,1072,2004,0.0,692679.0,-0.5270560000000001,0.8910389999999999,VNM,FRA,3802
2049072,246,77,1072,2004,0.0,284434.0,0.460279,1.9736220000000002,ZAF,FRA,3802
2049073,249,77,1072,2004,10672.0,150882.0,1.626307,1.358315,TWN,FRA,3802
2049074,7,81,1072,2004,0.0,38340.0,0.1799,-0.34541900000000003,ARE,GBR,3802
2049075,8,81,1072,2004,0.0,181157.0,0.28128600000000004,0.64115,ARG,GBR,3802
2049076,9,81,1072,2004,0.0,11217.0,0.661799,-0.140004,ARM,GBR,3802
2049077,14,81,1072,2004,215551.0,769720.0,0.196641,0.8139460000000001,AUS,GBR,3802
2049078,15,81,1072,2004,37629.0,706724.0,1.825391,0.40553,AUT,GBR,3802
2049079,16,81,1072,2004,0.0,3860.0,-0.393221,-0.9494440000000001,AZE,GBR,3802
2049080,18,81,1072,2004,4459568.0,3631726.0,1.350911,1.408209,BEL,GBR,3802
2049081,22,81,1072,2004,0.0,19044.0,-1.150444,-0.885333,BGD,GBR,3802
2049082,23,81,1072,2004,0.0,13167.0,0.35536,1.499182,BGR,GBR,3802
2049083,24,81,1072,2004,0.0,57443.0,0.045344999999999996,-1.001059,BHR,GBR,3802
2049084,28,81,1072,2004,0.0,9721.0,0.8553139999999999,0.703926,BLR,GBR,3802
2049085,32,81,1072,2004,0.0,260131.0,0.540718,1.149065,BRA,GBR,3802
2049086,33,81,1072,2004,0.0,79258.0,0.8541559999999999,0.25895799999999997,BRB,GBR,3802
2049087,39,81,1072,2004,1779.0,1041264.0,0.9392739999999999,1.19228,CAN,GBR,3802
2049088,41,81,1072,2004,15692.0,1617524.0,2.151471,0.7196279999999999,CHE,GBR,3802
2049089,42,81,1072,2004,0.0,530959.0,-0.07869,-0.33641,CHL,GBR,3802
2049090,43,81,1072,2004,3048523.0,409527.0,0.581548,2.8689880000000003,CHN,GBR,3802
2049091,45,81,1072,2004,0.0,21049.0,-1.604916,-1.217399,CMR,GBR,3802
2049092,49,81,1072,2004,0.0,358246.0,0.033128,0.47524799999999995,COL,GBR,3802
2049093,58,81,1072,2004,264187.0,8591.0,0.533521,0.615939,CYP,GBR,3802
2049094,59,81,1072,2004,1197.0,535813.0,1.562625,0.865244,CZE,GBR,3802
2049095,61,81,1072,2004,3941082.0,9620251.0,2.266076,-2.011139,DEU,GBR,3802
2049096,64,81,1072,2004,5393.0,275246.0,1.328968,1.262743,DNK,GBR,3802
2049097,66,81,1072,2004,0.0,15595.0,-0.725066,-1.163606,DZA,GBR,3802
2049098,68,81,1072,2004,0.0,59263.0,-0.300563,0.41834899999999997,EGY,GBR,3802
2049099,71,81,1072,2004,1044698.0,4930927.0,0.9784649999999999,2.051216,ESP,GBR,3802
2049100,72,81,1072,2004,0.0,226319.0,0.6101840000000001,0.9520370000000001,EST,GBR,3802
2049101,73,81,1072,2004,0.0,6401.0,-1.156284,-0.900874,ETH,GBR,3802
2049102,74,81,1072,2004,1791.0,685670.0,2.000218,0.9867309999999999,FIN,GBR,3802
2049103,77,81,1072,2004,2770396.0,1507321.0,1.6003530000000001,0.643945,FRA,GBR,3802
2049104,80,81,1072,2004,0.0,66702.0,-0.700329,-1.137018,GAB,GBR,3802
2049105,83,81,1072,2004,0.0,21741.0,-1.2972540000000001,-0.9967219999999999,GHA,GBR,3802
2049106,84,81,1072,2004,0.0,10061.0,0.466397,-0.627153,GIB,GBR,3802
2049107,85,81,1072,2004,0.0,28448.0,-1.314543,-1.155153,GIN,GBR,3802
2049108,90,81,1072,2004,1461563.0,206603.0,0.348853,1.661656,GRC,GBR,3802
2049109,93,81,1072,2004,0.0,214323.0,-0.46136000000000005,0.148122,GTM,GBR,3802
2049110,96,81,1072,2004,0.0,8426.0,-1.046232,-0.985188,GUY,GBR,3802
2049111,97,81,1072,2004,0.0,560132.0,0.604825,2.098745,HKG,GBR,3802
2049112,99,81,1072,2004,0.0,117039.0,-0.75975,-0.548407,HND,GBR,3802
2049113,100,81,1072,2004,0.0,156580.0,0.6669970000000001,1.088043,HRV,GBR,3802
2049114,102,81,1072,2004,9858.0,118622.0,1.207082,1.019714,HUN,GBR,3802
2049115,103,81,1072,2004,295771.0,3014.0,-0.223644,1.719065,IDN,GBR,3802
2049116,104,81,1072,2004,411105.0,455635.0,0.233348,2.790987,IND,GBR,3802
2049117,106,81,1072,2004,108725.0,2058086.0,1.501859,0.14456,IRL,GBR,3802
2049118,107,81,1072,2004,0.0,156066.0,-0.38210700000000003,-0.8408620000000001,IRN,GBR,3802
2049119,109,81,1072,2004,856255.0,0.0,0.298844,-0.36366,ISL,GBR,3802
2049120,110,81,1072,2004,0.0,423177.0,1.250393,0.8003979999999999,ISR,GBR,3802
2049121,111,81,1072,2004,498386.0,2727518.0,1.358057,1.11533,ITA,GBR,3802
2049122,114,81,1072,2004,811189.0,156472.0,2.526624,0.452054,JPN,GBR,3802
2049123,115,81,1072,2004,0.0,186788.0,-0.09288300000000001,-0.537664,KAZ,GBR,3802
2049124,116,81,1072,2004,0.0,61021.0,-0.503694,0.410495,KEN,GBR,3802
2049125,121,81,1072,2004,0.0,1412754.0,1.3624690000000002,0.928342,KOR,GBR,3802
2049126,122,81,1072,2004,0.0,1284.0,-0.481908,-1.172081,KWT,GBR,3802
2049127,128,81,1072,2004,1206304.0,0.0,-0.658668,0.21912600000000002,LKA,GBR,3802
2049128,131,81,1072,2004,0.0,24729.0,1.37529,1.0172649999999999,LUX,GBR,3802
2049129,132,81,1072,2004,0.0,1045.0,0.413821,0.627853,LVA,GBR,3802
2049130,133,81,1072,2004,0.0,1112.0,-0.351045,-0.487521,MAC,GBR,3802
2049131,134,81,1072,2004,0.0,79939.0,-0.681556,-0.152372,MAR,GBR,3802
2049132,135,81,1072,2004,0.0,28685.0,-0.155523,-0.355142,MDA,GBR,3802
2049133,138,81,1072,2004,216707.0,562876.0,0.868684,0.85506,MEX,GBR,3802
2049134,141,81,1072,2004,0.0,127834.0,-0.6905100000000001,-0.9162459999999999,MLI,GBR,3802
2049135,142,81,1072,2004,0.0,18707.0,1.251894,0.063827,MLT,GBR,3802
2049136,145,81,1072,2004,0.0,34386.0,-1.030558,-1.03145,MNG,GBR,3802
2049137,153,81,1072,2004,1868303.0,177312.0,0.6710050000000001,0.17807,MYS,GBR,3802
2049138,159,81,1072,2004,16231.0,64997.0,-2.413432,-1.3033190000000001,NGA,GBR,3802
2049139,162,81,1072,2004,960812.0,511867.0,1.251808,1.586526,NLD,GBR,3802
2049140,163,81,1072,2004,748376.0,390199.0,1.10162,0.118709,NOR,GBR,3802
2049141,166,81,1072,2004,0.0,114423.0,0.567392,0.965781,NZL,GBR,3802
2049142,167,81,1072,2004,0.0,16349.0,-0.62946,-1.108933,OMN,GBR,3802
2049143,168,81,1072,2004,0.0,74809.0,-0.754143,0.25995100000000004,PAK,GBR,3802
2049144,169,81,1072,2004,0.0,19586.0,-0.011979,0.261315,PAN,GBR,3802
2049145,173,81,1072,2004,0.0,9781.0,-0.564244,0.131232,PER,GBR,3802
2049146,174,81,1072,2004,2108723.0,11573.0,-0.076709,-0.149006,PHL,GBR,3802
2049147,177,81,1072,2004,28102.0,551756.0,1.019341,1.519452,POL,GBR,3802
2049148,179,81,1072,2004,0.0,719284.0,0.524524,1.901139,PRT,GBR,3802
2049149,185,81,1072,2004,0.0,71756.0,0.37241599999999997,1.015865,ROU,GBR,3802
2049150,186,81,1072,2004,0.0,565206.0,0.8952399999999999,0.172896,RUS,GBR,3802
2049151,188,81,1072,2004,0.0,313028.0,0.546196,-0.7014729999999999,SAU,GBR,3802
2049152,190,81,1072,2004,0.0,3186.0,-1.5346309999999999,-1.2599559999999999,SDN,GBR,3802
2049153,192,81,1072,2004,0.0,60523.0,1.6409779999999998,0.634947,SGP,GBR,3802
2049154,196,81,1072,2004,0.0,7566.0,0.48757399999999995,-0.0064659999999999995,SLE,GBR,3802
2049155,197,81,1072,2004,0.0,6508.0,-0.20529499999999998,0.1116,SLV,GBR,3802
2049156,206,81,1072,2004,0.0,38493.0,1.2375120000000002,0.8777889999999999,SVK,GBR,3802
2049157,207,81,1072,2004,0.0,41966.0,1.628643,1.02381,SVN,GBR,3802
2049158,208,81,1072,2004,192992.0,575107.0,2.0522080000000003,0.8326969999999999,SWE,GBR,3802
2049159,211,81,1072,2004,0.0,803.0,-0.12954100000000002,-0.713507,SYC,GBR,3802
2049160,212,81,1072,2004,0.0,73756.0,-0.568707,-0.034736,SYR,GBR,3802
2049161,214,81,1072,2004,0.0,32362.0,-0.8921290000000001,-0.881603,TCD,GBR,3802
2049162,216,81,1072,2004,75300.0,124895.0,0.5150359999999999,1.583019,THA,GBR,3802
2049163,218,81,1072,2004,0.0,112140.0,0.31906999999999996,0.17012,TKL,GBR,3802
2049164,222,81,1072,2004,0.0,6465.0,0.00677,-0.965385,TTO,GBR,3802
2049165,224,81,1072,2004,0.0,250894.0,0.141454,1.9463599999999999,TUR,GBR,3802
2049166,226,81,1072,2004,0.0,104640.0,-1.022658,-0.007045999999999999,TZA,GBR,3802
2049167,227,81,1072,2004,0.0,19665.0,-0.914733,-0.554346,UGA,GBR,3802
2049168,228,81,1072,2004,0.0,96725.0,0.8758040000000001,0.8195879999999999,UKR,GBR,3802
2049169,231,81,1072,2004,4906276.0,5696385.0,1.7598630000000002,0.066704,USA,GBR,3802
2049170,232,81,1072,2004,0.0,19932.0,-0.50605,-0.824691,UZB,GBR,3802
2049171,234,81,1072,2004,0.0,1228.0,-0.564477,-0.8544,VCT,GBR,3802
2049172,236,81,1072,2004,0.0,153409.0,0.048698000000000005,-0.899776,VEN,GBR,3802
2049173,239,81,1072,2004,16493.0,0.0,-0.5270560000000001,0.8910389999999999,VNM,GBR,3802
2049174,243,81,1072,2004,0.0,1082.0,-1.15115,-1.207897,YEM,GBR,3802
2049175,246,81,1072,2004,99254.0,386129.0,0.460279,1.9736220000000002,ZAF,GBR,3802
2049176,249,81,1072,2004,548153.0,230121.0,1.626307,1.358315,TWN,GBR,3802
2049177,4,90,1072,2004,0.0,9169.0,-0.131892,0.14985199999999999,ALB,GRC,3802
2049178,14,90,1072,2004,12172.0,61075.0,0.196641,0.8139460000000001,AUS,GRC,3802
2049179,18,90,1072,2004,94071.0,0.0,1.350911,1.408209,BEL,GRC,3802
2049180,23,90,1072,2004,53064.0,94184.0,0.35536,1.499182,BGR,GRC,3802
2049181,39,90,1072,2004,0.0,5028469.0,0.9392739999999999,1.19228,CAN,GRC,3802
2049182,41,90,1072,2004,75358.0,2522938.0,2.151471,0.7196279999999999,CHE,GRC,3802
2049183,43,90,1072,2004,123250.0,0.0,0.581548,2.8689880000000003,CHN,GRC,3802
2049184,58,90,1072,2004,84286.0,120273.0,0.533521,0.615939,CYP,GRC,3802
2049185,59,90,1072,2004,4026.0,0.0,1.562625,0.865244,CZE,GRC,3802
2049186,61,90,1072,2004,906595.0,13398837.0,2.266076,-2.011139,DEU,GRC,3802
2049187,68,90,1072,2004,42536.0,277165.0,-0.300563,0.41834899999999997,EGY,GRC,3802
2049188,71,90,1072,2004,661357.0,863023.0,0.9784649999999999,2.051216,ESP,GRC,3802
2049189,74,90,1072,2004,0.0,379116.0,2.000218,0.9867309999999999,FIN,GRC,3802
2049190,77,90,1072,2004,267628.0,2790430.0,1.6003530000000001,0.643945,FRA,GRC,3802
2049191,81,90,1072,2004,206603.0,1461563.0,1.843506,0.684779,GBR,GRC,3802
2049192,104,90,1072,2004,137068.0,0.0,0.233348,2.790987,IND,GRC,3802
2049193,110,90,1072,2004,0.0,377913.0,1.250393,0.8003979999999999,ISR,GRC,3802
2049194,111,90,1072,2004,181022.0,2648208.0,1.358057,1.11533,ITA,GRC,3802
2049195,121,90,1072,2004,290821.0,0.0,1.3624690000000002,0.928342,KOR,GRC,3802
2049196,126,90,1072,2004,0.0,144321.0,-0.42119700000000004,-1.179463,LBY,GRC,3802
2049197,128,90,1072,2004,14973.0,0.0,-0.658668,0.21912600000000002,LKA,GRC,3802
2049198,134,90,1072,2004,0.0,183252.0,-0.681556,-0.152372,MAR,GRC,3802
2049199,140,90,1072,2004,71909.0,53798.0,-0.091013,0.190649,MKD,GRC,3802
2049200,153,90,1072,2004,186243.0,0.0,0.6710050000000001,0.17807,MYS,GRC,3802
2049201,162,90,1072,2004,721849.0,7770694.0,1.251808,1.586526,NLD,GRC,3802
2049202,163,90,1072,2004,0.0,1172828.0,1.10162,0.118709,NOR,GRC,3802
2049203,174,90,1072,2004,159836.0,0.0,-0.076709,-0.149006,PHL,GRC,3802
2049204,185,90,1072,2004,0.0,22495.0,0.37241599999999997,1.015865,ROU,GRC,3802
2049205,186,90,1072,2004,0.0,1414937.0,0.8952399999999999,0.172896,RUS,GRC,3802
2049206,189,90,1072,2004,0.0,3957.0,0.628071,2.210424,SCG,GRC,3802
2049207,208,90,1072,2004,31508.0,4364798.0,2.0522080000000003,0.8326969999999999,SWE,GRC,3802
2049208,224,90,1072,2004,67034.0,301886.0,0.141454,1.9463599999999999,TUR,GRC,3802
2049209,231,90,1072,2004,76179.0,124968.0,1.7598630000000002,0.066704,USA,GRC,3802
2049210,236,90,1072,2004,0.0,684031.0,0.048698000000000005,-0.899776,VEN,GRC,3802
2049211,8,93,1072,2004,25941.0,0.0,0.28128600000000004,0.64115,ARG,GTM,3802
2049212,29,93,1072,2004,0.0,4840.0,-0.355391,-0.662783,BLZ,GTM,3802
2049213,32,93,1072,2004,6530.0,6467.0,0.540718,1.149065,BRA,GTM,3802
2049214,39,93,1072,2004,1487.0,0.0,0.9392739999999999,1.19228,CAN,GTM,3802
2049215,42,93,1072,2004,15857.0,0.0,-0.07869,-0.33641,CHL,GTM,3802
2049216,43,93,1072,2004,30208.0,0.0,0.581548,2.8689880000000003,CHN,GTM,3802
2049217,49,93,1072,2004,6991.0,20109.0,0.033128,0.47524799999999995,COL,GTM,3802
2049218,52,93,1072,2004,3980.0,0.0,-0.043266000000000006,-0.376239,CRI,GTM,3802
2049219,61,93,1072,2004,3434.0,0.0,2.266076,-2.011139,DEU,GTM,3802
2049220,81,93,1072,2004,214323.0,0.0,1.843506,0.684779,GBR,GTM,3802
2049221,99,93,1072,2004,9865.0,303028.0,-0.75975,-0.548407,HND,GTM,3802
2049222,138,93,1072,2004,1016779.0,0.0,0.868684,0.85506,MEX,GTM,3802
2049223,160,93,1072,2004,0.0,132998.0,-0.9789479999999999,-0.8374219999999999,NIC,GTM,3802
2049224,162,93,1072,2004,25510.0,0.0,1.251808,1.586526,NLD,GTM,3802
2049225,169,93,1072,2004,2063.0,0.0,-0.011979,0.261315,PAN,GTM,3802
2049226,197,93,1072,2004,0.0,35182.0,-0.20529499999999998,0.1116,SLV,GTM,3802
2049227,231,93,1072,2004,532802.0,7858.0,1.7598630000000002,0.066704,USA,GTM,3802
2049228,249,93,1072,2004,1466.0,0.0,1.626307,1.358315,TWN,GTM,3802
2049229,6,96,1072,2004,21065.0,0.0,0.726256,-0.48520699999999994,ANT,GUY,3802
2049230,14,96,1072,2004,0.0,90634.0,0.196641,0.8139460000000001,AUS,GUY,3802
2049231,61,96,1072,2004,13910.0,0.0,2.266076,-2.011139,DEU,GUY,3802
2049232,81,96,1072,2004,8426.0,0.0,1.843506,0.684779,GBR,GUY,3802
2049233,162,96,1072,2004,50352.0,0.0,1.251808,1.586526,NLD,GUY,3802
2049234,205,96,1072,2004,1449.0,0.0,-0.991433,-0.926657,SUR,GUY,3802
2049235,231,96,1072,2004,333535.0,9216.0,1.7598630000000002,0.066704,USA,GUY,3802
2049236,14,97,1072,2004,0.0,2998.0,0.196641,0.8139460000000001,AUS,HKG,3802
2049237,39,97,1072,2004,12787.0,0.0,0.9392739999999999,1.19228,CAN,HKG,3802
2049238,43,97,1072,2004,1553960.0,313270.0,0.581548,2.8689880000000003,CHN,HKG,3802
2049239,61,97,1072,2004,70932.0,68109.0,2.266076,-2.011139,DEU,HKG,3802
2049240,64,97,1072,2004,2244.0,0.0,1.328968,1.262743,DNK,HKG,3802
2049241,77,97,1072,2004,27800.0,0.0,1.6003530000000001,0.643945,FRA,HKG,3802
2049242,81,97,1072,2004,560132.0,0.0,1.843506,0.684779,GBR,HKG,3802
2049243,104,97,1072,2004,5529.0,2192.0,0.233348,2.790987,IND,HKG,3802
2049244,106,97,1072,2004,0.0,99040.0,1.501859,0.14456,IRL,HKG,3802
2049245,111,97,1072,2004,178443.0,0.0,1.358057,1.11533,ITA,HKG,3802
2049246,114,97,1072,2004,1124137.0,27103.0,2.526624,0.452054,JPN,HKG,3802
2049247,118,97,1072,2004,0.0,4042.0,-1.4676209999999998,-1.1972639999999999,KHM,HKG,3802
2049248,121,97,1072,2004,5769.0,0.0,1.3624690000000002,0.928342,KOR,HKG,3802
2049249,128,97,1072,2004,6064.0,0.0,-0.658668,0.21912600000000002,LKA,HKG,3802
2049250,133,97,1072,2004,0.0,29247.0,-0.351045,-0.487521,MAC,HKG,3802
2049251,153,97,1072,2004,74558.0,11552.0,0.6710050000000001,0.17807,MYS,HKG,3802
2049252,162,97,1072,2004,2228.0,0.0,1.251808,1.586526,NLD,HKG,3802
2049253,174,97,1072,2004,13249.0,32964.0,-0.076709,-0.149006,PHL,HKG,3802
2049254,192,97,1072,2004,15942.0,1835.0,1.6409779999999998,0.634947,SGP,HKG,3802
2049255,224,97,1072,2004,20498.0,0.0,0.141454,1.9463599999999999,TUR,HKG,3802
2049256,231,97,1072,2004,1753113.0,7334.0,1.7598630000000002,0.066704,USA,HKG,3802
2049257,239,97,1072,2004,0.0,24375.0,-0.5270560000000001,0.8910389999999999,VNM,HKG,3802
2049258,246,97,1072,2004,0.0,2048.0,0.460279,1.9736220000000002,ZAF,HKG,3802
2049259,248,97,1072,2004,0.0,121226.0,-0.560593,-0.091112,ZWE,HKG,3802
2049260,249,97,1072,2004,295207.0,6190.0,1.626307,1.358315,TWN,HKG,3802
2049261,43,99,1072,2004,5203.0,0.0,0.581548,2.8689880000000003,CHN,HND,3802
2049262,49,99,1072,2004,1362153.0,0.0,0.033128,0.47524799999999995,COL,HND,3802
2049263,77,99,1072,2004,4850.0,0.0,1.6003530000000001,0.643945,FRA,HND,3802
2049264,81,99,1072,2004,117039.0,0.0,1.843506,0.684779,GBR,HND,3802
2049265,93,99,1072,2004,303028.0,9865.0,-0.46136000000000005,0.148122,GTM,HND,3802
2049266,138,99,1072,2004,243059.0,21472.0,0.868684,0.85506,MEX,HND,3802
2049267,160,99,1072,2004,9399.0,1055.0,-0.9789479999999999,-0.8374219999999999,NIC,HND,3802
2049268,162,99,1072,2004,24121.0,0.0,1.251808,1.586526,NLD,HND,3802
2049269,169,99,1072,2004,30890.0,0.0,-0.011979,0.261315,PAN,HND,3802
2049270,174,99,1072,2004,20383.0,0.0,-0.076709,-0.149006,PHL,HND,3802
2049271,216,99,1072,2004,110951.0,0.0,0.5150359999999999,1.583019,THA,HND,3802
2049272,231,99,1072,2004,317579.0,63985.0,1.7598630000000002,0.066704,USA,HND,3802
2049273,249,99,1072,2004,12769.0,0.0,1.626307,1.358315,TWN,HND,3802
2049274,14,103,1072,2004,30737.0,734658.0,0.196641,0.8139460000000001,AUS,IDN,3802
2049275,15,103,1072,2004,1027.0,35774.0,1.825391,0.40553,AUT,IDN,3802
2049276,16,103,1072,2004,0.0,1945.0,-0.393221,-0.9494440000000001,AZE,IDN,3802
2049277,18,103,1072,2004,3627.0,88424.0,1.350911,1.408209,BEL,IDN,3802
2049278,22,103,1072,2004,0.0,8556.0,-1.150444,-0.885333,BGD,IDN,3802
2049279,23,103,1072,2004,0.0,14411.0,0.35536,1.499182,BGR,IDN,3802
2049280,32,103,1072,2004,0.0,379829.0,0.540718,1.149065,BRA,IDN,3802
2049281,39,103,1072,2004,4082.0,62613.0,0.9392739999999999,1.19228,CAN,IDN,3802
2049282,41,103,1072,2004,0.0,5132.0,2.151471,0.7196279999999999,CHE,IDN,3802
2049283,43,103,1072,2004,946552.0,556050.0,0.581548,2.8689880000000003,CHN,IDN,3802
2049284,44,103,1072,2004,0.0,44729.0,-0.8490979999999999,-0.754732,CIV,IDN,3802
2049285,59,103,1072,2004,0.0,29620.0,1.562625,0.865244,CZE,IDN,3802
2049286,61,103,1072,2004,262414.0,1327486.0,2.266076,-2.011139,DEU,IDN,3802
2049287,68,103,1072,2004,0.0,302899.0,-0.300563,0.41834899999999997,EGY,IDN,3802
2049288,75,103,1072,2004,0.0,6708.0,-0.8870969999999999,-0.287427,FJI,IDN,3802
2049289,77,103,1072,2004,13128.0,491159.0,1.6003530000000001,0.643945,FRA,IDN,3802
2049290,81,103,1072,2004,3014.0,295771.0,1.843506,0.684779,GBR,IDN,3802
2049291,83,103,1072,2004,0.0,62446.0,-1.2972540000000001,-0.9967219999999999,GHA,IDN,3802
2049292,100,103,1072,2004,0.0,1904.0,0.6669970000000001,1.088043,HRV,IDN,3802
2049293,102,103,1072,2004,0.0,7612.0,1.207082,1.019714,HUN,IDN,3802
2049294,104,103,1072,2004,172633.0,627513.0,0.233348,2.790987,IND,IDN,3802
2049295,107,103,1072,2004,0.0,1028547.0,-0.38210700000000003,-0.8408620000000001,IRN,IDN,3802
2049296,111,103,1072,2004,101721.0,792438.0,1.358057,1.11533,ITA,IDN,3802
2049297,114,103,1072,2004,416320.0,5095575.0,2.526624,0.452054,JPN,IDN,3802
2049298,116,103,1072,2004,0.0,187359.0,-0.503694,0.410495,KEN,IDN,3802
2049299,121,103,1072,2004,96851.0,1695988.0,1.3624690000000002,0.928342,KOR,IDN,3802
2049300,124,103,1072,2004,0.0,11156.0,0.32409899999999997,1.037024,LBN,IDN,3802
2049301,128,103,1072,2004,0.0,161224.0,-0.658668,0.21912600000000002,LKA,IDN,3802
2049302,130,103,1072,2004,0.0,63066.0,0.403568,0.632707,LTU,IDN,3802
2049303,140,103,1072,2004,0.0,521.0,-0.091013,0.190649,MKD,IDN,3802
2049304,153,103,1072,2004,36022.0,654677.0,0.6710050000000001,0.17807,MYS,IDN,3802
2049305,159,103,1072,2004,0.0,18451.0,-2.413432,-1.3033190000000001,NGA,IDN,3802
2049306,162,103,1072,2004,117099.0,1152722.0,1.251808,1.586526,NLD,IDN,3802
2049307,164,103,1072,2004,0.0,9566.0,-0.323954,0.5528,NPL,IDN,3802
2049308,166,103,1072,2004,0.0,148197.0,0.567392,0.965781,NZL,IDN,3802
2049309,168,103,1072,2004,0.0,45464.0,-0.754143,0.25995100000000004,PAK,IDN,3802
2049310,173,103,1072,2004,0.0,80305.0,-0.564244,0.131232,PER,IDN,3802
2049311,174,103,1072,2004,668070.0,149587.0,-0.076709,-0.149006,PHL,IDN,3802
2049312,176,103,1072,2004,0.0,45339.0,-1.7599200000000002,-1.219971,PNG,IDN,3802
2049313,177,103,1072,2004,0.0,4557.0,1.019341,1.519452,POL,IDN,3802
2049314,186,103,1072,2004,4260.0,41828.0,0.8952399999999999,0.172896,RUS,IDN,3802
2049315,188,103,1072,2004,0.0,18384.0,0.546196,-0.7014729999999999,SAU,IDN,3802
2049316,189,103,1072,2004,0.0,728.0,0.628071,2.210424,SCG,IDN,3802
2049317,190,103,1072,2004,0.0,7487.0,-1.5346309999999999,-1.2599559999999999,SDN,IDN,3802
2049318,192,103,1072,2004,415572.0,59551.0,1.6409779999999998,0.634947,SGP,IDN,3802
2049319,206,103,1072,2004,0.0,15750.0,1.2375120000000002,0.8777889999999999,SVK,IDN,3802
2049320,207,103,1072,2004,0.0,1226.0,1.628643,1.02381,SVN,IDN,3802
2049321,208,103,1072,2004,0.0,71666.0,2.0522080000000003,0.8326969999999999,SWE,IDN,3802
2049322,212,103,1072,2004,0.0,23616.0,-0.568707,-0.034736,SYR,IDN,3802
2049323,216,103,1072,2004,28182.0,1846108.0,0.5150359999999999,1.583019,THA,IDN,3802
2049324,218,103,1072,2004,0.0,11662.0,0.31906999999999996,0.17012,TKL,IDN,3802
2049325,224,103,1072,2004,0.0,223454.0,0.141454,1.9463599999999999,TUR,IDN,3802
2049326,226,103,1072,2004,0.0,100312.0,-1.022658,-0.007045999999999999,TZA,IDN,3802
2049327,228,103,1072,2004,0.0,1505.0,0.8758040000000001,0.8195879999999999,UKR,IDN,3802
2049328,231,103,1072,2004,1262596.0,1784938.0,1.7598630000000002,0.066704,USA,IDN,3802
2049329,239,103,1072,2004,0.0,272221.0,-0.5270560000000001,0.8910389999999999,VNM,IDN,3802
2049330,246,103,1072,2004,0.0,49902.0,0.460279,1.9736220000000002,ZAF,IDN,3802
2049331,249,103,1072,2004,8886.0,1171363.0,1.626307,1.358315,TWN,IDN,3802
2049332,7,104,1072,2004,6529.0,90117.0,0.1799,-0.34541900000000003,ARE,IND,3802
2049333,8,104,1072,2004,0.0,5686.0,0.28128600000000004,0.64115,ARG,IND,3802
2049334,9,104,1072,2004,0.0,80106.0,0.661799,-0.140004,ARM,IND,3802
2049335,14,104,1072,2004,14076.0,585894.0,0.196641,0.8139460000000001,AUS,IND,3802
2049336,15,104,1072,2004,1327.0,100261.0,1.825391,0.40553,AUT,IND,3802
2049337,18,104,1072,2004,131694.0,150038.0,1.350911,1.408209,BEL,IND,3802
2049338,21,104,1072,2004,0.0,21497.0,-1.000801,-1.00024,BFA,IND,3802
2049339,22,104,1072,2004,0.0,4053.0,-1.150444,-0.885333,BGD,IND,3802
2049340,23,104,1072,2004,0.0,839.0,0.35536,1.499182,BGR,IND,3802
2049341,32,104,1072,2004,7382.0,1873.0,0.540718,1.149065,BRA,IND,3802
2049342,35,104,1072,2004,0.0,40224.0,-0.050289,-0.697735,BTN,IND,3802
2049343,39,104,1072,2004,1621417.0,13547.0,0.9392739999999999,1.19228,CAN,IND,3802
2049344,41,104,1072,2004,21716.0,0.0,2.151471,0.7196279999999999,CHE,IND,3802
2049345,42,104,1072,2004,0.0,12193.0,-0.07869,-0.33641,CHL,IND,3802
2049346,43,104,1072,2004,1301280.0,64166.0,0.581548,2.8689880000000003,CHN,IND,3802
2049347,61,104,1072,2004,2696132.0,693077.0,2.266076,-2.011139,DEU,IND,3802
2049348,64,104,1072,2004,12274.0,0.0,1.328968,1.262743,DNK,IND,3802
2049349,67,104,1072,2004,0.0,6375.0,-1.149101,-1.013619,ECU,IND,3802
2049350,68,104,1072,2004,2045.0,23198.0,-0.300563,0.41834899999999997,EGY,IND,3802
2049351,71,104,1072,2004,20637.0,34561.0,0.9784649999999999,2.051216,ESP,IND,3802
2049352,73,104,1072,2004,0.0,662.0,-1.156284,-0.900874,ETH,IND,3802
2049353,74,104,1072,2004,0.0,8457.0,2.000218,0.9867309999999999,FIN,IND,3802
2049354,77,104,1072,2004,2622622.0,388397.0,1.6003530000000001,0.643945,FRA,IND,3802
2049355,81,104,1072,2004,455635.0,411105.0,1.843506,0.684779,GBR,IND,3802
2049356,83,104,1072,2004,0.0,204396.0,-1.2972540000000001,-0.9967219999999999,GHA,IND,3802
2049357,85,104,1072,2004,0.0,34873.0,-1.314543,-1.155153,GIN,IND,3802
2049358,90,104,1072,2004,0.0,137068.0,0.348853,1.661656,GRC,IND,3802
2049359,97,104,1072,2004,2192.0,5529.0,0.604825,2.098745,HKG,IND,3802
2049360,103,104,1072,2004,627513.0,172633.0,-0.223644,1.719065,IDN,IND,3802
2049361,106,104,1072,2004,0.0,28987.0,1.501859,0.14456,IRL,IND,3802
2049362,107,104,1072,2004,0.0,353922.0,-0.38210700000000003,-0.8408620000000001,IRN,IND,3802
2049363,110,104,1072,2004,0.0,5720.0,1.250393,0.8003979999999999,ISR,IND,3802
2049364,111,104,1072,2004,108710.0,386592.0,1.358057,1.11533,ITA,IND,3802
2049365,113,104,1072,2004,0.0,28636.0,0.152989,0.385845,JOR,IND,3802
2049366,114,104,1072,2004,783670.0,415336.0,2.526624,0.452054,JPN,IND,3802
2049367,116,104,1072,2004,0.0,5855.0,-0.503694,0.410495,KEN,IND,3802
2049368,121,104,1072,2004,0.0,69713.0,1.3624690000000002,0.928342,KOR,IND,3802
2049369,122,104,1072,2004,0.0,7487.0,-0.481908,-1.172081,KWT,IND,3802
2049370,128,104,1072,2004,32292.0,12557.0,-0.658668,0.21912600000000002,LKA,IND,3802
2049371,134,104,1072,2004,0.0,3549.0,-0.681556,-0.152372,MAR,IND,3802
2049372,137,104,1072,2004,0.0,2685.0,-0.34020700000000004,-0.817298,MDV,IND,3802
2049373,141,104,1072,2004,0.0,118923.0,-0.6905100000000001,-0.9162459999999999,MLI,IND,3802
2049374,147,104,1072,2004,0.0,3087.0,-1.1010790000000001,-1.0942,MOZ,IND,3802
2049375,151,104,1072,2004,1088.0,11829.0,-0.374754,-0.288504,MUS,IND,3802
2049376,153,104,1072,2004,273210.0,22392.0,0.6710050000000001,0.17807,MYS,IND,3802
2049377,162,104,1072,2004,349806.0,693427.0,1.251808,1.586526,NLD,IND,3802
2049378,163,104,1072,2004,0.0,19024.0,1.10162,0.118709,NOR,IND,3802
2049379,164,104,1072,2004,0.0,36515.0,-0.323954,0.5528,NPL,IND,3802
2049380,167,104,1072,2004,5262.0,5049.0,-0.62946,-1.108933,OMN,IND,3802
2049381,168,104,1072,2004,0.0,15760.0,-0.754143,0.25995100000000004,PAK,IND,3802
2049382,173,104,1072,2004,0.0,61463.0,-0.564244,0.131232,PER,IND,3802
2049383,174,104,1072,2004,0.0,3895.0,-0.076709,-0.149006,PHL,IND,3802
2049384,177,104,1072,2004,353111.0,86596.0,1.019341,1.519452,POL,IND,3802
2049385,186,104,1072,2004,0.0,204404.0,0.8952399999999999,0.172896,RUS,IND,3802
2049386,188,104,1072,2004,0.0,449342.0,0.546196,-0.7014729999999999,SAU,IND,3802
2049387,191,104,1072,2004,0.0,24027.0,-0.527127,-0.368631,SEN,IND,3802
2049388,192,104,1072,2004,32038.0,254909.0,1.6409779999999998,0.634947,SGP,IND,3802
2049389,206,104,1072,2004,0.0,14793.0,1.2375120000000002,0.8777889999999999,SVK,IND,3802
2049390,208,104,1072,2004,147015.0,71870.0,2.0522080000000003,0.8326969999999999,SWE,IND,3802
2049391,216,104,1072,2004,0.0,172298.0,0.5150359999999999,1.583019,THA,IND,3802
2049392,223,104,1072,2004,0.0,6921.0,-0.195751,0.335147,TUN,IND,3802
2049393,226,104,1072,2004,0.0,8531.0,-1.022658,-0.007045999999999999,TZA,IND,3802
2049394,227,104,1072,2004,0.0,3694.0,-0.914733,-0.554346,UGA,IND,3802
2049395,231,104,1072,2004,2894588.0,801390.0,1.7598630000000002,0.066704,USA,IND,3802
2049396,246,104,1072,2004,0.0,467154.0,0.460279,1.9736220000000002,ZAF,IND,3802
2049397,248,104,1072,2004,0.0,8995.0,-0.560593,-0.091112,ZWE,IND,3802
2049398,249,104,1072,2004,14920.0,8106.0,1.626307,1.358315,TWN,IND,3802
2049399,18,106,1072,2004,88195.0,32829.0,1.350911,1.408209,BEL,IRL,3802
2049400,41,106,1072,2004,0.0,6946.0,2.151471,0.7196279999999999,CHE,IRL,3802
2049401,43,106,1072,2004,4500.0,0.0,0.581548,2.8689880000000003,CHN,IRL,3802
2049402,61,106,1072,2004,46511.0,0.0,2.266076,-2.011139,DEU,IRL,3802
2049403,71,106,1072,2004,44619.0,0.0,0.9784649999999999,2.051216,ESP,IRL,3802
2049404,77,106,1072,2004,21192.0,0.0,1.6003530000000001,0.643945,FRA,IRL,3802
2049405,81,106,1072,2004,2058086.0,108725.0,1.843506,0.684779,GBR,IRL,3802
2049406,97,106,1072,2004,99040.0,0.0,0.604825,2.098745,HKG,IRL,3802
2049407,104,106,1072,2004,28987.0,0.0,0.233348,2.790987,IND,IRL,3802
2049408,111,106,1072,2004,51096.0,0.0,1.358057,1.11533,ITA,IRL,3802
2049409,114,106,1072,2004,229722.0,0.0,2.526624,0.452054,JPN,IRL,3802
2049410,121,106,1072,2004,1223.0,0.0,1.3624690000000002,0.928342,KOR,IRL,3802
2049411,162,106,1072,2004,31589.0,3750.0,1.251808,1.586526,NLD,IRL,3802
2049412,186,106,1072,2004,0.0,44542.0,0.8952399999999999,0.172896,RUS,IRL,3802
2049413,231,106,1072,2004,53983.0,0.0,1.7598630000000002,0.066704,USA,IRL,3802
2049414,18,110,1072,2004,55956.0,0.0,1.350911,1.408209,BEL,ISR,3802
2049415,39,110,1072,2004,13836.0,0.0,0.9392739999999999,1.19228,CAN,ISR,3802
2049416,41,110,1072,2004,54541.0,0.0,2.151471,0.7196279999999999,CHE,ISR,3802
2049417,43,110,1072,2004,218289.0,0.0,0.581548,2.8689880000000003,CHN,ISR,3802
2049418,52,110,1072,2004,0.0,52746.0,-0.043266000000000006,-0.376239,CRI,ISR,3802
2049419,58,110,1072,2004,0.0,1447.0,0.533521,0.615939,CYP,ISR,3802
2049420,61,110,1072,2004,694063.0,0.0,2.266076,-2.011139,DEU,ISR,3802
2049421,64,110,1072,2004,3110.0,0.0,1.328968,1.262743,DNK,ISR,3802
2049422,68,110,1072,2004,104863.0,0.0,-0.300563,0.41834899999999997,EGY,ISR,3802
2049423,71,110,1072,2004,182468.0,0.0,0.9784649999999999,2.051216,ESP,ISR,3802
2049424,74,110,1072,2004,1115.0,0.0,2.000218,0.9867309999999999,FIN,ISR,3802
2049425,77,110,1072,2004,901032.0,0.0,1.6003530000000001,0.643945,FRA,ISR,3802
2049426,81,110,1072,2004,423177.0,0.0,1.843506,0.684779,GBR,ISR,3802
2049427,90,110,1072,2004,377913.0,0.0,0.348853,1.661656,GRC,ISR,3802
2049428,104,110,1072,2004,5720.0,0.0,0.233348,2.790987,IND,ISR,3802
2049429,111,110,1072,2004,395641.0,6158.0,1.358057,1.11533,ITA,ISR,3802
2049430,128,110,1072,2004,5900.0,0.0,-0.658668,0.21912600000000002,LKA,ISR,3802
2049431,138,110,1072,2004,11771.0,0.0,0.868684,0.85506,MEX,ISR,3802
2049432,162,110,1072,2004,367404.0,0.0,1.251808,1.586526,NLD,ISR,3802
2049433,192,110,1072,2004,6305.0,0.0,1.6409779999999998,0.634947,SGP,ISR,3802
2049434,208,110,1072,2004,17703.0,0.0,2.0522080000000003,0.8326969999999999,SWE,ISR,3802
2049435,224,110,1072,2004,3625.0,0.0,0.141454,1.9463599999999999,TUR,ISR,3802
2049436,231,110,1072,2004,651060.0,15786.0,1.7598630000000002,0.066704,USA,ISR,3802
2049437,4,111,1072,2004,0.0,21424.0,-0.131892,0.14985199999999999,ALB,ITA,3802
2049438,7,111,1072,2004,0.0,91429.0,0.1799,-0.34541900000000003,ARE,ITA,3802
2049439,8,111,1072,2004,4606.0,113642.0,0.28128600000000004,0.64115,ARG,ITA,3802
2049440,14,111,1072,2004,0.0,11322.0,0.196641,0.8139460000000001,AUS,ITA,3802
2049441,15,111,1072,2004,40447.0,542418.0,1.825391,0.40553,AUT,ITA,3802
2049442,18,111,1072,2004,2033670.0,90849.0,1.350911,1.408209,BEL,ITA,3802
2049443,23,111,1072,2004,12095.0,56237.0,0.35536,1.499182,BGR,ITA,3802
2049444,26,111,1072,2004,0.0,7312.0,0.385952,0.571774,BIH,ITA,3802
2049445,28,111,1072,2004,0.0,2610.0,0.8553139999999999,0.703926,BLR,ITA,3802
2049446,32,111,1072,2004,160659.0,261563.0,0.540718,1.149065,BRA,ITA,3802
2049447,39,111,1072,2004,0.0,17028.0,0.9392739999999999,1.19228,CAN,ITA,3802
2049448,41,111,1072,2004,37045.0,775534.0,2.151471,0.7196279999999999,CHE,ITA,3802
2049449,42,111,1072,2004,0.0,92282.0,-0.07869,-0.33641,CHL,ITA,3802
2049450,43,111,1072,2004,7635688.0,36904.0,0.581548,2.8689880000000003,CHN,ITA,3802
2049451,45,111,1072,2004,0.0,6076.0,-1.604916,-1.217399,CMR,ITA,3802
2049452,47,111,1072,2004,0.0,9734.0,-1.610222,-1.184921,COG,ITA,3802
2049453,49,111,1072,2004,0.0,27872.0,0.033128,0.47524799999999995,COL,ITA,3802
2049454,54,111,1072,2004,0.0,2877.0,-0.040541,-0.634675,CUB,ITA,3802
2049455,58,111,1072,2004,0.0,16260.0,0.533521,0.615939,CYP,ITA,3802
2049456,59,111,1072,2004,6876.0,10279.0,1.562625,0.865244,CZE,ITA,3802
2049457,61,111,1072,2004,5771877.0,2171093.0,2.266076,-2.011139,DEU,ITA,3802
2049458,62,111,1072,2004,0.0,8337.0,-0.12463699999999998,-0.304559,DJI,ITA,3802
2049459,64,111,1072,2004,26326.0,64038.0,1.328968,1.262743,DNK,ITA,3802
2049460,65,111,1072,2004,0.0,1249.0,-0.510025,-0.328257,DOM,ITA,3802
2049461,66,111,1072,2004,0.0,6039.0,-0.725066,-1.163606,DZA,ITA,3802
2049462,67,111,1072,2004,0.0,6581.0,-1.149101,-1.013619,ECU,ITA,3802
2049463,68,111,1072,2004,0.0,398428.0,-0.300563,0.41834899999999997,EGY,ITA,3802
2049464,71,111,1072,2004,3049424.0,1163076.0,0.9784649999999999,2.051216,ESP,ITA,3802
2049465,73,111,1072,2004,0.0,3556.0,-1.156284,-0.900874,ETH,ITA,3802
2049466,74,111,1072,2004,2892.0,292015.0,2.000218,0.9867309999999999,FIN,ITA,3802
2049467,77,111,1072,2004,11690411.0,2407283.0,1.6003530000000001,0.643945,FRA,ITA,3802
2049468,81,111,1072,2004,2727518.0,498386.0,1.843506,0.684779,GBR,ITA,3802
2049469,82,111,1072,2004,0.0,2063.0,0.381348,-0.44259,GEO,ITA,3802
2049470,90,111,1072,2004,2648208.0,181022.0,0.348853,1.661656,GRC,ITA,3802
2049471,97,111,1072,2004,0.0,178443.0,0.604825,2.098745,HKG,ITA,3802
2049472,100,111,1072,2004,4969.0,66392.0,0.6669970000000001,1.088043,HRV,ITA,3802
2049473,102,111,1072,2004,33087.0,679078.0,1.207082,1.019714,HUN,ITA,3802
2049474,103,111,1072,2004,792438.0,101721.0,-0.223644,1.719065,IDN,ITA,3802
2049475,104,111,1072,2004,386592.0,108710.0,0.233348,2.790987,IND,ITA,3802
2049476,106,111,1072,2004,0.0,51096.0,1.501859,0.14456,IRL,ITA,3802
2049477,107,111,1072,2004,0.0,59439.0,-0.38210700000000003,-0.8408620000000001,IRN,ITA,3802
2049478,109,111,1072,2004,32366.0,0.0,0.298844,-0.36366,ISL,ITA,3802
2049479,110,111,1072,2004,6158.0,395641.0,1.250393,0.8003979999999999,ISR,ITA,3802
2049480,113,111,1072,2004,0.0,68548.0,0.152989,0.385845,JOR,ITA,3802
2049481,114,111,1072,2004,683902.0,77043.0,2.526624,0.452054,JPN,ITA,3802
2049482,115,111,1072,2004,0.0,4758.0,-0.09288300000000001,-0.537664,KAZ,ITA,3802
2049483,116,111,1072,2004,0.0,12861.0,-0.503694,0.410495,KEN,ITA,3802
2049484,121,111,1072,2004,0.0,70068.0,1.3624690000000002,0.928342,KOR,ITA,3802
2049485,122,111,1072,2004,0.0,9538.0,-0.481908,-1.172081,KWT,ITA,3802
2049486,124,111,1072,2004,0.0,12956.0,0.32409899999999997,1.037024,LBN,ITA,3802
2049487,126,111,1072,2004,0.0,152651.0,-0.42119700000000004,-1.179463,LBY,ITA,3802
2049488,128,111,1072,2004,62878.0,2426.0,-0.658668,0.21912600000000002,LKA,ITA,3802
2049489,130,111,1072,2004,0.0,5063.0,0.403568,0.632707,LTU,ITA,3802
2049490,131,111,1072,2004,1290820.0,0.0,1.37529,1.0172649999999999,LUX,ITA,3802
2049491,132,111,1072,2004,0.0,33581.0,0.413821,0.627853,LVA,ITA,3802
2049492,134,111,1072,2004,0.0,18973.0,-0.681556,-0.152372,MAR,ITA,3802
2049493,135,111,1072,2004,0.0,32074.0,-0.155523,-0.355142,MDA,ITA,3802
2049494,138,111,1072,2004,0.0,8051.0,0.868684,0.85506,MEX,ITA,3802
2049495,140,111,1072,2004,0.0,9809.0,-0.091013,0.190649,MKD,ITA,3802
2049496,142,111,1072,2004,0.0,60609.0,1.251894,0.063827,MLT,ITA,3802
2049497,151,111,1072,2004,0.0,23162.0,-0.374754,-0.288504,MUS,ITA,3802
2049498,153,111,1072,2004,1165650.0,128228.0,0.6710050000000001,0.17807,MYS,ITA,3802
2049499,162,111,1072,2004,1740464.0,992944.0,1.251808,1.586526,NLD,ITA,3802
2049500,163,111,1072,2004,2576.0,9323.0,1.10162,0.118709,NOR,ITA,3802
2049501,167,111,1072,2004,0.0,52554.0,-0.62946,-1.108933,OMN,ITA,3802
2049502,168,111,1072,2004,0.0,46166.0,-0.754143,0.25995100000000004,PAK,ITA,3802
2049503,173,111,1072,2004,0.0,30869.0,-0.564244,0.131232,PER,ITA,3802
2049504,174,111,1072,2004,503253.0,301632.0,-0.076709,-0.149006,PHL,ITA,3802
2049505,177,111,1072,2004,17054.0,233893.0,1.019341,1.519452,POL,ITA,3802
2049506,179,111,1072,2004,0.0,229710.0,0.524524,1.901139,PRT,ITA,3802
2049507,180,111,1072,2004,159380.0,0.0,-0.64574,-0.978875,PRY,ITA,3802
2049508,183,111,1072,2004,0.0,6975.0,0.21713400000000002,-1.031806,QAT,ITA,3802
2049509,185,111,1072,2004,57757.0,305312.0,0.37241599999999997,1.015865,ROU,ITA,3802
2049510,186,111,1072,2004,0.0,261361.0,0.8952399999999999,0.172896,RUS,ITA,3802
2049511,188,111,1072,2004,0.0,22835.0,0.546196,-0.7014729999999999,SAU,ITA,3802
2049512,189,111,1072,2004,0.0,120590.0,0.628071,2.210424,SCG,ITA,3802
2049513,192,111,1072,2004,0.0,14072.0,1.6409779999999998,0.634947,SGP,ITA,3802
2049514,197,111,1072,2004,0.0,1661.0,-0.20529499999999998,0.1116,SLV,ITA,3802
2049515,206,111,1072,2004,29441.0,5537.0,1.2375120000000002,0.8777889999999999,SVK,ITA,3802
2049516,207,111,1072,2004,5546.0,506306.0,1.628643,1.02381,SVN,ITA,3802
2049517,208,111,1072,2004,76215.0,152583.0,2.0522080000000003,0.8326969999999999,SWE,ITA,3802
2049518,211,111,1072,2004,0.0,9158.0,-0.12954100000000002,-0.713507,SYC,ITA,3802
2049519,212,111,1072,2004,0.0,246304.0,-0.568707,-0.034736,SYR,ITA,3802
2049520,216,111,1072,2004,28959.0,196844.0,0.5150359999999999,1.583019,THA,ITA,3802
2049521,223,111,1072,2004,3504.0,125994.0,-0.195751,0.335147,TUN,ITA,3802
2049522,224,111,1072,2004,578550.0,555939.0,0.141454,1.9463599999999999,TUR,ITA,3802
2049523,228,111,1072,2004,0.0,277422.0,0.8758040000000001,0.8195879999999999,UKR,ITA,3802
2049524,230,111,1072,2004,0.0,4478.0,0.151633,0.121776,URY,ITA,3802
2049525,231,111,1072,2004,1439311.0,48813.0,1.7598630000000002,0.066704,USA,ITA,3802
2049526,236,111,1072,2004,0.0,43420.0,0.048698000000000005,-0.899776,VEN,ITA,3802
2049527,239,111,1072,2004,0.0,14895.0,-0.5270560000000001,0.8910389999999999,VNM,ITA,3802
2049528,246,111,1072,2004,0.0,251765.0,0.460279,1.9736220000000002,ZAF,ITA,3802
2049529,249,111,1072,2004,20718.0,179912.0,1.626307,1.358315,TWN,ITA,3802
2049530,39,112,1072,2004,1315.0,0.0,0.9392739999999999,1.19228,CAN,JAM,3802
2049531,138,112,1072,2004,15181.0,0.0,0.868684,0.85506,MEX,JAM,3802
2049532,231,112,1072,2004,75269.0,0.0,1.7598630000000002,0.066704,USA,JAM,3802
2049533,249,112,1072,2004,2176.0,0.0,1.626307,1.358315,TWN,JAM,3802
2049534,7,114,1072,2004,0.0,310571.0,0.1799,-0.34541900000000003,ARE,JPN,3802
2049535,8,114,1072,2004,0.0,7087.0,0.28128600000000004,0.64115,ARG,JPN,3802
2049536,14,114,1072,2004,83637.0,679047.0,0.196641,0.8139460000000001,AUS,JPN,3802
2049537,15,114,1072,2004,16948.0,0.0,1.825391,0.40553,AUT,JPN,3802
2049538,18,114,1072,2004,0.0,599864.0,1.350911,1.408209,BEL,JPN,3802
2049539,22,114,1072,2004,0.0,28901.0,-1.150444,-0.885333,BGD,JPN,3802
2049540,32,114,1072,2004,158501.0,57365.0,0.540718,1.149065,BRA,JPN,3802
2049541,39,114,1072,2004,0.0,267872.0,0.9392739999999999,1.19228,CAN,JPN,3802
2049542,41,114,1072,2004,47600.0,4013.0,2.151471,0.7196279999999999,CHE,JPN,3802
2049543,43,114,1072,2004,36831323.0,8354179.0,0.581548,2.8689880000000003,CHN,JPN,3802
2049544,59,114,1072,2004,0.0,27239.0,1.562625,0.865244,CZE,JPN,3802
2049545,61,114,1072,2004,1964050.0,17505510.0,2.266076,-2.011139,DEU,JPN,3802
2049546,68,114,1072,2004,27188.0,216799.0,-0.300563,0.41834899999999997,EGY,JPN,3802
2049547,71,114,1072,2004,0.0,3957.0,0.9784649999999999,2.051216,ESP,JPN,3802
2049548,74,114,1072,2004,0.0,17497.0,2.000218,0.9867309999999999,FIN,JPN,3802
2049549,77,114,1072,2004,1058336.0,168833.0,1.6003530000000001,0.643945,FRA,JPN,3802
2049550,81,114,1072,2004,156472.0,811189.0,1.843506,0.684779,GBR,JPN,3802
2049551,95,114,1072,2004,0.0,22790.0,0.13034500000000002,-0.40525700000000003,GUM,JPN,3802
2049552,97,114,1072,2004,27103.0,1124137.0,0.604825,2.098745,HKG,JPN,3802
2049553,103,114,1072,2004,5095575.0,416320.0,-0.223644,1.719065,IDN,JPN,3802
2049554,104,114,1072,2004,415336.0,783670.0,0.233348,2.790987,IND,JPN,3802
2049555,106,114,1072,2004,0.0,229722.0,1.501859,0.14456,IRL,JPN,3802
2049556,111,114,1072,2004,77043.0,683902.0,1.358057,1.11533,ITA,JPN,3802
2049557,115,114,1072,2004,0.0,33317.0,-0.09288300000000001,-0.537664,KAZ,JPN,3802
2049558,121,114,1072,2004,746929.0,10783924.0,1.3624690000000002,0.928342,KOR,JPN,3802
2049559,128,114,1072,2004,531702.0,2825.0,-0.658668,0.21912600000000002,LKA,JPN,3802
2049560,133,114,1072,2004,0.0,7769.0,-0.351045,-0.487521,MAC,JPN,3802
2049561,138,114,1072,2004,83060.0,215491.0,0.868684,0.85506,MEX,JPN,3802
2049562,143,114,1072,2004,3138.0,0.0,-1.400614,-0.947664,MMR,JPN,3802
2049563,153,114,1072,2004,3963714.0,414219.0,0.6710050000000001,0.17807,MYS,JPN,3802
2049564,162,114,1072,2004,811887.0,308388.0,1.251808,1.586526,NLD,JPN,3802
2049565,166,114,1072,2004,0.0,34854.0,0.567392,0.965781,NZL,JPN,3802
2049566,168,114,1072,2004,0.0,727116.0,-0.754143,0.25995100000000004,PAK,JPN,3802
2049567,169,114,1072,2004,0.0,2431.0,-0.011979,0.261315,PAN,JPN,3802
2049568,174,114,1072,2004,9945004.0,169945.0,-0.076709,-0.149006,PHL,JPN,3802
2049569,177,114,1072,2004,0.0,1301.0,1.019341,1.519452,POL,JPN,3802
2049570,178,114,1072,2004,0.0,87412.0,0.578991,0.781518,PRK,JPN,3802
2049571,179,114,1072,2004,0.0,27969.0,0.524524,1.901139,PRT,JPN,3802
2049572,186,114,1072,2004,0.0,5617.0,0.8952399999999999,0.172896,RUS,JPN,3802
2049573,188,114,1072,2004,0.0,7351.0,0.546196,-0.7014729999999999,SAU,JPN,3802
2049574,192,114,1072,2004,3153.0,1006772.0,1.6409779999999998,0.634947,SGP,JPN,3802
2049575,207,114,1072,2004,0.0,10956.0,1.628643,1.02381,SVN,JPN,3802
2049576,216,114,1072,2004,1882051.0,1140174.0,0.5150359999999999,1.583019,THA,JPN,3802
2049577,224,114,1072,2004,0.0,126688.0,0.141454,1.9463599999999999,TUR,JPN,3802
2049578,231,114,1072,2004,22779130.0,4167416.0,1.7598630000000002,0.066704,USA,JPN,3802
2049579,236,114,1072,2004,0.0,78045.0,0.048698000000000005,-0.899776,VEN,JPN,3802
2049580,239,114,1072,2004,1482644.0,138826.0,-0.5270560000000001,0.8910389999999999,VNM,JPN,3802
2049581,246,114,1072,2004,162749.0,243259.0,0.460279,1.9736220000000002,ZAF,JPN,3802
2049582,249,114,1072,2004,238253.0,4702333.0,1.626307,1.358315,TWN,JPN,3802
2049583,7,121,1072,2004,0.0,8847.0,0.1799,-0.34541900000000003,ARE,KOR,3802
2049584,8,121,1072,2004,20739.0,0.0,0.28128600000000004,0.64115,ARG,KOR,3802
2049585,14,121,1072,2004,119039.0,5690.0,0.196641,0.8139460000000001,AUS,KOR,3802
2049586,22,121,1072,2004,0.0,5433.0,-1.150444,-0.885333,BGD,KOR,3802
2049587,32,121,1072,2004,0.0,2809.0,0.540718,1.149065,BRA,KOR,3802
2049588,39,121,1072,2004,12192.0,55836.0,0.9392739999999999,1.19228,CAN,KOR,3802
2049589,43,121,1072,2004,12329905.0,766924.0,0.581548,2.8689880000000003,CHN,KOR,3802
2049590,61,121,1072,2004,1398352.0,4772.0,2.266076,-2.011139,DEU,KOR,3802
2049591,77,121,1072,2004,987886.0,55134.0,1.6003530000000001,0.643945,FRA,KOR,3802
2049592,81,121,1072,2004,1412754.0,0.0,1.843506,0.684779,GBR,KOR,3802
2049593,90,121,1072,2004,0.0,290821.0,0.348853,1.661656,GRC,KOR,3802
2049594,97,121,1072,2004,0.0,5769.0,0.604825,2.098745,HKG,KOR,3802
2049595,103,121,1072,2004,1695988.0,96851.0,-0.223644,1.719065,IDN,KOR,3802
2049596,104,121,1072,2004,69713.0,0.0,0.233348,2.790987,IND,KOR,3802
2049597,106,121,1072,2004,0.0,1223.0,1.501859,0.14456,IRL,KOR,3802
2049598,111,121,1072,2004,70068.0,0.0,1.358057,1.11533,ITA,KOR,3802
2049599,114,121,1072,2004,10783924.0,746929.0,2.526624,0.452054,JPN,KOR,3802
2049600,128,121,1072,2004,378326.0,12711.0,-0.658668,0.21912600000000002,LKA,KOR,3802
2049601,138,121,1072,2004,0.0,1735.0,0.868684,0.85506,MEX,KOR,3802
2049602,152,121,1072,2004,0.0,23727.0,-1.592983,-1.252423,MWI,KOR,3802
2049603,153,121,1072,2004,156093.0,532694.0,0.6710050000000001,0.17807,MYS,KOR,3802
2049604,162,121,1072,2004,1610621.0,0.0,1.251808,1.586526,NLD,KOR,3802
2049605,167,121,1072,2004,0.0,5062.0,-0.62946,-1.108933,OMN,KOR,3802
2049606,174,121,1072,2004,1704593.0,2796.0,-0.076709,-0.149006,PHL,KOR,3802
2049607,186,121,1072,2004,0.0,56443.0,0.8952399999999999,0.172896,RUS,KOR,3802
2049608,188,121,1072,2004,0.0,85163.0,0.546196,-0.7014729999999999,SAU,KOR,3802
2049609,192,121,1072,2004,80303.0,53752.0,1.6409779999999998,0.634947,SGP,KOR,3802
2049610,208,121,1072,2004,10468.0,0.0,2.0522080000000003,0.8326969999999999,SWE,KOR,3802
2049611,216,121,1072,2004,281534.0,133460.0,0.5150359999999999,1.583019,THA,KOR,3802
2049612,224,121,1072,2004,0.0,669032.0,0.141454,1.9463599999999999,TUR,KOR,3802
2049613,231,121,1072,2004,10741123.0,65533.0,1.7598630000000002,0.066704,USA,KOR,3802
2049614,239,121,1072,2004,4065.0,74841.0,-0.5270560000000001,0.8910389999999999,VNM,KOR,3802
2049615,249,121,1072,2004,16352.0,332622.0,1.626307,1.358315,TWN,KOR,3802
2049616,7,128,1072,2004,0.0,68371.0,0.1799,-0.34541900000000003,ARE,LKA,3802
2049617,9,128,1072,2004,0.0,21601.0,0.661799,-0.140004,ARM,LKA,3802
2049618,14,128,1072,2004,301012.0,492922.0,0.196641,0.8139460000000001,AUS,LKA,3802
2049619,18,128,1072,2004,8391.0,111987.0,1.350911,1.408209,BEL,LKA,3802
2049620,32,128,1072,2004,0.0,13515.0,0.540718,1.149065,BRA,LKA,3802
2049621,39,128,1072,2004,0.0,247908.0,0.9392739999999999,1.19228,CAN,LKA,3802
2049622,42,128,1072,2004,0.0,30345.0,-0.07869,-0.33641,CHL,LKA,3802
2049623,43,128,1072,2004,15369.0,136847.0,0.581548,2.8689880000000003,CHN,LKA,3802
2049624,61,128,1072,2004,0.0,410123.0,2.266076,-2.011139,DEU,LKA,3802
2049625,67,128,1072,2004,0.0,18021.0,-1.149101,-1.013619,ECU,LKA,3802
2049626,68,128,1072,2004,0.0,29012.0,-0.300563,0.41834899999999997,EGY,LKA,3802
2049627,71,128,1072,2004,0.0,167333.0,0.9784649999999999,2.051216,ESP,LKA,3802
2049628,73,128,1072,2004,0.0,55325.0,-1.156284,-0.900874,ETH,LKA,3802
2049629,74,128,1072,2004,0.0,209630.0,2.000218,0.9867309999999999,FIN,LKA,3802
2049630,77,128,1072,2004,31738.0,62769.0,1.6003530000000001,0.643945,FRA,LKA,3802
2049631,81,128,1072,2004,0.0,1206304.0,1.843506,0.684779,GBR,LKA,3802
2049632,83,128,1072,2004,0.0,52224.0,-1.2972540000000001,-0.9967219999999999,GHA,LKA,3802
2049633,85,128,1072,2004,0.0,88708.0,-1.314543,-1.155153,GIN,LKA,3802
2049634,90,128,1072,2004,0.0,14973.0,0.348853,1.661656,GRC,LKA,3802
2049635,97,128,1072,2004,0.0,6064.0,0.604825,2.098745,HKG,LKA,3802
2049636,103,128,1072,2004,161224.0,0.0,-0.223644,1.719065,IDN,LKA,3802
2049637,104,128,1072,2004,12557.0,32292.0,0.233348,2.790987,IND,LKA,3802
2049638,107,128,1072,2004,0.0,159516.0,-0.38210700000000003,-0.8408620000000001,IRN,LKA,3802
2049639,110,128,1072,2004,0.0,5900.0,1.250393,0.8003979999999999,ISR,LKA,3802
2049640,111,128,1072,2004,2426.0,62878.0,1.358057,1.11533,ITA,LKA,3802
2049641,113,128,1072,2004,0.0,1174.0,0.152989,0.385845,JOR,LKA,3802
2049642,114,128,1072,2004,2825.0,531702.0,2.526624,0.452054,JPN,LKA,3802
2049643,115,128,1072,2004,0.0,17471.0,-0.09288300000000001,-0.537664,KAZ,LKA,3802
2049644,116,128,1072,2004,0.0,13591.0,-0.503694,0.410495,KEN,LKA,3802
2049645,121,128,1072,2004,12711.0,378326.0,1.3624690000000002,0.928342,KOR,LKA,3802
2049646,137,128,1072,2004,0.0,1293.0,-0.34020700000000004,-0.817298,MDV,LKA,3802
2049647,138,128,1072,2004,0.0,13814.0,0.868684,0.85506,MEX,LKA,3802
2049648,153,128,1072,2004,73333.0,20995.0,0.6710050000000001,0.17807,MYS,LKA,3802
2049649,157,128,1072,2004,0.0,133699.0,-0.8203799999999999,-0.7488,NER,LKA,3802
2049650,160,128,1072,2004,0.0,121326.0,-0.9789479999999999,-0.8374219999999999,NIC,LKA,3802
2049651,162,128,1072,2004,3713.0,62395.0,1.251808,1.586526,NLD,LKA,3802
2049652,166,128,1072,2004,0.0,40136.0,0.567392,0.965781,NZL,LKA,3802
2049653,168,128,1072,2004,0.0,14092.0,-0.754143,0.25995100000000004,PAK,LKA,3802
2049654,173,128,1072,2004,0.0,219852.0,-0.564244,0.131232,PER,LKA,3802
2049655,174,128,1072,2004,118546.0,0.0,-0.076709,-0.149006,PHL,LKA,3802
2049656,177,128,1072,2004,0.0,10386.0,1.019341,1.519452,POL,LKA,3802
2049657,186,128,1072,2004,0.0,152257.0,0.8952399999999999,0.172896,RUS,LKA,3802
2049658,188,128,1072,2004,0.0,118543.0,0.546196,-0.7014729999999999,SAU,LKA,3802
2049659,189,128,1072,2004,0.0,34040.0,0.628071,2.210424,SCG,LKA,3802
2049660,192,128,1072,2004,43981.0,14372.0,1.6409779999999998,0.634947,SGP,LKA,3802
2049661,208,128,1072,2004,2494.0,113290.0,2.0522080000000003,0.8326969999999999,SWE,LKA,3802
2049662,216,128,1072,2004,0.0,22984.0,0.5150359999999999,1.583019,THA,LKA,3802
2049663,224,128,1072,2004,0.0,9247.0,0.141454,1.9463599999999999,TUR,LKA,3802
2049664,226,128,1072,2004,0.0,55402.0,-1.022658,-0.007045999999999999,TZA,LKA,3802
2049665,230,128,1072,2004,0.0,57831.0,0.151633,0.121776,URY,LKA,3802
2049666,231,128,1072,2004,56168.0,7281005.0,1.7598630000000002,0.066704,USA,LKA,3802
2049667,236,128,1072,2004,0.0,39774.0,0.048698000000000005,-0.899776,VEN,LKA,3802
2049668,246,128,1072,2004,0.0,1791401.0,0.460279,1.9736220000000002,ZAF,LKA,3802
2049669,249,128,1072,2004,7205.0,250326.0,1.626307,1.358315,TWN,LKA,3802
2049670,18,131,1072,2004,110768.0,0.0,1.350911,1.408209,BEL,LUX,3802
2049671,59,131,1072,2004,0.0,44515.0,1.562625,0.865244,CZE,LUX,3802
2049672,61,131,1072,2004,129603.0,0.0,2.266076,-2.011139,DEU,LUX,3802
2049673,77,131,1072,2004,35183.0,0.0,1.6003530000000001,0.643945,FRA,LUX,3802
2049674,81,131,1072,2004,24729.0,0.0,1.843506,0.684779,GBR,LUX,3802
2049675,111,131,1072,2004,0.0,1290820.0,1.358057,1.11533,ITA,LUX,3802
2049676,162,131,1072,2004,84657.0,0.0,1.251808,1.586526,NLD,LUX,3802
2049677,8,138,1072,2004,15234.0,1305263.0,0.28128600000000004,0.64115,ARG,MEX,3802
2049678,15,138,1072,2004,23600.0,0.0,1.825391,0.40553,AUT,MEX,3802
2049679,18,138,1072,2004,1867.0,0.0,1.350911,1.408209,BEL,MEX,3802
2049680,29,138,1072,2004,0.0,5823.0,-0.355391,-0.662783,BLZ,MEX,3802
2049681,31,138,1072,2004,0.0,33035.0,-0.9288489999999999,-0.929884,BOL,MEX,3802
2049682,32,138,1072,2004,162539.0,2079029.0,0.540718,1.149065,BRA,MEX,3802
2049683,39,138,1072,2004,10650.0,76104.0,0.9392739999999999,1.19228,CAN,MEX,3802
2049684,42,138,1072,2004,113201.0,437258.0,-0.07869,-0.33641,CHL,MEX,3802
2049685,43,138,1072,2004,354118.0,0.0,0.581548,2.8689880000000003,CHN,MEX,3802
2049686,49,138,1072,2004,149566.0,1536309.0,0.033128,0.47524799999999995,COL,MEX,3802
2049687,52,138,1072,2004,0.0,659368.0,-0.043266000000000006,-0.376239,CRI,MEX,3802
2049688,54,138,1072,2004,0.0,400288.0,-0.040541,-0.634675,CUB,MEX,3802
2049689,61,138,1072,2004,23579.0,234652.0,2.266076,-2.011139,DEU,MEX,3802
2049690,65,138,1072,2004,0.0,136100.0,-0.510025,-0.328257,DOM,MEX,3802
2049691,67,138,1072,2004,0.0,79764.0,-1.149101,-1.013619,ECU,MEX,3802
2049692,71,138,1072,2004,1586.0,69280.0,0.9784649999999999,2.051216,ESP,MEX,3802
2049693,75,138,1072,2004,0.0,9767.0,-0.8870969999999999,-0.287427,FJI,MEX,3802
2049694,77,138,1072,2004,34206.0,10471.0,1.6003530000000001,0.643945,FRA,MEX,3802
2049695,81,138,1072,2004,562876.0,216707.0,1.843506,0.684779,GBR,MEX,3802
2049696,93,138,1072,2004,0.0,1016779.0,-0.46136000000000005,0.148122,GTM,MEX,3802
2049697,99,138,1072,2004,21472.0,243059.0,-0.75975,-0.548407,HND,MEX,3802
2049698,100,138,1072,2004,0.0,1581.0,0.6669970000000001,1.088043,HRV,MEX,3802
2049699,110,138,1072,2004,0.0,11771.0,1.250393,0.8003979999999999,ISR,MEX,3802
2049700,111,138,1072,2004,8051.0,0.0,1.358057,1.11533,ITA,MEX,3802
2049701,112,138,1072,2004,0.0,15181.0,-0.64957,-0.944183,JAM,MEX,3802
2049702,114,138,1072,2004,215491.0,83060.0,2.526624,0.452054,JPN,MEX,3802
2049703,121,138,1072,2004,1735.0,0.0,1.3624690000000002,0.928342,KOR,MEX,3802
2049704,128,138,1072,2004,13814.0,0.0,-0.658668,0.21912600000000002,LKA,MEX,3802
2049705,153,138,1072,2004,2692.0,0.0,0.6710050000000001,0.17807,MYS,MEX,3802
2049706,160,138,1072,2004,0.0,25940.0,-0.9789479999999999,-0.8374219999999999,NIC,MEX,3802
2049707,162,138,1072,2004,38338.0,0.0,1.251808,1.586526,NLD,MEX,3802
2049708,169,138,1072,2004,0.0,245669.0,-0.011979,0.261315,PAN,MEX,3802
2049709,173,138,1072,2004,0.0,220152.0,-0.564244,0.131232,PER,MEX,3802
2049710,174,138,1072,2004,790138.0,0.0,-0.076709,-0.149006,PHL,MEX,3802
2049711,177,138,1072,2004,0.0,5468.0,1.019341,1.519452,POL,MEX,3802
2049712,179,138,1072,2004,0.0,28336.0,0.524524,1.901139,PRT,MEX,3802
2049713,180,138,1072,2004,0.0,22766.0,-0.64574,-0.978875,PRY,MEX,3802
2049714,186,138,1072,2004,0.0,101404.0,0.8952399999999999,0.172896,RUS,MEX,3802
2049715,197,138,1072,2004,0.0,227833.0,-0.20529499999999998,0.1116,SLV,MEX,3802
2049716,208,138,1072,2004,5942.0,0.0,2.0522080000000003,0.8326969999999999,SWE,MEX,3802
2049717,216,138,1072,2004,36031.0,0.0,0.5150359999999999,1.583019,THA,MEX,3802
2049718,222,138,1072,2004,0.0,28909.0,0.00677,-0.965385,TTO,MEX,3802
2049719,224,138,1072,2004,150370.0,0.0,0.141454,1.9463599999999999,TUR,MEX,3802
2049720,230,138,1072,2004,0.0,48065.0,0.151633,0.121776,URY,MEX,3802
2049721,231,138,1072,2004,10624722.0,3883733.0,1.7598630000000002,0.066704,USA,MEX,3802
2049722,236,138,1072,2004,0.0,1509607.0,0.048698000000000005,-0.899776,VEN,MEX,3802
2049723,249,138,1072,2004,6069.0,0.0,1.626307,1.358315,TWN,MEX,3802
2049724,250,138,1072,2004,1063.0,0.0,0.509382,-0.30904299999999996,ANS,MEX,3802
2049725,7,153,1072,2004,0.0,42177.0,0.1799,-0.34541900000000003,ARE,MYS,3802
2049726,14,153,1072,2004,319700.0,145053.0,0.196641,0.8139460000000001,AUS,MYS,3802
2049727,15,153,1072,2004,0.0,712067.0,1.825391,0.40553,AUT,MYS,3802
2049728,18,153,1072,2004,9780.0,127360.0,1.350911,1.408209,BEL,MYS,3802
2049729,22,153,1072,2004,0.0,50170.0,-1.150444,-0.885333,BGD,MYS,3802
2049730,23,153,1072,2004,0.0,7187.0,0.35536,1.499182,BGR,MYS,3802
2049731,39,153,1072,2004,0.0,34133.0,0.9392739999999999,1.19228,CAN,MYS,3802
2049732,41,153,1072,2004,0.0,8424.0,2.151471,0.7196279999999999,CHE,MYS,3802
2049733,43,153,1072,2004,1174799.0,96773.0,0.581548,2.8689880000000003,CHN,MYS,3802
2049734,45,153,1072,2004,0.0,41268.0,-1.604916,-1.217399,CMR,MYS,3802
2049735,58,153,1072,2004,10742.0,14227.0,0.533521,0.615939,CYP,MYS,3802
2049736,59,153,1072,2004,0.0,6724.0,1.562625,0.865244,CZE,MYS,3802
2049737,61,153,1072,2004,169875.0,1299271.0,2.266076,-2.011139,DEU,MYS,3802
2049738,64,153,1072,2004,10991.0,0.0,1.328968,1.262743,DNK,MYS,3802
2049739,68,153,1072,2004,0.0,139752.0,-0.300563,0.41834899999999997,EGY,MYS,3802
2049740,71,153,1072,2004,0.0,285118.0,0.9784649999999999,2.051216,ESP,MYS,3802
2049741,74,153,1072,2004,0.0,125527.0,2.000218,0.9867309999999999,FIN,MYS,3802
2049742,77,153,1072,2004,17238.0,461666.0,1.6003530000000001,0.643945,FRA,MYS,3802
2049743,81,153,1072,2004,177312.0,1868303.0,1.843506,0.684779,GBR,MYS,3802
2049744,90,153,1072,2004,0.0,186243.0,0.348853,1.661656,GRC,MYS,3802
2049745,97,153,1072,2004,11552.0,74558.0,0.604825,2.098745,HKG,MYS,3802
2049746,102,153,1072,2004,0.0,57020.0,1.207082,1.019714,HUN,MYS,3802
2049747,103,153,1072,2004,654677.0,36022.0,-0.223644,1.719065,IDN,MYS,3802
2049748,104,153,1072,2004,22392.0,273210.0,0.233348,2.790987,IND,MYS,3802
2049749,107,153,1072,2004,0.0,479354.0,-0.38210700000000003,-0.8408620000000001,IRN,MYS,3802
2049750,109,153,1072,2004,0.0,4076.0,0.298844,-0.36366,ISL,MYS,3802
2049751,111,153,1072,2004,128228.0,1165650.0,1.358057,1.11533,ITA,MYS,3802
2049752,113,153,1072,2004,0.0,45994.0,0.152989,0.385845,JOR,MYS,3802
2049753,114,153,1072,2004,414219.0,3963714.0,2.526624,0.452054,JPN,MYS,3802
2049754,115,153,1072,2004,0.0,8716.0,-0.09288300000000001,-0.537664,KAZ,MYS,3802
2049755,116,153,1072,2004,0.0,12579.0,-0.503694,0.410495,KEN,MYS,3802
2049756,121,153,1072,2004,532694.0,156093.0,1.3624690000000002,0.928342,KOR,MYS,3802
2049757,128,153,1072,2004,20995.0,73333.0,-0.658668,0.21912600000000002,LKA,MYS,3802
2049758,136,153,1072,2004,0.0,30209.0,-1.355542,-0.634409,MDG,MYS,3802
2049759,138,153,1072,2004,0.0,2692.0,0.868684,0.85506,MEX,MYS,3802
2049760,151,153,1072,2004,0.0,20923.0,-0.374754,-0.288504,MUS,MYS,3802
2049761,155,153,1072,2004,0.0,14833.0,-0.40995299999999996,-0.550272,NAM,MYS,3802
2049762,159,153,1072,2004,0.0,27016.0,-2.413432,-1.3033190000000001,NGA,MYS,3802
2049763,162,153,1072,2004,1151624.0,3513051.0,1.251808,1.586526,NLD,MYS,3802
2049764,163,153,1072,2004,0.0,6933.0,1.10162,0.118709,NOR,MYS,3802
2049765,166,153,1072,2004,0.0,56922.0,0.567392,0.965781,NZL,MYS,3802
2049766,168,153,1072,2004,0.0,47748.0,-0.754143,0.25995100000000004,PAK,MYS,3802
2049767,174,153,1072,2004,33940.0,202570.0,-0.076709,-0.149006,PHL,MYS,3802
2049768,177,153,1072,2004,0.0,88955.0,1.019341,1.519452,POL,MYS,3802
2049769,185,153,1072,2004,0.0,6720.0,0.37241599999999997,1.015865,ROU,MYS,3802
2049770,186,153,1072,2004,0.0,261366.0,0.8952399999999999,0.172896,RUS,MYS,3802
2049771,188,153,1072,2004,0.0,18897.0,0.546196,-0.7014729999999999,SAU,MYS,3802
2049772,192,153,1072,2004,199254.0,527654.0,1.6409779999999998,0.634947,SGP,MYS,3802
2049773,207,153,1072,2004,0.0,6486.0,1.628643,1.02381,SVN,MYS,3802
2049774,208,153,1072,2004,0.0,139847.0,2.0522080000000003,0.8326969999999999,SWE,MYS,3802
2049775,212,153,1072,2004,0.0,89822.0,-0.568707,-0.034736,SYR,MYS,3802
2049776,216,153,1072,2004,22329.0,1823153.0,0.5150359999999999,1.583019,THA,MYS,3802
2049777,224,153,1072,2004,23694.0,68071.0,0.141454,1.9463599999999999,TUR,MYS,3802
2049778,226,153,1072,2004,0.0,3888.0,-1.022658,-0.007045999999999999,TZA,MYS,3802
2049779,227,153,1072,2004,0.0,4587.0,-0.914733,-0.554346,UGA,MYS,3802
2049780,228,153,1072,2004,0.0,161203.0,0.8758040000000001,0.8195879999999999,UKR,MYS,3802
2049781,231,153,1072,2004,1884905.0,665963.0,1.7598630000000002,0.066704,USA,MYS,3802
2049782,236,153,1072,2004,0.0,19368.0,0.048698000000000005,-0.899776,VEN,MYS,3802
2049783,239,153,1072,2004,9252.0,215686.0,-0.5270560000000001,0.8910389999999999,VNM,MYS,3802
2049784,246,153,1072,2004,0.0,274038.0,0.460279,1.9736220000000002,ZAF,MYS,3802
2049785,249,153,1072,2004,13732.0,228711.0,1.626307,1.358315,TWN,MYS,3802
2049786,250,153,1072,2004,0.0,8078.0,0.509382,-0.30904299999999996,ANS,MYS,3802
2049787,0,162,1072,2004,0.0,3732.0,-0.30244099999999996,-0.892926,ABW,NLD,3802
2049788,4,162,1072,2004,0.0,27495.0,-0.131892,0.14985199999999999,ALB,NLD,3802
2049789,6,162,1072,2004,0.0,12441.0,0.726256,-0.48520699999999994,ANT,NLD,3802
2049790,7,162,1072,2004,0.0,190874.0,0.1799,-0.34541900000000003,ARE,NLD,3802
2049791,8,162,1072,2004,0.0,876687.0,0.28128600000000004,0.64115,ARG,NLD,3802
2049792,14,162,1072,2004,405655.0,627341.0,0.196641,0.8139460000000001,AUS,NLD,3802
2049793,15,162,1072,2004,5461.0,36191.0,1.825391,0.40553,AUT,NLD,3802
2049794,16,162,1072,2004,0.0,14104.0,-0.393221,-0.9494440000000001,AZE,NLD,3802
2049795,17,162,1072,2004,0.0,22374.0,-0.939393,-0.919969,BDI,NLD,3802
2049796,18,162,1072,2004,2287271.0,3030565.0,1.350911,1.408209,BEL,NLD,3802
2049797,23,162,1072,2004,0.0,142431.0,0.35536,1.499182,BGR,NLD,3802
2049798,24,162,1072,2004,0.0,3346.0,0.045344999999999996,-1.001059,BHR,NLD,3802
2049799,26,162,1072,2004,0.0,1473.0,0.385952,0.571774,BIH,NLD,3802
2049800,28,162,1072,2004,0.0,2300.0,0.8553139999999999,0.703926,BLR,NLD,3802
2049801,32,162,1072,2004,36047.0,163509.0,0.540718,1.149065,BRA,NLD,3802
2049802,38,162,1072,2004,0.0,2803.0,-0.683538,-0.8331770000000001,CAF,NLD,3802
2049803,39,162,1072,2004,78344.0,130281.0,0.9392739999999999,1.19228,CAN,NLD,3802
2049804,41,162,1072,2004,19022.0,1367920.0,2.151471,0.7196279999999999,CHE,NLD,3802
2049805,42,162,1072,2004,0.0,97723.0,-0.07869,-0.33641,CHL,NLD,3802
2049806,43,162,1072,2004,6914399.0,252513.0,0.581548,2.8689880000000003,CHN,NLD,3802
2049807,44,162,1072,2004,0.0,16277.0,-0.8490979999999999,-0.754732,CIV,NLD,3802
2049808,45,162,1072,2004,0.0,1097.0,-1.604916,-1.217399,CMR,NLD,3802
2049809,47,162,1072,2004,0.0,79622.0,-1.610222,-1.184921,COG,NLD,3802
2049810,49,162,1072,2004,9999.0,14494.0,0.033128,0.47524799999999995,COL,NLD,3802
2049811,54,162,1072,2004,0.0,65490.0,-0.040541,-0.634675,CUB,NLD,3802
2049812,58,162,1072,2004,3744908.0,74899.0,0.533521,0.615939,CYP,NLD,3802
2049813,59,162,1072,2004,0.0,114609.0,1.562625,0.865244,CZE,NLD,3802
2049814,61,162,1072,2004,6778290.0,3726274.0,2.266076,-2.011139,DEU,NLD,3802
2049815,64,162,1072,2004,3483.0,900319.0,1.328968,1.262743,DNK,NLD,3802
2049816,66,162,1072,2004,0.0,244828.0,-0.725066,-1.163606,DZA,NLD,3802
2049817,67,162,1072,2004,0.0,22779.0,-1.149101,-1.013619,ECU,NLD,3802
2049818,68,162,1072,2004,0.0,315946.0,-0.300563,0.41834899999999997,EGY,NLD,3802
2049819,71,162,1072,2004,236052.0,910643.0,0.9784649999999999,2.051216,ESP,NLD,3802
2049820,72,162,1072,2004,0.0,2396.0,0.6101840000000001,0.9520370000000001,EST,NLD,3802
2049821,73,162,1072,2004,0.0,28643.0,-1.156284,-0.900874,ETH,NLD,3802
2049822,74,162,1072,2004,0.0,12846.0,2.000218,0.9867309999999999,FIN,NLD,3802
2049823,77,162,1072,2004,311456.0,1524064.0,1.6003530000000001,0.643945,FRA,NLD,3802
2049824,80,162,1072,2004,0.0,7529.0,-0.700329,-1.137018,GAB,NLD,3802
2049825,81,162,1072,2004,511867.0,960812.0,1.843506,0.684779,GBR,NLD,3802
2049826,82,162,1072,2004,0.0,7903.0,0.381348,-0.44259,GEO,NLD,3802
2049827,83,162,1072,2004,0.0,337598.0,-1.2972540000000001,-0.9967219999999999,GHA,NLD,3802
2049828,89,162,1072,2004,0.0,23638.0,-1.093261,-0.8802639999999999,GNQ,NLD,3802
2049829,90,162,1072,2004,7770694.0,721849.0,0.348853,1.661656,GRC,NLD,3802
2049830,93,162,1072,2004,0.0,25510.0,-0.46136000000000005,0.148122,GTM,NLD,3802
2049831,96,162,1072,2004,0.0,50352.0,-1.046232,-0.985188,GUY,NLD,3802
2049832,97,162,1072,2004,0.0,2228.0,0.604825,2.098745,HKG,NLD,3802
2049833,99,162,1072,2004,0.0,24121.0,-0.75975,-0.548407,HND,NLD,3802
2049834,100,162,1072,2004,0.0,96103.0,0.6669970000000001,1.088043,HRV,NLD,3802
2049835,102,162,1072,2004,16277.0,274495.0,1.207082,1.019714,HUN,NLD,3802
2049836,103,162,1072,2004,1152722.0,117099.0,-0.223644,1.719065,IDN,NLD,3802
2049837,104,162,1072,2004,693427.0,349806.0,0.233348,2.790987,IND,NLD,3802
2049838,106,162,1072,2004,3750.0,31589.0,1.501859,0.14456,IRL,NLD,3802
2049839,107,162,1072,2004,0.0,77228.0,-0.38210700000000003,-0.8408620000000001,IRN,NLD,3802
2049840,109,162,1072,2004,36690.0,47521.0,0.298844,-0.36366,ISL,NLD,3802
2049841,110,162,1072,2004,0.0,367404.0,1.250393,0.8003979999999999,ISR,NLD,3802
2049842,111,162,1072,2004,992944.0,1740464.0,1.358057,1.11533,ITA,NLD,3802
2049843,113,162,1072,2004,0.0,16975.0,0.152989,0.385845,JOR,NLD,3802
2049844,114,162,1072,2004,308388.0,811887.0,2.526624,0.452054,JPN,NLD,3802
2049845,115,162,1072,2004,0.0,149382.0,-0.09288300000000001,-0.537664,KAZ,NLD,3802
2049846,116,162,1072,2004,0.0,35965.0,-0.503694,0.410495,KEN,NLD,3802
2049847,117,162,1072,2004,0.0,888886.0,0.005121,0.176652,KGZ,NLD,3802
2049848,118,162,1072,2004,0.0,5960.0,-1.4676209999999998,-1.1972639999999999,KHM,NLD,3802
2049849,121,162,1072,2004,0.0,1610621.0,1.3624690000000002,0.928342,KOR,NLD,3802
2049850,122,162,1072,2004,0.0,125914.0,-0.481908,-1.172081,KWT,NLD,3802
2049851,124,162,1072,2004,0.0,56132.0,0.32409899999999997,1.037024,LBN,NLD,3802
2049852,128,162,1072,2004,62395.0,3713.0,-0.658668,0.21912600000000002,LKA,NLD,3802
2049853,130,162,1072,2004,0.0,25274.0,0.403568,0.632707,LTU,NLD,3802
2049854,131,162,1072,2004,0.0,84657.0,1.37529,1.0172649999999999,LUX,NLD,3802
2049855,132,162,1072,2004,0.0,11719.0,0.413821,0.627853,LVA,NLD,3802
2049856,133,162,1072,2004,0.0,4927.0,-0.351045,-0.487521,MAC,NLD,3802
2049857,134,162,1072,2004,0.0,243249.0,-0.681556,-0.152372,MAR,NLD,3802
2049858,135,162,1072,2004,0.0,6853.0,-0.155523,-0.355142,MDA,NLD,3802
2049859,136,162,1072,2004,0.0,1943.0,-1.355542,-0.634409,MDG,NLD,3802
2049860,138,162,1072,2004,0.0,38338.0,0.868684,0.85506,MEX,NLD,3802
2049861,140,162,1072,2004,0.0,11149.0,-0.091013,0.190649,MKD,NLD,3802
2049862,142,162,1072,2004,0.0,4558.0,1.251894,0.063827,MLT,NLD,3802
2049863,145,162,1072,2004,0.0,13280.0,-1.030558,-1.03145,MNG,NLD,3802
2049864,151,162,1072,2004,0.0,4810.0,-0.374754,-0.288504,MUS,NLD,3802
2049865,153,162,1072,2004,3513051.0,1151624.0,0.6710050000000001,0.17807,MYS,NLD,3802
2049866,155,162,1072,2004,0.0,1987.0,-0.40995299999999996,-0.550272,NAM,NLD,3802
2049867,157,162,1072,2004,0.0,93333.0,-0.8203799999999999,-0.7488,NER,NLD,3802
2049868,163,162,1072,2004,775834.0,313887.0,1.10162,0.118709,NOR,NLD,3802
2049869,166,162,1072,2004,0.0,31378.0,0.567392,0.965781,NZL,NLD,3802
2049870,167,162,1072,2004,0.0,2878.0,-0.62946,-1.108933,OMN,NLD,3802
2049871,168,162,1072,2004,0.0,269254.0,-0.754143,0.25995100000000004,PAK,NLD,3802
2049872,169,162,1072,2004,0.0,33832.0,-0.011979,0.261315,PAN,NLD,3802
2049873,173,162,1072,2004,0.0,336935.0,-0.564244,0.131232,PER,NLD,3802
2049874,174,162,1072,2004,244896.0,176298.0,-0.076709,-0.149006,PHL,NLD,3802
2049875,177,162,1072,2004,116656.0,369887.0,1.019341,1.519452,POL,NLD,3802
2049876,179,162,1072,2004,158851.0,122417.0,0.524524,1.901139,PRT,NLD,3802
2049877,180,162,1072,2004,0.0,31360.0,-0.64574,-0.978875,PRY,NLD,3802
2049878,185,162,1072,2004,0.0,74020.0,0.37241599999999997,1.015865,ROU,NLD,3802
2049879,186,162,1072,2004,0.0,676412.0,0.8952399999999999,0.172896,RUS,NLD,3802
2049880,187,162,1072,2004,0.0,17690.0,-1.3952870000000002,-0.950857,RWA,NLD,3802
2049881,188,162,1072,2004,0.0,193925.0,0.546196,-0.7014729999999999,SAU,NLD,3802
2049882,189,162,1072,2004,0.0,82364.0,0.628071,2.210424,SCG,NLD,3802
2049883,192,162,1072,2004,19554.0,140592.0,1.6409779999999998,0.634947,SGP,NLD,3802
2049884,197,162,1072,2004,0.0,3140.0,-0.20529499999999998,0.1116,SLV,NLD,3802
2049885,205,162,1072,2004,0.0,4650.0,-0.991433,-0.926657,SUR,NLD,3802
2049886,206,162,1072,2004,0.0,43165.0,1.2375120000000002,0.8777889999999999,SVK,NLD,3802
2049887,207,162,1072,2004,0.0,23168.0,1.628643,1.02381,SVN,NLD,3802
2049888,208,162,1072,2004,0.0,587131.0,2.0522080000000003,0.8326969999999999,SWE,NLD,3802
2049889,212,162,1072,2004,0.0,36912.0,-0.568707,-0.034736,SYR,NLD,3802
2049890,215,162,1072,2004,0.0,8238.0,-0.6788270000000001,-0.482984,TGO,NLD,3802
2049891,216,162,1072,2004,115318.0,66583.0,0.5150359999999999,1.583019,THA,NLD,3802
2049892,219,162,1072,2004,0.0,60961.0,-0.9705790000000001,-1.212523,TKM,NLD,3802
2049893,222,162,1072,2004,0.0,91365.0,0.00677,-0.965385,TTO,NLD,3802
2049894,223,162,1072,2004,0.0,22406.0,-0.195751,0.335147,TUN,NLD,3802
2049895,224,162,1072,2004,31860.0,277859.0,0.141454,1.9463599999999999,TUR,NLD,3802
2049896,226,162,1072,2004,0.0,487722.0,-1.022658,-0.007045999999999999,TZA,NLD,3802
2049897,228,162,1072,2004,0.0,477935.0,0.8758040000000001,0.8195879999999999,UKR,NLD,3802
2049898,230,162,1072,2004,0.0,9460.0,0.151633,0.121776,URY,NLD,3802
2049899,231,162,1072,2004,20555658.0,2086784.0,1.7598630000000002,0.066704,USA,NLD,3802
2049900,232,162,1072,2004,0.0,36079.0,-0.50605,-0.824691,UZB,NLD,3802
2049901,234,162,1072,2004,0.0,1390.0,-0.564477,-0.8544,VCT,NLD,3802
2049902,236,162,1072,2004,0.0,117569.0,0.048698000000000005,-0.899776,VEN,NLD,3802
2049903,239,162,1072,2004,0.0,36796.0,-0.5270560000000001,0.8910389999999999,VNM,NLD,3802
2049904,246,162,1072,2004,0.0,553556.0,0.460279,1.9736220000000002,ZAF,NLD,3802
2049905,248,162,1072,2004,0.0,6849.0,-0.560593,-0.091112,ZWE,NLD,3802
2049906,249,162,1072,2004,0.0,115007.0,1.626307,1.358315,TWN,NLD,3802
2049907,14,166,1072,2004,140842.0,11953.0,0.196641,0.8139460000000001,AUS,NZL,3802
2049908,18,166,1072,2004,29133.0,0.0,1.350911,1.408209,BEL,NZL,3802
2049909,39,166,1072,2004,7969.0,0.0,0.9392739999999999,1.19228,CAN,NZL,3802
2049910,43,166,1072,2004,227039.0,208141.0,0.581548,2.8689880000000003,CHN,NZL,3802
2049911,61,166,1072,2004,80825.0,0.0,2.266076,-2.011139,DEU,NZL,3802
2049912,64,166,1072,2004,8190.0,0.0,1.328968,1.262743,DNK,NZL,3802
2049913,75,166,1072,2004,0.0,4553.0,-0.8870969999999999,-0.287427,FJI,NZL,3802
2049914,77,166,1072,2004,6531.0,0.0,1.6003530000000001,0.643945,FRA,NZL,3802
2049915,81,166,1072,2004,114423.0,0.0,1.843506,0.684779,GBR,NZL,3802
2049916,103,166,1072,2004,148197.0,0.0,-0.223644,1.719065,IDN,NZL,3802
2049917,114,166,1072,2004,34854.0,0.0,2.526624,0.452054,JPN,NZL,3802
2049918,128,166,1072,2004,40136.0,0.0,-0.658668,0.21912600000000002,LKA,NZL,3802
2049919,153,166,1072,2004,56922.0,0.0,0.6710050000000001,0.17807,MYS,NZL,3802
2049920,156,166,1072,2004,0.0,1059.0,-0.49824700000000005,-0.8284239999999999,NCL,NZL,3802
2049921,162,166,1072,2004,31378.0,0.0,1.251808,1.586526,NLD,NZL,3802
2049922,192,166,1072,2004,4262.0,0.0,1.6409779999999998,0.634947,SGP,NZL,3802
2049923,216,166,1072,2004,0.0,70890.0,0.5150359999999999,1.583019,THA,NZL,3802
2049924,231,166,1072,2004,729803.0,0.0,1.7598630000000002,0.066704,USA,NZL,3802
2049925,240,166,1072,2004,0.0,1406.0,-1.2338790000000002,-0.969297,VUT,NZL,3802
2049926,8,169,1072,2004,8146.0,0.0,0.28128600000000004,0.64115,ARG,PAN,3802
2049927,18,169,1072,2004,6403.0,0.0,1.350911,1.408209,BEL,PAN,3802
2049928,25,169,1072,2004,0.0,309.0,0.620432,-0.513724,BHS,PAN,3802
2049929,81,169,1072,2004,19586.0,0.0,1.843506,0.684779,GBR,PAN,3802
2049930,93,169,1072,2004,0.0,2063.0,-0.46136000000000005,0.148122,GTM,PAN,3802
2049931,99,169,1072,2004,0.0,30890.0,-0.75975,-0.548407,HND,PAN,3802
2049932,114,169,1072,2004,2431.0,0.0,2.526624,0.452054,JPN,PAN,3802
2049933,138,169,1072,2004,245669.0,0.0,0.868684,0.85506,MEX,PAN,3802
2049934,160,169,1072,2004,0.0,1303.0,-0.9789479999999999,-0.8374219999999999,NIC,PAN,3802
2049935,162,169,1072,2004,33832.0,0.0,1.251808,1.586526,NLD,PAN,3802
2049936,173,169,1072,2004,41978.0,0.0,-0.564244,0.131232,PER,PAN,3802
2049937,231,169,1072,2004,23973.0,0.0,1.7598630000000002,0.066704,USA,PAN,3802
2049938,8,173,1072,2004,17365.0,203296.0,0.28128600000000004,0.64115,ARG,PER,3802
2049939,14,173,1072,2004,8026.0,0.0,0.196641,0.8139460000000001,AUS,PER,3802
2049940,31,173,1072,2004,0.0,461762.0,-0.9288489999999999,-0.929884,BOL,PER,3802
2049941,32,173,1072,2004,21504.0,0.0,0.540718,1.149065,BRA,PER,3802
2049942,39,173,1072,2004,4742.0,0.0,0.9392739999999999,1.19228,CAN,PER,3802
2049943,42,173,1072,2004,315304.0,108232.0,-0.07869,-0.33641,CHL,PER,3802
2049944,43,173,1072,2004,48394.0,0.0,0.581548,2.8689880000000003,CHN,PER,3802
2049945,49,173,1072,2004,6426.0,731662.0,0.033128,0.47524799999999995,COL,PER,3802
2049946,54,173,1072,2004,1476.0,0.0,-0.040541,-0.634675,CUB,PER,3802
2049947,61,173,1072,2004,10847.0,0.0,2.266076,-2.011139,DEU,PER,3802
2049948,67,173,1072,2004,0.0,776785.0,-1.149101,-1.013619,ECU,PER,3802
2049949,71,173,1072,2004,8261.0,5547.0,0.9784649999999999,2.051216,ESP,PER,3802
2049950,81,173,1072,2004,9781.0,0.0,1.843506,0.684779,GBR,PER,3802
2049951,103,173,1072,2004,80305.0,0.0,-0.223644,1.719065,IDN,PER,3802
2049952,104,173,1072,2004,61463.0,0.0,0.233348,2.790987,IND,PER,3802
2049953,111,173,1072,2004,30869.0,0.0,1.358057,1.11533,ITA,PER,3802
2049954,128,173,1072,2004,219852.0,0.0,-0.658668,0.21912600000000002,LKA,PER,3802
2049955,138,173,1072,2004,220152.0,0.0,0.868684,0.85506,MEX,PER,3802
2049956,162,173,1072,2004,336935.0,0.0,1.251808,1.586526,NLD,PER,3802
2049957,169,173,1072,2004,0.0,41978.0,-0.011979,0.261315,PAN,PER,3802
2049958,174,173,1072,2004,110076.0,0.0,-0.076709,-0.149006,PHL,PER,3802
2049959,231,173,1072,2004,453545.0,0.0,1.7598630000000002,0.066704,USA,PER,3802
2049960,236,173,1072,2004,0.0,17242.0,0.048698000000000005,-0.899776,VEN,PER,3802
2049961,8,174,1072,2004,69891.0,0.0,0.28128600000000004,0.64115,ARG,PHL,3802
2049962,14,174,1072,2004,11207.0,1386640.0,0.196641,0.8139460000000001,AUS,PHL,3802
2049963,15,174,1072,2004,0.0,79786.0,1.825391,0.40553,AUT,PHL,3802
2049964,18,174,1072,2004,0.0,114748.0,1.350911,1.408209,BEL,PHL,3802
2049965,31,174,1072,2004,0.0,13808.0,-0.9288489999999999,-0.929884,BOL,PHL,3802
2049966,32,174,1072,2004,0.0,111364.0,0.540718,1.149065,BRA,PHL,3802
2049967,39,174,1072,2004,6516.0,356840.0,0.9392739999999999,1.19228,CAN,PHL,3802
2049968,41,174,1072,2004,1822.0,632290.0,2.151471,0.7196279999999999,CHE,PHL,3802
2049969,42,174,1072,2004,0.0,25468.0,-0.07869,-0.33641,CHL,PHL,3802
2049970,43,174,1072,2004,391662.0,557057.0,0.581548,2.8689880000000003,CHN,PHL,3802
2049971,58,174,1072,2004,3989.0,0.0,0.533521,0.615939,CYP,PHL,3802
2049972,61,174,1072,2004,108837.0,922318.0,2.266076,-2.011139,DEU,PHL,3802
2049973,67,174,1072,2004,0.0,142935.0,-1.149101,-1.013619,ECU,PHL,3802
2049974,68,174,1072,2004,0.0,19661.0,-0.300563,0.41834899999999997,EGY,PHL,3802
2049975,74,174,1072,2004,0.0,17621.0,2.000218,0.9867309999999999,FIN,PHL,3802
2049976,77,174,1072,2004,0.0,2778572.0,1.6003530000000001,0.643945,FRA,PHL,3802
2049977,81,174,1072,2004,11573.0,2108723.0,1.843506,0.684779,GBR,PHL,3802
2049978,83,174,1072,2004,0.0,828818.0,-1.2972540000000001,-0.9967219999999999,GHA,PHL,3802
2049979,90,174,1072,2004,0.0,159836.0,0.348853,1.661656,GRC,PHL,3802
2049980,97,174,1072,2004,32964.0,13249.0,0.604825,2.098745,HKG,PHL,3802
2049981,99,174,1072,2004,0.0,20383.0,-0.75975,-0.548407,HND,PHL,3802
2049982,103,174,1072,2004,149587.0,668070.0,-0.223644,1.719065,IDN,PHL,3802
2049983,104,174,1072,2004,3895.0,0.0,0.233348,2.790987,IND,PHL,3802
2049984,111,174,1072,2004,301632.0,503253.0,1.358057,1.11533,ITA,PHL,3802
2049985,114,174,1072,2004,169945.0,9945004.0,2.526624,0.452054,JPN,PHL,3802
2049986,116,174,1072,2004,0.0,27538.0,-0.503694,0.410495,KEN,PHL,3802
2049987,121,174,1072,2004,2796.0,1704593.0,1.3624690000000002,0.928342,KOR,PHL,3802
2049988,126,174,1072,2004,0.0,46516.0,-0.42119700000000004,-1.179463,LBY,PHL,3802
2049989,128,174,1072,2004,0.0,118546.0,-0.658668,0.21912600000000002,LKA,PHL,3802
2049990,132,174,1072,2004,0.0,14946.0,0.413821,0.627853,LVA,PHL,3802
2049991,138,174,1072,2004,0.0,790138.0,0.868684,0.85506,MEX,PHL,3802
2049992,141,174,1072,2004,0.0,21265.0,-0.6905100000000001,-0.9162459999999999,MLI,PHL,3802
2049993,145,174,1072,2004,0.0,10483.0,-1.030558,-1.03145,MNG,PHL,3802
2049994,153,174,1072,2004,202570.0,33940.0,0.6710050000000001,0.17807,MYS,PHL,3802
2049995,160,174,1072,2004,0.0,6215.0,-0.9789479999999999,-0.8374219999999999,NIC,PHL,3802
2049996,162,174,1072,2004,176298.0,244896.0,1.251808,1.586526,NLD,PHL,3802
2049997,163,174,1072,2004,0.0,803.0,1.10162,0.118709,NOR,PHL,3802
2049998,168,174,1072,2004,0.0,18459.0,-0.754143,0.25995100000000004,PAK,PHL,3802
