1219999,163,71,1047,2014.0,1966.0,332838.0,0.678424,0.137871,NOR,ESP,6522
1220000,164,71,1047,2014.0,3571.0,0.0,-0.083094,0.349348,NPL,ESP,6522
1220001,166,71,1047,2014.0,0.0,243240.0,0.123649,0.26129,NZL,ESP,6522
1220002,168,71,1047,2014.0,30268380.0,156778.0,-0.595946,0.493716,PAK,ESP,6522
1220003,169,71,1047,2014.0,0.0,421512.0,0.8997200000000001,0.9699139999999999,PAN,ESP,6522
1220004,173,71,1047,2014.0,21158.0,704966.0,-0.617883,0.427092,PER,ESP,6522
1220005,174,71,1047,2014.0,1831.0,376455.0,0.835601,0.589322,PHL,ESP,6522
1220006,177,71,1047,2014.0,342539.0,18644142.0,1.1328690000000001,1.043185,POL,ESP,6522
1220007,179,71,1047,2014.0,28980102.0,45805300.0,0.763352,2.041559,PRT,ESP,6522
1220008,180,71,1047,2014.0,0.0,67422.0,-0.612822,-0.8764139999999999,PRY,ESP,6522
1220009,181,71,1047,2014.0,0.0,70103.0,0.129971,0.775546,PSE,ESP,6522
1220010,182,71,1047,2014.0,0.0,45177.0,-0.187778,-0.7217060000000001,PYF,ESP,6522
1220011,183,71,1047,2014.0,0.0,254815.0,-0.5604899999999999,-0.989015,QAT,ESP,6522
1220012,185,71,1047,2014.0,3113115.0,9647708.0,1.0837940000000001,1.199571,ROU,ESP,6522
1220013,186,71,1047,2014.0,0.0,5999980.0,-0.006737000000000001,-0.172237,RUS,ESP,6522
1220014,188,71,1047,2014.0,455174.0,3551478.0,-0.188727,-0.8629459999999999,SAU,ESP,6522
1220015,191,71,1047,2014.0,1629.0,63280.0,-0.509239,0.002353,SEN,ESP,6522
1220016,192,71,1047,2014.0,0.0,642049.0,1.750361,0.63849,SGP,ESP,6522
1220017,197,71,1047,2014.0,0.0,105957.0,0.11639200000000001,0.368644,SLV,ESP,6522
1220018,198,71,1047,2014.0,0.0,37607.0,1.1475870000000001,0.742538,SMR,ESP,6522
1220019,201,71,1047,2014.0,0.0,1300096.0,0.6017979999999999,1.328124,SRB,ESP,6522
1220020,206,71,1047,2014.0,0.0,366329.0,1.525525,0.773486,SVK,ESP,6522
1220021,207,71,1047,2014.0,2602.0,176722.0,1.554693,0.633504,SVN,ESP,6522
1220022,208,71,1047,2014.0,180902.0,2554580.0,1.7256330000000002,0.395804,SWE,ESP,6522
1220023,216,71,1047,2014.0,664508.0,562282.0,1.111392,1.3500370000000002,THA,ESP,6522
1220024,219,71,1047,2014.0,497371.0,0.0,-0.961465,-1.1428559999999999,TKM,ESP,6522
1220025,222,71,1047,2014.0,0.0,12960.0,-0.582991,-1.055078,TTO,ESP,6522
1220026,223,71,1047,2014.0,276385.0,22840148.0,0.45973800000000004,0.9595459999999999,TUN,ESP,6522
1220027,224,71,1047,2014.0,29931946.0,31924000.0,0.6641600000000001,2.091193,TUR,ESP,6522
1220028,226,71,1047,2014.0,1112.0,0.0,-0.909005,0.511175,TZA,ESP,6522
1220029,228,71,1047,2014.0,0.0,587887.0,0.505369,1.07634,UKR,ESP,6522
1220030,230,71,1047,2014.0,0.0,63666.0,0.155247,-0.091751,URY,ESP,6522
1220031,231,71,1047,2014.0,4103082.0,3457008.0,1.569577,-0.293173,USA,ESP,6522
1220032,236,71,1047,2014.0,0.0,251371.0,-1.1668459999999998,-1.134262,VEN,ESP,6522
1220033,237,71,1047,2014.0,0.0,5931.0,0.48387299999999994,0.0534,VGB,ESP,6522
1220034,239,71,1047,2014.0,31281.0,1502798.0,0.135762,1.182052,VNM,ESP,6522
1220035,246,71,1047,2014.0,3182.0,652474.0,0.156414,1.873848,ZAF,ESP,6522
1220036,249,71,1047,2014.0,306826.0,246048.0,1.850481,1.081809,TWN,ESP,6522
1220037,250,71,1047,2014.0,1775183.0,0.0,0.426964,0.138883,ANS,ESP,6522
1220038,4,72,1047,2014.0,0.0,1673.0,-0.44000200000000006,-0.168443,ALB,EST,6522
1220039,14,72,1047,2014.0,0.0,2038.0,-0.587779,-0.29813,AUS,EST,6522
1220040,15,72,1047,2014.0,150230.0,312611.0,1.782532,-0.84455,AUT,EST,6522
1220041,18,72,1047,2014.0,685109.0,26101.0,1.182934,1.1967139999999998,BEL,EST,6522
1220042,22,72,1047,2014.0,28517.0,0.0,-0.76547,-0.9645469999999999,BGD,EST,6522
1220043,23,72,1047,2014.0,30547.0,1975.0,0.611912,1.594597,BGR,EST,6522
1220044,28,72,1047,2014.0,36921.0,31191.0,0.929114,0.7313069999999999,BLR,EST,6522
1220045,39,72,1047,2014.0,0.0,9025.0,0.6145430000000001,1.1815360000000001,CAN,EST,6522
1220046,41,72,1047,2014.0,2562036.0,3642.0,2.027022,0.780257,CHE,EST,6522
1220047,43,72,1047,2014.0,3902752.0,4010.0,1.316443,0.35039899999999996,CHN,EST,6522
1220048,59,72,1047,2014.0,2077498.0,10821.0,1.761204,-0.148263,CZE,EST,6522
1220049,61,72,1047,2014.0,1439041.0,345117.0,2.106119,-3.225189,DEU,EST,6522
1220050,64,72,1047,2014.0,208238.0,95212.0,1.15411,1.160462,DNK,EST,6522
1220051,71,72,1047,2014.0,535884.0,1137.0,0.9574159999999999,1.787233,ESP,EST,6522
1220052,74,72,1047,2014.0,3472070.0,1049656.0,1.591758,0.9737819999999999,FIN,EST,6522
1220053,77,72,1047,2014.0,711983.0,389879.0,1.432323,0.43023,FRA,EST,6522
1220054,81,72,1047,2014.0,2381146.0,8410.0,1.542804,0.915499,GBR,EST,6522
1220055,90,72,1047,2014.0,8478.0,0.0,0.064193,0.955633,GRC,EST,6522
1220056,97,72,1047,2014.0,6690.0,0.0,0.9198440000000001,1.257131,HKG,EST,6522
1220057,100,72,1047,2014.0,0.0,3741.0,0.8627809999999999,1.3475549999999998,HRV,EST,6522
1220058,102,72,1047,2014.0,1484.0,8269.0,1.713536,0.5681729999999999,HUN,EST,6522
1220059,103,72,1047,2014.0,85544.0,0.0,0.068135,1.672437,IDN,EST,6522
1220060,104,72,1047,2014.0,48876.0,0.0,0.236316,2.659173,IND,EST,6522
1220061,109,72,1047,2014.0,0.0,1480.0,0.130097,-0.313819,ISL,EST,6522
1220062,110,72,1047,2014.0,830704.0,0.0,0.9753860000000001,0.810342,ISR,EST,6522
1220063,111,72,1047,2014.0,3142700.0,3045.0,1.476328,-0.293302,ITA,EST,6522
1220064,114,72,1047,2014.0,32905.0,1999.0,2.297789,-0.58585,JPN,EST,6522
1220065,115,72,1047,2014.0,3504.0,0.0,-0.503438,-0.5477850000000001,KAZ,EST,6522
1220066,118,72,1047,2014.0,0.0,1291.0,-0.5871430000000001,-0.7545850000000001,KHM,EST,6522
1220067,121,72,1047,2014.0,27126.0,0.0,1.9642650000000001,0.86425,KOR,EST,6522
1220068,130,72,1047,2014.0,1337746.0,606893.0,0.679488,1.558981,LTU,EST,6522
1220069,132,72,1047,2014.0,798825.0,1545915.0,0.6501,1.35321,LVA,EST,6522
1220070,134,72,1047,2014.0,0.0,33084.0,-0.429457,0.039947,MAR,EST,6522
1220071,135,72,1047,2014.0,11040.0,0.0,0.031916,0.24264499999999997,MDA,EST,6522
1220072,136,72,1047,2014.0,0.0,7552.0,-0.690485,-0.5090020000000001,MDG,EST,6522
1220073,140,72,1047,2014.0,0.0,2726.0,-0.216313,-0.214403,MKD,EST,6522
1220074,153,72,1047,2014.0,1344.0,0.0,0.995226,0.7797810000000001,MYS,EST,6522
1220075,162,72,1047,2014.0,1025013.0,14792.0,1.08881,1.320941,NLD,EST,6522
1220076,163,72,1047,2014.0,78563.0,103965.0,0.678424,0.137871,NOR,EST,6522
1220077,168,72,1047,2014.0,7238836.0,0.0,-0.595946,0.493716,PAK,EST,6522
1220078,177,72,1047,2014.0,349958.0,1280123.0,1.1328690000000001,1.043185,POL,EST,6522
1220079,179,72,1047,2014.0,804279.0,0.0,0.763352,2.041559,PRT,EST,6522
1220080,185,72,1047,2014.0,161487.0,134537.0,1.0837940000000001,1.199571,ROU,EST,6522
1220081,186,72,1047,2014.0,102376.0,2274768.0,-0.006737000000000001,-0.172237,RUS,EST,6522
1220082,206,72,1047,2014.0,52893.0,0.0,1.525525,0.773486,SVK,EST,6522
1220083,207,72,1047,2014.0,5468.0,0.0,1.554693,0.633504,SVN,EST,6522
1220084,208,72,1047,2014.0,478876.0,2223440.0,1.7256330000000002,0.395804,SWE,EST,6522
1220085,224,72,1047,2014.0,2198393.0,17350.0,0.6641600000000001,2.091193,TUR,EST,6522
1220086,228,72,1047,2014.0,9873.0,354261.0,0.505369,1.07634,UKR,EST,6522
1220087,231,72,1047,2014.0,20527.0,12600.0,1.569577,-0.293173,USA,EST,6522
1220088,239,72,1047,2014.0,0.0,35471.0,0.135762,1.182052,VNM,EST,6522
1220089,250,72,1047,2014.0,2404262.0,0.0,0.426964,0.138883,ANS,EST,6522
1220090,7,74,1047,2014.0,1341456.0,10017.0,-0.121018,-0.51841,ARE,FIN,6522
1220091,14,74,1047,2014.0,0.0,140787.0,-0.587779,-0.29813,AUS,FIN,6522
1220092,15,74,1047,2014.0,193704.0,32325.0,1.782532,-0.84455,AUT,FIN,6522
1220093,18,74,1047,2014.0,1220112.0,355657.0,1.182934,1.1967139999999998,BEL,FIN,6522
1220094,22,74,1047,2014.0,24798.0,0.0,-0.76547,-0.9645469999999999,BGD,FIN,6522
1220095,23,74,1047,2014.0,0.0,22351.0,0.611912,1.594597,BGR,FIN,6522
1220096,28,74,1047,2014.0,0.0,5982.0,0.929114,0.7313069999999999,BLR,FIN,6522
1220097,32,74,1047,2014.0,0.0,1646.0,0.23286700000000002,0.968366,BRA,FIN,6522
1220098,39,74,1047,2014.0,11504.0,60307.0,0.6145430000000001,1.1815360000000001,CAN,FIN,6522
1220099,41,74,1047,2014.0,33695.0,54014.0,2.027022,0.780257,CHE,FIN,6522
1220100,42,74,1047,2014.0,0.0,3073.0,-0.196236,-0.162428,CHL,FIN,6522
1220101,43,74,1047,2014.0,5632418.0,17382.0,1.316443,0.35039899999999996,CHN,FIN,6522
1220102,59,74,1047,2014.0,242026.0,17325.0,1.761204,-0.148263,CZE,FIN,6522
1220103,61,74,1047,2014.0,4259070.0,259997.0,2.106119,-3.225189,DEU,FIN,6522
1220104,64,74,1047,2014.0,516531.0,184940.0,1.15411,1.160462,DNK,FIN,6522
1220105,71,74,1047,2014.0,1466077.0,13494.0,0.9574159999999999,1.787233,ESP,FIN,6522
1220106,72,74,1047,2014.0,1049656.0,3472070.0,1.022704,1.175645,EST,FIN,6522
1220107,77,74,1047,2014.0,1017928.0,171052.0,1.432323,0.43023,FRA,FIN,6522
1220108,78,74,1047,2014.0,0.0,2466.0,-0.709982,-0.919632,FRO,FIN,6522
1220109,81,74,1047,2014.0,2341853.0,194665.0,1.542804,0.915499,GBR,FIN,6522
1220110,90,74,1047,2014.0,16477.0,2451.0,0.064193,0.955633,GRC,FIN,6522
1220111,95,74,1047,2014.0,0.0,3439.0,0.642578,-0.143714,GUM,FIN,6522
1220112,97,74,1047,2014.0,20492.0,87657.0,0.9198440000000001,1.257131,HKG,FIN,6522
1220113,102,74,1047,2014.0,19555.0,36422.0,1.713536,0.5681729999999999,HUN,FIN,6522
1220114,103,74,1047,2014.0,2075.0,0.0,0.068135,1.672437,IDN,FIN,6522
1220115,104,74,1047,2014.0,737411.0,0.0,0.236316,2.659173,IND,FIN,6522
1220116,109,74,1047,2014.0,0.0,2050.0,0.130097,-0.313819,ISL,FIN,6522
1220117,110,74,1047,2014.0,2041156.0,1067.0,0.9753860000000001,0.810342,ISR,FIN,6522
1220118,111,74,1047,2014.0,2387470.0,8698.0,1.476328,-0.293302,ITA,FIN,6522
1220119,114,74,1047,2014.0,46627.0,1743211.0,2.297789,-0.58585,JPN,FIN,6522
1220120,118,74,1047,2014.0,0.0,1242.0,-0.5871430000000001,-0.7545850000000001,KHM,FIN,6522
1220121,121,74,1047,2014.0,90037.0,311308.0,1.9642650000000001,0.86425,KOR,FIN,6522
1220122,130,74,1047,2014.0,526375.0,716560.0,0.679488,1.558981,LTU,FIN,6522
1220123,132,74,1047,2014.0,637518.0,88864.0,0.6501,1.35321,LVA,FIN,6522
1220124,134,74,1047,2014.0,3256.0,0.0,-0.429457,0.039947,MAR,FIN,6522
1220125,138,74,1047,2014.0,0.0,48740.0,1.292327,0.713879,MEX,FIN,6522
1220126,140,74,1047,2014.0,24159.0,16618.0,-0.216313,-0.214403,MKD,FIN,6522
1220127,153,74,1047,2014.0,81317.0,0.0,0.995226,0.7797810000000001,MYS,FIN,6522
1220128,162,74,1047,2014.0,1118511.0,19969.0,1.08881,1.320941,NLD,FIN,6522
1220129,163,74,1047,2014.0,0.0,105458.0,0.678424,0.137871,NOR,FIN,6522
1220130,166,74,1047,2014.0,1376.0,71435.0,0.123649,0.26129,NZL,FIN,6522
1220131,168,74,1047,2014.0,5435034.0,0.0,-0.595946,0.493716,PAK,FIN,6522
1220132,173,74,1047,2014.0,1506771.0,0.0,-0.617883,0.427092,PER,FIN,6522
1220133,177,74,1047,2014.0,34342.0,15220.0,1.1328690000000001,1.043185,POL,FIN,6522
1220134,179,74,1047,2014.0,328402.0,0.0,0.763352,2.041559,PRT,FIN,6522
1220135,185,74,1047,2014.0,26211.0,83474.0,1.0837940000000001,1.199571,ROU,FIN,6522
1220136,186,74,1047,2014.0,0.0,870049.0,-0.006737000000000001,-0.172237,RUS,FIN,6522
1220137,192,74,1047,2014.0,0.0,1094.0,1.750361,0.63849,SGP,FIN,6522
1220138,201,74,1047,2014.0,0.0,212718.0,0.6017979999999999,1.328124,SRB,FIN,6522
1220139,206,74,1047,2014.0,13788.0,16823.0,1.525525,0.773486,SVK,FIN,6522
1220140,208,74,1047,2014.0,1431560.0,644410.0,1.7256330000000002,0.395804,SWE,FIN,6522
1220141,216,74,1047,2014.0,32879.0,0.0,1.111392,1.3500370000000002,THA,FIN,6522
1220142,224,74,1047,2014.0,2670919.0,4809.0,0.6641600000000001,2.091193,TUR,FIN,6522
1220143,231,74,1047,2014.0,113485.0,675322.0,1.569577,-0.293173,USA,FIN,6522
1220144,249,74,1047,2014.0,0.0,8611.0,1.850481,1.081809,TWN,FIN,6522
1220145,2,77,1047,2014.0,0.0,15328.0,-1.547068,-1.121438,AGO,FRA,6522
1220146,4,77,1047,2014.0,0.0,46986.0,-0.44000200000000006,-0.168443,ALB,FRA,6522
1220147,5,77,1047,2014.0,0.0,15827.0,0.512367,-0.438594,AND,FRA,6522
1220148,7,77,1047,2014.0,1253308.0,1043632.0,-0.121018,-0.51841,ARE,FRA,6522
1220149,8,77,1047,2014.0,0.0,142093.0,-0.047848,0.48062,ARG,FRA,6522
1220150,9,77,1047,2014.0,0.0,249433.0,-0.143991,-0.5265890000000001,ARM,FRA,6522
1220151,14,77,1047,2014.0,3798.0,487839.0,-0.587779,-0.29813,AUS,FRA,6522
1220152,15,77,1047,2014.0,9359584.0,1509434.0,1.782532,-0.84455,AUT,FRA,6522
1220153,16,77,1047,2014.0,0.0,15975.0,-1.230795,-1.237163,AZE,FRA,6522
1220154,18,77,1047,2014.0,33977672.0,14857541.0,1.182934,1.1967139999999998,BEL,FRA,6522
1220155,19,77,1047,2014.0,0.0,31660.0,-0.461501,-0.7216819999999999,BEN,FRA,6522
1220156,21,77,1047,2014.0,0.0,56256.0,-0.7933279999999999,-0.872791,BFA,FRA,6522
1220157,22,77,1047,2014.0,53198.0,542598.0,-0.76547,-0.9645469999999999,BGD,FRA,6522
1220158,23,77,1047,2014.0,1326993.0,16998686.0,0.611912,1.594597,BGR,FRA,6522
1220159,24,77,1047,2014.0,6609.0,51006.0,0.087173,-0.542374,BHR,FRA,6522
1220160,25,77,1047,2014.0,0.0,1874.0,0.199967,-0.640347,BHS,FRA,6522
1220161,26,77,1047,2014.0,0.0,273950.0,0.737556,0.9815530000000001,BIH,FRA,6522
1220162,28,77,1047,2014.0,0.0,93553.0,0.929114,0.7313069999999999,BLR,FRA,6522
1220163,32,77,1047,2014.0,615769.0,503140.0,0.23286700000000002,0.968366,BRA,FRA,6522
1220164,33,77,1047,2014.0,0.0,1352.0,0.45538500000000004,-0.126756,BRB,FRA,6522
1220165,38,77,1047,2014.0,0.0,10198.0,0.741726,0.502542,CAF,FRA,6522
1220166,39,77,1047,2014.0,16585.0,616156.0,0.6145430000000001,1.1815360000000001,CAN,FRA,6522
1220167,41,77,1047,2014.0,4153025.0,4986380.0,2.027022,0.780257,CHE,FRA,6522
1220168,42,77,1047,2014.0,0.0,208184.0,-0.196236,-0.162428,CHL,FRA,6522
1220169,43,77,1047,2014.0,12676226.0,5621122.0,1.316443,0.35039899999999996,CHN,FRA,6522
1220170,44,77,1047,2014.0,2211.0,215986.0,-0.854784,-0.781877,CIV,FRA,6522
1220171,45,77,1047,2014.0,0.0,111113.0,-0.726413,-0.927583,CMR,FRA,6522
1220172,47,77,1047,2014.0,0.0,56570.0,-1.359593,-1.101705,COG,FRA,6522
1220173,49,77,1047,2014.0,1165.0,597272.0,0.084348,-0.39008200000000004,COL,FRA,6522
1220174,50,77,1047,2014.0,0.0,6840.0,0.21706399999999998,-0.6920810000000001,COM,FRA,6522
1220175,52,77,1047,2014.0,0.0,6743.0,0.13936500000000002,-0.573277,CRI,FRA,6522
1220176,58,77,1047,2014.0,3756.0,34272.0,0.476854,0.572103,CYP,FRA,6522
1220177,59,77,1047,2014.0,3334384.0,3371375.0,1.761204,-0.148263,CZE,FRA,6522
1220178,61,77,1047,2014.0,36052728.0,25880644.0,2.106119,-3.225189,DEU,FRA,6522
1220179,64,77,1047,2014.0,2773245.0,628331.0,1.15411,1.160462,DNK,FRA,6522
1220180,65,77,1047,2014.0,0.0,27488.0,-0.076532,0.472746,DOM,FRA,6522
1220181,66,77,1047,2014.0,0.0,1238956.0,-1.427966,-1.1216760000000001,DZA,FRA,6522
1220182,67,77,1047,2014.0,0.0,6053.0,-1.0520559999999999,-1.109638,ECU,FRA,6522
1220183,68,77,1047,2014.0,9828722.0,483518.0,-0.036009,2.027503,EGY,FRA,6522
1220184,71,77,1047,2014.0,30799152.0,16825664.0,0.9574159999999999,1.787233,ESP,FRA,6522
1220185,72,77,1047,2014.0,389879.0,711983.0,1.022704,1.175645,EST,FRA,6522
1220186,74,77,1047,2014.0,171052.0,1017928.0,1.591758,0.9737819999999999,FIN,FRA,6522
1220187,75,77,1047,2014.0,0.0,121767.0,-0.20919699999999997,0.095276,FJI,FRA,6522
1220188,80,77,1047,2014.0,0.0,93402.0,-1.354381,-1.100019,GAB,FRA,6522
1220189,81,77,1047,2014.0,14656430.0,10308450.0,1.542804,0.915499,GBR,FRA,6522
1220190,82,77,1047,2014.0,0.0,85307.0,-0.23090300000000002,-0.510401,GEO,FRA,6522
1220191,83,77,1047,2014.0,0.0,1685.0,-1.1140299999999999,-1.0711700000000002,GHA,FRA,6522
1220192,85,77,1047,2014.0,0.0,6996.0,-1.7494900000000002,-1.224512,GIN,FRA,6522
1220193,89,77,1047,2014.0,0.0,1317.0,-2.26689,-0.896274,GNQ,FRA,6522
1220194,90,77,1047,2014.0,233031.0,843926.0,0.064193,0.955633,GRC,FRA,6522
1220195,93,77,1047,2014.0,0.0,27500.0,-0.24762199999999998,0.536379,GTM,FRA,6522
1220196,96,77,1047,2014.0,15883.0,0.0,-0.88674,-1.048691,GUY,FRA,6522
1220197,97,77,1047,2014.0,802494.0,3596686.0,0.9198440000000001,1.257131,HKG,FRA,6522
1220198,99,77,1047,2014.0,0.0,2381.0,-0.372433,0.036463,HND,FRA,6522
1220199,100,77,1047,2014.0,1226.0,89488.0,0.8627809999999999,1.3475549999999998,HRV,FRA,6522
1220200,102,77,1047,2014.0,639686.0,1289906.0,1.713536,0.5681729999999999,HUN,FRA,6522
1220201,103,77,1047,2014.0,138645.0,114036.0,0.068135,1.672437,IDN,FRA,6522
1220202,104,77,1047,2014.0,7038474.0,689579.0,0.236316,2.659173,IND,FRA,6522
1220203,106,77,1047,2014.0,25337.0,130184.0,1.3749790000000002,0.41131899999999993,IRL,FRA,6522
1220204,107,77,1047,2014.0,0.0,16090.0,-0.47744899999999996,-0.429676,IRN,FRA,6522
1220205,110,77,1047,2014.0,827658.0,106283.0,0.9753860000000001,0.810342,ISR,FRA,6522
1220206,111,77,1047,2014.0,104589192.0,17193856.0,1.476328,-0.293302,ITA,FRA,6522
1220207,113,77,1047,2014.0,0.0,40385.0,0.23508800000000002,0.47597,JOR,FRA,6522
1220208,114,77,1047,2014.0,6833050.0,2604388.0,2.297789,-0.58585,JPN,FRA,6522
1220209,115,77,1047,2014.0,29877.0,27884.0,-0.503438,-0.5477850000000001,KAZ,FRA,6522
1220210,117,77,1047,2014.0,0.0,2004.0,-0.11451099999999999,0.358754,KGZ,FRA,6522
1220211,118,77,1047,2014.0,0.0,218965.0,-0.5871430000000001,-0.7545850000000001,KHM,FRA,6522
1220212,121,77,1047,2014.0,2170924.0,580103.0,1.9642650000000001,0.86425,KOR,FRA,6522
1220213,122,77,1047,2014.0,0.0,327911.0,-1.2601069999999999,-1.0929360000000001,KWT,FRA,6522
1220214,124,77,1047,2014.0,20782.0,666033.0,0.32006799999999996,1.666039,LBN,FRA,6522
1220215,128,77,1047,2014.0,2146.0,110982.0,-0.30641399999999996,0.29736799999999997,LKA,FRA,6522
1220216,130,77,1047,2014.0,233568.0,897807.0,0.679488,1.558981,LTU,FRA,6522
1220217,131,77,1047,2014.0,110364.0,264855.0,1.093816,1.270669,LUX,FRA,6522
1220218,132,77,1047,2014.0,72497.0,1552388.0,0.6501,1.35321,LVA,FRA,6522
1220219,133,77,1047,2014.0,0.0,13633.0,0.781301,0.522065,MAC,FRA,6522
1220220,134,77,1047,2014.0,1002264.0,31324162.0,-0.429457,0.039947,MAR,FRA,6522
1220221,135,77,1047,2014.0,1862412.0,74955.0,0.031916,0.24264499999999997,MDA,FRA,6522
1220222,136,77,1047,2014.0,100937.0,7174350.0,-0.690485,-0.5090020000000001,MDG,FRA,6522
1220223,138,77,1047,2014.0,45289.0,695243.0,1.292327,0.713879,MEX,FRA,6522
1220224,140,77,1047,2014.0,44137.0,1948101.0,-0.216313,-0.214403,MKD,FRA,6522
1220225,141,77,1047,2014.0,0.0,51655.0,-1.027153,-1.0197370000000001,MLI,FRA,6522
1220226,142,77,1047,2014.0,0.0,188463.0,0.8871379999999999,0.088535,MLT,FRA,6522
1220227,143,77,1047,2014.0,0.0,13056.0,-1.350593,-1.1112229999999998,MMR,FRA,6522
1220228,144,77,1047,2014.0,0.0,2209.0,-0.007741,0.018085,MNE,FRA,6522
1220229,145,77,1047,2014.0,1906.0,0.0,-1.368502,-1.17111,MNG,FRA,6522
1220230,148,77,1047,2014.0,0.0,155016.0,-1.425856,-1.213441,MRT,FRA,6522
1220231,151,77,1047,2014.0,187434.0,1118770.0,-0.055786,-0.1488,MUS,FRA,6522
1220232,153,77,1047,2014.0,7764.0,42760.0,0.995226,0.7797810000000001,MYS,FRA,6522
1220233,156,77,1047,2014.0,0.0,356130.0,-0.201994,-0.723618,NCL,FRA,6522
1220234,157,77,1047,2014.0,0.0,104863.0,-0.709151,-0.869426,NER,FRA,6522
1220235,159,77,1047,2014.0,7746.0,22241.0,-1.9012419999999999,-1.229264,NGA,FRA,6522
1220236,162,77,1047,2014.0,14347088.0,7066008.0,1.08881,1.320941,NLD,FRA,6522
1220237,163,77,1047,2014.0,2553.0,701227.0,0.678424,0.137871,NOR,FRA,6522
1220238,164,77,1047,2014.0,34604.0,0.0,-0.083094,0.349348,NPL,FRA,6522
1220239,166,77,1047,2014.0,3324.0,118448.0,0.123649,0.26129,NZL,FRA,6522
1220240,167,77,1047,2014.0,0.0,93195.0,-0.7307060000000001,-1.060975,OMN,FRA,6522
1220241,168,77,1047,2014.0,7919054.0,35235.0,-0.595946,0.493716,PAK,FRA,6522
1220242,169,77,1047,2014.0,0.0,22193.0,0.8997200000000001,0.9699139999999999,PAN,FRA,6522
1220243,173,77,1047,2014.0,3075.0,134811.0,-0.617883,0.427092,PER,FRA,6522
1220244,174,77,1047,2014.0,0.0,65338.0,0.835601,0.589322,PHL,FRA,6522
1220245,177,77,1047,2014.0,486071.0,8480936.0,1.1328690000000001,1.043185,POL,FRA,6522
1220246,179,77,1047,2014.0,10162055.0,3999148.0,0.763352,2.041559,PRT,FRA,6522
1220247,180,77,1047,2014.0,0.0,19626.0,-0.612822,-0.8764139999999999,PRY,FRA,6522
1220248,181,77,1047,2014.0,0.0,7748.0,0.129971,0.775546,PSE,FRA,6522
1220249,182,77,1047,2014.0,0.0,69467.0,-0.187778,-0.7217060000000001,PYF,FRA,6522
1220250,183,77,1047,2014.0,3211.0,104130.0,-0.5604899999999999,-0.989015,QAT,FRA,6522
1220251,185,77,1047,2014.0,1253845.0,12920173.0,1.0837940000000001,1.199571,ROU,FRA,6522
1220252,186,77,1047,2014.0,0.0,1305162.0,-0.006737000000000001,-0.172237,RUS,FRA,6522
1220253,187,77,1047,2014.0,0.0,1098.0,-0.475152,-0.390083,RWA,FRA,6522
1220254,188,77,1047,2014.0,3568.0,1191643.0,-0.188727,-0.8629459999999999,SAU,FRA,6522
1220255,191,77,1047,2014.0,23150.0,1427087.0,-0.509239,0.002353,SEN,FRA,6522
1220256,192,77,1047,2014.0,294756.0,242921.0,1.750361,0.63849,SGP,FRA,6522
1220257,197,77,1047,2014.0,0.0,2135.0,0.11639200000000001,0.368644,SLV,FRA,6522
1220258,201,77,1047,2014.0,0.0,1613414.0,0.6017979999999999,1.328124,SRB,FRA,6522
1220259,206,77,1047,2014.0,16835.0,899407.0,1.525525,0.773486,SVK,FRA,6522
1220260,207,77,1047,2014.0,117934.0,346868.0,1.554693,0.633504,SVN,FRA,6522
1220261,208,77,1047,2014.0,385071.0,1214808.0,1.7256330000000002,0.395804,SWE,FRA,6522
1220262,212,77,1047,2014.0,0.0,1046.0,-0.22825,0.803708,SYR,FRA,6522
1220263,214,77,1047,2014.0,0.0,128163.0,-2.592004,-1.008548,TCD,FRA,6522
1220264,215,77,1047,2014.0,2144.0,71545.0,-0.58937,-0.43368,TGO,FRA,6522
1220265,216,77,1047,2014.0,834810.0,606278.0,1.111392,1.3500370000000002,THA,FRA,6522
1220266,217,77,1047,2014.0,0.0,31257.0,-0.9002680000000001,-1.05621,TJK,FRA,6522
1220267,219,77,1047,2014.0,0.0,30746.0,-0.961465,-1.1428559999999999,TKM,FRA,6522
1220268,222,77,1047,2014.0,190842.0,0.0,-0.582991,-1.055078,TTO,FRA,6522
1220269,223,77,1047,2014.0,5697714.0,76933568.0,0.45973800000000004,0.9595459999999999,TUN,FRA,6522
1220270,224,77,1047,2014.0,18520092.0,4180274.0,0.6641600000000001,2.091193,TUR,FRA,6522
1220271,226,77,1047,2014.0,3126330.0,0.0,-0.909005,0.511175,TZA,FRA,6522
1220272,228,77,1047,2014.0,78648.0,1615651.0,0.505369,1.07634,UKR,FRA,6522
1220273,230,77,1047,2014.0,171345.0,58388.0,0.155247,-0.091751,URY,FRA,6522
1220274,231,77,1047,2014.0,1389701.0,7825754.0,1.569577,-0.293173,USA,FRA,6522
1220275,239,77,1047,2014.0,128674.0,1247504.0,0.135762,1.182052,VNM,FRA,6522
1220276,246,77,1047,2014.0,35127.0,118026.0,0.156414,1.873848,ZAF,FRA,6522
1220277,249,77,1047,2014.0,81539.0,285921.0,1.850481,1.081809,TWN,FRA,6522
1220278,250,77,1047,2014.0,526935.0,29680.0,0.426964,0.138883,ANS,FRA,6522
1220279,0,81,1047,2014.0,0.0,24714.0,0.279562,-0.371938,ABW,GBR,6522
1220280,2,81,1047,2014.0,0.0,6415.0,-1.547068,-1.121438,AGO,GBR,6522
1220281,5,81,1047,2014.0,0.0,3998.0,0.512367,-0.438594,AND,GBR,6522
1220282,7,81,1047,2014.0,271800.0,4269654.0,-0.121018,-0.51841,ARE,GBR,6522
1220283,8,81,1047,2014.0,0.0,15998.0,-0.047848,0.48062,ARG,GBR,6522
1220284,13,81,1047,2014.0,0.0,65281.0,0.048253,-0.618061,ATG,GBR,6522
1220285,14,81,1047,2014.0,106686.0,2327314.0,-0.587779,-0.29813,AUS,GBR,6522
1220286,15,81,1047,2014.0,11378233.0,2974664.0,1.782532,-0.84455,AUT,GBR,6522
1220287,16,81,1047,2014.0,0.0,35675.0,-1.230795,-1.237163,AZE,GBR,6522
1220288,18,81,1047,2014.0,13780729.0,4009278.0,1.182934,1.1967139999999998,BEL,GBR,6522
1220289,19,81,1047,2014.0,0.0,27769.0,-0.461501,-0.7216819999999999,BEN,GBR,6522
1220290,22,81,1047,2014.0,56991.0,856037.0,-0.76547,-0.9645469999999999,BGD,GBR,6522
1220291,23,81,1047,2014.0,139964.0,1718490.0,0.611912,1.594597,BGR,GBR,6522
1220292,24,81,1047,2014.0,0.0,143419.0,0.087173,-0.542374,BHR,GBR,6522
1220293,25,81,1047,2014.0,0.0,34121.0,0.199967,-0.640347,BHS,GBR,6522
1220294,26,81,1047,2014.0,0.0,77383.0,0.737556,0.9815530000000001,BIH,GBR,6522
1220295,28,81,1047,2014.0,5767.0,0.0,0.929114,0.7313069999999999,BLR,GBR,6522
1220296,30,81,1047,2014.0,0.0,96177.0,1.419541,0.139517,BMU,GBR,6522
1220297,32,81,1047,2014.0,12152.0,179473.0,0.23286700000000002,0.968366,BRA,GBR,6522
1220298,33,81,1047,2014.0,0.0,111783.0,0.45538500000000004,-0.126756,BRB,GBR,6522
1220299,34,81,1047,2014.0,0.0,10154.0,-0.866534,-0.764166,BRN,GBR,6522
1220300,37,81,1047,2014.0,0.0,1373.0,-0.7467630000000001,-1.1369690000000001,BWA,GBR,6522
1220301,39,81,1047,2014.0,115377.0,1059750.0,0.6145430000000001,1.1815360000000001,CAN,GBR,6522
1220302,41,81,1047,2014.0,5859910.0,1003065.0,2.027022,0.780257,CHE,GBR,6522
1220303,42,81,1047,2014.0,2307.0,91936.0,-0.196236,-0.162428,CHL,GBR,6522
1220304,43,81,1047,2014.0,15543837.0,7078560.0,1.316443,0.35039899999999996,CHN,GBR,6522
1220305,45,81,1047,2014.0,3653.0,0.0,-0.726413,-0.927583,CMR,GBR,6522
1220306,47,81,1047,2014.0,0.0,6121.0,-1.359593,-1.101705,COG,GBR,6522
1220307,49,81,1047,2014.0,0.0,343551.0,0.084348,-0.39008200000000004,COL,GBR,6522
1220308,57,81,1047,2014.0,0.0,11032.0,0.906078,-0.6494770000000001,CYM,GBR,6522
1220309,58,81,1047,2014.0,49559.0,179223.0,0.476854,0.572103,CYP,GBR,6522
1220310,59,81,1047,2014.0,5123923.0,3058344.0,1.761204,-0.148263,CZE,GBR,6522
1220311,61,81,1047,2014.0,16401159.0,20370656.0,2.106119,-3.225189,DEU,GBR,6522
1220312,64,81,1047,2014.0,4174884.0,1129574.0,1.15411,1.160462,DNK,GBR,6522
1220313,65,81,1047,2014.0,0.0,82543.0,-0.076532,0.472746,DOM,GBR,6522
1220314,66,81,1047,2014.0,0.0,111224.0,-1.427966,-1.1216760000000001,DZA,GBR,6522
1220315,67,81,1047,2014.0,0.0,3614.0,-1.0520559999999999,-1.109638,ECU,GBR,6522
1220316,68,81,1047,2014.0,8632266.0,613984.0,-0.036009,2.027503,EGY,GBR,6522
1220317,71,81,1047,2014.0,8323227.0,3711314.0,0.9574159999999999,1.787233,ESP,GBR,6522
1220318,72,81,1047,2014.0,8410.0,2381146.0,1.022704,1.175645,EST,GBR,6522
1220319,73,81,1047,2014.0,188636.0,3744.0,-1.147242,-0.986643,ETH,GBR,6522
1220320,74,81,1047,2014.0,194665.0,2341853.0,1.591758,0.9737819999999999,FIN,GBR,6522
1220321,75,81,1047,2014.0,0.0,430484.0,-0.20919699999999997,0.095276,FJI,GBR,6522
1220322,76,81,1047,2014.0,0.0,10686.0,-0.851247,-0.9063829999999999,FLK,GBR,6522
1220323,77,81,1047,2014.0,10308450.0,14656430.0,1.432323,0.43023,FRA,GBR,6522
1220324,82,81,1047,2014.0,0.0,1470.0,-0.23090300000000002,-0.510401,GEO,GBR,6522
1220325,83,81,1047,2014.0,5419.0,99692.0,-1.1140299999999999,-1.0711700000000002,GHA,GBR,6522
1220326,84,81,1047,2014.0,0.0,46999.0,0.21985500000000002,-0.737857,GIB,GBR,6522
1220327,87,81,1047,2014.0,0.0,3419.0,-0.79725,-0.8249059999999999,GMB,GBR,6522
1220328,89,81,1047,2014.0,0.0,3193.0,-2.26689,-0.896274,GNQ,GBR,6522
1220329,90,81,1047,2014.0,104604.0,608410.0,0.064193,0.955633,GRC,GBR,6522
1220330,91,81,1047,2014.0,0.0,45725.0,0.30344,-0.5055350000000001,GRD,GBR,6522
1220331,93,81,1047,2014.0,2048.0,0.0,-0.24762199999999998,0.536379,GTM,GBR,6522
1220332,96,81,1047,2014.0,0.0,21491.0,-0.88674,-1.048691,GUY,GBR,6522
1220333,97,81,1047,2014.0,638567.0,4889628.0,0.9198440000000001,1.257131,HKG,GBR,6522
1220334,99,81,1047,2014.0,0.0,12125.0,-0.372433,0.036463,HND,GBR,6522
1220335,100,81,1047,2014.0,3993.0,26708.0,0.8627809999999999,1.3475549999999998,HRV,GBR,6522
1220336,102,81,1047,2014.0,35126.0,534192.0,1.713536,0.5681729999999999,HUN,GBR,6522
1220337,103,81,1047,2014.0,983182.0,1026979.0,0.068135,1.672437,IDN,GBR,6522
1220338,104,81,1047,2014.0,16458395.0,610634.0,0.236316,2.659173,IND,GBR,6522
1220339,106,81,1047,2014.0,1406232.0,7381452.0,1.3749790000000002,0.41131899999999993,IRL,GBR,6522
1220340,107,81,1047,2014.0,1587.0,0.0,-0.47744899999999996,-0.429676,IRN,GBR,6522
1220341,109,81,1047,2014.0,8819.0,132085.0,0.130097,-0.313819,ISL,GBR,6522
1220342,110,81,1047,2014.0,129972.0,816798.0,0.9753860000000001,0.810342,ISR,GBR,6522
1220343,111,81,1047,2014.0,57356432.0,15363139.0,1.476328,-0.293302,ITA,GBR,6522
1220344,112,81,1047,2014.0,0.0,40298.0,-0.390841,-0.804425,JAM,GBR,6522
1220345,113,81,1047,2014.0,0.0,80465.0,0.23508800000000002,0.47597,JOR,GBR,6522
1220346,114,81,1047,2014.0,2717602.0,2543564.0,2.297789,-0.58585,JPN,GBR,6522
1220347,115,81,1047,2014.0,1204.0,42931.0,-0.503438,-0.5477850000000001,KAZ,GBR,6522
1220348,116,81,1047,2014.0,2268.0,145504.0,-0.411786,0.219875,KEN,GBR,6522
1220349,117,81,1047,2014.0,21723.0,1596.0,-0.11451099999999999,0.358754,KGZ,GBR,6522
1220350,118,81,1047,2014.0,1325119.0,163634.0,-0.5871430000000001,-0.7545850000000001,KHM,GBR,6522
1220351,121,81,1047,2014.0,6944968.0,1071198.0,1.9642650000000001,0.86425,KOR,GBR,6522
1220352,122,81,1047,2014.0,0.0,522492.0,-1.2601069999999999,-1.0929360000000001,KWT,GBR,6522
1220353,123,81,1047,2014.0,0.0,1176903.0,-0.924599,-0.7456430000000001,LAO,GBR,6522
1220354,124,81,1047,2014.0,11998.0,280480.0,0.32006799999999996,1.666039,LBN,GBR,6522
1220355,127,81,1047,2014.0,0.0,38187.0,0.636416,-0.464264,LCA,GBR,6522
1220356,128,81,1047,2014.0,14215.0,590667.0,-0.30641399999999996,0.29736799999999997,LKA,GBR,6522
1220357,129,81,1047,2014.0,20612.0,0.0,-0.586123,-0.728193,LSO,GBR,6522
1220358,130,81,1047,2014.0,183898.0,1372016.0,0.679488,1.558981,LTU,GBR,6522
1220359,131,81,1047,2014.0,0.0,43838.0,1.093816,1.270669,LUX,GBR,6522
1220360,132,81,1047,2014.0,46631.0,953559.0,0.6501,1.35321,LVA,GBR,6522
1220361,134,81,1047,2014.0,479057.0,8933434.0,-0.429457,0.039947,MAR,GBR,6522
1220362,135,81,1047,2014.0,54918.0,1533560.0,0.031916,0.24264499999999997,MDA,GBR,6522
1220363,136,81,1047,2014.0,2067.0,789643.0,-0.690485,-0.5090020000000001,MDG,GBR,6522
1220364,138,81,1047,2014.0,2317.0,289708.0,1.292327,0.713879,MEX,GBR,6522
1220365,139,81,1047,2014.0,0.0,3315.0,-0.634134,-0.881969,MHL,GBR,6522
1220366,140,81,1047,2014.0,123138.0,4800656.0,-0.216313,-0.214403,MKD,GBR,6522
1220367,142,81,1047,2014.0,0.0,159618.0,0.8871379999999999,0.088535,MLT,GBR,6522
1220368,147,81,1047,2014.0,0.0,16886.0,-1.03106,-0.9325260000000001,MOZ,GBR,6522
1220369,151,81,1047,2014.0,63913.0,119802.0,-0.055786,-0.1488,MUS,GBR,6522
1220370,153,81,1047,2014.0,7092.0,440667.0,0.995226,0.7797810000000001,MYS,GBR,6522
1220371,155,81,1047,2014.0,0.0,2813.0,-0.5218020000000001,-0.502617,NAM,GBR,6522
1220372,157,81,1047,2014.0,0.0,1014.0,-0.709151,-0.869426,NER,GBR,6522
1220373,159,81,1047,2014.0,4598.0,54838700.0,-1.9012419999999999,-1.229264,NGA,GBR,6522
1220374,162,81,1047,2014.0,37360256.0,12893137.0,1.08881,1.320941,NLD,GBR,6522
1220375,163,81,1047,2014.0,7306.0,442689.0,0.678424,0.137871,NOR,GBR,6522
1220376,164,81,1047,2014.0,5114.0,8182.0,-0.083094,0.349348,NPL,GBR,6522
1220377,166,81,1047,2014.0,67585.0,2188047.0,0.123649,0.26129,NZL,GBR,6522
1220378,167,81,1047,2014.0,0.0,289543.0,-0.7307060000000001,-1.060975,OMN,GBR,6522
1220379,168,81,1047,2014.0,16166830.0,296814.0,-0.595946,0.493716,PAK,GBR,6522
1220380,169,81,1047,2014.0,0.0,3532.0,0.8997200000000001,0.9699139999999999,PAN,GBR,6522
1220381,173,81,1047,2014.0,0.0,465191.0,-0.617883,0.427092,PER,GBR,6522
1220382,174,81,1047,2014.0,12543.0,291494.0,0.835601,0.589322,PHL,GBR,6522
1220383,177,81,1047,2014.0,543229.0,4722564.0,1.1328690000000001,1.043185,POL,GBR,6522
1220384,179,81,1047,2014.0,4000950.0,5176140.0,0.763352,2.041559,PRT,GBR,6522
1220385,183,81,1047,2014.0,0.0,1899961.0,-0.5604899999999999,-0.989015,QAT,GBR,6522
1220386,185,81,1047,2014.0,742420.0,6534792.0,1.0837940000000001,1.199571,ROU,GBR,6522
1220387,186,81,1047,2014.0,0.0,10809188.0,-0.006737000000000001,-0.172237,RUS,GBR,6522
1220388,188,81,1047,2014.0,61716.0,1216425.0,-0.188727,-0.8629459999999999,SAU,GBR,6522
1220389,191,81,1047,2014.0,14247.0,289125.0,-0.509239,0.002353,SEN,GBR,6522
1220390,192,81,1047,2014.0,4822.0,1045544.0,1.750361,0.63849,SGP,GBR,6522
1220391,196,81,1047,2014.0,0.0,4597.0,-0.718496,-0.750311,SLE,GBR,6522
1220392,197,81,1047,2014.0,0.0,7726.0,0.11639200000000001,0.368644,SLV,GBR,6522
1220393,201,81,1047,2014.0,0.0,334168.0,0.6017979999999999,1.328124,SRB,GBR,6522
1220394,206,81,1047,2014.0,0.0,322095.0,1.525525,0.773486,SVK,GBR,6522
1220395,207,81,1047,2014.0,497539.0,1049698.0,1.554693,0.633504,SVN,GBR,6522
1220396,208,81,1047,2014.0,373688.0,3132044.0,1.7256330000000002,0.395804,SWE,GBR,6522
1220397,211,81,1047,2014.0,0.0,4913.0,0.158898,-0.571933,SYC,GBR,6522
1220398,213,81,1047,2014.0,0.0,11610.0,0.566988,0.050384,TCA,GBR,6522
1220399,216,81,1047,2014.0,8468571.0,1758962.0,1.111392,1.3500370000000002,THA,GBR,6522
1220400,222,81,1047,2014.0,0.0,61397.0,-0.582991,-1.055078,TTO,GBR,6522
1220401,223,81,1047,2014.0,59998.0,7751546.0,0.45973800000000004,0.9595459999999999,TUN,GBR,6522
1220402,224,81,1047,2014.0,20704604.0,3272324.0,0.6641600000000001,2.091193,TUR,GBR,6522
1220403,226,81,1047,2014.0,11056.0,10229.0,-0.909005,0.511175,TZA,GBR,6522
1220404,227,81,1047,2014.0,0.0,83010.0,-0.505738,0.49837200000000004,UGA,GBR,6522
1220405,228,81,1047,2014.0,17036.0,1244191.0,0.505369,1.07634,UKR,GBR,6522
1220406,230,81,1047,2014.0,0.0,1821.0,0.155247,-0.091751,URY,GBR,6522
1220407,231,81,1047,2014.0,6445031.0,6591978.0,1.569577,-0.293173,USA,GBR,6522
1220408,234,81,1047,2014.0,0.0,47788.0,0.101454,-0.469681,VCT,GBR,6522
1220409,237,81,1047,2014.0,23910.0,0.0,0.48387299999999994,0.0534,VGB,GBR,6522
1220410,239,81,1047,2014.0,95304.0,2171556.0,0.135762,1.182052,VNM,GBR,6522
1220411,240,81,1047,2014.0,0.0,17588.0,-1.103645,-0.978606,VUT,GBR,6522
1220412,246,81,1047,2014.0,119335.0,1461255.0,0.156414,1.873848,ZAF,GBR,6522
1220413,247,81,1047,2014.0,3946.0,0.0,-0.506171,-0.680445,ZMB,GBR,6522
1220414,248,81,1047,2014.0,0.0,1038.0,-0.732781,-0.875713,ZWE,GBR,6522
1220415,249,81,1047,2014.0,345974.0,296732.0,1.850481,1.081809,TWN,GBR,6522
1220416,4,90,1047,2014.0,133460.0,681790.0,-0.44000200000000006,-0.168443,ALB,GRC,6522
1220417,7,90,1047,2014.0,76921.0,0.0,-0.121018,-0.51841,ARE,GRC,6522
1220418,9,90,1047,2014.0,0.0,1575.0,-0.143991,-0.5265890000000001,ARM,GRC,6522
1220419,14,90,1047,2014.0,0.0,77903.0,-0.587779,-0.29813,AUS,GRC,6522
1220420,15,90,1047,2014.0,703562.0,26739.0,1.782532,-0.84455,AUT,GRC,6522
1220421,18,90,1047,2014.0,424733.0,75167.0,1.182934,1.1967139999999998,BEL,GRC,6522
1220422,22,90,1047,2014.0,28271.0,0.0,-0.76547,-0.9645469999999999,BGD,GRC,6522
1220423,23,90,1047,2014.0,870608.0,7402678.0,0.611912,1.594597,BGR,GRC,6522
1220424,32,90,1047,2014.0,55006.0,26170.0,0.23286700000000002,0.968366,BRA,GRC,6522
1220425,39,90,1047,2014.0,2531.0,0.0,0.6145430000000001,1.1815360000000001,CAN,GRC,6522
1220426,41,90,1047,2014.0,57980.0,32194.0,2.027022,0.780257,CHE,GRC,6522
1220427,42,90,1047,2014.0,0.0,11822.0,-0.196236,-0.162428,CHL,GRC,6522
1220428,43,90,1047,2014.0,9433291.0,16340.0,1.316443,0.35039899999999996,CHN,GRC,6522
1220429,49,90,1047,2014.0,0.0,41632.0,0.084348,-0.39008200000000004,COL,GRC,6522
1220430,58,90,1047,2014.0,34419.0,815646.0,0.476854,0.572103,CYP,GRC,6522
1220431,59,90,1047,2014.0,128690.0,8691.0,1.761204,-0.148263,CZE,GRC,6522
1220432,61,90,1047,2014.0,2031680.0,869341.0,2.106119,-3.225189,DEU,GRC,6522
1220433,64,90,1047,2014.0,8162.0,37543.0,1.15411,1.160462,DNK,GRC,6522
1220434,68,90,1047,2014.0,8974453.0,74806.0,-0.036009,2.027503,EGY,GRC,6522
1220435,71,90,1047,2014.0,3762180.0,201074.0,0.9574159999999999,1.787233,ESP,GRC,6522
1220436,72,90,1047,2014.0,0.0,8478.0,1.022704,1.175645,EST,GRC,6522
1220437,74,90,1047,2014.0,2451.0,16477.0,1.591758,0.9737819999999999,FIN,GRC,6522
1220438,77,90,1047,2014.0,843926.0,233031.0,1.432323,0.43023,FRA,GRC,6522
1220439,81,90,1047,2014.0,608410.0,104604.0,1.542804,0.915499,GBR,GRC,6522
1220440,97,90,1047,2014.0,68140.0,2588.0,0.9198440000000001,1.257131,HKG,GRC,6522
1220441,100,90,1047,2014.0,0.0,107833.0,0.8627809999999999,1.3475549999999998,HRV,GRC,6522
1220442,102,90,1047,2014.0,158617.0,34448.0,1.713536,0.5681729999999999,HUN,GRC,6522
1220443,103,90,1047,2014.0,151828.0,0.0,0.068135,1.672437,IDN,GRC,6522
1220444,104,90,1047,2014.0,686744.0,0.0,0.236316,2.659173,IND,GRC,6522
1220445,106,90,1047,2014.0,1055.0,2890.0,1.3749790000000002,0.41131899999999993,IRL,GRC,6522
1220446,110,90,1047,2014.0,2075261.0,22266.0,0.9753860000000001,0.810342,ISR,GRC,6522
1220447,111,90,1047,2014.0,11572644.0,174313.0,1.476328,-0.293302,ITA,GRC,6522
1220448,113,90,1047,2014.0,0.0,6656.0,0.23508800000000002,0.47597,JOR,GRC,6522
1220449,114,90,1047,2014.0,4736.0,0.0,2.297789,-0.58585,JPN,GRC,6522
1220450,116,90,1047,2014.0,0.0,7450.0,-0.411786,0.219875,KEN,GRC,6522
1220451,121,90,1047,2014.0,45882.0,0.0,1.9642650000000001,0.86425,KOR,GRC,6522
1220452,124,90,1047,2014.0,0.0,65761.0,0.32006799999999996,1.666039,LBN,GRC,6522
1220453,130,90,1047,2014.0,15964.0,353249.0,0.679488,1.558981,LTU,GRC,6522
1220454,132,90,1047,2014.0,0.0,102516.0,0.6501,1.35321,LVA,GRC,6522
1220455,134,90,1047,2014.0,161823.0,20701.0,-0.429457,0.039947,MAR,GRC,6522
1220456,138,90,1047,2014.0,0.0,9442.0,1.292327,0.713879,MEX,GRC,6522
1220457,140,90,1047,2014.0,107096.0,2556576.0,-0.216313,-0.214403,MKD,GRC,6522
1220458,142,90,1047,2014.0,0.0,8343.0,0.8871379999999999,0.088535,MLT,GRC,6522
1220459,162,90,1047,2014.0,1972109.0,28125.0,1.08881,1.320941,NLD,GRC,6522
1220460,163,90,1047,2014.0,2259.0,0.0,0.678424,0.137871,NOR,GRC,6522
1220461,168,90,1047,2014.0,11776806.0,0.0,-0.595946,0.493716,PAK,GRC,6522
1220462,169,90,1047,2014.0,22396.0,0.0,0.8997200000000001,0.9699139999999999,PAN,GRC,6522
1220463,177,90,1047,2014.0,71271.0,242266.0,1.1328690000000001,1.043185,POL,GRC,6522
1220464,179,90,1047,2014.0,450826.0,127120.0,0.763352,2.041559,PRT,GRC,6522
1220465,183,90,1047,2014.0,0.0,46715.0,-0.5604899999999999,-0.989015,QAT,GRC,6522
1220466,185,90,1047,2014.0,74507.0,1819163.0,1.0837940000000001,1.199571,ROU,GRC,6522
1220467,186,90,1047,2014.0,0.0,122400.0,-0.006737000000000001,-0.172237,RUS,GRC,6522
1220468,201,90,1047,2014.0,25254.0,119932.0,0.6017979999999999,1.328124,SRB,GRC,6522
1220469,206,90,1047,2014.0,0.0,16229.0,1.525525,0.773486,SVK,GRC,6522
1220470,207,90,1047,2014.0,5161.0,20101.0,1.554693,0.633504,SVN,GRC,6522
1220471,208,90,1047,2014.0,12405.0,5935.0,1.7256330000000002,0.395804,SWE,GRC,6522
1220472,216,90,1047,2014.0,97210.0,3148.0,1.111392,1.3500370000000002,THA,GRC,6522
1220473,219,90,1047,2014.0,12801.0,0.0,-0.961465,-1.1428559999999999,TKM,GRC,6522
1220474,223,90,1047,2014.0,0.0,116314.0,0.45973800000000004,0.9595459999999999,TUN,GRC,6522
1220475,224,90,1047,2014.0,7566928.0,1787048.0,0.6641600000000001,2.091193,TUR,GRC,6522
1220476,228,90,1047,2014.0,0.0,24373.0,0.505369,1.07634,UKR,GRC,6522
1220477,231,90,1047,2014.0,3997.0,159631.0,1.569577,-0.293173,USA,GRC,6522
1220478,249,90,1047,2014.0,10502.0,0.0,1.850481,1.081809,TWN,GRC,6522
1220479,7,93,1047,2014.0,0.0,48074.0,-0.121018,-0.51841,ARE,GTM,6522
1220480,8,93,1047,2014.0,0.0,21874.0,-0.047848,0.48062,ARG,GTM,6522
1220481,15,93,1047,2014.0,39055.0,0.0,1.782532,-0.84455,AUT,GTM,6522
1220482,29,93,1047,2014.0,0.0,12693.0,-0.15501700000000002,-0.507759,BLZ,GTM,6522
1220483,32,93,1047,2014.0,486233.0,0.0,0.23286700000000002,0.968366,BRA,GTM,6522
1220484,39,93,1047,2014.0,7455.0,0.0,0.6145430000000001,1.1815360000000001,CAN,GTM,6522
1220485,43,93,1047,2014.0,20407698.0,64434.0,1.316443,0.35039899999999996,CHN,GTM,6522
1220486,49,93,1047,2014.0,0.0,240251.0,0.084348,-0.39008200000000004,COL,GTM,6522
1220487,52,93,1047,2014.0,51567.0,610998.0,0.13936500000000002,-0.573277,CRI,GTM,6522
1220488,61,93,1047,2014.0,6972.0,40086.0,2.106119,-3.225189,DEU,GTM,6522
1220489,65,93,1047,2014.0,199014.0,2049497.0,-0.076532,0.472746,DOM,GTM,6522
1220490,68,93,1047,2014.0,151415.0,0.0,-0.036009,2.027503,EGY,GTM,6522
1220491,71,93,1047,2014.0,9187.0,0.0,0.9574159999999999,1.787233,ESP,GTM,6522
1220492,77,93,1047,2014.0,27500.0,0.0,1.432323,0.43023,FRA,GTM,6522
1220493,81,93,1047,2014.0,0.0,2048.0,1.542804,0.915499,GBR,GTM,6522
1220494,97,93,1047,2014.0,3327688.0,2090.0,0.9198440000000001,1.257131,HKG,GTM,6522
1220495,99,93,1047,2014.0,63747.0,1438824.0,-0.372433,0.036463,HND,GTM,6522
1220496,102,93,1047,2014.0,0.0,1123.0,1.713536,0.5681729999999999,HUN,GTM,6522
1220497,103,93,1047,2014.0,7706.0,0.0,0.068135,1.672437,IDN,GTM,6522
1220498,104,93,1047,2014.0,15730961.0,4852.0,0.236316,2.659173,IND,GTM,6522
1220499,111,93,1047,2014.0,54837.0,0.0,1.476328,-0.293302,ITA,GTM,6522
1220500,121,93,1047,2014.0,935562.0,160184.0,1.9642650000000001,0.86425,KOR,GTM,6522
1220501,124,93,1047,2014.0,40939.0,0.0,0.32006799999999996,1.666039,LBN,GTM,6522
1220502,130,93,1047,2014.0,1379.0,0.0,0.679488,1.558981,LTU,GTM,6522
1220503,138,93,1047,2014.0,1791579.0,25455676.0,1.292327,0.713879,MEX,GTM,6522
1220504,160,93,1047,2014.0,995241.0,2147402.0,-0.85321,-0.796656,NIC,GTM,6522
1220505,168,93,1047,2014.0,153086.0,0.0,-0.595946,0.493716,PAK,GTM,6522
1220506,169,93,1047,2014.0,527704.0,4193.0,0.8997200000000001,0.9699139999999999,PAN,GTM,6522
1220507,180,93,1047,2014.0,24639.0,0.0,-0.612822,-0.8764139999999999,PRY,GTM,6522
1220508,197,93,1047,2014.0,304917.0,2027314.0,0.11639200000000001,0.368644,SLV,GTM,6522
1220509,208,93,1047,2014.0,0.0,18498.0,1.7256330000000002,0.395804,SWE,GTM,6522
1220510,216,93,1047,2014.0,55467.0,0.0,1.111392,1.3500370000000002,THA,GTM,6522
1220511,231,93,1047,2014.0,28815380.0,241147.0,1.569577,-0.293173,USA,GTM,6522
1220512,249,93,1047,2014.0,16355.0,0.0,1.850481,1.081809,TWN,GTM,6522
1220513,250,93,1047,2014.0,196227.0,32015.0,0.426964,0.138883,ANS,GTM,6522
1220514,2,97,1047,2014.0,0.0,10297.0,-1.547068,-1.121438,AGO,HKG,6522
1220515,7,97,1047,2014.0,23987.0,499347.0,-0.121018,-0.51841,ARE,HKG,6522
1220516,8,97,1047,2014.0,0.0,897263.0,-0.047848,0.48062,ARG,HKG,6522
1220517,14,97,1047,2014.0,1227919.0,892818.0,-0.587779,-0.29813,AUS,HKG,6522
1220518,15,97,1047,2014.0,1540323.0,195979.0,1.782532,-0.84455,AUT,HKG,6522
1220519,18,97,1047,2014.0,684625.0,785135.0,1.182934,1.1967139999999998,BEL,HKG,6522
1220520,19,97,1047,2014.0,0.0,384920.0,-0.461501,-0.7216819999999999,BEN,HKG,6522
1220521,21,97,1047,2014.0,0.0,7902.0,-0.7933279999999999,-0.872791,BFA,HKG,6522
1220522,22,97,1047,2014.0,90224.0,147065264.0,-0.76547,-0.9645469999999999,BGD,HKG,6522
1220523,23,97,1047,2014.0,22933.0,132748.0,0.611912,1.594597,BGR,HKG,6522
1220524,24,97,1047,2014.0,1389572.0,595428.0,0.087173,-0.542374,BHR,HKG,6522
1220525,31,97,1047,2014.0,0.0,23794.0,-1.200516,-1.052286,BOL,HKG,6522
1220526,32,97,1047,2014.0,48018.0,1361402.0,0.23286700000000002,0.968366,BRA,HKG,6522
1220527,33,97,1047,2014.0,0.0,1817.0,0.45538500000000004,-0.126756,BRB,HKG,6522
1220528,34,97,1047,2014.0,0.0,24296.0,-0.866534,-0.764166,BRN,HKG,6522
1220529,37,97,1047,2014.0,0.0,32045.0,-0.7467630000000001,-1.1369690000000001,BWA,HKG,6522
1220530,39,97,1047,2014.0,116322.0,235499.0,0.6145430000000001,1.1815360000000001,CAN,HKG,6522
1220531,41,97,1047,2014.0,2099832.0,16900.0,2.027022,0.780257,CHE,HKG,6522
1220532,42,97,1047,2014.0,8080.0,6908.0,-0.196236,-0.162428,CHL,HKG,6522
1220533,43,97,1047,2014.0,948707776.0,22801210.0,1.316443,0.35039899999999996,CHN,HKG,6522
1220534,45,97,1047,2014.0,0.0,678632.0,-0.726413,-0.927583,CMR,HKG,6522
1220535,46,97,1047,2014.0,0.0,15173.0,-1.596912,-1.1239940000000002,COD,HKG,6522
1220536,47,97,1047,2014.0,0.0,24959.0,-1.359593,-1.101705,COG,HKG,6522
1220537,49,97,1047,2014.0,22434.0,2162734.0,0.084348,-0.39008200000000004,COL,HKG,6522
1220538,52,97,1047,2014.0,0.0,9004.0,0.13936500000000002,-0.573277,CRI,HKG,6522
1220539,58,97,1047,2014.0,0.0,13751.0,0.476854,0.572103,CYP,HKG,6522
1220540,59,97,1047,2014.0,221687.0,7675.0,1.761204,-0.148263,CZE,HKG,6522
1220541,61,97,1047,2014.0,2999141.0,1170216.0,2.106119,-3.225189,DEU,HKG,6522
1220542,64,97,1047,2014.0,49942.0,21650.0,1.15411,1.160462,DNK,HKG,6522
1220543,65,97,1047,2014.0,0.0,56581.0,-0.076532,0.472746,DOM,HKG,6522
1220544,67,97,1047,2014.0,0.0,411952.0,-1.0520559999999999,-1.109638,ECU,HKG,6522
1220545,68,97,1047,2014.0,122306.0,4636926.0,-0.036009,2.027503,EGY,HKG,6522
1220546,71,97,1047,2014.0,2869301.0,332892.0,0.9574159999999999,1.787233,ESP,HKG,6522
1220547,72,97,1047,2014.0,0.0,6690.0,1.022704,1.175645,EST,HKG,6522
1220548,73,97,1047,2014.0,0.0,226332.0,-1.147242,-0.986643,ETH,HKG,6522
1220549,74,97,1047,2014.0,87657.0,20492.0,1.591758,0.9737819999999999,FIN,HKG,6522
1220550,75,97,1047,2014.0,4645.0,515630.0,-0.20919699999999997,0.095276,FJI,HKG,6522
1220551,77,97,1047,2014.0,3596686.0,802494.0,1.432323,0.43023,FRA,HKG,6522
1220552,79,97,1047,2014.0,0.0,125080.0,-0.32612800000000003,-0.8335809999999999,FSM,HKG,6522
1220553,80,97,1047,2014.0,0.0,13880.0,-1.354381,-1.100019,GAB,HKG,6522
1220554,81,97,1047,2014.0,4889628.0,638567.0,1.542804,0.915499,GBR,HKG,6522
1220555,82,97,1047,2014.0,0.0,106765.0,-0.23090300000000002,-0.510401,GEO,HKG,6522
1220556,83,97,1047,2014.0,7406.0,0.0,-1.1140299999999999,-1.0711700000000002,GHA,HKG,6522
1220557,85,97,1047,2014.0,0.0,431931.0,-1.7494900000000002,-1.224512,GIN,HKG,6522
1220558,90,97,1047,2014.0,2588.0,68140.0,0.064193,0.955633,GRC,HKG,6522
1220559,93,97,1047,2014.0,2090.0,3327688.0,-0.24762199999999998,0.536379,GTM,HKG,6522
1220560,99,97,1047,2014.0,0.0,375261.0,-0.372433,0.036463,HND,HKG,6522
1220561,100,97,1047,2014.0,0.0,64519.0,0.8627809999999999,1.3475549999999998,HRV,HKG,6522
1220562,101,97,1047,2014.0,0.0,56392.0,-0.894977,-1.0674379999999999,HTI,HKG,6522
1220563,102,97,1047,2014.0,0.0,63201.0,1.713536,0.5681729999999999,HUN,HKG,6522
1220564,103,97,1047,2014.0,2041359.0,103552168.0,0.068135,1.672437,IDN,HKG,6522
1220565,104,97,1047,2014.0,13291700.0,10969987.0,0.236316,2.659173,IND,HKG,6522
1220566,106,97,1047,2014.0,0.0,1008.0,1.3749790000000002,0.41131899999999993,IRL,HKG,6522
1220567,110,97,1047,2014.0,1974.0,1032691.0,0.9753860000000001,0.810342,ISR,HKG,6522
1220568,111,97,1047,2014.0,56922712.0,1395498.0,1.476328,-0.293302,ITA,HKG,6522
1220569,113,97,1047,2014.0,12633.0,5504502.0,0.23508800000000002,0.47597,JOR,HKG,6522
1220570,114,97,1047,2014.0,26417402.0,588415.0,2.297789,-0.58585,JPN,HKG,6522
1220571,115,97,1047,2014.0,0.0,1948.0,-0.503438,-0.5477850000000001,KAZ,HKG,6522
1220572,116,97,1047,2014.0,6479.0,2532863.0,-0.411786,0.219875,KEN,HKG,6522
1220573,118,97,1047,2014.0,324705.0,60930912.0,-0.5871430000000001,-0.7545850000000001,KHM,HKG,6522
1220574,119,97,1047,2014.0,0.0,6951.0,0.321741,-0.633105,KIR,HKG,6522
1220575,121,97,1047,2014.0,29571730.0,823331.0,1.9642650000000001,0.86425,KOR,HKG,6522
1220576,123,97,1047,2014.0,30487.0,759797.0,-0.924599,-0.7456430000000001,LAO,HKG,6522
1220577,124,97,1047,2014.0,0.0,30577.0,0.32006799999999996,1.666039,LBN,HKG,6522
1220578,128,97,1047,2014.0,792482.0,32468238.0,-0.30641399999999996,0.29736799999999997,LKA,HKG,6522
1220579,129,97,1047,2014.0,0.0,1166741.0,-0.586123,-0.728193,LSO,HKG,6522
1220580,130,97,1047,2014.0,15953.0,28013.0,0.679488,1.558981,LTU,HKG,6522
1220581,131,97,1047,2014.0,7008.0,0.0,1.093816,1.270669,LUX,HKG,6522
1220582,132,97,1047,2014.0,0.0,205792.0,0.6501,1.35321,LVA,HKG,6522
1220583,133,97,1047,2014.0,99653.0,2432820.0,0.781301,0.522065,MAC,HKG,6522
1220584,134,97,1047,2014.0,28822.0,126001.0,-0.429457,0.039947,MAR,HKG,6522
1220585,136,97,1047,2014.0,6615.0,327752.0,-0.690485,-0.5090020000000001,MDG,HKG,6522
1220586,137,97,1047,2014.0,0.0,10193.0,-0.6189939999999999,-0.880108,MDV,HKG,6522
1220587,138,97,1047,2014.0,504752.0,9477735.0,1.292327,0.713879,MEX,HKG,6522
1220588,139,97,1047,2014.0,0.0,5924.0,-0.634134,-0.881969,MHL,HKG,6522
1220589,140,97,1047,2014.0,0.0,58662.0,-0.216313,-0.214403,MKD,HKG,6522
1220590,143,97,1047,2014.0,0.0,4674600.0,-1.350593,-1.1112229999999998,MMR,HKG,6522
1220591,147,97,1047,2014.0,0.0,421158.0,-1.03106,-0.9325260000000001,MOZ,HKG,6522
1220592,148,97,1047,2014.0,2466.0,0.0,-1.425856,-1.213441,MRT,HKG,6522
1220593,151,97,1047,2014.0,93469.0,1199883.0,-0.055786,-0.1488,MUS,HKG,6522
1220594,152,97,1047,2014.0,0.0,11817.0,-0.457027,-0.588539,MWI,HKG,6522
1220595,153,97,1047,2014.0,3332710.0,4572798.0,0.995226,0.7797810000000001,MYS,HKG,6522
1220596,156,97,1047,2014.0,0.0,104062.0,-0.201994,-0.723618,NCL,HKG,6522
1220597,159,97,1047,2014.0,0.0,40490.0,-1.9012419999999999,-1.229264,NGA,HKG,6522
1220598,160,97,1047,2014.0,0.0,5486212.0,-0.85321,-0.796656,NIC,HKG,6522
1220599,162,97,1047,2014.0,789728.0,96947.0,1.08881,1.320941,NLD,HKG,6522
1220600,163,97,1047,2014.0,23382.0,21928.0,0.678424,0.137871,NOR,HKG,6522
1220601,164,97,1047,2014.0,16545.0,29640.0,-0.083094,0.349348,NPL,HKG,6522
1220602,166,97,1047,2014.0,158852.0,172151.0,0.123649,0.26129,NZL,HKG,6522
1220603,168,97,1047,2014.0,11387064.0,1575500.0,-0.595946,0.493716,PAK,HKG,6522
1220604,169,97,1047,2014.0,0.0,78174.0,0.8997200000000001,0.9699139999999999,PAN,HKG,6522
1220605,173,97,1047,2014.0,1761.0,245216.0,-0.617883,0.427092,PER,HKG,6522
1220606,174,97,1047,2014.0,221747.0,11741886.0,0.835601,0.589322,PHL,HKG,6522
1220607,175,97,1047,2014.0,0.0,64796.0,0.310879,-0.526995,PLW,HKG,6522
1220608,176,97,1047,2014.0,0.0,49605.0,-1.564344,-1.165548,PNG,HKG,6522
1220609,177,97,1047,2014.0,4039.0,449813.0,1.1328690000000001,1.043185,POL,HKG,6522
1220610,179,97,1047,2014.0,2729385.0,143469.0,0.763352,2.041559,PRT,HKG,6522
1220611,180,97,1047,2014.0,0.0,481230.0,-0.612822,-0.8764139999999999,PRY,HKG,6522
1220612,182,97,1047,2014.0,0.0,74241.0,-0.187778,-0.7217060000000001,PYF,HKG,6522
1220613,183,97,1047,2014.0,2616.0,18277.0,-0.5604899999999999,-0.989015,QAT,HKG,6522
1220614,185,97,1047,2014.0,151288.0,43232.0,1.0837940000000001,1.199571,ROU,HKG,6522
1220615,186,97,1047,2014.0,15530.0,44959.0,-0.006737000000000001,-0.172237,RUS,HKG,6522
1220616,187,97,1047,2014.0,0.0,42552.0,-0.475152,-0.390083,RWA,HKG,6522
1220617,188,97,1047,2014.0,1399.0,2121.0,-0.188727,-0.8629459999999999,SAU,HKG,6522
1220618,190,97,1047,2014.0,0.0,2910.0,-1.473904,-1.154731,SDN,HKG,6522
1220619,192,97,1047,2014.0,6177253.0,8356776.0,1.750361,0.63849,SGP,HKG,6522
1220620,195,97,1047,2014.0,0.0,6467.0,-0.990974,-0.930271,SLB,HKG,6522
1220621,196,97,1047,2014.0,0.0,35594.0,-0.718496,-0.750311,SLE,HKG,6522
1220622,197,97,1047,2014.0,0.0,647654.0,0.11639200000000001,0.368644,SLV,HKG,6522
1220623,201,97,1047,2014.0,0.0,82793.0,0.6017979999999999,1.328124,SRB,HKG,6522
1220624,205,97,1047,2014.0,0.0,110924.0,-0.278229,-0.9962840000000001,SUR,HKG,6522
1220625,206,97,1047,2014.0,0.0,14013.0,1.525525,0.773486,SVK,HKG,6522
1220626,207,97,1047,2014.0,241455.0,0.0,1.554693,0.633504,SVN,HKG,6522
1220627,208,97,1047,2014.0,30196.0,18952.0,1.7256330000000002,0.395804,SWE,HKG,6522
1220628,211,97,1047,2014.0,0.0,5013.0,0.158898,-0.571933,SYC,HKG,6522
1220629,215,97,1047,2014.0,0.0,15654.0,-0.58937,-0.43368,TGO,HKG,6522
1220630,216,97,1047,2014.0,7546604.0,2950554.0,1.111392,1.3500370000000002,THA,HKG,6522
1220631,221,97,1047,2014.0,0.0,12878.0,-0.11423299999999999,-0.431381,TON,HKG,6522
1220632,223,97,1047,2014.0,211212.0,620534.0,0.45973800000000004,0.9595459999999999,TUN,HKG,6522
1220633,224,97,1047,2014.0,56225076.0,539674.0,0.6641600000000001,2.091193,TUR,HKG,6522
1220634,226,97,1047,2014.0,0.0,1963.0,-0.909005,0.511175,TZA,HKG,6522
1220635,227,97,1047,2014.0,0.0,207373.0,-0.505738,0.49837200000000004,UGA,HKG,6522
1220636,228,97,1047,2014.0,4734.0,57344.0,0.505369,1.07634,UKR,HKG,6522
1220637,230,97,1047,2014.0,26358.0,35992.0,0.155247,-0.091751,URY,HKG,6522
1220638,231,97,1047,2014.0,6869510.0,2130352.0,1.569577,-0.293173,USA,HKG,6522
1220639,236,97,1047,2014.0,0.0,863435.0,-1.1668459999999998,-1.134262,VEN,HKG,6522
1220640,239,97,1047,2014.0,845733.0,23407228.0,0.135762,1.182052,VNM,HKG,6522
1220641,240,97,1047,2014.0,0.0,1589.0,-1.103645,-0.978606,VUT,HKG,6522
1220642,242,97,1047,2014.0,0.0,33791.0,0.576162,0.094416,WSM,HKG,6522
1220643,246,97,1047,2014.0,0.0,489578.0,0.156414,1.873848,ZAF,HKG,6522
1220644,247,97,1047,2014.0,8916.0,3075.0,-0.506171,-0.680445,ZMB,HKG,6522
1220645,248,97,1047,2014.0,0.0,98568.0,-0.732781,-0.875713,ZWE,HKG,6522
1220646,249,97,1047,2014.0,30323302.0,682767.0,1.850481,1.081809,TWN,HKG,6522
1220647,250,97,1047,2014.0,0.0,192062.0,0.426964,0.138883,ANS,HKG,6522
1220648,32,99,1047,2014.0,1848509.0,0.0,0.23286700000000002,0.968366,BRA,HND,6522
1220649,39,99,1047,2014.0,6524.0,1529.0,0.6145430000000001,1.1815360000000001,CAN,HND,6522
1220650,41,99,1047,2014.0,2532.0,0.0,2.027022,0.780257,CHE,HND,6522
1220651,43,99,1047,2014.0,9796500.0,345872.0,1.316443,0.35039899999999996,CHN,HND,6522
1220652,49,99,1047,2014.0,24354.0,0.0,0.084348,-0.39008200000000004,COL,HND,6522
1220653,52,99,1047,2014.0,27884.0,247216.0,0.13936500000000002,-0.573277,CRI,HND,6522
1220654,59,99,1047,2014.0,38444.0,0.0,1.761204,-0.148263,CZE,HND,6522
1220655,65,99,1047,2014.0,3116.0,1447581.0,-0.076532,0.472746,DOM,HND,6522
1220656,71,99,1047,2014.0,56516.0,0.0,0.9574159999999999,1.787233,ESP,HND,6522
1220657,77,99,1047,2014.0,2381.0,0.0,1.432323,0.43023,FRA,HND,6522
1220658,81,99,1047,2014.0,12125.0,0.0,1.542804,0.915499,GBR,HND,6522
1220659,93,99,1047,2014.0,1438824.0,63747.0,-0.24762199999999998,0.536379,GTM,HND,6522
1220660,97,99,1047,2014.0,375261.0,0.0,0.9198440000000001,1.257131,HKG,HND,6522
1220661,103,99,1047,2014.0,25001.0,0.0,0.068135,1.672437,IDN,HND,6522
1220662,104,99,1047,2014.0,681374.0,0.0,0.236316,2.659173,IND,HND,6522
1220663,111,99,1047,2014.0,218780.0,1289.0,1.476328,-0.293302,ITA,HND,6522
1220664,114,99,1047,2014.0,21981.0,0.0,2.297789,-0.58585,JPN,HND,6522
1220665,121,99,1047,2014.0,3284.0,0.0,1.9642650000000001,0.86425,KOR,HND,6522
1220666,138,99,1047,2014.0,391382.0,0.0,1.292327,0.713879,MEX,HND,6522
1220667,153,99,1047,2014.0,438863.0,0.0,0.995226,0.7797810000000001,MYS,HND,6522
1220668,160,99,1047,2014.0,21864.0,36000.0,-0.85321,-0.796656,NIC,HND,6522
1220669,162,99,1047,2014.0,4622.0,0.0,1.08881,1.320941,NLD,HND,6522
1220670,168,99,1047,2014.0,929443.0,0.0,-0.595946,0.493716,PAK,HND,6522
1220671,169,99,1047,2014.0,342594.0,0.0,0.8997200000000001,0.9699139999999999,PAN,HND,6522
1220672,173,99,1047,2014.0,155240.0,0.0,-0.617883,0.427092,PER,HND,6522
1220673,179,99,1047,2014.0,52149.0,0.0,0.763352,2.041559,PRT,HND,6522
1220674,197,99,1047,2014.0,241415.0,2300.0,0.11639200000000001,0.368644,SLV,HND,6522
1220675,216,99,1047,2014.0,85140.0,0.0,1.111392,1.3500370000000002,THA,HND,6522
1220676,224,99,1047,2014.0,32560.0,0.0,0.6641600000000001,2.091193,TUR,HND,6522
1220677,231,99,1047,2014.0,10817499.0,10030.0,1.569577,-0.293173,USA,HND,6522
1220678,249,99,1047,2014.0,17599.0,0.0,1.850481,1.081809,TWN,HND,6522
1220679,4,102,1047,2014.0,0.0,22003.0,-0.44000200000000006,-0.168443,ALB,HUN,6522
1220680,7,102,1047,2014.0,3911.0,24854.0,-0.121018,-0.51841,ARE,HUN,6522
1220681,9,102,1047,2014.0,0.0,6172.0,-0.143991,-0.5265890000000001,ARM,HUN,6522
1220682,14,102,1047,2014.0,3397.0,61862.0,-0.587779,-0.29813,AUS,HUN,6522
1220683,15,102,1047,2014.0,3008622.0,2614257.0,1.782532,-0.84455,AUT,HUN,6522
1220684,18,102,1047,2014.0,1097786.0,8238.0,1.182934,1.1967139999999998,BEL,HUN,6522
1220685,23,102,1047,2014.0,370061.0,14751696.0,0.611912,1.594597,BGR,HUN,6522
1220686,26,102,1047,2014.0,1241.0,91476.0,0.737556,0.9815530000000001,BIH,HUN,6522
1220687,28,102,1047,2014.0,0.0,226728.0,0.929114,0.7313069999999999,BLR,HUN,6522
1220688,39,102,1047,2014.0,7036.0,9126.0,0.6145430000000001,1.1815360000000001,CAN,HUN,6522
1220689,41,102,1047,2014.0,540864.0,86209.0,2.027022,0.780257,CHE,HUN,6522
1220690,42,102,1047,2014.0,0.0,1984.0,-0.196236,-0.162428,CHL,HUN,6522
1220691,43,102,1047,2014.0,1822899.0,27576.0,1.316443,0.35039899999999996,CHN,HUN,6522
1220692,58,102,1047,2014.0,1786082.0,0.0,0.476854,0.572103,CYP,HUN,6522
1220693,59,102,1047,2014.0,1049867.0,2207885.0,1.761204,-0.148263,CZE,HUN,6522
1220694,61,102,1047,2014.0,8790869.0,1790778.0,2.106119,-3.225189,DEU,HUN,6522
1220695,64,102,1047,2014.0,78076.0,45392.0,1.15411,1.160462,DNK,HUN,6522
1220696,68,102,1047,2014.0,120002.0,197808.0,-0.036009,2.027503,EGY,HUN,6522
1220697,71,102,1047,2014.0,1230859.0,8310.0,0.9574159999999999,1.787233,ESP,HUN,6522
1220698,72,102,1047,2014.0,8269.0,1484.0,1.022704,1.175645,EST,HUN,6522
1220699,74,102,1047,2014.0,36422.0,19555.0,1.591758,0.9737819999999999,FIN,HUN,6522
1220700,77,102,1047,2014.0,1289906.0,639686.0,1.432323,0.43023,FRA,HUN,6522
1220701,81,102,1047,2014.0,534192.0,35126.0,1.542804,0.915499,GBR,HUN,6522
1220702,90,102,1047,2014.0,34448.0,158617.0,0.064193,0.955633,GRC,HUN,6522
1220703,93,102,1047,2014.0,1123.0,0.0,-0.24762199999999998,0.536379,GTM,HUN,6522
1220704,97,102,1047,2014.0,63201.0,0.0,0.9198440000000001,1.257131,HKG,HUN,6522
1220705,100,102,1047,2014.0,90218.0,408935.0,0.8627809999999999,1.3475549999999998,HRV,HUN,6522
1220706,103,102,1047,2014.0,27339.0,0.0,0.068135,1.672437,IDN,HUN,6522
1220707,104,102,1047,2014.0,161022.0,3754.0,0.236316,2.659173,IND,HUN,6522
1220708,106,102,1047,2014.0,15655.0,0.0,1.3749790000000002,0.41131899999999993,IRL,HUN,6522
1220709,109,102,1047,2014.0,0.0,1477.0,0.130097,-0.313819,ISL,HUN,6522
1220710,110,102,1047,2014.0,550442.0,40364.0,0.9753860000000001,0.810342,ISR,HUN,6522
1220711,111,102,1047,2014.0,14305056.0,3508118.0,1.476328,-0.293302,ITA,HUN,6522
1220712,113,102,1047,2014.0,1698.0,0.0,0.23508800000000002,0.47597,JOR,HUN,6522
1220713,114,102,1047,2014.0,49147.0,6491.0,2.297789,-0.58585,JPN,HUN,6522
1220714,121,102,1047,2014.0,26212.0,0.0,1.9642650000000001,0.86425,KOR,HUN,6522
1220715,122,102,1047,2014.0,0.0,1459.0,-1.2601069999999999,-1.0929360000000001,KWT,HUN,6522
1220716,124,102,1047,2014.0,0.0,3891.0,0.32006799999999996,1.666039,LBN,HUN,6522
1220717,130,102,1047,2014.0,107689.0,167627.0,0.679488,1.558981,LTU,HUN,6522
1220718,131,102,1047,2014.0,0.0,1207.0,1.093816,1.270669,LUX,HUN,6522
1220719,132,102,1047,2014.0,24009.0,79205.0,0.6501,1.35321,LVA,HUN,6522
1220720,134,102,1047,2014.0,0.0,10584.0,-0.429457,0.039947,MAR,HUN,6522
1220721,135,102,1047,2014.0,454606.0,1072924.0,0.031916,0.24264499999999997,MDA,HUN,6522
1220722,140,102,1047,2014.0,0.0,8588479.0,-0.216313,-0.214403,MKD,HUN,6522
1220723,162,102,1047,2014.0,2387049.0,64037.0,1.08881,1.320941,NLD,HUN,6522
1220724,163,102,1047,2014.0,1219.0,51604.0,0.678424,0.137871,NOR,HUN,6522
1220725,168,102,1047,2014.0,4439610.0,0.0,-0.595946,0.493716,PAK,HUN,6522
1220726,177,102,1047,2014.0,1339265.0,193431.0,1.1328690000000001,1.043185,POL,HUN,6522
1220727,179,102,1047,2014.0,587851.0,11501.0,0.763352,2.041559,PRT,HUN,6522
1220728,185,102,1047,2014.0,595412.0,8009776.0,1.0837940000000001,1.199571,ROU,HUN,6522
1220729,186,102,1047,2014.0,66721.0,142492.0,-0.006737000000000001,-0.172237,RUS,HUN,6522
1220730,188,102,1047,2014.0,0.0,31571.0,-0.188727,-0.8629459999999999,SAU,HUN,6522
1220731,192,102,1047,2014.0,0.0,2027.0,1.750361,0.63849,SGP,HUN,6522
1220732,201,102,1047,2014.0,0.0,64750.0,0.6017979999999999,1.328124,SRB,HUN,6522
1220733,206,102,1047,2014.0,1316252.0,1177806.0,1.525525,0.773486,SVK,HUN,6522
1220734,207,102,1047,2014.0,3387722.0,366262.0,1.554693,0.633504,SVN,HUN,6522
1220735,208,102,1047,2014.0,318858.0,112234.0,1.7256330000000002,0.395804,SWE,HUN,6522
1220736,216,102,1047,2014.0,3904.0,0.0,1.111392,1.3500370000000002,THA,HUN,6522
1220737,223,102,1047,2014.0,1170.0,348313.0,0.45973800000000004,0.9595459999999999,TUN,HUN,6522
1220738,224,102,1047,2014.0,21062882.0,482215.0,0.6641600000000001,2.091193,TUR,HUN,6522
1220739,228,102,1047,2014.0,12813.0,5441076.0,0.505369,1.07634,UKR,HUN,6522
1220740,231,102,1047,2014.0,39635.0,276558.0,1.569577,-0.293173,USA,HUN,6522
1220741,249,102,1047,2014.0,1762.0,1702.0,1.850481,1.081809,TWN,HUN,6522
1220742,7,103,1047,2014.0,0.0,4307702.0,-0.121018,-0.51841,ARE,IDN,6522
1220743,9,103,1047,2014.0,0.0,3927.0,-0.143991,-0.5265890000000001,ARM,IDN,6522
1220744,14,103,1047,2014.0,91702.0,870245.0,-0.587779,-0.29813,AUS,IDN,6522
1220745,15,103,1047,2014.0,426262.0,15729.0,1.782532,-0.84455,AUT,IDN,6522
1220746,18,103,1047,2014.0,81041.0,57063.0,1.182934,1.1967139999999998,BEL,IDN,6522
1220747,21,103,1047,2014.0,0.0,6087.0,-0.7933279999999999,-0.872791,BFA,IDN,6522
1220748,22,103,1047,2014.0,422032.0,11366406.0,-0.76547,-0.9645469999999999,BGD,IDN,6522
1220749,24,103,1047,2014.0,315111.0,16839.0,0.087173,-0.542374,BHR,IDN,6522
1220750,26,103,1047,2014.0,0.0,9326.0,0.737556,0.9815530000000001,BIH,IDN,6522
1220751,31,103,1047,2014.0,0.0,28801.0,-1.200516,-1.052286,BOL,IDN,6522
1220752,32,103,1047,2014.0,0.0,91753.0,0.23286700000000002,0.968366,BRA,IDN,6522
1220753,34,103,1047,2014.0,0.0,212575.0,-0.866534,-0.764166,BRN,IDN,6522
1220754,39,103,1047,2014.0,187862.0,4038838.0,0.6145430000000001,1.1815360000000001,CAN,IDN,6522
1220755,41,103,1047,2014.0,93765.0,152759.0,2.027022,0.780257,CHE,IDN,6522
1220756,42,103,1047,2014.0,0.0,21707.0,-0.196236,-0.162428,CHL,IDN,6522
1220757,43,103,1047,2014.0,522632864.0,7071890.0,1.316443,0.35039899999999996,CHN,IDN,6522
1220758,46,103,1047,2014.0,0.0,20971.0,-1.596912,-1.1239940000000002,COD,IDN,6522
1220759,49,103,1047,2014.0,0.0,141280.0,0.084348,-0.39008200000000004,COL,IDN,6522
1220760,58,103,1047,2014.0,0.0,3596.0,0.476854,0.572103,CYP,IDN,6522
1220761,59,103,1047,2014.0,0.0,8422.0,1.761204,-0.148263,CZE,IDN,6522
1220762,61,103,1047,2014.0,878786.0,1640218.0,2.106119,-3.225189,DEU,IDN,6522
1220763,64,103,1047,2014.0,3606.0,2337754.0,1.15411,1.160462,DNK,IDN,6522
1220764,65,103,1047,2014.0,0.0,63172.0,-0.076532,0.472746,DOM,IDN,6522
1220765,67,103,1047,2014.0,0.0,6064.0,-1.0520559999999999,-1.109638,ECU,IDN,6522
1220766,68,103,1047,2014.0,23111.0,712001.0,-0.036009,2.027503,EGY,IDN,6522
1220767,71,103,1047,2014.0,259473.0,434791.0,0.9574159999999999,1.787233,ESP,IDN,6522
1220768,72,103,1047,2014.0,0.0,85544.0,1.022704,1.175645,EST,IDN,6522
1220769,74,103,1047,2014.0,0.0,2075.0,1.591758,0.9737819999999999,FIN,IDN,6522
1220770,75,103,1047,2014.0,0.0,544458.0,-0.20919699999999997,0.095276,FJI,IDN,6522
1220771,77,103,1047,2014.0,114036.0,138645.0,1.432323,0.43023,FRA,IDN,6522
1220772,80,103,1047,2014.0,0.0,24296.0,-1.354381,-1.100019,GAB,IDN,6522
1220773,81,103,1047,2014.0,1026979.0,983182.0,1.542804,0.915499,GBR,IDN,6522
1220774,82,103,1047,2014.0,0.0,39541.0,-0.23090300000000002,-0.510401,GEO,IDN,6522
1220775,83,103,1047,2014.0,0.0,76252.0,-1.1140299999999999,-1.0711700000000002,GHA,IDN,6522
1220776,85,103,1047,2014.0,0.0,5530.0,-1.7494900000000002,-1.224512,GIN,IDN,6522
1220777,90,103,1047,2014.0,0.0,151828.0,0.064193,0.955633,GRC,IDN,6522
1220778,93,103,1047,2014.0,0.0,7706.0,-0.24762199999999998,0.536379,GTM,IDN,6522
1220779,97,103,1047,2014.0,103552168.0,2041359.0,0.9198440000000001,1.257131,HKG,IDN,6522
1220780,99,103,1047,2014.0,0.0,25001.0,-0.372433,0.036463,HND,IDN,6522
1220781,101,103,1047,2014.0,0.0,488319.0,-0.894977,-1.0674379999999999,HTI,IDN,6522
1220782,102,103,1047,2014.0,0.0,27339.0,1.713536,0.5681729999999999,HUN,IDN,6522
1220783,104,103,1047,2014.0,12862087.0,81458.0,0.236316,2.659173,IND,IDN,6522
1220784,107,103,1047,2014.0,12254.0,3244566.0,-0.47744899999999996,-0.429676,IRN,IDN,6522
1220785,111,103,1047,2014.0,4371312.0,2298974.0,1.476328,-0.293302,ITA,IDN,6522
1220786,113,103,1047,2014.0,0.0,68933.0,0.23508800000000002,0.47597,JOR,IDN,6522
1220787,114,103,1047,2014.0,9399474.0,12571489.0,2.297789,-0.58585,JPN,IDN,6522
1220788,118,103,1047,2014.0,411072.0,6965110.0,-0.5871430000000001,-0.7545850000000001,KHM,IDN,6522
1220789,119,103,1047,2014.0,0.0,24061.0,0.321741,-0.633105,KIR,IDN,6522
1220790,120,103,1047,2014.0,0.0,2890.0,0.731716,-0.341254,KNA,IDN,6522
1220791,121,103,1047,2014.0,46986796.0,1462624.0,1.9642650000000001,0.86425,KOR,IDN,6522
1220792,122,103,1047,2014.0,0.0,341300.0,-1.2601069999999999,-1.0929360000000001,KWT,IDN,6522
1220793,123,103,1047,2014.0,0.0,384089.0,-0.924599,-0.7456430000000001,LAO,IDN,6522
1220794,124,103,1047,2014.0,0.0,295427.0,0.32006799999999996,1.666039,LBN,IDN,6522
1220795,128,103,1047,2014.0,201781.0,2354851.0,-0.30641399999999996,0.29736799999999997,LKA,IDN,6522
1220796,130,103,1047,2014.0,0.0,33704.0,0.679488,1.558981,LTU,IDN,6522
1220797,132,103,1047,2014.0,0.0,2774.0,0.6501,1.35321,LVA,IDN,6522
1220798,133,103,1047,2014.0,1324289.0,59758.0,0.781301,0.522065,MAC,IDN,6522
1220799,134,103,1047,2014.0,59115.0,1416685.0,-0.429457,0.039947,MAR,IDN,6522
1220800,135,103,1047,2014.0,1099.0,1536.0,0.031916,0.24264499999999997,MDA,IDN,6522
1220801,136,103,1047,2014.0,0.0,4018.0,-0.690485,-0.5090020000000001,MDG,IDN,6522
1220802,137,103,1047,2014.0,0.0,88023.0,-0.6189939999999999,-0.880108,MDV,IDN,6522
1220803,138,103,1047,2014.0,17566.0,112709.0,1.292327,0.713879,MEX,IDN,6522
1220804,140,103,1047,2014.0,0.0,43819.0,-0.216313,-0.214403,MKD,IDN,6522
1220805,143,103,1047,2014.0,0.0,1446575.0,-1.350593,-1.1112229999999998,MMR,IDN,6522
1220806,144,103,1047,2014.0,0.0,103498.0,-0.007741,0.018085,MNE,IDN,6522
1220807,151,103,1047,2014.0,0.0,17153.0,-0.055786,-0.1488,MUS,IDN,6522
1220808,153,103,1047,2014.0,26577982.0,10840724.0,0.995226,0.7797810000000001,MYS,IDN,6522
1220809,155,103,1047,2014.0,0.0,90780.0,-0.5218020000000001,-0.502617,NAM,IDN,6522
1220810,156,103,1047,2014.0,0.0,1510.0,-0.201994,-0.723618,NCL,IDN,6522
1220811,159,103,1047,2014.0,0.0,19587.0,-1.9012419999999999,-1.229264,NGA,IDN,6522
1220812,162,103,1047,2014.0,200488.0,10551815.0,1.08881,1.320941,NLD,IDN,6522
1220813,163,103,1047,2014.0,5697.0,155099.0,0.678424,0.137871,NOR,IDN,6522
1220814,164,103,1047,2014.0,0.0,1357.0,-0.083094,0.349348,NPL,IDN,6522
1220815,166,103,1047,2014.0,50641.0,391277.0,0.123649,0.26129,NZL,IDN,6522
1220816,167,103,1047,2014.0,0.0,204742.0,-0.7307060000000001,-1.060975,OMN,IDN,6522
1220817,168,103,1047,2014.0,10592063.0,827904.0,-0.595946,0.493716,PAK,IDN,6522
1220818,169,103,1047,2014.0,0.0,42545.0,0.8997200000000001,0.9699139999999999,PAN,IDN,6522
1220819,173,103,1047,2014.0,0.0,22068.0,-0.617883,0.427092,PER,IDN,6522
1220820,174,103,1047,2014.0,5194.0,5215313.0,0.835601,0.589322,PHL,IDN,6522
1220821,176,103,1047,2014.0,0.0,41379.0,-1.564344,-1.165548,PNG,IDN,6522
1220822,177,103,1047,2014.0,0.0,62593.0,1.1328690000000001,1.043185,POL,IDN,6522
1220823,179,103,1047,2014.0,83842.0,3956.0,0.763352,2.041559,PRT,IDN,6522
1220824,180,103,1047,2014.0,0.0,117665.0,-0.612822,-0.8764139999999999,PRY,IDN,6522
1220825,182,103,1047,2014.0,0.0,7673.0,-0.187778,-0.7217060000000001,PYF,IDN,6522
1220826,183,103,1047,2014.0,0.0,60687.0,-0.5604899999999999,-0.989015,QAT,IDN,6522
1220827,185,103,1047,2014.0,11682.0,0.0,1.0837940000000001,1.199571,ROU,IDN,6522
1220828,186,103,1047,2014.0,0.0,35217.0,-0.006737000000000001,-0.172237,RUS,IDN,6522
1220829,188,103,1047,2014.0,0.0,696692.0,-0.188727,-0.8629459999999999,SAU,IDN,6522
1220830,190,103,1047,2014.0,0.0,59845.0,-1.473904,-1.154731,SDN,IDN,6522
1220831,191,103,1047,2014.0,0.0,119432.0,-0.509239,0.002353,SEN,IDN,6522
1220832,192,103,1047,2014.0,14013839.0,3549684.0,1.750361,0.63849,SGP,IDN,6522
1220833,195,103,1047,2014.0,0.0,1090.0,-0.990974,-0.930271,SLB,IDN,6522
1220834,197,103,1047,2014.0,0.0,9762.0,0.11639200000000001,0.368644,SLV,IDN,6522
1220835,199,103,1047,2014.0,0.0,13054.0,-1.295756,-1.0475940000000001,SOM,IDN,6522
1220836,201,103,1047,2014.0,0.0,17256.0,0.6017979999999999,1.328124,SRB,IDN,6522
1220837,206,103,1047,2014.0,0.0,1793.0,1.525525,0.773486,SVK,IDN,6522
1220838,207,103,1047,2014.0,42445.0,0.0,1.554693,0.633504,SVN,IDN,6522
1220839,208,103,1047,2014.0,0.0,117970.0,1.7256330000000002,0.395804,SWE,IDN,6522
1220840,211,103,1047,2014.0,0.0,2824.0,0.158898,-0.571933,SYC,IDN,6522
1220841,215,103,1047,2014.0,0.0,59763.0,-0.58937,-0.43368,TGO,IDN,6522
1220842,216,103,1047,2014.0,6435391.0,5420230.0,1.111392,1.3500370000000002,THA,IDN,6522
1220843,220,103,1047,2014.0,0.0,3947.0,-0.885545,-0.876229,TLS,IDN,6522
1220844,223,103,1047,2014.0,0.0,479122.0,0.45973800000000004,0.9595459999999999,TUN,IDN,6522
1220845,224,103,1047,2014.0,1338227.0,4144528.0,0.6641600000000001,2.091193,TUR,IDN,6522
1220846,228,103,1047,2014.0,0.0,130666.0,0.505369,1.07634,UKR,IDN,6522
1220847,230,103,1047,2014.0,0.0,24914.0,0.155247,-0.091751,URY,IDN,6522
1220848,231,103,1047,2014.0,287685.0,25577506.0,1.569577,-0.293173,USA,IDN,6522
1220849,239,103,1047,2014.0,4105141.0,12332204.0,0.135762,1.182052,VNM,IDN,6522
1220850,240,103,1047,2014.0,0.0,5756.0,-1.103645,-0.978606,VUT,IDN,6522
1220851,242,103,1047,2014.0,0.0,1348.0,0.576162,0.094416,WSM,IDN,6522
1220852,246,103,1047,2014.0,10107.0,619947.0,0.156414,1.873848,ZAF,IDN,6522
1220853,248,103,1047,2014.0,0.0,360760.0,-0.732781,-0.875713,ZWE,IDN,6522
1220854,249,103,1047,2014.0,19335336.0,624931.0,1.850481,1.081809,TWN,IDN,6522
1220855,1,104,1047,2014.0,0.0,537394.0,-0.9800639999999999,-0.8281790000000001,AFG,IND,6522
1220856,2,104,1047,2014.0,0.0,23866544.0,-1.547068,-1.121438,AGO,IND,6522
1220857,4,104,1047,2014.0,0.0,14695.0,-0.44000200000000006,-0.168443,ALB,IND,6522
1220858,7,104,1047,2014.0,1715189.0,111267616.0,-0.121018,-0.51841,ARE,IND,6522
1220859,8,104,1047,2014.0,0.0,1254292.0,-0.047848,0.48062,ARG,IND,6522
1220860,13,104,1047,2014.0,0.0,8139.0,0.048253,-0.618061,ATG,IND,6522
1220861,14,104,1047,2014.0,24599.0,4642952.0,-0.587779,-0.29813,AUS,IND,6522
1220862,15,104,1047,2014.0,389928.0,1602671.0,1.782532,-0.84455,AUT,IND,6522
1220863,17,104,1047,2014.0,0.0,177335.0,-0.13325599999999999,-0.853491,BDI,IND,6522
1220864,18,104,1047,2014.0,1071821.0,6231956.0,1.182934,1.1967139999999998,BEL,IND,6522
1220865,19,104,1047,2014.0,0.0,38817268.0,-0.461501,-0.7216819999999999,BEN,IND,6522
1220866,21,104,1047,2014.0,0.0,1110306.0,-0.7933279999999999,-0.872791,BFA,IND,6522
1220867,22,104,1047,2014.0,9873254.0,373692160.0,-0.76547,-0.9645469999999999,BGD,IND,6522
1220868,23,104,1047,2014.0,11848.0,1412013.0,0.611912,1.594597,BGR,IND,6522
1220869,24,104,1047,2014.0,0.0,809950.0,0.087173,-0.542374,BHR,IND,6522
1220870,26,104,1047,2014.0,0.0,195331.0,0.737556,0.9815530000000001,BIH,IND,6522
1220871,31,104,1047,2014.0,0.0,9228.0,-1.200516,-1.052286,BOL,IND,6522
1220872,32,104,1047,2014.0,12335.0,13823200.0,0.23286700000000002,0.968366,BRA,IND,6522
1220873,33,104,1047,2014.0,0.0,1389.0,0.45538500000000004,-0.126756,BRB,IND,6522
1220874,34,104,1047,2014.0,0.0,105886.0,-0.866534,-0.764166,BRN,IND,6522
1220875,37,104,1047,2014.0,0.0,51651.0,-0.7467630000000001,-1.1369690000000001,BWA,IND,6522
1220876,39,104,1047,2014.0,1519.0,7468132.0,0.6145430000000001,1.1815360000000001,CAN,IND,6522
1220877,41,104,1047,2014.0,1130203.0,3007186.0,2.027022,0.780257,CHE,IND,6522
1220878,42,104,1047,2014.0,0.0,1113947.0,-0.196236,-0.162428,CHL,IND,6522
1220879,43,104,1047,2014.0,133205072.0,10815079.0,1.316443,0.35039899999999996,CHN,IND,6522
1220880,44,104,1047,2014.0,0.0,1327473.0,-0.854784,-0.781877,CIV,IND,6522
1220881,45,104,1047,2014.0,0.0,1801345.0,-0.726413,-0.927583,CMR,IND,6522
1220882,46,104,1047,2014.0,0.0,11696822.0,-1.596912,-1.1239940000000002,COD,IND,6522
1220883,47,104,1047,2014.0,0.0,3376529.0,-1.359593,-1.101705,COG,IND,6522
1220884,49,104,1047,2014.0,0.0,26039002.0,0.084348,-0.39008200000000004,COL,IND,6522
1220885,50,104,1047,2014.0,0.0,1385810.0,0.21706399999999998,-0.6920810000000001,COM,IND,6522
1220886,52,104,1047,2014.0,0.0,73261.0,0.13936500000000002,-0.573277,CRI,IND,6522
1220887,55,104,1047,2014.0,10956.0,0.0,0.094776,-0.738603,CUW,IND,6522
1220888,58,104,1047,2014.0,0.0,40990.0,0.476854,0.572103,CYP,IND,6522
1220889,59,104,1047,2014.0,43632.0,4434716.0,1.761204,-0.148263,CZE,IND,6522
1220890,61,104,1047,2014.0,684938.0,15376554.0,2.106119,-3.225189,DEU,IND,6522
1220891,62,104,1047,2014.0,0.0,657462.0,-0.552959,-0.840274,DJI,IND,6522
1220892,63,104,1047,2014.0,0.0,31073.0,0.32613600000000004,-0.09935,DMA,IND,6522
1220893,64,104,1047,2014.0,1601.0,1057521.0,1.15411,1.160462,DNK,IND,6522
1220894,65,104,1047,2014.0,0.0,3976186.0,-0.076532,0.472746,DOM,IND,6522
1220895,66,104,1047,2014.0,0.0,3427433.0,-1.427966,-1.1216760000000001,DZA,IND,6522
1220896,67,104,1047,2014.0,0.0,1351301.0,-1.0520559999999999,-1.109638,ECU,IND,6522
1220897,68,104,1047,2014.0,96584.0,29852634.0,-0.036009,2.027503,EGY,IND,6522
1220898,69,104,1047,2014.0,0.0,89298.0,-1.8750509999999998,-1.1314790000000001,ERI,IND,6522
1220899,71,104,1047,2014.0,539213.0,3920625.0,0.9574159999999999,1.787233,ESP,IND,6522
1220900,72,104,1047,2014.0,0.0,48876.0,1.022704,1.175645,EST,IND,6522
1220901,73,104,1047,2014.0,0.0,91911.0,-1.147242,-0.986643,ETH,IND,6522
1220902,74,104,1047,2014.0,0.0,737411.0,1.591758,0.9737819999999999,FIN,IND,6522
1220903,75,104,1047,2014.0,4309.0,1021679.0,-0.20919699999999997,0.095276,FJI,IND,6522
1220904,77,104,1047,2014.0,689579.0,7038474.0,1.432323,0.43023,FRA,IND,6522
1220905,79,104,1047,2014.0,0.0,9269.0,-0.32612800000000003,-0.8335809999999999,FSM,IND,6522
1220906,80,104,1047,2014.0,0.0,2584870.0,-1.354381,-1.100019,GAB,IND,6522
1220907,81,104,1047,2014.0,610634.0,16458395.0,1.542804,0.915499,GBR,IND,6522
1220908,82,104,1047,2014.0,0.0,37376.0,-0.23090300000000002,-0.510401,GEO,IND,6522
1220909,83,104,1047,2014.0,0.0,10886731.0,-1.1140299999999999,-1.0711700000000002,GHA,IND,6522
1220910,85,104,1047,2014.0,0.0,2579462.0,-1.7494900000000002,-1.224512,GIN,IND,6522
1220911,87,104,1047,2014.0,0.0,15496915.0,-0.79725,-0.8249059999999999,GMB,IND,6522
1220912,90,104,1047,2014.0,0.0,686744.0,0.064193,0.955633,GRC,IND,6522
1220913,93,104,1047,2014.0,4852.0,15730961.0,-0.24762199999999998,0.536379,GTM,IND,6522
1220914,96,104,1047,2014.0,0.0,12429.0,-0.88674,-1.048691,GUY,IND,6522
1220915,97,104,1047,2014.0,10969987.0,13291700.0,0.9198440000000001,1.257131,HKG,IND,6522
1220916,99,104,1047,2014.0,0.0,681374.0,-0.372433,0.036463,HND,IND,6522
1220917,100,104,1047,2014.0,0.0,428767.0,0.8627809999999999,1.3475549999999998,HRV,IND,6522
1220918,102,104,1047,2014.0,3754.0,161022.0,1.713536,0.5681729999999999,HUN,IND,6522
1220919,103,104,1047,2014.0,81458.0,12862087.0,0.068135,1.672437,IDN,IND,6522
1220920,106,104,1047,2014.0,0.0,415316.0,1.3749790000000002,0.41131899999999993,IRL,IND,6522
1220921,107,104,1047,2014.0,0.0,306727.0,-0.47744899999999996,-0.429676,IRN,IND,6522
1220922,109,104,1047,2014.0,0.0,12985.0,0.130097,-0.313819,ISL,IND,6522
1220923,110,104,1047,2014.0,0.0,3250580.0,0.9753860000000001,0.810342,ISR,IND,6522
1220924,111,104,1047,2014.0,9314751.0,26195204.0,1.476328,-0.293302,ITA,IND,6522
1220925,112,104,1047,2014.0,0.0,118318.0,-0.390841,-0.804425,JAM,IND,6522
1220926,113,104,1047,2014.0,0.0,218968.0,0.23508800000000002,0.47597,JOR,IND,6522
1220927,114,104,1047,2014.0,1030601.0,5834715.0,2.297789,-0.58585,JPN,IND,6522
1220928,115,104,1047,2014.0,0.0,299777.0,-0.503438,-0.5477850000000001,KAZ,IND,6522
1220929,116,104,1047,2014.0,0.0,5711913.0,-0.411786,0.219875,KEN,IND,6522
1220930,117,104,1047,2014.0,0.0,34752.0,-0.11451099999999999,0.358754,KGZ,IND,6522
1220931,118,104,1047,2014.0,81370.0,8901276.0,-0.5871430000000001,-0.7545850000000001,KHM,IND,6522
1220932,119,104,1047,2014.0,0.0,18638.0,0.321741,-0.633105,KIR,IND,6522
1220933,121,104,1047,2014.0,2622941.0,7109034.0,1.9642650000000001,0.86425,KOR,IND,6522
1220934,122,104,1047,2014.0,0.0,3755247.0,-1.2601069999999999,-1.0929360000000001,KWT,IND,6522
1220935,123,104,1047,2014.0,0.0,1041470.0,-0.924599,-0.7456430000000001,LAO,IND,6522
1220936,124,104,1047,2014.0,2242.0,2438568.0,0.32006799999999996,1.666039,LBN,IND,6522
1220937,125,104,1047,2014.0,0.0,385404.0,-1.191134,-1.076719,LBR,IND,6522
1220938,126,104,1047,2014.0,0.0,1661.0,-1.539253,-1.159929,LBY,IND,6522
1220939,128,104,1047,2014.0,1922044.0,124755424.0,-0.30641399999999996,0.29736799999999997,LKA,IND,6522
1220940,129,104,1047,2014.0,0.0,11804683.0,-0.586123,-0.728193,LSO,IND,6522
1220941,130,104,1047,2014.0,3659.0,389312.0,0.679488,1.558981,LTU,IND,6522
1220942,132,104,1047,2014.0,0.0,294909.0,0.6501,1.35321,LVA,IND,6522
1220943,133,104,1047,2014.0,0.0,7246.0,0.781301,0.522065,MAC,IND,6522
1220944,134,104,1047,2014.0,1562.0,2114796.0,-0.429457,0.039947,MAR,IND,6522
1220945,135,104,1047,2014.0,0.0,2681.0,0.031916,0.24264499999999997,MDA,IND,6522
1220946,136,104,1047,2014.0,0.0,9234164.0,-0.690485,-0.5090020000000001,MDG,IND,6522
1220947,137,104,1047,2014.0,0.0,370813.0,-0.6189939999999999,-0.880108,MDV,IND,6522
1220948,138,104,1047,2014.0,33546.0,7462731.0,1.292327,0.713879,MEX,IND,6522
1220949,139,104,1047,2014.0,0.0,18498.0,-0.634134,-0.881969,MHL,IND,6522
1220950,140,104,1047,2014.0,0.0,225011.0,-0.216313,-0.214403,MKD,IND,6522
1220951,141,104,1047,2014.0,0.0,9864434.0,-1.027153,-1.0197370000000001,MLI,IND,6522
1220952,142,104,1047,2014.0,0.0,13591.0,0.8871379999999999,0.088535,MLT,IND,6522
1220953,143,104,1047,2014.0,0.0,5703462.0,-1.350593,-1.1112229999999998,MMR,IND,6522
1220954,144,104,1047,2014.0,0.0,75854.0,-0.007741,0.018085,MNE,IND,6522
1220955,147,104,1047,2014.0,0.0,44918528.0,-1.03106,-0.9325260000000001,MOZ,IND,6522
1220956,148,104,1047,2014.0,0.0,18880854.0,-1.425856,-1.213441,MRT,IND,6522
1220957,151,104,1047,2014.0,85889.0,5738794.0,-0.055786,-0.1488,MUS,IND,6522
1220958,152,104,1047,2014.0,0.0,328697.0,-0.457027,-0.588539,MWI,IND,6522
1220959,153,104,1047,2014.0,427078.0,7545907.0,0.995226,0.7797810000000001,MYS,IND,6522
1220960,155,104,1047,2014.0,0.0,15167.0,-0.5218020000000001,-0.502617,NAM,IND,6522
1220961,156,104,1047,2014.0,0.0,77305.0,-0.201994,-0.723618,NCL,IND,6522
1220962,157,104,1047,2014.0,0.0,3221042.0,-0.709151,-0.869426,NER,IND,6522
1220963,159,104,1047,2014.0,0.0,11395325.0,-1.9012419999999999,-1.229264,NGA,IND,6522
1220964,160,104,1047,2014.0,0.0,753890.0,-0.85321,-0.796656,NIC,IND,6522
1220965,162,104,1047,2014.0,580253.0,3286679.0,1.08881,1.320941,NLD,IND,6522
1220966,163,104,1047,2014.0,0.0,450538.0,0.678424,0.137871,NOR,IND,6522
1220967,164,104,1047,2014.0,0.0,9638007.0,-0.083094,0.349348,NPL,IND,6522
1220968,166,104,1047,2014.0,8974.0,753017.0,0.123649,0.26129,NZL,IND,6522
1220969,167,104,1047,2014.0,0.0,1472151.0,-0.7307060000000001,-1.060975,OMN,IND,6522
1220970,168,104,1047,2014.0,23406278.0,4214576.0,-0.595946,0.493716,PAK,IND,6522
1220971,169,104,1047,2014.0,0.0,659258.0,0.8997200000000001,0.9699139999999999,PAN,IND,6522
1220972,173,104,1047,2014.0,0.0,8731895.0,-0.617883,0.427092,PER,IND,6522
1220973,174,104,1047,2014.0,2698.0,2794228.0,0.835601,0.589322,PHL,IND,6522
1220974,176,104,1047,2014.0,0.0,219223.0,-1.564344,-1.165548,PNG,IND,6522
1220975,177,104,1047,2014.0,0.0,1635299.0,1.1328690000000001,1.043185,POL,IND,6522
1220976,178,104,1047,2014.0,11602.0,171269.0,-0.11844400000000001,0.067508,PRK,IND,6522
1220977,179,104,1047,2014.0,172345.0,4797934.0,0.763352,2.041559,PRT,IND,6522
1220978,180,104,1047,2014.0,0.0,414213.0,-0.612822,-0.8764139999999999,PRY,IND,6522
1220979,182,104,1047,2014.0,0.0,3681.0,-0.187778,-0.7217060000000001,PYF,IND,6522
1220980,183,104,1047,2014.0,0.0,1323856.0,-0.5604899999999999,-0.989015,QAT,IND,6522
1220981,185,104,1047,2014.0,1364.0,2466256.0,1.0837940000000001,1.199571,ROU,IND,6522
1220982,186,104,1047,2014.0,12288.0,1685364.0,-0.006737000000000001,-0.172237,RUS,IND,6522
1220983,187,104,1047,2014.0,0.0,326775.0,-0.475152,-0.390083,RWA,IND,6522
1220984,188,104,1047,2014.0,0.0,12567758.0,-0.188727,-0.8629459999999999,SAU,IND,6522
1220985,190,104,1047,2014.0,0.0,21349818.0,-1.473904,-1.154731,SDN,IND,6522
1220986,191,104,1047,2014.0,0.0,53913656.0,-0.509239,0.002353,SEN,IND,6522
1220987,192,104,1047,2014.0,388923.0,4974688.0,1.750361,0.63849,SGP,IND,6522
1220988,196,104,1047,2014.0,0.0,1148003.0,-0.718496,-0.750311,SLE,IND,6522
1220989,197,104,1047,2014.0,0.0,371569.0,0.11639200000000001,0.368644,SLV,IND,6522
1220990,199,104,1047,2014.0,0.0,5688.0,-1.295756,-1.0475940000000001,SOM,IND,6522
1220991,201,104,1047,2014.0,0.0,180204.0,0.6017979999999999,1.328124,SRB,IND,6522
1220992,205,104,1047,2014.0,0.0,200616.0,-0.278229,-0.9962840000000001,SUR,IND,6522
1220993,206,104,1047,2014.0,0.0,101246.0,1.525525,0.773486,SVK,IND,6522
1220994,207,104,1047,2014.0,37396.0,1637171.0,1.554693,0.633504,SVN,IND,6522
1220995,208,104,1047,2014.0,0.0,1722458.0,1.7256330000000002,0.395804,SWE,IND,6522
1220996,209,104,1047,2014.0,0.0,112047.0,0.383407,-0.064228,SWZ,IND,6522
1220997,211,104,1047,2014.0,0.0,87091.0,0.158898,-0.571933,SYC,IND,6522
1220998,212,104,1047,2014.0,0.0,9128.0,-0.22825,0.803708,SYR,IND,6522
1220999,214,104,1047,2014.0,0.0,182262.0,-2.592004,-1.008548,TCD,IND,6522
1221000,215,104,1047,2014.0,0.0,99207688.0,-0.58937,-0.43368,TGO,IND,6522
1221001,216,104,1047,2014.0,825175.0,9437886.0,1.111392,1.3500370000000002,THA,IND,6522
1221002,219,104,1047,2014.0,0.0,1015.0,-0.961465,-1.1428559999999999,TKM,IND,6522
1221003,222,104,1047,2014.0,0.0,396444.0,-0.582991,-1.055078,TTO,IND,6522
1221004,223,104,1047,2014.0,175036.0,2095272.0,0.45973800000000004,0.9595459999999999,TUN,IND,6522
1221005,224,104,1047,2014.0,2538692.0,24493866.0,0.6641600000000001,2.091193,TUR,IND,6522
1221006,226,104,1047,2014.0,0.0,10047197.0,-0.909005,0.511175,TZA,IND,6522
1221007,227,104,1047,2014.0,0.0,563163.0,-0.505738,0.49837200000000004,UGA,IND,6522
1221008,228,104,1047,2014.0,0.0,80708.0,0.505369,1.07634,UKR,IND,6522
1221009,230,104,1047,2014.0,0.0,235093.0,0.155247,-0.091751,URY,IND,6522
1221010,231,104,1047,2014.0,491775.0,30102420.0,1.569577,-0.293173,USA,IND,6522
1221011,232,104,1047,2014.0,0.0,1453016.0,-0.422387,-0.44193599999999994,UZB,IND,6522
1221012,236,104,1047,2014.0,0.0,10565404.0,-1.1668459999999998,-1.134262,VEN,IND,6522
1221013,239,104,1047,2014.0,2278950.0,20963082.0,0.135762,1.182052,VNM,IND,6522
1221014,243,104,1047,2014.0,0.0,7476006.0,-1.178492,-1.2530629999999998,YEM,IND,6522
1221015,246,104,1047,2014.0,13153.0,10530255.0,0.156414,1.873848,ZAF,IND,6522
1221016,247,104,1047,2014.0,0.0,1792136.0,-0.506171,-0.680445,ZMB,IND,6522
1221017,248,104,1047,2014.0,0.0,587257.0,-0.732781,-0.875713,ZWE,IND,6522
1221018,249,104,1047,2014.0,4179868.0,202410.0,1.850481,1.081809,TWN,IND,6522
1221019,250,104,1047,2014.0,34292.0,0.0,0.426964,0.138883,ANS,IND,6522
1221020,7,106,1047,2014.0,0.0,1163.0,-0.121018,-0.51841,ARE,IRL,6522
1221021,18,106,1047,2014.0,158108.0,61208.0,1.182934,1.1967139999999998,BEL,IRL,6522
1221022,39,106,1047,2014.0,8429.0,2164.0,0.6145430000000001,1.1815360000000001,CAN,IRL,6522
1221023,41,106,1047,2014.0,3762.0,0.0,2.027022,0.780257,CHE,IRL,6522
1221024,43,106,1047,2014.0,624909.0,0.0,1.316443,0.35039899999999996,CHN,IRL,6522
1221025,59,106,1047,2014.0,192736.0,2189.0,1.761204,-0.148263,CZE,IRL,6522
1221026,61,106,1047,2014.0,287367.0,10190.0,2.106119,-3.225189,DEU,IRL,6522
1221027,64,106,1047,2014.0,113953.0,4587.0,1.15411,1.160462,DNK,IRL,6522
1221028,68,106,1047,2014.0,11854.0,0.0,-0.036009,2.027503,EGY,IRL,6522
1221029,71,106,1047,2014.0,308514.0,29763.0,0.9574159999999999,1.787233,ESP,IRL,6522
1221030,73,106,1047,2014.0,0.0,5662.0,-1.147242,-0.986643,ETH,IRL,6522
1221031,77,106,1047,2014.0,130184.0,25337.0,1.432323,0.43023,FRA,IRL,6522
1221032,81,106,1047,2014.0,7381452.0,1406232.0,1.542804,0.915499,GBR,IRL,6522
1221033,90,106,1047,2014.0,2890.0,1055.0,0.064193,0.955633,GRC,IRL,6522
1221034,97,106,1047,2014.0,1008.0,0.0,0.9198440000000001,1.257131,HKG,IRL,6522
1221035,102,106,1047,2014.0,0.0,15655.0,1.713536,0.5681729999999999,HUN,IRL,6522
1221036,104,106,1047,2014.0,415316.0,0.0,0.236316,2.659173,IND,IRL,6522
1221037,110,106,1047,2014.0,1670.0,0.0,0.9753860000000001,0.810342,ISR,IRL,6522
1221038,111,106,1047,2014.0,391555.0,20025.0,1.476328,-0.293302,ITA,IRL,6522
1221039,121,106,1047,2014.0,8746.0,0.0,1.9642650000000001,0.86425,KOR,IRL,6522
1221040,122,106,1047,2014.0,0.0,3983.0,-1.2601069999999999,-1.0929360000000001,KWT,IRL,6522
1221041,130,106,1047,2014.0,12068.0,4754.0,0.679488,1.558981,LTU,IRL,6522
1221042,132,106,1047,2014.0,3474.0,110540.0,0.6501,1.35321,LVA,IRL,6522
1221043,134,106,1047,2014.0,0.0,6181.0,-0.429457,0.039947,MAR,IRL,6522
1221044,153,106,1047,2014.0,1449.0,0.0,0.995226,0.7797810000000001,MYS,IRL,6522
1221045,162,106,1047,2014.0,272362.0,2520.0,1.08881,1.320941,NLD,IRL,6522
1221046,163,106,1047,2014.0,0.0,1034.0,0.678424,0.137871,NOR,IRL,6522
1221047,166,106,1047,2014.0,0.0,8616.0,0.123649,0.26129,NZL,IRL,6522
1221048,168,106,1047,2014.0,1200811.0,4276.0,-0.595946,0.493716,PAK,IRL,6522
1221049,177,106,1047,2014.0,33271.0,8737.0,1.1328690000000001,1.043185,POL,IRL,6522
1221050,179,106,1047,2014.0,26698.0,63969.0,0.763352,2.041559,PRT,IRL,6522
1221051,183,106,1047,2014.0,0.0,37586.0,-0.5604899999999999,-0.989015,QAT,IRL,6522
1221052,185,106,1047,2014.0,0.0,118133.0,1.0837940000000001,1.199571,ROU,IRL,6522
1221053,192,106,1047,2014.0,0.0,1022.0,1.750361,0.63849,SGP,IRL,6522
1221054,208,106,1047,2014.0,11881.0,3854.0,1.7256330000000002,0.395804,SWE,IRL,6522
1221055,216,106,1047,2014.0,1563.0,0.0,1.111392,1.3500370000000002,THA,IRL,6522
1221056,224,106,1047,2014.0,141689.0,0.0,0.6641600000000001,2.091193,TUR,IRL,6522
1221057,231,106,1047,2014.0,53782.0,78042.0,1.569577,-0.293173,USA,IRL,6522
1221058,239,106,1047,2014.0,0.0,363018.0,0.135762,1.182052,VNM,IRL,6522
1221059,249,106,1047,2014.0,2324.0,0.0,1.850481,1.081809,TWN,IRL,6522
1221060,250,106,1047,2014.0,82571.0,0.0,0.426964,0.138883,ANS,IRL,6522
1221061,15,110,1047,2014.0,0.0,2104.0,1.782532,-0.84455,AUT,ISR,6522
1221062,18,110,1047,2014.0,201527.0,6141014.0,1.182934,1.1967139999999998,BEL,ISR,6522
1221063,23,110,1047,2014.0,145279.0,51138.0,0.611912,1.594597,BGR,ISR,6522
1221064,39,110,1047,2014.0,200398.0,323025.0,0.6145430000000001,1.1815360000000001,CAN,ISR,6522
1221065,41,110,1047,2014.0,3047.0,15066.0,2.027022,0.780257,CHE,ISR,6522
1221066,42,110,1047,2014.0,0.0,29083.0,-0.196236,-0.162428,CHL,ISR,6522
1221067,43,110,1047,2014.0,13718797.0,40781.0,1.316443,0.35039899999999996,CHN,ISR,6522
1221068,58,110,1047,2014.0,89679.0,0.0,0.476854,0.572103,CYP,ISR,6522
1221069,59,110,1047,2014.0,6695.0,132201.0,1.761204,-0.148263,CZE,ISR,6522
1221070,61,110,1047,2014.0,463396.0,292265.0,2.106119,-3.225189,DEU,ISR,6522
1221071,68,110,1047,2014.0,451714.0,12315779.0,-0.036009,2.027503,EGY,ISR,6522
1221072,71,110,1047,2014.0,904418.0,15630.0,0.9574159999999999,1.787233,ESP,ISR,6522
1221073,72,110,1047,2014.0,0.0,830704.0,1.022704,1.175645,EST,ISR,6522
1221074,74,110,1047,2014.0,1067.0,2041156.0,1.591758,0.9737819999999999,FIN,ISR,6522
1221075,77,110,1047,2014.0,106283.0,827658.0,1.432323,0.43023,FRA,ISR,6522
1221076,81,110,1047,2014.0,816798.0,129972.0,1.542804,0.915499,GBR,ISR,6522
1221077,90,110,1047,2014.0,22266.0,2075261.0,0.064193,0.955633,GRC,ISR,6522
1221078,97,110,1047,2014.0,1032691.0,1974.0,0.9198440000000001,1.257131,HKG,ISR,6522
1221079,100,110,1047,2014.0,0.0,124518.0,0.8627809999999999,1.3475549999999998,HRV,ISR,6522
1221080,102,110,1047,2014.0,40364.0,550442.0,1.713536,0.5681729999999999,HUN,ISR,6522
1221081,104,110,1047,2014.0,3250580.0,0.0,0.236316,2.659173,IND,ISR,6522
1221082,106,110,1047,2014.0,0.0,1670.0,1.3749790000000002,0.41131899999999993,IRL,ISR,6522
1221083,109,110,1047,2014.0,5067.0,0.0,0.130097,-0.313819,ISL,ISR,6522
1221084,111,110,1047,2014.0,2398797.0,6896.0,1.476328,-0.293302,ITA,ISR,6522
1221085,113,110,1047,2014.0,15469.0,156129.0,0.23508800000000002,0.47597,JOR,ISR,6522
1221086,114,110,1047,2014.0,50231.0,0.0,2.297789,-0.58585,JPN,ISR,6522
1221087,121,110,1047,2014.0,140264.0,0.0,1.9642650000000001,0.86425,KOR,ISR,6522
1221088,130,110,1047,2014.0,0.0,175381.0,0.679488,1.558981,LTU,ISR,6522
1221089,138,110,1047,2014.0,0.0,3808975.0,1.292327,0.713879,MEX,ISR,6522
1221090,151,110,1047,2014.0,266183.0,10552.0,-0.055786,-0.1488,MUS,ISR,6522
1221091,162,110,1047,2014.0,372085.0,0.0,1.08881,1.320941,NLD,ISR,6522
1221092,163,110,1047,2014.0,8721.0,0.0,0.678424,0.137871,NOR,ISR,6522
1221093,177,110,1047,2014.0,6527.0,58296.0,1.1328690000000001,1.043185,POL,ISR,6522
1221094,181,110,1047,2014.0,396383.0,163478.0,0.129971,0.775546,PSE,ISR,6522
1221095,185,110,1047,2014.0,0.0,66444.0,1.0837940000000001,1.199571,ROU,ISR,6522
1221096,186,110,1047,2014.0,0.0,71447.0,-0.006737000000000001,-0.172237,RUS,ISR,6522
1221097,192,110,1047,2014.0,0.0,32140.0,1.750361,0.63849,SGP,ISR,6522
1221098,201,110,1047,2014.0,0.0,27353.0,0.6017979999999999,1.328124,SRB,ISR,6522
1221099,206,110,1047,2014.0,0.0,28474.0,1.525525,0.773486,SVK,ISR,6522
1221100,207,110,1047,2014.0,0.0,57328.0,1.554693,0.633504,SVN,ISR,6522
1221101,208,110,1047,2014.0,1375.0,0.0,1.7256330000000002,0.395804,SWE,ISR,6522
1221102,216,110,1047,2014.0,159091.0,3438.0,1.111392,1.3500370000000002,THA,ISR,6522
1221103,224,110,1047,2014.0,3825976.0,192907.0,0.6641600000000001,2.091193,TUR,ISR,6522
1221104,230,110,1047,2014.0,0.0,1473.0,0.155247,-0.091751,URY,ISR,6522
1221105,231,110,1047,2014.0,3542936.0,1751180.0,1.569577,-0.293173,USA,ISR,6522
1221106,246,110,1047,2014.0,8746.0,0.0,0.156414,1.873848,ZAF,ISR,6522
1221107,249,110,1047,2014.0,92159.0,498892.0,1.850481,1.081809,TWN,ISR,6522
1221108,0,111,1047,2014.0,0.0,5426.0,0.279562,-0.371938,ABW,ITA,6522
1221109,4,111,1047,2014.0,205900.0,31600642.0,-0.44000200000000006,-0.168443,ALB,ITA,6522
1221110,5,111,1047,2014.0,0.0,4517.0,0.512367,-0.438594,AND,ITA,6522
1221111,7,111,1047,2014.0,63178.0,5982219.0,-0.121018,-0.51841,ARE,ITA,6522
1221112,8,111,1047,2014.0,0.0,1009016.0,-0.047848,0.48062,ARG,ITA,6522
1221113,9,111,1047,2014.0,0.0,749996.0,-0.143991,-0.5265890000000001,ARM,ITA,6522
1221114,14,111,1047,2014.0,6832.0,2995524.0,-0.587779,-0.29813,AUS,ITA,6522
1221115,15,111,1047,2014.0,6503320.0,10485867.0,1.782532,-0.84455,AUT,ITA,6522
1221116,16,111,1047,2014.0,0.0,108641.0,-1.230795,-1.237163,AZE,ITA,6522
1221117,18,111,1047,2014.0,10271879.0,19469052.0,1.182934,1.1967139999999998,BEL,ITA,6522
1221118,21,111,1047,2014.0,65530.0,65933.0,-0.7933279999999999,-0.872791,BFA,ITA,6522
1221119,22,111,1047,2014.0,168756.0,4838577.0,-0.76547,-0.9645469999999999,BGD,ITA,6522
1221120,23,111,1047,2014.0,2265161.0,39523596.0,0.611912,1.594597,BGR,ITA,6522
1221121,24,111,1047,2014.0,0.0,280770.0,0.087173,-0.542374,BHR,ITA,6522
1221122,26,111,1047,2014.0,25483.0,6107942.0,0.737556,0.9815530000000001,BIH,ITA,6522
1221123,28,111,1047,2014.0,42566.0,530875.0,0.929114,0.7313069999999999,BLR,ITA,6522
1221124,31,111,1047,2014.0,0.0,7894.0,-1.200516,-1.052286,BOL,ITA,6522
1221125,32,111,1047,2014.0,132653.0,2021302.0,0.23286700000000002,0.968366,BRA,ITA,6522
1221126,33,111,1047,2014.0,0.0,14139.0,0.45538500000000004,-0.126756,BRB,ITA,6522
1221127,34,111,1047,2014.0,0.0,7914.0,-0.866534,-0.764166,BRN,ITA,6522
1221128,39,111,1047,2014.0,84834.0,6439408.0,0.6145430000000001,1.1815360000000001,CAN,ITA,6522
1221129,41,111,1047,2014.0,9757323.0,27153626.0,2.027022,0.780257,CHE,ITA,6522
1221130,42,111,1047,2014.0,0.0,316820.0,-0.196236,-0.162428,CHL,ITA,6522
1221131,43,111,1047,2014.0,125085760.0,47799124.0,1.316443,0.35039899999999996,CHN,ITA,6522
1221132,44,111,1047,2014.0,0.0,126436.0,-0.854784,-0.781877,CIV,ITA,6522
1221133,46,111,1047,2014.0,0.0,51220.0,-1.596912,-1.1239940000000002,COD,ITA,6522
1221134,47,111,1047,2014.0,0.0,16217.0,-1.359593,-1.101705,COG,ITA,6522
1221135,49,111,1047,2014.0,11957.0,5409424.0,0.084348,-0.39008200000000004,COL,ITA,6522
1221136,51,111,1047,2014.0,0.0,64673.0,-0.287482,-0.719359,CPV,ITA,6522
1221137,52,111,1047,2014.0,0.0,9404.0,0.13936500000000002,-0.573277,CRI,ITA,6522
1221138,54,111,1047,2014.0,0.0,284116.0,-0.5320560000000001,-0.941575,CUB,ITA,6522
1221139,58,111,1047,2014.0,33158.0,208960.0,0.476854,0.572103,CYP,ITA,6522
1221140,59,111,1047,2014.0,49315736.0,4701518.0,1.761204,-0.148263,CZE,ITA,6522
1221141,61,111,1047,2014.0,19970218.0,148358544.0,2.106119,-3.225189,DEU,ITA,6522
1221142,64,111,1047,2014.0,1652201.0,2624150.0,1.15411,1.160462,DNK,ITA,6522
1221143,65,111,1047,2014.0,0.0,4459640.0,-0.076532,0.472746,DOM,ITA,6522
1221144,66,111,1047,2014.0,0.0,156248.0,-1.427966,-1.1216760000000001,DZA,ITA,6522
1221145,67,111,1047,2014.0,0.0,34901.0,-1.0520559999999999,-1.109638,ECU,ITA,6522
1221146,68,111,1047,2014.0,43731872.0,14463768.0,-0.036009,2.027503,EGY,ITA,6522
1221147,69,111,1047,2014.0,0.0,152300.0,-1.8750509999999998,-1.1314790000000001,ERI,ITA,6522
1221148,71,111,1047,2014.0,71066168.0,81403592.0,0.9574159999999999,1.787233,ESP,ITA,6522
1221149,72,111,1047,2014.0,3045.0,3142700.0,1.022704,1.175645,EST,ITA,6522
1221150,73,111,1047,2014.0,1302130.0,110179.0,-1.147242,-0.986643,ETH,ITA,6522
1221151,74,111,1047,2014.0,8698.0,2387470.0,1.591758,0.9737819999999999,FIN,ITA,6522
1221152,75,111,1047,2014.0,0.0,162607.0,-0.20919699999999997,0.095276,FJI,ITA,6522
1221153,77,111,1047,2014.0,17193856.0,104589192.0,1.432323,0.43023,FRA,ITA,6522
1221154,81,111,1047,2014.0,15363139.0,57356432.0,1.542804,0.915499,GBR,ITA,6522
1221155,82,111,1047,2014.0,0.0,197965.0,-0.23090300000000002,-0.510401,GEO,ITA,6522
1221156,83,111,1047,2014.0,0.0,6952.0,-1.1140299999999999,-1.0711700000000002,GHA,ITA,6522
1221157,89,111,1047,2014.0,0.0,6642.0,-2.26689,-0.896274,GNQ,ITA,6522
1221158,90,111,1047,2014.0,174313.0,11572644.0,0.064193,0.955633,GRC,ITA,6522
1221159,93,111,1047,2014.0,0.0,54837.0,-0.24762199999999998,0.536379,GTM,ITA,6522
1221160,97,111,1047,2014.0,1395498.0,56922712.0,0.9198440000000001,1.257131,HKG,ITA,6522
1221161,99,111,1047,2014.0,1289.0,218780.0,-0.372433,0.036463,HND,ITA,6522
1221162,100,111,1047,2014.0,23672.0,4846993.0,0.8627809999999999,1.3475549999999998,HRV,ITA,6522
1221163,102,111,1047,2014.0,3508118.0,14305056.0,1.713536,0.5681729999999999,HUN,ITA,6522
1221164,103,111,1047,2014.0,2298974.0,4371312.0,0.068135,1.672437,IDN,ITA,6522
1221165,104,111,1047,2014.0,26195204.0,9314751.0,0.236316,2.659173,IND,ITA,6522
1221166,106,111,1047,2014.0,20025.0,391555.0,1.3749790000000002,0.41131899999999993,IRL,ITA,6522
1221167,107,111,1047,2014.0,7573.0,105602.0,-0.47744899999999996,-0.429676,IRN,ITA,6522
1221168,108,111,1047,2014.0,0.0,9069.0,-3.04704,-0.9082290000000001,IRQ,ITA,6522
1221169,109,111,1047,2014.0,0.0,43893.0,0.130097,-0.313819,ISL,ITA,6522
1221170,110,111,1047,2014.0,6896.0,2398797.0,0.9753860000000001,0.810342,ISR,ITA,6522
1221171,113,111,1047,2014.0,0.0,163362.0,0.23508800000000002,0.47597,JOR,ITA,6522
1221172,114,111,1047,2014.0,14376532.0,27624994.0,2.297789,-0.58585,JPN,ITA,6522
1221173,115,111,1047,2014.0,0.0,244545.0,-0.503438,-0.5477850000000001,KAZ,ITA,6522
1221174,116,111,1047,2014.0,2697.0,13348.0,-0.411786,0.219875,KEN,ITA,6522
1221175,118,111,1047,2014.0,0.0,531745.0,-0.5871430000000001,-0.7545850000000001,KHM,ITA,6522
1221176,121,111,1047,2014.0,1027966.0,14657240.0,1.9642650000000001,0.86425,KOR,ITA,6522
1221177,122,111,1047,2014.0,7687.0,1226894.0,-1.2601069999999999,-1.0929360000000001,KWT,ITA,6522
1221178,123,111,1047,2014.0,0.0,266757.0,-0.924599,-0.7456430000000001,LAO,ITA,6522
1221179,124,111,1047,2014.0,5547.0,1928820.0,0.32006799999999996,1.666039,LBN,ITA,6522
1221180,126,111,1047,2014.0,0.0,44057.0,-1.539253,-1.159929,LBY,ITA,6522
1221181,128,111,1047,2014.0,41087.0,2177997.0,-0.30641399999999996,0.29736799999999997,LKA,ITA,6522
1221182,130,111,1047,2014.0,115413.0,8240358.0,0.679488,1.558981,LTU,ITA,6522
1221183,131,111,1047,2014.0,6539.0,59581.0,1.093816,1.270669,LUX,ITA,6522
1221184,132,111,1047,2014.0,9901.0,1995347.0,0.6501,1.35321,LVA,ITA,6522
1221185,133,111,1047,2014.0,0.0,95283.0,0.781301,0.522065,MAC,ITA,6522
1221186,134,111,1047,2014.0,874919.0,62170096.0,-0.429457,0.039947,MAR,ITA,6522
1221187,135,111,1047,2014.0,2215806.0,9392219.0,0.031916,0.24264499999999997,MDA,ITA,6522
1221188,136,111,1047,2014.0,1048.0,751769.0,-0.690485,-0.5090020000000001,MDG,ITA,6522
1221189,137,111,1047,2014.0,0.0,4662.0,-0.6189939999999999,-0.880108,MDV,ITA,6522
1221190,138,111,1047,2014.0,26411.0,10283316.0,1.292327,0.713879,MEX,ITA,6522
1221191,140,111,1047,2014.0,55795.0,9090868.0,-0.216313,-0.214403,MKD,ITA,6522
1221192,141,111,1047,2014.0,0.0,38108.0,-1.027153,-1.0197370000000001,MLI,ITA,6522
1221193,142,111,1047,2014.0,0.0,1210998.0,0.8871379999999999,0.088535,MLT,ITA,6522
1221194,143,111,1047,2014.0,0.0,519931.0,-1.350593,-1.1112229999999998,MMR,ITA,6522
1221195,144,111,1047,2014.0,10415.0,543966.0,-0.007741,0.018085,MNE,ITA,6522
1221196,145,111,1047,2014.0,0.0,1339.0,-1.368502,-1.17111,MNG,ITA,6522
1221197,147,111,1047,2014.0,0.0,6314.0,-1.03106,-0.9325260000000001,MOZ,ITA,6522
1221198,148,111,1047,2014.0,0.0,31679.0,-1.425856,-1.213441,MRT,ITA,6522
1221199,151,111,1047,2014.0,2009125.0,1927544.0,-0.055786,-0.1488,MUS,ITA,6522
1221200,153,111,1047,2014.0,20209.0,4705244.0,0.995226,0.7797810000000001,MYS,ITA,6522
1221201,156,111,1047,2014.0,1809.0,1117.0,-0.201994,-0.723618,NCL,ITA,6522
1221202,157,111,1047,2014.0,0.0,1488.0,-0.709151,-0.869426,NER,ITA,6522
1221203,159,111,1047,2014.0,0.0,586740.0,-1.9012419999999999,-1.229264,NGA,ITA,6522
1221204,162,111,1047,2014.0,8964796.0,11870383.0,1.08881,1.320941,NLD,ITA,6522
1221205,163,111,1047,2014.0,9058.0,414354.0,0.678424,0.137871,NOR,ITA,6522
1221206,164,111,1047,2014.0,0.0,21570.0,-0.083094,0.349348,NPL,ITA,6522
1221207,166,111,1047,2014.0,1007.0,684062.0,0.123649,0.26129,NZL,ITA,6522
1221208,167,111,1047,2014.0,0.0,51942.0,-0.7307060000000001,-1.060975,OMN,ITA,6522
1221209,168,111,1047,2014.0,68563184.0,1672459.0,-0.595946,0.493716,PAK,ITA,6522
1221210,169,111,1047,2014.0,0.0,74848.0,0.8997200000000001,0.9699139999999999,PAN,ITA,6522
1221211,173,111,1047,2014.0,75644.0,410997.0,-0.617883,0.427092,PER,ITA,6522
1221212,174,111,1047,2014.0,10639.0,1440521.0,0.835601,0.589322,PHL,ITA,6522
1221213,177,111,1047,2014.0,2723772.0,45349836.0,1.1328690000000001,1.043185,POL,ITA,6522
1221214,179,111,1047,2014.0,11404373.0,61329092.0,0.763352,2.041559,PRT,ITA,6522
1221215,180,111,1047,2014.0,0.0,11078.0,-0.612822,-0.8764139999999999,PRY,ITA,6522
1221216,181,111,1047,2014.0,0.0,5169.0,0.129971,0.775546,PSE,ITA,6522
1221217,182,111,1047,2014.0,0.0,8766.0,-0.187778,-0.7217060000000001,PYF,ITA,6522
1221218,183,111,1047,2014.0,20636.0,1011409.0,-0.5604899999999999,-0.989015,QAT,ITA,6522
1221219,185,111,1047,2014.0,7442078.0,165236752.0,1.0837940000000001,1.199571,ROU,ITA,6522
1221220,186,111,1047,2014.0,49385.0,14454767.0,-0.006737000000000001,-0.172237,RUS,ITA,6522
1221221,188,111,1047,2014.0,13857.0,3153024.0,-0.188727,-0.8629459999999999,SAU,ITA,6522
1221222,190,111,1047,2014.0,0.0,183493.0,-1.473904,-1.154731,SDN,ITA,6522
1221223,191,111,1047,2014.0,7762.0,1129828.0,-0.509239,0.002353,SEN,ITA,6522
1221224,192,111,1047,2014.0,1341.0,1648400.0,1.750361,0.63849,SGP,ITA,6522
1221225,197,111,1047,2014.0,0.0,6011.0,0.11639200000000001,0.368644,SLV,ITA,6522
1221226,201,111,1047,2014.0,190155.0,6698564.0,0.6017979999999999,1.328124,SRB,ITA,6522
1221227,206,111,1047,2014.0,1084922.0,7738868.0,1.525525,0.773486,SVK,ITA,6522
1221228,207,111,1047,2014.0,978727.0,2279858.0,1.554693,0.633504,SVN,ITA,6522
1221229,208,111,1047,2014.0,155269.0,5170846.0,1.7256330000000002,0.395804,SWE,ITA,6522
1221230,210,111,1047,2014.0,0.0,3970.0,0.712322,-0.591598,SXM,ITA,6522
1221231,212,111,1047,2014.0,0.0,23985.0,-0.22825,0.803708,SYR,ITA,6522
1221232,216,111,1047,2014.0,1698315.0,4381416.0,1.111392,1.3500370000000002,THA,ITA,6522
1221233,217,111,1047,2014.0,1940.0,0.0,-0.9002680000000001,-1.05621,TJK,ITA,6522
1221234,219,111,1047,2014.0,237730.0,0.0,-0.961465,-1.1428559999999999,TKM,ITA,6522
1221235,223,111,1047,2014.0,12221918.0,135303664.0,0.45973800000000004,0.9595459999999999,TUN,ITA,6522
1221236,224,111,1047,2014.0,126142920.0,97592568.0,0.6641600000000001,2.091193,TUR,ITA,6522
1221237,226,111,1047,2014.0,179985.0,1268.0,-0.909005,0.511175,TZA,ITA,6522
1221238,227,111,1047,2014.0,0.0,16717.0,-0.505738,0.49837200000000004,UGA,ITA,6522
1221239,228,111,1047,2014.0,3694.0,4280538.0,0.505369,1.07634,UKR,ITA,6522
1221240,230,111,1047,2014.0,0.0,178323.0,0.155247,-0.091751,URY,ITA,6522
1221241,231,111,1047,2014.0,2739853.0,75843192.0,1.569577,-0.293173,USA,ITA,6522
1221242,232,111,1047,2014.0,157603.0,22714.0,-0.422387,-0.44193599999999994,UZB,ITA,6522
1221243,236,111,1047,2014.0,0.0,550874.0,-1.1668459999999998,-1.134262,VEN,ITA,6522
1221244,239,111,1047,2014.0,32254.0,8718447.0,0.135762,1.182052,VNM,ITA,6522
1221245,246,111,1047,2014.0,1438.0,717498.0,0.156414,1.873848,ZAF,ITA,6522
1221246,247,111,1047,2014.0,3052.0,0.0,-0.506171,-0.680445,ZMB,ITA,6522
1221247,249,111,1047,2014.0,618644.0,3087909.0,1.850481,1.081809,TWN,ITA,6522
1221248,250,111,1047,2014.0,0.0,185851.0,0.426964,0.138883,ANS,ITA,6522
1221249,32,112,1047,2014.0,10649.0,0.0,0.23286700000000002,0.968366,BRA,JAM,6522
1221250,43,112,1047,2014.0,1557018.0,0.0,1.316443,0.35039899999999996,CHN,JAM,6522
1221251,65,112,1047,2014.0,47106.0,0.0,-0.076532,0.472746,DOM,JAM,6522
1221252,71,112,1047,2014.0,52920.0,0.0,0.9574159999999999,1.787233,ESP,JAM,6522
1221253,81,112,1047,2014.0,40298.0,0.0,1.542804,0.915499,GBR,JAM,6522
1221254,96,112,1047,2014.0,0.0,11195.0,-0.88674,-1.048691,GUY,JAM,6522
1221255,104,112,1047,2014.0,118318.0,0.0,0.236316,2.659173,IND,JAM,6522
1221256,168,112,1047,2014.0,134308.0,0.0,-0.595946,0.493716,PAK,JAM,6522
1221257,169,112,1047,2014.0,15806.0,0.0,0.8997200000000001,0.9699139999999999,PAN,JAM,6522
1221258,173,112,1047,2014.0,6328.0,0.0,-0.617883,0.427092,PER,JAM,6522
1221259,205,112,1047,2014.0,0.0,71545.0,-0.278229,-0.9962840000000001,SUR,JAM,6522
1221260,216,112,1047,2014.0,2041.0,0.0,1.111392,1.3500370000000002,THA,JAM,6522
1221261,224,112,1047,2014.0,30701.0,0.0,0.6641600000000001,2.091193,TUR,JAM,6522
1221262,231,112,1047,2014.0,1111994.0,0.0,1.569577,-0.293173,USA,JAM,6522
1221263,7,113,1047,2014.0,1345597.0,60681.0,-0.121018,-0.51841,ARE,JOR,6522
1221264,18,113,1047,2014.0,76167.0,0.0,1.182934,1.1967139999999998,BEL,JOR,6522
1221265,24,113,1047,2014.0,0.0,3819.0,0.087173,-0.542374,BHR,JOR,6522
1221266,39,113,1047,2014.0,1615.0,0.0,0.6145430000000001,1.1815360000000001,CAN,JOR,6522
1221267,41,113,1047,2014.0,95700.0,0.0,2.027022,0.780257,CHE,JOR,6522
1221268,43,113,1047,2014.0,23233690.0,8776.0,1.316443,0.35039899999999996,CHN,JOR,6522
1221269,58,113,1047,2014.0,30048.0,0.0,0.476854,0.572103,CYP,JOR,6522
1221270,61,113,1047,2014.0,104664.0,0.0,2.106119,-3.225189,DEU,JOR,6522
1221271,68,113,1047,2014.0,916102.0,0.0,-0.036009,2.027503,EGY,JOR,6522
1221272,71,113,1047,2014.0,627243.0,0.0,0.9574159999999999,1.787233,ESP,JOR,6522
1221273,77,113,1047,2014.0,40385.0,0.0,1.432323,0.43023,FRA,JOR,6522
1221274,81,113,1047,2014.0,80465.0,0.0,1.542804,0.915499,GBR,JOR,6522
1221275,90,113,1047,2014.0,6656.0,0.0,0.064193,0.955633,GRC,JOR,6522
1221276,97,113,1047,2014.0,5504502.0,12633.0,0.9198440000000001,1.257131,HKG,JOR,6522
1221277,102,113,1047,2014.0,0.0,1698.0,1.713536,0.5681729999999999,HUN,JOR,6522
1221278,103,113,1047,2014.0,68933.0,0.0,0.068135,1.672437,IDN,JOR,6522
1221279,104,113,1047,2014.0,218968.0,0.0,0.236316,2.659173,IND,JOR,6522
1221280,107,113,1047,2014.0,10324.0,0.0,-0.47744899999999996,-0.429676,IRN,JOR,6522
1221281,110,113,1047,2014.0,156129.0,15469.0,0.9753860000000001,0.810342,ISR,JOR,6522
1221282,111,113,1047,2014.0,163362.0,0.0,1.476328,-0.293302,ITA,JOR,6522
1221283,114,113,1047,2014.0,68405.0,0.0,2.297789,-0.58585,JPN,JOR,6522
1221284,121,113,1047,2014.0,1739656.0,0.0,1.9642650000000001,0.86425,KOR,JOR,6522
1221285,124,113,1047,2014.0,286326.0,0.0,0.32006799999999996,1.666039,LBN,JOR,6522
1221286,128,113,1047,2014.0,71576.0,103736.0,-0.30641399999999996,0.29736799999999997,LKA,JOR,6522
1221287,138,113,1047,2014.0,21549.0,0.0,1.292327,0.713879,MEX,JOR,6522
1221288,162,113,1047,2014.0,59410.0,0.0,1.08881,1.320941,NLD,JOR,6522
1221289,168,113,1047,2014.0,11324204.0,3932.0,-0.595946,0.493716,PAK,JOR,6522
1221290,181,113,1047,2014.0,0.0,21542.0,0.129971,0.775546,PSE,JOR,6522
1221291,183,113,1047,2014.0,0.0,2712.0,-0.5604899999999999,-0.989015,QAT,JOR,6522
1221292,188,113,1047,2014.0,0.0,19082.0,-0.188727,-0.8629459999999999,SAU,JOR,6522
1221293,208,113,1047,2014.0,4657.0,0.0,1.7256330000000002,0.395804,SWE,JOR,6522
1221294,212,113,1047,2014.0,83696.0,0.0,-0.22825,0.803708,SYR,JOR,6522
1221295,216,113,1047,2014.0,371978.0,0.0,1.111392,1.3500370000000002,THA,JOR,6522
1221296,224,113,1047,2014.0,2458931.0,0.0,0.6641600000000001,2.091193,TUR,JOR,6522
1221297,231,113,1047,2014.0,134917.0,0.0,1.569577,-0.293173,USA,JOR,6522
1221298,249,113,1047,2014.0,3889557.0,0.0,1.850481,1.081809,TWN,JOR,6522
1221299,250,113,1047,2014.0,0.0,555370.0,0.426964,0.138883,ANS,JOR,6522
1221300,1,114,1047,2014.0,0.0,189632.0,-0.9800639999999999,-0.8281790000000001,AFG,JPN,6522
1221301,7,114,1047,2014.0,0.0,5296445.0,-0.121018,-0.51841,ARE,JPN,6522
1221302,14,114,1047,2014.0,2188.0,2705409.0,-0.587779,-0.29813,AUS,JPN,6522
1221303,15,114,1047,2014.0,876010.0,24664.0,1.782532,-0.84455,AUT,JPN,6522
1221304,18,114,1047,2014.0,453190.0,377163.0,1.182934,1.1967139999999998,BEL,JPN,6522
1221305,21,114,1047,2014.0,42441.0,0.0,-0.7933279999999999,-0.872791,BFA,JPN,6522
1221306,22,114,1047,2014.0,3649.0,16488583.0,-0.76547,-0.9645469999999999,BGD,JPN,6522
1221307,23,114,1047,2014.0,0.0,123831.0,0.611912,1.594597,BGR,JPN,6522
1221308,32,114,1047,2014.0,57591.0,35230.0,0.23286700000000002,0.968366,BRA,JPN,6522
1221309,34,114,1047,2014.0,0.0,3304.0,-0.866534,-0.764166,BRN,JPN,6522
1221310,39,114,1047,2014.0,48976.0,3549528.0,0.6145430000000001,1.1815360000000001,CAN,JPN,6522
1221311,41,114,1047,2014.0,823851.0,170893.0,2.027022,0.780257,CHE,JPN,6522
1221312,42,114,1047,2014.0,0.0,29429.0,-0.196236,-0.162428,CHL,JPN,6522
1221313,43,114,1047,2014.0,48885788.0,273733024.0,1.316443,0.35039899999999996,CHN,JPN,6522
1221314,49,114,1047,2014.0,0.0,108330.0,0.084348,-0.39008200000000004,COL,JPN,6522
1221315,58,114,1047,2014.0,0.0,1415.0,0.476854,0.572103,CYP,JPN,6522
1221316,59,114,1047,2014.0,72247.0,108309.0,1.761204,-0.148263,CZE,JPN,6522
1221317,61,114,1047,2014.0,4663344.0,1260599.0,2.106119,-3.225189,DEU,JPN,6522
1221318,64,114,1047,2014.0,63108.0,1950532.0,1.15411,1.160462,DNK,JPN,6522
1221319,65,114,1047,2014.0,0.0,4330.0,-0.076532,0.472746,DOM,JPN,6522
1221320,67,114,1047,2014.0,1667.0,0.0,-1.0520559999999999,-1.109638,ECU,JPN,6522
1221321,68,114,1047,2014.0,828725.0,15290.0,-0.036009,2.027503,EGY,JPN,6522
1221322,71,114,1047,2014.0,789691.0,863561.0,0.9574159999999999,1.787233,ESP,JPN,6522
1221323,72,114,1047,2014.0,1999.0,32905.0,1.022704,1.175645,EST,JPN,6522
1221324,74,114,1047,2014.0,1743211.0,46627.0,1.591758,0.9737819999999999,FIN,JPN,6522
1221325,75,114,1047,2014.0,0.0,16680.0,-0.20919699999999997,0.095276,FJI,JPN,6522
1221326,77,114,1047,2014.0,2604388.0,6833050.0,1.432323,0.43023,FRA,JPN,6522
1221327,81,114,1047,2014.0,2543564.0,2717602.0,1.542804,0.915499,GBR,JPN,6522
1221328,90,114,1047,2014.0,0.0,4736.0,0.064193,0.955633,GRC,JPN,6522
1221329,97,114,1047,2014.0,588415.0,26417402.0,0.9198440000000001,1.257131,HKG,JPN,6522
1221330,99,114,1047,2014.0,0.0,21981.0,-0.372433,0.036463,HND,JPN,6522
1221331,102,114,1047,2014.0,6491.0,49147.0,1.713536,0.5681729999999999,HUN,JPN,6522
1221332,103,114,1047,2014.0,12571489.0,9399474.0,0.068135,1.672437,IDN,JPN,6522
1221333,104,114,1047,2014.0,5834715.0,1030601.0,0.236316,2.659173,IND,JPN,6522
1221334,107,114,1047,2014.0,11637.0,0.0,-0.47744899999999996,-0.429676,IRN,JPN,6522
1221335,109,114,1047,2014.0,0.0,11555.0,0.130097,-0.313819,ISL,JPN,6522
1221336,110,114,1047,2014.0,0.0,50231.0,0.9753860000000001,0.810342,ISR,JPN,6522
1221337,111,114,1047,2014.0,27624994.0,14376532.0,1.476328,-0.293302,ITA,JPN,6522
1221338,113,114,1047,2014.0,0.0,68405.0,0.23508800000000002,0.47597,JOR,JPN,6522
1221339,116,114,1047,2014.0,17774.0,7403.0,-0.411786,0.219875,KEN,JPN,6522
1221340,118,114,1047,2014.0,190089.0,1646003.0,-0.5871430000000001,-0.7545850000000001,KHM,JPN,6522
1221341,119,114,1047,2014.0,0.0,1504.0,0.321741,-0.633105,KIR,JPN,6522
1221342,121,114,1047,2014.0,7049475.0,10666636.0,1.9642650000000001,0.86425,KOR,JPN,6522
1221343,122,114,1047,2014.0,0.0,192268.0,-1.2601069999999999,-1.0929360000000001,KWT,JPN,6522
1221344,123,114,1047,2014.0,16470.0,1164428.0,-0.924599,-0.7456430000000001,LAO,JPN,6522
1221345,124,114,1047,2014.0,0.0,2888.0,0.32006799999999996,1.666039,LBN,JPN,6522
1221346,128,114,1047,2014.0,0.0,2068459.0,-0.30641399999999996,0.29736799999999997,LKA,JPN,6522
1221347,129,114,1047,2014.0,0.0,1758.0,-0.586123,-0.728193,LSO,JPN,6522
1221348,130,114,1047,2014.0,68902.0,73858.0,0.679488,1.558981,LTU,JPN,6522
1221349,132,114,1047,2014.0,204097.0,41618.0,0.6501,1.35321,LVA,JPN,6522
1221350,133,114,1047,2014.0,0.0,734371.0,0.781301,0.522065,MAC,JPN,6522
1221351,134,114,1047,2014.0,62409.0,166518.0,-0.429457,0.039947,MAR,JPN,6522
1221352,135,114,1047,2014.0,1798.0,14540.0,0.031916,0.24264499999999997,MDA,JPN,6522
1221353,136,114,1047,2014.0,0.0,61208.0,-0.690485,-0.5090020000000001,MDG,JPN,6522
1221354,138,114,1047,2014.0,0.0,946365.0,1.292327,0.713879,MEX,JPN,6522
1221355,140,114,1047,2014.0,0.0,16898.0,-0.216313,-0.214403,MKD,JPN,6522
1221356,143,114,1047,2014.0,10004.0,4020358.0,-1.350593,-1.1112229999999998,MMR,JPN,6522
1221357,145,114,1047,2014.0,0.0,1825.0,-1.368502,-1.17111,MNG,JPN,6522
1221358,147,114,1047,2014.0,0.0,2957.0,-1.03106,-0.9325260000000001,MOZ,JPN,6522
1221359,151,114,1047,2014.0,0.0,126869.0,-0.055786,-0.1488,MUS,JPN,6522
1221360,153,114,1047,2014.0,1375568.0,18363990.0,0.995226,0.7797810000000001,MYS,JPN,6522
1221361,162,114,1047,2014.0,152919.0,632417.0,1.08881,1.320941,NLD,JPN,6522
1221362,163,114,1047,2014.0,0.0,167052.0,0.678424,0.137871,NOR,JPN,6522
1221363,164,114,1047,2014.0,11919.0,241361.0,-0.083094,0.349348,NPL,JPN,6522
1221364,166,114,1047,2014.0,4432.0,389808.0,0.123649,0.26129,NZL,JPN,6522
1221365,167,114,1047,2014.0,0.0,14346.0,-0.7307060000000001,-1.060975,OMN,JPN,6522
1221366,168,114,1047,2014.0,155213.0,15762.0,-0.595946,0.493716,PAK,JPN,6522
1221367,173,114,1047,2014.0,73078.0,0.0,-0.617883,0.427092,PER,JPN,6522
1221368,174,114,1047,2014.0,0.0,5260053.0,0.835601,0.589322,PHL,JPN,6522
1221369,175,114,1047,2014.0,0.0,3761.0,0.310879,-0.526995,PLW,JPN,6522
1221370,177,114,1047,2014.0,0.0,303630.0,1.1328690000000001,1.043185,POL,JPN,6522
1221371,179,114,1047,2014.0,537422.0,875847.0,0.763352,2.041559,PRT,JPN,6522
1221372,180,114,1047,2014.0,0.0,5147.0,-0.612822,-0.8764139999999999,PRY,JPN,6522
1221373,182,114,1047,2014.0,0.0,11849.0,-0.187778,-0.7217060000000001,PYF,JPN,6522
1221374,183,114,1047,2014.0,0.0,119323.0,-0.5604899999999999,-0.989015,QAT,JPN,6522
1221375,185,114,1047,2014.0,38078.0,427909.0,1.0837940000000001,1.199571,ROU,JPN,6522
1221376,186,114,1047,2014.0,10886.0,233295.0,-0.006737000000000001,-0.172237,RUS,JPN,6522
1221377,188,114,1047,2014.0,0.0,1094406.0,-0.188727,-0.8629459999999999,SAU,JPN,6522
1221378,190,114,1047,2014.0,0.0,2979.0,-1.473904,-1.154731,SDN,JPN,6522
1221379,192,114,1047,2014.0,260042.0,3354242.0,1.750361,0.63849,SGP,JPN,6522
1221380,197,114,1047,2014.0,0.0,14774.0,0.11639200000000001,0.368644,SLV,JPN,6522
1221381,201,114,1047,2014.0,0.0,2828.0,0.6017979999999999,1.328124,SRB,JPN,6522
1221382,206,114,1047,2014.0,0.0,9634.0,1.525525,0.773486,SVK,JPN,6522
1221383,207,114,1047,2014.0,21618.0,7201.0,1.554693,0.633504,SVN,JPN,6522
1221384,208,114,1047,2014.0,604852.0,577176.0,1.7256330000000002,0.395804,SWE,JPN,6522
1221385,216,114,1047,2014.0,8673645.0,7856548.0,1.111392,1.3500370000000002,THA,JPN,6522
1221386,223,114,1047,2014.0,32635.0,1048922.0,0.45973800000000004,0.9595459999999999,TUN,JPN,6522
1221387,224,114,1047,2014.0,2424874.0,1540354.0,0.6641600000000001,2.091193,TUR,JPN,6522
1221388,228,114,1047,2014.0,0.0,6029.0,0.505369,1.07634,UKR,JPN,6522
1221389,231,114,1047,2014.0,1918560.0,63937744.0,1.569577,-0.293173,USA,JPN,6522
1221390,239,114,1047,2014.0,1526080.0,70966656.0,0.135762,1.182052,VNM,JPN,6522
1221391,246,114,1047,2014.0,0.0,108091.0,0.156414,1.873848,ZAF,JPN,6522
1221392,247,114,1047,2014.0,0.0,6432.0,-0.506171,-0.680445,ZMB,JPN,6522
1221393,248,114,1047,2014.0,0.0,5683.0,-0.732781,-0.875713,ZWE,JPN,6522
1221394,249,114,1047,2014.0,6214708.0,9453785.0,1.850481,1.081809,TWN,JPN,6522
1221395,1,121,1047,2014.0,0.0,9229657.0,-0.9800639999999999,-0.8281790000000001,AFG,KOR,6522
1221396,2,121,1047,2014.0,0.0,49030.0,-1.547068,-1.121438,AGO,KOR,6522
1221397,7,121,1047,2014.0,416189.0,2702617.0,-0.121018,-0.51841,ARE,KOR,6522
1221398,8,121,1047,2014.0,0.0,234547.0,-0.047848,0.48062,ARG,KOR,6522
1221399,9,121,1047,2014.0,0.0,1471.0,-0.143991,-0.5265890000000001,ARM,KOR,6522
1221400,14,121,1047,2014.0,2553.0,4439594.0,-0.587779,-0.29813,AUS,KOR,6522
1221401,15,121,1047,2014.0,187409.0,52719.0,1.782532,-0.84455,AUT,KOR,6522
1221402,18,121,1047,2014.0,66627.0,203234.0,1.182934,1.1967139999999998,BEL,KOR,6522
1221403,22,121,1047,2014.0,82596.0,14992022.0,-0.76547,-0.9645469999999999,BGD,KOR,6522
1221404,23,121,1047,2014.0,1364.0,350649.0,0.611912,1.594597,BGR,KOR,6522
1221405,24,121,1047,2014.0,0.0,1317767.0,0.087173,-0.542374,BHR,KOR,6522
1221406,26,121,1047,2014.0,0.0,44163.0,0.737556,0.9815530000000001,BIH,KOR,6522
1221407,28,121,1047,2014.0,0.0,15015.0,0.929114,0.7313069999999999,BLR,KOR,6522
1221408,32,121,1047,2014.0,0.0,437380.0,0.23286700000000002,0.968366,BRA,KOR,6522
1221409,34,121,1047,2014.0,0.0,2007.0,-0.866534,-0.764166,BRN,KOR,6522
1221410,39,121,1047,2014.0,1885.0,6271345.0,0.6145430000000001,1.1815360000000001,CAN,KOR,6522
1221411,41,121,1047,2014.0,484197.0,190503.0,2.027022,0.780257,CHE,KOR,6522
1221412,42,121,1047,2014.0,0.0,1151556.0,-0.196236,-0.162428,CHL,KOR,6522
1221413,43,121,1047,2014.0,110719888.0,71839888.0,1.316443,0.35039899999999996,CHN,KOR,6522
1221414,44,121,1047,2014.0,0.0,108008.0,-0.854784,-0.781877,CIV,KOR,6522
1221415,49,121,1047,2014.0,0.0,569964.0,0.084348,-0.39008200000000004,COL,KOR,6522
1221416,52,121,1047,2014.0,0.0,2013.0,0.13936500000000002,-0.573277,CRI,KOR,6522
1221417,54,121,1047,2014.0,0.0,6878.0,-0.5320560000000001,-0.941575,CUB,KOR,6522
1221418,58,121,1047,2014.0,0.0,1746.0,0.476854,0.572103,CYP,KOR,6522
1221419,59,121,1047,2014.0,78134.0,339245.0,1.761204,-0.148263,CZE,KOR,6522
1221420,61,121,1047,2014.0,567049.0,4158965.0,2.106119,-3.225189,DEU,KOR,6522
1221421,64,121,1047,2014.0,9953.0,1916468.0,1.15411,1.160462,DNK,KOR,6522
1221422,65,121,1047,2014.0,0.0,204418.0,-0.076532,0.472746,DOM,KOR,6522
1221423,66,121,1047,2014.0,0.0,43176.0,-1.427966,-1.1216760000000001,DZA,KOR,6522
1221424,67,121,1047,2014.0,0.0,936678.0,-1.0520559999999999,-1.109638,ECU,KOR,6522
1221425,68,121,1047,2014.0,133729.0,1187277.0,-0.036009,2.027503,EGY,KOR,6522
1221426,71,121,1047,2014.0,495121.0,949175.0,0.9574159999999999,1.787233,ESP,KOR,6522
1221427,72,121,1047,2014.0,0.0,27126.0,1.022704,1.175645,EST,KOR,6522
1221428,73,121,1047,2014.0,0.0,48572.0,-1.147242,-0.986643,ETH,KOR,6522
1221429,74,121,1047,2014.0,311308.0,90037.0,1.591758,0.9737819999999999,FIN,KOR,6522
1221430,75,121,1047,2014.0,0.0,152152.0,-0.20919699999999997,0.095276,FJI,KOR,6522
1221431,77,121,1047,2014.0,580103.0,2170924.0,1.432323,0.43023,FRA,KOR,6522
1221432,81,121,1047,2014.0,1071198.0,6944968.0,1.542804,0.915499,GBR,KOR,6522
1221433,90,121,1047,2014.0,0.0,45882.0,0.064193,0.955633,GRC,KOR,6522
1221434,93,121,1047,2014.0,160184.0,935562.0,-0.24762199999999998,0.536379,GTM,KOR,6522
1221435,95,121,1047,2014.0,0.0,3266.0,0.642578,-0.143714,GUM,KOR,6522
1221436,97,121,1047,2014.0,823331.0,29571730.0,0.9198440000000001,1.257131,HKG,KOR,6522
1221437,99,121,1047,2014.0,0.0,3284.0,-0.372433,0.036463,HND,KOR,6522
1221438,100,121,1047,2014.0,0.0,1431.0,0.8627809999999999,1.3475549999999998,HRV,KOR,6522
1221439,101,121,1047,2014.0,0.0,2070.0,-0.894977,-1.0674379999999999,HTI,KOR,6522
1221440,102,121,1047,2014.0,0.0,26212.0,1.713536,0.5681729999999999,HUN,KOR,6522
1221441,103,121,1047,2014.0,1462624.0,46986796.0,0.068135,1.672437,IDN,KOR,6522
1221442,104,121,1047,2014.0,7109034.0,2622941.0,0.236316,2.659173,IND,KOR,6522
1221443,106,121,1047,2014.0,0.0,8746.0,1.3749790000000002,0.41131899999999993,IRL,KOR,6522
1221444,107,121,1047,2014.0,0.0,645035.0,-0.47744899999999996,-0.429676,IRN,KOR,6522
1221445,108,121,1047,2014.0,0.0,62138.0,-3.04704,-0.9082290000000001,IRQ,KOR,6522
1221446,109,121,1047,2014.0,0.0,4437.0,0.130097,-0.313819,ISL,KOR,6522
1221447,110,121,1047,2014.0,0.0,140264.0,0.9753860000000001,0.810342,ISR,KOR,6522
1221448,111,121,1047,2014.0,14657240.0,1027966.0,1.476328,-0.293302,ITA,KOR,6522
1221449,113,121,1047,2014.0,0.0,1739656.0,0.23508800000000002,0.47597,JOR,KOR,6522
1221450,114,121,1047,2014.0,10666636.0,7049475.0,2.297789,-0.58585,JPN,KOR,6522
1221451,115,121,1047,2014.0,0.0,5365.0,-0.503438,-0.5477850000000001,KAZ,KOR,6522
1221452,117,121,1047,2014.0,0.0,200713.0,-0.11451099999999999,0.358754,KGZ,KOR,6522
1221453,118,121,1047,2014.0,41833.0,4150356.0,-0.5871430000000001,-0.7545850000000001,KHM,KOR,6522
1221454,122,121,1047,2014.0,0.0,138652.0,-1.2601069999999999,-1.0929360000000001,KWT,KOR,6522
1221455,123,121,1047,2014.0,0.0,53860.0,-0.924599,-0.7456430000000001,LAO,KOR,6522
1221456,124,121,1047,2014.0,0.0,1317120.0,0.32006799999999996,1.666039,LBN,KOR,6522
1221457,126,121,1047,2014.0,0.0,316178.0,-1.539253,-1.159929,LBY,KOR,6522
1221458,128,121,1047,2014.0,102318.0,3865952.0,-0.30641399999999996,0.29736799999999997,LKA,KOR,6522
1221459,130,121,1047,2014.0,2421.0,80356.0,0.679488,1.558981,LTU,KOR,6522
1221460,131,121,1047,2014.0,0.0,3417.0,1.093816,1.270669,LUX,KOR,6522
1221461,132,121,1047,2014.0,0.0,87996.0,0.6501,1.35321,LVA,KOR,6522
1221462,133,121,1047,2014.0,0.0,8572.0,0.781301,0.522065,MAC,KOR,6522
1221463,134,121,1047,2014.0,4307.0,50253.0,-0.429457,0.039947,MAR,KOR,6522
1221464,135,121,1047,2014.0,0.0,63857.0,0.031916,0.24264499999999997,MDA,KOR,6522
1221465,136,121,1047,2014.0,0.0,58181.0,-0.690485,-0.5090020000000001,MDG,KOR,6522
1221466,137,121,1047,2014.0,0.0,3713.0,-0.6189939999999999,-0.880108,MDV,KOR,6522
1221467,138,121,1047,2014.0,17535.0,1381785.0,1.292327,0.713879,MEX,KOR,6522
1221468,140,121,1047,2014.0,0.0,42702.0,-0.216313,-0.214403,MKD,KOR,6522
1221469,142,121,1047,2014.0,0.0,9846.0,0.8871379999999999,0.088535,MLT,KOR,6522
1221470,143,121,1047,2014.0,1169.0,8677978.0,-1.350593,-1.1112229999999998,MMR,KOR,6522
1221471,145,121,1047,2014.0,0.0,647741.0,-1.368502,-1.17111,MNG,KOR,6522
1221472,151,121,1047,2014.0,0.0,160455.0,-0.055786,-0.1488,MUS,KOR,6522
1221473,153,121,1047,2014.0,32333.0,4446614.0,0.995226,0.7797810000000001,MYS,KOR,6522
1221474,156,121,1047,2014.0,0.0,5762.0,-0.201994,-0.723618,NCL,KOR,6522
1221475,159,121,1047,2014.0,0.0,430679.0,-1.9012419999999999,-1.229264,NGA,KOR,6522
1221476,160,121,1047,2014.0,2368.0,20057.0,-0.85321,-0.796656,NIC,KOR,6522
1221477,162,121,1047,2014.0,792695.0,2153982.0,1.08881,1.320941,NLD,KOR,6522
1221478,163,121,1047,2014.0,0.0,673542.0,0.678424,0.137871,NOR,KOR,6522
1221479,166,121,1047,2014.0,0.0,687341.0,0.123649,0.26129,NZL,KOR,6522
1221480,167,121,1047,2014.0,0.0,204820.0,-0.7307060000000001,-1.060975,OMN,KOR,6522
1221481,168,121,1047,2014.0,1363309.0,1224615.0,-0.595946,0.493716,PAK,KOR,6522
1221482,169,121,1047,2014.0,0.0,30536.0,0.8997200000000001,0.9699139999999999,PAN,KOR,6522
1221483,173,121,1047,2014.0,3328.0,132008.0,-0.617883,0.427092,PER,KOR,6522
1221484,174,121,1047,2014.0,25522.0,5316012.0,0.835601,0.589322,PHL,KOR,6522
1221485,177,121,1047,2014.0,0.0,398907.0,1.1328690000000001,1.043185,POL,KOR,6522
1221486,179,121,1047,2014.0,406919.0,277891.0,0.763352,2.041559,PRT,KOR,6522
1221487,180,121,1047,2014.0,0.0,42465.0,-0.612822,-0.8764139999999999,PRY,KOR,6522
1221488,183,121,1047,2014.0,0.0,156515.0,-0.5604899999999999,-0.989015,QAT,KOR,6522
1221489,185,121,1047,2014.0,0.0,151625.0,1.0837940000000001,1.199571,ROU,KOR,6522
1221490,186,121,1047,2014.0,3466.0,1796964.0,-0.006737000000000001,-0.172237,RUS,KOR,6522
1221491,188,121,1047,2014.0,0.0,466454.0,-0.188727,-0.8629459999999999,SAU,KOR,6522
1221492,192,121,1047,2014.0,10631.0,652487.0,1.750361,0.63849,SGP,KOR,6522
1221493,197,121,1047,2014.0,5628.0,93327.0,0.11639200000000001,0.368644,SLV,KOR,6522
1221494,201,121,1047,2014.0,0.0,163833.0,0.6017979999999999,1.328124,SRB,KOR,6522
1221495,206,121,1047,2014.0,0.0,154251.0,1.525525,0.773486,SVK,KOR,6522
1221496,207,121,1047,2014.0,156749.0,1708.0,1.554693,0.633504,SVN,KOR,6522
1221497,208,121,1047,2014.0,44521.0,1335566.0,1.7256330000000002,0.395804,SWE,KOR,6522
1221498,211,121,1047,2014.0,0.0,1640.0,0.158898,-0.571933,SYC,KOR,6522
1221499,212,121,1047,2014.0,0.0,48928.0,-0.22825,0.803708,SYR,KOR,6522
1221500,216,121,1047,2014.0,310889.0,4300196.0,1.111392,1.3500370000000002,THA,KOR,6522
1221501,222,121,1047,2014.0,0.0,1084.0,-0.582991,-1.055078,TTO,KOR,6522
1221502,223,121,1047,2014.0,0.0,706387.0,0.45973800000000004,0.9595459999999999,TUN,KOR,6522
1221503,224,121,1047,2014.0,3466172.0,514960.0,0.6641600000000001,2.091193,TUR,KOR,6522
1221504,228,121,1047,2014.0,0.0,836889.0,0.505369,1.07634,UKR,KOR,6522
1221505,231,121,1047,2014.0,1061488.0,119113208.0,1.569577,-0.293173,USA,KOR,6522
1221506,232,121,1047,2014.0,0.0,1505112.0,-0.422387,-0.44193599999999994,UZB,KOR,6522
1221507,239,121,1047,2014.0,6549080.0,62026604.0,0.135762,1.182052,VNM,KOR,6522
1221508,246,121,1047,2014.0,0.0,460483.0,0.156414,1.873848,ZAF,KOR,6522
1221509,248,121,1047,2014.0,0.0,52663.0,-0.732781,-0.875713,ZWE,KOR,6522
1221510,249,121,1047,2014.0,220577.0,1718101.0,1.850481,1.081809,TWN,KOR,6522
1221511,0,122,1047,2014.0,6993.0,0.0,0.279562,-0.371938,ABW,KWT,6522
1221512,7,122,1047,2014.0,578640.0,7282.0,-0.121018,-0.51841,ARE,KWT,6522
1221513,14,122,1047,2014.0,1064.0,0.0,-0.587779,-0.29813,AUS,KWT,6522
1221514,15,122,1047,2014.0,15773.0,0.0,1.782532,-0.84455,AUT,KWT,6522
1221515,18,122,1047,2014.0,56435.0,0.0,1.182934,1.1967139999999998,BEL,KWT,6522
1221516,22,122,1047,2014.0,4059.0,0.0,-0.76547,-0.9645469999999999,BGD,KWT,6522
1221517,24,122,1047,2014.0,83637.0,3415.0,0.087173,-0.542374,BHR,KWT,6522
1221518,39,122,1047,2014.0,3109.0,0.0,0.6145430000000001,1.1815360000000001,CAN,KWT,6522
1221519,41,122,1047,2014.0,420964.0,0.0,2.027022,0.780257,CHE,KWT,6522
1221520,43,122,1047,2014.0,6766669.0,0.0,1.316443,0.35039899999999996,CHN,KWT,6522
1221521,58,122,1047,2014.0,12089.0,0.0,0.476854,0.572103,CYP,KWT,6522
1221522,59,122,1047,2014.0,138683.0,0.0,1.761204,-0.148263,CZE,KWT,6522
1221523,61,122,1047,2014.0,454618.0,0.0,2.106119,-3.225189,DEU,KWT,6522
1221524,68,122,1047,2014.0,701003.0,0.0,-0.036009,2.027503,EGY,KWT,6522
1221525,71,122,1047,2014.0,1239003.0,0.0,0.9574159999999999,1.787233,ESP,KWT,6522
1221526,77,122,1047,2014.0,327911.0,0.0,1.432323,0.43023,FRA,KWT,6522
1221527,81,122,1047,2014.0,522492.0,0.0,1.542804,0.915499,GBR,KWT,6522
1221528,102,122,1047,2014.0,1459.0,0.0,1.713536,0.5681729999999999,HUN,KWT,6522
1221529,103,122,1047,2014.0,341300.0,0.0,0.068135,1.672437,IDN,KWT,6522
1221530,104,122,1047,2014.0,3755247.0,0.0,0.236316,2.659173,IND,KWT,6522
1221531,106,122,1047,2014.0,3983.0,0.0,1.3749790000000002,0.41131899999999993,IRL,KWT,6522
1221532,107,122,1047,2014.0,0.0,11844.0,-0.47744899999999996,-0.429676,IRN,KWT,6522
1221533,111,122,1047,2014.0,1226894.0,7687.0,1.476328,-0.293302,ITA,KWT,6522
1221534,114,122,1047,2014.0,192268.0,0.0,2.297789,-0.58585,JPN,KWT,6522
1221535,121,122,1047,2014.0,138652.0,0.0,1.9642650000000001,0.86425,KOR,KWT,6522
1221536,124,122,1047,2014.0,30802.0,0.0,0.32006799999999996,1.666039,LBN,KWT,6522
1221537,128,122,1047,2014.0,1912.0,0.0,-0.30641399999999996,0.29736799999999997,LKA,KWT,6522
1221538,134,122,1047,2014.0,3989.0,0.0,-0.429457,0.039947,MAR,KWT,6522
1221539,153,122,1047,2014.0,14414.0,0.0,0.995226,0.7797810000000001,MYS,KWT,6522
1221540,162,122,1047,2014.0,423337.0,0.0,1.08881,1.320941,NLD,KWT,6522
1221541,166,122,1047,2014.0,5157.0,0.0,0.123649,0.26129,NZL,KWT,6522
1221542,167,122,1047,2014.0,8950.0,0.0,-0.7307060000000001,-1.060975,OMN,KWT,6522
1221543,168,122,1047,2014.0,5338616.0,0.0,-0.595946,0.493716,PAK,KWT,6522
1221544,174,122,1047,2014.0,0.0,13636.0,0.835601,0.589322,PHL,KWT,6522
1221545,177,122,1047,2014.0,1305.0,0.0,1.1328690000000001,1.043185,POL,KWT,6522
1221546,179,122,1047,2014.0,6934.0,0.0,0.763352,2.041559,PRT,KWT,6522
1221547,183,122,1047,2014.0,0.0,4248.0,-0.5604899999999999,-0.989015,QAT,KWT,6522
1221548,185,122,1047,2014.0,1336.0,0.0,1.0837940000000001,1.199571,ROU,KWT,6522
1221549,188,122,1047,2014.0,0.0,54167.0,-0.188727,-0.8629459999999999,SAU,KWT,6522
1221550,208,122,1047,2014.0,2838.0,0.0,1.7256330000000002,0.395804,SWE,KWT,6522
1221551,216,122,1047,2014.0,239561.0,0.0,1.111392,1.3500370000000002,THA,KWT,6522
1221552,224,122,1047,2014.0,531183.0,0.0,0.6641600000000001,2.091193,TUR,KWT,6522
1221553,231,122,1047,2014.0,100532.0,0.0,1.569577,-0.293173,USA,KWT,6522
1221554,249,122,1047,2014.0,9025.0,0.0,1.850481,1.081809,TWN,KWT,6522
1221555,250,122,1047,2014.0,1675.0,0.0,0.426964,0.138883,ANS,KWT,6522
1221556,7,134,1047,2014.0,376454.0,1621.0,-0.121018,-0.51841,ARE,MAR,6522
1221557,14,134,1047,2014.0,3699.0,2266.0,-0.587779,-0.29813,AUS,MAR,6522
1221558,15,134,1047,2014.0,427564.0,3558.0,1.782532,-0.84455,AUT,MAR,6522
1221559,18,134,1047,2014.0,4583941.0,156636.0,1.182934,1.1967139999999998,BEL,MAR,6522
1221560,22,134,1047,2014.0,6433.0,0.0,-0.76547,-0.9645469999999999,BGD,MAR,6522
1221561,23,134,1047,2014.0,2353063.0,0.0,0.611912,1.594597,BGR,MAR,6522
1221562,24,134,1047,2014.0,2571.0,0.0,0.087173,-0.542374,BHR,MAR,6522
1221563,32,134,1047,2014.0,173816.0,0.0,0.23286700000000002,0.968366,BRA,MAR,6522
1221564,39,134,1047,2014.0,2078.0,6531.0,0.6145430000000001,1.1815360000000001,CAN,MAR,6522
1221565,41,134,1047,2014.0,844256.0,4133.0,2.027022,0.780257,CHE,MAR,6522
1221566,42,134,1047,2014.0,0.0,7612.0,-0.196236,-0.162428,CHL,MAR,6522
1221567,43,134,1047,2014.0,20427030.0,18470.0,1.316443,0.35039899999999996,CHN,MAR,6522
1221568,44,134,1047,2014.0,0.0,1422.0,-0.854784,-0.781877,CIV,MAR,6522
1221569,47,134,1047,2014.0,0.0,2668.0,-1.359593,-1.101705,COG,MAR,6522
1221570,49,134,1047,2014.0,6773.0,188227.0,0.084348,-0.39008200000000004,COL,MAR,6522
1221571,58,134,1047,2014.0,1409.0,0.0,0.476854,0.572103,CYP,MAR,6522
1221572,59,134,1047,2014.0,732334.0,1386.0,1.761204,-0.148263,CZE,MAR,6522
1221573,61,134,1047,2014.0,6538870.0,246084.0,2.106119,-3.225189,DEU,MAR,6522
1221574,66,134,1047,2014.0,0.0,96034.0,-1.427966,-1.1216760000000001,DZA,MAR,6522
1221575,68,134,1047,2014.0,20040670.0,873632.0,-0.036009,2.027503,EGY,MAR,6522
1221576,71,134,1047,2014.0,182150704.0,1705212.0,0.9574159999999999,1.787233,ESP,MAR,6522
1221577,72,134,1047,2014.0,33084.0,0.0,1.022704,1.175645,EST,MAR,6522
1221578,74,134,1047,2014.0,0.0,3256.0,1.591758,0.9737819999999999,FIN,MAR,6522
1221579,77,134,1047,2014.0,31324162.0,1002264.0,1.432323,0.43023,FRA,MAR,6522
1221580,81,134,1047,2014.0,8933434.0,479057.0,1.542804,0.915499,GBR,MAR,6522
1221581,85,134,1047,2014.0,0.0,5619.0,-1.7494900000000002,-1.224512,GIN,MAR,6522
1221582,89,134,1047,2014.0,0.0,29976.0,-2.26689,-0.896274,GNQ,MAR,6522
1221583,90,134,1047,2014.0,20701.0,161823.0,0.064193,0.955633,GRC,MAR,6522
1221584,97,134,1047,2014.0,126001.0,28822.0,0.9198440000000001,1.257131,HKG,MAR,6522
1221585,100,134,1047,2014.0,81666.0,0.0,0.8627809999999999,1.3475549999999998,HRV,MAR,6522
1221586,102,134,1047,2014.0,10584.0,0.0,1.713536,0.5681729999999999,HUN,MAR,6522
1221587,103,134,1047,2014.0,1416685.0,59115.0,0.068135,1.672437,IDN,MAR,6522
1221588,104,134,1047,2014.0,2114796.0,1562.0,0.236316,2.659173,IND,MAR,6522
1221589,106,134,1047,2014.0,6181.0,0.0,1.3749790000000002,0.41131899999999993,IRL,MAR,6522
1221590,111,134,1047,2014.0,62170096.0,874919.0,1.476328,-0.293302,ITA,MAR,6522
1221591,114,134,1047,2014.0,166518.0,62409.0,2.297789,-0.58585,JPN,MAR,6522
1221592,121,134,1047,2014.0,50253.0,4307.0,1.9642650000000001,0.86425,KOR,MAR,6522
1221593,122,134,1047,2014.0,0.0,3989.0,-1.2601069999999999,-1.0929360000000001,KWT,MAR,6522
1221594,124,134,1047,2014.0,0.0,1396.0,0.32006799999999996,1.666039,LBN,MAR,6522
1221595,130,134,1047,2014.0,12926.0,0.0,0.679488,1.558981,LTU,MAR,6522
1221596,135,134,1047,2014.0,0.0,2969.0,0.031916,0.24264499999999997,MDA,MAR,6522
1221597,136,134,1047,2014.0,0.0,48876.0,-0.690485,-0.5090020000000001,MDG,MAR,6522
1221598,141,134,1047,2014.0,0.0,44060.0,-1.027153,-1.0197370000000001,MLI,MAR,6522
1221599,148,134,1047,2014.0,0.0,101909.0,-1.425856,-1.213441,MRT,MAR,6522
1221600,151,134,1047,2014.0,7880.0,10609.0,-0.055786,-0.1488,MUS,MAR,6522
1221601,153,134,1047,2014.0,3936.0,10073.0,0.995226,0.7797810000000001,MYS,MAR,6522
1221602,157,134,1047,2014.0,0.0,41434.0,-0.709151,-0.869426,NER,MAR,6522
1221603,162,134,1047,2014.0,2365571.0,464114.0,1.08881,1.320941,NLD,MAR,6522
1221604,168,134,1047,2014.0,4396409.0,0.0,-0.595946,0.493716,PAK,MAR,6522
1221605,177,134,1047,2014.0,682624.0,18876.0,1.1328690000000001,1.043185,POL,MAR,6522
1221606,179,134,1047,2014.0,6388063.0,180060.0,0.763352,2.041559,PRT,MAR,6522
1221607,183,134,1047,2014.0,0.0,4617.0,-0.5604899999999999,-0.989015,QAT,MAR,6522
1221608,185,134,1047,2014.0,2040677.0,0.0,1.0837940000000001,1.199571,ROU,MAR,6522
1221609,186,134,1047,2014.0,92956.0,5672.0,-0.006737000000000001,-0.172237,RUS,MAR,6522
1221610,188,134,1047,2014.0,5223.0,0.0,-0.188727,-0.8629459999999999,SAU,MAR,6522
1221611,191,134,1047,2014.0,0.0,118684.0,-0.509239,0.002353,SEN,MAR,6522
1221612,201,134,1047,2014.0,0.0,86670.0,0.6017979999999999,1.328124,SRB,MAR,6522
1221613,206,134,1047,2014.0,6553.0,0.0,1.525525,0.773486,SVK,MAR,6522
1221614,207,134,1047,2014.0,117891.0,1010.0,1.554693,0.633504,SVN,MAR,6522
1221615,216,134,1047,2014.0,778874.0,0.0,1.111392,1.3500370000000002,THA,MAR,6522
1221616,219,134,1047,2014.0,150206.0,0.0,-0.961465,-1.1428559999999999,TKM,MAR,6522
1221617,223,134,1047,2014.0,2351092.0,9634639.0,0.45973800000000004,0.9595459999999999,TUN,MAR,6522
1221618,224,134,1047,2014.0,56242884.0,1664450.0,0.6641600000000001,2.091193,TUR,MAR,6522
1221619,228,134,1047,2014.0,0.0,1058.0,0.505369,1.07634,UKR,MAR,6522
1221620,231,134,1047,2014.0,8024.0,157497.0,1.569577,-0.293173,USA,MAR,6522
1221621,232,134,1047,2014.0,17893.0,0.0,-0.422387,-0.44193599999999994,UZB,MAR,6522
1221622,239,134,1047,2014.0,5544.0,0.0,0.135762,1.182052,VNM,MAR,6522
1221623,246,134,1047,2014.0,0.0,20039.0,0.156414,1.873848,ZAF,MAR,6522
1221624,249,134,1047,2014.0,29555.0,0.0,1.850481,1.081809,TWN,MAR,6522
1221625,7,138,1047,2014.0,13966.0,18424.0,-0.121018,-0.51841,ARE,MEX,6522
1221626,8,138,1047,2014.0,0.0,75931.0,-0.047848,0.48062,ARG,MEX,6522
1221627,14,138,1047,2014.0,0.0,4645.0,-0.587779,-0.29813,AUS,MEX,6522
1221628,15,138,1047,2014.0,174161.0,0.0,1.782532,-0.84455,AUT,MEX,6522
1221629,18,138,1047,2014.0,106178.0,1339.0,1.182934,1.1967139999999998,BEL,MEX,6522
1221630,23,138,1047,2014.0,102446.0,0.0,0.611912,1.594597,BGR,MEX,6522
1221631,31,138,1047,2014.0,0.0,2079585.0,-1.200516,-1.052286,BOL,MEX,6522
1221632,32,138,1047,2014.0,6698278.0,129920.0,0.23286700000000002,0.968366,BRA,MEX,6522
1221633,39,138,1047,2014.0,353786.0,395241.0,0.6145430000000001,1.1815360000000001,CAN,MEX,6522
1221634,41,138,1047,2014.0,88801.0,0.0,2.027022,0.780257,CHE,MEX,6522
1221635,42,138,1047,2014.0,0.0,951256.0,-0.196236,-0.162428,CHL,MEX,6522
1221636,43,138,1047,2014.0,252235328.0,362368.0,1.316443,0.35039899999999996,CHN,MEX,6522
1221637,49,138,1047,2014.0,1061781.0,13482905.0,0.084348,-0.39008200000000004,COL,MEX,6522
1221638,52,138,1047,2014.0,0.0,207980.0,0.13936500000000002,-0.573277,CRI,MEX,6522
1221639,54,138,1047,2014.0,0.0,12832.0,-0.5320560000000001,-0.941575,CUB,MEX,6522
1221640,59,138,1047,2014.0,268783.0,0.0,1.761204,-0.148263,CZE,MEX,6522
1221641,61,138,1047,2014.0,267189.0,18774.0,2.106119,-3.225189,DEU,MEX,6522
1221642,65,138,1047,2014.0,0.0,6581322.0,-0.076532,0.472746,DOM,MEX,6522
1221643,67,138,1047,2014.0,81482.0,347036.0,-1.0520559999999999,-1.109638,ECU,MEX,6522
1221644,68,138,1047,2014.0,492672.0,332116.0,-0.036009,2.027503,EGY,MEX,6522
1221645,71,138,1047,2014.0,7196408.0,22639.0,0.9574159999999999,1.787233,ESP,MEX,6522
1221646,74,138,1047,2014.0,48740.0,0.0,1.591758,0.9737819999999999,FIN,MEX,6522
1221647,77,138,1047,2014.0,695243.0,45289.0,1.432323,0.43023,FRA,MEX,6522
1221648,81,138,1047,2014.0,289708.0,2317.0,1.542804,0.915499,GBR,MEX,6522
1221649,90,138,1047,2014.0,9442.0,0.0,0.064193,0.955633,GRC,MEX,6522
1221650,93,138,1047,2014.0,25455676.0,1791579.0,-0.24762199999999998,0.536379,GTM,MEX,6522
1221651,97,138,1047,2014.0,9477735.0,504752.0,0.9198440000000001,1.257131,HKG,MEX,6522
1221652,99,138,1047,2014.0,0.0,391382.0,-0.372433,0.036463,HND,MEX,6522
1221653,103,138,1047,2014.0,112709.0,17566.0,0.068135,1.672437,IDN,MEX,6522
1221654,104,138,1047,2014.0,7462731.0,33546.0,0.236316,2.659173,IND,MEX,6522
1221655,110,138,1047,2014.0,3808975.0,0.0,0.9753860000000001,0.810342,ISR,MEX,6522
1221656,111,138,1047,2014.0,10283316.0,26411.0,1.476328,-0.293302,ITA,MEX,6522
1221657,113,138,1047,2014.0,0.0,21549.0,0.23508800000000002,0.47597,JOR,MEX,6522
1221658,114,138,1047,2014.0,946365.0,0.0,2.297789,-0.58585,JPN,MEX,6522
1221659,121,138,1047,2014.0,1381785.0,17535.0,1.9642650000000001,0.86425,KOR,MEX,6522
1221660,128,138,1047,2014.0,70975.0,4143.0,-0.30641399999999996,0.29736799999999997,LKA,MEX,6522
1221661,151,138,1047,2014.0,0.0,1717.0,-0.055786,-0.1488,MUS,MEX,6522
1221662,153,138,1047,2014.0,260116.0,0.0,0.995226,0.7797810000000001,MYS,MEX,6522
1221663,160,138,1047,2014.0,1083440.0,34646004.0,-0.85321,-0.796656,NIC,MEX,6522
1221664,162,138,1047,2014.0,45109.0,1834.0,1.08881,1.320941,NLD,MEX,6522
1221665,168,138,1047,2014.0,22559328.0,0.0,-0.595946,0.493716,PAK,MEX,6522
1221666,169,138,1047,2014.0,0.0,10269.0,0.8997200000000001,0.9699139999999999,PAN,MEX,6522
1221667,173,138,1047,2014.0,1122508.0,3724250.0,-0.617883,0.427092,PER,MEX,6522
1221668,177,138,1047,2014.0,0.0,1343870.0,1.1328690000000001,1.043185,POL,MEX,6522
1221669,179,138,1047,2014.0,532059.0,0.0,0.763352,2.041559,PRT,MEX,6522
1221670,180,138,1047,2014.0,0.0,522446.0,-0.612822,-0.8764139999999999,PRY,MEX,6522
1221671,185,138,1047,2014.0,62680.0,0.0,1.0837940000000001,1.199571,ROU,MEX,6522
1221672,197,138,1047,2014.0,533905.0,1231903.0,0.11639200000000001,0.368644,SLV,MEX,6522
1221673,201,138,1047,2014.0,0.0,19527.0,0.6017979999999999,1.328124,SRB,MEX,6522
1221674,207,138,1047,2014.0,10684.0,0.0,1.554693,0.633504,SVN,MEX,6522
1221675,208,138,1047,2014.0,5892.0,0.0,1.7256330000000002,0.395804,SWE,MEX,6522
1221676,216,138,1047,2014.0,3996153.0,123950.0,1.111392,1.3500370000000002,THA,MEX,6522
1221677,223,138,1047,2014.0,0.0,5759.0,0.45973800000000004,0.9595459999999999,TUN,MEX,6522
1221678,224,138,1047,2014.0,7294994.0,2638746.0,0.6641600000000001,2.091193,TUR,MEX,6522
1221679,230,138,1047,2014.0,0.0,179077.0,0.155247,-0.091751,URY,MEX,6522
1221680,231,138,1047,2014.0,409566656.0,20768936.0,1.569577,-0.293173,USA,MEX,6522
1221681,239,138,1047,2014.0,65460.0,153217.0,0.135762,1.182052,VNM,MEX,6522
1221682,246,138,1047,2014.0,0.0,1075558.0,0.156414,1.873848,ZAF,MEX,6522
1221683,249,138,1047,2014.0,1160648.0,0.0,1.850481,1.081809,TWN,MEX,6522
1221684,7,153,1047,2014.0,39176.0,50988.0,-0.121018,-0.51841,ARE,MYS,6522
1221685,14,153,1047,2014.0,117404.0,7426039.0,-0.587779,-0.29813,AUS,MYS,6522
1221686,15,153,1047,2014.0,97857.0,7563.0,1.782532,-0.84455,AUT,MYS,6522
1221687,18,153,1047,2014.0,84864.0,42267.0,1.182934,1.1967139999999998,BEL,MYS,6522
1221688,22,153,1047,2014.0,11080.0,26737648.0,-0.76547,-0.9645469999999999,BGD,MYS,6522
1221689,34,153,1047,2014.0,2365.0,118128.0,-0.866534,-0.764166,BRN,MYS,6522
1221690,39,153,1047,2014.0,5409.0,168043.0,0.6145430000000001,1.1815360000000001,CAN,MYS,6522
1221691,41,153,1047,2014.0,449381.0,1281.0,2.027022,0.780257,CHE,MYS,6522
1221692,43,153,1047,2014.0,144912080.0,2827402.0,1.316443,0.35039899999999996,CHN,MYS,6522
1221693,45,153,1047,2014.0,0.0,6218.0,-0.726413,-0.927583,CMR,MYS,6522
1221694,49,153,1047,2014.0,0.0,606196.0,0.084348,-0.39008200000000004,COL,MYS,6522
1221695,59,153,1047,2014.0,40976.0,3292.0,1.761204,-0.148263,CZE,MYS,6522
1221696,61,153,1047,2014.0,175209.0,630340.0,2.106119,-3.225189,DEU,MYS,6522
1221697,64,153,1047,2014.0,6963.0,280101.0,1.15411,1.160462,DNK,MYS,6522
1221698,65,153,1047,2014.0,0.0,32622.0,-0.076532,0.472746,DOM,MYS,6522
1221699,68,153,1047,2014.0,53389.0,2828109.0,-0.036009,2.027503,EGY,MYS,6522
1221700,71,153,1047,2014.0,83676.0,45969.0,0.9574159999999999,1.787233,ESP,MYS,6522
1221701,72,153,1047,2014.0,0.0,1344.0,1.022704,1.175645,EST,MYS,6522
1221702,74,153,1047,2014.0,0.0,81317.0,1.591758,0.9737819999999999,FIN,MYS,6522
1221703,75,153,1047,2014.0,0.0,119371.0,-0.20919699999999997,0.095276,FJI,MYS,6522
1221704,77,153,1047,2014.0,42760.0,7764.0,1.432323,0.43023,FRA,MYS,6522
1221705,81,153,1047,2014.0,440667.0,7092.0,1.542804,0.915499,GBR,MYS,6522
1221706,82,153,1047,2014.0,6856.0,0.0,-0.23090300000000002,-0.510401,GEO,MYS,6522
1221707,97,153,1047,2014.0,4572798.0,3332710.0,0.9198440000000001,1.257131,HKG,MYS,6522
1221708,99,153,1047,2014.0,0.0,438863.0,-0.372433,0.036463,HND,MYS,6522
1221709,101,153,1047,2014.0,0.0,36059.0,-0.894977,-1.0674379999999999,HTI,MYS,6522
1221710,103,153,1047,2014.0,10840724.0,26577982.0,0.068135,1.672437,IDN,MYS,6522
1221711,104,153,1047,2014.0,7545907.0,427078.0,0.236316,2.659173,IND,MYS,6522
1221712,106,153,1047,2014.0,0.0,1449.0,1.3749790000000002,0.41131899999999993,IRL,MYS,6522
1221713,111,153,1047,2014.0,4705244.0,20209.0,1.476328,-0.293302,ITA,MYS,6522
1221714,114,153,1047,2014.0,18363990.0,1375568.0,2.297789,-0.58585,JPN,MYS,6522
1221715,116,153,1047,2014.0,0.0,1782.0,-0.411786,0.219875,KEN,MYS,6522
1221716,118,153,1047,2014.0,53151.0,2787618.0,-0.5871430000000001,-0.7545850000000001,KHM,MYS,6522
1221717,119,153,1047,2014.0,0.0,1994.0,0.321741,-0.633105,KIR,MYS,6522
1221718,121,153,1047,2014.0,4446614.0,32333.0,1.9642650000000001,0.86425,KOR,MYS,6522
1221719,122,153,1047,2014.0,0.0,14414.0,-1.2601069999999999,-1.0929360000000001,KWT,MYS,6522
1221720,123,153,1047,2014.0,0.0,1990020.0,-0.924599,-0.7456430000000001,LAO,MYS,6522
1221721,128,153,1047,2014.0,204481.0,1526779.0,-0.30641399999999996,0.29736799999999997,LKA,MYS,6522
1221722,130,153,1047,2014.0,0.0,121998.0,0.679488,1.558981,LTU,MYS,6522
1221723,134,153,1047,2014.0,10073.0,3936.0,-0.429457,0.039947,MAR,MYS,6522
1221724,137,153,1047,2014.0,0.0,66729.0,-0.6189939999999999,-0.880108,MDV,MYS,6522
1221725,138,153,1047,2014.0,0.0,260116.0,1.292327,0.713879,MEX,MYS,6522
1221726,143,153,1047,2014.0,0.0,1045618.0,-1.350593,-1.1112229999999998,MMR,MYS,6522
1221727,147,153,1047,2014.0,0.0,1377.0,-1.03106,-0.9325260000000001,MOZ,MYS,6522
1221728,151,153,1047,2014.0,26374.0,91058.0,-0.055786,-0.1488,MUS,MYS,6522
1221729,156,153,1047,2014.0,0.0,18507.0,-0.201994,-0.723618,NCL,MYS,6522
1221730,159,153,1047,2014.0,0.0,14842.0,-1.9012419999999999,-1.229264,NGA,MYS,6522
1221731,162,153,1047,2014.0,79232.0,31895.0,1.08881,1.320941,NLD,MYS,6522
1221732,163,153,1047,2014.0,0.0,120102.0,0.678424,0.137871,NOR,MYS,6522
1221733,166,153,1047,2014.0,1199.0,322756.0,0.123649,0.26129,NZL,MYS,6522
1221734,168,153,1047,2014.0,7301666.0,242252.0,-0.595946,0.493716,PAK,MYS,6522
1221735,174,153,1047,2014.0,0.0,1175908.0,0.835601,0.589322,PHL,MYS,6522
1221736,176,153,1047,2014.0,0.0,25693.0,-1.564344,-1.165548,PNG,MYS,6522
1221737,177,153,1047,2014.0,0.0,139217.0,1.1328690000000001,1.043185,POL,MYS,6522
1221738,179,153,1047,2014.0,94444.0,0.0,0.763352,2.041559,PRT,MYS,6522
1221739,183,153,1047,2014.0,0.0,2054.0,-0.5604899999999999,-0.989015,QAT,MYS,6522
1221740,185,153,1047,2014.0,0.0,86650.0,1.0837940000000001,1.199571,ROU,MYS,6522
1221741,186,153,1047,2014.0,0.0,189433.0,-0.006737000000000001,-0.172237,RUS,MYS,6522
1221742,192,153,1047,2014.0,8461740.0,12256829.0,1.750361,0.63849,SGP,MYS,6522
1221743,197,153,1047,2014.0,0.0,100387.0,0.11639200000000001,0.368644,SLV,MYS,6522
1221744,208,153,1047,2014.0,1295.0,17238.0,1.7256330000000002,0.395804,SWE,MYS,6522
1221745,211,153,1047,2014.0,0.0,5067.0,0.158898,-0.571933,SYC,MYS,6522
1221746,216,153,1047,2014.0,3176793.0,1265068.0,1.111392,1.3500370000000002,THA,MYS,6522
1221747,223,153,1047,2014.0,0.0,6476.0,0.45973800000000004,0.9595459999999999,TUN,MYS,6522
1221748,224,153,1047,2014.0,302996.0,1361772.0,0.6641600000000001,2.091193,TUR,MYS,6522
1221749,228,153,1047,2014.0,0.0,8678.0,0.505369,1.07634,UKR,MYS,6522
1221750,231,153,1047,2014.0,1209166.0,641880.0,1.569577,-0.293173,USA,MYS,6522
1221751,236,153,1047,2014.0,4040.0,21140.0,-1.1668459999999998,-1.134262,VEN,MYS,6522
1221752,239,153,1047,2014.0,314162.0,29470506.0,0.135762,1.182052,VNM,MYS,6522
1221753,246,153,1047,2014.0,2342.0,0.0,0.156414,1.873848,ZAF,MYS,6522
1221754,249,153,1047,2014.0,4022474.0,273365.0,1.850481,1.081809,TWN,MYS,6522
1221755,15,160,1047,2014.0,0.0,2093.0,1.782532,-0.84455,AUT,NIC,6522
1221756,31,160,1047,2014.0,0.0,363345.0,-1.200516,-1.052286,BOL,NIC,6522
1221757,42,160,1047,2014.0,0.0,67516.0,-0.196236,-0.162428,CHL,NIC,6522
1221758,43,160,1047,2014.0,47595716.0,0.0,1.316443,0.35039899999999996,CHN,NIC,6522
1221759,52,160,1047,2014.0,125058.0,75184.0,0.13936500000000002,-0.573277,CRI,NIC,6522
1221760,65,160,1047,2014.0,0.0,7448130.0,-0.076532,0.472746,DOM,NIC,6522
1221761,71,160,1047,2014.0,32012.0,0.0,0.9574159999999999,1.787233,ESP,NIC,6522
1221762,93,160,1047,2014.0,2147402.0,995241.0,-0.24762199999999998,0.536379,GTM,NIC,6522
1221763,97,160,1047,2014.0,5486212.0,0.0,0.9198440000000001,1.257131,HKG,NIC,6522
1221764,99,160,1047,2014.0,36000.0,21864.0,-0.372433,0.036463,HND,NIC,6522
1221765,101,160,1047,2014.0,0.0,113370.0,-0.894977,-1.0674379999999999,HTI,NIC,6522
1221766,104,160,1047,2014.0,753890.0,0.0,0.236316,2.659173,IND,NIC,6522
1221767,121,160,1047,2014.0,20057.0,2368.0,1.9642650000000001,0.86425,KOR,NIC,6522
1221768,138,160,1047,2014.0,34646004.0,1083440.0,1.292327,0.713879,MEX,NIC,6522
1221769,168,160,1047,2014.0,1805368.0,0.0,-0.595946,0.493716,PAK,NIC,6522
1221770,178,160,1047,2014.0,2777.0,0.0,-0.11844400000000001,0.067508,PRK,NIC,6522
1221771,179,160,1047,2014.0,39086.0,0.0,0.763352,2.041559,PRT,NIC,6522
1221772,197,160,1047,2014.0,1730348.0,0.0,0.11639200000000001,0.368644,SLV,NIC,6522
1221773,216,160,1047,2014.0,55418.0,0.0,1.111392,1.3500370000000002,THA,NIC,6522
1221774,231,160,1047,2014.0,31450570.0,454906.0,1.569577,-0.293173,USA,NIC,6522
1221775,249,160,1047,2014.0,1135007.0,0.0,1.850481,1.081809,TWN,NIC,6522
1221776,0,162,1047,2014.0,0.0,61715.0,0.279562,-0.371938,ABW,NLD,6522
1221777,2,162,1047,2014.0,0.0,47929.0,-1.547068,-1.121438,AGO,NLD,6522
1221778,5,162,1047,2014.0,0.0,2701.0,0.512367,-0.438594,AND,NLD,6522
1221779,7,162,1047,2014.0,1693.0,1117212.0,-0.121018,-0.51841,ARE,NLD,6522
1221780,8,162,1047,2014.0,0.0,1227.0,-0.047848,0.48062,ARG,NLD,6522
1221781,9,162,1047,2014.0,0.0,187762.0,-0.143991,-0.5265890000000001,ARM,NLD,6522
1221782,14,162,1047,2014.0,19607.0,197410.0,-0.587779,-0.29813,AUS,NLD,6522
1221783,15,162,1047,2014.0,2435004.0,2954327.0,1.782532,-0.84455,AUT,NLD,6522
1221784,16,162,1047,2014.0,0.0,3128.0,-1.230795,-1.237163,AZE,NLD,6522
1221785,18,162,1047,2014.0,9778409.0,21249058.0,1.182934,1.1967139999999998,BEL,NLD,6522
1221786,19,162,1047,2014.0,0.0,49797272.0,-0.461501,-0.7216819999999999,BEN,NLD,6522
1221787,20,162,1047,2014.0,0.0,35637.0,-0.757993,-0.8376299999999999,BES,NLD,6522
1221788,21,162,1047,2014.0,0.0,72318.0,-0.7933279999999999,-0.872791,BFA,NLD,6522
1221789,22,162,1047,2014.0,0.0,90460.0,-0.76547,-0.9645469999999999,BGD,NLD,6522
1221790,23,162,1047,2014.0,22566.0,924439.0,0.611912,1.594597,BGR,NLD,6522
1221791,24,162,1047,2014.0,0.0,29663.0,0.087173,-0.542374,BHR,NLD,6522
1221792,26,162,1047,2014.0,15780.0,163833.0,0.737556,0.9815530000000001,BIH,NLD,6522
1221793,28,162,1047,2014.0,0.0,1608390.0,0.929114,0.7313069999999999,BLR,NLD,6522
1221794,31,162,1047,2014.0,0.0,35135.0,-1.200516,-1.052286,BOL,NLD,6522
1221795,32,162,1047,2014.0,1445635.0,148425.0,0.23286700000000002,0.968366,BRA,NLD,6522
1221796,34,162,1047,2014.0,0.0,80433.0,-0.866534,-0.764166,BRN,NLD,6522
1221797,37,162,1047,2014.0,0.0,11005.0,-0.7467630000000001,-1.1369690000000001,BWA,NLD,6522
1221798,39,162,1047,2014.0,147361.0,1569036.0,0.6145430000000001,1.1815360000000001,CAN,NLD,6522
1221799,41,162,1047,2014.0,126750.0,1760149.0,2.027022,0.780257,CHE,NLD,6522
1221800,42,162,1047,2014.0,0.0,182769.0,-0.196236,-0.162428,CHL,NLD,6522
1221801,43,162,1047,2014.0,30088736.0,8922353.0,1.316443,0.35039899999999996,CHN,NLD,6522
1221802,44,162,1047,2014.0,0.0,7683500.0,-0.854784,-0.781877,CIV,NLD,6522
1221803,45,162,1047,2014.0,0.0,629414.0,-0.726413,-0.927583,CMR,NLD,6522
1221804,46,162,1047,2014.0,0.0,18597920.0,-1.596912,-1.1239940000000002,COD,NLD,6522
1221805,47,162,1047,2014.0,0.0,99516.0,-1.359593,-1.101705,COG,NLD,6522
1221806,49,162,1047,2014.0,1133.0,715506.0,0.084348,-0.39008200000000004,COL,NLD,6522
1221807,55,162,1047,2014.0,0.0,372442.0,0.094776,-0.738603,CUW,NLD,6522
1221808,58,162,1047,2014.0,1503.0,346418.0,0.476854,0.572103,CYP,NLD,6522
1221809,59,162,1047,2014.0,2359610.0,1909528.0,1.761204,-0.148263,CZE,NLD,6522
1221810,61,162,1047,2014.0,12030043.0,45832576.0,2.106119,-3.225189,DEU,NLD,6522
1221811,64,162,1047,2014.0,1247275.0,3327890.0,1.15411,1.160462,DNK,NLD,6522
1221812,65,162,1047,2014.0,5096.0,137455.0,-0.076532,0.472746,DOM,NLD,6522
1221813,66,162,1047,2014.0,0.0,42595.0,-1.427966,-1.1216760000000001,DZA,NLD,6522
1221814,67,162,1047,2014.0,0.0,374094.0,-1.0520559999999999,-1.109638,ECU,NLD,6522
1221815,68,162,1047,2014.0,517858.0,83361.0,-0.036009,2.027503,EGY,NLD,6522
1221816,69,162,1047,2014.0,0.0,1911.0,-1.8750509999999998,-1.1314790000000001,ERI,NLD,6522
1221817,71,162,1047,2014.0,12117008.0,6004670.0,0.9574159999999999,1.787233,ESP,NLD,6522
1221818,72,162,1047,2014.0,14792.0,1025013.0,1.022704,1.175645,EST,NLD,6522
1221819,73,162,1047,2014.0,89197.0,0.0,-1.147242,-0.986643,ETH,NLD,6522
1221820,74,162,1047,2014.0,19969.0,1118511.0,1.591758,0.9737819999999999,FIN,NLD,6522
1221821,77,162,1047,2014.0,7066008.0,14347088.0,1.432323,0.43023,FRA,NLD,6522
1221822,81,162,1047,2014.0,12893137.0,37360256.0,1.542804,0.915499,GBR,NLD,6522
1221823,82,162,1047,2014.0,0.0,8327.0,-0.23090300000000002,-0.510401,GEO,NLD,6522
1221824,83,162,1047,2014.0,0.0,7126974.0,-1.1140299999999999,-1.0711700000000002,GHA,NLD,6522
1221825,85,162,1047,2014.0,0.0,2470510.0,-1.7494900000000002,-1.224512,GIN,NLD,6522
1221826,87,162,1047,2014.0,0.0,1652947.0,-0.79725,-0.8249059999999999,GMB,NLD,6522
1221827,89,162,1047,2014.0,0.0,52125.0,-2.26689,-0.896274,GNQ,NLD,6522
1221828,90,162,1047,2014.0,28125.0,1972109.0,0.064193,0.955633,GRC,NLD,6522
1221829,97,162,1047,2014.0,96947.0,789728.0,0.9198440000000001,1.257131,HKG,NLD,6522
1221830,99,162,1047,2014.0,0.0,4622.0,-0.372433,0.036463,HND,NLD,6522
1221831,100,162,1047,2014.0,0.0,426007.0,0.8627809999999999,1.3475549999999998,HRV,NLD,6522
1221832,102,162,1047,2014.0,64037.0,2387049.0,1.713536,0.5681729999999999,HUN,NLD,6522
1221833,103,162,1047,2014.0,10551815.0,200488.0,0.068135,1.672437,IDN,NLD,6522
1221834,104,162,1047,2014.0,3286679.0,580253.0,0.236316,2.659173,IND,NLD,6522
1221835,106,162,1047,2014.0,2520.0,272362.0,1.3749790000000002,0.41131899999999993,IRL,NLD,6522
1221836,108,162,1047,2014.0,0.0,1550.0,-3.04704,-0.9082290000000001,IRQ,NLD,6522
1221837,109,162,1047,2014.0,0.0,90490.0,0.130097,-0.313819,ISL,NLD,6522
1221838,110,162,1047,2014.0,0.0,372085.0,0.9753860000000001,0.810342,ISR,NLD,6522
1221839,111,162,1047,2014.0,11870383.0,8964796.0,1.476328,-0.293302,ITA,NLD,6522
1221840,113,162,1047,2014.0,0.0,59410.0,0.23508800000000002,0.47597,JOR,NLD,6522
1221841,114,162,1047,2014.0,632417.0,152919.0,2.297789,-0.58585,JPN,NLD,6522
1221842,115,162,1047,2014.0,0.0,111780.0,-0.503438,-0.5477850000000001,KAZ,NLD,6522
1221843,116,162,1047,2014.0,0.0,1628.0,-0.411786,0.219875,KEN,NLD,6522
1221844,118,162,1047,2014.0,1583.0,63320.0,-0.5871430000000001,-0.7545850000000001,KHM,NLD,6522
1221845,121,162,1047,2014.0,2153982.0,792695.0,1.9642650000000001,0.86425,KOR,NLD,6522
1221846,122,162,1047,2014.0,0.0,423337.0,-1.2601069999999999,-1.0929360000000001,KWT,NLD,6522
1221847,123,162,1047,2014.0,0.0,4358.0,-0.924599,-0.7456430000000001,LAO,NLD,6522
1221848,124,162,1047,2014.0,0.0,71212.0,0.32006799999999996,1.666039,LBN,NLD,6522
1221849,125,162,1047,2014.0,0.0,8645.0,-1.191134,-1.076719,LBR,NLD,6522
1221850,128,162,1047,2014.0,662091.0,39661.0,-0.30641399999999996,0.29736799999999997,LKA,NLD,6522
1221851,130,162,1047,2014.0,70694.0,589114.0,0.679488,1.558981,LTU,NLD,6522
1221852,131,162,1047,2014.0,0.0,73367.0,1.093816,1.270669,LUX,NLD,6522
1221853,132,162,1047,2014.0,0.0,479968.0,0.6501,1.35321,LVA,NLD,6522
1221854,134,162,1047,2014.0,464114.0,2365571.0,-0.429457,0.039947,MAR,NLD,6522
1221855,135,162,1047,2014.0,20247.0,403750.0,0.031916,0.24264499999999997,MDA,NLD,6522
1221856,136,162,1047,2014.0,0.0,261799.0,-0.690485,-0.5090020000000001,MDG,NLD,6522
1221857,138,162,1047,2014.0,1834.0,45109.0,1.292327,0.713879,MEX,NLD,6522
1221858,140,162,1047,2014.0,666087.0,9569354.0,-0.216313,-0.214403,MKD,NLD,6522
1221859,141,162,1047,2014.0,0.0,257058.0,-1.027153,-1.0197370000000001,MLI,NLD,6522
1221860,142,162,1047,2014.0,0.0,19152.0,0.8871379999999999,0.088535,MLT,NLD,6522
1221861,144,162,1047,2014.0,0.0,20868.0,-0.007741,0.018085,MNE,NLD,6522
1221862,148,162,1047,2014.0,0.0,2069.0,-1.425856,-1.213441,MRT,NLD,6522
1221863,151,162,1047,2014.0,0.0,98388.0,-0.055786,-0.1488,MUS,NLD,6522
1221864,152,162,1047,2014.0,0.0,9490.0,-0.457027,-0.588539,MWI,NLD,6522
1221865,153,162,1047,2014.0,31895.0,79232.0,0.995226,0.7797810000000001,MYS,NLD,6522
1221866,156,162,1047,2014.0,0.0,39072.0,-0.201994,-0.723618,NCL,NLD,6522
1221867,157,162,1047,2014.0,412978.0,9942386.0,-0.709151,-0.869426,NER,NLD,6522
1221868,159,162,1047,2014.0,0.0,421947.0,-1.9012419999999999,-1.229264,NGA,NLD,6522
1221869,163,162,1047,2014.0,2005.0,1669706.0,0.678424,0.137871,NOR,NLD,6522
1221870,164,162,1047,2014.0,0.0,53041.0,-0.083094,0.349348,NPL,NLD,6522
1221871,166,162,1047,2014.0,13433.0,149339.0,0.123649,0.26129,NZL,NLD,6522
1221872,167,162,1047,2014.0,0.0,7463.0,-0.7307060000000001,-1.060975,OMN,NLD,6522
1221873,168,162,1047,2014.0,6892947.0,54145.0,-0.595946,0.493716,PAK,NLD,6522
1221874,173,162,1047,2014.0,0.0,48984.0,-0.617883,0.427092,PER,NLD,6522
1221875,174,162,1047,2014.0,3743.0,100049.0,0.835601,0.589322,PHL,NLD,6522
1221876,177,162,1047,2014.0,1422126.0,14352162.0,1.1328690000000001,1.043185,POL,NLD,6522
1221877,179,162,1047,2014.0,1525451.0,6552713.0,0.763352,2.041559,PRT,NLD,6522
1221878,182,162,1047,2014.0,0.0,17871.0,-0.187778,-0.7217060000000001,PYF,NLD,6522
1221879,183,162,1047,2014.0,0.0,44047.0,-0.5604899999999999,-0.989015,QAT,NLD,6522
1221880,185,162,1047,2014.0,379237.0,6570939.0,1.0837940000000001,1.199571,ROU,NLD,6522
1221881,186,162,1047,2014.0,0.0,1584000.0,-0.006737000000000001,-0.172237,RUS,NLD,6522
1221882,187,162,1047,2014.0,0.0,1158193.0,-0.475152,-0.390083,RWA,NLD,6522
1221883,188,162,1047,2014.0,0.0,156305.0,-0.188727,-0.8629459999999999,SAU,NLD,6522
1221884,190,162,1047,2014.0,0.0,59860.0,-1.473904,-1.154731,SDN,NLD,6522
1221885,191,162,1047,2014.0,0.0,234965.0,-0.509239,0.002353,SEN,NLD,6522
1221886,192,162,1047,2014.0,0.0,111287.0,1.750361,0.63849,SGP,NLD,6522
1221887,196,162,1047,2014.0,0.0,1582.0,-0.718496,-0.750311,SLE,NLD,6522
1221888,197,162,1047,2014.0,2211.0,26885.0,0.11639200000000001,0.368644,SLV,NLD,6522
1221889,198,162,1047,2014.0,0.0,17026.0,1.1475870000000001,0.742538,SMR,NLD,6522
1221890,201,162,1047,2014.0,9302.0,2031375.0,0.6017979999999999,1.328124,SRB,NLD,6522
1221891,205,162,1047,2014.0,0.0,103818.0,-0.278229,-0.9962840000000001,SUR,NLD,6522
1221892,206,162,1047,2014.0,11531.0,874233.0,1.525525,0.773486,SVK,NLD,6522
1221893,207,162,1047,2014.0,67765.0,331538.0,1.554693,0.633504,SVN,NLD,6522
1221894,208,162,1047,2014.0,225711.0,2837584.0,1.7256330000000002,0.395804,SWE,NLD,6522
1221895,210,162,1047,2014.0,0.0,3622.0,0.712322,-0.591598,SXM,NLD,6522
1221896,211,162,1047,2014.0,0.0,2993.0,0.158898,-0.571933,SYC,NLD,6522
1221897,213,162,1047,2014.0,0.0,5739.0,0.566988,0.050384,TCA,NLD,6522
1221898,215,162,1047,2014.0,0.0,39876472.0,-0.58937,-0.43368,TGO,NLD,6522
1221899,216,162,1047,2014.0,25653364.0,974644.0,1.111392,1.3500370000000002,THA,NLD,6522
1221900,223,162,1047,2014.0,149639.0,6167320.0,0.45973800000000004,0.9595459999999999,TUN,NLD,6522
1221901,224,162,1047,2014.0,9399481.0,5566518.0,0.6641600000000001,2.091193,TUR,NLD,6522
1221902,226,162,1047,2014.0,0.0,6182.0,-0.909005,0.511175,TZA,NLD,6522
1221903,228,162,1047,2014.0,9701.0,208384.0,0.505369,1.07634,UKR,NLD,6522
1221904,230,162,1047,2014.0,0.0,20502.0,0.155247,-0.091751,URY,NLD,6522
1221905,231,162,1047,2014.0,8151694.0,5026228.0,1.569577,-0.293173,USA,NLD,6522
1221906,239,162,1047,2014.0,24429.0,426081.0,0.135762,1.182052,VNM,NLD,6522
1221907,246,162,1047,2014.0,2094.0,244093.0,0.156414,1.873848,ZAF,NLD,6522
1221908,247,162,1047,2014.0,0.0,2041.0,-0.506171,-0.680445,ZMB,NLD,6522
1221909,248,162,1047,2014.0,0.0,121584.0,-0.732781,-0.875713,ZWE,NLD,6522
1221910,249,162,1047,2014.0,343383.0,314914.0,1.850481,1.081809,TWN,NLD,6522
1221911,250,162,1047,2014.0,565798.0,19116.0,0.426964,0.138883,ANS,NLD,6522
1221912,7,163,1047,2014.0,216280.0,5332.0,-0.121018,-0.51841,ARE,NOR,6522
1221913,14,163,1047,2014.0,15140.0,1858.0,-0.587779,-0.29813,AUS,NOR,6522
1221914,15,163,1047,2014.0,44466.0,0.0,1.782532,-0.84455,AUT,NOR,6522
1221915,18,163,1047,2014.0,273282.0,1157.0,1.182934,1.1967139999999998,BEL,NOR,6522
1221916,22,163,1047,2014.0,2050.0,0.0,-0.76547,-0.9645469999999999,BGD,NOR,6522
1221917,23,163,1047,2014.0,1074.0,0.0,0.611912,1.594597,BGR,NOR,6522
1221918,26,163,1047,2014.0,0.0,3663.0,0.737556,0.9815530000000001,BIH,NOR,6522
1221919,32,163,1047,2014.0,33521.0,0.0,0.23286700000000002,0.968366,BRA,NOR,6522
1221920,39,163,1047,2014.0,68356.0,3484.0,0.6145430000000001,1.1815360000000001,CAN,NOR,6522
1221921,41,163,1047,2014.0,50604.0,0.0,2.027022,0.780257,CHE,NOR,6522
1221922,43,163,1047,2014.0,1388916.0,0.0,1.316443,0.35039899999999996,CHN,NOR,6522
1221923,59,163,1047,2014.0,166060.0,2034.0,1.761204,-0.148263,CZE,NOR,6522
1221924,61,163,1047,2014.0,1800186.0,21729.0,2.106119,-3.225189,DEU,NOR,6522
1221925,64,163,1047,2014.0,3277969.0,39466.0,1.15411,1.160462,DNK,NOR,6522
1221926,67,163,1047,2014.0,1069.0,0.0,-1.0520559999999999,-1.109638,ECU,NOR,6522
1221927,68,163,1047,2014.0,58921.0,0.0,-0.036009,2.027503,EGY,NOR,6522
1221928,71,163,1047,2014.0,332838.0,1966.0,0.9574159999999999,1.787233,ESP,NOR,6522
1221929,72,163,1047,2014.0,103965.0,78563.0,1.022704,1.175645,EST,NOR,6522
1221930,73,163,1047,2014.0,68242.0,0.0,-1.147242,-0.986643,ETH,NOR,6522
1221931,74,163,1047,2014.0,105458.0,0.0,1.591758,0.9737819999999999,FIN,NOR,6522
1221932,77,163,1047,2014.0,701227.0,2553.0,1.432323,0.43023,FRA,NOR,6522
1221933,81,163,1047,2014.0,442689.0,7306.0,1.542804,0.915499,GBR,NOR,6522
1221934,90,163,1047,2014.0,0.0,2259.0,0.064193,0.955633,GRC,NOR,6522
1221935,97,163,1047,2014.0,21928.0,23382.0,0.9198440000000001,1.257131,HKG,NOR,6522
1221936,102,163,1047,2014.0,51604.0,1219.0,1.713536,0.5681729999999999,HUN,NOR,6522
1221937,103,163,1047,2014.0,155099.0,5697.0,0.068135,1.672437,IDN,NOR,6522
1221938,104,163,1047,2014.0,450538.0,0.0,0.236316,2.659173,IND,NOR,6522
1221939,106,163,1047,2014.0,1034.0,0.0,1.3749790000000002,0.41131899999999993,IRL,NOR,6522
1221940,109,163,1047,2014.0,2820.0,15668.0,0.130097,-0.313819,ISL,NOR,6522
1221941,110,163,1047,2014.0,0.0,8721.0,0.9753860000000001,0.810342,ISR,NOR,6522
1221942,111,163,1047,2014.0,414354.0,9058.0,1.476328,-0.293302,ITA,NOR,6522
1221943,114,163,1047,2014.0,167052.0,0.0,2.297789,-0.58585,JPN,NOR,6522
1221944,121,163,1047,2014.0,673542.0,0.0,1.9642650000000001,0.86425,KOR,NOR,6522
1221945,130,163,1047,2014.0,80169.0,270324.0,0.679488,1.558981,LTU,NOR,6522
1221946,132,163,1047,2014.0,345370.0,533942.0,0.6501,1.35321,LVA,NOR,6522
1221947,135,163,1047,2014.0,6339.0,0.0,0.031916,0.24264499999999997,MDA,NOR,6522
1221948,140,163,1047,2014.0,0.0,3046.0,-0.216313,-0.214403,MKD,NOR,6522
1221949,153,163,1047,2014.0,120102.0,0.0,0.995226,0.7797810000000001,MYS,NOR,6522
1221950,162,163,1047,2014.0,1669706.0,2005.0,1.08881,1.320941,NLD,NOR,6522
1221951,164,163,1047,2014.0,2734.0,0.0,-0.083094,0.349348,NPL,NOR,6522
1221952,168,163,1047,2014.0,1448828.0,0.0,-0.595946,0.493716,PAK,NOR,6522
1221953,174,163,1047,2014.0,1139.0,0.0,0.835601,0.589322,PHL,NOR,6522
1221954,177,163,1047,2014.0,43550.0,66236.0,1.1328690000000001,1.043185,POL,NOR,6522
1221955,179,163,1047,2014.0,196114.0,0.0,0.763352,2.041559,PRT,NOR,6522
1221956,186,163,1047,2014.0,5024.0,1456.0,-0.006737000000000001,-0.172237,RUS,NOR,6522
1221957,192,163,1047,2014.0,1607.0,13745.0,1.750361,0.63849,SGP,NOR,6522
1221958,206,163,1047,2014.0,1248.0,0.0,1.525525,0.773486,SVK,NOR,6522
1221959,208,163,1047,2014.0,2067663.0,453215.0,1.7256330000000002,0.395804,SWE,NOR,6522
1221960,216,163,1047,2014.0,21381.0,18453.0,1.111392,1.3500370000000002,THA,NOR,6522
1221961,223,163,1047,2014.0,5126.0,0.0,0.45973800000000004,0.9595459999999999,TUN,NOR,6522
1221962,224,163,1047,2014.0,495614.0,0.0,0.6641600000000001,2.091193,TUR,NOR,6522
1221963,231,163,1047,2014.0,709217.0,8717.0,1.569577,-0.293173,USA,NOR,6522
1221964,239,163,1047,2014.0,3352.0,5861.0,0.135762,1.182052,VNM,NOR,6522
1221965,249,163,1047,2014.0,5926.0,0.0,1.850481,1.081809,TWN,NOR,6522
1221966,7,166,1047,2014.0,0.0,1950.0,-0.121018,-0.51841,ARE,NZL,6522
1221967,10,166,1047,2014.0,0.0,116891.0,0.9157930000000001,0.025742,ASM,NZL,6522
1221968,14,166,1047,2014.0,1187285.0,1423818.0,-0.587779,-0.29813,AUS,NZL,6522
1221969,15,166,1047,2014.0,1502.0,0.0,1.782532,-0.84455,AUT,NZL,6522
1221970,18,166,1047,2014.0,115240.0,0.0,1.182934,1.1967139999999998,BEL,NZL,6522
1221971,32,166,1047,2014.0,1093.0,0.0,0.23286700000000002,0.968366,BRA,NZL,6522
1221972,39,166,1047,2014.0,41864.0,19887.0,0.6145430000000001,1.1815360000000001,CAN,NZL,6522
1221973,41,166,1047,2014.0,7891.0,6593.0,2.027022,0.780257,CHE,NZL,6522
1221974,43,166,1047,2014.0,3529036.0,109228.0,1.316443,0.35039899999999996,CHN,NZL,6522
1221975,48,166,1047,2014.0,0.0,86746.0,0.294978,-0.634726,COK,NZL,6522
1221976,58,166,1047,2014.0,5095.0,0.0,0.476854,0.572103,CYP,NZL,6522
1221977,61,166,1047,2014.0,165592.0,11239.0,2.106119,-3.225189,DEU,NZL,6522
1221978,64,166,1047,2014.0,52961.0,0.0,1.15411,1.160462,DNK,NZL,6522
1221979,68,166,1047,2014.0,16999.0,0.0,-0.036009,2.027503,EGY,NZL,6522
1221980,71,166,1047,2014.0,243240.0,0.0,0.9574159999999999,1.787233,ESP,NZL,6522
1221981,74,166,1047,2014.0,71435.0,1376.0,1.591758,0.9737819999999999,FIN,NZL,6522
1221982,75,166,1047,2014.0,63988.0,453697.0,-0.20919699999999997,0.095276,FJI,NZL,6522
1221983,77,166,1047,2014.0,118448.0,3324.0,1.432323,0.43023,FRA,NZL,6522
1221984,81,166,1047,2014.0,2188047.0,67585.0,1.542804,0.915499,GBR,NZL,6522
1221985,97,166,1047,2014.0,172151.0,158852.0,0.9198440000000001,1.257131,HKG,NZL,6522
1221986,103,166,1047,2014.0,391277.0,50641.0,0.068135,1.672437,IDN,NZL,6522
1221987,104,166,1047,2014.0,753017.0,8974.0,0.236316,2.659173,IND,NZL,6522
1221988,106,166,1047,2014.0,8616.0,0.0,1.3749790000000002,0.41131899999999993,IRL,NZL,6522
1221989,111,166,1047,2014.0,684062.0,1007.0,1.476328,-0.293302,ITA,NZL,6522
1221990,114,166,1047,2014.0,389808.0,4432.0,2.297789,-0.58585,JPN,NZL,6522
1221991,119,166,1047,2014.0,0.0,16530.0,0.321741,-0.633105,KIR,NZL,6522
1221992,121,166,1047,2014.0,687341.0,0.0,1.9642650000000001,0.86425,KOR,NZL,6522
1221993,122,166,1047,2014.0,0.0,5157.0,-1.2601069999999999,-1.0929360000000001,KWT,NZL,6522
1221994,128,166,1047,2014.0,11480.0,12538.0,-0.30641399999999996,0.29736799999999997,LKA,NZL,6522
1221995,151,166,1047,2014.0,1930.0,0.0,-0.055786,-0.1488,MUS,NZL,6522
1221996,153,166,1047,2014.0,322756.0,1199.0,0.995226,0.7797810000000001,MYS,NZL,6522
1221997,156,166,1047,2014.0,0.0,174841.0,-0.201994,-0.723618,NCL,NZL,6522
1221998,161,166,1047,2014.0,0.0,3849.0,1.7213029999999998,0.62411,NIU,NZL,6522
1221999,162,166,1047,2014.0,149339.0,13433.0,1.08881,1.320941,NLD,NZL,6522
1222000,168,166,1047,2014.0,3227337.0,0.0,-0.595946,0.493716,PAK,NZL,6522
1222001,173,166,1047,2014.0,4446.0,0.0,-0.617883,0.427092,PER,NZL,6522
1222002,176,166,1047,2014.0,0.0,3384.0,-1.564344,-1.165548,PNG,NZL,6522
1222003,179,166,1047,2014.0,8409.0,6798.0,0.763352,2.041559,PRT,NZL,6522
1222004,182,166,1047,2014.0,0.0,405779.0,-0.187778,-0.7217060000000001,PYF,NZL,6522
1222005,186,166,1047,2014.0,0.0,7108.0,-0.006737000000000001,-0.172237,RUS,NZL,6522
1222006,192,166,1047,2014.0,48023.0,17110.0,1.750361,0.63849,SGP,NZL,6522
1222007,195,166,1047,2014.0,0.0,126795.0,-0.990974,-0.930271,SLB,NZL,6522
1222008,196,166,1047,2014.0,1169.0,0.0,-0.718496,-0.750311,SLE,NZL,6522
1222009,208,166,1047,2014.0,4817.0,19325.0,1.7256330000000002,0.395804,SWE,NZL,6522
1222010,216,166,1047,2014.0,903000.0,1026.0,1.111392,1.3500370000000002,THA,NZL,6522
1222011,221,166,1047,2014.0,0.0,56475.0,-0.11423299999999999,-0.431381,TON,NZL,6522
1222012,224,166,1047,2014.0,742710.0,0.0,0.6641600000000001,2.091193,TUR,NZL,6522
1222013,231,166,1047,2014.0,1133986.0,855423.0,1.569577,-0.293173,USA,NZL,6522
1222014,239,166,1047,2014.0,1519.0,42348.0,0.135762,1.182052,VNM,NZL,6522
1222015,240,166,1047,2014.0,0.0,126246.0,-1.103645,-0.978606,VUT,NZL,6522
1222016,241,166,1047,2014.0,0.0,2278.0,1.03308,-0.30007399999999995,WLF,NZL,6522
1222017,242,166,1047,2014.0,0.0,220898.0,0.576162,0.094416,WSM,NZL,6522
1222018,246,166,1047,2014.0,60681.0,4677.0,0.156414,1.873848,ZAF,NZL,6522
1222019,249,166,1047,2014.0,238990.0,0.0,1.850481,1.081809,TWN,NZL,6522
1222020,0,169,1047,2014.0,0.0,3527.0,0.279562,-0.371938,ABW,PAN,6522
1222021,13,169,1047,2014.0,0.0,3492.0,0.048253,-0.618061,ATG,PAN,6522
1222022,29,169,1047,2014.0,0.0,42600.0,-0.15501700000000002,-0.507759,BLZ,PAN,6522
1222023,31,169,1047,2014.0,0.0,4313.0,-1.200516,-1.052286,BOL,PAN,6522
1222024,32,169,1047,2014.0,615420.0,0.0,0.23286700000000002,0.968366,BRA,PAN,6522
1222025,39,169,1047,2014.0,46044.0,5068.0,0.6145430000000001,1.1815360000000001,CAN,PAN,6522
1222026,42,169,1047,2014.0,0.0,7286.0,-0.196236,-0.162428,CHL,PAN,6522
1222027,43,169,1047,2014.0,13392818.0,0.0,1.316443,0.35039899999999996,CHN,PAN,6522
1222028,49,169,1047,2014.0,0.0,114522.0,0.084348,-0.39008200000000004,COL,PAN,6522
1222029,52,169,1047,2014.0,14376.0,11336231.0,0.13936500000000002,-0.573277,CRI,PAN,6522
1222030,54,169,1047,2014.0,0.0,19009.0,-0.5320560000000001,-0.941575,CUB,PAN,6522
1222031,61,169,1047,2014.0,24195.0,0.0,2.106119,-3.225189,DEU,PAN,6522
1222032,65,169,1047,2014.0,10602.0,113643.0,-0.076532,0.472746,DOM,PAN,6522
1222033,67,169,1047,2014.0,0.0,102325.0,-1.0520559999999999,-1.109638,ECU,PAN,6522
1222034,68,169,1047,2014.0,8365.0,0.0,-0.036009,2.027503,EGY,PAN,6522
1222035,71,169,1047,2014.0,421512.0,0.0,0.9574159999999999,1.787233,ESP,PAN,6522
1222036,77,169,1047,2014.0,22193.0,0.0,1.432323,0.43023,FRA,PAN,6522
1222037,81,169,1047,2014.0,3532.0,0.0,1.542804,0.915499,GBR,PAN,6522
1222038,90,169,1047,2014.0,0.0,22396.0,0.064193,0.955633,GRC,PAN,6522
1222039,93,169,1047,2014.0,4193.0,527704.0,-0.24762199999999998,0.536379,GTM,PAN,6522
1222040,96,169,1047,2014.0,0.0,1256.0,-0.88674,-1.048691,GUY,PAN,6522
1222041,97,169,1047,2014.0,78174.0,0.0,0.9198440000000001,1.257131,HKG,PAN,6522
1222042,99,169,1047,2014.0,0.0,342594.0,-0.372433,0.036463,HND,PAN,6522
1222043,103,169,1047,2014.0,42545.0,0.0,0.068135,1.672437,IDN,PAN,6522
1222044,104,169,1047,2014.0,659258.0,0.0,0.236316,2.659173,IND,PAN,6522
1222045,111,169,1047,2014.0,74848.0,0.0,1.476328,-0.293302,ITA,PAN,6522
1222046,112,169,1047,2014.0,0.0,15806.0,-0.390841,-0.804425,JAM,PAN,6522
1222047,121,169,1047,2014.0,30536.0,0.0,1.9642650000000001,0.86425,KOR,PAN,6522
1222048,127,169,1047,2014.0,0.0,8903.0,0.636416,-0.464264,LCA,PAN,6522
1222049,128,169,1047,2014.0,0.0,5025.0,-0.30641399999999996,0.29736799999999997,LKA,PAN,6522
1222050,138,169,1047,2014.0,10269.0,0.0,1.292327,0.713879,MEX,PAN,6522
1222051,168,169,1047,2014.0,1166512.0,0.0,-0.595946,0.493716,PAK,PAN,6522
1222052,173,169,1047,2014.0,162542.0,0.0,-0.617883,0.427092,PER,PAN,6522
1222053,197,169,1047,2014.0,11592.0,86695.0,0.11639200000000001,0.368644,SLV,PAN,6522
1222054,205,169,1047,2014.0,0.0,193344.0,-0.278229,-0.9962840000000001,SUR,PAN,6522
1222055,216,169,1047,2014.0,97642.0,0.0,1.111392,1.3500370000000002,THA,PAN,6522
1222056,222,169,1047,2014.0,0.0,33442.0,-0.582991,-1.055078,TTO,PAN,6522
1222057,231,169,1047,2014.0,231820.0,27932.0,1.569577,-0.293173,USA,PAN,6522
1222058,236,169,1047,2014.0,0.0,1715799.0,-1.1668459999999998,-1.134262,VEN,PAN,6522
1222059,250,169,1047,2014.0,16775.0,118810.0,0.426964,0.138883,ANS,PAN,6522
1222060,8,173,1047,2014.0,6121.0,2005402.0,-0.047848,0.48062,ARG,PER,6522
1222061,14,173,1047,2014.0,0.0,6590.0,-0.587779,-0.29813,AUS,PER,6522
1222062,18,173,1047,2014.0,9990.0,0.0,1.182934,1.1967139999999998,BEL,PER,6522
1222063,31,173,1047,2014.0,0.0,1068440.0,-1.200516,-1.052286,BOL,PER,6522
1222064,32,173,1047,2014.0,11309977.0,4537892.0,0.23286700000000002,0.968366,BRA,PER,6522
1222065,39,173,1047,2014.0,156984.0,54786.0,0.6145430000000001,1.1815360000000001,CAN,PER,6522
1222066,41,173,1047,2014.0,0.0,1404.0,2.027022,0.780257,CHE,PER,6522
1222067,42,173,1047,2014.0,599365.0,457471.0,-0.196236,-0.162428,CHL,PER,6522
1222068,43,173,1047,2014.0,25373768.0,22374.0,1.316443,0.35039899999999996,CHN,PER,6522
1222069,49,173,1047,2014.0,6364268.0,13265807.0,0.084348,-0.39008200000000004,COL,PER,6522
1222070,52,173,1047,2014.0,0.0,21306.0,0.13936500000000002,-0.573277,CRI,PER,6522
1222071,59,173,1047,2014.0,4698.0,0.0,1.761204,-0.148263,CZE,PER,6522
1222072,61,173,1047,2014.0,4142.0,21521.0,2.106119,-3.225189,DEU,PER,6522
1222073,64,173,1047,2014.0,0.0,29037.0,1.15411,1.160462,DNK,PER,6522
1222074,65,173,1047,2014.0,0.0,289432.0,-0.076532,0.472746,DOM,PER,6522
1222075,67,173,1047,2014.0,1032786.0,19993362.0,-1.0520559999999999,-1.109638,ECU,PER,6522
1222076,68,173,1047,2014.0,106747.0,0.0,-0.036009,2.027503,EGY,PER,6522
1222077,71,173,1047,2014.0,704966.0,21158.0,0.9574159999999999,1.787233,ESP,PER,6522
1222078,74,173,1047,2014.0,0.0,1506771.0,1.591758,0.9737819999999999,FIN,PER,6522
1222079,77,173,1047,2014.0,134811.0,3075.0,1.432323,0.43023,FRA,PER,6522
1222080,81,173,1047,2014.0,465191.0,0.0,1.542804,0.915499,GBR,PER,6522
1222081,97,173,1047,2014.0,245216.0,1761.0,0.9198440000000001,1.257131,HKG,PER,6522
1222082,99,173,1047,2014.0,0.0,155240.0,-0.372433,0.036463,HND,PER,6522
1222083,103,173,1047,2014.0,22068.0,0.0,0.068135,1.672437,IDN,PER,6522
1222084,104,173,1047,2014.0,8731895.0,0.0,0.236316,2.659173,IND,PER,6522
1222085,111,173,1047,2014.0,410997.0,75644.0,1.476328,-0.293302,ITA,PER,6522
1222086,112,173,1047,2014.0,0.0,6328.0,-0.390841,-0.804425,JAM,PER,6522
1222087,114,173,1047,2014.0,0.0,73078.0,2.297789,-0.58585,JPN,PER,6522
1222088,121,173,1047,2014.0,132008.0,3328.0,1.9642650000000001,0.86425,KOR,PER,6522
1222089,138,173,1047,2014.0,3724250.0,1122508.0,1.292327,0.713879,MEX,PER,6522
1222090,162,173,1047,2014.0,48984.0,0.0,1.08881,1.320941,NLD,PER,6522
1222091,166,173,1047,2014.0,0.0,4446.0,0.123649,0.26129,NZL,PER,6522
1222092,168,173,1047,2014.0,10493355.0,0.0,-0.595946,0.493716,PAK,PER,6522
1222093,169,173,1047,2014.0,0.0,162542.0,0.8997200000000001,0.9699139999999999,PAN,PER,6522
1222094,179,173,1047,2014.0,3513.0,0.0,0.763352,2.041559,PRT,PER,6522
1222095,180,173,1047,2014.0,1925.0,122526.0,-0.612822,-0.8764139999999999,PRY,PER,6522
1222096,192,173,1047,2014.0,4621.0,0.0,1.750361,0.63849,SGP,PER,6522
1222097,197,173,1047,2014.0,1052.0,130424.0,0.11639200000000001,0.368644,SLV,PER,6522
1222098,216,173,1047,2014.0,3088310.0,30673.0,1.111392,1.3500370000000002,THA,PER,6522
1222099,224,173,1047,2014.0,98034.0,40030.0,0.6641600000000001,2.091193,TUR,PER,6522
1222100,230,173,1047,2014.0,0.0,15554.0,0.155247,-0.091751,URY,PER,6522
1222101,231,173,1047,2014.0,472205.0,2335151.0,1.569577,-0.293173,USA,PER,6522
1222102,236,173,1047,2014.0,38008.0,5357240.0,-1.1668459999999998,-1.134262,VEN,PER,6522
1222103,246,173,1047,2014.0,0.0,8712.0,0.156414,1.873848,ZAF,PER,6522
1222104,249,173,1047,2014.0,1486010.0,0.0,1.850481,1.081809,TWN,PER,6522
1222105,7,174,1047,2014.0,16695.0,1608.0,-0.121018,-0.51841,ARE,PHL,6522
1222106,14,174,1047,2014.0,4113.0,0.0,-0.587779,-0.29813,AUS,PHL,6522
1222107,18,174,1047,2014.0,153195.0,0.0,1.182934,1.1967139999999998,BEL,PHL,6522
1222108,24,174,1047,2014.0,21696.0,0.0,0.087173,-0.542374,BHR,PHL,6522
1222109,39,174,1047,2014.0,1644.0,0.0,0.6145430000000001,1.1815360000000001,CAN,PHL,6522
1222110,41,174,1047,2014.0,329041.0,50002.0,2.027022,0.780257,CHE,PHL,6522
1222111,43,174,1047,2014.0,172474016.0,91526.0,1.316443,0.35039899999999996,CHN,PHL,6522
1222112,59,174,1047,2014.0,0.0,2315.0,1.761204,-0.148263,CZE,PHL,6522
1222113,61,174,1047,2014.0,4049071.0,32343.0,2.106119,-3.225189,DEU,PHL,6522
1222114,68,174,1047,2014.0,27268.0,0.0,-0.036009,2.027503,EGY,PHL,6522
1222115,71,174,1047,2014.0,376455.0,1831.0,0.9574159999999999,1.787233,ESP,PHL,6522
1222116,77,174,1047,2014.0,65338.0,0.0,1.432323,0.43023,FRA,PHL,6522
1222117,79,174,1047,2014.0,0.0,4477.0,-0.32612800000000003,-0.8335809999999999,FSM,PHL,6522
1222118,81,174,1047,2014.0,291494.0,12543.0,1.542804,0.915499,GBR,PHL,6522
1222119,95,174,1047,2014.0,0.0,14497.0,0.642578,-0.143714,GUM,PHL,6522
1222120,97,174,1047,2014.0,11741886.0,221747.0,0.9198440000000001,1.257131,HKG,PHL,6522
1222121,103,174,1047,2014.0,5215313.0,5194.0,0.068135,1.672437,IDN,PHL,6522
1222122,104,174,1047,2014.0,2794228.0,2698.0,0.236316,2.659173,IND,PHL,6522
1222123,111,174,1047,2014.0,1440521.0,10639.0,1.476328,-0.293302,ITA,PHL,6522
1222124,114,174,1047,2014.0,5260053.0,0.0,2.297789,-0.58585,JPN,PHL,6522
1222125,121,174,1047,2014.0,5316012.0,25522.0,1.9642650000000001,0.86425,KOR,PHL,6522
1222126,122,174,1047,2014.0,13636.0,0.0,-1.2601069999999999,-1.0929360000000001,KWT,PHL,6522
1222127,124,174,1047,2014.0,0.0,23255.0,0.32006799999999996,1.666039,LBN,PHL,6522
1222128,128,174,1047,2014.0,1750.0,0.0,-0.30641399999999996,0.29736799999999997,LKA,PHL,6522
1222129,133,174,1047,2014.0,0.0,49911.0,0.781301,0.522065,MAC,PHL,6522
1222130,153,174,1047,2014.0,1175908.0,0.0,0.995226,0.7797810000000001,MYS,PHL,6522
1222131,162,174,1047,2014.0,100049.0,3743.0,1.08881,1.320941,NLD,PHL,6522
1222132,163,174,1047,2014.0,0.0,1139.0,0.678424,0.137871,NOR,PHL,6522
1222133,168,174,1047,2014.0,1535264.0,0.0,-0.595946,0.493716,PAK,PHL,6522
1222134,179,174,1047,2014.0,23498.0,0.0,0.763352,2.041559,PRT,PHL,6522
1222135,186,174,1047,2014.0,0.0,3444.0,-0.006737000000000001,-0.172237,RUS,PHL,6522
1222136,192,174,1047,2014.0,496173.0,0.0,1.750361,0.63849,SGP,PHL,6522
1222137,216,174,1047,2014.0,7876964.0,0.0,1.111392,1.3500370000000002,THA,PHL,6522
1222138,223,174,1047,2014.0,0.0,1139.0,0.45973800000000004,0.9595459999999999,TUN,PHL,6522
1222139,224,174,1047,2014.0,3696062.0,17956.0,0.6641600000000001,2.091193,TUR,PHL,6522
1222140,231,174,1047,2014.0,633640.0,52166.0,1.569577,-0.293173,USA,PHL,6522
1222141,239,174,1047,2014.0,1423044.0,1668140.0,0.135762,1.182052,VNM,PHL,6522
1222142,249,174,1047,2014.0,17616444.0,9980.0,1.850481,1.081809,TWN,PHL,6522
1222143,4,177,1047,2014.0,0.0,65901.0,-0.44000200000000006,-0.168443,ALB,POL,6522
1222144,7,177,1047,2014.0,520447.0,1215633.0,-0.121018,-0.51841,ARE,POL,6522
1222145,14,177,1047,2014.0,9421.0,2436.0,-0.587779,-0.29813,AUS,POL,6522
1222146,15,177,1047,2014.0,2968779.0,21016.0,1.782532,-0.84455,AUT,POL,6522
1222147,18,177,1047,2014.0,4366682.0,132051.0,1.182934,1.1967139999999998,BEL,POL,6522
1222148,23,177,1047,2014.0,282678.0,2810229.0,0.611912,1.594597,BGR,POL,6522
1222149,24,177,1047,2014.0,1672401.0,0.0,0.087173,-0.542374,BHR,POL,6522
1222150,26,177,1047,2014.0,13297.0,3258212.0,0.737556,0.9815530000000001,BIH,POL,6522
1222151,28,177,1047,2014.0,25600.0,1813157.0,0.929114,0.7313069999999999,BLR,POL,6522
1222152,32,177,1047,2014.0,61181.0,0.0,0.23286700000000002,0.968366,BRA,POL,6522
1222153,39,177,1047,2014.0,12730.0,4090.0,0.6145430000000001,1.1815360000000001,CAN,POL,6522
1222154,41,177,1047,2014.0,479370.0,184967.0,2.027022,0.780257,CHE,POL,6522
1222155,43,177,1047,2014.0,18226072.0,9239.0,1.316443,0.35039899999999996,CHN,POL,6522
1222156,59,177,1047,2014.0,5524654.0,1693747.0,1.761204,-0.148263,CZE,POL,6522
1222157,61,177,1047,2014.0,130025416.0,1649391.0,2.106119,-3.225189,DEU,POL,6522
1222158,64,177,1047,2014.0,8338461.0,1159668.0,1.15411,1.160462,DNK,POL,6522
1222159,66,177,1047,2014.0,0.0,1599.0,-1.427966,-1.1216760000000001,DZA,POL,6522
1222160,68,177,1047,2014.0,1418487.0,27507.0,-0.036009,2.027503,EGY,POL,6522
1222161,71,177,1047,2014.0,18644142.0,342539.0,0.9574159999999999,1.787233,ESP,POL,6522
1222162,72,177,1047,2014.0,1280123.0,349958.0,1.022704,1.175645,EST,POL,6522
1222163,74,177,1047,2014.0,15220.0,34342.0,1.591758,0.9737819999999999,FIN,POL,6522
1222164,77,177,1047,2014.0,8480936.0,486071.0,1.432323,0.43023,FRA,POL,6522
1222165,81,177,1047,2014.0,4722564.0,543229.0,1.542804,0.915499,GBR,POL,6522
1222166,90,177,1047,2014.0,242266.0,71271.0,0.064193,0.955633,GRC,POL,6522
1222167,97,177,1047,2014.0,449813.0,4039.0,0.9198440000000001,1.257131,HKG,POL,6522
1222168,100,177,1047,2014.0,32350.0,247012.0,0.8627809999999999,1.3475549999999998,HRV,POL,6522
1222169,102,177,1047,2014.0,193431.0,1339265.0,1.713536,0.5681729999999999,HUN,POL,6522
1222170,103,177,1047,2014.0,62593.0,0.0,0.068135,1.672437,IDN,POL,6522
1222171,104,177,1047,2014.0,1635299.0,0.0,0.236316,2.659173,IND,POL,6522
1222172,106,177,1047,2014.0,8737.0,33271.0,1.3749790000000002,0.41131899999999993,IRL,POL,6522
1222173,110,177,1047,2014.0,58296.0,6527.0,0.9753860000000001,0.810342,ISR,POL,6522
1222174,111,177,1047,2014.0,45349836.0,2723772.0,1.476328,-0.293302,ITA,POL,6522
1222175,114,177,1047,2014.0,303630.0,0.0,2.297789,-0.58585,JPN,POL,6522
1222176,115,177,1047,2014.0,0.0,16554.0,-0.503438,-0.5477850000000001,KAZ,POL,6522
1222177,117,177,1047,2014.0,0.0,1966.0,-0.11451099999999999,0.358754,KGZ,POL,6522
1222178,121,177,1047,2014.0,398907.0,0.0,1.9642650000000001,0.86425,KOR,POL,6522
1222179,122,177,1047,2014.0,0.0,1305.0,-1.2601069999999999,-1.0929360000000001,KWT,POL,6522
1222180,124,177,1047,2014.0,0.0,5110.0,0.32006799999999996,1.666039,LBN,POL,6522
1222181,130,177,1047,2014.0,1204961.0,1490630.0,0.679488,1.558981,LTU,POL,6522
1222182,131,177,1047,2014.0,25072.0,0.0,1.093816,1.270669,LUX,POL,6522
1222183,132,177,1047,2014.0,25077.0,129050.0,0.6501,1.35321,LVA,POL,6522
1222184,134,177,1047,2014.0,18876.0,682624.0,-0.429457,0.039947,MAR,POL,6522
1222185,135,177,1047,2014.0,676298.0,1771769.0,0.031916,0.24264499999999997,MDA,POL,6522
1222186,138,177,1047,2014.0,1343870.0,0.0,1.292327,0.713879,MEX,POL,6522
1222187,140,177,1047,2014.0,27008.0,483156.0,-0.216313,-0.214403,MKD,POL,6522
1222188,151,177,1047,2014.0,100959.0,0.0,-0.055786,-0.1488,MUS,POL,6522
1222189,153,177,1047,2014.0,139217.0,0.0,0.995226,0.7797810000000001,MYS,POL,6522
1222190,155,177,1047,2014.0,3625.0,0.0,-0.5218020000000001,-0.502617,NAM,POL,6522
1222191,159,177,1047,2014.0,0.0,52897.0,-1.9012419999999999,-1.229264,NGA,POL,6522
1222192,162,177,1047,2014.0,14352162.0,1422126.0,1.08881,1.320941,NLD,POL,6522
1222193,163,177,1047,2014.0,66236.0,43550.0,0.678424,0.137871,NOR,POL,6522
1222194,168,177,1047,2014.0,16672568.0,13445.0,-0.595946,0.493716,PAK,POL,6522
1222195,179,177,1047,2014.0,2074178.0,9652.0,0.763352,2.041559,PRT,POL,6522
1222196,185,177,1047,2014.0,483097.0,4160696.0,1.0837940000000001,1.199571,ROU,POL,6522
1222197,186,177,1047,2014.0,45221.0,897260.0,-0.006737000000000001,-0.172237,RUS,POL,6522
1222198,192,177,1047,2014.0,4307.0,0.0,1.750361,0.63849,SGP,POL,6522
1222199,198,177,1047,2014.0,61547.0,0.0,1.1475870000000001,0.742538,SMR,POL,6522
1222200,201,177,1047,2014.0,2681.0,2032581.0,0.6017979999999999,1.328124,SRB,POL,6522
1222201,206,177,1047,2014.0,10072310.0,3835304.0,1.525525,0.773486,SVK,POL,6522
1222202,207,177,1047,2014.0,305192.0,83460.0,1.554693,0.633504,SVN,POL,6522
1222203,208,177,1047,2014.0,2165309.0,150517.0,1.7256330000000002,0.395804,SWE,POL,6522
1222204,212,177,1047,2014.0,0.0,14904.0,-0.22825,0.803708,SYR,POL,6522
1222205,213,177,1047,2014.0,104205.0,0.0,0.566988,0.050384,TCA,POL,6522
1222206,216,177,1047,2014.0,2595658.0,0.0,1.111392,1.3500370000000002,THA,POL,6522
1222207,217,177,1047,2014.0,446048.0,0.0,-0.9002680000000001,-1.05621,TJK,POL,6522
1222208,219,177,1047,2014.0,1140387.0,0.0,-0.961465,-1.1428559999999999,TKM,POL,6522
1222209,223,177,1047,2014.0,319007.0,942484.0,0.45973800000000004,0.9595459999999999,TUN,POL,6522
1222210,224,177,1047,2014.0,50511008.0,951446.0,0.6641600000000001,2.091193,TUR,POL,6522
1222211,228,177,1047,2014.0,35757.0,9068795.0,0.505369,1.07634,UKR,POL,6522
1222212,231,177,1047,2014.0,605874.0,944348.0,1.569577,-0.293173,USA,POL,6522
1222213,232,177,1047,2014.0,27492.0,0.0,-0.422387,-0.44193599999999994,UZB,POL,6522
1222214,236,177,1047,2014.0,9092.0,0.0,-1.1668459999999998,-1.134262,VEN,POL,6522
1222215,239,177,1047,2014.0,6341.0,0.0,0.135762,1.182052,VNM,POL,6522
1222216,246,177,1047,2014.0,0.0,11032.0,0.156414,1.873848,ZAF,POL,6522
1222217,249,177,1047,2014.0,242581.0,0.0,1.850481,1.081809,TWN,POL,6522
1222218,250,177,1047,2014.0,40343.0,3130.0,0.426964,0.138883,ANS,POL,6522
1222219,2,179,1047,2014.0,0.0,1370601.0,-1.547068,-1.121438,AGO,PRT,6522
1222220,7,179,1047,2014.0,0.0,147438.0,-0.121018,-0.51841,ARE,PRT,6522
1222221,8,179,1047,2014.0,0.0,33719.0,-0.047848,0.48062,ARG,PRT,6522
1222222,14,179,1047,2014.0,3346.0,80353.0,-0.587779,-0.29813,AUS,PRT,6522
1222223,15,179,1047,2014.0,1630542.0,3102230.0,1.782532,-0.84455,AUT,PRT,6522
1222224,18,179,1047,2014.0,5703674.0,5440320.0,1.182934,1.1967139999999998,BEL,PRT,6522
1222225,22,179,1047,2014.0,4304.0,96815.0,-0.76547,-0.9645469999999999,BGD,PRT,6522
1222226,23,179,1047,2014.0,21628.0,1528368.0,0.611912,1.594597,BGR,PRT,6522
1222227,24,179,1047,2014.0,0.0,1894.0,0.087173,-0.542374,BHR,PRT,6522
1222228,26,179,1047,2014.0,0.0,315164.0,0.737556,0.9815530000000001,BIH,PRT,6522
1222229,28,179,1047,2014.0,0.0,121373.0,0.929114,0.7313069999999999,BLR,PRT,6522
1222230,32,179,1047,2014.0,139907.0,101286.0,0.23286700000000002,0.968366,BRA,PRT,6522
1222231,39,179,1047,2014.0,6919.0,403466.0,0.6145430000000001,1.1815360000000001,CAN,PRT,6522
1222232,41,179,1047,2014.0,1002309.0,443102.0,2.027022,0.780257,CHE,PRT,6522
1222233,42,179,1047,2014.0,0.0,65158.0,-0.196236,-0.162428,CHL,PRT,6522
1222234,43,179,1047,2014.0,4230842.0,2935347.0,1.316443,0.35039899999999996,CHN,PRT,6522
1222235,44,179,1047,2014.0,0.0,14989.0,-0.854784,-0.781877,CIV,PRT,6522
1222236,49,179,1047,2014.0,0.0,96986.0,0.084348,-0.39008200000000004,COL,PRT,6522
1222237,51,179,1047,2014.0,0.0,1339197.0,-0.287482,-0.719359,CPV,PRT,6522
1222238,58,179,1047,2014.0,0.0,23301.0,0.476854,0.572103,CYP,PRT,6522
1222239,59,179,1047,2014.0,559888.0,370554.0,1.761204,-0.148263,CZE,PRT,6522
1222240,61,179,1047,2014.0,6930689.0,15675621.0,2.106119,-3.225189,DEU,PRT,6522
1222241,64,179,1047,2014.0,1302367.0,1733493.0,1.15411,1.160462,DNK,PRT,6522
1222242,66,179,1047,2014.0,0.0,600394.0,-1.427966,-1.1216760000000001,DZA,PRT,6522
1222243,67,179,1047,2014.0,0.0,3003.0,-1.0520559999999999,-1.109638,ECU,PRT,6522
1222244,68,179,1047,2014.0,999886.0,431350.0,-0.036009,2.027503,EGY,PRT,6522
1222245,71,179,1047,2014.0,45805300.0,28980102.0,0.9574159999999999,1.787233,ESP,PRT,6522
1222246,72,179,1047,2014.0,0.0,804279.0,1.022704,1.175645,EST,PRT,6522
1222247,74,179,1047,2014.0,0.0,328402.0,1.591758,0.9737819999999999,FIN,PRT,6522
1222248,77,179,1047,2014.0,3999148.0,10162055.0,1.432323,0.43023,FRA,PRT,6522
1222249,81,179,1047,2014.0,5176140.0,4000950.0,1.542804,0.915499,GBR,PRT,6522
1222250,90,179,1047,2014.0,127120.0,450826.0,0.064193,0.955633,GRC,PRT,6522
1222251,97,179,1047,2014.0,143469.0,2729385.0,0.9198440000000001,1.257131,HKG,PRT,6522
1222252,99,179,1047,2014.0,0.0,52149.0,-0.372433,0.036463,HND,PRT,6522
1222253,100,179,1047,2014.0,0.0,25875.0,0.8627809999999999,1.3475549999999998,HRV,PRT,6522
1222254,102,179,1047,2014.0,11501.0,587851.0,1.713536,0.5681729999999999,HUN,PRT,6522
1222255,103,179,1047,2014.0,3956.0,83842.0,0.068135,1.672437,IDN,PRT,6522
1222256,104,179,1047,2014.0,4797934.0,172345.0,0.236316,2.659173,IND,PRT,6522
1222257,106,179,1047,2014.0,63969.0,26698.0,1.3749790000000002,0.41131899999999993,IRL,PRT,6522
1222258,109,179,1047,2014.0,0.0,14230.0,0.130097,-0.313819,ISL,PRT,6522
1222259,111,179,1047,2014.0,61329092.0,11404373.0,1.476328,-0.293302,ITA,PRT,6522
1222260,114,179,1047,2014.0,875847.0,537422.0,2.297789,-0.58585,JPN,PRT,6522
1222261,115,179,1047,2014.0,0.0,6268.0,-0.503438,-0.5477850000000001,KAZ,PRT,6522
1222262,118,179,1047,2014.0,0.0,5672.0,-0.5871430000000001,-0.7545850000000001,KHM,PRT,6522
1222263,121,179,1047,2014.0,277891.0,406919.0,1.9642650000000001,0.86425,KOR,PRT,6522
1222264,122,179,1047,2014.0,0.0,6934.0,-1.2601069999999999,-1.0929360000000001,KWT,PRT,6522
1222265,124,179,1047,2014.0,0.0,33171.0,0.32006799999999996,1.666039,LBN,PRT,6522
1222266,128,179,1047,2014.0,0.0,63524.0,-0.30641399999999996,0.29736799999999997,LKA,PRT,6522
1222267,130,179,1047,2014.0,43520.0,650201.0,0.679488,1.558981,LTU,PRT,6522
1222268,132,179,1047,2014.0,0.0,33974.0,0.6501,1.35321,LVA,PRT,6522
1222269,133,179,1047,2014.0,0.0,4351.0,0.781301,0.522065,MAC,PRT,6522
1222270,134,179,1047,2014.0,180060.0,6388063.0,-0.429457,0.039947,MAR,PRT,6522
1222271,135,179,1047,2014.0,0.0,4806.0,0.031916,0.24264499999999997,MDA,PRT,6522
1222272,136,179,1047,2014.0,0.0,45212.0,-0.690485,-0.5090020000000001,MDG,PRT,6522
1222273,138,179,1047,2014.0,0.0,532059.0,1.292327,0.713879,MEX,PRT,6522
1222274,140,179,1047,2014.0,1491.0,399043.0,-0.216313,-0.214403,MKD,PRT,6522
1222275,142,179,1047,2014.0,0.0,2293.0,0.8871379999999999,0.088535,MLT,PRT,6522
1222276,143,179,1047,2014.0,0.0,1162.0,-1.350593,-1.1112229999999998,MMR,PRT,6522
1222277,147,179,1047,2014.0,0.0,40915.0,-1.03106,-0.9325260000000001,MOZ,PRT,6522
1222278,151,179,1047,2014.0,0.0,53016.0,-0.055786,-0.1488,MUS,PRT,6522
1222279,153,179,1047,2014.0,0.0,94444.0,0.995226,0.7797810000000001,MYS,PRT,6522
1222280,160,179,1047,2014.0,0.0,39086.0,-0.85321,-0.796656,NIC,PRT,6522
1222281,162,179,1047,2014.0,6552713.0,1525451.0,1.08881,1.320941,NLD,PRT,6522
1222282,163,179,1047,2014.0,0.0,196114.0,0.678424,0.137871,NOR,PRT,6522
1222283,166,179,1047,2014.0,6798.0,8409.0,0.123649,0.26129,NZL,PRT,6522
1222284,168,179,1047,2014.0,11904957.0,6667.0,-0.595946,0.493716,PAK,PRT,6522
1222285,173,179,1047,2014.0,0.0,3513.0,-0.617883,0.427092,PER,PRT,6522
1222286,174,179,1047,2014.0,0.0,23498.0,0.835601,0.589322,PHL,PRT,6522
1222287,177,179,1047,2014.0,9652.0,2074178.0,1.1328690000000001,1.043185,POL,PRT,6522
1222288,182,179,1047,2014.0,0.0,72615.0,-0.187778,-0.7217060000000001,PYF,PRT,6522
1222289,183,179,1047,2014.0,0.0,4826.0,-0.5604899999999999,-0.989015,QAT,PRT,6522
1222290,185,179,1047,2014.0,296276.0,3961642.0,1.0837940000000001,1.199571,ROU,PRT,6522
1222291,186,179,1047,2014.0,0.0,521669.0,-0.006737000000000001,-0.172237,RUS,PRT,6522
1222292,188,179,1047,2014.0,100827.0,144732.0,-0.188727,-0.8629459999999999,SAU,PRT,6522
1222293,190,179,1047,2014.0,0.0,6427.0,-1.473904,-1.154731,SDN,PRT,6522
1222294,192,179,1047,2014.0,0.0,32875.0,1.750361,0.63849,SGP,PRT,6522
1222295,197,179,1047,2014.0,0.0,8046371.0,0.11639200000000001,0.368644,SLV,PRT,6522
1222296,198,179,1047,2014.0,0.0,232693.0,1.1475870000000001,0.742538,SMR,PRT,6522
1222297,201,179,1047,2014.0,0.0,219513.0,0.6017979999999999,1.328124,SRB,PRT,6522
1222298,203,179,1047,2014.0,0.0,36955.0,1.227559,0.23416399999999998,STP,PRT,6522
1222299,206,179,1047,2014.0,132075.0,363884.0,1.525525,0.773486,SVK,PRT,6522
1222300,207,179,1047,2014.0,836168.0,71004.0,1.554693,0.633504,SVN,PRT,6522
1222301,208,179,1047,2014.0,1655181.0,851276.0,1.7256330000000002,0.395804,SWE,PRT,6522
1222302,212,179,1047,2014.0,0.0,54182.0,-0.22825,0.803708,SYR,PRT,6522
1222303,215,179,1047,2014.0,0.0,2632.0,-0.58937,-0.43368,TGO,PRT,6522
1222304,216,179,1047,2014.0,930538.0,257301.0,1.111392,1.3500370000000002,THA,PRT,6522
1222305,219,179,1047,2014.0,619070.0,0.0,-0.961465,-1.1428559999999999,TKM,PRT,6522
1222306,223,179,1047,2014.0,51303.0,3002767.0,0.45973800000000004,0.9595459999999999,TUN,PRT,6522
1222307,224,179,1047,2014.0,17375210.0,5162348.0,0.6641600000000001,2.091193,TUR,PRT,6522
1222308,228,179,1047,2014.0,0.0,211379.0,0.505369,1.07634,UKR,PRT,6522
1222309,230,179,1047,2014.0,173088.0,0.0,0.155247,-0.091751,URY,PRT,6522
1222310,231,179,1047,2014.0,365326.0,3704989.0,1.569577,-0.293173,USA,PRT,6522
1222311,232,179,1047,2014.0,91933.0,0.0,-0.422387,-0.44193599999999994,UZB,PRT,6522
1222312,239,179,1047,2014.0,0.0,731433.0,0.135762,1.182052,VNM,PRT,6522
1222313,246,179,1047,2014.0,0.0,113010.0,0.156414,1.873848,ZAF,PRT,6522
1222314,249,179,1047,2014.0,117969.0,13387.0,1.850481,1.081809,TWN,PRT,6522
1222315,8,180,1047,2014.0,121371.0,1778959.0,-0.047848,0.48062,ARG,PRY,6522
1222316,31,180,1047,2014.0,0.0,381995.0,-1.200516,-1.052286,BOL,PRY,6522
1222317,32,180,1047,2014.0,11526113.0,1169780.0,0.23286700000000002,0.968366,BRA,PRY,6522
1222318,39,180,1047,2014.0,45120.0,0.0,0.6145430000000001,1.1815360000000001,CAN,PRY,6522
1222319,41,180,1047,2014.0,123150.0,0.0,2.027022,0.780257,CHE,PRY,6522
1222320,42,180,1047,2014.0,3457682.0,648803.0,-0.196236,-0.162428,CHL,PRY,6522
1222321,43,180,1047,2014.0,13675039.0,0.0,1.316443,0.35039899999999996,CHN,PRY,6522
1222322,49,180,1047,2014.0,12283.0,84900.0,0.084348,-0.39008200000000004,COL,PRY,6522
1222323,52,180,1047,2014.0,0.0,3351.0,0.13936500000000002,-0.573277,CRI,PRY,6522
1222324,67,180,1047,2014.0,13920.0,0.0,-1.0520559999999999,-1.109638,ECU,PRY,6522
1222325,71,180,1047,2014.0,67422.0,0.0,0.9574159999999999,1.787233,ESP,PRY,6522
1222326,77,180,1047,2014.0,19626.0,0.0,1.432323,0.43023,FRA,PRY,6522
1222327,93,180,1047,2014.0,0.0,24639.0,-0.24762199999999998,0.536379,GTM,PRY,6522
1222328,97,180,1047,2014.0,481230.0,0.0,0.9198440000000001,1.257131,HKG,PRY,6522
1222329,103,180,1047,2014.0,117665.0,0.0,0.068135,1.672437,IDN,PRY,6522
1222330,104,180,1047,2014.0,414213.0,0.0,0.236316,2.659173,IND,PRY,6522
1222331,111,180,1047,2014.0,11078.0,0.0,1.476328,-0.293302,ITA,PRY,6522
1222332,114,180,1047,2014.0,5147.0,0.0,2.297789,-0.58585,JPN,PRY,6522
1222333,121,180,1047,2014.0,42465.0,0.0,1.9642650000000001,0.86425,KOR,PRY,6522
1222334,138,180,1047,2014.0,522446.0,0.0,1.292327,0.713879,MEX,PRY,6522
1222335,168,180,1047,2014.0,1086472.0,0.0,-0.595946,0.493716,PAK,PRY,6522
1222336,173,180,1047,2014.0,122526.0,1925.0,-0.617883,0.427092,PER,PRY,6522
1222337,224,180,1047,2014.0,332910.0,0.0,0.6641600000000001,2.091193,TUR,PRY,6522
1222338,230,180,1047,2014.0,0.0,213195.0,0.155247,-0.091751,URY,PRY,6522
1222339,231,180,1047,2014.0,355490.0,0.0,1.569577,-0.293173,USA,PRY,6522
1222340,249,180,1047,2014.0,31226.0,0.0,1.850481,1.081809,TWN,PRY,6522
1222341,250,180,1047,2014.0,0.0,152866.0,0.426964,0.138883,ANS,PRY,6522
1222342,43,181,1047,2014.0,303855.0,0.0,1.316443,0.35039899999999996,CHN,PSE,6522
1222343,61,181,1047,2014.0,87318.0,0.0,2.106119,-3.225189,DEU,PSE,6522
1222344,68,181,1047,2014.0,1972696.0,0.0,-0.036009,2.027503,EGY,PSE,6522
1222345,71,181,1047,2014.0,70103.0,0.0,0.9574159999999999,1.787233,ESP,PSE,6522
1222346,77,181,1047,2014.0,7748.0,0.0,1.432323,0.43023,FRA,PSE,6522
1222347,110,181,1047,2014.0,163478.0,396383.0,0.9753860000000001,0.810342,ISR,PSE,6522
1222348,111,181,1047,2014.0,5169.0,0.0,1.476328,-0.293302,ITA,PSE,6522
1222349,113,181,1047,2014.0,21542.0,0.0,0.23508800000000002,0.47597,JOR,PSE,6522
1222350,183,181,1047,2014.0,0.0,47824.0,-0.5604899999999999,-0.989015,QAT,PSE,6522
1222351,224,181,1047,2014.0,51452.0,0.0,0.6641600000000001,2.091193,TUR,PSE,6522
1222352,7,188,1047,2014.0,348442.0,0.0,-0.121018,-0.51841,ARE,SAU,6522
1222353,15,188,1047,2014.0,527561.0,0.0,1.782532,-0.84455,AUT,SAU,6522
1222354,18,188,1047,2014.0,47897.0,1277.0,1.182934,1.1967139999999998,BEL,SAU,6522
1222355,22,188,1047,2014.0,29716.0,0.0,-0.76547,-0.9645469999999999,BGD,SAU,6522
1222356,24,188,1047,2014.0,130582.0,11108.0,0.087173,-0.542374,BHR,SAU,6522
1222357,32,188,1047,2014.0,55431.0,0.0,0.23286700000000002,0.968366,BRA,SAU,6522
1222358,41,188,1047,2014.0,3736335.0,0.0,2.027022,0.780257,CHE,SAU,6522
1222359,43,188,1047,2014.0,13776856.0,0.0,1.316443,0.35039899999999996,CHN,SAU,6522
1222360,50,188,1047,2014.0,0.0,4615.0,0.21706399999999998,-0.6920810000000001,COM,SAU,6522
1222361,59,188,1047,2014.0,267616.0,0.0,1.761204,-0.148263,CZE,SAU,6522
1222362,61,188,1047,2014.0,2096807.0,0.0,2.106119,-3.225189,DEU,SAU,6522
1222363,64,188,1047,2014.0,38859.0,0.0,1.15411,1.160462,DNK,SAU,6522
1222364,68,188,1047,2014.0,10565312.0,0.0,-0.036009,2.027503,EGY,SAU,6522
1222365,71,188,1047,2014.0,3551478.0,455174.0,0.9574159999999999,1.787233,ESP,SAU,6522
1222366,77,188,1047,2014.0,1191643.0,3568.0,1.432323,0.43023,FRA,SAU,6522
1222367,81,188,1047,2014.0,1216425.0,61716.0,1.542804,0.915499,GBR,SAU,6522
1222368,97,188,1047,2014.0,2121.0,1399.0,0.9198440000000001,1.257131,HKG,SAU,6522
1222369,102,188,1047,2014.0,31571.0,0.0,1.713536,0.5681729999999999,HUN,SAU,6522
1222370,103,188,1047,2014.0,696692.0,0.0,0.068135,1.672437,IDN,SAU,6522
1222371,104,188,1047,2014.0,12567758.0,0.0,0.236316,2.659173,IND,SAU,6522
1222372,111,188,1047,2014.0,3153024.0,13857.0,1.476328,-0.293302,ITA,SAU,6522
1222373,113,188,1047,2014.0,19082.0,0.0,0.23508800000000002,0.47597,JOR,SAU,6522
1222374,114,188,1047,2014.0,1094406.0,0.0,2.297789,-0.58585,JPN,SAU,6522
1222375,121,188,1047,2014.0,466454.0,0.0,1.9642650000000001,0.86425,KOR,SAU,6522
1222376,122,188,1047,2014.0,54167.0,0.0,-1.2601069999999999,-1.0929360000000001,KWT,SAU,6522
1222377,124,188,1047,2014.0,1405557.0,36739.0,0.32006799999999996,1.666039,LBN,SAU,6522
1222378,126,188,1047,2014.0,0.0,29082.0,-1.539253,-1.159929,LBY,SAU,6522
1222379,134,188,1047,2014.0,0.0,5223.0,-0.429457,0.039947,MAR,SAU,6522
1222380,148,188,1047,2014.0,0.0,1843.0,-1.425856,-1.213441,MRT,SAU,6522
1222381,162,188,1047,2014.0,156305.0,0.0,1.08881,1.320941,NLD,SAU,6522
1222382,167,188,1047,2014.0,146176.0,0.0,-0.7307060000000001,-1.060975,OMN,SAU,6522
1222383,168,188,1047,2014.0,10592993.0,0.0,-0.595946,0.493716,PAK,SAU,6522
1222384,179,188,1047,2014.0,144732.0,100827.0,0.763352,2.041559,PRT,SAU,6522
1222385,183,188,1047,2014.0,0.0,63296.0,-0.5604899999999999,-0.989015,QAT,SAU,6522
1222386,190,188,1047,2014.0,0.0,61698.0,-1.473904,-1.154731,SDN,SAU,6522
1222387,192,188,1047,2014.0,87151.0,0.0,1.750361,0.63849,SGP,SAU,6522
1222388,208,188,1047,2014.0,3931.0,0.0,1.7256330000000002,0.395804,SWE,SAU,6522
1222389,216,188,1047,2014.0,598197.0,0.0,1.111392,1.3500370000000002,THA,SAU,6522
1222390,224,188,1047,2014.0,1439051.0,51837.0,0.6641600000000001,2.091193,TUR,SAU,6522
1222391,231,188,1047,2014.0,342730.0,250371.0,1.569577,-0.293173,USA,SAU,6522
1222392,243,188,1047,2014.0,6021.0,0.0,-1.178492,-1.2530629999999998,YEM,SAU,6522
1222393,246,188,1047,2014.0,75853.0,0.0,0.156414,1.873848,ZAF,SAU,6522
1222394,249,188,1047,2014.0,520018.0,0.0,1.850481,1.081809,TWN,SAU,6522
1222395,250,188,1047,2014.0,826300.0,0.0,0.426964,0.138883,ANS,SAU,6522
1222396,7,190,1047,2014.0,509545.0,0.0,-0.121018,-0.51841,ARE,SDN,6522
1222397,15,190,1047,2014.0,79068.0,0.0,1.782532,-0.84455,AUT,SDN,6522
1222398,41,190,1047,2014.0,991455.0,0.0,2.027022,0.780257,CHE,SDN,6522
1222399,43,190,1047,2014.0,1798430.0,0.0,1.316443,0.35039899999999996,CHN,SDN,6522
1222400,68,190,1047,2014.0,1973302.0,0.0,-0.036009,2.027503,EGY,SDN,6522
1222401,97,190,1047,2014.0,2910.0,0.0,0.9198440000000001,1.257131,HKG,SDN,6522
1222402,103,190,1047,2014.0,59845.0,0.0,0.068135,1.672437,IDN,SDN,6522
1222403,104,190,1047,2014.0,21349818.0,0.0,0.236316,2.659173,IND,SDN,6522
1222404,111,190,1047,2014.0,183493.0,0.0,1.476328,-0.293302,ITA,SDN,6522
1222405,114,190,1047,2014.0,2979.0,0.0,2.297789,-0.58585,JPN,SDN,6522
1222406,162,190,1047,2014.0,59860.0,0.0,1.08881,1.320941,NLD,SDN,6522
1222407,168,190,1047,2014.0,125761.0,0.0,-0.595946,0.493716,PAK,SDN,6522
1222408,179,190,1047,2014.0,6427.0,0.0,0.763352,2.041559,PRT,SDN,6522
1222409,188,190,1047,2014.0,61698.0,0.0,-0.188727,-0.8629459999999999,SAU,SDN,6522
1222410,192,190,1047,2014.0,165071.0,0.0,1.750361,0.63849,SGP,SDN,6522
1222411,209,190,1047,2014.0,4089.0,0.0,0.383407,-0.064228,SWZ,SDN,6522
1222412,216,190,1047,2014.0,23635.0,0.0,1.111392,1.3500370000000002,THA,SDN,6522
1222413,224,190,1047,2014.0,852250.0,0.0,0.6641600000000001,2.091193,TUR,SDN,6522
1222414,233,190,1047,2014.0,22137.0,0.0,1.215466,0.904742,VAT,SDN,6522
1222415,4,191,1047,2014.0,117042.0,0.0,-0.44000200000000006,-0.168443,ALB,SEN,6522
1222416,7,191,1047,2014.0,182803.0,0.0,-0.121018,-0.51841,ARE,SEN,6522
1222417,14,191,1047,2014.0,1035.0,0.0,-0.587779,-0.29813,AUS,SEN,6522
1222418,15,191,1047,2014.0,14382943.0,0.0,1.782532,-0.84455,AUT,SEN,6522
1222419,18,191,1047,2014.0,53317.0,2146.0,1.182934,1.1967139999999998,BEL,SEN,6522
1222420,32,191,1047,2014.0,0.0,10834.0,0.23286700000000002,0.968366,BRA,SEN,6522
1222421,41,191,1047,2014.0,359757.0,0.0,2.027022,0.780257,CHE,SEN,6522
1222422,43,191,1047,2014.0,60962140.0,0.0,1.316443,0.35039899999999996,CHN,SEN,6522
1222423,44,191,1047,2014.0,91923.0,16614.0,-0.854784,-0.781877,CIV,SEN,6522
1222424,47,191,1047,2014.0,0.0,1595.0,-1.359593,-1.101705,COG,SEN,6522
1222425,51,191,1047,2014.0,0.0,8166.0,-0.287482,-0.719359,CPV,SEN,6522
1222426,59,191,1047,2014.0,24318206.0,0.0,1.761204,-0.148263,CZE,SEN,6522
1222427,61,191,1047,2014.0,1527628.0,29591.0,2.106119,-3.225189,DEU,SEN,6522
1222428,68,191,1047,2014.0,86510.0,0.0,-0.036009,2.027503,EGY,SEN,6522
1222429,71,191,1047,2014.0,63280.0,1629.0,0.9574159999999999,1.787233,ESP,SEN,6522
1222430,77,191,1047,2014.0,1427087.0,23150.0,1.432323,0.43023,FRA,SEN,6522
1222431,81,191,1047,2014.0,289125.0,14247.0,1.542804,0.915499,GBR,SEN,6522
1222432,87,191,1047,2014.0,0.0,2856.0,-0.79725,-0.8249059999999999,GMB,SEN,6522
1222433,103,191,1047,2014.0,119432.0,0.0,0.068135,1.672437,IDN,SEN,6522
1222434,104,191,1047,2014.0,53913656.0,0.0,0.236316,2.659173,IND,SEN,6522
1222435,111,191,1047,2014.0,1129828.0,7762.0,1.476328,-0.293302,ITA,SEN,6522
1222436,134,191,1047,2014.0,118684.0,0.0,-0.429457,0.039947,MAR,SEN,6522
1222437,141,191,1047,2014.0,0.0,14312.0,-1.027153,-1.0197370000000001,MLI,SEN,6522
1222438,157,191,1047,2014.0,30105.0,0.0,-0.709151,-0.869426,NER,SEN,6522
1222439,162,191,1047,2014.0,234965.0,0.0,1.08881,1.320941,NLD,SEN,6522
1222440,168,191,1047,2014.0,474395.0,0.0,-0.595946,0.493716,PAK,SEN,6522
1222441,187,191,1047,2014.0,0.0,15668.0,-0.475152,-0.390083,RWA,SEN,6522
1222442,216,191,1047,2014.0,414846.0,0.0,1.111392,1.3500370000000002,THA,SEN,6522
1222443,224,191,1047,2014.0,354777.0,0.0,0.6641600000000001,2.091193,TUR,SEN,6522
1222444,231,191,1047,2014.0,7064.0,66515.0,1.569577,-0.293173,USA,SEN,6522
1222445,246,191,1047,2014.0,0.0,2332.0,0.156414,1.873848,ZAF,SEN,6522
1222446,249,191,1047,2014.0,599261.0,0.0,1.850481,1.081809,TWN,SEN,6522
1222447,7,192,1047,2014.0,118686.0,382760.0,-0.121018,-0.51841,ARE,SGP,6522
1222448,14,192,1047,2014.0,549401.0,138940.0,-0.587779,-0.29813,AUS,SGP,6522
1222449,15,192,1047,2014.0,553799.0,0.0,1.782532,-0.84455,AUT,SGP,6522
1222450,18,192,1047,2014.0,122708.0,0.0,1.182934,1.1967139999999998,BEL,SGP,6522
1222451,22,192,1047,2014.0,17765.0,1039656.0,-0.76547,-0.9645469999999999,BGD,SGP,6522
1222452,32,192,1047,2014.0,3601.0,214626.0,0.23286700000000002,0.968366,BRA,SGP,6522
1222453,34,192,1047,2014.0,1655.0,1013252.0,-0.866534,-0.764166,BRN,SGP,6522
1222454,38,192,1047,2014.0,7244.0,0.0,0.741726,0.502542,CAF,SGP,6522
1222455,41,192,1047,2014.0,514796.0,2452.0,2.027022,0.780257,CHE,SGP,6522
1222456,43,192,1047,2014.0,24895464.0,807404.0,1.316443,0.35039899999999996,CHN,SGP,6522
1222457,48,192,1047,2014.0,0.0,8339.0,0.294978,-0.634726,COK,SGP,6522
1222458,49,192,1047,2014.0,60545.0,43920.0,0.084348,-0.39008200000000004,COL,SGP,6522
1222459,59,192,1047,2014.0,6807.0,0.0,1.761204,-0.148263,CZE,SGP,6522
1222460,61,192,1047,2014.0,263237.0,7423.0,2.106119,-3.225189,DEU,SGP,6522
1222461,64,192,1047,2014.0,17855.0,0.0,1.15411,1.160462,DNK,SGP,6522
1222462,68,192,1047,2014.0,26149.0,9262.0,-0.036009,2.027503,EGY,SGP,6522
1222463,71,192,1047,2014.0,642049.0,0.0,0.9574159999999999,1.787233,ESP,SGP,6522
1222464,74,192,1047,2014.0,1094.0,0.0,1.591758,0.9737819999999999,FIN,SGP,6522
1222465,75,192,1047,2014.0,0.0,514743.0,-0.20919699999999997,0.095276,FJI,SGP,6522
1222466,77,192,1047,2014.0,242921.0,294756.0,1.432323,0.43023,FRA,SGP,6522
1222467,81,192,1047,2014.0,1045544.0,4822.0,1.542804,0.915499,GBR,SGP,6522
1222468,96,192,1047,2014.0,0.0,2580.0,-0.88674,-1.048691,GUY,SGP,6522
1222469,97,192,1047,2014.0,8356776.0,6177253.0,0.9198440000000001,1.257131,HKG,SGP,6522
1222470,102,192,1047,2014.0,2027.0,0.0,1.713536,0.5681729999999999,HUN,SGP,6522
1222471,103,192,1047,2014.0,3549684.0,14013839.0,0.068135,1.672437,IDN,SGP,6522
1222472,104,192,1047,2014.0,4974688.0,388923.0,0.236316,2.659173,IND,SGP,6522
1222473,106,192,1047,2014.0,1022.0,0.0,1.3749790000000002,0.41131899999999993,IRL,SGP,6522
1222474,110,192,1047,2014.0,32140.0,0.0,0.9753860000000001,0.810342,ISR,SGP,6522
1222475,111,192,1047,2014.0,1648400.0,1341.0,1.476328,-0.293302,ITA,SGP,6522
1222476,114,192,1047,2014.0,3354242.0,260042.0,2.297789,-0.58585,JPN,SGP,6522
1222477,118,192,1047,2014.0,18847.0,1777998.0,-0.5871430000000001,-0.7545850000000001,KHM,SGP,6522
1222478,119,192,1047,2014.0,0.0,54139.0,0.321741,-0.633105,KIR,SGP,6522
1222479,121,192,1047,2014.0,652487.0,10631.0,1.9642650000000001,0.86425,KOR,SGP,6522
1222480,123,192,1047,2014.0,0.0,24436.0,-0.924599,-0.7456430000000001,LAO,SGP,6522
1222481,124,192,1047,2014.0,27219.0,0.0,0.32006799999999996,1.666039,LBN,SGP,6522
1222482,128,192,1047,2014.0,0.0,458907.0,-0.30641399999999996,0.29736799999999997,LKA,SGP,6522
1222483,137,192,1047,2014.0,0.0,146243.0,-0.6189939999999999,-0.880108,MDV,SGP,6522
1222484,140,192,1047,2014.0,0.0,4938.0,-0.216313,-0.214403,MKD,SGP,6522
1222485,143,192,1047,2014.0,0.0,669879.0,-1.350593,-1.1112229999999998,MMR,SGP,6522
1222486,144,192,1047,2014.0,0.0,1382.0,-0.007741,0.018085,MNE,SGP,6522
1222487,151,192,1047,2014.0,0.0,19298.0,-0.055786,-0.1488,MUS,SGP,6522
1222488,152,192,1047,2014.0,0.0,16775.0,-0.457027,-0.588539,MWI,SGP,6522
1222489,153,192,1047,2014.0,12256829.0,8461740.0,0.995226,0.7797810000000001,MYS,SGP,6522
1222490,156,192,1047,2014.0,0.0,41145.0,-0.201994,-0.723618,NCL,SGP,6522
1222491,159,192,1047,2014.0,2782.0,0.0,-1.9012419999999999,-1.229264,NGA,SGP,6522
1222492,162,192,1047,2014.0,111287.0,0.0,1.08881,1.320941,NLD,SGP,6522
1222493,163,192,1047,2014.0,13745.0,1607.0,0.678424,0.137871,NOR,SGP,6522
1222494,166,192,1047,2014.0,17110.0,48023.0,0.123649,0.26129,NZL,SGP,6522
1222495,167,192,1047,2014.0,0.0,3166.0,-0.7307060000000001,-1.060975,OMN,SGP,6522
1222496,168,192,1047,2014.0,4989006.0,0.0,-0.595946,0.493716,PAK,SGP,6522
1222497,173,192,1047,2014.0,0.0,4621.0,-0.617883,0.427092,PER,SGP,6522
1222498,174,192,1047,2014.0,0.0,496173.0,0.835601,0.589322,PHL,SGP,6522
1222499,176,192,1047,2014.0,0.0,129779.0,-1.564344,-1.165548,PNG,SGP,6522
1222500,177,192,1047,2014.0,0.0,4307.0,1.1328690000000001,1.043185,POL,SGP,6522
1222501,179,192,1047,2014.0,32875.0,0.0,0.763352,2.041559,PRT,SGP,6522
1222502,182,192,1047,2014.0,0.0,127574.0,-0.187778,-0.7217060000000001,PYF,SGP,6522
1222503,183,192,1047,2014.0,0.0,4339.0,-0.5604899999999999,-0.989015,QAT,SGP,6522
1222504,188,192,1047,2014.0,0.0,87151.0,-0.188727,-0.8629459999999999,SAU,SGP,6522
1222505,190,192,1047,2014.0,0.0,165071.0,-1.473904,-1.154731,SDN,SGP,6522
1222506,195,192,1047,2014.0,0.0,81805.0,-0.990974,-0.930271,SLB,SGP,6522
1222507,197,192,1047,2014.0,0.0,7017.0,0.11639200000000001,0.368644,SLV,SGP,6522
1222508,205,192,1047,2014.0,0.0,115498.0,-0.278229,-0.9962840000000001,SUR,SGP,6522
1222509,208,192,1047,2014.0,7554.0,5328.0,1.7256330000000002,0.395804,SWE,SGP,6522
1222510,211,192,1047,2014.0,0.0,66946.0,0.158898,-0.571933,SYC,SGP,6522
1222511,216,192,1047,2014.0,5789788.0,609903.0,1.111392,1.3500370000000002,THA,SGP,6522
1222512,221,192,1047,2014.0,0.0,1161.0,-0.11423299999999999,-0.431381,TON,SGP,6522
1222513,223,192,1047,2014.0,1991.0,0.0,0.45973800000000004,0.9595459999999999,TUN,SGP,6522
1222514,224,192,1047,2014.0,355819.0,36097.0,0.6641600000000001,2.091193,TUR,SGP,6522
1222515,227,192,1047,2014.0,2562.0,0.0,-0.505738,0.49837200000000004,UGA,SGP,6522
1222516,231,192,1047,2014.0,1000763.0,170181.0,1.569577,-0.293173,USA,SGP,6522
1222517,239,192,1047,2014.0,228332.0,6867535.0,0.135762,1.182052,VNM,SGP,6522
1222518,242,192,1047,2014.0,0.0,24228.0,0.576162,0.094416,WSM,SGP,6522
1222519,246,192,1047,2014.0,6123.0,6960.0,0.156414,1.873848,ZAF,SGP,6522
1222520,249,192,1047,2014.0,1223348.0,183409.0,1.850481,1.081809,TWN,SGP,6522
1222521,18,197,1047,2014.0,0.0,2247.0,1.182934,1.1967139999999998,BEL,SLV,6522
1222522,32,197,1047,2014.0,1052518.0,0.0,0.23286700000000002,0.968366,BRA,SLV,6522
1222523,39,197,1047,2014.0,90189.0,4326.0,0.6145430000000001,1.1815360000000001,CAN,SLV,6522
1222524,43,197,1047,2014.0,26381454.0,0.0,1.316443,0.35039899999999996,CHN,SLV,6522
1222525,49,197,1047,2014.0,0.0,192871.0,0.084348,-0.39008200000000004,COL,SLV,6522
1222526,52,197,1047,2014.0,45753.0,860239.0,0.13936500000000002,-0.573277,CRI,SLV,6522
1222527,65,197,1047,2014.0,0.0,1919646.0,-0.076532,0.472746,DOM,SLV,6522
1222528,71,197,1047,2014.0,105957.0,0.0,0.9574159999999999,1.787233,ESP,SLV,6522
1222529,77,197,1047,2014.0,2135.0,0.0,1.432323,0.43023,FRA,SLV,6522
1222530,81,197,1047,2014.0,7726.0,0.0,1.542804,0.915499,GBR,SLV,6522
1222531,93,197,1047,2014.0,2027314.0,304917.0,-0.24762199999999998,0.536379,GTM,SLV,6522
1222532,97,197,1047,2014.0,647654.0,0.0,0.9198440000000001,1.257131,HKG,SLV,6522
1222533,99,197,1047,2014.0,2300.0,241415.0,-0.372433,0.036463,HND,SLV,6522
1222534,101,197,1047,2014.0,0.0,218919.0,-0.894977,-1.0674379999999999,HTI,SLV,6522
1222535,103,197,1047,2014.0,9762.0,0.0,0.068135,1.672437,IDN,SLV,6522
1222536,104,197,1047,2014.0,371569.0,0.0,0.236316,2.659173,IND,SLV,6522
1222537,111,197,1047,2014.0,6011.0,0.0,1.476328,-0.293302,ITA,SLV,6522
1222538,114,197,1047,2014.0,14774.0,0.0,2.297789,-0.58585,JPN,SLV,6522
1222539,121,197,1047,2014.0,93327.0,5628.0,1.9642650000000001,0.86425,KOR,SLV,6522
1222540,138,197,1047,2014.0,1231903.0,533905.0,1.292327,0.713879,MEX,SLV,6522
1222541,153,197,1047,2014.0,100387.0,0.0,0.995226,0.7797810000000001,MYS,SLV,6522
1222542,160,197,1047,2014.0,0.0,1730348.0,-0.85321,-0.796656,NIC,SLV,6522
1222543,162,197,1047,2014.0,26885.0,2211.0,1.08881,1.320941,NLD,SLV,6522
1222544,168,197,1047,2014.0,469549.0,0.0,-0.595946,0.493716,PAK,SLV,6522
1222545,169,197,1047,2014.0,86695.0,11592.0,0.8997200000000001,0.9699139999999999,PAN,SLV,6522
1222546,173,197,1047,2014.0,130424.0,1052.0,-0.617883,0.427092,PER,SLV,6522
1222547,179,197,1047,2014.0,8046371.0,0.0,0.763352,2.041559,PRT,SLV,6522
1222548,192,197,1047,2014.0,7017.0,0.0,1.750361,0.63849,SGP,SLV,6522
1222549,216,197,1047,2014.0,346762.0,0.0,1.111392,1.3500370000000002,THA,SLV,6522
1222550,224,197,1047,2014.0,1894.0,0.0,0.6641600000000001,2.091193,TUR,SLV,6522
1222551,231,197,1047,2014.0,1459964.0,540134.0,1.569577,-0.293173,USA,SLV,6522
1222552,236,197,1047,2014.0,0.0,25330.0,-1.1668459999999998,-1.134262,VEN,SLV,6522
1222553,249,197,1047,2014.0,205159.0,0.0,1.850481,1.081809,TWN,SLV,6522
1222554,39,205,1047,2014.0,5324.0,0.0,0.6145430000000001,1.1815360000000001,CAN,SUR,6522
1222555,43,205,1047,2014.0,2473614.0,0.0,1.316443,0.35039899999999996,CHN,SUR,6522
1222556,55,205,1047,2014.0,12459.0,0.0,0.094776,-0.738603,CUW,SUR,6522
1222557,97,205,1047,2014.0,110924.0,0.0,0.9198440000000001,1.257131,HKG,SUR,6522
1222558,104,205,1047,2014.0,200616.0,0.0,0.236316,2.659173,IND,SUR,6522
1222559,112,205,1047,2014.0,71545.0,0.0,-0.390841,-0.804425,JAM,SUR,6522
1222560,162,205,1047,2014.0,103818.0,0.0,1.08881,1.320941,NLD,SUR,6522
1222561,168,205,1047,2014.0,472533.0,0.0,-0.595946,0.493716,PAK,SUR,6522
1222562,169,205,1047,2014.0,193344.0,0.0,0.8997200000000001,0.9699139999999999,PAN,SUR,6522
1222563,192,205,1047,2014.0,115498.0,0.0,1.750361,0.63849,SGP,SUR,6522
1222564,216,205,1047,2014.0,2520.0,0.0,1.111392,1.3500370000000002,THA,SUR,6522
1222565,222,205,1047,2014.0,76806.0,0.0,-0.582991,-1.055078,TTO,SUR,6522
1222566,231,205,1047,2014.0,172987.0,0.0,1.569577,-0.293173,USA,SUR,6522
1222567,4,206,1047,2014.0,0.0,6529.0,-0.44000200000000006,-0.168443,ALB,SVK,6522
1222568,7,206,1047,2014.0,0.0,9835.0,-0.121018,-0.51841,ARE,SVK,6522
1222569,15,206,1047,2014.0,2077636.0,573058.0,1.782532,-0.84455,AUT,SVK,6522
1222570,18,206,1047,2014.0,1175172.0,222534.0,1.182934,1.1967139999999998,BEL,SVK,6522
1222571,23,206,1047,2014.0,22489.0,1162554.0,0.611912,1.594597,BGR,SVK,6522
1222572,28,206,1047,2014.0,4676.0,1352.0,0.929114,0.7313069999999999,BLR,SVK,6522
1222573,41,206,1047,2014.0,1958896.0,126051.0,2.027022,0.780257,CHE,SVK,6522
1222574,43,206,1047,2014.0,2133159.0,109304.0,1.316443,0.35039899999999996,CHN,SVK,6522
1222575,49,206,1047,2014.0,1364.0,0.0,0.084348,-0.39008200000000004,COL,SVK,6522
1222576,58,206,1047,2014.0,0.0,26953.0,0.476854,0.572103,CYP,SVK,6522
1222577,59,206,1047,2014.0,7575630.0,1295152.0,1.761204,-0.148263,CZE,SVK,6522
1222578,61,206,1047,2014.0,39778052.0,668608.0,2.106119,-3.225189,DEU,SVK,6522
1222579,64,206,1047,2014.0,29794.0,35151.0,1.15411,1.160462,DNK,SVK,6522
1222580,71,206,1047,2014.0,366329.0,0.0,0.9574159999999999,1.787233,ESP,SVK,6522
1222581,72,206,1047,2014.0,0.0,52893.0,1.022704,1.175645,EST,SVK,6522
1222582,74,206,1047,2014.0,16823.0,13788.0,1.591758,0.9737819999999999,FIN,SVK,6522
1222583,77,206,1047,2014.0,899407.0,16835.0,1.432323,0.43023,FRA,SVK,6522
1222584,81,206,1047,2014.0,322095.0,0.0,1.542804,0.915499,GBR,SVK,6522
1222585,82,206,1047,2014.0,0.0,2986.0,-0.23090300000000002,-0.510401,GEO,SVK,6522
1222586,90,206,1047,2014.0,16229.0,0.0,0.064193,0.955633,GRC,SVK,6522
1222587,97,206,1047,2014.0,14013.0,0.0,0.9198440000000001,1.257131,HKG,SVK,6522
1222588,102,206,1047,2014.0,1177806.0,1316252.0,1.713536,0.5681729999999999,HUN,SVK,6522
1222589,103,206,1047,2014.0,1793.0,0.0,0.068135,1.672437,IDN,SVK,6522
1222590,104,206,1047,2014.0,101246.0,0.0,0.236316,2.659173,IND,SVK,6522
1222591,109,206,1047,2014.0,5931.0,0.0,0.130097,-0.313819,ISL,SVK,6522
1222592,110,206,1047,2014.0,28474.0,0.0,0.9753860000000001,0.810342,ISR,SVK,6522
1222593,111,206,1047,2014.0,7738868.0,1084922.0,1.476328,-0.293302,ITA,SVK,6522
1222594,114,206,1047,2014.0,9634.0,0.0,2.297789,-0.58585,JPN,SVK,6522
1222595,121,206,1047,2014.0,154251.0,0.0,1.9642650000000001,0.86425,KOR,SVK,6522
1222596,130,206,1047,2014.0,278281.0,5568.0,0.679488,1.558981,LTU,SVK,6522
1222597,132,206,1047,2014.0,0.0,2951.0,0.6501,1.35321,LVA,SVK,6522
1222598,134,206,1047,2014.0,0.0,6553.0,-0.429457,0.039947,MAR,SVK,6522
1222599,135,206,1047,2014.0,32569.0,1755960.0,0.031916,0.24264499999999997,MDA,SVK,6522
1222600,140,206,1047,2014.0,13044.0,23273.0,-0.216313,-0.214403,MKD,SVK,6522
1222601,162,206,1047,2014.0,874233.0,11531.0,1.08881,1.320941,NLD,SVK,6522
1222602,163,206,1047,2014.0,0.0,1248.0,0.678424,0.137871,NOR,SVK,6522
1222603,168,206,1047,2014.0,452414.0,0.0,-0.595946,0.493716,PAK,SVK,6522
1222604,177,206,1047,2014.0,3835304.0,10072310.0,1.1328690000000001,1.043185,POL,SVK,6522
1222605,179,206,1047,2014.0,363884.0,132075.0,0.763352,2.041559,PRT,SVK,6522
1222606,185,206,1047,2014.0,922899.0,66856.0,1.0837940000000001,1.199571,ROU,SVK,6522
1222607,186,206,1047,2014.0,0.0,51760.0,-0.006737000000000001,-0.172237,RUS,SVK,6522
1222608,201,206,1047,2014.0,5784.0,9864.0,0.6017979999999999,1.328124,SRB,SVK,6522
1222609,207,206,1047,2014.0,18347.0,74743.0,1.554693,0.633504,SVN,SVK,6522
1222610,208,206,1047,2014.0,28925.0,5085.0,1.7256330000000002,0.395804,SWE,SVK,6522
1222611,216,206,1047,2014.0,9940.0,0.0,1.111392,1.3500370000000002,THA,SVK,6522
1222612,223,206,1047,2014.0,0.0,19213.0,0.45973800000000004,0.9595459999999999,TUN,SVK,6522
1222613,224,206,1047,2014.0,2987040.0,202132.0,0.6641600000000001,2.091193,TUR,SVK,6522
1222614,228,206,1047,2014.0,20392.0,2915864.0,0.505369,1.07634,UKR,SVK,6522
1222615,231,206,1047,2014.0,102967.0,6729.0,1.569577,-0.293173,USA,SVK,6522
1222616,239,206,1047,2014.0,0.0,1667.0,0.135762,1.182052,VNM,SVK,6522
1222617,249,206,1047,2014.0,10784.0,0.0,1.850481,1.081809,TWN,SVK,6522
1222618,250,206,1047,2014.0,9313435.0,0.0,0.426964,0.138883,ANS,SVK,6522
1222619,8,207,1047,2014.0,0.0,9768.0,-0.047848,0.48062,ARG,SVN,6522
1222620,15,207,1047,2014.0,665276.0,432469.0,1.782532,-0.84455,AUT,SVN,6522
1222621,18,207,1047,2014.0,250995.0,151999.0,1.182934,1.1967139999999998,BEL,SVN,6522
1222622,22,207,1047,2014.0,0.0,127463.0,-0.76547,-0.9645469999999999,BGD,SVN,6522
1222623,23,207,1047,2014.0,22057.0,43003.0,0.611912,1.594597,BGR,SVN,6522
1222624,26,207,1047,2014.0,34031.0,1429445.0,0.737556,0.9815530000000001,BIH,SVN,6522
1222625,41,207,1047,2014.0,25095.0,7529.0,2.027022,0.780257,CHE,SVN,6522
1222626,43,207,1047,2014.0,2297182.0,373987.0,1.316443,0.35039899999999996,CHN,SVN,6522
1222627,49,207,1047,2014.0,0.0,184285.0,0.084348,-0.39008200000000004,COL,SVN,6522
1222628,58,207,1047,2014.0,4091.0,0.0,0.476854,0.572103,CYP,SVN,6522
1222629,59,207,1047,2014.0,432746.0,426027.0,1.761204,-0.148263,CZE,SVN,6522
1222630,61,207,1047,2014.0,1705518.0,2988793.0,2.106119,-3.225189,DEU,SVN,6522
1222631,64,207,1047,2014.0,1088.0,16139.0,1.15411,1.160462,DNK,SVN,6522
1222632,71,207,1047,2014.0,176722.0,2602.0,0.9574159999999999,1.787233,ESP,SVN,6522
1222633,72,207,1047,2014.0,0.0,5468.0,1.022704,1.175645,EST,SVN,6522
1222634,77,207,1047,2014.0,346868.0,117934.0,1.432323,0.43023,FRA,SVN,6522
1222635,81,207,1047,2014.0,1049698.0,497539.0,1.542804,0.915499,GBR,SVN,6522
1222636,90,207,1047,2014.0,20101.0,5161.0,0.064193,0.955633,GRC,SVN,6522
1222637,97,207,1047,2014.0,0.0,241455.0,0.9198440000000001,1.257131,HKG,SVN,6522
1222638,100,207,1047,2014.0,116863.0,1336468.0,0.8627809999999999,1.3475549999999998,HRV,SVN,6522
1222639,102,207,1047,2014.0,366262.0,3387722.0,1.713536,0.5681729999999999,HUN,SVN,6522
1222640,103,207,1047,2014.0,0.0,42445.0,0.068135,1.672437,IDN,SVN,6522
1222641,104,207,1047,2014.0,1637171.0,37396.0,0.236316,2.659173,IND,SVN,6522
1222642,110,207,1047,2014.0,57328.0,0.0,0.9753860000000001,0.810342,ISR,SVN,6522
1222643,111,207,1047,2014.0,2279858.0,978727.0,1.476328,-0.293302,ITA,SVN,6522
1222644,114,207,1047,2014.0,7201.0,21618.0,2.297789,-0.58585,JPN,SVN,6522
1222645,121,207,1047,2014.0,1708.0,156749.0,1.9642650000000001,0.86425,KOR,SVN,6522
1222646,126,207,1047,2014.0,0.0,8874.0,-1.539253,-1.159929,LBY,SVN,6522
1222647,128,207,1047,2014.0,0.0,12204.0,-0.30641399999999996,0.29736799999999997,LKA,SVN,6522
1222648,130,207,1047,2014.0,3481.0,46822.0,0.679488,1.558981,LTU,SVN,6522
1222649,134,207,1047,2014.0,1010.0,117891.0,-0.429457,0.039947,MAR,SVN,6522
1222650,135,207,1047,2014.0,296952.0,0.0,0.031916,0.24264499999999997,MDA,SVN,6522
1222651,138,207,1047,2014.0,0.0,10684.0,1.292327,0.713879,MEX,SVN,6522
1222652,140,207,1047,2014.0,1933.0,550907.0,-0.216313,-0.214403,MKD,SVN,6522
1222653,144,207,1047,2014.0,0.0,46904.0,-0.007741,0.018085,MNE,SVN,6522
1222654,151,207,1047,2014.0,0.0,8255.0,-0.055786,-0.1488,MUS,SVN,6522
1222655,162,207,1047,2014.0,331538.0,67765.0,1.08881,1.320941,NLD,SVN,6522
1222656,168,207,1047,2014.0,3571714.0,0.0,-0.595946,0.493716,PAK,SVN,6522
1222657,177,207,1047,2014.0,83460.0,305192.0,1.1328690000000001,1.043185,POL,SVN,6522
1222658,179,207,1047,2014.0,71004.0,836168.0,0.763352,2.041559,PRT,SVN,6522
1222659,185,207,1047,2014.0,0.0,50499.0,1.0837940000000001,1.199571,ROU,SVN,6522
1222660,186,207,1047,2014.0,12374.0,14272.0,-0.006737000000000001,-0.172237,RUS,SVN,6522
1222661,198,207,1047,2014.0,6194.0,0.0,1.1475870000000001,0.742538,SMR,SVN,6522
1222662,201,207,1047,2014.0,5380.0,459810.0,0.6017979999999999,1.328124,SRB,SVN,6522
1222663,206,207,1047,2014.0,74743.0,18347.0,1.525525,0.773486,SVK,SVN,6522
1222664,208,207,1047,2014.0,0.0,159395.0,1.7256330000000002,0.395804,SWE,SVN,6522
1222665,216,207,1047,2014.0,0.0,236604.0,1.111392,1.3500370000000002,THA,SVN,6522
1222666,223,207,1047,2014.0,3517.0,4614.0,0.45973800000000004,0.9595459999999999,TUN,SVN,6522
1222667,224,207,1047,2014.0,937341.0,1412134.0,0.6641600000000001,2.091193,TUR,SVN,6522
1222668,228,207,1047,2014.0,0.0,33260.0,0.505369,1.07634,UKR,SVN,6522
1222669,231,207,1047,2014.0,84464.0,8854.0,1.569577,-0.293173,USA,SVN,6522
1222670,239,207,1047,2014.0,0.0,32783.0,0.135762,1.182052,VNM,SVN,6522
1222671,246,207,1047,2014.0,0.0,5400.0,0.156414,1.873848,ZAF,SVN,6522
1222672,249,207,1047,2014.0,0.0,1296.0,1.850481,1.081809,TWN,SVN,6522
1222673,4,208,1047,2014.0,0.0,1482.0,-0.44000200000000006,-0.168443,ALB,SWE,6522
1222674,7,208,1047,2014.0,0.0,6269.0,-0.121018,-0.51841,ARE,SWE,6522
1222675,8,208,1047,2014.0,0.0,81616.0,-0.047848,0.48062,ARG,SWE,6522
1222676,14,208,1047,2014.0,1038.0,29120.0,-0.587779,-0.29813,AUS,SWE,6522
1222677,15,208,1047,2014.0,1058563.0,164477.0,1.782532,-0.84455,AUT,SWE,6522
1222678,18,208,1047,2014.0,1234720.0,28800.0,1.182934,1.1967139999999998,BEL,SWE,6522
1222679,22,208,1047,2014.0,154483.0,0.0,-0.76547,-0.9645469999999999,BGD,SWE,6522
1222680,23,208,1047,2014.0,16711.0,181939.0,0.611912,1.594597,BGR,SWE,6522
1222681,26,208,1047,2014.0,0.0,6704.0,0.737556,0.9815530000000001,BIH,SWE,6522
1222682,28,208,1047,2014.0,1410.0,0.0,0.929114,0.7313069999999999,BLR,SWE,6522
1222683,32,208,1047,2014.0,300404.0,12041.0,0.23286700000000002,0.968366,BRA,SWE,6522
1222684,39,208,1047,2014.0,27778.0,62290.0,0.6145430000000001,1.1815360000000001,CAN,SWE,6522
1222685,41,208,1047,2014.0,199593.0,100432.0,2.027022,0.780257,CHE,SWE,6522
1222686,43,208,1047,2014.0,578827.0,76820.0,1.316443,0.35039899999999996,CHN,SWE,6522
1222687,49,208,1047,2014.0,0.0,9042.0,0.084348,-0.39008200000000004,COL,SWE,6522
1222688,58,208,1047,2014.0,38157.0,1066.0,0.476854,0.572103,CYP,SWE,6522
1222689,59,208,1047,2014.0,2763612.0,16037.0,1.761204,-0.148263,CZE,SWE,6522
1222690,61,208,1047,2014.0,5407230.0,1170561.0,2.106119,-3.225189,DEU,SWE,6522
1222691,64,208,1047,2014.0,4379110.0,1625114.0,1.15411,1.160462,DNK,SWE,6522
1222692,65,208,1047,2014.0,0.0,20319.0,-0.076532,0.472746,DOM,SWE,6522
1222693,68,208,1047,2014.0,437553.0,80849.0,-0.036009,2.027503,EGY,SWE,6522
1222694,69,208,1047,2014.0,0.0,3950.0,-1.8750509999999998,-1.1314790000000001,ERI,SWE,6522
1222695,71,208,1047,2014.0,2554580.0,180902.0,0.9574159999999999,1.787233,ESP,SWE,6522
1222696,72,208,1047,2014.0,2223440.0,478876.0,1.022704,1.175645,EST,SWE,6522
1222697,74,208,1047,2014.0,644410.0,1431560.0,1.591758,0.9737819999999999,FIN,SWE,6522
1222698,77,208,1047,2014.0,1214808.0,385071.0,1.432323,0.43023,FRA,SWE,6522
1222699,78,208,1047,2014.0,0.0,1318.0,-0.709982,-0.919632,FRO,SWE,6522
1222700,81,208,1047,2014.0,3132044.0,373688.0,1.542804,0.915499,GBR,SWE,6522
1222701,83,208,1047,2014.0,0.0,3800.0,-1.1140299999999999,-1.0711700000000002,GHA,SWE,6522
1222702,90,208,1047,2014.0,5935.0,12405.0,0.064193,0.955633,GRC,SWE,6522
1222703,93,208,1047,2014.0,18498.0,0.0,-0.24762199999999998,0.536379,GTM,SWE,6522
1222704,97,208,1047,2014.0,18952.0,30196.0,0.9198440000000001,1.257131,HKG,SWE,6522
1222705,100,208,1047,2014.0,0.0,9925.0,0.8627809999999999,1.3475549999999998,HRV,SWE,6522
1222706,102,208,1047,2014.0,112234.0,318858.0,1.713536,0.5681729999999999,HUN,SWE,6522
1222707,103,208,1047,2014.0,117970.0,0.0,0.068135,1.672437,IDN,SWE,6522
1222708,104,208,1047,2014.0,1722458.0,0.0,0.236316,2.659173,IND,SWE,6522
1222709,106,208,1047,2014.0,3854.0,11881.0,1.3749790000000002,0.41131899999999993,IRL,SWE,6522
1222710,109,208,1047,2014.0,0.0,63725.0,0.130097,-0.313819,ISL,SWE,6522
1222711,110,208,1047,2014.0,0.0,1375.0,0.9753860000000001,0.810342,ISR,SWE,6522
1222712,111,208,1047,2014.0,5170846.0,155269.0,1.476328,-0.293302,ITA,SWE,6522
1222713,113,208,1047,2014.0,0.0,4657.0,0.23508800000000002,0.47597,JOR,SWE,6522
1222714,114,208,1047,2014.0,577176.0,604852.0,2.297789,-0.58585,JPN,SWE,6522
1222715,118,208,1047,2014.0,21267.0,16056.0,-0.5871430000000001,-0.7545850000000001,KHM,SWE,6522
1222716,121,208,1047,2014.0,1335566.0,44521.0,1.9642650000000001,0.86425,KOR,SWE,6522
1222717,122,208,1047,2014.0,0.0,2838.0,-1.2601069999999999,-1.0929360000000001,KWT,SWE,6522
1222718,128,208,1047,2014.0,1564.0,0.0,-0.30641399999999996,0.29736799999999997,LKA,SWE,6522
1222719,130,208,1047,2014.0,1005513.0,2988811.0,0.679488,1.558981,LTU,SWE,6522
1222720,132,208,1047,2014.0,688463.0,642665.0,0.6501,1.35321,LVA,SWE,6522
1222721,135,208,1047,2014.0,195259.0,8455.0,0.031916,0.24264499999999997,MDA,SWE,6522
1222722,138,208,1047,2014.0,0.0,5892.0,1.292327,0.713879,MEX,SWE,6522
1222723,140,208,1047,2014.0,1933.0,121441.0,-0.216313,-0.214403,MKD,SWE,6522
1222724,141,208,1047,2014.0,1363.0,0.0,-1.027153,-1.0197370000000001,MLI,SWE,6522
1222725,142,208,1047,2014.0,0.0,1470.0,0.8871379999999999,0.088535,MLT,SWE,6522
1222726,153,208,1047,2014.0,17238.0,1295.0,0.995226,0.7797810000000001,MYS,SWE,6522
1222727,162,208,1047,2014.0,2837584.0,225711.0,1.08881,1.320941,NLD,SWE,6522
1222728,163,208,1047,2014.0,453215.0,2067663.0,0.678424,0.137871,NOR,SWE,6522
1222729,164,208,1047,2014.0,2608.0,0.0,-0.083094,0.349348,NPL,SWE,6522
1222730,166,208,1047,2014.0,19325.0,4817.0,0.123649,0.26129,NZL,SWE,6522
1222731,168,208,1047,2014.0,1235033.0,0.0,-0.595946,0.493716,PAK,SWE,6522
1222732,177,208,1047,2014.0,150517.0,2165309.0,1.1328690000000001,1.043185,POL,SWE,6522
1222733,179,208,1047,2014.0,851276.0,1655181.0,0.763352,2.041559,PRT,SWE,6522
1222734,183,208,1047,2014.0,0.0,1137.0,-0.5604899999999999,-0.989015,QAT,SWE,6522
1222735,185,208,1047,2014.0,769359.0,6436876.0,1.0837940000000001,1.199571,ROU,SWE,6522
1222736,186,208,1047,2014.0,1667.0,266020.0,-0.006737000000000001,-0.172237,RUS,SWE,6522
1222737,188,208,1047,2014.0,0.0,3931.0,-0.188727,-0.8629459999999999,SAU,SWE,6522
1222738,192,208,1047,2014.0,5328.0,7554.0,1.750361,0.63849,SGP,SWE,6522
1222739,206,208,1047,2014.0,5085.0,28925.0,1.525525,0.773486,SVK,SWE,6522
1222740,207,208,1047,2014.0,159395.0,0.0,1.554693,0.633504,SVN,SWE,6522
1222741,216,208,1047,2014.0,683836.0,6774.0,1.111392,1.3500370000000002,THA,SWE,6522
1222742,223,208,1047,2014.0,0.0,2198.0,0.45973800000000004,0.9595459999999999,TUN,SWE,6522
1222743,224,208,1047,2014.0,1531810.0,57149.0,0.6641600000000001,2.091193,TUR,SWE,6522
1222744,228,208,1047,2014.0,15071.0,1116018.0,0.505369,1.07634,UKR,SWE,6522
1222745,231,208,1047,2014.0,460853.0,112363.0,1.569577,-0.293173,USA,SWE,6522
1222746,239,208,1047,2014.0,71423.0,178274.0,0.135762,1.182052,VNM,SWE,6522
1222747,246,208,1047,2014.0,0.0,10878.0,0.156414,1.873848,ZAF,SWE,6522
1222748,249,208,1047,2014.0,34101.0,5561.0,1.850481,1.081809,TWN,SWE,6522
1222749,2,216,1047,2014.0,0.0,439455.0,-1.547068,-1.121438,AGO,THA,6522
1222750,7,216,1047,2014.0,28453.0,8251723.0,-0.121018,-0.51841,ARE,THA,6522
1222751,8,216,1047,2014.0,0.0,201150.0,-0.047848,0.48062,ARG,THA,6522
1222752,14,216,1047,2014.0,231366.0,1115406.0,-0.587779,-0.29813,AUS,THA,6522
1222753,15,216,1047,2014.0,534252.0,69155.0,1.782532,-0.84455,AUT,THA,6522
1222754,18,216,1047,2014.0,91607.0,774105.0,1.182934,1.1967139999999998,BEL,THA,6522
1222755,19,216,1047,2014.0,0.0,6617780.0,-0.461501,-0.7216819999999999,BEN,THA,6522
1222756,21,216,1047,2014.0,0.0,204148.0,-0.7933279999999999,-0.872791,BFA,THA,6522
1222757,22,216,1047,2014.0,6527.0,49697724.0,-0.76547,-0.9645469999999999,BGD,THA,6522
1222758,24,216,1047,2014.0,0.0,60737.0,0.087173,-0.542374,BHR,THA,6522
1222759,26,216,1047,2014.0,0.0,11114.0,0.737556,0.9815530000000001,BIH,THA,6522
1222760,31,216,1047,2014.0,0.0,180887.0,-1.200516,-1.052286,BOL,THA,6522
1222761,32,216,1047,2014.0,4454.0,697100.0,0.23286700000000002,0.968366,BRA,THA,6522
1222762,34,216,1047,2014.0,0.0,24536.0,-0.866534,-0.764166,BRN,THA,6522
1222763,35,216,1047,2014.0,0.0,2343.0,-0.177396,-0.7650319999999999,BTN,THA,6522
1222764,37,216,1047,2014.0,0.0,6740.0,-0.7467630000000001,-1.1369690000000001,BWA,THA,6522
1222765,39,216,1047,2014.0,8747.0,761036.0,0.6145430000000001,1.1815360000000001,CAN,THA,6522
1222766,41,216,1047,2014.0,156740.0,170257.0,2.027022,0.780257,CHE,THA,6522
1222767,42,216,1047,2014.0,0.0,113250.0,-0.196236,-0.162428,CHL,THA,6522
1222768,43,216,1047,2014.0,85041112.0,8740951.0,1.316443,0.35039899999999996,CHN,THA,6522
1222769,44,216,1047,2014.0,0.0,148774.0,-0.854784,-0.781877,CIV,THA,6522
1222770,45,216,1047,2014.0,0.0,269753.0,-0.726413,-0.927583,CMR,THA,6522
1222771,47,216,1047,2014.0,0.0,212473.0,-1.359593,-1.101705,COG,THA,6522
1222772,48,216,1047,2014.0,0.0,15119.0,0.294978,-0.634726,COK,THA,6522
1222773,49,216,1047,2014.0,0.0,4277068.0,0.084348,-0.39008200000000004,COL,THA,6522
1222774,58,216,1047,2014.0,0.0,1462.0,0.476854,0.572103,CYP,THA,6522
1222775,59,216,1047,2014.0,2787.0,100995.0,1.761204,-0.148263,CZE,THA,6522
1222776,61,216,1047,2014.0,1634241.0,1417974.0,2.106119,-3.225189,DEU,THA,6522
1222777,64,216,1047,2014.0,13200.0,139024.0,1.15411,1.160462,DNK,THA,6522
1222778,65,216,1047,2014.0,0.0,106286.0,-0.076532,0.472746,DOM,THA,6522
1222779,66,216,1047,2014.0,0.0,156080.0,-1.427966,-1.1216760000000001,DZA,THA,6522
1222780,67,216,1047,2014.0,0.0,431366.0,-1.0520559999999999,-1.109638,ECU,THA,6522
1222781,68,216,1047,2014.0,80450.0,2284994.0,-0.036009,2.027503,EGY,THA,6522
1222782,71,216,1047,2014.0,562282.0,664508.0,0.9574159999999999,1.787233,ESP,THA,6522
1222783,74,216,1047,2014.0,0.0,32879.0,1.591758,0.9737819999999999,FIN,THA,6522
1222784,75,216,1047,2014.0,69457.0,1619862.0,-0.20919699999999997,0.095276,FJI,THA,6522
1222785,77,216,1047,2014.0,606278.0,834810.0,1.432323,0.43023,FRA,THA,6522
1222786,80,216,1047,2014.0,0.0,1728394.0,-1.354381,-1.100019,GAB,THA,6522
1222787,81,216,1047,2014.0,1758962.0,8468571.0,1.542804,0.915499,GBR,THA,6522
1222788,83,216,1047,2014.0,0.0,16767.0,-1.1140299999999999,-1.0711700000000002,GHA,THA,6522
1222789,85,216,1047,2014.0,0.0,8129.0,-1.7494900000000002,-1.224512,GIN,THA,6522
1222790,90,216,1047,2014.0,3148.0,97210.0,0.064193,0.955633,GRC,THA,6522
1222791,93,216,1047,2014.0,0.0,55467.0,-0.24762199999999998,0.536379,GTM,THA,6522
1222792,97,216,1047,2014.0,2950554.0,7546604.0,0.9198440000000001,1.257131,HKG,THA,6522
1222793,99,216,1047,2014.0,0.0,85140.0,-0.372433,0.036463,HND,THA,6522
1222794,101,216,1047,2014.0,0.0,16282.0,-0.894977,-1.0674379999999999,HTI,THA,6522
1222795,102,216,1047,2014.0,0.0,3904.0,1.713536,0.5681729999999999,HUN,THA,6522
1222796,103,216,1047,2014.0,5420230.0,6435391.0,0.068135,1.672437,IDN,THA,6522
1222797,104,216,1047,2014.0,9437886.0,825175.0,0.236316,2.659173,IND,THA,6522
1222798,106,216,1047,2014.0,0.0,1563.0,1.3749790000000002,0.41131899999999993,IRL,THA,6522
1222799,107,216,1047,2014.0,0.0,406525.0,-0.47744899999999996,-0.429676,IRN,THA,6522
1222800,108,216,1047,2014.0,0.0,14085.0,-3.04704,-0.9082290000000001,IRQ,THA,6522
1222801,109,216,1047,2014.0,0.0,7391.0,0.130097,-0.313819,ISL,THA,6522
1222802,110,216,1047,2014.0,3438.0,159091.0,0.9753860000000001,0.810342,ISR,THA,6522
1222803,111,216,1047,2014.0,4381416.0,1698315.0,1.476328,-0.293302,ITA,THA,6522
1222804,112,216,1047,2014.0,0.0,2041.0,-0.390841,-0.804425,JAM,THA,6522
1222805,113,216,1047,2014.0,0.0,371978.0,0.23508800000000002,0.47597,JOR,THA,6522
1222806,114,216,1047,2014.0,7856548.0,8673645.0,2.297789,-0.58585,JPN,THA,6522
1222807,116,216,1047,2014.0,0.0,228045.0,-0.411786,0.219875,KEN,THA,6522
1222808,118,216,1047,2014.0,36419.0,16504016.0,-0.5871430000000001,-0.7545850000000001,KHM,THA,6522
1222809,119,216,1047,2014.0,0.0,35828.0,0.321741,-0.633105,KIR,THA,6522
1222810,121,216,1047,2014.0,4300196.0,310889.0,1.9642650000000001,0.86425,KOR,THA,6522
1222811,122,216,1047,2014.0,0.0,239561.0,-1.2601069999999999,-1.0929360000000001,KWT,THA,6522
1222812,123,216,1047,2014.0,18449.0,6149852.0,-0.924599,-0.7456430000000001,LAO,THA,6522
1222813,124,216,1047,2014.0,0.0,1095835.0,0.32006799999999996,1.666039,LBN,THA,6522
1222814,128,216,1047,2014.0,10272.0,9692291.0,-0.30641399999999996,0.29736799999999997,LKA,THA,6522
1222815,129,216,1047,2014.0,0.0,628442.0,-0.586123,-0.728193,LSO,THA,6522
1222816,130,216,1047,2014.0,0.0,46183.0,0.679488,1.558981,LTU,THA,6522
1222817,132,216,1047,2014.0,0.0,2716.0,0.6501,1.35321,LVA,THA,6522
1222818,133,216,1047,2014.0,0.0,8636.0,0.781301,0.522065,MAC,THA,6522
1222819,134,216,1047,2014.0,0.0,778874.0,-0.429457,0.039947,MAR,THA,6522
1222820,136,216,1047,2014.0,4224.0,119009.0,-0.690485,-0.5090020000000001,MDG,THA,6522
1222821,137,216,1047,2014.0,0.0,191636.0,-0.6189939999999999,-0.880108,MDV,THA,6522
1222822,138,216,1047,2014.0,123950.0,3996153.0,1.292327,0.713879,MEX,THA,6522
1222823,140,216,1047,2014.0,0.0,694343.0,-0.216313,-0.214403,MKD,THA,6522
1222824,141,216,1047,2014.0,0.0,219002.0,-1.027153,-1.0197370000000001,MLI,THA,6522
1222825,142,216,1047,2014.0,0.0,6318.0,0.8871379999999999,0.088535,MLT,THA,6522
1222826,143,216,1047,2014.0,94038.0,64707860.0,-1.350593,-1.1112229999999998,MMR,THA,6522
1222827,144,216,1047,2014.0,0.0,51786.0,-0.007741,0.018085,MNE,THA,6522
1222828,147,216,1047,2014.0,0.0,657913.0,-1.03106,-0.9325260000000001,MOZ,THA,6522
1222829,151,216,1047,2014.0,24943.0,451916.0,-0.055786,-0.1488,MUS,THA,6522
1222830,153,216,1047,2014.0,1265068.0,3176793.0,0.995226,0.7797810000000001,MYS,THA,6522
1222831,156,216,1047,2014.0,0.0,168476.0,-0.201994,-0.723618,NCL,THA,6522
1222832,157,216,1047,2014.0,0.0,8443912.0,-0.709151,-0.869426,NER,THA,6522
1222833,159,216,1047,2014.0,0.0,5834101.0,-1.9012419999999999,-1.229264,NGA,THA,6522
1222834,160,216,1047,2014.0,0.0,55418.0,-0.85321,-0.796656,NIC,THA,6522
1222835,162,216,1047,2014.0,974644.0,25653364.0,1.08881,1.320941,NLD,THA,6522
1222836,163,216,1047,2014.0,18453.0,21381.0,0.678424,0.137871,NOR,THA,6522
1222837,164,216,1047,2014.0,0.0,149789.0,-0.083094,0.349348,NPL,THA,6522
1222838,166,216,1047,2014.0,1026.0,903000.0,0.123649,0.26129,NZL,THA,6522
1222839,167,216,1047,2014.0,0.0,77634.0,-0.7307060000000001,-1.060975,OMN,THA,6522
1222840,168,216,1047,2014.0,6346883.0,6598936.0,-0.595946,0.493716,PAK,THA,6522
1222841,169,216,1047,2014.0,0.0,97642.0,0.8997200000000001,0.9699139999999999,PAN,THA,6522
1222842,173,216,1047,2014.0,30673.0,3088310.0,-0.617883,0.427092,PER,THA,6522
1222843,174,216,1047,2014.0,0.0,7876964.0,0.835601,0.589322,PHL,THA,6522
1222844,176,216,1047,2014.0,0.0,233629.0,-1.564344,-1.165548,PNG,THA,6522
1222845,177,216,1047,2014.0,0.0,2595658.0,1.1328690000000001,1.043185,POL,THA,6522
1222846,179,216,1047,2014.0,257301.0,930538.0,0.763352,2.041559,PRT,THA,6522
1222847,182,216,1047,2014.0,0.0,207893.0,-0.187778,-0.7217060000000001,PYF,THA,6522
1222848,183,216,1047,2014.0,0.0,47009.0,-0.5604899999999999,-0.989015,QAT,THA,6522
1222849,185,216,1047,2014.0,87563.0,57584.0,1.0837940000000001,1.199571,ROU,THA,6522
1222850,186,216,1047,2014.0,0.0,198213.0,-0.006737000000000001,-0.172237,RUS,THA,6522
1222851,187,216,1047,2014.0,0.0,1247.0,-0.475152,-0.390083,RWA,THA,6522
1222852,188,216,1047,2014.0,0.0,598197.0,-0.188727,-0.8629459999999999,SAU,THA,6522
1222853,190,216,1047,2014.0,0.0,23635.0,-1.473904,-1.154731,SDN,THA,6522
1222854,191,216,1047,2014.0,0.0,414846.0,-0.509239,0.002353,SEN,THA,6522
1222855,192,216,1047,2014.0,609903.0,5789788.0,1.750361,0.63849,SGP,THA,6522
1222856,195,216,1047,2014.0,0.0,4600.0,-0.990974,-0.930271,SLB,THA,6522
1222857,197,216,1047,2014.0,0.0,346762.0,0.11639200000000001,0.368644,SLV,THA,6522
1222858,201,216,1047,2014.0,0.0,146070.0,0.6017979999999999,1.328124,SRB,THA,6522
1222859,205,216,1047,2014.0,0.0,2520.0,-0.278229,-0.9962840000000001,SUR,THA,6522
1222860,206,216,1047,2014.0,0.0,9940.0,1.525525,0.773486,SVK,THA,6522
1222861,207,216,1047,2014.0,236604.0,0.0,1.554693,0.633504,SVN,THA,6522
1222862,208,216,1047,2014.0,6774.0,683836.0,1.7256330000000002,0.395804,SWE,THA,6522
1222863,211,216,1047,2014.0,0.0,112112.0,0.158898,-0.571933,SYC,THA,6522
1222864,212,216,1047,2014.0,0.0,104748.0,-0.22825,0.803708,SYR,THA,6522
1222865,215,216,1047,2014.0,0.0,1823002.0,-0.58937,-0.43368,TGO,THA,6522
1222866,218,216,1047,2014.0,7824.0,0.0,0.692398,0.5659420000000001,TKL,THA,6522
1222867,221,216,1047,2014.0,0.0,21979.0,-0.11423299999999999,-0.431381,TON,THA,6522
1222868,223,216,1047,2014.0,0.0,230808.0,0.45973800000000004,0.9595459999999999,TUN,THA,6522
1222869,224,216,1047,2014.0,2309164.0,3861684.0,0.6641600000000001,2.091193,TUR,THA,6522
1222870,226,216,1047,2014.0,0.0,4018862.0,-0.909005,0.511175,TZA,THA,6522
1222871,227,216,1047,2014.0,0.0,25414.0,-0.505738,0.49837200000000004,UGA,THA,6522
1222872,228,216,1047,2014.0,0.0,598987.0,0.505369,1.07634,UKR,THA,6522
1222873,230,216,1047,2014.0,21423.0,49990.0,0.155247,-0.091751,URY,THA,6522
1222874,231,216,1047,2014.0,409860.0,8614926.0,1.569577,-0.293173,USA,THA,6522
1222875,236,216,1047,2014.0,0.0,362605.0,-1.1668459999999998,-1.134262,VEN,THA,6522
1222876,239,216,1047,2014.0,881401.0,47701568.0,0.135762,1.182052,VNM,THA,6522
1222877,246,216,1047,2014.0,0.0,2093413.0,0.156414,1.873848,ZAF,THA,6522
1222878,247,216,1047,2014.0,0.0,97267.0,-0.506171,-0.680445,ZMB,THA,6522
1222879,249,216,1047,2014.0,6042576.0,164257.0,1.850481,1.081809,TWN,THA,6522
1222880,3,222,1047,2014.0,0.0,1074.0,0.610545,-0.394815,AIA,TTO,6522
1222881,12,222,1047,2014.0,0.0,6443.0,0.906391,-0.546188,ATF,TTO,6522
1222882,13,222,1047,2014.0,0.0,32654.0,0.048253,-0.618061,ATG,TTO,6522
1222883,18,222,1047,2014.0,80411.0,0.0,1.182934,1.1967139999999998,BEL,TTO,6522
1222884,25,222,1047,2014.0,0.0,13250.0,0.199967,-0.640347,BHS,TTO,6522
1222885,29,222,1047,2014.0,0.0,10708.0,-0.15501700000000002,-0.507759,BLZ,TTO,6522
1222886,32,222,1047,2014.0,20670.0,0.0,0.23286700000000002,0.968366,BRA,TTO,6522
1222887,33,222,1047,2014.0,0.0,55912.0,0.45538500000000004,-0.126756,BRB,TTO,6522
1222888,39,222,1047,2014.0,33269.0,0.0,0.6145430000000001,1.1815360000000001,CAN,TTO,6522
1222889,43,222,1047,2014.0,766282.0,0.0,1.316443,0.35039899999999996,CHN,TTO,6522
1222890,55,222,1047,2014.0,0.0,8923.0,0.094776,-0.738603,CUW,TTO,6522
1222891,57,222,1047,2014.0,0.0,18974.0,0.906078,-0.6494770000000001,CYM,TTO,6522
1222892,63,222,1047,2014.0,0.0,38935.0,0.32613600000000004,-0.09935,DMA,TTO,6522
1222893,65,222,1047,2014.0,5565.0,0.0,-0.076532,0.472746,DOM,TTO,6522
1222894,71,222,1047,2014.0,12960.0,0.0,0.9574159999999999,1.787233,ESP,TTO,6522
1222895,77,222,1047,2014.0,0.0,190842.0,1.432323,0.43023,FRA,TTO,6522
1222896,81,222,1047,2014.0,61397.0,0.0,1.542804,0.915499,GBR,TTO,6522
1222897,91,222,1047,2014.0,0.0,48422.0,0.30344,-0.5055350000000001,GRD,TTO,6522
1222898,96,222,1047,2014.0,0.0,7789.0,-0.88674,-1.048691,GUY,TTO,6522
1222899,104,222,1047,2014.0,396444.0,0.0,0.236316,2.659173,IND,TTO,6522
1222900,120,222,1047,2014.0,0.0,17167.0,0.731716,-0.341254,KNA,TTO,6522
1222901,121,222,1047,2014.0,1084.0,0.0,1.9642650000000001,0.86425,KOR,TTO,6522
1222902,127,222,1047,2014.0,0.0,56421.0,0.636416,-0.464264,LCA,TTO,6522
1222903,168,222,1047,2014.0,144548.0,5941.0,-0.595946,0.493716,PAK,TTO,6522
1222904,169,222,1047,2014.0,33442.0,0.0,0.8997200000000001,0.9699139999999999,PAN,TTO,6522
1222905,205,222,1047,2014.0,0.0,76806.0,-0.278229,-0.9962840000000001,SUR,TTO,6522
1222906,210,222,1047,2014.0,0.0,21561.0,0.712322,-0.591598,SXM,TTO,6522
1222907,231,222,1047,2014.0,815953.0,13194.0,1.569577,-0.293173,USA,TTO,6522
1222908,234,222,1047,2014.0,0.0,21080.0,0.101454,-0.469681,VCT,TTO,6522
1222909,237,222,1047,2014.0,0.0,5303.0,0.48387299999999994,0.0534,VGB,TTO,6522
1222910,1,224,1047,2014.0,0.0,25783.0,-0.9800639999999999,-0.8281790000000001,AFG,TUR,6522
1222911,2,224,1047,2014.0,0.0,1088.0,-1.547068,-1.121438,AGO,TUR,6522
1222912,4,224,1047,2014.0,0.0,2848899.0,-0.44000200000000006,-0.168443,ALB,TUR,6522
1222913,7,224,1047,2014.0,56881.0,1724956.0,-0.121018,-0.51841,ARE,TUR,6522
1222914,8,224,1047,2014.0,0.0,655958.0,-0.047848,0.48062,ARG,TUR,6522
1222915,9,224,1047,2014.0,0.0,454538.0,-0.143991,-0.5265890000000001,ARM,TUR,6522
1222916,14,224,1047,2014.0,1157.0,1266467.0,-0.587779,-0.29813,AUS,TUR,6522
1222917,15,224,1047,2014.0,6553334.0,10617085.0,1.782532,-0.84455,AUT,TUR,6522
1222918,16,224,1047,2014.0,0.0,5790084.0,-1.230795,-1.237163,AZE,TUR,6522
1222919,18,224,1047,2014.0,978859.0,2587206.0,1.182934,1.1967139999999998,BEL,TUR,6522
1222920,19,224,1047,2014.0,0.0,54209.0,-0.461501,-0.7216819999999999,BEN,TUR,6522
1222921,22,224,1047,2014.0,3403342.0,29587182.0,-0.76547,-0.9645469999999999,BGD,TUR,6522
1222922,23,224,1047,2014.0,466076.0,17865890.0,0.611912,1.594597,BGR,TUR,6522
1222923,24,224,1047,2014.0,19247678.0,2206334.0,0.087173,-0.542374,BHR,TUR,6522
1222924,26,224,1047,2014.0,0.0,2959343.0,0.737556,0.9815530000000001,BIH,TUR,6522
1222925,28,224,1047,2014.0,3193.0,3027163.0,0.929114,0.7313069999999999,BLR,TUR,6522
1222926,32,224,1047,2014.0,138723.0,3273054.0,0.23286700000000002,0.968366,BRA,TUR,6522
1222927,39,224,1047,2014.0,9341.0,981810.0,0.6145430000000001,1.1815360000000001,CAN,TUR,6522
1222928,41,224,1047,2014.0,633567.0,2890913.0,2.027022,0.780257,CHE,TUR,6522
1222929,42,224,1047,2014.0,0.0,1275890.0,-0.196236,-0.162428,CHL,TUR,6522
1222930,43,224,1047,2014.0,130272232.0,23534636.0,1.316443,0.35039899999999996,CHN,TUR,6522
1222931,44,224,1047,2014.0,0.0,168190.0,-0.854784,-0.781877,CIV,TUR,6522
1222932,45,224,1047,2014.0,0.0,8767.0,-0.726413,-0.927583,CMR,TUR,6522
1222933,49,224,1047,2014.0,0.0,7612529.0,0.084348,-0.39008200000000004,COL,TUR,6522
1222934,59,224,1047,2014.0,2070646.0,2760648.0,1.761204,-0.148263,CZE,TUR,6522
1222935,61,224,1047,2014.0,15901936.0,79840648.0,2.106119,-3.225189,DEU,TUR,6522
1222936,64,224,1047,2014.0,101912.0,2305981.0,1.15411,1.160462,DNK,TUR,6522
1222937,65,224,1047,2014.0,0.0,31966.0,-0.076532,0.472746,DOM,TUR,6522
1222938,66,224,1047,2014.0,0.0,4465260.0,-1.427966,-1.1216760000000001,DZA,TUR,6522
1222939,67,224,1047,2014.0,0.0,141382.0,-1.0520559999999999,-1.109638,ECU,TUR,6522
1222940,68,224,1047,2014.0,74151144.0,83371504.0,-0.036009,2.027503,EGY,TUR,6522
1222941,69,224,1047,2014.0,0.0,364175.0,-1.8750509999999998,-1.1314790000000001,ERI,TUR,6522
1222942,71,224,1047,2014.0,31924000.0,29931946.0,0.9574159999999999,1.787233,ESP,TUR,6522
1222943,72,224,1047,2014.0,17350.0,2198393.0,1.022704,1.175645,EST,TUR,6522
1222944,73,224,1047,2014.0,4068766.0,337806.0,-1.147242,-0.986643,ETH,TUR,6522
1222945,74,224,1047,2014.0,4809.0,2670919.0,1.591758,0.9737819999999999,FIN,TUR,6522
1222946,77,224,1047,2014.0,4180274.0,18520092.0,1.432323,0.43023,FRA,TUR,6522
1222947,80,224,1047,2014.0,0.0,69531.0,-1.354381,-1.100019,GAB,TUR,6522
1222948,81,224,1047,2014.0,3272324.0,20704604.0,1.542804,0.915499,GBR,TUR,6522
1222949,82,224,1047,2014.0,76803.0,10972940.0,-0.23090300000000002,-0.510401,GEO,TUR,6522
1222950,83,224,1047,2014.0,0.0,53683.0,-1.1140299999999999,-1.0711700000000002,GHA,TUR,6522
1222951,90,224,1047,2014.0,1787048.0,7566928.0,0.064193,0.955633,GRC,TUR,6522
1222952,92,224,1047,2014.0,0.0,9304.0,-0.815759,-0.9168860000000001,GRL,TUR,6522
1222953,97,224,1047,2014.0,539674.0,56225076.0,0.9198440000000001,1.257131,HKG,TUR,6522
1222954,99,224,1047,2014.0,0.0,32560.0,-0.372433,0.036463,HND,TUR,6522
1222955,100,224,1047,2014.0,8384.0,2100480.0,0.8627809999999999,1.3475549999999998,HRV,TUR,6522
1222956,102,224,1047,2014.0,482215.0,21062882.0,1.713536,0.5681729999999999,HUN,TUR,6522
1222957,103,224,1047,2014.0,4144528.0,1338227.0,0.068135,1.672437,IDN,TUR,6522
1222958,104,224,1047,2014.0,24493866.0,2538692.0,0.236316,2.659173,IND,TUR,6522
1222959,106,224,1047,2014.0,0.0,141689.0,1.3749790000000002,0.41131899999999993,IRL,TUR,6522
1222960,107,224,1047,2014.0,0.0,13295753.0,-0.47744899999999996,-0.429676,IRN,TUR,6522
1222961,108,224,1047,2014.0,150016.0,2181645.0,-3.04704,-0.9082290000000001,IRQ,TUR,6522
1222962,109,224,1047,2014.0,0.0,4782.0,0.130097,-0.313819,ISL,TUR,6522
1222963,110,224,1047,2014.0,192907.0,3825976.0,0.9753860000000001,0.810342,ISR,TUR,6522
1222964,111,224,1047,2014.0,97592568.0,126142920.0,1.476328,-0.293302,ITA,TUR,6522
1222965,112,224,1047,2014.0,0.0,30701.0,-0.390841,-0.804425,JAM,TUR,6522
1222966,113,224,1047,2014.0,0.0,2458931.0,0.23508800000000002,0.47597,JOR,TUR,6522
1222967,114,224,1047,2014.0,1540354.0,2424874.0,2.297789,-0.58585,JPN,TUR,6522
1222968,115,224,1047,2014.0,0.0,957194.0,-0.503438,-0.5477850000000001,KAZ,TUR,6522
1222969,116,224,1047,2014.0,0.0,55386.0,-0.411786,0.219875,KEN,TUR,6522
1222970,117,224,1047,2014.0,0.0,6079939.0,-0.11451099999999999,0.358754,KGZ,TUR,6522
1222971,118,224,1047,2014.0,0.0,828711.0,-0.5871430000000001,-0.7545850000000001,KHM,TUR,6522
1222972,121,224,1047,2014.0,514960.0,3466172.0,1.9642650000000001,0.86425,KOR,TUR,6522
1222973,122,224,1047,2014.0,0.0,531183.0,-1.2601069999999999,-1.0929360000000001,KWT,TUR,6522
1222974,124,224,1047,2014.0,17074.0,3774274.0,0.32006799999999996,1.666039,LBN,TUR,6522
1222975,125,224,1047,2014.0,0.0,3376.0,-1.191134,-1.076719,LBR,TUR,6522
1222976,126,224,1047,2014.0,0.0,193390.0,-1.539253,-1.159929,LBY,TUR,6522
1222977,128,224,1047,2014.0,402872.0,1465567.0,-0.30641399999999996,0.29736799999999997,LKA,TUR,6522
1222978,130,224,1047,2014.0,27081.0,3810237.0,0.679488,1.558981,LTU,TUR,6522
1222979,132,224,1047,2014.0,0.0,656514.0,0.6501,1.35321,LVA,TUR,6522
1222980,133,224,1047,2014.0,0.0,20891.0,0.781301,0.522065,MAC,TUR,6522
1222981,134,224,1047,2014.0,1664450.0,56242884.0,-0.429457,0.039947,MAR,TUR,6522
1222982,135,224,1047,2014.0,19862.0,7122316.0,0.031916,0.24264499999999997,MDA,TUR,6522
1222983,136,224,1047,2014.0,3031.0,42535.0,-0.690485,-0.5090020000000001,MDG,TUR,6522
1222984,137,224,1047,2014.0,0.0,1215.0,-0.6189939999999999,-0.880108,MDV,TUR,6522
1222985,138,224,1047,2014.0,2638746.0,7294994.0,1.292327,0.713879,MEX,TUR,6522
1222986,140,224,1047,2014.0,10438055.0,14125247.0,-0.216313,-0.214403,MKD,TUR,6522
1222987,141,224,1047,2014.0,0.0,10466.0,-1.027153,-1.0197370000000001,MLI,TUR,6522
1222988,142,224,1047,2014.0,0.0,69451.0,0.8871379999999999,0.088535,MLT,TUR,6522
1222989,143,224,1047,2014.0,0.0,49210.0,-1.350593,-1.1112229999999998,MMR,TUR,6522
1222990,144,224,1047,2014.0,0.0,277290.0,-0.007741,0.018085,MNE,TUR,6522
1222991,145,224,1047,2014.0,0.0,1366.0,-1.368502,-1.17111,MNG,TUR,6522
1222992,147,224,1047,2014.0,0.0,422977.0,-1.03106,-0.9325260000000001,MOZ,TUR,6522
1222993,148,224,1047,2014.0,0.0,91184.0,-1.425856,-1.213441,MRT,TUR,6522
1222994,151,224,1047,2014.0,3484947.0,181180.0,-0.055786,-0.1488,MUS,TUR,6522
1222995,153,224,1047,2014.0,1361772.0,302996.0,0.995226,0.7797810000000001,MYS,TUR,6522
1222996,157,224,1047,2014.0,0.0,6126.0,-0.709151,-0.869426,NER,TUR,6522
1222997,159,224,1047,2014.0,0.0,53407.0,-1.9012419999999999,-1.229264,NGA,TUR,6522
1222998,162,224,1047,2014.0,5566518.0,9399481.0,1.08881,1.320941,NLD,TUR,6522
1222999,163,224,1047,2014.0,0.0,495614.0,0.678424,0.137871,NOR,TUR,6522
1223000,166,224,1047,2014.0,0.0,742710.0,0.123649,0.26129,NZL,TUR,6522
1223001,167,224,1047,2014.0,0.0,2255.0,-0.7307060000000001,-1.060975,OMN,TUR,6522
1223002,168,224,1047,2014.0,70030992.0,5377500.0,-0.595946,0.493716,PAK,TUR,6522
1223003,173,224,1047,2014.0,40030.0,98034.0,-0.617883,0.427092,PER,TUR,6522
1223004,174,224,1047,2014.0,17956.0,3696062.0,0.835601,0.589322,PHL,TUR,6522
1223005,177,224,1047,2014.0,951446.0,50511008.0,1.1328690000000001,1.043185,POL,TUR,6522
1223006,179,224,1047,2014.0,5162348.0,17375210.0,0.763352,2.041559,PRT,TUR,6522
1223007,180,224,1047,2014.0,0.0,332910.0,-0.612822,-0.8764139999999999,PRY,TUR,6522
1223008,181,224,1047,2014.0,0.0,51452.0,0.129971,0.775546,PSE,TUR,6522
1223009,182,224,1047,2014.0,0.0,3774.0,-0.187778,-0.7217060000000001,PYF,TUR,6522
1223010,183,224,1047,2014.0,0.0,225942.0,-0.5604899999999999,-0.989015,QAT,TUR,6522
1223011,185,224,1047,2014.0,1702456.0,52265948.0,1.0837940000000001,1.199571,ROU,TUR,6522
1223012,186,224,1047,2014.0,24097.0,29786112.0,-0.006737000000000001,-0.172237,RUS,TUR,6522
1223013,188,224,1047,2014.0,51837.0,1439051.0,-0.188727,-0.8629459999999999,SAU,TUR,6522
1223014,190,224,1047,2014.0,0.0,852250.0,-1.473904,-1.154731,SDN,TUR,6522
1223015,191,224,1047,2014.0,0.0,354777.0,-0.509239,0.002353,SEN,TUR,6522
1223016,192,224,1047,2014.0,36097.0,355819.0,1.750361,0.63849,SGP,TUR,6522
1223017,196,224,1047,2014.0,0.0,32096.0,-0.718496,-0.750311,SLE,TUR,6522
1223018,197,224,1047,2014.0,0.0,1894.0,0.11639200000000001,0.368644,SLV,TUR,6522
1223019,201,224,1047,2014.0,338536.0,36935536.0,0.6017979999999999,1.328124,SRB,TUR,6522
1223020,206,224,1047,2014.0,202132.0,2987040.0,1.525525,0.773486,SVK,TUR,6522
1223021,207,224,1047,2014.0,1412134.0,937341.0,1.554693,0.633504,SVN,TUR,6522
1223022,208,224,1047,2014.0,57149.0,1531810.0,1.7256330000000002,0.395804,SWE,TUR,6522
1223023,211,224,1047,2014.0,0.0,5183.0,0.158898,-0.571933,SYC,TUR,6522
1223024,212,224,1047,2014.0,61453.0,6120640.0,-0.22825,0.803708,SYR,TUR,6522
1223025,216,224,1047,2014.0,3861684.0,2309164.0,1.111392,1.3500370000000002,THA,TUR,6522
1223026,217,224,1047,2014.0,0.0,112500.0,-0.9002680000000001,-1.05621,TJK,TUR,6522
1223027,219,224,1047,2014.0,17239428.0,423262.0,-0.961465,-1.1428559999999999,TKM,TUR,6522
1223028,223,224,1047,2014.0,7727744.0,87012768.0,0.45973800000000004,0.9595459999999999,TUN,TUR,6522
1223029,228,224,1047,2014.0,0.0,20066040.0,0.505369,1.07634,UKR,TUR,6522
1223030,231,224,1047,2014.0,1760102.0,27045692.0,1.569577,-0.293173,USA,TUR,6522
1223031,232,224,1047,2014.0,62458.0,336110.0,-0.422387,-0.44193599999999994,UZB,TUR,6522
1223032,236,224,1047,2014.0,0.0,9879.0,-1.1668459999999998,-1.134262,VEN,TUR,6522
1223033,239,224,1047,2014.0,83011.0,14603694.0,0.135762,1.182052,VNM,TUR,6522
1223034,243,224,1047,2014.0,0.0,47614.0,-1.178492,-1.2530629999999998,YEM,TUR,6522
1223035,246,224,1047,2014.0,0.0,658383.0,0.156414,1.873848,ZAF,TUR,6522
1223036,249,224,1047,2014.0,1976732.0,1059428.0,1.850481,1.081809,TWN,TUR,6522
1223037,250,224,1047,2014.0,21595040.0,63930948.0,0.426964,0.138883,ANS,TUR,6522
1223038,7,228,1047,2014.0,6295.0,4760.0,-0.121018,-0.51841,ARE,UKR,6522
1223039,15,228,1047,2014.0,1788830.0,10894.0,1.782532,-0.84455,AUT,UKR,6522
1223040,16,228,1047,2014.0,169182.0,0.0,-1.230795,-1.237163,AZE,UKR,6522
1223041,18,228,1047,2014.0,3685535.0,27889.0,1.182934,1.1967139999999998,BEL,UKR,6522
1223042,23,228,1047,2014.0,211239.0,0.0,0.611912,1.594597,BGR,UKR,6522
1223043,28,228,1047,2014.0,2942214.0,649180.0,0.929114,0.7313069999999999,BLR,UKR,6522
1223044,32,228,1047,2014.0,10142.0,0.0,0.23286700000000002,0.968366,BRA,UKR,6522
1223045,41,228,1047,2014.0,393697.0,0.0,2.027022,0.780257,CHE,UKR,6522
1223046,43,228,1047,2014.0,17428474.0,0.0,1.316443,0.35039899999999996,CHN,UKR,6522
1223047,59,228,1047,2014.0,1831417.0,0.0,1.761204,-0.148263,CZE,UKR,6522
1223048,61,228,1047,2014.0,28448392.0,245081.0,2.106119,-3.225189,DEU,UKR,6522
1223049,64,228,1047,2014.0,1075655.0,233995.0,1.15411,1.160462,DNK,UKR,6522
1223050,71,228,1047,2014.0,587887.0,0.0,0.9574159999999999,1.787233,ESP,UKR,6522
1223051,72,228,1047,2014.0,354261.0,9873.0,1.022704,1.175645,EST,UKR,6522
1223052,73,228,1047,2014.0,12134.0,0.0,-1.147242,-0.986643,ETH,UKR,6522
1223053,77,228,1047,2014.0,1615651.0,78648.0,1.432323,0.43023,FRA,UKR,6522
1223054,81,228,1047,2014.0,1244191.0,17036.0,1.542804,0.915499,GBR,UKR,6522
1223055,82,228,1047,2014.0,0.0,7869.0,-0.23090300000000002,-0.510401,GEO,UKR,6522
1223056,90,228,1047,2014.0,24373.0,0.0,0.064193,0.955633,GRC,UKR,6522
1223057,97,228,1047,2014.0,57344.0,4734.0,0.9198440000000001,1.257131,HKG,UKR,6522
1223058,102,228,1047,2014.0,5441076.0,12813.0,1.713536,0.5681729999999999,HUN,UKR,6522
1223059,103,228,1047,2014.0,130666.0,0.0,0.068135,1.672437,IDN,UKR,6522
1223060,104,228,1047,2014.0,80708.0,0.0,0.236316,2.659173,IND,UKR,6522
1223061,111,228,1047,2014.0,4280538.0,3694.0,1.476328,-0.293302,ITA,UKR,6522
1223062,114,228,1047,2014.0,6029.0,0.0,2.297789,-0.58585,JPN,UKR,6522
1223063,115,228,1047,2014.0,319644.0,0.0,-0.503438,-0.5477850000000001,KAZ,UKR,6522
1223064,121,228,1047,2014.0,836889.0,0.0,1.9642650000000001,0.86425,KOR,UKR,6522
1223065,130,228,1047,2014.0,2227631.0,574393.0,0.679488,1.558981,LTU,UKR,6522
1223066,132,228,1047,2014.0,1996315.0,4215.0,0.6501,1.35321,LVA,UKR,6522
1223067,134,228,1047,2014.0,1058.0,0.0,-0.429457,0.039947,MAR,UKR,6522
1223068,135,228,1047,2014.0,2041163.0,84754.0,0.031916,0.24264499999999997,MDA,UKR,6522
1223069,153,228,1047,2014.0,8678.0,0.0,0.995226,0.7797810000000001,MYS,UKR,6522
1223070,162,228,1047,2014.0,208384.0,9701.0,1.08881,1.320941,NLD,UKR,6522
1223071,168,228,1047,2014.0,7322601.0,0.0,-0.595946,0.493716,PAK,UKR,6522
1223072,177,228,1047,2014.0,9068795.0,35757.0,1.1328690000000001,1.043185,POL,UKR,6522
1223073,178,228,1047,2014.0,7634.0,0.0,-0.11844400000000001,0.067508,PRK,UKR,6522
1223074,179,228,1047,2014.0,211379.0,0.0,0.763352,2.041559,PRT,UKR,6522
1223075,185,228,1047,2014.0,4209612.0,4342.0,1.0837940000000001,1.199571,ROU,UKR,6522
1223076,186,228,1047,2014.0,9451672.0,2680054.0,-0.006737000000000001,-0.172237,RUS,UKR,6522
1223077,206,228,1047,2014.0,2915864.0,20392.0,1.525525,0.773486,SVK,UKR,6522
1223078,207,228,1047,2014.0,33260.0,0.0,1.554693,0.633504,SVN,UKR,6522
1223079,208,228,1047,2014.0,1116018.0,15071.0,1.7256330000000002,0.395804,SWE,UKR,6522
1223080,216,228,1047,2014.0,598987.0,0.0,1.111392,1.3500370000000002,THA,UKR,6522
1223081,219,228,1047,2014.0,281074.0,70521.0,-0.961465,-1.1428559999999999,TKM,UKR,6522
1223082,223,228,1047,2014.0,13238.0,0.0,0.45973800000000004,0.9595459999999999,TUN,UKR,6522
1223083,224,228,1047,2014.0,20066040.0,0.0,0.6641600000000001,2.091193,TUR,UKR,6522
1223084,231,228,1047,2014.0,91504.0,0.0,1.569577,-0.293173,USA,UKR,6522
1223085,232,228,1047,2014.0,187789.0,0.0,-0.422387,-0.44193599999999994,UZB,UKR,6522
1223086,239,228,1047,2014.0,83241.0,0.0,0.135762,1.182052,VNM,UKR,6522
1223087,249,228,1047,2014.0,50744.0,0.0,1.850481,1.081809,TWN,UKR,6522
1223088,8,230,1047,2014.0,347046.0,12907.0,-0.047848,0.48062,ARG,URY,6522
1223089,18,230,1047,2014.0,7768.0,0.0,1.182934,1.1967139999999998,BEL,URY,6522
1223090,32,230,1047,2014.0,6083190.0,2532.0,0.23286700000000002,0.968366,BRA,URY,6522
1223091,39,230,1047,2014.0,2098.0,0.0,0.6145430000000001,1.1815360000000001,CAN,URY,6522
1223092,42,230,1047,2014.0,42402.0,0.0,-0.196236,-0.162428,CHL,URY,6522
1223093,43,230,1047,2014.0,5054448.0,3144.0,1.316443,0.35039899999999996,CHN,URY,6522
1223094,49,230,1047,2014.0,1627.0,0.0,0.084348,-0.39008200000000004,COL,URY,6522
1223095,61,230,1047,2014.0,7105.0,0.0,2.106119,-3.225189,DEU,URY,6522
1223096,67,230,1047,2014.0,4112.0,0.0,-1.0520559999999999,-1.109638,ECU,URY,6522
1223097,71,230,1047,2014.0,63666.0,0.0,0.9574159999999999,1.787233,ESP,URY,6522
1223098,77,230,1047,2014.0,58388.0,171345.0,1.432323,0.43023,FRA,URY,6522
1223099,81,230,1047,2014.0,1821.0,0.0,1.542804,0.915499,GBR,URY,6522
1223100,97,230,1047,2014.0,35992.0,26358.0,0.9198440000000001,1.257131,HKG,URY,6522
1223101,103,230,1047,2014.0,24914.0,0.0,0.068135,1.672437,IDN,URY,6522
1223102,104,230,1047,2014.0,235093.0,0.0,0.236316,2.659173,IND,URY,6522
1223103,110,230,1047,2014.0,1473.0,0.0,0.9753860000000001,0.810342,ISR,URY,6522
1223104,111,230,1047,2014.0,178323.0,0.0,1.476328,-0.293302,ITA,URY,6522
1223105,138,230,1047,2014.0,179077.0,0.0,1.292327,0.713879,MEX,URY,6522
1223106,162,230,1047,2014.0,20502.0,0.0,1.08881,1.320941,NLD,URY,6522
1223107,168,230,1047,2014.0,2523162.0,0.0,-0.595946,0.493716,PAK,URY,6522
1223108,173,230,1047,2014.0,15554.0,0.0,-0.617883,0.427092,PER,URY,6522
1223109,179,230,1047,2014.0,0.0,173088.0,0.763352,2.041559,PRT,URY,6522
1223110,180,230,1047,2014.0,213195.0,0.0,-0.612822,-0.8764139999999999,PRY,URY,6522
1223111,216,230,1047,2014.0,49990.0,21423.0,1.111392,1.3500370000000002,THA,URY,6522
1223112,231,230,1047,2014.0,50023.0,17963.0,1.569577,-0.293173,USA,URY,6522
1223113,236,230,1047,2014.0,0.0,171879.0,-1.1668459999999998,-1.134262,VEN,URY,6522
1223114,249,230,1047,2014.0,129065.0,0.0,1.850481,1.081809,TWN,URY,6522
1223115,0,231,1047,2014.0,0.0,280182.0,0.279562,-0.371938,ABW,USA,6522
1223116,2,231,1047,2014.0,0.0,13179.0,-1.547068,-1.121438,AGO,USA,6522
1223117,7,231,1047,2014.0,13072.0,362591.0,-0.121018,-0.51841,ARE,USA,6522
1223118,8,231,1047,2014.0,174186.0,1230464.0,-0.047848,0.48062,ARG,USA,6522
1223119,9,231,1047,2014.0,0.0,1448097.0,-0.143991,-0.5265890000000001,ARM,USA,6522
1223120,13,231,1047,2014.0,0.0,17362.0,0.048253,-0.618061,ATG,USA,6522
1223121,14,231,1047,2014.0,265452.0,5820916.0,-0.587779,-0.29813,AUS,USA,6522
1223122,15,231,1047,2014.0,1179388.0,280087.0,1.782532,-0.84455,AUT,USA,6522
1223123,16,231,1047,2014.0,0.0,5187.0,-1.230795,-1.237163,AZE,USA,6522
1223124,18,231,1047,2014.0,13682344.0,1112181.0,1.182934,1.1967139999999998,BEL,USA,6522
1223125,22,231,1047,2014.0,138816.0,156041.0,-0.76547,-0.9645469999999999,BGD,USA,6522
1223126,23,231,1047,2014.0,2930.0,3924.0,0.611912,1.594597,BGR,USA,6522
1223127,24,231,1047,2014.0,449339.0,31331.0,0.087173,-0.542374,BHR,USA,6522
1223128,25,231,1047,2014.0,2824.0,1233028.0,0.199967,-0.640347,BHS,USA,6522
1223129,26,231,1047,2014.0,0.0,53893.0,0.737556,0.9815530000000001,BIH,USA,6522
1223130,28,231,1047,2014.0,0.0,5020.0,0.929114,0.7313069999999999,BLR,USA,6522
1223131,29,231,1047,2014.0,0.0,105539.0,-0.15501700000000002,-0.507759,BLZ,USA,6522
1223132,30,231,1047,2014.0,0.0,196502.0,1.419541,0.139517,BMU,USA,6522
1223133,31,231,1047,2014.0,1923.0,155357.0,-1.200516,-1.052286,BOL,USA,6522
1223134,32,231,1047,2014.0,1319772.0,11065523.0,0.23286700000000002,0.968366,BRA,USA,6522
1223135,33,231,1047,2014.0,0.0,372585.0,0.45538500000000004,-0.126756,BRB,USA,6522
1223136,34,231,1047,2014.0,0.0,71914.0,-0.866534,-0.764166,BRN,USA,6522
1223137,39,231,1047,2014.0,5189413.0,48046408.0,0.6145430000000001,1.1815360000000001,CAN,USA,6522
1223138,41,231,1047,2014.0,3798511.0,779595.0,2.027022,0.780257,CHE,USA,6522
1223139,42,231,1047,2014.0,267382.0,1088600.0,-0.196236,-0.162428,CHL,USA,6522
1223140,43,231,1047,2014.0,182815552.0,5359480.0,1.316443,0.35039899999999996,CHN,USA,6522
1223141,44,231,1047,2014.0,6665.0,34409.0,-0.854784,-0.781877,CIV,USA,6522
1223142,45,231,1047,2014.0,0.0,67580.0,-0.726413,-0.927583,CMR,USA,6522
1223143,47,231,1047,2014.0,3184.0,4058.0,-1.359593,-1.101705,COG,USA,6522
1223144,49,231,1047,2014.0,8502.0,3149727.0,0.084348,-0.39008200000000004,COL,USA,6522
1223145,52,231,1047,2014.0,179988.0,813746.0,0.13936500000000002,-0.573277,CRI,USA,6522
1223146,55,231,1047,2014.0,0.0,44718.0,0.094776,-0.738603,CUW,USA,6522
1223147,57,231,1047,2014.0,0.0,30358.0,0.906078,-0.6494770000000001,CYM,USA,6522
1223148,58,231,1047,2014.0,0.0,1826.0,0.476854,0.572103,CYP,USA,6522
1223149,59,231,1047,2014.0,448236.0,339230.0,1.761204,-0.148263,CZE,USA,6522
1223150,61,231,1047,2014.0,11075588.0,6565901.0,2.106119,-3.225189,DEU,USA,6522
1223151,64,231,1047,2014.0,333750.0,1114024.0,1.15411,1.160462,DNK,USA,6522
1223152,65,231,1047,2014.0,904505.0,45618716.0,-0.076532,0.472746,DOM,USA,6522
1223153,67,231,1047,2014.0,0.0,1000924.0,-1.0520559999999999,-1.109638,ECU,USA,6522
1223154,68,231,1047,2014.0,44555496.0,717728.0,-0.036009,2.027503,EGY,USA,6522
1223155,71,231,1047,2014.0,3457008.0,4103082.0,0.9574159999999999,1.787233,ESP,USA,6522
1223156,72,231,1047,2014.0,12600.0,20527.0,1.022704,1.175645,EST,USA,6522
1223157,73,231,1047,2014.0,416823.0,1178.0,-1.147242,-0.986643,ETH,USA,6522
1223158,74,231,1047,2014.0,675322.0,113485.0,1.591758,0.9737819999999999,FIN,USA,6522
1223159,75,231,1047,2014.0,10766.0,162277.0,-0.20919699999999997,0.095276,FJI,USA,6522
1223160,77,231,1047,2014.0,7825754.0,1389701.0,1.432323,0.43023,FRA,USA,6522
1223161,81,231,1047,2014.0,6591978.0,6445031.0,1.542804,0.915499,GBR,USA,6522
1223162,83,231,1047,2014.0,12938.0,20000.0,-1.1140299999999999,-1.0711700000000002,GHA,USA,6522
1223163,87,231,1047,2014.0,0.0,12269.0,-0.79725,-0.8249059999999999,GMB,USA,6522
1223164,90,231,1047,2014.0,159631.0,3997.0,0.064193,0.955633,GRC,USA,6522
1223165,91,231,1047,2014.0,0.0,10210.0,0.30344,-0.5055350000000001,GRD,USA,6522
1223166,93,231,1047,2014.0,241147.0,28815380.0,-0.24762199999999998,0.536379,GTM,USA,6522
1223167,96,231,1047,2014.0,0.0,317191.0,-0.88674,-1.048691,GUY,USA,6522
1223168,97,231,1047,2014.0,2130352.0,6869510.0,0.9198440000000001,1.257131,HKG,USA,6522
1223169,99,231,1047,2014.0,10030.0,10817499.0,-0.372433,0.036463,HND,USA,6522
1223170,100,231,1047,2014.0,0.0,19158.0,0.8627809999999999,1.3475549999999998,HRV,USA,6522
1223171,101,231,1047,2014.0,0.0,775111.0,-0.894977,-1.0674379999999999,HTI,USA,6522
1223172,102,231,1047,2014.0,276558.0,39635.0,1.713536,0.5681729999999999,HUN,USA,6522
1223173,103,231,1047,2014.0,25577506.0,287685.0,0.068135,1.672437,IDN,USA,6522
1223174,104,231,1047,2014.0,30102420.0,491775.0,0.236316,2.659173,IND,USA,6522
1223175,106,231,1047,2014.0,78042.0,53782.0,1.3749790000000002,0.41131899999999993,IRL,USA,6522
1223176,109,231,1047,2014.0,0.0,89298.0,0.130097,-0.313819,ISL,USA,6522
1223177,110,231,1047,2014.0,1751180.0,3542936.0,0.9753860000000001,0.810342,ISR,USA,6522
1223178,111,231,1047,2014.0,75843192.0,2739853.0,1.476328,-0.293302,ITA,USA,6522
1223179,112,231,1047,2014.0,0.0,1111994.0,-0.390841,-0.804425,JAM,USA,6522
1223180,113,231,1047,2014.0,0.0,134917.0,0.23508800000000002,0.47597,JOR,USA,6522
1223181,114,231,1047,2014.0,63937744.0,1918560.0,2.297789,-0.58585,JPN,USA,6522
1223182,115,231,1047,2014.0,1272.0,6471.0,-0.503438,-0.5477850000000001,KAZ,USA,6522
1223183,116,231,1047,2014.0,1821.0,0.0,-0.411786,0.219875,KEN,USA,6522
1223184,118,231,1047,2014.0,61908.0,23062.0,-0.5871430000000001,-0.7545850000000001,KHM,USA,6522
1223185,120,231,1047,2014.0,0.0,18671.0,0.731716,-0.341254,KNA,USA,6522
1223186,121,231,1047,2014.0,119113208.0,1061488.0,1.9642650000000001,0.86425,KOR,USA,6522
1223187,122,231,1047,2014.0,0.0,100532.0,-1.2601069999999999,-1.0929360000000001,KWT,USA,6522
1223188,124,231,1047,2014.0,25942.0,178111.0,0.32006799999999996,1.666039,LBN,USA,6522
1223189,127,231,1047,2014.0,0.0,102740.0,0.636416,-0.464264,LCA,USA,6522
1223190,128,231,1047,2014.0,44150.0,357801.0,-0.30641399999999996,0.29736799999999997,LKA,USA,6522
1223191,129,231,1047,2014.0,1582836.0,0.0,-0.586123,-0.728193,LSO,USA,6522
1223192,130,231,1047,2014.0,38194.0,327607.0,0.679488,1.558981,LTU,USA,6522
1223193,131,231,1047,2014.0,0.0,2858.0,1.093816,1.270669,LUX,USA,6522
1223194,132,231,1047,2014.0,0.0,344451.0,0.6501,1.35321,LVA,USA,6522
1223195,133,231,1047,2014.0,0.0,87807.0,0.781301,0.522065,MAC,USA,6522
1223196,134,231,1047,2014.0,157497.0,8024.0,-0.429457,0.039947,MAR,USA,6522
1223197,135,231,1047,2014.0,7814.0,0.0,0.031916,0.24264499999999997,MDA,USA,6522
1223198,136,231,1047,2014.0,0.0,21843.0,-0.690485,-0.5090020000000001,MDG,USA,6522
1223199,137,231,1047,2014.0,0.0,7281.0,-0.6189939999999999,-0.880108,MDV,USA,6522
1223200,138,231,1047,2014.0,20768936.0,409566656.0,1.292327,0.713879,MEX,USA,6522
1223201,140,231,1047,2014.0,0.0,61986.0,-0.216313,-0.214403,MKD,USA,6522
1223202,141,231,1047,2014.0,10136.0,0.0,-1.027153,-1.0197370000000001,MLI,USA,6522
1223203,142,231,1047,2014.0,0.0,5282.0,0.8871379999999999,0.088535,MLT,USA,6522
1223204,143,231,1047,2014.0,0.0,19190.0,-1.350593,-1.1112229999999998,MMR,USA,6522
1223205,147,231,1047,2014.0,0.0,2479.0,-1.03106,-0.9325260000000001,MOZ,USA,6522
1223206,148,231,1047,2014.0,0.0,207409.0,-1.425856,-1.213441,MRT,USA,6522
1223207,149,231,1047,2014.0,0.0,1709.0,0.8847709999999999,-0.10938800000000001,MSR,USA,6522
1223208,151,231,1047,2014.0,239448.0,31174.0,-0.055786,-0.1488,MUS,USA,6522
1223209,152,231,1047,2014.0,0.0,1563.0,-0.457027,-0.588539,MWI,USA,6522
1223210,153,231,1047,2014.0,641880.0,1209166.0,0.995226,0.7797810000000001,MYS,USA,6522
1223211,155,231,1047,2014.0,0.0,1442.0,-0.5218020000000001,-0.502617,NAM,USA,6522
1223212,156,231,1047,2014.0,0.0,41691.0,-0.201994,-0.723618,NCL,USA,6522
1223213,157,231,1047,2014.0,0.0,6131.0,-0.709151,-0.869426,NER,USA,6522
1223214,159,231,1047,2014.0,35923.0,82252.0,-1.9012419999999999,-1.229264,NGA,USA,6522
1223215,160,231,1047,2014.0,454906.0,31450570.0,-0.85321,-0.796656,NIC,USA,6522
1223216,162,231,1047,2014.0,5026228.0,8151694.0,1.08881,1.320941,NLD,USA,6522
1223217,163,231,1047,2014.0,8717.0,709217.0,0.678424,0.137871,NOR,USA,6522
1223218,164,231,1047,2014.0,7544.0,0.0,-0.083094,0.349348,NPL,USA,6522
1223219,166,231,1047,2014.0,855423.0,1133986.0,0.123649,0.26129,NZL,USA,6522
1223220,167,231,1047,2014.0,0.0,51573.0,-0.7307060000000001,-1.060975,OMN,USA,6522
1223221,168,231,1047,2014.0,53124748.0,330179.0,-0.595946,0.493716,PAK,USA,6522
1223222,169,231,1047,2014.0,27932.0,231820.0,0.8997200000000001,0.9699139999999999,PAN,USA,6522
1223223,173,231,1047,2014.0,2335151.0,472205.0,-0.617883,0.427092,PER,USA,6522
1223224,174,231,1047,2014.0,52166.0,633640.0,0.835601,0.589322,PHL,USA,6522
1223225,175,231,1047,2014.0,0.0,11376.0,0.310879,-0.526995,PLW,USA,6522
1223226,177,231,1047,2014.0,944348.0,605874.0,1.1328690000000001,1.043185,POL,USA,6522
1223227,179,231,1047,2014.0,3704989.0,365326.0,0.763352,2.041559,PRT,USA,6522
1223228,180,231,1047,2014.0,0.0,355490.0,-0.612822,-0.8764139999999999,PRY,USA,6522
1223229,182,231,1047,2014.0,0.0,57400.0,-0.187778,-0.7217060000000001,PYF,USA,6522
1223230,183,231,1047,2014.0,0.0,49693.0,-0.5604899999999999,-0.989015,QAT,USA,6522
1223231,185,231,1047,2014.0,258443.0,46034.0,1.0837940000000001,1.199571,ROU,USA,6522
1223232,186,231,1047,2014.0,278608.0,753220.0,-0.006737000000000001,-0.172237,RUS,USA,6522
1223233,188,231,1047,2014.0,250371.0,342730.0,-0.188727,-0.8629459999999999,SAU,USA,6522
1223234,191,231,1047,2014.0,66515.0,7064.0,-0.509239,0.002353,SEN,USA,6522
1223235,192,231,1047,2014.0,170181.0,1000763.0,1.750361,0.63849,SGP,USA,6522
1223236,197,231,1047,2014.0,540134.0,1459964.0,0.11639200000000001,0.368644,SLV,USA,6522
1223237,201,231,1047,2014.0,0.0,19067.0,0.6017979999999999,1.328124,SRB,USA,6522
1223238,205,231,1047,2014.0,0.0,172987.0,-0.278229,-0.9962840000000001,SUR,USA,6522
1223239,206,231,1047,2014.0,6729.0,102967.0,1.525525,0.773486,SVK,USA,6522
1223240,207,231,1047,2014.0,8854.0,84464.0,1.554693,0.633504,SVN,USA,6522
1223241,208,231,1047,2014.0,112363.0,460853.0,1.7256330000000002,0.395804,SWE,USA,6522
1223242,210,231,1047,2014.0,0.0,15176.0,0.712322,-0.591598,SXM,USA,6522
1223243,213,231,1047,2014.0,0.0,15904.0,0.566988,0.050384,TCA,USA,6522
1223244,216,231,1047,2014.0,8614926.0,409860.0,1.111392,1.3500370000000002,THA,USA,6522
1223245,219,231,1047,2014.0,9442.0,0.0,-0.961465,-1.1428559999999999,TKM,USA,6522
1223246,221,231,1047,2014.0,0.0,2395.0,-0.11423299999999999,-0.431381,TON,USA,6522
1223247,222,231,1047,2014.0,13194.0,815953.0,-0.582991,-1.055078,TTO,USA,6522
1223248,223,231,1047,2014.0,608911.0,1772184.0,0.45973800000000004,0.9595459999999999,TUN,USA,6522
1223249,224,231,1047,2014.0,27045692.0,1760102.0,0.6641600000000001,2.091193,TUR,USA,6522
1223250,226,231,1047,2014.0,5622.0,0.0,-0.909005,0.511175,TZA,USA,6522
1223251,228,231,1047,2014.0,0.0,91504.0,0.505369,1.07634,UKR,USA,6522
1223252,230,231,1047,2014.0,17963.0,50023.0,0.155247,-0.091751,URY,USA,6522
1223253,232,231,1047,2014.0,3385.0,0.0,-0.422387,-0.44193599999999994,UZB,USA,6522
1223254,234,231,1047,2014.0,0.0,19297.0,0.101454,-0.469681,VCT,USA,6522
1223255,236,231,1047,2014.0,0.0,660172.0,-1.1668459999999998,-1.134262,VEN,USA,6522
1223256,239,231,1047,2014.0,303711.0,2301756.0,0.135762,1.182052,VNM,USA,6522
1223257,242,231,1047,2014.0,0.0,3063.0,0.576162,0.094416,WSM,USA,6522
1223258,246,231,1047,2014.0,139256.0,2981816.0,0.156414,1.873848,ZAF,USA,6522
1223259,247,231,1047,2014.0,0.0,8122.0,-0.506171,-0.680445,ZMB,USA,6522
1223260,248,231,1047,2014.0,2312.0,0.0,-0.732781,-0.875713,ZWE,USA,6522
1223261,249,231,1047,2014.0,10907271.0,1147930.0,1.850481,1.081809,TWN,USA,6522
1223262,15,236,1047,2014.0,285327.0,0.0,1.782532,-0.84455,AUT,VEN,6522
1223263,31,236,1047,2014.0,2093848.0,0.0,-1.200516,-1.052286,BOL,VEN,6522
1223264,32,236,1047,2014.0,3723159.0,0.0,0.23286700000000002,0.968366,BRA,VEN,6522
1223265,39,236,1047,2014.0,81824.0,0.0,0.6145430000000001,1.1815360000000001,CAN,VEN,6522
1223266,41,236,1047,2014.0,52516.0,0.0,2.027022,0.780257,CHE,VEN,6522
1223267,43,236,1047,2014.0,14714808.0,0.0,1.316443,0.35039899999999996,CHN,VEN,6522
1223268,49,236,1047,2014.0,7869298.0,520605.0,0.084348,-0.39008200000000004,COL,VEN,6522
1223269,61,236,1047,2014.0,118569.0,0.0,2.106119,-3.225189,DEU,VEN,6522
1223270,67,236,1047,2014.0,2405184.0,1068738.0,-1.0520559999999999,-1.109638,ECU,VEN,6522
1223271,71,236,1047,2014.0,251371.0,0.0,0.9574159999999999,1.787233,ESP,VEN,6522
1223272,97,236,1047,2014.0,863435.0,0.0,0.9198440000000001,1.257131,HKG,VEN,6522
1223273,104,236,1047,2014.0,10565404.0,0.0,0.236316,2.659173,IND,VEN,6522
1223274,111,236,1047,2014.0,550874.0,0.0,1.476328,-0.293302,ITA,VEN,6522
1223275,153,236,1047,2014.0,21140.0,4040.0,0.995226,0.7797810000000001,MYS,VEN,6522
1223276,168,236,1047,2014.0,2794576.0,0.0,-0.595946,0.493716,PAK,VEN,6522
1223277,169,236,1047,2014.0,1715799.0,0.0,0.8997200000000001,0.9699139999999999,PAN,VEN,6522
1223278,173,236,1047,2014.0,5357240.0,38008.0,-0.617883,0.427092,PER,VEN,6522
1223279,177,236,1047,2014.0,0.0,9092.0,1.1328690000000001,1.043185,POL,VEN,6522
1223280,197,236,1047,2014.0,25330.0,0.0,0.11639200000000001,0.368644,SLV,VEN,6522
1223281,216,236,1047,2014.0,362605.0,0.0,1.111392,1.3500370000000002,THA,VEN,6522
1223282,224,236,1047,2014.0,9879.0,0.0,0.6641600000000001,2.091193,TUR,VEN,6522
1223283,230,236,1047,2014.0,171879.0,0.0,0.155247,-0.091751,URY,VEN,6522
1223284,231,236,1047,2014.0,660172.0,0.0,1.569577,-0.293173,USA,VEN,6522
1223285,43,243,1047,2014.0,9425314.0,0.0,1.316443,0.35039899999999996,CHN,YEM,6522
1223286,68,243,1047,2014.0,2551850.0,0.0,-0.036009,2.027503,EGY,YEM,6522
1223287,104,243,1047,2014.0,7476006.0,0.0,0.236316,2.659173,IND,YEM,6522
1223288,168,243,1047,2014.0,57897.0,0.0,-0.595946,0.493716,PAK,YEM,6522
1223289,188,243,1047,2014.0,0.0,6021.0,-0.188727,-0.8629459999999999,SAU,YEM,6522
1223290,224,243,1047,2014.0,47614.0,0.0,0.6641600000000001,2.091193,TUR,YEM,6522
1223291,2,246,1047,2014.0,0.0,82023.0,-1.547068,-1.121438,AGO,ZAF,6522
1223292,7,246,1047,2014.0,57828.0,0.0,-0.121018,-0.51841,ARE,ZAF,6522
1223293,14,246,1047,2014.0,9242.0,19286.0,-0.587779,-0.29813,AUS,ZAF,6522
1223294,15,246,1047,2014.0,238486.0,1826.0,1.782532,-0.84455,AUT,ZAF,6522
1223295,18,246,1047,2014.0,98035.0,29290.0,1.182934,1.1967139999999998,BEL,ZAF,6522
1223296,22,246,1047,2014.0,10559.0,0.0,-0.76547,-0.9645469999999999,BGD,ZAF,6522
1223297,24,246,1047,2014.0,171520.0,8119.0,0.087173,-0.542374,BHR,ZAF,6522
1223298,32,246,1047,2014.0,73194.0,0.0,0.23286700000000002,0.968366,BRA,ZAF,6522
1223299,37,246,1047,2014.0,136020.0,3045851.0,-0.7467630000000001,-1.1369690000000001,BWA,ZAF,6522
1223300,39,246,1047,2014.0,22390.0,22798.0,0.6145430000000001,1.1815360000000001,CAN,ZAF,6522
1223301,41,246,1047,2014.0,14611.0,0.0,2.027022,0.780257,CHE,ZAF,6522
1223302,42,246,1047,2014.0,0.0,2523.0,-0.196236,-0.162428,CHL,ZAF,6522
1223303,43,246,1047,2014.0,72845192.0,12700.0,1.316443,0.35039899999999996,CHN,ZAF,6522
1223304,46,246,1047,2014.0,1288.0,9233.0,-1.596912,-1.1239940000000002,COD,ZAF,6522
1223305,47,246,1047,2014.0,0.0,22352.0,-1.359593,-1.101705,COG,ZAF,6522
1223306,58,246,1047,2014.0,3034.0,0.0,0.476854,0.572103,CYP,ZAF,6522
1223307,59,246,1047,2014.0,254079.0,0.0,1.761204,-0.148263,CZE,ZAF,6522
1223308,61,246,1047,2014.0,5451062.0,10958.0,2.106119,-3.225189,DEU,ZAF,6522
1223309,64,246,1047,2014.0,1851.0,0.0,1.15411,1.160462,DNK,ZAF,6522
1223310,68,246,1047,2014.0,137217.0,159104.0,-0.036009,2.027503,EGY,ZAF,6522
1223311,71,246,1047,2014.0,652474.0,3182.0,0.9574159999999999,1.787233,ESP,ZAF,6522
1223312,77,246,1047,2014.0,118026.0,35127.0,1.432323,0.43023,FRA,ZAF,6522
1223313,81,246,1047,2014.0,1461255.0,119335.0,1.542804,0.915499,GBR,ZAF,6522
1223314,83,246,1047,2014.0,0.0,1195.0,-1.1140299999999999,-1.0711700000000002,GHA,ZAF,6522
1223315,97,246,1047,2014.0,489578.0,0.0,0.9198440000000001,1.257131,HKG,ZAF,6522
1223316,103,246,1047,2014.0,619947.0,10107.0,0.068135,1.672437,IDN,ZAF,6522
1223317,104,246,1047,2014.0,10530255.0,13153.0,0.236316,2.659173,IND,ZAF,6522
1223318,110,246,1047,2014.0,0.0,8746.0,0.9753860000000001,0.810342,ISR,ZAF,6522
1223319,111,246,1047,2014.0,717498.0,1438.0,1.476328,-0.293302,ITA,ZAF,6522
1223320,114,246,1047,2014.0,108091.0,0.0,2.297789,-0.58585,JPN,ZAF,6522
1223321,116,246,1047,2014.0,16068.0,4700.0,-0.411786,0.219875,KEN,ZAF,6522
1223322,118,246,1047,2014.0,7005.0,0.0,-0.5871430000000001,-0.7545850000000001,KHM,ZAF,6522
1223323,121,246,1047,2014.0,460483.0,0.0,1.9642650000000001,0.86425,KOR,ZAF,6522
1223324,125,246,1047,2014.0,0.0,1694.0,-1.191134,-1.076719,LBR,ZAF,6522
1223325,129,246,1047,2014.0,2687127.0,7663713.0,-0.586123,-0.728193,LSO,ZAF,6522
1223326,134,246,1047,2014.0,20039.0,0.0,-0.429457,0.039947,MAR,ZAF,6522
1223327,136,246,1047,2014.0,247143.0,8118.0,-0.690485,-0.5090020000000001,MDG,ZAF,6522
1223328,138,246,1047,2014.0,1075558.0,0.0,1.292327,0.713879,MEX,ZAF,6522
1223329,147,246,1047,2014.0,0.0,484104.0,-1.03106,-0.9325260000000001,MOZ,ZAF,6522
1223330,151,246,1047,2014.0,2680749.0,99552.0,-0.055786,-0.1488,MUS,ZAF,6522
1223331,152,246,1047,2014.0,0.0,117791.0,-0.457027,-0.588539,MWI,ZAF,6522
1223332,153,246,1047,2014.0,0.0,2342.0,0.995226,0.7797810000000001,MYS,ZAF,6522
1223333,155,246,1047,2014.0,1032.0,738529.0,-0.5218020000000001,-0.502617,NAM,ZAF,6522
1223334,159,246,1047,2014.0,3120.0,52164.0,-1.9012419999999999,-1.229264,NGA,ZAF,6522
1223335,162,246,1047,2014.0,244093.0,2094.0,1.08881,1.320941,NLD,ZAF,6522
1223336,166,246,1047,2014.0,4677.0,60681.0,0.123649,0.26129,NZL,ZAF,6522
1223337,168,246,1047,2014.0,26117020.0,27358.0,-0.595946,0.493716,PAK,ZAF,6522
1223338,173,246,1047,2014.0,8712.0,0.0,-0.617883,0.427092,PER,ZAF,6522
1223339,177,246,1047,2014.0,11032.0,0.0,1.1328690000000001,1.043185,POL,ZAF,6522
1223340,179,246,1047,2014.0,113010.0,0.0,0.763352,2.041559,PRT,ZAF,6522
1223341,183,246,1047,2014.0,0.0,1382.0,-0.5604899999999999,-0.989015,QAT,ZAF,6522
1223342,188,246,1047,2014.0,0.0,75853.0,-0.188727,-0.8629459999999999,SAU,ZAF,6522
1223343,191,246,1047,2014.0,2332.0,0.0,-0.509239,0.002353,SEN,ZAF,6522
1223344,192,246,1047,2014.0,6960.0,6123.0,1.750361,0.63849,SGP,ZAF,6522
1223345,194,246,1047,2014.0,0.0,1080.0,1.281662,0.12595699999999999,SHN,ZAF,6522
1223346,199,246,1047,2014.0,0.0,2209.0,-1.295756,-1.0475940000000001,SOM,ZAF,6522
1223347,207,246,1047,2014.0,5400.0,0.0,1.554693,0.633504,SVN,ZAF,6522
1223348,208,246,1047,2014.0,10878.0,0.0,1.7256330000000002,0.395804,SWE,ZAF,6522
1223349,209,246,1047,2014.0,1635231.0,3121234.0,0.383407,-0.064228,SWZ,ZAF,6522
1223350,211,246,1047,2014.0,15570.0,34874.0,0.158898,-0.571933,SYC,ZAF,6522
1223351,216,246,1047,2014.0,2093413.0,0.0,1.111392,1.3500370000000002,THA,ZAF,6522
1223352,224,246,1047,2014.0,658383.0,0.0,0.6641600000000001,2.091193,TUR,ZAF,6522
1223353,226,246,1047,2014.0,11585.0,61415.0,-0.909005,0.511175,TZA,ZAF,6522
1223354,227,246,1047,2014.0,0.0,1308.0,-0.505738,0.49837200000000004,UGA,ZAF,6522
1223355,231,246,1047,2014.0,2981816.0,139256.0,1.569577,-0.293173,USA,ZAF,6522
1223356,247,246,1047,2014.0,0.0,149201.0,-0.506171,-0.680445,ZMB,ZAF,6522
1223357,248,246,1047,2014.0,275997.0,1268011.0,-0.732781,-0.875713,ZWE,ZAF,6522
1223358,249,246,1047,2014.0,887367.0,0.0,1.850481,1.081809,TWN,ZAF,6522
1223359,250,246,1047,2014.0,48584.0,6145.0,0.426964,0.138883,ANS,ZAF,6522
1223360,7,249,1047,2014.0,0.0,411935.0,-0.121018,-0.51841,ARE,TWN,6522
1223361,8,249,1047,2014.0,0.0,71655.0,-0.047848,0.48062,ARG,TWN,6522
1223362,14,249,1047,2014.0,22253.0,452842.0,-0.587779,-0.29813,AUS,TWN,6522
1223363,15,249,1047,2014.0,635031.0,0.0,1.782532,-0.84455,AUT,TWN,6522
1223364,18,249,1047,2014.0,84451.0,642111.0,1.182934,1.1967139999999998,BEL,TWN,6522
1223365,22,249,1047,2014.0,0.0,6112498.0,-0.76547,-0.9645469999999999,BGD,TWN,6522
1223366,23,249,1047,2014.0,4475.0,298102.0,0.611912,1.594597,BGR,TWN,6522
1223367,24,249,1047,2014.0,0.0,103857.0,0.087173,-0.542374,BHR,TWN,6522
1223368,26,249,1047,2014.0,0.0,3997.0,0.737556,0.9815530000000001,BIH,TWN,6522
1223369,28,249,1047,2014.0,0.0,7934.0,0.929114,0.7313069999999999,BLR,TWN,6522
1223370,32,249,1047,2014.0,0.0,576976.0,0.23286700000000002,0.968366,BRA,TWN,6522
1223371,33,249,1047,2014.0,0.0,6295.0,0.45538500000000004,-0.126756,BRB,TWN,6522
1223372,34,249,1047,2014.0,0.0,17036.0,-0.866534,-0.764166,BRN,TWN,6522
1223373,39,249,1047,2014.0,2356.0,734222.0,0.6145430000000001,1.1815360000000001,CAN,TWN,6522
1223374,41,249,1047,2014.0,142189.0,61528.0,2.027022,0.780257,CHE,TWN,6522
1223375,42,249,1047,2014.0,0.0,292256.0,-0.196236,-0.162428,CHL,TWN,6522
1223376,43,249,1047,2014.0,8484924.0,49926796.0,1.316443,0.35039899999999996,CHN,TWN,6522
1223377,44,249,1047,2014.0,0.0,72185.0,-0.854784,-0.781877,CIV,TWN,6522
1223378,49,249,1047,2014.0,0.0,1760304.0,0.084348,-0.39008200000000004,COL,TWN,6522
1223379,59,249,1047,2014.0,0.0,1820.0,1.761204,-0.148263,CZE,TWN,6522
1223380,61,249,1047,2014.0,376047.0,606124.0,2.106119,-3.225189,DEU,TWN,6522
1223381,62,249,1047,2014.0,0.0,8626.0,-0.552959,-0.840274,DJI,TWN,6522
1223382,64,249,1047,2014.0,3972.0,8822.0,1.15411,1.160462,DNK,TWN,6522
1223383,67,249,1047,2014.0,0.0,133043.0,-1.0520559999999999,-1.109638,ECU,TWN,6522
1223384,68,249,1047,2014.0,6364.0,3654446.0,-0.036009,2.027503,EGY,TWN,6522
1223385,71,249,1047,2014.0,246048.0,306826.0,0.9574159999999999,1.787233,ESP,TWN,6522
1223386,74,249,1047,2014.0,8611.0,0.0,1.591758,0.9737819999999999,FIN,TWN,6522
1223387,75,249,1047,2014.0,0.0,773657.0,-0.20919699999999997,0.095276,FJI,TWN,6522
1223388,77,249,1047,2014.0,285921.0,81539.0,1.432323,0.43023,FRA,TWN,6522
1223389,81,249,1047,2014.0,296732.0,345974.0,1.542804,0.915499,GBR,TWN,6522
1223390,90,249,1047,2014.0,0.0,10502.0,0.064193,0.955633,GRC,TWN,6522
1223391,93,249,1047,2014.0,0.0,16355.0,-0.24762199999999998,0.536379,GTM,TWN,6522
1223392,97,249,1047,2014.0,682767.0,30323302.0,0.9198440000000001,1.257131,HKG,TWN,6522
1223393,99,249,1047,2014.0,0.0,17599.0,-0.372433,0.036463,HND,TWN,6522
1223394,102,249,1047,2014.0,1702.0,1762.0,1.713536,0.5681729999999999,HUN,TWN,6522
1223395,103,249,1047,2014.0,624931.0,19335336.0,0.068135,1.672437,IDN,TWN,6522
1223396,104,249,1047,2014.0,202410.0,4179868.0,0.236316,2.659173,IND,TWN,6522
1223397,106,249,1047,2014.0,0.0,2324.0,1.3749790000000002,0.41131899999999993,IRL,TWN,6522
1223398,108,249,1047,2014.0,0.0,18770.0,-3.04704,-0.9082290000000001,IRQ,TWN,6522
1223399,109,249,1047,2014.0,0.0,2883.0,0.130097,-0.313819,ISL,TWN,6522
1223400,110,249,1047,2014.0,498892.0,92159.0,0.9753860000000001,0.810342,ISR,TWN,6522
1223401,111,249,1047,2014.0,3087909.0,618644.0,1.476328,-0.293302,ITA,TWN,6522
1223402,113,249,1047,2014.0,0.0,3889557.0,0.23508800000000002,0.47597,JOR,TWN,6522
1223403,114,249,1047,2014.0,9453785.0,6214708.0,2.297789,-0.58585,JPN,TWN,6522
1223404,116,249,1047,2014.0,0.0,147043.0,-0.411786,0.219875,KEN,TWN,6522
1223405,118,249,1047,2014.0,1523.0,18016982.0,-0.5871430000000001,-0.7545850000000001,KHM,TWN,6522
1223406,119,249,1047,2014.0,0.0,3123.0,0.321741,-0.633105,KIR,TWN,6522
1223407,121,249,1047,2014.0,1718101.0,220577.0,1.9642650000000001,0.86425,KOR,TWN,6522
1223408,122,249,1047,2014.0,0.0,9025.0,-1.2601069999999999,-1.0929360000000001,KWT,TWN,6522
1223409,123,249,1047,2014.0,0.0,193784.0,-0.924599,-0.7456430000000001,LAO,TWN,6522
1223410,124,249,1047,2014.0,0.0,139661.0,0.32006799999999996,1.666039,LBN,TWN,6522
1223411,128,249,1047,2014.0,0.0,10485006.0,-0.30641399999999996,0.29736799999999997,LKA,TWN,6522
1223412,129,249,1047,2014.0,25783.0,3985671.0,-0.586123,-0.728193,LSO,TWN,6522
1223413,130,249,1047,2014.0,0.0,22859.0,0.679488,1.558981,LTU,TWN,6522
1223414,132,249,1047,2014.0,0.0,80388.0,0.6501,1.35321,LVA,TWN,6522
1223415,133,249,1047,2014.0,0.0,390570.0,0.781301,0.522065,MAC,TWN,6522
1223416,134,249,1047,2014.0,0.0,29555.0,-0.429457,0.039947,MAR,TWN,6522
1223417,138,249,1047,2014.0,0.0,1160648.0,1.292327,0.713879,MEX,TWN,6522
1223418,140,249,1047,2014.0,0.0,18626.0,-0.216313,-0.214403,MKD,TWN,6522
1223419,143,249,1047,2014.0,0.0,237110.0,-1.350593,-1.1112229999999998,MMR,TWN,6522
1223420,147,249,1047,2014.0,0.0,137412.0,-1.03106,-0.9325260000000001,MOZ,TWN,6522
1223421,151,249,1047,2014.0,6620.0,122169.0,-0.055786,-0.1488,MUS,TWN,6522
1223422,153,249,1047,2014.0,273365.0,4022474.0,0.995226,0.7797810000000001,MYS,TWN,6522
1223423,156,249,1047,2014.0,0.0,1918.0,-0.201994,-0.723618,NCL,TWN,6522
1223424,159,249,1047,2014.0,0.0,34038.0,-1.9012419999999999,-1.229264,NGA,TWN,6522
1223425,160,249,1047,2014.0,0.0,1135007.0,-0.85321,-0.796656,NIC,TWN,6522
1223426,162,249,1047,2014.0,314914.0,343383.0,1.08881,1.320941,NLD,TWN,6522
1223427,163,249,1047,2014.0,0.0,5926.0,0.678424,0.137871,NOR,TWN,6522
1223428,164,249,1047,2014.0,0.0,4256.0,-0.083094,0.349348,NPL,TWN,6522
1223429,166,249,1047,2014.0,0.0,238990.0,0.123649,0.26129,NZL,TWN,6522
1223430,168,249,1047,2014.0,62066.0,600995.0,-0.595946,0.493716,PAK,TWN,6522
1223431,173,249,1047,2014.0,0.0,1486010.0,-0.617883,0.427092,PER,TWN,6522
1223432,174,249,1047,2014.0,9980.0,17616444.0,0.835601,0.589322,PHL,TWN,6522
1223433,175,249,1047,2014.0,0.0,9532.0,0.310879,-0.526995,PLW,TWN,6522
1223434,177,249,1047,2014.0,0.0,242581.0,1.1328690000000001,1.043185,POL,TWN,6522
1223435,179,249,1047,2014.0,13387.0,117969.0,0.763352,2.041559,PRT,TWN,6522
1223436,180,249,1047,2014.0,0.0,31226.0,-0.612822,-0.8764139999999999,PRY,TWN,6522
1223437,183,249,1047,2014.0,0.0,24487.0,-0.5604899999999999,-0.989015,QAT,TWN,6522
1223438,185,249,1047,2014.0,0.0,51066.0,1.0837940000000001,1.199571,ROU,TWN,6522
1223439,186,249,1047,2014.0,0.0,95252.0,-0.006737000000000001,-0.172237,RUS,TWN,6522
1223440,188,249,1047,2014.0,0.0,520018.0,-0.188727,-0.8629459999999999,SAU,TWN,6522
1223441,191,249,1047,2014.0,0.0,599261.0,-0.509239,0.002353,SEN,TWN,6522
1223442,192,249,1047,2014.0,183409.0,1223348.0,1.750361,0.63849,SGP,TWN,6522
1223443,197,249,1047,2014.0,0.0,205159.0,0.11639200000000001,0.368644,SLV,TWN,6522
1223444,201,249,1047,2014.0,0.0,5551.0,0.6017979999999999,1.328124,SRB,TWN,6522
1223445,206,249,1047,2014.0,0.0,10784.0,1.525525,0.773486,SVK,TWN,6522
1223446,207,249,1047,2014.0,1296.0,0.0,1.554693,0.633504,SVN,TWN,6522
1223447,208,249,1047,2014.0,5561.0,34101.0,1.7256330000000002,0.395804,SWE,TWN,6522
1223448,209,249,1047,2014.0,0.0,453658.0,0.383407,-0.064228,SWZ,TWN,6522
1223449,216,249,1047,2014.0,164257.0,6042576.0,1.111392,1.3500370000000002,THA,TWN,6522
1223450,221,249,1047,2014.0,0.0,2225.0,-0.11423299999999999,-0.431381,TON,TWN,6522
1223451,223,249,1047,2014.0,0.0,480853.0,0.45973800000000004,0.9595459999999999,TUN,TWN,6522
1223452,224,249,1047,2014.0,1059428.0,1976732.0,0.6641600000000001,2.091193,TUR,TWN,6522
1223453,226,249,1047,2014.0,0.0,1728.0,-0.909005,0.511175,TZA,TWN,6522
1223454,228,249,1047,2014.0,0.0,50744.0,0.505369,1.07634,UKR,TWN,6522
1223455,230,249,1047,2014.0,0.0,129065.0,0.155247,-0.091751,URY,TWN,6522
1223456,231,249,1047,2014.0,1147930.0,10907271.0,1.569577,-0.293173,USA,TWN,6522
1223457,239,249,1047,2014.0,384889.0,44818656.0,0.135762,1.182052,VNM,TWN,6522
1223458,246,249,1047,2014.0,0.0,887367.0,0.156414,1.873848,ZAF,TWN,6522
1223459,248,249,1047,2014.0,0.0,6440.0,-0.732781,-0.875713,ZWE,TWN,6522
1223460,250,249,1047,2014.0,491372.0,6212.0,0.426964,0.138883,ANS,TWN,6522
1223461,0,250,1047,2014.0,0.0,9415.0,0.279562,-0.371938,ABW,ANS,6522
1223462,2,250,1047,2014.0,0.0,37151.0,-1.547068,-1.121438,AGO,ANS,6522
1223463,7,250,1047,2014.0,135611.0,0.0,-0.121018,-0.51841,ARE,ANS,6522
1223464,18,250,1047,2014.0,0.0,1869.0,1.182934,1.1967139999999998,BEL,ANS,6522
1223465,25,250,1047,2014.0,0.0,7045.0,0.199967,-0.640347,BHS,ANS,6522
1223466,42,250,1047,2014.0,6632.0,54837.0,-0.196236,-0.162428,CHL,ANS,6522
1223467,43,250,1047,2014.0,122529.0,2024.0,1.316443,0.35039899999999996,CHN,ANS,6522
1223468,44,250,1047,2014.0,0.0,15368.0,-0.854784,-0.781877,CIV,ANS,6522
1223469,52,250,1047,2014.0,0.0,59088.0,0.13936500000000002,-0.573277,CRI,ANS,6522
1223470,59,250,1047,2014.0,118781.0,2598116.0,1.761204,-0.148263,CZE,ANS,6522
1223471,61,250,1047,2014.0,1488.0,0.0,2.106119,-3.225189,DEU,ANS,6522
1223472,65,250,1047,2014.0,0.0,1123404.0,-0.076532,0.472746,DOM,ANS,6522
1223473,68,250,1047,2014.0,0.0,238668.0,-0.036009,2.027503,EGY,ANS,6522
1223474,71,250,1047,2014.0,0.0,1775183.0,0.9574159999999999,1.787233,ESP,ANS,6522
1223475,72,250,1047,2014.0,0.0,2404262.0,1.022704,1.175645,EST,ANS,6522
1223476,73,250,1047,2014.0,0.0,1137358.0,-1.147242,-0.986643,ETH,ANS,6522
1223477,77,250,1047,2014.0,29680.0,526935.0,1.432323,0.43023,FRA,ANS,6522
1223478,93,250,1047,2014.0,32015.0,196227.0,-0.24762199999999998,0.536379,GTM,ANS,6522
1223479,97,250,1047,2014.0,192062.0,0.0,0.9198440000000001,1.257131,HKG,ANS,6522
1223480,100,250,1047,2014.0,0.0,7454.0,0.8627809999999999,1.3475549999999998,HRV,ANS,6522
1223481,104,250,1047,2014.0,0.0,34292.0,0.236316,2.659173,IND,ANS,6522
1223482,106,250,1047,2014.0,0.0,82571.0,1.3749790000000002,0.41131899999999993,IRL,ANS,6522
1223483,107,250,1047,2014.0,0.0,626641.0,-0.47744899999999996,-0.429676,IRN,ANS,6522
1223484,111,250,1047,2014.0,185851.0,0.0,1.476328,-0.293302,ITA,ANS,6522
1223485,113,250,1047,2014.0,555370.0,0.0,0.23508800000000002,0.47597,JOR,ANS,6522
1223486,122,250,1047,2014.0,0.0,1675.0,-1.2601069999999999,-1.0929360000000001,KWT,ANS,6522
1223487,131,250,1047,2014.0,0.0,111886.0,1.093816,1.270669,LUX,ANS,6522
1223488,136,250,1047,2014.0,38296260.0,25799440.0,-0.690485,-0.5090020000000001,MDG,ANS,6522
1223489,157,250,1047,2014.0,0.0,31470.0,-0.709151,-0.869426,NER,ANS,6522
1223490,162,250,1047,2014.0,19116.0,565798.0,1.08881,1.320941,NLD,ANS,6522
1223491,168,250,1047,2014.0,0.0,7624.0,-0.595946,0.493716,PAK,ANS,6522
1223492,169,250,1047,2014.0,118810.0,16775.0,0.8997200000000001,0.9699139999999999,PAN,ANS,6522
1223493,177,250,1047,2014.0,3130.0,40343.0,1.1328690000000001,1.043185,POL,ANS,6522
1223494,180,250,1047,2014.0,152866.0,0.0,-0.612822,-0.8764139999999999,PRY,ANS,6522
1223495,186,250,1047,2014.0,0.0,1088.0,-0.006737000000000001,-0.172237,RUS,ANS,6522
1223496,188,250,1047,2014.0,0.0,826300.0,-0.188727,-0.8629459999999999,SAU,ANS,6522
1223497,206,250,1047,2014.0,0.0,9313435.0,1.525525,0.773486,SVK,ANS,6522
1223498,223,250,1047,2014.0,19592506.0,23886798.0,0.45973800000000004,0.9595459999999999,TUN,ANS,6522
1223499,224,250,1047,2014.0,63930948.0,21595040.0,0.6641600000000001,2.091193,TUR,ANS,6522
1223500,239,250,1047,2014.0,161421.0,2940310.0,0.135762,1.182052,VNM,ANS,6522
1223501,246,250,1047,2014.0,6145.0,48584.0,0.156414,1.873848,ZAF,ANS,6522
1223502,249,250,1047,2014.0,6212.0,491372.0,1.850481,1.081809,TWN,ANS,6522
1223503,4,9,1047,2014.0,13834.0,0.0,-0.44000200000000006,-0.168443,ALB,ARM,6522
1223504,7,9,1047,2014.0,174707.0,0.0,-0.121018,-0.51841,ARE,ARM,6522
1223505,18,9,1047,2014.0,9120.0,0.0,1.182934,1.1967139999999998,BEL,ARM,6522
1223506,28,9,1047,2014.0,168322.0,0.0,0.929114,0.7313069999999999,BLR,ARM,6522
1223507,43,9,1047,2014.0,406103.0,0.0,1.316443,0.35039899999999996,CHN,ARM,6522
1223508,61,9,1047,2014.0,4644375.0,6826.0,2.106119,-3.225189,DEU,ARM,6522
1223509,71,9,1047,2014.0,26454.0,0.0,0.9574159999999999,1.787233,ESP,ARM,6522
1223510,77,9,1047,2014.0,249433.0,0.0,1.432323,0.43023,FRA,ARM,6522
1223511,90,9,1047,2014.0,1575.0,0.0,0.064193,0.955633,GRC,ARM,6522
1223512,102,9,1047,2014.0,6172.0,0.0,1.713536,0.5681729999999999,HUN,ARM,6522
1223513,103,9,1047,2014.0,3927.0,0.0,0.068135,1.672437,IDN,ARM,6522
1223514,107,9,1047,2014.0,180593.0,0.0,-0.47744899999999996,-0.429676,IRN,ARM,6522
1223515,111,9,1047,2014.0,749996.0,0.0,1.476328,-0.293302,ITA,ARM,6522
1223516,121,9,1047,2014.0,1471.0,0.0,1.9642650000000001,0.86425,KOR,ARM,6522
1223517,162,9,1047,2014.0,187762.0,0.0,1.08881,1.320941,NLD,ARM,6522
1223518,168,9,1047,2014.0,31147.0,0.0,-0.595946,0.493716,PAK,ARM,6522
1223519,186,9,1047,2014.0,203595.0,0.0,-0.006737000000000001,-0.172237,RUS,ARM,6522
1223520,224,9,1047,2014.0,454538.0,0.0,0.6641600000000001,2.091193,TUR,ARM,6522
1223521,231,9,1047,2014.0,1448097.0,0.0,1.569577,-0.293173,USA,ARM,6522
1223522,7,14,1047,2014.0,20425.0,71187.0,-0.121018,-0.51841,ARE,AUS,6522
1223523,8,14,1047,2014.0,0.0,9812.0,-0.047848,0.48062,ARG,AUS,6522
1223524,15,14,1047,2014.0,54377.0,0.0,1.782532,-0.84455,AUT,AUS,6522
1223525,18,14,1047,2014.0,364375.0,0.0,1.182934,1.1967139999999998,BEL,AUS,6522
1223526,19,14,1047,2014.0,0.0,17221.0,-0.461501,-0.7216819999999999,BEN,AUS,6522
1223527,22,14,1047,2014.0,1901.0,0.0,-0.76547,-0.9645469999999999,BGD,AUS,6522
1223528,24,14,1047,2014.0,0.0,1271.0,0.087173,-0.542374,BHR,AUS,6522
1223529,32,14,1047,2014.0,1095.0,0.0,0.23286700000000002,0.968366,BRA,AUS,6522
1223530,34,14,1047,2014.0,0.0,7288.0,-0.866534,-0.764166,BRN,AUS,6522
1223531,39,14,1047,2014.0,196997.0,32035.0,0.6145430000000001,1.1815360000000001,CAN,AUS,6522
1223532,41,14,1047,2014.0,158123.0,0.0,2.027022,0.780257,CHE,AUS,6522
1223533,43,14,1047,2014.0,21409530.0,497109.0,1.316443,0.35039899999999996,CHN,AUS,6522
1223534,58,14,1047,2014.0,23292.0,0.0,0.476854,0.572103,CYP,AUS,6522
1223535,59,14,1047,2014.0,10257.0,0.0,1.761204,-0.148263,CZE,AUS,6522
1223536,61,14,1047,2014.0,1676415.0,52838.0,2.106119,-3.225189,DEU,AUS,6522
1223537,64,14,1047,2014.0,174858.0,5144.0,1.15411,1.160462,DNK,AUS,6522
1223538,68,14,1047,2014.0,97877.0,0.0,-0.036009,2.027503,EGY,AUS,6522
1223539,71,14,1047,2014.0,648786.0,8094.0,0.9574159999999999,1.787233,ESP,AUS,6522
1223540,72,14,1047,2014.0,2038.0,0.0,1.022704,1.175645,EST,AUS,6522
1223541,74,14,1047,2014.0,140787.0,0.0,1.591758,0.9737819999999999,FIN,AUS,6522
1223542,75,14,1047,2014.0,74776.0,2473882.0,-0.20919699999999997,0.095276,FJI,AUS,6522
1223543,77,14,1047,2014.0,487839.0,3798.0,1.432323,0.43023,FRA,AUS,6522
1223544,81,14,1047,2014.0,2327314.0,106686.0,1.542804,0.915499,GBR,AUS,6522
1223545,82,14,1047,2014.0,17889.0,0.0,-0.23090300000000002,-0.510401,GEO,AUS,6522
1223546,90,14,1047,2014.0,77903.0,0.0,0.064193,0.955633,GRC,AUS,6522
1223547,97,14,1047,2014.0,892818.0,1227919.0,0.9198440000000001,1.257131,HKG,AUS,6522
1223548,102,14,1047,2014.0,61862.0,3397.0,1.713536,0.5681729999999999,HUN,AUS,6522
1223549,103,14,1047,2014.0,870245.0,91702.0,0.068135,1.672437,IDN,AUS,6522
1223550,104,14,1047,2014.0,4642952.0,24599.0,0.236316,2.659173,IND,AUS,6522
1223551,111,14,1047,2014.0,2995524.0,6832.0,1.476328,-0.293302,ITA,AUS,6522
1223552,114,14,1047,2014.0,2705409.0,2188.0,2.297789,-0.58585,JPN,AUS,6522
1223553,118,14,1047,2014.0,646804.0,0.0,-0.5871430000000001,-0.7545850000000001,KHM,AUS,6522
1223554,121,14,1047,2014.0,4439594.0,2553.0,1.9642650000000001,0.86425,KOR,AUS,6522
1223555,122,14,1047,2014.0,0.0,1064.0,-1.2601069999999999,-1.0929360000000001,KWT,AUS,6522
1223556,128,14,1047,2014.0,2859.0,126695.0,-0.30641399999999996,0.29736799999999997,LKA,AUS,6522
1223557,130,14,1047,2014.0,23966.0,0.0,0.679488,1.558981,LTU,AUS,6522
1223558,134,14,1047,2014.0,2266.0,3699.0,-0.429457,0.039947,MAR,AUS,6522
1223559,135,14,1047,2014.0,15805.0,0.0,0.031916,0.24264499999999997,MDA,AUS,6522
1223560,136,14,1047,2014.0,3420.0,0.0,-0.690485,-0.5090020000000001,MDG,AUS,6522
1223561,137,14,1047,2014.0,0.0,2747.0,-0.6189939999999999,-0.880108,MDV,AUS,6522
1223562,138,14,1047,2014.0,4645.0,0.0,1.292327,0.713879,MEX,AUS,6522
1223563,142,14,1047,2014.0,1098.0,0.0,0.8871379999999999,0.088535,MLT,AUS,6522
1223564,143,14,1047,2014.0,0.0,5436.0,-1.350593,-1.1112229999999998,MMR,AUS,6522
1223565,151,14,1047,2014.0,0.0,11246.0,-0.055786,-0.1488,MUS,AUS,6522
1223566,153,14,1047,2014.0,7426039.0,117404.0,0.995226,0.7797810000000001,MYS,AUS,6522
1223567,156,14,1047,2014.0,0.0,6661.0,-0.201994,-0.723618,NCL,AUS,6522
1223568,162,14,1047,2014.0,197410.0,19607.0,1.08881,1.320941,NLD,AUS,6522
1223569,163,14,1047,2014.0,1858.0,15140.0,0.678424,0.137871,NOR,AUS,6522
1223570,165,14,1047,2014.0,0.0,8170.0,0.819549,-0.363745,NRU,AUS,6522
1223571,166,14,1047,2014.0,1423818.0,1187285.0,0.123649,0.26129,NZL,AUS,6522
1223572,167,14,1047,2014.0,0.0,1095.0,-0.7307060000000001,-1.060975,OMN,AUS,6522
1223573,168,14,1047,2014.0,7243466.0,0.0,-0.595946,0.493716,PAK,AUS,6522
1223574,173,14,1047,2014.0,6590.0,0.0,-0.617883,0.427092,PER,AUS,6522
1223575,174,14,1047,2014.0,0.0,4113.0,0.835601,0.589322,PHL,AUS,6522
1223576,176,14,1047,2014.0,0.0,217002.0,-1.564344,-1.165548,PNG,AUS,6522
1223577,177,14,1047,2014.0,2436.0,9421.0,1.1328690000000001,1.043185,POL,AUS,6522
1223578,179,14,1047,2014.0,80353.0,3346.0,0.763352,2.041559,PRT,AUS,6522
1223579,182,14,1047,2014.0,0.0,9715.0,-0.187778,-0.7217060000000001,PYF,AUS,6522
1223580,185,14,1047,2014.0,4662.0,0.0,1.0837940000000001,1.199571,ROU,AUS,6522
1223581,186,14,1047,2014.0,25843.0,0.0,-0.006737000000000001,-0.172237,RUS,AUS,6522
1223582,191,14,1047,2014.0,0.0,1035.0,-0.509239,0.002353,SEN,AUS,6522
1223583,192,14,1047,2014.0,138940.0,549401.0,1.750361,0.63849,SGP,AUS,6522
1223584,195,14,1047,2014.0,0.0,2098.0,-0.990974,-0.930271,SLB,AUS,6522
1223585,208,14,1047,2014.0,29120.0,1038.0,1.7256330000000002,0.395804,SWE,AUS,6522
1223586,211,14,1047,2014.0,1017.0,0.0,0.158898,-0.571933,SYC,AUS,6522
1223587,216,14,1047,2014.0,1115406.0,231366.0,1.111392,1.3500370000000002,THA,AUS,6522
1223588,223,14,1047,2014.0,1741.0,50226.0,0.45973800000000004,0.9595459999999999,TUN,AUS,6522
1223589,224,14,1047,2014.0,1266467.0,1157.0,0.6641600000000001,2.091193,TUR,AUS,6522
1223590,226,14,1047,2014.0,0.0,1230.0,-0.909005,0.511175,TZA,AUS,6522
1223591,231,14,1047,2014.0,5820916.0,265452.0,1.569577,-0.293173,USA,AUS,6522
1223592,239,14,1047,2014.0,20539.0,240241.0,0.135762,1.182052,VNM,AUS,6522
1223593,240,14,1047,2014.0,0.0,8069.0,-1.103645,-0.978606,VUT,AUS,6522
1223594,242,14,1047,2014.0,0.0,1452.0,0.576162,0.094416,WSM,AUS,6522
1223595,246,14,1047,2014.0,19286.0,9242.0,0.156414,1.873848,ZAF,AUS,6522
1223596,249,14,1047,2014.0,452842.0,22253.0,1.850481,1.081809,TWN,AUS,6522
1223597,7,16,1047,2014.0,31073.0,0.0,-0.121018,-0.51841,ARE,AZE,6522
1223598,28,16,1047,2014.0,1809.0,0.0,0.929114,0.7313069999999999,BLR,AZE,6522
1223599,43,16,1047,2014.0,769397.0,0.0,1.316443,0.35039899999999996,CHN,AZE,6522
1223600,61,16,1047,2014.0,38148.0,0.0,2.106119,-3.225189,DEU,AZE,6522
1223601,64,16,1047,2014.0,1132.0,0.0,1.15411,1.160462,DNK,AZE,6522
1223602,71,16,1047,2014.0,10394.0,0.0,0.9574159999999999,1.787233,ESP,AZE,6522
1223603,77,16,1047,2014.0,15975.0,0.0,1.432323,0.43023,FRA,AZE,6522
1223604,81,16,1047,2014.0,35675.0,0.0,1.542804,0.915499,GBR,AZE,6522
1223605,107,16,1047,2014.0,105838.0,0.0,-0.47744899999999996,-0.429676,IRN,AZE,6522
1223606,111,16,1047,2014.0,108641.0,0.0,1.476328,-0.293302,ITA,AZE,6522
1223607,162,16,1047,2014.0,3128.0,0.0,1.08881,1.320941,NLD,AZE,6522
1223608,168,16,1047,2014.0,227036.0,0.0,-0.595946,0.493716,PAK,AZE,6522
1223609,186,16,1047,2014.0,807670.0,0.0,-0.006737000000000001,-0.172237,RUS,AZE,6522
1223610,224,16,1047,2014.0,5790084.0,0.0,0.6641600000000001,2.091193,TUR,AZE,6522
1223611,228,16,1047,2014.0,0.0,169182.0,0.505369,1.07634,UKR,AZE,6522
1223612,231,16,1047,2014.0,5187.0,0.0,1.569577,-0.293173,USA,AZE,6522
1223613,232,16,1047,2014.0,205814.0,0.0,-0.422387,-0.44193599999999994,UZB,AZE,6522
1223614,7,19,1047,2014.0,146547.0,0.0,-0.121018,-0.51841,ARE,BEN,6522
1223615,14,19,1047,2014.0,17221.0,0.0,-0.587779,-0.29813,AUS,BEN,6522
1223616,15,19,1047,2014.0,9583312.0,0.0,1.782532,-0.84455,AUT,BEN,6522
1223617,18,19,1047,2014.0,9470965.0,0.0,1.182934,1.1967139999999998,BEL,BEN,6522
1223618,21,19,1047,2014.0,959818.0,0.0,-0.7933279999999999,-0.872791,BFA,BEN,6522
1223619,39,19,1047,2014.0,1517.0,0.0,0.6145430000000001,1.1815360000000001,CAN,BEN,6522
1223620,41,19,1047,2014.0,75761.0,0.0,2.027022,0.780257,CHE,BEN,6522
1223621,43,19,1047,2014.0,829451968.0,0.0,1.316443,0.35039899999999996,CHN,BEN,6522
1223622,44,19,1047,2014.0,13369528.0,0.0,-0.854784,-0.781877,CIV,BEN,6522
1223623,45,19,1047,2014.0,23819.0,0.0,-0.726413,-0.927583,CMR,BEN,6522
1223624,46,19,1047,2014.0,0.0,24619.0,-1.596912,-1.1239940000000002,COD,BEN,6522
1223625,59,19,1047,2014.0,247802.0,0.0,1.761204,-0.148263,CZE,BEN,6522
1223626,61,19,1047,2014.0,1301527.0,0.0,2.106119,-3.225189,DEU,BEN,6522
1223627,77,19,1047,2014.0,31660.0,0.0,1.432323,0.43023,FRA,BEN,6522
1223628,80,19,1047,2014.0,0.0,42213.0,-1.354381,-1.100019,GAB,BEN,6522
1223629,81,19,1047,2014.0,27769.0,0.0,1.542804,0.915499,GBR,BEN,6522
1223630,83,19,1047,2014.0,2461162.0,0.0,-1.1140299999999999,-1.0711700000000002,GHA,BEN,6522
1223631,97,19,1047,2014.0,384920.0,0.0,0.9198440000000001,1.257131,HKG,BEN,6522
1223632,104,19,1047,2014.0,38817268.0,0.0,0.236316,2.659173,IND,BEN,6522
1223633,157,19,1047,2014.0,766092.0,13836.0,-0.709151,-0.869426,NER,BEN,6522
1223634,159,19,1047,2014.0,42975.0,8795.0,-1.9012419999999999,-1.229264,NGA,BEN,6522
1223635,162,19,1047,2014.0,49797272.0,0.0,1.08881,1.320941,NLD,BEN,6522
1223636,168,19,1047,2014.0,45719.0,0.0,-0.595946,0.493716,PAK,BEN,6522
1223637,215,19,1047,2014.0,2874097.0,171937.0,-0.58937,-0.43368,TGO,BEN,6522
1223638,216,19,1047,2014.0,6617780.0,0.0,1.111392,1.3500370000000002,THA,BEN,6522
1223639,224,19,1047,2014.0,54209.0,0.0,0.6641600000000001,2.091193,TUR,BEN,6522
1223640,4,23,1047,2014.0,96115.0,2210244.0,-0.44000200000000006,-0.168443,ALB,BGR,6522
1223641,15,23,1047,2014.0,3192239.0,645879.0,1.782532,-0.84455,AUT,BGR,6522
1223642,18,23,1047,2014.0,1802353.0,255886.0,1.182934,1.1967139999999998,BEL,BGR,6522
1223643,24,23,1047,2014.0,0.0,3827.0,0.087173,-0.542374,BHR,BGR,6522
1223644,26,23,1047,2014.0,0.0,64362.0,0.737556,0.9815530000000001,BIH,BGR,6522
1223645,28,23,1047,2014.0,0.0,20283.0,0.929114,0.7313069999999999,BLR,BGR,6522
1223646,32,23,1047,2014.0,0.0,46431.0,0.23286700000000002,0.968366,BRA,BGR,6522
1223647,39,23,1047,2014.0,12377.0,7872.0,0.6145430000000001,1.1815360000000001,CAN,BGR,6522
1223648,41,23,1047,2014.0,818998.0,4581.0,2.027022,0.780257,CHE,BGR,6522
1223649,43,23,1047,2014.0,5718992.0,141351.0,1.316443,0.35039899999999996,CHN,BGR,6522
1223650,58,23,1047,2014.0,0.0,2484.0,0.476854,0.572103,CYP,BGR,6522
1223651,59,23,1047,2014.0,405282.0,10992.0,1.761204,-0.148263,CZE,BGR,6522
1223652,61,23,1047,2014.0,34349664.0,753207.0,2.106119,-3.225189,DEU,BGR,6522
1223653,64,23,1047,2014.0,118055.0,289511.0,1.15411,1.160462,DNK,BGR,6522
1223654,68,23,1047,2014.0,39764.0,0.0,-0.036009,2.027503,EGY,BGR,6522
1223655,71,23,1047,2014.0,2016375.0,2027303.0,0.9574159999999999,1.787233,ESP,BGR,6522
1223656,72,23,1047,2014.0,1975.0,30547.0,1.022704,1.175645,EST,BGR,6522
1223657,74,23,1047,2014.0,22351.0,0.0,1.591758,0.9737819999999999,FIN,BGR,6522
1223658,77,23,1047,2014.0,16998686.0,1326993.0,1.432323,0.43023,FRA,BGR,6522
1223659,81,23,1047,2014.0,1718490.0,139964.0,1.542804,0.915499,GBR,BGR,6522
1223660,90,23,1047,2014.0,7402678.0,870608.0,0.064193,0.955633,GRC,BGR,6522
1223661,97,23,1047,2014.0,132748.0,22933.0,0.9198440000000001,1.257131,HKG,BGR,6522
1223662,100,23,1047,2014.0,1428.0,17131.0,0.8627809999999999,1.3475549999999998,HRV,BGR,6522
1223663,102,23,1047,2014.0,14751696.0,370061.0,1.713536,0.5681729999999999,HUN,BGR,6522
1223664,104,23,1047,2014.0,1412013.0,11848.0,0.236316,2.659173,IND,BGR,6522
1223665,110,23,1047,2014.0,51138.0,145279.0,0.9753860000000001,0.810342,ISR,BGR,6522
1223666,111,23,1047,2014.0,39523596.0,2265161.0,1.476328,-0.293302,ITA,BGR,6522
1223667,114,23,1047,2014.0,123831.0,0.0,2.297789,-0.58585,JPN,BGR,6522
1223668,121,23,1047,2014.0,350649.0,1364.0,1.9642650000000001,0.86425,KOR,BGR,6522
1223669,124,23,1047,2014.0,0.0,28495.0,0.32006799999999996,1.666039,LBN,BGR,6522
1223670,128,23,1047,2014.0,0.0,87651.0,-0.30641399999999996,0.29736799999999997,LKA,BGR,6522
1223671,130,23,1047,2014.0,58766.0,48670.0,0.679488,1.558981,LTU,BGR,6522
1223672,132,23,1047,2014.0,0.0,13455.0,0.6501,1.35321,LVA,BGR,6522
1223673,134,23,1047,2014.0,0.0,2353063.0,-0.429457,0.039947,MAR,BGR,6522
1223674,135,23,1047,2014.0,12637.0,1152.0,0.031916,0.24264499999999997,MDA,BGR,6522
1223675,138,23,1047,2014.0,0.0,102446.0,1.292327,0.713879,MEX,BGR,6522
1223676,140,23,1047,2014.0,31819.0,2569506.0,-0.216313,-0.214403,MKD,BGR,6522
1223677,144,23,1047,2014.0,0.0,1088.0,-0.007741,0.018085,MNE,BGR,6522
1223678,162,23,1047,2014.0,924439.0,22566.0,1.08881,1.320941,NLD,BGR,6522
1223679,163,23,1047,2014.0,0.0,1074.0,0.678424,0.137871,NOR,BGR,6522
1223680,168,23,1047,2014.0,6124085.0,13669.0,-0.595946,0.493716,PAK,BGR,6522
1223681,177,23,1047,2014.0,2810229.0,282678.0,1.1328690000000001,1.043185,POL,BGR,6522
1223682,179,23,1047,2014.0,1528368.0,21628.0,0.763352,2.041559,PRT,BGR,6522
1223683,185,23,1047,2014.0,6112663.0,1551409.0,1.0837940000000001,1.199571,ROU,BGR,6522
1223684,186,23,1047,2014.0,0.0,62969.0,-0.006737000000000001,-0.172237,RUS,BGR,6522
1223685,198,23,1047,2014.0,10992.0,0.0,1.1475870000000001,0.742538,SMR,BGR,6522
1223686,201,23,1047,2014.0,16160.0,1569311.0,0.6017979999999999,1.328124,SRB,BGR,6522
1223687,206,23,1047,2014.0,1162554.0,22489.0,1.525525,0.773486,SVK,BGR,6522
1223688,207,23,1047,2014.0,43003.0,22057.0,1.554693,0.633504,SVN,BGR,6522
1223689,208,23,1047,2014.0,181939.0,16711.0,1.7256330000000002,0.395804,SWE,BGR,6522
1223690,223,23,1047,2014.0,0.0,3863.0,0.45973800000000004,0.9595459999999999,TUN,BGR,6522
1223691,224,23,1047,2014.0,17865890.0,466076.0,0.6641600000000001,2.091193,TUR,BGR,6522
1223692,228,23,1047,2014.0,0.0,211239.0,0.505369,1.07634,UKR,BGR,6522
1223693,231,23,1047,2014.0,3924.0,2930.0,1.569577,-0.293173,USA,BGR,6522
1223694,249,23,1047,2014.0,298102.0,4475.0,1.850481,1.081809,TWN,BGR,6522
1223695,7,24,1047,2014.0,61141.0,44567.0,-0.121018,-0.51841,ARE,BHR,6522
1223696,14,24,1047,2014.0,1271.0,0.0,-0.587779,-0.29813,AUS,BHR,6522
1223697,18,24,1047,2014.0,4277.0,0.0,1.182934,1.1967139999999998,BEL,BHR,6522
1223698,22,24,1047,2014.0,9936.0,9343081.0,-0.76547,-0.9645469999999999,BGD,BHR,6522
1223699,23,24,1047,2014.0,3827.0,0.0,0.611912,1.594597,BGR,BHR,6522
1223700,41,24,1047,2014.0,1708.0,0.0,2.027022,0.780257,CHE,BHR,6522
1223701,43,24,1047,2014.0,11801615.0,599629.0,1.316443,0.35039899999999996,CHN,BHR,6522
1223702,49,24,1047,2014.0,0.0,64083.0,0.084348,-0.39008200000000004,COL,BHR,6522
1223703,59,24,1047,2014.0,1083.0,0.0,1.761204,-0.148263,CZE,BHR,6522
1223704,61,24,1047,2014.0,44615.0,0.0,2.106119,-3.225189,DEU,BHR,6522
1223705,68,24,1047,2014.0,377381.0,1421561.0,-0.036009,2.027503,EGY,BHR,6522
1223706,71,24,1047,2014.0,114344.0,0.0,0.9574159999999999,1.787233,ESP,BHR,6522
1223707,77,24,1047,2014.0,51006.0,6609.0,1.432323,0.43023,FRA,BHR,6522
1223708,81,24,1047,2014.0,143419.0,0.0,1.542804,0.915499,GBR,BHR,6522
1223709,97,24,1047,2014.0,595428.0,1389572.0,0.9198440000000001,1.257131,HKG,BHR,6522
1223710,100,24,1047,2014.0,3219.0,0.0,0.8627809999999999,1.3475549999999998,HRV,BHR,6522
1223711,103,24,1047,2014.0,16839.0,315111.0,0.068135,1.672437,IDN,BHR,6522
1223712,104,24,1047,2014.0,809950.0,0.0,0.236316,2.659173,IND,BHR,6522
1223713,111,24,1047,2014.0,280770.0,0.0,1.476328,-0.293302,ITA,BHR,6522
1223714,113,24,1047,2014.0,3819.0,0.0,0.23508800000000002,0.47597,JOR,BHR,6522
1223715,121,24,1047,2014.0,1317767.0,0.0,1.9642650000000001,0.86425,KOR,BHR,6522
1223716,122,24,1047,2014.0,3415.0,83637.0,-1.2601069999999999,-1.0929360000000001,KWT,BHR,6522
1223717,124,24,1047,2014.0,14254.0,0.0,0.32006799999999996,1.666039,LBN,BHR,6522
1223718,128,24,1047,2014.0,3234.0,317866.0,-0.30641399999999996,0.29736799999999997,LKA,BHR,6522
1223719,134,24,1047,2014.0,0.0,2571.0,-0.429457,0.039947,MAR,BHR,6522
1223720,151,24,1047,2014.0,0.0,211567.0,-0.055786,-0.1488,MUS,BHR,6522
1223721,162,24,1047,2014.0,29663.0,0.0,1.08881,1.320941,NLD,BHR,6522
1223722,168,24,1047,2014.0,4763754.0,110273.0,-0.595946,0.493716,PAK,BHR,6522
1223723,174,24,1047,2014.0,0.0,21696.0,0.835601,0.589322,PHL,BHR,6522
1223724,177,24,1047,2014.0,0.0,1672401.0,1.1328690000000001,1.043185,POL,BHR,6522
1223725,179,24,1047,2014.0,1894.0,0.0,0.763352,2.041559,PRT,BHR,6522
1223726,183,24,1047,2014.0,0.0,23038.0,-0.5604899999999999,-0.989015,QAT,BHR,6522
1223727,185,24,1047,2014.0,179584.0,0.0,1.0837940000000001,1.199571,ROU,BHR,6522
1223728,186,24,1047,2014.0,0.0,45542.0,-0.006737000000000001,-0.172237,RUS,BHR,6522
1223729,188,24,1047,2014.0,11108.0,130582.0,-0.188727,-0.8629459999999999,SAU,BHR,6522
1223730,201,24,1047,2014.0,0.0,184219.0,0.6017979999999999,1.328124,SRB,BHR,6522
1223731,216,24,1047,2014.0,60737.0,0.0,1.111392,1.3500370000000002,THA,BHR,6522
1223732,223,24,1047,2014.0,0.0,554551.0,0.45973800000000004,0.9595459999999999,TUN,BHR,6522
1223733,224,24,1047,2014.0,2206334.0,19247678.0,0.6641600000000001,2.091193,TUR,BHR,6522
1223734,231,24,1047,2014.0,31331.0,449339.0,1.569577,-0.293173,USA,BHR,6522
1223735,239,24,1047,2014.0,0.0,11951.0,0.135762,1.182052,VNM,BHR,6522
1223736,246,24,1047,2014.0,8119.0,171520.0,0.156414,1.873848,ZAF,BHR,6522
1223737,249,24,1047,2014.0,103857.0,0.0,1.850481,1.081809,TWN,BHR,6522
1223738,15,26,1047,2014.0,1780841.0,19806.0,1.782532,-0.84455,AUT,BIH,6522
1223739,18,26,1047,2014.0,263540.0,0.0,1.182934,1.1967139999999998,BEL,BIH,6522
1223740,23,26,1047,2014.0,64362.0,0.0,0.611912,1.594597,BGR,BIH,6522
1223741,28,26,1047,2014.0,5963.0,0.0,0.929114,0.7313069999999999,BLR,BIH,6522
1223742,41,26,1047,2014.0,5142314.0,3518.0,2.027022,0.780257,CHE,BIH,6522
1223743,43,26,1047,2014.0,487386.0,0.0,1.316443,0.35039899999999996,CHN,BIH,6522
1223744,59,26,1047,2014.0,46318.0,0.0,1.761204,-0.148263,CZE,BIH,6522
1223745,61,26,1047,2014.0,5423675.0,33928.0,2.106119,-3.225189,DEU,BIH,6522
1223746,68,26,1047,2014.0,5553.0,0.0,-0.036009,2.027503,EGY,BIH,6522
1223747,71,26,1047,2014.0,191264.0,0.0,0.9574159999999999,1.787233,ESP,BIH,6522
1223748,77,26,1047,2014.0,273950.0,0.0,1.432323,0.43023,FRA,BIH,6522
1223749,81,26,1047,2014.0,77383.0,0.0,1.542804,0.915499,GBR,BIH,6522
1223750,100,26,1047,2014.0,778457.0,4658.0,0.8627809999999999,1.3475549999999998,HRV,BIH,6522
1223751,102,26,1047,2014.0,91476.0,1241.0,1.713536,0.5681729999999999,HUN,BIH,6522
1223752,103,26,1047,2014.0,9326.0,0.0,0.068135,1.672437,IDN,BIH,6522
1223753,104,26,1047,2014.0,195331.0,0.0,0.236316,2.659173,IND,BIH,6522
1223754,111,26,1047,2014.0,6107942.0,25483.0,1.476328,-0.293302,ITA,BIH,6522
1223755,121,26,1047,2014.0,44163.0,0.0,1.9642650000000001,0.86425,KOR,BIH,6522
1223756,135,26,1047,2014.0,376495.0,0.0,0.031916,0.24264499999999997,MDA,BIH,6522
1223757,140,26,1047,2014.0,47620.0,20950.0,-0.216313,-0.214403,MKD,BIH,6522
1223758,144,26,1047,2014.0,0.0,12201.0,-0.007741,0.018085,MNE,BIH,6522
1223759,162,26,1047,2014.0,163833.0,15780.0,1.08881,1.320941,NLD,BIH,6522
1223760,163,26,1047,2014.0,3663.0,0.0,0.678424,0.137871,NOR,BIH,6522
1223761,168,26,1047,2014.0,85378.0,0.0,-0.595946,0.493716,PAK,BIH,6522
1223762,177,26,1047,2014.0,3258212.0,13297.0,1.1328690000000001,1.043185,POL,BIH,6522
1223763,179,26,1047,2014.0,315164.0,0.0,0.763352,2.041559,PRT,BIH,6522
1223764,185,26,1047,2014.0,1327.0,0.0,1.0837940000000001,1.199571,ROU,BIH,6522
1223765,186,26,1047,2014.0,87364.0,0.0,-0.006737000000000001,-0.172237,RUS,BIH,6522
1223766,198,26,1047,2014.0,63193.0,0.0,1.1475870000000001,0.742538,SMR,BIH,6522
1223767,201,26,1047,2014.0,253972.0,40939.0,0.6017979999999999,1.328124,SRB,BIH,6522
1223768,207,26,1047,2014.0,1429445.0,34031.0,1.554693,0.633504,SVN,BIH,6522
1223769,208,26,1047,2014.0,6704.0,0.0,1.7256330000000002,0.395804,SWE,BIH,6522
1223770,216,26,1047,2014.0,11114.0,0.0,1.111392,1.3500370000000002,THA,BIH,6522
1223771,223,26,1047,2014.0,6521.0,11829.0,0.45973800000000004,0.9595459999999999,TUN,BIH,6522
1223772,224,26,1047,2014.0,2959343.0,0.0,0.6641600000000001,2.091193,TUR,BIH,6522
1223773,231,26,1047,2014.0,53893.0,0.0,1.569577,-0.293173,USA,BIH,6522
1223774,249,26,1047,2014.0,3997.0,0.0,1.850481,1.081809,TWN,BIH,6522
1223775,7,28,1047,2014.0,3146.0,0.0,-0.121018,-0.51841,ARE,BLR,6522
1223776,9,28,1047,2014.0,0.0,168322.0,-0.143991,-0.5265890000000001,ARM,BLR,6522
1223777,15,28,1047,2014.0,74643.0,0.0,1.782532,-0.84455,AUT,BLR,6522
1223778,16,28,1047,2014.0,0.0,1809.0,-1.230795,-1.237163,AZE,BLR,6522
1223779,18,28,1047,2014.0,24368.0,0.0,1.182934,1.1967139999999998,BEL,BLR,6522
1223780,23,28,1047,2014.0,20283.0,0.0,0.611912,1.594597,BGR,BLR,6522
1223781,26,28,1047,2014.0,0.0,5963.0,0.737556,0.9815530000000001,BIH,BLR,6522
1223782,43,28,1047,2014.0,1963399.0,0.0,1.316443,0.35039899999999996,CHN,BLR,6522
1223783,59,28,1047,2014.0,12732.0,22600.0,1.761204,-0.148263,CZE,BLR,6522
1223784,61,28,1047,2014.0,10735655.0,98647.0,2.106119,-3.225189,DEU,BLR,6522
1223785,71,28,1047,2014.0,4770.0,0.0,0.9574159999999999,1.787233,ESP,BLR,6522
1223786,72,28,1047,2014.0,31191.0,36921.0,1.022704,1.175645,EST,BLR,6522
1223787,74,28,1047,2014.0,5982.0,0.0,1.591758,0.9737819999999999,FIN,BLR,6522
1223788,77,28,1047,2014.0,93553.0,0.0,1.432323,0.43023,FRA,BLR,6522
1223789,81,28,1047,2014.0,0.0,5767.0,1.542804,0.915499,GBR,BLR,6522
1223790,82,28,1047,2014.0,0.0,11225.0,-0.23090300000000002,-0.510401,GEO,BLR,6522
1223791,102,28,1047,2014.0,226728.0,0.0,1.713536,0.5681729999999999,HUN,BLR,6522
1223792,111,28,1047,2014.0,530875.0,42566.0,1.476328,-0.293302,ITA,BLR,6522
1223793,115,28,1047,2014.0,0.0,2477817.0,-0.503438,-0.5477850000000001,KAZ,BLR,6522
1223794,121,28,1047,2014.0,15015.0,0.0,1.9642650000000001,0.86425,KOR,BLR,6522
1223795,130,28,1047,2014.0,1499337.0,289380.0,0.679488,1.558981,LTU,BLR,6522
1223796,132,28,1047,2014.0,668028.0,73408.0,0.6501,1.35321,LVA,BLR,6522
1223797,135,28,1047,2014.0,14672.0,315794.0,0.031916,0.24264499999999997,MDA,BLR,6522
1223798,145,28,1047,2014.0,0.0,12240.0,-1.368502,-1.17111,MNG,BLR,6522
1223799,162,28,1047,2014.0,1608390.0,0.0,1.08881,1.320941,NLD,BLR,6522
1223800,168,28,1047,2014.0,15671.0,0.0,-0.595946,0.493716,PAK,BLR,6522
1223801,177,28,1047,2014.0,1813157.0,25600.0,1.1328690000000001,1.043185,POL,BLR,6522
1223802,179,28,1047,2014.0,121373.0,0.0,0.763352,2.041559,PRT,BLR,6522
1223803,186,28,1047,2014.0,14736445.0,16615558.0,-0.006737000000000001,-0.172237,RUS,BLR,6522
1223804,201,28,1047,2014.0,0.0,121626.0,0.6017979999999999,1.328124,SRB,BLR,6522
1223805,206,28,1047,2014.0,1352.0,4676.0,1.525525,0.773486,SVK,BLR,6522
1223806,208,28,1047,2014.0,0.0,1410.0,1.7256330000000002,0.395804,SWE,BLR,6522
1223807,212,28,1047,2014.0,0.0,2800.0,-0.22825,0.803708,SYR,BLR,6522
1223808,217,28,1047,2014.0,0.0,43839.0,-0.9002680000000001,-1.05621,TJK,BLR,6522
1223809,224,28,1047,2014.0,3027163.0,3193.0,0.6641600000000001,2.091193,TUR,BLR,6522
1223810,228,28,1047,2014.0,649180.0,2942214.0,0.505369,1.07634,UKR,BLR,6522
1223811,231,28,1047,2014.0,5020.0,0.0,1.569577,-0.293173,USA,BLR,6522
1223812,249,28,1047,2014.0,7934.0,0.0,1.850481,1.081809,TWN,BLR,6522
1223813,43,38,1047,2014.0,29029.0,0.0,1.316443,0.35039899999999996,CHN,CAF,6522
1223814,44,38,1047,2014.0,66599.0,0.0,-0.854784,-0.781877,CIV,CAF,6522
1223815,45,38,1047,2014.0,21934.0,0.0,-0.726413,-0.927583,CMR,CAF,6522
1223816,77,38,1047,2014.0,10198.0,0.0,1.432323,0.43023,FRA,CAF,6522
1223817,192,38,1047,2014.0,0.0,7244.0,1.750361,0.63849,SGP,CAF,6522
1223818,15,44,1047,2014.0,6203666.0,0.0,1.782532,-0.84455,AUT,CIV,6522
1223819,18,44,1047,2014.0,176622.0,0.0,1.182934,1.1967139999999998,BEL,CIV,6522
1223820,19,44,1047,2014.0,0.0,13369528.0,-0.461501,-0.7216819999999999,BEN,CIV,6522
1223821,21,44,1047,2014.0,29476.0,1153752.0,-0.7933279999999999,-0.872791,BFA,CIV,6522
1223822,38,44,1047,2014.0,0.0,66599.0,0.741726,0.502542,CAF,CIV,6522
1223823,41,44,1047,2014.0,10986.0,1366.0,2.027022,0.780257,CHE,CIV,6522
1223824,43,44,1047,2014.0,17374510.0,0.0,1.316443,0.35039899999999996,CHN,CIV,6522
1223825,45,44,1047,2014.0,0.0,232391.0,-0.726413,-0.927583,CMR,CIV,6522
1223826,46,44,1047,2014.0,0.0,247938.0,-1.596912,-1.1239940000000002,COD,CIV,6522
1223827,47,44,1047,2014.0,0.0,1002969.0,-1.359593,-1.101705,COG,CIV,6522
1223828,59,44,1047,2014.0,4660204.0,0.0,1.761204,-0.148263,CZE,CIV,6522
1223829,61,44,1047,2014.0,1155742.0,0.0,2.106119,-3.225189,DEU,CIV,6522
1223830,71,44,1047,2014.0,367981.0,14222.0,0.9574159999999999,1.787233,ESP,CIV,6522
1223831,77,44,1047,2014.0,215986.0,2211.0,1.432323,0.43023,FRA,CIV,6522
1223832,80,44,1047,2014.0,0.0,724095.0,-1.354381,-1.100019,GAB,CIV,6522
1223833,83,44,1047,2014.0,7825438.0,2010606.0,-1.1140299999999999,-1.0711700000000002,GHA,CIV,6522
1223834,85,44,1047,2014.0,0.0,1973494.0,-1.7494900000000002,-1.224512,GIN,CIV,6522
1223835,87,44,1047,2014.0,1659.0,0.0,-0.79725,-0.8249059999999999,GMB,CIV,6522
1223836,89,44,1047,2014.0,0.0,19162.0,-2.26689,-0.896274,GNQ,CIV,6522
1223837,104,44,1047,2014.0,1327473.0,0.0,0.236316,2.659173,IND,CIV,6522
1223838,111,44,1047,2014.0,126436.0,0.0,1.476328,-0.293302,ITA,CIV,6522
1223839,121,44,1047,2014.0,108008.0,0.0,1.9642650000000001,0.86425,KOR,CIV,6522
1223840,134,44,1047,2014.0,1422.0,0.0,-0.429457,0.039947,MAR,CIV,6522
1223841,141,44,1047,2014.0,403390.0,2530680.0,-1.027153,-1.0197370000000001,MLI,CIV,6522
1223842,157,44,1047,2014.0,1694179.0,4219778.0,-0.709151,-0.869426,NER,CIV,6522
1223843,159,44,1047,2014.0,316006.0,0.0,-1.9012419999999999,-1.229264,NGA,CIV,6522
1223844,162,44,1047,2014.0,7683500.0,0.0,1.08881,1.320941,NLD,CIV,6522
1223845,168,44,1047,2014.0,356042.0,0.0,-0.595946,0.493716,PAK,CIV,6522
1223846,179,44,1047,2014.0,14989.0,0.0,0.763352,2.041559,PRT,CIV,6522
1223847,191,44,1047,2014.0,16614.0,91923.0,-0.509239,0.002353,SEN,CIV,6522
1223848,215,44,1047,2014.0,331605.0,1684959.0,-0.58937,-0.43368,TGO,CIV,6522
1223849,216,44,1047,2014.0,148774.0,0.0,1.111392,1.3500370000000002,THA,CIV,6522
1223850,223,44,1047,2014.0,4773.0,0.0,0.45973800000000004,0.9595459999999999,TUN,CIV,6522
1223851,224,44,1047,2014.0,168190.0,0.0,0.6641600000000001,2.091193,TUR,CIV,6522
1223852,231,44,1047,2014.0,34409.0,6665.0,1.569577,-0.293173,USA,CIV,6522
1223853,249,44,1047,2014.0,72185.0,0.0,1.850481,1.081809,TWN,CIV,6522
1223854,250,44,1047,2014.0,15368.0,0.0,0.426964,0.138883,ANS,CIV,6522
1223855,4,68,1047,2014.0,0.0,32819.0,-0.44000200000000006,-0.168443,ALB,EGY,6522
1223856,7,68,1047,2014.0,327201.0,1492176.0,-0.121018,-0.51841,ARE,EGY,6522
1223857,14,68,1047,2014.0,0.0,97877.0,-0.587779,-0.29813,AUS,EGY,6522
1223858,15,68,1047,2014.0,8280.0,0.0,1.782532,-0.84455,AUT,EGY,6522
1223859,17,68,1047,2014.0,45722.0,0.0,-0.13325599999999999,-0.853491,BDI,EGY,6522
1223860,18,68,1047,2014.0,143409.0,1304957.0,1.182934,1.1967139999999998,BEL,EGY,6522
1223861,22,68,1047,2014.0,0.0,1616835.0,-0.76547,-0.9645469999999999,BGD,EGY,6522
1223862,23,68,1047,2014.0,0.0,39764.0,0.611912,1.594597,BGR,EGY,6522
1223863,24,68,1047,2014.0,1421561.0,377381.0,0.087173,-0.542374,BHR,EGY,6522
1223864,26,68,1047,2014.0,0.0,5553.0,0.737556,0.9815530000000001,BIH,EGY,6522
1223865,32,68,1047,2014.0,58319.0,299530.0,0.23286700000000002,0.968366,BRA,EGY,6522
1223866,39,68,1047,2014.0,6401.0,1174836.0,0.6145430000000001,1.1815360000000001,CAN,EGY,6522
1223867,41,68,1047,2014.0,100590.0,6511351.0,2.027022,0.780257,CHE,EGY,6522
1223868,42,68,1047,2014.0,0.0,208229.0,-0.196236,-0.162428,CHL,EGY,6522
1223869,43,68,1047,2014.0,148694528.0,419482.0,1.316443,0.35039899999999996,CHN,EGY,6522
1223870,49,68,1047,2014.0,0.0,143996.0,0.084348,-0.39008200000000004,COL,EGY,6522
1223871,58,68,1047,2014.0,40115.0,54460.0,0.476854,0.572103,CYP,EGY,6522
1223872,59,68,1047,2014.0,102162.0,2490491.0,1.761204,-0.148263,CZE,EGY,6522
1223873,61,68,1047,2014.0,3007065.0,4562545.0,2.106119,-3.225189,DEU,EGY,6522
1223874,64,68,1047,2014.0,0.0,311961.0,1.15411,1.160462,DNK,EGY,6522
1223875,65,68,1047,2014.0,0.0,1365.0,-0.076532,0.472746,DOM,EGY,6522
1223876,66,68,1047,2014.0,0.0,1893107.0,-1.427966,-1.1216760000000001,DZA,EGY,6522
1223877,71,68,1047,2014.0,4910196.0,5359092.0,0.9574159999999999,1.787233,ESP,EGY,6522
1223878,77,68,1047,2014.0,483518.0,9828722.0,1.432323,0.43023,FRA,EGY,6522
1223879,81,68,1047,2014.0,613984.0,8632266.0,1.542804,0.915499,GBR,EGY,6522
1223880,82,68,1047,2014.0,0.0,102155.0,-0.23090300000000002,-0.510401,GEO,EGY,6522
1223881,90,68,1047,2014.0,74806.0,8974453.0,0.064193,0.955633,GRC,EGY,6522
1223882,93,68,1047,2014.0,0.0,151415.0,-0.24762199999999998,0.536379,GTM,EGY,6522
1223883,97,68,1047,2014.0,4636926.0,122306.0,0.9198440000000001,1.257131,HKG,EGY,6522
1223884,100,68,1047,2014.0,0.0,27686.0,0.8627809999999999,1.3475549999999998,HRV,EGY,6522
1223885,102,68,1047,2014.0,197808.0,120002.0,1.713536,0.5681729999999999,HUN,EGY,6522
1223886,103,68,1047,2014.0,712001.0,23111.0,0.068135,1.672437,IDN,EGY,6522
1223887,104,68,1047,2014.0,29852634.0,96584.0,0.236316,2.659173,IND,EGY,6522
1223888,106,68,1047,2014.0,0.0,11854.0,1.3749790000000002,0.41131899999999993,IRL,EGY,6522
1223889,108,68,1047,2014.0,0.0,687150.0,-3.04704,-0.9082290000000001,IRQ,EGY,6522
1223890,110,68,1047,2014.0,12315779.0,451714.0,0.9753860000000001,0.810342,ISR,EGY,6522
1223891,111,68,1047,2014.0,14463768.0,43731872.0,1.476328,-0.293302,ITA,EGY,6522
1223892,113,68,1047,2014.0,0.0,916102.0,0.23508800000000002,0.47597,JOR,EGY,6522
1223893,114,68,1047,2014.0,15290.0,828725.0,2.297789,-0.58585,JPN,EGY,6522
1223894,116,68,1047,2014.0,0.0,213268.0,-0.411786,0.219875,KEN,EGY,6522
1223895,121,68,1047,2014.0,1187277.0,133729.0,1.9642650000000001,0.86425,KOR,EGY,6522
1223896,122,68,1047,2014.0,0.0,701003.0,-1.2601069999999999,-1.0929360000000001,KWT,EGY,6522
1223897,124,68,1047,2014.0,675660.0,1765241.0,0.32006799999999996,1.666039,LBN,EGY,6522
1223898,126,68,1047,2014.0,0.0,1324524.0,-1.539253,-1.159929,LBY,EGY,6522
1223899,128,68,1047,2014.0,642581.0,40836.0,-0.30641399999999996,0.29736799999999997,LKA,EGY,6522
1223900,129,68,1047,2014.0,68636.0,0.0,-0.586123,-0.728193,LSO,EGY,6522
1223901,130,68,1047,2014.0,14270.0,38541.0,0.679488,1.558981,LTU,EGY,6522
1223902,134,68,1047,2014.0,873632.0,20040670.0,-0.429457,0.039947,MAR,EGY,6522
1223903,135,68,1047,2014.0,0.0,1381.0,0.031916,0.24264499999999997,MDA,EGY,6522
1223904,136,68,1047,2014.0,0.0,12611.0,-0.690485,-0.5090020000000001,MDG,EGY,6522
1223905,138,68,1047,2014.0,332116.0,492672.0,1.292327,0.713879,MEX,EGY,6522
1223906,140,68,1047,2014.0,0.0,26236.0,-0.216313,-0.214403,MKD,EGY,6522
1223907,142,68,1047,2014.0,0.0,134909.0,0.8871379999999999,0.088535,MLT,EGY,6522
1223908,144,68,1047,2014.0,0.0,10481.0,-0.007741,0.018085,MNE,EGY,6522
1223909,148,68,1047,2014.0,0.0,19058.0,-1.425856,-1.213441,MRT,EGY,6522
1223910,151,68,1047,2014.0,0.0,72652.0,-0.055786,-0.1488,MUS,EGY,6522
1223911,153,68,1047,2014.0,2828109.0,53389.0,0.995226,0.7797810000000001,MYS,EGY,6522
1223912,159,68,1047,2014.0,0.0,2784.0,-1.9012419999999999,-1.229264,NGA,EGY,6522
1223913,162,68,1047,2014.0,83361.0,517858.0,1.08881,1.320941,NLD,EGY,6522
1223914,163,68,1047,2014.0,0.0,58921.0,0.678424,0.137871,NOR,EGY,6522
1223915,166,68,1047,2014.0,0.0,16999.0,0.123649,0.26129,NZL,EGY,6522
1223916,167,68,1047,2014.0,0.0,159722.0,-0.7307060000000001,-1.060975,OMN,EGY,6522
1223917,168,68,1047,2014.0,42301040.0,4209.0,-0.595946,0.493716,PAK,EGY,6522
1223918,169,68,1047,2014.0,0.0,8365.0,0.8997200000000001,0.9699139999999999,PAN,EGY,6522
1223919,173,68,1047,2014.0,0.0,106747.0,-0.617883,0.427092,PER,EGY,6522
1223920,174,68,1047,2014.0,0.0,27268.0,0.835601,0.589322,PHL,EGY,6522
1223921,177,68,1047,2014.0,27507.0,1418487.0,1.1328690000000001,1.043185,POL,EGY,6522
1223922,179,68,1047,2014.0,431350.0,999886.0,0.763352,2.041559,PRT,EGY,6522
1223923,181,68,1047,2014.0,0.0,1972696.0,0.129971,0.775546,PSE,EGY,6522
1223924,183,68,1047,2014.0,0.0,416638.0,-0.5604899999999999,-0.989015,QAT,EGY,6522
1223925,185,68,1047,2014.0,21907.0,112298.0,1.0837940000000001,1.199571,ROU,EGY,6522
1223926,186,68,1047,2014.0,0.0,280861.0,-0.006737000000000001,-0.172237,RUS,EGY,6522
1223927,187,68,1047,2014.0,0.0,143896.0,-0.475152,-0.390083,RWA,EGY,6522
1223928,188,68,1047,2014.0,0.0,10565312.0,-0.188727,-0.8629459999999999,SAU,EGY,6522
1223929,190,68,1047,2014.0,0.0,1973302.0,-1.473904,-1.154731,SDN,EGY,6522
1223930,191,68,1047,2014.0,0.0,86510.0,-0.509239,0.002353,SEN,EGY,6522
1223931,192,68,1047,2014.0,9262.0,26149.0,1.750361,0.63849,SGP,EGY,6522
1223932,201,68,1047,2014.0,0.0,111723.0,0.6017979999999999,1.328124,SRB,EGY,6522
1223933,208,68,1047,2014.0,80849.0,437553.0,1.7256330000000002,0.395804,SWE,EGY,6522
1223934,212,68,1047,2014.0,220952.0,3170508.0,-0.22825,0.803708,SYR,EGY,6522
1223935,214,68,1047,2014.0,0.0,1546.0,-2.592004,-1.008548,TCD,EGY,6522
1223936,216,68,1047,2014.0,2284994.0,80450.0,1.111392,1.3500370000000002,THA,EGY,6522
1223937,223,68,1047,2014.0,453362.0,11635455.0,0.45973800000000004,0.9595459999999999,TUN,EGY,6522
1223938,224,68,1047,2014.0,83371504.0,74151144.0,0.6641600000000001,2.091193,TUR,EGY,6522
1223939,227,68,1047,2014.0,0.0,19560.0,-0.505738,0.49837200000000004,UGA,EGY,6522
1223940,231,68,1047,2014.0,717728.0,44555496.0,1.569577,-0.293173,USA,EGY,6522
1223941,232,68,1047,2014.0,0.0,110032.0,-0.422387,-0.44193599999999994,UZB,EGY,6522
1223942,239,68,1047,2014.0,131711.0,151022.0,0.135762,1.182052,VNM,EGY,6522
1223943,243,68,1047,2014.0,0.0,2551850.0,-1.178492,-1.2530629999999998,YEM,EGY,6522
1223944,246,68,1047,2014.0,159104.0,137217.0,0.156414,1.873848,ZAF,EGY,6522
1223945,247,68,1047,2014.0,0.0,11452.0,-0.506171,-0.680445,ZMB,EGY,6522
1223946,249,68,1047,2014.0,3654446.0,6364.0,1.850481,1.081809,TWN,EGY,6522
1223947,250,68,1047,2014.0,238668.0,0.0,0.426964,0.138883,ANS,EGY,6522
1223948,7,82,1047,2014.0,6391.0,0.0,-0.121018,-0.51841,ARE,GEO,6522
1223949,14,82,1047,2014.0,0.0,17889.0,-0.587779,-0.29813,AUS,GEO,6522
1223950,28,82,1047,2014.0,11225.0,0.0,0.929114,0.7313069999999999,BLR,GEO,6522
1223951,43,82,1047,2014.0,560284.0,0.0,1.316443,0.35039899999999996,CHN,GEO,6522
1223952,59,82,1047,2014.0,4716.0,0.0,1.761204,-0.148263,CZE,GEO,6522
1223953,61,82,1047,2014.0,252690.0,0.0,2.106119,-3.225189,DEU,GEO,6522
1223954,64,82,1047,2014.0,0.0,1772.0,1.15411,1.160462,DNK,GEO,6522
1223955,68,82,1047,2014.0,102155.0,0.0,-0.036009,2.027503,EGY,GEO,6522
1223956,71,82,1047,2014.0,3301.0,0.0,0.9574159999999999,1.787233,ESP,GEO,6522
1223957,77,82,1047,2014.0,85307.0,0.0,1.432323,0.43023,FRA,GEO,6522
1223958,81,82,1047,2014.0,1470.0,0.0,1.542804,0.915499,GBR,GEO,6522
1223959,97,82,1047,2014.0,106765.0,0.0,0.9198440000000001,1.257131,HKG,GEO,6522
1223960,103,82,1047,2014.0,39541.0,0.0,0.068135,1.672437,IDN,GEO,6522
1223961,104,82,1047,2014.0,37376.0,0.0,0.236316,2.659173,IND,GEO,6522
1223962,107,82,1047,2014.0,43529.0,0.0,-0.47744899999999996,-0.429676,IRN,GEO,6522
1223963,111,82,1047,2014.0,197965.0,0.0,1.476328,-0.293302,ITA,GEO,6522
1223964,153,82,1047,2014.0,0.0,6856.0,0.995226,0.7797810000000001,MYS,GEO,6522
1223965,162,82,1047,2014.0,8327.0,0.0,1.08881,1.320941,NLD,GEO,6522
1223966,168,82,1047,2014.0,54509.0,0.0,-0.595946,0.493716,PAK,GEO,6522
1223967,186,82,1047,2014.0,354518.0,0.0,-0.006737000000000001,-0.172237,RUS,GEO,6522
1223968,206,82,1047,2014.0,2986.0,0.0,1.525525,0.773486,SVK,GEO,6522
1223969,224,82,1047,2014.0,10972940.0,76803.0,0.6641600000000001,2.091193,TUR,GEO,6522
1223970,228,82,1047,2014.0,7869.0,0.0,0.505369,1.07634,UKR,GEO,6522
1223971,232,82,1047,2014.0,177136.0,0.0,-0.422387,-0.44193599999999994,UZB,GEO,6522
1223972,1,107,1047,2014.0,0.0,206682.0,-0.9800639999999999,-0.8281790000000001,AFG,IRN,6522
1223973,7,107,1047,2014.0,61169780.0,25617.0,-0.121018,-0.51841,ARE,IRN,6522
1223974,9,107,1047,2014.0,0.0,180593.0,-0.143991,-0.5265890000000001,ARM,IRN,6522
1223975,16,107,1047,2014.0,0.0,105838.0,-1.230795,-1.237163,AZE,IRN,6522
1223976,43,107,1047,2014.0,15440580.0,0.0,1.316443,0.35039899999999996,CHN,IRN,6522
1223977,61,107,1047,2014.0,0.0,148300.0,2.106119,-3.225189,DEU,IRN,6522
1223978,71,107,1047,2014.0,230338.0,2477.0,0.9574159999999999,1.787233,ESP,IRN,6522
1223979,77,107,1047,2014.0,16090.0,0.0,1.432323,0.43023,FRA,IRN,6522
1223980,81,107,1047,2014.0,0.0,1587.0,1.542804,0.915499,GBR,IRN,6522
1223981,82,107,1047,2014.0,0.0,43529.0,-0.23090300000000002,-0.510401,GEO,IRN,6522
1223982,103,107,1047,2014.0,3244566.0,12254.0,0.068135,1.672437,IDN,IRN,6522
1223983,104,107,1047,2014.0,306727.0,0.0,0.236316,2.659173,IND,IRN,6522
1223984,108,107,1047,2014.0,0.0,855425.0,-3.04704,-0.9082290000000001,IRQ,IRN,6522
1223985,111,107,1047,2014.0,105602.0,7573.0,1.476328,-0.293302,ITA,IRN,6522
1223986,113,107,1047,2014.0,0.0,10324.0,0.23508800000000002,0.47597,JOR,IRN,6522
1223987,114,107,1047,2014.0,0.0,11637.0,2.297789,-0.58585,JPN,IRN,6522
1223988,115,107,1047,2014.0,0.0,21316.0,-0.503438,-0.5477850000000001,KAZ,IRN,6522
1223989,121,107,1047,2014.0,645035.0,0.0,1.9642650000000001,0.86425,KOR,IRN,6522
1223990,122,107,1047,2014.0,11844.0,0.0,-1.2601069999999999,-1.0929360000000001,KWT,IRN,6522
1223991,136,107,1047,2014.0,0.0,2937.0,-0.690485,-0.5090020000000001,MDG,IRN,6522
1223992,168,107,1047,2014.0,663143.0,0.0,-0.595946,0.493716,PAK,IRN,6522
1223993,183,107,1047,2014.0,0.0,5452.0,-0.5604899999999999,-0.989015,QAT,IRN,6522
1223994,216,107,1047,2014.0,406525.0,0.0,1.111392,1.3500370000000002,THA,IRN,6522
1223995,219,107,1047,2014.0,0.0,342918.0,-0.961465,-1.1428559999999999,TKM,IRN,6522
1223996,224,107,1047,2014.0,13295753.0,0.0,0.6641600000000001,2.091193,TUR,IRN,6522
1223997,232,107,1047,2014.0,0.0,103130.0,-0.422387,-0.44193599999999994,UZB,IRN,6522
1223998,250,107,1047,2014.0,626641.0,0.0,0.426964,0.138883,ANS,IRN,6522
1223999,7,115,1047,2014.0,17700.0,0.0,-0.121018,-0.51841,ARE,KAZ,6522
1224000,15,115,1047,2014.0,1705.0,0.0,1.782532,-0.84455,AUT,KAZ,6522
1224001,18,115,1047,2014.0,43761.0,0.0,1.182934,1.1967139999999998,BEL,KAZ,6522
1224002,28,115,1047,2014.0,2477817.0,0.0,0.929114,0.7313069999999999,BLR,KAZ,6522
1224003,41,115,1047,2014.0,20296.0,22278.0,2.027022,0.780257,CHE,KAZ,6522
1224004,43,115,1047,2014.0,9235788.0,0.0,1.316443,0.35039899999999996,CHN,KAZ,6522
1224005,59,115,1047,2014.0,2055.0,0.0,1.761204,-0.148263,CZE,KAZ,6522
1224006,61,115,1047,2014.0,94859.0,3836.0,2.106119,-3.225189,DEU,KAZ,6522
1224007,71,115,1047,2014.0,38853.0,0.0,0.9574159999999999,1.787233,ESP,KAZ,6522
1224008,72,115,1047,2014.0,0.0,3504.0,1.022704,1.175645,EST,KAZ,6522
1224009,77,115,1047,2014.0,27884.0,29877.0,1.432323,0.43023,FRA,KAZ,6522
1224010,81,115,1047,2014.0,42931.0,1204.0,1.542804,0.915499,GBR,KAZ,6522
1224011,97,115,1047,2014.0,1948.0,0.0,0.9198440000000001,1.257131,HKG,KAZ,6522
1224012,104,115,1047,2014.0,299777.0,0.0,0.236316,2.659173,IND,KAZ,6522
1224013,107,115,1047,2014.0,21316.0,0.0,-0.47744899999999996,-0.429676,IRN,KAZ,6522
1224014,111,115,1047,2014.0,244545.0,0.0,1.476328,-0.293302,ITA,KAZ,6522
1224015,117,115,1047,2014.0,334958.0,0.0,-0.11451099999999999,0.358754,KGZ,KAZ,6522
1224016,121,115,1047,2014.0,5365.0,0.0,1.9642650000000001,0.86425,KOR,KAZ,6522
1224017,130,115,1047,2014.0,58595.0,0.0,0.679488,1.558981,LTU,KAZ,6522
1224018,162,115,1047,2014.0,111780.0,0.0,1.08881,1.320941,NLD,KAZ,6522
1224019,168,115,1047,2014.0,138360.0,0.0,-0.595946,0.493716,PAK,KAZ,6522
1224020,177,115,1047,2014.0,16554.0,0.0,1.1328690000000001,1.043185,POL,KAZ,6522
1224021,179,115,1047,2014.0,6268.0,0.0,0.763352,2.041559,PRT,KAZ,6522
1224022,186,115,1047,2014.0,10464826.0,7221.0,-0.006737000000000001,-0.172237,RUS,KAZ,6522
1224023,219,115,1047,2014.0,59661.0,0.0,-0.961465,-1.1428559999999999,TKM,KAZ,6522
1224024,223,115,1047,2014.0,0.0,18407.0,0.45973800000000004,0.9595459999999999,TUN,KAZ,6522
1224025,224,115,1047,2014.0,957194.0,0.0,0.6641600000000001,2.091193,TUR,KAZ,6522
1224026,228,115,1047,2014.0,0.0,319644.0,0.505369,1.07634,UKR,KAZ,6522
1224027,231,115,1047,2014.0,6471.0,1272.0,1.569577,-0.293173,USA,KAZ,6522
1224028,232,115,1047,2014.0,4257288.0,0.0,-0.422387,-0.44193599999999994,UZB,KAZ,6522
1224029,239,115,1047,2014.0,0.0,4882.0,0.135762,1.182052,VNM,KAZ,6522
1224030,43,117,1047,2014.0,56656400.0,0.0,1.316443,0.35039899999999996,CHN,KGZ,6522
1224031,59,117,1047,2014.0,3050.0,0.0,1.761204,-0.148263,CZE,KGZ,6522
1224032,61,117,1047,2014.0,3136.0,0.0,2.106119,-3.225189,DEU,KGZ,6522
1224033,71,117,1047,2014.0,1641.0,0.0,0.9574159999999999,1.787233,ESP,KGZ,6522
1224034,77,117,1047,2014.0,2004.0,0.0,1.432323,0.43023,FRA,KGZ,6522
1224035,81,117,1047,2014.0,1596.0,21723.0,1.542804,0.915499,GBR,KGZ,6522
1224036,104,117,1047,2014.0,34752.0,0.0,0.236316,2.659173,IND,KGZ,6522
1224037,115,117,1047,2014.0,0.0,334958.0,-0.503438,-0.5477850000000001,KAZ,KGZ,6522
1224038,121,117,1047,2014.0,200713.0,0.0,1.9642650000000001,0.86425,KOR,KGZ,6522
1224039,177,117,1047,2014.0,1966.0,0.0,1.1328690000000001,1.043185,POL,KGZ,6522
1224040,186,117,1047,2014.0,95257.0,0.0,-0.006737000000000001,-0.172237,RUS,KGZ,6522
1224041,224,117,1047,2014.0,6079939.0,0.0,0.6641600000000001,2.091193,TUR,KGZ,6522
1224042,232,117,1047,2014.0,544257.0,0.0,-0.422387,-0.44193599999999994,UZB,KGZ,6522
1224043,2,124,1047,2014.0,0.0,1578.0,-1.547068,-1.121438,AGO,LBN,6522
1224044,7,124,1047,2014.0,54241.0,1037478.0,-0.121018,-0.51841,ARE,LBN,6522
1224045,15,124,1047,2014.0,71027.0,4942.0,1.782532,-0.84455,AUT,LBN,6522
1224046,18,124,1047,2014.0,173331.0,0.0,1.182934,1.1967139999999998,BEL,LBN,6522
1224047,23,124,1047,2014.0,28495.0,0.0,0.611912,1.594597,BGR,LBN,6522
1224048,24,124,1047,2014.0,0.0,14254.0,0.087173,-0.542374,BHR,LBN,6522
1224049,32,124,1047,2014.0,13291.0,0.0,0.23286700000000002,0.968366,BRA,LBN,6522
1224050,39,124,1047,2014.0,5683.0,7252.0,0.6145430000000001,1.1815360000000001,CAN,LBN,6522
1224051,41,124,1047,2014.0,96176.0,8340.0,2.027022,0.780257,CHE,LBN,6522
1224052,43,124,1047,2014.0,10561843.0,0.0,1.316443,0.35039899999999996,CHN,LBN,6522
1224053,47,124,1047,2014.0,0.0,1744.0,-1.359593,-1.101705,COG,LBN,6522
1224054,49,124,1047,2014.0,0.0,9187.0,0.084348,-0.39008200000000004,COL,LBN,6522
1224055,58,124,1047,2014.0,49994.0,3733.0,0.476854,0.572103,CYP,LBN,6522
1224056,59,124,1047,2014.0,27531.0,0.0,1.761204,-0.148263,CZE,LBN,6522
1224057,61,124,1047,2014.0,351794.0,0.0,2.106119,-3.225189,DEU,LBN,6522
1224058,64,124,1047,2014.0,4027.0,0.0,1.15411,1.160462,DNK,LBN,6522
1224059,66,124,1047,2014.0,0.0,25406.0,-1.427966,-1.1216760000000001,DZA,LBN,6522
1224060,68,124,1047,2014.0,1765241.0,675660.0,-0.036009,2.027503,EGY,LBN,6522
1224061,71,124,1047,2014.0,634036.0,0.0,0.9574159999999999,1.787233,ESP,LBN,6522
1224062,77,124,1047,2014.0,666033.0,20782.0,1.432323,0.43023,FRA,LBN,6522
1224063,80,124,1047,2014.0,0.0,6217.0,-1.354381,-1.100019,GAB,LBN,6522
1224064,81,124,1047,2014.0,280480.0,11998.0,1.542804,0.915499,GBR,LBN,6522
1224065,90,124,1047,2014.0,65761.0,0.0,0.064193,0.955633,GRC,LBN,6522
1224066,93,124,1047,2014.0,0.0,40939.0,-0.24762199999999998,0.536379,GTM,LBN,6522
1224067,97,124,1047,2014.0,30577.0,0.0,0.9198440000000001,1.257131,HKG,LBN,6522
1224068,102,124,1047,2014.0,3891.0,0.0,1.713536,0.5681729999999999,HUN,LBN,6522
1224069,103,124,1047,2014.0,295427.0,0.0,0.068135,1.672437,IDN,LBN,6522
1224070,104,124,1047,2014.0,2438568.0,2242.0,0.236316,2.659173,IND,LBN,6522
1224071,108,124,1047,2014.0,0.0,25131.0,-3.04704,-0.9082290000000001,IRQ,LBN,6522
1224072,111,124,1047,2014.0,1928820.0,5547.0,1.476328,-0.293302,ITA,LBN,6522
1224073,113,124,1047,2014.0,0.0,286326.0,0.23508800000000002,0.47597,JOR,LBN,6522
1224074,114,124,1047,2014.0,2888.0,0.0,2.297789,-0.58585,JPN,LBN,6522
1224075,121,124,1047,2014.0,1317120.0,0.0,1.9642650000000001,0.86425,KOR,LBN,6522
1224076,122,124,1047,2014.0,0.0,30802.0,-1.2601069999999999,-1.0929360000000001,KWT,LBN,6522
1224077,130,124,1047,2014.0,1390.0,0.0,0.679488,1.558981,LTU,LBN,6522
1224078,134,124,1047,2014.0,1396.0,0.0,-0.429457,0.039947,MAR,LBN,6522
1224079,135,124,1047,2014.0,1167.0,0.0,0.031916,0.24264499999999997,MDA,LBN,6522
1224080,147,124,1047,2014.0,0.0,30704.0,-1.03106,-0.9325260000000001,MOZ,LBN,6522
1224081,162,124,1047,2014.0,71212.0,0.0,1.08881,1.320941,NLD,LBN,6522
1224082,168,124,1047,2014.0,3901760.0,0.0,-0.595946,0.493716,PAK,LBN,6522
1224083,174,124,1047,2014.0,23255.0,0.0,0.835601,0.589322,PHL,LBN,6522
1224084,177,124,1047,2014.0,5110.0,0.0,1.1328690000000001,1.043185,POL,LBN,6522
1224085,179,124,1047,2014.0,33171.0,0.0,0.763352,2.041559,PRT,LBN,6522
1224086,183,124,1047,2014.0,0.0,667266.0,-0.5604899999999999,-0.989015,QAT,LBN,6522
1224087,185,124,1047,2014.0,36154.0,0.0,1.0837940000000001,1.199571,ROU,LBN,6522
1224088,188,124,1047,2014.0,36739.0,1405557.0,-0.188727,-0.8629459999999999,SAU,LBN,6522
1224089,192,124,1047,2014.0,0.0,27219.0,1.750361,0.63849,SGP,LBN,6522
1224090,196,124,1047,2014.0,0.0,16840.0,-0.718496,-0.750311,SLE,LBN,6522
1224091,212,124,1047,2014.0,7279.0,1851190.0,-0.22825,0.803708,SYR,LBN,6522
1224092,216,124,1047,2014.0,1095835.0,0.0,1.111392,1.3500370000000002,THA,LBN,6522
1224093,224,124,1047,2014.0,3774274.0,17074.0,0.6641600000000001,2.091193,TUR,LBN,6522
1224094,231,124,1047,2014.0,178111.0,25942.0,1.569577,-0.293173,USA,LBN,6522
1224095,248,124,1047,2014.0,0.0,4453.0,-0.732781,-0.875713,ZWE,LBN,6522
1224096,249,124,1047,2014.0,139661.0,0.0,1.850481,1.081809,TWN,LBN,6522
1224097,7,128,1047,2014.0,724123.0,1589664.0,-0.121018,-0.51841,ARE,LKA,6522
1224098,14,128,1047,2014.0,126695.0,2859.0,-0.587779,-0.29813,AUS,LKA,6522
1224099,15,128,1047,2014.0,99663.0,0.0,1.782532,-0.84455,AUT,LKA,6522
1224100,18,128,1047,2014.0,811595.0,0.0,1.182934,1.1967139999999998,BEL,LKA,6522
1224101,21,128,1047,2014.0,0.0,10020.0,-0.7933279999999999,-0.872791,BFA,LKA,6522
1224102,22,128,1047,2014.0,309927.0,25897830.0,-0.76547,-0.9645469999999999,BGD,LKA,6522
1224103,23,128,1047,2014.0,87651.0,0.0,0.611912,1.594597,BGR,LKA,6522
1224104,24,128,1047,2014.0,317866.0,3234.0,0.087173,-0.542374,BHR,LKA,6522
1224105,29,128,1047,2014.0,3626.0,82957.0,-0.15501700000000002,-0.507759,BLZ,LKA,6522
1224106,32,128,1047,2014.0,370624.0,0.0,0.23286700000000002,0.968366,BRA,LKA,6522
1224107,39,128,1047,2014.0,35120.0,0.0,0.6145430000000001,1.1815360000000001,CAN,LKA,6522
1224108,41,128,1047,2014.0,7204.0,0.0,2.027022,0.780257,CHE,LKA,6522
1224109,43,128,1047,2014.0,218068416.0,666054.0,1.316443,0.35039899999999996,CHN,LKA,6522
1224110,59,128,1047,2014.0,26515.0,0.0,1.761204,-0.148263,CZE,LKA,6522
1224111,61,128,1047,2014.0,1900253.0,32585.0,2.106119,-3.225189,DEU,LKA,6522
1224112,64,128,1047,2014.0,2742.0,0.0,1.15411,1.160462,DNK,LKA,6522
1224113,68,128,1047,2014.0,40836.0,642581.0,-0.036009,2.027503,EGY,LKA,6522
1224114,71,128,1047,2014.0,36125.0,0.0,0.9574159999999999,1.787233,ESP,LKA,6522
1224115,77,128,1047,2014.0,110982.0,2146.0,1.432323,0.43023,FRA,LKA,6522
1224116,81,128,1047,2014.0,590667.0,14215.0,1.542804,0.915499,GBR,LKA,6522
1224117,97,128,1047,2014.0,32468238.0,792482.0,0.9198440000000001,1.257131,HKG,LKA,6522
1224118,103,128,1047,2014.0,2354851.0,201781.0,0.068135,1.672437,IDN,LKA,6522
1224119,104,128,1047,2014.0,124755424.0,1922044.0,0.236316,2.659173,IND,LKA,6522
1224120,111,128,1047,2014.0,2177997.0,41087.0,1.476328,-0.293302,ITA,LKA,6522
1224121,113,128,1047,2014.0,103736.0,71576.0,0.23508800000000002,0.47597,JOR,LKA,6522
1224122,114,128,1047,2014.0,2068459.0,0.0,2.297789,-0.58585,JPN,LKA,6522
1224123,118,128,1047,2014.0,0.0,247340.0,-0.5871430000000001,-0.7545850000000001,KHM,LKA,6522
1224124,121,128,1047,2014.0,3865952.0,102318.0,1.9642650000000001,0.86425,KOR,LKA,6522
1224125,122,128,1047,2014.0,0.0,1912.0,-1.2601069999999999,-1.0929360000000001,KWT,LKA,6522
1224126,135,128,1047,2014.0,0.0,5226.0,0.031916,0.24264499999999997,MDA,LKA,6522
1224127,137,128,1047,2014.0,0.0,219476.0,-0.6189939999999999,-0.880108,MDV,LKA,6522
1224128,138,128,1047,2014.0,4143.0,70975.0,1.292327,0.713879,MEX,LKA,6522
1224129,151,128,1047,2014.0,42120.0,0.0,-0.055786,-0.1488,MUS,LKA,6522
1224130,153,128,1047,2014.0,1526779.0,204481.0,0.995226,0.7797810000000001,MYS,LKA,6522
1224131,162,128,1047,2014.0,39661.0,662091.0,1.08881,1.320941,NLD,LKA,6522
1224132,166,128,1047,2014.0,12538.0,11480.0,0.123649,0.26129,NZL,LKA,6522
1224133,168,128,1047,2014.0,58398004.0,84144.0,-0.595946,0.493716,PAK,LKA,6522
1224134,169,128,1047,2014.0,5025.0,0.0,0.8997200000000001,0.9699139999999999,PAN,LKA,6522
1224135,174,128,1047,2014.0,0.0,1750.0,0.835601,0.589322,PHL,LKA,6522
1224136,178,128,1047,2014.0,21734.0,0.0,-0.11844400000000001,0.067508,PRK,LKA,6522
1224137,179,128,1047,2014.0,63524.0,0.0,0.763352,2.041559,PRT,LKA,6522
1224138,185,128,1047,2014.0,7350.0,0.0,1.0837940000000001,1.199571,ROU,LKA,6522
1224139,192,128,1047,2014.0,458907.0,0.0,1.750361,0.63849,SGP,LKA,6522
1224140,207,128,1047,2014.0,12204.0,0.0,1.554693,0.633504,SVN,LKA,6522
1224141,208,128,1047,2014.0,0.0,1564.0,1.7256330000000002,0.395804,SWE,LKA,6522
1224142,211,128,1047,2014.0,0.0,4141.0,0.158898,-0.571933,SYC,LKA,6522
1224143,216,128,1047,2014.0,9692291.0,10272.0,1.111392,1.3500370000000002,THA,LKA,6522
1224144,218,128,1047,2014.0,9274.0,0.0,0.692398,0.5659420000000001,TKL,LKA,6522
1224145,223,128,1047,2014.0,14245.0,2729.0,0.45973800000000004,0.9595459999999999,TUN,LKA,6522
1224146,224,128,1047,2014.0,1465567.0,402872.0,0.6641600000000001,2.091193,TUR,LKA,6522
1224147,231,128,1047,2014.0,357801.0,44150.0,1.569577,-0.293173,USA,LKA,6522
1224148,239,128,1047,2014.0,2235703.0,327559.0,0.135762,1.182052,VNM,LKA,6522
1224149,249,128,1047,2014.0,10485006.0,0.0,1.850481,1.081809,TWN,LKA,6522
1224150,7,130,1047,2014.0,5089.0,1168.0,-0.121018,-0.51841,ARE,LTU,6522
1224151,14,130,1047,2014.0,0.0,23966.0,-0.587779,-0.29813,AUS,LTU,6522
1224152,15,130,1047,2014.0,123494.0,5080.0,1.782532,-0.84455,AUT,LTU,6522
1224153,18,130,1047,2014.0,2949085.0,25434.0,1.182934,1.1967139999999998,BEL,LTU,6522
1224154,23,130,1047,2014.0,48670.0,58766.0,0.611912,1.594597,BGR,LTU,6522
1224155,28,130,1047,2014.0,289380.0,1499337.0,0.929114,0.7313069999999999,BLR,LTU,6522
1224156,39,130,1047,2014.0,0.0,8546.0,0.6145430000000001,1.1815360000000001,CAN,LTU,6522
1224157,41,130,1047,2014.0,1825829.0,1819.0,2.027022,0.780257,CHE,LTU,6522
1224158,43,130,1047,2014.0,6889496.0,863507.0,1.316443,0.35039899999999996,CHN,LTU,6522
1224159,59,130,1047,2014.0,1583194.0,652096.0,1.761204,-0.148263,CZE,LTU,6522
1224160,61,130,1047,2014.0,8389656.0,985552.0,2.106119,-3.225189,DEU,LTU,6522
1224161,64,130,1047,2014.0,4958561.0,688756.0,1.15411,1.160462,DNK,LTU,6522
1224162,68,130,1047,2014.0,38541.0,14270.0,-0.036009,2.027503,EGY,LTU,6522
1224163,71,130,1047,2014.0,551778.0,225068.0,0.9574159999999999,1.787233,ESP,LTU,6522
1224164,72,130,1047,2014.0,606893.0,1337746.0,1.022704,1.175645,EST,LTU,6522
1224165,74,130,1047,2014.0,716560.0,526375.0,1.591758,0.9737819999999999,FIN,LTU,6522
1224166,77,130,1047,2014.0,897807.0,233568.0,1.432323,0.43023,FRA,LTU,6522
1224167,81,130,1047,2014.0,1372016.0,183898.0,1.542804,0.915499,GBR,LTU,6522
1224168,90,130,1047,2014.0,353249.0,15964.0,0.064193,0.955633,GRC,LTU,6522
1224169,93,130,1047,2014.0,0.0,1379.0,-0.24762199999999998,0.536379,GTM,LTU,6522
1224170,97,130,1047,2014.0,28013.0,15953.0,0.9198440000000001,1.257131,HKG,LTU,6522
1224171,100,130,1047,2014.0,0.0,5840.0,0.8627809999999999,1.3475549999999998,HRV,LTU,6522
1224172,102,130,1047,2014.0,167627.0,107689.0,1.713536,0.5681729999999999,HUN,LTU,6522
1224173,103,130,1047,2014.0,33704.0,0.0,0.068135,1.672437,IDN,LTU,6522
1224174,104,130,1047,2014.0,389312.0,3659.0,0.236316,2.659173,IND,LTU,6522
1224175,106,130,1047,2014.0,4754.0,12068.0,1.3749790000000002,0.41131899999999993,IRL,LTU,6522
1224176,110,130,1047,2014.0,175381.0,0.0,0.9753860000000001,0.810342,ISR,LTU,6522
1224177,111,130,1047,2014.0,8240358.0,115413.0,1.476328,-0.293302,ITA,LTU,6522
1224178,114,130,1047,2014.0,73858.0,68902.0,2.297789,-0.58585,JPN,LTU,6522
1224179,115,130,1047,2014.0,0.0,58595.0,-0.503438,-0.5477850000000001,KAZ,LTU,6522
1224180,121,130,1047,2014.0,80356.0,2421.0,1.9642650000000001,0.86425,KOR,LTU,6522
1224181,123,130,1047,2014.0,0.0,23448.0,-0.924599,-0.7456430000000001,LAO,LTU,6522
1224182,124,130,1047,2014.0,0.0,1390.0,0.32006799999999996,1.666039,LBN,LTU,6522
1224183,132,130,1047,2014.0,683936.0,1382564.0,0.6501,1.35321,LVA,LTU,6522
1224184,134,130,1047,2014.0,0.0,12926.0,-0.429457,0.039947,MAR,LTU,6522
1224185,135,130,1047,2014.0,56757.0,3728.0,0.031916,0.24264499999999997,MDA,LTU,6522
1224186,140,130,1047,2014.0,0.0,31827.0,-0.216313,-0.214403,MKD,LTU,6522
1224187,142,130,1047,2014.0,0.0,4835.0,0.8871379999999999,0.088535,MLT,LTU,6522
1224188,153,130,1047,2014.0,121998.0,0.0,0.995226,0.7797810000000001,MYS,LTU,6522
1224189,162,130,1047,2014.0,589114.0,70694.0,1.08881,1.320941,NLD,LTU,6522
1224190,163,130,1047,2014.0,270324.0,80169.0,0.678424,0.137871,NOR,LTU,6522
1224191,168,130,1047,2014.0,14179274.0,0.0,-0.595946,0.493716,PAK,LTU,6522
1224192,177,130,1047,2014.0,1490630.0,1204961.0,1.1328690000000001,1.043185,POL,LTU,6522
1224193,179,130,1047,2014.0,650201.0,43520.0,0.763352,2.041559,PRT,LTU,6522
1224194,185,130,1047,2014.0,94484.0,602863.0,1.0837940000000001,1.199571,ROU,LTU,6522
1224195,186,130,1047,2014.0,417477.0,1365499.0,-0.006737000000000001,-0.172237,RUS,LTU,6522
1224196,201,130,1047,2014.0,0.0,1225.0,0.6017979999999999,1.328124,SRB,LTU,6522
1224197,206,130,1047,2014.0,5568.0,278281.0,1.525525,0.773486,SVK,LTU,6522
1224198,207,130,1047,2014.0,46822.0,3481.0,1.554693,0.633504,SVN,LTU,6522
1224199,208,130,1047,2014.0,2988811.0,1005513.0,1.7256330000000002,0.395804,SWE,LTU,6522
1224200,216,130,1047,2014.0,46183.0,0.0,1.111392,1.3500370000000002,THA,LTU,6522
1224201,223,130,1047,2014.0,19103.0,31394.0,0.45973800000000004,0.9595459999999999,TUN,LTU,6522
1224202,224,130,1047,2014.0,3810237.0,27081.0,0.6641600000000001,2.091193,TUR,LTU,6522
1224203,228,130,1047,2014.0,574393.0,2227631.0,0.505369,1.07634,UKR,LTU,6522
1224204,231,130,1047,2014.0,327607.0,38194.0,1.569577,-0.293173,USA,LTU,6522
1224205,249,130,1047,2014.0,22859.0,0.0,1.850481,1.081809,TWN,LTU,6522
1224206,15,131,1047,2014.0,4298.0,33205.0,1.782532,-0.84455,AUT,LUX,6522
1224207,18,131,1047,2014.0,247212.0,13300.0,1.182934,1.1967139999999998,BEL,LUX,6522
1224208,41,131,1047,2014.0,9643.0,0.0,2.027022,0.780257,CHE,LUX,6522
1224209,43,131,1047,2014.0,31113.0,0.0,1.316443,0.35039899999999996,CHN,LUX,6522
1224210,61,131,1047,2014.0,282498.0,3807.0,2.106119,-3.225189,DEU,LUX,6522
1224211,64,131,1047,2014.0,44496.0,0.0,1.15411,1.160462,DNK,LUX,6522
1224212,71,131,1047,2014.0,28670.0,0.0,0.9574159999999999,1.787233,ESP,LUX,6522
1224213,77,131,1047,2014.0,264855.0,110364.0,1.432323,0.43023,FRA,LUX,6522
1224214,81,131,1047,2014.0,43838.0,0.0,1.542804,0.915499,GBR,LUX,6522
1224215,97,131,1047,2014.0,0.0,7008.0,0.9198440000000001,1.257131,HKG,LUX,6522
1224216,102,131,1047,2014.0,1207.0,0.0,1.713536,0.5681729999999999,HUN,LUX,6522
1224217,109,131,1047,2014.0,0.0,2320.0,0.130097,-0.313819,ISL,LUX,6522
1224218,111,131,1047,2014.0,59581.0,6539.0,1.476328,-0.293302,ITA,LUX,6522
1224219,121,131,1047,2014.0,3417.0,0.0,1.9642650000000001,0.86425,KOR,LUX,6522
1224220,162,131,1047,2014.0,73367.0,0.0,1.08881,1.320941,NLD,LUX,6522
1224221,177,131,1047,2014.0,0.0,25072.0,1.1328690000000001,1.043185,POL,LUX,6522
1224222,201,131,1047,2014.0,0.0,1450.0,0.6017979999999999,1.328124,SRB,LUX,6522
1224223,231,131,1047,2014.0,2858.0,0.0,1.569577,-0.293173,USA,LUX,6522
1224224,239,131,1047,2014.0,0.0,42277.0,0.135762,1.182052,VNM,LUX,6522
1224225,250,131,1047,2014.0,111886.0,0.0,0.426964,0.138883,ANS,LUX,6522
1224226,7,132,1047,2014.0,4049.0,32741.0,-0.121018,-0.51841,ARE,LVA,6522
1224227,15,132,1047,2014.0,311806.0,0.0,1.782532,-0.84455,AUT,LVA,6522
1224228,18,132,1047,2014.0,718572.0,222513.0,1.182934,1.1967139999999998,BEL,LVA,6522
1224229,23,132,1047,2014.0,13455.0,0.0,0.611912,1.594597,BGR,LVA,6522
1224230,28,132,1047,2014.0,73408.0,668028.0,0.929114,0.7313069999999999,BLR,LVA,6522
1224231,41,132,1047,2014.0,10919.0,25839.0,2.027022,0.780257,CHE,LVA,6522
1224232,43,132,1047,2014.0,2423922.0,1680.0,1.316443,0.35039899999999996,CHN,LVA,6522
1224233,59,132,1047,2014.0,18129.0,5083.0,1.761204,-0.148263,CZE,LVA,6522
1224234,61,132,1047,2014.0,983969.0,228502.0,2.106119,-3.225189,DEU,LVA,6522
1224235,64,132,1047,2014.0,842046.0,264754.0,1.15411,1.160462,DNK,LVA,6522
1224236,71,132,1047,2014.0,193784.0,0.0,0.9574159999999999,1.787233,ESP,LVA,6522
1224237,72,132,1047,2014.0,1545915.0,798825.0,1.022704,1.175645,EST,LVA,6522
1224238,74,132,1047,2014.0,88864.0,637518.0,1.591758,0.9737819999999999,FIN,LVA,6522
1224239,77,132,1047,2014.0,1552388.0,72497.0,1.432323,0.43023,FRA,LVA,6522
1224240,81,132,1047,2014.0,953559.0,46631.0,1.542804,0.915499,GBR,LVA,6522
1224241,90,132,1047,2014.0,102516.0,0.0,0.064193,0.955633,GRC,LVA,6522
1224242,97,132,1047,2014.0,205792.0,0.0,0.9198440000000001,1.257131,HKG,LVA,6522
1224243,100,132,1047,2014.0,0.0,7063.0,0.8627809999999999,1.3475549999999998,HRV,LVA,6522
1224244,102,132,1047,2014.0,79205.0,24009.0,1.713536,0.5681729999999999,HUN,LVA,6522
1224245,103,132,1047,2014.0,2774.0,0.0,0.068135,1.672437,IDN,LVA,6522
1224246,104,132,1047,2014.0,294909.0,0.0,0.236316,2.659173,IND,LVA,6522
1224247,106,132,1047,2014.0,110540.0,3474.0,1.3749790000000002,0.41131899999999993,IRL,LVA,6522
1224248,111,132,1047,2014.0,1995347.0,9901.0,1.476328,-0.293302,ITA,LVA,6522
1224249,114,132,1047,2014.0,41618.0,204097.0,2.297789,-0.58585,JPN,LVA,6522
1224250,121,132,1047,2014.0,87996.0,0.0,1.9642650000000001,0.86425,KOR,LVA,6522
1224251,130,132,1047,2014.0,1382564.0,683936.0,0.679488,1.558981,LTU,LVA,6522
1224252,135,132,1047,2014.0,8493.0,8843.0,0.031916,0.24264499999999997,MDA,LVA,6522
1224253,140,132,1047,2014.0,0.0,307839.0,-0.216313,-0.214403,MKD,LVA,6522
1224254,142,132,1047,2014.0,0.0,2481.0,0.8871379999999999,0.088535,MLT,LVA,6522
1224255,162,132,1047,2014.0,479968.0,0.0,1.08881,1.320941,NLD,LVA,6522
1224256,163,132,1047,2014.0,533942.0,345370.0,0.678424,0.137871,NOR,LVA,6522
1224257,168,132,1047,2014.0,3309921.0,5253.0,-0.595946,0.493716,PAK,LVA,6522
1224258,177,132,1047,2014.0,129050.0,25077.0,1.1328690000000001,1.043185,POL,LVA,6522
1224259,179,132,1047,2014.0,33974.0,0.0,0.763352,2.041559,PRT,LVA,6522
1224260,185,132,1047,2014.0,1424.0,0.0,1.0837940000000001,1.199571,ROU,LVA,6522
1224261,186,132,1047,2014.0,57852.0,827040.0,-0.006737000000000001,-0.172237,RUS,LVA,6522
1224262,206,132,1047,2014.0,2951.0,0.0,1.525525,0.773486,SVK,LVA,6522
1224263,208,132,1047,2014.0,642665.0,688463.0,1.7256330000000002,0.395804,SWE,LVA,6522
1224264,216,132,1047,2014.0,2716.0,0.0,1.111392,1.3500370000000002,THA,LVA,6522
1224265,224,132,1047,2014.0,656514.0,0.0,0.6641600000000001,2.091193,TUR,LVA,6522
1224266,228,132,1047,2014.0,4215.0,1996315.0,0.505369,1.07634,UKR,LVA,6522
1224267,231,132,1047,2014.0,344451.0,0.0,1.569577,-0.293173,USA,LVA,6522
1224268,239,132,1047,2014.0,397171.0,0.0,0.135762,1.182052,VNM,LVA,6522
1224269,249,132,1047,2014.0,80388.0,0.0,1.850481,1.081809,TWN,LVA,6522
1224270,7,140,1047,2014.0,1380.0,0.0,-0.121018,-0.51841,ARE,MKD,6522
1224271,15,140,1047,2014.0,4070872.0,8474.0,1.782532,-0.84455,AUT,MKD,6522
1224272,18,140,1047,2014.0,1552767.0,111927.0,1.182934,1.1967139999999998,BEL,MKD,6522
1224273,23,140,1047,2014.0,2569506.0,31819.0,0.611912,1.594597,BGR,MKD,6522
1224274,26,140,1047,2014.0,20950.0,47620.0,0.737556,0.9815530000000001,BIH,MKD,6522
1224275,32,140,1047,2014.0,33476.0,0.0,0.23286700000000002,0.968366,BRA,MKD,6522
1224276,41,140,1047,2014.0,2479204.0,284309.0,2.027022,0.780257,CHE,MKD,6522
1224277,43,140,1047,2014.0,2298602.0,0.0,1.316443,0.35039899999999996,CHN,MKD,6522
1224278,49,140,1047,2014.0,14193.0,0.0,0.084348,-0.39008200000000004,COL,MKD,6522
1224279,59,140,1047,2014.0,944478.0,22722.0,1.761204,-0.148263,CZE,MKD,6522
1224280,61,140,1047,2014.0,72063248.0,887172.0,2.106119,-3.225189,DEU,MKD,6522
1224281,64,140,1047,2014.0,237966.0,13890.0,1.15411,1.160462,DNK,MKD,6522
1224282,68,140,1047,2014.0,26236.0,0.0,-0.036009,2.027503,EGY,MKD,6522
1224283,71,140,1047,2014.0,1339309.0,1115.0,0.9574159999999999,1.787233,ESP,MKD,6522
1224284,72,140,1047,2014.0,2726.0,0.0,1.022704,1.175645,EST,MKD,6522
1224285,74,140,1047,2014.0,16618.0,24159.0,1.591758,0.9737819999999999,FIN,MKD,6522
1224286,77,140,1047,2014.0,1948101.0,44137.0,1.432323,0.43023,FRA,MKD,6522
1224287,81,140,1047,2014.0,4800656.0,123138.0,1.542804,0.915499,GBR,MKD,6522
1224288,90,140,1047,2014.0,2556576.0,107096.0,0.064193,0.955633,GRC,MKD,6522
1224289,97,140,1047,2014.0,58662.0,0.0,0.9198440000000001,1.257131,HKG,MKD,6522
1224290,100,140,1047,2014.0,72945.0,70122.0,0.8627809999999999,1.3475549999999998,HRV,MKD,6522
1224291,102,140,1047,2014.0,8588479.0,0.0,1.713536,0.5681729999999999,HUN,MKD,6522
1224292,103,140,1047,2014.0,43819.0,0.0,0.068135,1.672437,IDN,MKD,6522
1224293,104,140,1047,2014.0,225011.0,0.0,0.236316,2.659173,IND,MKD,6522
1224294,111,140,1047,2014.0,9090868.0,55795.0,1.476328,-0.293302,ITA,MKD,6522
1224295,114,140,1047,2014.0,16898.0,0.0,2.297789,-0.58585,JPN,MKD,6522
1224296,121,140,1047,2014.0,42702.0,0.0,1.9642650000000001,0.86425,KOR,MKD,6522
1224297,130,140,1047,2014.0,31827.0,0.0,0.679488,1.558981,LTU,MKD,6522
1224298,132,140,1047,2014.0,307839.0,0.0,0.6501,1.35321,LVA,MKD,6522
1224299,135,140,1047,2014.0,4411.0,0.0,0.031916,0.24264499999999997,MDA,MKD,6522
1224300,162,140,1047,2014.0,9569354.0,666087.0,1.08881,1.320941,NLD,MKD,6522
1224301,163,140,1047,2014.0,3046.0,0.0,0.678424,0.137871,NOR,MKD,6522
1224302,168,140,1047,2014.0,112949.0,0.0,-0.595946,0.493716,PAK,MKD,6522
1224303,177,140,1047,2014.0,483156.0,27008.0,1.1328690000000001,1.043185,POL,MKD,6522
1224304,179,140,1047,2014.0,399043.0,1491.0,0.763352,2.041559,PRT,MKD,6522
1224305,185,140,1047,2014.0,453906.0,113418.0,1.0837940000000001,1.199571,ROU,MKD,6522
1224306,192,140,1047,2014.0,4938.0,0.0,1.750361,0.63849,SGP,MKD,6522
1224307,201,140,1047,2014.0,226071.0,297355.0,0.6017979999999999,1.328124,SRB,MKD,6522
1224308,206,140,1047,2014.0,23273.0,13044.0,1.525525,0.773486,SVK,MKD,6522
1224309,207,140,1047,2014.0,550907.0,1933.0,1.554693,0.633504,SVN,MKD,6522
1224310,208,140,1047,2014.0,121441.0,1933.0,1.7256330000000002,0.395804,SWE,MKD,6522
1224311,216,140,1047,2014.0,694343.0,0.0,1.111392,1.3500370000000002,THA,MKD,6522
1224312,219,140,1047,2014.0,101178.0,0.0,-0.961465,-1.1428559999999999,TKM,MKD,6522
1224313,224,140,1047,2014.0,14125247.0,10438055.0,0.6641600000000001,2.091193,TUR,MKD,6522
1224314,231,140,1047,2014.0,61986.0,0.0,1.569577,-0.293173,USA,MKD,6522
1224315,232,140,1047,2014.0,20223.0,0.0,-0.422387,-0.44193599999999994,UZB,MKD,6522
1224316,239,140,1047,2014.0,17878.0,0.0,0.135762,1.182052,VNM,MKD,6522
1224317,249,140,1047,2014.0,18626.0,0.0,1.850481,1.081809,TWN,MKD,6522
1224318,7,147,1047,2014.0,3203.0,0.0,-0.121018,-0.51841,ARE,MOZ,6522
1224319,18,147,1047,2014.0,59469.0,0.0,1.182934,1.1967139999999998,BEL,MOZ,6522
1224320,43,147,1047,2014.0,14297396.0,0.0,1.316443,0.35039899999999996,CHN,MOZ,6522
1224321,81,147,1047,2014.0,16886.0,0.0,1.542804,0.915499,GBR,MOZ,6522
1224322,97,147,1047,2014.0,421158.0,0.0,0.9198440000000001,1.257131,HKG,MOZ,6522
1224323,104,147,1047,2014.0,44918528.0,0.0,0.236316,2.659173,IND,MOZ,6522
1224324,111,147,1047,2014.0,6314.0,0.0,1.476328,-0.293302,ITA,MOZ,6522
1224325,114,147,1047,2014.0,2957.0,0.0,2.297789,-0.58585,JPN,MOZ,6522
1224326,124,147,1047,2014.0,30704.0,0.0,0.32006799999999996,1.666039,LBN,MOZ,6522
1224327,153,147,1047,2014.0,1377.0,0.0,0.995226,0.7797810000000001,MYS,MOZ,6522
1224328,168,147,1047,2014.0,154723.0,0.0,-0.595946,0.493716,PAK,MOZ,6522
1224329,179,147,1047,2014.0,40915.0,0.0,0.763352,2.041559,PRT,MOZ,6522
1224330,216,147,1047,2014.0,657913.0,0.0,1.111392,1.3500370000000002,THA,MOZ,6522
1224331,224,147,1047,2014.0,422977.0,0.0,0.6641600000000001,2.091193,TUR,MOZ,6522
1224332,226,147,1047,2014.0,840626.0,0.0,-0.909005,0.511175,TZA,MOZ,6522
1224333,231,147,1047,2014.0,2479.0,0.0,1.569577,-0.293173,USA,MOZ,6522
1224334,246,147,1047,2014.0,484104.0,0.0,0.156414,1.873848,ZAF,MOZ,6522
1224335,248,147,1047,2014.0,11548.0,0.0,-0.732781,-0.875713,ZWE,MOZ,6522
1224336,249,147,1047,2014.0,137412.0,0.0,1.850481,1.081809,TWN,MOZ,6522
1224337,22,164,1047,2014.0,629218.0,0.0,-0.76547,-0.9645469999999999,BGD,NPL,6522
1224338,42,164,1047,2014.0,0.0,8119.0,-0.196236,-0.162428,CHL,NPL,6522
1224339,43,164,1047,2014.0,17835890.0,0.0,1.316443,0.35039899999999996,CHN,NPL,6522
1224340,45,164,1047,2014.0,2881.0,0.0,-0.726413,-0.927583,CMR,NPL,6522
1224341,59,164,1047,2014.0,3339.0,0.0,1.761204,-0.148263,CZE,NPL,6522
1224342,71,164,1047,2014.0,0.0,3571.0,0.9574159999999999,1.787233,ESP,NPL,6522
1224343,77,164,1047,2014.0,0.0,34604.0,1.432323,0.43023,FRA,NPL,6522
1224344,81,164,1047,2014.0,8182.0,5114.0,1.542804,0.915499,GBR,NPL,6522
1224345,97,164,1047,2014.0,29640.0,16545.0,0.9198440000000001,1.257131,HKG,NPL,6522
1224346,103,164,1047,2014.0,1357.0,0.0,0.068135,1.672437,IDN,NPL,6522
1224347,104,164,1047,2014.0,9638007.0,0.0,0.236316,2.659173,IND,NPL,6522
1224348,111,164,1047,2014.0,21570.0,0.0,1.476328,-0.293302,ITA,NPL,6522
1224349,114,164,1047,2014.0,241361.0,11919.0,2.297789,-0.58585,JPN,NPL,6522
1224350,162,164,1047,2014.0,53041.0,0.0,1.08881,1.320941,NLD,NPL,6522
1224351,163,164,1047,2014.0,0.0,2734.0,0.678424,0.137871,NOR,NPL,6522
1224352,168,164,1047,2014.0,9094.0,0.0,-0.595946,0.493716,PAK,NPL,6522
1224353,208,164,1047,2014.0,0.0,2608.0,1.7256330000000002,0.395804,SWE,NPL,6522
1224354,216,164,1047,2014.0,149789.0,0.0,1.111392,1.3500370000000002,THA,NPL,6522
1224355,231,164,1047,2014.0,0.0,7544.0,1.569577,-0.293173,USA,NPL,6522
1224356,249,164,1047,2014.0,4256.0,0.0,1.850481,1.081809,TWN,NPL,6522
1224357,1,168,1047,2014.0,0.0,159486.0,-0.9800639999999999,-0.8281790000000001,AFG,PAK,6522
1224358,4,168,1047,2014.0,0.0,193254.0,-0.44000200000000006,-0.168443,ALB,PAK,6522
1224359,7,168,1047,2014.0,743442.0,25454258.0,-0.121018,-0.51841,ARE,PAK,6522
1224360,8,168,1047,2014.0,0.0,13588736.0,-0.047848,0.48062,ARG,PAK,6522
1224361,9,168,1047,2014.0,0.0,31147.0,-0.143991,-0.5265890000000001,ARM,PAK,6522
1224362,14,168,1047,2014.0,0.0,7243466.0,-0.587779,-0.29813,AUS,PAK,6522
1224363,15,168,1047,2014.0,2359.0,794709.0,1.782532,-0.84455,AUT,PAK,6522
1224364,16,168,1047,2014.0,0.0,227036.0,-1.230795,-1.237163,AZE,PAK,6522
1224365,18,168,1047,2014.0,25711.0,6363763.0,1.182934,1.1967139999999998,BEL,PAK,6522
1224366,19,168,1047,2014.0,0.0,45719.0,-0.461501,-0.7216819999999999,BEN,PAK,6522
1224367,22,168,1047,2014.0,210553.0,389903104.0,-0.76547,-0.9645469999999999,BGD,PAK,6522
1224368,23,168,1047,2014.0,13669.0,6124085.0,0.611912,1.594597,BGR,PAK,6522
1224369,24,168,1047,2014.0,110273.0,4763754.0,0.087173,-0.542374,BHR,PAK,6522
1224370,26,168,1047,2014.0,0.0,85378.0,0.737556,0.9815530000000001,BIH,PAK,6522
1224371,28,168,1047,2014.0,0.0,15671.0,0.929114,0.7313069999999999,BLR,PAK,6522
1224372,31,168,1047,2014.0,0.0,1638.0,-1.200516,-1.052286,BOL,PAK,6522
1224373,32,168,1047,2014.0,0.0,12017596.0,0.23286700000000002,0.968366,BRA,PAK,6522
1224374,37,168,1047,2014.0,0.0,177427.0,-0.7467630000000001,-1.1369690000000001,BWA,PAK,6522
1224375,39,168,1047,2014.0,0.0,5384031.0,0.6145430000000001,1.1815360000000001,CAN,PAK,6522
1224376,41,168,1047,2014.0,1181.0,543862.0,2.027022,0.780257,CHE,PAK,6522
1224377,42,168,1047,2014.0,0.0,8615513.0,-0.196236,-0.162428,CHL,PAK,6522
1224378,43,168,1047,2014.0,140051136.0,23877332.0,1.316443,0.35039899999999996,CHN,PAK,6522
1224379,44,168,1047,2014.0,0.0,356042.0,-0.854784,-0.781877,CIV,PAK,6522
1224380,45,168,1047,2014.0,0.0,1928523.0,-0.726413,-0.927583,CMR,PAK,6522
1224381,49,168,1047,2014.0,0.0,19432740.0,0.084348,-0.39008200000000004,COL,PAK,6522
1224382,52,168,1047,2014.0,0.0,942553.0,0.13936500000000002,-0.573277,CRI,PAK,6522
1224383,54,168,1047,2014.0,0.0,863149.0,-0.5320560000000001,-0.941575,CUB,PAK,6522
1224384,58,168,1047,2014.0,0.0,308880.0,0.476854,0.572103,CYP,PAK,6522
1224385,59,168,1047,2014.0,5053.0,3374164.0,1.761204,-0.148263,CZE,PAK,6522
1224386,61,168,1047,2014.0,335725.0,37760908.0,2.106119,-3.225189,DEU,PAK,6522
1224387,62,168,1047,2014.0,0.0,2333572.0,-0.552959,-0.840274,DJI,PAK,6522
1224388,64,168,1047,2014.0,0.0,1991884.0,1.15411,1.160462,DNK,PAK,6522
1224389,65,168,1047,2014.0,0.0,5055991.0,-0.076532,0.472746,DOM,PAK,6522
1224390,66,168,1047,2014.0,0.0,6332908.0,-1.427966,-1.1216760000000001,DZA,PAK,6522
1224391,67,168,1047,2014.0,0.0,1682351.0,-1.0520559999999999,-1.109638,ECU,PAK,6522
1224392,68,168,1047,2014.0,4209.0,42301040.0,-0.036009,2.027503,EGY,PAK,6522
1224393,71,168,1047,2014.0,156778.0,30268380.0,0.9574159999999999,1.787233,ESP,PAK,6522
1224394,72,168,1047,2014.0,0.0,7238836.0,1.022704,1.175645,EST,PAK,6522
1224395,73,168,1047,2014.0,0.0,196852.0,-1.147242,-0.986643,ETH,PAK,6522
1224396,74,168,1047,2014.0,0.0,5435034.0,1.591758,0.9737819999999999,FIN,PAK,6522
1224397,75,168,1047,2014.0,0.0,722854.0,-0.20919699999999997,0.095276,FJI,PAK,6522
1224398,77,168,1047,2014.0,35235.0,7919054.0,1.432323,0.43023,FRA,PAK,6522
1224399,80,168,1047,2014.0,0.0,319311.0,-1.354381,-1.100019,GAB,PAK,6522
1224400,81,168,1047,2014.0,296814.0,16166830.0,1.542804,0.915499,GBR,PAK,6522
1224401,82,168,1047,2014.0,0.0,54509.0,-0.23090300000000002,-0.510401,GEO,PAK,6522
1224402,83,168,1047,2014.0,0.0,3160360.0,-1.1140299999999999,-1.0711700000000002,GHA,PAK,6522
1224403,87,168,1047,2014.0,0.0,327712.0,-0.79725,-0.8249059999999999,GMB,PAK,6522
1224404,90,168,1047,2014.0,0.0,11776806.0,0.064193,0.955633,GRC,PAK,6522
1224405,93,168,1047,2014.0,0.0,153086.0,-0.24762199999999998,0.536379,GTM,PAK,6522
1224406,97,168,1047,2014.0,1575500.0,11387064.0,0.9198440000000001,1.257131,HKG,PAK,6522
1224407,99,168,1047,2014.0,0.0,929443.0,-0.372433,0.036463,HND,PAK,6522
1224408,100,168,1047,2014.0,0.0,1640948.0,0.8627809999999999,1.3475549999999998,HRV,PAK,6522
1224409,101,168,1047,2014.0,0.0,124518.0,-0.894977,-1.0674379999999999,HTI,PAK,6522
1224410,102,168,1047,2014.0,0.0,4439610.0,1.713536,0.5681729999999999,HUN,PAK,6522
1224411,103,168,1047,2014.0,827904.0,10592063.0,0.068135,1.672437,IDN,PAK,6522
1224412,104,168,1047,2014.0,4214576.0,23406278.0,0.236316,2.659173,IND,PAK,6522
1224413,106,168,1047,2014.0,4276.0,1200811.0,1.3749790000000002,0.41131899999999993,IRL,PAK,6522
1224414,107,168,1047,2014.0,0.0,663143.0,-0.47744899999999996,-0.429676,IRN,PAK,6522
1224415,108,168,1047,2014.0,0.0,28998.0,-3.04704,-0.9082290000000001,IRQ,PAK,6522
1224416,109,168,1047,2014.0,0.0,2050.0,0.130097,-0.313819,ISL,PAK,6522
1224417,111,168,1047,2014.0,1672459.0,68563184.0,1.476328,-0.293302,ITA,PAK,6522
1224418,112,168,1047,2014.0,0.0,134308.0,-0.390841,-0.804425,JAM,PAK,6522
1224419,113,168,1047,2014.0,3932.0,11324204.0,0.23508800000000002,0.47597,JOR,PAK,6522
1224420,114,168,1047,2014.0,15762.0,155213.0,2.297789,-0.58585,JPN,PAK,6522
1224421,115,168,1047,2014.0,0.0,138360.0,-0.503438,-0.5477850000000001,KAZ,PAK,6522
1224422,116,168,1047,2014.0,0.0,12758986.0,-0.411786,0.219875,KEN,PAK,6522
1224423,118,168,1047,2014.0,0.0,11400994.0,-0.5871430000000001,-0.7545850000000001,KHM,PAK,6522
1224424,121,168,1047,2014.0,1224615.0,1363309.0,1.9642650000000001,0.86425,KOR,PAK,6522
1224425,122,168,1047,2014.0,0.0,5338616.0,-1.2601069999999999,-1.0929360000000001,KWT,PAK,6522
1224426,123,168,1047,2014.0,0.0,243585.0,-0.924599,-0.7456430000000001,LAO,PAK,6522
1224427,124,168,1047,2014.0,0.0,3901760.0,0.32006799999999996,1.666039,LBN,PAK,6522
1224428,126,168,1047,2014.0,0.0,31063.0,-1.539253,-1.159929,LBY,PAK,6522
1224429,127,168,1047,2014.0,0.0,100424.0,0.636416,-0.464264,LCA,PAK,6522
1224430,128,168,1047,2014.0,84144.0,58398004.0,-0.30641399999999996,0.29736799999999997,LKA,PAK,6522
1224431,129,168,1047,2014.0,0.0,4094382.0,-0.586123,-0.728193,LSO,PAK,6522
1224432,130,168,1047,2014.0,0.0,14179274.0,0.679488,1.558981,LTU,PAK,6522
1224433,132,168,1047,2014.0,5253.0,3309921.0,0.6501,1.35321,LVA,PAK,6522
1224434,134,168,1047,2014.0,0.0,4396409.0,-0.429457,0.039947,MAR,PAK,6522
1224435,135,168,1047,2014.0,0.0,77915.0,0.031916,0.24264499999999997,MDA,PAK,6522
1224436,136,168,1047,2014.0,0.0,4166947.0,-0.690485,-0.5090020000000001,MDG,PAK,6522
1224437,137,168,1047,2014.0,0.0,1825.0,-0.6189939999999999,-0.880108,MDV,PAK,6522
1224438,138,168,1047,2014.0,0.0,22559328.0,1.292327,0.713879,MEX,PAK,6522
1224439,140,168,1047,2014.0,0.0,112949.0,-0.216313,-0.214403,MKD,PAK,6522
1224440,142,168,1047,2014.0,0.0,677889.0,0.8871379999999999,0.088535,MLT,PAK,6522
1224441,143,168,1047,2014.0,0.0,451215.0,-1.350593,-1.1112229999999998,MMR,PAK,6522
1224442,147,168,1047,2014.0,0.0,154723.0,-1.03106,-0.9325260000000001,MOZ,PAK,6522
1224443,148,168,1047,2014.0,0.0,4532596.0,-1.425856,-1.213441,MRT,PAK,6522
1224444,151,168,1047,2014.0,0.0,1271755.0,-0.055786,-0.1488,MUS,PAK,6522
1224445,152,168,1047,2014.0,0.0,29482.0,-0.457027,-0.588539,MWI,PAK,6522
1224446,153,168,1047,2014.0,242252.0,7301666.0,0.995226,0.7797810000000001,MYS,PAK,6522
1224447,157,168,1047,2014.0,0.0,3054.0,-0.709151,-0.869426,NER,PAK,6522
1224448,159,168,1047,2014.0,0.0,2604825.0,-1.9012419999999999,-1.229264,NGA,PAK,6522
1224449,160,168,1047,2014.0,0.0,1805368.0,-0.85321,-0.796656,NIC,PAK,6522
1224450,162,168,1047,2014.0,54145.0,6892947.0,1.08881,1.320941,NLD,PAK,6522
1224451,163,168,1047,2014.0,0.0,1448828.0,0.678424,0.137871,NOR,PAK,6522
1224452,164,168,1047,2014.0,0.0,9094.0,-0.083094,0.349348,NPL,PAK,6522
1224453,166,168,1047,2014.0,0.0,3227337.0,0.123649,0.26129,NZL,PAK,6522
1224454,167,168,1047,2014.0,0.0,1150155.0,-0.7307060000000001,-1.060975,OMN,PAK,6522
1224455,169,168,1047,2014.0,0.0,1166512.0,0.8997200000000001,0.9699139999999999,PAN,PAK,6522
1224456,173,168,1047,2014.0,0.0,10493355.0,-0.617883,0.427092,PER,PAK,6522
1224457,174,168,1047,2014.0,0.0,1535264.0,0.835601,0.589322,PHL,PAK,6522
1224458,177,168,1047,2014.0,13445.0,16672568.0,1.1328690000000001,1.043185,POL,PAK,6522
1224459,178,168,1047,2014.0,1799.0,0.0,-0.11844400000000001,0.067508,PRK,PAK,6522
1224460,179,168,1047,2014.0,6667.0,11904957.0,0.763352,2.041559,PRT,PAK,6522
1224461,180,168,1047,2014.0,0.0,1086472.0,-0.612822,-0.8764139999999999,PRY,PAK,6522
1224462,182,168,1047,2014.0,0.0,25958.0,-0.187778,-0.7217060000000001,PYF,PAK,6522
1224463,183,168,1047,2014.0,0.0,410594.0,-0.5604899999999999,-0.989015,QAT,PAK,6522
1224464,185,168,1047,2014.0,0.0,3503511.0,1.0837940000000001,1.199571,ROU,PAK,6522
1224465,186,168,1047,2014.0,214402.0,26242292.0,-0.006737000000000001,-0.172237,RUS,PAK,6522
1224466,188,168,1047,2014.0,0.0,10592993.0,-0.188727,-0.8629459999999999,SAU,PAK,6522
1224467,190,168,1047,2014.0,0.0,125761.0,-1.473904,-1.154731,SDN,PAK,6522
1224468,191,168,1047,2014.0,0.0,474395.0,-0.509239,0.002353,SEN,PAK,6522
1224469,192,168,1047,2014.0,0.0,4989006.0,1.750361,0.63849,SGP,PAK,6522
1224470,197,168,1047,2014.0,0.0,469549.0,0.11639200000000001,0.368644,SLV,PAK,6522
1224471,199,168,1047,2014.0,0.0,71350.0,-1.295756,-1.0475940000000001,SOM,PAK,6522
1224472,201,168,1047,2014.0,0.0,552347.0,0.6017979999999999,1.328124,SRB,PAK,6522
1224473,202,168,1047,2014.0,0.0,138084.0,-2.9228959999999997,-0.926104,SSD,PAK,6522
1224474,205,168,1047,2014.0,0.0,472533.0,-0.278229,-0.9962840000000001,SUR,PAK,6522
1224475,206,168,1047,2014.0,0.0,452414.0,1.525525,0.773486,SVK,PAK,6522
1224476,207,168,1047,2014.0,0.0,3571714.0,1.554693,0.633504,SVN,PAK,6522
1224477,208,168,1047,2014.0,0.0,1235033.0,1.7256330000000002,0.395804,SWE,PAK,6522
1224478,211,168,1047,2014.0,0.0,6214.0,0.158898,-0.571933,SYC,PAK,6522
1224479,212,168,1047,2014.0,0.0,1422193.0,-0.22825,0.803708,SYR,PAK,6522
1224480,215,168,1047,2014.0,0.0,391578.0,-0.58937,-0.43368,TGO,PAK,6522
1224481,216,168,1047,2014.0,6598936.0,6346883.0,1.111392,1.3500370000000002,THA,PAK,6522
1224482,222,168,1047,2014.0,5941.0,144548.0,-0.582991,-1.055078,TTO,PAK,6522
1224483,223,168,1047,2014.0,0.0,9321556.0,0.45973800000000004,0.9595459999999999,TUN,PAK,6522
1224484,224,168,1047,2014.0,5377500.0,70030992.0,0.6641600000000001,2.091193,TUR,PAK,6522
1224485,226,168,1047,2014.0,0.0,3039737.0,-0.909005,0.511175,TZA,PAK,6522
1224486,227,168,1047,2014.0,0.0,23836.0,-0.505738,0.49837200000000004,UGA,PAK,6522
1224487,228,168,1047,2014.0,0.0,7322601.0,0.505369,1.07634,UKR,PAK,6522
1224488,230,168,1047,2014.0,0.0,2523162.0,0.155247,-0.091751,URY,PAK,6522
1224489,231,168,1047,2014.0,330179.0,53124748.0,1.569577,-0.293173,USA,PAK,6522
1224490,236,168,1047,2014.0,0.0,2794576.0,-1.1668459999999998,-1.134262,VEN,PAK,6522
1224491,239,168,1047,2014.0,16204.0,22538418.0,0.135762,1.182052,VNM,PAK,6522
1224492,243,168,1047,2014.0,0.0,57897.0,-1.178492,-1.2530629999999998,YEM,PAK,6522
1224493,246,168,1047,2014.0,27358.0,26117020.0,0.156414,1.873848,ZAF,PAK,6522
1224494,247,168,1047,2014.0,0.0,95638.0,-0.506171,-0.680445,ZMB,PAK,6522
1224495,248,168,1047,2014.0,0.0,709458.0,-0.732781,-0.875713,ZWE,PAK,6522
1224496,249,168,1047,2014.0,600995.0,62066.0,1.850481,1.081809,TWN,PAK,6522
1224497,250,168,1047,2014.0,7624.0,0.0,0.426964,0.138883,ANS,PAK,6522
1224498,7,183,1047,2014.0,258509.0,1806.0,-0.121018,-0.51841,ARE,QAT,6522
1224499,15,183,1047,2014.0,1746.0,0.0,1.782532,-0.84455,AUT,QAT,6522
1224500,18,183,1047,2014.0,38343.0,0.0,1.182934,1.1967139999999998,BEL,QAT,6522
1224501,22,183,1047,2014.0,12015.0,0.0,-0.76547,-0.9645469999999999,BGD,QAT,6522
1224502,24,183,1047,2014.0,23038.0,0.0,0.087173,-0.542374,BHR,QAT,6522
1224503,32,183,1047,2014.0,5172.0,0.0,0.23286700000000002,0.968366,BRA,QAT,6522
1224504,39,183,1047,2014.0,20296.0,0.0,0.6145430000000001,1.1815360000000001,CAN,QAT,6522
1224505,41,183,1047,2014.0,60142.0,0.0,2.027022,0.780257,CHE,QAT,6522
1224506,43,183,1047,2014.0,779955.0,0.0,1.316443,0.35039899999999996,CHN,QAT,6522
1224507,61,183,1047,2014.0,249737.0,0.0,2.106119,-3.225189,DEU,QAT,6522
1224508,64,183,1047,2014.0,5150.0,0.0,1.15411,1.160462,DNK,QAT,6522
1224509,68,183,1047,2014.0,416638.0,0.0,-0.036009,2.027503,EGY,QAT,6522
1224510,71,183,1047,2014.0,254815.0,0.0,0.9574159999999999,1.787233,ESP,QAT,6522
1224511,77,183,1047,2014.0,104130.0,3211.0,1.432323,0.43023,FRA,QAT,6522
1224512,81,183,1047,2014.0,1899961.0,0.0,1.542804,0.915499,GBR,QAT,6522
1224513,90,183,1047,2014.0,46715.0,0.0,0.064193,0.955633,GRC,QAT,6522
1224514,97,183,1047,2014.0,18277.0,2616.0,0.9198440000000001,1.257131,HKG,QAT,6522
1224515,103,183,1047,2014.0,60687.0,0.0,0.068135,1.672437,IDN,QAT,6522
1224516,104,183,1047,2014.0,1323856.0,0.0,0.236316,2.659173,IND,QAT,6522
1224517,106,183,1047,2014.0,37586.0,0.0,1.3749790000000002,0.41131899999999993,IRL,QAT,6522
1224518,107,183,1047,2014.0,5452.0,0.0,-0.47744899999999996,-0.429676,IRN,QAT,6522
1224519,111,183,1047,2014.0,1011409.0,20636.0,1.476328,-0.293302,ITA,QAT,6522
1224520,113,183,1047,2014.0,2712.0,0.0,0.23508800000000002,0.47597,JOR,QAT,6522
1224521,114,183,1047,2014.0,119323.0,0.0,2.297789,-0.58585,JPN,QAT,6522
1224522,121,183,1047,2014.0,156515.0,0.0,1.9642650000000001,0.86425,KOR,QAT,6522
1224523,122,183,1047,2014.0,4248.0,0.0,-1.2601069999999999,-1.0929360000000001,KWT,QAT,6522
1224524,124,183,1047,2014.0,667266.0,0.0,0.32006799999999996,1.666039,LBN,QAT,6522
1224525,134,183,1047,2014.0,4617.0,0.0,-0.429457,0.039947,MAR,QAT,6522
1224526,153,183,1047,2014.0,2054.0,0.0,0.995226,0.7797810000000001,MYS,QAT,6522
1224527,162,183,1047,2014.0,44047.0,0.0,1.08881,1.320941,NLD,QAT,6522
1224528,167,183,1047,2014.0,6200.0,1083.0,-0.7307060000000001,-1.060975,OMN,QAT,6522
1224529,168,183,1047,2014.0,410594.0,0.0,-0.595946,0.493716,PAK,QAT,6522
1224530,179,183,1047,2014.0,4826.0,0.0,0.763352,2.041559,PRT,QAT,6522
1224531,181,183,1047,2014.0,47824.0,0.0,0.129971,0.775546,PSE,QAT,6522
1224532,188,183,1047,2014.0,63296.0,0.0,-0.188727,-0.8629459999999999,SAU,QAT,6522
1224533,192,183,1047,2014.0,4339.0,0.0,1.750361,0.63849,SGP,QAT,6522
1224534,208,183,1047,2014.0,1137.0,0.0,1.7256330000000002,0.395804,SWE,QAT,6522
1224535,212,183,1047,2014.0,51370.0,0.0,-0.22825,0.803708,SYR,QAT,6522
1224536,216,183,1047,2014.0,47009.0,0.0,1.111392,1.3500370000000002,THA,QAT,6522
1224537,224,183,1047,2014.0,225942.0,0.0,0.6641600000000001,2.091193,TUR,QAT,6522
1224538,231,183,1047,2014.0,49693.0,0.0,1.569577,-0.293173,USA,QAT,6522
1224539,239,183,1047,2014.0,4059.0,0.0,0.135762,1.182052,VNM,QAT,6522
1224540,246,183,1047,2014.0,1382.0,0.0,0.156414,1.873848,ZAF,QAT,6522
1224541,249,183,1047,2014.0,24487.0,0.0,1.850481,1.081809,TWN,QAT,6522
1224542,7,185,1047,2014.0,55738.0,5448.0,-0.121018,-0.51841,ARE,ROU,6522
1224543,14,185,1047,2014.0,0.0,4662.0,-0.587779,-0.29813,AUS,ROU,6522
1224544,15,185,1047,2014.0,4614078.0,45628.0,1.782532,-0.84455,AUT,ROU,6522
1224545,18,185,1047,2014.0,6513947.0,6841695.0,1.182934,1.1967139999999998,BEL,ROU,6522
1224546,23,185,1047,2014.0,1551409.0,6112663.0,0.611912,1.594597,BGR,ROU,6522
1224547,24,185,1047,2014.0,0.0,179584.0,0.087173,-0.542374,BHR,ROU,6522
1224548,26,185,1047,2014.0,0.0,1327.0,0.737556,0.9815530000000001,BIH,ROU,6522
1224549,32,185,1047,2014.0,7119.0,1532.0,0.23286700000000002,0.968366,BRA,ROU,6522
1224550,39,185,1047,2014.0,0.0,18963.0,0.6145430000000001,1.1815360000000001,CAN,ROU,6522
1224551,41,185,1047,2014.0,8931974.0,241793.0,2.027022,0.780257,CHE,ROU,6522
1224552,43,185,1047,2014.0,5901215.0,141475.0,1.316443,0.35039899999999996,CHN,ROU,6522
1224553,49,185,1047,2014.0,0.0,52854.0,0.084348,-0.39008200000000004,COL,ROU,6522
1224554,58,185,1047,2014.0,38051.0,0.0,0.476854,0.572103,CYP,ROU,6522
1224555,59,185,1047,2014.0,2668877.0,69061.0,1.761204,-0.148263,CZE,ROU,6522
1224556,61,185,1047,2014.0,94401976.0,3356564.0,2.106119,-3.225189,DEU,ROU,6522
1224557,64,185,1047,2014.0,155002.0,17173.0,1.15411,1.160462,DNK,ROU,6522
1224558,68,185,1047,2014.0,112298.0,21907.0,-0.036009,2.027503,EGY,ROU,6522
1224559,71,185,1047,2014.0,9647708.0,3113115.0,0.9574159999999999,1.787233,ESP,ROU,6522
1224560,72,185,1047,2014.0,134537.0,161487.0,1.022704,1.175645,EST,ROU,6522
1224561,74,185,1047,2014.0,83474.0,26211.0,1.591758,0.9737819999999999,FIN,ROU,6522
1224562,75,185,1047,2014.0,0.0,12805.0,-0.20919699999999997,0.095276,FJI,ROU,6522
1224563,77,185,1047,2014.0,12920173.0,1253845.0,1.432323,0.43023,FRA,ROU,6522
1224564,81,185,1047,2014.0,6534792.0,742420.0,1.542804,0.915499,GBR,ROU,6522
1224565,90,185,1047,2014.0,1819163.0,74507.0,0.064193,0.955633,GRC,ROU,6522
1224566,97,185,1047,2014.0,43232.0,151288.0,0.9198440000000001,1.257131,HKG,ROU,6522
1224567,100,185,1047,2014.0,0.0,5262.0,0.8627809999999999,1.3475549999999998,HRV,ROU,6522
1224568,102,185,1047,2014.0,8009776.0,595412.0,1.713536,0.5681729999999999,HUN,ROU,6522
1224569,103,185,1047,2014.0,0.0,11682.0,0.068135,1.672437,IDN,ROU,6522
1224570,104,185,1047,2014.0,2466256.0,1364.0,0.236316,2.659173,IND,ROU,6522
1224571,106,185,1047,2014.0,118133.0,0.0,1.3749790000000002,0.41131899999999993,IRL,ROU,6522
1224572,110,185,1047,2014.0,66444.0,0.0,0.9753860000000001,0.810342,ISR,ROU,6522
1224573,111,185,1047,2014.0,165236752.0,7442078.0,1.476328,-0.293302,ITA,ROU,6522
1224574,114,185,1047,2014.0,427909.0,38078.0,2.297789,-0.58585,JPN,ROU,6522
1224575,118,185,1047,2014.0,0.0,88323.0,-0.5871430000000001,-0.7545850000000001,KHM,ROU,6522
1224576,121,185,1047,2014.0,151625.0,0.0,1.9642650000000001,0.86425,KOR,ROU,6522
1224577,122,185,1047,2014.0,0.0,1336.0,-1.2601069999999999,-1.0929360000000001,KWT,ROU,6522
1224578,124,185,1047,2014.0,0.0,36154.0,0.32006799999999996,1.666039,LBN,ROU,6522
1224579,128,185,1047,2014.0,0.0,7350.0,-0.30641399999999996,0.29736799999999997,LKA,ROU,6522
1224580,130,185,1047,2014.0,602863.0,94484.0,0.679488,1.558981,LTU,ROU,6522
1224581,132,185,1047,2014.0,0.0,1424.0,0.6501,1.35321,LVA,ROU,6522
1224582,134,185,1047,2014.0,0.0,2040677.0,-0.429457,0.039947,MAR,ROU,6522
1224583,135,185,1047,2014.0,1365217.0,333584.0,0.031916,0.24264499999999997,MDA,ROU,6522
1224584,138,185,1047,2014.0,0.0,62680.0,1.292327,0.713879,MEX,ROU,6522
1224585,140,185,1047,2014.0,113418.0,453906.0,-0.216313,-0.214403,MKD,ROU,6522
1224586,142,185,1047,2014.0,1104.0,0.0,0.8871379999999999,0.088535,MLT,ROU,6522
1224587,153,185,1047,2014.0,86650.0,0.0,0.995226,0.7797810000000001,MYS,ROU,6522
1224588,162,185,1047,2014.0,6570939.0,379237.0,1.08881,1.320941,NLD,ROU,6522
1224589,168,185,1047,2014.0,3503511.0,0.0,-0.595946,0.493716,PAK,ROU,6522
1224590,177,185,1047,2014.0,4160696.0,483097.0,1.1328690000000001,1.043185,POL,ROU,6522
1224591,179,185,1047,2014.0,3961642.0,296276.0,0.763352,2.041559,PRT,ROU,6522
1224592,186,185,1047,2014.0,0.0,151320.0,-0.006737000000000001,-0.172237,RUS,ROU,6522
1224593,198,185,1047,2014.0,6043296.0,13262.0,1.1475870000000001,0.742538,SMR,ROU,6522
1224594,201,185,1047,2014.0,6274.0,228012.0,0.6017979999999999,1.328124,SRB,ROU,6522
1224595,206,185,1047,2014.0,66856.0,922899.0,1.525525,0.773486,SVK,ROU,6522
1224596,207,185,1047,2014.0,50499.0,0.0,1.554693,0.633504,SVN,ROU,6522
1224597,208,185,1047,2014.0,6436876.0,769359.0,1.7256330000000002,0.395804,SWE,ROU,6522
1224598,216,185,1047,2014.0,57584.0,87563.0,1.111392,1.3500370000000002,THA,ROU,6522
1224599,223,185,1047,2014.0,6258.0,1095367.0,0.45973800000000004,0.9595459999999999,TUN,ROU,6522
1224600,224,185,1047,2014.0,52265948.0,1702456.0,0.6641600000000001,2.091193,TUR,ROU,6522
1224601,228,185,1047,2014.0,4342.0,4209612.0,0.505369,1.07634,UKR,ROU,6522
1224602,231,185,1047,2014.0,46034.0,258443.0,1.569577,-0.293173,USA,ROU,6522
1224603,249,185,1047,2014.0,51066.0,0.0,1.850481,1.081809,TWN,ROU,6522
1224604,7,186,1047,2014.0,371348.0,43733.0,-0.121018,-0.51841,ARE,RUS,6522
1224605,9,186,1047,2014.0,0.0,203595.0,-0.143991,-0.5265890000000001,ARM,RUS,6522
1224606,14,186,1047,2014.0,0.0,25843.0,-0.587779,-0.29813,AUS,RUS,6522
1224607,15,186,1047,2014.0,236879.0,0.0,1.782532,-0.84455,AUT,RUS,6522
1224608,16,186,1047,2014.0,0.0,807670.0,-1.230795,-1.237163,AZE,RUS,6522
1224609,18,186,1047,2014.0,1330382.0,4949.0,1.182934,1.1967139999999998,BEL,RUS,6522
1224610,23,186,1047,2014.0,62969.0,0.0,0.611912,1.594597,BGR,RUS,6522
1224611,24,186,1047,2014.0,45542.0,0.0,0.087173,-0.542374,BHR,RUS,6522
1224612,26,186,1047,2014.0,0.0,87364.0,0.737556,0.9815530000000001,BIH,RUS,6522
1224613,28,186,1047,2014.0,16615558.0,14736445.0,0.929114,0.7313069999999999,BLR,RUS,6522
1224614,32,186,1047,2014.0,9152.0,0.0,0.23286700000000002,0.968366,BRA,RUS,6522
1224615,39,186,1047,2014.0,104604.0,17632.0,0.6145430000000001,1.1815360000000001,CAN,RUS,6522
1224616,41,186,1047,2014.0,168908.0,0.0,2.027022,0.780257,CHE,RUS,6522
1224617,43,186,1047,2014.0,130986640.0,6138.0,1.316443,0.35039899999999996,CHN,RUS,6522
1224618,59,186,1047,2014.0,522682.0,365554.0,1.761204,-0.148263,CZE,RUS,6522
1224619,61,186,1047,2014.0,5735297.0,19482.0,2.106119,-3.225189,DEU,RUS,6522
1224620,64,186,1047,2014.0,487253.0,0.0,1.15411,1.160462,DNK,RUS,6522
1224621,68,186,1047,2014.0,280861.0,0.0,-0.036009,2.027503,EGY,RUS,6522
1224622,71,186,1047,2014.0,5999980.0,0.0,0.9574159999999999,1.787233,ESP,RUS,6522
1224623,72,186,1047,2014.0,2274768.0,102376.0,1.022704,1.175645,EST,RUS,6522
1224624,74,186,1047,2014.0,870049.0,0.0,1.591758,0.9737819999999999,FIN,RUS,6522
1224625,77,186,1047,2014.0,1305162.0,0.0,1.432323,0.43023,FRA,RUS,6522
1224626,81,186,1047,2014.0,10809188.0,0.0,1.542804,0.915499,GBR,RUS,6522
1224627,82,186,1047,2014.0,0.0,354518.0,-0.23090300000000002,-0.510401,GEO,RUS,6522
1224628,90,186,1047,2014.0,122400.0,0.0,0.064193,0.955633,GRC,RUS,6522
1224629,97,186,1047,2014.0,44959.0,15530.0,0.9198440000000001,1.257131,HKG,RUS,6522
1224630,100,186,1047,2014.0,0.0,1576.0,0.8627809999999999,1.3475549999999998,HRV,RUS,6522
1224631,102,186,1047,2014.0,142492.0,66721.0,1.713536,0.5681729999999999,HUN,RUS,6522
1224632,103,186,1047,2014.0,35217.0,0.0,0.068135,1.672437,IDN,RUS,6522
1224633,104,186,1047,2014.0,1685364.0,12288.0,0.236316,2.659173,IND,RUS,6522
1224634,109,186,1047,2014.0,0.0,2178.0,0.130097,-0.313819,ISL,RUS,6522
1224635,110,186,1047,2014.0,71447.0,0.0,0.9753860000000001,0.810342,ISR,RUS,6522
1224636,111,186,1047,2014.0,14454767.0,49385.0,1.476328,-0.293302,ITA,RUS,6522
1224637,114,186,1047,2014.0,233295.0,10886.0,2.297789,-0.58585,JPN,RUS,6522
1224638,115,186,1047,2014.0,7221.0,10464826.0,-0.503438,-0.5477850000000001,KAZ,RUS,6522
1224639,117,186,1047,2014.0,0.0,95257.0,-0.11451099999999999,0.358754,KGZ,RUS,6522
1224640,121,186,1047,2014.0,1796964.0,3466.0,1.9642650000000001,0.86425,KOR,RUS,6522
1224641,130,186,1047,2014.0,1365499.0,417477.0,0.679488,1.558981,LTU,RUS,6522
1224642,132,186,1047,2014.0,827040.0,57852.0,0.6501,1.35321,LVA,RUS,6522
1224643,134,186,1047,2014.0,5672.0,92956.0,-0.429457,0.039947,MAR,RUS,6522
1224644,135,186,1047,2014.0,7163630.0,167993.0,0.031916,0.24264499999999997,MDA,RUS,6522
1224645,136,186,1047,2014.0,2499.0,0.0,-0.690485,-0.5090020000000001,MDG,RUS,6522
1224646,143,186,1047,2014.0,0.0,2574.0,-1.350593,-1.1112229999999998,MMR,RUS,6522
1224647,145,186,1047,2014.0,0.0,313507.0,-1.368502,-1.17111,MNG,RUS,6522
1224648,153,186,1047,2014.0,189433.0,0.0,0.995226,0.7797810000000001,MYS,RUS,6522
1224649,162,186,1047,2014.0,1584000.0,0.0,1.08881,1.320941,NLD,RUS,6522
1224650,163,186,1047,2014.0,1456.0,5024.0,0.678424,0.137871,NOR,RUS,6522
1224651,166,186,1047,2014.0,7108.0,0.0,0.123649,0.26129,NZL,RUS,6522
1224652,168,186,1047,2014.0,26242292.0,214402.0,-0.595946,0.493716,PAK,RUS,6522
1224653,174,186,1047,2014.0,3444.0,0.0,0.835601,0.589322,PHL,RUS,6522
1224654,177,186,1047,2014.0,897260.0,45221.0,1.1328690000000001,1.043185,POL,RUS,6522
1224655,179,186,1047,2014.0,521669.0,0.0,0.763352,2.041559,PRT,RUS,6522
1224656,185,186,1047,2014.0,151320.0,0.0,1.0837940000000001,1.199571,ROU,RUS,6522
1224657,201,186,1047,2014.0,4182.0,21412.0,0.6017979999999999,1.328124,SRB,RUS,6522
1224658,206,186,1047,2014.0,51760.0,0.0,1.525525,0.773486,SVK,RUS,6522
1224659,207,186,1047,2014.0,14272.0,12374.0,1.554693,0.633504,SVN,RUS,6522
1224660,208,186,1047,2014.0,266020.0,1667.0,1.7256330000000002,0.395804,SWE,RUS,6522
1224661,212,186,1047,2014.0,20780.0,0.0,-0.22825,0.803708,SYR,RUS,6522
1224662,216,186,1047,2014.0,198213.0,0.0,1.111392,1.3500370000000002,THA,RUS,6522
1224663,217,186,1047,2014.0,8541.0,0.0,-0.9002680000000001,-1.05621,TJK,RUS,6522
1224664,219,186,1047,2014.0,780187.0,212438.0,-0.961465,-1.1428559999999999,TKM,RUS,6522
1224665,223,186,1047,2014.0,3899.0,0.0,0.45973800000000004,0.9595459999999999,TUN,RUS,6522
1224666,224,186,1047,2014.0,29786112.0,24097.0,0.6641600000000001,2.091193,TUR,RUS,6522
1224667,228,186,1047,2014.0,2680054.0,9451672.0,0.505369,1.07634,UKR,RUS,6522
1224668,231,186,1047,2014.0,753220.0,278608.0,1.569577,-0.293173,USA,RUS,6522
1224669,232,186,1047,2014.0,2854474.0,9279.0,-0.422387,-0.44193599999999994,UZB,RUS,6522
1224670,239,186,1047,2014.0,68241.0,0.0,0.135762,1.182052,VNM,RUS,6522
1224671,249,186,1047,2014.0,95252.0,0.0,1.850481,1.081809,TWN,RUS,6522
1224672,250,186,1047,2014.0,1088.0,0.0,0.426964,0.138883,ANS,RUS,6522
1224673,15,201,1047,2014.0,632417.0,8804.0,1.782532,-0.84455,AUT,SRB,6522
1224674,18,201,1047,2014.0,402475.0,0.0,1.182934,1.1967139999999998,BEL,SRB,6522
1224675,23,201,1047,2014.0,1569311.0,16160.0,0.611912,1.594597,BGR,SRB,6522
1224676,24,201,1047,2014.0,184219.0,0.0,0.087173,-0.542374,BHR,SRB,6522
1224677,26,201,1047,2014.0,40939.0,253972.0,0.737556,0.9815530000000001,BIH,SRB,6522
1224678,28,201,1047,2014.0,121626.0,0.0,0.929114,0.7313069999999999,BLR,SRB,6522
1224679,41,201,1047,2014.0,4328.0,0.0,2.027022,0.780257,CHE,SRB,6522
1224680,43,201,1047,2014.0,3402794.0,0.0,1.316443,0.35039899999999996,CHN,SRB,6522
1224681,59,201,1047,2014.0,782491.0,9583.0,1.761204,-0.148263,CZE,SRB,6522
1224682,61,201,1047,2014.0,4606280.0,35050.0,2.106119,-3.225189,DEU,SRB,6522
1224683,64,201,1047,2014.0,26498.0,0.0,1.15411,1.160462,DNK,SRB,6522
1224684,68,201,1047,2014.0,111723.0,0.0,-0.036009,2.027503,EGY,SRB,6522
1224685,71,201,1047,2014.0,1300096.0,0.0,0.9574159999999999,1.787233,ESP,SRB,6522
1224686,74,201,1047,2014.0,212718.0,0.0,1.591758,0.9737819999999999,FIN,SRB,6522
1224687,77,201,1047,2014.0,1613414.0,0.0,1.432323,0.43023,FRA,SRB,6522
1224688,80,201,1047,2014.0,0.0,2195.0,-1.354381,-1.100019,GAB,SRB,6522
1224689,81,201,1047,2014.0,334168.0,0.0,1.542804,0.915499,GBR,SRB,6522
1224690,90,201,1047,2014.0,119932.0,25254.0,0.064193,0.955633,GRC,SRB,6522
1224691,97,201,1047,2014.0,82793.0,0.0,0.9198440000000001,1.257131,HKG,SRB,6522
1224692,100,201,1047,2014.0,210950.0,199063.0,0.8627809999999999,1.3475549999999998,HRV,SRB,6522
1224693,102,201,1047,2014.0,64750.0,0.0,1.713536,0.5681729999999999,HUN,SRB,6522
1224694,103,201,1047,2014.0,17256.0,0.0,0.068135,1.672437,IDN,SRB,6522
1224695,104,201,1047,2014.0,180204.0,0.0,0.236316,2.659173,IND,SRB,6522
1224696,110,201,1047,2014.0,27353.0,0.0,0.9753860000000001,0.810342,ISR,SRB,6522
1224697,111,201,1047,2014.0,6698564.0,190155.0,1.476328,-0.293302,ITA,SRB,6522
1224698,114,201,1047,2014.0,2828.0,0.0,2.297789,-0.58585,JPN,SRB,6522
1224699,121,201,1047,2014.0,163833.0,0.0,1.9642650000000001,0.86425,KOR,SRB,6522
1224700,130,201,1047,2014.0,1225.0,0.0,0.679488,1.558981,LTU,SRB,6522
1224701,131,201,1047,2014.0,1450.0,0.0,1.093816,1.270669,LUX,SRB,6522
1224702,134,201,1047,2014.0,86670.0,0.0,-0.429457,0.039947,MAR,SRB,6522
1224703,135,201,1047,2014.0,2170441.0,0.0,0.031916,0.24264499999999997,MDA,SRB,6522
1224704,138,201,1047,2014.0,19527.0,0.0,1.292327,0.713879,MEX,SRB,6522
1224705,140,201,1047,2014.0,297355.0,226071.0,-0.216313,-0.214403,MKD,SRB,6522
1224706,144,201,1047,2014.0,1395.0,191783.0,-0.007741,0.018085,MNE,SRB,6522
1224707,162,201,1047,2014.0,2031375.0,9302.0,1.08881,1.320941,NLD,SRB,6522
1224708,168,201,1047,2014.0,552347.0,0.0,-0.595946,0.493716,PAK,SRB,6522
1224709,177,201,1047,2014.0,2032581.0,2681.0,1.1328690000000001,1.043185,POL,SRB,6522
1224710,179,201,1047,2014.0,219513.0,0.0,0.763352,2.041559,PRT,SRB,6522
1224711,185,201,1047,2014.0,228012.0,6274.0,1.0837940000000001,1.199571,ROU,SRB,6522
1224712,186,201,1047,2014.0,21412.0,4182.0,-0.006737000000000001,-0.172237,RUS,SRB,6522
1224713,206,201,1047,2014.0,9864.0,5784.0,1.525525,0.773486,SVK,SRB,6522
1224714,207,201,1047,2014.0,459810.0,5380.0,1.554693,0.633504,SVN,SRB,6522
1224715,216,201,1047,2014.0,146070.0,0.0,1.111392,1.3500370000000002,THA,SRB,6522
1224716,223,201,1047,2014.0,42438.0,0.0,0.45973800000000004,0.9595459999999999,TUN,SRB,6522
1224717,224,201,1047,2014.0,36935536.0,338536.0,0.6641600000000001,2.091193,TUR,SRB,6522
1224718,231,201,1047,2014.0,19067.0,0.0,1.569577,-0.293173,USA,SRB,6522
1224719,249,201,1047,2014.0,5551.0,0.0,1.850481,1.081809,TWN,SRB,6522
1224720,7,211,1047,2014.0,22484.0,0.0,-0.121018,-0.51841,ARE,SYC,6522
1224721,14,211,1047,2014.0,0.0,1017.0,-0.587779,-0.29813,AUS,SYC,6522
1224722,18,211,1047,2014.0,1360.0,0.0,1.182934,1.1967139999999998,BEL,SYC,6522
1224723,43,211,1047,2014.0,2115.0,0.0,1.316443,0.35039899999999996,CHN,SYC,6522
1224724,61,211,1047,2014.0,22757.0,0.0,2.106119,-3.225189,DEU,SYC,6522
1224725,81,211,1047,2014.0,4913.0,0.0,1.542804,0.915499,GBR,SYC,6522
1224726,97,211,1047,2014.0,5013.0,0.0,0.9198440000000001,1.257131,HKG,SYC,6522
1224727,103,211,1047,2014.0,2824.0,0.0,0.068135,1.672437,IDN,SYC,6522
1224728,104,211,1047,2014.0,87091.0,0.0,0.236316,2.659173,IND,SYC,6522
1224729,121,211,1047,2014.0,1640.0,0.0,1.9642650000000001,0.86425,KOR,SYC,6522
1224730,128,211,1047,2014.0,4141.0,0.0,-0.30641399999999996,0.29736799999999997,LKA,SYC,6522
1224731,151,211,1047,2014.0,40487.0,0.0,-0.055786,-0.1488,MUS,SYC,6522
1224732,153,211,1047,2014.0,5067.0,0.0,0.995226,0.7797810000000001,MYS,SYC,6522
1224733,162,211,1047,2014.0,2993.0,0.0,1.08881,1.320941,NLD,SYC,6522
1224734,168,211,1047,2014.0,6214.0,0.0,-0.595946,0.493716,PAK,SYC,6522
1224735,178,211,1047,2014.0,3983.0,0.0,-0.11844400000000001,0.067508,PRK,SYC,6522
1224736,192,211,1047,2014.0,66946.0,0.0,1.750361,0.63849,SGP,SYC,6522
1224737,216,211,1047,2014.0,112112.0,0.0,1.111392,1.3500370000000002,THA,SYC,6522
1224738,224,211,1047,2014.0,5183.0,0.0,0.6641600000000001,2.091193,TUR,SYC,6522
1224739,246,211,1047,2014.0,34874.0,15570.0,0.156414,1.873848,ZAF,SYC,6522
1224740,7,4,1047,2014.0,9881.0,0.0,-0.121018,-0.51841,ARE,ALB,6522
1224741,9,4,1047,2014.0,0.0,13834.0,-0.143991,-0.5265890000000001,ARM,ALB,6522
1224742,23,4,1047,2014.0,2210244.0,96115.0,0.611912,1.594597,BGR,ALB,6522
1224743,43,4,1047,2014.0,1198661.0,0.0,1.316443,0.35039899999999996,CHN,ALB,6522
1224744,59,4,1047,2014.0,77428.0,0.0,1.761204,-0.148263,CZE,ALB,6522
1224745,61,4,1047,2014.0,5419490.0,0.0,2.106119,-3.225189,DEU,ALB,6522
1224746,68,4,1047,2014.0,32819.0,0.0,-0.036009,2.027503,EGY,ALB,6522
1224747,71,4,1047,2014.0,15781.0,0.0,0.9574159999999999,1.787233,ESP,ALB,6522
1224748,72,4,1047,2014.0,1673.0,0.0,1.022704,1.175645,EST,ALB,6522
1224749,77,4,1047,2014.0,46986.0,0.0,1.432323,0.43023,FRA,ALB,6522
1224750,90,4,1047,2014.0,681790.0,133460.0,0.064193,0.955633,GRC,ALB,6522
1224751,100,4,1047,2014.0,7615.0,0.0,0.8627809999999999,1.3475549999999998,HRV,ALB,6522
1224752,102,4,1047,2014.0,22003.0,0.0,1.713536,0.5681729999999999,HUN,ALB,6522
1224753,104,4,1047,2014.0,14695.0,0.0,0.236316,2.659173,IND,ALB,6522
1224754,111,4,1047,2014.0,31600642.0,205900.0,1.476328,-0.293302,ITA,ALB,6522
1224755,168,4,1047,2014.0,193254.0,0.0,-0.595946,0.493716,PAK,ALB,6522
1224756,177,4,1047,2014.0,65901.0,0.0,1.1328690000000001,1.043185,POL,ALB,6522
1224757,191,4,1047,2014.0,0.0,117042.0,-0.509239,0.002353,SEN,ALB,6522
1224758,206,4,1047,2014.0,6529.0,0.0,1.525525,0.773486,SVK,ALB,6522
1224759,208,4,1047,2014.0,1482.0,0.0,1.7256330000000002,0.395804,SWE,ALB,6522
1224760,224,4,1047,2014.0,2848899.0,0.0,0.6641600000000001,2.091193,TUR,ALB,6522
1224761,43,13,1047,2014.0,14875.0,0.0,1.316443,0.35039899999999996,CHN,ATG,6522
1224762,64,13,1047,2014.0,6271.0,0.0,1.15411,1.160462,DNK,ATG,6522
1224763,81,13,1047,2014.0,65281.0,0.0,1.542804,0.915499,GBR,ATG,6522
1224764,104,13,1047,2014.0,8139.0,0.0,0.236316,2.659173,IND,ATG,6522
1224765,169,13,1047,2014.0,3492.0,0.0,0.8997200000000001,0.9699139999999999,PAN,ATG,6522
1224766,222,13,1047,2014.0,32654.0,0.0,-0.582991,-1.055078,TTO,ATG,6522
1224767,231,13,1047,2014.0,17362.0,0.0,1.569577,-0.293173,USA,ATG,6522
1224768,7,21,1047,2014.0,16604.0,0.0,-0.121018,-0.51841,ARE,BFA,6522
1224769,18,21,1047,2014.0,40655.0,0.0,1.182934,1.1967139999999998,BEL,BFA,6522
1224770,19,21,1047,2014.0,0.0,959818.0,-0.461501,-0.7216819999999999,BEN,BFA,6522
1224771,39,21,1047,2014.0,1931.0,0.0,0.6145430000000001,1.1815360000000001,CAN,BFA,6522
1224772,43,21,1047,2014.0,917865.0,0.0,1.316443,0.35039899999999996,CHN,BFA,6522
1224773,44,21,1047,2014.0,1153752.0,29476.0,-0.854784,-0.781877,CIV,BFA,6522
1224774,59,21,1047,2014.0,17743.0,0.0,1.761204,-0.148263,CZE,BFA,6522
1224775,77,21,1047,2014.0,56256.0,0.0,1.432323,0.43023,FRA,BFA,6522
1224776,83,21,1047,2014.0,738892.0,0.0,-1.1140299999999999,-1.0711700000000002,GHA,BFA,6522
1224777,97,21,1047,2014.0,7902.0,0.0,0.9198440000000001,1.257131,HKG,BFA,6522
1224778,103,21,1047,2014.0,6087.0,0.0,0.068135,1.672437,IDN,BFA,6522
1224779,104,21,1047,2014.0,1110306.0,0.0,0.236316,2.659173,IND,BFA,6522
1224780,111,21,1047,2014.0,65933.0,65530.0,1.476328,-0.293302,ITA,BFA,6522
1224781,114,21,1047,2014.0,0.0,42441.0,2.297789,-0.58585,JPN,BFA,6522
1224782,128,21,1047,2014.0,10020.0,0.0,-0.30641399999999996,0.29736799999999997,LKA,BFA,6522
1224783,141,21,1047,2014.0,216226.0,0.0,-1.027153,-1.0197370000000001,MLI,BFA,6522
1224784,157,21,1047,2014.0,318244.0,2939443.0,-0.709151,-0.869426,NER,BFA,6522
1224785,162,21,1047,2014.0,72318.0,0.0,1.08881,1.320941,NLD,BFA,6522
1224786,215,21,1047,2014.0,418848.0,68186.0,-0.58937,-0.43368,TGO,BFA,6522
1224787,216,21,1047,2014.0,204148.0,0.0,1.111392,1.3500370000000002,THA,BFA,6522
1224788,239,21,1047,2014.0,5843.0,0.0,0.135762,1.182052,VNM,BFA,6522
1224789,7,22,1047,2014.0,41477.0,715723.0,-0.121018,-0.51841,ARE,BGD,6522
1224790,8,22,1047,2014.0,0.0,16134.0,-0.047848,0.48062,ARG,BGD,6522
1224791,14,22,1047,2014.0,0.0,1901.0,-0.587779,-0.29813,AUS,BGD,6522
1224792,18,22,1047,2014.0,284770.0,68322.0,1.182934,1.1967139999999998,BEL,BGD,6522
1224793,24,22,1047,2014.0,9343081.0,9936.0,0.087173,-0.542374,BHR,BGD,6522
1224794,32,22,1047,2014.0,1383310.0,0.0,0.23286700000000002,0.968366,BRA,BGD,6522
1224795,39,22,1047,2014.0,106851.0,28826.0,0.6145430000000001,1.1815360000000001,CAN,BGD,6522
1224796,43,22,1047,2014.0,2053711488.0,121835.0,1.316443,0.35039899999999996,CHN,BGD,6522
1224797,59,22,1047,2014.0,1146.0,30616.0,1.761204,-0.148263,CZE,BGD,6522
1224798,61,22,1047,2014.0,979309.0,51405.0,2.106119,-3.225189,DEU,BGD,6522
1224799,64,22,1047,2014.0,14367.0,35364.0,1.15411,1.160462,DNK,BGD,6522
1224800,66,22,1047,2014.0,0.0,135122.0,-1.427966,-1.1216760000000001,DZA,BGD,6522
1224801,68,22,1047,2014.0,1616835.0,0.0,-0.036009,2.027503,EGY,BGD,6522
1224802,71,22,1047,2014.0,2741550.0,2030012.0,0.9574159999999999,1.787233,ESP,BGD,6522
1224803,72,22,1047,2014.0,0.0,28517.0,1.022704,1.175645,EST,BGD,6522
1224804,74,22,1047,2014.0,0.0,24798.0,1.591758,0.9737819999999999,FIN,BGD,6522
1224805,77,22,1047,2014.0,542598.0,53198.0,1.432323,0.43023,FRA,BGD,6522
1224806,81,22,1047,2014.0,856037.0,56991.0,1.542804,0.915499,GBR,BGD,6522
1224807,90,22,1047,2014.0,0.0,28271.0,0.064193,0.955633,GRC,BGD,6522
1224808,92,22,1047,2014.0,0.0,3404.0,-0.815759,-0.9168860000000001,GRL,BGD,6522
1224809,97,22,1047,2014.0,147065264.0,90224.0,0.9198440000000001,1.257131,HKG,BGD,6522
1224810,103,22,1047,2014.0,11366406.0,422032.0,0.068135,1.672437,IDN,BGD,6522
1224811,104,22,1047,2014.0,373692160.0,9873254.0,0.236316,2.659173,IND,BGD,6522
1224812,111,22,1047,2014.0,4838577.0,168756.0,1.476328,-0.293302,ITA,BGD,6522
1224813,114,22,1047,2014.0,16488583.0,3649.0,2.297789,-0.58585,JPN,BGD,6522
1224814,118,22,1047,2014.0,10148.0,1112543.0,-0.5871430000000001,-0.7545850000000001,KHM,BGD,6522
1224815,121,22,1047,2014.0,14992022.0,82596.0,1.9642650000000001,0.86425,KOR,BGD,6522
1224816,122,22,1047,2014.0,0.0,4059.0,-1.2601069999999999,-1.0929360000000001,KWT,BGD,6522
1224817,123,22,1047,2014.0,0.0,112916.0,-0.924599,-0.7456430000000001,LAO,BGD,6522
1224818,128,22,1047,2014.0,25897830.0,309927.0,-0.30641399999999996,0.29736799999999997,LKA,BGD,6522
1224819,134,22,1047,2014.0,0.0,6433.0,-0.429457,0.039947,MAR,BGD,6522
1224820,137,22,1047,2014.0,0.0,1080.0,-0.6189939999999999,-0.880108,MDV,BGD,6522
1224821,143,22,1047,2014.0,0.0,10707.0,-1.350593,-1.1112229999999998,MMR,BGD,6522
1224822,151,22,1047,2014.0,208329.0,35440.0,-0.055786,-0.1488,MUS,BGD,6522
1224823,153,22,1047,2014.0,26737648.0,11080.0,0.995226,0.7797810000000001,MYS,BGD,6522
1224824,162,22,1047,2014.0,90460.0,0.0,1.08881,1.320941,NLD,BGD,6522
1224825,163,22,1047,2014.0,0.0,2050.0,0.678424,0.137871,NOR,BGD,6522
1224826,164,22,1047,2014.0,0.0,629218.0,-0.083094,0.349348,NPL,BGD,6522
1224827,168,22,1047,2014.0,389903104.0,210553.0,-0.595946,0.493716,PAK,BGD,6522
1224828,179,22,1047,2014.0,96815.0,4304.0,0.763352,2.041559,PRT,BGD,6522
1224829,183,22,1047,2014.0,0.0,12015.0,-0.5604899999999999,-0.989015,QAT,BGD,6522
1224830,188,22,1047,2014.0,0.0,29716.0,-0.188727,-0.8629459999999999,SAU,BGD,6522
1224831,192,22,1047,2014.0,1039656.0,17765.0,1.750361,0.63849,SGP,BGD,6522
1224832,207,22,1047,2014.0,127463.0,0.0,1.554693,0.633504,SVN,BGD,6522
1224833,208,22,1047,2014.0,0.0,154483.0,1.7256330000000002,0.395804,SWE,BGD,6522
1224834,216,22,1047,2014.0,49697724.0,6527.0,1.111392,1.3500370000000002,THA,BGD,6522
1224835,223,22,1047,2014.0,120823.0,14033.0,0.45973800000000004,0.9595459999999999,TUN,BGD,6522
1224836,224,22,1047,2014.0,29587182.0,3403342.0,0.6641600000000001,2.091193,TUR,BGD,6522
1224837,231,22,1047,2014.0,156041.0,138816.0,1.569577,-0.293173,USA,BGD,6522
1224838,239,22,1047,2014.0,5071045.0,200977.0,0.135762,1.182052,VNM,BGD,6522
1224839,246,22,1047,2014.0,0.0,10559.0,0.156414,1.873848,ZAF,BGD,6522
1224840,249,22,1047,2014.0,6112498.0,0.0,1.850481,1.081809,TWN,BGD,6522
1224841,43,29,1047,2014.0,7759.0,0.0,1.316443,0.35039899999999996,CHN,BLZ,6522
1224842,59,29,1047,2014.0,1076266.0,0.0,1.761204,-0.148263,CZE,BLZ,6522
1224843,61,29,1047,2014.0,997158.0,0.0,2.106119,-3.225189,DEU,BLZ,6522
1224844,71,29,1047,2014.0,0.0,7943.0,0.9574159999999999,1.787233,ESP,BLZ,6522
1224845,93,29,1047,2014.0,12693.0,0.0,-0.24762199999999998,0.536379,GTM,BLZ,6522
1224846,128,29,1047,2014.0,82957.0,3626.0,-0.30641399999999996,0.29736799999999997,LKA,BLZ,6522
1224847,169,29,1047,2014.0,42600.0,0.0,0.8997200000000001,0.9699139999999999,PAN,BLZ,6522
1224848,222,29,1047,2014.0,10708.0,0.0,-0.582991,-1.055078,TTO,BLZ,6522
1224849,231,29,1047,2014.0,105539.0,0.0,1.569577,-0.293173,USA,BLZ,6522
1224850,8,31,1047,2014.0,4656.0,0.0,-0.047848,0.48062,ARG,BOL,6522
1224851,18,31,1047,2014.0,5155.0,0.0,1.182934,1.1967139999999998,BEL,BOL,6522
1224852,32,31,1047,2014.0,9891452.0,0.0,0.23286700000000002,0.968366,BRA,BOL,6522
1224853,39,31,1047,2014.0,6988.0,0.0,0.6145430000000001,1.1815360000000001,CAN,BOL,6522
1224854,42,31,1047,2014.0,32119790.0,0.0,-0.196236,-0.162428,CHL,BOL,6522
1224855,43,31,1047,2014.0,1722459.0,0.0,1.316443,0.35039899999999996,CHN,BOL,6522
1224856,49,31,1047,2014.0,13101.0,0.0,0.084348,-0.39008200000000004,COL,BOL,6522
1224857,61,31,1047,2014.0,90547.0,0.0,2.106119,-3.225189,DEU,BOL,6522
1224858,67,31,1047,2014.0,52317.0,0.0,-1.0520559999999999,-1.109638,ECU,BOL,6522
1224859,71,31,1047,2014.0,182854.0,0.0,0.9574159999999999,1.787233,ESP,BOL,6522
1224860,97,31,1047,2014.0,23794.0,0.0,0.9198440000000001,1.257131,HKG,BOL,6522
1224861,103,31,1047,2014.0,28801.0,0.0,0.068135,1.672437,IDN,BOL,6522
1224862,104,31,1047,2014.0,9228.0,0.0,0.236316,2.659173,IND,BOL,6522
1224863,111,31,1047,2014.0,7894.0,0.0,1.476328,-0.293302,ITA,BOL,6522
1224864,138,31,1047,2014.0,2079585.0,0.0,1.292327,0.713879,MEX,BOL,6522
1224865,160,31,1047,2014.0,363345.0,0.0,-0.85321,-0.796656,NIC,BOL,6522
1224866,162,31,1047,2014.0,35135.0,0.0,1.08881,1.320941,NLD,BOL,6522
1224867,168,31,1047,2014.0,1638.0,0.0,-0.595946,0.493716,PAK,BOL,6522
1224868,169,31,1047,2014.0,4313.0,0.0,0.8997200000000001,0.9699139999999999,PAN,BOL,6522
1224869,173,31,1047,2014.0,1068440.0,0.0,-0.617883,0.427092,PER,BOL,6522
1224870,180,31,1047,2014.0,381995.0,0.0,-0.612822,-0.8764139999999999,PRY,BOL,6522
1224871,216,31,1047,2014.0,180887.0,0.0,1.111392,1.3500370000000002,THA,BOL,6522
1224872,231,31,1047,2014.0,155357.0,1923.0,1.569577,-0.293173,USA,BOL,6522
1224873,236,31,1047,2014.0,0.0,2093848.0,-1.1668459999999998,-1.134262,VEN,BOL,6522
1224874,43,35,1047,2014.0,59382.0,0.0,1.316443,0.35039899999999996,CHN,BTN,6522
1224875,216,35,1047,2014.0,2343.0,0.0,1.111392,1.3500370000000002,THA,BTN,6522
1224876,43,37,1047,2014.0,328968.0,0.0,1.316443,0.35039899999999996,CHN,BWA,6522
1224877,81,37,1047,2014.0,1373.0,0.0,1.542804,0.915499,GBR,BWA,6522
1224878,97,37,1047,2014.0,32045.0,0.0,0.9198440000000001,1.257131,HKG,BWA,6522
1224879,104,37,1047,2014.0,51651.0,0.0,0.236316,2.659173,IND,BWA,6522
1224880,116,37,1047,2014.0,3784.0,0.0,-0.411786,0.219875,KEN,BWA,6522
1224881,151,37,1047,2014.0,17602.0,0.0,-0.055786,-0.1488,MUS,BWA,6522
1224882,155,37,1047,2014.0,4219.0,19064.0,-0.5218020000000001,-0.502617,NAM,BWA,6522
1224883,159,37,1047,2014.0,3036.0,0.0,-1.9012419999999999,-1.229264,NGA,BWA,6522
1224884,162,37,1047,2014.0,11005.0,0.0,1.08881,1.320941,NLD,BWA,6522
1224885,168,37,1047,2014.0,177427.0,0.0,-0.595946,0.493716,PAK,BWA,6522
1224886,209,37,1047,2014.0,4164.0,0.0,0.383407,-0.064228,SWZ,BWA,6522
1224887,216,37,1047,2014.0,6740.0,0.0,1.111392,1.3500370000000002,THA,BWA,6522
1224888,246,37,1047,2014.0,3045851.0,136020.0,0.156414,1.873848,ZAF,BWA,6522
1224889,248,37,1047,2014.0,57784.0,0.0,-0.732781,-0.875713,ZWE,BWA,6522
1224890,7,45,1047,2014.0,782436.0,0.0,-0.121018,-0.51841,ARE,CMR,6522
1224891,15,45,1047,2014.0,28337.0,0.0,1.782532,-0.84455,AUT,CMR,6522
1224892,18,45,1047,2014.0,486631.0,0.0,1.182934,1.1967139999999998,BEL,CMR,6522
1224893,19,45,1047,2014.0,0.0,23819.0,-0.461501,-0.7216819999999999,BEN,CMR,6522
1224894,38,45,1047,2014.0,0.0,21934.0,0.741726,0.502542,CAF,CMR,6522
1224895,41,45,1047,2014.0,98408.0,0.0,2.027022,0.780257,CHE,CMR,6522
1224896,43,45,1047,2014.0,38424600.0,0.0,1.316443,0.35039899999999996,CHN,CMR,6522
1224897,44,45,1047,2014.0,232391.0,0.0,-0.854784,-0.781877,CIV,CMR,6522
1224898,46,45,1047,2014.0,0.0,1154.0,-1.596912,-1.1239940000000002,COD,CMR,6522
1224899,47,45,1047,2014.0,0.0,36405.0,-1.359593,-1.101705,COG,CMR,6522
1224900,61,45,1047,2014.0,1295.0,0.0,2.106119,-3.225189,DEU,CMR,6522
1224901,71,45,1047,2014.0,2038.0,0.0,0.9574159999999999,1.787233,ESP,CMR,6522
1224902,77,45,1047,2014.0,111113.0,0.0,1.432323,0.43023,FRA,CMR,6522
1224903,80,45,1047,2014.0,0.0,51641.0,-1.354381,-1.100019,GAB,CMR,6522
1224904,81,45,1047,2014.0,0.0,3653.0,1.542804,0.915499,GBR,CMR,6522
1224905,89,45,1047,2014.0,0.0,10922.0,-2.26689,-0.896274,GNQ,CMR,6522
1224906,97,45,1047,2014.0,678632.0,0.0,0.9198440000000001,1.257131,HKG,CMR,6522
1224907,104,45,1047,2014.0,1801345.0,0.0,0.236316,2.659173,IND,CMR,6522
1224908,153,45,1047,2014.0,6218.0,0.0,0.995226,0.7797810000000001,MYS,CMR,6522
1224909,159,45,1047,2014.0,509339.0,0.0,-1.9012419999999999,-1.229264,NGA,CMR,6522
1224910,162,45,1047,2014.0,629414.0,0.0,1.08881,1.320941,NLD,CMR,6522
1224911,164,45,1047,2014.0,0.0,2881.0,-0.083094,0.349348,NPL,CMR,6522
1224912,168,45,1047,2014.0,1928523.0,0.0,-0.595946,0.493716,PAK,CMR,6522
1224913,214,45,1047,2014.0,0.0,38358.0,-2.592004,-1.008548,TCD,CMR,6522
1224914,215,45,1047,2014.0,208228.0,0.0,-0.58937,-0.43368,TGO,CMR,6522
1224915,216,45,1047,2014.0,269753.0,0.0,1.111392,1.3500370000000002,THA,CMR,6522
1224916,224,45,1047,2014.0,8767.0,0.0,0.6641600000000001,2.091193,TUR,CMR,6522
1224917,231,45,1047,2014.0,67580.0,0.0,1.569577,-0.293173,USA,CMR,6522
1224918,2,46,1047,2014.0,0.0,70201.0,-1.547068,-1.121438,AGO,COD,6522
1224919,7,46,1047,2014.0,17705.0,0.0,-0.121018,-0.51841,ARE,COD,6522
1224920,17,46,1047,2014.0,0.0,16968.0,-0.13325599999999999,-0.853491,BDI,COD,6522
1224921,18,46,1047,2014.0,3797444.0,24079.0,1.182934,1.1967139999999998,BEL,COD,6522
1224922,19,46,1047,2014.0,24619.0,0.0,-0.461501,-0.7216819999999999,BEN,COD,6522
1224923,43,46,1047,2014.0,45321176.0,0.0,1.316443,0.35039899999999996,CHN,COD,6522
1224924,44,46,1047,2014.0,247938.0,0.0,-0.854784,-0.781877,CIV,COD,6522
1224925,45,46,1047,2014.0,1154.0,0.0,-0.726413,-0.927583,CMR,COD,6522
1224926,71,46,1047,2014.0,3416.0,0.0,0.9574159999999999,1.787233,ESP,COD,6522
1224927,97,46,1047,2014.0,15173.0,0.0,0.9198440000000001,1.257131,HKG,COD,6522
1224928,103,46,1047,2014.0,20971.0,0.0,0.068135,1.672437,IDN,COD,6522
1224929,104,46,1047,2014.0,11696822.0,0.0,0.236316,2.659173,IND,COD,6522
1224930,111,46,1047,2014.0,51220.0,0.0,1.476328,-0.293302,ITA,COD,6522
1224931,155,46,1047,2014.0,0.0,1216.0,-0.5218020000000001,-0.502617,NAM,COD,6522
1224932,162,46,1047,2014.0,18597920.0,0.0,1.08881,1.320941,NLD,COD,6522
1224933,187,46,1047,2014.0,1215.0,823222.0,-0.475152,-0.390083,RWA,COD,6522
1224934,227,46,1047,2014.0,690198.0,19109.0,-0.505738,0.49837200000000004,UGA,COD,6522
1224935,246,46,1047,2014.0,9233.0,1288.0,0.156414,1.873848,ZAF,COD,6522
1224936,247,46,1047,2014.0,4480.0,0.0,-0.506171,-0.680445,ZMB,COD,6522
1224937,7,47,1047,2014.0,52424.0,0.0,-0.121018,-0.51841,ARE,COG,6522
1224938,18,47,1047,2014.0,810202.0,0.0,1.182934,1.1967139999999998,BEL,COG,6522
1224939,32,47,1047,2014.0,4246.0,0.0,0.23286700000000002,0.968366,BRA,COG,6522
1224940,39,47,1047,2014.0,4070.0,0.0,0.6145430000000001,1.1815360000000001,CAN,COG,6522
1224941,43,47,1047,2014.0,39572156.0,0.0,1.316443,0.35039899999999996,CHN,COG,6522
1224942,44,47,1047,2014.0,1002969.0,0.0,-0.854784,-0.781877,CIV,COG,6522
1224943,45,47,1047,2014.0,36405.0,0.0,-0.726413,-0.927583,CMR,COG,6522
1224944,59,47,1047,2014.0,66251.0,0.0,1.761204,-0.148263,CZE,COG,6522
1224945,77,47,1047,2014.0,56570.0,0.0,1.432323,0.43023,FRA,COG,6522
1224946,81,47,1047,2014.0,6121.0,0.0,1.542804,0.915499,GBR,COG,6522
1224947,97,47,1047,2014.0,24959.0,0.0,0.9198440000000001,1.257131,HKG,COG,6522
1224948,104,47,1047,2014.0,3376529.0,0.0,0.236316,2.659173,IND,COG,6522
1224949,111,47,1047,2014.0,16217.0,0.0,1.476328,-0.293302,ITA,COG,6522
1224950,116,47,1047,2014.0,1955.0,0.0,-0.411786,0.219875,KEN,COG,6522
1224951,124,47,1047,2014.0,1744.0,0.0,0.32006799999999996,1.666039,LBN,COG,6522
1224952,134,47,1047,2014.0,2668.0,0.0,-0.429457,0.039947,MAR,COG,6522
1224953,159,47,1047,2014.0,268340.0,0.0,-1.9012419999999999,-1.229264,NGA,COG,6522
1224954,162,47,1047,2014.0,99516.0,0.0,1.08881,1.320941,NLD,COG,6522
1224955,191,47,1047,2014.0,1595.0,0.0,-0.509239,0.002353,SEN,COG,6522
1224956,215,47,1047,2014.0,134012.0,0.0,-0.58937,-0.43368,TGO,COG,6522
1224957,216,47,1047,2014.0,212473.0,0.0,1.111392,1.3500370000000002,THA,COG,6522
1224958,226,47,1047,2014.0,0.0,4693.0,-0.909005,0.511175,TZA,COG,6522
1224959,231,47,1047,2014.0,4058.0,3184.0,1.569577,-0.293173,USA,COG,6522
1224960,246,47,1047,2014.0,22352.0,0.0,0.156414,1.873848,ZAF,COG,6522
1224961,43,51,1047,2014.0,171266.0,0.0,1.316443,0.35039899999999996,CHN,CPV,6522
1224962,71,51,1047,2014.0,1626.0,0.0,0.9574159999999999,1.787233,ESP,CPV,6522
1224963,111,51,1047,2014.0,64673.0,0.0,1.476328,-0.293302,ITA,CPV,6522
1224964,179,51,1047,2014.0,1339197.0,0.0,0.763352,2.041559,PRT,CPV,6522
1224965,191,51,1047,2014.0,8166.0,0.0,-0.509239,0.002353,SEN,CPV,6522
1224966,43,54,1047,2014.0,10263989.0,0.0,1.316443,0.35039899999999996,CHN,CUB,6522
1224967,49,54,1047,2014.0,30565.0,0.0,0.084348,-0.39008200000000004,COL,CUB,6522
1224968,71,54,1047,2014.0,844791.0,0.0,0.9574159999999999,1.787233,ESP,CUB,6522
1224969,111,54,1047,2014.0,284116.0,0.0,1.476328,-0.293302,ITA,CUB,6522
1224970,121,54,1047,2014.0,6878.0,0.0,1.9642650000000001,0.86425,KOR,CUB,6522
1224971,138,54,1047,2014.0,12832.0,0.0,1.292327,0.713879,MEX,CUB,6522
1224972,168,54,1047,2014.0,863149.0,0.0,-0.595946,0.493716,PAK,CUB,6522
1224973,169,54,1047,2014.0,19009.0,0.0,0.8997200000000001,0.9699139999999999,PAN,CUB,6522
1224974,15,62,1047,2014.0,21019.0,0.0,1.782532,-0.84455,AUT,DJI,6522
1224975,41,62,1047,2014.0,28449.0,0.0,2.027022,0.780257,CHE,DJI,6522
1224976,43,62,1047,2014.0,1630478.0,0.0,1.316443,0.35039899999999996,CHN,DJI,6522
1224977,104,62,1047,2014.0,657462.0,0.0,0.236316,2.659173,IND,DJI,6522
1224978,168,62,1047,2014.0,2333572.0,0.0,-0.595946,0.493716,PAK,DJI,6522
1224979,249,62,1047,2014.0,8626.0,0.0,1.850481,1.081809,TWN,DJI,6522
1224980,7,66,1047,2014.0,266442.0,0.0,-0.121018,-0.51841,ARE,DZA,6522
1224981,18,66,1047,2014.0,269262.0,0.0,1.182934,1.1967139999999998,BEL,DZA,6522
1224982,22,66,1047,2014.0,135122.0,0.0,-0.76547,-0.9645469999999999,BGD,DZA,6522
1224983,39,66,1047,2014.0,3930.0,0.0,0.6145430000000001,1.1815360000000001,CAN,DZA,6522
1224984,43,66,1047,2014.0,13745159.0,0.0,1.316443,0.35039899999999996,CHN,DZA,6522
1224985,59,66,1047,2014.0,57341.0,0.0,1.761204,-0.148263,CZE,DZA,6522
1224986,61,66,1047,2014.0,63425.0,0.0,2.106119,-3.225189,DEU,DZA,6522
1224987,68,66,1047,2014.0,1893107.0,0.0,-0.036009,2.027503,EGY,DZA,6522
1224988,71,66,1047,2014.0,1215585.0,0.0,0.9574159999999999,1.787233,ESP,DZA,6522
1224989,77,66,1047,2014.0,1238956.0,0.0,1.432323,0.43023,FRA,DZA,6522
1224990,81,66,1047,2014.0,111224.0,0.0,1.542804,0.915499,GBR,DZA,6522
1224991,104,66,1047,2014.0,3427433.0,0.0,0.236316,2.659173,IND,DZA,6522
1224992,111,66,1047,2014.0,156248.0,0.0,1.476328,-0.293302,ITA,DZA,6522
1224993,121,66,1047,2014.0,43176.0,0.0,1.9642650000000001,0.86425,KOR,DZA,6522
1224994,124,66,1047,2014.0,25406.0,0.0,0.32006799999999996,1.666039,LBN,DZA,6522
1224995,134,66,1047,2014.0,96034.0,0.0,-0.429457,0.039947,MAR,DZA,6522
1224996,162,66,1047,2014.0,42595.0,0.0,1.08881,1.320941,NLD,DZA,6522
1224997,168,66,1047,2014.0,6332908.0,0.0,-0.595946,0.493716,PAK,DZA,6522
1224998,177,66,1047,2014.0,1599.0,0.0,1.1328690000000001,1.043185,POL,DZA,6522
1224999,179,66,1047,2014.0,600394.0,0.0,0.763352,2.041559,PRT,DZA,6522
1225000,216,66,1047,2014.0,156080.0,0.0,1.111392,1.3500370000000002,THA,DZA,6522
1225001,223,66,1047,2014.0,103791.0,0.0,0.45973800000000004,0.9595459999999999,TUN,DZA,6522
1225002,224,66,1047,2014.0,4465260.0,0.0,0.6641600000000001,2.091193,TUR,DZA,6522
1225003,7,73,1047,2014.0,67591.0,0.0,-0.121018,-0.51841,ARE,ETH,6522
1225004,15,73,1047,2014.0,0.0,13873.0,1.782532,-0.84455,AUT,ETH,6522
1225005,18,73,1047,2014.0,0.0,1834.0,1.182934,1.1967139999999998,BEL,ETH,6522
1225006,39,73,1047,2014.0,0.0,13135.0,0.6145430000000001,1.1815360000000001,CAN,ETH,6522
1225007,43,73,1047,2014.0,881950.0,53624.0,1.316443,0.35039899999999996,CHN,ETH,6522
1225008,59,73,1047,2014.0,0.0,16399.0,1.761204,-0.148263,CZE,ETH,6522
1225009,61,73,1047,2014.0,0.0,494632.0,2.106119,-3.225189,DEU,ETH,6522
1225010,81,73,1047,2014.0,3744.0,188636.0,1.542804,0.915499,GBR,ETH,6522
1225011,97,73,1047,2014.0,226332.0,0.0,0.9198440000000001,1.257131,HKG,ETH,6522
1225012,104,73,1047,2014.0,91911.0,0.0,0.236316,2.659173,IND,ETH,6522
1225013,106,73,1047,2014.0,5662.0,0.0,1.3749790000000002,0.41131899999999993,IRL,ETH,6522
1225014,111,73,1047,2014.0,110179.0,1302130.0,1.476328,-0.293302,ITA,ETH,6522
1225015,116,73,1047,2014.0,50974.0,0.0,-0.411786,0.219875,KEN,ETH,6522
1225016,121,73,1047,2014.0,48572.0,0.0,1.9642650000000001,0.86425,KOR,ETH,6522
1225017,162,73,1047,2014.0,0.0,89197.0,1.08881,1.320941,NLD,ETH,6522
1225018,163,73,1047,2014.0,0.0,68242.0,0.678424,0.137871,NOR,ETH,6522
1225019,168,73,1047,2014.0,196852.0,0.0,-0.595946,0.493716,PAK,ETH,6522
1225020,223,73,1047,2014.0,3394.0,0.0,0.45973800000000004,0.9595459999999999,TUN,ETH,6522
1225021,224,73,1047,2014.0,337806.0,4068766.0,0.6641600000000001,2.091193,TUR,ETH,6522
1225022,228,73,1047,2014.0,0.0,12134.0,0.505369,1.07634,UKR,ETH,6522
1225023,231,73,1047,2014.0,1178.0,416823.0,1.569577,-0.293173,USA,ETH,6522
1225024,250,73,1047,2014.0,1137358.0,0.0,0.426964,0.138883,ANS,ETH,6522
1225025,7,80,1047,2014.0,26388.0,0.0,-0.121018,-0.51841,ARE,GAB,6522
1225026,18,80,1047,2014.0,34211.0,0.0,1.182934,1.1967139999999998,BEL,GAB,6522
1225027,19,80,1047,2014.0,42213.0,0.0,-0.461501,-0.7216819999999999,BEN,GAB,6522
1225028,43,80,1047,2014.0,7408588.0,0.0,1.316443,0.35039899999999996,CHN,GAB,6522
1225029,44,80,1047,2014.0,724095.0,0.0,-0.854784,-0.781877,CIV,GAB,6522
1225030,45,80,1047,2014.0,51641.0,0.0,-0.726413,-0.927583,CMR,GAB,6522
1225031,59,80,1047,2014.0,73482.0,0.0,1.761204,-0.148263,CZE,GAB,6522
1225032,71,80,1047,2014.0,54361.0,0.0,0.9574159999999999,1.787233,ESP,GAB,6522
1225033,77,80,1047,2014.0,93402.0,0.0,1.432323,0.43023,FRA,GAB,6522
1225034,97,80,1047,2014.0,13880.0,0.0,0.9198440000000001,1.257131,HKG,GAB,6522
1225035,103,80,1047,2014.0,24296.0,0.0,0.068135,1.672437,IDN,GAB,6522
1225036,104,80,1047,2014.0,2584870.0,0.0,0.236316,2.659173,IND,GAB,6522
1225037,124,80,1047,2014.0,6217.0,0.0,0.32006799999999996,1.666039,LBN,GAB,6522
1225038,168,80,1047,2014.0,319311.0,0.0,-0.595946,0.493716,PAK,GAB,6522
1225039,201,80,1047,2014.0,2195.0,0.0,0.6017979999999999,1.328124,SRB,GAB,6522
1225040,203,80,1047,2014.0,0.0,1404.0,1.227559,0.23416399999999998,STP,GAB,6522
1225041,215,80,1047,2014.0,37370256.0,0.0,-0.58937,-0.43368,TGO,GAB,6522
1225042,216,80,1047,2014.0,1728394.0,0.0,1.111392,1.3500370000000002,THA,GAB,6522
1225043,224,80,1047,2014.0,69531.0,0.0,0.6641600000000001,2.091193,TUR,GAB,6522
1225044,7,83,1047,2014.0,48362.0,0.0,-0.121018,-0.51841,ARE,GHA,6522
1225045,15,83,1047,2014.0,44420.0,0.0,1.782532,-0.84455,AUT,GHA,6522
1225046,18,83,1047,2014.0,455958.0,0.0,1.182934,1.1967139999999998,BEL,GHA,6522
1225047,19,83,1047,2014.0,0.0,2461162.0,-0.461501,-0.7216819999999999,BEN,GHA,6522
1225048,21,83,1047,2014.0,0.0,738892.0,-0.7933279999999999,-0.872791,BFA,GHA,6522
1225049,41,83,1047,2014.0,78594.0,1574.0,2.027022,0.780257,CHE,GHA,6522
1225050,43,83,1047,2014.0,58057520.0,71965.0,1.316443,0.35039899999999996,CHN,GHA,6522
1225051,44,83,1047,2014.0,2010606.0,7825438.0,-0.854784,-0.781877,CIV,GHA,6522
1225052,71,83,1047,2014.0,29455.0,0.0,0.9574159999999999,1.787233,ESP,GHA,6522
1225053,77,83,1047,2014.0,1685.0,0.0,1.432323,0.43023,FRA,GHA,6522
1225054,81,83,1047,2014.0,99692.0,5419.0,1.542804,0.915499,GBR,GHA,6522
1225055,85,83,1047,2014.0,0.0,2490.0,-1.7494900000000002,-1.224512,GIN,GHA,6522
1225056,97,83,1047,2014.0,0.0,7406.0,0.9198440000000001,1.257131,HKG,GHA,6522
1225057,103,83,1047,2014.0,76252.0,0.0,0.068135,1.672437,IDN,GHA,6522
1225058,104,83,1047,2014.0,10886731.0,0.0,0.236316,2.659173,IND,GHA,6522
1225059,111,83,1047,2014.0,6952.0,0.0,1.476328,-0.293302,ITA,GHA,6522
1225060,157,83,1047,2014.0,107784.0,235896.0,-0.709151,-0.869426,NER,GHA,6522
1225061,162,83,1047,2014.0,7126974.0,0.0,1.08881,1.320941,NLD,GHA,6522
1225062,168,83,1047,2014.0,3160360.0,0.0,-0.595946,0.493716,PAK,GHA,6522
1225063,208,83,1047,2014.0,3800.0,0.0,1.7256330000000002,0.395804,SWE,GHA,6522
1225064,215,83,1047,2014.0,0.0,1444405.0,-0.58937,-0.43368,TGO,GHA,6522
1225065,216,83,1047,2014.0,16767.0,0.0,1.111392,1.3500370000000002,THA,GHA,6522
1225066,224,83,1047,2014.0,53683.0,0.0,0.6641600000000001,2.091193,TUR,GHA,6522
1225067,226,83,1047,2014.0,0.0,3469.0,-0.909005,0.511175,TZA,GHA,6522
1225068,231,83,1047,2014.0,20000.0,12938.0,1.569577,-0.293173,USA,GHA,6522
1225069,246,83,1047,2014.0,1195.0,0.0,0.156414,1.873848,ZAF,GHA,6522
1225070,248,83,1047,2014.0,0.0,4827.0,-0.732781,-0.875713,ZWE,GHA,6522
1225071,71,84,1047,2014.0,50563.0,0.0,0.9574159999999999,1.787233,ESP,GIB,6522
1225072,81,84,1047,2014.0,46999.0,0.0,1.542804,0.915499,GBR,GIB,6522
1225073,7,85,1047,2014.0,20901.0,0.0,-0.121018,-0.51841,ARE,GIN,6522
1225074,15,85,1047,2014.0,78023.0,0.0,1.782532,-0.84455,AUT,GIN,6522
1225075,18,85,1047,2014.0,12934.0,0.0,1.182934,1.1967139999999998,BEL,GIN,6522
1225076,43,85,1047,2014.0,64013788.0,0.0,1.316443,0.35039899999999996,CHN,GIN,6522
1225077,44,85,1047,2014.0,1973494.0,0.0,-0.854784,-0.781877,CIV,GIN,6522
1225078,59,85,1047,2014.0,493318.0,0.0,1.761204,-0.148263,CZE,GIN,6522
1225079,61,85,1047,2014.0,21251.0,0.0,2.106119,-3.225189,DEU,GIN,6522
1225080,77,85,1047,2014.0,6996.0,0.0,1.432323,0.43023,FRA,GIN,6522
1225081,83,85,1047,2014.0,2490.0,0.0,-1.1140299999999999,-1.0711700000000002,GHA,GIN,6522
1225082,87,85,1047,2014.0,0.0,7744.0,-0.79725,-0.8249059999999999,GMB,GIN,6522
1225083,97,85,1047,2014.0,431931.0,0.0,0.9198440000000001,1.257131,HKG,GIN,6522
1225084,103,85,1047,2014.0,5530.0,0.0,0.068135,1.672437,IDN,GIN,6522
1225085,104,85,1047,2014.0,2579462.0,0.0,0.236316,2.659173,IND,GIN,6522
1225086,134,85,1047,2014.0,5619.0,0.0,-0.429457,0.039947,MAR,GIN,6522
1225087,162,85,1047,2014.0,2470510.0,0.0,1.08881,1.320941,NLD,GIN,6522
1225088,216,85,1047,2014.0,8129.0,0.0,1.111392,1.3500370000000002,THA,GIN,6522
1225089,239,85,1047,2014.0,14366.0,0.0,0.135762,1.182052,VNM,GIN,6522
1225090,32,89,1047,2014.0,116622.0,0.0,0.23286700000000002,0.968366,BRA,GNQ,6522
1225091,43,89,1047,2014.0,318348.0,0.0,1.316443,0.35039899999999996,CHN,GNQ,6522
1225092,44,89,1047,2014.0,19162.0,0.0,-0.854784,-0.781877,CIV,GNQ,6522
1225093,45,89,1047,2014.0,10922.0,0.0,-0.726413,-0.927583,CMR,GNQ,6522
1225094,71,89,1047,2014.0,125435.0,0.0,0.9574159999999999,1.787233,ESP,GNQ,6522
1225095,77,89,1047,2014.0,1317.0,0.0,1.432323,0.43023,FRA,GNQ,6522
1225096,81,89,1047,2014.0,3193.0,0.0,1.542804,0.915499,GBR,GNQ,6522
1225097,111,89,1047,2014.0,6642.0,0.0,1.476328,-0.293302,ITA,GNQ,6522
1225098,134,89,1047,2014.0,29976.0,0.0,-0.429457,0.039947,MAR,GNQ,6522
1225099,162,89,1047,2014.0,52125.0,0.0,1.08881,1.320941,NLD,GNQ,6522
1225100,215,89,1047,2014.0,8610.0,0.0,-0.58937,-0.43368,TGO,GNQ,6522
1225101,4,100,1047,2014.0,0.0,7615.0,-0.44000200000000006,-0.168443,ALB,HRV,6522
1225102,7,100,1047,2014.0,0.0,9713.0,-0.121018,-0.51841,ARE,HRV,6522
1225103,15,100,1047,2014.0,1014466.0,307076.0,1.782532,-0.84455,AUT,HRV,6522
1225104,18,100,1047,2014.0,262515.0,0.0,1.182934,1.1967139999999998,BEL,HRV,6522
1225105,23,100,1047,2014.0,17131.0,1428.0,0.611912,1.594597,BGR,HRV,6522
1225106,24,100,1047,2014.0,0.0,3219.0,0.087173,-0.542374,BHR,HRV,6522
1225107,26,100,1047,2014.0,4658.0,778457.0,0.737556,0.9815530000000001,BIH,HRV,6522
1225108,41,100,1047,2014.0,54676.0,75105.0,2.027022,0.780257,CHE,HRV,6522
1225109,43,100,1047,2014.0,2382990.0,0.0,1.316443,0.35039899999999996,CHN,HRV,6522
1225110,59,100,1047,2014.0,289914.0,0.0,1.761204,-0.148263,CZE,HRV,6522
1225111,61,100,1047,2014.0,5187018.0,3334392.0,2.106119,-3.225189,DEU,HRV,6522
1225112,68,100,1047,2014.0,27686.0,0.0,-0.036009,2.027503,EGY,HRV,6522
1225113,71,100,1047,2014.0,1533603.0,2853.0,0.9574159999999999,1.787233,ESP,HRV,6522
1225114,72,100,1047,2014.0,3741.0,0.0,1.022704,1.175645,EST,HRV,6522
1225115,77,100,1047,2014.0,89488.0,1226.0,1.432323,0.43023,FRA,HRV,6522
1225116,81,100,1047,2014.0,26708.0,3993.0,1.542804,0.915499,GBR,HRV,6522
1225117,90,100,1047,2014.0,107833.0,0.0,0.064193,0.955633,GRC,HRV,6522
1225118,97,100,1047,2014.0,64519.0,0.0,0.9198440000000001,1.257131,HKG,HRV,6522
1225119,102,100,1047,2014.0,408935.0,90218.0,1.713536,0.5681729999999999,HUN,HRV,6522
1225120,104,100,1047,2014.0,428767.0,0.0,0.236316,2.659173,IND,HRV,6522
1225121,110,100,1047,2014.0,124518.0,0.0,0.9753860000000001,0.810342,ISR,HRV,6522
1225122,111,100,1047,2014.0,4846993.0,23672.0,1.476328,-0.293302,ITA,HRV,6522
1225123,121,100,1047,2014.0,1431.0,0.0,1.9642650000000001,0.86425,KOR,HRV,6522
1225124,130,100,1047,2014.0,5840.0,0.0,0.679488,1.558981,LTU,HRV,6522
1225125,132,100,1047,2014.0,7063.0,0.0,0.6501,1.35321,LVA,HRV,6522
1225126,134,100,1047,2014.0,0.0,81666.0,-0.429457,0.039947,MAR,HRV,6522
1225127,135,100,1047,2014.0,1574146.0,0.0,0.031916,0.24264499999999997,MDA,HRV,6522
1225128,140,100,1047,2014.0,70122.0,72945.0,-0.216313,-0.214403,MKD,HRV,6522
1225129,144,100,1047,2014.0,0.0,5569.0,-0.007741,0.018085,MNE,HRV,6522
1225130,162,100,1047,2014.0,426007.0,0.0,1.08881,1.320941,NLD,HRV,6522
1225131,168,100,1047,2014.0,1640948.0,0.0,-0.595946,0.493716,PAK,HRV,6522
1225132,177,100,1047,2014.0,247012.0,32350.0,1.1328690000000001,1.043185,POL,HRV,6522
1225133,179,100,1047,2014.0,25875.0,0.0,0.763352,2.041559,PRT,HRV,6522
1225134,185,100,1047,2014.0,5262.0,0.0,1.0837940000000001,1.199571,ROU,HRV,6522
1225135,186,100,1047,2014.0,1576.0,0.0,-0.006737000000000001,-0.172237,RUS,HRV,6522
1225136,201,100,1047,2014.0,199063.0,210950.0,0.6017979999999999,1.328124,SRB,HRV,6522
1225137,207,100,1047,2014.0,1336468.0,116863.0,1.554693,0.633504,SVN,HRV,6522
1225138,208,100,1047,2014.0,9925.0,0.0,1.7256330000000002,0.395804,SWE,HRV,6522
1225139,224,100,1047,2014.0,2100480.0,8384.0,0.6641600000000001,2.091193,TUR,HRV,6522
1225140,231,100,1047,2014.0,19158.0,0.0,1.569577,-0.293173,USA,HRV,6522
1225141,250,100,1047,2014.0,7454.0,0.0,0.426964,0.138883,ANS,HRV,6522
1225142,7,108,1047,2014.0,1048327.0,0.0,-0.121018,-0.51841,ARE,IRQ,6522
1225143,43,108,1047,2014.0,2777943.0,0.0,1.316443,0.35039899999999996,CHN,IRQ,6522
1225144,68,108,1047,2014.0,687150.0,0.0,-0.036009,2.027503,EGY,IRQ,6522
1225145,107,108,1047,2014.0,855425.0,0.0,-0.47744899999999996,-0.429676,IRN,IRQ,6522
1225146,111,108,1047,2014.0,9069.0,0.0,1.476328,-0.293302,ITA,IRQ,6522
1225147,121,108,1047,2014.0,62138.0,0.0,1.9642650000000001,0.86425,KOR,IRQ,6522
1225148,124,108,1047,2014.0,25131.0,0.0,0.32006799999999996,1.666039,LBN,IRQ,6522
1225149,162,108,1047,2014.0,1550.0,0.0,1.08881,1.320941,NLD,IRQ,6522
1225150,168,108,1047,2014.0,28998.0,0.0,-0.595946,0.493716,PAK,IRQ,6522
1225151,216,108,1047,2014.0,14085.0,0.0,1.111392,1.3500370000000002,THA,IRQ,6522
1225152,224,108,1047,2014.0,2181645.0,150016.0,0.6641600000000001,2.091193,TUR,IRQ,6522
1225153,249,108,1047,2014.0,18770.0,0.0,1.850481,1.081809,TWN,IRQ,6522
1225154,15,109,1047,2014.0,6218.0,0.0,1.782532,-0.84455,AUT,ISL,6522
1225155,18,109,1047,2014.0,35763.0,0.0,1.182934,1.1967139999999998,BEL,ISL,6522
1225156,39,109,1047,2014.0,3573.0,0.0,0.6145430000000001,1.1815360000000001,CAN,ISL,6522
1225157,43,109,1047,2014.0,52633.0,0.0,1.316443,0.35039899999999996,CHN,ISL,6522
1225158,59,109,1047,2014.0,66869.0,12416.0,1.761204,-0.148263,CZE,ISL,6522
1225159,61,109,1047,2014.0,115100.0,0.0,2.106119,-3.225189,DEU,ISL,6522
1225160,64,109,1047,2014.0,76836.0,0.0,1.15411,1.160462,DNK,ISL,6522
1225161,72,109,1047,2014.0,1480.0,0.0,1.022704,1.175645,EST,ISL,6522
1225162,74,109,1047,2014.0,2050.0,0.0,1.591758,0.9737819999999999,FIN,ISL,6522
1225163,81,109,1047,2014.0,132085.0,8819.0,1.542804,0.915499,GBR,ISL,6522
1225164,102,109,1047,2014.0,1477.0,0.0,1.713536,0.5681729999999999,HUN,ISL,6522
1225165,104,109,1047,2014.0,12985.0,0.0,0.236316,2.659173,IND,ISL,6522
1225166,110,109,1047,2014.0,0.0,5067.0,0.9753860000000001,0.810342,ISR,ISL,6522
1225167,111,109,1047,2014.0,43893.0,0.0,1.476328,-0.293302,ITA,ISL,6522
1225168,114,109,1047,2014.0,11555.0,0.0,2.297789,-0.58585,JPN,ISL,6522
1225169,121,109,1047,2014.0,4437.0,0.0,1.9642650000000001,0.86425,KOR,ISL,6522
1225170,131,109,1047,2014.0,2320.0,0.0,1.093816,1.270669,LUX,ISL,6522
1225171,142,109,1047,2014.0,4096.0,0.0,0.8871379999999999,0.088535,MLT,ISL,6522
1225172,162,109,1047,2014.0,90490.0,0.0,1.08881,1.320941,NLD,ISL,6522
1225173,163,109,1047,2014.0,15668.0,2820.0,0.678424,0.137871,NOR,ISL,6522
1225174,168,109,1047,2014.0,2050.0,0.0,-0.595946,0.493716,PAK,ISL,6522
1225175,179,109,1047,2014.0,14230.0,0.0,0.763352,2.041559,PRT,ISL,6522
1225176,186,109,1047,2014.0,2178.0,0.0,-0.006737000000000001,-0.172237,RUS,ISL,6522
1225177,206,109,1047,2014.0,0.0,5931.0,1.525525,0.773486,SVK,ISL,6522
1225178,208,109,1047,2014.0,63725.0,0.0,1.7256330000000002,0.395804,SWE,ISL,6522
1225179,216,109,1047,2014.0,7391.0,0.0,1.111392,1.3500370000000002,THA,ISL,6522
1225180,224,109,1047,2014.0,4782.0,0.0,0.6641600000000001,2.091193,TUR,ISL,6522
1225181,231,109,1047,2014.0,89298.0,0.0,1.569577,-0.293173,USA,ISL,6522
1225182,249,109,1047,2014.0,2883.0,0.0,1.850481,1.081809,TWN,ISL,6522
1225183,7,116,1047,2014.0,84242.0,22878.0,-0.121018,-0.51841,ARE,KEN,6522
1225184,17,116,1047,2014.0,0.0,15602.0,-0.13325599999999999,-0.853491,BDI,KEN,6522
1225185,18,116,1047,2014.0,3869.0,0.0,1.182934,1.1967139999999998,BEL,KEN,6522
1225186,37,116,1047,2014.0,0.0,3784.0,-0.7467630000000001,-1.1369690000000001,BWA,KEN,6522
1225187,43,116,1047,2014.0,94026048.0,0.0,1.316443,0.35039899999999996,CHN,KEN,6522
1225188,47,116,1047,2014.0,0.0,1955.0,-1.359593,-1.101705,COG,KEN,6522
1225189,49,116,1047,2014.0,82482.0,0.0,0.084348,-0.39008200000000004,COL,KEN,6522
1225190,61,116,1047,2014.0,8415.0,0.0,2.106119,-3.225189,DEU,KEN,6522
1225191,68,116,1047,2014.0,213268.0,0.0,-0.036009,2.027503,EGY,KEN,6522
1225192,71,116,1047,2014.0,0.0,1262.0,0.9574159999999999,1.787233,ESP,KEN,6522
1225193,73,116,1047,2014.0,0.0,50974.0,-1.147242,-0.986643,ETH,KEN,6522
1225194,81,116,1047,2014.0,145504.0,2268.0,1.542804,0.915499,GBR,KEN,6522
1225195,90,116,1047,2014.0,7450.0,0.0,0.064193,0.955633,GRC,KEN,6522
1225196,97,116,1047,2014.0,2532863.0,6479.0,0.9198440000000001,1.257131,HKG,KEN,6522
1225197,104,116,1047,2014.0,5711913.0,0.0,0.236316,2.659173,IND,KEN,6522
1225198,111,116,1047,2014.0,13348.0,2697.0,1.476328,-0.293302,ITA,KEN,6522
1225199,114,116,1047,2014.0,7403.0,17774.0,2.297789,-0.58585,JPN,KEN,6522
1225200,136,116,1047,2014.0,23031.0,0.0,-0.690485,-0.5090020000000001,MDG,KEN,6522
1225201,151,116,1047,2014.0,64040.0,0.0,-0.055786,-0.1488,MUS,KEN,6522
1225202,152,116,1047,2014.0,0.0,1686.0,-0.457027,-0.588539,MWI,KEN,6522
1225203,153,116,1047,2014.0,1782.0,0.0,0.995226,0.7797810000000001,MYS,KEN,6522
1225204,159,116,1047,2014.0,244226.0,0.0,-1.9012419999999999,-1.229264,NGA,KEN,6522
1225205,162,116,1047,2014.0,1628.0,0.0,1.08881,1.320941,NLD,KEN,6522
1225206,168,116,1047,2014.0,12758986.0,0.0,-0.595946,0.493716,PAK,KEN,6522
1225207,187,116,1047,2014.0,0.0,64536.0,-0.475152,-0.390083,RWA,KEN,6522
1225208,216,116,1047,2014.0,228045.0,0.0,1.111392,1.3500370000000002,THA,KEN,6522
1225209,224,116,1047,2014.0,55386.0,0.0,0.6641600000000001,2.091193,TUR,KEN,6522
1225210,226,116,1047,2014.0,837707.0,34402.0,-0.909005,0.511175,TZA,KEN,6522
1225211,227,116,1047,2014.0,0.0,27714.0,-0.505738,0.49837200000000004,UGA,KEN,6522
1225212,231,116,1047,2014.0,0.0,1821.0,1.569577,-0.293173,USA,KEN,6522
1225213,239,116,1047,2014.0,0.0,32704.0,0.135762,1.182052,VNM,KEN,6522
1225214,246,116,1047,2014.0,4700.0,16068.0,0.156414,1.873848,ZAF,KEN,6522
1225215,247,116,1047,2014.0,0.0,18507.0,-0.506171,-0.680445,ZMB,KEN,6522
1225216,248,116,1047,2014.0,0.0,1193.0,-0.732781,-0.875713,ZWE,KEN,6522
1225217,249,116,1047,2014.0,147043.0,0.0,1.850481,1.081809,TWN,KEN,6522
1225218,7,118,1047,2014.0,0.0,76390.0,-0.121018,-0.51841,ARE,KHM,6522
1225219,14,118,1047,2014.0,0.0,646804.0,-0.587779,-0.29813,AUS,KHM,6522
1225220,15,118,1047,2014.0,110855.0,0.0,1.782532,-0.84455,AUT,KHM,6522
1225221,18,118,1047,2014.0,227777.0,0.0,1.182934,1.1967139999999998,BEL,KHM,6522
1225222,22,118,1047,2014.0,1112543.0,10148.0,-0.76547,-0.9645469999999999,BGD,KHM,6522
1225223,39,118,1047,2014.0,69178.0,0.0,0.6145430000000001,1.1815360000000001,CAN,KHM,6522
1225224,43,118,1047,2014.0,370496256.0,466191.0,1.316443,0.35039899999999996,CHN,KHM,6522
1225225,61,118,1047,2014.0,193523.0,1331.0,2.106119,-3.225189,DEU,KHM,6522
1225226,64,118,1047,2014.0,6437.0,0.0,1.15411,1.160462,DNK,KHM,6522
1225227,71,118,1047,2014.0,385756.0,0.0,0.9574159999999999,1.787233,ESP,KHM,6522
1225228,72,118,1047,2014.0,1291.0,0.0,1.022704,1.175645,EST,KHM,6522
1225229,74,118,1047,2014.0,1242.0,0.0,1.591758,0.9737819999999999,FIN,KHM,6522
1225230,77,118,1047,2014.0,218965.0,0.0,1.432323,0.43023,FRA,KHM,6522
1225231,81,118,1047,2014.0,163634.0,1325119.0,1.542804,0.915499,GBR,KHM,6522
1225232,97,118,1047,2014.0,60930912.0,324705.0,0.9198440000000001,1.257131,HKG,KHM,6522
1225233,103,118,1047,2014.0,6965110.0,411072.0,0.068135,1.672437,IDN,KHM,6522
1225234,104,118,1047,2014.0,8901276.0,81370.0,0.236316,2.659173,IND,KHM,6522
1225235,111,118,1047,2014.0,531745.0,0.0,1.476328,-0.293302,ITA,KHM,6522
1225236,114,118,1047,2014.0,1646003.0,190089.0,2.297789,-0.58585,JPN,KHM,6522
1225237,121,118,1047,2014.0,4150356.0,41833.0,1.9642650000000001,0.86425,KOR,KHM,6522
1225238,128,118,1047,2014.0,247340.0,0.0,-0.30641399999999996,0.29736799999999997,LKA,KHM,6522
1225239,153,118,1047,2014.0,2787618.0,53151.0,0.995226,0.7797810000000001,MYS,KHM,6522
1225240,162,118,1047,2014.0,63320.0,1583.0,1.08881,1.320941,NLD,KHM,6522
1225241,168,118,1047,2014.0,11400994.0,0.0,-0.595946,0.493716,PAK,KHM,6522
1225242,179,118,1047,2014.0,5672.0,0.0,0.763352,2.041559,PRT,KHM,6522
1225243,185,118,1047,2014.0,88323.0,0.0,1.0837940000000001,1.199571,ROU,KHM,6522
1225244,192,118,1047,2014.0,1777998.0,18847.0,1.750361,0.63849,SGP,KHM,6522
1225245,208,118,1047,2014.0,16056.0,21267.0,1.7256330000000002,0.395804,SWE,KHM,6522
1225246,209,118,1047,2014.0,218002.0,0.0,0.383407,-0.064228,SWZ,KHM,6522
1225247,216,118,1047,2014.0,16504016.0,36419.0,1.111392,1.3500370000000002,THA,KHM,6522
1225248,224,118,1047,2014.0,828711.0,0.0,0.6641600000000001,2.091193,TUR,KHM,6522
1225249,231,118,1047,2014.0,23062.0,61908.0,1.569577,-0.293173,USA,KHM,6522
1225250,239,118,1047,2014.0,6857390.0,154095.0,0.135762,1.182052,VNM,KHM,6522
1225251,246,118,1047,2014.0,0.0,7005.0,0.156414,1.873848,ZAF,KHM,6522
1225252,249,118,1047,2014.0,18016982.0,1523.0,1.850481,1.081809,TWN,KHM,6522
1225253,43,120,1047,2014.0,8777.0,0.0,1.316443,0.35039899999999996,CHN,KNA,6522
1225254,103,120,1047,2014.0,2890.0,0.0,0.068135,1.672437,IDN,KNA,6522
1225255,222,120,1047,2014.0,17167.0,0.0,-0.582991,-1.055078,TTO,KNA,6522
1225256,231,120,1047,2014.0,18671.0,0.0,1.569577,-0.293173,USA,KNA,6522
1225257,15,123,1047,2014.0,6491.0,0.0,1.782532,-0.84455,AUT,LAO,6522
1225258,22,123,1047,2014.0,112916.0,0.0,-0.76547,-0.9645469999999999,BGD,LAO,6522
1225259,43,123,1047,2014.0,2769378.0,0.0,1.316443,0.35039899999999996,CHN,LAO,6522
1225260,61,123,1047,2014.0,0.0,6152.0,2.106119,-3.225189,DEU,LAO,6522
1225261,81,123,1047,2014.0,1176903.0,0.0,1.542804,0.915499,GBR,LAO,6522
1225262,97,123,1047,2014.0,759797.0,30487.0,0.9198440000000001,1.257131,HKG,LAO,6522
1225263,103,123,1047,2014.0,384089.0,0.0,0.068135,1.672437,IDN,LAO,6522
1225264,104,123,1047,2014.0,1041470.0,0.0,0.236316,2.659173,IND,LAO,6522
1225265,111,123,1047,2014.0,266757.0,0.0,1.476328,-0.293302,ITA,LAO,6522
1225266,114,123,1047,2014.0,1164428.0,16470.0,2.297789,-0.58585,JPN,LAO,6522
1225267,121,123,1047,2014.0,53860.0,0.0,1.9642650000000001,0.86425,KOR,LAO,6522
1225268,130,123,1047,2014.0,23448.0,0.0,0.679488,1.558981,LTU,LAO,6522
1225269,153,123,1047,2014.0,1990020.0,0.0,0.995226,0.7797810000000001,MYS,LAO,6522
1225270,162,123,1047,2014.0,4358.0,0.0,1.08881,1.320941,NLD,LAO,6522
1225271,168,123,1047,2014.0,243585.0,0.0,-0.595946,0.493716,PAK,LAO,6522
1225272,192,123,1047,2014.0,24436.0,0.0,1.750361,0.63849,SGP,LAO,6522
1225273,216,123,1047,2014.0,6149852.0,18449.0,1.111392,1.3500370000000002,THA,LAO,6522
1225274,239,123,1047,2014.0,1666499.0,237403.0,0.135762,1.182052,VNM,LAO,6522
1225275,249,123,1047,2014.0,193784.0,0.0,1.850481,1.081809,TWN,LAO,6522
1225276,41,125,1047,2014.0,3297.0,0.0,2.027022,0.780257,CHE,LBR,6522
1225277,43,125,1047,2014.0,1048074.0,0.0,1.316443,0.35039899999999996,CHN,LBR,6522
1225278,49,125,1047,2014.0,0.0,34821.0,0.084348,-0.39008200000000004,COL,LBR,6522
1225279,104,125,1047,2014.0,385404.0,0.0,0.236316,2.659173,IND,LBR,6522
1225280,162,125,1047,2014.0,8645.0,0.0,1.08881,1.320941,NLD,LBR,6522
1225281,224,125,1047,2014.0,3376.0,0.0,0.6641600000000001,2.091193,TUR,LBR,6522
1225282,246,125,1047,2014.0,1694.0,0.0,0.156414,1.873848,ZAF,LBR,6522
1225283,7,126,1047,2014.0,12140.0,0.0,-0.121018,-0.51841,ARE,LBY,6522
1225284,43,126,1047,2014.0,1465550.0,0.0,1.316443,0.35039899999999996,CHN,LBY,6522
1225285,68,126,1047,2014.0,1324524.0,0.0,-0.036009,2.027503,EGY,LBY,6522
1225286,71,126,1047,2014.0,115126.0,0.0,0.9574159999999999,1.787233,ESP,LBY,6522
1225287,104,126,1047,2014.0,1661.0,0.0,0.236316,2.659173,IND,LBY,6522
1225288,111,126,1047,2014.0,44057.0,0.0,1.476328,-0.293302,ITA,LBY,6522
1225289,121,126,1047,2014.0,316178.0,0.0,1.9642650000000001,0.86425,KOR,LBY,6522
1225290,142,126,1047,2014.0,2788.0,0.0,0.8871379999999999,0.088535,MLT,LBY,6522
1225291,168,126,1047,2014.0,31063.0,0.0,-0.595946,0.493716,PAK,LBY,6522
1225292,188,126,1047,2014.0,29082.0,0.0,-0.188727,-0.8629459999999999,SAU,LBY,6522
1225293,207,126,1047,2014.0,8874.0,0.0,1.554693,0.633504,SVN,LBY,6522
1225294,224,126,1047,2014.0,193390.0,0.0,0.6641600000000001,2.091193,TUR,LBY,6522
1225295,43,133,1047,2014.0,16419103.0,156922.0,1.316443,0.35039899999999996,CHN,MAC,6522
1225296,77,133,1047,2014.0,13633.0,0.0,1.432323,0.43023,FRA,MAC,6522
1225297,97,133,1047,2014.0,2432820.0,99653.0,0.9198440000000001,1.257131,HKG,MAC,6522
1225298,103,133,1047,2014.0,59758.0,1324289.0,0.068135,1.672437,IDN,MAC,6522
1225299,104,133,1047,2014.0,7246.0,0.0,0.236316,2.659173,IND,MAC,6522
1225300,111,133,1047,2014.0,95283.0,0.0,1.476328,-0.293302,ITA,MAC,6522
1225301,114,133,1047,2014.0,734371.0,0.0,2.297789,-0.58585,JPN,MAC,6522
1225302,121,133,1047,2014.0,8572.0,0.0,1.9642650000000001,0.86425,KOR,MAC,6522
1225303,174,133,1047,2014.0,49911.0,0.0,0.835601,0.589322,PHL,MAC,6522
1225304,179,133,1047,2014.0,4351.0,0.0,0.763352,2.041559,PRT,MAC,6522
1225305,216,133,1047,2014.0,8636.0,0.0,1.111392,1.3500370000000002,THA,MAC,6522
1225306,224,133,1047,2014.0,20891.0,0.0,0.6641600000000001,2.091193,TUR,MAC,6522
1225307,231,133,1047,2014.0,87807.0,0.0,1.569577,-0.293173,USA,MAC,6522
1225308,249,133,1047,2014.0,390570.0,0.0,1.850481,1.081809,TWN,MAC,6522
1225309,7,136,1047,2014.0,0.0,38357.0,-0.121018,-0.51841,ARE,MDG,6522
1225310,14,136,1047,2014.0,0.0,3420.0,-0.587779,-0.29813,AUS,MDG,6522
1225311,18,136,1047,2014.0,1071538.0,0.0,1.182934,1.1967139999999998,BEL,MDG,6522
1225312,32,136,1047,2014.0,22759.0,0.0,0.23286700000000002,0.968366,BRA,MDG,6522
1225313,41,136,1047,2014.0,3667.0,0.0,2.027022,0.780257,CHE,MDG,6522
1225314,43,136,1047,2014.0,12041419.0,4238.0,1.316443,0.35039899999999996,CHN,MDG,6522
1225315,61,136,1047,2014.0,216225.0,0.0,2.106119,-3.225189,DEU,MDG,6522
1225316,64,136,1047,2014.0,5615.0,0.0,1.15411,1.160462,DNK,MDG,6522
1225317,68,136,1047,2014.0,12611.0,0.0,-0.036009,2.027503,EGY,MDG,6522
1225318,71,136,1047,2014.0,66648.0,0.0,0.9574159999999999,1.787233,ESP,MDG,6522
1225319,72,136,1047,2014.0,7552.0,0.0,1.022704,1.175645,EST,MDG,6522
1225320,77,136,1047,2014.0,7174350.0,100937.0,1.432323,0.43023,FRA,MDG,6522
1225321,81,136,1047,2014.0,789643.0,2067.0,1.542804,0.915499,GBR,MDG,6522
1225322,97,136,1047,2014.0,327752.0,6615.0,0.9198440000000001,1.257131,HKG,MDG,6522
1225323,103,136,1047,2014.0,4018.0,0.0,0.068135,1.672437,IDN,MDG,6522
1225324,104,136,1047,2014.0,9234164.0,0.0,0.236316,2.659173,IND,MDG,6522
1225325,107,136,1047,2014.0,2937.0,0.0,-0.47744899999999996,-0.429676,IRN,MDG,6522
1225326,111,136,1047,2014.0,751769.0,1048.0,1.476328,-0.293302,ITA,MDG,6522
1225327,114,136,1047,2014.0,61208.0,0.0,2.297789,-0.58585,JPN,MDG,6522
1225328,116,136,1047,2014.0,0.0,23031.0,-0.411786,0.219875,KEN,MDG,6522
1225329,121,136,1047,2014.0,58181.0,0.0,1.9642650000000001,0.86425,KOR,MDG,6522
1225330,134,136,1047,2014.0,48876.0,0.0,-0.429457,0.039947,MAR,MDG,6522
1225331,151,136,1047,2014.0,15012237.0,504680.0,-0.055786,-0.1488,MUS,MDG,6522
1225332,162,136,1047,2014.0,261799.0,0.0,1.08881,1.320941,NLD,MDG,6522
1225333,168,136,1047,2014.0,4166947.0,0.0,-0.595946,0.493716,PAK,MDG,6522
1225334,179,136,1047,2014.0,45212.0,0.0,0.763352,2.041559,PRT,MDG,6522
1225335,186,136,1047,2014.0,0.0,2499.0,-0.006737000000000001,-0.172237,RUS,MDG,6522
1225336,216,136,1047,2014.0,119009.0,4224.0,1.111392,1.3500370000000002,THA,MDG,6522
1225337,223,136,1047,2014.0,68388.0,23367.0,0.45973800000000004,0.9595459999999999,TUN,MDG,6522
1225338,224,136,1047,2014.0,42535.0,3031.0,0.6641600000000001,2.091193,TUR,MDG,6522
1225339,231,136,1047,2014.0,21843.0,0.0,1.569577,-0.293173,USA,MDG,6522
1225340,239,136,1047,2014.0,0.0,6363.0,0.135762,1.182052,VNM,MDG,6522
1225341,246,136,1047,2014.0,8118.0,247143.0,0.156414,1.873848,ZAF,MDG,6522
1225342,250,136,1047,2014.0,25799440.0,38296260.0,0.426964,0.138883,ANS,MDG,6522
1225343,81,139,1047,2014.0,3315.0,0.0,1.542804,0.915499,GBR,MHL,6522
1225344,97,139,1047,2014.0,5924.0,0.0,0.9198440000000001,1.257131,HKG,MHL,6522
1225345,104,139,1047,2014.0,18498.0,0.0,0.236316,2.659173,IND,MHL,6522
1225346,7,141,1047,2014.0,109548.0,0.0,-0.121018,-0.51841,ARE,MLI,6522
1225347,15,141,1047,2014.0,63730196.0,0.0,1.782532,-0.84455,AUT,MLI,6522
1225348,18,141,1047,2014.0,7903.0,0.0,1.182934,1.1967139999999998,BEL,MLI,6522
1225349,21,141,1047,2014.0,0.0,216226.0,-0.7933279999999999,-0.872791,BFA,MLI,6522
1225350,41,141,1047,2014.0,34848.0,0.0,2.027022,0.780257,CHE,MLI,6522
1225351,43,141,1047,2014.0,23995.0,0.0,1.316443,0.35039899999999996,CHN,MLI,6522
1225352,44,141,1047,2014.0,2530680.0,403390.0,-0.854784,-0.781877,CIV,MLI,6522
1225353,59,141,1047,2014.0,46565328.0,0.0,1.761204,-0.148263,CZE,MLI,6522
1225354,61,141,1047,2014.0,36408976.0,0.0,2.106119,-3.225189,DEU,MLI,6522
1225355,77,141,1047,2014.0,51655.0,0.0,1.432323,0.43023,FRA,MLI,6522
1225356,104,141,1047,2014.0,9864434.0,0.0,0.236316,2.659173,IND,MLI,6522
1225357,111,141,1047,2014.0,38108.0,0.0,1.476328,-0.293302,ITA,MLI,6522
1225358,134,141,1047,2014.0,44060.0,0.0,-0.429457,0.039947,MAR,MLI,6522
1225359,148,141,1047,2014.0,0.0,1835.0,-1.425856,-1.213441,MRT,MLI,6522
1225360,157,141,1047,2014.0,0.0,27396.0,-0.709151,-0.869426,NER,MLI,6522
1225361,159,141,1047,2014.0,4525789.0,0.0,-1.9012419999999999,-1.229264,NGA,MLI,6522
1225362,162,141,1047,2014.0,257058.0,0.0,1.08881,1.320941,NLD,MLI,6522
1225363,191,141,1047,2014.0,14312.0,0.0,-0.509239,0.002353,SEN,MLI,6522
1225364,208,141,1047,2014.0,0.0,1363.0,1.7256330000000002,0.395804,SWE,MLI,6522
1225365,216,141,1047,2014.0,219002.0,0.0,1.111392,1.3500370000000002,THA,MLI,6522
1225366,224,141,1047,2014.0,10466.0,0.0,0.6641600000000001,2.091193,TUR,MLI,6522
1225367,231,141,1047,2014.0,0.0,10136.0,1.569577,-0.293173,USA,MLI,6522
1225368,14,142,1047,2014.0,0.0,1098.0,-0.587779,-0.29813,AUS,MLT,6522
1225369,18,142,1047,2014.0,13011.0,0.0,1.182934,1.1967139999999998,BEL,MLT,6522
1225370,41,142,1047,2014.0,0.0,1207.0,2.027022,0.780257,CHE,MLT,6522
1225371,43,142,1047,2014.0,817244.0,0.0,1.316443,0.35039899999999996,CHN,MLT,6522
1225372,59,142,1047,2014.0,29106.0,0.0,1.761204,-0.148263,CZE,MLT,6522
1225373,61,142,1047,2014.0,127239.0,1445.0,2.106119,-3.225189,DEU,MLT,6522
1225374,64,142,1047,2014.0,1343.0,0.0,1.15411,1.160462,DNK,MLT,6522
1225375,68,142,1047,2014.0,134909.0,0.0,-0.036009,2.027503,EGY,MLT,6522
1225376,71,142,1047,2014.0,308543.0,28267.0,0.9574159999999999,1.787233,ESP,MLT,6522
1225377,77,142,1047,2014.0,188463.0,0.0,1.432323,0.43023,FRA,MLT,6522
1225378,81,142,1047,2014.0,159618.0,0.0,1.542804,0.915499,GBR,MLT,6522
1225379,90,142,1047,2014.0,8343.0,0.0,0.064193,0.955633,GRC,MLT,6522
1225380,104,142,1047,2014.0,13591.0,0.0,0.236316,2.659173,IND,MLT,6522
1225381,109,142,1047,2014.0,0.0,4096.0,0.130097,-0.313819,ISL,MLT,6522
1225382,111,142,1047,2014.0,1210998.0,0.0,1.476328,-0.293302,ITA,MLT,6522
1225383,121,142,1047,2014.0,9846.0,0.0,1.9642650000000001,0.86425,KOR,MLT,6522
1225384,126,142,1047,2014.0,0.0,2788.0,-1.539253,-1.159929,LBY,MLT,6522
1225385,130,142,1047,2014.0,4835.0,0.0,0.679488,1.558981,LTU,MLT,6522
1225386,132,142,1047,2014.0,2481.0,0.0,0.6501,1.35321,LVA,MLT,6522
1225387,162,142,1047,2014.0,19152.0,0.0,1.08881,1.320941,NLD,MLT,6522
1225388,168,142,1047,2014.0,677889.0,0.0,-0.595946,0.493716,PAK,MLT,6522
1225389,179,142,1047,2014.0,2293.0,0.0,0.763352,2.041559,PRT,MLT,6522
1225390,185,142,1047,2014.0,0.0,1104.0,1.0837940000000001,1.199571,ROU,MLT,6522
1225391,208,142,1047,2014.0,1470.0,0.0,1.7256330000000002,0.395804,SWE,MLT,6522
1225392,216,142,1047,2014.0,6318.0,0.0,1.111392,1.3500370000000002,THA,MLT,6522
1225393,224,142,1047,2014.0,69451.0,0.0,0.6641600000000001,2.091193,TUR,MLT,6522
1225394,231,142,1047,2014.0,5282.0,0.0,1.569577,-0.293173,USA,MLT,6522
1225395,5,148,1047,2014.0,23697.0,0.0,0.512367,-0.438594,AND,MRT,6522
1225396,7,148,1047,2014.0,59678.0,0.0,-0.121018,-0.51841,ARE,MRT,6522
1225397,15,148,1047,2014.0,17338216.0,0.0,1.782532,-0.84455,AUT,MRT,6522
1225398,39,148,1047,2014.0,8836.0,0.0,0.6145430000000001,1.1815360000000001,CAN,MRT,6522
1225399,43,148,1047,2014.0,61816944.0,0.0,1.316443,0.35039899999999996,CHN,MRT,6522
1225400,59,148,1047,2014.0,8199680.0,0.0,1.761204,-0.148263,CZE,MRT,6522
1225401,61,148,1047,2014.0,10542093.0,0.0,2.106119,-3.225189,DEU,MRT,6522
1225402,68,148,1047,2014.0,19058.0,0.0,-0.036009,2.027503,EGY,MRT,6522
1225403,71,148,1047,2014.0,95967.0,0.0,0.9574159999999999,1.787233,ESP,MRT,6522
1225404,77,148,1047,2014.0,155016.0,0.0,1.432323,0.43023,FRA,MRT,6522
1225405,97,148,1047,2014.0,0.0,2466.0,0.9198440000000001,1.257131,HKG,MRT,6522
1225406,104,148,1047,2014.0,18880854.0,0.0,0.236316,2.659173,IND,MRT,6522
1225407,111,148,1047,2014.0,31679.0,0.0,1.476328,-0.293302,ITA,MRT,6522
1225408,134,148,1047,2014.0,101909.0,0.0,-0.429457,0.039947,MAR,MRT,6522
1225409,141,148,1047,2014.0,1835.0,0.0,-1.027153,-1.0197370000000001,MLI,MRT,6522
1225410,162,148,1047,2014.0,2069.0,0.0,1.08881,1.320941,NLD,MRT,6522
1225411,168,148,1047,2014.0,4532596.0,0.0,-0.595946,0.493716,PAK,MRT,6522
1225412,188,148,1047,2014.0,1843.0,0.0,-0.188727,-0.8629459999999999,SAU,MRT,6522
1225413,212,148,1047,2014.0,9944.0,0.0,-0.22825,0.803708,SYR,MRT,6522
1225414,224,148,1047,2014.0,91184.0,0.0,0.6641600000000001,2.091193,TUR,MRT,6522
1225415,231,148,1047,2014.0,207409.0,0.0,1.569577,-0.293173,USA,MRT,6522
1225416,7,151,1047,2014.0,41021.0,9135.0,-0.121018,-0.51841,ARE,MUS,6522
1225417,14,151,1047,2014.0,11246.0,0.0,-0.587779,-0.29813,AUS,MUS,6522
1225418,15,151,1047,2014.0,55524.0,0.0,1.782532,-0.84455,AUT,MUS,6522
1225419,18,151,1047,2014.0,18311.0,2409.0,1.182934,1.1967139999999998,BEL,MUS,6522
1225420,22,151,1047,2014.0,35440.0,208329.0,-0.76547,-0.9645469999999999,BGD,MUS,6522
1225421,24,151,1047,2014.0,211567.0,0.0,0.087173,-0.542374,BHR,MUS,6522
1225422,37,151,1047,2014.0,0.0,17602.0,-0.7467630000000001,-1.1369690000000001,BWA,MUS,6522
1225423,41,151,1047,2014.0,10616.0,0.0,2.027022,0.780257,CHE,MUS,6522
1225424,43,151,1047,2014.0,63133900.0,32827.0,1.316443,0.35039899999999996,CHN,MUS,6522
1225425,50,151,1047,2014.0,0.0,77913.0,0.21706399999999998,-0.6920810000000001,COM,MUS,6522
1225426,61,151,1047,2014.0,50604.0,49558.0,2.106119,-3.225189,DEU,MUS,6522
1225427,64,151,1047,2014.0,0.0,13899.0,1.15411,1.160462,DNK,MUS,6522
1225428,68,151,1047,2014.0,72652.0,0.0,-0.036009,2.027503,EGY,MUS,6522
1225429,71,151,1047,2014.0,140927.0,39986.0,0.9574159999999999,1.787233,ESP,MUS,6522
1225430,77,151,1047,2014.0,1118770.0,187434.0,1.432323,0.43023,FRA,MUS,6522
1225431,81,151,1047,2014.0,119802.0,63913.0,1.542804,0.915499,GBR,MUS,6522
1225432,97,151,1047,2014.0,1199883.0,93469.0,0.9198440000000001,1.257131,HKG,MUS,6522
1225433,103,151,1047,2014.0,17153.0,0.0,0.068135,1.672437,IDN,MUS,6522
1225434,104,151,1047,2014.0,5738794.0,85889.0,0.236316,2.659173,IND,MUS,6522
1225435,110,151,1047,2014.0,10552.0,266183.0,0.9753860000000001,0.810342,ISR,MUS,6522
1225436,111,151,1047,2014.0,1927544.0,2009125.0,1.476328,-0.293302,ITA,MUS,6522
1225437,114,151,1047,2014.0,126869.0,0.0,2.297789,-0.58585,JPN,MUS,6522
1225438,116,151,1047,2014.0,0.0,64040.0,-0.411786,0.219875,KEN,MUS,6522
1225439,121,151,1047,2014.0,160455.0,0.0,1.9642650000000001,0.86425,KOR,MUS,6522
1225440,128,151,1047,2014.0,0.0,42120.0,-0.30641399999999996,0.29736799999999997,LKA,MUS,6522
1225441,129,151,1047,2014.0,395906.0,0.0,-0.586123,-0.728193,LSO,MUS,6522
1225442,134,151,1047,2014.0,10609.0,7880.0,-0.429457,0.039947,MAR,MUS,6522
1225443,136,151,1047,2014.0,504680.0,15012237.0,-0.690485,-0.5090020000000001,MDG,MUS,6522
1225444,137,151,1047,2014.0,0.0,11908.0,-0.6189939999999999,-0.880108,MDV,MUS,6522
1225445,138,151,1047,2014.0,1717.0,0.0,1.292327,0.713879,MEX,MUS,6522
1225446,153,151,1047,2014.0,91058.0,26374.0,0.995226,0.7797810000000001,MYS,MUS,6522
1225447,155,151,1047,2014.0,0.0,3642.0,-0.5218020000000001,-0.502617,NAM,MUS,6522
1225448,162,151,1047,2014.0,98388.0,0.0,1.08881,1.320941,NLD,MUS,6522
1225449,166,151,1047,2014.0,0.0,1930.0,0.123649,0.26129,NZL,MUS,6522
1225450,168,151,1047,2014.0,1271755.0,0.0,-0.595946,0.493716,PAK,MUS,6522
1225451,177,151,1047,2014.0,0.0,100959.0,1.1328690000000001,1.043185,POL,MUS,6522
1225452,179,151,1047,2014.0,53016.0,0.0,0.763352,2.041559,PRT,MUS,6522
1225453,192,151,1047,2014.0,19298.0,0.0,1.750361,0.63849,SGP,MUS,6522
1225454,207,151,1047,2014.0,8255.0,0.0,1.554693,0.633504,SVN,MUS,6522
1225455,211,151,1047,2014.0,0.0,40487.0,0.158898,-0.571933,SYC,MUS,6522
1225456,216,151,1047,2014.0,451916.0,24943.0,1.111392,1.3500370000000002,THA,MUS,6522
1225457,224,151,1047,2014.0,181180.0,3484947.0,0.6641600000000001,2.091193,TUR,MUS,6522
1225458,231,151,1047,2014.0,31174.0,239448.0,1.569577,-0.293173,USA,MUS,6522
1225459,239,151,1047,2014.0,0.0,23312.0,0.135762,1.182052,VNM,MUS,6522
1225460,246,151,1047,2014.0,99552.0,2680749.0,0.156414,1.873848,ZAF,MUS,6522
1225461,248,151,1047,2014.0,0.0,12841.0,-0.732781,-0.875713,ZWE,MUS,6522
1225462,249,151,1047,2014.0,122169.0,6620.0,1.850481,1.081809,TWN,MUS,6522
1225463,2,155,1047,2014.0,0.0,14819.0,-1.547068,-1.121438,AGO,NAM,6522
1225464,7,155,1047,2014.0,11900.0,0.0,-0.121018,-0.51841,ARE,NAM,6522
1225465,37,155,1047,2014.0,19064.0,4219.0,-0.7467630000000001,-1.1369690000000001,BWA,NAM,6522
1225466,43,155,1047,2014.0,3513707.0,0.0,1.316443,0.35039899999999996,CHN,NAM,6522
1225467,46,155,1047,2014.0,1216.0,0.0,-1.596912,-1.1239940000000002,COD,NAM,6522
1225468,81,155,1047,2014.0,2813.0,0.0,1.542804,0.915499,GBR,NAM,6522
1225469,103,155,1047,2014.0,90780.0,0.0,0.068135,1.672437,IDN,NAM,6522
1225470,104,155,1047,2014.0,15167.0,0.0,0.236316,2.659173,IND,NAM,6522
1225471,151,155,1047,2014.0,3642.0,0.0,-0.055786,-0.1488,MUS,NAM,6522
1225472,177,155,1047,2014.0,0.0,3625.0,1.1328690000000001,1.043185,POL,NAM,6522
1225473,194,155,1047,2014.0,0.0,10820.0,1.281662,0.12595699999999999,SHN,NAM,6522
1225474,231,155,1047,2014.0,1442.0,0.0,1.569577,-0.293173,USA,NAM,6522
1225475,246,155,1047,2014.0,738529.0,1032.0,0.156414,1.873848,ZAF,NAM,6522
1225476,247,155,1047,2014.0,10693.0,0.0,-0.506171,-0.680445,ZMB,NAM,6522
1225477,2,159,1047,2014.0,0.0,8408.0,-1.547068,-1.121438,AGO,NGA,6522
1225478,7,159,1047,2014.0,258736.0,0.0,-0.121018,-0.51841,ARE,NGA,6522
1225479,15,159,1047,2014.0,6876890.0,0.0,1.782532,-0.84455,AUT,NGA,6522
1225480,18,159,1047,2014.0,18850.0,298600.0,1.182934,1.1967139999999998,BEL,NGA,6522
1225481,19,159,1047,2014.0,8795.0,42975.0,-0.461501,-0.7216819999999999,BEN,NGA,6522
1225482,37,159,1047,2014.0,0.0,3036.0,-0.7467630000000001,-1.1369690000000001,BWA,NGA,6522
1225483,39,159,1047,2014.0,1568.0,0.0,0.6145430000000001,1.1815360000000001,CAN,NGA,6522
1225484,41,159,1047,2014.0,11406738.0,0.0,2.027022,0.780257,CHE,NGA,6522
1225485,43,159,1047,2014.0,151047600.0,0.0,1.316443,0.35039899999999996,CHN,NGA,6522
1225486,44,159,1047,2014.0,0.0,316006.0,-0.854784,-0.781877,CIV,NGA,6522
1225487,45,159,1047,2014.0,0.0,509339.0,-0.726413,-0.927583,CMR,NGA,6522
1225488,47,159,1047,2014.0,0.0,268340.0,-1.359593,-1.101705,COG,NGA,6522
1225489,49,159,1047,2014.0,6848.0,0.0,0.084348,-0.39008200000000004,COL,NGA,6522
1225490,59,159,1047,2014.0,470315.0,0.0,1.761204,-0.148263,CZE,NGA,6522
1225491,61,159,1047,2014.0,73378.0,0.0,2.106119,-3.225189,DEU,NGA,6522
1225492,68,159,1047,2014.0,2784.0,0.0,-0.036009,2.027503,EGY,NGA,6522
1225493,71,159,1047,2014.0,7733.0,0.0,0.9574159999999999,1.787233,ESP,NGA,6522
1225494,77,159,1047,2014.0,22241.0,7746.0,1.432323,0.43023,FRA,NGA,6522
1225495,81,159,1047,2014.0,54838700.0,4598.0,1.542804,0.915499,GBR,NGA,6522
1225496,97,159,1047,2014.0,40490.0,0.0,0.9198440000000001,1.257131,HKG,NGA,6522
1225497,103,159,1047,2014.0,19587.0,0.0,0.068135,1.672437,IDN,NGA,6522
1225498,104,159,1047,2014.0,11395325.0,0.0,0.236316,2.659173,IND,NGA,6522
1225499,111,159,1047,2014.0,586740.0,0.0,1.476328,-0.293302,ITA,NGA,6522
1225500,116,159,1047,2014.0,0.0,244226.0,-0.411786,0.219875,KEN,NGA,6522
1225501,121,159,1047,2014.0,430679.0,0.0,1.9642650000000001,0.86425,KOR,NGA,6522
1225502,141,159,1047,2014.0,0.0,4525789.0,-1.027153,-1.0197370000000001,MLI,NGA,6522
1225503,153,159,1047,2014.0,14842.0,0.0,0.995226,0.7797810000000001,MYS,NGA,6522
1225504,157,159,1047,2014.0,12245.0,204251.0,-0.709151,-0.869426,NER,NGA,6522
1225505,162,159,1047,2014.0,421947.0,0.0,1.08881,1.320941,NLD,NGA,6522
1225506,168,159,1047,2014.0,2604825.0,0.0,-0.595946,0.493716,PAK,NGA,6522
1225507,177,159,1047,2014.0,52897.0,0.0,1.1328690000000001,1.043185,POL,NGA,6522
1225508,192,159,1047,2014.0,0.0,2782.0,1.750361,0.63849,SGP,NGA,6522
1225509,203,159,1047,2014.0,0.0,1911.0,1.227559,0.23416399999999998,STP,NGA,6522
1225510,212,159,1047,2014.0,0.0,11994.0,-0.22825,0.803708,SYR,NGA,6522
1225511,215,159,1047,2014.0,0.0,2286.0,-0.58937,-0.43368,TGO,NGA,6522
1225512,216,159,1047,2014.0,5834101.0,0.0,1.111392,1.3500370000000002,THA,NGA,6522
1225513,224,159,1047,2014.0,53407.0,0.0,0.6641600000000001,2.091193,TUR,NGA,6522
1225514,226,159,1047,2014.0,0.0,1258699.0,-0.909005,0.511175,TZA,NGA,6522
1225515,231,159,1047,2014.0,82252.0,35923.0,1.569577,-0.293173,USA,NGA,6522
1225516,246,159,1047,2014.0,52164.0,3120.0,0.156414,1.873848,ZAF,NGA,6522
1225517,249,159,1047,2014.0,34038.0,0.0,1.850481,1.081809,TWN,NGA,6522
1225518,14,165,1047,2014.0,8170.0,0.0,-0.587779,-0.29813,AUS,NRU,6522
1225519,75,165,1047,2014.0,2389.0,0.0,-0.20919699999999997,0.095276,FJI,NRU,6522
1225520,7,167,1047,2014.0,1867266.0,570376.0,-0.121018,-0.51841,ARE,OMN,6522
1225521,14,167,1047,2014.0,1095.0,0.0,-0.587779,-0.29813,AUS,OMN,6522
1225522,18,167,1047,2014.0,3001.0,0.0,1.182934,1.1967139999999998,BEL,OMN,6522
1225523,41,167,1047,2014.0,33023.0,0.0,2.027022,0.780257,CHE,OMN,6522
1225524,43,167,1047,2014.0,625982.0,0.0,1.316443,0.35039899999999996,CHN,OMN,6522
1225525,61,167,1047,2014.0,2534.0,0.0,2.106119,-3.225189,DEU,OMN,6522
1225526,68,167,1047,2014.0,159722.0,0.0,-0.036009,2.027503,EGY,OMN,6522
1225527,77,167,1047,2014.0,93195.0,0.0,1.432323,0.43023,FRA,OMN,6522
1225528,81,167,1047,2014.0,289543.0,0.0,1.542804,0.915499,GBR,OMN,6522
1225529,103,167,1047,2014.0,204742.0,0.0,0.068135,1.672437,IDN,OMN,6522
1225530,104,167,1047,2014.0,1472151.0,0.0,0.236316,2.659173,IND,OMN,6522
1225531,111,167,1047,2014.0,51942.0,0.0,1.476328,-0.293302,ITA,OMN,6522
1225532,114,167,1047,2014.0,14346.0,0.0,2.297789,-0.58585,JPN,OMN,6522
1225533,121,167,1047,2014.0,204820.0,0.0,1.9642650000000001,0.86425,KOR,OMN,6522
1225534,122,167,1047,2014.0,0.0,8950.0,-1.2601069999999999,-1.0929360000000001,KWT,OMN,6522
1225535,162,167,1047,2014.0,7463.0,0.0,1.08881,1.320941,NLD,OMN,6522
1225536,168,167,1047,2014.0,1150155.0,0.0,-0.595946,0.493716,PAK,OMN,6522
1225537,183,167,1047,2014.0,1083.0,6200.0,-0.5604899999999999,-0.989015,QAT,OMN,6522
1225538,188,167,1047,2014.0,0.0,146176.0,-0.188727,-0.8629459999999999,SAU,OMN,6522
1225539,192,167,1047,2014.0,3166.0,0.0,1.750361,0.63849,SGP,OMN,6522
1225540,216,167,1047,2014.0,77634.0,0.0,1.111392,1.3500370000000002,THA,OMN,6522
1225541,224,167,1047,2014.0,2255.0,0.0,0.6641600000000001,2.091193,TUR,OMN,6522
1225542,231,167,1047,2014.0,51573.0,0.0,1.569577,-0.293173,USA,OMN,6522
1225543,32,178,1047,2014.0,0.0,34250.0,0.23286700000000002,0.968366,BRA,PRK,6522
1225544,42,178,1047,2014.0,0.0,17819.0,-0.196236,-0.162428,CHL,PRK,6522
1225545,43,178,1047,2014.0,33294444.0,56192.0,1.316443,0.35039899999999996,CHN,PRK,6522
1225546,104,178,1047,2014.0,171269.0,11602.0,0.236316,2.659173,IND,PRK,6522
1225547,128,178,1047,2014.0,0.0,21734.0,-0.30641399999999996,0.29736799999999997,LKA,PRK,6522
1225548,135,178,1047,2014.0,0.0,1750.0,0.031916,0.24264499999999997,MDA,PRK,6522
1225549,160,178,1047,2014.0,0.0,2777.0,-0.85321,-0.796656,NIC,PRK,6522
1225550,168,178,1047,2014.0,0.0,1799.0,-0.595946,0.493716,PAK,PRK,6522
1225551,211,178,1047,2014.0,0.0,3983.0,0.158898,-0.571933,SYC,PRK,6522
1225552,223,178,1047,2014.0,0.0,7171.0,0.45973800000000004,0.9595459999999999,TUN,PRK,6522
1225553,228,178,1047,2014.0,0.0,7634.0,0.505369,1.07634,UKR,PRK,6522
1225554,2,203,1047,2014.0,1564.0,0.0,-1.547068,-1.121438,AGO,STP,6522
1225555,80,203,1047,2014.0,1404.0,0.0,-1.354381,-1.100019,GAB,STP,6522
1225556,159,203,1047,2014.0,1911.0,0.0,-1.9012419999999999,-1.229264,NGA,STP,6522
1225557,179,203,1047,2014.0,36955.0,0.0,0.763352,2.041559,PRT,STP,6522
1225558,215,203,1047,2014.0,1601.0,0.0,-0.58937,-0.43368,TGO,STP,6522
1225559,37,209,1047,2014.0,0.0,4164.0,-0.7467630000000001,-1.1369690000000001,BWA,SWZ,6522
1225560,43,209,1047,2014.0,4099284.0,0.0,1.316443,0.35039899999999996,CHN,SWZ,6522
1225561,104,209,1047,2014.0,112047.0,0.0,0.236316,2.659173,IND,SWZ,6522
1225562,118,209,1047,2014.0,0.0,218002.0,-0.5871430000000001,-0.7545850000000001,KHM,SWZ,6522
1225563,129,209,1047,2014.0,116445.0,0.0,-0.586123,-0.728193,LSO,SWZ,6522
1225564,190,209,1047,2014.0,0.0,4089.0,-1.473904,-1.154731,SDN,SWZ,6522
1225565,246,209,1047,2014.0,3121234.0,1635231.0,0.156414,1.873848,ZAF,SWZ,6522
1225566,249,209,1047,2014.0,453658.0,0.0,1.850481,1.081809,TWN,SWZ,6522
1225567,7,212,1047,2014.0,0.0,4054.0,-0.121018,-0.51841,ARE,SYR,6522
1225568,28,212,1047,2014.0,2800.0,0.0,0.929114,0.7313069999999999,BLR,SYR,6522
1225569,43,212,1047,2014.0,29329174.0,0.0,1.316443,0.35039899999999996,CHN,SYR,6522
1225570,68,212,1047,2014.0,3170508.0,220952.0,-0.036009,2.027503,EGY,SYR,6522
1225571,77,212,1047,2014.0,1046.0,0.0,1.432323,0.43023,FRA,SYR,6522
1225572,104,212,1047,2014.0,9128.0,0.0,0.236316,2.659173,IND,SYR,6522
1225573,111,212,1047,2014.0,23985.0,0.0,1.476328,-0.293302,ITA,SYR,6522
1225574,113,212,1047,2014.0,0.0,83696.0,0.23508800000000002,0.47597,JOR,SYR,6522
1225575,121,212,1047,2014.0,48928.0,0.0,1.9642650000000001,0.86425,KOR,SYR,6522
1225576,124,212,1047,2014.0,1851190.0,7279.0,0.32006799999999996,1.666039,LBN,SYR,6522
1225577,148,212,1047,2014.0,0.0,9944.0,-1.425856,-1.213441,MRT,SYR,6522
1225578,159,212,1047,2014.0,11994.0,0.0,-1.9012419999999999,-1.229264,NGA,SYR,6522
1225579,168,212,1047,2014.0,1422193.0,0.0,-0.595946,0.493716,PAK,SYR,6522
1225580,177,212,1047,2014.0,14904.0,0.0,1.1328690000000001,1.043185,POL,SYR,6522
1225581,179,212,1047,2014.0,54182.0,0.0,0.763352,2.041559,PRT,SYR,6522
1225582,183,212,1047,2014.0,0.0,51370.0,-0.5604899999999999,-0.989015,QAT,SYR,6522
1225583,186,212,1047,2014.0,0.0,20780.0,-0.006737000000000001,-0.172237,RUS,SYR,6522
1225584,216,212,1047,2014.0,104748.0,0.0,1.111392,1.3500370000000002,THA,SYR,6522
1225585,224,212,1047,2014.0,6120640.0,61453.0,0.6641600000000001,2.091193,TUR,SYR,6522
1225586,7,215,1047,2014.0,186464.0,0.0,-0.121018,-0.51841,ARE,TGO,6522
1225587,15,215,1047,2014.0,1443.0,0.0,1.782532,-0.84455,AUT,TGO,6522
1225588,18,215,1047,2014.0,20609.0,0.0,1.182934,1.1967139999999998,BEL,TGO,6522
1225589,19,215,1047,2014.0,171937.0,2874097.0,-0.461501,-0.7216819999999999,BEN,TGO,6522
1225590,21,215,1047,2014.0,68186.0,418848.0,-0.7933279999999999,-0.872791,BFA,TGO,6522
1225591,41,215,1047,2014.0,1140.0,0.0,2.027022,0.780257,CHE,TGO,6522
1225592,43,215,1047,2014.0,598756224.0,0.0,1.316443,0.35039899999999996,CHN,TGO,6522
1225593,44,215,1047,2014.0,1684959.0,331605.0,-0.854784,-0.781877,CIV,TGO,6522
1225594,45,215,1047,2014.0,0.0,208228.0,-0.726413,-0.927583,CMR,TGO,6522
1225595,47,215,1047,2014.0,0.0,134012.0,-1.359593,-1.101705,COG,TGO,6522
1225596,59,215,1047,2014.0,4353136.0,0.0,1.761204,-0.148263,CZE,TGO,6522
1225597,61,215,1047,2014.0,291581.0,0.0,2.106119,-3.225189,DEU,TGO,6522
1225598,77,215,1047,2014.0,71545.0,2144.0,1.432323,0.43023,FRA,TGO,6522
1225599,80,215,1047,2014.0,0.0,37370256.0,-1.354381,-1.100019,GAB,TGO,6522
1225600,83,215,1047,2014.0,1444405.0,0.0,-1.1140299999999999,-1.0711700000000002,GHA,TGO,6522
1225601,87,215,1047,2014.0,0.0,35000.0,-0.79725,-0.8249059999999999,GMB,TGO,6522
1225602,89,215,1047,2014.0,0.0,8610.0,-2.26689,-0.896274,GNQ,TGO,6522
1225603,97,215,1047,2014.0,15654.0,0.0,0.9198440000000001,1.257131,HKG,TGO,6522
1225604,103,215,1047,2014.0,59763.0,0.0,0.068135,1.672437,IDN,TGO,6522
1225605,104,215,1047,2014.0,99207688.0,0.0,0.236316,2.659173,IND,TGO,6522
1225606,157,215,1047,2014.0,0.0,103907.0,-0.709151,-0.869426,NER,TGO,6522
1225607,159,215,1047,2014.0,2286.0,0.0,-1.9012419999999999,-1.229264,NGA,TGO,6522
1225608,162,215,1047,2014.0,39876472.0,0.0,1.08881,1.320941,NLD,TGO,6522
1225609,168,215,1047,2014.0,391578.0,0.0,-0.595946,0.493716,PAK,TGO,6522
1225610,179,215,1047,2014.0,2632.0,0.0,0.763352,2.041559,PRT,TGO,6522
1225611,203,215,1047,2014.0,0.0,1601.0,1.227559,0.23416399999999998,STP,TGO,6522
1225612,216,215,1047,2014.0,1823002.0,0.0,1.111392,1.3500370000000002,THA,TGO,6522
1225613,128,218,1047,2014.0,0.0,9274.0,-0.30641399999999996,0.29736799999999997,LKA,TKL,6522
1225614,216,218,1047,2014.0,0.0,7824.0,1.111392,1.3500370000000002,THA,TKL,6522
1225615,103,220,1047,2014.0,3947.0,0.0,0.068135,1.672437,IDN,TLS,6522
1225616,7,223,1047,2014.0,552479.0,2211.0,-0.121018,-0.51841,ARE,TUN,6522
1225617,14,223,1047,2014.0,50226.0,1741.0,-0.587779,-0.29813,AUS,TUN,6522
1225618,15,223,1047,2014.0,78643.0,0.0,1.782532,-0.84455,AUT,TUN,6522
1225619,18,223,1047,2014.0,13236707.0,273300.0,1.182934,1.1967139999999998,BEL,TUN,6522
1225620,22,223,1047,2014.0,14033.0,120823.0,-0.76547,-0.9645469999999999,BGD,TUN,6522
1225621,23,223,1047,2014.0,3863.0,0.0,0.611912,1.594597,BGR,TUN,6522
1225622,24,223,1047,2014.0,554551.0,0.0,0.087173,-0.542374,BHR,TUN,6522
1225623,26,223,1047,2014.0,11829.0,6521.0,0.737556,0.9815530000000001,BIH,TUN,6522
1225624,32,223,1047,2014.0,224209.0,0.0,0.23286700000000002,0.968366,BRA,TUN,6522
1225625,39,223,1047,2014.0,1383.0,0.0,0.6145430000000001,1.1815360000000001,CAN,TUN,6522
1225626,41,223,1047,2014.0,530617.0,13495.0,2.027022,0.780257,CHE,TUN,6522
1225627,43,223,1047,2014.0,10200732.0,271556.0,1.316443,0.35039899999999996,CHN,TUN,6522
1225628,44,223,1047,2014.0,0.0,4773.0,-0.854784,-0.781877,CIV,TUN,6522
1225629,49,223,1047,2014.0,28279.0,9984.0,0.084348,-0.39008200000000004,COL,TUN,6522
1225630,59,223,1047,2014.0,615845.0,11264.0,1.761204,-0.148263,CZE,TUN,6522
1225631,61,223,1047,2014.0,55817872.0,189498.0,2.106119,-3.225189,DEU,TUN,6522
1225632,64,223,1047,2014.0,6003.0,1189.0,1.15411,1.160462,DNK,TUN,6522
1225633,66,223,1047,2014.0,0.0,103791.0,-1.427966,-1.1216760000000001,DZA,TUN,6522
1225634,68,223,1047,2014.0,11635455.0,453362.0,-0.036009,2.027503,EGY,TUN,6522
1225635,71,223,1047,2014.0,22840148.0,276385.0,0.9574159999999999,1.787233,ESP,TUN,6522
1225636,73,223,1047,2014.0,0.0,3394.0,-1.147242,-0.986643,ETH,TUN,6522
1225637,77,223,1047,2014.0,76933568.0,5697714.0,1.432323,0.43023,FRA,TUN,6522
1225638,81,223,1047,2014.0,7751546.0,59998.0,1.542804,0.915499,GBR,TUN,6522
1225639,90,223,1047,2014.0,116314.0,0.0,0.064193,0.955633,GRC,TUN,6522
1225640,97,223,1047,2014.0,620534.0,211212.0,0.9198440000000001,1.257131,HKG,TUN,6522
1225641,102,223,1047,2014.0,348313.0,1170.0,1.713536,0.5681729999999999,HUN,TUN,6522
1225642,103,223,1047,2014.0,479122.0,0.0,0.068135,1.672437,IDN,TUN,6522
1225643,104,223,1047,2014.0,2095272.0,175036.0,0.236316,2.659173,IND,TUN,6522
1225644,111,223,1047,2014.0,135303664.0,12221918.0,1.476328,-0.293302,ITA,TUN,6522
1225645,114,223,1047,2014.0,1048922.0,32635.0,2.297789,-0.58585,JPN,TUN,6522
1225646,115,223,1047,2014.0,18407.0,0.0,-0.503438,-0.5477850000000001,KAZ,TUN,6522
1225647,121,223,1047,2014.0,706387.0,0.0,1.9642650000000001,0.86425,KOR,TUN,6522
1225648,128,223,1047,2014.0,2729.0,14245.0,-0.30641399999999996,0.29736799999999997,LKA,TUN,6522
1225649,130,223,1047,2014.0,31394.0,19103.0,0.679488,1.558981,LTU,TUN,6522
1225650,134,223,1047,2014.0,9634639.0,2351092.0,-0.429457,0.039947,MAR,TUN,6522
1225651,136,223,1047,2014.0,23367.0,68388.0,-0.690485,-0.5090020000000001,MDG,TUN,6522
1225652,138,223,1047,2014.0,5759.0,0.0,1.292327,0.713879,MEX,TUN,6522
1225653,153,223,1047,2014.0,6476.0,0.0,0.995226,0.7797810000000001,MYS,TUN,6522
1225654,157,223,1047,2014.0,0.0,7816.0,-0.709151,-0.869426,NER,TUN,6522
1225655,162,223,1047,2014.0,6167320.0,149639.0,1.08881,1.320941,NLD,TUN,6522
1225656,163,223,1047,2014.0,0.0,5126.0,0.678424,0.137871,NOR,TUN,6522
1225657,168,223,1047,2014.0,9321556.0,0.0,-0.595946,0.493716,PAK,TUN,6522
1225658,174,223,1047,2014.0,1139.0,0.0,0.835601,0.589322,PHL,TUN,6522
1225659,177,223,1047,2014.0,942484.0,319007.0,1.1328690000000001,1.043185,POL,TUN,6522
1225660,178,223,1047,2014.0,7171.0,0.0,-0.11844400000000001,0.067508,PRK,TUN,6522
1225661,179,223,1047,2014.0,3002767.0,51303.0,0.763352,2.041559,PRT,TUN,6522
1225662,185,223,1047,2014.0,1095367.0,6258.0,1.0837940000000001,1.199571,ROU,TUN,6522
1225663,186,223,1047,2014.0,0.0,3899.0,-0.006737000000000001,-0.172237,RUS,TUN,6522
1225664,192,223,1047,2014.0,0.0,1991.0,1.750361,0.63849,SGP,TUN,6522
1225665,201,223,1047,2014.0,0.0,42438.0,0.6017979999999999,1.328124,SRB,TUN,6522
1225666,206,223,1047,2014.0,19213.0,0.0,1.525525,0.773486,SVK,TUN,6522
1225667,207,223,1047,2014.0,4614.0,3517.0,1.554693,0.633504,SVN,TUN,6522
1225668,208,223,1047,2014.0,2198.0,0.0,1.7256330000000002,0.395804,SWE,TUN,6522
1225669,216,223,1047,2014.0,230808.0,0.0,1.111392,1.3500370000000002,THA,TUN,6522
1225670,224,223,1047,2014.0,87012768.0,7727744.0,0.6641600000000001,2.091193,TUR,TUN,6522
1225671,228,223,1047,2014.0,0.0,13238.0,0.505369,1.07634,UKR,TUN,6522
1225672,231,223,1047,2014.0,1772184.0,608911.0,1.569577,-0.293173,USA,TUN,6522
1225673,232,223,1047,2014.0,11731.0,0.0,-0.422387,-0.44193599999999994,UZB,TUN,6522
1225674,239,223,1047,2014.0,18352.0,134188.0,0.135762,1.182052,VNM,TUN,6522
1225675,249,223,1047,2014.0,480853.0,0.0,1.850481,1.081809,TWN,TUN,6522
1225676,250,223,1047,2014.0,23886798.0,19592506.0,0.426964,0.138883,ANS,TUN,6522
1225677,7,226,1047,2014.0,720251.0,0.0,-0.121018,-0.51841,ARE,TZA,6522
1225678,14,226,1047,2014.0,1230.0,0.0,-0.587779,-0.29813,AUS,TZA,6522
1225679,39,226,1047,2014.0,1024.0,0.0,0.6145430000000001,1.1815360000000001,CAN,TZA,6522
1225680,41,226,1047,2014.0,0.0,1019.0,2.027022,0.780257,CHE,TZA,6522
1225681,43,226,1047,2014.0,137661280.0,0.0,1.316443,0.35039899999999996,CHN,TZA,6522
1225682,47,226,1047,2014.0,4693.0,0.0,-1.359593,-1.101705,COG,TZA,6522
1225683,50,226,1047,2014.0,0.0,9844.0,0.21706399999999998,-0.6920810000000001,COM,TZA,6522
1225684,71,226,1047,2014.0,0.0,1112.0,0.9574159999999999,1.787233,ESP,TZA,6522
1225685,77,226,1047,2014.0,0.0,3126330.0,1.432323,0.43023,FRA,TZA,6522
1225686,81,226,1047,2014.0,10229.0,11056.0,1.542804,0.915499,GBR,TZA,6522
1225687,83,226,1047,2014.0,3469.0,0.0,-1.1140299999999999,-1.0711700000000002,GHA,TZA,6522
1225688,97,226,1047,2014.0,1963.0,0.0,0.9198440000000001,1.257131,HKG,TZA,6522
1225689,104,226,1047,2014.0,10047197.0,0.0,0.236316,2.659173,IND,TZA,6522
1225690,111,226,1047,2014.0,1268.0,179985.0,1.476328,-0.293302,ITA,TZA,6522
1225691,116,226,1047,2014.0,34402.0,837707.0,-0.411786,0.219875,KEN,TZA,6522
1225692,147,226,1047,2014.0,0.0,840626.0,-1.03106,-0.9325260000000001,MOZ,TZA,6522
1225693,152,226,1047,2014.0,0.0,1107825.0,-0.457027,-0.588539,MWI,TZA,6522
1225694,159,226,1047,2014.0,1258699.0,0.0,-1.9012419999999999,-1.229264,NGA,TZA,6522
1225695,162,226,1047,2014.0,6182.0,0.0,1.08881,1.320941,NLD,TZA,6522
1225696,168,226,1047,2014.0,3039737.0,0.0,-0.595946,0.493716,PAK,TZA,6522
1225697,187,226,1047,2014.0,0.0,27870.0,-0.475152,-0.390083,RWA,TZA,6522
1225698,216,226,1047,2014.0,4018862.0,0.0,1.111392,1.3500370000000002,THA,TZA,6522
1225699,227,226,1047,2014.0,0.0,71086.0,-0.505738,0.49837200000000004,UGA,TZA,6522
1225700,231,226,1047,2014.0,0.0,5622.0,1.569577,-0.293173,USA,TZA,6522
1225701,246,226,1047,2014.0,61415.0,11585.0,0.156414,1.873848,ZAF,TZA,6522
1225702,247,226,1047,2014.0,0.0,149237.0,-0.506171,-0.680445,ZMB,TZA,6522
1225703,248,226,1047,2014.0,0.0,8881.0,-0.732781,-0.875713,ZWE,TZA,6522
1225704,249,226,1047,2014.0,1728.0,0.0,1.850481,1.081809,TWN,TZA,6522
1225705,7,227,1047,2014.0,117494.0,0.0,-0.121018,-0.51841,ARE,UGA,6522
1225706,17,227,1047,2014.0,0.0,2603.0,-0.13325599999999999,-0.853491,BDI,UGA,6522
1225707,18,227,1047,2014.0,235249.0,0.0,1.182934,1.1967139999999998,BEL,UGA,6522
1225708,43,227,1047,2014.0,2444929.0,0.0,1.316443,0.35039899999999996,CHN,UGA,6522
1225709,46,227,1047,2014.0,19109.0,690198.0,-1.596912,-1.1239940000000002,COD,UGA,6522
1225710,68,227,1047,2014.0,19560.0,0.0,-0.036009,2.027503,EGY,UGA,6522
1225711,81,227,1047,2014.0,83010.0,0.0,1.542804,0.915499,GBR,UGA,6522
1225712,97,227,1047,2014.0,207373.0,0.0,0.9198440000000001,1.257131,HKG,UGA,6522
1225713,104,227,1047,2014.0,563163.0,0.0,0.236316,2.659173,IND,UGA,6522
1225714,111,227,1047,2014.0,16717.0,0.0,1.476328,-0.293302,ITA,UGA,6522
1225715,116,227,1047,2014.0,27714.0,0.0,-0.411786,0.219875,KEN,UGA,6522
1225716,168,227,1047,2014.0,23836.0,0.0,-0.595946,0.493716,PAK,UGA,6522
1225717,187,227,1047,2014.0,116227.0,59429.0,-0.475152,-0.390083,RWA,UGA,6522
1225718,192,227,1047,2014.0,0.0,2562.0,1.750361,0.63849,SGP,UGA,6522
1225719,202,227,1047,2014.0,0.0,1141.0,-2.9228959999999997,-0.926104,SSD,UGA,6522
1225720,216,227,1047,2014.0,25414.0,0.0,1.111392,1.3500370000000002,THA,UGA,6522
1225721,226,227,1047,2014.0,71086.0,0.0,-0.909005,0.511175,TZA,UGA,6522
1225722,246,227,1047,2014.0,1308.0,0.0,0.156414,1.873848,ZAF,UGA,6522
1225723,43,234,1047,2014.0,17903.0,0.0,1.316443,0.35039899999999996,CHN,VCT,6522
1225724,81,234,1047,2014.0,47788.0,0.0,1.542804,0.915499,GBR,VCT,6522
1225725,222,234,1047,2014.0,21080.0,0.0,-0.582991,-1.055078,TTO,VCT,6522
1225726,231,234,1047,2014.0,19297.0,0.0,1.569577,-0.293173,USA,VCT,6522
1225727,2,237,1047,2014.0,0.0,255917.0,-1.547068,-1.121438,AGO,VGB,6522
1225728,61,237,1047,2014.0,11690.0,0.0,2.106119,-3.225189,DEU,VGB,6522
1225729,71,237,1047,2014.0,5931.0,0.0,0.9574159999999999,1.787233,ESP,VGB,6522
1225730,81,237,1047,2014.0,0.0,23910.0,1.542804,0.915499,GBR,VGB,6522
1225731,222,237,1047,2014.0,5303.0,0.0,-0.582991,-1.055078,TTO,VGB,6522
1225732,2,239,1047,2014.0,0.0,2913.0,-1.547068,-1.121438,AGO,VNM,6522
1225733,7,239,1047,2014.0,0.0,25440.0,-0.121018,-0.51841,ARE,VNM,6522
1225734,14,239,1047,2014.0,240241.0,20539.0,-0.587779,-0.29813,AUS,VNM,6522
1225735,15,239,1047,2014.0,177798.0,0.0,1.782532,-0.84455,AUT,VNM,6522
1225736,18,239,1047,2014.0,94315.0,57898.0,1.182934,1.1967139999999998,BEL,VNM,6522
1225737,21,239,1047,2014.0,0.0,5843.0,-0.7933279999999999,-0.872791,BFA,VNM,6522
1225738,22,239,1047,2014.0,200977.0,5071045.0,-0.76547,-0.9645469999999999,BGD,VNM,6522
1225739,24,239,1047,2014.0,11951.0,0.0,0.087173,-0.542374,BHR,VNM,6522
1225740,32,239,1047,2014.0,208307.0,0.0,0.23286700000000002,0.968366,BRA,VNM,6522
1225741,34,239,1047,2014.0,0.0,27051.0,-0.866534,-0.764166,BRN,VNM,6522
1225742,39,239,1047,2014.0,10048.0,63850.0,0.6145430000000001,1.1815360000000001,CAN,VNM,6522
1225743,41,239,1047,2014.0,163367.0,0.0,2.027022,0.780257,CHE,VNM,6522
1225744,42,239,1047,2014.0,112093.0,0.0,-0.196236,-0.162428,CHL,VNM,6522
1225745,43,239,1047,2014.0,1181915008.0,2737862.0,1.316443,0.35039899999999996,CHN,VNM,6522
1225746,49,239,1047,2014.0,78982.0,6075.0,0.084348,-0.39008200000000004,COL,VNM,6522
1225747,52,239,1047,2014.0,0.0,4932.0,0.13936500000000002,-0.573277,CRI,VNM,6522
1225748,59,239,1047,2014.0,4061.0,0.0,1.761204,-0.148263,CZE,VNM,6522
1225749,61,239,1047,2014.0,8421928.0,140456.0,2.106119,-3.225189,DEU,VNM,6522
1225750,64,239,1047,2014.0,37500.0,55589.0,1.15411,1.160462,DNK,VNM,6522
1225751,65,239,1047,2014.0,0.0,31002.0,-0.076532,0.472746,DOM,VNM,6522
1225752,67,239,1047,2014.0,2808.0,0.0,-1.0520559999999999,-1.109638,ECU,VNM,6522
1225753,68,239,1047,2014.0,151022.0,131711.0,-0.036009,2.027503,EGY,VNM,6522
1225754,71,239,1047,2014.0,1502798.0,31281.0,0.9574159999999999,1.787233,ESP,VNM,6522
1225755,72,239,1047,2014.0,35471.0,0.0,1.022704,1.175645,EST,VNM,6522
1225756,77,239,1047,2014.0,1247504.0,128674.0,1.432323,0.43023,FRA,VNM,6522
1225757,81,239,1047,2014.0,2171556.0,95304.0,1.542804,0.915499,GBR,VNM,6522
1225758,85,239,1047,2014.0,0.0,14366.0,-1.7494900000000002,-1.224512,GIN,VNM,6522
1225759,97,239,1047,2014.0,23407228.0,845733.0,0.9198440000000001,1.257131,HKG,VNM,6522
1225760,101,239,1047,2014.0,0.0,125330.0,-0.894977,-1.0674379999999999,HTI,VNM,6522
1225761,103,239,1047,2014.0,12332204.0,4105141.0,0.068135,1.672437,IDN,VNM,6522
1225762,104,239,1047,2014.0,20963082.0,2278950.0,0.236316,2.659173,IND,VNM,6522
1225763,106,239,1047,2014.0,363018.0,0.0,1.3749790000000002,0.41131899999999993,IRL,VNM,6522
1225764,111,239,1047,2014.0,8718447.0,32254.0,1.476328,-0.293302,ITA,VNM,6522
1225765,114,239,1047,2014.0,70966656.0,1526080.0,2.297789,-0.58585,JPN,VNM,6522
1225766,115,239,1047,2014.0,4882.0,0.0,-0.503438,-0.5477850000000001,KAZ,VNM,6522
1225767,116,239,1047,2014.0,32704.0,0.0,-0.411786,0.219875,KEN,VNM,6522
1225768,118,239,1047,2014.0,154095.0,6857390.0,-0.5871430000000001,-0.7545850000000001,KHM,VNM,6522
1225769,121,239,1047,2014.0,62026604.0,6549080.0,1.9642650000000001,0.86425,KOR,VNM,6522
1225770,123,239,1047,2014.0,237403.0,1666499.0,-0.924599,-0.7456430000000001,LAO,VNM,6522
1225771,128,239,1047,2014.0,327559.0,2235703.0,-0.30641399999999996,0.29736799999999997,LKA,VNM,6522
1225772,129,239,1047,2014.0,969855.0,0.0,-0.586123,-0.728193,LSO,VNM,6522
1225773,131,239,1047,2014.0,42277.0,0.0,1.093816,1.270669,LUX,VNM,6522
1225774,132,239,1047,2014.0,0.0,397171.0,0.6501,1.35321,LVA,VNM,6522
1225775,134,239,1047,2014.0,0.0,5544.0,-0.429457,0.039947,MAR,VNM,6522
1225776,135,239,1047,2014.0,0.0,1327.0,0.031916,0.24264499999999997,MDA,VNM,6522
1225777,136,239,1047,2014.0,6363.0,0.0,-0.690485,-0.5090020000000001,MDG,VNM,6522
1225778,138,239,1047,2014.0,153217.0,65460.0,1.292327,0.713879,MEX,VNM,6522
1225779,140,239,1047,2014.0,0.0,17878.0,-0.216313,-0.214403,MKD,VNM,6522
1225780,143,239,1047,2014.0,5219.0,1962504.0,-1.350593,-1.1112229999999998,MMR,VNM,6522
1225781,151,239,1047,2014.0,23312.0,0.0,-0.055786,-0.1488,MUS,VNM,6522
1225782,153,239,1047,2014.0,29470506.0,314162.0,0.995226,0.7797810000000001,MYS,VNM,6522
1225783,162,239,1047,2014.0,426081.0,24429.0,1.08881,1.320941,NLD,VNM,6522
1225784,163,239,1047,2014.0,5861.0,3352.0,0.678424,0.137871,NOR,VNM,6522
1225785,166,239,1047,2014.0,42348.0,1519.0,0.123649,0.26129,NZL,VNM,6522
1225786,168,239,1047,2014.0,22538418.0,16204.0,-0.595946,0.493716,PAK,VNM,6522
1225787,174,239,1047,2014.0,1668140.0,1423044.0,0.835601,0.589322,PHL,VNM,6522
1225788,177,239,1047,2014.0,0.0,6341.0,1.1328690000000001,1.043185,POL,VNM,6522
1225789,179,239,1047,2014.0,731433.0,0.0,0.763352,2.041559,PRT,VNM,6522
1225790,183,239,1047,2014.0,0.0,4059.0,-0.5604899999999999,-0.989015,QAT,VNM,6522
1225791,186,239,1047,2014.0,0.0,68241.0,-0.006737000000000001,-0.172237,RUS,VNM,6522
1225792,192,239,1047,2014.0,6867535.0,228332.0,1.750361,0.63849,SGP,VNM,6522
1225793,206,239,1047,2014.0,1667.0,0.0,1.525525,0.773486,SVK,VNM,6522
1225794,207,239,1047,2014.0,32783.0,0.0,1.554693,0.633504,SVN,VNM,6522
1225795,208,239,1047,2014.0,178274.0,71423.0,1.7256330000000002,0.395804,SWE,VNM,6522
1225796,216,239,1047,2014.0,47701568.0,881401.0,1.111392,1.3500370000000002,THA,VNM,6522
1225797,223,239,1047,2014.0,134188.0,18352.0,0.45973800000000004,0.9595459999999999,TUN,VNM,6522
1225798,224,239,1047,2014.0,14603694.0,83011.0,0.6641600000000001,2.091193,TUR,VNM,6522
1225799,228,239,1047,2014.0,0.0,83241.0,0.505369,1.07634,UKR,VNM,6522
1225800,231,239,1047,2014.0,2301756.0,303711.0,1.569577,-0.293173,USA,VNM,6522
1225801,249,239,1047,2014.0,44818656.0,384889.0,1.850481,1.081809,TWN,VNM,6522
1225802,250,239,1047,2014.0,2940310.0,161421.0,0.426964,0.138883,ANS,VNM,6522
1225803,10,242,1047,2014.0,0.0,2383.0,0.9157930000000001,0.025742,ASM,WSM,6522
1225804,14,242,1047,2014.0,1452.0,0.0,-0.587779,-0.29813,AUS,WSM,6522
1225805,32,242,1047,2014.0,1252804.0,0.0,0.23286700000000002,0.968366,BRA,WSM,6522
1225806,43,242,1047,2014.0,303443.0,0.0,1.316443,0.35039899999999996,CHN,WSM,6522
1225807,75,242,1047,2014.0,313023.0,0.0,-0.20919699999999997,0.095276,FJI,WSM,6522
1225808,97,242,1047,2014.0,33791.0,0.0,0.9198440000000001,1.257131,HKG,WSM,6522
1225809,103,242,1047,2014.0,1348.0,0.0,0.068135,1.672437,IDN,WSM,6522
1225810,166,242,1047,2014.0,220898.0,0.0,0.123649,0.26129,NZL,WSM,6522
1225811,192,242,1047,2014.0,24228.0,0.0,1.750361,0.63849,SGP,WSM,6522
1225812,231,242,1047,2014.0,3063.0,0.0,1.569577,-0.293173,USA,WSM,6522
1225813,7,247,1047,2014.0,30340.0,0.0,-0.121018,-0.51841,ARE,ZMB,6522
1225814,18,247,1047,2014.0,67349.0,0.0,1.182934,1.1967139999999998,BEL,ZMB,6522
1225815,43,247,1047,2014.0,793121.0,1731.0,1.316443,0.35039899999999996,CHN,ZMB,6522
1225816,46,247,1047,2014.0,0.0,4480.0,-1.596912,-1.1239940000000002,COD,ZMB,6522
1225817,68,247,1047,2014.0,11452.0,0.0,-0.036009,2.027503,EGY,ZMB,6522
1225818,81,247,1047,2014.0,0.0,3946.0,1.542804,0.915499,GBR,ZMB,6522
1225819,97,247,1047,2014.0,3075.0,8916.0,0.9198440000000001,1.257131,HKG,ZMB,6522
1225820,104,247,1047,2014.0,1792136.0,0.0,0.236316,2.659173,IND,ZMB,6522
1225821,111,247,1047,2014.0,0.0,3052.0,1.476328,-0.293302,ITA,ZMB,6522
1225822,114,247,1047,2014.0,6432.0,0.0,2.297789,-0.58585,JPN,ZMB,6522
1225823,116,247,1047,2014.0,18507.0,0.0,-0.411786,0.219875,KEN,ZMB,6522
1225824,152,247,1047,2014.0,31388.0,0.0,-0.457027,-0.588539,MWI,ZMB,6522
1225825,155,247,1047,2014.0,0.0,10693.0,-0.5218020000000001,-0.502617,NAM,ZMB,6522
1225826,162,247,1047,2014.0,2041.0,0.0,1.08881,1.320941,NLD,ZMB,6522
1225827,168,247,1047,2014.0,95638.0,0.0,-0.595946,0.493716,PAK,ZMB,6522
1225828,216,247,1047,2014.0,97267.0,0.0,1.111392,1.3500370000000002,THA,ZMB,6522
1225829,226,247,1047,2014.0,149237.0,0.0,-0.909005,0.511175,TZA,ZMB,6522
1225830,231,247,1047,2014.0,8122.0,0.0,1.569577,-0.293173,USA,ZMB,6522
1225831,246,247,1047,2014.0,149201.0,0.0,0.156414,1.873848,ZAF,ZMB,6522
1225832,248,247,1047,2014.0,88598.0,7288.0,-0.732781,-0.875713,ZWE,ZMB,6522
1225833,7,248,1047,2014.0,1842.0,0.0,-0.121018,-0.51841,ARE,ZWE,6522
1225834,37,248,1047,2014.0,0.0,57784.0,-0.7467630000000001,-1.1369690000000001,BWA,ZWE,6522
1225835,43,248,1047,2014.0,2404422.0,0.0,1.316443,0.35039899999999996,CHN,ZWE,6522
1225836,64,248,1047,2014.0,0.0,1384.0,1.15411,1.160462,DNK,ZWE,6522
1225837,81,248,1047,2014.0,1038.0,0.0,1.542804,0.915499,GBR,ZWE,6522
1225838,83,248,1047,2014.0,4827.0,0.0,-1.1140299999999999,-1.0711700000000002,GHA,ZWE,6522
1225839,97,248,1047,2014.0,98568.0,0.0,0.9198440000000001,1.257131,HKG,ZWE,6522
1225840,103,248,1047,2014.0,360760.0,0.0,0.068135,1.672437,IDN,ZWE,6522
1225841,104,248,1047,2014.0,587257.0,0.0,0.236316,2.659173,IND,ZWE,6522
1225842,114,248,1047,2014.0,5683.0,0.0,2.297789,-0.58585,JPN,ZWE,6522
1225843,116,248,1047,2014.0,1193.0,0.0,-0.411786,0.219875,KEN,ZWE,6522
1225844,121,248,1047,2014.0,52663.0,0.0,1.9642650000000001,0.86425,KOR,ZWE,6522
1225845,124,248,1047,2014.0,4453.0,0.0,0.32006799999999996,1.666039,LBN,ZWE,6522
1225846,147,248,1047,2014.0,0.0,11548.0,-1.03106,-0.9325260000000001,MOZ,ZWE,6522
1225847,151,248,1047,2014.0,12841.0,0.0,-0.055786,-0.1488,MUS,ZWE,6522
1225848,162,248,1047,2014.0,121584.0,0.0,1.08881,1.320941,NLD,ZWE,6522
1225849,168,248,1047,2014.0,709458.0,0.0,-0.595946,0.493716,PAK,ZWE,6522
1225850,226,248,1047,2014.0,8881.0,0.0,-0.909005,0.511175,TZA,ZWE,6522
1225851,231,248,1047,2014.0,0.0,2312.0,1.569577,-0.293173,USA,ZWE,6522
1225852,246,248,1047,2014.0,1268011.0,275997.0,0.156414,1.873848,ZAF,ZWE,6522
1225853,247,248,1047,2014.0,7288.0,88598.0,-0.506171,-0.680445,ZMB,ZWE,6522
1225854,249,248,1047,2014.0,6440.0,0.0,1.850481,1.081809,TWN,ZWE,6522
1225855,32,96,1047,2014.0,0.0,1097.0,0.23286700000000002,0.968366,BRA,GUY,6522
1225856,43,96,1047,2014.0,354897.0,0.0,1.316443,0.35039899999999996,CHN,GUY,6522
1225857,77,96,1047,2014.0,0.0,15883.0,1.432323,0.43023,FRA,GUY,6522
1225858,81,96,1047,2014.0,21491.0,0.0,1.542804,0.915499,GBR,GUY,6522
1225859,104,96,1047,2014.0,12429.0,0.0,0.236316,2.659173,IND,GUY,6522
1225860,112,96,1047,2014.0,11195.0,0.0,-0.390841,-0.804425,JAM,GUY,6522
1225861,169,96,1047,2014.0,1256.0,0.0,0.8997200000000001,0.9699139999999999,PAN,GUY,6522
1225862,192,96,1047,2014.0,2580.0,0.0,1.750361,0.63849,SGP,GUY,6522
1225863,222,96,1047,2014.0,7789.0,0.0,-0.582991,-1.055078,TTO,GUY,6522
1225864,231,96,1047,2014.0,317191.0,0.0,1.569577,-0.293173,USA,GUY,6522
1225865,39,127,1047,2014.0,1014.0,0.0,0.6145430000000001,1.1815360000000001,CAN,LCA,6522
1225866,43,127,1047,2014.0,93213.0,0.0,1.316443,0.35039899999999996,CHN,LCA,6522
1225867,81,127,1047,2014.0,38187.0,0.0,1.542804,0.915499,GBR,LCA,6522
1225868,91,127,1047,2014.0,3293.0,0.0,0.30344,-0.5055350000000001,GRD,LCA,6522
1225869,168,127,1047,2014.0,100424.0,0.0,-0.595946,0.493716,PAK,LCA,6522
1225870,169,127,1047,2014.0,8903.0,0.0,0.8997200000000001,0.9699139999999999,PAN,LCA,6522
1225871,222,127,1047,2014.0,56421.0,0.0,-0.582991,-1.055078,TTO,LCA,6522
1225872,231,127,1047,2014.0,102740.0,0.0,1.569577,-0.293173,USA,LCA,6522
1225873,231,149,1047,2014.0,1709.0,0.0,1.569577,-0.293173,USA,MSR,6522
1225874,7,2,1047,2014.0,92379.0,0.0,-0.121018,-0.51841,ARE,AGO,6522
1225875,18,2,1047,2014.0,78136.0,0.0,1.182934,1.1967139999999998,BEL,AGO,6522
1225876,32,2,1047,2014.0,8009.0,0.0,0.23286700000000002,0.968366,BRA,AGO,6522
1225877,42,2,1047,2014.0,19090.0,0.0,-0.196236,-0.162428,CHL,AGO,6522
1225878,43,2,1047,2014.0,12980000.0,0.0,1.316443,0.35039899999999996,CHN,AGO,6522
1225879,46,2,1047,2014.0,70201.0,0.0,-1.596912,-1.1239940000000002,COD,AGO,6522
1225880,59,2,1047,2014.0,2068.0,0.0,1.761204,-0.148263,CZE,AGO,6522
1225881,71,2,1047,2014.0,12849.0,0.0,0.9574159999999999,1.787233,ESP,AGO,6522
1225882,77,2,1047,2014.0,15328.0,0.0,1.432323,0.43023,FRA,AGO,6522
1225883,81,2,1047,2014.0,6415.0,0.0,1.542804,0.915499,GBR,AGO,6522
1225884,97,2,1047,2014.0,10297.0,0.0,0.9198440000000001,1.257131,HKG,AGO,6522
1225885,104,2,1047,2014.0,23866544.0,0.0,0.236316,2.659173,IND,AGO,6522
1225886,121,2,1047,2014.0,49030.0,0.0,1.9642650000000001,0.86425,KOR,AGO,6522
1225887,124,2,1047,2014.0,1578.0,0.0,0.32006799999999996,1.666039,LBN,AGO,6522
1225888,155,2,1047,2014.0,14819.0,0.0,-0.5218020000000001,-0.502617,NAM,AGO,6522
1225889,159,2,1047,2014.0,8408.0,0.0,-1.9012419999999999,-1.229264,NGA,AGO,6522
1225890,162,2,1047,2014.0,47929.0,0.0,1.08881,1.320941,NLD,AGO,6522
1225891,179,2,1047,2014.0,1370601.0,0.0,0.763352,2.041559,PRT,AGO,6522
1225892,203,2,1047,2014.0,0.0,1564.0,1.227559,0.23416399999999998,STP,AGO,6522
1225893,216,2,1047,2014.0,439455.0,0.0,1.111392,1.3500370000000002,THA,AGO,6522
1225894,224,2,1047,2014.0,1088.0,0.0,0.6641600000000001,2.091193,TUR,AGO,6522
1225895,231,2,1047,2014.0,13179.0,0.0,1.569577,-0.293173,USA,AGO,6522
1225896,237,2,1047,2014.0,255917.0,0.0,0.48387299999999994,0.0534,VGB,AGO,6522
1225897,239,2,1047,2014.0,2913.0,0.0,0.135762,1.182052,VNM,AGO,6522
1225898,246,2,1047,2014.0,82023.0,0.0,0.156414,1.873848,ZAF,AGO,6522
1225899,250,2,1047,2014.0,37151.0,0.0,0.426964,0.138883,ANS,AGO,6522
1225900,39,57,1047,2014.0,2086.0,0.0,0.6145430000000001,1.1815360000000001,CAN,CYM,6522
1225901,81,57,1047,2014.0,11032.0,0.0,1.542804,0.915499,GBR,CYM,6522
1225902,222,57,1047,2014.0,18974.0,0.0,-0.582991,-1.055078,TTO,CYM,6522
1225903,231,57,1047,2014.0,30358.0,0.0,1.569577,-0.293173,USA,CYM,6522
1225904,14,135,1047,2014.0,0.0,15805.0,-0.587779,-0.29813,AUS,MDA,6522
1225905,18,135,1047,2014.0,323767.0,427790.0,1.182934,1.1967139999999998,BEL,MDA,6522
1225906,23,135,1047,2014.0,1152.0,12637.0,0.611912,1.594597,BGR,MDA,6522
1225907,26,135,1047,2014.0,0.0,376495.0,0.737556,0.9815530000000001,BIH,MDA,6522
1225908,28,135,1047,2014.0,315794.0,14672.0,0.929114,0.7313069999999999,BLR,MDA,6522
1225909,39,135,1047,2014.0,0.0,5781.0,0.6145430000000001,1.1815360000000001,CAN,MDA,6522
1225910,41,135,1047,2014.0,313356.0,1789.0,2.027022,0.780257,CHE,MDA,6522
1225911,43,135,1047,2014.0,1350768.0,4353.0,1.316443,0.35039899999999996,CHN,MDA,6522
1225912,59,135,1047,2014.0,1211.0,586210.0,1.761204,-0.148263,CZE,MDA,6522
1225913,61,135,1047,2014.0,2382676.0,700660.0,2.106119,-3.225189,DEU,MDA,6522
1225914,68,135,1047,2014.0,1381.0,0.0,-0.036009,2.027503,EGY,MDA,6522
1225915,71,135,1047,2014.0,241333.0,7990.0,0.9574159999999999,1.787233,ESP,MDA,6522
1225916,72,135,1047,2014.0,0.0,11040.0,1.022704,1.175645,EST,MDA,6522
1225917,77,135,1047,2014.0,74955.0,1862412.0,1.432323,0.43023,FRA,MDA,6522
1225918,81,135,1047,2014.0,1533560.0,54918.0,1.542804,0.915499,GBR,MDA,6522
1225919,100,135,1047,2014.0,0.0,1574146.0,0.8627809999999999,1.3475549999999998,HRV,MDA,6522
1225920,102,135,1047,2014.0,1072924.0,454606.0,1.713536,0.5681729999999999,HUN,MDA,6522
1225921,103,135,1047,2014.0,1536.0,1099.0,0.068135,1.672437,IDN,MDA,6522
1225922,104,135,1047,2014.0,2681.0,0.0,0.236316,2.659173,IND,MDA,6522
1225923,111,135,1047,2014.0,9392219.0,2215806.0,1.476328,-0.293302,ITA,MDA,6522
1225924,114,135,1047,2014.0,14540.0,1798.0,2.297789,-0.58585,JPN,MDA,6522
1225925,121,135,1047,2014.0,63857.0,0.0,1.9642650000000001,0.86425,KOR,MDA,6522
1225926,124,135,1047,2014.0,0.0,1167.0,0.32006799999999996,1.666039,LBN,MDA,6522
1225927,128,135,1047,2014.0,5226.0,0.0,-0.30641399999999996,0.29736799999999997,LKA,MDA,6522
1225928,130,135,1047,2014.0,3728.0,56757.0,0.679488,1.558981,LTU,MDA,6522
1225929,132,135,1047,2014.0,8843.0,8493.0,0.6501,1.35321,LVA,MDA,6522
1225930,134,135,1047,2014.0,2969.0,0.0,-0.429457,0.039947,MAR,MDA,6522
1225931,140,135,1047,2014.0,0.0,4411.0,-0.216313,-0.214403,MKD,MDA,6522
1225932,144,135,1047,2014.0,0.0,3739.0,-0.007741,0.018085,MNE,MDA,6522
1225933,162,135,1047,2014.0,403750.0,20247.0,1.08881,1.320941,NLD,MDA,6522
1225934,163,135,1047,2014.0,0.0,6339.0,0.678424,0.137871,NOR,MDA,6522
1225935,168,135,1047,2014.0,77915.0,0.0,-0.595946,0.493716,PAK,MDA,6522
1225936,177,135,1047,2014.0,1771769.0,676298.0,1.1328690000000001,1.043185,POL,MDA,6522
1225937,178,135,1047,2014.0,1750.0,0.0,-0.11844400000000001,0.067508,PRK,MDA,6522
1225938,179,135,1047,2014.0,4806.0,0.0,0.763352,2.041559,PRT,MDA,6522
1225939,185,135,1047,2014.0,333584.0,1365217.0,1.0837940000000001,1.199571,ROU,MDA,6522
1225940,186,135,1047,2014.0,167993.0,7163630.0,-0.006737000000000001,-0.172237,RUS,MDA,6522
1225941,201,135,1047,2014.0,0.0,2170441.0,0.6017979999999999,1.328124,SRB,MDA,6522
1225942,206,135,1047,2014.0,1755960.0,32569.0,1.525525,0.773486,SVK,MDA,6522
1225943,207,135,1047,2014.0,0.0,296952.0,1.554693,0.633504,SVN,MDA,6522
1225944,208,135,1047,2014.0,8455.0,195259.0,1.7256330000000002,0.395804,SWE,MDA,6522
1225945,224,135,1047,2014.0,7122316.0,19862.0,0.6641600000000001,2.091193,TUR,MDA,6522
1225946,228,135,1047,2014.0,84754.0,2041163.0,0.505369,1.07634,UKR,MDA,6522
1225947,231,135,1047,2014.0,0.0,7814.0,1.569577,-0.293173,USA,MDA,6522
1225948,239,135,1047,2014.0,1327.0,0.0,0.135762,1.182052,VNM,MDA,6522
1225949,23,144,1047,2014.0,1088.0,0.0,0.611912,1.594597,BGR,MNE,6522
1225950,26,144,1047,2014.0,12201.0,0.0,0.737556,0.9815530000000001,BIH,MNE,6522
1225951,43,144,1047,2014.0,2752996.0,0.0,1.316443,0.35039899999999996,CHN,MNE,6522
1225952,59,144,1047,2014.0,27484.0,0.0,1.761204,-0.148263,CZE,MNE,6522
1225953,61,144,1047,2014.0,5793.0,0.0,2.106119,-3.225189,DEU,MNE,6522
1225954,68,144,1047,2014.0,10481.0,0.0,-0.036009,2.027503,EGY,MNE,6522
1225955,71,144,1047,2014.0,14267.0,0.0,0.9574159999999999,1.787233,ESP,MNE,6522
1225956,77,144,1047,2014.0,2209.0,0.0,1.432323,0.43023,FRA,MNE,6522
1225957,100,144,1047,2014.0,5569.0,0.0,0.8627809999999999,1.3475549999999998,HRV,MNE,6522
1225958,103,144,1047,2014.0,103498.0,0.0,0.068135,1.672437,IDN,MNE,6522
1225959,104,144,1047,2014.0,75854.0,0.0,0.236316,2.659173,IND,MNE,6522
1225960,111,144,1047,2014.0,543966.0,10415.0,1.476328,-0.293302,ITA,MNE,6522
1225961,135,144,1047,2014.0,3739.0,0.0,0.031916,0.24264499999999997,MDA,MNE,6522
1225962,162,144,1047,2014.0,20868.0,0.0,1.08881,1.320941,NLD,MNE,6522
1225963,192,144,1047,2014.0,1382.0,0.0,1.750361,0.63849,SGP,MNE,6522
1225964,201,144,1047,2014.0,191783.0,1395.0,0.6017979999999999,1.328124,SRB,MNE,6522
1225965,207,144,1047,2014.0,46904.0,0.0,1.554693,0.633504,SVN,MNE,6522
1225966,216,144,1047,2014.0,51786.0,0.0,1.111392,1.3500370000000002,THA,MNE,6522
1225967,224,144,1047,2014.0,277290.0,0.0,0.6641600000000001,2.091193,TUR,MNE,6522
1225968,28,145,1047,2014.0,12240.0,0.0,0.929114,0.7313069999999999,BLR,MNG,6522
1225969,43,145,1047,2014.0,1579699.0,0.0,1.316443,0.35039899999999996,CHN,MNG,6522
1225970,61,145,1047,2014.0,1427.0,0.0,2.106119,-3.225189,DEU,MNG,6522
1225971,71,145,1047,2014.0,2517.0,0.0,0.9574159999999999,1.787233,ESP,MNG,6522
1225972,77,145,1047,2014.0,0.0,1906.0,1.432323,0.43023,FRA,MNG,6522
1225973,111,145,1047,2014.0,1339.0,0.0,1.476328,-0.293302,ITA,MNG,6522
1225974,114,145,1047,2014.0,1825.0,0.0,2.297789,-0.58585,JPN,MNG,6522
1225975,121,145,1047,2014.0,647741.0,0.0,1.9642650000000001,0.86425,KOR,MNG,6522
1225976,186,145,1047,2014.0,313507.0,0.0,-0.006737000000000001,-0.172237,RUS,MNG,6522
1225977,224,145,1047,2014.0,1366.0,0.0,0.6641600000000001,2.091193,TUR,MNG,6522
1225978,7,196,1047,2014.0,30422.0,0.0,-0.121018,-0.51841,ARE,SLE,6522
1225979,43,196,1047,2014.0,2390744.0,0.0,1.316443,0.35039899999999996,CHN,SLE,6522
1225980,81,196,1047,2014.0,4597.0,0.0,1.542804,0.915499,GBR,SLE,6522
1225981,92,196,1047,2014.0,68484.0,0.0,-0.815759,-0.9168860000000001,GRL,SLE,6522
1225982,97,196,1047,2014.0,35594.0,0.0,0.9198440000000001,1.257131,HKG,SLE,6522
1225983,104,196,1047,2014.0,1148003.0,0.0,0.236316,2.659173,IND,SLE,6522
1225984,124,196,1047,2014.0,16840.0,0.0,0.32006799999999996,1.666039,LBN,SLE,6522
1225985,162,196,1047,2014.0,1582.0,0.0,1.08881,1.320941,NLD,SLE,6522
1225986,166,196,1047,2014.0,0.0,1169.0,0.123649,0.26129,NZL,SLE,6522
1225987,224,196,1047,2014.0,32096.0,0.0,0.6641600000000001,2.091193,TUR,SLE,6522
1225988,15,198,1047,2014.0,0.0,1701.0,1.782532,-0.84455,AUT,SMR,6522
1225989,23,198,1047,2014.0,0.0,10992.0,0.611912,1.594597,BGR,SMR,6522
1225990,26,198,1047,2014.0,0.0,63193.0,0.737556,0.9815530000000001,BIH,SMR,6522
1225991,61,198,1047,2014.0,7608.0,141108.0,2.106119,-3.225189,DEU,SMR,6522
1225992,71,198,1047,2014.0,37607.0,0.0,0.9574159999999999,1.787233,ESP,SMR,6522
1225993,162,198,1047,2014.0,17026.0,0.0,1.08881,1.320941,NLD,SMR,6522
1225994,177,198,1047,2014.0,0.0,61547.0,1.1328690000000001,1.043185,POL,SMR,6522
1225995,179,198,1047,2014.0,232693.0,0.0,0.763352,2.041559,PRT,SMR,6522
1225996,185,198,1047,2014.0,13262.0,6043296.0,1.0837940000000001,1.199571,ROU,SMR,6522
1225997,207,198,1047,2014.0,0.0,6194.0,1.554693,0.633504,SVN,SMR,6522
1225998,28,217,1047,2014.0,43839.0,0.0,0.929114,0.7313069999999999,BLR,TJK,6522
1225999,43,217,1047,2014.0,31273112.0,0.0,1.316443,0.35039899999999996,CHN,TJK,6522
1226000,77,217,1047,2014.0,31257.0,0.0,1.432323,0.43023,FRA,TJK,6522
1226001,111,217,1047,2014.0,0.0,1940.0,1.476328,-0.293302,ITA,TJK,6522
1226002,177,217,1047,2014.0,0.0,446048.0,1.1328690000000001,1.043185,POL,TJK,6522
1226003,186,217,1047,2014.0,0.0,8541.0,-0.006737000000000001,-0.172237,RUS,TJK,6522
1226004,224,217,1047,2014.0,112500.0,0.0,0.6641600000000001,2.091193,TUR,TJK,6522
1226005,7,219,1047,2014.0,13536.0,29651.0,-0.121018,-0.51841,ARE,TKM,6522
1226006,39,219,1047,2014.0,0.0,175226.0,0.6145430000000001,1.1815360000000001,CAN,TKM,6522
1226007,43,219,1047,2014.0,128828.0,0.0,1.316443,0.35039899999999996,CHN,TKM,6522
1226008,61,219,1047,2014.0,0.0,1087106.0,2.106119,-3.225189,DEU,TKM,6522
1226009,71,219,1047,2014.0,0.0,497371.0,0.9574159999999999,1.787233,ESP,TKM,6522
1226010,77,219,1047,2014.0,30746.0,0.0,1.432323,0.43023,FRA,TKM,6522
1226011,90,219,1047,2014.0,0.0,12801.0,0.064193,0.955633,GRC,TKM,6522
1226012,104,219,1047,2014.0,1015.0,0.0,0.236316,2.659173,IND,TKM,6522
1226013,107,219,1047,2014.0,342918.0,0.0,-0.47744899999999996,-0.429676,IRN,TKM,6522
1226014,111,219,1047,2014.0,0.0,237730.0,1.476328,-0.293302,ITA,TKM,6522
1226015,115,219,1047,2014.0,0.0,59661.0,-0.503438,-0.5477850000000001,KAZ,TKM,6522
1226016,134,219,1047,2014.0,0.0,150206.0,-0.429457,0.039947,MAR,TKM,6522
1226017,140,219,1047,2014.0,0.0,101178.0,-0.216313,-0.214403,MKD,TKM,6522
1226018,177,219,1047,2014.0,0.0,1140387.0,1.1328690000000001,1.043185,POL,TKM,6522
1226019,179,219,1047,2014.0,0.0,619070.0,0.763352,2.041559,PRT,TKM,6522
1226020,186,219,1047,2014.0,212438.0,780187.0,-0.006737000000000001,-0.172237,RUS,TKM,6522
1226021,224,219,1047,2014.0,423262.0,17239428.0,0.6641600000000001,2.091193,TUR,TKM,6522
1226022,228,219,1047,2014.0,70521.0,281074.0,0.505369,1.07634,UKR,TKM,6522
1226023,231,219,1047,2014.0,0.0,9442.0,1.569577,-0.293173,USA,TKM,6522
1226024,7,50,1047,2014.0,52324.0,0.0,-0.121018,-0.51841,ARE,COM,6522
1226025,43,50,1047,2014.0,55638.0,0.0,1.316443,0.35039899999999996,CHN,COM,6522
1226026,77,50,1047,2014.0,6840.0,0.0,1.432323,0.43023,FRA,COM,6522
1226027,104,50,1047,2014.0,1385810.0,0.0,0.236316,2.659173,IND,COM,6522
1226028,151,50,1047,2014.0,77913.0,0.0,-0.055786,-0.1488,MUS,COM,6522
1226029,188,50,1047,2014.0,4615.0,0.0,-0.188727,-0.8629459999999999,SAU,COM,6522
1226030,226,50,1047,2014.0,9844.0,0.0,-0.909005,0.511175,TZA,COM,6522
1226031,10,75,1047,2014.0,0.0,132948.0,0.9157930000000001,0.025742,ASM,FJI,6522
1226032,14,75,1047,2014.0,2473882.0,74776.0,-0.587779,-0.29813,AUS,FJI,6522
1226033,43,75,1047,2014.0,2769199.0,3028.0,1.316443,0.35039899999999996,CHN,FJI,6522
1226034,48,75,1047,2014.0,0.0,68240.0,0.294978,-0.634726,COK,FJI,6522
1226035,56,75,1047,2014.0,0.0,5366.0,0.718815,-0.5351060000000001,CXR,FJI,6522
1226036,61,75,1047,2014.0,3683.0,29111.0,2.106119,-3.225189,DEU,FJI,6522
1226037,77,75,1047,2014.0,121767.0,0.0,1.432323,0.43023,FRA,FJI,6522
1226038,81,75,1047,2014.0,430484.0,0.0,1.542804,0.915499,GBR,FJI,6522
1226039,97,75,1047,2014.0,515630.0,4645.0,0.9198440000000001,1.257131,HKG,FJI,6522
1226040,103,75,1047,2014.0,544458.0,0.0,0.068135,1.672437,IDN,FJI,6522
1226041,104,75,1047,2014.0,1021679.0,4309.0,0.236316,2.659173,IND,FJI,6522
1226042,111,75,1047,2014.0,162607.0,0.0,1.476328,-0.293302,ITA,FJI,6522
1226043,114,75,1047,2014.0,16680.0,0.0,2.297789,-0.58585,JPN,FJI,6522
1226044,119,75,1047,2014.0,0.0,414021.0,0.321741,-0.633105,KIR,FJI,6522
1226045,121,75,1047,2014.0,152152.0,0.0,1.9642650000000001,0.86425,KOR,FJI,6522
1226046,153,75,1047,2014.0,119371.0,0.0,0.995226,0.7797810000000001,MYS,FJI,6522
1226047,156,75,1047,2014.0,0.0,72536.0,-0.201994,-0.723618,NCL,FJI,6522
1226048,165,75,1047,2014.0,0.0,2389.0,0.819549,-0.363745,NRU,FJI,6522
1226049,166,75,1047,2014.0,453697.0,63988.0,0.123649,0.26129,NZL,FJI,6522
1226050,168,75,1047,2014.0,722854.0,0.0,-0.595946,0.493716,PAK,FJI,6522
1226051,182,75,1047,2014.0,0.0,194645.0,-0.187778,-0.7217060000000001,PYF,FJI,6522
1226052,185,75,1047,2014.0,12805.0,0.0,1.0837940000000001,1.199571,ROU,FJI,6522
1226053,192,75,1047,2014.0,514743.0,0.0,1.750361,0.63849,SGP,FJI,6522
1226054,195,75,1047,2014.0,0.0,32525.0,-0.990974,-0.930271,SLB,FJI,6522
1226055,216,75,1047,2014.0,1619862.0,69457.0,1.111392,1.3500370000000002,THA,FJI,6522
1226056,221,75,1047,2014.0,0.0,84613.0,-0.11423299999999999,-0.431381,TON,FJI,6522
1226057,225,75,1047,2014.0,0.0,15714.0,0.843995,-0.591014,TUV,FJI,6522
1226058,231,75,1047,2014.0,162277.0,10766.0,1.569577,-0.293173,USA,FJI,6522
1226059,240,75,1047,2014.0,0.0,167431.0,-1.103645,-0.978606,VUT,FJI,6522
1226060,241,75,1047,2014.0,0.0,14820.0,1.03308,-0.30007399999999995,WLF,FJI,6522
1226061,242,75,1047,2014.0,0.0,313023.0,0.576162,0.094416,WSM,FJI,6522
1226062,249,75,1047,2014.0,773657.0,0.0,1.850481,1.081809,TWN,FJI,6522
1226063,43,175,1047,2014.0,21005.0,0.0,1.316443,0.35039899999999996,CHN,PLW,6522
1226064,95,175,1047,2014.0,6500.0,0.0,0.642578,-0.143714,GUM,PLW,6522
1226065,97,175,1047,2014.0,64796.0,0.0,0.9198440000000001,1.257131,HKG,PLW,6522
1226066,114,175,1047,2014.0,3761.0,0.0,2.297789,-0.58585,JPN,PLW,6522
1226067,231,175,1047,2014.0,11376.0,0.0,1.569577,-0.293173,USA,PLW,6522
1226068,249,175,1047,2014.0,9532.0,0.0,1.850481,1.081809,TWN,PLW,6522
1226069,43,0,1047,2014.0,1394.0,0.0,1.316443,0.35039899999999996,CHN,ABW,6522
1226070,49,0,1047,2014.0,7418.0,0.0,0.084348,-0.39008200000000004,COL,ABW,6522
1226071,55,0,1047,2014.0,1162.0,3077.0,0.094776,-0.738603,CUW,ABW,6522
1226072,65,0,1047,2014.0,2036.0,0.0,-0.076532,0.472746,DOM,ABW,6522
1226073,81,0,1047,2014.0,24714.0,0.0,1.542804,0.915499,GBR,ABW,6522
1226074,111,0,1047,2014.0,5426.0,0.0,1.476328,-0.293302,ITA,ABW,6522
1226075,122,0,1047,2014.0,0.0,6993.0,-1.2601069999999999,-1.0929360000000001,KWT,ABW,6522
1226076,162,0,1047,2014.0,61715.0,0.0,1.08881,1.320941,NLD,ABW,6522
1226077,169,0,1047,2014.0,3527.0,0.0,0.8997200000000001,0.9699139999999999,PAN,ABW,6522
1226078,231,0,1047,2014.0,280182.0,0.0,1.569577,-0.293173,USA,ABW,6522
1226079,250,0,1047,2014.0,9415.0,0.0,0.426964,0.138883,ANS,ABW,6522
1226080,7,1,1047,2014.0,10559.0,0.0,-0.121018,-0.51841,ARE,AFG,6522
1226081,43,1,1047,2014.0,30531.0,0.0,1.316443,0.35039899999999996,CHN,AFG,6522
1226082,104,1,1047,2014.0,537394.0,0.0,0.236316,2.659173,IND,AFG,6522
1226083,107,1,1047,2014.0,206682.0,0.0,-0.47744899999999996,-0.429676,IRN,AFG,6522
1226084,114,1,1047,2014.0,189632.0,0.0,2.297789,-0.58585,JPN,AFG,6522
1226085,121,1,1047,2014.0,9229657.0,0.0,1.9642650000000001,0.86425,KOR,AFG,6522
1226086,168,1,1047,2014.0,159486.0,0.0,-0.595946,0.493716,PAK,AFG,6522
1226087,224,1,1047,2014.0,25783.0,0.0,0.6641600000000001,2.091193,TUR,AFG,6522
1226088,18,5,1047,2014.0,14078.0,0.0,1.182934,1.1967139999999998,BEL,AND,6522
1226089,61,5,1047,2014.0,1203.0,0.0,2.106119,-3.225189,DEU,AND,6522
1226090,64,5,1047,2014.0,1461.0,0.0,1.15411,1.160462,DNK,AND,6522
1226091,71,5,1047,2014.0,29129.0,0.0,0.9574159999999999,1.787233,ESP,AND,6522
1226092,77,5,1047,2014.0,15827.0,0.0,1.432323,0.43023,FRA,AND,6522
1226093,81,5,1047,2014.0,3998.0,0.0,1.542804,0.915499,GBR,AND,6522
1226094,111,5,1047,2014.0,4517.0,0.0,1.476328,-0.293302,ITA,AND,6522
1226095,148,5,1047,2014.0,0.0,23697.0,-1.425856,-1.213441,MRT,AND,6522
1226096,162,5,1047,2014.0,2701.0,0.0,1.08881,1.320941,NLD,AND,6522
1226097,18,17,1047,2014.0,20665.0,0.0,1.182934,1.1967139999999998,BEL,BDI,6522
1226098,43,17,1047,2014.0,57395.0,0.0,1.316443,0.35039899999999996,CHN,BDI,6522
1226099,46,17,1047,2014.0,16968.0,0.0,-1.596912,-1.1239940000000002,COD,BDI,6522
1226100,68,17,1047,2014.0,0.0,45722.0,-0.036009,2.027503,EGY,BDI,6522
1226101,104,17,1047,2014.0,177335.0,0.0,0.236316,2.659173,IND,BDI,6522
1226102,116,17,1047,2014.0,15602.0,0.0,-0.411786,0.219875,KEN,BDI,6522
1226103,187,17,1047,2014.0,0.0,48300.0,-0.475152,-0.390083,RWA,BDI,6522
1226104,227,17,1047,2014.0,2603.0,0.0,-0.505738,0.49837200000000004,UGA,BDI,6522
1226105,39,30,1047,2014.0,2567.0,0.0,0.6145430000000001,1.1815360000000001,CAN,BMU,6522
1226106,61,30,1047,2014.0,2619.0,0.0,2.106119,-3.225189,DEU,BMU,6522
1226107,81,30,1047,2014.0,96177.0,0.0,1.542804,0.915499,GBR,BMU,6522
1226108,231,30,1047,2014.0,196502.0,0.0,1.569577,-0.293173,USA,BMU,6522
1226109,7,34,1047,2014.0,65115.0,0.0,-0.121018,-0.51841,ARE,BRN,6522
1226110,14,34,1047,2014.0,7288.0,0.0,-0.587779,-0.29813,AUS,BRN,6522
1226111,43,34,1047,2014.0,2402512.0,0.0,1.316443,0.35039899999999996,CHN,BRN,6522
1226112,61,34,1047,2014.0,7639.0,0.0,2.106119,-3.225189,DEU,BRN,6522
1226113,81,34,1047,2014.0,10154.0,0.0,1.542804,0.915499,GBR,BRN,6522
1226114,97,34,1047,2014.0,24296.0,0.0,0.9198440000000001,1.257131,HKG,BRN,6522
1226115,103,34,1047,2014.0,212575.0,0.0,0.068135,1.672437,IDN,BRN,6522
1226116,104,34,1047,2014.0,105886.0,0.0,0.236316,2.659173,IND,BRN,6522
1226117,111,34,1047,2014.0,7914.0,0.0,1.476328,-0.293302,ITA,BRN,6522
1226118,114,34,1047,2014.0,3304.0,0.0,2.297789,-0.58585,JPN,BRN,6522
1226119,121,34,1047,2014.0,2007.0,0.0,1.9642650000000001,0.86425,KOR,BRN,6522
1226120,153,34,1047,2014.0,118128.0,2365.0,0.995226,0.7797810000000001,MYS,BRN,6522
1226121,162,34,1047,2014.0,80433.0,0.0,1.08881,1.320941,NLD,BRN,6522
1226122,192,34,1047,2014.0,1013252.0,1655.0,1.750361,0.63849,SGP,BRN,6522
1226123,216,34,1047,2014.0,24536.0,0.0,1.111392,1.3500370000000002,THA,BRN,6522
1226124,231,34,1047,2014.0,71914.0,0.0,1.569577,-0.293173,USA,BRN,6522
1226125,239,34,1047,2014.0,27051.0,0.0,0.135762,1.182052,VNM,BRN,6522
1226126,249,34,1047,2014.0,17036.0,0.0,1.850481,1.081809,TWN,BRN,6522
1226127,43,63,1047,2014.0,2981376.0,0.0,1.316443,0.35039899999999996,CHN,DMA,6522
1226128,65,63,1047,2014.0,135668.0,0.0,-0.076532,0.472746,DOM,DMA,6522
1226129,104,63,1047,2014.0,31073.0,0.0,0.236316,2.659173,IND,DMA,6522
1226130,222,63,1047,2014.0,38935.0,0.0,-0.582991,-1.055078,TTO,DMA,6522
1226131,7,69,1047,2014.0,53665.0,0.0,-0.121018,-0.51841,ARE,ERI,6522
1226132,43,69,1047,2014.0,690867.0,0.0,1.316443,0.35039899999999996,CHN,ERI,6522
1226133,104,69,1047,2014.0,89298.0,0.0,0.236316,2.659173,IND,ERI,6522
1226134,111,69,1047,2014.0,152300.0,0.0,1.476328,-0.293302,ITA,ERI,6522
1226135,162,69,1047,2014.0,1911.0,0.0,1.08881,1.320941,NLD,ERI,6522
1226136,208,69,1047,2014.0,3950.0,0.0,1.7256330000000002,0.395804,SWE,ERI,6522
1226137,224,69,1047,2014.0,364175.0,0.0,0.6641600000000001,2.091193,TUR,ERI,6522
1226138,61,78,1047,2014.0,1356.0,0.0,2.106119,-3.225189,DEU,FRO,6522
1226139,64,78,1047,2014.0,45926.0,0.0,1.15411,1.160462,DNK,FRO,6522
1226140,74,78,1047,2014.0,2466.0,0.0,1.591758,0.9737819999999999,FIN,FRO,6522
1226141,208,78,1047,2014.0,1318.0,0.0,1.7256330000000002,0.395804,SWE,FRO,6522
1226142,15,87,1047,2014.0,17658.0,0.0,1.782532,-0.84455,AUT,GMB,6522
1226143,43,87,1047,2014.0,147924000.0,0.0,1.316443,0.35039899999999996,CHN,GMB,6522
1226144,44,87,1047,2014.0,0.0,1659.0,-0.854784,-0.781877,CIV,GMB,6522
1226145,59,87,1047,2014.0,1666972.0,0.0,1.761204,-0.148263,CZE,GMB,6522
1226146,61,87,1047,2014.0,275531.0,0.0,2.106119,-3.225189,DEU,GMB,6522
1226147,81,87,1047,2014.0,3419.0,0.0,1.542804,0.915499,GBR,GMB,6522
1226148,85,87,1047,2014.0,7744.0,0.0,-1.7494900000000002,-1.224512,GIN,GMB,6522
1226149,104,87,1047,2014.0,15496915.0,0.0,0.236316,2.659173,IND,GMB,6522
1226150,162,87,1047,2014.0,1652947.0,0.0,1.08881,1.320941,NLD,GMB,6522
1226151,168,87,1047,2014.0,327712.0,0.0,-0.595946,0.493716,PAK,GMB,6522
1226152,191,87,1047,2014.0,2856.0,0.0,-0.509239,0.002353,SEN,GMB,6522
1226153,215,87,1047,2014.0,35000.0,0.0,-0.58937,-0.43368,TGO,GMB,6522
1226154,231,87,1047,2014.0,12269.0,0.0,1.569577,-0.293173,USA,GMB,6522
1226155,43,101,1047,2014.0,8116311.0,0.0,1.316443,0.35039899999999996,CHN,HTI,6522
1226156,65,101,1047,2014.0,185953360.0,0.0,-0.076532,0.472746,DOM,HTI,6522
1226157,97,101,1047,2014.0,56392.0,0.0,0.9198440000000001,1.257131,HKG,HTI,6522
1226158,103,101,1047,2014.0,488319.0,0.0,0.068135,1.672437,IDN,HTI,6522
1226159,121,101,1047,2014.0,2070.0,0.0,1.9642650000000001,0.86425,KOR,HTI,6522
1226160,153,101,1047,2014.0,36059.0,0.0,0.995226,0.7797810000000001,MYS,HTI,6522
1226161,160,101,1047,2014.0,113370.0,0.0,-0.85321,-0.796656,NIC,HTI,6522
1226162,168,101,1047,2014.0,124518.0,0.0,-0.595946,0.493716,PAK,HTI,6522
1226163,197,101,1047,2014.0,218919.0,0.0,0.11639200000000001,0.368644,SLV,HTI,6522
1226164,216,101,1047,2014.0,16282.0,0.0,1.111392,1.3500370000000002,THA,HTI,6522
1226165,231,101,1047,2014.0,775111.0,0.0,1.569577,-0.293173,USA,HTI,6522
1226166,239,101,1047,2014.0,125330.0,0.0,0.135762,1.182052,VNM,HTI,6522
1226167,43,119,1047,2014.0,206587.0,0.0,1.316443,0.35039899999999996,CHN,KIR,6522
1226168,75,119,1047,2014.0,414021.0,0.0,-0.20919699999999997,0.095276,FJI,KIR,6522
1226169,97,119,1047,2014.0,6951.0,0.0,0.9198440000000001,1.257131,HKG,KIR,6522
1226170,103,119,1047,2014.0,24061.0,0.0,0.068135,1.672437,IDN,KIR,6522
1226171,104,119,1047,2014.0,18638.0,0.0,0.236316,2.659173,IND,KIR,6522
1226172,114,119,1047,2014.0,1504.0,0.0,2.297789,-0.58585,JPN,KIR,6522
1226173,153,119,1047,2014.0,1994.0,0.0,0.995226,0.7797810000000001,MYS,KIR,6522
1226174,166,119,1047,2014.0,16530.0,0.0,0.123649,0.26129,NZL,KIR,6522
1226175,192,119,1047,2014.0,54139.0,0.0,1.750361,0.63849,SGP,KIR,6522
1226176,216,119,1047,2014.0,35828.0,0.0,1.111392,1.3500370000000002,THA,KIR,6522
1226177,249,119,1047,2014.0,3123.0,0.0,1.850481,1.081809,TWN,KIR,6522
1226178,7,129,1047,2014.0,283683.0,0.0,-0.121018,-0.51841,ARE,LSO,6522
1226179,43,129,1047,2014.0,2197829.0,14535.0,1.316443,0.35039899999999996,CHN,LSO,6522
1226180,68,129,1047,2014.0,0.0,68636.0,-0.036009,2.027503,EGY,LSO,6522
1226181,81,129,1047,2014.0,0.0,20612.0,1.542804,0.915499,GBR,LSO,6522
1226182,97,129,1047,2014.0,1166741.0,0.0,0.9198440000000001,1.257131,HKG,LSO,6522
1226183,104,129,1047,2014.0,11804683.0,0.0,0.236316,2.659173,IND,LSO,6522
1226184,114,129,1047,2014.0,1758.0,0.0,2.297789,-0.58585,JPN,LSO,6522
1226185,151,129,1047,2014.0,0.0,395906.0,-0.055786,-0.1488,MUS,LSO,6522
1226186,168,129,1047,2014.0,4094382.0,0.0,-0.595946,0.493716,PAK,LSO,6522
1226187,209,129,1047,2014.0,0.0,116445.0,0.383407,-0.064228,SWZ,LSO,6522
1226188,216,129,1047,2014.0,628442.0,0.0,1.111392,1.3500370000000002,THA,LSO,6522
1226189,231,129,1047,2014.0,0.0,1582836.0,1.569577,-0.293173,USA,LSO,6522
1226190,239,129,1047,2014.0,0.0,969855.0,0.135762,1.182052,VNM,LSO,6522
1226191,246,129,1047,2014.0,7663713.0,2687127.0,0.156414,1.873848,ZAF,LSO,6522
1226192,249,129,1047,2014.0,3985671.0,25783.0,1.850481,1.081809,TWN,LSO,6522
1226193,7,137,1047,2014.0,424914.0,0.0,-0.121018,-0.51841,ARE,MDV,6522
1226194,14,137,1047,2014.0,2747.0,0.0,-0.587779,-0.29813,AUS,MDV,6522
1226195,22,137,1047,2014.0,1080.0,0.0,-0.76547,-0.9645469999999999,BGD,MDV,6522
1226196,43,137,1047,2014.0,90841.0,0.0,1.316443,0.35039899999999996,CHN,MDV,6522
1226197,61,137,1047,2014.0,1444.0,0.0,2.106119,-3.225189,DEU,MDV,6522
1226198,97,137,1047,2014.0,10193.0,0.0,0.9198440000000001,1.257131,HKG,MDV,6522
1226199,103,137,1047,2014.0,88023.0,0.0,0.068135,1.672437,IDN,MDV,6522
1226200,104,137,1047,2014.0,370813.0,0.0,0.236316,2.659173,IND,MDV,6522
1226201,111,137,1047,2014.0,4662.0,0.0,1.476328,-0.293302,ITA,MDV,6522
1226202,121,137,1047,2014.0,3713.0,0.0,1.9642650000000001,0.86425,KOR,MDV,6522
1226203,128,137,1047,2014.0,219476.0,0.0,-0.30641399999999996,0.29736799999999997,LKA,MDV,6522
1226204,151,137,1047,2014.0,11908.0,0.0,-0.055786,-0.1488,MUS,MDV,6522
1226205,153,137,1047,2014.0,66729.0,0.0,0.995226,0.7797810000000001,MYS,MDV,6522
1226206,168,137,1047,2014.0,1825.0,0.0,-0.595946,0.493716,PAK,MDV,6522
1226207,192,137,1047,2014.0,146243.0,0.0,1.750361,0.63849,SGP,MDV,6522
1226208,216,137,1047,2014.0,191636.0,0.0,1.111392,1.3500370000000002,THA,MDV,6522
1226209,224,137,1047,2014.0,1215.0,0.0,0.6641600000000001,2.091193,TUR,MDV,6522
1226210,231,137,1047,2014.0,7281.0,0.0,1.569577,-0.293173,USA,MDV,6522
1226211,14,143,1047,2014.0,5436.0,0.0,-0.587779,-0.29813,AUS,MMR,6522
1226212,15,143,1047,2014.0,11918.0,0.0,1.782532,-0.84455,AUT,MMR,6522
1226213,22,143,1047,2014.0,10707.0,0.0,-0.76547,-0.9645469999999999,BGD,MMR,6522
1226214,43,143,1047,2014.0,116482208.0,26102.0,1.316443,0.35039899999999996,CHN,MMR,6522
1226215,61,143,1047,2014.0,29018.0,0.0,2.106119,-3.225189,DEU,MMR,6522
1226216,71,143,1047,2014.0,233698.0,1937.0,0.9574159999999999,1.787233,ESP,MMR,6522
1226217,77,143,1047,2014.0,13056.0,0.0,1.432323,0.43023,FRA,MMR,6522
1226218,97,143,1047,2014.0,4674600.0,0.0,0.9198440000000001,1.257131,HKG,MMR,6522
1226219,103,143,1047,2014.0,1446575.0,0.0,0.068135,1.672437,IDN,MMR,6522
1226220,104,143,1047,2014.0,5703462.0,0.0,0.236316,2.659173,IND,MMR,6522
1226221,111,143,1047,2014.0,519931.0,0.0,1.476328,-0.293302,ITA,MMR,6522
1226222,114,143,1047,2014.0,4020358.0,10004.0,2.297789,-0.58585,JPN,MMR,6522
1226223,121,143,1047,2014.0,8677978.0,1169.0,1.9642650000000001,0.86425,KOR,MMR,6522
1226224,153,143,1047,2014.0,1045618.0,0.0,0.995226,0.7797810000000001,MYS,MMR,6522
1226225,168,143,1047,2014.0,451215.0,0.0,-0.595946,0.493716,PAK,MMR,6522
1226226,179,143,1047,2014.0,1162.0,0.0,0.763352,2.041559,PRT,MMR,6522
1226227,186,143,1047,2014.0,2574.0,0.0,-0.006737000000000001,-0.172237,RUS,MMR,6522
1226228,192,143,1047,2014.0,669879.0,0.0,1.750361,0.63849,SGP,MMR,6522
1226229,216,143,1047,2014.0,64707860.0,94038.0,1.111392,1.3500370000000002,THA,MMR,6522
1226230,224,143,1047,2014.0,49210.0,0.0,0.6641600000000001,2.091193,TUR,MMR,6522
1226231,231,143,1047,2014.0,19190.0,0.0,1.569577,-0.293173,USA,MMR,6522
1226232,239,143,1047,2014.0,1962504.0,5219.0,0.135762,1.182052,VNM,MMR,6522
1226233,249,143,1047,2014.0,237110.0,0.0,1.850481,1.081809,TWN,MMR,6522
1226234,7,152,1047,2014.0,16601.0,0.0,-0.121018,-0.51841,ARE,MWI,6522
1226235,43,152,1047,2014.0,460355.0,0.0,1.316443,0.35039899999999996,CHN,MWI,6522
1226236,97,152,1047,2014.0,11817.0,0.0,0.9198440000000001,1.257131,HKG,MWI,6522
1226237,104,152,1047,2014.0,328697.0,0.0,0.236316,2.659173,IND,MWI,6522
1226238,116,152,1047,2014.0,1686.0,0.0,-0.411786,0.219875,KEN,MWI,6522
1226239,162,152,1047,2014.0,9490.0,0.0,1.08881,1.320941,NLD,MWI,6522
1226240,168,152,1047,2014.0,29482.0,0.0,-0.595946,0.493716,PAK,MWI,6522
1226241,192,152,1047,2014.0,16775.0,0.0,1.750361,0.63849,SGP,MWI,6522
1226242,226,152,1047,2014.0,1107825.0,0.0,-0.909005,0.511175,TZA,MWI,6522
1226243,231,152,1047,2014.0,1563.0,0.0,1.569577,-0.293173,USA,MWI,6522
1226244,246,152,1047,2014.0,117791.0,0.0,0.156414,1.873848,ZAF,MWI,6522
1226245,247,152,1047,2014.0,0.0,31388.0,-0.506171,-0.680445,ZMB,MWI,6522
1226246,14,156,1047,2014.0,6661.0,0.0,-0.587779,-0.29813,AUS,NCL,6522
1226247,18,156,1047,2014.0,1157.0,0.0,1.182934,1.1967139999999998,BEL,NCL,6522
1226248,43,156,1047,2014.0,698672.0,0.0,1.316443,0.35039899999999996,CHN,NCL,6522
1226249,61,156,1047,2014.0,132242.0,0.0,2.106119,-3.225189,DEU,NCL,6522
1226250,71,156,1047,2014.0,6945.0,0.0,0.9574159999999999,1.787233,ESP,NCL,6522
1226251,75,156,1047,2014.0,72536.0,0.0,-0.20919699999999997,0.095276,FJI,NCL,6522
1226252,77,156,1047,2014.0,356130.0,0.0,1.432323,0.43023,FRA,NCL,6522
1226253,97,156,1047,2014.0,104062.0,0.0,0.9198440000000001,1.257131,HKG,NCL,6522
1226254,103,156,1047,2014.0,1510.0,0.0,0.068135,1.672437,IDN,NCL,6522
1226255,104,156,1047,2014.0,77305.0,0.0,0.236316,2.659173,IND,NCL,6522
1226256,111,156,1047,2014.0,1117.0,1809.0,1.476328,-0.293302,ITA,NCL,6522
1226257,121,156,1047,2014.0,5762.0,0.0,1.9642650000000001,0.86425,KOR,NCL,6522
1226258,153,156,1047,2014.0,18507.0,0.0,0.995226,0.7797810000000001,MYS,NCL,6522
1226259,162,156,1047,2014.0,39072.0,0.0,1.08881,1.320941,NLD,NCL,6522
1226260,166,156,1047,2014.0,174841.0,0.0,0.123649,0.26129,NZL,NCL,6522
1226261,192,156,1047,2014.0,41145.0,0.0,1.750361,0.63849,SGP,NCL,6522
1226262,216,156,1047,2014.0,168476.0,0.0,1.111392,1.3500370000000002,THA,NCL,6522
1226263,231,156,1047,2014.0,41691.0,0.0,1.569577,-0.293173,USA,NCL,6522
1226264,240,156,1047,2014.0,5556.0,0.0,-1.103645,-0.978606,VUT,NCL,6522
1226265,241,156,1047,2014.0,0.0,42597.0,1.03308,-0.30007399999999995,WLF,NCL,6522
1226266,249,156,1047,2014.0,1918.0,0.0,1.850481,1.081809,TWN,NCL,6522
1226267,7,157,1047,2014.0,4436.0,0.0,-0.121018,-0.51841,ARE,NER,6522
1226268,15,157,1047,2014.0,90818.0,0.0,1.782532,-0.84455,AUT,NER,6522
1226269,19,157,1047,2014.0,13836.0,766092.0,-0.461501,-0.7216819999999999,BEN,NER,6522
1226270,21,157,1047,2014.0,2939443.0,318244.0,-0.7933279999999999,-0.872791,BFA,NER,6522
1226271,41,157,1047,2014.0,9880.0,0.0,2.027022,0.780257,CHE,NER,6522
1226272,43,157,1047,2014.0,827529.0,23440.0,1.316443,0.35039899999999996,CHN,NER,6522
1226273,44,157,1047,2014.0,4219778.0,1694179.0,-0.854784,-0.781877,CIV,NER,6522
1226274,61,157,1047,2014.0,2256308.0,0.0,2.106119,-3.225189,DEU,NER,6522
1226275,71,157,1047,2014.0,2105.0,0.0,0.9574159999999999,1.787233,ESP,NER,6522
1226276,77,157,1047,2014.0,104863.0,0.0,1.432323,0.43023,FRA,NER,6522
1226277,81,157,1047,2014.0,1014.0,0.0,1.542804,0.915499,GBR,NER,6522
1226278,83,157,1047,2014.0,235896.0,107784.0,-1.1140299999999999,-1.0711700000000002,GHA,NER,6522
1226279,104,157,1047,2014.0,3221042.0,0.0,0.236316,2.659173,IND,NER,6522
1226280,111,157,1047,2014.0,1488.0,0.0,1.476328,-0.293302,ITA,NER,6522
1226281,134,157,1047,2014.0,41434.0,0.0,-0.429457,0.039947,MAR,NER,6522
1226282,141,157,1047,2014.0,27396.0,0.0,-1.027153,-1.0197370000000001,MLI,NER,6522
1226283,159,157,1047,2014.0,204251.0,12245.0,-1.9012419999999999,-1.229264,NGA,NER,6522
1226284,162,157,1047,2014.0,9942386.0,412978.0,1.08881,1.320941,NLD,NER,6522
1226285,168,157,1047,2014.0,3054.0,0.0,-0.595946,0.493716,PAK,NER,6522
1226286,191,157,1047,2014.0,0.0,30105.0,-0.509239,0.002353,SEN,NER,6522
1226287,214,157,1047,2014.0,0.0,45343.0,-2.592004,-1.008548,TCD,NER,6522
1226288,215,157,1047,2014.0,103907.0,0.0,-0.58937,-0.43368,TGO,NER,6522
1226289,216,157,1047,2014.0,8443912.0,0.0,1.111392,1.3500370000000002,THA,NER,6522
1226290,223,157,1047,2014.0,7816.0,0.0,0.45973800000000004,0.9595459999999999,TUN,NER,6522
1226291,224,157,1047,2014.0,6126.0,0.0,0.6641600000000001,2.091193,TUR,NER,6522
1226292,231,157,1047,2014.0,6131.0,0.0,1.569577,-0.293173,USA,NER,6522
1226293,250,157,1047,2014.0,31470.0,0.0,0.426964,0.138883,ANS,NER,6522
1226294,14,176,1047,2014.0,217002.0,0.0,-0.587779,-0.29813,AUS,PNG,6522
1226295,43,176,1047,2014.0,614043.0,0.0,1.316443,0.35039899999999996,CHN,PNG,6522
1226296,97,176,1047,2014.0,49605.0,0.0,0.9198440000000001,1.257131,HKG,PNG,6522
1226297,103,176,1047,2014.0,41379.0,0.0,0.068135,1.672437,IDN,PNG,6522
1226298,104,176,1047,2014.0,219223.0,0.0,0.236316,2.659173,IND,PNG,6522
1226299,153,176,1047,2014.0,25693.0,0.0,0.995226,0.7797810000000001,MYS,PNG,6522
1226300,166,176,1047,2014.0,3384.0,0.0,0.123649,0.26129,NZL,PNG,6522
1226301,192,176,1047,2014.0,129779.0,0.0,1.750361,0.63849,SGP,PNG,6522
1226302,216,176,1047,2014.0,233629.0,0.0,1.111392,1.3500370000000002,THA,PNG,6522
1226303,7,187,1047,2014.0,52917.0,0.0,-0.121018,-0.51841,ARE,RWA,6522
1226304,17,187,1047,2014.0,48300.0,0.0,-0.13325599999999999,-0.853491,BDI,RWA,6522
1226305,18,187,1047,2014.0,142691.0,0.0,1.182934,1.1967139999999998,BEL,RWA,6522
1226306,43,187,1047,2014.0,335187.0,0.0,1.316443,0.35039899999999996,CHN,RWA,6522
1226307,46,187,1047,2014.0,823222.0,1215.0,-1.596912,-1.1239940000000002,COD,RWA,6522
1226308,68,187,1047,2014.0,143896.0,0.0,-0.036009,2.027503,EGY,RWA,6522
1226309,77,187,1047,2014.0,1098.0,0.0,1.432323,0.43023,FRA,RWA,6522
1226310,97,187,1047,2014.0,42552.0,0.0,0.9198440000000001,1.257131,HKG,RWA,6522
1226311,104,187,1047,2014.0,326775.0,0.0,0.236316,2.659173,IND,RWA,6522
1226312,116,187,1047,2014.0,64536.0,0.0,-0.411786,0.219875,KEN,RWA,6522
1226313,162,187,1047,2014.0,1158193.0,0.0,1.08881,1.320941,NLD,RWA,6522
1226314,191,187,1047,2014.0,15668.0,0.0,-0.509239,0.002353,SEN,RWA,6522
1226315,216,187,1047,2014.0,1247.0,0.0,1.111392,1.3500370000000002,THA,RWA,6522
1226316,226,187,1047,2014.0,27870.0,0.0,-0.909005,0.511175,TZA,RWA,6522
1226317,227,187,1047,2014.0,59429.0,116227.0,-0.505738,0.49837200000000004,UGA,RWA,6522
1226318,155,194,1047,2014.0,10820.0,0.0,-0.5218020000000001,-0.502617,NAM,SHN,6522
1226319,246,194,1047,2014.0,1080.0,0.0,0.156414,1.873848,ZAF,SHN,6522
1226320,14,195,1047,2014.0,2098.0,0.0,-0.587779,-0.29813,AUS,SLB,6522
1226321,43,195,1047,2014.0,57837.0,0.0,1.316443,0.35039899999999996,CHN,SLB,6522
1226322,75,195,1047,2014.0,32525.0,0.0,-0.20919699999999997,0.095276,FJI,SLB,6522
1226323,97,195,1047,2014.0,6467.0,0.0,0.9198440000000001,1.257131,HKG,SLB,6522
1226324,103,195,1047,2014.0,1090.0,0.0,0.068135,1.672437,IDN,SLB,6522
1226325,166,195,1047,2014.0,126795.0,0.0,0.123649,0.26129,NZL,SLB,6522
1226326,192,195,1047,2014.0,81805.0,0.0,1.750361,0.63849,SGP,SLB,6522
1226327,216,195,1047,2014.0,4600.0,0.0,1.111392,1.3500370000000002,THA,SLB,6522
1226328,7,199,1047,2014.0,193859.0,0.0,-0.121018,-0.51841,ARE,SOM,6522
1226329,103,199,1047,2014.0,13054.0,0.0,0.068135,1.672437,IDN,SOM,6522
1226330,104,199,1047,2014.0,5688.0,0.0,0.236316,2.659173,IND,SOM,6522
1226331,168,199,1047,2014.0,71350.0,0.0,-0.595946,0.493716,PAK,SOM,6522
1226332,246,199,1047,2014.0,2209.0,0.0,0.156414,1.873848,ZAF,SOM,6522
1226333,168,202,1047,2014.0,138084.0,0.0,-0.595946,0.493716,PAK,SSD,6522
1226334,227,202,1047,2014.0,1141.0,0.0,-0.505738,0.49837200000000004,UGA,SSD,6522
1226335,7,214,1047,2014.0,57148.0,0.0,-0.121018,-0.51841,ARE,TCD,6522
1226336,15,214,1047,2014.0,2805995.0,0.0,1.782532,-0.84455,AUT,TCD,6522
1226337,41,214,1047,2014.0,482506.0,0.0,2.027022,0.780257,CHE,TCD,6522
1226338,43,214,1047,2014.0,53611.0,0.0,1.316443,0.35039899999999996,CHN,TCD,6522
1226339,45,214,1047,2014.0,38358.0,0.0,-0.726413,-0.927583,CMR,TCD,6522
1226340,61,214,1047,2014.0,13850.0,0.0,2.106119,-3.225189,DEU,TCD,6522
1226341,68,214,1047,2014.0,1546.0,0.0,-0.036009,2.027503,EGY,TCD,6522
1226342,77,214,1047,2014.0,128163.0,0.0,1.432323,0.43023,FRA,TCD,6522
1226343,104,214,1047,2014.0,182262.0,0.0,0.236316,2.659173,IND,TCD,6522
1226344,157,214,1047,2014.0,45343.0,0.0,-0.709151,-0.869426,NER,TCD,6522
1226345,43,221,1047,2014.0,23679.0,0.0,1.316443,0.35039899999999996,CHN,TON,6522
1226346,75,221,1047,2014.0,84613.0,0.0,-0.20919699999999997,0.095276,FJI,TON,6522
1226347,97,221,1047,2014.0,12878.0,0.0,0.9198440000000001,1.257131,HKG,TON,6522
1226348,166,221,1047,2014.0,56475.0,0.0,0.123649,0.26129,NZL,TON,6522
1226349,192,221,1047,2014.0,1161.0,0.0,1.750361,0.63849,SGP,TON,6522
1226350,216,221,1047,2014.0,21979.0,0.0,1.111392,1.3500370000000002,THA,TON,6522
1226351,231,221,1047,2014.0,2395.0,0.0,1.569577,-0.293173,USA,TON,6522
1226352,249,221,1047,2014.0,2225.0,0.0,1.850481,1.081809,TWN,TON,6522
1226353,7,232,1047,2014.0,2097.0,1383.0,-0.121018,-0.51841,ARE,UZB,6522
1226354,15,232,1047,2014.0,0.0,35022.0,1.782532,-0.84455,AUT,UZB,6522
1226355,16,232,1047,2014.0,0.0,205814.0,-1.230795,-1.237163,AZE,UZB,6522
1226356,41,232,1047,2014.0,0.0,10770.0,2.027022,0.780257,CHE,UZB,6522
1226357,43,232,1047,2014.0,127747.0,0.0,1.316443,0.35039899999999996,CHN,UZB,6522
1226358,61,232,1047,2014.0,0.0,43988.0,2.106119,-3.225189,DEU,UZB,6522
1226359,68,232,1047,2014.0,110032.0,0.0,-0.036009,2.027503,EGY,UZB,6522
1226360,82,232,1047,2014.0,0.0,177136.0,-0.23090300000000002,-0.510401,GEO,UZB,6522
1226361,104,232,1047,2014.0,1453016.0,0.0,0.236316,2.659173,IND,UZB,6522
1226362,107,232,1047,2014.0,103130.0,0.0,-0.47744899999999996,-0.429676,IRN,UZB,6522
1226363,111,232,1047,2014.0,22714.0,157603.0,1.476328,-0.293302,ITA,UZB,6522
1226364,115,232,1047,2014.0,0.0,4257288.0,-0.503438,-0.5477850000000001,KAZ,UZB,6522
1226365,117,232,1047,2014.0,0.0,544257.0,-0.11451099999999999,0.358754,KGZ,UZB,6522
1226366,121,232,1047,2014.0,1505112.0,0.0,1.9642650000000001,0.86425,KOR,UZB,6522
1226367,134,232,1047,2014.0,0.0,17893.0,-0.429457,0.039947,MAR,UZB,6522
1226368,140,232,1047,2014.0,0.0,20223.0,-0.216313,-0.214403,MKD,UZB,6522
1226369,177,232,1047,2014.0,0.0,27492.0,1.1328690000000001,1.043185,POL,UZB,6522
1226370,179,232,1047,2014.0,0.0,91933.0,0.763352,2.041559,PRT,UZB,6522
1226371,186,232,1047,2014.0,9279.0,2854474.0,-0.006737000000000001,-0.172237,RUS,UZB,6522
1226372,223,232,1047,2014.0,0.0,11731.0,0.45973800000000004,0.9595459999999999,TUN,UZB,6522
1226373,224,232,1047,2014.0,336110.0,62458.0,0.6641600000000001,2.091193,TUR,UZB,6522
1226374,228,232,1047,2014.0,0.0,187789.0,0.505369,1.07634,UKR,UZB,6522
1226375,231,232,1047,2014.0,0.0,3385.0,1.569577,-0.293173,USA,UZB,6522
1226376,14,240,1047,2014.0,8069.0,0.0,-0.587779,-0.29813,AUS,VUT,6522
1226377,43,240,1047,2014.0,1375.0,0.0,1.316443,0.35039899999999996,CHN,VUT,6522
1226378,75,240,1047,2014.0,167431.0,0.0,-0.20919699999999997,0.095276,FJI,VUT,6522
1226379,81,240,1047,2014.0,17588.0,0.0,1.542804,0.915499,GBR,VUT,6522
1226380,97,240,1047,2014.0,1589.0,0.0,0.9198440000000001,1.257131,HKG,VUT,6522
1226381,103,240,1047,2014.0,5756.0,0.0,0.068135,1.672437,IDN,VUT,6522
1226382,156,240,1047,2014.0,0.0,5556.0,-0.201994,-0.723618,NCL,VUT,6522
1226383,166,240,1047,2014.0,126246.0,0.0,0.123649,0.26129,NZL,VUT,6522
1226384,43,91,1047,2014.0,2047.0,0.0,1.316443,0.35039899999999996,CHN,GRD,6522
1226385,81,91,1047,2014.0,45725.0,0.0,1.542804,0.915499,GBR,GRD,6522
1226386,127,91,1047,2014.0,0.0,3293.0,0.636416,-0.464264,LCA,GRD,6522
1226387,222,91,1047,2014.0,48422.0,0.0,-0.582991,-1.055078,TTO,GRD,6522
1226388,231,91,1047,2014.0,10210.0,0.0,1.569577,-0.293173,USA,GRD,6522
1226389,14,182,1047,2014.0,9715.0,0.0,-0.587779,-0.29813,AUS,PYF,6522
1226390,43,182,1047,2014.0,520156.0,0.0,1.316443,0.35039899999999996,CHN,PYF,6522
1226391,71,182,1047,2014.0,45177.0,0.0,0.9574159999999999,1.787233,ESP,PYF,6522
1226392,75,182,1047,2014.0,194645.0,0.0,-0.20919699999999997,0.095276,FJI,PYF,6522
1226393,77,182,1047,2014.0,69467.0,0.0,1.432323,0.43023,FRA,PYF,6522
1226394,97,182,1047,2014.0,74241.0,0.0,0.9198440000000001,1.257131,HKG,PYF,6522
1226395,103,182,1047,2014.0,7673.0,0.0,0.068135,1.672437,IDN,PYF,6522
1226396,104,182,1047,2014.0,3681.0,0.0,0.236316,2.659173,IND,PYF,6522
1226397,111,182,1047,2014.0,8766.0,0.0,1.476328,-0.293302,ITA,PYF,6522
1226398,114,182,1047,2014.0,11849.0,0.0,2.297789,-0.58585,JPN,PYF,6522
1226399,162,182,1047,2014.0,17871.0,0.0,1.08881,1.320941,NLD,PYF,6522
1226400,166,182,1047,2014.0,405779.0,0.0,0.123649,0.26129,NZL,PYF,6522
1226401,168,182,1047,2014.0,25958.0,0.0,-0.595946,0.493716,PAK,PYF,6522
1226402,179,182,1047,2014.0,72615.0,0.0,0.763352,2.041559,PRT,PYF,6522
1226403,192,182,1047,2014.0,127574.0,0.0,1.750361,0.63849,SGP,PYF,6522
1226404,216,182,1047,2014.0,207893.0,0.0,1.111392,1.3500370000000002,THA,PYF,6522
1226405,224,182,1047,2014.0,3774.0,0.0,0.6641600000000001,2.091193,TUR,PYF,6522
1226406,231,182,1047,2014.0,57400.0,0.0,1.569577,-0.293173,USA,PYF,6522
1226407,75,10,1047,2014.0,132948.0,0.0,-0.20919699999999997,0.095276,FJI,ASM,6522
1226408,166,10,1047,2014.0,116891.0,0.0,0.123649,0.26129,NZL,ASM,6522
1226409,242,10,1047,2014.0,2383.0,0.0,0.576162,0.094416,WSM,ASM,6522
1226410,43,48,1047,2014.0,40517.0,0.0,1.316443,0.35039899999999996,CHN,COK,6522
1226411,75,48,1047,2014.0,68240.0,0.0,-0.20919699999999997,0.095276,FJI,COK,6522
1226412,166,48,1047,2014.0,86746.0,0.0,0.123649,0.26129,NZL,COK,6522
1226413,192,48,1047,2014.0,8339.0,0.0,1.750361,0.63849,SGP,COK,6522
1226414,216,48,1047,2014.0,15119.0,0.0,1.111392,1.3500370000000002,THA,COK,6522
1226415,75,56,1047,2014.0,5366.0,0.0,-0.20919699999999997,0.095276,FJI,CXR,6522
1226416,81,76,1047,2014.0,10686.0,0.0,1.542804,0.915499,GBR,FLK,6522
1226417,97,79,1047,2014.0,125080.0,0.0,0.9198440000000001,1.257131,HKG,FSM,6522
1226418,104,79,1047,2014.0,9269.0,0.0,0.236316,2.659173,IND,FSM,6522
1226419,174,79,1047,2014.0,4477.0,0.0,0.835601,0.589322,PHL,FSM,6522
1226420,22,92,1047,2014.0,3404.0,0.0,-0.76547,-0.9645469999999999,BGD,GRL,6522
1226421,61,92,1047,2014.0,2810.0,0.0,2.106119,-3.225189,DEU,GRL,6522
1226422,64,92,1047,2014.0,27145.0,0.0,1.15411,1.160462,DNK,GRL,6522
1226423,196,92,1047,2014.0,0.0,68484.0,-0.718496,-0.750311,SLE,GRL,6522
1226424,224,92,1047,2014.0,9304.0,0.0,0.6641600000000001,2.091193,TUR,GRL,6522
1226425,71,95,1047,2014.0,6717.0,0.0,0.9574159999999999,1.787233,ESP,GUM,6522
1226426,74,95,1047,2014.0,3439.0,0.0,1.591758,0.9737819999999999,FIN,GUM,6522
1226427,121,95,1047,2014.0,3266.0,0.0,1.9642650000000001,0.86425,KOR,GUM,6522
1226428,174,95,1047,2014.0,14497.0,0.0,0.835601,0.589322,PHL,GUM,6522
1226429,175,95,1047,2014.0,0.0,6500.0,0.310879,-0.526995,PLW,GUM,6522
1226430,166,161,1047,2014.0,3849.0,0.0,0.123649,0.26129,NZL,NIU,6522
1226431,81,213,1047,2014.0,11610.0,0.0,1.542804,0.915499,GBR,TCA,6522
1226432,162,213,1047,2014.0,5739.0,0.0,1.08881,1.320941,NLD,TCA,6522
1226433,177,213,1047,2014.0,0.0,104205.0,1.1328690000000001,1.043185,POL,TCA,6522
1226434,231,213,1047,2014.0,15904.0,0.0,1.569577,-0.293173,USA,TCA,6522
1226435,75,225,1047,2014.0,15714.0,0.0,-0.20919699999999997,0.095276,FJI,TUV,6522
1226436,43,241,1047,2014.0,3627.0,0.0,1.316443,0.35039899999999996,CHN,WLF,6522
1226437,75,241,1047,2014.0,14820.0,0.0,-0.20919699999999997,0.095276,FJI,WLF,6522
1226438,156,241,1047,2014.0,42597.0,0.0,-0.201994,-0.723618,NCL,WLF,6522
1226439,166,241,1047,2014.0,2278.0,0.0,0.123649,0.26129,NZL,WLF,6522
1226440,111,210,1047,2014.0,3970.0,0.0,1.476328,-0.293302,ITA,SXM,6522
1226441,162,210,1047,2014.0,3622.0,0.0,1.08881,1.320941,NLD,SXM,6522
1226442,222,210,1047,2014.0,21561.0,0.0,-0.582991,-1.055078,TTO,SXM,6522
1226443,231,210,1047,2014.0,15176.0,0.0,1.569577,-0.293173,USA,SXM,6522
1226444,190,233,1047,2014.0,0.0,22137.0,-1.473904,-1.154731,SDN,VAT,6522
1226445,222,3,1047,2014.0,1074.0,0.0,-0.582991,-1.055078,TTO,AIA,6522
1226446,222,12,1047,2014.0,6443.0,0.0,-0.582991,-1.055078,TTO,ATF,6522
1226447,162,20,1047,2014.0,35637.0,0.0,1.08881,1.320941,NLD,BES,6522
1226448,1,7,1048,2014.0,0.0,5261328.0,-0.9800639999999999,-0.8281790000000001,AFG,ARE,6531
1226449,2,7,1048,2014.0,0.0,375210.0,-1.547068,-1.121438,AGO,ARE,6531
1226450,4,7,1048,2014.0,0.0,370007.0,-0.44000200000000006,-0.168443,ALB,ARE,6531
1226451,9,7,1048,2014.0,0.0,1897743.0,-0.143991,-0.5265890000000001,ARM,ARE,6531
1226452,14,7,1048,2014.0,54969.0,2317753.0,-0.587779,-0.29813,AUS,ARE,6531
1226453,15,7,1048,2014.0,84075.0,23399.0,1.782532,-0.84455,AUT,ARE,6531
1226454,16,7,1048,2014.0,0.0,209736.0,-1.230795,-1.237163,AZE,ARE,6531
1226455,17,7,1048,2014.0,0.0,21382.0,-0.13325599999999999,-0.853491,BDI,ARE,6531
1226456,18,7,1048,2014.0,624242.0,2440088.0,1.182934,1.1967139999999998,BEL,ARE,6531
1226457,19,7,1048,2014.0,0.0,254177.0,-0.461501,-0.7216819999999999,BEN,ARE,6531
1226458,22,7,1048,2014.0,44034.0,191681.0,-0.76547,-0.9645469999999999,BGD,ARE,6531
1226459,23,7,1048,2014.0,0.0,25274.0,0.611912,1.594597,BGR,ARE,6531
1226460,24,7,1048,2014.0,39876.0,131384.0,0.087173,-0.542374,BHR,ARE,6531
1226461,26,7,1048,2014.0,2861.0,0.0,0.737556,0.9815530000000001,BIH,ARE,6531
1226462,28,7,1048,2014.0,0.0,206059.0,0.929114,0.7313069999999999,BLR,ARE,6531
1226463,32,7,1048,2014.0,0.0,45914.0,0.23286700000000002,0.968366,BRA,ARE,6531
1226464,34,7,1048,2014.0,0.0,270266.0,-0.866534,-0.764166,BRN,ARE,6531
1226465,37,7,1048,2014.0,0.0,3330.0,-0.7467630000000001,-1.1369690000000001,BWA,ARE,6531
1226466,38,7,1048,2014.0,0.0,614088.0,0.741726,0.502542,CAF,ARE,6531
1226467,39,7,1048,2014.0,197116.0,2267962.0,0.6145430000000001,1.1815360000000001,CAN,ARE,6531
1226468,41,7,1048,2014.0,210885.0,0.0,2.027022,0.780257,CHE,ARE,6531
1226469,42,7,1048,2014.0,0.0,252012.0,-0.196236,-0.162428,CHL,ARE,6531
1226470,43,7,1048,2014.0,653290304.0,1692179.0,1.316443,0.35039899999999996,CHN,ARE,6531
1226471,44,7,1048,2014.0,0.0,300418.0,-0.854784,-0.781877,CIV,ARE,6531
1226472,45,7,1048,2014.0,0.0,321760.0,-0.726413,-0.927583,CMR,ARE,6531
1226473,46,7,1048,2014.0,0.0,42300.0,-1.596912,-1.1239940000000002,COD,ARE,6531
1226474,47,7,1048,2014.0,0.0,108671.0,-1.359593,-1.101705,COG,ARE,6531
1226475,50,7,1048,2014.0,0.0,580851.0,0.21706399999999998,-0.6920810000000001,COM,ARE,6531
1226476,58,7,1048,2014.0,10940.0,0.0,0.476854,0.572103,CYP,ARE,6531
1226477,59,7,1048,2014.0,183163.0,195662.0,1.761204,-0.148263,CZE,ARE,6531
1226478,61,7,1048,2014.0,2544377.0,526602.0,2.106119,-3.225189,DEU,ARE,6531
1226479,62,7,1048,2014.0,0.0,6474106.0,-0.552959,-0.840274,DJI,ARE,6531
1226480,64,7,1048,2014.0,161894.0,0.0,1.15411,1.160462,DNK,ARE,6531
1226481,66,7,1048,2014.0,0.0,8061032.0,-1.427966,-1.1216760000000001,DZA,ARE,6531
1226482,67,7,1048,2014.0,0.0,71383.0,-1.0520559999999999,-1.109638,ECU,ARE,6531
1226483,68,7,1048,2014.0,925123.0,1744624.0,-0.036009,2.027503,EGY,ARE,6531
1226484,69,7,1048,2014.0,0.0,2529412.0,-1.8750509999999998,-1.1314790000000001,ERI,ARE,6531
1226485,71,7,1048,2014.0,572219.0,624456.0,0.9574159999999999,1.787233,ESP,ARE,6531
1226486,72,7,1048,2014.0,0.0,152576.0,1.022704,1.175645,EST,ARE,6531
1226487,73,7,1048,2014.0,0.0,5061655.0,-1.147242,-0.986643,ETH,ARE,6531
1226488,74,7,1048,2014.0,0.0,5536450.0,1.591758,0.9737819999999999,FIN,ARE,6531
1226489,77,7,1048,2014.0,1249086.0,401894.0,1.432323,0.43023,FRA,ARE,6531
1226490,80,7,1048,2014.0,0.0,55690.0,-1.354381,-1.100019,GAB,ARE,6531
1226491,81,7,1048,2014.0,2385396.0,1819190.0,1.542804,0.915499,GBR,ARE,6531
1226492,82,7,1048,2014.0,0.0,978591.0,-0.23090300000000002,-0.510401,GEO,ARE,6531
1226493,83,7,1048,2014.0,0.0,711947.0,-1.1140299999999999,-1.0711700000000002,GHA,ARE,6531
1226494,85,7,1048,2014.0,0.0,275376.0,-1.7494900000000002,-1.224512,GIN,ARE,6531
1226495,87,7,1048,2014.0,0.0,766536.0,-0.79725,-0.8249059999999999,GMB,ARE,6531
1226496,89,7,1048,2014.0,0.0,53042.0,-2.26689,-0.896274,GNQ,ARE,6531
1226497,90,7,1048,2014.0,48011.0,231821.0,0.064193,0.955633,GRC,ARE,6531
1226498,97,7,1048,2014.0,311268.0,19355.0,0.9198440000000001,1.257131,HKG,ARE,6531
1226499,100,7,1048,2014.0,0.0,8018.0,0.8627809999999999,1.3475549999999998,HRV,ARE,6531
1226500,102,7,1048,2014.0,296850.0,11259.0,1.713536,0.5681729999999999,HUN,ARE,6531
1226501,103,7,1048,2014.0,170658928.0,946609.0,0.068135,1.672437,IDN,ARE,6531
1226502,104,7,1048,2014.0,260474544.0,2082725.0,0.236316,2.659173,IND,ARE,6531
1226503,106,7,1048,2014.0,20870.0,0.0,1.3749790000000002,0.41131899999999993,IRL,ARE,6531
1226504,107,7,1048,2014.0,209990.0,335882432.0,-0.47744899999999996,-0.429676,IRN,ARE,6531
1226505,108,7,1048,2014.0,0.0,73488360.0,-3.04704,-0.9082290000000001,IRQ,ARE,6531
1226506,111,7,1048,2014.0,5101112.0,181197.0,1.476328,-0.293302,ITA,ARE,6531
1226507,113,7,1048,2014.0,85084.0,2013288.0,0.23508800000000002,0.47597,JOR,ARE,6531
1226508,114,7,1048,2014.0,69303592.0,0.0,2.297789,-0.58585,JPN,ARE,6531
1226509,115,7,1048,2014.0,0.0,299228.0,-0.503438,-0.5477850000000001,KAZ,ARE,6531
1226510,116,7,1048,2014.0,10950.0,5684460.0,-0.411786,0.219875,KEN,ARE,6531
1226511,117,7,1048,2014.0,0.0,268496.0,-0.11451099999999999,0.358754,KGZ,ARE,6531
1226512,118,7,1048,2014.0,0.0,4431.0,-0.5871430000000001,-0.7545850000000001,KHM,ARE,6531
1226513,121,7,1048,2014.0,193750448.0,314777.0,1.9642650000000001,0.86425,KOR,ARE,6531
1226514,122,7,1048,2014.0,128720.0,653518.0,-1.2601069999999999,-1.0929360000000001,KWT,ARE,6531
1226515,124,7,1048,2014.0,26191.0,90554.0,0.32006799999999996,1.666039,LBN,ARE,6531
1226516,125,7,1048,2014.0,0.0,47708.0,-1.191134,-1.076719,LBR,ARE,6531
1226517,126,7,1048,2014.0,0.0,2019958.0,-1.539253,-1.159929,LBY,ARE,6531
1226518,128,7,1048,2014.0,160065.0,583231.0,-0.30641399999999996,0.29736799999999997,LKA,ARE,6531
1226519,130,7,1048,2014.0,0.0,109577.0,0.679488,1.558981,LTU,ARE,6531
1226520,131,7,1048,2014.0,7704.0,0.0,1.093816,1.270669,LUX,ARE,6531
1226521,132,7,1048,2014.0,2158.0,315237.0,0.6501,1.35321,LVA,ARE,6531
1226522,134,7,1048,2014.0,242025.0,141834.0,-0.429457,0.039947,MAR,ARE,6531
1226523,135,7,1048,2014.0,0.0,27259.0,0.031916,0.24264499999999997,MDA,ARE,6531
1226524,136,7,1048,2014.0,0.0,112205.0,-0.690485,-0.5090020000000001,MDG,ARE,6531
1226525,137,7,1048,2014.0,0.0,1166307.0,-0.6189939999999999,-0.880108,MDV,ARE,6531
1226526,138,7,1048,2014.0,17850.0,42482.0,1.292327,0.713879,MEX,ARE,6531
1226527,140,7,1048,2014.0,0.0,14308.0,-0.216313,-0.214403,MKD,ARE,6531
1226528,141,7,1048,2014.0,0.0,196730.0,-1.027153,-1.0197370000000001,MLI,ARE,6531
1226529,142,7,1048,2014.0,0.0,2887.0,0.8871379999999999,0.088535,MLT,ARE,6531
1226530,143,7,1048,2014.0,0.0,3424.0,-1.350593,-1.1112229999999998,MMR,ARE,6531
1226531,147,7,1048,2014.0,0.0,2284180.0,-1.03106,-0.9325260000000001,MOZ,ARE,6531
1226532,148,7,1048,2014.0,0.0,544833.0,-1.425856,-1.213441,MRT,ARE,6531
1226533,151,7,1048,2014.0,0.0,68921.0,-0.055786,-0.1488,MUS,ARE,6531
1226534,152,7,1048,2014.0,0.0,75683.0,-0.457027,-0.588539,MWI,ARE,6531
1226535,153,7,1048,2014.0,263757.0,707889.0,0.995226,0.7797810000000001,MYS,ARE,6531
1226536,157,7,1048,2014.0,0.0,6371.0,-0.709151,-0.869426,NER,ARE,6531
1226537,159,7,1048,2014.0,0.0,351004.0,-1.9012419999999999,-1.229264,NGA,ARE,6531
1226538,162,7,1048,2014.0,761992.0,22048.0,1.08881,1.320941,NLD,ARE,6531
1226539,163,7,1048,2014.0,148448.0,154428.0,0.678424,0.137871,NOR,ARE,6531
1226540,164,7,1048,2014.0,0.0,9856.0,-0.083094,0.349348,NPL,ARE,6531
1226541,166,7,1048,2014.0,0.0,2955378.0,0.123649,0.26129,NZL,ARE,6531
1226542,167,7,1048,2014.0,21419.0,7993204.0,-0.7307060000000001,-1.060975,OMN,ARE,6531
1226543,168,7,1048,2014.0,9224528.0,7732044.0,-0.595946,0.493716,PAK,ARE,6531
1226544,169,7,1048,2014.0,25082.0,0.0,0.8997200000000001,0.9699139999999999,PAN,ARE,6531
1226545,173,7,1048,2014.0,0.0,2210.0,-0.617883,0.427092,PER,ARE,6531
1226546,174,7,1048,2014.0,0.0,44499.0,0.835601,0.589322,PHL,ARE,6531
1226547,177,7,1048,2014.0,1501056.0,27242.0,1.1328690000000001,1.043185,POL,ARE,6531
1226548,179,7,1048,2014.0,32190.0,206772.0,0.763352,2.041559,PRT,ARE,6531
1226549,183,7,1048,2014.0,49256.0,334459.0,-0.5604899999999999,-0.989015,QAT,ARE,6531
1226550,185,7,1048,2014.0,12008.0,389424.0,1.0837940000000001,1.199571,ROU,ARE,6531
1226551,186,7,1048,2014.0,80469.0,4575854.0,-0.006737000000000001,-0.172237,RUS,ARE,6531
1226552,187,7,1048,2014.0,0.0,49565.0,-0.475152,-0.390083,RWA,ARE,6531
1226553,188,7,1048,2014.0,222117.0,2658507.0,-0.188727,-0.8629459999999999,SAU,ARE,6531
1226554,190,7,1048,2014.0,0.0,773435.0,-1.473904,-1.154731,SDN,ARE,6531
1226555,191,7,1048,2014.0,0.0,2052020.0,-0.509239,0.002353,SEN,ARE,6531
1226556,192,7,1048,2014.0,318338.0,362639.0,1.750361,0.63849,SGP,ARE,6531
1226557,196,7,1048,2014.0,0.0,91799.0,-0.718496,-0.750311,SLE,ARE,6531
1226558,199,7,1048,2014.0,0.0,4479345.0,-1.295756,-1.0475940000000001,SOM,ARE,6531
1226559,201,7,1048,2014.0,0.0,1976.0,0.6017979999999999,1.328124,SRB,ARE,6531
1226560,206,7,1048,2014.0,0.0,5131.0,1.525525,0.773486,SVK,ARE,6531
1226561,207,7,1048,2014.0,0.0,52106.0,1.554693,0.633504,SVN,ARE,6531
1226562,208,7,1048,2014.0,0.0,16134.0,1.7256330000000002,0.395804,SWE,ARE,6531
1226563,211,7,1048,2014.0,0.0,613372.0,0.158898,-0.571933,SYC,ARE,6531
1226564,212,7,1048,2014.0,27372.0,1010057.0,-0.22825,0.803708,SYR,ARE,6531
1226565,214,7,1048,2014.0,0.0,119355.0,-2.592004,-1.008548,TCD,ARE,6531
1226566,215,7,1048,2014.0,0.0,346130.0,-0.58937,-0.43368,TGO,ARE,6531
1226567,216,7,1048,2014.0,9145267.0,48548.0,1.111392,1.3500370000000002,THA,ARE,6531
1226568,217,7,1048,2014.0,0.0,331026.0,-0.9002680000000001,-1.05621,TJK,ARE,6531
1226569,219,7,1048,2014.0,0.0,2698489.0,-0.961465,-1.1428559999999999,TKM,ARE,6531
1226570,223,7,1048,2014.0,0.0,362840.0,0.45973800000000004,0.9595459999999999,TUN,ARE,6531
1226571,224,7,1048,2014.0,8210552.0,1234590.0,0.6641600000000001,2.091193,TUR,ARE,6531
1226572,226,7,1048,2014.0,0.0,4446103.0,-0.909005,0.511175,TZA,ARE,6531
1226573,227,7,1048,2014.0,8616.0,435485.0,-0.505738,0.49837200000000004,UGA,ARE,6531
1226574,228,7,1048,2014.0,14389.0,769026.0,0.505369,1.07634,UKR,ARE,6531
1226575,230,7,1048,2014.0,0.0,7873.0,0.155247,-0.091751,URY,ARE,6531
1226576,231,7,1048,2014.0,1747447.0,29106032.0,1.569577,-0.293173,USA,ARE,6531
1226577,232,7,1048,2014.0,0.0,570689.0,-0.422387,-0.44193599999999994,UZB,ARE,6531
1226578,239,7,1048,2014.0,26575824.0,0.0,0.135762,1.182052,VNM,ARE,6531
1226579,243,7,1048,2014.0,0.0,737048.0,-1.178492,-1.2530629999999998,YEM,ARE,6531
1226580,246,7,1048,2014.0,108410.0,650950.0,0.156414,1.873848,ZAF,ARE,6531
1226581,247,7,1048,2014.0,0.0,72659.0,-0.506171,-0.680445,ZMB,ARE,6531
1226582,248,7,1048,2014.0,0.0,151599.0,-0.732781,-0.875713,ZWE,ARE,6531
1226583,249,7,1048,2014.0,20644598.0,64287.0,1.850481,1.081809,TWN,ARE,6531
1226584,250,7,1048,2014.0,3919.0,483651.0,0.426964,0.138883,ANS,ARE,6531
1226585,18,8,1048,2014.0,190355.0,0.0,1.182934,1.1967139999999998,BEL,ARG,6531
1226586,31,8,1048,2014.0,0.0,270153.0,-1.200516,-1.052286,BOL,ARG,6531
1226587,32,8,1048,2014.0,19682736.0,1812672.0,0.23286700000000002,0.968366,BRA,ARG,6531
1226588,39,8,1048,2014.0,1638.0,0.0,0.6145430000000001,1.1815360000000001,CAN,ARG,6531
1226589,41,8,1048,2014.0,1314.0,0.0,2.027022,0.780257,CHE,ARG,6531
1226590,42,8,1048,2014.0,2770178.0,872270.0,-0.196236,-0.162428,CHL,ARG,6531
1226591,43,8,1048,2014.0,53527944.0,0.0,1.316443,0.35039899999999996,CHN,ARG,6531
1226592,49,8,1048,2014.0,379071.0,15981.0,0.084348,-0.39008200000000004,COL,ARG,6531
1226593,59,8,1048,2014.0,382460.0,0.0,1.761204,-0.148263,CZE,ARG,6531
1226594,61,8,1048,2014.0,352730.0,0.0,2.106119,-3.225189,DEU,ARG,6531
1226595,67,8,1048,2014.0,0.0,48851.0,-1.0520559999999999,-1.109638,ECU,ARG,6531
1226596,71,8,1048,2014.0,488275.0,64618.0,0.9574159999999999,1.787233,ESP,ARG,6531
1226597,77,8,1048,2014.0,318539.0,0.0,1.432323,0.43023,FRA,ARG,6531
1226598,81,8,1048,2014.0,408816.0,0.0,1.542804,0.915499,GBR,ARG,6531
1226599,93,8,1048,2014.0,0.0,3689.0,-0.24762199999999998,0.536379,GTM,ARG,6531
1226600,97,8,1048,2014.0,76240.0,0.0,0.9198440000000001,1.257131,HKG,ARG,6531
1226601,103,8,1048,2014.0,142740.0,0.0,0.068135,1.672437,IDN,ARG,6531
1226602,104,8,1048,2014.0,1145543.0,0.0,0.236316,2.659173,IND,ARG,6531
1226603,110,8,1048,2014.0,73245.0,0.0,0.9753860000000001,0.810342,ISR,ARG,6531
1226604,111,8,1048,2014.0,904212.0,0.0,1.476328,-0.293302,ITA,ARG,6531
1226605,112,8,1048,2014.0,0.0,2813.0,-0.390841,-0.804425,JAM,ARG,6531
1226606,114,8,1048,2014.0,683404.0,0.0,2.297789,-0.58585,JPN,ARG,6531
1226607,121,8,1048,2014.0,5887832.0,0.0,1.9642650000000001,0.86425,KOR,ARG,6531
1226608,128,8,1048,2014.0,4830.0,0.0,-0.30641399999999996,0.29736799999999997,LKA,ARG,6531
1226609,138,8,1048,2014.0,381141.0,39760.0,1.292327,0.713879,MEX,ARG,6531
1226610,162,8,1048,2014.0,372310.0,1231.0,1.08881,1.320941,NLD,ARG,6531
1226611,168,8,1048,2014.0,42639.0,0.0,-0.595946,0.493716,PAK,ARG,6531
1226612,169,8,1048,2014.0,14755.0,1185179.0,0.8997200000000001,0.9699139999999999,PAN,ARG,6531
1226613,173,8,1048,2014.0,0.0,228575.0,-0.617883,0.427092,PER,ARG,6531
1226614,177,8,1048,2014.0,6372.0,6705.0,1.1328690000000001,1.043185,POL,ARG,6531
1226615,180,8,1048,2014.0,151552.0,43609.0,-0.612822,-0.8764139999999999,PRY,ARG,6531
1226616,188,8,1048,2014.0,344747.0,0.0,-0.188727,-0.8629459999999999,SAU,ARG,6531
1226617,208,8,1048,2014.0,67619.0,0.0,1.7256330000000002,0.395804,SWE,ARG,6531
1226618,216,8,1048,2014.0,198210.0,0.0,1.111392,1.3500370000000002,THA,ARG,6531
1226619,224,8,1048,2014.0,142062.0,0.0,0.6641600000000001,2.091193,TUR,ARG,6531
1226620,230,8,1048,2014.0,0.0,875632.0,0.155247,-0.091751,URY,ARG,6531
1226621,231,8,1048,2014.0,1398715.0,252440.0,1.569577,-0.293173,USA,ARG,6531
1226622,236,8,1048,2014.0,0.0,1628.0,-1.1668459999999998,-1.134262,VEN,ARG,6531
1226623,239,8,1048,2014.0,7711801.0,0.0,0.135762,1.182052,VNM,ARG,6531
1226624,246,8,1048,2014.0,0.0,7767.0,0.156414,1.873848,ZAF,ARG,6531
1226625,249,8,1048,2014.0,3966945.0,0.0,1.850481,1.081809,TWN,ARG,6531
1226626,7,15,1048,2014.0,23399.0,84075.0,-0.121018,-0.51841,ARE,AUT,6531
1226627,14,15,1048,2014.0,0.0,30213.0,-0.587779,-0.29813,AUS,AUT,6531
1226628,18,15,1048,2014.0,4422041.0,154407.0,1.182934,1.1967139999999998,BEL,AUT,6531
1226629,19,15,1048,2014.0,0.0,1230.0,-0.461501,-0.7216819999999999,BEN,AUT,6531
1226630,22,15,1048,2014.0,0.0,3134.0,-0.76547,-0.9645469999999999,BGD,AUT,6531
1226631,23,15,1048,2014.0,8894.0,2306113.0,0.611912,1.594597,BGR,AUT,6531
1226632,24,15,1048,2014.0,0.0,8449.0,0.087173,-0.542374,BHR,AUT,6531
1226633,25,15,1048,2014.0,0.0,16537.0,0.199967,-0.640347,BHS,AUT,6531
1226634,26,15,1048,2014.0,1286659.0,1107265.0,0.737556,0.9815530000000001,BIH,AUT,6531
1226635,28,15,1048,2014.0,0.0,50349.0,0.929114,0.7313069999999999,BLR,AUT,6531
1226636,32,15,1048,2014.0,11409.0,129414.0,0.23286700000000002,0.968366,BRA,AUT,6531
1226637,39,15,1048,2014.0,0.0,250348.0,0.6145430000000001,1.1815360000000001,CAN,AUT,6531
1226638,41,15,1048,2014.0,3557132.0,1841416.0,2.027022,0.780257,CHE,AUT,6531
1226639,42,15,1048,2014.0,0.0,24272.0,-0.196236,-0.162428,CHL,AUT,6531
1226640,43,15,1048,2014.0,1674202.0,1395075.0,1.316443,0.35039899999999996,CHN,AUT,6531
1226641,45,15,1048,2014.0,0.0,1303.0,-0.726413,-0.927583,CMR,AUT,6531
1226642,49,15,1048,2014.0,0.0,3304.0,0.084348,-0.39008200000000004,COL,AUT,6531
1226643,58,15,1048,2014.0,0.0,37355.0,0.476854,0.572103,CYP,AUT,6531
1226644,59,15,1048,2014.0,1109636.0,1542645.0,1.761204,-0.148263,CZE,AUT,6531
1226645,61,15,1048,2014.0,26625084.0,26610090.0,2.106119,-3.225189,DEU,AUT,6531
1226646,64,15,1048,2014.0,485899.0,254058.0,1.15411,1.160462,DNK,AUT,6531
1226647,67,15,1048,2014.0,12680.0,0.0,-1.0520559999999999,-1.109638,ECU,AUT,6531
1226648,68,15,1048,2014.0,21170.0,5342.0,-0.036009,2.027503,EGY,AUT,6531
1226649,71,15,1048,2014.0,2909266.0,894546.0,0.9574159999999999,1.787233,ESP,AUT,6531
1226650,72,15,1048,2014.0,3184.0,61427.0,1.022704,1.175645,EST,AUT,6531
1226651,74,15,1048,2014.0,0.0,187738.0,1.591758,0.9737819999999999,FIN,AUT,6531
1226652,77,15,1048,2014.0,3240572.0,1525864.0,1.432323,0.43023,FRA,AUT,6531
1226653,81,15,1048,2014.0,3392310.0,385473.0,1.542804,0.915499,GBR,AUT,6531
1226654,82,15,1048,2014.0,0.0,1405.0,-0.23090300000000002,-0.510401,GEO,AUT,6531
1226655,83,15,1048,2014.0,0.0,6590.0,-1.1140299999999999,-1.0711700000000002,GHA,AUT,6531
1226656,90,15,1048,2014.0,106107.0,48113.0,0.064193,0.955633,GRC,AUT,6531
1226657,97,15,1048,2014.0,34198.0,37910.0,0.9198440000000001,1.257131,HKG,AUT,6531
1226658,100,15,1048,2014.0,56555.0,1080416.0,0.8627809999999999,1.3475549999999998,HRV,AUT,6531
1226659,102,15,1048,2014.0,1368020.0,2700460.0,1.713536,0.5681729999999999,HUN,AUT,6531
1226660,103,15,1048,2014.0,1536.0,5098.0,0.068135,1.672437,IDN,AUT,6531
1226661,104,15,1048,2014.0,196691.0,204722.0,0.236316,2.659173,IND,AUT,6531
1226662,106,15,1048,2014.0,0.0,1929.0,1.3749790000000002,0.41131899999999993,IRL,AUT,6531
1226663,107,15,1048,2014.0,0.0,60479.0,-0.47744899999999996,-0.429676,IRN,AUT,6531
1226664,109,15,1048,2014.0,0.0,1603.0,0.130097,-0.313819,ISL,AUT,6531
1226665,110,15,1048,2014.0,1880.0,132759.0,0.9753860000000001,0.810342,ISR,AUT,6531
1226666,111,15,1048,2014.0,11083366.0,3440514.0,1.476328,-0.293302,ITA,AUT,6531
1226667,113,15,1048,2014.0,0.0,15742.0,0.23508800000000002,0.47597,JOR,AUT,6531
1226668,114,15,1048,2014.0,951006.0,163580.0,2.297789,-0.58585,JPN,AUT,6531
1226669,115,15,1048,2014.0,0.0,30561.0,-0.503438,-0.5477850000000001,KAZ,AUT,6531
1226670,121,15,1048,2014.0,1410347.0,28906.0,1.9642650000000001,0.86425,KOR,AUT,6531
1226671,122,15,1048,2014.0,0.0,17616.0,-1.2601069999999999,-1.0929360000000001,KWT,AUT,6531
1226672,124,15,1048,2014.0,3965.0,28786.0,0.32006799999999996,1.666039,LBN,AUT,6531
1226673,128,15,1048,2014.0,0.0,2921.0,-0.30641399999999996,0.29736799999999997,LKA,AUT,6531
1226674,130,15,1048,2014.0,14872.0,294465.0,0.679488,1.558981,LTU,AUT,6531
1226675,131,15,1048,2014.0,161745.0,0.0,1.093816,1.270669,LUX,AUT,6531
1226676,132,15,1048,2014.0,0.0,362011.0,0.6501,1.35321,LVA,AUT,6531
1226677,134,15,1048,2014.0,0.0,66428.0,-0.429457,0.039947,MAR,AUT,6531
1226678,135,15,1048,2014.0,0.0,400602.0,0.031916,0.24264499999999997,MDA,AUT,6531
1226679,138,15,1048,2014.0,0.0,132164.0,1.292327,0.713879,MEX,AUT,6531
1226680,140,15,1048,2014.0,631698.0,535538.0,-0.216313,-0.214403,MKD,AUT,6531
1226681,142,15,1048,2014.0,0.0,75958.0,0.8871379999999999,0.088535,MLT,AUT,6531
1226682,144,15,1048,2014.0,1380.0,1327.0,-0.007741,0.018085,MNE,AUT,6531
1226683,153,15,1048,2014.0,234533.0,50735.0,0.995226,0.7797810000000001,MYS,AUT,6531
1226684,159,15,1048,2014.0,0.0,1856405.0,-1.9012419999999999,-1.229264,NGA,AUT,6531
1226685,162,15,1048,2014.0,2785678.0,841817.0,1.08881,1.320941,NLD,AUT,6531
1226686,163,15,1048,2014.0,1539.0,38064.0,0.678424,0.137871,NOR,AUT,6531
1226687,166,15,1048,2014.0,0.0,2461.0,0.123649,0.26129,NZL,AUT,6531
1226688,167,15,1048,2014.0,0.0,2004.0,-0.7307060000000001,-1.060975,OMN,AUT,6531
1226689,168,15,1048,2014.0,70372.0,0.0,-0.595946,0.493716,PAK,AUT,6531
1226690,177,15,1048,2014.0,745936.0,963638.0,1.1328690000000001,1.043185,POL,AUT,6531
1226691,179,15,1048,2014.0,69281.0,361520.0,0.763352,2.041559,PRT,AUT,6531
1226692,183,15,1048,2014.0,0.0,5780.0,-0.5604899999999999,-0.989015,QAT,AUT,6531
1226693,185,15,1048,2014.0,0.0,4068174.0,1.0837940000000001,1.199571,ROU,AUT,6531
1226694,186,15,1048,2014.0,0.0,200151.0,-0.006737000000000001,-0.172237,RUS,AUT,6531
1226695,188,15,1048,2014.0,0.0,24992.0,-0.188727,-0.8629459999999999,SAU,AUT,6531
1226696,192,15,1048,2014.0,0.0,44529.0,1.750361,0.63849,SGP,AUT,6531
1226697,201,15,1048,2014.0,27321.0,1955727.0,0.6017979999999999,1.328124,SRB,AUT,6531
1226698,206,15,1048,2014.0,5522495.0,1194066.0,1.525525,0.773486,SVK,AUT,6531
1226699,207,15,1048,2014.0,153685.0,962448.0,1.554693,0.633504,SVN,AUT,6531
1226700,208,15,1048,2014.0,700949.0,223882.0,1.7256330000000002,0.395804,SWE,AUT,6531
1226701,211,15,1048,2014.0,1204.0,0.0,0.158898,-0.571933,SYC,AUT,6531
1226702,216,15,1048,2014.0,91509.0,22904.0,1.111392,1.3500370000000002,THA,AUT,6531
1226703,219,15,1048,2014.0,0.0,3222.0,-0.961465,-1.1428559999999999,TKM,AUT,6531
1226704,223,15,1048,2014.0,3682.0,474702.0,0.45973800000000004,0.9595459999999999,TUN,AUT,6531
1226705,224,15,1048,2014.0,3458199.0,873562.0,0.6641600000000001,2.091193,TUR,AUT,6531
1226706,228,15,1048,2014.0,30151.0,5040609.0,0.505369,1.07634,UKR,AUT,6531
1226707,231,15,1048,2014.0,145902.0,361625.0,1.569577,-0.293173,USA,AUT,6531
1226708,237,15,1048,2014.0,0.0,38017.0,0.48387299999999994,0.0534,VGB,AUT,6531
1226709,239,15,1048,2014.0,653608.0,0.0,0.135762,1.182052,VNM,AUT,6531
1226710,246,15,1048,2014.0,3784.0,49478.0,0.156414,1.873848,ZAF,AUT,6531
1226711,249,15,1048,2014.0,1385106.0,31117.0,1.850481,1.081809,TWN,AUT,6531
1226712,5,18,1048,2014.0,0.0,6376.0,0.512367,-0.438594,AND,BEL,6531
1226713,7,18,1048,2014.0,2440088.0,624242.0,-0.121018,-0.51841,ARE,BEL,6531
1226714,8,18,1048,2014.0,0.0,190355.0,-0.047848,0.48062,ARG,BEL,6531
1226715,9,18,1048,2014.0,0.0,2674.0,-0.143991,-0.5265890000000001,ARM,BEL,6531
1226716,14,18,1048,2014.0,6479.0,1515968.0,-0.587779,-0.29813,AUS,BEL,6531
1226717,15,18,1048,2014.0,154407.0,4422041.0,1.782532,-0.84455,AUT,BEL,6531
1226718,16,18,1048,2014.0,0.0,96062.0,-1.230795,-1.237163,AZE,BEL,6531
1226719,17,18,1048,2014.0,0.0,2569.0,-0.13325599999999999,-0.853491,BDI,BEL,6531
1226720,19,18,1048,2014.0,0.0,19361.0,-0.461501,-0.7216819999999999,BEN,BEL,6531
1226721,22,18,1048,2014.0,9398.0,591869.0,-0.76547,-0.9645469999999999,BGD,BEL,6531
1226722,23,18,1048,2014.0,294521.0,8396209.0,0.611912,1.594597,BGR,BEL,6531
1226723,24,18,1048,2014.0,0.0,22370.0,0.087173,-0.542374,BHR,BEL,6531
1226724,26,18,1048,2014.0,0.0,104334.0,0.737556,0.9815530000000001,BIH,BEL,6531
1226725,28,18,1048,2014.0,0.0,198052.0,0.929114,0.7313069999999999,BLR,BEL,6531
1226726,31,18,1048,2014.0,0.0,5554.0,-1.200516,-1.052286,BOL,BEL,6531
1226727,32,18,1048,2014.0,5505.0,1976502.0,0.23286700000000002,0.968366,BRA,BEL,6531
1226728,33,18,1048,2014.0,0.0,18748.0,0.45538500000000004,-0.126756,BRB,BEL,6531
1226729,34,18,1048,2014.0,0.0,53328.0,-0.866534,-0.764166,BRN,BEL,6531
1226730,39,18,1048,2014.0,184087.0,1473663.0,0.6145430000000001,1.1815360000000001,CAN,BEL,6531
1226731,41,18,1048,2014.0,807025.0,1511875.0,2.027022,0.780257,CHE,BEL,6531
1226732,42,18,1048,2014.0,0.0,2291306.0,-0.196236,-0.162428,CHL,BEL,6531
1226733,43,18,1048,2014.0,55943752.0,1688012.0,1.316443,0.35039899999999996,CHN,BEL,6531
1226734,44,18,1048,2014.0,0.0,7416.0,-0.854784,-0.781877,CIV,BEL,6531
1226735,45,18,1048,2014.0,0.0,189124.0,-0.726413,-0.927583,CMR,BEL,6531
1226736,46,18,1048,2014.0,0.0,125278.0,-1.596912,-1.1239940000000002,COD,BEL,6531
1226737,49,18,1048,2014.0,1208.0,356434.0,0.084348,-0.39008200000000004,COL,BEL,6531
1226738,52,18,1048,2014.0,0.0,26233.0,0.13936500000000002,-0.573277,CRI,BEL,6531
1226739,58,18,1048,2014.0,0.0,224500.0,0.476854,0.572103,CYP,BEL,6531
1226740,59,18,1048,2014.0,1869542.0,798336.0,1.761204,-0.148263,CZE,BEL,6531
1226741,61,18,1048,2014.0,27690358.0,30492252.0,2.106119,-3.225189,DEU,BEL,6531
1226742,62,18,1048,2014.0,0.0,2460.0,-0.552959,-0.840274,DJI,BEL,6531
1226743,64,18,1048,2014.0,3664678.0,4483809.0,1.15411,1.160462,DNK,BEL,6531
1226744,65,18,1048,2014.0,0.0,34679.0,-0.076532,0.472746,DOM,BEL,6531
1226745,66,18,1048,2014.0,90128.0,577926.0,-1.427966,-1.1216760000000001,DZA,BEL,6531
1226746,67,18,1048,2014.0,0.0,137781.0,-1.0520559999999999,-1.109638,ECU,BEL,6531
1226747,68,18,1048,2014.0,362266.0,332055.0,-0.036009,2.027503,EGY,BEL,6531
1226748,71,18,1048,2014.0,3702164.0,5765770.0,0.9574159999999999,1.787233,ESP,BEL,6531
1226749,72,18,1048,2014.0,159707.0,2566683.0,1.022704,1.175645,EST,BEL,6531
1226750,73,18,1048,2014.0,0.0,26866.0,-1.147242,-0.986643,ETH,BEL,6531
1226751,74,18,1048,2014.0,22410.0,2891078.0,1.591758,0.9737819999999999,FIN,BEL,6531
1226752,77,18,1048,2014.0,19621592.0,72356448.0,1.432323,0.43023,FRA,BEL,6531
1226753,81,18,1048,2014.0,10089638.0,33698536.0,1.542804,0.915499,GBR,BEL,6531
1226754,82,18,1048,2014.0,0.0,4362.0,-0.23090300000000002,-0.510401,GEO,BEL,6531
1226755,83,18,1048,2014.0,0.0,300694.0,-1.1140299999999999,-1.0711700000000002,GHA,BEL,6531
1226756,85,18,1048,2014.0,0.0,16300.0,-1.7494900000000002,-1.224512,GIN,BEL,6531
1226757,88,18,1048,2014.0,0.0,43880.0,-1.6245100000000001,-0.981492,GNB,BEL,6531
1226758,90,18,1048,2014.0,455237.0,1561714.0,0.064193,0.955633,GRC,BEL,6531
1226759,93,18,1048,2014.0,0.0,7766.0,-0.24762199999999998,0.536379,GTM,BEL,6531
1226760,97,18,1048,2014.0,197170.0,1165771.0,0.9198440000000001,1.257131,HKG,BEL,6531
1226761,100,18,1048,2014.0,5277.0,896117.0,0.8627809999999999,1.3475549999999998,HRV,BEL,6531
1226762,102,18,1048,2014.0,10203111.0,2518566.0,1.713536,0.5681729999999999,HUN,BEL,6531
1226763,103,18,1048,2014.0,656004.0,407484.0,0.068135,1.672437,IDN,BEL,6531
1226764,104,18,1048,2014.0,10325733.0,1444345.0,0.236316,2.659173,IND,BEL,6531
1226765,106,18,1048,2014.0,20667.0,1106523.0,1.3749790000000002,0.41131899999999993,IRL,BEL,6531
1226766,107,18,1048,2014.0,0.0,15454.0,-0.47744899999999996,-0.429676,IRN,BEL,6531
1226767,109,18,1048,2014.0,0.0,85266.0,0.130097,-0.313819,ISL,BEL,6531
1226768,110,18,1048,2014.0,69101.0,522751.0,0.9753860000000001,0.810342,ISR,BEL,6531
1226769,111,18,1048,2014.0,23220162.0,12719135.0,1.476328,-0.293302,ITA,BEL,6531
1226770,113,18,1048,2014.0,0.0,654717.0,0.23508800000000002,0.47597,JOR,BEL,6531
1226771,114,18,1048,2014.0,729173.0,1053098.0,2.297789,-0.58585,JPN,BEL,6531
1226772,115,18,1048,2014.0,0.0,6380.0,-0.503438,-0.5477850000000001,KAZ,BEL,6531
1226773,116,18,1048,2014.0,0.0,48727.0,-0.411786,0.219875,KEN,BEL,6531
1226774,117,18,1048,2014.0,0.0,28705.0,-0.11451099999999999,0.358754,KGZ,BEL,6531
1226775,121,18,1048,2014.0,6356530.0,1694734.0,1.9642650000000001,0.86425,KOR,BEL,6531
1226776,122,18,1048,2014.0,0.0,27225.0,-1.2601069999999999,-1.0929360000000001,KWT,BEL,6531
1226777,124,18,1048,2014.0,0.0,397735.0,0.32006799999999996,1.666039,LBN,BEL,6531
1226778,126,18,1048,2014.0,0.0,76657.0,-1.539253,-1.159929,LBY,BEL,6531
1226779,127,18,1048,2014.0,0.0,3122.0,0.636416,-0.464264,LCA,BEL,6531
1226780,128,18,1048,2014.0,0.0,83682.0,-0.30641399999999996,0.29736799999999997,LKA,BEL,6531
1226781,130,18,1048,2014.0,53413.0,5918741.0,0.679488,1.558981,LTU,BEL,6531
1226782,131,18,1048,2014.0,237214.0,1720580.0,1.093816,1.270669,LUX,BEL,6531
1226783,132,18,1048,2014.0,0.0,1031299.0,0.6501,1.35321,LVA,BEL,6531
1226784,133,18,1048,2014.0,0.0,3228.0,0.781301,0.522065,MAC,BEL,6531
1226785,134,18,1048,2014.0,173854.0,2634950.0,-0.429457,0.039947,MAR,BEL,6531
1226786,135,18,1048,2014.0,0.0,26497.0,0.031916,0.24264499999999997,MDA,BEL,6531
1226787,136,18,1048,2014.0,0.0,322346.0,-0.690485,-0.5090020000000001,MDG,BEL,6531
1226788,138,18,1048,2014.0,0.0,1330284.0,1.292327,0.713879,MEX,BEL,6531
1226789,140,18,1048,2014.0,17838.0,382627.0,-0.216313,-0.214403,MKD,BEL,6531
1226790,141,18,1048,2014.0,0.0,14685.0,-1.027153,-1.0197370000000001,MLI,BEL,6531
1226791,142,18,1048,2014.0,0.0,228142.0,0.8871379999999999,0.088535,MLT,BEL,6531
1226792,144,18,1048,2014.0,0.0,5805.0,-0.007741,0.018085,MNE,BEL,6531
1226793,151,18,1048,2014.0,0.0,34827.0,-0.055786,-0.1488,MUS,BEL,6531
1226794,153,18,1048,2014.0,1899852.0,829222.0,0.995226,0.7797810000000001,MYS,BEL,6531
1226795,157,18,1048,2014.0,0.0,18220.0,-0.709151,-0.869426,NER,BEL,6531
1226796,159,18,1048,2014.0,0.0,109524.0,-1.9012419999999999,-1.229264,NGA,BEL,6531
1226797,162,18,1048,2014.0,14809074.0,53336752.0,1.08881,1.320941,NLD,BEL,6531
1226798,163,18,1048,2014.0,1302.0,1209920.0,0.678424,0.137871,NOR,BEL,6531
1226799,166,18,1048,2014.0,0.0,681501.0,0.123649,0.26129,NZL,BEL,6531
1226800,167,18,1048,2014.0,0.0,60316.0,-0.7307060000000001,-1.060975,OMN,BEL,6531
1226801,168,18,1048,2014.0,14566553.0,343865.0,-0.595946,0.493716,PAK,BEL,6531
1226802,169,18,1048,2014.0,0.0,25077.0,0.8997200000000001,0.9699139999999999,PAN,BEL,6531
1226803,173,18,1048,2014.0,0.0,102817.0,-0.617883,0.427092,PER,BEL,6531
1226804,174,18,1048,2014.0,0.0,626412.0,0.835601,0.589322,PHL,BEL,6531
1226805,177,18,1048,2014.0,673575.0,15908794.0,1.1328690000000001,1.043185,POL,BEL,6531
1226806,179,18,1048,2014.0,583106.0,6308050.0,0.763352,2.041559,PRT,BEL,6531
1226807,180,18,1048,2014.0,0.0,31151.0,-0.612822,-0.8764139999999999,PRY,BEL,6531
1226808,181,18,1048,2014.0,0.0,30279.0,0.129971,0.775546,PSE,BEL,6531
1226809,182,18,1048,2014.0,0.0,2706.0,-0.187778,-0.7217060000000001,PYF,BEL,6531
1226810,183,18,1048,2014.0,0.0,48313.0,-0.5604899999999999,-0.989015,QAT,BEL,6531
1226811,185,18,1048,2014.0,9600899.0,6378072.0,1.0837940000000001,1.199571,ROU,BEL,6531
1226812,186,18,1048,2014.0,0.0,7146898.0,-0.006737000000000001,-0.172237,RUS,BEL,6531
1226813,188,18,1048,2014.0,8798509.0,75572.0,-0.188727,-0.8629459999999999,SAU,BEL,6531
1226814,191,18,1048,2014.0,0.0,3095968.0,-0.509239,0.002353,SEN,BEL,6531
1226815,192,18,1048,2014.0,1376.0,249484.0,1.750361,0.63849,SGP,BEL,6531
1226816,196,18,1048,2014.0,0.0,1251.0,-0.718496,-0.750311,SLE,BEL,6531
1226817,197,18,1048,2014.0,0.0,2767.0,0.11639200000000001,0.368644,SLV,BEL,6531
1226818,201,18,1048,2014.0,8534.0,1800024.0,0.6017979999999999,1.328124,SRB,BEL,6531
1226819,205,18,1048,2014.0,0.0,5489.0,-0.278229,-0.9962840000000001,SUR,BEL,6531
1226820,206,18,1048,2014.0,51591.0,1254140.0,1.525525,0.773486,SVK,BEL,6531
1226821,207,18,1048,2014.0,3984.0,877728.0,1.554693,0.633504,SVN,BEL,6531
1226822,208,18,1048,2014.0,86359.0,1333119.0,1.7256330000000002,0.395804,SWE,BEL,6531
1226823,210,18,1048,2014.0,0.0,2203.0,0.712322,-0.591598,SXM,BEL,6531
1226824,215,18,1048,2014.0,1015.0,1284438.0,-0.58937,-0.43368,TGO,BEL,6531
1226825,216,18,1048,2014.0,525646.0,1067305.0,1.111392,1.3500370000000002,THA,BEL,6531
1226826,222,18,1048,2014.0,0.0,286157.0,-0.582991,-1.055078,TTO,BEL,6531
1226827,223,18,1048,2014.0,515741.0,10408730.0,0.45973800000000004,0.9595459999999999,TUN,BEL,6531
1226828,224,18,1048,2014.0,19213696.0,6307586.0,0.6641600000000001,2.091193,TUR,BEL,6531
1226829,228,18,1048,2014.0,41856.0,2400559.0,0.505369,1.07634,UKR,BEL,6531
1226830,230,18,1048,2014.0,0.0,82357.0,0.155247,-0.091751,URY,BEL,6531
1226831,231,18,1048,2014.0,2425821.0,14761823.0,1.569577,-0.293173,USA,BEL,6531
1226832,239,18,1048,2014.0,7214700.0,584868.0,0.135762,1.182052,VNM,BEL,6531
1226833,246,18,1048,2014.0,148613.0,1160149.0,0.156414,1.873848,ZAF,BEL,6531
1226834,249,18,1048,2014.0,8546662.0,1163237.0,1.850481,1.081809,TWN,BEL,6531
1226835,250,18,1048,2014.0,19468.0,1681.0,0.426964,0.138883,ANS,BEL,6531
1226836,15,25,1048,2014.0,16537.0,0.0,1.782532,-0.84455,AUT,BHS,6531
1226837,39,25,1048,2014.0,6620.0,0.0,0.6145430000000001,1.1815360000000001,CAN,BHS,6531
1226838,43,25,1048,2014.0,159694.0,0.0,1.316443,0.35039899999999996,CHN,BHS,6531
1226839,71,25,1048,2014.0,11200.0,0.0,0.9574159999999999,1.787233,ESP,BHS,6531
1226840,74,25,1048,2014.0,94870.0,0.0,1.591758,0.9737819999999999,FIN,BHS,6531
1226841,162,25,1048,2014.0,23626.0,0.0,1.08881,1.320941,NLD,BHS,6531
1226842,169,25,1048,2014.0,101248.0,0.0,0.8997200000000001,0.9699139999999999,PAN,BHS,6531
1226843,224,25,1048,2014.0,1234.0,0.0,0.6641600000000001,2.091193,TUR,BHS,6531
1226844,231,25,1048,2014.0,306700.0,0.0,1.569577,-0.293173,USA,BHS,6531
1226845,2,32,1048,2014.0,0.0,84473.0,-1.547068,-1.121438,AGO,BRA,6531
1226846,7,32,1048,2014.0,45914.0,0.0,-0.121018,-0.51841,ARE,BRA,6531
1226847,8,32,1048,2014.0,1812672.0,19682736.0,-0.047848,0.48062,ARG,BRA,6531
1226848,14,32,1048,2014.0,464214.0,7120.0,-0.587779,-0.29813,AUS,BRA,6531
1226849,15,32,1048,2014.0,129414.0,11409.0,1.782532,-0.84455,AUT,BRA,6531
1226850,18,32,1048,2014.0,1976502.0,5505.0,1.182934,1.1967139999999998,BEL,BRA,6531
1226851,23,32,1048,2014.0,0.0,1603.0,0.611912,1.594597,BGR,BRA,6531
1226852,31,32,1048,2014.0,0.0,2319893.0,-1.200516,-1.052286,BOL,BRA,6531
1226853,39,32,1048,2014.0,9908.0,21076.0,0.6145430000000001,1.1815360000000001,CAN,BRA,6531
1226854,41,32,1048,2014.0,15300.0,3026.0,2.027022,0.780257,CHE,BRA,6531
1226855,42,32,1048,2014.0,328983.0,4341283.0,-0.196236,-0.162428,CHL,BRA,6531
1226856,43,32,1048,2014.0,565023936.0,201472.0,1.316443,0.35039899999999996,CHN,BRA,6531
1226857,47,32,1048,2014.0,0.0,45706.0,-1.359593,-1.101705,COG,BRA,6531
1226858,49,32,1048,2014.0,16128620.0,1008095.0,0.084348,-0.39008200000000004,COL,BRA,6531
1226859,52,32,1048,2014.0,0.0,60570.0,0.13936500000000002,-0.573277,CRI,BRA,6531
1226860,54,32,1048,2014.0,0.0,116786.0,-0.5320560000000001,-0.941575,CUB,BRA,6531
1226861,59,32,1048,2014.0,1713591.0,0.0,1.761204,-0.148263,CZE,BRA,6531
1226862,61,32,1048,2014.0,2937926.0,668806.0,2.106119,-3.225189,DEU,BRA,6531
1226863,64,32,1048,2014.0,94876.0,0.0,1.15411,1.160462,DNK,BRA,6531
1226864,65,32,1048,2014.0,41745.0,120976.0,-0.076532,0.472746,DOM,BRA,6531
1226865,67,32,1048,2014.0,27176.0,644360.0,-1.0520559999999999,-1.109638,ECU,BRA,6531
1226866,68,32,1048,2014.0,719380.0,0.0,-0.036009,2.027503,EGY,BRA,6531
1226867,71,32,1048,2014.0,1600842.0,218323.0,0.9574159999999999,1.787233,ESP,BRA,6531
1226868,77,32,1048,2014.0,3729638.0,36756.0,1.432323,0.43023,FRA,BRA,6531
1226869,81,32,1048,2014.0,569017.0,270491.0,1.542804,0.915499,GBR,BRA,6531
1226870,89,32,1048,2014.0,0.0,14315.0,-2.26689,-0.896274,GNQ,BRA,6531
1226871,90,32,1048,2014.0,69428.0,29087.0,0.064193,0.955633,GRC,BRA,6531
1226872,93,32,1048,2014.0,0.0,124935.0,-0.24762199999999998,0.536379,GTM,BRA,6531
1226873,96,32,1048,2014.0,0.0,24581.0,-0.88674,-1.048691,GUY,BRA,6531
1226874,97,32,1048,2014.0,2309173.0,24846.0,0.9198440000000001,1.257131,HKG,BRA,6531
1226875,102,32,1048,2014.0,0.0,4860.0,1.713536,0.5681729999999999,HUN,BRA,6531
1226876,103,32,1048,2014.0,3121516.0,0.0,0.068135,1.672437,IDN,BRA,6531
1226877,104,32,1048,2014.0,3059749.0,57704.0,0.236316,2.659173,IND,BRA,6531
1226878,106,32,1048,2014.0,17041.0,0.0,1.3749790000000002,0.41131899999999993,IRL,BRA,6531
1226879,110,32,1048,2014.0,978070.0,5328.0,0.9753860000000001,0.810342,ISR,BRA,6531
1226880,111,32,1048,2014.0,4139900.0,61664.0,1.476328,-0.293302,ITA,BRA,6531
1226881,112,32,1048,2014.0,0.0,41837.0,-0.390841,-0.804425,JAM,BRA,6531
1226882,114,32,1048,2014.0,2296108.0,17845.0,2.297789,-0.58585,JPN,BRA,6531
1226883,121,32,1048,2014.0,20852456.0,0.0,1.9642650000000001,0.86425,KOR,BRA,6531
1226884,124,32,1048,2014.0,0.0,1162.0,0.32006799999999996,1.666039,LBN,BRA,6531
1226885,130,32,1048,2014.0,0.0,346054.0,0.679488,1.558981,LTU,BRA,6531
1226886,131,32,1048,2014.0,162038.0,0.0,1.093816,1.270669,LUX,BRA,6531
1226887,132,32,1048,2014.0,0.0,522302.0,0.6501,1.35321,LVA,BRA,6531
1226888,138,32,1048,2014.0,4127028.0,678410.0,1.292327,0.713879,MEX,BRA,6531
1226889,142,32,1048,2014.0,0.0,86492.0,0.8871379999999999,0.088535,MLT,BRA,6531
1226890,147,32,1048,2014.0,0.0,6382.0,-1.03106,-0.9325260000000001,MOZ,BRA,6531
1226891,151,32,1048,2014.0,0.0,2642.0,-0.055786,-0.1488,MUS,BRA,6531
1226892,160,32,1048,2014.0,0.0,17195.0,-0.85321,-0.796656,NIC,BRA,6531
1226893,162,32,1048,2014.0,1350482.0,41160.0,1.08881,1.320941,NLD,BRA,6531
1226894,163,32,1048,2014.0,63815.0,0.0,0.678424,0.137871,NOR,BRA,6531
1226895,166,32,1048,2014.0,0.0,7601.0,0.123649,0.26129,NZL,BRA,6531
1226896,169,32,1048,2014.0,153552.0,53368.0,0.8997200000000001,0.9699139999999999,PAN,BRA,6531
1226897,173,32,1048,2014.0,0.0,3342081.0,-0.617883,0.427092,PER,BRA,6531
1226898,174,32,1048,2014.0,2126.0,0.0,0.835601,0.589322,PHL,BRA,6531
1226899,177,32,1048,2014.0,63269.0,2027.0,1.1328690000000001,1.043185,POL,BRA,6531
1226900,178,32,1048,2014.0,111349.0,0.0,-0.11844400000000001,0.067508,PRK,BRA,6531
1226901,179,32,1048,2014.0,119153.0,0.0,0.763352,2.041559,PRT,BRA,6531
1226902,180,32,1048,2014.0,5802568.0,5080184.0,-0.612822,-0.8764139999999999,PRY,BRA,6531
1226903,185,32,1048,2014.0,102497.0,10706.0,1.0837940000000001,1.199571,ROU,BRA,6531
1226904,186,32,1048,2014.0,0.0,18202.0,-0.006737000000000001,-0.172237,RUS,BRA,6531
1226905,188,32,1048,2014.0,553492.0,0.0,-0.188727,-0.8629459999999999,SAU,BRA,6531
1226906,192,32,1048,2014.0,339893.0,0.0,1.750361,0.63849,SGP,BRA,6531
1226907,207,32,1048,2014.0,53999.0,0.0,1.554693,0.633504,SVN,BRA,6531
1226908,208,32,1048,2014.0,3184.0,0.0,1.7256330000000002,0.395804,SWE,BRA,6531
1226909,216,32,1048,2014.0,1792551.0,2191.0,1.111392,1.3500370000000002,THA,BRA,6531
1226910,222,32,1048,2014.0,0.0,10771.0,-0.582991,-1.055078,TTO,BRA,6531
1226911,223,32,1048,2014.0,85850.0,0.0,0.45973800000000004,0.9595459999999999,TUN,BRA,6531
1226912,224,32,1048,2014.0,2589134.0,1031.0,0.6641600000000001,2.091193,TUR,BRA,6531
1226913,230,32,1048,2014.0,2029.0,1952154.0,0.155247,-0.091751,URY,BRA,6531
1226914,231,32,1048,2014.0,3956209.0,693468.0,1.569577,-0.293173,USA,BRA,6531
1226915,236,32,1048,2014.0,0.0,8863259.0,-1.1668459999999998,-1.134262,VEN,BRA,6531
1226916,239,32,1048,2014.0,15640360.0,0.0,0.135762,1.182052,VNM,BRA,6531
1226917,246,32,1048,2014.0,14997.0,133530.0,0.156414,1.873848,ZAF,BRA,6531
1226918,249,32,1048,2014.0,69765816.0,0.0,1.850481,1.081809,TWN,BRA,6531
1226919,18,33,1048,2014.0,18748.0,0.0,1.182934,1.1967139999999998,BEL,BRB,6531
1226920,39,33,1048,2014.0,186431.0,0.0,0.6145430000000001,1.1815360000000001,CAN,BRB,6531
1226921,43,33,1048,2014.0,183213.0,0.0,1.316443,0.35039899999999996,CHN,BRB,6531
1226922,61,33,1048,2014.0,177966.0,0.0,2.106119,-3.225189,DEU,BRB,6531
1226923,71,33,1048,2014.0,10730.0,0.0,0.9574159999999999,1.787233,ESP,BRB,6531
1226924,77,33,1048,2014.0,0.0,6848.0,1.432323,0.43023,FRA,BRB,6531
1226925,97,33,1048,2014.0,6062.0,0.0,0.9198440000000001,1.257131,HKG,BRB,6531
1226926,110,33,1048,2014.0,2021.0,0.0,0.9753860000000001,0.810342,ISR,BRB,6531
1226927,111,33,1048,2014.0,18387.0,0.0,1.476328,-0.293302,ITA,BRB,6531
1226928,162,33,1048,2014.0,1089.0,0.0,1.08881,1.320941,NLD,BRB,6531
1226929,169,33,1048,2014.0,8527.0,0.0,0.8997200000000001,0.9699139999999999,PAN,BRB,6531
1226930,222,33,1048,2014.0,57058.0,0.0,-0.582991,-1.055078,TTO,BRB,6531
1226931,231,33,1048,2014.0,493488.0,0.0,1.569577,-0.293173,USA,BRB,6531
1226932,234,33,1048,2014.0,0.0,1394.0,0.101454,-0.469681,VCT,BRB,6531
1226933,249,33,1048,2014.0,14315.0,0.0,1.850481,1.081809,TWN,BRB,6531
1226934,7,39,1048,2014.0,2267962.0,197116.0,-0.121018,-0.51841,ARE,CAN,6531
1226935,8,39,1048,2014.0,0.0,1638.0,-0.047848,0.48062,ARG,CAN,6531
1226936,13,39,1048,2014.0,0.0,1320.0,0.048253,-0.618061,ATG,CAN,6531
1226937,14,39,1048,2014.0,22076.0,60323.0,-0.587779,-0.29813,AUS,CAN,6531
1226938,15,39,1048,2014.0,250348.0,0.0,1.782532,-0.84455,AUT,CAN,6531
1226939,18,39,1048,2014.0,1473663.0,184087.0,1.182934,1.1967139999999998,BEL,CAN,6531
1226940,22,39,1048,2014.0,0.0,24894.0,-0.76547,-0.9645469999999999,BGD,CAN,6531
1226941,23,39,1048,2014.0,7933.0,37525.0,0.611912,1.594597,BGR,CAN,6531
1226942,24,39,1048,2014.0,0.0,8252.0,0.087173,-0.542374,BHR,CAN,6531
1226943,25,39,1048,2014.0,0.0,6620.0,0.199967,-0.640347,BHS,CAN,6531
1226944,31,39,1048,2014.0,0.0,18821.0,-1.200516,-1.052286,BOL,CAN,6531
1226945,32,39,1048,2014.0,21076.0,9908.0,0.23286700000000002,0.968366,BRA,CAN,6531
1226946,33,39,1048,2014.0,0.0,186431.0,0.45538500000000004,-0.126756,BRB,CAN,6531
1226947,41,39,1048,2014.0,994779.0,14468.0,2.027022,0.780257,CHE,CAN,6531
1226948,42,39,1048,2014.0,2027.0,68205.0,-0.196236,-0.162428,CHL,CAN,6531
1226949,43,39,1048,2014.0,34392684.0,528655.0,1.316443,0.35039899999999996,CHN,CAN,6531
1226950,44,39,1048,2014.0,0.0,100093.0,-0.854784,-0.781877,CIV,CAN,6531
1226951,49,39,1048,2014.0,24412.0,550242.0,0.084348,-0.39008200000000004,COL,CAN,6531
1226952,52,39,1048,2014.0,0.0,74586.0,0.13936500000000002,-0.573277,CRI,CAN,6531
1226953,59,39,1048,2014.0,31859.0,14446.0,1.761204,-0.148263,CZE,CAN,6531
1226954,61,39,1048,2014.0,1607075.0,116035.0,2.106119,-3.225189,DEU,CAN,6531
1226955,64,39,1048,2014.0,59566.0,16719.0,1.15411,1.160462,DNK,CAN,6531
1226956,65,39,1048,2014.0,0.0,263180.0,-0.076532,0.472746,DOM,CAN,6531
1226957,66,39,1048,2014.0,0.0,190244.0,-1.427966,-1.1216760000000001,DZA,CAN,6531
1226958,67,39,1048,2014.0,0.0,246107.0,-1.0520559999999999,-1.109638,ECU,CAN,6531
1226959,68,39,1048,2014.0,5709.0,12720.0,-0.036009,2.027503,EGY,CAN,6531
1226960,71,39,1048,2014.0,449899.0,3826.0,0.9574159999999999,1.787233,ESP,CAN,6531
1226961,74,39,1048,2014.0,0.0,1411293.0,1.591758,0.9737819999999999,FIN,CAN,6531
1226962,75,39,1048,2014.0,0.0,8353.0,-0.20919699999999997,0.095276,FJI,CAN,6531
1226963,77,39,1048,2014.0,430980.0,9617.0,1.432323,0.43023,FRA,CAN,6531
1226964,81,39,1048,2014.0,2499470.0,670978.0,1.542804,0.915499,GBR,CAN,6531
1226965,90,39,1048,2014.0,559220.0,0.0,0.064193,0.955633,GRC,CAN,6531
1226966,92,39,1048,2014.0,0.0,6735.0,-0.815759,-0.9168860000000001,GRL,CAN,6531
1226967,93,39,1048,2014.0,284403.0,53818.0,-0.24762199999999998,0.536379,GTM,CAN,6531
1226968,97,39,1048,2014.0,137180.0,327878.0,0.9198440000000001,1.257131,HKG,CAN,6531
1226969,99,39,1048,2014.0,0.0,84583.0,-0.372433,0.036463,HND,CAN,6531
1226970,102,39,1048,2014.0,93337.0,12677.0,1.713536,0.5681729999999999,HUN,CAN,6531
1226971,103,39,1048,2014.0,2851242.0,71296.0,0.068135,1.672437,IDN,CAN,6531
1226972,104,39,1048,2014.0,11472324.0,24246.0,0.236316,2.659173,IND,CAN,6531
1226973,106,39,1048,2014.0,343549.0,100089.0,1.3749790000000002,0.41131899999999993,IRL,CAN,6531
1226974,109,39,1048,2014.0,0.0,3631.0,0.130097,-0.313819,ISL,CAN,6531
1226975,110,39,1048,2014.0,129148.0,38100.0,0.9753860000000001,0.810342,ISR,CAN,6531
1226976,111,39,1048,2014.0,1801379.0,205923.0,1.476328,-0.293302,ITA,CAN,6531
1226977,112,39,1048,2014.0,0.0,25879.0,-0.390841,-0.804425,JAM,CAN,6531
1226978,114,39,1048,2014.0,2547621.0,39995.0,2.297789,-0.58585,JPN,CAN,6531
1226979,120,39,1048,2014.0,0.0,27133.0,0.731716,-0.341254,KNA,CAN,6531
1226980,121,39,1048,2014.0,7972066.0,21465.0,1.9642650000000001,0.86425,KOR,CAN,6531
1226981,122,39,1048,2014.0,0.0,1016.0,-1.2601069999999999,-1.0929360000000001,KWT,CAN,6531
1226982,124,39,1048,2014.0,5616.0,9126.0,0.32006799999999996,1.666039,LBN,CAN,6531
1226983,126,39,1048,2014.0,0.0,12268.0,-1.539253,-1.159929,LBY,CAN,6531
1226984,127,39,1048,2014.0,0.0,4540.0,0.636416,-0.464264,LCA,CAN,6531
1226985,128,39,1048,2014.0,0.0,18434.0,-0.30641399999999996,0.29736799999999997,LKA,CAN,6531
1226986,130,39,1048,2014.0,33815.0,15320.0,0.679488,1.558981,LTU,CAN,6531
1226987,131,39,1048,2014.0,1700.0,0.0,1.093816,1.270669,LUX,CAN,6531
1226988,134,39,1048,2014.0,1783.0,0.0,-0.429457,0.039947,MAR,CAN,6531
1226989,138,39,1048,2014.0,650289.0,979425.0,1.292327,0.713879,MEX,CAN,6531
1226990,142,39,1048,2014.0,7035.0,26123.0,0.8871379999999999,0.088535,MLT,CAN,6531
1226991,148,39,1048,2014.0,0.0,15304.0,-1.425856,-1.213441,MRT,CAN,6531
1226992,153,39,1048,2014.0,779923.0,4588.0,0.995226,0.7797810000000001,MYS,CAN,6531
1226993,156,39,1048,2014.0,0.0,2594.0,-0.201994,-0.723618,NCL,CAN,6531
1226994,159,39,1048,2014.0,0.0,19614.0,-1.9012419999999999,-1.229264,NGA,CAN,6531
1226995,162,39,1048,2014.0,600053.0,145355.0,1.08881,1.320941,NLD,CAN,6531
1226996,163,39,1048,2014.0,28694.0,1373.0,0.678424,0.137871,NOR,CAN,6531
1226997,166,39,1048,2014.0,88460.0,14225.0,0.123649,0.26129,NZL,CAN,6531
1226998,168,39,1048,2014.0,455367.0,48096.0,-0.595946,0.493716,PAK,CAN,6531
1226999,169,39,1048,2014.0,4386.0,88162.0,0.8997200000000001,0.9699139999999999,PAN,CAN,6531
1227000,173,39,1048,2014.0,144954.0,210905.0,-0.617883,0.427092,PER,CAN,6531
1227001,174,39,1048,2014.0,2420.0,140794.0,0.835601,0.589322,PHL,CAN,6531
1227002,177,39,1048,2014.0,14624.0,24666.0,1.1328690000000001,1.043185,POL,CAN,6531
1227003,179,39,1048,2014.0,16075.0,1036.0,0.763352,2.041559,PRT,CAN,6531
1227004,180,39,1048,2014.0,0.0,109949.0,-0.612822,-0.8764139999999999,PRY,CAN,6531
1227005,183,39,1048,2014.0,0.0,8366.0,-0.5604899999999999,-0.989015,QAT,CAN,6531
1227006,185,39,1048,2014.0,105792.0,12956.0,1.0837940000000001,1.199571,ROU,CAN,6531
1227007,188,39,1048,2014.0,1124331.0,0.0,-0.188727,-0.8629459999999999,SAU,CAN,6531
1227008,191,39,1048,2014.0,0.0,1448.0,-0.509239,0.002353,SEN,CAN,6531
1227009,192,39,1048,2014.0,0.0,44022.0,1.750361,0.63849,SGP,CAN,6531
1227010,197,39,1048,2014.0,2140.0,159578.0,0.11639200000000001,0.368644,SLV,CAN,6531
1227011,200,39,1048,2014.0,0.0,10379.0,0.650539,-0.411339,SPM,CAN,6531
1227012,207,39,1048,2014.0,0.0,5409.0,1.554693,0.633504,SVN,CAN,6531
1227013,208,39,1048,2014.0,11882.0,124103.0,1.7256330000000002,0.395804,SWE,CAN,6531
1227014,216,39,1048,2014.0,9997277.0,30978.0,1.111392,1.3500370000000002,THA,CAN,6531
1227015,222,39,1048,2014.0,0.0,87358.0,-0.582991,-1.055078,TTO,CAN,6531
1227016,223,39,1048,2014.0,0.0,155081.0,0.45973800000000004,0.9595459999999999,TUN,CAN,6531
1227017,224,39,1048,2014.0,2549301.0,17594.0,0.6641600000000001,2.091193,TUR,CAN,6531
1227018,228,39,1048,2014.0,6562.0,2538.0,0.505369,1.07634,UKR,CAN,6531
1227019,230,39,1048,2014.0,0.0,38139.0,0.155247,-0.091751,URY,CAN,6531
1227020,231,39,1048,2014.0,145051232.0,130494952.0,1.569577,-0.293173,USA,CAN,6531
1227021,234,39,1048,2014.0,0.0,2993.0,0.101454,-0.469681,VCT,CAN,6531
1227022,236,39,1048,2014.0,0.0,168950.0,-1.1668459999999998,-1.134262,VEN,CAN,6531
1227023,239,39,1048,2014.0,19512558.0,71398.0,0.135762,1.182052,VNM,CAN,6531
1227024,246,39,1048,2014.0,22647.0,44984.0,0.156414,1.873848,ZAF,CAN,6531
1227025,249,39,1048,2014.0,8517149.0,10364.0,1.850481,1.081809,TWN,CAN,6531
1227026,7,41,1048,2014.0,0.0,210885.0,-0.121018,-0.51841,ARE,CHE,6531
1227027,8,41,1048,2014.0,0.0,1314.0,-0.047848,0.48062,ARG,CHE,6531
1227028,9,41,1048,2014.0,0.0,3389.0,-0.143991,-0.5265890000000001,ARM,CHE,6531
1227029,14,41,1048,2014.0,0.0,87864.0,-0.587779,-0.29813,AUS,CHE,6531
1227030,15,41,1048,2014.0,1841416.0,3557132.0,1.782532,-0.84455,AUT,CHE,6531
1227031,18,41,1048,2014.0,1511875.0,807025.0,1.182934,1.1967139999999998,BEL,CHE,6531
1227032,22,41,1048,2014.0,0.0,197854.0,-0.76547,-0.9645469999999999,BGD,CHE,6531
1227033,23,41,1048,2014.0,0.0,63161.0,0.611912,1.594597,BGR,CHE,6531
1227034,24,41,1048,2014.0,0.0,3252.0,0.087173,-0.542374,BHR,CHE,6531
1227035,26,41,1048,2014.0,6094.0,240522.0,0.737556,0.9815530000000001,BIH,CHE,6531
1227036,31,41,1048,2014.0,0.0,3199.0,-1.200516,-1.052286,BOL,CHE,6531
1227037,32,41,1048,2014.0,3026.0,15300.0,0.23286700000000002,0.968366,BRA,CHE,6531
1227038,39,41,1048,2014.0,14468.0,994779.0,0.6145430000000001,1.1815360000000001,CAN,CHE,6531
1227039,42,41,1048,2014.0,0.0,11783.0,-0.196236,-0.162428,CHL,CHE,6531
1227040,43,41,1048,2014.0,12006552.0,1809393.0,1.316443,0.35039899999999996,CHN,CHE,6531
1227041,49,41,1048,2014.0,0.0,43111.0,0.084348,-0.39008200000000004,COL,CHE,6531
1227042,52,41,1048,2014.0,0.0,10717.0,0.13936500000000002,-0.573277,CRI,CHE,6531
1227043,59,41,1048,2014.0,4303842.0,315739.0,1.761204,-0.148263,CZE,CHE,6531
1227044,61,41,1048,2014.0,78971320.0,68777344.0,2.106119,-3.225189,DEU,CHE,6531
1227045,64,41,1048,2014.0,181136.0,323006.0,1.15411,1.160462,DNK,CHE,6531
1227046,67,41,1048,2014.0,1100.0,27329.0,-1.0520559999999999,-1.109638,ECU,CHE,6531
1227047,68,41,1048,2014.0,0.0,13240.0,-0.036009,2.027503,EGY,CHE,6531
1227048,71,41,1048,2014.0,1564557.0,708039.0,0.9574159999999999,1.787233,ESP,CHE,6531
1227049,72,41,1048,2014.0,0.0,211908.0,1.022704,1.175645,EST,CHE,6531
1227050,74,41,1048,2014.0,0.0,284090.0,1.591758,0.9737819999999999,FIN,CHE,6531
1227051,77,41,1048,2014.0,8875589.0,3528438.0,1.432323,0.43023,FRA,CHE,6531
1227052,81,41,1048,2014.0,957689.0,355491.0,1.542804,0.915499,GBR,CHE,6531
1227053,90,41,1048,2014.0,1191567.0,9729.0,0.064193,0.955633,GRC,CHE,6531
1227054,96,41,1048,2014.0,0.0,1167.0,-0.88674,-1.048691,GUY,CHE,6531
1227055,97,41,1048,2014.0,182961.0,2068941.0,0.9198440000000001,1.257131,HKG,CHE,6531
1227056,100,41,1048,2014.0,1814.0,1365.0,0.8627809999999999,1.3475549999999998,HRV,CHE,6531
1227057,102,41,1048,2014.0,467346.0,512271.0,1.713536,0.5681729999999999,HUN,CHE,6531
1227058,103,41,1048,2014.0,26210.0,408887.0,0.068135,1.672437,IDN,CHE,6531
1227059,104,41,1048,2014.0,964470.0,111486.0,0.236316,2.659173,IND,CHE,6531
1227060,106,41,1048,2014.0,0.0,7173.0,1.3749790000000002,0.41131899999999993,IRL,CHE,6531
1227061,107,41,1048,2014.0,0.0,101112.0,-0.47744899999999996,-0.429676,IRN,CHE,6531
1227062,110,41,1048,2014.0,7244.0,30342.0,0.9753860000000001,0.810342,ISR,CHE,6531
1227063,111,41,1048,2014.0,13011178.0,3073390.0,1.476328,-0.293302,ITA,CHE,6531
1227064,114,41,1048,2014.0,958506.0,563077.0,2.297789,-0.58585,JPN,CHE,6531
1227065,121,41,1048,2014.0,191137.0,2104842.0,1.9642650000000001,0.86425,KOR,CHE,6531
1227066,122,41,1048,2014.0,0.0,77995.0,-1.2601069999999999,-1.0929360000000001,KWT,CHE,6531
1227067,124,41,1048,2014.0,1958.0,31929.0,0.32006799999999996,1.666039,LBN,CHE,6531
1227068,128,41,1048,2014.0,0.0,1526.0,-0.30641399999999996,0.29736799999999997,LKA,CHE,6531
1227069,130,41,1048,2014.0,83853.0,141097.0,0.679488,1.558981,LTU,CHE,6531
1227070,131,41,1048,2014.0,40590.0,10581.0,1.093816,1.270669,LUX,CHE,6531
1227071,132,41,1048,2014.0,3732.0,170477.0,0.6501,1.35321,LVA,CHE,6531
1227072,134,41,1048,2014.0,0.0,29929.0,-0.429457,0.039947,MAR,CHE,6531
1227073,135,41,1048,2014.0,0.0,150938.0,0.031916,0.24264499999999997,MDA,CHE,6531
1227074,138,41,1048,2014.0,0.0,106691.0,1.292327,0.713879,MEX,CHE,6531
1227075,140,41,1048,2014.0,15861.0,366596.0,-0.216313,-0.214403,MKD,CHE,6531
1227076,144,41,1048,2014.0,0.0,1080.0,-0.007741,0.018085,MNE,CHE,6531
1227077,147,41,1048,2014.0,0.0,17659.0,-1.03106,-0.9325260000000001,MOZ,CHE,6531
1227078,153,41,1048,2014.0,34501.0,46742.0,0.995226,0.7797810000000001,MYS,CHE,6531
1227079,159,41,1048,2014.0,0.0,15257.0,-1.9012419999999999,-1.229264,NGA,CHE,6531
1227080,162,41,1048,2014.0,894394.0,808635.0,1.08881,1.320941,NLD,CHE,6531
1227081,163,41,1048,2014.0,4505.0,147455.0,0.678424,0.137871,NOR,CHE,6531
1227082,166,41,1048,2014.0,0.0,6003.0,0.123649,0.26129,NZL,CHE,6531
1227083,168,41,1048,2014.0,0.0,38910.0,-0.595946,0.493716,PAK,CHE,6531
1227084,173,41,1048,2014.0,0.0,1549.0,-0.617883,0.427092,PER,CHE,6531
1227085,174,41,1048,2014.0,4770.0,686309.0,0.835601,0.589322,PHL,CHE,6531
1227086,177,41,1048,2014.0,236616.0,4202448.0,1.1328690000000001,1.043185,POL,CHE,6531
1227087,179,41,1048,2014.0,155620.0,1676899.0,0.763352,2.041559,PRT,CHE,6531
1227088,183,41,1048,2014.0,0.0,51168.0,-0.5604899999999999,-0.989015,QAT,CHE,6531
1227089,185,41,1048,2014.0,13686.0,2046706.0,1.0837940000000001,1.199571,ROU,CHE,6531
1227090,186,41,1048,2014.0,3402.0,15850951.0,-0.006737000000000001,-0.172237,RUS,CHE,6531
1227091,188,41,1048,2014.0,0.0,250521.0,-0.188727,-0.8629459999999999,SAU,CHE,6531
1227092,190,41,1048,2014.0,0.0,14224.0,-1.473904,-1.154731,SDN,CHE,6531
1227093,192,41,1048,2014.0,1692.0,136332.0,1.750361,0.63849,SGP,CHE,6531
1227094,197,41,1048,2014.0,0.0,35446.0,0.11639200000000001,0.368644,SLV,CHE,6531
1227095,201,41,1048,2014.0,7569.0,28413.0,0.6017979999999999,1.328124,SRB,CHE,6531
1227096,206,41,1048,2014.0,233569.0,839929.0,1.525525,0.773486,SVK,CHE,6531
1227097,207,41,1048,2014.0,1215.0,173060.0,1.554693,0.633504,SVN,CHE,6531
1227098,208,41,1048,2014.0,48853.0,467853.0,1.7256330000000002,0.395804,SWE,CHE,6531
1227099,211,41,1048,2014.0,0.0,3063.0,0.158898,-0.571933,SYC,CHE,6531
1227100,216,41,1048,2014.0,33761.0,534929.0,1.111392,1.3500370000000002,THA,CHE,6531
1227101,223,41,1048,2014.0,0.0,169893.0,0.45973800000000004,0.9595459999999999,TUN,CHE,6531
1227102,224,41,1048,2014.0,2056393.0,418141.0,0.6641600000000001,2.091193,TUR,CHE,6531
1227103,228,41,1048,2014.0,0.0,32887.0,0.505369,1.07634,UKR,CHE,6531
1227104,231,41,1048,2014.0,365561.0,3189512.0,1.569577,-0.293173,USA,CHE,6531
1227105,239,41,1048,2014.0,144379.0,2153088.0,0.135762,1.182052,VNM,CHE,6531
1227106,246,41,1048,2014.0,46373.0,16683.0,0.156414,1.873848,ZAF,CHE,6531
1227107,249,41,1048,2014.0,9165956.0,113181.0,1.850481,1.081809,TWN,CHE,6531
1227108,2,42,1048,2014.0,0.0,10363.0,-1.547068,-1.121438,AGO,CHL,6531
1227109,7,42,1048,2014.0,252012.0,0.0,-0.121018,-0.51841,ARE,CHL,6531
1227110,8,42,1048,2014.0,872270.0,2770178.0,-0.047848,0.48062,ARG,CHL,6531
1227111,14,42,1048,2014.0,159134.0,0.0,-0.587779,-0.29813,AUS,CHL,6531
1227112,15,42,1048,2014.0,24272.0,0.0,1.782532,-0.84455,AUT,CHL,6531
1227113,18,42,1048,2014.0,2291306.0,0.0,1.182934,1.1967139999999998,BEL,CHL,6531
1227114,31,42,1048,2014.0,3686.0,15502276.0,-1.200516,-1.052286,BOL,CHL,6531
1227115,32,42,1048,2014.0,4341283.0,328983.0,0.23286700000000002,0.968366,BRA,CHL,6531
1227116,39,42,1048,2014.0,68205.0,2027.0,0.6145430000000001,1.1815360000000001,CAN,CHL,6531
1227117,41,42,1048,2014.0,11783.0,0.0,2.027022,0.780257,CHE,CHL,6531
1227118,43,42,1048,2014.0,95414304.0,0.0,1.316443,0.35039899999999996,CHN,CHL,6531
1227119,49,42,1048,2014.0,460962.0,109005.0,0.084348,-0.39008200000000004,COL,CHL,6531
1227120,61,42,1048,2014.0,385922.0,0.0,2.106119,-3.225189,DEU,CHL,6531
1227121,64,42,1048,2014.0,4485.0,0.0,1.15411,1.160462,DNK,CHL,6531
1227122,67,42,1048,2014.0,0.0,110952.0,-1.0520559999999999,-1.109638,ECU,CHL,6531
1227123,71,42,1048,2014.0,3473223.0,3940.0,0.9574159999999999,1.787233,ESP,CHL,6531
1227124,77,42,1048,2014.0,217241.0,0.0,1.432323,0.43023,FRA,CHL,6531
1227125,81,42,1048,2014.0,58262.0,1921.0,1.542804,0.915499,GBR,CHL,6531
1227126,93,42,1048,2014.0,0.0,1069.0,-0.24762199999999998,0.536379,GTM,CHL,6531
1227127,97,42,1048,2014.0,27230.0,0.0,0.9198440000000001,1.257131,HKG,CHL,6531
1227128,103,42,1048,2014.0,1495187.0,0.0,0.068135,1.672437,IDN,CHL,6531
1227129,104,42,1048,2014.0,923171.0,0.0,0.236316,2.659173,IND,CHL,6531
1227130,106,42,1048,2014.0,15499.0,0.0,1.3749790000000002,0.41131899999999993,IRL,CHL,6531
1227131,110,42,1048,2014.0,501648.0,0.0,0.9753860000000001,0.810342,ISR,CHL,6531
1227132,111,42,1048,2014.0,2490092.0,0.0,1.476328,-0.293302,ITA,CHL,6531
1227133,114,42,1048,2014.0,466711.0,0.0,2.297789,-0.58585,JPN,CHL,6531
1227134,121,42,1048,2014.0,7323524.0,0.0,1.9642650000000001,0.86425,KOR,CHL,6531
1227135,130,42,1048,2014.0,1146.0,0.0,0.679488,1.558981,LTU,CHL,6531
1227136,138,42,1048,2014.0,107805.0,212749.0,1.292327,0.713879,MEX,CHL,6531
1227137,153,42,1048,2014.0,42136.0,0.0,0.995226,0.7797810000000001,MYS,CHL,6531
1227138,162,42,1048,2014.0,44136.0,0.0,1.08881,1.320941,NLD,CHL,6531
1227139,166,42,1048,2014.0,1928.0,0.0,0.123649,0.26129,NZL,CHL,6531
1227140,168,42,1048,2014.0,2272947.0,18761.0,-0.595946,0.493716,PAK,CHL,6531
1227141,169,42,1048,2014.0,1073606.0,2275.0,0.8997200000000001,0.9699139999999999,PAN,CHL,6531
1227142,173,42,1048,2014.0,303500.0,1936029.0,-0.617883,0.427092,PER,CHL,6531
1227143,179,42,1048,2014.0,1186.0,0.0,0.763352,2.041559,PRT,CHL,6531
1227144,180,42,1048,2014.0,0.0,5638196.0,-0.612822,-0.8764139999999999,PRY,CHL,6531
1227145,188,42,1048,2014.0,431994.0,0.0,-0.188727,-0.8629459999999999,SAU,CHL,6531
1227146,208,42,1048,2014.0,7336.0,0.0,1.7256330000000002,0.395804,SWE,CHL,6531
1227147,216,42,1048,2014.0,396807.0,0.0,1.111392,1.3500370000000002,THA,CHL,6531
1227148,223,42,1048,2014.0,0.0,3592.0,0.45973800000000004,0.9595459999999999,TUN,CHL,6531
1227149,224,42,1048,2014.0,134274.0,47122.0,0.6641600000000001,2.091193,TUR,CHL,6531
1227150,230,42,1048,2014.0,21530.0,55731.0,0.155247,-0.091751,URY,CHL,6531
1227151,231,42,1048,2014.0,3297195.0,0.0,1.569577,-0.293173,USA,CHL,6531
1227152,236,42,1048,2014.0,0.0,10382.0,-1.1668459999999998,-1.134262,VEN,CHL,6531
1227153,239,42,1048,2014.0,1096844.0,5686.0,0.135762,1.182052,VNM,CHL,6531
1227154,246,42,1048,2014.0,37815.0,0.0,0.156414,1.873848,ZAF,CHL,6531
1227155,249,42,1048,2014.0,7525781.0,0.0,1.850481,1.081809,TWN,CHL,6531
1227156,250,42,1048,2014.0,17619.0,6431.0,0.426964,0.138883,ANS,CHL,6531
1227157,1,43,1048,2014.0,0.0,411926.0,-0.9800639999999999,-0.8281790000000001,AFG,CHN,6531
1227158,2,43,1048,2014.0,0.0,31279776.0,-1.547068,-1.121438,AGO,CHN,6531
1227159,4,43,1048,2014.0,0.0,5182296.0,-0.44000200000000006,-0.168443,ALB,CHN,6531
1227160,7,43,1048,2014.0,1692179.0,653290304.0,-0.121018,-0.51841,ARE,CHN,6531
1227161,8,43,1048,2014.0,0.0,53527944.0,-0.047848,0.48062,ARG,CHN,6531
1227162,9,43,1048,2014.0,0.0,992585.0,-0.143991,-0.5265890000000001,ARM,CHN,6531
1227163,13,43,1048,2014.0,0.0,36194.0,0.048253,-0.618061,ATG,CHN,6531
1227164,14,43,1048,2014.0,711735.0,32092520.0,-0.587779,-0.29813,AUS,CHN,6531
1227165,15,43,1048,2014.0,1395075.0,1674202.0,1.782532,-0.84455,AUT,CHN,6531
1227166,16,43,1048,2014.0,0.0,11396213.0,-1.230795,-1.237163,AZE,CHN,6531
1227167,17,43,1048,2014.0,0.0,1488.0,-0.13325599999999999,-0.853491,BDI,CHN,6531
1227168,18,43,1048,2014.0,1688012.0,55943752.0,1.182934,1.1967139999999998,BEL,CHN,6531
1227169,19,43,1048,2014.0,0.0,333986848.0,-0.461501,-0.7216819999999999,BEN,CHN,6531
1227170,21,43,1048,2014.0,0.0,1322.0,-0.7933279999999999,-0.872791,BFA,CHN,6531
1227171,22,43,1048,2014.0,74710.0,284396384.0,-0.76547,-0.9645469999999999,BGD,CHN,6531
1227172,23,43,1048,2014.0,63678.0,20040064.0,0.611912,1.594597,BGR,CHN,6531
1227173,24,43,1048,2014.0,0.0,5401918.0,0.087173,-0.542374,BHR,CHN,6531
1227174,25,43,1048,2014.0,0.0,159694.0,0.199967,-0.640347,BHS,CHN,6531
1227175,26,43,1048,2014.0,0.0,1647838.0,0.737556,0.9815530000000001,BIH,CHN,6531
1227176,28,43,1048,2014.0,0.0,1583770.0,0.929114,0.7313069999999999,BLR,CHN,6531
1227177,29,43,1048,2014.0,0.0,11995.0,-0.15501700000000002,-0.507759,BLZ,CHN,6531
1227178,31,43,1048,2014.0,1936.0,1356572.0,-1.200516,-1.052286,BOL,CHN,6531
1227179,32,43,1048,2014.0,201472.0,565023936.0,0.23286700000000002,0.968366,BRA,CHN,6531
1227180,33,43,1048,2014.0,0.0,183213.0,0.45538500000000004,-0.126756,BRB,CHN,6531
1227181,34,43,1048,2014.0,0.0,6490734.0,-0.866534,-0.764166,BRN,CHN,6531
1227182,35,43,1048,2014.0,0.0,85511.0,-0.177396,-0.7650319999999999,BTN,CHN,6531
1227183,37,43,1048,2014.0,0.0,819362.0,-0.7467630000000001,-1.1369690000000001,BWA,CHN,6531
1227184,38,43,1048,2014.0,0.0,24191.0,0.741726,0.502542,CAF,CHN,6531
1227185,39,43,1048,2014.0,528655.0,34392684.0,0.6145430000000001,1.1815360000000001,CAN,CHN,6531
1227186,41,43,1048,2014.0,1809393.0,12006552.0,2.027022,0.780257,CHE,CHN,6531
1227187,42,43,1048,2014.0,0.0,95414304.0,-0.196236,-0.162428,CHL,CHN,6531
1227188,44,43,1048,2014.0,0.0,12752488.0,-0.854784,-0.781877,CIV,CHN,6531
1227189,45,43,1048,2014.0,21735.0,13617578.0,-0.726413,-0.927583,CMR,CHN,6531
1227190,46,43,1048,2014.0,0.0,4524130.0,-1.596912,-1.1239940000000002,COD,CHN,6531
1227191,47,43,1048,2014.0,0.0,1153206.0,-1.359593,-1.101705,COG,CHN,6531
1227192,49,43,1048,2014.0,12936.0,89826776.0,0.084348,-0.39008200000000004,COL,CHN,6531
1227193,50,43,1048,2014.0,0.0,139747.0,0.21706399999999998,-0.6920810000000001,COM,CHN,6531
1227194,51,43,1048,2014.0,0.0,452614.0,-0.287482,-0.719359,CPV,CHN,6531
1227195,52,43,1048,2014.0,2819.0,5695423.0,0.13936500000000002,-0.573277,CRI,CHN,6531
1227196,54,43,1048,2014.0,0.0,6055998.0,-0.5320560000000001,-0.941575,CUB,CHN,6531
1227197,55,43,1048,2014.0,0.0,1701.0,0.094776,-0.738603,CUW,CHN,6531
1227198,58,43,1048,2014.0,0.0,651234.0,0.476854,0.572103,CYP,CHN,6531
1227199,59,43,1048,2014.0,22756.0,9804199.0,1.761204,-0.148263,CZE,CHN,6531
1227200,61,43,1048,2014.0,16289832.0,188910080.0,2.106119,-3.225189,DEU,CHN,6531
1227201,62,43,1048,2014.0,0.0,16976318.0,-0.552959,-0.840274,DJI,CHN,6531
1227202,63,43,1048,2014.0,0.0,492868.0,0.32613600000000004,-0.09935,DMA,CHN,6531
1227203,64,43,1048,2014.0,527443.0,7570766.0,1.15411,1.160462,DNK,CHN,6531
1227204,65,43,1048,2014.0,0.0,21630432.0,-0.076532,0.472746,DOM,CHN,6531
1227205,66,43,1048,2014.0,0.0,181403904.0,-1.427966,-1.1216760000000001,DZA,CHN,6531
1227206,67,43,1048,2014.0,0.0,29435702.0,-1.0520559999999999,-1.109638,ECU,CHN,6531
1227207,68,43,1048,2014.0,84257.0,198767008.0,-0.036009,2.027503,EGY,CHN,6531
1227208,69,43,1048,2014.0,0.0,452639.0,-1.8750509999999998,-1.1314790000000001,ERI,CHN,6531
1227209,71,43,1048,2014.0,1433179.0,106591792.0,0.9574159999999999,1.787233,ESP,CHN,6531
1227210,72,43,1048,2014.0,2410.0,9597791.0,1.022704,1.175645,EST,CHN,6531
1227211,73,43,1048,2014.0,0.0,43657152.0,-1.147242,-0.986643,ETH,CHN,6531
1227212,74,43,1048,2014.0,501798.0,44640632.0,1.591758,0.9737819999999999,FIN,CHN,6531
1227213,75,43,1048,2014.0,0.0,3271494.0,-0.20919699999999997,0.095276,FJI,CHN,6531
1227214,77,43,1048,2014.0,7740020.0,50059976.0,1.432323,0.43023,FRA,CHN,6531
1227215,79,43,1048,2014.0,0.0,36649.0,-0.32612800000000003,-0.8335809999999999,FSM,CHN,6531
1227216,80,43,1048,2014.0,0.0,539254.0,-1.354381,-1.100019,GAB,CHN,6531
1227217,81,43,1048,2014.0,4203154.0,90143832.0,1.542804,0.915499,GBR,CHN,6531
1227218,82,43,1048,2014.0,0.0,5221938.0,-0.23090300000000002,-0.510401,GEO,CHN,6531
1227219,83,43,1048,2014.0,0.0,24675696.0,-1.1140299999999999,-1.0711700000000002,GHA,CHN,6531
1227220,85,43,1048,2014.0,0.0,4148052.0,-1.7494900000000002,-1.224512,GIN,CHN,6531
1227221,87,43,1048,2014.0,0.0,9087815.0,-0.79725,-0.8249059999999999,GMB,CHN,6531
1227222,88,43,1048,2014.0,0.0,47588.0,-1.6245100000000001,-0.981492,GNB,CHN,6531
1227223,89,43,1048,2014.0,0.0,130326.0,-2.26689,-0.896274,GNQ,CHN,6531
1227224,90,43,1048,2014.0,16897.0,26517072.0,0.064193,0.955633,GRC,CHN,6531
1227225,91,43,1048,2014.0,0.0,76856.0,0.30344,-0.5055350000000001,GRD,CHN,6531
1227226,93,43,1048,2014.0,31057.0,29653260.0,-0.24762199999999998,0.536379,GTM,CHN,6531
1227227,96,43,1048,2014.0,0.0,583809.0,-0.88674,-1.048691,GUY,CHN,6531
1227228,97,43,1048,2014.0,9026232.0,233848112.0,0.9198440000000001,1.257131,HKG,CHN,6531
1227229,99,43,1048,2014.0,115242.0,3268039.0,-0.372433,0.036463,HND,CHN,6531
1227230,100,43,1048,2014.0,0.0,10332638.0,0.8627809999999999,1.3475549999999998,HRV,CHN,6531
1227231,101,43,1048,2014.0,0.0,2681788.0,-0.894977,-1.0674379999999999,HTI,CHN,6531
1227232,102,43,1048,2014.0,63378.0,6601913.0,1.713536,0.5681729999999999,HUN,CHN,6531
1227233,103,43,1048,2014.0,14859468.0,572731584.0,0.068135,1.672437,IDN,CHN,6531
1227234,104,43,1048,2014.0,20178216.0,307743360.0,0.236316,2.659173,IND,CHN,6531
1227235,106,43,1048,2014.0,42349.0,463987.0,1.3749790000000002,0.41131899999999993,IRL,CHN,6531
1227236,107,43,1048,2014.0,0.0,297881408.0,-0.47744899999999996,-0.429676,IRN,CHN,6531
1227237,108,43,1048,2014.0,0.0,58412248.0,-3.04704,-0.9082290000000001,IRQ,CHN,6531
1227238,109,43,1048,2014.0,0.0,59591.0,0.130097,-0.313819,ISL,CHN,6531
1227239,110,43,1048,2014.0,110041.0,42792020.0,0.9753860000000001,0.810342,ISR,CHN,6531
1227240,111,43,1048,2014.0,17351018.0,166309504.0,1.476328,-0.293302,ITA,CHN,6531
1227241,112,43,1048,2014.0,0.0,3523261.0,-0.390841,-0.804425,JAM,CHN,6531
1227242,113,43,1048,2014.0,8604.0,55952628.0,0.23508800000000002,0.47597,JOR,CHN,6531
1227243,114,43,1048,2014.0,440668032.0,176032560.0,2.297789,-0.58585,JPN,CHN,6531
1227244,115,43,1048,2014.0,0.0,33780296.0,-0.503438,-0.5477850000000001,KAZ,CHN,6531
1227245,116,43,1048,2014.0,0.0,114190656.0,-0.411786,0.219875,KEN,CHN,6531
1227246,117,43,1048,2014.0,11627.0,203146320.0,-0.11451099999999999,0.358754,KGZ,CHN,6531
1227247,118,43,1048,2014.0,226008.0,68408592.0,-0.5871430000000001,-0.7545850000000001,KHM,CHN,6531
1227248,119,43,1048,2014.0,0.0,7647.0,0.321741,-0.633105,KIR,CHN,6531
1227249,121,43,1048,2014.0,407612032.0,174645520.0,1.9642650000000001,0.86425,KOR,CHN,6531
1227250,122,43,1048,2014.0,2108.0,27902888.0,-1.2601069999999999,-1.0929360000000001,KWT,CHN,6531
1227251,123,43,1048,2014.0,3921.0,610530.0,-0.924599,-0.7456430000000001,LAO,CHN,6531
1227252,124,43,1048,2014.0,0.0,24647450.0,0.32006799999999996,1.666039,LBN,CHN,6531
1227253,125,43,1048,2014.0,0.0,467944.0,-1.191134,-1.076719,LBR,CHN,6531
1227254,126,43,1048,2014.0,0.0,20486262.0,-1.539253,-1.159929,LBY,CHN,6531
1227255,127,43,1048,2014.0,0.0,173545.0,0.636416,-0.464264,LCA,CHN,6531
1227256,128,43,1048,2014.0,19713.0,93008616.0,-0.30641399999999996,0.29736799999999997,LKA,CHN,6531
1227257,129,43,1048,2014.0,0.0,352442.0,-0.586123,-0.728193,LSO,CHN,6531
1227258,130,43,1048,2014.0,182970.0,15254443.0,0.679488,1.558981,LTU,CHN,6531
1227259,131,43,1048,2014.0,1247380.0,241101.0,1.093816,1.270669,LUX,CHN,6531
1227260,132,43,1048,2014.0,0.0,15043772.0,0.6501,1.35321,LVA,CHN,6531
1227261,133,43,1048,2014.0,791148.0,646100.0,0.781301,0.522065,MAC,CHN,6531
1227262,134,43,1048,2014.0,103182.0,34345964.0,-0.429457,0.039947,MAR,CHN,6531
1227263,135,43,1048,2014.0,0.0,791549.0,0.031916,0.24264499999999997,MDA,CHN,6531
1227264,136,43,1048,2014.0,0.0,16133398.0,-0.690485,-0.5090020000000001,MDG,CHN,6531
1227265,137,43,1048,2014.0,0.0,63393.0,-0.6189939999999999,-0.880108,MDV,CHN,6531
1227266,138,43,1048,2014.0,250758.0,252087520.0,1.292327,0.713879,MEX,CHN,6531
1227267,139,43,1048,2014.0,0.0,2838.0,-0.634134,-0.881969,MHL,CHN,6531
1227268,140,43,1048,2014.0,0.0,245788.0,-0.216313,-0.214403,MKD,CHN,6531
1227269,141,43,1048,2014.0,0.0,294445.0,-1.027153,-1.0197370000000001,MLI,CHN,6531
1227270,142,43,1048,2014.0,1582897.0,1712192.0,0.8871379999999999,0.088535,MLT,CHN,6531
1227271,143,43,1048,2014.0,24222.0,83086512.0,-1.350593,-1.1112229999999998,MMR,CHN,6531
1227272,144,43,1048,2014.0,0.0,724190.0,-0.007741,0.018085,MNE,CHN,6531
1227273,145,43,1048,2014.0,0.0,3356218.0,-1.368502,-1.17111,MNG,CHN,6531
1227274,147,43,1048,2014.0,0.0,9302425.0,-1.03106,-0.9325260000000001,MOZ,CHN,6531
1227275,148,43,1048,2014.0,0.0,24605514.0,-1.425856,-1.213441,MRT,CHN,6531
1227276,151,43,1048,2014.0,0.0,8593126.0,-0.055786,-0.1488,MUS,CHN,6531
1227277,152,43,1048,2014.0,0.0,1589894.0,-0.457027,-0.588539,MWI,CHN,6531
1227278,153,43,1048,2014.0,2968576.0,316841536.0,0.995226,0.7797810000000001,MYS,CHN,6531
1227279,155,43,1048,2014.0,0.0,2459796.0,-0.5218020000000001,-0.502617,NAM,CHN,6531
1227280,156,43,1048,2014.0,0.0,38983.0,-0.201994,-0.723618,NCL,CHN,6531
1227281,157,43,1048,2014.0,0.0,1589507.0,-0.709151,-0.869426,NER,CHN,6531
1227282,159,43,1048,2014.0,0.0,276989888.0,-1.9012419999999999,-1.229264,NGA,CHN,6531
1227283,160,43,1048,2014.0,0.0,11533079.0,-0.85321,-0.796656,NIC,CHN,6531
1227284,162,43,1048,2014.0,431648.0,68656144.0,1.08881,1.320941,NLD,CHN,6531
1227285,163,43,1048,2014.0,25631.0,2481879.0,0.678424,0.137871,NOR,CHN,6531
1227286,164,43,1048,2014.0,7524.0,31654672.0,-0.083094,0.349348,NPL,CHN,6531
1227287,166,43,1048,2014.0,75910.0,9009180.0,0.123649,0.26129,NZL,CHN,6531
1227288,167,43,1048,2014.0,0.0,15063710.0,-0.7307060000000001,-1.060975,OMN,CHN,6531
1227289,168,43,1048,2014.0,746596.0,527716448.0,-0.595946,0.493716,PAK,CHN,6531
1227290,169,43,1048,2014.0,0.0,164441072.0,0.8997200000000001,0.9699139999999999,PAN,CHN,6531
1227291,173,43,1048,2014.0,4831.0,52716632.0,-0.617883,0.427092,PER,CHN,6531
1227292,174,43,1048,2014.0,33417780.0,254243760.0,0.835601,0.589322,PHL,CHN,6531
1227293,175,43,1048,2014.0,0.0,1860.0,0.310879,-0.526995,PLW,CHN,6531
1227294,176,43,1048,2014.0,0.0,1510692.0,-1.564344,-1.165548,PNG,CHN,6531
1227295,177,43,1048,2014.0,526145.0,112216696.0,1.1328690000000001,1.043185,POL,CHN,6531
1227296,178,43,1048,2014.0,89684.0,153342448.0,-0.11844400000000001,0.067508,PRK,CHN,6531
1227297,179,43,1048,2014.0,485868.0,11573089.0,0.763352,2.041559,PRT,CHN,6531
1227298,180,43,1048,2014.0,0.0,15430785.0,-0.612822,-0.8764139999999999,PRY,CHN,6531
1227299,181,43,1048,2014.0,0.0,983196.0,0.129971,0.775546,PSE,CHN,6531
1227300,182,43,1048,2014.0,0.0,136884.0,-0.187778,-0.7217060000000001,PYF,CHN,6531
1227301,183,43,1048,2014.0,0.0,7688030.0,-0.5604899999999999,-0.989015,QAT,CHN,6531
1227302,185,43,1048,2014.0,60896.0,32078684.0,1.0837940000000001,1.199571,ROU,CHN,6531
1227303,186,43,1048,2014.0,14076.0,329071232.0,-0.006737000000000001,-0.172237,RUS,CHN,6531
1227304,187,43,1048,2014.0,0.0,654317.0,-0.475152,-0.390083,RWA,CHN,6531
1227305,188,43,1048,2014.0,2436530.0,212100640.0,-0.188727,-0.8629459999999999,SAU,CHN,6531
1227306,190,43,1048,2014.0,0.0,22531822.0,-1.473904,-1.154731,SDN,CHN,6531
1227307,191,43,1048,2014.0,0.0,33009486.0,-0.509239,0.002353,SEN,CHN,6531
1227308,192,43,1048,2014.0,378501.0,55308244.0,1.750361,0.63849,SGP,CHN,6531
1227309,195,43,1048,2014.0,0.0,297781.0,-0.990974,-0.930271,SLB,CHN,6531
1227310,196,43,1048,2014.0,0.0,1331283.0,-0.718496,-0.750311,SLE,CHN,6531
1227311,197,43,1048,2014.0,0.0,6651694.0,0.11639200000000001,0.368644,SLV,CHN,6531
1227312,199,43,1048,2014.0,2267.0,9875663.0,-1.295756,-1.0475940000000001,SOM,CHN,6531
1227313,201,43,1048,2014.0,21214.0,3238194.0,0.6017979999999999,1.328124,SRB,CHN,6531
1227314,203,43,1048,2014.0,0.0,17705.0,1.227559,0.23416399999999998,STP,CHN,6531
1227315,205,43,1048,2014.0,0.0,805131.0,-0.278229,-0.9962840000000001,SUR,CHN,6531
1227316,206,43,1048,2014.0,217918.0,4614255.0,1.525525,0.773486,SVK,CHN,6531
1227317,207,43,1048,2014.0,10448.0,14468695.0,1.554693,0.633504,SVN,CHN,6531
1227318,208,43,1048,2014.0,276476.0,5578808.0,1.7256330000000002,0.395804,SWE,CHN,6531
1227319,209,43,1048,2014.0,0.0,356741.0,0.383407,-0.064228,SWZ,CHN,6531
1227320,211,43,1048,2014.0,0.0,50461.0,0.158898,-0.571933,SYC,CHN,6531
1227321,212,43,1048,2014.0,0.0,34066900.0,-0.22825,0.803708,SYR,CHN,6531
1227322,215,43,1048,2014.0,0.0,73986696.0,-0.58937,-0.43368,TGO,CHN,6531
1227323,216,43,1048,2014.0,54271416.0,360813824.0,1.111392,1.3500370000000002,THA,CHN,6531
1227324,217,43,1048,2014.0,0.0,26521026.0,-0.9002680000000001,-1.05621,TJK,CHN,6531
1227325,219,43,1048,2014.0,0.0,950933.0,-0.961465,-1.1428559999999999,TKM,CHN,6531
1227326,221,43,1048,2014.0,0.0,54353.0,-0.11423299999999999,-0.431381,TON,CHN,6531
1227327,222,43,1048,2014.0,0.0,5242487.0,-0.582991,-1.055078,TTO,CHN,6531
1227328,223,43,1048,2014.0,0.0,33116584.0,0.45973800000000004,0.9595459999999999,TUN,CHN,6531
1227329,224,43,1048,2014.0,8413736.0,84160288.0,0.6641600000000001,2.091193,TUR,CHN,6531
1227330,225,43,1048,2014.0,0.0,16868.0,0.843995,-0.591014,TUV,CHN,6531
1227331,226,43,1048,2014.0,0.0,39691848.0,-0.909005,0.511175,TZA,CHN,6531
1227332,227,43,1048,2014.0,0.0,1787608.0,-0.505738,0.49837200000000004,UGA,CHN,6531
1227333,228,43,1048,2014.0,0.0,78161360.0,0.505369,1.07634,UKR,CHN,6531
1227334,230,43,1048,2014.0,0.0,11085585.0,0.155247,-0.091751,URY,CHN,6531
1227335,231,43,1048,2014.0,11619621.0,236864912.0,1.569577,-0.293173,USA,CHN,6531
1227336,232,43,1048,2014.0,0.0,54246772.0,-0.422387,-0.44193599999999994,UZB,CHN,6531
1227337,234,43,1048,2014.0,0.0,139407.0,0.101454,-0.469681,VCT,CHN,6531
1227338,236,43,1048,2014.0,0.0,21402008.0,-1.1668459999999998,-1.134262,VEN,CHN,6531
1227339,239,43,1048,2014.0,42579008.0,742749632.0,0.135762,1.182052,VNM,CHN,6531
1227340,240,43,1048,2014.0,0.0,9220.0,-1.103645,-0.978606,VUT,CHN,6531
1227341,242,43,1048,2014.0,0.0,899769.0,0.576162,0.094416,WSM,CHN,6531
1227342,243,43,1048,2014.0,0.0,85500568.0,-1.178492,-1.2530629999999998,YEM,CHN,6531
1227343,246,43,1048,2014.0,28283.0,176868912.0,0.156414,1.873848,ZAF,CHN,6531
1227344,247,43,1048,2014.0,0.0,682651.0,-0.506171,-0.680445,ZMB,CHN,6531
1227345,248,43,1048,2014.0,0.0,14361475.0,-0.732781,-0.875713,ZWE,CHN,6531
1227346,249,43,1048,2014.0,570398720.0,30420492.0,1.850481,1.081809,TWN,CHN,6531
1227347,250,43,1048,2014.0,11775.0,1512090.0,0.426964,0.138883,ANS,CHN,6531
1227348,8,49,1048,2014.0,15981.0,379071.0,-0.047848,0.48062,ARG,COL,6531
1227349,14,49,1048,2014.0,0.0,5056.0,-0.587779,-0.29813,AUS,COL,6531
1227350,15,49,1048,2014.0,3304.0,0.0,1.782532,-0.84455,AUT,COL,6531
1227351,18,49,1048,2014.0,356434.0,1208.0,1.182934,1.1967139999999998,BEL,COL,6531
1227352,31,49,1048,2014.0,0.0,27624.0,-1.200516,-1.052286,BOL,COL,6531
1227353,32,49,1048,2014.0,1008095.0,16128620.0,0.23286700000000002,0.968366,BRA,COL,6531
1227354,39,49,1048,2014.0,550242.0,24412.0,0.6145430000000001,1.1815360000000001,CAN,COL,6531
1227355,41,49,1048,2014.0,43111.0,0.0,2.027022,0.780257,CHE,COL,6531
1227356,42,49,1048,2014.0,109005.0,460962.0,-0.196236,-0.162428,CHL,COL,6531
1227357,43,49,1048,2014.0,89826776.0,12936.0,1.316443,0.35039899999999996,CHN,COL,6531
1227358,52,49,1048,2014.0,93418.0,1691871.0,0.13936500000000002,-0.573277,CRI,COL,6531
1227359,54,49,1048,2014.0,0.0,10868.0,-0.5320560000000001,-0.941575,CUB,COL,6531
1227360,55,49,1048,2014.0,0.0,5256.0,0.094776,-0.738603,CUW,COL,6531
1227361,61,49,1048,2014.0,330561.0,0.0,2.106119,-3.225189,DEU,COL,6531
1227362,65,49,1048,2014.0,0.0,301585.0,-0.076532,0.472746,DOM,COL,6531
1227363,67,49,1048,2014.0,5897082.0,11510898.0,-1.0520559999999999,-1.109638,ECU,COL,6531
1227364,68,49,1048,2014.0,51232.0,0.0,-0.036009,2.027503,EGY,COL,6531
1227365,71,49,1048,2014.0,1771864.0,9148.0,0.9574159999999999,1.787233,ESP,COL,6531
1227366,72,49,1048,2014.0,11423.0,0.0,1.022704,1.175645,EST,COL,6531
1227367,77,49,1048,2014.0,436608.0,54244.0,1.432323,0.43023,FRA,COL,6531
1227368,81,49,1048,2014.0,6378.0,6748.0,1.542804,0.915499,GBR,COL,6531
1227369,90,49,1048,2014.0,46146.0,0.0,0.064193,0.955633,GRC,COL,6531
1227370,93,49,1048,2014.0,0.0,1005805.0,-0.24762199999999998,0.536379,GTM,COL,6531
1227371,97,49,1048,2014.0,130011.0,0.0,0.9198440000000001,1.257131,HKG,COL,6531
1227372,99,49,1048,2014.0,0.0,5566.0,-0.372433,0.036463,HND,COL,6531
1227373,101,49,1048,2014.0,0.0,60224.0,-0.894977,-1.0674379999999999,HTI,COL,6531
1227374,103,49,1048,2014.0,2093938.0,0.0,0.068135,1.672437,IDN,COL,6531
1227375,104,49,1048,2014.0,2695921.0,80106.0,0.236316,2.659173,IND,COL,6531
1227376,110,49,1048,2014.0,132380.0,0.0,0.9753860000000001,0.810342,ISR,COL,6531
1227377,111,49,1048,2014.0,3984036.0,0.0,1.476328,-0.293302,ITA,COL,6531
1227378,112,49,1048,2014.0,0.0,20586.0,-0.390841,-0.804425,JAM,COL,6531
1227379,114,49,1048,2014.0,12314.0,0.0,2.297789,-0.58585,JPN,COL,6531
1227380,121,49,1048,2014.0,6846922.0,59318.0,1.9642650000000001,0.86425,KOR,COL,6531
1227381,138,49,1048,2014.0,2312530.0,4565094.0,1.292327,0.713879,MEX,COL,6531
1227382,153,49,1048,2014.0,1224869.0,0.0,0.995226,0.7797810000000001,MYS,COL,6531
1227383,162,49,1048,2014.0,199016.0,0.0,1.08881,1.320941,NLD,COL,6531
1227384,163,49,1048,2014.0,0.0,1946.0,0.678424,0.137871,NOR,COL,6531
1227385,166,49,1048,2014.0,0.0,59126.0,0.123649,0.26129,NZL,COL,6531
1227386,168,49,1048,2014.0,540668.0,0.0,-0.595946,0.493716,PAK,COL,6531
1227387,169,49,1048,2014.0,11943451.0,555191.0,0.8997200000000001,0.9699139999999999,PAN,COL,6531
1227388,173,49,1048,2014.0,118510.0,2620784.0,-0.617883,0.427092,PER,COL,6531
1227389,174,49,1048,2014.0,0.0,6857.0,0.835601,0.589322,PHL,COL,6531
1227390,177,49,1048,2014.0,10133.0,2167.0,1.1328690000000001,1.043185,POL,COL,6531
1227391,178,49,1048,2014.0,43021.0,0.0,-0.11844400000000001,0.067508,PRK,COL,6531
1227392,179,49,1048,2014.0,3965.0,1238.0,0.763352,2.041559,PRT,COL,6531
1227393,188,49,1048,2014.0,16831.0,1450.0,-0.188727,-0.8629459999999999,SAU,COL,6531
1227394,192,49,1048,2014.0,0.0,1582.0,1.750361,0.63849,SGP,COL,6531
1227395,197,49,1048,2014.0,0.0,81352.0,0.11639200000000001,0.368644,SLV,COL,6531
1227396,208,49,1048,2014.0,33524.0,0.0,1.7256330000000002,0.395804,SWE,COL,6531
1227397,216,49,1048,2014.0,52567.0,0.0,1.111392,1.3500370000000002,THA,COL,6531
1227398,222,49,1048,2014.0,0.0,12521.0,-0.582991,-1.055078,TTO,COL,6531
1227399,224,49,1048,2014.0,1160632.0,19388.0,0.6641600000000001,2.091193,TUR,COL,6531
1227400,231,49,1048,2014.0,4476414.0,6767269.0,1.569577,-0.293173,USA,COL,6531
1227401,236,49,1048,2014.0,5143.0,8784176.0,-1.1668459999999998,-1.134262,VEN,COL,6531
1227402,239,49,1048,2014.0,381980.0,0.0,0.135762,1.182052,VNM,COL,6531
1227403,249,49,1048,2014.0,13195272.0,3655.0,1.850481,1.081809,TWN,COL,6531
1227404,250,49,1048,2014.0,26925.0,567572.0,0.426964,0.138883,ANS,COL,6531
1227405,18,52,1048,2014.0,26233.0,0.0,1.182934,1.1967139999999998,BEL,CRI,6531
1227406,32,52,1048,2014.0,60570.0,0.0,0.23286700000000002,0.968366,BRA,CRI,6531
1227407,39,52,1048,2014.0,74586.0,0.0,0.6145430000000001,1.1815360000000001,CAN,CRI,6531
1227408,41,52,1048,2014.0,10717.0,0.0,2.027022,0.780257,CHE,CRI,6531
1227409,43,52,1048,2014.0,5695423.0,2819.0,1.316443,0.35039899999999996,CHN,CRI,6531
1227410,49,52,1048,2014.0,1691871.0,93418.0,0.084348,-0.39008200000000004,COL,CRI,6531
1227411,54,52,1048,2014.0,0.0,377951.0,-0.5320560000000001,-0.941575,CUB,CRI,6531
1227412,61,52,1048,2014.0,34614.0,0.0,2.106119,-3.225189,DEU,CRI,6531
1227413,65,52,1048,2014.0,0.0,810487.0,-0.076532,0.472746,DOM,CRI,6531
1227414,71,52,1048,2014.0,362610.0,0.0,0.9574159999999999,1.787233,ESP,CRI,6531
1227415,77,52,1048,2014.0,0.0,14057.0,1.432323,0.43023,FRA,CRI,6531
1227416,81,52,1048,2014.0,9630.0,0.0,1.542804,0.915499,GBR,CRI,6531
1227417,93,52,1048,2014.0,1830306.0,157189.0,-0.24762199999999998,0.536379,GTM,CRI,6531
1227418,97,52,1048,2014.0,105875.0,0.0,0.9198440000000001,1.257131,HKG,CRI,6531
1227419,99,52,1048,2014.0,146312.0,17961.0,-0.372433,0.036463,HND,CRI,6531
1227420,104,52,1048,2014.0,20693.0,0.0,0.236316,2.659173,IND,CRI,6531
1227421,106,52,1048,2014.0,0.0,1436.0,1.3749790000000002,0.41131899999999993,IRL,CRI,6531
1227422,110,52,1048,2014.0,66744.0,0.0,0.9753860000000001,0.810342,ISR,CRI,6531
1227423,111,52,1048,2014.0,134905.0,0.0,1.476328,-0.293302,ITA,CRI,6531
1227424,114,52,1048,2014.0,379590.0,0.0,2.297789,-0.58585,JPN,CRI,6531
1227425,121,52,1048,2014.0,3827998.0,0.0,1.9642650000000001,0.86425,KOR,CRI,6531
1227426,138,52,1048,2014.0,1671589.0,0.0,1.292327,0.713879,MEX,CRI,6531
1227427,160,52,1048,2014.0,71991.0,181950.0,-0.85321,-0.796656,NIC,CRI,6531
1227428,162,52,1048,2014.0,1499.0,0.0,1.08881,1.320941,NLD,CRI,6531
1227429,169,52,1048,2014.0,1007618.0,342483.0,0.8997200000000001,0.9699139999999999,PAN,CRI,6531
1227430,173,52,1048,2014.0,87993.0,10933.0,-0.617883,0.427092,PER,CRI,6531
1227431,178,52,1048,2014.0,485224.0,0.0,-0.11844400000000001,0.067508,PRK,CRI,6531
1227432,197,52,1048,2014.0,41724.0,58059.0,0.11639200000000001,0.368644,SLV,CRI,6531
1227433,216,52,1048,2014.0,1415.0,0.0,1.111392,1.3500370000000002,THA,CRI,6531
1227434,222,52,1048,2014.0,33416.0,0.0,-0.582991,-1.055078,TTO,CRI,6531
1227435,224,52,1048,2014.0,110324.0,0.0,0.6641600000000001,2.091193,TUR,CRI,6531
1227436,231,52,1048,2014.0,4267134.0,5788.0,1.569577,-0.293173,USA,CRI,6531
1227437,239,52,1048,2014.0,20508.0,6443.0,0.135762,1.182052,VNM,CRI,6531
1227438,249,52,1048,2014.0,703320.0,0.0,1.850481,1.081809,TWN,CRI,6531
1227439,250,52,1048,2014.0,264332.0,0.0,0.426964,0.138883,ANS,CRI,6531
1227440,43,55,1048,2014.0,1701.0,0.0,1.316443,0.35039899999999996,CHN,CUW,6531
1227441,49,55,1048,2014.0,5256.0,0.0,0.084348,-0.39008200000000004,COL,CUW,6531
1227442,104,55,1048,2014.0,12816.0,0.0,0.236316,2.659173,IND,CUW,6531
1227443,147,55,1048,2014.0,0.0,591653.0,-1.03106,-0.9325260000000001,MOZ,CUW,6531
1227444,162,55,1048,2014.0,50650.0,0.0,1.08881,1.320941,NLD,CUW,6531
1227445,169,55,1048,2014.0,74200.0,0.0,0.8997200000000001,0.9699139999999999,PAN,CUW,6531
1227446,231,55,1048,2014.0,10832.0,0.0,1.569577,-0.293173,USA,CUW,6531
1227447,249,55,1048,2014.0,40134.0,0.0,1.850481,1.081809,TWN,CUW,6531
1227448,7,58,1048,2014.0,0.0,10940.0,-0.121018,-0.51841,ARE,CYP,6531
1227449,9,58,1048,2014.0,0.0,6723.0,-0.143991,-0.5265890000000001,ARM,CYP,6531
1227450,15,58,1048,2014.0,37355.0,0.0,1.782532,-0.84455,AUT,CYP,6531
1227451,18,58,1048,2014.0,224500.0,0.0,1.182934,1.1967139999999998,BEL,CYP,6531
1227452,23,58,1048,2014.0,83539.0,0.0,0.611912,1.594597,BGR,CYP,6531
1227453,43,58,1048,2014.0,651234.0,0.0,1.316443,0.35039899999999996,CHN,CYP,6531
1227454,59,58,1048,2014.0,296918.0,0.0,1.761204,-0.148263,CZE,CYP,6531
1227455,61,58,1048,2014.0,154738.0,0.0,2.106119,-3.225189,DEU,CYP,6531
1227456,68,58,1048,2014.0,0.0,395783.0,-0.036009,2.027503,EGY,CYP,6531
1227457,71,58,1048,2014.0,628685.0,0.0,0.9574159999999999,1.787233,ESP,CYP,6531
1227458,77,58,1048,2014.0,171267.0,0.0,1.432323,0.43023,FRA,CYP,6531
1227459,81,58,1048,2014.0,123664.0,0.0,1.542804,0.915499,GBR,CYP,6531
1227460,90,58,1048,2014.0,1521132.0,31164.0,0.064193,0.955633,GRC,CYP,6531
1227461,102,58,1048,2014.0,0.0,25341.0,1.713536,0.5681729999999999,HUN,CYP,6531
1227462,103,58,1048,2014.0,18102.0,0.0,0.068135,1.672437,IDN,CYP,6531
1227463,104,58,1048,2014.0,2979.0,0.0,0.236316,2.659173,IND,CYP,6531
1227464,110,58,1048,2014.0,81794.0,0.0,0.9753860000000001,0.810342,ISR,CYP,6531
1227465,111,58,1048,2014.0,1570894.0,0.0,1.476328,-0.293302,ITA,CYP,6531
1227466,113,58,1048,2014.0,0.0,7375.0,0.23508800000000002,0.47597,JOR,CYP,6531
1227467,121,58,1048,2014.0,1297837.0,0.0,1.9642650000000001,0.86425,KOR,CYP,6531
1227468,124,58,1048,2014.0,3450.0,28158.0,0.32006799999999996,1.666039,LBN,CYP,6531
1227469,162,58,1048,2014.0,58943.0,0.0,1.08881,1.320941,NLD,CYP,6531
1227470,168,58,1048,2014.0,61952.0,0.0,-0.595946,0.493716,PAK,CYP,6531
1227471,177,58,1048,2014.0,214972.0,0.0,1.1328690000000001,1.043185,POL,CYP,6531
1227472,179,58,1048,2014.0,16237.0,0.0,0.763352,2.041559,PRT,CYP,6531
1227473,185,58,1048,2014.0,0.0,32928.0,1.0837940000000001,1.199571,ROU,CYP,6531
1227474,186,58,1048,2014.0,0.0,195978.0,-0.006737000000000001,-0.172237,RUS,CYP,6531
1227475,207,58,1048,2014.0,2100.0,0.0,1.554693,0.633504,SVN,CYP,6531
1227476,231,58,1048,2014.0,8026.0,1849.0,1.569577,-0.293173,USA,CYP,6531
1227477,249,58,1048,2014.0,62680.0,0.0,1.850481,1.081809,TWN,CYP,6531
1227478,4,59,1048,2014.0,0.0,6137.0,-0.44000200000000006,-0.168443,ALB,CZE,6531
1227479,7,59,1048,2014.0,195662.0,183163.0,-0.121018,-0.51841,ARE,CZE,6531
1227480,8,59,1048,2014.0,0.0,382460.0,-0.047848,0.48062,ARG,CZE,6531
1227481,12,59,1048,2014.0,4032.0,0.0,0.906391,-0.546188,ATF,CZE,6531
1227482,15,59,1048,2014.0,1542645.0,1109636.0,1.782532,-0.84455,AUT,CZE,6531
1227483,16,59,1048,2014.0,14214.0,0.0,-1.230795,-1.237163,AZE,CZE,6531
1227484,18,59,1048,2014.0,798336.0,1869542.0,1.182934,1.1967139999999998,BEL,CZE,6531
1227485,22,59,1048,2014.0,0.0,70668.0,-0.76547,-0.9645469999999999,BGD,CZE,6531
1227486,23,59,1048,2014.0,37271.0,1882536.0,0.611912,1.594597,BGR,CZE,6531
1227487,26,59,1048,2014.0,0.0,117710.0,0.737556,0.9815530000000001,BIH,CZE,6531
1227488,28,59,1048,2014.0,5939.0,272073.0,0.929114,0.7313069999999999,BLR,CZE,6531
1227489,32,59,1048,2014.0,0.0,1713591.0,0.23286700000000002,0.968366,BRA,CZE,6531
1227490,39,59,1048,2014.0,14446.0,31859.0,0.6145430000000001,1.1815360000000001,CAN,CZE,6531
1227491,41,59,1048,2014.0,315739.0,4303842.0,2.027022,0.780257,CHE,CZE,6531
1227492,43,59,1048,2014.0,9804199.0,22756.0,1.316443,0.35039899999999996,CHN,CZE,6531
1227493,44,59,1048,2014.0,0.0,9139.0,-0.854784,-0.781877,CIV,CZE,6531
1227494,58,59,1048,2014.0,0.0,296918.0,0.476854,0.572103,CYP,CZE,6531
1227495,61,59,1048,2014.0,27445060.0,38023188.0,2.106119,-3.225189,DEU,CZE,6531
1227496,64,59,1048,2014.0,32383.0,367960.0,1.15411,1.160462,DNK,CZE,6531
1227497,66,59,1048,2014.0,0.0,9426.0,-1.427966,-1.1216760000000001,DZA,CZE,6531
1227498,68,59,1048,2014.0,0.0,173301.0,-0.036009,2.027503,EGY,CZE,6531
1227499,71,59,1048,2014.0,1659882.0,4048976.0,0.9574159999999999,1.787233,ESP,CZE,6531
1227500,72,59,1048,2014.0,27111.0,666933.0,1.022704,1.175645,EST,CZE,6531
1227501,74,59,1048,2014.0,67708.0,6154054.0,1.591758,0.9737819999999999,FIN,CZE,6531
1227502,77,59,1048,2014.0,3008004.0,7017578.0,1.432323,0.43023,FRA,CZE,6531
1227503,81,59,1048,2014.0,4218910.0,10785424.0,1.542804,0.915499,GBR,CZE,6531
1227504,90,59,1048,2014.0,201363.0,156965.0,0.064193,0.955633,GRC,CZE,6531
1227505,97,59,1048,2014.0,6628.0,263632.0,0.9198440000000001,1.257131,HKG,CZE,6531
1227506,100,59,1048,2014.0,3251.0,278000.0,0.8627809999999999,1.3475549999999998,HRV,CZE,6531
1227507,102,59,1048,2014.0,513502.0,1510830.0,1.713536,0.5681729999999999,HUN,CZE,6531
1227508,103,59,1048,2014.0,1414.0,0.0,0.068135,1.672437,IDN,CZE,6531
1227509,104,59,1048,2014.0,1619628.0,353856.0,0.236316,2.659173,IND,CZE,6531
1227510,106,59,1048,2014.0,0.0,233450.0,1.3749790000000002,0.41131899999999993,IRL,CZE,6531
1227511,111,59,1048,2014.0,4056080.0,8593565.0,1.476328,-0.293302,ITA,CZE,6531
1227512,114,59,1048,2014.0,1177423.0,60340.0,2.297789,-0.58585,JPN,CZE,6531
1227513,121,59,1048,2014.0,11835209.0,22616.0,1.9642650000000001,0.86425,KOR,CZE,6531
1227514,128,59,1048,2014.0,0.0,22742.0,-0.30641399999999996,0.29736799999999997,LKA,CZE,6531
1227515,130,59,1048,2014.0,155840.0,4418633.0,0.679488,1.558981,LTU,CZE,6531
1227516,131,59,1048,2014.0,123028.0,107019.0,1.093816,1.270669,LUX,CZE,6531
1227517,132,59,1048,2014.0,10176.0,462998.0,0.6501,1.35321,LVA,CZE,6531
1227518,134,59,1048,2014.0,0.0,147824.0,-0.429457,0.039947,MAR,CZE,6531
1227519,135,59,1048,2014.0,0.0,27610.0,0.031916,0.24264499999999997,MDA,CZE,6531
1227520,137,59,1048,2014.0,0.0,3106.0,-0.6189939999999999,-0.880108,MDV,CZE,6531
1227521,138,59,1048,2014.0,0.0,138572.0,1.292327,0.713879,MEX,CZE,6531
1227522,140,59,1048,2014.0,1861.0,63782.0,-0.216313,-0.214403,MKD,CZE,6531
1227523,142,59,1048,2014.0,361821.0,38216.0,0.8871379999999999,0.088535,MLT,CZE,6531
1227524,153,59,1048,2014.0,1223733.0,2117.0,0.995226,0.7797810000000001,MYS,CZE,6531
1227525,162,59,1048,2014.0,1405212.0,13772240.0,1.08881,1.320941,NLD,CZE,6531
1227526,163,59,1048,2014.0,2910.0,435345.0,0.678424,0.137871,NOR,CZE,6531
1227527,165,59,1048,2014.0,1771.0,0.0,0.819549,-0.363745,NRU,CZE,6531
1227528,168,59,1048,2014.0,7878.0,129373.0,-0.595946,0.493716,PAK,CZE,6531
1227529,177,59,1048,2014.0,2808303.0,31870262.0,1.1328690000000001,1.043185,POL,CZE,6531
1227530,179,59,1048,2014.0,12689955.0,3006282.0,0.763352,2.041559,PRT,CZE,6531
1227531,185,59,1048,2014.0,74392.0,9689439.0,1.0837940000000001,1.199571,ROU,CZE,6531
1227532,186,59,1048,2014.0,6594.0,9620692.0,-0.006737000000000001,-0.172237,RUS,CZE,6531
1227533,192,59,1048,2014.0,0.0,6470.0,1.750361,0.63849,SGP,CZE,6531
1227534,201,59,1048,2014.0,83503.0,1332860.0,0.6017979999999999,1.328124,SRB,CZE,6531
1227535,206,59,1048,2014.0,4747958.0,19523654.0,1.525525,0.773486,SVK,CZE,6531
1227536,207,59,1048,2014.0,203914.0,322778.0,1.554693,0.633504,SVN,CZE,6531
1227537,208,59,1048,2014.0,6647506.0,343367.0,1.7256330000000002,0.395804,SWE,CZE,6531
1227538,215,59,1048,2014.0,0.0,6467.0,-0.58937,-0.43368,TGO,CZE,6531
1227539,216,59,1048,2014.0,10408319.0,1181280.0,1.111392,1.3500370000000002,THA,CZE,6531
1227540,223,59,1048,2014.0,78686.0,463230.0,0.45973800000000004,0.9595459999999999,TUN,CZE,6531
1227541,224,59,1048,2014.0,10169705.0,10482339.0,0.6641600000000001,2.091193,TUR,CZE,6531
1227542,228,59,1048,2014.0,0.0,862167.0,0.505369,1.07634,UKR,CZE,6531
1227543,231,59,1048,2014.0,2589270.0,520308.0,1.569577,-0.293173,USA,CZE,6531
1227544,239,59,1048,2014.0,95826.0,2987.0,0.135762,1.182052,VNM,CZE,6531
1227545,246,59,1048,2014.0,54438.0,376434.0,0.156414,1.873848,ZAF,CZE,6531
1227546,249,59,1048,2014.0,1221086.0,15987.0,1.850481,1.081809,TWN,CZE,6531
1227547,250,59,1048,2014.0,102987.0,0.0,0.426964,0.138883,ANS,CZE,6531
1227548,2,61,1048,2014.0,0.0,14521.0,-1.547068,-1.121438,AGO,DEU,6531
1227549,4,61,1048,2014.0,0.0,981571.0,-0.44000200000000006,-0.168443,ALB,DEU,6531
1227550,7,61,1048,2014.0,526602.0,2544377.0,-0.121018,-0.51841,ARE,DEU,6531
1227551,8,61,1048,2014.0,0.0,352730.0,-0.047848,0.48062,ARG,DEU,6531
1227552,9,61,1048,2014.0,0.0,158684.0,-0.143991,-0.5265890000000001,ARM,DEU,6531
1227553,14,61,1048,2014.0,10272.0,2650757.0,-0.587779,-0.29813,AUS,DEU,6531
1227554,15,61,1048,2014.0,26610090.0,26625084.0,1.782532,-0.84455,AUT,DEU,6531
1227555,16,61,1048,2014.0,0.0,137297.0,-1.230795,-1.237163,AZE,DEU,6531
1227556,18,61,1048,2014.0,30492252.0,27690358.0,1.182934,1.1967139999999998,BEL,DEU,6531
1227557,21,61,1048,2014.0,0.0,58697.0,-0.7933279999999999,-0.872791,BFA,DEU,6531
1227558,22,61,1048,2014.0,2452.0,12108.0,-0.76547,-0.9645469999999999,BGD,DEU,6531
1227559,23,61,1048,2014.0,160128.0,8614705.0,0.611912,1.594597,BGR,DEU,6531
1227560,24,61,1048,2014.0,0.0,108322.0,0.087173,-0.542374,BHR,DEU,6531
1227561,26,61,1048,2014.0,167505.0,5467513.0,0.737556,0.9815530000000001,BIH,DEU,6531
1227562,28,61,1048,2014.0,9100.0,1988282.0,0.929114,0.7313069999999999,BLR,DEU,6531
1227563,29,61,1048,2014.0,0.0,29552.0,-0.15501700000000002,-0.507759,BLZ,DEU,6531
1227564,32,61,1048,2014.0,668806.0,2937926.0,0.23286700000000002,0.968366,BRA,DEU,6531
1227565,33,61,1048,2014.0,0.0,177966.0,0.45538500000000004,-0.126756,BRB,DEU,6531
1227566,39,61,1048,2014.0,116035.0,1607075.0,0.6145430000000001,1.1815360000000001,CAN,DEU,6531
1227567,41,61,1048,2014.0,68777344.0,78971320.0,2.027022,0.780257,CHE,DEU,6531
1227568,42,61,1048,2014.0,0.0,385922.0,-0.196236,-0.162428,CHL,DEU,6531
1227569,43,61,1048,2014.0,188910080.0,16289832.0,1.316443,0.35039899999999996,CHN,DEU,6531
1227570,44,61,1048,2014.0,0.0,9289.0,-0.854784,-0.781877,CIV,DEU,6531
1227571,49,61,1048,2014.0,0.0,330561.0,0.084348,-0.39008200000000004,COL,DEU,6531
1227572,52,61,1048,2014.0,0.0,34614.0,0.13936500000000002,-0.573277,CRI,DEU,6531
1227573,58,61,1048,2014.0,0.0,154738.0,0.476854,0.572103,CYP,DEU,6531
1227574,59,61,1048,2014.0,38023188.0,27445060.0,1.761204,-0.148263,CZE,DEU,6531
1227575,64,61,1048,2014.0,2863598.0,9121802.0,1.15411,1.160462,DNK,DEU,6531
1227576,65,61,1048,2014.0,0.0,4386.0,-0.076532,0.472746,DOM,DEU,6531
1227577,66,61,1048,2014.0,66271.0,197089.0,-1.427966,-1.1216760000000001,DZA,DEU,6531
1227578,67,61,1048,2014.0,0.0,89157.0,-1.0520559999999999,-1.109638,ECU,DEU,6531
1227579,68,61,1048,2014.0,236137.0,905171.0,-0.036009,2.027503,EGY,DEU,6531
1227580,71,61,1048,2014.0,24463478.0,31933308.0,0.9574159999999999,1.787233,ESP,DEU,6531
1227581,72,61,1048,2014.0,28101.0,1379924.0,1.022704,1.175645,EST,DEU,6531
1227582,73,61,1048,2014.0,0.0,23147.0,-1.147242,-0.986643,ETH,DEU,6531
1227583,74,61,1048,2014.0,6052.0,6604138.0,1.591758,0.9737819999999999,FIN,DEU,6531
1227584,77,61,1048,2014.0,21447820.0,30467434.0,1.432323,0.43023,FRA,DEU,6531
1227585,81,61,1048,2014.0,31160388.0,40110204.0,1.542804,0.915499,GBR,DEU,6531
1227586,82,61,1048,2014.0,0.0,139111.0,-0.23090300000000002,-0.510401,GEO,DEU,6531
1227587,83,61,1048,2014.0,0.0,38455.0,-1.1140299999999999,-1.0711700000000002,GHA,DEU,6531
1227588,85,61,1048,2014.0,0.0,504888.0,-1.7494900000000002,-1.224512,GIN,DEU,6531
1227589,90,61,1048,2014.0,3389291.0,1184519.0,0.064193,0.955633,GRC,DEU,6531
1227590,93,61,1048,2014.0,0.0,12592.0,-0.24762199999999998,0.536379,GTM,DEU,6531
1227591,97,61,1048,2014.0,145937.0,3345018.0,0.9198440000000001,1.257131,HKG,DEU,6531
1227592,99,61,1048,2014.0,0.0,3618.0,-0.372433,0.036463,HND,DEU,6531
1227593,100,61,1048,2014.0,96413.0,3742863.0,0.8627809999999999,1.3475549999999998,HRV,DEU,6531
1227594,102,61,1048,2014.0,18824756.0,14636365.0,1.713536,0.5681729999999999,HUN,DEU,6531
1227595,103,61,1048,2014.0,3173164.0,1977261.0,0.068135,1.672437,IDN,DEU,6531
1227596,104,61,1048,2014.0,6175102.0,1324022.0,0.236316,2.659173,IND,DEU,6531
1227597,106,61,1048,2014.0,242320.0,1468724.0,1.3749790000000002,0.41131899999999993,IRL,DEU,6531
1227598,107,61,1048,2014.0,0.0,394025.0,-0.47744899999999996,-0.429676,IRN,DEU,6531
1227599,108,61,1048,2014.0,0.0,101708.0,-3.04704,-0.9082290000000001,IRQ,DEU,6531
1227600,109,61,1048,2014.0,0.0,103327.0,0.130097,-0.313819,ISL,DEU,6531
1227601,110,61,1048,2014.0,69314.0,922269.0,0.9753860000000001,0.810342,ISR,DEU,6531
1227602,111,61,1048,2014.0,95090568.0,45121940.0,1.476328,-0.293302,ITA,DEU,6531
1227603,113,61,1048,2014.0,0.0,119055.0,0.23508800000000002,0.47597,JOR,DEU,6531
1227604,114,61,1048,2014.0,13877093.0,3231324.0,2.297789,-0.58585,JPN,DEU,6531
1227605,115,61,1048,2014.0,0.0,288252.0,-0.503438,-0.5477850000000001,KAZ,DEU,6531
1227606,116,61,1048,2014.0,0.0,39750.0,-0.411786,0.219875,KEN,DEU,6531
1227607,117,61,1048,2014.0,0.0,30246.0,-0.11451099999999999,0.358754,KGZ,DEU,6531
1227608,121,61,1048,2014.0,23049318.0,4623930.0,1.9642650000000001,0.86425,KOR,DEU,6531
1227609,122,61,1048,2014.0,0.0,244734.0,-1.2601069999999999,-1.0929360000000001,KWT,DEU,6531
1227610,124,61,1048,2014.0,0.0,251527.0,0.32006799999999996,1.666039,LBN,DEU,6531
1227611,126,61,1048,2014.0,0.0,1523526.0,-1.539253,-1.159929,LBY,DEU,6531
1227612,128,61,1048,2014.0,1952.0,3449810.0,-0.30641399999999996,0.29736799999999997,LKA,DEU,6531
1227613,130,61,1048,2014.0,1180503.0,3863360.0,0.679488,1.558981,LTU,DEU,6531
1227614,131,61,1048,2014.0,56702416.0,1872576.0,1.093816,1.270669,LUX,DEU,6531
1227615,132,61,1048,2014.0,0.0,1622191.0,0.6501,1.35321,LVA,DEU,6531
1227616,133,61,1048,2014.0,0.0,10364.0,0.781301,0.522065,MAC,DEU,6531
1227617,134,61,1048,2014.0,854198.0,1987241.0,-0.429457,0.039947,MAR,DEU,6531
1227618,135,61,1048,2014.0,26167.0,2555615.0,0.031916,0.24264499999999997,MDA,DEU,6531
1227619,136,61,1048,2014.0,0.0,155319.0,-0.690485,-0.5090020000000001,MDG,DEU,6531
1227620,137,61,1048,2014.0,0.0,2078.0,-0.6189939999999999,-0.880108,MDV,DEU,6531
1227621,138,61,1048,2014.0,31077.0,4273586.0,1.292327,0.713879,MEX,DEU,6531
1227622,140,61,1048,2014.0,310454.0,18717522.0,-0.216313,-0.214403,MKD,DEU,6531
1227623,142,61,1048,2014.0,0.0,82187.0,0.8871379999999999,0.088535,MLT,DEU,6531
1227624,143,61,1048,2014.0,0.0,38163.0,-1.350593,-1.1112229999999998,MMR,DEU,6531
1227625,144,61,1048,2014.0,0.0,30072.0,-0.007741,0.018085,MNE,DEU,6531
1227626,145,61,1048,2014.0,0.0,35037.0,-1.368502,-1.17111,MNG,DEU,6531
1227627,147,61,1048,2014.0,0.0,18233.0,-1.03106,-0.9325260000000001,MOZ,DEU,6531
1227628,151,61,1048,2014.0,0.0,60539.0,-0.055786,-0.1488,MUS,DEU,6531
1227629,153,61,1048,2014.0,2046071.0,1111552.0,0.995226,0.7797810000000001,MYS,DEU,6531
1227630,156,61,1048,2014.0,0.0,1244.0,-0.201994,-0.723618,NCL,DEU,6531
1227631,159,61,1048,2014.0,0.0,66514.0,-1.9012419999999999,-1.229264,NGA,DEU,6531
1227632,160,61,1048,2014.0,0.0,2004.0,-0.85321,-0.796656,NIC,DEU,6531
1227633,162,61,1048,2014.0,26734064.0,62635052.0,1.08881,1.320941,NLD,DEU,6531
1227634,163,61,1048,2014.0,15199.0,1423871.0,0.678424,0.137871,NOR,DEU,6531
1227635,166,61,1048,2014.0,5369.0,847641.0,0.123649,0.26129,NZL,DEU,6531
1227636,167,61,1048,2014.0,0.0,188724.0,-0.7307060000000001,-1.060975,OMN,DEU,6531
1227637,168,61,1048,2014.0,1040278.0,175997.0,-0.595946,0.493716,PAK,DEU,6531
1227638,169,61,1048,2014.0,0.0,56918.0,0.8997200000000001,0.9699139999999999,PAN,DEU,6531
1227639,173,61,1048,2014.0,20984.0,372074.0,-0.617883,0.427092,PER,DEU,6531
1227640,174,61,1048,2014.0,8114.0,746257.0,0.835601,0.589322,PHL,DEU,6531
1227641,177,61,1048,2014.0,51189060.0,145294576.0,1.1328690000000001,1.043185,POL,DEU,6531
1227642,179,61,1048,2014.0,18045830.0,46773112.0,0.763352,2.041559,PRT,DEU,6531
1227643,180,61,1048,2014.0,0.0,173455.0,-0.612822,-0.8764139999999999,PRY,DEU,6531
1227644,181,61,1048,2014.0,0.0,4025.0,0.129971,0.775546,PSE,DEU,6531
1227645,182,61,1048,2014.0,0.0,8622.0,-0.187778,-0.7217060000000001,PYF,DEU,6531
1227646,183,61,1048,2014.0,4315.0,151909.0,-0.5604899999999999,-0.989015,QAT,DEU,6531
1227647,185,61,1048,2014.0,1034194.0,62506996.0,1.0837940000000001,1.199571,ROU,DEU,6531
1227648,186,61,1048,2014.0,4855.0,21609032.0,-0.006737000000000001,-0.172237,RUS,DEU,6531
1227649,188,61,1048,2014.0,24578.0,804972.0,-0.188727,-0.8629459999999999,SAU,DEU,6531
1227650,192,61,1048,2014.0,6531.0,362582.0,1.750361,0.63849,SGP,DEU,6531
1227651,197,61,1048,2014.0,2888.0,25784.0,0.11639200000000001,0.368644,SLV,DEU,6531
1227652,201,61,1048,2014.0,40980.0,3616432.0,0.6017979999999999,1.328124,SRB,DEU,6531
1227653,206,61,1048,2014.0,2627670.0,8419982.0,1.525525,0.773486,SVK,DEU,6531
1227654,207,61,1048,2014.0,189101.0,1784460.0,1.554693,0.633504,SVN,DEU,6531
1227655,208,61,1048,2014.0,2106394.0,5679052.0,1.7256330000000002,0.395804,SWE,DEU,6531
1227656,210,61,1048,2014.0,0.0,1338.0,0.712322,-0.591598,SXM,DEU,6531
1227657,215,61,1048,2014.0,0.0,9964.0,-0.58937,-0.43368,TGO,DEU,6531
1227658,216,61,1048,2014.0,1372488.0,1185769.0,1.111392,1.3500370000000002,THA,DEU,6531
1227659,223,61,1048,2014.0,6763.0,5908576.0,0.45973800000000004,0.9595459999999999,TUN,DEU,6531
1227660,224,61,1048,2014.0,76333664.0,12439272.0,0.6641600000000001,2.091193,TUR,DEU,6531
1227661,228,61,1048,2014.0,28189.0,6613978.0,0.505369,1.07634,UKR,DEU,6531
1227662,230,61,1048,2014.0,0.0,97466.0,0.155247,-0.091751,URY,DEU,6531
1227663,231,61,1048,2014.0,6467528.0,27055698.0,1.569577,-0.293173,USA,DEU,6531
1227664,236,61,1048,2014.0,0.0,22296.0,-1.1668459999999998,-1.134262,VEN,DEU,6531
1227665,237,61,1048,2014.0,0.0,4588.0,0.48387299999999994,0.0534,VGB,DEU,6531
1227666,239,61,1048,2014.0,2315139.0,5087606.0,0.135762,1.182052,VNM,DEU,6531
1227667,246,61,1048,2014.0,680276.0,7174858.0,0.156414,1.873848,ZAF,DEU,6531
1227668,248,61,1048,2014.0,0.0,82173.0,-0.732781,-0.875713,ZWE,DEU,6531
1227669,249,61,1048,2014.0,21851080.0,607739.0,1.850481,1.081809,TWN,DEU,6531
1227670,7,64,1048,2014.0,0.0,161894.0,-0.121018,-0.51841,ARE,DNK,6531
1227671,13,64,1048,2014.0,0.0,5308.0,0.048253,-0.618061,ATG,DNK,6531
1227672,14,64,1048,2014.0,9292.0,83734.0,-0.587779,-0.29813,AUS,DNK,6531
1227673,15,64,1048,2014.0,254058.0,485899.0,1.782532,-0.84455,AUT,DNK,6531
1227674,18,64,1048,2014.0,4483809.0,3664678.0,1.182934,1.1967139999999998,BEL,DNK,6531
1227675,23,64,1048,2014.0,22980.0,214230.0,0.611912,1.594597,BGR,DNK,6531
1227676,26,64,1048,2014.0,0.0,28815.0,0.737556,0.9815530000000001,BIH,DNK,6531
1227677,32,64,1048,2014.0,0.0,94876.0,0.23286700000000002,0.968366,BRA,DNK,6531
1227678,39,64,1048,2014.0,16719.0,59566.0,0.6145430000000001,1.1815360000000001,CAN,DNK,6531
1227679,41,64,1048,2014.0,323006.0,181136.0,2.027022,0.780257,CHE,DNK,6531
1227680,42,64,1048,2014.0,0.0,4485.0,-0.196236,-0.162428,CHL,DNK,6531
1227681,43,64,1048,2014.0,7570766.0,527443.0,1.316443,0.35039899999999996,CHN,DNK,6531
1227682,59,64,1048,2014.0,367960.0,32383.0,1.761204,-0.148263,CZE,DNK,6531
1227683,61,64,1048,2014.0,9121802.0,2863598.0,2.106119,-3.225189,DEU,DNK,6531
1227684,68,64,1048,2014.0,0.0,44422.0,-0.036009,2.027503,EGY,DNK,6531
1227685,71,64,1048,2014.0,1108129.0,512345.0,0.9574159999999999,1.787233,ESP,DNK,6531
1227686,72,64,1048,2014.0,77670.0,377718.0,1.022704,1.175645,EST,DNK,6531
1227687,73,64,1048,2014.0,0.0,1614.0,-1.147242,-0.986643,ETH,DNK,6531
1227688,74,64,1048,2014.0,108578.0,1644618.0,1.591758,0.9737819999999999,FIN,DNK,6531
1227689,77,64,1048,2014.0,740587.0,671092.0,1.432323,0.43023,FRA,DNK,6531
1227690,78,64,1048,2014.0,0.0,14944.0,-0.709982,-0.919632,FRO,DNK,6531
1227691,81,64,1048,2014.0,3608317.0,1527399.0,1.542804,0.915499,GBR,DNK,6531
1227692,82,64,1048,2014.0,0.0,11745.0,-0.23090300000000002,-0.510401,GEO,DNK,6531
1227693,90,64,1048,2014.0,166011.0,68379.0,0.064193,0.955633,GRC,DNK,6531
1227694,92,64,1048,2014.0,0.0,5304.0,-0.815759,-0.9168860000000001,GRL,DNK,6531
1227695,97,64,1048,2014.0,198868.0,141108.0,0.9198440000000001,1.257131,HKG,DNK,6531
1227696,100,64,1048,2014.0,0.0,15964.0,0.8627809999999999,1.3475549999999998,HRV,DNK,6531
1227697,102,64,1048,2014.0,877390.0,173616.0,1.713536,0.5681729999999999,HUN,DNK,6531
1227698,104,64,1048,2014.0,219352.0,72550.0,0.236316,2.659173,IND,DNK,6531
1227699,106,64,1048,2014.0,3156.0,26887.0,1.3749790000000002,0.41131899999999993,IRL,DNK,6531
1227700,109,64,1048,2014.0,0.0,16295.0,0.130097,-0.313819,ISL,DNK,6531
1227701,110,64,1048,2014.0,2148.0,0.0,0.9753860000000001,0.810342,ISR,DNK,6531
1227702,111,64,1048,2014.0,4833644.0,915632.0,1.476328,-0.293302,ITA,DNK,6531
1227703,114,64,1048,2014.0,198486.0,11890.0,2.297789,-0.58585,JPN,DNK,6531
1227704,121,64,1048,2014.0,879284.0,235253.0,1.9642650000000001,0.86425,KOR,DNK,6531
1227705,124,64,1048,2014.0,0.0,1808.0,0.32006799999999996,1.666039,LBN,DNK,6531
1227706,128,64,1048,2014.0,289678.0,2106.0,-0.30641399999999996,0.29736799999999997,LKA,DNK,6531
1227707,130,64,1048,2014.0,625917.0,1590852.0,0.679488,1.558981,LTU,DNK,6531
1227708,131,64,1048,2014.0,0.0,5687.0,1.093816,1.270669,LUX,DNK,6531
1227709,132,64,1048,2014.0,44106.0,159247.0,0.6501,1.35321,LVA,DNK,6531
1227710,133,64,1048,2014.0,0.0,2508.0,0.781301,0.522065,MAC,DNK,6531
1227711,134,64,1048,2014.0,0.0,1003.0,-0.429457,0.039947,MAR,DNK,6531
1227712,153,64,1048,2014.0,0.0,9035.0,0.995226,0.7797810000000001,MYS,DNK,6531
1227713,159,64,1048,2014.0,0.0,1121.0,-1.9012419999999999,-1.229264,NGA,DNK,6531
1227714,162,64,1048,2014.0,5339911.0,674059.0,1.08881,1.320941,NLD,DNK,6531
1227715,163,64,1048,2014.0,33858.0,1972922.0,0.678424,0.137871,NOR,DNK,6531
1227716,166,64,1048,2014.0,0.0,6451.0,0.123649,0.26129,NZL,DNK,6531
1227717,168,64,1048,2014.0,64304.0,2531.0,-0.595946,0.493716,PAK,DNK,6531
1227718,177,64,1048,2014.0,365672.0,1244813.0,1.1328690000000001,1.043185,POL,DNK,6531
1227719,179,64,1048,2014.0,82936.0,236475.0,0.763352,2.041559,PRT,DNK,6531
1227720,183,64,1048,2014.0,0.0,7027.0,-0.5604899999999999,-0.989015,QAT,DNK,6531
1227721,185,64,1048,2014.0,23727.0,80713.0,1.0837940000000001,1.199571,ROU,DNK,6531
1227722,186,64,1048,2014.0,0.0,20019.0,-0.006737000000000001,-0.172237,RUS,DNK,6531
1227723,188,64,1048,2014.0,0.0,209958.0,-0.188727,-0.8629459999999999,SAU,DNK,6531
1227724,192,64,1048,2014.0,0.0,61000.0,1.750361,0.63849,SGP,DNK,6531
1227725,201,64,1048,2014.0,0.0,7118.0,0.6017979999999999,1.328124,SRB,DNK,6531
1227726,206,64,1048,2014.0,82695.0,199517.0,1.525525,0.773486,SVK,DNK,6531
1227727,207,64,1048,2014.0,3225.0,22288.0,1.554693,0.633504,SVN,DNK,6531
1227728,208,64,1048,2014.0,439903.0,2166081.0,1.7256330000000002,0.395804,SWE,DNK,6531
1227729,216,64,1048,2014.0,92416.0,210855.0,1.111392,1.3500370000000002,THA,DNK,6531
1227730,224,64,1048,2014.0,872159.0,102808.0,0.6641600000000001,2.091193,TUR,DNK,6531
1227731,228,64,1048,2014.0,43794.0,754791.0,0.505369,1.07634,UKR,DNK,6531
1227732,231,64,1048,2014.0,465646.0,1241500.0,1.569577,-0.293173,USA,DNK,6531
1227733,239,64,1048,2014.0,9396.0,31274.0,0.135762,1.182052,VNM,DNK,6531
1227734,249,64,1048,2014.0,337972.0,23683.0,1.850481,1.081809,TWN,DNK,6531
1227735,18,65,1048,2014.0,34679.0,0.0,1.182934,1.1967139999999998,BEL,DOM,6531
1227736,32,65,1048,2014.0,120976.0,41745.0,0.23286700000000002,0.968366,BRA,DOM,6531
1227737,39,65,1048,2014.0,263180.0,0.0,0.6145430000000001,1.1815360000000001,CAN,DOM,6531
1227738,43,65,1048,2014.0,21630432.0,0.0,1.316443,0.35039899999999996,CHN,DOM,6531
1227739,49,65,1048,2014.0,301585.0,0.0,0.084348,-0.39008200000000004,COL,DOM,6531
1227740,52,65,1048,2014.0,810487.0,0.0,0.13936500000000002,-0.573277,CRI,DOM,6531
1227741,61,65,1048,2014.0,4386.0,0.0,2.106119,-3.225189,DEU,DOM,6531
1227742,71,65,1048,2014.0,1738052.0,26360.0,0.9574159999999999,1.787233,ESP,DOM,6531
1227743,77,65,1048,2014.0,15465.0,0.0,1.432323,0.43023,FRA,DOM,6531
1227744,81,65,1048,2014.0,9104.0,0.0,1.542804,0.915499,GBR,DOM,6531
1227745,93,65,1048,2014.0,417184.0,0.0,-0.24762199999999998,0.536379,GTM,DOM,6531
1227746,97,65,1048,2014.0,265737.0,0.0,0.9198440000000001,1.257131,HKG,DOM,6531
1227747,99,65,1048,2014.0,2435.0,2669.0,-0.372433,0.036463,HND,DOM,6531
1227748,101,65,1048,2014.0,31333.0,25898.0,-0.894977,-1.0674379999999999,HTI,DOM,6531
1227749,104,65,1048,2014.0,124135.0,0.0,0.236316,2.659173,IND,DOM,6531
1227750,110,65,1048,2014.0,104015.0,0.0,0.9753860000000001,0.810342,ISR,DOM,6531
1227751,111,65,1048,2014.0,48807.0,0.0,1.476328,-0.293302,ITA,DOM,6531
1227752,112,65,1048,2014.0,18072.0,0.0,-0.390841,-0.804425,JAM,DOM,6531
1227753,114,65,1048,2014.0,3160.0,0.0,2.297789,-0.58585,JPN,DOM,6531
1227754,121,65,1048,2014.0,318216.0,0.0,1.9642650000000001,0.86425,KOR,DOM,6531
1227755,127,65,1048,2014.0,0.0,14278.0,0.636416,-0.464264,LCA,DOM,6531
1227756,138,65,1048,2014.0,27777.0,3173.0,1.292327,0.713879,MEX,DOM,6531
1227757,162,65,1048,2014.0,45590.0,17257.0,1.08881,1.320941,NLD,DOM,6531
1227758,168,65,1048,2014.0,35738.0,0.0,-0.595946,0.493716,PAK,DOM,6531
1227759,169,65,1048,2014.0,10151796.0,0.0,0.8997200000000001,0.9699139999999999,PAN,DOM,6531
1227760,173,65,1048,2014.0,7572.0,0.0,-0.617883,0.427092,PER,DOM,6531
1227761,179,65,1048,2014.0,25674.0,0.0,0.763352,2.041559,PRT,DOM,6531
1227762,197,65,1048,2014.0,777882.0,0.0,0.11639200000000001,0.368644,SLV,DOM,6531
1227763,213,65,1048,2014.0,0.0,2423.0,0.566988,0.050384,TCA,DOM,6531
1227764,216,65,1048,2014.0,1432486.0,0.0,1.111392,1.3500370000000002,THA,DOM,6531
1227765,224,65,1048,2014.0,371074.0,0.0,0.6641600000000001,2.091193,TUR,DOM,6531
1227766,231,65,1048,2014.0,12364212.0,427628.0,1.569577,-0.293173,USA,DOM,6531
1227767,239,65,1048,2014.0,4030.0,0.0,0.135762,1.182052,VNM,DOM,6531
1227768,249,65,1048,2014.0,1380128.0,0.0,1.850481,1.081809,TWN,DOM,6531
1227769,250,65,1048,2014.0,29377.0,0.0,0.426964,0.138883,ANS,DOM,6531
1227770,7,67,1048,2014.0,71383.0,0.0,-0.121018,-0.51841,ARE,ECU,6531
1227771,8,67,1048,2014.0,48851.0,0.0,-0.047848,0.48062,ARG,ECU,6531
1227772,14,67,1048,2014.0,19963.0,90724.0,-0.587779,-0.29813,AUS,ECU,6531
1227773,15,67,1048,2014.0,0.0,12680.0,1.782532,-0.84455,AUT,ECU,6531
1227774,18,67,1048,2014.0,137781.0,0.0,1.182934,1.1967139999999998,BEL,ECU,6531
1227775,31,67,1048,2014.0,0.0,163362.0,-1.200516,-1.052286,BOL,ECU,6531
1227776,32,67,1048,2014.0,644360.0,27176.0,0.23286700000000002,0.968366,BRA,ECU,6531
1227777,39,67,1048,2014.0,246107.0,0.0,0.6145430000000001,1.1815360000000001,CAN,ECU,6531
1227778,41,67,1048,2014.0,27329.0,1100.0,2.027022,0.780257,CHE,ECU,6531
1227779,42,67,1048,2014.0,110952.0,0.0,-0.196236,-0.162428,CHL,ECU,6531
1227780,43,67,1048,2014.0,29435702.0,0.0,1.316443,0.35039899999999996,CHN,ECU,6531
1227781,49,67,1048,2014.0,11510898.0,5897082.0,0.084348,-0.39008200000000004,COL,ECU,6531
1227782,61,67,1048,2014.0,89157.0,0.0,2.106119,-3.225189,DEU,ECU,6531
1227783,71,67,1048,2014.0,470891.0,1736.0,0.9574159999999999,1.787233,ESP,ECU,6531
1227784,77,67,1048,2014.0,52004.0,0.0,1.432323,0.43023,FRA,ECU,6531
1227785,97,67,1048,2014.0,1457.0,0.0,0.9198440000000001,1.257131,HKG,ECU,6531
1227786,103,67,1048,2014.0,647173.0,0.0,0.068135,1.672437,IDN,ECU,6531
1227787,104,67,1048,2014.0,1356934.0,0.0,0.236316,2.659173,IND,ECU,6531
1227788,110,67,1048,2014.0,1381.0,0.0,0.9753860000000001,0.810342,ISR,ECU,6531
1227789,111,67,1048,2014.0,11542.0,0.0,1.476328,-0.293302,ITA,ECU,6531
1227790,114,67,1048,2014.0,15008.0,3788.0,2.297789,-0.58585,JPN,ECU,6531
1227791,121,67,1048,2014.0,2418610.0,0.0,1.9642650000000001,0.86425,KOR,ECU,6531
1227792,128,67,1048,2014.0,0.0,12096.0,-0.30641399999999996,0.29736799999999997,LKA,ECU,6531
1227793,138,67,1048,2014.0,68027.0,0.0,1.292327,0.713879,MEX,ECU,6531
1227794,153,67,1048,2014.0,104607.0,0.0,0.995226,0.7797810000000001,MYS,ECU,6531
1227795,162,67,1048,2014.0,10585.0,0.0,1.08881,1.320941,NLD,ECU,6531
1227796,168,67,1048,2014.0,142207.0,0.0,-0.595946,0.493716,PAK,ECU,6531
1227797,169,67,1048,2014.0,994603.0,14735.0,0.8997200000000001,0.9699139999999999,PAN,ECU,6531
1227798,173,67,1048,2014.0,405722.0,9218.0,-0.617883,0.427092,PER,ECU,6531
1227799,185,67,1048,2014.0,35926.0,0.0,1.0837940000000001,1.199571,ROU,ECU,6531
1227800,192,67,1048,2014.0,24204.0,0.0,1.750361,0.63849,SGP,ECU,6531
1227801,216,67,1048,2014.0,49723.0,0.0,1.111392,1.3500370000000002,THA,ECU,6531
1227802,224,67,1048,2014.0,157043.0,0.0,0.6641600000000001,2.091193,TUR,ECU,6531
1227803,231,67,1048,2014.0,5110686.0,57138.0,1.569577,-0.293173,USA,ECU,6531
1227804,249,67,1048,2014.0,2399424.0,0.0,1.850481,1.081809,TWN,ECU,6531
1227805,1,71,1048,2014.0,5263.0,0.0,-0.9800639999999999,-0.8281790000000001,AFG,ESP,6531
1227806,4,71,1048,2014.0,72364.0,114003.0,-0.44000200000000006,-0.168443,ALB,ESP,6531
1227807,5,71,1048,2014.0,0.0,20834.0,0.512367,-0.438594,AND,ESP,6531
1227808,7,71,1048,2014.0,624456.0,572219.0,-0.121018,-0.51841,ARE,ESP,6531
1227809,8,71,1048,2014.0,64618.0,488275.0,-0.047848,0.48062,ARG,ESP,6531
1227810,9,71,1048,2014.0,0.0,87637.0,-0.143991,-0.5265890000000001,ARM,ESP,6531
1227811,14,71,1048,2014.0,13756.0,604965.0,-0.587779,-0.29813,AUS,ESP,6531
1227812,15,71,1048,2014.0,894546.0,2909266.0,1.782532,-0.84455,AUT,ESP,6531
1227813,16,71,1048,2014.0,0.0,7388.0,-1.230795,-1.237163,AZE,ESP,6531
1227814,18,71,1048,2014.0,5765770.0,3702164.0,1.182934,1.1967139999999998,BEL,ESP,6531
1227815,22,71,1048,2014.0,0.0,311082.0,-0.76547,-0.9645469999999999,BGD,ESP,6531
1227816,23,71,1048,2014.0,163118.0,1766308.0,0.611912,1.594597,BGR,ESP,6531
1227817,24,71,1048,2014.0,0.0,35457.0,0.087173,-0.542374,BHR,ESP,6531
1227818,25,71,1048,2014.0,0.0,11200.0,0.199967,-0.640347,BHS,ESP,6531
1227819,26,71,1048,2014.0,0.0,89075.0,0.737556,0.9815530000000001,BIH,ESP,6531
1227820,28,71,1048,2014.0,0.0,68696.0,0.929114,0.7313069999999999,BLR,ESP,6531
1227821,31,71,1048,2014.0,0.0,72134.0,-1.200516,-1.052286,BOL,ESP,6531
1227822,32,71,1048,2014.0,218323.0,1600842.0,0.23286700000000002,0.968366,BRA,ESP,6531
1227823,33,71,1048,2014.0,0.0,10730.0,0.45538500000000004,-0.126756,BRB,ESP,6531
1227824,39,71,1048,2014.0,3826.0,449899.0,0.6145430000000001,1.1815360000000001,CAN,ESP,6531
1227825,41,71,1048,2014.0,708039.0,1564557.0,2.027022,0.780257,CHE,ESP,6531
1227826,42,71,1048,2014.0,3940.0,3473223.0,-0.196236,-0.162428,CHL,ESP,6531
1227827,43,71,1048,2014.0,106591792.0,1433179.0,1.316443,0.35039899999999996,CHN,ESP,6531
1227828,44,71,1048,2014.0,0.0,407465.0,-0.854784,-0.781877,CIV,ESP,6531
1227829,49,71,1048,2014.0,9148.0,1771864.0,0.084348,-0.39008200000000004,COL,ESP,6531
1227830,52,71,1048,2014.0,0.0,362610.0,0.13936500000000002,-0.573277,CRI,ESP,6531
1227831,54,71,1048,2014.0,0.0,454998.0,-0.5320560000000001,-0.941575,CUB,ESP,6531
1227832,58,71,1048,2014.0,0.0,628685.0,0.476854,0.572103,CYP,ESP,6531
1227833,59,71,1048,2014.0,4048976.0,1659882.0,1.761204,-0.148263,CZE,ESP,6531
1227834,61,71,1048,2014.0,31933308.0,24463478.0,2.106119,-3.225189,DEU,ESP,6531
1227835,64,71,1048,2014.0,512345.0,1108129.0,1.15411,1.160462,DNK,ESP,6531
1227836,65,71,1048,2014.0,26360.0,1738052.0,-0.076532,0.472746,DOM,ESP,6531
1227837,66,71,1048,2014.0,18577.0,803389.0,-1.427966,-1.1216760000000001,DZA,ESP,6531
1227838,67,71,1048,2014.0,1736.0,470891.0,-1.0520559999999999,-1.109638,ECU,ESP,6531
1227839,68,71,1048,2014.0,26341.0,993971.0,-0.036009,2.027503,EGY,ESP,6531
1227840,72,71,1048,2014.0,0.0,954850.0,1.022704,1.175645,EST,ESP,6531
1227841,73,71,1048,2014.0,0.0,40559.0,-1.147242,-0.986643,ETH,ESP,6531
1227842,74,71,1048,2014.0,0.0,1966698.0,1.591758,0.9737819999999999,FIN,ESP,6531
1227843,77,71,1048,2014.0,27166456.0,48501056.0,1.432323,0.43023,FRA,ESP,6531
1227844,80,71,1048,2014.0,0.0,83194.0,-1.354381,-1.100019,GAB,ESP,6531
1227845,81,71,1048,2014.0,5821132.0,8859144.0,1.542804,0.915499,GBR,ESP,6531
1227846,82,71,1048,2014.0,5308.0,0.0,-0.23090300000000002,-0.510401,GEO,ESP,6531
1227847,84,71,1048,2014.0,0.0,6991.0,0.21985500000000002,-0.737857,GIB,ESP,6531
1227848,89,71,1048,2014.0,0.0,215426.0,-2.26689,-0.896274,GNQ,ESP,6531
1227849,90,71,1048,2014.0,1320786.0,3127625.0,0.064193,0.955633,GRC,ESP,6531
1227850,93,71,1048,2014.0,0.0,115648.0,-0.24762199999999998,0.536379,GTM,ESP,6531
1227851,97,71,1048,2014.0,478785.0,1460702.0,0.9198440000000001,1.257131,HKG,ESP,6531
1227852,99,71,1048,2014.0,8725.0,160129.0,-0.372433,0.036463,HND,ESP,6531
1227853,100,71,1048,2014.0,0.0,290639.0,0.8627809999999999,1.3475549999999998,HRV,ESP,6531
1227854,102,71,1048,2014.0,17005542.0,1568032.0,1.713536,0.5681729999999999,HUN,ESP,6531
1227855,103,71,1048,2014.0,5750906.0,292186.0,0.068135,1.672437,IDN,ESP,6531
1227856,104,71,1048,2014.0,9221808.0,1212733.0,0.236316,2.659173,IND,ESP,6531
1227857,106,71,1048,2014.0,83655.0,233353.0,1.3749790000000002,0.41131899999999993,IRL,ESP,6531
1227858,107,71,1048,2014.0,0.0,53761.0,-0.47744899999999996,-0.429676,IRN,ESP,6531
1227859,109,71,1048,2014.0,0.0,61593.0,0.130097,-0.313819,ISL,ESP,6531
1227860,110,71,1048,2014.0,246732.0,1223376.0,0.9753860000000001,0.810342,ISR,ESP,6531
1227861,111,71,1048,2014.0,96846984.0,14952674.0,1.476328,-0.293302,ITA,ESP,6531
1227862,112,71,1048,2014.0,0.0,4574.0,-0.390841,-0.804425,JAM,ESP,6531
1227863,113,71,1048,2014.0,0.0,401492.0,0.23508800000000002,0.47597,JOR,ESP,6531
1227864,114,71,1048,2014.0,3563618.0,867881.0,2.297789,-0.58585,JPN,ESP,6531
1227865,115,71,1048,2014.0,0.0,33146.0,-0.503438,-0.5477850000000001,KAZ,ESP,6531
1227866,116,71,1048,2014.0,0.0,83984.0,-0.411786,0.219875,KEN,ESP,6531
1227867,117,71,1048,2014.0,0.0,12103.0,-0.11451099999999999,0.358754,KGZ,ESP,6531
1227868,118,71,1048,2014.0,76823.0,11532.0,-0.5871430000000001,-0.7545850000000001,KHM,ESP,6531
1227869,121,71,1048,2014.0,38116448.0,1570722.0,1.9642650000000001,0.86425,KOR,ESP,6531
1227870,122,71,1048,2014.0,0.0,176376.0,-1.2601069999999999,-1.0929360000000001,KWT,ESP,6531
1227871,124,71,1048,2014.0,144870.0,726592.0,0.32006799999999996,1.666039,LBN,ESP,6531
1227872,128,71,1048,2014.0,329363.0,4544.0,-0.30641399999999996,0.29736799999999997,LKA,ESP,6531
1227873,130,71,1048,2014.0,140741.0,1226602.0,0.679488,1.558981,LTU,ESP,6531
1227874,131,71,1048,2014.0,1790016.0,922850.0,1.093816,1.270669,LUX,ESP,6531
1227875,132,71,1048,2014.0,0.0,206034.0,0.6501,1.35321,LVA,ESP,6531
1227876,134,71,1048,2014.0,3138169.0,157417072.0,-0.429457,0.039947,MAR,ESP,6531
1227877,135,71,1048,2014.0,0.0,51767.0,0.031916,0.24264499999999997,MDA,ESP,6531
1227878,136,71,1048,2014.0,0.0,65100.0,-0.690485,-0.5090020000000001,MDG,ESP,6531
1227879,137,71,1048,2014.0,0.0,3777.0,-0.6189939999999999,-0.880108,MDV,ESP,6531
1227880,138,71,1048,2014.0,82081.0,8786564.0,1.292327,0.713879,MEX,ESP,6531
1227881,140,71,1048,2014.0,0.0,252308.0,-0.216313,-0.214403,MKD,ESP,6531
1227882,141,71,1048,2014.0,1046.0,3833.0,-1.027153,-1.0197370000000001,MLI,ESP,6531
1227883,142,71,1048,2014.0,4608.0,362002.0,0.8871379999999999,0.088535,MLT,ESP,6531
1227884,143,71,1048,2014.0,7387.0,0.0,-1.350593,-1.1112229999999998,MMR,ESP,6531
1227885,144,71,1048,2014.0,0.0,8935.0,-0.007741,0.018085,MNE,ESP,6531
1227886,148,71,1048,2014.0,0.0,7505.0,-1.425856,-1.213441,MRT,ESP,6531
1227887,151,71,1048,2014.0,0.0,235589.0,-0.055786,-0.1488,MUS,ESP,6531
1227888,153,71,1048,2014.0,856005.0,329001.0,0.995226,0.7797810000000001,MYS,ESP,6531
1227889,156,71,1048,2014.0,0.0,31498.0,-0.201994,-0.723618,NCL,ESP,6531
1227890,157,71,1048,2014.0,0.0,267430.0,-0.709151,-0.869426,NER,ESP,6531
1227891,159,71,1048,2014.0,0.0,21584.0,-1.9012419999999999,-1.229264,NGA,ESP,6531
1227892,160,71,1048,2014.0,0.0,45785.0,-0.85321,-0.796656,NIC,ESP,6531
1227893,162,71,1048,2014.0,3610054.0,6231566.0,1.08881,1.320941,NLD,ESP,6531
1227894,163,71,1048,2014.0,27564.0,120784.0,0.678424,0.137871,NOR,ESP,6531
1227895,164,71,1048,2014.0,2939.0,0.0,-0.083094,0.349348,NPL,ESP,6531
1227896,166,71,1048,2014.0,271552.0,271777.0,0.123649,0.26129,NZL,ESP,6531
1227897,167,71,1048,2014.0,0.0,53919.0,-0.7307060000000001,-1.060975,OMN,ESP,6531
1227898,168,71,1048,2014.0,3212597.0,258042.0,-0.595946,0.493716,PAK,ESP,6531
1227899,169,71,1048,2014.0,0.0,215223.0,0.8997200000000001,0.9699139999999999,PAN,ESP,6531
1227900,173,71,1048,2014.0,41895.0,1839196.0,-0.617883,0.427092,PER,ESP,6531
1227901,174,71,1048,2014.0,2701.0,123200.0,0.835601,0.589322,PHL,ESP,6531
1227902,177,71,1048,2014.0,12648322.0,11156348.0,1.1328690000000001,1.043185,POL,ESP,6531
1227903,179,71,1048,2014.0,12633482.0,33438650.0,0.763352,2.041559,PRT,ESP,6531
1227904,180,71,1048,2014.0,0.0,18789.0,-0.612822,-0.8764139999999999,PRY,ESP,6531
1227905,182,71,1048,2014.0,0.0,32775.0,-0.187778,-0.7217060000000001,PYF,ESP,6531
1227906,183,71,1048,2014.0,5491.0,255740.0,-0.5604899999999999,-0.989015,QAT,ESP,6531
1227907,185,71,1048,2014.0,712355.0,13002369.0,1.0837940000000001,1.199571,ROU,ESP,6531
1227908,186,71,1048,2014.0,0.0,2746029.0,-0.006737000000000001,-0.172237,RUS,ESP,6531
1227909,188,71,1048,2014.0,0.0,1114163.0,-0.188727,-0.8629459999999999,SAU,ESP,6531
1227910,191,71,1048,2014.0,12709.0,670704.0,-0.509239,0.002353,SEN,ESP,6531
1227911,192,71,1048,2014.0,0.0,144567.0,1.750361,0.63849,SGP,ESP,6531
1227912,197,71,1048,2014.0,0.0,305415.0,0.11639200000000001,0.368644,SLV,ESP,6531
1227913,201,71,1048,2014.0,0.0,327812.0,0.6017979999999999,1.328124,SRB,ESP,6531
1227914,206,71,1048,2014.0,8896.0,582955.0,1.525525,0.773486,SVK,ESP,6531
1227915,207,71,1048,2014.0,84250.0,608249.0,1.554693,0.633504,SVN,ESP,6531
1227916,208,71,1048,2014.0,128431.0,1796855.0,1.7256330000000002,0.395804,SWE,ESP,6531
1227917,215,71,1048,2014.0,0.0,7306.0,-0.58937,-0.43368,TGO,ESP,6531
1227918,216,71,1048,2014.0,1182028.0,1376971.0,1.111392,1.3500370000000002,THA,ESP,6531
1227919,222,71,1048,2014.0,0.0,1064.0,-0.582991,-1.055078,TTO,ESP,6531
1227920,223,71,1048,2014.0,7089728.0,6752857.0,0.45973800000000004,0.9595459999999999,TUN,ESP,6531
1227921,224,71,1048,2014.0,32313756.0,11164588.0,0.6641600000000001,2.091193,TUR,ESP,6531
1227922,226,71,1048,2014.0,0.0,12516.0,-0.909005,0.511175,TZA,ESP,6531
1227923,228,71,1048,2014.0,0.0,593456.0,0.505369,1.07634,UKR,ESP,6531
1227924,230,71,1048,2014.0,0.0,299219.0,0.155247,-0.091751,URY,ESP,6531
1227925,231,71,1048,2014.0,1239967.0,2212878.0,1.569577,-0.293173,USA,ESP,6531
1227926,236,71,1048,2014.0,0.0,26109.0,-1.1668459999999998,-1.134262,VEN,ESP,6531
1227927,239,71,1048,2014.0,940227.0,1597555.0,0.135762,1.182052,VNM,ESP,6531
1227928,246,71,1048,2014.0,8473.0,702772.0,0.156414,1.873848,ZAF,ESP,6531
1227929,249,71,1048,2014.0,5967823.0,545574.0,1.850481,1.081809,TWN,ESP,6531
1227930,250,71,1048,2014.0,1996518.0,0.0,0.426964,0.138883,ANS,ESP,6531
1227931,7,72,1048,2014.0,152576.0,0.0,-0.121018,-0.51841,ARE,EST,6531
1227932,14,72,1048,2014.0,0.0,12401.0,-0.587779,-0.29813,AUS,EST,6531
1227933,15,72,1048,2014.0,61427.0,3184.0,1.782532,-0.84455,AUT,EST,6531
1227934,18,72,1048,2014.0,2566683.0,159707.0,1.182934,1.1967139999999998,BEL,EST,6531
1227935,22,72,1048,2014.0,1191.0,0.0,-0.76547,-0.9645469999999999,BGD,EST,6531
1227936,23,72,1048,2014.0,4211.0,0.0,0.611912,1.594597,BGR,EST,6531
1227937,28,72,1048,2014.0,0.0,157395.0,0.929114,0.7313069999999999,BLR,EST,6531
1227938,41,72,1048,2014.0,211908.0,0.0,2.027022,0.780257,CHE,EST,6531
1227939,43,72,1048,2014.0,9597791.0,2410.0,1.316443,0.35039899999999996,CHN,EST,6531
1227940,49,72,1048,2014.0,0.0,11423.0,0.084348,-0.39008200000000004,COL,EST,6531
1227941,59,72,1048,2014.0,666933.0,27111.0,1.761204,-0.148263,CZE,EST,6531
1227942,61,72,1048,2014.0,1379924.0,28101.0,2.106119,-3.225189,DEU,EST,6531
1227943,64,72,1048,2014.0,377718.0,77670.0,1.15411,1.160462,DNK,EST,6531
1227944,71,72,1048,2014.0,954850.0,0.0,0.9574159999999999,1.787233,ESP,EST,6531
1227945,74,72,1048,2014.0,1724325.0,553814.0,1.591758,0.9737819999999999,FIN,EST,6531
1227946,77,72,1048,2014.0,348915.0,0.0,1.432323,0.43023,FRA,EST,6531
1227947,81,72,1048,2014.0,1589156.0,1628.0,1.542804,0.915499,GBR,EST,6531
1227948,90,72,1048,2014.0,12784.0,0.0,0.064193,0.955633,GRC,EST,6531
1227949,97,72,1048,2014.0,9743.0,6000.0,0.9198440000000001,1.257131,HKG,EST,6531
1227950,102,72,1048,2014.0,95708.0,3298.0,1.713536,0.5681729999999999,HUN,EST,6531
1227951,103,72,1048,2014.0,23458.0,0.0,0.068135,1.672437,IDN,EST,6531
1227952,104,72,1048,2014.0,75313.0,0.0,0.236316,2.659173,IND,EST,6531
1227953,111,72,1048,2014.0,1409877.0,2965.0,1.476328,-0.293302,ITA,EST,6531
1227954,114,72,1048,2014.0,196594.0,29611.0,2.297789,-0.58585,JPN,EST,6531
1227955,115,72,1048,2014.0,0.0,15405.0,-0.503438,-0.5477850000000001,KAZ,EST,6531
1227956,121,72,1048,2014.0,656384.0,0.0,1.9642650000000001,0.86425,KOR,EST,6531
1227957,130,72,1048,2014.0,670570.0,311909.0,0.679488,1.558981,LTU,EST,6531
1227958,132,72,1048,2014.0,68351.0,948624.0,0.6501,1.35321,LVA,EST,6531
1227959,134,72,1048,2014.0,6450.0,0.0,-0.429457,0.039947,MAR,EST,6531
1227960,140,72,1048,2014.0,0.0,2372.0,-0.216313,-0.214403,MKD,EST,6531
1227961,162,72,1048,2014.0,1328896.0,0.0,1.08881,1.320941,NLD,EST,6531
1227962,163,72,1048,2014.0,198499.0,13334.0,0.678424,0.137871,NOR,EST,6531
1227963,168,72,1048,2014.0,103568.0,0.0,-0.595946,0.493716,PAK,EST,6531
1227964,177,72,1048,2014.0,558501.0,34626.0,1.1328690000000001,1.043185,POL,EST,6531
1227965,179,72,1048,2014.0,42559.0,116008.0,0.763352,2.041559,PRT,EST,6531
1227966,185,72,1048,2014.0,1028754.0,0.0,1.0837940000000001,1.199571,ROU,EST,6531
1227967,186,72,1048,2014.0,3678.0,1120364.0,-0.006737000000000001,-0.172237,RUS,EST,6531
1227968,206,72,1048,2014.0,15311.0,0.0,1.525525,0.773486,SVK,EST,6531
1227969,208,72,1048,2014.0,1692311.0,52799.0,1.7256330000000002,0.395804,SWE,EST,6531
1227970,216,72,1048,2014.0,159702.0,0.0,1.111392,1.3500370000000002,THA,EST,6531
1227971,224,72,1048,2014.0,7676023.0,324233.0,0.6641600000000001,2.091193,TUR,EST,6531
1227972,228,72,1048,2014.0,17275.0,127071.0,0.505369,1.07634,UKR,EST,6531
1227973,231,72,1048,2014.0,1206101.0,0.0,1.569577,-0.293173,USA,EST,6531
1227974,239,72,1048,2014.0,0.0,1373.0,0.135762,1.182052,VNM,EST,6531
1227975,249,72,1048,2014.0,674100.0,0.0,1.850481,1.081809,TWN,EST,6531
1227976,250,72,1048,2014.0,905734.0,0.0,0.426964,0.138883,ANS,EST,6531
1227977,1,74,1048,2014.0,24072.0,0.0,-0.9800639999999999,-0.8281790000000001,AFG,FIN,6531
1227978,7,74,1048,2014.0,5536450.0,0.0,-0.121018,-0.51841,ARE,FIN,6531
1227979,14,74,1048,2014.0,0.0,8843.0,-0.587779,-0.29813,AUS,FIN,6531
1227980,15,74,1048,2014.0,187738.0,0.0,1.782532,-0.84455,AUT,FIN,6531
1227981,18,74,1048,2014.0,2891078.0,22410.0,1.182934,1.1967139999999998,BEL,FIN,6531
1227982,25,74,1048,2014.0,0.0,94870.0,0.199967,-0.640347,BHS,FIN,6531
1227983,26,74,1048,2014.0,4213.0,0.0,0.737556,0.9815530000000001,BIH,FIN,6531
1227984,28,74,1048,2014.0,21448.0,291835.0,0.929114,0.7313069999999999,BLR,FIN,6531
1227985,39,74,1048,2014.0,1411293.0,0.0,0.6145430000000001,1.1815360000000001,CAN,FIN,6531
1227986,41,74,1048,2014.0,284090.0,0.0,2.027022,0.780257,CHE,FIN,6531
1227987,43,74,1048,2014.0,44640632.0,501798.0,1.316443,0.35039899999999996,CHN,FIN,6531
1227988,59,74,1048,2014.0,6154054.0,67708.0,1.761204,-0.148263,CZE,FIN,6531
1227989,61,74,1048,2014.0,6604138.0,6052.0,2.106119,-3.225189,DEU,FIN,6531
1227990,64,74,1048,2014.0,1644618.0,108578.0,1.15411,1.160462,DNK,FIN,6531
1227991,71,74,1048,2014.0,1966698.0,0.0,0.9574159999999999,1.787233,ESP,FIN,6531
1227992,72,74,1048,2014.0,553814.0,1724325.0,1.022704,1.175645,EST,FIN,6531
1227993,77,74,1048,2014.0,4439608.0,66741.0,1.432323,0.43023,FRA,FIN,6531
1227994,81,74,1048,2014.0,2854084.0,120504.0,1.542804,0.915499,GBR,FIN,6531
1227995,90,74,1048,2014.0,592698.0,16049.0,0.064193,0.955633,GRC,FIN,6531
1227996,97,74,1048,2014.0,39071.0,10807.0,0.9198440000000001,1.257131,HKG,FIN,6531
1227997,102,74,1048,2014.0,0.0,5845.0,1.713536,0.5681729999999999,HUN,FIN,6531
1227998,103,74,1048,2014.0,391927.0,0.0,0.068135,1.672437,IDN,FIN,6531
1227999,104,74,1048,2014.0,211320.0,0.0,0.236316,2.659173,IND,FIN,6531
1228000,110,74,1048,2014.0,21099.0,0.0,0.9753860000000001,0.810342,ISR,FIN,6531
1228001,111,74,1048,2014.0,1710508.0,0.0,1.476328,-0.293302,ITA,FIN,6531
1228002,114,74,1048,2014.0,50764.0,52777.0,2.297789,-0.58585,JPN,FIN,6531
1228003,121,74,1048,2014.0,9032670.0,0.0,1.9642650000000001,0.86425,KOR,FIN,6531
1228004,128,74,1048,2014.0,4300.0,0.0,-0.30641399999999996,0.29736799999999997,LKA,FIN,6531
1228005,130,74,1048,2014.0,172106.0,44117.0,0.679488,1.558981,LTU,FIN,6531
1228006,131,74,1048,2014.0,172051.0,0.0,1.093816,1.270669,LUX,FIN,6531
1228007,132,74,1048,2014.0,5200.0,50084.0,0.6501,1.35321,LVA,FIN,6531
1228008,140,74,1048,2014.0,0.0,4012.0,-0.216313,-0.214403,MKD,FIN,6531
1228009,162,74,1048,2014.0,2277112.0,6433.0,1.08881,1.320941,NLD,FIN,6531
1228010,163,74,1048,2014.0,621450.0,0.0,0.678424,0.137871,NOR,FIN,6531
1228011,168,74,1048,2014.0,124545.0,0.0,-0.595946,0.493716,PAK,FIN,6531
1228012,177,74,1048,2014.0,62651.0,64359.0,1.1328690000000001,1.043185,POL,FIN,6531
1228013,179,74,1048,2014.0,12541.0,12591.0,0.763352,2.041559,PRT,FIN,6531
1228014,185,74,1048,2014.0,158665.0,42033.0,1.0837940000000001,1.199571,ROU,FIN,6531
1228015,186,74,1048,2014.0,95950.0,5094940.0,-0.006737000000000001,-0.172237,RUS,FIN,6531
1228016,192,74,1048,2014.0,30101.0,0.0,1.750361,0.63849,SGP,FIN,6531
1228017,201,74,1048,2014.0,0.0,302482.0,0.6017979999999999,1.328124,SRB,FIN,6531
1228018,206,74,1048,2014.0,26889.0,1221.0,1.525525,0.773486,SVK,FIN,6531
1228019,208,74,1048,2014.0,1923136.0,79659.0,1.7256330000000002,0.395804,SWE,FIN,6531
1228020,216,74,1048,2014.0,109092.0,0.0,1.111392,1.3500370000000002,THA,FIN,6531
1228021,223,74,1048,2014.0,0.0,5660.0,0.45973800000000004,0.9595459999999999,TUN,FIN,6531
1228022,224,74,1048,2014.0,5068445.0,8589.0,0.6641600000000001,2.091193,TUR,FIN,6531
1228023,231,74,1048,2014.0,88330.0,5198.0,1.569577,-0.293173,USA,FIN,6531
1228024,239,74,1048,2014.0,37607.0,1855.0,0.135762,1.182052,VNM,FIN,6531
1228025,246,74,1048,2014.0,19833.0,0.0,0.156414,1.873848,ZAF,FIN,6531
1228026,249,74,1048,2014.0,2276070.0,0.0,1.850481,1.081809,TWN,FIN,6531
1228027,2,77,1048,2014.0,0.0,20429.0,-1.547068,-1.121438,AGO,FRA,6531
1228028,5,77,1048,2014.0,0.0,10575.0,0.512367,-0.438594,AND,FRA,6531
1228029,7,77,1048,2014.0,401894.0,1249086.0,-0.121018,-0.51841,ARE,FRA,6531
1228030,8,77,1048,2014.0,0.0,318539.0,-0.047848,0.48062,ARG,FRA,6531
1228031,9,77,1048,2014.0,0.0,43208.0,-0.143991,-0.5265890000000001,ARM,FRA,6531
1228032,14,77,1048,2014.0,1835.0,417177.0,-0.587779,-0.29813,AUS,FRA,6531
1228033,15,77,1048,2014.0,1525864.0,3240572.0,1.782532,-0.84455,AUT,FRA,6531
1228034,16,77,1048,2014.0,0.0,14229.0,-1.230795,-1.237163,AZE,FRA,6531
1228035,18,77,1048,2014.0,72356448.0,19621592.0,1.182934,1.1967139999999998,BEL,FRA,6531
1228036,19,77,1048,2014.0,0.0,1713.0,-0.461501,-0.7216819999999999,BEN,FRA,6531
1228037,22,77,1048,2014.0,0.0,178834.0,-0.76547,-0.9645469999999999,BGD,FRA,6531
1228038,23,77,1048,2014.0,248886.0,8323806.0,0.611912,1.594597,BGR,FRA,6531
1228039,24,77,1048,2014.0,0.0,92345.0,0.087173,-0.542374,BHR,FRA,6531
1228040,26,77,1048,2014.0,6884.0,352150.0,0.737556,0.9815530000000001,BIH,FRA,6531
1228041,28,77,1048,2014.0,0.0,128043.0,0.929114,0.7313069999999999,BLR,FRA,6531
1228042,32,77,1048,2014.0,36756.0,3729638.0,0.23286700000000002,0.968366,BRA,FRA,6531
1228043,33,77,1048,2014.0,6848.0,0.0,0.45538500000000004,-0.126756,BRB,FRA,6531
1228044,39,77,1048,2014.0,9617.0,430980.0,0.6145430000000001,1.1815360000000001,CAN,FRA,6531
1228045,41,77,1048,2014.0,3528438.0,8875589.0,2.027022,0.780257,CHE,FRA,6531
1228046,42,77,1048,2014.0,0.0,217241.0,-0.196236,-0.162428,CHL,FRA,6531
1228047,43,77,1048,2014.0,50059976.0,7740020.0,1.316443,0.35039899999999996,CHN,FRA,6531
1228048,44,77,1048,2014.0,0.0,579100.0,-0.854784,-0.781877,CIV,FRA,6531
1228049,45,77,1048,2014.0,0.0,30757.0,-0.726413,-0.927583,CMR,FRA,6531
1228050,46,77,1048,2014.0,0.0,2567.0,-1.596912,-1.1239940000000002,COD,FRA,6531
1228051,47,77,1048,2014.0,0.0,7210.0,-1.359593,-1.101705,COG,FRA,6531
1228052,49,77,1048,2014.0,54244.0,436608.0,0.084348,-0.39008200000000004,COL,FRA,6531
1228053,50,77,1048,2014.0,0.0,1014.0,0.21706399999999998,-0.6920810000000001,COM,FRA,6531
1228054,52,77,1048,2014.0,14057.0,0.0,0.13936500000000002,-0.573277,CRI,FRA,6531
1228055,58,77,1048,2014.0,0.0,171267.0,0.476854,0.572103,CYP,FRA,6531
1228056,59,77,1048,2014.0,7017578.0,3008004.0,1.761204,-0.148263,CZE,FRA,6531
1228057,61,77,1048,2014.0,30467434.0,21447820.0,2.106119,-3.225189,DEU,FRA,6531
1228058,63,77,1048,2014.0,0.0,3793.0,0.32613600000000004,-0.09935,DMA,FRA,6531
1228059,64,77,1048,2014.0,671092.0,740587.0,1.15411,1.160462,DNK,FRA,6531
1228060,65,77,1048,2014.0,0.0,15465.0,-0.076532,0.472746,DOM,FRA,6531
1228061,66,77,1048,2014.0,1993.0,1659888.0,-1.427966,-1.1216760000000001,DZA,FRA,6531
1228062,67,77,1048,2014.0,0.0,52004.0,-1.0520559999999999,-1.109638,ECU,FRA,6531
1228063,68,77,1048,2014.0,123455.0,1380739.0,-0.036009,2.027503,EGY,FRA,6531
1228064,71,77,1048,2014.0,48501056.0,27166456.0,0.9574159999999999,1.787233,ESP,FRA,6531
1228065,72,77,1048,2014.0,0.0,348915.0,1.022704,1.175645,EST,FRA,6531
1228066,74,77,1048,2014.0,66741.0,4439608.0,1.591758,0.9737819999999999,FIN,FRA,6531
1228067,80,77,1048,2014.0,0.0,19535.0,-1.354381,-1.100019,GAB,FRA,6531
1228068,81,77,1048,2014.0,17217846.0,19755176.0,1.542804,0.915499,GBR,FRA,6531
1228069,82,77,1048,2014.0,0.0,29847.0,-0.23090300000000002,-0.510401,GEO,FRA,6531
1228070,85,77,1048,2014.0,0.0,151399.0,-1.7494900000000002,-1.224512,GIN,FRA,6531
1228071,90,77,1048,2014.0,1182636.0,1560212.0,0.064193,0.955633,GRC,FRA,6531
1228072,93,77,1048,2014.0,0.0,9104.0,-0.24762199999999998,0.536379,GTM,FRA,6531
1228073,97,77,1048,2014.0,187522.0,5507530.0,0.9198440000000001,1.257131,HKG,FRA,6531
1228074,100,77,1048,2014.0,2178.0,203893.0,0.8627809999999999,1.3475549999999998,HRV,FRA,6531
1228075,102,77,1048,2014.0,8158623.0,2766745.0,1.713536,0.5681729999999999,HUN,FRA,6531
1228076,103,77,1048,2014.0,1158633.0,742709.0,0.068135,1.672437,IDN,FRA,6531
1228077,104,77,1048,2014.0,6032288.0,757489.0,0.236316,2.659173,IND,FRA,6531
1228078,106,77,1048,2014.0,54589.0,71548.0,1.3749790000000002,0.41131899999999993,IRL,FRA,6531
1228079,109,77,1048,2014.0,0.0,26322.0,0.130097,-0.313819,ISL,FRA,6531
1228080,110,77,1048,2014.0,99162.0,502913.0,0.9753860000000001,0.810342,ISR,FRA,6531
1228081,111,77,1048,2014.0,95209488.0,32773562.0,1.476328,-0.293302,ITA,FRA,6531
1228082,113,77,1048,2014.0,0.0,63404.0,0.23508800000000002,0.47597,JOR,FRA,6531
1228083,114,77,1048,2014.0,8286716.0,1816016.0,2.297789,-0.58585,JPN,FRA,6531
1228084,115,77,1048,2014.0,0.0,15882.0,-0.503438,-0.5477850000000001,KAZ,FRA,6531
1228085,116,77,1048,2014.0,0.0,20523.0,-0.411786,0.219875,KEN,FRA,6531
1228086,117,77,1048,2014.0,0.0,30721.0,-0.11451099999999999,0.358754,KGZ,FRA,6531
1228087,118,77,1048,2014.0,25135.0,0.0,-0.5871430000000001,-0.7545850000000001,KHM,FRA,6531
1228088,121,77,1048,2014.0,27661836.0,1390180.0,1.9642650000000001,0.86425,KOR,FRA,6531
1228089,122,77,1048,2014.0,0.0,214253.0,-1.2601069999999999,-1.0929360000000001,KWT,FRA,6531
1228090,123,77,1048,2014.0,0.0,5192.0,-0.924599,-0.7456430000000001,LAO,FRA,6531
1228091,124,77,1048,2014.0,0.0,167433.0,0.32006799999999996,1.666039,LBN,FRA,6531
1228092,128,77,1048,2014.0,0.0,613595.0,-0.30641399999999996,0.29736799999999997,LKA,FRA,6531
1228093,130,77,1048,2014.0,314900.0,804518.0,0.679488,1.558981,LTU,FRA,6531
1228094,131,77,1048,2014.0,11358718.0,363296.0,1.093816,1.270669,LUX,FRA,6531
1228095,132,77,1048,2014.0,0.0,533953.0,0.6501,1.35321,LVA,FRA,6531
1228096,133,77,1048,2014.0,0.0,11807.0,0.781301,0.522065,MAC,FRA,6531
1228097,134,77,1048,2014.0,937968.0,35727668.0,-0.429457,0.039947,MAR,FRA,6531
1228098,135,77,1048,2014.0,9292.0,174983.0,0.031916,0.24264499999999997,MDA,FRA,6531
1228099,136,77,1048,2014.0,7271.0,1772654.0,-0.690485,-0.5090020000000001,MDG,FRA,6531
1228100,137,77,1048,2014.0,0.0,7352.0,-0.6189939999999999,-0.880108,MDV,FRA,6531
1228101,138,77,1048,2014.0,2199.0,661638.0,1.292327,0.713879,MEX,FRA,6531
1228102,140,77,1048,2014.0,0.0,437039.0,-0.216313,-0.214403,MKD,FRA,6531
1228103,142,77,1048,2014.0,8930.0,44810.0,0.8871379999999999,0.088535,MLT,FRA,6531
1228104,144,77,1048,2014.0,0.0,9787.0,-0.007741,0.018085,MNE,FRA,6531
1228105,151,77,1048,2014.0,27526.0,1693544.0,-0.055786,-0.1488,MUS,FRA,6531
1228106,153,77,1048,2014.0,2020184.0,112219.0,0.995226,0.7797810000000001,MYS,FRA,6531
1228107,156,77,1048,2014.0,0.0,120127.0,-0.201994,-0.723618,NCL,FRA,6531
1228108,157,77,1048,2014.0,0.0,169957.0,-0.709151,-0.869426,NER,FRA,6531
1228109,159,77,1048,2014.0,0.0,20678.0,-1.9012419999999999,-1.229264,NGA,FRA,6531
1228110,162,77,1048,2014.0,7020230.0,3456100.0,1.08881,1.320941,NLD,FRA,6531
1228111,163,77,1048,2014.0,40157.0,217113.0,0.678424,0.137871,NOR,FRA,6531
1228112,166,77,1048,2014.0,2377.0,64903.0,0.123649,0.26129,NZL,FRA,6531
1228113,168,77,1048,2014.0,10464616.0,16537.0,-0.595946,0.493716,PAK,FRA,6531
1228114,169,77,1048,2014.0,20536.0,11330.0,0.8997200000000001,0.9699139999999999,PAN,FRA,6531
1228115,173,77,1048,2014.0,0.0,157110.0,-0.617883,0.427092,PER,FRA,6531
1228116,174,77,1048,2014.0,17250.0,234061.0,0.835601,0.589322,PHL,FRA,6531
1228117,177,77,1048,2014.0,13850706.0,10910052.0,1.1328690000000001,1.043185,POL,FRA,6531
1228118,179,77,1048,2014.0,4023099.0,12316451.0,0.763352,2.041559,PRT,FRA,6531
1228119,180,77,1048,2014.0,0.0,16646.0,-0.612822,-0.8764139999999999,PRY,FRA,6531
1228120,182,77,1048,2014.0,0.0,257227.0,-0.187778,-0.7217060000000001,PYF,FRA,6531
1228121,183,77,1048,2014.0,0.0,360483.0,-0.5604899999999999,-0.989015,QAT,FRA,6531
1228122,185,77,1048,2014.0,1575555.0,8960121.0,1.0837940000000001,1.199571,ROU,FRA,6531
1228123,186,77,1048,2014.0,0.0,1815659.0,-0.006737000000000001,-0.172237,RUS,FRA,6531
1228124,188,77,1048,2014.0,94435.0,1742011.0,-0.188727,-0.8629459999999999,SAU,FRA,6531
1228125,191,77,1048,2014.0,2319.0,63477.0,-0.509239,0.002353,SEN,FRA,6531
1228126,192,77,1048,2014.0,31117.0,306524.0,1.750361,0.63849,SGP,FRA,6531
1228127,197,77,1048,2014.0,0.0,3746.0,0.11639200000000001,0.368644,SLV,FRA,6531
1228128,201,77,1048,2014.0,6014.0,1044552.0,0.6017979999999999,1.328124,SRB,FRA,6531
1228129,206,77,1048,2014.0,392014.0,706434.0,1.525525,0.773486,SVK,FRA,6531
1228130,207,77,1048,2014.0,4505.0,1988208.0,1.554693,0.633504,SVN,FRA,6531
1228131,208,77,1048,2014.0,80201.0,2248522.0,1.7256330000000002,0.395804,SWE,FRA,6531
1228132,210,77,1048,2014.0,0.0,6615.0,0.712322,-0.591598,SXM,FRA,6531
1228133,214,77,1048,2014.0,0.0,32229.0,-2.592004,-1.008548,TCD,FRA,6531
1228134,215,77,1048,2014.0,0.0,1066.0,-0.58937,-0.43368,TGO,FRA,6531
1228135,216,77,1048,2014.0,487118.0,1211904.0,1.111392,1.3500370000000002,THA,FRA,6531
1228136,219,77,1048,2014.0,0.0,3502.0,-0.961465,-1.1428559999999999,TKM,FRA,6531
1228137,223,77,1048,2014.0,2866800.0,39900792.0,0.45973800000000004,0.9595459999999999,TUN,FRA,6531
1228138,224,77,1048,2014.0,20020038.0,3523412.0,0.6641600000000001,2.091193,TUR,FRA,6531
1228139,226,77,1048,2014.0,35632.0,0.0,-0.909005,0.511175,TZA,FRA,6531
1228140,228,77,1048,2014.0,22067.0,1243059.0,0.505369,1.07634,UKR,FRA,6531
1228141,230,77,1048,2014.0,0.0,62013.0,0.155247,-0.091751,URY,FRA,6531
1228142,231,77,1048,2014.0,2818743.0,4769230.0,1.569577,-0.293173,USA,FRA,6531
1228143,239,77,1048,2014.0,682915.0,2007889.0,0.135762,1.182052,VNM,FRA,6531
1228144,243,77,1048,2014.0,0.0,9107.0,-1.178492,-1.2530629999999998,YEM,FRA,6531
1228145,246,77,1048,2014.0,82013.0,242281.0,0.156414,1.873848,ZAF,FRA,6531
1228146,249,77,1048,2014.0,2388921.0,808631.0,1.850481,1.081809,TWN,FRA,6531
1228147,250,77,1048,2014.0,643906.0,28180.0,0.426964,0.138883,ANS,FRA,6531
1228148,2,81,1048,2014.0,0.0,1598.0,-1.547068,-1.121438,AGO,GBR,6531
1228149,7,81,1048,2014.0,1819190.0,2385396.0,-0.121018,-0.51841,ARE,GBR,6531
1228150,8,81,1048,2014.0,0.0,408816.0,-0.047848,0.48062,ARG,GBR,6531
1228151,14,81,1048,2014.0,194331.0,3772832.0,-0.587779,-0.29813,AUS,GBR,6531
1228152,15,81,1048,2014.0,385473.0,3392310.0,1.782532,-0.84455,AUT,GBR,6531
1228153,16,81,1048,2014.0,0.0,113331.0,-1.230795,-1.237163,AZE,GBR,6531
1228154,18,81,1048,2014.0,33698536.0,10089638.0,1.182934,1.1967139999999998,BEL,GBR,6531
1228155,19,81,1048,2014.0,0.0,22448.0,-0.461501,-0.7216819999999999,BEN,GBR,6531
1228156,22,81,1048,2014.0,9450.0,141894.0,-0.76547,-0.9645469999999999,BGD,GBR,6531
1228157,23,81,1048,2014.0,440413.0,2287892.0,0.611912,1.594597,BGR,GBR,6531
1228158,24,81,1048,2014.0,0.0,157997.0,0.087173,-0.542374,BHR,GBR,6531
1228159,26,81,1048,2014.0,0.0,11404.0,0.737556,0.9815530000000001,BIH,GBR,6531
1228160,28,81,1048,2014.0,6619.0,0.0,0.929114,0.7313069999999999,BLR,GBR,6531
1228161,30,81,1048,2014.0,0.0,5917.0,1.419541,0.139517,BMU,GBR,6531
1228162,32,81,1048,2014.0,270491.0,569017.0,0.23286700000000002,0.968366,BRA,GBR,6531
1228163,39,81,1048,2014.0,670978.0,2499470.0,0.6145430000000001,1.1815360000000001,CAN,GBR,6531
1228164,41,81,1048,2014.0,355491.0,957689.0,2.027022,0.780257,CHE,GBR,6531
1228165,42,81,1048,2014.0,1921.0,58262.0,-0.196236,-0.162428,CHL,GBR,6531
1228166,43,81,1048,2014.0,90143832.0,4203154.0,1.316443,0.35039899999999996,CHN,GBR,6531
1228167,49,81,1048,2014.0,6748.0,6378.0,0.084348,-0.39008200000000004,COL,GBR,6531
1228168,51,81,1048,2014.0,0.0,11387.0,-0.287482,-0.719359,CPV,GBR,6531
1228169,52,81,1048,2014.0,0.0,9630.0,0.13936500000000002,-0.573277,CRI,GBR,6531
1228170,54,81,1048,2014.0,0.0,1324.0,-0.5320560000000001,-0.941575,CUB,GBR,6531
1228171,58,81,1048,2014.0,0.0,123664.0,0.476854,0.572103,CYP,GBR,6531
1228172,59,81,1048,2014.0,10785424.0,4218910.0,1.761204,-0.148263,CZE,GBR,6531
1228173,61,81,1048,2014.0,40110204.0,31160388.0,2.106119,-3.225189,DEU,GBR,6531
1228174,64,81,1048,2014.0,1527399.0,3608317.0,1.15411,1.160462,DNK,GBR,6531
1228175,65,81,1048,2014.0,0.0,9104.0,-0.076532,0.472746,DOM,GBR,6531
1228176,66,81,1048,2014.0,158182.0,23279.0,-1.427966,-1.1216760000000001,DZA,GBR,6531
1228177,68,81,1048,2014.0,83976.0,441996.0,-0.036009,2.027503,EGY,GBR,6531
1228178,71,81,1048,2014.0,8859144.0,5821132.0,0.9574159999999999,1.787233,ESP,GBR,6531
1228179,72,81,1048,2014.0,1628.0,1589156.0,1.022704,1.175645,EST,GBR,6531
1228180,73,81,1048,2014.0,0.0,51914.0,-1.147242,-0.986643,ETH,GBR,6531
1228181,74,81,1048,2014.0,120504.0,2854084.0,1.591758,0.9737819999999999,FIN,GBR,6531
1228182,77,81,1048,2014.0,19755176.0,17217846.0,1.432323,0.43023,FRA,GBR,6531
1228183,83,81,1048,2014.0,0.0,8299.0,-1.1140299999999999,-1.0711700000000002,GHA,GBR,6531
1228184,84,81,1048,2014.0,0.0,38364.0,0.21985500000000002,-0.737857,GIB,GBR,6531
1228185,87,81,1048,2014.0,0.0,1876.0,-0.79725,-0.8249059999999999,GMB,GBR,6531
1228186,89,81,1048,2014.0,0.0,4520.0,-2.26689,-0.896274,GNQ,GBR,6531
1228187,90,81,1048,2014.0,123029.0,684941.0,0.064193,0.955633,GRC,GBR,6531
1228188,91,81,1048,2014.0,0.0,11487.0,0.30344,-0.5055350000000001,GRD,GBR,6531
1228189,97,81,1048,2014.0,463938.0,5630758.0,0.9198440000000001,1.257131,HKG,GBR,6531
1228190,100,81,1048,2014.0,9667.0,151106.0,0.8627809999999999,1.3475549999999998,HRV,GBR,6531
1228191,101,81,1048,2014.0,0.0,922101.0,-0.894977,-1.0674379999999999,HTI,GBR,6531
1228192,102,81,1048,2014.0,789407.0,2351538.0,1.713536,0.5681729999999999,HUN,GBR,6531
1228193,103,81,1048,2014.0,1914634.0,1095229.0,0.068135,1.672437,IDN,GBR,6531
1228194,104,81,1048,2014.0,37916356.0,1114373.0,0.236316,2.659173,IND,GBR,6531
1228195,106,81,1048,2014.0,331475.0,5754987.0,1.3749790000000002,0.41131899999999993,IRL,GBR,6531
1228196,108,81,1048,2014.0,0.0,459455.0,-3.04704,-0.9082290000000001,IRQ,GBR,6531
1228197,109,81,1048,2014.0,0.0,105607.0,0.130097,-0.313819,ISL,GBR,6531
1228198,110,81,1048,2014.0,316145.0,639466.0,0.9753860000000001,0.810342,ISR,GBR,6531
1228199,111,81,1048,2014.0,49645324.0,18212628.0,1.476328,-0.293302,ITA,GBR,6531
1228200,112,81,1048,2014.0,0.0,9681.0,-0.390841,-0.804425,JAM,GBR,6531
1228201,113,81,1048,2014.0,0.0,87354.0,0.23508800000000002,0.47597,JOR,GBR,6531
1228202,114,81,1048,2014.0,6736666.0,723043.0,2.297789,-0.58585,JPN,GBR,6531
1228203,115,81,1048,2014.0,0.0,43990.0,-0.503438,-0.5477850000000001,KAZ,GBR,6531
1228204,116,81,1048,2014.0,0.0,440293.0,-0.411786,0.219875,KEN,GBR,6531
1228205,118,81,1048,2014.0,0.0,38923.0,-0.5871430000000001,-0.7545850000000001,KHM,GBR,6531
1228206,121,81,1048,2014.0,17499706.0,345438.0,1.9642650000000001,0.86425,KOR,GBR,6531
1228207,122,81,1048,2014.0,1553.0,179034.0,-1.2601069999999999,-1.0929360000000001,KWT,GBR,6531
1228208,123,81,1048,2014.0,0.0,58285.0,-0.924599,-0.7456430000000001,LAO,GBR,6531
1228209,124,81,1048,2014.0,22378.0,291524.0,0.32006799999999996,1.666039,LBN,GBR,6531
1228210,127,81,1048,2014.0,0.0,79471.0,0.636416,-0.464264,LCA,GBR,6531
1228211,128,81,1048,2014.0,747767.0,588536.0,-0.30641399999999996,0.29736799999999997,LKA,GBR,6531
1228212,130,81,1048,2014.0,243941.0,3686503.0,0.679488,1.558981,LTU,GBR,6531
1228213,131,81,1048,2014.0,3075933.0,363993.0,1.093816,1.270669,LUX,GBR,6531
1228214,132,81,1048,2014.0,3703.0,255445.0,0.6501,1.35321,LVA,GBR,6531
1228215,134,81,1048,2014.0,127199.0,2531174.0,-0.429457,0.039947,MAR,GBR,6531
1228216,135,81,1048,2014.0,0.0,1292287.0,0.031916,0.24264499999999997,MDA,GBR,6531
1228217,136,81,1048,2014.0,2042.0,74185.0,-0.690485,-0.5090020000000001,MDG,GBR,6531
1228218,138,81,1048,2014.0,0.0,453028.0,1.292327,0.713879,MEX,GBR,6531
1228219,140,81,1048,2014.0,23703.0,2243024.0,-0.216313,-0.214403,MKD,GBR,6531
1228220,142,81,1048,2014.0,0.0,428395.0,0.8871379999999999,0.088535,MLT,GBR,6531
1228221,151,81,1048,2014.0,3944.0,40595.0,-0.055786,-0.1488,MUS,GBR,6531
1228222,153,81,1048,2014.0,927928.0,438164.0,0.995226,0.7797810000000001,MYS,GBR,6531
1228223,155,81,1048,2014.0,0.0,2163.0,-0.5218020000000001,-0.502617,NAM,GBR,6531
1228224,156,81,1048,2014.0,0.0,2590.0,-0.201994,-0.723618,NCL,GBR,6531
1228225,159,81,1048,2014.0,1333.0,146021.0,-1.9012419999999999,-1.229264,NGA,GBR,6531
1228226,162,81,1048,2014.0,10752381.0,9391520.0,1.08881,1.320941,NLD,GBR,6531
1228227,163,81,1048,2014.0,72181.0,2039164.0,0.678424,0.137871,NOR,GBR,6531
1228228,164,81,1048,2014.0,0.0,7300.0,-0.083094,0.349348,NPL,GBR,6531
1228229,166,81,1048,2014.0,14276.0,329538.0,0.123649,0.26129,NZL,GBR,6531
1228230,167,81,1048,2014.0,0.0,110832.0,-0.7307060000000001,-1.060975,OMN,GBR,6531
1228231,168,81,1048,2014.0,10633064.0,258281.0,-0.595946,0.493716,PAK,GBR,6531
1228232,169,81,1048,2014.0,0.0,3229.0,0.8997200000000001,0.9699139999999999,PAN,GBR,6531
1228233,173,81,1048,2014.0,0.0,9577.0,-0.617883,0.427092,PER,GBR,6531
1228234,174,81,1048,2014.0,0.0,92088.0,0.835601,0.589322,PHL,GBR,6531
1228235,177,81,1048,2014.0,1894239.0,30402140.0,1.1328690000000001,1.043185,POL,GBR,6531
1228236,179,81,1048,2014.0,5174417.0,7243026.0,0.763352,2.041559,PRT,GBR,6531
1228237,183,81,1048,2014.0,0.0,317055.0,-0.5604899999999999,-0.989015,QAT,GBR,6531
1228238,185,81,1048,2014.0,10283474.0,63203060.0,1.0837940000000001,1.199571,ROU,GBR,6531
1228239,186,81,1048,2014.0,0.0,464876.0,-0.006737000000000001,-0.172237,RUS,GBR,6531
1228240,188,81,1048,2014.0,578291.0,2250248.0,-0.188727,-0.8629459999999999,SAU,GBR,6531
1228241,192,81,1048,2014.0,23102.0,313774.0,1.750361,0.63849,SGP,GBR,6531
1228242,196,81,1048,2014.0,0.0,8264.0,-0.718496,-0.750311,SLE,GBR,6531
1228243,197,81,1048,2014.0,0.0,11704.0,0.11639200000000001,0.368644,SLV,GBR,6531
1228244,198,81,1048,2014.0,12451.0,1591.0,1.1475870000000001,0.742538,SMR,GBR,6531
1228245,201,81,1048,2014.0,0.0,62375.0,0.6017979999999999,1.328124,SRB,GBR,6531
1228246,206,81,1048,2014.0,277474.0,636727.0,1.525525,0.773486,SVK,GBR,6531
1228247,207,81,1048,2014.0,21210.0,445138.0,1.554693,0.633504,SVN,GBR,6531
1228248,208,81,1048,2014.0,1696410.0,3386376.0,1.7256330000000002,0.395804,SWE,GBR,6531
1228249,216,81,1048,2014.0,1418766.0,1062999.0,1.111392,1.3500370000000002,THA,GBR,6531
1228250,222,81,1048,2014.0,0.0,2899.0,-0.582991,-1.055078,TTO,GBR,6531
1228251,223,81,1048,2014.0,6877.0,2661766.0,0.45973800000000004,0.9595459999999999,TUN,GBR,6531
1228252,224,81,1048,2014.0,44513692.0,4999520.0,0.6641600000000001,2.091193,TUR,GBR,6531
1228253,226,81,1048,2014.0,0.0,13188.0,-0.909005,0.511175,TZA,GBR,6531
1228254,227,81,1048,2014.0,0.0,35904.0,-0.505738,0.49837200000000004,UGA,GBR,6531
1228255,228,81,1048,2014.0,491239.0,1424895.0,0.505369,1.07634,UKR,GBR,6531
1228256,230,81,1048,2014.0,0.0,3545.0,0.155247,-0.091751,URY,GBR,6531
1228257,231,81,1048,2014.0,5630484.0,15138634.0,1.569577,-0.293173,USA,GBR,6531
1228258,234,81,1048,2014.0,0.0,12664.0,0.101454,-0.469681,VCT,GBR,6531
1228259,236,81,1048,2014.0,0.0,3357.0,-1.1668459999999998,-1.134262,VEN,GBR,6531
1228260,239,81,1048,2014.0,329691.0,3204654.0,0.135762,1.182052,VNM,GBR,6531
1228261,246,81,1048,2014.0,183709.0,372945.0,0.156414,1.873848,ZAF,GBR,6531
1228262,249,81,1048,2014.0,7265585.0,246050.0,1.850481,1.081809,TWN,GBR,6531
1228263,4,90,1048,2014.0,0.0,116750.0,-0.44000200000000006,-0.168443,ALB,GRC,6531
1228264,5,90,1048,2014.0,0.0,1193.0,0.512367,-0.438594,AND,GRC,6531
1228265,7,90,1048,2014.0,231821.0,48011.0,-0.121018,-0.51841,ARE,GRC,6531
1228266,9,90,1048,2014.0,0.0,2418.0,-0.143991,-0.5265890000000001,ARM,GRC,6531
1228267,14,90,1048,2014.0,0.0,564331.0,-0.587779,-0.29813,AUS,GRC,6531
1228268,15,90,1048,2014.0,48113.0,106107.0,1.782532,-0.84455,AUT,GRC,6531
1228269,16,90,1048,2014.0,0.0,12301.0,-1.230795,-1.237163,AZE,GRC,6531
1228270,18,90,1048,2014.0,1561714.0,455237.0,1.182934,1.1967139999999998,BEL,GRC,6531
1228271,22,90,1048,2014.0,6449.0,0.0,-0.76547,-0.9645469999999999,BGD,GRC,6531
1228272,23,90,1048,2014.0,807572.0,4576235.0,0.611912,1.594597,BGR,GRC,6531
1228273,26,90,1048,2014.0,0.0,24673.0,0.737556,0.9815530000000001,BIH,GRC,6531
1228274,32,90,1048,2014.0,29087.0,69428.0,0.23286700000000002,0.968366,BRA,GRC,6531
1228275,39,90,1048,2014.0,0.0,559220.0,0.6145430000000001,1.1815360000000001,CAN,GRC,6531
1228276,41,90,1048,2014.0,9729.0,1191567.0,2.027022,0.780257,CHE,GRC,6531
1228277,43,90,1048,2014.0,26517072.0,16897.0,1.316443,0.35039899999999996,CHN,GRC,6531
1228278,49,90,1048,2014.0,0.0,46146.0,0.084348,-0.39008200000000004,COL,GRC,6531
1228279,58,90,1048,2014.0,31164.0,1521132.0,0.476854,0.572103,CYP,GRC,6531
1228280,59,90,1048,2014.0,156965.0,201363.0,1.761204,-0.148263,CZE,GRC,6531
1228281,61,90,1048,2014.0,1184519.0,3389291.0,2.106119,-3.225189,DEU,GRC,6531
1228282,64,90,1048,2014.0,68379.0,166011.0,1.15411,1.160462,DNK,GRC,6531
1228283,68,90,1048,2014.0,249987.0,64841.0,-0.036009,2.027503,EGY,GRC,6531
1228284,71,90,1048,2014.0,3127625.0,1320786.0,0.9574159999999999,1.787233,ESP,GRC,6531
1228285,72,90,1048,2014.0,0.0,12784.0,1.022704,1.175645,EST,GRC,6531
1228286,74,90,1048,2014.0,16049.0,592698.0,1.591758,0.9737819999999999,FIN,GRC,6531
1228287,77,90,1048,2014.0,1560212.0,1182636.0,1.432323,0.43023,FRA,GRC,6531
1228288,81,90,1048,2014.0,684941.0,123029.0,1.542804,0.915499,GBR,GRC,6531
1228289,97,90,1048,2014.0,48116.0,72433.0,0.9198440000000001,1.257131,HKG,GRC,6531
1228290,100,90,1048,2014.0,0.0,60527.0,0.8627809999999999,1.3475549999999998,HRV,GRC,6531
1228291,102,90,1048,2014.0,200459.0,368623.0,1.713536,0.5681729999999999,HUN,GRC,6531
1228292,103,90,1048,2014.0,1118294.0,0.0,0.068135,1.672437,IDN,GRC,6531
1228293,104,90,1048,2014.0,997957.0,20470.0,0.236316,2.659173,IND,GRC,6531
1228294,106,90,1048,2014.0,22709.0,1641719.0,1.3749790000000002,0.41131899999999993,IRL,GRC,6531
1228295,110,90,1048,2014.0,2566.0,155481.0,0.9753860000000001,0.810342,ISR,GRC,6531
1228296,111,90,1048,2014.0,9116867.0,3468954.0,1.476328,-0.293302,ITA,GRC,6531
1228297,113,90,1048,2014.0,0.0,45102.0,0.23508800000000002,0.47597,JOR,GRC,6531
1228298,114,90,1048,2014.0,70576.0,2601.0,2.297789,-0.58585,JPN,GRC,6531
1228299,116,90,1048,2014.0,0.0,20799.0,-0.411786,0.219875,KEN,GRC,6531
1228300,121,90,1048,2014.0,3235135.0,9601.0,1.9642650000000001,0.86425,KOR,GRC,6531
1228301,122,90,1048,2014.0,0.0,2955.0,-1.2601069999999999,-1.0929360000000001,KWT,GRC,6531
1228302,124,90,1048,2014.0,0.0,20350.0,0.32006799999999996,1.666039,LBN,GRC,6531
1228303,130,90,1048,2014.0,1918.0,124956.0,0.679488,1.558981,LTU,GRC,6531
1228304,132,90,1048,2014.0,0.0,106623.0,0.6501,1.35321,LVA,GRC,6531
1228305,134,90,1048,2014.0,0.0,13124.0,-0.429457,0.039947,MAR,GRC,6531
1228306,138,90,1048,2014.0,4562.0,44525.0,1.292327,0.713879,MEX,GRC,6531
1228307,140,90,1048,2014.0,188344.0,420875.0,-0.216313,-0.214403,MKD,GRC,6531
1228308,142,90,1048,2014.0,0.0,19705.0,0.8871379999999999,0.088535,MLT,GRC,6531
1228309,162,90,1048,2014.0,538722.0,2677590.0,1.08881,1.320941,NLD,GRC,6531
1228310,163,90,1048,2014.0,0.0,11669.0,0.678424,0.137871,NOR,GRC,6531
1228311,166,90,1048,2014.0,33423.0,79900.0,0.123649,0.26129,NZL,GRC,6531
1228312,167,90,1048,2014.0,0.0,88955.0,-0.7307060000000001,-1.060975,OMN,GRC,6531
1228313,168,90,1048,2014.0,324149.0,6373.0,-0.595946,0.493716,PAK,GRC,6531
1228314,169,90,1048,2014.0,0.0,11002.0,0.8997200000000001,0.9699139999999999,PAN,GRC,6531
1228315,173,90,1048,2014.0,0.0,17667.0,-0.617883,0.427092,PER,GRC,6531
1228316,177,90,1048,2014.0,494120.0,1170520.0,1.1328690000000001,1.043185,POL,GRC,6531
1228317,179,90,1048,2014.0,470938.0,1851880.0,0.763352,2.041559,PRT,GRC,6531
1228318,183,90,1048,2014.0,0.0,7510.0,-0.5604899999999999,-0.989015,QAT,GRC,6531
1228319,185,90,1048,2014.0,83150.0,1820897.0,1.0837940000000001,1.199571,ROU,GRC,6531
1228320,186,90,1048,2014.0,0.0,1374837.0,-0.006737000000000001,-0.172237,RUS,GRC,6531
1228321,188,90,1048,2014.0,0.0,51087.0,-0.188727,-0.8629459999999999,SAU,GRC,6531
1228322,192,90,1048,2014.0,0.0,31903.0,1.750361,0.63849,SGP,GRC,6531
1228323,201,90,1048,2014.0,39361.0,68103.0,0.6017979999999999,1.328124,SRB,GRC,6531
1228324,206,90,1048,2014.0,38203.0,38972.0,1.525525,0.773486,SVK,GRC,6531
1228325,207,90,1048,2014.0,41456.0,25533.0,1.554693,0.633504,SVN,GRC,6531
1228326,208,90,1048,2014.0,0.0,52259.0,1.7256330000000002,0.395804,SWE,GRC,6531
1228327,216,90,1048,2014.0,3554.0,0.0,1.111392,1.3500370000000002,THA,GRC,6531
1228328,223,90,1048,2014.0,0.0,54822.0,0.45973800000000004,0.9595459999999999,TUN,GRC,6531
1228329,224,90,1048,2014.0,9728088.0,3700620.0,0.6641600000000001,2.091193,TUR,GRC,6531
1228330,228,90,1048,2014.0,0.0,83217.0,0.505369,1.07634,UKR,GRC,6531
1228331,231,90,1048,2014.0,32983.0,7672080.0,1.569577,-0.293173,USA,GRC,6531
1228332,239,90,1048,2014.0,77462.0,0.0,0.135762,1.182052,VNM,GRC,6531
1228333,249,90,1048,2014.0,374282.0,28264.0,1.850481,1.081809,TWN,GRC,6531
1228334,250,90,1048,2014.0,4809.0,0.0,0.426964,0.138883,ANS,GRC,6531
1228335,8,93,1048,2014.0,3689.0,0.0,-0.047848,0.48062,ARG,GTM,6531
1228336,18,93,1048,2014.0,7766.0,0.0,1.182934,1.1967139999999998,BEL,GTM,6531
1228337,29,93,1048,2014.0,0.0,11491.0,-0.15501700000000002,-0.507759,BLZ,GTM,6531
1228338,32,93,1048,2014.0,124935.0,0.0,0.23286700000000002,0.968366,BRA,GTM,6531
1228339,39,93,1048,2014.0,53818.0,284403.0,0.6145430000000001,1.1815360000000001,CAN,GTM,6531
1228340,42,93,1048,2014.0,1069.0,0.0,-0.196236,-0.162428,CHL,GTM,6531
1228341,43,93,1048,2014.0,29653260.0,31057.0,1.316443,0.35039899999999996,CHN,GTM,6531
1228342,49,93,1048,2014.0,1005805.0,0.0,0.084348,-0.39008200000000004,COL,GTM,6531
1228343,52,93,1048,2014.0,157189.0,1830306.0,0.13936500000000002,-0.573277,CRI,GTM,6531
1228344,61,93,1048,2014.0,12592.0,0.0,2.106119,-3.225189,DEU,GTM,6531
1228345,65,93,1048,2014.0,0.0,417184.0,-0.076532,0.472746,DOM,GTM,6531
1228346,71,93,1048,2014.0,115648.0,0.0,0.9574159999999999,1.787233,ESP,GTM,6531
1228347,77,93,1048,2014.0,9104.0,0.0,1.432323,0.43023,FRA,GTM,6531
1228348,97,93,1048,2014.0,531143.0,0.0,0.9198440000000001,1.257131,HKG,GTM,6531
1228349,99,93,1048,2014.0,111093.0,4370762.0,-0.372433,0.036463,HND,GTM,6531
1228350,103,93,1048,2014.0,19788.0,0.0,0.068135,1.672437,IDN,GTM,6531
1228351,104,93,1048,2014.0,1132385.0,0.0,0.236316,2.659173,IND,GTM,6531
1228352,110,93,1048,2014.0,110179.0,0.0,0.9753860000000001,0.810342,ISR,GTM,6531
1228353,111,93,1048,2014.0,21090.0,1561.0,1.476328,-0.293302,ITA,GTM,6531
1228354,114,93,1048,2014.0,269792.0,0.0,2.297789,-0.58585,JPN,GTM,6531
1228355,121,93,1048,2014.0,813854.0,3719.0,1.9642650000000001,0.86425,KOR,GTM,6531
1228356,138,93,1048,2014.0,2771752.0,4069254.0,1.292327,0.713879,MEX,GTM,6531
1228357,160,93,1048,2014.0,31061.0,2090172.0,-0.85321,-0.796656,NIC,GTM,6531
1228358,162,93,1048,2014.0,12744.0,0.0,1.08881,1.320941,NLD,GTM,6531
1228359,168,93,1048,2014.0,47951.0,0.0,-0.595946,0.493716,PAK,GTM,6531
1228360,169,93,1048,2014.0,1872422.0,164059.0,0.8997200000000001,0.9699139999999999,PAN,GTM,6531
1228361,197,93,1048,2014.0,563107.0,8843149.0,0.11639200000000001,0.368644,SLV,GTM,6531
1228362,216,93,1048,2014.0,109156.0,0.0,1.111392,1.3500370000000002,THA,GTM,6531
1228363,224,93,1048,2014.0,19080.0,0.0,0.6641600000000001,2.091193,TUR,GTM,6531
1228364,230,93,1048,2014.0,0.0,41109.0,0.155247,-0.091751,URY,GTM,6531
1228365,231,93,1048,2014.0,10864544.0,1784130.0,1.569577,-0.293173,USA,GTM,6531
1228366,239,93,1048,2014.0,0.0,227176.0,0.135762,1.182052,VNM,GTM,6531
1228367,249,93,1048,2014.0,3723858.0,0.0,1.850481,1.081809,TWN,GTM,6531
1228368,250,93,1048,2014.0,229339.0,0.0,0.426964,0.138883,ANS,GTM,6531
1228369,2,97,1048,2014.0,0.0,19274.0,-1.547068,-1.121438,AGO,HKG,6531
1228370,7,97,1048,2014.0,19355.0,311268.0,-0.121018,-0.51841,ARE,HKG,6531
1228371,8,97,1048,2014.0,0.0,76240.0,-0.047848,0.48062,ARG,HKG,6531
1228372,14,97,1048,2014.0,634903.0,239033.0,-0.587779,-0.29813,AUS,HKG,6531
1228373,15,97,1048,2014.0,37910.0,34198.0,1.782532,-0.84455,AUT,HKG,6531
1228374,18,97,1048,2014.0,1165771.0,197170.0,1.182934,1.1967139999999998,BEL,HKG,6531
1228375,19,97,1048,2014.0,0.0,32602.0,-0.461501,-0.7216819999999999,BEN,HKG,6531
1228376,22,97,1048,2014.0,26755.0,4841488.0,-0.76547,-0.9645469999999999,BGD,HKG,6531
1228377,23,97,1048,2014.0,115844.0,139370.0,0.611912,1.594597,BGR,HKG,6531
1228378,24,97,1048,2014.0,0.0,169470.0,0.087173,-0.542374,BHR,HKG,6531
1228379,26,97,1048,2014.0,0.0,1234.0,0.737556,0.9815530000000001,BIH,HKG,6531
1228380,28,97,1048,2014.0,0.0,4087.0,0.929114,0.7313069999999999,BLR,HKG,6531
1228381,31,97,1048,2014.0,0.0,2090.0,-1.200516,-1.052286,BOL,HKG,6531
1228382,32,97,1048,2014.0,24846.0,2309173.0,0.23286700000000002,0.968366,BRA,HKG,6531
1228383,33,97,1048,2014.0,0.0,6062.0,0.45538500000000004,-0.126756,BRB,HKG,6531
1228384,34,97,1048,2014.0,0.0,211103.0,-0.866534,-0.764166,BRN,HKG,6531
1228385,37,97,1048,2014.0,0.0,5727.0,-0.7467630000000001,-1.1369690000000001,BWA,HKG,6531
1228386,39,97,1048,2014.0,327878.0,137180.0,0.6145430000000001,1.1815360000000001,CAN,HKG,6531
1228387,41,97,1048,2014.0,2068941.0,182961.0,2.027022,0.780257,CHE,HKG,6531
1228388,42,97,1048,2014.0,0.0,27230.0,-0.196236,-0.162428,CHL,HKG,6531
1228389,43,97,1048,2014.0,233848112.0,9026232.0,1.316443,0.35039899999999996,CHN,HKG,6531
1228390,45,97,1048,2014.0,0.0,113993.0,-0.726413,-0.927583,CMR,HKG,6531
1228391,47,97,1048,2014.0,0.0,33209.0,-1.359593,-1.101705,COG,HKG,6531
1228392,49,97,1048,2014.0,0.0,130011.0,0.084348,-0.39008200000000004,COL,HKG,6531
1228393,52,97,1048,2014.0,0.0,105875.0,0.13936500000000002,-0.573277,CRI,HKG,6531
1228394,59,97,1048,2014.0,263632.0,6628.0,1.761204,-0.148263,CZE,HKG,6531
1228395,61,97,1048,2014.0,3345018.0,145937.0,2.106119,-3.225189,DEU,HKG,6531
1228396,64,97,1048,2014.0,141108.0,198868.0,1.15411,1.160462,DNK,HKG,6531
1228397,65,97,1048,2014.0,0.0,265737.0,-0.076532,0.472746,DOM,HKG,6531
1228398,66,97,1048,2014.0,0.0,24038.0,-1.427966,-1.1216760000000001,DZA,HKG,6531
1228399,67,97,1048,2014.0,0.0,1457.0,-1.0520559999999999,-1.109638,ECU,HKG,6531
1228400,68,97,1048,2014.0,0.0,661624.0,-0.036009,2.027503,EGY,HKG,6531
1228401,71,97,1048,2014.0,1460702.0,478785.0,0.9574159999999999,1.787233,ESP,HKG,6531
1228402,72,97,1048,2014.0,6000.0,9743.0,1.022704,1.175645,EST,HKG,6531
1228403,73,97,1048,2014.0,0.0,90600.0,-1.147242,-0.986643,ETH,HKG,6531
1228404,74,97,1048,2014.0,10807.0,39071.0,1.591758,0.9737819999999999,FIN,HKG,6531
1228405,75,97,1048,2014.0,0.0,99284.0,-0.20919699999999997,0.095276,FJI,HKG,6531
1228406,77,97,1048,2014.0,5507530.0,187522.0,1.432323,0.43023,FRA,HKG,6531
1228407,79,97,1048,2014.0,0.0,26312.0,-0.32612800000000003,-0.8335809999999999,FSM,HKG,6531
1228408,80,97,1048,2014.0,0.0,70736.0,-1.354381,-1.100019,GAB,HKG,6531
1228409,81,97,1048,2014.0,5630758.0,463938.0,1.542804,0.915499,GBR,HKG,6531
1228410,82,97,1048,2014.0,0.0,12251.0,-0.23090300000000002,-0.510401,GEO,HKG,6531
1228411,85,97,1048,2014.0,0.0,13000.0,-1.7494900000000002,-1.224512,GIN,HKG,6531
1228412,90,97,1048,2014.0,72433.0,48116.0,0.064193,0.955633,GRC,HKG,6531
1228413,93,97,1048,2014.0,0.0,531143.0,-0.24762199999999998,0.536379,GTM,HKG,6531
1228414,99,97,1048,2014.0,0.0,9099.0,-0.372433,0.036463,HND,HKG,6531
1228415,100,97,1048,2014.0,14439.0,2694.0,0.8627809999999999,1.3475549999999998,HRV,HKG,6531
1228416,102,97,1048,2014.0,0.0,37155.0,1.713536,0.5681729999999999,HUN,HKG,6531
1228417,103,97,1048,2014.0,1295704.0,46319892.0,0.068135,1.672437,IDN,HKG,6531
1228418,104,97,1048,2014.0,2028582.0,4010690.0,0.236316,2.659173,IND,HKG,6531
1228419,106,97,1048,2014.0,0.0,6275.0,1.3749790000000002,0.41131899999999993,IRL,HKG,6531
1228420,107,97,1048,2014.0,0.0,55673.0,-0.47744899999999996,-0.429676,IRN,HKG,6531
1228421,110,97,1048,2014.0,0.0,894806.0,0.9753860000000001,0.810342,ISR,HKG,6531
1228422,111,97,1048,2014.0,25971072.0,156044.0,1.476328,-0.293302,ITA,HKG,6531
1228423,112,97,1048,2014.0,8612.0,0.0,-0.390841,-0.804425,JAM,HKG,6531
1228424,113,97,1048,2014.0,0.0,482649.0,0.23508800000000002,0.47597,JOR,HKG,6531
1228425,114,97,1048,2014.0,51910188.0,603259.0,2.297789,-0.58585,JPN,HKG,6531
1228426,116,97,1048,2014.0,0.0,307130.0,-0.411786,0.219875,KEN,HKG,6531
1228427,118,97,1048,2014.0,16439.0,4660962.0,-0.5871430000000001,-0.7545850000000001,KHM,HKG,6531
1228428,121,97,1048,2014.0,123532768.0,464697.0,1.9642650000000001,0.86425,KOR,HKG,6531
1228429,123,97,1048,2014.0,0.0,285485.0,-0.924599,-0.7456430000000001,LAO,HKG,6531
1228430,124,97,1048,2014.0,0.0,15299.0,0.32006799999999996,1.666039,LBN,HKG,6531
1228431,127,97,1048,2014.0,0.0,4364.0,0.636416,-0.464264,LCA,HKG,6531
1228432,128,97,1048,2014.0,13214.0,2026114.0,-0.30641399999999996,0.29736799999999997,LKA,HKG,6531
1228433,129,97,1048,2014.0,0.0,218125.0,-0.586123,-0.728193,LSO,HKG,6531
1228434,130,97,1048,2014.0,16921.0,54074.0,0.679488,1.558981,LTU,HKG,6531
1228435,132,97,1048,2014.0,0.0,6890.0,0.6501,1.35321,LVA,HKG,6531
1228436,133,97,1048,2014.0,35713.0,986111.0,0.781301,0.522065,MAC,HKG,6531
1228437,134,97,1048,2014.0,4719.0,109152.0,-0.429457,0.039947,MAR,HKG,6531
1228438,136,97,1048,2014.0,0.0,44672.0,-0.690485,-0.5090020000000001,MDG,HKG,6531
1228439,137,97,1048,2014.0,0.0,16519.0,-0.6189939999999999,-0.880108,MDV,HKG,6531
1228440,138,97,1048,2014.0,18192.0,3377795.0,1.292327,0.713879,MEX,HKG,6531
1228441,140,97,1048,2014.0,0.0,5218.0,-0.216313,-0.214403,MKD,HKG,6531
1228442,142,97,1048,2014.0,0.0,5227.0,0.8871379999999999,0.088535,MLT,HKG,6531
1228443,143,97,1048,2014.0,0.0,957574.0,-1.350593,-1.1112229999999998,MMR,HKG,6531
1228444,147,97,1048,2014.0,0.0,11783.0,-1.03106,-0.9325260000000001,MOZ,HKG,6531
1228445,151,97,1048,2014.0,0.0,667115.0,-0.055786,-0.1488,MUS,HKG,6531
1228446,153,97,1048,2014.0,1309616.0,1146842.0,0.995226,0.7797810000000001,MYS,HKG,6531
1228447,159,97,1048,2014.0,0.0,8624.0,-1.9012419999999999,-1.229264,NGA,HKG,6531
1228448,160,97,1048,2014.0,0.0,1742151.0,-0.85321,-0.796656,NIC,HKG,6531
1228449,162,97,1048,2014.0,252613.0,130989.0,1.08881,1.320941,NLD,HKG,6531
1228450,163,97,1048,2014.0,3616.0,53436.0,0.678424,0.137871,NOR,HKG,6531
1228451,166,97,1048,2014.0,84179.0,157537.0,0.123649,0.26129,NZL,HKG,6531
1228452,167,97,1048,2014.0,0.0,6005.0,-0.7307060000000001,-1.060975,OMN,HKG,6531
1228453,168,97,1048,2014.0,2439632.0,411270.0,-0.595946,0.493716,PAK,HKG,6531
1228454,169,97,1048,2014.0,0.0,423816.0,0.8997200000000001,0.9699139999999999,PAN,HKG,6531
1228455,173,97,1048,2014.0,0.0,145800.0,-0.617883,0.427092,PER,HKG,6531
1228456,174,97,1048,2014.0,59585.0,3881153.0,0.835601,0.589322,PHL,HKG,6531
1228457,176,97,1048,2014.0,0.0,56091.0,-1.564344,-1.165548,PNG,HKG,6531
1228458,177,97,1048,2014.0,0.0,122295.0,1.1328690000000001,1.043185,POL,HKG,6531
1228459,179,97,1048,2014.0,263245.0,100420.0,0.763352,2.041559,PRT,HKG,6531
1228460,180,97,1048,2014.0,0.0,1507751.0,-0.612822,-0.8764139999999999,PRY,HKG,6531
1228461,181,97,1048,2014.0,0.0,27369.0,0.129971,0.775546,PSE,HKG,6531
1228462,183,97,1048,2014.0,0.0,62468.0,-0.5604899999999999,-0.989015,QAT,HKG,6531
1228463,185,97,1048,2014.0,750102.0,57407.0,1.0837940000000001,1.199571,ROU,HKG,6531
1228464,186,97,1048,2014.0,8580.0,933349.0,-0.006737000000000001,-0.172237,RUS,HKG,6531
1228465,188,97,1048,2014.0,0.0,4428.0,-0.188727,-0.8629459999999999,SAU,HKG,6531
1228466,191,97,1048,2014.0,0.0,26946.0,-0.509239,0.002353,SEN,HKG,6531
1228467,192,97,1048,2014.0,1162688.0,1024558.0,1.750361,0.63849,SGP,HKG,6531
1228468,197,97,1048,2014.0,0.0,186912.0,0.11639200000000001,0.368644,SLV,HKG,6531
1228469,201,97,1048,2014.0,0.0,5447.0,0.6017979999999999,1.328124,SRB,HKG,6531
1228470,207,97,1048,2014.0,65666.0,0.0,1.554693,0.633504,SVN,HKG,6531
1228471,208,97,1048,2014.0,582112.0,73073.0,1.7256330000000002,0.395804,SWE,HKG,6531
1228472,209,97,1048,2014.0,0.0,48481.0,0.383407,-0.064228,SWZ,HKG,6531
1228473,215,97,1048,2014.0,0.0,6789.0,-0.58937,-0.43368,TGO,HKG,6531
1228474,216,97,1048,2014.0,9811828.0,1102723.0,1.111392,1.3500370000000002,THA,HKG,6531
1228475,221,97,1048,2014.0,0.0,4627.0,-0.11423299999999999,-0.431381,TON,HKG,6531
1228476,222,97,1048,2014.0,0.0,5471.0,-0.582991,-1.055078,TTO,HKG,6531
1228477,223,97,1048,2014.0,0.0,228513.0,0.45973800000000004,0.9595459999999999,TUN,HKG,6531
1228478,224,97,1048,2014.0,3241296.0,165990.0,0.6641600000000001,2.091193,TUR,HKG,6531
1228479,226,97,1048,2014.0,0.0,1235.0,-0.909005,0.511175,TZA,HKG,6531
1228480,227,97,1048,2014.0,0.0,135926.0,-0.505738,0.49837200000000004,UGA,HKG,6531
1228481,228,97,1048,2014.0,0.0,111188.0,0.505369,1.07634,UKR,HKG,6531
1228482,230,97,1048,2014.0,56585.0,18877.0,0.155247,-0.091751,URY,HKG,6531
1228483,231,97,1048,2014.0,3124942.0,550668.0,1.569577,-0.293173,USA,HKG,6531
1228484,239,97,1048,2014.0,5840714.0,10380290.0,0.135762,1.182052,VNM,HKG,6531
1228485,246,97,1048,2014.0,10212.0,156469.0,0.156414,1.873848,ZAF,HKG,6531
1228486,247,97,1048,2014.0,0.0,12961.0,-0.506171,-0.680445,ZMB,HKG,6531
1228487,248,97,1048,2014.0,0.0,80115.0,-0.732781,-0.875713,ZWE,HKG,6531
1228488,249,97,1048,2014.0,195808592.0,640394.0,1.850481,1.081809,TWN,HKG,6531
1228489,250,97,1048,2014.0,0.0,31884.0,0.426964,0.138883,ANS,HKG,6531
1228490,39,99,1048,2014.0,84583.0,0.0,0.6145430000000001,1.1815360000000001,CAN,HND,6531
1228491,43,99,1048,2014.0,3268039.0,115242.0,1.316443,0.35039899999999996,CHN,HND,6531
1228492,49,99,1048,2014.0,5566.0,0.0,0.084348,-0.39008200000000004,COL,HND,6531
1228493,52,99,1048,2014.0,17961.0,146312.0,0.13936500000000002,-0.573277,CRI,HND,6531
1228494,61,99,1048,2014.0,3618.0,0.0,2.106119,-3.225189,DEU,HND,6531
1228495,65,99,1048,2014.0,2669.0,2435.0,-0.076532,0.472746,DOM,HND,6531
1228496,71,99,1048,2014.0,160129.0,8725.0,0.9574159999999999,1.787233,ESP,HND,6531
1228497,93,99,1048,2014.0,4370762.0,111093.0,-0.24762199999999998,0.536379,GTM,HND,6531
1228498,97,99,1048,2014.0,9099.0,0.0,0.9198440000000001,1.257131,HKG,HND,6531
1228499,104,99,1048,2014.0,333080.0,0.0,0.236316,2.659173,IND,HND,6531
1228500,110,99,1048,2014.0,6665.0,0.0,0.9753860000000001,0.810342,ISR,HND,6531
1228501,111,99,1048,2014.0,43497.0,0.0,1.476328,-0.293302,ITA,HND,6531
1228502,121,99,1048,2014.0,66059.0,0.0,1.9642650000000001,0.86425,KOR,HND,6531
1228503,138,99,1048,2014.0,921579.0,23996.0,1.292327,0.713879,MEX,HND,6531
1228504,153,99,1048,2014.0,3563.0,0.0,0.995226,0.7797810000000001,MYS,HND,6531
1228505,168,99,1048,2014.0,431540.0,0.0,-0.595946,0.493716,PAK,HND,6531
1228506,169,99,1048,2014.0,5089770.0,82494.0,0.8997200000000001,0.9699139999999999,PAN,HND,6531
1228507,197,99,1048,2014.0,1801593.0,0.0,0.11639200000000001,0.368644,SLV,HND,6531
1228508,216,99,1048,2014.0,649568.0,0.0,1.111392,1.3500370000000002,THA,HND,6531
1228509,231,99,1048,2014.0,27745698.0,7446.0,1.569577,-0.293173,USA,HND,6531
1228510,246,99,1048,2014.0,41980.0,0.0,0.156414,1.873848,ZAF,HND,6531
1228511,249,99,1048,2014.0,1832625.0,0.0,1.850481,1.081809,TWN,HND,6531
1228512,250,99,1048,2014.0,9081.0,0.0,0.426964,0.138883,ANS,HND,6531
1228513,4,102,1048,2014.0,0.0,102576.0,-0.44000200000000006,-0.168443,ALB,HUN,6531
1228514,7,102,1048,2014.0,11259.0,296850.0,-0.121018,-0.51841,ARE,HUN,6531
1228515,15,102,1048,2014.0,2700460.0,1368020.0,1.782532,-0.84455,AUT,HUN,6531
1228516,18,102,1048,2014.0,2518566.0,10203111.0,1.182934,1.1967139999999998,BEL,HUN,6531
1228517,23,102,1048,2014.0,38558.0,776820.0,0.611912,1.594597,BGR,HUN,6531
1228518,26,102,1048,2014.0,13368.0,73429.0,0.737556,0.9815530000000001,BIH,HUN,6531
1228519,28,102,1048,2014.0,195959.0,172430.0,0.929114,0.7313069999999999,BLR,HUN,6531
1228520,32,102,1048,2014.0,4860.0,0.0,0.23286700000000002,0.968366,BRA,HUN,6531
1228521,37,102,1048,2014.0,0.0,1540.0,-0.7467630000000001,-1.1369690000000001,BWA,HUN,6531
1228522,39,102,1048,2014.0,12677.0,93337.0,0.6145430000000001,1.1815360000000001,CAN,HUN,6531
1228523,41,102,1048,2014.0,512271.0,467346.0,2.027022,0.780257,CHE,HUN,6531
1228524,43,102,1048,2014.0,6601913.0,63378.0,1.316443,0.35039899999999996,CHN,HUN,6531
1228525,58,102,1048,2014.0,25341.0,0.0,0.476854,0.572103,CYP,HUN,6531
1228526,59,102,1048,2014.0,1510830.0,513502.0,1.761204,-0.148263,CZE,HUN,6531
1228527,61,102,1048,2014.0,14636365.0,18824756.0,2.106119,-3.225189,DEU,HUN,6531
1228528,64,102,1048,2014.0,173616.0,877390.0,1.15411,1.160462,DNK,HUN,6531
1228529,68,102,1048,2014.0,1213.0,1422270.0,-0.036009,2.027503,EGY,HUN,6531
1228530,71,102,1048,2014.0,1568032.0,17005542.0,0.9574159999999999,1.787233,ESP,HUN,6531
1228531,72,102,1048,2014.0,3298.0,95708.0,1.022704,1.175645,EST,HUN,6531
1228532,74,102,1048,2014.0,5845.0,0.0,1.591758,0.9737819999999999,FIN,HUN,6531
1228533,77,102,1048,2014.0,2766745.0,8158623.0,1.432323,0.43023,FRA,HUN,6531
1228534,81,102,1048,2014.0,2351538.0,789407.0,1.542804,0.915499,GBR,HUN,6531
1228535,90,102,1048,2014.0,368623.0,200459.0,0.064193,0.955633,GRC,HUN,6531
1228536,97,102,1048,2014.0,37155.0,0.0,0.9198440000000001,1.257131,HKG,HUN,6531
1228537,100,102,1048,2014.0,220678.0,1195108.0,0.8627809999999999,1.3475549999999998,HRV,HUN,6531
1228538,103,102,1048,2014.0,51704.0,41744.0,0.068135,1.672437,IDN,HUN,6531
1228539,104,102,1048,2014.0,338215.0,202738.0,0.236316,2.659173,IND,HUN,6531
1228540,106,102,1048,2014.0,2399.0,0.0,1.3749790000000002,0.41131899999999993,IRL,HUN,6531
1228541,110,102,1048,2014.0,2755.0,0.0,0.9753860000000001,0.810342,ISR,HUN,6531
1228542,111,102,1048,2014.0,16506040.0,14556264.0,1.476328,-0.293302,ITA,HUN,6531
1228543,113,102,1048,2014.0,0.0,56712.0,0.23508800000000002,0.47597,JOR,HUN,6531
1228544,114,102,1048,2014.0,696337.0,20665.0,2.297789,-0.58585,JPN,HUN,6531
1228545,115,102,1048,2014.0,0.0,3589.0,-0.503438,-0.5477850000000001,KAZ,HUN,6531
1228546,116,102,1048,2014.0,0.0,1966.0,-0.411786,0.219875,KEN,HUN,6531
1228547,121,102,1048,2014.0,13786573.0,229766.0,1.9642650000000001,0.86425,KOR,HUN,6531
1228548,126,102,1048,2014.0,0.0,1762261.0,-1.539253,-1.159929,LBY,HUN,6531
1228549,128,102,1048,2014.0,0.0,5021.0,-0.30641399999999996,0.29736799999999997,LKA,HUN,6531
1228550,130,102,1048,2014.0,59224.0,242390.0,0.679488,1.558981,LTU,HUN,6531
1228551,131,102,1048,2014.0,1556201.0,0.0,1.093816,1.270669,LUX,HUN,6531
1228552,132,102,1048,2014.0,0.0,26211.0,0.6501,1.35321,LVA,HUN,6531
1228553,134,102,1048,2014.0,0.0,6359.0,-0.429457,0.039947,MAR,HUN,6531
1228554,135,102,1048,2014.0,0.0,591968.0,0.031916,0.24264499999999997,MDA,HUN,6531
1228555,140,102,1048,2014.0,0.0,3121735.0,-0.216313,-0.214403,MKD,HUN,6531
1228556,144,102,1048,2014.0,0.0,35589.0,-0.007741,0.018085,MNE,HUN,6531
1228557,151,102,1048,2014.0,0.0,28956.0,-0.055786,-0.1488,MUS,HUN,6531
1228558,153,102,1048,2014.0,76381.0,0.0,0.995226,0.7797810000000001,MYS,HUN,6531
1228559,162,102,1048,2014.0,879056.0,8522957.0,1.08881,1.320941,NLD,HUN,6531
1228560,163,102,1048,2014.0,0.0,2858.0,0.678424,0.137871,NOR,HUN,6531
1228561,168,102,1048,2014.0,28550.0,217686.0,-0.595946,0.493716,PAK,HUN,6531
1228562,177,102,1048,2014.0,13993592.0,3615570.0,1.1328690000000001,1.043185,POL,HUN,6531
1228563,179,102,1048,2014.0,7019.0,46317.0,0.763352,2.041559,PRT,HUN,6531
1228564,183,102,1048,2014.0,0.0,7850.0,-0.5604899999999999,-0.989015,QAT,HUN,6531
1228565,185,102,1048,2014.0,642348.0,18661090.0,1.0837940000000001,1.199571,ROU,HUN,6531
1228566,186,102,1048,2014.0,0.0,124125.0,-0.006737000000000001,-0.172237,RUS,HUN,6531
1228567,188,102,1048,2014.0,0.0,28301.0,-0.188727,-0.8629459999999999,SAU,HUN,6531
1228568,192,102,1048,2014.0,0.0,5530.0,1.750361,0.63849,SGP,HUN,6531
1228569,201,102,1048,2014.0,68951.0,4348590.0,0.6017979999999999,1.328124,SRB,HUN,6531
1228570,206,102,1048,2014.0,193842.0,1217177.0,1.525525,0.773486,SVK,HUN,6531
1228571,207,102,1048,2014.0,548507.0,270773.0,1.554693,0.633504,SVN,HUN,6531
1228572,208,102,1048,2014.0,30422.0,0.0,1.7256330000000002,0.395804,SWE,HUN,6531
1228573,216,102,1048,2014.0,6587.0,156557.0,1.111392,1.3500370000000002,THA,HUN,6531
1228574,223,102,1048,2014.0,0.0,49764.0,0.45973800000000004,0.9595459999999999,TUN,HUN,6531
1228575,224,102,1048,2014.0,15245082.0,1516394.0,0.6641600000000001,2.091193,TUR,HUN,6531
1228576,228,102,1048,2014.0,68439.0,5429092.0,0.505369,1.07634,UKR,HUN,6531
1228577,231,102,1048,2014.0,54645.0,6852.0,1.569577,-0.293173,USA,HUN,6531
1228578,239,102,1048,2014.0,2672.0,0.0,0.135762,1.182052,VNM,HUN,6531
1228579,246,102,1048,2014.0,0.0,255543.0,0.156414,1.873848,ZAF,HUN,6531
1228580,249,102,1048,2014.0,1624978.0,0.0,1.850481,1.081809,TWN,HUN,6531
1228581,3,103,1048,2014.0,276920.0,0.0,0.610545,-0.394815,AIA,IDN,6531
1228582,7,103,1048,2014.0,946609.0,170658928.0,-0.121018,-0.51841,ARE,IDN,6531
1228583,8,103,1048,2014.0,0.0,142740.0,-0.047848,0.48062,ARG,IDN,6531
1228584,9,103,1048,2014.0,0.0,19714.0,-0.143991,-0.5265890000000001,ARM,IDN,6531
1228585,10,103,1048,2014.0,16698.0,0.0,0.9157930000000001,0.025742,ASM,IDN,6531
1228586,13,103,1048,2014.0,0.0,51513.0,0.048253,-0.618061,ATG,IDN,6531
1228587,14,103,1048,2014.0,96122.0,4957899.0,-0.587779,-0.29813,AUS,IDN,6531
1228588,15,103,1048,2014.0,5098.0,1536.0,1.782532,-0.84455,AUT,IDN,6531
1228589,17,103,1048,2014.0,0.0,2287.0,-0.13325599999999999,-0.853491,BDI,IDN,6531
1228590,18,103,1048,2014.0,407484.0,656004.0,1.182934,1.1967139999999998,BEL,IDN,6531
1228591,19,103,1048,2014.0,0.0,59307.0,-0.461501,-0.7216819999999999,BEN,IDN,6531
1228592,22,103,1048,2014.0,1340.0,1183911.0,-0.76547,-0.9645469999999999,BGD,IDN,6531
1228593,23,103,1048,2014.0,0.0,142473.0,0.611912,1.594597,BGR,IDN,6531
1228594,24,103,1048,2014.0,0.0,1079058.0,0.087173,-0.542374,BHR,IDN,6531
1228595,26,103,1048,2014.0,0.0,14402.0,0.737556,0.9815530000000001,BIH,IDN,6531
1228596,28,103,1048,2014.0,0.0,12047.0,0.929114,0.7313069999999999,BLR,IDN,6531
1228597,29,103,1048,2014.0,2290.0,0.0,-0.15501700000000002,-0.507759,BLZ,IDN,6531
1228598,31,103,1048,2014.0,0.0,2413.0,-1.200516,-1.052286,BOL,IDN,6531
1228599,32,103,1048,2014.0,0.0,3121516.0,0.23286700000000002,0.968366,BRA,IDN,6531
1228600,34,103,1048,2014.0,0.0,877266.0,-0.866534,-0.764166,BRN,IDN,6531
1228601,39,103,1048,2014.0,71296.0,2851242.0,0.6145430000000001,1.1815360000000001,CAN,IDN,6531
1228602,41,103,1048,2014.0,408887.0,26210.0,2.027022,0.780257,CHE,IDN,6531
1228603,42,103,1048,2014.0,0.0,1495187.0,-0.196236,-0.162428,CHL,IDN,6531
1228604,43,103,1048,2014.0,572731584.0,14859468.0,1.316443,0.35039899999999996,CHN,IDN,6531
1228605,44,103,1048,2014.0,0.0,436882.0,-0.854784,-0.781877,CIV,IDN,6531
1228606,45,103,1048,2014.0,0.0,333077.0,-0.726413,-0.927583,CMR,IDN,6531
1228607,49,103,1048,2014.0,0.0,2093938.0,0.084348,-0.39008200000000004,COL,IDN,6531
1228608,58,103,1048,2014.0,0.0,18102.0,0.476854,0.572103,CYP,IDN,6531
1228609,59,103,1048,2014.0,0.0,1414.0,1.761204,-0.148263,CZE,IDN,6531
1228610,61,103,1048,2014.0,1977261.0,3173164.0,2.106119,-3.225189,DEU,IDN,6531
1228611,63,103,1048,2014.0,0.0,5747.0,0.32613600000000004,-0.09935,DMA,IDN,6531
1228612,66,103,1048,2014.0,0.0,173103.0,-1.427966,-1.1216760000000001,DZA,IDN,6531
1228613,67,103,1048,2014.0,0.0,647173.0,-1.0520559999999999,-1.109638,ECU,IDN,6531
1228614,68,103,1048,2014.0,0.0,5389603.0,-0.036009,2.027503,EGY,IDN,6531
1228615,71,103,1048,2014.0,292186.0,5750906.0,0.9574159999999999,1.787233,ESP,IDN,6531
1228616,72,103,1048,2014.0,0.0,23458.0,1.022704,1.175645,EST,IDN,6531
1228617,73,103,1048,2014.0,0.0,1143038.0,-1.147242,-0.986643,ETH,IDN,6531
1228618,74,103,1048,2014.0,0.0,391927.0,1.591758,0.9737819999999999,FIN,IDN,6531
1228619,75,103,1048,2014.0,0.0,415727.0,-0.20919699999999997,0.095276,FJI,IDN,6531
1228620,77,103,1048,2014.0,742709.0,1158633.0,1.432323,0.43023,FRA,IDN,6531
1228621,79,103,1048,2014.0,0.0,178244.0,-0.32612800000000003,-0.8335809999999999,FSM,IDN,6531
1228622,81,103,1048,2014.0,1095229.0,1914634.0,1.542804,0.915499,GBR,IDN,6531
1228623,83,103,1048,2014.0,0.0,54221.0,-1.1140299999999999,-1.0711700000000002,GHA,IDN,6531
1228624,90,103,1048,2014.0,0.0,1118294.0,0.064193,0.955633,GRC,IDN,6531
1228625,93,103,1048,2014.0,0.0,19788.0,-0.24762199999999998,0.536379,GTM,IDN,6531
1228626,97,103,1048,2014.0,46319892.0,1295704.0,0.9198440000000001,1.257131,HKG,IDN,6531
1228627,100,103,1048,2014.0,0.0,18866.0,0.8627809999999999,1.3475549999999998,HRV,IDN,6531
1228628,102,103,1048,2014.0,41744.0,51704.0,1.713536,0.5681729999999999,HUN,IDN,6531
1228629,104,103,1048,2014.0,16292389.0,18416818.0,0.236316,2.659173,IND,IDN,6531
1228630,107,103,1048,2014.0,0.0,2147158.0,-0.47744899999999996,-0.429676,IRN,IDN,6531
1228631,111,103,1048,2014.0,693367.0,1708644.0,1.476328,-0.293302,ITA,IDN,6531
1228632,112,103,1048,2014.0,0.0,1565.0,-0.390841,-0.804425,JAM,IDN,6531
1228633,113,103,1048,2014.0,0.0,5911706.0,0.23508800000000002,0.47597,JOR,IDN,6531
1228634,114,103,1048,2014.0,23835324.0,49270220.0,2.297789,-0.58585,JPN,IDN,6531
1228635,116,103,1048,2014.0,0.0,6298466.0,-0.411786,0.219875,KEN,IDN,6531
1228636,117,103,1048,2014.0,15809.0,0.0,-0.11451099999999999,0.358754,KGZ,IDN,6531
1228637,118,103,1048,2014.0,189897.0,377335.0,-0.5871430000000001,-0.7545850000000001,KHM,IDN,6531
1228638,121,103,1048,2014.0,139685152.0,23218526.0,1.9642650000000001,0.86425,KOR,IDN,6531
1228639,122,103,1048,2014.0,0.0,4098796.0,-1.2601069999999999,-1.0929360000000001,KWT,IDN,6531
1228640,124,103,1048,2014.0,0.0,2001251.0,0.32006799999999996,1.666039,LBN,IDN,6531
1228641,126,103,1048,2014.0,0.0,896338.0,-1.539253,-1.159929,LBY,IDN,6531
1228642,128,103,1048,2014.0,168683.0,2942929.0,-0.30641399999999996,0.29736799999999997,LKA,IDN,6531
1228643,130,103,1048,2014.0,0.0,25438.0,0.679488,1.558981,LTU,IDN,6531
1228644,132,103,1048,2014.0,0.0,5103.0,0.6501,1.35321,LVA,IDN,6531
1228645,133,103,1048,2014.0,1235.0,0.0,0.781301,0.522065,MAC,IDN,6531
1228646,134,103,1048,2014.0,44703.0,231619.0,-0.429457,0.039947,MAR,IDN,6531
1228647,136,103,1048,2014.0,0.0,2997.0,-0.690485,-0.5090020000000001,MDG,IDN,6531
1228648,137,103,1048,2014.0,0.0,170405.0,-0.6189939999999999,-0.880108,MDV,IDN,6531
1228649,138,103,1048,2014.0,0.0,6512627.0,1.292327,0.713879,MEX,IDN,6531
1228650,140,103,1048,2014.0,0.0,13301.0,-0.216313,-0.214403,MKD,IDN,6531
1228651,142,103,1048,2014.0,0.0,6481.0,0.8871379999999999,0.088535,MLT,IDN,6531
1228652,143,103,1048,2014.0,3456.0,431043.0,-1.350593,-1.1112229999999998,MMR,IDN,6531
1228653,145,103,1048,2014.0,0.0,30991.0,-1.368502,-1.17111,MNG,IDN,6531
1228654,151,103,1048,2014.0,0.0,260820.0,-0.055786,-0.1488,MUS,IDN,6531
1228655,153,103,1048,2014.0,1691476.0,56069356.0,0.995226,0.7797810000000001,MYS,IDN,6531
1228656,159,103,1048,2014.0,0.0,182401.0,-1.9012419999999999,-1.229264,NGA,IDN,6531
1228657,160,103,1048,2014.0,0.0,26213.0,-0.85321,-0.796656,NIC,IDN,6531
1228658,162,103,1048,2014.0,52187.0,3156308.0,1.08881,1.320941,NLD,IDN,6531
1228659,163,103,1048,2014.0,0.0,2755.0,0.678424,0.137871,NOR,IDN,6531
1228660,164,103,1048,2014.0,0.0,31565.0,-0.083094,0.349348,NPL,IDN,6531
1228661,166,103,1048,2014.0,30814.0,850990.0,0.123649,0.26129,NZL,IDN,6531
1228662,167,103,1048,2014.0,0.0,958807.0,-0.7307060000000001,-1.060975,OMN,IDN,6531
1228663,168,103,1048,2014.0,462603.0,1515479.0,-0.595946,0.493716,PAK,IDN,6531
1228664,169,103,1048,2014.0,0.0,3046662.0,0.8997200000000001,0.9699139999999999,PAN,IDN,6531
1228665,173,103,1048,2014.0,0.0,1888878.0,-0.617883,0.427092,PER,IDN,6531
1228666,174,103,1048,2014.0,15139.0,5567723.0,0.835601,0.589322,PHL,IDN,6531
1228667,176,103,1048,2014.0,0.0,2629929.0,-1.564344,-1.165548,PNG,IDN,6531
1228668,177,103,1048,2014.0,0.0,4970380.0,1.1328690000000001,1.043185,POL,IDN,6531
1228669,179,103,1048,2014.0,5957.0,165802.0,0.763352,2.041559,PRT,IDN,6531
1228670,180,103,1048,2014.0,0.0,40917.0,-0.612822,-0.8764139999999999,PRY,IDN,6531
1228671,182,103,1048,2014.0,0.0,2512.0,-0.187778,-0.7217060000000001,PYF,IDN,6531
1228672,183,103,1048,2014.0,0.0,462534.0,-0.5604899999999999,-0.989015,QAT,IDN,6531
1228673,185,103,1048,2014.0,2442.0,153878.0,1.0837940000000001,1.199571,ROU,IDN,6531
1228674,186,103,1048,2014.0,0.0,187708.0,-0.006737000000000001,-0.172237,RUS,IDN,6531
1228675,188,103,1048,2014.0,1813036.0,36296452.0,-0.188727,-0.8629459999999999,SAU,IDN,6531
1228676,190,103,1048,2014.0,0.0,1437931.0,-1.473904,-1.154731,SDN,IDN,6531
1228677,192,103,1048,2014.0,6820924.0,6923388.0,1.750361,0.63849,SGP,IDN,6531
1228678,197,103,1048,2014.0,0.0,330374.0,0.11639200000000001,0.368644,SLV,IDN,6531
1228679,199,103,1048,2014.0,0.0,3345058.0,-1.295756,-1.0475940000000001,SOM,IDN,6531
1228680,201,103,1048,2014.0,0.0,2838.0,0.6017979999999999,1.328124,SRB,IDN,6531
1228681,205,103,1048,2014.0,0.0,129531.0,-0.278229,-0.9962840000000001,SUR,IDN,6531
1228682,206,103,1048,2014.0,0.0,8982.0,1.525525,0.773486,SVK,IDN,6531
1228683,208,103,1048,2014.0,1830.0,0.0,1.7256330000000002,0.395804,SWE,IDN,6531
1228684,212,103,1048,2014.0,0.0,376416.0,-0.22825,0.803708,SYR,IDN,6531
1228685,216,103,1048,2014.0,33929384.0,24356160.0,1.111392,1.3500370000000002,THA,IDN,6531
1228686,220,103,1048,2014.0,0.0,1585.0,-0.885545,-0.876229,TLS,IDN,6531
1228687,223,103,1048,2014.0,14489.0,982619.0,0.45973800000000004,0.9595459999999999,TUN,IDN,6531
1228688,224,103,1048,2014.0,1142094.0,182823440.0,0.6641600000000001,2.091193,TUR,IDN,6531
1228689,226,103,1048,2014.0,0.0,202138.0,-0.909005,0.511175,TZA,IDN,6531
1228690,227,103,1048,2014.0,0.0,84005.0,-0.505738,0.49837200000000004,UGA,IDN,6531
1228691,228,103,1048,2014.0,0.0,766211.0,0.505369,1.07634,UKR,IDN,6531
1228692,230,103,1048,2014.0,0.0,521992.0,0.155247,-0.091751,URY,IDN,6531
1228693,231,103,1048,2014.0,3347033.0,5661882.0,1.569577,-0.293173,USA,IDN,6531
1228694,237,103,1048,2014.0,30646.0,0.0,0.48387299999999994,0.0534,VGB,IDN,6531
1228695,239,103,1048,2014.0,23935600.0,7210912.0,0.135762,1.182052,VNM,IDN,6531
1228696,243,103,1048,2014.0,0.0,1467719.0,-1.178492,-1.2530629999999998,YEM,IDN,6531
1228697,246,103,1048,2014.0,4490.0,5758835.0,0.156414,1.873848,ZAF,IDN,6531
1228698,248,103,1048,2014.0,0.0,209397.0,-0.732781,-0.875713,ZWE,IDN,6531
1228699,249,103,1048,2014.0,125036528.0,6718836.0,1.850481,1.081809,TWN,IDN,6531
1228700,1,104,1048,2014.0,0.0,144181376.0,-0.9800639999999999,-0.8281790000000001,AFG,IND,6531
1228701,2,104,1048,2014.0,0.0,1609943.0,-1.547068,-1.121438,AGO,IND,6531
1228702,7,104,1048,2014.0,2082725.0,260474544.0,-0.121018,-0.51841,ARE,IND,6531
1228703,8,104,1048,2014.0,0.0,1145543.0,-0.047848,0.48062,ARG,IND,6531
1228704,9,104,1048,2014.0,0.0,2060.0,-0.143991,-0.5265890000000001,ARM,IND,6531
1228705,14,104,1048,2014.0,143791.0,5396543.0,-0.587779,-0.29813,AUS,IND,6531
1228706,15,104,1048,2014.0,204722.0,196691.0,1.782532,-0.84455,AUT,IND,6531
1228707,16,104,1048,2014.0,0.0,188844.0,-1.230795,-1.237163,AZE,IND,6531
1228708,17,104,1048,2014.0,0.0,99111.0,-0.13325599999999999,-0.853491,BDI,IND,6531
1228709,18,104,1048,2014.0,1444345.0,10325733.0,1.182934,1.1967139999999998,BEL,IND,6531
1228710,19,104,1048,2014.0,0.0,15703813.0,-0.461501,-0.7216819999999999,BEN,IND,6531
1228711,21,104,1048,2014.0,0.0,2580350.0,-0.7933279999999999,-0.872791,BFA,IND,6531
1228712,22,104,1048,2014.0,41804.0,30063308.0,-0.76547,-0.9645469999999999,BGD,IND,6531
1228713,23,104,1048,2014.0,0.0,789518.0,0.611912,1.594597,BGR,IND,6531
1228714,24,104,1048,2014.0,0.0,2180191.0,0.087173,-0.542374,BHR,IND,6531
1228715,26,104,1048,2014.0,0.0,9934.0,0.737556,0.9815530000000001,BIH,IND,6531
1228716,28,104,1048,2014.0,54924.0,2296.0,0.929114,0.7313069999999999,BLR,IND,6531
1228717,32,104,1048,2014.0,57704.0,3059749.0,0.23286700000000002,0.968366,BRA,IND,6531
1228718,34,104,1048,2014.0,0.0,459992.0,-0.866534,-0.764166,BRN,IND,6531
1228719,39,104,1048,2014.0,24246.0,11472324.0,0.6145430000000001,1.1815360000000001,CAN,IND,6531
1228720,41,104,1048,2014.0,111486.0,964470.0,2.027022,0.780257,CHE,IND,6531
1228721,42,104,1048,2014.0,0.0,923171.0,-0.196236,-0.162428,CHL,IND,6531
1228722,43,104,1048,2014.0,307743360.0,20178216.0,1.316443,0.35039899999999996,CHN,IND,6531
1228723,44,104,1048,2014.0,0.0,1935781.0,-0.854784,-0.781877,CIV,IND,6531
1228724,45,104,1048,2014.0,0.0,1206184.0,-0.726413,-0.927583,CMR,IND,6531
1228725,46,104,1048,2014.0,0.0,5249108.0,-1.596912,-1.1239940000000002,COD,IND,6531
1228726,47,104,1048,2014.0,0.0,1180312.0,-1.359593,-1.101705,COG,IND,6531
1228727,49,104,1048,2014.0,80106.0,2695921.0,0.084348,-0.39008200000000004,COL,IND,6531
1228728,50,104,1048,2014.0,0.0,25123.0,0.21706399999999998,-0.6920810000000001,COM,IND,6531
1228729,52,104,1048,2014.0,0.0,20693.0,0.13936500000000002,-0.573277,CRI,IND,6531
1228730,55,104,1048,2014.0,0.0,12816.0,0.094776,-0.738603,CUW,IND,6531
1228731,58,104,1048,2014.0,0.0,2979.0,0.476854,0.572103,CYP,IND,6531
1228732,59,104,1048,2014.0,353856.0,1619628.0,1.761204,-0.148263,CZE,IND,6531
1228733,61,104,1048,2014.0,1324022.0,6175102.0,2.106119,-3.225189,DEU,IND,6531
1228734,62,104,1048,2014.0,0.0,1299488.0,-0.552959,-0.840274,DJI,IND,6531
1228735,63,104,1048,2014.0,0.0,12526.0,0.32613600000000004,-0.09935,DMA,IND,6531
1228736,64,104,1048,2014.0,72550.0,219352.0,1.15411,1.160462,DNK,IND,6531
1228737,65,104,1048,2014.0,0.0,124135.0,-0.076532,0.472746,DOM,IND,6531
1228738,66,104,1048,2014.0,0.0,2357770.0,-1.427966,-1.1216760000000001,DZA,IND,6531
1228739,67,104,1048,2014.0,0.0,1356934.0,-1.0520559999999999,-1.109638,ECU,IND,6531
1228740,68,104,1048,2014.0,4141476.0,5520180.0,-0.036009,2.027503,EGY,IND,6531
1228741,69,104,1048,2014.0,0.0,241103.0,-1.8750509999999998,-1.1314790000000001,ERI,IND,6531
1228742,71,104,1048,2014.0,1212733.0,9221808.0,0.9574159999999999,1.787233,ESP,IND,6531
1228743,72,104,1048,2014.0,0.0,75313.0,1.022704,1.175645,EST,IND,6531
1228744,73,104,1048,2014.0,0.0,1179502.0,-1.147242,-0.986643,ETH,IND,6531
1228745,74,104,1048,2014.0,0.0,211320.0,1.591758,0.9737819999999999,FIN,IND,6531
1228746,75,104,1048,2014.0,0.0,3176954.0,-0.20919699999999997,0.095276,FJI,IND,6531
1228747,77,104,1048,2014.0,757489.0,6032288.0,1.432323,0.43023,FRA,IND,6531
1228748,79,104,1048,2014.0,0.0,7304.0,-0.32612800000000003,-0.8335809999999999,FSM,IND,6531
1228749,80,104,1048,2014.0,0.0,6570.0,-1.354381,-1.100019,GAB,IND,6531
1228750,81,104,1048,2014.0,1114373.0,37916356.0,1.542804,0.915499,GBR,IND,6531
1228751,82,104,1048,2014.0,0.0,237622.0,-0.23090300000000002,-0.510401,GEO,IND,6531
1228752,83,104,1048,2014.0,0.0,5138468.0,-1.1140299999999999,-1.0711700000000002,GHA,IND,6531
1228753,85,104,1048,2014.0,0.0,910956.0,-1.7494900000000002,-1.224512,GIN,IND,6531
1228754,87,104,1048,2014.0,0.0,5884236.0,-0.79725,-0.8249059999999999,GMB,IND,6531
1228755,90,104,1048,2014.0,20470.0,997957.0,0.064193,0.955633,GRC,IND,6531
1228756,93,104,1048,2014.0,0.0,1132385.0,-0.24762199999999998,0.536379,GTM,IND,6531
1228757,96,104,1048,2014.0,0.0,100485.0,-0.88674,-1.048691,GUY,IND,6531
1228758,97,104,1048,2014.0,4010690.0,2028582.0,0.9198440000000001,1.257131,HKG,IND,6531
1228759,99,104,1048,2014.0,0.0,333080.0,-0.372433,0.036463,HND,IND,6531
1228760,100,104,1048,2014.0,0.0,109474.0,0.8627809999999999,1.3475549999999998,HRV,IND,6531
1228761,101,104,1048,2014.0,0.0,52564.0,-0.894977,-1.0674379999999999,HTI,IND,6531
1228762,102,104,1048,2014.0,202738.0,338215.0,1.713536,0.5681729999999999,HUN,IND,6531
1228763,103,104,1048,2014.0,18416818.0,16292389.0,0.068135,1.672437,IDN,IND,6531
1228764,106,104,1048,2014.0,0.0,279140.0,1.3749790000000002,0.41131899999999993,IRL,IND,6531
1228765,107,104,1048,2014.0,0.0,26271822.0,-0.47744899999999996,-0.429676,IRN,IND,6531
1228766,108,104,1048,2014.0,0.0,358788.0,-3.04704,-0.9082290000000001,IRQ,IND,6531
1228767,109,104,1048,2014.0,0.0,1218.0,0.130097,-0.313819,ISL,IND,6531
1228768,110,104,1048,2014.0,184915.0,707201.0,0.9753860000000001,0.810342,ISR,IND,6531
1228769,111,104,1048,2014.0,1637350.0,4591760.0,1.476328,-0.293302,ITA,IND,6531
1228770,112,104,1048,2014.0,0.0,253245.0,-0.390841,-0.804425,JAM,IND,6531
1228771,113,104,1048,2014.0,16174.0,398616.0,0.23508800000000002,0.47597,JOR,IND,6531
1228772,114,104,1048,2014.0,2306971.0,9421880.0,2.297789,-0.58585,JPN,IND,6531
1228773,115,104,1048,2014.0,0.0,3570408.0,-0.503438,-0.5477850000000001,KAZ,IND,6531
1228774,116,104,1048,2014.0,1108.0,9385426.0,-0.411786,0.219875,KEN,IND,6531
1228775,117,104,1048,2014.0,0.0,1086330.0,-0.11451099999999999,0.358754,KGZ,IND,6531
1228776,118,104,1048,2014.0,6624.0,726943.0,-0.5871430000000001,-0.7545850000000001,KHM,IND,6531
1228777,121,104,1048,2014.0,20265956.0,446119.0,1.9642650000000001,0.86425,KOR,IND,6531
1228778,122,104,1048,2014.0,0.0,12478355.0,-1.2601069999999999,-1.0929360000000001,KWT,IND,6531
1228779,124,104,1048,2014.0,0.0,504243.0,0.32006799999999996,1.666039,LBN,IND,6531
1228780,125,104,1048,2014.0,0.0,368296.0,-1.191134,-1.076719,LBR,IND,6531
1228781,126,104,1048,2014.0,0.0,202424.0,-1.539253,-1.159929,LBY,IND,6531
1228782,127,104,1048,2014.0,0.0,20175.0,0.636416,-0.464264,LCA,IND,6531
1228783,128,104,1048,2014.0,278658.0,50346804.0,-0.30641399999999996,0.29736799999999997,LKA,IND,6531
1228784,129,104,1048,2014.0,0.0,547261.0,-0.586123,-0.728193,LSO,IND,6531
1228785,130,104,1048,2014.0,0.0,2756205.0,0.679488,1.558981,LTU,IND,6531
1228786,131,104,1048,2014.0,152039.0,2970.0,1.093816,1.270669,LUX,IND,6531
1228787,132,104,1048,2014.0,0.0,588079.0,0.6501,1.35321,LVA,IND,6531
1228788,134,104,1048,2014.0,0.0,4186190.0,-0.429457,0.039947,MAR,IND,6531
1228789,135,104,1048,2014.0,0.0,5784.0,0.031916,0.24264499999999997,MDA,IND,6531
1228790,136,104,1048,2014.0,0.0,6060174.0,-0.690485,-0.5090020000000001,MDG,IND,6531
1228791,137,104,1048,2014.0,0.0,372950.0,-0.6189939999999999,-0.880108,MDV,IND,6531
1228792,138,104,1048,2014.0,116653.0,8693316.0,1.292327,0.713879,MEX,IND,6531
1228793,140,104,1048,2014.0,0.0,12830.0,-0.216313,-0.214403,MKD,IND,6531
1228794,141,104,1048,2014.0,0.0,5698177.0,-1.027153,-1.0197370000000001,MLI,IND,6531
1228795,142,104,1048,2014.0,2929.0,80739.0,0.8871379999999999,0.088535,MLT,IND,6531
1228796,143,104,1048,2014.0,0.0,1621067.0,-1.350593,-1.1112229999999998,MMR,IND,6531
1228797,144,104,1048,2014.0,0.0,1284.0,-0.007741,0.018085,MNE,IND,6531
1228798,145,104,1048,2014.0,0.0,30558.0,-1.368502,-1.17111,MNG,IND,6531
1228799,147,104,1048,2014.0,0.0,10237237.0,-1.03106,-0.9325260000000001,MOZ,IND,6531
1228800,148,104,1048,2014.0,0.0,398824.0,-1.425856,-1.213441,MRT,IND,6531
1228801,151,104,1048,2014.0,4243.0,7058144.0,-0.055786,-0.1488,MUS,IND,6531
1228802,152,104,1048,2014.0,0.0,325025.0,-0.457027,-0.588539,MWI,IND,6531
1228803,153,104,1048,2014.0,6100118.0,48953936.0,0.995226,0.7797810000000001,MYS,IND,6531
1228804,155,104,1048,2014.0,0.0,104493.0,-0.5218020000000001,-0.502617,NAM,IND,6531
1228805,156,104,1048,2014.0,0.0,21057.0,-0.201994,-0.723618,NCL,IND,6531
1228806,157,104,1048,2014.0,0.0,2035484.0,-0.709151,-0.869426,NER,IND,6531
1228807,159,104,1048,2014.0,0.0,19395470.0,-1.9012419999999999,-1.229264,NGA,IND,6531
1228808,160,104,1048,2014.0,0.0,849574.0,-0.85321,-0.796656,NIC,IND,6531
1228809,162,104,1048,2014.0,404568.0,1862966.0,1.08881,1.320941,NLD,IND,6531
1228810,163,104,1048,2014.0,1162.0,49123.0,0.678424,0.137871,NOR,IND,6531
1228811,164,104,1048,2014.0,46637388.0,151873.0,-0.083094,0.349348,NPL,IND,6531
1228812,166,104,1048,2014.0,13671.0,3143906.0,0.123649,0.26129,NZL,IND,6531
1228813,167,104,1048,2014.0,0.0,5664694.0,-0.7307060000000001,-1.060975,OMN,IND,6531
1228814,168,104,1048,2014.0,770541.0,92807144.0,-0.595946,0.493716,PAK,IND,6531
1228815,169,104,1048,2014.0,0.0,2182766.0,0.8997200000000001,0.9699139999999999,PAN,IND,6531
1228816,173,104,1048,2014.0,0.0,879931.0,-0.617883,0.427092,PER,IND,6531
1228817,174,104,1048,2014.0,1418.0,464327.0,0.835601,0.589322,PHL,IND,6531
1228818,176,104,1048,2014.0,0.0,346965.0,-1.564344,-1.165548,PNG,IND,6531
1228819,177,104,1048,2014.0,39964.0,14546268.0,1.1328690000000001,1.043185,POL,IND,6531
1228820,178,104,1048,2014.0,207102.0,0.0,-0.11844400000000001,0.067508,PRK,IND,6531
1228821,179,104,1048,2014.0,81119.0,5340536.0,0.763352,2.041559,PRT,IND,6531
1228822,180,104,1048,2014.0,0.0,790594.0,-0.612822,-0.8764139999999999,PRY,IND,6531
1228823,181,104,1048,2014.0,0.0,19756.0,0.129971,0.775546,PSE,IND,6531
1228824,183,104,1048,2014.0,0.0,1653574.0,-0.5604899999999999,-0.989015,QAT,IND,6531
1228825,185,104,1048,2014.0,769576.0,1814574.0,1.0837940000000001,1.199571,ROU,IND,6531
1228826,186,104,1048,2014.0,10697040.0,6188792.0,-0.006737000000000001,-0.172237,RUS,IND,6531
1228827,187,104,1048,2014.0,0.0,434201.0,-0.475152,-0.390083,RWA,IND,6531
1228828,188,104,1048,2014.0,1805608.0,12926296.0,-0.188727,-0.8629459999999999,SAU,IND,6531
1228829,190,104,1048,2014.0,0.0,4133079.0,-1.473904,-1.154731,SDN,IND,6531
1228830,191,104,1048,2014.0,0.0,14892881.0,-0.509239,0.002353,SEN,IND,6531
1228831,192,104,1048,2014.0,266520.0,16240079.0,1.750361,0.63849,SGP,IND,6531
1228832,197,104,1048,2014.0,0.0,321141.0,0.11639200000000001,0.368644,SLV,IND,6531
1228833,199,104,1048,2014.0,0.0,8989.0,-1.295756,-1.0475940000000001,SOM,IND,6531
1228834,201,104,1048,2014.0,0.0,98143.0,0.6017979999999999,1.328124,SRB,IND,6531
1228835,205,104,1048,2014.0,0.0,441184.0,-0.278229,-0.9962840000000001,SUR,IND,6531
1228836,206,104,1048,2014.0,6199.0,775817.0,1.525525,0.773486,SVK,IND,6531
1228837,207,104,1048,2014.0,0.0,243066.0,1.554693,0.633504,SVN,IND,6531
1228838,208,104,1048,2014.0,23435.0,176562.0,1.7256330000000002,0.395804,SWE,IND,6531
1228839,209,104,1048,2014.0,0.0,2171.0,0.383407,-0.064228,SWZ,IND,6531
1228840,211,104,1048,2014.0,0.0,110413.0,0.158898,-0.571933,SYC,IND,6531
1228841,212,104,1048,2014.0,0.0,94985.0,-0.22825,0.803708,SYR,IND,6531
1228842,215,104,1048,2014.0,0.0,28536458.0,-0.58937,-0.43368,TGO,IND,6531
1228843,216,104,1048,2014.0,31110050.0,11978741.0,1.111392,1.3500370000000002,THA,IND,6531
1228844,217,104,1048,2014.0,0.0,4158298.0,-0.9002680000000001,-1.05621,TJK,IND,6531
1228845,219,104,1048,2014.0,0.0,16208.0,-0.961465,-1.1428559999999999,TKM,IND,6531
1228846,222,104,1048,2014.0,0.0,920863.0,-0.582991,-1.055078,TTO,IND,6531
1228847,223,104,1048,2014.0,0.0,285514.0,0.45973800000000004,0.9595459999999999,TUN,IND,6531
1228848,224,104,1048,2014.0,1068191.0,3187780.0,0.6641600000000001,2.091193,TUR,IND,6531
1228849,226,104,1048,2014.0,0.0,9600430.0,-0.909005,0.511175,TZA,IND,6531
1228850,227,104,1048,2014.0,0.0,3049054.0,-0.505738,0.49837200000000004,UGA,IND,6531
1228851,228,104,1048,2014.0,0.0,1575065.0,0.505369,1.07634,UKR,IND,6531
1228852,230,104,1048,2014.0,0.0,511020.0,0.155247,-0.091751,URY,IND,6531
1228853,231,104,1048,2014.0,3486654.0,110284240.0,1.569577,-0.293173,USA,IND,6531
1228854,232,104,1048,2014.0,0.0,3305840.0,-0.422387,-0.44193599999999994,UZB,IND,6531
1228855,234,104,1048,2014.0,0.0,8991.0,0.101454,-0.469681,VCT,IND,6531
1228856,236,104,1048,2014.0,0.0,591192.0,-1.1668459999999998,-1.134262,VEN,IND,6531
1228857,239,104,1048,2014.0,2601318.0,11182830.0,0.135762,1.182052,VNM,IND,6531
1228858,240,104,1048,2014.0,0.0,13579.0,-1.103645,-0.978606,VUT,IND,6531
1228859,242,104,1048,2014.0,0.0,39516.0,0.576162,0.094416,WSM,IND,6531
1228860,243,104,1048,2014.0,0.0,11708080.0,-1.178492,-1.2530629999999998,YEM,IND,6531
1228861,246,104,1048,2014.0,15350.0,5790384.0,0.156414,1.873848,ZAF,IND,6531
1228862,247,104,1048,2014.0,0.0,6755924.0,-0.506171,-0.680445,ZMB,IND,6531
1228863,248,104,1048,2014.0,0.0,283950.0,-0.732781,-0.875713,ZWE,IND,6531
1228864,249,104,1048,2014.0,78193384.0,551146.0,1.850481,1.081809,TWN,IND,6531
1228865,250,104,1048,2014.0,23082.0,4652.0,0.426964,0.138883,ANS,IND,6531
1228866,7,106,1048,2014.0,0.0,20870.0,-0.121018,-0.51841,ARE,IRL,6531
1228867,14,106,1048,2014.0,0.0,43126.0,-0.587779,-0.29813,AUS,IRL,6531
1228868,15,106,1048,2014.0,1929.0,0.0,1.782532,-0.84455,AUT,IRL,6531
1228869,18,106,1048,2014.0,1106523.0,20667.0,1.182934,1.1967139999999998,BEL,IRL,6531
1228870,23,106,1048,2014.0,12453.0,0.0,0.611912,1.594597,BGR,IRL,6531
1228871,32,106,1048,2014.0,0.0,17041.0,0.23286700000000002,0.968366,BRA,IRL,6531
1228872,39,106,1048,2014.0,100089.0,343549.0,0.6145430000000001,1.1815360000000001,CAN,IRL,6531
1228873,41,106,1048,2014.0,7173.0,0.0,2.027022,0.780257,CHE,IRL,6531
1228874,42,106,1048,2014.0,0.0,15499.0,-0.196236,-0.162428,CHL,IRL,6531
1228875,43,106,1048,2014.0,463987.0,42349.0,1.316443,0.35039899999999996,CHN,IRL,6531
1228876,52,106,1048,2014.0,1436.0,0.0,0.13936500000000002,-0.573277,CRI,IRL,6531
1228877,59,106,1048,2014.0,233450.0,0.0,1.761204,-0.148263,CZE,IRL,6531
1228878,61,106,1048,2014.0,1468724.0,242320.0,2.106119,-3.225189,DEU,IRL,6531
1228879,64,106,1048,2014.0,26887.0,3156.0,1.15411,1.160462,DNK,IRL,6531
1228880,68,106,1048,2014.0,4330.0,0.0,-0.036009,2.027503,EGY,IRL,6531
1228881,71,106,1048,2014.0,233353.0,83655.0,0.9574159999999999,1.787233,ESP,IRL,6531
1228882,77,106,1048,2014.0,71548.0,54589.0,1.432323,0.43023,FRA,IRL,6531
1228883,80,106,1048,2014.0,2134.0,0.0,-1.354381,-1.100019,GAB,IRL,6531
1228884,81,106,1048,2014.0,5754987.0,331475.0,1.542804,0.915499,GBR,IRL,6531
1228885,90,106,1048,2014.0,1641719.0,22709.0,0.064193,0.955633,GRC,IRL,6531
1228886,97,106,1048,2014.0,6275.0,0.0,0.9198440000000001,1.257131,HKG,IRL,6531
1228887,102,106,1048,2014.0,0.0,2399.0,1.713536,0.5681729999999999,HUN,IRL,6531
1228888,104,106,1048,2014.0,279140.0,0.0,0.236316,2.659173,IND,IRL,6531
1228889,111,106,1048,2014.0,593819.0,28899.0,1.476328,-0.293302,ITA,IRL,6531
1228890,114,106,1048,2014.0,10724.0,73046.0,2.297789,-0.58585,JPN,IRL,6531
1228891,118,106,1048,2014.0,4137.0,0.0,-0.5871430000000001,-0.7545850000000001,KHM,IRL,6531
1228892,121,106,1048,2014.0,208610.0,0.0,1.9642650000000001,0.86425,KOR,IRL,6531
1228893,130,106,1048,2014.0,13701.0,0.0,0.679488,1.558981,LTU,IRL,6531
1228894,131,106,1048,2014.0,0.0,8467.0,1.093816,1.270669,LUX,IRL,6531
1228895,132,106,1048,2014.0,33511.0,200228.0,0.6501,1.35321,LVA,IRL,6531
1228896,134,106,1048,2014.0,0.0,46058.0,-0.429457,0.039947,MAR,IRL,6531
1228897,138,106,1048,2014.0,56739.0,0.0,1.292327,0.713879,MEX,IRL,6531
1228898,153,106,1048,2014.0,4167.0,0.0,0.995226,0.7797810000000001,MYS,IRL,6531
1228899,162,106,1048,2014.0,84706.0,0.0,1.08881,1.320941,NLD,IRL,6531
1228900,166,106,1048,2014.0,0.0,38091.0,0.123649,0.26129,NZL,IRL,6531
1228901,167,106,1048,2014.0,0.0,16227.0,-0.7307060000000001,-1.060975,OMN,IRL,6531
1228902,168,106,1048,2014.0,216265.0,0.0,-0.595946,0.493716,PAK,IRL,6531
1228903,173,106,1048,2014.0,0.0,72822.0,-0.617883,0.427092,PER,IRL,6531
1228904,177,106,1048,2014.0,13894.0,24847.0,1.1328690000000001,1.043185,POL,IRL,6531
1228905,179,106,1048,2014.0,2337.0,0.0,0.763352,2.041559,PRT,IRL,6531
1228906,185,106,1048,2014.0,520625.0,467199.0,1.0837940000000001,1.199571,ROU,IRL,6531
1228907,186,106,1048,2014.0,0.0,12948.0,-0.006737000000000001,-0.172237,RUS,IRL,6531
1228908,188,106,1048,2014.0,35430.0,0.0,-0.188727,-0.8629459999999999,SAU,IRL,6531
1228909,206,106,1048,2014.0,8755.0,1687.0,1.525525,0.773486,SVK,IRL,6531
1228910,207,106,1048,2014.0,15240.0,0.0,1.554693,0.633504,SVN,IRL,6531
1228911,216,106,1048,2014.0,304585.0,2295.0,1.111392,1.3500370000000002,THA,IRL,6531
1228912,224,106,1048,2014.0,444729.0,0.0,0.6641600000000001,2.091193,TUR,IRL,6531
1228913,231,106,1048,2014.0,332996.0,266817.0,1.569577,-0.293173,USA,IRL,6531
1228914,239,106,1048,2014.0,0.0,41027.0,0.135762,1.182052,VNM,IRL,6531
1228915,249,106,1048,2014.0,6324.0,0.0,1.850481,1.081809,TWN,IRL,6531
1228916,250,106,1048,2014.0,164127.0,17360.0,0.426964,0.138883,ANS,IRL,6531
1228917,8,110,1048,2014.0,0.0,73245.0,-0.047848,0.48062,ARG,ISR,6531
1228918,14,110,1048,2014.0,0.0,65003.0,-0.587779,-0.29813,AUS,ISR,6531
1228919,15,110,1048,2014.0,132759.0,1880.0,1.782532,-0.84455,AUT,ISR,6531
1228920,18,110,1048,2014.0,522751.0,69101.0,1.182934,1.1967139999999998,BEL,ISR,6531
1228921,23,110,1048,2014.0,0.0,3641.0,0.611912,1.594597,BGR,ISR,6531
1228922,32,110,1048,2014.0,5328.0,978070.0,0.23286700000000002,0.968366,BRA,ISR,6531
1228923,33,110,1048,2014.0,0.0,2021.0,0.45538500000000004,-0.126756,BRB,ISR,6531
1228924,39,110,1048,2014.0,38100.0,129148.0,0.6145430000000001,1.1815360000000001,CAN,ISR,6531
1228925,41,110,1048,2014.0,30342.0,7244.0,2.027022,0.780257,CHE,ISR,6531
1228926,42,110,1048,2014.0,0.0,501648.0,-0.196236,-0.162428,CHL,ISR,6531
1228927,43,110,1048,2014.0,42792020.0,110041.0,1.316443,0.35039899999999996,CHN,ISR,6531
1228928,49,110,1048,2014.0,0.0,132380.0,0.084348,-0.39008200000000004,COL,ISR,6531
1228929,52,110,1048,2014.0,0.0,66744.0,0.13936500000000002,-0.573277,CRI,ISR,6531
1228930,54,110,1048,2014.0,0.0,178000.0,-0.5320560000000001,-0.941575,CUB,ISR,6531
1228931,58,110,1048,2014.0,0.0,81794.0,0.476854,0.572103,CYP,ISR,6531
1228932,61,110,1048,2014.0,922269.0,69314.0,2.106119,-3.225189,DEU,ISR,6531
1228933,64,110,1048,2014.0,0.0,2148.0,1.15411,1.160462,DNK,ISR,6531
1228934,65,110,1048,2014.0,0.0,104015.0,-0.076532,0.472746,DOM,ISR,6531
1228935,67,110,1048,2014.0,0.0,1381.0,-1.0520559999999999,-1.109638,ECU,ISR,6531
1228936,68,110,1048,2014.0,426367.0,5614271.0,-0.036009,2.027503,EGY,ISR,6531
1228937,71,110,1048,2014.0,1223376.0,246732.0,0.9574159999999999,1.787233,ESP,ISR,6531
1228938,73,110,1048,2014.0,0.0,22110.0,-1.147242,-0.986643,ETH,ISR,6531
1228939,74,110,1048,2014.0,0.0,21099.0,1.591758,0.9737819999999999,FIN,ISR,6531
1228940,77,110,1048,2014.0,502913.0,99162.0,1.432323,0.43023,FRA,ISR,6531
1228941,81,110,1048,2014.0,639466.0,316145.0,1.542804,0.915499,GBR,ISR,6531
1228942,82,110,1048,2014.0,0.0,3933.0,-0.23090300000000002,-0.510401,GEO,ISR,6531
1228943,83,110,1048,2014.0,0.0,58000.0,-1.1140299999999999,-1.0711700000000002,GHA,ISR,6531
1228944,90,110,1048,2014.0,155481.0,2566.0,0.064193,0.955633,GRC,ISR,6531
1228945,93,110,1048,2014.0,0.0,110179.0,-0.24762199999999998,0.536379,GTM,ISR,6531
1228946,97,110,1048,2014.0,894806.0,0.0,0.9198440000000001,1.257131,HKG,ISR,6531
1228947,99,110,1048,2014.0,0.0,6665.0,-0.372433,0.036463,HND,ISR,6531
1228948,102,110,1048,2014.0,0.0,2755.0,1.713536,0.5681729999999999,HUN,ISR,6531
1228949,104,110,1048,2014.0,707201.0,184915.0,0.236316,2.659173,IND,ISR,6531
1228950,111,110,1048,2014.0,1127907.0,179501.0,1.476328,-0.293302,ITA,ISR,6531
1228951,113,110,1048,2014.0,14513.0,237269.0,0.23508800000000002,0.47597,JOR,ISR,6531
1228952,114,110,1048,2014.0,59446.0,278777.0,2.297789,-0.58585,JPN,ISR,6531
1228953,118,110,1048,2014.0,19781.0,0.0,-0.5871430000000001,-0.7545850000000001,KHM,ISR,6531
1228954,121,110,1048,2014.0,3971248.0,32766.0,1.9642650000000001,0.86425,KOR,ISR,6531
1228955,128,110,1048,2014.0,10796.0,207624.0,-0.30641399999999996,0.29736799999999997,LKA,ISR,6531
1228956,130,110,1048,2014.0,1662.0,0.0,0.679488,1.558981,LTU,ISR,6531
1228957,131,110,1048,2014.0,4743.0,0.0,1.093816,1.270669,LUX,ISR,6531
1228958,134,110,1048,2014.0,2640.0,0.0,-0.429457,0.039947,MAR,ISR,6531
1228959,138,110,1048,2014.0,0.0,1685695.0,1.292327,0.713879,MEX,ISR,6531
1228960,160,110,1048,2014.0,0.0,8083.0,-0.85321,-0.796656,NIC,ISR,6531
1228961,162,110,1048,2014.0,553857.0,2052250.0,1.08881,1.320941,NLD,ISR,6531
1228962,166,110,1048,2014.0,0.0,2319.0,0.123649,0.26129,NZL,ISR,6531
1228963,173,110,1048,2014.0,0.0,217136.0,-0.617883,0.427092,PER,ISR,6531
1228964,177,110,1048,2014.0,105713.0,18739.0,1.1328690000000001,1.043185,POL,ISR,6531
1228965,179,110,1048,2014.0,6674.0,0.0,0.763352,2.041559,PRT,ISR,6531
1228966,181,110,1048,2014.0,1290122.0,3258300.0,0.129971,0.775546,PSE,ISR,6531
1228967,185,110,1048,2014.0,0.0,9004.0,1.0837940000000001,1.199571,ROU,ISR,6531
1228968,201,110,1048,2014.0,0.0,7882.0,0.6017979999999999,1.328124,SRB,ISR,6531
1228969,206,110,1048,2014.0,3419.0,0.0,1.525525,0.773486,SVK,ISR,6531
1228970,207,110,1048,2014.0,11742.0,0.0,1.554693,0.633504,SVN,ISR,6531
1228971,216,110,1048,2014.0,604998.0,514055.0,1.111392,1.3500370000000002,THA,ISR,6531
1228972,224,110,1048,2014.0,11301666.0,352110.0,0.6641600000000001,2.091193,TUR,ISR,6531
1228973,228,110,1048,2014.0,0.0,4081.0,0.505369,1.07634,UKR,ISR,6531
1228974,230,110,1048,2014.0,0.0,95716.0,0.155247,-0.091751,URY,ISR,6531
1228975,231,110,1048,2014.0,1030717.0,2982228.0,1.569577,-0.293173,USA,ISR,6531
1228976,237,110,1048,2014.0,44819.0,0.0,0.48387299999999994,0.0534,VGB,ISR,6531
1228977,239,110,1048,2014.0,107954.0,140381.0,0.135762,1.182052,VNM,ISR,6531
1228978,246,110,1048,2014.0,224662.0,21301.0,0.156414,1.873848,ZAF,ISR,6531
1228979,249,110,1048,2014.0,4097890.0,622923.0,1.850481,1.081809,TWN,ISR,6531
1228980,4,111,1048,2014.0,24226.0,4956926.0,-0.44000200000000006,-0.168443,ALB,ITA,6531
1228981,5,111,1048,2014.0,0.0,5459.0,0.512367,-0.438594,AND,ITA,6531
1228982,7,111,1048,2014.0,181197.0,5101112.0,-0.121018,-0.51841,ARE,ITA,6531
1228983,8,111,1048,2014.0,0.0,904212.0,-0.047848,0.48062,ARG,ITA,6531
1228984,9,111,1048,2014.0,5677.0,10069657.0,-0.143991,-0.5265890000000001,ARM,ITA,6531
1228985,14,111,1048,2014.0,127264.0,2238561.0,-0.587779,-0.29813,AUS,ITA,6531
1228986,15,111,1048,2014.0,3440514.0,11083366.0,1.782532,-0.84455,AUT,ITA,6531
1228987,16,111,1048,2014.0,0.0,237813.0,-1.230795,-1.237163,AZE,ITA,6531
1228988,18,111,1048,2014.0,12719135.0,23220162.0,1.182934,1.1967139999999998,BEL,ITA,6531
1228989,21,111,1048,2014.0,18474.0,0.0,-0.7933279999999999,-0.872791,BFA,ITA,6531
1228990,22,111,1048,2014.0,1484.0,86051.0,-0.76547,-0.9645469999999999,BGD,ITA,6531
1228991,23,111,1048,2014.0,1203028.0,28208540.0,0.611912,1.594597,BGR,ITA,6531
1228992,24,111,1048,2014.0,6651.0,228463.0,0.087173,-0.542374,BHR,ITA,6531
1228993,26,111,1048,2014.0,29490.0,3613649.0,0.737556,0.9815530000000001,BIH,ITA,6531
1228994,28,111,1048,2014.0,8628.0,817417.0,0.929114,0.7313069999999999,BLR,ITA,6531
1228995,31,111,1048,2014.0,0.0,16781.0,-1.200516,-1.052286,BOL,ITA,6531
1228996,32,111,1048,2014.0,61664.0,4139900.0,0.23286700000000002,0.968366,BRA,ITA,6531
1228997,33,111,1048,2014.0,0.0,18387.0,0.45538500000000004,-0.126756,BRB,ITA,6531
1228998,39,111,1048,2014.0,205923.0,1801379.0,0.6145430000000001,1.1815360000000001,CAN,ITA,6531
1228999,41,111,1048,2014.0,3073390.0,13011178.0,2.027022,0.780257,CHE,ITA,6531
1229000,42,111,1048,2014.0,0.0,2490092.0,-0.196236,-0.162428,CHL,ITA,6531
1229001,43,111,1048,2014.0,166309504.0,17351018.0,1.316443,0.35039899999999996,CHN,ITA,6531
1229002,44,111,1048,2014.0,0.0,35426.0,-0.854784,-0.781877,CIV,ITA,6531
1229003,47,111,1048,2014.0,0.0,1482.0,-1.359593,-1.101705,COG,ITA,6531
1229004,49,111,1048,2014.0,0.0,3984036.0,0.084348,-0.39008200000000004,COL,ITA,6531
1229005,52,111,1048,2014.0,0.0,134905.0,0.13936500000000002,-0.573277,CRI,ITA,6531
1229006,58,111,1048,2014.0,0.0,1570894.0,0.476854,0.572103,CYP,ITA,6531
1229007,59,111,1048,2014.0,8593565.0,4056080.0,1.761204,-0.148263,CZE,ITA,6531
1229008,61,111,1048,2014.0,45121940.0,95090568.0,2.106119,-3.225189,DEU,ITA,6531
1229009,62,111,1048,2014.0,0.0,40714.0,-0.552959,-0.840274,DJI,ITA,6531
1229010,63,111,1048,2014.0,0.0,37465.0,0.32613600000000004,-0.09935,DMA,ITA,6531
1229011,64,111,1048,2014.0,915632.0,4833644.0,1.15411,1.160462,DNK,ITA,6531
1229012,65,111,1048,2014.0,0.0,48807.0,-0.076532,0.472746,DOM,ITA,6531
1229013,66,111,1048,2014.0,0.0,246171.0,-1.427966,-1.1216760000000001,DZA,ITA,6531
1229014,67,111,1048,2014.0,0.0,11542.0,-1.0520559999999999,-1.109638,ECU,ITA,6531
1229015,68,111,1048,2014.0,554423.0,368976.0,-0.036009,2.027503,EGY,ITA,6531
1229016,69,111,1048,2014.0,0.0,2929.0,-1.8750509999999998,-1.1314790000000001,ERI,ITA,6531
1229017,71,111,1048,2014.0,14952674.0,96846984.0,0.9574159999999999,1.787233,ESP,ITA,6531
1229018,72,111,1048,2014.0,2965.0,1409877.0,1.022704,1.175645,EST,ITA,6531
1229019,73,111,1048,2014.0,0.0,85891.0,-1.147242,-0.986643,ETH,ITA,6531
1229020,74,111,1048,2014.0,0.0,1710508.0,1.591758,0.9737819999999999,FIN,ITA,6531
1229021,75,111,1048,2014.0,0.0,20086.0,-0.20919699999999997,0.095276,FJI,ITA,6531
1229022,77,111,1048,2014.0,32773562.0,95209488.0,1.432323,0.43023,FRA,ITA,6531
1229023,81,111,1048,2014.0,18212628.0,49645324.0,1.542804,0.915499,GBR,ITA,6531
1229024,82,111,1048,2014.0,0.0,6018794.0,-0.23090300000000002,-0.510401,GEO,ITA,6531
1229025,89,111,1048,2014.0,0.0,11922.0,-2.26689,-0.896274,GNQ,ITA,6531
1229026,90,111,1048,2014.0,3468954.0,9116867.0,0.064193,0.955633,GRC,ITA,6531
1229027,93,111,1048,2014.0,1561.0,21090.0,-0.24762199999999998,0.536379,GTM,ITA,6531
1229028,97,111,1048,2014.0,156044.0,25971072.0,0.9198440000000001,1.257131,HKG,ITA,6531
1229029,99,111,1048,2014.0,0.0,43497.0,-0.372433,0.036463,HND,ITA,6531
1229030,100,111,1048,2014.0,136489.0,2373733.0,0.8627809999999999,1.3475549999999998,HRV,ITA,6531
1229031,102,111,1048,2014.0,14556264.0,16506040.0,1.713536,0.5681729999999999,HUN,ITA,6531
1229032,103,111,1048,2014.0,1708644.0,693367.0,0.068135,1.672437,IDN,ITA,6531
1229033,104,111,1048,2014.0,4591760.0,1637350.0,0.236316,2.659173,IND,ITA,6531
1229034,106,111,1048,2014.0,28899.0,593819.0,1.3749790000000002,0.41131899999999993,IRL,ITA,6531
1229035,107,111,1048,2014.0,17242.0,370977.0,-0.47744899999999996,-0.429676,IRN,ITA,6531
1229036,109,111,1048,2014.0,0.0,43344.0,0.130097,-0.313819,ISL,ITA,6531
1229037,110,111,1048,2014.0,179501.0,1127907.0,0.9753860000000001,0.810342,ISR,ITA,6531
1229038,113,111,1048,2014.0,0.0,208158.0,0.23508800000000002,0.47597,JOR,ITA,6531
1229039,114,111,1048,2014.0,44794820.0,15234950.0,2.297789,-0.58585,JPN,ITA,6531
1229040,115,111,1048,2014.0,0.0,1990630.0,-0.503438,-0.5477850000000001,KAZ,ITA,6531
1229041,116,111,1048,2014.0,4996.0,0.0,-0.411786,0.219875,KEN,ITA,6531
1229042,117,111,1048,2014.0,0.0,7706.0,-0.11451099999999999,0.358754,KGZ,ITA,6531
1229043,118,111,1048,2014.0,0.0,255413.0,-0.5871430000000001,-0.7545850000000001,KHM,ITA,6531
1229044,121,111,1048,2014.0,36726220.0,5731508.0,1.9642650000000001,0.86425,KOR,ITA,6531
1229045,122,111,1048,2014.0,0.0,625199.0,-1.2601069999999999,-1.0929360000000001,KWT,ITA,6531
1229046,124,111,1048,2014.0,0.0,1449282.0,0.32006799999999996,1.666039,LBN,ITA,6531
1229047,126,111,1048,2014.0,0.0,46337.0,-1.539253,-1.159929,LBY,ITA,6531
1229048,128,111,1048,2014.0,226188.0,1291664.0,-0.30641399999999996,0.29736799999999997,LKA,ITA,6531
1229049,130,111,1048,2014.0,103239.0,4964910.0,0.679488,1.558981,LTU,ITA,6531
1229050,131,111,1048,2014.0,198638.0,8361310.0,1.093816,1.270669,LUX,ITA,6531
1229051,132,111,1048,2014.0,62980.0,1099277.0,0.6501,1.35321,LVA,ITA,6531
1229052,133,111,1048,2014.0,3160.0,3813.0,0.781301,0.522065,MAC,ITA,6531
1229053,134,111,1048,2014.0,130473.0,9033958.0,-0.429457,0.039947,MAR,ITA,6531
1229054,135,111,1048,2014.0,169293.0,9983035.0,0.031916,0.24264499999999997,MDA,ITA,6531
1229055,136,111,1048,2014.0,0.0,417251.0,-0.690485,-0.5090020000000001,MDG,ITA,6531
1229056,138,111,1048,2014.0,16699.0,7134154.0,1.292327,0.713879,MEX,ITA,6531
1229057,140,111,1048,2014.0,5613.0,3047029.0,-0.216313,-0.214403,MKD,ITA,6531
1229058,142,111,1048,2014.0,0.0,1231986.0,0.8871379999999999,0.088535,MLT,ITA,6531
1229059,143,111,1048,2014.0,0.0,84253.0,-1.350593,-1.1112229999999998,MMR,ITA,6531
1229060,144,111,1048,2014.0,0.0,60177.0,-0.007741,0.018085,MNE,ITA,6531
1229061,148,111,1048,2014.0,0.0,40838.0,-1.425856,-1.213441,MRT,ITA,6531
1229062,151,111,1048,2014.0,1273.0,68359.0,-0.055786,-0.1488,MUS,ITA,6531
1229063,153,111,1048,2014.0,3813992.0,1026232.0,0.995226,0.7797810000000001,MYS,ITA,6531
1229064,156,111,1048,2014.0,0.0,4421.0,-0.201994,-0.723618,NCL,ITA,6531
1229065,157,111,1048,2014.0,0.0,52597.0,-0.709151,-0.869426,NER,ITA,6531
1229066,159,111,1048,2014.0,0.0,135316.0,-1.9012419999999999,-1.229264,NGA,ITA,6531
1229067,162,111,1048,2014.0,6762506.0,14985352.0,1.08881,1.320941,NLD,ITA,6531
1229068,163,111,1048,2014.0,21628.0,1403520.0,0.678424,0.137871,NOR,ITA,6531
1229069,164,111,1048,2014.0,0.0,28500.0,-0.083094,0.349348,NPL,ITA,6531
1229070,166,111,1048,2014.0,67415.0,753700.0,0.123649,0.26129,NZL,ITA,6531
1229071,167,111,1048,2014.0,0.0,211224.0,-0.7307060000000001,-1.060975,OMN,ITA,6531
1229072,168,111,1048,2014.0,1550290.0,225917.0,-0.595946,0.493716,PAK,ITA,6531
1229073,169,111,1048,2014.0,0.0,166578.0,0.8997200000000001,0.9699139999999999,PAN,ITA,6531
1229074,173,111,1048,2014.0,9418.0,644050.0,-0.617883,0.427092,PER,ITA,6531
1229075,174,111,1048,2014.0,1821.0,740599.0,0.835601,0.589322,PHL,ITA,6531
1229076,177,111,1048,2014.0,13106416.0,25013946.0,1.1328690000000001,1.043185,POL,ITA,6531
1229077,179,111,1048,2014.0,1453146.0,19560608.0,0.763352,2.041559,PRT,ITA,6531
1229078,181,111,1048,2014.0,0.0,2401.0,0.129971,0.775546,PSE,ITA,6531
1229079,182,111,1048,2014.0,0.0,11387.0,-0.187778,-0.7217060000000001,PYF,ITA,6531
1229080,183,111,1048,2014.0,17469.0,721840.0,-0.5604899999999999,-0.989015,QAT,ITA,6531
1229081,185,111,1048,2014.0,8883199.0,140856160.0,1.0837940000000001,1.199571,ROU,ITA,6531
1229082,186,111,1048,2014.0,6408.0,13805783.0,-0.006737000000000001,-0.172237,RUS,ITA,6531
1229083,188,111,1048,2014.0,128734.0,3678570.0,-0.188727,-0.8629459999999999,SAU,ITA,6531
1229084,191,111,1048,2014.0,4349.0,163844.0,-0.509239,0.002353,SEN,ITA,6531
1229085,192,111,1048,2014.0,128545.0,834038.0,1.750361,0.63849,SGP,ITA,6531
1229086,197,111,1048,2014.0,0.0,163587.0,0.11639200000000001,0.368644,SLV,ITA,6531
1229087,201,111,1048,2014.0,71954.0,4118131.0,0.6017979999999999,1.328124,SRB,ITA,6531
1229088,206,111,1048,2014.0,1780873.0,6167607.0,1.525525,0.773486,SVK,ITA,6531
1229089,207,111,1048,2014.0,315531.0,2110430.0,1.554693,0.633504,SVN,ITA,6531
1229090,208,111,1048,2014.0,789075.0,2727719.0,1.7256330000000002,0.395804,SWE,ITA,6531
1229091,211,111,1048,2014.0,1853.0,10852.0,0.158898,-0.571933,SYC,ITA,6531
1229092,212,111,1048,2014.0,0.0,102240.0,-0.22825,0.803708,SYR,ITA,6531
1229093,215,111,1048,2014.0,0.0,113113.0,-0.58937,-0.43368,TGO,ITA,6531
1229094,216,111,1048,2014.0,2661413.0,2202227.0,1.111392,1.3500370000000002,THA,ITA,6531
1229095,223,111,1048,2014.0,434188.0,19315920.0,0.45973800000000004,0.9595459999999999,TUN,ITA,6531
1229096,224,111,1048,2014.0,36670332.0,22250938.0,0.6641600000000001,2.091193,TUR,ITA,6531
1229097,226,111,1048,2014.0,0.0,1317.0,-0.909005,0.511175,TZA,ITA,6531
1229098,227,111,1048,2014.0,0.0,11204.0,-0.505738,0.49837200000000004,UGA,ITA,6531
1229099,228,111,1048,2014.0,67022.0,3977430.0,0.505369,1.07634,UKR,ITA,6531
1229100,230,111,1048,2014.0,0.0,22458.0,0.155247,-0.091751,URY,ITA,6531
1229101,231,111,1048,2014.0,4401174.0,17887288.0,1.569577,-0.293173,USA,ITA,6531
1229102,236,111,1048,2014.0,0.0,166063.0,-1.1668459999999998,-1.134262,VEN,ITA,6531
1229103,239,111,1048,2014.0,370061.0,4231912.0,0.135762,1.182052,VNM,ITA,6531
1229104,246,111,1048,2014.0,3789.0,890307.0,0.156414,1.873848,ZAF,ITA,6531
1229105,247,111,1048,2014.0,0.0,1654.0,-0.506171,-0.680445,ZMB,ITA,6531
1229106,249,111,1048,2014.0,15370696.0,2569282.0,1.850481,1.081809,TWN,ITA,6531
1229107,250,111,1048,2014.0,0.0,1573.0,0.426964,0.138883,ANS,ITA,6531
1229108,8,112,1048,2014.0,2813.0,0.0,-0.047848,0.48062,ARG,JAM,6531
1229109,32,112,1048,2014.0,41837.0,0.0,0.23286700000000002,0.968366,BRA,JAM,6531
1229110,39,112,1048,2014.0,25879.0,0.0,0.6145430000000001,1.1815360000000001,CAN,JAM,6531
1229111,43,112,1048,2014.0,3523261.0,0.0,1.316443,0.35039899999999996,CHN,JAM,6531
1229112,49,112,1048,2014.0,20586.0,0.0,0.084348,-0.39008200000000004,COL,JAM,6531
1229113,65,112,1048,2014.0,0.0,18072.0,-0.076532,0.472746,DOM,JAM,6531
1229114,71,112,1048,2014.0,4574.0,0.0,0.9574159999999999,1.787233,ESP,JAM,6531
1229115,81,112,1048,2014.0,9681.0,0.0,1.542804,0.915499,GBR,JAM,6531
1229116,97,112,1048,2014.0,0.0,8612.0,0.9198440000000001,1.257131,HKG,JAM,6531
1229117,103,112,1048,2014.0,1565.0,0.0,0.068135,1.672437,IDN,JAM,6531
1229118,104,112,1048,2014.0,253245.0,0.0,0.236316,2.659173,IND,JAM,6531
1229119,121,112,1048,2014.0,1035.0,0.0,1.9642650000000001,0.86425,KOR,JAM,6531
1229120,127,112,1048,2014.0,1687.0,0.0,0.636416,-0.464264,LCA,JAM,6531
1229121,138,112,1048,2014.0,16945.0,0.0,1.292327,0.713879,MEX,JAM,6531
1229122,168,112,1048,2014.0,163914.0,0.0,-0.595946,0.493716,PAK,JAM,6531
1229123,169,112,1048,2014.0,304817.0,0.0,0.8997200000000001,0.9699139999999999,PAN,JAM,6531
1229124,216,112,1048,2014.0,2746.0,0.0,1.111392,1.3500370000000002,THA,JAM,6531
1229125,224,112,1048,2014.0,44952.0,0.0,0.6641600000000001,2.091193,TUR,JAM,6531
1229126,231,112,1048,2014.0,770755.0,0.0,1.569577,-0.293173,USA,JAM,6531
1229127,239,112,1048,2014.0,0.0,27252.0,0.135762,1.182052,VNM,JAM,6531
1229128,249,112,1048,2014.0,1290488.0,0.0,1.850481,1.081809,TWN,JAM,6531
1229129,7,113,1048,2014.0,2013288.0,85084.0,-0.121018,-0.51841,ARE,JOR,6531
1229130,15,113,1048,2014.0,15742.0,0.0,1.782532,-0.84455,AUT,JOR,6531
1229131,18,113,1048,2014.0,654717.0,0.0,1.182934,1.1967139999999998,BEL,JOR,6531
1229132,22,113,1048,2014.0,1645.0,0.0,-0.76547,-0.9645469999999999,BGD,JOR,6531
1229133,23,113,1048,2014.0,29904.0,0.0,0.611912,1.594597,BGR,JOR,6531
1229134,43,113,1048,2014.0,55952628.0,8604.0,1.316443,0.35039899999999996,CHN,JOR,6531
1229135,58,113,1048,2014.0,7375.0,0.0,0.476854,0.572103,CYP,JOR,6531
1229136,61,113,1048,2014.0,119055.0,0.0,2.106119,-3.225189,DEU,JOR,6531
1229137,68,113,1048,2014.0,522361.0,85651.0,-0.036009,2.027503,EGY,JOR,6531
1229138,71,113,1048,2014.0,401492.0,0.0,0.9574159999999999,1.787233,ESP,JOR,6531
1229139,77,113,1048,2014.0,63404.0,0.0,1.432323,0.43023,FRA,JOR,6531
1229140,81,113,1048,2014.0,87354.0,0.0,1.542804,0.915499,GBR,JOR,6531
1229141,90,113,1048,2014.0,45102.0,0.0,0.064193,0.955633,GRC,JOR,6531
1229142,97,113,1048,2014.0,482649.0,0.0,0.9198440000000001,1.257131,HKG,JOR,6531
1229143,102,113,1048,2014.0,56712.0,0.0,1.713536,0.5681729999999999,HUN,JOR,6531
1229144,103,113,1048,2014.0,5911706.0,0.0,0.068135,1.672437,IDN,JOR,6531
1229145,104,113,1048,2014.0,398616.0,16174.0,0.236316,2.659173,IND,JOR,6531
1229146,108,113,1048,2014.0,0.0,29773.0,-3.04704,-0.9082290000000001,IRQ,JOR,6531
1229147,110,113,1048,2014.0,237269.0,14513.0,0.9753860000000001,0.810342,ISR,JOR,6531
1229148,111,113,1048,2014.0,208158.0,0.0,1.476328,-0.293302,ITA,JOR,6531
1229149,114,113,1048,2014.0,666466.0,0.0,2.297789,-0.58585,JPN,JOR,6531
1229150,121,113,1048,2014.0,4343172.0,0.0,1.9642650000000001,0.86425,KOR,JOR,6531
1229151,122,113,1048,2014.0,6263.0,0.0,-1.2601069999999999,-1.0929360000000001,KWT,JOR,6531
1229152,124,113,1048,2014.0,41560.0,0.0,0.32006799999999996,1.666039,LBN,JOR,6531
1229153,128,113,1048,2014.0,3220.0,0.0,-0.30641399999999996,0.29736799999999997,LKA,JOR,6531
1229154,138,113,1048,2014.0,6498.0,0.0,1.292327,0.713879,MEX,JOR,6531
1229155,148,113,1048,2014.0,0.0,1327.0,-1.425856,-1.213441,MRT,JOR,6531
1229156,153,113,1048,2014.0,20235.0,0.0,0.995226,0.7797810000000001,MYS,JOR,6531
1229157,162,113,1048,2014.0,4876.0,0.0,1.08881,1.320941,NLD,JOR,6531
1229158,168,113,1048,2014.0,738110.0,0.0,-0.595946,0.493716,PAK,JOR,6531
1229159,177,113,1048,2014.0,32393.0,0.0,1.1328690000000001,1.043185,POL,JOR,6531
1229160,179,113,1048,2014.0,0.0,2500.0,0.763352,2.041559,PRT,JOR,6531
1229161,181,113,1048,2014.0,6136.0,33723.0,0.129971,0.775546,PSE,JOR,6531
1229162,183,113,1048,2014.0,0.0,8268.0,-0.5604899999999999,-0.989015,QAT,JOR,6531
1229163,188,113,1048,2014.0,1900505.0,213709.0,-0.188727,-0.8629459999999999,SAU,JOR,6531
1229164,192,113,1048,2014.0,1697.0,0.0,1.750361,0.63849,SGP,JOR,6531
1229165,212,113,1048,2014.0,1043127.0,370565.0,-0.22825,0.803708,SYR,JOR,6531
1229166,216,113,1048,2014.0,383097.0,0.0,1.111392,1.3500370000000002,THA,JOR,6531
1229167,224,113,1048,2014.0,6879734.0,0.0,0.6641600000000001,2.091193,TUR,JOR,6531
1229168,231,113,1048,2014.0,200939.0,27095.0,1.569577,-0.293173,USA,JOR,6531
1229169,239,113,1048,2014.0,328438.0,0.0,0.135762,1.182052,VNM,JOR,6531
1229170,249,113,1048,2014.0,12770506.0,0.0,1.850481,1.081809,TWN,JOR,6531
1229171,250,113,1048,2014.0,0.0,332910.0,0.426964,0.138883,ANS,JOR,6531
1229172,1,114,1048,2014.0,0.0,56994.0,-0.9800639999999999,-0.8281790000000001,AFG,JPN,6531
1229173,7,114,1048,2014.0,0.0,69303592.0,-0.121018,-0.51841,ARE,JPN,6531
1229174,8,114,1048,2014.0,0.0,683404.0,-0.047848,0.48062,ARG,JPN,6531
1229175,14,114,1048,2014.0,46278.0,1619098.0,-0.587779,-0.29813,AUS,JPN,6531
1229176,15,114,1048,2014.0,163580.0,951006.0,1.782532,-0.84455,AUT,JPN,6531
1229177,18,114,1048,2014.0,1053098.0,729173.0,1.182934,1.1967139999999998,BEL,JPN,6531
1229178,22,114,1048,2014.0,30868.0,15781247.0,-0.76547,-0.9645469999999999,BGD,JPN,6531
1229179,23,114,1048,2014.0,0.0,2762566.0,0.611912,1.594597,BGR,JPN,6531
1229180,24,114,1048,2014.0,0.0,726957.0,0.087173,-0.542374,BHR,JPN,6531
1229181,26,114,1048,2014.0,0.0,5376.0,0.737556,0.9815530000000001,BIH,JPN,6531
1229182,32,114,1048,2014.0,17845.0,2296108.0,0.23286700000000002,0.968366,BRA,JPN,6531
1229183,34,114,1048,2014.0,0.0,7504.0,-0.866534,-0.764166,BRN,JPN,6531
1229184,39,114,1048,2014.0,39995.0,2547621.0,0.6145430000000001,1.1815360000000001,CAN,JPN,6531
1229185,41,114,1048,2014.0,563077.0,958506.0,2.027022,0.780257,CHE,JPN,6531
1229186,42,114,1048,2014.0,0.0,466711.0,-0.196236,-0.162428,CHL,JPN,6531
1229187,43,114,1048,2014.0,176032560.0,440668032.0,1.316443,0.35039899999999996,CHN,JPN,6531
1229188,49,114,1048,2014.0,0.0,12314.0,0.084348,-0.39008200000000004,COL,JPN,6531
1229189,52,114,1048,2014.0,0.0,379590.0,0.13936500000000002,-0.573277,CRI,JPN,6531
1229190,59,114,1048,2014.0,60340.0,1177423.0,1.761204,-0.148263,CZE,JPN,6531
1229191,61,114,1048,2014.0,3231324.0,13877093.0,2.106119,-3.225189,DEU,JPN,6531
1229192,62,114,1048,2014.0,0.0,7299.0,-0.552959,-0.840274,DJI,JPN,6531
1229193,64,114,1048,2014.0,11890.0,198486.0,1.15411,1.160462,DNK,JPN,6531
1229194,65,114,1048,2014.0,0.0,3160.0,-0.076532,0.472746,DOM,JPN,6531
1229195,67,114,1048,2014.0,3788.0,15008.0,-1.0520559999999999,-1.109638,ECU,JPN,6531
1229196,68,114,1048,2014.0,0.0,449462.0,-0.036009,2.027503,EGY,JPN,6531
1229197,71,114,1048,2014.0,867881.0,3563618.0,0.9574159999999999,1.787233,ESP,JPN,6531
1229198,72,114,1048,2014.0,29611.0,196594.0,1.022704,1.175645,EST,JPN,6531
1229199,73,114,1048,2014.0,0.0,31649.0,-1.147242,-0.986643,ETH,JPN,6531
1229200,74,114,1048,2014.0,52777.0,50764.0,1.591758,0.9737819999999999,FIN,JPN,6531
1229201,75,114,1048,2014.0,0.0,13101.0,-0.20919699999999997,0.095276,FJI,JPN,6531
1229202,77,114,1048,2014.0,1816016.0,8286716.0,1.432323,0.43023,FRA,JPN,6531
1229203,79,114,1048,2014.0,0.0,6204.0,-0.32612800000000003,-0.8335809999999999,FSM,JPN,6531
1229204,81,114,1048,2014.0,723043.0,6736666.0,1.542804,0.915499,GBR,JPN,6531
1229205,90,114,1048,2014.0,2601.0,70576.0,0.064193,0.955633,GRC,JPN,6531
1229206,93,114,1048,2014.0,0.0,269792.0,-0.24762199999999998,0.536379,GTM,JPN,6531
1229207,95,114,1048,2014.0,0.0,35969.0,0.642578,-0.143714,GUM,JPN,6531
1229208,97,114,1048,2014.0,603259.0,51910188.0,0.9198440000000001,1.257131,HKG,JPN,6531
1229209,102,114,1048,2014.0,20665.0,696337.0,1.713536,0.5681729999999999,HUN,JPN,6531
1229210,103,114,1048,2014.0,49270220.0,23835324.0,0.068135,1.672437,IDN,JPN,6531
1229211,104,114,1048,2014.0,9421880.0,2306971.0,0.236316,2.659173,IND,JPN,6531
1229212,106,114,1048,2014.0,73046.0,10724.0,1.3749790000000002,0.41131899999999993,IRL,JPN,6531
1229213,108,114,1048,2014.0,0.0,22152.0,-3.04704,-0.9082290000000001,IRQ,JPN,6531
1229214,110,114,1048,2014.0,278777.0,59446.0,0.9753860000000001,0.810342,ISR,JPN,6531
1229215,111,114,1048,2014.0,15234950.0,44794820.0,1.476328,-0.293302,ITA,JPN,6531
1229216,113,114,1048,2014.0,0.0,666466.0,0.23508800000000002,0.47597,JOR,JPN,6531
1229217,115,114,1048,2014.0,0.0,75132.0,-0.503438,-0.5477850000000001,KAZ,JPN,6531
1229218,118,114,1048,2014.0,0.0,3283964.0,-0.5871430000000001,-0.7545850000000001,KHM,JPN,6531
1229219,121,114,1048,2014.0,67556320.0,21322786.0,1.9642650000000001,0.86425,KOR,JPN,6531
1229220,122,114,1048,2014.0,0.0,6566700.0,-1.2601069999999999,-1.0929360000000001,KWT,JPN,6531
1229221,123,114,1048,2014.0,7010.0,1412724.0,-0.924599,-0.7456430000000001,LAO,JPN,6531
1229222,124,114,1048,2014.0,0.0,20772.0,0.32006799999999996,1.666039,LBN,JPN,6531
1229223,128,114,1048,2014.0,0.0,5439332.0,-0.30641399999999996,0.29736799999999997,LKA,JPN,6531
1229224,130,114,1048,2014.0,0.0,390536.0,0.679488,1.558981,LTU,JPN,6531
1229225,131,114,1048,2014.0,0.0,6599.0,1.093816,1.270669,LUX,JPN,6531
1229226,132,114,1048,2014.0,0.0,89815.0,0.6501,1.35321,LVA,JPN,6531
1229227,133,114,1048,2014.0,0.0,57094.0,0.781301,0.522065,MAC,JPN,6531
1229228,134,114,1048,2014.0,0.0,1224599.0,-0.429457,0.039947,MAR,JPN,6531
1229229,135,114,1048,2014.0,0.0,151707.0,0.031916,0.24264499999999997,MDA,JPN,6531
1229230,136,114,1048,2014.0,0.0,56086.0,-0.690485,-0.5090020000000001,MDG,JPN,6531
1229231,138,114,1048,2014.0,0.0,2211355.0,1.292327,0.713879,MEX,JPN,6531
1229232,140,114,1048,2014.0,0.0,198043.0,-0.216313,-0.214403,MKD,JPN,6531
1229233,143,114,1048,2014.0,0.0,18798594.0,-1.350593,-1.1112229999999998,MMR,JPN,6531
1229234,145,114,1048,2014.0,0.0,78609.0,-1.368502,-1.17111,MNG,JPN,6531
1229235,151,114,1048,2014.0,1781.0,27389.0,-0.055786,-0.1488,MUS,JPN,6531
1229236,153,114,1048,2014.0,11976058.0,5608399.0,0.995226,0.7797810000000001,MYS,JPN,6531
1229237,159,114,1048,2014.0,0.0,25287.0,-1.9012419999999999,-1.229264,NGA,JPN,6531
1229238,162,114,1048,2014.0,456395.0,482881.0,1.08881,1.320941,NLD,JPN,6531
1229239,163,114,1048,2014.0,0.0,28276.0,0.678424,0.137871,NOR,JPN,6531
1229240,164,114,1048,2014.0,0.0,908484.0,-0.083094,0.349348,NPL,JPN,6531
1229241,166,114,1048,2014.0,0.0,244752.0,0.123649,0.26129,NZL,JPN,6531
1229242,167,114,1048,2014.0,0.0,1375958.0,-0.7307060000000001,-1.060975,OMN,JPN,6531
1229243,168,114,1048,2014.0,0.0,281406.0,-0.595946,0.493716,PAK,JPN,6531
1229244,173,114,1048,2014.0,0.0,58611.0,-0.617883,0.427092,PER,JPN,6531
1229245,174,114,1048,2014.0,27032.0,6324494.0,0.835601,0.589322,PHL,JPN,6531
1229246,177,114,1048,2014.0,1785.0,5936160.0,1.1328690000000001,1.043185,POL,JPN,6531
1229247,179,114,1048,2014.0,55769.0,1238038.0,0.763352,2.041559,PRT,JPN,6531
1229248,180,114,1048,2014.0,0.0,22020.0,-0.612822,-0.8764139999999999,PRY,JPN,6531
1229249,183,114,1048,2014.0,0.0,3137724.0,-0.5604899999999999,-0.989015,QAT,JPN,6531
1229250,185,114,1048,2014.0,11438.0,657250.0,1.0837940000000001,1.199571,ROU,JPN,6531
1229251,186,114,1048,2014.0,0.0,1128211.0,-0.006737000000000001,-0.172237,RUS,JPN,6531
1229252,188,114,1048,2014.0,0.0,34340628.0,-0.188727,-0.8629459999999999,SAU,JPN,6531
1229253,190,114,1048,2014.0,0.0,797661.0,-1.473904,-1.154731,SDN,JPN,6531
1229254,192,114,1048,2014.0,71053.0,4061918.0,1.750361,0.63849,SGP,JPN,6531
1229255,197,114,1048,2014.0,0.0,27755.0,0.11639200000000001,0.368644,SLV,JPN,6531
1229256,201,114,1048,2014.0,0.0,17394.0,0.6017979999999999,1.328124,SRB,JPN,6531
1229257,206,114,1048,2014.0,0.0,188894.0,1.525525,0.773486,SVK,JPN,6531
1229258,207,114,1048,2014.0,4143.0,7162.0,1.554693,0.633504,SVN,JPN,6531
1229259,208,114,1048,2014.0,29009.0,507174.0,1.7256330000000002,0.395804,SWE,JPN,6531
1229260,212,114,1048,2014.0,0.0,57659.0,-0.22825,0.803708,SYR,JPN,6531
1229261,216,114,1048,2014.0,15363825.0,18147944.0,1.111392,1.3500370000000002,THA,JPN,6531
1229262,222,114,1048,2014.0,0.0,11412.0,-0.582991,-1.055078,TTO,JPN,6531
1229263,223,114,1048,2014.0,0.0,251642.0,0.45973800000000004,0.9595459999999999,TUN,JPN,6531
1229264,224,114,1048,2014.0,3877092.0,1038886.0,0.6641600000000001,2.091193,TUR,JPN,6531
1229265,226,114,1048,2014.0,0.0,15632.0,-0.909005,0.511175,TZA,JPN,6531
1229266,228,114,1048,2014.0,0.0,378774.0,0.505369,1.07634,UKR,JPN,6531
1229267,231,114,1048,2014.0,4341602.0,22974102.0,1.569577,-0.293173,USA,JPN,6531
1229268,239,114,1048,2014.0,36975640.0,149454816.0,0.135762,1.182052,VNM,JPN,6531
1229269,243,114,1048,2014.0,0.0,2376271.0,-1.178492,-1.2530629999999998,YEM,JPN,6531
1229270,246,114,1048,2014.0,0.0,1203544.0,0.156414,1.873848,ZAF,JPN,6531
1229271,247,114,1048,2014.0,0.0,66416.0,-0.506171,-0.680445,ZMB,JPN,6531
1229272,249,114,1048,2014.0,35172620.0,9078986.0,1.850481,1.081809,TWN,JPN,6531
1229273,250,114,1048,2014.0,0.0,1003158.0,0.426964,0.138883,ANS,JPN,6531
1229274,1,121,1048,2014.0,0.0,5983330.0,-0.9800639999999999,-0.8281790000000001,AFG,KOR,6531
1229275,7,121,1048,2014.0,314777.0,193750448.0,-0.121018,-0.51841,ARE,KOR,6531
1229276,8,121,1048,2014.0,0.0,5887832.0,-0.047848,0.48062,ARG,KOR,6531
1229277,9,121,1048,2014.0,0.0,40565.0,-0.143991,-0.5265890000000001,ARM,KOR,6531
1229278,14,121,1048,2014.0,39889.0,5942748.0,-0.587779,-0.29813,AUS,KOR,6531
1229279,15,121,1048,2014.0,28906.0,1410347.0,1.782532,-0.84455,AUT,KOR,6531
1229280,18,121,1048,2014.0,1694734.0,6356530.0,1.182934,1.1967139999999998,BEL,KOR,6531
1229281,22,121,1048,2014.0,59388.0,29163368.0,-0.76547,-0.9645469999999999,BGD,KOR,6531
1229282,23,121,1048,2014.0,0.0,546141.0,0.611912,1.594597,BGR,KOR,6531
1229283,24,121,1048,2014.0,0.0,5053288.0,0.087173,-0.542374,BHR,KOR,6531
1229284,26,121,1048,2014.0,0.0,704045.0,0.737556,0.9815530000000001,BIH,KOR,6531
1229285,28,121,1048,2014.0,0.0,260043.0,0.929114,0.7313069999999999,BLR,KOR,6531
1229286,31,121,1048,2014.0,0.0,466705.0,-1.200516,-1.052286,BOL,KOR,6531
1229287,32,121,1048,2014.0,0.0,20852456.0,0.23286700000000002,0.968366,BRA,KOR,6531
1229288,34,121,1048,2014.0,0.0,35753.0,-0.866534,-0.764166,BRN,KOR,6531
1229289,39,121,1048,2014.0,21465.0,7972066.0,0.6145430000000001,1.1815360000000001,CAN,KOR,6531
1229290,41,121,1048,2014.0,2104842.0,191137.0,2.027022,0.780257,CHE,KOR,6531
1229291,42,121,1048,2014.0,0.0,7323524.0,-0.196236,-0.162428,CHL,KOR,6531
1229292,43,121,1048,2014.0,174645520.0,407612032.0,1.316443,0.35039899999999996,CHN,KOR,6531
1229293,44,121,1048,2014.0,0.0,130052.0,-0.854784,-0.781877,CIV,KOR,6531
1229294,45,121,1048,2014.0,1132.0,108671.0,-0.726413,-0.927583,CMR,KOR,6531
1229295,49,121,1048,2014.0,59318.0,6846922.0,0.084348,-0.39008200000000004,COL,KOR,6531
1229296,52,121,1048,2014.0,0.0,3827998.0,0.13936500000000002,-0.573277,CRI,KOR,6531
1229297,54,121,1048,2014.0,0.0,46828.0,-0.5320560000000001,-0.941575,CUB,KOR,6531
1229298,58,121,1048,2014.0,0.0,1297837.0,0.476854,0.572103,CYP,KOR,6531
1229299,59,121,1048,2014.0,22616.0,11835209.0,1.761204,-0.148263,CZE,KOR,6531
1229300,61,121,1048,2014.0,4623930.0,23049318.0,2.106119,-3.225189,DEU,KOR,6531
1229301,64,121,1048,2014.0,235253.0,879284.0,1.15411,1.160462,DNK,KOR,6531
1229302,65,121,1048,2014.0,0.0,318216.0,-0.076532,0.472746,DOM,KOR,6531
1229303,66,121,1048,2014.0,0.0,3497240.0,-1.427966,-1.1216760000000001,DZA,KOR,6531
1229304,67,121,1048,2014.0,0.0,2418610.0,-1.0520559999999999,-1.109638,ECU,KOR,6531
1229305,68,121,1048,2014.0,230327.0,76457304.0,-0.036009,2.027503,EGY,KOR,6531
1229306,71,121,1048,2014.0,1570722.0,38116448.0,0.9574159999999999,1.787233,ESP,KOR,6531
1229307,72,121,1048,2014.0,0.0,656384.0,1.022704,1.175645,EST,KOR,6531
1229308,73,121,1048,2014.0,0.0,1370113.0,-1.147242,-0.986643,ETH,KOR,6531
1229309,74,121,1048,2014.0,0.0,9032670.0,1.591758,0.9737819999999999,FIN,KOR,6531
1229310,75,121,1048,2014.0,0.0,438768.0,-0.20919699999999997,0.095276,FJI,KOR,6531
1229311,77,121,1048,2014.0,1390180.0,27661836.0,1.432323,0.43023,FRA,KOR,6531
1229312,81,121,1048,2014.0,345438.0,17499706.0,1.542804,0.915499,GBR,KOR,6531
1229313,82,121,1048,2014.0,0.0,6804.0,-0.23090300000000002,-0.510401,GEO,KOR,6531
1229314,83,121,1048,2014.0,0.0,95019.0,-1.1140299999999999,-1.0711700000000002,GHA,KOR,6531
1229315,87,121,1048,2014.0,0.0,54903.0,-0.79725,-0.8249059999999999,GMB,KOR,6531
1229316,90,121,1048,2014.0,9601.0,3235135.0,0.064193,0.955633,GRC,KOR,6531
1229317,93,121,1048,2014.0,3719.0,813854.0,-0.24762199999999998,0.536379,GTM,KOR,6531
1229318,95,121,1048,2014.0,0.0,3955.0,0.642578,-0.143714,GUM,KOR,6531
1229319,96,121,1048,2014.0,0.0,16145.0,-0.88674,-1.048691,GUY,KOR,6531
1229320,97,121,1048,2014.0,464697.0,123532768.0,0.9198440000000001,1.257131,HKG,KOR,6531
1229321,99,121,1048,2014.0,0.0,66059.0,-0.372433,0.036463,HND,KOR,6531
1229322,100,121,1048,2014.0,0.0,199084.0,0.8627809999999999,1.3475549999999998,HRV,KOR,6531
1229323,101,121,1048,2014.0,0.0,154456.0,-0.894977,-1.0674379999999999,HTI,KOR,6531
1229324,102,121,1048,2014.0,229766.0,13786573.0,1.713536,0.5681729999999999,HUN,KOR,6531
1229325,103,121,1048,2014.0,23218526.0,139685152.0,0.068135,1.672437,IDN,KOR,6531
1229326,104,121,1048,2014.0,446119.0,20265956.0,0.236316,2.659173,IND,KOR,6531
1229327,106,121,1048,2014.0,0.0,208610.0,1.3749790000000002,0.41131899999999993,IRL,KOR,6531
1229328,107,121,1048,2014.0,0.0,6194922.0,-0.47744899999999996,-0.429676,IRN,KOR,6531
1229329,108,121,1048,2014.0,0.0,1863815.0,-3.04704,-0.9082290000000001,IRQ,KOR,6531
1229330,109,121,1048,2014.0,0.0,8357.0,0.130097,-0.313819,ISL,KOR,6531
1229331,110,121,1048,2014.0,32766.0,3971248.0,0.9753860000000001,0.810342,ISR,KOR,6531
1229332,111,121,1048,2014.0,5731508.0,36726220.0,1.476328,-0.293302,ITA,KOR,6531
1229333,112,121,1048,2014.0,0.0,1035.0,-0.390841,-0.804425,JAM,KOR,6531
1229334,113,121,1048,2014.0,0.0,4343172.0,0.23508800000000002,0.47597,JOR,KOR,6531
1229335,114,121,1048,2014.0,21322786.0,67556320.0,2.297789,-0.58585,JPN,KOR,6531
1229336,115,121,1048,2014.0,0.0,161366.0,-0.503438,-0.5477850000000001,KAZ,KOR,6531
1229337,116,121,1048,2014.0,8366.0,3656955.0,-0.411786,0.219875,KEN,KOR,6531
1229338,117,121,1048,2014.0,0.0,3878608.0,-0.11451099999999999,0.358754,KGZ,KOR,6531
1229339,118,121,1048,2014.0,20979.0,7427227.0,-0.5871430000000001,-0.7545850000000001,KHM,KOR,6531
1229340,122,121,1048,2014.0,0.0,17037332.0,-1.2601069999999999,-1.0929360000000001,KWT,KOR,6531
1229341,123,121,1048,2014.0,0.0,85753.0,-0.924599,-0.7456430000000001,LAO,KOR,6531
1229342,124,121,1048,2014.0,0.0,2123752.0,0.32006799999999996,1.666039,LBN,KOR,6531
1229343,126,121,1048,2014.0,0.0,823463.0,-1.539253,-1.159929,LBY,KOR,6531
1229344,128,121,1048,2014.0,54429.0,19135380.0,-0.30641399999999996,0.29736799999999997,LKA,KOR,6531
1229345,130,121,1048,2014.0,0.0,185337.0,0.679488,1.558981,LTU,KOR,6531
1229346,131,121,1048,2014.0,392215.0,899198.0,1.093816,1.270669,LUX,KOR,6531
1229347,132,121,1048,2014.0,0.0,472158.0,0.6501,1.35321,LVA,KOR,6531
1229348,133,121,1048,2014.0,0.0,55683.0,0.781301,0.522065,MAC,KOR,6531
1229349,134,121,1048,2014.0,0.0,3206849.0,-0.429457,0.039947,MAR,KOR,6531
1229350,135,121,1048,2014.0,0.0,24901.0,0.031916,0.24264499999999997,MDA,KOR,6531
1229351,136,121,1048,2014.0,0.0,54369.0,-0.690485,-0.5090020000000001,MDG,KOR,6531
1229352,137,121,1048,2014.0,0.0,3338.0,-0.6189939999999999,-0.880108,MDV,KOR,6531
1229353,138,121,1048,2014.0,43186.0,19666548.0,1.292327,0.713879,MEX,KOR,6531
1229354,140,121,1048,2014.0,0.0,343616.0,-0.216313,-0.214403,MKD,KOR,6531
1229355,142,121,1048,2014.0,0.0,23693.0,0.8871379999999999,0.088535,MLT,KOR,6531
1229356,143,121,1048,2014.0,98039.0,40168088.0,-1.350593,-1.1112229999999998,MMR,KOR,6531
1229357,145,121,1048,2014.0,0.0,69710.0,-1.368502,-1.17111,MNG,KOR,6531
1229358,148,121,1048,2014.0,0.0,96681.0,-1.425856,-1.213441,MRT,KOR,6531
1229359,151,121,1048,2014.0,0.0,61613.0,-0.055786,-0.1488,MUS,KOR,6531
1229360,152,121,1048,2014.0,0.0,41624.0,-0.457027,-0.588539,MWI,KOR,6531
1229361,153,121,1048,2014.0,1705984.0,6834964.0,0.995226,0.7797810000000001,MYS,KOR,6531
1229362,159,121,1048,2014.0,0.0,3243665.0,-1.9012419999999999,-1.229264,NGA,KOR,6531
1229363,160,121,1048,2014.0,0.0,243442.0,-0.85321,-0.796656,NIC,KOR,6531
1229364,162,121,1048,2014.0,782386.0,7526183.0,1.08881,1.320941,NLD,KOR,6531
1229365,163,121,1048,2014.0,13463.0,77436.0,0.678424,0.137871,NOR,KOR,6531
1229366,164,121,1048,2014.0,0.0,26059.0,-0.083094,0.349348,NPL,KOR,6531
1229367,166,121,1048,2014.0,14874.0,2698914.0,0.123649,0.26129,NZL,KOR,6531
1229368,167,121,1048,2014.0,0.0,883740.0,-0.7307060000000001,-1.060975,OMN,KOR,6531
1229369,168,121,1048,2014.0,0.0,5947251.0,-0.595946,0.493716,PAK,KOR,6531
1229370,169,121,1048,2014.0,0.0,871107.0,0.8997200000000001,0.9699139999999999,PAN,KOR,6531
1229371,173,121,1048,2014.0,11220.0,2207028.0,-0.617883,0.427092,PER,KOR,6531
1229372,174,121,1048,2014.0,133341.0,34106304.0,0.835601,0.589322,PHL,KOR,6531
1229373,177,121,1048,2014.0,266601.0,13838587.0,1.1328690000000001,1.043185,POL,KOR,6531
1229374,179,121,1048,2014.0,158969.0,2576318.0,0.763352,2.041559,PRT,KOR,6531
1229375,180,121,1048,2014.0,0.0,147155.0,-0.612822,-0.8764139999999999,PRY,KOR,6531
1229376,181,121,1048,2014.0,0.0,95505.0,0.129971,0.775546,PSE,KOR,6531
1229377,182,121,1048,2014.0,0.0,18150.0,-0.187778,-0.7217060000000001,PYF,KOR,6531
1229378,183,121,1048,2014.0,0.0,3576137.0,-0.5604899999999999,-0.989015,QAT,KOR,6531
1229379,185,121,1048,2014.0,6028.0,16625459.0,1.0837940000000001,1.199571,ROU,KOR,6531
1229380,186,121,1048,2014.0,12675.0,18854452.0,-0.006737000000000001,-0.172237,RUS,KOR,6531
1229381,188,121,1048,2014.0,1103671.0,117472664.0,-0.188727,-0.8629459999999999,SAU,KOR,6531
1229382,190,121,1048,2014.0,0.0,144678.0,-1.473904,-1.154731,SDN,KOR,6531
1229383,191,121,1048,2014.0,0.0,30381.0,-0.509239,0.002353,SEN,KOR,6531
1229384,192,121,1048,2014.0,149775.0,3278412.0,1.750361,0.63849,SGP,KOR,6531
1229385,197,121,1048,2014.0,0.0,591568.0,0.11639200000000001,0.368644,SLV,KOR,6531
1229386,201,121,1048,2014.0,0.0,108494.0,0.6017979999999999,1.328124,SRB,KOR,6531
1229387,205,121,1048,2014.0,0.0,30523.0,-0.278229,-0.9962840000000001,SUR,KOR,6531
1229388,206,121,1048,2014.0,0.0,2694824.0,1.525525,0.773486,SVK,KOR,6531
1229389,207,121,1048,2014.0,3200.0,4774914.0,1.554693,0.633504,SVN,KOR,6531
1229390,208,121,1048,2014.0,0.0,104851.0,1.7256330000000002,0.395804,SWE,KOR,6531
1229391,209,121,1048,2014.0,0.0,476425.0,0.383407,-0.064228,SWZ,KOR,6531
1229392,212,121,1048,2014.0,0.0,731216.0,-0.22825,0.803708,SYR,KOR,6531
1229393,216,121,1048,2014.0,2153560.0,49503184.0,1.111392,1.3500370000000002,THA,KOR,6531
1229394,222,121,1048,2014.0,0.0,110989.0,-0.582991,-1.055078,TTO,KOR,6531
1229395,223,121,1048,2014.0,0.0,302324.0,0.45973800000000004,0.9595459999999999,TUN,KOR,6531
1229396,224,121,1048,2014.0,1145680.0,51536124.0,0.6641600000000001,2.091193,TUR,KOR,6531
1229397,226,121,1048,2014.0,0.0,65337.0,-0.909005,0.511175,TZA,KOR,6531
1229398,228,121,1048,2014.0,3265.0,1564262.0,0.505369,1.07634,UKR,KOR,6531
1229399,230,121,1048,2014.0,0.0,203512.0,0.155247,-0.091751,URY,KOR,6531
1229400,231,121,1048,2014.0,1883329.0,124373400.0,1.569577,-0.293173,USA,KOR,6531
1229401,232,121,1048,2014.0,0.0,1533295.0,-0.422387,-0.44193599999999994,UZB,KOR,6531
1229402,236,121,1048,2014.0,2062.0,229333.0,-1.1668459999999998,-1.134262,VEN,KOR,6531
1229403,239,121,1048,2014.0,65666668.0,456106880.0,0.135762,1.182052,VNM,KOR,6531
1229404,243,121,1048,2014.0,0.0,17774288.0,-1.178492,-1.2530629999999998,YEM,KOR,6531
1229405,246,121,1048,2014.0,2811.0,4158900.0,0.156414,1.873848,ZAF,KOR,6531
1229406,247,121,1048,2014.0,0.0,23534.0,-0.506171,-0.680445,ZMB,KOR,6531
1229407,248,121,1048,2014.0,0.0,382932.0,-0.732781,-0.875713,ZWE,KOR,6531
1229408,249,121,1048,2014.0,25696102.0,30958164.0,1.850481,1.081809,TWN,KOR,6531
1229409,7,122,1048,2014.0,653518.0,128720.0,-0.121018,-0.51841,ARE,KWT,6531
1229410,14,122,1048,2014.0,5157.0,0.0,-0.587779,-0.29813,AUS,KWT,6531
1229411,15,122,1048,2014.0,17616.0,0.0,1.782532,-0.84455,AUT,KWT,6531
1229412,18,122,1048,2014.0,27225.0,0.0,1.182934,1.1967139999999998,BEL,KWT,6531
1229413,22,122,1048,2014.0,9352.0,0.0,-0.76547,-0.9645469999999999,BGD,KWT,6531
1229414,24,122,1048,2014.0,71893.0,8927.0,0.087173,-0.542374,BHR,KWT,6531
1229415,39,122,1048,2014.0,1016.0,0.0,0.6145430000000001,1.1815360000000001,CAN,KWT,6531
1229416,41,122,1048,2014.0,77995.0,0.0,2.027022,0.780257,CHE,KWT,6531
1229417,43,122,1048,2014.0,27902888.0,2108.0,1.316443,0.35039899999999996,CHN,KWT,6531
1229418,61,122,1048,2014.0,244734.0,0.0,2.106119,-3.225189,DEU,KWT,6531
1229419,68,122,1048,2014.0,277379.0,0.0,-0.036009,2.027503,EGY,KWT,6531
1229420,71,122,1048,2014.0,176376.0,0.0,0.9574159999999999,1.787233,ESP,KWT,6531
1229421,77,122,1048,2014.0,214253.0,0.0,1.432323,0.43023,FRA,KWT,6531
1229422,81,122,1048,2014.0,179034.0,1553.0,1.542804,0.915499,GBR,KWT,6531
1229423,90,122,1048,2014.0,2955.0,0.0,0.064193,0.955633,GRC,KWT,6531
1229424,103,122,1048,2014.0,4098796.0,0.0,0.068135,1.672437,IDN,KWT,6531
1229425,104,122,1048,2014.0,12478355.0,0.0,0.236316,2.659173,IND,KWT,6531
1229426,107,122,1048,2014.0,22691.0,15214.0,-0.47744899999999996,-0.429676,IRN,KWT,6531
1229427,108,122,1048,2014.0,0.0,30323.0,-3.04704,-0.9082290000000001,IRQ,KWT,6531
1229428,111,122,1048,2014.0,625199.0,0.0,1.476328,-0.293302,ITA,KWT,6531
1229429,113,122,1048,2014.0,0.0,6263.0,0.23508800000000002,0.47597,JOR,KWT,6531
1229430,114,122,1048,2014.0,6566700.0,0.0,2.297789,-0.58585,JPN,KWT,6531
1229431,118,122,1048,2014.0,1131.0,0.0,-0.5871430000000001,-0.7545850000000001,KHM,KWT,6531
1229432,121,122,1048,2014.0,17037332.0,0.0,1.9642650000000001,0.86425,KOR,KWT,6531
1229433,124,122,1048,2014.0,1484.0,0.0,0.32006799999999996,1.666039,LBN,KWT,6531
1229434,128,122,1048,2014.0,1261.0,0.0,-0.30641399999999996,0.29736799999999997,LKA,KWT,6531
1229435,162,122,1048,2014.0,44166.0,0.0,1.08881,1.320941,NLD,KWT,6531
1229436,167,122,1048,2014.0,0.0,9397.0,-0.7307060000000001,-1.060975,OMN,KWT,6531
1229437,168,122,1048,2014.0,400098.0,0.0,-0.595946,0.493716,PAK,KWT,6531
1229438,183,122,1048,2014.0,0.0,25243.0,-0.5604899999999999,-0.989015,QAT,KWT,6531
1229439,188,122,1048,2014.0,70143.0,1128825.0,-0.188727,-0.8629459999999999,SAU,KWT,6531
1229440,192,122,1048,2014.0,3531.0,0.0,1.750361,0.63849,SGP,KWT,6531
1229441,208,122,1048,2014.0,1064.0,0.0,1.7256330000000002,0.395804,SWE,KWT,6531
1229442,212,122,1048,2014.0,0.0,4259.0,-0.22825,0.803708,SYR,KWT,6531
1229443,216,122,1048,2014.0,902229.0,0.0,1.111392,1.3500370000000002,THA,KWT,6531
1229444,224,122,1048,2014.0,4244110.0,0.0,0.6641600000000001,2.091193,TUR,KWT,6531
1229445,231,122,1048,2014.0,237304.0,0.0,1.569577,-0.293173,USA,KWT,6531
1229446,239,122,1048,2014.0,119465.0,0.0,0.135762,1.182052,VNM,KWT,6531
1229447,249,122,1048,2014.0,2637581.0,0.0,1.850481,1.081809,TWN,KWT,6531
1229448,7,134,1048,2014.0,141834.0,242025.0,-0.121018,-0.51841,ARE,MAR,6531
1229449,14,134,1048,2014.0,0.0,4492.0,-0.587779,-0.29813,AUS,MAR,6531
1229450,15,134,1048,2014.0,66428.0,0.0,1.782532,-0.84455,AUT,MAR,6531
1229451,18,134,1048,2014.0,2634950.0,173854.0,1.182934,1.1967139999999998,BEL,MAR,6531
1229452,23,134,1048,2014.0,60908.0,0.0,0.611912,1.594597,BGR,MAR,6531
1229453,39,134,1048,2014.0,0.0,1783.0,0.6145430000000001,1.1815360000000001,CAN,MAR,6531
1229454,41,134,1048,2014.0,29929.0,0.0,2.027022,0.780257,CHE,MAR,6531
1229455,43,134,1048,2014.0,34345964.0,103182.0,1.316443,0.35039899999999996,CHN,MAR,6531
1229456,59,134,1048,2014.0,147824.0,0.0,1.761204,-0.148263,CZE,MAR,6531
1229457,61,134,1048,2014.0,1987241.0,854198.0,2.106119,-3.225189,DEU,MAR,6531
1229458,64,134,1048,2014.0,1003.0,0.0,1.15411,1.160462,DNK,MAR,6531
1229459,66,134,1048,2014.0,0.0,726970.0,-1.427966,-1.1216760000000001,DZA,MAR,6531
1229460,68,134,1048,2014.0,389581.0,0.0,-0.036009,2.027503,EGY,MAR,6531
1229461,71,134,1048,2014.0,157417072.0,3138169.0,0.9574159999999999,1.787233,ESP,MAR,6531
1229462,72,134,1048,2014.0,0.0,6450.0,1.022704,1.175645,EST,MAR,6531
1229463,77,134,1048,2014.0,35727668.0,937968.0,1.432323,0.43023,FRA,MAR,6531
1229464,81,134,1048,2014.0,2531174.0,127199.0,1.542804,0.915499,GBR,MAR,6531
1229465,90,134,1048,2014.0,13124.0,0.0,0.064193,0.955633,GRC,MAR,6531
1229466,97,134,1048,2014.0,109152.0,4719.0,0.9198440000000001,1.257131,HKG,MAR,6531
1229467,102,134,1048,2014.0,6359.0,0.0,1.713536,0.5681729999999999,HUN,MAR,6531
1229468,103,134,1048,2014.0,231619.0,44703.0,0.068135,1.672437,IDN,MAR,6531
1229469,104,134,1048,2014.0,4186190.0,0.0,0.236316,2.659173,IND,MAR,6531
1229470,106,134,1048,2014.0,46058.0,0.0,1.3749790000000002,0.41131899999999993,IRL,MAR,6531
1229471,110,134,1048,2014.0,0.0,2640.0,0.9753860000000001,0.810342,ISR,MAR,6531
1229472,111,134,1048,2014.0,9033958.0,130473.0,1.476328,-0.293302,ITA,MAR,6531
1229473,114,134,1048,2014.0,1224599.0,0.0,2.297789,-0.58585,JPN,MAR,6531
1229474,121,134,1048,2014.0,3206849.0,0.0,1.9642650000000001,0.86425,KOR,MAR,6531
1229475,124,134,1048,2014.0,6027.0,14662.0,0.32006799999999996,1.666039,LBN,MAR,6531
1229476,128,134,1048,2014.0,0.0,1193.0,-0.30641399999999996,0.29736799999999997,LKA,MAR,6531
1229477,130,134,1048,2014.0,6749.0,8950.0,0.679488,1.558981,LTU,MAR,6531
1229478,131,134,1048,2014.0,126636.0,0.0,1.093816,1.270669,LUX,MAR,6531
1229479,132,134,1048,2014.0,0.0,34897.0,0.6501,1.35321,LVA,MAR,6531
1229480,135,134,1048,2014.0,0.0,1294.0,0.031916,0.24264499999999997,MDA,MAR,6531
1229481,140,134,1048,2014.0,0.0,10888.0,-0.216313,-0.214403,MKD,MAR,6531
1229482,148,134,1048,2014.0,37666.0,69903.0,-1.425856,-1.213441,MRT,MAR,6531
1229483,153,134,1048,2014.0,66145.0,0.0,0.995226,0.7797810000000001,MYS,MAR,6531
1229484,162,134,1048,2014.0,313427.0,44258.0,1.08881,1.320941,NLD,MAR,6531
1229485,163,134,1048,2014.0,4588.0,0.0,0.678424,0.137871,NOR,MAR,6531
1229486,168,134,1048,2014.0,51817.0,0.0,-0.595946,0.493716,PAK,MAR,6531
1229487,177,134,1048,2014.0,1305460.0,48827.0,1.1328690000000001,1.043185,POL,MAR,6531
1229488,178,134,1048,2014.0,19714.0,0.0,-0.11844400000000001,0.067508,PRK,MAR,6531
1229489,179,134,1048,2014.0,838205.0,44387.0,0.763352,2.041559,PRT,MAR,6531
1229490,183,134,1048,2014.0,0.0,39031.0,-0.5604899999999999,-0.989015,QAT,MAR,6531
1229491,185,134,1048,2014.0,44078.0,0.0,1.0837940000000001,1.199571,ROU,MAR,6531
1229492,186,134,1048,2014.0,0.0,86771.0,-0.006737000000000001,-0.172237,RUS,MAR,6531
1229493,191,134,1048,2014.0,19161.0,2775600.0,-0.509239,0.002353,SEN,MAR,6531
1229494,192,134,1048,2014.0,0.0,1987.0,1.750361,0.63849,SGP,MAR,6531
1229495,208,134,1048,2014.0,21147.0,1957.0,1.7256330000000002,0.395804,SWE,MAR,6531
1229496,216,134,1048,2014.0,75718.0,0.0,1.111392,1.3500370000000002,THA,MAR,6531
1229497,223,134,1048,2014.0,997089.0,112855.0,0.45973800000000004,0.9595459999999999,TUN,MAR,6531
1229498,224,134,1048,2014.0,20206218.0,67028.0,0.6641600000000001,2.091193,TUR,MAR,6531
1229499,228,134,1048,2014.0,0.0,3505.0,0.505369,1.07634,UKR,MAR,6531
1229500,231,134,1048,2014.0,0.0,63524.0,1.569577,-0.293173,USA,MAR,6531
1229501,239,134,1048,2014.0,322798.0,0.0,0.135762,1.182052,VNM,MAR,6531
1229502,246,134,1048,2014.0,0.0,1151.0,0.156414,1.873848,ZAF,MAR,6531
1229503,249,134,1048,2014.0,1944261.0,0.0,1.850481,1.081809,TWN,MAR,6531
1229504,7,138,1048,2014.0,42482.0,17850.0,-0.121018,-0.51841,ARE,MEX,6531
1229505,8,138,1048,2014.0,39760.0,381141.0,-0.047848,0.48062,ARG,MEX,6531
1229506,14,138,1048,2014.0,125036.0,7337.0,-0.587779,-0.29813,AUS,MEX,6531
1229507,15,138,1048,2014.0,132164.0,0.0,1.782532,-0.84455,AUT,MEX,6531
1229508,18,138,1048,2014.0,1330284.0,0.0,1.182934,1.1967139999999998,BEL,MEX,6531
1229509,31,138,1048,2014.0,0.0,46970.0,-1.200516,-1.052286,BOL,MEX,6531
1229510,32,138,1048,2014.0,678410.0,4127028.0,0.23286700000000002,0.968366,BRA,MEX,6531
1229511,39,138,1048,2014.0,979425.0,650289.0,0.6145430000000001,1.1815360000000001,CAN,MEX,6531
1229512,41,138,1048,2014.0,106691.0,0.0,2.027022,0.780257,CHE,MEX,6531
1229513,42,138,1048,2014.0,212749.0,107805.0,-0.196236,-0.162428,CHL,MEX,6531
1229514,43,138,1048,2014.0,252087520.0,250758.0,1.316443,0.35039899999999996,CHN,MEX,6531
1229515,49,138,1048,2014.0,4565094.0,2312530.0,0.084348,-0.39008200000000004,COL,MEX,6531
1229516,52,138,1048,2014.0,0.0,1671589.0,0.13936500000000002,-0.573277,CRI,MEX,6531
1229517,54,138,1048,2014.0,0.0,157330.0,-0.5320560000000001,-0.941575,CUB,MEX,6531
1229518,59,138,1048,2014.0,138572.0,0.0,1.761204,-0.148263,CZE,MEX,6531
1229519,61,138,1048,2014.0,4273586.0,31077.0,2.106119,-3.225189,DEU,MEX,6531
1229520,65,138,1048,2014.0,3173.0,27777.0,-0.076532,0.472746,DOM,MEX,6531
1229521,67,138,1048,2014.0,0.0,68027.0,-1.0520559999999999,-1.109638,ECU,MEX,6531
1229522,71,138,1048,2014.0,8786564.0,82081.0,0.9574159999999999,1.787233,ESP,MEX,6531
1229523,77,138,1048,2014.0,661638.0,2199.0,1.432323,0.43023,FRA,MEX,6531
1229524,81,138,1048,2014.0,453028.0,0.0,1.542804,0.915499,GBR,MEX,6531
1229525,90,138,1048,2014.0,44525.0,4562.0,0.064193,0.955633,GRC,MEX,6531
1229526,93,138,1048,2014.0,4069254.0,2771752.0,-0.24762199999999998,0.536379,GTM,MEX,6531
1229527,97,138,1048,2014.0,3377795.0,18192.0,0.9198440000000001,1.257131,HKG,MEX,6531
1229528,99,138,1048,2014.0,23996.0,921579.0,-0.372433,0.036463,HND,MEX,6531
1229529,103,138,1048,2014.0,6512627.0,0.0,0.068135,1.672437,IDN,MEX,6531
1229530,104,138,1048,2014.0,8693316.0,116653.0,0.236316,2.659173,IND,MEX,6531
1229531,106,138,1048,2014.0,0.0,56739.0,1.3749790000000002,0.41131899999999993,IRL,MEX,6531
1229532,110,138,1048,2014.0,1685695.0,0.0,0.9753860000000001,0.810342,ISR,MEX,6531
1229533,111,138,1048,2014.0,7134154.0,16699.0,1.476328,-0.293302,ITA,MEX,6531
1229534,112,138,1048,2014.0,0.0,16945.0,-0.390841,-0.804425,JAM,MEX,6531
1229535,113,138,1048,2014.0,0.0,6498.0,0.23508800000000002,0.47597,JOR,MEX,6531
1229536,114,138,1048,2014.0,2211355.0,0.0,2.297789,-0.58585,JPN,MEX,6531
1229537,121,138,1048,2014.0,19666548.0,43186.0,1.9642650000000001,0.86425,KOR,MEX,6531
1229538,153,138,1048,2014.0,3423636.0,114495.0,0.995226,0.7797810000000001,MYS,MEX,6531
1229539,160,138,1048,2014.0,0.0,82243.0,-0.85321,-0.796656,NIC,MEX,6531
1229540,162,138,1048,2014.0,2498865.0,2987.0,1.08881,1.320941,NLD,MEX,6531
1229541,168,138,1048,2014.0,488100.0,0.0,-0.595946,0.493716,PAK,MEX,6531
1229542,169,138,1048,2014.0,0.0,13247.0,0.8997200000000001,0.9699139999999999,PAN,MEX,6531
1229543,173,138,1048,2014.0,1121754.0,4695115.0,-0.617883,0.427092,PER,MEX,6531
1229544,177,138,1048,2014.0,2360.0,0.0,1.1328690000000001,1.043185,POL,MEX,6531
1229545,179,138,1048,2014.0,121989.0,0.0,0.763352,2.041559,PRT,MEX,6531
1229546,185,138,1048,2014.0,39607.0,0.0,1.0837940000000001,1.199571,ROU,MEX,6531
1229547,197,138,1048,2014.0,1225692.0,131743.0,0.11639200000000001,0.368644,SLV,MEX,6531
1229548,208,138,1048,2014.0,98815.0,0.0,1.7256330000000002,0.395804,SWE,MEX,6531
1229549,216,138,1048,2014.0,2071348.0,426554.0,1.111392,1.3500370000000002,THA,MEX,6531
1229550,224,138,1048,2014.0,1684383.0,0.0,0.6641600000000001,2.091193,TUR,MEX,6531
1229551,230,138,1048,2014.0,0.0,4789.0,0.155247,-0.091751,URY,MEX,6531
1229552,231,138,1048,2014.0,262870512.0,33917344.0,1.569577,-0.293173,USA,MEX,6531
1229553,239,138,1048,2014.0,571916.0,0.0,0.135762,1.182052,VNM,MEX,6531
1229554,246,138,1048,2014.0,234001.0,0.0,0.156414,1.873848,ZAF,MEX,6531
1229555,249,138,1048,2014.0,50191980.0,0.0,1.850481,1.081809,TWN,MEX,6531
1229556,7,153,1048,2014.0,707889.0,263757.0,-0.121018,-0.51841,ARE,MYS,6531
1229557,14,153,1048,2014.0,680873.0,72473744.0,-0.587779,-0.29813,AUS,MYS,6531
1229558,15,153,1048,2014.0,50735.0,234533.0,1.782532,-0.84455,AUT,MYS,6531
1229559,18,153,1048,2014.0,829222.0,1899852.0,1.182934,1.1967139999999998,BEL,MYS,6531
1229560,22,153,1048,2014.0,0.0,122509.0,-0.76547,-0.9645469999999999,BGD,MYS,6531
1229561,24,153,1048,2014.0,4373.0,0.0,0.087173,-0.542374,BHR,MYS,6531
1229562,34,153,1048,2014.0,0.0,246644.0,-0.866534,-0.764166,BRN,MYS,6531
1229563,39,153,1048,2014.0,4588.0,779923.0,0.6145430000000001,1.1815360000000001,CAN,MYS,6531
1229564,41,153,1048,2014.0,46742.0,34501.0,2.027022,0.780257,CHE,MYS,6531
1229565,42,153,1048,2014.0,0.0,42136.0,-0.196236,-0.162428,CHL,MYS,6531
1229566,43,153,1048,2014.0,316841536.0,2968576.0,1.316443,0.35039899999999996,CHN,MYS,6531
1229567,49,153,1048,2014.0,0.0,1224869.0,0.084348,-0.39008200000000004,COL,MYS,6531
1229568,59,153,1048,2014.0,2117.0,1223733.0,1.761204,-0.148263,CZE,MYS,6531
1229569,61,153,1048,2014.0,1111552.0,2046071.0,2.106119,-3.225189,DEU,MYS,6531
1229570,64,153,1048,2014.0,9035.0,0.0,1.15411,1.160462,DNK,MYS,6531
1229571,67,153,1048,2014.0,0.0,104607.0,-1.0520559999999999,-1.109638,ECU,MYS,6531
1229572,68,153,1048,2014.0,0.0,1634576.0,-0.036009,2.027503,EGY,MYS,6531
1229573,71,153,1048,2014.0,329001.0,856005.0,0.9574159999999999,1.787233,ESP,MYS,6531
1229574,75,153,1048,2014.0,0.0,38487.0,-0.20919699999999997,0.095276,FJI,MYS,6531
1229575,77,153,1048,2014.0,112219.0,2020184.0,1.432323,0.43023,FRA,MYS,6531
1229576,81,153,1048,2014.0,438164.0,927928.0,1.542804,0.915499,GBR,MYS,6531
1229577,82,153,1048,2014.0,0.0,73958.0,-0.23090300000000002,-0.510401,GEO,MYS,6531
1229578,97,153,1048,2014.0,1146842.0,1309616.0,0.9198440000000001,1.257131,HKG,MYS,6531
1229579,99,153,1048,2014.0,0.0,3563.0,-0.372433,0.036463,HND,MYS,6531
1229580,102,153,1048,2014.0,0.0,76381.0,1.713536,0.5681729999999999,HUN,MYS,6531
1229581,103,153,1048,2014.0,56069356.0,1691476.0,0.068135,1.672437,IDN,MYS,6531
1229582,104,153,1048,2014.0,48953936.0,6100118.0,0.236316,2.659173,IND,MYS,6531
1229583,106,153,1048,2014.0,0.0,4167.0,1.3749790000000002,0.41131899999999993,IRL,MYS,6531
1229584,108,153,1048,2014.0,0.0,64415.0,-3.04704,-0.9082290000000001,IRQ,MYS,6531
1229585,111,153,1048,2014.0,1026232.0,3813992.0,1.476328,-0.293302,ITA,MYS,6531
1229586,113,153,1048,2014.0,0.0,20235.0,0.23508800000000002,0.47597,JOR,MYS,6531
1229587,114,153,1048,2014.0,5608399.0,11976058.0,2.297789,-0.58585,JPN,MYS,6531
1229588,118,153,1048,2014.0,8845636.0,128016.0,-0.5871430000000001,-0.7545850000000001,KHM,MYS,6531
1229589,121,153,1048,2014.0,6834964.0,1705984.0,1.9642650000000001,0.86425,KOR,MYS,6531
1229590,124,153,1048,2014.0,0.0,1050644.0,0.32006799999999996,1.666039,LBN,MYS,6531
1229591,128,153,1048,2014.0,10155.0,488011.0,-0.30641399999999996,0.29736799999999997,LKA,MYS,6531
1229592,130,153,1048,2014.0,12931.0,0.0,0.679488,1.558981,LTU,MYS,6531
1229593,131,153,1048,2014.0,44456.0,0.0,1.093816,1.270669,LUX,MYS,6531
1229594,134,153,1048,2014.0,0.0,66145.0,-0.429457,0.039947,MAR,MYS,6531
1229595,137,153,1048,2014.0,0.0,103738.0,-0.6189939999999999,-0.880108,MDV,MYS,6531
1229596,138,153,1048,2014.0,114495.0,3423636.0,1.292327,0.713879,MEX,MYS,6531
1229597,143,153,1048,2014.0,249475.0,511162.0,-1.350593,-1.1112229999999998,MMR,MYS,6531
1229598,147,153,1048,2014.0,0.0,2894.0,-1.03106,-0.9325260000000001,MOZ,MYS,6531
1229599,151,153,1048,2014.0,0.0,212617.0,-0.055786,-0.1488,MUS,MYS,6531
1229600,156,153,1048,2014.0,0.0,2210.0,-0.201994,-0.723618,NCL,MYS,6531
1229601,162,153,1048,2014.0,315845.0,536356.0,1.08881,1.320941,NLD,MYS,6531
1229602,163,153,1048,2014.0,7442.0,287319.0,0.678424,0.137871,NOR,MYS,6531
1229603,166,153,1048,2014.0,4810.0,116020.0,0.123649,0.26129,NZL,MYS,6531
1229604,167,153,1048,2014.0,0.0,101962.0,-0.7307060000000001,-1.060975,OMN,MYS,6531
1229605,168,153,1048,2014.0,4316610.0,192830.0,-0.595946,0.493716,PAK,MYS,6531
1229606,173,153,1048,2014.0,0.0,64734.0,-0.617883,0.427092,PER,MYS,6531
1229607,174,153,1048,2014.0,3510.0,16291970.0,0.835601,0.589322,PHL,MYS,6531
1229608,177,153,1048,2014.0,0.0,407698.0,1.1328690000000001,1.043185,POL,MYS,6531
1229609,179,153,1048,2014.0,2549.0,42240.0,0.763352,2.041559,PRT,MYS,6531
1229610,182,153,1048,2014.0,0.0,2087.0,-0.187778,-0.7217060000000001,PYF,MYS,6531
1229611,185,153,1048,2014.0,4058.0,1562.0,1.0837940000000001,1.199571,ROU,MYS,6531
1229612,186,153,1048,2014.0,8031.0,2506114.0,-0.006737000000000001,-0.172237,RUS,MYS,6531
1229613,188,153,1048,2014.0,174333.0,9161.0,-0.188727,-0.8629459999999999,SAU,MYS,6531
1229614,192,153,1048,2014.0,3387711.0,1345310.0,1.750361,0.63849,SGP,MYS,6531
1229615,197,153,1048,2014.0,0.0,15008.0,0.11639200000000001,0.368644,SLV,MYS,6531
1229616,206,153,1048,2014.0,3035.0,0.0,1.525525,0.773486,SVK,MYS,6531
1229617,208,153,1048,2014.0,32028.0,19432.0,1.7256330000000002,0.395804,SWE,MYS,6531
1229618,216,153,1048,2014.0,11773878.0,5129673.0,1.111392,1.3500370000000002,THA,MYS,6531
1229619,223,153,1048,2014.0,0.0,70659.0,0.45973800000000004,0.9595459999999999,TUN,MYS,6531
1229620,224,153,1048,2014.0,1809637.0,39302532.0,0.6641600000000001,2.091193,TUR,MYS,6531
1229621,228,153,1048,2014.0,0.0,118437.0,0.505369,1.07634,UKR,MYS,6531
1229622,231,153,1048,2014.0,877339.0,4085154.0,1.569577,-0.293173,USA,MYS,6531
1229623,236,153,1048,2014.0,0.0,141088.0,-1.1668459999999998,-1.134262,VEN,MYS,6531
1229624,239,153,1048,2014.0,17558238.0,8327896.0,0.135762,1.182052,VNM,MYS,6531
1229625,246,153,1048,2014.0,66703.0,246449.0,0.156414,1.873848,ZAF,MYS,6531
1229626,249,153,1048,2014.0,14915157.0,1318874.0,1.850481,1.081809,TWN,MYS,6531
1229627,32,160,1048,2014.0,17195.0,0.0,0.23286700000000002,0.968366,BRA,NIC,6531
1229628,43,160,1048,2014.0,11533079.0,0.0,1.316443,0.35039899999999996,CHN,NIC,6531
1229629,52,160,1048,2014.0,181950.0,71991.0,0.13936500000000002,-0.573277,CRI,NIC,6531
1229630,61,160,1048,2014.0,2004.0,0.0,2.106119,-3.225189,DEU,NIC,6531
1229631,71,160,1048,2014.0,45785.0,0.0,0.9574159999999999,1.787233,ESP,NIC,6531
1229632,93,160,1048,2014.0,2090172.0,31061.0,-0.24762199999999998,0.536379,GTM,NIC,6531
1229633,97,160,1048,2014.0,1742151.0,0.0,0.9198440000000001,1.257131,HKG,NIC,6531
1229634,103,160,1048,2014.0,26213.0,0.0,0.068135,1.672437,IDN,NIC,6531
1229635,104,160,1048,2014.0,849574.0,0.0,0.236316,2.659173,IND,NIC,6531
1229636,110,160,1048,2014.0,8083.0,0.0,0.9753860000000001,0.810342,ISR,NIC,6531
1229637,121,160,1048,2014.0,243442.0,0.0,1.9642650000000001,0.86425,KOR,NIC,6531
1229638,138,160,1048,2014.0,82243.0,0.0,1.292327,0.713879,MEX,NIC,6531
1229639,168,160,1048,2014.0,3506.0,0.0,-0.595946,0.493716,PAK,NIC,6531
1229640,169,160,1048,2014.0,688656.0,0.0,0.8997200000000001,0.9699139999999999,PAN,NIC,6531
1229641,197,160,1048,2014.0,1094778.0,0.0,0.11639200000000001,0.368644,SLV,NIC,6531
1229642,216,160,1048,2014.0,114997.0,0.0,1.111392,1.3500370000000002,THA,NIC,6531
1229643,231,160,1048,2014.0,1329103.0,171953.0,1.569577,-0.293173,USA,NIC,6531
1229644,249,160,1048,2014.0,8475496.0,0.0,1.850481,1.081809,TWN,NIC,6531
1229645,0,162,1048,2014.0,0.0,13242.0,0.279562,-0.371938,ABW,NLD,6531
1229646,4,162,1048,2014.0,0.0,9761.0,-0.44000200000000006,-0.168443,ALB,NLD,6531
1229647,5,162,1048,2014.0,0.0,1509.0,0.512367,-0.438594,AND,NLD,6531
1229648,7,162,1048,2014.0,22048.0,761992.0,-0.121018,-0.51841,ARE,NLD,6531
1229649,8,162,1048,2014.0,1231.0,372310.0,-0.047848,0.48062,ARG,NLD,6531
1229650,9,162,1048,2014.0,0.0,39822.0,-0.143991,-0.5265890000000001,ARM,NLD,6531
1229651,14,162,1048,2014.0,5579.0,698624.0,-0.587779,-0.29813,AUS,NLD,6531
1229652,15,162,1048,2014.0,841817.0,2785678.0,1.782532,-0.84455,AUT,NLD,6531
1229653,18,162,1048,2014.0,53336752.0,14809074.0,1.182934,1.1967139999999998,BEL,NLD,6531
1229654,19,162,1048,2014.0,0.0,6568.0,-0.461501,-0.7216819999999999,BEN,NLD,6531
1229655,22,162,1048,2014.0,12130.0,0.0,-0.76547,-0.9645469999999999,BGD,NLD,6531
1229656,23,162,1048,2014.0,101848.0,495390.0,0.611912,1.594597,BGR,NLD,6531
1229657,24,162,1048,2014.0,0.0,36120.0,0.087173,-0.542374,BHR,NLD,6531
1229658,25,162,1048,2014.0,0.0,23626.0,0.199967,-0.640347,BHS,NLD,6531
1229659,26,162,1048,2014.0,19986.0,821278.0,0.737556,0.9815530000000001,BIH,NLD,6531
1229660,28,162,1048,2014.0,38241.0,869147.0,0.929114,0.7313069999999999,BLR,NLD,6531
1229661,32,162,1048,2014.0,41160.0,1350482.0,0.23286700000000002,0.968366,BRA,NLD,6531
1229662,33,162,1048,2014.0,0.0,1089.0,0.45538500000000004,-0.126756,BRB,NLD,6531
1229663,39,162,1048,2014.0,145355.0,600053.0,0.6145430000000001,1.1815360000000001,CAN,NLD,6531
1229664,41,162,1048,2014.0,808635.0,894394.0,2.027022,0.780257,CHE,NLD,6531
1229665,42,162,1048,2014.0,0.0,44136.0,-0.196236,-0.162428,CHL,NLD,6531
1229666,43,162,1048,2014.0,68656144.0,431648.0,1.316443,0.35039899999999996,CHN,NLD,6531
1229667,44,162,1048,2014.0,0.0,26147.0,-0.854784,-0.781877,CIV,NLD,6531
1229668,45,162,1048,2014.0,0.0,7011.0,-0.726413,-0.927583,CMR,NLD,6531
1229669,49,162,1048,2014.0,0.0,199016.0,0.084348,-0.39008200000000004,COL,NLD,6531
1229670,52,162,1048,2014.0,0.0,1499.0,0.13936500000000002,-0.573277,CRI,NLD,6531
1229671,55,162,1048,2014.0,0.0,50650.0,0.094776,-0.738603,CUW,NLD,6531
1229672,58,162,1048,2014.0,0.0,58943.0,0.476854,0.572103,CYP,NLD,6531
1229673,59,162,1048,2014.0,13772240.0,1405212.0,1.761204,-0.148263,CZE,NLD,6531
1229674,61,162,1048,2014.0,62635052.0,26734064.0,2.106119,-3.225189,DEU,NLD,6531
1229675,62,162,1048,2014.0,0.0,33464.0,-0.552959,-0.840274,DJI,NLD,6531
1229676,64,162,1048,2014.0,674059.0,5339911.0,1.15411,1.160462,DNK,NLD,6531
1229677,65,162,1048,2014.0,17257.0,45590.0,-0.076532,0.472746,DOM,NLD,6531
1229678,66,162,1048,2014.0,34398.0,45208.0,-1.427966,-1.1216760000000001,DZA,NLD,6531
1229679,67,162,1048,2014.0,0.0,10585.0,-1.0520559999999999,-1.109638,ECU,NLD,6531
1229680,68,162,1048,2014.0,15812.0,4215.0,-0.036009,2.027503,EGY,NLD,6531
1229681,71,162,1048,2014.0,6231566.0,3610054.0,0.9574159999999999,1.787233,ESP,NLD,6531
1229682,72,162,1048,2014.0,0.0,1328896.0,1.022704,1.175645,EST,NLD,6531
1229683,74,162,1048,2014.0,6433.0,2277112.0,1.591758,0.9737819999999999,FIN,NLD,6531
1229684,77,162,1048,2014.0,3456100.0,7020230.0,1.432323,0.43023,FRA,NLD,6531
1229685,80,162,1048,2014.0,0.0,57372.0,-1.354381,-1.100019,GAB,NLD,6531
1229686,81,162,1048,2014.0,9391520.0,10752381.0,1.542804,0.915499,GBR,NLD,6531
1229687,82,162,1048,2014.0,0.0,9151.0,-0.23090300000000002,-0.510401,GEO,NLD,6531
1229688,83,162,1048,2014.0,0.0,5891.0,-1.1140299999999999,-1.0711700000000002,GHA,NLD,6531
1229689,90,162,1048,2014.0,2677590.0,538722.0,0.064193,0.955633,GRC,NLD,6531
1229690,91,162,1048,2014.0,0.0,5628.0,0.30344,-0.5055350000000001,GRD,NLD,6531
1229691,93,162,1048,2014.0,0.0,12744.0,-0.24762199999999998,0.536379,GTM,NLD,6531
1229692,97,162,1048,2014.0,130989.0,252613.0,0.9198440000000001,1.257131,HKG,NLD,6531
1229693,100,162,1048,2014.0,100448.0,571044.0,0.8627809999999999,1.3475549999999998,HRV,NLD,6531
1229694,102,162,1048,2014.0,8522957.0,879056.0,1.713536,0.5681729999999999,HUN,NLD,6531
1229695,103,162,1048,2014.0,3156308.0,52187.0,0.068135,1.672437,IDN,NLD,6531
1229696,104,162,1048,2014.0,1862966.0,404568.0,0.236316,2.659173,IND,NLD,6531
1229697,106,162,1048,2014.0,0.0,84706.0,1.3749790000000002,0.41131899999999993,IRL,NLD,6531
1229698,107,162,1048,2014.0,0.0,5245.0,-0.47744899999999996,-0.429676,IRN,NLD,6531
1229699,109,162,1048,2014.0,0.0,157735.0,0.130097,-0.313819,ISL,NLD,6531
1229700,110,162,1048,2014.0,2052250.0,553857.0,0.9753860000000001,0.810342,ISR,NLD,6531
1229701,111,162,1048,2014.0,14985352.0,6762506.0,1.476328,-0.293302,ITA,NLD,6531
1229702,113,162,1048,2014.0,0.0,4876.0,0.23508800000000002,0.47597,JOR,NLD,6531
1229703,114,162,1048,2014.0,482881.0,456395.0,2.297789,-0.58585,JPN,NLD,6531
1229704,115,162,1048,2014.0,0.0,3018730.0,-0.503438,-0.5477850000000001,KAZ,NLD,6531
1229705,121,162,1048,2014.0,7526183.0,782386.0,1.9642650000000001,0.86425,KOR,NLD,6531
1229706,122,162,1048,2014.0,0.0,44166.0,-1.2601069999999999,-1.0929360000000001,KWT,NLD,6531
1229707,124,162,1048,2014.0,0.0,63880.0,0.32006799999999996,1.666039,LBN,NLD,6531
1229708,128,162,1048,2014.0,0.0,150928.0,-0.30641399999999996,0.29736799999999997,LKA,NLD,6531
1229709,130,162,1048,2014.0,149281.0,549348.0,0.679488,1.558981,LTU,NLD,6531
1229710,131,162,1048,2014.0,4624968.0,50264.0,1.093816,1.270669,LUX,NLD,6531
1229711,132,162,1048,2014.0,0.0,310673.0,0.6501,1.35321,LVA,NLD,6531
1229712,133,162,1048,2014.0,0.0,12654.0,0.781301,0.522065,MAC,NLD,6531
1229713,134,162,1048,2014.0,44258.0,313427.0,-0.429457,0.039947,MAR,NLD,6531
1229714,135,162,1048,2014.0,0.0,24675.0,0.031916,0.24264499999999997,MDA,NLD,6531
1229715,136,162,1048,2014.0,0.0,90835.0,-0.690485,-0.5090020000000001,MDG,NLD,6531
1229716,138,162,1048,2014.0,2987.0,2498865.0,1.292327,0.713879,MEX,NLD,6531
1229717,140,162,1048,2014.0,63822.0,1770339.0,-0.216313,-0.214403,MKD,NLD,6531
1229718,142,162,1048,2014.0,0.0,18362.0,0.8871379999999999,0.088535,MLT,NLD,6531
1229719,144,162,1048,2014.0,0.0,6937.0,-0.007741,0.018085,MNE,NLD,6531
1229720,145,162,1048,2014.0,0.0,7056.0,-1.368502,-1.17111,MNG,NLD,6531
1229721,151,162,1048,2014.0,0.0,6097.0,-0.055786,-0.1488,MUS,NLD,6531
1229722,153,162,1048,2014.0,536356.0,315845.0,0.995226,0.7797810000000001,MYS,NLD,6531
1229723,157,162,1048,2014.0,0.0,6263.0,-0.709151,-0.869426,NER,NLD,6531
1229724,159,162,1048,2014.0,0.0,264877.0,-1.9012419999999999,-1.229264,NGA,NLD,6531
1229725,163,162,1048,2014.0,334956.0,643093.0,0.678424,0.137871,NOR,NLD,6531
1229726,164,162,1048,2014.0,0.0,8023.0,-0.083094,0.349348,NPL,NLD,6531
1229727,166,162,1048,2014.0,31826.0,603490.0,0.123649,0.26129,NZL,NLD,6531
1229728,167,162,1048,2014.0,0.0,355102.0,-0.7307060000000001,-1.060975,OMN,NLD,6531
1229729,168,162,1048,2014.0,606033.0,3659.0,-0.595946,0.493716,PAK,NLD,6531
1229730,169,162,1048,2014.0,0.0,3003.0,0.8997200000000001,0.9699139999999999,PAN,NLD,6531
1229731,173,162,1048,2014.0,0.0,20719.0,-0.617883,0.427092,PER,NLD,6531
1229732,174,162,1048,2014.0,0.0,85664.0,0.835601,0.589322,PHL,NLD,6531
1229733,177,162,1048,2014.0,714058.0,12804425.0,1.1328690000000001,1.043185,POL,NLD,6531
1229734,179,162,1048,2014.0,472988.0,5899774.0,0.763352,2.041559,PRT,NLD,6531
1229735,182,162,1048,2014.0,0.0,3335.0,-0.187778,-0.7217060000000001,PYF,NLD,6531
1229736,183,162,1048,2014.0,0.0,38785.0,-0.5604899999999999,-0.989015,QAT,NLD,6531
1229737,185,162,1048,2014.0,10673.0,2246837.0,1.0837940000000001,1.199571,ROU,NLD,6531
1229738,186,162,1048,2014.0,0.0,4443889.0,-0.006737000000000001,-0.172237,RUS,NLD,6531
1229739,187,162,1048,2014.0,0.0,2852.0,-0.475152,-0.390083,RWA,NLD,6531
1229740,188,162,1048,2014.0,2855110.0,48406.0,-0.188727,-0.8629459999999999,SAU,NLD,6531
1229741,191,162,1048,2014.0,0.0,35812.0,-0.509239,0.002353,SEN,NLD,6531
1229742,192,162,1048,2014.0,0.0,70248.0,1.750361,0.63849,SGP,NLD,6531
1229743,197,162,1048,2014.0,0.0,152972.0,0.11639200000000001,0.368644,SLV,NLD,6531
1229744,201,162,1048,2014.0,0.0,108612.0,0.6017979999999999,1.328124,SRB,NLD,6531
1229745,205,162,1048,2014.0,0.0,466934.0,-0.278229,-0.9962840000000001,SUR,NLD,6531
1229746,206,162,1048,2014.0,178607.0,2406595.0,1.525525,0.773486,SVK,NLD,6531
1229747,207,162,1048,2014.0,118979.0,174625.0,1.554693,0.633504,SVN,NLD,6531
1229748,208,162,1048,2014.0,585115.0,1106407.0,1.7256330000000002,0.395804,SWE,NLD,6531
1229749,210,162,1048,2014.0,0.0,7479.0,0.712322,-0.591598,SXM,NLD,6531
1229750,211,162,1048,2014.0,0.0,5898.0,0.158898,-0.571933,SYC,NLD,6531
1229751,216,162,1048,2014.0,991272.0,83485.0,1.111392,1.3500370000000002,THA,NLD,6531
1229752,222,162,1048,2014.0,0.0,2120.0,-0.582991,-1.055078,TTO,NLD,6531
1229753,223,162,1048,2014.0,32739.0,1463111.0,0.45973800000000004,0.9595459999999999,TUN,NLD,6531
1229754,224,162,1048,2014.0,31645172.0,6014457.0,0.6641600000000001,2.091193,TUR,NLD,6531
1229755,226,162,1048,2014.0,0.0,31913.0,-0.909005,0.511175,TZA,NLD,6531
1229756,227,162,1048,2014.0,0.0,6817.0,-0.505738,0.49837200000000004,UGA,NLD,6531
1229757,228,162,1048,2014.0,3941.0,3632436.0,0.505369,1.07634,UKR,NLD,6531
1229758,230,162,1048,2014.0,0.0,51856.0,0.155247,-0.091751,URY,NLD,6531
1229759,231,162,1048,2014.0,3737376.0,9529185.0,1.569577,-0.293173,USA,NLD,6531
1229760,237,162,1048,2014.0,11984.0,0.0,0.48387299999999994,0.0534,VGB,NLD,6531
1229761,239,162,1048,2014.0,30189.0,153528.0,0.135762,1.182052,VNM,NLD,6531
1229762,246,162,1048,2014.0,39090.0,619641.0,0.156414,1.873848,ZAF,NLD,6531
1229763,249,162,1048,2014.0,12084887.0,154264.0,1.850481,1.081809,TWN,NLD,6531
1229764,250,162,1048,2014.0,21540.0,9483.0,0.426964,0.138883,ANS,NLD,6531
1229765,7,163,1048,2014.0,154428.0,148448.0,-0.121018,-0.51841,ARE,NOR,6531
1229766,15,163,1048,2014.0,38064.0,1539.0,1.782532,-0.84455,AUT,NOR,6531
1229767,18,163,1048,2014.0,1209920.0,1302.0,1.182934,1.1967139999999998,BEL,NOR,6531
1229768,26,163,1048,2014.0,2191.0,0.0,0.737556,0.9815530000000001,BIH,NOR,6531
1229769,32,163,1048,2014.0,0.0,63815.0,0.23286700000000002,0.968366,BRA,NOR,6531
1229770,39,163,1048,2014.0,1373.0,28694.0,0.6145430000000001,1.1815360000000001,CAN,NOR,6531
1229771,41,163,1048,2014.0,147455.0,4505.0,2.027022,0.780257,CHE,NOR,6531
1229772,43,163,1048,2014.0,2481879.0,25631.0,1.316443,0.35039899999999996,CHN,NOR,6531
1229773,49,163,1048,2014.0,1946.0,0.0,0.084348,-0.39008200000000004,COL,NOR,6531
1229774,59,163,1048,2014.0,435345.0,2910.0,1.761204,-0.148263,CZE,NOR,6531
1229775,61,163,1048,2014.0,1423871.0,15199.0,2.106119,-3.225189,DEU,NOR,6531
1229776,64,163,1048,2014.0,1972922.0,33858.0,1.15411,1.160462,DNK,NOR,6531
1229777,71,163,1048,2014.0,120784.0,27564.0,0.9574159999999999,1.787233,ESP,NOR,6531
1229778,72,163,1048,2014.0,13334.0,198499.0,1.022704,1.175645,EST,NOR,6531
1229779,74,163,1048,2014.0,0.0,621450.0,1.591758,0.9737819999999999,FIN,NOR,6531
1229780,77,163,1048,2014.0,217113.0,40157.0,1.432323,0.43023,FRA,NOR,6531
1229781,78,163,1048,2014.0,0.0,1240.0,-0.709982,-0.919632,FRO,NOR,6531
1229782,81,163,1048,2014.0,2039164.0,72181.0,1.542804,0.915499,GBR,NOR,6531
1229783,90,163,1048,2014.0,11669.0,0.0,0.064193,0.955633,GRC,NOR,6531
1229784,97,163,1048,2014.0,53436.0,3616.0,0.9198440000000001,1.257131,HKG,NOR,6531
1229785,102,163,1048,2014.0,2858.0,0.0,1.713536,0.5681729999999999,HUN,NOR,6531
1229786,103,163,1048,2014.0,2755.0,0.0,0.068135,1.672437,IDN,NOR,6531
1229787,104,163,1048,2014.0,49123.0,1162.0,0.236316,2.659173,IND,NOR,6531
1229788,107,163,1048,2014.0,0.0,132476.0,-0.47744899999999996,-0.429676,IRN,NOR,6531
1229789,109,163,1048,2014.0,0.0,4343.0,0.130097,-0.313819,ISL,NOR,6531
1229790,111,163,1048,2014.0,1403520.0,21628.0,1.476328,-0.293302,ITA,NOR,6531
1229791,114,163,1048,2014.0,28276.0,0.0,2.297789,-0.58585,JPN,NOR,6531
1229792,116,163,1048,2014.0,0.0,2547.0,-0.411786,0.219875,KEN,NOR,6531
1229793,121,163,1048,2014.0,77436.0,13463.0,1.9642650000000001,0.86425,KOR,NOR,6531
1229794,125,163,1048,2014.0,0.0,3189.0,-1.191134,-1.076719,LBR,NOR,6531
1229795,130,163,1048,2014.0,231655.0,441035.0,0.679488,1.558981,LTU,NOR,6531
1229796,132,163,1048,2014.0,0.0,5276.0,0.6501,1.35321,LVA,NOR,6531
1229797,134,163,1048,2014.0,0.0,4588.0,-0.429457,0.039947,MAR,NOR,6531
1229798,139,163,1048,2014.0,0.0,2223.0,-0.634134,-0.881969,MHL,NOR,6531
1229799,142,163,1048,2014.0,0.0,1584.0,0.8871379999999999,0.088535,MLT,NOR,6531
1229800,153,163,1048,2014.0,287319.0,7442.0,0.995226,0.7797810000000001,MYS,NOR,6531
1229801,155,163,1048,2014.0,0.0,6528.0,-0.5218020000000001,-0.502617,NAM,NOR,6531
1229802,162,163,1048,2014.0,643093.0,334956.0,1.08881,1.320941,NLD,NOR,6531
1229803,168,163,1048,2014.0,3735.0,0.0,-0.595946,0.493716,PAK,NOR,6531
1229804,177,163,1048,2014.0,140011.0,717358.0,1.1328690000000001,1.043185,POL,NOR,6531
1229805,179,163,1048,2014.0,11447.0,38029.0,0.763352,2.041559,PRT,NOR,6531
1229806,185,163,1048,2014.0,70319.0,18741.0,1.0837940000000001,1.199571,ROU,NOR,6531
1229807,186,163,1048,2014.0,0.0,133904.0,-0.006737000000000001,-0.172237,RUS,NOR,6531
1229808,192,163,1048,2014.0,10136.0,8230.0,1.750361,0.63849,SGP,NOR,6531
1229809,206,163,1048,2014.0,259639.0,1065.0,1.525525,0.773486,SVK,NOR,6531
1229810,207,163,1048,2014.0,6686.0,0.0,1.554693,0.633504,SVN,NOR,6531
1229811,208,163,1048,2014.0,1692957.0,1600265.0,1.7256330000000002,0.395804,SWE,NOR,6531
1229812,216,163,1048,2014.0,14498.0,6868.0,1.111392,1.3500370000000002,THA,NOR,6531
1229813,224,163,1048,2014.0,365448.0,0.0,0.6641600000000001,2.091193,TUR,NOR,6531
1229814,231,163,1048,2014.0,53974.0,80691.0,1.569577,-0.293173,USA,NOR,6531
1229815,239,163,1048,2014.0,12829.0,1065.0,0.135762,1.182052,VNM,NOR,6531
1229816,249,163,1048,2014.0,35074.0,0.0,1.850481,1.081809,TWN,NOR,6531
1229817,7,166,1048,2014.0,2955378.0,0.0,-0.121018,-0.51841,ARE,NZL,6531
1229818,10,166,1048,2014.0,0.0,2026.0,0.9157930000000001,0.025742,ASM,NZL,6531
1229819,14,166,1048,2014.0,4347220.0,550601.0,-0.587779,-0.29813,AUS,NZL,6531
1229820,15,166,1048,2014.0,2461.0,0.0,1.782532,-0.84455,AUT,NZL,6531
1229821,18,166,1048,2014.0,681501.0,0.0,1.182934,1.1967139999999998,BEL,NZL,6531
1229822,32,166,1048,2014.0,7601.0,0.0,0.23286700000000002,0.968366,BRA,NZL,6531
1229823,39,166,1048,2014.0,14225.0,88460.0,0.6145430000000001,1.1815360000000001,CAN,NZL,6531
1229824,41,166,1048,2014.0,6003.0,0.0,2.027022,0.780257,CHE,NZL,6531
1229825,42,166,1048,2014.0,0.0,1928.0,-0.196236,-0.162428,CHL,NZL,6531
1229826,43,166,1048,2014.0,9009180.0,75910.0,1.316443,0.35039899999999996,CHN,NZL,6531
1229827,48,166,1048,2014.0,0.0,26627.0,0.294978,-0.634726,COK,NZL,6531
1229828,49,166,1048,2014.0,59126.0,0.0,0.084348,-0.39008200000000004,COL,NZL,6531
1229829,61,166,1048,2014.0,847641.0,5369.0,2.106119,-3.225189,DEU,NZL,6531
1229830,64,166,1048,2014.0,6451.0,0.0,1.15411,1.160462,DNK,NZL,6531
1229831,71,166,1048,2014.0,271777.0,271552.0,0.9574159999999999,1.787233,ESP,NZL,6531
1229832,75,166,1048,2014.0,96287.0,668050.0,-0.20919699999999997,0.095276,FJI,NZL,6531
1229833,77,166,1048,2014.0,64903.0,2377.0,1.432323,0.43023,FRA,NZL,6531
1229834,81,166,1048,2014.0,329538.0,14276.0,1.542804,0.915499,GBR,NZL,6531
1229835,90,166,1048,2014.0,79900.0,33423.0,0.064193,0.955633,GRC,NZL,6531
1229836,97,166,1048,2014.0,157537.0,84179.0,0.9198440000000001,1.257131,HKG,NZL,6531
1229837,103,166,1048,2014.0,850990.0,30814.0,0.068135,1.672437,IDN,NZL,6531
1229838,104,166,1048,2014.0,3143906.0,13671.0,0.236316,2.659173,IND,NZL,6531
1229839,106,166,1048,2014.0,38091.0,0.0,1.3749790000000002,0.41131899999999993,IRL,NZL,6531
1229840,110,166,1048,2014.0,2319.0,0.0,0.9753860000000001,0.810342,ISR,NZL,6531
1229841,111,166,1048,2014.0,753700.0,67415.0,1.476328,-0.293302,ITA,NZL,6531
1229842,114,166,1048,2014.0,244752.0,0.0,2.297789,-0.58585,JPN,NZL,6531
1229843,119,166,1048,2014.0,0.0,11475.0,0.321741,-0.633105,KIR,NZL,6531
1229844,121,166,1048,2014.0,2698914.0,14874.0,1.9642650000000001,0.86425,KOR,NZL,6531
1229845,128,166,1048,2014.0,30201.0,2084.0,-0.30641399999999996,0.29736799999999997,LKA,NZL,6531
1229846,153,166,1048,2014.0,116020.0,4810.0,0.995226,0.7797810000000001,MYS,NZL,6531
1229847,156,166,1048,2014.0,0.0,37767.0,-0.201994,-0.723618,NCL,NZL,6531
1229848,158,166,1048,2014.0,0.0,1305.0,1.267413,-0.20258199999999998,NFK,NZL,6531
1229849,161,166,1048,2014.0,0.0,6039.0,1.7213029999999998,0.62411,NIU,NZL,6531
1229850,162,166,1048,2014.0,603490.0,31826.0,1.08881,1.320941,NLD,NZL,6531
1229851,168,166,1048,2014.0,17435.0,0.0,-0.595946,0.493716,PAK,NZL,6531
1229852,173,166,1048,2014.0,58414.0,0.0,-0.617883,0.427092,PER,NZL,6531
1229853,174,166,1048,2014.0,1758.0,0.0,0.835601,0.589322,PHL,NZL,6531
1229854,176,166,1048,2014.0,0.0,18122.0,-1.564344,-1.165548,PNG,NZL,6531
1229855,177,166,1048,2014.0,7051.0,0.0,1.1328690000000001,1.043185,POL,NZL,6531
1229856,179,166,1048,2014.0,5931.0,11949.0,0.763352,2.041559,PRT,NZL,6531
1229857,182,166,1048,2014.0,0.0,19403.0,-0.187778,-0.7217060000000001,PYF,NZL,6531
1229858,185,166,1048,2014.0,0.0,2357.0,1.0837940000000001,1.199571,ROU,NZL,6531
1229859,188,166,1048,2014.0,863325.0,0.0,-0.188727,-0.8629459999999999,SAU,NZL,6531
1229860,192,166,1048,2014.0,15579.0,19569.0,1.750361,0.63849,SGP,NZL,6531
1229861,208,166,1048,2014.0,5827.0,0.0,1.7256330000000002,0.395804,SWE,NZL,6531
1229862,216,166,1048,2014.0,1459195.0,8850.0,1.111392,1.3500370000000002,THA,NZL,6531
1229863,221,166,1048,2014.0,0.0,19145.0,-0.11423299999999999,-0.431381,TON,NZL,6531
1229864,224,166,1048,2014.0,2488895.0,5098.0,0.6641600000000001,2.091193,TUR,NZL,6531
1229865,231,166,1048,2014.0,990048.0,512613.0,1.569577,-0.293173,USA,NZL,6531
1229866,239,166,1048,2014.0,561378.0,89041.0,0.135762,1.182052,VNM,NZL,6531
1229867,242,166,1048,2014.0,0.0,27537.0,0.576162,0.094416,WSM,NZL,6531
1229868,246,166,1048,2014.0,151994.0,4046.0,0.156414,1.873848,ZAF,NZL,6531
1229869,249,166,1048,2014.0,2090269.0,0.0,1.850481,1.081809,TWN,NZL,6531
1229870,0,169,1048,2014.0,0.0,9116.0,0.279562,-0.371938,ABW,PAN,6531
1229871,7,169,1048,2014.0,0.0,25082.0,-0.121018,-0.51841,ARE,PAN,6531
1229872,8,169,1048,2014.0,1185179.0,14755.0,-0.047848,0.48062,ARG,PAN,6531
1229873,18,169,1048,2014.0,25077.0,0.0,1.182934,1.1967139999999998,BEL,PAN,6531
1229874,25,169,1048,2014.0,0.0,101248.0,0.199967,-0.640347,BHS,PAN,6531
1229875,29,169,1048,2014.0,0.0,116113.0,-0.15501700000000002,-0.507759,BLZ,PAN,6531
1229876,31,169,1048,2014.0,0.0,161867.0,-1.200516,-1.052286,BOL,PAN,6531
1229877,32,169,1048,2014.0,53368.0,153552.0,0.23286700000000002,0.968366,BRA,PAN,6531
1229878,33,169,1048,2014.0,0.0,8527.0,0.45538500000000004,-0.126756,BRB,PAN,6531
1229879,39,169,1048,2014.0,88162.0,4386.0,0.6145430000000001,1.1815360000000001,CAN,PAN,6531
1229880,42,169,1048,2014.0,2275.0,1073606.0,-0.196236,-0.162428,CHL,PAN,6531
1229881,43,169,1048,2014.0,164441072.0,0.0,1.316443,0.35039899999999996,CHN,PAN,6531
1229882,49,169,1048,2014.0,555191.0,11943451.0,0.084348,-0.39008200000000004,COL,PAN,6531
1229883,52,169,1048,2014.0,342483.0,1007618.0,0.13936500000000002,-0.573277,CRI,PAN,6531
1229884,54,169,1048,2014.0,0.0,5201724.0,-0.5320560000000001,-0.941575,CUB,PAN,6531
1229885,55,169,1048,2014.0,0.0,74200.0,0.094776,-0.738603,CUW,PAN,6531
1229886,61,169,1048,2014.0,56918.0,0.0,2.106119,-3.225189,DEU,PAN,6531
1229887,63,169,1048,2014.0,0.0,59909.0,0.32613600000000004,-0.09935,DMA,PAN,6531
1229888,65,169,1048,2014.0,0.0,10151796.0,-0.076532,0.472746,DOM,PAN,6531
1229889,67,169,1048,2014.0,14735.0,994603.0,-1.0520559999999999,-1.109638,ECU,PAN,6531
1229890,71,169,1048,2014.0,215223.0,0.0,0.9574159999999999,1.787233,ESP,PAN,6531
1229891,77,169,1048,2014.0,11330.0,20536.0,1.432323,0.43023,FRA,PAN,6531
1229892,81,169,1048,2014.0,3229.0,0.0,1.542804,0.915499,GBR,PAN,6531
1229893,90,169,1048,2014.0,11002.0,0.0,0.064193,0.955633,GRC,PAN,6531
1229894,93,169,1048,2014.0,164059.0,1872422.0,-0.24762199999999998,0.536379,GTM,PAN,6531
1229895,96,169,1048,2014.0,0.0,295264.0,-0.88674,-1.048691,GUY,PAN,6531
1229896,97,169,1048,2014.0,423816.0,0.0,0.9198440000000001,1.257131,HKG,PAN,6531
1229897,99,169,1048,2014.0,82494.0,5089770.0,-0.372433,0.036463,HND,PAN,6531
1229898,101,169,1048,2014.0,0.0,9522031.0,-0.894977,-1.0674379999999999,HTI,PAN,6531
1229899,103,169,1048,2014.0,3046662.0,0.0,0.068135,1.672437,IDN,PAN,6531
1229900,104,169,1048,2014.0,2182766.0,0.0,0.236316,2.659173,IND,PAN,6531
1229901,111,169,1048,2014.0,166578.0,0.0,1.476328,-0.293302,ITA,PAN,6531
1229902,112,169,1048,2014.0,0.0,304817.0,-0.390841,-0.804425,JAM,PAN,6531
1229903,121,169,1048,2014.0,871107.0,0.0,1.9642650000000001,0.86425,KOR,PAN,6531
1229904,124,169,1048,2014.0,36123.0,0.0,0.32006799999999996,1.666039,LBN,PAN,6531
1229905,127,169,1048,2014.0,0.0,109576.0,0.636416,-0.464264,LCA,PAN,6531
1229906,130,169,1048,2014.0,54641.0,0.0,0.679488,1.558981,LTU,PAN,6531
1229907,138,169,1048,2014.0,13247.0,0.0,1.292327,0.713879,MEX,PAN,6531
1229908,160,169,1048,2014.0,0.0,688656.0,-0.85321,-0.796656,NIC,PAN,6531
1229909,162,169,1048,2014.0,3003.0,0.0,1.08881,1.320941,NLD,PAN,6531
1229910,168,169,1048,2014.0,1675177.0,0.0,-0.595946,0.493716,PAK,PAN,6531
1229911,173,169,1048,2014.0,44557.0,417244.0,-0.617883,0.427092,PER,PAN,6531
1229912,174,169,1048,2014.0,0.0,1962.0,0.835601,0.589322,PHL,PAN,6531
1229913,179,169,1048,2014.0,1068.0,0.0,0.763352,2.041559,PRT,PAN,6531
1229914,180,169,1048,2014.0,0.0,2177917.0,-0.612822,-0.8764139999999999,PRY,PAN,6531
1229915,192,169,1048,2014.0,6010.0,0.0,1.750361,0.63849,SGP,PAN,6531
1229916,197,169,1048,2014.0,6273.0,1660093.0,0.11639200000000001,0.368644,SLV,PAN,6531
1229917,205,169,1048,2014.0,0.0,3674.0,-0.278229,-0.9962840000000001,SUR,PAN,6531
1229918,216,169,1048,2014.0,429520.0,0.0,1.111392,1.3500370000000002,THA,PAN,6531
1229919,222,169,1048,2014.0,0.0,387565.0,-0.582991,-1.055078,TTO,PAN,6531
1229920,224,169,1048,2014.0,15037.0,0.0,0.6641600000000001,2.091193,TUR,PAN,6531
1229921,228,169,1048,2014.0,18628.0,0.0,0.505369,1.07634,UKR,PAN,6531
1229922,230,169,1048,2014.0,0.0,248029.0,0.155247,-0.091751,URY,PAN,6531
1229923,231,169,1048,2014.0,674888.0,273553.0,1.569577,-0.293173,USA,PAN,6531
1229924,236,169,1048,2014.0,0.0,29449944.0,-1.1668459999999998,-1.134262,VEN,PAN,6531
1229925,249,169,1048,2014.0,9228977.0,0.0,1.850481,1.081809,TWN,PAN,6531
1229926,250,169,1048,2014.0,1304715.0,26552106.0,0.426964,0.138883,ANS,PAN,6531
1229927,7,173,1048,2014.0,2210.0,0.0,-0.121018,-0.51841,ARE,PER,6531
1229928,8,173,1048,2014.0,228575.0,0.0,-0.047848,0.48062,ARG,PER,6531
1229929,14,173,1048,2014.0,41819.0,0.0,-0.587779,-0.29813,AUS,PER,6531
1229930,18,173,1048,2014.0,102817.0,0.0,1.182934,1.1967139999999998,BEL,PER,6531
1229931,31,173,1048,2014.0,0.0,49792.0,-1.200516,-1.052286,BOL,PER,6531
1229932,32,173,1048,2014.0,3342081.0,0.0,0.23286700000000002,0.968366,BRA,PER,6531
1229933,39,173,1048,2014.0,210905.0,144954.0,0.6145430000000001,1.1815360000000001,CAN,PER,6531
1229934,41,173,1048,2014.0,1549.0,0.0,2.027022,0.780257,CHE,PER,6531
1229935,42,173,1048,2014.0,1936029.0,303500.0,-0.196236,-0.162428,CHL,PER,6531
1229936,43,173,1048,2014.0,52716632.0,4831.0,1.316443,0.35039899999999996,CHN,PER,6531
1229937,49,173,1048,2014.0,2620784.0,118510.0,0.084348,-0.39008200000000004,COL,PER,6531
1229938,52,173,1048,2014.0,10933.0,87993.0,0.13936500000000002,-0.573277,CRI,PER,6531
1229939,61,173,1048,2014.0,372074.0,20984.0,2.106119,-3.225189,DEU,PER,6531
1229940,65,173,1048,2014.0,0.0,7572.0,-0.076532,0.472746,DOM,PER,6531
1229941,67,173,1048,2014.0,9218.0,405722.0,-1.0520559999999999,-1.109638,ECU,PER,6531
1229942,71,173,1048,2014.0,1839196.0,41895.0,0.9574159999999999,1.787233,ESP,PER,6531
1229943,77,173,1048,2014.0,157110.0,0.0,1.432323,0.43023,FRA,PER,6531
1229944,81,173,1048,2014.0,9577.0,0.0,1.542804,0.915499,GBR,PER,6531
1229945,90,173,1048,2014.0,17667.0,0.0,0.064193,0.955633,GRC,PER,6531
1229946,97,173,1048,2014.0,145800.0,0.0,0.9198440000000001,1.257131,HKG,PER,6531
1229947,103,173,1048,2014.0,1888878.0,0.0,0.068135,1.672437,IDN,PER,6531
1229948,104,173,1048,2014.0,879931.0,0.0,0.236316,2.659173,IND,PER,6531
1229949,106,173,1048,2014.0,72822.0,0.0,1.3749790000000002,0.41131899999999993,IRL,PER,6531
1229950,110,173,1048,2014.0,217136.0,0.0,0.9753860000000001,0.810342,ISR,PER,6531
1229951,111,173,1048,2014.0,644050.0,9418.0,1.476328,-0.293302,ITA,PER,6531
1229952,114,173,1048,2014.0,58611.0,0.0,2.297789,-0.58585,JPN,PER,6531
1229953,121,173,1048,2014.0,2207028.0,11220.0,1.9642650000000001,0.86425,KOR,PER,6531
1229954,138,173,1048,2014.0,4695115.0,1121754.0,1.292327,0.713879,MEX,PER,6531
1229955,153,173,1048,2014.0,64734.0,0.0,0.995226,0.7797810000000001,MYS,PER,6531
1229956,162,173,1048,2014.0,20719.0,0.0,1.08881,1.320941,NLD,PER,6531
1229957,166,173,1048,2014.0,0.0,58414.0,0.123649,0.26129,NZL,PER,6531
1229958,168,173,1048,2014.0,63034.0,0.0,-0.595946,0.493716,PAK,PER,6531
1229959,169,173,1048,2014.0,417244.0,44557.0,0.8997200000000001,0.9699139999999999,PAN,PER,6531
1229960,197,173,1048,2014.0,0.0,1958.0,0.11639200000000001,0.368644,SLV,PER,6531
1229961,216,173,1048,2014.0,173421.0,0.0,1.111392,1.3500370000000002,THA,PER,6531
1229962,224,173,1048,2014.0,908689.0,0.0,0.6641600000000001,2.091193,TUR,PER,6531
1229963,231,173,1048,2014.0,969686.0,11710.0,1.569577,-0.293173,USA,PER,6531
1229964,236,173,1048,2014.0,0.0,3547123.0,-1.1668459999999998,-1.134262,VEN,PER,6531
1229965,239,173,1048,2014.0,57003.0,0.0,0.135762,1.182052,VNM,PER,6531
1229966,249,173,1048,2014.0,5989150.0,0.0,1.850481,1.081809,TWN,PER,6531
1229967,250,173,1048,2014.0,0.0,12674.0,0.426964,0.138883,ANS,PER,6531
1229968,7,174,1048,2014.0,44499.0,0.0,-0.121018,-0.51841,ARE,PHL,6531
1229969,14,174,1048,2014.0,7076.0,55844.0,-0.587779,-0.29813,AUS,PHL,6531
1229970,18,174,1048,2014.0,626412.0,0.0,1.182934,1.1967139999999998,BEL,PHL,6531
1229971,32,174,1048,2014.0,0.0,2126.0,0.23286700000000002,0.968366,BRA,PHL,6531
1229972,39,174,1048,2014.0,140794.0,2420.0,0.6145430000000001,1.1815360000000001,CAN,PHL,6531
1229973,41,174,1048,2014.0,686309.0,4770.0,2.027022,0.780257,CHE,PHL,6531
1229974,43,174,1048,2014.0,254243760.0,33417780.0,1.316443,0.35039899999999996,CHN,PHL,6531
1229975,49,174,1048,2014.0,6857.0,0.0,0.084348,-0.39008200000000004,COL,PHL,6531
1229976,61,174,1048,2014.0,746257.0,8114.0,2.106119,-3.225189,DEU,PHL,6531
1229977,68,174,1048,2014.0,0.0,73052.0,-0.036009,2.027503,EGY,PHL,6531
1229978,71,174,1048,2014.0,123200.0,2701.0,0.9574159999999999,1.787233,ESP,PHL,6531
1229979,77,174,1048,2014.0,234061.0,17250.0,1.432323,0.43023,FRA,PHL,6531
1229980,81,174,1048,2014.0,92088.0,0.0,1.542804,0.915499,GBR,PHL,6531
1229981,95,174,1048,2014.0,0.0,42284.0,0.642578,-0.143714,GUM,PHL,6531
1229982,97,174,1048,2014.0,3881153.0,59585.0,0.9198440000000001,1.257131,HKG,PHL,6531
1229983,103,174,1048,2014.0,5567723.0,15139.0,0.068135,1.672437,IDN,PHL,6531
1229984,104,174,1048,2014.0,464327.0,1418.0,0.236316,2.659173,IND,PHL,6531
1229985,111,174,1048,2014.0,740599.0,1821.0,1.476328,-0.293302,ITA,PHL,6531
1229986,114,174,1048,2014.0,6324494.0,27032.0,2.297789,-0.58585,JPN,PHL,6531
1229987,118,174,1048,2014.0,122519.0,0.0,-0.5871430000000001,-0.7545850000000001,KHM,PHL,6531
1229988,121,174,1048,2014.0,34106304.0,133341.0,1.9642650000000001,0.86425,KOR,PHL,6531
1229989,124,174,1048,2014.0,0.0,2471.0,0.32006799999999996,1.666039,LBN,PHL,6531
1229990,153,174,1048,2014.0,16291970.0,3510.0,0.995226,0.7797810000000001,MYS,PHL,6531
1229991,162,174,1048,2014.0,85664.0,0.0,1.08881,1.320941,NLD,PHL,6531
1229992,166,174,1048,2014.0,0.0,1758.0,0.123649,0.26129,NZL,PHL,6531
1229993,168,174,1048,2014.0,85005.0,0.0,-0.595946,0.493716,PAK,PHL,6531
1229994,169,174,1048,2014.0,1962.0,0.0,0.8997200000000001,0.9699139999999999,PAN,PHL,6531
1229995,176,174,1048,2014.0,0.0,8904.0,-1.564344,-1.165548,PNG,PHL,6531
1229996,185,174,1048,2014.0,0.0,25063.0,1.0837940000000001,1.199571,ROU,PHL,6531
1229997,192,174,1048,2014.0,432647.0,3542.0,1.750361,0.63849,SGP,PHL,6531
1229998,197,174,1048,2014.0,0.0,1107.0,0.11639200000000001,0.368644,SLV,PHL,6531
