1189999,187,104,1027,2016.0,0.0,121512.0,-0.57693,-0.476909,RWA,IND,6415
1190000,188,104,1027,2016.0,1166824.0,6993768.0,0.00286,-0.764602,SAU,IND,6415
1190001,190,104,1027,2016.0,4309.0,7532908.0,-1.276278,-1.183311,SDN,IND,6415
1190002,191,104,1027,2016.0,0.0,707342.0,-0.648644,-0.39857800000000004,SEN,IND,6415
1190003,192,104,1027,2016.0,12853874.0,460668.0,2.0149340000000002,0.613009,SGP,IND,6415
1190004,196,104,1027,2016.0,0.0,50753.0,-0.25550500000000004,-0.44618800000000003,SLE,IND,6415
1190005,197,104,1027,2016.0,0.0,8765.0,0.075546,0.317046,SLV,IND,6415
1190006,199,104,1027,2016.0,1961.0,865910.0,-1.2646629999999999,-1.067482,SOM,IND,6415
1190007,201,104,1027,2016.0,0.0,2043.0,0.608136,1.38132,SRB,IND,6415
1190008,205,104,1027,2016.0,0.0,1459.0,-0.41257200000000005,-1.0434780000000001,SUR,IND,6415
1190009,206,104,1027,2016.0,14230.0,0.0,1.446588,0.811076,SVK,IND,6415
1190010,207,104,1027,2016.0,2849.0,0.0,1.7056200000000001,0.630058,SVN,IND,6415
1190011,208,104,1027,2016.0,19372662.0,5912.0,1.731295,0.679562,SWE,IND,6415
1190012,211,104,1027,2016.0,0.0,76885.0,0.321549,-0.610316,SYC,IND,6415
1190013,215,104,1027,2016.0,0.0,178131.0,-0.777506,-0.652105,TGO,IND,6415
1190014,216,104,1027,2016.0,22716948.0,1113551.0,1.3075860000000001,1.151426,THA,IND,6415
1190015,219,104,1027,2016.0,0.0,46968.0,-1.017361,-1.22005,TKM,IND,6415
1190016,224,104,1027,2016.0,50987.0,5427446.0,0.460247,2.3790400000000003,TUR,IND,6415
1190017,226,104,1027,2016.0,0.0,4555790.0,-1.01426,0.304263,TZA,IND,6415
1190018,227,104,1027,2016.0,0.0,5146504.0,-0.476836,0.641138,UGA,IND,6415
1190019,228,104,1027,2016.0,0.0,19723.0,0.240605,0.827153,UKR,IND,6415
1190020,231,104,1027,2016.0,8199244.0,5391754.0,1.6991900000000002,-0.146044,USA,IND,6415
1190021,239,104,1027,2016.0,2205307.0,46163.0,0.048214,0.6998810000000001,VNM,IND,6415
1190022,243,104,1027,2016.0,0.0,249616.0,-0.99136,-1.1587049999999999,YEM,IND,6415
1190023,246,104,1027,2016.0,434297.0,1356138.0,-0.029618000000000002,1.426834,ZAF,IND,6415
1190024,247,104,1027,2016.0,0.0,285351.0,-0.9308350000000001,-1.029968,ZMB,IND,6415
1190025,248,104,1027,2016.0,0.0,2473.0,-0.960175,-1.004593,ZWE,IND,6415
1190026,249,104,1027,2016.0,17789758.0,49116.0,2.028455,1.271167,TWN,IND,6415
1190027,250,104,1027,2016.0,0.0,22304.0,0.608271,-0.007568000000000001,ANS,IND,6415
1190028,7,106,1027,2016.0,2292.0,7195.0,-0.019275,-0.18309,ARE,IRL,6415
1190029,14,106,1027,2016.0,10162.0,212890.0,-0.585613,-0.245365,AUS,IRL,6415
1190030,15,106,1027,2016.0,905687.0,253794.0,1.743944,-0.051155,AUT,IRL,6415
1190031,18,106,1027,2016.0,519891.0,176097.0,1.2947110000000002,1.113058,BEL,IRL,6415
1190032,23,106,1027,2016.0,43031.0,0.0,0.509062,1.804648,BGR,IRL,6415
1190033,32,106,1027,2016.0,162990.0,0.0,0.284988,1.031028,BRA,IRL,6415
1190034,39,106,1027,2016.0,3270071.0,0.0,0.541041,1.328065,CAN,IRL,6415
1190035,41,106,1027,2016.0,0.0,15542.0,2.328616,0.832224,CHE,IRL,6415
1190036,43,106,1027,2016.0,462388.0,556075.0,1.249079,1.151045,CHN,IRL,6415
1190037,51,106,1027,2016.0,0.0,1487.0,0.13810899999999998,-0.598819,CPV,IRL,6415
1190038,59,106,1027,2016.0,4230322.0,2770.0,1.818585,0.341356,CZE,IRL,6415
1190039,61,106,1027,2016.0,17128304.0,258527.0,2.307429,-2.341644,DEU,IRL,6415
1190040,64,106,1027,2016.0,147012.0,231296.0,1.0572629999999998,1.4157540000000002,DNK,IRL,6415
1190041,71,106,1027,2016.0,6456833.0,1956586.0,0.795006,2.203292,ESP,IRL,6415
1190042,74,106,1027,2016.0,6807000.0,7817.0,1.621764,1.026393,FIN,IRL,6415
1190043,77,106,1027,2016.0,8085761.0,986843.0,1.490723,0.8471559999999999,FRA,IRL,6415
1190044,81,106,1027,2016.0,54193160.0,13730394.0,1.569616,1.048129,GBR,IRL,6415
1190045,87,106,1027,2016.0,0.0,1868.0,-0.710399,-0.8278629999999999,GMB,IRL,6415
1190046,97,106,1027,2016.0,15047.0,3568.0,0.877619,1.0765790000000002,HKG,IRL,6415
1190047,102,106,1027,2016.0,0.0,497068.0,1.7056069999999999,0.788768,HUN,IRL,6415
1190048,103,106,1027,2016.0,1239374.0,0.0,-0.013630000000000001,1.744404,IDN,IRL,6415
1190049,104,106,1027,2016.0,43660.0,0.0,0.223813,2.787547,IND,IRL,6415
1190050,111,106,1027,2016.0,3597140.0,55791.0,1.461526,0.316891,ITA,IRL,6415
1190051,121,106,1027,2016.0,52538.0,4432.0,2.1686389999999998,0.798808,KOR,IRL,6415
1190052,131,106,1027,2016.0,2255.0,0.0,1.217021,1.401214,LUX,IRL,6415
1190053,153,106,1027,2016.0,47881.0,6200.0,1.091156,0.8383370000000001,MYS,IRL,6415
1190054,162,106,1027,2016.0,953787.0,47664.0,1.132192,1.412512,NLD,IRL,6415
1190055,163,106,1027,2016.0,493764.0,0.0,0.664183,0.206877,NOR,IRL,6415
1190056,177,106,1027,2016.0,2814888.0,57892.0,1.1068959999999999,1.226985,POL,IRL,6415
1190057,179,106,1027,2016.0,5786857.0,0.0,0.661961,2.108517,PRT,IRL,6415
1190058,185,106,1027,2016.0,0.0,16048.0,1.176177,1.093489,ROU,IRL,6415
1190059,186,106,1027,2016.0,230048.0,2719.0,0.086009,0.300039,RUS,IRL,6415
1190060,206,106,1027,2016.0,1723.0,0.0,1.446588,0.811076,SVK,IRL,6415
1190061,207,106,1027,2016.0,1713.0,0.0,1.7056200000000001,0.630058,SVN,IRL,6415
1190062,208,106,1027,2016.0,1411204.0,209434.0,1.731295,0.679562,SWE,IRL,6415
1190063,224,106,1027,2016.0,3759.0,0.0,0.460247,2.3790400000000003,TUR,IRL,6415
1190064,231,106,1027,2016.0,3288111.0,30021.0,1.6991900000000002,-0.146044,USA,IRL,6415
1190065,246,106,1027,2016.0,14356.0,0.0,-0.029618000000000002,1.426834,ZAF,IRL,6415
1190066,249,106,1027,2016.0,1381.0,29795.0,2.028455,1.271167,TWN,IRL,6415
1190067,250,106,1027,2016.0,749257.0,1375745.0,0.608271,-0.007568000000000001,ANS,IRL,6415
1190068,1,107,1027,2016.0,0.0,1348070.0,-1.44133,-0.9938950000000001,AFG,IRN,6415
1190069,7,107,1027,2016.0,9139059.0,61711.0,-0.019275,-0.18309,ARE,IRN,6415
1190070,9,107,1027,2016.0,0.0,110640.0,-0.252904,-0.614643,ARM,IRN,6415
1190071,14,107,1027,2016.0,54931.0,0.0,-0.585613,-0.245365,AUS,IRN,6415
1190072,15,107,1027,2016.0,11235570.0,0.0,1.743944,-0.051155,AUT,IRN,6415
1190073,16,107,1027,2016.0,231825.0,48225.0,-1.111874,-1.2526059999999999,AZE,IRN,6415
1190074,18,107,1027,2016.0,10690.0,0.0,1.2947110000000002,1.113058,BEL,IRN,6415
1190075,23,107,1027,2016.0,423983.0,0.0,0.509062,1.804648,BGR,IRN,6415
1190076,32,107,1027,2016.0,1044070.0,0.0,0.284988,1.031028,BRA,IRN,6415
1190077,41,107,1027,2016.0,85203.0,0.0,2.328616,0.832224,CHE,IRN,6415
1190078,43,107,1027,2016.0,108796712.0,153116.0,1.249079,1.151045,CHN,IRN,6415
1190079,49,107,1027,2016.0,0.0,4843.0,-0.040341,-0.20957699999999999,COL,IRN,6415
1190080,59,107,1027,2016.0,427502.0,6219.0,1.818585,0.341356,CZE,IRN,6415
1190081,61,107,1027,2016.0,8006828.0,23823.0,2.307429,-2.341644,DEU,IRN,6415
1190082,64,107,1027,2016.0,1321.0,0.0,1.0572629999999998,1.4157540000000002,DNK,IRN,6415
1190083,71,107,1027,2016.0,2813584.0,0.0,0.795006,2.203292,ESP,IRN,6415
1190084,74,107,1027,2016.0,5467538.0,0.0,1.621764,1.026393,FIN,IRN,6415
1190085,77,107,1027,2016.0,601296.0,4356.0,1.490723,0.8471559999999999,FRA,IRN,6415
1190086,81,107,1027,2016.0,53223.0,0.0,1.569616,1.048129,GBR,IRN,6415
1190087,82,107,1027,2016.0,0.0,18159.0,-0.269579,-0.317608,GEO,IRN,6415
1190088,83,107,1027,2016.0,0.0,12662.0,-0.9026200000000001,-0.877508,GHA,IRN,6415
1190089,103,107,1027,2016.0,61747280.0,0.0,-0.013630000000000001,1.744404,IDN,IRN,6415
1190090,104,107,1027,2016.0,29711044.0,99161.0,0.223813,2.787547,IND,IRN,6415
1190091,108,107,1027,2016.0,0.0,2035654.0,-1.7382849999999999,-1.037508,IRQ,IRN,6415
1190092,111,107,1027,2016.0,3289776.0,3324.0,1.461526,0.316891,ITA,IRN,6415
1190093,115,107,1027,2016.0,0.0,1360.0,-0.467305,-0.475451,KAZ,IRN,6415
1190094,117,107,1027,2016.0,0.0,2477.0,0.20501100000000003,0.657593,KGZ,IRN,6415
1190095,121,107,1027,2016.0,23974654.0,0.0,2.1686389999999998,0.798808,KOR,IRN,6415
1190096,124,107,1027,2016.0,89423.0,0.0,0.385417,1.139648,LBN,IRN,6415
1190097,138,107,1027,2016.0,0.0,178614.0,1.393506,0.64152,MEX,IRN,6415
1190098,153,107,1027,2016.0,1526867.0,0.0,1.091156,0.8383370000000001,MYS,IRN,6415
1190099,162,107,1027,2016.0,32766.0,0.0,1.132192,1.412512,NLD,IRN,6415
1190100,163,107,1027,2016.0,15112.0,0.0,0.664183,0.206877,NOR,IRN,6415
1190101,174,107,1027,2016.0,286145.0,0.0,0.958651,0.324888,PHL,IRN,6415
1190102,179,107,1027,2016.0,7133392.0,0.0,0.661961,2.108517,PRT,IRN,6415
1190103,186,107,1027,2016.0,5349169.0,0.0,0.086009,0.300039,RUS,IRN,6415
1190104,192,107,1027,2016.0,8513176.0,0.0,2.0149340000000002,0.613009,SGP,IRN,6415
1190105,206,107,1027,2016.0,0.0,7256.0,1.446588,0.811076,SVK,IRN,6415
1190106,207,107,1027,2016.0,604140.0,0.0,1.7056200000000001,0.630058,SVN,IRN,6415
1190107,208,107,1027,2016.0,772413.0,0.0,1.731295,0.679562,SWE,IRN,6415
1190108,209,107,1027,2016.0,3505.0,0.0,-0.034247,-0.47031000000000006,SWZ,IRN,6415
1190109,216,107,1027,2016.0,847390.0,0.0,1.3075860000000001,1.151426,THA,IRN,6415
1190110,217,107,1027,2016.0,0.0,2347.0,-0.998353,-1.129616,TJK,IRN,6415
1190111,219,107,1027,2016.0,0.0,2278566.0,-1.017361,-1.22005,TKM,IRN,6415
1190112,224,107,1027,2016.0,4106354.0,48670.0,0.460247,2.3790400000000003,TUR,IRN,6415
1190113,230,107,1027,2016.0,0.0,6486.0,0.040088,-0.27858499999999997,URY,IRN,6415
1190114,239,107,1027,2016.0,28763.0,0.0,0.048214,0.6998810000000001,VNM,IRN,6415
1190115,249,107,1027,2016.0,869120.0,0.0,2.028455,1.271167,TWN,IRN,6415
1190116,250,107,1027,2016.0,35740.0,0.0,0.608271,-0.007568000000000001,ANS,IRN,6415
1190117,8,110,1027,2016.0,0.0,143233.0,-0.334847,0.24145100000000003,ARG,ISR,6415
1190118,14,110,1027,2016.0,2399.0,0.0,-0.585613,-0.245365,AUS,ISR,6415
1190119,15,110,1027,2016.0,7366148.0,0.0,1.743944,-0.051155,AUT,ISR,6415
1190120,18,110,1027,2016.0,852705.0,3112.0,1.2947110000000002,1.113058,BEL,ISR,6415
1190121,23,110,1027,2016.0,21431.0,25880.0,0.509062,1.804648,BGR,ISR,6415
1190122,32,110,1027,2016.0,6040410.0,1293918.0,0.284988,1.031028,BRA,ISR,6415
1190123,39,110,1027,2016.0,33286.0,362594.0,0.541041,1.328065,CAN,ISR,6415
1190124,41,110,1027,2016.0,1436.0,1885.0,2.328616,0.832224,CHE,ISR,6415
1190125,42,110,1027,2016.0,0.0,7347.0,-0.162923,-0.20607199999999998,CHL,ISR,6415
1190126,43,110,1027,2016.0,3249990.0,219669.0,1.249079,1.151045,CHN,ISR,6415
1190127,49,110,1027,2016.0,0.0,6033.0,-0.040341,-0.20957699999999999,COL,ISR,6415
1190128,58,110,1027,2016.0,14532.0,115065.0,0.229275,-0.09704600000000001,CYP,ISR,6415
1190129,59,110,1027,2016.0,1979348.0,1592.0,1.818585,0.341356,CZE,ISR,6415
1190130,61,110,1027,2016.0,25355008.0,83863.0,2.307429,-2.341644,DEU,ISR,6415
1190131,64,110,1027,2016.0,31878.0,0.0,1.0572629999999998,1.4157540000000002,DNK,ISR,6415
1190132,68,110,1027,2016.0,117769.0,2016796.0,-0.202127,1.9342419999999998,EGY,ISR,6415
1190133,71,110,1027,2016.0,2941584.0,1786598.0,0.795006,2.203292,ESP,ISR,6415
1190134,72,110,1027,2016.0,6981.0,0.0,0.958292,1.190173,EST,ISR,6415
1190135,74,110,1027,2016.0,5707979.0,0.0,1.621764,1.026393,FIN,ISR,6415
1190136,77,110,1027,2016.0,5028922.0,51517.0,1.490723,0.8471559999999999,FRA,ISR,6415
1190137,81,110,1027,2016.0,788963.0,2162849.0,1.569616,1.048129,GBR,ISR,6415
1190138,82,110,1027,2016.0,33989.0,0.0,-0.269579,-0.317608,GEO,ISR,6415
1190139,89,110,1027,2016.0,0.0,1000.0,-2.0350479999999997,-0.983092,GNQ,ISR,6415
1190140,90,110,1027,2016.0,331594.0,2544406.0,0.053899,1.1259709999999998,GRC,ISR,6415
1190141,93,110,1027,2016.0,0.0,4500.0,-0.397073,0.5736680000000001,GTM,ISR,6415
1190142,97,110,1027,2016.0,289716.0,0.0,0.877619,1.0765790000000002,HKG,ISR,6415
1190143,99,110,1027,2016.0,0.0,1172.0,-0.506029,-0.30843899999999996,HND,ISR,6415
1190144,102,110,1027,2016.0,848594.0,2551.0,1.7056069999999999,0.788768,HUN,ISR,6415
1190145,103,110,1027,2016.0,1499742.0,0.0,-0.013630000000000001,1.744404,IDN,ISR,6415
1190146,104,110,1027,2016.0,1977074.0,8676.0,0.223813,2.787547,IND,ISR,6415
1190147,111,110,1027,2016.0,9686667.0,2781302.0,1.461526,0.316891,ITA,ISR,6415
1190148,113,110,1027,2016.0,46480.0,342817.0,0.100333,0.020786000000000002,JOR,ISR,6415
1190149,114,110,1027,2016.0,835424.0,38620.0,2.550074,-0.479725,JPN,ISR,6415
1190150,115,110,1027,2016.0,0.0,6227.0,-0.467305,-0.475451,KAZ,ISR,6415
1190151,116,110,1027,2016.0,0.0,177961.0,-0.483554,0.25645,KEN,ISR,6415
1190152,121,110,1027,2016.0,16543.0,20317.0,2.1686389999999998,0.798808,KOR,ISR,6415
1190153,130,110,1027,2016.0,10779.0,1838.0,0.6319130000000001,1.538765,LTU,ISR,6415
1190154,136,110,1027,2016.0,0.0,15906.0,-0.979632,-0.63626,MDG,ISR,6415
1190155,138,110,1027,2016.0,1605.0,180553.0,1.393506,0.64152,MEX,ISR,6415
1190156,140,110,1027,2016.0,14884.0,0.0,-0.249664,-0.338412,MKD,ISR,6415
1190157,142,110,1027,2016.0,0.0,23603.0,0.981182,-0.029401999999999998,MLT,ISR,6415
1190158,162,110,1027,2016.0,566262.0,223052.0,1.132192,1.412512,NLD,ISR,6415
1190159,163,110,1027,2016.0,1435400.0,0.0,0.664183,0.206877,NOR,ISR,6415
1190160,166,110,1027,2016.0,0.0,85397.0,0.093306,0.194895,NZL,ISR,6415
1190161,173,110,1027,2016.0,0.0,1245.0,-0.818178,-0.0791,PER,ISR,6415
1190162,177,110,1027,2016.0,6847169.0,0.0,1.1068959999999999,1.226985,POL,ISR,6415
1190163,179,110,1027,2016.0,6722862.0,3689149.0,0.661961,2.108517,PRT,ISR,6415
1190164,181,110,1027,2016.0,392330.0,17855758.0,0.09150900000000001,0.693397,PSE,ISR,6415
1190165,185,110,1027,2016.0,20391.0,0.0,1.176177,1.093489,ROU,ISR,6415
1190166,186,110,1027,2016.0,4505870.0,1021.0,0.086009,0.300039,RUS,ISR,6415
1190167,187,110,1027,2016.0,0.0,2254.0,-0.57693,-0.476909,RWA,ISR,6415
1190168,192,110,1027,2016.0,583324.0,192517.0,2.0149340000000002,0.613009,SGP,ISR,6415
1190169,197,110,1027,2016.0,0.0,176735.0,0.075546,0.317046,SLV,ISR,6415
1190170,206,110,1027,2016.0,4205064.0,0.0,1.446588,0.811076,SVK,ISR,6415
1190171,207,110,1027,2016.0,1200786.0,0.0,1.7056200000000001,0.630058,SVN,ISR,6415
1190172,208,110,1027,2016.0,12425034.0,0.0,1.731295,0.679562,SWE,ISR,6415
1190173,224,110,1027,2016.0,10286507.0,20450644.0,0.460247,2.3790400000000003,TUR,ISR,6415
1190174,227,110,1027,2016.0,0.0,50806.0,-0.476836,0.641138,UGA,ISR,6415
1190175,231,110,1027,2016.0,2139573.0,26727194.0,1.6991900000000002,-0.146044,USA,ISR,6415
1190176,246,110,1027,2016.0,41128.0,10039.0,-0.029618000000000002,1.426834,ZAF,ISR,6415
1190177,248,110,1027,2016.0,0.0,60955.0,-0.960175,-1.004593,ZWE,ISR,6415
1190178,249,110,1027,2016.0,1749305.0,0.0,2.028455,1.271167,TWN,ISR,6415
1190179,250,110,1027,2016.0,0.0,9000.0,0.608271,-0.007568000000000001,ANS,ISR,6415
1190180,2,111,1027,2016.0,0.0,161087.0,-0.986722,-1.1941979999999999,AGO,ITA,6415
1190181,4,111,1027,2016.0,273315.0,11495425.0,-0.5783550000000001,-0.085516,ALB,ITA,6415
1190182,7,111,1027,2016.0,1524.0,8491146.0,-0.019275,-0.18309,ARE,ITA,6415
1190183,8,111,1027,2016.0,0.0,2156224.0,-0.334847,0.24145100000000003,ARG,ITA,6415
1190184,9,111,1027,2016.0,0.0,962127.0,-0.252904,-0.614643,ARM,ITA,6415
1190185,13,111,1027,2016.0,0.0,9241.0,0.141771,-0.503847,ATG,ITA,6415
1190186,14,111,1027,2016.0,1830902.0,2464995.0,-0.585613,-0.245365,AUS,ITA,6415
1190187,15,111,1027,2016.0,115336496.0,13617193.0,1.743944,-0.051155,AUT,ITA,6415
1190188,16,111,1027,2016.0,0.0,77702.0,-1.111874,-1.2526059999999999,AZE,ITA,6415
1190189,18,111,1027,2016.0,11823146.0,13048159.0,1.2947110000000002,1.113058,BEL,ITA,6415
1190190,19,111,1027,2016.0,0.0,68249.0,-0.863777,-0.913193,BEN,ITA,6415
1190191,21,111,1027,2016.0,0.0,146670.0,-0.861491,-0.9462379999999999,BFA,ITA,6415
1190192,22,111,1027,2016.0,0.0,688491.0,-1.0177260000000001,-1.1010799999999998,BGD,ITA,6415
1190193,23,111,1027,2016.0,256094.0,8547725.0,0.509062,1.804648,BGR,ITA,6415
1190194,24,111,1027,2016.0,0.0,116572.0,0.23993299999999998,-0.5320199999999999,BHR,ITA,6415
1190195,25,111,1027,2016.0,0.0,16466.0,0.453269,-0.48267899999999997,BHS,ITA,6415
1190196,26,111,1027,2016.0,2579.0,8544634.0,0.693416,0.8723540000000001,BIH,ITA,6415
1190197,28,111,1027,2016.0,0.0,2073885.0,0.879499,0.897567,BLR,ITA,6415
1190198,31,111,1027,2016.0,0.0,29373.0,-1.009709,-0.986669,BOL,ITA,6415
1190199,32,111,1027,2016.0,11109296.0,461394.0,0.284988,1.031028,BRA,ITA,6415
1190200,33,111,1027,2016.0,0.0,10795.0,0.598214,0.054758,BRB,ITA,6415
1190201,39,111,1027,2016.0,1062831.0,1688774.0,0.541041,1.328065,CAN,ITA,6415
1190202,41,111,1027,2016.0,3880686.0,11021234.0,2.328616,0.832224,CHE,ITA,6415
1190203,42,111,1027,2016.0,78357.0,8081580.0,-0.162923,-0.20607199999999998,CHL,ITA,6415
1190204,43,111,1027,2016.0,3774192.0,8616317.0,1.249079,1.151045,CHN,ITA,6415
1190205,44,111,1027,2016.0,0.0,864991.0,-0.977045,-0.8633299999999999,CIV,ITA,6415
1190206,45,111,1027,2016.0,0.0,343629.0,-1.1342969999999999,-1.101724,CMR,ITA,6415
1190207,46,111,1027,2016.0,0.0,2263.0,-1.093544,-1.126599,COD,ITA,6415
1190208,47,111,1027,2016.0,0.0,61387.0,-0.562294,-0.9770030000000001,COG,ITA,6415
1190209,49,111,1027,2016.0,0.0,1542957.0,-0.040341,-0.20957699999999999,COL,ITA,6415
1190210,51,111,1027,2016.0,0.0,36254.0,0.13810899999999998,-0.598819,CPV,ITA,6415
1190211,52,111,1027,2016.0,0.0,36667.0,0.28594400000000003,0.131024,CRI,ITA,6415
1190212,54,111,1027,2016.0,0.0,305398.0,-0.6960850000000001,-1.166981,CUB,ITA,6415
1190213,58,111,1027,2016.0,0.0,1727280.0,0.229275,-0.09704600000000001,CYP,ITA,6415
1190214,59,111,1027,2016.0,10838692.0,13363718.0,1.818585,0.341356,CZE,ITA,6415
1190215,61,111,1027,2016.0,314735424.0,79420136.0,2.307429,-2.341644,DEU,ITA,6415
1190216,64,111,1027,2016.0,121300.0,586649.0,1.0572629999999998,1.4157540000000002,DNK,ITA,6415
1190217,65,111,1027,2016.0,3718.0,421213.0,-0.26926500000000003,0.046345,DOM,ITA,6415
1190218,66,111,1027,2016.0,1133.0,2330891.0,-1.243568,-1.232077,DZA,ITA,6415
1190219,67,111,1027,2016.0,0.0,605981.0,-1.032726,-1.034297,ECU,ITA,6415
1190220,68,111,1027,2016.0,30559.0,12483383.0,-0.202127,1.9342419999999998,EGY,ITA,6415
1190221,69,111,1027,2016.0,0.0,20766.0,-1.3077370000000001,-1.113459,ERI,ITA,6415
1190222,71,111,1027,2016.0,69116208.0,101121056.0,0.795006,2.203292,ESP,ITA,6415
1190223,72,111,1027,2016.0,20139.0,50681.0,0.958292,1.190173,EST,ITA,6415
1190224,73,111,1027,2016.0,0.0,13952.0,-1.163689,-0.885724,ETH,ITA,6415
1190225,74,111,1027,2016.0,45820152.0,474276.0,1.621764,1.026393,FIN,ITA,6415
1190226,77,111,1027,2016.0,131532560.0,123675664.0,1.490723,0.8471559999999999,FRA,ITA,6415
1190227,80,111,1027,2016.0,0.0,48935.0,-1.257455,-1.226416,GAB,ITA,6415
1190228,81,111,1027,2016.0,5222691.0,23191992.0,1.569616,1.048129,GBR,ITA,6415
1190229,82,111,1027,2016.0,1209.0,156250.0,-0.269579,-0.317608,GEO,ITA,6415
1190230,83,111,1027,2016.0,0.0,76668.0,-0.9026200000000001,-0.877508,GHA,ITA,6415
1190231,85,111,1027,2016.0,0.0,70025.0,-1.461226,-1.196035,GIN,ITA,6415
1190232,87,111,1027,2016.0,0.0,1254.0,-0.710399,-0.8278629999999999,GMB,ITA,6415
1190233,90,111,1027,2016.0,114819.0,32385762.0,0.053899,1.1259709999999998,GRC,ITA,6415
1190234,91,111,1027,2016.0,0.0,9761.0,1.002307,-0.011001,GRD,ITA,6415
1190235,93,111,1027,2016.0,0.0,103208.0,-0.397073,0.5736680000000001,GTM,ITA,6415
1190236,96,111,1027,2016.0,0.0,19236.0,-0.496113,-0.817237,GUY,ITA,6415
1190237,97,111,1027,2016.0,0.0,1599562.0,0.877619,1.0765790000000002,HKG,ITA,6415
1190238,99,111,1027,2016.0,0.0,45337.0,-0.506029,-0.30843899999999996,HND,ITA,6415
1190239,100,111,1027,2016.0,11547183.0,9468464.0,0.850619,1.39544,HRV,ITA,6415
1190240,101,111,1027,2016.0,0.0,11752.0,-1.046859,-1.016459,HTI,ITA,6415
1190241,102,111,1027,2016.0,37778844.0,6567854.0,1.7056069999999999,0.788768,HUN,ITA,6415
1190242,103,111,1027,2016.0,10113124.0,4117690.0,-0.013630000000000001,1.744404,IDN,ITA,6415
1190243,104,111,1027,2016.0,797596.0,4786976.0,0.223813,2.787547,IND,ITA,6415
1190244,106,111,1027,2016.0,55791.0,3597140.0,1.320777,0.057924,IRL,ITA,6415
1190245,107,111,1027,2016.0,3324.0,3289776.0,-0.408637,-0.340544,IRN,ITA,6415
1190246,108,111,1027,2016.0,0.0,407291.0,-1.7382849999999999,-1.037508,IRQ,ITA,6415
1190247,109,111,1027,2016.0,0.0,7260.0,0.099623,-0.404352,ISL,ITA,6415
1190248,110,111,1027,2016.0,2781302.0,9686667.0,0.9932219999999999,0.7518819999999999,ISR,ITA,6415
1190249,112,111,1027,2016.0,0.0,115995.0,-0.25619400000000003,-0.62326,JAM,ITA,6415
1190250,113,111,1027,2016.0,1959.0,1089909.0,0.100333,0.020786000000000002,JOR,ITA,6415
1190251,114,111,1027,2016.0,266762.0,286077.0,2.550074,-0.479725,JPN,ITA,6415
1190252,115,111,1027,2016.0,0.0,41581.0,-0.467305,-0.475451,KAZ,ITA,6415
1190253,116,111,1027,2016.0,0.0,424444.0,-0.483554,0.25645,KEN,ITA,6415
1190254,117,111,1027,2016.0,0.0,2469.0,0.20501100000000003,0.657593,KGZ,ITA,6415
1190255,118,111,1027,2016.0,0.0,12556.0,-0.70365,-0.843824,KHM,ITA,6415
1190256,121,111,1027,2016.0,469507.0,1387189.0,2.1686389999999998,0.798808,KOR,ITA,6415
1190257,122,111,1027,2016.0,0.0,296687.0,-0.401,-1.102991,KWT,ITA,6415
1190258,124,111,1027,2016.0,0.0,3760189.0,0.385417,1.139648,LBN,ITA,6415
1190259,125,111,1027,2016.0,0.0,1141.0,-1.157741,-1.159047,LBR,ITA,6415
1190260,126,111,1027,2016.0,0.0,214000.0,-1.120678,-1.222803,LBY,ITA,6415
1190261,128,111,1027,2016.0,0.0,247428.0,-0.540154,0.22580100000000003,LKA,ITA,6415
1190262,130,111,1027,2016.0,441207.0,1672434.0,0.6319130000000001,1.538765,LTU,ITA,6415
1190263,131,111,1027,2016.0,2301.0,15243844.0,1.217021,1.401214,LUX,ITA,6415
1190264,132,111,1027,2016.0,0.0,159300.0,0.46748199999999995,1.228024,LVA,ITA,6415
1190265,133,111,1027,2016.0,0.0,34029.0,0.517979,0.133195,MAC,ITA,6415
1190266,134,111,1027,2016.0,0.0,9602429.0,-0.648329,-0.14071,MAR,ITA,6415
1190267,135,111,1027,2016.0,51245.0,670031.0,-0.24173200000000003,0.010985,MDA,ITA,6415
1190268,136,111,1027,2016.0,0.0,23923.0,-0.979632,-0.63626,MDG,ITA,6415
1190269,138,111,1027,2016.0,3986.0,6312640.0,1.393506,0.64152,MEX,ITA,6415
1190270,140,111,1027,2016.0,109680.0,3680758.0,-0.249664,-0.338412,MKD,ITA,6415
1190271,141,111,1027,2016.0,0.0,56243.0,-0.405979,-0.6190869999999999,MLI,ITA,6415
1190272,142,111,1027,2016.0,0.0,971367.0,0.981182,-0.029401999999999998,MLT,ITA,6415
1190273,143,111,1027,2016.0,0.0,15069.0,-1.0789600000000001,-0.6471180000000001,MMR,ITA,6415
1190274,144,111,1027,2016.0,0.0,448377.0,0.002245,-0.10263599999999999,MNE,ITA,6415
1190275,145,111,1027,2016.0,0.0,1201.0,-0.9833780000000001,-1.062642,MNG,ITA,6415
1190276,147,111,1027,2016.0,0.0,3884.0,-1.207606,-1.0223879999999999,MOZ,ITA,6415
1190277,151,111,1027,2016.0,0.0,16902.0,-0.334969,0.005404,MUS,ITA,6415
1190278,153,111,1027,2016.0,1528.0,1505989.0,1.091156,0.8383370000000001,MYS,ITA,6415
1190279,156,111,1027,2016.0,0.0,16293.0,-0.630577,-0.934391,NCL,ITA,6415
1190280,159,111,1027,2016.0,0.0,1094380.0,-1.7380830000000003,-1.306938,NGA,ITA,6415
1190281,160,111,1027,2016.0,0.0,2798.0,-0.954131,-0.9000389999999999,NIC,ITA,6415
1190282,162,111,1027,2016.0,48642016.0,12065388.0,1.132192,1.412512,NLD,ITA,6415
1190283,163,111,1027,2016.0,12208714.0,651033.0,0.664183,0.206877,NOR,ITA,6415
1190284,164,111,1027,2016.0,1243.0,0.0,-0.253328,0.33395199999999997,NPL,ITA,6415
1190285,166,111,1027,2016.0,4585.0,131760.0,0.093306,0.194895,NZL,ITA,6415
1190286,167,111,1027,2016.0,0.0,601720.0,-0.594724,-1.019133,OMN,ITA,6415
1190287,168,111,1027,2016.0,0.0,322498.0,-0.7806810000000001,0.420241,PAK,ITA,6415
1190288,169,111,1027,2016.0,0.0,108528.0,0.731258,0.649917,PAN,ITA,6415
1190289,173,111,1027,2016.0,8458.0,1181863.0,-0.818178,-0.0791,PER,ITA,6415
1190290,174,111,1027,2016.0,0.0,465740.0,0.958651,0.324888,PHL,ITA,6415
1190291,177,111,1027,2016.0,26546796.0,43651820.0,1.1068959999999999,1.226985,POL,ITA,6415
1190292,179,111,1027,2016.0,101489520.0,9765290.0,0.661961,2.108517,PRT,ITA,6415
1190293,180,111,1027,2016.0,0.0,138059.0,-0.665963,-0.967879,PRY,ITA,6415
1190294,181,111,1027,2016.0,0.0,43607.0,0.09150900000000001,0.693397,PSE,ITA,6415
1190295,182,111,1027,2016.0,0.0,53136.0,0.022294,-0.676078,PYF,ITA,6415
1190296,183,111,1027,2016.0,0.0,95857.0,-0.52984,-1.106589,QAT,ITA,6415
1190297,185,111,1027,2016.0,6296213.0,18186798.0,1.176177,1.093489,ROU,ITA,6415
1190298,186,111,1027,2016.0,19988748.0,6141361.0,0.086009,0.300039,RUS,ITA,6415
1190299,188,111,1027,2016.0,351006.0,8468385.0,0.00286,-0.764602,SAU,ITA,6415
1190300,190,111,1027,2016.0,0.0,123173.0,-1.276278,-1.183311,SDN,ITA,6415
1190301,191,111,1027,2016.0,187193.0,889537.0,-0.648644,-0.39857800000000004,SEN,ITA,6415
1190302,192,111,1027,2016.0,43658.0,765618.0,2.0149340000000002,0.613009,SGP,ITA,6415
1190303,197,111,1027,2016.0,58227.0,459925.0,0.075546,0.317046,SLV,ITA,6415
1190304,201,111,1027,2016.0,1055307.0,8530848.0,0.608136,1.38132,SRB,ITA,6415
1190305,205,111,1027,2016.0,0.0,71697.0,-0.41257200000000005,-1.0434780000000001,SUR,ITA,6415
1190306,206,111,1027,2016.0,27253852.0,1619662.0,1.446588,0.811076,SVK,ITA,6415
1190307,207,111,1027,2016.0,9760194.0,12674191.0,1.7056200000000001,0.630058,SVN,ITA,6415
1190308,208,111,1027,2016.0,145234464.0,2414630.0,1.731295,0.679562,SWE,ITA,6415
1190309,211,111,1027,2016.0,0.0,3496.0,0.321549,-0.610316,SYC,ITA,6415
1190310,212,111,1027,2016.0,0.0,1051244.0,-0.78566,-0.006305,SYR,ITA,6415
1190311,215,111,1027,2016.0,0.0,2587.0,-0.777506,-0.652105,TGO,ITA,6415
1190312,216,111,1027,2016.0,109056.0,1952450.0,1.3075860000000001,1.151426,THA,ITA,6415
1190313,217,111,1027,2016.0,0.0,2885.0,-0.998353,-1.129616,TJK,ITA,6415
1190314,222,111,1027,2016.0,0.0,208951.0,-0.184575,-0.9999889999999999,TTO,ITA,6415
1190315,223,111,1027,2016.0,9697.0,9497596.0,0.27537399999999995,0.9474239999999999,TUN,ITA,6415
1190316,224,111,1027,2016.0,17250440.0,43288552.0,0.460247,2.3790400000000003,TUR,ITA,6415
1190317,226,111,1027,2016.0,0.0,25245.0,-1.01426,0.304263,TZA,ITA,6415
1190318,227,111,1027,2016.0,0.0,19015.0,-0.476836,0.641138,UGA,ITA,6415
1190319,228,111,1027,2016.0,5075.0,719888.0,0.240605,0.827153,UKR,ITA,6415
1190320,230,111,1027,2016.0,0.0,27549.0,0.040088,-0.27858499999999997,URY,ITA,6415
1190321,231,111,1027,2016.0,4458806.0,26112356.0,1.6991900000000002,-0.146044,USA,ITA,6415
1190322,232,111,1027,2016.0,0.0,54896.0,-0.672362,-0.574391,UZB,ITA,6415
1190323,236,111,1027,2016.0,0.0,112043.0,-1.2837120000000002,-1.2503879999999998,VEN,ITA,6415
1190324,239,111,1027,2016.0,5178.0,1249036.0,0.048214,0.6998810000000001,VNM,ITA,6415
1190325,243,111,1027,2016.0,0.0,28854.0,-0.99136,-1.1587049999999999,YEM,ITA,6415
1190326,246,111,1027,2016.0,312804.0,3896701.0,-0.029618000000000002,1.426834,ZAF,ITA,6415
1190327,249,111,1027,2016.0,35800.0,1145275.0,2.028455,1.271167,TWN,ITA,6415
1190328,250,111,1027,2016.0,0.0,34521.0,0.608271,-0.007568000000000001,ANS,ITA,6415
1190329,15,112,1027,2016.0,29261.0,0.0,1.743944,-0.051155,AUT,JAM,6415
1190330,18,112,1027,2016.0,6933.0,0.0,1.2947110000000002,1.113058,BEL,JAM,6415
1190331,25,112,1027,2016.0,0.0,2814.0,0.453269,-0.48267899999999997,BHS,JAM,6415
1190332,29,112,1027,2016.0,0.0,33918.0,-0.460532,-0.6068899999999999,BLZ,JAM,6415
1190333,32,112,1027,2016.0,1692386.0,0.0,0.284988,1.031028,BRA,JAM,6415
1190334,33,112,1027,2016.0,1926.0,0.0,0.598214,0.054758,BRB,JAM,6415
1190335,39,112,1027,2016.0,850835.0,0.0,0.541041,1.328065,CAN,JAM,6415
1190336,42,112,1027,2016.0,1352.0,0.0,-0.162923,-0.20607199999999998,CHL,JAM,6415
1190337,43,112,1027,2016.0,174461.0,0.0,1.249079,1.151045,CHN,JAM,6415
1190338,49,112,1027,2016.0,70881.0,0.0,-0.040341,-0.20957699999999999,COL,JAM,6415
1190339,52,112,1027,2016.0,45633.0,0.0,0.28594400000000003,0.131024,CRI,JAM,6415
1190340,57,112,1027,2016.0,0.0,60566.0,1.0380559999999999,-0.69484,CYM,JAM,6415
1190341,61,112,1027,2016.0,354846.0,0.0,2.307429,-2.341644,DEU,JAM,6415
1190342,63,112,1027,2016.0,0.0,1228.0,0.185043,-0.14673599999999998,DMA,JAM,6415
1190343,65,112,1027,2016.0,2574.0,0.0,-0.26926500000000003,0.046345,DOM,JAM,6415
1190344,71,112,1027,2016.0,51832.0,0.0,0.795006,2.203292,ESP,JAM,6415
1190345,74,112,1027,2016.0,15056.0,0.0,1.621764,1.026393,FIN,JAM,6415
1190346,81,112,1027,2016.0,14359.0,0.0,1.569616,1.048129,GBR,JAM,6415
1190347,91,112,1027,2016.0,0.0,5079.0,1.002307,-0.011001,GRD,JAM,6415
1190348,96,112,1027,2016.0,0.0,4786.0,-0.496113,-0.817237,GUY,JAM,6415
1190349,97,112,1027,2016.0,1992.0,0.0,0.877619,1.0765790000000002,HKG,JAM,6415
1190350,103,112,1027,2016.0,174430.0,0.0,-0.013630000000000001,1.744404,IDN,JAM,6415
1190351,104,112,1027,2016.0,1134.0,0.0,0.223813,2.787547,IND,JAM,6415
1190352,111,112,1027,2016.0,115995.0,0.0,1.461526,0.316891,ITA,JAM,6415
1190353,138,112,1027,2016.0,33376.0,0.0,1.393506,0.64152,MEX,JAM,6415
1190354,153,112,1027,2016.0,0.0,1272.0,1.091156,0.8383370000000001,MYS,JAM,6415
1190355,162,112,1027,2016.0,88791.0,0.0,1.132192,1.412512,NLD,JAM,6415
1190356,169,112,1027,2016.0,14039.0,0.0,0.731258,0.649917,PAN,JAM,6415
1190357,177,112,1027,2016.0,25910.0,0.0,1.1068959999999999,1.226985,POL,JAM,6415
1190358,179,112,1027,2016.0,186553.0,0.0,0.661961,2.108517,PRT,JAM,6415
1190359,188,112,1027,2016.0,35751.0,0.0,0.00286,-0.764602,SAU,JAM,6415
1190360,208,112,1027,2016.0,271448.0,0.0,1.731295,0.679562,SWE,JAM,6415
1190361,222,112,1027,2016.0,474266.0,0.0,-0.184575,-0.9999889999999999,TTO,JAM,6415
1190362,231,112,1027,2016.0,2732180.0,2011.0,1.6991900000000002,-0.146044,USA,JAM,6415
1190363,7,113,1027,2016.0,103032.0,7788.0,-0.019275,-0.18309,ARE,JOR,6415
1190364,14,113,1027,2016.0,2326272.0,0.0,-0.585613,-0.245365,AUS,JOR,6415
1190365,15,113,1027,2016.0,811540.0,0.0,1.743944,-0.051155,AUT,JOR,6415
1190366,18,113,1027,2016.0,452658.0,0.0,1.2947110000000002,1.113058,BEL,JOR,6415
1190367,24,113,1027,2016.0,4905.0,0.0,0.23993299999999998,-0.5320199999999999,BHR,JOR,6415
1190368,32,113,1027,2016.0,52446.0,0.0,0.284988,1.031028,BRA,JOR,6415
1190369,39,113,1027,2016.0,89234.0,0.0,0.541041,1.328065,CAN,JOR,6415
1190370,43,113,1027,2016.0,12392899.0,0.0,1.249079,1.151045,CHN,JOR,6415
1190371,59,113,1027,2016.0,58233.0,7317.0,1.818585,0.341356,CZE,JOR,6415
1190372,61,113,1027,2016.0,3661228.0,0.0,2.307429,-2.341644,DEU,JOR,6415
1190373,68,113,1027,2016.0,263577.0,21757.0,-0.202127,1.9342419999999998,EGY,JOR,6415
1190374,71,113,1027,2016.0,1336843.0,0.0,0.795006,2.203292,ESP,JOR,6415
1190375,72,113,1027,2016.0,17141.0,0.0,0.958292,1.190173,EST,JOR,6415
1190376,74,113,1027,2016.0,2362596.0,0.0,1.621764,1.026393,FIN,JOR,6415
1190377,77,113,1027,2016.0,1160965.0,0.0,1.490723,0.8471559999999999,FRA,JOR,6415
1190378,81,113,1027,2016.0,303765.0,0.0,1.569616,1.048129,GBR,JOR,6415
1190379,90,113,1027,2016.0,14261.0,0.0,0.053899,1.1259709999999998,GRC,JOR,6415
1190380,97,113,1027,2016.0,17994.0,0.0,0.877619,1.0765790000000002,HKG,JOR,6415
1190381,102,113,1027,2016.0,154141.0,0.0,1.7056069999999999,0.788768,HUN,JOR,6415
1190382,103,113,1027,2016.0,4142104.0,0.0,-0.013630000000000001,1.744404,IDN,JOR,6415
1190383,104,113,1027,2016.0,701538.0,0.0,0.223813,2.787547,IND,JOR,6415
1190384,108,113,1027,2016.0,0.0,407310.0,-1.7382849999999999,-1.037508,IRQ,JOR,6415
1190385,110,113,1027,2016.0,342817.0,46480.0,0.9932219999999999,0.7518819999999999,ISR,JOR,6415
1190386,111,113,1027,2016.0,1089909.0,1959.0,1.461526,0.316891,ITA,JOR,6415
1190387,114,113,1027,2016.0,2877.0,0.0,2.550074,-0.479725,JPN,JOR,6415
1190388,121,113,1027,2016.0,847160.0,0.0,2.1686389999999998,0.798808,KOR,JOR,6415
1190389,122,113,1027,2016.0,123746.0,2647.0,-0.401,-1.102991,KWT,JOR,6415
1190390,124,113,1027,2016.0,306949.0,0.0,0.385417,1.139648,LBN,JOR,6415
1190391,126,113,1027,2016.0,0.0,16604.0,-1.120678,-1.222803,LBY,JOR,6415
1190392,128,113,1027,2016.0,71978.0,0.0,-0.540154,0.22580100000000003,LKA,JOR,6415
1190393,153,113,1027,2016.0,2789.0,0.0,1.091156,0.8383370000000001,MYS,JOR,6415
1190394,162,113,1027,2016.0,433257.0,0.0,1.132192,1.412512,NLD,JOR,6415
1190395,163,113,1027,2016.0,290989.0,0.0,0.664183,0.206877,NOR,JOR,6415
1190396,177,113,1027,2016.0,2665212.0,0.0,1.1068959999999999,1.226985,POL,JOR,6415
1190397,179,113,1027,2016.0,4144828.0,0.0,0.661961,2.108517,PRT,JOR,6415
1190398,181,113,1027,2016.0,68915.0,14019.0,0.09150900000000001,0.693397,PSE,JOR,6415
1190399,183,113,1027,2016.0,0.0,2262.0,-0.52984,-1.106589,QAT,JOR,6415
1190400,186,113,1027,2016.0,422284.0,0.0,0.086009,0.300039,RUS,JOR,6415
1190401,188,113,1027,2016.0,12068510.0,327767.0,0.00286,-0.764602,SAU,JOR,6415
1190402,192,113,1027,2016.0,24785.0,0.0,2.0149340000000002,0.613009,SGP,JOR,6415
1190403,206,113,1027,2016.0,1261744.0,0.0,1.446588,0.811076,SVK,JOR,6415
1190404,207,113,1027,2016.0,19911.0,0.0,1.7056200000000001,0.630058,SVN,JOR,6415
1190405,208,113,1027,2016.0,253503.0,0.0,1.731295,0.679562,SWE,JOR,6415
1190406,212,113,1027,2016.0,0.0,151542.0,-0.78566,-0.006305,SYR,JOR,6415
1190407,216,113,1027,2016.0,640391.0,14086.0,1.3075860000000001,1.151426,THA,JOR,6415
1190408,224,113,1027,2016.0,690876.0,3285.0,0.460247,2.3790400000000003,TUR,JOR,6415
1190409,231,113,1027,2016.0,287083.0,1570.0,1.6991900000000002,-0.146044,USA,JOR,6415
1190410,239,113,1027,2016.0,7523.0,0.0,0.048214,0.6998810000000001,VNM,JOR,6415
1190411,246,113,1027,2016.0,15323.0,0.0,-0.029618000000000002,1.426834,ZAF,JOR,6415
1190412,249,113,1027,2016.0,839722.0,0.0,2.028455,1.271167,TWN,JOR,6415
1190413,250,113,1027,2016.0,44646.0,238989.0,0.608271,-0.007568000000000001,ANS,JOR,6415
1190414,7,114,1027,2016.0,0.0,1891670.0,-0.019275,-0.18309,ARE,JPN,6415
1190415,8,114,1027,2016.0,0.0,5197.0,-0.334847,0.24145100000000003,ARG,JPN,6415
1190416,14,114,1027,2016.0,525808.0,716135.0,-0.585613,-0.245365,AUS,JPN,6415
1190417,15,114,1027,2016.0,6443838.0,185434.0,1.743944,-0.051155,AUT,JPN,6415
1190418,18,114,1027,2016.0,4126128.0,159361.0,1.2947110000000002,1.113058,BEL,JPN,6415
1190419,22,114,1027,2016.0,0.0,4069878.0,-1.0177260000000001,-1.1010799999999998,BGD,JPN,6415
1190420,23,114,1027,2016.0,0.0,1451.0,0.509062,1.804648,BGR,JPN,6415
1190421,24,114,1027,2016.0,0.0,89431.0,0.23993299999999998,-0.5320199999999999,BHR,JPN,6415
1190422,31,114,1027,2016.0,0.0,37869.0,-1.009709,-0.986669,BOL,JPN,6415
1190423,32,114,1027,2016.0,162733.0,1889202.0,0.284988,1.031028,BRA,JPN,6415
1190424,33,114,1027,2016.0,0.0,5431.0,0.598214,0.054758,BRB,JPN,6415
1190425,39,114,1027,2016.0,1251884.0,1217387.0,0.541041,1.328065,CAN,JPN,6415
1190426,41,114,1027,2016.0,37413.0,84909.0,2.328616,0.832224,CHE,JPN,6415
1190427,42,114,1027,2016.0,0.0,25356.0,-0.162923,-0.20607199999999998,CHL,JPN,6415
1190428,43,114,1027,2016.0,173380048.0,84937904.0,1.249079,1.151045,CHN,JPN,6415
1190429,44,114,1027,2016.0,0.0,2039.0,-0.977045,-0.8633299999999999,CIV,JPN,6415
1190430,46,114,1027,2016.0,0.0,21068.0,-1.093544,-1.126599,COD,JPN,6415
1190431,49,114,1027,2016.0,0.0,66622.0,-0.040341,-0.20957699999999999,COL,JPN,6415
1190432,58,114,1027,2016.0,0.0,1654.0,0.229275,-0.09704600000000001,CYP,JPN,6415
1190433,59,114,1027,2016.0,3130.0,150405.0,1.818585,0.341356,CZE,JPN,6415
1190434,61,114,1027,2016.0,3884511.0,2597132.0,2.307429,-2.341644,DEU,JPN,6415
1190435,65,114,1027,2016.0,0.0,212868.0,-0.26926500000000003,0.046345,DOM,JPN,6415
1190436,66,114,1027,2016.0,0.0,96158.0,-1.243568,-1.232077,DZA,JPN,6415
1190437,67,114,1027,2016.0,0.0,51672.0,-1.032726,-1.034297,ECU,JPN,6415
1190438,68,114,1027,2016.0,0.0,391636.0,-0.202127,1.9342419999999998,EGY,JPN,6415
1190439,71,114,1027,2016.0,748128.0,54077.0,0.795006,2.203292,ESP,JPN,6415
1190440,72,114,1027,2016.0,0.0,7635.0,0.958292,1.190173,EST,JPN,6415
1190441,74,114,1027,2016.0,9871541.0,26406.0,1.621764,1.026393,FIN,JPN,6415
1190442,77,114,1027,2016.0,7479853.0,361292.0,1.490723,0.8471559999999999,FRA,JPN,6415
1190443,81,114,1027,2016.0,1000009.0,162849.0,1.569616,1.048129,GBR,JPN,6415
1190444,83,114,1027,2016.0,0.0,6485.0,-0.9026200000000001,-0.877508,GHA,JPN,6415
1190445,97,114,1027,2016.0,85968.0,11335975.0,0.877619,1.0765790000000002,HKG,JPN,6415
1190446,99,114,1027,2016.0,0.0,19086.0,-0.506029,-0.30843899999999996,HND,JPN,6415
1190447,102,114,1027,2016.0,0.0,1313824.0,1.7056069999999999,0.788768,HUN,JPN,6415
1190448,103,114,1027,2016.0,283185248.0,8422140.0,-0.013630000000000001,1.744404,IDN,JPN,6415
1190449,104,114,1027,2016.0,3157.0,2040707.0,0.223813,2.787547,IND,JPN,6415
1190450,109,114,1027,2016.0,0.0,3011.0,0.099623,-0.404352,ISL,JPN,6415
1190451,110,114,1027,2016.0,38620.0,835424.0,0.9932219999999999,0.7518819999999999,ISR,JPN,6415
1190452,111,114,1027,2016.0,286077.0,266762.0,1.461526,0.316891,ITA,JPN,6415
1190453,113,114,1027,2016.0,0.0,2877.0,0.100333,0.020786000000000002,JOR,JPN,6415
1190454,115,114,1027,2016.0,0.0,1716.0,-0.467305,-0.475451,KAZ,JPN,6415
1190455,116,114,1027,2016.0,0.0,2071.0,-0.483554,0.25645,KEN,JPN,6415
1190456,117,114,1027,2016.0,0.0,10429.0,0.20501100000000003,0.657593,KGZ,JPN,6415
1190457,118,114,1027,2016.0,109162.0,268603.0,-0.70365,-0.843824,KHM,JPN,6415
1190458,121,114,1027,2016.0,676759.0,70191752.0,2.1686389999999998,0.798808,KOR,JPN,6415
1190459,122,114,1027,2016.0,0.0,71087.0,-0.401,-1.102991,KWT,JPN,6415
1190460,124,114,1027,2016.0,0.0,5426452.0,0.385417,1.139648,LBN,JPN,6415
1190461,128,114,1027,2016.0,0.0,510224.0,-0.540154,0.22580100000000003,LKA,JPN,6415
1190462,130,114,1027,2016.0,23941.0,0.0,0.6319130000000001,1.538765,LTU,JPN,6415
1190463,131,114,1027,2016.0,0.0,4506.0,1.217021,1.401214,LUX,JPN,6415
1190464,133,114,1027,2016.0,0.0,170065.0,0.517979,0.133195,MAC,JPN,6415
1190465,134,114,1027,2016.0,0.0,1906490.0,-0.648329,-0.14071,MAR,JPN,6415
1190466,137,114,1027,2016.0,0.0,17352.0,-0.975518,-1.00076,MDV,JPN,6415
1190467,138,114,1027,2016.0,2116.0,359075.0,1.393506,0.64152,MEX,JPN,6415
1190468,142,114,1027,2016.0,0.0,5743.0,0.981182,-0.029401999999999998,MLT,JPN,6415
1190469,143,114,1027,2016.0,200898.0,3668262.0,-1.0789600000000001,-0.6471180000000001,MMR,JPN,6415
1190470,145,114,1027,2016.0,0.0,415630.0,-0.9833780000000001,-1.062642,MNG,JPN,6415
1190471,147,114,1027,2016.0,0.0,6545.0,-1.207606,-1.0223879999999999,MOZ,JPN,6415
1190472,152,114,1027,2016.0,0.0,7841.0,-0.969781,-1.042325,MWI,JPN,6415
1190473,153,114,1027,2016.0,157186.0,55636160.0,1.091156,0.8383370000000001,MYS,JPN,6415
1190474,159,114,1027,2016.0,0.0,1950.0,-1.7380830000000003,-1.306938,NGA,JPN,6415
1190475,162,114,1027,2016.0,1349710.0,29445306.0,1.132192,1.412512,NLD,JPN,6415
1190476,163,114,1027,2016.0,3100754.0,118949.0,0.664183,0.206877,NOR,JPN,6415
1190477,164,114,1027,2016.0,14520.0,0.0,-0.253328,0.33395199999999997,NPL,JPN,6415
1190478,166,114,1027,2016.0,0.0,763469.0,0.093306,0.194895,NZL,JPN,6415
1190479,167,114,1027,2016.0,0.0,1027.0,-0.594724,-1.019133,OMN,JPN,6415
1190480,168,114,1027,2016.0,0.0,3101567.0,-0.7806810000000001,0.420241,PAK,JPN,6415
1190481,169,114,1027,2016.0,0.0,6967.0,0.731258,0.649917,PAN,JPN,6415
1190482,173,114,1027,2016.0,0.0,290821.0,-0.818178,-0.0791,PER,JPN,6415
1190483,174,114,1027,2016.0,37590.0,19274678.0,0.958651,0.324888,PHL,JPN,6415
1190484,177,114,1027,2016.0,140923.0,6901.0,1.1068959999999999,1.226985,POL,JPN,6415
1190485,179,114,1027,2016.0,196345.0,463350.0,0.661961,2.108517,PRT,JPN,6415
1190486,180,114,1027,2016.0,0.0,11610.0,-0.665963,-0.967879,PRY,JPN,6415
1190487,183,114,1027,2016.0,0.0,187662.0,-0.52984,-1.106589,QAT,JPN,6415
1190488,185,114,1027,2016.0,0.0,3022.0,1.176177,1.093489,ROU,JPN,6415
1190489,186,114,1027,2016.0,241204.0,383051.0,0.086009,0.300039,RUS,JPN,6415
1190490,188,114,1027,2016.0,0.0,649478.0,0.00286,-0.764602,SAU,JPN,6415
1190491,192,114,1027,2016.0,9821656.0,926361.0,2.0149340000000002,0.613009,SGP,JPN,6415
1190492,197,114,1027,2016.0,0.0,274226.0,0.075546,0.317046,SLV,JPN,6415
1190493,201,114,1027,2016.0,0.0,37615.0,0.608136,1.38132,SRB,JPN,6415
1190494,206,114,1027,2016.0,0.0,24895.0,1.446588,0.811076,SVK,JPN,6415
1190495,207,114,1027,2016.0,16111.0,3012.0,1.7056200000000001,0.630058,SVN,JPN,6415
1190496,208,114,1027,2016.0,10965383.0,25083.0,1.731295,0.679562,SWE,JPN,6415
1190497,216,114,1027,2016.0,4739962.0,74915848.0,1.3075860000000001,1.151426,THA,JPN,6415
1190498,224,114,1027,2016.0,0.0,293418.0,0.460247,2.3790400000000003,TUR,JPN,6415
1190499,226,114,1027,2016.0,0.0,28850.0,-1.01426,0.304263,TZA,JPN,6415
1190500,228,114,1027,2016.0,0.0,5106.0,0.240605,0.827153,UKR,JPN,6415
1190501,231,114,1027,2016.0,46469652.0,19985810.0,1.6991900000000002,-0.146044,USA,JPN,6415
1190502,239,114,1027,2016.0,2290119.0,59749624.0,0.048214,0.6998810000000001,VNM,JPN,6415
1190503,246,114,1027,2016.0,0.0,47756.0,-0.029618000000000002,1.426834,ZAF,JPN,6415
1190504,249,114,1027,2016.0,2496639.0,51278940.0,2.028455,1.271167,TWN,JPN,6415
1190505,33,120,1027,2016.0,5887.0,0.0,0.598214,0.054758,BRB,KNA,6415
1190506,81,120,1027,2016.0,1979.0,0.0,1.569616,1.048129,GBR,KNA,6415
1190507,222,120,1027,2016.0,7124.0,0.0,-0.184575,-0.9999889999999999,TTO,KNA,6415
1190508,231,120,1027,2016.0,136197.0,0.0,1.6991900000000002,-0.146044,USA,KNA,6415
1190509,250,120,1027,2016.0,4927.0,0.0,0.608271,-0.007568000000000001,ANS,KNA,6415
1190510,2,121,1027,2016.0,0.0,5623.0,-0.986722,-1.1941979999999999,AGO,KOR,6415
1190511,7,121,1027,2016.0,1279.0,1077473.0,-0.019275,-0.18309,ARE,KOR,6415
1190512,8,121,1027,2016.0,0.0,65473.0,-0.334847,0.24145100000000003,ARG,KOR,6415
1190513,9,121,1027,2016.0,0.0,20935.0,-0.252904,-0.614643,ARM,KOR,6415
1190514,14,121,1027,2016.0,1584356.0,2043280.0,-0.585613,-0.245365,AUS,KOR,6415
1190515,15,121,1027,2016.0,6686386.0,0.0,1.743944,-0.051155,AUT,KOR,6415
1190516,18,121,1027,2016.0,55574.0,2738.0,1.2947110000000002,1.113058,BEL,KOR,6415
1190517,19,121,1027,2016.0,0.0,29086.0,-0.863777,-0.913193,BEN,KOR,6415
1190518,21,121,1027,2016.0,0.0,16352.0,-0.861491,-0.9462379999999999,BFA,KOR,6415
1190519,22,121,1027,2016.0,0.0,4256816.0,-1.0177260000000001,-1.1010799999999998,BGD,KOR,6415
1190520,23,121,1027,2016.0,0.0,41849.0,0.509062,1.804648,BGR,KOR,6415
1190521,24,121,1027,2016.0,0.0,141173.0,0.23993299999999998,-0.5320199999999999,BHR,KOR,6415
1190522,31,121,1027,2016.0,0.0,1772.0,-1.009709,-0.986669,BOL,KOR,6415
1190523,32,121,1027,2016.0,4528021.0,29791.0,0.284988,1.031028,BRA,KOR,6415
1190524,34,121,1027,2016.0,0.0,2326.0,-1.082406,-0.9169309999999999,BRN,KOR,6415
1190525,39,121,1027,2016.0,169064.0,129894.0,0.541041,1.328065,CAN,KOR,6415
1190526,41,121,1027,2016.0,277512.0,5728.0,2.328616,0.832224,CHE,KOR,6415
1190527,42,121,1027,2016.0,0.0,933521.0,-0.162923,-0.20607199999999998,CHL,KOR,6415
1190528,43,121,1027,2016.0,164627088.0,13184802.0,1.249079,1.151045,CHN,KOR,6415
1190529,45,121,1027,2016.0,0.0,2199.0,-1.1342969999999999,-1.101724,CMR,KOR,6415
1190530,46,121,1027,2016.0,0.0,61993.0,-1.093544,-1.126599,COD,KOR,6415
1190531,49,121,1027,2016.0,22945.0,91976.0,-0.040341,-0.20957699999999999,COL,KOR,6415
1190532,52,121,1027,2016.0,0.0,31513.0,0.28594400000000003,0.131024,CRI,KOR,6415
1190533,58,121,1027,2016.0,0.0,25292.0,0.229275,-0.09704600000000001,CYP,KOR,6415
1190534,59,121,1027,2016.0,793696.0,4845.0,1.818585,0.341356,CZE,KOR,6415
1190535,61,121,1027,2016.0,10156983.0,41083.0,2.307429,-2.341644,DEU,KOR,6415
1190536,65,121,1027,2016.0,18821.0,176517.0,-0.26926500000000003,0.046345,DOM,KOR,6415
1190537,67,121,1027,2016.0,0.0,27983.0,-1.032726,-1.034297,ECU,KOR,6415
1190538,68,121,1027,2016.0,0.0,588137.0,-0.202127,1.9342419999999998,EGY,KOR,6415
1190539,71,121,1027,2016.0,5517399.0,72118.0,0.795006,2.203292,ESP,KOR,6415
1190540,72,121,1027,2016.0,0.0,10431.0,0.958292,1.190173,EST,KOR,6415
1190541,73,121,1027,2016.0,0.0,63032.0,-1.163689,-0.885724,ETH,KOR,6415
1190542,74,121,1027,2016.0,3695415.0,0.0,1.621764,1.026393,FIN,KOR,6415
1190543,75,121,1027,2016.0,0.0,447955.0,-0.370598,0.049875,FJI,KOR,6415
1190544,77,121,1027,2016.0,9485246.0,32540.0,1.490723,0.8471559999999999,FRA,KOR,6415
1190545,81,121,1027,2016.0,1767413.0,1062356.0,1.569616,1.048129,GBR,KOR,6415
1190546,83,121,1027,2016.0,0.0,127961.0,-0.9026200000000001,-0.877508,GHA,KOR,6415
1190547,85,121,1027,2016.0,0.0,24322.0,-1.461226,-1.196035,GIN,KOR,6415
1190548,90,121,1027,2016.0,0.0,1020243.0,0.053899,1.1259709999999998,GRC,KOR,6415
1190549,93,121,1027,2016.0,0.0,133879.0,-0.397073,0.5736680000000001,GTM,KOR,6415
1190550,95,121,1027,2016.0,0.0,4504.0,0.709797,0.108846,GUM,KOR,6415
1190551,97,121,1027,2016.0,176178.0,1236112.0,0.877619,1.0765790000000002,HKG,KOR,6415
1190552,99,121,1027,2016.0,0.0,795611.0,-0.506029,-0.30843899999999996,HND,KOR,6415
1190553,103,121,1027,2016.0,41508024.0,27570276.0,-0.013630000000000001,1.744404,IDN,KOR,6415
1190554,104,121,1027,2016.0,191753.0,3617937.0,0.223813,2.787547,IND,KOR,6415
1190555,106,121,1027,2016.0,4432.0,52538.0,1.320777,0.057924,IRL,KOR,6415
1190556,107,121,1027,2016.0,0.0,23974654.0,-0.408637,-0.340544,IRN,KOR,6415
1190557,108,121,1027,2016.0,0.0,102847.0,-1.7382849999999999,-1.037508,IRQ,KOR,6415
1190558,110,121,1027,2016.0,20317.0,16543.0,0.9932219999999999,0.7518819999999999,ISR,KOR,6415
1190559,111,121,1027,2016.0,1387189.0,469507.0,1.461526,0.316891,ITA,KOR,6415
1190560,113,121,1027,2016.0,0.0,847160.0,0.100333,0.020786000000000002,JOR,KOR,6415
1190561,114,121,1027,2016.0,70191752.0,676759.0,2.550074,-0.479725,JPN,KOR,6415
1190562,116,121,1027,2016.0,0.0,481236.0,-0.483554,0.25645,KEN,KOR,6415
1190563,118,121,1027,2016.0,0.0,745892.0,-0.70365,-0.843824,KHM,KOR,6415
1190564,122,121,1027,2016.0,0.0,42231.0,-0.401,-1.102991,KWT,KOR,6415
1190565,123,121,1027,2016.0,0.0,40640.0,-0.8350559999999999,-0.660756,LAO,KOR,6415
1190566,126,121,1027,2016.0,0.0,35895.0,-1.120678,-1.222803,LBY,KOR,6415
1190567,128,121,1027,2016.0,0.0,619428.0,-0.540154,0.22580100000000003,LKA,KOR,6415
1190568,133,121,1027,2016.0,0.0,36259.0,0.517979,0.133195,MAC,KOR,6415
1190569,134,121,1027,2016.0,0.0,9358.0,-0.648329,-0.14071,MAR,KOR,6415
1190570,136,121,1027,2016.0,0.0,20072.0,-0.979632,-0.63626,MDG,KOR,6415
1190571,137,121,1027,2016.0,0.0,4480.0,-0.975518,-1.00076,MDV,KOR,6415
1190572,138,121,1027,2016.0,0.0,69768.0,1.393506,0.64152,MEX,KOR,6415
1190573,142,121,1027,2016.0,0.0,54197.0,0.981182,-0.029401999999999998,MLT,KOR,6415
1190574,143,121,1027,2016.0,0.0,1533233.0,-1.0789600000000001,-0.6471180000000001,MMR,KOR,6415
1190575,145,121,1027,2016.0,0.0,156075.0,-0.9833780000000001,-1.062642,MNG,KOR,6415
1190576,147,121,1027,2016.0,0.0,12710.0,-1.207606,-1.0223879999999999,MOZ,KOR,6415
1190577,151,121,1027,2016.0,0.0,9152.0,-0.334969,0.005404,MUS,KOR,6415
1190578,152,121,1027,2016.0,0.0,3009.0,-0.969781,-1.042325,MWI,KOR,6415
1190579,153,121,1027,2016.0,2550810.0,43741212.0,1.091156,0.8383370000000001,MYS,KOR,6415
1190580,159,121,1027,2016.0,0.0,2610028.0,-1.7380830000000003,-1.306938,NGA,KOR,6415
1190581,160,121,1027,2016.0,0.0,47866.0,-0.954131,-0.9000389999999999,NIC,KOR,6415
1190582,162,121,1027,2016.0,73451.0,59155.0,1.132192,1.412512,NLD,KOR,6415
1190583,163,121,1027,2016.0,341115.0,0.0,0.664183,0.206877,NOR,KOR,6415
1190584,164,121,1027,2016.0,0.0,72841.0,-0.253328,0.33395199999999997,NPL,KOR,6415
1190585,165,121,1027,2016.0,0.0,2232.0,0.515224,-0.325771,NRU,KOR,6415
1190586,166,121,1027,2016.0,363942.0,79538.0,0.093306,0.194895,NZL,KOR,6415
1190587,167,121,1027,2016.0,0.0,69125.0,-0.594724,-1.019133,OMN,KOR,6415
1190588,168,121,1027,2016.0,0.0,239893.0,-0.7806810000000001,0.420241,PAK,KOR,6415
1190589,169,121,1027,2016.0,0.0,58096.0,0.731258,0.649917,PAN,KOR,6415
1190590,173,121,1027,2016.0,0.0,265316.0,-0.818178,-0.0791,PER,KOR,6415
1190591,174,121,1027,2016.0,4967990.0,8909352.0,0.958651,0.324888,PHL,KOR,6415
1190592,177,121,1027,2016.0,824671.0,126777.0,1.1068959999999999,1.226985,POL,KOR,6415
1190593,179,121,1027,2016.0,171558.0,50838.0,0.661961,2.108517,PRT,KOR,6415
1190594,181,121,1027,2016.0,0.0,6676.0,0.09150900000000001,0.693397,PSE,KOR,6415
1190595,183,121,1027,2016.0,0.0,319859.0,-0.52984,-1.106589,QAT,KOR,6415
1190596,185,121,1027,2016.0,0.0,58569.0,1.176177,1.093489,ROU,KOR,6415
1190597,186,121,1027,2016.0,1411798.0,1099856.0,0.086009,0.300039,RUS,KOR,6415
1190598,187,121,1027,2016.0,0.0,1196.0,-0.57693,-0.476909,RWA,KOR,6415
1190599,188,121,1027,2016.0,0.0,3779982.0,0.00286,-0.764602,SAU,KOR,6415
1190600,191,121,1027,2016.0,38332.0,0.0,-0.648644,-0.39857800000000004,SEN,KOR,6415
1190601,192,121,1027,2016.0,15339113.0,1610729.0,2.0149340000000002,0.613009,SGP,KOR,6415
1190602,197,121,1027,2016.0,0.0,155325.0,0.075546,0.317046,SLV,KOR,6415
1190603,201,121,1027,2016.0,0.0,99659.0,0.608136,1.38132,SRB,KOR,6415
1190604,206,121,1027,2016.0,0.0,82188.0,1.446588,0.811076,SVK,KOR,6415
1190605,208,121,1027,2016.0,2005900.0,0.0,1.731295,0.679562,SWE,KOR,6415
1190606,216,121,1027,2016.0,70844312.0,1712266.0,1.3075860000000001,1.151426,THA,KOR,6415
1190607,223,121,1027,2016.0,21987.0,17392.0,0.27537399999999995,0.9474239999999999,TUN,KOR,6415
1190608,224,121,1027,2016.0,0.0,7891134.0,0.460247,2.3790400000000003,TUR,KOR,6415
1190609,226,121,1027,2016.0,0.0,8487.0,-1.01426,0.304263,TZA,KOR,6415
1190610,227,121,1027,2016.0,0.0,54424.0,-0.476836,0.641138,UGA,KOR,6415
1190611,228,121,1027,2016.0,5317.0,24296.0,0.240605,0.827153,UKR,KOR,6415
1190612,230,121,1027,2016.0,0.0,2450.0,0.040088,-0.27858499999999997,URY,KOR,6415
1190613,231,121,1027,2016.0,5041060.0,6116564.0,1.6991900000000002,-0.146044,USA,KOR,6415
1190614,232,121,1027,2016.0,0.0,123607.0,-0.672362,-0.574391,UZB,KOR,6415
1190615,236,121,1027,2016.0,26185.0,19513.0,-1.2837120000000002,-1.2503879999999998,VEN,KOR,6415
1190616,239,121,1027,2016.0,492663.0,18230356.0,0.048214,0.6998810000000001,VNM,KOR,6415
1190617,246,121,1027,2016.0,9053.0,1622680.0,-0.029618000000000002,1.426834,ZAF,KOR,6415
1190618,248,121,1027,2016.0,0.0,6883.0,-0.960175,-1.004593,ZWE,KOR,6415
1190619,249,121,1027,2016.0,36044092.0,2112778.0,2.028455,1.271167,TWN,KOR,6415
1190620,7,122,1027,2016.0,1375118.0,1450176.0,-0.019275,-0.18309,ARE,KWT,6415
1190621,14,122,1027,2016.0,3486.0,0.0,-0.585613,-0.245365,AUS,KWT,6415
1190622,15,122,1027,2016.0,6600.0,0.0,1.743944,-0.051155,AUT,KWT,6415
1190623,18,122,1027,2016.0,506723.0,0.0,1.2947110000000002,1.113058,BEL,KWT,6415
1190624,24,122,1027,2016.0,2435.0,70303.0,0.23993299999999998,-0.5320199999999999,BHR,KWT,6415
1190625,32,122,1027,2016.0,1062352.0,0.0,0.284988,1.031028,BRA,KWT,6415
1190626,39,122,1027,2016.0,888795.0,0.0,0.541041,1.328065,CAN,KWT,6415
1190627,41,122,1027,2016.0,1699.0,0.0,2.328616,0.832224,CHE,KWT,6415
1190628,43,122,1027,2016.0,3573799.0,0.0,1.249079,1.151045,CHN,KWT,6415
1190629,59,122,1027,2016.0,1900.0,0.0,1.818585,0.341356,CZE,KWT,6415
1190630,61,122,1027,2016.0,1333660.0,0.0,2.307429,-2.341644,DEU,KWT,6415
1190631,68,122,1027,2016.0,32160.0,366285.0,-0.202127,1.9342419999999998,EGY,KWT,6415
1190632,71,122,1027,2016.0,1964860.0,0.0,0.795006,2.203292,ESP,KWT,6415
1190633,74,122,1027,2016.0,270924.0,0.0,1.621764,1.026393,FIN,KWT,6415
1190634,77,122,1027,2016.0,755840.0,0.0,1.490723,0.8471559999999999,FRA,KWT,6415
1190635,81,122,1027,2016.0,1138599.0,0.0,1.569616,1.048129,GBR,KWT,6415
1190636,102,122,1027,2016.0,69197.0,0.0,1.7056069999999999,0.788768,HUN,KWT,6415
1190637,103,122,1027,2016.0,3436230.0,0.0,-0.013630000000000001,1.744404,IDN,KWT,6415
1190638,104,122,1027,2016.0,3052911.0,44991.0,0.223813,2.787547,IND,KWT,6415
1190639,111,122,1027,2016.0,296687.0,0.0,1.461526,0.316891,ITA,KWT,6415
1190640,113,122,1027,2016.0,2647.0,123746.0,0.100333,0.020786000000000002,JOR,KWT,6415
1190641,114,122,1027,2016.0,71087.0,0.0,2.550074,-0.479725,JPN,KWT,6415
1190642,121,122,1027,2016.0,42231.0,0.0,2.1686389999999998,0.798808,KOR,KWT,6415
1190643,124,122,1027,2016.0,292763.0,48882.0,0.385417,1.139648,LBN,KWT,6415
1190644,128,122,1027,2016.0,0.0,35850.0,-0.540154,0.22580100000000003,LKA,KWT,6415
1190645,134,122,1027,2016.0,5129.0,0.0,-0.648329,-0.14071,MAR,KWT,6415
1190646,138,122,1027,2016.0,12888.0,0.0,1.393506,0.64152,MEX,KWT,6415
1190647,153,122,1027,2016.0,46773.0,0.0,1.091156,0.8383370000000001,MYS,KWT,6415
1190648,162,122,1027,2016.0,411569.0,0.0,1.132192,1.412512,NLD,KWT,6415
1190649,167,122,1027,2016.0,8078.0,26487.0,-0.594724,-1.019133,OMN,KWT,6415
1190650,168,122,1027,2016.0,1276.0,57973.0,-0.7806810000000001,0.420241,PAK,KWT,6415
1190651,177,122,1027,2016.0,126166.0,0.0,1.1068959999999999,1.226985,POL,KWT,6415
1190652,179,122,1027,2016.0,1114826.0,0.0,0.661961,2.108517,PRT,KWT,6415
1190653,183,122,1027,2016.0,0.0,189361.0,-0.52984,-1.106589,QAT,KWT,6415
1190654,186,122,1027,2016.0,575160.0,0.0,0.086009,0.300039,RUS,KWT,6415
1190655,188,122,1027,2016.0,6894128.0,10062685.0,0.00286,-0.764602,SAU,KWT,6415
1190656,192,122,1027,2016.0,1332353.0,0.0,2.0149340000000002,0.613009,SGP,KWT,6415
1190657,206,122,1027,2016.0,539798.0,0.0,1.446588,0.811076,SVK,KWT,6415
1190658,207,122,1027,2016.0,62942.0,0.0,1.7056200000000001,0.630058,SVN,KWT,6415
1190659,208,122,1027,2016.0,1297109.0,0.0,1.731295,0.679562,SWE,KWT,6415
1190660,212,122,1027,2016.0,5278.0,0.0,-0.78566,-0.006305,SYR,KWT,6415
1190661,216,122,1027,2016.0,1837018.0,0.0,1.3075860000000001,1.151426,THA,KWT,6415
1190662,224,122,1027,2016.0,76218.0,0.0,0.460247,2.3790400000000003,TUR,KWT,6415
1190663,231,122,1027,2016.0,1010148.0,0.0,1.6991900000000002,-0.146044,USA,KWT,6415
1190664,246,122,1027,2016.0,0.0,101013.0,-0.029618000000000002,1.426834,ZAF,KWT,6415
1190665,249,122,1027,2016.0,21233.0,0.0,2.028455,1.271167,TWN,KWT,6415
1190666,8,138,1027,2016.0,34277.0,71579.0,-0.334847,0.24145100000000003,ARG,MEX,6415
1190667,14,138,1027,2016.0,27984.0,0.0,-0.585613,-0.245365,AUS,MEX,6415
1190668,15,138,1027,2016.0,2494498.0,0.0,1.743944,-0.051155,AUT,MEX,6415
1190669,18,138,1027,2016.0,609989.0,0.0,1.2947110000000002,1.113058,BEL,MEX,6415
1190670,29,138,1027,2016.0,0.0,8842.0,-0.460532,-0.6068899999999999,BLZ,MEX,6415
1190671,31,138,1027,2016.0,0.0,13017.0,-1.009709,-0.986669,BOL,MEX,6415
1190672,32,138,1027,2016.0,18787134.0,74450.0,0.284988,1.031028,BRA,MEX,6415
1190673,33,138,1027,2016.0,0.0,29289.0,0.598214,0.054758,BRB,MEX,6415
1190674,39,138,1027,2016.0,43275200.0,195132.0,0.541041,1.328065,CAN,MEX,6415
1190675,41,138,1027,2016.0,4888.0,1930.0,2.328616,0.832224,CHE,MEX,6415
1190676,42,138,1027,2016.0,2669442.0,45104.0,-0.162923,-0.20607199999999998,CHL,MEX,6415
1190677,43,138,1027,2016.0,8524531.0,11159.0,1.249079,1.151045,CHN,MEX,6415
1190678,49,138,1027,2016.0,4023162.0,2290937.0,-0.040341,-0.20957699999999999,COL,MEX,6415
1190679,52,138,1027,2016.0,0.0,947361.0,0.28594400000000003,0.131024,CRI,MEX,6415
1190680,54,138,1027,2016.0,0.0,20030.0,-0.6960850000000001,-1.166981,CUB,MEX,6415
1190681,59,138,1027,2016.0,106114.0,0.0,1.818585,0.341356,CZE,MEX,6415
1190682,61,138,1027,2016.0,17714364.0,25744.0,2.307429,-2.341644,DEU,MEX,6415
1190683,65,138,1027,2016.0,41221.0,223355.0,-0.26926500000000003,0.046345,DOM,MEX,6415
1190684,67,138,1027,2016.0,2253575.0,126095.0,-1.032726,-1.034297,ECU,MEX,6415
1190685,71,138,1027,2016.0,10726989.0,18704.0,0.795006,2.203292,ESP,MEX,6415
1190686,74,138,1027,2016.0,5946302.0,0.0,1.621764,1.026393,FIN,MEX,6415
1190687,77,138,1027,2016.0,3735388.0,0.0,1.490723,0.8471559999999999,FRA,MEX,6415
1190688,81,138,1027,2016.0,1209706.0,0.0,1.569616,1.048129,GBR,MEX,6415
1190689,90,138,1027,2016.0,0.0,31015.0,0.053899,1.1259709999999998,GRC,MEX,6415
1190690,93,138,1027,2016.0,142832.0,1518638.0,-0.397073,0.5736680000000001,GTM,MEX,6415
1190691,99,138,1027,2016.0,0.0,799737.0,-0.506029,-0.30843899999999996,HND,MEX,6415
1190692,103,138,1027,2016.0,11824308.0,149383.0,-0.013630000000000001,1.744404,IDN,MEX,6415
1190693,104,138,1027,2016.0,24616.0,0.0,0.223813,2.787547,IND,MEX,6415
1190694,107,138,1027,2016.0,178614.0,0.0,-0.408637,-0.340544,IRN,MEX,6415
1190695,110,138,1027,2016.0,180553.0,1605.0,0.9932219999999999,0.7518819999999999,ISR,MEX,6415
1190696,111,138,1027,2016.0,6312640.0,3986.0,1.461526,0.316891,ITA,MEX,6415
1190697,112,138,1027,2016.0,0.0,33376.0,-0.25619400000000003,-0.62326,JAM,MEX,6415
1190698,114,138,1027,2016.0,359075.0,2116.0,2.550074,-0.479725,JPN,MEX,6415
1190699,121,138,1027,2016.0,69768.0,0.0,2.1686389999999998,0.798808,KOR,MEX,6415
1190700,122,138,1027,2016.0,0.0,12888.0,-0.401,-1.102991,KWT,MEX,6415
1190701,127,138,1027,2016.0,0.0,10878.0,0.585987,-0.298057,LCA,MEX,6415
1190702,130,138,1027,2016.0,2733.0,0.0,0.6319130000000001,1.538765,LTU,MEX,6415
1190703,153,138,1027,2016.0,316665.0,84998.0,1.091156,0.8383370000000001,MYS,MEX,6415
1190704,160,138,1027,2016.0,0.0,1584777.0,-0.954131,-0.9000389999999999,NIC,MEX,6415
1190705,162,138,1027,2016.0,711145.0,1549.0,1.132192,1.412512,NLD,MEX,6415
1190706,163,138,1027,2016.0,434852.0,0.0,0.664183,0.206877,NOR,MEX,6415
1190707,169,138,1027,2016.0,26381.0,82801.0,0.731258,0.649917,PAN,MEX,6415
1190708,173,138,1027,2016.0,2039205.0,129415.0,-0.818178,-0.0791,PER,MEX,6415
1190709,177,138,1027,2016.0,2898093.0,0.0,1.1068959999999999,1.226985,POL,MEX,6415
1190710,179,138,1027,2016.0,6775739.0,0.0,0.661961,2.108517,PRT,MEX,6415
1190711,186,138,1027,2016.0,163087.0,0.0,0.086009,0.300039,RUS,MEX,6415
1190712,188,138,1027,2016.0,0.0,37843.0,0.00286,-0.764602,SAU,MEX,6415
1190713,192,138,1027,2016.0,1825953.0,0.0,2.0149340000000002,0.613009,SGP,MEX,6415
1190714,197,138,1027,2016.0,0.0,744101.0,0.075546,0.317046,SLV,MEX,6415
1190715,206,138,1027,2016.0,0.0,1494.0,1.446588,0.811076,SVK,MEX,6415
1190716,207,138,1027,2016.0,12204.0,0.0,1.7056200000000001,0.630058,SVN,MEX,6415
1190717,208,138,1027,2016.0,10657098.0,0.0,1.731295,0.679562,SWE,MEX,6415
1190718,216,138,1027,2016.0,1322547.0,35759.0,1.3075860000000001,1.151426,THA,MEX,6415
1190719,224,138,1027,2016.0,247088.0,0.0,0.460247,2.3790400000000003,TUR,MEX,6415
1190720,228,138,1027,2016.0,520182.0,0.0,0.240605,0.827153,UKR,MEX,6415
1190721,231,138,1027,2016.0,454288032.0,26750110.0,1.6991900000000002,-0.146044,USA,MEX,6415
1190722,246,138,1027,2016.0,0.0,1770.0,-0.029618000000000002,1.426834,ZAF,MEX,6415
1190723,249,138,1027,2016.0,54461.0,33027.0,2.028455,1.271167,TWN,MEX,6415
1190724,14,143,1027,2016.0,72103.0,0.0,-0.585613,-0.245365,AUS,MMR,6415
1190725,32,143,1027,2016.0,82259.0,0.0,0.284988,1.031028,BRA,MMR,6415
1190726,39,143,1027,2016.0,2958424.0,0.0,0.541041,1.328065,CAN,MMR,6415
1190727,43,143,1027,2016.0,20335858.0,0.0,1.249079,1.151045,CHN,MMR,6415
1190728,61,143,1027,2016.0,78110.0,0.0,2.307429,-2.341644,DEU,MMR,6415
1190729,64,143,1027,2016.0,1293.0,0.0,1.0572629999999998,1.4157540000000002,DNK,MMR,6415
1190730,71,143,1027,2016.0,414420.0,0.0,0.795006,2.203292,ESP,MMR,6415
1190731,77,143,1027,2016.0,229549.0,0.0,1.490723,0.8471559999999999,FRA,MMR,6415
1190732,81,143,1027,2016.0,2611.0,0.0,1.569616,1.048129,GBR,MMR,6415
1190733,97,143,1027,2016.0,117958.0,0.0,0.877619,1.0765790000000002,HKG,MMR,6415
1190734,103,143,1027,2016.0,25584674.0,0.0,-0.013630000000000001,1.744404,IDN,MMR,6415
1190735,104,143,1027,2016.0,492500.0,0.0,0.223813,2.787547,IND,MMR,6415
1190736,111,143,1027,2016.0,15069.0,0.0,1.461526,0.316891,ITA,MMR,6415
1190737,114,143,1027,2016.0,3668262.0,200898.0,2.550074,-0.479725,JPN,MMR,6415
1190738,121,143,1027,2016.0,1533233.0,0.0,2.1686389999999998,0.798808,KOR,MMR,6415
1190739,153,143,1027,2016.0,2294442.0,0.0,1.091156,0.8383370000000001,MYS,MMR,6415
1190740,163,143,1027,2016.0,20454.0,0.0,0.664183,0.206877,NOR,MMR,6415
1190741,166,143,1027,2016.0,28963.0,0.0,0.093306,0.194895,NZL,MMR,6415
1190742,168,143,1027,2016.0,61529.0,0.0,-0.7806810000000001,0.420241,PAK,MMR,6415
1190743,174,143,1027,2016.0,83596.0,0.0,0.958651,0.324888,PHL,MMR,6415
1190744,179,143,1027,2016.0,13838.0,0.0,0.661961,2.108517,PRT,MMR,6415
1190745,186,143,1027,2016.0,34365.0,0.0,0.086009,0.300039,RUS,MMR,6415
1190746,192,143,1027,2016.0,20912990.0,0.0,2.0149340000000002,0.613009,SGP,MMR,6415
1190747,208,143,1027,2016.0,130208.0,0.0,1.731295,0.679562,SWE,MMR,6415
1190748,216,143,1027,2016.0,27906798.0,0.0,1.3075860000000001,1.151426,THA,MMR,6415
1190749,224,143,1027,2016.0,5773.0,0.0,0.460247,2.3790400000000003,TUR,MMR,6415
1190750,239,143,1027,2016.0,60506.0,9815.0,0.048214,0.6998810000000001,VNM,MMR,6415
1190751,246,143,1027,2016.0,39438.0,0.0,-0.029618000000000002,1.426834,ZAF,MMR,6415
1190752,249,143,1027,2016.0,2007943.0,0.0,2.028455,1.271167,TWN,MMR,6415
1190753,39,145,1027,2016.0,22376.0,0.0,0.541041,1.328065,CAN,MNG,6415
1190754,43,145,1027,2016.0,1308890.0,0.0,1.249079,1.151045,CHN,MNG,6415
1190755,61,145,1027,2016.0,5096.0,0.0,2.307429,-2.341644,DEU,MNG,6415
1190756,71,145,1027,2016.0,2158.0,0.0,0.795006,2.203292,ESP,MNG,6415
1190757,74,145,1027,2016.0,20996.0,0.0,1.621764,1.026393,FIN,MNG,6415
1190758,77,145,1027,2016.0,1415.0,0.0,1.490723,0.8471559999999999,FRA,MNG,6415
1190759,97,145,1027,2016.0,4962.0,0.0,0.877619,1.0765790000000002,HKG,MNG,6415
1190760,103,145,1027,2016.0,24016.0,0.0,-0.013630000000000001,1.744404,IDN,MNG,6415
1190761,111,145,1027,2016.0,1201.0,0.0,1.461526,0.316891,ITA,MNG,6415
1190762,114,145,1027,2016.0,415630.0,0.0,2.550074,-0.479725,JPN,MNG,6415
1190763,121,145,1027,2016.0,156075.0,0.0,2.1686389999999998,0.798808,KOR,MNG,6415
1190764,153,145,1027,2016.0,32802.0,0.0,1.091156,0.8383370000000001,MYS,MNG,6415
1190765,186,145,1027,2016.0,4083.0,0.0,0.086009,0.300039,RUS,MNG,6415
1190766,192,145,1027,2016.0,134721.0,0.0,2.0149340000000002,0.613009,SGP,MNG,6415
1190767,216,145,1027,2016.0,2359726.0,0.0,1.3075860000000001,1.151426,THA,MNG,6415
1190768,231,145,1027,2016.0,14282.0,0.0,1.6991900000000002,-0.146044,USA,MNG,6415
1190769,2,153,1027,2016.0,0.0,42982.0,-0.986722,-1.1941979999999999,AGO,MYS,6415
1190770,7,153,1027,2016.0,40904.0,1028731.0,-0.019275,-0.18309,ARE,MYS,6415
1190771,14,153,1027,2016.0,4637538.0,3587806.0,-0.585613,-0.245365,AUS,MYS,6415
1190772,15,153,1027,2016.0,5926503.0,31876.0,1.743944,-0.051155,AUT,MYS,6415
1190773,18,153,1027,2016.0,567076.0,8954.0,1.2947110000000002,1.113058,BEL,MYS,6415
1190774,22,153,1027,2016.0,0.0,7349766.0,-1.0177260000000001,-1.1010799999999998,BGD,MYS,6415
1190775,23,153,1027,2016.0,0.0,51409.0,0.509062,1.804648,BGR,MYS,6415
1190776,24,153,1027,2016.0,0.0,2125.0,0.23993299999999998,-0.5320199999999999,BHR,MYS,6415
1190777,31,153,1027,2016.0,0.0,10840.0,-1.009709,-0.986669,BOL,MYS,6415
1190778,32,153,1027,2016.0,1753052.0,1600.0,0.284988,1.031028,BRA,MYS,6415
1190779,34,153,1027,2016.0,0.0,316637.0,-1.082406,-0.9169309999999999,BRN,MYS,6415
1190780,39,153,1027,2016.0,244238.0,12093.0,0.541041,1.328065,CAN,MYS,6415
1190781,41,153,1027,2016.0,8282541.0,0.0,2.328616,0.832224,CHE,MYS,6415
1190782,42,153,1027,2016.0,10413.0,50279.0,-0.162923,-0.20607199999999998,CHL,MYS,6415
1190783,43,153,1027,2016.0,122650368.0,1484124.0,1.249079,1.151045,CHN,MYS,6415
1190784,44,153,1027,2016.0,0.0,27103.0,-0.977045,-0.8633299999999999,CIV,MYS,6415
1190785,59,153,1027,2016.0,136550.0,0.0,1.818585,0.341356,CZE,MYS,6415
1190786,61,153,1027,2016.0,38798164.0,83215.0,2.307429,-2.341644,DEU,MYS,6415
1190787,62,153,1027,2016.0,0.0,18273.0,-0.267615,-0.787596,DJI,MYS,6415
1190788,64,153,1027,2016.0,8226.0,6591.0,1.0572629999999998,1.4157540000000002,DNK,MYS,6415
1190789,67,153,1027,2016.0,0.0,11490.0,-1.032726,-1.034297,ECU,MYS,6415
1190790,68,153,1027,2016.0,0.0,315457.0,-0.202127,1.9342419999999998,EGY,MYS,6415
1190791,71,153,1027,2016.0,3878633.0,86562.0,0.795006,2.203292,ESP,MYS,6415
1190792,73,153,1027,2016.0,0.0,44634.0,-1.163689,-0.885724,ETH,MYS,6415
1190793,74,153,1027,2016.0,4724502.0,0.0,1.621764,1.026393,FIN,MYS,6415
1190794,75,153,1027,2016.0,0.0,150987.0,-0.370598,0.049875,FJI,MYS,6415
1190795,77,153,1027,2016.0,1815494.0,132735.0,1.490723,0.8471559999999999,FRA,MYS,6415
1190796,80,153,1027,2016.0,0.0,10047.0,-1.257455,-1.226416,GAB,MYS,6415
1190797,81,153,1027,2016.0,2360430.0,215960.0,1.569616,1.048129,GBR,MYS,6415
1190798,83,153,1027,2016.0,0.0,79932.0,-0.9026200000000001,-0.877508,GHA,MYS,6415
1190799,85,153,1027,2016.0,6108.0,0.0,-1.461226,-1.196035,GIN,MYS,6415
1190800,90,153,1027,2016.0,33186.0,196026.0,0.053899,1.1259709999999998,GRC,MYS,6415
1190801,97,153,1027,2016.0,225132.0,311562.0,0.877619,1.0765790000000002,HKG,MYS,6415
1190802,103,153,1027,2016.0,129969632.0,18088358.0,-0.013630000000000001,1.744404,IDN,MYS,6415
1190803,104,153,1027,2016.0,1430123.0,3449770.0,0.223813,2.787547,IND,MYS,6415
1190804,106,153,1027,2016.0,6200.0,47881.0,1.320777,0.057924,IRL,MYS,6415
1190805,107,153,1027,2016.0,0.0,1526867.0,-0.408637,-0.340544,IRN,MYS,6415
1190806,108,153,1027,2016.0,0.0,16607.0,-1.7382849999999999,-1.037508,IRQ,MYS,6415
1190807,111,153,1027,2016.0,1505989.0,1528.0,1.461526,0.316891,ITA,MYS,6415
1190808,112,153,1027,2016.0,1272.0,0.0,-0.25619400000000003,-0.62326,JAM,MYS,6415
1190809,113,153,1027,2016.0,0.0,2789.0,0.100333,0.020786000000000002,JOR,MYS,6415
1190810,114,153,1027,2016.0,55636160.0,157186.0,2.550074,-0.479725,JPN,MYS,6415
1190811,116,153,1027,2016.0,0.0,38575.0,-0.483554,0.25645,KEN,MYS,6415
1190812,118,153,1027,2016.0,0.0,938683.0,-0.70365,-0.843824,KHM,MYS,6415
1190813,121,153,1027,2016.0,43741212.0,2550810.0,2.1686389999999998,0.798808,KOR,MYS,6415
1190814,122,153,1027,2016.0,0.0,46773.0,-0.401,-1.102991,KWT,MYS,6415
1190815,124,153,1027,2016.0,0.0,19608.0,0.385417,1.139648,LBN,MYS,6415
1190816,128,153,1027,2016.0,3682.0,1599571.0,-0.540154,0.22580100000000003,LKA,MYS,6415
1190817,133,153,1027,2016.0,0.0,19877.0,0.517979,0.133195,MAC,MYS,6415
1190818,134,153,1027,2016.0,0.0,2872.0,-0.648329,-0.14071,MAR,MYS,6415
1190819,136,153,1027,2016.0,0.0,317321.0,-0.979632,-0.63626,MDG,MYS,6415
1190820,137,153,1027,2016.0,0.0,25646.0,-0.975518,-1.00076,MDV,MYS,6415
1190821,138,153,1027,2016.0,84998.0,316665.0,1.393506,0.64152,MEX,MYS,6415
1190822,142,153,1027,2016.0,2404.0,0.0,0.981182,-0.029401999999999998,MLT,MYS,6415
1190823,143,153,1027,2016.0,0.0,2294442.0,-1.0789600000000001,-0.6471180000000001,MMR,MYS,6415
1190824,145,153,1027,2016.0,0.0,32802.0,-0.9833780000000001,-1.062642,MNG,MYS,6415
1190825,151,153,1027,2016.0,0.0,90180.0,-0.334969,0.005404,MUS,MYS,6415
1190826,152,153,1027,2016.0,0.0,61205.0,-0.969781,-1.042325,MWI,MYS,6415
1190827,156,153,1027,2016.0,0.0,15300.0,-0.630577,-0.934391,NCL,MYS,6415
1190828,159,153,1027,2016.0,0.0,44886.0,-1.7380830000000003,-1.306938,NGA,MYS,6415
1190829,160,153,1027,2016.0,0.0,3566.0,-0.954131,-0.9000389999999999,NIC,MYS,6415
1190830,162,153,1027,2016.0,942189.0,11408.0,1.132192,1.412512,NLD,MYS,6415
1190831,163,153,1027,2016.0,171843.0,0.0,0.664183,0.206877,NOR,MYS,6415
1190832,164,153,1027,2016.0,0.0,3078.0,-0.253328,0.33395199999999997,NPL,MYS,6415
1190833,166,153,1027,2016.0,623755.0,1542892.0,0.093306,0.194895,NZL,MYS,6415
1190834,167,153,1027,2016.0,0.0,17662.0,-0.594724,-1.019133,OMN,MYS,6415
1190835,168,153,1027,2016.0,0.0,96528.0,-0.7806810000000001,0.420241,PAK,MYS,6415
1190836,173,153,1027,2016.0,0.0,18498.0,-0.818178,-0.0791,PER,MYS,6415
1190837,174,153,1027,2016.0,2353770.0,3918544.0,0.958651,0.324888,PHL,MYS,6415
1190838,176,153,1027,2016.0,1678.0,731854.0,-1.7560209999999998,-1.288643,PNG,MYS,6415
1190839,177,153,1027,2016.0,1353771.0,244528.0,1.1068959999999999,1.226985,POL,MYS,6415
1190840,179,153,1027,2016.0,80207.0,0.0,0.661961,2.108517,PRT,MYS,6415
1190841,180,153,1027,2016.0,0.0,6692.0,-0.665963,-0.967879,PRY,MYS,6415
1190842,182,153,1027,2016.0,0.0,12131.0,0.022294,-0.676078,PYF,MYS,6415
1190843,183,153,1027,2016.0,0.0,4593.0,-0.52984,-1.106589,QAT,MYS,6415
1190844,186,153,1027,2016.0,38251.0,106417.0,0.086009,0.300039,RUS,MYS,6415
1190845,188,153,1027,2016.0,0.0,109946.0,0.00286,-0.764602,SAU,MYS,6415
1190846,191,153,1027,2016.0,0.0,1306.0,-0.648644,-0.39857800000000004,SEN,MYS,6415
1190847,192,153,1027,2016.0,9000242.0,14941010.0,2.0149340000000002,0.613009,SGP,MYS,6415
1190848,195,153,1027,2016.0,0.0,28813.0,-1.458209,-0.9888530000000001,SLB,MYS,6415
1190849,199,153,1027,2016.0,0.0,1687.0,-1.2646629999999999,-1.067482,SOM,MYS,6415
1190850,201,153,1027,2016.0,0.0,1912.0,0.608136,1.38132,SRB,MYS,6415
1190851,208,153,1027,2016.0,2120116.0,1381.0,1.731295,0.679562,SWE,MYS,6415
1190852,211,153,1027,2016.0,0.0,4444.0,0.321549,-0.610316,SYC,MYS,6415
1190853,216,153,1027,2016.0,57204096.0,5516045.0,1.3075860000000001,1.151426,THA,MYS,6415
1190854,222,153,1027,2016.0,0.0,3117.0,-0.184575,-0.9999889999999999,TTO,MYS,6415
1190855,224,153,1027,2016.0,32514.0,58333.0,0.460247,2.3790400000000003,TUR,MYS,6415
1190856,231,153,1027,2016.0,3569663.0,79887.0,1.6991900000000002,-0.146044,USA,MYS,6415
1190857,236,153,1027,2016.0,3085.0,0.0,-1.2837120000000002,-1.2503879999999998,VEN,MYS,6415
1190858,239,153,1027,2016.0,791746.0,14597656.0,0.048214,0.6998810000000001,VNM,MYS,6415
1190859,243,153,1027,2016.0,0.0,51102.0,-0.99136,-1.1587049999999999,YEM,MYS,6415
1190860,246,153,1027,2016.0,269916.0,1956871.0,-0.029618000000000002,1.426834,ZAF,MYS,6415
1190861,249,153,1027,2016.0,22525766.0,2075634.0,2.028455,1.271167,TWN,MYS,6415
1190862,7,159,1027,2016.0,594165.0,0.0,-0.019275,-0.18309,ARE,NGA,6415
1190863,14,159,1027,2016.0,694821.0,0.0,-0.585613,-0.245365,AUS,NGA,6415
1190864,15,159,1027,2016.0,1005743.0,0.0,1.743944,-0.051155,AUT,NGA,6415
1190865,18,159,1027,2016.0,7052010.0,0.0,1.2947110000000002,1.113058,BEL,NGA,6415
1190866,32,159,1027,2016.0,7029963.0,0.0,0.284988,1.031028,BRA,NGA,6415
1190867,39,159,1027,2016.0,266456.0,0.0,0.541041,1.328065,CAN,NGA,6415
1190868,41,159,1027,2016.0,188677.0,0.0,2.328616,0.832224,CHE,NGA,6415
1190869,42,159,1027,2016.0,141218.0,0.0,-0.162923,-0.20607199999999998,CHL,NGA,6415
1190870,43,159,1027,2016.0,31717358.0,0.0,1.249079,1.151045,CHN,NGA,6415
1190871,44,159,1027,2016.0,0.0,6132.0,-0.977045,-0.8633299999999999,CIV,NGA,6415
1190872,45,159,1027,2016.0,0.0,8735.0,-1.1342969999999999,-1.101724,CMR,NGA,6415
1190873,59,159,1027,2016.0,161078.0,0.0,1.818585,0.341356,CZE,NGA,6415
1190874,61,159,1027,2016.0,2432372.0,0.0,2.307429,-2.341644,DEU,NGA,6415
1190875,68,159,1027,2016.0,46363.0,0.0,-0.202127,1.9342419999999998,EGY,NGA,6415
1190876,71,159,1027,2016.0,882132.0,0.0,0.795006,2.203292,ESP,NGA,6415
1190877,74,159,1027,2016.0,1711042.0,0.0,1.621764,1.026393,FIN,NGA,6415
1190878,77,159,1027,2016.0,2666257.0,0.0,1.490723,0.8471559999999999,FRA,NGA,6415
1190879,81,159,1027,2016.0,4745060.0,0.0,1.569616,1.048129,GBR,NGA,6415
1190880,83,159,1027,2016.0,0.0,62138.0,-0.9026200000000001,-0.877508,GHA,NGA,6415
1190881,97,159,1027,2016.0,135971.0,0.0,0.877619,1.0765790000000002,HKG,NGA,6415
1190882,102,159,1027,2016.0,8626.0,0.0,1.7056069999999999,0.788768,HUN,NGA,6415
1190883,103,159,1027,2016.0,43879988.0,0.0,-0.013630000000000001,1.744404,IDN,NGA,6415
1190884,104,159,1027,2016.0,33362460.0,0.0,0.223813,2.787547,IND,NGA,6415
1190885,111,159,1027,2016.0,1094380.0,0.0,1.461526,0.316891,ITA,NGA,6415
1190886,114,159,1027,2016.0,1950.0,0.0,2.550074,-0.479725,JPN,NGA,6415
1190887,121,159,1027,2016.0,2610028.0,0.0,2.1686389999999998,0.798808,KOR,NGA,6415
1190888,153,159,1027,2016.0,44886.0,0.0,1.091156,0.8383370000000001,MYS,NGA,6415
1190889,162,159,1027,2016.0,137471.0,0.0,1.132192,1.412512,NLD,NGA,6415
1190890,168,159,1027,2016.0,22297.0,0.0,-0.7806810000000001,0.420241,PAK,NGA,6415
1190891,174,159,1027,2016.0,64390.0,0.0,0.958651,0.324888,PHL,NGA,6415
1190892,177,159,1027,2016.0,2140656.0,0.0,1.1068959999999999,1.226985,POL,NGA,6415
1190893,178,159,1027,2016.0,112533.0,0.0,-0.508035,-0.157664,PRK,NGA,6415
1190894,179,159,1027,2016.0,868301.0,0.0,0.661961,2.108517,PRT,NGA,6415
1190895,186,159,1027,2016.0,1978281.0,0.0,0.086009,0.300039,RUS,NGA,6415
1190896,188,159,1027,2016.0,9370268.0,0.0,0.00286,-0.764602,SAU,NGA,6415
1190897,192,159,1027,2016.0,1509594.0,0.0,2.0149340000000002,0.613009,SGP,NGA,6415
1190898,207,159,1027,2016.0,103790.0,0.0,1.7056200000000001,0.630058,SVN,NGA,6415
1190899,208,159,1027,2016.0,4674204.0,0.0,1.731295,0.679562,SWE,NGA,6415
1190900,215,159,1027,2016.0,143802.0,0.0,-0.777506,-0.652105,TGO,NGA,6415
1190901,216,159,1027,2016.0,6190096.0,0.0,1.3075860000000001,1.151426,THA,NGA,6415
1190902,224,159,1027,2016.0,148020.0,0.0,0.460247,2.3790400000000003,TUR,NGA,6415
1190903,231,159,1027,2016.0,4050616.0,0.0,1.6991900000000002,-0.146044,USA,NGA,6415
1190904,246,159,1027,2016.0,3661178.0,0.0,-0.029618000000000002,1.426834,ZAF,NGA,6415
1190905,247,159,1027,2016.0,0.0,3572.0,-0.9308350000000001,-1.029968,ZMB,NGA,6415
1190906,249,159,1027,2016.0,273905.0,0.0,2.028455,1.271167,TWN,NGA,6415
1190907,15,160,1027,2016.0,18124.0,0.0,1.743944,-0.051155,AUT,NIC,6415
1190908,32,160,1027,2016.0,291698.0,0.0,0.284988,1.031028,BRA,NIC,6415
1190909,39,160,1027,2016.0,99270.0,0.0,0.541041,1.328065,CAN,NIC,6415
1190910,42,160,1027,2016.0,108825.0,0.0,-0.162923,-0.20607199999999998,CHL,NIC,6415
1190911,43,160,1027,2016.0,391284.0,0.0,1.249079,1.151045,CHN,NIC,6415
1190912,52,160,1027,2016.0,105255.0,22890.0,0.28594400000000003,0.131024,CRI,NIC,6415
1190913,61,160,1027,2016.0,11654.0,0.0,2.307429,-2.341644,DEU,NIC,6415
1190914,64,160,1027,2016.0,100588.0,0.0,1.0572629999999998,1.4157540000000002,DNK,NIC,6415
1190915,67,160,1027,2016.0,263557.0,0.0,-1.032726,-1.034297,ECU,NIC,6415
1190916,71,160,1027,2016.0,23969.0,0.0,0.795006,2.203292,ESP,NIC,6415
1190917,77,160,1027,2016.0,2056.0,0.0,1.490723,0.8471559999999999,FRA,NIC,6415
1190918,81,160,1027,2016.0,5697.0,0.0,1.569616,1.048129,GBR,NIC,6415
1190919,93,160,1027,2016.0,47326.0,1480.0,-0.397073,0.5736680000000001,GTM,NIC,6415
1190920,97,160,1027,2016.0,27544.0,0.0,0.877619,1.0765790000000002,HKG,NIC,6415
1190921,99,160,1027,2016.0,139012.0,0.0,-0.506029,-0.30843899999999996,HND,NIC,6415
1190922,101,160,1027,2016.0,0.0,6063.0,-1.046859,-1.016459,HTI,NIC,6415
1190923,102,160,1027,2016.0,2332.0,0.0,1.7056069999999999,0.788768,HUN,NIC,6415
1190924,103,160,1027,2016.0,1611776.0,0.0,-0.013630000000000001,1.744404,IDN,NIC,6415
1190925,104,160,1027,2016.0,1687.0,0.0,0.223813,2.787547,IND,NIC,6415
1190926,111,160,1027,2016.0,2798.0,0.0,1.461526,0.316891,ITA,NIC,6415
1190927,121,160,1027,2016.0,47866.0,0.0,2.1686389999999998,0.798808,KOR,NIC,6415
1190928,132,160,1027,2016.0,2005.0,0.0,0.46748199999999995,1.228024,LVA,NIC,6415
1190929,138,160,1027,2016.0,1584777.0,0.0,1.393506,0.64152,MEX,NIC,6415
1190930,153,160,1027,2016.0,3566.0,0.0,1.091156,0.8383370000000001,MYS,NIC,6415
1190931,169,160,1027,2016.0,15946.0,0.0,0.731258,0.649917,PAN,NIC,6415
1190932,179,160,1027,2016.0,86947.0,0.0,0.661961,2.108517,PRT,NIC,6415
1190933,197,160,1027,2016.0,123602.0,0.0,0.075546,0.317046,SLV,NIC,6415
1190934,231,160,1027,2016.0,10824355.0,0.0,1.6991900000000002,-0.146044,USA,NIC,6415
1190935,246,160,1027,2016.0,15409.0,0.0,-0.029618000000000002,1.426834,ZAF,NIC,6415
1190936,249,160,1027,2016.0,26891.0,0.0,2.028455,1.271167,TWN,NIC,6415
1190937,0,162,1027,2016.0,0.0,168047.0,0.7897,0.359562,ABW,NLD,6415
1190938,2,162,1027,2016.0,0.0,24352.0,-0.986722,-1.1941979999999999,AGO,NLD,6415
1190939,4,162,1027,2016.0,0.0,1349.0,-0.5783550000000001,-0.085516,ALB,NLD,6415
1190940,7,162,1027,2016.0,0.0,1243058.0,-0.019275,-0.18309,ARE,NLD,6415
1190941,8,162,1027,2016.0,0.0,639664.0,-0.334847,0.24145100000000003,ARG,NLD,6415
1190942,9,162,1027,2016.0,0.0,2673.0,-0.252904,-0.614643,ARM,NLD,6415
1190943,14,162,1027,2016.0,1954795.0,669639.0,-0.585613,-0.245365,AUS,NLD,6415
1190944,15,162,1027,2016.0,23423478.0,10249097.0,1.743944,-0.051155,AUT,NLD,6415
1190945,16,162,1027,2016.0,0.0,17799.0,-1.111874,-1.2526059999999999,AZE,NLD,6415
1190946,18,162,1027,2016.0,44096760.0,89042256.0,1.2947110000000002,1.113058,BEL,NLD,6415
1190947,19,162,1027,2016.0,0.0,249278.0,-0.863777,-0.913193,BEN,NLD,6415
1190948,20,162,1027,2016.0,0.0,74874.0,0.875654,-0.8195520000000001,BES,NLD,6415
1190949,22,162,1027,2016.0,0.0,244028.0,-1.0177260000000001,-1.1010799999999998,BGD,NLD,6415
1190950,23,162,1027,2016.0,109050.0,247851.0,0.509062,1.804648,BGR,NLD,6415
1190951,24,162,1027,2016.0,0.0,16469.0,0.23993299999999998,-0.5320199999999999,BHR,NLD,6415
1190952,26,162,1027,2016.0,0.0,590333.0,0.693416,0.8723540000000001,BIH,NLD,6415
1190953,28,162,1027,2016.0,0.0,8258.0,0.879499,0.897567,BLR,NLD,6415
1190954,32,162,1027,2016.0,0.0,337509.0,0.284988,1.031028,BRA,NLD,6415
1190955,33,162,1027,2016.0,0.0,3953.0,0.598214,0.054758,BRB,NLD,6415
1190956,38,162,1027,2016.0,0.0,56356.0,-0.569303,-0.77994,CAF,NLD,6415
1190957,39,162,1027,2016.0,297153.0,478709.0,0.541041,1.328065,CAN,NLD,6415
1190958,41,162,1027,2016.0,12367410.0,7862347.0,2.328616,0.832224,CHE,NLD,6415
1190959,42,162,1027,2016.0,0.0,3545366.0,-0.162923,-0.20607199999999998,CHL,NLD,6415
1190960,43,162,1027,2016.0,2076166.0,2733451.0,1.249079,1.151045,CHN,NLD,6415
1190961,44,162,1027,2016.0,0.0,181100.0,-0.977045,-0.8633299999999999,CIV,NLD,6415
1190962,45,162,1027,2016.0,0.0,38054.0,-1.1342969999999999,-1.101724,CMR,NLD,6415
1190963,46,162,1027,2016.0,0.0,2141.0,-1.093544,-1.126599,COD,NLD,6415
1190964,47,162,1027,2016.0,0.0,13302.0,-0.562294,-0.9770030000000001,COG,NLD,6415
1190965,49,162,1027,2016.0,127422.0,155424.0,-0.040341,-0.20957699999999999,COL,NLD,6415
1190966,51,162,1027,2016.0,0.0,3701.0,0.13810899999999998,-0.598819,CPV,NLD,6415
1190967,52,162,1027,2016.0,0.0,147756.0,0.28594400000000003,0.131024,CRI,NLD,6415
1190968,55,162,1027,2016.0,0.0,408364.0,0.078189,-0.80455,CUW,NLD,6415
1190969,58,162,1027,2016.0,3843.0,613394.0,0.229275,-0.09704600000000001,CYP,NLD,6415
1190970,59,162,1027,2016.0,20047896.0,14502494.0,1.818585,0.341356,CZE,NLD,6415
1190971,61,162,1027,2016.0,365841728.0,223916160.0,2.307429,-2.341644,DEU,NLD,6415
1190972,62,162,1027,2016.0,0.0,91115.0,-0.267615,-0.787596,DJI,NLD,6415
1190973,64,162,1027,2016.0,5027604.0,14996293.0,1.0572629999999998,1.4157540000000002,DNK,NLD,6415
1190974,65,162,1027,2016.0,17626.0,1793004.0,-0.26926500000000003,0.046345,DOM,NLD,6415
1190975,66,162,1027,2016.0,0.0,1381145.0,-1.243568,-1.232077,DZA,NLD,6415
1190976,67,162,1027,2016.0,0.0,75728.0,-1.032726,-1.034297,ECU,NLD,6415
1190977,68,162,1027,2016.0,103694.0,2074190.0,-0.202127,1.9342419999999998,EGY,NLD,6415
1190978,71,162,1027,2016.0,5097118.0,18620738.0,0.795006,2.203292,ESP,NLD,6415
1190979,72,162,1027,2016.0,36106.0,918259.0,0.958292,1.190173,EST,NLD,6415
1190980,73,162,1027,2016.0,0.0,123523.0,-1.163689,-0.885724,ETH,NLD,6415
1190981,74,162,1027,2016.0,56438800.0,4513608.0,1.621764,1.026393,FIN,NLD,6415
1190982,75,162,1027,2016.0,0.0,334276.0,-0.370598,0.049875,FJI,NLD,6415
1190983,77,162,1027,2016.0,67636248.0,84857520.0,1.490723,0.8471559999999999,FRA,NLD,6415
1190984,81,162,1027,2016.0,12385586.0,44265544.0,1.569616,1.048129,GBR,NLD,6415
1190985,82,162,1027,2016.0,0.0,81010.0,-0.269579,-0.317608,GEO,NLD,6415
1190986,83,162,1027,2016.0,0.0,184919.0,-0.9026200000000001,-0.877508,GHA,NLD,6415
1190987,85,162,1027,2016.0,0.0,76588.0,-1.461226,-1.196035,GIN,NLD,6415
1190988,87,162,1027,2016.0,0.0,1607.0,-0.710399,-0.8278629999999999,GMB,NLD,6415
1190989,90,162,1027,2016.0,22200.0,1826039.0,0.053899,1.1259709999999998,GRC,NLD,6415
1190990,92,162,1027,2016.0,0.0,5237.0,-1.077107,-0.997611,GRL,NLD,6415
1190991,93,162,1027,2016.0,0.0,35553.0,-0.397073,0.5736680000000001,GTM,NLD,6415
1190992,96,162,1027,2016.0,0.0,82264.0,-0.496113,-0.817237,GUY,NLD,6415
1190993,97,162,1027,2016.0,15834.0,455438.0,0.877619,1.0765790000000002,HKG,NLD,6415
1190994,100,162,1027,2016.0,30021.0,277075.0,0.850619,1.39544,HRV,NLD,6415
1190995,102,162,1027,2016.0,636726.0,3063190.0,1.7056069999999999,0.788768,HUN,NLD,6415
1190996,103,162,1027,2016.0,1139933.0,190926.0,-0.013630000000000001,1.744404,IDN,NLD,6415
1190997,104,162,1027,2016.0,148061.0,3033871.0,0.223813,2.787547,IND,NLD,6415
1190998,106,162,1027,2016.0,47664.0,953787.0,1.320777,0.057924,IRL,NLD,6415
1190999,107,162,1027,2016.0,0.0,32766.0,-0.408637,-0.340544,IRN,NLD,6415
1191000,108,162,1027,2016.0,0.0,229278.0,-1.7382849999999999,-1.037508,IRQ,NLD,6415
1191001,109,162,1027,2016.0,0.0,368114.0,0.099623,-0.404352,ISL,NLD,6415
1191002,110,162,1027,2016.0,223052.0,566262.0,0.9932219999999999,0.7518819999999999,ISR,NLD,6415
1191003,111,162,1027,2016.0,12065388.0,48642016.0,1.461526,0.316891,ITA,NLD,6415
1191004,112,162,1027,2016.0,0.0,88791.0,-0.25619400000000003,-0.62326,JAM,NLD,6415
1191005,113,162,1027,2016.0,0.0,433257.0,0.100333,0.020786000000000002,JOR,NLD,6415
1191006,114,162,1027,2016.0,29445306.0,1349710.0,2.550074,-0.479725,JPN,NLD,6415
1191007,115,162,1027,2016.0,0.0,56994.0,-0.467305,-0.475451,KAZ,NLD,6415
1191008,116,162,1027,2016.0,0.0,1201563.0,-0.483554,0.25645,KEN,NLD,6415
1191009,117,162,1027,2016.0,0.0,4687.0,0.20501100000000003,0.657593,KGZ,NLD,6415
1191010,121,162,1027,2016.0,59155.0,73451.0,2.1686389999999998,0.798808,KOR,NLD,6415
1191011,122,162,1027,2016.0,0.0,411569.0,-0.401,-1.102991,KWT,NLD,6415
1191012,124,162,1027,2016.0,0.0,155580.0,0.385417,1.139648,LBN,NLD,6415
1191013,126,162,1027,2016.0,0.0,368474.0,-1.120678,-1.222803,LBY,NLD,6415
1191014,128,162,1027,2016.0,0.0,182594.0,-0.540154,0.22580100000000003,LKA,NLD,6415
1191015,130,162,1027,2016.0,218082.0,506194.0,0.6319130000000001,1.538765,LTU,NLD,6415
1191016,131,162,1027,2016.0,55431.0,10173733.0,1.217021,1.401214,LUX,NLD,6415
1191017,132,162,1027,2016.0,44250.0,58835.0,0.46748199999999995,1.228024,LVA,NLD,6415
1191018,134,162,1027,2016.0,0.0,1796264.0,-0.648329,-0.14071,MAR,NLD,6415
1191019,135,162,1027,2016.0,0.0,23702.0,-0.24173200000000003,0.010985,MDA,NLD,6415
1191020,136,162,1027,2016.0,0.0,3414.0,-0.979632,-0.63626,MDG,NLD,6415
1191021,138,162,1027,2016.0,1549.0,711145.0,1.393506,0.64152,MEX,NLD,6415
1191022,140,162,1027,2016.0,0.0,53068.0,-0.249664,-0.338412,MKD,NLD,6415
1191023,141,162,1027,2016.0,0.0,3181.0,-0.405979,-0.6190869999999999,MLI,NLD,6415
1191024,142,162,1027,2016.0,4415.0,36884.0,0.981182,-0.029401999999999998,MLT,NLD,6415
1191025,144,162,1027,2016.0,0.0,14312.0,0.002245,-0.10263599999999999,MNE,NLD,6415
1191026,147,162,1027,2016.0,0.0,1520.0,-1.207606,-1.0223879999999999,MOZ,NLD,6415
1191027,151,162,1027,2016.0,0.0,117038.0,-0.334969,0.005404,MUS,NLD,6415
1191028,153,162,1027,2016.0,11408.0,942189.0,1.091156,0.8383370000000001,MYS,NLD,6415
1191029,159,162,1027,2016.0,0.0,137471.0,-1.7380830000000003,-1.306938,NGA,NLD,6415
1191030,163,162,1027,2016.0,7360940.0,2304589.0,0.664183,0.206877,NOR,NLD,6415
1191031,164,162,1027,2016.0,1231.0,0.0,-0.253328,0.33395199999999997,NPL,NLD,6415
1191032,166,162,1027,2016.0,0.0,119455.0,0.093306,0.194895,NZL,NLD,6415
1191033,167,162,1027,2016.0,0.0,69859.0,-0.594724,-1.019133,OMN,NLD,6415
1191034,168,162,1027,2016.0,0.0,343850.0,-0.7806810000000001,0.420241,PAK,NLD,6415
1191035,169,162,1027,2016.0,0.0,92717.0,0.731258,0.649917,PAN,NLD,6415
1191036,173,162,1027,2016.0,0.0,2209486.0,-0.818178,-0.0791,PER,NLD,6415
1191037,174,162,1027,2016.0,0.0,1464328.0,0.958651,0.324888,PHL,NLD,6415
1191038,177,162,1027,2016.0,17053960.0,46797188.0,1.1068959999999999,1.226985,POL,NLD,6415
1191039,179,162,1027,2016.0,38541544.0,5612416.0,0.661961,2.108517,PRT,NLD,6415
1191040,181,162,1027,2016.0,0.0,9835.0,0.09150900000000001,0.693397,PSE,NLD,6415
1191041,183,162,1027,2016.0,0.0,234830.0,-0.52984,-1.106589,QAT,NLD,6415
1191042,185,162,1027,2016.0,88006.0,1174155.0,1.176177,1.093489,ROU,NLD,6415
1191043,186,162,1027,2016.0,56840.0,1413796.0,0.086009,0.300039,RUS,NLD,6415
1191044,188,162,1027,2016.0,0.0,890464.0,0.00286,-0.764602,SAU,NLD,6415
1191045,190,162,1027,2016.0,0.0,480945.0,-1.276278,-1.183311,SDN,NLD,6415
1191046,191,162,1027,2016.0,57679.0,281234.0,-0.648644,-0.39857800000000004,SEN,NLD,6415
1191047,192,162,1027,2016.0,1626.0,150135.0,2.0149340000000002,0.613009,SGP,NLD,6415
1191048,197,162,1027,2016.0,0.0,873237.0,0.075546,0.317046,SLV,NLD,6415
1191049,198,162,1027,2016.0,0.0,26275.0,1.0774059999999999,0.771039,SMR,NLD,6415
1191050,201,162,1027,2016.0,0.0,591707.0,0.608136,1.38132,SRB,NLD,6415
1191051,205,162,1027,2016.0,0.0,253411.0,-0.41257200000000005,-1.0434780000000001,SUR,NLD,6415
1191052,206,162,1027,2016.0,4503806.0,3713697.0,1.446588,0.811076,SVK,NLD,6415
1191053,207,162,1027,2016.0,372938.0,3753165.0,1.7056200000000001,0.630058,SVN,NLD,6415
1191054,208,162,1027,2016.0,101744160.0,8057832.0,1.731295,0.679562,SWE,NLD,6415
1191055,210,162,1027,2016.0,0.0,19130.0,1.155067,-0.9405870000000001,SXM,NLD,6415
1191056,211,162,1027,2016.0,0.0,21253.0,0.321549,-0.610316,SYC,NLD,6415
1191057,212,162,1027,2016.0,0.0,221244.0,-0.78566,-0.006305,SYR,NLD,6415
1191058,216,162,1027,2016.0,94202.0,2952581.0,1.3075860000000001,1.151426,THA,NLD,6415
1191059,222,162,1027,2016.0,0.0,34020.0,-0.184575,-0.9999889999999999,TTO,NLD,6415
1191060,223,162,1027,2016.0,0.0,407624.0,0.27537399999999995,0.9474239999999999,TUN,NLD,6415
1191061,224,162,1027,2016.0,83100.0,8660228.0,0.460247,2.3790400000000003,TUR,NLD,6415
1191062,226,162,1027,2016.0,0.0,20290.0,-1.01426,0.304263,TZA,NLD,6415
1191063,227,162,1027,2016.0,0.0,80710.0,-0.476836,0.641138,UGA,NLD,6415
1191064,228,162,1027,2016.0,0.0,466870.0,0.240605,0.827153,UKR,NLD,6415
1191065,230,162,1027,2016.0,0.0,18699.0,0.040088,-0.27858499999999997,URY,NLD,6415
1191066,231,162,1027,2016.0,4681336.0,14408472.0,1.6991900000000002,-0.146044,USA,NLD,6415
1191067,239,162,1027,2016.0,15085.0,4793326.0,0.048214,0.6998810000000001,VNM,NLD,6415
1191068,243,162,1027,2016.0,0.0,20250.0,-0.99136,-1.1587049999999999,YEM,NLD,6415
1191069,246,162,1027,2016.0,0.0,3608946.0,-0.029618000000000002,1.426834,ZAF,NLD,6415
1191070,247,162,1027,2016.0,0.0,21772.0,-0.9308350000000001,-1.029968,ZMB,NLD,6415
1191071,248,162,1027,2016.0,0.0,1635.0,-0.960175,-1.004593,ZWE,NLD,6415
1191072,249,162,1027,2016.0,150918.0,280672.0,2.028455,1.271167,TWN,NLD,6415
1191073,250,162,1027,2016.0,7666.0,4295.0,0.608271,-0.007568000000000001,ANS,NLD,6415
1191074,2,163,1027,2016.0,0.0,3447.0,-0.986722,-1.1941979999999999,AGO,NOR,6415
1191075,4,163,1027,2016.0,0.0,52406.0,-0.5783550000000001,-0.085516,ALB,NOR,6415
1191076,7,163,1027,2016.0,0.0,855244.0,-0.019275,-0.18309,ARE,NOR,6415
1191077,8,163,1027,2016.0,0.0,69999.0,-0.334847,0.24145100000000003,ARG,NOR,6415
1191078,14,163,1027,2016.0,2327.0,1371305.0,-0.585613,-0.245365,AUS,NOR,6415
1191079,15,163,1027,2016.0,1275217.0,3094457.0,1.743944,-0.051155,AUT,NOR,6415
1191080,16,163,1027,2016.0,0.0,1150.0,-1.111874,-1.2526059999999999,AZE,NOR,6415
1191081,18,163,1027,2016.0,130706.0,78629736.0,1.2947110000000002,1.113058,BEL,NOR,6415
1191082,22,163,1027,2016.0,0.0,301360.0,-1.0177260000000001,-1.1010799999999998,BGD,NOR,6415
1191083,23,163,1027,2016.0,0.0,624566.0,0.509062,1.804648,BGR,NOR,6415
1191084,24,163,1027,2016.0,0.0,10042.0,0.23993299999999998,-0.5320199999999999,BHR,NOR,6415
1191085,26,163,1027,2016.0,0.0,7544.0,0.693416,0.8723540000000001,BIH,NOR,6415
1191086,28,163,1027,2016.0,0.0,1370.0,0.879499,0.897567,BLR,NOR,6415
1191087,32,163,1027,2016.0,0.0,410906.0,0.284988,1.031028,BRA,NOR,6415
1191088,39,163,1027,2016.0,0.0,2134091.0,0.541041,1.328065,CAN,NOR,6415
1191089,41,163,1027,2016.0,10764.0,263428.0,2.328616,0.832224,CHE,NOR,6415
1191090,42,163,1027,2016.0,0.0,78725.0,-0.162923,-0.20607199999999998,CHL,NOR,6415
1191091,43,163,1027,2016.0,575736.0,916801.0,1.249079,1.151045,CHN,NOR,6415
1191092,44,163,1027,2016.0,0.0,14576.0,-0.977045,-0.8633299999999999,CIV,NOR,6415
1191093,49,163,1027,2016.0,0.0,8974.0,-0.040341,-0.20957699999999999,COL,NOR,6415
1191094,52,163,1027,2016.0,0.0,26223.0,0.28594400000000003,0.131024,CRI,NOR,6415
1191095,58,163,1027,2016.0,0.0,52012.0,0.229275,-0.09704600000000001,CYP,NOR,6415
1191096,59,163,1027,2016.0,930169.0,8640207.0,1.818585,0.341356,CZE,NOR,6415
1191097,61,163,1027,2016.0,16039550.0,31753492.0,2.307429,-2.341644,DEU,NOR,6415
1191098,64,163,1027,2016.0,5834672.0,8794892.0,1.0572629999999998,1.4157540000000002,DNK,NOR,6415
1191099,66,163,1027,2016.0,0.0,18631.0,-1.243568,-1.232077,DZA,NOR,6415
1191100,68,163,1027,2016.0,0.0,1618693.0,-0.202127,1.9342419999999998,EGY,NOR,6415
1191101,71,163,1027,2016.0,7167.0,395616.0,0.795006,2.203292,ESP,NOR,6415
1191102,72,163,1027,2016.0,11370.0,97183.0,0.958292,1.190173,EST,NOR,6415
1191103,74,163,1027,2016.0,8551054.0,2000386.0,1.621764,1.026393,FIN,NOR,6415
1191104,77,163,1027,2016.0,3196852.0,9173225.0,1.490723,0.8471559999999999,FRA,NOR,6415
1191105,81,163,1027,2016.0,2262906.0,24206182.0,1.569616,1.048129,GBR,NOR,6415
1191106,83,163,1027,2016.0,0.0,160409.0,-0.9026200000000001,-0.877508,GHA,NOR,6415
1191107,90,163,1027,2016.0,0.0,352940.0,0.053899,1.1259709999999998,GRC,NOR,6415
1191108,93,163,1027,2016.0,0.0,117506.0,-0.397073,0.5736680000000001,GTM,NOR,6415
1191109,97,163,1027,2016.0,5883.0,136385.0,0.877619,1.0765790000000002,HKG,NOR,6415
1191110,100,163,1027,2016.0,0.0,44372.0,0.850619,1.39544,HRV,NOR,6415
1191111,102,163,1027,2016.0,0.0,1194684.0,1.7056069999999999,0.788768,HUN,NOR,6415
1191112,103,163,1027,2016.0,23883.0,305506.0,-0.013630000000000001,1.744404,IDN,NOR,6415
1191113,104,163,1027,2016.0,0.0,184517.0,0.223813,2.787547,IND,NOR,6415
1191114,106,163,1027,2016.0,0.0,493764.0,1.320777,0.057924,IRL,NOR,6415
1191115,107,163,1027,2016.0,0.0,15112.0,-0.408637,-0.340544,IRN,NOR,6415
1191116,108,163,1027,2016.0,0.0,24090.0,-1.7382849999999999,-1.037508,IRQ,NOR,6415
1191117,109,163,1027,2016.0,0.0,307462.0,0.099623,-0.404352,ISL,NOR,6415
1191118,110,163,1027,2016.0,0.0,1435400.0,0.9932219999999999,0.7518819999999999,ISR,NOR,6415
1191119,111,163,1027,2016.0,651033.0,12208714.0,1.461526,0.316891,ITA,NOR,6415
1191120,113,163,1027,2016.0,0.0,290989.0,0.100333,0.020786000000000002,JOR,NOR,6415
1191121,114,163,1027,2016.0,118949.0,3100754.0,2.550074,-0.479725,JPN,NOR,6415
1191122,116,163,1027,2016.0,0.0,185209.0,-0.483554,0.25645,KEN,NOR,6415
1191123,121,163,1027,2016.0,0.0,341115.0,2.1686389999999998,0.798808,KOR,NOR,6415
1191124,124,163,1027,2016.0,0.0,1010659.0,0.385417,1.139648,LBN,NOR,6415
1191125,128,163,1027,2016.0,0.0,46322.0,-0.540154,0.22580100000000003,LKA,NOR,6415
1191126,130,163,1027,2016.0,0.0,1067774.0,0.6319130000000001,1.538765,LTU,NOR,6415
1191127,131,163,1027,2016.0,0.0,757791.0,1.217021,1.401214,LUX,NOR,6415
1191128,132,163,1027,2016.0,9617.0,18328.0,0.46748199999999995,1.228024,LVA,NOR,6415
1191129,134,163,1027,2016.0,0.0,36469.0,-0.648329,-0.14071,MAR,NOR,6415
1191130,138,163,1027,2016.0,0.0,434852.0,1.393506,0.64152,MEX,NOR,6415
1191131,140,163,1027,2016.0,0.0,13688.0,-0.249664,-0.338412,MKD,NOR,6415
1191132,142,163,1027,2016.0,0.0,28555.0,0.981182,-0.029401999999999998,MLT,NOR,6415
1191133,143,163,1027,2016.0,0.0,20454.0,-1.0789600000000001,-0.6471180000000001,MMR,NOR,6415
1191134,153,163,1027,2016.0,0.0,171843.0,1.091156,0.8383370000000001,MYS,NOR,6415
1191135,162,163,1027,2016.0,2304589.0,7360940.0,1.132192,1.412512,NLD,NOR,6415
1191136,166,163,1027,2016.0,0.0,42242.0,0.093306,0.194895,NZL,NOR,6415
1191137,173,163,1027,2016.0,0.0,29224.0,-0.818178,-0.0791,PER,NOR,6415
1191138,174,163,1027,2016.0,0.0,42997.0,0.958651,0.324888,PHL,NOR,6415
1191139,177,163,1027,2016.0,3298324.0,29508846.0,1.1068959999999999,1.226985,POL,NOR,6415
1191140,179,163,1027,2016.0,2692760.0,144186.0,0.661961,2.108517,PRT,NOR,6415
1191141,185,163,1027,2016.0,0.0,766054.0,1.176177,1.093489,ROU,NOR,6415
1191142,186,163,1027,2016.0,0.0,144474.0,0.086009,0.300039,RUS,NOR,6415
1191143,188,163,1027,2016.0,0.0,10674.0,0.00286,-0.764602,SAU,NOR,6415
1191144,190,163,1027,2016.0,0.0,78562.0,-1.276278,-1.183311,SDN,NOR,6415
1191145,192,163,1027,2016.0,0.0,237545.0,2.0149340000000002,0.613009,SGP,NOR,6415
1191146,201,163,1027,2016.0,0.0,607628.0,0.608136,1.38132,SRB,NOR,6415
1191147,206,163,1027,2016.0,8615.0,9606188.0,1.446588,0.811076,SVK,NOR,6415
1191148,207,163,1027,2016.0,17103.0,46334.0,1.7056200000000001,0.630058,SVN,NOR,6415
1191149,208,163,1027,2016.0,40839724.0,90313608.0,1.731295,0.679562,SWE,NOR,6415
1191150,212,163,1027,2016.0,0.0,105570.0,-0.78566,-0.006305,SYR,NOR,6415
1191151,216,163,1027,2016.0,0.0,18158.0,1.3075860000000001,1.151426,THA,NOR,6415
1191152,224,163,1027,2016.0,5960.0,4982360.0,0.460247,2.3790400000000003,TUR,NOR,6415
1191153,227,163,1027,2016.0,0.0,36261.0,-0.476836,0.641138,UGA,NOR,6415
1191154,228,163,1027,2016.0,0.0,87080.0,0.240605,0.827153,UKR,NOR,6415
1191155,230,163,1027,2016.0,0.0,157403.0,0.040088,-0.27858499999999997,URY,NOR,6415
1191156,231,163,1027,2016.0,216111.0,63985888.0,1.6991900000000002,-0.146044,USA,NOR,6415
1191157,239,163,1027,2016.0,0.0,142885.0,0.048214,0.6998810000000001,VNM,NOR,6415
1191158,246,163,1027,2016.0,0.0,859119.0,-0.029618000000000002,1.426834,ZAF,NOR,6415
1191159,249,163,1027,2016.0,1013.0,290111.0,2.028455,1.271167,TWN,NOR,6415
1191160,1,166,1027,2016.0,0.0,1937.0,-1.44133,-0.9938950000000001,AFG,NZL,6415
1191161,14,166,1027,2016.0,70239096.0,14676391.0,-0.585613,-0.245365,AUS,NZL,6415
1191162,15,166,1027,2016.0,606133.0,0.0,1.743944,-0.051155,AUT,NZL,6415
1191163,18,166,1027,2016.0,679430.0,0.0,1.2947110000000002,1.113058,BEL,NZL,6415
1191164,22,166,1027,2016.0,0.0,28143.0,-1.0177260000000001,-1.1010799999999998,BGD,NZL,6415
1191165,32,166,1027,2016.0,1791354.0,0.0,0.284988,1.031028,BRA,NZL,6415
1191166,34,166,1027,2016.0,63966.0,0.0,-1.082406,-0.9169309999999999,BRN,NZL,6415
1191167,39,166,1027,2016.0,566217.0,4962.0,0.541041,1.328065,CAN,NZL,6415
1191168,42,166,1027,2016.0,6493.0,0.0,-0.162923,-0.20607199999999998,CHL,NZL,6415
1191169,43,166,1027,2016.0,17628982.0,1610339.0,1.249079,1.151045,CHN,NZL,6415
1191170,48,166,1027,2016.0,0.0,79770.0,0.170166,-0.8020149999999999,COK,NZL,6415
1191171,59,166,1027,2016.0,128849.0,0.0,1.818585,0.341356,CZE,NZL,6415
1191172,61,166,1027,2016.0,944462.0,0.0,2.307429,-2.341644,DEU,NZL,6415
1191173,71,166,1027,2016.0,50255.0,0.0,0.795006,2.203292,ESP,NZL,6415
1191174,74,166,1027,2016.0,3869576.0,0.0,1.621764,1.026393,FIN,NZL,6415
1191175,75,166,1027,2016.0,6219.0,222873.0,-0.370598,0.049875,FJI,NZL,6415
1191176,77,166,1027,2016.0,2053283.0,1001.0,1.490723,0.8471559999999999,FRA,NZL,6415
1191177,81,166,1027,2016.0,692670.0,13996.0,1.569616,1.048129,GBR,NZL,6415
1191178,97,166,1027,2016.0,22415.0,0.0,0.877619,1.0765790000000002,HKG,NZL,6415
1191179,103,166,1027,2016.0,6589566.0,0.0,-0.013630000000000001,1.744404,IDN,NZL,6415
1191180,104,166,1027,2016.0,52463.0,15190.0,0.223813,2.787547,IND,NZL,6415
1191181,110,166,1027,2016.0,85397.0,0.0,0.9932219999999999,0.7518819999999999,ISR,NZL,6415
1191182,111,166,1027,2016.0,131760.0,4585.0,1.461526,0.316891,ITA,NZL,6415
1191183,114,166,1027,2016.0,763469.0,0.0,2.550074,-0.479725,JPN,NZL,6415
1191184,119,166,1027,2016.0,0.0,1101.0,-0.410813,-0.859252,KIR,NZL,6415
1191185,121,166,1027,2016.0,79538.0,363942.0,2.1686389999999998,0.798808,KOR,NZL,6415
1191186,128,166,1027,2016.0,0.0,242914.0,-0.540154,0.22580100000000003,LKA,NZL,6415
1191187,139,166,1027,2016.0,0.0,1334.0,0.083737,-0.705874,MHL,NZL,6415
1191188,142,166,1027,2016.0,15548.0,0.0,0.981182,-0.029401999999999998,MLT,NZL,6415
1191189,143,166,1027,2016.0,0.0,28963.0,-1.0789600000000001,-0.6471180000000001,MMR,NZL,6415
1191190,153,166,1027,2016.0,1542892.0,623755.0,1.091156,0.8383370000000001,MYS,NZL,6415
1191191,156,166,1027,2016.0,0.0,623314.0,-0.630577,-0.934391,NCL,NZL,6415
1191192,158,166,1027,2016.0,0.0,16959.0,1.180698,-0.232748,NFK,NZL,6415
1191193,161,166,1027,2016.0,0.0,6950.0,1.6379139999999999,0.098521,NIU,NZL,6415
1191194,162,166,1027,2016.0,119455.0,0.0,1.132192,1.412512,NLD,NZL,6415
1191195,163,166,1027,2016.0,42242.0,0.0,0.664183,0.206877,NOR,NZL,6415
1191196,165,166,1027,2016.0,0.0,1096.0,0.515224,-0.325771,NRU,NZL,6415
1191197,168,166,1027,2016.0,0.0,2521.0,-0.7806810000000001,0.420241,PAK,NZL,6415
1191198,174,166,1027,2016.0,0.0,4890300.0,0.958651,0.324888,PHL,NZL,6415
1191199,176,166,1027,2016.0,0.0,2354.0,-1.7560209999999998,-1.288643,PNG,NZL,6415
1191200,177,166,1027,2016.0,13639.0,0.0,1.1068959999999999,1.226985,POL,NZL,6415
1191201,179,166,1027,2016.0,114463.0,0.0,0.661961,2.108517,PRT,NZL,6415
1191202,182,166,1027,2016.0,0.0,64288.0,0.022294,-0.676078,PYF,NZL,6415
1191203,186,166,1027,2016.0,173020.0,0.0,0.086009,0.300039,RUS,NZL,6415
1191204,192,166,1027,2016.0,5327206.0,349158.0,2.0149340000000002,0.613009,SGP,NZL,6415
1191205,195,166,1027,2016.0,0.0,3474.0,-1.458209,-0.9888530000000001,SLB,NZL,6415
1191206,208,166,1027,2016.0,8189534.0,0.0,1.731295,0.679562,SWE,NZL,6415
1191207,216,166,1027,2016.0,1969968.0,69276.0,1.3075860000000001,1.151426,THA,NZL,6415
1191208,221,166,1027,2016.0,0.0,41112.0,0.155639,-0.624163,TON,NZL,6415
1191209,231,166,1027,2016.0,661074.0,1023240.0,1.6991900000000002,-0.146044,USA,NZL,6415
1191210,239,166,1027,2016.0,0.0,433818.0,0.048214,0.6998810000000001,VNM,NZL,6415
1191211,240,166,1027,2016.0,0.0,5078.0,-1.534809,-1.063501,VUT,NZL,6415
1191212,241,166,1027,2016.0,0.0,12429.0,1.371289,-0.43268500000000004,WLF,NZL,6415
1191213,242,166,1027,2016.0,0.0,170659.0,0.636342,-0.152082,WSM,NZL,6415
1191214,246,166,1027,2016.0,6344.0,0.0,-0.029618000000000002,1.426834,ZAF,NZL,6415
1191215,249,166,1027,2016.0,1098433.0,182812.0,2.028455,1.271167,TWN,NZL,6415
1191216,0,169,1027,2016.0,0.0,8256.0,0.7897,0.359562,ABW,PAN,6415
1191217,2,169,1027,2016.0,0.0,24966.0,-0.986722,-1.1941979999999999,AGO,PAN,6415
1191218,8,169,1027,2016.0,7325.0,0.0,-0.334847,0.24145100000000003,ARG,PAN,6415
1191219,14,169,1027,2016.0,250492.0,0.0,-0.585613,-0.245365,AUS,PAN,6415
1191220,18,169,1027,2016.0,8749.0,0.0,1.2947110000000002,1.113058,BEL,PAN,6415
1191221,25,169,1027,2016.0,0.0,2147.0,0.453269,-0.48267899999999997,BHS,PAN,6415
1191222,29,169,1027,2016.0,0.0,16607.0,-0.460532,-0.6068899999999999,BLZ,PAN,6415
1191223,32,169,1027,2016.0,2512475.0,0.0,0.284988,1.031028,BRA,PAN,6415
1191224,39,169,1027,2016.0,1452340.0,0.0,0.541041,1.328065,CAN,PAN,6415
1191225,42,169,1027,2016.0,60993.0,4365.0,-0.162923,-0.20607199999999998,CHL,PAN,6415
1191226,43,169,1027,2016.0,2536057.0,0.0,1.249079,1.151045,CHN,PAN,6415
1191227,49,169,1027,2016.0,451200.0,150507.0,-0.040341,-0.20957699999999999,COL,PAN,6415
1191228,52,169,1027,2016.0,164737.0,103824.0,0.28594400000000003,0.131024,CRI,PAN,6415
1191229,54,169,1027,2016.0,0.0,5167.0,-0.6960850000000001,-1.166981,CUB,PAN,6415
1191230,61,169,1027,2016.0,823637.0,0.0,2.307429,-2.341644,DEU,PAN,6415
1191231,65,169,1027,2016.0,189070.0,75199.0,-0.26926500000000003,0.046345,DOM,PAN,6415
1191232,67,169,1027,2016.0,120999.0,9603.0,-1.032726,-1.034297,ECU,PAN,6415
1191233,71,169,1027,2016.0,613601.0,0.0,0.795006,2.203292,ESP,PAN,6415
1191234,77,169,1027,2016.0,93341.0,0.0,1.490723,0.8471559999999999,FRA,PAN,6415
1191235,81,169,1027,2016.0,11503.0,0.0,1.569616,1.048129,GBR,PAN,6415
1191236,90,169,1027,2016.0,1202.0,0.0,0.053899,1.1259709999999998,GRC,PAN,6415
1191237,93,169,1027,2016.0,35045.0,126129.0,-0.397073,0.5736680000000001,GTM,PAN,6415
1191238,96,169,1027,2016.0,0.0,22853.0,-0.496113,-0.817237,GUY,PAN,6415
1191239,97,169,1027,2016.0,1136.0,0.0,0.877619,1.0765790000000002,HKG,PAN,6415
1191240,99,169,1027,2016.0,0.0,11119.0,-0.506029,-0.30843899999999996,HND,PAN,6415
1191241,103,169,1027,2016.0,1359390.0,17738.0,-0.013630000000000001,1.744404,IDN,PAN,6415
1191242,104,169,1027,2016.0,24387.0,0.0,0.223813,2.787547,IND,PAN,6415
1191243,111,169,1027,2016.0,108528.0,0.0,1.461526,0.316891,ITA,PAN,6415
1191244,112,169,1027,2016.0,0.0,14039.0,-0.25619400000000003,-0.62326,JAM,PAN,6415
1191245,114,169,1027,2016.0,6967.0,0.0,2.550074,-0.479725,JPN,PAN,6415
1191246,121,169,1027,2016.0,58096.0,0.0,2.1686389999999998,0.798808,KOR,PAN,6415
1191247,138,169,1027,2016.0,82801.0,26381.0,1.393506,0.64152,MEX,PAN,6415
1191248,155,169,1027,2016.0,1047.0,0.0,-0.506252,-0.8029350000000001,NAM,PAN,6415
1191249,160,169,1027,2016.0,0.0,15946.0,-0.954131,-0.9000389999999999,NIC,PAN,6415
1191250,162,169,1027,2016.0,92717.0,0.0,1.132192,1.412512,NLD,PAN,6415
1191251,173,169,1027,2016.0,138901.0,12337.0,-0.818178,-0.0791,PER,PAN,6415
1191252,179,169,1027,2016.0,1407163.0,0.0,0.661961,2.108517,PRT,PAN,6415
1191253,192,169,1027,2016.0,116455.0,0.0,2.0149340000000002,0.613009,SGP,PAN,6415
1191254,197,169,1027,2016.0,81038.0,18456.0,0.075546,0.317046,SLV,PAN,6415
1191255,222,169,1027,2016.0,0.0,25927.0,-0.184575,-0.9999889999999999,TTO,PAN,6415
1191256,224,169,1027,2016.0,7215.0,0.0,0.460247,2.3790400000000003,TUR,PAN,6415
1191257,231,169,1027,2016.0,10203224.0,10773.0,1.6991900000000002,-0.146044,USA,PAN,6415
1191258,234,169,1027,2016.0,0.0,6949.0,-0.15301099999999998,-0.789267,VCT,PAN,6415
1191259,236,169,1027,2016.0,0.0,125758.0,-1.2837120000000002,-1.2503879999999998,VEN,PAN,6415
1191260,239,169,1027,2016.0,42854.0,0.0,0.048214,0.6998810000000001,VNM,PAN,6415
1191261,249,169,1027,2016.0,9403.0,0.0,2.028455,1.271167,TWN,PAN,6415
1191262,250,169,1027,2016.0,17187.0,665625.0,0.608271,-0.007568000000000001,ANS,PAN,6415
1191263,14,173,1027,2016.0,757204.0,0.0,-0.585613,-0.245365,AUS,PER,6415
1191264,15,173,1027,2016.0,202686.0,0.0,1.743944,-0.051155,AUT,PER,6415
1191265,18,173,1027,2016.0,276940.0,0.0,1.2947110000000002,1.113058,BEL,PER,6415
1191266,31,173,1027,2016.0,0.0,2295238.0,-1.009709,-0.986669,BOL,PER,6415
1191267,32,173,1027,2016.0,72802432.0,0.0,0.284988,1.031028,BRA,PER,6415
1191268,39,173,1027,2016.0,3379776.0,0.0,0.541041,1.328065,CAN,PER,6415
1191269,41,173,1027,2016.0,81793.0,0.0,2.328616,0.832224,CHE,PER,6415
1191270,42,173,1027,2016.0,5082330.0,12217168.0,-0.162923,-0.20607199999999998,CHL,PER,6415
1191271,43,173,1027,2016.0,13139153.0,0.0,1.249079,1.151045,CHN,PER,6415
1191272,49,173,1027,2016.0,19374572.0,0.0,-0.040341,-0.20957699999999999,COL,PER,6415
1191273,52,173,1027,2016.0,0.0,211810.0,0.28594400000000003,0.131024,CRI,PER,6415
1191274,59,173,1027,2016.0,54510.0,0.0,1.818585,0.341356,CZE,PER,6415
1191275,61,173,1027,2016.0,2415256.0,0.0,2.307429,-2.341644,DEU,PER,6415
1191276,65,173,1027,2016.0,2614.0,10667.0,-0.26926500000000003,0.046345,DOM,PER,6415
1191277,67,173,1027,2016.0,912805.0,4600624.0,-1.032726,-1.034297,ECU,PER,6415
1191278,71,173,1027,2016.0,1318629.0,0.0,0.795006,2.203292,ESP,PER,6415
1191279,74,173,1027,2016.0,4174611.0,0.0,1.621764,1.026393,FIN,PER,6415
1191280,77,173,1027,2016.0,779640.0,0.0,1.490723,0.8471559999999999,FRA,PER,6415
1191281,81,173,1027,2016.0,353000.0,0.0,1.569616,1.048129,GBR,PER,6415
1191282,93,173,1027,2016.0,46348.0,0.0,-0.397073,0.5736680000000001,GTM,PER,6415
1191283,97,173,1027,2016.0,3188.0,0.0,0.877619,1.0765790000000002,HKG,PER,6415
1191284,99,173,1027,2016.0,0.0,45449.0,-0.506029,-0.30843899999999996,HND,PER,6415
1191285,103,173,1027,2016.0,14464853.0,0.0,-0.013630000000000001,1.744404,IDN,PER,6415
1191286,104,173,1027,2016.0,234637.0,0.0,0.223813,2.787547,IND,PER,6415
1191287,110,173,1027,2016.0,1245.0,0.0,0.9932219999999999,0.7518819999999999,ISR,PER,6415
1191288,111,173,1027,2016.0,1181863.0,8458.0,1.461526,0.316891,ITA,PER,6415
1191289,114,173,1027,2016.0,290821.0,0.0,2.550074,-0.479725,JPN,PER,6415
1191290,121,173,1027,2016.0,265316.0,0.0,2.1686389999999998,0.798808,KOR,PER,6415
1191291,138,173,1027,2016.0,129415.0,2039205.0,1.393506,0.64152,MEX,PER,6415
1191292,153,173,1027,2016.0,18498.0,0.0,1.091156,0.8383370000000001,MYS,PER,6415
1191293,162,173,1027,2016.0,2209486.0,0.0,1.132192,1.412512,NLD,PER,6415
1191294,163,173,1027,2016.0,29224.0,0.0,0.664183,0.206877,NOR,PER,6415
1191295,169,173,1027,2016.0,12337.0,138901.0,0.731258,0.649917,PAN,PER,6415
1191296,177,173,1027,2016.0,1340124.0,0.0,1.1068959999999999,1.226985,POL,PER,6415
1191297,179,173,1027,2016.0,8788619.0,0.0,0.661961,2.108517,PRT,PER,6415
1191298,186,173,1027,2016.0,1419605.0,0.0,0.086009,0.300039,RUS,PER,6415
1191299,188,173,1027,2016.0,1332414.0,0.0,0.00286,-0.764602,SAU,PER,6415
1191300,192,173,1027,2016.0,957470.0,0.0,2.0149340000000002,0.613009,SGP,PER,6415
1191301,197,173,1027,2016.0,4155.0,0.0,0.075546,0.317046,SLV,PER,6415
1191302,205,173,1027,2016.0,0.0,4778.0,-0.41257200000000005,-1.0434780000000001,SUR,PER,6415
1191303,207,173,1027,2016.0,61299.0,0.0,1.7056200000000001,0.630058,SVN,PER,6415
1191304,208,173,1027,2016.0,9623830.0,0.0,1.731295,0.679562,SWE,PER,6415
1191305,216,173,1027,2016.0,3143.0,0.0,1.3075860000000001,1.151426,THA,PER,6415
1191306,224,173,1027,2016.0,29371.0,0.0,0.460247,2.3790400000000003,TUR,PER,6415
1191307,231,173,1027,2016.0,13601427.0,0.0,1.6991900000000002,-0.146044,USA,PER,6415
1191308,236,173,1027,2016.0,0.0,510271.0,-1.2837120000000002,-1.2503879999999998,VEN,PER,6415
1191309,239,173,1027,2016.0,5229.0,0.0,0.048214,0.6998810000000001,VNM,PER,6415
1191310,2,174,1027,2016.0,0.0,11203.0,-0.986722,-1.1941979999999999,AGO,PHL,6415
1191311,7,174,1027,2016.0,0.0,729926.0,-0.019275,-0.18309,ARE,PHL,6415
1191312,8,174,1027,2016.0,0.0,12166.0,-0.334847,0.24145100000000003,ARG,PHL,6415
1191313,14,174,1027,2016.0,3489004.0,15734.0,-0.585613,-0.245365,AUS,PHL,6415
1191314,15,174,1027,2016.0,529699.0,0.0,1.743944,-0.051155,AUT,PHL,6415
1191315,18,174,1027,2016.0,295427.0,0.0,1.2947110000000002,1.113058,BEL,PHL,6415
1191316,32,174,1027,2016.0,1125952.0,0.0,0.284988,1.031028,BRA,PHL,6415
1191317,34,174,1027,2016.0,0.0,57518.0,-1.082406,-0.9169309999999999,BRN,PHL,6415
1191318,39,174,1027,2016.0,1899310.0,0.0,0.541041,1.328065,CAN,PHL,6415
1191319,41,174,1027,2016.0,32454.0,0.0,2.328616,0.832224,CHE,PHL,6415
1191320,43,174,1027,2016.0,45358932.0,14898.0,1.249079,1.151045,CHN,PHL,6415
1191321,58,174,1027,2016.0,0.0,2748.0,0.229275,-0.09704600000000001,CYP,PHL,6415
1191322,61,174,1027,2016.0,4952850.0,141761.0,2.307429,-2.341644,DEU,PHL,6415
1191323,64,174,1027,2016.0,31944.0,0.0,1.0572629999999998,1.4157540000000002,DNK,PHL,6415
1191324,67,174,1027,2016.0,19541.0,0.0,-1.032726,-1.034297,ECU,PHL,6415
1191325,71,174,1027,2016.0,652491.0,0.0,0.795006,2.203292,ESP,PHL,6415
1191326,74,174,1027,2016.0,31964414.0,0.0,1.621764,1.026393,FIN,PHL,6415
1191327,77,174,1027,2016.0,610575.0,0.0,1.490723,0.8471559999999999,FRA,PHL,6415
1191328,79,174,1027,2016.0,0.0,80625.0,-0.41439499999999996,-0.934024,FSM,PHL,6415
1191329,81,174,1027,2016.0,3221742.0,0.0,1.569616,1.048129,GBR,PHL,6415
1191330,83,174,1027,2016.0,0.0,4091.0,-0.9026200000000001,-0.877508,GHA,PHL,6415
1191331,97,174,1027,2016.0,684500.0,1671.0,0.877619,1.0765790000000002,HKG,PHL,6415
1191332,103,174,1027,2016.0,88018160.0,4556198.0,-0.013630000000000001,1.744404,IDN,PHL,6415
1191333,104,174,1027,2016.0,1313934.0,120695.0,0.223813,2.787547,IND,PHL,6415
1191334,107,174,1027,2016.0,0.0,286145.0,-0.408637,-0.340544,IRN,PHL,6415
1191335,111,174,1027,2016.0,465740.0,0.0,1.461526,0.316891,ITA,PHL,6415
1191336,114,174,1027,2016.0,19274678.0,37590.0,2.550074,-0.479725,JPN,PHL,6415
1191337,121,174,1027,2016.0,8909352.0,4967990.0,2.1686389999999998,0.798808,KOR,PHL,6415
1191338,123,174,1027,2016.0,0.0,31223.0,-0.8350559999999999,-0.660756,LAO,PHL,6415
1191339,128,174,1027,2016.0,0.0,450847.0,-0.540154,0.22580100000000003,LKA,PHL,6415
1191340,143,174,1027,2016.0,0.0,83596.0,-1.0789600000000001,-0.6471180000000001,MMR,PHL,6415
1191341,144,174,1027,2016.0,0.0,9075.0,0.002245,-0.10263599999999999,MNE,PHL,6415
1191342,153,174,1027,2016.0,3918544.0,2353770.0,1.091156,0.8383370000000001,MYS,PHL,6415
1191343,159,174,1027,2016.0,0.0,64390.0,-1.7380830000000003,-1.306938,NGA,PHL,6415
1191344,162,174,1027,2016.0,1464328.0,0.0,1.132192,1.412512,NLD,PHL,6415
1191345,163,174,1027,2016.0,42997.0,0.0,0.664183,0.206877,NOR,PHL,6415
1191346,164,174,1027,2016.0,0.0,5760.0,-0.253328,0.33395199999999997,NPL,PHL,6415
1191347,166,174,1027,2016.0,4890300.0,0.0,0.093306,0.194895,NZL,PHL,6415
1191348,168,174,1027,2016.0,0.0,2515234.0,-0.7806810000000001,0.420241,PAK,PHL,6415
1191349,177,174,1027,2016.0,1069243.0,98411.0,1.1068959999999999,1.226985,POL,PHL,6415
1191350,179,174,1027,2016.0,5754.0,0.0,0.661961,2.108517,PRT,PHL,6415
1191351,186,174,1027,2016.0,11227036.0,0.0,0.086009,0.300039,RUS,PHL,6415
1191352,192,174,1027,2016.0,28297962.0,254679.0,2.0149340000000002,0.613009,SGP,PHL,6415
1191353,208,174,1027,2016.0,11287193.0,0.0,1.731295,0.679562,SWE,PHL,6415
1191354,216,174,1027,2016.0,4641390.0,397929.0,1.3075860000000001,1.151426,THA,PHL,6415
1191355,231,174,1027,2016.0,3011860.0,100008.0,1.6991900000000002,-0.146044,USA,PHL,6415
1191356,239,174,1027,2016.0,264926.0,469870.0,0.048214,0.6998810000000001,VNM,PHL,6415
1191357,246,174,1027,2016.0,1273698.0,0.0,-0.029618000000000002,1.426834,ZAF,PHL,6415
1191358,249,174,1027,2016.0,8798963.0,1266538.0,2.028455,1.271167,TWN,PHL,6415
1191359,1,177,1027,2016.0,0.0,63680.0,-1.44133,-0.9938950000000001,AFG,POL,6415
1191360,4,177,1027,2016.0,0.0,64302.0,-0.5783550000000001,-0.085516,ALB,POL,6415
1191361,7,177,1027,2016.0,0.0,10007203.0,-0.019275,-0.18309,ARE,POL,6415
1191362,8,177,1027,2016.0,0.0,108387.0,-0.334847,0.24145100000000003,ARG,POL,6415
1191363,9,177,1027,2016.0,0.0,158029.0,-0.252904,-0.614643,ARM,POL,6415
1191364,14,177,1027,2016.0,1735747.0,400880.0,-0.585613,-0.245365,AUS,POL,6415
1191365,15,177,1027,2016.0,64784972.0,18446166.0,1.743944,-0.051155,AUT,POL,6415
1191366,16,177,1027,2016.0,0.0,29754.0,-1.111874,-1.2526059999999999,AZE,POL,6415
1191367,18,177,1027,2016.0,21320884.0,10911786.0,1.2947110000000002,1.113058,BEL,POL,6415
1191368,19,177,1027,2016.0,0.0,275918.0,-0.863777,-0.913193,BEN,POL,6415
1191369,22,177,1027,2016.0,0.0,937220.0,-1.0177260000000001,-1.1010799999999998,BGD,POL,6415
1191370,23,177,1027,2016.0,1528240.0,2269247.0,0.509062,1.804648,BGR,POL,6415
1191371,24,177,1027,2016.0,0.0,19961.0,0.23993299999999998,-0.5320199999999999,BHR,POL,6415
1191372,26,177,1027,2016.0,512799.0,1899626.0,0.693416,0.8723540000000001,BIH,POL,6415
1191373,28,177,1027,2016.0,2553002.0,6665037.0,0.879499,0.897567,BLR,POL,6415
1191374,32,177,1027,2016.0,1504620.0,2363750.0,0.284988,1.031028,BRA,POL,6415
1191375,39,177,1027,2016.0,15502.0,1687733.0,0.541041,1.328065,CAN,POL,6415
1191376,41,177,1027,2016.0,14636232.0,17291746.0,2.328616,0.832224,CHE,POL,6415
1191377,42,177,1027,2016.0,0.0,66882.0,-0.162923,-0.20607199999999998,CHL,POL,6415
1191378,43,177,1027,2016.0,6686030.0,244843.0,1.249079,1.151045,CHN,POL,6415
1191379,44,177,1027,2016.0,7169.0,1300104.0,-0.977045,-0.8633299999999999,CIV,POL,6415
1191380,45,177,1027,2016.0,0.0,413490.0,-1.1342969999999999,-1.101724,CMR,POL,6415
1191381,49,177,1027,2016.0,0.0,1040068.0,-0.040341,-0.20957699999999999,COL,POL,6415
1191382,52,177,1027,2016.0,0.0,1732.0,0.28594400000000003,0.131024,CRI,POL,6415
1191383,54,177,1027,2016.0,0.0,29308.0,-0.6960850000000001,-1.166981,CUB,POL,6415
1191384,58,177,1027,2016.0,0.0,170180.0,0.229275,-0.09704600000000001,CYP,POL,6415
1191385,59,177,1027,2016.0,25270830.0,42619040.0,1.818585,0.341356,CZE,POL,6415
1191386,61,177,1027,2016.0,658420032.0,245221536.0,2.307429,-2.341644,DEU,POL,6415
1191387,64,177,1027,2016.0,3073284.0,10611833.0,1.0572629999999998,1.4157540000000002,DNK,POL,6415
1191388,65,177,1027,2016.0,0.0,40596.0,-0.26926500000000003,0.046345,DOM,POL,6415
1191389,66,177,1027,2016.0,0.0,819146.0,-1.243568,-1.232077,DZA,POL,6415
1191390,67,177,1027,2016.0,0.0,258300.0,-1.032726,-1.034297,ECU,POL,6415
1191391,68,177,1027,2016.0,11702.0,4900724.0,-0.202127,1.9342419999999998,EGY,POL,6415
1191392,71,177,1027,2016.0,7936698.0,25813822.0,0.795006,2.203292,ESP,POL,6415
1191393,72,177,1027,2016.0,1197457.0,2013090.0,0.958292,1.190173,EST,POL,6415
1191394,74,177,1027,2016.0,36180572.0,13645428.0,1.621764,1.026393,FIN,POL,6415
1191395,77,177,1027,2016.0,61584440.0,39910324.0,1.490723,0.8471559999999999,FRA,POL,6415
1191396,81,177,1027,2016.0,10635399.0,41737720.0,1.569616,1.048129,GBR,POL,6415
1191397,82,177,1027,2016.0,2527.0,13178.0,-0.269579,-0.317608,GEO,POL,6415
1191398,83,177,1027,2016.0,0.0,1870946.0,-0.9026200000000001,-0.877508,GHA,POL,6415
1191399,85,177,1027,2016.0,0.0,71118.0,-1.461226,-1.196035,GIN,POL,6415
1191400,87,177,1027,2016.0,0.0,17414.0,-0.710399,-0.8278629999999999,GMB,POL,6415
1191401,90,177,1027,2016.0,18533.0,3288108.0,0.053899,1.1259709999999998,GRC,POL,6415
1191402,92,177,1027,2016.0,0.0,1508.0,-1.077107,-0.997611,GRL,POL,6415
1191403,93,177,1027,2016.0,0.0,232666.0,-0.397073,0.5736680000000001,GTM,POL,6415
1191404,96,177,1027,2016.0,0.0,6307.0,-0.496113,-0.817237,GUY,POL,6415
1191405,97,177,1027,2016.0,0.0,20292.0,0.877619,1.0765790000000002,HKG,POL,6415
1191406,99,177,1027,2016.0,0.0,119969.0,-0.506029,-0.30843899999999996,HND,POL,6415
1191407,100,177,1027,2016.0,78403.0,3359124.0,0.850619,1.39544,HRV,POL,6415
1191408,101,177,1027,2016.0,0.0,82879.0,-1.046859,-1.016459,HTI,POL,6415
1191409,102,177,1027,2016.0,39057332.0,16106390.0,1.7056069999999999,0.788768,HUN,POL,6415
1191410,103,177,1027,2016.0,1397353.0,30900.0,-0.013630000000000001,1.744404,IDN,POL,6415
1191411,104,177,1027,2016.0,70295.0,1461547.0,0.223813,2.787547,IND,POL,6415
1191412,106,177,1027,2016.0,57892.0,2814888.0,1.320777,0.057924,IRL,POL,6415
1191413,109,177,1027,2016.0,0.0,10926.0,0.099623,-0.404352,ISL,POL,6415
1191414,110,177,1027,2016.0,0.0,6847169.0,0.9932219999999999,0.7518819999999999,ISR,POL,6415
1191415,111,177,1027,2016.0,43651820.0,26546796.0,1.461526,0.316891,ITA,POL,6415
1191416,112,177,1027,2016.0,0.0,25910.0,-0.25619400000000003,-0.62326,JAM,POL,6415
1191417,113,177,1027,2016.0,0.0,2665212.0,0.100333,0.020786000000000002,JOR,POL,6415
1191418,114,177,1027,2016.0,6901.0,140923.0,2.550074,-0.479725,JPN,POL,6415
1191419,115,177,1027,2016.0,0.0,456785.0,-0.467305,-0.475451,KAZ,POL,6415
1191420,116,177,1027,2016.0,0.0,296584.0,-0.483554,0.25645,KEN,POL,6415
1191421,117,177,1027,2016.0,0.0,31895.0,0.20501100000000003,0.657593,KGZ,POL,6415
1191422,118,177,1027,2016.0,0.0,9668.0,-0.70365,-0.843824,KHM,POL,6415
1191423,121,177,1027,2016.0,126777.0,824671.0,2.1686389999999998,0.798808,KOR,POL,6415
1191424,122,177,1027,2016.0,0.0,126166.0,-0.401,-1.102991,KWT,POL,6415
1191425,124,177,1027,2016.0,0.0,606942.0,0.385417,1.139648,LBN,POL,6415
1191426,126,177,1027,2016.0,0.0,17469.0,-1.120678,-1.222803,LBY,POL,6415
1191427,128,177,1027,2016.0,0.0,406127.0,-0.540154,0.22580100000000003,LKA,POL,6415
1191428,130,177,1027,2016.0,10217671.0,19416568.0,0.6319130000000001,1.538765,LTU,POL,6415
1191429,131,177,1027,2016.0,38452.0,216143.0,1.217021,1.401214,LUX,POL,6415
1191430,132,177,1027,2016.0,86473.0,20031664.0,0.46748199999999995,1.228024,LVA,POL,6415
1191431,134,177,1027,2016.0,0.0,4704337.0,-0.648329,-0.14071,MAR,POL,6415
1191432,135,177,1027,2016.0,0.0,126948.0,-0.24173200000000003,0.010985,MDA,POL,6415
1191433,138,177,1027,2016.0,0.0,2898093.0,1.393506,0.64152,MEX,POL,6415
1191434,140,177,1027,2016.0,10358.0,121841.0,-0.249664,-0.338412,MKD,POL,6415
1191435,141,177,1027,2016.0,0.0,49603.0,-0.405979,-0.6190869999999999,MLI,POL,6415
1191436,142,177,1027,2016.0,0.0,20238.0,0.981182,-0.029401999999999998,MLT,POL,6415
1191437,144,177,1027,2016.0,0.0,52237.0,0.002245,-0.10263599999999999,MNE,POL,6415
1191438,153,177,1027,2016.0,244528.0,1353771.0,1.091156,0.8383370000000001,MYS,POL,6415
1191439,159,177,1027,2016.0,0.0,2140656.0,-1.7380830000000003,-1.306938,NGA,POL,6415
1191440,162,177,1027,2016.0,46797188.0,17053960.0,1.132192,1.412512,NLD,POL,6415
1191441,163,177,1027,2016.0,29508846.0,3298324.0,0.664183,0.206877,NOR,POL,6415
1191442,166,177,1027,2016.0,0.0,13639.0,0.093306,0.194895,NZL,POL,6415
1191443,167,177,1027,2016.0,0.0,2478824.0,-0.594724,-1.019133,OMN,POL,6415
1191444,168,177,1027,2016.0,0.0,138191.0,-0.7806810000000001,0.420241,PAK,POL,6415
1191445,173,177,1027,2016.0,0.0,1340124.0,-0.818178,-0.0791,PER,POL,6415
1191446,174,177,1027,2016.0,98411.0,1069243.0,0.958651,0.324888,PHL,POL,6415
1191447,179,177,1027,2016.0,7725552.0,5517584.0,0.661961,2.108517,PRT,POL,6415
1191448,180,177,1027,2016.0,0.0,19375.0,-0.665963,-0.967879,PRY,POL,6415
1191449,185,177,1027,2016.0,669810.0,12440352.0,1.176177,1.093489,ROU,POL,6415
1191450,186,177,1027,2016.0,3408060.0,26445672.0,0.086009,0.300039,RUS,POL,6415
1191451,188,177,1027,2016.0,0.0,4120351.0,0.00286,-0.764602,SAU,POL,6415
1191452,190,177,1027,2016.0,0.0,218072.0,-1.276278,-1.183311,SDN,POL,6415
1191453,191,177,1027,2016.0,0.0,139625.0,-0.648644,-0.39857800000000004,SEN,POL,6415
1191454,192,177,1027,2016.0,0.0,720532.0,2.0149340000000002,0.613009,SGP,POL,6415
1191455,197,177,1027,2016.0,0.0,19791.0,0.075546,0.317046,SLV,POL,6415
1191456,198,177,1027,2016.0,0.0,86599.0,1.0774059999999999,0.771039,SMR,POL,6415
1191457,201,177,1027,2016.0,386694.0,5412982.0,0.608136,1.38132,SRB,POL,6415
1191458,206,177,1027,2016.0,35517284.0,11890246.0,1.446588,0.811076,SVK,POL,6415
1191459,207,177,1027,2016.0,1890967.0,4212798.0,1.7056200000000001,0.630058,SVN,POL,6415
1191460,208,177,1027,2016.0,96963032.0,32781394.0,1.731295,0.679562,SWE,POL,6415
1191461,215,177,1027,2016.0,0.0,205731.0,-0.777506,-0.652105,TGO,POL,6415
1191462,216,177,1027,2016.0,13735.0,142331.0,1.3075860000000001,1.151426,THA,POL,6415
1191463,222,177,1027,2016.0,0.0,231255.0,-0.184575,-0.9999889999999999,TTO,POL,6415
1191464,223,177,1027,2016.0,54209.0,1408901.0,0.27537399999999995,0.9474239999999999,TUN,POL,6415
1191465,224,177,1027,2016.0,250116.0,22867792.0,0.460247,2.3790400000000003,TUR,POL,6415
1191466,226,177,1027,2016.0,0.0,41125.0,-1.01426,0.304263,TZA,POL,6415
1191467,227,177,1027,2016.0,0.0,26021.0,-0.476836,0.641138,UGA,POL,6415
1191468,228,177,1027,2016.0,7317616.0,19198340.0,0.240605,0.827153,UKR,POL,6415
1191469,230,177,1027,2016.0,0.0,8759.0,0.040088,-0.27858499999999997,URY,POL,6415
1191470,231,177,1027,2016.0,986020.0,4978632.0,1.6991900000000002,-0.146044,USA,POL,6415
1191471,232,177,1027,2016.0,0.0,74741.0,-0.672362,-0.574391,UZB,POL,6415
1191472,243,177,1027,2016.0,0.0,45764.0,-0.99136,-1.1587049999999999,YEM,POL,6415
1191473,246,177,1027,2016.0,0.0,568644.0,-0.029618000000000002,1.426834,ZAF,POL,6415
1191474,247,177,1027,2016.0,0.0,7859.0,-0.9308350000000001,-1.029968,ZMB,POL,6415
1191475,249,177,1027,2016.0,24733.0,1608.0,2.028455,1.271167,TWN,POL,6415
1191476,250,177,1027,2016.0,679559.0,0.0,0.608271,-0.007568000000000001,ANS,POL,6415
1191477,2,179,1027,2016.0,0.0,10841799.0,-0.986722,-1.1941979999999999,AGO,PRT,6415
1191478,4,179,1027,2016.0,0.0,438638.0,-0.5783550000000001,-0.085516,ALB,PRT,6415
1191479,7,179,1027,2016.0,0.0,7562118.0,-0.019275,-0.18309,ARE,PRT,6415
1191480,8,179,1027,2016.0,0.0,155811.0,-0.334847,0.24145100000000003,ARG,PRT,6415
1191481,9,179,1027,2016.0,0.0,275631.0,-0.252904,-0.614643,ARM,PRT,6415
1191482,14,179,1027,2016.0,19003.0,337056.0,-0.585613,-0.245365,AUS,PRT,6415
1191483,15,179,1027,2016.0,547789.0,3166662.0,1.743944,-0.051155,AUT,PRT,6415
1191484,16,179,1027,2016.0,0.0,5582.0,-1.111874,-1.2526059999999999,AZE,PRT,6415
1191485,18,179,1027,2016.0,2897021.0,36644684.0,1.2947110000000002,1.113058,BEL,PRT,6415
1191486,19,179,1027,2016.0,0.0,1182120.0,-0.863777,-0.913193,BEN,PRT,6415
1191487,21,179,1027,2016.0,0.0,1836763.0,-0.861491,-0.9462379999999999,BFA,PRT,6415
1191488,22,179,1027,2016.0,0.0,12923.0,-1.0177260000000001,-1.1010799999999998,BGD,PRT,6415
1191489,23,179,1027,2016.0,200247.0,1332238.0,0.509062,1.804648,BGR,PRT,6415
1191490,24,179,1027,2016.0,0.0,18840.0,0.23993299999999998,-0.5320199999999999,BHR,PRT,6415
1191491,25,179,1027,2016.0,0.0,82084.0,0.453269,-0.48267899999999997,BHS,PRT,6415
1191492,26,179,1027,2016.0,0.0,27372.0,0.693416,0.8723540000000001,BIH,PRT,6415
1191493,28,179,1027,2016.0,0.0,446083.0,0.879499,0.897567,BLR,PRT,6415
1191494,31,179,1027,2016.0,0.0,488238.0,-1.009709,-0.986669,BOL,PRT,6415
1191495,32,179,1027,2016.0,4794.0,3714767.0,0.284988,1.031028,BRA,PRT,6415
1191496,33,179,1027,2016.0,0.0,149653.0,0.598214,0.054758,BRB,PRT,6415
1191497,39,179,1027,2016.0,98961.0,85947.0,0.541041,1.328065,CAN,PRT,6415
1191498,41,179,1027,2016.0,177410.0,17271236.0,2.328616,0.832224,CHE,PRT,6415
1191499,42,179,1027,2016.0,0.0,5576142.0,-0.162923,-0.20607199999999998,CHL,PRT,6415
1191500,43,179,1027,2016.0,524957.0,163438.0,1.249079,1.151045,CHN,PRT,6415
1191501,44,179,1027,2016.0,0.0,5370086.0,-0.977045,-0.8633299999999999,CIV,PRT,6415
1191502,45,179,1027,2016.0,0.0,3127250.0,-1.1342969999999999,-1.101724,CMR,PRT,6415
1191503,46,179,1027,2016.0,0.0,93737.0,-1.093544,-1.126599,COD,PRT,6415
1191504,47,179,1027,2016.0,0.0,2066.0,-0.562294,-0.9770030000000001,COG,PRT,6415
1191505,49,179,1027,2016.0,0.0,360135.0,-0.040341,-0.20957699999999999,COL,PRT,6415
1191506,51,179,1027,2016.0,0.0,926222.0,0.13810899999999998,-0.598819,CPV,PRT,6415
1191507,52,179,1027,2016.0,0.0,972533.0,0.28594400000000003,0.131024,CRI,PRT,6415
1191508,54,179,1027,2016.0,0.0,2475982.0,-0.6960850000000001,-1.166981,CUB,PRT,6415
1191509,55,179,1027,2016.0,0.0,15360.0,0.078189,-0.80455,CUW,PRT,6415
1191510,58,179,1027,2016.0,0.0,1462442.0,0.229275,-0.09704600000000001,CYP,PRT,6415
1191511,59,179,1027,2016.0,1298566.0,3130034.0,1.818585,0.341356,CZE,PRT,6415
1191512,61,179,1027,2016.0,9151993.0,135541120.0,2.307429,-2.341644,DEU,PRT,6415
1191513,64,179,1027,2016.0,80367.0,4009759.0,1.0572629999999998,1.4157540000000002,DNK,PRT,6415
1191514,65,179,1027,2016.0,0.0,4181853.0,-0.26926500000000003,0.046345,DOM,PRT,6415
1191515,66,179,1027,2016.0,0.0,34884364.0,-1.243568,-1.232077,DZA,PRT,6415
1191516,67,179,1027,2016.0,0.0,2355025.0,-1.032726,-1.034297,ECU,PRT,6415
1191517,68,179,1027,2016.0,3981.0,43683424.0,-0.202127,1.9342419999999998,EGY,PRT,6415
1191518,71,179,1027,2016.0,120733336.0,132617608.0,0.795006,2.203292,ESP,PRT,6415
1191519,72,179,1027,2016.0,8358.0,1381643.0,0.958292,1.190173,EST,PRT,6415
1191520,73,179,1027,2016.0,0.0,582500.0,-1.163689,-0.885724,ETH,PRT,6415
1191521,74,179,1027,2016.0,3665815.0,951842.0,1.621764,1.026393,FIN,PRT,6415
1191522,77,179,1027,2016.0,13214975.0,145874128.0,1.490723,0.8471559999999999,FRA,PRT,6415
1191523,80,179,1027,2016.0,0.0,156037.0,-1.257455,-1.226416,GAB,PRT,6415
1191524,81,179,1027,2016.0,1134869.0,85381136.0,1.569616,1.048129,GBR,PRT,6415
1191525,82,179,1027,2016.0,0.0,875697.0,-0.269579,-0.317608,GEO,PRT,6415
1191526,83,179,1027,2016.0,0.0,2500410.0,-0.9026200000000001,-0.877508,GHA,PRT,6415
1191527,84,179,1027,2016.0,0.0,67977.0,0.8549690000000001,-0.706403,GIB,PRT,6415
1191528,85,179,1027,2016.0,0.0,177714.0,-1.461226,-1.196035,GIN,PRT,6415
1191529,88,179,1027,2016.0,0.0,123570.0,-1.526098,-1.087159,GNB,PRT,6415
1191530,90,179,1027,2016.0,82849.0,8995424.0,0.053899,1.1259709999999998,GRC,PRT,6415
1191531,93,179,1027,2016.0,0.0,1001204.0,-0.397073,0.5736680000000001,GTM,PRT,6415
1191532,97,179,1027,2016.0,3441.0,307493.0,0.877619,1.0765790000000002,HKG,PRT,6415
1191533,99,179,1027,2016.0,0.0,974869.0,-0.506029,-0.30843899999999996,HND,PRT,6415
1191534,100,179,1027,2016.0,0.0,4118645.0,0.850619,1.39544,HRV,PRT,6415
1191535,101,179,1027,2016.0,0.0,321276.0,-1.046859,-1.016459,HTI,PRT,6415
1191536,102,179,1027,2016.0,17978.0,336913.0,1.7056069999999999,0.788768,HUN,PRT,6415
1191537,103,179,1027,2016.0,70230.0,0.0,-0.013630000000000001,1.744404,IDN,PRT,6415
1191538,104,179,1027,2016.0,443091.0,346936.0,0.223813,2.787547,IND,PRT,6415
1191539,106,179,1027,2016.0,0.0,5786857.0,1.320777,0.057924,IRL,PRT,6415
1191540,107,179,1027,2016.0,0.0,7133392.0,-0.408637,-0.340544,IRN,PRT,6415
1191541,108,179,1027,2016.0,0.0,3559530.0,-1.7382849999999999,-1.037508,IRQ,PRT,6415
1191542,109,179,1027,2016.0,0.0,99100.0,0.099623,-0.404352,ISL,PRT,6415
1191543,110,179,1027,2016.0,3689149.0,6722862.0,0.9932219999999999,0.7518819999999999,ISR,PRT,6415
1191544,111,179,1027,2016.0,9765290.0,101489520.0,1.461526,0.316891,ITA,PRT,6415
1191545,112,179,1027,2016.0,0.0,186553.0,-0.25619400000000003,-0.62326,JAM,PRT,6415
1191546,113,179,1027,2016.0,0.0,4144828.0,0.100333,0.020786000000000002,JOR,PRT,6415
1191547,114,179,1027,2016.0,463350.0,196345.0,2.550074,-0.479725,JPN,PRT,6415
1191548,115,179,1027,2016.0,0.0,136961.0,-0.467305,-0.475451,KAZ,PRT,6415
1191549,116,179,1027,2016.0,0.0,1224508.0,-0.483554,0.25645,KEN,PRT,6415
1191550,121,179,1027,2016.0,50838.0,171558.0,2.1686389999999998,0.798808,KOR,PRT,6415
1191551,122,179,1027,2016.0,0.0,1114826.0,-0.401,-1.102991,KWT,PRT,6415
1191552,124,179,1027,2016.0,0.0,4538831.0,0.385417,1.139648,LBN,PRT,6415
1191553,126,179,1027,2016.0,0.0,121442.0,-1.120678,-1.222803,LBY,PRT,6415
1191554,128,179,1027,2016.0,0.0,42381.0,-0.540154,0.22580100000000003,LKA,PRT,6415
1191555,130,179,1027,2016.0,5865.0,2083872.0,0.6319130000000001,1.538765,LTU,PRT,6415
1191556,131,179,1027,2016.0,0.0,889719.0,1.217021,1.401214,LUX,PRT,6415
1191557,132,179,1027,2016.0,0.0,4848978.0,0.46748199999999995,1.228024,LVA,PRT,6415
1191558,133,179,1027,2016.0,0.0,80834.0,0.517979,0.133195,MAC,PRT,6415
1191559,134,179,1027,2016.0,0.0,20018306.0,-0.648329,-0.14071,MAR,PRT,6415
1191560,135,179,1027,2016.0,0.0,5047.0,-0.24173200000000003,0.010985,MDA,PRT,6415
1191561,136,179,1027,2016.0,0.0,27170.0,-0.979632,-0.63626,MDG,PRT,6415
1191562,138,179,1027,2016.0,0.0,6775739.0,1.393506,0.64152,MEX,PRT,6415
1191563,140,179,1027,2016.0,16524.0,407932.0,-0.249664,-0.338412,MKD,PRT,6415
1191564,141,179,1027,2016.0,0.0,103438.0,-0.405979,-0.6190869999999999,MLI,PRT,6415
1191565,142,179,1027,2016.0,0.0,1538517.0,0.981182,-0.029401999999999998,MLT,PRT,6415
1191566,143,179,1027,2016.0,0.0,13838.0,-1.0789600000000001,-0.6471180000000001,MMR,PRT,6415
1191567,144,179,1027,2016.0,0.0,21182.0,0.002245,-0.10263599999999999,MNE,PRT,6415
1191568,147,179,1027,2016.0,0.0,74300.0,-1.207606,-1.0223879999999999,MOZ,PRT,6415
1191569,151,179,1027,2016.0,0.0,117745.0,-0.334969,0.005404,MUS,PRT,6415
1191570,152,179,1027,2016.0,0.0,149274.0,-0.969781,-1.042325,MWI,PRT,6415
1191571,153,179,1027,2016.0,0.0,80207.0,1.091156,0.8383370000000001,MYS,PRT,6415
1191572,157,179,1027,2016.0,0.0,427306.0,-1.0853110000000001,-0.9786219999999999,NER,PRT,6415
1191573,159,179,1027,2016.0,0.0,868301.0,-1.7380830000000003,-1.306938,NGA,PRT,6415
1191574,160,179,1027,2016.0,0.0,86947.0,-0.954131,-0.9000389999999999,NIC,PRT,6415
1191575,162,179,1027,2016.0,5612416.0,38541544.0,1.132192,1.412512,NLD,PRT,6415
1191576,163,179,1027,2016.0,144186.0,2692760.0,0.664183,0.206877,NOR,PRT,6415
1191577,166,179,1027,2016.0,0.0,114463.0,0.093306,0.194895,NZL,PRT,6415
1191578,167,179,1027,2016.0,0.0,268968.0,-0.594724,-1.019133,OMN,PRT,6415
1191579,168,179,1027,2016.0,0.0,983419.0,-0.7806810000000001,0.420241,PAK,PRT,6415
1191580,169,179,1027,2016.0,0.0,1407163.0,0.731258,0.649917,PAN,PRT,6415
1191581,173,179,1027,2016.0,0.0,8788619.0,-0.818178,-0.0791,PER,PRT,6415
1191582,174,179,1027,2016.0,0.0,5754.0,0.958651,0.324888,PHL,PRT,6415
1191583,177,179,1027,2016.0,5517584.0,7725552.0,1.1068959999999999,1.226985,POL,PRT,6415
1191584,180,179,1027,2016.0,0.0,227736.0,-0.665963,-0.967879,PRY,PRT,6415
1191585,181,179,1027,2016.0,0.0,18547.0,0.09150900000000001,0.693397,PSE,PRT,6415
1191586,182,179,1027,2016.0,0.0,315892.0,0.022294,-0.676078,PYF,PRT,6415
1191587,183,179,1027,2016.0,0.0,235791.0,-0.52984,-1.106589,QAT,PRT,6415
1191588,185,179,1027,2016.0,5303.0,1408410.0,1.176177,1.093489,ROU,PRT,6415
1191589,186,179,1027,2016.0,576824.0,2067550.0,0.086009,0.300039,RUS,PRT,6415
1191590,188,179,1027,2016.0,0.0,3232130.0,0.00286,-0.764602,SAU,PRT,6415
1191591,190,179,1027,2016.0,0.0,2720407.0,-1.276278,-1.183311,SDN,PRT,6415
1191592,191,179,1027,2016.0,0.0,761801.0,-0.648644,-0.39857800000000004,SEN,PRT,6415
1191593,192,179,1027,2016.0,0.0,14542.0,2.0149340000000002,0.613009,SGP,PRT,6415
1191594,196,179,1027,2016.0,0.0,17290.0,-0.25550500000000004,-0.44618800000000003,SLE,PRT,6415
1191595,197,179,1027,2016.0,0.0,103733.0,0.075546,0.317046,SLV,PRT,6415
1191596,198,179,1027,2016.0,0.0,82373.0,1.0774059999999999,0.771039,SMR,PRT,6415
1191597,201,179,1027,2016.0,0.0,431766.0,0.608136,1.38132,SRB,PRT,6415
1191598,203,179,1027,2016.0,0.0,86821.0,0.150563,-0.7076319999999999,STP,PRT,6415
1191599,205,179,1027,2016.0,0.0,9711.0,-0.41257200000000005,-1.0434780000000001,SUR,PRT,6415
1191600,206,179,1027,2016.0,0.0,1732174.0,1.446588,0.811076,SVK,PRT,6415
1191601,207,179,1027,2016.0,0.0,1058998.0,1.7056200000000001,0.630058,SVN,PRT,6415
1191602,208,179,1027,2016.0,4724532.0,2743601.0,1.731295,0.679562,SWE,PRT,6415
1191603,210,179,1027,2016.0,0.0,93042.0,1.155067,-0.9405870000000001,SXM,PRT,6415
1191604,211,179,1027,2016.0,0.0,13554.0,0.321549,-0.610316,SYC,PRT,6415
1191605,212,179,1027,2016.0,0.0,4449923.0,-0.78566,-0.006305,SYR,PRT,6415
1191606,214,179,1027,2016.0,0.0,76797.0,-2.434175,-1.113183,TCD,PRT,6415
1191607,215,179,1027,2016.0,0.0,275858.0,-0.777506,-0.652105,TGO,PRT,6415
1191608,216,179,1027,2016.0,0.0,264472.0,1.3075860000000001,1.151426,THA,PRT,6415
1191609,219,179,1027,2016.0,0.0,42865.0,-1.017361,-1.22005,TKM,PRT,6415
1191610,222,179,1027,2016.0,0.0,440233.0,-0.184575,-0.9999889999999999,TTO,PRT,6415
1191611,223,179,1027,2016.0,0.0,8477113.0,0.27537399999999995,0.9474239999999999,TUN,PRT,6415
1191612,224,179,1027,2016.0,10586867.0,87120744.0,0.460247,2.3790400000000003,TUR,PRT,6415
1191613,226,179,1027,2016.0,0.0,344700.0,-1.01426,0.304263,TZA,PRT,6415
1191614,227,179,1027,2016.0,0.0,391623.0,-0.476836,0.641138,UGA,PRT,6415
1191615,228,179,1027,2016.0,0.0,104419.0,0.240605,0.827153,UKR,PRT,6415
1191616,230,179,1027,2016.0,0.0,251803.0,0.040088,-0.27858499999999997,URY,PRT,6415
1191617,231,179,1027,2016.0,108927.0,121999896.0,1.6991900000000002,-0.146044,USA,PRT,6415
1191618,243,179,1027,2016.0,0.0,55371.0,-0.99136,-1.1587049999999999,YEM,PRT,6415
1191619,246,179,1027,2016.0,0.0,702155.0,-0.029618000000000002,1.426834,ZAF,PRT,6415
1191620,248,179,1027,2016.0,0.0,1301.0,-0.960175,-1.004593,ZWE,PRT,6415
1191621,249,179,1027,2016.0,0.0,9995.0,2.028455,1.271167,TWN,PRT,6415
1191622,8,180,1027,2016.0,2001302.0,11774364.0,-0.334847,0.24145100000000003,ARG,PRY,6415
1191623,14,180,1027,2016.0,10768.0,0.0,-0.585613,-0.245365,AUS,PRY,6415
1191624,15,180,1027,2016.0,514108.0,0.0,1.743944,-0.051155,AUT,PRY,6415
1191625,18,180,1027,2016.0,55309.0,0.0,1.2947110000000002,1.113058,BEL,PRY,6415
1191626,32,180,1027,2016.0,21459984.0,5258438.0,0.284988,1.031028,BRA,PRY,6415
1191627,39,180,1027,2016.0,291946.0,0.0,0.541041,1.328065,CAN,PRY,6415
1191628,42,180,1027,2016.0,159312.0,1514975.0,-0.162923,-0.20607199999999998,CHL,PRY,6415
1191629,43,180,1027,2016.0,821375.0,0.0,1.249079,1.151045,CHN,PRY,6415
1191630,49,180,1027,2016.0,50459.0,0.0,-0.040341,-0.20957699999999999,COL,PRY,6415
1191631,61,180,1027,2016.0,275513.0,0.0,2.307429,-2.341644,DEU,PRY,6415
1191632,71,180,1027,2016.0,2543498.0,0.0,0.795006,2.203292,ESP,PRY,6415
1191633,74,180,1027,2016.0,391174.0,0.0,1.621764,1.026393,FIN,PRY,6415
1191634,77,180,1027,2016.0,38985.0,0.0,1.490723,0.8471559999999999,FRA,PRY,6415
1191635,81,180,1027,2016.0,55004.0,0.0,1.569616,1.048129,GBR,PRY,6415
1191636,97,180,1027,2016.0,43966.0,0.0,0.877619,1.0765790000000002,HKG,PRY,6415
1191637,103,180,1027,2016.0,97850.0,0.0,-0.013630000000000001,1.744404,IDN,PRY,6415
1191638,104,180,1027,2016.0,19750.0,0.0,0.223813,2.787547,IND,PRY,6415
1191639,111,180,1027,2016.0,138059.0,0.0,1.461526,0.316891,ITA,PRY,6415
1191640,114,180,1027,2016.0,11610.0,0.0,2.550074,-0.479725,JPN,PRY,6415
1191641,153,180,1027,2016.0,6692.0,0.0,1.091156,0.8383370000000001,MYS,PRY,6415
1191642,177,180,1027,2016.0,19375.0,0.0,1.1068959999999999,1.226985,POL,PRY,6415
1191643,179,180,1027,2016.0,227736.0,0.0,0.661961,2.108517,PRT,PRY,6415
1191644,208,180,1027,2016.0,82226.0,0.0,1.731295,0.679562,SWE,PRY,6415
1191645,224,180,1027,2016.0,39103.0,0.0,0.460247,2.3790400000000003,TUR,PRY,6415
1191646,230,180,1027,2016.0,903604.0,48330.0,0.040088,-0.27858499999999997,URY,PRY,6415
1191647,231,180,1027,2016.0,297052.0,2368.0,1.6991900000000002,-0.146044,USA,PRY,6415
1191648,249,180,1027,2016.0,21206.0,0.0,2.028455,1.271167,TWN,PRY,6415
1191649,7,181,1027,2016.0,29141.0,1013.0,-0.019275,-0.18309,ARE,PSE,6415
1191650,15,181,1027,2016.0,62750.0,0.0,1.743944,-0.051155,AUT,PSE,6415
1191651,43,181,1027,2016.0,15920.0,0.0,1.249079,1.151045,CHN,PSE,6415
1191652,58,181,1027,2016.0,13067.0,0.0,0.229275,-0.09704600000000001,CYP,PSE,6415
1191653,61,181,1027,2016.0,381238.0,0.0,2.307429,-2.341644,DEU,PSE,6415
1191654,68,181,1027,2016.0,117502.0,0.0,-0.202127,1.9342419999999998,EGY,PSE,6415
1191655,71,181,1027,2016.0,40643.0,0.0,0.795006,2.203292,ESP,PSE,6415
1191656,74,181,1027,2016.0,298445.0,0.0,1.621764,1.026393,FIN,PSE,6415
1191657,77,181,1027,2016.0,44314.0,0.0,1.490723,0.8471559999999999,FRA,PSE,6415
1191658,81,181,1027,2016.0,13338.0,0.0,1.569616,1.048129,GBR,PSE,6415
1191659,103,181,1027,2016.0,140927.0,0.0,-0.013630000000000001,1.744404,IDN,PSE,6415
1191660,104,181,1027,2016.0,1461848.0,0.0,0.223813,2.787547,IND,PSE,6415
1191661,110,181,1027,2016.0,17855758.0,392330.0,0.9932219999999999,0.7518819999999999,ISR,PSE,6415
1191662,111,181,1027,2016.0,43607.0,0.0,1.461526,0.316891,ITA,PSE,6415
1191663,113,181,1027,2016.0,14019.0,68915.0,0.100333,0.020786000000000002,JOR,PSE,6415
1191664,121,181,1027,2016.0,6676.0,0.0,2.1686389999999998,0.798808,KOR,PSE,6415
1191665,162,181,1027,2016.0,9835.0,0.0,1.132192,1.412512,NLD,PSE,6415
1191666,179,181,1027,2016.0,18547.0,0.0,0.661961,2.108517,PRT,PSE,6415
1191667,188,181,1027,2016.0,6734.0,0.0,0.00286,-0.764602,SAU,PSE,6415
1191668,207,181,1027,2016.0,3594.0,0.0,1.7056200000000001,0.630058,SVN,PSE,6415
1191669,208,181,1027,2016.0,8260.0,0.0,1.731295,0.679562,SWE,PSE,6415
1191670,224,181,1027,2016.0,188716.0,0.0,0.460247,2.3790400000000003,TUR,PSE,6415
1191671,231,181,1027,2016.0,1136.0,0.0,1.6991900000000002,-0.146044,USA,PSE,6415
1191672,1,186,1027,2016.0,0.0,50897.0,-1.44133,-0.9938950000000001,AFG,RUS,6415
1191673,7,186,1027,2016.0,29191.0,2215618.0,-0.019275,-0.18309,ARE,RUS,6415
1191674,8,186,1027,2016.0,0.0,432426.0,-0.334847,0.24145100000000003,ARG,RUS,6415
1191675,9,186,1027,2016.0,0.0,3333994.0,-0.252904,-0.614643,ARM,RUS,6415
1191676,14,186,1027,2016.0,0.0,194141.0,-0.585613,-0.245365,AUS,RUS,6415
1191677,15,186,1027,2016.0,20111034.0,53619.0,1.743944,-0.051155,AUT,RUS,6415
1191678,16,186,1027,2016.0,320004.0,12440293.0,-1.111874,-1.2526059999999999,AZE,RUS,6415
1191679,18,186,1027,2016.0,135053.0,23528714.0,1.2947110000000002,1.113058,BEL,RUS,6415
1191680,22,186,1027,2016.0,0.0,58341.0,-1.0177260000000001,-1.1010799999999998,BGD,RUS,6415
1191681,23,186,1027,2016.0,4510800.0,673481.0,0.509062,1.804648,BGR,RUS,6415
1191682,24,186,1027,2016.0,0.0,263284.0,0.23993299999999998,-0.5320199999999999,BHR,RUS,6415
1191683,28,186,1027,2016.0,16728265.0,44456460.0,0.879499,0.897567,BLR,RUS,6415
1191684,31,186,1027,2016.0,0.0,32730.0,-1.009709,-0.986669,BOL,RUS,6415
1191685,32,186,1027,2016.0,100848.0,2786.0,0.284988,1.031028,BRA,RUS,6415
1191686,39,186,1027,2016.0,38800.0,7432.0,0.541041,1.328065,CAN,RUS,6415
1191687,41,186,1027,2016.0,244962.0,15404.0,2.328616,0.832224,CHE,RUS,6415
1191688,42,186,1027,2016.0,0.0,2229256.0,-0.162923,-0.20607199999999998,CHL,RUS,6415
1191689,43,186,1027,2016.0,3974392.0,1959674.0,1.249079,1.151045,CHN,RUS,6415
1191690,44,186,1027,2016.0,0.0,1155257.0,-0.977045,-0.8633299999999999,CIV,RUS,6415
1191691,45,186,1027,2016.0,0.0,339090.0,-1.1342969999999999,-1.101724,CMR,RUS,6415
1191692,46,186,1027,2016.0,0.0,5085.0,-1.093544,-1.126599,COD,RUS,6415
1191693,47,186,1027,2016.0,0.0,165931.0,-0.562294,-0.9770030000000001,COG,RUS,6415
1191694,52,186,1027,2016.0,0.0,16352.0,0.28594400000000003,0.131024,CRI,RUS,6415
1191695,54,186,1027,2016.0,0.0,39584.0,-0.6960850000000001,-1.166981,CUB,RUS,6415
1191696,58,186,1027,2016.0,0.0,317893.0,0.229275,-0.09704600000000001,CYP,RUS,6415
1191697,59,186,1027,2016.0,5839594.0,316715.0,1.818585,0.341356,CZE,RUS,6415
1191698,61,186,1027,2016.0,41715704.0,5683258.0,2.307429,-2.341644,DEU,RUS,6415
1191699,64,186,1027,2016.0,179349.0,0.0,1.0572629999999998,1.4157540000000002,DNK,RUS,6415
1191700,65,186,1027,2016.0,0.0,65005.0,-0.26926500000000003,0.046345,DOM,RUS,6415
1191701,66,186,1027,2016.0,0.0,26950.0,-1.243568,-1.232077,DZA,RUS,6415
1191702,67,186,1027,2016.0,0.0,5415334.0,-1.032726,-1.034297,ECU,RUS,6415
1191703,68,186,1027,2016.0,0.0,5773842.0,-0.202127,1.9342419999999998,EGY,RUS,6415
1191704,71,186,1027,2016.0,6713262.0,2560230.0,0.795006,2.203292,ESP,RUS,6415
1191705,72,186,1027,2016.0,75607.0,125678.0,0.958292,1.190173,EST,RUS,6415
1191706,73,186,1027,2016.0,0.0,485467.0,-1.163689,-0.885724,ETH,RUS,6415
1191707,74,186,1027,2016.0,29543828.0,1837858.0,1.621764,1.026393,FIN,RUS,6415
1191708,77,186,1027,2016.0,5402262.0,668588.0,1.490723,0.8471559999999999,FRA,RUS,6415
1191709,80,186,1027,2016.0,0.0,30053.0,-1.257455,-1.226416,GAB,RUS,6415
1191710,81,186,1027,2016.0,18023088.0,27607492.0,1.569616,1.048129,GBR,RUS,6415
1191711,82,186,1027,2016.0,121819.0,666461.0,-0.269579,-0.317608,GEO,RUS,6415
1191712,83,186,1027,2016.0,0.0,712370.0,-0.9026200000000001,-0.877508,GHA,RUS,6415
1191713,85,186,1027,2016.0,0.0,62686.0,-1.461226,-1.196035,GIN,RUS,6415
1191714,90,186,1027,2016.0,0.0,2680874.0,0.053899,1.1259709999999998,GRC,RUS,6415
1191715,93,186,1027,2016.0,0.0,92263.0,-0.397073,0.5736680000000001,GTM,RUS,6415
1191716,97,186,1027,2016.0,38726.0,188545.0,0.877619,1.0765790000000002,HKG,RUS,6415
1191717,99,186,1027,2016.0,0.0,19002.0,-0.506029,-0.30843899999999996,HND,RUS,6415
1191718,102,186,1027,2016.0,652502.0,133992.0,1.7056069999999999,0.788768,HUN,RUS,6415
1191719,103,186,1027,2016.0,2617262.0,9967329.0,-0.013630000000000001,1.744404,IDN,RUS,6415
1191720,104,186,1027,2016.0,188135.0,8979378.0,0.223813,2.787547,IND,RUS,6415
1191721,106,186,1027,2016.0,2719.0,230048.0,1.320777,0.057924,IRL,RUS,6415
1191722,107,186,1027,2016.0,0.0,5349169.0,-0.408637,-0.340544,IRN,RUS,6415
1191723,108,186,1027,2016.0,0.0,851397.0,-1.7382849999999999,-1.037508,IRQ,RUS,6415
1191724,110,186,1027,2016.0,1021.0,4505870.0,0.9932219999999999,0.7518819999999999,ISR,RUS,6415
1191725,111,186,1027,2016.0,6141361.0,19988748.0,1.461526,0.316891,ITA,RUS,6415
1191726,113,186,1027,2016.0,0.0,422284.0,0.100333,0.020786000000000002,JOR,RUS,6415
1191727,114,186,1027,2016.0,383051.0,241204.0,2.550074,-0.479725,JPN,RUS,6415
1191728,115,186,1027,2016.0,353333.0,65757980.0,-0.467305,-0.475451,KAZ,RUS,6415
1191729,116,186,1027,2016.0,0.0,253025.0,-0.483554,0.25645,KEN,RUS,6415
1191730,117,186,1027,2016.0,0.0,7025487.0,0.20501100000000003,0.657593,KGZ,RUS,6415
1191731,118,186,1027,2016.0,0.0,55506.0,-0.70365,-0.843824,KHM,RUS,6415
1191732,121,186,1027,2016.0,1099856.0,1411798.0,2.1686389999999998,0.798808,KOR,RUS,6415
1191733,122,186,1027,2016.0,0.0,575160.0,-0.401,-1.102991,KWT,RUS,6415
1191734,124,186,1027,2016.0,0.0,2664783.0,0.385417,1.139648,LBN,RUS,6415
1191735,130,186,1027,2016.0,1289563.0,5246332.0,0.6319130000000001,1.538765,LTU,RUS,6415
1191736,132,186,1027,2016.0,166144.0,1215936.0,0.46748199999999995,1.228024,LVA,RUS,6415
1191737,134,186,1027,2016.0,0.0,44996.0,-0.648329,-0.14071,MAR,RUS,6415
1191738,135,186,1027,2016.0,0.0,4244240.0,-0.24173200000000003,0.010985,MDA,RUS,6415
1191739,136,186,1027,2016.0,0.0,132742.0,-0.979632,-0.63626,MDG,RUS,6415
1191740,138,186,1027,2016.0,0.0,163087.0,1.393506,0.64152,MEX,RUS,6415
1191741,142,186,1027,2016.0,0.0,377453.0,0.981182,-0.029401999999999998,MLT,RUS,6415
1191742,143,186,1027,2016.0,0.0,34365.0,-1.0789600000000001,-0.6471180000000001,MMR,RUS,6415
1191743,144,186,1027,2016.0,0.0,68338.0,0.002245,-0.10263599999999999,MNE,RUS,6415
1191744,145,186,1027,2016.0,0.0,4083.0,-0.9833780000000001,-1.062642,MNG,RUS,6415
1191745,147,186,1027,2016.0,0.0,46392.0,-1.207606,-1.0223879999999999,MOZ,RUS,6415
1191746,153,186,1027,2016.0,106417.0,38251.0,1.091156,0.8383370000000001,MYS,RUS,6415
1191747,155,186,1027,2016.0,0.0,11277.0,-0.506252,-0.8029350000000001,NAM,RUS,6415
1191748,159,186,1027,2016.0,0.0,1978281.0,-1.7380830000000003,-1.306938,NGA,RUS,6415
1191749,162,186,1027,2016.0,1413796.0,56840.0,1.132192,1.412512,NLD,RUS,6415
1191750,163,186,1027,2016.0,144474.0,0.0,0.664183,0.206877,NOR,RUS,6415
1191751,166,186,1027,2016.0,0.0,173020.0,0.093306,0.194895,NZL,RUS,6415
1191752,167,186,1027,2016.0,0.0,432307.0,-0.594724,-1.019133,OMN,RUS,6415
1191753,168,186,1027,2016.0,0.0,166728.0,-0.7806810000000001,0.420241,PAK,RUS,6415
1191754,173,186,1027,2016.0,0.0,1419605.0,-0.818178,-0.0791,PER,RUS,6415
1191755,174,186,1027,2016.0,0.0,11227036.0,0.958651,0.324888,PHL,RUS,6415
1191756,177,186,1027,2016.0,26445672.0,3408060.0,1.1068959999999999,1.226985,POL,RUS,6415
1191757,178,186,1027,2016.0,0.0,2793.0,-0.508035,-0.157664,PRK,RUS,6415
1191758,179,186,1027,2016.0,2067550.0,576824.0,0.661961,2.108517,PRT,RUS,6415
1191759,183,186,1027,2016.0,0.0,8596.0,-0.52984,-1.106589,QAT,RUS,6415
1191760,185,186,1027,2016.0,32776.0,10089616.0,1.176177,1.093489,ROU,RUS,6415
1191761,188,186,1027,2016.0,0.0,2765656.0,0.00286,-0.764602,SAU,RUS,6415
1191762,190,186,1027,2016.0,0.0,121225.0,-1.276278,-1.183311,SDN,RUS,6415
1191763,191,186,1027,2016.0,0.0,177292.0,-0.648644,-0.39857800000000004,SEN,RUS,6415
1191764,192,186,1027,2016.0,138529.0,2443.0,2.0149340000000002,0.613009,SGP,RUS,6415
1191765,197,186,1027,2016.0,0.0,69166.0,0.075546,0.317046,SLV,RUS,6415
1191766,201,186,1027,2016.0,16680.0,2033523.0,0.608136,1.38132,SRB,RUS,6415
1191767,206,186,1027,2016.0,217362.0,59080.0,1.446588,0.811076,SVK,RUS,6415
1191768,207,186,1027,2016.0,114837.0,3698.0,1.7056200000000001,0.630058,SVN,RUS,6415
1191769,208,186,1027,2016.0,2387280.0,23932.0,1.731295,0.679562,SWE,RUS,6415
1191770,211,186,1027,2016.0,0.0,16780.0,0.321549,-0.610316,SYC,RUS,6415
1191771,212,186,1027,2016.0,0.0,174677.0,-0.78566,-0.006305,SYR,RUS,6415
1191772,216,186,1027,2016.0,1050058.0,34748.0,1.3075860000000001,1.151426,THA,RUS,6415
1191773,217,186,1027,2016.0,0.0,4441889.0,-0.998353,-1.129616,TJK,RUS,6415
1191774,219,186,1027,2016.0,0.0,485998.0,-1.017361,-1.22005,TKM,RUS,6415
1191775,223,186,1027,2016.0,0.0,628010.0,0.27537399999999995,0.9474239999999999,TUN,RUS,6415
1191776,224,186,1027,2016.0,54134.0,52952668.0,0.460247,2.3790400000000003,TUR,RUS,6415
1191777,226,186,1027,2016.0,0.0,79055.0,-1.01426,0.304263,TZA,RUS,6415
1191778,227,186,1027,2016.0,0.0,197568.0,-0.476836,0.641138,UGA,RUS,6415
1191779,228,186,1027,2016.0,20964960.0,46962400.0,0.240605,0.827153,UKR,RUS,6415
1191780,230,186,1027,2016.0,0.0,58077.0,0.040088,-0.27858499999999997,URY,RUS,6415
1191781,231,186,1027,2016.0,979185.0,66524.0,1.6991900000000002,-0.146044,USA,RUS,6415
1191782,232,186,1027,2016.0,0.0,36204228.0,-0.672362,-0.574391,UZB,RUS,6415
1191783,239,186,1027,2016.0,0.0,1990036.0,0.048214,0.6998810000000001,VNM,RUS,6415
1191784,246,186,1027,2016.0,0.0,557046.0,-0.029618000000000002,1.426834,ZAF,RUS,6415
1191785,249,186,1027,2016.0,28422.0,1738371.0,2.028455,1.271167,TWN,RUS,6415
1191786,250,186,1027,2016.0,1218.0,144948.0,0.608271,-0.007568000000000001,ANS,RUS,6415
1191787,1,188,1027,2016.0,0.0,293271.0,-1.44133,-0.9938950000000001,AFG,SAU,6415
1191788,2,188,1027,2016.0,0.0,380084.0,-0.986722,-1.1941979999999999,AGO,SAU,6415
1191789,7,188,1027,2016.0,9126881.0,5877788.0,-0.019275,-0.18309,ARE,SAU,6415
1191790,14,188,1027,2016.0,99305.0,0.0,-0.585613,-0.245365,AUS,SAU,6415
1191791,15,188,1027,2016.0,154634.0,0.0,1.743944,-0.051155,AUT,SAU,6415
1191792,18,188,1027,2016.0,2497093.0,0.0,1.2947110000000002,1.113058,BEL,SAU,6415
1191793,22,188,1027,2016.0,0.0,577936.0,-1.0177260000000001,-1.1010799999999998,BGD,SAU,6415
1191794,24,188,1027,2016.0,82021.0,1468630.0,0.23993299999999998,-0.5320199999999999,BHR,SAU,6415
1191795,32,188,1027,2016.0,5411294.0,0.0,0.284988,1.031028,BRA,SAU,6415
1191796,39,188,1027,2016.0,1465800.0,0.0,0.541041,1.328065,CAN,SAU,6415
1191797,41,188,1027,2016.0,1904.0,0.0,2.328616,0.832224,CHE,SAU,6415
1191798,43,188,1027,2016.0,26735464.0,507036.0,1.249079,1.151045,CHN,SAU,6415
1191799,44,188,1027,2016.0,0.0,192893.0,-0.977045,-0.8633299999999999,CIV,SAU,6415
1191800,45,188,1027,2016.0,0.0,68933.0,-1.1342969999999999,-1.101724,CMR,SAU,6415
1191801,50,188,1027,2016.0,0.0,2065.0,-0.895766,-0.9886799999999999,COM,SAU,6415
1191802,58,188,1027,2016.0,0.0,704426.0,0.229275,-0.09704600000000001,CYP,SAU,6415
1191803,59,188,1027,2016.0,439152.0,0.0,1.818585,0.341356,CZE,SAU,6415
1191804,61,188,1027,2016.0,19898196.0,0.0,2.307429,-2.341644,DEU,SAU,6415
1191805,62,188,1027,2016.0,0.0,146951.0,-0.267615,-0.787596,DJI,SAU,6415
1191806,66,188,1027,2016.0,0.0,6651286.0,-1.243568,-1.232077,DZA,SAU,6415
1191807,68,188,1027,2016.0,18575322.0,3971383.0,-0.202127,1.9342419999999998,EGY,SAU,6415
1191808,71,188,1027,2016.0,65577056.0,145503.0,0.795006,2.203292,ESP,SAU,6415
1191809,73,188,1027,2016.0,0.0,4782513.0,-1.163689,-0.885724,ETH,SAU,6415
1191810,74,188,1027,2016.0,8061478.0,0.0,1.621764,1.026393,FIN,SAU,6415
1191811,77,188,1027,2016.0,1130412.0,46147.0,1.490723,0.8471559999999999,FRA,SAU,6415
1191812,81,188,1027,2016.0,6727271.0,2387320.0,1.569616,1.048129,GBR,SAU,6415
1191813,83,188,1027,2016.0,0.0,83941.0,-0.9026200000000001,-0.877508,GHA,SAU,6415
1191814,90,188,1027,2016.0,90040.0,28518.0,0.053899,1.1259709999999998,GRC,SAU,6415
1191815,102,188,1027,2016.0,174016.0,0.0,1.7056069999999999,0.788768,HUN,SAU,6415
1191816,103,188,1027,2016.0,41706584.0,0.0,-0.013630000000000001,1.744404,IDN,SAU,6415
1191817,104,188,1027,2016.0,6993768.0,1166824.0,0.223813,2.787547,IND,SAU,6415
1191818,108,188,1027,2016.0,0.0,955048.0,-1.7382849999999999,-1.037508,IRQ,SAU,6415
1191819,111,188,1027,2016.0,8468385.0,351006.0,1.461526,0.316891,ITA,SAU,6415
1191820,112,188,1027,2016.0,0.0,35751.0,-0.25619400000000003,-0.62326,JAM,SAU,6415
1191821,113,188,1027,2016.0,327767.0,12068510.0,0.100333,0.020786000000000002,JOR,SAU,6415
1191822,114,188,1027,2016.0,649478.0,0.0,2.550074,-0.479725,JPN,SAU,6415
1191823,116,188,1027,2016.0,0.0,6742358.0,-0.483554,0.25645,KEN,SAU,6415
1191824,121,188,1027,2016.0,3779982.0,0.0,2.1686389999999998,0.798808,KOR,SAU,6415
1191825,122,188,1027,2016.0,10062685.0,6894128.0,-0.401,-1.102991,KWT,SAU,6415
1191826,124,188,1027,2016.0,452477.0,178306.0,0.385417,1.139648,LBN,SAU,6415
1191827,126,188,1027,2016.0,0.0,161347.0,-1.120678,-1.222803,LBY,SAU,6415
1191828,128,188,1027,2016.0,0.0,6283567.0,-0.540154,0.22580100000000003,LKA,SAU,6415
1191829,134,188,1027,2016.0,0.0,1089840.0,-0.648329,-0.14071,MAR,SAU,6415
1191830,136,188,1027,2016.0,0.0,16003.0,-0.979632,-0.63626,MDG,SAU,6415
1191831,138,188,1027,2016.0,37843.0,0.0,1.393506,0.64152,MEX,SAU,6415
1191832,142,188,1027,2016.0,0.0,3645.0,0.981182,-0.029401999999999998,MLT,SAU,6415
1191833,148,188,1027,2016.0,0.0,14014.0,-1.5601770000000001,-1.3474899999999999,MRT,SAU,6415
1191834,152,188,1027,2016.0,0.0,8480.0,-0.969781,-1.042325,MWI,SAU,6415
1191835,153,188,1027,2016.0,109946.0,0.0,1.091156,0.8383370000000001,MYS,SAU,6415
1191836,159,188,1027,2016.0,0.0,9370268.0,-1.7380830000000003,-1.306938,NGA,SAU,6415
1191837,162,188,1027,2016.0,890464.0,0.0,1.132192,1.412512,NLD,SAU,6415
1191838,163,188,1027,2016.0,10674.0,0.0,0.664183,0.206877,NOR,SAU,6415
1191839,167,188,1027,2016.0,0.0,641759.0,-0.594724,-1.019133,OMN,SAU,6415
1191840,168,188,1027,2016.0,0.0,1246897.0,-0.7806810000000001,0.420241,PAK,SAU,6415
1191841,173,188,1027,2016.0,0.0,1332414.0,-0.818178,-0.0791,PER,SAU,6415
1191842,177,188,1027,2016.0,4120351.0,0.0,1.1068959999999999,1.226985,POL,SAU,6415
1191843,179,188,1027,2016.0,3232130.0,0.0,0.661961,2.108517,PRT,SAU,6415
1191844,181,188,1027,2016.0,0.0,6734.0,0.09150900000000001,0.693397,PSE,SAU,6415
1191845,183,188,1027,2016.0,14759.0,852035.0,-0.52984,-1.106589,QAT,SAU,6415
1191846,186,188,1027,2016.0,2765656.0,0.0,0.086009,0.300039,RUS,SAU,6415
1191847,190,188,1027,2016.0,0.0,4531150.0,-1.276278,-1.183311,SDN,SAU,6415
1191848,191,188,1027,2016.0,0.0,5402.0,-0.648644,-0.39857800000000004,SEN,SAU,6415
1191849,192,188,1027,2016.0,3527252.0,0.0,2.0149340000000002,0.613009,SGP,SAU,6415
1191850,197,188,1027,2016.0,0.0,8465.0,0.075546,0.317046,SLV,SAU,6415
1191851,206,188,1027,2016.0,298707.0,0.0,1.446588,0.811076,SVK,SAU,6415
1191852,207,188,1027,2016.0,390955.0,0.0,1.7056200000000001,0.630058,SVN,SAU,6415
1191853,208,188,1027,2016.0,3043912.0,0.0,1.731295,0.679562,SWE,SAU,6415
1191854,212,188,1027,2016.0,0.0,227760.0,-0.78566,-0.006305,SYR,SAU,6415
1191855,216,188,1027,2016.0,3159673.0,0.0,1.3075860000000001,1.151426,THA,SAU,6415
1191856,223,188,1027,2016.0,0.0,503996.0,0.27537399999999995,0.9474239999999999,TUN,SAU,6415
1191857,224,188,1027,2016.0,696976.0,825488.0,0.460247,2.3790400000000003,TUR,SAU,6415
1191858,226,188,1027,2016.0,0.0,396279.0,-1.01426,0.304263,TZA,SAU,6415
1191859,227,188,1027,2016.0,0.0,2061136.0,-0.476836,0.641138,UGA,SAU,6415
1191860,228,188,1027,2016.0,4257191.0,0.0,0.240605,0.827153,UKR,SAU,6415
1191861,231,188,1027,2016.0,21993308.0,7440.0,1.6991900000000002,-0.146044,USA,SAU,6415
1191862,239,188,1027,2016.0,122314.0,0.0,0.048214,0.6998810000000001,VNM,SAU,6415
1191863,243,188,1027,2016.0,0.0,7420088.0,-0.99136,-1.1587049999999999,YEM,SAU,6415
1191864,246,188,1027,2016.0,105412.0,69321.0,-0.029618000000000002,1.426834,ZAF,SAU,6415
1191865,249,188,1027,2016.0,28732.0,0.0,2.028455,1.271167,TWN,SAU,6415
1191866,0,190,1027,2016.0,41045.0,0.0,0.7897,0.359562,ABW,SDN,6415
1191867,7,190,1027,2016.0,147502.0,52820.0,-0.019275,-0.18309,ARE,SDN,6415
1191868,14,190,1027,2016.0,55215.0,0.0,-0.585613,-0.245365,AUS,SDN,6415
1191869,15,190,1027,2016.0,68700.0,0.0,1.743944,-0.051155,AUT,SDN,6415
1191870,18,190,1027,2016.0,541461.0,0.0,1.2947110000000002,1.113058,BEL,SDN,6415
1191871,32,190,1027,2016.0,446039.0,0.0,0.284988,1.031028,BRA,SDN,6415
1191872,38,190,1027,2016.0,2046.0,0.0,-0.569303,-0.77994,CAF,SDN,6415
1191873,41,190,1027,2016.0,2451.0,0.0,2.328616,0.832224,CHE,SDN,6415
1191874,43,190,1027,2016.0,869676.0,0.0,1.249079,1.151045,CHN,SDN,6415
1191875,61,190,1027,2016.0,449149.0,0.0,2.307429,-2.341644,DEU,SDN,6415
1191876,67,190,1027,2016.0,10709.0,0.0,-1.032726,-1.034297,ECU,SDN,6415
1191877,68,190,1027,2016.0,950263.0,2400.0,-0.202127,1.9342419999999998,EGY,SDN,6415
1191878,71,190,1027,2016.0,2173302.0,0.0,0.795006,2.203292,ESP,SDN,6415
1191879,73,190,1027,2016.0,0.0,8001.0,-1.163689,-0.885724,ETH,SDN,6415
1191880,74,190,1027,2016.0,149282.0,0.0,1.621764,1.026393,FIN,SDN,6415
1191881,77,190,1027,2016.0,9468.0,0.0,1.490723,0.8471559999999999,FRA,SDN,6415
1191882,81,190,1027,2016.0,61578.0,0.0,1.569616,1.048129,GBR,SDN,6415
1191883,100,190,1027,2016.0,154227.0,0.0,0.850619,1.39544,HRV,SDN,6415
1191884,103,190,1027,2016.0,4684908.0,0.0,-0.013630000000000001,1.744404,IDN,SDN,6415
1191885,104,190,1027,2016.0,7532908.0,4309.0,0.223813,2.787547,IND,SDN,6415
1191886,111,190,1027,2016.0,123173.0,0.0,1.461526,0.316891,ITA,SDN,6415
1191887,141,190,1027,2016.0,0.0,6400.0,-0.405979,-0.6190869999999999,MLI,SDN,6415
1191888,162,190,1027,2016.0,480945.0,0.0,1.132192,1.412512,NLD,SDN,6415
1191889,163,190,1027,2016.0,78562.0,0.0,0.664183,0.206877,NOR,SDN,6415
1191890,177,190,1027,2016.0,218072.0,0.0,1.1068959999999999,1.226985,POL,SDN,6415
1191891,179,190,1027,2016.0,2720407.0,0.0,0.661961,2.108517,PRT,SDN,6415
1191892,186,190,1027,2016.0,121225.0,0.0,0.086009,0.300039,RUS,SDN,6415
1191893,188,190,1027,2016.0,4531150.0,0.0,0.00286,-0.764602,SAU,SDN,6415
1191894,192,190,1027,2016.0,699514.0,0.0,2.0149340000000002,0.613009,SGP,SDN,6415
1191895,207,190,1027,2016.0,92841.0,0.0,1.7056200000000001,0.630058,SVN,SDN,6415
1191896,208,190,1027,2016.0,345706.0,0.0,1.731295,0.679562,SWE,SDN,6415
1191897,216,190,1027,2016.0,900661.0,0.0,1.3075860000000001,1.151426,THA,SDN,6415
1191898,224,190,1027,2016.0,197290.0,0.0,0.460247,2.3790400000000003,TUR,SDN,6415
1191899,231,190,1027,2016.0,7760.0,0.0,1.6991900000000002,-0.146044,USA,SDN,6415
1191900,7,191,1027,2016.0,42436.0,0.0,-0.019275,-0.18309,ARE,SEN,6415
1191901,15,191,1027,2016.0,14509.0,0.0,1.743944,-0.051155,AUT,SEN,6415
1191902,18,191,1027,2016.0,476038.0,2714.0,1.2947110000000002,1.113058,BEL,SEN,6415
1191903,21,191,1027,2016.0,0.0,2030.0,-0.861491,-0.9462379999999999,BFA,SEN,6415
1191904,32,191,1027,2016.0,383982.0,0.0,0.284988,1.031028,BRA,SEN,6415
1191905,41,191,1027,2016.0,8295.0,12666.0,2.328616,0.832224,CHE,SEN,6415
1191906,43,191,1027,2016.0,580228.0,109725.0,1.249079,1.151045,CHN,SEN,6415
1191907,44,191,1027,2016.0,0.0,89181.0,-0.977045,-0.8633299999999999,CIV,SEN,6415
1191908,45,191,1027,2016.0,0.0,199150.0,-1.1342969999999999,-1.101724,CMR,SEN,6415
1191909,47,191,1027,2016.0,0.0,10885.0,-0.562294,-0.9770030000000001,COG,SEN,6415
1191910,49,191,1027,2016.0,0.0,9077.0,-0.040341,-0.20957699999999999,COL,SEN,6415
1191911,59,191,1027,2016.0,4942.0,0.0,1.818585,0.341356,CZE,SEN,6415
1191912,61,191,1027,2016.0,1545112.0,15273.0,2.307429,-2.341644,DEU,SEN,6415
1191913,64,191,1027,2016.0,8472.0,0.0,1.0572629999999998,1.4157540000000002,DNK,SEN,6415
1191914,68,191,1027,2016.0,71386.0,0.0,-0.202127,1.9342419999999998,EGY,SEN,6415
1191915,71,191,1027,2016.0,454570.0,81992.0,0.795006,2.203292,ESP,SEN,6415
1191916,74,191,1027,2016.0,281410.0,0.0,1.621764,1.026393,FIN,SEN,6415
1191917,77,191,1027,2016.0,685582.0,31074.0,1.490723,0.8471559999999999,FRA,SEN,6415
1191918,81,191,1027,2016.0,538813.0,0.0,1.569616,1.048129,GBR,SEN,6415
1191919,85,191,1027,2016.0,0.0,23330.0,-1.461226,-1.196035,GIN,SEN,6415
1191920,87,191,1027,2016.0,0.0,3615.0,-0.710399,-0.8278629999999999,GMB,SEN,6415
1191921,90,191,1027,2016.0,0.0,20181.0,0.053899,1.1259709999999998,GRC,SEN,6415
1191922,103,191,1027,2016.0,941591.0,0.0,-0.013630000000000001,1.744404,IDN,SEN,6415
1191923,104,191,1027,2016.0,707342.0,0.0,0.223813,2.787547,IND,SEN,6415
1191924,111,191,1027,2016.0,889537.0,187193.0,1.461526,0.316891,ITA,SEN,6415
1191925,121,191,1027,2016.0,0.0,38332.0,2.1686389999999998,0.798808,KOR,SEN,6415
1191926,132,191,1027,2016.0,22794.0,0.0,0.46748199999999995,1.228024,LVA,SEN,6415
1191927,134,191,1027,2016.0,56892.0,0.0,-0.648329,-0.14071,MAR,SEN,6415
1191928,141,191,1027,2016.0,0.0,32455.0,-0.405979,-0.6190869999999999,MLI,SEN,6415
1191929,148,191,1027,2016.0,0.0,75528.0,-1.5601770000000001,-1.3474899999999999,MRT,SEN,6415
1191930,153,191,1027,2016.0,1306.0,0.0,1.091156,0.8383370000000001,MYS,SEN,6415
1191931,162,191,1027,2016.0,281234.0,57679.0,1.132192,1.412512,NLD,SEN,6415
1191932,177,191,1027,2016.0,139625.0,0.0,1.1068959999999999,1.226985,POL,SEN,6415
1191933,179,191,1027,2016.0,761801.0,0.0,0.661961,2.108517,PRT,SEN,6415
1191934,186,191,1027,2016.0,177292.0,0.0,0.086009,0.300039,RUS,SEN,6415
1191935,188,191,1027,2016.0,5402.0,0.0,0.00286,-0.764602,SAU,SEN,6415
1191936,192,191,1027,2016.0,34496.0,0.0,2.0149340000000002,0.613009,SGP,SEN,6415
1191937,208,191,1027,2016.0,744773.0,0.0,1.731295,0.679562,SWE,SEN,6415
1191938,216,191,1027,2016.0,2297990.0,0.0,1.3075860000000001,1.151426,THA,SEN,6415
1191939,223,191,1027,2016.0,1018.0,0.0,0.27537399999999995,0.9474239999999999,TUN,SEN,6415
1191940,224,191,1027,2016.0,154237.0,0.0,0.460247,2.3790400000000003,TUR,SEN,6415
1191941,231,191,1027,2016.0,198658.0,0.0,1.6991900000000002,-0.146044,USA,SEN,6415
1191942,239,191,1027,2016.0,0.0,4322.0,0.048214,0.6998810000000001,VNM,SEN,6415
1191943,246,191,1027,2016.0,1523915.0,0.0,-0.029618000000000002,1.426834,ZAF,SEN,6415
1191944,250,191,1027,2016.0,1068.0,3168.0,0.608271,-0.007568000000000001,ANS,SEN,6415
1191945,2,192,1027,2016.0,0.0,59288.0,-0.986722,-1.1941979999999999,AGO,SGP,6415
1191946,4,192,1027,2016.0,0.0,40447.0,-0.5783550000000001,-0.085516,ALB,SGP,6415
1191947,7,192,1027,2016.0,253194.0,2609371.0,-0.019275,-0.18309,ARE,SGP,6415
1191948,10,192,1027,2016.0,0.0,60762.0,0.331737,-0.35043,ASM,SGP,6415
1191949,14,192,1027,2016.0,10489258.0,1682521.0,-0.585613,-0.245365,AUS,SGP,6415
1191950,15,192,1027,2016.0,92245.0,0.0,1.743944,-0.051155,AUT,SGP,6415
1191951,18,192,1027,2016.0,38674.0,8179816.0,1.2947110000000002,1.113058,BEL,SGP,6415
1191952,19,192,1027,2016.0,0.0,220290.0,-0.863777,-0.913193,BEN,SGP,6415
1191953,21,192,1027,2016.0,0.0,35350.0,-0.861491,-0.9462379999999999,BFA,SGP,6415
1191954,22,192,1027,2016.0,0.0,4099375.0,-1.0177260000000001,-1.1010799999999998,BGD,SGP,6415
1191955,23,192,1027,2016.0,0.0,50167.0,0.509062,1.804648,BGR,SGP,6415
1191956,24,192,1027,2016.0,8445.0,971275.0,0.23993299999999998,-0.5320199999999999,BHR,SGP,6415
1191957,31,192,1027,2016.0,0.0,14419.0,-1.009709,-0.986669,BOL,SGP,6415
1191958,32,192,1027,2016.0,1411004.0,0.0,0.284988,1.031028,BRA,SGP,6415
1191959,34,192,1027,2016.0,1595.0,796249.0,-1.082406,-0.9169309999999999,BRN,SGP,6415
1191960,39,192,1027,2016.0,236597.0,865929.0,0.541041,1.328065,CAN,SGP,6415
1191961,41,192,1027,2016.0,394480.0,0.0,2.328616,0.832224,CHE,SGP,6415
1191962,43,192,1027,2016.0,120071304.0,21788292.0,1.249079,1.151045,CHN,SGP,6415
1191963,44,192,1027,2016.0,0.0,676162.0,-0.977045,-0.8633299999999999,CIV,SGP,6415
1191964,45,192,1027,2016.0,9341.0,794151.0,-1.1342969999999999,-1.101724,CMR,SGP,6415
1191965,46,192,1027,2016.0,0.0,183744.0,-1.093544,-1.126599,COD,SGP,6415
1191966,47,192,1027,2016.0,0.0,29499.0,-0.562294,-0.9770030000000001,COG,SGP,6415
1191967,51,192,1027,2016.0,0.0,8791.0,0.13810899999999998,-0.598819,CPV,SGP,6415
1191968,52,192,1027,2016.0,0.0,214240.0,0.28594400000000003,0.131024,CRI,SGP,6415
1191969,58,192,1027,2016.0,0.0,572437.0,0.229275,-0.09704600000000001,CYP,SGP,6415
1191970,59,192,1027,2016.0,7590.0,1814.0,1.818585,0.341356,CZE,SGP,6415
1191971,61,192,1027,2016.0,6357082.0,56925.0,2.307429,-2.341644,DEU,SGP,6415
1191972,62,192,1027,2016.0,0.0,376100.0,-0.267615,-0.787596,DJI,SGP,6415
1191973,64,192,1027,2016.0,14979.0,0.0,1.0572629999999998,1.4157540000000002,DNK,SGP,6415
1191974,65,192,1027,2016.0,0.0,38798.0,-0.26926500000000003,0.046345,DOM,SGP,6415
1191975,67,192,1027,2016.0,0.0,1585397.0,-1.032726,-1.034297,ECU,SGP,6415
1191976,68,192,1027,2016.0,2140.0,188877.0,-0.202127,1.9342419999999998,EGY,SGP,6415
1191977,71,192,1027,2016.0,3632222.0,0.0,0.795006,2.203292,ESP,SGP,6415
1191978,73,192,1027,2016.0,0.0,154008.0,-1.163689,-0.885724,ETH,SGP,6415
1191979,74,192,1027,2016.0,1053748.0,0.0,1.621764,1.026393,FIN,SGP,6415
1191980,75,192,1027,2016.0,0.0,2702935.0,-0.370598,0.049875,FJI,SGP,6415
1191981,77,192,1027,2016.0,1745954.0,741895.0,1.490723,0.8471559999999999,FRA,SGP,6415
1191982,80,192,1027,2016.0,0.0,69844.0,-1.257455,-1.226416,GAB,SGP,6415
1191983,81,192,1027,2016.0,1765878.0,3979424.0,1.569616,1.048129,GBR,SGP,6415
1191984,82,192,1027,2016.0,0.0,40993.0,-0.269579,-0.317608,GEO,SGP,6415
1191985,83,192,1027,2016.0,0.0,1823777.0,-0.9026200000000001,-0.877508,GHA,SGP,6415
1191986,85,192,1027,2016.0,0.0,72507.0,-1.461226,-1.196035,GIN,SGP,6415
1191987,89,192,1027,2016.0,0.0,36471.0,-2.0350479999999997,-0.983092,GNQ,SGP,6415
1191988,90,192,1027,2016.0,8876.0,111613.0,0.053899,1.1259709999999998,GRC,SGP,6415
1191989,93,192,1027,2016.0,0.0,305032.0,-0.397073,0.5736680000000001,GTM,SGP,6415
1191990,95,192,1027,2016.0,0.0,131773.0,0.709797,0.108846,GUM,SGP,6415
1191991,97,192,1027,2016.0,254454.0,1792028.0,0.877619,1.0765790000000002,HKG,SGP,6415
1191992,103,192,1027,2016.0,85849168.0,6250610.0,-0.013630000000000001,1.744404,IDN,SGP,6415
1191993,104,192,1027,2016.0,460668.0,12853874.0,0.223813,2.787547,IND,SGP,6415
1191994,107,192,1027,2016.0,0.0,8513176.0,-0.408637,-0.340544,IRN,SGP,6415
1191995,108,192,1027,2016.0,0.0,1722361.0,-1.7382849999999999,-1.037508,IRQ,SGP,6415
1191996,110,192,1027,2016.0,192517.0,583324.0,0.9932219999999999,0.7518819999999999,ISR,SGP,6415
1191997,111,192,1027,2016.0,765618.0,43658.0,1.461526,0.316891,ITA,SGP,6415
1191998,113,192,1027,2016.0,0.0,24785.0,0.100333,0.020786000000000002,JOR,SGP,6415
1191999,114,192,1027,2016.0,926361.0,9821656.0,2.550074,-0.479725,JPN,SGP,6415
1192000,116,192,1027,2016.0,0.0,645642.0,-0.483554,0.25645,KEN,SGP,6415
1192001,118,192,1027,2016.0,0.0,22540500.0,-0.70365,-0.843824,KHM,SGP,6415
1192002,119,192,1027,2016.0,0.0,15138.0,-0.410813,-0.859252,KIR,SGP,6415
1192003,121,192,1027,2016.0,1610729.0,15339113.0,2.1686389999999998,0.798808,KOR,SGP,6415
1192004,122,192,1027,2016.0,0.0,1332353.0,-0.401,-1.102991,KWT,SGP,6415
1192005,124,192,1027,2016.0,0.0,480392.0,0.385417,1.139648,LBN,SGP,6415
1192006,126,192,1027,2016.0,0.0,132409.0,-1.120678,-1.222803,LBY,SGP,6415
1192007,128,192,1027,2016.0,0.0,3658557.0,-0.540154,0.22580100000000003,LKA,SGP,6415
1192008,133,192,1027,2016.0,0.0,5941.0,0.517979,0.133195,MAC,SGP,6415
1192009,134,192,1027,2016.0,12637.0,0.0,-0.648329,-0.14071,MAR,SGP,6415
1192010,136,192,1027,2016.0,0.0,1310834.0,-0.979632,-0.63626,MDG,SGP,6415
1192011,137,192,1027,2016.0,0.0,419784.0,-0.975518,-1.00076,MDV,SGP,6415
1192012,138,192,1027,2016.0,0.0,1825953.0,1.393506,0.64152,MEX,SGP,6415
1192013,142,192,1027,2016.0,11029.0,522171.0,0.981182,-0.029401999999999998,MLT,SGP,6415
1192014,143,192,1027,2016.0,0.0,20912990.0,-1.0789600000000001,-0.6471180000000001,MMR,SGP,6415
1192015,145,192,1027,2016.0,0.0,134721.0,-0.9833780000000001,-1.062642,MNG,SGP,6415
1192016,147,192,1027,2016.0,0.0,38497.0,-1.207606,-1.0223879999999999,MOZ,SGP,6415
1192017,151,192,1027,2016.0,0.0,72809.0,-0.334969,0.005404,MUS,SGP,6415
1192018,153,192,1027,2016.0,14941010.0,9000242.0,1.091156,0.8383370000000001,MYS,SGP,6415
1192019,156,192,1027,2016.0,0.0,152480.0,-0.630577,-0.934391,NCL,SGP,6415
1192020,157,192,1027,2016.0,0.0,7050.0,-1.0853110000000001,-0.9786219999999999,NER,SGP,6415
1192021,159,192,1027,2016.0,0.0,1509594.0,-1.7380830000000003,-1.306938,NGA,SGP,6415
1192022,162,192,1027,2016.0,150135.0,1626.0,1.132192,1.412512,NLD,SGP,6415
1192023,163,192,1027,2016.0,237545.0,0.0,0.664183,0.206877,NOR,SGP,6415
1192024,164,192,1027,2016.0,0.0,20063.0,-0.253328,0.33395199999999997,NPL,SGP,6415
1192025,166,192,1027,2016.0,349158.0,5327206.0,0.093306,0.194895,NZL,SGP,6415
1192026,167,192,1027,2016.0,0.0,776899.0,-0.594724,-1.019133,OMN,SGP,6415
1192027,168,192,1027,2016.0,0.0,4142626.0,-0.7806810000000001,0.420241,PAK,SGP,6415
1192028,169,192,1027,2016.0,0.0,116455.0,0.731258,0.649917,PAN,SGP,6415
1192029,173,192,1027,2016.0,0.0,957470.0,-0.818178,-0.0791,PER,SGP,6415
1192030,174,192,1027,2016.0,254679.0,28297962.0,0.958651,0.324888,PHL,SGP,6415
1192031,175,192,1027,2016.0,0.0,29436.0,0.6086729999999999,-0.39121300000000003,PLW,SGP,6415
1192032,176,192,1027,2016.0,0.0,900516.0,-1.7560209999999998,-1.288643,PNG,SGP,6415
1192033,177,192,1027,2016.0,720532.0,0.0,1.1068959999999999,1.226985,POL,SGP,6415
1192034,178,192,1027,2016.0,0.0,324374.0,-0.508035,-0.157664,PRK,SGP,6415
1192035,179,192,1027,2016.0,14542.0,0.0,0.661961,2.108517,PRT,SGP,6415
1192036,182,192,1027,2016.0,0.0,571433.0,0.022294,-0.676078,PYF,SGP,6415
1192037,183,192,1027,2016.0,0.0,843884.0,-0.52984,-1.106589,QAT,SGP,6415
1192038,185,192,1027,2016.0,0.0,249729.0,1.176177,1.093489,ROU,SGP,6415
1192039,186,192,1027,2016.0,2443.0,138529.0,0.086009,0.300039,RUS,SGP,6415
1192040,187,192,1027,2016.0,0.0,13516.0,-0.57693,-0.476909,RWA,SGP,6415
1192041,188,192,1027,2016.0,0.0,3527252.0,0.00286,-0.764602,SAU,SGP,6415
1192042,190,192,1027,2016.0,0.0,699514.0,-1.276278,-1.183311,SDN,SGP,6415
1192043,191,192,1027,2016.0,0.0,34496.0,-0.648644,-0.39857800000000004,SEN,SGP,6415
1192044,195,192,1027,2016.0,0.0,68286.0,-1.458209,-0.9888530000000001,SLB,SGP,6415
1192045,196,192,1027,2016.0,0.0,171429.0,-0.25550500000000004,-0.44618800000000003,SLE,SGP,6415
1192046,197,192,1027,2016.0,0.0,23649.0,0.075546,0.317046,SLV,SGP,6415
1192047,199,192,1027,2016.0,0.0,51970.0,-1.2646629999999999,-1.067482,SOM,SGP,6415
1192048,207,192,1027,2016.0,3735.0,41308.0,1.7056200000000001,0.630058,SVN,SGP,6415
1192049,208,192,1027,2016.0,2256064.0,0.0,1.731295,0.679562,SWE,SGP,6415
1192050,211,192,1027,2016.0,0.0,33401.0,0.321549,-0.610316,SYC,SGP,6415
1192051,212,192,1027,2016.0,0.0,986915.0,-0.78566,-0.006305,SYR,SGP,6415
1192052,216,192,1027,2016.0,20346932.0,2823872.0,1.3075860000000001,1.151426,THA,SGP,6415
1192053,220,192,1027,2016.0,0.0,7952.0,-0.597288,-0.9336549999999999,TLS,SGP,6415
1192054,221,192,1027,2016.0,0.0,183852.0,0.155639,-0.624163,TON,SGP,6415
1192055,224,192,1027,2016.0,467010.0,1754560.0,0.460247,2.3790400000000003,TUR,SGP,6415
1192056,226,192,1027,2016.0,0.0,208673.0,-1.01426,0.304263,TZA,SGP,6415
1192057,227,192,1027,2016.0,0.0,91074.0,-0.476836,0.641138,UGA,SGP,6415
1192058,228,192,1027,2016.0,0.0,656574.0,0.240605,0.827153,UKR,SGP,6415
1192059,231,192,1027,2016.0,1601428.0,966880.0,1.6991900000000002,-0.146044,USA,SGP,6415
1192060,236,192,1027,2016.0,0.0,6261.0,-1.2837120000000002,-1.2503879999999998,VEN,SGP,6415
1192061,239,192,1027,2016.0,590144.0,15676395.0,0.048214,0.6998810000000001,VNM,SGP,6415
1192062,240,192,1027,2016.0,0.0,88059.0,-1.534809,-1.063501,VUT,SGP,6415
1192063,242,192,1027,2016.0,0.0,360654.0,0.636342,-0.152082,WSM,SGP,6415
1192064,243,192,1027,2016.0,0.0,5242016.0,-0.99136,-1.1587049999999999,YEM,SGP,6415
1192065,246,192,1027,2016.0,132100.0,594922.0,-0.029618000000000002,1.426834,ZAF,SGP,6415
1192066,248,192,1027,2016.0,0.0,20469.0,-0.960175,-1.004593,ZWE,SGP,6415
1192067,249,192,1027,2016.0,17159394.0,17086064.0,2.028455,1.271167,TWN,SGP,6415
1192068,14,197,1027,2016.0,347538.0,0.0,-0.585613,-0.245365,AUS,SLV,6415
1192069,15,197,1027,2016.0,45618.0,0.0,1.743944,-0.051155,AUT,SLV,6415
1192070,18,197,1027,2016.0,92005.0,0.0,1.2947110000000002,1.113058,BEL,SLV,6415
1192071,29,197,1027,2016.0,0.0,3915.0,-0.460532,-0.6068899999999999,BLZ,SLV,6415
1192072,32,197,1027,2016.0,2709481.0,0.0,0.284988,1.031028,BRA,SLV,6415
1192073,39,197,1027,2016.0,361674.0,0.0,0.541041,1.328065,CAN,SLV,6415
1192074,41,197,1027,2016.0,5109.0,0.0,2.328616,0.832224,CHE,SLV,6415
1192075,42,197,1027,2016.0,46325.0,0.0,-0.162923,-0.20607199999999998,CHL,SLV,6415
1192076,43,197,1027,2016.0,1814672.0,0.0,1.249079,1.151045,CHN,SLV,6415
1192077,49,197,1027,2016.0,509964.0,0.0,-0.040341,-0.20957699999999999,COL,SLV,6415
1192078,52,197,1027,2016.0,2395088.0,364769.0,0.28594400000000003,0.131024,CRI,SLV,6415
1192079,59,197,1027,2016.0,4150.0,0.0,1.818585,0.341356,CZE,SLV,6415
1192080,61,197,1027,2016.0,3223954.0,0.0,2.307429,-2.341644,DEU,SLV,6415
1192081,65,197,1027,2016.0,3494.0,21273.0,-0.26926500000000003,0.046345,DOM,SLV,6415
1192082,67,197,1027,2016.0,21943.0,0.0,-1.032726,-1.034297,ECU,SLV,6415
1192083,71,197,1027,2016.0,111815.0,0.0,0.795006,2.203292,ESP,SLV,6415
1192084,74,197,1027,2016.0,1041186.0,0.0,1.621764,1.026393,FIN,SLV,6415
1192085,77,197,1027,2016.0,327870.0,0.0,1.490723,0.8471559999999999,FRA,SLV,6415
1192086,81,197,1027,2016.0,44387.0,0.0,1.569616,1.048129,GBR,SLV,6415
1192087,93,197,1027,2016.0,1495002.0,1146170.0,-0.397073,0.5736680000000001,GTM,SLV,6415
1192088,97,197,1027,2016.0,32777.0,0.0,0.877619,1.0765790000000002,HKG,SLV,6415
1192089,99,197,1027,2016.0,35409.0,72917.0,-0.506029,-0.30843899999999996,HND,SLV,6415
1192090,101,197,1027,2016.0,0.0,9037.0,-1.046859,-1.016459,HTI,SLV,6415
1192091,102,197,1027,2016.0,57347.0,0.0,1.7056069999999999,0.788768,HUN,SLV,6415
1192092,103,197,1027,2016.0,1986329.0,0.0,-0.013630000000000001,1.744404,IDN,SLV,6415
1192093,104,197,1027,2016.0,8765.0,0.0,0.223813,2.787547,IND,SLV,6415
1192094,110,197,1027,2016.0,176735.0,0.0,0.9932219999999999,0.7518819999999999,ISR,SLV,6415
1192095,111,197,1027,2016.0,459925.0,58227.0,1.461526,0.316891,ITA,SLV,6415
1192096,114,197,1027,2016.0,274226.0,0.0,2.550074,-0.479725,JPN,SLV,6415
1192097,121,197,1027,2016.0,155325.0,0.0,2.1686389999999998,0.798808,KOR,SLV,6415
1192098,138,197,1027,2016.0,744101.0,0.0,1.393506,0.64152,MEX,SLV,6415
1192099,160,197,1027,2016.0,0.0,123602.0,-0.954131,-0.9000389999999999,NIC,SLV,6415
1192100,162,197,1027,2016.0,873237.0,0.0,1.132192,1.412512,NLD,SLV,6415
1192101,169,197,1027,2016.0,18456.0,81038.0,0.731258,0.649917,PAN,SLV,6415
1192102,173,197,1027,2016.0,0.0,4155.0,-0.818178,-0.0791,PER,SLV,6415
1192103,177,197,1027,2016.0,19791.0,0.0,1.1068959999999999,1.226985,POL,SLV,6415
1192104,179,197,1027,2016.0,103733.0,0.0,0.661961,2.108517,PRT,SLV,6415
1192105,186,197,1027,2016.0,69166.0,0.0,0.086009,0.300039,RUS,SLV,6415
1192106,188,197,1027,2016.0,8465.0,0.0,0.00286,-0.764602,SAU,SLV,6415
1192107,192,197,1027,2016.0,23649.0,0.0,2.0149340000000002,0.613009,SGP,SLV,6415
1192108,208,197,1027,2016.0,225890.0,0.0,1.731295,0.679562,SWE,SLV,6415
1192109,231,197,1027,2016.0,13822731.0,0.0,1.6991900000000002,-0.146044,USA,SLV,6415
1192110,236,197,1027,2016.0,960041.0,0.0,-1.2837120000000002,-1.2503879999999998,VEN,SLV,6415
1192111,249,197,1027,2016.0,85066.0,0.0,2.028455,1.271167,TWN,SLV,6415
1192112,7,205,1027,2016.0,29136.0,0.0,-0.019275,-0.18309,ARE,SUR,6415
1192113,15,205,1027,2016.0,43270.0,0.0,1.743944,-0.051155,AUT,SUR,6415
1192114,32,205,1027,2016.0,152910.0,0.0,0.284988,1.031028,BRA,SUR,6415
1192115,43,205,1027,2016.0,32397.0,0.0,1.249079,1.151045,CHN,SUR,6415
1192116,61,205,1027,2016.0,43973.0,0.0,2.307429,-2.341644,DEU,SUR,6415
1192117,90,205,1027,2016.0,18829.0,0.0,0.053899,1.1259709999999998,GRC,SUR,6415
1192118,96,205,1027,2016.0,0.0,2581.0,-0.496113,-0.817237,GUY,SUR,6415
1192119,103,205,1027,2016.0,161895.0,0.0,-0.013630000000000001,1.744404,IDN,SUR,6415
1192120,104,205,1027,2016.0,1459.0,0.0,0.223813,2.787547,IND,SUR,6415
1192121,111,205,1027,2016.0,71697.0,0.0,1.461526,0.316891,ITA,SUR,6415
1192122,162,205,1027,2016.0,253411.0,0.0,1.132192,1.412512,NLD,SUR,6415
1192123,173,205,1027,2016.0,4778.0,0.0,-0.818178,-0.0791,PER,SUR,6415
1192124,179,205,1027,2016.0,9711.0,0.0,0.661961,2.108517,PRT,SUR,6415
1192125,216,205,1027,2016.0,84795.0,0.0,1.3075860000000001,1.151426,THA,SUR,6415
1192126,222,205,1027,2016.0,38335.0,0.0,-0.184575,-0.9999889999999999,TTO,SUR,6415
1192127,231,205,1027,2016.0,601715.0,0.0,1.6991900000000002,-0.146044,USA,SUR,6415
1192128,2,208,1027,2016.0,0.0,52771.0,-0.986722,-1.1941979999999999,AGO,SWE,6415
1192129,7,208,1027,2016.0,1434.0,6222444.0,-0.019275,-0.18309,ARE,SWE,6415
1192130,8,208,1027,2016.0,0.0,1470443.0,-0.334847,0.24145100000000003,ARG,SWE,6415
1192131,9,208,1027,2016.0,0.0,19222.0,-0.252904,-0.614643,ARM,SWE,6415
1192132,14,208,1027,2016.0,12155.0,21990026.0,-0.585613,-0.245365,AUS,SWE,6415
1192133,15,208,1027,2016.0,1270205.0,24581860.0,1.743944,-0.051155,AUT,SWE,6415
1192134,16,208,1027,2016.0,0.0,12829.0,-1.111874,-1.2526059999999999,AZE,SWE,6415
1192135,18,208,1027,2016.0,1971194.0,64944728.0,1.2947110000000002,1.113058,BEL,SWE,6415
1192136,19,208,1027,2016.0,0.0,149948.0,-0.863777,-0.913193,BEN,SWE,6415
1192137,21,208,1027,2016.0,0.0,43610.0,-0.861491,-0.9462379999999999,BFA,SWE,6415
1192138,22,208,1027,2016.0,0.0,8335001.0,-1.0177260000000001,-1.1010799999999998,BGD,SWE,6415
1192139,23,208,1027,2016.0,0.0,835106.0,0.509062,1.804648,BGR,SWE,6415
1192140,24,208,1027,2016.0,0.0,95668.0,0.23993299999999998,-0.5320199999999999,BHR,SWE,6415
1192141,26,208,1027,2016.0,0.0,206147.0,0.693416,0.8723540000000001,BIH,SWE,6415
1192142,28,208,1027,2016.0,0.0,99715.0,0.879499,0.897567,BLR,SWE,6415
1192143,31,208,1027,2016.0,0.0,57461.0,-1.009709,-0.986669,BOL,SWE,6415
1192144,32,208,1027,2016.0,0.0,1621014.0,0.284988,1.031028,BRA,SWE,6415
1192145,39,208,1027,2016.0,20063.0,1979981.0,0.541041,1.328065,CAN,SWE,6415
1192146,41,208,1027,2016.0,98814.0,13625352.0,2.328616,0.832224,CHE,SWE,6415
1192147,42,208,1027,2016.0,0.0,8602833.0,-0.162923,-0.20607199999999998,CHL,SWE,6415
1192148,43,208,1027,2016.0,2478070.0,9525285.0,1.249079,1.151045,CHN,SWE,6415
1192149,44,208,1027,2016.0,0.0,1877556.0,-0.977045,-0.8633299999999999,CIV,SWE,6415
1192150,45,208,1027,2016.0,0.0,450173.0,-1.1342969999999999,-1.101724,CMR,SWE,6415
1192151,49,208,1027,2016.0,0.0,3162964.0,-0.040341,-0.20957699999999999,COL,SWE,6415
1192152,52,208,1027,2016.0,0.0,102475.0,0.28594400000000003,0.131024,CRI,SWE,6415
1192153,58,208,1027,2016.0,0.0,795306.0,0.229275,-0.09704600000000001,CYP,SWE,6415
1192154,59,208,1027,2016.0,1946491.0,31009068.0,1.818585,0.341356,CZE,SWE,6415
1192155,61,208,1027,2016.0,87734576.0,275688576.0,2.307429,-2.341644,DEU,SWE,6415
1192156,64,208,1027,2016.0,6519471.0,42804744.0,1.0572629999999998,1.4157540000000002,DNK,SWE,6415
1192157,65,208,1027,2016.0,0.0,2627310.0,-0.26926500000000003,0.046345,DOM,SWE,6415
1192158,66,208,1027,2016.0,0.0,1755248.0,-1.243568,-1.232077,DZA,SWE,6415
1192159,67,208,1027,2016.0,0.0,602795.0,-1.032726,-1.034297,ECU,SWE,6415
1192160,68,208,1027,2016.0,0.0,6703818.0,-0.202127,1.9342419999999998,EGY,SWE,6415
1192161,71,208,1027,2016.0,2162404.0,63931680.0,0.795006,2.203292,ESP,SWE,6415
1192162,72,208,1027,2016.0,52014.0,3959438.0,0.958292,1.190173,EST,SWE,6415
1192163,73,208,1027,2016.0,0.0,31001.0,-1.163689,-0.885724,ETH,SWE,6415
1192164,74,208,1027,2016.0,59937520.0,15073058.0,1.621764,1.026393,FIN,SWE,6415
1192165,77,208,1027,2016.0,10548113.0,109778952.0,1.490723,0.8471559999999999,FRA,SWE,6415
1192166,78,208,1027,2016.0,0.0,4574.0,-0.97739,-1.021066,FRO,SWE,6415
1192167,81,208,1027,2016.0,6341966.0,150023728.0,1.569616,1.048129,GBR,SWE,6415
1192168,82,208,1027,2016.0,0.0,196775.0,-0.269579,-0.317608,GEO,SWE,6415
1192169,83,208,1027,2016.0,0.0,3264704.0,-0.9026200000000001,-0.877508,GHA,SWE,6415
1192170,85,208,1027,2016.0,0.0,14530.0,-1.461226,-1.196035,GIN,SWE,6415
1192171,90,208,1027,2016.0,3547.0,28077138.0,0.053899,1.1259709999999998,GRC,SWE,6415
1192172,93,208,1027,2016.0,0.0,471512.0,-0.397073,0.5736680000000001,GTM,SWE,6415
1192173,97,208,1027,2016.0,101730.0,3534525.0,0.877619,1.0765790000000002,HKG,SWE,6415
1192174,99,208,1027,2016.0,35856.0,90057.0,-0.506029,-0.30843899999999996,HND,SWE,6415
1192175,100,208,1027,2016.0,0.0,2132204.0,0.850619,1.39544,HRV,SWE,6415
1192176,102,208,1027,2016.0,7892.0,17354526.0,1.7056069999999999,0.788768,HUN,SWE,6415
1192177,103,208,1027,2016.0,40820.0,1638244.0,-0.013630000000000001,1.744404,IDN,SWE,6415
1192178,104,208,1027,2016.0,5912.0,19372662.0,0.223813,2.787547,IND,SWE,6415
1192179,106,208,1027,2016.0,209434.0,1411204.0,1.320777,0.057924,IRL,SWE,6415
1192180,107,208,1027,2016.0,0.0,772413.0,-0.408637,-0.340544,IRN,SWE,6415
1192181,108,208,1027,2016.0,0.0,31655.0,-1.7382849999999999,-1.037508,IRQ,SWE,6415
1192182,109,208,1027,2016.0,0.0,1061168.0,0.099623,-0.404352,ISL,SWE,6415
1192183,110,208,1027,2016.0,0.0,12425034.0,0.9932219999999999,0.7518819999999999,ISR,SWE,6415
1192184,111,208,1027,2016.0,2414630.0,145234464.0,1.461526,0.316891,ITA,SWE,6415
1192185,112,208,1027,2016.0,0.0,271448.0,-0.25619400000000003,-0.62326,JAM,SWE,6415
1192186,113,208,1027,2016.0,0.0,253503.0,0.100333,0.020786000000000002,JOR,SWE,6415
1192187,114,208,1027,2016.0,25083.0,10965383.0,2.550074,-0.479725,JPN,SWE,6415
1192188,115,208,1027,2016.0,0.0,18623.0,-0.467305,-0.475451,KAZ,SWE,6415
1192189,116,208,1027,2016.0,0.0,575988.0,-0.483554,0.25645,KEN,SWE,6415
1192190,118,208,1027,2016.0,0.0,965705.0,-0.70365,-0.843824,KHM,SWE,6415
1192191,121,208,1027,2016.0,0.0,2005900.0,2.1686389999999998,0.798808,KOR,SWE,6415
1192192,122,208,1027,2016.0,0.0,1297109.0,-0.401,-1.102991,KWT,SWE,6415
1192193,124,208,1027,2016.0,6220.0,3029721.0,0.385417,1.139648,LBN,SWE,6415
1192194,126,208,1027,2016.0,0.0,51858.0,-1.120678,-1.222803,LBY,SWE,6415
1192195,128,208,1027,2016.0,0.0,1309247.0,-0.540154,0.22580100000000003,LKA,SWE,6415
1192196,130,208,1027,2016.0,197461.0,7945239.0,0.6319130000000001,1.538765,LTU,SWE,6415
1192197,131,208,1027,2016.0,4727.0,481020.0,1.217021,1.401214,LUX,SWE,6415
1192198,132,208,1027,2016.0,105593.0,9311005.0,0.46748199999999995,1.228024,LVA,SWE,6415
1192199,134,208,1027,2016.0,0.0,9373576.0,-0.648329,-0.14071,MAR,SWE,6415
1192200,135,208,1027,2016.0,0.0,6893.0,-0.24173200000000003,0.010985,MDA,SWE,6415
1192201,138,208,1027,2016.0,0.0,10657098.0,1.393506,0.64152,MEX,SWE,6415
1192202,140,208,1027,2016.0,0.0,34522.0,-0.249664,-0.338412,MKD,SWE,6415
1192203,142,208,1027,2016.0,0.0,1660438.0,0.981182,-0.029401999999999998,MLT,SWE,6415
1192204,143,208,1027,2016.0,0.0,130208.0,-1.0789600000000001,-0.6471180000000001,MMR,SWE,6415
1192205,144,208,1027,2016.0,0.0,1071.0,0.002245,-0.10263599999999999,MNE,SWE,6415
1192206,151,208,1027,2016.0,0.0,23373.0,-0.334969,0.005404,MUS,SWE,6415
1192207,153,208,1027,2016.0,1381.0,2120116.0,1.091156,0.8383370000000001,MYS,SWE,6415
1192208,157,208,1027,2016.0,0.0,33494.0,-1.0853110000000001,-0.9786219999999999,NER,SWE,6415
1192209,159,208,1027,2016.0,0.0,4674204.0,-1.7380830000000003,-1.306938,NGA,SWE,6415
1192210,162,208,1027,2016.0,8057832.0,101744160.0,1.132192,1.412512,NLD,SWE,6415
1192211,163,208,1027,2016.0,90313608.0,40839724.0,0.664183,0.206877,NOR,SWE,6415
1192212,164,208,1027,2016.0,0.0,11781.0,-0.253328,0.33395199999999997,NPL,SWE,6415
1192213,166,208,1027,2016.0,0.0,8189534.0,0.093306,0.194895,NZL,SWE,6415
1192214,167,208,1027,2016.0,0.0,9553.0,-0.594724,-1.019133,OMN,SWE,6415
1192215,168,208,1027,2016.0,0.0,2539000.0,-0.7806810000000001,0.420241,PAK,SWE,6415
1192216,173,208,1027,2016.0,0.0,9623830.0,-0.818178,-0.0791,PER,SWE,6415
1192217,174,208,1027,2016.0,0.0,11287193.0,0.958651,0.324888,PHL,SWE,6415
1192218,177,208,1027,2016.0,32781394.0,96963032.0,1.1068959999999999,1.226985,POL,SWE,6415
1192219,179,208,1027,2016.0,2743601.0,4724532.0,0.661961,2.108517,PRT,SWE,6415
1192220,180,208,1027,2016.0,0.0,82226.0,-0.665963,-0.967879,PRY,SWE,6415
1192221,181,208,1027,2016.0,0.0,8260.0,0.09150900000000001,0.693397,PSE,SWE,6415
1192222,183,208,1027,2016.0,0.0,1343834.0,-0.52984,-1.106589,QAT,SWE,6415
1192223,185,208,1027,2016.0,0.0,8486739.0,1.176177,1.093489,ROU,SWE,6415
1192224,186,208,1027,2016.0,23932.0,2387280.0,0.086009,0.300039,RUS,SWE,6415
1192225,188,208,1027,2016.0,0.0,3043912.0,0.00286,-0.764602,SAU,SWE,6415
1192226,190,208,1027,2016.0,0.0,345706.0,-1.276278,-1.183311,SDN,SWE,6415
1192227,191,208,1027,2016.0,0.0,744773.0,-0.648644,-0.39857800000000004,SEN,SWE,6415
1192228,192,208,1027,2016.0,0.0,2256064.0,2.0149340000000002,0.613009,SGP,SWE,6415
1192229,196,208,1027,2016.0,0.0,10381.0,-0.25550500000000004,-0.44618800000000003,SLE,SWE,6415
1192230,197,208,1027,2016.0,0.0,225890.0,0.075546,0.317046,SLV,SWE,6415
1192231,198,208,1027,2016.0,0.0,642858.0,1.0774059999999999,0.771039,SMR,SWE,6415
1192232,201,208,1027,2016.0,119909.0,2326015.0,0.608136,1.38132,SRB,SWE,6415
1192233,206,208,1027,2016.0,95178.0,19746542.0,1.446588,0.811076,SVK,SWE,6415
1192234,207,208,1027,2016.0,70007.0,2551320.0,1.7056200000000001,0.630058,SVN,SWE,6415
1192235,215,208,1027,2016.0,0.0,8971.0,-0.777506,-0.652105,TGO,SWE,6415
1192236,216,208,1027,2016.0,0.0,2374348.0,1.3075860000000001,1.151426,THA,SWE,6415
1192237,223,208,1027,2016.0,0.0,1165587.0,0.27537399999999995,0.9474239999999999,TUN,SWE,6415
1192238,224,208,1027,2016.0,647382.0,14898501.0,0.460247,2.3790400000000003,TUR,SWE,6415
1192239,226,208,1027,2016.0,0.0,110879.0,-1.01426,0.304263,TZA,SWE,6415
1192240,227,208,1027,2016.0,0.0,141800.0,-0.476836,0.641138,UGA,SWE,6415
1192241,228,208,1027,2016.0,670117.0,2005646.0,0.240605,0.827153,UKR,SWE,6415
1192242,230,208,1027,2016.0,0.0,194877.0,0.040088,-0.27858499999999997,URY,SWE,6415
1192243,231,208,1027,2016.0,635048.0,28108542.0,1.6991900000000002,-0.146044,USA,SWE,6415
1192244,237,208,1027,2016.0,0.0,223417.0,0.755814,-0.385307,VGB,SWE,6415
1192245,239,208,1027,2016.0,0.0,606726.0,0.048214,0.6998810000000001,VNM,SWE,6415
1192246,246,208,1027,2016.0,0.0,4087605.0,-0.029618000000000002,1.426834,ZAF,SWE,6415
1192247,247,208,1027,2016.0,0.0,152036.0,-0.9308350000000001,-1.029968,ZMB,SWE,6415
1192248,249,208,1027,2016.0,9918.0,2201775.0,2.028455,1.271167,TWN,SWE,6415
1192249,1,216,1027,2016.0,0.0,300623.0,-1.44133,-0.9938950000000001,AFG,THA,6415
1192250,2,216,1027,2016.0,0.0,67673.0,-0.986722,-1.1941979999999999,AGO,THA,6415
1192251,4,216,1027,2016.0,0.0,578102.0,-0.5783550000000001,-0.085516,ALB,THA,6415
1192252,7,216,1027,2016.0,0.0,21476524.0,-0.019275,-0.18309,ARE,THA,6415
1192253,9,216,1027,2016.0,0.0,90051.0,-0.252904,-0.614643,ARM,THA,6415
1192254,10,216,1027,2016.0,0.0,40074.0,0.331737,-0.35043,ASM,THA,6415
1192255,14,216,1027,2016.0,1237581.0,12696508.0,-0.585613,-0.245365,AUS,THA,6415
1192256,15,216,1027,2016.0,57841.0,27995.0,1.743944,-0.051155,AUT,THA,6415
1192257,16,216,1027,2016.0,0.0,30488.0,-1.111874,-1.2526059999999999,AZE,THA,6415
1192258,17,216,1027,2016.0,0.0,220951.0,-0.761608,-0.959908,BDI,THA,6415
1192259,18,216,1027,2016.0,68187.0,1915.0,1.2947110000000002,1.113058,BEL,THA,6415
1192260,19,216,1027,2016.0,0.0,92453.0,-0.863777,-0.913193,BEN,THA,6415
1192261,21,216,1027,2016.0,0.0,44148.0,-0.861491,-0.9462379999999999,BFA,THA,6415
1192262,22,216,1027,2016.0,0.0,6477453.0,-1.0177260000000001,-1.1010799999999998,BGD,THA,6415
1192263,23,216,1027,2016.0,0.0,882148.0,0.509062,1.804648,BGR,THA,6415
1192264,24,216,1027,2016.0,0.0,331561.0,0.23993299999999998,-0.5320199999999999,BHR,THA,6415
1192265,26,216,1027,2016.0,0.0,57169.0,0.693416,0.8723540000000001,BIH,THA,6415
1192266,28,216,1027,2016.0,0.0,12531.0,0.879499,0.897567,BLR,THA,6415
1192267,32,216,1027,2016.0,424037.0,13763.0,0.284988,1.031028,BRA,THA,6415
1192268,34,216,1027,2016.0,0.0,639328.0,-1.082406,-0.9169309999999999,BRN,THA,6415
1192269,35,216,1027,2016.0,0.0,19963.0,-0.222627,-0.8282860000000001,BTN,THA,6415
1192270,37,216,1027,2016.0,0.0,34368.0,-0.9498989999999999,-1.2495319999999999,BWA,THA,6415
1192271,38,216,1027,2016.0,0.0,5088.0,-0.569303,-0.77994,CAF,THA,6415
1192272,39,216,1027,2016.0,2696818.0,124247.0,0.541041,1.328065,CAN,THA,6415
1192273,41,216,1027,2016.0,255745.0,2376.0,2.328616,0.832224,CHE,THA,6415
1192274,42,216,1027,2016.0,0.0,3098.0,-0.162923,-0.20607199999999998,CHL,THA,6415
1192275,43,216,1027,2016.0,48820500.0,78372096.0,1.249079,1.151045,CHN,THA,6415
1192276,44,216,1027,2016.0,0.0,2680346.0,-0.977045,-0.8633299999999999,CIV,THA,6415
1192277,45,216,1027,2016.0,0.0,898629.0,-1.1342969999999999,-1.101724,CMR,THA,6415
1192278,46,216,1027,2016.0,0.0,9163.0,-1.093544,-1.126599,COD,THA,6415
1192279,47,216,1027,2016.0,0.0,904438.0,-0.562294,-0.9770030000000001,COG,THA,6415
1192280,50,216,1027,2016.0,0.0,20364.0,-0.895766,-0.9886799999999999,COM,THA,6415
1192281,52,216,1027,2016.0,0.0,31814.0,0.28594400000000003,0.131024,CRI,THA,6415
1192282,58,216,1027,2016.0,0.0,193814.0,0.229275,-0.09704600000000001,CYP,THA,6415
1192283,59,216,1027,2016.0,296426.0,13169.0,1.818585,0.341356,CZE,THA,6415
1192284,61,216,1027,2016.0,5256786.0,69251.0,2.307429,-2.341644,DEU,THA,6415
1192285,62,216,1027,2016.0,0.0,420826.0,-0.267615,-0.787596,DJI,THA,6415
1192286,64,216,1027,2016.0,15641.0,26898.0,1.0572629999999998,1.4157540000000002,DNK,THA,6415
1192287,65,216,1027,2016.0,0.0,64306.0,-0.26926500000000003,0.046345,DOM,THA,6415
1192288,66,216,1027,2016.0,0.0,1820.0,-1.243568,-1.232077,DZA,THA,6415
1192289,68,216,1027,2016.0,0.0,4701090.0,-0.202127,1.9342419999999998,EGY,THA,6415
1192290,71,216,1027,2016.0,2082170.0,38219.0,0.795006,2.203292,ESP,THA,6415
1192291,72,216,1027,2016.0,9495.0,117470.0,0.958292,1.190173,EST,THA,6415
1192292,73,216,1027,2016.0,0.0,3553658.0,-1.163689,-0.885724,ETH,THA,6415
1192293,74,216,1027,2016.0,2709735.0,49186.0,1.621764,1.026393,FIN,THA,6415
1192294,75,216,1027,2016.0,0.0,705137.0,-0.370598,0.049875,FJI,THA,6415
1192295,77,216,1027,2016.0,4283260.0,10295698.0,1.490723,0.8471559999999999,FRA,THA,6415
1192296,80,216,1027,2016.0,0.0,589498.0,-1.257455,-1.226416,GAB,THA,6415
1192297,81,216,1027,2016.0,1972685.0,115433.0,1.569616,1.048129,GBR,THA,6415
1192298,82,216,1027,2016.0,0.0,1830968.0,-0.269579,-0.317608,GEO,THA,6415
1192299,83,216,1027,2016.0,0.0,2723316.0,-0.9026200000000001,-0.877508,GHA,THA,6415
1192300,85,216,1027,2016.0,0.0,217439.0,-1.461226,-1.196035,GIN,THA,6415
1192301,87,216,1027,2016.0,0.0,766118.0,-0.710399,-0.8278629999999999,GMB,THA,6415
1192302,88,216,1027,2016.0,0.0,89614.0,-1.526098,-1.087159,GNB,THA,6415
1192303,89,216,1027,2016.0,0.0,103882.0,-2.0350479999999997,-0.983092,GNQ,THA,6415
1192304,90,216,1027,2016.0,0.0,630468.0,0.053899,1.1259709999999998,GRC,THA,6415
1192305,95,216,1027,2016.0,0.0,11486.0,0.709797,0.108846,GUM,THA,6415
1192306,96,216,1027,2016.0,0.0,77877.0,-0.496113,-0.817237,GUY,THA,6415
1192307,97,216,1027,2016.0,280607.0,15445771.0,0.877619,1.0765790000000002,HKG,THA,6415
1192308,100,216,1027,2016.0,0.0,240142.0,0.850619,1.39544,HRV,THA,6415
1192309,102,216,1027,2016.0,0.0,58958.0,1.7056069999999999,0.788768,HUN,THA,6415
1192310,103,216,1027,2016.0,21560152.0,35177156.0,-0.013630000000000001,1.744404,IDN,THA,6415
1192311,104,216,1027,2016.0,1113551.0,22716948.0,0.223813,2.787547,IND,THA,6415
1192312,107,216,1027,2016.0,0.0,847390.0,-0.408637,-0.340544,IRN,THA,6415
1192313,108,216,1027,2016.0,0.0,9422435.0,-1.7382849999999999,-1.037508,IRQ,THA,6415
1192314,111,216,1027,2016.0,1952450.0,109056.0,1.461526,0.316891,ITA,THA,6415
1192315,113,216,1027,2016.0,14086.0,640391.0,0.100333,0.020786000000000002,JOR,THA,6415
1192316,114,216,1027,2016.0,74915848.0,4739962.0,2.550074,-0.479725,JPN,THA,6415
1192317,115,216,1027,2016.0,0.0,18187.0,-0.467305,-0.475451,KAZ,THA,6415
1192318,116,216,1027,2016.0,0.0,2717707.0,-0.483554,0.25645,KEN,THA,6415
1192319,117,216,1027,2016.0,0.0,129671.0,0.20501100000000003,0.657593,KGZ,THA,6415
1192320,118,216,1027,2016.0,0.0,39835468.0,-0.70365,-0.843824,KHM,THA,6415
1192321,121,216,1027,2016.0,1712266.0,70844312.0,2.1686389999999998,0.798808,KOR,THA,6415
1192322,122,216,1027,2016.0,0.0,1837018.0,-0.401,-1.102991,KWT,THA,6415
1192323,123,216,1027,2016.0,0.0,9045670.0,-0.8350559999999999,-0.660756,LAO,THA,6415
1192324,124,216,1027,2016.0,0.0,1155556.0,0.385417,1.139648,LBN,THA,6415
1192325,125,216,1027,2016.0,0.0,417218.0,-1.157741,-1.159047,LBR,THA,6415
1192326,126,216,1027,2016.0,0.0,524104.0,-1.120678,-1.222803,LBY,THA,6415
1192327,128,216,1027,2016.0,0.0,9506110.0,-0.540154,0.22580100000000003,LKA,THA,6415
1192328,130,216,1027,2016.0,2392.0,71508.0,0.6319130000000001,1.538765,LTU,THA,6415
1192329,131,216,1027,2016.0,0.0,57912.0,1.217021,1.401214,LUX,THA,6415
1192330,132,216,1027,2016.0,0.0,1794.0,0.46748199999999995,1.228024,LVA,THA,6415
1192331,133,216,1027,2016.0,0.0,438886.0,0.517979,0.133195,MAC,THA,6415
1192332,134,216,1027,2016.0,89245.0,0.0,-0.648329,-0.14071,MAR,THA,6415
1192333,135,216,1027,2016.0,0.0,1718.0,-0.24173200000000003,0.010985,MDA,THA,6415
1192334,136,216,1027,2016.0,0.0,2126880.0,-0.979632,-0.63626,MDG,THA,6415
1192335,137,216,1027,2016.0,0.0,140805.0,-0.975518,-1.00076,MDV,THA,6415
1192336,138,216,1027,2016.0,35759.0,1322547.0,1.393506,0.64152,MEX,THA,6415
1192337,140,216,1027,2016.0,0.0,6108.0,-0.249664,-0.338412,MKD,THA,6415
1192338,141,216,1027,2016.0,0.0,270111.0,-0.405979,-0.6190869999999999,MLI,THA,6415
1192339,142,216,1027,2016.0,0.0,226764.0,0.981182,-0.029401999999999998,MLT,THA,6415
1192340,143,216,1027,2016.0,0.0,27906798.0,-1.0789600000000001,-0.6471180000000001,MMR,THA,6415
1192341,144,216,1027,2016.0,0.0,98900.0,0.002245,-0.10263599999999999,MNE,THA,6415
1192342,145,216,1027,2016.0,0.0,2359726.0,-0.9833780000000001,-1.062642,MNG,THA,6415
1192343,147,216,1027,2016.0,0.0,670678.0,-1.207606,-1.0223879999999999,MOZ,THA,6415
1192344,151,216,1027,2016.0,0.0,3316011.0,-0.334969,0.005404,MUS,THA,6415
1192345,152,216,1027,2016.0,0.0,33420.0,-0.969781,-1.042325,MWI,THA,6415
1192346,153,216,1027,2016.0,5516045.0,57204096.0,1.091156,0.8383370000000001,MYS,THA,6415
1192347,156,216,1027,2016.0,0.0,403476.0,-0.630577,-0.934391,NCL,THA,6415
1192348,157,216,1027,2016.0,0.0,23003.0,-1.0853110000000001,-0.9786219999999999,NER,THA,6415
1192349,159,216,1027,2016.0,0.0,6190096.0,-1.7380830000000003,-1.306938,NGA,THA,6415
1192350,162,216,1027,2016.0,2952581.0,94202.0,1.132192,1.412512,NLD,THA,6415
1192351,163,216,1027,2016.0,18158.0,0.0,0.664183,0.206877,NOR,THA,6415
1192352,164,216,1027,2016.0,0.0,875623.0,-0.253328,0.33395199999999997,NPL,THA,6415
1192353,166,216,1027,2016.0,69276.0,1969968.0,0.093306,0.194895,NZL,THA,6415
1192354,167,216,1027,2016.0,0.0,1125796.0,-0.594724,-1.019133,OMN,THA,6415
1192355,168,216,1027,2016.0,0.0,14759702.0,-0.7806810000000001,0.420241,PAK,THA,6415
1192356,173,216,1027,2016.0,0.0,3143.0,-0.818178,-0.0791,PER,THA,6415
1192357,174,216,1027,2016.0,397929.0,4641390.0,0.958651,0.324888,PHL,THA,6415
1192358,176,216,1027,2016.0,0.0,988494.0,-1.7560209999999998,-1.288643,PNG,THA,6415
1192359,177,216,1027,2016.0,142331.0,13735.0,1.1068959999999999,1.226985,POL,THA,6415
1192360,179,216,1027,2016.0,264472.0,0.0,0.661961,2.108517,PRT,THA,6415
1192361,182,216,1027,2016.0,0.0,14837.0,0.022294,-0.676078,PYF,THA,6415
1192362,183,216,1027,2016.0,0.0,1572701.0,-0.52984,-1.106589,QAT,THA,6415
1192363,185,216,1027,2016.0,0.0,532450.0,1.176177,1.093489,ROU,THA,6415
1192364,186,216,1027,2016.0,34748.0,1050058.0,0.086009,0.300039,RUS,THA,6415
1192365,187,216,1027,2016.0,0.0,212274.0,-0.57693,-0.476909,RWA,THA,6415
1192366,188,216,1027,2016.0,0.0,3159673.0,0.00286,-0.764602,SAU,THA,6415
1192367,190,216,1027,2016.0,0.0,900661.0,-1.276278,-1.183311,SDN,THA,6415
1192368,191,216,1027,2016.0,0.0,2297990.0,-0.648644,-0.39857800000000004,SEN,THA,6415
1192369,192,216,1027,2016.0,2823872.0,20346932.0,2.0149340000000002,0.613009,SGP,THA,6415
1192370,195,216,1027,2016.0,0.0,308212.0,-1.458209,-0.9888530000000001,SLB,THA,6415
1192371,196,216,1027,2016.0,0.0,551044.0,-0.25550500000000004,-0.44618800000000003,SLE,THA,6415
1192372,199,216,1027,2016.0,0.0,146198.0,-1.2646629999999999,-1.067482,SOM,THA,6415
1192373,201,216,1027,2016.0,0.0,104112.0,0.608136,1.38132,SRB,THA,6415
1192374,202,216,1027,2016.0,0.0,111878.0,-2.186642,-1.0627790000000001,SSD,THA,6415
1192375,205,216,1027,2016.0,0.0,84795.0,-0.41257200000000005,-1.0434780000000001,SUR,THA,6415
1192376,207,216,1027,2016.0,0.0,196491.0,1.7056200000000001,0.630058,SVN,THA,6415
1192377,208,216,1027,2016.0,2374348.0,0.0,1.731295,0.679562,SWE,THA,6415
1192378,209,216,1027,2016.0,0.0,10929.0,-0.034247,-0.47031000000000006,SWZ,THA,6415
1192379,211,216,1027,2016.0,0.0,205641.0,0.321549,-0.610316,SYC,THA,6415
1192380,214,216,1027,2016.0,0.0,47344.0,-2.434175,-1.113183,TCD,THA,6415
1192381,215,216,1027,2016.0,0.0,488845.0,-0.777506,-0.652105,TGO,THA,6415
1192382,217,216,1027,2016.0,0.0,476352.0,-0.998353,-1.129616,TJK,THA,6415
1192383,219,216,1027,2016.0,0.0,1129256.0,-1.017361,-1.22005,TKM,THA,6415
1192384,220,216,1027,2016.0,0.0,2471.0,-0.597288,-0.9336549999999999,TLS,THA,6415
1192385,221,216,1027,2016.0,0.0,6872.0,0.155639,-0.624163,TON,THA,6415
1192386,222,216,1027,2016.0,0.0,16102.0,-0.184575,-0.9999889999999999,TTO,THA,6415
1192387,224,216,1027,2016.0,0.0,6027064.0,0.460247,2.3790400000000003,TUR,THA,6415
1192388,226,216,1027,2016.0,0.0,2551144.0,-1.01426,0.304263,TZA,THA,6415
1192389,227,216,1027,2016.0,0.0,269383.0,-0.476836,0.641138,UGA,THA,6415
1192390,228,216,1027,2016.0,0.0,17977.0,0.240605,0.827153,UKR,THA,6415
1192391,230,216,1027,2016.0,0.0,115850.0,0.040088,-0.27858499999999997,URY,THA,6415
1192392,231,216,1027,2016.0,6737316.0,42084640.0,1.6991900000000002,-0.146044,USA,THA,6415
1192393,232,216,1027,2016.0,0.0,126523.0,-0.672362,-0.574391,UZB,THA,6415
1192394,239,216,1027,2016.0,155883.0,123677872.0,0.048214,0.6998810000000001,VNM,THA,6415
1192395,240,216,1027,2016.0,0.0,114652.0,-1.534809,-1.063501,VUT,THA,6415
1192396,243,216,1027,2016.0,0.0,2015418.0,-0.99136,-1.1587049999999999,YEM,THA,6415
1192397,246,216,1027,2016.0,420171.0,2411696.0,-0.029618000000000002,1.426834,ZAF,THA,6415
1192398,247,216,1027,2016.0,0.0,12813.0,-0.9308350000000001,-1.029968,ZMB,THA,6415
1192399,248,216,1027,2016.0,0.0,27175.0,-0.960175,-1.004593,ZWE,THA,6415
1192400,249,216,1027,2016.0,24335066.0,23948438.0,2.028455,1.271167,TWN,THA,6415
1192401,1,224,1027,2016.0,0.0,1459.0,-1.44133,-0.9938950000000001,AFG,TUR,6415
1192402,2,224,1027,2016.0,0.0,8712.0,-0.986722,-1.1941979999999999,AGO,TUR,6415
1192403,4,224,1027,2016.0,0.0,112813.0,-0.5783550000000001,-0.085516,ALB,TUR,6415
1192404,7,224,1027,2016.0,33408.0,1152373.0,-0.019275,-0.18309,ARE,TUR,6415
1192405,8,224,1027,2016.0,0.0,321382.0,-0.334847,0.24145100000000003,ARG,TUR,6415
1192406,9,224,1027,2016.0,0.0,2128.0,-0.252904,-0.614643,ARM,TUR,6415
1192407,14,224,1027,2016.0,13271.0,0.0,-0.585613,-0.245365,AUS,TUR,6415
1192408,15,224,1027,2016.0,16188988.0,40209.0,1.743944,-0.051155,AUT,TUR,6415
1192409,16,224,1027,2016.0,212736.0,1135390.0,-1.111874,-1.2526059999999999,AZE,TUR,6415
1192410,18,224,1027,2016.0,4595428.0,58449.0,1.2947110000000002,1.113058,BEL,TUR,6415
1192411,22,224,1027,2016.0,0.0,44284.0,-1.0177260000000001,-1.1010799999999998,BGD,TUR,6415
1192412,23,224,1027,2016.0,479277.0,6358428.0,0.509062,1.804648,BGR,TUR,6415
1192413,24,224,1027,2016.0,0.0,5828.0,0.23993299999999998,-0.5320199999999999,BHR,TUR,6415
1192414,26,224,1027,2016.0,0.0,51473.0,0.693416,0.8723540000000001,BIH,TUR,6415
1192415,28,224,1027,2016.0,0.0,106712.0,0.879499,0.897567,BLR,TUR,6415
1192416,31,224,1027,2016.0,0.0,180981.0,-1.009709,-0.986669,BOL,TUR,6415
1192417,32,224,1027,2016.0,11378106.0,0.0,0.284988,1.031028,BRA,TUR,6415
1192418,39,224,1027,2016.0,6941496.0,45292.0,0.541041,1.328065,CAN,TUR,6415
1192419,41,224,1027,2016.0,385709.0,17863.0,2.328616,0.832224,CHE,TUR,6415
1192420,42,224,1027,2016.0,16230.0,8589.0,-0.162923,-0.20607199999999998,CHL,TUR,6415
1192421,43,224,1027,2016.0,69763816.0,221066.0,1.249079,1.151045,CHN,TUR,6415
1192422,44,224,1027,2016.0,0.0,237983.0,-0.977045,-0.8633299999999999,CIV,TUR,6415
1192423,45,224,1027,2016.0,0.0,34149.0,-1.1342969999999999,-1.101724,CMR,TUR,6415
1192424,47,224,1027,2016.0,0.0,4384.0,-0.562294,-0.9770030000000001,COG,TUR,6415
1192425,58,224,1027,2016.0,0.0,1245555.0,0.229275,-0.09704600000000001,CYP,TUR,6415
1192426,59,224,1027,2016.0,1992787.0,0.0,1.818585,0.341356,CZE,TUR,6415
1192427,61,224,1027,2016.0,118462360.0,1126599.0,2.307429,-2.341644,DEU,TUR,6415
1192428,64,224,1027,2016.0,138850.0,0.0,1.0572629999999998,1.4157540000000002,DNK,TUR,6415
1192429,66,224,1027,2016.0,16274.0,260001.0,-1.243568,-1.232077,DZA,TUR,6415
1192430,68,224,1027,2016.0,2320944.0,2551838.0,-0.202127,1.9342419999999998,EGY,TUR,6415
1192431,71,224,1027,2016.0,13730381.0,5004217.0,0.795006,2.203292,ESP,TUR,6415
1192432,72,224,1027,2016.0,0.0,12296.0,0.958292,1.190173,EST,TUR,6415
1192433,73,224,1027,2016.0,0.0,171896.0,-1.163689,-0.885724,ETH,TUR,6415
1192434,74,224,1027,2016.0,34553708.0,0.0,1.621764,1.026393,FIN,TUR,6415
1192435,77,224,1027,2016.0,25845904.0,2787952.0,1.490723,0.8471559999999999,FRA,TUR,6415
1192436,81,224,1027,2016.0,3966628.0,20629568.0,1.569616,1.048129,GBR,TUR,6415
1192437,82,224,1027,2016.0,27793.0,2762320.0,-0.269579,-0.317608,GEO,TUR,6415
1192438,83,224,1027,2016.0,0.0,49003.0,-0.9026200000000001,-0.877508,GHA,TUR,6415
1192439,85,224,1027,2016.0,0.0,2353.0,-1.461226,-1.196035,GIN,TUR,6415
1192440,90,224,1027,2016.0,2963050.0,10140302.0,0.053899,1.1259709999999998,GRC,TUR,6415
1192441,97,224,1027,2016.0,34023.0,0.0,0.877619,1.0765790000000002,HKG,TUR,6415
1192442,102,224,1027,2016.0,1372102.0,33644.0,1.7056069999999999,0.788768,HUN,TUR,6415
1192443,103,224,1027,2016.0,45085348.0,18257.0,-0.013630000000000001,1.744404,IDN,TUR,6415
1192444,104,224,1027,2016.0,5427446.0,50987.0,0.223813,2.787547,IND,TUR,6415
1192445,106,224,1027,2016.0,0.0,3759.0,1.320777,0.057924,IRL,TUR,6415
1192446,107,224,1027,2016.0,48670.0,4106354.0,-0.408637,-0.340544,IRN,TUR,6415
1192447,108,224,1027,2016.0,0.0,5118885.0,-1.7382849999999999,-1.037508,IRQ,TUR,6415
1192448,110,224,1027,2016.0,20450644.0,10286507.0,0.9932219999999999,0.7518819999999999,ISR,TUR,6415
1192449,111,224,1027,2016.0,43288552.0,17250440.0,1.461526,0.316891,ITA,TUR,6415
1192450,113,224,1027,2016.0,3285.0,690876.0,0.100333,0.020786000000000002,JOR,TUR,6415
1192451,114,224,1027,2016.0,293418.0,0.0,2.550074,-0.479725,JPN,TUR,6415
1192452,115,224,1027,2016.0,0.0,81123.0,-0.467305,-0.475451,KAZ,TUR,6415
1192453,116,224,1027,2016.0,0.0,54678.0,-0.483554,0.25645,KEN,TUR,6415
1192454,117,224,1027,2016.0,0.0,16138.0,0.20501100000000003,0.657593,KGZ,TUR,6415
1192455,121,224,1027,2016.0,7891134.0,0.0,2.1686389999999998,0.798808,KOR,TUR,6415
1192456,122,224,1027,2016.0,0.0,76218.0,-0.401,-1.102991,KWT,TUR,6415
1192457,124,224,1027,2016.0,15407.0,314773.0,0.385417,1.139648,LBN,TUR,6415
1192458,125,224,1027,2016.0,0.0,16984.0,-1.157741,-1.159047,LBR,TUR,6415
1192459,126,224,1027,2016.0,0.0,1343283.0,-1.120678,-1.222803,LBY,TUR,6415
1192460,128,224,1027,2016.0,0.0,260354.0,-0.540154,0.22580100000000003,LKA,TUR,6415
1192461,130,224,1027,2016.0,40422.0,0.0,0.6319130000000001,1.538765,LTU,TUR,6415
1192462,132,224,1027,2016.0,0.0,12781.0,0.46748199999999995,1.228024,LVA,TUR,6415
1192463,134,224,1027,2016.0,77894.0,6120422.0,-0.648329,-0.14071,MAR,TUR,6415
1192464,135,224,1027,2016.0,0.0,84051.0,-0.24173200000000003,0.010985,MDA,TUR,6415
1192465,138,224,1027,2016.0,0.0,247088.0,1.393506,0.64152,MEX,TUR,6415
1192466,140,224,1027,2016.0,20685.0,758556.0,-0.249664,-0.338412,MKD,TUR,6415
1192467,142,224,1027,2016.0,0.0,4929.0,0.981182,-0.029401999999999998,MLT,TUR,6415
1192468,143,224,1027,2016.0,0.0,5773.0,-1.0789600000000001,-0.6471180000000001,MMR,TUR,6415
1192469,147,224,1027,2016.0,0.0,15578.0,-1.207606,-1.0223879999999999,MOZ,TUR,6415
1192470,148,224,1027,2016.0,0.0,68836.0,-1.5601770000000001,-1.3474899999999999,MRT,TUR,6415
1192471,151,224,1027,2016.0,0.0,96051.0,-0.334969,0.005404,MUS,TUR,6415
1192472,153,224,1027,2016.0,58333.0,32514.0,1.091156,0.8383370000000001,MYS,TUR,6415
1192473,159,224,1027,2016.0,0.0,148020.0,-1.7380830000000003,-1.306938,NGA,TUR,6415
1192474,162,224,1027,2016.0,8660228.0,83100.0,1.132192,1.412512,NLD,TUR,6415
1192475,163,224,1027,2016.0,4982360.0,5960.0,0.664183,0.206877,NOR,TUR,6415
1192476,167,224,1027,2016.0,0.0,768635.0,-0.594724,-1.019133,OMN,TUR,6415
1192477,168,224,1027,2016.0,1768.0,401786.0,-0.7806810000000001,0.420241,PAK,TUR,6415
1192478,169,224,1027,2016.0,0.0,7215.0,0.731258,0.649917,PAN,TUR,6415
1192479,173,224,1027,2016.0,0.0,29371.0,-0.818178,-0.0791,PER,TUR,6415
1192480,177,224,1027,2016.0,22867792.0,250116.0,1.1068959999999999,1.226985,POL,TUR,6415
1192481,179,224,1027,2016.0,87120744.0,10586867.0,0.661961,2.108517,PRT,TUR,6415
1192482,180,224,1027,2016.0,0.0,39103.0,-0.665963,-0.967879,PRY,TUR,6415
1192483,181,224,1027,2016.0,0.0,188716.0,0.09150900000000001,0.693397,PSE,TUR,6415
1192484,183,224,1027,2016.0,0.0,5788.0,-0.52984,-1.106589,QAT,TUR,6415
1192485,185,224,1027,2016.0,396982.0,2700014.0,1.176177,1.093489,ROU,TUR,6415
1192486,186,224,1027,2016.0,52952668.0,54134.0,0.086009,0.300039,RUS,TUR,6415
1192487,187,224,1027,2016.0,0.0,5133.0,-0.57693,-0.476909,RWA,TUR,6415
1192488,188,224,1027,2016.0,825488.0,696976.0,0.00286,-0.764602,SAU,TUR,6415
1192489,190,224,1027,2016.0,0.0,197290.0,-1.276278,-1.183311,SDN,TUR,6415
1192490,191,224,1027,2016.0,0.0,154237.0,-0.648644,-0.39857800000000004,SEN,TUR,6415
1192491,192,224,1027,2016.0,1754560.0,467010.0,2.0149340000000002,0.613009,SGP,TUR,6415
1192492,201,224,1027,2016.0,552501.0,750449.0,0.608136,1.38132,SRB,TUR,6415
1192493,206,224,1027,2016.0,37036920.0,25058.0,1.446588,0.811076,SVK,TUR,6415
1192494,207,224,1027,2016.0,13678244.0,95670.0,1.7056200000000001,0.630058,SVN,TUR,6415
1192495,208,224,1027,2016.0,14898501.0,647382.0,1.731295,0.679562,SWE,TUR,6415
1192496,212,224,1027,2016.0,0.0,804157.0,-0.78566,-0.006305,SYR,TUR,6415
1192497,216,224,1027,2016.0,6027064.0,0.0,1.3075860000000001,1.151426,THA,TUR,6415
1192498,217,224,1027,2016.0,0.0,5260.0,-0.998353,-1.129616,TJK,TUR,6415
1192499,219,224,1027,2016.0,0.0,165295.0,-1.017361,-1.22005,TKM,TUR,6415
1192500,223,224,1027,2016.0,0.0,884529.0,0.27537399999999995,0.9474239999999999,TUN,TUR,6415
1192501,226,224,1027,2016.0,0.0,25406.0,-1.01426,0.304263,TZA,TUR,6415
1192502,227,224,1027,2016.0,0.0,7497.0,-0.476836,0.641138,UGA,TUR,6415
1192503,228,224,1027,2016.0,15363.0,213607.0,0.240605,0.827153,UKR,TUR,6415
1192504,230,224,1027,2016.0,0.0,23043.0,0.040088,-0.27858499999999997,URY,TUR,6415
1192505,231,224,1027,2016.0,3362008.0,956968.0,1.6991900000000002,-0.146044,USA,TUR,6415
1192506,232,224,1027,2016.0,0.0,448381.0,-0.672362,-0.574391,UZB,TUR,6415
1192507,239,224,1027,2016.0,0.0,49020.0,0.048214,0.6998810000000001,VNM,TUR,6415
1192508,243,224,1027,2016.0,0.0,146054.0,-0.99136,-1.1587049999999999,YEM,TUR,6415
1192509,246,224,1027,2016.0,0.0,21420.0,-0.029618000000000002,1.426834,ZAF,TUR,6415
1192510,249,224,1027,2016.0,1668930.0,0.0,2.028455,1.271167,TWN,TUR,6415
1192511,250,224,1027,2016.0,0.0,1397.0,0.608271,-0.007568000000000001,ANS,TUR,6415
1192512,7,228,1027,2016.0,0.0,215933.0,-0.019275,-0.18309,ARE,UKR,6415
1192513,9,228,1027,2016.0,0.0,96625.0,-0.252904,-0.614643,ARM,UKR,6415
1192514,14,228,1027,2016.0,752452.0,0.0,-0.585613,-0.245365,AUS,UKR,6415
1192515,15,228,1027,2016.0,8636563.0,0.0,1.743944,-0.051155,AUT,UKR,6415
1192516,16,228,1027,2016.0,0.0,124430.0,-1.111874,-1.2526059999999999,AZE,UKR,6415
1192517,18,228,1027,2016.0,227227.0,1285.0,1.2947110000000002,1.113058,BEL,UKR,6415
1192518,23,228,1027,2016.0,729129.0,1781631.0,0.509062,1.804648,BGR,UKR,6415
1192519,28,228,1027,2016.0,2560926.0,3162654.0,0.879499,0.897567,BLR,UKR,6415
1192520,41,228,1027,2016.0,21249.0,1677.0,2.328616,0.832224,CHE,UKR,6415
1192521,43,228,1027,2016.0,3018888.0,0.0,1.249079,1.151045,CHN,UKR,6415
1192522,59,228,1027,2016.0,1163544.0,164959.0,1.818585,0.341356,CZE,UKR,6415
1192523,61,228,1027,2016.0,29051348.0,9438.0,2.307429,-2.341644,DEU,UKR,6415
1192524,64,228,1027,2016.0,6259.0,0.0,1.0572629999999998,1.4157540000000002,DNK,UKR,6415
1192525,66,228,1027,2016.0,0.0,1497.0,-1.243568,-1.232077,DZA,UKR,6415
1192526,71,228,1027,2016.0,688111.0,10555.0,0.795006,2.203292,ESP,UKR,6415
1192527,72,228,1027,2016.0,7460.0,1065.0,0.958292,1.190173,EST,UKR,6415
1192528,74,228,1027,2016.0,25861448.0,0.0,1.621764,1.026393,FIN,UKR,6415
1192529,77,228,1027,2016.0,2458487.0,368162.0,1.490723,0.8471559999999999,FRA,UKR,6415
1192530,81,228,1027,2016.0,2113908.0,0.0,1.569616,1.048129,GBR,UKR,6415
1192531,82,228,1027,2016.0,0.0,42717.0,-0.269579,-0.317608,GEO,UKR,6415
1192532,97,228,1027,2016.0,3295.0,0.0,0.877619,1.0765790000000002,HKG,UKR,6415
1192533,100,228,1027,2016.0,0.0,32522.0,0.850619,1.39544,HRV,UKR,6415
1192534,102,228,1027,2016.0,7592852.0,776034.0,1.7056069999999999,0.788768,HUN,UKR,6415
1192535,103,228,1027,2016.0,7872272.0,0.0,-0.013630000000000001,1.744404,IDN,UKR,6415
1192536,104,228,1027,2016.0,19723.0,0.0,0.223813,2.787547,IND,UKR,6415
1192537,111,228,1027,2016.0,719888.0,5075.0,1.461526,0.316891,ITA,UKR,6415
1192538,114,228,1027,2016.0,5106.0,0.0,2.550074,-0.479725,JPN,UKR,6415
1192539,115,228,1027,2016.0,14282.0,141777.0,-0.467305,-0.475451,KAZ,UKR,6415
1192540,117,228,1027,2016.0,0.0,7808.0,0.20501100000000003,0.657593,KGZ,UKR,6415
1192541,121,228,1027,2016.0,24296.0,5317.0,2.1686389999999998,0.798808,KOR,UKR,6415
1192542,130,228,1027,2016.0,1179546.0,32940.0,0.6319130000000001,1.538765,LTU,UKR,6415
1192543,132,228,1027,2016.0,4176.0,27999.0,0.46748199999999995,1.228024,LVA,UKR,6415
1192544,134,228,1027,2016.0,0.0,186022.0,-0.648329,-0.14071,MAR,UKR,6415
1192545,135,228,1027,2016.0,6341.0,927070.0,-0.24173200000000003,0.010985,MDA,UKR,6415
1192546,138,228,1027,2016.0,0.0,520182.0,1.393506,0.64152,MEX,UKR,6415
1192547,140,228,1027,2016.0,0.0,250906.0,-0.249664,-0.338412,MKD,UKR,6415
1192548,141,228,1027,2016.0,0.0,2006.0,-0.405979,-0.6190869999999999,MLI,UKR,6415
1192549,162,228,1027,2016.0,466870.0,0.0,1.132192,1.412512,NLD,UKR,6415
1192550,163,228,1027,2016.0,87080.0,0.0,0.664183,0.206877,NOR,UKR,6415
1192551,167,228,1027,2016.0,0.0,2060691.0,-0.594724,-1.019133,OMN,UKR,6415
1192552,177,228,1027,2016.0,19198340.0,7317616.0,1.1068959999999999,1.226985,POL,UKR,6415
1192553,179,228,1027,2016.0,104419.0,0.0,0.661961,2.108517,PRT,UKR,6415
1192554,185,228,1027,2016.0,658218.0,2090960.0,1.176177,1.093489,ROU,UKR,6415
1192555,186,228,1027,2016.0,46962400.0,20964960.0,0.086009,0.300039,RUS,UKR,6415
1192556,188,228,1027,2016.0,0.0,4257191.0,0.00286,-0.764602,SAU,UKR,6415
1192557,192,228,1027,2016.0,656574.0,0.0,2.0149340000000002,0.613009,SGP,UKR,6415
1192558,201,228,1027,2016.0,0.0,146708.0,0.608136,1.38132,SRB,UKR,6415
1192559,206,228,1027,2016.0,19822736.0,211261.0,1.446588,0.811076,SVK,UKR,6415
1192560,207,228,1027,2016.0,1950323.0,0.0,1.7056200000000001,0.630058,SVN,UKR,6415
1192561,208,228,1027,2016.0,2005646.0,670117.0,1.731295,0.679562,SWE,UKR,6415
1192562,216,228,1027,2016.0,17977.0,0.0,1.3075860000000001,1.151426,THA,UKR,6415
1192563,219,228,1027,2016.0,0.0,1654.0,-1.017361,-1.22005,TKM,UKR,6415
1192564,224,228,1027,2016.0,213607.0,15363.0,0.460247,2.3790400000000003,TUR,UKR,6415
1192565,231,228,1027,2016.0,44614.0,0.0,1.6991900000000002,-0.146044,USA,UKR,6415
1192566,232,228,1027,2016.0,0.0,2716257.0,-0.672362,-0.574391,UZB,UKR,6415
1192567,8,230,1027,2016.0,1798776.0,2624632.0,-0.334847,0.24145100000000003,ARG,URY,6415
1192568,14,230,1027,2016.0,86519.0,0.0,-0.585613,-0.245365,AUS,URY,6415
1192569,15,230,1027,2016.0,52214.0,0.0,1.743944,-0.051155,AUT,URY,6415
1192570,18,230,1027,2016.0,7455.0,0.0,1.2947110000000002,1.113058,BEL,URY,6415
1192571,32,230,1027,2016.0,7236080.0,1290289.0,0.284988,1.031028,BRA,URY,6415
1192572,39,230,1027,2016.0,37375.0,0.0,0.541041,1.328065,CAN,URY,6415
1192573,42,230,1027,2016.0,53469.0,1035697.0,-0.162923,-0.20607199999999998,CHL,URY,6415
1192574,43,230,1027,2016.0,673941.0,0.0,1.249079,1.151045,CHN,URY,6415
1192575,49,230,1027,2016.0,134506.0,0.0,-0.040341,-0.20957699999999999,COL,URY,6415
1192576,52,230,1027,2016.0,0.0,47961.0,0.28594400000000003,0.131024,CRI,URY,6415
1192577,61,230,1027,2016.0,82208.0,0.0,2.307429,-2.341644,DEU,URY,6415
1192578,64,230,1027,2016.0,191405.0,0.0,1.0572629999999998,1.4157540000000002,DNK,URY,6415
1192579,65,230,1027,2016.0,11803.0,87230.0,-0.26926500000000003,0.046345,DOM,URY,6415
1192580,71,230,1027,2016.0,114865.0,0.0,0.795006,2.203292,ESP,URY,6415
1192581,74,230,1027,2016.0,473489.0,0.0,1.621764,1.026393,FIN,URY,6415
1192582,77,230,1027,2016.0,615793.0,0.0,1.490723,0.8471559999999999,FRA,URY,6415
1192583,81,230,1027,2016.0,15094.0,0.0,1.569616,1.048129,GBR,URY,6415
1192584,103,230,1027,2016.0,121246.0,0.0,-0.013630000000000001,1.744404,IDN,URY,6415
1192585,107,230,1027,2016.0,6486.0,0.0,-0.408637,-0.340544,IRN,URY,6415
1192586,111,230,1027,2016.0,27549.0,0.0,1.461526,0.316891,ITA,URY,6415
1192587,121,230,1027,2016.0,2450.0,0.0,2.1686389999999998,0.798808,KOR,URY,6415
1192588,162,230,1027,2016.0,18699.0,0.0,1.132192,1.412512,NLD,URY,6415
1192589,163,230,1027,2016.0,157403.0,0.0,0.664183,0.206877,NOR,URY,6415
1192590,177,230,1027,2016.0,8759.0,0.0,1.1068959999999999,1.226985,POL,URY,6415
1192591,179,230,1027,2016.0,251803.0,0.0,0.661961,2.108517,PRT,URY,6415
1192592,180,230,1027,2016.0,48330.0,903604.0,-0.665963,-0.967879,PRY,URY,6415
1192593,186,230,1027,2016.0,58077.0,0.0,0.086009,0.300039,RUS,URY,6415
1192594,208,230,1027,2016.0,194877.0,0.0,1.731295,0.679562,SWE,URY,6415
1192595,216,230,1027,2016.0,115850.0,0.0,1.3075860000000001,1.151426,THA,URY,6415
1192596,224,230,1027,2016.0,23043.0,0.0,0.460247,2.3790400000000003,TUR,URY,6415
1192597,231,230,1027,2016.0,70371.0,67426.0,1.6991900000000002,-0.146044,USA,URY,6415
1192598,249,230,1027,2016.0,26597.0,0.0,2.028455,1.271167,TWN,URY,6415
1192599,250,230,1027,2016.0,0.0,2353.0,0.608271,-0.007568000000000001,ANS,URY,6415
1192600,0,231,1027,2016.0,0.0,472377.0,0.7897,0.359562,ABW,USA,6415
1192601,1,231,1027,2016.0,0.0,3965.0,-1.44133,-0.9938950000000001,AFG,USA,6415
1192602,2,231,1027,2016.0,0.0,9364.0,-0.986722,-1.1941979999999999,AGO,USA,6415
1192603,3,231,1027,2016.0,0.0,4080.0,0.974505,0.105149,AIA,USA,6415
1192604,4,231,1027,2016.0,0.0,10839.0,-0.5783550000000001,-0.085516,ALB,USA,6415
1192605,7,231,1027,2016.0,12269.0,2328386.0,-0.019275,-0.18309,ARE,USA,6415
1192606,8,231,1027,2016.0,8292282.0,1111735.0,-0.334847,0.24145100000000003,ARG,USA,6415
1192607,9,231,1027,2016.0,0.0,10275.0,-0.252904,-0.614643,ARM,USA,6415
1192608,13,231,1027,2016.0,0.0,232445.0,0.141771,-0.503847,ATG,USA,6415
1192609,14,231,1027,2016.0,72395280.0,5821428.0,-0.585613,-0.245365,AUS,USA,6415
1192610,15,231,1027,2016.0,9140247.0,291442.0,1.743944,-0.051155,AUT,USA,6415
1192611,16,231,1027,2016.0,0.0,4056.0,-1.111874,-1.2526059999999999,AZE,USA,6415
1192612,18,231,1027,2016.0,29130680.0,2457043.0,1.2947110000000002,1.113058,BEL,USA,6415
1192613,21,231,1027,2016.0,0.0,29773.0,-0.861491,-0.9462379999999999,BFA,USA,6415
1192614,22,231,1027,2016.0,0.0,476389.0,-1.0177260000000001,-1.1010799999999998,BGD,USA,6415
1192615,23,231,1027,2016.0,14552.0,230464.0,0.509062,1.804648,BGR,USA,6415
1192616,24,231,1027,2016.0,22314.0,573752.0,0.23993299999999998,-0.5320199999999999,BHR,USA,6415
1192617,25,231,1027,2016.0,0.0,1614293.0,0.453269,-0.48267899999999997,BHS,USA,6415
1192618,28,231,1027,2016.0,0.0,15706.0,0.879499,0.897567,BLR,USA,6415
1192619,29,231,1027,2016.0,0.0,156179.0,-0.460532,-0.6068899999999999,BLZ,USA,6415
1192620,30,231,1027,2016.0,0.0,1239607.0,1.132838,-0.512521,BMU,USA,6415
1192621,31,231,1027,2016.0,0.0,139956.0,-1.009709,-0.986669,BOL,USA,6415
1192622,32,231,1027,2016.0,126723152.0,9341893.0,0.284988,1.031028,BRA,USA,6415
1192623,33,231,1027,2016.0,0.0,628865.0,0.598214,0.054758,BRB,USA,6415
1192624,34,231,1027,2016.0,0.0,8484.0,-1.082406,-0.9169309999999999,BRN,USA,6415
1192625,39,231,1027,2016.0,1593763456.0,590824512.0,0.541041,1.328065,CAN,USA,6415
1192626,41,231,1027,2016.0,2468262.0,532782.0,2.328616,0.832224,CHE,USA,6415
1192627,42,231,1027,2016.0,28794.0,10040329.0,-0.162923,-0.20607199999999998,CHL,USA,6415
1192628,43,231,1027,2016.0,14774339.0,24113224.0,1.249079,1.151045,CHN,USA,6415
1192629,44,231,1027,2016.0,0.0,727148.0,-0.977045,-0.8633299999999999,CIV,USA,6415
1192630,45,231,1027,2016.0,0.0,132717.0,-1.1342969999999999,-1.101724,CMR,USA,6415
1192631,49,231,1027,2016.0,7477586.0,25757314.0,-0.040341,-0.20957699999999999,COL,USA,6415
1192632,52,231,1027,2016.0,25460.0,48907880.0,0.28594400000000003,0.131024,CRI,USA,6415
1192633,55,231,1027,2016.0,0.0,355323.0,0.078189,-0.80455,CUW,USA,6415
1192634,57,231,1027,2016.0,0.0,421609.0,1.0380559999999999,-0.69484,CYM,USA,6415
1192635,58,231,1027,2016.0,0.0,54562.0,0.229275,-0.09704600000000001,CYP,USA,6415
1192636,59,231,1027,2016.0,3259258.0,119044.0,1.818585,0.341356,CZE,USA,6415
1192637,61,231,1027,2016.0,74719776.0,20161202.0,2.307429,-2.341644,DEU,USA,6415
1192638,63,231,1027,2016.0,0.0,33495.0,0.185043,-0.14673599999999998,DMA,USA,6415
1192639,64,231,1027,2016.0,13118.0,1172480.0,1.0572629999999998,1.4157540000000002,DNK,USA,6415
1192640,65,231,1027,2016.0,678862.0,21411934.0,-0.26926500000000003,0.046345,DOM,USA,6415
1192641,66,231,1027,2016.0,0.0,41386.0,-1.243568,-1.232077,DZA,USA,6415
1192642,67,231,1027,2016.0,0.0,4682760.0,-1.032726,-1.034297,ECU,USA,6415
1192643,68,231,1027,2016.0,429162.0,3942377.0,-0.202127,1.9342419999999998,EGY,USA,6415
1192644,71,231,1027,2016.0,9582635.0,1154069.0,0.795006,2.203292,ESP,USA,6415
1192645,72,231,1027,2016.0,9587.0,1119.0,0.958292,1.190173,EST,USA,6415
1192646,73,231,1027,2016.0,0.0,314583.0,-1.163689,-0.885724,ETH,USA,6415
1192647,74,231,1027,2016.0,180978864.0,263207.0,1.621764,1.026393,FIN,USA,6415
1192648,75,231,1027,2016.0,0.0,24804.0,-0.370598,0.049875,FJI,USA,6415
1192649,77,231,1027,2016.0,84604416.0,10569431.0,1.490723,0.8471559999999999,FRA,USA,6415
1192650,79,231,1027,2016.0,0.0,25879.0,-0.41439499999999996,-0.934024,FSM,USA,6415
1192651,81,231,1027,2016.0,30262728.0,59468024.0,1.569616,1.048129,GBR,USA,6415
1192652,82,231,1027,2016.0,0.0,18828.0,-0.269579,-0.317608,GEO,USA,6415
1192653,83,231,1027,2016.0,5319.0,285816.0,-0.9026200000000001,-0.877508,GHA,USA,6415
1192654,89,231,1027,2016.0,0.0,9924.0,-2.0350479999999997,-0.983092,GNQ,USA,6415
1192655,90,231,1027,2016.0,345837.0,72668.0,0.053899,1.1259709999999998,GRC,USA,6415
1192656,91,231,1027,2016.0,0.0,71166.0,1.002307,-0.011001,GRD,USA,6415
1192657,93,231,1027,2016.0,98410.0,56454700.0,-0.397073,0.5736680000000001,GTM,USA,6415
1192658,96,231,1027,2016.0,160524.0,484463.0,-0.496113,-0.817237,GUY,USA,6415
1192659,97,231,1027,2016.0,71485.0,7958444.0,0.877619,1.0765790000000002,HKG,USA,6415
1192660,99,231,1027,2016.0,1307724.0,32458434.0,-0.506029,-0.30843899999999996,HND,USA,6415
1192661,101,231,1027,2016.0,0.0,950882.0,-1.046859,-1.016459,HTI,USA,6415
1192662,102,231,1027,2016.0,9011.0,57390.0,1.7056069999999999,0.788768,HUN,USA,6415
1192663,103,231,1027,2016.0,46891716.0,3755637.0,-0.013630000000000001,1.744404,IDN,USA,6415
1192664,104,231,1027,2016.0,5391754.0,8199244.0,0.223813,2.787547,IND,USA,6415
1192665,106,231,1027,2016.0,30021.0,3288111.0,1.320777,0.057924,IRL,USA,6415
1192666,108,231,1027,2016.0,0.0,2793.0,-1.7382849999999999,-1.037508,IRQ,USA,6415
1192667,109,231,1027,2016.0,15021.0,21828.0,0.099623,-0.404352,ISL,USA,6415
1192668,110,231,1027,2016.0,26727194.0,2139573.0,0.9932219999999999,0.7518819999999999,ISR,USA,6415
1192669,111,231,1027,2016.0,26112356.0,4458806.0,1.461526,0.316891,ITA,USA,6415
1192670,112,231,1027,2016.0,2011.0,2732180.0,-0.25619400000000003,-0.62326,JAM,USA,6415
1192671,113,231,1027,2016.0,1570.0,287083.0,0.100333,0.020786000000000002,JOR,USA,6415
1192672,114,231,1027,2016.0,19985810.0,46469652.0,2.550074,-0.479725,JPN,USA,6415
1192673,115,231,1027,2016.0,0.0,66926.0,-0.467305,-0.475451,KAZ,USA,6415
1192674,116,231,1027,2016.0,0.0,1586523.0,-0.483554,0.25645,KEN,USA,6415
1192675,118,231,1027,2016.0,0.0,991233.0,-0.70365,-0.843824,KHM,USA,6415
1192676,120,231,1027,2016.0,0.0,136197.0,0.8190890000000001,-0.24463400000000002,KNA,USA,6415
1192677,121,231,1027,2016.0,6116564.0,5041060.0,2.1686389999999998,0.798808,KOR,USA,6415
1192678,122,231,1027,2016.0,0.0,1010148.0,-0.401,-1.102991,KWT,USA,6415
1192679,124,231,1027,2016.0,0.0,3129466.0,0.385417,1.139648,LBN,USA,6415
1192680,127,231,1027,2016.0,327827.0,1311037.0,0.585987,-0.298057,LCA,USA,6415
1192681,128,231,1027,2016.0,3944.0,1128439.0,-0.540154,0.22580100000000003,LKA,USA,6415
1192682,130,231,1027,2016.0,36515.0,630285.0,0.6319130000000001,1.538765,LTU,USA,6415
1192683,131,231,1027,2016.0,0.0,3515.0,1.217021,1.401214,LUX,USA,6415
1192684,132,231,1027,2016.0,3430.0,0.0,0.46748199999999995,1.228024,LVA,USA,6415
1192685,133,231,1027,2016.0,0.0,204380.0,0.517979,0.133195,MAC,USA,6415
1192686,134,231,1027,2016.0,0.0,709668.0,-0.648329,-0.14071,MAR,USA,6415
1192687,136,231,1027,2016.0,0.0,1995.0,-0.979632,-0.63626,MDG,USA,6415
1192688,137,231,1027,2016.0,0.0,7866.0,-0.975518,-1.00076,MDV,USA,6415
1192689,138,231,1027,2016.0,26750110.0,454288032.0,1.393506,0.64152,MEX,USA,6415
1192690,139,231,1027,2016.0,0.0,5000.0,0.083737,-0.705874,MHL,USA,6415
1192691,140,231,1027,2016.0,0.0,10752.0,-0.249664,-0.338412,MKD,USA,6415
1192692,141,231,1027,2016.0,0.0,165125.0,-0.405979,-0.6190869999999999,MLI,USA,6415
1192693,142,231,1027,2016.0,0.0,1157.0,0.981182,-0.029401999999999998,MLT,USA,6415
1192694,144,231,1027,2016.0,0.0,6548.0,0.002245,-0.10263599999999999,MNE,USA,6415
1192695,145,231,1027,2016.0,0.0,14282.0,-0.9833780000000001,-1.062642,MNG,USA,6415
1192696,151,231,1027,2016.0,0.0,12538.0,-0.334969,0.005404,MUS,USA,6415
1192697,153,231,1027,2016.0,79887.0,3569663.0,1.091156,0.8383370000000001,MYS,USA,6415
1192698,155,231,1027,2016.0,0.0,1249.0,-0.506252,-0.8029350000000001,NAM,USA,6415
1192699,156,231,1027,2016.0,0.0,20035.0,-0.630577,-0.934391,NCL,USA,6415
1192700,157,231,1027,2016.0,0.0,4273.0,-1.0853110000000001,-0.9786219999999999,NER,USA,6415
1192701,159,231,1027,2016.0,0.0,4050616.0,-1.7380830000000003,-1.306938,NGA,USA,6415
1192702,160,231,1027,2016.0,0.0,10824355.0,-0.954131,-0.9000389999999999,NIC,USA,6415
1192703,162,231,1027,2016.0,14408472.0,4681336.0,1.132192,1.412512,NLD,USA,6415
1192704,163,231,1027,2016.0,63985888.0,216111.0,0.664183,0.206877,NOR,USA,6415
1192705,164,231,1027,2016.0,30977.0,2211.0,-0.253328,0.33395199999999997,NPL,USA,6415
1192706,166,231,1027,2016.0,1023240.0,661074.0,0.093306,0.194895,NZL,USA,6415
1192707,167,231,1027,2016.0,0.0,888607.0,-0.594724,-1.019133,OMN,USA,6415
1192708,168,231,1027,2016.0,142301.0,668239.0,-0.7806810000000001,0.420241,PAK,USA,6415
1192709,169,231,1027,2016.0,10773.0,10203224.0,0.731258,0.649917,PAN,USA,6415
1192710,173,231,1027,2016.0,0.0,13601427.0,-0.818178,-0.0791,PER,USA,6415
1192711,174,231,1027,2016.0,100008.0,3011860.0,0.958651,0.324888,PHL,USA,6415
1192712,175,231,1027,2016.0,0.0,11317.0,0.6086729999999999,-0.39121300000000003,PLW,USA,6415
1192713,177,231,1027,2016.0,4978632.0,986020.0,1.1068959999999999,1.226985,POL,USA,6415
1192714,179,231,1027,2016.0,121999896.0,108927.0,0.661961,2.108517,PRT,USA,6415
1192715,180,231,1027,2016.0,2368.0,297052.0,-0.665963,-0.967879,PRY,USA,6415
1192716,181,231,1027,2016.0,0.0,1136.0,0.09150900000000001,0.693397,PSE,USA,6415
1192717,183,231,1027,2016.0,0.0,577848.0,-0.52984,-1.106589,QAT,USA,6415
1192718,185,231,1027,2016.0,159353.0,18124.0,1.176177,1.093489,ROU,USA,6415
1192719,186,231,1027,2016.0,66524.0,979185.0,0.086009,0.300039,RUS,USA,6415
1192720,188,231,1027,2016.0,7440.0,21993308.0,0.00286,-0.764602,SAU,USA,6415
1192721,190,231,1027,2016.0,0.0,7760.0,-1.276278,-1.183311,SDN,USA,6415
1192722,191,231,1027,2016.0,0.0,198658.0,-0.648644,-0.39857800000000004,SEN,USA,6415
1192723,192,231,1027,2016.0,966880.0,1601428.0,2.0149340000000002,0.613009,SGP,USA,6415
1192724,197,231,1027,2016.0,0.0,13822731.0,0.075546,0.317046,SLV,USA,6415
1192725,201,231,1027,2016.0,0.0,11721.0,0.608136,1.38132,SRB,USA,6415
1192726,205,231,1027,2016.0,0.0,601715.0,-0.41257200000000005,-1.0434780000000001,SUR,USA,6415
1192727,206,231,1027,2016.0,325023.0,36221.0,1.446588,0.811076,SVK,USA,6415
1192728,207,231,1027,2016.0,1475118.0,25785.0,1.7056200000000001,0.630058,SVN,USA,6415
1192729,208,231,1027,2016.0,28108542.0,635048.0,1.731295,0.679562,SWE,USA,6415
1192730,210,231,1027,2016.0,0.0,107783.0,1.155067,-0.9405870000000001,SXM,USA,6415
1192731,211,231,1027,2016.0,0.0,1402.0,0.321549,-0.610316,SYC,USA,6415
1192732,213,231,1027,2016.0,0.0,35491.0,0.396473,-0.36941199999999996,TCA,USA,6415
1192733,216,231,1027,2016.0,42084640.0,6737316.0,1.3075860000000001,1.151426,THA,USA,6415
1192734,222,231,1027,2016.0,0.0,3073181.0,-0.184575,-0.9999889999999999,TTO,USA,6415
1192735,223,231,1027,2016.0,0.0,1092555.0,0.27537399999999995,0.9474239999999999,TUN,USA,6415
1192736,224,231,1027,2016.0,956968.0,3362008.0,0.460247,2.3790400000000003,TUR,USA,6415
1192737,226,231,1027,2016.0,0.0,910561.0,-1.01426,0.304263,TZA,USA,6415
1192738,227,231,1027,2016.0,0.0,37255.0,-0.476836,0.641138,UGA,USA,6415
1192739,228,231,1027,2016.0,0.0,44614.0,0.240605,0.827153,UKR,USA,6415
1192740,230,231,1027,2016.0,67426.0,70371.0,0.040088,-0.27858499999999997,URY,USA,6415
1192741,234,231,1027,2016.0,0.0,355881.0,-0.15301099999999998,-0.789267,VCT,USA,6415
1192742,236,231,1027,2016.0,731909.0,5633173.0,-1.2837120000000002,-1.2503879999999998,VEN,USA,6415
1192743,237,231,1027,2016.0,0.0,52039.0,0.755814,-0.385307,VGB,USA,6415
1192744,239,231,1027,2016.0,818011.0,2577879.0,0.048214,0.6998810000000001,VNM,USA,6415
1192745,242,231,1027,2016.0,0.0,15806.0,0.636342,-0.152082,WSM,USA,6415
1192746,246,231,1027,2016.0,1740.0,2055160.0,-0.029618000000000002,1.426834,ZAF,USA,6415
1192747,249,231,1027,2016.0,10834293.0,23293278.0,2.028455,1.271167,TWN,USA,6415
1192748,32,236,1027,2016.0,3489466.0,0.0,0.284988,1.031028,BRA,VEN,6415
1192749,39,236,1027,2016.0,3791612.0,0.0,0.541041,1.328065,CAN,VEN,6415
1192750,42,236,1027,2016.0,36400.0,0.0,-0.162923,-0.20607199999999998,CHL,VEN,6415
1192751,43,236,1027,2016.0,1251401.0,0.0,1.249079,1.151045,CHN,VEN,6415
1192752,49,236,1027,2016.0,575392.0,3275916.0,-0.040341,-0.20957699999999999,COL,VEN,6415
1192753,52,236,1027,2016.0,0.0,825198.0,0.28594400000000003,0.131024,CRI,VEN,6415
1192754,59,236,1027,2016.0,82438.0,0.0,1.818585,0.341356,CZE,VEN,6415
1192755,61,236,1027,2016.0,2325978.0,0.0,2.307429,-2.341644,DEU,VEN,6415
1192756,65,236,1027,2016.0,3841.0,3049800.0,-0.26926500000000003,0.046345,DOM,VEN,6415
1192757,71,236,1027,2016.0,678095.0,0.0,0.795006,2.203292,ESP,VEN,6415
1192758,74,236,1027,2016.0,56662.0,0.0,1.621764,1.026393,FIN,VEN,6415
1192759,81,236,1027,2016.0,227598.0,0.0,1.569616,1.048129,GBR,VEN,6415
1192760,103,236,1027,2016.0,81763.0,0.0,-0.013630000000000001,1.744404,IDN,VEN,6415
1192761,111,236,1027,2016.0,112043.0,0.0,1.461526,0.316891,ITA,VEN,6415
1192762,121,236,1027,2016.0,19513.0,26185.0,2.1686389999999998,0.798808,KOR,VEN,6415
1192763,153,236,1027,2016.0,0.0,3085.0,1.091156,0.8383370000000001,MYS,VEN,6415
1192764,167,236,1027,2016.0,8387.0,0.0,-0.594724,-1.019133,OMN,VEN,6415
1192765,169,236,1027,2016.0,125758.0,0.0,0.731258,0.649917,PAN,VEN,6415
1192766,173,236,1027,2016.0,510271.0,0.0,-0.818178,-0.0791,PER,VEN,6415
1192767,192,236,1027,2016.0,6261.0,0.0,2.0149340000000002,0.613009,SGP,VEN,6415
1192768,197,236,1027,2016.0,0.0,960041.0,0.075546,0.317046,SLV,VEN,6415
1192769,231,236,1027,2016.0,5633173.0,731909.0,1.6991900000000002,-0.146044,USA,VEN,6415
1192770,2,246,1027,2016.0,8416.0,1550391.0,-0.986722,-1.1941979999999999,AGO,ZAF,6415
1192771,7,246,1027,2016.0,143462.0,643918.0,-0.019275,-0.18309,ARE,ZAF,6415
1192772,8,246,1027,2016.0,27187.0,1546746.0,-0.334847,0.24145100000000003,ARG,ZAF,6415
1192773,14,246,1027,2016.0,3061852.0,149657.0,-0.585613,-0.245365,AUS,ZAF,6415
1192774,15,246,1027,2016.0,4259102.0,35785.0,1.743944,-0.051155,AUT,ZAF,6415
1192775,17,246,1027,2016.0,0.0,8150.0,-0.761608,-0.959908,BDI,ZAF,6415
1192776,18,246,1027,2016.0,8393354.0,0.0,1.2947110000000002,1.113058,BEL,ZAF,6415
1192777,19,246,1027,2016.0,0.0,104091.0,-0.863777,-0.913193,BEN,ZAF,6415
1192778,22,246,1027,2016.0,0.0,301484.0,-1.0177260000000001,-1.1010799999999998,BGD,ZAF,6415
1192779,23,246,1027,2016.0,2068.0,0.0,0.509062,1.804648,BGR,ZAF,6415
1192780,32,246,1027,2016.0,9225705.0,0.0,0.284988,1.031028,BRA,ZAF,6415
1192781,37,246,1027,2016.0,14528.0,7654184.0,-0.9498989999999999,-1.2495319999999999,BWA,ZAF,6415
1192782,39,246,1027,2016.0,681418.0,0.0,0.541041,1.328065,CAN,ZAF,6415
1192783,41,246,1027,2016.0,1597969.0,82222.0,2.328616,0.832224,CHE,ZAF,6415
1192784,43,246,1027,2016.0,28104142.0,2251.0,1.249079,1.151045,CHN,ZAF,6415
1192785,44,246,1027,2016.0,0.0,1177744.0,-0.977045,-0.8633299999999999,CIV,ZAF,6415
1192786,45,246,1027,2016.0,0.0,129288.0,-1.1342969999999999,-1.101724,CMR,ZAF,6415
1192787,46,246,1027,2016.0,0.0,1381528.0,-1.093544,-1.126599,COD,ZAF,6415
1192788,47,246,1027,2016.0,0.0,183219.0,-0.562294,-0.9770030000000001,COG,ZAF,6415
1192789,49,246,1027,2016.0,1226380.0,0.0,-0.040341,-0.20957699999999999,COL,ZAF,6415
1192790,59,246,1027,2016.0,4347563.0,0.0,1.818585,0.341356,CZE,ZAF,6415
1192791,61,246,1027,2016.0,33390342.0,838756.0,2.307429,-2.341644,DEU,ZAF,6415
1192792,62,246,1027,2016.0,0.0,17404.0,-0.267615,-0.787596,DJI,ZAF,6415
1192793,64,246,1027,2016.0,4634.0,0.0,1.0572629999999998,1.4157540000000002,DNK,ZAF,6415
1192794,65,246,1027,2016.0,1062.0,0.0,-0.26926500000000003,0.046345,DOM,ZAF,6415
1192795,66,246,1027,2016.0,0.0,157788.0,-1.243568,-1.232077,DZA,ZAF,6415
1192796,67,246,1027,2016.0,0.0,353337.0,-1.032726,-1.034297,ECU,ZAF,6415
1192797,69,246,1027,2016.0,0.0,3724.0,-1.3077370000000001,-1.113459,ERI,ZAF,6415
1192798,71,246,1027,2016.0,1033907.0,70364.0,0.795006,2.203292,ESP,ZAF,6415
1192799,73,246,1027,2016.0,0.0,132199.0,-1.163689,-0.885724,ETH,ZAF,6415
1192800,74,246,1027,2016.0,14918660.0,0.0,1.621764,1.026393,FIN,ZAF,6415
1192801,77,246,1027,2016.0,2767389.0,288771.0,1.490723,0.8471559999999999,FRA,ZAF,6415
1192802,80,246,1027,2016.0,0.0,770306.0,-1.257455,-1.226416,GAB,ZAF,6415
1192803,81,246,1027,2016.0,5613400.0,52820.0,1.569616,1.048129,GBR,ZAF,6415
1192804,83,246,1027,2016.0,0.0,959814.0,-0.9026200000000001,-0.877508,GHA,ZAF,6415
1192805,85,246,1027,2016.0,0.0,1225.0,-1.461226,-1.196035,GIN,ZAF,6415
1192806,90,246,1027,2016.0,3596.0,0.0,0.053899,1.1259709999999998,GRC,ZAF,6415
1192807,93,246,1027,2016.0,0.0,228710.0,-0.397073,0.5736680000000001,GTM,ZAF,6415
1192808,97,246,1027,2016.0,579094.0,0.0,0.877619,1.0765790000000002,HKG,ZAF,6415
1192809,103,246,1027,2016.0,10723893.0,9972.0,-0.013630000000000001,1.744404,IDN,ZAF,6415
1192810,104,246,1027,2016.0,1356138.0,434297.0,0.223813,2.787547,IND,ZAF,6415
1192811,106,246,1027,2016.0,0.0,14356.0,1.320777,0.057924,IRL,ZAF,6415
1192812,110,246,1027,2016.0,10039.0,41128.0,0.9932219999999999,0.7518819999999999,ISR,ZAF,6415
1192813,111,246,1027,2016.0,3896701.0,312804.0,1.461526,0.316891,ITA,ZAF,6415
1192814,113,246,1027,2016.0,0.0,15323.0,0.100333,0.020786000000000002,JOR,ZAF,6415
1192815,114,246,1027,2016.0,47756.0,0.0,2.550074,-0.479725,JPN,ZAF,6415
1192816,116,246,1027,2016.0,0.0,4346533.0,-0.483554,0.25645,KEN,ZAF,6415
1192817,121,246,1027,2016.0,1622680.0,9053.0,2.1686389999999998,0.798808,KOR,ZAF,6415
1192818,122,246,1027,2016.0,101013.0,0.0,-0.401,-1.102991,KWT,ZAF,6415
1192819,124,246,1027,2016.0,0.0,18165.0,0.385417,1.139648,LBN,ZAF,6415
1192820,125,246,1027,2016.0,0.0,19842.0,-1.157741,-1.159047,LBR,ZAF,6415
1192821,128,246,1027,2016.0,0.0,46870.0,-0.540154,0.22580100000000003,LKA,ZAF,6415
1192822,129,246,1027,2016.0,12880.0,3850442.0,-0.724865,-0.706887,LSO,ZAF,6415
1192823,136,246,1027,2016.0,5134.0,2931545.0,-0.979632,-0.63626,MDG,ZAF,6415
1192824,138,246,1027,2016.0,1770.0,0.0,1.393506,0.64152,MEX,ZAF,6415
1192825,141,246,1027,2016.0,0.0,13503.0,-0.405979,-0.6190869999999999,MLI,ZAF,6415
1192826,143,246,1027,2016.0,0.0,39438.0,-1.0789600000000001,-0.6471180000000001,MMR,ZAF,6415
1192827,147,246,1027,2016.0,0.0,5429840.0,-1.207606,-1.0223879999999999,MOZ,ZAF,6415
1192828,148,246,1027,2016.0,0.0,3558.0,-1.5601770000000001,-1.3474899999999999,MRT,ZAF,6415
1192829,151,246,1027,2016.0,0.0,1189461.0,-0.334969,0.005404,MUS,ZAF,6415
1192830,152,246,1027,2016.0,0.0,6518569.0,-0.969781,-1.042325,MWI,ZAF,6415
1192831,153,246,1027,2016.0,1956871.0,269916.0,1.091156,0.8383370000000001,MYS,ZAF,6415
1192832,155,246,1027,2016.0,1252.0,7520130.0,-0.506252,-0.8029350000000001,NAM,ZAF,6415
1192833,159,246,1027,2016.0,0.0,3661178.0,-1.7380830000000003,-1.306938,NGA,ZAF,6415
1192834,160,246,1027,2016.0,0.0,15409.0,-0.954131,-0.9000389999999999,NIC,ZAF,6415
1192835,162,246,1027,2016.0,3608946.0,0.0,1.132192,1.412512,NLD,ZAF,6415
1192836,163,246,1027,2016.0,859119.0,0.0,0.664183,0.206877,NOR,ZAF,6415
1192837,166,246,1027,2016.0,0.0,6344.0,0.093306,0.194895,NZL,ZAF,6415
1192838,168,246,1027,2016.0,7613.0,206881.0,-0.7806810000000001,0.420241,PAK,ZAF,6415
1192839,174,246,1027,2016.0,0.0,1273698.0,0.958651,0.324888,PHL,ZAF,6415
1192840,177,246,1027,2016.0,568644.0,0.0,1.1068959999999999,1.226985,POL,ZAF,6415
1192841,179,246,1027,2016.0,702155.0,0.0,0.661961,2.108517,PRT,ZAF,6415
1192842,183,246,1027,2016.0,0.0,1108.0,-0.52984,-1.106589,QAT,ZAF,6415
1192843,186,246,1027,2016.0,557046.0,0.0,0.086009,0.300039,RUS,ZAF,6415
1192844,187,246,1027,2016.0,0.0,28879.0,-0.57693,-0.476909,RWA,ZAF,6415
1192845,188,246,1027,2016.0,69321.0,105412.0,0.00286,-0.764602,SAU,ZAF,6415
1192846,191,246,1027,2016.0,0.0,1523915.0,-0.648644,-0.39857800000000004,SEN,ZAF,6415
1192847,192,246,1027,2016.0,594922.0,132100.0,2.0149340000000002,0.613009,SGP,ZAF,6415
1192848,194,246,1027,2016.0,0.0,8538.0,1.620802,-0.10737000000000001,SHN,ZAF,6415
1192849,196,246,1027,2016.0,0.0,9212.0,-0.25550500000000004,-0.44618800000000003,SLE,ZAF,6415
1192850,208,246,1027,2016.0,4087605.0,0.0,1.731295,0.679562,SWE,ZAF,6415
1192851,209,246,1027,2016.0,635993.0,3947431.0,-0.034247,-0.47031000000000006,SWZ,ZAF,6415
1192852,211,246,1027,2016.0,0.0,30567.0,0.321549,-0.610316,SYC,ZAF,6415
1192853,215,246,1027,2016.0,0.0,391292.0,-0.777506,-0.652105,TGO,ZAF,6415
1192854,216,246,1027,2016.0,2411696.0,420171.0,1.3075860000000001,1.151426,THA,ZAF,6415
1192855,224,246,1027,2016.0,21420.0,0.0,0.460247,2.3790400000000003,TUR,ZAF,6415
1192856,226,246,1027,2016.0,0.0,12180455.0,-1.01426,0.304263,TZA,ZAF,6415
1192857,227,246,1027,2016.0,0.0,3348403.0,-0.476836,0.641138,UGA,ZAF,6415
1192858,231,246,1027,2016.0,2055160.0,1740.0,1.6991900000000002,-0.146044,USA,ZAF,6415
1192859,239,246,1027,2016.0,12895.0,68827.0,0.048214,0.6998810000000001,VNM,ZAF,6415
1192860,247,246,1027,2016.0,0.0,12609410.0,-0.9308350000000001,-1.029968,ZMB,ZAF,6415
1192861,248,246,1027,2016.0,0.0,21524066.0,-0.960175,-1.004593,ZWE,ZAF,6415
1192862,249,246,1027,2016.0,226662.0,0.0,2.028455,1.271167,TWN,ZAF,6415
1192863,250,246,1027,2016.0,37167.0,10302.0,0.608271,-0.007568000000000001,ANS,ZAF,6415
1192864,7,249,1027,2016.0,0.0,1947840.0,-0.019275,-0.18309,ARE,TWN,6415
1192865,8,249,1027,2016.0,0.0,3406741.0,-0.334847,0.24145100000000003,ARG,TWN,6415
1192866,14,249,1027,2016.0,4792727.0,5957567.0,-0.585613,-0.245365,AUS,TWN,6415
1192867,15,249,1027,2016.0,1109245.0,4433.0,1.743944,-0.051155,AUT,TWN,6415
1192868,18,249,1027,2016.0,435400.0,9499.0,1.2947110000000002,1.113058,BEL,TWN,6415
1192869,22,249,1027,2016.0,0.0,24329684.0,-1.0177260000000001,-1.1010799999999998,BGD,TWN,6415
1192870,24,249,1027,2016.0,0.0,41659.0,0.23993299999999998,-0.5320199999999999,BHR,TWN,6415
1192871,31,249,1027,2016.0,0.0,1421.0,-1.009709,-0.986669,BOL,TWN,6415
1192872,32,249,1027,2016.0,3016485.0,3165302.0,0.284988,1.031028,BRA,TWN,6415
1192873,39,249,1027,2016.0,3287090.0,37718.0,0.541041,1.328065,CAN,TWN,6415
1192874,41,249,1027,2016.0,329114.0,6480.0,2.328616,0.832224,CHE,TWN,6415
1192875,42,249,1027,2016.0,0.0,32412.0,-0.162923,-0.20607199999999998,CHL,TWN,6415
1192876,43,249,1027,2016.0,54764376.0,70932488.0,1.249079,1.151045,CHN,TWN,6415
1192877,44,249,1027,2016.0,0.0,2124.0,-0.977045,-0.8633299999999999,CIV,TWN,6415
1192878,45,249,1027,2016.0,0.0,64244.0,-1.1342969999999999,-1.101724,CMR,TWN,6415
1192879,49,249,1027,2016.0,0.0,5718.0,-0.040341,-0.20957699999999999,COL,TWN,6415
1192880,52,249,1027,2016.0,0.0,31394.0,0.28594400000000003,0.131024,CRI,TWN,6415
1192881,59,249,1027,2016.0,2373.0,2424.0,1.818585,0.341356,CZE,TWN,6415
1192882,61,249,1027,2016.0,36006336.0,58144.0,2.307429,-2.341644,DEU,TWN,6415
1192883,65,249,1027,2016.0,0.0,71961.0,-0.26926500000000003,0.046345,DOM,TWN,6415
1192884,66,249,1027,2016.0,0.0,3660.0,-1.243568,-1.232077,DZA,TWN,6415
1192885,67,249,1027,2016.0,0.0,20528.0,-1.032726,-1.034297,ECU,TWN,6415
1192886,68,249,1027,2016.0,0.0,134479.0,-0.202127,1.9342419999999998,EGY,TWN,6415
1192887,71,249,1027,2016.0,394458.0,32671.0,0.795006,2.203292,ESP,TWN,6415
1192888,73,249,1027,2016.0,0.0,39260.0,-1.163689,-0.885724,ETH,TWN,6415
1192889,74,249,1027,2016.0,7018328.0,18902.0,1.621764,1.026393,FIN,TWN,6415
1192890,75,249,1027,2016.0,0.0,130172.0,-0.370598,0.049875,FJI,TWN,6415
1192891,77,249,1027,2016.0,6780038.0,30114.0,1.490723,0.8471559999999999,FRA,TWN,6415
1192892,81,249,1027,2016.0,6348348.0,856409.0,1.569616,1.048129,GBR,TWN,6415
1192893,93,249,1027,2016.0,0.0,2447.0,-0.397073,0.5736680000000001,GTM,TWN,6415
1192894,95,249,1027,2016.0,0.0,368252.0,0.709797,0.108846,GUM,TWN,6415
1192895,96,249,1027,2016.0,0.0,2870.0,-0.496113,-0.817237,GUY,TWN,6415
1192896,97,249,1027,2016.0,647624.0,4937505.0,0.877619,1.0765790000000002,HKG,TWN,6415
1192897,99,249,1027,2016.0,0.0,33255.0,-0.506029,-0.30843899999999996,HND,TWN,6415
1192898,102,249,1027,2016.0,0.0,5915.0,1.7056069999999999,0.788768,HUN,TWN,6415
1192899,103,249,1027,2016.0,43268224.0,16109032.0,-0.013630000000000001,1.744404,IDN,TWN,6415
1192900,104,249,1027,2016.0,49116.0,17789758.0,0.223813,2.787547,IND,TWN,6415
1192901,106,249,1027,2016.0,29795.0,1381.0,1.320777,0.057924,IRL,TWN,6415
1192902,107,249,1027,2016.0,0.0,869120.0,-0.408637,-0.340544,IRN,TWN,6415
1192903,108,249,1027,2016.0,0.0,20311.0,-1.7382849999999999,-1.037508,IRQ,TWN,6415
1192904,110,249,1027,2016.0,0.0,1749305.0,0.9932219999999999,0.7518819999999999,ISR,TWN,6415
1192905,111,249,1027,2016.0,1145275.0,35800.0,1.461526,0.316891,ITA,TWN,6415
1192906,113,249,1027,2016.0,0.0,839722.0,0.100333,0.020786000000000002,JOR,TWN,6415
1192907,114,249,1027,2016.0,51278940.0,2496639.0,2.550074,-0.479725,JPN,TWN,6415
1192908,116,249,1027,2016.0,0.0,114710.0,-0.483554,0.25645,KEN,TWN,6415
1192909,117,249,1027,2016.0,0.0,14211.0,0.20501100000000003,0.657593,KGZ,TWN,6415
1192910,118,249,1027,2016.0,0.0,3922163.0,-0.70365,-0.843824,KHM,TWN,6415
1192911,119,249,1027,2016.0,0.0,11224.0,-0.410813,-0.859252,KIR,TWN,6415
1192912,121,249,1027,2016.0,2112778.0,36044092.0,2.1686389999999998,0.798808,KOR,TWN,6415
1192913,122,249,1027,2016.0,0.0,21233.0,-0.401,-1.102991,KWT,TWN,6415
1192914,123,249,1027,2016.0,18596.0,202454.0,-0.8350559999999999,-0.660756,LAO,TWN,6415
1192915,124,249,1027,2016.0,0.0,101144.0,0.385417,1.139648,LBN,TWN,6415
1192916,126,249,1027,2016.0,0.0,245266.0,-1.120678,-1.222803,LBY,TWN,6415
1192917,128,249,1027,2016.0,0.0,3860058.0,-0.540154,0.22580100000000003,LKA,TWN,6415
1192918,129,249,1027,2016.0,0.0,22445.0,-0.724865,-0.706887,LSO,TWN,6415
1192919,131,249,1027,2016.0,0.0,17106.0,1.217021,1.401214,LUX,TWN,6415
1192920,133,249,1027,2016.0,0.0,4453.0,0.517979,0.133195,MAC,TWN,6415
1192921,136,249,1027,2016.0,0.0,722978.0,-0.979632,-0.63626,MDG,TWN,6415
1192922,138,249,1027,2016.0,33027.0,54461.0,1.393506,0.64152,MEX,TWN,6415
1192923,139,249,1027,2016.0,0.0,6964.0,0.083737,-0.705874,MHL,TWN,6415
1192924,143,249,1027,2016.0,0.0,2007943.0,-1.0789600000000001,-0.6471180000000001,MMR,TWN,6415
1192925,146,249,1027,2016.0,0.0,1684.0,1.176696,-0.451823,MNP,TWN,6415
1192926,147,249,1027,2016.0,0.0,319597.0,-1.207606,-1.0223879999999999,MOZ,TWN,6415
1192927,151,249,1027,2016.0,0.0,16537.0,-0.334969,0.005404,MUS,TWN,6415
1192928,153,249,1027,2016.0,2075634.0,22525766.0,1.091156,0.8383370000000001,MYS,TWN,6415
1192929,159,249,1027,2016.0,0.0,273905.0,-1.7380830000000003,-1.306938,NGA,TWN,6415
1192930,160,249,1027,2016.0,0.0,26891.0,-0.954131,-0.9000389999999999,NIC,TWN,6415
1192931,162,249,1027,2016.0,280672.0,150918.0,1.132192,1.412512,NLD,TWN,6415
1192932,163,249,1027,2016.0,290111.0,1013.0,0.664183,0.206877,NOR,TWN,6415
1192933,166,249,1027,2016.0,182812.0,1098433.0,0.093306,0.194895,NZL,TWN,6415
1192934,167,249,1027,2016.0,0.0,601270.0,-0.594724,-1.019133,OMN,TWN,6415
1192935,168,249,1027,2016.0,0.0,111910.0,-0.7806810000000001,0.420241,PAK,TWN,6415
1192936,169,249,1027,2016.0,0.0,9403.0,0.731258,0.649917,PAN,TWN,6415
1192937,174,249,1027,2016.0,1266538.0,8798963.0,0.958651,0.324888,PHL,TWN,6415
1192938,176,249,1027,2016.0,0.0,1708.0,-1.7560209999999998,-1.288643,PNG,TWN,6415
1192939,177,249,1027,2016.0,1608.0,24733.0,1.1068959999999999,1.226985,POL,TWN,6415
1192940,179,249,1027,2016.0,9995.0,0.0,0.661961,2.108517,PRT,TWN,6415
1192941,180,249,1027,2016.0,0.0,21206.0,-0.665963,-0.967879,PRY,TWN,6415
1192942,185,249,1027,2016.0,0.0,4991.0,1.176177,1.093489,ROU,TWN,6415
1192943,186,249,1027,2016.0,1738371.0,28422.0,0.086009,0.300039,RUS,TWN,6415
1192944,188,249,1027,2016.0,0.0,28732.0,0.00286,-0.764602,SAU,TWN,6415
1192945,192,249,1027,2016.0,17086064.0,17159394.0,2.0149340000000002,0.613009,SGP,TWN,6415
1192946,197,249,1027,2016.0,0.0,85066.0,0.075546,0.317046,SLV,TWN,6415
1192947,207,249,1027,2016.0,0.0,5051.0,1.7056200000000001,0.630058,SVN,TWN,6415
1192948,208,249,1027,2016.0,2201775.0,9918.0,1.731295,0.679562,SWE,TWN,6415
1192949,209,249,1027,2016.0,0.0,6518.0,-0.034247,-0.47031000000000006,SWZ,TWN,6415
1192950,211,249,1027,2016.0,36543.0,0.0,0.321549,-0.610316,SYC,TWN,6415
1192951,212,249,1027,2016.0,0.0,9441.0,-0.78566,-0.006305,SYR,TWN,6415
1192952,216,249,1027,2016.0,23948438.0,24335066.0,1.3075860000000001,1.151426,THA,TWN,6415
1192953,223,249,1027,2016.0,0.0,3092.0,0.27537399999999995,0.9474239999999999,TUN,TWN,6415
1192954,224,249,1027,2016.0,0.0,1668930.0,0.460247,2.3790400000000003,TUR,TWN,6415
1192955,227,249,1027,2016.0,0.0,44707.0,-0.476836,0.641138,UGA,TWN,6415
1192956,230,249,1027,2016.0,0.0,26597.0,0.040088,-0.27858499999999997,URY,TWN,6415
1192957,231,249,1027,2016.0,23293278.0,10834293.0,1.6991900000000002,-0.146044,USA,TWN,6415
1192958,239,249,1027,2016.0,20663564.0,110901784.0,0.048214,0.6998810000000001,VNM,TWN,6415
1192959,246,249,1027,2016.0,0.0,226662.0,-0.029618000000000002,1.426834,ZAF,TWN,6415
1192960,250,249,1027,2016.0,138309.0,15491.0,0.608271,-0.007568000000000001,ANS,TWN,6415
1192961,0,250,1027,2016.0,0.0,374306.0,0.7897,0.359562,ABW,ANS,6415
1192962,7,250,1027,2016.0,779623.0,212165.0,-0.019275,-0.18309,ARE,ANS,6415
1192963,9,250,1027,2016.0,0.0,6600.0,-0.252904,-0.614643,ARM,ANS,6415
1192964,13,250,1027,2016.0,0.0,2953.0,0.141771,-0.503847,ATG,ANS,6415
1192965,14,250,1027,2016.0,40832.0,29464038.0,-0.585613,-0.245365,AUS,ANS,6415
1192966,15,250,1027,2016.0,195551184.0,0.0,1.743944,-0.051155,AUT,ANS,6415
1192967,18,250,1027,2016.0,4222.0,0.0,1.2947110000000002,1.113058,BEL,ANS,6415
1192968,24,250,1027,2016.0,36109.0,2325.0,0.23993299999999998,-0.5320199999999999,BHR,ANS,6415
1192969,25,250,1027,2016.0,0.0,33366.0,0.453269,-0.48267899999999997,BHS,ANS,6415
1192970,32,250,1027,2016.0,0.0,142745.0,0.284988,1.031028,BRA,ANS,6415
1192971,42,250,1027,2016.0,1618.0,2373.0,-0.162923,-0.20607199999999998,CHL,ANS,6415
1192972,43,250,1027,2016.0,0.0,47180.0,1.249079,1.151045,CHN,ANS,6415
1192973,45,250,1027,2016.0,0.0,1525.0,-1.1342969999999999,-1.101724,CMR,ANS,6415
1192974,47,250,1027,2016.0,0.0,40284.0,-0.562294,-0.9770030000000001,COG,ANS,6415
1192975,49,250,1027,2016.0,1200.0,77299.0,-0.040341,-0.20957699999999999,COL,ANS,6415
1192976,52,250,1027,2016.0,0.0,22687.0,0.28594400000000003,0.131024,CRI,ANS,6415
1192977,58,250,1027,2016.0,0.0,6021.0,0.229275,-0.09704600000000001,CYP,ANS,6415
1192978,59,250,1027,2016.0,0.0,4792874.0,1.818585,0.341356,CZE,ANS,6415
1192979,61,250,1027,2016.0,29794.0,0.0,2.307429,-2.341644,DEU,ANS,6415
1192980,65,250,1027,2016.0,3799.0,21387.0,-0.26926500000000003,0.046345,DOM,ANS,6415
1192981,67,250,1027,2016.0,1720.0,0.0,-1.032726,-1.034297,ECU,ANS,6415
1192982,71,250,1027,2016.0,7922.0,180236.0,0.795006,2.203292,ESP,ANS,6415
1192983,72,250,1027,2016.0,1073.0,720634.0,0.958292,1.190173,EST,ANS,6415
1192984,74,250,1027,2016.0,441475968.0,0.0,1.621764,1.026393,FIN,ANS,6415
1192985,77,250,1027,2016.0,0.0,15583181.0,1.490723,0.8471559999999999,FRA,ANS,6415
1192986,97,250,1027,2016.0,5195.0,0.0,0.877619,1.0765790000000002,HKG,ANS,6415
1192987,102,250,1027,2016.0,3109.0,0.0,1.7056069999999999,0.788768,HUN,ANS,6415
1192988,104,250,1027,2016.0,22304.0,0.0,0.223813,2.787547,IND,ANS,6415
1192989,106,250,1027,2016.0,1375745.0,749257.0,1.320777,0.057924,IRL,ANS,6415
1192990,107,250,1027,2016.0,0.0,35740.0,-0.408637,-0.340544,IRN,ANS,6415
1192991,110,250,1027,2016.0,9000.0,0.0,0.9932219999999999,0.7518819999999999,ISR,ANS,6415
1192992,111,250,1027,2016.0,34521.0,0.0,1.461526,0.316891,ITA,ANS,6415
1192993,113,250,1027,2016.0,238989.0,44646.0,0.100333,0.020786000000000002,JOR,ANS,6415
1192994,120,250,1027,2016.0,0.0,4927.0,0.8190890000000001,-0.24463400000000002,KNA,ANS,6415
1192995,124,250,1027,2016.0,13237.0,0.0,0.385417,1.139648,LBN,ANS,6415
1192996,127,250,1027,2016.0,0.0,5748.0,0.585987,-0.298057,LCA,ANS,6415
1192997,128,250,1027,2016.0,0.0,14334.0,-0.540154,0.22580100000000003,LKA,ANS,6415
1192998,131,250,1027,2016.0,0.0,928041.0,1.217021,1.401214,LUX,ANS,6415
1192999,136,250,1027,2016.0,35410.0,4951.0,-0.979632,-0.63626,MDG,ANS,6415
1193000,144,250,1027,2016.0,0.0,2259.0,0.002245,-0.10263599999999999,MNE,ANS,6415
1193001,147,250,1027,2016.0,0.0,22405.0,-1.207606,-1.0223879999999999,MOZ,ANS,6415
1193002,162,250,1027,2016.0,4295.0,7666.0,1.132192,1.412512,NLD,ANS,6415
1193003,164,250,1027,2016.0,0.0,26215.0,-0.253328,0.33395199999999997,NPL,ANS,6415
1193004,167,250,1027,2016.0,87294.0,0.0,-0.594724,-1.019133,OMN,ANS,6415
1193005,168,250,1027,2016.0,0.0,411747.0,-0.7806810000000001,0.420241,PAK,ANS,6415
1193006,169,250,1027,2016.0,665625.0,17187.0,0.731258,0.649917,PAN,ANS,6415
1193007,177,250,1027,2016.0,0.0,679559.0,1.1068959999999999,1.226985,POL,ANS,6415
1193008,186,250,1027,2016.0,144948.0,1218.0,0.086009,0.300039,RUS,ANS,6415
1193009,191,250,1027,2016.0,3168.0,1068.0,-0.648644,-0.39857800000000004,SEN,ANS,6415
1193010,206,250,1027,2016.0,0.0,2648960.0,1.446588,0.811076,SVK,ANS,6415
1193011,223,250,1027,2016.0,505783.0,9955.0,0.27537399999999995,0.9474239999999999,TUN,ANS,6415
1193012,224,250,1027,2016.0,1397.0,0.0,0.460247,2.3790400000000003,TUR,ANS,6415
1193013,230,250,1027,2016.0,2353.0,0.0,0.040088,-0.27858499999999997,URY,ANS,6415
1193014,239,250,1027,2016.0,28656.0,289728.0,0.048214,0.6998810000000001,VNM,ANS,6415
1193015,246,250,1027,2016.0,10302.0,37167.0,-0.029618000000000002,1.426834,ZAF,ANS,6415
1193016,249,250,1027,2016.0,15491.0,138309.0,2.028455,1.271167,TWN,ANS,6415
1193017,7,2,1027,2016.0,151648.0,0.0,-0.019275,-0.18309,ARE,AGO,6415
1193018,18,2,1027,2016.0,261598.0,0.0,1.2947110000000002,1.113058,BEL,AGO,6415
1193019,32,2,1027,2016.0,283415.0,0.0,0.284988,1.031028,BRA,AGO,6415
1193020,43,2,1027,2016.0,510532.0,0.0,1.249079,1.151045,CHN,AGO,6415
1193021,46,2,1027,2016.0,0.0,92326.0,-1.093544,-1.126599,COD,AGO,6415
1193022,61,2,1027,2016.0,786576.0,0.0,2.307429,-2.341644,DEU,AGO,6415
1193023,71,2,1027,2016.0,170209.0,0.0,0.795006,2.203292,ESP,AGO,6415
1193024,74,2,1027,2016.0,127138.0,0.0,1.621764,1.026393,FIN,AGO,6415
1193025,77,2,1027,2016.0,708548.0,0.0,1.490723,0.8471559999999999,FRA,AGO,6415
1193026,81,2,1027,2016.0,3784.0,0.0,1.569616,1.048129,GBR,AGO,6415
1193027,97,2,1027,2016.0,35726.0,0.0,0.877619,1.0765790000000002,HKG,AGO,6415
1193028,103,2,1027,2016.0,256476.0,0.0,-0.013630000000000001,1.744404,IDN,AGO,6415
1193029,104,2,1027,2016.0,93945.0,0.0,0.223813,2.787547,IND,AGO,6415
1193030,111,2,1027,2016.0,161087.0,0.0,1.461526,0.316891,ITA,AGO,6415
1193031,121,2,1027,2016.0,5623.0,0.0,2.1686389999999998,0.798808,KOR,AGO,6415
1193032,124,2,1027,2016.0,4667.0,0.0,0.385417,1.139648,LBN,AGO,6415
1193033,134,2,1027,2016.0,15063.0,0.0,-0.648329,-0.14071,MAR,AGO,6415
1193034,147,2,1027,2016.0,4940.0,0.0,-1.207606,-1.0223879999999999,MOZ,AGO,6415
1193035,153,2,1027,2016.0,42982.0,0.0,1.091156,0.8383370000000001,MYS,AGO,6415
1193036,155,2,1027,2016.0,12017.0,20767.0,-0.506252,-0.8029350000000001,NAM,AGO,6415
1193037,162,2,1027,2016.0,24352.0,0.0,1.132192,1.412512,NLD,AGO,6415
1193038,163,2,1027,2016.0,3447.0,0.0,0.664183,0.206877,NOR,AGO,6415
1193039,169,2,1027,2016.0,24966.0,0.0,0.731258,0.649917,PAN,AGO,6415
1193040,174,2,1027,2016.0,11203.0,0.0,0.958651,0.324888,PHL,AGO,6415
1193041,179,2,1027,2016.0,10841799.0,0.0,0.661961,2.108517,PRT,AGO,6415
1193042,188,2,1027,2016.0,380084.0,0.0,0.00286,-0.764602,SAU,AGO,6415
1193043,192,2,1027,2016.0,59288.0,0.0,2.0149340000000002,0.613009,SGP,AGO,6415
1193044,208,2,1027,2016.0,52771.0,0.0,1.731295,0.679562,SWE,AGO,6415
1193045,216,2,1027,2016.0,67673.0,0.0,1.3075860000000001,1.151426,THA,AGO,6415
1193046,224,2,1027,2016.0,8712.0,0.0,0.460247,2.3790400000000003,TUR,AGO,6415
1193047,231,2,1027,2016.0,9364.0,0.0,1.6991900000000002,-0.146044,USA,AGO,6415
1193048,239,2,1027,2016.0,19380.0,0.0,0.048214,0.6998810000000001,VNM,AGO,6415
1193049,246,2,1027,2016.0,1550391.0,8416.0,-0.029618000000000002,1.426834,ZAF,AGO,6415
1193050,7,14,1027,2016.0,0.0,428384.0,-0.019275,-0.18309,ARE,AUS,6415
1193051,8,14,1027,2016.0,0.0,69497.0,-0.334847,0.24145100000000003,ARG,AUS,6415
1193052,15,14,1027,2016.0,12025230.0,4733.0,1.743944,-0.051155,AUT,AUS,6415
1193053,18,14,1027,2016.0,8146330.0,146410.0,1.2947110000000002,1.113058,BEL,AUS,6415
1193054,22,14,1027,2016.0,0.0,1900539.0,-1.0177260000000001,-1.1010799999999998,BGD,AUS,6415
1193055,23,14,1027,2016.0,0.0,88005.0,0.509062,1.804648,BGR,AUS,6415
1193056,24,14,1027,2016.0,0.0,288741.0,0.23993299999999998,-0.5320199999999999,BHR,AUS,6415
1193057,26,14,1027,2016.0,0.0,14800.0,0.693416,0.8723540000000001,BIH,AUS,6415
1193058,32,14,1027,2016.0,2120727.0,803842.0,0.284988,1.031028,BRA,AUS,6415
1193059,34,14,1027,2016.0,0.0,1461.0,-1.082406,-0.9169309999999999,BRN,AUS,6415
1193060,37,14,1027,2016.0,0.0,13049.0,-0.9498989999999999,-1.2495319999999999,BWA,AUS,6415
1193061,39,14,1027,2016.0,4439332.0,13241.0,0.541041,1.328065,CAN,AUS,6415
1193062,41,14,1027,2016.0,27255.0,2036.0,2.328616,0.832224,CHE,AUS,6415
1193063,42,14,1027,2016.0,0.0,7526340.0,-0.162923,-0.20607199999999998,CHL,AUS,6415
1193064,43,14,1027,2016.0,43435904.0,1084074.0,1.249079,1.151045,CHN,AUS,6415
1193065,44,14,1027,2016.0,0.0,3491.0,-0.977045,-0.8633299999999999,CIV,AUS,6415
1193066,49,14,1027,2016.0,0.0,140783.0,-0.040341,-0.20957699999999999,COL,AUS,6415
1193067,52,14,1027,2016.0,0.0,211757.0,0.28594400000000003,0.131024,CRI,AUS,6415
1193068,56,14,1027,2016.0,0.0,3602.0,0.905068,-0.549459,CXR,AUS,6415
1193069,58,14,1027,2016.0,103477.0,0.0,0.229275,-0.09704600000000001,CYP,AUS,6415
1193070,59,14,1027,2016.0,1759555.0,0.0,1.818585,0.341356,CZE,AUS,6415
1193071,61,14,1027,2016.0,16912844.0,4763310.0,2.307429,-2.341644,DEU,AUS,6415
1193072,64,14,1027,2016.0,19949.0,0.0,1.0572629999999998,1.4157540000000002,DNK,AUS,6415
1193073,65,14,1027,2016.0,2451.0,1034816.0,-0.26926500000000003,0.046345,DOM,AUS,6415
1193074,67,14,1027,2016.0,0.0,1336705.0,-1.032726,-1.034297,ECU,AUS,6415
1193075,68,14,1027,2016.0,0.0,2039623.0,-0.202127,1.9342419999999998,EGY,AUS,6415
1193076,71,14,1027,2016.0,313353.0,1475766.0,0.795006,2.203292,ESP,AUS,6415
1193077,73,14,1027,2016.0,0.0,5333.0,-1.163689,-0.885724,ETH,AUS,6415
1193078,74,14,1027,2016.0,2132038.0,0.0,1.621764,1.026393,FIN,AUS,6415
1193079,75,14,1027,2016.0,0.0,2746544.0,-0.370598,0.049875,FJI,AUS,6415
1193080,77,14,1027,2016.0,14615478.0,215287.0,1.490723,0.8471559999999999,FRA,AUS,6415
1193081,81,14,1027,2016.0,4237248.0,2125468.0,1.569616,1.048129,GBR,AUS,6415
1193082,83,14,1027,2016.0,0.0,2787.0,-0.9026200000000001,-0.877508,GHA,AUS,6415
1193083,90,14,1027,2016.0,0.0,324394.0,0.053899,1.1259709999999998,GRC,AUS,6415
1193084,93,14,1027,2016.0,0.0,321454.0,-0.397073,0.5736680000000001,GTM,AUS,6415
1193085,97,14,1027,2016.0,67089.0,1909263.0,0.877619,1.0765790000000002,HKG,AUS,6415
1193086,99,14,1027,2016.0,0.0,15366.0,-0.506029,-0.30843899999999996,HND,AUS,6415
1193087,100,14,1027,2016.0,0.0,136981.0,0.850619,1.39544,HRV,AUS,6415
1193088,103,14,1027,2016.0,28025826.0,4497814.0,-0.013630000000000001,1.744404,IDN,AUS,6415
1193089,104,14,1027,2016.0,80624.0,73950.0,0.223813,2.787547,IND,AUS,6415
1193090,106,14,1027,2016.0,212890.0,10162.0,1.320777,0.057924,IRL,AUS,6415
1193091,107,14,1027,2016.0,0.0,54931.0,-0.408637,-0.340544,IRN,AUS,6415
1193092,110,14,1027,2016.0,0.0,2399.0,0.9932219999999999,0.7518819999999999,ISR,AUS,6415
1193093,111,14,1027,2016.0,2464995.0,1830902.0,1.461526,0.316891,ITA,AUS,6415
1193094,113,14,1027,2016.0,0.0,2326272.0,0.100333,0.020786000000000002,JOR,AUS,6415
1193095,114,14,1027,2016.0,716135.0,525808.0,2.550074,-0.479725,JPN,AUS,6415
1193096,118,14,1027,2016.0,0.0,1975602.0,-0.70365,-0.843824,KHM,AUS,6415
1193097,119,14,1027,2016.0,0.0,4955.0,-0.410813,-0.859252,KIR,AUS,6415
1193098,121,14,1027,2016.0,2043280.0,1584356.0,2.1686389999999998,0.798808,KOR,AUS,6415
1193099,122,14,1027,2016.0,0.0,3486.0,-0.401,-1.102991,KWT,AUS,6415
1193100,124,14,1027,2016.0,7481.0,0.0,0.385417,1.139648,LBN,AUS,6415
1193101,128,14,1027,2016.0,0.0,11127780.0,-0.540154,0.22580100000000003,LKA,AUS,6415
1193102,130,14,1027,2016.0,51056.0,468416.0,0.6319130000000001,1.538765,LTU,AUS,6415
1193103,133,14,1027,2016.0,0.0,7031.0,0.517979,0.133195,MAC,AUS,6415
1193104,138,14,1027,2016.0,0.0,27984.0,1.393506,0.64152,MEX,AUS,6415
1193105,143,14,1027,2016.0,0.0,72103.0,-1.0789600000000001,-0.6471180000000001,MMR,AUS,6415
1193106,152,14,1027,2016.0,0.0,15551.0,-0.969781,-1.042325,MWI,AUS,6415
1193107,153,14,1027,2016.0,3587806.0,4637538.0,1.091156,0.8383370000000001,MYS,AUS,6415
1193108,156,14,1027,2016.0,0.0,12206.0,-0.630577,-0.934391,NCL,AUS,6415
1193109,159,14,1027,2016.0,0.0,694821.0,-1.7380830000000003,-1.306938,NGA,AUS,6415
1193110,162,14,1027,2016.0,669639.0,1954795.0,1.132192,1.412512,NLD,AUS,6415
1193111,163,14,1027,2016.0,1371305.0,2327.0,0.664183,0.206877,NOR,AUS,6415
1193112,165,14,1027,2016.0,0.0,11698.0,0.515224,-0.325771,NRU,AUS,6415
1193113,166,14,1027,2016.0,14676391.0,70239096.0,0.093306,0.194895,NZL,AUS,6415
1193114,168,14,1027,2016.0,0.0,229977.0,-0.7806810000000001,0.420241,PAK,AUS,6415
1193115,169,14,1027,2016.0,0.0,250492.0,0.731258,0.649917,PAN,AUS,6415
1193116,173,14,1027,2016.0,0.0,757204.0,-0.818178,-0.0791,PER,AUS,6415
1193117,174,14,1027,2016.0,15734.0,3489004.0,0.958651,0.324888,PHL,AUS,6415
1193118,176,14,1027,2016.0,0.0,5857974.0,-1.7560209999999998,-1.288643,PNG,AUS,6415
1193119,177,14,1027,2016.0,400880.0,1735747.0,1.1068959999999999,1.226985,POL,AUS,6415
1193120,179,14,1027,2016.0,337056.0,19003.0,0.661961,2.108517,PRT,AUS,6415
1193121,180,14,1027,2016.0,0.0,10768.0,-0.665963,-0.967879,PRY,AUS,6415
1193122,182,14,1027,2016.0,0.0,22453.0,0.022294,-0.676078,PYF,AUS,6415
1193123,185,14,1027,2016.0,0.0,2196235.0,1.176177,1.093489,ROU,AUS,6415
1193124,186,14,1027,2016.0,194141.0,0.0,0.086009,0.300039,RUS,AUS,6415
1193125,188,14,1027,2016.0,0.0,99305.0,0.00286,-0.764602,SAU,AUS,6415
1193126,190,14,1027,2016.0,0.0,55215.0,-1.276278,-1.183311,SDN,AUS,6415
1193127,192,14,1027,2016.0,1682521.0,10489258.0,2.0149340000000002,0.613009,SGP,AUS,6415
1193128,195,14,1027,2016.0,0.0,173931.0,-1.458209,-0.9888530000000001,SLB,AUS,6415
1193129,196,14,1027,2016.0,26603.0,0.0,-0.25550500000000004,-0.44618800000000003,SLE,AUS,6415
1193130,197,14,1027,2016.0,0.0,347538.0,0.075546,0.317046,SLV,AUS,6415
1193131,201,14,1027,2016.0,0.0,18473.0,0.608136,1.38132,SRB,AUS,6415
1193132,206,14,1027,2016.0,131880.0,2364.0,1.446588,0.811076,SVK,AUS,6415
1193133,207,14,1027,2016.0,1180.0,235324.0,1.7056200000000001,0.630058,SVN,AUS,6415
1193134,208,14,1027,2016.0,21990026.0,12155.0,1.731295,0.679562,SWE,AUS,6415
1193135,216,14,1027,2016.0,12696508.0,1237581.0,1.3075860000000001,1.151426,THA,AUS,6415
1193136,221,14,1027,2016.0,0.0,66716.0,0.155639,-0.624163,TON,AUS,6415
1193137,222,14,1027,2016.0,0.0,13585.0,-0.184575,-0.9999889999999999,TTO,AUS,6415
1193138,224,14,1027,2016.0,0.0,13271.0,0.460247,2.3790400000000003,TUR,AUS,6415
1193139,226,14,1027,2016.0,0.0,12503.0,-1.01426,0.304263,TZA,AUS,6415
1193140,227,14,1027,2016.0,0.0,71039.0,-0.476836,0.641138,UGA,AUS,6415
1193141,228,14,1027,2016.0,0.0,752452.0,0.240605,0.827153,UKR,AUS,6415
1193142,230,14,1027,2016.0,0.0,86519.0,0.040088,-0.27858499999999997,URY,AUS,6415
1193143,231,14,1027,2016.0,5821428.0,72395280.0,1.6991900000000002,-0.146044,USA,AUS,6415
1193144,239,14,1027,2016.0,4473.0,1647697.0,0.048214,0.6998810000000001,VNM,AUS,6415
1193145,240,14,1027,2016.0,0.0,10186.0,-1.534809,-1.063501,VUT,AUS,6415
1193146,241,14,1027,2016.0,0.0,2802.0,1.371289,-0.43268500000000004,WLF,AUS,6415
1193147,246,14,1027,2016.0,149657.0,3061852.0,-0.029618000000000002,1.426834,ZAF,AUS,6415
1193148,249,14,1027,2016.0,5957567.0,4792727.0,2.028455,1.271167,TWN,AUS,6415
1193149,250,14,1027,2016.0,29464038.0,40832.0,0.608271,-0.007568000000000001,ANS,AUS,6415
1193150,7,16,1027,2016.0,36001.0,0.0,-0.019275,-0.18309,ARE,AZE,6415
1193151,15,16,1027,2016.0,21688.0,0.0,1.743944,-0.051155,AUT,AZE,6415
1193152,28,16,1027,2016.0,89328.0,0.0,0.879499,0.897567,BLR,AZE,6415
1193153,43,16,1027,2016.0,59597.0,0.0,1.249079,1.151045,CHN,AZE,6415
1193154,59,16,1027,2016.0,92821.0,0.0,1.818585,0.341356,CZE,AZE,6415
1193155,61,16,1027,2016.0,22917.0,0.0,2.307429,-2.341644,DEU,AZE,6415
1193156,64,16,1027,2016.0,1267.0,0.0,1.0572629999999998,1.4157540000000002,DNK,AZE,6415
1193157,71,16,1027,2016.0,10864.0,0.0,0.795006,2.203292,ESP,AZE,6415
1193158,74,16,1027,2016.0,55990.0,0.0,1.621764,1.026393,FIN,AZE,6415
1193159,77,16,1027,2016.0,28903.0,0.0,1.490723,0.8471559999999999,FRA,AZE,6415
1193160,81,16,1027,2016.0,16619.0,0.0,1.569616,1.048129,GBR,AZE,6415
1193161,82,16,1027,2016.0,0.0,985512.0,-0.269579,-0.317608,GEO,AZE,6415
1193162,103,16,1027,2016.0,2887.0,0.0,-0.013630000000000001,1.744404,IDN,AZE,6415
1193163,104,16,1027,2016.0,1172.0,0.0,0.223813,2.787547,IND,AZE,6415
1193164,107,16,1027,2016.0,48225.0,231825.0,-0.408637,-0.340544,IRN,AZE,6415
1193165,108,16,1027,2016.0,0.0,658616.0,-1.7382849999999999,-1.037508,IRQ,AZE,6415
1193166,111,16,1027,2016.0,77702.0,0.0,1.461526,0.316891,ITA,AZE,6415
1193167,115,16,1027,2016.0,1777.0,0.0,-0.467305,-0.475451,KAZ,AZE,6415
1193168,124,16,1027,2016.0,1071.0,0.0,0.385417,1.139648,LBN,AZE,6415
1193169,130,16,1027,2016.0,1141.0,0.0,0.6319130000000001,1.538765,LTU,AZE,6415
1193170,162,16,1027,2016.0,17799.0,0.0,1.132192,1.412512,NLD,AZE,6415
1193171,163,16,1027,2016.0,1150.0,0.0,0.664183,0.206877,NOR,AZE,6415
1193172,177,16,1027,2016.0,29754.0,0.0,1.1068959999999999,1.226985,POL,AZE,6415
1193173,179,16,1027,2016.0,5582.0,0.0,0.661961,2.108517,PRT,AZE,6415
1193174,186,16,1027,2016.0,12440293.0,320004.0,0.086009,0.300039,RUS,AZE,6415
1193175,206,16,1027,2016.0,15538.0,0.0,1.446588,0.811076,SVK,AZE,6415
1193176,208,16,1027,2016.0,12829.0,0.0,1.731295,0.679562,SWE,AZE,6415
1193177,216,16,1027,2016.0,30488.0,0.0,1.3075860000000001,1.151426,THA,AZE,6415
1193178,219,16,1027,2016.0,0.0,66524.0,-1.017361,-1.22005,TKM,AZE,6415
1193179,224,16,1027,2016.0,1135390.0,212736.0,0.460247,2.3790400000000003,TUR,AZE,6415
1193180,228,16,1027,2016.0,124430.0,0.0,0.240605,0.827153,UKR,AZE,6415
1193181,231,16,1027,2016.0,4056.0,0.0,1.6991900000000002,-0.146044,USA,AZE,6415
1193182,7,22,1027,2016.0,2001.0,0.0,-0.019275,-0.18309,ARE,BGD,6415
1193183,14,22,1027,2016.0,1900539.0,0.0,-0.585613,-0.245365,AUS,BGD,6415
1193184,18,22,1027,2016.0,22248.0,0.0,1.2947110000000002,1.113058,BEL,BGD,6415
1193185,39,22,1027,2016.0,93114.0,0.0,0.541041,1.328065,CAN,BGD,6415
1193186,43,22,1027,2016.0,10214498.0,0.0,1.249079,1.151045,CHN,BGD,6415
1193187,59,22,1027,2016.0,51026.0,0.0,1.818585,0.341356,CZE,BGD,6415
1193188,61,22,1027,2016.0,3201060.0,0.0,2.307429,-2.341644,DEU,BGD,6415
1193189,71,22,1027,2016.0,949483.0,0.0,0.795006,2.203292,ESP,BGD,6415
1193190,74,22,1027,2016.0,3371157.0,0.0,1.621764,1.026393,FIN,BGD,6415
1193191,77,22,1027,2016.0,9965451.0,0.0,1.490723,0.8471559999999999,FRA,BGD,6415
1193192,81,22,1027,2016.0,6263509.0,0.0,1.569616,1.048129,GBR,BGD,6415
1193193,90,22,1027,2016.0,358735.0,0.0,0.053899,1.1259709999999998,GRC,BGD,6415
1193194,97,22,1027,2016.0,519582.0,0.0,0.877619,1.0765790000000002,HKG,BGD,6415
1193195,103,22,1027,2016.0,6699588.0,0.0,-0.013630000000000001,1.744404,IDN,BGD,6415
1193196,104,22,1027,2016.0,1286106.0,0.0,0.223813,2.787547,IND,BGD,6415
1193197,111,22,1027,2016.0,688491.0,0.0,1.461526,0.316891,ITA,BGD,6415
1193198,114,22,1027,2016.0,4069878.0,0.0,2.550074,-0.479725,JPN,BGD,6415
1193199,121,22,1027,2016.0,4256816.0,0.0,2.1686389999999998,0.798808,KOR,BGD,6415
1193200,128,22,1027,2016.0,281668.0,0.0,-0.540154,0.22580100000000003,LKA,BGD,6415
1193201,153,22,1027,2016.0,7349766.0,0.0,1.091156,0.8383370000000001,MYS,BGD,6415
1193202,162,22,1027,2016.0,244028.0,0.0,1.132192,1.412512,NLD,BGD,6415
1193203,163,22,1027,2016.0,301360.0,0.0,0.664183,0.206877,NOR,BGD,6415
1193204,166,22,1027,2016.0,28143.0,0.0,0.093306,0.194895,NZL,BGD,6415
1193205,168,22,1027,2016.0,265029.0,0.0,-0.7806810000000001,0.420241,PAK,BGD,6415
1193206,177,22,1027,2016.0,937220.0,0.0,1.1068959999999999,1.226985,POL,BGD,6415
1193207,179,22,1027,2016.0,12923.0,0.0,0.661961,2.108517,PRT,BGD,6415
1193208,186,22,1027,2016.0,58341.0,0.0,0.086009,0.300039,RUS,BGD,6415
1193209,188,22,1027,2016.0,577936.0,0.0,0.00286,-0.764602,SAU,BGD,6415
1193210,192,22,1027,2016.0,4099375.0,0.0,2.0149340000000002,0.613009,SGP,BGD,6415
1193211,208,22,1027,2016.0,8335001.0,0.0,1.731295,0.679562,SWE,BGD,6415
1193212,216,22,1027,2016.0,6477453.0,0.0,1.3075860000000001,1.151426,THA,BGD,6415
1193213,224,22,1027,2016.0,44284.0,0.0,0.460247,2.3790400000000003,TUR,BGD,6415
1193214,231,22,1027,2016.0,476389.0,0.0,1.6991900000000002,-0.146044,USA,BGD,6415
1193215,239,22,1027,2016.0,660581.0,0.0,0.048214,0.6998810000000001,VNM,BGD,6415
1193216,246,22,1027,2016.0,301484.0,0.0,-0.029618000000000002,1.426834,ZAF,BGD,6415
1193217,249,22,1027,2016.0,24329684.0,0.0,2.028455,1.271167,TWN,BGD,6415
1193218,7,24,1027,2016.0,179959.0,14648.0,-0.019275,-0.18309,ARE,BHR,6415
1193219,14,24,1027,2016.0,288741.0,0.0,-0.585613,-0.245365,AUS,BHR,6415
1193220,15,24,1027,2016.0,395633.0,0.0,1.743944,-0.051155,AUT,BHR,6415
1193221,18,24,1027,2016.0,257961.0,0.0,1.2947110000000002,1.113058,BEL,BHR,6415
1193222,32,24,1027,2016.0,291849.0,0.0,0.284988,1.031028,BRA,BHR,6415
1193223,41,24,1027,2016.0,1334.0,0.0,2.328616,0.832224,CHE,BHR,6415
1193224,43,24,1027,2016.0,1426913.0,0.0,1.249079,1.151045,CHN,BHR,6415
1193225,59,24,1027,2016.0,85439.0,0.0,1.818585,0.341356,CZE,BHR,6415
1193226,61,24,1027,2016.0,451474.0,0.0,2.307429,-2.341644,DEU,BHR,6415
1193227,68,24,1027,2016.0,12184.0,0.0,-0.202127,1.9342419999999998,EGY,BHR,6415
1193228,71,24,1027,2016.0,107284.0,0.0,0.795006,2.203292,ESP,BHR,6415
1193229,74,24,1027,2016.0,33319.0,0.0,1.621764,1.026393,FIN,BHR,6415
1193230,77,24,1027,2016.0,483365.0,0.0,1.490723,0.8471559999999999,FRA,BHR,6415
1193231,81,24,1027,2016.0,68054.0,0.0,1.569616,1.048129,GBR,BHR,6415
1193232,100,24,1027,2016.0,212261.0,0.0,0.850619,1.39544,HRV,BHR,6415
1193233,102,24,1027,2016.0,87985.0,0.0,1.7056069999999999,0.788768,HUN,BHR,6415
1193234,103,24,1027,2016.0,2158278.0,0.0,-0.013630000000000001,1.744404,IDN,BHR,6415
1193235,104,24,1027,2016.0,138471.0,0.0,0.223813,2.787547,IND,BHR,6415
1193236,111,24,1027,2016.0,116572.0,0.0,1.461526,0.316891,ITA,BHR,6415
1193237,113,24,1027,2016.0,0.0,4905.0,0.100333,0.020786000000000002,JOR,BHR,6415
1193238,114,24,1027,2016.0,89431.0,0.0,2.550074,-0.479725,JPN,BHR,6415
1193239,121,24,1027,2016.0,141173.0,0.0,2.1686389999999998,0.798808,KOR,BHR,6415
1193240,122,24,1027,2016.0,70303.0,2435.0,-0.401,-1.102991,KWT,BHR,6415
1193241,124,24,1027,2016.0,3742.0,1451.0,0.385417,1.139648,LBN,BHR,6415
1193242,153,24,1027,2016.0,2125.0,0.0,1.091156,0.8383370000000001,MYS,BHR,6415
1193243,162,24,1027,2016.0,16469.0,0.0,1.132192,1.412512,NLD,BHR,6415
1193244,163,24,1027,2016.0,10042.0,0.0,0.664183,0.206877,NOR,BHR,6415
1193245,167,24,1027,2016.0,2560.0,1286.0,-0.594724,-1.019133,OMN,BHR,6415
1193246,177,24,1027,2016.0,19961.0,0.0,1.1068959999999999,1.226985,POL,BHR,6415
1193247,179,24,1027,2016.0,18840.0,0.0,0.661961,2.108517,PRT,BHR,6415
1193248,183,24,1027,2016.0,5568.0,35018.0,-0.52984,-1.106589,QAT,BHR,6415
1193249,186,24,1027,2016.0,263284.0,0.0,0.086009,0.300039,RUS,BHR,6415
1193250,188,24,1027,2016.0,1468630.0,82021.0,0.00286,-0.764602,SAU,BHR,6415
1193251,192,24,1027,2016.0,971275.0,8445.0,2.0149340000000002,0.613009,SGP,BHR,6415
1193252,206,24,1027,2016.0,59656.0,0.0,1.446588,0.811076,SVK,BHR,6415
1193253,207,24,1027,2016.0,50185.0,0.0,1.7056200000000001,0.630058,SVN,BHR,6415
1193254,208,24,1027,2016.0,95668.0,0.0,1.731295,0.679562,SWE,BHR,6415
1193255,216,24,1027,2016.0,331561.0,0.0,1.3075860000000001,1.151426,THA,BHR,6415
1193256,224,24,1027,2016.0,5828.0,0.0,0.460247,2.3790400000000003,TUR,BHR,6415
1193257,231,24,1027,2016.0,573752.0,22314.0,1.6991900000000002,-0.146044,USA,BHR,6415
1193258,249,24,1027,2016.0,41659.0,0.0,2.028455,1.271167,TWN,BHR,6415
1193259,250,24,1027,2016.0,2325.0,36109.0,0.608271,-0.007568000000000001,ANS,BHR,6415
1193260,9,28,1027,2016.0,0.0,616969.0,-0.252904,-0.614643,ARM,BLR,6415
1193261,15,28,1027,2016.0,1834826.0,0.0,1.743944,-0.051155,AUT,BLR,6415
1193262,16,28,1027,2016.0,0.0,89328.0,-1.111874,-1.2526059999999999,AZE,BLR,6415
1193263,23,28,1027,2016.0,11395.0,0.0,0.509062,1.804648,BGR,BLR,6415
1193264,43,28,1027,2016.0,554780.0,0.0,1.249079,1.151045,CHN,BLR,6415
1193265,59,28,1027,2016.0,398734.0,115996.0,1.818585,0.341356,CZE,BLR,6415
1193266,61,28,1027,2016.0,1548500.0,248704.0,2.307429,-2.341644,DEU,BLR,6415
1193267,64,28,1027,2016.0,2992.0,0.0,1.0572629999999998,1.4157540000000002,DNK,BLR,6415
1193268,68,28,1027,2016.0,0.0,65580.0,-0.202127,1.9342419999999998,EGY,BLR,6415
1193269,71,28,1027,2016.0,218038.0,0.0,0.795006,2.203292,ESP,BLR,6415
1193270,72,28,1027,2016.0,0.0,30310.0,0.958292,1.190173,EST,BLR,6415
1193271,74,28,1027,2016.0,220265.0,0.0,1.621764,1.026393,FIN,BLR,6415
1193272,77,28,1027,2016.0,152900.0,0.0,1.490723,0.8471559999999999,FRA,BLR,6415
1193273,81,28,1027,2016.0,285968.0,0.0,1.569616,1.048129,GBR,BLR,6415
1193274,82,28,1027,2016.0,0.0,10620.0,-0.269579,-0.317608,GEO,BLR,6415
1193275,102,28,1027,2016.0,4343.0,7207.0,1.7056069999999999,0.788768,HUN,BLR,6415
1193276,108,28,1027,2016.0,0.0,7216.0,-1.7382849999999999,-1.037508,IRQ,BLR,6415
1193277,111,28,1027,2016.0,2073885.0,0.0,1.461526,0.316891,ITA,BLR,6415
1193278,115,28,1027,2016.0,80378.0,88674.0,-0.467305,-0.475451,KAZ,BLR,6415
1193279,116,28,1027,2016.0,6685.0,0.0,-0.483554,0.25645,KEN,BLR,6415
1193280,117,28,1027,2016.0,0.0,20464.0,0.20501100000000003,0.657593,KGZ,BLR,6415
1193281,130,28,1027,2016.0,1482915.0,717332.0,0.6319130000000001,1.538765,LTU,BLR,6415
1193282,132,28,1027,2016.0,126813.0,294945.0,0.46748199999999995,1.228024,LVA,BLR,6415
1193283,135,28,1027,2016.0,13934.0,276635.0,-0.24173200000000003,0.010985,MDA,BLR,6415
1193284,140,28,1027,2016.0,0.0,42396.0,-0.249664,-0.338412,MKD,BLR,6415
1193285,162,28,1027,2016.0,8258.0,0.0,1.132192,1.412512,NLD,BLR,6415
1193286,163,28,1027,2016.0,1370.0,0.0,0.664183,0.206877,NOR,BLR,6415
1193287,168,28,1027,2016.0,0.0,3732.0,-0.7806810000000001,0.420241,PAK,BLR,6415
1193288,177,28,1027,2016.0,6665037.0,2553002.0,1.1068959999999999,1.226985,POL,BLR,6415
1193289,179,28,1027,2016.0,446083.0,0.0,0.661961,2.108517,PRT,BLR,6415
1193290,186,28,1027,2016.0,44456460.0,16728265.0,0.086009,0.300039,RUS,BLR,6415
1193291,201,28,1027,2016.0,12022.0,0.0,0.608136,1.38132,SRB,BLR,6415
1193292,206,28,1027,2016.0,192364.0,0.0,1.446588,0.811076,SVK,BLR,6415
1193293,207,28,1027,2016.0,11677.0,0.0,1.7056200000000001,0.630058,SVN,BLR,6415
1193294,208,28,1027,2016.0,99715.0,0.0,1.731295,0.679562,SWE,BLR,6415
1193295,216,28,1027,2016.0,12531.0,0.0,1.3075860000000001,1.151426,THA,BLR,6415
1193296,219,28,1027,2016.0,0.0,163182.0,-1.017361,-1.22005,TKM,BLR,6415
1193297,224,28,1027,2016.0,106712.0,0.0,0.460247,2.3790400000000003,TUR,BLR,6415
1193298,228,28,1027,2016.0,3162654.0,2560926.0,0.240605,0.827153,UKR,BLR,6415
1193299,231,28,1027,2016.0,15706.0,0.0,1.6991900000000002,-0.146044,USA,BLR,6415
1193300,45,38,1027,2016.0,18607.0,0.0,-1.1342969999999999,-1.101724,CMR,CAF,6415
1193301,64,38,1027,2016.0,1802.0,0.0,1.0572629999999998,1.4157540000000002,DNK,CAF,6415
1193302,77,38,1027,2016.0,54881.0,0.0,1.490723,0.8471559999999999,FRA,CAF,6415
1193303,103,38,1027,2016.0,7850.0,0.0,-0.013630000000000001,1.744404,IDN,CAF,6415
1193304,162,38,1027,2016.0,56356.0,0.0,1.132192,1.412512,NLD,CAF,6415
1193305,190,38,1027,2016.0,0.0,2046.0,-1.276278,-1.183311,SDN,CAF,6415
1193306,216,38,1027,2016.0,5088.0,0.0,1.3075860000000001,1.151426,THA,CAF,6415
1193307,14,58,1027,2016.0,0.0,103477.0,-0.585613,-0.245365,AUS,CYP,6415
1193308,15,58,1027,2016.0,146750.0,0.0,1.743944,-0.051155,AUT,CYP,6415
1193309,18,58,1027,2016.0,55531.0,0.0,1.2947110000000002,1.113058,BEL,CYP,6415
1193310,23,58,1027,2016.0,144340.0,93119.0,0.509062,1.804648,BGR,CYP,6415
1193311,32,58,1027,2016.0,234058.0,0.0,0.284988,1.031028,BRA,CYP,6415
1193312,39,58,1027,2016.0,2145.0,0.0,0.541041,1.328065,CAN,CYP,6415
1193313,43,58,1027,2016.0,225915.0,0.0,1.249079,1.151045,CHN,CYP,6415
1193314,59,58,1027,2016.0,140929.0,38099.0,1.818585,0.341356,CZE,CYP,6415
1193315,61,58,1027,2016.0,1707638.0,0.0,2.307429,-2.341644,DEU,CYP,6415
1193316,68,58,1027,2016.0,14035.0,0.0,-0.202127,1.9342419999999998,EGY,CYP,6415
1193317,71,58,1027,2016.0,275965.0,10393.0,0.795006,2.203292,ESP,CYP,6415
1193318,74,58,1027,2016.0,221080.0,0.0,1.621764,1.026393,FIN,CYP,6415
1193319,77,58,1027,2016.0,213058.0,0.0,1.490723,0.8471559999999999,FRA,CYP,6415
1193320,81,58,1027,2016.0,994845.0,0.0,1.569616,1.048129,GBR,CYP,6415
1193321,90,58,1027,2016.0,798626.0,940503.0,0.053899,1.1259709999999998,GRC,CYP,6415
1193322,103,58,1027,2016.0,3402831.0,0.0,-0.013630000000000001,1.744404,IDN,CYP,6415
1193323,110,58,1027,2016.0,115065.0,14532.0,0.9932219999999999,0.7518819999999999,ISR,CYP,6415
1193324,111,58,1027,2016.0,1727280.0,0.0,1.461526,0.316891,ITA,CYP,6415
1193325,114,58,1027,2016.0,1654.0,0.0,2.550074,-0.479725,JPN,CYP,6415
1193326,121,58,1027,2016.0,25292.0,0.0,2.1686389999999998,0.798808,KOR,CYP,6415
1193327,130,58,1027,2016.0,2354.0,0.0,0.6319130000000001,1.538765,LTU,CYP,6415
1193328,132,58,1027,2016.0,32886.0,0.0,0.46748199999999995,1.228024,LVA,CYP,6415
1193329,142,58,1027,2016.0,0.0,1424.0,0.981182,-0.029401999999999998,MLT,CYP,6415
1193330,162,58,1027,2016.0,613394.0,3843.0,1.132192,1.412512,NLD,CYP,6415
1193331,163,58,1027,2016.0,52012.0,0.0,0.664183,0.206877,NOR,CYP,6415
1193332,174,58,1027,2016.0,2748.0,0.0,0.958651,0.324888,PHL,CYP,6415
1193333,177,58,1027,2016.0,170180.0,0.0,1.1068959999999999,1.226985,POL,CYP,6415
1193334,179,58,1027,2016.0,1462442.0,0.0,0.661961,2.108517,PRT,CYP,6415
1193335,181,58,1027,2016.0,0.0,13067.0,0.09150900000000001,0.693397,PSE,CYP,6415
1193336,186,58,1027,2016.0,317893.0,0.0,0.086009,0.300039,RUS,CYP,6415
1193337,188,58,1027,2016.0,704426.0,0.0,0.00286,-0.764602,SAU,CYP,6415
1193338,192,58,1027,2016.0,572437.0,0.0,2.0149340000000002,0.613009,SGP,CYP,6415
1193339,206,58,1027,2016.0,20833.0,1601.0,1.446588,0.811076,SVK,CYP,6415
1193340,207,58,1027,2016.0,556929.0,0.0,1.7056200000000001,0.630058,SVN,CYP,6415
1193341,208,58,1027,2016.0,795306.0,0.0,1.731295,0.679562,SWE,CYP,6415
1193342,216,58,1027,2016.0,193814.0,0.0,1.3075860000000001,1.151426,THA,CYP,6415
1193343,224,58,1027,2016.0,1245555.0,0.0,0.460247,2.3790400000000003,TUR,CYP,6415
1193344,231,58,1027,2016.0,54562.0,0.0,1.6991900000000002,-0.146044,USA,CYP,6415
1193345,250,58,1027,2016.0,6021.0,0.0,0.608271,-0.007568000000000001,ANS,CYP,6415
1193346,4,59,1027,2016.0,0.0,13894.0,-0.5783550000000001,-0.085516,ALB,CZE,6415
1193347,7,59,1027,2016.0,0.0,145394.0,-0.019275,-0.18309,ARE,CZE,6415
1193348,8,59,1027,2016.0,0.0,46164.0,-0.334847,0.24145100000000003,ARG,CZE,6415
1193349,9,59,1027,2016.0,0.0,1712.0,-0.252904,-0.614643,ARM,CZE,6415
1193350,14,59,1027,2016.0,0.0,1759555.0,-0.585613,-0.245365,AUS,CZE,6415
1193351,15,59,1027,2016.0,43788764.0,9796719.0,1.743944,-0.051155,AUT,CZE,6415
1193352,16,59,1027,2016.0,0.0,92821.0,-1.111874,-1.2526059999999999,AZE,CZE,6415
1193353,18,59,1027,2016.0,537343.0,4159232.0,1.2947110000000002,1.113058,BEL,CZE,6415
1193354,22,59,1027,2016.0,0.0,51026.0,-1.0177260000000001,-1.1010799999999998,BGD,CZE,6415
1193355,23,59,1027,2016.0,335462.0,1028086.0,0.509062,1.804648,BGR,CZE,6415
1193356,24,59,1027,2016.0,0.0,85439.0,0.23993299999999998,-0.5320199999999999,BHR,CZE,6415
1193357,26,59,1027,2016.0,0.0,257733.0,0.693416,0.8723540000000001,BIH,CZE,6415
1193358,28,59,1027,2016.0,115996.0,398734.0,0.879499,0.897567,BLR,CZE,6415
1193359,31,59,1027,2016.0,0.0,20682.0,-1.009709,-0.986669,BOL,CZE,6415
1193360,32,59,1027,2016.0,0.0,67290.0,0.284988,1.031028,BRA,CZE,6415
1193361,37,59,1027,2016.0,0.0,1022.0,-0.9498989999999999,-1.2495319999999999,BWA,CZE,6415
1193362,39,59,1027,2016.0,0.0,860919.0,0.541041,1.328065,CAN,CZE,6415
1193363,41,59,1027,2016.0,20812078.0,1639098.0,2.328616,0.832224,CHE,CZE,6415
1193364,42,59,1027,2016.0,0.0,382202.0,-0.162923,-0.20607199999999998,CHL,CZE,6415
1193365,43,59,1027,2016.0,217921.0,298928.0,1.249079,1.151045,CHN,CZE,6415
1193366,44,59,1027,2016.0,6385.0,35900.0,-0.977045,-0.8633299999999999,CIV,CZE,6415
1193367,47,59,1027,2016.0,0.0,121792.0,-0.562294,-0.9770030000000001,COG,CZE,6415
1193368,49,59,1027,2016.0,0.0,118800.0,-0.040341,-0.20957699999999999,COL,CZE,6415
1193369,58,59,1027,2016.0,38099.0,140929.0,0.229275,-0.09704600000000001,CYP,CZE,6415
1193370,61,59,1027,2016.0,212590704.0,38590736.0,2.307429,-2.341644,DEU,CZE,6415
1193371,64,59,1027,2016.0,200852.0,1290420.0,1.0572629999999998,1.4157540000000002,DNK,CZE,6415
1193372,65,59,1027,2016.0,0.0,27591.0,-0.26926500000000003,0.046345,DOM,CZE,6415
1193373,66,59,1027,2016.0,0.0,154873.0,-1.243568,-1.232077,DZA,CZE,6415
1193374,67,59,1027,2016.0,0.0,42717.0,-1.032726,-1.034297,ECU,CZE,6415
1193375,68,59,1027,2016.0,0.0,8662690.0,-0.202127,1.9342419999999998,EGY,CZE,6415
1193376,71,59,1027,2016.0,870911.0,1929814.0,0.795006,2.203292,ESP,CZE,6415
1193377,72,59,1027,2016.0,5098.0,153996.0,0.958292,1.190173,EST,CZE,6415
1193378,74,59,1027,2016.0,2291612.0,259463.0,1.621764,1.026393,FIN,CZE,6415
1193379,77,59,1027,2016.0,8377662.0,8386885.0,1.490723,0.8471559999999999,FRA,CZE,6415
1193380,80,59,1027,2016.0,0.0,20495.0,-1.257455,-1.226416,GAB,CZE,6415
1193381,81,59,1027,2016.0,4984685.0,14048578.0,1.569616,1.048129,GBR,CZE,6415
1193382,82,59,1027,2016.0,0.0,7075.0,-0.269579,-0.317608,GEO,CZE,6415
1193383,90,59,1027,2016.0,0.0,1433761.0,0.053899,1.1259709999999998,GRC,CZE,6415
1193384,97,59,1027,2016.0,2639.0,19963.0,0.877619,1.0765790000000002,HKG,CZE,6415
1193385,100,59,1027,2016.0,811421.0,2834344.0,0.850619,1.39544,HRV,CZE,6415
1193386,102,59,1027,2016.0,5417956.0,5619639.0,1.7056069999999999,0.788768,HUN,CZE,6415
1193387,103,59,1027,2016.0,161982.0,31935.0,-0.013630000000000001,1.744404,IDN,CZE,6415
1193388,104,59,1027,2016.0,9691.0,278247.0,0.223813,2.787547,IND,CZE,6415
1193389,106,59,1027,2016.0,2770.0,4230322.0,1.320777,0.057924,IRL,CZE,6415
1193390,107,59,1027,2016.0,6219.0,427502.0,-0.408637,-0.340544,IRN,CZE,6415
1193391,109,59,1027,2016.0,0.0,12190.0,0.099623,-0.404352,ISL,CZE,6415
1193392,110,59,1027,2016.0,1592.0,1979348.0,0.9932219999999999,0.7518819999999999,ISR,CZE,6415
1193393,111,59,1027,2016.0,13363718.0,10838692.0,1.461526,0.316891,ITA,CZE,6415
1193394,113,59,1027,2016.0,7317.0,58233.0,0.100333,0.020786000000000002,JOR,CZE,6415
1193395,114,59,1027,2016.0,150405.0,3130.0,2.550074,-0.479725,JPN,CZE,6415
1193396,115,59,1027,2016.0,0.0,30568.0,-0.467305,-0.475451,KAZ,CZE,6415
1193397,116,59,1027,2016.0,0.0,85712.0,-0.483554,0.25645,KEN,CZE,6415
1193398,121,59,1027,2016.0,4845.0,793696.0,2.1686389999999998,0.798808,KOR,CZE,6415
1193399,122,59,1027,2016.0,0.0,1900.0,-0.401,-1.102991,KWT,CZE,6415
1193400,124,59,1027,2016.0,0.0,40571.0,0.385417,1.139648,LBN,CZE,6415
1193401,130,59,1027,2016.0,1130028.0,301461.0,0.6319130000000001,1.538765,LTU,CZE,6415
1193402,131,59,1027,2016.0,9373.0,4281.0,1.217021,1.401214,LUX,CZE,6415
1193403,132,59,1027,2016.0,0.0,138240.0,0.46748199999999995,1.228024,LVA,CZE,6415
1193404,134,59,1027,2016.0,49125.0,158257.0,-0.648329,-0.14071,MAR,CZE,6415
1193405,135,59,1027,2016.0,18372.0,775398.0,-0.24173200000000003,0.010985,MDA,CZE,6415
1193406,138,59,1027,2016.0,0.0,106114.0,1.393506,0.64152,MEX,CZE,6415
1193407,140,59,1027,2016.0,0.0,161926.0,-0.249664,-0.338412,MKD,CZE,6415
1193408,142,59,1027,2016.0,0.0,147975.0,0.981182,-0.029401999999999998,MLT,CZE,6415
1193409,144,59,1027,2016.0,0.0,10275.0,0.002245,-0.10263599999999999,MNE,CZE,6415
1193410,153,59,1027,2016.0,0.0,136550.0,1.091156,0.8383370000000001,MYS,CZE,6415
1193411,159,59,1027,2016.0,0.0,161078.0,-1.7380830000000003,-1.306938,NGA,CZE,6415
1193412,162,59,1027,2016.0,14502494.0,20047896.0,1.132192,1.412512,NLD,CZE,6415
1193413,163,59,1027,2016.0,8640207.0,930169.0,0.664183,0.206877,NOR,CZE,6415
1193414,166,59,1027,2016.0,0.0,128849.0,0.093306,0.194895,NZL,CZE,6415
1193415,167,59,1027,2016.0,0.0,2341.0,-0.594724,-1.019133,OMN,CZE,6415
1193416,168,59,1027,2016.0,0.0,152180.0,-0.7806810000000001,0.420241,PAK,CZE,6415
1193417,173,59,1027,2016.0,0.0,54510.0,-0.818178,-0.0791,PER,CZE,6415
1193418,177,59,1027,2016.0,42619040.0,25270830.0,1.1068959999999999,1.226985,POL,CZE,6415
1193419,179,59,1027,2016.0,3130034.0,1298566.0,0.661961,2.108517,PRT,CZE,6415
1193420,185,59,1027,2016.0,63326.0,2379046.0,1.176177,1.093489,ROU,CZE,6415
1193421,186,59,1027,2016.0,316715.0,5839594.0,0.086009,0.300039,RUS,CZE,6415
1193422,188,59,1027,2016.0,0.0,439152.0,0.00286,-0.764602,SAU,CZE,6415
1193423,191,59,1027,2016.0,0.0,4942.0,-0.648644,-0.39857800000000004,SEN,CZE,6415
1193424,192,59,1027,2016.0,1814.0,7590.0,2.0149340000000002,0.613009,SGP,CZE,6415
1193425,197,59,1027,2016.0,0.0,4150.0,0.075546,0.317046,SLV,CZE,6415
1193426,201,59,1027,2016.0,750054.0,1225474.0,0.608136,1.38132,SRB,CZE,6415
1193427,206,59,1027,2016.0,36961932.0,15271510.0,1.446588,0.811076,SVK,CZE,6415
1193428,207,59,1027,2016.0,1103383.0,3249376.0,1.7056200000000001,0.630058,SVN,CZE,6415
1193429,208,59,1027,2016.0,31009068.0,1946491.0,1.731295,0.679562,SWE,CZE,6415
1193430,216,59,1027,2016.0,13169.0,296426.0,1.3075860000000001,1.151426,THA,CZE,6415
1193431,223,59,1027,2016.0,0.0,214683.0,0.27537399999999995,0.9474239999999999,TUN,CZE,6415
1193432,224,59,1027,2016.0,0.0,1992787.0,0.460247,2.3790400000000003,TUR,CZE,6415
1193433,228,59,1027,2016.0,164959.0,1163544.0,0.240605,0.827153,UKR,CZE,6415
1193434,231,59,1027,2016.0,119044.0,3259258.0,1.6991900000000002,-0.146044,USA,CZE,6415
1193435,236,59,1027,2016.0,0.0,82438.0,-1.2837120000000002,-1.2503879999999998,VEN,CZE,6415
1193436,246,59,1027,2016.0,0.0,4347563.0,-0.029618000000000002,1.426834,ZAF,CZE,6415
1193437,249,59,1027,2016.0,2424.0,2373.0,2.028455,1.271167,TWN,CZE,6415
1193438,250,59,1027,2016.0,4792874.0,0.0,0.608271,-0.007568000000000001,ANS,CZE,6415
1193439,4,68,1027,2016.0,0.0,7872.0,-0.5783550000000001,-0.085516,ALB,EGY,6415
1193440,7,68,1027,2016.0,455364.0,486438.0,-0.019275,-0.18309,ARE,EGY,6415
1193441,9,68,1027,2016.0,0.0,2448.0,-0.252904,-0.614643,ARM,EGY,6415
1193442,14,68,1027,2016.0,2039623.0,0.0,-0.585613,-0.245365,AUS,EGY,6415
1193443,15,68,1027,2016.0,5677153.0,0.0,1.743944,-0.051155,AUT,EGY,6415
1193444,18,68,1027,2016.0,1499602.0,0.0,1.2947110000000002,1.113058,BEL,EGY,6415
1193445,23,68,1027,2016.0,528253.0,0.0,0.509062,1.804648,BGR,EGY,6415
1193446,24,68,1027,2016.0,0.0,12184.0,0.23993299999999998,-0.5320199999999999,BHR,EGY,6415
1193447,28,68,1027,2016.0,65580.0,0.0,0.879499,0.897567,BLR,EGY,6415
1193448,32,68,1027,2016.0,9231634.0,0.0,0.284988,1.031028,BRA,EGY,6415
1193449,39,68,1027,2016.0,442302.0,0.0,0.541041,1.328065,CAN,EGY,6415
1193450,41,68,1027,2016.0,1716352.0,0.0,2.328616,0.832224,CHE,EGY,6415
1193451,42,68,1027,2016.0,6396.0,0.0,-0.162923,-0.20607199999999998,CHL,EGY,6415
1193452,43,68,1027,2016.0,9443617.0,0.0,1.249079,1.151045,CHN,EGY,6415
1193453,49,68,1027,2016.0,5606.0,0.0,-0.040341,-0.20957699999999999,COL,EGY,6415
1193454,58,68,1027,2016.0,0.0,14035.0,0.229275,-0.09704600000000001,CYP,EGY,6415
1193455,59,68,1027,2016.0,8662690.0,0.0,1.818585,0.341356,CZE,EGY,6415
1193456,61,68,1027,2016.0,13753824.0,17510.0,2.307429,-2.341644,DEU,EGY,6415
1193457,66,68,1027,2016.0,0.0,22368.0,-1.243568,-1.232077,DZA,EGY,6415
1193458,71,68,1027,2016.0,8842430.0,0.0,0.795006,2.203292,ESP,EGY,6415
1193459,73,68,1027,2016.0,0.0,62433.0,-1.163689,-0.885724,ETH,EGY,6415
1193460,74,68,1027,2016.0,31220922.0,0.0,1.621764,1.026393,FIN,EGY,6415
1193461,77,68,1027,2016.0,6088138.0,5642.0,1.490723,0.8471559999999999,FRA,EGY,6415
1193462,81,68,1027,2016.0,14411153.0,140233.0,1.569616,1.048129,GBR,EGY,6415
1193463,90,68,1027,2016.0,73482.0,86171.0,0.053899,1.1259709999999998,GRC,EGY,6415
1193464,97,68,1027,2016.0,1527.0,0.0,0.877619,1.0765790000000002,HKG,EGY,6415
1193465,99,68,1027,2016.0,0.0,4310.0,-0.506029,-0.30843899999999996,HND,EGY,6415
1193466,100,68,1027,2016.0,349245.0,0.0,0.850619,1.39544,HRV,EGY,6415
1193467,102,68,1027,2016.0,2369768.0,0.0,1.7056069999999999,0.788768,HUN,EGY,6415
1193468,103,68,1027,2016.0,24154634.0,0.0,-0.013630000000000001,1.744404,IDN,EGY,6415
1193469,104,68,1027,2016.0,4077286.0,0.0,0.223813,2.787547,IND,EGY,6415
1193470,108,68,1027,2016.0,0.0,21900.0,-1.7382849999999999,-1.037508,IRQ,EGY,6415
1193471,110,68,1027,2016.0,2016796.0,117769.0,0.9932219999999999,0.7518819999999999,ISR,EGY,6415
1193472,111,68,1027,2016.0,12483383.0,30559.0,1.461526,0.316891,ITA,EGY,6415
1193473,113,68,1027,2016.0,21757.0,263577.0,0.100333,0.020786000000000002,JOR,EGY,6415
1193474,114,68,1027,2016.0,391636.0,0.0,2.550074,-0.479725,JPN,EGY,6415
1193475,116,68,1027,2016.0,0.0,654583.0,-0.483554,0.25645,KEN,EGY,6415
1193476,121,68,1027,2016.0,588137.0,0.0,2.1686389999999998,0.798808,KOR,EGY,6415
1193477,122,68,1027,2016.0,366285.0,32160.0,-0.401,-1.102991,KWT,EGY,6415
1193478,124,68,1027,2016.0,3481492.0,354396.0,0.385417,1.139648,LBN,EGY,6415
1193479,126,68,1027,2016.0,0.0,628668.0,-1.120678,-1.222803,LBY,EGY,6415
1193480,134,68,1027,2016.0,0.0,19503.0,-0.648329,-0.14071,MAR,EGY,6415
1193481,148,68,1027,2016.0,0.0,61368.0,-1.5601770000000001,-1.3474899999999999,MRT,EGY,6415
1193482,153,68,1027,2016.0,315457.0,0.0,1.091156,0.8383370000000001,MYS,EGY,6415
1193483,159,68,1027,2016.0,0.0,46363.0,-1.7380830000000003,-1.306938,NGA,EGY,6415
1193484,162,68,1027,2016.0,2074190.0,103694.0,1.132192,1.412512,NLD,EGY,6415
1193485,163,68,1027,2016.0,1618693.0,0.0,0.664183,0.206877,NOR,EGY,6415
1193486,167,68,1027,2016.0,0.0,992664.0,-0.594724,-1.019133,OMN,EGY,6415
1193487,177,68,1027,2016.0,4900724.0,11702.0,1.1068959999999999,1.226985,POL,EGY,6415
1193488,179,68,1027,2016.0,43683424.0,3981.0,0.661961,2.108517,PRT,EGY,6415
1193489,181,68,1027,2016.0,0.0,117502.0,0.09150900000000001,0.693397,PSE,EGY,6415
1193490,185,68,1027,2016.0,136308.0,5127.0,1.176177,1.093489,ROU,EGY,6415
1193491,186,68,1027,2016.0,5773842.0,0.0,0.086009,0.300039,RUS,EGY,6415
1193492,187,68,1027,2016.0,0.0,871822.0,-0.57693,-0.476909,RWA,EGY,6415
1193493,188,68,1027,2016.0,3971383.0,18575322.0,0.00286,-0.764602,SAU,EGY,6415
1193494,190,68,1027,2016.0,2400.0,950263.0,-1.276278,-1.183311,SDN,EGY,6415
1193495,191,68,1027,2016.0,0.0,71386.0,-0.648644,-0.39857800000000004,SEN,EGY,6415
1193496,192,68,1027,2016.0,188877.0,2140.0,2.0149340000000002,0.613009,SGP,EGY,6415
1193497,206,68,1027,2016.0,8914046.0,0.0,1.446588,0.811076,SVK,EGY,6415
1193498,207,68,1027,2016.0,1724569.0,0.0,1.7056200000000001,0.630058,SVN,EGY,6415
1193499,208,68,1027,2016.0,6703818.0,0.0,1.731295,0.679562,SWE,EGY,6415
1193500,212,68,1027,2016.0,0.0,1915812.0,-0.78566,-0.006305,SYR,EGY,6415
1193501,216,68,1027,2016.0,4701090.0,0.0,1.3075860000000001,1.151426,THA,EGY,6415
1193502,223,68,1027,2016.0,0.0,67580.0,0.27537399999999995,0.9474239999999999,TUN,EGY,6415
1193503,224,68,1027,2016.0,2551838.0,2320944.0,0.460247,2.3790400000000003,TUR,EGY,6415
1193504,227,68,1027,2016.0,0.0,437159.0,-0.476836,0.641138,UGA,EGY,6415
1193505,231,68,1027,2016.0,3942377.0,429162.0,1.6991900000000002,-0.146044,USA,EGY,6415
1193506,243,68,1027,2016.0,0.0,24636.0,-0.99136,-1.1587049999999999,YEM,EGY,6415
1193507,249,68,1027,2016.0,134479.0,0.0,2.028455,1.271167,TWN,EGY,6415
1193508,2,74,1027,2016.0,0.0,127138.0,-0.986722,-1.1941979999999999,AGO,FIN,6415
1193509,4,74,1027,2016.0,0.0,136394.0,-0.5783550000000001,-0.085516,ALB,FIN,6415
1193510,7,74,1027,2016.0,0.0,6558803.0,-0.019275,-0.18309,ARE,FIN,6415
1193511,8,74,1027,2016.0,0.0,6937304.0,-0.334847,0.24145100000000003,ARG,FIN,6415
1193512,9,74,1027,2016.0,0.0,33152.0,-0.252904,-0.614643,ARM,FIN,6415
1193513,14,74,1027,2016.0,0.0,2132038.0,-0.585613,-0.245365,AUS,FIN,6415
1193514,15,74,1027,2016.0,4189145.0,2992225.0,1.743944,-0.051155,AUT,FIN,6415
1193515,16,74,1027,2016.0,0.0,55990.0,-1.111874,-1.2526059999999999,AZE,FIN,6415
1193516,18,74,1027,2016.0,478325.0,143142176.0,1.2947110000000002,1.113058,BEL,FIN,6415
1193517,19,74,1027,2016.0,0.0,29075.0,-0.863777,-0.913193,BEN,FIN,6415
1193518,21,74,1027,2016.0,0.0,11265.0,-0.861491,-0.9462379999999999,BFA,FIN,6415
1193519,22,74,1027,2016.0,0.0,3371157.0,-1.0177260000000001,-1.1010799999999998,BGD,FIN,6415
1193520,23,74,1027,2016.0,26996.0,3238477.0,0.509062,1.804648,BGR,FIN,6415
1193521,24,74,1027,2016.0,0.0,33319.0,0.23993299999999998,-0.5320199999999999,BHR,FIN,6415
1193522,26,74,1027,2016.0,0.0,37628.0,0.693416,0.8723540000000001,BIH,FIN,6415
1193523,28,74,1027,2016.0,0.0,220265.0,0.879499,0.897567,BLR,FIN,6415
1193524,31,74,1027,2016.0,0.0,1358.0,-1.009709,-0.986669,BOL,FIN,6415
1193525,32,74,1027,2016.0,5315.0,12106582.0,0.284988,1.031028,BRA,FIN,6415
1193526,39,74,1027,2016.0,0.0,3480979.0,0.541041,1.328065,CAN,FIN,6415
1193527,41,74,1027,2016.0,846262.0,3066854.0,2.328616,0.832224,CHE,FIN,6415
1193528,42,74,1027,2016.0,0.0,6915692.0,-0.162923,-0.20607199999999998,CHL,FIN,6415
1193529,43,74,1027,2016.0,123032.0,26090568.0,1.249079,1.151045,CHN,FIN,6415
1193530,44,74,1027,2016.0,0.0,1285316.0,-0.977045,-0.8633299999999999,CIV,FIN,6415
1193531,45,74,1027,2016.0,0.0,1286825.0,-1.1342969999999999,-1.101724,CMR,FIN,6415
1193532,49,74,1027,2016.0,0.0,12114741.0,-0.040341,-0.20957699999999999,COL,FIN,6415
1193533,52,74,1027,2016.0,0.0,121641.0,0.28594400000000003,0.131024,CRI,FIN,6415
1193534,54,74,1027,2016.0,0.0,267389.0,-0.6960850000000001,-1.166981,CUB,FIN,6415
1193535,58,74,1027,2016.0,0.0,221080.0,0.229275,-0.09704600000000001,CYP,FIN,6415
1193536,59,74,1027,2016.0,259463.0,2291612.0,1.818585,0.341356,CZE,FIN,6415
1193537,61,74,1027,2016.0,19213104.0,269735904.0,2.307429,-2.341644,DEU,FIN,6415
1193538,64,74,1027,2016.0,1142733.0,10927429.0,1.0572629999999998,1.4157540000000002,DNK,FIN,6415
1193539,65,74,1027,2016.0,0.0,79402.0,-0.26926500000000003,0.046345,DOM,FIN,6415
1193540,66,74,1027,2016.0,0.0,13632425.0,-1.243568,-1.232077,DZA,FIN,6415
1193541,67,74,1027,2016.0,0.0,1761145.0,-1.032726,-1.034297,ECU,FIN,6415
1193542,68,74,1027,2016.0,0.0,31220922.0,-0.202127,1.9342419999999998,EGY,FIN,6415
1193543,71,74,1027,2016.0,785118.0,115061872.0,0.795006,2.203292,ESP,FIN,6415
1193544,72,74,1027,2016.0,677691.0,9829173.0,0.958292,1.190173,EST,FIN,6415
1193545,73,74,1027,2016.0,0.0,44677.0,-1.163689,-0.885724,ETH,FIN,6415
1193546,77,74,1027,2016.0,1801391.0,62928764.0,1.490723,0.8471559999999999,FRA,FIN,6415
1193547,81,74,1027,2016.0,6250171.0,188268368.0,1.569616,1.048129,GBR,FIN,6415
1193548,82,74,1027,2016.0,0.0,71788.0,-0.269579,-0.317608,GEO,FIN,6415
1193549,83,74,1027,2016.0,0.0,3060480.0,-0.9026200000000001,-0.877508,GHA,FIN,6415
1193550,90,74,1027,2016.0,0.0,10365713.0,0.053899,1.1259709999999998,GRC,FIN,6415
1193551,93,74,1027,2016.0,0.0,725946.0,-0.397073,0.5736680000000001,GTM,FIN,6415
1193552,97,74,1027,2016.0,0.0,1095020.0,0.877619,1.0765790000000002,HKG,FIN,6415
1193553,99,74,1027,2016.0,71705.0,201784.0,-0.506029,-0.30843899999999996,HND,FIN,6415
1193554,100,74,1027,2016.0,0.0,197292.0,0.850619,1.39544,HRV,FIN,6415
1193555,102,74,1027,2016.0,265308.0,4626500.0,1.7056069999999999,0.788768,HUN,FIN,6415
1193556,103,74,1027,2016.0,0.0,1221854.0,-0.013630000000000001,1.744404,IDN,FIN,6415
1193557,104,74,1027,2016.0,0.0,8768422.0,0.223813,2.787547,IND,FIN,6415
1193558,106,74,1027,2016.0,7817.0,6807000.0,1.320777,0.057924,IRL,FIN,6415
1193559,107,74,1027,2016.0,0.0,5467538.0,-0.408637,-0.340544,IRN,FIN,6415
1193560,108,74,1027,2016.0,0.0,68912.0,-1.7382849999999999,-1.037508,IRQ,FIN,6415
1193561,109,74,1027,2016.0,0.0,775488.0,0.099623,-0.404352,ISL,FIN,6415
1193562,110,74,1027,2016.0,0.0,5707979.0,0.9932219999999999,0.7518819999999999,ISR,FIN,6415
1193563,111,74,1027,2016.0,474276.0,45820152.0,1.461526,0.316891,ITA,FIN,6415
1193564,112,74,1027,2016.0,0.0,15056.0,-0.25619400000000003,-0.62326,JAM,FIN,6415
1193565,113,74,1027,2016.0,0.0,2362596.0,0.100333,0.020786000000000002,JOR,FIN,6415
1193566,114,74,1027,2016.0,26406.0,9871541.0,2.550074,-0.479725,JPN,FIN,6415
1193567,115,74,1027,2016.0,0.0,1213684.0,-0.467305,-0.475451,KAZ,FIN,6415
1193568,116,74,1027,2016.0,0.0,685762.0,-0.483554,0.25645,KEN,FIN,6415
1193569,117,74,1027,2016.0,0.0,4741.0,0.20501100000000003,0.657593,KGZ,FIN,6415
1193570,118,74,1027,2016.0,0.0,115683.0,-0.70365,-0.843824,KHM,FIN,6415
1193571,121,74,1027,2016.0,0.0,3695415.0,2.1686389999999998,0.798808,KOR,FIN,6415
1193572,122,74,1027,2016.0,0.0,270924.0,-0.401,-1.102991,KWT,FIN,6415
1193573,124,74,1027,2016.0,0.0,4849903.0,0.385417,1.139648,LBN,FIN,6415
1193574,128,74,1027,2016.0,0.0,133611.0,-0.540154,0.22580100000000003,LKA,FIN,6415
1193575,130,74,1027,2016.0,2213046.0,1480897.0,0.6319130000000001,1.538765,LTU,FIN,6415
1193576,131,74,1027,2016.0,0.0,440153.0,1.217021,1.401214,LUX,FIN,6415
1193577,132,74,1027,2016.0,40275.0,1309258.0,0.46748199999999995,1.228024,LVA,FIN,6415
1193578,133,74,1027,2016.0,2740.0,3337.0,0.517979,0.133195,MAC,FIN,6415
1193579,134,74,1027,2016.0,23438.0,21175820.0,-0.648329,-0.14071,MAR,FIN,6415
1193580,135,74,1027,2016.0,0.0,559139.0,-0.24173200000000003,0.010985,MDA,FIN,6415
1193581,138,74,1027,2016.0,0.0,5946302.0,1.393506,0.64152,MEX,FIN,6415
1193582,140,74,1027,2016.0,0.0,13934.0,-0.249664,-0.338412,MKD,FIN,6415
1193583,141,74,1027,2016.0,0.0,104390.0,-0.405979,-0.6190869999999999,MLI,FIN,6415
1193584,142,74,1027,2016.0,0.0,120481.0,0.981182,-0.029401999999999998,MLT,FIN,6415
1193585,144,74,1027,2016.0,0.0,2236.0,0.002245,-0.10263599999999999,MNE,FIN,6415
1193586,145,74,1027,2016.0,0.0,20996.0,-0.9833780000000001,-1.062642,MNG,FIN,6415
1193587,148,74,1027,2016.0,0.0,44782.0,-1.5601770000000001,-1.3474899999999999,MRT,FIN,6415
1193588,151,74,1027,2016.0,0.0,43322.0,-0.334969,0.005404,MUS,FIN,6415
1193589,153,74,1027,2016.0,0.0,4724502.0,1.091156,0.8383370000000001,MYS,FIN,6415
1193590,155,74,1027,2016.0,0.0,4875.0,-0.506252,-0.8029350000000001,NAM,FIN,6415
1193591,159,74,1027,2016.0,0.0,1711042.0,-1.7380830000000003,-1.306938,NGA,FIN,6415
1193592,162,74,1027,2016.0,4513608.0,56438800.0,1.132192,1.412512,NLD,FIN,6415
1193593,163,74,1027,2016.0,2000386.0,8551054.0,0.664183,0.206877,NOR,FIN,6415
1193594,166,74,1027,2016.0,0.0,3869576.0,0.093306,0.194895,NZL,FIN,6415
1193595,167,74,1027,2016.0,0.0,36360.0,-0.594724,-1.019133,OMN,FIN,6415
1193596,168,74,1027,2016.0,0.0,1382802.0,-0.7806810000000001,0.420241,PAK,FIN,6415
1193597,173,74,1027,2016.0,0.0,4174611.0,-0.818178,-0.0791,PER,FIN,6415
1193598,174,74,1027,2016.0,0.0,31964414.0,0.958651,0.324888,PHL,FIN,6415
1193599,177,74,1027,2016.0,13645428.0,36180572.0,1.1068959999999999,1.226985,POL,FIN,6415
1193600,179,74,1027,2016.0,951842.0,3665815.0,0.661961,2.108517,PRT,FIN,6415
1193601,180,74,1027,2016.0,0.0,391174.0,-0.665963,-0.967879,PRY,FIN,6415
1193602,181,74,1027,2016.0,0.0,298445.0,0.09150900000000001,0.693397,PSE,FIN,6415
1193603,183,74,1027,2016.0,0.0,79905.0,-0.52984,-1.106589,QAT,FIN,6415
1193604,185,74,1027,2016.0,0.0,2724652.0,1.176177,1.093489,ROU,FIN,6415
1193605,186,74,1027,2016.0,1837858.0,29543828.0,0.086009,0.300039,RUS,FIN,6415
1193606,188,74,1027,2016.0,0.0,8061478.0,0.00286,-0.764602,SAU,FIN,6415
1193607,190,74,1027,2016.0,0.0,149282.0,-1.276278,-1.183311,SDN,FIN,6415
1193608,191,74,1027,2016.0,0.0,281410.0,-0.648644,-0.39857800000000004,SEN,FIN,6415
1193609,192,74,1027,2016.0,0.0,1053748.0,2.0149340000000002,0.613009,SGP,FIN,6415
1193610,197,74,1027,2016.0,0.0,1041186.0,0.075546,0.317046,SLV,FIN,6415
1193611,201,74,1027,2016.0,0.0,2738849.0,0.608136,1.38132,SRB,FIN,6415
1193612,206,74,1027,2016.0,33437.0,3062352.0,1.446588,0.811076,SVK,FIN,6415
1193613,207,74,1027,2016.0,0.0,227463.0,1.7056200000000001,0.630058,SVN,FIN,6415
1193614,208,74,1027,2016.0,15073058.0,59937520.0,1.731295,0.679562,SWE,FIN,6415
1193615,212,74,1027,2016.0,0.0,929369.0,-0.78566,-0.006305,SYR,FIN,6415
1193616,216,74,1027,2016.0,49186.0,2709735.0,1.3075860000000001,1.151426,THA,FIN,6415
1193617,219,74,1027,2016.0,0.0,360588.0,-1.017361,-1.22005,TKM,FIN,6415
1193618,223,74,1027,2016.0,0.0,2473078.0,0.27537399999999995,0.9474239999999999,TUN,FIN,6415
1193619,224,74,1027,2016.0,0.0,34553708.0,0.460247,2.3790400000000003,TUR,FIN,6415
1193620,226,74,1027,2016.0,0.0,130761.0,-1.01426,0.304263,TZA,FIN,6415
1193621,227,74,1027,2016.0,0.0,52341.0,-0.476836,0.641138,UGA,FIN,6415
1193622,228,74,1027,2016.0,0.0,25861448.0,0.240605,0.827153,UKR,FIN,6415
1193623,230,74,1027,2016.0,0.0,473489.0,0.040088,-0.27858499999999997,URY,FIN,6415
1193624,231,74,1027,2016.0,263207.0,180978864.0,1.6991900000000002,-0.146044,USA,FIN,6415
1193625,232,74,1027,2016.0,0.0,1284475.0,-0.672362,-0.574391,UZB,FIN,6415
1193626,236,74,1027,2016.0,0.0,56662.0,-1.2837120000000002,-1.2503879999999998,VEN,FIN,6415
1193627,239,74,1027,2016.0,0.0,2964572.0,0.048214,0.6998810000000001,VNM,FIN,6415
1193628,246,74,1027,2016.0,0.0,14918660.0,-0.029618000000000002,1.426834,ZAF,FIN,6415
1193629,249,74,1027,2016.0,18902.0,7018328.0,2.028455,1.271167,TWN,FIN,6415
1193630,250,74,1027,2016.0,0.0,441475968.0,0.608271,-0.007568000000000001,ANS,FIN,6415
1193631,4,90,1027,2016.0,0.0,345440.0,-0.5783550000000001,-0.085516,ALB,GRC,6415
1193632,7,90,1027,2016.0,0.0,2194.0,-0.019275,-0.18309,ARE,GRC,6415
1193633,14,90,1027,2016.0,324394.0,0.0,-0.585613,-0.245365,AUS,GRC,6415
1193634,15,90,1027,2016.0,9345756.0,8208.0,1.743944,-0.051155,AUT,GRC,6415
1193635,18,90,1027,2016.0,901736.0,11577.0,1.2947110000000002,1.113058,BEL,GRC,6415
1193636,22,90,1027,2016.0,0.0,358735.0,-1.0177260000000001,-1.1010799999999998,BGD,GRC,6415
1193637,23,90,1027,2016.0,6027185.0,1919060.0,0.509062,1.804648,BGR,GRC,6415
1193638,26,90,1027,2016.0,198872.0,31830.0,0.693416,0.8723540000000001,BIH,GRC,6415
1193639,29,90,1027,2016.0,0.0,18599.0,-0.460532,-0.6068899999999999,BLZ,GRC,6415
1193640,32,90,1027,2016.0,229320.0,0.0,0.284988,1.031028,BRA,GRC,6415
1193641,39,90,1027,2016.0,89548.0,0.0,0.541041,1.328065,CAN,GRC,6415
1193642,41,90,1027,2016.0,6255.0,10077.0,2.328616,0.832224,CHE,GRC,6415
1193643,43,90,1027,2016.0,14585080.0,24349.0,1.249079,1.151045,CHN,GRC,6415
1193644,58,90,1027,2016.0,940503.0,798626.0,0.229275,-0.09704600000000001,CYP,GRC,6415
1193645,59,90,1027,2016.0,1433761.0,0.0,1.818585,0.341356,CZE,GRC,6415
1193646,61,90,1027,2016.0,22051954.0,108995.0,2.307429,-2.341644,DEU,GRC,6415
1193647,64,90,1027,2016.0,15030.0,0.0,1.0572629999999998,1.4157540000000002,DNK,GRC,6415
1193648,68,90,1027,2016.0,86171.0,73482.0,-0.202127,1.9342419999999998,EGY,GRC,6415
1193649,71,90,1027,2016.0,14740782.0,48540.0,0.795006,2.203292,ESP,GRC,6415
1193650,74,90,1027,2016.0,10365713.0,0.0,1.621764,1.026393,FIN,GRC,6415
1193651,77,90,1027,2016.0,3976276.0,385064.0,1.490723,0.8471559999999999,FRA,GRC,6415
1193652,81,90,1027,2016.0,669224.0,139365.0,1.569616,1.048129,GBR,GRC,6415
1193653,82,90,1027,2016.0,0.0,1412.0,-0.269579,-0.317608,GEO,GRC,6415
1193654,97,90,1027,2016.0,33952.0,0.0,0.877619,1.0765790000000002,HKG,GRC,6415
1193655,100,90,1027,2016.0,115261.0,3974.0,0.850619,1.39544,HRV,GRC,6415
1193656,102,90,1027,2016.0,3222141.0,10528.0,1.7056069999999999,0.788768,HUN,GRC,6415
1193657,103,90,1027,2016.0,9904306.0,111022.0,-0.013630000000000001,1.744404,IDN,GRC,6415
1193658,104,90,1027,2016.0,563664.0,21903.0,0.223813,2.787547,IND,GRC,6415
1193659,110,90,1027,2016.0,2544406.0,331594.0,0.9932219999999999,0.7518819999999999,ISR,GRC,6415
1193660,111,90,1027,2016.0,32385762.0,114819.0,1.461526,0.316891,ITA,GRC,6415
1193661,113,90,1027,2016.0,0.0,14261.0,0.100333,0.020786000000000002,JOR,GRC,6415
1193662,121,90,1027,2016.0,1020243.0,0.0,2.1686389999999998,0.798808,KOR,GRC,6415
1193663,124,90,1027,2016.0,12869.0,0.0,0.385417,1.139648,LBN,GRC,6415
1193664,128,90,1027,2016.0,17750.0,0.0,-0.540154,0.22580100000000003,LKA,GRC,6415
1193665,130,90,1027,2016.0,13547.0,3117.0,0.6319130000000001,1.538765,LTU,GRC,6415
1193666,131,90,1027,2016.0,1272.0,0.0,1.217021,1.401214,LUX,GRC,6415
1193667,132,90,1027,2016.0,10449.0,0.0,0.46748199999999995,1.228024,LVA,GRC,6415
1193668,134,90,1027,2016.0,15661.0,0.0,-0.648329,-0.14071,MAR,GRC,6415
1193669,138,90,1027,2016.0,31015.0,0.0,1.393506,0.64152,MEX,GRC,6415
1193670,140,90,1027,2016.0,668465.0,42352.0,-0.249664,-0.338412,MKD,GRC,6415
1193671,142,90,1027,2016.0,0.0,2020.0,0.981182,-0.029401999999999998,MLT,GRC,6415
1193672,144,90,1027,2016.0,0.0,1584.0,0.002245,-0.10263599999999999,MNE,GRC,6415
1193673,151,90,1027,2016.0,0.0,9724.0,-0.334969,0.005404,MUS,GRC,6415
1193674,153,90,1027,2016.0,196026.0,33186.0,1.091156,0.8383370000000001,MYS,GRC,6415
1193675,162,90,1027,2016.0,1826039.0,22200.0,1.132192,1.412512,NLD,GRC,6415
1193676,163,90,1027,2016.0,352940.0,0.0,0.664183,0.206877,NOR,GRC,6415
1193677,169,90,1027,2016.0,0.0,1202.0,0.731258,0.649917,PAN,GRC,6415
1193678,177,90,1027,2016.0,3288108.0,18533.0,1.1068959999999999,1.226985,POL,GRC,6415
1193679,179,90,1027,2016.0,8995424.0,82849.0,0.661961,2.108517,PRT,GRC,6415
1193680,185,90,1027,2016.0,15036309.0,494286.0,1.176177,1.093489,ROU,GRC,6415
1193681,186,90,1027,2016.0,2680874.0,0.0,0.086009,0.300039,RUS,GRC,6415
1193682,188,90,1027,2016.0,28518.0,90040.0,0.00286,-0.764602,SAU,GRC,6415
1193683,191,90,1027,2016.0,20181.0,0.0,-0.648644,-0.39857800000000004,SEN,GRC,6415
1193684,192,90,1027,2016.0,111613.0,8876.0,2.0149340000000002,0.613009,SGP,GRC,6415
1193685,201,90,1027,2016.0,1713682.0,41517.0,0.608136,1.38132,SRB,GRC,6415
1193686,205,90,1027,2016.0,0.0,18829.0,-0.41257200000000005,-1.0434780000000001,SUR,GRC,6415
1193687,206,90,1027,2016.0,2166479.0,13331.0,1.446588,0.811076,SVK,GRC,6415
1193688,207,90,1027,2016.0,140248.0,0.0,1.7056200000000001,0.630058,SVN,GRC,6415
1193689,208,90,1027,2016.0,28077138.0,3547.0,1.731295,0.679562,SWE,GRC,6415
1193690,216,90,1027,2016.0,630468.0,0.0,1.3075860000000001,1.151426,THA,GRC,6415
1193691,222,90,1027,2016.0,0.0,26395.0,-0.184575,-0.9999889999999999,TTO,GRC,6415
1193692,223,90,1027,2016.0,0.0,40717.0,0.27537399999999995,0.9474239999999999,TUN,GRC,6415
1193693,224,90,1027,2016.0,10140302.0,2963050.0,0.460247,2.3790400000000003,TUR,GRC,6415
1193694,231,90,1027,2016.0,72668.0,345837.0,1.6991900000000002,-0.146044,USA,GRC,6415
1193695,239,90,1027,2016.0,0.0,491594.0,0.048214,0.6998810000000001,VNM,GRC,6415
1193696,246,90,1027,2016.0,0.0,3596.0,-0.029618000000000002,1.426834,ZAF,GRC,6415
1193697,7,108,1027,2016.0,608013.0,0.0,-0.019275,-0.18309,ARE,IRQ,6415
1193698,16,108,1027,2016.0,658616.0,0.0,-1.111874,-1.2526059999999999,AZE,IRQ,6415
1193699,23,108,1027,2016.0,50352.0,0.0,0.509062,1.804648,BGR,IRQ,6415
1193700,28,108,1027,2016.0,7216.0,0.0,0.879499,0.897567,BLR,IRQ,6415
1193701,32,108,1027,2016.0,212015.0,0.0,0.284988,1.031028,BRA,IRQ,6415
1193702,39,108,1027,2016.0,251177.0,0.0,0.541041,1.328065,CAN,IRQ,6415
1193703,43,108,1027,2016.0,2876596.0,0.0,1.249079,1.151045,CHN,IRQ,6415
1193704,61,108,1027,2016.0,1176660.0,0.0,2.307429,-2.341644,DEU,IRQ,6415
1193705,68,108,1027,2016.0,21900.0,0.0,-0.202127,1.9342419999999998,EGY,IRQ,6415
1193706,71,108,1027,2016.0,89752.0,0.0,0.795006,2.203292,ESP,IRQ,6415
1193707,74,108,1027,2016.0,68912.0,0.0,1.621764,1.026393,FIN,IRQ,6415
1193708,77,108,1027,2016.0,5456.0,0.0,1.490723,0.8471559999999999,FRA,IRQ,6415
1193709,81,108,1027,2016.0,1020.0,0.0,1.569616,1.048129,GBR,IRQ,6415
1193710,103,108,1027,2016.0,9438750.0,0.0,-0.013630000000000001,1.744404,IDN,IRQ,6415
1193711,104,108,1027,2016.0,673838.0,0.0,0.223813,2.787547,IND,IRQ,6415
1193712,107,108,1027,2016.0,2035654.0,0.0,-0.408637,-0.340544,IRN,IRQ,6415
1193713,111,108,1027,2016.0,407291.0,0.0,1.461526,0.316891,ITA,IRQ,6415
1193714,113,108,1027,2016.0,407310.0,0.0,0.100333,0.020786000000000002,JOR,IRQ,6415
1193715,121,108,1027,2016.0,102847.0,0.0,2.1686389999999998,0.798808,KOR,IRQ,6415
1193716,124,108,1027,2016.0,588396.0,0.0,0.385417,1.139648,LBN,IRQ,6415
1193717,153,108,1027,2016.0,16607.0,0.0,1.091156,0.8383370000000001,MYS,IRQ,6415
1193718,162,108,1027,2016.0,229278.0,0.0,1.132192,1.412512,NLD,IRQ,6415
1193719,163,108,1027,2016.0,24090.0,0.0,0.664183,0.206877,NOR,IRQ,6415
1193720,179,108,1027,2016.0,3559530.0,0.0,0.661961,2.108517,PRT,IRQ,6415
1193721,186,108,1027,2016.0,851397.0,0.0,0.086009,0.300039,RUS,IRQ,6415
1193722,188,108,1027,2016.0,955048.0,0.0,0.00286,-0.764602,SAU,IRQ,6415
1193723,192,108,1027,2016.0,1722361.0,0.0,2.0149340000000002,0.613009,SGP,IRQ,6415
1193724,208,108,1027,2016.0,31655.0,0.0,1.731295,0.679562,SWE,IRQ,6415
1193725,216,108,1027,2016.0,9422435.0,0.0,1.3075860000000001,1.151426,THA,IRQ,6415
1193726,224,108,1027,2016.0,5118885.0,0.0,0.460247,2.3790400000000003,TUR,IRQ,6415
1193727,231,108,1027,2016.0,2793.0,0.0,1.6991900000000002,-0.146044,USA,IRQ,6415
1193728,249,108,1027,2016.0,20311.0,0.0,2.028455,1.271167,TWN,IRQ,6415
1193729,7,115,1027,2016.0,20015.0,0.0,-0.019275,-0.18309,ARE,KAZ,6415
1193730,9,115,1027,2016.0,12053.0,10573.0,-0.252904,-0.614643,ARM,KAZ,6415
1193731,15,115,1027,2016.0,391619.0,0.0,1.743944,-0.051155,AUT,KAZ,6415
1193732,16,115,1027,2016.0,0.0,1777.0,-1.111874,-1.2526059999999999,AZE,KAZ,6415
1193733,18,115,1027,2016.0,1890.0,0.0,1.2947110000000002,1.113058,BEL,KAZ,6415
1193734,28,115,1027,2016.0,88674.0,80378.0,0.879499,0.897567,BLR,KAZ,6415
1193735,43,115,1027,2016.0,974620.0,0.0,1.249079,1.151045,CHN,KAZ,6415
1193736,59,115,1027,2016.0,30568.0,0.0,1.818585,0.341356,CZE,KAZ,6415
1193737,61,115,1027,2016.0,3066322.0,0.0,2.307429,-2.341644,DEU,KAZ,6415
1193738,71,115,1027,2016.0,629365.0,0.0,0.795006,2.203292,ESP,KAZ,6415
1193739,74,115,1027,2016.0,1213684.0,0.0,1.621764,1.026393,FIN,KAZ,6415
1193740,77,115,1027,2016.0,391536.0,0.0,1.490723,0.8471559999999999,FRA,KAZ,6415
1193741,81,115,1027,2016.0,3954275.0,0.0,1.569616,1.048129,GBR,KAZ,6415
1193742,102,115,1027,2016.0,1251.0,0.0,1.7056069999999999,0.788768,HUN,KAZ,6415
1193743,103,115,1027,2016.0,23484.0,0.0,-0.013630000000000001,1.744404,IDN,KAZ,6415
1193744,107,115,1027,2016.0,1360.0,0.0,-0.408637,-0.340544,IRN,KAZ,6415
1193745,110,115,1027,2016.0,6227.0,0.0,0.9932219999999999,0.7518819999999999,ISR,KAZ,6415
1193746,111,115,1027,2016.0,41581.0,0.0,1.461526,0.316891,ITA,KAZ,6415
1193747,114,115,1027,2016.0,1716.0,0.0,2.550074,-0.479725,JPN,KAZ,6415
1193748,117,115,1027,2016.0,28406.0,430226.0,0.20501100000000003,0.657593,KGZ,KAZ,6415
1193749,130,115,1027,2016.0,693321.0,0.0,0.6319130000000001,1.538765,LTU,KAZ,6415
1193750,132,115,1027,2016.0,222119.0,0.0,0.46748199999999995,1.228024,LVA,KAZ,6415
1193751,162,115,1027,2016.0,56994.0,0.0,1.132192,1.412512,NLD,KAZ,6415
1193752,177,115,1027,2016.0,456785.0,0.0,1.1068959999999999,1.226985,POL,KAZ,6415
1193753,179,115,1027,2016.0,136961.0,0.0,0.661961,2.108517,PRT,KAZ,6415
1193754,186,115,1027,2016.0,65757980.0,353333.0,0.086009,0.300039,RUS,KAZ,6415
1193755,206,115,1027,2016.0,12374.0,0.0,1.446588,0.811076,SVK,KAZ,6415
1193756,208,115,1027,2016.0,18623.0,0.0,1.731295,0.679562,SWE,KAZ,6415
1193757,216,115,1027,2016.0,18187.0,0.0,1.3075860000000001,1.151426,THA,KAZ,6415
1193758,217,115,1027,2016.0,0.0,202280.0,-0.998353,-1.129616,TJK,KAZ,6415
1193759,224,115,1027,2016.0,81123.0,0.0,0.460247,2.3790400000000003,TUR,KAZ,6415
1193760,228,115,1027,2016.0,141777.0,14282.0,0.240605,0.827153,UKR,KAZ,6415
1193761,231,115,1027,2016.0,66926.0,0.0,1.6991900000000002,-0.146044,USA,KAZ,6415
1193762,232,115,1027,2016.0,35232.0,896380.0,-0.672362,-0.574391,UZB,KAZ,6415
1193763,7,116,1027,2016.0,565512.0,0.0,-0.019275,-0.18309,ARE,KEN,6415
1193764,15,116,1027,2016.0,183039.0,0.0,1.743944,-0.051155,AUT,KEN,6415
1193765,17,116,1027,2016.0,0.0,300572.0,-0.761608,-0.959908,BDI,KEN,6415
1193766,18,116,1027,2016.0,214409.0,0.0,1.2947110000000002,1.113058,BEL,KEN,6415
1193767,28,116,1027,2016.0,0.0,6685.0,0.879499,0.897567,BLR,KEN,6415
1193768,32,116,1027,2016.0,1176985.0,0.0,0.284988,1.031028,BRA,KEN,6415
1193769,41,116,1027,2016.0,111487.0,0.0,2.328616,0.832224,CHE,KEN,6415
1193770,43,116,1027,2016.0,12992411.0,0.0,1.249079,1.151045,CHN,KEN,6415
1193771,46,116,1027,2016.0,0.0,430511.0,-1.093544,-1.126599,COD,KEN,6415
1193772,47,116,1027,2016.0,0.0,36159.0,-0.562294,-0.9770030000000001,COG,KEN,6415
1193773,59,116,1027,2016.0,85712.0,0.0,1.818585,0.341356,CZE,KEN,6415
1193774,61,116,1027,2016.0,592126.0,0.0,2.307429,-2.341644,DEU,KEN,6415
1193775,68,116,1027,2016.0,654583.0,0.0,-0.202127,1.9342419999999998,EGY,KEN,6415
1193776,71,116,1027,2016.0,1637737.0,0.0,0.795006,2.203292,ESP,KEN,6415
1193777,73,116,1027,2016.0,0.0,1198.0,-1.163689,-0.885724,ETH,KEN,6415
1193778,74,116,1027,2016.0,685762.0,0.0,1.621764,1.026393,FIN,KEN,6415
1193779,77,116,1027,2016.0,260692.0,0.0,1.490723,0.8471559999999999,FRA,KEN,6415
1193780,81,116,1027,2016.0,12136225.0,0.0,1.569616,1.048129,GBR,KEN,6415
1193781,102,116,1027,2016.0,25779.0,0.0,1.7056069999999999,0.788768,HUN,KEN,6415
1193782,103,116,1027,2016.0,17498458.0,0.0,-0.013630000000000001,1.744404,IDN,KEN,6415
1193783,104,116,1027,2016.0,27113984.0,0.0,0.223813,2.787547,IND,KEN,6415
1193784,110,116,1027,2016.0,177961.0,0.0,0.9932219999999999,0.7518819999999999,ISR,KEN,6415
1193785,111,116,1027,2016.0,424444.0,0.0,1.461526,0.316891,ITA,KEN,6415
1193786,114,116,1027,2016.0,2071.0,0.0,2.550074,-0.479725,JPN,KEN,6415
1193787,121,116,1027,2016.0,481236.0,0.0,2.1686389999999998,0.798808,KOR,KEN,6415
1193788,128,116,1027,2016.0,10275.0,0.0,-0.540154,0.22580100000000003,LKA,KEN,6415
1193789,147,116,1027,2016.0,0.0,7692.0,-1.207606,-1.0223879999999999,MOZ,KEN,6415
1193790,153,116,1027,2016.0,38575.0,0.0,1.091156,0.8383370000000001,MYS,KEN,6415
1193791,162,116,1027,2016.0,1201563.0,0.0,1.132192,1.412512,NLD,KEN,6415
1193792,163,116,1027,2016.0,185209.0,0.0,0.664183,0.206877,NOR,KEN,6415
1193793,177,116,1027,2016.0,296584.0,0.0,1.1068959999999999,1.226985,POL,KEN,6415
1193794,179,116,1027,2016.0,1224508.0,0.0,0.661961,2.108517,PRT,KEN,6415
1193795,186,116,1027,2016.0,253025.0,0.0,0.086009,0.300039,RUS,KEN,6415
1193796,187,116,1027,2016.0,0.0,262936.0,-0.57693,-0.476909,RWA,KEN,6415
1193797,188,116,1027,2016.0,6742358.0,0.0,0.00286,-0.764602,SAU,KEN,6415
1193798,192,116,1027,2016.0,645642.0,0.0,2.0149340000000002,0.613009,SGP,KEN,6415
1193799,199,116,1027,2016.0,0.0,2009.0,-1.2646629999999999,-1.067482,SOM,KEN,6415
1193800,202,116,1027,2016.0,0.0,14132.0,-2.186642,-1.0627790000000001,SSD,KEN,6415
1193801,207,116,1027,2016.0,41434.0,0.0,1.7056200000000001,0.630058,SVN,KEN,6415
1193802,208,116,1027,2016.0,575988.0,0.0,1.731295,0.679562,SWE,KEN,6415
1193803,216,116,1027,2016.0,2717707.0,0.0,1.3075860000000001,1.151426,THA,KEN,6415
1193804,224,116,1027,2016.0,54678.0,0.0,0.460247,2.3790400000000003,TUR,KEN,6415
1193805,226,116,1027,2016.0,6988.0,41154.0,-1.01426,0.304263,TZA,KEN,6415
1193806,227,116,1027,2016.0,75853.0,759323.0,-0.476836,0.641138,UGA,KEN,6415
1193807,231,116,1027,2016.0,1586523.0,0.0,1.6991900000000002,-0.146044,USA,KEN,6415
1193808,246,116,1027,2016.0,4346533.0,0.0,-0.029618000000000002,1.426834,ZAF,KEN,6415
1193809,249,116,1027,2016.0,114710.0,0.0,2.028455,1.271167,TWN,KEN,6415
1193810,7,117,1027,2016.0,28378.0,0.0,-0.019275,-0.18309,ARE,KGZ,6415
1193811,15,117,1027,2016.0,55801.0,0.0,1.743944,-0.051155,AUT,KGZ,6415
1193812,28,117,1027,2016.0,20464.0,0.0,0.879499,0.897567,BLR,KGZ,6415
1193813,43,117,1027,2016.0,202156.0,0.0,1.249079,1.151045,CHN,KGZ,6415
1193814,61,117,1027,2016.0,4899.0,0.0,2.307429,-2.341644,DEU,KGZ,6415
1193815,74,117,1027,2016.0,4741.0,0.0,1.621764,1.026393,FIN,KGZ,6415
1193816,107,117,1027,2016.0,2477.0,0.0,-0.408637,-0.340544,IRN,KGZ,6415
1193817,111,117,1027,2016.0,2469.0,0.0,1.461526,0.316891,ITA,KGZ,6415
1193818,114,117,1027,2016.0,10429.0,0.0,2.550074,-0.479725,JPN,KGZ,6415
1193819,115,117,1027,2016.0,430226.0,28406.0,-0.467305,-0.475451,KAZ,KGZ,6415
1193820,132,117,1027,2016.0,6247.0,0.0,0.46748199999999995,1.228024,LVA,KGZ,6415
1193821,135,117,1027,2016.0,1394.0,0.0,-0.24173200000000003,0.010985,MDA,KGZ,6415
1193822,162,117,1027,2016.0,4687.0,0.0,1.132192,1.412512,NLD,KGZ,6415
1193823,177,117,1027,2016.0,31895.0,0.0,1.1068959999999999,1.226985,POL,KGZ,6415
1193824,186,117,1027,2016.0,7025487.0,0.0,0.086009,0.300039,RUS,KGZ,6415
1193825,216,117,1027,2016.0,129671.0,0.0,1.3075860000000001,1.151426,THA,KGZ,6415
1193826,224,117,1027,2016.0,16138.0,0.0,0.460247,2.3790400000000003,TUR,KGZ,6415
1193827,228,117,1027,2016.0,7808.0,0.0,0.240605,0.827153,UKR,KGZ,6415
1193828,232,117,1027,2016.0,10709.0,34123.0,-0.672362,-0.574391,UZB,KGZ,6415
1193829,249,117,1027,2016.0,14211.0,0.0,2.028455,1.271167,TWN,KGZ,6415
1193830,2,124,1027,2016.0,0.0,4667.0,-0.986722,-1.1941979999999999,AGO,LBN,6415
1193831,7,124,1027,2016.0,4525.0,226466.0,-0.019275,-0.18309,ARE,LBN,6415
1193832,14,124,1027,2016.0,0.0,7481.0,-0.585613,-0.245365,AUS,LBN,6415
1193833,15,124,1027,2016.0,1422930.0,0.0,1.743944,-0.051155,AUT,LBN,6415
1193834,16,124,1027,2016.0,0.0,1071.0,-1.111874,-1.2526059999999999,AZE,LBN,6415
1193835,18,124,1027,2016.0,208886.0,0.0,1.2947110000000002,1.113058,BEL,LBN,6415
1193836,24,124,1027,2016.0,1451.0,3742.0,0.23993299999999998,-0.5320199999999999,BHR,LBN,6415
1193837,32,124,1027,2016.0,668214.0,0.0,0.284988,1.031028,BRA,LBN,6415
1193838,39,124,1027,2016.0,122406.0,2457.0,0.541041,1.328065,CAN,LBN,6415
1193839,41,124,1027,2016.0,6175.0,0.0,2.328616,0.832224,CHE,LBN,6415
1193840,43,124,1027,2016.0,8466563.0,0.0,1.249079,1.151045,CHN,LBN,6415
1193841,44,124,1027,2016.0,0.0,14485.0,-0.977045,-0.8633299999999999,CIV,LBN,6415
1193842,47,124,1027,2016.0,0.0,2651.0,-0.562294,-0.9770030000000001,COG,LBN,6415
1193843,59,124,1027,2016.0,40571.0,0.0,1.818585,0.341356,CZE,LBN,6415
1193844,61,124,1027,2016.0,4835416.0,31807.0,2.307429,-2.341644,DEU,LBN,6415
1193845,64,124,1027,2016.0,4030.0,0.0,1.0572629999999998,1.4157540000000002,DNK,LBN,6415
1193846,66,124,1027,2016.0,0.0,6514.0,-1.243568,-1.232077,DZA,LBN,6415
1193847,68,124,1027,2016.0,354396.0,3481492.0,-0.202127,1.9342419999999998,EGY,LBN,6415
1193848,71,124,1027,2016.0,794225.0,8563.0,0.795006,2.203292,ESP,LBN,6415
1193849,74,124,1027,2016.0,4849903.0,0.0,1.621764,1.026393,FIN,LBN,6415
1193850,77,124,1027,2016.0,3024107.0,4767.0,1.490723,0.8471559999999999,FRA,LBN,6415
1193851,81,124,1027,2016.0,975152.0,1544.0,1.569616,1.048129,GBR,LBN,6415
1193852,83,124,1027,2016.0,0.0,1229086.0,-0.9026200000000001,-0.877508,GHA,LBN,6415
1193853,90,124,1027,2016.0,0.0,12869.0,0.053899,1.1259709999999998,GRC,LBN,6415
1193854,97,124,1027,2016.0,6898.0,0.0,0.877619,1.0765790000000002,HKG,LBN,6415
1193855,100,124,1027,2016.0,327665.0,0.0,0.850619,1.39544,HRV,LBN,6415
1193856,102,124,1027,2016.0,955009.0,0.0,1.7056069999999999,0.788768,HUN,LBN,6415
1193857,103,124,1027,2016.0,5393994.0,0.0,-0.013630000000000001,1.744404,IDN,LBN,6415
1193858,104,124,1027,2016.0,700586.0,0.0,0.223813,2.787547,IND,LBN,6415
1193859,107,124,1027,2016.0,0.0,89423.0,-0.408637,-0.340544,IRN,LBN,6415
1193860,108,124,1027,2016.0,0.0,588396.0,-1.7382849999999999,-1.037508,IRQ,LBN,6415
1193861,111,124,1027,2016.0,3760189.0,0.0,1.461526,0.316891,ITA,LBN,6415
1193862,113,124,1027,2016.0,0.0,306949.0,0.100333,0.020786000000000002,JOR,LBN,6415
1193863,114,124,1027,2016.0,5426452.0,0.0,2.550074,-0.479725,JPN,LBN,6415
1193864,122,124,1027,2016.0,48882.0,292763.0,-0.401,-1.102991,KWT,LBN,6415
1193865,134,124,1027,2016.0,0.0,162797.0,-0.648329,-0.14071,MAR,LBN,6415
1193866,153,124,1027,2016.0,19608.0,0.0,1.091156,0.8383370000000001,MYS,LBN,6415
1193867,162,124,1027,2016.0,155580.0,0.0,1.132192,1.412512,NLD,LBN,6415
1193868,163,124,1027,2016.0,1010659.0,0.0,0.664183,0.206877,NOR,LBN,6415
1193869,177,124,1027,2016.0,606942.0,0.0,1.1068959999999999,1.226985,POL,LBN,6415
1193870,179,124,1027,2016.0,4538831.0,0.0,0.661961,2.108517,PRT,LBN,6415
1193871,183,124,1027,2016.0,0.0,23461.0,-0.52984,-1.106589,QAT,LBN,6415
1193872,186,124,1027,2016.0,2664783.0,0.0,0.086009,0.300039,RUS,LBN,6415
1193873,188,124,1027,2016.0,178306.0,452477.0,0.00286,-0.764602,SAU,LBN,6415
1193874,192,124,1027,2016.0,480392.0,0.0,2.0149340000000002,0.613009,SGP,LBN,6415
1193875,196,124,1027,2016.0,0.0,6121.0,-0.25550500000000004,-0.44618800000000003,SLE,LBN,6415
1193876,206,124,1027,2016.0,3550270.0,0.0,1.446588,0.811076,SVK,LBN,6415
1193877,207,124,1027,2016.0,187788.0,0.0,1.7056200000000001,0.630058,SVN,LBN,6415
1193878,208,124,1027,2016.0,3029721.0,6220.0,1.731295,0.679562,SWE,LBN,6415
1193879,212,124,1027,2016.0,0.0,2830318.0,-0.78566,-0.006305,SYR,LBN,6415
1193880,215,124,1027,2016.0,0.0,3273.0,-0.777506,-0.652105,TGO,LBN,6415
1193881,216,124,1027,2016.0,1155556.0,0.0,1.3075860000000001,1.151426,THA,LBN,6415
1193882,223,124,1027,2016.0,0.0,10591.0,0.27537399999999995,0.9474239999999999,TUN,LBN,6415
1193883,224,124,1027,2016.0,314773.0,15407.0,0.460247,2.3790400000000003,TUR,LBN,6415
1193884,231,124,1027,2016.0,3129466.0,0.0,1.6991900000000002,-0.146044,USA,LBN,6415
1193885,243,124,1027,2016.0,0.0,66445.0,-0.99136,-1.1587049999999999,YEM,LBN,6415
1193886,246,124,1027,2016.0,18165.0,0.0,-0.029618000000000002,1.426834,ZAF,LBN,6415
1193887,249,124,1027,2016.0,101144.0,0.0,2.028455,1.271167,TWN,LBN,6415
1193888,250,124,1027,2016.0,0.0,13237.0,0.608271,-0.007568000000000001,ANS,LBN,6415
1193889,7,128,1027,2016.0,3581342.0,0.0,-0.019275,-0.18309,ARE,LKA,6415
1193890,14,128,1027,2016.0,11127780.0,0.0,-0.585613,-0.245365,AUS,LKA,6415
1193891,15,128,1027,2016.0,215256.0,0.0,1.743944,-0.051155,AUT,LKA,6415
1193892,18,128,1027,2016.0,304805.0,0.0,1.2947110000000002,1.113058,BEL,LKA,6415
1193893,22,128,1027,2016.0,0.0,281668.0,-1.0177260000000001,-1.1010799999999998,BGD,LKA,6415
1193894,32,128,1027,2016.0,14641.0,0.0,0.284988,1.031028,BRA,LKA,6415
1193895,39,128,1027,2016.0,13915.0,0.0,0.541041,1.328065,CAN,LKA,6415
1193896,41,128,1027,2016.0,18587.0,0.0,2.328616,0.832224,CHE,LKA,6415
1193897,43,128,1027,2016.0,12823787.0,0.0,1.249079,1.151045,CHN,LKA,6415
1193898,61,128,1027,2016.0,893127.0,0.0,2.307429,-2.341644,DEU,LKA,6415
1193899,65,128,1027,2016.0,0.0,1501.0,-0.26926500000000003,0.046345,DOM,LKA,6415
1193900,71,128,1027,2016.0,579290.0,0.0,0.795006,2.203292,ESP,LKA,6415
1193901,73,128,1027,2016.0,0.0,1022.0,-1.163689,-0.885724,ETH,LKA,6415
1193902,74,128,1027,2016.0,133611.0,0.0,1.621764,1.026393,FIN,LKA,6415
1193903,77,128,1027,2016.0,221050.0,0.0,1.490723,0.8471559999999999,FRA,LKA,6415
1193904,81,128,1027,2016.0,13516458.0,355533.0,1.569616,1.048129,GBR,LKA,6415
1193905,90,128,1027,2016.0,0.0,17750.0,0.053899,1.1259709999999998,GRC,LKA,6415
1193906,97,128,1027,2016.0,2192285.0,8614.0,0.877619,1.0765790000000002,HKG,LKA,6415
1193907,103,128,1027,2016.0,14414365.0,0.0,-0.013630000000000001,1.744404,IDN,LKA,6415
1193908,104,128,1027,2016.0,46045484.0,336567.0,0.223813,2.787547,IND,LKA,6415
1193909,111,128,1027,2016.0,247428.0,0.0,1.461526,0.316891,ITA,LKA,6415
1193910,113,128,1027,2016.0,0.0,71978.0,0.100333,0.020786000000000002,JOR,LKA,6415
1193911,114,128,1027,2016.0,510224.0,0.0,2.550074,-0.479725,JPN,LKA,6415
1193912,116,128,1027,2016.0,0.0,10275.0,-0.483554,0.25645,KEN,LKA,6415
1193913,121,128,1027,2016.0,619428.0,0.0,2.1686389999999998,0.798808,KOR,LKA,6415
1193914,122,128,1027,2016.0,35850.0,0.0,-0.401,-1.102991,KWT,LKA,6415
1193915,137,128,1027,2016.0,0.0,433107.0,-0.975518,-1.00076,MDV,LKA,6415
1193916,153,128,1027,2016.0,1599571.0,3682.0,1.091156,0.8383370000000001,MYS,LKA,6415
1193917,162,128,1027,2016.0,182594.0,0.0,1.132192,1.412512,NLD,LKA,6415
1193918,163,128,1027,2016.0,46322.0,0.0,0.664183,0.206877,NOR,LKA,6415
1193919,166,128,1027,2016.0,242914.0,0.0,0.093306,0.194895,NZL,LKA,6415
1193920,168,128,1027,2016.0,2000336.0,0.0,-0.7806810000000001,0.420241,PAK,LKA,6415
1193921,174,128,1027,2016.0,450847.0,0.0,0.958651,0.324888,PHL,LKA,6415
1193922,177,128,1027,2016.0,406127.0,0.0,1.1068959999999999,1.226985,POL,LKA,6415
1193923,178,128,1027,2016.0,52072.0,0.0,-0.508035,-0.157664,PRK,LKA,6415
1193924,179,128,1027,2016.0,42381.0,0.0,0.661961,2.108517,PRT,LKA,6415
1193925,183,128,1027,2016.0,64768.0,0.0,-0.52984,-1.106589,QAT,LKA,6415
1193926,188,128,1027,2016.0,6283567.0,0.0,0.00286,-0.764602,SAU,LKA,6415
1193927,192,128,1027,2016.0,3658557.0,0.0,2.0149340000000002,0.613009,SGP,LKA,6415
1193928,207,128,1027,2016.0,926516.0,0.0,1.7056200000000001,0.630058,SVN,LKA,6415
1193929,208,128,1027,2016.0,1309247.0,0.0,1.731295,0.679562,SWE,LKA,6415
1193930,216,128,1027,2016.0,9506110.0,0.0,1.3075860000000001,1.151426,THA,LKA,6415
1193931,224,128,1027,2016.0,260354.0,0.0,0.460247,2.3790400000000003,TUR,LKA,6415
1193932,231,128,1027,2016.0,1128439.0,3944.0,1.6991900000000002,-0.146044,USA,LKA,6415
1193933,239,128,1027,2016.0,75340.0,0.0,0.048214,0.6998810000000001,VNM,LKA,6415
1193934,246,128,1027,2016.0,46870.0,0.0,-0.029618000000000002,1.426834,ZAF,LKA,6415
1193935,249,128,1027,2016.0,3860058.0,0.0,2.028455,1.271167,TWN,LKA,6415
1193936,250,128,1027,2016.0,14334.0,0.0,0.608271,-0.007568000000000001,ANS,LKA,6415
1193937,7,130,1027,2016.0,0.0,39455.0,-0.019275,-0.18309,ARE,LTU,6415
1193938,9,130,1027,2016.0,0.0,2450.0,-0.252904,-0.614643,ARM,LTU,6415
1193939,14,130,1027,2016.0,468416.0,51056.0,-0.585613,-0.245365,AUS,LTU,6415
1193940,15,130,1027,2016.0,968669.0,12045.0,1.743944,-0.051155,AUT,LTU,6415
1193941,16,130,1027,2016.0,0.0,1141.0,-1.111874,-1.2526059999999999,AZE,LTU,6415
1193942,18,130,1027,2016.0,51662.0,33761.0,1.2947110000000002,1.113058,BEL,LTU,6415
1193943,23,130,1027,2016.0,774491.0,10626.0,0.509062,1.804648,BGR,LTU,6415
1193944,25,130,1027,2016.0,0.0,1106.0,0.453269,-0.48267899999999997,BHS,LTU,6415
1193945,26,130,1027,2016.0,0.0,1567.0,0.693416,0.8723540000000001,BIH,LTU,6415
1193946,28,130,1027,2016.0,717332.0,1482915.0,0.879499,0.897567,BLR,LTU,6415
1193947,39,130,1027,2016.0,0.0,85460.0,0.541041,1.328065,CAN,LTU,6415
1193948,41,130,1027,2016.0,9413.0,49294.0,2.328616,0.832224,CHE,LTU,6415
1193949,43,130,1027,2016.0,1025313.0,289273.0,1.249079,1.151045,CHN,LTU,6415
1193950,58,130,1027,2016.0,0.0,2354.0,0.229275,-0.09704600000000001,CYP,LTU,6415
1193951,59,130,1027,2016.0,301461.0,1130028.0,1.818585,0.341356,CZE,LTU,6415
1193952,61,130,1027,2016.0,6717622.0,314793.0,2.307429,-2.341644,DEU,LTU,6415
1193953,64,130,1027,2016.0,65691.0,193211.0,1.0572629999999998,1.4157540000000002,DNK,LTU,6415
1193954,71,130,1027,2016.0,381036.0,249039.0,0.795006,2.203292,ESP,LTU,6415
1193955,72,130,1027,2016.0,374517.0,829129.0,0.958292,1.190173,EST,LTU,6415
1193956,74,130,1027,2016.0,1480897.0,2213046.0,1.621764,1.026393,FIN,LTU,6415
1193957,77,130,1027,2016.0,587531.0,92883.0,1.490723,0.8471559999999999,FRA,LTU,6415
1193958,81,130,1027,2016.0,276487.0,165173.0,1.569616,1.048129,GBR,LTU,6415
1193959,82,130,1027,2016.0,0.0,26081.0,-0.269579,-0.317608,GEO,LTU,6415
1193960,90,130,1027,2016.0,3117.0,13547.0,0.053899,1.1259709999999998,GRC,LTU,6415
1193961,102,130,1027,2016.0,69843.0,5089.0,1.7056069999999999,0.788768,HUN,LTU,6415
1193962,103,130,1027,2016.0,0.0,1986.0,-0.013630000000000001,1.744404,IDN,LTU,6415
1193963,104,130,1027,2016.0,0.0,1743.0,0.223813,2.787547,IND,LTU,6415
1193964,109,130,1027,2016.0,0.0,4057.0,0.099623,-0.404352,ISL,LTU,6415
1193965,110,130,1027,2016.0,1838.0,10779.0,0.9932219999999999,0.7518819999999999,ISR,LTU,6415
1193966,111,130,1027,2016.0,1672434.0,441207.0,1.461526,0.316891,ITA,LTU,6415
1193967,114,130,1027,2016.0,0.0,23941.0,2.550074,-0.479725,JPN,LTU,6415
1193968,115,130,1027,2016.0,0.0,693321.0,-0.467305,-0.475451,KAZ,LTU,6415
1193969,132,130,1027,2016.0,4890698.0,1575516.0,0.46748199999999995,1.228024,LVA,LTU,6415
1193970,134,130,1027,2016.0,0.0,7467.0,-0.648329,-0.14071,MAR,LTU,6415
1193971,135,130,1027,2016.0,0.0,10909.0,-0.24173200000000003,0.010985,MDA,LTU,6415
1193972,138,130,1027,2016.0,0.0,2733.0,1.393506,0.64152,MEX,LTU,6415
1193973,140,130,1027,2016.0,0.0,2156.0,-0.249664,-0.338412,MKD,LTU,6415
1193974,162,130,1027,2016.0,506194.0,218082.0,1.132192,1.412512,NLD,LTU,6415
1193975,163,130,1027,2016.0,1067774.0,0.0,0.664183,0.206877,NOR,LTU,6415
1193976,177,130,1027,2016.0,19416568.0,10217671.0,1.1068959999999999,1.226985,POL,LTU,6415
1193977,179,130,1027,2016.0,2083872.0,5865.0,0.661961,2.108517,PRT,LTU,6415
1193978,185,130,1027,2016.0,3934.0,4777.0,1.176177,1.093489,ROU,LTU,6415
1193979,186,130,1027,2016.0,5246332.0,1289563.0,0.086009,0.300039,RUS,LTU,6415
1193980,201,130,1027,2016.0,2660.0,0.0,0.608136,1.38132,SRB,LTU,6415
1193981,206,130,1027,2016.0,3018354.0,0.0,1.446588,0.811076,SVK,LTU,6415
1193982,207,130,1027,2016.0,99657.0,1611.0,1.7056200000000001,0.630058,SVN,LTU,6415
1193983,208,130,1027,2016.0,7945239.0,197461.0,1.731295,0.679562,SWE,LTU,6415
1193984,216,130,1027,2016.0,71508.0,2392.0,1.3075860000000001,1.151426,THA,LTU,6415
1193985,219,130,1027,2016.0,0.0,11390.0,-1.017361,-1.22005,TKM,LTU,6415
1193986,224,130,1027,2016.0,0.0,40422.0,0.460247,2.3790400000000003,TUR,LTU,6415
1193987,228,130,1027,2016.0,32940.0,1179546.0,0.240605,0.827153,UKR,LTU,6415
1193988,231,130,1027,2016.0,630285.0,36515.0,1.6991900000000002,-0.146044,USA,LTU,6415
1193989,5,131,1027,2016.0,0.0,47057.0,1.0634370000000002,0.7151069999999999,AND,LUX,6415
1193990,15,131,1027,2016.0,1506232.0,5146.0,1.743944,-0.051155,AUT,LUX,6415
1193991,18,131,1027,2016.0,8882077.0,340007.0,1.2947110000000002,1.113058,BEL,LUX,6415
1193992,32,131,1027,2016.0,18236.0,0.0,0.284988,1.031028,BRA,LUX,6415
1193993,41,131,1027,2016.0,5910.0,0.0,2.328616,0.832224,CHE,LUX,6415
1193994,43,131,1027,2016.0,13425.0,0.0,1.249079,1.151045,CHN,LUX,6415
1193995,59,131,1027,2016.0,4281.0,9373.0,1.818585,0.341356,CZE,LUX,6415
1193996,61,131,1027,2016.0,5650394.0,225512.0,2.307429,-2.341644,DEU,LUX,6415
1193997,64,131,1027,2016.0,8334.0,4515.0,1.0572629999999998,1.4157540000000002,DNK,LUX,6415
1193998,71,131,1027,2016.0,210352.0,793014.0,0.795006,2.203292,ESP,LUX,6415
1193999,74,131,1027,2016.0,440153.0,0.0,1.621764,1.026393,FIN,LUX,6415
1194000,77,131,1027,2016.0,7258037.0,605601.0,1.490723,0.8471559999999999,FRA,LUX,6415
1194001,81,131,1027,2016.0,299249.0,103107.0,1.569616,1.048129,GBR,LUX,6415
1194002,90,131,1027,2016.0,0.0,1272.0,0.053899,1.1259709999999998,GRC,LUX,6415
1194003,102,131,1027,2016.0,28552042.0,64274.0,1.7056069999999999,0.788768,HUN,LUX,6415
1194004,104,131,1027,2016.0,0.0,5976.0,0.223813,2.787547,IND,LUX,6415
1194005,106,131,1027,2016.0,0.0,2255.0,1.320777,0.057924,IRL,LUX,6415
1194006,111,131,1027,2016.0,15243844.0,2301.0,1.461526,0.316891,ITA,LUX,6415
1194007,114,131,1027,2016.0,4506.0,0.0,2.550074,-0.479725,JPN,LUX,6415
1194008,162,131,1027,2016.0,10173733.0,55431.0,1.132192,1.412512,NLD,LUX,6415
1194009,163,131,1027,2016.0,757791.0,0.0,0.664183,0.206877,NOR,LUX,6415
1194010,177,131,1027,2016.0,216143.0,38452.0,1.1068959999999999,1.226985,POL,LUX,6415
1194011,179,131,1027,2016.0,889719.0,0.0,0.661961,2.108517,PRT,LUX,6415
1194012,206,131,1027,2016.0,243791.0,0.0,1.446588,0.811076,SVK,LUX,6415
1194013,207,131,1027,2016.0,0.0,14365.0,1.7056200000000001,0.630058,SVN,LUX,6415
1194014,208,131,1027,2016.0,481020.0,4727.0,1.731295,0.679562,SWE,LUX,6415
1194015,216,131,1027,2016.0,57912.0,0.0,1.3075860000000001,1.151426,THA,LUX,6415
1194016,231,131,1027,2016.0,3515.0,0.0,1.6991900000000002,-0.146044,USA,LUX,6415
1194017,249,131,1027,2016.0,17106.0,0.0,2.028455,1.271167,TWN,LUX,6415
1194018,250,131,1027,2016.0,928041.0,0.0,0.608271,-0.007568000000000001,ANS,LUX,6415
1194019,9,132,1027,2016.0,0.0,2932.0,-0.252904,-0.614643,ARM,LVA,6415
1194020,15,132,1027,2016.0,64676.0,0.0,1.743944,-0.051155,AUT,LVA,6415
1194021,18,132,1027,2016.0,28860.0,4107.0,1.2947110000000002,1.113058,BEL,LVA,6415
1194022,23,132,1027,2016.0,142007.0,0.0,0.509062,1.804648,BGR,LVA,6415
1194023,28,132,1027,2016.0,294945.0,126813.0,0.879499,0.897567,BLR,LVA,6415
1194024,41,132,1027,2016.0,3612.0,0.0,2.328616,0.832224,CHE,LVA,6415
1194025,43,132,1027,2016.0,89837.0,0.0,1.249079,1.151045,CHN,LVA,6415
1194026,45,132,1027,2016.0,0.0,10669.0,-1.1342969999999999,-1.101724,CMR,LVA,6415
1194027,58,132,1027,2016.0,0.0,32886.0,0.229275,-0.09704600000000001,CYP,LVA,6415
1194028,59,132,1027,2016.0,138240.0,0.0,1.818585,0.341356,CZE,LVA,6415
1194029,61,132,1027,2016.0,7451658.0,53879.0,2.307429,-2.341644,DEU,LVA,6415
1194030,64,132,1027,2016.0,22362.0,3006.0,1.0572629999999998,1.4157540000000002,DNK,LVA,6415
1194031,71,132,1027,2016.0,4984.0,2023.0,0.795006,2.203292,ESP,LVA,6415
1194032,72,132,1027,2016.0,377472.0,2264464.0,0.958292,1.190173,EST,LVA,6415
1194033,74,132,1027,2016.0,1309258.0,40275.0,1.621764,1.026393,FIN,LVA,6415
1194034,77,132,1027,2016.0,520565.0,14658.0,1.490723,0.8471559999999999,FRA,LVA,6415
1194035,81,132,1027,2016.0,6630.0,0.0,1.569616,1.048129,GBR,LVA,6415
1194036,90,132,1027,2016.0,0.0,10449.0,0.053899,1.1259709999999998,GRC,LVA,6415
1194037,102,132,1027,2016.0,736667.0,0.0,1.7056069999999999,0.788768,HUN,LVA,6415
1194038,104,132,1027,2016.0,0.0,60847.0,0.223813,2.787547,IND,LVA,6415
1194039,111,132,1027,2016.0,159300.0,0.0,1.461526,0.316891,ITA,LVA,6415
1194040,115,132,1027,2016.0,0.0,222119.0,-0.467305,-0.475451,KAZ,LVA,6415
1194041,117,132,1027,2016.0,0.0,6247.0,0.20501100000000003,0.657593,KGZ,LVA,6415
1194042,130,132,1027,2016.0,1575516.0,4890698.0,0.6319130000000001,1.538765,LTU,LVA,6415
1194043,135,132,1027,2016.0,0.0,44552.0,-0.24173200000000003,0.010985,MDA,LVA,6415
1194044,142,132,1027,2016.0,0.0,72074.0,0.981182,-0.029401999999999998,MLT,LVA,6415
1194045,160,132,1027,2016.0,0.0,2005.0,-0.954131,-0.9000389999999999,NIC,LVA,6415
1194046,162,132,1027,2016.0,58835.0,44250.0,1.132192,1.412512,NLD,LVA,6415
1194047,163,132,1027,2016.0,18328.0,9617.0,0.664183,0.206877,NOR,LVA,6415
1194048,177,132,1027,2016.0,20031664.0,86473.0,1.1068959999999999,1.226985,POL,LVA,6415
1194049,179,132,1027,2016.0,4848978.0,0.0,0.661961,2.108517,PRT,LVA,6415
1194050,185,132,1027,2016.0,21123.0,218379.0,1.176177,1.093489,ROU,LVA,6415
1194051,186,132,1027,2016.0,1215936.0,166144.0,0.086009,0.300039,RUS,LVA,6415
1194052,191,132,1027,2016.0,0.0,22794.0,-0.648644,-0.39857800000000004,SEN,LVA,6415
1194053,206,132,1027,2016.0,3853649.0,95636.0,1.446588,0.811076,SVK,LVA,6415
1194054,207,132,1027,2016.0,0.0,20368.0,1.7056200000000001,0.630058,SVN,LVA,6415
1194055,208,132,1027,2016.0,9311005.0,105593.0,1.731295,0.679562,SWE,LVA,6415
1194056,216,132,1027,2016.0,1794.0,0.0,1.3075860000000001,1.151426,THA,LVA,6415
1194057,224,132,1027,2016.0,12781.0,0.0,0.460247,2.3790400000000003,TUR,LVA,6415
1194058,228,132,1027,2016.0,27999.0,4176.0,0.240605,0.827153,UKR,LVA,6415
1194059,231,132,1027,2016.0,0.0,3430.0,1.6991900000000002,-0.146044,USA,LVA,6415
1194060,232,132,1027,2016.0,0.0,46947.0,-0.672362,-0.574391,UZB,LVA,6415
1194061,2,134,1027,2016.0,0.0,15063.0,-0.986722,-1.1941979999999999,AGO,MAR,6415
1194062,7,134,1027,2016.0,12947.0,0.0,-0.019275,-0.18309,ARE,MAR,6415
1194063,15,134,1027,2016.0,557223.0,0.0,1.743944,-0.051155,AUT,MAR,6415
1194064,18,134,1027,2016.0,701282.0,0.0,1.2947110000000002,1.113058,BEL,MAR,6415
1194065,32,134,1027,2016.0,111645.0,0.0,0.284988,1.031028,BRA,MAR,6415
1194066,39,134,1027,2016.0,185254.0,0.0,0.541041,1.328065,CAN,MAR,6415
1194067,41,134,1027,2016.0,13495.0,6634.0,2.328616,0.832224,CHE,MAR,6415
1194068,43,134,1027,2016.0,567941.0,0.0,1.249079,1.151045,CHN,MAR,6415
1194069,44,134,1027,2016.0,0.0,1997.0,-0.977045,-0.8633299999999999,CIV,MAR,6415
1194070,46,134,1027,2016.0,0.0,7203.0,-1.093544,-1.126599,COD,MAR,6415
1194071,59,134,1027,2016.0,158257.0,49125.0,1.818585,0.341356,CZE,MAR,6415
1194072,61,134,1027,2016.0,9196352.0,62843.0,2.307429,-2.341644,DEU,MAR,6415
1194073,64,134,1027,2016.0,4791.0,0.0,1.0572629999999998,1.4157540000000002,DNK,MAR,6415
1194074,68,134,1027,2016.0,19503.0,0.0,-0.202127,1.9342419999999998,EGY,MAR,6415
1194075,71,134,1027,2016.0,30713468.0,56718.0,0.795006,2.203292,ESP,MAR,6415
1194076,74,134,1027,2016.0,21175820.0,23438.0,1.621764,1.026393,FIN,MAR,6415
1194077,77,134,1027,2016.0,7067874.0,185173.0,1.490723,0.8471559999999999,FRA,MAR,6415
1194078,81,134,1027,2016.0,620413.0,2820.0,1.569616,1.048129,GBR,MAR,6415
1194079,90,134,1027,2016.0,0.0,15661.0,0.053899,1.1259709999999998,GRC,MAR,6415
1194080,100,134,1027,2016.0,93488.0,0.0,0.850619,1.39544,HRV,MAR,6415
1194081,102,134,1027,2016.0,1043286.0,0.0,1.7056069999999999,0.788768,HUN,MAR,6415
1194082,103,134,1027,2016.0,22525.0,3594.0,-0.013630000000000001,1.744404,IDN,MAR,6415
1194083,111,134,1027,2016.0,9602429.0,0.0,1.461526,0.316891,ITA,MAR,6415
1194084,114,134,1027,2016.0,1906490.0,0.0,2.550074,-0.479725,JPN,MAR,6415
1194085,121,134,1027,2016.0,9358.0,0.0,2.1686389999999998,0.798808,KOR,MAR,6415
1194086,122,134,1027,2016.0,0.0,5129.0,-0.401,-1.102991,KWT,MAR,6415
1194087,124,134,1027,2016.0,162797.0,0.0,0.385417,1.139648,LBN,MAR,6415
1194088,130,134,1027,2016.0,7467.0,0.0,0.6319130000000001,1.538765,LTU,MAR,6415
1194089,140,134,1027,2016.0,1393.0,0.0,-0.249664,-0.338412,MKD,MAR,6415
1194090,148,134,1027,2016.0,0.0,129930.0,-1.5601770000000001,-1.3474899999999999,MRT,MAR,6415
1194091,153,134,1027,2016.0,2872.0,0.0,1.091156,0.8383370000000001,MYS,MAR,6415
1194092,157,134,1027,2016.0,0.0,9351.0,-1.0853110000000001,-0.9786219999999999,NER,MAR,6415
1194093,162,134,1027,2016.0,1796264.0,0.0,1.132192,1.412512,NLD,MAR,6415
1194094,163,134,1027,2016.0,36469.0,0.0,0.664183,0.206877,NOR,MAR,6415
1194095,177,134,1027,2016.0,4704337.0,0.0,1.1068959999999999,1.226985,POL,MAR,6415
1194096,179,134,1027,2016.0,20018306.0,0.0,0.661961,2.108517,PRT,MAR,6415
1194097,186,134,1027,2016.0,44996.0,0.0,0.086009,0.300039,RUS,MAR,6415
1194098,188,134,1027,2016.0,1089840.0,0.0,0.00286,-0.764602,SAU,MAR,6415
1194099,191,134,1027,2016.0,0.0,56892.0,-0.648644,-0.39857800000000004,SEN,MAR,6415
1194100,192,134,1027,2016.0,0.0,12637.0,2.0149340000000002,0.613009,SGP,MAR,6415
1194101,206,134,1027,2016.0,3551510.0,0.0,1.446588,0.811076,SVK,MAR,6415
1194102,207,134,1027,2016.0,412700.0,0.0,1.7056200000000001,0.630058,SVN,MAR,6415
1194103,208,134,1027,2016.0,9373576.0,0.0,1.731295,0.679562,SWE,MAR,6415
1194104,216,134,1027,2016.0,0.0,89245.0,1.3075860000000001,1.151426,THA,MAR,6415
1194105,223,134,1027,2016.0,44144.0,4983.0,0.27537399999999995,0.9474239999999999,TUN,MAR,6415
1194106,224,134,1027,2016.0,6120422.0,77894.0,0.460247,2.3790400000000003,TUR,MAR,6415
1194107,228,134,1027,2016.0,186022.0,0.0,0.240605,0.827153,UKR,MAR,6415
1194108,231,134,1027,2016.0,709668.0,0.0,1.6991900000000002,-0.146044,USA,MAR,6415
1194109,239,134,1027,2016.0,0.0,594319.0,0.048214,0.6998810000000001,VNM,MAR,6415
1194110,7,141,1027,2016.0,8577.0,0.0,-0.019275,-0.18309,ARE,MLI,6415
1194111,15,141,1027,2016.0,20705.0,0.0,1.743944,-0.051155,AUT,MLI,6415
1194112,18,141,1027,2016.0,30933.0,0.0,1.2947110000000002,1.113058,BEL,MLI,6415
1194113,21,141,1027,2016.0,1204.0,0.0,-0.861491,-0.9462379999999999,BFA,MLI,6415
1194114,32,141,1027,2016.0,9143.0,0.0,0.284988,1.031028,BRA,MLI,6415
1194115,43,141,1027,2016.0,56855.0,0.0,1.249079,1.151045,CHN,MLI,6415
1194116,61,141,1027,2016.0,203035.0,0.0,2.307429,-2.341644,DEU,MLI,6415
1194117,64,141,1027,2016.0,1573.0,0.0,1.0572629999999998,1.4157540000000002,DNK,MLI,6415
1194118,71,141,1027,2016.0,5453.0,0.0,0.795006,2.203292,ESP,MLI,6415
1194119,74,141,1027,2016.0,104390.0,0.0,1.621764,1.026393,FIN,MLI,6415
1194120,77,141,1027,2016.0,262011.0,0.0,1.490723,0.8471559999999999,FRA,MLI,6415
1194121,81,141,1027,2016.0,30651.0,0.0,1.569616,1.048129,GBR,MLI,6415
1194122,103,141,1027,2016.0,308747.0,0.0,-0.013630000000000001,1.744404,IDN,MLI,6415
1194123,104,141,1027,2016.0,10839.0,0.0,0.223813,2.787547,IND,MLI,6415
1194124,111,141,1027,2016.0,56243.0,0.0,1.461526,0.316891,ITA,MLI,6415
1194125,162,141,1027,2016.0,3181.0,0.0,1.132192,1.412512,NLD,MLI,6415
1194126,177,141,1027,2016.0,49603.0,0.0,1.1068959999999999,1.226985,POL,MLI,6415
1194127,179,141,1027,2016.0,103438.0,0.0,0.661961,2.108517,PRT,MLI,6415
1194128,190,141,1027,2016.0,6400.0,0.0,-1.276278,-1.183311,SDN,MLI,6415
1194129,191,141,1027,2016.0,32455.0,0.0,-0.648644,-0.39857800000000004,SEN,MLI,6415
1194130,216,141,1027,2016.0,270111.0,0.0,1.3075860000000001,1.151426,THA,MLI,6415
1194131,228,141,1027,2016.0,2006.0,0.0,0.240605,0.827153,UKR,MLI,6415
1194132,231,141,1027,2016.0,165125.0,0.0,1.6991900000000002,-0.146044,USA,MLI,6415
1194133,246,141,1027,2016.0,13503.0,0.0,-0.029618000000000002,1.426834,ZAF,MLI,6415
1194134,7,142,1027,2016.0,96628.0,0.0,-0.019275,-0.18309,ARE,MLT,6415
1194135,15,142,1027,2016.0,4713.0,0.0,1.743944,-0.051155,AUT,MLT,6415
1194136,18,142,1027,2016.0,33479.0,0.0,1.2947110000000002,1.113058,BEL,MLT,6415
1194137,41,142,1027,2016.0,4581.0,0.0,2.328616,0.832224,CHE,MLT,6415
1194138,43,142,1027,2016.0,393119.0,0.0,1.249079,1.151045,CHN,MLT,6415
1194139,58,142,1027,2016.0,1424.0,0.0,0.229275,-0.09704600000000001,CYP,MLT,6415
1194140,59,142,1027,2016.0,147975.0,0.0,1.818585,0.341356,CZE,MLT,6415
1194141,61,142,1027,2016.0,658861.0,0.0,2.307429,-2.341644,DEU,MLT,6415
1194142,64,142,1027,2016.0,0.0,1790.0,1.0572629999999998,1.4157540000000002,DNK,MLT,6415
1194143,71,142,1027,2016.0,504779.0,26706.0,0.795006,2.203292,ESP,MLT,6415
1194144,74,142,1027,2016.0,120481.0,0.0,1.621764,1.026393,FIN,MLT,6415
1194145,77,142,1027,2016.0,23904.0,0.0,1.490723,0.8471559999999999,FRA,MLT,6415
1194146,81,142,1027,2016.0,28415444.0,249811.0,1.569616,1.048129,GBR,MLT,6415
1194147,90,142,1027,2016.0,2020.0,0.0,0.053899,1.1259709999999998,GRC,MLT,6415
1194148,97,142,1027,2016.0,15808.0,0.0,0.877619,1.0765790000000002,HKG,MLT,6415
1194149,100,142,1027,2016.0,11824.0,0.0,0.850619,1.39544,HRV,MLT,6415
1194150,102,142,1027,2016.0,9936.0,0.0,1.7056069999999999,0.788768,HUN,MLT,6415
1194151,103,142,1027,2016.0,1487154.0,0.0,-0.013630000000000001,1.744404,IDN,MLT,6415
1194152,110,142,1027,2016.0,23603.0,0.0,0.9932219999999999,0.7518819999999999,ISR,MLT,6415
1194153,111,142,1027,2016.0,971367.0,0.0,1.461526,0.316891,ITA,MLT,6415
1194154,114,142,1027,2016.0,5743.0,0.0,2.550074,-0.479725,JPN,MLT,6415
1194155,121,142,1027,2016.0,54197.0,0.0,2.1686389999999998,0.798808,KOR,MLT,6415
1194156,126,142,1027,2016.0,0.0,1751.0,-1.120678,-1.222803,LBY,MLT,6415
1194157,132,142,1027,2016.0,72074.0,0.0,0.46748199999999995,1.228024,LVA,MLT,6415
1194158,153,142,1027,2016.0,0.0,2404.0,1.091156,0.8383370000000001,MYS,MLT,6415
1194159,162,142,1027,2016.0,36884.0,4415.0,1.132192,1.412512,NLD,MLT,6415
1194160,163,142,1027,2016.0,28555.0,0.0,0.664183,0.206877,NOR,MLT,6415
1194161,166,142,1027,2016.0,0.0,15548.0,0.093306,0.194895,NZL,MLT,6415
1194162,177,142,1027,2016.0,20238.0,0.0,1.1068959999999999,1.226985,POL,MLT,6415
1194163,179,142,1027,2016.0,1538517.0,0.0,0.661961,2.108517,PRT,MLT,6415
1194164,186,142,1027,2016.0,377453.0,0.0,0.086009,0.300039,RUS,MLT,6415
1194165,188,142,1027,2016.0,3645.0,0.0,0.00286,-0.764602,SAU,MLT,6415
1194166,192,142,1027,2016.0,522171.0,11029.0,2.0149340000000002,0.613009,SGP,MLT,6415
1194167,206,142,1027,2016.0,228379.0,0.0,1.446588,0.811076,SVK,MLT,6415
1194168,207,142,1027,2016.0,1035653.0,0.0,1.7056200000000001,0.630058,SVN,MLT,6415
1194169,208,142,1027,2016.0,1660438.0,0.0,1.731295,0.679562,SWE,MLT,6415
1194170,216,142,1027,2016.0,226764.0,0.0,1.3075860000000001,1.151426,THA,MLT,6415
1194171,224,142,1027,2016.0,4929.0,0.0,0.460247,2.3790400000000003,TUR,MLT,6415
1194172,231,142,1027,2016.0,1157.0,0.0,1.6991900000000002,-0.146044,USA,MLT,6415
1194173,2,147,1027,2016.0,0.0,4940.0,-0.986722,-1.1941979999999999,AGO,MOZ,6415
1194174,7,147,1027,2016.0,61281.0,0.0,-0.019275,-0.18309,ARE,MOZ,6415
1194175,32,147,1027,2016.0,96756.0,0.0,0.284988,1.031028,BRA,MOZ,6415
1194176,39,147,1027,2016.0,2054.0,0.0,0.541041,1.328065,CAN,MOZ,6415
1194177,43,147,1027,2016.0,627300.0,0.0,1.249079,1.151045,CHN,MOZ,6415
1194178,61,147,1027,2016.0,4941.0,0.0,2.307429,-2.341644,DEU,MOZ,6415
1194179,64,147,1027,2016.0,1977.0,0.0,1.0572629999999998,1.4157540000000002,DNK,MOZ,6415
1194180,71,147,1027,2016.0,87937.0,0.0,0.795006,2.203292,ESP,MOZ,6415
1194181,97,147,1027,2016.0,51118.0,0.0,0.877619,1.0765790000000002,HKG,MOZ,6415
1194182,103,147,1027,2016.0,1293819.0,0.0,-0.013630000000000001,1.744404,IDN,MOZ,6415
1194183,104,147,1027,2016.0,401012.0,0.0,0.223813,2.787547,IND,MOZ,6415
1194184,111,147,1027,2016.0,3884.0,0.0,1.461526,0.316891,ITA,MOZ,6415
1194185,114,147,1027,2016.0,6545.0,0.0,2.550074,-0.479725,JPN,MOZ,6415
1194186,116,147,1027,2016.0,7692.0,0.0,-0.483554,0.25645,KEN,MOZ,6415
1194187,121,147,1027,2016.0,12710.0,0.0,2.1686389999999998,0.798808,KOR,MOZ,6415
1194188,162,147,1027,2016.0,1520.0,0.0,1.132192,1.412512,NLD,MOZ,6415
1194189,179,147,1027,2016.0,74300.0,0.0,0.661961,2.108517,PRT,MOZ,6415
1194190,186,147,1027,2016.0,46392.0,0.0,0.086009,0.300039,RUS,MOZ,6415
1194191,192,147,1027,2016.0,38497.0,0.0,2.0149340000000002,0.613009,SGP,MOZ,6415
1194192,216,147,1027,2016.0,670678.0,0.0,1.3075860000000001,1.151426,THA,MOZ,6415
1194193,224,147,1027,2016.0,15578.0,0.0,0.460247,2.3790400000000003,TUR,MOZ,6415
1194194,226,147,1027,2016.0,0.0,50805.0,-1.01426,0.304263,TZA,MOZ,6415
1194195,246,147,1027,2016.0,5429840.0,0.0,-0.029618000000000002,1.426834,ZAF,MOZ,6415
1194196,249,147,1027,2016.0,319597.0,0.0,2.028455,1.271167,TWN,MOZ,6415
1194197,250,147,1027,2016.0,22405.0,0.0,0.608271,-0.007568000000000001,ANS,MOZ,6415
1194198,15,164,1027,2016.0,2710.0,0.0,1.743944,-0.051155,AUT,NPL,6415
1194199,39,164,1027,2016.0,2055.0,1548.0,0.541041,1.328065,CAN,NPL,6415
1194200,43,164,1027,2016.0,101431.0,11766.0,1.249079,1.151045,CHN,NPL,6415
1194201,61,164,1027,2016.0,1009.0,58667.0,2.307429,-2.341644,DEU,NPL,6415
1194202,64,164,1027,2016.0,2639.0,4319.0,1.0572629999999998,1.4157540000000002,DNK,NPL,6415
1194203,77,164,1027,2016.0,1295.0,0.0,1.490723,0.8471559999999999,FRA,NPL,6415
1194204,81,164,1027,2016.0,0.0,16229.0,1.569616,1.048129,GBR,NPL,6415
1194205,97,164,1027,2016.0,4539.0,0.0,0.877619,1.0765790000000002,HKG,NPL,6415
1194206,103,164,1027,2016.0,254024.0,0.0,-0.013630000000000001,1.744404,IDN,NPL,6415
1194207,104,164,1027,2016.0,29517604.0,2492.0,0.223813,2.787547,IND,NPL,6415
1194208,111,164,1027,2016.0,0.0,1243.0,1.461526,0.316891,ITA,NPL,6415
1194209,114,164,1027,2016.0,0.0,14520.0,2.550074,-0.479725,JPN,NPL,6415
1194210,121,164,1027,2016.0,72841.0,0.0,2.1686389999999998,0.798808,KOR,NPL,6415
1194211,153,164,1027,2016.0,3078.0,0.0,1.091156,0.8383370000000001,MYS,NPL,6415
1194212,162,164,1027,2016.0,0.0,1231.0,1.132192,1.412512,NLD,NPL,6415
1194213,174,164,1027,2016.0,5760.0,0.0,0.958651,0.324888,PHL,NPL,6415
1194214,192,164,1027,2016.0,20063.0,0.0,2.0149340000000002,0.613009,SGP,NPL,6415
1194215,208,164,1027,2016.0,11781.0,0.0,1.731295,0.679562,SWE,NPL,6415
1194216,216,164,1027,2016.0,875623.0,0.0,1.3075860000000001,1.151426,THA,NPL,6415
1194217,231,164,1027,2016.0,2211.0,30977.0,1.6991900000000002,-0.146044,USA,NPL,6415
1194218,239,164,1027,2016.0,86413.0,0.0,0.048214,0.6998810000000001,VNM,NPL,6415
1194219,250,164,1027,2016.0,26215.0,0.0,0.608271,-0.007568000000000001,ANS,NPL,6415
1194220,1,168,1027,2016.0,0.0,189750.0,-1.44133,-0.9938950000000001,AFG,PAK,6415
1194221,7,168,1027,2016.0,214530.0,322191.0,-0.019275,-0.18309,ARE,PAK,6415
1194222,14,168,1027,2016.0,229977.0,0.0,-0.585613,-0.245365,AUS,PAK,6415
1194223,18,168,1027,2016.0,165864.0,0.0,1.2947110000000002,1.113058,BEL,PAK,6415
1194224,22,168,1027,2016.0,0.0,265029.0,-1.0177260000000001,-1.1010799999999998,BGD,PAK,6415
1194225,28,168,1027,2016.0,3732.0,0.0,0.879499,0.897567,BLR,PAK,6415
1194226,32,168,1027,2016.0,5300242.0,0.0,0.284988,1.031028,BRA,PAK,6415
1194227,39,168,1027,2016.0,74355.0,0.0,0.541041,1.328065,CAN,PAK,6415
1194228,41,168,1027,2016.0,210392.0,0.0,2.328616,0.832224,CHE,PAK,6415
1194229,43,168,1027,2016.0,16141973.0,27546.0,1.249079,1.151045,CHN,PAK,6415
1194230,59,168,1027,2016.0,152180.0,0.0,1.818585,0.341356,CZE,PAK,6415
1194231,61,168,1027,2016.0,1356450.0,0.0,2.307429,-2.341644,DEU,PAK,6415
1194232,62,168,1027,2016.0,0.0,3295.0,-0.267615,-0.787596,DJI,PAK,6415
1194233,71,168,1027,2016.0,933907.0,1341.0,0.795006,2.203292,ESP,PAK,6415
1194234,74,168,1027,2016.0,1382802.0,0.0,1.621764,1.026393,FIN,PAK,6415
1194235,77,168,1027,2016.0,503949.0,4763.0,1.490723,0.8471559999999999,FRA,PAK,6415
1194236,81,168,1027,2016.0,1421253.0,53951.0,1.569616,1.048129,GBR,PAK,6415
1194237,103,168,1027,2016.0,75608232.0,0.0,-0.013630000000000001,1.744404,IDN,PAK,6415
1194238,104,168,1027,2016.0,93763.0,0.0,0.223813,2.787547,IND,PAK,6415
1194239,111,168,1027,2016.0,322498.0,0.0,1.461526,0.316891,ITA,PAK,6415
1194240,114,168,1027,2016.0,3101567.0,0.0,2.550074,-0.479725,JPN,PAK,6415
1194241,121,168,1027,2016.0,239893.0,0.0,2.1686389999999998,0.798808,KOR,PAK,6415
1194242,122,168,1027,2016.0,57973.0,1276.0,-0.401,-1.102991,KWT,PAK,6415
1194243,128,168,1027,2016.0,0.0,2000336.0,-0.540154,0.22580100000000003,LKA,PAK,6415
1194244,136,168,1027,2016.0,0.0,30887.0,-0.979632,-0.63626,MDG,PAK,6415
1194245,143,168,1027,2016.0,0.0,61529.0,-1.0789600000000001,-0.6471180000000001,MMR,PAK,6415
1194246,144,168,1027,2016.0,48868.0,52579.0,0.002245,-0.10263599999999999,MNE,PAK,6415
1194247,153,168,1027,2016.0,96528.0,0.0,1.091156,0.8383370000000001,MYS,PAK,6415
1194248,159,168,1027,2016.0,0.0,22297.0,-1.7380830000000003,-1.306938,NGA,PAK,6415
1194249,162,168,1027,2016.0,343850.0,0.0,1.132192,1.412512,NLD,PAK,6415
1194250,166,168,1027,2016.0,2521.0,0.0,0.093306,0.194895,NZL,PAK,6415
1194251,174,168,1027,2016.0,2515234.0,0.0,0.958651,0.324888,PHL,PAK,6415
1194252,177,168,1027,2016.0,138191.0,0.0,1.1068959999999999,1.226985,POL,PAK,6415
1194253,179,168,1027,2016.0,983419.0,0.0,0.661961,2.108517,PRT,PAK,6415
1194254,186,168,1027,2016.0,166728.0,0.0,0.086009,0.300039,RUS,PAK,6415
1194255,188,168,1027,2016.0,1246897.0,0.0,0.00286,-0.764602,SAU,PAK,6415
1194256,192,168,1027,2016.0,4142626.0,0.0,2.0149340000000002,0.613009,SGP,PAK,6415
1194257,208,168,1027,2016.0,2539000.0,0.0,1.731295,0.679562,SWE,PAK,6415
1194258,216,168,1027,2016.0,14759702.0,0.0,1.3075860000000001,1.151426,THA,PAK,6415
1194259,224,168,1027,2016.0,401786.0,1768.0,0.460247,2.3790400000000003,TUR,PAK,6415
1194260,231,168,1027,2016.0,668239.0,142301.0,1.6991900000000002,-0.146044,USA,PAK,6415
1194261,239,168,1027,2016.0,19114.0,0.0,0.048214,0.6998810000000001,VNM,PAK,6415
1194262,246,168,1027,2016.0,206881.0,7613.0,-0.029618000000000002,1.426834,ZAF,PAK,6415
1194263,249,168,1027,2016.0,111910.0,0.0,2.028455,1.271167,TWN,PAK,6415
1194264,250,168,1027,2016.0,411747.0,0.0,0.608271,-0.007568000000000001,ANS,PAK,6415
1194265,7,183,1027,2016.0,1864411.0,3054855.0,-0.019275,-0.18309,ARE,QAT,6415
1194266,15,183,1027,2016.0,82407.0,0.0,1.743944,-0.051155,AUT,QAT,6415
1194267,18,183,1027,2016.0,4000.0,0.0,1.2947110000000002,1.113058,BEL,QAT,6415
1194268,24,183,1027,2016.0,35018.0,5568.0,0.23993299999999998,-0.5320199999999999,BHR,QAT,6415
1194269,32,183,1027,2016.0,80085.0,0.0,0.284988,1.031028,BRA,QAT,6415
1194270,43,183,1027,2016.0,802182.0,0.0,1.249079,1.151045,CHN,QAT,6415
1194271,61,183,1027,2016.0,185011.0,0.0,2.307429,-2.341644,DEU,QAT,6415
1194272,71,183,1027,2016.0,733923.0,0.0,0.795006,2.203292,ESP,QAT,6415
1194273,74,183,1027,2016.0,79905.0,0.0,1.621764,1.026393,FIN,QAT,6415
1194274,77,183,1027,2016.0,308189.0,0.0,1.490723,0.8471559999999999,FRA,QAT,6415
1194275,81,183,1027,2016.0,191131.0,0.0,1.569616,1.048129,GBR,QAT,6415
1194276,103,183,1027,2016.0,2761275.0,0.0,-0.013630000000000001,1.744404,IDN,QAT,6415
1194277,104,183,1027,2016.0,1374899.0,16064.0,0.223813,2.787547,IND,QAT,6415
1194278,111,183,1027,2016.0,95857.0,0.0,1.461526,0.316891,ITA,QAT,6415
1194279,113,183,1027,2016.0,2262.0,0.0,0.100333,0.020786000000000002,JOR,QAT,6415
1194280,114,183,1027,2016.0,187662.0,0.0,2.550074,-0.479725,JPN,QAT,6415
1194281,121,183,1027,2016.0,319859.0,0.0,2.1686389999999998,0.798808,KOR,QAT,6415
1194282,122,183,1027,2016.0,189361.0,0.0,-0.401,-1.102991,KWT,QAT,6415
1194283,124,183,1027,2016.0,23461.0,0.0,0.385417,1.139648,LBN,QAT,6415
1194284,128,183,1027,2016.0,0.0,64768.0,-0.540154,0.22580100000000003,LKA,QAT,6415
1194285,153,183,1027,2016.0,4593.0,0.0,1.091156,0.8383370000000001,MYS,QAT,6415
1194286,162,183,1027,2016.0,234830.0,0.0,1.132192,1.412512,NLD,QAT,6415
1194287,167,183,1027,2016.0,28132.0,0.0,-0.594724,-1.019133,OMN,QAT,6415
1194288,179,183,1027,2016.0,235791.0,0.0,0.661961,2.108517,PRT,QAT,6415
1194289,185,183,1027,2016.0,15229.0,0.0,1.176177,1.093489,ROU,QAT,6415
1194290,186,183,1027,2016.0,8596.0,0.0,0.086009,0.300039,RUS,QAT,6415
1194291,188,183,1027,2016.0,852035.0,14759.0,0.00286,-0.764602,SAU,QAT,6415
1194292,192,183,1027,2016.0,843884.0,0.0,2.0149340000000002,0.613009,SGP,QAT,6415
1194293,206,183,1027,2016.0,12617.0,0.0,1.446588,0.811076,SVK,QAT,6415
1194294,207,183,1027,2016.0,7536.0,0.0,1.7056200000000001,0.630058,SVN,QAT,6415
1194295,208,183,1027,2016.0,1343834.0,0.0,1.731295,0.679562,SWE,QAT,6415
1194296,216,183,1027,2016.0,1572701.0,0.0,1.3075860000000001,1.151426,THA,QAT,6415
1194297,224,183,1027,2016.0,5788.0,0.0,0.460247,2.3790400000000003,TUR,QAT,6415
1194298,231,183,1027,2016.0,577848.0,0.0,1.6991900000000002,-0.146044,USA,QAT,6415
1194299,246,183,1027,2016.0,1108.0,0.0,-0.029618000000000002,1.426834,ZAF,QAT,6415
1194300,14,185,1027,2016.0,2196235.0,0.0,-0.585613,-0.245365,AUS,ROU,6415
1194301,15,185,1027,2016.0,27896190.0,1171061.0,1.743944,-0.051155,AUT,ROU,6415
1194302,18,185,1027,2016.0,124990.0,0.0,1.2947110000000002,1.113058,BEL,ROU,6415
1194303,23,185,1027,2016.0,3054775.0,4475450.0,0.509062,1.804648,BGR,ROU,6415
1194304,26,185,1027,2016.0,0.0,85142.0,0.693416,0.8723540000000001,BIH,ROU,6415
1194305,32,185,1027,2016.0,577975.0,0.0,0.284988,1.031028,BRA,ROU,6415
1194306,39,185,1027,2016.0,56660.0,0.0,0.541041,1.328065,CAN,ROU,6415
1194307,41,185,1027,2016.0,54940.0,87764.0,2.328616,0.832224,CHE,ROU,6415
1194308,43,185,1027,2016.0,3915217.0,42918.0,1.249079,1.151045,CHN,ROU,6415
1194309,44,185,1027,2016.0,0.0,771072.0,-0.977045,-0.8633299999999999,CIV,ROU,6415
1194310,59,185,1027,2016.0,2379046.0,63326.0,1.818585,0.341356,CZE,ROU,6415
1194311,61,185,1027,2016.0,47279956.0,827969.0,2.307429,-2.341644,DEU,ROU,6415
1194312,64,185,1027,2016.0,5339.0,0.0,1.0572629999999998,1.4157540000000002,DNK,ROU,6415
1194313,68,185,1027,2016.0,5127.0,136308.0,-0.202127,1.9342419999999998,EGY,ROU,6415
1194314,71,185,1027,2016.0,6595782.0,75449.0,0.795006,2.203292,ESP,ROU,6415
1194315,72,185,1027,2016.0,4803.0,0.0,0.958292,1.190173,EST,ROU,6415
1194316,74,185,1027,2016.0,2724652.0,0.0,1.621764,1.026393,FIN,ROU,6415
1194317,77,185,1027,2016.0,4634055.0,1155323.0,1.490723,0.8471559999999999,FRA,ROU,6415
1194318,81,185,1027,2016.0,555196.0,131045.0,1.569616,1.048129,GBR,ROU,6415
1194319,90,185,1027,2016.0,494286.0,15036309.0,0.053899,1.1259709999999998,GRC,ROU,6415
1194320,97,185,1027,2016.0,2571.0,0.0,0.877619,1.0765790000000002,HKG,ROU,6415
1194321,100,185,1027,2016.0,381024.0,20386.0,0.850619,1.39544,HRV,ROU,6415
1194322,102,185,1027,2016.0,38469000.0,6977987.0,1.7056069999999999,0.788768,HUN,ROU,6415
1194323,103,185,1027,2016.0,12286370.0,0.0,-0.013630000000000001,1.744404,IDN,ROU,6415
1194324,104,185,1027,2016.0,82149.0,25640.0,0.223813,2.787547,IND,ROU,6415
1194325,106,185,1027,2016.0,16048.0,0.0,1.320777,0.057924,IRL,ROU,6415
1194326,110,185,1027,2016.0,0.0,20391.0,0.9932219999999999,0.7518819999999999,ISR,ROU,6415
1194327,111,185,1027,2016.0,18186798.0,6296213.0,1.461526,0.316891,ITA,ROU,6415
1194328,114,185,1027,2016.0,3022.0,0.0,2.550074,-0.479725,JPN,ROU,6415
1194329,121,185,1027,2016.0,58569.0,0.0,2.1686389999999998,0.798808,KOR,ROU,6415
1194330,130,185,1027,2016.0,4777.0,3934.0,0.6319130000000001,1.538765,LTU,ROU,6415
1194331,132,185,1027,2016.0,218379.0,21123.0,0.46748199999999995,1.228024,LVA,ROU,6415
1194332,135,185,1027,2016.0,0.0,1208859.0,-0.24173200000000003,0.010985,MDA,ROU,6415
1194333,140,185,1027,2016.0,3181.0,356547.0,-0.249664,-0.338412,MKD,ROU,6415
1194334,162,185,1027,2016.0,1174155.0,88006.0,1.132192,1.412512,NLD,ROU,6415
1194335,163,185,1027,2016.0,766054.0,0.0,0.664183,0.206877,NOR,ROU,6415
1194336,177,185,1027,2016.0,12440352.0,669810.0,1.1068959999999999,1.226985,POL,ROU,6415
1194337,179,185,1027,2016.0,1408410.0,5303.0,0.661961,2.108517,PRT,ROU,6415
1194338,183,185,1027,2016.0,0.0,15229.0,-0.52984,-1.106589,QAT,ROU,6415
1194339,186,185,1027,2016.0,10089616.0,32776.0,0.086009,0.300039,RUS,ROU,6415
1194340,192,185,1027,2016.0,249729.0,0.0,2.0149340000000002,0.613009,SGP,ROU,6415
1194341,198,185,1027,2016.0,5686.0,2436.0,1.0774059999999999,0.771039,SMR,ROU,6415
1194342,201,185,1027,2016.0,1373344.0,237146.0,0.608136,1.38132,SRB,ROU,6415
1194343,206,185,1027,2016.0,28447250.0,666893.0,1.446588,0.811076,SVK,ROU,6415
1194344,207,185,1027,2016.0,643018.0,334342.0,1.7056200000000001,0.630058,SVN,ROU,6415
1194345,208,185,1027,2016.0,8486739.0,0.0,1.731295,0.679562,SWE,ROU,6415
1194346,216,185,1027,2016.0,532450.0,0.0,1.3075860000000001,1.151426,THA,ROU,6415
1194347,224,185,1027,2016.0,2700014.0,396982.0,0.460247,2.3790400000000003,TUR,ROU,6415
1194348,228,185,1027,2016.0,2090960.0,658218.0,0.240605,0.827153,UKR,ROU,6415
1194349,231,185,1027,2016.0,18124.0,159353.0,1.6991900000000002,-0.146044,USA,ROU,6415
1194350,249,185,1027,2016.0,4991.0,0.0,2.028455,1.271167,TWN,ROU,6415
1194351,4,201,1027,2016.0,305315.0,156299.0,-0.5783550000000001,-0.085516,ALB,SRB,6415
1194352,7,201,1027,2016.0,4342.0,8960.0,-0.019275,-0.18309,ARE,SRB,6415
1194353,14,201,1027,2016.0,18473.0,0.0,-0.585613,-0.245365,AUS,SRB,6415
1194354,15,201,1027,2016.0,9552705.0,13595.0,1.743944,-0.051155,AUT,SRB,6415
1194355,18,201,1027,2016.0,1554.0,0.0,1.2947110000000002,1.113058,BEL,SRB,6415
1194356,23,201,1027,2016.0,872983.0,820690.0,0.509062,1.804648,BGR,SRB,6415
1194357,26,201,1027,2016.0,1828256.0,469546.0,0.693416,0.8723540000000001,BIH,SRB,6415
1194358,28,201,1027,2016.0,0.0,12022.0,0.879499,0.897567,BLR,SRB,6415
1194359,41,201,1027,2016.0,214351.0,132904.0,2.328616,0.832224,CHE,SRB,6415
1194360,43,201,1027,2016.0,265250.0,0.0,1.249079,1.151045,CHN,SRB,6415
1194361,59,201,1027,2016.0,1225474.0,750054.0,1.818585,0.341356,CZE,SRB,6415
1194362,61,201,1027,2016.0,12367950.0,1467866.0,2.307429,-2.341644,DEU,SRB,6415
1194363,64,201,1027,2016.0,59640.0,0.0,1.0572629999999998,1.4157540000000002,DNK,SRB,6415
1194364,71,201,1027,2016.0,1054303.0,4680.0,0.795006,2.203292,ESP,SRB,6415
1194365,73,201,1027,2016.0,0.0,7532.0,-1.163689,-0.885724,ETH,SRB,6415
1194366,74,201,1027,2016.0,2738849.0,0.0,1.621764,1.026393,FIN,SRB,6415
1194367,77,201,1027,2016.0,1050104.0,6986.0,1.490723,0.8471559999999999,FRA,SRB,6415
1194368,81,201,1027,2016.0,105316.0,0.0,1.569616,1.048129,GBR,SRB,6415
1194369,90,201,1027,2016.0,41517.0,1713682.0,0.053899,1.1259709999999998,GRC,SRB,6415
1194370,100,201,1027,2016.0,13174023.0,625790.0,0.850619,1.39544,HRV,SRB,6415
1194371,102,201,1027,2016.0,9569854.0,138661.0,1.7056069999999999,0.788768,HUN,SRB,6415
1194372,103,201,1027,2016.0,29983.0,0.0,-0.013630000000000001,1.744404,IDN,SRB,6415
1194373,104,201,1027,2016.0,2043.0,0.0,0.223813,2.787547,IND,SRB,6415
1194374,111,201,1027,2016.0,8530848.0,1055307.0,1.461526,0.316891,ITA,SRB,6415
1194375,114,201,1027,2016.0,37615.0,0.0,2.550074,-0.479725,JPN,SRB,6415
1194376,121,201,1027,2016.0,99659.0,0.0,2.1686389999999998,0.798808,KOR,SRB,6415
1194377,130,201,1027,2016.0,0.0,2660.0,0.6319130000000001,1.538765,LTU,SRB,6415
1194378,140,201,1027,2016.0,75534.0,2733248.0,-0.249664,-0.338412,MKD,SRB,6415
1194379,144,201,1027,2016.0,0.0,677278.0,0.002245,-0.10263599999999999,MNE,SRB,6415
1194380,153,201,1027,2016.0,1912.0,0.0,1.091156,0.8383370000000001,MYS,SRB,6415
1194381,162,201,1027,2016.0,591707.0,0.0,1.132192,1.412512,NLD,SRB,6415
1194382,163,201,1027,2016.0,607628.0,0.0,0.664183,0.206877,NOR,SRB,6415
1194383,177,201,1027,2016.0,5412982.0,386694.0,1.1068959999999999,1.226985,POL,SRB,6415
1194384,179,201,1027,2016.0,431766.0,0.0,0.661961,2.108517,PRT,SRB,6415
1194385,185,201,1027,2016.0,237146.0,1373344.0,1.176177,1.093489,ROU,SRB,6415
1194386,186,201,1027,2016.0,2033523.0,16680.0,0.086009,0.300039,RUS,SRB,6415
1194387,206,201,1027,2016.0,10059796.0,152008.0,1.446588,0.811076,SVK,SRB,6415
1194388,207,201,1027,2016.0,5427142.0,372579.0,1.7056200000000001,0.630058,SVN,SRB,6415
1194389,208,201,1027,2016.0,2326015.0,119909.0,1.731295,0.679562,SWE,SRB,6415
1194390,216,201,1027,2016.0,104112.0,0.0,1.3075860000000001,1.151426,THA,SRB,6415
1194391,224,201,1027,2016.0,750449.0,552501.0,0.460247,2.3790400000000003,TUR,SRB,6415
1194392,228,201,1027,2016.0,146708.0,0.0,0.240605,0.827153,UKR,SRB,6415
1194393,231,201,1027,2016.0,11721.0,0.0,1.6991900000000002,-0.146044,USA,SRB,6415
1194394,4,206,1027,2016.0,0.0,14870.0,-0.5783550000000001,-0.085516,ALB,SVK,6415
1194395,7,206,1027,2016.0,0.0,1260573.0,-0.019275,-0.18309,ARE,SVK,6415
1194396,8,206,1027,2016.0,0.0,44731.0,-0.334847,0.24145100000000003,ARG,SVK,6415
1194397,14,206,1027,2016.0,2364.0,131880.0,-0.585613,-0.245365,AUS,SVK,6415
1194398,15,206,1027,2016.0,23882492.0,32944648.0,1.743944,-0.051155,AUT,SVK,6415
1194399,16,206,1027,2016.0,0.0,15538.0,-1.111874,-1.2526059999999999,AZE,SVK,6415
1194400,18,206,1027,2016.0,525145.0,1308166.0,1.2947110000000002,1.113058,BEL,SVK,6415
1194401,23,206,1027,2016.0,176728.0,7817632.0,0.509062,1.804648,BGR,SVK,6415
1194402,24,206,1027,2016.0,0.0,59656.0,0.23993299999999998,-0.5320199999999999,BHR,SVK,6415
1194403,26,206,1027,2016.0,0.0,2093972.0,0.693416,0.8723540000000001,BIH,SVK,6415
1194404,28,206,1027,2016.0,0.0,192364.0,0.879499,0.897567,BLR,SVK,6415
1194405,39,206,1027,2016.0,0.0,30641.0,0.541041,1.328065,CAN,SVK,6415
1194406,41,206,1027,2016.0,1403963.0,4211614.0,2.328616,0.832224,CHE,SVK,6415
1194407,43,206,1027,2016.0,175568.0,0.0,1.249079,1.151045,CHN,SVK,6415
1194408,45,206,1027,2016.0,0.0,1142.0,-1.1342969999999999,-1.101724,CMR,SVK,6415
1194409,58,206,1027,2016.0,1601.0,20833.0,0.229275,-0.09704600000000001,CYP,SVK,6415
1194410,59,206,1027,2016.0,15271510.0,36961932.0,1.818585,0.341356,CZE,SVK,6415
1194411,61,206,1027,2016.0,33632052.0,77860496.0,2.307429,-2.341644,DEU,SVK,6415
1194412,64,206,1027,2016.0,792619.0,1067044.0,1.0572629999999998,1.4157540000000002,DNK,SVK,6415
1194413,66,206,1027,2016.0,0.0,919627.0,-1.243568,-1.232077,DZA,SVK,6415
1194414,68,206,1027,2016.0,0.0,8914046.0,-0.202127,1.9342419999999998,EGY,SVK,6415
1194415,71,206,1027,2016.0,66206.0,1503111.0,0.795006,2.203292,ESP,SVK,6415
1194416,72,206,1027,2016.0,0.0,1490657.0,0.958292,1.190173,EST,SVK,6415
1194417,74,206,1027,2016.0,3062352.0,33437.0,1.621764,1.026393,FIN,SVK,6415
1194418,77,206,1027,2016.0,2246373.0,4930588.0,1.490723,0.8471559999999999,FRA,SVK,6415
1194419,81,206,1027,2016.0,548124.0,3410086.0,1.569616,1.048129,GBR,SVK,6415
1194420,90,206,1027,2016.0,13331.0,2166479.0,0.053899,1.1259709999999998,GRC,SVK,6415
1194421,97,206,1027,2016.0,2179.0,0.0,0.877619,1.0765790000000002,HKG,SVK,6415
1194422,100,206,1027,2016.0,4003458.0,5855794.0,0.850619,1.39544,HRV,SVK,6415
1194423,102,206,1027,2016.0,5657401.0,34563412.0,1.7056069999999999,0.788768,HUN,SVK,6415
1194424,103,206,1027,2016.0,228286.0,0.0,-0.013630000000000001,1.744404,IDN,SVK,6415
1194425,104,206,1027,2016.0,0.0,14230.0,0.223813,2.787547,IND,SVK,6415
1194426,106,206,1027,2016.0,0.0,1723.0,1.320777,0.057924,IRL,SVK,6415
1194427,107,206,1027,2016.0,7256.0,0.0,-0.408637,-0.340544,IRN,SVK,6415
1194428,110,206,1027,2016.0,0.0,4205064.0,0.9932219999999999,0.7518819999999999,ISR,SVK,6415
1194429,111,206,1027,2016.0,1619662.0,27253852.0,1.461526,0.316891,ITA,SVK,6415
1194430,113,206,1027,2016.0,0.0,1261744.0,0.100333,0.020786000000000002,JOR,SVK,6415
1194431,114,206,1027,2016.0,24895.0,0.0,2.550074,-0.479725,JPN,SVK,6415
1194432,115,206,1027,2016.0,0.0,12374.0,-0.467305,-0.475451,KAZ,SVK,6415
1194433,121,206,1027,2016.0,82188.0,0.0,2.1686389999999998,0.798808,KOR,SVK,6415
1194434,122,206,1027,2016.0,0.0,539798.0,-0.401,-1.102991,KWT,SVK,6415
1194435,124,206,1027,2016.0,0.0,3550270.0,0.385417,1.139648,LBN,SVK,6415
1194436,126,206,1027,2016.0,0.0,40770.0,-1.120678,-1.222803,LBY,SVK,6415
1194437,130,206,1027,2016.0,0.0,3018354.0,0.6319130000000001,1.538765,LTU,SVK,6415
1194438,131,206,1027,2016.0,0.0,243791.0,1.217021,1.401214,LUX,SVK,6415
1194439,132,206,1027,2016.0,95636.0,3853649.0,0.46748199999999995,1.228024,LVA,SVK,6415
1194440,134,206,1027,2016.0,0.0,3551510.0,-0.648329,-0.14071,MAR,SVK,6415
1194441,135,206,1027,2016.0,0.0,1182910.0,-0.24173200000000003,0.010985,MDA,SVK,6415
1194442,138,206,1027,2016.0,1494.0,0.0,1.393506,0.64152,MEX,SVK,6415
1194443,140,206,1027,2016.0,0.0,3044.0,-0.249664,-0.338412,MKD,SVK,6415
1194444,142,206,1027,2016.0,0.0,228379.0,0.981182,-0.029401999999999998,MLT,SVK,6415
1194445,144,206,1027,2016.0,0.0,83086.0,0.002245,-0.10263599999999999,MNE,SVK,6415
1194446,155,206,1027,2016.0,2698.0,0.0,-0.506252,-0.8029350000000001,NAM,SVK,6415
1194447,162,206,1027,2016.0,3713697.0,4503806.0,1.132192,1.412512,NLD,SVK,6415
1194448,163,206,1027,2016.0,9606188.0,8615.0,0.664183,0.206877,NOR,SVK,6415
1194449,167,206,1027,2016.0,0.0,350640.0,-0.594724,-1.019133,OMN,SVK,6415
1194450,177,206,1027,2016.0,11890246.0,35517284.0,1.1068959999999999,1.226985,POL,SVK,6415
1194451,179,206,1027,2016.0,1732174.0,0.0,0.661961,2.108517,PRT,SVK,6415
1194452,183,206,1027,2016.0,0.0,12617.0,-0.52984,-1.106589,QAT,SVK,6415
1194453,185,206,1027,2016.0,666893.0,28447250.0,1.176177,1.093489,ROU,SVK,6415
1194454,186,206,1027,2016.0,59080.0,217362.0,0.086009,0.300039,RUS,SVK,6415
1194455,188,206,1027,2016.0,0.0,298707.0,0.00286,-0.764602,SAU,SVK,6415
1194456,198,206,1027,2016.0,0.0,331836.0,1.0774059999999999,0.771039,SMR,SVK,6415
1194457,201,206,1027,2016.0,152008.0,10059796.0,0.608136,1.38132,SRB,SVK,6415
1194458,207,206,1027,2016.0,1755668.0,24660920.0,1.7056200000000001,0.630058,SVN,SVK,6415
1194459,208,206,1027,2016.0,19746542.0,95178.0,1.731295,0.679562,SWE,SVK,6415
1194460,223,206,1027,2016.0,0.0,2734066.0,0.27537399999999995,0.9474239999999999,TUN,SVK,6415
1194461,224,206,1027,2016.0,25058.0,37036920.0,0.460247,2.3790400000000003,TUR,SVK,6415
1194462,228,206,1027,2016.0,211261.0,19822736.0,0.240605,0.827153,UKR,SVK,6415
1194463,231,206,1027,2016.0,36221.0,325023.0,1.6991900000000002,-0.146044,USA,SVK,6415
1194464,239,206,1027,2016.0,1092.0,0.0,0.048214,0.6998810000000001,VNM,SVK,6415
1194465,243,206,1027,2016.0,0.0,38854.0,-0.99136,-1.1587049999999999,YEM,SVK,6415
1194466,250,206,1027,2016.0,2648960.0,0.0,0.608271,-0.007568000000000001,ANS,SVK,6415
1194467,4,207,1027,2016.0,0.0,228027.0,-0.5783550000000001,-0.085516,ALB,SVN,6415
1194468,7,207,1027,2016.0,0.0,202542.0,-0.019275,-0.18309,ARE,SVN,6415
1194469,14,207,1027,2016.0,235324.0,1180.0,-0.585613,-0.245365,AUS,SVN,6415
1194470,15,207,1027,2016.0,41552396.0,1647361.0,1.743944,-0.051155,AUT,SVN,6415
1194471,18,207,1027,2016.0,12315.0,133690.0,1.2947110000000002,1.113058,BEL,SVN,6415
1194472,23,207,1027,2016.0,52642.0,278155.0,0.509062,1.804648,BGR,SVN,6415
1194473,24,207,1027,2016.0,0.0,50185.0,0.23993299999999998,-0.5320199999999999,BHR,SVN,6415
1194474,26,207,1027,2016.0,44342.0,1778412.0,0.693416,0.8723540000000001,BIH,SVN,6415
1194475,28,207,1027,2016.0,0.0,11677.0,0.879499,0.897567,BLR,SVN,6415
1194476,32,207,1027,2016.0,324862.0,24513.0,0.284988,1.031028,BRA,SVN,6415
1194477,39,207,1027,2016.0,0.0,14966.0,0.541041,1.328065,CAN,SVN,6415
1194478,41,207,1027,2016.0,118817.0,804290.0,2.328616,0.832224,CHE,SVN,6415
1194479,42,207,1027,2016.0,0.0,49969.0,-0.162923,-0.20607199999999998,CHL,SVN,6415
1194480,43,207,1027,2016.0,1294734.0,0.0,1.249079,1.151045,CHN,SVN,6415
1194481,49,207,1027,2016.0,0.0,14644.0,-0.040341,-0.20957699999999999,COL,SVN,6415
1194482,58,207,1027,2016.0,0.0,556929.0,0.229275,-0.09704600000000001,CYP,SVN,6415
1194483,59,207,1027,2016.0,3249376.0,1103383.0,1.818585,0.341356,CZE,SVN,6415
1194484,61,207,1027,2016.0,12462802.0,2585398.0,2.307429,-2.341644,DEU,SVN,6415
1194485,64,207,1027,2016.0,12953.0,35664.0,1.0572629999999998,1.4157540000000002,DNK,SVN,6415
1194486,66,207,1027,2016.0,0.0,710080.0,-1.243568,-1.232077,DZA,SVN,6415
1194487,68,207,1027,2016.0,0.0,1724569.0,-0.202127,1.9342419999999998,EGY,SVN,6415
1194488,71,207,1027,2016.0,913863.0,271212.0,0.795006,2.203292,ESP,SVN,6415
1194489,72,207,1027,2016.0,0.0,3323.0,0.958292,1.190173,EST,SVN,6415
1194490,73,207,1027,2016.0,0.0,23014.0,-1.163689,-0.885724,ETH,SVN,6415
1194491,74,207,1027,2016.0,227463.0,0.0,1.621764,1.026393,FIN,SVN,6415
1194492,77,207,1027,2016.0,590807.0,1642280.0,1.490723,0.8471559999999999,FRA,SVN,6415
1194493,81,207,1027,2016.0,163877.0,452246.0,1.569616,1.048129,GBR,SVN,6415
1194494,90,207,1027,2016.0,0.0,140248.0,0.053899,1.1259709999999998,GRC,SVN,6415
1194495,97,207,1027,2016.0,0.0,44264.0,0.877619,1.0765790000000002,HKG,SVN,6415
1194496,99,207,1027,2016.0,0.0,34116.0,-0.506029,-0.30843899999999996,HND,SVN,6415
1194497,100,207,1027,2016.0,12569979.0,3865608.0,0.850619,1.39544,HRV,SVN,6415
1194498,102,207,1027,2016.0,20318778.0,4258286.0,1.7056069999999999,0.788768,HUN,SVN,6415
1194499,103,207,1027,2016.0,3760170.0,0.0,-0.013630000000000001,1.744404,IDN,SVN,6415
1194500,104,207,1027,2016.0,0.0,2849.0,0.223813,2.787547,IND,SVN,6415
1194501,106,207,1027,2016.0,0.0,1713.0,1.320777,0.057924,IRL,SVN,6415
1194502,107,207,1027,2016.0,0.0,604140.0,-0.408637,-0.340544,IRN,SVN,6415
1194503,110,207,1027,2016.0,0.0,1200786.0,0.9932219999999999,0.7518819999999999,ISR,SVN,6415
1194504,111,207,1027,2016.0,12674191.0,9760194.0,1.461526,0.316891,ITA,SVN,6415
1194505,113,207,1027,2016.0,0.0,19911.0,0.100333,0.020786000000000002,JOR,SVN,6415
1194506,114,207,1027,2016.0,3012.0,16111.0,2.550074,-0.479725,JPN,SVN,6415
1194507,116,207,1027,2016.0,0.0,41434.0,-0.483554,0.25645,KEN,SVN,6415
1194508,122,207,1027,2016.0,0.0,62942.0,-0.401,-1.102991,KWT,SVN,6415
1194509,124,207,1027,2016.0,0.0,187788.0,0.385417,1.139648,LBN,SVN,6415
1194510,126,207,1027,2016.0,0.0,151764.0,-1.120678,-1.222803,LBY,SVN,6415
1194511,128,207,1027,2016.0,0.0,926516.0,-0.540154,0.22580100000000003,LKA,SVN,6415
1194512,130,207,1027,2016.0,1611.0,99657.0,0.6319130000000001,1.538765,LTU,SVN,6415
1194513,131,207,1027,2016.0,14365.0,0.0,1.217021,1.401214,LUX,SVN,6415
1194514,132,207,1027,2016.0,20368.0,0.0,0.46748199999999995,1.228024,LVA,SVN,6415
1194515,134,207,1027,2016.0,0.0,412700.0,-0.648329,-0.14071,MAR,SVN,6415
1194516,135,207,1027,2016.0,0.0,93431.0,-0.24173200000000003,0.010985,MDA,SVN,6415
1194517,138,207,1027,2016.0,0.0,12204.0,1.393506,0.64152,MEX,SVN,6415
1194518,140,207,1027,2016.0,14656.0,1415504.0,-0.249664,-0.338412,MKD,SVN,6415
1194519,142,207,1027,2016.0,0.0,1035653.0,0.981182,-0.029401999999999998,MLT,SVN,6415
1194520,144,207,1027,2016.0,0.0,40925.0,0.002245,-0.10263599999999999,MNE,SVN,6415
1194521,159,207,1027,2016.0,0.0,103790.0,-1.7380830000000003,-1.306938,NGA,SVN,6415
1194522,162,207,1027,2016.0,3753165.0,372938.0,1.132192,1.412512,NLD,SVN,6415
1194523,163,207,1027,2016.0,46334.0,17103.0,0.664183,0.206877,NOR,SVN,6415
1194524,167,207,1027,2016.0,0.0,4717.0,-0.594724,-1.019133,OMN,SVN,6415
1194525,173,207,1027,2016.0,0.0,61299.0,-0.818178,-0.0791,PER,SVN,6415
1194526,177,207,1027,2016.0,4212798.0,1890967.0,1.1068959999999999,1.226985,POL,SVN,6415
1194527,179,207,1027,2016.0,1058998.0,0.0,0.661961,2.108517,PRT,SVN,6415
1194528,181,207,1027,2016.0,0.0,3594.0,0.09150900000000001,0.693397,PSE,SVN,6415
1194529,183,207,1027,2016.0,0.0,7536.0,-0.52984,-1.106589,QAT,SVN,6415
1194530,185,207,1027,2016.0,334342.0,643018.0,1.176177,1.093489,ROU,SVN,6415
1194531,186,207,1027,2016.0,3698.0,114837.0,0.086009,0.300039,RUS,SVN,6415
1194532,188,207,1027,2016.0,0.0,390955.0,0.00286,-0.764602,SAU,SVN,6415
1194533,190,207,1027,2016.0,0.0,92841.0,-1.276278,-1.183311,SDN,SVN,6415
1194534,192,207,1027,2016.0,41308.0,3735.0,2.0149340000000002,0.613009,SGP,SVN,6415
1194535,198,207,1027,2016.0,0.0,171380.0,1.0774059999999999,0.771039,SMR,SVN,6415
1194536,201,207,1027,2016.0,372579.0,5427142.0,0.608136,1.38132,SRB,SVN,6415
1194537,206,207,1027,2016.0,24660920.0,1755668.0,1.446588,0.811076,SVK,SVN,6415
1194538,208,207,1027,2016.0,2551320.0,70007.0,1.731295,0.679562,SWE,SVN,6415
1194539,216,207,1027,2016.0,196491.0,0.0,1.3075860000000001,1.151426,THA,SVN,6415
1194540,223,207,1027,2016.0,0.0,230623.0,0.27537399999999995,0.9474239999999999,TUN,SVN,6415
1194541,224,207,1027,2016.0,95670.0,13678244.0,0.460247,2.3790400000000003,TUR,SVN,6415
1194542,228,207,1027,2016.0,0.0,1950323.0,0.240605,0.827153,UKR,SVN,6415
1194543,231,207,1027,2016.0,25785.0,1475118.0,1.6991900000000002,-0.146044,USA,SVN,6415
1194544,239,207,1027,2016.0,0.0,84998.0,0.048214,0.6998810000000001,VNM,SVN,6415
1194545,243,207,1027,2016.0,0.0,17289.0,-0.99136,-1.1587049999999999,YEM,SVN,6415
1194546,249,207,1027,2016.0,5051.0,0.0,2.028455,1.271167,TWN,SVN,6415
1194547,7,217,1027,2016.0,27892.0,0.0,-0.019275,-0.18309,ARE,TJK,6415
1194548,43,217,1027,2016.0,307761.0,0.0,1.249079,1.151045,CHN,TJK,6415
1194549,107,217,1027,2016.0,2347.0,0.0,-0.408637,-0.340544,IRN,TJK,6415
1194550,111,217,1027,2016.0,2885.0,0.0,1.461526,0.316891,ITA,TJK,6415
1194551,115,217,1027,2016.0,202280.0,0.0,-0.467305,-0.475451,KAZ,TJK,6415
1194552,186,217,1027,2016.0,4441889.0,0.0,0.086009,0.300039,RUS,TJK,6415
1194553,216,217,1027,2016.0,476352.0,0.0,1.3075860000000001,1.151426,THA,TJK,6415
1194554,224,217,1027,2016.0,5260.0,0.0,0.460247,2.3790400000000003,TUR,TJK,6415
1194555,7,219,1027,2016.0,9890.0,0.0,-0.019275,-0.18309,ARE,TKM,6415
1194556,16,219,1027,2016.0,66524.0,0.0,-1.111874,-1.2526059999999999,AZE,TKM,6415
1194557,28,219,1027,2016.0,163182.0,0.0,0.879499,0.897567,BLR,TKM,6415
1194558,43,219,1027,2016.0,13364.0,0.0,1.249079,1.151045,CHN,TKM,6415
1194559,61,219,1027,2016.0,1040.0,0.0,2.307429,-2.341644,DEU,TKM,6415
1194560,74,219,1027,2016.0,360588.0,0.0,1.621764,1.026393,FIN,TKM,6415
1194561,81,219,1027,2016.0,88195.0,0.0,1.569616,1.048129,GBR,TKM,6415
1194562,104,219,1027,2016.0,46968.0,0.0,0.223813,2.787547,IND,TKM,6415
1194563,107,219,1027,2016.0,2278566.0,0.0,-0.408637,-0.340544,IRN,TKM,6415
1194564,130,219,1027,2016.0,11390.0,0.0,0.6319130000000001,1.538765,LTU,TKM,6415
1194565,179,219,1027,2016.0,42865.0,0.0,0.661961,2.108517,PRT,TKM,6415
1194566,186,219,1027,2016.0,485998.0,0.0,0.086009,0.300039,RUS,TKM,6415
1194567,216,219,1027,2016.0,1129256.0,0.0,1.3075860000000001,1.151426,THA,TKM,6415
1194568,224,219,1027,2016.0,165295.0,0.0,0.460247,2.3790400000000003,TUR,TKM,6415
1194569,228,219,1027,2016.0,1654.0,0.0,0.240605,0.827153,UKR,TKM,6415
1194570,15,223,1027,2016.0,247545.0,0.0,1.743944,-0.051155,AUT,TUN,6415
1194571,18,223,1027,2016.0,474908.0,0.0,1.2947110000000002,1.113058,BEL,TUN,6415
1194572,23,223,1027,2016.0,802822.0,0.0,0.509062,1.804648,BGR,TUN,6415
1194573,32,223,1027,2016.0,1903546.0,0.0,0.284988,1.031028,BRA,TUN,6415
1194574,39,223,1027,2016.0,352987.0,0.0,0.541041,1.328065,CAN,TUN,6415
1194575,43,223,1027,2016.0,497268.0,26991.0,1.249079,1.151045,CHN,TUN,6415
1194576,59,223,1027,2016.0,214683.0,0.0,1.818585,0.341356,CZE,TUN,6415
1194577,61,223,1027,2016.0,3421344.0,0.0,2.307429,-2.341644,DEU,TUN,6415
1194578,64,223,1027,2016.0,94051.0,0.0,1.0572629999999998,1.4157540000000002,DNK,TUN,6415
1194579,66,223,1027,2016.0,0.0,651744.0,-1.243568,-1.232077,DZA,TUN,6415
1194580,68,223,1027,2016.0,67580.0,0.0,-0.202127,1.9342419999999998,EGY,TUN,6415
1194581,71,223,1027,2016.0,7451112.0,0.0,0.795006,2.203292,ESP,TUN,6415
1194582,74,223,1027,2016.0,2473078.0,0.0,1.621764,1.026393,FIN,TUN,6415
1194583,77,223,1027,2016.0,2430468.0,170092.0,1.490723,0.8471559999999999,FRA,TUN,6415
1194584,80,223,1027,2016.0,0.0,2694.0,-1.257455,-1.226416,GAB,TUN,6415
1194585,81,223,1027,2016.0,662784.0,0.0,1.569616,1.048129,GBR,TUN,6415
1194586,83,223,1027,2016.0,0.0,84813.0,-0.9026200000000001,-0.877508,GHA,TUN,6415
1194587,85,223,1027,2016.0,0.0,1410.0,-1.461226,-1.196035,GIN,TUN,6415
1194588,90,223,1027,2016.0,40717.0,0.0,0.053899,1.1259709999999998,GRC,TUN,6415
1194589,100,223,1027,2016.0,198540.0,0.0,0.850619,1.39544,HRV,TUN,6415
1194590,102,223,1027,2016.0,1161999.0,0.0,1.7056069999999999,0.788768,HUN,TUN,6415
1194591,103,223,1027,2016.0,13857.0,0.0,-0.013630000000000001,1.744404,IDN,TUN,6415
1194592,111,223,1027,2016.0,9497596.0,9697.0,1.461526,0.316891,ITA,TUN,6415
1194593,121,223,1027,2016.0,17392.0,21987.0,2.1686389999999998,0.798808,KOR,TUN,6415
1194594,124,223,1027,2016.0,10591.0,0.0,0.385417,1.139648,LBN,TUN,6415
1194595,126,223,1027,2016.0,0.0,245555.0,-1.120678,-1.222803,LBY,TUN,6415
1194596,134,223,1027,2016.0,4983.0,44144.0,-0.648329,-0.14071,MAR,TUN,6415
1194597,136,223,1027,2016.0,0.0,2793.0,-0.979632,-0.63626,MDG,TUN,6415
1194598,162,223,1027,2016.0,407624.0,0.0,1.132192,1.412512,NLD,TUN,6415
1194599,177,223,1027,2016.0,1408901.0,54209.0,1.1068959999999999,1.226985,POL,TUN,6415
1194600,179,223,1027,2016.0,8477113.0,0.0,0.661961,2.108517,PRT,TUN,6415
1194601,186,223,1027,2016.0,628010.0,0.0,0.086009,0.300039,RUS,TUN,6415
1194602,188,223,1027,2016.0,503996.0,0.0,0.00286,-0.764602,SAU,TUN,6415
1194603,191,223,1027,2016.0,0.0,1018.0,-0.648644,-0.39857800000000004,SEN,TUN,6415
1194604,206,223,1027,2016.0,2734066.0,0.0,1.446588,0.811076,SVK,TUN,6415
1194605,207,223,1027,2016.0,230623.0,0.0,1.7056200000000001,0.630058,SVN,TUN,6415
1194606,208,223,1027,2016.0,1165587.0,0.0,1.731295,0.679562,SWE,TUN,6415
1194607,224,223,1027,2016.0,884529.0,0.0,0.460247,2.3790400000000003,TUR,TUN,6415
1194608,231,223,1027,2016.0,1092555.0,0.0,1.6991900000000002,-0.146044,USA,TUN,6415
1194609,249,223,1027,2016.0,3092.0,0.0,2.028455,1.271167,TWN,TUN,6415
1194610,250,223,1027,2016.0,9955.0,505783.0,0.608271,-0.007568000000000001,ANS,TUN,6415
1194611,43,232,1027,2016.0,1362690.0,0.0,1.249079,1.151045,CHN,UZB,6415
1194612,61,232,1027,2016.0,4888.0,0.0,2.307429,-2.341644,DEU,UZB,6415
1194613,74,232,1027,2016.0,1284475.0,0.0,1.621764,1.026393,FIN,UZB,6415
1194614,77,232,1027,2016.0,0.0,191972.0,1.490723,0.8471559999999999,FRA,UZB,6415
1194615,82,232,1027,2016.0,0.0,46336.0,-0.269579,-0.317608,GEO,UZB,6415
1194616,111,232,1027,2016.0,54896.0,0.0,1.461526,0.316891,ITA,UZB,6415
1194617,115,232,1027,2016.0,896380.0,35232.0,-0.467305,-0.475451,KAZ,UZB,6415
1194618,117,232,1027,2016.0,34123.0,10709.0,0.20501100000000003,0.657593,KGZ,UZB,6415
1194619,121,232,1027,2016.0,123607.0,0.0,2.1686389999999998,0.798808,KOR,UZB,6415
1194620,132,232,1027,2016.0,46947.0,0.0,0.46748199999999995,1.228024,LVA,UZB,6415
1194621,177,232,1027,2016.0,74741.0,0.0,1.1068959999999999,1.226985,POL,UZB,6415
1194622,186,232,1027,2016.0,36204228.0,0.0,0.086009,0.300039,RUS,UZB,6415
1194623,216,232,1027,2016.0,126523.0,0.0,1.3075860000000001,1.151426,THA,UZB,6415
1194624,224,232,1027,2016.0,448381.0,0.0,0.460247,2.3790400000000003,TUR,UZB,6415
1194625,228,232,1027,2016.0,2716257.0,0.0,0.240605,0.827153,UKR,UZB,6415
1194626,2,239,1027,2016.0,0.0,19380.0,-0.986722,-1.1941979999999999,AGO,VNM,6415
1194627,7,239,1027,2016.0,0.0,127703.0,-0.019275,-0.18309,ARE,VNM,6415
1194628,14,239,1027,2016.0,1647697.0,4473.0,-0.585613,-0.245365,AUS,VNM,6415
1194629,15,239,1027,2016.0,310046.0,0.0,1.743944,-0.051155,AUT,VNM,6415
1194630,18,239,1027,2016.0,20763.0,0.0,1.2947110000000002,1.113058,BEL,VNM,6415
1194631,21,239,1027,2016.0,0.0,2360.0,-0.861491,-0.9462379999999999,BFA,VNM,6415
1194632,22,239,1027,2016.0,0.0,660581.0,-1.0177260000000001,-1.1010799999999998,BGD,VNM,6415
1194633,32,239,1027,2016.0,44038.0,0.0,0.284988,1.031028,BRA,VNM,6415
1194634,33,239,1027,2016.0,2314.0,0.0,0.598214,0.054758,BRB,VNM,6415
1194635,39,239,1027,2016.0,0.0,3793.0,0.541041,1.328065,CAN,VNM,6415
1194636,41,239,1027,2016.0,174327.0,0.0,2.328616,0.832224,CHE,VNM,6415
1194637,43,239,1027,2016.0,58303528.0,1159836.0,1.249079,1.151045,CHN,VNM,6415
1194638,45,239,1027,2016.0,0.0,63298.0,-1.1342969999999999,-1.101724,CMR,VNM,6415
1194639,61,239,1027,2016.0,1694052.0,5936.0,2.307429,-2.341644,DEU,VNM,6415
1194640,71,239,1027,2016.0,332135.0,93400.0,0.795006,2.203292,ESP,VNM,6415
1194641,73,239,1027,2016.0,0.0,9637.0,-1.163689,-0.885724,ETH,VNM,6415
1194642,74,239,1027,2016.0,2964572.0,0.0,1.621764,1.026393,FIN,VNM,6415
1194643,77,239,1027,2016.0,1294601.0,7565.0,1.490723,0.8471559999999999,FRA,VNM,6415
1194644,81,239,1027,2016.0,159129.0,18740.0,1.569616,1.048129,GBR,VNM,6415
1194645,83,239,1027,2016.0,0.0,1775.0,-0.9026200000000001,-0.877508,GHA,VNM,6415
1194646,90,239,1027,2016.0,491594.0,0.0,0.053899,1.1259709999999998,GRC,VNM,6415
1194647,97,239,1027,2016.0,897100.0,16391.0,0.877619,1.0765790000000002,HKG,VNM,6415
1194648,103,239,1027,2016.0,77440536.0,1560411.0,-0.013630000000000001,1.744404,IDN,VNM,6415
1194649,104,239,1027,2016.0,46163.0,2205307.0,0.223813,2.787547,IND,VNM,6415
1194650,107,239,1027,2016.0,0.0,28763.0,-0.408637,-0.340544,IRN,VNM,6415
1194651,111,239,1027,2016.0,1249036.0,5178.0,1.461526,0.316891,ITA,VNM,6415
1194652,113,239,1027,2016.0,0.0,7523.0,0.100333,0.020786000000000002,JOR,VNM,6415
1194653,114,239,1027,2016.0,59749624.0,2290119.0,2.550074,-0.479725,JPN,VNM,6415
1194654,118,239,1027,2016.0,2088.0,1602306.0,-0.70365,-0.843824,KHM,VNM,6415
1194655,121,239,1027,2016.0,18230356.0,492663.0,2.1686389999999998,0.798808,KOR,VNM,6415
1194656,123,239,1027,2016.0,0.0,416934.0,-0.8350559999999999,-0.660756,LAO,VNM,6415
1194657,128,239,1027,2016.0,0.0,75340.0,-0.540154,0.22580100000000003,LKA,VNM,6415
1194658,134,239,1027,2016.0,594319.0,0.0,-0.648329,-0.14071,MAR,VNM,6415
1194659,143,239,1027,2016.0,9815.0,60506.0,-1.0789600000000001,-0.6471180000000001,MMR,VNM,6415
1194660,151,239,1027,2016.0,3652.0,10446.0,-0.334969,0.005404,MUS,VNM,6415
1194661,153,239,1027,2016.0,14597656.0,791746.0,1.091156,0.8383370000000001,MYS,VNM,6415
1194662,162,239,1027,2016.0,4793326.0,15085.0,1.132192,1.412512,NLD,VNM,6415
1194663,163,239,1027,2016.0,142885.0,0.0,0.664183,0.206877,NOR,VNM,6415
1194664,164,239,1027,2016.0,0.0,86413.0,-0.253328,0.33395199999999997,NPL,VNM,6415
1194665,166,239,1027,2016.0,433818.0,0.0,0.093306,0.194895,NZL,VNM,6415
1194666,168,239,1027,2016.0,0.0,19114.0,-0.7806810000000001,0.420241,PAK,VNM,6415
1194667,169,239,1027,2016.0,0.0,42854.0,0.731258,0.649917,PAN,VNM,6415
1194668,173,239,1027,2016.0,0.0,5229.0,-0.818178,-0.0791,PER,VNM,6415
1194669,174,239,1027,2016.0,469870.0,264926.0,0.958651,0.324888,PHL,VNM,6415
1194670,186,239,1027,2016.0,1990036.0,0.0,0.086009,0.300039,RUS,VNM,6415
1194671,188,239,1027,2016.0,0.0,122314.0,0.00286,-0.764602,SAU,VNM,6415
1194672,191,239,1027,2016.0,4322.0,0.0,-0.648644,-0.39857800000000004,SEN,VNM,6415
1194673,192,239,1027,2016.0,15676395.0,590144.0,2.0149340000000002,0.613009,SGP,VNM,6415
1194674,206,239,1027,2016.0,0.0,1092.0,1.446588,0.811076,SVK,VNM,6415
1194675,207,239,1027,2016.0,84998.0,0.0,1.7056200000000001,0.630058,SVN,VNM,6415
1194676,208,239,1027,2016.0,606726.0,0.0,1.731295,0.679562,SWE,VNM,6415
1194677,216,239,1027,2016.0,123677872.0,155883.0,1.3075860000000001,1.151426,THA,VNM,6415
1194678,224,239,1027,2016.0,49020.0,0.0,0.460247,2.3790400000000003,TUR,VNM,6415
1194679,231,239,1027,2016.0,2577879.0,818011.0,1.6991900000000002,-0.146044,USA,VNM,6415
1194680,246,239,1027,2016.0,68827.0,12895.0,-0.029618000000000002,1.426834,ZAF,VNM,6415
1194681,249,239,1027,2016.0,110901784.0,20663564.0,2.028455,1.271167,TWN,VNM,6415
1194682,250,239,1027,2016.0,289728.0,28656.0,0.608271,-0.007568000000000001,ANS,VNM,6415
1194683,18,242,1027,2016.0,53850.0,0.0,1.2947110000000002,1.113058,BEL,WSM,6415
1194684,43,242,1027,2016.0,45519.0,0.0,1.249079,1.151045,CHN,WSM,6415
1194685,75,242,1027,2016.0,55658.0,0.0,-0.370598,0.049875,FJI,WSM,6415
1194686,97,242,1027,2016.0,2027.0,0.0,0.877619,1.0765790000000002,HKG,WSM,6415
1194687,103,242,1027,2016.0,80086.0,0.0,-0.013630000000000001,1.744404,IDN,WSM,6415
1194688,166,242,1027,2016.0,170659.0,0.0,0.093306,0.194895,NZL,WSM,6415
1194689,192,242,1027,2016.0,360654.0,0.0,2.0149340000000002,0.613009,SGP,WSM,6415
1194690,231,242,1027,2016.0,15806.0,0.0,1.6991900000000002,-0.146044,USA,WSM,6415
1194691,7,1,1027,2016.0,20603.0,0.0,-0.019275,-0.18309,ARE,AFG,6415
1194692,18,1,1027,2016.0,2560.0,0.0,1.2947110000000002,1.113058,BEL,AFG,6415
1194693,43,1,1027,2016.0,137828.0,0.0,1.249079,1.151045,CHN,AFG,6415
1194694,61,1,1027,2016.0,150061.0,0.0,2.307429,-2.341644,DEU,AFG,6415
1194695,104,1,1027,2016.0,119229.0,0.0,0.223813,2.787547,IND,AFG,6415
1194696,107,1,1027,2016.0,1348070.0,0.0,-0.408637,-0.340544,IRN,AFG,6415
1194697,166,1,1027,2016.0,1937.0,0.0,0.093306,0.194895,NZL,AFG,6415
1194698,168,1,1027,2016.0,189750.0,0.0,-0.7806810000000001,0.420241,PAK,AFG,6415
1194699,177,1,1027,2016.0,63680.0,0.0,1.1068959999999999,1.226985,POL,AFG,6415
1194700,186,1,1027,2016.0,50897.0,0.0,0.086009,0.300039,RUS,AFG,6415
1194701,188,1,1027,2016.0,293271.0,0.0,0.00286,-0.764602,SAU,AFG,6415
1194702,216,1,1027,2016.0,300623.0,0.0,1.3075860000000001,1.151426,THA,AFG,6415
1194703,224,1,1027,2016.0,1459.0,0.0,0.460247,2.3790400000000003,TUR,AFG,6415
1194704,231,1,1027,2016.0,3965.0,0.0,1.6991900000000002,-0.146044,USA,AFG,6415
1194705,7,19,1027,2016.0,13216.0,0.0,-0.019275,-0.18309,ARE,BEN,6415
1194706,18,19,1027,2016.0,252933.0,0.0,1.2947110000000002,1.113058,BEL,BEN,6415
1194707,32,19,1027,2016.0,704269.0,0.0,0.284988,1.031028,BRA,BEN,6415
1194708,43,19,1027,2016.0,838308.0,0.0,1.249079,1.151045,CHN,BEN,6415
1194709,74,19,1027,2016.0,29075.0,0.0,1.621764,1.026393,FIN,BEN,6415
1194710,77,19,1027,2016.0,90951.0,0.0,1.490723,0.8471559999999999,FRA,BEN,6415
1194711,103,19,1027,2016.0,4000212.0,0.0,-0.013630000000000001,1.744404,IDN,BEN,6415
1194712,104,19,1027,2016.0,248069.0,0.0,0.223813,2.787547,IND,BEN,6415
1194713,111,19,1027,2016.0,68249.0,0.0,1.461526,0.316891,ITA,BEN,6415
1194714,121,19,1027,2016.0,29086.0,0.0,2.1686389999999998,0.798808,KOR,BEN,6415
1194715,162,19,1027,2016.0,249278.0,0.0,1.132192,1.412512,NLD,BEN,6415
1194716,177,19,1027,2016.0,275918.0,0.0,1.1068959999999999,1.226985,POL,BEN,6415
1194717,179,19,1027,2016.0,1182120.0,0.0,0.661961,2.108517,PRT,BEN,6415
1194718,192,19,1027,2016.0,220290.0,0.0,2.0149340000000002,0.613009,SGP,BEN,6415
1194719,208,19,1027,2016.0,149948.0,0.0,1.731295,0.679562,SWE,BEN,6415
1194720,215,19,1027,2016.0,2617.0,0.0,-0.777506,-0.652105,TGO,BEN,6415
1194721,216,19,1027,2016.0,92453.0,0.0,1.3075860000000001,1.151426,THA,BEN,6415
1194722,246,19,1027,2016.0,104091.0,0.0,-0.029618000000000002,1.426834,ZAF,BEN,6415
1194723,15,21,1027,2016.0,24972.0,0.0,1.743944,-0.051155,AUT,BFA,6415
1194724,18,21,1027,2016.0,17658.0,0.0,1.2947110000000002,1.113058,BEL,BFA,6415
1194725,32,21,1027,2016.0,37352.0,0.0,0.284988,1.031028,BRA,BFA,6415
1194726,43,21,1027,2016.0,101734.0,0.0,1.249079,1.151045,CHN,BFA,6415
1194727,61,21,1027,2016.0,78593.0,0.0,2.307429,-2.341644,DEU,BFA,6415
1194728,71,21,1027,2016.0,153775.0,0.0,0.795006,2.203292,ESP,BFA,6415
1194729,74,21,1027,2016.0,11265.0,0.0,1.621764,1.026393,FIN,BFA,6415
1194730,77,21,1027,2016.0,283722.0,12174.0,1.490723,0.8471559999999999,FRA,BFA,6415
1194731,81,21,1027,2016.0,47315.0,0.0,1.569616,1.048129,GBR,BFA,6415
1194732,103,21,1027,2016.0,877008.0,0.0,-0.013630000000000001,1.744404,IDN,BFA,6415
1194733,104,21,1027,2016.0,101284.0,0.0,0.223813,2.787547,IND,BFA,6415
1194734,111,21,1027,2016.0,146670.0,0.0,1.461526,0.316891,ITA,BFA,6415
1194735,121,21,1027,2016.0,16352.0,0.0,2.1686389999999998,0.798808,KOR,BFA,6415
1194736,141,21,1027,2016.0,0.0,1204.0,-0.405979,-0.6190869999999999,MLI,BFA,6415
1194737,179,21,1027,2016.0,1836763.0,0.0,0.661961,2.108517,PRT,BFA,6415
1194738,191,21,1027,2016.0,2030.0,0.0,-0.648644,-0.39857800000000004,SEN,BFA,6415
1194739,192,21,1027,2016.0,35350.0,0.0,2.0149340000000002,0.613009,SGP,BFA,6415
1194740,208,21,1027,2016.0,43610.0,0.0,1.731295,0.679562,SWE,BFA,6415
1194741,216,21,1027,2016.0,44148.0,0.0,1.3075860000000001,1.151426,THA,BFA,6415
1194742,231,21,1027,2016.0,29773.0,0.0,1.6991900000000002,-0.146044,USA,BFA,6415
1194743,239,21,1027,2016.0,2360.0,0.0,0.048214,0.6998810000000001,VNM,BFA,6415
1194744,4,26,1027,2016.0,0.0,211446.0,-0.5783550000000001,-0.085516,ALB,BIH,6415
1194745,14,26,1027,2016.0,14800.0,0.0,-0.585613,-0.245365,AUS,BIH,6415
1194746,15,26,1027,2016.0,958623.0,24801.0,1.743944,-0.051155,AUT,BIH,6415
1194747,18,26,1027,2016.0,15093.0,0.0,1.2947110000000002,1.113058,BEL,BIH,6415
1194748,23,26,1027,2016.0,147419.0,0.0,0.509062,1.804648,BGR,BIH,6415
1194749,41,26,1027,2016.0,7408.0,0.0,2.328616,0.832224,CHE,BIH,6415
1194750,43,26,1027,2016.0,5699.0,0.0,1.249079,1.151045,CHN,BIH,6415
1194751,59,26,1027,2016.0,257733.0,0.0,1.818585,0.341356,CZE,BIH,6415
1194752,61,26,1027,2016.0,3645051.0,0.0,2.307429,-2.341644,DEU,BIH,6415
1194753,64,26,1027,2016.0,3607.0,0.0,1.0572629999999998,1.4157540000000002,DNK,BIH,6415
1194754,71,26,1027,2016.0,66797.0,0.0,0.795006,2.203292,ESP,BIH,6415
1194755,74,26,1027,2016.0,37628.0,0.0,1.621764,1.026393,FIN,BIH,6415
1194756,77,26,1027,2016.0,1029626.0,0.0,1.490723,0.8471559999999999,FRA,BIH,6415
1194757,81,26,1027,2016.0,110016.0,30446.0,1.569616,1.048129,GBR,BIH,6415
1194758,90,26,1027,2016.0,31830.0,198872.0,0.053899,1.1259709999999998,GRC,BIH,6415
1194759,100,26,1027,2016.0,147074.0,1627401.0,0.850619,1.39544,HRV,BIH,6415
1194760,102,26,1027,2016.0,803056.0,0.0,1.7056069999999999,0.788768,HUN,BIH,6415
1194761,103,26,1027,2016.0,7719.0,0.0,-0.013630000000000001,1.744404,IDN,BIH,6415
1194762,111,26,1027,2016.0,8544634.0,2579.0,1.461526,0.316891,ITA,BIH,6415
1194763,130,26,1027,2016.0,1567.0,0.0,0.6319130000000001,1.538765,LTU,BIH,6415
1194764,140,26,1027,2016.0,0.0,58151.0,-0.249664,-0.338412,MKD,BIH,6415
1194765,144,26,1027,2016.0,0.0,473035.0,0.002245,-0.10263599999999999,MNE,BIH,6415
1194766,162,26,1027,2016.0,590333.0,0.0,1.132192,1.412512,NLD,BIH,6415
1194767,163,26,1027,2016.0,7544.0,0.0,0.664183,0.206877,NOR,BIH,6415
1194768,177,26,1027,2016.0,1899626.0,512799.0,1.1068959999999999,1.226985,POL,BIH,6415
1194769,179,26,1027,2016.0,27372.0,0.0,0.661961,2.108517,PRT,BIH,6415
1194770,185,26,1027,2016.0,85142.0,0.0,1.176177,1.093489,ROU,BIH,6415
1194771,201,26,1027,2016.0,469546.0,1828256.0,0.608136,1.38132,SRB,BIH,6415
1194772,206,26,1027,2016.0,2093972.0,0.0,1.446588,0.811076,SVK,BIH,6415
1194773,207,26,1027,2016.0,1778412.0,44342.0,1.7056200000000001,0.630058,SVN,BIH,6415
1194774,208,26,1027,2016.0,206147.0,0.0,1.731295,0.679562,SWE,BIH,6415
1194775,216,26,1027,2016.0,57169.0,0.0,1.3075860000000001,1.151426,THA,BIH,6415
1194776,224,26,1027,2016.0,51473.0,0.0,0.460247,2.3790400000000003,TUR,BIH,6415
1194777,32,29,1027,2016.0,68337.0,0.0,0.284988,1.031028,BRA,BLZ,6415
1194778,42,29,1027,2016.0,8928.0,0.0,-0.162923,-0.20607199999999998,CHL,BLZ,6415
1194779,43,29,1027,2016.0,43254.0,0.0,1.249079,1.151045,CHN,BLZ,6415
1194780,81,29,1027,2016.0,26023.0,0.0,1.569616,1.048129,GBR,BLZ,6415
1194781,90,29,1027,2016.0,18599.0,0.0,0.053899,1.1259709999999998,GRC,BLZ,6415
1194782,93,29,1027,2016.0,98621.0,0.0,-0.397073,0.5736680000000001,GTM,BLZ,6415
1194783,103,29,1027,2016.0,23067.0,0.0,-0.013630000000000001,1.744404,IDN,BLZ,6415
1194784,112,29,1027,2016.0,33918.0,0.0,-0.25619400000000003,-0.62326,JAM,BLZ,6415
1194785,138,29,1027,2016.0,8842.0,0.0,1.393506,0.64152,MEX,BLZ,6415
1194786,169,29,1027,2016.0,16607.0,0.0,0.731258,0.649917,PAN,BLZ,6415
1194787,197,29,1027,2016.0,3915.0,0.0,0.075546,0.317046,SLV,BLZ,6415
1194788,222,29,1027,2016.0,21256.0,0.0,-0.184575,-0.9999889999999999,TTO,BLZ,6415
1194789,231,29,1027,2016.0,156179.0,0.0,1.6991900000000002,-0.146044,USA,BLZ,6415
1194790,8,31,1027,2016.0,4333795.0,0.0,-0.334847,0.24145100000000003,ARG,BOL,6415
1194791,15,31,1027,2016.0,409146.0,0.0,1.743944,-0.051155,AUT,BOL,6415
1194792,18,31,1027,2016.0,1731.0,0.0,1.2947110000000002,1.113058,BEL,BOL,6415
1194793,32,31,1027,2016.0,30852956.0,0.0,0.284988,1.031028,BRA,BOL,6415
1194794,39,31,1027,2016.0,98666.0,0.0,0.541041,1.328065,CAN,BOL,6415
1194795,42,31,1027,2016.0,98974.0,0.0,-0.162923,-0.20607199999999998,CHL,BOL,6415
1194796,43,31,1027,2016.0,310751.0,0.0,1.249079,1.151045,CHN,BOL,6415
1194797,49,31,1027,2016.0,2244157.0,0.0,-0.040341,-0.20957699999999999,COL,BOL,6415
1194798,59,31,1027,2016.0,20682.0,0.0,1.818585,0.341356,CZE,BOL,6415
1194799,61,31,1027,2016.0,45466.0,2367.0,2.307429,-2.341644,DEU,BOL,6415
1194800,64,31,1027,2016.0,10305.0,0.0,1.0572629999999998,1.4157540000000002,DNK,BOL,6415
1194801,67,31,1027,2016.0,1364919.0,0.0,-1.032726,-1.034297,ECU,BOL,6415
1194802,71,31,1027,2016.0,110966.0,0.0,0.795006,2.203292,ESP,BOL,6415
1194803,74,31,1027,2016.0,1358.0,0.0,1.621764,1.026393,FIN,BOL,6415
1194804,77,31,1027,2016.0,41679.0,0.0,1.490723,0.8471559999999999,FRA,BOL,6415
1194805,81,31,1027,2016.0,35540.0,0.0,1.569616,1.048129,GBR,BOL,6415
1194806,103,31,1027,2016.0,25510.0,0.0,-0.013630000000000001,1.744404,IDN,BOL,6415
1194807,104,31,1027,2016.0,141822.0,0.0,0.223813,2.787547,IND,BOL,6415
1194808,111,31,1027,2016.0,29373.0,0.0,1.461526,0.316891,ITA,BOL,6415
1194809,114,31,1027,2016.0,37869.0,0.0,2.550074,-0.479725,JPN,BOL,6415
1194810,121,31,1027,2016.0,1772.0,0.0,2.1686389999999998,0.798808,KOR,BOL,6415
1194811,138,31,1027,2016.0,13017.0,0.0,1.393506,0.64152,MEX,BOL,6415
1194812,153,31,1027,2016.0,10840.0,0.0,1.091156,0.8383370000000001,MYS,BOL,6415
1194813,173,31,1027,2016.0,2295238.0,0.0,-0.818178,-0.0791,PER,BOL,6415
1194814,179,31,1027,2016.0,488238.0,0.0,0.661961,2.108517,PRT,BOL,6415
1194815,186,31,1027,2016.0,32730.0,0.0,0.086009,0.300039,RUS,BOL,6415
1194816,192,31,1027,2016.0,14419.0,0.0,2.0149340000000002,0.613009,SGP,BOL,6415
1194817,208,31,1027,2016.0,57461.0,0.0,1.731295,0.679562,SWE,BOL,6415
1194818,224,31,1027,2016.0,180981.0,0.0,0.460247,2.3790400000000003,TUR,BOL,6415
1194819,231,31,1027,2016.0,139956.0,0.0,1.6991900000000002,-0.146044,USA,BOL,6415
1194820,249,31,1027,2016.0,1421.0,0.0,2.028455,1.271167,TWN,BOL,6415
1194821,14,37,1027,2016.0,13049.0,0.0,-0.585613,-0.245365,AUS,BWA,6415
1194822,43,37,1027,2016.0,150378.0,0.0,1.249079,1.151045,CHN,BWA,6415
1194823,59,37,1027,2016.0,1022.0,0.0,1.818585,0.341356,CZE,BWA,6415
1194824,81,37,1027,2016.0,10302.0,0.0,1.569616,1.048129,GBR,BWA,6415
1194825,103,37,1027,2016.0,3252.0,0.0,-0.013630000000000001,1.744404,IDN,BWA,6415
1194826,104,37,1027,2016.0,40718.0,0.0,0.223813,2.787547,IND,BWA,6415
1194827,155,37,1027,2016.0,0.0,10104.0,-0.506252,-0.8029350000000001,NAM,BWA,6415
1194828,216,37,1027,2016.0,34368.0,0.0,1.3075860000000001,1.151426,THA,BWA,6415
1194829,246,37,1027,2016.0,7654184.0,14528.0,-0.029618000000000002,1.426834,ZAF,BWA,6415
1194830,7,44,1027,2016.0,19618.0,0.0,-0.019275,-0.18309,ARE,CIV,6415
1194831,14,44,1027,2016.0,3491.0,0.0,-0.585613,-0.245365,AUS,CIV,6415
1194832,15,44,1027,2016.0,0.0,4914.0,1.743944,-0.051155,AUT,CIV,6415
1194833,18,44,1027,2016.0,335766.0,0.0,1.2947110000000002,1.113058,BEL,CIV,6415
1194834,32,44,1027,2016.0,2270246.0,0.0,0.284988,1.031028,BRA,CIV,6415
1194835,43,44,1027,2016.0,1410821.0,0.0,1.249079,1.151045,CHN,CIV,6415
1194836,49,44,1027,2016.0,3378.0,0.0,-0.040341,-0.20957699999999999,COL,CIV,6415
1194837,59,44,1027,2016.0,35900.0,6385.0,1.818585,0.341356,CZE,CIV,6415
1194838,61,44,1027,2016.0,546729.0,0.0,2.307429,-2.341644,DEU,CIV,6415
1194839,71,44,1027,2016.0,461630.0,0.0,0.795006,2.203292,ESP,CIV,6415
1194840,74,44,1027,2016.0,1285316.0,0.0,1.621764,1.026393,FIN,CIV,6415
1194841,77,44,1027,2016.0,1001485.0,0.0,1.490723,0.8471559999999999,FRA,CIV,6415
1194842,81,44,1027,2016.0,843338.0,0.0,1.569616,1.048129,GBR,CIV,6415
1194843,83,44,1027,2016.0,1097.0,86943.0,-0.9026200000000001,-0.877508,GHA,CIV,6415
1194844,102,44,1027,2016.0,283154.0,0.0,1.7056069999999999,0.788768,HUN,CIV,6415
1194845,103,44,1027,2016.0,2487625.0,0.0,-0.013630000000000001,1.744404,IDN,CIV,6415
1194846,104,44,1027,2016.0,529455.0,0.0,0.223813,2.787547,IND,CIV,6415
1194847,111,44,1027,2016.0,864991.0,0.0,1.461526,0.316891,ITA,CIV,6415
1194848,114,44,1027,2016.0,2039.0,0.0,2.550074,-0.479725,JPN,CIV,6415
1194849,124,44,1027,2016.0,14485.0,0.0,0.385417,1.139648,LBN,CIV,6415
1194850,134,44,1027,2016.0,1997.0,0.0,-0.648329,-0.14071,MAR,CIV,6415
1194851,153,44,1027,2016.0,27103.0,0.0,1.091156,0.8383370000000001,MYS,CIV,6415
1194852,157,44,1027,2016.0,0.0,10178.0,-1.0853110000000001,-0.9786219999999999,NER,CIV,6415
1194853,159,44,1027,2016.0,6132.0,0.0,-1.7380830000000003,-1.306938,NGA,CIV,6415
1194854,162,44,1027,2016.0,181100.0,0.0,1.132192,1.412512,NLD,CIV,6415
1194855,163,44,1027,2016.0,14576.0,0.0,0.664183,0.206877,NOR,CIV,6415
1194856,177,44,1027,2016.0,1300104.0,7169.0,1.1068959999999999,1.226985,POL,CIV,6415
1194857,179,44,1027,2016.0,5370086.0,0.0,0.661961,2.108517,PRT,CIV,6415
1194858,185,44,1027,2016.0,771072.0,0.0,1.176177,1.093489,ROU,CIV,6415
1194859,186,44,1027,2016.0,1155257.0,0.0,0.086009,0.300039,RUS,CIV,6415
1194860,188,44,1027,2016.0,192893.0,0.0,0.00286,-0.764602,SAU,CIV,6415
1194861,191,44,1027,2016.0,89181.0,0.0,-0.648644,-0.39857800000000004,SEN,CIV,6415
1194862,192,44,1027,2016.0,676162.0,0.0,2.0149340000000002,0.613009,SGP,CIV,6415
1194863,208,44,1027,2016.0,1877556.0,0.0,1.731295,0.679562,SWE,CIV,6415
1194864,216,44,1027,2016.0,2680346.0,0.0,1.3075860000000001,1.151426,THA,CIV,6415
1194865,224,44,1027,2016.0,237983.0,0.0,0.460247,2.3790400000000003,TUR,CIV,6415
1194866,231,44,1027,2016.0,727148.0,0.0,1.6991900000000002,-0.146044,USA,CIV,6415
1194867,246,44,1027,2016.0,1177744.0,0.0,-0.029618000000000002,1.426834,ZAF,CIV,6415
1194868,249,44,1027,2016.0,2124.0,0.0,2.028455,1.271167,TWN,CIV,6415
1194869,7,45,1027,2016.0,99484.0,0.0,-0.019275,-0.18309,ARE,CMR,6415
1194870,15,45,1027,2016.0,240241.0,0.0,1.743944,-0.051155,AUT,CMR,6415
1194871,18,45,1027,2016.0,826013.0,0.0,1.2947110000000002,1.113058,BEL,CMR,6415
1194872,32,45,1027,2016.0,1265222.0,0.0,0.284988,1.031028,BRA,CMR,6415
1194873,38,45,1027,2016.0,0.0,18607.0,-0.569303,-0.77994,CAF,CMR,6415
1194874,43,45,1027,2016.0,1593216.0,0.0,1.249079,1.151045,CHN,CMR,6415
1194875,52,45,1027,2016.0,4234.0,0.0,0.28594400000000003,0.131024,CRI,CMR,6415
1194876,61,45,1027,2016.0,1073921.0,0.0,2.307429,-2.341644,DEU,CMR,6415
1194877,71,45,1027,2016.0,168173.0,0.0,0.795006,2.203292,ESP,CMR,6415
1194878,74,45,1027,2016.0,1286825.0,0.0,1.621764,1.026393,FIN,CMR,6415
1194879,77,45,1027,2016.0,769698.0,0.0,1.490723,0.8471559999999999,FRA,CMR,6415
1194880,81,45,1027,2016.0,125923.0,0.0,1.569616,1.048129,GBR,CMR,6415
1194881,97,45,1027,2016.0,14673.0,0.0,0.877619,1.0765790000000002,HKG,CMR,6415
1194882,102,45,1027,2016.0,179868.0,0.0,1.7056069999999999,0.788768,HUN,CMR,6415
1194883,103,45,1027,2016.0,3349634.0,0.0,-0.013630000000000001,1.744404,IDN,CMR,6415
1194884,104,45,1027,2016.0,1754683.0,0.0,0.223813,2.787547,IND,CMR,6415
1194885,111,45,1027,2016.0,343629.0,0.0,1.461526,0.316891,ITA,CMR,6415
1194886,121,45,1027,2016.0,2199.0,0.0,2.1686389999999998,0.798808,KOR,CMR,6415
1194887,132,45,1027,2016.0,10669.0,0.0,0.46748199999999995,1.228024,LVA,CMR,6415
1194888,159,45,1027,2016.0,8735.0,0.0,-1.7380830000000003,-1.306938,NGA,CMR,6415
1194889,162,45,1027,2016.0,38054.0,0.0,1.132192,1.412512,NLD,CMR,6415
1194890,177,45,1027,2016.0,413490.0,0.0,1.1068959999999999,1.226985,POL,CMR,6415
1194891,179,45,1027,2016.0,3127250.0,0.0,0.661961,2.108517,PRT,CMR,6415
1194892,186,45,1027,2016.0,339090.0,0.0,0.086009,0.300039,RUS,CMR,6415
1194893,188,45,1027,2016.0,68933.0,0.0,0.00286,-0.764602,SAU,CMR,6415
1194894,191,45,1027,2016.0,199150.0,0.0,-0.648644,-0.39857800000000004,SEN,CMR,6415
1194895,192,45,1027,2016.0,794151.0,9341.0,2.0149340000000002,0.613009,SGP,CMR,6415
1194896,206,45,1027,2016.0,1142.0,0.0,1.446588,0.811076,SVK,CMR,6415
1194897,208,45,1027,2016.0,450173.0,0.0,1.731295,0.679562,SWE,CMR,6415
1194898,216,45,1027,2016.0,898629.0,0.0,1.3075860000000001,1.151426,THA,CMR,6415
1194899,224,45,1027,2016.0,34149.0,0.0,0.460247,2.3790400000000003,TUR,CMR,6415
1194900,231,45,1027,2016.0,132717.0,0.0,1.6991900000000002,-0.146044,USA,CMR,6415
1194901,239,45,1027,2016.0,63298.0,0.0,0.048214,0.6998810000000001,VNM,CMR,6415
1194902,246,45,1027,2016.0,129288.0,0.0,-0.029618000000000002,1.426834,ZAF,CMR,6415
1194903,249,45,1027,2016.0,64244.0,0.0,2.028455,1.271167,TWN,CMR,6415
1194904,250,45,1027,2016.0,1525.0,0.0,0.608271,-0.007568000000000001,ANS,CMR,6415
1194905,2,46,1027,2016.0,92326.0,0.0,-0.986722,-1.1941979999999999,AGO,COD,6415
1194906,7,46,1027,2016.0,87943.0,0.0,-0.019275,-0.18309,ARE,COD,6415
1194907,18,46,1027,2016.0,71023.0,0.0,1.2947110000000002,1.113058,BEL,COD,6415
1194908,32,46,1027,2016.0,868313.0,0.0,0.284988,1.031028,BRA,COD,6415
1194909,43,46,1027,2016.0,551356.0,0.0,1.249079,1.151045,CHN,COD,6415
1194910,61,46,1027,2016.0,229712.0,0.0,2.307429,-2.341644,DEU,COD,6415
1194911,71,46,1027,2016.0,67234.0,0.0,0.795006,2.203292,ESP,COD,6415
1194912,77,46,1027,2016.0,165886.0,0.0,1.490723,0.8471559999999999,FRA,COD,6415
1194913,81,46,1027,2016.0,13312.0,0.0,1.569616,1.048129,GBR,COD,6415
1194914,103,46,1027,2016.0,562240.0,0.0,-0.013630000000000001,1.744404,IDN,COD,6415
1194915,104,46,1027,2016.0,702223.0,0.0,0.223813,2.787547,IND,COD,6415
1194916,111,46,1027,2016.0,2263.0,0.0,1.461526,0.316891,ITA,COD,6415
1194917,114,46,1027,2016.0,21068.0,0.0,2.550074,-0.479725,JPN,COD,6415
1194918,116,46,1027,2016.0,430511.0,0.0,-0.483554,0.25645,KEN,COD,6415
1194919,121,46,1027,2016.0,61993.0,0.0,2.1686389999999998,0.798808,KOR,COD,6415
1194920,134,46,1027,2016.0,7203.0,0.0,-0.648329,-0.14071,MAR,COD,6415
1194921,162,46,1027,2016.0,2141.0,0.0,1.132192,1.412512,NLD,COD,6415
1194922,179,46,1027,2016.0,93737.0,0.0,0.661961,2.108517,PRT,COD,6415
1194923,186,46,1027,2016.0,5085.0,0.0,0.086009,0.300039,RUS,COD,6415
1194924,187,46,1027,2016.0,816196.0,0.0,-0.57693,-0.476909,RWA,COD,6415
1194925,192,46,1027,2016.0,183744.0,0.0,2.0149340000000002,0.613009,SGP,COD,6415
1194926,216,46,1027,2016.0,9163.0,0.0,1.3075860000000001,1.151426,THA,COD,6415
1194927,227,46,1027,2016.0,191601.0,0.0,-0.476836,0.641138,UGA,COD,6415
1194928,246,46,1027,2016.0,1381528.0,0.0,-0.029618000000000002,1.426834,ZAF,COD,6415
1194929,247,46,1027,2016.0,20777.0,0.0,-0.9308350000000001,-1.029968,ZMB,COD,6415
1194930,248,46,1027,2016.0,6744.0,0.0,-0.960175,-1.004593,ZWE,COD,6415
1194931,7,47,1027,2016.0,119057.0,0.0,-0.019275,-0.18309,ARE,COG,6415
1194932,18,47,1027,2016.0,6317.0,0.0,1.2947110000000002,1.113058,BEL,COG,6415
1194933,32,47,1027,2016.0,143606.0,0.0,0.284988,1.031028,BRA,COG,6415
1194934,43,47,1027,2016.0,115052.0,0.0,1.249079,1.151045,CHN,COG,6415
1194935,59,47,1027,2016.0,121792.0,0.0,1.818585,0.341356,CZE,COG,6415
1194936,61,47,1027,2016.0,21576.0,0.0,2.307429,-2.341644,DEU,COG,6415
1194937,71,47,1027,2016.0,8103.0,0.0,0.795006,2.203292,ESP,COG,6415
1194938,77,47,1027,2016.0,176725.0,0.0,1.490723,0.8471559999999999,FRA,COG,6415
1194939,97,47,1027,2016.0,34076.0,0.0,0.877619,1.0765790000000002,HKG,COG,6415
1194940,103,47,1027,2016.0,567229.0,0.0,-0.013630000000000001,1.744404,IDN,COG,6415
1194941,104,47,1027,2016.0,195221.0,0.0,0.223813,2.787547,IND,COG,6415
1194942,111,47,1027,2016.0,61387.0,0.0,1.461526,0.316891,ITA,COG,6415
1194943,116,47,1027,2016.0,36159.0,0.0,-0.483554,0.25645,KEN,COG,6415
1194944,124,47,1027,2016.0,2651.0,0.0,0.385417,1.139648,LBN,COG,6415
1194945,162,47,1027,2016.0,13302.0,0.0,1.132192,1.412512,NLD,COG,6415
1194946,179,47,1027,2016.0,2066.0,0.0,0.661961,2.108517,PRT,COG,6415
1194947,186,47,1027,2016.0,165931.0,0.0,0.086009,0.300039,RUS,COG,6415
1194948,191,47,1027,2016.0,10885.0,0.0,-0.648644,-0.39857800000000004,SEN,COG,6415
1194949,192,47,1027,2016.0,29499.0,0.0,2.0149340000000002,0.613009,SGP,COG,6415
1194950,216,47,1027,2016.0,904438.0,0.0,1.3075860000000001,1.151426,THA,COG,6415
1194951,224,47,1027,2016.0,4384.0,0.0,0.460247,2.3790400000000003,TUR,COG,6415
1194952,246,47,1027,2016.0,183219.0,0.0,-0.029618000000000002,1.426834,ZAF,COG,6415
1194953,250,47,1027,2016.0,40284.0,0.0,0.608271,-0.007568000000000001,ANS,COG,6415
1194954,8,54,1027,2016.0,0.0,2015.0,-0.334847,0.24145100000000003,ARG,CUB,6415
1194955,15,54,1027,2016.0,1124405.0,0.0,1.743944,-0.051155,AUT,CUB,6415
1194956,32,54,1027,2016.0,1665274.0,0.0,0.284988,1.031028,BRA,CUB,6415
1194957,39,54,1027,2016.0,217366.0,0.0,0.541041,1.328065,CAN,CUB,6415
1194958,43,54,1027,2016.0,3170130.0,0.0,1.249079,1.151045,CHN,CUB,6415
1194959,61,54,1027,2016.0,486418.0,0.0,2.307429,-2.341644,DEU,CUB,6415
1194960,65,54,1027,2016.0,71850.0,0.0,-0.26926500000000003,0.046345,DOM,CUB,6415
1194961,71,54,1027,2016.0,3174049.0,0.0,0.795006,2.203292,ESP,CUB,6415
1194962,74,54,1027,2016.0,267389.0,0.0,1.621764,1.026393,FIN,CUB,6415
1194963,81,54,1027,2016.0,2985864.0,0.0,1.569616,1.048129,GBR,CUB,6415
1194964,103,54,1027,2016.0,7424950.0,0.0,-0.013630000000000001,1.744404,IDN,CUB,6415
1194965,111,54,1027,2016.0,305398.0,0.0,1.461526,0.316891,ITA,CUB,6415
1194966,138,54,1027,2016.0,20030.0,0.0,1.393506,0.64152,MEX,CUB,6415
1194967,169,54,1027,2016.0,5167.0,0.0,0.731258,0.649917,PAN,CUB,6415
1194968,177,54,1027,2016.0,29308.0,0.0,1.1068959999999999,1.226985,POL,CUB,6415
1194969,179,54,1027,2016.0,2475982.0,0.0,0.661961,2.108517,PRT,CUB,6415
1194970,186,54,1027,2016.0,39584.0,0.0,0.086009,0.300039,RUS,CUB,6415
1194971,7,62,1027,2016.0,979953.0,0.0,-0.019275,-0.18309,ARE,DJI,6415
1194972,18,62,1027,2016.0,12460.0,0.0,1.2947110000000002,1.113058,BEL,DJI,6415
1194973,32,62,1027,2016.0,28891.0,0.0,0.284988,1.031028,BRA,DJI,6415
1194974,43,62,1027,2016.0,2049814.0,0.0,1.249079,1.151045,CHN,DJI,6415
1194975,103,62,1027,2016.0,9202468.0,0.0,-0.013630000000000001,1.744404,IDN,DJI,6415
1194976,104,62,1027,2016.0,2053763.0,0.0,0.223813,2.787547,IND,DJI,6415
1194977,153,62,1027,2016.0,18273.0,0.0,1.091156,0.8383370000000001,MYS,DJI,6415
1194978,162,62,1027,2016.0,91115.0,0.0,1.132192,1.412512,NLD,DJI,6415
1194979,168,62,1027,2016.0,3295.0,0.0,-0.7806810000000001,0.420241,PAK,DJI,6415
1194980,188,62,1027,2016.0,146951.0,0.0,0.00286,-0.764602,SAU,DJI,6415
1194981,192,62,1027,2016.0,376100.0,0.0,2.0149340000000002,0.613009,SGP,DJI,6415
1194982,216,62,1027,2016.0,420826.0,0.0,1.3075860000000001,1.151426,THA,DJI,6415
1194983,246,62,1027,2016.0,17404.0,0.0,-0.029618000000000002,1.426834,ZAF,DJI,6415
1194984,33,63,1027,2016.0,65574.0,0.0,0.598214,0.054758,BRB,DMA,6415
1194985,43,63,1027,2016.0,2214.0,0.0,1.249079,1.151045,CHN,DMA,6415
1194986,81,63,1027,2016.0,33976.0,0.0,1.569616,1.048129,GBR,DMA,6415
1194987,104,63,1027,2016.0,2065.0,0.0,0.223813,2.787547,IND,DMA,6415
1194988,112,63,1027,2016.0,1228.0,0.0,-0.25619400000000003,-0.62326,JAM,DMA,6415
1194989,231,63,1027,2016.0,33495.0,0.0,1.6991900000000002,-0.146044,USA,DMA,6415
1194990,15,66,1027,2016.0,1476771.0,0.0,1.743944,-0.051155,AUT,DZA,6415
1194991,18,66,1027,2016.0,1021573.0,0.0,1.2947110000000002,1.113058,BEL,DZA,6415
1194992,23,66,1027,2016.0,5719.0,0.0,0.509062,1.804648,BGR,DZA,6415
1194993,41,66,1027,2016.0,0.0,6667.0,2.328616,0.832224,CHE,DZA,6415
1194994,43,66,1027,2016.0,1539971.0,0.0,1.249079,1.151045,CHN,DZA,6415
1194995,59,66,1027,2016.0,154873.0,0.0,1.818585,0.341356,CZE,DZA,6415
1194996,61,66,1027,2016.0,11531122.0,0.0,2.307429,-2.341644,DEU,DZA,6415
1194997,68,66,1027,2016.0,22368.0,0.0,-0.202127,1.9342419999999998,EGY,DZA,6415
1194998,71,66,1027,2016.0,83012888.0,0.0,0.795006,2.203292,ESP,DZA,6415
1194999,72,66,1027,2016.0,29842.0,0.0,0.958292,1.190173,EST,DZA,6415
1195000,74,66,1027,2016.0,13632425.0,0.0,1.621764,1.026393,FIN,DZA,6415
1195001,77,66,1027,2016.0,10706242.0,0.0,1.490723,0.8471559999999999,FRA,DZA,6415
1195002,81,66,1027,2016.0,1639001.0,0.0,1.569616,1.048129,GBR,DZA,6415
1195003,102,66,1027,2016.0,421168.0,0.0,1.7056069999999999,0.788768,HUN,DZA,6415
1195004,103,66,1027,2016.0,71716.0,0.0,-0.013630000000000001,1.744404,IDN,DZA,6415
1195005,111,66,1027,2016.0,2330891.0,1133.0,1.461526,0.316891,ITA,DZA,6415
1195006,114,66,1027,2016.0,96158.0,0.0,2.550074,-0.479725,JPN,DZA,6415
1195007,124,66,1027,2016.0,6514.0,0.0,0.385417,1.139648,LBN,DZA,6415
1195008,162,66,1027,2016.0,1381145.0,0.0,1.132192,1.412512,NLD,DZA,6415
1195009,163,66,1027,2016.0,18631.0,0.0,0.664183,0.206877,NOR,DZA,6415
1195010,177,66,1027,2016.0,819146.0,0.0,1.1068959999999999,1.226985,POL,DZA,6415
1195011,179,66,1027,2016.0,34884364.0,0.0,0.661961,2.108517,PRT,DZA,6415
1195012,186,66,1027,2016.0,26950.0,0.0,0.086009,0.300039,RUS,DZA,6415
1195013,188,66,1027,2016.0,6651286.0,0.0,0.00286,-0.764602,SAU,DZA,6415
1195014,206,66,1027,2016.0,919627.0,0.0,1.446588,0.811076,SVK,DZA,6415
1195015,207,66,1027,2016.0,710080.0,0.0,1.7056200000000001,0.630058,SVN,DZA,6415
1195016,208,66,1027,2016.0,1755248.0,0.0,1.731295,0.679562,SWE,DZA,6415
1195017,216,66,1027,2016.0,1820.0,0.0,1.3075860000000001,1.151426,THA,DZA,6415
1195018,223,66,1027,2016.0,651744.0,0.0,0.27537399999999995,0.9474239999999999,TUN,DZA,6415
1195019,224,66,1027,2016.0,260001.0,16274.0,0.460247,2.3790400000000003,TUR,DZA,6415
1195020,228,66,1027,2016.0,1497.0,0.0,0.240605,0.827153,UKR,DZA,6415
1195021,231,66,1027,2016.0,41386.0,0.0,1.6991900000000002,-0.146044,USA,DZA,6415
1195022,246,66,1027,2016.0,157788.0,0.0,-0.029618000000000002,1.426834,ZAF,DZA,6415
1195023,249,66,1027,2016.0,3660.0,0.0,2.028455,1.271167,TWN,DZA,6415
1195024,7,73,1027,2016.0,1236207.0,0.0,-0.019275,-0.18309,ARE,ETH,6415
1195025,14,73,1027,2016.0,5333.0,0.0,-0.585613,-0.245365,AUS,ETH,6415
1195026,15,73,1027,2016.0,21340.0,0.0,1.743944,-0.051155,AUT,ETH,6415
1195027,18,73,1027,2016.0,29529.0,0.0,1.2947110000000002,1.113058,BEL,ETH,6415
1195028,39,73,1027,2016.0,2974.0,0.0,0.541041,1.328065,CAN,ETH,6415
1195029,41,73,1027,2016.0,9400.0,0.0,2.328616,0.832224,CHE,ETH,6415
1195030,43,73,1027,2016.0,2286688.0,22000.0,1.249079,1.151045,CHN,ETH,6415
1195031,61,73,1027,2016.0,681863.0,0.0,2.307429,-2.341644,DEU,ETH,6415
1195032,68,73,1027,2016.0,62433.0,0.0,-0.202127,1.9342419999999998,EGY,ETH,6415
1195033,71,73,1027,2016.0,26512.0,0.0,0.795006,2.203292,ESP,ETH,6415
1195034,74,73,1027,2016.0,44677.0,0.0,1.621764,1.026393,FIN,ETH,6415
1195035,77,73,1027,2016.0,3911.0,0.0,1.490723,0.8471559999999999,FRA,ETH,6415
1195036,81,73,1027,2016.0,514230.0,0.0,1.569616,1.048129,GBR,ETH,6415
1195037,97,73,1027,2016.0,1245.0,0.0,0.877619,1.0765790000000002,HKG,ETH,6415
1195038,103,73,1027,2016.0,1861376.0,0.0,-0.013630000000000001,1.744404,IDN,ETH,6415
1195039,104,73,1027,2016.0,14771600.0,0.0,0.223813,2.787547,IND,ETH,6415
1195040,111,73,1027,2016.0,13952.0,0.0,1.461526,0.316891,ITA,ETH,6415
1195041,116,73,1027,2016.0,1198.0,0.0,-0.483554,0.25645,KEN,ETH,6415
1195042,121,73,1027,2016.0,63032.0,0.0,2.1686389999999998,0.798808,KOR,ETH,6415
1195043,128,73,1027,2016.0,1022.0,0.0,-0.540154,0.22580100000000003,LKA,ETH,6415
1195044,153,73,1027,2016.0,44634.0,0.0,1.091156,0.8383370000000001,MYS,ETH,6415
1195045,162,73,1027,2016.0,123523.0,0.0,1.132192,1.412512,NLD,ETH,6415
1195046,179,73,1027,2016.0,582500.0,0.0,0.661961,2.108517,PRT,ETH,6415
1195047,186,73,1027,2016.0,485467.0,0.0,0.086009,0.300039,RUS,ETH,6415
1195048,188,73,1027,2016.0,4782513.0,0.0,0.00286,-0.764602,SAU,ETH,6415
1195049,190,73,1027,2016.0,8001.0,0.0,-1.276278,-1.183311,SDN,ETH,6415
1195050,192,73,1027,2016.0,154008.0,0.0,2.0149340000000002,0.613009,SGP,ETH,6415
1195051,199,73,1027,2016.0,0.0,5458.0,-1.2646629999999999,-1.067482,SOM,ETH,6415
1195052,201,73,1027,2016.0,7532.0,0.0,0.608136,1.38132,SRB,ETH,6415
1195053,207,73,1027,2016.0,23014.0,0.0,1.7056200000000001,0.630058,SVN,ETH,6415
1195054,208,73,1027,2016.0,31001.0,0.0,1.731295,0.679562,SWE,ETH,6415
1195055,216,73,1027,2016.0,3553658.0,0.0,1.3075860000000001,1.151426,THA,ETH,6415
1195056,224,73,1027,2016.0,171896.0,0.0,0.460247,2.3790400000000003,TUR,ETH,6415
1195057,231,73,1027,2016.0,314583.0,0.0,1.6991900000000002,-0.146044,USA,ETH,6415
1195058,239,73,1027,2016.0,9637.0,0.0,0.048214,0.6998810000000001,VNM,ETH,6415
1195059,246,73,1027,2016.0,132199.0,0.0,-0.029618000000000002,1.426834,ZAF,ETH,6415
1195060,249,73,1027,2016.0,39260.0,0.0,2.028455,1.271167,TWN,ETH,6415
1195061,7,80,1027,2016.0,22109.0,0.0,-0.019275,-0.18309,ARE,GAB,6415
1195062,32,80,1027,2016.0,175077.0,0.0,0.284988,1.031028,BRA,GAB,6415
1195063,43,80,1027,2016.0,175860.0,0.0,1.249079,1.151045,CHN,GAB,6415
1195064,59,80,1027,2016.0,20495.0,0.0,1.818585,0.341356,CZE,GAB,6415
1195065,77,80,1027,2016.0,1252541.0,0.0,1.490723,0.8471559999999999,FRA,GAB,6415
1195066,97,80,1027,2016.0,1457.0,0.0,0.877619,1.0765790000000002,HKG,GAB,6415
1195067,103,80,1027,2016.0,145394.0,0.0,-0.013630000000000001,1.744404,IDN,GAB,6415
1195068,104,80,1027,2016.0,3812.0,0.0,0.223813,2.787547,IND,GAB,6415
1195069,111,80,1027,2016.0,48935.0,0.0,1.461526,0.316891,ITA,GAB,6415
1195070,118,80,1027,2016.0,0.0,1420480.0,-0.70365,-0.843824,KHM,GAB,6415
1195071,153,80,1027,2016.0,10047.0,0.0,1.091156,0.8383370000000001,MYS,GAB,6415
1195072,179,80,1027,2016.0,156037.0,0.0,0.661961,2.108517,PRT,GAB,6415
1195073,186,80,1027,2016.0,30053.0,0.0,0.086009,0.300039,RUS,GAB,6415
1195074,192,80,1027,2016.0,69844.0,0.0,2.0149340000000002,0.613009,SGP,GAB,6415
1195075,216,80,1027,2016.0,589498.0,0.0,1.3075860000000001,1.151426,THA,GAB,6415
1195076,223,80,1027,2016.0,2694.0,0.0,0.27537399999999995,0.9474239999999999,TUN,GAB,6415
1195077,246,80,1027,2016.0,770306.0,0.0,-0.029618000000000002,1.426834,ZAF,GAB,6415
1195078,7,82,1027,2016.0,12131.0,0.0,-0.019275,-0.18309,ARE,GEO,6415
1195079,9,82,1027,2016.0,0.0,149128.0,-0.252904,-0.614643,ARM,GEO,6415
1195080,15,82,1027,2016.0,22852.0,0.0,1.743944,-0.051155,AUT,GEO,6415
1195081,16,82,1027,2016.0,985512.0,0.0,-1.111874,-1.2526059999999999,AZE,GEO,6415
1195082,18,82,1027,2016.0,11987.0,0.0,1.2947110000000002,1.113058,BEL,GEO,6415
1195083,23,82,1027,2016.0,5194.0,0.0,0.509062,1.804648,BGR,GEO,6415
1195084,28,82,1027,2016.0,10620.0,0.0,0.879499,0.897567,BLR,GEO,6415
1195085,43,82,1027,2016.0,2665833.0,0.0,1.249079,1.151045,CHN,GEO,6415
1195086,59,82,1027,2016.0,7075.0,0.0,1.818585,0.341356,CZE,GEO,6415
1195087,61,82,1027,2016.0,146376.0,0.0,2.307429,-2.341644,DEU,GEO,6415
1195088,71,82,1027,2016.0,1497654.0,0.0,0.795006,2.203292,ESP,GEO,6415
1195089,72,82,1027,2016.0,0.0,6033.0,0.958292,1.190173,EST,GEO,6415
1195090,74,82,1027,2016.0,71788.0,0.0,1.621764,1.026393,FIN,GEO,6415
1195091,77,82,1027,2016.0,331904.0,226994.0,1.490723,0.8471559999999999,FRA,GEO,6415
1195092,81,82,1027,2016.0,18639.0,0.0,1.569616,1.048129,GBR,GEO,6415
1195093,90,82,1027,2016.0,1412.0,0.0,0.053899,1.1259709999999998,GRC,GEO,6415
1195094,97,82,1027,2016.0,121685.0,0.0,0.877619,1.0765790000000002,HKG,GEO,6415
1195095,103,82,1027,2016.0,440879.0,0.0,-0.013630000000000001,1.744404,IDN,GEO,6415
1195096,104,82,1027,2016.0,1468533.0,137618.0,0.223813,2.787547,IND,GEO,6415
1195097,107,82,1027,2016.0,18159.0,0.0,-0.408637,-0.340544,IRN,GEO,6415
1195098,110,82,1027,2016.0,0.0,33989.0,0.9932219999999999,0.7518819999999999,ISR,GEO,6415
1195099,111,82,1027,2016.0,156250.0,1209.0,1.461526,0.316891,ITA,GEO,6415
1195100,130,82,1027,2016.0,26081.0,0.0,0.6319130000000001,1.538765,LTU,GEO,6415
1195101,162,82,1027,2016.0,81010.0,0.0,1.132192,1.412512,NLD,GEO,6415
1195102,177,82,1027,2016.0,13178.0,2527.0,1.1068959999999999,1.226985,POL,GEO,6415
1195103,179,82,1027,2016.0,875697.0,0.0,0.661961,2.108517,PRT,GEO,6415
1195104,186,82,1027,2016.0,666461.0,121819.0,0.086009,0.300039,RUS,GEO,6415
1195105,192,82,1027,2016.0,40993.0,0.0,2.0149340000000002,0.613009,SGP,GEO,6415
1195106,208,82,1027,2016.0,196775.0,0.0,1.731295,0.679562,SWE,GEO,6415
1195107,216,82,1027,2016.0,1830968.0,0.0,1.3075860000000001,1.151426,THA,GEO,6415
1195108,224,82,1027,2016.0,2762320.0,27793.0,0.460247,2.3790400000000003,TUR,GEO,6415
1195109,228,82,1027,2016.0,42717.0,0.0,0.240605,0.827153,UKR,GEO,6415
1195110,231,82,1027,2016.0,18828.0,0.0,1.6991900000000002,-0.146044,USA,GEO,6415
1195111,232,82,1027,2016.0,46336.0,0.0,-0.672362,-0.574391,UZB,GEO,6415
1195112,7,83,1027,2016.0,331964.0,0.0,-0.019275,-0.18309,ARE,GHA,6415
1195113,14,83,1027,2016.0,2787.0,0.0,-0.585613,-0.245365,AUS,GHA,6415
1195114,15,83,1027,2016.0,380933.0,0.0,1.743944,-0.051155,AUT,GHA,6415
1195115,18,83,1027,2016.0,371000.0,0.0,1.2947110000000002,1.113058,BEL,GHA,6415
1195116,32,83,1027,2016.0,2344124.0,0.0,0.284988,1.031028,BRA,GHA,6415
1195117,39,83,1027,2016.0,1229.0,0.0,0.541041,1.328065,CAN,GHA,6415
1195118,43,83,1027,2016.0,4597582.0,0.0,1.249079,1.151045,CHN,GHA,6415
1195119,44,83,1027,2016.0,86943.0,1097.0,-0.977045,-0.8633299999999999,CIV,GHA,6415
1195120,61,83,1027,2016.0,378257.0,0.0,2.307429,-2.341644,DEU,GHA,6415
1195121,71,83,1027,2016.0,631159.0,0.0,0.795006,2.203292,ESP,GHA,6415
1195122,74,83,1027,2016.0,3060480.0,0.0,1.621764,1.026393,FIN,GHA,6415
1195123,77,83,1027,2016.0,228259.0,0.0,1.490723,0.8471559999999999,FRA,GHA,6415
1195124,81,83,1027,2016.0,184427.0,0.0,1.569616,1.048129,GBR,GHA,6415
1195125,97,83,1027,2016.0,350570.0,0.0,0.877619,1.0765790000000002,HKG,GHA,6415
1195126,103,83,1027,2016.0,7756455.0,0.0,-0.013630000000000001,1.744404,IDN,GHA,6415
1195127,104,83,1027,2016.0,5247035.0,0.0,0.223813,2.787547,IND,GHA,6415
1195128,105,83,1027,2016.0,243263.0,0.0,1.205809,-0.279179,IOT,GHA,6415
1195129,107,83,1027,2016.0,12662.0,0.0,-0.408637,-0.340544,IRN,GHA,6415
1195130,111,83,1027,2016.0,76668.0,0.0,1.461526,0.316891,ITA,GHA,6415
1195131,114,83,1027,2016.0,6485.0,0.0,2.550074,-0.479725,JPN,GHA,6415
1195132,121,83,1027,2016.0,127961.0,0.0,2.1686389999999998,0.798808,KOR,GHA,6415
1195133,124,83,1027,2016.0,1229086.0,0.0,0.385417,1.139648,LBN,GHA,6415
1195134,153,83,1027,2016.0,79932.0,0.0,1.091156,0.8383370000000001,MYS,GHA,6415
1195135,159,83,1027,2016.0,62138.0,0.0,-1.7380830000000003,-1.306938,NGA,GHA,6415
1195136,162,83,1027,2016.0,184919.0,0.0,1.132192,1.412512,NLD,GHA,6415
1195137,163,83,1027,2016.0,160409.0,0.0,0.664183,0.206877,NOR,GHA,6415
1195138,174,83,1027,2016.0,4091.0,0.0,0.958651,0.324888,PHL,GHA,6415
1195139,177,83,1027,2016.0,1870946.0,0.0,1.1068959999999999,1.226985,POL,GHA,6415
1195140,179,83,1027,2016.0,2500410.0,0.0,0.661961,2.108517,PRT,GHA,6415
1195141,186,83,1027,2016.0,712370.0,0.0,0.086009,0.300039,RUS,GHA,6415
1195142,188,83,1027,2016.0,83941.0,0.0,0.00286,-0.764602,SAU,GHA,6415
1195143,192,83,1027,2016.0,1823777.0,0.0,2.0149340000000002,0.613009,SGP,GHA,6415
1195144,208,83,1027,2016.0,3264704.0,0.0,1.731295,0.679562,SWE,GHA,6415
1195145,216,83,1027,2016.0,2723316.0,0.0,1.3075860000000001,1.151426,THA,GHA,6415
1195146,223,83,1027,2016.0,84813.0,0.0,0.27537399999999995,0.9474239999999999,TUN,GHA,6415
1195147,224,83,1027,2016.0,49003.0,0.0,0.460247,2.3790400000000003,TUR,GHA,6415
1195148,231,83,1027,2016.0,285816.0,5319.0,1.6991900000000002,-0.146044,USA,GHA,6415
1195149,239,83,1027,2016.0,1775.0,0.0,0.048214,0.6998810000000001,VNM,GHA,6415
1195150,246,83,1027,2016.0,959814.0,0.0,-0.029618000000000002,1.426834,ZAF,GHA,6415
1195151,71,84,1027,2016.0,229347.0,0.0,0.795006,2.203292,ESP,GIB,6415
1195152,77,84,1027,2016.0,84161.0,0.0,1.490723,0.8471559999999999,FRA,GIB,6415
1195153,81,84,1027,2016.0,5804.0,0.0,1.569616,1.048129,GBR,GIB,6415
1195154,179,84,1027,2016.0,67977.0,0.0,0.661961,2.108517,PRT,GIB,6415
1195155,7,85,1027,2016.0,5957.0,0.0,-0.019275,-0.18309,ARE,GIN,6415
1195156,18,85,1027,2016.0,63415.0,0.0,1.2947110000000002,1.113058,BEL,GIN,6415
1195157,32,85,1027,2016.0,134604.0,0.0,0.284988,1.031028,BRA,GIN,6415
1195158,39,85,1027,2016.0,2004.0,0.0,0.541041,1.328065,CAN,GIN,6415
1195159,43,85,1027,2016.0,457414.0,0.0,1.249079,1.151045,CHN,GIN,6415
1195160,61,85,1027,2016.0,51668.0,0.0,2.307429,-2.341644,DEU,GIN,6415
1195161,77,85,1027,2016.0,56014.0,0.0,1.490723,0.8471559999999999,FRA,GIN,6415
1195162,103,85,1027,2016.0,578495.0,0.0,-0.013630000000000001,1.744404,IDN,GIN,6415
1195163,104,85,1027,2016.0,161395.0,0.0,0.223813,2.787547,IND,GIN,6415
1195164,111,85,1027,2016.0,70025.0,0.0,1.461526,0.316891,ITA,GIN,6415
1195165,121,85,1027,2016.0,24322.0,0.0,2.1686389999999998,0.798808,KOR,GIN,6415
1195166,153,85,1027,2016.0,0.0,6108.0,1.091156,0.8383370000000001,MYS,GIN,6415
1195167,162,85,1027,2016.0,76588.0,0.0,1.132192,1.412512,NLD,GIN,6415
1195168,177,85,1027,2016.0,71118.0,0.0,1.1068959999999999,1.226985,POL,GIN,6415
1195169,179,85,1027,2016.0,177714.0,0.0,0.661961,2.108517,PRT,GIN,6415
1195170,186,85,1027,2016.0,62686.0,0.0,0.086009,0.300039,RUS,GIN,6415
1195171,191,85,1027,2016.0,23330.0,0.0,-0.648644,-0.39857800000000004,SEN,GIN,6415
1195172,192,85,1027,2016.0,72507.0,0.0,2.0149340000000002,0.613009,SGP,GIN,6415
1195173,208,85,1027,2016.0,14530.0,0.0,1.731295,0.679562,SWE,GIN,6415
1195174,216,85,1027,2016.0,217439.0,0.0,1.3075860000000001,1.151426,THA,GIN,6415
1195175,223,85,1027,2016.0,1410.0,0.0,0.27537399999999995,0.9474239999999999,TUN,GIN,6415
1195176,224,85,1027,2016.0,2353.0,0.0,0.460247,2.3790400000000003,TUR,GIN,6415
1195177,246,85,1027,2016.0,1225.0,0.0,-0.029618000000000002,1.426834,ZAF,GIN,6415
1195178,7,87,1027,2016.0,1900.0,0.0,-0.019275,-0.18309,ARE,GMB,6415
1195179,18,87,1027,2016.0,2618.0,0.0,1.2947110000000002,1.113058,BEL,GMB,6415
1195180,32,87,1027,2016.0,224109.0,0.0,0.284988,1.031028,BRA,GMB,6415
1195181,43,87,1027,2016.0,29666.0,0.0,1.249079,1.151045,CHN,GMB,6415
1195182,77,87,1027,2016.0,165952.0,0.0,1.490723,0.8471559999999999,FRA,GMB,6415
1195183,81,87,1027,2016.0,1833.0,0.0,1.569616,1.048129,GBR,GMB,6415
1195184,103,87,1027,2016.0,139799.0,0.0,-0.013630000000000001,1.744404,IDN,GMB,6415
1195185,104,87,1027,2016.0,96880.0,0.0,0.223813,2.787547,IND,GMB,6415
1195186,106,87,1027,2016.0,1868.0,0.0,1.320777,0.057924,IRL,GMB,6415
1195187,111,87,1027,2016.0,1254.0,0.0,1.461526,0.316891,ITA,GMB,6415
1195188,162,87,1027,2016.0,1607.0,0.0,1.132192,1.412512,NLD,GMB,6415
1195189,177,87,1027,2016.0,17414.0,0.0,1.1068959999999999,1.226985,POL,GMB,6415
1195190,191,87,1027,2016.0,3615.0,0.0,-0.648644,-0.39857800000000004,SEN,GMB,6415
1195191,216,87,1027,2016.0,766118.0,0.0,1.3075860000000001,1.151426,THA,GMB,6415
1195192,43,88,1027,2016.0,15138.0,0.0,1.249079,1.151045,CHN,GNB,6415
1195193,71,88,1027,2016.0,1579.0,0.0,0.795006,2.203292,ESP,GNB,6415
1195194,104,88,1027,2016.0,15539.0,0.0,0.223813,2.787547,IND,GNB,6415
1195195,179,88,1027,2016.0,123570.0,0.0,0.661961,2.108517,PRT,GNB,6415
1195196,216,88,1027,2016.0,89614.0,0.0,1.3075860000000001,1.151426,THA,GNB,6415
1195197,7,89,1027,2016.0,52388.0,0.0,-0.019275,-0.18309,ARE,GNQ,6415
1195198,32,89,1027,2016.0,19256.0,0.0,0.284988,1.031028,BRA,GNQ,6415
1195199,43,89,1027,2016.0,39027.0,0.0,1.249079,1.151045,CHN,GNQ,6415
1195200,71,89,1027,2016.0,98182.0,0.0,0.795006,2.203292,ESP,GNQ,6415
1195201,81,89,1027,2016.0,4671.0,0.0,1.569616,1.048129,GBR,GNQ,6415
1195202,103,89,1027,2016.0,47478.0,0.0,-0.013630000000000001,1.744404,IDN,GNQ,6415
1195203,104,89,1027,2016.0,14476.0,0.0,0.223813,2.787547,IND,GNQ,6415
1195204,110,89,1027,2016.0,1000.0,0.0,0.9932219999999999,0.7518819999999999,ISR,GNQ,6415
1195205,192,89,1027,2016.0,36471.0,0.0,2.0149340000000002,0.613009,SGP,GNQ,6415
1195206,216,89,1027,2016.0,103882.0,0.0,1.3075860000000001,1.151426,THA,GNQ,6415
1195207,231,89,1027,2016.0,9924.0,0.0,1.6991900000000002,-0.146044,USA,GNQ,6415
1195208,4,100,1027,2016.0,0.0,10382.0,-0.5783550000000001,-0.085516,ALB,HRV,6415
1195209,7,100,1027,2016.0,0.0,132847.0,-0.019275,-0.18309,ARE,HRV,6415
1195210,14,100,1027,2016.0,136981.0,0.0,-0.585613,-0.245365,AUS,HRV,6415
1195211,15,100,1027,2016.0,15284026.0,6524456.0,1.743944,-0.051155,AUT,HRV,6415
1195212,18,100,1027,2016.0,4242.0,0.0,1.2947110000000002,1.113058,BEL,HRV,6415
1195213,23,100,1027,2016.0,16034.0,1543608.0,0.509062,1.804648,BGR,HRV,6415
1195214,24,100,1027,2016.0,0.0,212261.0,0.23993299999999998,-0.5320199999999999,BHR,HRV,6415
1195215,26,100,1027,2016.0,1627401.0,147074.0,0.693416,0.8723540000000001,BIH,HRV,6415
1195216,41,100,1027,2016.0,993705.0,532584.0,2.328616,0.832224,CHE,HRV,6415
1195217,43,100,1027,2016.0,811902.0,0.0,1.249079,1.151045,CHN,HRV,6415
1195218,59,100,1027,2016.0,2834344.0,811421.0,1.818585,0.341356,CZE,HRV,6415
1195219,61,100,1027,2016.0,20188440.0,1792519.0,2.307429,-2.341644,DEU,HRV,6415
1195220,64,100,1027,2016.0,0.0,19947.0,1.0572629999999998,1.4157540000000002,DNK,HRV,6415
1195221,68,100,1027,2016.0,0.0,349245.0,-0.202127,1.9342419999999998,EGY,HRV,6415
1195222,71,100,1027,2016.0,161832.0,0.0,0.795006,2.203292,ESP,HRV,6415
1195223,74,100,1027,2016.0,197292.0,0.0,1.621764,1.026393,FIN,HRV,6415
1195224,77,100,1027,2016.0,2565790.0,4569.0,1.490723,0.8471559999999999,FRA,HRV,6415
1195225,81,100,1027,2016.0,295984.0,1442.0,1.569616,1.048129,GBR,HRV,6415
1195226,90,100,1027,2016.0,3974.0,115261.0,0.053899,1.1259709999999998,GRC,HRV,6415
1195227,102,100,1027,2016.0,14790655.0,8676148.0,1.7056069999999999,0.788768,HUN,HRV,6415
1195228,103,100,1027,2016.0,4994178.0,0.0,-0.013630000000000001,1.744404,IDN,HRV,6415
1195229,104,100,1027,2016.0,37175.0,0.0,0.223813,2.787547,IND,HRV,6415
1195230,111,100,1027,2016.0,9468464.0,11547183.0,1.461526,0.316891,ITA,HRV,6415
1195231,124,100,1027,2016.0,0.0,327665.0,0.385417,1.139648,LBN,HRV,6415
1195232,134,100,1027,2016.0,0.0,93488.0,-0.648329,-0.14071,MAR,HRV,6415
1195233,140,100,1027,2016.0,27344.0,1987217.0,-0.249664,-0.338412,MKD,HRV,6415
1195234,142,100,1027,2016.0,0.0,11824.0,0.981182,-0.029401999999999998,MLT,HRV,6415
1195235,144,100,1027,2016.0,0.0,11006.0,0.002245,-0.10263599999999999,MNE,HRV,6415
1195236,162,100,1027,2016.0,277075.0,30021.0,1.132192,1.412512,NLD,HRV,6415
1195237,163,100,1027,2016.0,44372.0,0.0,0.664183,0.206877,NOR,HRV,6415
1195238,167,100,1027,2016.0,0.0,207410.0,-0.594724,-1.019133,OMN,HRV,6415
1195239,177,100,1027,2016.0,3359124.0,78403.0,1.1068959999999999,1.226985,POL,HRV,6415
1195240,179,100,1027,2016.0,4118645.0,0.0,0.661961,2.108517,PRT,HRV,6415
1195241,185,100,1027,2016.0,20386.0,381024.0,1.176177,1.093489,ROU,HRV,6415
1195242,190,100,1027,2016.0,0.0,154227.0,-1.276278,-1.183311,SDN,HRV,6415
1195243,201,100,1027,2016.0,625790.0,13174023.0,0.608136,1.38132,SRB,HRV,6415
1195244,206,100,1027,2016.0,5855794.0,4003458.0,1.446588,0.811076,SVK,HRV,6415
1195245,207,100,1027,2016.0,3865608.0,12569979.0,1.7056200000000001,0.630058,SVN,HRV,6415
1195246,208,100,1027,2016.0,2132204.0,0.0,1.731295,0.679562,SWE,HRV,6415
1195247,216,100,1027,2016.0,240142.0,0.0,1.3075860000000001,1.151426,THA,HRV,6415
1195248,223,100,1027,2016.0,0.0,198540.0,0.27537399999999995,0.9474239999999999,TUN,HRV,6415
1195249,228,100,1027,2016.0,32522.0,0.0,0.240605,0.827153,UKR,HRV,6415
1195250,15,109,1027,2016.0,55330.0,0.0,1.743944,-0.051155,AUT,ISL,6415
1195251,18,109,1027,2016.0,592013.0,0.0,1.2947110000000002,1.113058,BEL,ISL,6415
1195252,39,109,1027,2016.0,326604.0,0.0,0.541041,1.328065,CAN,ISL,6415
1195253,42,109,1027,2016.0,11103.0,0.0,-0.162923,-0.20607199999999998,CHL,ISL,6415
1195254,43,109,1027,2016.0,94846.0,0.0,1.249079,1.151045,CHN,ISL,6415
1195255,59,109,1027,2016.0,12190.0,0.0,1.818585,0.341356,CZE,ISL,6415
1195256,61,109,1027,2016.0,576009.0,0.0,2.307429,-2.341644,DEU,ISL,6415
1195257,64,109,1027,2016.0,507209.0,0.0,1.0572629999999998,1.4157540000000002,DNK,ISL,6415
1195258,71,109,1027,2016.0,2193.0,0.0,0.795006,2.203292,ESP,ISL,6415
1195259,74,109,1027,2016.0,775488.0,0.0,1.621764,1.026393,FIN,ISL,6415
1195260,77,109,1027,2016.0,141128.0,0.0,1.490723,0.8471559999999999,FRA,ISL,6415
1195261,81,109,1027,2016.0,48645.0,0.0,1.569616,1.048129,GBR,ISL,6415
1195262,103,109,1027,2016.0,1972.0,0.0,-0.013630000000000001,1.744404,IDN,ISL,6415
1195263,111,109,1027,2016.0,7260.0,0.0,1.461526,0.316891,ITA,ISL,6415
1195264,114,109,1027,2016.0,3011.0,0.0,2.550074,-0.479725,JPN,ISL,6415
1195265,130,109,1027,2016.0,4057.0,0.0,0.6319130000000001,1.538765,LTU,ISL,6415
1195266,162,109,1027,2016.0,368114.0,0.0,1.132192,1.412512,NLD,ISL,6415
1195267,163,109,1027,2016.0,307462.0,0.0,0.664183,0.206877,NOR,ISL,6415
1195268,177,109,1027,2016.0,10926.0,0.0,1.1068959999999999,1.226985,POL,ISL,6415
1195269,179,109,1027,2016.0,99100.0,0.0,0.661961,2.108517,PRT,ISL,6415
1195270,208,109,1027,2016.0,1061168.0,0.0,1.731295,0.679562,SWE,ISL,6415
1195271,231,109,1027,2016.0,21828.0,15021.0,1.6991900000000002,-0.146044,USA,ISL,6415
1195272,7,118,1027,2016.0,16936.0,0.0,-0.019275,-0.18309,ARE,KHM,6415
1195273,14,118,1027,2016.0,1975602.0,0.0,-0.585613,-0.245365,AUS,KHM,6415
1195274,15,118,1027,2016.0,43708.0,0.0,1.743944,-0.051155,AUT,KHM,6415
1195275,18,118,1027,2016.0,4041.0,0.0,1.2947110000000002,1.113058,BEL,KHM,6415
1195276,32,118,1027,2016.0,57381.0,0.0,0.284988,1.031028,BRA,KHM,6415
1195277,39,118,1027,2016.0,95873.0,0.0,0.541041,1.328065,CAN,KHM,6415
1195278,43,118,1027,2016.0,6296196.0,3470.0,1.249079,1.151045,CHN,KHM,6415
1195279,61,118,1027,2016.0,3956727.0,0.0,2.307429,-2.341644,DEU,KHM,6415
1195280,71,118,1027,2016.0,16211.0,0.0,0.795006,2.203292,ESP,KHM,6415
1195281,74,118,1027,2016.0,115683.0,0.0,1.621764,1.026393,FIN,KHM,6415
1195282,77,118,1027,2016.0,345577.0,0.0,1.490723,0.8471559999999999,FRA,KHM,6415
1195283,80,118,1027,2016.0,1420480.0,0.0,-1.257455,-1.226416,GAB,KHM,6415
1195284,97,118,1027,2016.0,274510.0,0.0,0.877619,1.0765790000000002,HKG,KHM,6415
1195285,103,118,1027,2016.0,2535403.0,0.0,-0.013630000000000001,1.744404,IDN,KHM,6415
1195286,104,118,1027,2016.0,165385.0,0.0,0.223813,2.787547,IND,KHM,6415
1195287,111,118,1027,2016.0,12556.0,0.0,1.461526,0.316891,ITA,KHM,6415
1195288,114,118,1027,2016.0,268603.0,109162.0,2.550074,-0.479725,JPN,KHM,6415
1195289,121,118,1027,2016.0,745892.0,0.0,2.1686389999999998,0.798808,KOR,KHM,6415
1195290,153,118,1027,2016.0,938683.0,0.0,1.091156,0.8383370000000001,MYS,KHM,6415
1195291,177,118,1027,2016.0,9668.0,0.0,1.1068959999999999,1.226985,POL,KHM,6415
1195292,186,118,1027,2016.0,55506.0,0.0,0.086009,0.300039,RUS,KHM,6415
1195293,192,118,1027,2016.0,22540500.0,0.0,2.0149340000000002,0.613009,SGP,KHM,6415
1195294,208,118,1027,2016.0,965705.0,0.0,1.731295,0.679562,SWE,KHM,6415
1195295,216,118,1027,2016.0,39835468.0,0.0,1.3075860000000001,1.151426,THA,KHM,6415
1195296,231,118,1027,2016.0,991233.0,0.0,1.6991900000000002,-0.146044,USA,KHM,6415
1195297,239,118,1027,2016.0,1602306.0,2088.0,0.048214,0.6998810000000001,VNM,KHM,6415
1195298,249,118,1027,2016.0,3922163.0,0.0,2.028455,1.271167,TWN,KHM,6415
1195299,43,123,1027,2016.0,7988840.0,0.0,1.249079,1.151045,CHN,LAO,6415
1195300,61,123,1027,2016.0,1491.0,0.0,2.307429,-2.341644,DEU,LAO,6415
1195301,71,123,1027,2016.0,6241.0,0.0,0.795006,2.203292,ESP,LAO,6415
1195302,77,123,1027,2016.0,69572.0,0.0,1.490723,0.8471559999999999,FRA,LAO,6415
1195303,121,123,1027,2016.0,40640.0,0.0,2.1686389999999998,0.798808,KOR,LAO,6415
1195304,174,123,1027,2016.0,31223.0,0.0,0.958651,0.324888,PHL,LAO,6415
1195305,216,123,1027,2016.0,9045670.0,0.0,1.3075860000000001,1.151426,THA,LAO,6415
1195306,239,123,1027,2016.0,416934.0,0.0,0.048214,0.6998810000000001,VNM,LAO,6415
1195307,249,123,1027,2016.0,202454.0,18596.0,2.028455,1.271167,TWN,LAO,6415
1195308,7,125,1027,2016.0,27063.0,0.0,-0.019275,-0.18309,ARE,LBR,6415
1195309,32,125,1027,2016.0,318700.0,0.0,0.284988,1.031028,BRA,LBR,6415
1195310,43,125,1027,2016.0,55996.0,0.0,1.249079,1.151045,CHN,LBR,6415
1195311,77,125,1027,2016.0,2703.0,0.0,1.490723,0.8471559999999999,FRA,LBR,6415
1195312,102,125,1027,2016.0,1449.0,0.0,1.7056069999999999,0.788768,HUN,LBR,6415
1195313,103,125,1027,2016.0,140886.0,0.0,-0.013630000000000001,1.744404,IDN,LBR,6415
1195314,104,125,1027,2016.0,135089.0,0.0,0.223813,2.787547,IND,LBR,6415
1195315,111,125,1027,2016.0,1141.0,0.0,1.461526,0.316891,ITA,LBR,6415
1195316,137,125,1027,2016.0,0.0,1815.0,-0.975518,-1.00076,MDV,LBR,6415
1195317,216,125,1027,2016.0,417218.0,0.0,1.3075860000000001,1.151426,THA,LBR,6415
1195318,224,125,1027,2016.0,16984.0,0.0,0.460247,2.3790400000000003,TUR,LBR,6415
1195319,246,125,1027,2016.0,19842.0,0.0,-0.029618000000000002,1.426834,ZAF,LBR,6415
1195320,4,144,1027,2016.0,0.0,6616.0,-0.5783550000000001,-0.085516,ALB,MNE,6415
1195321,15,144,1027,2016.0,195575.0,0.0,1.743944,-0.051155,AUT,MNE,6415
1195322,18,144,1027,2016.0,13161.0,0.0,1.2947110000000002,1.113058,BEL,MNE,6415
1195323,23,144,1027,2016.0,3753.0,0.0,0.509062,1.804648,BGR,MNE,6415
1195324,26,144,1027,2016.0,473035.0,0.0,0.693416,0.8723540000000001,BIH,MNE,6415
1195325,43,144,1027,2016.0,116977.0,0.0,1.249079,1.151045,CHN,MNE,6415
1195326,59,144,1027,2016.0,10275.0,0.0,1.818585,0.341356,CZE,MNE,6415
1195327,61,144,1027,2016.0,160285.0,0.0,2.307429,-2.341644,DEU,MNE,6415
1195328,71,144,1027,2016.0,3351.0,0.0,0.795006,2.203292,ESP,MNE,6415
1195329,74,144,1027,2016.0,2236.0,0.0,1.621764,1.026393,FIN,MNE,6415
1195330,77,144,1027,2016.0,118179.0,0.0,1.490723,0.8471559999999999,FRA,MNE,6415
1195331,90,144,1027,2016.0,1584.0,0.0,0.053899,1.1259709999999998,GRC,MNE,6415
1195332,100,144,1027,2016.0,11006.0,0.0,0.850619,1.39544,HRV,MNE,6415
1195333,102,144,1027,2016.0,39920.0,0.0,1.7056069999999999,0.788768,HUN,MNE,6415
1195334,103,144,1027,2016.0,226639.0,0.0,-0.013630000000000001,1.744404,IDN,MNE,6415
1195335,104,144,1027,2016.0,9048.0,0.0,0.223813,2.787547,IND,MNE,6415
1195336,111,144,1027,2016.0,448377.0,0.0,1.461526,0.316891,ITA,MNE,6415
1195337,162,144,1027,2016.0,14312.0,0.0,1.132192,1.412512,NLD,MNE,6415
1195338,168,144,1027,2016.0,52579.0,48868.0,-0.7806810000000001,0.420241,PAK,MNE,6415
1195339,174,144,1027,2016.0,9075.0,0.0,0.958651,0.324888,PHL,MNE,6415
1195340,177,144,1027,2016.0,52237.0,0.0,1.1068959999999999,1.226985,POL,MNE,6415
1195341,179,144,1027,2016.0,21182.0,0.0,0.661961,2.108517,PRT,MNE,6415
1195342,186,144,1027,2016.0,68338.0,0.0,0.086009,0.300039,RUS,MNE,6415
1195343,201,144,1027,2016.0,677278.0,0.0,0.608136,1.38132,SRB,MNE,6415
1195344,206,144,1027,2016.0,83086.0,0.0,1.446588,0.811076,SVK,MNE,6415
1195345,207,144,1027,2016.0,40925.0,0.0,1.7056200000000001,0.630058,SVN,MNE,6415
1195346,208,144,1027,2016.0,1071.0,0.0,1.731295,0.679562,SWE,MNE,6415
1195347,216,144,1027,2016.0,98900.0,0.0,1.3075860000000001,1.151426,THA,MNE,6415
1195348,231,144,1027,2016.0,6548.0,0.0,1.6991900000000002,-0.146044,USA,MNE,6415
1195349,250,144,1027,2016.0,2259.0,0.0,0.608271,-0.007568000000000001,ANS,MNE,6415
1195350,32,148,1027,2016.0,168980.0,0.0,0.284988,1.031028,BRA,MRT,6415
1195351,43,148,1027,2016.0,240324.0,0.0,1.249079,1.151045,CHN,MRT,6415
1195352,68,148,1027,2016.0,61368.0,0.0,-0.202127,1.9342419999999998,EGY,MRT,6415
1195353,71,148,1027,2016.0,40489.0,0.0,0.795006,2.203292,ESP,MRT,6415
1195354,74,148,1027,2016.0,44782.0,0.0,1.621764,1.026393,FIN,MRT,6415
1195355,77,148,1027,2016.0,9526.0,0.0,1.490723,0.8471559999999999,FRA,MRT,6415
1195356,103,148,1027,2016.0,207694.0,0.0,-0.013630000000000001,1.744404,IDN,MRT,6415
1195357,104,148,1027,2016.0,66928.0,0.0,0.223813,2.787547,IND,MRT,6415
1195358,134,148,1027,2016.0,129930.0,0.0,-0.648329,-0.14071,MAR,MRT,6415
1195359,188,148,1027,2016.0,14014.0,0.0,0.00286,-0.764602,SAU,MRT,6415
1195360,191,148,1027,2016.0,75528.0,0.0,-0.648644,-0.39857800000000004,SEN,MRT,6415
1195361,224,148,1027,2016.0,68836.0,0.0,0.460247,2.3790400000000003,TUR,MRT,6415
1195362,246,148,1027,2016.0,3558.0,0.0,-0.029618000000000002,1.426834,ZAF,MRT,6415
1195363,7,151,1027,2016.0,20297.0,0.0,-0.019275,-0.18309,ARE,MUS,6415
1195364,15,151,1027,2016.0,13248.0,0.0,1.743944,-0.051155,AUT,MUS,6415
1195365,18,151,1027,2016.0,4277.0,0.0,1.2947110000000002,1.113058,BEL,MUS,6415
1195366,32,151,1027,2016.0,381943.0,0.0,0.284988,1.031028,BRA,MUS,6415
1195367,39,151,1027,2016.0,12860.0,0.0,0.541041,1.328065,CAN,MUS,6415
1195368,41,151,1027,2016.0,18586.0,0.0,2.328616,0.832224,CHE,MUS,6415
1195369,43,151,1027,2016.0,1939880.0,0.0,1.249079,1.151045,CHN,MUS,6415
1195370,61,151,1027,2016.0,69758.0,0.0,2.307429,-2.341644,DEU,MUS,6415
1195371,71,151,1027,2016.0,8736.0,0.0,0.795006,2.203292,ESP,MUS,6415
1195372,74,151,1027,2016.0,43322.0,0.0,1.621764,1.026393,FIN,MUS,6415
1195373,77,151,1027,2016.0,114709.0,39709.0,1.490723,0.8471559999999999,FRA,MUS,6415
1195374,81,151,1027,2016.0,40150.0,0.0,1.569616,1.048129,GBR,MUS,6415
1195375,90,151,1027,2016.0,9724.0,0.0,0.053899,1.1259709999999998,GRC,MUS,6415
1195376,97,151,1027,2016.0,55786.0,0.0,0.877619,1.0765790000000002,HKG,MUS,6415
1195377,103,151,1027,2016.0,1190698.0,0.0,-0.013630000000000001,1.744404,IDN,MUS,6415
1195378,104,151,1027,2016.0,946945.0,0.0,0.223813,2.787547,IND,MUS,6415
1195379,111,151,1027,2016.0,16902.0,0.0,1.461526,0.316891,ITA,MUS,6415
1195380,121,151,1027,2016.0,9152.0,0.0,2.1686389999999998,0.798808,KOR,MUS,6415
1195381,136,151,1027,2016.0,0.0,37127.0,-0.979632,-0.63626,MDG,MUS,6415
1195382,153,151,1027,2016.0,90180.0,0.0,1.091156,0.8383370000000001,MYS,MUS,6415
1195383,162,151,1027,2016.0,117038.0,0.0,1.132192,1.412512,NLD,MUS,6415
1195384,179,151,1027,2016.0,117745.0,0.0,0.661961,2.108517,PRT,MUS,6415
1195385,192,151,1027,2016.0,72809.0,0.0,2.0149340000000002,0.613009,SGP,MUS,6415
1195386,208,151,1027,2016.0,23373.0,0.0,1.731295,0.679562,SWE,MUS,6415
1195387,211,151,1027,2016.0,0.0,56162.0,0.321549,-0.610316,SYC,MUS,6415
1195388,216,151,1027,2016.0,3316011.0,0.0,1.3075860000000001,1.151426,THA,MUS,6415
1195389,224,151,1027,2016.0,96051.0,0.0,0.460247,2.3790400000000003,TUR,MUS,6415
1195390,226,151,1027,2016.0,0.0,5023.0,-1.01426,0.304263,TZA,MUS,6415
1195391,231,151,1027,2016.0,12538.0,0.0,1.6991900000000002,-0.146044,USA,MUS,6415
1195392,239,151,1027,2016.0,10446.0,3652.0,0.048214,0.6998810000000001,VNM,MUS,6415
1195393,246,151,1027,2016.0,1189461.0,0.0,-0.029618000000000002,1.426834,ZAF,MUS,6415
1195394,247,151,1027,2016.0,0.0,6078.0,-0.9308350000000001,-1.029968,ZMB,MUS,6415
1195395,248,151,1027,2016.0,0.0,10767.0,-0.960175,-1.004593,ZWE,MUS,6415
1195396,249,151,1027,2016.0,16537.0,0.0,2.028455,1.271167,TWN,MUS,6415
1195397,2,155,1027,2016.0,20767.0,12017.0,-0.986722,-1.1941979999999999,AGO,NAM,6415
1195398,37,155,1027,2016.0,10104.0,0.0,-0.9498989999999999,-1.2495319999999999,BWA,NAM,6415
1195399,43,155,1027,2016.0,63213.0,0.0,1.249079,1.151045,CHN,NAM,6415
1195400,61,155,1027,2016.0,14313.0,0.0,2.307429,-2.341644,DEU,NAM,6415
1195401,74,155,1027,2016.0,4875.0,0.0,1.621764,1.026393,FIN,NAM,6415
1195402,104,155,1027,2016.0,1031.0,0.0,0.223813,2.787547,IND,NAM,6415
1195403,169,155,1027,2016.0,0.0,1047.0,0.731258,0.649917,PAN,NAM,6415
1195404,186,155,1027,2016.0,11277.0,0.0,0.086009,0.300039,RUS,NAM,6415
1195405,206,155,1027,2016.0,0.0,2698.0,1.446588,0.811076,SVK,NAM,6415
1195406,226,155,1027,2016.0,0.0,1128.0,-1.01426,0.304263,TZA,NAM,6415
1195407,231,155,1027,2016.0,1249.0,0.0,1.6991900000000002,-0.146044,USA,NAM,6415
1195408,246,155,1027,2016.0,7520130.0,1252.0,-0.029618000000000002,1.426834,ZAF,NAM,6415
1195409,7,167,1027,2016.0,11272943.0,4655251.0,-0.019275,-0.18309,ARE,OMN,6415
1195410,15,167,1027,2016.0,1264550.0,0.0,1.743944,-0.051155,AUT,OMN,6415
1195411,18,167,1027,2016.0,169812.0,0.0,1.2947110000000002,1.113058,BEL,OMN,6415
1195412,24,167,1027,2016.0,1286.0,2560.0,0.23993299999999998,-0.5320199999999999,BHR,OMN,6415
1195413,32,167,1027,2016.0,52802.0,0.0,0.284988,1.031028,BRA,OMN,6415
1195414,43,167,1027,2016.0,2763638.0,0.0,1.249079,1.151045,CHN,OMN,6415
1195415,59,167,1027,2016.0,2341.0,0.0,1.818585,0.341356,CZE,OMN,6415
1195416,61,167,1027,2016.0,796182.0,0.0,2.307429,-2.341644,DEU,OMN,6415
1195417,68,167,1027,2016.0,992664.0,0.0,-0.202127,1.9342419999999998,EGY,OMN,6415
1195418,71,167,1027,2016.0,2611047.0,0.0,0.795006,2.203292,ESP,OMN,6415
1195419,74,167,1027,2016.0,36360.0,0.0,1.621764,1.026393,FIN,OMN,6415
1195420,77,167,1027,2016.0,48700.0,0.0,1.490723,0.8471559999999999,FRA,OMN,6415
1195421,81,167,1027,2016.0,657550.0,13501.0,1.569616,1.048129,GBR,OMN,6415
1195422,100,167,1027,2016.0,207410.0,0.0,0.850619,1.39544,HRV,OMN,6415
1195423,102,167,1027,2016.0,507478.0,0.0,1.7056069999999999,0.788768,HUN,OMN,6415
1195424,103,167,1027,2016.0,4711694.0,70744.0,-0.013630000000000001,1.744404,IDN,OMN,6415
1195425,104,167,1027,2016.0,1941134.0,0.0,0.223813,2.787547,IND,OMN,6415
1195426,111,167,1027,2016.0,601720.0,0.0,1.461526,0.316891,ITA,OMN,6415
1195427,114,167,1027,2016.0,1027.0,0.0,2.550074,-0.479725,JPN,OMN,6415
1195428,121,167,1027,2016.0,69125.0,0.0,2.1686389999999998,0.798808,KOR,OMN,6415
1195429,122,167,1027,2016.0,26487.0,8078.0,-0.401,-1.102991,KWT,OMN,6415
1195430,153,167,1027,2016.0,17662.0,0.0,1.091156,0.8383370000000001,MYS,OMN,6415
1195431,162,167,1027,2016.0,69859.0,0.0,1.132192,1.412512,NLD,OMN,6415
1195432,177,167,1027,2016.0,2478824.0,0.0,1.1068959999999999,1.226985,POL,OMN,6415
1195433,179,167,1027,2016.0,268968.0,0.0,0.661961,2.108517,PRT,OMN,6415
1195434,183,167,1027,2016.0,0.0,28132.0,-0.52984,-1.106589,QAT,OMN,6415
1195435,186,167,1027,2016.0,432307.0,0.0,0.086009,0.300039,RUS,OMN,6415
1195436,188,167,1027,2016.0,641759.0,0.0,0.00286,-0.764602,SAU,OMN,6415
1195437,192,167,1027,2016.0,776899.0,0.0,2.0149340000000002,0.613009,SGP,OMN,6415
1195438,206,167,1027,2016.0,350640.0,0.0,1.446588,0.811076,SVK,OMN,6415
1195439,207,167,1027,2016.0,4717.0,0.0,1.7056200000000001,0.630058,SVN,OMN,6415
1195440,208,167,1027,2016.0,9553.0,0.0,1.731295,0.679562,SWE,OMN,6415
1195441,216,167,1027,2016.0,1125796.0,0.0,1.3075860000000001,1.151426,THA,OMN,6415
1195442,224,167,1027,2016.0,768635.0,0.0,0.460247,2.3790400000000003,TUR,OMN,6415
1195443,228,167,1027,2016.0,2060691.0,0.0,0.240605,0.827153,UKR,OMN,6415
1195444,231,167,1027,2016.0,888607.0,0.0,1.6991900000000002,-0.146044,USA,OMN,6415
1195445,236,167,1027,2016.0,0.0,8387.0,-1.2837120000000002,-1.2503879999999998,VEN,OMN,6415
1195446,249,167,1027,2016.0,601270.0,0.0,2.028455,1.271167,TWN,OMN,6415
1195447,250,167,1027,2016.0,0.0,87294.0,0.608271,-0.007568000000000001,ANS,OMN,6415
1195448,14,176,1027,2016.0,5857974.0,0.0,-0.585613,-0.245365,AUS,PNG,6415
1195449,43,176,1027,2016.0,397219.0,0.0,1.249079,1.151045,CHN,PNG,6415
1195450,61,176,1027,2016.0,35091.0,0.0,2.307429,-2.341644,DEU,PNG,6415
1195451,97,176,1027,2016.0,5309.0,0.0,0.877619,1.0765790000000002,HKG,PNG,6415
1195452,103,176,1027,2016.0,226048.0,0.0,-0.013630000000000001,1.744404,IDN,PNG,6415
1195453,104,176,1027,2016.0,9999.0,0.0,0.223813,2.787547,IND,PNG,6415
1195454,153,176,1027,2016.0,731854.0,1678.0,1.091156,0.8383370000000001,MYS,PNG,6415
1195455,166,176,1027,2016.0,2354.0,0.0,0.093306,0.194895,NZL,PNG,6415
1195456,192,176,1027,2016.0,900516.0,0.0,2.0149340000000002,0.613009,SGP,PNG,6415
1195457,195,176,1027,2016.0,0.0,6289.0,-1.458209,-0.9888530000000001,SLB,PNG,6415
1195458,216,176,1027,2016.0,988494.0,0.0,1.3075860000000001,1.151426,THA,PNG,6415
1195459,249,176,1027,2016.0,1708.0,0.0,2.028455,1.271167,TWN,PNG,6415
1195460,43,178,1027,2016.0,11304582.0,0.0,1.249079,1.151045,CHN,PRK,6415
1195461,67,178,1027,2016.0,0.0,2879.0,-1.032726,-1.034297,ECU,PRK,6415
1195462,97,178,1027,2016.0,0.0,36453.0,0.877619,1.0765790000000002,HKG,PRK,6415
1195463,128,178,1027,2016.0,0.0,52072.0,-0.540154,0.22580100000000003,LKA,PRK,6415
1195464,159,178,1027,2016.0,0.0,112533.0,-1.7380830000000003,-1.306938,NGA,PRK,6415
1195465,186,178,1027,2016.0,2793.0,0.0,0.086009,0.300039,RUS,PRK,6415
1195466,192,178,1027,2016.0,324374.0,0.0,2.0149340000000002,0.613009,SGP,PRK,6415
1195467,179,203,1027,2016.0,86821.0,0.0,0.661961,2.108517,PRT,STP,6415
1195468,5,209,1027,2016.0,5427.0,0.0,1.0634370000000002,0.7151069999999999,AND,SWZ,6415
1195469,43,209,1027,2016.0,11525.0,0.0,1.249079,1.151045,CHN,SWZ,6415
1195470,77,209,1027,2016.0,0.0,1682.0,1.490723,0.8471559999999999,FRA,SWZ,6415
1195471,107,209,1027,2016.0,0.0,3505.0,-0.408637,-0.340544,IRN,SWZ,6415
1195472,129,209,1027,2016.0,1440.0,0.0,-0.724865,-0.706887,LSO,SWZ,6415
1195473,216,209,1027,2016.0,10929.0,0.0,1.3075860000000001,1.151426,THA,SWZ,6415
1195474,246,209,1027,2016.0,3947431.0,635993.0,-0.029618000000000002,1.426834,ZAF,SWZ,6415
1195475,249,209,1027,2016.0,6518.0,0.0,2.028455,1.271167,TWN,SWZ,6415
1195476,18,212,1027,2016.0,667459.0,0.0,1.2947110000000002,1.113058,BEL,SYR,6415
1195477,39,212,1027,2016.0,204164.0,0.0,0.541041,1.328065,CAN,SYR,6415
1195478,43,212,1027,2016.0,7084994.0,0.0,1.249079,1.151045,CHN,SYR,6415
1195479,61,212,1027,2016.0,747766.0,0.0,2.307429,-2.341644,DEU,SYR,6415
1195480,68,212,1027,2016.0,1915812.0,0.0,-0.202127,1.9342419999999998,EGY,SYR,6415
1195481,71,212,1027,2016.0,551723.0,0.0,0.795006,2.203292,ESP,SYR,6415
1195482,74,212,1027,2016.0,929369.0,0.0,1.621764,1.026393,FIN,SYR,6415
1195483,77,212,1027,2016.0,54834.0,0.0,1.490723,0.8471559999999999,FRA,SYR,6415
1195484,103,212,1027,2016.0,3558264.0,0.0,-0.013630000000000001,1.744404,IDN,SYR,6415
1195485,111,212,1027,2016.0,1051244.0,0.0,1.461526,0.316891,ITA,SYR,6415
1195486,113,212,1027,2016.0,151542.0,0.0,0.100333,0.020786000000000002,JOR,SYR,6415
1195487,122,212,1027,2016.0,0.0,5278.0,-0.401,-1.102991,KWT,SYR,6415
1195488,124,212,1027,2016.0,2830318.0,0.0,0.385417,1.139648,LBN,SYR,6415
1195489,162,212,1027,2016.0,221244.0,0.0,1.132192,1.412512,NLD,SYR,6415
1195490,163,212,1027,2016.0,105570.0,0.0,0.664183,0.206877,NOR,SYR,6415
1195491,179,212,1027,2016.0,4449923.0,0.0,0.661961,2.108517,PRT,SYR,6415
1195492,186,212,1027,2016.0,174677.0,0.0,0.086009,0.300039,RUS,SYR,6415
1195493,188,212,1027,2016.0,227760.0,0.0,0.00286,-0.764602,SAU,SYR,6415
1195494,192,212,1027,2016.0,986915.0,0.0,2.0149340000000002,0.613009,SGP,SYR,6415
1195495,224,212,1027,2016.0,804157.0,0.0,0.460247,2.3790400000000003,TUR,SYR,6415
1195496,249,212,1027,2016.0,9441.0,0.0,2.028455,1.271167,TWN,SYR,6415
1195497,19,215,1027,2016.0,0.0,2617.0,-0.863777,-0.913193,BEN,TGO,6415
1195498,32,215,1027,2016.0,315268.0,0.0,0.284988,1.031028,BRA,TGO,6415
1195499,43,215,1027,2016.0,403395.0,0.0,1.249079,1.151045,CHN,TGO,6415
1195500,61,215,1027,2016.0,2036.0,0.0,2.307429,-2.341644,DEU,TGO,6415
1195501,71,215,1027,2016.0,202461.0,0.0,0.795006,2.203292,ESP,TGO,6415
1195502,77,215,1027,2016.0,217870.0,0.0,1.490723,0.8471559999999999,FRA,TGO,6415
1195503,103,215,1027,2016.0,4902145.0,0.0,-0.013630000000000001,1.744404,IDN,TGO,6415
1195504,104,215,1027,2016.0,178131.0,0.0,0.223813,2.787547,IND,TGO,6415
1195505,111,215,1027,2016.0,2587.0,0.0,1.461526,0.316891,ITA,TGO,6415
1195506,124,215,1027,2016.0,3273.0,0.0,0.385417,1.139648,LBN,TGO,6415
1195507,159,215,1027,2016.0,0.0,143802.0,-1.7380830000000003,-1.306938,NGA,TGO,6415
1195508,177,215,1027,2016.0,205731.0,0.0,1.1068959999999999,1.226985,POL,TGO,6415
1195509,179,215,1027,2016.0,275858.0,0.0,0.661961,2.108517,PRT,TGO,6415
1195510,208,215,1027,2016.0,8971.0,0.0,1.731295,0.679562,SWE,TGO,6415
1195511,216,215,1027,2016.0,488845.0,0.0,1.3075860000000001,1.151426,THA,TGO,6415
1195512,246,215,1027,2016.0,391292.0,0.0,-0.029618000000000002,1.426834,ZAF,TGO,6415
1195513,13,222,1027,2016.0,0.0,2897.0,0.141771,-0.503847,ATG,TTO,6415
1195514,14,222,1027,2016.0,13585.0,0.0,-0.585613,-0.245365,AUS,TTO,6415
1195515,18,222,1027,2016.0,102110.0,0.0,1.2947110000000002,1.113058,BEL,TTO,6415
1195516,29,222,1027,2016.0,0.0,21256.0,-0.460532,-0.6068899999999999,BLZ,TTO,6415
1195517,32,222,1027,2016.0,7410542.0,0.0,0.284988,1.031028,BRA,TTO,6415
1195518,33,222,1027,2016.0,1120.0,7725.0,0.598214,0.054758,BRB,TTO,6415
1195519,39,222,1027,2016.0,1428392.0,0.0,0.541041,1.328065,CAN,TTO,6415
1195520,43,222,1027,2016.0,1123346.0,0.0,1.249079,1.151045,CHN,TTO,6415
1195521,49,222,1027,2016.0,127699.0,0.0,-0.040341,-0.20957699999999999,COL,TTO,6415
1195522,61,222,1027,2016.0,910499.0,0.0,2.307429,-2.341644,DEU,TTO,6415
1195523,65,222,1027,2016.0,20089.0,153100.0,-0.26926500000000003,0.046345,DOM,TTO,6415
1195524,71,222,1027,2016.0,4495.0,0.0,0.795006,2.203292,ESP,TTO,6415
1195525,81,222,1027,2016.0,183720.0,0.0,1.569616,1.048129,GBR,TTO,6415
1195526,90,222,1027,2016.0,26395.0,0.0,0.053899,1.1259709999999998,GRC,TTO,6415
1195527,91,222,1027,2016.0,0.0,57562.0,1.002307,-0.011001,GRD,TTO,6415
1195528,96,222,1027,2016.0,2089.0,91457.0,-0.496113,-0.817237,GUY,TTO,6415
1195529,103,222,1027,2016.0,210376.0,0.0,-0.013630000000000001,1.744404,IDN,TTO,6415
1195530,111,222,1027,2016.0,208951.0,0.0,1.461526,0.316891,ITA,TTO,6415
1195531,112,222,1027,2016.0,0.0,474266.0,-0.25619400000000003,-0.62326,JAM,TTO,6415
1195532,120,222,1027,2016.0,0.0,7124.0,0.8190890000000001,-0.24463400000000002,KNA,TTO,6415
1195533,127,222,1027,2016.0,0.0,74052.0,0.585987,-0.298057,LCA,TTO,6415
1195534,153,222,1027,2016.0,3117.0,0.0,1.091156,0.8383370000000001,MYS,TTO,6415
1195535,162,222,1027,2016.0,34020.0,0.0,1.132192,1.412512,NLD,TTO,6415
1195536,169,222,1027,2016.0,25927.0,0.0,0.731258,0.649917,PAN,TTO,6415
1195537,177,222,1027,2016.0,231255.0,0.0,1.1068959999999999,1.226985,POL,TTO,6415
1195538,179,222,1027,2016.0,440233.0,0.0,0.661961,2.108517,PRT,TTO,6415
1195539,205,222,1027,2016.0,0.0,38335.0,-0.41257200000000005,-1.0434780000000001,SUR,TTO,6415
1195540,216,222,1027,2016.0,16102.0,0.0,1.3075860000000001,1.151426,THA,TTO,6415
1195541,231,222,1027,2016.0,3073181.0,0.0,1.6991900000000002,-0.146044,USA,TTO,6415
1195542,234,222,1027,2016.0,0.0,21436.0,-0.15301099999999998,-0.789267,VCT,TTO,6415
1195543,7,226,1027,2016.0,73373.0,0.0,-0.019275,-0.18309,ARE,TZA,6415
1195544,14,226,1027,2016.0,12503.0,0.0,-0.585613,-0.245365,AUS,TZA,6415
1195545,15,226,1027,2016.0,52810.0,0.0,1.743944,-0.051155,AUT,TZA,6415
1195546,17,226,1027,2016.0,0.0,10617.0,-0.761608,-0.959908,BDI,TZA,6415
1195547,18,226,1027,2016.0,172027.0,0.0,1.2947110000000002,1.113058,BEL,TZA,6415
1195548,32,226,1027,2016.0,2564.0,0.0,0.284988,1.031028,BRA,TZA,6415
1195549,43,226,1027,2016.0,3190759.0,0.0,1.249079,1.151045,CHN,TZA,6415
1195550,50,226,1027,2016.0,0.0,1188.0,-0.895766,-0.9886799999999999,COM,TZA,6415
1195551,61,226,1027,2016.0,223237.0,0.0,2.307429,-2.341644,DEU,TZA,6415
1195552,71,226,1027,2016.0,1313352.0,0.0,0.795006,2.203292,ESP,TZA,6415
1195553,74,226,1027,2016.0,130761.0,0.0,1.621764,1.026393,FIN,TZA,6415
1195554,77,226,1027,2016.0,47943.0,0.0,1.490723,0.8471559999999999,FRA,TZA,6415
1195555,81,226,1027,2016.0,107194.0,0.0,1.569616,1.048129,GBR,TZA,6415
1195556,97,226,1027,2016.0,27257.0,0.0,0.877619,1.0765790000000002,HKG,TZA,6415
1195557,103,226,1027,2016.0,3325747.0,0.0,-0.013630000000000001,1.744404,IDN,TZA,6415
1195558,104,226,1027,2016.0,4555790.0,0.0,0.223813,2.787547,IND,TZA,6415
1195559,111,226,1027,2016.0,25245.0,0.0,1.461526,0.316891,ITA,TZA,6415
1195560,114,226,1027,2016.0,28850.0,0.0,2.550074,-0.479725,JPN,TZA,6415
1195561,116,226,1027,2016.0,41154.0,6988.0,-0.483554,0.25645,KEN,TZA,6415
1195562,121,226,1027,2016.0,8487.0,0.0,2.1686389999999998,0.798808,KOR,TZA,6415
1195563,147,226,1027,2016.0,50805.0,0.0,-1.207606,-1.0223879999999999,MOZ,TZA,6415
1195564,151,226,1027,2016.0,5023.0,0.0,-0.334969,0.005404,MUS,TZA,6415
1195565,152,226,1027,2016.0,0.0,63398.0,-0.969781,-1.042325,MWI,TZA,6415
1195566,155,226,1027,2016.0,1128.0,0.0,-0.506252,-0.8029350000000001,NAM,TZA,6415
1195567,162,226,1027,2016.0,20290.0,0.0,1.132192,1.412512,NLD,TZA,6415
1195568,177,226,1027,2016.0,41125.0,0.0,1.1068959999999999,1.226985,POL,TZA,6415
1195569,179,226,1027,2016.0,344700.0,0.0,0.661961,2.108517,PRT,TZA,6415
1195570,186,226,1027,2016.0,79055.0,0.0,0.086009,0.300039,RUS,TZA,6415
1195571,187,226,1027,2016.0,0.0,3916.0,-0.57693,-0.476909,RWA,TZA,6415
1195572,188,226,1027,2016.0,396279.0,0.0,0.00286,-0.764602,SAU,TZA,6415
1195573,192,226,1027,2016.0,208673.0,0.0,2.0149340000000002,0.613009,SGP,TZA,6415
1195574,208,226,1027,2016.0,110879.0,0.0,1.731295,0.679562,SWE,TZA,6415
1195575,216,226,1027,2016.0,2551144.0,0.0,1.3075860000000001,1.151426,THA,TZA,6415
1195576,224,226,1027,2016.0,25406.0,0.0,0.460247,2.3790400000000003,TUR,TZA,6415
1195577,231,226,1027,2016.0,910561.0,0.0,1.6991900000000002,-0.146044,USA,TZA,6415
1195578,246,226,1027,2016.0,12180455.0,0.0,-0.029618000000000002,1.426834,ZAF,TZA,6415
1195579,7,227,1027,2016.0,87319.0,0.0,-0.019275,-0.18309,ARE,UGA,6415
1195580,14,227,1027,2016.0,71039.0,0.0,-0.585613,-0.245365,AUS,UGA,6415
1195581,15,227,1027,2016.0,35460.0,0.0,1.743944,-0.051155,AUT,UGA,6415
1195582,17,227,1027,2016.0,0.0,86143.0,-0.761608,-0.959908,BDI,UGA,6415
1195583,18,227,1027,2016.0,83926.0,0.0,1.2947110000000002,1.113058,BEL,UGA,6415
1195584,32,227,1027,2016.0,133649.0,0.0,0.284988,1.031028,BRA,UGA,6415
1195585,39,227,1027,2016.0,51829.0,0.0,0.541041,1.328065,CAN,UGA,6415
1195586,43,227,1027,2016.0,493105.0,0.0,1.249079,1.151045,CHN,UGA,6415
1195587,46,227,1027,2016.0,0.0,191601.0,-1.093544,-1.126599,COD,UGA,6415
1195588,61,227,1027,2016.0,149875.0,0.0,2.307429,-2.341644,DEU,UGA,6415
1195589,64,227,1027,2016.0,4268.0,0.0,1.0572629999999998,1.4157540000000002,DNK,UGA,6415
1195590,68,227,1027,2016.0,437159.0,0.0,-0.202127,1.9342419999999998,EGY,UGA,6415
1195591,71,227,1027,2016.0,288711.0,0.0,0.795006,2.203292,ESP,UGA,6415
1195592,74,227,1027,2016.0,52341.0,0.0,1.621764,1.026393,FIN,UGA,6415
1195593,77,227,1027,2016.0,611236.0,0.0,1.490723,0.8471559999999999,FRA,UGA,6415
1195594,81,227,1027,2016.0,94055.0,0.0,1.569616,1.048129,GBR,UGA,6415
1195595,97,227,1027,2016.0,8859.0,0.0,0.877619,1.0765790000000002,HKG,UGA,6415
1195596,103,227,1027,2016.0,104347.0,0.0,-0.013630000000000001,1.744404,IDN,UGA,6415
1195597,104,227,1027,2016.0,5146504.0,0.0,0.223813,2.787547,IND,UGA,6415
1195598,110,227,1027,2016.0,50806.0,0.0,0.9932219999999999,0.7518819999999999,ISR,UGA,6415
1195599,111,227,1027,2016.0,19015.0,0.0,1.461526,0.316891,ITA,UGA,6415
1195600,116,227,1027,2016.0,759323.0,75853.0,-0.483554,0.25645,KEN,UGA,6415
1195601,121,227,1027,2016.0,54424.0,0.0,2.1686389999999998,0.798808,KOR,UGA,6415
1195602,162,227,1027,2016.0,80710.0,0.0,1.132192,1.412512,NLD,UGA,6415
1195603,163,227,1027,2016.0,36261.0,0.0,0.664183,0.206877,NOR,UGA,6415
1195604,177,227,1027,2016.0,26021.0,0.0,1.1068959999999999,1.226985,POL,UGA,6415
1195605,179,227,1027,2016.0,391623.0,0.0,0.661961,2.108517,PRT,UGA,6415
1195606,186,227,1027,2016.0,197568.0,0.0,0.086009,0.300039,RUS,UGA,6415
1195607,187,227,1027,2016.0,0.0,91371.0,-0.57693,-0.476909,RWA,UGA,6415
1195608,188,227,1027,2016.0,2061136.0,0.0,0.00286,-0.764602,SAU,UGA,6415
1195609,192,227,1027,2016.0,91074.0,0.0,2.0149340000000002,0.613009,SGP,UGA,6415
1195610,202,227,1027,2016.0,12595.0,661313.0,-2.186642,-1.0627790000000001,SSD,UGA,6415
1195611,208,227,1027,2016.0,141800.0,0.0,1.731295,0.679562,SWE,UGA,6415
1195612,216,227,1027,2016.0,269383.0,0.0,1.3075860000000001,1.151426,THA,UGA,6415
1195613,224,227,1027,2016.0,7497.0,0.0,0.460247,2.3790400000000003,TUR,UGA,6415
1195614,231,227,1027,2016.0,37255.0,0.0,1.6991900000000002,-0.146044,USA,UGA,6415
1195615,246,227,1027,2016.0,3348403.0,0.0,-0.029618000000000002,1.426834,ZAF,UGA,6415
1195616,249,227,1027,2016.0,44707.0,0.0,2.028455,1.271167,TWN,UGA,6415
1195617,52,237,1027,2016.0,0.0,19514.0,0.28594400000000003,0.131024,CRI,VGB,6415
1195618,61,237,1027,2016.0,37321.0,0.0,2.307429,-2.341644,DEU,VGB,6415
1195619,208,237,1027,2016.0,223417.0,0.0,1.731295,0.679562,SWE,VGB,6415
1195620,231,237,1027,2016.0,52039.0,0.0,1.6991900000000002,-0.146044,USA,VGB,6415
1195621,14,240,1027,2016.0,10186.0,0.0,-0.585613,-0.245365,AUS,VUT,6415
1195622,43,240,1027,2016.0,66389.0,0.0,1.249079,1.151045,CHN,VUT,6415
1195623,75,240,1027,2016.0,130033.0,0.0,-0.370598,0.049875,FJI,VUT,6415
1195624,97,240,1027,2016.0,6771.0,0.0,0.877619,1.0765790000000002,HKG,VUT,6415
1195625,103,240,1027,2016.0,51256.0,0.0,-0.013630000000000001,1.744404,IDN,VUT,6415
1195626,166,240,1027,2016.0,5078.0,0.0,0.093306,0.194895,NZL,VUT,6415
1195627,192,240,1027,2016.0,88059.0,0.0,2.0149340000000002,0.613009,SGP,VUT,6415
1195628,216,240,1027,2016.0,114652.0,0.0,1.3075860000000001,1.151426,THA,VUT,6415
1195629,7,247,1027,2016.0,35671.0,0.0,-0.019275,-0.18309,ARE,ZMB,6415
1195630,15,247,1027,2016.0,3538.0,0.0,1.743944,-0.051155,AUT,ZMB,6415
1195631,43,247,1027,2016.0,191771.0,0.0,1.249079,1.151045,CHN,ZMB,6415
1195632,46,247,1027,2016.0,0.0,20777.0,-1.093544,-1.126599,COD,ZMB,6415
1195633,61,247,1027,2016.0,209383.0,0.0,2.307429,-2.341644,DEU,ZMB,6415
1195634,81,247,1027,2016.0,38265.0,0.0,1.569616,1.048129,GBR,ZMB,6415
1195635,97,247,1027,2016.0,8381.0,0.0,0.877619,1.0765790000000002,HKG,ZMB,6415
1195636,103,247,1027,2016.0,4268.0,0.0,-0.013630000000000001,1.744404,IDN,ZMB,6415
1195637,104,247,1027,2016.0,285351.0,0.0,0.223813,2.787547,IND,ZMB,6415
1195638,151,247,1027,2016.0,6078.0,0.0,-0.334969,0.005404,MUS,ZMB,6415
1195639,152,247,1027,2016.0,17943.0,0.0,-0.969781,-1.042325,MWI,ZMB,6415
1195640,159,247,1027,2016.0,3572.0,0.0,-1.7380830000000003,-1.306938,NGA,ZMB,6415
1195641,162,247,1027,2016.0,21772.0,0.0,1.132192,1.412512,NLD,ZMB,6415
1195642,177,247,1027,2016.0,7859.0,0.0,1.1068959999999999,1.226985,POL,ZMB,6415
1195643,208,247,1027,2016.0,152036.0,0.0,1.731295,0.679562,SWE,ZMB,6415
1195644,216,247,1027,2016.0,12813.0,0.0,1.3075860000000001,1.151426,THA,ZMB,6415
1195645,246,247,1027,2016.0,12609410.0,0.0,-0.029618000000000002,1.426834,ZAF,ZMB,6415
1195646,248,247,1027,2016.0,6286.0,0.0,-0.960175,-1.004593,ZWE,ZMB,6415
1195647,5,248,1027,2016.0,22449.0,0.0,1.0634370000000002,0.7151069999999999,AND,ZWE,6415
1195648,7,248,1027,2016.0,1776.0,0.0,-0.019275,-0.18309,ARE,ZWE,6415
1195649,43,248,1027,2016.0,100726.0,0.0,1.249079,1.151045,CHN,ZWE,6415
1195650,46,248,1027,2016.0,0.0,6744.0,-1.093544,-1.126599,COD,ZWE,6415
1195651,71,248,1027,2016.0,106566.0,0.0,0.795006,2.203292,ESP,ZWE,6415
1195652,81,248,1027,2016.0,108890.0,0.0,1.569616,1.048129,GBR,ZWE,6415
1195653,97,248,1027,2016.0,60055.0,0.0,0.877619,1.0765790000000002,HKG,ZWE,6415
1195654,103,248,1027,2016.0,27086.0,0.0,-0.013630000000000001,1.744404,IDN,ZWE,6415
1195655,104,248,1027,2016.0,2473.0,0.0,0.223813,2.787547,IND,ZWE,6415
1195656,110,248,1027,2016.0,60955.0,0.0,0.9932219999999999,0.7518819999999999,ISR,ZWE,6415
1195657,121,248,1027,2016.0,6883.0,0.0,2.1686389999999998,0.798808,KOR,ZWE,6415
1195658,151,248,1027,2016.0,10767.0,0.0,-0.334969,0.005404,MUS,ZWE,6415
1195659,162,248,1027,2016.0,1635.0,0.0,1.132192,1.412512,NLD,ZWE,6415
1195660,179,248,1027,2016.0,1301.0,0.0,0.661961,2.108517,PRT,ZWE,6415
1195661,192,248,1027,2016.0,20469.0,0.0,2.0149340000000002,0.613009,SGP,ZWE,6415
1195662,216,248,1027,2016.0,27175.0,0.0,1.3075860000000001,1.151426,THA,ZWE,6415
1195663,246,248,1027,2016.0,21524066.0,0.0,-0.029618000000000002,1.426834,ZAF,ZWE,6415
1195664,247,248,1027,2016.0,0.0,6286.0,-0.9308350000000001,-1.029968,ZMB,ZWE,6415
1195665,7,9,1027,2016.0,24867.0,0.0,-0.019275,-0.18309,ARE,ARM,6415
1195666,15,9,1027,2016.0,1342075.0,0.0,1.743944,-0.051155,AUT,ARM,6415
1195667,18,9,1027,2016.0,1180.0,0.0,1.2947110000000002,1.113058,BEL,ARM,6415
1195668,23,9,1027,2016.0,2766.0,0.0,0.509062,1.804648,BGR,ARM,6415
1195669,28,9,1027,2016.0,616969.0,0.0,0.879499,0.897567,BLR,ARM,6415
1195670,43,9,1027,2016.0,419979.0,0.0,1.249079,1.151045,CHN,ARM,6415
1195671,59,9,1027,2016.0,1712.0,0.0,1.818585,0.341356,CZE,ARM,6415
1195672,61,9,1027,2016.0,20103.0,0.0,2.307429,-2.341644,DEU,ARM,6415
1195673,68,9,1027,2016.0,2448.0,0.0,-0.202127,1.9342419999999998,EGY,ARM,6415
1195674,71,9,1027,2016.0,2524.0,0.0,0.795006,2.203292,ESP,ARM,6415
1195675,74,9,1027,2016.0,33152.0,0.0,1.621764,1.026393,FIN,ARM,6415
1195676,77,9,1027,2016.0,11384.0,0.0,1.490723,0.8471559999999999,FRA,ARM,6415
1195677,81,9,1027,2016.0,11223.0,0.0,1.569616,1.048129,GBR,ARM,6415
1195678,82,9,1027,2016.0,149128.0,0.0,-0.269579,-0.317608,GEO,ARM,6415
1195679,102,9,1027,2016.0,9265.0,0.0,1.7056069999999999,0.788768,HUN,ARM,6415
1195680,103,9,1027,2016.0,94284.0,0.0,-0.013630000000000001,1.744404,IDN,ARM,6415
1195681,104,9,1027,2016.0,10407.0,0.0,0.223813,2.787547,IND,ARM,6415
1195682,107,9,1027,2016.0,110640.0,0.0,-0.408637,-0.340544,IRN,ARM,6415
1195683,111,9,1027,2016.0,962127.0,0.0,1.461526,0.316891,ITA,ARM,6415
1195684,115,9,1027,2016.0,10573.0,12053.0,-0.467305,-0.475451,KAZ,ARM,6415
1195685,121,9,1027,2016.0,20935.0,0.0,2.1686389999999998,0.798808,KOR,ARM,6415
1195686,130,9,1027,2016.0,2450.0,0.0,0.6319130000000001,1.538765,LTU,ARM,6415
1195687,132,9,1027,2016.0,2932.0,0.0,0.46748199999999995,1.228024,LVA,ARM,6415
1195688,162,9,1027,2016.0,2673.0,0.0,1.132192,1.412512,NLD,ARM,6415
1195689,177,9,1027,2016.0,158029.0,0.0,1.1068959999999999,1.226985,POL,ARM,6415
1195690,179,9,1027,2016.0,275631.0,0.0,0.661961,2.108517,PRT,ARM,6415
1195691,186,9,1027,2016.0,3333994.0,0.0,0.086009,0.300039,RUS,ARM,6415
1195692,208,9,1027,2016.0,19222.0,0.0,1.731295,0.679562,SWE,ARM,6415
1195693,216,9,1027,2016.0,90051.0,0.0,1.3075860000000001,1.151426,THA,ARM,6415
1195694,224,9,1027,2016.0,2128.0,0.0,0.460247,2.3790400000000003,TUR,ARM,6415
1195695,228,9,1027,2016.0,96625.0,0.0,0.240605,0.827153,UKR,ARM,6415
1195696,231,9,1027,2016.0,10275.0,0.0,1.6991900000000002,-0.146044,USA,ARM,6415
1195697,250,9,1027,2016.0,6600.0,0.0,0.608271,-0.007568000000000001,ANS,ARM,6415
1195698,32,13,1027,2016.0,47597.0,0.0,0.284988,1.031028,BRA,ATG,6415
1195699,33,13,1027,2016.0,6459.0,0.0,0.598214,0.054758,BRB,ATG,6415
1195700,43,13,1027,2016.0,1476.0,0.0,1.249079,1.151045,CHN,ATG,6415
1195701,81,13,1027,2016.0,1070.0,0.0,1.569616,1.048129,GBR,ATG,6415
1195702,111,13,1027,2016.0,9241.0,0.0,1.461526,0.316891,ITA,ATG,6415
1195703,222,13,1027,2016.0,2897.0,0.0,-0.184575,-0.9999889999999999,TTO,ATG,6415
1195704,231,13,1027,2016.0,232445.0,0.0,1.6991900000000002,-0.146044,USA,ATG,6415
1195705,250,13,1027,2016.0,2953.0,0.0,0.608271,-0.007568000000000001,ANS,ATG,6415
1195706,33,91,1027,2016.0,70883.0,0.0,0.598214,0.054758,BRB,GRD,6415
1195707,43,91,1027,2016.0,12298.0,0.0,1.249079,1.151045,CHN,GRD,6415
1195708,111,91,1027,2016.0,9761.0,0.0,1.461526,0.316891,ITA,GRD,6415
1195709,112,91,1027,2016.0,5079.0,0.0,-0.25619400000000003,-0.62326,JAM,GRD,6415
1195710,222,91,1027,2016.0,57562.0,0.0,-0.184575,-0.9999889999999999,TTO,GRD,6415
1195711,231,91,1027,2016.0,71166.0,0.0,1.6991900000000002,-0.146044,USA,GRD,6415
1195712,15,96,1027,2016.0,36537.0,0.0,1.743944,-0.051155,AUT,GUY,6415
1195713,32,96,1027,2016.0,155940.0,0.0,0.284988,1.031028,BRA,GUY,6415
1195714,39,96,1027,2016.0,106274.0,0.0,0.541041,1.328065,CAN,GUY,6415
1195715,43,96,1027,2016.0,185714.0,0.0,1.249079,1.151045,CHN,GUY,6415
1195716,97,96,1027,2016.0,14827.0,0.0,0.877619,1.0765790000000002,HKG,GUY,6415
1195717,103,96,1027,2016.0,30208.0,0.0,-0.013630000000000001,1.744404,IDN,GUY,6415
1195718,104,96,1027,2016.0,23292.0,0.0,0.223813,2.787547,IND,GUY,6415
1195719,111,96,1027,2016.0,19236.0,0.0,1.461526,0.316891,ITA,GUY,6415
1195720,112,96,1027,2016.0,4786.0,0.0,-0.25619400000000003,-0.62326,JAM,GUY,6415
1195721,162,96,1027,2016.0,82264.0,0.0,1.132192,1.412512,NLD,GUY,6415
1195722,169,96,1027,2016.0,22853.0,0.0,0.731258,0.649917,PAN,GUY,6415
1195723,177,96,1027,2016.0,6307.0,0.0,1.1068959999999999,1.226985,POL,GUY,6415
1195724,205,96,1027,2016.0,2581.0,0.0,-0.41257200000000005,-1.0434780000000001,SUR,GUY,6415
1195725,216,96,1027,2016.0,77877.0,0.0,1.3075860000000001,1.151426,THA,GUY,6415
1195726,222,96,1027,2016.0,91457.0,2089.0,-0.184575,-0.9999889999999999,TTO,GUY,6415
1195727,231,96,1027,2016.0,484463.0,160524.0,1.6991900000000002,-0.146044,USA,GUY,6415
1195728,249,96,1027,2016.0,2870.0,0.0,2.028455,1.271167,TWN,GUY,6415
1195729,32,127,1027,2016.0,25463.0,0.0,0.284988,1.031028,BRA,LCA,6415
1195730,33,127,1027,2016.0,58832.0,11148.0,0.598214,0.054758,BRB,LCA,6415
1195731,43,127,1027,2016.0,7849.0,0.0,1.249079,1.151045,CHN,LCA,6415
1195732,77,127,1027,2016.0,28923.0,0.0,1.490723,0.8471559999999999,FRA,LCA,6415
1195733,81,127,1027,2016.0,10751.0,0.0,1.569616,1.048129,GBR,LCA,6415
1195734,138,127,1027,2016.0,10878.0,0.0,1.393506,0.64152,MEX,LCA,6415
1195735,222,127,1027,2016.0,74052.0,0.0,-0.184575,-0.9999889999999999,TTO,LCA,6415
1195736,231,127,1027,2016.0,1311037.0,327827.0,1.6991900000000002,-0.146044,USA,LCA,6415
1195737,250,127,1027,2016.0,5748.0,0.0,0.608271,-0.007568000000000001,ANS,LCA,6415
1195738,32,51,1027,2016.0,78244.0,0.0,0.284988,1.031028,BRA,CPV,6415
1195739,43,51,1027,2016.0,10292.0,0.0,1.249079,1.151045,CHN,CPV,6415
1195740,71,51,1027,2016.0,31249.0,0.0,0.795006,2.203292,ESP,CPV,6415
1195741,77,51,1027,2016.0,13404.0,0.0,1.490723,0.8471559999999999,FRA,CPV,6415
1195742,102,51,1027,2016.0,6102.0,0.0,1.7056069999999999,0.788768,HUN,CPV,6415
1195743,106,51,1027,2016.0,1487.0,0.0,1.320777,0.057924,IRL,CPV,6415
1195744,111,51,1027,2016.0,36254.0,0.0,1.461526,0.316891,ITA,CPV,6415
1195745,162,51,1027,2016.0,3701.0,0.0,1.132192,1.412512,NLD,CPV,6415
1195746,179,51,1027,2016.0,926222.0,0.0,0.661961,2.108517,PRT,CPV,6415
1195747,192,51,1027,2016.0,8791.0,0.0,2.0149340000000002,0.613009,SGP,CPV,6415
1195748,32,57,1027,2016.0,60663900.0,0.0,0.284988,1.031028,BRA,CYM,6415
1195749,33,57,1027,2016.0,9889.0,0.0,0.598214,0.054758,BRB,CYM,6415
1195750,81,57,1027,2016.0,10770.0,0.0,1.569616,1.048129,GBR,CYM,6415
1195751,112,57,1027,2016.0,60566.0,0.0,-0.25619400000000003,-0.62326,JAM,CYM,6415
1195752,231,57,1027,2016.0,421609.0,0.0,1.6991900000000002,-0.146044,USA,CYM,6415
1195753,81,76,1027,2016.0,52044.0,0.0,1.569616,1.048129,GBR,FLK,6415
1195754,64,92,1027,2016.0,358598.0,0.0,1.0572629999999998,1.4157540000000002,DNK,GRL,6415
1195755,81,92,1027,2016.0,1938.0,0.0,1.569616,1.048129,GBR,GRL,6415
1195756,162,92,1027,2016.0,5237.0,0.0,1.132192,1.412512,NLD,GRL,6415
1195757,177,92,1027,2016.0,1508.0,0.0,1.1068959999999999,1.226985,POL,GRL,6415
1195758,7,126,1027,2016.0,441675.0,0.0,-0.019275,-0.18309,ARE,LBY,6415
1195759,18,126,1027,2016.0,10950.0,0.0,1.2947110000000002,1.113058,BEL,LBY,6415
1195760,32,126,1027,2016.0,124368.0,0.0,0.284988,1.031028,BRA,LBY,6415
1195761,43,126,1027,2016.0,1278486.0,0.0,1.249079,1.151045,CHN,LBY,6415
1195762,61,126,1027,2016.0,3420.0,0.0,2.307429,-2.341644,DEU,LBY,6415
1195763,68,126,1027,2016.0,628668.0,0.0,-0.202127,1.9342419999999998,EGY,LBY,6415
1195764,77,126,1027,2016.0,1021350.0,0.0,1.490723,0.8471559999999999,FRA,LBY,6415
1195765,103,126,1027,2016.0,495183.0,0.0,-0.013630000000000001,1.744404,IDN,LBY,6415
1195766,104,126,1027,2016.0,14417.0,0.0,0.223813,2.787547,IND,LBY,6415
1195767,111,126,1027,2016.0,214000.0,0.0,1.461526,0.316891,ITA,LBY,6415
1195768,113,126,1027,2016.0,16604.0,0.0,0.100333,0.020786000000000002,JOR,LBY,6415
1195769,121,126,1027,2016.0,35895.0,0.0,2.1686389999999998,0.798808,KOR,LBY,6415
1195770,140,126,1027,2016.0,49577.0,0.0,-0.249664,-0.338412,MKD,LBY,6415
1195771,142,126,1027,2016.0,1751.0,0.0,0.981182,-0.029401999999999998,MLT,LBY,6415
1195772,162,126,1027,2016.0,368474.0,0.0,1.132192,1.412512,NLD,LBY,6415
1195773,177,126,1027,2016.0,17469.0,0.0,1.1068959999999999,1.226985,POL,LBY,6415
1195774,179,126,1027,2016.0,121442.0,0.0,0.661961,2.108517,PRT,LBY,6415
1195775,188,126,1027,2016.0,161347.0,0.0,0.00286,-0.764602,SAU,LBY,6415
1195776,192,126,1027,2016.0,132409.0,0.0,2.0149340000000002,0.613009,SGP,LBY,6415
1195777,206,126,1027,2016.0,40770.0,0.0,1.446588,0.811076,SVK,LBY,6415
1195778,207,126,1027,2016.0,151764.0,0.0,1.7056200000000001,0.630058,SVN,LBY,6415
1195779,208,126,1027,2016.0,51858.0,0.0,1.731295,0.679562,SWE,LBY,6415
1195780,216,126,1027,2016.0,524104.0,0.0,1.3075860000000001,1.151426,THA,LBY,6415
1195781,223,126,1027,2016.0,245555.0,0.0,0.27537399999999995,0.9474239999999999,TUN,LBY,6415
1195782,224,126,1027,2016.0,1343283.0,0.0,0.460247,2.3790400000000003,TUR,LBY,6415
1195783,249,126,1027,2016.0,245266.0,0.0,2.028455,1.271167,TWN,LBY,6415
1195784,15,135,1027,2016.0,220410.0,0.0,1.743944,-0.051155,AUT,MDA,6415
1195785,18,135,1027,2016.0,8797.0,0.0,1.2947110000000002,1.113058,BEL,MDA,6415
1195786,23,135,1027,2016.0,78954.0,2744.0,0.509062,1.804648,BGR,MDA,6415
1195787,28,135,1027,2016.0,276635.0,13934.0,0.879499,0.897567,BLR,MDA,6415
1195788,43,135,1027,2016.0,28007.0,0.0,1.249079,1.151045,CHN,MDA,6415
1195789,59,135,1027,2016.0,775398.0,18372.0,1.818585,0.341356,CZE,MDA,6415
1195790,61,135,1027,2016.0,78171.0,0.0,2.307429,-2.341644,DEU,MDA,6415
1195791,64,135,1027,2016.0,2622.0,0.0,1.0572629999999998,1.4157540000000002,DNK,MDA,6415
1195792,71,135,1027,2016.0,23463.0,0.0,0.795006,2.203292,ESP,MDA,6415
1195793,74,135,1027,2016.0,559139.0,0.0,1.621764,1.026393,FIN,MDA,6415
1195794,77,135,1027,2016.0,68091.0,0.0,1.490723,0.8471559999999999,FRA,MDA,6415
1195795,81,135,1027,2016.0,2969.0,0.0,1.569616,1.048129,GBR,MDA,6415
1195796,103,135,1027,2016.0,50719.0,0.0,-0.013630000000000001,1.744404,IDN,MDA,6415
1195797,111,135,1027,2016.0,670031.0,51245.0,1.461526,0.316891,ITA,MDA,6415
1195798,117,135,1027,2016.0,0.0,1394.0,0.20501100000000003,0.657593,KGZ,MDA,6415
1195799,130,135,1027,2016.0,10909.0,0.0,0.6319130000000001,1.538765,LTU,MDA,6415
1195800,132,135,1027,2016.0,44552.0,0.0,0.46748199999999995,1.228024,LVA,MDA,6415
1195801,162,135,1027,2016.0,23702.0,0.0,1.132192,1.412512,NLD,MDA,6415
1195802,177,135,1027,2016.0,126948.0,0.0,1.1068959999999999,1.226985,POL,MDA,6415
1195803,179,135,1027,2016.0,5047.0,0.0,0.661961,2.108517,PRT,MDA,6415
1195804,185,135,1027,2016.0,1208859.0,0.0,1.176177,1.093489,ROU,MDA,6415
1195805,186,135,1027,2016.0,4244240.0,0.0,0.086009,0.300039,RUS,MDA,6415
1195806,206,135,1027,2016.0,1182910.0,0.0,1.446588,0.811076,SVK,MDA,6415
1195807,207,135,1027,2016.0,93431.0,0.0,1.7056200000000001,0.630058,SVN,MDA,6415
1195808,208,135,1027,2016.0,6893.0,0.0,1.731295,0.679562,SWE,MDA,6415
1195809,216,135,1027,2016.0,1718.0,0.0,1.3075860000000001,1.151426,THA,MDA,6415
1195810,224,135,1027,2016.0,84051.0,0.0,0.460247,2.3790400000000003,TUR,MDA,6415
1195811,228,135,1027,2016.0,927070.0,6341.0,0.240605,0.827153,UKR,MDA,6415
1195812,43,139,1027,2016.0,65499.0,0.0,1.249079,1.151045,CHN,MHL,6415
1195813,166,139,1027,2016.0,1334.0,0.0,0.093306,0.194895,NZL,MHL,6415
1195814,231,139,1027,2016.0,5000.0,0.0,1.6991900000000002,-0.146044,USA,MHL,6415
1195815,249,139,1027,2016.0,6964.0,0.0,2.028455,1.271167,TWN,MHL,6415
1195816,4,140,1027,2016.0,0.0,17604.0,-0.5783550000000001,-0.085516,ALB,MKD,6415
1195817,15,140,1027,2016.0,367991.0,0.0,1.743944,-0.051155,AUT,MKD,6415
1195818,18,140,1027,2016.0,3815.0,0.0,1.2947110000000002,1.113058,BEL,MKD,6415
1195819,23,140,1027,2016.0,1069785.0,20156.0,0.509062,1.804648,BGR,MKD,6415
1195820,26,140,1027,2016.0,58151.0,0.0,0.693416,0.8723540000000001,BIH,MKD,6415
1195821,28,140,1027,2016.0,42396.0,0.0,0.879499,0.897567,BLR,MKD,6415
1195822,39,140,1027,2016.0,9390.0,0.0,0.541041,1.328065,CAN,MKD,6415
1195823,41,140,1027,2016.0,1251.0,0.0,2.328616,0.832224,CHE,MKD,6415
1195824,43,140,1027,2016.0,12634.0,0.0,1.249079,1.151045,CHN,MKD,6415
1195825,59,140,1027,2016.0,161926.0,0.0,1.818585,0.341356,CZE,MKD,6415
1195826,61,140,1027,2016.0,2595928.0,0.0,2.307429,-2.341644,DEU,MKD,6415
1195827,71,140,1027,2016.0,102801.0,0.0,0.795006,2.203292,ESP,MKD,6415
1195828,74,140,1027,2016.0,13934.0,0.0,1.621764,1.026393,FIN,MKD,6415
1195829,77,140,1027,2016.0,721761.0,0.0,1.490723,0.8471559999999999,FRA,MKD,6415
1195830,81,140,1027,2016.0,3615.0,0.0,1.569616,1.048129,GBR,MKD,6415
1195831,90,140,1027,2016.0,42352.0,668465.0,0.053899,1.1259709999999998,GRC,MKD,6415
1195832,97,140,1027,2016.0,8641.0,0.0,0.877619,1.0765790000000002,HKG,MKD,6415
1195833,100,140,1027,2016.0,1987217.0,27344.0,0.850619,1.39544,HRV,MKD,6415
1195834,102,140,1027,2016.0,1254607.0,0.0,1.7056069999999999,0.788768,HUN,MKD,6415
1195835,103,140,1027,2016.0,1305.0,0.0,-0.013630000000000001,1.744404,IDN,MKD,6415
1195836,110,140,1027,2016.0,0.0,14884.0,0.9932219999999999,0.7518819999999999,ISR,MKD,6415
1195837,111,140,1027,2016.0,3680758.0,109680.0,1.461526,0.316891,ITA,MKD,6415
1195838,126,140,1027,2016.0,0.0,49577.0,-1.120678,-1.222803,LBY,MKD,6415
1195839,130,140,1027,2016.0,2156.0,0.0,0.6319130000000001,1.538765,LTU,MKD,6415
1195840,134,140,1027,2016.0,0.0,1393.0,-0.648329,-0.14071,MAR,MKD,6415
1195841,162,140,1027,2016.0,53068.0,0.0,1.132192,1.412512,NLD,MKD,6415
1195842,163,140,1027,2016.0,13688.0,0.0,0.664183,0.206877,NOR,MKD,6415
1195843,177,140,1027,2016.0,121841.0,10358.0,1.1068959999999999,1.226985,POL,MKD,6415
1195844,179,140,1027,2016.0,407932.0,16524.0,0.661961,2.108517,PRT,MKD,6415
1195845,185,140,1027,2016.0,356547.0,3181.0,1.176177,1.093489,ROU,MKD,6415
1195846,201,140,1027,2016.0,2733248.0,75534.0,0.608136,1.38132,SRB,MKD,6415
1195847,206,140,1027,2016.0,3044.0,0.0,1.446588,0.811076,SVK,MKD,6415
1195848,207,140,1027,2016.0,1415504.0,14656.0,1.7056200000000001,0.630058,SVN,MKD,6415
1195849,208,140,1027,2016.0,34522.0,0.0,1.731295,0.679562,SWE,MKD,6415
1195850,216,140,1027,2016.0,6108.0,0.0,1.3075860000000001,1.151426,THA,MKD,6415
1195851,224,140,1027,2016.0,758556.0,20685.0,0.460247,2.3790400000000003,TUR,MKD,6415
1195852,228,140,1027,2016.0,250906.0,0.0,0.240605,0.827153,UKR,MKD,6415
1195853,231,140,1027,2016.0,10752.0,0.0,1.6991900000000002,-0.146044,USA,MKD,6415
1195854,15,198,1027,2016.0,90099.0,0.0,1.743944,-0.051155,AUT,SMR,6415
1195855,61,198,1027,2016.0,67879.0,0.0,2.307429,-2.341644,DEU,SMR,6415
1195856,77,198,1027,2016.0,138848.0,0.0,1.490723,0.8471559999999999,FRA,SMR,6415
1195857,81,198,1027,2016.0,25016.0,0.0,1.569616,1.048129,GBR,SMR,6415
1195858,162,198,1027,2016.0,26275.0,0.0,1.132192,1.412512,NLD,SMR,6415
1195859,177,198,1027,2016.0,86599.0,0.0,1.1068959999999999,1.226985,POL,SMR,6415
1195860,179,198,1027,2016.0,82373.0,0.0,0.661961,2.108517,PRT,SMR,6415
1195861,185,198,1027,2016.0,2436.0,5686.0,1.176177,1.093489,ROU,SMR,6415
1195862,206,198,1027,2016.0,331836.0,0.0,1.446588,0.811076,SVK,SMR,6415
1195863,207,198,1027,2016.0,171380.0,0.0,1.7056200000000001,0.630058,SVN,SMR,6415
1195864,208,198,1027,2016.0,642858.0,0.0,1.731295,0.679562,SWE,SMR,6415
1195865,43,175,1027,2016.0,1040.0,0.0,1.249079,1.151045,CHN,PLW,6415
1195866,97,175,1027,2016.0,1881.0,0.0,0.877619,1.0765790000000002,HKG,PLW,6415
1195867,103,175,1027,2016.0,20440.0,0.0,-0.013630000000000001,1.744404,IDN,PLW,6415
1195868,192,175,1027,2016.0,29436.0,0.0,2.0149340000000002,0.613009,SGP,PLW,6415
1195869,231,175,1027,2016.0,11317.0,0.0,1.6991900000000002,-0.146044,USA,PLW,6415
1195870,32,0,1027,2016.0,158478.0,0.0,0.284988,1.031028,BRA,ABW,6415
1195871,42,0,1027,2016.0,1933.0,0.0,-0.162923,-0.20607199999999998,CHL,ABW,6415
1195872,71,0,1027,2016.0,4932.0,0.0,0.795006,2.203292,ESP,ABW,6415
1195873,103,0,1027,2016.0,12918.0,0.0,-0.013630000000000001,1.744404,IDN,ABW,6415
1195874,162,0,1027,2016.0,168047.0,0.0,1.132192,1.412512,NLD,ABW,6415
1195875,169,0,1027,2016.0,8256.0,0.0,0.731258,0.649917,PAN,ABW,6415
1195876,190,0,1027,2016.0,0.0,41045.0,-1.276278,-1.183311,SDN,ABW,6415
1195877,231,0,1027,2016.0,472377.0,0.0,1.6991900000000002,-0.146044,USA,ABW,6415
1195878,250,0,1027,2016.0,374306.0,0.0,0.608271,-0.007568000000000001,ANS,ABW,6415
1195879,15,4,1027,2016.0,147035.0,0.0,1.743944,-0.051155,AUT,ALB,6415
1195880,18,4,1027,2016.0,2764.0,0.0,1.2947110000000002,1.113058,BEL,ALB,6415
1195881,23,4,1027,2016.0,147898.0,0.0,0.509062,1.804648,BGR,ALB,6415
1195882,26,4,1027,2016.0,211446.0,0.0,0.693416,0.8723540000000001,BIH,ALB,6415
1195883,32,4,1027,2016.0,124031.0,0.0,0.284988,1.031028,BRA,ALB,6415
1195884,41,4,1027,2016.0,300400.0,0.0,2.328616,0.832224,CHE,ALB,6415
1195885,43,4,1027,2016.0,1492630.0,0.0,1.249079,1.151045,CHN,ALB,6415
1195886,59,4,1027,2016.0,13894.0,0.0,1.818585,0.341356,CZE,ALB,6415
1195887,61,4,1027,2016.0,261098.0,0.0,2.307429,-2.341644,DEU,ALB,6415
1195888,68,4,1027,2016.0,7872.0,0.0,-0.202127,1.9342419999999998,EGY,ALB,6415
1195889,71,4,1027,2016.0,40214.0,0.0,0.795006,2.203292,ESP,ALB,6415
1195890,74,4,1027,2016.0,136394.0,0.0,1.621764,1.026393,FIN,ALB,6415
1195891,77,4,1027,2016.0,148309.0,21759.0,1.490723,0.8471559999999999,FRA,ALB,6415
1195892,90,4,1027,2016.0,345440.0,0.0,0.053899,1.1259709999999998,GRC,ALB,6415
1195893,100,4,1027,2016.0,10382.0,0.0,0.850619,1.39544,HRV,ALB,6415
1195894,102,4,1027,2016.0,185963.0,0.0,1.7056069999999999,0.788768,HUN,ALB,6415
1195895,103,4,1027,2016.0,2402182.0,0.0,-0.013630000000000001,1.744404,IDN,ALB,6415
1195896,111,4,1027,2016.0,11495425.0,273315.0,1.461526,0.316891,ITA,ALB,6415
1195897,140,4,1027,2016.0,17604.0,0.0,-0.249664,-0.338412,MKD,ALB,6415
1195898,144,4,1027,2016.0,6616.0,0.0,0.002245,-0.10263599999999999,MNE,ALB,6415
1195899,162,4,1027,2016.0,1349.0,0.0,1.132192,1.412512,NLD,ALB,6415
1195900,163,4,1027,2016.0,52406.0,0.0,0.664183,0.206877,NOR,ALB,6415
1195901,177,4,1027,2016.0,64302.0,0.0,1.1068959999999999,1.226985,POL,ALB,6415
1195902,179,4,1027,2016.0,438638.0,0.0,0.661961,2.108517,PRT,ALB,6415
1195903,192,4,1027,2016.0,40447.0,0.0,2.0149340000000002,0.613009,SGP,ALB,6415
1195904,201,4,1027,2016.0,156299.0,305315.0,0.608136,1.38132,SRB,ALB,6415
1195905,206,4,1027,2016.0,14870.0,0.0,1.446588,0.811076,SVK,ALB,6415
1195906,207,4,1027,2016.0,228027.0,0.0,1.7056200000000001,0.630058,SVN,ALB,6415
1195907,216,4,1027,2016.0,578102.0,0.0,1.3075860000000001,1.151426,THA,ALB,6415
1195908,224,4,1027,2016.0,112813.0,0.0,0.460247,2.3790400000000003,TUR,ALB,6415
1195909,231,4,1027,2016.0,10839.0,0.0,1.6991900000000002,-0.146044,USA,ALB,6415
1195910,15,5,1027,2016.0,85529.0,0.0,1.743944,-0.051155,AUT,AND,6415
1195911,61,5,1027,2016.0,50359.0,0.0,2.307429,-2.341644,DEU,AND,6415
1195912,71,5,1027,2016.0,814315.0,0.0,0.795006,2.203292,ESP,AND,6415
1195913,77,5,1027,2016.0,139179.0,0.0,1.490723,0.8471559999999999,FRA,AND,6415
1195914,81,5,1027,2016.0,3283.0,0.0,1.569616,1.048129,GBR,AND,6415
1195915,131,5,1027,2016.0,47057.0,0.0,1.217021,1.401214,LUX,AND,6415
1195916,209,5,1027,2016.0,0.0,5427.0,-0.034247,-0.47031000000000006,SWZ,AND,6415
1195917,248,5,1027,2016.0,0.0,22449.0,-0.960175,-1.004593,ZWE,AND,6415
1195918,7,17,1027,2016.0,169696.0,0.0,-0.019275,-0.18309,ARE,BDI,6415
1195919,18,17,1027,2016.0,16069.0,0.0,1.2947110000000002,1.113058,BEL,BDI,6415
1195920,43,17,1027,2016.0,48598.0,0.0,1.249079,1.151045,CHN,BDI,6415
1195921,61,17,1027,2016.0,17906.0,0.0,2.307429,-2.341644,DEU,BDI,6415
1195922,77,17,1027,2016.0,3902.0,0.0,1.490723,0.8471559999999999,FRA,BDI,6415
1195923,103,17,1027,2016.0,9139.0,0.0,-0.013630000000000001,1.744404,IDN,BDI,6415
1195924,116,17,1027,2016.0,300572.0,0.0,-0.483554,0.25645,KEN,BDI,6415
1195925,187,17,1027,2016.0,0.0,1592.0,-0.57693,-0.476909,RWA,BDI,6415
1195926,216,17,1027,2016.0,220951.0,0.0,1.3075860000000001,1.151426,THA,BDI,6415
1195927,226,17,1027,2016.0,10617.0,0.0,-1.01426,0.304263,TZA,BDI,6415
1195928,227,17,1027,2016.0,86143.0,0.0,-0.476836,0.641138,UGA,BDI,6415
1195929,246,17,1027,2016.0,8150.0,0.0,-0.029618000000000002,1.426834,ZAF,BDI,6415
1195930,39,30,1027,2016.0,11703.0,0.0,0.541041,1.328065,CAN,BMU,6415
1195931,43,30,1027,2016.0,3770.0,0.0,1.249079,1.151045,CHN,BMU,6415
1195932,231,30,1027,2016.0,1239607.0,0.0,1.6991900000000002,-0.146044,USA,BMU,6415
1195933,14,34,1027,2016.0,1461.0,0.0,-0.585613,-0.245365,AUS,BRN,6415
1195934,43,34,1027,2016.0,4071126.0,198410.0,1.249079,1.151045,CHN,BRN,6415
1195935,81,34,1027,2016.0,1217.0,0.0,1.569616,1.048129,GBR,BRN,6415
1195936,97,34,1027,2016.0,2488.0,0.0,0.877619,1.0765790000000002,HKG,BRN,6415
1195937,103,34,1027,2016.0,740007.0,0.0,-0.013630000000000001,1.744404,IDN,BRN,6415
1195938,121,34,1027,2016.0,2326.0,0.0,2.1686389999999998,0.798808,KOR,BRN,6415
1195939,153,34,1027,2016.0,316637.0,0.0,1.091156,0.8383370000000001,MYS,BRN,6415
1195940,166,34,1027,2016.0,0.0,63966.0,0.093306,0.194895,NZL,BRN,6415
1195941,174,34,1027,2016.0,57518.0,0.0,0.958651,0.324888,PHL,BRN,6415
1195942,192,34,1027,2016.0,796249.0,1595.0,2.0149340000000002,0.613009,SGP,BRN,6415
1195943,216,34,1027,2016.0,639328.0,0.0,1.3075860000000001,1.151426,THA,BRN,6415
1195944,231,34,1027,2016.0,8484.0,0.0,1.6991900000000002,-0.146044,USA,BRN,6415
1195945,104,35,1027,2016.0,169664.0,0.0,0.223813,2.787547,IND,BTN,6415
1195946,216,35,1027,2016.0,19963.0,0.0,1.3075860000000001,1.151426,THA,BTN,6415
1195947,7,50,1027,2016.0,5135.0,0.0,-0.019275,-0.18309,ARE,COM,6415
1195948,18,50,1027,2016.0,14359.0,0.0,1.2947110000000002,1.113058,BEL,COM,6415
1195949,43,50,1027,2016.0,12125.0,0.0,1.249079,1.151045,CHN,COM,6415
1195950,77,50,1027,2016.0,25789.0,0.0,1.490723,0.8471559999999999,FRA,COM,6415
1195951,103,50,1027,2016.0,17841.0,0.0,-0.013630000000000001,1.744404,IDN,COM,6415
1195952,104,50,1027,2016.0,35763.0,0.0,0.223813,2.787547,IND,COM,6415
1195953,188,50,1027,2016.0,2065.0,0.0,0.00286,-0.764602,SAU,COM,6415
1195954,216,50,1027,2016.0,20364.0,0.0,1.3075860000000001,1.151426,THA,COM,6415
1195955,226,50,1027,2016.0,1188.0,0.0,-1.01426,0.304263,TZA,COM,6415
1195956,7,69,1027,2016.0,54482.0,0.0,-0.019275,-0.18309,ARE,ERI,6415
1195957,43,69,1027,2016.0,62533.0,0.0,1.249079,1.151045,CHN,ERI,6415
1195958,104,69,1027,2016.0,97874.0,0.0,0.223813,2.787547,IND,ERI,6415
1195959,111,69,1027,2016.0,20766.0,0.0,1.461526,0.316891,ITA,ERI,6415
1195960,246,69,1027,2016.0,3724.0,0.0,-0.029618000000000002,1.426834,ZAF,ERI,6415
1195961,14,75,1027,2016.0,2746544.0,0.0,-0.585613,-0.245365,AUS,FJI,6415
1195962,15,75,1027,2016.0,11798.0,0.0,1.743944,-0.051155,AUT,FJI,6415
1195963,43,75,1027,2016.0,3244766.0,0.0,1.249079,1.151045,CHN,FJI,6415
1195964,61,75,1027,2016.0,3451.0,0.0,2.307429,-2.341644,DEU,FJI,6415
1195965,71,75,1027,2016.0,65163.0,0.0,0.795006,2.203292,ESP,FJI,6415
1195966,97,75,1027,2016.0,192663.0,0.0,0.877619,1.0765790000000002,HKG,FJI,6415
1195967,103,75,1027,2016.0,1309179.0,0.0,-0.013630000000000001,1.744404,IDN,FJI,6415
1195968,104,75,1027,2016.0,25662.0,0.0,0.223813,2.787547,IND,FJI,6415
1195969,119,75,1027,2016.0,0.0,66266.0,-0.410813,-0.859252,KIR,FJI,6415
1195970,121,75,1027,2016.0,447955.0,0.0,2.1686389999999998,0.798808,KOR,FJI,6415
1195971,153,75,1027,2016.0,150987.0,0.0,1.091156,0.8383370000000001,MYS,FJI,6415
1195972,156,75,1027,2016.0,0.0,16740.0,-0.630577,-0.934391,NCL,FJI,6415
1195973,162,75,1027,2016.0,334276.0,0.0,1.132192,1.412512,NLD,FJI,6415
1195974,165,75,1027,2016.0,0.0,1286.0,0.515224,-0.325771,NRU,FJI,6415
1195975,166,75,1027,2016.0,222873.0,6219.0,0.093306,0.194895,NZL,FJI,6415
1195976,192,75,1027,2016.0,2702935.0,0.0,2.0149340000000002,0.613009,SGP,FJI,6415
1195977,195,75,1027,2016.0,0.0,51479.0,-1.458209,-0.9888530000000001,SLB,FJI,6415
1195978,216,75,1027,2016.0,705137.0,0.0,1.3075860000000001,1.151426,THA,FJI,6415
1195979,221,75,1027,2016.0,0.0,24091.0,0.155639,-0.624163,TON,FJI,6415
1195980,225,75,1027,2016.0,0.0,13347.0,0.8941680000000001,-0.855683,TUV,FJI,6415
1195981,231,75,1027,2016.0,24804.0,0.0,1.6991900000000002,-0.146044,USA,FJI,6415
1195982,240,75,1027,2016.0,0.0,130033.0,-1.534809,-1.063501,VUT,FJI,6415
1195983,241,75,1027,2016.0,0.0,2181.0,1.371289,-0.43268500000000004,WLF,FJI,6415
1195984,242,75,1027,2016.0,0.0,55658.0,0.636342,-0.152082,WSM,FJI,6415
1195985,249,75,1027,2016.0,130172.0,0.0,2.028455,1.271167,TWN,FJI,6415
1195986,64,78,1027,2016.0,556319.0,0.0,1.0572629999999998,1.4157540000000002,DNK,FRO,6415
1195987,208,78,1027,2016.0,4574.0,0.0,1.731295,0.679562,SWE,FRO,6415
1195988,97,95,1027,2016.0,4349.0,0.0,0.877619,1.0765790000000002,HKG,GUM,6415
1195989,103,95,1027,2016.0,331396.0,0.0,-0.013630000000000001,1.744404,IDN,GUM,6415
1195990,121,95,1027,2016.0,4504.0,0.0,2.1686389999999998,0.798808,KOR,GUM,6415
1195991,192,95,1027,2016.0,131773.0,0.0,2.0149340000000002,0.613009,SGP,GUM,6415
1195992,216,95,1027,2016.0,11486.0,0.0,1.3075860000000001,1.151426,THA,GUM,6415
1195993,249,95,1027,2016.0,368252.0,0.0,2.028455,1.271167,TWN,GUM,6415
1195994,32,101,1027,2016.0,848062.0,0.0,0.284988,1.031028,BRA,HTI,6415
1195995,39,101,1027,2016.0,169063.0,0.0,0.541041,1.328065,CAN,HTI,6415
1195996,43,101,1027,2016.0,104004.0,0.0,1.249079,1.151045,CHN,HTI,6415
1195997,61,101,1027,2016.0,1142.0,0.0,2.307429,-2.341644,DEU,HTI,6415
1195998,65,101,1027,2016.0,308400.0,0.0,-0.26926500000000003,0.046345,DOM,HTI,6415
1195999,81,101,1027,2016.0,9999.0,0.0,1.569616,1.048129,GBR,HTI,6415
1196000,103,101,1027,2016.0,1188119.0,0.0,-0.013630000000000001,1.744404,IDN,HTI,6415
1196001,104,101,1027,2016.0,606301.0,0.0,0.223813,2.787547,IND,HTI,6415
1196002,111,101,1027,2016.0,11752.0,0.0,1.461526,0.316891,ITA,HTI,6415
1196003,160,101,1027,2016.0,6063.0,0.0,-0.954131,-0.9000389999999999,NIC,HTI,6415
1196004,177,101,1027,2016.0,82879.0,0.0,1.1068959999999999,1.226985,POL,HTI,6415
1196005,179,101,1027,2016.0,321276.0,0.0,0.661961,2.108517,PRT,HTI,6415
1196006,197,101,1027,2016.0,9037.0,0.0,0.075546,0.317046,SLV,HTI,6415
1196007,231,101,1027,2016.0,950882.0,0.0,1.6991900000000002,-0.146044,USA,HTI,6415
1196008,43,129,1027,2016.0,23745.0,0.0,1.249079,1.151045,CHN,LSO,6415
1196009,209,129,1027,2016.0,0.0,1440.0,-0.034247,-0.47031000000000006,SWZ,LSO,6415
1196010,246,129,1027,2016.0,3850442.0,12880.0,-0.029618000000000002,1.426834,ZAF,LSO,6415
1196011,249,129,1027,2016.0,22445.0,0.0,2.028455,1.271167,TWN,LSO,6415
1196012,14,133,1027,2016.0,7031.0,0.0,-0.585613,-0.245365,AUS,MAC,6415
1196013,15,133,1027,2016.0,34115.0,0.0,1.743944,-0.051155,AUT,MAC,6415
1196014,32,133,1027,2016.0,1271.0,0.0,0.284988,1.031028,BRA,MAC,6415
1196015,43,133,1027,2016.0,1108527.0,0.0,1.249079,1.151045,CHN,MAC,6415
1196016,61,133,1027,2016.0,13406.0,0.0,2.307429,-2.341644,DEU,MAC,6415
1196017,74,133,1027,2016.0,3337.0,2740.0,1.621764,1.026393,FIN,MAC,6415
1196018,77,133,1027,2016.0,77819.0,0.0,1.490723,0.8471559999999999,FRA,MAC,6415
1196019,81,133,1027,2016.0,179296.0,0.0,1.569616,1.048129,GBR,MAC,6415
1196020,97,133,1027,2016.0,4154114.0,27974.0,0.877619,1.0765790000000002,HKG,MAC,6415
1196021,103,133,1027,2016.0,60397.0,0.0,-0.013630000000000001,1.744404,IDN,MAC,6415
1196022,111,133,1027,2016.0,34029.0,0.0,1.461526,0.316891,ITA,MAC,6415
1196023,114,133,1027,2016.0,170065.0,0.0,2.550074,-0.479725,JPN,MAC,6415
1196024,121,133,1027,2016.0,36259.0,0.0,2.1686389999999998,0.798808,KOR,MAC,6415
1196025,153,133,1027,2016.0,19877.0,0.0,1.091156,0.8383370000000001,MYS,MAC,6415
1196026,179,133,1027,2016.0,80834.0,0.0,0.661961,2.108517,PRT,MAC,6415
1196027,192,133,1027,2016.0,5941.0,0.0,2.0149340000000002,0.613009,SGP,MAC,6415
1196028,216,133,1027,2016.0,438886.0,0.0,1.3075860000000001,1.151426,THA,MAC,6415
1196029,231,133,1027,2016.0,204380.0,0.0,1.6991900000000002,-0.146044,USA,MAC,6415
1196030,249,133,1027,2016.0,4453.0,0.0,2.028455,1.271167,TWN,MAC,6415
1196031,7,136,1027,2016.0,3866.0,0.0,-0.019275,-0.18309,ARE,MDG,6415
1196032,15,136,1027,2016.0,6952.0,0.0,1.743944,-0.051155,AUT,MDG,6415
1196033,18,136,1027,2016.0,3725.0,0.0,1.2947110000000002,1.113058,BEL,MDG,6415
1196034,41,136,1027,2016.0,1214.0,0.0,2.328616,0.832224,CHE,MDG,6415
1196035,43,136,1027,2016.0,694568.0,0.0,1.249079,1.151045,CHN,MDG,6415
1196036,61,136,1027,2016.0,25203.0,0.0,2.307429,-2.341644,DEU,MDG,6415
1196037,71,136,1027,2016.0,5768.0,0.0,0.795006,2.203292,ESP,MDG,6415
1196038,77,136,1027,2016.0,40469.0,17299.0,1.490723,0.8471559999999999,FRA,MDG,6415
1196039,97,136,1027,2016.0,25288.0,0.0,0.877619,1.0765790000000002,HKG,MDG,6415
1196040,103,136,1027,2016.0,3905783.0,0.0,-0.013630000000000001,1.744404,IDN,MDG,6415
1196041,104,136,1027,2016.0,1751028.0,0.0,0.223813,2.787547,IND,MDG,6415
1196042,110,136,1027,2016.0,15906.0,0.0,0.9932219999999999,0.7518819999999999,ISR,MDG,6415
1196043,111,136,1027,2016.0,23923.0,0.0,1.461526,0.316891,ITA,MDG,6415
1196044,121,136,1027,2016.0,20072.0,0.0,2.1686389999999998,0.798808,KOR,MDG,6415
1196045,151,136,1027,2016.0,37127.0,0.0,-0.334969,0.005404,MUS,MDG,6415
1196046,153,136,1027,2016.0,317321.0,0.0,1.091156,0.8383370000000001,MYS,MDG,6415
1196047,162,136,1027,2016.0,3414.0,0.0,1.132192,1.412512,NLD,MDG,6415
1196048,168,136,1027,2016.0,30887.0,0.0,-0.7806810000000001,0.420241,PAK,MDG,6415
1196049,179,136,1027,2016.0,27170.0,0.0,0.661961,2.108517,PRT,MDG,6415
1196050,186,136,1027,2016.0,132742.0,0.0,0.086009,0.300039,RUS,MDG,6415
1196051,188,136,1027,2016.0,16003.0,0.0,0.00286,-0.764602,SAU,MDG,6415
1196052,192,136,1027,2016.0,1310834.0,0.0,2.0149340000000002,0.613009,SGP,MDG,6415
1196053,216,136,1027,2016.0,2126880.0,0.0,1.3075860000000001,1.151426,THA,MDG,6415
1196054,223,136,1027,2016.0,2793.0,0.0,0.27537399999999995,0.9474239999999999,TUN,MDG,6415
1196055,231,136,1027,2016.0,1995.0,0.0,1.6991900000000002,-0.146044,USA,MDG,6415
1196056,246,136,1027,2016.0,2931545.0,5134.0,-0.029618000000000002,1.426834,ZAF,MDG,6415
1196057,249,136,1027,2016.0,722978.0,0.0,2.028455,1.271167,TWN,MDG,6415
1196058,250,136,1027,2016.0,4951.0,35410.0,0.608271,-0.007568000000000001,ANS,MDG,6415
1196059,7,137,1027,2016.0,33214.0,0.0,-0.019275,-0.18309,ARE,MDV,6415
1196060,15,137,1027,2016.0,5749.0,0.0,1.743944,-0.051155,AUT,MDV,6415
1196061,39,137,1027,2016.0,2590.0,0.0,0.541041,1.328065,CAN,MDV,6415
1196062,41,137,1027,2016.0,35169.0,0.0,2.328616,0.832224,CHE,MDV,6415
1196063,43,137,1027,2016.0,94346.0,0.0,1.249079,1.151045,CHN,MDV,6415
1196064,61,137,1027,2016.0,16006.0,0.0,2.307429,-2.341644,DEU,MDV,6415
1196065,64,137,1027,2016.0,1048.0,0.0,1.0572629999999998,1.4157540000000002,DNK,MDV,6415
1196066,71,137,1027,2016.0,1245.0,0.0,0.795006,2.203292,ESP,MDV,6415
1196067,77,137,1027,2016.0,6042.0,0.0,1.490723,0.8471559999999999,FRA,MDV,6415
1196068,97,137,1027,2016.0,1474.0,0.0,0.877619,1.0765790000000002,HKG,MDV,6415
1196069,103,137,1027,2016.0,519063.0,0.0,-0.013630000000000001,1.744404,IDN,MDV,6415
1196070,104,137,1027,2016.0,724605.0,0.0,0.223813,2.787547,IND,MDV,6415
1196071,114,137,1027,2016.0,17352.0,0.0,2.550074,-0.479725,JPN,MDV,6415
1196072,121,137,1027,2016.0,4480.0,0.0,2.1686389999999998,0.798808,KOR,MDV,6415
1196073,125,137,1027,2016.0,1815.0,0.0,-1.157741,-1.159047,LBR,MDV,6415
1196074,128,137,1027,2016.0,433107.0,0.0,-0.540154,0.22580100000000003,LKA,MDV,6415
1196075,153,137,1027,2016.0,25646.0,0.0,1.091156,0.8383370000000001,MYS,MDV,6415
1196076,192,137,1027,2016.0,419784.0,0.0,2.0149340000000002,0.613009,SGP,MDV,6415
1196077,216,137,1027,2016.0,140805.0,0.0,1.3075860000000001,1.151426,THA,MDV,6415
1196078,231,137,1027,2016.0,7866.0,0.0,1.6991900000000002,-0.146044,USA,MDV,6415
1196079,7,152,1027,2016.0,62949.0,0.0,-0.019275,-0.18309,ARE,MWI,6415
1196080,14,152,1027,2016.0,15551.0,0.0,-0.585613,-0.245365,AUS,MWI,6415
1196081,18,152,1027,2016.0,256733.0,0.0,1.2947110000000002,1.113058,BEL,MWI,6415
1196082,32,152,1027,2016.0,8914.0,0.0,0.284988,1.031028,BRA,MWI,6415
1196083,43,152,1027,2016.0,144051.0,0.0,1.249079,1.151045,CHN,MWI,6415
1196084,61,152,1027,2016.0,82540.0,0.0,2.307429,-2.341644,DEU,MWI,6415
1196085,81,152,1027,2016.0,83653.0,0.0,1.569616,1.048129,GBR,MWI,6415
1196086,103,152,1027,2016.0,6649.0,0.0,-0.013630000000000001,1.744404,IDN,MWI,6415
1196087,104,152,1027,2016.0,153894.0,0.0,0.223813,2.787547,IND,MWI,6415
1196088,114,152,1027,2016.0,7841.0,0.0,2.550074,-0.479725,JPN,MWI,6415
1196089,121,152,1027,2016.0,3009.0,0.0,2.1686389999999998,0.798808,KOR,MWI,6415
1196090,153,152,1027,2016.0,61205.0,0.0,1.091156,0.8383370000000001,MYS,MWI,6415
1196091,179,152,1027,2016.0,149274.0,0.0,0.661961,2.108517,PRT,MWI,6415
1196092,188,152,1027,2016.0,8480.0,0.0,0.00286,-0.764602,SAU,MWI,6415
1196093,216,152,1027,2016.0,33420.0,0.0,1.3075860000000001,1.151426,THA,MWI,6415
1196094,226,152,1027,2016.0,63398.0,0.0,-1.01426,0.304263,TZA,MWI,6415
1196095,246,152,1027,2016.0,6518569.0,0.0,-0.029618000000000002,1.426834,ZAF,MWI,6415
1196096,247,152,1027,2016.0,0.0,17943.0,-0.9308350000000001,-1.029968,ZMB,MWI,6415
1196097,14,156,1027,2016.0,12206.0,0.0,-0.585613,-0.245365,AUS,NCL,6415
1196098,18,156,1027,2016.0,2880.0,0.0,1.2947110000000002,1.113058,BEL,NCL,6415
1196099,43,156,1027,2016.0,241010.0,0.0,1.249079,1.151045,CHN,NCL,6415
1196100,71,156,1027,2016.0,4553.0,0.0,0.795006,2.203292,ESP,NCL,6415
1196101,75,156,1027,2016.0,16740.0,0.0,-0.370598,0.049875,FJI,NCL,6415
1196102,77,156,1027,2016.0,575033.0,0.0,1.490723,0.8471559999999999,FRA,NCL,6415
1196103,103,156,1027,2016.0,577145.0,0.0,-0.013630000000000001,1.744404,IDN,NCL,6415
1196104,111,156,1027,2016.0,16293.0,0.0,1.461526,0.316891,ITA,NCL,6415
1196105,153,156,1027,2016.0,15300.0,0.0,1.091156,0.8383370000000001,MYS,NCL,6415
1196106,166,156,1027,2016.0,623314.0,0.0,0.093306,0.194895,NZL,NCL,6415
1196107,192,156,1027,2016.0,152480.0,0.0,2.0149340000000002,0.613009,SGP,NCL,6415
1196108,216,156,1027,2016.0,403476.0,0.0,1.3075860000000001,1.151426,THA,NCL,6415
1196109,231,156,1027,2016.0,20035.0,0.0,1.6991900000000002,-0.146044,USA,NCL,6415
1196110,43,157,1027,2016.0,24338.0,0.0,1.249079,1.151045,CHN,NER,6415
1196111,44,157,1027,2016.0,10178.0,0.0,-0.977045,-0.8633299999999999,CIV,NER,6415
1196112,71,157,1027,2016.0,39635.0,0.0,0.795006,2.203292,ESP,NER,6415
1196113,77,157,1027,2016.0,25040.0,0.0,1.490723,0.8471559999999999,FRA,NER,6415
1196114,103,157,1027,2016.0,468984.0,0.0,-0.013630000000000001,1.744404,IDN,NER,6415
1196115,104,157,1027,2016.0,11393.0,0.0,0.223813,2.787547,IND,NER,6415
1196116,134,157,1027,2016.0,9351.0,0.0,-0.648329,-0.14071,MAR,NER,6415
1196117,179,157,1027,2016.0,427306.0,0.0,0.661961,2.108517,PRT,NER,6415
1196118,192,157,1027,2016.0,7050.0,0.0,2.0149340000000002,0.613009,SGP,NER,6415
1196119,208,157,1027,2016.0,33494.0,0.0,1.731295,0.679562,SWE,NER,6415
1196120,216,157,1027,2016.0,23003.0,0.0,1.3075860000000001,1.151426,THA,NER,6415
1196121,231,157,1027,2016.0,4273.0,0.0,1.6991900000000002,-0.146044,USA,NER,6415
1196122,14,182,1027,2016.0,22453.0,0.0,-0.585613,-0.245365,AUS,PYF,6415
1196123,32,182,1027,2016.0,11885.0,0.0,0.284988,1.031028,BRA,PYF,6415
1196124,43,182,1027,2016.0,326889.0,0.0,1.249079,1.151045,CHN,PYF,6415
1196125,77,182,1027,2016.0,778160.0,0.0,1.490723,0.8471559999999999,FRA,PYF,6415
1196126,103,182,1027,2016.0,437569.0,0.0,-0.013630000000000001,1.744404,IDN,PYF,6415
1196127,111,182,1027,2016.0,53136.0,0.0,1.461526,0.316891,ITA,PYF,6415
1196128,153,182,1027,2016.0,12131.0,0.0,1.091156,0.8383370000000001,MYS,PYF,6415
1196129,166,182,1027,2016.0,64288.0,0.0,0.093306,0.194895,NZL,PYF,6415
1196130,179,182,1027,2016.0,315892.0,0.0,0.661961,2.108517,PRT,PYF,6415
1196131,192,182,1027,2016.0,571433.0,0.0,2.0149340000000002,0.613009,SGP,PYF,6415
1196132,216,182,1027,2016.0,14837.0,0.0,1.3075860000000001,1.151426,THA,PYF,6415
1196133,7,187,1027,2016.0,203711.0,0.0,-0.019275,-0.18309,ARE,RWA,6415
1196134,17,187,1027,2016.0,1592.0,0.0,-0.761608,-0.959908,BDI,RWA,6415
1196135,43,187,1027,2016.0,50114.0,0.0,1.249079,1.151045,CHN,RWA,6415
1196136,46,187,1027,2016.0,0.0,816196.0,-1.093544,-1.126599,COD,RWA,6415
1196137,61,187,1027,2016.0,21753.0,0.0,2.307429,-2.341644,DEU,RWA,6415
1196138,68,187,1027,2016.0,871822.0,0.0,-0.202127,1.9342419999999998,EGY,RWA,6415
1196139,103,187,1027,2016.0,12987.0,0.0,-0.013630000000000001,1.744404,IDN,RWA,6415
1196140,104,187,1027,2016.0,121512.0,0.0,0.223813,2.787547,IND,RWA,6415
1196141,110,187,1027,2016.0,2254.0,0.0,0.9932219999999999,0.7518819999999999,ISR,RWA,6415
1196142,116,187,1027,2016.0,262936.0,0.0,-0.483554,0.25645,KEN,RWA,6415
1196143,121,187,1027,2016.0,1196.0,0.0,2.1686389999999998,0.798808,KOR,RWA,6415
1196144,192,187,1027,2016.0,13516.0,0.0,2.0149340000000002,0.613009,SGP,RWA,6415
1196145,216,187,1027,2016.0,212274.0,0.0,1.3075860000000001,1.151426,THA,RWA,6415
1196146,224,187,1027,2016.0,5133.0,0.0,0.460247,2.3790400000000003,TUR,RWA,6415
1196147,226,187,1027,2016.0,3916.0,0.0,-1.01426,0.304263,TZA,RWA,6415
1196148,227,187,1027,2016.0,91371.0,0.0,-0.476836,0.641138,UGA,RWA,6415
1196149,246,187,1027,2016.0,28879.0,0.0,-0.029618000000000002,1.426834,ZAF,RWA,6415
1196150,14,195,1027,2016.0,173931.0,0.0,-0.585613,-0.245365,AUS,SLB,6415
1196151,43,195,1027,2016.0,183050.0,0.0,1.249079,1.151045,CHN,SLB,6415
1196152,75,195,1027,2016.0,51479.0,0.0,-0.370598,0.049875,FJI,SLB,6415
1196153,97,195,1027,2016.0,108042.0,0.0,0.877619,1.0765790000000002,HKG,SLB,6415
1196154,103,195,1027,2016.0,17390.0,0.0,-0.013630000000000001,1.744404,IDN,SLB,6415
1196155,153,195,1027,2016.0,28813.0,0.0,1.091156,0.8383370000000001,MYS,SLB,6415
1196156,166,195,1027,2016.0,3474.0,0.0,0.093306,0.194895,NZL,SLB,6415
1196157,176,195,1027,2016.0,6289.0,0.0,-1.7560209999999998,-1.288643,PNG,SLB,6415
1196158,192,195,1027,2016.0,68286.0,0.0,2.0149340000000002,0.613009,SGP,SLB,6415
1196159,216,195,1027,2016.0,308212.0,0.0,1.3075860000000001,1.151426,THA,SLB,6415
1196160,7,196,1027,2016.0,124251.0,0.0,-0.019275,-0.18309,ARE,SLE,6415
1196161,14,196,1027,2016.0,0.0,26603.0,-0.585613,-0.245365,AUS,SLE,6415
1196162,18,196,1027,2016.0,1460.0,0.0,1.2947110000000002,1.113058,BEL,SLE,6415
1196163,32,196,1027,2016.0,133376.0,0.0,0.284988,1.031028,BRA,SLE,6415
1196164,43,196,1027,2016.0,77746.0,0.0,1.249079,1.151045,CHN,SLE,6415
1196165,61,196,1027,2016.0,10510.0,0.0,2.307429,-2.341644,DEU,SLE,6415
1196166,71,196,1027,2016.0,22403.0,0.0,0.795006,2.203292,ESP,SLE,6415
1196167,77,196,1027,2016.0,65208.0,113335.0,1.490723,0.8471559999999999,FRA,SLE,6415
1196168,81,196,1027,2016.0,124871.0,0.0,1.569616,1.048129,GBR,SLE,6415
1196169,103,196,1027,2016.0,510830.0,0.0,-0.013630000000000001,1.744404,IDN,SLE,6415
1196170,104,196,1027,2016.0,50753.0,0.0,0.223813,2.787547,IND,SLE,6415
1196171,124,196,1027,2016.0,6121.0,0.0,0.385417,1.139648,LBN,SLE,6415
1196172,179,196,1027,2016.0,17290.0,0.0,0.661961,2.108517,PRT,SLE,6415
1196173,192,196,1027,2016.0,171429.0,0.0,2.0149340000000002,0.613009,SGP,SLE,6415
1196174,208,196,1027,2016.0,10381.0,0.0,1.731295,0.679562,SWE,SLE,6415
1196175,216,196,1027,2016.0,551044.0,0.0,1.3075860000000001,1.151426,THA,SLE,6415
1196176,246,196,1027,2016.0,9212.0,0.0,-0.029618000000000002,1.426834,ZAF,SLE,6415
1196177,7,199,1027,2016.0,141191.0,0.0,-0.019275,-0.18309,ARE,SOM,6415
1196178,43,199,1027,2016.0,70078.0,0.0,1.249079,1.151045,CHN,SOM,6415
1196179,73,199,1027,2016.0,5458.0,0.0,-1.163689,-0.885724,ETH,SOM,6415
1196180,103,199,1027,2016.0,100828.0,0.0,-0.013630000000000001,1.744404,IDN,SOM,6415
1196181,104,199,1027,2016.0,865910.0,1961.0,0.223813,2.787547,IND,SOM,6415
1196182,116,199,1027,2016.0,2009.0,0.0,-0.483554,0.25645,KEN,SOM,6415
1196183,153,199,1027,2016.0,1687.0,0.0,1.091156,0.8383370000000001,MYS,SOM,6415
1196184,192,199,1027,2016.0,51970.0,0.0,2.0149340000000002,0.613009,SGP,SOM,6415
1196185,216,199,1027,2016.0,146198.0,0.0,1.3075860000000001,1.151426,THA,SOM,6415
1196186,7,211,1027,2016.0,20623.0,0.0,-0.019275,-0.18309,ARE,SYC,6415
1196187,15,211,1027,2016.0,7656.0,0.0,1.743944,-0.051155,AUT,SYC,6415
1196188,43,211,1027,2016.0,110599.0,0.0,1.249079,1.151045,CHN,SYC,6415
1196189,61,211,1027,2016.0,3771.0,0.0,2.307429,-2.341644,DEU,SYC,6415
1196190,77,211,1027,2016.0,20229.0,0.0,1.490723,0.8471559999999999,FRA,SYC,6415
1196191,81,211,1027,2016.0,25508.0,0.0,1.569616,1.048129,GBR,SYC,6415
1196192,103,211,1027,2016.0,12701.0,0.0,-0.013630000000000001,1.744404,IDN,SYC,6415
1196193,104,211,1027,2016.0,76885.0,0.0,0.223813,2.787547,IND,SYC,6415
1196194,111,211,1027,2016.0,3496.0,0.0,1.461526,0.316891,ITA,SYC,6415
1196195,151,211,1027,2016.0,56162.0,0.0,-0.334969,0.005404,MUS,SYC,6415
1196196,153,211,1027,2016.0,4444.0,0.0,1.091156,0.8383370000000001,MYS,SYC,6415
1196197,162,211,1027,2016.0,21253.0,0.0,1.132192,1.412512,NLD,SYC,6415
1196198,179,211,1027,2016.0,13554.0,0.0,0.661961,2.108517,PRT,SYC,6415
1196199,186,211,1027,2016.0,16780.0,0.0,0.086009,0.300039,RUS,SYC,6415
1196200,192,211,1027,2016.0,33401.0,0.0,2.0149340000000002,0.613009,SGP,SYC,6415
1196201,216,211,1027,2016.0,205641.0,0.0,1.3075860000000001,1.151426,THA,SYC,6415
1196202,231,211,1027,2016.0,1402.0,0.0,1.6991900000000002,-0.146044,USA,SYC,6415
1196203,246,211,1027,2016.0,30567.0,0.0,-0.029618000000000002,1.426834,ZAF,SYC,6415
1196204,249,211,1027,2016.0,0.0,36543.0,2.028455,1.271167,TWN,SYC,6415
1196205,7,214,1027,2016.0,3363.0,0.0,-0.019275,-0.18309,ARE,TCD,6415
1196206,43,214,1027,2016.0,1515.0,0.0,1.249079,1.151045,CHN,TCD,6415
1196207,77,214,1027,2016.0,36081.0,0.0,1.490723,0.8471559999999999,FRA,TCD,6415
1196208,179,214,1027,2016.0,76797.0,0.0,0.661961,2.108517,PRT,TCD,6415
1196209,216,214,1027,2016.0,47344.0,0.0,1.3075860000000001,1.151426,THA,TCD,6415
1196210,43,220,1027,2016.0,15556.0,0.0,1.249079,1.151045,CHN,TLS,6415
1196211,103,220,1027,2016.0,229041.0,0.0,-0.013630000000000001,1.744404,IDN,TLS,6415
1196212,192,220,1027,2016.0,7952.0,0.0,2.0149340000000002,0.613009,SGP,TLS,6415
1196213,216,220,1027,2016.0,2471.0,0.0,1.3075860000000001,1.151426,THA,TLS,6415
1196214,14,221,1027,2016.0,66716.0,0.0,-0.585613,-0.245365,AUS,TON,6415
1196215,43,221,1027,2016.0,45645.0,0.0,1.249079,1.151045,CHN,TON,6415
1196216,75,221,1027,2016.0,24091.0,0.0,-0.370598,0.049875,FJI,TON,6415
1196217,103,221,1027,2016.0,36182.0,0.0,-0.013630000000000001,1.744404,IDN,TON,6415
1196218,166,221,1027,2016.0,41112.0,0.0,0.093306,0.194895,NZL,TON,6415
1196219,192,221,1027,2016.0,183852.0,0.0,2.0149340000000002,0.613009,SGP,TON,6415
1196220,216,221,1027,2016.0,6872.0,0.0,1.3075860000000001,1.151426,THA,TON,6415
1196221,18,243,1027,2016.0,35050.0,0.0,1.2947110000000002,1.113058,BEL,YEM,6415
1196222,43,243,1027,2016.0,2399132.0,0.0,1.249079,1.151045,CHN,YEM,6415
1196223,61,243,1027,2016.0,5825.0,0.0,2.307429,-2.341644,DEU,YEM,6415
1196224,68,243,1027,2016.0,24636.0,0.0,-0.202127,1.9342419999999998,EGY,YEM,6415
1196225,71,243,1027,2016.0,709243.0,0.0,0.795006,2.203292,ESP,YEM,6415
1196226,77,243,1027,2016.0,7054.0,0.0,1.490723,0.8471559999999999,FRA,YEM,6415
1196227,81,243,1027,2016.0,1351.0,0.0,1.569616,1.048129,GBR,YEM,6415
1196228,103,243,1027,2016.0,8046596.0,0.0,-0.013630000000000001,1.744404,IDN,YEM,6415
1196229,104,243,1027,2016.0,249616.0,0.0,0.223813,2.787547,IND,YEM,6415
1196230,111,243,1027,2016.0,28854.0,0.0,1.461526,0.316891,ITA,YEM,6415
1196231,124,243,1027,2016.0,66445.0,0.0,0.385417,1.139648,LBN,YEM,6415
1196232,153,243,1027,2016.0,51102.0,0.0,1.091156,0.8383370000000001,MYS,YEM,6415
1196233,162,243,1027,2016.0,20250.0,0.0,1.132192,1.412512,NLD,YEM,6415
1196234,177,243,1027,2016.0,45764.0,0.0,1.1068959999999999,1.226985,POL,YEM,6415
1196235,179,243,1027,2016.0,55371.0,0.0,0.661961,2.108517,PRT,YEM,6415
1196236,188,243,1027,2016.0,7420088.0,0.0,0.00286,-0.764602,SAU,YEM,6415
1196237,192,243,1027,2016.0,5242016.0,0.0,2.0149340000000002,0.613009,SGP,YEM,6415
1196238,206,243,1027,2016.0,38854.0,0.0,1.446588,0.811076,SVK,YEM,6415
1196239,207,243,1027,2016.0,17289.0,0.0,1.7056200000000001,0.630058,SVN,YEM,6415
1196240,216,243,1027,2016.0,2015418.0,0.0,1.3075860000000001,1.151426,THA,YEM,6415
1196241,224,243,1027,2016.0,146054.0,0.0,0.460247,2.3790400000000003,TUR,YEM,6415
1196242,32,234,1027,2016.0,2699.0,0.0,0.284988,1.031028,BRA,VCT,6415
1196243,33,234,1027,2016.0,16723.0,0.0,0.598214,0.054758,BRB,VCT,6415
1196244,43,234,1027,2016.0,6230.0,0.0,1.249079,1.151045,CHN,VCT,6415
1196245,103,234,1027,2016.0,4910.0,0.0,-0.013630000000000001,1.744404,IDN,VCT,6415
1196246,169,234,1027,2016.0,6949.0,0.0,0.731258,0.649917,PAN,VCT,6415
1196247,222,234,1027,2016.0,21436.0,0.0,-0.184575,-0.9999889999999999,TTO,VCT,6415
1196248,231,234,1027,2016.0,355881.0,0.0,1.6991900000000002,-0.146044,USA,VCT,6415
1196249,231,3,1027,2016.0,4080.0,0.0,1.6991900000000002,-0.146044,USA,AIA,6415
1196250,43,149,1027,2016.0,2546.0,0.0,1.249079,1.151045,CHN,MSR,6415
1196251,18,229,1027,2016.0,179694.0,0.0,1.2947110000000002,1.113058,BEL,UMI,6415
1196252,103,10,1027,2016.0,71498.0,0.0,-0.013630000000000001,1.744404,IDN,ASM,6415
1196253,192,10,1027,2016.0,60762.0,0.0,2.0149340000000002,0.613009,SGP,ASM,6415
1196254,216,10,1027,2016.0,40074.0,0.0,1.3075860000000001,1.151426,THA,ASM,6415
1196255,166,48,1027,2016.0,79770.0,0.0,0.093306,0.194895,NZL,COK,6415
1196256,14,56,1027,2016.0,3602.0,0.0,-0.585613,-0.245365,AUS,CXR,6415
1196257,43,79,1027,2016.0,16505.0,0.0,1.249079,1.151045,CHN,FSM,6415
1196258,174,79,1027,2016.0,80625.0,0.0,0.958651,0.324888,PHL,FSM,6415
1196259,231,79,1027,2016.0,25879.0,0.0,1.6991900000000002,-0.146044,USA,FSM,6415
1196260,14,119,1027,2016.0,4955.0,0.0,-0.585613,-0.245365,AUS,KIR,6415
1196261,43,119,1027,2016.0,21364.0,0.0,1.249079,1.151045,CHN,KIR,6415
1196262,75,119,1027,2016.0,66266.0,0.0,-0.370598,0.049875,FJI,KIR,6415
1196263,97,119,1027,2016.0,4624.0,0.0,0.877619,1.0765790000000002,HKG,KIR,6415
1196264,104,119,1027,2016.0,23424.0,0.0,0.223813,2.787547,IND,KIR,6415
1196265,166,119,1027,2016.0,1101.0,0.0,0.093306,0.194895,NZL,KIR,6415
1196266,192,119,1027,2016.0,15138.0,0.0,2.0149340000000002,0.613009,SGP,KIR,6415
1196267,249,119,1027,2016.0,11224.0,0.0,2.028455,1.271167,TWN,KIR,6415
1196268,97,146,1027,2016.0,8721.0,0.0,0.877619,1.0765790000000002,HKG,MNP,6415
1196269,249,146,1027,2016.0,1684.0,0.0,2.028455,1.271167,TWN,MNP,6415
1196270,166,158,1027,2016.0,16959.0,0.0,0.093306,0.194895,NZL,NFK,6415
1196271,39,161,1027,2016.0,179811.0,0.0,0.541041,1.328065,CAN,NIU,6415
1196272,166,161,1027,2016.0,6950.0,0.0,0.093306,0.194895,NZL,NIU,6415
1196273,14,165,1027,2016.0,11698.0,0.0,-0.585613,-0.245365,AUS,NRU,6415
1196274,75,165,1027,2016.0,1286.0,0.0,-0.370598,0.049875,FJI,NRU,6415
1196275,121,165,1027,2016.0,2232.0,0.0,2.1686389999999998,0.798808,KOR,NRU,6415
1196276,166,165,1027,2016.0,1096.0,0.0,0.093306,0.194895,NZL,NRU,6415
1196277,81,194,1027,2016.0,59717.0,0.0,1.569616,1.048129,GBR,SHN,6415
1196278,246,194,1027,2016.0,8538.0,0.0,-0.029618000000000002,1.426834,ZAF,SHN,6415
1196279,15,202,1027,2016.0,107853.0,0.0,1.743944,-0.051155,AUT,SSD,6415
1196280,43,202,1027,2016.0,2404.0,0.0,1.249079,1.151045,CHN,SSD,6415
1196281,116,202,1027,2016.0,14132.0,0.0,-0.483554,0.25645,KEN,SSD,6415
1196282,216,202,1027,2016.0,111878.0,0.0,1.3075860000000001,1.151426,THA,SSD,6415
1196283,227,202,1027,2016.0,661313.0,12595.0,-0.476836,0.641138,UGA,SSD,6415
1196284,75,225,1027,2016.0,13347.0,0.0,-0.370598,0.049875,FJI,TUV,6415
1196285,14,241,1027,2016.0,2802.0,0.0,-0.585613,-0.245365,AUS,WLF,6415
1196286,75,241,1027,2016.0,2181.0,0.0,-0.370598,0.049875,FJI,WLF,6415
1196287,77,241,1027,2016.0,1532.0,0.0,1.490723,0.8471559999999999,FRA,WLF,6415
1196288,166,241,1027,2016.0,12429.0,0.0,0.093306,0.194895,NZL,WLF,6415
1196289,77,27,1027,2016.0,100552.0,0.0,1.490723,0.8471559999999999,FRA,BLM,6415
1196290,33,210,1027,2016.0,1556.0,0.0,0.598214,0.054758,BRB,SXM,6415
1196291,39,210,1027,2016.0,66812.0,0.0,0.541041,1.328065,CAN,SXM,6415
1196292,162,210,1027,2016.0,19130.0,0.0,1.132192,1.412512,NLD,SXM,6415
1196293,179,210,1027,2016.0,93042.0,0.0,0.661961,2.108517,PRT,SXM,6415
1196294,231,210,1027,2016.0,107783.0,0.0,1.6991900000000002,-0.146044,USA,SXM,6415
1196295,231,213,1027,2016.0,35491.0,0.0,1.6991900000000002,-0.146044,USA,TCA,6415
1196296,162,20,1027,2016.0,74874.0,0.0,1.132192,1.412512,NLD,BES,6415
1196297,39,200,1027,2016.0,2499.0,0.0,0.541041,1.328065,CAN,SPM,6415
1196298,77,200,1027,2016.0,16727.0,0.0,1.490723,0.8471559999999999,FRA,SPM,6415
1196299,83,105,1027,2016.0,0.0,243263.0,-0.9026200000000001,-0.877508,GHA,IOT,6415
1196300,1,7,1029,2016.0,0.0,249981.0,-1.44133,-0.9938950000000001,AFG,ARE,6417
1196301,2,7,1029,2016.0,0.0,2025.0,-0.986722,-1.1941979999999999,AGO,ARE,6417
1196302,9,7,1029,2016.0,0.0,1853.0,-0.252904,-0.614643,ARM,ARE,6417
1196303,14,7,1029,2016.0,6341.0,108647.0,-0.585613,-0.245365,AUS,ARE,6417
1196304,16,7,1029,2016.0,0.0,2533.0,-1.111874,-1.2526059999999999,AZE,ARE,6417
1196305,17,7,1029,2016.0,0.0,23211.0,-0.761608,-0.959908,BDI,ARE,6417
1196306,18,7,1029,2016.0,35520.0,10129.0,1.2947110000000002,1.113058,BEL,ARE,6417
1196307,19,7,1029,2016.0,0.0,38911.0,-0.863777,-0.913193,BEN,ARE,6417
1196308,22,7,1029,2016.0,0.0,1647.0,-1.0177260000000001,-1.1010799999999998,BGD,ARE,6417
1196309,23,7,1029,2016.0,7696.0,0.0,0.509062,1.804648,BGR,ARE,6417
1196310,24,7,1029,2016.0,1323.0,576555.0,0.23993299999999998,-0.5320199999999999,BHR,ARE,6417
1196311,32,7,1029,2016.0,77362.0,0.0,0.284988,1.031028,BRA,ARE,6417
1196312,38,7,1029,2016.0,0.0,5006.0,-0.569303,-0.77994,CAF,ARE,6417
1196313,39,7,1029,2016.0,2719.0,95105.0,0.541041,1.328065,CAN,ARE,6417
1196314,41,7,1029,2016.0,29168.0,1300.0,2.328616,0.832224,CHE,ARE,6417
1196315,43,7,1029,2016.0,8590283.0,12023.0,1.249079,1.151045,CHN,ARE,6417
1196316,44,7,1029,2016.0,0.0,1123.0,-0.977045,-0.8633299999999999,CIV,ARE,6417
1196317,45,7,1029,2016.0,0.0,2735.0,-1.1342969999999999,-1.101724,CMR,ARE,6417
1196318,46,7,1029,2016.0,0.0,1135.0,-1.093544,-1.126599,COD,ARE,6417
1196319,47,7,1029,2016.0,0.0,35879.0,-0.562294,-0.9770030000000001,COG,ARE,6417
1196320,49,7,1029,2016.0,6621.0,0.0,-0.040341,-0.20957699999999999,COL,ARE,6417
1196321,50,7,1029,2016.0,0.0,1386.0,-0.895766,-0.9886799999999999,COM,ARE,6417
1196322,59,7,1029,2016.0,18339.0,0.0,1.818585,0.341356,CZE,ARE,6417
1196323,61,7,1029,2016.0,317481.0,27269.0,2.307429,-2.341644,DEU,ARE,6417
1196324,62,7,1029,2016.0,0.0,260887.0,-0.267615,-0.787596,DJI,ARE,6417
1196325,64,7,1029,2016.0,1603.0,0.0,1.0572629999999998,1.4157540000000002,DNK,ARE,6417
1196326,66,7,1029,2016.0,0.0,30051.0,-1.243568,-1.232077,DZA,ARE,6417
1196327,68,7,1029,2016.0,22722.0,52736.0,-0.202127,1.9342419999999998,EGY,ARE,6417
1196328,69,7,1029,2016.0,0.0,10778.0,-1.3077370000000001,-1.113459,ERI,ARE,6417
1196329,71,7,1029,2016.0,31196.0,1343.0,0.795006,2.203292,ESP,ARE,6417
1196330,73,7,1029,2016.0,0.0,132221.0,-1.163689,-0.885724,ETH,ARE,6417
1196331,74,7,1029,2016.0,463712.0,0.0,1.621764,1.026393,FIN,ARE,6417
1196332,77,7,1029,2016.0,162067.0,1922.0,1.490723,0.8471559999999999,FRA,ARE,6417
1196333,80,7,1029,2016.0,0.0,8131.0,-1.257455,-1.226416,GAB,ARE,6417
1196334,81,7,1029,2016.0,828319.0,1168932.0,1.569616,1.048129,GBR,ARE,6417
1196335,82,7,1029,2016.0,0.0,1689.0,-0.269579,-0.317608,GEO,ARE,6417
1196336,83,7,1029,2016.0,0.0,9124.0,-0.9026200000000001,-0.877508,GHA,ARE,6417
1196337,85,7,1029,2016.0,0.0,18088.0,-1.461226,-1.196035,GIN,ARE,6417
1196338,87,7,1029,2016.0,0.0,71529.0,-0.710399,-0.8278629999999999,GMB,ARE,6417
1196339,90,7,1029,2016.0,129648.0,0.0,0.053899,1.1259709999999998,GRC,ARE,6417
1196340,97,7,1029,2016.0,2418.0,8449.0,0.877619,1.0765790000000002,HKG,ARE,6417
1196341,101,7,1029,2016.0,0.0,6017.0,-1.046859,-1.016459,HTI,ARE,6417
1196342,103,7,1029,2016.0,11033922.0,3743.0,-0.013630000000000001,1.744404,IDN,ARE,6417
1196343,104,7,1029,2016.0,11290563.0,197283.0,0.223813,2.787547,IND,ARE,6417
1196344,106,7,1029,2016.0,2000.0,8667.0,1.320777,0.057924,IRL,ARE,6417
1196345,107,7,1029,2016.0,0.0,2827475.0,-0.408637,-0.340544,IRN,ARE,6417
1196346,108,7,1029,2016.0,0.0,374483.0,-1.7382849999999999,-1.037508,IRQ,ARE,6417
1196347,111,7,1029,2016.0,432678.0,193936.0,1.461526,0.316891,ITA,ARE,6417
1196348,113,7,1029,2016.0,7896120.0,1290312.0,0.100333,0.020786000000000002,JOR,ARE,6417
1196349,114,7,1029,2016.0,241794.0,0.0,2.550074,-0.479725,JPN,ARE,6417
1196350,116,7,1029,2016.0,0.0,38084.0,-0.483554,0.25645,KEN,ARE,6417
1196351,121,7,1029,2016.0,116155.0,5794.0,2.1686389999999998,0.798808,KOR,ARE,6417
1196352,122,7,1029,2016.0,28306.0,8000304.0,-0.401,-1.102991,KWT,ARE,6417
1196353,124,7,1029,2016.0,29518.0,6584.0,0.385417,1.139648,LBN,ARE,6417
1196354,125,7,1029,2016.0,0.0,30447.0,-1.157741,-1.159047,LBR,ARE,6417
1196355,126,7,1029,2016.0,0.0,11703.0,-1.120678,-1.222803,LBY,ARE,6417
1196356,128,7,1029,2016.0,6358.0,61581.0,-0.540154,0.22580100000000003,LKA,ARE,6417
1196357,134,7,1029,2016.0,0.0,4442.0,-0.648329,-0.14071,MAR,ARE,6417
1196358,136,7,1029,2016.0,4212.0,10069.0,-0.979632,-0.63626,MDG,ARE,6417
1196359,137,7,1029,2016.0,0.0,24850.0,-0.975518,-1.00076,MDV,ARE,6417
1196360,141,7,1029,2016.0,0.0,3771.0,-0.405979,-0.6190869999999999,MLI,ARE,6417
1196361,142,7,1029,2016.0,0.0,3608.0,0.981182,-0.029401999999999998,MLT,ARE,6417
1196362,148,7,1029,2016.0,0.0,12523.0,-1.5601770000000001,-1.3474899999999999,MRT,ARE,6417
1196363,151,7,1029,2016.0,0.0,159281.0,-0.334969,0.005404,MUS,ARE,6417
1196364,153,7,1029,2016.0,11225.0,0.0,1.091156,0.8383370000000001,MYS,ARE,6417
1196365,157,7,1029,2016.0,0.0,1361.0,-1.0853110000000001,-0.9786219999999999,NER,ARE,6417
1196366,159,7,1029,2016.0,0.0,2077.0,-1.7380830000000003,-1.306938,NGA,ARE,6417
1196367,162,7,1029,2016.0,91244.0,4579.0,1.132192,1.412512,NLD,ARE,6417
1196368,163,7,1029,2016.0,4989.0,0.0,0.664183,0.206877,NOR,ARE,6417
1196369,166,7,1029,2016.0,0.0,5195.0,0.093306,0.194895,NZL,ARE,6417
1196370,167,7,1029,2016.0,0.0,3365999.0,-0.594724,-1.019133,OMN,ARE,6417
1196371,168,7,1029,2016.0,8448.0,265054.0,-0.7806810000000001,0.420241,PAK,ARE,6417
1196372,174,7,1029,2016.0,0.0,1373.0,0.958651,0.324888,PHL,ARE,6417
1196373,177,7,1029,2016.0,30682.0,0.0,1.1068959999999999,1.226985,POL,ARE,6417
1196374,179,7,1029,2016.0,3045.0,69930.0,0.661961,2.108517,PRT,ARE,6417
1196375,181,7,1029,2016.0,0.0,7630.0,0.09150900000000001,0.693397,PSE,ARE,6417
1196376,183,7,1029,2016.0,59837.0,3605292.0,-0.52984,-1.106589,QAT,ARE,6417
1196377,186,7,1029,2016.0,4552.0,0.0,0.086009,0.300039,RUS,ARE,6417
1196378,187,7,1029,2016.0,0.0,82317.0,-0.57693,-0.476909,RWA,ARE,6417
1196379,188,7,1029,2016.0,175706.0,22605002.0,0.00286,-0.764602,SAU,ARE,6417
1196380,190,7,1029,2016.0,0.0,293548.0,-1.276278,-1.183311,SDN,ARE,6417
1196381,191,7,1029,2016.0,3478.0,869871.0,-0.648644,-0.39857800000000004,SEN,ARE,6417
1196382,192,7,1029,2016.0,2101.0,34535.0,2.0149340000000002,0.613009,SGP,ARE,6417
1196383,196,7,1029,2016.0,0.0,46171.0,-0.25550500000000004,-0.44618800000000003,SLE,ARE,6417
1196384,199,7,1029,2016.0,0.0,27108.0,-1.2646629999999999,-1.067482,SOM,ARE,6417
1196385,201,7,1029,2016.0,0.0,4171.0,0.608136,1.38132,SRB,ARE,6417
1196386,208,7,1029,2016.0,44243.0,9183.0,1.731295,0.679562,SWE,ARE,6417
1196387,211,7,1029,2016.0,0.0,178825.0,0.321549,-0.610316,SYC,ARE,6417
1196388,212,7,1029,2016.0,0.0,2374.0,-0.78566,-0.006305,SYR,ARE,6417
1196389,214,7,1029,2016.0,0.0,2574.0,-2.434175,-1.113183,TCD,ARE,6417
1196390,216,7,1029,2016.0,20626.0,11039.0,1.3075860000000001,1.151426,THA,ARE,6417
1196391,219,7,1029,2016.0,0.0,541351.0,-1.017361,-1.22005,TKM,ARE,6417
1196392,224,7,1029,2016.0,2209748.0,15901.0,0.460247,2.3790400000000003,TUR,ARE,6417
1196393,226,7,1029,2016.0,0.0,76329.0,-1.01426,0.304263,TZA,ARE,6417
1196394,227,7,1029,2016.0,0.0,6886.0,-0.476836,0.641138,UGA,ARE,6417
1196395,231,7,1029,2016.0,879783.0,418299.0,1.6991900000000002,-0.146044,USA,ARE,6417
1196396,239,7,1029,2016.0,104962.0,1198.0,0.048214,0.6998810000000001,VNM,ARE,6417
1196397,243,7,1029,2016.0,0.0,141686.0,-0.99136,-1.1587049999999999,YEM,ARE,6417
1196398,246,7,1029,2016.0,5280.0,1579352.0,-0.029618000000000002,1.426834,ZAF,ARE,6417
1196399,247,7,1029,2016.0,0.0,12231.0,-0.9308350000000001,-1.029968,ZMB,ARE,6417
1196400,248,7,1029,2016.0,0.0,2328.0,-0.960175,-1.004593,ZWE,ARE,6417
1196401,249,7,1029,2016.0,380474.0,1198.0,2.028455,1.271167,TWN,ARE,6417
1196402,250,7,1029,2016.0,31714.0,3221.0,0.608271,-0.007568000000000001,ANS,ARE,6417
1196403,31,8,1029,2016.0,0.0,443948.0,-1.009709,-0.986669,BOL,ARG,6417
1196404,32,8,1029,2016.0,17986058.0,865855.0,0.284988,1.031028,BRA,ARG,6417
1196405,39,8,1029,2016.0,13013.0,0.0,0.541041,1.328065,CAN,ARG,6417
1196406,41,8,1029,2016.0,1423146.0,0.0,2.328616,0.832224,CHE,ARG,6417
1196407,42,8,1029,2016.0,1486391.0,11421741.0,-0.162923,-0.20607199999999998,CHL,ARG,6417
1196408,43,8,1029,2016.0,881082.0,0.0,1.249079,1.151045,CHN,ARG,6417
1196409,49,8,1029,2016.0,1202565.0,0.0,-0.040341,-0.20957699999999999,COL,ARG,6417
1196410,61,8,1029,2016.0,12699.0,0.0,2.307429,-2.341644,DEU,ARG,6417
1196411,64,8,1029,2016.0,20289.0,0.0,1.0572629999999998,1.4157540000000002,DNK,ARG,6417
1196412,67,8,1029,2016.0,0.0,6047.0,-1.032726,-1.034297,ECU,ARG,6417
1196413,71,8,1029,2016.0,41850.0,0.0,0.795006,2.203292,ESP,ARG,6417
1196414,74,8,1029,2016.0,31567.0,0.0,1.621764,1.026393,FIN,ARG,6417
1196415,77,8,1029,2016.0,203991.0,0.0,1.490723,0.8471559999999999,FRA,ARG,6417
1196416,81,8,1029,2016.0,16241.0,0.0,1.569616,1.048129,GBR,ARG,6417
1196417,93,8,1029,2016.0,0.0,11683.0,-0.397073,0.5736680000000001,GTM,ARG,6417
1196418,99,8,1029,2016.0,0.0,2678.0,-0.506029,-0.30843899999999996,HND,ARG,6417
1196419,103,8,1029,2016.0,233530.0,0.0,-0.013630000000000001,1.744404,IDN,ARG,6417
1196420,111,8,1029,2016.0,401904.0,3307.0,1.461526,0.316891,ITA,ARG,6417
1196421,121,8,1029,2016.0,5132.0,0.0,2.1686389999999998,0.798808,KOR,ARG,6417
1196422,138,8,1029,2016.0,53559.0,0.0,1.393506,0.64152,MEX,ARG,6417
1196423,162,8,1029,2016.0,3418.0,0.0,1.132192,1.412512,NLD,ARG,6417
1196424,173,8,1029,2016.0,0.0,136310.0,-0.818178,-0.0791,PER,ARG,6417
1196425,180,8,1029,2016.0,0.0,2043357.0,-0.665963,-0.967879,PRY,ARG,6417
1196426,208,8,1029,2016.0,4128.0,0.0,1.731295,0.679562,SWE,ARG,6417
1196427,224,8,1029,2016.0,0.0,37203.0,0.460247,2.3790400000000003,TUR,ARG,6417
1196428,230,8,1029,2016.0,891361.0,195620.0,0.040088,-0.27858499999999997,URY,ARG,6417
1196429,231,8,1029,2016.0,1076727.0,3395.0,1.6991900000000002,-0.146044,USA,ARG,6417
1196430,249,8,1029,2016.0,2547.0,0.0,2.028455,1.271167,TWN,ARG,6417
1196431,18,15,1029,2016.0,123854.0,172661.0,1.2947110000000002,1.113058,BEL,AUT,6417
1196432,23,15,1029,2016.0,24862.0,472682.0,0.509062,1.804648,BGR,AUT,6417
1196433,26,15,1029,2016.0,14898.0,8307.0,0.693416,0.8723540000000001,BIH,AUT,6417
1196434,39,15,1029,2016.0,315156.0,11701.0,0.541041,1.328065,CAN,AUT,6417
1196435,41,15,1029,2016.0,2313286.0,3234019.0,2.328616,0.832224,CHE,AUT,6417
1196436,43,15,1029,2016.0,43874.0,1972.0,1.249079,1.151045,CHN,AUT,6417
1196437,49,15,1029,2016.0,3889.0,0.0,-0.040341,-0.20957699999999999,COL,AUT,6417
1196438,58,15,1029,2016.0,0.0,17450.0,0.229275,-0.09704600000000001,CYP,AUT,6417
1196439,59,15,1029,2016.0,11742051.0,2772546.0,1.818585,0.341356,CZE,AUT,6417
1196440,61,15,1029,2016.0,50585196.0,12272995.0,2.307429,-2.341644,DEU,AUT,6417
1196441,64,15,1029,2016.0,18021.0,128822.0,1.0572629999999998,1.4157540000000002,DNK,AUT,6417
1196442,71,15,1029,2016.0,30004.0,345643.0,0.795006,2.203292,ESP,AUT,6417
1196443,72,15,1029,2016.0,19252.0,3087.0,0.958292,1.190173,EST,AUT,6417
1196444,74,15,1029,2016.0,136994.0,0.0,1.621764,1.026393,FIN,AUT,6417
1196445,75,15,1029,2016.0,0.0,75059.0,-0.370598,0.049875,FJI,AUT,6417
1196446,77,15,1029,2016.0,1808963.0,778713.0,1.490723,0.8471559999999999,FRA,AUT,6417
1196447,81,15,1029,2016.0,2228407.0,1608484.0,1.569616,1.048129,GBR,AUT,6417
1196448,82,15,1029,2016.0,0.0,9533.0,-0.269579,-0.317608,GEO,AUT,6417
1196449,90,15,1029,2016.0,12652.0,98730.0,0.053899,1.1259709999999998,GRC,AUT,6417
1196450,100,15,1029,2016.0,27573.0,61800.0,0.850619,1.39544,HRV,AUT,6417
1196451,102,15,1029,2016.0,1499336.0,3703745.0,1.7056069999999999,0.788768,HUN,AUT,6417
1196452,103,15,1029,2016.0,0.0,1004.0,-0.013630000000000001,1.744404,IDN,AUT,6417
1196453,106,15,1029,2016.0,0.0,1051.0,1.320777,0.057924,IRL,AUT,6417
1196454,111,15,1029,2016.0,5255061.0,936684.0,1.461526,0.316891,ITA,AUT,6417
1196455,114,15,1029,2016.0,0.0,1033.0,2.550074,-0.479725,JPN,AUT,6417
1196456,121,15,1029,2016.0,0.0,8967.0,2.1686389999999998,0.798808,KOR,AUT,6417
1196457,130,15,1029,2016.0,0.0,74390.0,0.6319130000000001,1.538765,LTU,AUT,6417
1196458,134,15,1029,2016.0,0.0,19429.0,-0.648329,-0.14071,MAR,AUT,6417
1196459,135,15,1029,2016.0,0.0,6662.0,-0.24173200000000003,0.010985,MDA,AUT,6417
1196460,153,15,1029,2016.0,0.0,19191.0,1.091156,0.8383370000000001,MYS,AUT,6417
1196461,162,15,1029,2016.0,953024.0,2106102.0,1.132192,1.412512,NLD,AUT,6417
1196462,163,15,1029,2016.0,0.0,2005.0,0.664183,0.206877,NOR,AUT,6417
1196463,168,15,1029,2016.0,49288.0,0.0,-0.7806810000000001,0.420241,PAK,AUT,6417
1196464,177,15,1029,2016.0,113653.0,141949.0,1.1068959999999999,1.226985,POL,AUT,6417
1196465,179,15,1029,2016.0,0.0,1402041.0,0.661961,2.108517,PRT,AUT,6417
1196466,185,15,1029,2016.0,14374.0,96229.0,1.176177,1.093489,ROU,AUT,6417
1196467,186,15,1029,2016.0,0.0,3531.0,0.086009,0.300039,RUS,AUT,6417
1196468,188,15,1029,2016.0,0.0,1053010.0,0.00286,-0.764602,SAU,AUT,6417
1196469,192,15,1029,2016.0,1165.0,0.0,2.0149340000000002,0.613009,SGP,AUT,6417
1196470,201,15,1029,2016.0,0.0,24158.0,0.608136,1.38132,SRB,AUT,6417
1196471,206,15,1029,2016.0,1242127.0,3771021.0,1.446588,0.811076,SVK,AUT,6417
1196472,207,15,1029,2016.0,450054.0,623301.0,1.7056200000000001,0.630058,SVN,AUT,6417
1196473,208,15,1029,2016.0,3310865.0,71594.0,1.731295,0.679562,SWE,AUT,6417
1196474,224,15,1029,2016.0,2978.0,98881.0,0.460247,2.3790400000000003,TUR,AUT,6417
1196475,228,15,1029,2016.0,2907.0,7899.0,0.240605,0.827153,UKR,AUT,6417
1196476,231,15,1029,2016.0,1180621.0,106259.0,1.6991900000000002,-0.146044,USA,AUT,6417
1196477,239,15,1029,2016.0,0.0,1007.0,0.048214,0.6998810000000001,VNM,AUT,6417
1196478,246,15,1029,2016.0,0.0,52245.0,-0.029618000000000002,1.426834,ZAF,AUT,6417
1196479,249,15,1029,2016.0,1656.0,0.0,2.028455,1.271167,TWN,AUT,6417
1196480,2,18,1029,2016.0,0.0,13759.0,-0.986722,-1.1941979999999999,AGO,BEL,6417
1196481,4,18,1029,2016.0,0.0,3689.0,-0.5783550000000001,-0.085516,ALB,BEL,6417
1196482,7,18,1029,2016.0,10129.0,35520.0,-0.019275,-0.18309,ARE,BEL,6417
1196483,9,18,1029,2016.0,0.0,1860.0,-0.252904,-0.614643,ARM,BEL,6417
1196484,14,18,1029,2016.0,0.0,31148.0,-0.585613,-0.245365,AUS,BEL,6417
1196485,15,18,1029,2016.0,172661.0,123854.0,1.743944,-0.051155,AUT,BEL,6417
1196486,16,18,1029,2016.0,0.0,2247.0,-1.111874,-1.2526059999999999,AZE,BEL,6417
1196487,21,18,1029,2016.0,0.0,4155.0,-0.861491,-0.9462379999999999,BFA,BEL,6417
1196488,22,18,1029,2016.0,1457.0,5246.0,-1.0177260000000001,-1.1010799999999998,BGD,BEL,6417
1196489,23,18,1029,2016.0,228854.0,397790.0,0.509062,1.804648,BGR,BEL,6417
1196490,24,18,1029,2016.0,0.0,4778.0,0.23993299999999998,-0.5320199999999999,BHR,BEL,6417
1196491,25,18,1029,2016.0,0.0,14390.0,0.453269,-0.48267899999999997,BHS,BEL,6417
1196492,28,18,1029,2016.0,0.0,1802.0,0.879499,0.897567,BLR,BEL,6417
1196493,39,18,1029,2016.0,31517.0,111228.0,0.541041,1.328065,CAN,BEL,6417
1196494,41,18,1029,2016.0,342831.0,88890.0,2.328616,0.832224,CHE,BEL,6417
1196495,43,18,1029,2016.0,433004.0,115930.0,1.249079,1.151045,CHN,BEL,6417
1196496,44,18,1029,2016.0,82065.0,55135.0,-0.977045,-0.8633299999999999,CIV,BEL,6417
1196497,45,18,1029,2016.0,0.0,53403.0,-1.1342969999999999,-1.101724,CMR,BEL,6417
1196498,46,18,1029,2016.0,0.0,33004.0,-1.093544,-1.126599,COD,BEL,6417
1196499,47,18,1029,2016.0,0.0,2070.0,-0.562294,-0.9770030000000001,COG,BEL,6417
1196500,49,18,1029,2016.0,3103.0,10303.0,-0.040341,-0.20957699999999999,COL,BEL,6417
1196501,52,18,1029,2016.0,0.0,11992.0,0.28594400000000003,0.131024,CRI,BEL,6417
1196502,58,18,1029,2016.0,0.0,5444.0,0.229275,-0.09704600000000001,CYP,BEL,6417
1196503,59,18,1029,2016.0,77377.0,22002.0,1.818585,0.341356,CZE,BEL,6417
1196504,61,18,1029,2016.0,24056976.0,3304390.0,2.307429,-2.341644,DEU,BEL,6417
1196505,62,18,1029,2016.0,0.0,9872.0,-0.267615,-0.787596,DJI,BEL,6417
1196506,64,18,1029,2016.0,28544.0,113719.0,1.0572629999999998,1.4157540000000002,DNK,BEL,6417
1196507,65,18,1029,2016.0,0.0,2641.0,-0.26926500000000003,0.046345,DOM,BEL,6417
1196508,66,18,1029,2016.0,0.0,4033.0,-1.243568,-1.232077,DZA,BEL,6417
1196509,67,18,1029,2016.0,0.0,1841.0,-1.032726,-1.034297,ECU,BEL,6417
1196510,68,18,1029,2016.0,0.0,8619.0,-0.202127,1.9342419999999998,EGY,BEL,6417
1196511,71,18,1029,2016.0,4814134.0,309074.0,0.795006,2.203292,ESP,BEL,6417
1196512,72,18,1029,2016.0,16248.0,26505.0,0.958292,1.190173,EST,BEL,6417
1196513,74,18,1029,2016.0,124152.0,56466.0,1.621764,1.026393,FIN,BEL,6417
1196514,77,18,1029,2016.0,63374540.0,10761804.0,1.490723,0.8471559999999999,FRA,BEL,6417
1196515,78,18,1029,2016.0,0.0,2112.0,-0.97739,-1.021066,FRO,BEL,6417
1196516,81,18,1029,2016.0,3779060.0,15658762.0,1.569616,1.048129,GBR,BEL,6417
1196517,82,18,1029,2016.0,0.0,2348.0,-0.269579,-0.317608,GEO,BEL,6417
1196518,83,18,1029,2016.0,0.0,7120.0,-0.9026200000000001,-0.877508,GHA,BEL,6417
1196519,85,18,1029,2016.0,0.0,14651.0,-1.461226,-1.196035,GIN,BEL,6417
1196520,87,18,1029,2016.0,0.0,14218.0,-0.710399,-0.8278629999999999,GMB,BEL,6417
1196521,90,18,1029,2016.0,322877.0,164514.0,0.053899,1.1259709999999998,GRC,BEL,6417
1196522,93,18,1029,2016.0,0.0,12424.0,-0.397073,0.5736680000000001,GTM,BEL,6417
1196523,99,18,1029,2016.0,0.0,26894.0,-0.506029,-0.30843899999999996,HND,BEL,6417
1196524,100,18,1029,2016.0,0.0,5899.0,0.850619,1.39544,HRV,BEL,6417
1196525,102,18,1029,2016.0,16352.0,31550.0,1.7056069999999999,0.788768,HUN,BEL,6417
1196526,104,18,1029,2016.0,242204.0,49863.0,0.223813,2.787547,IND,BEL,6417
1196527,106,18,1029,2016.0,7483.0,782944.0,1.320777,0.057924,IRL,BEL,6417
1196528,107,18,1029,2016.0,0.0,3610.0,-0.408637,-0.340544,IRN,BEL,6417
1196529,109,18,1029,2016.0,0.0,6592.0,0.099623,-0.404352,ISL,BEL,6417
1196530,110,18,1029,2016.0,0.0,129015.0,0.9932219999999999,0.7518819999999999,ISR,BEL,6417
1196531,111,18,1029,2016.0,6351000.0,957640.0,1.461526,0.316891,ITA,BEL,6417
1196532,113,18,1029,2016.0,0.0,15662.0,0.100333,0.020786000000000002,JOR,BEL,6417
1196533,114,18,1029,2016.0,1078.0,1021626.0,2.550074,-0.479725,JPN,BEL,6417
1196534,115,18,1029,2016.0,0.0,7181.0,-0.467305,-0.475451,KAZ,BEL,6417
1196535,116,18,1029,2016.0,0.0,1999.0,-0.483554,0.25645,KEN,BEL,6417
1196536,124,18,1029,2016.0,0.0,10439.0,0.385417,1.139648,LBN,BEL,6417
1196537,130,18,1029,2016.0,0.0,15693.0,0.6319130000000001,1.538765,LTU,BEL,6417
1196538,131,18,1029,2016.0,161019.0,523642.0,1.217021,1.401214,LUX,BEL,6417
1196539,132,18,1029,2016.0,0.0,21916.0,0.46748199999999995,1.228024,LVA,BEL,6417
1196540,134,18,1029,2016.0,0.0,123571.0,-0.648329,-0.14071,MAR,BEL,6417
1196541,136,18,1029,2016.0,6082.0,3073.0,-0.979632,-0.63626,MDG,BEL,6417
1196542,138,18,1029,2016.0,3482.0,5585.0,1.393506,0.64152,MEX,BEL,6417
1196543,142,18,1029,2016.0,0.0,12725.0,0.981182,-0.029401999999999998,MLT,BEL,6417
1196544,152,18,1029,2016.0,0.0,2532.0,-0.969781,-1.042325,MWI,BEL,6417
1196545,153,18,1029,2016.0,3966.0,0.0,1.091156,0.8383370000000001,MYS,BEL,6417
1196546,159,18,1029,2016.0,0.0,138600.0,-1.7380830000000003,-1.306938,NGA,BEL,6417
1196547,162,18,1029,2016.0,18382146.0,7105762.0,1.132192,1.412512,NLD,BEL,6417
1196548,163,18,1029,2016.0,0.0,47867.0,0.664183,0.206877,NOR,BEL,6417
1196549,166,18,1029,2016.0,0.0,8569.0,0.093306,0.194895,NZL,BEL,6417
1196550,168,18,1029,2016.0,0.0,1726.0,-0.7806810000000001,0.420241,PAK,BEL,6417
1196551,173,18,1029,2016.0,0.0,11518.0,-0.818178,-0.0791,PER,BEL,6417
1196552,177,18,1029,2016.0,121093.0,2837572.0,1.1068959999999999,1.226985,POL,BEL,6417
1196553,179,18,1029,2016.0,120548.0,82831.0,0.661961,2.108517,PRT,BEL,6417
1196554,185,18,1029,2016.0,9572.0,65729.0,1.176177,1.093489,ROU,BEL,6417
1196555,186,18,1029,2016.0,0.0,8623.0,0.086009,0.300039,RUS,BEL,6417
1196556,187,18,1029,2016.0,0.0,1835.0,-0.57693,-0.476909,RWA,BEL,6417
1196557,188,18,1029,2016.0,0.0,25635.0,0.00286,-0.764602,SAU,BEL,6417
1196558,191,18,1029,2016.0,0.0,105940.0,-0.648644,-0.39857800000000004,SEN,BEL,6417
1196559,197,18,1029,2016.0,0.0,38941.0,0.075546,0.317046,SLV,BEL,6417
1196560,201,18,1029,2016.0,0.0,51975.0,0.608136,1.38132,SRB,BEL,6417
1196561,206,18,1029,2016.0,250623.0,2564.0,1.446588,0.811076,SVK,BEL,6417
1196562,207,18,1029,2016.0,50240.0,6742.0,1.7056200000000001,0.630058,SVN,BEL,6417
1196563,208,18,1029,2016.0,3817243.0,1042991.0,1.731295,0.679562,SWE,BEL,6417
1196564,216,18,1029,2016.0,2528.0,4059.0,1.3075860000000001,1.151426,THA,BEL,6417
1196565,223,18,1029,2016.0,0.0,13661.0,0.27537399999999995,0.9474239999999999,TUN,BEL,6417
1196566,224,18,1029,2016.0,628246.0,196378.0,0.460247,2.3790400000000003,TUR,BEL,6417
1196567,228,18,1029,2016.0,0.0,2452.0,0.240605,0.827153,UKR,BEL,6417
1196568,231,18,1029,2016.0,529396.0,204354.0,1.6991900000000002,-0.146044,USA,BEL,6417
1196569,239,18,1029,2016.0,0.0,80528.0,0.048214,0.6998810000000001,VNM,BEL,6417
1196570,246,18,1029,2016.0,0.0,2618.0,-0.029618000000000002,1.426834,ZAF,BEL,6417
1196571,249,18,1029,2016.0,5796.0,63852.0,2.028455,1.271167,TWN,BEL,6417
1196572,4,23,1029,2016.0,0.0,784220.0,-0.5783550000000001,-0.085516,ALB,BGR,6417
1196573,7,23,1029,2016.0,0.0,7696.0,-0.019275,-0.18309,ARE,BGR,6417
1196574,9,23,1029,2016.0,0.0,247608.0,-0.252904,-0.614643,ARM,BGR,6417
1196575,15,23,1029,2016.0,472682.0,24862.0,1.743944,-0.051155,AUT,BGR,6417
1196576,18,23,1029,2016.0,397790.0,228854.0,1.2947110000000002,1.113058,BEL,BGR,6417
1196577,32,23,1029,2016.0,1246.0,0.0,0.284988,1.031028,BRA,BGR,6417
1196578,41,23,1029,2016.0,8448.0,0.0,2.328616,0.832224,CHE,BGR,6417
1196579,43,23,1029,2016.0,24626.0,0.0,1.249079,1.151045,CHN,BGR,6417
1196580,58,23,1029,2016.0,0.0,75970.0,0.229275,-0.09704600000000001,CYP,BGR,6417
1196581,59,23,1029,2016.0,44679.0,9699.0,1.818585,0.341356,CZE,BGR,6417
1196582,61,23,1029,2016.0,452488.0,335454.0,2.307429,-2.341644,DEU,BGR,6417
1196583,64,23,1029,2016.0,88795.0,1344.0,1.0572629999999998,1.4157540000000002,DNK,BGR,6417
1196584,71,23,1029,2016.0,3089.0,0.0,0.795006,2.203292,ESP,BGR,6417
1196585,72,23,1029,2016.0,0.0,186131.0,0.958292,1.190173,EST,BGR,6417
1196586,77,23,1029,2016.0,81834.0,102953.0,1.490723,0.8471559999999999,FRA,BGR,6417
1196587,81,23,1029,2016.0,16212.0,19309.0,1.569616,1.048129,GBR,BGR,6417
1196588,82,23,1029,2016.0,0.0,15120.0,-0.269579,-0.317608,GEO,BGR,6417
1196589,90,23,1029,2016.0,10363337.0,19270552.0,0.053899,1.1259709999999998,GRC,BGR,6417
1196590,93,23,1029,2016.0,0.0,760347.0,-0.397073,0.5736680000000001,GTM,BGR,6417
1196591,102,23,1029,2016.0,23489.0,103752.0,1.7056069999999999,0.788768,HUN,BGR,6417
1196592,107,23,1029,2016.0,3011.0,0.0,-0.408637,-0.340544,IRN,BGR,6417
1196593,110,23,1029,2016.0,0.0,43394.0,0.9932219999999999,0.7518819999999999,ISR,BGR,6417
1196594,111,23,1029,2016.0,1494719.0,61171.0,1.461526,0.316891,ITA,BGR,6417
1196595,122,23,1029,2016.0,0.0,13669.0,-0.401,-1.102991,KWT,BGR,6417
1196596,124,23,1029,2016.0,0.0,48219.0,0.385417,1.139648,LBN,BGR,6417
1196597,130,23,1029,2016.0,3979.0,370906.0,0.6319130000000001,1.538765,LTU,BGR,6417
1196598,132,23,1029,2016.0,13747.0,0.0,0.46748199999999995,1.228024,LVA,BGR,6417
1196599,135,23,1029,2016.0,0.0,1460.0,-0.24173200000000003,0.010985,MDA,BGR,6417
1196600,140,23,1029,2016.0,148665.0,4646395.0,-0.249664,-0.338412,MKD,BGR,6417
1196601,142,23,1029,2016.0,0.0,8975.0,0.981182,-0.029401999999999998,MLT,BGR,6417
1196602,144,23,1029,2016.0,0.0,6023.0,0.002245,-0.10263599999999999,MNE,BGR,6417
1196603,162,23,1029,2016.0,20263.0,64669.0,1.132192,1.412512,NLD,BGR,6417
1196604,177,23,1029,2016.0,54369.0,57431.0,1.1068959999999999,1.226985,POL,BGR,6417
1196605,179,23,1029,2016.0,0.0,1837.0,0.661961,2.108517,PRT,BGR,6417
1196606,185,23,1029,2016.0,9170004.0,1788437.0,1.176177,1.093489,ROU,BGR,6417
1196607,186,23,1029,2016.0,57785.0,0.0,0.086009,0.300039,RUS,BGR,6417
1196608,188,23,1029,2016.0,0.0,53961.0,0.00286,-0.764602,SAU,BGR,6417
1196609,201,23,1029,2016.0,88634.0,3063671.0,0.608136,1.38132,SRB,BGR,6417
1196610,206,23,1029,2016.0,89711.0,2755.0,1.446588,0.811076,SVK,BGR,6417
1196611,207,23,1029,2016.0,92673.0,0.0,1.7056200000000001,0.630058,SVN,BGR,6417
1196612,208,23,1029,2016.0,51736.0,0.0,1.731295,0.679562,SWE,BGR,6417
1196613,223,23,1029,2016.0,89033.0,0.0,0.27537399999999995,0.9474239999999999,TUN,BGR,6417
1196614,224,23,1029,2016.0,9545966.0,109466.0,0.460247,2.3790400000000003,TUR,BGR,6417
1196615,228,23,1029,2016.0,0.0,30508.0,0.240605,0.827153,UKR,BGR,6417
1196616,231,23,1029,2016.0,1009.0,0.0,1.6991900000000002,-0.146044,USA,BGR,6417
1196617,249,23,1029,2016.0,4974.0,0.0,2.028455,1.271167,TWN,BGR,6417
1196618,18,25,1029,2016.0,14390.0,0.0,1.2947110000000002,1.113058,BEL,BHS,6417
1196619,43,25,1029,2016.0,56727.0,0.0,1.249079,1.151045,CHN,BHS,6417
1196620,61,25,1029,2016.0,123107.0,0.0,2.307429,-2.341644,DEU,BHS,6417
1196621,90,25,1029,2016.0,2240.0,0.0,0.053899,1.1259709999999998,GRC,BHS,6417
1196622,97,25,1029,2016.0,2327.0,0.0,0.877619,1.0765790000000002,HKG,BHS,6417
1196623,104,25,1029,2016.0,0.0,2999.0,0.223813,2.787547,IND,BHS,6417
1196624,111,25,1029,2016.0,9643.0,0.0,1.461526,0.316891,ITA,BHS,6417
1196625,112,25,1029,2016.0,5389.0,0.0,-0.25619400000000003,-0.62326,JAM,BHS,6417
1196626,224,25,1029,2016.0,26666.0,0.0,0.460247,2.3790400000000003,TUR,BHS,6417
1196627,231,25,1029,2016.0,3629508.0,18534.0,1.6991900000000002,-0.146044,USA,BHS,6417
1196628,250,25,1029,2016.0,3755.0,0.0,0.608271,-0.007568000000000001,ANS,BHS,6417
1196629,0,32,1029,2016.0,0.0,65402.0,0.7897,0.359562,ABW,BRA,6417
1196630,7,32,1029,2016.0,0.0,77362.0,-0.019275,-0.18309,ARE,BRA,6417
1196631,8,32,1029,2016.0,865855.0,17986058.0,-0.334847,0.24145100000000003,ARG,BRA,6417
1196632,23,32,1029,2016.0,0.0,1246.0,0.509062,1.804648,BGR,BRA,6417
1196633,31,32,1029,2016.0,0.0,750195.0,-1.009709,-0.986669,BOL,BRA,6417
1196634,39,32,1029,2016.0,1124.0,294841.0,0.541041,1.328065,CAN,BRA,6417
1196635,41,32,1029,2016.0,107708.0,0.0,2.328616,0.832224,CHE,BRA,6417
1196636,42,32,1029,2016.0,503889.0,1381328.0,-0.162923,-0.20607199999999998,CHL,BRA,6417
1196637,43,32,1029,2016.0,1179781.0,1361109.0,1.249079,1.151045,CHN,BRA,6417
1196638,49,32,1029,2016.0,0.0,365874.0,-0.040341,-0.20957699999999999,COL,BRA,6417
1196639,51,32,1029,2016.0,0.0,2122.0,0.13810899999999998,-0.598819,CPV,BRA,6417
1196640,59,32,1029,2016.0,149813.0,0.0,1.818585,0.341356,CZE,BRA,6417
1196641,61,32,1029,2016.0,328963.0,11429.0,2.307429,-2.341644,DEU,BRA,6417
1196642,64,32,1029,2016.0,56964.0,0.0,1.0572629999999998,1.4157540000000002,DNK,BRA,6417
1196643,65,32,1029,2016.0,0.0,3812.0,-0.26926500000000003,0.046345,DOM,BRA,6417
1196644,67,32,1029,2016.0,0.0,457758.0,-1.032726,-1.034297,ECU,BRA,6417
1196645,71,32,1029,2016.0,72252.0,0.0,0.795006,2.203292,ESP,BRA,6417
1196646,72,32,1029,2016.0,1457.0,0.0,0.958292,1.190173,EST,BRA,6417
1196647,77,32,1029,2016.0,287510.0,27460.0,1.490723,0.8471559999999999,FRA,BRA,6417
1196648,81,32,1029,2016.0,171436.0,0.0,1.569616,1.048129,GBR,BRA,6417
1196649,87,32,1029,2016.0,0.0,108414.0,-0.710399,-0.8278629999999999,GMB,BRA,6417
1196650,90,32,1029,2016.0,0.0,6205.0,0.053899,1.1259709999999998,GRC,BRA,6417
1196651,93,32,1029,2016.0,0.0,42641.0,-0.397073,0.5736680000000001,GTM,BRA,6417
1196652,97,32,1029,2016.0,21988.0,0.0,0.877619,1.0765790000000002,HKG,BRA,6417
1196653,100,32,1029,2016.0,0.0,388969.0,0.850619,1.39544,HRV,BRA,6417
1196654,103,32,1029,2016.0,285363.0,0.0,-0.013630000000000001,1.744404,IDN,BRA,6417
1196655,110,32,1029,2016.0,0.0,38353.0,0.9932219999999999,0.7518819999999999,ISR,BRA,6417
1196656,111,32,1029,2016.0,557851.0,1070.0,1.461526,0.316891,ITA,BRA,6417
1196657,114,32,1029,2016.0,63747.0,0.0,2.550074,-0.479725,JPN,BRA,6417
1196658,121,32,1029,2016.0,19591.0,0.0,2.1686389999999998,0.798808,KOR,BRA,6417
1196659,122,32,1029,2016.0,0.0,175773.0,-0.401,-1.102991,KWT,BRA,6417
1196660,131,32,1029,2016.0,5016.0,0.0,1.217021,1.401214,LUX,BRA,6417
1196661,138,32,1029,2016.0,347725.0,964295.0,1.393506,0.64152,MEX,BRA,6417
1196662,153,32,1029,2016.0,0.0,97286.0,1.091156,0.8383370000000001,MYS,BRA,6417
1196663,160,32,1029,2016.0,0.0,45051.0,-0.954131,-0.9000389999999999,NIC,BRA,6417
1196664,162,32,1029,2016.0,7405.0,0.0,1.132192,1.412512,NLD,BRA,6417
1196665,168,32,1029,2016.0,0.0,139994.0,-0.7806810000000001,0.420241,PAK,BRA,6417
1196666,173,32,1029,2016.0,9686.0,656241.0,-0.818178,-0.0791,PER,BRA,6417
1196667,177,32,1029,2016.0,19726.0,0.0,1.1068959999999999,1.226985,POL,BRA,6417
1196668,179,32,1029,2016.0,50122.0,2688.0,0.661961,2.108517,PRT,BRA,6417
1196669,180,32,1029,2016.0,0.0,1740305.0,-0.665963,-0.967879,PRY,BRA,6417
1196670,181,32,1029,2016.0,0.0,135562.0,0.09150900000000001,0.693397,PSE,BRA,6417
1196671,183,32,1029,2016.0,9929.0,0.0,-0.52984,-1.106589,QAT,BRA,6417
1196672,188,32,1029,2016.0,0.0,22658.0,0.00286,-0.764602,SAU,BRA,6417
1196673,192,32,1029,2016.0,0.0,351184.0,2.0149340000000002,0.613009,SGP,BRA,6417
1196674,201,32,1029,2016.0,0.0,45526.0,0.608136,1.38132,SRB,BRA,6417
1196675,208,32,1029,2016.0,182179.0,0.0,1.731295,0.679562,SWE,BRA,6417
1196676,222,32,1029,2016.0,0.0,5720.0,-0.184575,-0.9999889999999999,TTO,BRA,6417
1196677,230,32,1029,2016.0,612405.0,1186005.0,0.040088,-0.27858499999999997,URY,BRA,6417
1196678,231,32,1029,2016.0,444326.0,3916697.0,1.6991900000000002,-0.146044,USA,BRA,6417
1196679,236,32,1029,2016.0,0.0,436208.0,-1.2837120000000002,-1.2503879999999998,VEN,BRA,6417
1196680,246,32,1029,2016.0,0.0,306404.0,-0.029618000000000002,1.426834,ZAF,BRA,6417
1196681,249,32,1029,2016.0,7463.0,0.0,2.028455,1.271167,TWN,BRA,6417
1196682,13,33,1029,2016.0,0.0,6678.0,0.141771,-0.503847,ATG,BRB,6417
1196683,43,33,1029,2016.0,7351.0,0.0,1.249079,1.151045,CHN,BRB,6417
1196684,52,33,1029,2016.0,2556.0,0.0,0.28594400000000003,0.131024,CRI,BRB,6417
1196685,63,33,1029,2016.0,0.0,2157.0,0.185043,-0.14673599999999998,DMA,BRB,6417
1196686,71,33,1029,2016.0,22811.0,0.0,0.795006,2.203292,ESP,BRB,6417
1196687,81,33,1029,2016.0,4637.0,0.0,1.569616,1.048129,GBR,BRB,6417
1196688,91,33,1029,2016.0,0.0,21228.0,1.002307,-0.011001,GRD,BRB,6417
1196689,127,33,1029,2016.0,0.0,14556.0,0.585987,-0.298057,LCA,BRB,6417
1196690,162,33,1029,2016.0,1728.0,0.0,1.132192,1.412512,NLD,BRB,6417
1196691,222,33,1029,2016.0,431396.0,0.0,-0.184575,-0.9999889999999999,TTO,BRB,6417
1196692,224,33,1029,2016.0,9521.0,0.0,0.460247,2.3790400000000003,TUR,BRB,6417
1196693,231,33,1029,2016.0,612363.0,0.0,1.6991900000000002,-0.146044,USA,BRB,6417
1196694,234,33,1029,2016.0,0.0,6308.0,-0.15301099999999998,-0.789267,VCT,BRB,6417
1196695,7,39,1029,2016.0,95105.0,2719.0,-0.019275,-0.18309,ARE,CAN,6417
1196696,8,39,1029,2016.0,0.0,13013.0,-0.334847,0.24145100000000003,ARG,CAN,6417
1196697,14,39,1029,2016.0,4193.0,1706396.0,-0.585613,-0.245365,AUS,CAN,6417
1196698,15,39,1029,2016.0,11701.0,315156.0,1.743944,-0.051155,AUT,CAN,6417
1196699,17,39,1029,2016.0,0.0,8512.0,-0.761608,-0.959908,BDI,CAN,6417
1196700,18,39,1029,2016.0,111228.0,31517.0,1.2947110000000002,1.113058,BEL,CAN,6417
1196701,24,39,1029,2016.0,0.0,1239.0,0.23993299999999998,-0.5320199999999999,BHR,CAN,6417
1196702,26,39,1029,2016.0,0.0,6022.0,0.693416,0.8723540000000001,BIH,CAN,6417
1196703,30,39,1029,2016.0,0.0,2523.0,1.132838,-0.512521,BMU,CAN,6417
1196704,32,39,1029,2016.0,294841.0,1124.0,0.284988,1.031028,BRA,CAN,6417
1196705,41,39,1029,2016.0,1519.0,2835.0,2.328616,0.832224,CHE,CAN,6417
1196706,42,39,1029,2016.0,0.0,91858.0,-0.162923,-0.20607199999999998,CHL,CAN,6417
1196707,43,39,1029,2016.0,3700145.0,139652.0,1.249079,1.151045,CHN,CAN,6417
1196708,49,39,1029,2016.0,198970.0,3043.0,-0.040341,-0.20957699999999999,COL,CAN,6417
1196709,52,39,1029,2016.0,0.0,115587.0,0.28594400000000003,0.131024,CRI,CAN,6417
1196710,59,39,1029,2016.0,278725.0,0.0,1.818585,0.341356,CZE,CAN,6417
1196711,61,39,1029,2016.0,78615.0,203066.0,2.307429,-2.341644,DEU,CAN,6417
1196712,64,39,1029,2016.0,80388.0,0.0,1.0572629999999998,1.4157540000000002,DNK,CAN,6417
1196713,65,39,1029,2016.0,80287.0,193945.0,-0.26926500000000003,0.046345,DOM,CAN,6417
1196714,67,39,1029,2016.0,0.0,22283.0,-1.032726,-1.034297,ECU,CAN,6417
1196715,68,39,1029,2016.0,1375.0,0.0,-0.202127,1.9342419999999998,EGY,CAN,6417
1196716,71,39,1029,2016.0,2389.0,222017.0,0.795006,2.203292,ESP,CAN,6417
1196717,74,39,1029,2016.0,77286.0,54949.0,1.621764,1.026393,FIN,CAN,6417
1196718,77,39,1029,2016.0,5331046.0,7777.0,1.490723,0.8471559999999999,FRA,CAN,6417
1196719,81,39,1029,2016.0,67763.0,1238187.0,1.569616,1.048129,GBR,CAN,6417
1196720,83,39,1029,2016.0,0.0,1580.0,-0.9026200000000001,-0.877508,GHA,CAN,6417
1196721,90,39,1029,2016.0,5474.0,0.0,0.053899,1.1259709999999998,GRC,CAN,6417
1196722,91,39,1029,2016.0,0.0,41491.0,1.002307,-0.011001,GRD,CAN,6417
1196723,93,39,1029,2016.0,0.0,126029.0,-0.397073,0.5736680000000001,GTM,CAN,6417
1196724,97,39,1029,2016.0,7426.0,216493.0,0.877619,1.0765790000000002,HKG,CAN,6417
1196725,99,39,1029,2016.0,4782.0,169283.0,-0.506029,-0.30843899999999996,HND,CAN,6417
1196726,103,39,1029,2016.0,2900838.0,0.0,-0.013630000000000001,1.744404,IDN,CAN,6417
1196727,104,39,1029,2016.0,9608.0,88739.0,0.223813,2.787547,IND,CAN,6417
1196728,106,39,1029,2016.0,5910.0,0.0,1.320777,0.057924,IRL,CAN,6417
1196729,110,39,1029,2016.0,3553.0,850092.0,0.9932219999999999,0.7518819999999999,ISR,CAN,6417
1196730,111,39,1029,2016.0,71490.0,35156.0,1.461526,0.316891,ITA,CAN,6417
1196731,112,39,1029,2016.0,0.0,79768.0,-0.25619400000000003,-0.62326,JAM,CAN,6417
1196732,113,39,1029,2016.0,0.0,10333.0,0.100333,0.020786000000000002,JOR,CAN,6417
1196733,114,39,1029,2016.0,1471626.0,17446.0,2.550074,-0.479725,JPN,CAN,6417
1196734,120,39,1029,2016.0,0.0,2641.0,0.8190890000000001,-0.24463400000000002,KNA,CAN,6417
1196735,121,39,1029,2016.0,29895.0,1023.0,2.1686389999999998,0.798808,KOR,CAN,6417
1196736,122,39,1029,2016.0,0.0,12253.0,-0.401,-1.102991,KWT,CAN,6417
1196737,124,39,1029,2016.0,0.0,165966.0,0.385417,1.139648,LBN,CAN,6417
1196738,138,39,1029,2016.0,1250105.0,330927.0,1.393506,0.64152,MEX,CAN,6417
1196739,148,39,1029,2016.0,0.0,1391.0,-1.5601770000000001,-1.3474899999999999,MRT,CAN,6417
1196740,153,39,1029,2016.0,24967.0,0.0,1.091156,0.8383370000000001,MYS,CAN,6417
1196741,159,39,1029,2016.0,0.0,41013.0,-1.7380830000000003,-1.306938,NGA,CAN,6417
1196742,161,39,1029,2016.0,0.0,105939.0,1.6379139999999999,0.098521,NIU,CAN,6417
1196743,162,39,1029,2016.0,1873488.0,47725.0,1.132192,1.412512,NLD,CAN,6417
1196744,166,39,1029,2016.0,1281.0,0.0,0.093306,0.194895,NZL,CAN,6417
1196745,168,39,1029,2016.0,1006.0,6488.0,-0.7806810000000001,0.420241,PAK,CAN,6417
1196746,173,39,1029,2016.0,0.0,23460.0,-0.818178,-0.0791,PER,CAN,6417
1196747,174,39,1029,2016.0,8968.0,37248.0,0.958651,0.324888,PHL,CAN,6417
1196748,177,39,1029,2016.0,5434.0,106419.0,1.1068959999999999,1.226985,POL,CAN,6417
1196749,179,39,1029,2016.0,6734.0,17982.0,0.661961,2.108517,PRT,CAN,6417
1196750,181,39,1029,2016.0,0.0,14560.0,0.09150900000000001,0.693397,PSE,CAN,6417
1196751,191,39,1029,2016.0,2411.0,0.0,-0.648644,-0.39857800000000004,SEN,CAN,6417
1196752,192,39,1029,2016.0,0.0,17853.0,2.0149340000000002,0.613009,SGP,CAN,6417
1196753,197,39,1029,2016.0,0.0,15693.0,0.075546,0.317046,SLV,CAN,6417
1196754,208,39,1029,2016.0,1619359.0,19168.0,1.731295,0.679562,SWE,CAN,6417
1196755,212,39,1029,2016.0,0.0,14148.0,-0.78566,-0.006305,SYR,CAN,6417
1196756,216,39,1029,2016.0,0.0,210104.0,1.3075860000000001,1.151426,THA,CAN,6417
1196757,224,39,1029,2016.0,184923.0,594762.0,0.460247,2.3790400000000003,TUR,CAN,6417
1196758,226,39,1029,2016.0,0.0,16279.0,-1.01426,0.304263,TZA,CAN,6417
1196759,228,39,1029,2016.0,0.0,1024.0,0.240605,0.827153,UKR,CAN,6417
1196760,231,39,1029,2016.0,253428048.0,199254336.0,1.6991900000000002,-0.146044,USA,CAN,6417
1196761,239,39,1029,2016.0,155429.0,0.0,0.048214,0.6998810000000001,VNM,CAN,6417
1196762,246,39,1029,2016.0,0.0,36513.0,-0.029618000000000002,1.426834,ZAF,CAN,6417
1196763,249,39,1029,2016.0,28257.0,0.0,2.028455,1.271167,TWN,CAN,6417
1196764,7,41,1029,2016.0,1300.0,29168.0,-0.019275,-0.18309,ARE,CHE,6417
1196765,8,41,1029,2016.0,0.0,1423146.0,-0.334847,0.24145100000000003,ARG,CHE,6417
1196766,14,41,1029,2016.0,0.0,9785.0,-0.585613,-0.245365,AUS,CHE,6417
1196767,15,41,1029,2016.0,3234019.0,2313286.0,1.743944,-0.051155,AUT,CHE,6417
1196768,18,41,1029,2016.0,88890.0,342831.0,1.2947110000000002,1.113058,BEL,CHE,6417
1196769,22,41,1029,2016.0,0.0,18488.0,-1.0177260000000001,-1.1010799999999998,BGD,CHE,6417
1196770,23,41,1029,2016.0,0.0,8448.0,0.509062,1.804648,BGR,CHE,6417
1196771,24,41,1029,2016.0,0.0,13938.0,0.23993299999999998,-0.5320199999999999,BHR,CHE,6417
1196772,28,41,1029,2016.0,0.0,19975.0,0.879499,0.897567,BLR,CHE,6417
1196773,32,41,1029,2016.0,0.0,107708.0,0.284988,1.031028,BRA,CHE,6417
1196774,39,41,1029,2016.0,2835.0,1519.0,0.541041,1.328065,CAN,CHE,6417
1196775,43,41,1029,2016.0,75478.0,5029244.0,1.249079,1.151045,CHN,CHE,6417
1196776,49,41,1029,2016.0,6642.0,8238.0,-0.040341,-0.20957699999999999,COL,CHE,6417
1196777,59,41,1029,2016.0,311387.0,82658.0,1.818585,0.341356,CZE,CHE,6417
1196778,61,41,1029,2016.0,16483790.0,22138644.0,2.307429,-2.341644,DEU,CHE,6417
1196779,64,41,1029,2016.0,20502.0,0.0,1.0572629999999998,1.4157540000000002,DNK,CHE,6417
1196780,68,41,1029,2016.0,0.0,200548.0,-0.202127,1.9342419999999998,EGY,CHE,6417
1196781,71,41,1029,2016.0,339596.0,244978.0,0.795006,2.203292,ESP,CHE,6417
1196782,74,41,1029,2016.0,51345.0,5282.0,1.621764,1.026393,FIN,CHE,6417
1196783,77,41,1029,2016.0,2470039.0,743389.0,1.490723,0.8471559999999999,FRA,CHE,6417
1196784,81,41,1029,2016.0,1745528.0,62192.0,1.569616,1.048129,GBR,CHE,6417
1196785,90,41,1029,2016.0,0.0,4658197.0,0.053899,1.1259709999999998,GRC,CHE,6417
1196786,97,41,1029,2016.0,5074.0,1997577.0,0.877619,1.0765790000000002,HKG,CHE,6417
1196787,100,41,1029,2016.0,0.0,386166.0,0.850619,1.39544,HRV,CHE,6417
1196788,102,41,1029,2016.0,60340.0,312891.0,1.7056069999999999,0.788768,HUN,CHE,6417
1196789,103,41,1029,2016.0,0.0,55847.0,-0.013630000000000001,1.744404,IDN,CHE,6417
1196790,104,41,1029,2016.0,65911.0,353566.0,0.223813,2.787547,IND,CHE,6417
1196791,106,41,1029,2016.0,0.0,17556.0,1.320777,0.057924,IRL,CHE,6417
1196792,107,41,1029,2016.0,0.0,39836.0,-0.408637,-0.340544,IRN,CHE,6417
1196793,110,41,1029,2016.0,51436.0,0.0,0.9932219999999999,0.7518819999999999,ISR,CHE,6417
1196794,111,41,1029,2016.0,4581383.0,14953228.0,1.461526,0.316891,ITA,CHE,6417
1196795,114,41,1029,2016.0,0.0,1775237.0,2.550074,-0.479725,JPN,CHE,6417
1196796,121,41,1029,2016.0,2997.0,16100.0,2.1686389999999998,0.798808,KOR,CHE,6417
1196797,122,41,1029,2016.0,0.0,3157.0,-0.401,-1.102991,KWT,CHE,6417
1196798,124,41,1029,2016.0,0.0,7088.0,0.385417,1.139648,LBN,CHE,6417
1196799,132,41,1029,2016.0,1012.0,0.0,0.46748199999999995,1.228024,LVA,CHE,6417
1196800,134,41,1029,2016.0,0.0,4483.0,-0.648329,-0.14071,MAR,CHE,6417
1196801,138,41,1029,2016.0,1060.0,893022.0,1.393506,0.64152,MEX,CHE,6417
1196802,140,41,1029,2016.0,3324.0,0.0,-0.249664,-0.338412,MKD,CHE,6417
1196803,141,41,1029,2016.0,0.0,1094.0,-0.405979,-0.6190869999999999,MLI,CHE,6417
1196804,142,41,1029,2016.0,0.0,2257.0,0.981182,-0.029401999999999998,MLT,CHE,6417
1196805,151,41,1029,2016.0,1067.0,1722.0,-0.334969,0.005404,MUS,CHE,6417
1196806,153,41,1029,2016.0,0.0,85273.0,1.091156,0.8383370000000001,MYS,CHE,6417
1196807,162,41,1029,2016.0,1280078.0,639363.0,1.132192,1.412512,NLD,CHE,6417
1196808,163,41,1029,2016.0,8961.0,52090.0,0.664183,0.206877,NOR,CHE,6417
1196809,168,41,1029,2016.0,0.0,19724.0,-0.7806810000000001,0.420241,PAK,CHE,6417
1196810,173,41,1029,2016.0,0.0,3001.0,-0.818178,-0.0791,PER,CHE,6417
1196811,177,41,1029,2016.0,1415656.0,4689222.0,1.1068959999999999,1.226985,POL,CHE,6417
1196812,179,41,1029,2016.0,47667.0,89894.0,0.661961,2.108517,PRT,CHE,6417
1196813,185,41,1029,2016.0,5024.0,19642.0,1.176177,1.093489,ROU,CHE,6417
1196814,186,41,1029,2016.0,0.0,827436.0,0.086009,0.300039,RUS,CHE,6417
1196815,188,41,1029,2016.0,0.0,19516.0,0.00286,-0.764602,SAU,CHE,6417
1196816,192,41,1029,2016.0,2645.0,9094.0,2.0149340000000002,0.613009,SGP,CHE,6417
1196817,201,41,1029,2016.0,5763.0,4745.0,0.608136,1.38132,SRB,CHE,6417
1196818,206,41,1029,2016.0,15751.0,10216.0,1.446588,0.811076,SVK,CHE,6417
1196819,207,41,1029,2016.0,2477.0,10554.0,1.7056200000000001,0.630058,SVN,CHE,6417
1196820,208,41,1029,2016.0,413665.0,2159463.0,1.731295,0.679562,SWE,CHE,6417
1196821,216,41,1029,2016.0,1010.0,81592.0,1.3075860000000001,1.151426,THA,CHE,6417
1196822,223,41,1029,2016.0,12097.0,6280.0,0.27537399999999995,0.9474239999999999,TUN,CHE,6417
1196823,224,41,1029,2016.0,2560.0,42721.0,0.460247,2.3790400000000003,TUR,CHE,6417
1196824,228,41,1029,2016.0,522620.0,97431.0,0.240605,0.827153,UKR,CHE,6417
1196825,231,41,1029,2016.0,502340.0,78966.0,1.6991900000000002,-0.146044,USA,CHE,6417
1196826,246,41,1029,2016.0,0.0,15071.0,-0.029618000000000002,1.426834,ZAF,CHE,6417
1196827,249,41,1029,2016.0,0.0,2991.0,2.028455,1.271167,TWN,CHE,6417
1196828,8,42,1029,2016.0,11421741.0,1486391.0,-0.334847,0.24145100000000003,ARG,CHL,6417
1196829,14,42,1029,2016.0,0.0,10914.0,-0.585613,-0.245365,AUS,CHL,6417
1196830,31,42,1029,2016.0,3744.0,115698.0,-1.009709,-0.986669,BOL,CHL,6417
1196831,32,42,1029,2016.0,1381328.0,503889.0,0.284988,1.031028,BRA,CHL,6417
1196832,39,42,1029,2016.0,91858.0,0.0,0.541041,1.328065,CAN,CHL,6417
1196833,43,42,1029,2016.0,2663272.0,1190.0,1.249079,1.151045,CHN,CHL,6417
1196834,49,42,1029,2016.0,3460.0,2968.0,-0.040341,-0.20957699999999999,COL,CHL,6417
1196835,57,42,1029,2016.0,663932.0,0.0,1.0380559999999999,-0.69484,CYM,CHL,6417
1196836,59,42,1029,2016.0,452956.0,0.0,1.818585,0.341356,CZE,CHL,6417
1196837,61,42,1029,2016.0,652804.0,71198.0,2.307429,-2.341644,DEU,CHL,6417
1196838,64,42,1029,2016.0,275656.0,0.0,1.0572629999999998,1.4157540000000002,DNK,CHL,6417
1196839,65,42,1029,2016.0,0.0,11858.0,-0.26926500000000003,0.046345,DOM,CHL,6417
1196840,67,42,1029,2016.0,5156.0,6183289.0,-1.032726,-1.034297,ECU,CHL,6417
1196841,71,42,1029,2016.0,1221338.0,32625.0,0.795006,2.203292,ESP,CHL,6417
1196842,77,42,1029,2016.0,192397.0,0.0,1.490723,0.8471559999999999,FRA,CHL,6417
1196843,81,42,1029,2016.0,184421.0,949306.0,1.569616,1.048129,GBR,CHL,6417
1196844,93,42,1029,2016.0,220222.0,0.0,-0.397073,0.5736680000000001,GTM,CHL,6417
1196845,103,42,1029,2016.0,747903.0,0.0,-0.013630000000000001,1.744404,IDN,CHL,6417
1196846,111,42,1029,2016.0,5834238.0,143758.0,1.461526,0.316891,ITA,CHL,6417
1196847,112,42,1029,2016.0,0.0,9267.0,-0.25619400000000003,-0.62326,JAM,CHL,6417
1196848,121,42,1029,2016.0,21064.0,0.0,2.1686389999999998,0.798808,KOR,CHL,6417
1196849,138,42,1029,2016.0,525004.0,137284.0,1.393506,0.64152,MEX,CHL,6417
1196850,160,42,1029,2016.0,0.0,314873.0,-0.954131,-0.9000389999999999,NIC,CHL,6417
1196851,162,42,1029,2016.0,69364.0,0.0,1.132192,1.412512,NLD,CHL,6417
1196852,166,42,1029,2016.0,0.0,2607.0,0.093306,0.194895,NZL,CHL,6417
1196853,169,42,1029,2016.0,4475.0,0.0,0.731258,0.649917,PAN,CHL,6417
1196854,173,42,1029,2016.0,3384731.0,557348.0,-0.818178,-0.0791,PER,CHL,6417
1196855,177,42,1029,2016.0,0.0,10572.0,1.1068959999999999,1.226985,POL,CHL,6417
1196856,179,42,1029,2016.0,73983.0,5650.0,0.661961,2.108517,PRT,CHL,6417
1196857,180,42,1029,2016.0,0.0,21649.0,-0.665963,-0.967879,PRY,CHL,6417
1196858,192,42,1029,2016.0,44235.0,0.0,2.0149340000000002,0.613009,SGP,CHL,6417
1196859,197,42,1029,2016.0,697790.0,453166.0,0.075546,0.317046,SLV,CHL,6417
1196860,207,42,1029,2016.0,19175.0,0.0,1.7056200000000001,0.630058,SVN,CHL,6417
1196861,216,42,1029,2016.0,1318.0,0.0,1.3075860000000001,1.151426,THA,CHL,6417
1196862,224,42,1029,2016.0,126827.0,0.0,0.460247,2.3790400000000003,TUR,CHL,6417
1196863,231,42,1029,2016.0,834718.0,2031511.0,1.6991900000000002,-0.146044,USA,CHL,6417
1196864,250,42,1029,2016.0,2549.0,0.0,0.608271,-0.007568000000000001,ANS,CHL,6417
1196865,0,43,1029,2016.0,0.0,21452.0,0.7897,0.359562,ABW,CHN,6417
1196866,1,43,1029,2016.0,0.0,31999.0,-1.44133,-0.9938950000000001,AFG,CHN,6417
1196867,2,43,1029,2016.0,0.0,445791.0,-0.986722,-1.1941979999999999,AGO,CHN,6417
1196868,4,43,1029,2016.0,0.0,12235.0,-0.5783550000000001,-0.085516,ALB,CHN,6417
1196869,7,43,1029,2016.0,12023.0,8590283.0,-0.019275,-0.18309,ARE,CHN,6417
1196870,8,43,1029,2016.0,0.0,881082.0,-0.334847,0.24145100000000003,ARG,CHN,6417
1196871,9,43,1029,2016.0,0.0,22511.0,-0.252904,-0.614643,ARM,CHN,6417
1196872,14,43,1029,2016.0,9206.0,65058440.0,-0.585613,-0.245365,AUS,CHN,6417
1196873,15,43,1029,2016.0,1972.0,43874.0,1.743944,-0.051155,AUT,CHN,6417
1196874,16,43,1029,2016.0,0.0,11958.0,-1.111874,-1.2526059999999999,AZE,CHN,6417
1196875,17,43,1029,2016.0,0.0,1152.0,-0.761608,-0.959908,BDI,CHN,6417
1196876,18,43,1029,2016.0,115930.0,433004.0,1.2947110000000002,1.113058,BEL,CHN,6417
1196877,19,43,1029,2016.0,0.0,241287.0,-0.863777,-0.913193,BEN,CHN,6417
1196878,22,43,1029,2016.0,0.0,1988171.0,-1.0177260000000001,-1.1010799999999998,BGD,CHN,6417
1196879,23,43,1029,2016.0,0.0,24626.0,0.509062,1.804648,BGR,CHN,6417
1196880,24,43,1029,2016.0,0.0,93013.0,0.23993299999999998,-0.5320199999999999,BHR,CHN,6417
1196881,25,43,1029,2016.0,0.0,56727.0,0.453269,-0.48267899999999997,BHS,CHN,6417
1196882,26,43,1029,2016.0,0.0,4237.0,0.693416,0.8723540000000001,BIH,CHN,6417
1196883,28,43,1029,2016.0,0.0,27126.0,0.879499,0.897567,BLR,CHN,6417
1196884,29,43,1029,2016.0,0.0,8141.0,-0.460532,-0.6068899999999999,BLZ,CHN,6417
1196885,31,43,1029,2016.0,0.0,382003.0,-1.009709,-0.986669,BOL,CHN,6417
1196886,32,43,1029,2016.0,1361109.0,1179781.0,0.284988,1.031028,BRA,CHN,6417
1196887,33,43,1029,2016.0,0.0,7351.0,0.598214,0.054758,BRB,CHN,6417
1196888,34,43,1029,2016.0,0.0,156804.0,-1.082406,-0.9169309999999999,BRN,CHN,6417
1196889,37,43,1029,2016.0,0.0,96303.0,-0.9498989999999999,-1.2495319999999999,BWA,CHN,6417
1196890,39,43,1029,2016.0,139652.0,3700145.0,0.541041,1.328065,CAN,CHN,6417
1196891,41,43,1029,2016.0,5029244.0,75478.0,2.328616,0.832224,CHE,CHN,6417
1196892,42,43,1029,2016.0,1190.0,2663272.0,-0.162923,-0.20607199999999998,CHL,CHN,6417
1196893,44,43,1029,2016.0,0.0,190017.0,-0.977045,-0.8633299999999999,CIV,CHN,6417
1196894,45,43,1029,2016.0,0.0,247047.0,-1.1342969999999999,-1.101724,CMR,CHN,6417
1196895,46,43,1029,2016.0,0.0,177751.0,-1.093544,-1.126599,COD,CHN,6417
1196896,47,43,1029,2016.0,0.0,233000.0,-0.562294,-0.9770030000000001,COG,CHN,6417
1196897,49,43,1029,2016.0,26409.0,111922.0,-0.040341,-0.20957699999999999,COL,CHN,6417
1196898,50,43,1029,2016.0,0.0,1601.0,-0.895766,-0.9886799999999999,COM,CHN,6417
1196899,51,43,1029,2016.0,0.0,3720.0,0.13810899999999998,-0.598819,CPV,CHN,6417
1196900,52,43,1029,2016.0,0.0,147508.0,0.28594400000000003,0.131024,CRI,CHN,6417
1196901,54,43,1029,2016.0,0.0,332054.0,-0.6960850000000001,-1.166981,CUB,CHN,6417
1196902,55,43,1029,2016.0,0.0,215697.0,0.078189,-0.80455,CUW,CHN,6417
1196903,58,43,1029,2016.0,0.0,101499.0,0.229275,-0.09704600000000001,CYP,CHN,6417
1196904,59,43,1029,2016.0,229753.0,183790.0,1.818585,0.341356,CZE,CHN,6417
1196905,61,43,1029,2016.0,3797264.0,1093675.0,2.307429,-2.341644,DEU,CHN,6417
1196906,62,43,1029,2016.0,0.0,491334.0,-0.267615,-0.787596,DJI,CHN,6417
1196907,64,43,1029,2016.0,201938.0,193454.0,1.0572629999999998,1.4157540000000002,DNK,CHN,6417
1196908,65,43,1029,2016.0,0.0,1242533.0,-0.26926500000000003,0.046345,DOM,CHN,6417
1196909,66,43,1029,2016.0,0.0,714170.0,-1.243568,-1.232077,DZA,CHN,6417
1196910,67,43,1029,2016.0,7721.0,959267.0,-1.032726,-1.034297,ECU,CHN,6417
1196911,68,43,1029,2016.0,0.0,386675.0,-0.202127,1.9342419999999998,EGY,CHN,6417
1196912,71,43,1029,2016.0,33653.0,1071678.0,0.795006,2.203292,ESP,CHN,6417
1196913,72,43,1029,2016.0,0.0,25953.0,0.958292,1.190173,EST,CHN,6417
1196914,73,43,1029,2016.0,0.0,473374.0,-1.163689,-0.885724,ETH,CHN,6417
1196915,74,43,1029,2016.0,130792.0,58123.0,1.621764,1.026393,FIN,CHN,6417
1196916,75,43,1029,2016.0,0.0,795866.0,-0.370598,0.049875,FJI,CHN,6417
1196917,77,43,1029,2016.0,1356404.0,3705648.0,1.490723,0.8471559999999999,FRA,CHN,6417
1196918,80,43,1029,2016.0,0.0,7862.0,-1.257455,-1.226416,GAB,CHN,6417
1196919,81,43,1029,2016.0,2718584.0,11379620.0,1.569616,1.048129,GBR,CHN,6417
1196920,82,43,1029,2016.0,0.0,22701.0,-0.269579,-0.317608,GEO,CHN,6417
1196921,83,43,1029,2016.0,0.0,1236891.0,-0.9026200000000001,-0.877508,GHA,CHN,6417
1196922,85,43,1029,2016.0,0.0,125180.0,-1.461226,-1.196035,GIN,CHN,6417
1196923,87,43,1029,2016.0,0.0,6630.0,-0.710399,-0.8278629999999999,GMB,CHN,6417
1196924,89,43,1029,2016.0,0.0,2755.0,-2.0350479999999997,-0.983092,GNQ,CHN,6417
1196925,90,43,1029,2016.0,0.0,680192.0,0.053899,1.1259709999999998,GRC,CHN,6417
1196926,93,43,1029,2016.0,0.0,494880.0,-0.397073,0.5736680000000001,GTM,CHN,6417
1196927,96,43,1029,2016.0,0.0,412195.0,-0.496113,-0.817237,GUY,CHN,6417
1196928,97,43,1029,2016.0,440591.0,11412096.0,0.877619,1.0765790000000002,HKG,CHN,6417
1196929,99,43,1029,2016.0,0.0,60928.0,-0.506029,-0.30843899999999996,HND,CHN,6417
1196930,100,43,1029,2016.0,67534.0,13618.0,0.850619,1.39544,HRV,CHN,6417
1196931,101,43,1029,2016.0,0.0,35984.0,-1.046859,-1.016459,HTI,CHN,6417
1196932,102,43,1029,2016.0,0.0,176041.0,1.7056069999999999,0.788768,HUN,CHN,6417
1196933,103,43,1029,2016.0,3163072.0,1392128.0,-0.013630000000000001,1.744404,IDN,CHN,6417
1196934,104,43,1029,2016.0,34524.0,1663720.0,0.223813,2.787547,IND,CHN,6417
1196935,106,43,1029,2016.0,0.0,67584.0,1.320777,0.057924,IRL,CHN,6417
1196936,107,43,1029,2016.0,0.0,2430856.0,-0.408637,-0.340544,IRN,CHN,6417
1196937,108,43,1029,2016.0,0.0,6530750.0,-1.7382849999999999,-1.037508,IRQ,CHN,6417
1196938,110,43,1029,2016.0,0.0,880784.0,0.9932219999999999,0.7518819999999999,ISR,CHN,6417
1196939,111,43,1029,2016.0,1277224.0,899315.0,1.461526,0.316891,ITA,CHN,6417
1196940,112,43,1029,2016.0,0.0,3176487.0,-0.25619400000000003,-0.62326,JAM,CHN,6417
1196941,113,43,1029,2016.0,0.0,9376857.0,0.100333,0.020786000000000002,JOR,CHN,6417
1196942,114,43,1029,2016.0,6861512.0,7459076.0,2.550074,-0.479725,JPN,CHN,6417
1196943,115,43,1029,2016.0,0.0,95867.0,-0.467305,-0.475451,KAZ,CHN,6417
1196944,116,43,1029,2016.0,0.0,1992504.0,-0.483554,0.25645,KEN,CHN,6417
1196945,117,43,1029,2016.0,0.0,696918.0,0.20501100000000003,0.657593,KGZ,CHN,6417
1196946,118,43,1029,2016.0,0.0,1601042.0,-0.70365,-0.843824,KHM,CHN,6417
1196947,119,43,1029,2016.0,0.0,4546.0,-0.410813,-0.859252,KIR,CHN,6417
1196948,121,43,1029,2016.0,5663775.0,5525506.0,2.1686389999999998,0.798808,KOR,CHN,6417
1196949,122,43,1029,2016.0,0.0,4964270.0,-0.401,-1.102991,KWT,CHN,6417
1196950,123,43,1029,2016.0,0.0,37414.0,-0.8350559999999999,-0.660756,LAO,CHN,6417
1196951,124,43,1029,2016.0,0.0,792479.0,0.385417,1.139648,LBN,CHN,6417
1196952,125,43,1029,2016.0,0.0,6850.0,-1.157741,-1.159047,LBR,CHN,6417
1196953,126,43,1029,2016.0,0.0,123569.0,-1.120678,-1.222803,LBY,CHN,6417
1196954,127,43,1029,2016.0,0.0,98508.0,0.585987,-0.298057,LCA,CHN,6417
1196955,128,43,1029,2016.0,22003.0,813467.0,-0.540154,0.22580100000000003,LKA,CHN,6417
1196956,130,43,1029,2016.0,0.0,38115.0,0.6319130000000001,1.538765,LTU,CHN,6417
1196957,131,43,1029,2016.0,0.0,1628.0,1.217021,1.401214,LUX,CHN,6417
1196958,132,43,1029,2016.0,0.0,52909.0,0.46748199999999995,1.228024,LVA,CHN,6417
1196959,133,43,1029,2016.0,0.0,276526.0,0.517979,0.133195,MAC,CHN,6417
1196960,134,43,1029,2016.0,0.0,202406.0,-0.648329,-0.14071,MAR,CHN,6417
1196961,135,43,1029,2016.0,0.0,13762.0,-0.24173200000000003,0.010985,MDA,CHN,6417
1196962,136,43,1029,2016.0,0.0,342677.0,-0.979632,-0.63626,MDG,CHN,6417
1196963,137,43,1029,2016.0,0.0,13141.0,-0.975518,-1.00076,MDV,CHN,6417
1196964,138,43,1029,2016.0,1464307.0,4166552.0,1.393506,0.64152,MEX,CHN,6417
1196965,139,43,1029,2016.0,0.0,281727.0,0.083737,-0.705874,MHL,CHN,6417
1196966,140,43,1029,2016.0,0.0,4565.0,-0.249664,-0.338412,MKD,CHN,6417
1196967,141,43,1029,2016.0,0.0,132857.0,-0.405979,-0.6190869999999999,MLI,CHN,6417
1196968,142,43,1029,2016.0,0.0,52040.0,0.981182,-0.029401999999999998,MLT,CHN,6417
1196969,143,43,1029,2016.0,0.0,915244.0,-1.0789600000000001,-0.6471180000000001,MMR,CHN,6417
1196970,144,43,1029,2016.0,0.0,5712.0,0.002245,-0.10263599999999999,MNE,CHN,6417
1196971,145,43,1029,2016.0,0.0,525165.0,-0.9833780000000001,-1.062642,MNG,CHN,6417
1196972,147,43,1029,2016.0,0.0,203281.0,-1.207606,-1.0223879999999999,MOZ,CHN,6417
1196973,148,43,1029,2016.0,0.0,207653.0,-1.5601770000000001,-1.3474899999999999,MRT,CHN,6417
1196974,151,43,1029,2016.0,0.0,524894.0,-0.334969,0.005404,MUS,CHN,6417
1196975,152,43,1029,2016.0,0.0,17835.0,-0.969781,-1.042325,MWI,CHN,6417
1196976,153,43,1029,2016.0,329588.0,17820380.0,1.091156,0.8383370000000001,MYS,CHN,6417
1196977,155,43,1029,2016.0,0.0,23463.0,-0.506252,-0.8029350000000001,NAM,CHN,6417
1196978,156,43,1029,2016.0,0.0,293510.0,-0.630577,-0.934391,NCL,CHN,6417
1196979,159,43,1029,2016.0,0.0,1043908.0,-1.7380830000000003,-1.306938,NGA,CHN,6417
1196980,160,43,1029,2016.0,0.0,181711.0,-0.954131,-0.9000389999999999,NIC,CHN,6417
1196981,162,43,1029,2016.0,233810.0,2619392.0,1.132192,1.412512,NLD,CHN,6417
1196982,163,43,1029,2016.0,0.0,256690.0,0.664183,0.206877,NOR,CHN,6417
1196983,164,43,1029,2016.0,0.0,36252.0,-0.253328,0.33395199999999997,NPL,CHN,6417
1196984,166,43,1029,2016.0,0.0,9327993.0,0.093306,0.194895,NZL,CHN,6417
1196985,167,43,1029,2016.0,0.0,1282380.0,-0.594724,-1.019133,OMN,CHN,6417
1196986,168,43,1029,2016.0,9687.0,1282506.0,-0.7806810000000001,0.420241,PAK,CHN,6417
1196987,169,43,1029,2016.0,0.0,2460217.0,0.731258,0.649917,PAN,CHN,6417
1196988,173,43,1029,2016.0,0.0,2166810.0,-0.818178,-0.0791,PER,CHN,6417
1196989,174,43,1029,2016.0,0.0,3178973.0,0.958651,0.324888,PHL,CHN,6417
1196990,175,43,1029,2016.0,0.0,10735.0,0.6086729999999999,-0.39121300000000003,PLW,CHN,6417
1196991,176,43,1029,2016.0,0.0,800266.0,-1.7560209999999998,-1.288643,PNG,CHN,6417
1196992,177,43,1029,2016.0,0.0,679323.0,1.1068959999999999,1.226985,POL,CHN,6417
1196993,178,43,1029,2016.0,0.0,2244252.0,-0.508035,-0.157664,PRK,CHN,6417
1196994,179,43,1029,2016.0,4538.0,163417.0,0.661961,2.108517,PRT,CHN,6417
1196995,180,43,1029,2016.0,0.0,111350.0,-0.665963,-0.967879,PRY,CHN,6417
1196996,181,43,1029,2016.0,0.0,29986.0,0.09150900000000001,0.693397,PSE,CHN,6417
1196997,182,43,1029,2016.0,0.0,1190.0,0.022294,-0.676078,PYF,CHN,6417
1196998,183,43,1029,2016.0,0.0,142573.0,-0.52984,-1.106589,QAT,CHN,6417
1196999,185,43,1029,2016.0,0.0,427474.0,1.176177,1.093489,ROU,CHN,6417
1197000,186,43,1029,2016.0,21184.0,957945.0,0.086009,0.300039,RUS,CHN,6417
1197001,187,43,1029,2016.0,0.0,4882.0,-0.57693,-0.476909,RWA,CHN,6417
1197002,188,43,1029,2016.0,60157.0,5872664.0,0.00286,-0.764602,SAU,CHN,6417
1197003,190,43,1029,2016.0,0.0,1412588.0,-1.276278,-1.183311,SDN,CHN,6417
1197004,191,43,1029,2016.0,0.0,64962.0,-0.648644,-0.39857800000000004,SEN,CHN,6417
1197005,192,43,1029,2016.0,1437863.0,10280977.0,2.0149340000000002,0.613009,SGP,CHN,6417
1197006,195,43,1029,2016.0,0.0,75704.0,-1.458209,-0.9888530000000001,SLB,CHN,6417
1197007,196,43,1029,2016.0,0.0,100386.0,-0.25550500000000004,-0.44618800000000003,SLE,CHN,6417
1197008,197,43,1029,2016.0,0.0,260157.0,0.075546,0.317046,SLV,CHN,6417
1197009,201,43,1029,2016.0,0.0,35053.0,0.608136,1.38132,SRB,CHN,6417
1197010,205,43,1029,2016.0,0.0,1965892.0,-0.41257200000000005,-1.0434780000000001,SUR,CHN,6417
1197011,206,43,1029,2016.0,2290.0,45380.0,1.446588,0.811076,SVK,CHN,6417
1197012,207,43,1029,2016.0,43176.0,24180.0,1.7056200000000001,0.630058,SVN,CHN,6417
1197013,208,43,1029,2016.0,3058047.0,311945.0,1.731295,0.679562,SWE,CHN,6417
1197014,212,43,1029,2016.0,0.0,1292945.0,-0.78566,-0.006305,SYR,CHN,6417
1197015,215,43,1029,2016.0,0.0,135106.0,-0.777506,-0.652105,TGO,CHN,6417
1197016,216,43,1029,2016.0,53606.0,3093905.0,1.3075860000000001,1.151426,THA,CHN,6417
1197017,217,43,1029,2016.0,0.0,33709.0,-0.998353,-1.129616,TJK,CHN,6417
1197018,219,43,1029,2016.0,0.0,7257.0,-1.017361,-1.22005,TKM,CHN,6417
1197019,220,43,1029,2016.0,0.0,54507.0,-0.597288,-0.9336549999999999,TLS,CHN,6417
1197020,221,43,1029,2016.0,0.0,91927.0,0.155639,-0.624163,TON,CHN,6417
1197021,222,43,1029,2016.0,2998.0,119641.0,-0.184575,-0.9999889999999999,TTO,CHN,6417
1197022,223,43,1029,2016.0,0.0,76344.0,0.27537399999999995,0.9474239999999999,TUN,CHN,6417
1197023,224,43,1029,2016.0,17354.0,768091.0,0.460247,2.3790400000000003,TUR,CHN,6417
1197024,226,43,1029,2016.0,0.0,978641.0,-1.01426,0.304263,TZA,CHN,6417
1197025,227,43,1029,2016.0,0.0,634453.0,-0.476836,0.641138,UGA,CHN,6417
1197026,228,43,1029,2016.0,269021.0,225059.0,0.240605,0.827153,UKR,CHN,6417
1197027,230,43,1029,2016.0,0.0,187811.0,0.040088,-0.27858499999999997,URY,CHN,6417
1197028,231,43,1029,2016.0,8541407.0,28212546.0,1.6991900000000002,-0.146044,USA,CHN,6417
1197029,232,43,1029,2016.0,0.0,325840.0,-0.672362,-0.574391,UZB,CHN,6417
1197030,234,43,1029,2016.0,0.0,48983.0,-0.15301099999999998,-0.789267,VCT,CHN,6417
1197031,236,43,1029,2016.0,0.0,241151.0,-1.2837120000000002,-1.2503879999999998,VEN,CHN,6417
1197032,239,43,1029,2016.0,16925.0,15900390.0,0.048214,0.6998810000000001,VNM,CHN,6417
1197033,240,43,1029,2016.0,0.0,54164.0,-1.534809,-1.063501,VUT,CHN,6417
1197034,242,43,1029,2016.0,0.0,55744.0,0.636342,-0.152082,WSM,CHN,6417
1197035,243,43,1029,2016.0,0.0,685371.0,-0.99136,-1.1587049999999999,YEM,CHN,6417
1197036,246,43,1029,2016.0,3463.0,11231340.0,-0.029618000000000002,1.426834,ZAF,CHN,6417
1197037,247,43,1029,2016.0,0.0,25142.0,-0.9308350000000001,-1.029968,ZMB,CHN,6417
1197038,248,43,1029,2016.0,0.0,73449.0,-0.960175,-1.004593,ZWE,CHN,6417
1197039,249,43,1029,2016.0,6719421.0,11938806.0,2.028455,1.271167,TWN,CHN,6417
1197040,250,43,1029,2016.0,2264.0,2525.0,0.608271,-0.007568000000000001,ANS,CHN,6417
1197041,0,49,1029,2016.0,0.0,3172.0,0.7897,0.359562,ABW,COL,6417
1197042,7,49,1029,2016.0,0.0,6621.0,-0.019275,-0.18309,ARE,COL,6417
1197043,8,49,1029,2016.0,0.0,1202565.0,-0.334847,0.24145100000000003,ARG,COL,6417
1197044,15,49,1029,2016.0,0.0,3889.0,1.743944,-0.051155,AUT,COL,6417
1197045,18,49,1029,2016.0,10303.0,3103.0,1.2947110000000002,1.113058,BEL,COL,6417
1197046,24,49,1029,2016.0,0.0,2369.0,0.23993299999999998,-0.5320199999999999,BHR,COL,6417
1197047,32,49,1029,2016.0,365874.0,0.0,0.284988,1.031028,BRA,COL,6417
1197048,39,49,1029,2016.0,3043.0,198970.0,0.541041,1.328065,CAN,COL,6417
1197049,41,49,1029,2016.0,8238.0,6642.0,2.328616,0.832224,CHE,COL,6417
1197050,42,49,1029,2016.0,2968.0,3460.0,-0.162923,-0.20607199999999998,CHL,COL,6417
1197051,43,49,1029,2016.0,111922.0,26409.0,1.249079,1.151045,CHN,COL,6417
1197052,52,49,1029,2016.0,0.0,17425.0,0.28594400000000003,0.131024,CRI,COL,6417
1197053,59,49,1029,2016.0,0.0,1342.0,1.818585,0.341356,CZE,COL,6417
1197054,61,49,1029,2016.0,53433.0,699069.0,2.307429,-2.341644,DEU,COL,6417
1197055,64,49,1029,2016.0,18209.0,0.0,1.0572629999999998,1.4157540000000002,DNK,COL,6417
1197056,65,49,1029,2016.0,0.0,1650111.0,-0.26926500000000003,0.046345,DOM,COL,6417
1197057,67,49,1029,2016.0,1104169.0,7891345.0,-1.032726,-1.034297,ECU,COL,6417
1197058,71,49,1029,2016.0,42931.0,4145.0,0.795006,2.203292,ESP,COL,6417
1197059,74,49,1029,2016.0,45395.0,0.0,1.621764,1.026393,FIN,COL,6417
1197060,77,49,1029,2016.0,266381.0,82294.0,1.490723,0.8471559999999999,FRA,COL,6417
1197061,81,49,1029,2016.0,49507.0,2741460.0,1.569616,1.048129,GBR,COL,6417
1197062,93,49,1029,2016.0,25839.0,84924.0,-0.397073,0.5736680000000001,GTM,COL,6417
1197063,97,49,1029,2016.0,0.0,26598.0,0.877619,1.0765790000000002,HKG,COL,6417
1197064,103,49,1029,2016.0,33991.0,0.0,-0.013630000000000001,1.744404,IDN,COL,6417
1197065,111,49,1029,2016.0,241692.0,0.0,1.461526,0.316891,ITA,COL,6417
1197066,115,49,1029,2016.0,0.0,9653.0,-0.467305,-0.475451,KAZ,COL,6417
1197067,121,49,1029,2016.0,0.0,177444.0,2.1686389999999998,0.798808,KOR,COL,6417
1197068,138,49,1029,2016.0,69782.0,3220348.0,1.393506,0.64152,MEX,COL,6417
1197069,162,49,1029,2016.0,1939.0,125342.0,1.132192,1.412512,NLD,COL,6417
1197070,163,49,1029,2016.0,0.0,2232.0,0.664183,0.206877,NOR,COL,6417
1197071,169,49,1029,2016.0,24722.0,5470.0,0.731258,0.649917,PAN,COL,6417
1197072,173,49,1029,2016.0,93201.0,289165.0,-0.818178,-0.0791,PER,COL,6417
1197073,177,49,1029,2016.0,1870.0,10623.0,1.1068959999999999,1.226985,POL,COL,6417
1197074,197,49,1029,2016.0,0.0,1002020.0,0.075546,0.317046,SLV,COL,6417
1197075,206,49,1029,2016.0,0.0,2764.0,1.446588,0.811076,SVK,COL,6417
1197076,216,49,1029,2016.0,0.0,104064.0,1.3075860000000001,1.151426,THA,COL,6417
1197077,222,49,1029,2016.0,1095036.0,0.0,-0.184575,-0.9999889999999999,TTO,COL,6417
1197078,228,49,1029,2016.0,5147.0,1137.0,0.240605,0.827153,UKR,COL,6417
1197079,230,49,1029,2016.0,3168.0,0.0,0.040088,-0.27858499999999997,URY,COL,6417
1197080,231,49,1029,2016.0,336302.0,169234.0,1.6991900000000002,-0.146044,USA,COL,6417
1197081,236,49,1029,2016.0,0.0,557786.0,-1.2837120000000002,-1.2503879999999998,VEN,COL,6417
1197082,246,49,1029,2016.0,0.0,6684.0,-0.029618000000000002,1.426834,ZAF,COL,6417
1197083,250,49,1029,2016.0,197769.0,0.0,0.608271,-0.007568000000000001,ANS,COL,6417
1197084,14,52,1029,2016.0,0.0,1108.0,-0.585613,-0.245365,AUS,CRI,6417
1197085,18,52,1029,2016.0,11992.0,0.0,1.2947110000000002,1.113058,BEL,CRI,6417
1197086,33,52,1029,2016.0,0.0,2556.0,0.598214,0.054758,BRB,CRI,6417
1197087,39,52,1029,2016.0,115587.0,0.0,0.541041,1.328065,CAN,CRI,6417
1197088,43,52,1029,2016.0,147508.0,0.0,1.249079,1.151045,CHN,CRI,6417
1197089,49,52,1029,2016.0,17425.0,0.0,-0.040341,-0.20957699999999999,COL,CRI,6417
1197090,61,52,1029,2016.0,82342.0,0.0,2.307429,-2.341644,DEU,CRI,6417
1197091,64,52,1029,2016.0,3871.0,0.0,1.0572629999999998,1.4157540000000002,DNK,CRI,6417
1197092,65,52,1029,2016.0,0.0,116884.0,-0.26926500000000003,0.046345,DOM,CRI,6417
1197093,71,52,1029,2016.0,59159.0,1024.0,0.795006,2.203292,ESP,CRI,6417
1197094,93,52,1029,2016.0,323962.0,15708.0,-0.397073,0.5736680000000001,GTM,CRI,6417
1197095,96,52,1029,2016.0,0.0,8391.0,-0.496113,-0.817237,GUY,CRI,6417
1197096,97,52,1029,2016.0,30367.0,0.0,0.877619,1.0765790000000002,HKG,CRI,6417
1197097,99,52,1029,2016.0,10183.0,11032.0,-0.506029,-0.30843899999999996,HND,CRI,6417
1197098,111,52,1029,2016.0,77689.0,0.0,1.461526,0.316891,ITA,CRI,6417
1197099,112,52,1029,2016.0,0.0,55655.0,-0.25619400000000003,-0.62326,JAM,CRI,6417
1197100,138,52,1029,2016.0,196896.0,0.0,1.393506,0.64152,MEX,CRI,6417
1197101,153,52,1029,2016.0,16748.0,0.0,1.091156,0.8383370000000001,MYS,CRI,6417
1197102,160,52,1029,2016.0,105735.0,39609.0,-0.954131,-0.9000389999999999,NIC,CRI,6417
1197103,162,52,1029,2016.0,16705.0,0.0,1.132192,1.412512,NLD,CRI,6417
1197104,169,52,1029,2016.0,32234.0,7188.0,0.731258,0.649917,PAN,CRI,6417
1197105,179,52,1029,2016.0,12391.0,0.0,0.661961,2.108517,PRT,CRI,6417
1197106,197,52,1029,2016.0,22125702.0,32552.0,0.075546,0.317046,SLV,CRI,6417
1197107,222,52,1029,2016.0,0.0,242433.0,-0.184575,-0.9999889999999999,TTO,CRI,6417
1197108,224,52,1029,2016.0,23842.0,0.0,0.460247,2.3790400000000003,TUR,CRI,6417
1197109,231,52,1029,2016.0,2112976.0,53393.0,1.6991900000000002,-0.146044,USA,CRI,6417
1197110,249,52,1029,2016.0,34088.0,0.0,2.028455,1.271167,TWN,CRI,6417
1197111,250,52,1029,2016.0,18971.0,0.0,0.608271,-0.007568000000000001,ANS,CRI,6417
1197112,43,55,1029,2016.0,215697.0,0.0,1.249079,1.151045,CHN,CUW,6417
1197113,64,55,1029,2016.0,5865.0,0.0,1.0572629999999998,1.4157540000000002,DNK,CUW,6417
1197114,71,55,1029,2016.0,4676.0,0.0,0.795006,2.203292,ESP,CUW,6417
1197115,162,55,1029,2016.0,44979.0,0.0,1.132192,1.412512,NLD,CUW,6417
1197116,231,55,1029,2016.0,326408.0,26542.0,1.6991900000000002,-0.146044,USA,CUW,6417
1197117,1,61,1029,2016.0,0.0,14566.0,-1.44133,-0.9938950000000001,AFG,DEU,6417
1197118,7,61,1029,2016.0,27269.0,317481.0,-0.019275,-0.18309,ARE,DEU,6417
1197119,8,61,1029,2016.0,0.0,12699.0,-0.334847,0.24145100000000003,ARG,DEU,6417
1197120,9,61,1029,2016.0,0.0,3438.0,-0.252904,-0.614643,ARM,DEU,6417
1197121,14,61,1029,2016.0,0.0,677306.0,-0.585613,-0.245365,AUS,DEU,6417
1197122,15,61,1029,2016.0,12272995.0,50585196.0,1.743944,-0.051155,AUT,DEU,6417
1197123,16,61,1029,2016.0,0.0,24134.0,-1.111874,-1.2526059999999999,AZE,DEU,6417
1197124,18,61,1029,2016.0,3304390.0,24056976.0,1.2947110000000002,1.113058,BEL,DEU,6417
1197125,22,61,1029,2016.0,2280.0,0.0,-1.0177260000000001,-1.1010799999999998,BGD,DEU,6417
1197126,23,61,1029,2016.0,335454.0,452488.0,0.509062,1.804648,BGR,DEU,6417
1197127,24,61,1029,2016.0,0.0,31772.0,0.23993299999999998,-0.5320199999999999,BHR,DEU,6417
1197128,25,61,1029,2016.0,0.0,123107.0,0.453269,-0.48267899999999997,BHS,DEU,6417
1197129,26,61,1029,2016.0,77521.0,109162.0,0.693416,0.8723540000000001,BIH,DEU,6417
1197130,28,61,1029,2016.0,0.0,59556.0,0.879499,0.897567,BLR,DEU,6417
1197131,29,61,1029,2016.0,0.0,6357.0,-0.460532,-0.6068899999999999,BLZ,DEU,6417
1197132,30,61,1029,2016.0,0.0,6207.0,1.132838,-0.512521,BMU,DEU,6417
1197133,31,61,1029,2016.0,0.0,5710.0,-1.009709,-0.986669,BOL,DEU,6417
1197134,32,61,1029,2016.0,11429.0,328963.0,0.284988,1.031028,BRA,DEU,6417
1197135,38,61,1029,2016.0,0.0,1846.0,-0.569303,-0.77994,CAF,DEU,6417
1197136,39,61,1029,2016.0,203066.0,78615.0,0.541041,1.328065,CAN,DEU,6417
1197137,41,61,1029,2016.0,22138644.0,16483790.0,2.328616,0.832224,CHE,DEU,6417
1197138,42,61,1029,2016.0,71198.0,652804.0,-0.162923,-0.20607199999999998,CHL,DEU,6417
1197139,43,61,1029,2016.0,1093675.0,3797264.0,1.249079,1.151045,CHN,DEU,6417
1197140,46,61,1029,2016.0,0.0,1952.0,-1.093544,-1.126599,COD,DEU,6417
1197141,49,61,1029,2016.0,699069.0,53433.0,-0.040341,-0.20957699999999999,COL,DEU,6417
1197142,52,61,1029,2016.0,0.0,82342.0,0.28594400000000003,0.131024,CRI,DEU,6417
1197143,58,61,1029,2016.0,0.0,37468.0,0.229275,-0.09704600000000001,CYP,DEU,6417
1197144,59,61,1029,2016.0,9834214.0,25862156.0,1.818585,0.341356,CZE,DEU,6417
1197145,64,61,1029,2016.0,3029352.0,10043186.0,1.0572629999999998,1.4157540000000002,DNK,DEU,6417
1197146,65,61,1029,2016.0,0.0,18723.0,-0.26926500000000003,0.046345,DOM,DEU,6417
1197147,66,61,1029,2016.0,17774.0,2546.0,-1.243568,-1.232077,DZA,DEU,6417
1197148,67,61,1029,2016.0,0.0,2405.0,-1.032726,-1.034297,ECU,DEU,6417
1197149,68,61,1029,2016.0,0.0,45651.0,-0.202127,1.9342419999999998,EGY,DEU,6417
1197150,71,61,1029,2016.0,23564690.0,15056007.0,0.795006,2.203292,ESP,DEU,6417
1197151,72,61,1029,2016.0,5951.0,2080393.0,0.958292,1.190173,EST,DEU,6417
1197152,73,61,1029,2016.0,0.0,4376.0,-1.163689,-0.885724,ETH,DEU,6417
1197153,74,61,1029,2016.0,14781442.0,1639168.0,1.621764,1.026393,FIN,DEU,6417
1197154,77,61,1029,2016.0,39862004.0,49825068.0,1.490723,0.8471559999999999,FRA,DEU,6417
1197155,81,61,1029,2016.0,19876822.0,37892472.0,1.569616,1.048129,GBR,DEU,6417
1197156,82,61,1029,2016.0,0.0,49080.0,-0.269579,-0.317608,GEO,DEU,6417
1197157,83,61,1029,2016.0,0.0,9272.0,-0.9026200000000001,-0.877508,GHA,DEU,6417
1197158,90,61,1029,2016.0,49465.0,4576475.0,0.053899,1.1259709999999998,GRC,DEU,6417
1197159,93,61,1029,2016.0,85329.0,40227.0,-0.397073,0.5736680000000001,GTM,DEU,6417
1197160,97,61,1029,2016.0,13847.0,255130.0,0.877619,1.0765790000000002,HKG,DEU,6417
1197161,100,61,1029,2016.0,29708.0,509451.0,0.850619,1.39544,HRV,DEU,6417
1197162,102,61,1029,2016.0,496884.0,25471090.0,1.7056069999999999,0.788768,HUN,DEU,6417
1197163,103,61,1029,2016.0,3437.0,189333.0,-0.013630000000000001,1.744404,IDN,DEU,6417
1197164,104,61,1029,2016.0,21568.0,1030961.0,0.223813,2.787547,IND,DEU,6417
1197165,106,61,1029,2016.0,0.0,299236.0,1.320777,0.057924,IRL,DEU,6417
1197166,107,61,1029,2016.0,0.0,92115.0,-0.408637,-0.340544,IRN,DEU,6417
1197167,108,61,1029,2016.0,0.0,12329.0,-1.7382849999999999,-1.037508,IRQ,DEU,6417
1197168,109,61,1029,2016.0,0.0,29697.0,0.099623,-0.404352,ISL,DEU,6417
1197169,110,61,1029,2016.0,10485926.0,1100259.0,0.9932219999999999,0.7518819999999999,ISR,DEU,6417
1197170,111,61,1029,2016.0,58545824.0,59873232.0,1.461526,0.316891,ITA,DEU,6417
1197171,112,61,1029,2016.0,0.0,26943.0,-0.25619400000000003,-0.62326,JAM,DEU,6417
1197172,113,61,1029,2016.0,0.0,33105.0,0.100333,0.020786000000000002,JOR,DEU,6417
1197173,114,61,1029,2016.0,70241.0,111603.0,2.550074,-0.479725,JPN,DEU,6417
1197174,115,61,1029,2016.0,0.0,103922.0,-0.467305,-0.475451,KAZ,DEU,6417
1197175,116,61,1029,2016.0,0.0,12739.0,-0.483554,0.25645,KEN,DEU,6417
1197176,117,61,1029,2016.0,0.0,4495.0,0.20501100000000003,0.657593,KGZ,DEU,6417
1197177,121,61,1029,2016.0,21342.0,1056471.0,2.1686389999999998,0.798808,KOR,DEU,6417
1197178,122,61,1029,2016.0,0.0,22605.0,-0.401,-1.102991,KWT,DEU,6417
1197179,124,61,1029,2016.0,0.0,68711.0,0.385417,1.139648,LBN,DEU,6417
1197180,126,61,1029,2016.0,0.0,7796.0,-1.120678,-1.222803,LBY,DEU,6417
1197181,128,61,1029,2016.0,0.0,49226.0,-0.540154,0.22580100000000003,LKA,DEU,6417
1197182,130,61,1029,2016.0,48455.0,401451.0,0.6319130000000001,1.538765,LTU,DEU,6417
1197183,131,61,1029,2016.0,47271.0,747309.0,1.217021,1.401214,LUX,DEU,6417
1197184,132,61,1029,2016.0,0.0,216042.0,0.46748199999999995,1.228024,LVA,DEU,6417
1197185,134,61,1029,2016.0,0.0,64601.0,-0.648329,-0.14071,MAR,DEU,6417
1197186,135,61,1029,2016.0,0.0,41259.0,-0.24173200000000003,0.010985,MDA,DEU,6417
1197187,138,61,1029,2016.0,1336.0,1107495.0,1.393506,0.64152,MEX,DEU,6417
1197188,140,61,1029,2016.0,22833.0,11964.0,-0.249664,-0.338412,MKD,DEU,6417
1197189,142,61,1029,2016.0,3357.0,117540.0,0.981182,-0.029401999999999998,MLT,DEU,6417
1197190,143,61,1029,2016.0,0.0,19489.0,-1.0789600000000001,-0.6471180000000001,MMR,DEU,6417
1197191,144,61,1029,2016.0,0.0,11936.0,0.002245,-0.10263599999999999,MNE,DEU,6417
1197192,145,61,1029,2016.0,0.0,18779.0,-0.9833780000000001,-1.062642,MNG,DEU,6417
1197193,151,61,1029,2016.0,0.0,5163.0,-0.334969,0.005404,MUS,DEU,6417
1197194,153,61,1029,2016.0,5937.0,981491.0,1.091156,0.8383370000000001,MYS,DEU,6417
1197195,155,61,1029,2016.0,0.0,1164.0,-0.506252,-0.8029350000000001,NAM,DEU,6417
1197196,159,61,1029,2016.0,0.0,8734.0,-1.7380830000000003,-1.306938,NGA,DEU,6417
1197197,160,61,1029,2016.0,0.0,10288.0,-0.954131,-0.9000389999999999,NIC,DEU,6417
1197198,162,61,1029,2016.0,26983198.0,67982560.0,1.132192,1.412512,NLD,DEU,6417
1197199,163,61,1029,2016.0,11441.0,741340.0,0.664183,0.206877,NOR,DEU,6417
1197200,164,61,1029,2016.0,12035.0,0.0,-0.253328,0.33395199999999997,NPL,DEU,6417
1197201,166,61,1029,2016.0,0.0,86587.0,0.093306,0.194895,NZL,DEU,6417
1197202,167,61,1029,2016.0,0.0,12553.0,-0.594724,-1.019133,OMN,DEU,6417
1197203,168,61,1029,2016.0,0.0,319825.0,-0.7806810000000001,0.420241,PAK,DEU,6417
1197204,169,61,1029,2016.0,0.0,6479.0,0.731258,0.649917,PAN,DEU,6417
1197205,173,61,1029,2016.0,0.0,89879.0,-0.818178,-0.0791,PER,DEU,6417
1197206,174,61,1029,2016.0,0.0,36094.0,0.958651,0.324888,PHL,DEU,6417
1197207,177,61,1029,2016.0,26373436.0,84956064.0,1.1068959999999999,1.226985,POL,DEU,6417
1197208,179,61,1029,2016.0,24446.0,1384638.0,0.661961,2.108517,PRT,DEU,6417
1197209,180,61,1029,2016.0,0.0,48454.0,-0.665963,-0.967879,PRY,DEU,6417
1197210,183,61,1029,2016.0,0.0,56013.0,-0.52984,-1.106589,QAT,DEU,6417
1197211,185,61,1029,2016.0,138158.0,3460969.0,1.176177,1.093489,ROU,DEU,6417
1197212,186,61,1029,2016.0,78358.0,1718928.0,0.086009,0.300039,RUS,DEU,6417
1197213,187,61,1029,2016.0,0.0,1303.0,-0.57693,-0.476909,RWA,DEU,6417
1197214,188,61,1029,2016.0,0.0,283496.0,0.00286,-0.764602,SAU,DEU,6417
1197215,190,61,1029,2016.0,0.0,5466.0,-1.276278,-1.183311,SDN,DEU,6417
1197216,192,61,1029,2016.0,3469.0,140320.0,2.0149340000000002,0.613009,SGP,DEU,6417
1197217,197,61,1029,2016.0,0.0,17920.0,0.075546,0.317046,SLV,DEU,6417
1197218,201,61,1029,2016.0,8112.0,1297628.0,0.608136,1.38132,SRB,DEU,6417
1197219,205,61,1029,2016.0,0.0,8404.0,-0.41257200000000005,-1.0434780000000001,SUR,DEU,6417
1197220,206,61,1029,2016.0,10865131.0,11075236.0,1.446588,0.811076,SVK,DEU,6417
1197221,207,61,1029,2016.0,272943.0,529970.0,1.7056200000000001,0.630058,SVN,DEU,6417
1197222,208,61,1029,2016.0,84094736.0,11062353.0,1.731295,0.679562,SWE,DEU,6417
1197223,211,61,1029,2016.0,0.0,12678.0,0.321549,-0.610316,SYC,DEU,6417
1197224,215,61,1029,2016.0,0.0,1068.0,-0.777506,-0.652105,TGO,DEU,6417
1197225,216,61,1029,2016.0,1749.0,413309.0,1.3075860000000001,1.151426,THA,DEU,6417
1197226,222,61,1029,2016.0,0.0,9955.0,-0.184575,-0.9999889999999999,TTO,DEU,6417
1197227,223,61,1029,2016.0,28110.0,81099.0,0.27537399999999995,0.9474239999999999,TUN,DEU,6417
1197228,224,61,1029,2016.0,1563990.0,1629294.0,0.460247,2.3790400000000003,TUR,DEU,6417
1197229,228,61,1029,2016.0,440283.0,236898.0,0.240605,0.827153,UKR,DEU,6417
1197230,230,61,1029,2016.0,0.0,10876.0,0.040088,-0.27858499999999997,URY,DEU,6417
1197231,231,61,1029,2016.0,2793844.0,10548379.0,1.6991900000000002,-0.146044,USA,DEU,6417
1197232,234,61,1029,2016.0,0.0,1576.0,-0.15301099999999998,-0.789267,VCT,DEU,6417
1197233,239,61,1029,2016.0,41751.0,1177436.0,0.048214,0.6998810000000001,VNM,DEU,6417
1197234,246,61,1029,2016.0,0.0,621048.0,-0.029618000000000002,1.426834,ZAF,DEU,6417
1197235,248,61,1029,2016.0,0.0,17658.0,-0.960175,-1.004593,ZWE,DEU,6417
1197236,249,61,1029,2016.0,54484.0,761613.0,2.028455,1.271167,TWN,DEU,6417
1197237,250,61,1029,2016.0,0.0,11704.0,0.608271,-0.007568000000000001,ANS,DEU,6417
1197238,1,64,1029,2016.0,0.0,1841.0,-1.44133,-0.9938950000000001,AFG,DNK,6417
1197239,7,64,1029,2016.0,0.0,1603.0,-0.019275,-0.18309,ARE,DNK,6417
1197240,8,64,1029,2016.0,0.0,20289.0,-0.334847,0.24145100000000003,ARG,DNK,6417
1197241,14,64,1029,2016.0,0.0,266840.0,-0.585613,-0.245365,AUS,DNK,6417
1197242,15,64,1029,2016.0,128822.0,18021.0,1.743944,-0.051155,AUT,DNK,6417
1197243,18,64,1029,2016.0,113719.0,28544.0,1.2947110000000002,1.113058,BEL,DNK,6417
1197244,23,64,1029,2016.0,1344.0,88795.0,0.509062,1.804648,BGR,DNK,6417
1197245,24,64,1029,2016.0,0.0,3036.0,0.23993299999999998,-0.5320199999999999,BHR,DNK,6417
1197246,32,64,1029,2016.0,0.0,56964.0,0.284988,1.031028,BRA,DNK,6417
1197247,39,64,1029,2016.0,0.0,80388.0,0.541041,1.328065,CAN,DNK,6417
1197248,41,64,1029,2016.0,0.0,20502.0,2.328616,0.832224,CHE,DNK,6417
1197249,42,64,1029,2016.0,0.0,275656.0,-0.162923,-0.20607199999999998,CHL,DNK,6417
1197250,43,64,1029,2016.0,193454.0,201938.0,1.249079,1.151045,CHN,DNK,6417
1197251,45,64,1029,2016.0,0.0,1388.0,-1.1342969999999999,-1.101724,CMR,DNK,6417
1197252,49,64,1029,2016.0,0.0,18209.0,-0.040341,-0.20957699999999999,COL,DNK,6417
1197253,52,64,1029,2016.0,0.0,3871.0,0.28594400000000003,0.131024,CRI,DNK,6417
1197254,55,64,1029,2016.0,0.0,5865.0,0.078189,-0.80455,CUW,DNK,6417
1197255,58,64,1029,2016.0,0.0,6039.0,0.229275,-0.09704600000000001,CYP,DNK,6417
1197256,59,64,1029,2016.0,175933.0,329697.0,1.818585,0.341356,CZE,DNK,6417
1197257,61,64,1029,2016.0,10043186.0,3029352.0,2.307429,-2.341644,DEU,DNK,6417
1197258,68,64,1029,2016.0,0.0,20225.0,-0.202127,1.9342419999999998,EGY,DNK,6417
1197259,71,64,1029,2016.0,114899.0,266889.0,0.795006,2.203292,ESP,DNK,6417
1197260,72,64,1029,2016.0,36967.0,6569.0,0.958292,1.190173,EST,DNK,6417
1197261,73,64,1029,2016.0,0.0,4506.0,-1.163689,-0.885724,ETH,DNK,6417
1197262,74,64,1029,2016.0,26367.0,298857.0,1.621764,1.026393,FIN,DNK,6417
1197263,77,64,1029,2016.0,1034258.0,176220.0,1.490723,0.8471559999999999,FRA,DNK,6417
1197264,78,64,1029,2016.0,0.0,102662.0,-0.97739,-1.021066,FRO,DNK,6417
1197265,81,64,1029,2016.0,522953.0,279962.0,1.569616,1.048129,GBR,DNK,6417
1197266,87,64,1029,2016.0,0.0,10207.0,-0.710399,-0.8278629999999999,GMB,DNK,6417
1197267,90,64,1029,2016.0,6223.0,2950.0,0.053899,1.1259709999999998,GRC,DNK,6417
1197268,92,64,1029,2016.0,0.0,428808.0,-1.077107,-0.997611,GRL,DNK,6417
1197269,93,64,1029,2016.0,0.0,17336.0,-0.397073,0.5736680000000001,GTM,DNK,6417
1197270,97,64,1029,2016.0,1543.0,2178.0,0.877619,1.0765790000000002,HKG,DNK,6417
1197271,102,64,1029,2016.0,18782.0,38375.0,1.7056069999999999,0.788768,HUN,DNK,6417
1197272,104,64,1029,2016.0,4955.0,98270.0,0.223813,2.787547,IND,DNK,6417
1197273,106,64,1029,2016.0,5360.0,112269.0,1.320777,0.057924,IRL,DNK,6417
1197274,109,64,1029,2016.0,0.0,126282.0,0.099623,-0.404352,ISL,DNK,6417
1197275,110,64,1029,2016.0,0.0,26338.0,0.9932219999999999,0.7518819999999999,ISR,DNK,6417
1197276,111,64,1029,2016.0,1975278.0,113608.0,1.461526,0.316891,ITA,DNK,6417
1197277,113,64,1029,2016.0,0.0,17685.0,0.100333,0.020786000000000002,JOR,DNK,6417
1197278,114,64,1029,2016.0,1728.0,15395.0,2.550074,-0.479725,JPN,DNK,6417
1197279,121,64,1029,2016.0,3480.0,134508.0,2.1686389999999998,0.798808,KOR,DNK,6417
1197280,130,64,1029,2016.0,87366.0,15631.0,0.6319130000000001,1.538765,LTU,DNK,6417
1197281,132,64,1029,2016.0,10679.0,1379684.0,0.46748199999999995,1.228024,LVA,DNK,6417
1197282,134,64,1029,2016.0,0.0,30414.0,-0.648329,-0.14071,MAR,DNK,6417
1197283,153,64,1029,2016.0,0.0,14061.0,1.091156,0.8383370000000001,MYS,DNK,6417
1197284,160,64,1029,2016.0,0.0,2162.0,-0.954131,-0.9000389999999999,NIC,DNK,6417
1197285,162,64,1029,2016.0,2473388.0,1353284.0,1.132192,1.412512,NLD,DNK,6417
1197286,163,64,1029,2016.0,381122.0,1490034.0,0.664183,0.206877,NOR,DNK,6417
1197287,167,64,1029,2016.0,0.0,2257.0,-0.594724,-1.019133,OMN,DNK,6417
1197288,177,64,1029,2016.0,404323.0,370752.0,1.1068959999999999,1.226985,POL,DNK,6417
1197289,179,64,1029,2016.0,34196.0,4134.0,0.661961,2.108517,PRT,DNK,6417
1197290,180,64,1029,2016.0,0.0,6109.0,-0.665963,-0.967879,PRY,DNK,6417
1197291,185,64,1029,2016.0,11418.0,1788.0,1.176177,1.093489,ROU,DNK,6417
1197292,186,64,1029,2016.0,0.0,3093.0,0.086009,0.300039,RUS,DNK,6417
1197293,188,64,1029,2016.0,0.0,189825.0,0.00286,-0.764602,SAU,DNK,6417
1197294,201,64,1029,2016.0,3801.0,7747.0,0.608136,1.38132,SRB,DNK,6417
1197295,206,64,1029,2016.0,63078.0,88176.0,1.446588,0.811076,SVK,DNK,6417
1197296,207,64,1029,2016.0,82981.0,16106.0,1.7056200000000001,0.630058,SVN,DNK,6417
1197297,208,64,1029,2016.0,6062335.0,556046.0,1.731295,0.679562,SWE,DNK,6417
1197298,216,64,1029,2016.0,0.0,4556.0,1.3075860000000001,1.151426,THA,DNK,6417
1197299,223,64,1029,2016.0,0.0,1628.0,0.27537399999999995,0.9474239999999999,TUN,DNK,6417
1197300,224,64,1029,2016.0,138727.0,80139.0,0.460247,2.3790400000000003,TUR,DNK,6417
1197301,228,64,1029,2016.0,0.0,1329.0,0.240605,0.827153,UKR,DNK,6417
1197302,231,64,1029,2016.0,32728.0,1183673.0,1.6991900000000002,-0.146044,USA,DNK,6417
1197303,239,64,1029,2016.0,0.0,45535.0,0.048214,0.6998810000000001,VNM,DNK,6417
1197304,246,64,1029,2016.0,0.0,7191.0,-0.029618000000000002,1.426834,ZAF,DNK,6417
1197305,18,65,1029,2016.0,2641.0,0.0,1.2947110000000002,1.113058,BEL,DOM,6417
1197306,32,65,1029,2016.0,3812.0,0.0,0.284988,1.031028,BRA,DOM,6417
1197307,39,65,1029,2016.0,193945.0,80287.0,0.541041,1.328065,CAN,DOM,6417
1197308,42,65,1029,2016.0,11858.0,0.0,-0.162923,-0.20607199999999998,CHL,DOM,6417
1197309,43,65,1029,2016.0,1242533.0,0.0,1.249079,1.151045,CHN,DOM,6417
1197310,49,65,1029,2016.0,1650111.0,0.0,-0.040341,-0.20957699999999999,COL,DOM,6417
1197311,52,65,1029,2016.0,116884.0,0.0,0.28594400000000003,0.131024,CRI,DOM,6417
1197312,61,65,1029,2016.0,18723.0,0.0,2.307429,-2.341644,DEU,DOM,6417
1197313,67,65,1029,2016.0,2382.0,0.0,-1.032726,-1.034297,ECU,DOM,6417
1197314,71,65,1029,2016.0,190296.0,0.0,0.795006,2.203292,ESP,DOM,6417
1197315,77,65,1029,2016.0,5559.0,0.0,1.490723,0.8471559999999999,FRA,DOM,6417
1197316,81,65,1029,2016.0,21523.0,0.0,1.569616,1.048129,GBR,DOM,6417
1197317,99,65,1029,2016.0,4164.0,48426.0,-0.506029,-0.30843899999999996,HND,DOM,6417
1197318,101,65,1029,2016.0,0.0,86774.0,-1.046859,-1.016459,HTI,DOM,6417
1197319,103,65,1029,2016.0,2834660.0,0.0,-0.013630000000000001,1.744404,IDN,DOM,6417
1197320,111,65,1029,2016.0,315316.0,0.0,1.461526,0.316891,ITA,DOM,6417
1197321,112,65,1029,2016.0,0.0,22581.0,-0.25619400000000003,-0.62326,JAM,DOM,6417
1197322,114,65,1029,2016.0,17069.0,0.0,2.550074,-0.479725,JPN,DOM,6417
1197323,138,65,1029,2016.0,796899.0,0.0,1.393506,0.64152,MEX,DOM,6417
1197324,160,65,1029,2016.0,0.0,5136.0,-0.954131,-0.9000389999999999,NIC,DOM,6417
1197325,162,65,1029,2016.0,13071.0,0.0,1.132192,1.412512,NLD,DOM,6417
1197326,169,65,1029,2016.0,84668.0,0.0,0.731258,0.649917,PAN,DOM,6417
1197327,197,65,1029,2016.0,563250.0,0.0,0.075546,0.317046,SLV,DOM,6417
1197328,222,65,1029,2016.0,55596.0,21498.0,-0.184575,-0.9999889999999999,TTO,DOM,6417
1197329,224,65,1029,2016.0,1825492.0,0.0,0.460247,2.3790400000000003,TUR,DOM,6417
1197330,230,65,1029,2016.0,2116.0,0.0,0.040088,-0.27858499999999997,URY,DOM,6417
1197331,231,65,1029,2016.0,4426217.0,76240.0,1.6991900000000002,-0.146044,USA,DOM,6417
1197332,239,65,1029,2016.0,935020.0,0.0,0.048214,0.6998810000000001,VNM,DOM,6417
1197333,250,65,1029,2016.0,253081.0,4737.0,0.608271,-0.007568000000000001,ANS,DOM,6417
1197334,8,67,1029,2016.0,6047.0,0.0,-0.334847,0.24145100000000003,ARG,ECU,6417
1197335,18,67,1029,2016.0,1841.0,0.0,1.2947110000000002,1.113058,BEL,ECU,6417
1197336,32,67,1029,2016.0,457758.0,0.0,0.284988,1.031028,BRA,ECU,6417
1197337,39,67,1029,2016.0,22283.0,0.0,0.541041,1.328065,CAN,ECU,6417
1197338,42,67,1029,2016.0,6183289.0,5156.0,-0.162923,-0.20607199999999998,CHL,ECU,6417
1197339,43,67,1029,2016.0,959267.0,7721.0,1.249079,1.151045,CHN,ECU,6417
1197340,49,67,1029,2016.0,7891345.0,1104169.0,-0.040341,-0.20957699999999999,COL,ECU,6417
1197341,59,67,1029,2016.0,130679.0,0.0,1.818585,0.341356,CZE,ECU,6417
1197342,61,67,1029,2016.0,2405.0,0.0,2.307429,-2.341644,DEU,ECU,6417
1197343,65,67,1029,2016.0,0.0,2382.0,-0.26926500000000003,0.046345,DOM,ECU,6417
1197344,71,67,1029,2016.0,55829.0,0.0,0.795006,2.203292,ESP,ECU,6417
1197345,77,67,1029,2016.0,133223.0,0.0,1.490723,0.8471559999999999,FRA,ECU,6417
1197346,93,67,1029,2016.0,103798.0,0.0,-0.397073,0.5736680000000001,GTM,ECU,6417
1197347,103,67,1029,2016.0,856855.0,0.0,-0.013630000000000001,1.744404,IDN,ECU,6417
1197348,104,67,1029,2016.0,19559.0,0.0,0.223813,2.787547,IND,ECU,6417
1197349,111,67,1029,2016.0,27587.0,0.0,1.461526,0.316891,ITA,ECU,6417
1197350,138,67,1029,2016.0,161341.0,0.0,1.393506,0.64152,MEX,ECU,6417
1197351,162,67,1029,2016.0,11638.0,0.0,1.132192,1.412512,NLD,ECU,6417
1197352,173,67,1029,2016.0,596041.0,364361.0,-0.818178,-0.0791,PER,ECU,6417
1197353,192,67,1029,2016.0,110589.0,0.0,2.0149340000000002,0.613009,SGP,ECU,6417
1197354,222,67,1029,2016.0,22693.0,0.0,-0.184575,-0.9999889999999999,TTO,ECU,6417
1197355,224,67,1029,2016.0,1108950.0,0.0,0.460247,2.3790400000000003,TUR,ECU,6417
1197356,231,67,1029,2016.0,511520.0,0.0,1.6991900000000002,-0.146044,USA,ECU,6417
1197357,239,67,1029,2016.0,727416.0,0.0,0.048214,0.6998810000000001,VNM,ECU,6417
1197358,2,71,1029,2016.0,0.0,12703.0,-0.986722,-1.1941979999999999,AGO,ESP,6417
1197359,4,71,1029,2016.0,0.0,5528.0,-0.5783550000000001,-0.085516,ALB,ESP,6417
1197360,5,71,1029,2016.0,4613.0,216433.0,1.0634370000000002,0.7151069999999999,AND,ESP,6417
1197361,7,71,1029,2016.0,1343.0,31196.0,-0.019275,-0.18309,ARE,ESP,6417
1197362,8,71,1029,2016.0,0.0,41850.0,-0.334847,0.24145100000000003,ARG,ESP,6417
1197363,14,71,1029,2016.0,0.0,2199.0,-0.585613,-0.245365,AUS,ESP,6417
1197364,15,71,1029,2016.0,345643.0,30004.0,1.743944,-0.051155,AUT,ESP,6417
1197365,18,71,1029,2016.0,309074.0,4814134.0,1.2947110000000002,1.113058,BEL,ESP,6417
1197366,19,71,1029,2016.0,0.0,1201.0,-0.863777,-0.913193,BEN,ESP,6417
1197367,21,71,1029,2016.0,0.0,5771.0,-0.861491,-0.9462379999999999,BFA,ESP,6417
1197368,23,71,1029,2016.0,0.0,3089.0,0.509062,1.804648,BGR,ESP,6417
1197369,31,71,1029,2016.0,0.0,5998.0,-1.009709,-0.986669,BOL,ESP,6417
1197370,32,71,1029,2016.0,0.0,72252.0,0.284988,1.031028,BRA,ESP,6417
1197371,33,71,1029,2016.0,0.0,22811.0,0.598214,0.054758,BRB,ESP,6417
1197372,39,71,1029,2016.0,222017.0,2389.0,0.541041,1.328065,CAN,ESP,6417
1197373,41,71,1029,2016.0,244978.0,339596.0,2.328616,0.832224,CHE,ESP,6417
1197374,42,71,1029,2016.0,32625.0,1221338.0,-0.162923,-0.20607199999999998,CHL,ESP,6417
1197375,43,71,1029,2016.0,1071678.0,33653.0,1.249079,1.151045,CHN,ESP,6417
1197376,44,71,1029,2016.0,0.0,2122.0,-0.977045,-0.8633299999999999,CIV,ESP,6417
1197377,45,71,1029,2016.0,0.0,314596.0,-1.1342969999999999,-1.101724,CMR,ESP,6417
1197378,46,71,1029,2016.0,0.0,9358.0,-1.093544,-1.126599,COD,ESP,6417
1197379,49,71,1029,2016.0,4145.0,42931.0,-0.040341,-0.20957699999999999,COL,ESP,6417
1197380,51,71,1029,2016.0,0.0,57976.0,0.13810899999999998,-0.598819,CPV,ESP,6417
1197381,52,71,1029,2016.0,1024.0,59159.0,0.28594400000000003,0.131024,CRI,ESP,6417
1197382,54,71,1029,2016.0,0.0,332676.0,-0.6960850000000001,-1.166981,CUB,ESP,6417
1197383,55,71,1029,2016.0,0.0,4676.0,0.078189,-0.80455,CUW,ESP,6417
1197384,58,71,1029,2016.0,0.0,3909.0,0.229275,-0.09704600000000001,CYP,ESP,6417
1197385,59,71,1029,2016.0,509164.0,409471.0,1.818585,0.341356,CZE,ESP,6417
1197386,61,71,1029,2016.0,15056007.0,23564690.0,2.307429,-2.341644,DEU,ESP,6417
1197387,64,71,1029,2016.0,266889.0,114899.0,1.0572629999999998,1.4157540000000002,DNK,ESP,6417
1197388,65,71,1029,2016.0,0.0,190296.0,-0.26926500000000003,0.046345,DOM,ESP,6417
1197389,66,71,1029,2016.0,71340.0,586701.0,-1.243568,-1.232077,DZA,ESP,6417
1197390,67,71,1029,2016.0,0.0,55829.0,-1.032726,-1.034297,ECU,ESP,6417
1197391,68,71,1029,2016.0,44270.0,773665.0,-0.202127,1.9342419999999998,EGY,ESP,6417
1197392,72,71,1029,2016.0,0.0,53822.0,0.958292,1.190173,EST,ESP,6417
1197393,74,71,1029,2016.0,99107.0,9148.0,1.621764,1.026393,FIN,ESP,6417
1197394,77,71,1029,2016.0,10661973.0,28588002.0,1.490723,0.8471559999999999,FRA,ESP,6417
1197395,81,71,1029,2016.0,1930801.0,8070590.0,1.569616,1.048129,GBR,ESP,6417
1197396,82,71,1029,2016.0,0.0,2929.0,-0.269579,-0.317608,GEO,ESP,6417
1197397,83,71,1029,2016.0,0.0,2647.0,-0.9026200000000001,-0.877508,GHA,ESP,6417
1197398,84,71,1029,2016.0,0.0,155527.0,0.8549690000000001,-0.706403,GIB,ESP,6417
1197399,87,71,1029,2016.0,0.0,5839.0,-0.710399,-0.8278629999999999,GMB,ESP,6417
1197400,88,71,1029,2016.0,0.0,3148.0,-1.526098,-1.087159,GNB,ESP,6417
1197401,89,71,1029,2016.0,0.0,781073.0,-2.0350479999999997,-0.983092,GNQ,ESP,6417
1197402,90,71,1029,2016.0,93395.0,756460.0,0.053899,1.1259709999999998,GRC,ESP,6417
1197403,93,71,1029,2016.0,0.0,21368.0,-0.397073,0.5736680000000001,GTM,ESP,6417
1197404,97,71,1029,2016.0,0.0,21999.0,0.877619,1.0765790000000002,HKG,ESP,6417
1197405,100,71,1029,2016.0,0.0,28534.0,0.850619,1.39544,HRV,ESP,6417
1197406,102,71,1029,2016.0,495276.0,215665.0,1.7056069999999999,0.788768,HUN,ESP,6417
1197407,103,71,1029,2016.0,27667.0,6465.0,-0.013630000000000001,1.744404,IDN,ESP,6417
1197408,104,71,1029,2016.0,32681.0,179216.0,0.223813,2.787547,IND,ESP,6417
1197409,106,71,1029,2016.0,0.0,8814.0,1.320777,0.057924,IRL,ESP,6417
1197410,107,71,1029,2016.0,0.0,1221.0,-0.408637,-0.340544,IRN,ESP,6417
1197411,109,71,1029,2016.0,0.0,18514.0,0.099623,-0.404352,ISL,ESP,6417
1197412,110,71,1029,2016.0,4210.0,219988.0,0.9932219999999999,0.7518819999999999,ISR,ESP,6417
1197413,111,71,1029,2016.0,37546000.0,4330419.0,1.461526,0.316891,ITA,ESP,6417
1197414,112,71,1029,2016.0,0.0,13020.0,-0.25619400000000003,-0.62326,JAM,ESP,6417
1197415,113,71,1029,2016.0,28134.0,78620.0,0.100333,0.020786000000000002,JOR,ESP,6417
1197416,114,71,1029,2016.0,1238.0,309918.0,2.550074,-0.479725,JPN,ESP,6417
1197417,121,71,1029,2016.0,43210.0,718100.0,2.1686389999999998,0.798808,KOR,ESP,6417
1197418,122,71,1029,2016.0,0.0,6437.0,-0.401,-1.102991,KWT,ESP,6417
1197419,124,71,1029,2016.0,0.0,217576.0,0.385417,1.139648,LBN,ESP,6417
1197420,125,71,1029,2016.0,0.0,2150.0,-1.157741,-1.159047,LBR,ESP,6417
1197421,126,71,1029,2016.0,0.0,10503.0,-1.120678,-1.222803,LBY,ESP,6417
1197422,130,71,1029,2016.0,8805.0,57939.0,0.6319130000000001,1.538765,LTU,ESP,6417
1197423,131,71,1029,2016.0,2454.0,4500.0,1.217021,1.401214,LUX,ESP,6417
1197424,132,71,1029,2016.0,0.0,163959.0,0.46748199999999995,1.228024,LVA,ESP,6417
1197425,134,71,1029,2016.0,0.0,2329648.0,-0.648329,-0.14071,MAR,ESP,6417
1197426,138,71,1029,2016.0,8327.0,120241.0,1.393506,0.64152,MEX,ESP,6417
1197427,140,71,1029,2016.0,0.0,1182.0,-0.249664,-0.338412,MKD,ESP,6417
1197428,142,71,1029,2016.0,0.0,87441.0,0.981182,-0.029401999999999998,MLT,ESP,6417
1197429,144,71,1029,2016.0,0.0,2901.0,0.002245,-0.10263599999999999,MNE,ESP,6417
1197430,148,71,1029,2016.0,0.0,2470984.0,-1.5601770000000001,-1.3474899999999999,MRT,ESP,6417
1197431,151,71,1029,2016.0,1346.0,54251.0,-0.334969,0.005404,MUS,ESP,6417
1197432,153,71,1029,2016.0,0.0,63220.0,1.091156,0.8383370000000001,MYS,ESP,6417
1197433,159,71,1029,2016.0,0.0,1697.0,-1.7380830000000003,-1.306938,NGA,ESP,6417
1197434,162,71,1029,2016.0,2102661.0,2072867.0,1.132192,1.412512,NLD,ESP,6417
1197435,163,71,1029,2016.0,0.0,450383.0,0.664183,0.206877,NOR,ESP,6417
1197436,167,71,1029,2016.0,0.0,12219.0,-0.594724,-1.019133,OMN,ESP,6417
1197437,169,71,1029,2016.0,0.0,9926.0,0.731258,0.649917,PAN,ESP,6417
1197438,173,71,1029,2016.0,0.0,5476.0,-0.818178,-0.0791,PER,ESP,6417
1197439,174,71,1029,2016.0,0.0,101834.0,0.958651,0.324888,PHL,ESP,6417
1197440,177,71,1029,2016.0,5192191.0,1818659.0,1.1068959999999999,1.226985,POL,ESP,6417
1197441,179,71,1029,2016.0,11890166.0,22300072.0,0.661961,2.108517,PRT,ESP,6417
1197442,180,71,1029,2016.0,0.0,5798.0,-0.665963,-0.967879,PRY,ESP,6417
1197443,183,71,1029,2016.0,0.0,59643.0,-0.52984,-1.106589,QAT,ESP,6417
1197444,185,71,1029,2016.0,0.0,14764.0,1.176177,1.093489,ROU,ESP,6417
1197445,186,71,1029,2016.0,2742.0,103005.0,0.086009,0.300039,RUS,ESP,6417
1197446,188,71,1029,2016.0,0.0,15020.0,0.00286,-0.764602,SAU,ESP,6417
1197447,191,71,1029,2016.0,0.0,399354.0,-0.648644,-0.39857800000000004,SEN,ESP,6417
1197448,192,71,1029,2016.0,0.0,24010.0,2.0149340000000002,0.613009,SGP,ESP,6417
1197449,197,71,1029,2016.0,0.0,44389.0,0.075546,0.317046,SLV,ESP,6417
1197450,201,71,1029,2016.0,0.0,104710.0,0.608136,1.38132,SRB,ESP,6417
1197451,203,71,1029,2016.0,0.0,6002.0,0.150563,-0.7076319999999999,STP,ESP,6417
1197452,206,71,1029,2016.0,51140.0,62391.0,1.446588,0.811076,SVK,ESP,6417
1197453,207,71,1029,2016.0,241265.0,511926.0,1.7056200000000001,0.630058,SVN,ESP,6417
1197454,208,71,1029,2016.0,375972.0,1593602.0,1.731295,0.679562,SWE,ESP,6417
1197455,214,71,1029,2016.0,0.0,2217.0,-2.434175,-1.113183,TCD,ESP,6417
1197456,216,71,1029,2016.0,1652.0,214649.0,1.3075860000000001,1.151426,THA,ESP,6417
1197457,223,71,1029,2016.0,23950.0,73563.0,0.27537399999999995,0.9474239999999999,TUN,ESP,6417
1197458,224,71,1029,2016.0,242767.0,87217.0,0.460247,2.3790400000000003,TUR,ESP,6417
1197459,228,71,1029,2016.0,50214.0,26389.0,0.240605,0.827153,UKR,ESP,6417
1197460,230,71,1029,2016.0,0.0,258830.0,0.040088,-0.27858499999999997,URY,ESP,6417
1197461,231,71,1029,2016.0,816715.0,306851.0,1.6991900000000002,-0.146044,USA,ESP,6417
1197462,236,71,1029,2016.0,0.0,337877.0,-1.2837120000000002,-1.2503879999999998,VEN,ESP,6417
1197463,239,71,1029,2016.0,0.0,39158.0,0.048214,0.6998810000000001,VNM,ESP,6417
1197464,246,71,1029,2016.0,0.0,438365.0,-0.029618000000000002,1.426834,ZAF,ESP,6417
1197465,249,71,1029,2016.0,2371.0,22285.0,2.028455,1.271167,TWN,ESP,6417
1197466,250,71,1029,2016.0,2471.0,3261.0,0.608271,-0.007568000000000001,ANS,ESP,6417
1197467,15,72,1029,2016.0,3087.0,19252.0,1.743944,-0.051155,AUT,EST,6417
1197468,18,72,1029,2016.0,26505.0,16248.0,1.2947110000000002,1.113058,BEL,EST,6417
1197469,23,72,1029,2016.0,186131.0,0.0,0.509062,1.804648,BGR,EST,6417
1197470,28,72,1029,2016.0,169667.0,2362.0,0.879499,0.897567,BLR,EST,6417
1197471,32,72,1029,2016.0,0.0,1457.0,0.284988,1.031028,BRA,EST,6417
1197472,43,72,1029,2016.0,25953.0,0.0,1.249079,1.151045,CHN,EST,6417
1197473,59,72,1029,2016.0,1646.0,11658.0,1.818585,0.341356,CZE,EST,6417
1197474,61,72,1029,2016.0,2080393.0,5951.0,2.307429,-2.341644,DEU,EST,6417
1197475,64,72,1029,2016.0,6569.0,36967.0,1.0572629999999998,1.4157540000000002,DNK,EST,6417
1197476,71,72,1029,2016.0,53822.0,0.0,0.795006,2.203292,ESP,EST,6417
1197477,74,72,1029,2016.0,1578960.0,96338.0,1.621764,1.026393,FIN,EST,6417
1197478,77,72,1029,2016.0,537542.0,0.0,1.490723,0.8471559999999999,FRA,EST,6417
1197479,81,72,1029,2016.0,35845.0,0.0,1.569616,1.048129,GBR,EST,6417
1197480,100,72,1029,2016.0,3723.0,0.0,0.850619,1.39544,HRV,EST,6417
1197481,102,72,1029,2016.0,38255.0,0.0,1.7056069999999999,0.788768,HUN,EST,6417
1197482,106,72,1029,2016.0,0.0,12759.0,1.320777,0.057924,IRL,EST,6417
1197483,110,72,1029,2016.0,0.0,27050.0,0.9932219999999999,0.7518819999999999,ISR,EST,6417
1197484,111,72,1029,2016.0,273705.0,0.0,1.461526,0.316891,ITA,EST,6417
1197485,114,72,1029,2016.0,1530.0,0.0,2.550074,-0.479725,JPN,EST,6417
1197486,130,72,1029,2016.0,1008314.0,303531.0,0.6319130000000001,1.538765,LTU,EST,6417
1197487,131,72,1029,2016.0,3367.0,0.0,1.217021,1.401214,LUX,EST,6417
1197488,132,72,1029,2016.0,5429656.0,543523.0,0.46748199999999995,1.228024,LVA,EST,6417
1197489,162,72,1029,2016.0,17056.0,11723.0,1.132192,1.412512,NLD,EST,6417
1197490,163,72,1029,2016.0,0.0,213844.0,0.664183,0.206877,NOR,EST,6417
1197491,173,72,1029,2016.0,0.0,10497.0,-0.818178,-0.0791,PER,EST,6417
1197492,177,72,1029,2016.0,1884649.0,7177.0,1.1068959999999999,1.226985,POL,EST,6417
1197493,179,72,1029,2016.0,3722.0,0.0,0.661961,2.108517,PRT,EST,6417
1197494,185,72,1029,2016.0,19974.0,1335.0,1.176177,1.093489,ROU,EST,6417
1197495,186,72,1029,2016.0,2724669.0,0.0,0.086009,0.300039,RUS,EST,6417
1197496,192,72,1029,2016.0,0.0,251433.0,2.0149340000000002,0.613009,SGP,EST,6417
1197497,208,72,1029,2016.0,735605.0,87280.0,1.731295,0.679562,SWE,EST,6417
1197498,224,72,1029,2016.0,11705.0,0.0,0.460247,2.3790400000000003,TUR,EST,6417
1197499,228,72,1029,2016.0,61434.0,2122.0,0.240605,0.827153,UKR,EST,6417
1197500,231,72,1029,2016.0,5858.0,0.0,1.6991900000000002,-0.146044,USA,EST,6417
1197501,250,72,1029,2016.0,304529.0,0.0,0.608271,-0.007568000000000001,ANS,EST,6417
1197502,1,77,1029,2016.0,0.0,14755.0,-1.44133,-0.9938950000000001,AFG,FRA,6417
1197503,2,77,1029,2016.0,0.0,1920.0,-0.986722,-1.1941979999999999,AGO,FRA,6417
1197504,7,77,1029,2016.0,1922.0,162067.0,-0.019275,-0.18309,ARE,FRA,6417
1197505,8,77,1029,2016.0,0.0,203991.0,-0.334847,0.24145100000000003,ARG,FRA,6417
1197506,14,77,1029,2016.0,2793.0,1096569.0,-0.585613,-0.245365,AUS,FRA,6417
1197507,15,77,1029,2016.0,778713.0,1808963.0,1.743944,-0.051155,AUT,FRA,6417
1197508,17,77,1029,2016.0,0.0,43667.0,-0.761608,-0.959908,BDI,FRA,6417
1197509,18,77,1029,2016.0,10761804.0,63374540.0,1.2947110000000002,1.113058,BEL,FRA,6417
1197510,19,77,1029,2016.0,0.0,7979.0,-0.863777,-0.913193,BEN,FRA,6417
1197511,21,77,1029,2016.0,0.0,11996.0,-0.861491,-0.9462379999999999,BFA,FRA,6417
1197512,23,77,1029,2016.0,102953.0,81834.0,0.509062,1.804648,BGR,FRA,6417
1197513,24,77,1029,2016.0,0.0,15270.0,0.23993299999999998,-0.5320199999999999,BHR,FRA,6417
1197514,26,77,1029,2016.0,0.0,34012.0,0.693416,0.8723540000000001,BIH,FRA,6417
1197515,27,77,1029,2016.0,0.0,13950.0,1.230559,0.266883,BLM,FRA,6417
1197516,28,77,1029,2016.0,0.0,4395.0,0.879499,0.897567,BLR,FRA,6417
1197517,32,77,1029,2016.0,27460.0,287510.0,0.284988,1.031028,BRA,FRA,6417
1197518,38,77,1029,2016.0,0.0,20133.0,-0.569303,-0.77994,CAF,FRA,6417
1197519,39,77,1029,2016.0,7777.0,5331046.0,0.541041,1.328065,CAN,FRA,6417
1197520,41,77,1029,2016.0,743389.0,2470039.0,2.328616,0.832224,CHE,FRA,6417
1197521,42,77,1029,2016.0,0.0,192397.0,-0.162923,-0.20607199999999998,CHL,FRA,6417
1197522,43,77,1029,2016.0,3705648.0,1356404.0,1.249079,1.151045,CHN,FRA,6417
1197523,44,77,1029,2016.0,56761.0,385071.0,-0.977045,-0.8633299999999999,CIV,FRA,6417
1197524,45,77,1029,2016.0,0.0,58192.0,-1.1342969999999999,-1.101724,CMR,FRA,6417
1197525,47,77,1029,2016.0,0.0,589091.0,-0.562294,-0.9770030000000001,COG,FRA,6417
1197526,49,77,1029,2016.0,82294.0,266381.0,-0.040341,-0.20957699999999999,COL,FRA,6417
1197527,54,77,1029,2016.0,0.0,1356.0,-0.6960850000000001,-1.166981,CUB,FRA,6417
1197528,58,77,1029,2016.0,0.0,5504.0,0.229275,-0.09704600000000001,CYP,FRA,6417
1197529,59,77,1029,2016.0,980602.0,11938082.0,1.818585,0.341356,CZE,FRA,6417
1197530,61,77,1029,2016.0,49825068.0,39862004.0,2.307429,-2.341644,DEU,FRA,6417
1197531,62,77,1029,2016.0,0.0,1301.0,-0.267615,-0.787596,DJI,FRA,6417
1197532,64,77,1029,2016.0,176220.0,1034258.0,1.0572629999999998,1.4157540000000002,DNK,FRA,6417
1197533,65,77,1029,2016.0,0.0,5559.0,-0.26926500000000003,0.046345,DOM,FRA,6417
1197534,66,77,1029,2016.0,49809.0,4502276.0,-1.243568,-1.232077,DZA,FRA,6417
1197535,67,77,1029,2016.0,0.0,133223.0,-1.032726,-1.034297,ECU,FRA,6417
1197536,68,77,1029,2016.0,137754.0,483695.0,-0.202127,1.9342419999999998,EGY,FRA,6417
1197537,71,77,1029,2016.0,28588002.0,10661973.0,0.795006,2.203292,ESP,FRA,6417
1197538,72,77,1029,2016.0,0.0,537542.0,0.958292,1.190173,EST,FRA,6417
1197539,74,77,1029,2016.0,424590.0,551629.0,1.621764,1.026393,FIN,FRA,6417
1197540,80,77,1029,2016.0,0.0,45789.0,-1.257455,-1.226416,GAB,FRA,6417
1197541,81,77,1029,2016.0,11529574.0,30982338.0,1.569616,1.048129,GBR,FRA,6417
1197542,82,77,1029,2016.0,0.0,1798.0,-0.269579,-0.317608,GEO,FRA,6417
1197543,83,77,1029,2016.0,0.0,42080.0,-0.9026200000000001,-0.877508,GHA,FRA,6417
1197544,85,77,1029,2016.0,0.0,8436.0,-1.461226,-1.196035,GIN,FRA,6417
1197545,89,77,1029,2016.0,0.0,1879.0,-2.0350479999999997,-0.983092,GNQ,FRA,6417
1197546,90,77,1029,2016.0,13025.0,432542.0,0.053899,1.1259709999999998,GRC,FRA,6417
1197547,93,77,1029,2016.0,0.0,90702.0,-0.397073,0.5736680000000001,GTM,FRA,6417
1197548,97,77,1029,2016.0,2893.0,375551.0,0.877619,1.0765790000000002,HKG,FRA,6417
1197549,99,77,1029,2016.0,0.0,23356.0,-0.506029,-0.30843899999999996,HND,FRA,6417
1197550,100,77,1029,2016.0,29040.0,23765.0,0.850619,1.39544,HRV,FRA,6417
1197551,102,77,1029,2016.0,6087.0,466693.0,1.7056069999999999,0.788768,HUN,FRA,6417
1197552,103,77,1029,2016.0,454077.0,25238.0,-0.013630000000000001,1.744404,IDN,FRA,6417
1197553,104,77,1029,2016.0,7827.0,239195.0,0.223813,2.787547,IND,FRA,6417
1197554,106,77,1029,2016.0,8910.0,958414.0,1.320777,0.057924,IRL,FRA,6417
1197555,107,77,1029,2016.0,0.0,47672.0,-0.408637,-0.340544,IRN,FRA,6417
1197556,109,77,1029,2016.0,0.0,239070.0,0.099623,-0.404352,ISL,FRA,6417
1197557,110,77,1029,2016.0,12216.0,451860.0,0.9932219999999999,0.7518819999999999,ISR,FRA,6417
1197558,111,77,1029,2016.0,49480740.0,25902798.0,1.461526,0.316891,ITA,FRA,6417
1197559,112,77,1029,2016.0,0.0,24457.0,-0.25619400000000003,-0.62326,JAM,FRA,6417
1197560,113,77,1029,2016.0,0.0,33174.0,0.100333,0.020786000000000002,JOR,FRA,6417
1197561,114,77,1029,2016.0,73309.0,311760.0,2.550074,-0.479725,JPN,FRA,6417
1197562,115,77,1029,2016.0,0.0,2961.0,-0.467305,-0.475451,KAZ,FRA,6417
1197563,116,77,1029,2016.0,0.0,6502.0,-0.483554,0.25645,KEN,FRA,6417
1197564,118,77,1029,2016.0,5439.0,1242.0,-0.70365,-0.843824,KHM,FRA,6417
1197565,121,77,1029,2016.0,127087.0,183647.0,2.1686389999999998,0.798808,KOR,FRA,6417
1197566,122,77,1029,2016.0,0.0,81680.0,-0.401,-1.102991,KWT,FRA,6417
1197567,124,77,1029,2016.0,0.0,564315.0,0.385417,1.139648,LBN,FRA,6417
1197568,130,77,1029,2016.0,0.0,88360.0,0.6319130000000001,1.538765,LTU,FRA,6417
1197569,131,77,1029,2016.0,94506.0,305447.0,1.217021,1.401214,LUX,FRA,6417
1197570,132,77,1029,2016.0,0.0,23846.0,0.46748199999999995,1.228024,LVA,FRA,6417
1197571,133,77,1029,2016.0,0.0,63318.0,0.517979,0.133195,MAC,FRA,6417
1197572,134,77,1029,2016.0,0.0,555353.0,-0.648329,-0.14071,MAR,FRA,6417
1197573,136,77,1029,2016.0,21475.0,537942.0,-0.979632,-0.63626,MDG,FRA,6417
1197574,137,77,1029,2016.0,0.0,1213.0,-0.975518,-1.00076,MDV,FRA,6417
1197575,138,77,1029,2016.0,5068.0,1173450.0,1.393506,0.64152,MEX,FRA,6417
1197576,140,77,1029,2016.0,0.0,20862.0,-0.249664,-0.338412,MKD,FRA,6417
1197577,141,77,1029,2016.0,0.0,48219.0,-0.405979,-0.6190869999999999,MLI,FRA,6417
1197578,142,77,1029,2016.0,0.0,6888.0,0.981182,-0.029401999999999998,MLT,FRA,6417
1197579,144,77,1029,2016.0,0.0,6119.0,0.002245,-0.10263599999999999,MNE,FRA,6417
1197580,148,77,1029,2016.0,0.0,3792.0,-1.5601770000000001,-1.3474899999999999,MRT,FRA,6417
1197581,151,77,1029,2016.0,25684.0,45669.0,-0.334969,0.005404,MUS,FRA,6417
1197582,153,77,1029,2016.0,0.0,129955.0,1.091156,0.8383370000000001,MYS,FRA,6417
1197583,156,77,1029,2016.0,0.0,84563.0,-0.630577,-0.934391,NCL,FRA,6417
1197584,157,77,1029,2016.0,0.0,4669.0,-1.0853110000000001,-0.9786219999999999,NER,FRA,6417
1197585,159,77,1029,2016.0,0.0,85903.0,-1.7380830000000003,-1.306938,NGA,FRA,6417
1197586,160,77,1029,2016.0,0.0,1629.0,-0.954131,-0.9000389999999999,NIC,FRA,6417
1197587,162,77,1029,2016.0,5618162.0,13953862.0,1.132192,1.412512,NLD,FRA,6417
1197588,163,77,1029,2016.0,70793.0,152387.0,0.664183,0.206877,NOR,FRA,6417
1197589,166,77,1029,2016.0,0.0,23921.0,0.093306,0.194895,NZL,FRA,6417
1197590,167,77,1029,2016.0,0.0,5004.0,-0.594724,-1.019133,OMN,FRA,6417
1197591,168,77,1029,2016.0,14319.0,39903.0,-0.7806810000000001,0.420241,PAK,FRA,6417
1197592,173,77,1029,2016.0,0.0,145478.0,-0.818178,-0.0791,PER,FRA,6417
1197593,174,77,1029,2016.0,0.0,4539.0,0.958651,0.324888,PHL,FRA,6417
1197594,177,77,1029,2016.0,1086685.0,3258242.0,1.1068959999999999,1.226985,POL,FRA,6417
1197595,179,77,1029,2016.0,463787.0,999541.0,0.661961,2.108517,PRT,FRA,6417
1197596,181,77,1029,2016.0,0.0,9563.0,0.09150900000000001,0.693397,PSE,FRA,6417
1197597,182,77,1029,2016.0,0.0,48465.0,0.022294,-0.676078,PYF,FRA,6417
1197598,183,77,1029,2016.0,0.0,53492.0,-0.52984,-1.106589,QAT,FRA,6417
1197599,185,77,1029,2016.0,14002.0,335065.0,1.176177,1.093489,ROU,FRA,6417
1197600,186,77,1029,2016.0,6118.0,136253.0,0.086009,0.300039,RUS,FRA,6417
1197601,187,77,1029,2016.0,0.0,22809.0,-0.57693,-0.476909,RWA,FRA,6417
1197602,188,77,1029,2016.0,0.0,51505.0,0.00286,-0.764602,SAU,FRA,6417
1197603,191,77,1029,2016.0,0.0,120199.0,-0.648644,-0.39857800000000004,SEN,FRA,6417
1197604,192,77,1029,2016.0,175250.0,50180.0,2.0149340000000002,0.613009,SGP,FRA,6417
1197605,196,77,1029,2016.0,0.0,6497.0,-0.25550500000000004,-0.44618800000000003,SLE,FRA,6417
1197606,198,77,1029,2016.0,0.0,1787.0,1.0774059999999999,0.771039,SMR,FRA,6417
1197607,201,77,1029,2016.0,0.0,142954.0,0.608136,1.38132,SRB,FRA,6417
1197608,206,77,1029,2016.0,1317096.0,129668.0,1.446588,0.811076,SVK,FRA,6417
1197609,207,77,1029,2016.0,0.0,446464.0,1.7056200000000001,0.630058,SVN,FRA,6417
1197610,208,77,1029,2016.0,6548512.0,142625.0,1.731295,0.679562,SWE,FRA,6417
1197611,211,77,1029,2016.0,0.0,12606.0,0.321549,-0.610316,SYC,FRA,6417
1197612,214,77,1029,2016.0,0.0,43149.0,-2.434175,-1.113183,TCD,FRA,6417
1197613,215,77,1029,2016.0,0.0,2630.0,-0.777506,-0.652105,TGO,FRA,6417
1197614,216,77,1029,2016.0,1271.0,162871.0,1.3075860000000001,1.151426,THA,FRA,6417
1197615,223,77,1029,2016.0,828064.0,469876.0,0.27537399999999995,0.9474239999999999,TUN,FRA,6417
1197616,224,77,1029,2016.0,225574.0,303866.0,0.460247,2.3790400000000003,TUR,FRA,6417
1197617,228,77,1029,2016.0,17064.0,0.0,0.240605,0.827153,UKR,FRA,6417
1197618,231,77,1029,2016.0,1470708.0,11135538.0,1.6991900000000002,-0.146044,USA,FRA,6417
1197619,232,77,1029,2016.0,0.0,2090.0,-0.672362,-0.574391,UZB,FRA,6417
1197620,239,77,1029,2016.0,3075.0,33263.0,0.048214,0.6998810000000001,VNM,FRA,6417
1197621,246,77,1029,2016.0,0.0,2884185.0,-0.029618000000000002,1.426834,ZAF,FRA,6417
1197622,249,77,1029,2016.0,7783.0,1908974.0,2.028455,1.271167,TWN,FRA,6417
1197623,250,77,1029,2016.0,1471938.0,0.0,0.608271,-0.007568000000000001,ANS,FRA,6417
1197624,1,81,1029,2016.0,0.0,2221.0,-1.44133,-0.9938950000000001,AFG,GBR,6417
1197625,2,81,1029,2016.0,0.0,1269.0,-0.986722,-1.1941979999999999,AGO,GBR,6417
1197626,4,81,1029,2016.0,0.0,4368.0,-0.5783550000000001,-0.085516,ALB,GBR,6417
1197627,7,81,1029,2016.0,1168932.0,828319.0,-0.019275,-0.18309,ARE,GBR,6417
1197628,8,81,1029,2016.0,0.0,16241.0,-0.334847,0.24145100000000003,ARG,GBR,6417
1197629,9,81,1029,2016.0,0.0,31522.0,-0.252904,-0.614643,ARM,GBR,6417
1197630,11,81,1029,2016.0,0.0,45616.0,1.586115,-0.257841,ATA,GBR,6417
1197631,14,81,1029,2016.0,95715.0,1851918.0,-0.585613,-0.245365,AUS,GBR,6417
1197632,15,81,1029,2016.0,1608484.0,2228407.0,1.743944,-0.051155,AUT,GBR,6417
1197633,16,81,1029,2016.0,29251.0,22097.0,-1.111874,-1.2526059999999999,AZE,GBR,6417
1197634,18,81,1029,2016.0,15658762.0,3779060.0,1.2947110000000002,1.113058,BEL,GBR,6417
1197635,22,81,1029,2016.0,0.0,24526.0,-1.0177260000000001,-1.1010799999999998,BGD,GBR,6417
1197636,23,81,1029,2016.0,19309.0,16212.0,0.509062,1.804648,BGR,GBR,6417
1197637,24,81,1029,2016.0,0.0,40662.0,0.23993299999999998,-0.5320199999999999,BHR,GBR,6417
1197638,26,81,1029,2016.0,504655.0,1141.0,0.693416,0.8723540000000001,BIH,GBR,6417
1197639,28,81,1029,2016.0,0.0,5450.0,0.879499,0.897567,BLR,GBR,6417
1197640,30,81,1029,2016.0,0.0,8266.0,1.132838,-0.512521,BMU,GBR,6417
1197641,32,81,1029,2016.0,0.0,171436.0,0.284988,1.031028,BRA,GBR,6417
1197642,33,81,1029,2016.0,0.0,4637.0,0.598214,0.054758,BRB,GBR,6417
1197643,34,81,1029,2016.0,0.0,2673.0,-1.082406,-0.9169309999999999,BRN,GBR,6417
1197644,37,81,1029,2016.0,0.0,1195.0,-0.9498989999999999,-1.2495319999999999,BWA,GBR,6417
1197645,39,81,1029,2016.0,1238187.0,67763.0,0.541041,1.328065,CAN,GBR,6417
1197646,41,81,1029,2016.0,62192.0,1745528.0,2.328616,0.832224,CHE,GBR,6417
1197647,42,81,1029,2016.0,949306.0,184421.0,-0.162923,-0.20607199999999998,CHL,GBR,6417
1197648,43,81,1029,2016.0,11379620.0,2718584.0,1.249079,1.151045,CHN,GBR,6417
1197649,44,81,1029,2016.0,161559.0,13523.0,-0.977045,-0.8633299999999999,CIV,GBR,6417
1197650,45,81,1029,2016.0,0.0,4298.0,-1.1342969999999999,-1.101724,CMR,GBR,6417
1197651,49,81,1029,2016.0,2741460.0,49507.0,-0.040341,-0.20957699999999999,COL,GBR,6417
1197652,58,81,1029,2016.0,0.0,24708.0,0.229275,-0.09704600000000001,CYP,GBR,6417
1197653,59,81,1029,2016.0,1141029.0,2574874.0,1.818585,0.341356,CZE,GBR,6417
1197654,61,81,1029,2016.0,37892472.0,19876822.0,2.307429,-2.341644,DEU,GBR,6417
1197655,64,81,1029,2016.0,279962.0,522953.0,1.0572629999999998,1.4157540000000002,DNK,GBR,6417
1197656,65,81,1029,2016.0,0.0,21523.0,-0.26926500000000003,0.046345,DOM,GBR,6417
1197657,66,81,1029,2016.0,41408.0,5135.0,-1.243568,-1.232077,DZA,GBR,6417
1197658,68,81,1029,2016.0,16693350.0,158547.0,-0.202127,1.9342419999999998,EGY,GBR,6417
1197659,71,81,1029,2016.0,8070590.0,1930801.0,0.795006,2.203292,ESP,GBR,6417
1197660,72,81,1029,2016.0,0.0,35845.0,0.958292,1.190173,EST,GBR,6417
1197661,74,81,1029,2016.0,2572449.0,395249.0,1.621764,1.026393,FIN,GBR,6417
1197662,76,81,1029,2016.0,0.0,30605.0,-1.9386009999999998,-1.011835,FLK,GBR,6417
1197663,77,81,1029,2016.0,30982338.0,11529574.0,1.490723,0.8471559999999999,FRA,GBR,6417
1197664,82,81,1029,2016.0,0.0,18751.0,-0.269579,-0.317608,GEO,GBR,6417
1197665,83,81,1029,2016.0,0.0,90958.0,-0.9026200000000001,-0.877508,GHA,GBR,6417
1197666,84,81,1029,2016.0,0.0,13943.0,0.8549690000000001,-0.706403,GIB,GBR,6417
1197667,87,81,1029,2016.0,0.0,12261.0,-0.710399,-0.8278629999999999,GMB,GBR,6417
1197668,89,81,1029,2016.0,0.0,10453.0,-2.0350479999999997,-0.983092,GNQ,GBR,6417
1197669,90,81,1029,2016.0,158359.0,182122.0,0.053899,1.1259709999999998,GRC,GBR,6417
1197670,93,81,1029,2016.0,0.0,3411.0,-0.397073,0.5736680000000001,GTM,GBR,6417
1197671,97,81,1029,2016.0,203095.0,2216903.0,0.877619,1.0765790000000002,HKG,GBR,6417
1197672,100,81,1029,2016.0,0.0,25422.0,0.850619,1.39544,HRV,GBR,6417
1197673,102,81,1029,2016.0,4481.0,119422.0,1.7056069999999999,0.788768,HUN,GBR,6417
1197674,103,81,1029,2016.0,15228881.0,263267.0,-0.013630000000000001,1.744404,IDN,GBR,6417
1197675,104,81,1029,2016.0,404085.0,568509.0,0.223813,2.787547,IND,GBR,6417
1197676,106,81,1029,2016.0,7853186.0,27851224.0,1.320777,0.057924,IRL,GBR,6417
1197677,107,81,1029,2016.0,1884.0,25404.0,-0.408637,-0.340544,IRN,GBR,6417
1197678,108,81,1029,2016.0,0.0,122258.0,-1.7382849999999999,-1.037508,IRQ,GBR,6417
1197679,109,81,1029,2016.0,0.0,171332.0,0.099623,-0.404352,ISL,GBR,6417
1197680,110,81,1029,2016.0,9739.0,118394.0,0.9932219999999999,0.7518819999999999,ISR,GBR,6417
1197681,111,81,1029,2016.0,38353468.0,3287178.0,1.461526,0.316891,ITA,GBR,6417
1197682,114,81,1029,2016.0,17654.0,594966.0,2.550074,-0.479725,JPN,GBR,6417
1197683,116,81,1029,2016.0,0.0,18379.0,-0.483554,0.25645,KEN,GBR,6417
1197684,121,81,1029,2016.0,108379.0,311995.0,2.1686389999999998,0.798808,KOR,GBR,6417
1197685,122,81,1029,2016.0,0.0,115479.0,-0.401,-1.102991,KWT,GBR,6417
1197686,124,81,1029,2016.0,0.0,145923.0,0.385417,1.139648,LBN,GBR,6417
1197687,126,81,1029,2016.0,0.0,44846.0,-1.120678,-1.222803,LBY,GBR,6417
1197688,128,81,1029,2016.0,5726.0,1739.0,-0.540154,0.22580100000000003,LKA,GBR,6417
1197689,130,81,1029,2016.0,818382.0,1079256.0,0.6319130000000001,1.538765,LTU,GBR,6417
1197690,131,81,1029,2016.0,1905.0,1063.0,1.217021,1.401214,LUX,GBR,6417
1197691,132,81,1029,2016.0,2375.0,20679.0,0.46748199999999995,1.228024,LVA,GBR,6417
1197692,134,81,1029,2016.0,10456642.0,23197.0,-0.648329,-0.14071,MAR,GBR,6417
1197693,135,81,1029,2016.0,0.0,12798.0,-0.24173200000000003,0.010985,MDA,GBR,6417
1197694,138,81,1029,2016.0,2752.0,1597787.0,1.393506,0.64152,MEX,GBR,6417
1197695,140,81,1029,2016.0,0.0,2224.0,-0.249664,-0.338412,MKD,GBR,6417
1197696,142,81,1029,2016.0,0.0,68620.0,0.981182,-0.029401999999999998,MLT,GBR,6417
1197697,151,81,1029,2016.0,0.0,11097.0,-0.334969,0.005404,MUS,GBR,6417
1197698,152,81,1029,2016.0,0.0,1446.0,-0.969781,-1.042325,MWI,GBR,6417
1197699,153,81,1029,2016.0,54224.0,492351.0,1.091156,0.8383370000000001,MYS,GBR,6417
1197700,155,81,1029,2016.0,0.0,66425.0,-0.506252,-0.8029350000000001,NAM,GBR,6417
1197701,159,81,1029,2016.0,0.0,150589.0,-1.7380830000000003,-1.306938,NGA,GBR,6417
1197702,162,81,1029,2016.0,8862630.0,2913892.0,1.132192,1.412512,NLD,GBR,6417
1197703,163,81,1029,2016.0,0.0,265824.0,0.664183,0.206877,NOR,GBR,6417
1197704,166,81,1029,2016.0,0.0,184216.0,0.093306,0.194895,NZL,GBR,6417
1197705,167,81,1029,2016.0,0.0,51427.0,-0.594724,-1.019133,OMN,GBR,6417
1197706,168,81,1029,2016.0,28248.0,126214.0,-0.7806810000000001,0.420241,PAK,GBR,6417
1197707,169,81,1029,2016.0,0.0,5283.0,0.731258,0.649917,PAN,GBR,6417
1197708,173,81,1029,2016.0,0.0,506802.0,-0.818178,-0.0791,PER,GBR,6417
1197709,174,81,1029,2016.0,0.0,46859.0,0.958651,0.324888,PHL,GBR,6417
1197710,177,81,1029,2016.0,9087815.0,5250808.0,1.1068959999999999,1.226985,POL,GBR,6417
1197711,179,81,1029,2016.0,891733.0,200105.0,0.661961,2.108517,PRT,GBR,6417
1197712,180,81,1029,2016.0,0.0,1691.0,-0.665963,-0.967879,PRY,GBR,6417
1197713,183,81,1029,2016.0,0.0,3962.0,-0.52984,-1.106589,QAT,GBR,6417
1197714,185,81,1029,2016.0,169332.0,185342.0,1.176177,1.093489,ROU,GBR,6417
1197715,186,81,1029,2016.0,0.0,909904.0,0.086009,0.300039,RUS,GBR,6417
1197716,188,81,1029,2016.0,2288106.0,211683.0,0.00286,-0.764602,SAU,GBR,6417
1197717,190,81,1029,2016.0,0.0,1357.0,-1.276278,-1.183311,SDN,GBR,6417
1197718,191,81,1029,2016.0,0.0,2515.0,-0.648644,-0.39857800000000004,SEN,GBR,6417
1197719,192,81,1029,2016.0,1640174.0,86896.0,2.0149340000000002,0.613009,SGP,GBR,6417
1197720,194,81,1029,2016.0,0.0,6212.0,1.620802,-0.10737000000000001,SHN,GBR,6417
1197721,196,81,1029,2016.0,0.0,4299.0,-0.25550500000000004,-0.44618800000000003,SLE,GBR,6417
1197722,197,81,1029,2016.0,0.0,13030.0,0.075546,0.317046,SLV,GBR,6417
1197723,201,81,1029,2016.0,9809.0,143989.0,0.608136,1.38132,SRB,GBR,6417
1197724,206,81,1029,2016.0,380114.0,42980.0,1.446588,0.811076,SVK,GBR,6417
1197725,207,81,1029,2016.0,9395.0,78774.0,1.7056200000000001,0.630058,SVN,GBR,6417
1197726,208,81,1029,2016.0,21484700.0,694071.0,1.731295,0.679562,SWE,GBR,6417
1197727,211,81,1029,2016.0,0.0,19897.0,0.321549,-0.610316,SYC,GBR,6417
1197728,216,81,1029,2016.0,29436.0,1602738.0,1.3075860000000001,1.151426,THA,GBR,6417
1197729,222,81,1029,2016.0,0.0,40579.0,-0.184575,-0.9999889999999999,TTO,GBR,6417
1197730,223,81,1029,2016.0,4829622.0,14588.0,0.27537399999999995,0.9474239999999999,TUN,GBR,6417
1197731,224,81,1029,2016.0,64328656.0,179762.0,0.460247,2.3790400000000003,TUR,GBR,6417
1197732,226,81,1029,2016.0,0.0,9565.0,-1.01426,0.304263,TZA,GBR,6417
1197733,227,81,1029,2016.0,0.0,2844.0,-0.476836,0.641138,UGA,GBR,6417
1197734,228,81,1029,2016.0,31354.0,18558.0,0.240605,0.827153,UKR,GBR,6417
1197735,231,81,1029,2016.0,8328277.0,4462186.0,1.6991900000000002,-0.146044,USA,GBR,6417
1197736,236,81,1029,2016.0,0.0,32486.0,-1.2837120000000002,-1.2503879999999998,VEN,GBR,6417
1197737,239,81,1029,2016.0,347225.0,10539.0,0.048214,0.6998810000000001,VNM,GBR,6417
1197738,246,81,1029,2016.0,0.0,620545.0,-0.029618000000000002,1.426834,ZAF,GBR,6417
1197739,249,81,1029,2016.0,70038.0,294083.0,2.028455,1.271167,TWN,GBR,6417
1197740,8,93,1029,2016.0,11683.0,0.0,-0.334847,0.24145100000000003,ARG,GTM,6417
1197741,18,93,1029,2016.0,12424.0,0.0,1.2947110000000002,1.113058,BEL,GTM,6417
1197742,23,93,1029,2016.0,760347.0,0.0,0.509062,1.804648,BGR,GTM,6417
1197743,32,93,1029,2016.0,42641.0,0.0,0.284988,1.031028,BRA,GTM,6417
1197744,39,93,1029,2016.0,126029.0,0.0,0.541041,1.328065,CAN,GTM,6417
1197745,42,93,1029,2016.0,0.0,220222.0,-0.162923,-0.20607199999999998,CHL,GTM,6417
1197746,43,93,1029,2016.0,494880.0,0.0,1.249079,1.151045,CHN,GTM,6417
1197747,49,93,1029,2016.0,84924.0,25839.0,-0.040341,-0.20957699999999999,COL,GTM,6417
1197748,52,93,1029,2016.0,15708.0,323962.0,0.28594400000000003,0.131024,CRI,GTM,6417
1197749,61,93,1029,2016.0,40227.0,85329.0,2.307429,-2.341644,DEU,GTM,6417
1197750,64,93,1029,2016.0,17336.0,0.0,1.0572629999999998,1.4157540000000002,DNK,GTM,6417
1197751,67,93,1029,2016.0,0.0,103798.0,-1.032726,-1.034297,ECU,GTM,6417
1197752,68,93,1029,2016.0,59677.0,0.0,-0.202127,1.9342419999999998,EGY,GTM,6417
1197753,71,93,1029,2016.0,21368.0,0.0,0.795006,2.203292,ESP,GTM,6417
1197754,77,93,1029,2016.0,90702.0,0.0,1.490723,0.8471559999999999,FRA,GTM,6417
1197755,81,93,1029,2016.0,3411.0,0.0,1.569616,1.048129,GBR,GTM,6417
1197756,97,93,1029,2016.0,405357.0,0.0,0.877619,1.0765790000000002,HKG,GTM,6417
1197757,99,93,1029,2016.0,0.0,110566.0,-0.506029,-0.30843899999999996,HND,GTM,6417
1197758,103,93,1029,2016.0,1778882.0,0.0,-0.013630000000000001,1.744404,IDN,GTM,6417
1197759,104,93,1029,2016.0,0.0,141117.0,0.223813,2.787547,IND,GTM,6417
1197760,111,93,1029,2016.0,21521.0,0.0,1.461526,0.316891,ITA,GTM,6417
1197761,138,93,1029,2016.0,5816670.0,91932.0,1.393506,0.64152,MEX,GTM,6417
1197762,160,93,1029,2016.0,0.0,89809.0,-0.954131,-0.9000389999999999,NIC,GTM,6417
1197763,162,93,1029,2016.0,0.0,16777.0,1.132192,1.412512,NLD,GTM,6417
1197764,169,93,1029,2016.0,2132.0,0.0,0.731258,0.649917,PAN,GTM,6417
1197765,192,93,1029,2016.0,371911.0,0.0,2.0149340000000002,0.613009,SGP,GTM,6417
1197766,197,93,1029,2016.0,1022961.0,75120.0,0.075546,0.317046,SLV,GTM,6417
1197767,222,93,1029,2016.0,4102419.0,0.0,-0.184575,-0.9999889999999999,TTO,GTM,6417
1197768,224,93,1029,2016.0,19668.0,0.0,0.460247,2.3790400000000003,TUR,GTM,6417
1197769,231,93,1029,2016.0,4233076.0,66810.0,1.6991900000000002,-0.146044,USA,GTM,6417
1197770,239,93,1029,2016.0,634097.0,0.0,0.048214,0.6998810000000001,VNM,GTM,6417
1197771,249,93,1029,2016.0,32092.0,63728.0,2.028455,1.271167,TWN,GTM,6417
1197772,7,97,1029,2016.0,8449.0,2418.0,-0.019275,-0.18309,ARE,HKG,6417
1197773,14,97,1029,2016.0,0.0,124422.0,-0.585613,-0.245365,AUS,HKG,6417
1197774,22,97,1029,2016.0,0.0,9579.0,-1.0177260000000001,-1.1010799999999998,BGD,HKG,6417
1197775,25,97,1029,2016.0,0.0,2327.0,0.453269,-0.48267899999999997,BHS,HKG,6417
1197776,32,97,1029,2016.0,0.0,21988.0,0.284988,1.031028,BRA,HKG,6417
1197777,34,97,1029,2016.0,0.0,1149.0,-1.082406,-0.9169309999999999,BRN,HKG,6417
1197778,39,97,1029,2016.0,216493.0,7426.0,0.541041,1.328065,CAN,HKG,6417
1197779,41,97,1029,2016.0,1997577.0,5074.0,2.328616,0.832224,CHE,HKG,6417
1197780,43,97,1029,2016.0,11412096.0,440591.0,1.249079,1.151045,CHN,HKG,6417
1197781,49,97,1029,2016.0,26598.0,0.0,-0.040341,-0.20957699999999999,COL,HKG,6417
1197782,52,97,1029,2016.0,0.0,30367.0,0.28594400000000003,0.131024,CRI,HKG,6417
1197783,59,97,1029,2016.0,0.0,40624.0,1.818585,0.341356,CZE,HKG,6417
1197784,61,97,1029,2016.0,255130.0,13847.0,2.307429,-2.341644,DEU,HKG,6417
1197785,64,97,1029,2016.0,2178.0,1543.0,1.0572629999999998,1.4157540000000002,DNK,HKG,6417
1197786,71,97,1029,2016.0,21999.0,0.0,0.795006,2.203292,ESP,HKG,6417
1197787,74,97,1029,2016.0,197449.0,0.0,1.621764,1.026393,FIN,HKG,6417
1197788,75,97,1029,2016.0,0.0,11466.0,-0.370598,0.049875,FJI,HKG,6417
1197789,77,97,1029,2016.0,375551.0,2893.0,1.490723,0.8471559999999999,FRA,HKG,6417
1197790,81,97,1029,2016.0,2216903.0,203095.0,1.569616,1.048129,GBR,HKG,6417
1197791,83,97,1029,2016.0,0.0,7213.0,-0.9026200000000001,-0.877508,GHA,HKG,6417
1197792,93,97,1029,2016.0,0.0,405357.0,-0.397073,0.5736680000000001,GTM,HKG,6417
1197793,103,97,1029,2016.0,373843.0,534070.0,-0.013630000000000001,1.744404,IDN,HKG,6417
1197794,104,97,1029,2016.0,50647.0,4796.0,0.223813,2.787547,IND,HKG,6417
1197795,106,97,1029,2016.0,0.0,12779.0,1.320777,0.057924,IRL,HKG,6417
1197796,110,97,1029,2016.0,0.0,6805.0,0.9932219999999999,0.7518819999999999,ISR,HKG,6417
1197797,111,97,1029,2016.0,286834.0,11077.0,1.461526,0.316891,ITA,HKG,6417
1197798,112,97,1029,2016.0,0.0,382047.0,-0.25619400000000003,-0.62326,JAM,HKG,6417
1197799,113,97,1029,2016.0,0.0,1339.0,0.100333,0.020786000000000002,JOR,HKG,6417
1197800,114,97,1029,2016.0,860563.0,0.0,2.550074,-0.479725,JPN,HKG,6417
1197801,116,97,1029,2016.0,0.0,11425.0,-0.483554,0.25645,KEN,HKG,6417
1197802,118,97,1029,2016.0,0.0,154620.0,-0.70365,-0.843824,KHM,HKG,6417
1197803,121,97,1029,2016.0,2389560.0,33895.0,2.1686389999999998,0.798808,KOR,HKG,6417
1197804,128,97,1029,2016.0,0.0,63136.0,-0.540154,0.22580100000000003,LKA,HKG,6417
1197805,133,97,1029,2016.0,0.0,73765.0,0.517979,0.133195,MAC,HKG,6417
1197806,143,97,1029,2016.0,0.0,7892.0,-1.0789600000000001,-0.6471180000000001,MMR,HKG,6417
1197807,153,97,1029,2016.0,2717.0,9063.0,1.091156,0.8383370000000001,MYS,HKG,6417
1197808,160,97,1029,2016.0,0.0,8170.0,-0.954131,-0.9000389999999999,NIC,HKG,6417
1197809,162,97,1029,2016.0,6539.0,10819.0,1.132192,1.412512,NLD,HKG,6417
1197810,163,97,1029,2016.0,0.0,2196.0,0.664183,0.206877,NOR,HKG,6417
1197811,166,97,1029,2016.0,0.0,30002.0,0.093306,0.194895,NZL,HKG,6417
1197812,168,97,1029,2016.0,0.0,10193.0,-0.7806810000000001,0.420241,PAK,HKG,6417
1197813,169,97,1029,2016.0,0.0,13890.0,0.731258,0.649917,PAN,HKG,6417
1197814,174,97,1029,2016.0,4067.0,680668.0,0.958651,0.324888,PHL,HKG,6417
1197815,181,97,1029,2016.0,0.0,33918.0,0.09150900000000001,0.693397,PSE,HKG,6417
1197816,186,97,1029,2016.0,0.0,3935.0,0.086009,0.300039,RUS,HKG,6417
1197817,192,97,1029,2016.0,27263.0,23066.0,2.0149340000000002,0.613009,SGP,HKG,6417
1197818,195,97,1029,2016.0,0.0,7805.0,-1.458209,-0.9888530000000001,SLB,HKG,6417
1197819,206,97,1029,2016.0,0.0,52847.0,1.446588,0.811076,SVK,HKG,6417
1197820,207,97,1029,2016.0,4334.0,0.0,1.7056200000000001,0.630058,SVN,HKG,6417
1197821,208,97,1029,2016.0,37421.0,1490.0,1.731295,0.679562,SWE,HKG,6417
1197822,216,97,1029,2016.0,60723.0,6545.0,1.3075860000000001,1.151426,THA,HKG,6417
1197823,223,97,1029,2016.0,13476.0,0.0,0.27537399999999995,0.9474239999999999,TUN,HKG,6417
1197824,224,97,1029,2016.0,64323.0,6452.0,0.460247,2.3790400000000003,TUR,HKG,6417
1197825,227,97,1029,2016.0,0.0,201136.0,-0.476836,0.641138,UGA,HKG,6417
1197826,231,97,1029,2016.0,2292210.0,5423785.0,1.6991900000000002,-0.146044,USA,HKG,6417
1197827,239,97,1029,2016.0,37080.0,60389.0,0.048214,0.6998810000000001,VNM,HKG,6417
1197828,246,97,1029,2016.0,0.0,1476.0,-0.029618000000000002,1.426834,ZAF,HKG,6417
1197829,247,97,1029,2016.0,0.0,2658.0,-0.9308350000000001,-1.029968,ZMB,HKG,6417
1197830,249,97,1029,2016.0,3068994.0,0.0,2.028455,1.271167,TWN,HKG,6417
1197831,8,99,1029,2016.0,2678.0,0.0,-0.334847,0.24145100000000003,ARG,HND,6417
1197832,18,99,1029,2016.0,26894.0,0.0,1.2947110000000002,1.113058,BEL,HND,6417
1197833,29,99,1029,2016.0,0.0,4769.0,-0.460532,-0.6068899999999999,BLZ,HND,6417
1197834,39,99,1029,2016.0,169283.0,4782.0,0.541041,1.328065,CAN,HND,6417
1197835,43,99,1029,2016.0,60928.0,0.0,1.249079,1.151045,CHN,HND,6417
1197836,52,99,1029,2016.0,11032.0,10183.0,0.28594400000000003,0.131024,CRI,HND,6417
1197837,65,99,1029,2016.0,48426.0,4164.0,-0.26926500000000003,0.046345,DOM,HND,6417
1197838,77,99,1029,2016.0,23356.0,0.0,1.490723,0.8471559999999999,FRA,HND,6417
1197839,93,99,1029,2016.0,110566.0,0.0,-0.397073,0.5736680000000001,GTM,HND,6417
1197840,102,99,1029,2016.0,32574.0,0.0,1.7056069999999999,0.788768,HUN,HND,6417
1197841,111,99,1029,2016.0,15194.0,0.0,1.461526,0.316891,ITA,HND,6417
1197842,138,99,1029,2016.0,169560.0,0.0,1.393506,0.64152,MEX,HND,6417
1197843,160,99,1029,2016.0,0.0,7502.0,-0.954131,-0.9000389999999999,NIC,HND,6417
1197844,169,99,1029,2016.0,4565.0,0.0,0.731258,0.649917,PAN,HND,6417
1197845,197,99,1029,2016.0,100731.0,5997.0,0.075546,0.317046,SLV,HND,6417
1197846,231,99,1029,2016.0,943316.0,0.0,1.6991900000000002,-0.146044,USA,HND,6417
1197847,14,102,1029,2016.0,0.0,2504.0,-0.585613,-0.245365,AUS,HUN,6417
1197848,15,102,1029,2016.0,3703745.0,1499336.0,1.743944,-0.051155,AUT,HUN,6417
1197849,18,102,1029,2016.0,31550.0,16352.0,1.2947110000000002,1.113058,BEL,HUN,6417
1197850,23,102,1029,2016.0,103752.0,23489.0,0.509062,1.804648,BGR,HUN,6417
1197851,26,102,1029,2016.0,19628.0,60576.0,0.693416,0.8723540000000001,BIH,HUN,6417
1197852,28,102,1029,2016.0,26132.0,0.0,0.879499,0.897567,BLR,HUN,6417
1197853,41,102,1029,2016.0,312891.0,60340.0,2.328616,0.832224,CHE,HUN,6417
1197854,43,102,1029,2016.0,176041.0,0.0,1.249079,1.151045,CHN,HUN,6417
1197855,59,102,1029,2016.0,13699402.0,589575.0,1.818585,0.341356,CZE,HUN,6417
1197856,61,102,1029,2016.0,25471090.0,496884.0,2.307429,-2.341644,DEU,HUN,6417
1197857,64,102,1029,2016.0,38375.0,18782.0,1.0572629999999998,1.4157540000000002,DNK,HUN,6417
1197858,68,102,1029,2016.0,7330.0,0.0,-0.202127,1.9342419999999998,EGY,HUN,6417
1197859,71,102,1029,2016.0,215665.0,495276.0,0.795006,2.203292,ESP,HUN,6417
1197860,72,102,1029,2016.0,0.0,38255.0,0.958292,1.190173,EST,HUN,6417
1197861,74,102,1029,2016.0,133046.0,3213.0,1.621764,1.026393,FIN,HUN,6417
1197862,77,102,1029,2016.0,466693.0,6087.0,1.490723,0.8471559999999999,FRA,HUN,6417
1197863,81,102,1029,2016.0,119422.0,4481.0,1.569616,1.048129,GBR,HUN,6417
1197864,90,102,1029,2016.0,58324.0,0.0,0.053899,1.1259709999999998,GRC,HUN,6417
1197865,99,102,1029,2016.0,0.0,32574.0,-0.506029,-0.30843899999999996,HND,HUN,6417
1197866,100,102,1029,2016.0,3995552.0,382412.0,0.850619,1.39544,HRV,HUN,6417
1197867,103,102,1029,2016.0,1626192.0,0.0,-0.013630000000000001,1.744404,IDN,HUN,6417
1197868,104,102,1029,2016.0,0.0,1679.0,0.223813,2.787547,IND,HUN,6417
1197869,106,102,1029,2016.0,385798.0,2460.0,1.320777,0.057924,IRL,HUN,6417
1197870,111,102,1029,2016.0,21474168.0,1318451.0,1.461526,0.316891,ITA,HUN,6417
1197871,114,102,1029,2016.0,3913.0,0.0,2.550074,-0.479725,JPN,HUN,6417
1197872,130,102,1029,2016.0,29391.0,1915.0,0.6319130000000001,1.538765,LTU,HUN,6417
1197873,131,102,1029,2016.0,0.0,1818.0,1.217021,1.401214,LUX,HUN,6417
1197874,132,102,1029,2016.0,0.0,2720.0,0.46748199999999995,1.228024,LVA,HUN,6417
1197875,135,102,1029,2016.0,0.0,6052.0,-0.24173200000000003,0.010985,MDA,HUN,6417
1197876,140,102,1029,2016.0,0.0,10246.0,-0.249664,-0.338412,MKD,HUN,6417
1197877,144,102,1029,2016.0,0.0,1601.0,0.002245,-0.10263599999999999,MNE,HUN,6417
1197878,162,102,1029,2016.0,270886.0,48389.0,1.132192,1.412512,NLD,HUN,6417
1197879,163,102,1029,2016.0,0.0,605610.0,0.664183,0.206877,NOR,HUN,6417
1197880,177,102,1029,2016.0,4897906.0,859649.0,1.1068959999999999,1.226985,POL,HUN,6417
1197881,185,102,1029,2016.0,25060258.0,3160991.0,1.176177,1.093489,ROU,HUN,6417
1197882,186,102,1029,2016.0,559555.0,7458.0,0.086009,0.300039,RUS,HUN,6417
1197883,188,102,1029,2016.0,0.0,83087.0,0.00286,-0.764602,SAU,HUN,6417
1197884,201,102,1029,2016.0,1026084.0,8047018.0,0.608136,1.38132,SRB,HUN,6417
1197885,206,102,1029,2016.0,2478001.0,8386100.0,1.446588,0.811076,SVK,HUN,6417
1197886,207,102,1029,2016.0,1606548.0,146191.0,1.7056200000000001,0.630058,SVN,HUN,6417
1197887,208,102,1029,2016.0,161816.0,216052.0,1.731295,0.679562,SWE,HUN,6417
1197888,224,102,1029,2016.0,224210.0,0.0,0.460247,2.3790400000000003,TUR,HUN,6417
1197889,228,102,1029,2016.0,89913.0,342433.0,0.240605,0.827153,UKR,HUN,6417
1197890,231,102,1029,2016.0,46671.0,82412.0,1.6991900000000002,-0.146044,USA,HUN,6417
1197891,1,103,1029,2016.0,0.0,460963.0,-1.44133,-0.9938950000000001,AFG,IDN,6417
1197892,2,103,1029,2016.0,0.0,143398.0,-0.986722,-1.1941979999999999,AGO,IDN,6417
1197893,7,103,1029,2016.0,3743.0,11033922.0,-0.019275,-0.18309,ARE,IDN,6417
1197894,8,103,1029,2016.0,0.0,233530.0,-0.334847,0.24145100000000003,ARG,IDN,6417
1197895,9,103,1029,2016.0,0.0,24185.0,-0.252904,-0.614643,ARM,IDN,6417
1197896,14,103,1029,2016.0,31145.0,42175796.0,-0.585613,-0.245365,AUS,IDN,6417
1197897,15,103,1029,2016.0,1004.0,0.0,1.743944,-0.051155,AUT,IDN,6417
1197898,16,103,1029,2016.0,0.0,16521.0,-1.111874,-1.2526059999999999,AZE,IDN,6417
1197899,22,103,1029,2016.0,0.0,648979.0,-1.0177260000000001,-1.1010799999999998,BGD,IDN,6417
1197900,24,103,1029,2016.0,0.0,926895.0,0.23993299999999998,-0.5320199999999999,BHR,IDN,6417
1197901,26,103,1029,2016.0,0.0,684963.0,0.693416,0.8723540000000001,BIH,IDN,6417
1197902,31,103,1029,2016.0,0.0,9490.0,-1.009709,-0.986669,BOL,IDN,6417
1197903,32,103,1029,2016.0,0.0,285363.0,0.284988,1.031028,BRA,IDN,6417
1197904,34,103,1029,2016.0,0.0,85184.0,-1.082406,-0.9169309999999999,BRN,IDN,6417
1197905,39,103,1029,2016.0,0.0,2900838.0,0.541041,1.328065,CAN,IDN,6417
1197906,41,103,1029,2016.0,55847.0,0.0,2.328616,0.832224,CHE,IDN,6417
1197907,42,103,1029,2016.0,0.0,747903.0,-0.162923,-0.20607199999999998,CHL,IDN,6417
1197908,43,103,1029,2016.0,1392128.0,3163072.0,1.249079,1.151045,CHN,IDN,6417
1197909,44,103,1029,2016.0,0.0,2579388.0,-0.977045,-0.8633299999999999,CIV,IDN,6417
1197910,45,103,1029,2016.0,0.0,395242.0,-1.1342969999999999,-1.101724,CMR,IDN,6417
1197911,47,103,1029,2016.0,0.0,44476.0,-0.562294,-0.9770030000000001,COG,IDN,6417
1197912,49,103,1029,2016.0,0.0,33991.0,-0.040341,-0.20957699999999999,COL,IDN,6417
1197913,61,103,1029,2016.0,189333.0,3437.0,2.307429,-2.341644,DEU,IDN,6417
1197914,62,103,1029,2016.0,0.0,843515.0,-0.267615,-0.787596,DJI,IDN,6417
1197915,65,103,1029,2016.0,0.0,2834660.0,-0.26926500000000003,0.046345,DOM,IDN,6417
1197916,67,103,1029,2016.0,0.0,856855.0,-1.032726,-1.034297,ECU,IDN,6417
1197917,68,103,1029,2016.0,0.0,1431492.0,-0.202127,1.9342419999999998,EGY,IDN,6417
1197918,71,103,1029,2016.0,6465.0,27667.0,0.795006,2.203292,ESP,IDN,6417
1197919,73,103,1029,2016.0,0.0,114605.0,-1.163689,-0.885724,ETH,IDN,6417
1197920,75,103,1029,2016.0,0.0,86517.0,-0.370598,0.049875,FJI,IDN,6417
1197921,77,103,1029,2016.0,25238.0,454077.0,1.490723,0.8471559999999999,FRA,IDN,6417
1197922,80,103,1029,2016.0,0.0,150774.0,-1.257455,-1.226416,GAB,IDN,6417
1197923,81,103,1029,2016.0,263267.0,15228881.0,1.569616,1.048129,GBR,IDN,6417
1197924,82,103,1029,2016.0,0.0,110661.0,-0.269579,-0.317608,GEO,IDN,6417
1197925,83,103,1029,2016.0,0.0,884234.0,-0.9026200000000001,-0.877508,GHA,IDN,6417
1197926,87,103,1029,2016.0,0.0,1863.0,-0.710399,-0.8278629999999999,GMB,IDN,6417
1197927,90,103,1029,2016.0,2818.0,46340.0,0.053899,1.1259709999999998,GRC,IDN,6417
1197928,93,103,1029,2016.0,0.0,1778882.0,-0.397073,0.5736680000000001,GTM,IDN,6417
1197929,95,103,1029,2016.0,0.0,47990.0,0.709797,0.108846,GUM,IDN,6417
1197930,97,103,1029,2016.0,534070.0,373843.0,0.877619,1.0765790000000002,HKG,IDN,6417
1197931,100,103,1029,2016.0,0.0,11420109.0,0.850619,1.39544,HRV,IDN,6417
1197932,102,103,1029,2016.0,0.0,1626192.0,1.7056069999999999,0.788768,HUN,IDN,6417
1197933,104,103,1029,2016.0,15672.0,5189590.0,0.223813,2.787547,IND,IDN,6417
1197934,106,103,1029,2016.0,0.0,10457.0,1.320777,0.057924,IRL,IDN,6417
1197935,107,103,1029,2016.0,0.0,709666.0,-0.408637,-0.340544,IRN,IDN,6417
1197936,110,103,1029,2016.0,0.0,3789.0,0.9932219999999999,0.7518819999999999,ISR,IDN,6417
1197937,111,103,1029,2016.0,4758.0,0.0,1.461526,0.316891,ITA,IDN,6417
1197938,112,103,1029,2016.0,0.0,1170238.0,-0.25619400000000003,-0.62326,JAM,IDN,6417
1197939,113,103,1029,2016.0,0.0,1317761.0,0.100333,0.020786000000000002,JOR,IDN,6417
1197940,114,103,1029,2016.0,2638452.0,7357959.0,2.550074,-0.479725,JPN,IDN,6417
1197941,116,103,1029,2016.0,0.0,1856364.0,-0.483554,0.25645,KEN,IDN,6417
1197942,118,103,1029,2016.0,0.0,2864437.0,-0.70365,-0.843824,KHM,IDN,6417
1197943,121,103,1029,2016.0,630986.0,33000820.0,2.1686389999999998,0.798808,KOR,IDN,6417
1197944,122,103,1029,2016.0,0.0,887055.0,-0.401,-1.102991,KWT,IDN,6417
1197945,128,103,1029,2016.0,0.0,1602454.0,-0.540154,0.22580100000000003,LKA,IDN,6417
1197946,130,103,1029,2016.0,0.0,25487.0,0.6319130000000001,1.538765,LTU,IDN,6417
1197947,136,103,1029,2016.0,0.0,332373.0,-0.979632,-0.63626,MDG,IDN,6417
1197948,137,103,1029,2016.0,0.0,40474.0,-0.975518,-1.00076,MDV,IDN,6417
1197949,138,103,1029,2016.0,0.0,1072546.0,1.393506,0.64152,MEX,IDN,6417
1197950,143,103,1029,2016.0,0.0,1265484.0,-1.0789600000000001,-0.6471180000000001,MMR,IDN,6417
1197951,147,103,1029,2016.0,0.0,20929.0,-1.207606,-1.0223879999999999,MOZ,IDN,6417
1197952,151,103,1029,2016.0,0.0,2005368.0,-0.334969,0.005404,MUS,IDN,6417
1197953,152,103,1029,2016.0,0.0,12973.0,-0.969781,-1.042325,MWI,IDN,6417
1197954,153,103,1029,2016.0,489202.0,30728422.0,1.091156,0.8383370000000001,MYS,IDN,6417
1197955,156,103,1029,2016.0,0.0,2067510.0,-0.630577,-0.934391,NCL,IDN,6417
1197956,159,103,1029,2016.0,0.0,1313263.0,-1.7380830000000003,-1.306938,NGA,IDN,6417
1197957,162,103,1029,2016.0,39633.0,0.0,1.132192,1.412512,NLD,IDN,6417
1197958,166,103,1029,2016.0,0.0,12908692.0,0.093306,0.194895,NZL,IDN,6417
1197959,167,103,1029,2016.0,0.0,590189.0,-0.594724,-1.019133,OMN,IDN,6417
1197960,168,103,1029,2016.0,0.0,2262070.0,-0.7806810000000001,0.420241,PAK,IDN,6417
1197961,169,103,1029,2016.0,0.0,346196.0,0.731258,0.649917,PAN,IDN,6417
1197962,173,103,1029,2016.0,0.0,2613647.0,-0.818178,-0.0791,PER,IDN,6417
1197963,174,103,1029,2016.0,3327.0,22863088.0,0.958651,0.324888,PHL,IDN,6417
1197964,176,103,1029,2016.0,0.0,581060.0,-1.7560209999999998,-1.288643,PNG,IDN,6417
1197965,177,103,1029,2016.0,0.0,3004848.0,1.1068959999999999,1.226985,POL,IDN,6417
1197966,179,103,1029,2016.0,3204.0,0.0,0.661961,2.108517,PRT,IDN,6417
1197967,182,103,1029,2016.0,0.0,1767041.0,0.022294,-0.676078,PYF,IDN,6417
1197968,183,103,1029,2016.0,0.0,210136.0,-0.52984,-1.106589,QAT,IDN,6417
1197969,186,103,1029,2016.0,0.0,170530.0,0.086009,0.300039,RUS,IDN,6417
1197970,188,103,1029,2016.0,204664.0,10554645.0,0.00286,-0.764602,SAU,IDN,6417
1197971,190,103,1029,2016.0,0.0,10293.0,-1.276278,-1.183311,SDN,IDN,6417
1197972,191,103,1029,2016.0,0.0,16117.0,-0.648644,-0.39857800000000004,SEN,IDN,6417
1197973,192,103,1029,2016.0,1971044.0,1155688.0,2.0149340000000002,0.613009,SGP,IDN,6417
1197974,197,103,1029,2016.0,0.0,364489.0,0.075546,0.317046,SLV,IDN,6417
1197975,206,103,1029,2016.0,10518.0,0.0,1.446588,0.811076,SVK,IDN,6417
1197976,208,103,1029,2016.0,3949.0,0.0,1.731295,0.679562,SWE,IDN,6417
1197977,215,103,1029,2016.0,0.0,178483.0,-0.777506,-0.652105,TGO,IDN,6417
1197978,216,103,1029,2016.0,2424981.0,23674944.0,1.3075860000000001,1.151426,THA,IDN,6417
1197979,220,103,1029,2016.0,0.0,35795.0,-0.597288,-0.9336549999999999,TLS,IDN,6417
1197980,222,103,1029,2016.0,0.0,7376876.0,-0.184575,-0.9999889999999999,TTO,IDN,6417
1197981,224,103,1029,2016.0,4247.0,126750.0,0.460247,2.3790400000000003,TUR,IDN,6417
1197982,226,103,1029,2016.0,0.0,196253.0,-1.01426,0.304263,TZA,IDN,6417
1197983,227,103,1029,2016.0,0.0,9083.0,-0.476836,0.641138,UGA,IDN,6417
1197984,228,103,1029,2016.0,0.0,1436867.0,0.240605,0.827153,UKR,IDN,6417
1197985,231,103,1029,2016.0,205616.0,110972144.0,1.6991900000000002,-0.146044,USA,IDN,6417
1197986,239,103,1029,2016.0,1517689.0,7751409.0,0.048214,0.6998810000000001,VNM,IDN,6417
1197987,240,103,1029,2016.0,0.0,41878.0,-1.534809,-1.063501,VUT,IDN,6417
1197988,242,103,1029,2016.0,0.0,55656.0,0.636342,-0.152082,WSM,IDN,6417
1197989,243,103,1029,2016.0,0.0,5088112.0,-0.99136,-1.1587049999999999,YEM,IDN,6417
1197990,246,103,1029,2016.0,0.0,2755472.0,-0.029618000000000002,1.426834,ZAF,IDN,6417
1197991,249,103,1029,2016.0,133575.0,41019844.0,2.028455,1.271167,TWN,IDN,6417
1197992,1,104,1029,2016.0,0.0,147117.0,-1.44133,-0.9938950000000001,AFG,IND,6417
1197993,7,104,1029,2016.0,197283.0,11290563.0,-0.019275,-0.18309,ARE,IND,6417
1197994,14,104,1029,2016.0,47446.0,119524.0,-0.585613,-0.245365,AUS,IND,6417
1197995,18,104,1029,2016.0,49863.0,242204.0,1.2947110000000002,1.113058,BEL,IND,6417
1197996,22,104,1029,2016.0,487716.0,14195.0,-1.0177260000000001,-1.1010799999999998,BGD,IND,6417
1197997,24,104,1029,2016.0,0.0,312119.0,0.23993299999999998,-0.5320199999999999,BHR,IND,6417
1197998,25,104,1029,2016.0,2999.0,0.0,0.453269,-0.48267899999999997,BHS,IND,6417
1197999,35,104,1029,2016.0,0.0,196748.0,-0.222627,-0.8282860000000001,BTN,IND,6417
1198000,37,104,1029,2016.0,0.0,51333.0,-0.9498989999999999,-1.2495319999999999,BWA,IND,6417
1198001,39,104,1029,2016.0,88739.0,9608.0,0.541041,1.328065,CAN,IND,6417
1198002,41,104,1029,2016.0,353566.0,65911.0,2.328616,0.832224,CHE,IND,6417
1198003,43,104,1029,2016.0,1663720.0,34524.0,1.249079,1.151045,CHN,IND,6417
1198004,44,104,1029,2016.0,0.0,15970.0,-0.977045,-0.8633299999999999,CIV,IND,6417
1198005,45,104,1029,2016.0,0.0,8216.0,-1.1342969999999999,-1.101724,CMR,IND,6417
1198006,59,104,1029,2016.0,1712.0,7348.0,1.818585,0.341356,CZE,IND,6417
1198007,61,104,1029,2016.0,1030961.0,21568.0,2.307429,-2.341644,DEU,IND,6417
1198008,62,104,1029,2016.0,0.0,401867.0,-0.267615,-0.787596,DJI,IND,6417
1198009,64,104,1029,2016.0,98270.0,4955.0,1.0572629999999998,1.4157540000000002,DNK,IND,6417
1198010,67,104,1029,2016.0,0.0,19559.0,-1.032726,-1.034297,ECU,IND,6417
1198011,71,104,1029,2016.0,179216.0,32681.0,0.795006,2.203292,ESP,IND,6417
1198012,73,104,1029,2016.0,0.0,45603.0,-1.163689,-0.885724,ETH,IND,6417
1198013,74,104,1029,2016.0,5483.0,0.0,1.621764,1.026393,FIN,IND,6417
1198014,75,104,1029,2016.0,0.0,1560.0,-0.370598,0.049875,FJI,IND,6417
1198015,77,104,1029,2016.0,239195.0,7827.0,1.490723,0.8471559999999999,FRA,IND,6417
1198016,81,104,1029,2016.0,568509.0,404085.0,1.569616,1.048129,GBR,IND,6417
1198017,83,104,1029,2016.0,0.0,6772.0,-0.9026200000000001,-0.877508,GHA,IND,6417
1198018,90,104,1029,2016.0,7816.0,5313.0,0.053899,1.1259709999999998,GRC,IND,6417
1198019,93,104,1029,2016.0,141117.0,0.0,-0.397073,0.5736680000000001,GTM,IND,6417
1198020,97,104,1029,2016.0,4796.0,50647.0,0.877619,1.0765790000000002,HKG,IND,6417
1198021,102,104,1029,2016.0,1679.0,0.0,1.7056069999999999,0.788768,HUN,IND,6417
1198022,103,104,1029,2016.0,5189590.0,15672.0,-0.013630000000000001,1.744404,IDN,IND,6417
1198023,106,104,1029,2016.0,0.0,18889.0,1.320777,0.057924,IRL,IND,6417
1198024,107,104,1029,2016.0,0.0,1694798.0,-0.408637,-0.340544,IRN,IND,6417
1198025,108,104,1029,2016.0,0.0,24562.0,-1.7382849999999999,-1.037508,IRQ,IND,6417
1198026,110,104,1029,2016.0,79668.0,54945.0,0.9932219999999999,0.7518819999999999,ISR,IND,6417
1198027,111,104,1029,2016.0,268921.0,2327.0,1.461526,0.316891,ITA,IND,6417
1198028,113,104,1029,2016.0,0.0,26645.0,0.100333,0.020786000000000002,JOR,IND,6417
1198029,114,104,1029,2016.0,373662.0,27350.0,2.550074,-0.479725,JPN,IND,6417
1198030,115,104,1029,2016.0,0.0,8274.0,-0.467305,-0.475451,KAZ,IND,6417
1198031,116,104,1029,2016.0,0.0,574582.0,-0.483554,0.25645,KEN,IND,6417
1198032,121,104,1029,2016.0,325206.0,0.0,2.1686389999999998,0.798808,KOR,IND,6417
1198033,122,104,1029,2016.0,0.0,53912.0,-0.401,-1.102991,KWT,IND,6417
1198034,125,104,1029,2016.0,0.0,4449.0,-1.157741,-1.159047,LBR,IND,6417
1198035,128,104,1029,2016.0,3584.0,1833308.0,-0.540154,0.22580100000000003,LKA,IND,6417
1198036,136,104,1029,2016.0,0.0,12564.0,-0.979632,-0.63626,MDG,IND,6417
1198037,137,104,1029,2016.0,0.0,57973.0,-0.975518,-1.00076,MDV,IND,6417
1198038,143,104,1029,2016.0,0.0,24072.0,-1.0789600000000001,-0.6471180000000001,MMR,IND,6417
1198039,147,104,1029,2016.0,0.0,35372.0,-1.207606,-1.0223879999999999,MOZ,IND,6417
1198040,151,104,1029,2016.0,0.0,221481.0,-0.334969,0.005404,MUS,IND,6417
1198041,153,104,1029,2016.0,12624.0,87039.0,1.091156,0.8383370000000001,MYS,IND,6417
1198042,159,104,1029,2016.0,0.0,27096.0,-1.7380830000000003,-1.306938,NGA,IND,6417
1198043,162,104,1029,2016.0,171024.0,10703.0,1.132192,1.412512,NLD,IND,6417
1198044,163,104,1029,2016.0,2249.0,3713.0,0.664183,0.206877,NOR,IND,6417
1198045,164,104,1029,2016.0,0.0,476162.0,-0.253328,0.33395199999999997,NPL,IND,6417
1198046,166,104,1029,2016.0,27032.0,148659.0,0.093306,0.194895,NZL,IND,6417
1198047,167,104,1029,2016.0,0.0,886424.0,-0.594724,-1.019133,OMN,IND,6417
1198048,168,104,1029,2016.0,0.0,2665.0,-0.7806810000000001,0.420241,PAK,IND,6417
1198049,169,104,1029,2016.0,0.0,52465.0,0.731258,0.649917,PAN,IND,6417
1198050,174,104,1029,2016.0,0.0,15103.0,0.958651,0.324888,PHL,IND,6417
1198051,177,104,1029,2016.0,55073.0,15439.0,1.1068959999999999,1.226985,POL,IND,6417
1198052,179,104,1029,2016.0,1773.0,10282.0,0.661961,2.108517,PRT,IND,6417
1198053,181,104,1029,2016.0,0.0,22517.0,0.09150900000000001,0.693397,PSE,IND,6417
1198054,183,104,1029,2016.0,0.0,165686.0,-0.52984,-1.106589,QAT,IND,6417
1198055,185,104,1029,2016.0,6890.0,0.0,1.176177,1.093489,ROU,IND,6417
1198056,188,104,1029,2016.0,36254.0,722690.0,0.00286,-0.764602,SAU,IND,6417
1198057,191,104,1029,2016.0,0.0,5300.0,-0.648644,-0.39857800000000004,SEN,IND,6417
1198058,192,104,1029,2016.0,63268.0,39217.0,2.0149340000000002,0.613009,SGP,IND,6417
1198059,196,104,1029,2016.0,0.0,3086.0,-0.25550500000000004,-0.44618800000000003,SLE,IND,6417
1198060,199,104,1029,2016.0,0.0,1091.0,-1.2646629999999999,-1.067482,SOM,IND,6417
1198061,201,104,1029,2016.0,1485.0,0.0,0.608136,1.38132,SRB,IND,6417
1198062,207,104,1029,2016.0,14591.0,0.0,1.7056200000000001,0.630058,SVN,IND,6417
1198063,208,104,1029,2016.0,1652828.0,3113.0,1.731295,0.679562,SWE,IND,6417
1198064,211,104,1029,2016.0,0.0,44902.0,0.321549,-0.610316,SYC,IND,6417
1198065,215,104,1029,2016.0,0.0,8042.0,-0.777506,-0.652105,TGO,IND,6417
1198066,216,104,1029,2016.0,497665.0,35180.0,1.3075860000000001,1.151426,THA,IND,6417
1198067,224,104,1029,2016.0,7181.0,10796.0,0.460247,2.3790400000000003,TUR,IND,6417
1198068,226,104,1029,2016.0,0.0,6213.0,-1.01426,0.304263,TZA,IND,6417
1198069,227,104,1029,2016.0,0.0,31970.0,-0.476836,0.641138,UGA,IND,6417
1198070,228,104,1029,2016.0,70243.0,0.0,0.240605,0.827153,UKR,IND,6417
1198071,230,104,1029,2016.0,0.0,2710.0,0.040088,-0.27858499999999997,URY,IND,6417
1198072,231,104,1029,2016.0,1809392.0,2310020.0,1.6991900000000002,-0.146044,USA,IND,6417
1198073,236,104,1029,2016.0,8322.0,0.0,-1.2837120000000002,-1.2503879999999998,VEN,IND,6417
1198074,239,104,1029,2016.0,112301.0,0.0,0.048214,0.6998810000000001,VNM,IND,6417
1198075,243,104,1029,2016.0,0.0,7038.0,-0.99136,-1.1587049999999999,YEM,IND,6417
1198076,246,104,1029,2016.0,0.0,603330.0,-0.029618000000000002,1.426834,ZAF,IND,6417
1198077,247,104,1029,2016.0,0.0,231256.0,-0.9308350000000001,-1.029968,ZMB,IND,6417
1198078,249,104,1029,2016.0,509470.0,0.0,2.028455,1.271167,TWN,IND,6417
1198079,1,106,1029,2016.0,0.0,8230.0,-1.44133,-0.9938950000000001,AFG,IRL,6417
1198080,7,106,1029,2016.0,8667.0,2000.0,-0.019275,-0.18309,ARE,IRL,6417
1198081,15,106,1029,2016.0,1051.0,0.0,1.743944,-0.051155,AUT,IRL,6417
1198082,18,106,1029,2016.0,782944.0,7483.0,1.2947110000000002,1.113058,BEL,IRL,6417
1198083,39,106,1029,2016.0,0.0,5910.0,0.541041,1.328065,CAN,IRL,6417
1198084,41,106,1029,2016.0,17556.0,0.0,2.328616,0.832224,CHE,IRL,6417
1198085,43,106,1029,2016.0,67584.0,0.0,1.249079,1.151045,CHN,IRL,6417
1198086,59,106,1029,2016.0,208119.0,14101.0,1.818585,0.341356,CZE,IRL,6417
1198087,61,106,1029,2016.0,299236.0,0.0,2.307429,-2.341644,DEU,IRL,6417
1198088,64,106,1029,2016.0,112269.0,5360.0,1.0572629999999998,1.4157540000000002,DNK,IRL,6417
1198089,68,106,1029,2016.0,24634.0,0.0,-0.202127,1.9342419999999998,EGY,IRL,6417
1198090,71,106,1029,2016.0,8814.0,0.0,0.795006,2.203292,ESP,IRL,6417
1198091,72,106,1029,2016.0,12759.0,0.0,0.958292,1.190173,EST,IRL,6417
1198092,74,106,1029,2016.0,17192.0,0.0,1.621764,1.026393,FIN,IRL,6417
1198093,77,106,1029,2016.0,958414.0,8910.0,1.490723,0.8471559999999999,FRA,IRL,6417
1198094,81,106,1029,2016.0,27851224.0,7853186.0,1.569616,1.048129,GBR,IRL,6417
1198095,83,106,1029,2016.0,0.0,1493.0,-0.9026200000000001,-0.877508,GHA,IRL,6417
1198096,97,106,1029,2016.0,12779.0,0.0,0.877619,1.0765790000000002,HKG,IRL,6417
1198097,102,106,1029,2016.0,2460.0,385798.0,1.7056069999999999,0.788768,HUN,IRL,6417
1198098,103,106,1029,2016.0,10457.0,0.0,-0.013630000000000001,1.744404,IDN,IRL,6417
1198099,104,106,1029,2016.0,18889.0,0.0,0.223813,2.787547,IND,IRL,6417
1198100,111,106,1029,2016.0,55520.0,5133.0,1.461526,0.316891,ITA,IRL,6417
1198101,130,106,1029,2016.0,0.0,16682.0,0.6319130000000001,1.538765,LTU,IRL,6417
1198102,131,106,1029,2016.0,1409.0,0.0,1.217021,1.401214,LUX,IRL,6417
1198103,132,106,1029,2016.0,13994.0,0.0,0.46748199999999995,1.228024,LVA,IRL,6417
1198104,138,106,1029,2016.0,7160.0,0.0,1.393506,0.64152,MEX,IRL,6417
1198105,153,106,1029,2016.0,5919.0,0.0,1.091156,0.8383370000000001,MYS,IRL,6417
1198106,162,106,1029,2016.0,153127.0,186452.0,1.132192,1.412512,NLD,IRL,6417
1198107,177,106,1029,2016.0,2396.0,0.0,1.1068959999999999,1.226985,POL,IRL,6417
1198108,179,106,1029,2016.0,92593.0,1283.0,0.661961,2.108517,PRT,IRL,6417
1198109,185,106,1029,2016.0,0.0,47330.0,1.176177,1.093489,ROU,IRL,6417
1198110,206,106,1029,2016.0,0.0,22800.0,1.446588,0.811076,SVK,IRL,6417
1198111,208,106,1029,2016.0,5042137.0,0.0,1.731295,0.679562,SWE,IRL,6417
1198112,223,106,1029,2016.0,33912.0,0.0,0.27537399999999995,0.9474239999999999,TUN,IRL,6417
1198113,224,106,1029,2016.0,417454.0,0.0,0.460247,2.3790400000000003,TUR,IRL,6417
1198114,231,106,1029,2016.0,123591.0,2360.0,1.6991900000000002,-0.146044,USA,IRL,6417
1198115,239,106,1029,2016.0,123359.0,0.0,0.048214,0.6998810000000001,VNM,IRL,6417
1198116,246,106,1029,2016.0,0.0,4346.0,-0.029618000000000002,1.426834,ZAF,IRL,6417
1198117,250,106,1029,2016.0,428034.0,1175436.0,0.608271,-0.007568000000000001,ANS,IRL,6417
1198118,1,107,1029,2016.0,0.0,614887.0,-1.44133,-0.9938950000000001,AFG,IRN,6417
1198119,7,107,1029,2016.0,2827475.0,0.0,-0.019275,-0.18309,ARE,IRN,6417
1198120,9,107,1029,2016.0,0.0,383290.0,-0.252904,-0.614643,ARM,IRN,6417
1198121,16,107,1029,2016.0,0.0,159697.0,-1.111874,-1.2526059999999999,AZE,IRN,6417
1198122,18,107,1029,2016.0,3610.0,0.0,1.2947110000000002,1.113058,BEL,IRN,6417
1198123,23,107,1029,2016.0,0.0,3011.0,0.509062,1.804648,BGR,IRN,6417
1198124,41,107,1029,2016.0,39836.0,0.0,2.328616,0.832224,CHE,IRN,6417
1198125,43,107,1029,2016.0,2430856.0,0.0,1.249079,1.151045,CHN,IRN,6417
1198126,61,107,1029,2016.0,92115.0,0.0,2.307429,-2.341644,DEU,IRN,6417
1198127,71,107,1029,2016.0,1221.0,0.0,0.795006,2.203292,ESP,IRN,6417
1198128,77,107,1029,2016.0,47672.0,0.0,1.490723,0.8471559999999999,FRA,IRN,6417
1198129,81,107,1029,2016.0,25404.0,1884.0,1.569616,1.048129,GBR,IRN,6417
1198130,82,107,1029,2016.0,0.0,95916.0,-0.269579,-0.317608,GEO,IRN,6417
1198131,103,107,1029,2016.0,709666.0,0.0,-0.013630000000000001,1.744404,IDN,IRN,6417
1198132,104,107,1029,2016.0,1694798.0,0.0,0.223813,2.787547,IND,IRN,6417
1198133,108,107,1029,2016.0,0.0,8044887.0,-1.7382849999999999,-1.037508,IRQ,IRN,6417
1198134,111,107,1029,2016.0,432180.0,0.0,1.461526,0.316891,ITA,IRN,6417
1198135,114,107,1029,2016.0,1728.0,0.0,2.550074,-0.479725,JPN,IRN,6417
1198136,115,107,1029,2016.0,0.0,5520.0,-0.467305,-0.475451,KAZ,IRN,6417
1198137,121,107,1029,2016.0,43321.0,0.0,2.1686389999999998,0.798808,KOR,IRN,6417
1198138,124,107,1029,2016.0,3335.0,12685.0,0.385417,1.139648,LBN,IRN,6417
1198139,136,107,1029,2016.0,0.0,1024.0,-0.979632,-0.63626,MDG,IRN,6417
1198140,162,107,1029,2016.0,15549.0,0.0,1.132192,1.412512,NLD,IRN,6417
1198141,208,107,1029,2016.0,229015.0,0.0,1.731295,0.679562,SWE,IRN,6417
1198142,217,107,1029,2016.0,0.0,12583.0,-0.998353,-1.129616,TJK,IRN,6417
1198143,219,107,1029,2016.0,0.0,867248.0,-1.017361,-1.22005,TKM,IRN,6417
1198144,224,107,1029,2016.0,520509.0,0.0,0.460247,2.3790400000000003,TUR,IRN,6417
1198145,249,107,1029,2016.0,844696.0,0.0,2.028455,1.271167,TWN,IRN,6417
1198146,2,110,1029,2016.0,0.0,56588.0,-0.986722,-1.1941979999999999,AGO,ISR,6417
1198147,14,110,1029,2016.0,1145.0,0.0,-0.585613,-0.245365,AUS,ISR,6417
1198148,18,110,1029,2016.0,129015.0,0.0,1.2947110000000002,1.113058,BEL,ISR,6417
1198149,23,110,1029,2016.0,43394.0,0.0,0.509062,1.804648,BGR,ISR,6417
1198150,28,110,1029,2016.0,4419.0,0.0,0.879499,0.897567,BLR,ISR,6417
1198151,31,110,1029,2016.0,0.0,15303.0,-1.009709,-0.986669,BOL,ISR,6417
1198152,32,110,1029,2016.0,38353.0,0.0,0.284988,1.031028,BRA,ISR,6417
1198153,39,110,1029,2016.0,850092.0,3553.0,0.541041,1.328065,CAN,ISR,6417
1198154,41,110,1029,2016.0,0.0,51436.0,2.328616,0.832224,CHE,ISR,6417
1198155,43,110,1029,2016.0,880784.0,0.0,1.249079,1.151045,CHN,ISR,6417
1198156,58,110,1029,2016.0,0.0,133569.0,0.229275,-0.09704600000000001,CYP,ISR,6417
1198157,59,110,1029,2016.0,79301.0,0.0,1.818585,0.341356,CZE,ISR,6417
1198158,61,110,1029,2016.0,1100259.0,10485926.0,2.307429,-2.341644,DEU,ISR,6417
1198159,64,110,1029,2016.0,26338.0,0.0,1.0572629999999998,1.4157540000000002,DNK,ISR,6417
1198160,68,110,1029,2016.0,11650.0,0.0,-0.202127,1.9342419999999998,EGY,ISR,6417
1198161,71,110,1029,2016.0,219988.0,4210.0,0.795006,2.203292,ESP,ISR,6417
1198162,72,110,1029,2016.0,27050.0,0.0,0.958292,1.190173,EST,ISR,6417
1198163,73,110,1029,2016.0,0.0,8518.0,-1.163689,-0.885724,ETH,ISR,6417
1198164,74,110,1029,2016.0,29031.0,0.0,1.621764,1.026393,FIN,ISR,6417
1198165,77,110,1029,2016.0,451860.0,12216.0,1.490723,0.8471559999999999,FRA,ISR,6417
1198166,81,110,1029,2016.0,118394.0,9739.0,1.569616,1.048129,GBR,ISR,6417
1198167,82,110,1029,2016.0,0.0,5716.0,-0.269579,-0.317608,GEO,ISR,6417
1198168,90,110,1029,2016.0,63966.0,260273.0,0.053899,1.1259709999999998,GRC,ISR,6417
1198169,97,110,1029,2016.0,6805.0,0.0,0.877619,1.0765790000000002,HKG,ISR,6417
1198170,103,110,1029,2016.0,3789.0,0.0,-0.013630000000000001,1.744404,IDN,ISR,6417
1198171,104,110,1029,2016.0,54945.0,79668.0,0.223813,2.787547,IND,ISR,6417
1198172,111,110,1029,2016.0,1274886.0,35563.0,1.461526,0.316891,ITA,ISR,6417
1198173,113,110,1029,2016.0,0.0,20381.0,0.100333,0.020786000000000002,JOR,ISR,6417
1198174,121,110,1029,2016.0,3201.0,0.0,2.1686389999999998,0.798808,KOR,ISR,6417
1198175,138,110,1029,2016.0,0.0,3423.0,1.393506,0.64152,MEX,ISR,6417
1198176,140,110,1029,2016.0,13370.0,0.0,-0.249664,-0.338412,MKD,ISR,6417
1198177,162,110,1029,2016.0,4318.0,65107.0,1.132192,1.412512,NLD,ISR,6417
1198178,163,110,1029,2016.0,0.0,10974.0,0.664183,0.206877,NOR,ISR,6417
1198179,173,110,1029,2016.0,0.0,34520.0,-0.818178,-0.0791,PER,ISR,6417
1198180,177,110,1029,2016.0,83243.0,0.0,1.1068959999999999,1.226985,POL,ISR,6417
1198181,179,110,1029,2016.0,1470.0,0.0,0.661961,2.108517,PRT,ISR,6417
1198182,181,110,1029,2016.0,0.0,14468.0,0.09150900000000001,0.693397,PSE,ISR,6417
1198183,185,110,1029,2016.0,792753.0,8805.0,1.176177,1.093489,ROU,ISR,6417
1198184,186,110,1029,2016.0,0.0,1780.0,0.086009,0.300039,RUS,ISR,6417
1198185,208,110,1029,2016.0,41614.0,0.0,1.731295,0.679562,SWE,ISR,6417
1198186,216,110,1029,2016.0,6370.0,0.0,1.3075860000000001,1.151426,THA,ISR,6417
1198187,224,110,1029,2016.0,38017336.0,52045.0,0.460247,2.3790400000000003,TUR,ISR,6417
1198188,228,110,1029,2016.0,51733.0,6798.0,0.240605,0.827153,UKR,ISR,6417
1198189,231,110,1029,2016.0,1419505.0,47495.0,1.6991900000000002,-0.146044,USA,ISR,6417
1198190,247,110,1029,2016.0,0.0,2576.0,-0.9308350000000001,-1.029968,ZMB,ISR,6417
1198191,2,111,1029,2016.0,0.0,293517.0,-0.986722,-1.1941979999999999,AGO,ITA,6417
1198192,4,111,1029,2016.0,0.0,1389286.0,-0.5783550000000001,-0.085516,ALB,ITA,6417
1198193,7,111,1029,2016.0,193936.0,432678.0,-0.019275,-0.18309,ARE,ITA,6417
1198194,8,111,1029,2016.0,3307.0,401904.0,-0.334847,0.24145100000000003,ARG,ITA,6417
1198195,9,111,1029,2016.0,0.0,6626.0,-0.252904,-0.614643,ARM,ITA,6417
1198196,14,111,1029,2016.0,4331.0,873799.0,-0.585613,-0.245365,AUS,ITA,6417
1198197,15,111,1029,2016.0,936684.0,5255061.0,1.743944,-0.051155,AUT,ITA,6417
1198198,16,111,1029,2016.0,0.0,221605.0,-1.111874,-1.2526059999999999,AZE,ITA,6417
1198199,18,111,1029,2016.0,957640.0,6351000.0,1.2947110000000002,1.113058,BEL,ITA,6417
1198200,20,111,1029,2016.0,0.0,1957.0,0.875654,-0.8195520000000001,BES,ITA,6417
1198201,22,111,1029,2016.0,0.0,14598.0,-1.0177260000000001,-1.1010799999999998,BGD,ITA,6417
1198202,23,111,1029,2016.0,61171.0,1494719.0,0.509062,1.804648,BGR,ITA,6417
1198203,24,111,1029,2016.0,0.0,170421.0,0.23993299999999998,-0.5320199999999999,BHR,ITA,6417
1198204,25,111,1029,2016.0,0.0,9643.0,0.453269,-0.48267899999999997,BHS,ITA,6417
1198205,26,111,1029,2016.0,23254.0,3026956.0,0.693416,0.8723540000000001,BIH,ITA,6417
1198206,28,111,1029,2016.0,0.0,112501.0,0.879499,0.897567,BLR,ITA,6417
1198207,31,111,1029,2016.0,0.0,7317.0,-1.009709,-0.986669,BOL,ITA,6417
1198208,32,111,1029,2016.0,1070.0,557851.0,0.284988,1.031028,BRA,ITA,6417
1198209,34,111,1029,2016.0,0.0,6093.0,-1.082406,-0.9169309999999999,BRN,ITA,6417
1198210,39,111,1029,2016.0,35156.0,71490.0,0.541041,1.328065,CAN,ITA,6417
1198211,41,111,1029,2016.0,14953228.0,4581383.0,2.328616,0.832224,CHE,ITA,6417
1198212,42,111,1029,2016.0,143758.0,5834238.0,-0.162923,-0.20607199999999998,CHL,ITA,6417
1198213,43,111,1029,2016.0,899315.0,1277224.0,1.249079,1.151045,CHN,ITA,6417
1198214,44,111,1029,2016.0,3806.0,212244.0,-0.977045,-0.8633299999999999,CIV,ITA,6417
1198215,45,111,1029,2016.0,0.0,337799.0,-1.1342969999999999,-1.101724,CMR,ITA,6417
1198216,46,111,1029,2016.0,0.0,5186.0,-1.093544,-1.126599,COD,ITA,6417
1198217,49,111,1029,2016.0,0.0,241692.0,-0.040341,-0.20957699999999999,COL,ITA,6417
1198218,51,111,1029,2016.0,0.0,36901.0,0.13810899999999998,-0.598819,CPV,ITA,6417
1198219,52,111,1029,2016.0,0.0,77689.0,0.28594400000000003,0.131024,CRI,ITA,6417
1198220,58,111,1029,2016.0,4266.0,3607376.0,0.229275,-0.09704600000000001,CYP,ITA,6417
1198221,59,111,1029,2016.0,580545.0,6085646.0,1.818585,0.341356,CZE,ITA,6417
1198222,61,111,1029,2016.0,59873232.0,58545824.0,2.307429,-2.341644,DEU,ITA,6417
1198223,64,111,1029,2016.0,113608.0,1975278.0,1.0572629999999998,1.4157540000000002,DNK,ITA,6417
1198224,65,111,1029,2016.0,0.0,315316.0,-0.26926500000000003,0.046345,DOM,ITA,6417
1198225,66,111,1029,2016.0,1714.0,1207745.0,-1.243568,-1.232077,DZA,ITA,6417
1198226,67,111,1029,2016.0,0.0,27587.0,-1.032726,-1.034297,ECU,ITA,6417
1198227,68,111,1029,2016.0,37081.0,2208263.0,-0.202127,1.9342419999999998,EGY,ITA,6417
1198228,69,111,1029,2016.0,0.0,75342.0,-1.3077370000000001,-1.113459,ERI,ITA,6417
1198229,71,111,1029,2016.0,4330419.0,37546000.0,0.795006,2.203292,ESP,ITA,6417
1198230,72,111,1029,2016.0,0.0,273705.0,0.958292,1.190173,EST,ITA,6417
1198231,73,111,1029,2016.0,0.0,21218.0,-1.163689,-0.885724,ETH,ITA,6417
1198232,74,111,1029,2016.0,11522.0,134217.0,1.621764,1.026393,FIN,ITA,6417
1198233,77,111,1029,2016.0,25902798.0,49480740.0,1.490723,0.8471559999999999,FRA,ITA,6417
1198234,80,111,1029,2016.0,0.0,80148.0,-1.257455,-1.226416,GAB,ITA,6417
1198235,81,111,1029,2016.0,3287178.0,38353468.0,1.569616,1.048129,GBR,ITA,6417
1198236,82,111,1029,2016.0,0.0,82402.0,-0.269579,-0.317608,GEO,ITA,6417
1198237,83,111,1029,2016.0,0.0,231044.0,-0.9026200000000001,-0.877508,GHA,ITA,6417
1198238,88,111,1029,2016.0,0.0,3548.0,-1.526098,-1.087159,GNB,ITA,6417
1198239,90,111,1029,2016.0,157899.0,25763690.0,0.053899,1.1259709999999998,GRC,ITA,6417
1198240,93,111,1029,2016.0,0.0,21521.0,-0.397073,0.5736680000000001,GTM,ITA,6417
1198241,97,111,1029,2016.0,11077.0,286834.0,0.877619,1.0765790000000002,HKG,ITA,6417
1198242,99,111,1029,2016.0,0.0,15194.0,-0.506029,-0.30843899999999996,HND,ITA,6417
1198243,100,111,1029,2016.0,55695.0,13879791.0,0.850619,1.39544,HRV,ITA,6417
1198244,102,111,1029,2016.0,1318451.0,21474168.0,1.7056069999999999,0.788768,HUN,ITA,6417
1198245,103,111,1029,2016.0,0.0,4758.0,-0.013630000000000001,1.744404,IDN,ITA,6417
1198246,104,111,1029,2016.0,2327.0,268921.0,0.223813,2.787547,IND,ITA,6417
1198247,106,111,1029,2016.0,5133.0,55520.0,1.320777,0.057924,IRL,ITA,6417
1198248,107,111,1029,2016.0,0.0,432180.0,-0.408637,-0.340544,IRN,ITA,6417
1198249,108,111,1029,2016.0,0.0,1394.0,-1.7382849999999999,-1.037508,IRQ,ITA,6417
1198250,109,111,1029,2016.0,0.0,243897.0,0.099623,-0.404352,ISL,ITA,6417
1198251,110,111,1029,2016.0,35563.0,1274886.0,0.9932219999999999,0.7518819999999999,ISR,ITA,6417
1198252,112,111,1029,2016.0,0.0,1407642.0,-0.25619400000000003,-0.62326,JAM,ITA,6417
1198253,113,111,1029,2016.0,0.0,36228.0,0.100333,0.020786000000000002,JOR,ITA,6417
1198254,114,111,1029,2016.0,19509.0,40512.0,2.550074,-0.479725,JPN,ITA,6417
1198255,115,111,1029,2016.0,5204.0,65687.0,-0.467305,-0.475451,KAZ,ITA,6417
1198256,116,111,1029,2016.0,0.0,1251.0,-0.483554,0.25645,KEN,ITA,6417
1198257,117,111,1029,2016.0,0.0,1737.0,0.20501100000000003,0.657593,KGZ,ITA,6417
1198258,118,111,1029,2016.0,0.0,21014.0,-0.70365,-0.843824,KHM,ITA,6417
1198259,121,111,1029,2016.0,50913.0,61199.0,2.1686389999999998,0.798808,KOR,ITA,6417
1198260,122,111,1029,2016.0,0.0,244814.0,-0.401,-1.102991,KWT,ITA,6417
1198261,124,111,1029,2016.0,0.0,437073.0,0.385417,1.139648,LBN,ITA,6417
1198262,126,111,1029,2016.0,0.0,206078.0,-1.120678,-1.222803,LBY,ITA,6417
1198263,128,111,1029,2016.0,0.0,30251.0,-0.540154,0.22580100000000003,LKA,ITA,6417
1198264,130,111,1029,2016.0,0.0,445637.0,0.6319130000000001,1.538765,LTU,ITA,6417
1198265,131,111,1029,2016.0,0.0,5212.0,1.217021,1.401214,LUX,ITA,6417
1198266,132,111,1029,2016.0,4568.0,316714.0,0.46748199999999995,1.228024,LVA,ITA,6417
1198267,134,111,1029,2016.0,0.0,321548.0,-0.648329,-0.14071,MAR,ITA,6417
1198268,135,111,1029,2016.0,0.0,53850.0,-0.24173200000000003,0.010985,MDA,ITA,6417
1198269,138,111,1029,2016.0,192009.0,1250304.0,1.393506,0.64152,MEX,ITA,6417
1198270,140,111,1029,2016.0,42800.0,16435.0,-0.249664,-0.338412,MKD,ITA,6417
1198271,141,111,1029,2016.0,0.0,27977.0,-0.405979,-0.6190869999999999,MLI,ITA,6417
1198272,142,111,1029,2016.0,0.0,1425938.0,0.981182,-0.029401999999999998,MLT,ITA,6417
1198273,143,111,1029,2016.0,0.0,1825.0,-1.0789600000000001,-0.6471180000000001,MMR,ITA,6417
1198274,144,111,1029,2016.0,3957.0,79610.0,0.002245,-0.10263599999999999,MNE,ITA,6417
1198275,152,111,1029,2016.0,0.0,4598.0,-0.969781,-1.042325,MWI,ITA,6417
1198276,153,111,1029,2016.0,0.0,541356.0,1.091156,0.8383370000000001,MYS,ITA,6417
1198277,156,111,1029,2016.0,0.0,12948.0,-0.630577,-0.934391,NCL,ITA,6417
1198278,162,111,1029,2016.0,986903.0,3426994.0,1.132192,1.412512,NLD,ITA,6417
1198279,163,111,1029,2016.0,13473.0,981340.0,0.664183,0.206877,NOR,ITA,6417
1198280,166,111,1029,2016.0,0.0,43109.0,0.093306,0.194895,NZL,ITA,6417
1198281,167,111,1029,2016.0,0.0,9236.0,-0.594724,-1.019133,OMN,ITA,6417
1198282,168,111,1029,2016.0,0.0,15289.0,-0.7806810000000001,0.420241,PAK,ITA,6417
1198283,169,111,1029,2016.0,0.0,150071.0,0.731258,0.649917,PAN,ITA,6417
1198284,173,111,1029,2016.0,4658.0,327994.0,-0.818178,-0.0791,PER,ITA,6417
1198285,177,111,1029,2016.0,900738.0,31879034.0,1.1068959999999999,1.226985,POL,ITA,6417
1198286,179,111,1029,2016.0,1645.0,5600019.0,0.661961,2.108517,PRT,ITA,6417
1198287,181,111,1029,2016.0,0.0,9576.0,0.09150900000000001,0.693397,PSE,ITA,6417
1198288,182,111,1029,2016.0,0.0,8852.0,0.022294,-0.676078,PYF,ITA,6417
1198289,183,111,1029,2016.0,0.0,106262.0,-0.52984,-1.106589,QAT,ITA,6417
1198290,185,111,1029,2016.0,333935.0,3937648.0,1.176177,1.093489,ROU,ITA,6417
1198291,186,111,1029,2016.0,2717.0,2308380.0,0.086009,0.300039,RUS,ITA,6417
1198292,188,111,1029,2016.0,8043.0,1497807.0,0.00286,-0.764602,SAU,ITA,6417
1198293,191,111,1029,2016.0,0.0,220972.0,-0.648644,-0.39857800000000004,SEN,ITA,6417
1198294,192,111,1029,2016.0,1131.0,132152.0,2.0149340000000002,0.613009,SGP,ITA,6417
1198295,197,111,1029,2016.0,0.0,16974.0,0.075546,0.317046,SLV,ITA,6417
1198296,201,111,1029,2016.0,1263867.0,732358.0,0.608136,1.38132,SRB,ITA,6417
1198297,206,111,1029,2016.0,7518.0,4029797.0,1.446588,0.811076,SVK,ITA,6417
1198298,207,111,1029,2016.0,296982.0,11755610.0,1.7056200000000001,0.630058,SVN,ITA,6417
1198299,208,111,1029,2016.0,5512312.0,114516.0,1.731295,0.679562,SWE,ITA,6417
1198300,216,111,1029,2016.0,0.0,6978.0,1.3075860000000001,1.151426,THA,ITA,6417
1198301,223,111,1029,2016.0,546683.0,5099249.0,0.27537399999999995,0.9474239999999999,TUN,ITA,6417
1198302,224,111,1029,2016.0,1785913.0,2202446.0,0.460247,2.3790400000000003,TUR,ITA,6417
1198303,226,111,1029,2016.0,0.0,3044.0,-1.01426,0.304263,TZA,ITA,6417
1198304,228,111,1029,2016.0,31593.0,556101.0,0.240605,0.827153,UKR,ITA,6417
1198305,231,111,1029,2016.0,2458443.0,27942510.0,1.6991900000000002,-0.146044,USA,ITA,6417
1198306,232,111,1029,2016.0,0.0,9293.0,-0.672362,-0.574391,UZB,ITA,6417
1198307,236,111,1029,2016.0,0.0,9626.0,-1.2837120000000002,-1.2503879999999998,VEN,ITA,6417
1198308,239,111,1029,2016.0,7933.0,443940.0,0.048214,0.6998810000000001,VNM,ITA,6417
1198309,246,111,1029,2016.0,77430.0,266527.0,-0.029618000000000002,1.426834,ZAF,ITA,6417
1198310,249,111,1029,2016.0,1404216.0,993032.0,2.028455,1.271167,TWN,ITA,6417
1198311,25,112,1029,2016.0,0.0,5389.0,0.453269,-0.48267899999999997,BHS,JAM,6417
1198312,29,112,1029,2016.0,0.0,1870.0,-0.460532,-0.6068899999999999,BLZ,JAM,6417
1198313,39,112,1029,2016.0,79768.0,0.0,0.541041,1.328065,CAN,JAM,6417
1198314,42,112,1029,2016.0,9267.0,0.0,-0.162923,-0.20607199999999998,CHL,JAM,6417
1198315,43,112,1029,2016.0,3176487.0,0.0,1.249079,1.151045,CHN,JAM,6417
1198316,52,112,1029,2016.0,55655.0,0.0,0.28594400000000003,0.131024,CRI,JAM,6417
1198317,61,112,1029,2016.0,26943.0,0.0,2.307429,-2.341644,DEU,JAM,6417
1198318,65,112,1029,2016.0,22581.0,0.0,-0.26926500000000003,0.046345,DOM,JAM,6417
1198319,71,112,1029,2016.0,13020.0,0.0,0.795006,2.203292,ESP,JAM,6417
1198320,77,112,1029,2016.0,24457.0,0.0,1.490723,0.8471559999999999,FRA,JAM,6417
1198321,97,112,1029,2016.0,382047.0,0.0,0.877619,1.0765790000000002,HKG,JAM,6417
1198322,101,112,1029,2016.0,0.0,5643.0,-1.046859,-1.016459,HTI,JAM,6417
1198323,103,112,1029,2016.0,1170238.0,0.0,-0.013630000000000001,1.744404,IDN,JAM,6417
1198324,111,112,1029,2016.0,1407642.0,0.0,1.461526,0.316891,ITA,JAM,6417
1198325,127,112,1029,2016.0,13401.0,0.0,0.585987,-0.298057,LCA,JAM,6417
1198326,138,112,1029,2016.0,2190.0,0.0,1.393506,0.64152,MEX,JAM,6417
1198327,162,112,1029,2016.0,9796.0,0.0,1.132192,1.412512,NLD,JAM,6417
1198328,169,112,1029,2016.0,8330.0,0.0,0.731258,0.649917,PAN,JAM,6417
1198329,192,112,1029,2016.0,482603.0,0.0,2.0149340000000002,0.613009,SGP,JAM,6417
1198330,222,112,1029,2016.0,47561.0,0.0,-0.184575,-0.9999889999999999,TTO,JAM,6417
1198331,224,112,1029,2016.0,31060.0,0.0,0.460247,2.3790400000000003,TUR,JAM,6417
1198332,231,112,1029,2016.0,726832.0,0.0,1.6991900000000002,-0.146044,USA,JAM,6417
1198333,239,112,1029,2016.0,395296.0,0.0,0.048214,0.6998810000000001,VNM,JAM,6417
1198334,7,113,1029,2016.0,1290312.0,7896120.0,-0.019275,-0.18309,ARE,JOR,6417
1198335,18,113,1029,2016.0,15662.0,0.0,1.2947110000000002,1.113058,BEL,JOR,6417
1198336,24,113,1029,2016.0,693567.0,125493.0,0.23993299999999998,-0.5320199999999999,BHR,JOR,6417
1198337,39,113,1029,2016.0,10333.0,0.0,0.541041,1.328065,CAN,JOR,6417
1198338,43,113,1029,2016.0,9376857.0,0.0,1.249079,1.151045,CHN,JOR,6417
1198339,61,113,1029,2016.0,33105.0,0.0,2.307429,-2.341644,DEU,JOR,6417
1198340,64,113,1029,2016.0,17685.0,0.0,1.0572629999999998,1.4157540000000002,DNK,JOR,6417
1198341,68,113,1029,2016.0,428291.0,1003462.0,-0.202127,1.9342419999999998,EGY,JOR,6417
1198342,71,113,1029,2016.0,78620.0,28134.0,0.795006,2.203292,ESP,JOR,6417
1198343,77,113,1029,2016.0,33174.0,0.0,1.490723,0.8471559999999999,FRA,JOR,6417
1198344,90,113,1029,2016.0,9249.0,0.0,0.053899,1.1259709999999998,GRC,JOR,6417
1198345,97,113,1029,2016.0,1339.0,0.0,0.877619,1.0765790000000002,HKG,JOR,6417
1198346,103,113,1029,2016.0,1317761.0,0.0,-0.013630000000000001,1.744404,IDN,JOR,6417
1198347,104,113,1029,2016.0,26645.0,0.0,0.223813,2.787547,IND,JOR,6417
1198348,108,113,1029,2016.0,0.0,985110.0,-1.7382849999999999,-1.037508,IRQ,JOR,6417
1198349,110,113,1029,2016.0,20381.0,0.0,0.9932219999999999,0.7518819999999999,ISR,JOR,6417
1198350,111,113,1029,2016.0,36228.0,0.0,1.461526,0.316891,ITA,JOR,6417
1198351,114,113,1029,2016.0,23772.0,0.0,2.550074,-0.479725,JPN,JOR,6417
1198352,121,113,1029,2016.0,35139.0,0.0,2.1686389999999998,0.798808,KOR,JOR,6417
1198353,122,113,1029,2016.0,29867.0,137218.0,-0.401,-1.102991,KWT,JOR,6417
1198354,124,113,1029,2016.0,4729.0,0.0,0.385417,1.139648,LBN,JOR,6417
1198355,138,113,1029,2016.0,56846.0,0.0,1.393506,0.64152,MEX,JOR,6417
1198356,162,113,1029,2016.0,64966.0,0.0,1.132192,1.412512,NLD,JOR,6417
1198357,167,113,1029,2016.0,5381.0,0.0,-0.594724,-1.019133,OMN,JOR,6417
1198358,177,113,1029,2016.0,4378.0,0.0,1.1068959999999999,1.226985,POL,JOR,6417
1198359,181,113,1029,2016.0,0.0,59992.0,0.09150900000000001,0.693397,PSE,JOR,6417
1198360,186,113,1029,2016.0,5625.0,0.0,0.086009,0.300039,RUS,JOR,6417
1198361,187,113,1029,2016.0,0.0,134451.0,-0.57693,-0.476909,RWA,JOR,6417
1198362,188,113,1029,2016.0,3939686.0,42723100.0,0.00286,-0.764602,SAU,JOR,6417
1198363,190,113,1029,2016.0,0.0,4313.0,-1.276278,-1.183311,SDN,JOR,6417
1198364,207,113,1029,2016.0,14597.0,0.0,1.7056200000000001,0.630058,SVN,JOR,6417
1198365,224,113,1029,2016.0,1266671.0,0.0,0.460247,2.3790400000000003,TUR,JOR,6417
1198366,227,113,1029,2016.0,0.0,5403.0,-0.476836,0.641138,UGA,JOR,6417
1198367,231,113,1029,2016.0,138334.0,0.0,1.6991900000000002,-0.146044,USA,JOR,6417
1198368,243,113,1029,2016.0,0.0,847380.0,-0.99136,-1.1587049999999999,YEM,JOR,6417
1198369,249,113,1029,2016.0,27774.0,0.0,2.028455,1.271167,TWN,JOR,6417
1198370,250,113,1029,2016.0,19950.0,3351350.0,0.608271,-0.007568000000000001,ANS,JOR,6417
1198371,1,114,1029,2016.0,0.0,2541.0,-1.44133,-0.9938950000000001,AFG,JPN,6417
1198372,7,114,1029,2016.0,0.0,241794.0,-0.019275,-0.18309,ARE,JPN,6417
1198373,14,114,1029,2016.0,0.0,14198.0,-0.585613,-0.245365,AUS,JPN,6417
1198374,15,114,1029,2016.0,1033.0,0.0,1.743944,-0.051155,AUT,JPN,6417
1198375,18,114,1029,2016.0,1021626.0,1078.0,1.2947110000000002,1.113058,BEL,JPN,6417
1198376,32,114,1029,2016.0,0.0,63747.0,0.284988,1.031028,BRA,JPN,6417
1198377,39,114,1029,2016.0,17446.0,1471626.0,0.541041,1.328065,CAN,JPN,6417
1198378,41,114,1029,2016.0,1775237.0,0.0,2.328616,0.832224,CHE,JPN,6417
1198379,43,114,1029,2016.0,7459076.0,6861512.0,1.249079,1.151045,CHN,JPN,6417
1198380,59,114,1029,2016.0,168065.0,18015.0,1.818585,0.341356,CZE,JPN,6417
1198381,61,114,1029,2016.0,111603.0,70241.0,2.307429,-2.341644,DEU,JPN,6417
1198382,64,114,1029,2016.0,15395.0,1728.0,1.0572629999999998,1.4157540000000002,DNK,JPN,6417
1198383,65,114,1029,2016.0,0.0,17069.0,-0.26926500000000003,0.046345,DOM,JPN,6417
1198384,71,114,1029,2016.0,309918.0,1238.0,0.795006,2.203292,ESP,JPN,6417
1198385,72,114,1029,2016.0,0.0,1530.0,0.958292,1.190173,EST,JPN,6417
1198386,74,114,1029,2016.0,0.0,33691.0,1.621764,1.026393,FIN,JPN,6417
1198387,77,114,1029,2016.0,311760.0,73309.0,1.490723,0.8471559999999999,FRA,JPN,6417
1198388,81,114,1029,2016.0,594966.0,17654.0,1.569616,1.048129,GBR,JPN,6417
1198389,90,114,1029,2016.0,1186.0,42365.0,0.053899,1.1259709999999998,GRC,JPN,6417
1198390,97,114,1029,2016.0,0.0,860563.0,0.877619,1.0765790000000002,HKG,JPN,6417
1198391,102,114,1029,2016.0,0.0,3913.0,1.7056069999999999,0.788768,HUN,JPN,6417
1198392,103,114,1029,2016.0,7357959.0,2638452.0,-0.013630000000000001,1.744404,IDN,JPN,6417
1198393,104,114,1029,2016.0,27350.0,373662.0,0.223813,2.787547,IND,JPN,6417
1198394,107,114,1029,2016.0,0.0,1728.0,-0.408637,-0.340544,IRN,JPN,6417
1198395,111,114,1029,2016.0,40512.0,19509.0,1.461526,0.316891,ITA,JPN,6417
1198396,113,114,1029,2016.0,0.0,23772.0,0.100333,0.020786000000000002,JOR,JPN,6417
1198397,117,114,1029,2016.0,0.0,5623.0,0.20501100000000003,0.657593,KGZ,JPN,6417
1198398,118,114,1029,2016.0,0.0,24277.0,-0.70365,-0.843824,KHM,JPN,6417
1198399,121,114,1029,2016.0,5914972.0,4426526.0,2.1686389999999998,0.798808,KOR,JPN,6417
1198400,122,114,1029,2016.0,0.0,4591.0,-0.401,-1.102991,KWT,JPN,6417
1198401,128,114,1029,2016.0,0.0,2170.0,-0.540154,0.22580100000000003,LKA,JPN,6417
1198402,138,114,1029,2016.0,0.0,119798.0,1.393506,0.64152,MEX,JPN,6417
1198403,143,114,1029,2016.0,0.0,4362492.0,-1.0789600000000001,-0.6471180000000001,MMR,JPN,6417
1198404,153,114,1029,2016.0,0.0,1790499.0,1.091156,0.8383370000000001,MYS,JPN,6417
1198405,162,114,1029,2016.0,8118.0,4705.0,1.132192,1.412512,NLD,JPN,6417
1198406,163,114,1029,2016.0,0.0,7396.0,0.664183,0.206877,NOR,JPN,6417
1198407,166,114,1029,2016.0,0.0,1853.0,0.093306,0.194895,NZL,JPN,6417
1198408,167,114,1029,2016.0,0.0,54764.0,-0.594724,-1.019133,OMN,JPN,6417
1198409,168,114,1029,2016.0,0.0,5524.0,-0.7806810000000001,0.420241,PAK,JPN,6417
1198410,174,114,1029,2016.0,32806.0,1377802.0,0.958651,0.324888,PHL,JPN,6417
1198411,186,114,1029,2016.0,0.0,44641.0,0.086009,0.300039,RUS,JPN,6417
1198412,192,114,1029,2016.0,16378.0,306156.0,2.0149340000000002,0.613009,SGP,JPN,6417
1198413,208,114,1029,2016.0,457546.0,0.0,1.731295,0.679562,SWE,JPN,6417
1198414,216,114,1029,2016.0,138420.0,2464630.0,1.3075860000000001,1.151426,THA,JPN,6417
1198415,224,114,1029,2016.0,0.0,1064.0,0.460247,2.3790400000000003,TUR,JPN,6417
1198416,231,114,1029,2016.0,2387827.0,1878679.0,1.6991900000000002,-0.146044,USA,JPN,6417
1198417,239,114,1029,2016.0,5677528.0,3738380.0,0.048214,0.6998810000000001,VNM,JPN,6417
1198418,246,114,1029,2016.0,0.0,117264.0,-0.029618000000000002,1.426834,ZAF,JPN,6417
1198419,247,114,1029,2016.0,0.0,31744.0,-0.9308350000000001,-1.029968,ZMB,JPN,6417
1198420,249,114,1029,2016.0,591108.0,2837405.0,2.028455,1.271167,TWN,JPN,6417
1198421,39,120,1029,2016.0,2641.0,0.0,0.541041,1.328065,CAN,KNA,6417
1198422,210,120,1029,2016.0,7667.0,0.0,1.155067,-0.9405870000000001,SXM,KNA,6417
1198423,222,120,1029,2016.0,11703.0,1757.0,-0.184575,-0.9999889999999999,TTO,KNA,6417
1198424,231,120,1029,2016.0,150280.0,0.0,1.6991900000000002,-0.146044,USA,KNA,6417
1198425,250,120,1029,2016.0,1666.0,0.0,0.608271,-0.007568000000000001,ANS,KNA,6417
1198426,1,121,1029,2016.0,0.0,37388.0,-1.44133,-0.9938950000000001,AFG,KOR,6417
1198427,7,121,1029,2016.0,5794.0,116155.0,-0.019275,-0.18309,ARE,KOR,6417
1198428,8,121,1029,2016.0,0.0,5132.0,-0.334847,0.24145100000000003,ARG,KOR,6417
1198429,14,121,1029,2016.0,13367.0,158819.0,-0.585613,-0.245365,AUS,KOR,6417
1198430,15,121,1029,2016.0,8967.0,0.0,1.743944,-0.051155,AUT,KOR,6417
1198431,24,121,1029,2016.0,0.0,17586.0,0.23993299999999998,-0.5320199999999999,BHR,KOR,6417
1198432,32,121,1029,2016.0,0.0,19591.0,0.284988,1.031028,BRA,KOR,6417
1198433,39,121,1029,2016.0,1023.0,29895.0,0.541041,1.328065,CAN,KOR,6417
1198434,41,121,1029,2016.0,16100.0,2997.0,2.328616,0.832224,CHE,KOR,6417
1198435,42,121,1029,2016.0,0.0,21064.0,-0.162923,-0.20607199999999998,CHL,KOR,6417
1198436,43,121,1029,2016.0,5525506.0,5663775.0,1.249079,1.151045,CHN,KOR,6417
1198437,45,121,1029,2016.0,0.0,219296.0,-1.1342969999999999,-1.101724,CMR,KOR,6417
1198438,49,121,1029,2016.0,177444.0,0.0,-0.040341,-0.20957699999999999,COL,KOR,6417
1198439,59,121,1029,2016.0,12420.0,43147.0,1.818585,0.341356,CZE,KOR,6417
1198440,61,121,1029,2016.0,1056471.0,21342.0,2.307429,-2.341644,DEU,KOR,6417
1198441,64,121,1029,2016.0,134508.0,3480.0,1.0572629999999998,1.4157540000000002,DNK,KOR,6417
1198442,71,121,1029,2016.0,718100.0,43210.0,0.795006,2.203292,ESP,KOR,6417
1198443,74,121,1029,2016.0,347706.0,107616.0,1.621764,1.026393,FIN,KOR,6417
1198444,75,121,1029,2016.0,0.0,67880.0,-0.370598,0.049875,FJI,KOR,6417
1198445,77,121,1029,2016.0,183647.0,127087.0,1.490723,0.8471559999999999,FRA,KOR,6417
1198446,81,121,1029,2016.0,311995.0,108379.0,1.569616,1.048129,GBR,KOR,6417
1198447,85,121,1029,2016.0,0.0,12029.0,-1.461226,-1.196035,GIN,KOR,6417
1198448,90,121,1029,2016.0,10726.0,0.0,0.053899,1.1259709999999998,GRC,KOR,6417
1198449,95,121,1029,2016.0,0.0,101553.0,0.709797,0.108846,GUM,KOR,6417
1198450,97,121,1029,2016.0,33895.0,2389560.0,0.877619,1.0765790000000002,HKG,KOR,6417
1198451,103,121,1029,2016.0,33000820.0,630986.0,-0.013630000000000001,1.744404,IDN,KOR,6417
1198452,104,121,1029,2016.0,0.0,325206.0,0.223813,2.787547,IND,KOR,6417
1198453,107,121,1029,2016.0,0.0,43321.0,-0.408637,-0.340544,IRN,KOR,6417
1198454,108,121,1029,2016.0,0.0,1878.0,-1.7382849999999999,-1.037508,IRQ,KOR,6417
1198455,110,121,1029,2016.0,0.0,3201.0,0.9932219999999999,0.7518819999999999,ISR,KOR,6417
1198456,111,121,1029,2016.0,61199.0,50913.0,1.461526,0.316891,ITA,KOR,6417
1198457,113,121,1029,2016.0,0.0,35139.0,0.100333,0.020786000000000002,JOR,KOR,6417
1198458,114,121,1029,2016.0,4426526.0,5914972.0,2.550074,-0.479725,JPN,KOR,6417
1198459,115,121,1029,2016.0,0.0,29983.0,-0.467305,-0.475451,KAZ,KOR,6417
1198460,116,121,1029,2016.0,0.0,2758.0,-0.483554,0.25645,KEN,KOR,6417
1198461,118,121,1029,2016.0,0.0,43616.0,-0.70365,-0.843824,KHM,KOR,6417
1198462,122,121,1029,2016.0,0.0,18232.0,-0.401,-1.102991,KWT,KOR,6417
1198463,123,121,1029,2016.0,0.0,2066.0,-0.8350559999999999,-0.660756,LAO,KOR,6417
1198464,133,121,1029,2016.0,0.0,6184.0,0.517979,0.133195,MAC,KOR,6417
1198465,138,121,1029,2016.0,6803.0,450244.0,1.393506,0.64152,MEX,KOR,6417
1198466,143,121,1029,2016.0,0.0,108969.0,-1.0789600000000001,-0.6471180000000001,MMR,KOR,6417
1198467,145,121,1029,2016.0,0.0,410487.0,-0.9833780000000001,-1.062642,MNG,KOR,6417
1198468,146,121,1029,2016.0,0.0,1358.0,1.176696,-0.451823,MNP,KOR,6417
1198469,147,121,1029,2016.0,0.0,9969.0,-1.207606,-1.0223879999999999,MOZ,KOR,6417
1198470,153,121,1029,2016.0,23230.0,142871.0,1.091156,0.8383370000000001,MYS,KOR,6417
1198471,160,121,1029,2016.0,0.0,18759.0,-0.954131,-0.9000389999999999,NIC,KOR,6417
1198472,162,121,1029,2016.0,7146.0,10737.0,1.132192,1.412512,NLD,KOR,6417
1198473,163,121,1029,2016.0,0.0,129729.0,0.664183,0.206877,NOR,KOR,6417
1198474,166,121,1029,2016.0,0.0,15870.0,0.093306,0.194895,NZL,KOR,6417
1198475,169,121,1029,2016.0,0.0,7193.0,0.731258,0.649917,PAN,KOR,6417
1198476,174,121,1029,2016.0,0.0,779974.0,0.958651,0.324888,PHL,KOR,6417
1198477,177,121,1029,2016.0,16050.0,0.0,1.1068959999999999,1.226985,POL,KOR,6417
1198478,180,121,1029,2016.0,0.0,75937.0,-0.665963,-0.967879,PRY,KOR,6417
1198479,186,121,1029,2016.0,12380.0,87504.0,0.086009,0.300039,RUS,KOR,6417
1198480,188,121,1029,2016.0,0.0,17423.0,0.00286,-0.764602,SAU,KOR,6417
1198481,191,121,1029,2016.0,0.0,10330.0,-0.648644,-0.39857800000000004,SEN,KOR,6417
1198482,192,121,1029,2016.0,85415.0,576241.0,2.0149340000000002,0.613009,SGP,KOR,6417
1198483,206,121,1029,2016.0,0.0,3708.0,1.446588,0.811076,SVK,KOR,6417
1198484,208,121,1029,2016.0,181084.0,1782.0,1.731295,0.679562,SWE,KOR,6417
1198485,209,121,1029,2016.0,12850.0,0.0,-0.034247,-0.47031000000000006,SWZ,KOR,6417
1198486,215,121,1029,2016.0,0.0,18337.0,-0.777506,-0.652105,TGO,KOR,6417
1198487,216,121,1029,2016.0,18734.0,3673600.0,1.3075860000000001,1.151426,THA,KOR,6417
1198488,219,121,1029,2016.0,0.0,1650.0,-1.017361,-1.22005,TKM,KOR,6417
1198489,231,121,1029,2016.0,7526488.0,14754462.0,1.6991900000000002,-0.146044,USA,KOR,6417
1198490,239,121,1029,2016.0,748755.0,4483798.0,0.048214,0.6998810000000001,VNM,KOR,6417
1198491,248,121,1029,2016.0,0.0,1010.0,-0.960175,-1.004593,ZWE,KOR,6417
1198492,249,121,1029,2016.0,6017672.0,1293932.0,2.028455,1.271167,TWN,KOR,6417
1198493,7,122,1029,2016.0,8000304.0,28306.0,-0.019275,-0.18309,ARE,KWT,6417
1198494,14,122,1029,2016.0,1142.0,0.0,-0.585613,-0.245365,AUS,KWT,6417
1198495,22,122,1029,2016.0,5886.0,0.0,-1.0177260000000001,-1.1010799999999998,BGD,KWT,6417
1198496,23,122,1029,2016.0,13669.0,0.0,0.509062,1.804648,BGR,KWT,6417
1198497,24,122,1029,2016.0,49253.0,59188.0,0.23993299999999998,-0.5320199999999999,BHR,KWT,6417
1198498,32,122,1029,2016.0,175773.0,0.0,0.284988,1.031028,BRA,KWT,6417
1198499,39,122,1029,2016.0,12253.0,0.0,0.541041,1.328065,CAN,KWT,6417
1198500,41,122,1029,2016.0,3157.0,0.0,2.328616,0.832224,CHE,KWT,6417
1198501,43,122,1029,2016.0,4964270.0,0.0,1.249079,1.151045,CHN,KWT,6417
1198502,59,122,1029,2016.0,99728.0,0.0,1.818585,0.341356,CZE,KWT,6417
1198503,61,122,1029,2016.0,22605.0,0.0,2.307429,-2.341644,DEU,KWT,6417
1198504,68,122,1029,2016.0,138005.0,511361.0,-0.202127,1.9342419999999998,EGY,KWT,6417
1198505,71,122,1029,2016.0,6437.0,0.0,0.795006,2.203292,ESP,KWT,6417
1198506,74,122,1029,2016.0,8647.0,0.0,1.621764,1.026393,FIN,KWT,6417
1198507,77,122,1029,2016.0,81680.0,0.0,1.490723,0.8471559999999999,FRA,KWT,6417
1198508,81,122,1029,2016.0,115479.0,0.0,1.569616,1.048129,GBR,KWT,6417
1198509,103,122,1029,2016.0,887055.0,0.0,-0.013630000000000001,1.744404,IDN,KWT,6417
1198510,104,122,1029,2016.0,53912.0,0.0,0.223813,2.787547,IND,KWT,6417
1198511,111,122,1029,2016.0,244814.0,0.0,1.461526,0.316891,ITA,KWT,6417
1198512,113,122,1029,2016.0,137218.0,29867.0,0.100333,0.020786000000000002,JOR,KWT,6417
1198513,114,122,1029,2016.0,4591.0,0.0,2.550074,-0.479725,JPN,KWT,6417
1198514,121,122,1029,2016.0,18232.0,0.0,2.1686389999999998,0.798808,KOR,KWT,6417
1198515,134,122,1029,2016.0,3865.0,0.0,-0.648329,-0.14071,MAR,KWT,6417
1198516,138,122,1029,2016.0,2693.0,0.0,1.393506,0.64152,MEX,KWT,6417
1198517,151,122,1029,2016.0,0.0,2065.0,-0.334969,0.005404,MUS,KWT,6417
1198518,153,122,1029,2016.0,1923.0,0.0,1.091156,0.8383370000000001,MYS,KWT,6417
1198519,162,122,1029,2016.0,43567.0,0.0,1.132192,1.412512,NLD,KWT,6417
1198520,167,122,1029,2016.0,0.0,2415.0,-0.594724,-1.019133,OMN,KWT,6417
1198521,177,122,1029,2016.0,574218.0,0.0,1.1068959999999999,1.226985,POL,KWT,6417
1198522,183,122,1029,2016.0,67646.0,7737.0,-0.52984,-1.106589,QAT,KWT,6417
1198523,186,122,1029,2016.0,829762.0,0.0,0.086009,0.300039,RUS,KWT,6417
1198524,188,122,1029,2016.0,9869412.0,506076.0,0.00286,-0.764602,SAU,KWT,6417
1198525,192,122,1029,2016.0,21060.0,0.0,2.0149340000000002,0.613009,SGP,KWT,6417
1198526,208,122,1029,2016.0,160839.0,0.0,1.731295,0.679562,SWE,KWT,6417
1198527,216,122,1029,2016.0,1984.0,0.0,1.3075860000000001,1.151426,THA,KWT,6417
1198528,224,122,1029,2016.0,80095.0,0.0,0.460247,2.3790400000000003,TUR,KWT,6417
1198529,231,122,1029,2016.0,83897.0,0.0,1.6991900000000002,-0.146044,USA,KWT,6417
1198530,239,122,1029,2016.0,2033.0,0.0,0.048214,0.6998810000000001,VNM,KWT,6417
1198531,246,122,1029,2016.0,0.0,12663.0,-0.029618000000000002,1.426834,ZAF,KWT,6417
1198532,249,122,1029,2016.0,14529.0,0.0,2.028455,1.271167,TWN,KWT,6417
1198533,8,138,1029,2016.0,0.0,53559.0,-0.334847,0.24145100000000003,ARG,MEX,6417
1198534,14,138,1029,2016.0,0.0,368873.0,-0.585613,-0.245365,AUS,MEX,6417
1198535,18,138,1029,2016.0,5585.0,3482.0,1.2947110000000002,1.113058,BEL,MEX,6417
1198536,29,138,1029,2016.0,0.0,52909.0,-0.460532,-0.6068899999999999,BLZ,MEX,6417
1198537,32,138,1029,2016.0,964295.0,347725.0,0.284988,1.031028,BRA,MEX,6417
1198538,39,138,1029,2016.0,330927.0,1250105.0,0.541041,1.328065,CAN,MEX,6417
1198539,41,138,1029,2016.0,893022.0,1060.0,2.328616,0.832224,CHE,MEX,6417
1198540,42,138,1029,2016.0,137284.0,525004.0,-0.162923,-0.20607199999999998,CHL,MEX,6417
1198541,43,138,1029,2016.0,4166552.0,1464307.0,1.249079,1.151045,CHN,MEX,6417
1198542,49,138,1029,2016.0,3220348.0,69782.0,-0.040341,-0.20957699999999999,COL,MEX,6417
1198543,52,138,1029,2016.0,0.0,196896.0,0.28594400000000003,0.131024,CRI,MEX,6417
1198544,61,138,1029,2016.0,1107495.0,1336.0,2.307429,-2.341644,DEU,MEX,6417
1198545,65,138,1029,2016.0,0.0,796899.0,-0.26926500000000003,0.046345,DOM,MEX,6417
1198546,67,138,1029,2016.0,0.0,161341.0,-1.032726,-1.034297,ECU,MEX,6417
1198547,71,138,1029,2016.0,120241.0,8327.0,0.795006,2.203292,ESP,MEX,6417
1198548,77,138,1029,2016.0,1173450.0,5068.0,1.490723,0.8471559999999999,FRA,MEX,6417
1198549,81,138,1029,2016.0,1597787.0,2752.0,1.569616,1.048129,GBR,MEX,6417
1198550,90,138,1029,2016.0,533954.0,16335.0,0.053899,1.1259709999999998,GRC,MEX,6417
1198551,93,138,1029,2016.0,91932.0,5816670.0,-0.397073,0.5736680000000001,GTM,MEX,6417
1198552,99,138,1029,2016.0,0.0,169560.0,-0.506029,-0.30843899999999996,HND,MEX,6417
1198553,100,138,1029,2016.0,4323.0,0.0,0.850619,1.39544,HRV,MEX,6417
1198554,103,138,1029,2016.0,1072546.0,0.0,-0.013630000000000001,1.744404,IDN,MEX,6417
1198555,106,138,1029,2016.0,0.0,7160.0,1.320777,0.057924,IRL,MEX,6417
1198556,110,138,1029,2016.0,3423.0,0.0,0.9932219999999999,0.7518819999999999,ISR,MEX,6417
1198557,111,138,1029,2016.0,1250304.0,192009.0,1.461526,0.316891,ITA,MEX,6417
1198558,112,138,1029,2016.0,0.0,2190.0,-0.25619400000000003,-0.62326,JAM,MEX,6417
1198559,113,138,1029,2016.0,0.0,56846.0,0.100333,0.020786000000000002,JOR,MEX,6417
1198560,114,138,1029,2016.0,119798.0,0.0,2.550074,-0.479725,JPN,MEX,6417
1198561,121,138,1029,2016.0,450244.0,6803.0,2.1686389999999998,0.798808,KOR,MEX,6417
1198562,122,138,1029,2016.0,0.0,2693.0,-0.401,-1.102991,KWT,MEX,6417
1198563,130,138,1029,2016.0,6457.0,0.0,0.6319130000000001,1.538765,LTU,MEX,6417
1198564,159,138,1029,2016.0,0.0,17037.0,-1.7380830000000003,-1.306938,NGA,MEX,6417
1198565,160,138,1029,2016.0,0.0,11749.0,-0.954131,-0.9000389999999999,NIC,MEX,6417
1198566,162,138,1029,2016.0,3965.0,0.0,1.132192,1.412512,NLD,MEX,6417
1198567,169,138,1029,2016.0,0.0,251855.0,0.731258,0.649917,PAN,MEX,6417
1198568,173,138,1029,2016.0,0.0,108555.0,-0.818178,-0.0791,PER,MEX,6417
1198569,174,138,1029,2016.0,0.0,18108.0,0.958651,0.324888,PHL,MEX,6417
1198570,177,138,1029,2016.0,1518.0,116101.0,1.1068959999999999,1.226985,POL,MEX,6417
1198571,192,138,1029,2016.0,0.0,6678.0,2.0149340000000002,0.613009,SGP,MEX,6417
1198572,197,138,1029,2016.0,0.0,384672.0,0.075546,0.317046,SLV,MEX,6417
1198573,208,138,1029,2016.0,92232.0,0.0,1.731295,0.679562,SWE,MEX,6417
1198574,224,138,1029,2016.0,14292.0,0.0,0.460247,2.3790400000000003,TUR,MEX,6417
1198575,228,138,1029,2016.0,43119.0,0.0,0.240605,0.827153,UKR,MEX,6417
1198576,230,138,1029,2016.0,0.0,1664.0,0.040088,-0.27858499999999997,URY,MEX,6417
1198577,231,138,1029,2016.0,330210016.0,77168448.0,1.6991900000000002,-0.146044,USA,MEX,6417
1198578,234,138,1029,2016.0,0.0,4105.0,-0.15301099999999998,-0.789267,VCT,MEX,6417
1198579,239,138,1029,2016.0,4030686.0,0.0,0.048214,0.6998810000000001,VNM,MEX,6417
1198580,246,138,1029,2016.0,2360.0,0.0,-0.029618000000000002,1.426834,ZAF,MEX,6417
1198581,249,138,1029,2016.0,1716.0,32372.0,2.028455,1.271167,TWN,MEX,6417
1198582,14,143,1029,2016.0,160494.0,0.0,-0.585613,-0.245365,AUS,MMR,6417
1198583,43,143,1029,2016.0,915244.0,0.0,1.249079,1.151045,CHN,MMR,6417
1198584,61,143,1029,2016.0,19489.0,0.0,2.307429,-2.341644,DEU,MMR,6417
1198585,97,143,1029,2016.0,7892.0,0.0,0.877619,1.0765790000000002,HKG,MMR,6417
1198586,103,143,1029,2016.0,1265484.0,0.0,-0.013630000000000001,1.744404,IDN,MMR,6417
1198587,104,143,1029,2016.0,24072.0,0.0,0.223813,2.787547,IND,MMR,6417
1198588,111,143,1029,2016.0,1825.0,0.0,1.461526,0.316891,ITA,MMR,6417
1198589,114,143,1029,2016.0,4362492.0,0.0,2.550074,-0.479725,JPN,MMR,6417
1198590,121,143,1029,2016.0,108969.0,0.0,2.1686389999999998,0.798808,KOR,MMR,6417
1198591,153,143,1029,2016.0,60718.0,0.0,1.091156,0.8383370000000001,MYS,MMR,6417
1198592,162,143,1029,2016.0,4331.0,0.0,1.132192,1.412512,NLD,MMR,6417
1198593,174,143,1029,2016.0,0.0,1258.0,0.958651,0.324888,PHL,MMR,6417
1198594,179,143,1029,2016.0,8377.0,0.0,0.661961,2.108517,PRT,MMR,6417
1198595,192,143,1029,2016.0,68670.0,0.0,2.0149340000000002,0.613009,SGP,MMR,6417
1198596,216,143,1029,2016.0,1029650.0,0.0,1.3075860000000001,1.151426,THA,MMR,6417
1198597,239,143,1029,2016.0,150791.0,0.0,0.048214,0.6998810000000001,VNM,MMR,6417
1198598,249,143,1029,2016.0,125893.0,0.0,2.028455,1.271167,TWN,MMR,6417
1198599,43,145,1029,2016.0,525165.0,0.0,1.249079,1.151045,CHN,MNG,6417
1198600,61,145,1029,2016.0,18779.0,0.0,2.307429,-2.341644,DEU,MNG,6417
1198601,74,145,1029,2016.0,5109.0,0.0,1.621764,1.026393,FIN,MNG,6417
1198602,121,145,1029,2016.0,410487.0,0.0,2.1686389999999998,0.798808,KOR,MNG,6417
1198603,186,145,1029,2016.0,15013.0,0.0,0.086009,0.300039,RUS,MNG,6417
1198604,224,145,1029,2016.0,3398.0,0.0,0.460247,2.3790400000000003,TUR,MNG,6417
1198605,1,153,1029,2016.0,0.0,128979.0,-1.44133,-0.9938950000000001,AFG,MYS,6417
1198606,7,153,1029,2016.0,0.0,11225.0,-0.019275,-0.18309,ARE,MYS,6417
1198607,14,153,1029,2016.0,198067.0,703503.0,-0.585613,-0.245365,AUS,MYS,6417
1198608,15,153,1029,2016.0,19191.0,0.0,1.743944,-0.051155,AUT,MYS,6417
1198609,18,153,1029,2016.0,0.0,3966.0,1.2947110000000002,1.113058,BEL,MYS,6417
1198610,32,153,1029,2016.0,97286.0,0.0,0.284988,1.031028,BRA,MYS,6417
1198611,34,153,1029,2016.0,3904.0,182057.0,-1.082406,-0.9169309999999999,BRN,MYS,6417
1198612,39,153,1029,2016.0,0.0,24967.0,0.541041,1.328065,CAN,MYS,6417
1198613,41,153,1029,2016.0,85273.0,0.0,2.328616,0.832224,CHE,MYS,6417
1198614,43,153,1029,2016.0,17820380.0,329588.0,1.249079,1.151045,CHN,MYS,6417
1198615,52,153,1029,2016.0,0.0,16748.0,0.28594400000000003,0.131024,CRI,MYS,6417
1198616,59,153,1029,2016.0,140911.0,0.0,1.818585,0.341356,CZE,MYS,6417
1198617,61,153,1029,2016.0,981491.0,5937.0,2.307429,-2.341644,DEU,MYS,6417
1198618,64,153,1029,2016.0,14061.0,0.0,1.0572629999999998,1.4157540000000002,DNK,MYS,6417
1198619,71,153,1029,2016.0,63220.0,0.0,0.795006,2.203292,ESP,MYS,6417
1198620,75,153,1029,2016.0,0.0,56738.0,-0.370598,0.049875,FJI,MYS,6417
1198621,77,153,1029,2016.0,129955.0,0.0,1.490723,0.8471559999999999,FRA,MYS,6417
1198622,81,153,1029,2016.0,492351.0,54224.0,1.569616,1.048129,GBR,MYS,6417
1198623,97,153,1029,2016.0,9063.0,2717.0,0.877619,1.0765790000000002,HKG,MYS,6417
1198624,100,153,1029,2016.0,0.0,1624.0,0.850619,1.39544,HRV,MYS,6417
1198625,103,153,1029,2016.0,30728422.0,489202.0,-0.013630000000000001,1.744404,IDN,MYS,6417
1198626,104,153,1029,2016.0,87039.0,12624.0,0.223813,2.787547,IND,MYS,6417
1198627,106,153,1029,2016.0,0.0,5919.0,1.320777,0.057924,IRL,MYS,6417
1198628,111,153,1029,2016.0,541356.0,0.0,1.461526,0.316891,ITA,MYS,6417
1198629,114,153,1029,2016.0,1790499.0,0.0,2.550074,-0.479725,JPN,MYS,6417
1198630,116,153,1029,2016.0,0.0,1508.0,-0.483554,0.25645,KEN,MYS,6417
1198631,118,153,1029,2016.0,0.0,15245.0,-0.70365,-0.843824,KHM,MYS,6417
1198632,121,153,1029,2016.0,142871.0,23230.0,2.1686389999999998,0.798808,KOR,MYS,6417
1198633,122,153,1029,2016.0,0.0,1923.0,-0.401,-1.102991,KWT,MYS,6417
1198634,128,153,1029,2016.0,0.0,306161.0,-0.540154,0.22580100000000003,LKA,MYS,6417
1198635,136,153,1029,2016.0,0.0,10611.0,-0.979632,-0.63626,MDG,MYS,6417
1198636,143,153,1029,2016.0,0.0,60718.0,-1.0789600000000001,-0.6471180000000001,MMR,MYS,6417
1198637,151,153,1029,2016.0,0.0,719581.0,-0.334969,0.005404,MUS,MYS,6417
1198638,162,153,1029,2016.0,91898.0,144965.0,1.132192,1.412512,NLD,MYS,6417
1198639,163,153,1029,2016.0,0.0,12746.0,0.664183,0.206877,NOR,MYS,6417
1198640,166,153,1029,2016.0,0.0,373126.0,0.093306,0.194895,NZL,MYS,6417
1198641,167,153,1029,2016.0,0.0,1261.0,-0.594724,-1.019133,OMN,MYS,6417
1198642,168,153,1029,2016.0,0.0,10564.0,-0.7806810000000001,0.420241,PAK,MYS,6417
1198643,174,153,1029,2016.0,1477189.0,133160.0,0.958651,0.324888,PHL,MYS,6417
1198644,176,153,1029,2016.0,0.0,285911.0,-1.7560209999999998,-1.288643,PNG,MYS,6417
1198645,183,153,1029,2016.0,0.0,10104.0,-0.52984,-1.106589,QAT,MYS,6417
1198646,185,153,1029,2016.0,0.0,1112.0,1.176177,1.093489,ROU,MYS,6417
1198647,186,153,1029,2016.0,6273.0,0.0,0.086009,0.300039,RUS,MYS,6417
1198648,188,153,1029,2016.0,0.0,6873.0,0.00286,-0.764602,SAU,MYS,6417
1198649,192,153,1029,2016.0,928140.0,12108823.0,2.0149340000000002,0.613009,SGP,MYS,6417
1198650,195,153,1029,2016.0,0.0,11310.0,-1.458209,-0.9888530000000001,SLB,MYS,6417
1198651,208,153,1029,2016.0,233223.0,1381.0,1.731295,0.679562,SWE,MYS,6417
1198652,211,153,1029,2016.0,0.0,9356.0,0.321549,-0.610316,SYC,MYS,6417
1198653,216,153,1029,2016.0,1858344.0,437076.0,1.3075860000000001,1.151426,THA,MYS,6417
1198654,224,153,1029,2016.0,30769.0,0.0,0.460247,2.3790400000000003,TUR,MYS,6417
1198655,226,153,1029,2016.0,0.0,54252.0,-1.01426,0.304263,TZA,MYS,6417
1198656,231,153,1029,2016.0,582040.0,423538.0,1.6991900000000002,-0.146044,USA,MYS,6417
1198657,236,153,1029,2016.0,2314.0,0.0,-1.2837120000000002,-1.2503879999999998,VEN,MYS,6417
1198658,239,153,1029,2016.0,6702756.0,431892.0,0.048214,0.6998810000000001,VNM,MYS,6417
1198659,246,153,1029,2016.0,0.0,152087.0,-0.029618000000000002,1.426834,ZAF,MYS,6417
1198660,249,153,1029,2016.0,1034806.0,10756.0,2.028455,1.271167,TWN,MYS,6417
1198661,7,159,1029,2016.0,2077.0,0.0,-0.019275,-0.18309,ARE,NGA,6417
1198662,18,159,1029,2016.0,138600.0,0.0,1.2947110000000002,1.113058,BEL,NGA,6417
1198663,19,159,1029,2016.0,3946.0,77382.0,-0.863777,-0.913193,BEN,NGA,6417
1198664,39,159,1029,2016.0,41013.0,0.0,0.541041,1.328065,CAN,NGA,6417
1198665,43,159,1029,2016.0,1043908.0,0.0,1.249079,1.151045,CHN,NGA,6417
1198666,44,159,1029,2016.0,0.0,161760.0,-0.977045,-0.8633299999999999,CIV,NGA,6417
1198667,45,159,1029,2016.0,0.0,24497.0,-1.1342969999999999,-1.101724,CMR,NGA,6417
1198668,61,159,1029,2016.0,8734.0,0.0,2.307429,-2.341644,DEU,NGA,6417
1198669,68,159,1029,2016.0,15128.0,0.0,-0.202127,1.9342419999999998,EGY,NGA,6417
1198670,71,159,1029,2016.0,1697.0,0.0,0.795006,2.203292,ESP,NGA,6417
1198671,77,159,1029,2016.0,85903.0,0.0,1.490723,0.8471559999999999,FRA,NGA,6417
1198672,80,159,1029,2016.0,0.0,69863.0,-1.257455,-1.226416,GAB,NGA,6417
1198673,81,159,1029,2016.0,150589.0,0.0,1.569616,1.048129,GBR,NGA,6417
1198674,83,159,1029,2016.0,0.0,194644.0,-0.9026200000000001,-0.877508,GHA,NGA,6417
1198675,103,159,1029,2016.0,1313263.0,0.0,-0.013630000000000001,1.744404,IDN,NGA,6417
1198676,104,159,1029,2016.0,27096.0,0.0,0.223813,2.787547,IND,NGA,6417
1198677,138,159,1029,2016.0,17037.0,0.0,1.393506,0.64152,MEX,NGA,6417
1198678,162,159,1029,2016.0,4764.0,0.0,1.132192,1.412512,NLD,NGA,6417
1198679,191,159,1029,2016.0,0.0,288757.0,-0.648644,-0.39857800000000004,SEN,NGA,6417
1198680,192,159,1029,2016.0,13558.0,0.0,2.0149340000000002,0.613009,SGP,NGA,6417
1198681,208,159,1029,2016.0,68825.0,0.0,1.731295,0.679562,SWE,NGA,6417
1198682,224,159,1029,2016.0,252240.0,0.0,0.460247,2.3790400000000003,TUR,NGA,6417
1198683,231,159,1029,2016.0,295191.0,0.0,1.6991900000000002,-0.146044,USA,NGA,6417
1198684,239,159,1029,2016.0,7795.0,0.0,0.048214,0.6998810000000001,VNM,NGA,6417
1198685,246,159,1029,2016.0,131302.0,0.0,-0.029618000000000002,1.426834,ZAF,NGA,6417
1198686,32,160,1029,2016.0,45051.0,0.0,0.284988,1.031028,BRA,NIC,6417
1198687,42,160,1029,2016.0,314873.0,0.0,-0.162923,-0.20607199999999998,CHL,NIC,6417
1198688,43,160,1029,2016.0,181711.0,0.0,1.249079,1.151045,CHN,NIC,6417
1198689,52,160,1029,2016.0,39609.0,105735.0,0.28594400000000003,0.131024,CRI,NIC,6417
1198690,61,160,1029,2016.0,10288.0,0.0,2.307429,-2.341644,DEU,NIC,6417
1198691,64,160,1029,2016.0,2162.0,0.0,1.0572629999999998,1.4157540000000002,DNK,NIC,6417
1198692,65,160,1029,2016.0,5136.0,0.0,-0.26926500000000003,0.046345,DOM,NIC,6417
1198693,77,160,1029,2016.0,1629.0,0.0,1.490723,0.8471559999999999,FRA,NIC,6417
1198694,93,160,1029,2016.0,89809.0,0.0,-0.397073,0.5736680000000001,GTM,NIC,6417
1198695,97,160,1029,2016.0,8170.0,0.0,0.877619,1.0765790000000002,HKG,NIC,6417
1198696,99,160,1029,2016.0,7502.0,0.0,-0.506029,-0.30843899999999996,HND,NIC,6417
1198697,121,160,1029,2016.0,18759.0,0.0,2.1686389999999998,0.798808,KOR,NIC,6417
1198698,138,160,1029,2016.0,11749.0,0.0,1.393506,0.64152,MEX,NIC,6417
1198699,169,160,1029,2016.0,4894.0,325375.0,0.731258,0.649917,PAN,NIC,6417
1198700,197,160,1029,2016.0,54948.0,3188.0,0.075546,0.317046,SLV,NIC,6417
1198701,231,160,1029,2016.0,149572.0,0.0,1.6991900000000002,-0.146044,USA,NIC,6417
1198702,249,160,1029,2016.0,17000.0,0.0,2.028455,1.271167,TWN,NIC,6417
1198703,0,162,1029,2016.0,0.0,34893.0,0.7897,0.359562,ABW,NLD,6417
1198704,1,162,1029,2016.0,0.0,9202.0,-1.44133,-0.9938950000000001,AFG,NLD,6417
1198705,2,162,1029,2016.0,0.0,5223.0,-0.986722,-1.1941979999999999,AGO,NLD,6417
1198706,4,162,1029,2016.0,0.0,3189.0,-0.5783550000000001,-0.085516,ALB,NLD,6417
1198707,7,162,1029,2016.0,4579.0,91244.0,-0.019275,-0.18309,ARE,NLD,6417
1198708,8,162,1029,2016.0,0.0,3418.0,-0.334847,0.24145100000000003,ARG,NLD,6417
1198709,14,162,1029,2016.0,0.0,90788.0,-0.585613,-0.245365,AUS,NLD,6417
1198710,15,162,1029,2016.0,2106102.0,953024.0,1.743944,-0.051155,AUT,NLD,6417
1198711,16,162,1029,2016.0,0.0,1552.0,-1.111874,-1.2526059999999999,AZE,NLD,6417
1198712,18,162,1029,2016.0,7105762.0,18382146.0,1.2947110000000002,1.113058,BEL,NLD,6417
1198713,20,162,1029,2016.0,0.0,9153.0,0.875654,-0.8195520000000001,BES,NLD,6417
1198714,22,162,1029,2016.0,0.0,89493.0,-1.0177260000000001,-1.1010799999999998,BGD,NLD,6417
1198715,23,162,1029,2016.0,64669.0,20263.0,0.509062,1.804648,BGR,NLD,6417
1198716,24,162,1029,2016.0,0.0,1072.0,0.23993299999999998,-0.5320199999999999,BHR,NLD,6417
1198717,26,162,1029,2016.0,158218.0,4952.0,0.693416,0.8723540000000001,BIH,NLD,6417
1198718,28,162,1029,2016.0,0.0,7909.0,0.879499,0.897567,BLR,NLD,6417
1198719,29,162,1029,2016.0,0.0,12603.0,-0.460532,-0.6068899999999999,BLZ,NLD,6417
1198720,32,162,1029,2016.0,0.0,7405.0,0.284988,1.031028,BRA,NLD,6417
1198721,33,162,1029,2016.0,0.0,1728.0,0.598214,0.054758,BRB,NLD,6417
1198722,39,162,1029,2016.0,47725.0,1873488.0,0.541041,1.328065,CAN,NLD,6417
1198723,41,162,1029,2016.0,639363.0,1280078.0,2.328616,0.832224,CHE,NLD,6417
1198724,42,162,1029,2016.0,0.0,69364.0,-0.162923,-0.20607199999999998,CHL,NLD,6417
1198725,43,162,1029,2016.0,2619392.0,233810.0,1.249079,1.151045,CHN,NLD,6417
1198726,44,162,1029,2016.0,0.0,35624.0,-0.977045,-0.8633299999999999,CIV,NLD,6417
1198727,45,162,1029,2016.0,0.0,92454.0,-1.1342969999999999,-1.101724,CMR,NLD,6417
1198728,46,162,1029,2016.0,0.0,1805.0,-1.093544,-1.126599,COD,NLD,6417
1198729,49,162,1029,2016.0,125342.0,1939.0,-0.040341,-0.20957699999999999,COL,NLD,6417
1198730,52,162,1029,2016.0,0.0,16705.0,0.28594400000000003,0.131024,CRI,NLD,6417
1198731,54,162,1029,2016.0,0.0,2416.0,-0.6960850000000001,-1.166981,CUB,NLD,6417
1198732,55,162,1029,2016.0,0.0,44979.0,0.078189,-0.80455,CUW,NLD,6417
1198733,58,162,1029,2016.0,6725.0,10618.0,0.229275,-0.09704600000000001,CYP,NLD,6417
1198734,59,162,1029,2016.0,1143448.0,446918.0,1.818585,0.341356,CZE,NLD,6417
1198735,61,162,1029,2016.0,67982560.0,26983198.0,2.307429,-2.341644,DEU,NLD,6417
1198736,62,162,1029,2016.0,0.0,13757.0,-0.267615,-0.787596,DJI,NLD,6417
1198737,64,162,1029,2016.0,1353284.0,2473388.0,1.0572629999999998,1.4157540000000002,DNK,NLD,6417
1198738,65,162,1029,2016.0,0.0,13071.0,-0.26926500000000003,0.046345,DOM,NLD,6417
1198739,66,162,1029,2016.0,201467.0,86651.0,-1.243568,-1.232077,DZA,NLD,6417
1198740,67,162,1029,2016.0,0.0,11638.0,-1.032726,-1.034297,ECU,NLD,6417
1198741,68,162,1029,2016.0,0.0,65790.0,-0.202127,1.9342419999999998,EGY,NLD,6417
1198742,71,162,1029,2016.0,2072867.0,2102661.0,0.795006,2.203292,ESP,NLD,6417
1198743,72,162,1029,2016.0,11723.0,17056.0,0.958292,1.190173,EST,NLD,6417
1198744,73,162,1029,2016.0,0.0,7854.0,-1.163689,-0.885724,ETH,NLD,6417
1198745,74,162,1029,2016.0,2178115.0,147289.0,1.621764,1.026393,FIN,NLD,6417
1198746,77,162,1029,2016.0,13953862.0,5618162.0,1.490723,0.8471559999999999,FRA,NLD,6417
1198747,81,162,1029,2016.0,2913892.0,8862630.0,1.569616,1.048129,GBR,NLD,6417
1198748,82,162,1029,2016.0,0.0,1874.0,-0.269579,-0.317608,GEO,NLD,6417
1198749,83,162,1029,2016.0,0.0,10820.0,-0.9026200000000001,-0.877508,GHA,NLD,6417
1198750,88,162,1029,2016.0,0.0,2369.0,-1.526098,-1.087159,GNB,NLD,6417
1198751,90,162,1029,2016.0,8100.0,536364.0,0.053899,1.1259709999999998,GRC,NLD,6417
1198752,93,162,1029,2016.0,16777.0,0.0,-0.397073,0.5736680000000001,GTM,NLD,6417
1198753,97,162,1029,2016.0,10819.0,6539.0,0.877619,1.0765790000000002,HKG,NLD,6417
1198754,100,162,1029,2016.0,53396.0,26954.0,0.850619,1.39544,HRV,NLD,6417
1198755,102,162,1029,2016.0,48389.0,270886.0,1.7056069999999999,0.788768,HUN,NLD,6417
1198756,103,162,1029,2016.0,0.0,39633.0,-0.013630000000000001,1.744404,IDN,NLD,6417
1198757,104,162,1029,2016.0,10703.0,171024.0,0.223813,2.787547,IND,NLD,6417
1198758,106,162,1029,2016.0,186452.0,153127.0,1.320777,0.057924,IRL,NLD,6417
1198759,107,162,1029,2016.0,0.0,15549.0,-0.408637,-0.340544,IRN,NLD,6417
1198760,109,162,1029,2016.0,0.0,444332.0,0.099623,-0.404352,ISL,NLD,6417
1198761,110,162,1029,2016.0,65107.0,4318.0,0.9932219999999999,0.7518819999999999,ISR,NLD,6417
1198762,111,162,1029,2016.0,3426994.0,986903.0,1.461526,0.316891,ITA,NLD,6417
1198763,112,162,1029,2016.0,0.0,9796.0,-0.25619400000000003,-0.62326,JAM,NLD,6417
1198764,113,162,1029,2016.0,0.0,64966.0,0.100333,0.020786000000000002,JOR,NLD,6417
1198765,114,162,1029,2016.0,4705.0,8118.0,2.550074,-0.479725,JPN,NLD,6417
1198766,115,162,1029,2016.0,0.0,1924.0,-0.467305,-0.475451,KAZ,NLD,6417
1198767,116,162,1029,2016.0,0.0,29412.0,-0.483554,0.25645,KEN,NLD,6417
1198768,117,162,1029,2016.0,0.0,1338.0,0.20501100000000003,0.657593,KGZ,NLD,6417
1198769,121,162,1029,2016.0,10737.0,7146.0,2.1686389999999998,0.798808,KOR,NLD,6417
1198770,122,162,1029,2016.0,0.0,43567.0,-0.401,-1.102991,KWT,NLD,6417
1198771,124,162,1029,2016.0,0.0,14725.0,0.385417,1.139648,LBN,NLD,6417
1198772,125,162,1029,2016.0,0.0,16990.0,-1.157741,-1.159047,LBR,NLD,6417
1198773,127,162,1029,2016.0,0.0,1492.0,0.585987,-0.298057,LCA,NLD,6417
1198774,128,162,1029,2016.0,4915.0,0.0,-0.540154,0.22580100000000003,LKA,NLD,6417
1198775,130,162,1029,2016.0,92422.0,200334.0,0.6319130000000001,1.538765,LTU,NLD,6417
1198776,131,162,1029,2016.0,61619.0,34697.0,1.217021,1.401214,LUX,NLD,6417
1198777,132,162,1029,2016.0,16689.0,29352.0,0.46748199999999995,1.228024,LVA,NLD,6417
1198778,134,162,1029,2016.0,0.0,7548.0,-0.648329,-0.14071,MAR,NLD,6417
1198779,135,162,1029,2016.0,0.0,1064.0,-0.24173200000000003,0.010985,MDA,NLD,6417
1198780,136,162,1029,2016.0,5632.0,7386.0,-0.979632,-0.63626,MDG,NLD,6417
1198781,138,162,1029,2016.0,0.0,3965.0,1.393506,0.64152,MEX,NLD,6417
1198782,140,162,1029,2016.0,0.0,38952.0,-0.249664,-0.338412,MKD,NLD,6417
1198783,141,162,1029,2016.0,0.0,25940.0,-0.405979,-0.6190869999999999,MLI,NLD,6417
1198784,142,162,1029,2016.0,0.0,2780.0,0.981182,-0.029401999999999998,MLT,NLD,6417
1198785,143,162,1029,2016.0,0.0,4331.0,-1.0789600000000001,-0.6471180000000001,MMR,NLD,6417
1198786,151,162,1029,2016.0,0.0,10598.0,-0.334969,0.005404,MUS,NLD,6417
1198787,153,162,1029,2016.0,144965.0,91898.0,1.091156,0.8383370000000001,MYS,NLD,6417
1198788,156,162,1029,2016.0,0.0,1342.0,-0.630577,-0.934391,NCL,NLD,6417
1198789,159,162,1029,2016.0,0.0,4764.0,-1.7380830000000003,-1.306938,NGA,NLD,6417
1198790,163,162,1029,2016.0,547934.0,1417032.0,0.664183,0.206877,NOR,NLD,6417
1198791,166,162,1029,2016.0,0.0,18380.0,0.093306,0.194895,NZL,NLD,6417
1198792,167,162,1029,2016.0,0.0,33796.0,-0.594724,-1.019133,OMN,NLD,6417
1198793,168,162,1029,2016.0,0.0,5072.0,-0.7806810000000001,0.420241,PAK,NLD,6417
1198794,169,162,1029,2016.0,0.0,4511.0,0.731258,0.649917,PAN,NLD,6417
1198795,173,162,1029,2016.0,0.0,94352.0,-0.818178,-0.0791,PER,NLD,6417
1198796,174,162,1029,2016.0,0.0,3363.0,0.958651,0.324888,PHL,NLD,6417
1198797,177,162,1029,2016.0,1605354.0,2090526.0,1.1068959999999999,1.226985,POL,NLD,6417
1198798,179,162,1029,2016.0,181320.0,63264.0,0.661961,2.108517,PRT,NLD,6417
1198799,185,162,1029,2016.0,106625.0,113854.0,1.176177,1.093489,ROU,NLD,6417
1198800,186,162,1029,2016.0,0.0,457105.0,0.086009,0.300039,RUS,NLD,6417
1198801,188,162,1029,2016.0,0.0,142071.0,0.00286,-0.764602,SAU,NLD,6417
1198802,190,162,1029,2016.0,0.0,5480.0,-1.276278,-1.183311,SDN,NLD,6417
1198803,192,162,1029,2016.0,0.0,69088.0,2.0149340000000002,0.613009,SGP,NLD,6417
1198804,196,162,1029,2016.0,0.0,1149.0,-0.25550500000000004,-0.44618800000000003,SLE,NLD,6417
1198805,201,162,1029,2016.0,0.0,74288.0,0.608136,1.38132,SRB,NLD,6417
1198806,205,162,1029,2016.0,0.0,75522.0,-0.41257200000000005,-1.0434780000000001,SUR,NLD,6417
1198807,206,162,1029,2016.0,114066.0,4509890.0,1.446588,0.811076,SVK,NLD,6417
1198808,207,162,1029,2016.0,595383.0,122766.0,1.7056200000000001,0.630058,SVN,NLD,6417
1198809,208,162,1029,2016.0,2634874.0,1628648.0,1.731295,0.679562,SWE,NLD,6417
1198810,210,162,1029,2016.0,0.0,8347.0,1.155067,-0.9405870000000001,SXM,NLD,6417
1198811,216,162,1029,2016.0,0.0,6819.0,1.3075860000000001,1.151426,THA,NLD,6417
1198812,223,162,1029,2016.0,0.0,28621.0,0.27537399999999995,0.9474239999999999,TUN,NLD,6417
1198813,224,162,1029,2016.0,869205.0,119119.0,0.460247,2.3790400000000003,TUR,NLD,6417
1198814,226,162,1029,2016.0,0.0,2284.0,-1.01426,0.304263,TZA,NLD,6417
1198815,227,162,1029,2016.0,9291.0,4381.0,-0.476836,0.641138,UGA,NLD,6417
1198816,228,162,1029,2016.0,5987.0,35474.0,0.240605,0.827153,UKR,NLD,6417
1198817,231,162,1029,2016.0,1536755.0,173160.0,1.6991900000000002,-0.146044,USA,NLD,6417
1198818,239,162,1029,2016.0,11317.0,14025.0,0.048214,0.6998810000000001,VNM,NLD,6417
1198819,246,162,1029,2016.0,0.0,40917.0,-0.029618000000000002,1.426834,ZAF,NLD,6417
1198820,247,162,1029,2016.0,0.0,1237.0,-0.9308350000000001,-1.029968,ZMB,NLD,6417
1198821,249,162,1029,2016.0,17175.0,4851.0,2.028455,1.271167,TWN,NLD,6417
1198822,250,162,1029,2016.0,15478.0,0.0,0.608271,-0.007568000000000001,ANS,NLD,6417
1198823,7,163,1029,2016.0,0.0,4989.0,-0.019275,-0.18309,ARE,NOR,6417
1198824,14,163,1029,2016.0,1117.0,0.0,-0.585613,-0.245365,AUS,NOR,6417
1198825,15,163,1029,2016.0,2005.0,0.0,1.743944,-0.051155,AUT,NOR,6417
1198826,18,163,1029,2016.0,47867.0,0.0,1.2947110000000002,1.113058,BEL,NOR,6417
1198827,41,163,1029,2016.0,52090.0,8961.0,2.328616,0.832224,CHE,NOR,6417
1198828,43,163,1029,2016.0,256690.0,0.0,1.249079,1.151045,CHN,NOR,6417
1198829,49,163,1029,2016.0,2232.0,0.0,-0.040341,-0.20957699999999999,COL,NOR,6417
1198830,59,163,1029,2016.0,481305.0,0.0,1.818585,0.341356,CZE,NOR,6417
1198831,61,163,1029,2016.0,741340.0,11441.0,2.307429,-2.341644,DEU,NOR,6417
1198832,64,163,1029,2016.0,1490034.0,381122.0,1.0572629999999998,1.4157540000000002,DNK,NOR,6417
1198833,71,163,1029,2016.0,450383.0,0.0,0.795006,2.203292,ESP,NOR,6417
1198834,72,163,1029,2016.0,213844.0,0.0,0.958292,1.190173,EST,NOR,6417
1198835,74,163,1029,2016.0,79997.0,27544.0,1.621764,1.026393,FIN,NOR,6417
1198836,77,163,1029,2016.0,152387.0,70793.0,1.490723,0.8471559999999999,FRA,NOR,6417
1198837,81,163,1029,2016.0,265824.0,0.0,1.569616,1.048129,GBR,NOR,6417
1198838,84,163,1029,2016.0,0.0,1075.0,0.8549690000000001,-0.706403,GIB,NOR,6417
1198839,97,163,1029,2016.0,2196.0,0.0,0.877619,1.0765790000000002,HKG,NOR,6417
1198840,102,163,1029,2016.0,605610.0,0.0,1.7056069999999999,0.788768,HUN,NOR,6417
1198841,104,163,1029,2016.0,3713.0,2249.0,0.223813,2.787547,IND,NOR,6417
1198842,109,163,1029,2016.0,0.0,4228.0,0.099623,-0.404352,ISL,NOR,6417
1198843,110,163,1029,2016.0,10974.0,0.0,0.9932219999999999,0.7518819999999999,ISR,NOR,6417
1198844,111,163,1029,2016.0,981340.0,13473.0,1.461526,0.316891,ITA,NOR,6417
1198845,114,163,1029,2016.0,7396.0,0.0,2.550074,-0.479725,JPN,NOR,6417
1198846,121,163,1029,2016.0,129729.0,0.0,2.1686389999999998,0.798808,KOR,NOR,6417
1198847,130,163,1029,2016.0,0.0,2484.0,0.6319130000000001,1.538765,LTU,NOR,6417
1198848,132,163,1029,2016.0,6254.0,2318.0,0.46748199999999995,1.228024,LVA,NOR,6417
1198849,153,163,1029,2016.0,12746.0,0.0,1.091156,0.8383370000000001,MYS,NOR,6417
1198850,162,163,1029,2016.0,1417032.0,547934.0,1.132192,1.412512,NLD,NOR,6417
1198851,166,163,1029,2016.0,0.0,14464.0,0.093306,0.194895,NZL,NOR,6417
1198852,177,163,1029,2016.0,1414167.0,0.0,1.1068959999999999,1.226985,POL,NOR,6417
1198853,179,163,1029,2016.0,17108.0,0.0,0.661961,2.108517,PRT,NOR,6417
1198854,186,163,1029,2016.0,1268.0,1307.0,0.086009,0.300039,RUS,NOR,6417
1198855,192,163,1029,2016.0,0.0,18224.0,2.0149340000000002,0.613009,SGP,NOR,6417
1198856,206,163,1029,2016.0,63980.0,0.0,1.446588,0.811076,SVK,NOR,6417
1198857,208,163,1029,2016.0,7150918.0,256754.0,1.731295,0.679562,SWE,NOR,6417
1198858,224,163,1029,2016.0,1511.0,0.0,0.460247,2.3790400000000003,TUR,NOR,6417
1198859,231,163,1029,2016.0,22153.0,0.0,1.6991900000000002,-0.146044,USA,NOR,6417
1198860,249,163,1029,2016.0,9264.0,0.0,2.028455,1.271167,TWN,NOR,6417
1198861,7,166,1029,2016.0,5195.0,0.0,-0.019275,-0.18309,ARE,NZL,6417
1198862,14,166,1029,2016.0,10188213.0,1719390.0,-0.585613,-0.245365,AUS,NZL,6417
1198863,18,166,1029,2016.0,8569.0,0.0,1.2947110000000002,1.113058,BEL,NZL,6417
1198864,39,166,1029,2016.0,0.0,1281.0,0.541041,1.328065,CAN,NZL,6417
1198865,42,166,1029,2016.0,2607.0,0.0,-0.162923,-0.20607199999999998,CHL,NZL,6417
1198866,43,166,1029,2016.0,9327993.0,0.0,1.249079,1.151045,CHN,NZL,6417
1198867,48,166,1029,2016.0,0.0,18129.0,0.170166,-0.8020149999999999,COK,NZL,6417
1198868,59,166,1029,2016.0,8823.0,0.0,1.818585,0.341356,CZE,NZL,6417
1198869,61,166,1029,2016.0,86587.0,0.0,2.307429,-2.341644,DEU,NZL,6417
1198870,68,166,1029,2016.0,135409.0,0.0,-0.202127,1.9342419999999998,EGY,NZL,6417
1198871,74,166,1029,2016.0,51124.0,0.0,1.621764,1.026393,FIN,NZL,6417
1198872,75,166,1029,2016.0,0.0,1011279.0,-0.370598,0.049875,FJI,NZL,6417
1198873,77,166,1029,2016.0,23921.0,0.0,1.490723,0.8471559999999999,FRA,NZL,6417
1198874,81,166,1029,2016.0,184216.0,0.0,1.569616,1.048129,GBR,NZL,6417
1198875,97,166,1029,2016.0,30002.0,0.0,0.877619,1.0765790000000002,HKG,NZL,6417
1198876,103,166,1029,2016.0,12908692.0,0.0,-0.013630000000000001,1.744404,IDN,NZL,6417
1198877,104,166,1029,2016.0,148659.0,27032.0,0.223813,2.787547,IND,NZL,6417
1198878,111,166,1029,2016.0,43109.0,0.0,1.461526,0.316891,ITA,NZL,6417
1198879,114,166,1029,2016.0,1853.0,0.0,2.550074,-0.479725,JPN,NZL,6417
1198880,119,166,1029,2016.0,0.0,1474.0,-0.410813,-0.859252,KIR,NZL,6417
1198881,121,166,1029,2016.0,15870.0,0.0,2.1686389999999998,0.798808,KOR,NZL,6417
1198882,153,166,1029,2016.0,373126.0,0.0,1.091156,0.8383370000000001,MYS,NZL,6417
1198883,156,166,1029,2016.0,0.0,1281.0,-0.630577,-0.934391,NCL,NZL,6417
1198884,161,166,1029,2016.0,0.0,2555.0,1.6379139999999999,0.098521,NIU,NZL,6417
1198885,162,166,1029,2016.0,18380.0,0.0,1.132192,1.412512,NLD,NZL,6417
1198886,163,166,1029,2016.0,14464.0,0.0,0.664183,0.206877,NOR,NZL,6417
1198887,190,166,1029,2016.0,0.0,7695.0,-1.276278,-1.183311,SDN,NZL,6417
1198888,192,166,1029,2016.0,43225.0,0.0,2.0149340000000002,0.613009,SGP,NZL,6417
1198889,195,166,1029,2016.0,0.0,17169.0,-1.458209,-0.9888530000000001,SLB,NZL,6417
1198890,208,166,1029,2016.0,197166.0,0.0,1.731295,0.679562,SWE,NZL,6417
1198891,216,166,1029,2016.0,44023.0,0.0,1.3075860000000001,1.151426,THA,NZL,6417
1198892,221,166,1029,2016.0,0.0,9794.0,0.155639,-0.624163,TON,NZL,6417
1198893,224,166,1029,2016.0,1481.0,0.0,0.460247,2.3790400000000003,TUR,NZL,6417
1198894,231,166,1029,2016.0,112954.0,1100243.0,1.6991900000000002,-0.146044,USA,NZL,6417
1198895,239,166,1029,2016.0,1797091.0,0.0,0.048214,0.6998810000000001,VNM,NZL,6417
1198896,241,166,1029,2016.0,0.0,1772.0,1.371289,-0.43268500000000004,WLF,NZL,6417
1198897,242,166,1029,2016.0,0.0,7164.0,0.636342,-0.152082,WSM,NZL,6417
1198898,249,166,1029,2016.0,21285.0,0.0,2.028455,1.271167,TWN,NZL,6417
1198899,0,169,1029,2016.0,0.0,4955.0,0.7897,0.359562,ABW,PAN,6417
1198900,42,169,1029,2016.0,0.0,4475.0,-0.162923,-0.20607199999999998,CHL,PAN,6417
1198901,43,169,1029,2016.0,2460217.0,0.0,1.249079,1.151045,CHN,PAN,6417
1198902,49,169,1029,2016.0,5470.0,24722.0,-0.040341,-0.20957699999999999,COL,PAN,6417
1198903,52,169,1029,2016.0,7188.0,32234.0,0.28594400000000003,0.131024,CRI,PAN,6417
1198904,54,169,1029,2016.0,0.0,3704.0,-0.6960850000000001,-1.166981,CUB,PAN,6417
1198905,59,169,1029,2016.0,0.0,2161.0,1.818585,0.341356,CZE,PAN,6417
1198906,61,169,1029,2016.0,6479.0,0.0,2.307429,-2.341644,DEU,PAN,6417
1198907,65,169,1029,2016.0,0.0,84668.0,-0.26926500000000003,0.046345,DOM,PAN,6417
1198908,71,169,1029,2016.0,9926.0,0.0,0.795006,2.203292,ESP,PAN,6417
1198909,81,169,1029,2016.0,5283.0,0.0,1.569616,1.048129,GBR,PAN,6417
1198910,93,169,1029,2016.0,0.0,2132.0,-0.397073,0.5736680000000001,GTM,PAN,6417
1198911,96,169,1029,2016.0,0.0,2782.0,-0.496113,-0.817237,GUY,PAN,6417
1198912,97,169,1029,2016.0,13890.0,0.0,0.877619,1.0765790000000002,HKG,PAN,6417
1198913,99,169,1029,2016.0,0.0,4565.0,-0.506029,-0.30843899999999996,HND,PAN,6417
1198914,101,169,1029,2016.0,0.0,15871.0,-1.046859,-1.016459,HTI,PAN,6417
1198915,103,169,1029,2016.0,346196.0,0.0,-0.013630000000000001,1.744404,IDN,PAN,6417
1198916,104,169,1029,2016.0,52465.0,0.0,0.223813,2.787547,IND,PAN,6417
1198917,111,169,1029,2016.0,150071.0,0.0,1.461526,0.316891,ITA,PAN,6417
1198918,112,169,1029,2016.0,0.0,8330.0,-0.25619400000000003,-0.62326,JAM,PAN,6417
1198919,121,169,1029,2016.0,7193.0,0.0,2.1686389999999998,0.798808,KOR,PAN,6417
1198920,138,169,1029,2016.0,251855.0,0.0,1.393506,0.64152,MEX,PAN,6417
1198921,160,169,1029,2016.0,325375.0,4894.0,-0.954131,-0.9000389999999999,NIC,PAN,6417
1198922,162,169,1029,2016.0,4511.0,0.0,1.132192,1.412512,NLD,PAN,6417
1198923,173,169,1029,2016.0,19048.0,0.0,-0.818178,-0.0791,PER,PAN,6417
1198924,197,169,1029,2016.0,59093.0,0.0,0.075546,0.317046,SLV,PAN,6417
1198925,206,169,1029,2016.0,0.0,4983.0,1.446588,0.811076,SVK,PAN,6417
1198926,222,169,1029,2016.0,0.0,1795.0,-0.184575,-0.9999889999999999,TTO,PAN,6417
1198927,224,169,1029,2016.0,24467.0,0.0,0.460247,2.3790400000000003,TUR,PAN,6417
1198928,231,169,1029,2016.0,301760.0,7388.0,1.6991900000000002,-0.146044,USA,PAN,6417
1198929,236,169,1029,2016.0,0.0,285538.0,-1.2837120000000002,-1.2503879999999998,VEN,PAN,6417
1198930,250,169,1029,2016.0,25446.0,99413.0,0.608271,-0.007568000000000001,ANS,PAN,6417
1198931,8,173,1029,2016.0,136310.0,0.0,-0.334847,0.24145100000000003,ARG,PER,6417
1198932,18,173,1029,2016.0,11518.0,0.0,1.2947110000000002,1.113058,BEL,PER,6417
1198933,31,173,1029,2016.0,0.0,1223932.0,-1.009709,-0.986669,BOL,PER,6417
1198934,32,173,1029,2016.0,656241.0,9686.0,0.284988,1.031028,BRA,PER,6417
1198935,39,173,1029,2016.0,23460.0,0.0,0.541041,1.328065,CAN,PER,6417
1198936,41,173,1029,2016.0,3001.0,0.0,2.328616,0.832224,CHE,PER,6417
1198937,42,173,1029,2016.0,557348.0,3384731.0,-0.162923,-0.20607199999999998,CHL,PER,6417
1198938,43,173,1029,2016.0,2166810.0,0.0,1.249079,1.151045,CHN,PER,6417
1198939,49,173,1029,2016.0,289165.0,93201.0,-0.040341,-0.20957699999999999,COL,PER,6417
1198940,54,173,1029,2016.0,0.0,3107.0,-0.6960850000000001,-1.166981,CUB,PER,6417
1198941,59,173,1029,2016.0,35259.0,0.0,1.818585,0.341356,CZE,PER,6417
1198942,61,173,1029,2016.0,89879.0,0.0,2.307429,-2.341644,DEU,PER,6417
1198943,67,173,1029,2016.0,364361.0,596041.0,-1.032726,-1.034297,ECU,PER,6417
1198944,71,173,1029,2016.0,5476.0,0.0,0.795006,2.203292,ESP,PER,6417
1198945,72,173,1029,2016.0,10497.0,0.0,0.958292,1.190173,EST,PER,6417
1198946,77,173,1029,2016.0,145478.0,0.0,1.490723,0.8471559999999999,FRA,PER,6417
1198947,81,173,1029,2016.0,506802.0,0.0,1.569616,1.048129,GBR,PER,6417
1198948,103,173,1029,2016.0,2613647.0,0.0,-0.013630000000000001,1.744404,IDN,PER,6417
1198949,110,173,1029,2016.0,34520.0,0.0,0.9932219999999999,0.7518819999999999,ISR,PER,6417
1198950,111,173,1029,2016.0,327994.0,4658.0,1.461526,0.316891,ITA,PER,6417
1198951,138,173,1029,2016.0,108555.0,0.0,1.393506,0.64152,MEX,PER,6417
1198952,162,173,1029,2016.0,94352.0,0.0,1.132192,1.412512,NLD,PER,6417
1198953,169,173,1029,2016.0,0.0,19048.0,0.731258,0.649917,PAN,PER,6417
1198954,177,173,1029,2016.0,1277.0,0.0,1.1068959999999999,1.226985,POL,PER,6417
1198955,208,173,1029,2016.0,14785.0,0.0,1.731295,0.679562,SWE,PER,6417
1198956,224,173,1029,2016.0,202420.0,0.0,0.460247,2.3790400000000003,TUR,PER,6417
1198957,231,173,1029,2016.0,1045586.0,0.0,1.6991900000000002,-0.146044,USA,PER,6417
1198958,236,173,1029,2016.0,0.0,1302784.0,-1.2837120000000002,-1.2503879999999998,VEN,PER,6417
1198959,250,173,1029,2016.0,0.0,2200.0,0.608271,-0.007568000000000001,ANS,PER,6417
1198960,7,174,1029,2016.0,1373.0,0.0,-0.019275,-0.18309,ARE,PHL,6417
1198961,14,174,1029,2016.0,537515.0,78531.0,-0.585613,-0.245365,AUS,PHL,6417
1198962,39,174,1029,2016.0,37248.0,8968.0,0.541041,1.328065,CAN,PHL,6417
1198963,43,174,1029,2016.0,3178973.0,0.0,1.249079,1.151045,CHN,PHL,6417
1198964,61,174,1029,2016.0,36094.0,0.0,2.307429,-2.341644,DEU,PHL,6417
1198965,71,174,1029,2016.0,101834.0,0.0,0.795006,2.203292,ESP,PHL,6417
1198966,74,174,1029,2016.0,5773.0,0.0,1.621764,1.026393,FIN,PHL,6417
1198967,75,174,1029,2016.0,0.0,574319.0,-0.370598,0.049875,FJI,PHL,6417
1198968,77,174,1029,2016.0,4539.0,0.0,1.490723,0.8471559999999999,FRA,PHL,6417
1198969,81,174,1029,2016.0,46859.0,0.0,1.569616,1.048129,GBR,PHL,6417
1198970,97,174,1029,2016.0,680668.0,4067.0,0.877619,1.0765790000000002,HKG,PHL,6417
1198971,103,174,1029,2016.0,22863088.0,3327.0,-0.013630000000000001,1.744404,IDN,PHL,6417
1198972,104,174,1029,2016.0,15103.0,0.0,0.223813,2.787547,IND,PHL,6417
1198973,114,174,1029,2016.0,1377802.0,32806.0,2.550074,-0.479725,JPN,PHL,6417
1198974,121,174,1029,2016.0,779974.0,0.0,2.1686389999999998,0.798808,KOR,PHL,6417
1198975,138,174,1029,2016.0,18108.0,0.0,1.393506,0.64152,MEX,PHL,6417
1198976,143,174,1029,2016.0,1258.0,0.0,-1.0789600000000001,-0.6471180000000001,MMR,PHL,6417
1198977,153,174,1029,2016.0,133160.0,1477189.0,1.091156,0.8383370000000001,MYS,PHL,6417
1198978,162,174,1029,2016.0,3363.0,0.0,1.132192,1.412512,NLD,PHL,6417
1198979,175,174,1029,2016.0,0.0,2019.0,0.6086729999999999,-0.39121300000000003,PLW,PHL,6417
1198980,192,174,1029,2016.0,111415.0,42153.0,2.0149340000000002,0.613009,SGP,PHL,6417
1198981,216,174,1029,2016.0,588417.0,0.0,1.3075860000000001,1.151426,THA,PHL,6417
1198982,224,174,1029,2016.0,2260.0,0.0,0.460247,2.3790400000000003,TUR,PHL,6417
1198983,231,174,1029,2016.0,1732879.0,11334.0,1.6991900000000002,-0.146044,USA,PHL,6417
1198984,239,174,1029,2016.0,2446090.0,46926.0,0.048214,0.6998810000000001,VNM,PHL,6417
1198985,249,174,1029,2016.0,3628954.0,2752.0,2.028455,1.271167,TWN,PHL,6417
1198986,1,177,1029,2016.0,0.0,42713.0,-1.44133,-0.9938950000000001,AFG,POL,6417
1198987,7,177,1029,2016.0,0.0,30682.0,-0.019275,-0.18309,ARE,POL,6417
1198988,15,177,1029,2016.0,141949.0,113653.0,1.743944,-0.051155,AUT,POL,6417
1198989,18,177,1029,2016.0,2837572.0,121093.0,1.2947110000000002,1.113058,BEL,POL,6417
1198990,23,177,1029,2016.0,57431.0,54369.0,0.509062,1.804648,BGR,POL,6417
1198991,26,177,1029,2016.0,16592.0,30341.0,0.693416,0.8723540000000001,BIH,POL,6417
1198992,28,177,1029,2016.0,2226990.0,149302.0,0.879499,0.897567,BLR,POL,6417
1198993,32,177,1029,2016.0,0.0,19726.0,0.284988,1.031028,BRA,POL,6417
1198994,39,177,1029,2016.0,106419.0,5434.0,0.541041,1.328065,CAN,POL,6417
1198995,41,177,1029,2016.0,4689222.0,1415656.0,2.328616,0.832224,CHE,POL,6417
1198996,42,177,1029,2016.0,10572.0,0.0,-0.162923,-0.20607199999999998,CHL,POL,6417
1198997,43,177,1029,2016.0,679323.0,0.0,1.249079,1.151045,CHN,POL,6417
1198998,44,177,1029,2016.0,0.0,1562.0,-0.977045,-0.8633299999999999,CIV,POL,6417
1198999,49,177,1029,2016.0,10623.0,1870.0,-0.040341,-0.20957699999999999,COL,POL,6417
1199000,58,177,1029,2016.0,0.0,30780.0,0.229275,-0.09704600000000001,CYP,POL,6417
1199001,59,177,1029,2016.0,2235623.0,27363970.0,1.818585,0.341356,CZE,POL,6417
1199002,61,177,1029,2016.0,84956064.0,26373436.0,2.307429,-2.341644,DEU,POL,6417
1199003,64,177,1029,2016.0,370752.0,404323.0,1.0572629999999998,1.4157540000000002,DNK,POL,6417
1199004,66,177,1029,2016.0,0.0,1510.0,-1.243568,-1.232077,DZA,POL,6417
1199005,68,177,1029,2016.0,77273.0,0.0,-0.202127,1.9342419999999998,EGY,POL,6417
1199006,71,177,1029,2016.0,1818659.0,5192191.0,0.795006,2.203292,ESP,POL,6417
1199007,72,177,1029,2016.0,7177.0,1884649.0,0.958292,1.190173,EST,POL,6417
1199008,74,177,1029,2016.0,2510348.0,34292.0,1.621764,1.026393,FIN,POL,6417
1199009,77,177,1029,2016.0,3258242.0,1086685.0,1.490723,0.8471559999999999,FRA,POL,6417
1199010,81,177,1029,2016.0,5250808.0,9087815.0,1.569616,1.048129,GBR,POL,6417
1199011,83,177,1029,2016.0,0.0,105758.0,-0.9026200000000001,-0.877508,GHA,POL,6417
1199012,90,177,1029,2016.0,81259.0,14901.0,0.053899,1.1259709999999998,GRC,POL,6417
1199013,100,177,1029,2016.0,0.0,32726.0,0.850619,1.39544,HRV,POL,6417
1199014,102,177,1029,2016.0,859649.0,4897906.0,1.7056069999999999,0.788768,HUN,POL,6417
1199015,103,177,1029,2016.0,3004848.0,0.0,-0.013630000000000001,1.744404,IDN,POL,6417
1199016,104,177,1029,2016.0,15439.0,55073.0,0.223813,2.787547,IND,POL,6417
1199017,106,177,1029,2016.0,0.0,2396.0,1.320777,0.057924,IRL,POL,6417
1199018,109,177,1029,2016.0,0.0,1138.0,0.099623,-0.404352,ISL,POL,6417
1199019,110,177,1029,2016.0,0.0,83243.0,0.9932219999999999,0.7518819999999999,ISR,POL,6417
1199020,111,177,1029,2016.0,31879034.0,900738.0,1.461526,0.316891,ITA,POL,6417
1199021,113,177,1029,2016.0,0.0,4378.0,0.100333,0.020786000000000002,JOR,POL,6417
1199022,115,177,1029,2016.0,0.0,48354.0,-0.467305,-0.475451,KAZ,POL,6417
1199023,121,177,1029,2016.0,0.0,16050.0,2.1686389999999998,0.798808,KOR,POL,6417
1199024,122,177,1029,2016.0,0.0,574218.0,-0.401,-1.102991,KWT,POL,6417
1199025,124,177,1029,2016.0,0.0,1681.0,0.385417,1.139648,LBN,POL,6417
1199026,130,177,1029,2016.0,5552172.0,7532588.0,0.6319130000000001,1.538765,LTU,POL,6417
1199027,131,177,1029,2016.0,11628.0,2422.0,1.217021,1.401214,LUX,POL,6417
1199028,132,177,1029,2016.0,119980.0,1937852.0,0.46748199999999995,1.228024,LVA,POL,6417
1199029,135,177,1029,2016.0,0.0,12818.0,-0.24173200000000003,0.010985,MDA,POL,6417
1199030,138,177,1029,2016.0,116101.0,1518.0,1.393506,0.64152,MEX,POL,6417
1199031,144,177,1029,2016.0,0.0,2252.0,0.002245,-0.10263599999999999,MNE,POL,6417
1199032,162,177,1029,2016.0,2090526.0,1605354.0,1.132192,1.412512,NLD,POL,6417
1199033,163,177,1029,2016.0,0.0,1414167.0,0.664183,0.206877,NOR,POL,6417
1199034,173,177,1029,2016.0,0.0,1277.0,-0.818178,-0.0791,PER,POL,6417
1199035,180,177,1029,2016.0,0.0,31320.0,-0.665963,-0.967879,PRY,POL,6417
1199036,181,177,1029,2016.0,0.0,1679.0,0.09150900000000001,0.693397,PSE,POL,6417
1199037,185,177,1029,2016.0,12123494.0,1087466.0,1.176177,1.093489,ROU,POL,6417
1199038,186,177,1029,2016.0,4518934.0,1884098.0,0.086009,0.300039,RUS,POL,6417
1199039,188,177,1029,2016.0,0.0,65323.0,0.00286,-0.764602,SAU,POL,6417
1199040,192,177,1029,2016.0,0.0,116815.0,2.0149340000000002,0.613009,SGP,POL,6417
1199041,201,177,1029,2016.0,4060.0,713506.0,0.608136,1.38132,SRB,POL,6417
1199042,206,177,1029,2016.0,2235128.0,14613585.0,1.446588,0.811076,SVK,POL,6417
1199043,207,177,1029,2016.0,78691.0,769644.0,1.7056200000000001,0.630058,SVN,POL,6417
1199044,208,177,1029,2016.0,24630854.0,7584319.0,1.731295,0.679562,SWE,POL,6417
1199045,219,177,1029,2016.0,0.0,2071.0,-1.017361,-1.22005,TKM,POL,6417
1199046,223,177,1029,2016.0,25494.0,0.0,0.27537399999999995,0.9474239999999999,TUN,POL,6417
1199047,224,177,1029,2016.0,226602.0,370254.0,0.460247,2.3790400000000003,TUR,POL,6417
1199048,228,177,1029,2016.0,1346193.0,817030.0,0.240605,0.827153,UKR,POL,6417
1199049,231,177,1029,2016.0,202364.0,159562.0,1.6991900000000002,-0.146044,USA,POL,6417
1199050,239,177,1029,2016.0,3696.0,0.0,0.048214,0.6998810000000001,VNM,POL,6417
1199051,246,177,1029,2016.0,0.0,70817.0,-0.029618000000000002,1.426834,ZAF,POL,6417
1199052,249,177,1029,2016.0,2877.0,0.0,2.028455,1.271167,TWN,POL,6417
1199053,250,177,1029,2016.0,1588.0,11415.0,0.608271,-0.007568000000000001,ANS,POL,6417
1199054,2,179,1029,2016.0,10001.0,498541.0,-0.986722,-1.1941979999999999,AGO,PRT,6417
1199055,7,179,1029,2016.0,69930.0,3045.0,-0.019275,-0.18309,ARE,PRT,6417
1199056,14,179,1029,2016.0,0.0,15341.0,-0.585613,-0.245365,AUS,PRT,6417
1199057,15,179,1029,2016.0,1402041.0,0.0,1.743944,-0.051155,AUT,PRT,6417
1199058,18,179,1029,2016.0,82831.0,120548.0,1.2947110000000002,1.113058,BEL,PRT,6417
1199059,23,179,1029,2016.0,1837.0,0.0,0.509062,1.804648,BGR,PRT,6417
1199060,32,179,1029,2016.0,2688.0,50122.0,0.284988,1.031028,BRA,PRT,6417
1199061,39,179,1029,2016.0,17982.0,6734.0,0.541041,1.328065,CAN,PRT,6417
1199062,41,179,1029,2016.0,89894.0,47667.0,2.328616,0.832224,CHE,PRT,6417
1199063,42,179,1029,2016.0,5650.0,73983.0,-0.162923,-0.20607199999999998,CHL,PRT,6417
1199064,43,179,1029,2016.0,163417.0,4538.0,1.249079,1.151045,CHN,PRT,6417
1199065,44,179,1029,2016.0,0.0,22054.0,-0.977045,-0.8633299999999999,CIV,PRT,6417
1199066,51,179,1029,2016.0,0.0,46419.0,0.13810899999999998,-0.598819,CPV,PRT,6417
1199067,52,179,1029,2016.0,0.0,12391.0,0.28594400000000003,0.131024,CRI,PRT,6417
1199068,58,179,1029,2016.0,0.0,2328.0,0.229275,-0.09704600000000001,CYP,PRT,6417
1199069,59,179,1029,2016.0,38859.0,0.0,1.818585,0.341356,CZE,PRT,6417
1199070,61,179,1029,2016.0,1384638.0,24446.0,2.307429,-2.341644,DEU,PRT,6417
1199071,64,179,1029,2016.0,4134.0,34196.0,1.0572629999999998,1.4157540000000002,DNK,PRT,6417
1199072,68,179,1029,2016.0,0.0,17016.0,-0.202127,1.9342419999999998,EGY,PRT,6417
1199073,71,179,1029,2016.0,22300072.0,11890166.0,0.795006,2.203292,ESP,PRT,6417
1199074,72,179,1029,2016.0,0.0,3722.0,0.958292,1.190173,EST,PRT,6417
1199075,74,179,1029,2016.0,5318.0,0.0,1.621764,1.026393,FIN,PRT,6417
1199076,77,179,1029,2016.0,999541.0,463787.0,1.490723,0.8471559999999999,FRA,PRT,6417
1199077,81,179,1029,2016.0,200105.0,891733.0,1.569616,1.048129,GBR,PRT,6417
1199078,88,179,1029,2016.0,0.0,11924.0,-1.526098,-1.087159,GNB,PRT,6417
1199079,89,179,1029,2016.0,0.0,9327.0,-2.0350479999999997,-0.983092,GNQ,PRT,6417
1199080,103,179,1029,2016.0,0.0,3204.0,-0.013630000000000001,1.744404,IDN,PRT,6417
1199081,104,179,1029,2016.0,10282.0,1773.0,0.223813,2.787547,IND,PRT,6417
1199082,106,179,1029,2016.0,1283.0,92593.0,1.320777,0.057924,IRL,PRT,6417
1199083,110,179,1029,2016.0,0.0,1470.0,0.9932219999999999,0.7518819999999999,ISR,PRT,6417
1199084,111,179,1029,2016.0,5600019.0,1645.0,1.461526,0.316891,ITA,PRT,6417
1199085,124,179,1029,2016.0,0.0,11704.0,0.385417,1.139648,LBN,PRT,6417
1199086,130,179,1029,2016.0,0.0,7338.0,0.6319130000000001,1.538765,LTU,PRT,6417
1199087,131,179,1029,2016.0,0.0,23442.0,1.217021,1.401214,LUX,PRT,6417
1199088,134,179,1029,2016.0,0.0,850132.0,-0.648329,-0.14071,MAR,PRT,6417
1199089,140,179,1029,2016.0,21106.0,0.0,-0.249664,-0.338412,MKD,PRT,6417
1199090,142,179,1029,2016.0,0.0,3769.0,0.981182,-0.029401999999999998,MLT,PRT,6417
1199091,143,179,1029,2016.0,0.0,8377.0,-1.0789600000000001,-0.6471180000000001,MMR,PRT,6417
1199092,147,179,1029,2016.0,0.0,25080.0,-1.207606,-1.0223879999999999,MOZ,PRT,6417
1199093,148,179,1029,2016.0,0.0,2198.0,-1.5601770000000001,-1.3474899999999999,MRT,PRT,6417
1199094,151,179,1029,2016.0,0.0,2006.0,-0.334969,0.005404,MUS,PRT,6417
1199095,162,179,1029,2016.0,63264.0,181320.0,1.132192,1.412512,NLD,PRT,6417
1199096,163,179,1029,2016.0,0.0,17108.0,0.664183,0.206877,NOR,PRT,6417
1199097,185,179,1029,2016.0,0.0,62416.0,1.176177,1.093489,ROU,PRT,6417
1199098,203,179,1029,2016.0,0.0,7430.0,0.150563,-0.7076319999999999,STP,PRT,6417
1199099,208,179,1029,2016.0,350127.0,11713.0,1.731295,0.679562,SWE,PRT,6417
1199100,215,179,1029,2016.0,0.0,59309.0,-0.777506,-0.652105,TGO,PRT,6417
1199101,223,179,1029,2016.0,283641.0,9885.0,0.27537399999999995,0.9474239999999999,TUN,PRT,6417
1199102,224,179,1029,2016.0,75640.0,0.0,0.460247,2.3790400000000003,TUR,PRT,6417
1199103,228,179,1029,2016.0,0.0,51006.0,0.240605,0.827153,UKR,PRT,6417
1199104,231,179,1029,2016.0,330275.0,15439.0,1.6991900000000002,-0.146044,USA,PRT,6417
1199105,246,179,1029,2016.0,0.0,1692.0,-0.029618000000000002,1.426834,ZAF,PRT,6417
1199106,249,179,1029,2016.0,5847.0,15231.0,2.028455,1.271167,TWN,PRT,6417
1199107,250,179,1029,2016.0,0.0,4827.0,0.608271,-0.007568000000000001,ANS,PRT,6417
1199108,8,180,1029,2016.0,2043357.0,0.0,-0.334847,0.24145100000000003,ARG,PRY,6417
1199109,32,180,1029,2016.0,1740305.0,0.0,0.284988,1.031028,BRA,PRY,6417
1199110,42,180,1029,2016.0,21649.0,0.0,-0.162923,-0.20607199999999998,CHL,PRY,6417
1199111,43,180,1029,2016.0,111350.0,0.0,1.249079,1.151045,CHN,PRY,6417
1199112,61,180,1029,2016.0,48454.0,0.0,2.307429,-2.341644,DEU,PRY,6417
1199113,64,180,1029,2016.0,6109.0,0.0,1.0572629999999998,1.4157540000000002,DNK,PRY,6417
1199114,71,180,1029,2016.0,5798.0,0.0,0.795006,2.203292,ESP,PRY,6417
1199115,81,180,1029,2016.0,1691.0,0.0,1.569616,1.048129,GBR,PRY,6417
1199116,121,180,1029,2016.0,75937.0,0.0,2.1686389999999998,0.798808,KOR,PRY,6417
1199117,177,180,1029,2016.0,31320.0,0.0,1.1068959999999999,1.226985,POL,PRY,6417
1199118,230,180,1029,2016.0,2407.0,0.0,0.040088,-0.27858499999999997,URY,PRY,6417
1199119,231,180,1029,2016.0,2482.0,0.0,1.6991900000000002,-0.146044,USA,PRY,6417
1199120,249,180,1029,2016.0,5486.0,0.0,2.028455,1.271167,TWN,PRY,6417
1199121,7,181,1029,2016.0,7630.0,0.0,-0.019275,-0.18309,ARE,PSE,6417
1199122,32,181,1029,2016.0,135562.0,0.0,0.284988,1.031028,BRA,PSE,6417
1199123,39,181,1029,2016.0,14560.0,0.0,0.541041,1.328065,CAN,PSE,6417
1199124,43,181,1029,2016.0,29986.0,0.0,1.249079,1.151045,CHN,PSE,6417
1199125,68,181,1029,2016.0,1091350.0,0.0,-0.202127,1.9342419999999998,EGY,PSE,6417
1199126,77,181,1029,2016.0,9563.0,0.0,1.490723,0.8471559999999999,FRA,PSE,6417
1199127,97,181,1029,2016.0,33918.0,0.0,0.877619,1.0765790000000002,HKG,PSE,6417
1199128,104,181,1029,2016.0,22517.0,0.0,0.223813,2.787547,IND,PSE,6417
1199129,110,181,1029,2016.0,14468.0,0.0,0.9932219999999999,0.7518819999999999,ISR,PSE,6417
1199130,111,181,1029,2016.0,9576.0,0.0,1.461526,0.316891,ITA,PSE,6417
1199131,113,181,1029,2016.0,59992.0,0.0,0.100333,0.020786000000000002,JOR,PSE,6417
1199132,140,181,1029,2016.0,26205.0,0.0,-0.249664,-0.338412,MKD,PSE,6417
1199133,177,181,1029,2016.0,1679.0,0.0,1.1068959999999999,1.226985,POL,PSE,6417
1199134,185,181,1029,2016.0,15407.0,0.0,1.176177,1.093489,ROU,PSE,6417
1199135,224,181,1029,2016.0,14794.0,0.0,0.460247,2.3790400000000003,TUR,PSE,6417
1199136,228,181,1029,2016.0,23022.0,0.0,0.240605,0.827153,UKR,PSE,6417
1199137,231,181,1029,2016.0,3133.0,0.0,1.6991900000000002,-0.146044,USA,PSE,6417
1199138,7,186,1029,2016.0,0.0,4552.0,-0.019275,-0.18309,ARE,RUS,6417
1199139,9,186,1029,2016.0,0.0,402912.0,-0.252904,-0.614643,ARM,RUS,6417
1199140,15,186,1029,2016.0,3531.0,0.0,1.743944,-0.051155,AUT,RUS,6417
1199141,16,186,1029,2016.0,0.0,4554482.0,-1.111874,-1.2526059999999999,AZE,RUS,6417
1199142,18,186,1029,2016.0,8623.0,0.0,1.2947110000000002,1.113058,BEL,RUS,6417
1199143,23,186,1029,2016.0,0.0,57785.0,0.509062,1.804648,BGR,RUS,6417
1199144,28,186,1029,2016.0,1439189.0,14779617.0,0.879499,0.897567,BLR,RUS,6417
1199145,41,186,1029,2016.0,827436.0,0.0,2.328616,0.832224,CHE,RUS,6417
1199146,43,186,1029,2016.0,957945.0,21184.0,1.249079,1.151045,CHN,RUS,6417
1199147,47,186,1029,2016.0,0.0,34788.0,-0.562294,-0.9770030000000001,COG,RUS,6417
1199148,54,186,1029,2016.0,0.0,1218.0,-0.6960850000000001,-1.166981,CUB,RUS,6417
1199149,59,186,1029,2016.0,465529.0,1401164.0,1.818585,0.341356,CZE,RUS,6417
1199150,61,186,1029,2016.0,1718928.0,78358.0,2.307429,-2.341644,DEU,RUS,6417
1199151,64,186,1029,2016.0,3093.0,0.0,1.0572629999999998,1.4157540000000002,DNK,RUS,6417
1199152,71,186,1029,2016.0,103005.0,2742.0,0.795006,2.203292,ESP,RUS,6417
1199153,72,186,1029,2016.0,0.0,2724669.0,0.958292,1.190173,EST,RUS,6417
1199154,74,186,1029,2016.0,491314.0,51090.0,1.621764,1.026393,FIN,RUS,6417
1199155,75,186,1029,2016.0,0.0,16275.0,-0.370598,0.049875,FJI,RUS,6417
1199156,77,186,1029,2016.0,136253.0,6118.0,1.490723,0.8471559999999999,FRA,RUS,6417
1199157,81,186,1029,2016.0,909904.0,0.0,1.569616,1.048129,GBR,RUS,6417
1199158,82,186,1029,2016.0,0.0,140043.0,-0.269579,-0.317608,GEO,RUS,6417
1199159,90,186,1029,2016.0,44395.0,5575.0,0.053899,1.1259709999999998,GRC,RUS,6417
1199160,97,186,1029,2016.0,3935.0,0.0,0.877619,1.0765790000000002,HKG,RUS,6417
1199161,102,186,1029,2016.0,7458.0,559555.0,1.7056069999999999,0.788768,HUN,RUS,6417
1199162,103,186,1029,2016.0,170530.0,0.0,-0.013630000000000001,1.744404,IDN,RUS,6417
1199163,110,186,1029,2016.0,1780.0,0.0,0.9932219999999999,0.7518819999999999,ISR,RUS,6417
1199164,111,186,1029,2016.0,2308380.0,2717.0,1.461526,0.316891,ITA,RUS,6417
1199165,113,186,1029,2016.0,0.0,5625.0,0.100333,0.020786000000000002,JOR,RUS,6417
1199166,114,186,1029,2016.0,44641.0,0.0,2.550074,-0.479725,JPN,RUS,6417
1199167,115,186,1029,2016.0,5612.0,5668857.0,-0.467305,-0.475451,KAZ,RUS,6417
1199168,117,186,1029,2016.0,0.0,678665.0,0.20501100000000003,0.657593,KGZ,RUS,6417
1199169,121,186,1029,2016.0,87504.0,12380.0,2.1686389999999998,0.798808,KOR,RUS,6417
1199170,122,186,1029,2016.0,0.0,829762.0,-0.401,-1.102991,KWT,RUS,6417
1199171,130,186,1029,2016.0,1308385.0,370860.0,0.6319130000000001,1.538765,LTU,RUS,6417
1199172,132,186,1029,2016.0,165166.0,218683.0,0.46748199999999995,1.228024,LVA,RUS,6417
1199173,135,186,1029,2016.0,0.0,29324.0,-0.24173200000000003,0.010985,MDA,RUS,6417
1199174,145,186,1029,2016.0,0.0,15013.0,-0.9833780000000001,-1.062642,MNG,RUS,6417
1199175,153,186,1029,2016.0,0.0,6273.0,1.091156,0.8383370000000001,MYS,RUS,6417
1199176,162,186,1029,2016.0,457105.0,0.0,1.132192,1.412512,NLD,RUS,6417
1199177,163,186,1029,2016.0,1307.0,1268.0,0.664183,0.206877,NOR,RUS,6417
1199178,177,186,1029,2016.0,1884098.0,4518934.0,1.1068959999999999,1.226985,POL,RUS,6417
1199179,178,186,1029,2016.0,0.0,7263.0,-0.508035,-0.157664,PRK,RUS,6417
1199180,185,186,1029,2016.0,32559.0,13537.0,1.176177,1.093489,ROU,RUS,6417
1199181,188,186,1029,2016.0,325302.0,0.0,0.00286,-0.764602,SAU,RUS,6417
1199182,192,186,1029,2016.0,6970.0,73803.0,2.0149340000000002,0.613009,SGP,RUS,6417
1199183,201,186,1029,2016.0,55665.0,360427.0,0.608136,1.38132,SRB,RUS,6417
1199184,206,186,1029,2016.0,18544.0,96236.0,1.446588,0.811076,SVK,RUS,6417
1199185,208,186,1029,2016.0,65675.0,0.0,1.731295,0.679562,SWE,RUS,6417
1199186,217,186,1029,2016.0,0.0,125785.0,-0.998353,-1.129616,TJK,RUS,6417
1199187,219,186,1029,2016.0,0.0,107725.0,-1.017361,-1.22005,TKM,RUS,6417
1199188,224,186,1029,2016.0,31479.0,16899.0,0.460247,2.3790400000000003,TUR,RUS,6417
1199189,228,186,1029,2016.0,345724.0,4972882.0,0.240605,0.827153,UKR,RUS,6417
1199190,231,186,1029,2016.0,399309.0,8896.0,1.6991900000000002,-0.146044,USA,RUS,6417
1199191,232,186,1029,2016.0,0.0,969157.0,-0.672362,-0.574391,UZB,RUS,6417
1199192,246,186,1029,2016.0,0.0,3724.0,-0.029618000000000002,1.426834,ZAF,RUS,6417
1199193,249,186,1029,2016.0,31685.0,0.0,2.028455,1.271167,TWN,RUS,6417
1199194,250,186,1029,2016.0,0.0,740509.0,0.608271,-0.007568000000000001,ANS,RUS,6417
1199195,1,188,1029,2016.0,0.0,66558.0,-1.44133,-0.9938950000000001,AFG,SAU,6417
1199196,7,188,1029,2016.0,22605002.0,175706.0,-0.019275,-0.18309,ARE,SAU,6417
1199197,14,188,1029,2016.0,9551.0,0.0,-0.585613,-0.245365,AUS,SAU,6417
1199198,15,188,1029,2016.0,1053010.0,0.0,1.743944,-0.051155,AUT,SAU,6417
1199199,18,188,1029,2016.0,25635.0,0.0,1.2947110000000002,1.113058,BEL,SAU,6417
1199200,23,188,1029,2016.0,53961.0,0.0,0.509062,1.804648,BGR,SAU,6417
1199201,24,188,1029,2016.0,26335.0,452193.0,0.23993299999999998,-0.5320199999999999,BHR,SAU,6417
1199202,32,188,1029,2016.0,22658.0,0.0,0.284988,1.031028,BRA,SAU,6417
1199203,41,188,1029,2016.0,19516.0,0.0,2.328616,0.832224,CHE,SAU,6417
1199204,43,188,1029,2016.0,5872664.0,60157.0,1.249079,1.151045,CHN,SAU,6417
1199205,61,188,1029,2016.0,283496.0,0.0,2.307429,-2.341644,DEU,SAU,6417
1199206,64,188,1029,2016.0,189825.0,0.0,1.0572629999999998,1.4157540000000002,DNK,SAU,6417
1199207,68,188,1029,2016.0,6899294.0,410914.0,-0.202127,1.9342419999999998,EGY,SAU,6417
1199208,71,188,1029,2016.0,15020.0,0.0,0.795006,2.203292,ESP,SAU,6417
1199209,73,188,1029,2016.0,0.0,6046.0,-1.163689,-0.885724,ETH,SAU,6417
1199210,74,188,1029,2016.0,1161566.0,0.0,1.621764,1.026393,FIN,SAU,6417
1199211,77,188,1029,2016.0,51505.0,0.0,1.490723,0.8471559999999999,FRA,SAU,6417
1199212,81,188,1029,2016.0,211683.0,2288106.0,1.569616,1.048129,GBR,SAU,6417
1199213,90,188,1029,2016.0,12341.0,0.0,0.053899,1.1259709999999998,GRC,SAU,6417
1199214,102,188,1029,2016.0,83087.0,0.0,1.7056069999999999,0.788768,HUN,SAU,6417
1199215,103,188,1029,2016.0,10554645.0,204664.0,-0.013630000000000001,1.744404,IDN,SAU,6417
1199216,104,188,1029,2016.0,722690.0,36254.0,0.223813,2.787547,IND,SAU,6417
1199217,108,188,1029,2016.0,0.0,166420.0,-1.7382849999999999,-1.037508,IRQ,SAU,6417
1199218,111,188,1029,2016.0,1497807.0,8043.0,1.461526,0.316891,ITA,SAU,6417
1199219,113,188,1029,2016.0,42723100.0,3939686.0,0.100333,0.020786000000000002,JOR,SAU,6417
1199220,121,188,1029,2016.0,17423.0,0.0,2.1686389999999998,0.798808,KOR,SAU,6417
1199221,122,188,1029,2016.0,506076.0,9869412.0,-0.401,-1.102991,KWT,SAU,6417
1199222,124,188,1029,2016.0,31248.0,905520.0,0.385417,1.139648,LBN,SAU,6417
1199223,148,188,1029,2016.0,0.0,263562.0,-1.5601770000000001,-1.3474899999999999,MRT,SAU,6417
1199224,153,188,1029,2016.0,6873.0,0.0,1.091156,0.8383370000000001,MYS,SAU,6417
1199225,162,188,1029,2016.0,142071.0,0.0,1.132192,1.412512,NLD,SAU,6417
1199226,167,188,1029,2016.0,0.0,33826.0,-0.594724,-1.019133,OMN,SAU,6417
1199227,168,188,1029,2016.0,0.0,61847.0,-0.7806810000000001,0.420241,PAK,SAU,6417
1199228,177,188,1029,2016.0,65323.0,0.0,1.1068959999999999,1.226985,POL,SAU,6417
1199229,183,188,1029,2016.0,141225.0,10170389.0,-0.52984,-1.106589,QAT,SAU,6417
1199230,186,188,1029,2016.0,0.0,325302.0,0.086009,0.300039,RUS,SAU,6417
1199231,192,188,1029,2016.0,10885.0,0.0,2.0149340000000002,0.613009,SGP,SAU,6417
1199232,208,188,1029,2016.0,4654856.0,0.0,1.731295,0.679562,SWE,SAU,6417
1199233,216,188,1029,2016.0,33672.0,228788.0,1.3075860000000001,1.151426,THA,SAU,6417
1199234,223,188,1029,2016.0,45920.0,0.0,0.27537399999999995,0.9474239999999999,TUN,SAU,6417
1199235,224,188,1029,2016.0,10822997.0,0.0,0.460247,2.3790400000000003,TUR,SAU,6417
1199236,228,188,1029,2016.0,0.0,62880.0,0.240605,0.827153,UKR,SAU,6417
1199237,231,188,1029,2016.0,480040.0,0.0,1.6991900000000002,-0.146044,USA,SAU,6417
1199238,239,188,1029,2016.0,62255.0,0.0,0.048214,0.6998810000000001,VNM,SAU,6417
1199239,243,188,1029,2016.0,0.0,568334.0,-0.99136,-1.1587049999999999,YEM,SAU,6417
1199240,249,188,1029,2016.0,123029.0,0.0,2.028455,1.271167,TWN,SAU,6417
1199241,0,190,1029,2016.0,56187.0,0.0,0.7897,0.359562,ABW,SDN,6417
1199242,7,190,1029,2016.0,293548.0,0.0,-0.019275,-0.18309,ARE,SDN,6417
1199243,43,190,1029,2016.0,1412588.0,0.0,1.249079,1.151045,CHN,SDN,6417
1199244,61,190,1029,2016.0,5466.0,0.0,2.307429,-2.341644,DEU,SDN,6417
1199245,68,190,1029,2016.0,1162507.0,0.0,-0.202127,1.9342419999999998,EGY,SDN,6417
1199246,81,190,1029,2016.0,1357.0,0.0,1.569616,1.048129,GBR,SDN,6417
1199247,103,190,1029,2016.0,10293.0,0.0,-0.013630000000000001,1.744404,IDN,SDN,6417
1199248,113,190,1029,2016.0,4313.0,0.0,0.100333,0.020786000000000002,JOR,SDN,6417
1199249,162,190,1029,2016.0,5480.0,0.0,1.132192,1.412512,NLD,SDN,6417
1199250,166,190,1029,2016.0,7695.0,0.0,0.093306,0.194895,NZL,SDN,6417
1199251,231,190,1029,2016.0,22582.0,0.0,1.6991900000000002,-0.146044,USA,SDN,6417
1199252,7,191,1029,2016.0,869871.0,3478.0,-0.019275,-0.18309,ARE,SEN,6417
1199253,18,191,1029,2016.0,105940.0,0.0,1.2947110000000002,1.113058,BEL,SEN,6417
1199254,21,191,1029,2016.0,10531.0,0.0,-0.861491,-0.9462379999999999,BFA,SEN,6417
1199255,39,191,1029,2016.0,0.0,2411.0,0.541041,1.328065,CAN,SEN,6417
1199256,43,191,1029,2016.0,64962.0,0.0,1.249079,1.151045,CHN,SEN,6417
1199257,44,191,1029,2016.0,30106.0,0.0,-0.977045,-0.8633299999999999,CIV,SEN,6417
1199258,71,191,1029,2016.0,399354.0,0.0,0.795006,2.203292,ESP,SEN,6417
1199259,74,191,1029,2016.0,7073.0,0.0,1.621764,1.026393,FIN,SEN,6417
1199260,77,191,1029,2016.0,120199.0,0.0,1.490723,0.8471559999999999,FRA,SEN,6417
1199261,81,191,1029,2016.0,2515.0,0.0,1.569616,1.048129,GBR,SEN,6417
1199262,85,191,1029,2016.0,0.0,10491.0,-1.461226,-1.196035,GIN,SEN,6417
1199263,103,191,1029,2016.0,16117.0,0.0,-0.013630000000000001,1.744404,IDN,SEN,6417
1199264,104,191,1029,2016.0,5300.0,0.0,0.223813,2.787547,IND,SEN,6417
1199265,111,191,1029,2016.0,220972.0,0.0,1.461526,0.316891,ITA,SEN,6417
1199266,121,191,1029,2016.0,10330.0,0.0,2.1686389999999998,0.798808,KOR,SEN,6417
1199267,134,191,1029,2016.0,25851.0,0.0,-0.648329,-0.14071,MAR,SEN,6417
1199268,148,191,1029,2016.0,0.0,2529.0,-1.5601770000000001,-1.3474899999999999,MRT,SEN,6417
1199269,159,191,1029,2016.0,288757.0,0.0,-1.7380830000000003,-1.306938,NGA,SEN,6417
1199270,208,191,1029,2016.0,14777.0,0.0,1.731295,0.679562,SWE,SEN,6417
1199271,223,191,1029,2016.0,287427.0,0.0,0.27537399999999995,0.9474239999999999,TUN,SEN,6417
1199272,224,191,1029,2016.0,41302.0,0.0,0.460247,2.3790400000000003,TUR,SEN,6417
1199273,231,191,1029,2016.0,3997.0,0.0,1.6991900000000002,-0.146044,USA,SEN,6417
1199274,1,192,1029,2016.0,0.0,3087.0,-1.44133,-0.9938950000000001,AFG,SGP,6417
1199275,2,192,1029,2016.0,0.0,92671.0,-0.986722,-1.1941979999999999,AGO,SGP,6417
1199276,7,192,1029,2016.0,34535.0,2101.0,-0.019275,-0.18309,ARE,SGP,6417
1199277,14,192,1029,2016.0,59825.0,135674.0,-0.585613,-0.245365,AUS,SGP,6417
1199278,15,192,1029,2016.0,0.0,1165.0,1.743944,-0.051155,AUT,SGP,6417
1199279,22,192,1029,2016.0,0.0,47488.0,-1.0177260000000001,-1.1010799999999998,BGD,SGP,6417
1199280,32,192,1029,2016.0,351184.0,0.0,0.284988,1.031028,BRA,SGP,6417
1199281,34,192,1029,2016.0,0.0,26953.0,-1.082406,-0.9169309999999999,BRN,SGP,6417
1199282,39,192,1029,2016.0,17853.0,0.0,0.541041,1.328065,CAN,SGP,6417
1199283,41,192,1029,2016.0,9094.0,2645.0,2.328616,0.832224,CHE,SGP,6417
1199284,42,192,1029,2016.0,0.0,44235.0,-0.162923,-0.20607199999999998,CHL,SGP,6417
1199285,43,192,1029,2016.0,10280977.0,1437863.0,1.249079,1.151045,CHN,SGP,6417
1199286,47,192,1029,2016.0,0.0,33295.0,-0.562294,-0.9770030000000001,COG,SGP,6417
1199287,59,192,1029,2016.0,327334.0,0.0,1.818585,0.341356,CZE,SGP,6417
1199288,61,192,1029,2016.0,140320.0,3469.0,2.307429,-2.341644,DEU,SGP,6417
1199289,67,192,1029,2016.0,0.0,110589.0,-1.032726,-1.034297,ECU,SGP,6417
1199290,68,192,1029,2016.0,0.0,51067.0,-0.202127,1.9342419999999998,EGY,SGP,6417
1199291,71,192,1029,2016.0,24010.0,0.0,0.795006,2.203292,ESP,SGP,6417
1199292,72,192,1029,2016.0,251433.0,0.0,0.958292,1.190173,EST,SGP,6417
1199293,75,192,1029,2016.0,0.0,1535632.0,-0.370598,0.049875,FJI,SGP,6417
1199294,77,192,1029,2016.0,50180.0,175250.0,1.490723,0.8471559999999999,FRA,SGP,6417
1199295,81,192,1029,2016.0,86896.0,1640174.0,1.569616,1.048129,GBR,SGP,6417
1199296,93,192,1029,2016.0,0.0,371911.0,-0.397073,0.5736680000000001,GTM,SGP,6417
1199297,97,192,1029,2016.0,23066.0,27263.0,0.877619,1.0765790000000002,HKG,SGP,6417
1199298,103,192,1029,2016.0,1155688.0,1971044.0,-0.013630000000000001,1.744404,IDN,SGP,6417
1199299,104,192,1029,2016.0,39217.0,63268.0,0.223813,2.787547,IND,SGP,6417
1199300,111,192,1029,2016.0,132152.0,1131.0,1.461526,0.316891,ITA,SGP,6417
1199301,112,192,1029,2016.0,0.0,482603.0,-0.25619400000000003,-0.62326,JAM,SGP,6417
1199302,114,192,1029,2016.0,306156.0,16378.0,2.550074,-0.479725,JPN,SGP,6417
1199303,118,192,1029,2016.0,0.0,11655.0,-0.70365,-0.843824,KHM,SGP,6417
1199304,121,192,1029,2016.0,576241.0,85415.0,2.1686389999999998,0.798808,KOR,SGP,6417
1199305,122,192,1029,2016.0,0.0,21060.0,-0.401,-1.102991,KWT,SGP,6417
1199306,128,192,1029,2016.0,0.0,81411.0,-0.540154,0.22580100000000003,LKA,SGP,6417
1199307,133,192,1029,2016.0,0.0,61076.0,0.517979,0.133195,MAC,SGP,6417
1199308,136,192,1029,2016.0,0.0,9962.0,-0.979632,-0.63626,MDG,SGP,6417
1199309,137,192,1029,2016.0,0.0,38199.0,-0.975518,-1.00076,MDV,SGP,6417
1199310,138,192,1029,2016.0,6678.0,0.0,1.393506,0.64152,MEX,SGP,6417
1199311,143,192,1029,2016.0,0.0,68670.0,-1.0789600000000001,-0.6471180000000001,MMR,SGP,6417
1199312,148,192,1029,2016.0,0.0,1340.0,-1.5601770000000001,-1.3474899999999999,MRT,SGP,6417
1199313,153,192,1029,2016.0,12108823.0,928140.0,1.091156,0.8383370000000001,MYS,SGP,6417
1199314,159,192,1029,2016.0,0.0,13558.0,-1.7380830000000003,-1.306938,NGA,SGP,6417
1199315,162,192,1029,2016.0,69088.0,0.0,1.132192,1.412512,NLD,SGP,6417
1199316,163,192,1029,2016.0,18224.0,0.0,0.664183,0.206877,NOR,SGP,6417
1199317,166,192,1029,2016.0,0.0,43225.0,0.093306,0.194895,NZL,SGP,6417
1199318,168,192,1029,2016.0,0.0,4979.0,-0.7806810000000001,0.420241,PAK,SGP,6417
1199319,174,192,1029,2016.0,42153.0,111415.0,0.958651,0.324888,PHL,SGP,6417
1199320,176,192,1029,2016.0,0.0,339259.0,-1.7560209999999998,-1.288643,PNG,SGP,6417
1199321,177,192,1029,2016.0,116815.0,0.0,1.1068959999999999,1.226985,POL,SGP,6417
1199322,182,192,1029,2016.0,0.0,2249.0,0.022294,-0.676078,PYF,SGP,6417
1199323,186,192,1029,2016.0,73803.0,6970.0,0.086009,0.300039,RUS,SGP,6417
1199324,188,192,1029,2016.0,0.0,10885.0,0.00286,-0.764602,SAU,SGP,6417
1199325,195,192,1029,2016.0,0.0,2475.0,-1.458209,-0.9888530000000001,SLB,SGP,6417
1199326,206,192,1029,2016.0,153685.0,0.0,1.446588,0.811076,SVK,SGP,6417
1199327,208,192,1029,2016.0,65007.0,0.0,1.731295,0.679562,SWE,SGP,6417
1199328,211,192,1029,2016.0,0.0,24031.0,0.321549,-0.610316,SYC,SGP,6417
1199329,216,192,1029,2016.0,658453.0,160795.0,1.3075860000000001,1.151426,THA,SGP,6417
1199330,220,192,1029,2016.0,0.0,19072.0,-0.597288,-0.9336549999999999,TLS,SGP,6417
1199331,224,192,1029,2016.0,18767.0,0.0,0.460247,2.3790400000000003,TUR,SGP,6417
1199332,226,192,1029,2016.0,0.0,41517.0,-1.01426,0.304263,TZA,SGP,6417
1199333,231,192,1029,2016.0,630148.0,40993.0,1.6991900000000002,-0.146044,USA,SGP,6417
1199334,239,192,1029,2016.0,563610.0,208072.0,0.048214,0.6998810000000001,VNM,SGP,6417
1199335,240,192,1029,2016.0,0.0,43243.0,-1.534809,-1.063501,VUT,SGP,6417
1199336,242,192,1029,2016.0,0.0,4332.0,0.636342,-0.152082,WSM,SGP,6417
1199337,246,192,1029,2016.0,16631.0,10878.0,-0.029618000000000002,1.426834,ZAF,SGP,6417
1199338,249,192,1029,2016.0,322418.0,391246.0,2.028455,1.271167,TWN,SGP,6417
1199339,18,197,1029,2016.0,38941.0,0.0,1.2947110000000002,1.113058,BEL,SLV,6417
1199340,29,197,1029,2016.0,0.0,3944.0,-0.460532,-0.6068899999999999,BLZ,SLV,6417
1199341,39,197,1029,2016.0,15693.0,0.0,0.541041,1.328065,CAN,SLV,6417
1199342,42,197,1029,2016.0,453166.0,697790.0,-0.162923,-0.20607199999999998,CHL,SLV,6417
1199343,43,197,1029,2016.0,260157.0,0.0,1.249079,1.151045,CHN,SLV,6417
1199344,49,197,1029,2016.0,1002020.0,0.0,-0.040341,-0.20957699999999999,COL,SLV,6417
1199345,52,197,1029,2016.0,32552.0,22125702.0,0.28594400000000003,0.131024,CRI,SLV,6417
1199346,54,197,1029,2016.0,0.0,368571.0,-0.6960850000000001,-1.166981,CUB,SLV,6417
1199347,61,197,1029,2016.0,17920.0,0.0,2.307429,-2.341644,DEU,SLV,6417
1199348,65,197,1029,2016.0,0.0,563250.0,-0.26926500000000003,0.046345,DOM,SLV,6417
1199349,68,197,1029,2016.0,32249.0,0.0,-0.202127,1.9342419999999998,EGY,SLV,6417
1199350,71,197,1029,2016.0,44389.0,0.0,0.795006,2.203292,ESP,SLV,6417
1199351,81,197,1029,2016.0,13030.0,0.0,1.569616,1.048129,GBR,SLV,6417
1199352,93,197,1029,2016.0,75120.0,1022961.0,-0.397073,0.5736680000000001,GTM,SLV,6417
1199353,99,197,1029,2016.0,5997.0,100731.0,-0.506029,-0.30843899999999996,HND,SLV,6417
1199354,101,197,1029,2016.0,0.0,10822.0,-1.046859,-1.016459,HTI,SLV,6417
1199355,103,197,1029,2016.0,364489.0,0.0,-0.013630000000000001,1.744404,IDN,SLV,6417
1199356,111,197,1029,2016.0,16974.0,0.0,1.461526,0.316891,ITA,SLV,6417
1199357,138,197,1029,2016.0,384672.0,0.0,1.393506,0.64152,MEX,SLV,6417
1199358,160,197,1029,2016.0,3188.0,54948.0,-0.954131,-0.9000389999999999,NIC,SLV,6417
1199359,169,197,1029,2016.0,0.0,59093.0,0.731258,0.649917,PAN,SLV,6417
1199360,231,197,1029,2016.0,965043.0,48168.0,1.6991900000000002,-0.146044,USA,SLV,6417
1199361,239,197,1029,2016.0,107407.0,0.0,0.048214,0.6998810000000001,VNM,SLV,6417
1199362,249,197,1029,2016.0,15514.0,0.0,2.028455,1.271167,TWN,SLV,6417
1199363,43,205,1029,2016.0,1965892.0,0.0,1.249079,1.151045,CHN,SUR,6417
1199364,61,205,1029,2016.0,8404.0,0.0,2.307429,-2.341644,DEU,SUR,6417
1199365,162,205,1029,2016.0,75522.0,0.0,1.132192,1.412512,NLD,SUR,6417
1199366,222,205,1029,2016.0,372411.0,0.0,-0.184575,-0.9999889999999999,TTO,SUR,6417
1199367,224,205,1029,2016.0,8242.0,0.0,0.460247,2.3790400000000003,TUR,SUR,6417
1199368,231,205,1029,2016.0,5397.0,0.0,1.6991900000000002,-0.146044,USA,SUR,6417
1199369,1,208,1029,2016.0,0.0,61055.0,-1.44133,-0.9938950000000001,AFG,SWE,6417
1199370,7,208,1029,2016.0,9183.0,44243.0,-0.019275,-0.18309,ARE,SWE,6417
1199371,8,208,1029,2016.0,0.0,4128.0,-0.334847,0.24145100000000003,ARG,SWE,6417
1199372,14,208,1029,2016.0,0.0,94784.0,-0.585613,-0.245365,AUS,SWE,6417
1199373,15,208,1029,2016.0,71594.0,3310865.0,1.743944,-0.051155,AUT,SWE,6417
1199374,18,208,1029,2016.0,1042991.0,3817243.0,1.2947110000000002,1.113058,BEL,SWE,6417
1199375,23,208,1029,2016.0,0.0,51736.0,0.509062,1.804648,BGR,SWE,6417
1199376,32,208,1029,2016.0,0.0,182179.0,0.284988,1.031028,BRA,SWE,6417
1199377,39,208,1029,2016.0,19168.0,1619359.0,0.541041,1.328065,CAN,SWE,6417
1199378,41,208,1029,2016.0,2159463.0,413665.0,2.328616,0.832224,CHE,SWE,6417
1199379,43,208,1029,2016.0,311945.0,3058047.0,1.249079,1.151045,CHN,SWE,6417
1199380,45,208,1029,2016.0,0.0,11741.0,-1.1342969999999999,-1.101724,CMR,SWE,6417
1199381,58,208,1029,2016.0,0.0,19651.0,0.229275,-0.09704600000000001,CYP,SWE,6417
1199382,59,208,1029,2016.0,482698.0,583993.0,1.818585,0.341356,CZE,SWE,6417
1199383,61,208,1029,2016.0,11062353.0,84094736.0,2.307429,-2.341644,DEU,SWE,6417
1199384,64,208,1029,2016.0,556046.0,6062335.0,1.0572629999999998,1.4157540000000002,DNK,SWE,6417
1199385,66,208,1029,2016.0,0.0,178680.0,-1.243568,-1.232077,DZA,SWE,6417
1199386,68,208,1029,2016.0,1401.0,579177.0,-0.202127,1.9342419999999998,EGY,SWE,6417
1199387,71,208,1029,2016.0,1593602.0,375972.0,0.795006,2.203292,ESP,SWE,6417
1199388,72,208,1029,2016.0,87280.0,735605.0,0.958292,1.190173,EST,SWE,6417
1199389,74,208,1029,2016.0,7501722.0,3978152.0,1.621764,1.026393,FIN,SWE,6417
1199390,77,208,1029,2016.0,142625.0,6548512.0,1.490723,0.8471559999999999,FRA,SWE,6417
1199391,81,208,1029,2016.0,694071.0,21484700.0,1.569616,1.048129,GBR,SWE,6417
1199392,83,208,1029,2016.0,0.0,88395.0,-0.9026200000000001,-0.877508,GHA,SWE,6417
1199393,90,208,1029,2016.0,0.0,2564766.0,0.053899,1.1259709999999998,GRC,SWE,6417
1199394,92,208,1029,2016.0,0.0,7844.0,-1.077107,-0.997611,GRL,SWE,6417
1199395,97,208,1029,2016.0,1490.0,37421.0,0.877619,1.0765790000000002,HKG,SWE,6417
1199396,100,208,1029,2016.0,0.0,7115.0,0.850619,1.39544,HRV,SWE,6417
1199397,102,208,1029,2016.0,216052.0,161816.0,1.7056069999999999,0.788768,HUN,SWE,6417
1199398,103,208,1029,2016.0,0.0,3949.0,-0.013630000000000001,1.744404,IDN,SWE,6417
1199399,104,208,1029,2016.0,3113.0,1652828.0,0.223813,2.787547,IND,SWE,6417
1199400,106,208,1029,2016.0,0.0,5042137.0,1.320777,0.057924,IRL,SWE,6417
1199401,107,208,1029,2016.0,0.0,229015.0,-0.408637,-0.340544,IRN,SWE,6417
1199402,108,208,1029,2016.0,0.0,7008.0,-1.7382849999999999,-1.037508,IRQ,SWE,6417
1199403,109,208,1029,2016.0,0.0,37684.0,0.099623,-0.404352,ISL,SWE,6417
1199404,110,208,1029,2016.0,0.0,41614.0,0.9932219999999999,0.7518819999999999,ISR,SWE,6417
1199405,111,208,1029,2016.0,114516.0,5512312.0,1.461526,0.316891,ITA,SWE,6417
1199406,114,208,1029,2016.0,0.0,457546.0,2.550074,-0.479725,JPN,SWE,6417
1199407,116,208,1029,2016.0,0.0,38892.0,-0.483554,0.25645,KEN,SWE,6417
1199408,118,208,1029,2016.0,0.0,21395.0,-0.70365,-0.843824,KHM,SWE,6417
1199409,121,208,1029,2016.0,1782.0,181084.0,2.1686389999999998,0.798808,KOR,SWE,6417
1199410,122,208,1029,2016.0,0.0,160839.0,-0.401,-1.102991,KWT,SWE,6417
1199411,130,208,1029,2016.0,108651.0,306399.0,0.6319130000000001,1.538765,LTU,SWE,6417
1199412,132,208,1029,2016.0,45852.0,316883.0,0.46748199999999995,1.228024,LVA,SWE,6417
1199413,138,208,1029,2016.0,0.0,92232.0,1.393506,0.64152,MEX,SWE,6417
1199414,140,208,1029,2016.0,0.0,13000.0,-0.249664,-0.338412,MKD,SWE,6417
1199415,147,208,1029,2016.0,0.0,7343.0,-1.207606,-1.0223879999999999,MOZ,SWE,6417
1199416,153,208,1029,2016.0,1381.0,233223.0,1.091156,0.8383370000000001,MYS,SWE,6417
1199417,159,208,1029,2016.0,0.0,68825.0,-1.7380830000000003,-1.306938,NGA,SWE,6417
1199418,162,208,1029,2016.0,1628648.0,2634874.0,1.132192,1.412512,NLD,SWE,6417
1199419,163,208,1029,2016.0,256754.0,7150918.0,0.664183,0.206877,NOR,SWE,6417
1199420,166,208,1029,2016.0,0.0,197166.0,0.093306,0.194895,NZL,SWE,6417
1199421,173,208,1029,2016.0,0.0,14785.0,-0.818178,-0.0791,PER,SWE,6417
1199422,177,208,1029,2016.0,7584319.0,24630854.0,1.1068959999999999,1.226985,POL,SWE,6417
1199423,179,208,1029,2016.0,11713.0,350127.0,0.661961,2.108517,PRT,SWE,6417
1199424,185,208,1029,2016.0,8521.0,152029.0,1.176177,1.093489,ROU,SWE,6417
1199425,186,208,1029,2016.0,0.0,65675.0,0.086009,0.300039,RUS,SWE,6417
1199426,188,208,1029,2016.0,0.0,4654856.0,0.00286,-0.764602,SAU,SWE,6417
1199427,191,208,1029,2016.0,0.0,14777.0,-0.648644,-0.39857800000000004,SEN,SWE,6417
1199428,192,208,1029,2016.0,0.0,65007.0,2.0149340000000002,0.613009,SGP,SWE,6417
1199429,201,208,1029,2016.0,0.0,190689.0,0.608136,1.38132,SRB,SWE,6417
1199430,206,208,1029,2016.0,2347061.0,232006.0,1.446588,0.811076,SVK,SWE,6417
1199431,207,208,1029,2016.0,0.0,1215666.0,1.7056200000000001,0.630058,SVN,SWE,6417
1199432,216,208,1029,2016.0,0.0,73564.0,1.3075860000000001,1.151426,THA,SWE,6417
1199433,223,208,1029,2016.0,14986.0,0.0,0.27537399999999995,0.9474239999999999,TUN,SWE,6417
1199434,224,208,1029,2016.0,32463.0,1790638.0,0.460247,2.3790400000000003,TUR,SWE,6417
1199435,226,208,1029,2016.0,0.0,18523.0,-1.01426,0.304263,TZA,SWE,6417
1199436,228,208,1029,2016.0,0.0,254941.0,0.240605,0.827153,UKR,SWE,6417
1199437,231,208,1029,2016.0,149655.0,1196949.0,1.6991900000000002,-0.146044,USA,SWE,6417
1199438,239,208,1029,2016.0,0.0,1722.0,0.048214,0.6998810000000001,VNM,SWE,6417
1199439,246,208,1029,2016.0,0.0,987400.0,-0.029618000000000002,1.426834,ZAF,SWE,6417
1199440,247,208,1029,2016.0,0.0,90878.0,-0.9308350000000001,-1.029968,ZMB,SWE,6417
1199441,249,208,1029,2016.0,38828.0,0.0,2.028455,1.271167,TWN,SWE,6417
1199442,1,216,1029,2016.0,0.0,33984.0,-1.44133,-0.9938950000000001,AFG,THA,6417
1199443,2,216,1029,2016.0,0.0,126591.0,-0.986722,-1.1941979999999999,AGO,THA,6417
1199444,7,216,1029,2016.0,11039.0,20626.0,-0.019275,-0.18309,ARE,THA,6417
1199445,14,216,1029,2016.0,203874.0,3172148.0,-0.585613,-0.245365,AUS,THA,6417
1199446,18,216,1029,2016.0,4059.0,2528.0,1.2947110000000002,1.113058,BEL,THA,6417
1199447,22,216,1029,2016.0,0.0,1939.0,-1.0177260000000001,-1.1010799999999998,BGD,THA,6417
1199448,31,216,1029,2016.0,0.0,1878.0,-1.009709,-0.986669,BOL,THA,6417
1199449,34,216,1029,2016.0,0.0,5130.0,-1.082406,-0.9169309999999999,BRN,THA,6417
1199450,39,216,1029,2016.0,210104.0,0.0,0.541041,1.328065,CAN,THA,6417
1199451,41,216,1029,2016.0,81592.0,1010.0,2.328616,0.832224,CHE,THA,6417
1199452,42,216,1029,2016.0,0.0,1318.0,-0.162923,-0.20607199999999998,CHL,THA,6417
1199453,43,216,1029,2016.0,3093905.0,53606.0,1.249079,1.151045,CHN,THA,6417
1199454,49,216,1029,2016.0,104064.0,0.0,-0.040341,-0.20957699999999999,COL,THA,6417
1199455,59,216,1029,2016.0,76597.0,0.0,1.818585,0.341356,CZE,THA,6417
1199456,61,216,1029,2016.0,413309.0,1749.0,2.307429,-2.341644,DEU,THA,6417
1199457,64,216,1029,2016.0,4556.0,0.0,1.0572629999999998,1.4157540000000002,DNK,THA,6417
1199458,71,216,1029,2016.0,214649.0,1652.0,0.795006,2.203292,ESP,THA,6417
1199459,74,216,1029,2016.0,1292.0,0.0,1.621764,1.026393,FIN,THA,6417
1199460,77,216,1029,2016.0,162871.0,1271.0,1.490723,0.8471559999999999,FRA,THA,6417
1199461,81,216,1029,2016.0,1602738.0,29436.0,1.569616,1.048129,GBR,THA,6417
1199462,90,216,1029,2016.0,24981.0,0.0,0.053899,1.1259709999999998,GRC,THA,6417
1199463,95,216,1029,2016.0,0.0,107713.0,0.709797,0.108846,GUM,THA,6417
1199464,97,216,1029,2016.0,6545.0,60723.0,0.877619,1.0765790000000002,HKG,THA,6417
1199465,103,216,1029,2016.0,23674944.0,2424981.0,-0.013630000000000001,1.744404,IDN,THA,6417
1199466,104,216,1029,2016.0,35180.0,497665.0,0.223813,2.787547,IND,THA,6417
1199467,110,216,1029,2016.0,0.0,6370.0,0.9932219999999999,0.7518819999999999,ISR,THA,6417
1199468,111,216,1029,2016.0,6978.0,0.0,1.461526,0.316891,ITA,THA,6417
1199469,114,216,1029,2016.0,2464630.0,138420.0,2.550074,-0.479725,JPN,THA,6417
1199470,118,216,1029,2016.0,0.0,448525.0,-0.70365,-0.843824,KHM,THA,6417
1199471,121,216,1029,2016.0,3673600.0,18734.0,2.1686389999999998,0.798808,KOR,THA,6417
1199472,122,216,1029,2016.0,0.0,1984.0,-0.401,-1.102991,KWT,THA,6417
1199473,123,216,1029,2016.0,0.0,287956.0,-0.8350559999999999,-0.660756,LAO,THA,6417
1199474,128,216,1029,2016.0,0.0,1282.0,-0.540154,0.22580100000000003,LKA,THA,6417
1199475,136,216,1029,2016.0,0.0,7064.0,-0.979632,-0.63626,MDG,THA,6417
1199476,137,216,1029,2016.0,0.0,3890.0,-0.975518,-1.00076,MDV,THA,6417
1199477,143,216,1029,2016.0,0.0,1029650.0,-1.0789600000000001,-0.6471180000000001,MMR,THA,6417
1199478,151,216,1029,2016.0,0.0,96783.0,-0.334969,0.005404,MUS,THA,6417
1199479,153,216,1029,2016.0,437076.0,1858344.0,1.091156,0.8383370000000001,MYS,THA,6417
1199480,162,216,1029,2016.0,6819.0,0.0,1.132192,1.412512,NLD,THA,6417
1199481,166,216,1029,2016.0,0.0,44023.0,0.093306,0.194895,NZL,THA,6417
1199482,167,216,1029,2016.0,0.0,3224.0,-0.594724,-1.019133,OMN,THA,6417
1199483,174,216,1029,2016.0,0.0,588417.0,0.958651,0.324888,PHL,THA,6417
1199484,176,216,1029,2016.0,0.0,24635.0,-1.7560209999999998,-1.288643,PNG,THA,6417
1199485,188,216,1029,2016.0,228788.0,33672.0,0.00286,-0.764602,SAU,THA,6417
1199486,192,216,1029,2016.0,160795.0,658453.0,2.0149340000000002,0.613009,SGP,THA,6417
1199487,208,216,1029,2016.0,73564.0,0.0,1.731295,0.679562,SWE,THA,6417
1199488,224,216,1029,2016.0,28240.0,0.0,0.460247,2.3790400000000003,TUR,THA,6417
1199489,231,216,1029,2016.0,938902.0,36060.0,1.6991900000000002,-0.146044,USA,THA,6417
1199490,239,216,1029,2016.0,1094703.0,1144683.0,0.048214,0.6998810000000001,VNM,THA,6417
1199491,246,216,1029,2016.0,0.0,446867.0,-0.029618000000000002,1.426834,ZAF,THA,6417
1199492,249,216,1029,2016.0,3524905.0,103543.0,2.028455,1.271167,TWN,THA,6417
1199493,1,224,1029,2016.0,0.0,18654.0,-1.44133,-0.9938950000000001,AFG,TUR,6417
1199494,2,224,1029,2016.0,0.0,1552345.0,-0.986722,-1.1941979999999999,AGO,TUR,6417
1199495,4,224,1029,2016.0,0.0,751690.0,-0.5783550000000001,-0.085516,ALB,TUR,6417
1199496,7,224,1029,2016.0,15901.0,2209748.0,-0.019275,-0.18309,ARE,TUR,6417
1199497,8,224,1029,2016.0,37203.0,0.0,-0.334847,0.24145100000000003,ARG,TUR,6417
1199498,14,224,1029,2016.0,0.0,19639.0,-0.585613,-0.245365,AUS,TUR,6417
1199499,15,224,1029,2016.0,98881.0,2978.0,1.743944,-0.051155,AUT,TUR,6417
1199500,16,224,1029,2016.0,0.0,2975938.0,-1.111874,-1.2526059999999999,AZE,TUR,6417
1199501,18,224,1029,2016.0,196378.0,628246.0,1.2947110000000002,1.113058,BEL,TUR,6417
1199502,19,224,1029,2016.0,0.0,7433.0,-0.863777,-0.913193,BEN,TUR,6417
1199503,22,224,1029,2016.0,0.0,5385.0,-1.0177260000000001,-1.1010799999999998,BGD,TUR,6417
1199504,23,224,1029,2016.0,109466.0,9545966.0,0.509062,1.804648,BGR,TUR,6417
1199505,24,224,1029,2016.0,0.0,471100.0,0.23993299999999998,-0.5320199999999999,BHR,TUR,6417
1199506,25,224,1029,2016.0,0.0,26666.0,0.453269,-0.48267899999999997,BHS,TUR,6417
1199507,26,224,1029,2016.0,0.0,72669.0,0.693416,0.8723540000000001,BIH,TUR,6417
1199508,28,224,1029,2016.0,13326.0,0.0,0.879499,0.897567,BLR,TUR,6417
1199509,33,224,1029,2016.0,0.0,9521.0,0.598214,0.054758,BRB,TUR,6417
1199510,39,224,1029,2016.0,594762.0,184923.0,0.541041,1.328065,CAN,TUR,6417
1199511,41,224,1029,2016.0,42721.0,2560.0,2.328616,0.832224,CHE,TUR,6417
1199512,42,224,1029,2016.0,0.0,126827.0,-0.162923,-0.20607199999999998,CHL,TUR,6417
1199513,43,224,1029,2016.0,768091.0,17354.0,1.249079,1.151045,CHN,TUR,6417
1199514,44,224,1029,2016.0,0.0,320208.0,-0.977045,-0.8633299999999999,CIV,TUR,6417
1199515,45,224,1029,2016.0,0.0,123724.0,-1.1342969999999999,-1.101724,CMR,TUR,6417
1199516,46,224,1029,2016.0,0.0,13272.0,-1.093544,-1.126599,COD,TUR,6417
1199517,47,224,1029,2016.0,0.0,31021.0,-0.562294,-0.9770030000000001,COG,TUR,6417
1199518,51,224,1029,2016.0,0.0,15546.0,0.13810899999999998,-0.598819,CPV,TUR,6417
1199519,52,224,1029,2016.0,0.0,23842.0,0.28594400000000003,0.131024,CRI,TUR,6417
1199520,54,224,1029,2016.0,0.0,1292.0,-0.6960850000000001,-1.166981,CUB,TUR,6417
1199521,57,224,1029,2016.0,0.0,399751.0,1.0380559999999999,-0.69484,CYM,TUR,6417
1199522,58,224,1029,2016.0,0.0,444192.0,0.229275,-0.09704600000000001,CYP,TUR,6417
1199523,59,224,1029,2016.0,99493.0,629521.0,1.818585,0.341356,CZE,TUR,6417
1199524,61,224,1029,2016.0,1629294.0,1563990.0,2.307429,-2.341644,DEU,TUR,6417
1199525,64,224,1029,2016.0,80139.0,138727.0,1.0572629999999998,1.4157540000000002,DNK,TUR,6417
1199526,65,224,1029,2016.0,0.0,1825492.0,-0.26926500000000003,0.046345,DOM,TUR,6417
1199527,66,224,1029,2016.0,0.0,132883.0,-1.243568,-1.232077,DZA,TUR,6417
1199528,67,224,1029,2016.0,0.0,1108950.0,-1.032726,-1.034297,ECU,TUR,6417
1199529,68,224,1029,2016.0,129543.0,157685.0,-0.202127,1.9342419999999998,EGY,TUR,6417
1199530,71,224,1029,2016.0,87217.0,242767.0,0.795006,2.203292,ESP,TUR,6417
1199531,72,224,1029,2016.0,0.0,11705.0,0.958292,1.190173,EST,TUR,6417
1199532,73,224,1029,2016.0,0.0,283092.0,-1.163689,-0.885724,ETH,TUR,6417
1199533,74,224,1029,2016.0,1029.0,2223.0,1.621764,1.026393,FIN,TUR,6417
1199534,77,224,1029,2016.0,303866.0,225574.0,1.490723,0.8471559999999999,FRA,TUR,6417
1199535,80,224,1029,2016.0,0.0,20101.0,-1.257455,-1.226416,GAB,TUR,6417
1199536,81,224,1029,2016.0,179762.0,64328656.0,1.569616,1.048129,GBR,TUR,6417
1199537,82,224,1029,2016.0,0.0,5068490.0,-0.269579,-0.317608,GEO,TUR,6417
1199538,83,224,1029,2016.0,0.0,71954.0,-0.9026200000000001,-0.877508,GHA,TUR,6417
1199539,90,224,1029,2016.0,1317825.0,55387420.0,0.053899,1.1259709999999998,GRC,TUR,6417
1199540,93,224,1029,2016.0,0.0,19668.0,-0.397073,0.5736680000000001,GTM,TUR,6417
1199541,97,224,1029,2016.0,6452.0,64323.0,0.877619,1.0765790000000002,HKG,TUR,6417
1199542,100,224,1029,2016.0,0.0,30186.0,0.850619,1.39544,HRV,TUR,6417
1199543,101,224,1029,2016.0,0.0,67064.0,-1.046859,-1.016459,HTI,TUR,6417
1199544,102,224,1029,2016.0,0.0,224210.0,1.7056069999999999,0.788768,HUN,TUR,6417
1199545,103,224,1029,2016.0,126750.0,4247.0,-0.013630000000000001,1.744404,IDN,TUR,6417
1199546,104,224,1029,2016.0,10796.0,7181.0,0.223813,2.787547,IND,TUR,6417
1199547,106,224,1029,2016.0,0.0,417454.0,1.320777,0.057924,IRL,TUR,6417
1199548,107,224,1029,2016.0,0.0,520509.0,-0.408637,-0.340544,IRN,TUR,6417
1199549,108,224,1029,2016.0,20663.0,13607463.0,-1.7382849999999999,-1.037508,IRQ,TUR,6417
1199550,109,224,1029,2016.0,0.0,152882.0,0.099623,-0.404352,ISL,TUR,6417
1199551,110,224,1029,2016.0,52045.0,38017336.0,0.9932219999999999,0.7518819999999999,ISR,TUR,6417
1199552,111,224,1029,2016.0,2202446.0,1785913.0,1.461526,0.316891,ITA,TUR,6417
1199553,112,224,1029,2016.0,0.0,31060.0,-0.25619400000000003,-0.62326,JAM,TUR,6417
1199554,113,224,1029,2016.0,0.0,1266671.0,0.100333,0.020786000000000002,JOR,TUR,6417
1199555,114,224,1029,2016.0,1064.0,0.0,2.550074,-0.479725,JPN,TUR,6417
1199556,115,224,1029,2016.0,0.0,1296565.0,-0.467305,-0.475451,KAZ,TUR,6417
1199557,118,224,1029,2016.0,0.0,3583.0,-0.70365,-0.843824,KHM,TUR,6417
1199558,122,224,1029,2016.0,0.0,80095.0,-0.401,-1.102991,KWT,TUR,6417
1199559,124,224,1029,2016.0,0.0,5010388.0,0.385417,1.139648,LBN,TUR,6417
1199560,125,224,1029,2016.0,0.0,251398.0,-1.157741,-1.159047,LBR,TUR,6417
1199561,126,224,1029,2016.0,0.0,1837168.0,-1.120678,-1.222803,LBY,TUR,6417
1199562,128,224,1029,2016.0,0.0,14515.0,-0.540154,0.22580100000000003,LKA,TUR,6417
1199563,130,224,1029,2016.0,0.0,10540.0,0.6319130000000001,1.538765,LTU,TUR,6417
1199564,132,224,1029,2016.0,0.0,66287.0,0.46748199999999995,1.228024,LVA,TUR,6417
1199565,134,224,1029,2016.0,0.0,1227459.0,-0.648329,-0.14071,MAR,TUR,6417
1199566,135,224,1029,2016.0,0.0,34887.0,-0.24173200000000003,0.010985,MDA,TUR,6417
1199567,137,224,1029,2016.0,0.0,3447.0,-0.975518,-1.00076,MDV,TUR,6417
1199568,138,224,1029,2016.0,0.0,14292.0,1.393506,0.64152,MEX,TUR,6417
1199569,140,224,1029,2016.0,0.0,202168.0,-0.249664,-0.338412,MKD,TUR,6417
1199570,141,224,1029,2016.0,0.0,2024.0,-0.405979,-0.6190869999999999,MLI,TUR,6417
1199571,142,224,1029,2016.0,0.0,29349.0,0.981182,-0.029401999999999998,MLT,TUR,6417
1199572,145,224,1029,2016.0,0.0,3398.0,-0.9833780000000001,-1.062642,MNG,TUR,6417
1199573,147,224,1029,2016.0,0.0,458917.0,-1.207606,-1.0223879999999999,MOZ,TUR,6417
1199574,153,224,1029,2016.0,0.0,30769.0,1.091156,0.8383370000000001,MYS,TUR,6417
1199575,155,224,1029,2016.0,0.0,9306.0,-0.506252,-0.8029350000000001,NAM,TUR,6417
1199576,159,224,1029,2016.0,0.0,252240.0,-1.7380830000000003,-1.306938,NGA,TUR,6417
1199577,162,224,1029,2016.0,119119.0,869205.0,1.132192,1.412512,NLD,TUR,6417
1199578,163,224,1029,2016.0,0.0,1511.0,0.664183,0.206877,NOR,TUR,6417
1199579,166,224,1029,2016.0,0.0,1481.0,0.093306,0.194895,NZL,TUR,6417
1199580,167,224,1029,2016.0,0.0,272147.0,-0.594724,-1.019133,OMN,TUR,6417
1199581,168,224,1029,2016.0,2547.0,33768.0,-0.7806810000000001,0.420241,PAK,TUR,6417
1199582,169,224,1029,2016.0,0.0,24467.0,0.731258,0.649917,PAN,TUR,6417
1199583,173,224,1029,2016.0,0.0,202420.0,-0.818178,-0.0791,PER,TUR,6417
1199584,174,224,1029,2016.0,0.0,2260.0,0.958651,0.324888,PHL,TUR,6417
1199585,177,224,1029,2016.0,370254.0,226602.0,1.1068959999999999,1.226985,POL,TUR,6417
1199586,179,224,1029,2016.0,0.0,75640.0,0.661961,2.108517,PRT,TUR,6417
1199587,181,224,1029,2016.0,0.0,14794.0,0.09150900000000001,0.693397,PSE,TUR,6417
1199588,183,224,1029,2016.0,0.0,965261.0,-0.52984,-1.106589,QAT,TUR,6417
1199589,185,224,1029,2016.0,143775.0,1998018.0,1.176177,1.093489,ROU,TUR,6417
1199590,186,224,1029,2016.0,16899.0,31479.0,0.086009,0.300039,RUS,TUR,6417
1199591,187,224,1029,2016.0,0.0,2466.0,-0.57693,-0.476909,RWA,TUR,6417
1199592,188,224,1029,2016.0,0.0,10822997.0,0.00286,-0.764602,SAU,TUR,6417
1199593,191,224,1029,2016.0,0.0,41302.0,-0.648644,-0.39857800000000004,SEN,TUR,6417
1199594,192,224,1029,2016.0,0.0,18767.0,2.0149340000000002,0.613009,SGP,TUR,6417
1199595,196,224,1029,2016.0,0.0,2588.0,-0.25550500000000004,-0.44618800000000003,SLE,TUR,6417
1199596,201,224,1029,2016.0,25707.0,1200813.0,0.608136,1.38132,SRB,TUR,6417
1199597,205,224,1029,2016.0,0.0,8242.0,-0.41257200000000005,-1.0434780000000001,SUR,TUR,6417
1199598,206,224,1029,2016.0,86106.0,3483.0,1.446588,0.811076,SVK,TUR,6417
1199599,207,224,1029,2016.0,0.0,4264.0,1.7056200000000001,0.630058,SVN,TUR,6417
1199600,208,224,1029,2016.0,1790638.0,32463.0,1.731295,0.679562,SWE,TUR,6417
1199601,212,224,1029,2016.0,0.0,4283342.0,-0.78566,-0.006305,SYR,TUR,6417
1199602,216,224,1029,2016.0,0.0,28240.0,1.3075860000000001,1.151426,THA,TUR,6417
1199603,217,224,1029,2016.0,0.0,3032.0,-0.998353,-1.129616,TJK,TUR,6417
1199604,219,224,1029,2016.0,0.0,558712.0,-1.017361,-1.22005,TKM,TUR,6417
1199605,222,224,1029,2016.0,0.0,283463.0,-0.184575,-0.9999889999999999,TTO,TUR,6417
1199606,223,224,1029,2016.0,0.0,446573.0,0.27537399999999995,0.9474239999999999,TUN,TUR,6417
1199607,226,224,1029,2016.0,0.0,1300352.0,-1.01426,0.304263,TZA,TUR,6417
1199608,227,224,1029,2016.0,0.0,7726.0,-0.476836,0.641138,UGA,TUR,6417
1199609,228,224,1029,2016.0,17228.0,1296926.0,0.240605,0.827153,UKR,TUR,6417
1199610,230,224,1029,2016.0,0.0,4445.0,0.040088,-0.27858499999999997,URY,TUR,6417
1199611,231,224,1029,2016.0,598982.0,5631395.0,1.6991900000000002,-0.146044,USA,TUR,6417
1199612,232,224,1029,2016.0,0.0,118710.0,-0.672362,-0.574391,UZB,TUR,6417
1199613,236,224,1029,2016.0,0.0,151968.0,-1.2837120000000002,-1.2503879999999998,VEN,TUR,6417
1199614,239,224,1029,2016.0,0.0,2031.0,0.048214,0.6998810000000001,VNM,TUR,6417
1199615,246,224,1029,2016.0,390844.0,146902.0,-0.029618000000000002,1.426834,ZAF,TUR,6417
1199616,247,224,1029,2016.0,0.0,9250.0,-0.9308350000000001,-1.029968,ZMB,TUR,6417
1199617,249,224,1029,2016.0,0.0,7491.0,2.028455,1.271167,TWN,TUR,6417
1199618,1,228,1029,2016.0,0.0,5979.0,-1.44133,-0.9938950000000001,AFG,UKR,6417
1199619,15,228,1029,2016.0,7899.0,2907.0,1.743944,-0.051155,AUT,UKR,6417
1199620,16,228,1029,2016.0,0.0,20479.0,-1.111874,-1.2526059999999999,AZE,UKR,6417
1199621,18,228,1029,2016.0,2452.0,0.0,1.2947110000000002,1.113058,BEL,UKR,6417
1199622,23,228,1029,2016.0,30508.0,0.0,0.509062,1.804648,BGR,UKR,6417
1199623,26,228,1029,2016.0,0.0,120430.0,0.693416,0.8723540000000001,BIH,UKR,6417
1199624,28,228,1029,2016.0,431842.0,322212.0,0.879499,0.897567,BLR,UKR,6417
1199625,39,228,1029,2016.0,1024.0,0.0,0.541041,1.328065,CAN,UKR,6417
1199626,41,228,1029,2016.0,97431.0,522620.0,2.328616,0.832224,CHE,UKR,6417
1199627,43,228,1029,2016.0,225059.0,269021.0,1.249079,1.151045,CHN,UKR,6417
1199628,49,228,1029,2016.0,1137.0,5147.0,-0.040341,-0.20957699999999999,COL,UKR,6417
1199629,59,228,1029,2016.0,30659.0,387350.0,1.818585,0.341356,CZE,UKR,6417
1199630,61,228,1029,2016.0,236898.0,440283.0,2.307429,-2.341644,DEU,UKR,6417
1199631,64,228,1029,2016.0,1329.0,0.0,1.0572629999999998,1.4157540000000002,DNK,UKR,6417
1199632,71,228,1029,2016.0,26389.0,50214.0,0.795006,2.203292,ESP,UKR,6417
1199633,72,228,1029,2016.0,2122.0,61434.0,0.958292,1.190173,EST,UKR,6417
1199634,74,228,1029,2016.0,287821.0,0.0,1.621764,1.026393,FIN,UKR,6417
1199635,77,228,1029,2016.0,0.0,17064.0,1.490723,0.8471559999999999,FRA,UKR,6417
1199636,81,228,1029,2016.0,18558.0,31354.0,1.569616,1.048129,GBR,UKR,6417
1199637,82,228,1029,2016.0,0.0,10493.0,-0.269579,-0.317608,GEO,UKR,6417
1199638,90,228,1029,2016.0,0.0,126481.0,0.053899,1.1259709999999998,GRC,UKR,6417
1199639,100,228,1029,2016.0,0.0,81370.0,0.850619,1.39544,HRV,UKR,6417
1199640,102,228,1029,2016.0,342433.0,89913.0,1.7056069999999999,0.788768,HUN,UKR,6417
1199641,103,228,1029,2016.0,1436867.0,0.0,-0.013630000000000001,1.744404,IDN,UKR,6417
1199642,104,228,1029,2016.0,0.0,70243.0,0.223813,2.787547,IND,UKR,6417
1199643,110,228,1029,2016.0,6798.0,51733.0,0.9932219999999999,0.7518819999999999,ISR,UKR,6417
1199644,111,228,1029,2016.0,556101.0,31593.0,1.461526,0.316891,ITA,UKR,6417
1199645,115,228,1029,2016.0,0.0,4298.0,-0.467305,-0.475451,KAZ,UKR,6417
1199646,130,228,1029,2016.0,759242.0,23833.0,0.6319130000000001,1.538765,LTU,UKR,6417
1199647,135,228,1029,2016.0,0.0,1921966.0,-0.24173200000000003,0.010985,MDA,UKR,6417
1199648,138,228,1029,2016.0,0.0,43119.0,1.393506,0.64152,MEX,UKR,6417
1199649,144,228,1029,2016.0,0.0,19198.0,0.002245,-0.10263599999999999,MNE,UKR,6417
1199650,162,228,1029,2016.0,35474.0,5987.0,1.132192,1.412512,NLD,UKR,6417
1199651,177,228,1029,2016.0,817030.0,1346193.0,1.1068959999999999,1.226985,POL,UKR,6417
1199652,179,228,1029,2016.0,51006.0,0.0,0.661961,2.108517,PRT,UKR,6417
1199653,181,228,1029,2016.0,0.0,23022.0,0.09150900000000001,0.693397,PSE,UKR,6417
1199654,185,228,1029,2016.0,196160.0,2671663.0,1.176177,1.093489,ROU,UKR,6417
1199655,186,228,1029,2016.0,4972882.0,345724.0,0.086009,0.300039,RUS,UKR,6417
1199656,188,228,1029,2016.0,62880.0,0.0,0.00286,-0.764602,SAU,UKR,6417
1199657,196,228,1029,2016.0,8347.0,0.0,-0.25550500000000004,-0.44618800000000003,SLE,UKR,6417
1199658,201,228,1029,2016.0,0.0,1594291.0,0.608136,1.38132,SRB,UKR,6417
1199659,206,228,1029,2016.0,162631.0,59433.0,1.446588,0.811076,SVK,UKR,6417
1199660,207,228,1029,2016.0,140568.0,0.0,1.7056200000000001,0.630058,SVN,UKR,6417
1199661,208,228,1029,2016.0,254941.0,0.0,1.731295,0.679562,SWE,UKR,6417
1199662,217,228,1029,2016.0,0.0,4037.0,-0.998353,-1.129616,TJK,UKR,6417
1199663,224,228,1029,2016.0,1296926.0,17228.0,0.460247,2.3790400000000003,TUR,UKR,6417
1199664,231,228,1029,2016.0,16741.0,0.0,1.6991900000000002,-0.146044,USA,UKR,6417
1199665,246,228,1029,2016.0,0.0,49682.0,-0.029618000000000002,1.426834,ZAF,UKR,6417
1199666,8,230,1029,2016.0,195620.0,891361.0,-0.334847,0.24145100000000003,ARG,URY,6417
1199667,32,230,1029,2016.0,1186005.0,612405.0,0.284988,1.031028,BRA,URY,6417
1199668,43,230,1029,2016.0,187811.0,0.0,1.249079,1.151045,CHN,URY,6417
1199669,49,230,1029,2016.0,0.0,3168.0,-0.040341,-0.20957699999999999,COL,URY,6417
1199670,61,230,1029,2016.0,10876.0,0.0,2.307429,-2.341644,DEU,URY,6417
1199671,65,230,1029,2016.0,0.0,2116.0,-0.26926500000000003,0.046345,DOM,URY,6417
1199672,71,230,1029,2016.0,258830.0,0.0,0.795006,2.203292,ESP,URY,6417
1199673,104,230,1029,2016.0,2710.0,0.0,0.223813,2.787547,IND,URY,6417
1199674,138,230,1029,2016.0,1664.0,0.0,1.393506,0.64152,MEX,URY,6417
1199675,168,230,1029,2016.0,3056.0,0.0,-0.7806810000000001,0.420241,PAK,URY,6417
1199676,180,230,1029,2016.0,0.0,2407.0,-0.665963,-0.967879,PRY,URY,6417
1199677,224,230,1029,2016.0,4445.0,0.0,0.460247,2.3790400000000003,TUR,URY,6417
1199678,231,230,1029,2016.0,311665.0,0.0,1.6991900000000002,-0.146044,USA,URY,6417
1199679,249,230,1029,2016.0,1479.0,0.0,2.028455,1.271167,TWN,URY,6417
1199680,250,230,1029,2016.0,0.0,30344.0,0.608271,-0.007568000000000001,ANS,URY,6417
1199681,0,231,1029,2016.0,0.0,170906.0,0.7897,0.359562,ABW,USA,6417
1199682,1,231,1029,2016.0,0.0,4858.0,-1.44133,-0.9938950000000001,AFG,USA,6417
1199683,3,231,1029,2016.0,0.0,61462.0,0.974505,0.105149,AIA,USA,6417
1199684,5,231,1029,2016.0,38470.0,0.0,1.0634370000000002,0.7151069999999999,AND,USA,6417
1199685,7,231,1029,2016.0,418299.0,879783.0,-0.019275,-0.18309,ARE,USA,6417
1199686,8,231,1029,2016.0,3395.0,1076727.0,-0.334847,0.24145100000000003,ARG,USA,6417
1199687,13,231,1029,2016.0,0.0,138381.0,0.141771,-0.503847,ATG,USA,6417
1199688,14,231,1029,2016.0,3302.0,730087.0,-0.585613,-0.245365,AUS,USA,6417
1199689,15,231,1029,2016.0,106259.0,1180621.0,1.743944,-0.051155,AUT,USA,6417
1199690,16,231,1029,2016.0,0.0,1357.0,-1.111874,-1.2526059999999999,AZE,USA,6417
1199691,18,231,1029,2016.0,204354.0,529396.0,1.2947110000000002,1.113058,BEL,USA,6417
1199692,23,231,1029,2016.0,0.0,1009.0,0.509062,1.804648,BGR,USA,6417
1199693,24,231,1029,2016.0,11404.0,33640.0,0.23993299999999998,-0.5320199999999999,BHR,USA,6417
1199694,25,231,1029,2016.0,18534.0,3629508.0,0.453269,-0.48267899999999997,BHS,USA,6417
1199695,26,231,1029,2016.0,0.0,20463.0,0.693416,0.8723540000000001,BIH,USA,6417
1199696,29,231,1029,2016.0,0.0,210550.0,-0.460532,-0.6068899999999999,BLZ,USA,6417
1199697,30,231,1029,2016.0,0.0,273924.0,1.132838,-0.512521,BMU,USA,6417
1199698,31,231,1029,2016.0,0.0,8947.0,-1.009709,-0.986669,BOL,USA,6417
1199699,32,231,1029,2016.0,3916697.0,444326.0,0.284988,1.031028,BRA,USA,6417
1199700,33,231,1029,2016.0,0.0,612363.0,0.598214,0.054758,BRB,USA,6417
1199701,37,231,1029,2016.0,0.0,1767.0,-0.9498989999999999,-1.2495319999999999,BWA,USA,6417
1199702,39,231,1029,2016.0,199254336.0,253428048.0,0.541041,1.328065,CAN,USA,6417
1199703,41,231,1029,2016.0,78966.0,502340.0,2.328616,0.832224,CHE,USA,6417
1199704,42,231,1029,2016.0,2031511.0,834718.0,-0.162923,-0.20607199999999998,CHL,USA,6417
1199705,43,231,1029,2016.0,28212546.0,8541407.0,1.249079,1.151045,CHN,USA,6417
1199706,45,231,1029,2016.0,0.0,2891.0,-1.1342969999999999,-1.101724,CMR,USA,6417
1199707,49,231,1029,2016.0,169234.0,336302.0,-0.040341,-0.20957699999999999,COL,USA,6417
1199708,52,231,1029,2016.0,53393.0,2112976.0,0.28594400000000003,0.131024,CRI,USA,6417
1199709,55,231,1029,2016.0,26542.0,326408.0,0.078189,-0.80455,CUW,USA,6417
1199710,57,231,1029,2016.0,0.0,286615.0,1.0380559999999999,-0.69484,CYM,USA,6417
1199711,59,231,1029,2016.0,71416.0,222099.0,1.818585,0.341356,CZE,USA,6417
1199712,61,231,1029,2016.0,10548379.0,2793844.0,2.307429,-2.341644,DEU,USA,6417
1199713,63,231,1029,2016.0,0.0,19303.0,0.185043,-0.14673599999999998,DMA,USA,6417
1199714,64,231,1029,2016.0,1183673.0,32728.0,1.0572629999999998,1.4157540000000002,DNK,USA,6417
1199715,65,231,1029,2016.0,76240.0,4426217.0,-0.26926500000000003,0.046345,DOM,USA,6417
1199716,67,231,1029,2016.0,0.0,511520.0,-1.032726,-1.034297,ECU,USA,6417
1199717,68,231,1029,2016.0,1185928.0,138322.0,-0.202127,1.9342419999999998,EGY,USA,6417
1199718,71,231,1029,2016.0,306851.0,816715.0,0.795006,2.203292,ESP,USA,6417
1199719,72,231,1029,2016.0,0.0,5858.0,0.958292,1.190173,EST,USA,6417
1199720,73,231,1029,2016.0,9651.0,7180.0,-1.163689,-0.885724,ETH,USA,6417
1199721,74,231,1029,2016.0,23009.0,27076.0,1.621764,1.026393,FIN,USA,6417
1199722,75,231,1029,2016.0,0.0,20096.0,-0.370598,0.049875,FJI,USA,6417
1199723,77,231,1029,2016.0,11135538.0,1470708.0,1.490723,0.8471559999999999,FRA,USA,6417
1199724,80,231,1029,2016.0,0.0,4500.0,-1.257455,-1.226416,GAB,USA,6417
1199725,81,231,1029,2016.0,4462186.0,8328277.0,1.569616,1.048129,GBR,USA,6417
1199726,83,231,1029,2016.0,0.0,149792.0,-0.9026200000000001,-0.877508,GHA,USA,6417
1199727,85,231,1029,2016.0,0.0,86774.0,-1.461226,-1.196035,GIN,USA,6417
1199728,87,231,1029,2016.0,0.0,6943.0,-0.710399,-0.8278629999999999,GMB,USA,6417
1199729,89,231,1029,2016.0,0.0,3012.0,-2.0350479999999997,-0.983092,GNQ,USA,6417
1199730,90,231,1029,2016.0,13558.0,983795.0,0.053899,1.1259709999999998,GRC,USA,6417
1199731,91,231,1029,2016.0,0.0,65495.0,1.002307,-0.011001,GRD,USA,6417
1199732,93,231,1029,2016.0,66810.0,4233076.0,-0.397073,0.5736680000000001,GTM,USA,6417
1199733,96,231,1029,2016.0,0.0,277166.0,-0.496113,-0.817237,GUY,USA,6417
1199734,97,231,1029,2016.0,5423785.0,2292210.0,0.877619,1.0765790000000002,HKG,USA,6417
1199735,99,231,1029,2016.0,0.0,943316.0,-0.506029,-0.30843899999999996,HND,USA,6417
1199736,100,231,1029,2016.0,0.0,24546.0,0.850619,1.39544,HRV,USA,6417
1199737,101,231,1029,2016.0,0.0,581683.0,-1.046859,-1.016459,HTI,USA,6417
1199738,102,231,1029,2016.0,82412.0,46671.0,1.7056069999999999,0.788768,HUN,USA,6417
1199739,103,231,1029,2016.0,110972144.0,205616.0,-0.013630000000000001,1.744404,IDN,USA,6417
1199740,104,231,1029,2016.0,2310020.0,1809392.0,0.223813,2.787547,IND,USA,6417
1199741,106,231,1029,2016.0,2360.0,123591.0,1.320777,0.057924,IRL,USA,6417
1199742,108,231,1029,2016.0,0.0,153425.0,-1.7382849999999999,-1.037508,IRQ,USA,6417
1199743,109,231,1029,2016.0,56183.0,34207.0,0.099623,-0.404352,ISL,USA,6417
1199744,110,231,1029,2016.0,47495.0,1419505.0,0.9932219999999999,0.7518819999999999,ISR,USA,6417
1199745,111,231,1029,2016.0,27942510.0,2458443.0,1.461526,0.316891,ITA,USA,6417
1199746,112,231,1029,2016.0,0.0,726832.0,-0.25619400000000003,-0.62326,JAM,USA,6417
1199747,113,231,1029,2016.0,0.0,138334.0,0.100333,0.020786000000000002,JOR,USA,6417
1199748,114,231,1029,2016.0,1878679.0,2387827.0,2.550074,-0.479725,JPN,USA,6417
1199749,115,231,1029,2016.0,0.0,29835.0,-0.467305,-0.475451,KAZ,USA,6417
1199750,116,231,1029,2016.0,0.0,17282.0,-0.483554,0.25645,KEN,USA,6417
1199751,118,231,1029,2016.0,0.0,23703.0,-0.70365,-0.843824,KHM,USA,6417
1199752,120,231,1029,2016.0,0.0,150280.0,0.8190890000000001,-0.24463400000000002,KNA,USA,6417
1199753,121,231,1029,2016.0,14754462.0,7526488.0,2.1686389999999998,0.798808,KOR,USA,6417
1199754,122,231,1029,2016.0,0.0,83897.0,-0.401,-1.102991,KWT,USA,6417
1199755,124,231,1029,2016.0,0.0,36182.0,0.385417,1.139648,LBN,USA,6417
1199756,126,231,1029,2016.0,0.0,27453.0,-1.120678,-1.222803,LBY,USA,6417
1199757,127,231,1029,2016.0,0.0,107252.0,0.585987,-0.298057,LCA,USA,6417
1199758,130,231,1029,2016.0,6874.0,0.0,0.6319130000000001,1.538765,LTU,USA,6417
1199759,132,231,1029,2016.0,0.0,7940.0,0.46748199999999995,1.228024,LVA,USA,6417
1199760,136,231,1029,2016.0,4563.0,0.0,-0.979632,-0.63626,MDG,USA,6417
1199761,138,231,1029,2016.0,77168448.0,330210016.0,1.393506,0.64152,MEX,USA,6417
1199762,139,231,1029,2016.0,0.0,5950.0,0.083737,-0.705874,MHL,USA,6417
1199763,141,231,1029,2016.0,0.0,8767.0,-0.405979,-0.6190869999999999,MLI,USA,6417
1199764,153,231,1029,2016.0,423538.0,582040.0,1.091156,0.8383370000000001,MYS,USA,6417
1199765,155,231,1029,2016.0,0.0,11028.0,-0.506252,-0.8029350000000001,NAM,USA,6417
1199766,159,231,1029,2016.0,0.0,295191.0,-1.7380830000000003,-1.306938,NGA,USA,6417
1199767,160,231,1029,2016.0,0.0,149572.0,-0.954131,-0.9000389999999999,NIC,USA,6417
1199768,162,231,1029,2016.0,173160.0,1536755.0,1.132192,1.412512,NLD,USA,6417
1199769,163,231,1029,2016.0,0.0,22153.0,0.664183,0.206877,NOR,USA,6417
1199770,166,231,1029,2016.0,1100243.0,112954.0,0.093306,0.194895,NZL,USA,6417
1199771,167,231,1029,2016.0,0.0,72392.0,-0.594724,-1.019133,OMN,USA,6417
1199772,168,231,1029,2016.0,0.0,14307.0,-0.7806810000000001,0.420241,PAK,USA,6417
1199773,169,231,1029,2016.0,7388.0,301760.0,0.731258,0.649917,PAN,USA,6417
1199774,173,231,1029,2016.0,0.0,1045586.0,-0.818178,-0.0791,PER,USA,6417
1199775,174,231,1029,2016.0,11334.0,1732879.0,0.958651,0.324888,PHL,USA,6417
1199776,175,231,1029,2016.0,0.0,48189.0,0.6086729999999999,-0.39121300000000003,PLW,USA,6417
1199777,176,231,1029,2016.0,0.0,11563.0,-1.7560209999999998,-1.288643,PNG,USA,6417
1199778,177,231,1029,2016.0,159562.0,202364.0,1.1068959999999999,1.226985,POL,USA,6417
1199779,179,231,1029,2016.0,15439.0,330275.0,0.661961,2.108517,PRT,USA,6417
1199780,180,231,1029,2016.0,0.0,2482.0,-0.665963,-0.967879,PRY,USA,6417
1199781,181,231,1029,2016.0,0.0,3133.0,0.09150900000000001,0.693397,PSE,USA,6417
1199782,182,231,1029,2016.0,0.0,43227.0,0.022294,-0.676078,PYF,USA,6417
1199783,183,231,1029,2016.0,0.0,45685.0,-0.52984,-1.106589,QAT,USA,6417
1199784,185,231,1029,2016.0,0.0,20624.0,1.176177,1.093489,ROU,USA,6417
1199785,186,231,1029,2016.0,8896.0,399309.0,0.086009,0.300039,RUS,USA,6417
1199786,188,231,1029,2016.0,0.0,480040.0,0.00286,-0.764602,SAU,USA,6417
1199787,190,231,1029,2016.0,0.0,22582.0,-1.276278,-1.183311,SDN,USA,6417
1199788,191,231,1029,2016.0,0.0,3997.0,-0.648644,-0.39857800000000004,SEN,USA,6417
1199789,192,231,1029,2016.0,40993.0,630148.0,2.0149340000000002,0.613009,SGP,USA,6417
1199790,195,231,1029,2016.0,0.0,1457.0,-1.458209,-0.9888530000000001,SLB,USA,6417
1199791,196,231,1029,2016.0,0.0,7442.0,-0.25550500000000004,-0.44618800000000003,SLE,USA,6417
1199792,197,231,1029,2016.0,48168.0,965043.0,0.075546,0.317046,SLV,USA,6417
1199793,201,231,1029,2016.0,0.0,2723.0,0.608136,1.38132,SRB,USA,6417
1199794,205,231,1029,2016.0,0.0,5397.0,-0.41257200000000005,-1.0434780000000001,SUR,USA,6417
1199795,206,231,1029,2016.0,0.0,37689.0,1.446588,0.811076,SVK,USA,6417
1199796,207,231,1029,2016.0,8123.0,5014.0,1.7056200000000001,0.630058,SVN,USA,6417
1199797,208,231,1029,2016.0,1196949.0,149655.0,1.731295,0.679562,SWE,USA,6417
1199798,210,231,1029,2016.0,0.0,408659.0,1.155067,-0.9405870000000001,SXM,USA,6417
1199799,211,231,1029,2016.0,0.0,2440.0,0.321549,-0.610316,SYC,USA,6417
1199800,213,231,1029,2016.0,0.0,529250.0,0.396473,-0.36941199999999996,TCA,USA,6417
1199801,216,231,1029,2016.0,36060.0,938902.0,1.3075860000000001,1.151426,THA,USA,6417
1199802,218,231,1029,2016.0,56667.0,0.0,0.461143,0.451151,TKL,USA,6417
1199803,221,231,1029,2016.0,0.0,13347.0,0.155639,-0.624163,TON,USA,6417
1199804,222,231,1029,2016.0,0.0,480194.0,-0.184575,-0.9999889999999999,TTO,USA,6417
1199805,223,231,1029,2016.0,0.0,1515.0,0.27537399999999995,0.9474239999999999,TUN,USA,6417
1199806,224,231,1029,2016.0,5631395.0,598982.0,0.460247,2.3790400000000003,TUR,USA,6417
1199807,226,231,1029,2016.0,0.0,2486.0,-1.01426,0.304263,TZA,USA,6417
1199808,228,231,1029,2016.0,0.0,16741.0,0.240605,0.827153,UKR,USA,6417
1199809,230,231,1029,2016.0,0.0,311665.0,0.040088,-0.27858499999999997,URY,USA,6417
1199810,232,231,1029,2016.0,0.0,9797.0,-0.672362,-0.574391,UZB,USA,6417
1199811,234,231,1029,2016.0,0.0,27193.0,-0.15301099999999998,-0.789267,VCT,USA,6417
1199812,236,231,1029,2016.0,0.0,266946.0,-1.2837120000000002,-1.2503879999999998,VEN,USA,6417
1199813,237,231,1029,2016.0,0.0,186195.0,0.755814,-0.385307,VGB,USA,6417
1199814,239,231,1029,2016.0,5374030.0,52681.0,0.048214,0.6998810000000001,VNM,USA,6417
1199815,242,231,1029,2016.0,0.0,4471.0,0.636342,-0.152082,WSM,USA,6417
1199816,246,231,1029,2016.0,0.0,164773.0,-0.029618000000000002,1.426834,ZAF,USA,6417
1199817,249,231,1029,2016.0,160696.0,614650.0,2.028455,1.271167,TWN,USA,6417
1199818,32,236,1029,2016.0,436208.0,0.0,0.284988,1.031028,BRA,VEN,6417
1199819,43,236,1029,2016.0,241151.0,0.0,1.249079,1.151045,CHN,VEN,6417
1199820,49,236,1029,2016.0,557786.0,0.0,-0.040341,-0.20957699999999999,COL,VEN,6417
1199821,71,236,1029,2016.0,337877.0,0.0,0.795006,2.203292,ESP,VEN,6417
1199822,81,236,1029,2016.0,32486.0,0.0,1.569616,1.048129,GBR,VEN,6417
1199823,104,236,1029,2016.0,0.0,8322.0,0.223813,2.787547,IND,VEN,6417
1199824,111,236,1029,2016.0,9626.0,0.0,1.461526,0.316891,ITA,VEN,6417
1199825,153,236,1029,2016.0,0.0,2314.0,1.091156,0.8383370000000001,MYS,VEN,6417
1199826,169,236,1029,2016.0,285538.0,0.0,0.731258,0.649917,PAN,VEN,6417
1199827,173,236,1029,2016.0,1302784.0,0.0,-0.818178,-0.0791,PER,VEN,6417
1199828,224,236,1029,2016.0,151968.0,0.0,0.460247,2.3790400000000003,TUR,VEN,6417
1199829,231,236,1029,2016.0,266946.0,0.0,1.6991900000000002,-0.146044,USA,VEN,6417
1199830,2,246,1029,2016.0,0.0,148602.0,-0.986722,-1.1941979999999999,AGO,ZAF,6417
1199831,7,246,1029,2016.0,1579352.0,5280.0,-0.019275,-0.18309,ARE,ZAF,6417
1199832,14,246,1029,2016.0,1785.0,84186.0,-0.585613,-0.245365,AUS,ZAF,6417
1199833,15,246,1029,2016.0,52245.0,0.0,1.743944,-0.051155,AUT,ZAF,6417
1199834,18,246,1029,2016.0,2618.0,0.0,1.2947110000000002,1.113058,BEL,ZAF,6417
1199835,19,246,1029,2016.0,0.0,44934.0,-0.863777,-0.913193,BEN,ZAF,6417
1199836,32,246,1029,2016.0,306404.0,0.0,0.284988,1.031028,BRA,ZAF,6417
1199837,37,246,1029,2016.0,395467.0,3448628.0,-0.9498989999999999,-1.2495319999999999,BWA,ZAF,6417
1199838,39,246,1029,2016.0,36513.0,0.0,0.541041,1.328065,CAN,ZAF,6417
1199839,41,246,1029,2016.0,15071.0,0.0,2.328616,0.832224,CHE,ZAF,6417
1199840,43,246,1029,2016.0,11231340.0,3463.0,1.249079,1.151045,CHN,ZAF,6417
1199841,46,246,1029,2016.0,0.0,104188.0,-1.093544,-1.126599,COD,ZAF,6417
1199842,47,246,1029,2016.0,0.0,3554.0,-0.562294,-0.9770030000000001,COG,ZAF,6417
1199843,49,246,1029,2016.0,6684.0,0.0,-0.040341,-0.20957699999999999,COL,ZAF,6417
1199844,50,246,1029,2016.0,0.0,2766.0,-0.895766,-0.9886799999999999,COM,ZAF,6417
1199845,59,246,1029,2016.0,376018.0,0.0,1.818585,0.341356,CZE,ZAF,6417
1199846,61,246,1029,2016.0,621048.0,0.0,2.307429,-2.341644,DEU,ZAF,6417
1199847,64,246,1029,2016.0,7191.0,0.0,1.0572629999999998,1.4157540000000002,DNK,ZAF,6417
1199848,71,246,1029,2016.0,438365.0,0.0,0.795006,2.203292,ESP,ZAF,6417
1199849,73,246,1029,2016.0,0.0,96296.0,-1.163689,-0.885724,ETH,ZAF,6417
1199850,75,246,1029,2016.0,0.0,16579.0,-0.370598,0.049875,FJI,ZAF,6417
1199851,77,246,1029,2016.0,2884185.0,0.0,1.490723,0.8471559999999999,FRA,ZAF,6417
1199852,80,246,1029,2016.0,0.0,3363.0,-1.257455,-1.226416,GAB,ZAF,6417
1199853,81,246,1029,2016.0,620545.0,0.0,1.569616,1.048129,GBR,ZAF,6417
1199854,83,246,1029,2016.0,0.0,4140.0,-0.9026200000000001,-0.877508,GHA,ZAF,6417
1199855,85,246,1029,2016.0,0.0,3949.0,-1.461226,-1.196035,GIN,ZAF,6417
1199856,87,246,1029,2016.0,0.0,12109.0,-0.710399,-0.8278629999999999,GMB,ZAF,6417
1199857,88,246,1029,2016.0,0.0,57928.0,-1.526098,-1.087159,GNB,ZAF,6417
1199858,97,246,1029,2016.0,1476.0,0.0,0.877619,1.0765790000000002,HKG,ZAF,6417
1199859,103,246,1029,2016.0,2755472.0,0.0,-0.013630000000000001,1.744404,IDN,ZAF,6417
1199860,104,246,1029,2016.0,603330.0,0.0,0.223813,2.787547,IND,ZAF,6417
1199861,106,246,1029,2016.0,4346.0,0.0,1.320777,0.057924,IRL,ZAF,6417
1199862,111,246,1029,2016.0,266527.0,77430.0,1.461526,0.316891,ITA,ZAF,6417
1199863,114,246,1029,2016.0,117264.0,0.0,2.550074,-0.479725,JPN,ZAF,6417
1199864,116,246,1029,2016.0,0.0,3521.0,-0.483554,0.25645,KEN,ZAF,6417
1199865,122,246,1029,2016.0,12663.0,0.0,-0.401,-1.102991,KWT,ZAF,6417
1199866,129,246,1029,2016.0,0.0,88116.0,-0.724865,-0.706887,LSO,ZAF,6417
1199867,136,246,1029,2016.0,0.0,208663.0,-0.979632,-0.63626,MDG,ZAF,6417
1199868,138,246,1029,2016.0,0.0,2360.0,1.393506,0.64152,MEX,ZAF,6417
1199869,147,246,1029,2016.0,127846.0,592441.0,-1.207606,-1.0223879999999999,MOZ,ZAF,6417
1199870,151,246,1029,2016.0,0.0,300285.0,-0.334969,0.005404,MUS,ZAF,6417
1199871,152,246,1029,2016.0,0.0,870560.0,-0.969781,-1.042325,MWI,ZAF,6417
1199872,153,246,1029,2016.0,152087.0,0.0,1.091156,0.8383370000000001,MYS,ZAF,6417
1199873,155,246,1029,2016.0,3227.0,1019815.0,-0.506252,-0.8029350000000001,NAM,ZAF,6417
1199874,159,246,1029,2016.0,0.0,131302.0,-1.7380830000000003,-1.306938,NGA,ZAF,6417
1199875,162,246,1029,2016.0,40917.0,0.0,1.132192,1.412512,NLD,ZAF,6417
1199876,177,246,1029,2016.0,70817.0,0.0,1.1068959999999999,1.226985,POL,ZAF,6417
1199877,179,246,1029,2016.0,1692.0,0.0,0.661961,2.108517,PRT,ZAF,6417
1199878,185,246,1029,2016.0,9318.0,0.0,1.176177,1.093489,ROU,ZAF,6417
1199879,186,246,1029,2016.0,3724.0,0.0,0.086009,0.300039,RUS,ZAF,6417
1199880,187,246,1029,2016.0,0.0,1150.0,-0.57693,-0.476909,RWA,ZAF,6417
1199881,192,246,1029,2016.0,10878.0,16631.0,2.0149340000000002,0.613009,SGP,ZAF,6417
1199882,194,246,1029,2016.0,0.0,39691.0,1.620802,-0.10737000000000001,SHN,ZAF,6417
1199883,196,246,1029,2016.0,0.0,2584.0,-0.25550500000000004,-0.44618800000000003,SLE,ZAF,6417
1199884,207,246,1029,2016.0,23017.0,0.0,1.7056200000000001,0.630058,SVN,ZAF,6417
1199885,208,246,1029,2016.0,987400.0,0.0,1.731295,0.679562,SWE,ZAF,6417
1199886,209,246,1029,2016.0,25018.0,564573.0,-0.034247,-0.47031000000000006,SWZ,ZAF,6417
1199887,211,246,1029,2016.0,0.0,72242.0,0.321549,-0.610316,SYC,ZAF,6417
1199888,215,246,1029,2016.0,0.0,27403.0,-0.777506,-0.652105,TGO,ZAF,6417
1199889,216,246,1029,2016.0,446867.0,0.0,1.3075860000000001,1.151426,THA,ZAF,6417
1199890,223,246,1029,2016.0,954513.0,0.0,0.27537399999999995,0.9474239999999999,TUN,ZAF,6417
1199891,224,246,1029,2016.0,146902.0,390844.0,0.460247,2.3790400000000003,TUR,ZAF,6417
1199892,226,246,1029,2016.0,0.0,11232164.0,-1.01426,0.304263,TZA,ZAF,6417
1199893,227,246,1029,2016.0,0.0,1242.0,-0.476836,0.641138,UGA,ZAF,6417
1199894,228,246,1029,2016.0,49682.0,0.0,0.240605,0.827153,UKR,ZAF,6417
1199895,231,246,1029,2016.0,164773.0,0.0,1.6991900000000002,-0.146044,USA,ZAF,6417
1199896,239,246,1029,2016.0,12830.0,0.0,0.048214,0.6998810000000001,VNM,ZAF,6417
1199897,247,246,1029,2016.0,4452.0,855885.0,-0.9308350000000001,-1.029968,ZMB,ZAF,6417
1199898,248,246,1029,2016.0,0.0,4817900.0,-0.960175,-1.004593,ZWE,ZAF,6417
1199899,249,246,1029,2016.0,130196.0,0.0,2.028455,1.271167,TWN,ZAF,6417
1199900,250,246,1029,2016.0,0.0,48219.0,0.608271,-0.007568000000000001,ANS,ZAF,6417
1199901,7,249,1029,2016.0,1198.0,380474.0,-0.019275,-0.18309,ARE,TWN,6417
1199902,8,249,1029,2016.0,0.0,2547.0,-0.334847,0.24145100000000003,ARG,TWN,6417
1199903,14,249,1029,2016.0,0.0,601722.0,-0.585613,-0.245365,AUS,TWN,6417
1199904,15,249,1029,2016.0,0.0,1656.0,1.743944,-0.051155,AUT,TWN,6417
1199905,18,249,1029,2016.0,63852.0,5796.0,1.2947110000000002,1.113058,BEL,TWN,6417
1199906,23,249,1029,2016.0,0.0,4974.0,0.509062,1.804648,BGR,TWN,6417
1199907,26,249,1029,2016.0,2641.0,0.0,0.693416,0.8723540000000001,BIH,TWN,6417
1199908,32,249,1029,2016.0,0.0,7463.0,0.284988,1.031028,BRA,TWN,6417
1199909,34,249,1029,2016.0,0.0,1655.0,-1.082406,-0.9169309999999999,BRN,TWN,6417
1199910,39,249,1029,2016.0,0.0,28257.0,0.541041,1.328065,CAN,TWN,6417
1199911,41,249,1029,2016.0,2991.0,0.0,2.328616,0.832224,CHE,TWN,6417
1199912,43,249,1029,2016.0,11938806.0,6719421.0,1.249079,1.151045,CHN,TWN,6417
1199913,52,249,1029,2016.0,0.0,34088.0,0.28594400000000003,0.131024,CRI,TWN,6417
1199914,58,249,1029,2016.0,0.0,9028.0,0.229275,-0.09704600000000001,CYP,TWN,6417
1199915,59,249,1029,2016.0,42605.0,414283.0,1.818585,0.341356,CZE,TWN,6417
1199916,61,249,1029,2016.0,761613.0,54484.0,2.307429,-2.341644,DEU,TWN,6417
1199917,71,249,1029,2016.0,22285.0,2371.0,0.795006,2.203292,ESP,TWN,6417
1199918,74,249,1029,2016.0,21383.0,0.0,1.621764,1.026393,FIN,TWN,6417
1199919,75,249,1029,2016.0,0.0,140861.0,-0.370598,0.049875,FJI,TWN,6417
1199920,77,249,1029,2016.0,1908974.0,7783.0,1.490723,0.8471559999999999,FRA,TWN,6417
1199921,81,249,1029,2016.0,294083.0,70038.0,1.569616,1.048129,GBR,TWN,6417
1199922,93,249,1029,2016.0,63728.0,32092.0,-0.397073,0.5736680000000001,GTM,TWN,6417
1199923,95,249,1029,2016.0,0.0,2584.0,0.709797,0.108846,GUM,TWN,6417
1199924,97,249,1029,2016.0,0.0,3068994.0,0.877619,1.0765790000000002,HKG,TWN,6417
1199925,100,249,1029,2016.0,0.0,15327.0,0.850619,1.39544,HRV,TWN,6417
1199926,103,249,1029,2016.0,41019844.0,133575.0,-0.013630000000000001,1.744404,IDN,TWN,6417
1199927,104,249,1029,2016.0,0.0,509470.0,0.223813,2.787547,IND,TWN,6417
1199928,107,249,1029,2016.0,0.0,844696.0,-0.408637,-0.340544,IRN,TWN,6417
1199929,111,249,1029,2016.0,993032.0,1404216.0,1.461526,0.316891,ITA,TWN,6417
1199930,113,249,1029,2016.0,0.0,27774.0,0.100333,0.020786000000000002,JOR,TWN,6417
1199931,114,249,1029,2016.0,2837405.0,591108.0,2.550074,-0.479725,JPN,TWN,6417
1199932,116,249,1029,2016.0,0.0,8371.0,-0.483554,0.25645,KEN,TWN,6417
1199933,118,249,1029,2016.0,0.0,1156917.0,-0.70365,-0.843824,KHM,TWN,6417
1199934,121,249,1029,2016.0,1293932.0,6017672.0,2.1686389999999998,0.798808,KOR,TWN,6417
1199935,122,249,1029,2016.0,0.0,14529.0,-0.401,-1.102991,KWT,TWN,6417
1199936,128,249,1029,2016.0,0.0,23050.0,-0.540154,0.22580100000000003,LKA,TWN,6417
1199937,133,249,1029,2016.0,0.0,29560.0,0.517979,0.133195,MAC,TWN,6417
1199938,138,249,1029,2016.0,32372.0,1716.0,1.393506,0.64152,MEX,TWN,6417
1199939,143,249,1029,2016.0,0.0,125893.0,-1.0789600000000001,-0.6471180000000001,MMR,TWN,6417
1199940,147,249,1029,2016.0,0.0,28732.0,-1.207606,-1.0223879999999999,MOZ,TWN,6417
1199941,152,249,1029,2016.0,0.0,1417.0,-0.969781,-1.042325,MWI,TWN,6417
1199942,153,249,1029,2016.0,10756.0,1034806.0,1.091156,0.8383370000000001,MYS,TWN,6417
1199943,156,249,1029,2016.0,0.0,5619.0,-0.630577,-0.934391,NCL,TWN,6417
1199944,160,249,1029,2016.0,0.0,17000.0,-0.954131,-0.9000389999999999,NIC,TWN,6417
1199945,162,249,1029,2016.0,4851.0,17175.0,1.132192,1.412512,NLD,TWN,6417
1199946,163,249,1029,2016.0,0.0,9264.0,0.664183,0.206877,NOR,TWN,6417
1199947,166,249,1029,2016.0,0.0,21285.0,0.093306,0.194895,NZL,TWN,6417
1199948,167,249,1029,2016.0,0.0,65587.0,-0.594724,-1.019133,OMN,TWN,6417
1199949,174,249,1029,2016.0,2752.0,3628954.0,0.958651,0.324888,PHL,TWN,6417
1199950,175,249,1029,2016.0,0.0,4486.0,0.6086729999999999,-0.39121300000000003,PLW,TWN,6417
1199951,177,249,1029,2016.0,0.0,2877.0,1.1068959999999999,1.226985,POL,TWN,6417
1199952,179,249,1029,2016.0,15231.0,5847.0,0.661961,2.108517,PRT,TWN,6417
1199953,180,249,1029,2016.0,0.0,5486.0,-0.665963,-0.967879,PRY,TWN,6417
1199954,183,249,1029,2016.0,0.0,10294.0,-0.52984,-1.106589,QAT,TWN,6417
1199955,186,249,1029,2016.0,0.0,31685.0,0.086009,0.300039,RUS,TWN,6417
1199956,188,249,1029,2016.0,0.0,123029.0,0.00286,-0.764602,SAU,TWN,6417
1199957,192,249,1029,2016.0,391246.0,322418.0,2.0149340000000002,0.613009,SGP,TWN,6417
1199958,197,249,1029,2016.0,0.0,15514.0,0.075546,0.317046,SLV,TWN,6417
1199959,207,249,1029,2016.0,1338.0,0.0,1.7056200000000001,0.630058,SVN,TWN,6417
1199960,208,249,1029,2016.0,0.0,38828.0,1.731295,0.679562,SWE,TWN,6417
1199961,211,249,1029,2016.0,0.0,876864.0,0.321549,-0.610316,SYC,TWN,6417
1199962,216,249,1029,2016.0,103543.0,3524905.0,1.3075860000000001,1.151426,THA,TWN,6417
1199963,224,249,1029,2016.0,7491.0,0.0,0.460247,2.3790400000000003,TUR,TWN,6417
1199964,230,249,1029,2016.0,0.0,1479.0,0.040088,-0.27858499999999997,URY,TWN,6417
1199965,231,249,1029,2016.0,614650.0,160696.0,1.6991900000000002,-0.146044,USA,TWN,6417
1199966,239,249,1029,2016.0,447955.0,587064.0,0.048214,0.6998810000000001,VNM,TWN,6417
1199967,246,249,1029,2016.0,0.0,130196.0,-0.029618000000000002,1.426834,ZAF,TWN,6417
1199968,250,249,1029,2016.0,1066.0,22383.0,0.608271,-0.007568000000000001,ANS,TWN,6417
1199969,0,250,1029,2016.0,1044.0,161478.0,0.7897,0.359562,ABW,ANS,6417
1199970,7,250,1029,2016.0,3221.0,31714.0,-0.019275,-0.18309,ARE,ANS,6417
1199971,24,250,1029,2016.0,20063.0,0.0,0.23993299999999998,-0.5320199999999999,BHR,ANS,6417
1199972,25,250,1029,2016.0,0.0,3755.0,0.453269,-0.48267899999999997,BHS,ANS,6417
1199973,31,250,1029,2016.0,0.0,15863.0,-1.009709,-0.986669,BOL,ANS,6417
1199974,42,250,1029,2016.0,0.0,2549.0,-0.162923,-0.20607199999999998,CHL,ANS,6417
1199975,43,250,1029,2016.0,2525.0,2264.0,1.249079,1.151045,CHN,ANS,6417
1199976,44,250,1029,2016.0,858977.0,0.0,-0.977045,-0.8633299999999999,CIV,ANS,6417
1199977,49,250,1029,2016.0,0.0,197769.0,-0.040341,-0.20957699999999999,COL,ANS,6417
1199978,52,250,1029,2016.0,0.0,18971.0,0.28594400000000003,0.131024,CRI,ANS,6417
1199979,59,250,1029,2016.0,0.0,499363.0,1.818585,0.341356,CZE,ANS,6417
1199980,61,250,1029,2016.0,11704.0,0.0,2.307429,-2.341644,DEU,ANS,6417
1199981,65,250,1029,2016.0,4737.0,253081.0,-0.26926500000000003,0.046345,DOM,ANS,6417
1199982,71,250,1029,2016.0,3261.0,2471.0,0.795006,2.203292,ESP,ANS,6417
1199983,72,250,1029,2016.0,0.0,304529.0,0.958292,1.190173,EST,ANS,6417
1199984,77,250,1029,2016.0,0.0,1471938.0,1.490723,0.8471559999999999,FRA,ANS,6417
1199985,106,250,1029,2016.0,1175436.0,428034.0,1.320777,0.057924,IRL,ANS,6417
1199986,113,250,1029,2016.0,3351350.0,19950.0,0.100333,0.020786000000000002,JOR,ANS,6417
1199987,120,250,1029,2016.0,0.0,1666.0,0.8190890000000001,-0.24463400000000002,KNA,ANS,6417
1199988,131,250,1029,2016.0,0.0,388505.0,1.217021,1.401214,LUX,ANS,6417
1199989,136,250,1029,2016.0,122055.0,1088.0,-0.979632,-0.63626,MDG,ANS,6417
1199990,162,250,1029,2016.0,0.0,15478.0,1.132192,1.412512,NLD,ANS,6417
1199991,167,250,1029,2016.0,138113.0,0.0,-0.594724,-1.019133,OMN,ANS,6417
1199992,168,250,1029,2016.0,0.0,18837.0,-0.7806810000000001,0.420241,PAK,ANS,6417
1199993,169,250,1029,2016.0,99413.0,25446.0,0.731258,0.649917,PAN,ANS,6417
1199994,173,250,1029,2016.0,2200.0,0.0,-0.818178,-0.0791,PER,ANS,6417
1199995,177,250,1029,2016.0,11415.0,1588.0,1.1068959999999999,1.226985,POL,ANS,6417
1199996,179,250,1029,2016.0,4827.0,0.0,0.661961,2.108517,PRT,ANS,6417
1199997,186,250,1029,2016.0,740509.0,0.0,0.086009,0.300039,RUS,ANS,6417
1199998,206,250,1029,2016.0,0.0,10779028.0,1.446588,0.811076,SVK,ANS,6417
