2179999,7,147,1380,2017,3038.0,0.0,0.210477,0.02557,ARE,MOZ,6406
2180000,32,147,1380,2017,11180.0,0.0,0.145224,0.483461,BRA,MOZ,6406
2180001,43,147,1380,2017,1649620.0,0.0,1.1127790000000002,1.56869,CHN,MOZ,6406
2180002,58,147,1380,2017,3598.0,0.0,0.576982,0.279989,CYP,MOZ,6406
2180003,97,147,1380,2017,25976.0,0.0,0.824982,1.7162220000000001,HKG,MOZ,6406
2180004,116,147,1380,2017,1527.0,0.0,-0.579541,0.511926,KEN,MOZ,6406
2180005,179,147,1380,2017,48213.0,0.0,0.527046,2.264624,PRT,MOZ,6406
2180006,246,147,1380,2017,151430.0,0.0,0.2066,1.378591,ZAF,MOZ,6406
2180007,7,183,1380,2017,16707.0,0.0,0.210477,0.02557,ARE,QAT,6406
2180008,18,183,1380,2017,7773.0,0.0,1.292657,1.19571,BEL,QAT,6406
2180009,39,183,1380,2017,5432.0,0.0,0.73897,1.206402,CAN,QAT,6406
2180010,43,183,1380,2017,302992.0,0.0,1.1127790000000002,1.56869,CHN,QAT,6406
2180011,61,183,1380,2017,30399.0,0.0,2.1149459999999998,-2.525372,DEU,QAT,6406
2180012,77,183,1380,2017,15945.0,0.0,1.398427,0.894732,FRA,QAT,6406
2180013,81,183,1380,2017,22878.0,0.0,1.6883119999999998,0.8347469999999999,GBR,QAT,6406
2180014,102,183,1380,2017,5165.0,0.0,1.4886270000000001,0.845986,HUN,QAT,6406
2180015,104,183,1380,2017,49874.0,0.0,0.290576,2.726391,IND,QAT,6406
2180016,111,183,1380,2017,9847.0,2910.0,1.34395,0.577693,ITA,QAT,6406
2180017,121,183,1380,2017,2151.0,0.0,2.011263,0.783215,KOR,QAT,6406
2180018,134,183,1380,2017,4737.0,0.0,-0.757236,-0.065347,MAR,QAT,6406
2180019,138,183,1380,2017,873.0,0.0,1.08871,0.5745279999999999,MEX,QAT,6406
2180020,162,183,1380,2017,8766.0,0.0,1.146959,1.470869,NLD,QAT,6406
2180021,166,183,1380,2017,2389.0,0.0,0.25651199999999996,0.132996,NZL,QAT,6406
2180022,167,183,1380,2017,129365.0,0.0,-0.347684,-0.884569,OMN,QAT,6406
2180023,168,183,1380,2017,3400.0,0.0,-0.698561,0.43523500000000004,PAK,QAT,6406
2180024,179,183,1380,2017,10937.0,0.0,0.527046,2.264624,PRT,QAT,6406
2180025,185,183,1380,2017,9991.0,0.0,1.05479,0.9842219999999999,ROU,QAT,6406
2180026,192,183,1380,2017,2169.0,0.0,1.884166,0.37903600000000004,SGP,QAT,6406
2180027,216,183,1380,2017,30922.0,0.0,0.983977,1.3926020000000001,THA,QAT,6406
2180028,224,183,1380,2017,7201.0,0.0,0.541611,2.405872,TUR,QAT,6406
2180029,231,183,1380,2017,20765.0,0.0,1.601478,0.277271,USA,QAT,6406
2180030,239,183,1380,2017,65366.0,0.0,-0.009819,0.686429,VNM,QAT,6406
2180031,249,183,1380,2017,15509.0,0.0,2.0548290000000002,1.2552969999999999,TWN,QAT,6406
2180032,250,183,1380,2017,25123.0,0.0,0.72523,-0.205046,ANS,QAT,6406
2180033,4,185,1380,2017,840043.0,450633.0,-0.44769899999999996,-0.17193,ALB,ROU,6406
2180034,14,185,1380,2017,1431.0,0.0,-0.42427200000000004,-0.152921,AUS,ROU,6406
2180035,15,185,1380,2017,39346.0,1978393.0,1.728623,-0.031045999999999997,AUT,ROU,6406
2180036,18,185,1380,2017,5594.0,109404.0,1.292657,1.19571,BEL,ROU,6406
2180037,23,185,1380,2017,2905442.0,3405135.0,0.557843,1.7221119999999999,BGR,ROU,6406
2180038,26,185,1380,2017,4407906.0,488737.0,0.43245,0.726721,BIH,ROU,6406
2180039,32,185,1380,2017,113706.0,0.0,0.145224,0.483461,BRA,ROU,6406
2180040,39,185,1380,2017,10601.0,25580.0,0.73897,1.206402,CAN,ROU,6406
2180041,41,185,1380,2017,86980.0,1033405.0,2.2557810000000003,0.845459,CHE,ROU,6406
2180042,43,185,1380,2017,4706422.0,0.0,1.1127790000000002,1.56869,CHN,ROU,6406
2180043,49,185,1380,2017,0.0,1163.0,0.208096,-0.17644300000000002,COL,ROU,6406
2180044,59,185,1380,2017,1928667.0,90596.0,1.7715130000000001,0.359668,CZE,ROU,6406
2180045,61,185,1380,2017,7613495.0,22427282.0,2.1149459999999998,-2.525372,DEU,ROU,6406
2180046,64,185,1380,2017,101577.0,3423.0,1.159753,1.233914,DNK,ROU,6406
2180047,71,185,1380,2017,3954515.0,3511031.0,0.734342,2.8180099999999997,ESP,ROU,6406
2180048,74,185,1380,2017,0.0,2264.0,1.655957,0.962485,FIN,ROU,6406
2180049,77,185,1380,2017,497232.0,2581053.0,1.398427,0.894732,FRA,ROU,6406
2180050,81,185,1380,2017,73398.0,67843.0,1.6883119999999998,0.8347469999999999,GBR,ROU,6406
2180051,90,185,1380,2017,7815.0,16984.0,0.154098,1.151038,GRC,ROU,6406
2180052,97,185,1380,2017,7337.0,0.0,0.824982,1.7162220000000001,HKG,ROU,6406
2180053,100,185,1380,2017,12011.0,919720.0,0.860825,1.365445,HRV,ROU,6406
2180054,102,185,1380,2017,26267032.0,8125305.0,1.4886270000000001,0.845986,HUN,ROU,6406
2180055,103,185,1380,2017,2261190.0,32219.0,-0.23641700000000002,1.188173,IDN,ROU,6406
2180056,104,185,1380,2017,399597.0,26813.0,0.290576,2.726391,IND,ROU,6406
2180057,106,185,1380,2017,52745.0,0.0,1.363544,0.169211,IRL,ROU,6406
2180058,110,185,1380,2017,5621.0,0.0,1.436156,0.776574,ISR,ROU,6406
2180059,111,185,1380,2017,235454024.0,231203510.0,1.34395,0.577693,ITA,ROU,6406
2180060,114,185,1380,2017,0.0,4490.0,2.4510419999999997,-0.277357,JPN,ROU,6406
2180061,118,185,1380,2017,29477.0,0.0,-0.656325,-0.622167,KHM,ROU,6406
2180062,121,185,1380,2017,4933.0,5107.0,2.011263,0.783215,KOR,ROU,6406
2180063,131,185,1380,2017,2228.0,0.0,1.24064,1.298263,LUX,ROU,6406
2180064,134,185,1380,2017,0.0,824668.0,-0.757236,-0.065347,MAR,ROU,6406
2180065,135,185,1380,2017,12152388.0,2964900.0,-0.24909,-0.181213,MDA,ROU,6406
2180066,140,185,1380,2017,88117.0,56432.0,-0.0292,-0.377156,MKD,ROU,6406
2180067,143,185,1380,2017,0.0,21893.0,-1.051544,-0.419183,MMR,ROU,6406
2180068,159,185,1380,2017,0.0,34535.0,-1.8260919999999998,-1.276591,NGA,ROU,6406
2180069,162,185,1380,2017,359158.0,258559.0,1.146959,1.470869,NLD,ROU,6406
2180070,163,185,1380,2017,0.0,2460.0,0.73658,0.11450199999999999,NOR,ROU,6406
2180071,166,185,1380,2017,0.0,584.0,0.25651199999999996,0.132996,NZL,ROU,6406
2180072,177,185,1380,2017,1443004.0,285577.0,1.197417,1.092716,POL,ROU,6406
2180073,179,185,1380,2017,5106548.0,3089980.0,0.527046,2.264624,PRT,ROU,6406
2180074,183,185,1380,2017,0.0,9991.0,-0.361327,-1.066869,QAT,ROU,6406
2180075,186,185,1380,2017,0.0,11236.0,0.32885,0.288392,RUS,ROU,6406
2180076,201,185,1380,2017,4225352.0,3295054.0,0.541644,1.19872,SRB,ROU,6406
2180077,206,185,1380,2017,28626080.0,7424816.0,1.279606,0.85503,SVK,ROU,6406
2180078,207,185,1380,2017,19635.0,275307.0,1.600319,0.854305,SVN,ROU,6406
2180079,208,185,1380,2017,97286.0,4328.0,1.764732,0.732646,SWE,ROU,6406
2180080,216,185,1380,2017,0.0,118440.0,0.983977,1.3926020000000001,THA,ROU,6406
2180081,223,185,1380,2017,2218746.0,239911.0,0.224119,0.961772,TUN,ROU,6406
2180082,224,185,1380,2017,987874.0,52234.0,0.541611,2.405872,TUR,ROU,6406
2180083,228,185,1380,2017,51229290.0,6172387.0,0.461109,0.7826569999999999,UKR,ROU,6406
2180084,231,185,1380,2017,0.0,127834.0,1.601478,0.277271,USA,ROU,6406
2180085,239,185,1380,2017,359097.0,0.0,-0.009819,0.686429,VNM,ROU,6406
2180086,246,185,1380,2017,0.0,1661.0,0.2066,1.378591,ZAF,ROU,6406
2180087,249,185,1380,2017,20668.0,1072.0,2.0548290000000002,1.2552969999999999,TWN,ROU,6406
2180088,17,187,1380,2017,0.0,792.0,-0.637985,-1.051277,BDI,RWA,6406
2180089,43,187,1380,2017,35569.0,0.0,1.1127790000000002,1.56869,CHN,RWA,6406
2180090,116,187,1380,2017,113373.0,0.0,-0.579541,0.511926,KEN,RWA,6406
2180091,227,187,1380,2017,7208.0,0.0,-0.6831020000000001,-0.046838,UGA,RWA,6406
2180092,43,191,1380,2017,534147.0,0.0,1.1127790000000002,1.56869,CHN,SEN,6406
2180093,71,191,1380,2017,9657.0,0.0,0.734342,2.8180099999999997,ESP,SEN,6406
2180094,77,191,1380,2017,2719.0,17131.0,1.398427,0.894732,FRA,SEN,6406
2180095,81,191,1380,2017,3839.0,0.0,1.6883119999999998,0.8347469999999999,GBR,SEN,6406
2180096,103,191,1380,2017,1138.0,0.0,-0.23641700000000002,1.188173,IDN,SEN,6406
2180097,111,191,1380,2017,13335.0,0.0,1.34395,0.577693,ITA,SEN,6406
2180098,163,191,1380,2017,3684.0,0.0,0.73658,0.11450199999999999,NOR,SEN,6406
2180099,223,191,1380,2017,6671.0,0.0,0.224119,0.961772,TUN,SEN,6406
2180100,224,191,1380,2017,11283.0,0.0,0.541611,2.405872,TUR,SEN,6406
2180101,4,201,1380,2017,5657817.0,1871431.0,-0.44769899999999996,-0.17193,ALB,SRB,6406
2180102,15,201,1380,2017,42726.0,0.0,1.728623,-0.031045999999999997,AUT,SRB,6406
2180103,23,201,1380,2017,70611.0,13434.0,0.557843,1.7221119999999999,BGR,SRB,6406
2180104,26,201,1380,2017,3486679.0,2450140.0,0.43245,0.726721,BIH,SRB,6406
2180105,32,201,1380,2017,4014.0,0.0,0.145224,0.483461,BRA,SRB,6406
2180106,39,201,1380,2017,1410.0,0.0,0.73897,1.206402,CAN,SRB,6406
2180107,41,201,1380,2017,4758.0,1441.0,2.2557810000000003,0.845459,CHE,SRB,6406
2180108,43,201,1380,2017,310308.0,96725.0,1.1127790000000002,1.56869,CHN,SRB,6406
2180109,59,201,1380,2017,50174.0,11861.0,1.7715130000000001,0.359668,CZE,SRB,6406
2180110,61,201,1380,2017,441157.0,262939.0,2.1149459999999998,-2.525372,DEU,SRB,6406
2180111,64,201,1380,2017,0.0,31770.0,1.159753,1.233914,DNK,SRB,6406
2180112,71,201,1380,2017,21349.0,0.0,0.734342,2.8180099999999997,ESP,SRB,6406
2180113,72,201,1380,2017,909.0,18035.0,1.010985,1.289633,EST,SRB,6406
2180114,74,201,1380,2017,974.0,34462.0,1.655957,0.962485,FIN,SRB,6406
2180115,77,201,1380,2017,24269.0,0.0,1.398427,0.894732,FRA,SRB,6406
2180116,81,201,1380,2017,4824.0,0.0,1.6883119999999998,0.8347469999999999,GBR,SRB,6406
2180117,90,201,1380,2017,296023.0,5367.0,0.154098,1.151038,GRC,SRB,6406
2180118,97,201,1380,2017,6411.0,0.0,0.824982,1.7162220000000001,HKG,SRB,6406
2180119,100,201,1380,2017,83767.0,714010.0,0.860825,1.365445,HRV,SRB,6406
2180120,102,201,1380,2017,634287.0,1316.0,1.4886270000000001,0.845986,HUN,SRB,6406
2180121,103,201,1380,2017,828.0,0.0,-0.23641700000000002,1.188173,IDN,SRB,6406
2180122,104,201,1380,2017,26012.0,0.0,0.290576,2.726391,IND,SRB,6406
2180123,111,201,1380,2017,43681033.0,89895116.0,1.34395,0.577693,ITA,SRB,6406
2180124,121,201,1380,2017,1212.0,0.0,2.011263,0.783215,KOR,SRB,6406
2180125,134,201,1380,2017,18169.0,0.0,-0.757236,-0.065347,MAR,SRB,6406
2180126,140,201,1380,2017,1498389.0,286979.0,-0.0292,-0.377156,MKD,SRB,6406
2180127,143,201,1380,2017,0.0,2886.0,-1.051544,-0.419183,MMR,SRB,6406
2180128,144,201,1380,2017,0.0,28452.0,0.201739,-0.23111399999999999,MNE,SRB,6406
2180129,162,201,1380,2017,0.0,175053.0,1.146959,1.470869,NLD,SRB,6406
2180130,168,201,1380,2017,22860.0,0.0,-0.698561,0.43523500000000004,PAK,SRB,6406
2180131,177,201,1380,2017,21845.0,1189.0,1.197417,1.092716,POL,SRB,6406
2180132,179,201,1380,2017,1390.0,6382.0,0.527046,2.264624,PRT,SRB,6406
2180133,180,201,1380,2017,1748.0,0.0,-0.437741,-0.9248879999999999,PRY,SRB,6406
2180134,185,201,1380,2017,3295054.0,4225352.0,1.05479,0.9842219999999999,ROU,SRB,6406
2180135,186,201,1380,2017,1055.0,0.0,0.32885,0.288392,RUS,SRB,6406
2180136,207,201,1380,2017,1708364.0,14385826.0,1.600319,0.854305,SVN,SRB,6406
2180137,224,201,1380,2017,1433998.0,0.0,0.541611,2.405872,TUR,SRB,6406
2180138,228,201,1380,2017,72558.0,0.0,0.461109,0.7826569999999999,UKR,SRB,6406
2180139,231,201,1380,2017,4302.0,0.0,1.601478,0.277271,USA,SRB,6406
2180140,239,201,1380,2017,239736.0,0.0,-0.009819,0.686429,VNM,SRB,6406
2180141,4,206,1380,2017,786.0,0.0,-0.44769899999999996,-0.17193,ALB,SVK,6406
2180142,7,206,1380,2017,0.0,2224.0,0.210477,0.02557,ARE,SVK,6406
2180143,15,206,1380,2017,1080093.0,3733886.0,1.728623,-0.031045999999999997,AUT,SVK,6406
2180144,18,206,1380,2017,6548.0,0.0,1.292657,1.19571,BEL,SVK,6406
2180145,23,206,1380,2017,2735.0,21398.0,0.557843,1.7221119999999999,BGR,SVK,6406
2180146,26,206,1380,2017,18242216.0,66266.0,0.43245,0.726721,BIH,SVK,6406
2180147,28,206,1380,2017,0.0,17578.0,0.8115829999999999,0.8323459999999999,BLR,SVK,6406
2180148,39,206,1380,2017,400.0,4542.0,0.73897,1.206402,CAN,SVK,6406
2180149,41,206,1380,2017,13327.0,192617.0,2.2557810000000003,0.845459,CHE,SVK,6406
2180150,43,206,1380,2017,5266020.0,0.0,1.1127790000000002,1.56869,CHN,SVK,6406
2180151,59,206,1380,2017,7736949.0,3418563.0,1.7715130000000001,0.359668,CZE,SVK,6406
2180152,61,206,1380,2017,35827045.0,1359701.0,2.1149459999999998,-2.525372,DEU,SVK,6406
2180153,64,206,1380,2017,5670.0,97266.0,1.159753,1.233914,DNK,SVK,6406
2180154,71,206,1380,2017,1757304.0,0.0,0.734342,2.8180099999999997,ESP,SVK,6406
2180155,74,206,1380,2017,121877.0,2245802.0,1.655957,0.962485,FIN,SVK,6406
2180156,77,206,1380,2017,1362161.0,1731584.0,1.398427,0.894732,FRA,SVK,6406
2180157,81,206,1380,2017,37438.0,7027.0,1.6883119999999998,0.8347469999999999,GBR,SVK,6406
2180158,97,206,1380,2017,42896.0,0.0,0.824982,1.7162220000000001,HKG,SVK,6406
2180159,100,206,1380,2017,3340.0,56697.0,0.860825,1.365445,HRV,SVK,6406
2180160,102,206,1380,2017,248165.0,1842222.0,1.4886270000000001,0.845986,HUN,SVK,6406
2180161,103,206,1380,2017,2874899.0,208365.0,-0.23641700000000002,1.188173,IDN,SVK,6406
2180162,104,206,1380,2017,25863981.0,1700.0,0.290576,2.726391,IND,SVK,6406
2180163,106,206,1380,2017,9186.0,0.0,1.363544,0.169211,IRL,SVK,6406
2180164,111,206,1380,2017,19281695.0,2385318.0,1.34395,0.577693,ITA,SVK,6406
2180165,114,206,1380,2017,5139.0,5701.0,2.4510419999999997,-0.277357,JPN,SVK,6406
2180166,121,206,1380,2017,1444.0,0.0,2.011263,0.783215,KOR,SVK,6406
2180167,131,206,1380,2017,0.0,7987.0,1.24064,1.298263,LUX,SVK,6406
2180168,132,206,1380,2017,0.0,3283.0,0.684555,1.3208030000000002,LVA,SVK,6406
2180169,134,206,1380,2017,0.0,23716953.0,-0.757236,-0.065347,MAR,SVK,6406
2180170,135,206,1380,2017,0.0,1223.0,-0.24909,-0.181213,MDA,SVK,6406
2180171,138,206,1380,2017,2745.0,0.0,1.08871,0.5745279999999999,MEX,SVK,6406
2180172,162,206,1380,2017,180760.0,188183.0,1.146959,1.470869,NLD,SVK,6406
2180173,163,206,1380,2017,0.0,6656.0,0.73658,0.11450199999999999,NOR,SVK,6406
2180174,168,206,1380,2017,241.0,0.0,-0.698561,0.43523500000000004,PAK,SVK,6406
2180175,177,206,1380,2017,4014019.0,1299094.0,1.197417,1.092716,POL,SVK,6406
2180176,179,206,1380,2017,3984676.0,4298274.0,0.527046,2.264624,PRT,SVK,6406
2180177,185,206,1380,2017,7424816.0,28626080.0,1.05479,0.9842219999999999,ROU,SVK,6406
2180178,186,206,1380,2017,1742.0,40318.0,0.32885,0.288392,RUS,SVK,6406
2180179,192,206,1380,2017,0.0,2845.0,1.884166,0.37903600000000004,SGP,SVK,6406
2180180,207,206,1380,2017,591814.0,208292.0,1.600319,0.854305,SVN,SVK,6406
2180181,208,206,1380,2017,10835.0,0.0,1.764732,0.732646,SWE,SVK,6406
2180182,216,206,1380,2017,1430377.0,0.0,0.983977,1.3926020000000001,THA,SVK,6406
2180183,223,206,1380,2017,17852.0,27317823.0,0.224119,0.961772,TUN,SVK,6406
2180184,224,206,1380,2017,537117.0,463533.0,0.541611,2.405872,TUR,SVK,6406
2180185,227,206,1380,2017,0.0,14085.0,-0.6831020000000001,-0.046838,UGA,SVK,6406
2180186,228,206,1380,2017,633993.0,672226.0,0.461109,0.7826569999999999,UKR,SVK,6406
2180187,231,206,1380,2017,57720.0,53182.0,1.601478,0.277271,USA,SVK,6406
2180188,239,206,1380,2017,59404464.0,35133.0,-0.009819,0.686429,VNM,SVK,6406
2180189,249,206,1380,2017,11155.0,0.0,2.0548290000000002,1.2552969999999999,TWN,SVK,6406
2180190,250,206,1380,2017,1759103.0,0.0,0.72523,-0.205046,ANS,SVK,6406
2180191,7,207,1380,2017,0.0,871.0,0.210477,0.02557,ARE,SVN,6406
2180192,15,207,1380,2017,319156.0,788356.0,1.728623,-0.031045999999999997,AUT,SVN,6406
2180193,18,207,1380,2017,1275.0,70371.0,1.292657,1.19571,BEL,SVN,6406
2180194,23,207,1380,2017,0.0,4722.0,0.557843,1.7221119999999999,BGR,SVN,6406
2180195,26,207,1380,2017,8717354.0,4792896.0,0.43245,0.726721,BIH,SVN,6406
2180196,28,207,1380,2017,0.0,3841.0,0.8115829999999999,0.8323459999999999,BLR,SVN,6406
2180197,32,207,1380,2017,73689.0,0.0,0.145224,0.483461,BRA,SVN,6406
2180198,39,207,1380,2017,2725.0,7224.0,0.73897,1.206402,CAN,SVN,6406
2180199,41,207,1380,2017,1497.0,21311.0,2.2557810000000003,0.845459,CHE,SVN,6406
2180200,43,207,1380,2017,2630834.0,175541.0,1.1127790000000002,1.56869,CHN,SVN,6406
2180201,58,207,1380,2017,0.0,15329.0,0.576982,0.279989,CYP,SVN,6406
2180202,59,207,1380,2017,362275.0,30622.0,1.7715130000000001,0.359668,CZE,SVN,6406
2180203,61,207,1380,2017,5147823.0,2452609.0,2.1149459999999998,-2.525372,DEU,SVN,6406
2180204,64,207,1380,2017,0.0,647726.0,1.159753,1.233914,DNK,SVN,6406
2180205,71,207,1380,2017,97738.0,0.0,0.734342,2.8180099999999997,ESP,SVN,6406
2180206,72,207,1380,2017,0.0,18284.0,1.010985,1.289633,EST,SVN,6406
2180207,74,207,1380,2017,3571.0,2887.0,1.655957,0.962485,FIN,SVN,6406
2180208,77,207,1380,2017,1929826.0,83898.0,1.398427,0.894732,FRA,SVN,6406
2180209,81,207,1380,2017,26365.0,42319.0,1.6883119999999998,0.8347469999999999,GBR,SVN,6406
2180210,90,207,1380,2017,2317.0,1244.0,0.154098,1.151038,GRC,SVN,6406
2180211,97,207,1380,2017,7577.0,23119.0,0.824982,1.7162220000000001,HKG,SVN,6406
2180212,100,207,1380,2017,1715332.0,740423.0,0.860825,1.365445,HRV,SVN,6406
2180213,102,207,1380,2017,182659.0,887389.0,1.4886270000000001,0.845986,HUN,SVN,6406
2180214,103,207,1380,2017,94076.0,0.0,-0.23641700000000002,1.188173,IDN,SVN,6406
2180215,104,207,1380,2017,545652.0,184249.0,0.290576,2.726391,IND,SVN,6406
2180216,106,207,1380,2017,0.0,78012.0,1.363544,0.169211,IRL,SVN,6406
2180217,109,207,1380,2017,0.0,4900.0,0.386094,-0.277269,ISL,SVN,6406
2180218,110,207,1380,2017,0.0,2237.0,1.436156,0.776574,ISR,SVN,6406
2180219,111,207,1380,2017,4296513.0,1750478.0,1.34395,0.577693,ITA,SVN,6406
2180220,121,207,1380,2017,1265.0,1227.0,2.011263,0.783215,KOR,SVN,6406
2180221,130,207,1380,2017,0.0,4699.0,0.855858,1.447717,LTU,SVN,6406
2180222,134,207,1380,2017,0.0,2787.0,-0.757236,-0.065347,MAR,SVN,6406
2180223,135,207,1380,2017,4353.0,1968.0,-0.24909,-0.181213,MDA,SVN,6406
2180224,140,207,1380,2017,3308.0,17598.0,-0.0292,-0.377156,MKD,SVN,6406
2180225,153,207,1380,2017,0.0,3508.0,1.0110139999999999,0.6840729999999999,MYS,SVN,6406
2180226,162,207,1380,2017,42439.0,67986.0,1.146959,1.470869,NLD,SVN,6406
2180227,163,207,1380,2017,0.0,33725.0,0.73658,0.11450199999999999,NOR,SVN,6406
2180228,168,207,1380,2017,5353.0,0.0,-0.698561,0.43523500000000004,PAK,SVN,6406
2180229,174,207,1380,2017,1270.0,0.0,0.657759,0.170061,PHL,SVN,6406
2180230,177,207,1380,2017,65269.0,49382.0,1.197417,1.092716,POL,SVN,6406
2180231,179,207,1380,2017,968553.0,432154.0,0.527046,2.264624,PRT,SVN,6406
2180232,185,207,1380,2017,275307.0,19635.0,1.05479,0.9842219999999999,ROU,SVN,6406
2180233,186,207,1380,2017,0.0,25483.0,0.32885,0.288392,RUS,SVN,6406
2180234,192,207,1380,2017,0.0,5106.0,1.884166,0.37903600000000004,SGP,SVN,6406
2180235,201,207,1380,2017,14385826.0,1708364.0,0.541644,1.19872,SRB,SVN,6406
2180236,206,207,1380,2017,208292.0,591814.0,1.279606,0.85503,SVK,SVN,6406
2180237,208,207,1380,2017,22059.0,606062.0,1.764732,0.732646,SWE,SVN,6406
2180238,223,207,1380,2017,1113.0,72662.0,0.224119,0.961772,TUN,SVN,6406
2180239,224,207,1380,2017,1165.0,0.0,0.541611,2.405872,TUR,SVN,6406
2180240,228,207,1380,2017,0.0,2516.0,0.461109,0.7826569999999999,UKR,SVN,6406
2180241,231,207,1380,2017,2948.0,64355.0,1.601478,0.277271,USA,SVN,6406
2180242,239,207,1380,2017,339649.0,0.0,-0.009819,0.686429,VNM,SVN,6406
2180243,249,207,1380,2017,34365.0,0.0,2.0548290000000002,1.2552969999999999,TWN,SVN,6406
2180244,7,223,1380,2017,6640.0,1699.0,0.210477,0.02557,ARE,TUN,6406
2180245,18,223,1380,2017,0.0,11671.0,1.292657,1.19571,BEL,TUN,6406
2180246,23,223,1380,2017,9042.0,0.0,0.557843,1.7221119999999999,BGR,TUN,6406
2180247,32,223,1380,2017,2118.0,0.0,0.145224,0.483461,BRA,TUN,6406
2180248,39,223,1380,2017,0.0,3067.0,0.73897,1.206402,CAN,TUN,6406
2180249,41,223,1380,2017,5351.0,48019.0,2.2557810000000003,0.845459,CHE,TUN,6406
2180250,43,223,1380,2017,2193673.0,7536.0,1.1127790000000002,1.56869,CHN,TUN,6406
2180251,59,223,1380,2017,0.0,25744.0,1.7715130000000001,0.359668,CZE,TUN,6406
2180252,61,223,1380,2017,197495.0,46584.0,2.1149459999999998,-2.525372,DEU,TUN,6406
2180253,66,223,1380,2017,0.0,12667.0,-0.9905579999999999,-1.1996200000000001,DZA,TUN,6406
2180254,68,223,1380,2017,1716.0,0.0,-0.073436,1.829121,EGY,TUN,6406
2180255,71,223,1380,2017,5809601.0,5979682.0,0.734342,2.8180099999999997,ESP,TUN,6406
2180256,72,223,1380,2017,0.0,799.0,1.010985,1.289633,EST,TUN,6406
2180257,74,223,1380,2017,0.0,1878.0,1.655957,0.962485,FIN,TUN,6406
2180258,77,223,1380,2017,10602933.0,24467921.0,1.398427,0.894732,FRA,TUN,6406
2180259,103,223,1380,2017,0.0,6146.0,-0.23641700000000002,1.188173,IDN,TUN,6406
2180260,104,223,1380,2017,1758561.0,17670.0,0.290576,2.726391,IND,TUN,6406
2180261,111,223,1380,2017,53460492.0,83702920.0,1.34395,0.577693,ITA,TUN,6406
2180262,114,223,1380,2017,0.0,6818.0,2.4510419999999997,-0.277357,JPN,TUN,6406
2180263,121,223,1380,2017,0.0,1164.0,2.011263,0.783215,KOR,TUN,6406
2180264,134,223,1380,2017,0.0,1449.0,-0.757236,-0.065347,MAR,TUN,6406
2180265,153,223,1380,2017,993.0,0.0,1.0110139999999999,0.6840729999999999,MYS,TUN,6406
2180266,162,223,1380,2017,826624.0,259378.0,1.146959,1.470869,NLD,TUN,6406
2180267,163,223,1380,2017,0.0,914.0,0.73658,0.11450199999999999,NOR,TUN,6406
2180268,177,223,1380,2017,0.0,94401.0,1.197417,1.092716,POL,TUN,6406
2180269,179,223,1380,2017,284969.0,6613.0,0.527046,2.264624,PRT,TUN,6406
2180270,185,223,1380,2017,239911.0,2218746.0,1.05479,0.9842219999999999,ROU,TUN,6406
2180271,186,223,1380,2017,0.0,81978.0,0.32885,0.288392,RUS,TUN,6406
2180272,191,223,1380,2017,0.0,6671.0,-0.6722899999999999,-0.26522199999999996,SEN,TUN,6406
2180273,192,223,1380,2017,0.0,4813.0,1.884166,0.37903600000000004,SGP,TUN,6406
2180274,206,223,1380,2017,27317823.0,17852.0,1.279606,0.85503,SVK,TUN,6406
2180275,207,223,1380,2017,72662.0,1113.0,1.600319,0.854305,SVN,TUN,6406
2180276,224,223,1380,2017,215148.0,76679.0,0.541611,2.405872,TUR,TUN,6406
2180277,228,223,1380,2017,0.0,340268.0,0.461109,0.7826569999999999,UKR,TUN,6406
2180278,231,223,1380,2017,0.0,5607.0,1.601478,0.277271,USA,TUN,6406
2180279,239,223,1380,2017,13740371.0,0.0,-0.009819,0.686429,VNM,TUN,6406
2180280,249,223,1380,2017,6674.0,2880.0,2.0548290000000002,1.2552969999999999,TWN,TUN,6406
2180281,250,223,1380,2017,1014936.0,4009890.0,0.72523,-0.205046,ANS,TUN,6406
2180282,1,232,1380,2017,0.0,1530.0,-1.147348,-0.886799,AFG,UZB,6406
2180283,16,232,1380,2017,6073.0,0.0,-1.022455,-1.199225,AZE,UZB,6406
2180284,28,232,1380,2017,0.0,12104.0,0.8115829999999999,0.8323459999999999,BLR,UZB,6406
2180285,43,232,1380,2017,12588322.0,0.0,1.1127790000000002,1.56869,CHN,UZB,6406
2180286,64,232,1380,2017,1953.0,0.0,1.159753,1.233914,DNK,UZB,6406
2180287,115,232,1380,2017,17094.0,60152.0,-0.394316,-0.5485979999999999,KAZ,UZB,6406
2180288,117,232,1380,2017,0.0,24790.0,-0.11530599999999999,0.264752,KGZ,UZB,6406
2180289,135,232,1380,2017,216364.0,0.0,-0.24909,-0.181213,MDA,UZB,6406
2180290,186,232,1380,2017,10388.0,468289.0,0.32885,0.288392,RUS,UZB,6406
2180291,224,232,1380,2017,3697151.0,0.0,0.541611,2.405872,TUR,UZB,6406
2180292,43,13,1380,2017,2848.0,0.0,1.1127790000000002,1.56869,CHN,ATG,6406
2180293,231,13,1380,2017,9991.0,0.0,1.601478,0.277271,USA,ATG,6406
2180294,43,19,1380,2017,123894.0,0.0,1.1127790000000002,1.56869,CHN,BEN,6406
2180295,44,19,1380,2017,2806.0,0.0,-0.784119,-0.904135,CIV,BEN,6406
2180296,77,19,1380,2017,11031.0,0.0,1.398427,0.894732,FRA,BEN,6406
2180297,121,19,1380,2017,0.0,1548.0,2.011263,0.783215,KOR,BEN,6406
2180298,159,19,1380,2017,3207.0,0.0,-1.8260919999999998,-1.276591,NGA,BEN,6406
2180299,215,19,1380,2017,3324.0,0.0,-0.8957450000000001,-0.891191,TGO,BEN,6406
2180300,224,19,1380,2017,0.0,17424.0,0.541611,2.405872,TUR,BEN,6406
2180301,246,19,1380,2017,0.0,792.0,0.2066,1.378591,ZAF,BEN,6406
2180302,43,21,1380,2017,3142.0,0.0,1.1127790000000002,1.56869,CHN,BFA,6406
2180303,44,21,1380,2017,0.0,7948.0,-0.784119,-0.904135,CIV,BFA,6406
2180304,77,21,1380,2017,1124.0,0.0,1.398427,0.894732,FRA,BFA,6406
2180305,18,22,1380,2017,5691.0,7505.0,1.292657,1.19571,BEL,BGD,6406
2180306,26,22,1380,2017,0.0,27241.0,0.43245,0.726721,BIH,BGD,6406
2180307,39,22,1380,2017,37255.0,0.0,0.73897,1.206402,CAN,BGD,6406
2180308,41,22,1380,2017,0.0,2539.0,2.2557810000000003,0.845459,CHE,BGD,6406
2180309,43,22,1380,2017,88105335.0,1235776.0,1.1127790000000002,1.56869,CHN,BGD,6406
2180310,61,22,1380,2017,0.0,22638.0,2.1149459999999998,-2.525372,DEU,BGD,6406
2180311,71,22,1380,2017,0.0,748196.0,0.734342,2.8180099999999997,ESP,BGD,6406
2180312,75,22,1380,2017,0.0,50478.0,-0.278276,-0.033997,FJI,BGD,6406
2180313,77,22,1380,2017,0.0,762607.0,1.398427,0.894732,FRA,BGD,6406
2180314,81,22,1380,2017,0.0,1144.0,1.6883119999999998,0.8347469999999999,GBR,BGD,6406
2180315,97,22,1380,2017,9931137.0,51338.0,0.824982,1.7162220000000001,HKG,BGD,6406
2180316,104,22,1380,2017,2114341.0,35100.0,0.290576,2.726391,IND,BGD,6406
2180317,111,22,1380,2017,7172657.0,7166607.0,1.34395,0.577693,ITA,BGD,6406
2180318,114,22,1380,2017,0.0,103748.0,2.4510419999999997,-0.277357,JPN,BGD,6406
2180319,121,22,1380,2017,3324741.0,109826.0,2.011263,0.783215,KOR,BGD,6406
2180320,143,22,1380,2017,0.0,27162.0,-1.051544,-0.419183,MMR,BGD,6406
2180321,153,22,1380,2017,2352.0,0.0,1.0110139999999999,0.6840729999999999,MYS,BGD,6406
2180322,168,22,1380,2017,6228.0,0.0,-0.698561,0.43523500000000004,PAK,BGD,6406
2180323,174,22,1380,2017,0.0,1858.0,0.657759,0.170061,PHL,BGD,6406
2180324,177,22,1380,2017,3511893.0,1159296.0,1.197417,1.092716,POL,BGD,6406
2180325,186,22,1380,2017,0.0,13770.0,0.32885,0.288392,RUS,BGD,6406
2180326,192,22,1380,2017,0.0,26238.0,1.884166,0.37903600000000004,SGP,BGD,6406
2180327,216,22,1380,2017,69174.0,0.0,0.983977,1.3926020000000001,THA,BGD,6406
2180328,224,22,1380,2017,0.0,115038.0,0.541611,2.405872,TUR,BGD,6406
2180329,228,22,1380,2017,26250.0,3685718.0,0.461109,0.7826569999999999,UKR,BGD,6406
2180330,231,22,1380,2017,0.0,3338.0,1.601478,0.277271,USA,BGD,6406
2180331,239,22,1380,2017,1942783.0,0.0,-0.009819,0.686429,VNM,BGD,6406
2180332,249,22,1380,2017,1562311.0,0.0,2.0548290000000002,1.2552969999999999,TWN,BGD,6406
2180333,43,25,1380,2017,49821.0,0.0,1.1127790000000002,1.56869,CHN,BHS,6406
2180334,63,25,1380,2017,22203.0,0.0,0.283171,-0.22632800000000003,DMA,BHS,6406
2180335,231,25,1380,2017,35045.0,0.0,1.601478,0.277271,USA,BHS,6406
2180336,43,37,1380,2017,48602.0,0.0,1.1127790000000002,1.56869,CHN,BWA,6406
2180337,61,37,1380,2017,1252.0,0.0,2.1149459999999998,-2.525372,DEU,BWA,6406
2180338,81,37,1380,2017,1206.0,0.0,1.6883119999999998,0.8347469999999999,GBR,BWA,6406
2180339,155,37,1380,2017,4599.0,63019.0,-0.5221060000000001,-0.7365079999999999,NAM,BWA,6406
2180340,226,37,1380,2017,0.0,480.0,-1.0691709999999999,0.11636800000000001,TZA,BWA,6406
2180341,246,37,1380,2017,148132.0,27154.0,0.2066,1.378591,ZAF,BWA,6406
2180342,248,37,1380,2017,0.0,7516.0,-1.101402,-1.0831680000000001,ZWE,BWA,6406
2180343,18,44,1380,2017,11450.0,0.0,1.292657,1.19571,BEL,CIV,6406
2180344,19,44,1380,2017,0.0,2806.0,-0.755027,-0.796864,BEN,CIV,6406
2180345,21,44,1380,2017,7948.0,0.0,-1.100802,-1.0632110000000001,BFA,CIV,6406
2180346,43,44,1380,2017,222374.0,0.0,1.1127790000000002,1.56869,CHN,CIV,6406
2180347,77,44,1380,2017,160743.0,0.0,1.398427,0.894732,FRA,CIV,6406
2180348,83,44,1380,2017,4981.0,40216.0,-0.929143,-0.811439,GHA,CIV,6406
2180349,104,44,1380,2017,88251.0,0.0,0.290576,2.726391,IND,CIV,6406
2180350,111,44,1380,2017,33757.0,0.0,1.34395,0.577693,ITA,CIV,6406
2180351,159,44,1380,2017,1659.0,9953.0,-1.8260919999999998,-1.276591,NGA,CIV,6406
2180352,179,44,1380,2017,12588.0,0.0,0.527046,2.264624,PRT,CIV,6406
2180353,38,45,1380,2017,744.0,0.0,-0.289049,-0.648497,CAF,CMR,6406
2180354,43,45,1380,2017,1483827.0,0.0,1.1127790000000002,1.56869,CHN,CMR,6406
2180355,71,45,1380,2017,1090.0,0.0,0.734342,2.8180099999999997,ESP,CMR,6406
2180356,77,45,1380,2017,68531.0,0.0,1.398427,0.894732,FRA,CMR,6406
2180357,111,45,1380,2017,293690.0,0.0,1.34395,0.577693,ITA,CMR,6406
2180358,134,45,1380,2017,16308.0,0.0,-0.757236,-0.065347,MAR,CMR,6406
2180359,159,45,1380,2017,1204.0,0.0,-1.8260919999999998,-1.276591,NGA,CMR,6406
2180360,2,46,1380,2017,205989.0,3490.0,-1.408777,-1.215475,AGO,COD,6406
2180361,18,46,1380,2017,68888.0,0.0,1.292657,1.19571,BEL,COD,6406
2180362,43,46,1380,2017,498464.0,0.0,1.1127790000000002,1.56869,CHN,COD,6406
2180363,111,46,1380,2017,49890.0,0.0,1.34395,0.577693,ITA,COD,6406
2180364,216,46,1380,2017,0.0,14467.0,0.983977,1.3926020000000001,THA,COD,6406
2180365,246,46,1380,2017,13915.0,0.0,0.2066,1.378591,ZAF,COD,6406
2180366,43,47,1380,2017,51162.0,0.0,1.1127790000000002,1.56869,CHN,COG,6406
2180367,71,47,1380,2017,3510.0,0.0,0.734342,2.8180099999999997,ESP,COG,6406
2180368,77,47,1380,2017,2828.0,0.0,1.398427,0.894732,FRA,COG,6406
2180369,124,47,1380,2017,33035.0,0.0,0.266847,1.117621,LBN,COG,6406
2180370,246,47,1380,2017,2923.0,0.0,0.2066,1.378591,ZAF,COG,6406
2180371,32,51,1380,2017,1599.0,0.0,0.145224,0.483461,BRA,CPV,6406
2180372,71,51,1380,2017,772.0,0.0,0.734342,2.8180099999999997,ESP,CPV,6406
2180373,179,51,1380,2017,768691.0,2938846.0,0.527046,2.264624,PRT,CPV,6406
2180374,32,54,1380,2017,66841.0,0.0,0.145224,0.483461,BRA,CUB,6406
2180375,43,54,1380,2017,11116959.0,0.0,1.1127790000000002,1.56869,CHN,CUB,6406
2180376,49,54,1380,2017,80090.0,0.0,0.208096,-0.17644300000000002,COL,CUB,6406
2180377,67,54,1380,2017,1001.0,0.0,-0.9995850000000001,-1.086367,ECU,CUB,6406
2180378,71,54,1380,2017,19885.0,0.0,0.734342,2.8180099999999997,ESP,CUB,6406
2180379,138,54,1380,2017,363253.0,0.0,1.08871,0.5745279999999999,MEX,CUB,6406
2180380,169,54,1380,2017,2240.0,0.0,0.5520109999999999,0.788181,PAN,CUB,6406
2180381,43,62,1380,2017,2562168.0,0.0,1.1127790000000002,1.56869,CHN,DJI,6406
2180382,97,62,1380,2017,1117.0,0.0,0.824982,1.7162220000000001,HKG,DJI,6406
2180383,104,62,1380,2017,2458.0,0.0,0.290576,2.726391,IND,DJI,6406
2180384,18,66,1380,2017,10941.0,0.0,1.292657,1.19571,BEL,DZA,6406
2180385,43,66,1380,2017,1001688.0,0.0,1.1127790000000002,1.56869,CHN,DZA,6406
2180386,61,66,1380,2017,3717.0,0.0,2.1149459999999998,-2.525372,DEU,DZA,6406
2180387,68,66,1380,2017,3927.0,0.0,-0.073436,1.829121,EGY,DZA,6406
2180388,71,66,1380,2017,1860218.0,3910.0,0.734342,2.8180099999999997,ESP,DZA,6406
2180389,77,66,1380,2017,161035.0,0.0,1.398427,0.894732,FRA,DZA,6406
2180390,81,66,1380,2017,42175.0,0.0,1.6883119999999998,0.8347469999999999,GBR,DZA,6406
2180391,104,66,1380,2017,378537.0,0.0,0.290576,2.726391,IND,DZA,6406
2180392,111,66,1380,2017,465371.0,0.0,1.34395,0.577693,ITA,DZA,6406
2180393,162,66,1380,2017,42855.0,0.0,1.146959,1.470869,NLD,DZA,6406
2180394,223,66,1380,2017,12667.0,0.0,0.224119,0.961772,TUN,DZA,6406
2180395,224,66,1380,2017,378104.0,4355.0,0.541611,2.405872,TUR,DZA,6406
2180396,249,66,1380,2017,14379.0,0.0,2.0548290000000002,1.2552969999999999,TWN,DZA,6406
2180397,43,73,1380,2017,3401666.0,68132.0,1.1127790000000002,1.56869,CHN,ETH,6406
2180398,61,73,1380,2017,3781.0,0.0,2.1149459999999998,-2.525372,DEU,ETH,6406
2180399,64,73,1380,2017,111873.0,0.0,1.159753,1.233914,DNK,ETH,6406
2180400,83,73,1380,2017,0.0,774.0,-0.929143,-0.811439,GHA,ETH,6406
2180401,97,73,1380,2017,3037.0,0.0,0.824982,1.7162220000000001,HKG,ETH,6406
2180402,101,73,1380,2017,203456.0,0.0,-1.0089219999999999,-0.946722,HTI,ETH,6406
2180403,104,73,1380,2017,0.0,30628.0,0.290576,2.726391,IND,ETH,6406
2180404,111,73,1380,2017,312709.0,20013.0,1.34395,0.577693,ITA,ETH,6406
2180405,116,73,1380,2017,0.0,2555.0,-0.579541,0.511926,KEN,ETH,6406
2180406,224,73,1380,2017,111372.0,0.0,0.541611,2.405872,TUR,ETH,6406
2180407,227,73,1380,2017,0.0,7375.0,-0.6831020000000001,-0.046838,UGA,ETH,6406
2180408,231,73,1380,2017,1110.0,0.0,1.601478,0.277271,USA,ETH,6406
2180409,246,73,1380,2017,1012.0,0.0,0.2066,1.378591,ZAF,ETH,6406
2180410,249,73,1380,2017,47116.0,0.0,2.0548290000000002,1.2552969999999999,TWN,ETH,6406
2180411,43,80,1380,2017,18248.0,0.0,1.1127790000000002,1.56869,CHN,GAB,6406
2180412,77,80,1380,2017,5476.0,0.0,1.398427,0.894732,FRA,GAB,6406
2180413,32,83,1380,2017,940.0,0.0,0.145224,0.483461,BRA,GHA,6406
2180414,43,83,1380,2017,1884942.0,0.0,1.1127790000000002,1.56869,CHN,GHA,6406
2180415,44,83,1380,2017,40216.0,4981.0,-0.784119,-0.904135,CIV,GHA,6406
2180416,61,83,1380,2017,15516.0,0.0,2.1149459999999998,-2.525372,DEU,GHA,6406
2180417,71,83,1380,2017,996268.0,0.0,0.734342,2.8180099999999997,ESP,GHA,6406
2180418,73,83,1380,2017,774.0,0.0,-1.007413,-0.638231,ETH,GHA,6406
2180419,77,83,1380,2017,1727.0,0.0,1.398427,0.894732,FRA,GHA,6406
2180420,81,83,1380,2017,1870.0,0.0,1.6883119999999998,0.8347469999999999,GBR,GHA,6406
2180421,97,83,1380,2017,9964.0,0.0,0.824982,1.7162220000000001,HKG,GHA,6406
2180422,104,83,1380,2017,89498.0,0.0,0.290576,2.726391,IND,GHA,6406
2180423,111,83,1380,2017,53719.0,0.0,1.34395,0.577693,ITA,GHA,6406
2180424,134,83,1380,2017,1107.0,0.0,-0.757236,-0.065347,MAR,GHA,6406
2180425,141,83,1380,2017,0.0,14008.0,-0.5927899999999999,-0.707245,MLI,GHA,6406
2180426,153,83,1380,2017,2246.0,0.0,1.0110139999999999,0.6840729999999999,MYS,GHA,6406
2180427,159,83,1380,2017,32911.0,0.0,-1.8260919999999998,-1.276591,NGA,GHA,6406
2180428,162,83,1380,2017,43128.0,0.0,1.146959,1.470869,NLD,GHA,6406
2180429,215,83,1380,2017,5488.0,0.0,-0.8957450000000001,-0.891191,TGO,GHA,6406
2180430,216,83,1380,2017,5663.0,0.0,0.983977,1.3926020000000001,THA,GHA,6406
2180431,246,83,1380,2017,36847.0,0.0,0.2066,1.378591,ZAF,GHA,6406
2180432,249,83,1380,2017,6349.0,0.0,2.0548290000000002,1.2552969999999999,TWN,GHA,6406
2180433,43,85,1380,2017,16613.0,0.0,1.1127790000000002,1.56869,CHN,GIN,6406
2180434,77,85,1380,2017,1288.0,0.0,1.398427,0.894732,FRA,GIN,6406
2180435,104,85,1380,2017,1972.0,0.0,0.290576,2.726391,IND,GIN,6406
2180436,43,89,1380,2017,1253.0,0.0,1.1127790000000002,1.56869,CHN,GNQ,6406
2180437,7,141,1380,2017,1864.0,0.0,0.210477,0.02557,ARE,MLI,6406
2180438,14,141,1380,2017,1422.0,0.0,-0.42427200000000004,-0.152921,AUS,MLI,6406
2180439,43,141,1380,2017,18232.0,0.0,1.1127790000000002,1.56869,CHN,MLI,6406
2180440,61,141,1380,2017,17560.0,0.0,2.1149459999999998,-2.525372,DEU,MLI,6406
2180441,77,141,1380,2017,65582.0,0.0,1.398427,0.894732,FRA,MLI,6406
2180442,83,141,1380,2017,14008.0,0.0,-0.929143,-0.811439,GHA,MLI,6406
2180443,134,141,1380,2017,5966.0,0.0,-0.757236,-0.065347,MAR,MLI,6406
2180444,162,141,1380,2017,11120.0,0.0,1.146959,1.470869,NLD,MLI,6406
2180445,231,141,1380,2017,2749.0,0.0,1.601478,0.277271,USA,MLI,6406
2180446,246,141,1380,2017,18049.0,0.0,0.2066,1.378591,ZAF,MLI,6406
2180447,43,148,1380,2017,200050.0,0.0,1.1127790000000002,1.56869,CHN,MRT,6406
2180448,77,148,1380,2017,54183.0,0.0,1.398427,0.894732,FRA,MRT,6406
2180449,134,148,1380,2017,1615.0,0.0,-0.757236,-0.065347,MAR,MRT,6406
2180450,224,148,1380,2017,3465.0,0.0,0.541611,2.405872,TUR,MRT,6406
2180451,231,148,1380,2017,2553.0,0.0,1.601478,0.277271,USA,MRT,6406
2180452,43,151,1380,2017,556356.0,0.0,1.1127790000000002,1.56869,CHN,MUS,6406
2180453,61,151,1380,2017,6044.0,0.0,2.1149459999999998,-2.525372,DEU,MUS,6406
2180454,77,151,1380,2017,308114.0,6150.0,1.398427,0.894732,FRA,MUS,6406
2180455,104,151,1380,2017,167819.0,0.0,0.290576,2.726391,IND,MUS,6406
2180456,111,151,1380,2017,23827.0,0.0,1.34395,0.577693,ITA,MUS,6406
2180457,136,151,1380,2017,0.0,2868.0,-1.277182,-0.6503399999999999,MDG,MUS,6406
2180458,192,151,1380,2017,1059.0,0.0,1.884166,0.37903600000000004,SGP,MUS,6406
2180459,216,151,1380,2017,19862.0,0.0,0.983977,1.3926020000000001,THA,MUS,6406
2180460,231,151,1380,2017,0.0,50792.0,1.601478,0.277271,USA,MUS,6406
2180461,246,151,1380,2017,0.0,12891.0,0.2066,1.378591,ZAF,MUS,6406
2180462,43,152,1380,2017,694483.0,0.0,1.1127790000000002,1.56869,CHN,MWI,6406
2180463,97,152,1380,2017,24599.0,0.0,0.824982,1.7162220000000001,HKG,MWI,6406
2180464,116,152,1380,2017,1523.0,0.0,-0.579541,0.511926,KEN,MWI,6406
2180465,246,152,1380,2017,8962.0,0.0,0.2066,1.378591,ZAF,MWI,6406
2180466,37,155,1380,2017,63019.0,4599.0,-0.593754,-1.166742,BWA,NAM,6406
2180467,43,155,1380,2017,127593.0,0.0,1.1127790000000002,1.56869,CHN,NAM,6406
2180468,231,155,1380,2017,0.0,18964.0,1.601478,0.277271,USA,NAM,6406
2180469,246,155,1380,2017,150220.0,2133.0,0.2066,1.378591,ZAF,NAM,6406
2180470,7,159,1380,2017,3985.0,0.0,0.210477,0.02557,ARE,NGA,6406
2180471,19,159,1380,2017,0.0,3207.0,-0.755027,-0.796864,BEN,NGA,6406
2180472,43,159,1380,2017,87282283.0,0.0,1.1127790000000002,1.56869,CHN,NGA,6406
2180473,44,159,1380,2017,9953.0,1659.0,-0.784119,-0.904135,CIV,NGA,6406
2180474,45,159,1380,2017,0.0,1204.0,-1.048569,-1.030799,CMR,NGA,6406
2180475,61,159,1380,2017,1093.0,0.0,2.1149459999999998,-2.525372,DEU,NGA,6406
2180476,71,159,1380,2017,340901.0,0.0,0.734342,2.8180099999999997,ESP,NGA,6406
2180477,77,159,1380,2017,5545.0,0.0,1.398427,0.894732,FRA,NGA,6406
2180478,81,159,1380,2017,4046.0,0.0,1.6883119999999998,0.8347469999999999,GBR,NGA,6406
2180479,83,159,1380,2017,0.0,32911.0,-0.929143,-0.811439,GHA,NGA,6406
2180480,97,159,1380,2017,50393.0,0.0,0.824982,1.7162220000000001,HKG,NGA,6406
2180481,104,159,1380,2017,68531.0,0.0,0.290576,2.726391,IND,NGA,6406
2180482,111,159,1380,2017,3580754.0,0.0,1.34395,0.577693,ITA,NGA,6406
2180483,121,159,1380,2017,42389.0,0.0,2.011263,0.783215,KOR,NGA,6406
2180484,157,159,1380,2017,0.0,4215.0,-1.250156,-0.995524,NER,NGA,6406
2180485,185,159,1380,2017,34535.0,0.0,1.05479,0.9842219999999999,ROU,NGA,6406
2180486,188,159,1380,2017,5393.0,0.0,0.597716,-0.345049,SAU,NGA,6406
2180487,208,159,1380,2017,3278.0,0.0,1.764732,0.732646,SWE,NGA,6406
2180488,224,159,1380,2017,11887.0,0.0,0.541611,2.405872,TUR,NGA,6406
2180489,231,159,1380,2017,87527.0,0.0,1.601478,0.277271,USA,NGA,6406
2180490,246,159,1380,2017,31350.0,0.0,0.2066,1.378591,ZAF,NGA,6406
2180491,7,167,1380,2017,1192908.0,2673.0,0.210477,0.02557,ARE,OMN,6406
2180492,39,167,1380,2017,4494.0,0.0,0.73897,1.206402,CAN,OMN,6406
2180493,43,167,1380,2017,1094741.0,0.0,1.1127790000000002,1.56869,CHN,OMN,6406
2180494,58,167,1380,2017,29368.0,0.0,0.576982,0.279989,CYP,OMN,6406
2180495,61,167,1380,2017,5506.0,0.0,2.1149459999999998,-2.525372,DEU,OMN,6406
2180496,74,167,1380,2017,13744.0,0.0,1.655957,0.962485,FIN,OMN,6406
2180497,81,167,1380,2017,10523.0,0.0,1.6883119999999998,0.8347469999999999,GBR,OMN,6406
2180498,104,167,1380,2017,1279906.0,0.0,0.290576,2.726391,IND,OMN,6406
2180499,111,167,1380,2017,216508.0,0.0,1.34395,0.577693,ITA,OMN,6406
2180500,168,167,1380,2017,10348.0,0.0,-0.698561,0.43523500000000004,PAK,OMN,6406
2180501,179,167,1380,2017,7850.0,0.0,0.527046,2.264624,PRT,OMN,6406
2180502,183,167,1380,2017,0.0,129365.0,-0.361327,-1.066869,QAT,OMN,6406
2180503,188,167,1380,2017,21072.0,0.0,0.597716,-0.345049,SAU,OMN,6406
2180504,212,167,1380,2017,0.0,24919.0,-0.660905,0.345462,SYR,OMN,6406
2180505,216,167,1380,2017,137677.0,0.0,0.983977,1.3926020000000001,THA,OMN,6406
2180506,224,167,1380,2017,18213.0,0.0,0.541611,2.405872,TUR,OMN,6406
2180507,231,167,1380,2017,40043.0,0.0,1.601478,0.277271,USA,OMN,6406
2180508,243,167,1380,2017,0.0,19402.0,-1.397594,-1.2342110000000002,YEM,OMN,6406
2180509,14,176,1380,2017,7308.0,0.0,-0.42427200000000004,-0.152921,AUS,PNG,6406
2180510,43,176,1380,2017,55170.0,0.0,1.1127790000000002,1.56869,CHN,PNG,6406
2180511,103,176,1380,2017,5779.0,0.0,-0.23641700000000002,1.188173,IDN,PNG,6406
2180512,153,176,1380,2017,42942.0,0.0,1.0110139999999999,0.6840729999999999,MYS,PNG,6406
2180513,192,176,1380,2017,1369.0,0.0,1.884166,0.37903600000000004,SGP,PNG,6406
2180514,216,176,1380,2017,1247.0,0.0,0.983977,1.3926020000000001,THA,PNG,6406
2180515,43,178,1380,2017,4700889.0,324856.0,1.1127790000000002,1.56869,CHN,PRK,6406
2180516,104,178,1380,2017,2935.0,0.0,0.290576,2.726391,IND,PRK,6406
2180517,72,196,1380,2017,0.0,27377.0,1.010985,1.289633,EST,SLE,6406
2180518,81,196,1380,2017,11007.0,0.0,1.6883119999999998,0.8347469999999999,GBR,SLE,6406
2180519,231,196,1380,2017,0.0,10118.0,1.601478,0.277271,USA,SLE,6406
2180520,43,209,1380,2017,4715.0,0.0,1.1127790000000002,1.56869,CHN,SWZ,6406
2180521,111,209,1380,2017,879.0,0.0,1.34395,0.577693,ITA,SWZ,6406
2180522,246,209,1380,2017,36637.0,0.0,0.2066,1.378591,ZAF,SWZ,6406
2180523,43,214,1380,2017,12159.0,0.0,1.1127790000000002,1.56869,CHN,TCD,6406
2180524,19,215,1380,2017,0.0,3324.0,-0.755027,-0.796864,BEN,TGO,6406
2180525,43,215,1380,2017,90817.0,0.0,1.1127790000000002,1.56869,CHN,TGO,6406
2180526,83,215,1380,2017,0.0,5488.0,-0.929143,-0.811439,GHA,TGO,6406
2180527,43,219,1380,2017,59911.0,0.0,1.1127790000000002,1.56869,CHN,TKM,6406
2180528,107,219,1380,2017,90853.0,0.0,-0.361292,-0.361813,IRN,TKM,6406
2180529,224,219,1380,2017,1419508.0,0.0,0.541611,2.405872,TUR,TKM,6406
2180530,37,226,1380,2017,480.0,0.0,-0.593754,-1.166742,BWA,TZA,6406
2180531,43,226,1380,2017,3532289.0,0.0,1.1127790000000002,1.56869,CHN,TZA,6406
2180532,50,226,1380,2017,0.0,6321.0,-0.880647,-0.927383,COM,TZA,6406
2180533,97,226,1380,2017,27772.0,0.0,0.824982,1.7162220000000001,HKG,TZA,6406
2180534,104,226,1380,2017,9995.0,0.0,0.290576,2.726391,IND,TZA,6406
2180535,153,226,1380,2017,18111.0,0.0,1.0110139999999999,0.6840729999999999,MYS,TZA,6406
2180536,224,226,1380,2017,78719.0,0.0,0.541611,2.405872,TUR,TZA,6406
2180537,246,226,1380,2017,4379.0,0.0,0.2066,1.378591,ZAF,TZA,6406
2180538,7,227,1380,2017,3044.0,0.0,0.210477,0.02557,ARE,UGA,6406
2180539,17,227,1380,2017,0.0,6483.0,-0.637985,-1.051277,BDI,UGA,6406
2180540,43,227,1380,2017,675755.0,0.0,1.1127790000000002,1.56869,CHN,UGA,6406
2180541,64,227,1380,2017,5977.0,0.0,1.159753,1.233914,DNK,UGA,6406
2180542,68,227,1380,2017,2481.0,0.0,-0.073436,1.829121,EGY,UGA,6406
2180543,73,227,1380,2017,7375.0,0.0,-1.007413,-0.638231,ETH,UGA,6406
2180544,97,227,1380,2017,3591.0,0.0,0.824982,1.7162220000000001,HKG,UGA,6406
2180545,103,227,1380,2017,267.0,0.0,-0.23641700000000002,1.188173,IDN,UGA,6406
2180546,104,227,1380,2017,14206.0,0.0,0.290576,2.726391,IND,UGA,6406
2180547,111,227,1380,2017,7597.0,0.0,1.34395,0.577693,ITA,UGA,6406
2180548,116,227,1380,2017,29576.0,0.0,-0.579541,0.511926,KEN,UGA,6406
2180549,187,227,1380,2017,0.0,7208.0,-0.7610319999999999,-0.680251,RWA,UGA,6406
2180550,202,227,1380,2017,0.0,3241.0,-2.23581,-0.962008,SSD,UGA,6406
2180551,206,227,1380,2017,14085.0,0.0,1.279606,0.85503,SVK,UGA,6406
2180552,216,227,1380,2017,29219.0,0.0,0.983977,1.3926020000000001,THA,UGA,6406
2180553,239,227,1380,2017,1987.0,0.0,-0.009819,0.686429,VNM,UGA,6406
2180554,246,227,1380,2017,16502.0,0.0,0.2066,1.378591,ZAF,UGA,6406
2180555,103,237,1380,2017,0.0,61583.0,-0.23641700000000002,1.188173,IDN,VGB,6406
2180556,5,239,1380,2017,0.0,5937.0,1.097505,0.480863,AND,VNM,6406
2180557,7,239,1380,2017,9558.0,679334.0,0.210477,0.02557,ARE,VNM,6406
2180558,8,239,1380,2017,0.0,27106475.0,-0.120753,0.233375,ARG,VNM,6406
2180559,14,239,1380,2017,131685.0,1615518.0,-0.42427200000000004,-0.152921,AUS,VNM,6406
2180560,15,239,1380,2017,34818.0,6804986.0,1.728623,-0.031045999999999997,AUT,VNM,6406
2180561,18,239,1380,2017,3264.0,938973.0,1.292657,1.19571,BEL,VNM,6406
2180562,22,239,1380,2017,0.0,1942783.0,-1.016251,-0.987654,BGD,VNM,6406
2180563,24,239,1380,2017,0.0,4725.0,0.485479,-0.5348890000000001,BHR,VNM,6406
2180564,26,239,1380,2017,0.0,1375373.0,0.43245,0.726721,BIH,VNM,6406
2180565,28,239,1380,2017,0.0,16453.0,0.8115829999999999,0.8323459999999999,BLR,VNM,6406
2180566,32,239,1380,2017,762965.0,4621319.0,0.145224,0.483461,BRA,VNM,6406
2180567,39,239,1380,2017,8409.0,1349089.0,0.73897,1.206402,CAN,VNM,6406
2180568,41,239,1380,2017,45364.0,154188.0,2.2557810000000003,0.845459,CHE,VNM,6406
2180569,42,239,1380,2017,0.0,23820.0,-0.378693,-0.492983,CHL,VNM,6406
2180570,43,239,1380,2017,592436496.0,70617147.0,1.1127790000000002,1.56869,CHN,VNM,6406
2180571,49,239,1380,2017,3352.0,2042.0,0.208096,-0.17644300000000002,COL,VNM,6406
2180572,52,239,1380,2017,0.0,448397.0,0.288642,-0.056219000000000005,CRI,VNM,6406
2180573,59,239,1380,2017,5134.0,113974.0,1.7715130000000001,0.359668,CZE,VNM,6406
2180574,61,239,1380,2017,709671.0,4352689.0,2.1149459999999998,-2.525372,DEU,VNM,6406
2180575,64,239,1380,2017,20888.0,218203.0,1.159753,1.233914,DNK,VNM,6406
2180576,65,239,1380,2017,0.0,6411512.0,-0.168016,0.30840100000000004,DOM,VNM,6406
2180577,68,239,1380,2017,0.0,54235.0,-0.073436,1.829121,EGY,VNM,6406
2180578,71,239,1380,2017,27571.0,1344330.0,0.734342,2.8180099999999997,ESP,VNM,6406
2180579,72,239,1380,2017,0.0,5704.0,1.010985,1.289633,EST,VNM,6406
2180580,74,239,1380,2017,44778.0,8405914.0,1.655957,0.962485,FIN,VNM,6406
2180581,77,239,1380,2017,5567.0,3774869.0,1.398427,0.894732,FRA,VNM,6406
2180582,81,239,1380,2017,193169.0,2796732.0,1.6883119999999998,0.8347469999999999,GBR,VNM,6406
2180583,90,239,1380,2017,0.0,282218.0,0.154098,1.151038,GRC,VNM,6406
2180584,97,239,1380,2017,15598390.0,26318818.0,0.824982,1.7162220000000001,HKG,VNM,6406
2180585,100,239,1380,2017,0.0,1629445.0,0.860825,1.365445,HRV,VNM,6406
2180586,102,239,1380,2017,0.0,425072.0,1.4886270000000001,0.845986,HUN,VNM,6406
2180587,103,239,1380,2017,8396810.0,42148934.0,-0.23641700000000002,1.188173,IDN,VNM,6406
2180588,104,239,1380,2017,395111.0,5228430.0,0.290576,2.726391,IND,VNM,6406
2180589,106,239,1380,2017,0.0,3591.0,1.363544,0.169211,IRL,VNM,6406
2180590,109,239,1380,2017,0.0,20648.0,0.386094,-0.277269,ISL,VNM,6406
2180591,110,239,1380,2017,0.0,50599.0,1.436156,0.776574,ISR,VNM,6406
2180592,111,239,1380,2017,2691975.0,20225421.0,1.34395,0.577693,ITA,VNM,6406
2180593,113,239,1380,2017,0.0,19905.0,0.020035,0.295415,JOR,VNM,6406
2180594,114,239,1380,2017,2803154.0,16530971.0,2.4510419999999997,-0.277357,JPN,VNM,6406
2180595,118,239,1380,2017,1388288.0,61709571.0,-0.656325,-0.622167,KHM,VNM,6406
2180596,121,239,1380,2017,93011527.0,60610116.0,2.011263,0.783215,KOR,VNM,6406
2180597,122,239,1380,2017,0.0,53086.0,-0.229821,-1.128482,KWT,VNM,6406
2180598,123,239,1380,2017,0.0,40694.0,-0.9742190000000001,-0.727593,LAO,VNM,6406
2180599,124,239,1380,2017,0.0,93439.0,0.266847,1.117621,LBN,VNM,6406
2180600,128,239,1380,2017,31979530.0,0.0,-0.46442799999999995,0.472132,LKA,VNM,6406
2180601,130,239,1380,2017,0.0,16612.0,0.855858,1.447717,LTU,VNM,6406
2180602,131,239,1380,2017,0.0,1050.0,1.24064,1.298263,LUX,VNM,6406
2180603,133,239,1380,2017,9534.0,0.0,0.264006,-0.11028099999999999,MAC,VNM,6406
2180604,138,239,1380,2017,0.0,1308745.0,1.08871,0.5745279999999999,MEX,VNM,6406
2180605,140,239,1380,2017,0.0,9155.0,-0.0292,-0.377156,MKD,VNM,6406
2180606,143,239,1380,2017,0.0,17991645.0,-1.051544,-0.419183,MMR,VNM,6406
2180607,144,239,1380,2017,0.0,11588.0,0.201739,-0.23111399999999999,MNE,VNM,6406
2180608,153,239,1380,2017,43154.0,125142.0,1.0110139999999999,0.6840729999999999,MYS,VNM,6406
2180609,160,239,1380,2017,0.0,53771.0,-1.0502280000000002,-0.8817719999999999,NIC,VNM,6406
2180610,162,239,1380,2017,2125.0,169848.0,1.146959,1.470869,NLD,VNM,6406
2180611,163,239,1380,2017,0.0,99625.0,0.73658,0.11450199999999999,NOR,VNM,6406
2180612,166,239,1380,2017,0.0,175435.0,0.25651199999999996,0.132996,NZL,VNM,6406
2180613,168,239,1380,2017,0.0,16962.0,-0.698561,0.43523500000000004,PAK,VNM,6406
2180614,173,239,1380,2017,0.0,2466.0,-0.667658,-0.318344,PER,VNM,6406
2180615,174,239,1380,2017,246877.0,256337.0,0.657759,0.170061,PHL,VNM,6406
2180616,177,239,1380,2017,1054.0,272325.0,1.197417,1.092716,POL,VNM,6406
2180617,179,239,1380,2017,26017.0,4646748.0,0.527046,2.264624,PRT,VNM,6406
2180618,180,239,1380,2017,0.0,9309.0,-0.437741,-0.9248879999999999,PRY,VNM,6406
2180619,183,239,1380,2017,0.0,65366.0,-0.361327,-1.066869,QAT,VNM,6406
2180620,185,239,1380,2017,0.0,359097.0,1.05479,0.9842219999999999,ROU,VNM,6406
2180621,186,239,1380,2017,0.0,1891899.0,0.32885,0.288392,RUS,VNM,6406
2180622,188,239,1380,2017,0.0,286373.0,0.597716,-0.345049,SAU,VNM,6406
2180623,192,239,1380,2017,39980.0,195620.0,1.884166,0.37903600000000004,SGP,VNM,6406
2180624,201,239,1380,2017,0.0,239736.0,0.541644,1.19872,SRB,VNM,6406
2180625,206,239,1380,2017,35133.0,59404464.0,1.279606,0.85503,SVK,VNM,6406
2180626,207,239,1380,2017,0.0,339649.0,1.600319,0.854305,SVN,VNM,6406
2180627,208,239,1380,2017,0.0,483391.0,1.764732,0.732646,SWE,VNM,6406
2180628,216,239,1380,2017,5101420.0,21935318.0,0.983977,1.3926020000000001,THA,VNM,6406
2180629,223,239,1380,2017,0.0,13740371.0,0.224119,0.961772,TUN,VNM,6406
2180630,224,239,1380,2017,0.0,671450.0,0.541611,2.405872,TUR,VNM,6406
2180631,227,239,1380,2017,0.0,1987.0,-0.6831020000000001,-0.046838,UGA,VNM,6406
2180632,228,239,1380,2017,0.0,84044.0,0.461109,0.7826569999999999,UKR,VNM,6406
2180633,230,239,1380,2017,0.0,69896.0,0.16963,-0.403006,URY,VNM,6406
2180634,231,239,1380,2017,136968665.0,14739782.0,1.601478,0.277271,USA,VNM,6406
2180635,236,239,1380,2017,0.0,88773.0,-0.8874559999999999,-1.178752,VEN,VNM,6406
2180636,246,239,1380,2017,0.0,289029.0,0.2066,1.378591,ZAF,VNM,6406
2180637,249,239,1380,2017,23836870.0,483222.0,2.0548290000000002,1.2552969999999999,TWN,VNM,6406
2180638,250,239,1380,2017,8405288.0,88140.0,0.72523,-0.205046,ANS,VNM,6406
2180639,43,247,1380,2017,65955.0,0.0,1.1127790000000002,1.56869,CHN,ZMB,6406
2180640,104,247,1380,2017,222028.0,0.0,0.290576,2.726391,IND,ZMB,6406
2180641,246,247,1380,2017,280401.0,0.0,0.2066,1.378591,ZAF,ZMB,6406
2180642,248,247,1380,2017,44778.0,0.0,-1.101402,-1.0831680000000001,ZWE,ZMB,6406
2180643,249,247,1380,2017,715.0,0.0,2.0548290000000002,1.2552969999999999,TWN,ZMB,6406
2180644,32,248,1380,2017,5359.0,0.0,0.145224,0.483461,BRA,ZWE,6406
2180645,37,248,1380,2017,7516.0,0.0,-0.593754,-1.166742,BWA,ZWE,6406
2180646,43,248,1380,2017,1853989.0,0.0,1.1127790000000002,1.56869,CHN,ZWE,6406
2180647,61,248,1380,2017,0.0,1309.0,2.1149459999999998,-2.525372,DEU,ZWE,6406
2180648,81,248,1380,2017,3645.0,0.0,1.6883119999999998,0.8347469999999999,GBR,ZWE,6406
2180649,97,248,1380,2017,8487.0,0.0,0.824982,1.7162220000000001,HKG,ZWE,6406
2180650,104,248,1380,2017,439629.0,0.0,0.290576,2.726391,IND,ZWE,6406
2180651,179,248,1380,2017,3459.0,0.0,0.527046,2.264624,PRT,ZWE,6406
2180652,231,248,1380,2017,0.0,8143.0,1.601478,0.277271,USA,ZWE,6406
2180653,246,248,1380,2017,75364.0,822.0,0.2066,1.378591,ZAF,ZWE,6406
2180654,247,248,1380,2017,0.0,44778.0,-0.8594290000000001,-1.0574459999999999,ZMB,ZWE,6406
2180655,249,248,1380,2017,1201.0,0.0,2.0548290000000002,1.2552969999999999,TWN,ZWE,6406
2180656,43,9,1380,2017,54951.0,0.0,1.1127790000000002,1.56869,CHN,ARM,6406
2180657,61,9,1380,2017,6895.0,7176.0,2.1149459999999998,-2.525372,DEU,ARM,6406
2180658,71,9,1380,2017,1703.0,0.0,0.734342,2.8180099999999997,ESP,ARM,6406
2180659,107,9,1380,2017,29791.0,0.0,-0.361292,-0.361813,IRN,ARM,6406
2180660,111,9,1380,2017,4414.0,0.0,1.34395,0.577693,ITA,ARM,6406
2180661,177,9,1380,2017,9398.0,0.0,1.197417,1.092716,POL,ARM,6406
2180662,186,9,1380,2017,616848.0,777889.0,0.32885,0.288392,RUS,ARM,6406
2180663,224,9,1380,2017,4007.0,0.0,0.541611,2.405872,TUR,ARM,6406
2180664,228,9,1380,2017,3685.0,0.0,0.461109,0.7826569999999999,UKR,ARM,6406
2180665,231,120,1380,2017,3747.0,0.0,1.601478,0.277271,USA,KNA,6406
2180666,103,35,1380,2017,2011.0,0.0,-0.23641700000000002,1.188173,IDN,BTN,6406
2180667,104,35,1380,2017,1982.0,0.0,0.290576,2.726391,IND,BTN,6406
2180668,231,57,1380,2017,8346.0,0.0,1.601478,0.277271,USA,CYM,6406
2180669,81,76,1380,2017,4283.0,0.0,1.6883119999999998,0.8347469999999999,GBR,FLK,6406
2180670,64,92,1380,2017,12045.0,0.0,1.159753,1.233914,DNK,GRL,6406
2180671,208,92,1380,2017,3471.0,0.0,1.764732,0.732646,SWE,GRL,6406
2180672,43,108,1380,2017,469271.0,0.0,1.1127790000000002,1.56869,CHN,IRQ,6406
2180673,61,108,1380,2017,19039.0,0.0,2.1149459999999998,-2.525372,DEU,IRQ,6406
2180674,68,108,1380,2017,1898.0,0.0,-0.073436,1.829121,EGY,IRQ,6406
2180675,81,108,1380,2017,1158.0,0.0,1.6883119999999998,0.8347469999999999,GBR,IRQ,6406
2180676,104,108,1380,2017,5511.0,0.0,0.290576,2.726391,IND,IRQ,6406
2180677,107,108,1380,2017,59520.0,0.0,-0.361292,-0.361813,IRN,IRQ,6406
2180678,216,108,1380,2017,257994.0,0.0,0.983977,1.3926020000000001,THA,IRQ,6406
2180679,224,108,1380,2017,459370.0,0.0,0.541611,2.405872,TUR,IRQ,6406
2180680,43,126,1380,2017,80154.0,0.0,1.1127790000000002,1.56869,CHN,LBY,6406
2180681,61,126,1380,2017,4825.0,0.0,2.1149459999999998,-2.525372,DEU,LBY,6406
2180682,97,126,1380,2017,1190.0,0.0,0.824982,1.7162220000000001,HKG,LBY,6406
2180683,121,126,1380,2017,20402.0,0.0,2.011263,0.783215,KOR,LBY,6406
2180684,224,126,1380,2017,6438.0,0.0,0.541611,2.405872,TUR,LBY,6406
2180685,15,140,1380,2017,3163.0,0.0,1.728623,-0.031045999999999997,AUT,MKD,6406
2180686,23,140,1380,2017,508192.0,535379.0,0.557843,1.7221119999999999,BGR,MKD,6406
2180687,26,140,1380,2017,0.0,460247.0,0.43245,0.726721,BIH,MKD,6406
2180688,41,140,1380,2017,12357.0,1091248.0,2.2557810000000003,0.845459,CHE,MKD,6406
2180689,43,140,1380,2017,21112.0,2466.0,1.1127790000000002,1.56869,CHN,MKD,6406
2180690,61,140,1380,2017,370084.0,572512.0,2.1149459999999998,-2.525372,DEU,MKD,6406
2180691,71,140,1380,2017,20104.0,0.0,0.734342,2.8180099999999997,ESP,MKD,6406
2180692,77,140,1380,2017,11822.0,0.0,1.398427,0.894732,FRA,MKD,6406
2180693,90,140,1380,2017,186130.0,0.0,0.154098,1.151038,GRC,MKD,6406
2180694,100,140,1380,2017,8433.0,0.0,0.860825,1.365445,HRV,MKD,6406
2180695,102,140,1380,2017,15438.0,0.0,1.4886270000000001,0.845986,HUN,MKD,6406
2180696,104,140,1380,2017,973.0,0.0,0.290576,2.726391,IND,MKD,6406
2180697,111,140,1380,2017,22519165.0,12997996.0,1.34395,0.577693,ITA,MKD,6406
2180698,153,140,1380,2017,1550.0,0.0,1.0110139999999999,0.6840729999999999,MYS,MKD,6406
2180699,163,140,1380,2017,0.0,1357.0,0.73658,0.11450199999999999,NOR,MKD,6406
2180700,177,140,1380,2017,10157.0,0.0,1.197417,1.092716,POL,MKD,6406
2180701,185,140,1380,2017,56432.0,88117.0,1.05479,0.9842219999999999,ROU,MKD,6406
2180702,201,140,1380,2017,286979.0,1498389.0,0.541644,1.19872,SRB,MKD,6406
2180703,207,140,1380,2017,17598.0,3308.0,1.600319,0.854305,SVN,MKD,6406
2180704,208,140,1380,2017,0.0,24445.0,1.764732,0.732646,SWE,MKD,6406
2180705,216,140,1380,2017,315.0,0.0,0.983977,1.3926020000000001,THA,MKD,6406
2180706,224,140,1380,2017,127188.0,0.0,0.541611,2.405872,TUR,MKD,6406
2180707,228,140,1380,2017,10201.0,0.0,0.461109,0.7826569999999999,UKR,MKD,6406
2180708,239,140,1380,2017,9155.0,0.0,-0.009819,0.686429,VNM,MKD,6406
2180709,249,140,1380,2017,285.0,0.0,2.0548290000000002,1.2552969999999999,TWN,MKD,6406
2180710,250,140,1380,2017,0.0,7786.0,0.72523,-0.205046,ANS,MKD,6406
2180711,43,145,1380,2017,20500.0,0.0,1.1127790000000002,1.56869,CHN,MNG,6406
2180712,61,145,1380,2017,19533.0,0.0,2.1149459999999998,-2.525372,DEU,MNG,6406
2180713,111,145,1380,2017,34471.0,0.0,1.34395,0.577693,ITA,MNG,6406
2180714,114,145,1380,2017,0.0,1526.0,2.4510419999999997,-0.277357,JPN,MNG,6406
2180715,121,145,1380,2017,1299.0,0.0,2.011263,0.783215,KOR,MNG,6406
2180716,163,145,1380,2017,0.0,2153.0,0.73658,0.11450199999999999,NOR,MNG,6406
2180717,186,145,1380,2017,180557.0,6648.0,0.32885,0.288392,RUS,MNG,6406
2180718,228,145,1380,2017,34832.0,0.0,0.461109,0.7826569999999999,UKR,MNG,6406
2180719,43,199,1380,2017,41521.0,0.0,1.1127790000000002,1.56869,CHN,SOM,6406
2180720,49,0,1380,2017,1096.0,0.0,0.208096,-0.17644300000000002,COL,ABW,6406
2180721,61,0,1380,2017,10879.0,0.0,2.1149459999999998,-2.525372,DEU,ABW,6406
2180722,190,0,1380,2017,0.0,3711.0,-1.567691,-1.257164,SDN,ABW,6406
2180723,231,0,1380,2017,30802.0,0.0,1.601478,0.277271,USA,ABW,6406
2180724,236,0,1380,2017,1310.0,0.0,-0.8874559999999999,-1.178752,VEN,ABW,6406
2180725,250,0,1380,2017,11511.0,0.0,0.72523,-0.205046,ANS,ABW,6406
2180726,7,1,1380,2017,6144.0,0.0,0.210477,0.02557,ARE,AFG,6406
2180727,43,1,1380,2017,73874.0,0.0,1.1127790000000002,1.56869,CHN,AFG,6406
2180728,104,1,1380,2017,6249.0,0.0,0.290576,2.726391,IND,AFG,6406
2180729,107,1,1380,2017,518681.0,0.0,-0.361292,-0.361813,IRN,AFG,6406
2180730,231,1,1380,2017,20718.0,0.0,1.601478,0.277271,USA,AFG,6406
2180731,232,1,1380,2017,1530.0,0.0,-0.407169,-0.264942,UZB,AFG,6406
2180732,7,2,1380,2017,6845.0,0.0,0.210477,0.02557,ARE,AGO,6406
2180733,18,2,1380,2017,7976.0,0.0,1.292657,1.19571,BEL,AGO,6406
2180734,32,2,1380,2017,165672.0,0.0,0.145224,0.483461,BRA,AGO,6406
2180735,43,2,1380,2017,171832.0,0.0,1.1127790000000002,1.56869,CHN,AGO,6406
2180736,46,2,1380,2017,3490.0,205989.0,-1.3960569999999999,-1.126784,COD,AGO,6406
2180737,61,2,1380,2017,2727.0,0.0,2.1149459999999998,-2.525372,DEU,AGO,6406
2180738,77,2,1380,2017,5326.0,0.0,1.398427,0.894732,FRA,AGO,6406
2180739,104,2,1380,2017,64038.0,0.0,0.290576,2.726391,IND,AGO,6406
2180740,162,2,1380,2017,7512.0,0.0,1.146959,1.470869,NLD,AGO,6406
2180741,179,2,1380,2017,21669.0,0.0,0.527046,2.264624,PRT,AGO,6406
2180742,231,2,1380,2017,1482.0,0.0,1.601478,0.277271,USA,AGO,6406
2180743,246,2,1380,2017,11301.0,0.0,0.2066,1.378591,ZAF,AGO,6406
2180744,103,3,1380,2017,0.0,2511.0,-0.23641700000000002,1.188173,IDN,AIA,6406
2180745,23,4,1380,2017,433866.0,776205.0,0.557843,1.7221119999999999,BGR,ALB,6406
2180746,26,4,1380,2017,487320.0,531864.0,0.43245,0.726721,BIH,ALB,6406
2180747,28,4,1380,2017,0.0,77011.0,0.8115829999999999,0.8323459999999999,BLR,ALB,6406
2180748,41,4,1380,2017,2992.0,26614.0,2.2557810000000003,0.845459,CHE,ALB,6406
2180749,43,4,1380,2017,351280.0,14485.0,1.1127790000000002,1.56869,CHN,ALB,6406
2180750,59,4,1380,2017,4359.0,397187.0,1.7715130000000001,0.359668,CZE,ALB,6406
2180751,61,4,1380,2017,2082702.0,82494.0,2.1149459999999998,-2.525372,DEU,ALB,6406
2180752,71,4,1380,2017,8952104.0,1889018.0,0.734342,2.8180099999999997,ESP,ALB,6406
2180753,74,4,1380,2017,0.0,1181.0,1.655957,0.962485,FIN,ALB,6406
2180754,77,4,1380,2017,0.0,253481.0,1.398427,0.894732,FRA,ALB,6406
2180755,81,4,1380,2017,1186.0,0.0,1.6883119999999998,0.8347469999999999,GBR,ALB,6406
2180756,90,4,1380,2017,46795.0,0.0,0.154098,1.151038,GRC,ALB,6406
2180757,97,4,1380,2017,251387.0,0.0,0.824982,1.7162220000000001,HKG,ALB,6406
2180758,100,4,1380,2017,0.0,896.0,0.860825,1.365445,HRV,ALB,6406
2180759,102,4,1380,2017,1869814.0,963567.0,1.4886270000000001,0.845986,HUN,ALB,6406
2180760,104,4,1380,2017,182545.0,15074.0,0.290576,2.726391,IND,ALB,6406
2180761,111,4,1380,2017,85223538.0,170775796.0,1.34395,0.577693,ITA,ALB,6406
2180762,118,4,1380,2017,36202.0,0.0,-0.656325,-0.622167,KHM,ALB,6406
2180763,177,4,1380,2017,26516.0,92018.0,1.197417,1.092716,POL,ALB,6406
2180764,179,4,1380,2017,488.0,0.0,0.527046,2.264624,PRT,ALB,6406
2180765,185,4,1380,2017,450633.0,840043.0,1.05479,0.9842219999999999,ROU,ALB,6406
2180766,201,4,1380,2017,1871431.0,5657817.0,0.541644,1.19872,SRB,ALB,6406
2180767,206,4,1380,2017,0.0,786.0,1.279606,0.85503,SVK,ALB,6406
2180768,224,4,1380,2017,1265638.0,0.0,0.541611,2.405872,TUR,ALB,6406
2180769,228,4,1380,2017,0.0,103371.0,0.461109,0.7826569999999999,UKR,ALB,6406
2180770,231,4,1380,2017,0.0,2122.0,1.601478,0.277271,USA,ALB,6406
2180771,15,5,1380,2017,1375.0,0.0,1.728623,-0.031045999999999997,AUT,AND,6406
2180772,26,5,1380,2017,1368.0,0.0,0.43245,0.726721,BIH,AND,6406
2180773,43,5,1380,2017,271.0,0.0,1.1127790000000002,1.56869,CHN,AND,6406
2180774,61,5,1380,2017,5602.0,0.0,2.1149459999999998,-2.525372,DEU,AND,6406
2180775,71,5,1380,2017,82499.0,0.0,0.734342,2.8180099999999997,ESP,AND,6406
2180776,77,5,1380,2017,60614.0,0.0,1.398427,0.894732,FRA,AND,6406
2180777,111,5,1380,2017,5131.0,0.0,1.34395,0.577693,ITA,AND,6406
2180778,121,5,1380,2017,494.0,0.0,2.011263,0.783215,KOR,AND,6406
2180779,134,5,1380,2017,679.0,0.0,-0.757236,-0.065347,MAR,AND,6406
2180780,174,5,1380,2017,1385.0,0.0,0.657759,0.170061,PHL,AND,6406
2180781,192,5,1380,2017,0.0,1111.0,1.884166,0.37903600000000004,SGP,AND,6406
2180782,239,5,1380,2017,5937.0,0.0,-0.009819,0.686429,VNM,AND,6406
2180783,43,17,1380,2017,1854.0,0.0,1.1127790000000002,1.56869,CHN,BDI,6406
2180784,116,17,1380,2017,8543.0,0.0,-0.579541,0.511926,KEN,BDI,6406
2180785,187,17,1380,2017,792.0,0.0,-0.7610319999999999,-0.680251,RWA,BDI,6406
2180786,227,17,1380,2017,6483.0,0.0,-0.6831020000000001,-0.046838,UGA,BDI,6406
2180787,32,29,1380,2017,0.0,55191.0,0.145224,0.483461,BRA,BLZ,6406
2180788,43,29,1380,2017,988.0,0.0,1.1127790000000002,1.56869,CHN,BLZ,6406
2180789,103,29,1380,2017,0.0,31260.0,-0.23641700000000002,1.188173,IDN,BLZ,6406
2180790,104,29,1380,2017,2661.0,0.0,0.290576,2.726391,IND,BLZ,6406
2180791,231,29,1380,2017,147389.0,2098.0,1.601478,0.277271,USA,BLZ,6406
2180792,81,30,1380,2017,6917.0,0.0,1.6883119999999998,0.8347469999999999,GBR,BMU,6406
2180793,111,30,1380,2017,4328.0,0.0,1.34395,0.577693,ITA,BMU,6406
2180794,231,30,1380,2017,55467.0,0.0,1.601478,0.277271,USA,BMU,6406
2180795,43,34,1380,2017,88897.0,0.0,1.1127790000000002,1.56869,CHN,BRN,6406
2180796,103,34,1380,2017,12363.0,67614.0,-0.23641700000000002,1.188173,IDN,BRN,6406
2180797,111,34,1380,2017,873.0,0.0,1.34395,0.577693,ITA,BRN,6406
2180798,121,34,1380,2017,1035.0,0.0,2.011263,0.783215,KOR,BRN,6406
2180799,153,34,1380,2017,119017.0,0.0,1.0110139999999999,0.6840729999999999,MYS,BRN,6406
2180800,192,34,1380,2017,9538.0,0.0,1.884166,0.37903600000000004,SGP,BRN,6406
2180801,231,34,1380,2017,905.0,0.0,1.601478,0.277271,USA,BRN,6406
2180802,45,38,1380,2017,0.0,744.0,-1.048569,-1.030799,CMR,CAF,6406
2180803,7,50,1380,2017,66894.0,0.0,0.210477,0.02557,ARE,COM,6406
2180804,43,50,1380,2017,117438.0,0.0,1.1127790000000002,1.56869,CHN,COM,6406
2180805,226,50,1380,2017,6321.0,0.0,-1.0691709999999999,0.11636800000000001,TZA,COM,6406
2180806,25,63,1380,2017,0.0,22203.0,0.81944,-0.30649499999999996,BHS,DMA,6406
2180807,39,63,1380,2017,0.0,5731.0,0.73897,1.206402,CAN,DMA,6406
2180808,43,63,1380,2017,6110.0,0.0,1.1127790000000002,1.56869,CHN,DMA,6406
2180809,111,69,1380,2017,11616.0,0.0,1.34395,0.577693,ITA,ERI,6406
2180810,14,75,1380,2017,10466.0,37417.0,-0.42427200000000004,-0.152921,AUS,FJI,6406
2180811,22,75,1380,2017,50478.0,0.0,-1.016251,-0.987654,BGD,FJI,6406
2180812,43,75,1380,2017,280592.0,0.0,1.1127790000000002,1.56869,CHN,FJI,6406
2180813,97,75,1380,2017,14285.0,1771.0,0.824982,1.7162220000000001,HKG,FJI,6406
2180814,104,75,1380,2017,157448.0,0.0,0.290576,2.726391,IND,FJI,6406
2180815,121,75,1380,2017,6021.0,0.0,2.011263,0.783215,KOR,FJI,6406
2180816,128,75,1380,2017,148720.0,0.0,-0.46442799999999995,0.472132,LKA,FJI,6406
2180817,166,75,1380,2017,10394.0,13681.0,0.25651199999999996,0.132996,NZL,FJI,6406
2180818,216,75,1380,2017,52389.0,0.0,0.983977,1.3926020000000001,THA,FJI,6406
2180819,249,75,1380,2017,24924.0,0.0,2.0548290000000002,1.2552969999999999,TWN,FJI,6406
2180820,64,78,1380,2017,20927.0,0.0,1.159753,1.233914,DNK,FRO,6406
2180821,74,78,1380,2017,2372.0,0.0,1.655957,0.962485,FIN,FRO,6406
2180822,208,78,1380,2017,1294.0,0.0,1.764732,0.732646,SWE,FRO,6406
2180823,71,84,1380,2017,9091.0,0.0,0.734342,2.8180099999999997,ESP,GIB,6406
2180824,43,87,1380,2017,154881.0,0.0,1.1127790000000002,1.56869,CHN,GMB,6406
2180825,97,87,1380,2017,3949.0,0.0,0.824982,1.7162220000000001,HKG,GMB,6406
2180826,103,87,1380,2017,1462.0,0.0,-0.23641700000000002,1.188173,IDN,GMB,6406
2180827,32,91,1380,2017,3387.0,0.0,0.145224,0.483461,BRA,GRD,6406
2180828,61,91,1380,2017,7730.0,0.0,2.1149459999999998,-2.525372,DEU,GRD,6406
2180829,97,95,1380,2017,1678.0,0.0,0.824982,1.7162220000000001,HKG,GUM,6406
2180830,192,95,1380,2017,6143.0,2031.0,1.884166,0.37903600000000004,SGP,GUM,6406
2180831,43,101,1380,2017,4685.0,0.0,1.1127790000000002,1.56869,CHN,HTI,6406
2180832,73,101,1380,2017,0.0,203456.0,-1.007413,-0.638231,ETH,HTI,6406
2180833,81,119,1380,2017,2337.0,0.0,1.6883119999999998,0.8347469999999999,GBR,KIR,6406
2180834,43,123,1380,2017,173714.0,0.0,1.1127790000000002,1.56869,CHN,LAO,6406
2180835,104,123,1380,2017,56847.0,0.0,0.290576,2.726391,IND,LAO,6406
2180836,111,123,1380,2017,0.0,348152.0,1.34395,0.577693,ITA,LAO,6406
2180837,114,123,1380,2017,176062.0,2470437.0,2.4510419999999997,-0.277357,JPN,LAO,6406
2180838,216,123,1380,2017,2100333.0,10170646.0,0.983977,1.3926020000000001,THA,LAO,6406
2180839,231,123,1380,2017,1623.0,0.0,1.601478,0.277271,USA,LAO,6406
2180840,239,123,1380,2017,40694.0,0.0,-0.009819,0.686429,VNM,LAO,6406
2180841,249,123,1380,2017,29979.0,8895.0,2.0548290000000002,1.2552969999999999,TWN,LAO,6406
2180842,43,129,1380,2017,352.0,0.0,1.1127790000000002,1.56869,CHN,LSO,6406
2180843,246,129,1380,2017,1673177.0,156134.0,0.2066,1.378591,ZAF,LSO,6406
2180844,39,133,1380,2017,0.0,56285.0,0.73897,1.206402,CAN,MAC,6406
2180845,41,133,1380,2017,15453.0,0.0,2.2557810000000003,0.845459,CHE,MAC,6406
2180846,43,133,1380,2017,204789.0,0.0,1.1127790000000002,1.56869,CHN,MAC,6406
2180847,77,133,1380,2017,90832.0,0.0,1.398427,0.894732,FRA,MAC,6406
2180848,81,133,1380,2017,212347.0,8809.0,1.6883119999999998,0.8347469999999999,GBR,MAC,6406
2180849,97,133,1380,2017,108493.0,5345.0,0.824982,1.7162220000000001,HKG,MAC,6406
2180850,111,133,1380,2017,79202.0,0.0,1.34395,0.577693,ITA,MAC,6406
2180851,121,133,1380,2017,0.0,16274.0,2.011263,0.783215,KOR,MAC,6406
2180852,174,133,1380,2017,0.0,35824.0,0.657759,0.170061,PHL,MAC,6406
2180853,192,133,1380,2017,0.0,17011.0,1.884166,0.37903600000000004,SGP,MAC,6406
2180854,231,133,1380,2017,0.0,18992.0,1.601478,0.277271,USA,MAC,6406
2180855,239,133,1380,2017,0.0,9534.0,-0.009819,0.686429,VNM,MAC,6406
2180856,249,133,1380,2017,9051.0,0.0,2.0548290000000002,1.2552969999999999,TWN,MAC,6406
2180857,43,137,1380,2017,57419.0,0.0,1.1127790000000002,1.56869,CHN,MDV,6406
2180858,77,137,1380,2017,1525.0,0.0,1.398427,0.894732,FRA,MDV,6406
2180859,81,137,1380,2017,6536.0,0.0,1.6883119999999998,0.8347469999999999,GBR,MDV,6406
2180860,216,137,1380,2017,29574.0,0.0,0.983977,1.3926020000000001,THA,MDV,6406
2180861,43,156,1380,2017,140574.0,0.0,1.1127790000000002,1.56869,CHN,NCL,6406
2180862,61,156,1380,2017,1279.0,0.0,2.1149459999999998,-2.525372,DEU,NCL,6406
2180863,77,156,1380,2017,51406.0,0.0,1.398427,0.894732,FRA,NCL,6406
2180864,166,156,1380,2017,1344.0,0.0,0.25651199999999996,0.132996,NZL,NCL,6406
2180865,43,157,1380,2017,1077.0,0.0,1.1127790000000002,1.56869,CHN,NER,6406
2180866,77,157,1380,2017,88236.0,0.0,1.398427,0.894732,FRA,NER,6406
2180867,159,157,1380,2017,4215.0,0.0,-1.8260919999999998,-1.276591,NGA,NER,6406
2180868,174,157,1380,2017,0.0,1923.0,0.657759,0.170061,PHL,NER,6406
2180869,39,164,1380,2017,0.0,2812.0,0.73897,1.206402,CAN,NPL,6406
2180870,43,164,1380,2017,1204510.0,0.0,1.1127790000000002,1.56869,CHN,NPL,6406
2180871,81,164,1380,2017,976.0,0.0,1.6883119999999998,0.8347469999999999,GBR,NPL,6406
2180872,97,164,1380,2017,4412.0,0.0,0.824982,1.7162220000000001,HKG,NPL,6406
2180873,104,164,1380,2017,1063083.0,0.0,0.290576,2.726391,IND,NPL,6406
2180874,208,164,1380,2017,0.0,1118.0,1.764732,0.732646,SWE,NPL,6406
2180875,216,164,1380,2017,6158.0,3648.0,0.983977,1.3926020000000001,THA,NPL,6406
2180876,231,164,1380,2017,0.0,31524.0,1.601478,0.277271,USA,NPL,6406
2180877,174,175,1380,2017,317.0,0.0,0.657759,0.170061,PHL,PLW,6406
2180878,231,175,1380,2017,1183.0,0.0,1.601478,0.277271,USA,PLW,6406
2180879,32,182,1380,2017,16839.0,0.0,0.145224,0.483461,BRA,PYF,6406
2180880,77,182,1380,2017,51645.0,0.0,1.398427,0.894732,FRA,PYF,6406
2180881,216,182,1380,2017,5623.0,0.0,0.983977,1.3926020000000001,THA,PYF,6406
2180882,231,182,1380,2017,3416.0,0.0,1.601478,0.277271,USA,PYF,6406
2180883,249,182,1380,2017,11335.0,0.0,2.0548290000000002,1.2552969999999999,TWN,PYF,6406
2180884,14,195,1380,2017,18716.0,0.0,-0.42427200000000004,-0.152921,AUS,SLB,6406
2180885,43,195,1380,2017,65694.0,0.0,1.1127790000000002,1.56869,CHN,SLB,6406
2180886,192,195,1380,2017,5963.0,0.0,1.884166,0.37903600000000004,SGP,SLB,6406
2180887,43,202,1380,2017,42300.0,0.0,1.1127790000000002,1.56869,CHN,SSD,6406
2180888,227,202,1380,2017,3241.0,0.0,-0.6831020000000001,-0.046838,UGA,SSD,6406
2180889,18,211,1380,2017,1040.0,0.0,1.292657,1.19571,BEL,SYC,6406
2180890,224,211,1380,2017,1170.0,0.0,0.541611,2.405872,TUR,SYC,6406
2180891,246,211,1380,2017,10347.0,0.0,0.2066,1.378591,ZAF,SYC,6406
2180892,7,212,1380,2017,0.0,12092.0,0.210477,0.02557,ARE,SYR,6406
2180893,43,212,1380,2017,725635.0,0.0,1.1127790000000002,1.56869,CHN,SYR,6406
2180894,68,212,1380,2017,0.0,24825.0,-0.073436,1.829121,EGY,SYR,6406
2180895,113,212,1380,2017,0.0,103887.0,0.020035,0.295415,JOR,SYR,6406
2180896,124,212,1380,2017,0.0,144953.0,0.266847,1.117621,LBN,SYR,6406
2180897,134,212,1380,2017,34072.0,0.0,-0.757236,-0.065347,MAR,SYR,6406
2180898,167,212,1380,2017,24919.0,0.0,-0.347684,-0.884569,OMN,SYR,6406
2180899,224,212,1380,2017,372265.0,0.0,0.541611,2.405872,TUR,SYR,6406
2180900,43,217,1380,2017,635091.0,0.0,1.1127790000000002,1.56869,CHN,TJK,6406
2180901,61,217,1380,2017,1624.0,0.0,2.1149459999999998,-2.525372,DEU,TJK,6406
2180902,135,217,1380,2017,33390.0,0.0,-0.24909,-0.181213,MDA,TJK,6406
2180903,186,217,1380,2017,53703.0,5271.0,0.32885,0.288392,RUS,TJK,6406
2180904,224,217,1380,2017,195039.0,0.0,0.541611,2.405872,TUR,TJK,6406
2180905,103,220,1380,2017,1337.0,0.0,-0.23641700000000002,1.188173,IDN,TLS,6406
2180906,14,240,1380,2017,45091.0,0.0,-0.42427200000000004,-0.152921,AUS,VUT,6406
2180907,43,243,1380,2017,75703.0,0.0,1.1127790000000002,1.56869,CHN,YEM,6406
2180908,68,243,1380,2017,1237.0,0.0,-0.073436,1.829121,EGY,YEM,6406
2180909,104,243,1380,2017,7265.0,0.0,0.290576,2.726391,IND,YEM,6406
2180910,167,243,1380,2017,19402.0,0.0,-0.347684,-0.884569,OMN,YEM,6406
2180911,249,243,1380,2017,7214.0,0.0,2.0548290000000002,1.2552969999999999,TWN,YEM,6406
2180912,32,242,1380,2017,0.0,15516.0,0.145224,0.483461,BRA,WSM,6406
2180913,43,242,1380,2017,15057.0,0.0,1.1127790000000002,1.56869,CHN,WSM,6406
2180914,97,242,1380,2017,4135.0,0.0,0.824982,1.7162220000000001,HKG,WSM,6406
2180915,103,242,1380,2017,18502.0,0.0,-0.23641700000000002,1.188173,IDN,WSM,6406
2180916,121,242,1380,2017,43280.0,0.0,2.011263,0.783215,KOR,WSM,6406
2180917,249,242,1380,2017,15618.0,0.0,2.0548290000000002,1.2552969999999999,TWN,WSM,6406
2180918,77,210,1380,2017,1798.0,0.0,1.398427,0.894732,FRA,SXM,6406
2180919,231,210,1380,2017,7539.0,38731.0,1.601478,0.277271,USA,SXM,6406
2180920,103,48,1380,2017,1329.0,0.0,-0.23641700000000002,1.188173,IDN,COK,6406
2180921,71,12,1380,2017,0.0,2580.0,0.734342,2.8180099999999997,ESP,ATF,6406
2180922,77,27,1380,2017,104573.0,0.0,1.398427,0.894732,FRA,BLM,6406
2180923,231,105,1380,2017,2886.0,0.0,1.601478,0.277271,USA,IOT,6406
2180924,1,7,1384,2017,1120.0,71478.0,-1.147348,-0.886799,AFG,ARE,6504
2180925,2,7,1384,2017,0.0,3039.0,-1.408777,-1.215475,AGO,ARE,6504
2180926,9,7,1384,2017,0.0,1138.0,-0.23846799999999999,-0.658774,ARM,ARE,6504
2180927,14,7,1384,2017,1901.0,6085.0,-0.42427200000000004,-0.152921,AUS,ARE,6504
2180928,15,7,1384,2017,1585.0,0.0,1.728623,-0.031045999999999997,AUT,ARE,6504
2180929,16,7,1384,2017,0.0,6072.0,-1.022455,-1.199225,AZE,ARE,6504
2180930,17,7,1384,2017,0.0,3978.0,-0.637985,-1.051277,BDI,ARE,6504
2180931,18,7,1384,2017,1077.0,9760.0,1.292657,1.19571,BEL,ARE,6504
2180932,22,7,1384,2017,190731.0,0.0,-1.016251,-0.987654,BGD,ARE,6504
2180933,23,7,1384,2017,26282.0,0.0,0.557843,1.7221119999999999,BGR,ARE,6504
2180934,24,7,1384,2017,3015.0,314169.0,0.485479,-0.5348890000000001,BHR,ARE,6504
2180935,32,7,1384,2017,1074.0,641.0,0.145224,0.483461,BRA,ARE,6504
2180936,39,7,1384,2017,36919.0,0.0,0.73897,1.206402,CAN,ARE,6504
2180937,41,7,1384,2017,1807.0,2916.0,2.2557810000000003,0.845459,CHE,ARE,6504
2180938,43,7,1384,2017,1908632.0,820858.0,1.1127790000000002,1.56869,CHN,ARE,6504
2180939,46,7,1384,2017,0.0,12663.0,-1.3960569999999999,-1.126784,COD,ARE,6504
2180940,49,7,1384,2017,9552.0,0.0,0.208096,-0.17644300000000002,COL,ARE,6504
2180941,59,7,1384,2017,15771.0,0.0,1.7715130000000001,0.359668,CZE,ARE,6504
2180942,61,7,1384,2017,13356.0,17934.0,2.1149459999999998,-2.525372,DEU,ARE,6504
2180943,62,7,1384,2017,0.0,7255.0,-0.4897,-0.7249180000000001,DJI,ARE,6504
2180944,64,7,1384,2017,969.0,0.0,1.159753,1.233914,DNK,ARE,6504
2180945,66,7,1384,2017,0.0,1919.0,-0.9905579999999999,-1.1996200000000001,DZA,ARE,6504
2180946,67,7,1384,2017,87010.0,0.0,-0.9995850000000001,-1.086367,ECU,ARE,6504
2180947,68,7,1384,2017,4555.0,44534.0,-0.073436,1.829121,EGY,ARE,6504
2180948,71,7,1384,2017,76615.0,1053.0,0.734342,2.8180099999999997,ESP,ARE,6504
2180949,77,7,1384,2017,47827.0,4635.0,1.398427,0.894732,FRA,ARE,6504
2180950,81,7,1384,2017,107227.0,1666.0,1.6883119999999998,0.8347469999999999,GBR,ARE,6504
2180951,82,7,1384,2017,0.0,2690.0,-0.241749,-0.374727,GEO,ARE,6504
2180952,83,7,1384,2017,0.0,4266.0,-0.929143,-0.811439,GHA,ARE,6504
2180953,97,7,1384,2017,9412.0,4160.0,0.824982,1.7162220000000001,HKG,ARE,6504
2180954,103,7,1384,2017,43206.0,0.0,-0.23641700000000002,1.188173,IDN,ARE,6504
2180955,104,7,1384,2017,251923.0,3432.0,0.290576,2.726391,IND,ARE,6504
2180956,106,7,1384,2017,1341.0,2070.0,1.363544,0.169211,IRL,ARE,6504
2180957,107,7,1384,2017,0.0,593853.0,-0.361292,-0.361813,IRN,ARE,6504
2180958,108,7,1384,2017,0.0,40194.0,-1.515339,-0.9462950000000001,IRQ,ARE,6504
2180959,111,7,1384,2017,125386.0,1818.0,1.34395,0.577693,ITA,ARE,6504
2180960,113,7,1384,2017,0.0,82646.0,0.020035,0.295415,JOR,ARE,6504
2180961,114,7,1384,2017,54887.0,14153.0,2.4510419999999997,-0.277357,JPN,ARE,6504
2180962,115,7,1384,2017,0.0,1930.0,-0.394316,-0.5485979999999999,KAZ,ARE,6504
2180963,116,7,1384,2017,0.0,1105.0,-0.579541,0.511926,KEN,ARE,6504
2180964,118,7,1384,2017,236484.0,0.0,-0.656325,-0.622167,KHM,ARE,6504
2180965,121,7,1384,2017,9420.0,38811.0,2.011263,0.783215,KOR,ARE,6504
2180966,122,7,1384,2017,143208.0,772849.0,-0.229821,-1.128482,KWT,ARE,6504
2180967,124,7,1384,2017,959.0,176820.0,0.266847,1.117621,LBN,ARE,6504
2180968,128,7,1384,2017,41525.0,0.0,-0.46442799999999995,0.472132,LKA,ARE,6504
2180969,134,7,1384,2017,0.0,10972.0,-0.757236,-0.065347,MAR,ARE,6504
2180970,135,7,1384,2017,1120.0,0.0,-0.24909,-0.181213,MDA,ARE,6504
2180971,136,7,1384,2017,1745.0,0.0,-1.277182,-0.6503399999999999,MDG,ARE,6504
2180972,138,7,1384,2017,4266.0,0.0,1.08871,0.5745279999999999,MEX,ARE,6504
2180973,140,7,1384,2017,1763.0,0.0,-0.0292,-0.377156,MKD,ARE,6504
2180974,141,7,1384,2017,0.0,9434.0,-0.5927899999999999,-0.707245,MLI,ARE,6504
2180975,143,7,1384,2017,19278.0,0.0,-1.051544,-0.419183,MMR,ARE,6504
2180976,151,7,1384,2017,0.0,935.0,-0.156616,0.073153,MUS,ARE,6504
2180977,153,7,1384,2017,11996.0,8484.0,1.0110139999999999,0.6840729999999999,MYS,ARE,6504
2180978,162,7,1384,2017,13085.0,0.0,1.146959,1.470869,NLD,ARE,6504
2180979,167,7,1384,2017,0.0,457984.0,-0.347684,-0.884569,OMN,ARE,6504
2180980,168,7,1384,2017,21994.0,8604.0,-0.698561,0.43523500000000004,PAK,ARE,6504
2180981,173,7,1384,2017,2301.0,0.0,-0.667658,-0.318344,PER,ARE,6504
2180982,174,7,1384,2017,12568.0,0.0,0.657759,0.170061,PHL,ARE,6504
2180983,177,7,1384,2017,2170.0,0.0,1.197417,1.092716,POL,ARE,6504
2180984,179,7,1384,2017,10947.0,0.0,0.527046,2.264624,PRT,ARE,6504
2180985,181,7,1384,2017,0.0,481.0,0.11852,0.609241,PSE,ARE,6504
2180986,183,7,1384,2017,566.0,237047.0,-0.361327,-1.066869,QAT,ARE,6504
2180987,185,7,1384,2017,34526.0,0.0,1.05479,0.9842219999999999,ROU,ARE,6504
2180988,188,7,1384,2017,0.0,1851423.0,0.597716,-0.345049,SAU,ARE,6504
2180989,191,7,1384,2017,0.0,2162.0,-0.6722899999999999,-0.26522199999999996,SEN,ARE,6504
2180990,192,7,1384,2017,7855.0,934.0,1.884166,0.37903600000000004,SGP,ARE,6504
2180991,201,7,1384,2017,0.0,1090.0,0.541644,1.19872,SRB,ARE,6504
2180992,206,7,1384,2017,2544.0,0.0,1.279606,0.85503,SVK,ARE,6504
2180993,211,7,1384,2017,0.0,677.0,0.41946000000000006,-0.523274,SYC,ARE,6504
2180994,212,7,1384,2017,11842.0,1314.0,-0.660905,0.345462,SYR,ARE,6504
2180995,216,7,1384,2017,24874.0,3586.0,0.983977,1.3926020000000001,THA,ARE,6504
2180996,223,7,1384,2017,3663.0,864.0,0.224119,0.961772,TUN,ARE,6504
2180997,224,7,1384,2017,17129.0,0.0,0.541611,2.405872,TUR,ARE,6504
2180998,226,7,1384,2017,0.0,3820.0,-1.0691709999999999,0.11636800000000001,TZA,ARE,6504
2180999,227,7,1384,2017,0.0,11265.0,-0.6831020000000001,-0.046838,UGA,ARE,6504
2181000,228,7,1384,2017,1881.0,0.0,0.461109,0.7826569999999999,UKR,ARE,6504
2181001,231,7,1384,2017,46279.0,7388.0,1.601478,0.277271,USA,ARE,6504
2181002,239,7,1384,2017,693332.0,0.0,-0.009819,0.686429,VNM,ARE,6504
2181003,246,7,1384,2017,3585.0,5774.0,0.2066,1.378591,ZAF,ARE,6504
2181004,249,7,1384,2017,69093.0,0.0,2.0548290000000002,1.2552969999999999,TWN,ARE,6504
2181005,43,8,1384,2017,573882.0,0.0,1.1127790000000002,1.56869,CHN,ARG,6504
2181006,67,8,1384,2017,33950.0,0.0,-0.9995850000000001,-1.086367,ECU,ARG,6504
2181007,71,8,1384,2017,5360.0,0.0,0.734342,2.8180099999999997,ESP,ARG,6504
2181008,77,8,1384,2017,3353.0,0.0,1.398427,0.894732,FRA,ARG,6504
2181009,111,8,1384,2017,2212.0,0.0,1.34395,0.577693,ITA,ARG,6504
2181010,138,8,1384,2017,8410.0,0.0,1.08871,0.5745279999999999,MEX,ARG,6504
2181011,180,8,1384,2017,0.0,7118.0,-0.437741,-0.9248879999999999,PRY,ARG,6504
2181012,230,8,1384,2017,0.0,1596.0,0.16963,-0.403006,URY,ARG,6504
2181013,231,8,1384,2017,33729.0,0.0,1.601478,0.277271,USA,ARG,6504
2181014,239,8,1384,2017,1083.0,0.0,-0.009819,0.686429,VNM,ARG,6504
2181015,7,15,1384,2017,0.0,1585.0,0.210477,0.02557,ARE,AUT,6504
2181016,14,15,1384,2017,0.0,8142.0,-0.42427200000000004,-0.152921,AUS,AUT,6504
2181017,18,15,1384,2017,3042.0,2789.0,1.292657,1.19571,BEL,AUT,6504
2181018,22,15,1384,2017,1582.0,0.0,-1.016251,-0.987654,BGD,AUT,6504
2181019,23,15,1384,2017,0.0,3065.0,0.557843,1.7221119999999999,BGR,AUT,6504
2181020,41,15,1384,2017,5592.0,19852.0,2.2557810000000003,0.845459,CHE,AUT,6504
2181021,43,15,1384,2017,214801.0,0.0,1.1127790000000002,1.56869,CHN,AUT,6504
2181022,59,15,1384,2017,61863.0,16575.0,1.7715130000000001,0.359668,CZE,AUT,6504
2181023,61,15,1384,2017,1931973.0,180365.0,2.1149459999999998,-2.525372,DEU,AUT,6504
2181024,64,15,1384,2017,6403.0,5085.0,1.159753,1.233914,DNK,AUT,6504
2181025,67,15,1384,2017,8142.0,0.0,-0.9995850000000001,-1.086367,ECU,AUT,6504
2181026,71,15,1384,2017,66309.0,3753.0,0.734342,2.8180099999999997,ESP,AUT,6504
2181027,77,15,1384,2017,102270.0,1574.0,1.398427,0.894732,FRA,AUT,6504
2181028,81,15,1384,2017,194827.0,6069.0,1.6883119999999998,0.8347469999999999,GBR,AUT,6504
2181029,97,15,1384,2017,1204.0,24092.0,0.824982,1.7162220000000001,HKG,AUT,6504
2181030,100,15,1384,2017,0.0,24986.0,0.860825,1.365445,HRV,AUT,6504
2181031,102,15,1384,2017,53423.0,6511.0,1.4886270000000001,0.845986,HUN,AUT,6504
2181032,104,15,1384,2017,1164.0,0.0,0.290576,2.726391,IND,AUT,6504
2181033,106,15,1384,2017,34345.0,0.0,1.363544,0.169211,IRL,AUT,6504
2181034,110,15,1384,2017,0.0,4008.0,1.436156,0.776574,ISR,AUT,6504
2181035,111,15,1384,2017,604950.0,22608.0,1.34395,0.577693,ITA,AUT,6504
2181036,114,15,1384,2017,0.0,150128.0,2.4510419999999997,-0.277357,JPN,AUT,6504
2181037,121,15,1384,2017,0.0,13817.0,2.011263,0.783215,KOR,AUT,6504
2181038,124,15,1384,2017,0.0,3199.0,0.266847,1.117621,LBN,AUT,6504
2181039,128,15,1384,2017,851.0,0.0,-0.46442799999999995,0.472132,LKA,AUT,6504
2181040,136,15,1384,2017,813.0,0.0,-1.277182,-0.6503399999999999,MDG,AUT,6504
2181041,138,15,1384,2017,2335.0,0.0,1.08871,0.5745279999999999,MEX,AUT,6504
2181042,162,15,1384,2017,146433.0,7943.0,1.146959,1.470869,NLD,AUT,6504
2181043,168,15,1384,2017,2750.0,0.0,-0.698561,0.43523500000000004,PAK,AUT,6504
2181044,173,15,1384,2017,594.0,0.0,-0.667658,-0.318344,PER,AUT,6504
2181045,174,15,1384,2017,47733.0,0.0,0.657759,0.170061,PHL,AUT,6504
2181046,177,15,1384,2017,26364.0,7674.0,1.197417,1.092716,POL,AUT,6504
2181047,183,15,1384,2017,0.0,796.0,-0.361327,-1.066869,QAT,AUT,6504
2181048,185,15,1384,2017,0.0,51570.0,1.05479,0.9842219999999999,ROU,AUT,6504
2181049,186,15,1384,2017,0.0,1197.0,0.32885,0.288392,RUS,AUT,6504
2181050,201,15,1384,2017,122722.0,16129.0,0.541644,1.19872,SRB,AUT,6504
2181051,206,15,1384,2017,162164.0,11760.0,1.279606,0.85503,SVK,AUT,6504
2181052,207,15,1384,2017,0.0,33867.0,1.600319,0.854305,SVN,AUT,6504
2181053,208,15,1384,2017,3003.0,6451.0,1.764732,0.732646,SWE,AUT,6504
2181054,224,15,1384,2017,4776.0,0.0,0.541611,2.405872,TUR,AUT,6504
2181055,231,15,1384,2017,8835.0,11944.0,1.601478,0.277271,USA,AUT,6504
2181056,239,15,1384,2017,7080.0,0.0,-0.009819,0.686429,VNM,AUT,6504
2181057,249,15,1384,2017,14557.0,0.0,2.0548290000000002,1.2552969999999999,TWN,AUT,6504
2181058,7,18,1384,2017,9760.0,1077.0,0.210477,0.02557,ARE,BEL,6504
2181059,14,18,1384,2017,0.0,4384.0,-0.42427200000000004,-0.152921,AUS,BEL,6504
2181060,15,18,1384,2017,2789.0,3042.0,1.728623,-0.031045999999999997,AUT,BEL,6504
2181061,17,18,1384,2017,623.0,0.0,-0.637985,-1.051277,BDI,BEL,6504
2181062,22,18,1384,2017,23627.0,0.0,-1.016251,-0.987654,BGD,BEL,6504
2181063,23,18,1384,2017,33053.0,76026.0,0.557843,1.7221119999999999,BGR,BEL,6504
2181064,39,18,1384,2017,0.0,1662.0,0.73897,1.206402,CAN,BEL,6504
2181065,41,18,1384,2017,0.0,7374.0,2.2557810000000003,0.845459,CHE,BEL,6504
2181066,43,18,1384,2017,2890956.0,13631.0,1.1127790000000002,1.56869,CHN,BEL,6504
2181067,49,18,1384,2017,1095.0,0.0,0.208096,-0.17644300000000002,COL,BEL,6504
2181068,59,18,1384,2017,2826.0,17360.0,1.7715130000000001,0.359668,CZE,BEL,6504
2181069,61,18,1384,2017,399693.0,486808.0,2.1149459999999998,-2.525372,DEU,BEL,6504
2181070,64,18,1384,2017,7501.0,3807.0,1.159753,1.233914,DNK,BEL,6504
2181071,67,18,1384,2017,38085.0,0.0,-0.9995850000000001,-1.086367,ECU,BEL,6504
2181072,71,18,1384,2017,113022.0,11384.0,0.734342,2.8180099999999997,ESP,BEL,6504
2181073,74,18,1384,2017,0.0,6350.0,1.655957,0.962485,FIN,BEL,6504
2181074,77,18,1384,2017,399254.0,313314.0,1.398427,0.894732,FRA,BEL,6504
2181075,81,18,1384,2017,149299.0,22272.0,1.6883119999999998,0.8347469999999999,GBR,BEL,6504
2181076,83,18,1384,2017,0.0,1043.0,-0.929143,-0.811439,GHA,BEL,6504
2181077,90,18,1384,2017,0.0,39162.0,0.154098,1.151038,GRC,BEL,6504
2181078,97,18,1384,2017,3038.0,18074.0,0.824982,1.7162220000000001,HKG,BEL,6504
2181079,102,18,1384,2017,2548.0,1720.0,1.4886270000000001,0.845986,HUN,BEL,6504
2181080,104,18,1384,2017,50975.0,0.0,0.290576,2.726391,IND,BEL,6504
2181081,106,18,1384,2017,3391.0,0.0,1.363544,0.169211,IRL,BEL,6504
2181082,110,18,1384,2017,5753.0,0.0,1.436156,0.776574,ISR,BEL,6504
2181083,111,18,1384,2017,289267.0,261928.0,1.34395,0.577693,ITA,BEL,6504
2181084,114,18,1384,2017,0.0,4072.0,2.4510419999999997,-0.277357,JPN,BEL,6504
2181085,121,18,1384,2017,0.0,6518.0,2.011263,0.783215,KOR,BEL,6504
2181086,130,18,1384,2017,0.0,13349.0,0.855858,1.447717,LTU,BEL,6504
2181087,131,18,1384,2017,3899.0,74858.0,1.24064,1.298263,LUX,BEL,6504
2181088,134,18,1384,2017,2346.0,2722.0,-0.757236,-0.065347,MAR,BEL,6504
2181089,136,18,1384,2017,6511.0,0.0,-1.277182,-0.6503399999999999,MDG,BEL,6504
2181090,153,18,1384,2017,11899.0,0.0,1.0110139999999999,0.6840729999999999,MYS,BEL,6504
2181091,162,18,1384,2017,518568.0,72339.0,1.146959,1.470869,NLD,BEL,6504
2181092,163,18,1384,2017,19215.0,0.0,0.73658,0.11450199999999999,NOR,BEL,6504
2181093,177,18,1384,2017,5335.0,3696.0,1.197417,1.092716,POL,BEL,6504
2181094,179,18,1384,2017,0.0,4916.0,0.527046,2.264624,PRT,BEL,6504
2181095,185,18,1384,2017,1522.0,0.0,1.05479,0.9842219999999999,ROU,BEL,6504
2181096,186,18,1384,2017,0.0,1176.0,0.32885,0.288392,RUS,BEL,6504
2181097,201,18,1384,2017,0.0,1144.0,0.541644,1.19872,SRB,BEL,6504
2181098,206,18,1384,2017,16425.0,0.0,1.279606,0.85503,SVK,BEL,6504
2181099,208,18,1384,2017,1027.0,32398.0,1.764732,0.732646,SWE,BEL,6504
2181100,231,18,1384,2017,26175.0,5677.0,1.601478,0.277271,USA,BEL,6504
2181101,239,18,1384,2017,55244.0,0.0,-0.009819,0.686429,VNM,BEL,6504
2181102,7,23,1384,2017,0.0,26282.0,0.210477,0.02557,ARE,BGR,6504
2181103,15,23,1384,2017,3065.0,0.0,1.728623,-0.031045999999999997,AUT,BGR,6504
2181104,18,23,1384,2017,76026.0,33053.0,1.292657,1.19571,BEL,BGR,6504
2181105,24,23,1384,2017,0.0,3564.0,0.485479,-0.5348890000000001,BHR,BGR,6504
2181106,41,23,1384,2017,0.0,2279.0,2.2557810000000003,0.845459,CHE,BGR,6504
2181107,43,23,1384,2017,124216.0,0.0,1.1127790000000002,1.56869,CHN,BGR,6504
2181108,58,23,1384,2017,0.0,3359.0,0.576982,0.279989,CYP,BGR,6504
2181109,59,23,1384,2017,5025.0,0.0,1.7715130000000001,0.359668,CZE,BGR,6504
2181110,61,23,1384,2017,7393.0,26840.0,2.1149459999999998,-2.525372,DEU,BGR,6504
2181111,64,23,1384,2017,0.0,4874.0,1.159753,1.233914,DNK,BGR,6504
2181112,71,23,1384,2017,27779.0,3837.0,0.734342,2.8180099999999997,ESP,BGR,6504
2181113,77,23,1384,2017,8384.0,123535.0,1.398427,0.894732,FRA,BGR,6504
2181114,81,23,1384,2017,18963.0,63184.0,1.6883119999999998,0.8347469999999999,GBR,BGR,6504
2181115,90,23,1384,2017,6203.0,97797.0,0.154098,1.151038,GRC,BGR,6504
2181116,100,23,1384,2017,4730.0,0.0,0.860825,1.365445,HRV,BGR,6504
2181117,102,23,1384,2017,4508.0,0.0,1.4886270000000001,0.845986,HUN,BGR,6504
2181118,110,23,1384,2017,0.0,1666.0,1.436156,0.776574,ISR,BGR,6504
2181119,111,23,1384,2017,62342.0,110410.0,1.34395,0.577693,ITA,BGR,6504
2181120,121,23,1384,2017,0.0,3449.0,2.011263,0.783215,KOR,BGR,6504
2181121,122,23,1384,2017,0.0,4083.0,-0.229821,-1.128482,KWT,BGR,6504
2181122,130,23,1384,2017,2951.0,0.0,0.855858,1.447717,LTU,BGR,6504
2181123,136,23,1384,2017,4114.0,0.0,-1.277182,-0.6503399999999999,MDG,BGR,6504
2181124,144,23,1384,2017,0.0,2743.0,0.201739,-0.23111399999999999,MNE,BGR,6504
2181125,162,23,1384,2017,5387.0,0.0,1.146959,1.470869,NLD,BGR,6504
2181126,163,23,1384,2017,0.0,2034.0,0.73658,0.11450199999999999,NOR,BGR,6504
2181127,177,23,1384,2017,3367.0,0.0,1.197417,1.092716,POL,BGR,6504
2181128,179,23,1384,2017,3844.0,0.0,0.527046,2.264624,PRT,BGR,6504
2181129,183,23,1384,2017,0.0,1167.0,-0.361327,-1.066869,QAT,BGR,6504
2181130,185,23,1384,2017,27833.0,10657.0,1.05479,0.9842219999999999,ROU,BGR,6504
2181131,201,23,1384,2017,0.0,999.0,0.541644,1.19872,SRB,BGR,6504
2181132,206,23,1384,2017,5183.0,0.0,1.279606,0.85503,SVK,BGR,6504
2181133,208,23,1384,2017,6466.0,3372.0,1.764732,0.732646,SWE,BGR,6504
2181134,224,23,1384,2017,5392.0,0.0,0.541611,2.405872,TUR,BGR,6504
2181135,231,23,1384,2017,0.0,4568.0,1.601478,0.277271,USA,BGR,6504
2181136,7,32,1384,2017,641.0,1074.0,0.210477,0.02557,ARE,BRA,6504
2181137,31,32,1384,2017,0.0,5933.0,-1.158425,-1.076242,BOL,BRA,6504
2181138,39,32,1384,2017,0.0,2186.0,0.73897,1.206402,CAN,BRA,6504
2181139,43,32,1384,2017,5641870.0,0.0,1.1127790000000002,1.56869,CHN,BRA,6504
2181140,49,32,1384,2017,12392.0,0.0,0.208096,-0.17644300000000002,COL,BRA,6504
2181141,67,32,1384,2017,85316.0,0.0,-0.9995850000000001,-1.086367,ECU,BRA,6504
2181142,71,32,1384,2017,11791.0,0.0,0.734342,2.8180099999999997,ESP,BRA,6504
2181143,77,32,1384,2017,1722.0,1636.0,1.398427,0.894732,FRA,BRA,6504
2181144,97,32,1384,2017,169749.0,0.0,0.824982,1.7162220000000001,HKG,BRA,6504
2181145,103,32,1384,2017,1125.0,0.0,-0.23641700000000002,1.188173,IDN,BRA,6504
2181146,111,32,1384,2017,1531.0,1254.0,1.34395,0.577693,ITA,BRA,6504
2181147,121,32,1384,2017,1847.0,0.0,2.011263,0.783215,KOR,BRA,6504
2181148,138,32,1384,2017,486760.0,0.0,1.08871,0.5745279999999999,MEX,BRA,6504
2181149,163,32,1384,2017,0.0,1092.0,0.73658,0.11450199999999999,NOR,BRA,6504
2181150,169,32,1384,2017,2334.0,0.0,0.5520109999999999,0.788181,PAN,BRA,6504
2181151,179,32,1384,2017,0.0,4595.0,0.527046,2.264624,PRT,BRA,6504
2181152,180,32,1384,2017,0.0,3794.0,-0.437741,-0.9248879999999999,PRY,BRA,6504
2181153,230,32,1384,2017,0.0,10105.0,0.16963,-0.403006,URY,BRA,6504
2181154,231,32,1384,2017,90905.0,23076.0,1.601478,0.277271,USA,BRA,6504
2181155,239,32,1384,2017,32311.0,0.0,-0.009819,0.686429,VNM,BRA,6504
2181156,39,33,1384,2017,991.0,0.0,0.73897,1.206402,CAN,BRB,6504
2181157,43,33,1384,2017,6501.0,0.0,1.1127790000000002,1.56869,CHN,BRB,6504
2181158,65,33,1384,2017,3576.0,0.0,-0.168016,0.30840100000000004,DOM,BRB,6504
2181159,67,33,1384,2017,1984.0,0.0,-0.9995850000000001,-1.086367,ECU,BRB,6504
2181160,77,33,1384,2017,0.0,1180.0,1.398427,0.894732,FRA,BRB,6504
2181161,81,33,1384,2017,20152.0,0.0,1.6883119999999998,0.8347469999999999,GBR,BRB,6504
2181162,96,33,1384,2017,1161.0,0.0,-0.703271,-0.898648,GUY,BRB,6504
2181163,111,33,1384,2017,1752.0,0.0,1.34395,0.577693,ITA,BRB,6504
2181164,112,33,1384,2017,0.0,1069.0,-0.497654,-0.76481,JAM,BRB,6504
2181165,138,33,1384,2017,1005.0,0.0,1.08871,0.5745279999999999,MEX,BRB,6504
2181166,169,33,1384,2017,405.0,326.0,0.5520109999999999,0.788181,PAN,BRB,6504
2181167,231,33,1384,2017,27903.0,230630.0,1.601478,0.277271,USA,BRB,6504
2181168,7,39,1384,2017,0.0,36919.0,0.210477,0.02557,ARE,CAN,6504
2181169,14,39,1384,2017,1077.0,7431.0,-0.42427200000000004,-0.152921,AUS,CAN,6504
2181170,18,39,1384,2017,1662.0,0.0,1.292657,1.19571,BEL,CAN,6504
2181171,22,39,1384,2017,145338.0,0.0,-1.016251,-0.987654,BGD,CAN,6504
2181172,30,39,1384,2017,0.0,2489.0,1.06318,-0.48345,BMU,CAN,6504
2181173,32,39,1384,2017,2186.0,0.0,0.145224,0.483461,BRA,CAN,6504
2181174,33,39,1384,2017,0.0,991.0,0.589793,-0.004488000000000001,BRB,CAN,6504
2181175,42,39,1384,2017,0.0,6196.0,-0.378693,-0.492983,CHL,CAN,6504
2181176,43,39,1384,2017,4332468.0,12742.0,1.1127790000000002,1.56869,CHN,CAN,6504
2181177,49,39,1384,2017,3473.0,0.0,0.208096,-0.17644300000000002,COL,CAN,6504
2181178,58,39,1384,2017,899.0,0.0,0.576982,0.279989,CYP,CAN,6504
2181179,61,39,1384,2017,55648.0,1538.0,2.1149459999999998,-2.525372,DEU,CAN,6504
2181180,64,39,1384,2017,1850.0,0.0,1.159753,1.233914,DNK,CAN,6504
2181181,67,39,1384,2017,19867.0,0.0,-0.9995850000000001,-1.086367,ECU,CAN,6504
2181182,68,39,1384,2017,3244.0,0.0,-0.073436,1.829121,EGY,CAN,6504
2181183,71,39,1384,2017,28036.0,1797.0,0.734342,2.8180099999999997,ESP,CAN,6504
2181184,77,39,1384,2017,40432.0,1847.0,1.398427,0.894732,FRA,CAN,6504
2181185,81,39,1384,2017,46238.0,58126.0,1.6883119999999998,0.8347469999999999,GBR,CAN,6504
2181186,83,39,1384,2017,248.0,0.0,-0.929143,-0.811439,GHA,CAN,6504
2181187,90,39,1384,2017,920.0,0.0,0.154098,1.151038,GRC,CAN,6504
2181188,93,39,1384,2017,4618.0,0.0,-0.418538,0.557454,GTM,CAN,6504
2181189,97,39,1384,2017,68315.0,9084.0,0.824982,1.7162220000000001,HKG,CAN,6504
2181190,104,39,1384,2017,6696.0,0.0,0.290576,2.726391,IND,CAN,6504
2181191,106,39,1384,2017,1757.0,0.0,1.363544,0.169211,IRL,CAN,6504
2181192,110,39,1384,2017,1850.0,0.0,1.436156,0.776574,ISR,CAN,6504
2181193,111,39,1384,2017,189045.0,0.0,1.34395,0.577693,ITA,CAN,6504
2181194,112,39,1384,2017,0.0,2014.0,-0.497654,-0.76481,JAM,CAN,6504
2181195,114,39,1384,2017,6065.0,6422.0,2.4510419999999997,-0.277357,JPN,CAN,6504
2181196,118,39,1384,2017,1969.0,0.0,-0.656325,-0.622167,KHM,CAN,6504
2181197,121,39,1384,2017,2350.0,4459.0,2.011263,0.783215,KOR,CAN,6504
2181198,128,39,1384,2017,9640.0,0.0,-0.46442799999999995,0.472132,LKA,CAN,6504
2181199,131,39,1384,2017,955.0,0.0,1.24064,1.298263,LUX,CAN,6504
2181200,136,39,1384,2017,67482.0,0.0,-1.277182,-0.6503399999999999,MDG,CAN,6504
2181201,138,39,1384,2017,384280.0,2507.0,1.08871,0.5745279999999999,MEX,CAN,6504
2181202,162,39,1384,2017,0.0,1486.0,1.146959,1.470869,NLD,CAN,6504
2181203,164,39,1384,2017,6387.0,0.0,-0.319681,0.5788220000000001,NPL,CAN,6504
2181204,168,39,1384,2017,2005.0,0.0,-0.698561,0.43523500000000004,PAK,CAN,6504
2181205,173,39,1384,2017,2222.0,0.0,-0.667658,-0.318344,PER,CAN,6504
2181206,174,39,1384,2017,3010.0,0.0,0.657759,0.170061,PHL,CAN,6504
2181207,185,39,1384,2017,3088.0,0.0,1.05479,0.9842219999999999,ROU,CAN,6504
2181208,191,39,1384,2017,0.0,3534.0,-0.6722899999999999,-0.26522199999999996,SEN,CAN,6504
2181209,197,39,1384,2017,1191.0,0.0,0.113639,0.23175199999999999,SLV,CAN,6504
2181210,206,39,1384,2017,11123.0,0.0,1.279606,0.85503,SVK,CAN,6504
2181211,208,39,1384,2017,3528.0,2032.0,1.764732,0.732646,SWE,CAN,6504
2181212,213,39,1384,2017,0.0,1631.0,0.897017,0.219298,TCA,CAN,6504
2181213,216,39,1384,2017,78955.0,2878.0,0.983977,1.3926020000000001,THA,CAN,6504
2181214,224,39,1384,2017,0.0,2120.0,0.541611,2.405872,TUR,CAN,6504
2181215,231,39,1384,2017,3402116.0,272231.0,1.601478,0.277271,USA,CAN,6504
2181216,239,39,1384,2017,636448.0,0.0,-0.009819,0.686429,VNM,CAN,6504
2181217,249,39,1384,2017,15852.0,0.0,2.0548290000000002,1.2552969999999999,TWN,CAN,6504
2181218,7,41,1384,2017,2916.0,1807.0,0.210477,0.02557,ARE,CHE,6504
2181219,14,41,1384,2017,0.0,1961.0,-0.42427200000000004,-0.152921,AUS,CHE,6504
2181220,15,41,1384,2017,19852.0,5592.0,1.728623,-0.031045999999999997,AUT,CHE,6504
2181221,18,41,1384,2017,7374.0,0.0,1.292657,1.19571,BEL,CHE,6504
2181222,22,41,1384,2017,4328.0,0.0,-1.016251,-0.987654,BGD,CHE,6504
2181223,23,41,1384,2017,2279.0,0.0,0.557843,1.7221119999999999,BGR,CHE,6504
2181224,31,41,1384,2017,956.0,0.0,-1.158425,-1.076242,BOL,CHE,6504
2181225,43,41,1384,2017,560446.0,0.0,1.1127790000000002,1.56869,CHN,CHE,6504
2181226,49,41,1384,2017,1589.0,0.0,0.208096,-0.17644300000000002,COL,CHE,6504
2181227,58,41,1384,2017,0.0,1125.0,0.576982,0.279989,CYP,CHE,6504
2181228,59,41,1384,2017,28088.0,0.0,1.7715130000000001,0.359668,CZE,CHE,6504
2181229,61,41,1384,2017,1410780.0,79833.0,2.1149459999999998,-2.525372,DEU,CHE,6504
2181230,64,41,1384,2017,2265.0,1486.0,1.159753,1.233914,DNK,CHE,6504
2181231,67,41,1384,2017,66332.0,0.0,-0.9995850000000001,-1.086367,ECU,CHE,6504
2181232,71,41,1384,2017,96761.0,3213.0,0.734342,2.8180099999999997,ESP,CHE,6504
2181233,72,41,1384,2017,0.0,1835.0,1.010985,1.289633,EST,CHE,6504
2181234,74,41,1384,2017,2348.0,1342.0,1.655957,0.962485,FIN,CHE,6504
2181235,77,41,1384,2017,210384.0,17171.0,1.398427,0.894732,FRA,CHE,6504
2181236,81,41,1384,2017,154926.0,5911.0,1.6883119999999998,0.8347469999999999,GBR,CHE,6504
2181237,97,41,1384,2017,2034.0,3972.0,0.824982,1.7162220000000001,HKG,CHE,6504
2181238,102,41,1384,2017,0.0,1543.0,1.4886270000000001,0.845986,HUN,CHE,6504
2181239,104,41,1384,2017,76695.0,0.0,0.290576,2.726391,IND,CHE,6504
2181240,106,41,1384,2017,0.0,2186.0,1.363544,0.169211,IRL,CHE,6504
2181241,111,41,1384,2017,983648.0,30148.0,1.34395,0.577693,ITA,CHE,6504
2181242,114,41,1384,2017,2254.0,0.0,2.4510419999999997,-0.277357,JPN,CHE,6504
2181243,122,41,1384,2017,0.0,3395.0,-0.229821,-1.128482,KWT,CHE,6504
2181244,130,41,1384,2017,0.0,3963.0,0.855858,1.447717,LTU,CHE,6504
2181245,136,41,1384,2017,3578.0,0.0,-1.277182,-0.6503399999999999,MDG,CHE,6504
2181246,138,41,1384,2017,3190.0,965.0,1.08871,0.5745279999999999,MEX,CHE,6504
2181247,140,41,1384,2017,2930.0,0.0,-0.0292,-0.377156,MKD,CHE,6504
2181248,162,41,1384,2017,38905.0,5446.0,1.146959,1.470869,NLD,CHE,6504
2181249,173,41,1384,2017,6607.0,931.0,-0.667658,-0.318344,PER,CHE,6504
2181250,174,41,1384,2017,1036.0,0.0,0.657759,0.170061,PHL,CHE,6504
2181251,177,41,1384,2017,4432.0,0.0,1.197417,1.092716,POL,CHE,6504
2181252,179,41,1384,2017,4298.0,0.0,0.527046,2.264624,PRT,CHE,6504
2181253,192,41,1384,2017,0.0,4669.0,1.884166,0.37903600000000004,SGP,CHE,6504
2181254,201,41,1384,2017,2284.0,0.0,0.541644,1.19872,SRB,CHE,6504
2181255,206,41,1384,2017,14886.0,0.0,1.279606,0.85503,SVK,CHE,6504
2181256,207,41,1384,2017,1578.0,1277.0,1.600319,0.854305,SVN,CHE,6504
2181257,208,41,1384,2017,3049.0,0.0,1.764732,0.732646,SWE,CHE,6504
2181258,216,41,1384,2017,1132.0,0.0,0.983977,1.3926020000000001,THA,CHE,6504
2181259,223,41,1384,2017,704.0,0.0,0.224119,0.961772,TUN,CHE,6504
2181260,224,41,1384,2017,0.0,2644.0,0.541611,2.405872,TUR,CHE,6504
2181261,231,41,1384,2017,15695.0,17803.0,1.601478,0.277271,USA,CHE,6504
2181262,239,41,1384,2017,31959.0,0.0,-0.009819,0.686429,VNM,CHE,6504
2181263,246,41,1384,2017,0.0,1575.0,0.2066,1.378591,ZAF,CHE,6504
2181264,249,41,1384,2017,943.0,0.0,2.0548290000000002,1.2552969999999999,TWN,CHE,6504
2181265,14,42,1384,2017,8397.0,0.0,-0.42427200000000004,-0.152921,AUS,CHL,6504
2181266,22,42,1384,2017,1527.0,0.0,-1.016251,-0.987654,BGD,CHL,6504
2181267,31,42,1384,2017,0.0,230474.0,-1.158425,-1.076242,BOL,CHL,6504
2181268,39,42,1384,2017,6196.0,0.0,0.73897,1.206402,CAN,CHL,6504
2181269,43,42,1384,2017,4213475.0,0.0,1.1127790000000002,1.56869,CHN,CHL,6504
2181270,49,42,1384,2017,35105.0,0.0,0.208096,-0.17644300000000002,COL,CHL,6504
2181271,61,42,1384,2017,1749.0,0.0,2.1149459999999998,-2.525372,DEU,CHL,6504
2181272,67,42,1384,2017,74393.0,0.0,-0.9995850000000001,-1.086367,ECU,CHL,6504
2181273,71,42,1384,2017,44424.0,0.0,0.734342,2.8180099999999997,ESP,CHL,6504
2181274,77,42,1384,2017,1113.0,14322.0,1.398427,0.894732,FRA,CHL,6504
2181275,81,42,1384,2017,2402.0,0.0,1.6883119999999998,0.8347469999999999,GBR,CHL,6504
2181276,97,42,1384,2017,2288.0,0.0,0.824982,1.7162220000000001,HKG,CHL,6504
2181277,101,42,1384,2017,1490.0,0.0,-1.0089219999999999,-0.946722,HTI,CHL,6504
2181278,104,42,1384,2017,3144.0,0.0,0.290576,2.726391,IND,CHL,6504
2181279,111,42,1384,2017,1763.0,0.0,1.34395,0.577693,ITA,CHL,6504
2181280,136,42,1384,2017,2520.0,0.0,-1.277182,-0.6503399999999999,MDG,CHL,6504
2181281,166,42,1384,2017,1218.0,4010.0,0.25651199999999996,0.132996,NZL,CHL,6504
2181282,169,42,1384,2017,8778.0,0.0,0.5520109999999999,0.788181,PAN,CHL,6504
2181283,173,42,1384,2017,16487.0,18986.0,-0.667658,-0.318344,PER,CHL,6504
2181284,180,42,1384,2017,0.0,228080.0,-0.437741,-0.9248879999999999,PRY,CHL,6504
2181285,231,42,1384,2017,67408.0,0.0,1.601478,0.277271,USA,CHL,6504
2181286,249,42,1384,2017,1100.0,0.0,2.0548290000000002,1.2552969999999999,TWN,CHL,6504
2181287,250,42,1384,2017,43371.0,2118.0,0.72523,-0.205046,ANS,CHL,6504
2181288,0,43,1384,2017,0.0,9454.0,0.845843,0.165178,ABW,CHN,6504
2181289,1,43,1384,2017,0.0,2982.0,-1.147348,-0.886799,AFG,CHN,6504
2181290,2,43,1384,2017,0.0,50313.0,-1.408777,-1.215475,AGO,CHN,6504
2181291,4,43,1384,2017,0.0,103343.0,-0.44769899999999996,-0.17193,ALB,CHN,6504
2181292,5,43,1384,2017,0.0,140.0,1.097505,0.480863,AND,CHN,6504
2181293,7,43,1384,2017,820858.0,1908632.0,0.210477,0.02557,ARE,CHN,6504
2181294,8,43,1384,2017,0.0,573882.0,-0.120753,0.233375,ARG,CHN,6504
2181295,9,43,1384,2017,0.0,14624.0,-0.23846799999999999,-0.658774,ARM,CHN,6504
2181296,13,43,1384,2017,0.0,10779.0,0.42561099999999996,-0.42671099999999995,ATG,CHN,6504
2181297,14,43,1384,2017,13064.0,10202701.0,-0.42427200000000004,-0.152921,AUS,CHN,6504
2181298,15,43,1384,2017,0.0,214801.0,1.728623,-0.031045999999999997,AUT,CHN,6504
2181299,16,43,1384,2017,0.0,19245.0,-1.022455,-1.199225,AZE,CHN,6504
2181300,17,43,1384,2017,0.0,111486.0,-0.637985,-1.051277,BDI,CHN,6504
2181301,18,43,1384,2017,13631.0,2890956.0,1.292657,1.19571,BEL,CHN,6504
2181302,19,43,1384,2017,0.0,48088.0,-0.755027,-0.796864,BEN,CHN,6504
2181303,21,43,1384,2017,0.0,1444.0,-1.100802,-1.0632110000000001,BFA,CHN,6504
2181304,22,43,1384,2017,1915.0,166200.0,-1.016251,-0.987654,BGD,CHN,6504
2181305,23,43,1384,2017,0.0,124216.0,0.557843,1.7221119999999999,BGR,CHN,6504
2181306,24,43,1384,2017,0.0,19029.0,0.485479,-0.5348890000000001,BHR,CHN,6504
2181307,25,43,1384,2017,0.0,27192.0,0.81944,-0.30649499999999996,BHS,CHN,6504
2181308,26,43,1384,2017,0.0,27388.0,0.43245,0.726721,BIH,CHN,6504
2181309,28,43,1384,2017,0.0,26484.0,0.8115829999999999,0.8323459999999999,BLR,CHN,6504
2181310,29,43,1384,2017,0.0,4348.0,-0.284062,-0.711108,BLZ,CHN,6504
2181311,30,43,1384,2017,0.0,14932.0,1.06318,-0.48345,BMU,CHN,6504
2181312,31,43,1384,2017,0.0,31504.0,-1.158425,-1.076242,BOL,CHN,6504
2181313,32,43,1384,2017,0.0,5641870.0,0.145224,0.483461,BRA,CHN,6504
2181314,33,43,1384,2017,0.0,6501.0,0.589793,-0.004488000000000001,BRB,CHN,6504
2181315,34,43,1384,2017,0.0,1030.0,0.270525,-0.747949,BRN,CHN,6504
2181316,37,43,1384,2017,0.0,13265.0,-0.593754,-1.166742,BWA,CHN,6504
2181317,39,43,1384,2017,12742.0,4332468.0,0.73897,1.206402,CAN,CHN,6504
2181318,41,43,1384,2017,0.0,560446.0,2.2557810000000003,0.845459,CHE,CHN,6504
2181319,42,43,1384,2017,0.0,4213475.0,-0.378693,-0.492983,CHL,CHN,6504
2181320,44,43,1384,2017,0.0,95312.0,-0.784119,-0.904135,CIV,CHN,6504
2181321,45,43,1384,2017,0.0,135778.0,-1.048569,-1.030799,CMR,CHN,6504
2181322,46,43,1384,2017,0.0,5972.0,-1.3960569999999999,-1.126784,COD,CHN,6504
2181323,47,43,1384,2017,0.0,41248.0,-1.2289780000000001,-1.169368,COG,CHN,6504
2181324,49,43,1384,2017,3807.0,650954.0,0.208096,-0.17644300000000002,COL,CHN,6504
2181325,51,43,1384,2017,0.0,6532.0,-0.11722300000000001,-0.677707,CPV,CHN,6504
2181326,52,43,1384,2017,0.0,152498.0,0.288642,-0.056219000000000005,CRI,CHN,6504
2181327,54,43,1384,2017,0.0,2723.0,-0.77404,-1.121084,CUB,CHN,6504
2181328,55,43,1384,2017,0.0,4001.0,0.161139,-0.591701,CUW,CHN,6504
2181329,58,43,1384,2017,801.0,178200.0,0.576982,0.279989,CYP,CHN,6504
2181330,59,43,1384,2017,0.0,95522.0,1.7715130000000001,0.359668,CZE,CHN,6504
2181331,61,43,1384,2017,23729.0,8657988.0,2.1149459999999998,-2.525372,DEU,CHN,6504
2181332,62,43,1384,2017,0.0,10800.0,-0.4897,-0.7249180000000001,DJI,CHN,6504
2181333,64,43,1384,2017,0.0,608880.0,1.159753,1.233914,DNK,CHN,6504
2181334,65,43,1384,2017,0.0,458134.0,-0.168016,0.30840100000000004,DOM,CHN,6504
2181335,66,43,1384,2017,0.0,659446.0,-0.9905579999999999,-1.1996200000000001,DZA,CHN,6504
2181336,67,43,1384,2017,92657.0,215929.0,-0.9995850000000001,-1.086367,ECU,CHN,6504
2181337,68,43,1384,2017,0.0,388067.0,-0.073436,1.829121,EGY,CHN,6504
2181338,71,43,1384,2017,201460.0,7203929.0,0.734342,2.8180099999999997,ESP,CHN,6504
2181339,72,43,1384,2017,0.0,8502.0,1.010985,1.289633,EST,CHN,6504
2181340,73,43,1384,2017,0.0,1356700.0,-1.007413,-0.638231,ETH,CHN,6504
2181341,74,43,1384,2017,0.0,130566.0,1.655957,0.962485,FIN,CHN,6504
2181342,75,43,1384,2017,0.0,32062.0,-0.278276,-0.033997,FJI,CHN,6504
2181343,77,43,1384,2017,56188.0,7549396.0,1.398427,0.894732,FRA,CHN,6504
2181344,80,43,1384,2017,0.0,4853.0,-1.109612,-1.177577,GAB,CHN,6504
2181345,81,43,1384,2017,12385.0,11858606.0,1.6883119999999998,0.8347469999999999,GBR,CHN,6504
2181346,82,43,1384,2017,0.0,29040.0,-0.241749,-0.374727,GEO,CHN,6504
2181347,83,43,1384,2017,0.0,42283.0,-0.929143,-0.811439,GHA,CHN,6504
2181348,85,43,1384,2017,0.0,41391.0,-1.7560669999999998,-1.2747680000000001,GIN,CHN,6504
2181349,87,43,1384,2017,0.0,6760.0,-1.161814,-0.9317190000000001,GMB,CHN,6504
2181350,89,43,1384,2017,0.0,3582.0,-1.735486,-0.9254180000000001,GNQ,CHN,6504
2181351,90,43,1384,2017,2191.0,2227070.0,0.154098,1.151038,GRC,CHN,6504
2181352,93,43,1384,2017,0.0,80728.0,-0.418538,0.557454,GTM,CHN,6504
2181353,96,43,1384,2017,0.0,7857.0,-0.703271,-0.898648,GUY,CHN,6504
2181354,97,43,1384,2017,89783.0,2617736.0,0.824982,1.7162220000000001,HKG,CHN,6504
2181355,99,43,1384,2017,0.0,72364.0,-0.6335689999999999,-0.334201,HND,CHN,6504
2181356,100,43,1384,2017,0.0,559959.0,0.860825,1.365445,HRV,CHN,6504
2181357,101,43,1384,2017,0.0,3606.0,-1.0089219999999999,-0.946722,HTI,CHN,6504
2181358,102,43,1384,2017,0.0,206460.0,1.4886270000000001,0.845986,HUN,CHN,6504
2181359,103,43,1384,2017,1493.0,1022248.0,-0.23641700000000002,1.188173,IDN,CHN,6504
2181360,104,43,1384,2017,9291.0,1398152.0,0.290576,2.726391,IND,CHN,6504
2181361,106,43,1384,2017,0.0,299493.0,1.363544,0.169211,IRL,CHN,6504
2181362,107,43,1384,2017,0.0,824219.0,-0.361292,-0.361813,IRN,CHN,6504
2181363,108,43,1384,2017,0.0,240887.0,-1.515339,-0.9462950000000001,IRQ,CHN,6504
2181364,109,43,1384,2017,0.0,71102.0,0.386094,-0.277269,ISL,CHN,6504
2181365,110,43,1384,2017,0.0,581828.0,1.436156,0.776574,ISR,CHN,6504
2181366,111,43,1384,2017,117934.0,2812681.0,1.34395,0.577693,ITA,CHN,6504
2181367,112,43,1384,2017,0.0,86144.0,-0.497654,-0.76481,JAM,CHN,6504
2181368,113,43,1384,2017,0.0,136746.0,0.020035,0.295415,JOR,CHN,6504
2181369,114,43,1384,2017,45664.0,30813848.0,2.4510419999999997,-0.277357,JPN,CHN,6504
2181370,115,43,1384,2017,0.0,835272.0,-0.394316,-0.5485979999999999,KAZ,CHN,6504
2181371,116,43,1384,2017,0.0,87875.0,-0.579541,0.511926,KEN,CHN,6504
2181372,117,43,1384,2017,0.0,88007.0,-0.11530599999999999,0.264752,KGZ,CHN,6504
2181373,118,43,1384,2017,0.0,10919.0,-0.656325,-0.622167,KHM,CHN,6504
2181374,121,43,1384,2017,7101.0,14818910.0,2.011263,0.783215,KOR,CHN,6504
2181375,122,43,1384,2017,0.0,69397.0,-0.229821,-1.128482,KWT,CHN,6504
2181376,123,43,1384,2017,0.0,2373.0,-0.9742190000000001,-0.727593,LAO,CHN,6504
2181377,124,43,1384,2017,0.0,228331.0,0.266847,1.117621,LBN,CHN,6504
2181378,126,43,1384,2017,0.0,13762.0,-1.156635,-1.212561,LBY,CHN,6504
2181379,128,43,1384,2017,0.0,986868.0,-0.46442799999999995,0.472132,LKA,CHN,6504
2181380,130,43,1384,2017,0.0,172470.0,0.855858,1.447717,LTU,CHN,6504
2181381,131,43,1384,2017,0.0,4237.0,1.24064,1.298263,LUX,CHN,6504
2181382,132,43,1384,2017,0.0,3871.0,0.684555,1.3208030000000002,LVA,CHN,6504
2181383,133,43,1384,2017,0.0,21300.0,0.264006,-0.11028099999999999,MAC,CHN,6504
2181384,134,43,1384,2017,0.0,152292.0,-0.757236,-0.065347,MAR,CHN,6504
2181385,135,43,1384,2017,0.0,6613.0,-0.24909,-0.181213,MDA,CHN,6504
2181386,136,43,1384,2017,3023.0,177114.0,-1.277182,-0.6503399999999999,MDG,CHN,6504
2181387,137,43,1384,2017,0.0,4677.0,-1.100027,-0.9779479999999999,MDV,CHN,6504
2181388,138,43,1384,2017,0.0,6566395.0,1.08871,0.5745279999999999,MEX,CHN,6504
2181389,140,43,1384,2017,0.0,16043.0,-0.0292,-0.377156,MKD,CHN,6504
2181390,141,43,1384,2017,0.0,2261.0,-0.5927899999999999,-0.707245,MLI,CHN,6504
2181391,142,43,1384,2017,0.0,323199.0,0.999914,0.12683,MLT,CHN,6504
2181392,143,43,1384,2017,0.0,28150.0,-1.051544,-0.419183,MMR,CHN,6504
2181393,144,43,1384,2017,0.0,16646.0,0.201739,-0.23111399999999999,MNE,CHN,6504
2181394,145,43,1384,2017,51053.0,1779.0,-0.933737,-1.1195620000000002,MNG,CHN,6504
2181395,147,43,1384,2017,0.0,64370.0,-1.3882290000000002,-1.114475,MOZ,CHN,6504
2181396,148,43,1384,2017,0.0,79750.0,-1.634533,-1.330819,MRT,CHN,6504
2181397,151,43,1384,2017,0.0,61800.0,-0.156616,0.073153,MUS,CHN,6504
2181398,152,43,1384,2017,0.0,1160.0,-0.761995,-0.8897729999999999,MWI,CHN,6504
2181399,153,43,1384,2017,0.0,2077860.0,1.0110139999999999,0.6840729999999999,MYS,CHN,6504
2181400,155,43,1384,2017,0.0,8810.0,-0.5221060000000001,-0.7365079999999999,NAM,CHN,6504
2181401,156,43,1384,2017,0.0,7928.0,-0.38216100000000003,-0.8662549999999999,NCL,CHN,6504
2181402,159,43,1384,2017,0.0,231716.0,-1.8260919999999998,-1.276591,NGA,CHN,6504
2181403,160,43,1384,2017,0.0,11421.0,-1.0502280000000002,-0.8817719999999999,NIC,CHN,6504
2181404,162,43,1384,2017,12579.0,2891910.0,1.146959,1.470869,NLD,CHN,6504
2181405,163,43,1384,2017,1569.0,259917.0,0.73658,0.11450199999999999,NOR,CHN,6504
2181406,164,43,1384,2017,990.0,5999.0,-0.319681,0.5788220000000001,NPL,CHN,6504
2181407,166,43,1384,2017,0.0,933768.0,0.25651199999999996,0.132996,NZL,CHN,6504
2181408,167,43,1384,2017,0.0,25247.0,-0.347684,-0.884569,OMN,CHN,6504
2181409,168,43,1384,2017,0.0,55199.0,-0.698561,0.43523500000000004,PAK,CHN,6504
2181410,169,43,1384,2017,0.0,560709.0,0.5520109999999999,0.788181,PAN,CHN,6504
2181411,173,43,1384,2017,0.0,3934474.0,-0.667658,-0.318344,PER,CHN,6504
2181412,174,43,1384,2017,14326.0,658180.0,0.657759,0.170061,PHL,CHN,6504
2181413,176,43,1384,2017,0.0,27337.0,-1.788834,-1.267126,PNG,CHN,6504
2181414,177,43,1384,2017,1237.0,1692053.0,1.197417,1.092716,POL,CHN,6504
2181415,178,43,1384,2017,757369.0,2640.0,-0.353642,-0.08027000000000001,PRK,CHN,6504
2181416,179,43,1384,2017,0.0,591043.0,0.527046,2.264624,PRT,CHN,6504
2181417,180,43,1384,2017,0.0,35503.0,-0.437741,-0.9248879999999999,PRY,CHN,6504
2181418,181,43,1384,2017,0.0,8506.0,0.11852,0.609241,PSE,CHN,6504
2181419,183,43,1384,2017,0.0,50006.0,-0.361327,-1.066869,QAT,CHN,6504
2181420,185,43,1384,2017,0.0,225268.0,1.05479,0.9842219999999999,ROU,CHN,6504
2181421,186,43,1384,2017,0.0,2043062.0,0.32885,0.288392,RUS,CHN,6504
2181422,187,43,1384,2017,0.0,1174.0,-0.7610319999999999,-0.680251,RWA,CHN,6504
2181423,188,43,1384,2017,0.0,829764.0,0.597716,-0.345049,SAU,CHN,6504
2181424,190,43,1384,2017,0.0,56270.0,-1.567691,-1.257164,SDN,CHN,6504
2181425,191,43,1384,2017,0.0,140032.0,-0.6722899999999999,-0.26522199999999996,SEN,CHN,6504
2181426,192,43,1384,2017,0.0,493348.0,1.884166,0.37903600000000004,SGP,CHN,6504
2181427,195,43,1384,2017,0.0,3900.0,-1.153846,-0.971255,SLB,CHN,6504
2181428,196,43,1384,2017,0.0,20117.0,-0.37777,-0.6353270000000001,SLE,CHN,6504
2181429,197,43,1384,2017,0.0,26930.0,0.113639,0.23175199999999999,SLV,CHN,6504
2181430,201,43,1384,2017,0.0,19411.0,0.541644,1.19872,SRB,CHN,6504
2181431,203,43,1384,2017,0.0,1579.0,0.531107,-0.43282200000000004,STP,CHN,6504
2181432,205,43,1384,2017,0.0,6387.0,-0.596432,-1.0249700000000002,SUR,CHN,6504
2181433,206,43,1384,2017,2026.0,99216.0,1.279606,0.85503,SVK,CHN,6504
2181434,207,43,1384,2017,0.0,379494.0,1.600319,0.854305,SVN,CHN,6504
2181435,208,43,1384,2017,1717.0,1015219.0,1.764732,0.732646,SWE,CHN,6504
2181436,209,43,1384,2017,0.0,4662.0,0.126066,-0.551203,SWZ,CHN,6504
2181437,211,43,1384,2017,0.0,3279.0,0.41946000000000006,-0.523274,SYC,CHN,6504
2181438,212,43,1384,2017,0.0,24982.0,-0.660905,0.345462,SYR,CHN,6504
2181439,215,43,1384,2017,0.0,40438.0,-0.8957450000000001,-0.891191,TGO,CHN,6504
2181440,216,43,1384,2017,158285.0,2292555.0,0.983977,1.3926020000000001,THA,CHN,6504
2181441,220,43,1384,2017,0.0,892.0,-0.45426700000000003,-0.769744,TLS,CHN,6504
2181442,221,43,1384,2017,0.0,8875.0,-0.504652,-0.820577,TON,CHN,6504
2181443,222,43,1384,2017,0.0,1963.0,-0.183935,-1.012153,TTO,CHN,6504
2181444,223,43,1384,2017,0.0,261599.0,0.224119,0.961772,TUN,CHN,6504
2181445,224,43,1384,2017,0.0,3723884.0,0.541611,2.405872,TUR,CHN,6504
2181446,226,43,1384,2017,0.0,98403.0,-1.0691709999999999,0.11636800000000001,TZA,CHN,6504
2181447,227,43,1384,2017,0.0,4689.0,-0.6831020000000001,-0.046838,UGA,CHN,6504
2181448,228,43,1384,2017,0.0,244503.0,0.461109,0.7826569999999999,UKR,CHN,6504
2181449,230,43,1384,2017,0.0,111829.0,0.16963,-0.403006,URY,CHN,6504
2181450,231,43,1384,2017,388292.0,60580124.0,1.601478,0.277271,USA,CHN,6504
2181451,232,43,1384,2017,0.0,78517.0,-0.407169,-0.264942,UZB,CHN,6504
2181452,234,43,1384,2017,0.0,1339.0,-0.040273,-0.549452,VCT,CHN,6504
2181453,236,43,1384,2017,0.0,16478.0,-0.8874559999999999,-1.178752,VEN,CHN,6504
2181454,239,43,1384,2017,47738.0,222978.0,-0.009819,0.686429,VNM,CHN,6504
2181455,242,43,1384,2017,0.0,5183.0,0.450726,0.050197000000000006,WSM,CHN,6504
2181456,243,43,1384,2017,0.0,26184.0,-1.397594,-1.2342110000000002,YEM,CHN,6504
2181457,246,43,1384,2017,0.0,3450413.0,0.2066,1.378591,ZAF,CHN,6504
2181458,247,43,1384,2017,0.0,1604.0,-0.8594290000000001,-1.0574459999999999,ZMB,CHN,6504
2181459,248,43,1384,2017,0.0,23404.0,-1.101402,-1.0831680000000001,ZWE,CHN,6504
2181460,249,43,1384,2017,67874.0,1131300.0,2.0548290000000002,1.2552969999999999,TWN,CHN,6504
2181461,0,49,1384,2017,0.0,10239.0,0.845843,0.165178,ABW,COL,6504
2181462,7,49,1384,2017,0.0,9552.0,0.210477,0.02557,ARE,COL,6504
2181463,14,49,1384,2017,0.0,2966.0,-0.42427200000000004,-0.152921,AUS,COL,6504
2181464,18,49,1384,2017,0.0,1095.0,1.292657,1.19571,BEL,COL,6504
2181465,32,49,1384,2017,0.0,12392.0,0.145224,0.483461,BRA,COL,6504
2181466,39,49,1384,2017,0.0,3473.0,0.73897,1.206402,CAN,COL,6504
2181467,41,49,1384,2017,0.0,1589.0,2.2557810000000003,0.845459,CHE,COL,6504
2181468,42,49,1384,2017,0.0,35105.0,-0.378693,-0.492983,CHL,COL,6504
2181469,43,49,1384,2017,650954.0,3807.0,1.1127790000000002,1.56869,CHN,COL,6504
2181470,52,49,1384,2017,4745.0,15077.0,0.288642,-0.056219000000000005,CRI,COL,6504
2181471,61,49,1384,2017,0.0,16466.0,2.1149459999999998,-2.525372,DEU,COL,6504
2181472,65,49,1384,2017,0.0,3810.0,-0.168016,0.30840100000000004,DOM,COL,6504
2181473,67,49,1384,2017,20621.0,2636.0,-0.9995850000000001,-1.086367,ECU,COL,6504
2181474,71,49,1384,2017,35088.0,45735.0,0.734342,2.8180099999999997,ESP,COL,6504
2181475,77,49,1384,2017,0.0,16511.0,1.398427,0.894732,FRA,COL,6504
2181476,81,49,1384,2017,0.0,9828.0,1.6883119999999998,0.8347469999999999,GBR,COL,6504
2181477,90,49,1384,2017,0.0,2882.0,0.154098,1.151038,GRC,COL,6504
2181478,93,49,1384,2017,0.0,2093.0,-0.418538,0.557454,GTM,COL,6504
2181479,97,49,1384,2017,2019.0,0.0,0.824982,1.7162220000000001,HKG,COL,6504
2181480,99,49,1384,2017,0.0,6317.0,-0.6335689999999999,-0.334201,HND,COL,6504
2181481,112,49,1384,2017,0.0,3070.0,-0.497654,-0.76481,JAM,COL,6504
2181482,114,49,1384,2017,0.0,12586.0,2.4510419999999997,-0.277357,JPN,COL,6504
2181483,122,49,1384,2017,0.0,1114.0,-0.229821,-1.128482,KWT,COL,6504
2181484,138,49,1384,2017,4487.0,4303.0,1.08871,0.5745279999999999,MEX,COL,6504
2181485,163,49,1384,2017,0.0,1887.0,0.73658,0.11450199999999999,NOR,COL,6504
2181486,169,49,1384,2017,9118.0,7574.0,0.5520109999999999,0.788181,PAN,COL,6504
2181487,173,49,1384,2017,1537.0,0.0,-0.667658,-0.318344,PER,COL,6504
2181488,192,49,1384,2017,3168.0,2177.0,1.884166,0.37903600000000004,SGP,COL,6504
2181489,231,49,1384,2017,31573.0,642747.0,1.601478,0.277271,USA,COL,6504
2181490,239,49,1384,2017,3297.0,0.0,-0.009819,0.686429,VNM,COL,6504
2181491,250,49,1384,2017,0.0,28892.0,0.72523,-0.205046,ANS,COL,6504
2181492,22,52,1384,2017,1205.0,0.0,-1.016251,-0.987654,BGD,CRI,6504
2181493,43,52,1384,2017,152498.0,0.0,1.1127790000000002,1.56869,CHN,CRI,6504
2181494,49,52,1384,2017,15077.0,4745.0,0.208096,-0.17644300000000002,COL,CRI,6504
2181495,67,52,1384,2017,3240.0,0.0,-0.9995850000000001,-1.086367,ECU,CRI,6504
2181496,71,52,1384,2017,6387.0,0.0,0.734342,2.8180099999999997,ESP,CRI,6504
2181497,93,52,1384,2017,0.0,3276.0,-0.418538,0.557454,GTM,CRI,6504
2181498,138,52,1384,2017,17463.0,0.0,1.08871,0.5745279999999999,MEX,CRI,6504
2181499,169,52,1384,2017,23147.0,1079.0,0.5520109999999999,0.788181,PAN,CRI,6504
2181500,231,52,1384,2017,21836.0,0.0,1.601478,0.277271,USA,CRI,6504
2181501,249,52,1384,2017,2029.0,0.0,2.0548290000000002,1.2552969999999999,TWN,CRI,6504
2181502,43,55,1384,2017,4001.0,0.0,1.1127790000000002,1.56869,CHN,CUW,6504
2181503,67,55,1384,2017,31900.0,0.0,-0.9995850000000001,-1.086367,ECU,CUW,6504
2181504,71,55,1384,2017,2078.0,0.0,0.734342,2.8180099999999997,ESP,CUW,6504
2181505,169,55,1384,2017,3143.0,0.0,0.5520109999999999,0.788181,PAN,CUW,6504
2181506,231,55,1384,2017,15049.0,0.0,1.601478,0.277271,USA,CUW,6504
2181507,14,58,1384,2017,0.0,2919.0,-0.42427200000000004,-0.152921,AUS,CYP,6504
2181508,23,58,1384,2017,3359.0,0.0,0.557843,1.7221119999999999,BGR,CYP,6504
2181509,39,58,1384,2017,0.0,899.0,0.73897,1.206402,CAN,CYP,6504
2181510,41,58,1384,2017,1125.0,0.0,2.2557810000000003,0.845459,CHE,CYP,6504
2181511,43,58,1384,2017,178200.0,801.0,1.1127790000000002,1.56869,CHN,CYP,6504
2181512,61,58,1384,2017,1380.0,0.0,2.1149459999999998,-2.525372,DEU,CYP,6504
2181513,64,58,1384,2017,788.0,0.0,1.159753,1.233914,DNK,CYP,6504
2181514,71,58,1384,2017,25329.0,0.0,0.734342,2.8180099999999997,ESP,CYP,6504
2181515,77,58,1384,2017,42429.0,0.0,1.398427,0.894732,FRA,CYP,6504
2181516,81,58,1384,2017,60668.0,2458.0,1.6883119999999998,0.8347469999999999,GBR,CYP,6504
2181517,90,58,1384,2017,14603.0,0.0,0.154098,1.151038,GRC,CYP,6504
2181518,97,58,1384,2017,0.0,1835.0,0.824982,1.7162220000000001,HKG,CYP,6504
2181519,100,58,1384,2017,2010.0,0.0,0.860825,1.365445,HRV,CYP,6504
2181520,110,58,1384,2017,0.0,1415.0,1.436156,0.776574,ISR,CYP,6504
2181521,111,58,1384,2017,43933.0,2122.0,1.34395,0.577693,ITA,CYP,6504
2181522,162,58,1384,2017,1257.0,0.0,1.146959,1.470869,NLD,CYP,6504
2181523,186,58,1384,2017,0.0,1034.0,0.32885,0.288392,RUS,CYP,6504
2181524,224,58,1384,2017,23866.0,0.0,0.541611,2.405872,TUR,CYP,6504
2181525,231,58,1384,2017,2428.0,21489.0,1.601478,0.277271,USA,CYP,6504
2181526,249,58,1384,2017,0.0,982.0,2.0548290000000002,1.2552969999999999,TWN,CYP,6504
2181527,7,61,1384,2017,17934.0,13356.0,0.210477,0.02557,ARE,DEU,6504
2181528,9,61,1384,2017,0.0,1381.0,-0.23846799999999999,-0.658774,ARM,DEU,6504
2181529,14,61,1384,2017,27321.0,21450.0,-0.42427200000000004,-0.152921,AUS,DEU,6504
2181530,15,61,1384,2017,180365.0,1931973.0,1.728623,-0.031045999999999997,AUT,DEU,6504
2181531,16,61,1384,2017,0.0,4801.0,-1.022455,-1.199225,AZE,DEU,6504
2181532,18,61,1384,2017,486808.0,399693.0,1.292657,1.19571,BEL,DEU,6504
2181533,22,61,1384,2017,47954.0,0.0,-1.016251,-0.987654,BGD,DEU,6504
2181534,23,61,1384,2017,26840.0,7393.0,0.557843,1.7221119999999999,BGR,DEU,6504
2181535,26,61,1384,2017,1830.0,3587.0,0.43245,0.726721,BIH,DEU,6504
2181536,28,61,1384,2017,0.0,2265.0,0.8115829999999999,0.8323459999999999,BLR,DEU,6504
2181537,39,61,1384,2017,1538.0,55648.0,0.73897,1.206402,CAN,DEU,6504
2181538,41,61,1384,2017,79833.0,1410780.0,2.2557810000000003,0.845459,CHE,DEU,6504
2181539,42,61,1384,2017,0.0,1749.0,-0.378693,-0.492983,CHL,DEU,6504
2181540,43,61,1384,2017,8657988.0,23729.0,1.1127790000000002,1.56869,CHN,DEU,6504
2181541,49,61,1384,2017,16466.0,0.0,0.208096,-0.17644300000000002,COL,DEU,6504
2181542,58,61,1384,2017,0.0,1380.0,0.576982,0.279989,CYP,DEU,6504
2181543,59,61,1384,2017,168874.0,131215.0,1.7715130000000001,0.359668,CZE,DEU,6504
2181544,64,61,1384,2017,62229.0,262674.0,1.159753,1.233914,DNK,DEU,6504
2181545,66,61,1384,2017,0.0,1993.0,-0.9905579999999999,-1.1996200000000001,DZA,DEU,6504
2181546,67,61,1384,2017,1016751.0,0.0,-0.9995850000000001,-1.086367,ECU,DEU,6504
2181547,71,61,1384,2017,278784.0,806522.0,0.734342,2.8180099999999997,ESP,DEU,6504
2181548,72,61,1384,2017,0.0,12904.0,1.010985,1.289633,EST,DEU,6504
2181549,74,61,1384,2017,2645.0,143908.0,1.655957,0.962485,FIN,DEU,6504
2181550,77,61,1384,2017,900987.0,2025618.0,1.398427,0.894732,FRA,DEU,6504
2181551,81,61,1384,2017,1500058.0,355656.0,1.6883119999999998,0.8347469999999999,GBR,DEU,6504
2181552,82,61,1384,2017,0.0,2015.0,-0.241749,-0.374727,GEO,DEU,6504
2181553,83,61,1384,2017,0.0,3512.0,-0.929143,-0.811439,GHA,DEU,6504
2181554,85,61,1384,2017,0.0,2479.0,-1.7560669999999998,-1.2747680000000001,GIN,DEU,6504
2181555,90,61,1384,2017,0.0,16278.0,0.154098,1.151038,GRC,DEU,6504
2181556,97,61,1384,2017,42856.0,29745.0,0.824982,1.7162220000000001,HKG,DEU,6504
2181557,100,61,1384,2017,3763.0,35422.0,0.860825,1.365445,HRV,DEU,6504
2181558,102,61,1384,2017,46720.0,88141.0,1.4886270000000001,0.845986,HUN,DEU,6504
2181559,103,61,1384,2017,8139.0,988.0,-0.23641700000000002,1.188173,IDN,DEU,6504
2181560,104,61,1384,2017,136095.0,0.0,0.290576,2.726391,IND,DEU,6504
2181561,106,61,1384,2017,51893.0,16646.0,1.363544,0.169211,IRL,DEU,6504
2181562,109,61,1384,2017,0.0,3032.0,0.386094,-0.277269,ISL,DEU,6504
2181563,110,61,1384,2017,0.0,3811.0,1.436156,0.776574,ISR,DEU,6504
2181564,111,61,1384,2017,3681879.0,649071.0,1.34395,0.577693,ITA,DEU,6504
2181565,114,61,1384,2017,4323.0,57774.0,2.4510419999999997,-0.277357,JPN,DEU,6504
2181566,115,61,1384,2017,0.0,11578.0,-0.394316,-0.5485979999999999,KAZ,DEU,6504
2181567,118,61,1384,2017,28418.0,0.0,-0.656325,-0.622167,KHM,DEU,6504
2181568,121,61,1384,2017,0.0,124460.0,2.011263,0.783215,KOR,DEU,6504
2181569,122,61,1384,2017,0.0,1097.0,-0.229821,-1.128482,KWT,DEU,6504
2181570,124,61,1384,2017,0.0,1834.0,0.266847,1.117621,LBN,DEU,6504
2181571,128,61,1384,2017,1374.0,0.0,-0.46442799999999995,0.472132,LKA,DEU,6504
2181572,130,61,1384,2017,0.0,15266.0,0.855858,1.447717,LTU,DEU,6504
2181573,131,61,1384,2017,977.0,30964.0,1.24064,1.298263,LUX,DEU,6504
2181574,132,61,1384,2017,1769.0,6888.0,0.684555,1.3208030000000002,LVA,DEU,6504
2181575,133,61,1384,2017,0.0,2521.0,0.264006,-0.11028099999999999,MAC,DEU,6504
2181576,134,61,1384,2017,0.0,1158.0,-0.757236,-0.065347,MAR,DEU,6504
2181577,136,61,1384,2017,8485.0,0.0,-1.277182,-0.6503399999999999,MDG,DEU,6504
2181578,138,61,1384,2017,35117.0,0.0,1.08871,0.5745279999999999,MEX,DEU,6504
2181579,142,61,1384,2017,0.0,1051.0,0.999914,0.12683,MLT,DEU,6504
2181580,144,61,1384,2017,1031.0,1438.0,0.201739,-0.23111399999999999,MNE,DEU,6504
2181581,145,61,1384,2017,0.0,25501.0,-0.933737,-1.1195620000000002,MNG,DEU,6504
2181582,162,61,1384,2017,1386647.0,1331293.0,1.146959,1.470869,NLD,DEU,6504
2181583,163,61,1384,2017,0.0,119885.0,0.73658,0.11450199999999999,NOR,DEU,6504
2181584,166,61,1384,2017,1085.0,3629.0,0.25651199999999996,0.132996,NZL,DEU,6504
2181585,168,61,1384,2017,8789.0,0.0,-0.698561,0.43523500000000004,PAK,DEU,6504
2181586,169,61,1384,2017,0.0,1686.0,0.5520109999999999,0.788181,PAN,DEU,6504
2181587,173,61,1384,2017,1015.0,1127.0,-0.667658,-0.318344,PER,DEU,6504
2181588,177,61,1384,2017,262685.0,361518.0,1.197417,1.092716,POL,DEU,6504
2181589,179,61,1384,2017,4109.0,21832.0,0.527046,2.264624,PRT,DEU,6504
2181590,183,61,1384,2017,0.0,3189.0,-0.361327,-1.066869,QAT,DEU,6504
2181591,185,61,1384,2017,50896.0,52108.0,1.05479,0.9842219999999999,ROU,DEU,6504
2181592,186,61,1384,2017,0.0,157912.0,0.32885,0.288392,RUS,DEU,6504
2181593,188,61,1384,2017,0.0,5586.0,0.597716,-0.345049,SAU,DEU,6504
2181594,192,61,1384,2017,3762.0,9957.0,1.884166,0.37903600000000004,SGP,DEU,6504
2181595,201,61,1384,2017,3962.0,7664.0,0.541644,1.19872,SRB,DEU,6504
2181596,206,61,1384,2017,337185.0,290472.0,1.279606,0.85503,SVK,DEU,6504
2181597,207,61,1384,2017,0.0,58470.0,1.600319,0.854305,SVN,DEU,6504
2181598,208,61,1384,2017,28444.0,537428.0,1.764732,0.732646,SWE,DEU,6504
2181599,216,61,1384,2017,4866.0,2012.0,0.983977,1.3926020000000001,THA,DEU,6504
2181600,224,61,1384,2017,17756.0,6421.0,0.541611,2.405872,TUR,DEU,6504
2181601,228,61,1384,2017,0.0,20786.0,0.461109,0.7826569999999999,UKR,DEU,6504
2181602,231,61,1384,2017,255811.0,74041.0,1.601478,0.277271,USA,DEU,6504
2181603,236,61,1384,2017,1091.0,0.0,-0.8874559999999999,-1.178752,VEN,DEU,6504
2181604,239,61,1384,2017,242487.0,7114.0,-0.009819,0.686429,VNM,DEU,6504
2181605,246,61,1384,2017,0.0,12818.0,0.2066,1.378591,ZAF,DEU,6504
2181606,247,61,1384,2017,0.0,892.0,-0.8594290000000001,-1.0574459999999999,ZMB,DEU,6504
2181607,249,61,1384,2017,24663.0,12962.0,2.0548290000000002,1.2552969999999999,TWN,DEU,6504
2181608,7,64,1384,2017,0.0,969.0,0.210477,0.02557,ARE,DNK,6504
2181609,15,64,1384,2017,5085.0,6403.0,1.728623,-0.031045999999999997,AUT,DNK,6504
2181610,18,64,1384,2017,3807.0,7501.0,1.292657,1.19571,BEL,DNK,6504
2181611,23,64,1384,2017,4874.0,0.0,0.557843,1.7221119999999999,BGR,DNK,6504
2181612,39,64,1384,2017,0.0,1850.0,0.73897,1.206402,CAN,DNK,6504
2181613,41,64,1384,2017,1486.0,2265.0,2.2557810000000003,0.845459,CHE,DNK,6504
2181614,43,64,1384,2017,608880.0,0.0,1.1127790000000002,1.56869,CHN,DNK,6504
2181615,45,64,1384,2017,1047.0,0.0,-1.048569,-1.030799,CMR,DNK,6504
2181616,58,64,1384,2017,0.0,788.0,0.576982,0.279989,CYP,DNK,6504
2181617,59,64,1384,2017,0.0,27527.0,1.7715130000000001,0.359668,CZE,DNK,6504
2181618,61,64,1384,2017,262674.0,62229.0,2.1149459999999998,-2.525372,DEU,DNK,6504
2181619,67,64,1384,2017,1229.0,0.0,-0.9995850000000001,-1.086367,ECU,DNK,6504
2181620,71,64,1384,2017,14877.0,13206.0,0.734342,2.8180099999999997,ESP,DNK,6504
2181621,72,64,1384,2017,0.0,1265.0,1.010985,1.289633,EST,DNK,6504
2181622,74,64,1384,2017,2964.0,26441.0,1.655957,0.962485,FIN,DNK,6504
2181623,77,64,1384,2017,48771.0,4193.0,1.398427,0.894732,FRA,DNK,6504
2181624,78,64,1384,2017,0.0,7059.0,-0.956326,-0.951541,FRO,DNK,6504
2181625,81,64,1384,2017,109915.0,16914.0,1.6883119999999998,0.8347469999999999,GBR,DNK,6504
2181626,90,64,1384,2017,0.0,29219.0,0.154098,1.151038,GRC,DNK,6504
2181627,92,64,1384,2017,0.0,2850.0,-1.226963,-0.9309620000000001,GRL,DNK,6504
2181628,93,64,1384,2017,1812.0,0.0,-0.418538,0.557454,GTM,DNK,6504
2181629,97,64,1384,2017,6816.0,0.0,0.824982,1.7162220000000001,HKG,DNK,6504
2181630,100,64,1384,2017,0.0,1881.0,0.860825,1.365445,HRV,DNK,6504
2181631,103,64,1384,2017,1364.0,0.0,-0.23641700000000002,1.188173,IDN,DNK,6504
2181632,104,64,1384,2017,28044.0,0.0,0.290576,2.726391,IND,DNK,6504
2181633,106,64,1384,2017,1271.0,0.0,1.363544,0.169211,IRL,DNK,6504
2181634,109,64,1384,2017,0.0,2300.0,0.386094,-0.277269,ISL,DNK,6504
2181635,111,64,1384,2017,105351.0,16395.0,1.34395,0.577693,ITA,DNK,6504
2181636,114,64,1384,2017,1356.0,0.0,2.4510419999999997,-0.277357,JPN,DNK,6504
2181637,116,64,1384,2017,2206.0,0.0,-0.579541,0.511926,KEN,DNK,6504
2181638,124,64,1384,2017,0.0,1043.0,0.266847,1.117621,LBN,DNK,6504
2181639,130,64,1384,2017,5770.0,2134.0,0.855858,1.447717,LTU,DNK,6504
2181640,131,64,1384,2017,0.0,959.0,1.24064,1.298263,LUX,DNK,6504
2181641,132,64,1384,2017,1460.0,1634.0,0.684555,1.3208030000000002,LVA,DNK,6504
2181642,134,64,1384,2017,451.0,0.0,-0.757236,-0.065347,MAR,DNK,6504
2181643,136,64,1384,2017,1042.0,0.0,-1.277182,-0.6503399999999999,MDG,DNK,6504
2181644,162,64,1384,2017,37151.0,21868.0,1.146959,1.470869,NLD,DNK,6504
2181645,163,64,1384,2017,5505.0,50179.0,0.73658,0.11450199999999999,NOR,DNK,6504
2181646,177,64,1384,2017,3469.0,13607.0,1.197417,1.092716,POL,DNK,6504
2181647,179,64,1384,2017,0.0,4399.0,0.527046,2.264624,PRT,DNK,6504
2181648,185,64,1384,2017,0.0,2765.0,1.05479,0.9842219999999999,ROU,DNK,6504
2181649,201,64,1384,2017,5352.0,0.0,0.541644,1.19872,SRB,DNK,6504
2181650,206,64,1384,2017,19026.0,2312.0,1.279606,0.85503,SVK,DNK,6504
2181651,208,64,1384,2017,43137.0,479130.0,1.764732,0.732646,SWE,DNK,6504
2181652,224,64,1384,2017,3866.0,0.0,0.541611,2.405872,TUR,DNK,6504
2181653,231,64,1384,2017,54216.0,2052.0,1.601478,0.277271,USA,DNK,6504
2181654,239,64,1384,2017,11006.0,0.0,-0.009819,0.686429,VNM,DNK,6504
2181655,13,65,1384,2017,0.0,3999.0,0.42561099999999996,-0.42671099999999995,ATG,DOM,6504
2181656,33,65,1384,2017,0.0,3576.0,0.589793,-0.004488000000000001,BRB,DOM,6504
2181657,43,65,1384,2017,458134.0,0.0,1.1127790000000002,1.56869,CHN,DOM,6504
2181658,49,65,1384,2017,3810.0,0.0,0.208096,-0.17644300000000002,COL,DOM,6504
2181659,59,65,1384,2017,3165.0,0.0,1.7715130000000001,0.359668,CZE,DOM,6504
2181660,67,65,1384,2017,17020.0,0.0,-0.9995850000000001,-1.086367,ECU,DOM,6504
2181661,71,65,1384,2017,9933.0,0.0,0.734342,2.8180099999999997,ESP,DOM,6504
2181662,111,65,1384,2017,2161.0,0.0,1.34395,0.577693,ITA,DOM,6504
2181663,112,65,1384,2017,0.0,7201.0,-0.497654,-0.76481,JAM,DOM,6504
2181664,138,65,1384,2017,10816.0,0.0,1.08871,0.5745279999999999,MEX,DOM,6504
2181665,169,65,1384,2017,1196.0,1208.0,0.5520109999999999,0.788181,PAN,DOM,6504
2181666,173,65,1384,2017,1165.0,0.0,-0.667658,-0.318344,PER,DOM,6504
2181667,231,65,1384,2017,204110.0,26264.0,1.601478,0.277271,USA,DOM,6504
2181668,250,65,1384,2017,33562.0,12490.0,0.72523,-0.205046,ANS,DOM,6504
2181669,0,67,1384,2017,0.0,4450.0,0.845843,0.165178,ABW,ECU,6504
2181670,7,67,1384,2017,0.0,87010.0,0.210477,0.02557,ARE,ECU,6504
2181671,8,67,1384,2017,0.0,33950.0,-0.120753,0.233375,ARG,ECU,6504
2181672,14,67,1384,2017,0.0,140282.0,-0.42427200000000004,-0.152921,AUS,ECU,6504
2181673,15,67,1384,2017,0.0,8142.0,1.728623,-0.031045999999999997,AUT,ECU,6504
2181674,18,67,1384,2017,0.0,38085.0,1.292657,1.19571,BEL,ECU,6504
2181675,31,67,1384,2017,0.0,894.0,-1.158425,-1.076242,BOL,ECU,6504
2181676,32,67,1384,2017,0.0,85316.0,0.145224,0.483461,BRA,ECU,6504
2181677,33,67,1384,2017,0.0,1984.0,0.589793,-0.004488000000000001,BRB,ECU,6504
2181678,39,67,1384,2017,0.0,19867.0,0.73897,1.206402,CAN,ECU,6504
2181679,41,67,1384,2017,0.0,66332.0,2.2557810000000003,0.845459,CHE,ECU,6504
2181680,42,67,1384,2017,0.0,74393.0,-0.378693,-0.492983,CHL,ECU,6504
2181681,43,67,1384,2017,215929.0,92657.0,1.1127790000000002,1.56869,CHN,ECU,6504
2181682,49,67,1384,2017,2636.0,20621.0,0.208096,-0.17644300000000002,COL,ECU,6504
2181683,52,67,1384,2017,0.0,3240.0,0.288642,-0.056219000000000005,CRI,ECU,6504
2181684,54,67,1384,2017,0.0,1781.0,-0.77404,-1.121084,CUB,ECU,6504
2181685,55,67,1384,2017,0.0,31900.0,0.161139,-0.591701,CUW,ECU,6504
2181686,59,67,1384,2017,0.0,18411.0,1.7715130000000001,0.359668,CZE,ECU,6504
2181687,61,67,1384,2017,0.0,1016751.0,2.1149459999999998,-2.525372,DEU,ECU,6504
2181688,64,67,1384,2017,0.0,1229.0,1.159753,1.233914,DNK,ECU,6504
2181689,65,67,1384,2017,0.0,17020.0,-0.168016,0.30840100000000004,DOM,ECU,6504
2181690,71,67,1384,2017,7019.0,432944.0,0.734342,2.8180099999999997,ESP,ECU,6504
2181691,74,67,1384,2017,0.0,18400.0,1.655957,0.962485,FIN,ECU,6504
2181692,77,67,1384,2017,0.0,800038.0,1.398427,0.894732,FRA,ECU,6504
2181693,81,67,1384,2017,0.0,312450.0,1.6883119999999998,0.8347469999999999,GBR,ECU,6504
2181694,90,67,1384,2017,0.0,31363.0,0.154098,1.151038,GRC,ECU,6504
2181695,93,67,1384,2017,0.0,1462.0,-0.418538,0.557454,GTM,ECU,6504
2181696,97,67,1384,2017,2437.0,42660.0,0.824982,1.7162220000000001,HKG,ECU,6504
2181697,99,67,1384,2017,0.0,1976.0,-0.6335689999999999,-0.334201,HND,ECU,6504
2181698,100,67,1384,2017,0.0,53698.0,0.860825,1.365445,HRV,ECU,6504
2181699,103,67,1384,2017,0.0,1540.0,-0.23641700000000002,1.188173,IDN,ECU,6504
2181700,110,67,1384,2017,0.0,8093.0,1.436156,0.776574,ISR,ECU,6504
2181701,111,67,1384,2017,0.0,104045.0,1.34395,0.577693,ITA,ECU,6504
2181702,114,67,1384,2017,0.0,835229.0,2.4510419999999997,-0.277357,JPN,ECU,6504
2181703,115,67,1384,2017,0.0,2644.0,-0.394316,-0.5485979999999999,KAZ,ECU,6504
2181704,121,67,1384,2017,0.0,119880.0,2.011263,0.783215,KOR,ECU,6504
2181705,124,67,1384,2017,0.0,9739.0,0.266847,1.117621,LBN,ECU,6504
2181706,128,67,1384,2017,0.0,52181.0,-0.46442799999999995,0.472132,LKA,ECU,6504
2181707,131,67,1384,2017,0.0,508.0,1.24064,1.298263,LUX,ECU,6504
2181708,134,67,1384,2017,0.0,3240.0,-0.757236,-0.065347,MAR,ECU,6504
2181709,137,67,1384,2017,0.0,2382.0,-1.100027,-0.9779479999999999,MDV,ECU,6504
2181710,138,67,1384,2017,0.0,24915.0,1.08871,0.5745279999999999,MEX,ECU,6504
2181711,140,67,1384,2017,0.0,259.0,-0.0292,-0.377156,MKD,ECU,6504
2181712,142,67,1384,2017,0.0,1667.0,0.999914,0.12683,MLT,ECU,6504
2181713,153,67,1384,2017,0.0,1914.0,1.0110139999999999,0.6840729999999999,MYS,ECU,6504
2181714,162,67,1384,2017,0.0,51255.0,1.146959,1.470869,NLD,ECU,6504
2181715,163,67,1384,2017,0.0,4062.0,0.73658,0.11450199999999999,NOR,ECU,6504
2181716,166,67,1384,2017,0.0,20667.0,0.25651199999999996,0.132996,NZL,ECU,6504
2181717,169,67,1384,2017,82309.0,192647.0,0.5520109999999999,0.788181,PAN,ECU,6504
2181718,173,67,1384,2017,13119.0,119624.0,-0.667658,-0.318344,PER,ECU,6504
2181719,177,67,1384,2017,0.0,1446.0,1.197417,1.092716,POL,ECU,6504
2181720,179,67,1384,2017,0.0,4166.0,0.527046,2.264624,PRT,ECU,6504
2181721,180,67,1384,2017,0.0,5945.0,-0.437741,-0.9248879999999999,PRY,ECU,6504
2181722,186,67,1384,2017,0.0,6596.0,0.32885,0.288392,RUS,ECU,6504
2181723,192,67,1384,2017,0.0,10923.0,1.884166,0.37903600000000004,SGP,ECU,6504
2181724,197,67,1384,2017,0.0,6655.0,0.113639,0.23175199999999999,SLV,ECU,6504
2181725,206,67,1384,2017,17689.0,2307.0,1.279606,0.85503,SVK,ECU,6504
2181726,207,67,1384,2017,0.0,4085.0,1.600319,0.854305,SVN,ECU,6504
2181727,208,67,1384,2017,0.0,34429.0,1.764732,0.732646,SWE,ECU,6504
2181728,216,67,1384,2017,0.0,49563.0,0.983977,1.3926020000000001,THA,ECU,6504
2181729,224,67,1384,2017,0.0,27263.0,0.541611,2.405872,TUR,ECU,6504
2181730,230,67,1384,2017,0.0,42764.0,0.16963,-0.403006,URY,ECU,6504
2181731,231,67,1384,2017,22769.0,915967.0,1.601478,0.277271,USA,ECU,6504
2181732,246,67,1384,2017,0.0,46064.0,0.2066,1.378591,ZAF,ECU,6504
2181733,249,67,1384,2017,0.0,75715.0,2.0548290000000002,1.2552969999999999,TWN,ECU,6504
2181734,0,71,1384,2017,0.0,2348.0,0.845843,0.165178,ABW,ESP,6504
2181735,4,71,1384,2017,0.0,2084.0,-0.44769899999999996,-0.17193,ALB,ESP,6504
2181736,5,71,1384,2017,0.0,6265.0,1.097505,0.480863,AND,ESP,6504
2181737,7,71,1384,2017,1053.0,76615.0,0.210477,0.02557,ARE,ESP,6504
2181738,8,71,1384,2017,0.0,5360.0,-0.120753,0.233375,ARG,ESP,6504
2181739,9,71,1384,2017,0.0,2267.0,-0.23846799999999999,-0.658774,ARM,ESP,6504
2181740,14,71,1384,2017,953.0,19582.0,-0.42427200000000004,-0.152921,AUS,ESP,6504
2181741,15,71,1384,2017,3753.0,66309.0,1.728623,-0.031045999999999997,AUT,ESP,6504
2181742,16,71,1384,2017,0.0,3522.0,-1.022455,-1.199225,AZE,ESP,6504
2181743,18,71,1384,2017,11384.0,113022.0,1.292657,1.19571,BEL,ESP,6504
2181744,21,71,1384,2017,3924.0,0.0,-1.100802,-1.0632110000000001,BFA,ESP,6504
2181745,22,71,1384,2017,289025.0,0.0,-1.016251,-0.987654,BGD,ESP,6504
2181746,23,71,1384,2017,3837.0,27779.0,0.557843,1.7221119999999999,BGR,ESP,6504
2181747,24,71,1384,2017,0.0,6734.0,0.485479,-0.5348890000000001,BHR,ESP,6504
2181748,26,71,1384,2017,0.0,3716.0,0.43245,0.726721,BIH,ESP,6504
2181749,32,71,1384,2017,0.0,11791.0,0.145224,0.483461,BRA,ESP,6504
2181750,39,71,1384,2017,1797.0,28036.0,0.73897,1.206402,CAN,ESP,6504
2181751,41,71,1384,2017,3213.0,96761.0,2.2557810000000003,0.845459,CHE,ESP,6504
2181752,42,71,1384,2017,0.0,44424.0,-0.378693,-0.492983,CHL,ESP,6504
2181753,43,71,1384,2017,7203929.0,201460.0,1.1127790000000002,1.56869,CHN,ESP,6504
2181754,45,71,1384,2017,10234.0,0.0,-1.048569,-1.030799,CMR,ESP,6504
2181755,49,71,1384,2017,45735.0,35088.0,0.208096,-0.17644300000000002,COL,ESP,6504
2181756,52,71,1384,2017,0.0,6387.0,0.288642,-0.056219000000000005,CRI,ESP,6504
2181757,54,71,1384,2017,0.0,91578.0,-0.77404,-1.121084,CUB,ESP,6504
2181758,55,71,1384,2017,0.0,2078.0,0.161139,-0.591701,CUW,ESP,6504
2181759,58,71,1384,2017,0.0,25329.0,0.576982,0.279989,CYP,ESP,6504
2181760,59,71,1384,2017,32400.0,22050.0,1.7715130000000001,0.359668,CZE,ESP,6504
2181761,61,71,1384,2017,806522.0,278784.0,2.1149459999999998,-2.525372,DEU,ESP,6504
2181762,64,71,1384,2017,13206.0,14877.0,1.159753,1.233914,DNK,ESP,6504
2181763,65,71,1384,2017,0.0,9933.0,-0.168016,0.30840100000000004,DOM,ESP,6504
2181764,66,71,1384,2017,0.0,5186.0,-0.9905579999999999,-1.1996200000000001,DZA,ESP,6504
2181765,67,71,1384,2017,432944.0,7019.0,-0.9995850000000001,-1.086367,ECU,ESP,6504
2181766,68,71,1384,2017,0.0,10546.0,-0.073436,1.829121,EGY,ESP,6504
2181767,72,71,1384,2017,0.0,5190.0,1.010985,1.289633,EST,ESP,6504
2181768,74,71,1384,2017,0.0,12009.0,1.655957,0.962485,FIN,ESP,6504
2181769,77,71,1384,2017,575042.0,1174790.0,1.398427,0.894732,FRA,ESP,6504
2181770,81,71,1384,2017,465586.0,267329.0,1.6883119999999998,0.8347469999999999,GBR,ESP,6504
2181771,82,71,1384,2017,0.0,3897.0,-0.241749,-0.374727,GEO,ESP,6504
2181772,84,71,1384,2017,0.0,7074.0,0.767836,-0.725273,GIB,ESP,6504
2181773,90,71,1384,2017,9598.0,144576.0,0.154098,1.151038,GRC,ESP,6504
2181774,93,71,1384,2017,3538.0,7738.0,-0.418538,0.557454,GTM,ESP,6504
2181775,97,71,1384,2017,27698.0,40301.0,0.824982,1.7162220000000001,HKG,ESP,6504
2181776,99,71,1384,2017,0.0,5860.0,-0.6335689999999999,-0.334201,HND,ESP,6504
2181777,100,71,1384,2017,0.0,39393.0,0.860825,1.365445,HRV,ESP,6504
2181778,102,71,1384,2017,0.0,170769.0,1.4886270000000001,0.845986,HUN,ESP,6504
2181779,103,71,1384,2017,35315.0,32264.0,-0.23641700000000002,1.188173,IDN,ESP,6504
2181780,104,71,1384,2017,54237.0,10293.0,0.290576,2.726391,IND,ESP,6504
2181781,106,71,1384,2017,27670.0,15514.0,1.363544,0.169211,IRL,ESP,6504
2181782,109,71,1384,2017,0.0,2546.0,0.386094,-0.277269,ISL,ESP,6504
2181783,110,71,1384,2017,0.0,73181.0,1.436156,0.776574,ISR,ESP,6504
2181784,111,71,1384,2017,1502775.0,672143.0,1.34395,0.577693,ITA,ESP,6504
2181785,112,71,1384,2017,0.0,1052.0,-0.497654,-0.76481,JAM,ESP,6504
2181786,113,71,1384,2017,0.0,5826.0,0.020035,0.295415,JOR,ESP,6504
2181787,114,71,1384,2017,0.0,141524.0,2.4510419999999997,-0.277357,JPN,ESP,6504
2181788,115,71,1384,2017,0.0,12109.0,-0.394316,-0.5485979999999999,KAZ,ESP,6504
2181789,121,71,1384,2017,1832.0,54868.0,2.011263,0.783215,KOR,ESP,6504
2181790,122,71,1384,2017,0.0,28136.0,-0.229821,-1.128482,KWT,ESP,6504
2181791,124,71,1384,2017,0.0,41671.0,0.266847,1.117621,LBN,ESP,6504
2181792,130,71,1384,2017,1058.0,15344.0,0.855858,1.447717,LTU,ESP,6504
2181793,131,71,1384,2017,0.0,5998.0,1.24064,1.298263,LUX,ESP,6504
2181794,132,71,1384,2017,0.0,9156.0,0.684555,1.3208030000000002,LVA,ESP,6504
2181795,133,71,1384,2017,0.0,3839.0,0.264006,-0.11028099999999999,MAC,ESP,6504
2181796,134,71,1384,2017,0.0,42867.0,-0.757236,-0.065347,MAR,ESP,6504
2181797,136,71,1384,2017,23807.0,0.0,-1.277182,-0.6503399999999999,MDG,ESP,6504
2181798,138,71,1384,2017,17460.0,175430.0,1.08871,0.5745279999999999,MEX,ESP,6504
2181799,140,71,1384,2017,0.0,1514.0,-0.0292,-0.377156,MKD,ESP,6504
2181800,142,71,1384,2017,0.0,9900.0,0.999914,0.12683,MLT,ESP,6504
2181801,144,71,1384,2017,0.0,3282.0,0.201739,-0.23111399999999999,MNE,ESP,6504
2181802,151,71,1384,2017,0.0,1295.0,-0.156616,0.073153,MUS,ESP,6504
2181803,153,71,1384,2017,0.0,8018.0,1.0110139999999999,0.6840729999999999,MYS,ESP,6504
2181804,160,71,1384,2017,0.0,2948.0,-1.0502280000000002,-0.8817719999999999,NIC,ESP,6504
2181805,162,71,1384,2017,165377.0,203935.0,1.146959,1.470869,NLD,ESP,6504
2181806,163,71,1384,2017,0.0,7904.0,0.73658,0.11450199999999999,NOR,ESP,6504
2181807,166,71,1384,2017,0.0,2049.0,0.25651199999999996,0.132996,NZL,ESP,6504
2181808,167,71,1384,2017,0.0,5503.0,-0.347684,-0.884569,OMN,ESP,6504
2181809,169,71,1384,2017,0.0,9094.0,0.5520109999999999,0.788181,PAN,ESP,6504
2181810,173,71,1384,2017,0.0,9267.0,-0.667658,-0.318344,PER,ESP,6504
2181811,174,71,1384,2017,189273.0,10231.0,0.657759,0.170061,PHL,ESP,6504
2181812,177,71,1384,2017,11932.0,315565.0,1.197417,1.092716,POL,ESP,6504
2181813,179,71,1384,2017,31251.0,727197.0,0.527046,2.264624,PRT,ESP,6504
2181814,180,71,1384,2017,0.0,1883.0,-0.437741,-0.9248879999999999,PRY,ESP,6504
2181815,183,71,1384,2017,0.0,30773.0,-0.361327,-1.066869,QAT,ESP,6504
2181816,185,71,1384,2017,1484.0,83275.0,1.05479,0.9842219999999999,ROU,ESP,6504
2181817,186,71,1384,2017,0.0,125349.0,0.32885,0.288392,RUS,ESP,6504
2181818,188,71,1384,2017,0.0,59248.0,0.597716,-0.345049,SAU,ESP,6504
2181819,191,71,1384,2017,0.0,7084.0,-0.6722899999999999,-0.26522199999999996,SEN,ESP,6504
2181820,192,71,1384,2017,1390.0,22760.0,1.884166,0.37903600000000004,SGP,ESP,6504
2181821,197,71,1384,2017,0.0,2693.0,0.113639,0.23175199999999999,SLV,ESP,6504
2181822,201,71,1384,2017,0.0,11741.0,0.541644,1.19872,SRB,ESP,6504
2181823,206,71,1384,2017,24376.0,14941.0,1.279606,0.85503,SVK,ESP,6504
2181824,207,71,1384,2017,0.0,6168.0,1.600319,0.854305,SVN,ESP,6504
2181825,208,71,1384,2017,3668.0,33466.0,1.764732,0.732646,SWE,ESP,6504
2181826,215,71,1384,2017,0.0,3235.0,-0.8957450000000001,-0.891191,TGO,ESP,6504
2181827,216,71,1384,2017,22820.0,31916.0,0.983977,1.3926020000000001,THA,ESP,6504
2181828,223,71,1384,2017,0.0,20233.0,0.224119,0.961772,TUN,ESP,6504
2181829,224,71,1384,2017,979949.0,99330.0,0.541611,2.405872,TUR,ESP,6504
2181830,228,71,1384,2017,0.0,14143.0,0.461109,0.7826569999999999,UKR,ESP,6504
2181831,230,71,1384,2017,0.0,4913.0,0.16963,-0.403006,URY,ESP,6504
2181832,231,71,1384,2017,18566.0,410728.0,1.601478,0.277271,USA,ESP,6504
2181833,239,71,1384,2017,1536286.0,7990.0,-0.009819,0.686429,VNM,ESP,6504
2181834,246,71,1384,2017,1253.0,7983.0,0.2066,1.378591,ZAF,ESP,6504
2181835,249,71,1384,2017,38433.0,28459.0,2.0548290000000002,1.2552969999999999,TWN,ESP,6504
2181836,250,71,1384,2017,1053.0,0.0,0.72523,-0.205046,ANS,ESP,6504
2181837,18,74,1384,2017,6350.0,0.0,1.292657,1.19571,BEL,FIN,6504
2181838,41,74,1384,2017,1342.0,2348.0,2.2557810000000003,0.845459,CHE,FIN,6504
2181839,43,74,1384,2017,130566.0,0.0,1.1127790000000002,1.56869,CHN,FIN,6504
2181840,61,74,1384,2017,143908.0,2645.0,2.1149459999999998,-2.525372,DEU,FIN,6504
2181841,64,74,1384,2017,26441.0,2964.0,1.159753,1.233914,DNK,FIN,6504
2181842,67,74,1384,2017,18400.0,0.0,-0.9995850000000001,-1.086367,ECU,FIN,6504
2181843,71,74,1384,2017,12009.0,0.0,0.734342,2.8180099999999997,ESP,FIN,6504
2181844,72,74,1384,2017,3235.0,13456.0,1.010985,1.289633,EST,FIN,6504
2181845,77,74,1384,2017,10696.0,0.0,1.398427,0.894732,FRA,FIN,6504
2181846,81,74,1384,2017,105242.0,1204.0,1.6883119999999998,0.8347469999999999,GBR,FIN,6504
2181847,97,74,1384,2017,3613.0,4737.0,0.824982,1.7162220000000001,HKG,FIN,6504
2181848,106,74,1384,2017,2968.0,0.0,1.363544,0.169211,IRL,FIN,6504
2181849,109,74,1384,2017,0.0,3861.0,0.386094,-0.277269,ISL,FIN,6504
2181850,111,74,1384,2017,64847.0,0.0,1.34395,0.577693,ITA,FIN,6504
2181851,114,74,1384,2017,0.0,876.0,2.4510419999999997,-0.277357,JPN,FIN,6504
2181852,121,74,1384,2017,0.0,10621.0,2.011263,0.783215,KOR,FIN,6504
2181853,132,74,1384,2017,0.0,6272.0,0.684555,1.3208030000000002,LVA,FIN,6504
2181854,162,74,1384,2017,37694.0,2759.0,1.146959,1.470869,NLD,FIN,6504
2181855,163,74,1384,2017,46038.0,2360.0,0.73658,0.11450199999999999,NOR,FIN,6504
2181856,164,74,1384,2017,3943.0,0.0,-0.319681,0.5788220000000001,NPL,FIN,6504
2181857,177,74,1384,2017,127854.0,2485.0,1.197417,1.092716,POL,FIN,6504
2181858,185,74,1384,2017,1417.0,2642.0,1.05479,0.9842219999999999,ROU,FIN,6504
2181859,186,74,1384,2017,0.0,11115.0,0.32885,0.288392,RUS,FIN,6504
2181860,192,74,1384,2017,4645.0,0.0,1.884166,0.37903600000000004,SGP,FIN,6504
2181861,206,74,1384,2017,0.0,961.0,1.279606,0.85503,SVK,FIN,6504
2181862,208,74,1384,2017,95212.0,3595.0,1.764732,0.732646,SWE,FIN,6504
2181863,224,74,1384,2017,5443.0,0.0,0.541611,2.405872,TUR,FIN,6504
2181864,231,74,1384,2017,14966.0,5659.0,1.601478,0.277271,USA,FIN,6504
2181865,239,74,1384,2017,4909.0,0.0,-0.009819,0.686429,VNM,FIN,6504
2181866,249,74,1384,2017,22338.0,0.0,2.0548290000000002,1.2552969999999999,TWN,FIN,6504
2181867,4,77,1384,2017,13727.0,0.0,-0.44769899999999996,-0.17193,ALB,FRA,6504
2181868,5,77,1384,2017,0.0,2635.0,1.097505,0.480863,AND,FRA,6504
2181869,7,77,1384,2017,4635.0,47827.0,0.210477,0.02557,ARE,FRA,6504
2181870,8,77,1384,2017,0.0,3353.0,-0.120753,0.233375,ARG,FRA,6504
2181871,14,77,1384,2017,35085.0,146389.0,-0.42427200000000004,-0.152921,AUS,FRA,6504
2181872,15,77,1384,2017,1574.0,102270.0,1.728623,-0.031045999999999997,AUT,FRA,6504
2181873,18,77,1384,2017,313314.0,399254.0,1.292657,1.19571,BEL,FRA,6504
2181874,22,77,1384,2017,382585.0,0.0,-1.016251,-0.987654,BGD,FRA,6504
2181875,23,77,1384,2017,123535.0,8384.0,0.557843,1.7221119999999999,BGR,FRA,6504
2181876,24,77,1384,2017,0.0,2706.0,0.485479,-0.5348890000000001,BHR,FRA,6504
2181877,26,77,1384,2017,101495.0,0.0,0.43245,0.726721,BIH,FRA,6504
2181878,32,77,1384,2017,1636.0,1722.0,0.145224,0.483461,BRA,FRA,6504
2181879,33,77,1384,2017,1180.0,0.0,0.589793,-0.004488000000000001,BRB,FRA,6504
2181880,39,77,1384,2017,1847.0,40432.0,0.73897,1.206402,CAN,FRA,6504
2181881,41,77,1384,2017,17171.0,210384.0,2.2557810000000003,0.845459,CHE,FRA,6504
2181882,42,77,1384,2017,14322.0,1113.0,-0.378693,-0.492983,CHL,FRA,6504
2181883,43,77,1384,2017,7549396.0,56188.0,1.1127790000000002,1.56869,CHN,FRA,6504
2181884,44,77,1384,2017,0.0,3337.0,-0.784119,-0.904135,CIV,FRA,6504
2181885,45,77,1384,2017,2247.0,2909.0,-1.048569,-1.030799,CMR,FRA,6504
2181886,46,77,1384,2017,0.0,967.0,-1.3960569999999999,-1.126784,COD,FRA,6504
2181887,47,77,1384,2017,0.0,1472.0,-1.2289780000000001,-1.169368,COG,FRA,6504
2181888,49,77,1384,2017,16511.0,0.0,0.208096,-0.17644300000000002,COL,FRA,6504
2181889,58,77,1384,2017,0.0,42429.0,0.576982,0.279989,CYP,FRA,6504
2181890,59,77,1384,2017,5735.0,20102.0,1.7715130000000001,0.359668,CZE,FRA,6504
2181891,61,77,1384,2017,2025618.0,900987.0,2.1149459999999998,-2.525372,DEU,FRA,6504
2181892,64,77,1384,2017,4193.0,48771.0,1.159753,1.233914,DNK,FRA,6504
2181893,66,77,1384,2017,0.0,1088.0,-0.9905579999999999,-1.1996200000000001,DZA,FRA,6504
2181894,67,77,1384,2017,800038.0,0.0,-0.9995850000000001,-1.086367,ECU,FRA,6504
2181895,71,77,1384,2017,1174790.0,575042.0,0.734342,2.8180099999999997,ESP,FRA,6504
2181896,72,77,1384,2017,0.0,4034.0,1.010985,1.289633,EST,FRA,6504
2181897,74,77,1384,2017,0.0,10696.0,1.655957,0.962485,FIN,FRA,6504
2181898,80,77,1384,2017,0.0,5497.0,-1.109612,-1.177577,GAB,FRA,6504
2181899,81,77,1384,2017,1280640.0,1054378.0,1.6883119999999998,0.8347469999999999,GBR,FRA,6504
2181900,82,77,1384,2017,0.0,5455.0,-0.241749,-0.374727,GEO,FRA,6504
2181901,90,77,1384,2017,16987.0,116756.0,0.154098,1.151038,GRC,FRA,6504
2181902,97,77,1384,2017,18601.0,97743.0,0.824982,1.7162220000000001,HKG,FRA,6504
2181903,100,77,1384,2017,0.0,17893.0,0.860825,1.365445,HRV,FRA,6504
2181904,101,77,1384,2017,6079.0,0.0,-1.0089219999999999,-0.946722,HTI,FRA,6504
2181905,102,77,1384,2017,6010.0,37890.0,1.4886270000000001,0.845986,HUN,FRA,6504
2181906,103,77,1384,2017,3723.0,3948.0,-0.23641700000000002,1.188173,IDN,FRA,6504
2181907,104,77,1384,2017,8790.0,0.0,0.290576,2.726391,IND,FRA,6504
2181908,106,77,1384,2017,26665.0,42670.0,1.363544,0.169211,IRL,FRA,6504
2181909,109,77,1384,2017,0.0,41038.0,0.386094,-0.277269,ISL,FRA,6504
2181910,110,77,1384,2017,880.0,11017.0,1.436156,0.776574,ISR,FRA,6504
2181911,111,77,1384,2017,6317978.0,1535038.0,1.34395,0.577693,ITA,FRA,6504
2181912,114,77,1384,2017,7917.0,495365.0,2.4510419999999997,-0.277357,JPN,FRA,6504
2181913,118,77,1384,2017,6564.0,0.0,-0.656325,-0.622167,KHM,FRA,6504
2181914,121,77,1384,2017,2332.0,95860.0,2.011263,0.783215,KOR,FRA,6504
2181915,122,77,1384,2017,0.0,2139.0,-0.229821,-1.128482,KWT,FRA,6504
2181916,124,77,1384,2017,0.0,4906.0,0.266847,1.117621,LBN,FRA,6504
2181917,130,77,1384,2017,0.0,4113.0,0.855858,1.447717,LTU,FRA,6504
2181918,131,77,1384,2017,0.0,91832.0,1.24064,1.298263,LUX,FRA,6504
2181919,132,77,1384,2017,0.0,4672.0,0.684555,1.3208030000000002,LVA,FRA,6504
2181920,133,77,1384,2017,0.0,8597.0,0.264006,-0.11028099999999999,MAC,FRA,6504
2181921,134,77,1384,2017,0.0,5846.0,-0.757236,-0.065347,MAR,FRA,6504
2181922,135,77,1384,2017,4720.0,0.0,-0.24909,-0.181213,MDA,FRA,6504
2181923,136,77,1384,2017,249143.0,1514.0,-1.277182,-0.6503399999999999,MDG,FRA,6504
2181924,137,77,1384,2017,0.0,5716.0,-1.100027,-0.9779479999999999,MDV,FRA,6504
2181925,138,77,1384,2017,6963.0,4146.0,1.08871,0.5745279999999999,MEX,FRA,6504
2181926,140,77,1384,2017,3902.0,0.0,-0.0292,-0.377156,MKD,FRA,6504
2181927,141,77,1384,2017,0.0,1097.0,-0.5927899999999999,-0.707245,MLI,FRA,6504
2181928,142,77,1384,2017,0.0,11284.0,0.999914,0.12683,MLT,FRA,6504
2181929,151,77,1384,2017,1291.0,4967.0,-0.156616,0.073153,MUS,FRA,6504
2181930,153,77,1384,2017,0.0,16404.0,1.0110139999999999,0.6840729999999999,MYS,FRA,6504
2181931,156,77,1384,2017,56734.0,3540.0,-0.38216100000000003,-0.8662549999999999,NCL,FRA,6504
2181932,162,77,1384,2017,266690.0,101013.0,1.146959,1.470869,NLD,FRA,6504
2181933,163,77,1384,2017,0.0,3294.0,0.73658,0.11450199999999999,NOR,FRA,6504
2181934,168,77,1384,2017,3266.0,0.0,-0.698561,0.43523500000000004,PAK,FRA,6504
2181935,174,77,1384,2017,8306.0,0.0,0.657759,0.170061,PHL,FRA,6504
2181936,177,77,1384,2017,18410.0,152541.0,1.197417,1.092716,POL,FRA,6504
2181937,179,77,1384,2017,47191.0,85501.0,0.527046,2.264624,PRT,FRA,6504
2181938,183,77,1384,2017,0.0,9059.0,-0.361327,-1.066869,QAT,FRA,6504
2181939,185,77,1384,2017,85637.0,68031.0,1.05479,0.9842219999999999,ROU,FRA,6504
2181940,186,77,1384,2017,3295.0,3497.0,0.32885,0.288392,RUS,FRA,6504
2181941,188,77,1384,2017,0.0,2628.0,0.597716,-0.345049,SAU,FRA,6504
2181942,192,77,1384,2017,1487.0,2642.0,1.884166,0.37903600000000004,SGP,FRA,6504
2181943,201,77,1384,2017,1985.0,0.0,0.541644,1.19872,SRB,FRA,6504
2181944,206,77,1384,2017,22357.0,13370.0,1.279606,0.85503,SVK,FRA,6504
2181945,207,77,1384,2017,2108.0,20441.0,1.600319,0.854305,SVN,FRA,6504
2181946,208,77,1384,2017,3129.0,29334.0,1.764732,0.732646,SWE,FRA,6504
2181947,211,77,1384,2017,0.0,5473.0,0.41946000000000006,-0.523274,SYC,FRA,6504
2181948,216,77,1384,2017,21241.0,6347.0,0.983977,1.3926020000000001,THA,FRA,6504
2181949,223,77,1384,2017,94302.0,78753.0,0.224119,0.961772,TUN,FRA,6504
2181950,224,77,1384,2017,8655.0,8663.0,0.541611,2.405872,TUR,FRA,6504
2181951,228,77,1384,2017,0.0,1267.0,0.461109,0.7826569999999999,UKR,FRA,6504
2181952,231,77,1384,2017,210292.0,284025.0,1.601478,0.277271,USA,FRA,6504
2181953,239,77,1384,2017,392834.0,1015.0,-0.009819,0.686429,VNM,FRA,6504
2181954,241,77,1384,2017,0.0,1081.0,1.156989,-0.59549,WLF,FRA,6504
2181955,246,77,1384,2017,0.0,4885.0,0.2066,1.378591,ZAF,FRA,6504
2181956,247,77,1384,2017,0.0,4965.0,-0.8594290000000001,-1.0574459999999999,ZMB,FRA,6504
2181957,249,77,1384,2017,1234.0,16062.0,2.0548290000000002,1.2552969999999999,TWN,FRA,6504
2181958,250,77,1384,2017,161276.0,0.0,0.72523,-0.205046,ANS,FRA,6504
2181959,1,81,1384,2017,0.0,3017.0,-1.147348,-0.886799,AFG,GBR,6504
2181960,2,81,1384,2017,0.0,2022.0,-1.408777,-1.215475,AGO,GBR,6504
2181961,7,81,1384,2017,1666.0,107227.0,0.210477,0.02557,ARE,GBR,6504
2181962,14,81,1384,2017,16486.0,237155.0,-0.42427200000000004,-0.152921,AUS,GBR,6504
2181963,15,81,1384,2017,6069.0,194827.0,1.728623,-0.031045999999999997,AUT,GBR,6504
2181964,16,81,1384,2017,0.0,2411.0,-1.022455,-1.199225,AZE,GBR,6504
2181965,18,81,1384,2017,22272.0,149299.0,1.292657,1.19571,BEL,GBR,6504
2181966,22,81,1384,2017,50974.0,0.0,-1.016251,-0.987654,BGD,GBR,6504
2181967,23,81,1384,2017,63184.0,18963.0,0.557843,1.7221119999999999,BGR,GBR,6504
2181968,24,81,1384,2017,0.0,1262.0,0.485479,-0.5348890000000001,BHR,GBR,6504
2181969,30,81,1384,2017,0.0,5592.0,1.06318,-0.48345,BMU,GBR,6504
2181970,33,81,1384,2017,0.0,20152.0,0.589793,-0.004488000000000001,BRB,GBR,6504
2181971,39,81,1384,2017,58126.0,46238.0,0.73897,1.206402,CAN,GBR,6504
2181972,41,81,1384,2017,5911.0,154926.0,2.2557810000000003,0.845459,CHE,GBR,6504
2181973,42,81,1384,2017,0.0,2402.0,-0.378693,-0.492983,CHL,GBR,6504
2181974,43,81,1384,2017,11858606.0,12385.0,1.1127790000000002,1.56869,CHN,GBR,6504
2181975,49,81,1384,2017,9828.0,0.0,0.208096,-0.17644300000000002,COL,GBR,6504
2181976,58,81,1384,2017,2458.0,60668.0,0.576982,0.279989,CYP,GBR,6504
2181977,59,81,1384,2017,131038.0,198991.0,1.7715130000000001,0.359668,CZE,GBR,6504
2181978,61,81,1384,2017,355656.0,1500058.0,2.1149459999999998,-2.525372,DEU,GBR,6504
2181979,64,81,1384,2017,16914.0,109915.0,1.159753,1.233914,DNK,GBR,6504
2181980,67,81,1384,2017,312450.0,0.0,-0.9995850000000001,-1.086367,ECU,GBR,6504
2181981,68,81,1384,2017,3993.0,2865.0,-0.073436,1.829121,EGY,GBR,6504
2181982,71,81,1384,2017,267329.0,465586.0,0.734342,2.8180099999999997,ESP,GBR,6504
2181983,72,81,1384,2017,0.0,11748.0,1.010985,1.289633,EST,GBR,6504
2181984,74,81,1384,2017,1204.0,105242.0,1.655957,0.962485,FIN,GBR,6504
2181985,76,81,1384,2017,0.0,11726.0,-1.506175,-0.9551219999999999,FLK,GBR,6504
2181986,77,81,1384,2017,1054378.0,1280640.0,1.398427,0.894732,FRA,GBR,6504
2181987,82,81,1384,2017,0.0,10767.0,-0.241749,-0.374727,GEO,GBR,6504
2181988,83,81,1384,2017,0.0,2389.0,-0.929143,-0.811439,GHA,GBR,6504
2181989,84,81,1384,2017,0.0,7416.0,0.767836,-0.725273,GIB,GBR,6504
2181990,90,81,1384,2017,3576.0,174250.0,0.154098,1.151038,GRC,GBR,6504
2181991,91,81,1384,2017,0.0,3068.0,0.384656,-0.317098,GRD,GBR,6504
2181992,96,81,1384,2017,0.0,904.0,-0.703271,-0.898648,GUY,GBR,6504
2181993,97,81,1384,2017,107334.0,81035.0,0.824982,1.7162220000000001,HKG,GBR,6504
2181994,100,81,1384,2017,0.0,31112.0,0.860825,1.365445,HRV,GBR,6504
2181995,102,81,1384,2017,3932.0,32321.0,1.4886270000000001,0.845986,HUN,GBR,6504
2181996,103,81,1384,2017,0.0,3822.0,-0.23641700000000002,1.188173,IDN,GBR,6504
2181997,104,81,1384,2017,181277.0,3428.0,0.290576,2.726391,IND,GBR,6504
2181998,106,81,1384,2017,63768.0,1294471.0,1.363544,0.169211,IRL,GBR,6504
2181999,107,81,1384,2017,0.0,343.0,-0.361292,-0.361813,IRN,GBR,6504
2182000,109,81,1384,2017,0.0,2162.0,0.386094,-0.277269,ISL,GBR,6504
2182001,110,81,1384,2017,16330.0,6603.0,1.436156,0.776574,ISR,GBR,6504
2182002,111,81,1384,2017,1529968.0,370556.0,1.34395,0.577693,ITA,GBR,6504
2182003,114,81,1384,2017,9007.0,206822.0,2.4510419999999997,-0.277357,JPN,GBR,6504
2182004,116,81,1384,2017,0.0,5375.0,-0.579541,0.511926,KEN,GBR,6504
2182005,118,81,1384,2017,0.0,1049.0,-0.656325,-0.622167,KHM,GBR,6504
2182006,121,81,1384,2017,3864.0,31360.0,2.011263,0.783215,KOR,GBR,6504
2182007,122,81,1384,2017,0.0,4294.0,-0.229821,-1.128482,KWT,GBR,6504
2182008,127,81,1384,2017,0.0,6284.0,0.458896,-0.149195,LCA,GBR,6504
2182009,128,81,1384,2017,118993.0,1342.0,-0.46442799999999995,0.472132,LKA,GBR,6504
2182010,130,81,1384,2017,2712.0,21440.0,0.855858,1.447717,LTU,GBR,6504
2182011,131,81,1384,2017,2109.0,15222.0,1.24064,1.298263,LUX,GBR,6504
2182012,132,81,1384,2017,3353.0,22825.0,0.684555,1.3208030000000002,LVA,GBR,6504
2182013,133,81,1384,2017,0.0,12303.0,0.264006,-0.11028099999999999,MAC,GBR,6504
2182014,135,81,1384,2017,0.0,1501.0,-0.24909,-0.181213,MDA,GBR,6504
2182015,136,81,1384,2017,4783.0,0.0,-1.277182,-0.6503399999999999,MDG,GBR,6504
2182016,137,81,1384,2017,0.0,3350.0,-1.100027,-0.9779479999999999,MDV,GBR,6504
2182017,138,81,1384,2017,10651.0,4807.0,1.08871,0.5745279999999999,MEX,GBR,6504
2182018,142,81,1384,2017,0.0,23473.0,0.999914,0.12683,MLT,GBR,6504
2182019,148,81,1384,2017,0.0,1040.0,-1.634533,-1.330819,MRT,GBR,6504
2182020,153,81,1384,2017,0.0,6480.0,1.0110139999999999,0.6840729999999999,MYS,GBR,6504
2182021,159,81,1384,2017,0.0,22036.0,-1.8260919999999998,-1.276591,NGA,GBR,6504
2182022,162,81,1384,2017,287598.0,287254.0,1.146959,1.470869,NLD,GBR,6504
2182023,163,81,1384,2017,0.0,18595.0,0.73658,0.11450199999999999,NOR,GBR,6504
2182024,166,81,1384,2017,2467.0,10506.0,0.25651199999999996,0.132996,NZL,GBR,6504
2182025,167,81,1384,2017,0.0,12829.0,-0.347684,-0.884569,OMN,GBR,6504
2182026,168,81,1384,2017,8847.0,0.0,-0.698561,0.43523500000000004,PAK,GBR,6504
2182027,173,81,1384,2017,11791.0,0.0,-0.667658,-0.318344,PER,GBR,6504
2182028,174,81,1384,2017,73122.0,0.0,0.657759,0.170061,PHL,GBR,6504
2182029,177,81,1384,2017,111136.0,184342.0,1.197417,1.092716,POL,GBR,6504
2182030,179,81,1384,2017,4621.0,127611.0,0.527046,2.264624,PRT,GBR,6504
2182031,183,81,1384,2017,0.0,4949.0,-0.361327,-1.066869,QAT,GBR,6504
2182032,185,81,1384,2017,3349.0,42903.0,1.05479,0.9842219999999999,ROU,GBR,6504
2182033,186,81,1384,2017,0.0,94360.0,0.32885,0.288392,RUS,GBR,6504
2182034,188,81,1384,2017,2300.0,0.0,0.597716,-0.345049,SAU,GBR,6504
2182035,192,81,1384,2017,5227.0,5868.0,1.884166,0.37903600000000004,SGP,GBR,6504
2182036,206,81,1384,2017,1613.0,17506.0,1.279606,0.85503,SVK,GBR,6504
2182037,207,81,1384,2017,0.0,11516.0,1.600319,0.854305,SVN,GBR,6504
2182038,208,81,1384,2017,43725.0,268020.0,1.764732,0.732646,SWE,GBR,6504
2182039,210,81,1384,2017,0.0,1278.0,0.892698,-0.795854,SXM,GBR,6504
2182040,211,81,1384,2017,0.0,1263.0,0.41946000000000006,-0.523274,SYC,GBR,6504
2182041,216,81,1384,2017,6627.0,8390.0,0.983977,1.3926020000000001,THA,GBR,6504
2182042,224,81,1384,2017,12377.0,113895.0,0.541611,2.405872,TUR,GBR,6504
2182043,226,81,1384,2017,0.0,8672.0,-1.0691709999999999,0.11636800000000001,TZA,GBR,6504
2182044,228,81,1384,2017,3083.0,18508.0,0.461109,0.7826569999999999,UKR,GBR,6504
2182045,231,81,1384,2017,1097723.0,335070.0,1.601478,0.277271,USA,GBR,6504
2182046,239,81,1384,2017,26234.0,0.0,-0.009819,0.686429,VNM,GBR,6504
2182047,246,81,1384,2017,22047.0,5603.0,0.2066,1.378591,ZAF,GBR,6504
2182048,249,81,1384,2017,5724.0,17001.0,2.0548290000000002,1.2552969999999999,TWN,GBR,6504
2182049,14,93,1384,2017,0.0,3735.0,-0.42427200000000004,-0.152921,AUS,GTM,6504
2182050,24,93,1384,2017,0.0,2780.0,0.485479,-0.5348890000000001,BHR,GTM,6504
2182051,39,93,1384,2017,0.0,4618.0,0.73897,1.206402,CAN,GTM,6504
2182052,43,93,1384,2017,80728.0,0.0,1.1127790000000002,1.56869,CHN,GTM,6504
2182053,49,93,1384,2017,2093.0,0.0,0.208096,-0.17644300000000002,COL,GTM,6504
2182054,52,93,1384,2017,3276.0,0.0,0.288642,-0.056219000000000005,CRI,GTM,6504
2182055,64,93,1384,2017,0.0,1812.0,1.159753,1.233914,DNK,GTM,6504
2182056,67,93,1384,2017,1462.0,0.0,-0.9995850000000001,-1.086367,ECU,GTM,6504
2182057,71,93,1384,2017,7738.0,3538.0,0.734342,2.8180099999999997,ESP,GTM,6504
2182058,97,93,1384,2017,1165.0,0.0,0.824982,1.7162220000000001,HKG,GTM,6504
2182059,99,93,1384,2017,2049.0,4055.0,-0.6335689999999999,-0.334201,HND,GTM,6504
2182060,121,93,1384,2017,899.0,0.0,2.011263,0.783215,KOR,GTM,6504
2182061,138,93,1384,2017,759893.0,7545.0,1.08871,0.5745279999999999,MEX,GTM,6504
2182062,169,93,1384,2017,10614.0,1679.0,0.5520109999999999,0.788181,PAN,GTM,6504
2182063,197,93,1384,2017,21782.0,1849.0,0.113639,0.23175199999999999,SLV,GTM,6504
2182064,231,93,1384,2017,14361.0,480114.0,1.601478,0.277271,USA,GTM,6504
2182065,239,93,1384,2017,18562.0,0.0,-0.009819,0.686429,VNM,GTM,6504
2182066,33,96,1384,2017,0.0,1161.0,0.589793,-0.004488000000000001,BRB,GUY,6504
2182067,43,96,1384,2017,7857.0,0.0,1.1127790000000002,1.56869,CHN,GUY,6504
2182068,81,96,1384,2017,904.0,0.0,1.6883119999999998,0.8347469999999999,GBR,GUY,6504
2182069,97,96,1384,2017,2809.0,0.0,0.824982,1.7162220000000001,HKG,GUY,6504
2182070,112,96,1384,2017,2467.0,0.0,-0.497654,-0.76481,JAM,GUY,6504
2182071,168,96,1384,2017,16758.0,0.0,-0.698561,0.43523500000000004,PAK,GUY,6504
2182072,169,96,1384,2017,3544.0,0.0,0.5520109999999999,0.788181,PAN,GUY,6504
2182073,231,96,1384,2017,3806.0,0.0,1.601478,0.277271,USA,GUY,6504
2182074,2,97,1384,2017,0.0,13423.0,-1.408777,-1.215475,AGO,HKG,6504
2182075,7,97,1384,2017,4160.0,9412.0,0.210477,0.02557,ARE,HKG,6504
2182076,14,97,1384,2017,4031.0,51283.0,-0.42427200000000004,-0.152921,AUS,HKG,6504
2182077,15,97,1384,2017,24092.0,1204.0,1.728623,-0.031045999999999997,AUT,HKG,6504
2182078,18,97,1384,2017,18074.0,3038.0,1.292657,1.19571,BEL,HKG,6504
2182079,24,97,1384,2017,0.0,1075.0,0.485479,-0.5348890000000001,BHR,HKG,6504
2182080,32,97,1384,2017,0.0,169749.0,0.145224,0.483461,BRA,HKG,6504
2182081,39,97,1384,2017,9084.0,68315.0,0.73897,1.206402,CAN,HKG,6504
2182082,41,97,1384,2017,3972.0,2034.0,2.2557810000000003,0.845459,CHE,HKG,6504
2182083,42,97,1384,2017,0.0,2288.0,-0.378693,-0.492983,CHL,HKG,6504
2182084,43,97,1384,2017,2617736.0,89783.0,1.1127790000000002,1.56869,CHN,HKG,6504
2182085,49,97,1384,2017,0.0,2019.0,0.208096,-0.17644300000000002,COL,HKG,6504
2182086,58,97,1384,2017,1835.0,0.0,0.576982,0.279989,CYP,HKG,6504
2182087,61,97,1384,2017,29745.0,42856.0,2.1149459999999998,-2.525372,DEU,HKG,6504
2182088,64,97,1384,2017,0.0,6816.0,1.159753,1.233914,DNK,HKG,6504
2182089,67,97,1384,2017,42660.0,2437.0,-0.9995850000000001,-1.086367,ECU,HKG,6504
2182090,71,97,1384,2017,40301.0,27698.0,0.734342,2.8180099999999997,ESP,HKG,6504
2182091,74,97,1384,2017,4737.0,3613.0,1.655957,0.962485,FIN,HKG,6504
2182092,75,97,1384,2017,0.0,2877.0,-0.278276,-0.033997,FJI,HKG,6504
2182093,77,97,1384,2017,97743.0,18601.0,1.398427,0.894732,FRA,HKG,6504
2182094,81,97,1384,2017,81035.0,107334.0,1.6883119999999998,0.8347469999999999,GBR,HKG,6504
2182095,82,97,1384,2017,0.0,1432.0,-0.241749,-0.374727,GEO,HKG,6504
2182096,90,97,1384,2017,0.0,25835.0,0.154098,1.151038,GRC,HKG,6504
2182097,93,97,1384,2017,0.0,1165.0,-0.418538,0.557454,GTM,HKG,6504
2182098,96,97,1384,2017,0.0,2809.0,-0.703271,-0.898648,GUY,HKG,6504
2182099,102,97,1384,2017,0.0,41395.0,1.4886270000000001,0.845986,HUN,HKG,6504
2182100,103,97,1384,2017,1177.0,20898.0,-0.23641700000000002,1.188173,IDN,HKG,6504
2182101,104,97,1384,2017,10963.0,6987.0,0.290576,2.726391,IND,HKG,6504
2182102,106,97,1384,2017,0.0,1682.0,1.363544,0.169211,IRL,HKG,6504
2182103,109,97,1384,2017,0.0,1089.0,0.386094,-0.277269,ISL,HKG,6504
2182104,110,97,1384,2017,0.0,1150.0,1.436156,0.776574,ISR,HKG,6504
2182105,111,97,1384,2017,185998.0,18215.0,1.34395,0.577693,ITA,HKG,6504
2182106,114,97,1384,2017,93204.0,85669.0,2.4510419999999997,-0.277357,JPN,HKG,6504
2182107,120,97,1384,2017,0.0,1897.0,0.781625,-0.405177,KNA,HKG,6504
2182108,121,97,1384,2017,8801.0,8875.0,2.011263,0.783215,KOR,HKG,6504
2182109,122,97,1384,2017,0.0,2328.0,-0.229821,-1.128482,KWT,HKG,6504
2182110,124,97,1384,2017,0.0,2938.0,0.266847,1.117621,LBN,HKG,6504
2182111,128,97,1384,2017,0.0,3581.0,-0.46442799999999995,0.472132,LKA,HKG,6504
2182112,131,97,1384,2017,3160.0,0.0,1.24064,1.298263,LUX,HKG,6504
2182113,133,97,1384,2017,3259.0,54397.0,0.264006,-0.11028099999999999,MAC,HKG,6504
2182114,137,97,1384,2017,0.0,1363.0,-1.100027,-0.9779479999999999,MDV,HKG,6504
2182115,138,97,1384,2017,0.0,8302.0,1.08871,0.5745279999999999,MEX,HKG,6504
2182116,148,97,1384,2017,0.0,967.0,-1.634533,-1.330819,MRT,HKG,6504
2182117,151,97,1384,2017,0.0,9236.0,-0.156616,0.073153,MUS,HKG,6504
2182118,153,97,1384,2017,0.0,6772.0,1.0110139999999999,0.6840729999999999,MYS,HKG,6504
2182119,155,97,1384,2017,0.0,44727.0,-0.5221060000000001,-0.7365079999999999,NAM,HKG,6504
2182120,162,97,1384,2017,14271.0,25983.0,1.146959,1.470869,NLD,HKG,6504
2182121,163,97,1384,2017,0.0,3319.0,0.73658,0.11450199999999999,NOR,HKG,6504
2182122,166,97,1384,2017,0.0,8036.0,0.25651199999999996,0.132996,NZL,HKG,6504
2182123,167,97,1384,2017,0.0,1242.0,-0.347684,-0.884569,OMN,HKG,6504
2182124,169,97,1384,2017,0.0,29080.0,0.5520109999999999,0.788181,PAN,HKG,6504
2182125,174,97,1384,2017,3488.0,13330.0,0.657759,0.170061,PHL,HKG,6504
2182126,177,97,1384,2017,1017.0,0.0,1.197417,1.092716,POL,HKG,6504
2182127,179,97,1384,2017,4900.0,3993.0,0.527046,2.264624,PRT,HKG,6504
2182128,185,97,1384,2017,1390.0,0.0,1.05479,0.9842219999999999,ROU,HKG,6504
2182129,186,97,1384,2017,0.0,4889.0,0.32885,0.288392,RUS,HKG,6504
2182130,188,97,1384,2017,0.0,64412.0,0.597716,-0.345049,SAU,HKG,6504
2182131,192,97,1384,2017,2456.0,25861.0,1.884166,0.37903600000000004,SGP,HKG,6504
2182132,208,97,1384,2017,2117.0,51464.0,1.764732,0.732646,SWE,HKG,6504
2182133,216,97,1384,2017,97837.0,9329.0,0.983977,1.3926020000000001,THA,HKG,6504
2182134,224,97,1384,2017,0.0,1689.0,0.541611,2.405872,TUR,HKG,6504
2182135,231,97,1384,2017,156784.0,200896.0,1.601478,0.277271,USA,HKG,6504
2182136,239,97,1384,2017,27513.0,1851.0,-0.009819,0.686429,VNM,HKG,6504
2182137,246,97,1384,2017,0.0,5714.0,0.2066,1.378591,ZAF,HKG,6504
2182138,248,97,1384,2017,0.0,2348.0,-1.101402,-1.0831680000000001,ZWE,HKG,6504
2182139,249,97,1384,2017,20416.0,21991.0,2.0548290000000002,1.2552969999999999,TWN,HKG,6504
2182140,14,99,1384,2017,0.0,1807.0,-0.42427200000000004,-0.152921,AUS,HND,6504
2182141,43,99,1384,2017,72364.0,0.0,1.1127790000000002,1.56869,CHN,HND,6504
2182142,49,99,1384,2017,6317.0,0.0,0.208096,-0.17644300000000002,COL,HND,6504
2182143,67,99,1384,2017,1976.0,0.0,-0.9995850000000001,-1.086367,ECU,HND,6504
2182144,71,99,1384,2017,5860.0,0.0,0.734342,2.8180099999999997,ESP,HND,6504
2182145,93,99,1384,2017,4055.0,2049.0,-0.418538,0.557454,GTM,HND,6504
2182146,122,99,1384,2017,0.0,5319.0,-0.229821,-1.128482,KWT,HND,6504
2182147,138,99,1384,2017,198112.0,0.0,1.08871,0.5745279999999999,MEX,HND,6504
2182148,169,99,1384,2017,23347.0,3766.0,0.5520109999999999,0.788181,PAN,HND,6504
2182149,197,99,1384,2017,0.0,2973.0,0.113639,0.23175199999999999,SLV,HND,6504
2182150,231,99,1384,2017,5392.0,36762.0,1.601478,0.277271,USA,HND,6504
2182151,4,102,1384,2017,0.0,3144.0,-0.44769899999999996,-0.17193,ALB,HUN,6504
2182152,15,102,1384,2017,6511.0,53423.0,1.728623,-0.031045999999999997,AUT,HUN,6504
2182153,18,102,1384,2017,1720.0,2548.0,1.292657,1.19571,BEL,HUN,6504
2182154,23,102,1384,2017,0.0,4508.0,0.557843,1.7221119999999999,BGR,HUN,6504
2182155,41,102,1384,2017,1543.0,0.0,2.2557810000000003,0.845459,CHE,HUN,6504
2182156,43,102,1384,2017,206460.0,0.0,1.1127790000000002,1.56869,CHN,HUN,6504
2182157,59,102,1384,2017,10316.0,60247.0,1.7715130000000001,0.359668,CZE,HUN,6504
2182158,61,102,1384,2017,88141.0,46720.0,2.1149459999999998,-2.525372,DEU,HUN,6504
2182159,71,102,1384,2017,170769.0,0.0,0.734342,2.8180099999999997,ESP,HUN,6504
2182160,77,102,1384,2017,37890.0,6010.0,1.398427,0.894732,FRA,HUN,6504
2182161,81,102,1384,2017,32321.0,3932.0,1.6883119999999998,0.8347469999999999,GBR,HUN,6504
2182162,97,102,1384,2017,41395.0,0.0,0.824982,1.7162220000000001,HKG,HUN,6504
2182163,100,102,1384,2017,0.0,3697.0,0.860825,1.365445,HRV,HUN,6504
2182164,111,102,1384,2017,79626.0,20117.0,1.34395,0.577693,ITA,HUN,6504
2182165,162,102,1384,2017,51235.0,4407.0,1.146959,1.470869,NLD,HUN,6504
2182166,177,102,1384,2017,89281.0,20310.0,1.197417,1.092716,POL,HUN,6504
2182167,185,102,1384,2017,54621.0,92104.0,1.05479,0.9842219999999999,ROU,HUN,6504
2182168,192,102,1384,2017,0.0,3635.0,1.884166,0.37903600000000004,SGP,HUN,6504
2182169,201,102,1384,2017,0.0,1004.0,0.541644,1.19872,SRB,HUN,6504
2182170,206,102,1384,2017,150634.0,44928.0,1.279606,0.85503,SVK,HUN,6504
2182171,207,102,1384,2017,1166.0,8154.0,1.600319,0.854305,SVN,HUN,6504
2182172,7,103,1384,2017,0.0,43206.0,0.210477,0.02557,ARE,IDN,6504
2182173,14,103,1384,2017,1300.0,148120.0,-0.42427200000000004,-0.152921,AUS,IDN,6504
2182174,24,103,1384,2017,0.0,2569.0,0.485479,-0.5348890000000001,BHR,IDN,6504
2182175,31,103,1384,2017,0.0,685.0,-1.158425,-1.076242,BOL,IDN,6504
2182176,32,103,1384,2017,0.0,1125.0,0.145224,0.483461,BRA,IDN,6504
2182177,34,103,1384,2017,0.0,3271.0,0.270525,-0.747949,BRN,IDN,6504
2182178,43,103,1384,2017,1022248.0,1493.0,1.1127790000000002,1.56869,CHN,IDN,6504
2182179,61,103,1384,2017,988.0,8139.0,2.1149459999999998,-2.525372,DEU,IDN,6504
2182180,64,103,1384,2017,0.0,1364.0,1.159753,1.233914,DNK,IDN,6504
2182181,67,103,1384,2017,1540.0,0.0,-0.9995850000000001,-1.086367,ECU,IDN,6504
2182182,71,103,1384,2017,32264.0,35315.0,0.734342,2.8180099999999997,ESP,IDN,6504
2182183,75,103,1384,2017,0.0,1931.0,-0.278276,-0.033997,FJI,IDN,6504
2182184,77,103,1384,2017,3948.0,3723.0,1.398427,0.894732,FRA,IDN,6504
2182185,81,103,1384,2017,3822.0,0.0,1.6883119999999998,0.8347469999999999,GBR,IDN,6504
2182186,90,103,1384,2017,0.0,3251.0,0.154098,1.151038,GRC,IDN,6504
2182187,97,103,1384,2017,20898.0,1177.0,0.824982,1.7162220000000001,HKG,IDN,6504
2182188,111,103,1384,2017,1122.0,4959.0,1.34395,0.577693,ITA,IDN,6504
2182189,114,103,1384,2017,0.0,173733.0,2.4510419999999997,-0.277357,JPN,IDN,6504
2182190,122,103,1384,2017,0.0,4302.0,-0.229821,-1.128482,KWT,IDN,6504
2182191,128,103,1384,2017,787.0,8665.0,-0.46442799999999995,0.472132,LKA,IDN,6504
2182192,136,103,1384,2017,0.0,1068.0,-1.277182,-0.6503399999999999,MDG,IDN,6504
2182193,137,103,1384,2017,0.0,2915.0,-1.100027,-0.9779479999999999,MDV,IDN,6504
2182194,151,103,1384,2017,0.0,3540.0,-0.156616,0.073153,MUS,IDN,6504
2182195,153,103,1384,2017,98908.0,30077.0,1.0110139999999999,0.6840729999999999,MYS,IDN,6504
2182196,155,103,1384,2017,0.0,718.0,-0.5221060000000001,-0.7365079999999999,NAM,IDN,6504
2182197,166,103,1384,2017,0.0,2040.0,0.25651199999999996,0.132996,NZL,IDN,6504
2182198,173,103,1384,2017,0.0,20887.0,-0.667658,-0.318344,PER,IDN,6504
2182199,174,103,1384,2017,0.0,1842.0,0.657759,0.170061,PHL,IDN,6504
2182200,176,103,1384,2017,0.0,1065.0,-1.788834,-1.267126,PNG,IDN,6504
2182201,183,103,1384,2017,0.0,43624.0,-0.361327,-1.066869,QAT,IDN,6504
2182202,188,103,1384,2017,0.0,14525.0,0.597716,-0.345049,SAU,IDN,6504
2182203,191,103,1384,2017,0.0,54565.0,-0.6722899999999999,-0.26522199999999996,SEN,IDN,6504
2182204,192,103,1384,2017,296169.0,553127.0,1.884166,0.37903600000000004,SGP,IDN,6504
2182205,216,103,1384,2017,2534.0,1359.0,0.983977,1.3926020000000001,THA,IDN,6504
2182206,220,103,1384,2017,0.0,1606.0,-0.45426700000000003,-0.769744,TLS,IDN,6504
2182207,224,103,1384,2017,651.0,0.0,0.541611,2.405872,TUR,IDN,6504
2182208,230,103,1384,2017,0.0,1654.0,0.16963,-0.403006,URY,IDN,6504
2182209,231,103,1384,2017,8303.0,4012.0,1.601478,0.277271,USA,IDN,6504
2182210,249,103,1384,2017,1824.0,4195.0,2.0548290000000002,1.2552969999999999,TWN,IDN,6504
2182211,1,104,1384,2017,0.0,4356.0,-1.147348,-0.886799,AFG,IND,6504
2182212,2,104,1384,2017,0.0,6661.0,-1.408777,-1.215475,AGO,IND,6504
2182213,7,104,1384,2017,3432.0,251923.0,0.210477,0.02557,ARE,IND,6504
2182214,14,104,1384,2017,0.0,49965.0,-0.42427200000000004,-0.152921,AUS,IND,6504
2182215,15,104,1384,2017,0.0,1164.0,1.728623,-0.031045999999999997,AUT,IND,6504
2182216,18,104,1384,2017,0.0,50975.0,1.292657,1.19571,BEL,IND,6504
2182217,22,104,1384,2017,2008.0,0.0,-1.016251,-0.987654,BGD,IND,6504
2182218,24,104,1384,2017,0.0,12651.0,0.485479,-0.5348890000000001,BHR,IND,6504
2182219,35,104,1384,2017,0.0,2077.0,-0.167518,-0.7758520000000001,BTN,IND,6504
2182220,39,104,1384,2017,0.0,6696.0,0.73897,1.206402,CAN,IND,6504
2182221,41,104,1384,2017,0.0,76695.0,2.2557810000000003,0.845459,CHE,IND,6504
2182222,42,104,1384,2017,0.0,3144.0,-0.378693,-0.492983,CHL,IND,6504
2182223,43,104,1384,2017,1398152.0,9291.0,1.1127790000000002,1.56869,CHN,IND,6504
2182224,59,104,1384,2017,0.0,1247.0,1.7715130000000001,0.359668,CZE,IND,6504
2182225,61,104,1384,2017,0.0,136095.0,2.1149459999999998,-2.525372,DEU,IND,6504
2182226,64,104,1384,2017,0.0,28044.0,1.159753,1.233914,DNK,IND,6504
2182227,71,104,1384,2017,10293.0,54237.0,0.734342,2.8180099999999997,ESP,IND,6504
2182228,73,104,1384,2017,0.0,28294.0,-1.007413,-0.638231,ETH,IND,6504
2182229,77,104,1384,2017,0.0,8790.0,1.398427,0.894732,FRA,IND,6504
2182230,81,104,1384,2017,3428.0,181277.0,1.6883119999999998,0.8347469999999999,GBR,IND,6504
2182231,83,104,1384,2017,0.0,2376.0,-0.929143,-0.811439,GHA,IND,6504
2182232,90,104,1384,2017,0.0,1391.0,0.154098,1.151038,GRC,IND,6504
2182233,97,104,1384,2017,6987.0,10963.0,0.824982,1.7162220000000001,HKG,IND,6504
2182234,100,104,1384,2017,0.0,4465.0,0.860825,1.365445,HRV,IND,6504
2182235,106,104,1384,2017,0.0,1036.0,1.363544,0.169211,IRL,IND,6504
2182236,110,104,1384,2017,943.0,0.0,1.436156,0.776574,ISR,IND,6504
2182237,111,104,1384,2017,2162.0,9362.0,1.34395,0.577693,ITA,IND,6504
2182238,114,104,1384,2017,0.0,18634.0,2.4510419999999997,-0.277357,JPN,IND,6504
2182239,115,104,1384,2017,0.0,9053.0,-0.394316,-0.5485979999999999,KAZ,IND,6504
2182240,116,104,1384,2017,0.0,1326.0,-0.579541,0.511926,KEN,IND,6504
2182241,120,104,1384,2017,0.0,1064.0,0.781625,-0.405177,KNA,IND,6504
2182242,121,104,1384,2017,0.0,9278.0,2.011263,0.783215,KOR,IND,6504
2182243,122,104,1384,2017,0.0,11934.0,-0.229821,-1.128482,KWT,IND,6504
2182244,124,104,1384,2017,0.0,1218.0,0.266847,1.117621,LBN,IND,6504
2182245,128,104,1384,2017,7243.0,21030.0,-0.46442799999999995,0.472132,LKA,IND,6504
2182246,134,104,1384,2017,0.0,15835.0,-0.757236,-0.065347,MAR,IND,6504
2182247,138,104,1384,2017,0.0,7599.0,1.08871,0.5745279999999999,MEX,IND,6504
2182248,143,104,1384,2017,1009.0,0.0,-1.051544,-0.419183,MMR,IND,6504
2182249,151,104,1384,2017,0.0,2036.0,-0.156616,0.073153,MUS,IND,6504
2182250,152,104,1384,2017,0.0,1288.0,-0.761995,-0.8897729999999999,MWI,IND,6504
2182251,153,104,1384,2017,0.0,16900.0,1.0110139999999999,0.6840729999999999,MYS,IND,6504
2182252,155,104,1384,2017,0.0,4728.0,-0.5221060000000001,-0.7365079999999999,NAM,IND,6504
2182253,159,104,1384,2017,0.0,5771.0,-1.8260919999999998,-1.276591,NGA,IND,6504
2182254,162,104,1384,2017,0.0,9001.0,1.146959,1.470869,NLD,IND,6504
2182255,163,104,1384,2017,0.0,16016.0,0.73658,0.11450199999999999,NOR,IND,6504
2182256,164,104,1384,2017,0.0,7839.0,-0.319681,0.5788220000000001,NPL,IND,6504
2182257,167,104,1384,2017,0.0,6912.0,-0.347684,-0.884569,OMN,IND,6504
2182258,173,104,1384,2017,0.0,2779.0,-0.667658,-0.318344,PER,IND,6504
2182259,177,104,1384,2017,0.0,82576.0,1.197417,1.092716,POL,IND,6504
2182260,179,104,1384,2017,0.0,22104.0,0.527046,2.264624,PRT,IND,6504
2182261,183,104,1384,2017,0.0,9542.0,-0.361327,-1.066869,QAT,IND,6504
2182262,186,104,1384,2017,0.0,25820.0,0.32885,0.288392,RUS,IND,6504
2182263,188,104,1384,2017,0.0,43672.0,0.597716,-0.345049,SAU,IND,6504
2182264,190,104,1384,2017,0.0,1978.0,-1.567691,-1.257164,SDN,IND,6504
2182265,192,104,1384,2017,1731.0,2067.0,1.884166,0.37903600000000004,SGP,IND,6504
2182266,201,104,1384,2017,0.0,1389.0,0.541644,1.19872,SRB,IND,6504
2182267,208,104,1384,2017,0.0,40473.0,1.764732,0.732646,SWE,IND,6504
2182268,211,104,1384,2017,0.0,1069.0,0.41946000000000006,-0.523274,SYC,IND,6504
2182269,216,104,1384,2017,0.0,108925.0,0.983977,1.3926020000000001,THA,IND,6504
2182270,222,104,1384,2017,0.0,2047.0,-0.183935,-1.012153,TTO,IND,6504
2182271,224,104,1384,2017,13745.0,17456.0,0.541611,2.405872,TUR,IND,6504
2182272,226,104,1384,2017,0.0,14352.0,-1.0691709999999999,0.11636800000000001,TZA,IND,6504
2182273,231,104,1384,2017,1008.0,87723.0,1.601478,0.277271,USA,IND,6504
2182274,246,104,1384,2017,0.0,2988.0,0.2066,1.378591,ZAF,IND,6504
2182275,247,104,1384,2017,0.0,7354.0,-0.8594290000000001,-1.0574459999999999,ZMB,IND,6504
2182276,249,104,1384,2017,2040.0,0.0,2.0548290000000002,1.2552969999999999,TWN,IND,6504
2182277,250,104,1384,2017,1607.0,0.0,0.72523,-0.205046,ANS,IND,6504
2182278,7,106,1384,2017,2070.0,1341.0,0.210477,0.02557,ARE,IRL,6504
2182279,15,106,1384,2017,0.0,34345.0,1.728623,-0.031045999999999997,AUT,IRL,6504
2182280,18,106,1384,2017,0.0,3391.0,1.292657,1.19571,BEL,IRL,6504
2182281,22,106,1384,2017,1749.0,0.0,-1.016251,-0.987654,BGD,IRL,6504
2182282,39,106,1384,2017,0.0,1757.0,0.73897,1.206402,CAN,IRL,6504
2182283,41,106,1384,2017,2186.0,0.0,2.2557810000000003,0.845459,CHE,IRL,6504
2182284,43,106,1384,2017,299493.0,0.0,1.1127790000000002,1.56869,CHN,IRL,6504
2182285,59,106,1384,2017,0.0,961.0,1.7715130000000001,0.359668,CZE,IRL,6504
2182286,61,106,1384,2017,16646.0,51893.0,2.1149459999999998,-2.525372,DEU,IRL,6504
2182287,64,106,1384,2017,0.0,1271.0,1.159753,1.233914,DNK,IRL,6504
2182288,71,106,1384,2017,15514.0,27670.0,0.734342,2.8180099999999997,ESP,IRL,6504
2182289,74,106,1384,2017,0.0,2968.0,1.655957,0.962485,FIN,IRL,6504
2182290,77,106,1384,2017,42670.0,26665.0,1.398427,0.894732,FRA,IRL,6504
2182291,81,106,1384,2017,1294471.0,63768.0,1.6883119999999998,0.8347469999999999,GBR,IRL,6504
2182292,97,106,1384,2017,1682.0,0.0,0.824982,1.7162220000000001,HKG,IRL,6504
2182293,104,106,1384,2017,1036.0,0.0,0.290576,2.726391,IND,IRL,6504
2182294,111,106,1384,2017,12888.0,52808.0,1.34395,0.577693,ITA,IRL,6504
2182295,128,106,1384,2017,9311.0,0.0,-0.46442799999999995,0.472132,LKA,IRL,6504
2182296,162,106,1384,2017,15277.0,13468.0,1.146959,1.470869,NLD,IRL,6504
2182297,163,106,1384,2017,1462.0,0.0,0.73658,0.11450199999999999,NOR,IRL,6504
2182298,177,106,1384,2017,4405.0,0.0,1.197417,1.092716,POL,IRL,6504
2182299,179,106,1384,2017,0.0,3814.0,0.527046,2.264624,PRT,IRL,6504
2182300,192,106,1384,2017,1635.0,0.0,1.884166,0.37903600000000004,SGP,IRL,6504
2182301,208,106,1384,2017,3275.0,25643.0,1.764732,0.732646,SWE,IRL,6504
2182302,224,106,1384,2017,28990.0,0.0,0.541611,2.405872,TUR,IRL,6504
2182303,231,106,1384,2017,13806.0,5710.0,1.601478,0.277271,USA,IRL,6504
2182304,239,106,1384,2017,1015.0,0.0,-0.009819,0.686429,VNM,IRL,6504
2182305,250,106,1384,2017,1088.0,5197.0,0.72523,-0.205046,ANS,IRL,6504
2182306,15,110,1384,2017,4008.0,0.0,1.728623,-0.031045999999999997,AUT,ISR,6504
2182307,18,110,1384,2017,0.0,5753.0,1.292657,1.19571,BEL,ISR,6504
2182308,23,110,1384,2017,1666.0,0.0,0.557843,1.7221119999999999,BGR,ISR,6504
2182309,39,110,1384,2017,0.0,1850.0,0.73897,1.206402,CAN,ISR,6504
2182310,43,110,1384,2017,581828.0,0.0,1.1127790000000002,1.56869,CHN,ISR,6504
2182311,58,110,1384,2017,1415.0,0.0,0.576982,0.279989,CYP,ISR,6504
2182312,61,110,1384,2017,3811.0,0.0,2.1149459999999998,-2.525372,DEU,ISR,6504
2182313,67,110,1384,2017,8093.0,0.0,-0.9995850000000001,-1.086367,ECU,ISR,6504
2182314,71,110,1384,2017,73181.0,0.0,0.734342,2.8180099999999997,ESP,ISR,6504
2182315,77,110,1384,2017,11017.0,880.0,1.398427,0.894732,FRA,ISR,6504
2182316,81,110,1384,2017,6603.0,16330.0,1.6883119999999998,0.8347469999999999,GBR,ISR,6504
2182317,90,110,1384,2017,0.0,3850.0,0.154098,1.151038,GRC,ISR,6504
2182318,97,110,1384,2017,1150.0,0.0,0.824982,1.7162220000000001,HKG,ISR,6504
2182319,104,110,1384,2017,0.0,943.0,0.290576,2.726391,IND,ISR,6504
2182320,111,110,1384,2017,197712.0,0.0,1.34395,0.577693,ITA,ISR,6504
2182321,159,110,1384,2017,0.0,1620.0,-1.8260919999999998,-1.276591,NGA,ISR,6504
2182322,162,110,1384,2017,18014.0,13400.0,1.146959,1.470869,NLD,ISR,6504
2182323,174,110,1384,2017,9465.0,0.0,0.657759,0.170061,PHL,ISR,6504
2182324,179,110,1384,2017,2346.0,0.0,0.527046,2.264624,PRT,ISR,6504
2182325,224,110,1384,2017,20402.0,0.0,0.541611,2.405872,TUR,ISR,6504
2182326,231,110,1384,2017,17263.0,95805.0,1.601478,0.277271,USA,ISR,6504
2182327,239,110,1384,2017,1889.0,0.0,-0.009819,0.686429,VNM,ISR,6504
2182328,4,111,1384,2017,13180.0,2912.0,-0.44769899999999996,-0.17193,ALB,ITA,6504
2182329,7,111,1384,2017,1818.0,125386.0,0.210477,0.02557,ARE,ITA,6504
2182330,8,111,1384,2017,0.0,2212.0,-0.120753,0.233375,ARG,ITA,6504
2182331,9,111,1384,2017,0.0,1896.0,-0.23846799999999999,-0.658774,ARM,ITA,6504
2182332,14,111,1384,2017,1066.0,219495.0,-0.42427200000000004,-0.152921,AUS,ITA,6504
2182333,15,111,1384,2017,22608.0,604950.0,1.728623,-0.031045999999999997,AUT,ITA,6504
2182334,16,111,1384,2017,0.0,7999.0,-1.022455,-1.199225,AZE,ITA,6504
2182335,18,111,1384,2017,261928.0,289267.0,1.292657,1.19571,BEL,ITA,6504
2182336,23,111,1384,2017,110410.0,62342.0,0.557843,1.7221119999999999,BGR,ITA,6504
2182337,24,111,1384,2017,0.0,3455.0,0.485479,-0.5348890000000001,BHR,ITA,6504
2182338,26,111,1384,2017,106603.0,0.0,0.43245,0.726721,BIH,ITA,6504
2182339,27,111,1384,2017,0.0,17250.0,0.49959799999999993,-0.392529,BLM,ITA,6504
2182340,28,111,1384,2017,0.0,1716.0,0.8115829999999999,0.8323459999999999,BLR,ITA,6504
2182341,32,111,1384,2017,1254.0,1531.0,0.145224,0.483461,BRA,ITA,6504
2182342,33,111,1384,2017,0.0,1752.0,0.589793,-0.004488000000000001,BRB,ITA,6504
2182343,39,111,1384,2017,0.0,189045.0,0.73897,1.206402,CAN,ITA,6504
2182344,41,111,1384,2017,30148.0,983648.0,2.2557810000000003,0.845459,CHE,ITA,6504
2182345,42,111,1384,2017,0.0,1763.0,-0.378693,-0.492983,CHL,ITA,6504
2182346,43,111,1384,2017,2812681.0,117934.0,1.1127790000000002,1.56869,CHN,ITA,6504
2182347,58,111,1384,2017,2122.0,43933.0,0.576982,0.279989,CYP,ITA,6504
2182348,59,111,1384,2017,20690.0,228184.0,1.7715130000000001,0.359668,CZE,ITA,6504
2182349,61,111,1384,2017,649071.0,3681879.0,2.1149459999999998,-2.525372,DEU,ITA,6504
2182350,64,111,1384,2017,16395.0,105351.0,1.159753,1.233914,DNK,ITA,6504
2182351,65,111,1384,2017,0.0,2161.0,-0.168016,0.30840100000000004,DOM,ITA,6504
2182352,66,111,1384,2017,0.0,2355.0,-0.9905579999999999,-1.1996200000000001,DZA,ITA,6504
2182353,67,111,1384,2017,104045.0,0.0,-0.9995850000000001,-1.086367,ECU,ITA,6504
2182354,68,111,1384,2017,1980.0,0.0,-0.073436,1.829121,EGY,ITA,6504
2182355,71,111,1384,2017,672143.0,1502775.0,0.734342,2.8180099999999997,ESP,ITA,6504
2182356,72,111,1384,2017,0.0,42888.0,1.010985,1.289633,EST,ITA,6504
2182357,74,111,1384,2017,0.0,64847.0,1.655957,0.962485,FIN,ITA,6504
2182358,77,111,1384,2017,1535038.0,6317978.0,1.398427,0.894732,FRA,ITA,6504
2182359,81,111,1384,2017,370556.0,1529968.0,1.6883119999999998,0.8347469999999999,GBR,ITA,6504
2182360,82,111,1384,2017,0.0,5156.0,-0.241749,-0.374727,GEO,ITA,6504
2182361,90,111,1384,2017,4645.0,247321.0,0.154098,1.151038,GRC,ITA,6504
2182362,97,111,1384,2017,18215.0,185998.0,0.824982,1.7162220000000001,HKG,ITA,6504
2182363,100,111,1384,2017,6593.0,79818.0,0.860825,1.365445,HRV,ITA,6504
2182364,102,111,1384,2017,20117.0,79626.0,1.4886270000000001,0.845986,HUN,ITA,6504
2182365,103,111,1384,2017,4959.0,1122.0,-0.23641700000000002,1.188173,IDN,ITA,6504
2182366,104,111,1384,2017,9362.0,2162.0,0.290576,2.726391,IND,ITA,6504
2182367,106,111,1384,2017,52808.0,12888.0,1.363544,0.169211,IRL,ITA,6504
2182368,107,111,1384,2017,0.0,1986.0,-0.361292,-0.361813,IRN,ITA,6504
2182369,110,111,1384,2017,0.0,197712.0,1.436156,0.776574,ISR,ITA,6504
2182370,113,111,1384,2017,0.0,1572.0,0.020035,0.295415,JOR,ITA,6504
2182371,114,111,1384,2017,10900.0,1542380.0,2.4510419999999997,-0.277357,JPN,ITA,6504
2182372,115,111,1384,2017,0.0,62133.0,-0.394316,-0.5485979999999999,KAZ,ITA,6504
2182373,117,111,1384,2017,0.0,4005.0,-0.11530599999999999,0.264752,KGZ,ITA,6504
2182374,121,111,1384,2017,2187.0,763628.0,2.011263,0.783215,KOR,ITA,6504
2182375,122,111,1384,2017,0.0,8970.0,-0.229821,-1.128482,KWT,ITA,6504
2182376,124,111,1384,2017,0.0,20998.0,0.266847,1.117621,LBN,ITA,6504
2182377,130,111,1384,2017,0.0,19507.0,0.855858,1.447717,LTU,ITA,6504
2182378,131,111,1384,2017,0.0,12797.0,1.24064,1.298263,LUX,ITA,6504
2182379,132,111,1384,2017,0.0,53386.0,0.684555,1.3208030000000002,LVA,ITA,6504
2182380,133,111,1384,2017,1439.0,55468.0,0.264006,-0.11028099999999999,MAC,ITA,6504
2182381,134,111,1384,2017,0.0,1115.0,-0.757236,-0.065347,MAR,ITA,6504
2182382,135,111,1384,2017,4525.0,0.0,-0.24909,-0.181213,MDA,ITA,6504
2182383,136,111,1384,2017,9538.0,0.0,-1.277182,-0.6503399999999999,MDG,ITA,6504
2182384,137,111,1384,2017,0.0,2447.0,-1.100027,-0.9779479999999999,MDV,ITA,6504
2182385,138,111,1384,2017,48495.0,140990.0,1.08871,0.5745279999999999,MEX,ITA,6504
2182386,140,111,1384,2017,29658.0,939.0,-0.0292,-0.377156,MKD,ITA,6504
2182387,142,111,1384,2017,1955.0,11863.0,0.999914,0.12683,MLT,ITA,6504
2182388,144,111,1384,2017,0.0,1174.0,0.201739,-0.23111399999999999,MNE,ITA,6504
2182389,145,111,1384,2017,0.0,10478.0,-0.933737,-1.1195620000000002,MNG,ITA,6504
2182390,151,111,1384,2017,0.0,1172.0,-0.156616,0.073153,MUS,ITA,6504
2182391,153,111,1384,2017,2589.0,2933.0,1.0110139999999999,0.6840729999999999,MYS,ITA,6504
2182392,156,111,1384,2017,0.0,7943.0,-0.38216100000000003,-0.8662549999999999,NCL,ITA,6504
2182393,157,111,1384,2017,0.0,1425.0,-1.250156,-0.995524,NER,ITA,6504
2182394,162,111,1384,2017,94601.0,462203.0,1.146959,1.470869,NLD,ITA,6504
2182395,163,111,1384,2017,0.0,64856.0,0.73658,0.11450199999999999,NOR,ITA,6504
2182396,166,111,1384,2017,0.0,1956.0,0.25651199999999996,0.132996,NZL,ITA,6504
2182397,167,111,1384,2017,0.0,2125.0,-0.347684,-0.884569,OMN,ITA,6504
2182398,168,111,1384,2017,5281.0,0.0,-0.698561,0.43523500000000004,PAK,ITA,6504
2182399,169,111,1384,2017,0.0,2988.0,0.5520109999999999,0.788181,PAN,ITA,6504
2182400,174,111,1384,2017,19255.0,0.0,0.657759,0.170061,PHL,ITA,6504
2182401,177,111,1384,2017,30071.0,243271.0,1.197417,1.092716,POL,ITA,6504
2182402,179,111,1384,2017,8957.0,77010.0,0.527046,2.264624,PRT,ITA,6504
2182403,183,111,1384,2017,7160.0,3787.0,-0.361327,-1.066869,QAT,ITA,6504
2182404,185,111,1384,2017,14117.0,118631.0,1.05479,0.9842219999999999,ROU,ITA,6504
2182405,186,111,1384,2017,0.0,533265.0,0.32885,0.288392,RUS,ITA,6504
2182406,188,111,1384,2017,0.0,36908.0,0.597716,-0.345049,SAU,ITA,6504
2182407,192,111,1384,2017,0.0,10294.0,1.884166,0.37903600000000004,SGP,ITA,6504
2182408,201,111,1384,2017,1441.0,5813.0,0.541644,1.19872,SRB,ITA,6504
2182409,206,111,1384,2017,7385.0,82349.0,1.279606,0.85503,SVK,ITA,6504
2182410,207,111,1384,2017,17982.0,60832.0,1.600319,0.854305,SVN,ITA,6504
2182411,208,111,1384,2017,11351.0,124337.0,1.764732,0.732646,SWE,ITA,6504
2182412,210,111,1384,2017,0.0,4851.0,0.892698,-0.795854,SXM,ITA,6504
2182413,211,111,1384,2017,0.0,11750.0,0.41946000000000006,-0.523274,SYC,ITA,6504
2182414,216,111,1384,2017,0.0,7088.0,0.983977,1.3926020000000001,THA,ITA,6504
2182415,223,111,1384,2017,0.0,41571.0,0.224119,0.961772,TUN,ITA,6504
2182416,224,111,1384,2017,6123.0,115948.0,0.541611,2.405872,TUR,ITA,6504
2182417,228,111,1384,2017,0.0,28761.0,0.461109,0.7826569999999999,UKR,ITA,6504
2182418,230,111,1384,2017,0.0,1712.0,0.16963,-0.403006,URY,ITA,6504
2182419,231,111,1384,2017,95741.0,1216792.0,1.601478,0.277271,USA,ITA,6504
2182420,232,111,1384,2017,0.0,5767.0,-0.407169,-0.264942,UZB,ITA,6504
2182421,239,111,1384,2017,190707.0,1252.0,-0.009819,0.686429,VNM,ITA,6504
2182422,246,111,1384,2017,0.0,1744.0,0.2066,1.378591,ZAF,ITA,6504
2182423,249,111,1384,2017,9628.0,17980.0,2.0548290000000002,1.2552969999999999,TWN,ITA,6504
2182424,250,111,1384,2017,0.0,1130.0,0.72523,-0.205046,ANS,ITA,6504
2182425,33,112,1384,2017,1069.0,0.0,0.589793,-0.004488000000000001,BRB,JAM,6504
2182426,39,112,1384,2017,2014.0,0.0,0.73897,1.206402,CAN,JAM,6504
2182427,43,112,1384,2017,86144.0,0.0,1.1127790000000002,1.56869,CHN,JAM,6504
2182428,49,112,1384,2017,3070.0,0.0,0.208096,-0.17644300000000002,COL,JAM,6504
2182429,65,112,1384,2017,7201.0,0.0,-0.168016,0.30840100000000004,DOM,JAM,6504
2182430,71,112,1384,2017,1052.0,0.0,0.734342,2.8180099999999997,ESP,JAM,6504
2182431,96,112,1384,2017,0.0,2467.0,-0.703271,-0.898648,GUY,JAM,6504
2182432,127,112,1384,2017,0.0,2688.0,0.458896,-0.149195,LCA,JAM,6504
2182433,138,112,1384,2017,1858.0,0.0,1.08871,0.5745279999999999,MEX,JAM,6504
2182434,162,112,1384,2017,1890.0,0.0,1.146959,1.470869,NLD,JAM,6504
2182435,169,112,1384,2017,13079.0,0.0,0.5520109999999999,0.788181,PAN,JAM,6504
2182436,231,112,1384,2017,67129.0,1791.0,1.601478,0.277271,USA,JAM,6504
2182437,7,113,1384,2017,82646.0,0.0,0.210477,0.02557,ARE,JOR,6504
2182438,14,113,1384,2017,0.0,3663.0,-0.42427200000000004,-0.152921,AUS,JOR,6504
2182439,43,113,1384,2017,136746.0,0.0,1.1127790000000002,1.56869,CHN,JOR,6504
2182440,71,113,1384,2017,5826.0,0.0,0.734342,2.8180099999999997,ESP,JOR,6504
2182441,111,113,1384,2017,1572.0,0.0,1.34395,0.577693,ITA,JOR,6504
2182442,122,113,1384,2017,0.0,6455.0,-0.229821,-1.128482,KWT,JOR,6504
2182443,183,113,1384,2017,0.0,3292.0,-0.361327,-1.066869,QAT,JOR,6504
2182444,188,113,1384,2017,0.0,26854.0,0.597716,-0.345049,SAU,JOR,6504
2182445,224,113,1384,2017,2324.0,0.0,0.541611,2.405872,TUR,JOR,6504
2182446,7,114,1384,2017,14153.0,54887.0,0.210477,0.02557,ARE,JPN,6504
2182447,14,114,1384,2017,1135.0,2506.0,-0.42427200000000004,-0.152921,AUS,JPN,6504
2182448,15,114,1384,2017,150128.0,0.0,1.728623,-0.031045999999999997,AUT,JPN,6504
2182449,18,114,1384,2017,4072.0,0.0,1.292657,1.19571,BEL,JPN,6504
2182450,22,114,1384,2017,1859.0,0.0,-1.016251,-0.987654,BGD,JPN,6504
2182451,39,114,1384,2017,6422.0,6065.0,0.73897,1.206402,CAN,JPN,6504
2182452,41,114,1384,2017,0.0,2254.0,2.2557810000000003,0.845459,CHE,JPN,6504
2182453,43,114,1384,2017,30813848.0,45664.0,1.1127790000000002,1.56869,CHN,JPN,6504
2182454,49,114,1384,2017,12586.0,0.0,0.208096,-0.17644300000000002,COL,JPN,6504
2182455,59,114,1384,2017,13278.0,0.0,1.7715130000000001,0.359668,CZE,JPN,6504
2182456,61,114,1384,2017,57774.0,4323.0,2.1149459999999998,-2.525372,DEU,JPN,6504
2182457,64,114,1384,2017,0.0,1356.0,1.159753,1.233914,DNK,JPN,6504
2182458,67,114,1384,2017,835229.0,0.0,-0.9995850000000001,-1.086367,ECU,JPN,6504
2182459,68,114,1384,2017,0.0,1226.0,-0.073436,1.829121,EGY,JPN,6504
2182460,71,114,1384,2017,141524.0,0.0,0.734342,2.8180099999999997,ESP,JPN,6504
2182461,74,114,1384,2017,876.0,0.0,1.655957,0.962485,FIN,JPN,6504
2182462,77,114,1384,2017,495365.0,7917.0,1.398427,0.894732,FRA,JPN,6504
2182463,81,114,1384,2017,206822.0,9007.0,1.6883119999999998,0.8347469999999999,GBR,JPN,6504
2182464,97,114,1384,2017,85669.0,93204.0,0.824982,1.7162220000000001,HKG,JPN,6504
2182465,103,114,1384,2017,173733.0,0.0,-0.23641700000000002,1.188173,IDN,JPN,6504
2182466,104,114,1384,2017,18634.0,0.0,0.290576,2.726391,IND,JPN,6504
2182467,111,114,1384,2017,1542380.0,10900.0,1.34395,0.577693,ITA,JPN,6504
2182468,118,114,1384,2017,11934.0,0.0,-0.656325,-0.622167,KHM,JPN,6504
2182469,121,114,1384,2017,104621.0,132968.0,2.011263,0.783215,KOR,JPN,6504
2182470,128,114,1384,2017,603616.0,0.0,-0.46442799999999995,0.472132,LKA,JPN,6504
2182471,131,114,1384,2017,2349.0,0.0,1.24064,1.298263,LUX,JPN,6504
2182472,136,114,1384,2017,62182.0,0.0,-1.277182,-0.6503399999999999,MDG,JPN,6504
2182473,138,114,1384,2017,15715.0,0.0,1.08871,0.5745279999999999,MEX,JPN,6504
2182474,140,114,1384,2017,6478.0,0.0,-0.0292,-0.377156,MKD,JPN,6504
2182475,153,114,1384,2017,0.0,4317.0,1.0110139999999999,0.6840729999999999,MYS,JPN,6504
2182476,162,114,1384,2017,80256.0,3747.0,1.146959,1.470869,NLD,JPN,6504
2182477,163,114,1384,2017,998.0,0.0,0.73658,0.11450199999999999,NOR,JPN,6504
2182478,164,114,1384,2017,5483.0,0.0,-0.319681,0.5788220000000001,NPL,JPN,6504
2182479,166,114,1384,2017,0.0,3167.0,0.25651199999999996,0.132996,NZL,JPN,6504
2182480,173,114,1384,2017,2505.0,0.0,-0.667658,-0.318344,PER,JPN,6504
2182481,174,114,1384,2017,99648.0,5747.0,0.657759,0.170061,PHL,JPN,6504
2182482,179,114,1384,2017,13080.0,0.0,0.527046,2.264624,PRT,JPN,6504
2182483,192,114,1384,2017,110694.0,28209.0,1.884166,0.37903600000000004,SGP,JPN,6504
2182484,206,114,1384,2017,37023.0,0.0,1.279606,0.85503,SVK,JPN,6504
2182485,208,114,1384,2017,47270.0,0.0,1.764732,0.732646,SWE,JPN,6504
2182486,216,114,1384,2017,238727.0,17795.0,0.983977,1.3926020000000001,THA,JPN,6504
2182487,224,114,1384,2017,0.0,2394.0,0.541611,2.405872,TUR,JPN,6504
2182488,227,114,1384,2017,0.0,1947.0,-0.6831020000000001,-0.046838,UGA,JPN,6504
2182489,231,114,1384,2017,4938372.0,58046.0,1.601478,0.277271,USA,JPN,6504
2182490,239,114,1384,2017,185914.0,6237.0,-0.009819,0.686429,VNM,JPN,6504
2182491,249,114,1384,2017,202496.0,13886.0,2.0548290000000002,1.2552969999999999,TWN,JPN,6504
2182492,7,121,1384,2017,38811.0,9420.0,0.210477,0.02557,ARE,KOR,6504
2182493,14,121,1384,2017,25970.0,1846.0,-0.42427200000000004,-0.152921,AUS,KOR,6504
2182494,15,121,1384,2017,13817.0,0.0,1.728623,-0.031045999999999997,AUT,KOR,6504
2182495,18,121,1384,2017,6518.0,0.0,1.292657,1.19571,BEL,KOR,6504
2182496,23,121,1384,2017,3449.0,0.0,0.557843,1.7221119999999999,BGR,KOR,6504
2182497,24,121,1384,2017,0.0,1872.0,0.485479,-0.5348890000000001,BHR,KOR,6504
2182498,32,121,1384,2017,0.0,1847.0,0.145224,0.483461,BRA,KOR,6504
2182499,39,121,1384,2017,4459.0,2350.0,0.73897,1.206402,CAN,KOR,6504
2182500,43,121,1384,2017,14818910.0,7101.0,1.1127790000000002,1.56869,CHN,KOR,6504
2182501,59,121,1384,2017,6433.0,0.0,1.7715130000000001,0.359668,CZE,KOR,6504
2182502,61,121,1384,2017,124460.0,0.0,2.1149459999999998,-2.525372,DEU,KOR,6504
2182503,67,121,1384,2017,119880.0,0.0,-0.9995850000000001,-1.086367,ECU,KOR,6504
2182504,71,121,1384,2017,54868.0,1832.0,0.734342,2.8180099999999997,ESP,KOR,6504
2182505,74,121,1384,2017,10621.0,0.0,1.655957,0.962485,FIN,KOR,6504
2182506,77,121,1384,2017,95860.0,2332.0,1.398427,0.894732,FRA,KOR,6504
2182507,81,121,1384,2017,31360.0,3864.0,1.6883119999999998,0.8347469999999999,GBR,KOR,6504
2182508,93,121,1384,2017,0.0,899.0,-0.418538,0.557454,GTM,KOR,6504
2182509,97,121,1384,2017,8875.0,8801.0,0.824982,1.7162220000000001,HKG,KOR,6504
2182510,104,121,1384,2017,9278.0,0.0,0.290576,2.726391,IND,KOR,6504
2182511,111,121,1384,2017,763628.0,2187.0,1.34395,0.577693,ITA,KOR,6504
2182512,114,121,1384,2017,132968.0,104621.0,2.4510419999999997,-0.277357,JPN,KOR,6504
2182513,122,121,1384,2017,0.0,18343.0,-0.229821,-1.128482,KWT,KOR,6504
2182514,128,121,1384,2017,729554.0,0.0,-0.46442799999999995,0.472132,LKA,KOR,6504
2182515,134,121,1384,2017,2254.0,0.0,-0.757236,-0.065347,MAR,KOR,6504
2182516,136,121,1384,2017,12048.0,0.0,-1.277182,-0.6503399999999999,MDG,KOR,6504
2182517,140,121,1384,2017,3461.0,0.0,-0.0292,-0.377156,MKD,KOR,6504
2182518,145,121,1384,2017,0.0,1511.0,-0.933737,-1.1195620000000002,MNG,KOR,6504
2182519,153,121,1384,2017,0.0,958.0,1.0110139999999999,0.6840729999999999,MYS,KOR,6504
2182520,159,121,1384,2017,0.0,3745.0,-1.8260919999999998,-1.276591,NGA,KOR,6504
2182521,162,121,1384,2017,54748.0,1646.0,1.146959,1.470869,NLD,KOR,6504
2182522,169,121,1384,2017,0.0,45159.0,0.5520109999999999,0.788181,PAN,KOR,6504
2182523,174,121,1384,2017,1549.0,6028.0,0.657759,0.170061,PHL,KOR,6504
2182524,179,121,1384,2017,5475.0,0.0,0.527046,2.264624,PRT,KOR,6504
2182525,183,121,1384,2017,0.0,6853.0,-0.361327,-1.066869,QAT,KOR,6504
2182526,186,121,1384,2017,0.0,2499.0,0.32885,0.288392,RUS,KOR,6504
2182527,188,121,1384,2017,0.0,188143.0,0.597716,-0.345049,SAU,KOR,6504
2182528,191,121,1384,2017,0.0,7447.0,-0.6722899999999999,-0.26522199999999996,SEN,KOR,6504
2182529,192,121,1384,2017,15281.0,3180.0,1.884166,0.37903600000000004,SGP,KOR,6504
2182530,208,121,1384,2017,1768.0,0.0,1.764732,0.732646,SWE,KOR,6504
2182531,216,121,1384,2017,1043.0,41486.0,0.983977,1.3926020000000001,THA,KOR,6504
2182532,224,121,1384,2017,1827.0,1762.0,0.541611,2.405872,TUR,KOR,6504
2182533,231,121,1384,2017,414586.0,6374.0,1.601478,0.277271,USA,KOR,6504
2182534,239,121,1384,2017,17681.0,903.0,-0.009819,0.686429,VNM,KOR,6504
2182535,242,121,1384,2017,0.0,963.0,0.450726,0.050197000000000006,WSM,KOR,6504
2182536,249,121,1384,2017,14733.0,1604.0,2.0548290000000002,1.2552969999999999,TWN,KOR,6504
2182537,7,122,1384,2017,772849.0,143208.0,0.210477,0.02557,ARE,KWT,6504
2182538,22,122,1384,2017,12368.0,0.0,-1.016251,-0.987654,BGD,KWT,6504
2182539,23,122,1384,2017,4083.0,0.0,0.557843,1.7221119999999999,BGR,KWT,6504
2182540,41,122,1384,2017,3395.0,0.0,2.2557810000000003,0.845459,CHE,KWT,6504
2182541,43,122,1384,2017,69397.0,0.0,1.1127790000000002,1.56869,CHN,KWT,6504
2182542,49,122,1384,2017,1114.0,0.0,0.208096,-0.17644300000000002,COL,KWT,6504
2182543,61,122,1384,2017,1097.0,0.0,2.1149459999999998,-2.525372,DEU,KWT,6504
2182544,68,122,1384,2017,16596.0,0.0,-0.073436,1.829121,EGY,KWT,6504
2182545,71,122,1384,2017,28136.0,0.0,0.734342,2.8180099999999997,ESP,KWT,6504
2182546,77,122,1384,2017,2139.0,0.0,1.398427,0.894732,FRA,KWT,6504
2182547,81,122,1384,2017,4294.0,0.0,1.6883119999999998,0.8347469999999999,GBR,KWT,6504
2182548,97,122,1384,2017,2328.0,0.0,0.824982,1.7162220000000001,HKG,KWT,6504
2182549,99,122,1384,2017,5319.0,0.0,-0.6335689999999999,-0.334201,HND,KWT,6504
2182550,101,122,1384,2017,16847.0,0.0,-1.0089219999999999,-0.946722,HTI,KWT,6504
2182551,103,122,1384,2017,4302.0,0.0,-0.23641700000000002,1.188173,IDN,KWT,6504
2182552,104,122,1384,2017,11934.0,0.0,0.290576,2.726391,IND,KWT,6504
2182553,111,122,1384,2017,8970.0,0.0,1.34395,0.577693,ITA,KWT,6504
2182554,113,122,1384,2017,6455.0,0.0,0.020035,0.295415,JOR,KWT,6504
2182555,118,122,1384,2017,41302.0,0.0,-0.656325,-0.622167,KHM,KWT,6504
2182556,121,122,1384,2017,18343.0,0.0,2.011263,0.783215,KOR,KWT,6504
2182557,124,122,1384,2017,4971.0,0.0,0.266847,1.117621,LBN,KWT,6504
2182558,128,122,1384,2017,10223.0,0.0,-0.46442799999999995,0.472132,LKA,KWT,6504
2182559,134,122,1384,2017,6712.0,0.0,-0.757236,-0.065347,MAR,KWT,6504
2182560,138,122,1384,2017,1921.0,0.0,1.08871,0.5745279999999999,MEX,KWT,6504
2182561,143,122,1384,2017,2095.0,0.0,-1.051544,-0.419183,MMR,KWT,6504
2182562,151,122,1384,2017,827.0,0.0,-0.156616,0.073153,MUS,KWT,6504
2182563,153,122,1384,2017,990.0,0.0,1.0110139999999999,0.6840729999999999,MYS,KWT,6504
2182564,168,122,1384,2017,13390.0,0.0,-0.698561,0.43523500000000004,PAK,KWT,6504
2182565,173,122,1384,2017,4417.0,0.0,-0.667658,-0.318344,PER,KWT,6504
2182566,174,122,1384,2017,4596.0,0.0,0.657759,0.170061,PHL,KWT,6504
2182567,179,122,1384,2017,1340.0,0.0,0.527046,2.264624,PRT,KWT,6504
2182568,185,122,1384,2017,2531.0,0.0,1.05479,0.9842219999999999,ROU,KWT,6504
2182569,192,122,1384,2017,6843.0,0.0,1.884166,0.37903600000000004,SGP,KWT,6504
2182570,212,122,1384,2017,7721.0,0.0,-0.660905,0.345462,SYR,KWT,6504
2182571,216,122,1384,2017,6993.0,0.0,0.983977,1.3926020000000001,THA,KWT,6504
2182572,223,122,1384,2017,3882.0,0.0,0.224119,0.961772,TUN,KWT,6504
2182573,224,122,1384,2017,18461.0,0.0,0.541611,2.405872,TUR,KWT,6504
2182574,228,122,1384,2017,939.0,0.0,0.461109,0.7826569999999999,UKR,KWT,6504
2182575,231,122,1384,2017,96779.0,0.0,1.601478,0.277271,USA,KWT,6504
2182576,239,122,1384,2017,64986.0,0.0,-0.009819,0.686429,VNM,KWT,6504
2182577,249,122,1384,2017,29623.0,0.0,2.0548290000000002,1.2552969999999999,TWN,KWT,6504
2182578,81,127,1384,2017,6284.0,0.0,1.6883119999999998,0.8347469999999999,GBR,LCA,6504
2182579,112,127,1384,2017,2688.0,0.0,-0.497654,-0.76481,JAM,LCA,6504
2182580,169,127,1384,2017,1237.0,8677.0,0.5520109999999999,0.788181,PAN,LCA,6504
2182581,173,127,1384,2017,1686.0,0.0,-0.667658,-0.318344,PER,LCA,6504
2182582,231,127,1384,2017,2740.0,7416.0,1.601478,0.277271,USA,LCA,6504
2182583,250,127,1384,2017,1969.0,0.0,0.72523,-0.205046,ANS,LCA,6504
2182584,7,138,1384,2017,0.0,4266.0,0.210477,0.02557,ARE,MEX,6504
2182585,8,138,1384,2017,0.0,8410.0,-0.120753,0.233375,ARG,MEX,6504
2182586,13,138,1384,2017,0.0,297.0,0.42561099999999996,-0.42671099999999995,ATG,MEX,6504
2182587,14,138,1384,2017,0.0,154571.0,-0.42427200000000004,-0.152921,AUS,MEX,6504
2182588,15,138,1384,2017,0.0,2335.0,1.728623,-0.031045999999999997,AUT,MEX,6504
2182589,24,138,1384,2017,0.0,11100.0,0.485479,-0.5348890000000001,BHR,MEX,6504
2182590,25,138,1384,2017,0.0,892.0,0.81944,-0.30649499999999996,BHS,MEX,6504
2182591,29,138,1384,2017,966.0,789.0,-0.284062,-0.711108,BLZ,MEX,6504
2182592,31,138,1384,2017,0.0,28505.0,-1.158425,-1.076242,BOL,MEX,6504
2182593,32,138,1384,2017,0.0,486760.0,0.145224,0.483461,BRA,MEX,6504
2182594,33,138,1384,2017,0.0,1005.0,0.589793,-0.004488000000000001,BRB,MEX,6504
2182595,39,138,1384,2017,2507.0,384280.0,0.73897,1.206402,CAN,MEX,6504
2182596,41,138,1384,2017,965.0,3190.0,2.2557810000000003,0.845459,CHE,MEX,6504
2182597,43,138,1384,2017,6566395.0,0.0,1.1127790000000002,1.56869,CHN,MEX,6504
2182598,49,138,1384,2017,4303.0,4487.0,0.208096,-0.17644300000000002,COL,MEX,6504
2182599,52,138,1384,2017,0.0,17463.0,0.288642,-0.056219000000000005,CRI,MEX,6504
2182600,59,138,1384,2017,0.0,2401.0,1.7715130000000001,0.359668,CZE,MEX,6504
2182601,61,138,1384,2017,0.0,35117.0,2.1149459999999998,-2.525372,DEU,MEX,6504
2182602,65,138,1384,2017,0.0,10816.0,-0.168016,0.30840100000000004,DOM,MEX,6504
2182603,67,138,1384,2017,24915.0,0.0,-0.9995850000000001,-1.086367,ECU,MEX,6504
2182604,71,138,1384,2017,175430.0,17460.0,0.734342,2.8180099999999997,ESP,MEX,6504
2182605,77,138,1384,2017,4146.0,6963.0,1.398427,0.894732,FRA,MEX,6504
2182606,81,138,1384,2017,4807.0,10651.0,1.6883119999999998,0.8347469999999999,GBR,MEX,6504
2182607,93,138,1384,2017,7545.0,759893.0,-0.418538,0.557454,GTM,MEX,6504
2182608,97,138,1384,2017,8302.0,0.0,0.824982,1.7162220000000001,HKG,MEX,6504
2182609,99,138,1384,2017,0.0,198112.0,-0.6335689999999999,-0.334201,HND,MEX,6504
2182610,100,138,1384,2017,803.0,912.0,0.860825,1.365445,HRV,MEX,6504
2182611,104,138,1384,2017,7599.0,0.0,0.290576,2.726391,IND,MEX,6504
2182612,111,138,1384,2017,140990.0,48495.0,1.34395,0.577693,ITA,MEX,6504
2182613,112,138,1384,2017,0.0,1858.0,-0.497654,-0.76481,JAM,MEX,6504
2182614,114,138,1384,2017,0.0,15715.0,2.4510419999999997,-0.277357,JPN,MEX,6504
2182615,122,138,1384,2017,0.0,1921.0,-0.229821,-1.128482,KWT,MEX,6504
2182616,128,138,1384,2017,5401.0,0.0,-0.46442799999999995,0.472132,LKA,MEX,6504
2182617,160,138,1384,2017,0.0,143965.0,-1.0502280000000002,-0.8817719999999999,NIC,MEX,6504
2182618,162,138,1384,2017,0.0,48933.0,1.146959,1.470869,NLD,MEX,6504
2182619,166,138,1384,2017,0.0,868.0,0.25651199999999996,0.132996,NZL,MEX,6504
2182620,168,138,1384,2017,1200.0,0.0,-0.698561,0.43523500000000004,PAK,MEX,6504
2182621,169,138,1384,2017,0.0,13468.0,0.5520109999999999,0.788181,PAN,MEX,6504
2182622,173,138,1384,2017,0.0,3412.0,-0.667658,-0.318344,PER,MEX,6504
2182623,174,138,1384,2017,11258.0,0.0,0.657759,0.170061,PHL,MEX,6504
2182624,192,138,1384,2017,1810.0,919.0,1.884166,0.37903600000000004,SGP,MEX,6504
2182625,197,138,1384,2017,0.0,15545.0,0.113639,0.23175199999999999,SLV,MEX,6504
2182626,231,138,1384,2017,811609.0,15454955.0,1.601478,0.277271,USA,MEX,6504
2182627,239,138,1384,2017,22610.0,0.0,-0.009819,0.686429,VNM,MEX,6504
2182628,246,138,1384,2017,0.0,1827.0,0.2066,1.378591,ZAF,MEX,6504
2182629,249,138,1384,2017,54609.0,0.0,2.0548290000000002,1.2552969999999999,TWN,MEX,6504
2182630,250,138,1384,2017,0.0,22955.0,0.72523,-0.205046,ANS,MEX,6504
2182631,7,143,1384,2017,0.0,19278.0,0.210477,0.02557,ARE,MMR,6504
2182632,24,143,1384,2017,0.0,1629.0,0.485479,-0.5348890000000001,BHR,MMR,6504
2182633,43,143,1384,2017,28150.0,0.0,1.1127790000000002,1.56869,CHN,MMR,6504
2182634,104,143,1384,2017,0.0,1009.0,0.290576,2.726391,IND,MMR,6504
2182635,122,143,1384,2017,0.0,2095.0,-0.229821,-1.128482,KWT,MMR,6504
2182636,124,143,1384,2017,0.0,3626.0,0.266847,1.117621,LBN,MMR,6504
2182637,134,143,1384,2017,0.0,1267.0,-0.757236,-0.065347,MAR,MMR,6504
2182638,167,143,1384,2017,0.0,1341.0,-0.347684,-0.884569,OMN,MMR,6504
2182639,183,143,1384,2017,0.0,2367.0,-0.361327,-1.066869,QAT,MMR,6504
2182640,216,143,1384,2017,16743.0,3695.0,0.983977,1.3926020000000001,THA,MMR,6504
2182641,239,143,1384,2017,6506.0,0.0,-0.009819,0.686429,VNM,MMR,6504
2182642,7,153,1384,2017,8484.0,11996.0,0.210477,0.02557,ARE,MYS,6504
2182643,14,153,1384,2017,1460.0,0.0,-0.42427200000000004,-0.152921,AUS,MYS,6504
2182644,18,153,1384,2017,0.0,11899.0,1.292657,1.19571,BEL,MYS,6504
2182645,22,153,1384,2017,21613.0,0.0,-1.016251,-0.987654,BGD,MYS,6504
2182646,34,153,1384,2017,1801.0,1222.0,0.270525,-0.747949,BRN,MYS,6504
2182647,43,153,1384,2017,2077860.0,0.0,1.1127790000000002,1.56869,CHN,MYS,6504
2182648,67,153,1384,2017,1914.0,0.0,-0.9995850000000001,-1.086367,ECU,MYS,6504
2182649,71,153,1384,2017,8018.0,0.0,0.734342,2.8180099999999997,ESP,MYS,6504
2182650,77,153,1384,2017,16404.0,0.0,1.398427,0.894732,FRA,MYS,6504
2182651,81,153,1384,2017,6480.0,0.0,1.6883119999999998,0.8347469999999999,GBR,MYS,6504
2182652,97,153,1384,2017,6772.0,0.0,0.824982,1.7162220000000001,HKG,MYS,6504
2182653,103,153,1384,2017,30077.0,98908.0,-0.23641700000000002,1.188173,IDN,MYS,6504
2182654,104,153,1384,2017,16900.0,0.0,0.290576,2.726391,IND,MYS,6504
2182655,111,153,1384,2017,2933.0,2589.0,1.34395,0.577693,ITA,MYS,6504
2182656,114,153,1384,2017,4317.0,0.0,2.4510419999999997,-0.277357,JPN,MYS,6504
2182657,121,153,1384,2017,958.0,0.0,2.011263,0.783215,KOR,MYS,6504
2182658,122,153,1384,2017,0.0,990.0,-0.229821,-1.128482,KWT,MYS,6504
2182659,128,153,1384,2017,38919.0,0.0,-0.46442799999999995,0.472132,LKA,MYS,6504
2182660,162,153,1384,2017,0.0,2587.0,1.146959,1.470869,NLD,MYS,6504
2182661,174,153,1384,2017,0.0,8866.0,0.657759,0.170061,PHL,MYS,6504
2182662,192,153,1384,2017,164972.0,16280.0,1.884166,0.37903600000000004,SGP,MYS,6504
2182663,216,153,1384,2017,10574.0,2466.0,0.983977,1.3926020000000001,THA,MYS,6504
2182664,224,153,1384,2017,1349.0,0.0,0.541611,2.405872,TUR,MYS,6504
2182665,231,153,1384,2017,22607.0,0.0,1.601478,0.277271,USA,MYS,6504
2182666,239,153,1384,2017,26314.0,0.0,-0.009819,0.686429,VNM,MYS,6504
2182667,249,153,1384,2017,3766.0,0.0,2.0548290000000002,1.2552969999999999,TWN,MYS,6504
2182668,43,160,1384,2017,11421.0,0.0,1.1127790000000002,1.56869,CHN,NIC,6504
2182669,71,160,1384,2017,2948.0,0.0,0.734342,2.8180099999999997,ESP,NIC,6504
2182670,138,160,1384,2017,143965.0,0.0,1.08871,0.5745279999999999,MEX,NIC,6504
2182671,169,160,1384,2017,61225.0,0.0,0.5520109999999999,0.788181,PAN,NIC,6504
2182672,197,160,1384,2017,1565.0,0.0,0.113639,0.23175199999999999,SLV,NIC,6504
2182673,231,160,1384,2017,42896.0,0.0,1.601478,0.277271,USA,NIC,6504
2182674,0,162,1384,2017,0.0,1904.0,0.845843,0.165178,ABW,NLD,6504
2182675,7,162,1384,2017,0.0,13085.0,0.210477,0.02557,ARE,NLD,6504
2182676,14,162,1384,2017,37922.0,0.0,-0.42427200000000004,-0.152921,AUS,NLD,6504
2182677,15,162,1384,2017,7943.0,146433.0,1.728623,-0.031045999999999997,AUT,NLD,6504
2182678,18,162,1384,2017,72339.0,518568.0,1.292657,1.19571,BEL,NLD,6504
2182679,19,162,1384,2017,0.0,3127.0,-0.755027,-0.796864,BEN,NLD,6504
2182680,23,162,1384,2017,0.0,5387.0,0.557843,1.7221119999999999,BGR,NLD,6504
2182681,26,162,1384,2017,0.0,1028.0,0.43245,0.726721,BIH,NLD,6504
2182682,30,162,1384,2017,0.0,2692.0,1.06318,-0.48345,BMU,NLD,6504
2182683,39,162,1384,2017,1486.0,0.0,0.73897,1.206402,CAN,NLD,6504
2182684,41,162,1384,2017,5446.0,38905.0,2.2557810000000003,0.845459,CHE,NLD,6504
2182685,43,162,1384,2017,2891910.0,12579.0,1.1127790000000002,1.56869,CHN,NLD,6504
2182686,45,162,1384,2017,1455.0,0.0,-1.048569,-1.030799,CMR,NLD,6504
2182687,47,162,1384,2017,0.0,923.0,-1.2289780000000001,-1.169368,COG,NLD,6504
2182688,58,162,1384,2017,0.0,1257.0,0.576982,0.279989,CYP,NLD,6504
2182689,59,162,1384,2017,6614.0,47780.0,1.7715130000000001,0.359668,CZE,NLD,6504
2182690,61,162,1384,2017,1331293.0,1386647.0,2.1149459999999998,-2.525372,DEU,NLD,6504
2182691,64,162,1384,2017,21868.0,37151.0,1.159753,1.233914,DNK,NLD,6504
2182692,67,162,1384,2017,51255.0,0.0,-0.9995850000000001,-1.086367,ECU,NLD,6504
2182693,71,162,1384,2017,203935.0,165377.0,0.734342,2.8180099999999997,ESP,NLD,6504
2182694,72,162,1384,2017,0.0,13544.0,1.010985,1.289633,EST,NLD,6504
2182695,74,162,1384,2017,2759.0,37694.0,1.655957,0.962485,FIN,NLD,6504
2182696,77,162,1384,2017,101013.0,266690.0,1.398427,0.894732,FRA,NLD,6504
2182697,81,162,1384,2017,287254.0,287598.0,1.6883119999999998,0.8347469999999999,GBR,NLD,6504
2182698,90,162,1384,2017,0.0,44767.0,0.154098,1.151038,GRC,NLD,6504
2182699,97,162,1384,2017,25983.0,14271.0,0.824982,1.7162220000000001,HKG,NLD,6504
2182700,100,162,1384,2017,0.0,5263.0,0.860825,1.365445,HRV,NLD,6504
2182701,102,162,1384,2017,4407.0,51235.0,1.4886270000000001,0.845986,HUN,NLD,6504
2182702,104,162,1384,2017,9001.0,0.0,0.290576,2.726391,IND,NLD,6504
2182703,106,162,1384,2017,13468.0,15277.0,1.363544,0.169211,IRL,NLD,6504
2182704,109,162,1384,2017,0.0,2510.0,0.386094,-0.277269,ISL,NLD,6504
2182705,110,162,1384,2017,13400.0,18014.0,1.436156,0.776574,ISR,NLD,6504
2182706,111,162,1384,2017,462203.0,94601.0,1.34395,0.577693,ITA,NLD,6504
2182707,112,162,1384,2017,0.0,1890.0,-0.497654,-0.76481,JAM,NLD,6504
2182708,114,162,1384,2017,3747.0,80256.0,2.4510419999999997,-0.277357,JPN,NLD,6504
2182709,121,162,1384,2017,1646.0,54748.0,2.011263,0.783215,KOR,NLD,6504
2182710,124,162,1384,2017,1438.0,0.0,0.266847,1.117621,LBN,NLD,6504
2182711,128,162,1384,2017,12261.0,0.0,-0.46442799999999995,0.472132,LKA,NLD,6504
2182712,130,162,1384,2017,0.0,2160.0,0.855858,1.447717,LTU,NLD,6504
2182713,131,162,1384,2017,0.0,4659.0,1.24064,1.298263,LUX,NLD,6504
2182714,132,162,1384,2017,0.0,1366.0,0.684555,1.3208030000000002,LVA,NLD,6504
2182715,133,162,1384,2017,0.0,2093.0,0.264006,-0.11028099999999999,MAC,NLD,6504
2182716,138,162,1384,2017,48933.0,0.0,1.08871,0.5745279999999999,MEX,NLD,6504
2182717,142,162,1384,2017,0.0,35512.0,0.999914,0.12683,MLT,NLD,6504
2182718,153,162,1384,2017,2587.0,0.0,1.0110139999999999,0.6840729999999999,MYS,NLD,6504
2182719,163,162,1384,2017,0.0,10501.0,0.73658,0.11450199999999999,NOR,NLD,6504
2182720,169,162,1384,2017,0.0,3837.0,0.5520109999999999,0.788181,PAN,NLD,6504
2182721,177,162,1384,2017,40253.0,14474.0,1.197417,1.092716,POL,NLD,6504
2182722,179,162,1384,2017,0.0,79781.0,0.527046,2.264624,PRT,NLD,6504
2182723,185,162,1384,2017,0.0,159108.0,1.05479,0.9842219999999999,ROU,NLD,6504
2182724,186,162,1384,2017,0.0,27415.0,0.32885,0.288392,RUS,NLD,6504
2182725,192,162,1384,2017,1498.0,0.0,1.884166,0.37903600000000004,SGP,NLD,6504
2182726,205,162,1384,2017,0.0,3126.0,-0.596432,-1.0249700000000002,SUR,NLD,6504
2182727,206,162,1384,2017,73199.0,2778.0,1.279606,0.85503,SVK,NLD,6504
2182728,207,162,1384,2017,0.0,2560.0,1.600319,0.854305,SVN,NLD,6504
2182729,208,162,1384,2017,6297.0,128326.0,1.764732,0.732646,SWE,NLD,6504
2182730,216,162,1384,2017,5604.0,0.0,0.983977,1.3926020000000001,THA,NLD,6504
2182731,224,162,1384,2017,15112.0,1838.0,0.541611,2.405872,TUR,NLD,6504
2182732,230,162,1384,2017,991.0,0.0,0.16963,-0.403006,URY,NLD,6504
2182733,231,162,1384,2017,730330.0,4793.0,1.601478,0.277271,USA,NLD,6504
2182734,239,162,1384,2017,110789.0,0.0,-0.009819,0.686429,VNM,NLD,6504
2182735,246,162,1384,2017,0.0,4623.0,0.2066,1.378591,ZAF,NLD,6504
2182736,249,162,1384,2017,18270.0,0.0,2.0548290000000002,1.2552969999999999,TWN,NLD,6504
2182737,250,162,1384,2017,0.0,16636.0,0.72523,-0.205046,ANS,NLD,6504
2182738,14,163,1384,2017,4746.0,0.0,-0.42427200000000004,-0.152921,AUS,NOR,6504
2182739,18,163,1384,2017,0.0,19215.0,1.292657,1.19571,BEL,NOR,6504
2182740,23,163,1384,2017,2034.0,0.0,0.557843,1.7221119999999999,BGR,NOR,6504
2182741,32,163,1384,2017,1092.0,0.0,0.145224,0.483461,BRA,NOR,6504
2182742,43,163,1384,2017,259917.0,1569.0,1.1127790000000002,1.56869,CHN,NOR,6504
2182743,49,163,1384,2017,1887.0,0.0,0.208096,-0.17644300000000002,COL,NOR,6504
2182744,59,163,1384,2017,0.0,1432.0,1.7715130000000001,0.359668,CZE,NOR,6504
2182745,61,163,1384,2017,119885.0,0.0,2.1149459999999998,-2.525372,DEU,NOR,6504
2182746,64,163,1384,2017,50179.0,5505.0,1.159753,1.233914,DNK,NOR,6504
2182747,67,163,1384,2017,4062.0,0.0,-0.9995850000000001,-1.086367,ECU,NOR,6504
2182748,71,163,1384,2017,7904.0,0.0,0.734342,2.8180099999999997,ESP,NOR,6504
2182749,72,163,1384,2017,44349.0,0.0,1.010985,1.289633,EST,NOR,6504
2182750,74,163,1384,2017,2360.0,46038.0,1.655957,0.962485,FIN,NOR,6504
2182751,77,163,1384,2017,3294.0,0.0,1.398427,0.894732,FRA,NOR,6504
2182752,81,163,1384,2017,18595.0,0.0,1.6883119999999998,0.8347469999999999,GBR,NOR,6504
2182753,83,163,1384,2017,0.0,1772.0,-0.929143,-0.811439,GHA,NOR,6504
2182754,97,163,1384,2017,3319.0,0.0,0.824982,1.7162220000000001,HKG,NOR,6504
2182755,104,163,1384,2017,16016.0,0.0,0.290576,2.726391,IND,NOR,6504
2182756,106,163,1384,2017,0.0,1462.0,1.363544,0.169211,IRL,NOR,6504
2182757,109,163,1384,2017,0.0,7840.0,0.386094,-0.277269,ISL,NOR,6504
2182758,111,163,1384,2017,64856.0,0.0,1.34395,0.577693,ITA,NOR,6504
2182759,114,163,1384,2017,0.0,998.0,2.4510419999999997,-0.277357,JPN,NOR,6504
2182760,130,163,1384,2017,20320.0,0.0,0.855858,1.447717,LTU,NOR,6504
2182761,132,163,1384,2017,925.0,0.0,0.684555,1.3208030000000002,LVA,NOR,6504
2182762,162,163,1384,2017,10501.0,0.0,1.146959,1.470869,NLD,NOR,6504
2182763,164,163,1384,2017,15191.0,0.0,-0.319681,0.5788220000000001,NPL,NOR,6504
2182764,168,163,1384,2017,4780.0,0.0,-0.698561,0.43523500000000004,PAK,NOR,6504
2182765,177,163,1384,2017,14151.0,0.0,1.197417,1.092716,POL,NOR,6504
2182766,208,163,1384,2017,566210.0,157622.0,1.764732,0.732646,SWE,NOR,6504
2182767,216,163,1384,2017,1405.0,0.0,0.983977,1.3926020000000001,THA,NOR,6504
2182768,224,163,1384,2017,7472.0,0.0,0.541611,2.405872,TUR,NOR,6504
2182769,231,163,1384,2017,36532.0,6686.0,1.601478,0.277271,USA,NOR,6504
2182770,239,163,1384,2017,7943.0,0.0,-0.009819,0.686429,VNM,NOR,6504
2182771,246,163,1384,2017,0.0,1438.0,0.2066,1.378591,ZAF,NOR,6504
2182772,249,163,1384,2017,1606.0,0.0,2.0548290000000002,1.2552969999999999,TWN,NOR,6504
2182773,14,166,1384,2017,79573.0,11789.0,-0.42427200000000004,-0.152921,AUS,NZL,6504
2182774,22,166,1384,2017,1069.0,0.0,-1.016251,-0.987654,BGD,NZL,6504
2182775,42,166,1384,2017,4010.0,1218.0,-0.378693,-0.492983,CHL,NZL,6504
2182776,43,166,1384,2017,933768.0,0.0,1.1127790000000002,1.56869,CHN,NZL,6504
2182777,48,166,1384,2017,0.0,4354.0,0.154051,-0.74144,COK,NZL,6504
2182778,61,166,1384,2017,3629.0,1085.0,2.1149459999999998,-2.525372,DEU,NZL,6504
2182779,67,166,1384,2017,20667.0,0.0,-0.9995850000000001,-1.086367,ECU,NZL,6504
2182780,71,166,1384,2017,2049.0,0.0,0.734342,2.8180099999999997,ESP,NZL,6504
2182781,75,166,1384,2017,0.0,3279.0,-0.278276,-0.033997,FJI,NZL,6504
2182782,81,166,1384,2017,10506.0,2467.0,1.6883119999999998,0.8347469999999999,GBR,NZL,6504
2182783,97,166,1384,2017,8036.0,0.0,0.824982,1.7162220000000001,HKG,NZL,6504
2182784,103,166,1384,2017,2040.0,0.0,-0.23641700000000002,1.188173,IDN,NZL,6504
2182785,111,166,1384,2017,1956.0,0.0,1.34395,0.577693,ITA,NZL,6504
2182786,114,166,1384,2017,3167.0,0.0,2.4510419999999997,-0.277357,JPN,NZL,6504
2182787,136,166,1384,2017,8896.0,0.0,-1.277182,-0.6503399999999999,MDG,NZL,6504
2182788,138,166,1384,2017,868.0,0.0,1.08871,0.5745279999999999,MEX,NZL,6504
2182789,156,166,1384,2017,0.0,11280.0,-0.38216100000000003,-0.8662549999999999,NCL,NZL,6504
2182790,161,166,1384,2017,0.0,1511.0,0.436779,-0.758359,NIU,NZL,6504
2182791,192,166,1384,2017,8427.0,0.0,1.884166,0.37903600000000004,SGP,NZL,6504
2182792,216,166,1384,2017,1470.0,0.0,0.983977,1.3926020000000001,THA,NZL,6504
2182793,221,166,1384,2017,0.0,1670.0,-0.504652,-0.820577,TON,NZL,6504
2182794,231,166,1384,2017,47191.0,0.0,1.601478,0.277271,USA,NZL,6504
2182795,239,166,1384,2017,5026.0,0.0,-0.009819,0.686429,VNM,NZL,6504
2182796,242,166,1384,2017,0.0,5425.0,0.450726,0.050197000000000006,WSM,NZL,6504
2182797,7,168,1384,2017,8604.0,21994.0,0.210477,0.02557,ARE,PAK,6504
2182798,14,168,1384,2017,0.0,6494.0,-0.42427200000000004,-0.152921,AUS,PAK,6504
2182799,15,168,1384,2017,0.0,2750.0,1.728623,-0.031045999999999997,AUT,PAK,6504
2182800,16,168,1384,2017,0.0,8055.0,-1.022455,-1.199225,AZE,PAK,6504
2182801,24,168,1384,2017,0.0,6858.0,0.485479,-0.5348890000000001,BHR,PAK,6504
2182802,39,168,1384,2017,0.0,2005.0,0.73897,1.206402,CAN,PAK,6504
2182803,43,168,1384,2017,55199.0,0.0,1.1127790000000002,1.56869,CHN,PAK,6504
2182804,59,168,1384,2017,0.0,2718.0,1.7715130000000001,0.359668,CZE,PAK,6504
2182805,61,168,1384,2017,0.0,8789.0,2.1149459999999998,-2.525372,DEU,PAK,6504
2182806,75,168,1384,2017,0.0,2199.0,-0.278276,-0.033997,FJI,PAK,6504
2182807,77,168,1384,2017,0.0,3266.0,1.398427,0.894732,FRA,PAK,6504
2182808,81,168,1384,2017,0.0,8847.0,1.6883119999999998,0.8347469999999999,GBR,PAK,6504
2182809,96,168,1384,2017,0.0,16758.0,-0.703271,-0.898648,GUY,PAK,6504
2182810,111,168,1384,2017,0.0,5281.0,1.34395,0.577693,ITA,PAK,6504
2182811,122,168,1384,2017,0.0,13390.0,-0.229821,-1.128482,KWT,PAK,6504
2182812,128,168,1384,2017,0.0,2773.0,-0.46442799999999995,0.472132,LKA,PAK,6504
2182813,138,168,1384,2017,0.0,1200.0,1.08871,0.5745279999999999,MEX,PAK,6504
2182814,159,168,1384,2017,0.0,1339.0,-1.8260919999999998,-1.276591,NGA,PAK,6504
2182815,163,168,1384,2017,0.0,4780.0,0.73658,0.11450199999999999,NOR,PAK,6504
2182816,183,168,1384,2017,0.0,8510.0,-0.361327,-1.066869,QAT,PAK,6504
2182817,188,168,1384,2017,0.0,42788.0,0.597716,-0.345049,SAU,PAK,6504
2182818,208,168,1384,2017,0.0,2226.0,1.764732,0.732646,SWE,PAK,6504
2182819,216,168,1384,2017,0.0,4641.0,0.983977,1.3926020000000001,THA,PAK,6504
2182820,231,168,1384,2017,0.0,50408.0,1.601478,0.277271,USA,PAK,6504
2182821,0,169,1384,2017,0.0,5313.0,0.845843,0.165178,ABW,PAN,6504
2182822,22,169,1384,2017,2852.0,0.0,-1.016251,-0.987654,BGD,PAN,6504
2182823,29,169,1384,2017,0.0,1217.0,-0.284062,-0.711108,BLZ,PAN,6504
2182824,30,169,1384,2017,0.0,659.0,1.06318,-0.48345,BMU,PAN,6504
2182825,32,169,1384,2017,0.0,2334.0,0.145224,0.483461,BRA,PAN,6504
2182826,33,169,1384,2017,326.0,405.0,0.589793,-0.004488000000000001,BRB,PAN,6504
2182827,42,169,1384,2017,0.0,8778.0,-0.378693,-0.492983,CHL,PAN,6504
2182828,43,169,1384,2017,560709.0,0.0,1.1127790000000002,1.56869,CHN,PAN,6504
2182829,49,169,1384,2017,7574.0,9118.0,0.208096,-0.17644300000000002,COL,PAN,6504
2182830,52,169,1384,2017,1079.0,23147.0,0.288642,-0.056219000000000005,CRI,PAN,6504
2182831,54,169,1384,2017,56541.0,98837.0,-0.77404,-1.121084,CUB,PAN,6504
2182832,55,169,1384,2017,0.0,3143.0,0.161139,-0.591701,CUW,PAN,6504
2182833,61,169,1384,2017,1686.0,0.0,2.1149459999999998,-2.525372,DEU,PAN,6504
2182834,65,169,1384,2017,1208.0,1196.0,-0.168016,0.30840100000000004,DOM,PAN,6504
2182835,67,169,1384,2017,192647.0,82309.0,-0.9995850000000001,-1.086367,ECU,PAN,6504
2182836,71,169,1384,2017,9094.0,0.0,0.734342,2.8180099999999997,ESP,PAN,6504
2182837,93,169,1384,2017,1679.0,10614.0,-0.418538,0.557454,GTM,PAN,6504
2182838,96,169,1384,2017,0.0,3544.0,-0.703271,-0.898648,GUY,PAN,6504
2182839,97,169,1384,2017,29080.0,0.0,0.824982,1.7162220000000001,HKG,PAN,6504
2182840,99,169,1384,2017,3766.0,23347.0,-0.6335689999999999,-0.334201,HND,PAN,6504
2182841,105,169,1384,2017,0.0,1522.0,0.30708,-0.604495,IOT,PAN,6504
2182842,111,169,1384,2017,2988.0,0.0,1.34395,0.577693,ITA,PAN,6504
2182843,112,169,1384,2017,0.0,13079.0,-0.497654,-0.76481,JAM,PAN,6504
2182844,121,169,1384,2017,45159.0,0.0,2.011263,0.783215,KOR,PAN,6504
2182845,127,169,1384,2017,8677.0,1237.0,0.458896,-0.149195,LCA,PAN,6504
2182846,138,169,1384,2017,13468.0,0.0,1.08871,0.5745279999999999,MEX,PAN,6504
2182847,160,169,1384,2017,0.0,61225.0,-1.0502280000000002,-0.8817719999999999,NIC,PAN,6504
2182848,162,169,1384,2017,3837.0,0.0,1.146959,1.470869,NLD,PAN,6504
2182849,173,169,1384,2017,3668.0,8284.0,-0.667658,-0.318344,PER,PAN,6504
2182850,174,169,1384,2017,3646.0,0.0,0.657759,0.170061,PHL,PAN,6504
2182851,180,169,1384,2017,0.0,10998.0,-0.437741,-0.9248879999999999,PRY,PAN,6504
2182852,192,169,1384,2017,3570.0,0.0,1.884166,0.37903600000000004,SGP,PAN,6504
2182853,197,169,1384,2017,22592.0,25981.0,0.113639,0.23175199999999999,SLV,PAN,6504
2182854,205,169,1384,2017,0.0,1898.0,-0.596432,-1.0249700000000002,SUR,PAN,6504
2182855,210,169,1384,2017,0.0,1608.0,0.892698,-0.795854,SXM,PAN,6504
2182856,222,169,1384,2017,0.0,13895.0,-0.183935,-1.012153,TTO,PAN,6504
2182857,230,169,1384,2017,0.0,1159.0,0.16963,-0.403006,URY,PAN,6504
2182858,231,169,1384,2017,69952.0,841.0,1.601478,0.277271,USA,PAN,6504
2182859,236,169,1384,2017,0.0,23650.0,-0.8874559999999999,-1.178752,VEN,PAN,6504
2182860,249,169,1384,2017,13070.0,0.0,2.0548290000000002,1.2552969999999999,TWN,PAN,6504
2182861,250,169,1384,2017,12039.0,217115.0,0.72523,-0.205046,ANS,PAN,6504
2182862,0,173,1384,2017,0.0,1075.0,0.845843,0.165178,ABW,PER,6504
2182863,7,173,1384,2017,0.0,2301.0,0.210477,0.02557,ARE,PER,6504
2182864,13,173,1384,2017,0.0,877.0,0.42561099999999996,-0.42671099999999995,ATG,PER,6504
2182865,14,173,1384,2017,0.0,4916.0,-0.42427200000000004,-0.152921,AUS,PER,6504
2182866,15,173,1384,2017,0.0,594.0,1.728623,-0.031045999999999997,AUT,PER,6504
2182867,22,173,1384,2017,7391.0,0.0,-1.016251,-0.987654,BGD,PER,6504
2182868,39,173,1384,2017,0.0,2222.0,0.73897,1.206402,CAN,PER,6504
2182869,41,173,1384,2017,931.0,6607.0,2.2557810000000003,0.845459,CHE,PER,6504
2182870,42,173,1384,2017,18986.0,16487.0,-0.378693,-0.492983,CHL,PER,6504
2182871,43,173,1384,2017,3934474.0,0.0,1.1127790000000002,1.56869,CHN,PER,6504
2182872,49,173,1384,2017,0.0,1537.0,0.208096,-0.17644300000000002,COL,PER,6504
2182873,54,173,1384,2017,0.0,2024.0,-0.77404,-1.121084,CUB,PER,6504
2182874,61,173,1384,2017,1127.0,1015.0,2.1149459999999998,-2.525372,DEU,PER,6504
2182875,65,173,1384,2017,0.0,1165.0,-0.168016,0.30840100000000004,DOM,PER,6504
2182876,67,173,1384,2017,119624.0,13119.0,-0.9995850000000001,-1.086367,ECU,PER,6504
2182877,71,173,1384,2017,9267.0,0.0,0.734342,2.8180099999999997,ESP,PER,6504
2182878,81,173,1384,2017,0.0,11791.0,1.6883119999999998,0.8347469999999999,GBR,PER,6504
2182879,103,173,1384,2017,20887.0,0.0,-0.23641700000000002,1.188173,IDN,PER,6504
2182880,104,173,1384,2017,2779.0,0.0,0.290576,2.726391,IND,PER,6504
2182881,114,173,1384,2017,0.0,2505.0,2.4510419999999997,-0.277357,JPN,PER,6504
2182882,122,173,1384,2017,0.0,4417.0,-0.229821,-1.128482,KWT,PER,6504
2182883,127,173,1384,2017,0.0,1686.0,0.458896,-0.149195,LCA,PER,6504
2182884,138,173,1384,2017,3412.0,0.0,1.08871,0.5745279999999999,MEX,PER,6504
2182885,169,173,1384,2017,8284.0,3668.0,0.5520109999999999,0.788181,PAN,PER,6504
2182886,231,173,1384,2017,208385.0,157923.0,1.601478,0.277271,USA,PER,6504
2182887,239,173,1384,2017,99897.0,0.0,-0.009819,0.686429,VNM,PER,6504
2182888,249,173,1384,2017,8568.0,0.0,2.0548290000000002,1.2552969999999999,TWN,PER,6504
2182889,7,174,1384,2017,0.0,12568.0,0.210477,0.02557,ARE,PHL,6504
2182890,14,174,1384,2017,0.0,37867.0,-0.42427200000000004,-0.152921,AUS,PHL,6504
2182891,15,174,1384,2017,0.0,47733.0,1.728623,-0.031045999999999997,AUT,PHL,6504
2182892,24,174,1384,2017,0.0,9994.0,0.485479,-0.5348890000000001,BHR,PHL,6504
2182893,39,174,1384,2017,0.0,3010.0,0.73897,1.206402,CAN,PHL,6504
2182894,41,174,1384,2017,0.0,1036.0,2.2557810000000003,0.845459,CHE,PHL,6504
2182895,43,174,1384,2017,658180.0,14326.0,1.1127790000000002,1.56869,CHN,PHL,6504
2182896,71,174,1384,2017,10231.0,189273.0,0.734342,2.8180099999999997,ESP,PHL,6504
2182897,77,174,1384,2017,0.0,8306.0,1.398427,0.894732,FRA,PHL,6504
2182898,81,174,1384,2017,0.0,73122.0,1.6883119999999998,0.8347469999999999,GBR,PHL,6504
2182899,83,174,1384,2017,0.0,2930.0,-0.929143,-0.811439,GHA,PHL,6504
2182900,97,174,1384,2017,13330.0,3488.0,0.824982,1.7162220000000001,HKG,PHL,6504
2182901,103,174,1384,2017,1842.0,0.0,-0.23641700000000002,1.188173,IDN,PHL,6504
2182902,110,174,1384,2017,0.0,9465.0,1.436156,0.776574,ISR,PHL,6504
2182903,111,174,1384,2017,0.0,19255.0,1.34395,0.577693,ITA,PHL,6504
2182904,114,174,1384,2017,5747.0,99648.0,2.4510419999999997,-0.277357,JPN,PHL,6504
2182905,121,174,1384,2017,6028.0,1549.0,2.011263,0.783215,KOR,PHL,6504
2182906,122,174,1384,2017,0.0,4596.0,-0.229821,-1.128482,KWT,PHL,6504
2182907,138,174,1384,2017,0.0,11258.0,1.08871,0.5745279999999999,MEX,PHL,6504
2182908,153,174,1384,2017,8866.0,0.0,1.0110139999999999,0.6840729999999999,MYS,PHL,6504
2182909,169,174,1384,2017,0.0,3646.0,0.5520109999999999,0.788181,PAN,PHL,6504
2182910,175,174,1384,2017,0.0,703.0,0.6076229999999999,-0.559638,PLW,PHL,6504
2182911,192,174,1384,2017,53843.0,13285.0,1.884166,0.37903600000000004,SGP,PHL,6504
2182912,216,174,1384,2017,1444.0,0.0,0.983977,1.3926020000000001,THA,PHL,6504
2182913,224,174,1384,2017,0.0,1010.0,0.541611,2.405872,TUR,PHL,6504
2182914,231,174,1384,2017,6109.0,96225.0,1.601478,0.277271,USA,PHL,6504
2182915,246,174,1384,2017,0.0,4281.0,0.2066,1.378591,ZAF,PHL,6504
2182916,249,174,1384,2017,16347.0,4696.0,2.0548290000000002,1.2552969999999999,TWN,PHL,6504
2182917,7,177,1384,2017,0.0,2170.0,0.210477,0.02557,ARE,POL,6504
2182918,14,177,1384,2017,0.0,2466.0,-0.42427200000000004,-0.152921,AUS,POL,6504
2182919,15,177,1384,2017,7674.0,26364.0,1.728623,-0.031045999999999997,AUT,POL,6504
2182920,18,177,1384,2017,3696.0,5335.0,1.292657,1.19571,BEL,POL,6504
2182921,22,177,1384,2017,46703.0,0.0,-1.016251,-0.987654,BGD,POL,6504
2182922,23,177,1384,2017,0.0,3367.0,0.557843,1.7221119999999999,BGR,POL,6504
2182923,41,177,1384,2017,0.0,4432.0,2.2557810000000003,0.845459,CHE,POL,6504
2182924,43,177,1384,2017,1692053.0,1237.0,1.1127790000000002,1.56869,CHN,POL,6504
2182925,59,177,1384,2017,23942.0,126776.0,1.7715130000000001,0.359668,CZE,POL,6504
2182926,61,177,1384,2017,361518.0,262685.0,2.1149459999999998,-2.525372,DEU,POL,6504
2182927,64,177,1384,2017,13607.0,3469.0,1.159753,1.233914,DNK,POL,6504
2182928,67,177,1384,2017,1446.0,0.0,-0.9995850000000001,-1.086367,ECU,POL,6504
2182929,71,177,1384,2017,315565.0,11932.0,0.734342,2.8180099999999997,ESP,POL,6504
2182930,72,177,1384,2017,0.0,32848.0,1.010985,1.289633,EST,POL,6504
2182931,74,177,1384,2017,2485.0,127854.0,1.655957,0.962485,FIN,POL,6504
2182932,77,177,1384,2017,152541.0,18410.0,1.398427,0.894732,FRA,POL,6504
2182933,81,177,1384,2017,184342.0,111136.0,1.6883119999999998,0.8347469999999999,GBR,POL,6504
2182934,90,177,1384,2017,0.0,1040.0,0.154098,1.151038,GRC,POL,6504
2182935,97,177,1384,2017,0.0,1017.0,0.824982,1.7162220000000001,HKG,POL,6504
2182936,100,177,1384,2017,0.0,15132.0,0.860825,1.365445,HRV,POL,6504
2182937,102,177,1384,2017,20310.0,89281.0,1.4886270000000001,0.845986,HUN,POL,6504
2182938,104,177,1384,2017,82576.0,0.0,0.290576,2.726391,IND,POL,6504
2182939,106,177,1384,2017,0.0,4405.0,1.363544,0.169211,IRL,POL,6504
2182940,111,177,1384,2017,243271.0,30071.0,1.34395,0.577693,ITA,POL,6504
2182941,130,177,1384,2017,0.0,38736.0,0.855858,1.447717,LTU,POL,6504
2182942,132,177,1384,2017,0.0,32015.0,0.684555,1.3208030000000002,LVA,POL,6504
2182943,136,177,1384,2017,7227.0,0.0,-1.277182,-0.6503399999999999,MDG,POL,6504
2182944,140,177,1384,2017,0.0,5957.0,-0.0292,-0.377156,MKD,POL,6504
2182945,145,177,1384,2017,0.0,1853.0,-0.933737,-1.1195620000000002,MNG,POL,6504
2182946,162,177,1384,2017,14474.0,40253.0,1.146959,1.470869,NLD,POL,6504
2182947,163,177,1384,2017,0.0,14151.0,0.73658,0.11450199999999999,NOR,POL,6504
2182948,179,177,1384,2017,2733.0,1569.0,0.527046,2.264624,PRT,POL,6504
2182949,183,177,1384,2017,0.0,2292.0,-0.361327,-1.066869,QAT,POL,6504
2182950,185,177,1384,2017,0.0,242082.0,1.05479,0.9842219999999999,ROU,POL,6504
2182951,186,177,1384,2017,8048.0,36315.0,0.32885,0.288392,RUS,POL,6504
2182952,192,177,1384,2017,958.0,1481.0,1.884166,0.37903600000000004,SGP,POL,6504
2182953,206,177,1384,2017,149564.0,74724.0,1.279606,0.85503,SVK,POL,6504
2182954,207,177,1384,2017,0.0,2222.0,1.600319,0.854305,SVN,POL,6504
2182955,208,177,1384,2017,6808.0,15095.0,1.764732,0.732646,SWE,POL,6504
2182956,216,177,1384,2017,3883.0,0.0,0.983977,1.3926020000000001,THA,POL,6504
2182957,224,177,1384,2017,5228.0,0.0,0.541611,2.405872,TUR,POL,6504
2182958,228,177,1384,2017,0.0,51612.0,0.461109,0.7826569999999999,UKR,POL,6504
2182959,231,177,1384,2017,1436.0,15731.0,1.601478,0.277271,USA,POL,6504
2182960,239,177,1384,2017,18154.0,0.0,-0.009819,0.686429,VNM,POL,6504
2182961,250,177,1384,2017,2024.0,0.0,0.72523,-0.205046,ANS,POL,6504
2182962,2,179,1384,2017,0.0,41371.0,-1.408777,-1.215475,AGO,PRT,6504
2182963,7,179,1384,2017,0.0,10947.0,0.210477,0.02557,ARE,PRT,6504
2182964,14,179,1384,2017,0.0,1355.0,-0.42427200000000004,-0.152921,AUS,PRT,6504
2182965,18,179,1384,2017,4916.0,0.0,1.292657,1.19571,BEL,PRT,6504
2182966,23,179,1384,2017,0.0,3844.0,0.557843,1.7221119999999999,BGR,PRT,6504
2182967,32,179,1384,2017,4595.0,0.0,0.145224,0.483461,BRA,PRT,6504
2182968,41,179,1384,2017,0.0,4298.0,2.2557810000000003,0.845459,CHE,PRT,6504
2182969,43,179,1384,2017,591043.0,0.0,1.1127790000000002,1.56869,CHN,PRT,6504
2182970,51,179,1384,2017,0.0,1559.0,-0.11722300000000001,-0.677707,CPV,PRT,6504
2182971,59,179,1384,2017,0.0,8760.0,1.7715130000000001,0.359668,CZE,PRT,6504
2182972,61,179,1384,2017,21832.0,4109.0,2.1149459999999998,-2.525372,DEU,PRT,6504
2182973,64,179,1384,2017,4399.0,0.0,1.159753,1.233914,DNK,PRT,6504
2182974,67,179,1384,2017,4166.0,0.0,-0.9995850000000001,-1.086367,ECU,PRT,6504
2182975,71,179,1384,2017,727197.0,31251.0,0.734342,2.8180099999999997,ESP,PRT,6504
2182976,77,179,1384,2017,85501.0,47191.0,1.398427,0.894732,FRA,PRT,6504
2182977,81,179,1384,2017,127611.0,4621.0,1.6883119999999998,0.8347469999999999,GBR,PRT,6504
2182978,90,179,1384,2017,2252.0,1487.0,0.154098,1.151038,GRC,PRT,6504
2182979,97,179,1384,2017,3993.0,4900.0,0.824982,1.7162220000000001,HKG,PRT,6504
2182980,104,179,1384,2017,22104.0,0.0,0.290576,2.726391,IND,PRT,6504
2182981,106,179,1384,2017,3814.0,0.0,1.363544,0.169211,IRL,PRT,6504
2182982,109,179,1384,2017,0.0,804.0,0.386094,-0.277269,ISL,PRT,6504
2182983,110,179,1384,2017,0.0,2346.0,1.436156,0.776574,ISR,PRT,6504
2182984,111,179,1384,2017,77010.0,8957.0,1.34395,0.577693,ITA,PRT,6504
2182985,114,179,1384,2017,0.0,13080.0,2.4510419999999997,-0.277357,JPN,PRT,6504
2182986,121,179,1384,2017,0.0,5475.0,2.011263,0.783215,KOR,PRT,6504
2182987,122,179,1384,2017,0.0,1340.0,-0.229821,-1.128482,KWT,PRT,6504
2182988,142,179,1384,2017,0.0,786.0,0.999914,0.12683,MLT,PRT,6504
2182989,147,179,1384,2017,0.0,1291.0,-1.3882290000000002,-1.114475,MOZ,PRT,6504
2182990,162,179,1384,2017,79781.0,0.0,1.146959,1.470869,NLD,PRT,6504
2182991,177,179,1384,2017,1569.0,2733.0,1.197417,1.092716,POL,PRT,6504
2182992,183,179,1384,2017,0.0,1624.0,-0.361327,-1.066869,QAT,PRT,6504
2182993,185,179,1384,2017,6175.0,10458.0,1.05479,0.9842219999999999,ROU,PRT,6504
2182994,188,179,1384,2017,0.0,24370.0,0.597716,-0.345049,SAU,PRT,6504
2182995,203,179,1384,2017,0.0,11205.0,0.531107,-0.43282200000000004,STP,PRT,6504
2182996,206,179,1384,2017,0.0,2492.0,1.279606,0.85503,SVK,PRT,6504
2182997,207,179,1384,2017,6671.0,0.0,1.600319,0.854305,SVN,PRT,6504
2182998,208,179,1384,2017,1094.0,3121.0,1.764732,0.732646,SWE,PRT,6504
2182999,231,179,1384,2017,6810.0,8095.0,1.601478,0.277271,USA,PRT,6504
2183000,239,179,1384,2017,139986.0,0.0,-0.009819,0.686429,VNM,PRT,6504
2183001,8,180,1384,2017,7118.0,0.0,-0.120753,0.233375,ARG,PRY,6504
2183002,31,180,1384,2017,1158.0,0.0,-1.158425,-1.076242,BOL,PRY,6504
2183003,32,180,1384,2017,3794.0,0.0,0.145224,0.483461,BRA,PRY,6504
2183004,42,180,1384,2017,228080.0,0.0,-0.378693,-0.492983,CHL,PRY,6504
2183005,43,180,1384,2017,35503.0,0.0,1.1127790000000002,1.56869,CHN,PRY,6504
2183006,67,180,1384,2017,5945.0,0.0,-0.9995850000000001,-1.086367,ECU,PRY,6504
2183007,71,180,1384,2017,1883.0,0.0,0.734342,2.8180099999999997,ESP,PRY,6504
2183008,169,180,1384,2017,10998.0,0.0,0.5520109999999999,0.788181,PAN,PRY,6504
2183009,231,180,1384,2017,9969.0,0.0,1.601478,0.277271,USA,PRY,6504
2183010,7,181,1384,2017,481.0,0.0,0.210477,0.02557,ARE,PSE,6504
2183011,43,181,1384,2017,8506.0,0.0,1.1127790000000002,1.56869,CHN,PSE,6504
2183012,68,181,1384,2017,896.0,0.0,-0.073436,1.829121,EGY,PSE,6504
2183013,224,181,1384,2017,483.0,0.0,0.541611,2.405872,TUR,PSE,6504
2183014,9,186,1384,2017,19524.0,2097.0,-0.23846799999999999,-0.658774,ARM,RUS,6504
2183015,15,186,1384,2017,1197.0,0.0,1.728623,-0.031045999999999997,AUT,RUS,6504
2183016,16,186,1384,2017,0.0,2288.0,-1.022455,-1.199225,AZE,RUS,6504
2183017,17,186,1384,2017,0.0,1176.0,-0.637985,-1.051277,BDI,RUS,6504
2183018,18,186,1384,2017,1176.0,0.0,1.292657,1.19571,BEL,RUS,6504
2183019,22,186,1384,2017,2487.0,0.0,-1.016251,-0.987654,BGD,RUS,6504
2183020,28,186,1384,2017,25736.0,56641.0,0.8115829999999999,0.8323459999999999,BLR,RUS,6504
2183021,43,186,1384,2017,2043062.0,0.0,1.1127790000000002,1.56869,CHN,RUS,6504
2183022,58,186,1384,2017,1034.0,0.0,0.576982,0.279989,CYP,RUS,6504
2183023,59,186,1384,2017,2556.0,0.0,1.7715130000000001,0.359668,CZE,RUS,6504
2183024,61,186,1384,2017,157912.0,0.0,2.1149459999999998,-2.525372,DEU,RUS,6504
2183025,67,186,1384,2017,6596.0,0.0,-0.9995850000000001,-1.086367,ECU,RUS,6504
2183026,71,186,1384,2017,125349.0,0.0,0.734342,2.8180099999999997,ESP,RUS,6504
2183027,72,186,1384,2017,5788.0,4654.0,1.010985,1.289633,EST,RUS,6504
2183028,74,186,1384,2017,11115.0,0.0,1.655957,0.962485,FIN,RUS,6504
2183029,77,186,1384,2017,3497.0,3295.0,1.398427,0.894732,FRA,RUS,6504
2183030,81,186,1384,2017,94360.0,0.0,1.6883119999999998,0.8347469999999999,GBR,RUS,6504
2183031,82,186,1384,2017,0.0,4764.0,-0.241749,-0.374727,GEO,RUS,6504
2183032,90,186,1384,2017,1079.0,0.0,0.154098,1.151038,GRC,RUS,6504
2183033,97,186,1384,2017,4889.0,0.0,0.824982,1.7162220000000001,HKG,RUS,6504
2183034,104,186,1384,2017,25820.0,0.0,0.290576,2.726391,IND,RUS,6504
2183035,111,186,1384,2017,533265.0,0.0,1.34395,0.577693,ITA,RUS,6504
2183036,115,186,1384,2017,3265.0,125944.0,-0.394316,-0.5485979999999999,KAZ,RUS,6504
2183037,117,186,1384,2017,0.0,1627.0,-0.11530599999999999,0.264752,KGZ,RUS,6504
2183038,121,186,1384,2017,2499.0,0.0,2.011263,0.783215,KOR,RUS,6504
2183039,130,186,1384,2017,53987.0,979.0,0.855858,1.447717,LTU,RUS,6504
2183040,132,186,1384,2017,0.0,2766.0,0.684555,1.3208030000000002,LVA,RUS,6504
2183041,140,186,1384,2017,1664.0,0.0,-0.0292,-0.377156,MKD,RUS,6504
2183042,162,186,1384,2017,27415.0,0.0,1.146959,1.470869,NLD,RUS,6504
2183043,177,186,1384,2017,36315.0,8048.0,1.197417,1.092716,POL,RUS,6504
2183044,185,186,1384,2017,919.0,0.0,1.05479,0.9842219999999999,ROU,RUS,6504
2183045,208,186,1384,2017,12564.0,0.0,1.764732,0.732646,SWE,RUS,6504
2183046,224,186,1384,2017,15250.0,0.0,0.541611,2.405872,TUR,RUS,6504
2183047,228,186,1384,2017,0.0,18516.0,0.461109,0.7826569999999999,UKR,RUS,6504
2183048,231,186,1384,2017,29433.0,34293.0,1.601478,0.277271,USA,RUS,6504
2183049,239,186,1384,2017,1139.0,0.0,-0.009819,0.686429,VNM,RUS,6504
2183050,250,186,1384,2017,0.0,3040.0,0.72523,-0.205046,ANS,RUS,6504
2183051,7,188,1384,2017,1851423.0,0.0,0.210477,0.02557,ARE,SAU,6504
2183052,22,188,1384,2017,76875.0,0.0,-1.016251,-0.987654,BGD,SAU,6504
2183053,24,188,1384,2017,89545.0,27300.0,0.485479,-0.5348890000000001,BHR,SAU,6504
2183054,43,188,1384,2017,829764.0,0.0,1.1127790000000002,1.56869,CHN,SAU,6504
2183055,61,188,1384,2017,5586.0,0.0,2.1149459999999998,-2.525372,DEU,SAU,6504
2183056,68,188,1384,2017,29955.0,0.0,-0.073436,1.829121,EGY,SAU,6504
2183057,71,188,1384,2017,59248.0,0.0,0.734342,2.8180099999999997,ESP,SAU,6504
2183058,77,188,1384,2017,2628.0,0.0,1.398427,0.894732,FRA,SAU,6504
2183059,81,188,1384,2017,0.0,2300.0,1.6883119999999998,0.8347469999999999,GBR,SAU,6504
2183060,97,188,1384,2017,64412.0,0.0,0.824982,1.7162220000000001,HKG,SAU,6504
2183061,103,188,1384,2017,14525.0,0.0,-0.23641700000000002,1.188173,IDN,SAU,6504
2183062,104,188,1384,2017,43672.0,0.0,0.290576,2.726391,IND,SAU,6504
2183063,111,188,1384,2017,36908.0,0.0,1.34395,0.577693,ITA,SAU,6504
2183064,113,188,1384,2017,26854.0,0.0,0.020035,0.295415,JOR,SAU,6504
2183065,121,188,1384,2017,188143.0,0.0,2.011263,0.783215,KOR,SAU,6504
2183066,128,188,1384,2017,46145.0,0.0,-0.46442799999999995,0.472132,LKA,SAU,6504
2183067,134,188,1384,2017,0.0,11843.0,-0.757236,-0.065347,MAR,SAU,6504
2183068,168,188,1384,2017,42788.0,0.0,-0.698561,0.43523500000000004,PAK,SAU,6504
2183069,179,188,1384,2017,24370.0,0.0,0.527046,2.264624,PRT,SAU,6504
2183070,206,188,1384,2017,5494.0,0.0,1.279606,0.85503,SVK,SAU,6504
2183071,216,188,1384,2017,30248.0,0.0,0.983977,1.3926020000000001,THA,SAU,6504
2183072,224,188,1384,2017,31007.0,0.0,0.541611,2.405872,TUR,SAU,6504
2183073,231,188,1384,2017,81206.0,0.0,1.601478,0.277271,USA,SAU,6504
2183074,239,188,1384,2017,268222.0,0.0,-0.009819,0.686429,VNM,SAU,6504
2183075,246,188,1384,2017,0.0,982.0,0.2066,1.378591,ZAF,SAU,6504
2183076,249,188,1384,2017,81107.0,0.0,2.0548290000000002,1.2552969999999999,TWN,SAU,6504
2183077,43,190,1384,2017,56270.0,0.0,1.1127790000000002,1.56869,CHN,SDN,6504
2183078,104,190,1384,2017,1978.0,0.0,0.290576,2.726391,IND,SDN,6504
2183079,223,190,1384,2017,4068.0,0.0,0.224119,0.961772,TUN,SDN,6504
2183080,250,190,1384,2017,14.0,0.0,0.72523,-0.205046,ANS,SDN,6504
2183081,7,192,1384,2017,934.0,7855.0,0.210477,0.02557,ARE,SGP,6504
2183082,14,192,1384,2017,7152.0,68703.0,-0.42427200000000004,-0.152921,AUS,SGP,6504
2183083,22,192,1384,2017,2604.0,0.0,-1.016251,-0.987654,BGD,SGP,6504
2183084,34,192,1384,2017,0.0,10880.0,0.270525,-0.747949,BRN,SGP,6504
2183085,41,192,1384,2017,4669.0,0.0,2.2557810000000003,0.845459,CHE,SGP,6504
2183086,43,192,1384,2017,493348.0,0.0,1.1127790000000002,1.56869,CHN,SGP,6504
2183087,49,192,1384,2017,2177.0,3168.0,0.208096,-0.17644300000000002,COL,SGP,6504
2183088,61,192,1384,2017,9957.0,3762.0,2.1149459999999998,-2.525372,DEU,SGP,6504
2183089,67,192,1384,2017,10923.0,0.0,-0.9995850000000001,-1.086367,ECU,SGP,6504
2183090,71,192,1384,2017,22760.0,1390.0,0.734342,2.8180099999999997,ESP,SGP,6504
2183091,72,192,1384,2017,0.0,757.0,1.010985,1.289633,EST,SGP,6504
2183092,74,192,1384,2017,0.0,4645.0,1.655957,0.962485,FIN,SGP,6504
2183093,77,192,1384,2017,2642.0,1487.0,1.398427,0.894732,FRA,SGP,6504
2183094,81,192,1384,2017,5868.0,5227.0,1.6883119999999998,0.8347469999999999,GBR,SGP,6504
2183095,90,192,1384,2017,0.0,464.0,0.154098,1.151038,GRC,SGP,6504
2183096,95,192,1384,2017,0.0,2730.0,0.638232,0.033204000000000004,GUM,SGP,6504
2183097,97,192,1384,2017,25861.0,2456.0,0.824982,1.7162220000000001,HKG,SGP,6504
2183098,102,192,1384,2017,3635.0,0.0,1.4886270000000001,0.845986,HUN,SGP,6504
2183099,103,192,1384,2017,553127.0,296169.0,-0.23641700000000002,1.188173,IDN,SGP,6504
2183100,104,192,1384,2017,2067.0,1731.0,0.290576,2.726391,IND,SGP,6504
2183101,106,192,1384,2017,0.0,1635.0,1.363544,0.169211,IRL,SGP,6504
2183102,111,192,1384,2017,10294.0,0.0,1.34395,0.577693,ITA,SGP,6504
2183103,114,192,1384,2017,28209.0,110694.0,2.4510419999999997,-0.277357,JPN,SGP,6504
2183104,118,192,1384,2017,0.0,2675.0,-0.656325,-0.622167,KHM,SGP,6504
2183105,121,192,1384,2017,3180.0,15281.0,2.011263,0.783215,KOR,SGP,6504
2183106,122,192,1384,2017,0.0,6843.0,-0.229821,-1.128482,KWT,SGP,6504
2183107,128,192,1384,2017,14040.0,8554.0,-0.46442799999999995,0.472132,LKA,SGP,6504
2183108,136,192,1384,2017,1473.0,0.0,-1.277182,-0.6503399999999999,MDG,SGP,6504
2183109,137,192,1384,2017,0.0,1321.0,-1.100027,-0.9779479999999999,MDV,SGP,6504
2183110,138,192,1384,2017,919.0,1810.0,1.08871,0.5745279999999999,MEX,SGP,6504
2183111,151,192,1384,2017,0.0,1036.0,-0.156616,0.073153,MUS,SGP,6504
2183112,153,192,1384,2017,16280.0,164972.0,1.0110139999999999,0.6840729999999999,MYS,SGP,6504
2183113,162,192,1384,2017,0.0,1498.0,1.146959,1.470869,NLD,SGP,6504
2183114,166,192,1384,2017,0.0,8427.0,0.25651199999999996,0.132996,NZL,SGP,6504
2183115,167,192,1384,2017,0.0,3545.0,-0.347684,-0.884569,OMN,SGP,6504
2183116,169,192,1384,2017,0.0,3570.0,0.5520109999999999,0.788181,PAN,SGP,6504
2183117,174,192,1384,2017,13285.0,53843.0,0.657759,0.170061,PHL,SGP,6504
2183118,176,192,1384,2017,0.0,19355.0,-1.788834,-1.267126,PNG,SGP,6504
2183119,177,192,1384,2017,1481.0,958.0,1.197417,1.092716,POL,SGP,6504
2183120,183,192,1384,2017,0.0,4025.0,-0.361327,-1.066869,QAT,SGP,6504
2183121,208,192,1384,2017,2443.0,981.0,1.764732,0.732646,SWE,SGP,6504
2183122,216,192,1384,2017,23924.0,9446.0,0.983977,1.3926020000000001,THA,SGP,6504
2183123,231,192,1384,2017,52981.0,49930.0,1.601478,0.277271,USA,SGP,6504
2183124,239,192,1384,2017,33608.0,3179.0,-0.009819,0.686429,VNM,SGP,6504
2183125,249,192,1384,2017,2024.0,1161.0,2.0548290000000002,1.2552969999999999,TWN,SGP,6504
2183126,39,197,1384,2017,0.0,1191.0,0.73897,1.206402,CAN,SLV,6504
2183127,43,197,1384,2017,26930.0,0.0,1.1127790000000002,1.56869,CHN,SLV,6504
2183128,67,197,1384,2017,6655.0,0.0,-0.9995850000000001,-1.086367,ECU,SLV,6504
2183129,71,197,1384,2017,2693.0,0.0,0.734342,2.8180099999999997,ESP,SLV,6504
2183130,93,197,1384,2017,1849.0,21782.0,-0.418538,0.557454,GTM,SLV,6504
2183131,99,197,1384,2017,2973.0,0.0,-0.6335689999999999,-0.334201,HND,SLV,6504
2183132,138,197,1384,2017,15545.0,0.0,1.08871,0.5745279999999999,MEX,SLV,6504
2183133,160,197,1384,2017,0.0,1565.0,-1.0502280000000002,-0.8817719999999999,NIC,SLV,6504
2183134,169,197,1384,2017,25981.0,22592.0,0.5520109999999999,0.788181,PAN,SLV,6504
2183135,183,197,1384,2017,0.0,2768.0,-0.361327,-1.066869,QAT,SLV,6504
2183136,231,197,1384,2017,7131.0,10829.0,1.601478,0.277271,USA,SLV,6504
2183137,43,205,1384,2017,6387.0,0.0,1.1127790000000002,1.56869,CHN,SUR,6504
2183138,162,205,1384,2017,3126.0,0.0,1.146959,1.470869,NLD,SUR,6504
2183139,169,205,1384,2017,1898.0,0.0,0.5520109999999999,0.788181,PAN,SUR,6504
2183140,216,205,1384,2017,4980.0,0.0,0.983977,1.3926020000000001,THA,SUR,6504
2183141,231,205,1384,2017,13648.0,0.0,1.601478,0.277271,USA,SUR,6504
2183142,14,208,1384,2017,13030.0,2535.0,-0.42427200000000004,-0.152921,AUS,SWE,6504
2183143,15,208,1384,2017,6451.0,3003.0,1.728623,-0.031045999999999997,AUT,SWE,6504
2183144,18,208,1384,2017,32398.0,1027.0,1.292657,1.19571,BEL,SWE,6504
2183145,23,208,1384,2017,3372.0,6466.0,0.557843,1.7221119999999999,BGR,SWE,6504
2183146,39,208,1384,2017,2032.0,3528.0,0.73897,1.206402,CAN,SWE,6504
2183147,41,208,1384,2017,0.0,3049.0,2.2557810000000003,0.845459,CHE,SWE,6504
2183148,43,208,1384,2017,1015219.0,1717.0,1.1127790000000002,1.56869,CHN,SWE,6504
2183149,59,208,1384,2017,0.0,1461.0,1.7715130000000001,0.359668,CZE,SWE,6504
2183150,61,208,1384,2017,537428.0,28444.0,2.1149459999999998,-2.525372,DEU,SWE,6504
2183151,64,208,1384,2017,479130.0,43137.0,1.159753,1.233914,DNK,SWE,6504
2183152,67,208,1384,2017,34429.0,0.0,-0.9995850000000001,-1.086367,ECU,SWE,6504
2183153,71,208,1384,2017,33466.0,3668.0,0.734342,2.8180099999999997,ESP,SWE,6504
2183154,72,208,1384,2017,0.0,1247.0,1.010985,1.289633,EST,SWE,6504
2183155,73,208,1384,2017,0.0,3436.0,-1.007413,-0.638231,ETH,SWE,6504
2183156,74,208,1384,2017,3595.0,95212.0,1.655957,0.962485,FIN,SWE,6504
2183157,77,208,1384,2017,29334.0,3129.0,1.398427,0.894732,FRA,SWE,6504
2183158,81,208,1384,2017,268020.0,43725.0,1.6883119999999998,0.8347469999999999,GBR,SWE,6504
2183159,97,208,1384,2017,51464.0,2117.0,0.824982,1.7162220000000001,HKG,SWE,6504
2183160,104,208,1384,2017,40473.0,0.0,0.290576,2.726391,IND,SWE,6504
2183161,106,208,1384,2017,25643.0,3275.0,1.363544,0.169211,IRL,SWE,6504
2183162,111,208,1384,2017,124337.0,11351.0,1.34395,0.577693,ITA,SWE,6504
2183163,114,208,1384,2017,0.0,47270.0,2.4510419999999997,-0.277357,JPN,SWE,6504
2183164,115,208,1384,2017,0.0,13650.0,-0.394316,-0.5485979999999999,KAZ,SWE,6504
2183165,121,208,1384,2017,0.0,1768.0,2.011263,0.783215,KOR,SWE,6504
2183166,130,208,1384,2017,1319.0,0.0,0.855858,1.447717,LTU,SWE,6504
2183167,162,208,1384,2017,128326.0,6297.0,1.146959,1.470869,NLD,SWE,6504
2183168,163,208,1384,2017,157622.0,566210.0,0.73658,0.11450199999999999,NOR,SWE,6504
2183169,168,208,1384,2017,2226.0,0.0,-0.698561,0.43523500000000004,PAK,SWE,6504
2183170,177,208,1384,2017,15095.0,6808.0,1.197417,1.092716,POL,SWE,6504
2183171,179,208,1384,2017,3121.0,1094.0,0.527046,2.264624,PRT,SWE,6504
2183172,186,208,1384,2017,0.0,12564.0,0.32885,0.288392,RUS,SWE,6504
2183173,192,208,1384,2017,981.0,2443.0,1.884166,0.37903600000000004,SGP,SWE,6504
2183174,206,208,1384,2017,27641.0,0.0,1.279606,0.85503,SVK,SWE,6504
2183175,216,208,1384,2017,2788.0,900.0,0.983977,1.3926020000000001,THA,SWE,6504
2183176,231,208,1384,2017,46543.0,45942.0,1.601478,0.277271,USA,SWE,6504
2183177,249,208,1384,2017,9793.0,0.0,2.0548290000000002,1.2552969999999999,TWN,SWE,6504
2183178,7,216,1384,2017,3586.0,24874.0,0.210477,0.02557,ARE,THA,6504
2183179,14,216,1384,2017,32854.0,7303.0,-0.42427200000000004,-0.152921,AUS,THA,6504
2183180,22,216,1384,2017,2608.0,0.0,-1.016251,-0.987654,BGD,THA,6504
2183181,24,216,1384,2017,0.0,9677.0,0.485479,-0.5348890000000001,BHR,THA,6504
2183182,39,216,1384,2017,2878.0,78955.0,0.73897,1.206402,CAN,THA,6504
2183183,41,216,1384,2017,0.0,1132.0,2.2557810000000003,0.845459,CHE,THA,6504
2183184,43,216,1384,2017,2292555.0,158285.0,1.1127790000000002,1.56869,CHN,THA,6504
2183185,59,216,1384,2017,0.0,1288.0,1.7715130000000001,0.359668,CZE,THA,6504
2183186,61,216,1384,2017,2012.0,4866.0,2.1149459999999998,-2.525372,DEU,THA,6504
2183187,67,216,1384,2017,49563.0,0.0,-0.9995850000000001,-1.086367,ECU,THA,6504
2183188,68,216,1384,2017,0.0,1091.0,-0.073436,1.829121,EGY,THA,6504
2183189,71,216,1384,2017,31916.0,22820.0,0.734342,2.8180099999999997,ESP,THA,6504
2183190,75,216,1384,2017,0.0,3604.0,-0.278276,-0.033997,FJI,THA,6504
2183191,77,216,1384,2017,6347.0,21241.0,1.398427,0.894732,FRA,THA,6504
2183192,81,216,1384,2017,8390.0,6627.0,1.6883119999999998,0.8347469999999999,GBR,THA,6504
2183193,83,216,1384,2017,0.0,2618.0,-0.929143,-0.811439,GHA,THA,6504
2183194,97,216,1384,2017,9329.0,97837.0,0.824982,1.7162220000000001,HKG,THA,6504
2183195,103,216,1384,2017,1359.0,2534.0,-0.23641700000000002,1.188173,IDN,THA,6504
2183196,104,216,1384,2017,108925.0,0.0,0.290576,2.726391,IND,THA,6504
2183197,111,216,1384,2017,7088.0,0.0,1.34395,0.577693,ITA,THA,6504
2183198,114,216,1384,2017,17795.0,238727.0,2.4510419999999997,-0.277357,JPN,THA,6504
2183199,118,216,1384,2017,546246.0,7452.0,-0.656325,-0.622167,KHM,THA,6504
2183200,121,216,1384,2017,41486.0,1043.0,2.011263,0.783215,KOR,THA,6504
2183201,122,216,1384,2017,0.0,6993.0,-0.229821,-1.128482,KWT,THA,6504
2183202,123,216,1384,2017,0.0,16289.0,-0.9742190000000001,-0.727593,LAO,THA,6504
2183203,128,216,1384,2017,0.0,4844.0,-0.46442799999999995,0.472132,LKA,THA,6504
2183204,137,216,1384,2017,0.0,7338.0,-1.100027,-0.9779479999999999,MDV,THA,6504
2183205,143,216,1384,2017,3695.0,16743.0,-1.051544,-0.419183,MMR,THA,6504
2183206,151,216,1384,2017,0.0,9973.0,-0.156616,0.073153,MUS,THA,6504
2183207,153,216,1384,2017,2466.0,10574.0,1.0110139999999999,0.6840729999999999,MYS,THA,6504
2183208,156,216,1384,2017,0.0,5333.0,-0.38216100000000003,-0.8662549999999999,NCL,THA,6504
2183209,159,216,1384,2017,0.0,2865.0,-1.8260919999999998,-1.276591,NGA,THA,6504
2183210,162,216,1384,2017,0.0,5604.0,1.146959,1.470869,NLD,THA,6504
2183211,163,216,1384,2017,0.0,1405.0,0.73658,0.11450199999999999,NOR,THA,6504
2183212,164,216,1384,2017,0.0,6484.0,-0.319681,0.5788220000000001,NPL,THA,6504
2183213,166,216,1384,2017,0.0,1470.0,0.25651199999999996,0.132996,NZL,THA,6504
2183214,167,216,1384,2017,0.0,19492.0,-0.347684,-0.884569,OMN,THA,6504
2183215,168,216,1384,2017,4641.0,0.0,-0.698561,0.43523500000000004,PAK,THA,6504
2183216,174,216,1384,2017,0.0,1444.0,0.657759,0.170061,PHL,THA,6504
2183217,176,216,1384,2017,0.0,2882.0,-1.788834,-1.267126,PNG,THA,6504
2183218,177,216,1384,2017,0.0,3883.0,1.197417,1.092716,POL,THA,6504
2183219,183,216,1384,2017,0.0,2879.0,-0.361327,-1.066869,QAT,THA,6504
2183220,188,216,1384,2017,0.0,30248.0,0.597716,-0.345049,SAU,THA,6504
2183221,192,216,1384,2017,9446.0,23924.0,1.884166,0.37903600000000004,SGP,THA,6504
2183222,205,216,1384,2017,0.0,4980.0,-0.596432,-1.0249700000000002,SUR,THA,6504
2183223,208,216,1384,2017,900.0,2788.0,1.764732,0.732646,SWE,THA,6504
2183224,211,216,1384,2017,0.0,2978.0,0.41946000000000006,-0.523274,SYC,THA,6504
2183225,226,216,1384,2017,0.0,1022.0,-1.0691709999999999,0.11636800000000001,TZA,THA,6504
2183226,227,216,1384,2017,0.0,584.0,-0.6831020000000001,-0.046838,UGA,THA,6504
2183227,231,216,1384,2017,30595.0,746699.0,1.601478,0.277271,USA,THA,6504
2183228,239,216,1384,2017,11601.0,1702.0,-0.009819,0.686429,VNM,THA,6504
2183229,246,216,1384,2017,0.0,986.0,0.2066,1.378591,ZAF,THA,6504
2183230,249,216,1384,2017,5627.0,6722.0,2.0548290000000002,1.2552969999999999,TWN,THA,6504
2183231,250,216,1384,2017,1525.0,0.0,0.72523,-0.205046,ANS,THA,6504
2183232,43,222,1384,2017,1963.0,0.0,1.1127790000000002,1.56869,CHN,TTO,6504
2183233,104,222,1384,2017,2047.0,0.0,0.290576,2.726391,IND,TTO,6504
2183234,169,222,1384,2017,13895.0,0.0,0.5520109999999999,0.788181,PAN,TTO,6504
2183235,231,222,1384,2017,8250.0,0.0,1.601478,0.277271,USA,TTO,6504
2183236,2,224,1384,2017,0.0,1931.0,-1.408777,-1.215475,AGO,TUR,6504
2183237,4,224,1384,2017,0.0,3463.0,-0.44769899999999996,-0.17193,ALB,TUR,6504
2183238,7,224,1384,2017,0.0,17129.0,0.210477,0.02557,ARE,TUR,6504
2183239,15,224,1384,2017,0.0,4776.0,1.728623,-0.031045999999999997,AUT,TUR,6504
2183240,16,224,1384,2017,0.0,18761.0,-1.022455,-1.199225,AZE,TUR,6504
2183241,22,224,1384,2017,0.0,5001.0,-1.016251,-0.987654,BGD,TUR,6504
2183242,23,224,1384,2017,0.0,5392.0,0.557843,1.7221119999999999,BGR,TUR,6504
2183243,24,224,1384,2017,0.0,7663.0,0.485479,-0.5348890000000001,BHR,TUR,6504
2183244,26,224,1384,2017,0.0,3145.0,0.43245,0.726721,BIH,TUR,6504
2183245,28,224,1384,2017,0.0,12541.0,0.8115829999999999,0.8323459999999999,BLR,TUR,6504
2183246,39,224,1384,2017,2120.0,0.0,0.73897,1.206402,CAN,TUR,6504
2183247,41,224,1384,2017,2644.0,0.0,2.2557810000000003,0.845459,CHE,TUR,6504
2183248,43,224,1384,2017,3723884.0,0.0,1.1127790000000002,1.56869,CHN,TUR,6504
2183249,44,224,1384,2017,0.0,4474.0,-0.784119,-0.904135,CIV,TUR,6504
2183250,58,224,1384,2017,0.0,23866.0,0.576982,0.279989,CYP,TUR,6504
2183251,59,224,1384,2017,0.0,14243.0,1.7715130000000001,0.359668,CZE,TUR,6504
2183252,61,224,1384,2017,6421.0,17756.0,2.1149459999999998,-2.525372,DEU,TUR,6504
2183253,64,224,1384,2017,0.0,3866.0,1.159753,1.233914,DNK,TUR,6504
2183254,66,224,1384,2017,0.0,19306.0,-0.9905579999999999,-1.1996200000000001,DZA,TUR,6504
2183255,67,224,1384,2017,27263.0,0.0,-0.9995850000000001,-1.086367,ECU,TUR,6504
2183256,68,224,1384,2017,0.0,35880.0,-0.073436,1.829121,EGY,TUR,6504
2183257,71,224,1384,2017,99330.0,979949.0,0.734342,2.8180099999999997,ESP,TUR,6504
2183258,74,224,1384,2017,0.0,5443.0,1.655957,0.962485,FIN,TUR,6504
2183259,77,224,1384,2017,8663.0,8655.0,1.398427,0.894732,FRA,TUR,6504
2183260,81,224,1384,2017,113895.0,12377.0,1.6883119999999998,0.8347469999999999,GBR,TUR,6504
2183261,82,224,1384,2017,0.0,9108.0,-0.241749,-0.374727,GEO,TUR,6504
2183262,97,224,1384,2017,1689.0,0.0,0.824982,1.7162220000000001,HKG,TUR,6504
2183263,100,224,1384,2017,0.0,1249.0,0.860825,1.365445,HRV,TUR,6504
2183264,103,224,1384,2017,0.0,651.0,-0.23641700000000002,1.188173,IDN,TUR,6504
2183265,104,224,1384,2017,17456.0,13745.0,0.290576,2.726391,IND,TUR,6504
2183266,106,224,1384,2017,0.0,28990.0,1.363544,0.169211,IRL,TUR,6504
2183267,107,224,1384,2017,0.0,28253.0,-0.361292,-0.361813,IRN,TUR,6504
2183268,108,224,1384,2017,0.0,28795.0,-1.515339,-0.9462950000000001,IRQ,TUR,6504
2183269,110,224,1384,2017,0.0,20402.0,1.436156,0.776574,ISR,TUR,6504
2183270,111,224,1384,2017,115948.0,6123.0,1.34395,0.577693,ITA,TUR,6504
2183271,113,224,1384,2017,0.0,2324.0,0.020035,0.295415,JOR,TUR,6504
2183272,114,224,1384,2017,2394.0,0.0,2.4510419999999997,-0.277357,JPN,TUR,6504
2183273,115,224,1384,2017,0.0,33296.0,-0.394316,-0.5485979999999999,KAZ,TUR,6504
2183274,116,224,1384,2017,0.0,1082.0,-0.579541,0.511926,KEN,TUR,6504
2183275,117,224,1384,2017,0.0,1213.0,-0.11530599999999999,0.264752,KGZ,TUR,6504
2183276,121,224,1384,2017,1762.0,1827.0,2.011263,0.783215,KOR,TUR,6504
2183277,122,224,1384,2017,0.0,18461.0,-0.229821,-1.128482,KWT,TUR,6504
2183278,124,224,1384,2017,0.0,3642.0,0.266847,1.117621,LBN,TUR,6504
2183279,126,224,1384,2017,0.0,3784.0,-1.156635,-1.212561,LBY,TUR,6504
2183280,134,224,1384,2017,0.0,27336.0,-0.757236,-0.065347,MAR,TUR,6504
2183281,135,224,1384,2017,0.0,1600.0,-0.24909,-0.181213,MDA,TUR,6504
2183282,140,224,1384,2017,0.0,6229.0,-0.0292,-0.377156,MKD,TUR,6504
2183283,144,224,1384,2017,0.0,16077.0,0.201739,-0.23111399999999999,MNE,TUR,6504
2183284,153,224,1384,2017,0.0,1349.0,1.0110139999999999,0.6840729999999999,MYS,TUR,6504
2183285,159,224,1384,2017,0.0,2670.0,-1.8260919999999998,-1.276591,NGA,TUR,6504
2183286,162,224,1384,2017,1838.0,15112.0,1.146959,1.470869,NLD,TUR,6504
2183287,163,224,1384,2017,0.0,7472.0,0.73658,0.11450199999999999,NOR,TUR,6504
2183288,167,224,1384,2017,0.0,1912.0,-0.347684,-0.884569,OMN,TUR,6504
2183289,174,224,1384,2017,1010.0,0.0,0.657759,0.170061,PHL,TUR,6504
2183290,177,224,1384,2017,0.0,5228.0,1.197417,1.092716,POL,TUR,6504
2183291,181,224,1384,2017,0.0,483.0,0.11852,0.609241,PSE,TUR,6504
2183292,183,224,1384,2017,0.0,9866.0,-0.361327,-1.066869,QAT,TUR,6504
2183293,185,224,1384,2017,2626.0,20148.0,1.05479,0.9842219999999999,ROU,TUR,6504
2183294,186,224,1384,2017,0.0,15250.0,0.32885,0.288392,RUS,TUR,6504
2183295,188,224,1384,2017,0.0,31007.0,0.597716,-0.345049,SAU,TUR,6504
2183296,201,224,1384,2017,0.0,11484.0,0.541644,1.19872,SRB,TUR,6504
2183297,207,224,1384,2017,0.0,2682.0,1.600319,0.854305,SVN,TUR,6504
2183298,212,224,1384,2017,0.0,1784.0,-0.660905,0.345462,SYR,TUR,6504
2183299,219,224,1384,2017,0.0,1112.0,-1.564885,-1.274637,TKM,TUR,6504
2183300,223,224,1384,2017,0.0,1614.0,0.224119,0.961772,TUN,TUR,6504
2183301,228,224,1384,2017,0.0,8634.0,0.461109,0.7826569999999999,UKR,TUR,6504
2183302,231,224,1384,2017,14233.0,1468.0,1.601478,0.277271,USA,TUR,6504
2183303,236,224,1384,2017,6809.0,0.0,-0.8874559999999999,-1.178752,VEN,TUR,6504
2183304,239,224,1384,2017,3109.0,0.0,-0.009819,0.686429,VNM,TUR,6504
2183305,246,224,1384,2017,0.0,1451.0,0.2066,1.378591,ZAF,TUR,6504
2183306,249,224,1384,2017,1059.0,0.0,2.0548290000000002,1.2552969999999999,TWN,TUR,6504
2183307,250,224,1384,2017,0.0,2856.0,0.72523,-0.205046,ANS,TUR,6504
2183308,7,228,1384,2017,0.0,1881.0,0.210477,0.02557,ARE,UKR,6504
2183309,43,228,1384,2017,244503.0,0.0,1.1127790000000002,1.56869,CHN,UKR,6504
2183310,61,228,1384,2017,20786.0,0.0,2.1149459999999998,-2.525372,DEU,UKR,6504
2183311,71,228,1384,2017,14143.0,0.0,0.734342,2.8180099999999997,ESP,UKR,6504
2183312,72,228,1384,2017,958.0,0.0,1.010985,1.289633,EST,UKR,6504
2183313,77,228,1384,2017,1267.0,0.0,1.398427,0.894732,FRA,UKR,6504
2183314,81,228,1384,2017,18508.0,3083.0,1.6883119999999998,0.8347469999999999,GBR,UKR,6504
2183315,111,228,1384,2017,28761.0,0.0,1.34395,0.577693,ITA,UKR,6504
2183316,122,228,1384,2017,0.0,939.0,-0.229821,-1.128482,KWT,UKR,6504
2183317,136,228,1384,2017,1451.0,0.0,-1.277182,-0.6503399999999999,MDG,UKR,6504
2183318,177,228,1384,2017,51612.0,0.0,1.197417,1.092716,POL,UKR,6504
2183319,185,228,1384,2017,0.0,8628.0,1.05479,0.9842219999999999,ROU,UKR,6504
2183320,186,228,1384,2017,18516.0,0.0,0.32885,0.288392,RUS,UKR,6504
2183321,224,228,1384,2017,8634.0,0.0,0.541611,2.405872,TUR,UKR,6504
2183322,8,230,1384,2017,1596.0,0.0,-0.120753,0.233375,ARG,URY,6504
2183323,32,230,1384,2017,10105.0,0.0,0.145224,0.483461,BRA,URY,6504
2183324,43,230,1384,2017,111829.0,0.0,1.1127790000000002,1.56869,CHN,URY,6504
2183325,67,230,1384,2017,42764.0,0.0,-0.9995850000000001,-1.086367,ECU,URY,6504
2183326,71,230,1384,2017,4913.0,0.0,0.734342,2.8180099999999997,ESP,URY,6504
2183327,103,230,1384,2017,1654.0,0.0,-0.23641700000000002,1.188173,IDN,URY,6504
2183328,111,230,1384,2017,1712.0,0.0,1.34395,0.577693,ITA,URY,6504
2183329,162,230,1384,2017,0.0,991.0,1.146959,1.470869,NLD,URY,6504
2183330,169,230,1384,2017,1159.0,0.0,0.5520109999999999,0.788181,PAN,URY,6504
2183331,231,230,1384,2017,44369.0,0.0,1.601478,0.277271,USA,URY,6504
2183332,249,230,1384,2017,9336.0,0.0,2.0548290000000002,1.2552969999999999,TWN,URY,6504
2183333,0,231,1384,2017,0.0,61242.0,0.845843,0.165178,ABW,USA,6504
2183334,1,231,1384,2017,0.0,94355.0,-1.147348,-0.886799,AFG,USA,6504
2183335,2,231,1384,2017,0.0,3063.0,-1.408777,-1.215475,AGO,USA,6504
2183336,3,231,1384,2017,0.0,3511.0,1.0311569999999999,-0.098749,AIA,USA,6504
2183337,7,231,1384,2017,7388.0,46279.0,0.210477,0.02557,ARE,USA,6504
2183338,8,231,1384,2017,0.0,33729.0,-0.120753,0.233375,ARG,USA,6504
2183339,13,231,1384,2017,0.0,46180.0,0.42561099999999996,-0.42671099999999995,ATG,USA,6504
2183340,14,231,1384,2017,44160.0,748390.0,-0.42427200000000004,-0.152921,AUS,USA,6504
2183341,15,231,1384,2017,11944.0,8835.0,1.728623,-0.031045999999999997,AUT,USA,6504
2183342,18,231,1384,2017,5677.0,26175.0,1.292657,1.19571,BEL,USA,6504
2183343,22,231,1384,2017,71188.0,0.0,-1.016251,-0.987654,BGD,USA,6504
2183344,23,231,1384,2017,4568.0,0.0,0.557843,1.7221119999999999,BGR,USA,6504
2183345,24,231,1384,2017,0.0,8744.0,0.485479,-0.5348890000000001,BHR,USA,6504
2183346,25,231,1384,2017,0.0,98056.0,0.81944,-0.30649499999999996,BHS,USA,6504
2183347,29,231,1384,2017,0.0,19809.0,-0.284062,-0.711108,BLZ,USA,6504
2183348,30,231,1384,2017,1619.0,62232.0,1.06318,-0.48345,BMU,USA,6504
2183349,32,231,1384,2017,23076.0,90905.0,0.145224,0.483461,BRA,USA,6504
2183350,33,231,1384,2017,230630.0,27903.0,0.589793,-0.004488000000000001,BRB,USA,6504
2183351,34,231,1384,2017,0.0,2138.0,0.270525,-0.747949,BRN,USA,6504
2183352,37,231,1384,2017,0.0,4194.0,-0.593754,-1.166742,BWA,USA,6504
2183353,39,231,1384,2017,272231.0,3402116.0,0.73897,1.206402,CAN,USA,6504
2183354,41,231,1384,2017,17803.0,15695.0,2.2557810000000003,0.845459,CHE,USA,6504
2183355,42,231,1384,2017,0.0,67408.0,-0.378693,-0.492983,CHL,USA,6504
2183356,43,231,1384,2017,60580124.0,388292.0,1.1127790000000002,1.56869,CHN,USA,6504
2183357,49,231,1384,2017,642747.0,31573.0,0.208096,-0.17644300000000002,COL,USA,6504
2183358,52,231,1384,2017,0.0,21836.0,0.288642,-0.056219000000000005,CRI,USA,6504
2183359,55,231,1384,2017,0.0,15049.0,0.161139,-0.591701,CUW,USA,6504
2183360,57,231,1384,2017,0.0,88363.0,1.105397,-0.794764,CYM,USA,6504
2183361,58,231,1384,2017,21489.0,2428.0,0.576982,0.279989,CYP,USA,6504
2183362,59,231,1384,2017,0.0,3178.0,1.7715130000000001,0.359668,CZE,USA,6504
2183363,61,231,1384,2017,74041.0,255811.0,2.1149459999999998,-2.525372,DEU,USA,6504
2183364,64,231,1384,2017,2052.0,54216.0,1.159753,1.233914,DNK,USA,6504
2183365,65,231,1384,2017,26264.0,204110.0,-0.168016,0.30840100000000004,DOM,USA,6504
2183366,67,231,1384,2017,915967.0,22769.0,-0.9995850000000001,-1.086367,ECU,USA,6504
2183367,68,231,1384,2017,0.0,4737.0,-0.073436,1.829121,EGY,USA,6504
2183368,71,231,1384,2017,410728.0,18566.0,0.734342,2.8180099999999997,ESP,USA,6504
2183369,72,231,1384,2017,13935.0,2336.0,1.010985,1.289633,EST,USA,6504
2183370,73,231,1384,2017,0.0,930.0,-1.007413,-0.638231,ETH,USA,6504
2183371,74,231,1384,2017,5659.0,14966.0,1.655957,0.962485,FIN,USA,6504
2183372,75,231,1384,2017,0.0,13283.0,-0.278276,-0.033997,FJI,USA,6504
2183373,77,231,1384,2017,284025.0,210292.0,1.398427,0.894732,FRA,USA,6504
2183374,81,231,1384,2017,335070.0,1097723.0,1.6883119999999998,0.8347469999999999,GBR,USA,6504
2183375,83,231,1384,2017,28526.0,3426.0,-0.929143,-0.811439,GHA,USA,6504
2183376,90,231,1384,2017,5168.0,18627.0,0.154098,1.151038,GRC,USA,6504
2183377,91,231,1384,2017,0.0,10891.0,0.384656,-0.317098,GRD,USA,6504
2183378,93,231,1384,2017,480114.0,14361.0,-0.418538,0.557454,GTM,USA,6504
2183379,96,231,1384,2017,0.0,3806.0,-0.703271,-0.898648,GUY,USA,6504
2183380,97,231,1384,2017,200896.0,156784.0,0.824982,1.7162220000000001,HKG,USA,6504
2183381,99,231,1384,2017,36762.0,5392.0,-0.6335689999999999,-0.334201,HND,USA,6504
2183382,101,231,1384,2017,8788.0,8733.0,-1.0089219999999999,-0.946722,HTI,USA,6504
2183383,103,231,1384,2017,4012.0,8303.0,-0.23641700000000002,1.188173,IDN,USA,6504
2183384,104,231,1384,2017,87723.0,1008.0,0.290576,2.726391,IND,USA,6504
2183385,106,231,1384,2017,5710.0,13806.0,1.363544,0.169211,IRL,USA,6504
2183386,108,231,1384,2017,0.0,11316.0,-1.515339,-0.9462950000000001,IRQ,USA,6504
2183387,109,231,1384,2017,0.0,3746.0,0.386094,-0.277269,ISL,USA,6504
2183388,110,231,1384,2017,95805.0,17263.0,1.436156,0.776574,ISR,USA,6504
2183389,111,231,1384,2017,1216792.0,95741.0,1.34395,0.577693,ITA,USA,6504
2183390,112,231,1384,2017,1791.0,67129.0,-0.497654,-0.76481,JAM,USA,6504
2183391,114,231,1384,2017,58046.0,4938372.0,2.4510419999999997,-0.277357,JPN,USA,6504
2183392,115,231,1384,2017,0.0,5292.0,-0.394316,-0.5485979999999999,KAZ,USA,6504
2183393,118,231,1384,2017,529406.0,0.0,-0.656325,-0.622167,KHM,USA,6504
2183394,120,231,1384,2017,0.0,19821.0,0.781625,-0.405177,KNA,USA,6504
2183395,121,231,1384,2017,6374.0,414586.0,2.011263,0.783215,KOR,USA,6504
2183396,122,231,1384,2017,0.0,96779.0,-0.229821,-1.128482,KWT,USA,6504
2183397,124,231,1384,2017,0.0,21160.0,0.266847,1.117621,LBN,USA,6504
2183398,127,231,1384,2017,7416.0,2740.0,0.458896,-0.149195,LCA,USA,6504
2183399,128,231,1384,2017,1076552.0,46843.0,-0.46442799999999995,0.472132,LKA,USA,6504
2183400,130,231,1384,2017,2950.0,3044.0,0.855858,1.447717,LTU,USA,6504
2183401,131,231,1384,2017,8134.0,767.0,1.24064,1.298263,LUX,USA,6504
2183402,132,231,1384,2017,1546.0,0.0,0.684555,1.3208030000000002,LVA,USA,6504
2183403,134,231,1384,2017,5973.0,0.0,-0.757236,-0.065347,MAR,USA,6504
2183404,136,231,1384,2017,166211.0,0.0,-1.277182,-0.6503399999999999,MDG,USA,6504
2183405,137,231,1384,2017,0.0,2848.0,-1.100027,-0.9779479999999999,MDV,USA,6504
2183406,138,231,1384,2017,15454955.0,811609.0,1.08871,0.5745279999999999,MEX,USA,6504
2183407,140,231,1384,2017,0.0,1906.0,-0.0292,-0.377156,MKD,USA,6504
2183408,144,231,1384,2017,0.0,1205.0,0.201739,-0.23111399999999999,MNE,USA,6504
2183409,145,231,1384,2017,0.0,3096.0,-0.933737,-1.1195620000000002,MNG,USA,6504
2183410,153,231,1384,2017,0.0,22607.0,1.0110139999999999,0.6840729999999999,MYS,USA,6504
2183411,155,231,1384,2017,0.0,5349.0,-0.5221060000000001,-0.7365079999999999,NAM,USA,6504
2183412,156,231,1384,2017,0.0,9114.0,-0.38216100000000003,-0.8662549999999999,NCL,USA,6504
2183413,159,231,1384,2017,0.0,35686.0,-1.8260919999999998,-1.276591,NGA,USA,6504
2183414,160,231,1384,2017,0.0,42896.0,-1.0502280000000002,-0.8817719999999999,NIC,USA,6504
2183415,162,231,1384,2017,4793.0,730330.0,1.146959,1.470869,NLD,USA,6504
2183416,163,231,1384,2017,6686.0,36532.0,0.73658,0.11450199999999999,NOR,USA,6504
2183417,164,231,1384,2017,5705.0,0.0,-0.319681,0.5788220000000001,NPL,USA,6504
2183418,166,231,1384,2017,0.0,47191.0,0.25651199999999996,0.132996,NZL,USA,6504
2183419,168,231,1384,2017,50408.0,0.0,-0.698561,0.43523500000000004,PAK,USA,6504
2183420,169,231,1384,2017,841.0,69952.0,0.5520109999999999,0.788181,PAN,USA,6504
2183421,173,231,1384,2017,157923.0,208385.0,-0.667658,-0.318344,PER,USA,6504
2183422,174,231,1384,2017,96225.0,6109.0,0.657759,0.170061,PHL,USA,6504
2183423,175,231,1384,2017,0.0,2865.0,0.6076229999999999,-0.559638,PLW,USA,6504
2183424,177,231,1384,2017,15731.0,1436.0,1.197417,1.092716,POL,USA,6504
2183425,179,231,1384,2017,8095.0,6810.0,0.527046,2.264624,PRT,USA,6504
2183426,180,231,1384,2017,0.0,9969.0,-0.437741,-0.9248879999999999,PRY,USA,6504
2183427,182,231,1384,2017,0.0,13666.0,-0.1278,-0.748387,PYF,USA,6504
2183428,183,231,1384,2017,0.0,9338.0,-0.361327,-1.066869,QAT,USA,6504
2183429,185,231,1384,2017,4919.0,1955.0,1.05479,0.9842219999999999,ROU,USA,6504
2183430,186,231,1384,2017,34293.0,29433.0,0.32885,0.288392,RUS,USA,6504
2183431,188,231,1384,2017,0.0,81206.0,0.597716,-0.345049,SAU,USA,6504
2183432,192,231,1384,2017,49930.0,52981.0,1.884166,0.37903600000000004,SGP,USA,6504
2183433,197,231,1384,2017,10829.0,7131.0,0.113639,0.23175199999999999,SLV,USA,6504
2183434,201,231,1384,2017,2027.0,0.0,0.541644,1.19872,SRB,USA,6504
2183435,205,231,1384,2017,0.0,13648.0,-0.596432,-1.0249700000000002,SUR,USA,6504
2183436,206,231,1384,2017,83645.0,2256.0,1.279606,0.85503,SVK,USA,6504
2183437,207,231,1384,2017,2644.0,0.0,1.600319,0.854305,SVN,USA,6504
2183438,208,231,1384,2017,45942.0,46543.0,1.764732,0.732646,SWE,USA,6504
2183439,209,231,1384,2017,0.0,10274.0,0.126066,-0.551203,SWZ,USA,6504
2183440,210,231,1384,2017,0.0,55784.0,0.892698,-0.795854,SXM,USA,6504
2183441,213,231,1384,2017,0.0,50397.0,0.897017,0.219298,TCA,USA,6504
2183442,216,231,1384,2017,746699.0,30595.0,0.983977,1.3926020000000001,THA,USA,6504
2183443,222,231,1384,2017,0.0,8250.0,-0.183935,-1.012153,TTO,USA,6504
2183444,224,231,1384,2017,1468.0,14233.0,0.541611,2.405872,TUR,USA,6504
2183445,230,231,1384,2017,0.0,44369.0,0.16963,-0.403006,URY,USA,6504
2183446,234,231,1384,2017,0.0,2083.0,-0.040273,-0.549452,VCT,USA,6504
2183447,236,231,1384,2017,15284.0,0.0,-0.8874559999999999,-1.178752,VEN,USA,6504
2183448,237,231,1384,2017,0.0,4854.0,0.768,-0.257912,VGB,USA,6504
2183449,239,231,1384,2017,1188627.0,2573.0,-0.009819,0.686429,VNM,USA,6504
2183450,242,231,1384,2017,0.0,1291.0,0.450726,0.050197000000000006,WSM,USA,6504
2183451,246,231,1384,2017,1422.0,23461.0,0.2066,1.378591,ZAF,USA,6504
2183452,249,231,1384,2017,246544.0,94203.0,2.0548290000000002,1.2552969999999999,TWN,USA,6504
2183453,0,236,1384,2017,0.0,12069.0,0.845843,0.165178,ABW,VEN,6504
2183454,43,236,1384,2017,16478.0,0.0,1.1127790000000002,1.56869,CHN,VEN,6504
2183455,61,236,1384,2017,0.0,1091.0,2.1149459999999998,-2.525372,DEU,VEN,6504
2183456,169,236,1384,2017,23650.0,0.0,0.5520109999999999,0.788181,PAN,VEN,6504
2183457,224,236,1384,2017,0.0,6809.0,0.541611,2.405872,TUR,VEN,6504
2183458,231,236,1384,2017,0.0,15284.0,1.601478,0.277271,USA,VEN,6504
2183459,2,246,1384,2017,0.0,14004.0,-1.408777,-1.215475,AGO,ZAF,6504
2183460,7,246,1384,2017,5774.0,3585.0,0.210477,0.02557,ARE,ZAF,6504
2183461,14,246,1384,2017,1660.0,10831.0,-0.42427200000000004,-0.152921,AUS,ZAF,6504
2183462,22,246,1384,2017,6596.0,0.0,-1.016251,-0.987654,BGD,ZAF,6504
2183463,37,246,1384,2017,6741.0,465509.0,-0.593754,-1.166742,BWA,ZAF,6504
2183464,41,246,1384,2017,1575.0,0.0,2.2557810000000003,0.845459,CHE,ZAF,6504
2183465,43,246,1384,2017,3450413.0,0.0,1.1127790000000002,1.56869,CHN,ZAF,6504
2183466,46,246,1384,2017,0.0,7408.0,-1.3960569999999999,-1.126784,COD,ZAF,6504
2183467,61,246,1384,2017,12818.0,0.0,2.1149459999999998,-2.525372,DEU,ZAF,6504
2183468,67,246,1384,2017,46064.0,0.0,-0.9995850000000001,-1.086367,ECU,ZAF,6504
2183469,71,246,1384,2017,7983.0,1253.0,0.734342,2.8180099999999997,ESP,ZAF,6504
2183470,77,246,1384,2017,4885.0,0.0,1.398427,0.894732,FRA,ZAF,6504
2183471,80,246,1384,2017,0.0,2200.0,-1.109612,-1.177577,GAB,ZAF,6504
2183472,81,246,1384,2017,5603.0,22047.0,1.6883119999999998,0.8347469999999999,GBR,ZAF,6504
2183473,83,246,1384,2017,0.0,10135.0,-0.929143,-0.811439,GHA,ZAF,6504
2183474,87,246,1384,2017,0.0,1223.0,-1.161814,-0.9317190000000001,GMB,ZAF,6504
2183475,89,246,1384,2017,0.0,1685.0,-1.735486,-0.9254180000000001,GNQ,ZAF,6504
2183476,97,246,1384,2017,5714.0,0.0,0.824982,1.7162220000000001,HKG,ZAF,6504
2183477,104,246,1384,2017,2988.0,0.0,0.290576,2.726391,IND,ZAF,6504
2183478,111,246,1384,2017,1744.0,0.0,1.34395,0.577693,ITA,ZAF,6504
2183479,116,246,1384,2017,0.0,19140.0,-0.579541,0.511926,KEN,ZAF,6504
2183480,128,246,1384,2017,1382.0,0.0,-0.46442799999999995,0.472132,LKA,ZAF,6504
2183481,129,246,1384,2017,27127.0,189990.0,-0.955398,-0.824111,LSO,ZAF,6504
2183482,136,246,1384,2017,11805.0,0.0,-1.277182,-0.6503399999999999,MDG,ZAF,6504
2183483,138,246,1384,2017,1827.0,0.0,1.08871,0.5745279999999999,MEX,ZAF,6504
2183484,147,246,1384,2017,0.0,110730.0,-1.3882290000000002,-1.114475,MOZ,ZAF,6504
2183485,151,246,1384,2017,0.0,25890.0,-0.156616,0.073153,MUS,ZAF,6504
2183486,152,246,1384,2017,0.0,8781.0,-0.761995,-0.8897729999999999,MWI,ZAF,6504
2183487,155,246,1384,2017,3930.0,859699.0,-0.5221060000000001,-0.7365079999999999,NAM,ZAF,6504
2183488,159,246,1384,2017,0.0,4267.0,-1.8260919999999998,-1.276591,NGA,ZAF,6504
2183489,162,246,1384,2017,4623.0,0.0,1.146959,1.470869,NLD,ZAF,6504
2183490,163,246,1384,2017,1438.0,0.0,0.73658,0.11450199999999999,NOR,ZAF,6504
2183491,174,246,1384,2017,4281.0,0.0,0.657759,0.170061,PHL,ZAF,6504
2183492,188,246,1384,2017,982.0,0.0,0.597716,-0.345049,SAU,ZAF,6504
2183493,191,246,1384,2017,0.0,2739.0,-0.6722899999999999,-0.26522199999999996,SEN,ZAF,6504
2183494,199,246,1384,2017,0.0,4454.0,-1.2313479999999999,-1.063879,SOM,ZAF,6504
2183495,209,246,1384,2017,0.0,144627.0,0.126066,-0.551203,SWZ,ZAF,6504
2183496,211,246,1384,2017,0.0,1154.0,0.41946000000000006,-0.523274,SYC,ZAF,6504
2183497,216,246,1384,2017,986.0,0.0,0.983977,1.3926020000000001,THA,ZAF,6504
2183498,224,246,1384,2017,1451.0,0.0,0.541611,2.405872,TUR,ZAF,6504
2183499,226,246,1384,2017,0.0,13762.0,-1.0691709999999999,0.11636800000000001,TZA,ZAF,6504
2183500,227,246,1384,2017,0.0,2749.0,-0.6831020000000001,-0.046838,UGA,ZAF,6504
2183501,231,246,1384,2017,23461.0,1422.0,1.601478,0.277271,USA,ZAF,6504
2183502,239,246,1384,2017,1963.0,0.0,-0.009819,0.686429,VNM,ZAF,6504
2183503,247,246,1384,2017,0.0,127723.0,-0.8594290000000001,-1.0574459999999999,ZMB,ZAF,6504
2183504,248,246,1384,2017,0.0,21050.0,-1.101402,-1.0831680000000001,ZWE,ZAF,6504
2183505,249,246,1384,2017,2829.0,0.0,2.0548290000000002,1.2552969999999999,TWN,ZAF,6504
2183506,250,246,1384,2017,0.0,1304.0,0.72523,-0.205046,ANS,ZAF,6504
2183507,7,249,1384,2017,0.0,69093.0,0.210477,0.02557,ARE,TWN,6504
2183508,14,249,1384,2017,0.0,3463.0,-0.42427200000000004,-0.152921,AUS,TWN,6504
2183509,15,249,1384,2017,0.0,14557.0,1.728623,-0.031045999999999997,AUT,TWN,6504
2183510,22,249,1384,2017,4077.0,0.0,-1.016251,-0.987654,BGD,TWN,6504
2183511,24,249,1384,2017,0.0,13904.0,0.485479,-0.5348890000000001,BHR,TWN,6504
2183512,29,249,1384,2017,0.0,784.0,-0.284062,-0.711108,BLZ,TWN,6504
2183513,31,249,1384,2017,870.0,0.0,-1.158425,-1.076242,BOL,TWN,6504
2183514,39,249,1384,2017,0.0,15852.0,0.73897,1.206402,CAN,TWN,6504
2183515,41,249,1384,2017,0.0,943.0,2.2557810000000003,0.845459,CHE,TWN,6504
2183516,42,249,1384,2017,0.0,1100.0,-0.378693,-0.492983,CHL,TWN,6504
2183517,43,249,1384,2017,1131300.0,67874.0,1.1127790000000002,1.56869,CHN,TWN,6504
2183518,52,249,1384,2017,0.0,2029.0,0.288642,-0.056219000000000005,CRI,TWN,6504
2183519,58,249,1384,2017,982.0,0.0,0.576982,0.279989,CYP,TWN,6504
2183520,61,249,1384,2017,12962.0,24663.0,2.1149459999999998,-2.525372,DEU,TWN,6504
2183521,67,249,1384,2017,75715.0,0.0,-0.9995850000000001,-1.086367,ECU,TWN,6504
2183522,71,249,1384,2017,28459.0,38433.0,0.734342,2.8180099999999997,ESP,TWN,6504
2183523,74,249,1384,2017,0.0,22338.0,1.655957,0.962485,FIN,TWN,6504
2183524,77,249,1384,2017,16062.0,1234.0,1.398427,0.894732,FRA,TWN,6504
2183525,81,249,1384,2017,17001.0,5724.0,1.6883119999999998,0.8347469999999999,GBR,TWN,6504
2183526,97,249,1384,2017,21991.0,20416.0,0.824982,1.7162220000000001,HKG,TWN,6504
2183527,103,249,1384,2017,4195.0,1824.0,-0.23641700000000002,1.188173,IDN,TWN,6504
2183528,104,249,1384,2017,0.0,2040.0,0.290576,2.726391,IND,TWN,6504
2183529,111,249,1384,2017,17980.0,9628.0,1.34395,0.577693,ITA,TWN,6504
2183530,114,249,1384,2017,13886.0,202496.0,2.4510419999999997,-0.277357,JPN,TWN,6504
2183531,121,249,1384,2017,1604.0,14733.0,2.011263,0.783215,KOR,TWN,6504
2183532,122,249,1384,2017,0.0,29623.0,-0.229821,-1.128482,KWT,TWN,6504
2183533,124,249,1384,2017,0.0,1306.0,0.266847,1.117621,LBN,TWN,6504
2183534,128,249,1384,2017,64038.0,0.0,-0.46442799999999995,0.472132,LKA,TWN,6504
2183535,138,249,1384,2017,0.0,54609.0,1.08871,0.5745279999999999,MEX,TWN,6504
2183536,153,249,1384,2017,0.0,3766.0,1.0110139999999999,0.6840729999999999,MYS,TWN,6504
2183537,155,249,1384,2017,0.0,5446.0,-0.5221060000000001,-0.7365079999999999,NAM,TWN,6504
2183538,162,249,1384,2017,0.0,18270.0,1.146959,1.470869,NLD,TWN,6504
2183539,163,249,1384,2017,0.0,1606.0,0.73658,0.11450199999999999,NOR,TWN,6504
2183540,169,249,1384,2017,0.0,13070.0,0.5520109999999999,0.788181,PAN,TWN,6504
2183541,173,249,1384,2017,0.0,8568.0,-0.667658,-0.318344,PER,TWN,6504
2183542,174,249,1384,2017,4696.0,16347.0,0.657759,0.170061,PHL,TWN,6504
2183543,183,249,1384,2017,0.0,20853.0,-0.361327,-1.066869,QAT,TWN,6504
2183544,188,249,1384,2017,0.0,81107.0,0.597716,-0.345049,SAU,TWN,6504
2183545,192,249,1384,2017,1161.0,2024.0,1.884166,0.37903600000000004,SGP,TWN,6504
2183546,208,249,1384,2017,0.0,9793.0,1.764732,0.732646,SWE,TWN,6504
2183547,216,249,1384,2017,6722.0,5627.0,0.983977,1.3926020000000001,THA,TWN,6504
2183548,224,249,1384,2017,0.0,1059.0,0.541611,2.405872,TUR,TWN,6504
2183549,230,249,1384,2017,0.0,9336.0,0.16963,-0.403006,URY,TWN,6504
2183550,231,249,1384,2017,94203.0,246544.0,1.601478,0.277271,USA,TWN,6504
2183551,239,249,1384,2017,24744.0,0.0,-0.009819,0.686429,VNM,TWN,6504
2183552,246,249,1384,2017,0.0,2829.0,0.2066,1.378591,ZAF,TWN,6504
2183553,250,249,1384,2017,1646.0,0.0,0.72523,-0.205046,ANS,TWN,6504
2183554,0,250,1384,2017,0.0,15499.0,0.845843,0.165178,ABW,ANS,6504
2183555,13,250,1384,2017,13822.0,0.0,0.42561099999999996,-0.42671099999999995,ATG,ANS,6504
2183556,14,250,1384,2017,10931.0,0.0,-0.42427200000000004,-0.152921,AUS,ANS,6504
2183557,25,250,1384,2017,0.0,2801.0,0.81944,-0.30649499999999996,BHS,ANS,6504
2183558,42,250,1384,2017,2118.0,43371.0,-0.378693,-0.492983,CHL,ANS,6504
2183559,49,250,1384,2017,28892.0,0.0,0.208096,-0.17644300000000002,COL,ANS,6504
2183560,65,250,1384,2017,12490.0,33562.0,-0.168016,0.30840100000000004,DOM,ANS,6504
2183561,71,250,1384,2017,0.0,1053.0,0.734342,2.8180099999999997,ESP,ANS,6504
2183562,77,250,1384,2017,0.0,161276.0,1.398427,0.894732,FRA,ANS,6504
2183563,104,250,1384,2017,0.0,1607.0,0.290576,2.726391,IND,ANS,6504
2183564,106,250,1384,2017,5197.0,1088.0,1.363544,0.169211,IRL,ANS,6504
2183565,111,250,1384,2017,1130.0,0.0,1.34395,0.577693,ITA,ANS,6504
2183566,124,250,1384,2017,1240.0,0.0,0.266847,1.117621,LBN,ANS,6504
2183567,127,250,1384,2017,0.0,1969.0,0.458896,-0.149195,LCA,ANS,6504
2183568,131,250,1384,2017,0.0,1916.0,1.24064,1.298263,LUX,ANS,6504
2183569,132,250,1384,2017,7959.0,0.0,0.684555,1.3208030000000002,LVA,ANS,6504
2183570,136,250,1384,2017,0.0,2207.0,-1.277182,-0.6503399999999999,MDG,ANS,6504
2183571,138,250,1384,2017,22955.0,0.0,1.08871,0.5745279999999999,MEX,ANS,6504
2183572,140,250,1384,2017,2.0,0.0,-0.0292,-0.377156,MKD,ANS,6504
2183573,144,250,1384,2017,4487.0,0.0,0.201739,-0.23111399999999999,MNE,ANS,6504
2183574,162,250,1384,2017,16636.0,0.0,1.146959,1.470869,NLD,ANS,6504
2183575,169,250,1384,2017,217115.0,12039.0,0.5520109999999999,0.788181,PAN,ANS,6504
2183576,177,250,1384,2017,0.0,2024.0,1.197417,1.092716,POL,ANS,6504
2183577,183,250,1384,2017,0.0,12261.0,-0.361327,-1.066869,QAT,ANS,6504
2183578,185,250,1384,2017,7596.0,0.0,1.05479,0.9842219999999999,ROU,ANS,6504
2183579,186,250,1384,2017,3040.0,0.0,0.32885,0.288392,RUS,ANS,6504
2183580,190,250,1384,2017,0.0,14.0,-1.567691,-1.257164,SDN,ANS,6504
2183581,206,250,1384,2017,0.0,2401.0,1.279606,0.85503,SVK,ANS,6504
2183582,216,250,1384,2017,0.0,1525.0,0.983977,1.3926020000000001,THA,ANS,6504
2183583,224,250,1384,2017,2856.0,0.0,0.541611,2.405872,TUR,ANS,6504
2183584,239,250,1384,2017,5662.0,3641.0,-0.009819,0.686429,VNM,ANS,6504
2183585,246,250,1384,2017,1304.0,0.0,0.2066,1.378591,ZAF,ANS,6504
2183586,249,250,1384,2017,0.0,1646.0,2.0548290000000002,1.2552969999999999,TWN,ANS,6504
2183587,1,14,1384,2017,1488.0,0.0,-1.147348,-0.886799,AFG,AUS,6504
2183588,7,14,1384,2017,6085.0,1901.0,0.210477,0.02557,ARE,AUS,6504
2183589,15,14,1384,2017,8142.0,0.0,1.728623,-0.031045999999999997,AUT,AUS,6504
2183590,18,14,1384,2017,4384.0,0.0,1.292657,1.19571,BEL,AUS,6504
2183591,22,14,1384,2017,26917.0,0.0,-1.016251,-0.987654,BGD,AUS,6504
2183592,39,14,1384,2017,7431.0,1077.0,0.73897,1.206402,CAN,AUS,6504
2183593,41,14,1384,2017,1961.0,0.0,2.2557810000000003,0.845459,CHE,AUS,6504
2183594,42,14,1384,2017,0.0,8397.0,-0.378693,-0.492983,CHL,AUS,6504
2183595,43,14,1384,2017,10202701.0,13064.0,1.1127790000000002,1.56869,CHN,AUS,6504
2183596,48,14,1384,2017,0.0,1656.0,0.154051,-0.74144,COK,AUS,6504
2183597,49,14,1384,2017,2966.0,0.0,0.208096,-0.17644300000000002,COL,AUS,6504
2183598,58,14,1384,2017,2919.0,0.0,0.576982,0.279989,CYP,AUS,6504
2183599,59,14,1384,2017,1016.0,0.0,1.7715130000000001,0.359668,CZE,AUS,6504
2183600,61,14,1384,2017,21450.0,27321.0,2.1149459999999998,-2.525372,DEU,AUS,6504
2183601,67,14,1384,2017,140282.0,0.0,-0.9995850000000001,-1.086367,ECU,AUS,6504
2183602,71,14,1384,2017,19582.0,953.0,0.734342,2.8180099999999997,ESP,AUS,6504
2183603,72,14,1384,2017,2071.0,0.0,1.010985,1.289633,EST,AUS,6504
2183604,75,14,1384,2017,1661.0,19176.0,-0.278276,-0.033997,FJI,AUS,6504
2183605,77,14,1384,2017,146389.0,35085.0,1.398427,0.894732,FRA,AUS,6504
2183606,81,14,1384,2017,237155.0,16486.0,1.6883119999999998,0.8347469999999999,GBR,AUS,6504
2183607,83,14,1384,2017,1251.0,2982.0,-0.929143,-0.811439,GHA,AUS,6504
2183608,90,14,1384,2017,1121.0,0.0,0.154098,1.151038,GRC,AUS,6504
2183609,93,14,1384,2017,3735.0,0.0,-0.418538,0.557454,GTM,AUS,6504
2183610,97,14,1384,2017,51283.0,4031.0,0.824982,1.7162220000000001,HKG,AUS,6504
2183611,99,14,1384,2017,1807.0,0.0,-0.6335689999999999,-0.334201,HND,AUS,6504
2183612,103,14,1384,2017,148120.0,1300.0,-0.23641700000000002,1.188173,IDN,AUS,6504
2183613,104,14,1384,2017,49965.0,0.0,0.290576,2.726391,IND,AUS,6504
2183614,111,14,1384,2017,219495.0,1066.0,1.34395,0.577693,ITA,AUS,6504
2183615,113,14,1384,2017,3663.0,0.0,0.020035,0.295415,JOR,AUS,6504
2183616,114,14,1384,2017,2506.0,1135.0,2.4510419999999997,-0.277357,JPN,AUS,6504
2183617,118,14,1384,2017,24455.0,0.0,-0.656325,-0.622167,KHM,AUS,6504
2183618,121,14,1384,2017,1846.0,25970.0,2.011263,0.783215,KOR,AUS,6504
2183619,128,14,1384,2017,985511.0,1743.0,-0.46442799999999995,0.472132,LKA,AUS,6504
2183620,131,14,1384,2017,886.0,0.0,1.24064,1.298263,LUX,AUS,6504
2183621,136,14,1384,2017,45889.0,0.0,-1.277182,-0.6503399999999999,MDG,AUS,6504
2183622,138,14,1384,2017,154571.0,0.0,1.08871,0.5745279999999999,MEX,AUS,6504
2183623,153,14,1384,2017,0.0,1460.0,1.0110139999999999,0.6840729999999999,MYS,AUS,6504
2183624,156,14,1384,2017,0.0,27027.0,-0.38216100000000003,-0.8662549999999999,NCL,AUS,6504
2183625,162,14,1384,2017,0.0,37922.0,1.146959,1.470869,NLD,AUS,6504
2183626,163,14,1384,2017,0.0,4746.0,0.73658,0.11450199999999999,NOR,AUS,6504
2183627,166,14,1384,2017,11789.0,79573.0,0.25651199999999996,0.132996,NZL,AUS,6504
2183628,168,14,1384,2017,6494.0,0.0,-0.698561,0.43523500000000004,PAK,AUS,6504
2183629,173,14,1384,2017,4916.0,0.0,-0.667658,-0.318344,PER,AUS,6504
2183630,174,14,1384,2017,37867.0,0.0,0.657759,0.170061,PHL,AUS,6504
2183631,176,14,1384,2017,0.0,69315.0,-1.788834,-1.267126,PNG,AUS,6504
2183632,177,14,1384,2017,2466.0,0.0,1.197417,1.092716,POL,AUS,6504
2183633,179,14,1384,2017,1355.0,0.0,0.527046,2.264624,PRT,AUS,6504
2183634,182,14,1384,2017,0.0,16677.0,-0.1278,-0.748387,PYF,AUS,6504
2183635,185,14,1384,2017,1307.0,0.0,1.05479,0.9842219999999999,ROU,AUS,6504
2183636,192,14,1384,2017,68703.0,7152.0,1.884166,0.37903600000000004,SGP,AUS,6504
2183637,195,14,1384,2017,0.0,1629.0,-1.153846,-0.971255,SLB,AUS,6504
2183638,208,14,1384,2017,2535.0,13030.0,1.764732,0.732646,SWE,AUS,6504
2183639,216,14,1384,2017,7303.0,32854.0,0.983977,1.3926020000000001,THA,AUS,6504
2183640,226,14,1384,2017,0.0,868.0,-1.0691709999999999,0.11636800000000001,TZA,AUS,6504
2183641,231,14,1384,2017,748390.0,44160.0,1.601478,0.277271,USA,AUS,6504
2183642,239,14,1384,2017,383043.0,0.0,-0.009819,0.686429,VNM,AUS,6504
2183643,240,14,1384,2017,0.0,1781.0,-1.223329,-1.005357,VUT,AUS,6504
2183644,246,14,1384,2017,10831.0,1660.0,0.2066,1.378591,ZAF,AUS,6504
2183645,249,14,1384,2017,3463.0,0.0,2.0548290000000002,1.2552969999999999,TWN,AUS,6504
2183646,250,14,1384,2017,0.0,10931.0,0.72523,-0.205046,ANS,AUS,6504
2183647,7,16,1384,2017,6072.0,0.0,0.210477,0.02557,ARE,AZE,6504
2183648,43,16,1384,2017,19245.0,0.0,1.1127790000000002,1.56869,CHN,AZE,6504
2183649,61,16,1384,2017,4801.0,0.0,2.1149459999999998,-2.525372,DEU,AZE,6504
2183650,71,16,1384,2017,3522.0,0.0,0.734342,2.8180099999999997,ESP,AZE,6504
2183651,81,16,1384,2017,2411.0,0.0,1.6883119999999998,0.8347469999999999,GBR,AZE,6504
2183652,108,16,1384,2017,0.0,3609.0,-1.515339,-0.9462950000000001,IRQ,AZE,6504
2183653,111,16,1384,2017,7999.0,0.0,1.34395,0.577693,ITA,AZE,6504
2183654,168,16,1384,2017,8055.0,0.0,-0.698561,0.43523500000000004,PAK,AZE,6504
2183655,186,16,1384,2017,2288.0,0.0,0.32885,0.288392,RUS,AZE,6504
2183656,224,16,1384,2017,18761.0,0.0,0.541611,2.405872,TUR,AZE,6504
2183657,7,24,1384,2017,314169.0,3015.0,0.210477,0.02557,ARE,BHR,6504
2183658,22,24,1384,2017,24067.0,0.0,-1.016251,-0.987654,BGD,BHR,6504
2183659,23,24,1384,2017,3564.0,0.0,0.557843,1.7221119999999999,BGR,BHR,6504
2183660,43,24,1384,2017,19029.0,0.0,1.1127790000000002,1.56869,CHN,BHR,6504
2183661,71,24,1384,2017,6734.0,0.0,0.734342,2.8180099999999997,ESP,BHR,6504
2183662,77,24,1384,2017,2706.0,0.0,1.398427,0.894732,FRA,BHR,6504
2183663,81,24,1384,2017,1262.0,0.0,1.6883119999999998,0.8347469999999999,GBR,BHR,6504
2183664,93,24,1384,2017,2780.0,0.0,-0.418538,0.557454,GTM,BHR,6504
2183665,97,24,1384,2017,1075.0,0.0,0.824982,1.7162220000000001,HKG,BHR,6504
2183666,103,24,1384,2017,2569.0,0.0,-0.23641700000000002,1.188173,IDN,BHR,6504
2183667,104,24,1384,2017,12651.0,0.0,0.290576,2.726391,IND,BHR,6504
2183668,111,24,1384,2017,3455.0,0.0,1.34395,0.577693,ITA,BHR,6504
2183669,118,24,1384,2017,11198.0,0.0,-0.656325,-0.622167,KHM,BHR,6504
2183670,121,24,1384,2017,1872.0,0.0,2.011263,0.783215,KOR,BHR,6504
2183671,128,24,1384,2017,4157.0,0.0,-0.46442799999999995,0.472132,LKA,BHR,6504
2183672,134,24,1384,2017,1024.0,0.0,-0.757236,-0.065347,MAR,BHR,6504
2183673,138,24,1384,2017,11100.0,0.0,1.08871,0.5745279999999999,MEX,BHR,6504
2183674,143,24,1384,2017,1629.0,0.0,-1.051544,-0.419183,MMR,BHR,6504
2183675,168,24,1384,2017,6858.0,0.0,-0.698561,0.43523500000000004,PAK,BHR,6504
2183676,174,24,1384,2017,9994.0,0.0,0.657759,0.170061,PHL,BHR,6504
2183677,188,24,1384,2017,27300.0,89545.0,0.597716,-0.345049,SAU,BHR,6504
2183678,216,24,1384,2017,9677.0,0.0,0.983977,1.3926020000000001,THA,BHR,6504
2183679,224,24,1384,2017,7663.0,0.0,0.541611,2.405872,TUR,BHR,6504
2183680,231,24,1384,2017,8744.0,0.0,1.601478,0.277271,USA,BHR,6504
2183681,239,24,1384,2017,6422.0,0.0,-0.009819,0.686429,VNM,BHR,6504
2183682,249,24,1384,2017,13904.0,0.0,2.0548290000000002,1.2552969999999999,TWN,BHR,6504
2183683,43,26,1384,2017,27388.0,0.0,1.1127790000000002,1.56869,CHN,BIH,6504
2183684,61,26,1384,2017,3587.0,1830.0,2.1149459999999998,-2.525372,DEU,BIH,6504
2183685,71,26,1384,2017,3716.0,0.0,0.734342,2.8180099999999997,ESP,BIH,6504
2183686,77,26,1384,2017,0.0,101495.0,1.398427,0.894732,FRA,BIH,6504
2183687,100,26,1384,2017,2288.0,0.0,0.860825,1.365445,HRV,BIH,6504
2183688,111,26,1384,2017,0.0,106603.0,1.34395,0.577693,ITA,BIH,6504
2183689,162,26,1384,2017,1028.0,0.0,1.146959,1.470869,NLD,BIH,6504
2183690,201,26,1384,2017,2827.0,0.0,0.541644,1.19872,SRB,BIH,6504
2183691,207,26,1384,2017,1748.0,0.0,1.600319,0.854305,SVN,BIH,6504
2183692,224,26,1384,2017,3145.0,0.0,0.541611,2.405872,TUR,BIH,6504
2183693,43,28,1384,2017,26484.0,0.0,1.1127790000000002,1.56869,CHN,BLR,6504
2183694,61,28,1384,2017,2265.0,0.0,2.1149459999999998,-2.525372,DEU,BLR,6504
2183695,111,28,1384,2017,1716.0,0.0,1.34395,0.577693,ITA,BLR,6504
2183696,130,28,1384,2017,1988.0,0.0,0.855858,1.447717,LTU,BLR,6504
2183697,186,28,1384,2017,56641.0,25736.0,0.32885,0.288392,RUS,BLR,6504
2183698,224,28,1384,2017,12541.0,0.0,0.541611,2.405872,TUR,BLR,6504
2183699,32,31,1384,2017,5933.0,0.0,0.145224,0.483461,BRA,BOL,6504
2183700,41,31,1384,2017,0.0,956.0,2.2557810000000003,0.845459,CHE,BOL,6504
2183701,42,31,1384,2017,230474.0,0.0,-0.378693,-0.492983,CHL,BOL,6504
2183702,43,31,1384,2017,31504.0,0.0,1.1127790000000002,1.56869,CHN,BOL,6504
2183703,67,31,1384,2017,894.0,0.0,-0.9995850000000001,-1.086367,ECU,BOL,6504
2183704,103,31,1384,2017,685.0,0.0,-0.23641700000000002,1.188173,IDN,BOL,6504
2183705,138,31,1384,2017,28505.0,0.0,1.08871,0.5745279999999999,MEX,BOL,6504
2183706,180,31,1384,2017,0.0,1158.0,-0.437741,-0.9248879999999999,PRY,BOL,6504
2183707,239,31,1384,2017,10463.0,0.0,-0.009819,0.686429,VNM,BOL,6504
2183708,249,31,1384,2017,0.0,870.0,2.0548290000000002,1.2552969999999999,TWN,BOL,6504
2183709,7,59,1384,2017,0.0,15771.0,0.210477,0.02557,ARE,CZE,6504
2183710,14,59,1384,2017,0.0,1016.0,-0.42427200000000004,-0.152921,AUS,CZE,6504
2183711,15,59,1384,2017,16575.0,61863.0,1.728623,-0.031045999999999997,AUT,CZE,6504
2183712,18,59,1384,2017,17360.0,2826.0,1.292657,1.19571,BEL,CZE,6504
2183713,22,59,1384,2017,11143.0,0.0,-1.016251,-0.987654,BGD,CZE,6504
2183714,23,59,1384,2017,0.0,5025.0,0.557843,1.7221119999999999,BGR,CZE,6504
2183715,41,59,1384,2017,0.0,28088.0,2.2557810000000003,0.845459,CHE,CZE,6504
2183716,43,59,1384,2017,95522.0,0.0,1.1127790000000002,1.56869,CHN,CZE,6504
2183717,61,59,1384,2017,131215.0,168874.0,2.1149459999999998,-2.525372,DEU,CZE,6504
2183718,64,59,1384,2017,27527.0,0.0,1.159753,1.233914,DNK,CZE,6504
2183719,65,59,1384,2017,0.0,3165.0,-0.168016,0.30840100000000004,DOM,CZE,6504
2183720,67,59,1384,2017,18411.0,0.0,-0.9995850000000001,-1.086367,ECU,CZE,6504
2183721,71,59,1384,2017,22050.0,32400.0,0.734342,2.8180099999999997,ESP,CZE,6504
2183722,72,59,1384,2017,0.0,5666.0,1.010985,1.289633,EST,CZE,6504
2183723,77,59,1384,2017,20102.0,5735.0,1.398427,0.894732,FRA,CZE,6504
2183724,81,59,1384,2017,198991.0,131038.0,1.6883119999999998,0.8347469999999999,GBR,CZE,6504
2183725,100,59,1384,2017,0.0,2043.0,0.860825,1.365445,HRV,CZE,6504
2183726,102,59,1384,2017,60247.0,10316.0,1.4886270000000001,0.845986,HUN,CZE,6504
2183727,104,59,1384,2017,1247.0,0.0,0.290576,2.726391,IND,CZE,6504
2183728,106,59,1384,2017,961.0,0.0,1.363544,0.169211,IRL,CZE,6504
2183729,111,59,1384,2017,228184.0,20690.0,1.34395,0.577693,ITA,CZE,6504
2183730,114,59,1384,2017,0.0,13278.0,2.4510419999999997,-0.277357,JPN,CZE,6504
2183731,115,59,1384,2017,0.0,1208.0,-0.394316,-0.5485979999999999,KAZ,CZE,6504
2183732,121,59,1384,2017,0.0,6433.0,2.011263,0.783215,KOR,CZE,6504
2183733,130,59,1384,2017,0.0,5012.0,0.855858,1.447717,LTU,CZE,6504
2183734,132,59,1384,2017,0.0,2964.0,0.684555,1.3208030000000002,LVA,CZE,6504
2183735,138,59,1384,2017,2401.0,0.0,1.08871,0.5745279999999999,MEX,CZE,6504
2183736,145,59,1384,2017,0.0,1510.0,-0.933737,-1.1195620000000002,MNG,CZE,6504
2183737,162,59,1384,2017,47780.0,6614.0,1.146959,1.470869,NLD,CZE,6504
2183738,163,59,1384,2017,1432.0,0.0,0.73658,0.11450199999999999,NOR,CZE,6504
2183739,168,59,1384,2017,2718.0,0.0,-0.698561,0.43523500000000004,PAK,CZE,6504
2183740,177,59,1384,2017,126776.0,23942.0,1.197417,1.092716,POL,CZE,6504
2183741,179,59,1384,2017,8760.0,0.0,0.527046,2.264624,PRT,CZE,6504
2183742,183,59,1384,2017,0.0,10554.0,-0.361327,-1.066869,QAT,CZE,6504
2183743,185,59,1384,2017,0.0,26394.0,1.05479,0.9842219999999999,ROU,CZE,6504
2183744,186,59,1384,2017,0.0,2556.0,0.32885,0.288392,RUS,CZE,6504
2183745,206,59,1384,2017,203803.0,82087.0,1.279606,0.85503,SVK,CZE,6504
2183746,208,59,1384,2017,1461.0,0.0,1.764732,0.732646,SWE,CZE,6504
2183747,216,59,1384,2017,1288.0,0.0,0.983977,1.3926020000000001,THA,CZE,6504
2183748,224,59,1384,2017,14243.0,0.0,0.541611,2.405872,TUR,CZE,6504
2183749,231,59,1384,2017,3178.0,0.0,1.601478,0.277271,USA,CZE,6504
2183750,239,59,1384,2017,24807.0,0.0,-0.009819,0.686429,VNM,CZE,6504
2183751,7,68,1384,2017,44534.0,4555.0,0.210477,0.02557,ARE,EGY,6504
2183752,39,68,1384,2017,0.0,3244.0,0.73897,1.206402,CAN,EGY,6504
2183753,43,68,1384,2017,388067.0,0.0,1.1127790000000002,1.56869,CHN,EGY,6504
2183754,71,68,1384,2017,10546.0,0.0,0.734342,2.8180099999999997,ESP,EGY,6504
2183755,81,68,1384,2017,2865.0,3993.0,1.6883119999999998,0.8347469999999999,GBR,EGY,6504
2183756,111,68,1384,2017,0.0,1980.0,1.34395,0.577693,ITA,EGY,6504
2183757,114,68,1384,2017,1226.0,0.0,2.4510419999999997,-0.277357,JPN,EGY,6504
2183758,122,68,1384,2017,0.0,16596.0,-0.229821,-1.128482,KWT,EGY,6504
2183759,142,68,1384,2017,0.0,73302.0,0.999914,0.12683,MLT,EGY,6504
2183760,181,68,1384,2017,0.0,896.0,0.11852,0.609241,PSE,EGY,6504
2183761,188,68,1384,2017,0.0,29955.0,0.597716,-0.345049,SAU,EGY,6504
2183762,216,68,1384,2017,1091.0,0.0,0.983977,1.3926020000000001,THA,EGY,6504
2183763,224,68,1384,2017,35880.0,0.0,0.541611,2.405872,TUR,EGY,6504
2183764,231,68,1384,2017,4737.0,0.0,1.601478,0.277271,USA,EGY,6504
2183765,14,72,1384,2017,0.0,2071.0,-0.42427200000000004,-0.152921,AUS,EST,6504
2183766,41,72,1384,2017,1835.0,0.0,2.2557810000000003,0.845459,CHE,EST,6504
2183767,43,72,1384,2017,8502.0,0.0,1.1127790000000002,1.56869,CHN,EST,6504
2183768,59,72,1384,2017,5666.0,0.0,1.7715130000000001,0.359668,CZE,EST,6504
2183769,61,72,1384,2017,12904.0,0.0,2.1149459999999998,-2.525372,DEU,EST,6504
2183770,64,72,1384,2017,1265.0,0.0,1.159753,1.233914,DNK,EST,6504
2183771,71,72,1384,2017,5190.0,0.0,0.734342,2.8180099999999997,ESP,EST,6504
2183772,74,72,1384,2017,13456.0,3235.0,1.655957,0.962485,FIN,EST,6504
2183773,77,72,1384,2017,4034.0,0.0,1.398427,0.894732,FRA,EST,6504
2183774,81,72,1384,2017,11748.0,0.0,1.6883119999999998,0.8347469999999999,GBR,EST,6504
2183775,111,72,1384,2017,42888.0,0.0,1.34395,0.577693,ITA,EST,6504
2183776,118,72,1384,2017,834.0,0.0,-0.656325,-0.622167,KHM,EST,6504
2183777,130,72,1384,2017,17484.0,2052.0,0.855858,1.447717,LTU,EST,6504
2183778,132,72,1384,2017,23302.0,5135.0,0.684555,1.3208030000000002,LVA,EST,6504
2183779,162,72,1384,2017,13544.0,0.0,1.146959,1.470869,NLD,EST,6504
2183780,163,72,1384,2017,0.0,44349.0,0.73658,0.11450199999999999,NOR,EST,6504
2183781,177,72,1384,2017,32848.0,0.0,1.197417,1.092716,POL,EST,6504
2183782,186,72,1384,2017,4654.0,5788.0,0.32885,0.288392,RUS,EST,6504
2183783,192,72,1384,2017,757.0,0.0,1.884166,0.37903600000000004,SGP,EST,6504
2183784,201,72,1384,2017,1545.0,0.0,0.541644,1.19872,SRB,EST,6504
2183785,208,72,1384,2017,1247.0,0.0,1.764732,0.732646,SWE,EST,6504
2183786,228,72,1384,2017,0.0,958.0,0.461109,0.7826569999999999,UKR,EST,6504
2183787,231,72,1384,2017,2336.0,13935.0,1.601478,0.277271,USA,EST,6504
2183788,7,82,1384,2017,2690.0,0.0,0.210477,0.02557,ARE,GEO,6504
2183789,9,82,1384,2017,0.0,3413.0,-0.23846799999999999,-0.658774,ARM,GEO,6504
2183790,43,82,1384,2017,29040.0,0.0,1.1127790000000002,1.56869,CHN,GEO,6504
2183791,61,82,1384,2017,2015.0,0.0,2.1149459999999998,-2.525372,DEU,GEO,6504
2183792,71,82,1384,2017,3897.0,0.0,0.734342,2.8180099999999997,ESP,GEO,6504
2183793,77,82,1384,2017,5455.0,0.0,1.398427,0.894732,FRA,GEO,6504
2183794,81,82,1384,2017,10767.0,0.0,1.6883119999999998,0.8347469999999999,GBR,GEO,6504
2183795,97,82,1384,2017,1432.0,0.0,0.824982,1.7162220000000001,HKG,GEO,6504
2183796,100,82,1384,2017,4698.0,0.0,0.860825,1.365445,HRV,GEO,6504
2183797,111,82,1384,2017,5156.0,0.0,1.34395,0.577693,ITA,GEO,6504
2183798,186,82,1384,2017,4764.0,0.0,0.32885,0.288392,RUS,GEO,6504
2183799,224,82,1384,2017,9108.0,0.0,0.541611,2.405872,TUR,GEO,6504
2183800,4,90,1384,2017,0.0,1436.0,-0.44769899999999996,-0.17193,ALB,GRC,6504
2183801,14,90,1384,2017,0.0,1121.0,-0.42427200000000004,-0.152921,AUS,GRC,6504
2183802,18,90,1384,2017,39162.0,0.0,1.292657,1.19571,BEL,GRC,6504
2183803,23,90,1384,2017,97797.0,6203.0,0.557843,1.7221119999999999,BGR,GRC,6504
2183804,39,90,1384,2017,0.0,920.0,0.73897,1.206402,CAN,GRC,6504
2183805,43,90,1384,2017,2227070.0,2191.0,1.1127790000000002,1.56869,CHN,GRC,6504
2183806,49,90,1384,2017,2882.0,0.0,0.208096,-0.17644300000000002,COL,GRC,6504
2183807,58,90,1384,2017,0.0,14603.0,0.576982,0.279989,CYP,GRC,6504
2183808,61,90,1384,2017,16278.0,0.0,2.1149459999999998,-2.525372,DEU,GRC,6504
2183809,64,90,1384,2017,29219.0,0.0,1.159753,1.233914,DNK,GRC,6504
2183810,67,90,1384,2017,31363.0,0.0,-0.9995850000000001,-1.086367,ECU,GRC,6504
2183811,71,90,1384,2017,144576.0,9598.0,0.734342,2.8180099999999997,ESP,GRC,6504
2183812,77,90,1384,2017,116756.0,16987.0,1.398427,0.894732,FRA,GRC,6504
2183813,81,90,1384,2017,174250.0,3576.0,1.6883119999999998,0.8347469999999999,GBR,GRC,6504
2183814,97,90,1384,2017,25835.0,0.0,0.824982,1.7162220000000001,HKG,GRC,6504
2183815,103,90,1384,2017,3251.0,0.0,-0.23641700000000002,1.188173,IDN,GRC,6504
2183816,104,90,1384,2017,1391.0,0.0,0.290576,2.726391,IND,GRC,6504
2183817,110,90,1384,2017,3850.0,0.0,1.436156,0.776574,ISR,GRC,6504
2183818,111,90,1384,2017,247321.0,4645.0,1.34395,0.577693,ITA,GRC,6504
2183819,134,90,1384,2017,877.0,0.0,-0.757236,-0.065347,MAR,GRC,6504
2183820,162,90,1384,2017,44767.0,0.0,1.146959,1.470869,NLD,GRC,6504
2183821,177,90,1384,2017,1040.0,0.0,1.197417,1.092716,POL,GRC,6504
2183822,179,90,1384,2017,1487.0,2252.0,0.527046,2.264624,PRT,GRC,6504
2183823,185,90,1384,2017,0.0,13378.0,1.05479,0.9842219999999999,ROU,GRC,6504
2183824,186,90,1384,2017,0.0,1079.0,0.32885,0.288392,RUS,GRC,6504
2183825,192,90,1384,2017,464.0,0.0,1.884166,0.37903600000000004,SGP,GRC,6504
2183826,201,90,1384,2017,0.0,3608.0,0.541644,1.19872,SRB,GRC,6504
2183827,231,90,1384,2017,18627.0,5168.0,1.601478,0.277271,USA,GRC,6504
2183828,239,90,1384,2017,31331.0,0.0,-0.009819,0.686429,VNM,GRC,6504
2183829,15,100,1384,2017,24986.0,0.0,1.728623,-0.031045999999999997,AUT,HRV,6504
2183830,23,100,1384,2017,0.0,4730.0,0.557843,1.7221119999999999,BGR,HRV,6504
2183831,26,100,1384,2017,0.0,2288.0,0.43245,0.726721,BIH,HRV,6504
2183832,43,100,1384,2017,559959.0,0.0,1.1127790000000002,1.56869,CHN,HRV,6504
2183833,58,100,1384,2017,0.0,2010.0,0.576982,0.279989,CYP,HRV,6504
2183834,59,100,1384,2017,2043.0,0.0,1.7715130000000001,0.359668,CZE,HRV,6504
2183835,61,100,1384,2017,35422.0,3763.0,2.1149459999999998,-2.525372,DEU,HRV,6504
2183836,64,100,1384,2017,1881.0,0.0,1.159753,1.233914,DNK,HRV,6504
2183837,67,100,1384,2017,53698.0,0.0,-0.9995850000000001,-1.086367,ECU,HRV,6504
2183838,71,100,1384,2017,39393.0,0.0,0.734342,2.8180099999999997,ESP,HRV,6504
2183839,77,100,1384,2017,17893.0,0.0,1.398427,0.894732,FRA,HRV,6504
2183840,81,100,1384,2017,31112.0,0.0,1.6883119999999998,0.8347469999999999,GBR,HRV,6504
2183841,82,100,1384,2017,0.0,4698.0,-0.241749,-0.374727,GEO,HRV,6504
2183842,102,100,1384,2017,3697.0,0.0,1.4886270000000001,0.845986,HUN,HRV,6504
2183843,104,100,1384,2017,4465.0,0.0,0.290576,2.726391,IND,HRV,6504
2183844,111,100,1384,2017,79818.0,6593.0,1.34395,0.577693,ITA,HRV,6504
2183845,138,100,1384,2017,912.0,803.0,1.08871,0.5745279999999999,MEX,HRV,6504
2183846,144,100,1384,2017,0.0,6154.0,0.201739,-0.23111399999999999,MNE,HRV,6504
2183847,162,100,1384,2017,5263.0,0.0,1.146959,1.470869,NLD,HRV,6504
2183848,177,100,1384,2017,15132.0,0.0,1.197417,1.092716,POL,HRV,6504
2183849,185,100,1384,2017,1322.0,0.0,1.05479,0.9842219999999999,ROU,HRV,6504
2183850,201,100,1384,2017,2130.0,6894.0,0.541644,1.19872,SRB,HRV,6504
2183851,206,100,1384,2017,6335.0,0.0,1.279606,0.85503,SVK,HRV,6504
2183852,207,100,1384,2017,106772.0,17952.0,1.600319,0.854305,SVN,HRV,6504
2183853,224,100,1384,2017,1249.0,0.0,0.541611,2.405872,TUR,HRV,6504
2183854,1,107,1384,2017,0.0,5307.0,-1.147348,-0.886799,AFG,IRN,6504
2183855,7,107,1384,2017,593853.0,0.0,0.210477,0.02557,ARE,IRN,6504
2183856,43,107,1384,2017,824219.0,0.0,1.1127790000000002,1.56869,CHN,IRN,6504
2183857,81,107,1384,2017,343.0,0.0,1.6883119999999998,0.8347469999999999,GBR,IRN,6504
2183858,111,107,1384,2017,1986.0,0.0,1.34395,0.577693,ITA,IRN,6504
2183859,224,107,1384,2017,28253.0,0.0,0.541611,2.405872,TUR,IRN,6504
2183860,30,109,1384,2017,0.0,1103.0,1.06318,-0.48345,BMU,ISL,6504
2183861,43,109,1384,2017,71102.0,0.0,1.1127790000000002,1.56869,CHN,ISL,6504
2183862,61,109,1384,2017,3032.0,0.0,2.1149459999999998,-2.525372,DEU,ISL,6504
2183863,64,109,1384,2017,2300.0,0.0,1.159753,1.233914,DNK,ISL,6504
2183864,71,109,1384,2017,2546.0,0.0,0.734342,2.8180099999999997,ESP,ISL,6504
2183865,74,109,1384,2017,3861.0,0.0,1.655957,0.962485,FIN,ISL,6504
2183866,77,109,1384,2017,41038.0,0.0,1.398427,0.894732,FRA,ISL,6504
2183867,81,109,1384,2017,2162.0,0.0,1.6883119999999998,0.8347469999999999,GBR,ISL,6504
2183868,97,109,1384,2017,1089.0,0.0,0.824982,1.7162220000000001,HKG,ISL,6504
2183869,162,109,1384,2017,2510.0,0.0,1.146959,1.470869,NLD,ISL,6504
2183870,163,109,1384,2017,7840.0,0.0,0.73658,0.11450199999999999,NOR,ISL,6504
2183871,179,109,1384,2017,804.0,0.0,0.527046,2.264624,PRT,ISL,6504
2183872,206,109,1384,2017,1214.0,0.0,1.279606,0.85503,SVK,ISL,6504
2183873,231,109,1384,2017,3746.0,0.0,1.601478,0.277271,USA,ISL,6504
2183874,239,109,1384,2017,1956.0,0.0,-0.009819,0.686429,VNM,ISL,6504
2183875,7,115,1384,2017,1930.0,0.0,0.210477,0.02557,ARE,KAZ,6504
2183876,43,115,1384,2017,835272.0,0.0,1.1127790000000002,1.56869,CHN,KAZ,6504
2183877,59,115,1384,2017,1208.0,0.0,1.7715130000000001,0.359668,CZE,KAZ,6504
2183878,61,115,1384,2017,11578.0,0.0,2.1149459999999998,-2.525372,DEU,KAZ,6504
2183879,67,115,1384,2017,2644.0,0.0,-0.9995850000000001,-1.086367,ECU,KAZ,6504
2183880,71,115,1384,2017,12109.0,0.0,0.734342,2.8180099999999997,ESP,KAZ,6504
2183881,104,115,1384,2017,9053.0,0.0,0.290576,2.726391,IND,KAZ,6504
2183882,111,115,1384,2017,62133.0,0.0,1.34395,0.577693,ITA,KAZ,6504
2183883,117,115,1384,2017,0.0,5942.0,-0.11530599999999999,0.264752,KGZ,KAZ,6504
2183884,130,115,1384,2017,6140.0,0.0,0.855858,1.447717,LTU,KAZ,6504
2183885,186,115,1384,2017,125944.0,3265.0,0.32885,0.288392,RUS,KAZ,6504
2183886,208,115,1384,2017,13650.0,0.0,1.764732,0.732646,SWE,KAZ,6504
2183887,224,115,1384,2017,33296.0,0.0,0.541611,2.405872,TUR,KAZ,6504
2183888,231,115,1384,2017,5292.0,0.0,1.601478,0.277271,USA,KAZ,6504
2183889,7,116,1384,2017,1105.0,0.0,0.210477,0.02557,ARE,KEN,6504
2183890,17,116,1384,2017,0.0,1768.0,-0.637985,-1.051277,BDI,KEN,6504
2183891,43,116,1384,2017,87875.0,0.0,1.1127790000000002,1.56869,CHN,KEN,6504
2183892,64,116,1384,2017,0.0,2206.0,1.159753,1.233914,DNK,KEN,6504
2183893,81,116,1384,2017,5375.0,0.0,1.6883119999999998,0.8347469999999999,GBR,KEN,6504
2183894,104,116,1384,2017,1326.0,0.0,0.290576,2.726391,IND,KEN,6504
2183895,187,116,1384,2017,1483.0,4249.0,-0.7610319999999999,-0.680251,RWA,KEN,6504
2183896,199,116,1384,2017,0.0,1360.0,-1.2313479999999999,-1.063879,SOM,KEN,6504
2183897,202,116,1384,2017,0.0,5813.0,-2.23581,-0.962008,SSD,KEN,6504
2183898,224,116,1384,2017,1082.0,0.0,0.541611,2.405872,TUR,KEN,6504
2183899,226,116,1384,2017,0.0,1611.0,-1.0691709999999999,0.11636800000000001,TZA,KEN,6504
2183900,227,116,1384,2017,1654.0,3402.0,-0.6831020000000001,-0.046838,UGA,KEN,6504
2183901,246,116,1384,2017,19140.0,0.0,0.2066,1.378591,ZAF,KEN,6504
2183902,43,117,1384,2017,88007.0,0.0,1.1127790000000002,1.56869,CHN,KGZ,6504
2183903,111,117,1384,2017,4005.0,0.0,1.34395,0.577693,ITA,KGZ,6504
2183904,115,117,1384,2017,5942.0,0.0,-0.394316,-0.5485979999999999,KAZ,KGZ,6504
2183905,186,117,1384,2017,1627.0,0.0,0.32885,0.288392,RUS,KGZ,6504
2183906,224,117,1384,2017,1213.0,0.0,0.541611,2.405872,TUR,KGZ,6504
2183907,7,118,1384,2017,0.0,236484.0,0.210477,0.02557,ARE,KHM,6504
2183908,14,118,1384,2017,0.0,24455.0,-0.42427200000000004,-0.152921,AUS,KHM,6504
2183909,24,118,1384,2017,0.0,11198.0,0.485479,-0.5348890000000001,BHR,KHM,6504
2183910,39,118,1384,2017,0.0,1969.0,0.73897,1.206402,CAN,KHM,6504
2183911,43,118,1384,2017,10919.0,0.0,1.1127790000000002,1.56869,CHN,KHM,6504
2183912,61,118,1384,2017,0.0,28418.0,2.1149459999999998,-2.525372,DEU,KHM,6504
2183913,72,118,1384,2017,0.0,834.0,1.010985,1.289633,EST,KHM,6504
2183914,77,118,1384,2017,0.0,6564.0,1.398427,0.894732,FRA,KHM,6504
2183915,81,118,1384,2017,1049.0,0.0,1.6883119999999998,0.8347469999999999,GBR,KHM,6504
2183916,114,118,1384,2017,0.0,11934.0,2.4510419999999997,-0.277357,JPN,KHM,6504
2183917,122,118,1384,2017,0.0,41302.0,-0.229821,-1.128482,KWT,KHM,6504
2183918,124,118,1384,2017,0.0,27790.0,0.266847,1.117621,LBN,KHM,6504
2183919,134,118,1384,2017,0.0,2280.0,-0.757236,-0.065347,MAR,KHM,6504
2183920,167,118,1384,2017,0.0,2592.0,-0.347684,-0.884569,OMN,KHM,6504
2183921,183,118,1384,2017,0.0,34395.0,-0.361327,-1.066869,QAT,KHM,6504
2183922,192,118,1384,2017,2675.0,0.0,1.884166,0.37903600000000004,SGP,KHM,6504
2183923,216,118,1384,2017,7452.0,546246.0,0.983977,1.3926020000000001,THA,KHM,6504
2183924,231,118,1384,2017,0.0,529406.0,1.601478,0.277271,USA,KHM,6504
2183925,239,118,1384,2017,21133.0,0.0,-0.009819,0.686429,VNM,KHM,6504
2183926,7,124,1384,2017,176820.0,959.0,0.210477,0.02557,ARE,LBN,6504
2183927,15,124,1384,2017,3199.0,0.0,1.728623,-0.031045999999999997,AUT,LBN,6504
2183928,22,124,1384,2017,1883.0,0.0,-1.016251,-0.987654,BGD,LBN,6504
2183929,43,124,1384,2017,228331.0,0.0,1.1127790000000002,1.56869,CHN,LBN,6504
2183930,44,124,1384,2017,0.0,4523.0,-0.784119,-0.904135,CIV,LBN,6504
2183931,61,124,1384,2017,1834.0,0.0,2.1149459999999998,-2.525372,DEU,LBN,6504
2183932,64,124,1384,2017,1043.0,0.0,1.159753,1.233914,DNK,LBN,6504
2183933,67,124,1384,2017,9739.0,0.0,-0.9995850000000001,-1.086367,ECU,LBN,6504
2183934,71,124,1384,2017,41671.0,0.0,0.734342,2.8180099999999997,ESP,LBN,6504
2183935,77,124,1384,2017,4906.0,0.0,1.398427,0.894732,FRA,LBN,6504
2183936,97,124,1384,2017,2938.0,0.0,0.824982,1.7162220000000001,HKG,LBN,6504
2183937,104,124,1384,2017,1218.0,0.0,0.290576,2.726391,IND,LBN,6504
2183938,111,124,1384,2017,20998.0,0.0,1.34395,0.577693,ITA,LBN,6504
2183939,118,124,1384,2017,27790.0,0.0,-0.656325,-0.622167,KHM,LBN,6504
2183940,122,124,1384,2017,0.0,4971.0,-0.229821,-1.128482,KWT,LBN,6504
2183941,128,124,1384,2017,11995.0,0.0,-0.46442799999999995,0.472132,LKA,LBN,6504
2183942,136,124,1384,2017,2619.0,0.0,-1.277182,-0.6503399999999999,MDG,LBN,6504
2183943,142,124,1384,2017,0.0,2408.0,0.999914,0.12683,MLT,LBN,6504
2183944,143,124,1384,2017,3626.0,0.0,-1.051544,-0.419183,MMR,LBN,6504
2183945,162,124,1384,2017,0.0,1438.0,1.146959,1.470869,NLD,LBN,6504
2183946,183,124,1384,2017,0.0,2251.0,-0.361327,-1.066869,QAT,LBN,6504
2183947,185,124,1384,2017,3156.0,0.0,1.05479,0.9842219999999999,ROU,LBN,6504
2183948,224,124,1384,2017,3642.0,0.0,0.541611,2.405872,TUR,LBN,6504
2183949,231,124,1384,2017,21160.0,0.0,1.601478,0.277271,USA,LBN,6504
2183950,239,124,1384,2017,8728.0,0.0,-0.009819,0.686429,VNM,LBN,6504
2183951,249,124,1384,2017,1306.0,0.0,2.0548290000000002,1.2552969999999999,TWN,LBN,6504
2183952,250,124,1384,2017,0.0,1240.0,0.72523,-0.205046,ANS,LBN,6504
2183953,7,128,1384,2017,0.0,41525.0,0.210477,0.02557,ARE,LKA,6504
2183954,14,128,1384,2017,1743.0,985511.0,-0.42427200000000004,-0.152921,AUS,LKA,6504
2183955,15,128,1384,2017,0.0,851.0,1.728623,-0.031045999999999997,AUT,LKA,6504
2183956,24,128,1384,2017,0.0,4157.0,0.485479,-0.5348890000000001,BHR,LKA,6504
2183957,39,128,1384,2017,0.0,9640.0,0.73897,1.206402,CAN,LKA,6504
2183958,43,128,1384,2017,986868.0,0.0,1.1127790000000002,1.56869,CHN,LKA,6504
2183959,61,128,1384,2017,0.0,1374.0,2.1149459999999998,-2.525372,DEU,LKA,6504
2183960,67,128,1384,2017,52181.0,0.0,-0.9995850000000001,-1.086367,ECU,LKA,6504
2183961,81,128,1384,2017,1342.0,118993.0,1.6883119999999998,0.8347469999999999,GBR,LKA,6504
2183962,97,128,1384,2017,3581.0,0.0,0.824982,1.7162220000000001,HKG,LKA,6504
2183963,103,128,1384,2017,8665.0,787.0,-0.23641700000000002,1.188173,IDN,LKA,6504
2183964,104,128,1384,2017,21030.0,7243.0,0.290576,2.726391,IND,LKA,6504
2183965,106,128,1384,2017,0.0,9311.0,1.363544,0.169211,IRL,LKA,6504
2183966,114,128,1384,2017,0.0,603616.0,2.4510419999999997,-0.277357,JPN,LKA,6504
2183967,121,128,1384,2017,0.0,729554.0,2.011263,0.783215,KOR,LKA,6504
2183968,122,128,1384,2017,0.0,10223.0,-0.229821,-1.128482,KWT,LKA,6504
2183969,124,128,1384,2017,0.0,11995.0,0.266847,1.117621,LBN,LKA,6504
2183970,137,128,1384,2017,0.0,1510.0,-1.100027,-0.9779479999999999,MDV,LKA,6504
2183971,138,128,1384,2017,0.0,5401.0,1.08871,0.5745279999999999,MEX,LKA,6504
2183972,151,128,1384,2017,0.0,2082.0,-0.156616,0.073153,MUS,LKA,6504
2183973,153,128,1384,2017,0.0,38919.0,1.0110139999999999,0.6840729999999999,MYS,LKA,6504
2183974,162,128,1384,2017,0.0,12261.0,1.146959,1.470869,NLD,LKA,6504
2183975,168,128,1384,2017,2773.0,0.0,-0.698561,0.43523500000000004,PAK,LKA,6504
2183976,176,128,1384,2017,0.0,7520.0,-1.788834,-1.267126,PNG,LKA,6504
2183977,183,128,1384,2017,0.0,7083.0,-0.361327,-1.066869,QAT,LKA,6504
2183978,188,128,1384,2017,0.0,46145.0,0.597716,-0.345049,SAU,LKA,6504
2183979,192,128,1384,2017,8554.0,14040.0,1.884166,0.37903600000000004,SGP,LKA,6504
2183980,216,128,1384,2017,4844.0,0.0,0.983977,1.3926020000000001,THA,LKA,6504
2183981,231,128,1384,2017,46843.0,1076552.0,1.601478,0.277271,USA,LKA,6504
2183982,239,128,1384,2017,0.0,1137.0,-0.009819,0.686429,VNM,LKA,6504
2183983,246,128,1384,2017,0.0,1382.0,0.2066,1.378591,ZAF,LKA,6504
2183984,249,128,1384,2017,0.0,64038.0,2.0548290000000002,1.2552969999999999,TWN,LKA,6504
2183985,18,130,1384,2017,13349.0,0.0,1.292657,1.19571,BEL,LTU,6504
2183986,23,130,1384,2017,0.0,2951.0,0.557843,1.7221119999999999,BGR,LTU,6504
2183987,28,130,1384,2017,0.0,1988.0,0.8115829999999999,0.8323459999999999,BLR,LTU,6504
2183988,41,130,1384,2017,3963.0,0.0,2.2557810000000003,0.845459,CHE,LTU,6504
2183989,43,130,1384,2017,172470.0,0.0,1.1127790000000002,1.56869,CHN,LTU,6504
2183990,59,130,1384,2017,5012.0,0.0,1.7715130000000001,0.359668,CZE,LTU,6504
2183991,61,130,1384,2017,15266.0,0.0,2.1149459999999998,-2.525372,DEU,LTU,6504
2183992,64,130,1384,2017,2134.0,5770.0,1.159753,1.233914,DNK,LTU,6504
2183993,71,130,1384,2017,15344.0,1058.0,0.734342,2.8180099999999997,ESP,LTU,6504
2183994,72,130,1384,2017,2052.0,17484.0,1.010985,1.289633,EST,LTU,6504
2183995,77,130,1384,2017,4113.0,0.0,1.398427,0.894732,FRA,LTU,6504
2183996,81,130,1384,2017,21440.0,2712.0,1.6883119999999998,0.8347469999999999,GBR,LTU,6504
2183997,111,130,1384,2017,19507.0,0.0,1.34395,0.577693,ITA,LTU,6504
2183998,115,130,1384,2017,0.0,6140.0,-0.394316,-0.5485979999999999,KAZ,LTU,6504
2183999,132,130,1384,2017,13315.0,29976.0,0.684555,1.3208030000000002,LVA,LTU,6504
2184000,162,130,1384,2017,2160.0,0.0,1.146959,1.470869,NLD,LTU,6504
2184001,163,130,1384,2017,0.0,20320.0,0.73658,0.11450199999999999,NOR,LTU,6504
2184002,177,130,1384,2017,38736.0,0.0,1.197417,1.092716,POL,LTU,6504
2184003,186,130,1384,2017,979.0,53987.0,0.32885,0.288392,RUS,LTU,6504
2184004,208,130,1384,2017,0.0,1319.0,1.764732,0.732646,SWE,LTU,6504
2184005,231,130,1384,2017,3044.0,2950.0,1.601478,0.277271,USA,LTU,6504
2184006,14,131,1384,2017,0.0,886.0,-0.42427200000000004,-0.152921,AUS,LUX,6504
2184007,18,131,1384,2017,74858.0,3899.0,1.292657,1.19571,BEL,LUX,6504
2184008,39,131,1384,2017,0.0,955.0,0.73897,1.206402,CAN,LUX,6504
2184009,43,131,1384,2017,4237.0,0.0,1.1127790000000002,1.56869,CHN,LUX,6504
2184010,61,131,1384,2017,30964.0,977.0,2.1149459999999998,-2.525372,DEU,LUX,6504
2184011,64,131,1384,2017,959.0,0.0,1.159753,1.233914,DNK,LUX,6504
2184012,67,131,1384,2017,508.0,0.0,-0.9995850000000001,-1.086367,ECU,LUX,6504
2184013,71,131,1384,2017,5998.0,0.0,0.734342,2.8180099999999997,ESP,LUX,6504
2184014,77,131,1384,2017,91832.0,0.0,1.398427,0.894732,FRA,LUX,6504
2184015,81,131,1384,2017,15222.0,2109.0,1.6883119999999998,0.8347469999999999,GBR,LUX,6504
2184016,97,131,1384,2017,0.0,3160.0,0.824982,1.7162220000000001,HKG,LUX,6504
2184017,111,131,1384,2017,12797.0,0.0,1.34395,0.577693,ITA,LUX,6504
2184018,114,131,1384,2017,0.0,2349.0,2.4510419999999997,-0.277357,JPN,LUX,6504
2184019,134,131,1384,2017,0.0,2112.0,-0.757236,-0.065347,MAR,LUX,6504
2184020,162,131,1384,2017,4659.0,0.0,1.146959,1.470869,NLD,LUX,6504
2184021,231,131,1384,2017,767.0,8134.0,1.601478,0.277271,USA,LUX,6504
2184022,250,131,1384,2017,1916.0,0.0,0.72523,-0.205046,ANS,LUX,6504
2184023,43,132,1384,2017,3871.0,0.0,1.1127790000000002,1.56869,CHN,LVA,6504
2184024,59,132,1384,2017,2964.0,0.0,1.7715130000000001,0.359668,CZE,LVA,6504
2184025,61,132,1384,2017,6888.0,1769.0,2.1149459999999998,-2.525372,DEU,LVA,6504
2184026,64,132,1384,2017,1634.0,1460.0,1.159753,1.233914,DNK,LVA,6504
2184027,71,132,1384,2017,9156.0,0.0,0.734342,2.8180099999999997,ESP,LVA,6504
2184028,72,132,1384,2017,5135.0,23302.0,1.010985,1.289633,EST,LVA,6504
2184029,74,132,1384,2017,6272.0,0.0,1.655957,0.962485,FIN,LVA,6504
2184030,77,132,1384,2017,4672.0,0.0,1.398427,0.894732,FRA,LVA,6504
2184031,81,132,1384,2017,22825.0,3353.0,1.6883119999999998,0.8347469999999999,GBR,LVA,6504
2184032,111,132,1384,2017,53386.0,0.0,1.34395,0.577693,ITA,LVA,6504
2184033,130,132,1384,2017,29976.0,13315.0,0.855858,1.447717,LTU,LVA,6504
2184034,162,132,1384,2017,1366.0,0.0,1.146959,1.470869,NLD,LVA,6504
2184035,163,132,1384,2017,0.0,925.0,0.73658,0.11450199999999999,NOR,LVA,6504
2184036,177,132,1384,2017,32015.0,0.0,1.197417,1.092716,POL,LVA,6504
2184037,186,132,1384,2017,2766.0,0.0,0.32885,0.288392,RUS,LVA,6504
2184038,231,132,1384,2017,0.0,1546.0,1.601478,0.277271,USA,LVA,6504
2184039,250,132,1384,2017,0.0,7959.0,0.72523,-0.205046,ANS,LVA,6504
2184040,7,134,1384,2017,10972.0,0.0,0.210477,0.02557,ARE,MAR,6504
2184041,18,134,1384,2017,2722.0,2346.0,1.292657,1.19571,BEL,MAR,6504
2184042,22,134,1384,2017,5912.0,0.0,-1.016251,-0.987654,BGD,MAR,6504
2184043,24,134,1384,2017,0.0,1024.0,0.485479,-0.5348890000000001,BHR,MAR,6504
2184044,43,134,1384,2017,152292.0,0.0,1.1127790000000002,1.56869,CHN,MAR,6504
2184045,61,134,1384,2017,1158.0,0.0,2.1149459999999998,-2.525372,DEU,MAR,6504
2184046,64,134,1384,2017,0.0,451.0,1.159753,1.233914,DNK,MAR,6504
2184047,66,134,1384,2017,0.0,2359.0,-0.9905579999999999,-1.1996200000000001,DZA,MAR,6504
2184048,67,134,1384,2017,3240.0,0.0,-0.9995850000000001,-1.086367,ECU,MAR,6504
2184049,71,134,1384,2017,42867.0,0.0,0.734342,2.8180099999999997,ESP,MAR,6504
2184050,77,134,1384,2017,5846.0,0.0,1.398427,0.894732,FRA,MAR,6504
2184051,90,134,1384,2017,0.0,877.0,0.154098,1.151038,GRC,MAR,6504
2184052,104,134,1384,2017,15835.0,0.0,0.290576,2.726391,IND,MAR,6504
2184053,111,134,1384,2017,1115.0,0.0,1.34395,0.577693,ITA,MAR,6504
2184054,118,134,1384,2017,2280.0,0.0,-0.656325,-0.622167,KHM,MAR,6504
2184055,121,134,1384,2017,0.0,2254.0,2.011263,0.783215,KOR,MAR,6504
2184056,122,134,1384,2017,0.0,6712.0,-0.229821,-1.128482,KWT,MAR,6504
2184057,131,134,1384,2017,2112.0,0.0,1.24064,1.298263,LUX,MAR,6504
2184058,143,134,1384,2017,1267.0,0.0,-1.051544,-0.419183,MMR,MAR,6504
2184059,183,134,1384,2017,0.0,2707.0,-0.361327,-1.066869,QAT,MAR,6504
2184060,188,134,1384,2017,11843.0,0.0,0.597716,-0.345049,SAU,MAR,6504
2184061,224,134,1384,2017,27336.0,0.0,0.541611,2.405872,TUR,MAR,6504
2184062,231,134,1384,2017,0.0,5973.0,1.601478,0.277271,USA,MAR,6504
2184063,7,135,1384,2017,0.0,1120.0,0.210477,0.02557,ARE,MDA,6504
2184064,43,135,1384,2017,6613.0,0.0,1.1127790000000002,1.56869,CHN,MDA,6504
2184065,77,135,1384,2017,0.0,4720.0,1.398427,0.894732,FRA,MDA,6504
2184066,81,135,1384,2017,1501.0,0.0,1.6883119999999998,0.8347469999999999,GBR,MDA,6504
2184067,111,135,1384,2017,0.0,4525.0,1.34395,0.577693,ITA,MDA,6504
2184068,185,135,1384,2017,2317.0,0.0,1.05479,0.9842219999999999,ROU,MDA,6504
2184069,224,135,1384,2017,1600.0,0.0,0.541611,2.405872,TUR,MDA,6504
2184070,7,136,1384,2017,0.0,1745.0,0.210477,0.02557,ARE,MDG,6504
2184071,14,136,1384,2017,0.0,45889.0,-0.42427200000000004,-0.152921,AUS,MDG,6504
2184072,15,136,1384,2017,0.0,813.0,1.728623,-0.031045999999999997,AUT,MDG,6504
2184073,18,136,1384,2017,0.0,6511.0,1.292657,1.19571,BEL,MDG,6504
2184074,23,136,1384,2017,0.0,4114.0,0.557843,1.7221119999999999,BGR,MDG,6504
2184075,39,136,1384,2017,0.0,67482.0,0.73897,1.206402,CAN,MDG,6504
2184076,41,136,1384,2017,0.0,3578.0,2.2557810000000003,0.845459,CHE,MDG,6504
2184077,42,136,1384,2017,0.0,2520.0,-0.378693,-0.492983,CHL,MDG,6504
2184078,43,136,1384,2017,177114.0,3023.0,1.1127790000000002,1.56869,CHN,MDG,6504
2184079,61,136,1384,2017,0.0,8485.0,2.1149459999999998,-2.525372,DEU,MDG,6504
2184080,64,136,1384,2017,0.0,1042.0,1.159753,1.233914,DNK,MDG,6504
2184081,71,136,1384,2017,0.0,23807.0,0.734342,2.8180099999999997,ESP,MDG,6504
2184082,77,136,1384,2017,1514.0,249143.0,1.398427,0.894732,FRA,MDG,6504
2184083,81,136,1384,2017,0.0,4783.0,1.6883119999999998,0.8347469999999999,GBR,MDG,6504
2184084,103,136,1384,2017,1068.0,0.0,-0.23641700000000002,1.188173,IDN,MDG,6504
2184085,111,136,1384,2017,0.0,9538.0,1.34395,0.577693,ITA,MDG,6504
2184086,114,136,1384,2017,0.0,62182.0,2.4510419999999997,-0.277357,JPN,MDG,6504
2184087,121,136,1384,2017,0.0,12048.0,2.011263,0.783215,KOR,MDG,6504
2184088,124,136,1384,2017,0.0,2619.0,0.266847,1.117621,LBN,MDG,6504
2184089,151,136,1384,2017,0.0,11756.0,-0.156616,0.073153,MUS,MDG,6504
2184090,166,136,1384,2017,0.0,8896.0,0.25651199999999996,0.132996,NZL,MDG,6504
2184091,177,136,1384,2017,0.0,7227.0,1.197417,1.092716,POL,MDG,6504
2184092,192,136,1384,2017,0.0,1473.0,1.884166,0.37903600000000004,SGP,MDG,6504
2184093,211,136,1384,2017,0.0,1611.0,0.41946000000000006,-0.523274,SYC,MDG,6504
2184094,228,136,1384,2017,0.0,1451.0,0.461109,0.7826569999999999,UKR,MDG,6504
2184095,231,136,1384,2017,0.0,166211.0,1.601478,0.277271,USA,MDG,6504
2184096,246,136,1384,2017,0.0,11805.0,0.2066,1.378591,ZAF,MDG,6504
2184097,250,136,1384,2017,2207.0,0.0,0.72523,-0.205046,ANS,MDG,6504
2184098,43,142,1384,2017,323199.0,0.0,1.1127790000000002,1.56869,CHN,MLT,6504
2184099,61,142,1384,2017,1051.0,0.0,2.1149459999999998,-2.525372,DEU,MLT,6504
2184100,67,142,1384,2017,1667.0,0.0,-0.9995850000000001,-1.086367,ECU,MLT,6504
2184101,68,142,1384,2017,73302.0,0.0,-0.073436,1.829121,EGY,MLT,6504
2184102,71,142,1384,2017,9900.0,0.0,0.734342,2.8180099999999997,ESP,MLT,6504
2184103,77,142,1384,2017,11284.0,0.0,1.398427,0.894732,FRA,MLT,6504
2184104,81,142,1384,2017,23473.0,0.0,1.6883119999999998,0.8347469999999999,GBR,MLT,6504
2184105,111,142,1384,2017,11863.0,1955.0,1.34395,0.577693,ITA,MLT,6504
2184106,124,142,1384,2017,2408.0,0.0,0.266847,1.117621,LBN,MLT,6504
2184107,126,142,1384,2017,0.0,4095.0,-1.156635,-1.212561,LBY,MLT,6504
2184108,162,142,1384,2017,35512.0,0.0,1.146959,1.470869,NLD,MLT,6504
2184109,179,142,1384,2017,786.0,0.0,0.527046,2.264624,PRT,MLT,6504
2184110,23,144,1384,2017,2743.0,0.0,0.557843,1.7221119999999999,BGR,MNE,6504
2184111,43,144,1384,2017,16646.0,0.0,1.1127790000000002,1.56869,CHN,MNE,6504
2184112,61,144,1384,2017,1438.0,1031.0,2.1149459999999998,-2.525372,DEU,MNE,6504
2184113,71,144,1384,2017,3282.0,0.0,0.734342,2.8180099999999997,ESP,MNE,6504
2184114,100,144,1384,2017,6154.0,0.0,0.860825,1.365445,HRV,MNE,6504
2184115,111,144,1384,2017,1174.0,0.0,1.34395,0.577693,ITA,MNE,6504
2184116,201,144,1384,2017,3966.0,0.0,0.541644,1.19872,SRB,MNE,6504
2184117,224,144,1384,2017,16077.0,0.0,0.541611,2.405872,TUR,MNE,6504
2184118,231,144,1384,2017,1205.0,0.0,1.601478,0.277271,USA,MNE,6504
2184119,250,144,1384,2017,0.0,4487.0,0.72523,-0.205046,ANS,MNE,6504
2184120,43,147,1384,2017,64370.0,0.0,1.1127790000000002,1.56869,CHN,MOZ,6504
2184121,155,147,1384,2017,5361.0,0.0,-0.5221060000000001,-0.7365079999999999,NAM,MOZ,6504
2184122,179,147,1384,2017,1291.0,0.0,0.527046,2.264624,PRT,MOZ,6504
2184123,246,147,1384,2017,110730.0,0.0,0.2066,1.378591,ZAF,MOZ,6504
2184124,7,183,1384,2017,237047.0,566.0,0.210477,0.02557,ARE,QAT,6504
2184125,15,183,1384,2017,796.0,0.0,1.728623,-0.031045999999999997,AUT,QAT,6504
2184126,22,183,1384,2017,41472.0,0.0,-1.016251,-0.987654,BGD,QAT,6504
2184127,23,183,1384,2017,1167.0,0.0,0.557843,1.7221119999999999,BGR,QAT,6504
2184128,43,183,1384,2017,50006.0,0.0,1.1127790000000002,1.56869,CHN,QAT,6504
2184129,59,183,1384,2017,10554.0,0.0,1.7715130000000001,0.359668,CZE,QAT,6504
2184130,61,183,1384,2017,3189.0,0.0,2.1149459999999998,-2.525372,DEU,QAT,6504
2184131,71,183,1384,2017,30773.0,0.0,0.734342,2.8180099999999997,ESP,QAT,6504
2184132,77,183,1384,2017,9059.0,0.0,1.398427,0.894732,FRA,QAT,6504
2184133,81,183,1384,2017,4949.0,0.0,1.6883119999999998,0.8347469999999999,GBR,QAT,6504
2184134,103,183,1384,2017,43624.0,0.0,-0.23641700000000002,1.188173,IDN,QAT,6504
2184135,104,183,1384,2017,9542.0,0.0,0.290576,2.726391,IND,QAT,6504
2184136,111,183,1384,2017,3787.0,7160.0,1.34395,0.577693,ITA,QAT,6504
2184137,113,183,1384,2017,3292.0,0.0,0.020035,0.295415,JOR,QAT,6504
2184138,118,183,1384,2017,34395.0,0.0,-0.656325,-0.622167,KHM,QAT,6504
2184139,121,183,1384,2017,6853.0,0.0,2.011263,0.783215,KOR,QAT,6504
2184140,124,183,1384,2017,2251.0,0.0,0.266847,1.117621,LBN,QAT,6504
2184141,128,183,1384,2017,7083.0,0.0,-0.46442799999999995,0.472132,LKA,QAT,6504
2184142,134,183,1384,2017,2707.0,0.0,-0.757236,-0.065347,MAR,QAT,6504
2184143,143,183,1384,2017,2367.0,0.0,-1.051544,-0.419183,MMR,QAT,6504
2184144,167,183,1384,2017,200699.0,0.0,-0.347684,-0.884569,OMN,QAT,6504
2184145,168,183,1384,2017,8510.0,0.0,-0.698561,0.43523500000000004,PAK,QAT,6504
2184146,177,183,1384,2017,2292.0,0.0,1.197417,1.092716,POL,QAT,6504
2184147,179,183,1384,2017,1624.0,0.0,0.527046,2.264624,PRT,QAT,6504
2184148,185,183,1384,2017,2675.0,0.0,1.05479,0.9842219999999999,ROU,QAT,6504
2184149,192,183,1384,2017,4025.0,0.0,1.884166,0.37903600000000004,SGP,QAT,6504
2184150,197,183,1384,2017,2768.0,0.0,0.113639,0.23175199999999999,SLV,QAT,6504
2184151,212,183,1384,2017,4234.0,0.0,-0.660905,0.345462,SYR,QAT,6504
2184152,216,183,1384,2017,2879.0,0.0,0.983977,1.3926020000000001,THA,QAT,6504
2184153,224,183,1384,2017,9866.0,0.0,0.541611,2.405872,TUR,QAT,6504
2184154,231,183,1384,2017,9338.0,0.0,1.601478,0.277271,USA,QAT,6504
2184155,239,183,1384,2017,92824.0,0.0,-0.009819,0.686429,VNM,QAT,6504
2184156,249,183,1384,2017,20853.0,0.0,2.0548290000000002,1.2552969999999999,TWN,QAT,6504
2184157,250,183,1384,2017,12261.0,0.0,0.72523,-0.205046,ANS,QAT,6504
2184158,7,185,1384,2017,0.0,34526.0,0.210477,0.02557,ARE,ROU,6504
2184159,14,185,1384,2017,0.0,1307.0,-0.42427200000000004,-0.152921,AUS,ROU,6504
2184160,15,185,1384,2017,51570.0,0.0,1.728623,-0.031045999999999997,AUT,ROU,6504
2184161,18,185,1384,2017,0.0,1522.0,1.292657,1.19571,BEL,ROU,6504
2184162,23,185,1384,2017,10657.0,27833.0,0.557843,1.7221119999999999,BGR,ROU,6504
2184163,39,185,1384,2017,0.0,3088.0,0.73897,1.206402,CAN,ROU,6504
2184164,43,185,1384,2017,225268.0,0.0,1.1127790000000002,1.56869,CHN,ROU,6504
2184165,45,185,1384,2017,0.0,1269.0,-1.048569,-1.030799,CMR,ROU,6504
2184166,59,185,1384,2017,26394.0,0.0,1.7715130000000001,0.359668,CZE,ROU,6504
2184167,61,185,1384,2017,52108.0,50896.0,2.1149459999999998,-2.525372,DEU,ROU,6504
2184168,64,185,1384,2017,2765.0,0.0,1.159753,1.233914,DNK,ROU,6504
2184169,71,185,1384,2017,83275.0,1484.0,0.734342,2.8180099999999997,ESP,ROU,6504
2184170,74,185,1384,2017,2642.0,1417.0,1.655957,0.962485,FIN,ROU,6504
2184171,77,185,1384,2017,68031.0,85637.0,1.398427,0.894732,FRA,ROU,6504
2184172,81,185,1384,2017,42903.0,3349.0,1.6883119999999998,0.8347469999999999,GBR,ROU,6504
2184173,90,185,1384,2017,13378.0,0.0,0.154098,1.151038,GRC,ROU,6504
2184174,97,185,1384,2017,0.0,1390.0,0.824982,1.7162220000000001,HKG,ROU,6504
2184175,100,185,1384,2017,0.0,1322.0,0.860825,1.365445,HRV,ROU,6504
2184176,102,185,1384,2017,92104.0,54621.0,1.4886270000000001,0.845986,HUN,ROU,6504
2184177,111,185,1384,2017,118631.0,14117.0,1.34395,0.577693,ITA,ROU,6504
2184178,122,185,1384,2017,0.0,2531.0,-0.229821,-1.128482,KWT,ROU,6504
2184179,124,185,1384,2017,0.0,3156.0,0.266847,1.117621,LBN,ROU,6504
2184180,135,185,1384,2017,0.0,2317.0,-0.24909,-0.181213,MDA,ROU,6504
2184181,162,185,1384,2017,159108.0,0.0,1.146959,1.470869,NLD,ROU,6504
2184182,177,185,1384,2017,242082.0,0.0,1.197417,1.092716,POL,ROU,6504
2184183,179,185,1384,2017,10458.0,6175.0,0.527046,2.264624,PRT,ROU,6504
2184184,183,185,1384,2017,0.0,2675.0,-0.361327,-1.066869,QAT,ROU,6504
2184185,186,185,1384,2017,0.0,919.0,0.32885,0.288392,RUS,ROU,6504
2184186,206,185,1384,2017,7649.0,1231.0,1.279606,0.85503,SVK,ROU,6504
2184187,224,185,1384,2017,20148.0,2626.0,0.541611,2.405872,TUR,ROU,6504
2184188,228,185,1384,2017,8628.0,0.0,0.461109,0.7826569999999999,UKR,ROU,6504
2184189,231,185,1384,2017,1955.0,4919.0,1.601478,0.277271,USA,ROU,6504
2184190,250,185,1384,2017,0.0,7596.0,0.72523,-0.205046,ANS,ROU,6504
2184191,43,187,1384,2017,1174.0,0.0,1.1127790000000002,1.56869,CHN,RWA,6504
2184192,116,187,1384,2017,4249.0,1483.0,-0.579541,0.511926,KEN,RWA,6504
2184193,226,187,1384,2017,39491.0,0.0,-1.0691709999999999,0.11636800000000001,TZA,RWA,6504
2184194,227,187,1384,2017,1188.0,0.0,-0.6831020000000001,-0.046838,UGA,RWA,6504
2184195,7,191,1384,2017,2162.0,0.0,0.210477,0.02557,ARE,SEN,6504
2184196,39,191,1384,2017,3534.0,0.0,0.73897,1.206402,CAN,SEN,6504
2184197,43,191,1384,2017,140032.0,0.0,1.1127790000000002,1.56869,CHN,SEN,6504
2184198,44,191,1384,2017,0.0,973.0,-0.784119,-0.904135,CIV,SEN,6504
2184199,71,191,1384,2017,7084.0,0.0,0.734342,2.8180099999999997,ESP,SEN,6504
2184200,103,191,1384,2017,54565.0,0.0,-0.23641700000000002,1.188173,IDN,SEN,6504
2184201,121,191,1384,2017,7447.0,0.0,2.011263,0.783215,KOR,SEN,6504
2184202,246,191,1384,2017,2739.0,0.0,0.2066,1.378591,ZAF,SEN,6504
2184203,7,201,1384,2017,1090.0,0.0,0.210477,0.02557,ARE,SRB,6504
2184204,15,201,1384,2017,16129.0,122722.0,1.728623,-0.031045999999999997,AUT,SRB,6504
2184205,18,201,1384,2017,1144.0,0.0,1.292657,1.19571,BEL,SRB,6504
2184206,22,201,1384,2017,1055.0,0.0,-1.016251,-0.987654,BGD,SRB,6504
2184207,23,201,1384,2017,999.0,0.0,0.557843,1.7221119999999999,BGR,SRB,6504
2184208,26,201,1384,2017,0.0,2827.0,0.43245,0.726721,BIH,SRB,6504
2184209,41,201,1384,2017,0.0,2284.0,2.2557810000000003,0.845459,CHE,SRB,6504
2184210,43,201,1384,2017,19411.0,0.0,1.1127790000000002,1.56869,CHN,SRB,6504
2184211,61,201,1384,2017,7664.0,3962.0,2.1149459999999998,-2.525372,DEU,SRB,6504
2184212,64,201,1384,2017,0.0,5352.0,1.159753,1.233914,DNK,SRB,6504
2184213,71,201,1384,2017,11741.0,0.0,0.734342,2.8180099999999997,ESP,SRB,6504
2184214,72,201,1384,2017,0.0,1545.0,1.010985,1.289633,EST,SRB,6504
2184215,77,201,1384,2017,0.0,1985.0,1.398427,0.894732,FRA,SRB,6504
2184216,90,201,1384,2017,3608.0,0.0,0.154098,1.151038,GRC,SRB,6504
2184217,100,201,1384,2017,6894.0,2130.0,0.860825,1.365445,HRV,SRB,6504
2184218,102,201,1384,2017,1004.0,0.0,1.4886270000000001,0.845986,HUN,SRB,6504
2184219,104,201,1384,2017,1389.0,0.0,0.290576,2.726391,IND,SRB,6504
2184220,111,201,1384,2017,5813.0,1441.0,1.34395,0.577693,ITA,SRB,6504
2184221,144,201,1384,2017,0.0,3966.0,0.201739,-0.23111399999999999,MNE,SRB,6504
2184222,206,201,1384,2017,2877.0,0.0,1.279606,0.85503,SVK,SRB,6504
2184223,207,201,1384,2017,2689.0,0.0,1.600319,0.854305,SVN,SRB,6504
2184224,224,201,1384,2017,11484.0,0.0,0.541611,2.405872,TUR,SRB,6504
2184225,231,201,1384,2017,0.0,2027.0,1.601478,0.277271,USA,SRB,6504
2184226,239,201,1384,2017,797.0,0.0,-0.009819,0.686429,VNM,SRB,6504
2184227,7,206,1384,2017,0.0,2544.0,0.210477,0.02557,ARE,SVK,6504
2184228,15,206,1384,2017,11760.0,162164.0,1.728623,-0.031045999999999997,AUT,SVK,6504
2184229,18,206,1384,2017,0.0,16425.0,1.292657,1.19571,BEL,SVK,6504
2184230,22,206,1384,2017,2992.0,0.0,-1.016251,-0.987654,BGD,SVK,6504
2184231,23,206,1384,2017,0.0,5183.0,0.557843,1.7221119999999999,BGR,SVK,6504
2184232,39,206,1384,2017,0.0,11123.0,0.73897,1.206402,CAN,SVK,6504
2184233,41,206,1384,2017,0.0,14886.0,2.2557810000000003,0.845459,CHE,SVK,6504
2184234,43,206,1384,2017,99216.0,2026.0,1.1127790000000002,1.56869,CHN,SVK,6504
2184235,59,206,1384,2017,82087.0,203803.0,1.7715130000000001,0.359668,CZE,SVK,6504
2184236,61,206,1384,2017,290472.0,337185.0,2.1149459999999998,-2.525372,DEU,SVK,6504
2184237,64,206,1384,2017,2312.0,19026.0,1.159753,1.233914,DNK,SVK,6504
2184238,67,206,1384,2017,2307.0,17689.0,-0.9995850000000001,-1.086367,ECU,SVK,6504
2184239,71,206,1384,2017,14941.0,24376.0,0.734342,2.8180099999999997,ESP,SVK,6504
2184240,74,206,1384,2017,961.0,0.0,1.655957,0.962485,FIN,SVK,6504
2184241,77,206,1384,2017,13370.0,22357.0,1.398427,0.894732,FRA,SVK,6504
2184242,81,206,1384,2017,17506.0,1613.0,1.6883119999999998,0.8347469999999999,GBR,SVK,6504
2184243,84,206,1384,2017,0.0,1211.0,0.767836,-0.725273,GIB,SVK,6504
2184244,100,206,1384,2017,0.0,6335.0,0.860825,1.365445,HRV,SVK,6504
2184245,102,206,1384,2017,44928.0,150634.0,1.4886270000000001,0.845986,HUN,SVK,6504
2184246,109,206,1384,2017,0.0,1214.0,0.386094,-0.277269,ISL,SVK,6504
2184247,111,206,1384,2017,82349.0,7385.0,1.34395,0.577693,ITA,SVK,6504
2184248,114,206,1384,2017,0.0,37023.0,2.4510419999999997,-0.277357,JPN,SVK,6504
2184249,162,206,1384,2017,2778.0,73199.0,1.146959,1.470869,NLD,SVK,6504
2184250,177,206,1384,2017,74724.0,149564.0,1.197417,1.092716,POL,SVK,6504
2184251,179,206,1384,2017,2492.0,0.0,0.527046,2.264624,PRT,SVK,6504
2184252,185,206,1384,2017,1231.0,7649.0,1.05479,0.9842219999999999,ROU,SVK,6504
2184253,188,206,1384,2017,0.0,5494.0,0.597716,-0.345049,SAU,SVK,6504
2184254,201,206,1384,2017,0.0,2877.0,0.541644,1.19872,SRB,SVK,6504
2184255,207,206,1384,2017,0.0,4228.0,1.600319,0.854305,SVN,SVK,6504
2184256,208,206,1384,2017,0.0,27641.0,1.764732,0.732646,SWE,SVK,6504
2184257,231,206,1384,2017,2256.0,83645.0,1.601478,0.277271,USA,SVK,6504
2184258,239,206,1384,2017,1385.0,0.0,-0.009819,0.686429,VNM,SVK,6504
2184259,250,206,1384,2017,2401.0,0.0,0.72523,-0.205046,ANS,SVK,6504
2184260,15,207,1384,2017,33867.0,0.0,1.728623,-0.031045999999999997,AUT,SVN,6504
2184261,26,207,1384,2017,0.0,1748.0,0.43245,0.726721,BIH,SVN,6504
2184262,41,207,1384,2017,1277.0,1578.0,2.2557810000000003,0.845459,CHE,SVN,6504
2184263,43,207,1384,2017,379494.0,0.0,1.1127790000000002,1.56869,CHN,SVN,6504
2184264,61,207,1384,2017,58470.0,0.0,2.1149459999999998,-2.525372,DEU,SVN,6504
2184265,67,207,1384,2017,4085.0,0.0,-0.9995850000000001,-1.086367,ECU,SVN,6504
2184266,71,207,1384,2017,6168.0,0.0,0.734342,2.8180099999999997,ESP,SVN,6504
2184267,77,207,1384,2017,20441.0,2108.0,1.398427,0.894732,FRA,SVN,6504
2184268,81,207,1384,2017,11516.0,0.0,1.6883119999999998,0.8347469999999999,GBR,SVN,6504
2184269,100,207,1384,2017,17952.0,106772.0,0.860825,1.365445,HRV,SVN,6504
2184270,102,207,1384,2017,8154.0,1166.0,1.4886270000000001,0.845986,HUN,SVN,6504
2184271,111,207,1384,2017,60832.0,17982.0,1.34395,0.577693,ITA,SVN,6504
2184272,162,207,1384,2017,2560.0,0.0,1.146959,1.470869,NLD,SVN,6504
2184273,177,207,1384,2017,2222.0,0.0,1.197417,1.092716,POL,SVN,6504
2184274,179,207,1384,2017,0.0,6671.0,0.527046,2.264624,PRT,SVN,6504
2184275,201,207,1384,2017,0.0,2689.0,0.541644,1.19872,SRB,SVN,6504
2184276,206,207,1384,2017,4228.0,0.0,1.279606,0.85503,SVK,SVN,6504
2184277,224,207,1384,2017,2682.0,0.0,0.541611,2.405872,TUR,SVN,6504
2184278,231,207,1384,2017,0.0,2644.0,1.601478,0.277271,USA,SVN,6504
2184279,7,223,1384,2017,864.0,3663.0,0.210477,0.02557,ARE,TUN,6504
2184280,41,223,1384,2017,0.0,704.0,2.2557810000000003,0.845459,CHE,TUN,6504
2184281,43,223,1384,2017,261599.0,0.0,1.1127790000000002,1.56869,CHN,TUN,6504
2184282,71,223,1384,2017,20233.0,0.0,0.734342,2.8180099999999997,ESP,TUN,6504
2184283,77,223,1384,2017,78753.0,94302.0,1.398427,0.894732,FRA,TUN,6504
2184284,111,223,1384,2017,41571.0,0.0,1.34395,0.577693,ITA,TUN,6504
2184285,122,223,1384,2017,0.0,3882.0,-0.229821,-1.128482,KWT,TUN,6504
2184286,190,223,1384,2017,0.0,4068.0,-1.567691,-1.257164,SDN,TUN,6504
2184287,224,223,1384,2017,1614.0,0.0,0.541611,2.405872,TUR,TUN,6504
2184288,239,223,1384,2017,110008.0,0.0,-0.009819,0.686429,VNM,TUN,6504
2184289,43,232,1384,2017,78517.0,0.0,1.1127790000000002,1.56869,CHN,UZB,6504
2184290,111,232,1384,2017,5767.0,0.0,1.34395,0.577693,ITA,UZB,6504
2184291,43,13,1384,2017,10779.0,0.0,1.1127790000000002,1.56869,CHN,ATG,6504
2184292,65,13,1384,2017,3999.0,0.0,-0.168016,0.30840100000000004,DOM,ATG,6504
2184293,138,13,1384,2017,297.0,0.0,1.08871,0.5745279999999999,MEX,ATG,6504
2184294,173,13,1384,2017,877.0,0.0,-0.667658,-0.318344,PER,ATG,6504
2184295,231,13,1384,2017,46180.0,0.0,1.601478,0.277271,USA,ATG,6504
2184296,250,13,1384,2017,0.0,13822.0,0.72523,-0.205046,ANS,ATG,6504
2184297,43,19,1384,2017,48088.0,0.0,1.1127790000000002,1.56869,CHN,BEN,6504
2184298,162,19,1384,2017,3127.0,0.0,1.146959,1.470869,NLD,BEN,6504
2184299,43,21,1384,2017,1444.0,0.0,1.1127790000000002,1.56869,CHN,BFA,6504
2184300,71,21,1384,2017,0.0,3924.0,0.734342,2.8180099999999997,ESP,BFA,6504
2184301,83,21,1384,2017,1486.0,0.0,-0.929143,-0.811439,GHA,BFA,6504
2184302,7,22,1384,2017,0.0,190731.0,0.210477,0.02557,ARE,BGD,6504
2184303,14,22,1384,2017,0.0,26917.0,-0.42427200000000004,-0.152921,AUS,BGD,6504
2184304,15,22,1384,2017,0.0,1582.0,1.728623,-0.031045999999999997,AUT,BGD,6504
2184305,18,22,1384,2017,0.0,23627.0,1.292657,1.19571,BEL,BGD,6504
2184306,24,22,1384,2017,0.0,24067.0,0.485479,-0.5348890000000001,BHR,BGD,6504
2184307,39,22,1384,2017,0.0,145338.0,0.73897,1.206402,CAN,BGD,6504
2184308,41,22,1384,2017,0.0,4328.0,2.2557810000000003,0.845459,CHE,BGD,6504
2184309,42,22,1384,2017,0.0,1527.0,-0.378693,-0.492983,CHL,BGD,6504
2184310,43,22,1384,2017,166200.0,1915.0,1.1127790000000002,1.56869,CHN,BGD,6504
2184311,52,22,1384,2017,0.0,1205.0,0.288642,-0.056219000000000005,CRI,BGD,6504
2184312,59,22,1384,2017,0.0,11143.0,1.7715130000000001,0.359668,CZE,BGD,6504
2184313,61,22,1384,2017,0.0,47954.0,2.1149459999999998,-2.525372,DEU,BGD,6504
2184314,71,22,1384,2017,0.0,289025.0,0.734342,2.8180099999999997,ESP,BGD,6504
2184315,73,22,1384,2017,0.0,2425.0,-1.007413,-0.638231,ETH,BGD,6504
2184316,77,22,1384,2017,0.0,382585.0,1.398427,0.894732,FRA,BGD,6504
2184317,81,22,1384,2017,0.0,50974.0,1.6883119999999998,0.8347469999999999,GBR,BGD,6504
2184318,104,22,1384,2017,0.0,2008.0,0.290576,2.726391,IND,BGD,6504
2184319,106,22,1384,2017,0.0,1749.0,1.363544,0.169211,IRL,BGD,6504
2184320,114,22,1384,2017,0.0,1859.0,2.4510419999999997,-0.277357,JPN,BGD,6504
2184321,122,22,1384,2017,0.0,12368.0,-0.229821,-1.128482,KWT,BGD,6504
2184322,124,22,1384,2017,0.0,1883.0,0.266847,1.117621,LBN,BGD,6504
2184323,134,22,1384,2017,0.0,5912.0,-0.757236,-0.065347,MAR,BGD,6504
2184324,153,22,1384,2017,0.0,21613.0,1.0110139999999999,0.6840729999999999,MYS,BGD,6504
2184325,155,22,1384,2017,0.0,11223.0,-0.5221060000000001,-0.7365079999999999,NAM,BGD,6504
2184326,164,22,1384,2017,0.0,3281.0,-0.319681,0.5788220000000001,NPL,BGD,6504
2184327,166,22,1384,2017,0.0,1069.0,0.25651199999999996,0.132996,NZL,BGD,6504
2184328,169,22,1384,2017,0.0,2852.0,0.5520109999999999,0.788181,PAN,BGD,6504
2184329,173,22,1384,2017,0.0,7391.0,-0.667658,-0.318344,PER,BGD,6504
2184330,177,22,1384,2017,0.0,46703.0,1.197417,1.092716,POL,BGD,6504
2184331,183,22,1384,2017,0.0,41472.0,-0.361327,-1.066869,QAT,BGD,6504
2184332,186,22,1384,2017,0.0,2487.0,0.32885,0.288392,RUS,BGD,6504
2184333,188,22,1384,2017,0.0,76875.0,0.597716,-0.345049,SAU,BGD,6504
2184334,192,22,1384,2017,0.0,2604.0,1.884166,0.37903600000000004,SGP,BGD,6504
2184335,201,22,1384,2017,0.0,1055.0,0.541644,1.19872,SRB,BGD,6504
2184336,206,22,1384,2017,0.0,2992.0,1.279606,0.85503,SVK,BGD,6504
2184337,216,22,1384,2017,0.0,2608.0,0.983977,1.3926020000000001,THA,BGD,6504
2184338,224,22,1384,2017,5001.0,0.0,0.541611,2.405872,TUR,BGD,6504
2184339,231,22,1384,2017,0.0,71188.0,1.601478,0.277271,USA,BGD,6504
2184340,246,22,1384,2017,0.0,6596.0,0.2066,1.378591,ZAF,BGD,6504
2184341,249,22,1384,2017,0.0,4077.0,2.0548290000000002,1.2552969999999999,TWN,BGD,6504
2184342,43,25,1384,2017,27192.0,0.0,1.1127790000000002,1.56869,CHN,BHS,6504
2184343,138,25,1384,2017,892.0,0.0,1.08871,0.5745279999999999,MEX,BHS,6504
2184344,231,25,1384,2017,98056.0,0.0,1.601478,0.277271,USA,BHS,6504
2184345,250,25,1384,2017,2801.0,0.0,0.72523,-0.205046,ANS,BHS,6504
2184346,2,37,1384,2017,2683.0,0.0,-1.408777,-1.215475,AGO,BWA,6504
2184347,43,37,1384,2017,13265.0,0.0,1.1127790000000002,1.56869,CHN,BWA,6504
2184348,155,37,1384,2017,0.0,1756.0,-0.5221060000000001,-0.7365079999999999,NAM,BWA,6504
2184349,231,37,1384,2017,4194.0,0.0,1.601478,0.277271,USA,BWA,6504
2184350,246,37,1384,2017,465509.0,6741.0,0.2066,1.378591,ZAF,BWA,6504
2184351,248,37,1384,2017,6151.0,0.0,-1.101402,-1.0831680000000001,ZWE,BWA,6504
2184352,43,44,1384,2017,95312.0,0.0,1.1127790000000002,1.56869,CHN,CIV,6504
2184353,73,44,1384,2017,2332.0,0.0,-1.007413,-0.638231,ETH,CIV,6504
2184354,77,44,1384,2017,3337.0,0.0,1.398427,0.894732,FRA,CIV,6504
2184355,83,44,1384,2017,1522.0,0.0,-0.929143,-0.811439,GHA,CIV,6504
2184356,124,44,1384,2017,4523.0,0.0,0.266847,1.117621,LBN,CIV,6504
2184357,191,44,1384,2017,973.0,0.0,-0.6722899999999999,-0.26522199999999996,SEN,CIV,6504
2184358,224,44,1384,2017,4474.0,0.0,0.541611,2.405872,TUR,CIV,6504
2184359,43,45,1384,2017,135778.0,0.0,1.1127790000000002,1.56869,CHN,CMR,6504
2184360,64,45,1384,2017,0.0,1047.0,1.159753,1.233914,DNK,CMR,6504
2184361,71,45,1384,2017,0.0,10234.0,0.734342,2.8180099999999997,ESP,CMR,6504
2184362,77,45,1384,2017,2909.0,2247.0,1.398427,0.894732,FRA,CMR,6504
2184363,162,45,1384,2017,0.0,1455.0,1.146959,1.470869,NLD,CMR,6504
2184364,185,45,1384,2017,1269.0,0.0,1.05479,0.9842219999999999,ROU,CMR,6504
2184365,7,46,1384,2017,12663.0,0.0,0.210477,0.02557,ARE,COD,6504
2184366,43,46,1384,2017,5972.0,0.0,1.1127790000000002,1.56869,CHN,COD,6504
2184367,77,46,1384,2017,967.0,0.0,1.398427,0.894732,FRA,COD,6504
2184368,227,46,1384,2017,1163.0,0.0,-0.6831020000000001,-0.046838,UGA,COD,6504
2184369,246,46,1384,2017,7408.0,0.0,0.2066,1.378591,ZAF,COD,6504
2184370,247,46,1384,2017,1052.0,0.0,-0.8594290000000001,-1.0574459999999999,ZMB,COD,6504
2184371,43,47,1384,2017,41248.0,0.0,1.1127790000000002,1.56869,CHN,COG,6504
2184372,77,47,1384,2017,1472.0,0.0,1.398427,0.894732,FRA,COG,6504
2184373,162,47,1384,2017,923.0,0.0,1.146959,1.470869,NLD,COG,6504
2184374,43,51,1384,2017,6532.0,0.0,1.1127790000000002,1.56869,CHN,CPV,6504
2184375,179,51,1384,2017,1559.0,0.0,0.527046,2.264624,PRT,CPV,6504
2184376,43,54,1384,2017,2723.0,0.0,1.1127790000000002,1.56869,CHN,CUB,6504
2184377,67,54,1384,2017,1781.0,0.0,-0.9995850000000001,-1.086367,ECU,CUB,6504
2184378,71,54,1384,2017,91578.0,0.0,0.734342,2.8180099999999997,ESP,CUB,6504
2184379,169,54,1384,2017,98837.0,56541.0,0.5520109999999999,0.788181,PAN,CUB,6504
2184380,173,54,1384,2017,2024.0,0.0,-0.667658,-0.318344,PER,CUB,6504
2184381,7,62,1384,2017,7255.0,0.0,0.210477,0.02557,ARE,DJI,6504
2184382,43,62,1384,2017,10800.0,0.0,1.1127790000000002,1.56869,CHN,DJI,6504
2184383,7,66,1384,2017,1919.0,0.0,0.210477,0.02557,ARE,DZA,6504
2184384,43,66,1384,2017,659446.0,0.0,1.1127790000000002,1.56869,CHN,DZA,6504
2184385,61,66,1384,2017,1993.0,0.0,2.1149459999999998,-2.525372,DEU,DZA,6504
2184386,71,66,1384,2017,5186.0,0.0,0.734342,2.8180099999999997,ESP,DZA,6504
2184387,77,66,1384,2017,1088.0,0.0,1.398427,0.894732,FRA,DZA,6504
2184388,111,66,1384,2017,2355.0,0.0,1.34395,0.577693,ITA,DZA,6504
2184389,134,66,1384,2017,2359.0,0.0,-0.757236,-0.065347,MAR,DZA,6504
2184390,224,66,1384,2017,19306.0,0.0,0.541611,2.405872,TUR,DZA,6504
2184391,22,73,1384,2017,2425.0,0.0,-1.016251,-0.987654,BGD,ETH,6504
2184392,43,73,1384,2017,1356700.0,0.0,1.1127790000000002,1.56869,CHN,ETH,6504
2184393,44,73,1384,2017,0.0,2332.0,-0.784119,-0.904135,CIV,ETH,6504
2184394,104,73,1384,2017,28294.0,0.0,0.290576,2.726391,IND,ETH,6504
2184395,208,73,1384,2017,3436.0,0.0,1.764732,0.732646,SWE,ETH,6504
2184396,231,73,1384,2017,930.0,0.0,1.601478,0.277271,USA,ETH,6504
2184397,43,80,1384,2017,4853.0,0.0,1.1127790000000002,1.56869,CHN,GAB,6504
2184398,77,80,1384,2017,5497.0,0.0,1.398427,0.894732,FRA,GAB,6504
2184399,246,80,1384,2017,2200.0,0.0,0.2066,1.378591,ZAF,GAB,6504
2184400,7,83,1384,2017,4266.0,0.0,0.210477,0.02557,ARE,GHA,6504
2184401,14,83,1384,2017,2982.0,1251.0,-0.42427200000000004,-0.152921,AUS,GHA,6504
2184402,18,83,1384,2017,1043.0,0.0,1.292657,1.19571,BEL,GHA,6504
2184403,21,83,1384,2017,0.0,1486.0,-1.100802,-1.0632110000000001,BFA,GHA,6504
2184404,39,83,1384,2017,0.0,248.0,0.73897,1.206402,CAN,GHA,6504
2184405,43,83,1384,2017,42283.0,0.0,1.1127790000000002,1.56869,CHN,GHA,6504
2184406,44,83,1384,2017,0.0,1522.0,-0.784119,-0.904135,CIV,GHA,6504
2184407,61,83,1384,2017,3512.0,0.0,2.1149459999999998,-2.525372,DEU,GHA,6504
2184408,81,83,1384,2017,2389.0,0.0,1.6883119999999998,0.8347469999999999,GBR,GHA,6504
2184409,104,83,1384,2017,2376.0,0.0,0.290576,2.726391,IND,GHA,6504
2184410,163,83,1384,2017,1772.0,0.0,0.73658,0.11450199999999999,NOR,GHA,6504
2184411,174,83,1384,2017,2930.0,0.0,0.657759,0.170061,PHL,GHA,6504
2184412,216,83,1384,2017,2618.0,0.0,0.983977,1.3926020000000001,THA,GHA,6504
2184413,231,83,1384,2017,3426.0,28526.0,1.601478,0.277271,USA,GHA,6504
2184414,239,83,1384,2017,9671.0,0.0,-0.009819,0.686429,VNM,GHA,6504
2184415,246,83,1384,2017,10135.0,0.0,0.2066,1.378591,ZAF,GHA,6504
2184416,43,85,1384,2017,41391.0,0.0,1.1127790000000002,1.56869,CHN,GIN,6504
2184417,61,85,1384,2017,2479.0,0.0,2.1149459999999998,-2.525372,DEU,GIN,6504
2184418,43,89,1384,2017,3582.0,0.0,1.1127790000000002,1.56869,CHN,GNQ,6504
2184419,246,89,1384,2017,1685.0,0.0,0.2066,1.378591,ZAF,GNQ,6504
2184420,7,141,1384,2017,9434.0,0.0,0.210477,0.02557,ARE,MLI,6504
2184421,43,141,1384,2017,2261.0,0.0,1.1127790000000002,1.56869,CHN,MLI,6504
2184422,77,141,1384,2017,1097.0,0.0,1.398427,0.894732,FRA,MLI,6504
2184423,43,148,1384,2017,79750.0,0.0,1.1127790000000002,1.56869,CHN,MRT,6504
2184424,81,148,1384,2017,1040.0,0.0,1.6883119999999998,0.8347469999999999,GBR,MRT,6504
2184425,97,148,1384,2017,967.0,0.0,0.824982,1.7162220000000001,HKG,MRT,6504
2184426,7,151,1384,2017,935.0,0.0,0.210477,0.02557,ARE,MUS,6504
2184427,43,151,1384,2017,61800.0,0.0,1.1127790000000002,1.56869,CHN,MUS,6504
2184428,71,151,1384,2017,1295.0,0.0,0.734342,2.8180099999999997,ESP,MUS,6504
2184429,77,151,1384,2017,4967.0,1291.0,1.398427,0.894732,FRA,MUS,6504
2184430,97,151,1384,2017,9236.0,0.0,0.824982,1.7162220000000001,HKG,MUS,6504
2184431,103,151,1384,2017,3540.0,0.0,-0.23641700000000002,1.188173,IDN,MUS,6504
2184432,104,151,1384,2017,2036.0,0.0,0.290576,2.726391,IND,MUS,6504
2184433,111,151,1384,2017,1172.0,0.0,1.34395,0.577693,ITA,MUS,6504
2184434,122,151,1384,2017,0.0,827.0,-0.229821,-1.128482,KWT,MUS,6504
2184435,128,151,1384,2017,2082.0,0.0,-0.46442799999999995,0.472132,LKA,MUS,6504
2184436,136,151,1384,2017,11756.0,0.0,-1.277182,-0.6503399999999999,MDG,MUS,6504
2184437,155,151,1384,2017,0.0,697.0,-0.5221060000000001,-0.7365079999999999,NAM,MUS,6504
2184438,192,151,1384,2017,1036.0,0.0,1.884166,0.37903600000000004,SGP,MUS,6504
2184439,209,151,1384,2017,0.0,1601.0,0.126066,-0.551203,SWZ,MUS,6504
2184440,211,151,1384,2017,0.0,1452.0,0.41946000000000006,-0.523274,SYC,MUS,6504
2184441,216,151,1384,2017,9973.0,0.0,0.983977,1.3926020000000001,THA,MUS,6504
2184442,246,151,1384,2017,25890.0,0.0,0.2066,1.378591,ZAF,MUS,6504
2184443,43,152,1384,2017,1160.0,0.0,1.1127790000000002,1.56869,CHN,MWI,6504
2184444,104,152,1384,2017,1288.0,0.0,0.290576,2.726391,IND,MWI,6504
2184445,246,152,1384,2017,8781.0,0.0,0.2066,1.378591,ZAF,MWI,6504
2184446,2,155,1384,2017,0.0,19127.0,-1.408777,-1.215475,AGO,NAM,6504
2184447,22,155,1384,2017,11223.0,0.0,-1.016251,-0.987654,BGD,NAM,6504
2184448,37,155,1384,2017,1756.0,0.0,-0.593754,-1.166742,BWA,NAM,6504
2184449,43,155,1384,2017,8810.0,0.0,1.1127790000000002,1.56869,CHN,NAM,6504
2184450,97,155,1384,2017,44727.0,0.0,0.824982,1.7162220000000001,HKG,NAM,6504
2184451,103,155,1384,2017,718.0,0.0,-0.23641700000000002,1.188173,IDN,NAM,6504
2184452,104,155,1384,2017,4728.0,0.0,0.290576,2.726391,IND,NAM,6504
2184453,147,155,1384,2017,0.0,5361.0,-1.3882290000000002,-1.114475,MOZ,NAM,6504
2184454,151,155,1384,2017,697.0,0.0,-0.156616,0.073153,MUS,NAM,6504
2184455,209,155,1384,2017,0.0,1945.0,0.126066,-0.551203,SWZ,NAM,6504
2184456,226,155,1384,2017,0.0,7593.0,-1.0691709999999999,0.11636800000000001,TZA,NAM,6504
2184457,231,155,1384,2017,5349.0,0.0,1.601478,0.277271,USA,NAM,6504
2184458,239,155,1384,2017,1089.0,0.0,-0.009819,0.686429,VNM,NAM,6504
2184459,246,155,1384,2017,859699.0,3930.0,0.2066,1.378591,ZAF,NAM,6504
2184460,249,155,1384,2017,5446.0,0.0,2.0548290000000002,1.2552969999999999,TWN,NAM,6504
2184461,43,159,1384,2017,231716.0,0.0,1.1127790000000002,1.56869,CHN,NGA,6504
2184462,81,159,1384,2017,22036.0,0.0,1.6883119999999998,0.8347469999999999,GBR,NGA,6504
2184463,104,159,1384,2017,5771.0,0.0,0.290576,2.726391,IND,NGA,6504
2184464,110,159,1384,2017,1620.0,0.0,1.436156,0.776574,ISR,NGA,6504
2184465,121,159,1384,2017,3745.0,0.0,2.011263,0.783215,KOR,NGA,6504
2184466,157,159,1384,2017,0.0,2559.0,-1.250156,-0.995524,NER,NGA,6504
2184467,168,159,1384,2017,1339.0,0.0,-0.698561,0.43523500000000004,PAK,NGA,6504
2184468,216,159,1384,2017,2865.0,0.0,0.983977,1.3926020000000001,THA,NGA,6504
2184469,224,159,1384,2017,2670.0,0.0,0.541611,2.405872,TUR,NGA,6504
2184470,231,159,1384,2017,35686.0,0.0,1.601478,0.277271,USA,NGA,6504
2184471,246,159,1384,2017,4267.0,0.0,0.2066,1.378591,ZAF,NGA,6504
2184472,7,167,1384,2017,457984.0,0.0,0.210477,0.02557,ARE,OMN,6504
2184473,43,167,1384,2017,25247.0,0.0,1.1127790000000002,1.56869,CHN,OMN,6504
2184474,71,167,1384,2017,5503.0,0.0,0.734342,2.8180099999999997,ESP,OMN,6504
2184475,81,167,1384,2017,12829.0,0.0,1.6883119999999998,0.8347469999999999,GBR,OMN,6504
2184476,97,167,1384,2017,1242.0,0.0,0.824982,1.7162220000000001,HKG,OMN,6504
2184477,104,167,1384,2017,6912.0,0.0,0.290576,2.726391,IND,OMN,6504
2184478,111,167,1384,2017,2125.0,0.0,1.34395,0.577693,ITA,OMN,6504
2184479,118,167,1384,2017,2592.0,0.0,-0.656325,-0.622167,KHM,OMN,6504
2184480,143,167,1384,2017,1341.0,0.0,-1.051544,-0.419183,MMR,OMN,6504
2184481,183,167,1384,2017,0.0,200699.0,-0.361327,-1.066869,QAT,OMN,6504
2184482,192,167,1384,2017,3545.0,0.0,1.884166,0.37903600000000004,SGP,OMN,6504
2184483,216,167,1384,2017,19492.0,0.0,0.983977,1.3926020000000001,THA,OMN,6504
2184484,224,167,1384,2017,1912.0,0.0,0.541611,2.405872,TUR,OMN,6504
2184485,226,167,1384,2017,0.0,868.0,-1.0691709999999999,0.11636800000000001,TZA,OMN,6504
2184486,239,167,1384,2017,1156.0,0.0,-0.009819,0.686429,VNM,OMN,6504
2184487,14,176,1384,2017,69315.0,0.0,-0.42427200000000004,-0.152921,AUS,PNG,6504
2184488,43,176,1384,2017,27337.0,0.0,1.1127790000000002,1.56869,CHN,PNG,6504
2184489,103,176,1384,2017,1065.0,0.0,-0.23641700000000002,1.188173,IDN,PNG,6504
2184490,128,176,1384,2017,7520.0,0.0,-0.46442799999999995,0.472132,LKA,PNG,6504
2184491,192,176,1384,2017,19355.0,0.0,1.884166,0.37903600000000004,SGP,PNG,6504
2184492,216,176,1384,2017,2882.0,0.0,0.983977,1.3926020000000001,THA,PNG,6504
2184493,239,176,1384,2017,4633.0,0.0,-0.009819,0.686429,VNM,PNG,6504
2184494,43,178,1384,2017,2640.0,757369.0,1.1127790000000002,1.56869,CHN,PRK,6504
2184495,43,196,1384,2017,20117.0,0.0,1.1127790000000002,1.56869,CHN,SLE,6504
2184496,43,203,1384,2017,1579.0,0.0,1.1127790000000002,1.56869,CHN,STP,6504
2184497,179,203,1384,2017,11205.0,0.0,0.527046,2.264624,PRT,STP,6504
2184498,43,209,1384,2017,4662.0,0.0,1.1127790000000002,1.56869,CHN,SWZ,6504
2184499,151,209,1384,2017,1601.0,0.0,-0.156616,0.073153,MUS,SWZ,6504
2184500,155,209,1384,2017,1945.0,0.0,-0.5221060000000001,-0.7365079999999999,NAM,SWZ,6504
2184501,231,209,1384,2017,10274.0,0.0,1.601478,0.277271,USA,SWZ,6504
2184502,246,209,1384,2017,144627.0,0.0,0.2066,1.378591,ZAF,SWZ,6504
2184503,43,215,1384,2017,40438.0,0.0,1.1127790000000002,1.56869,CHN,TGO,6504
2184504,71,215,1384,2017,3235.0,0.0,0.734342,2.8180099999999997,ESP,TGO,6504
2184505,224,219,1384,2017,1112.0,0.0,0.541611,2.405872,TUR,TKM,6504
2184506,7,226,1384,2017,3820.0,0.0,0.210477,0.02557,ARE,TZA,6504
2184507,14,226,1384,2017,868.0,0.0,-0.42427200000000004,-0.152921,AUS,TZA,6504
2184508,43,226,1384,2017,98403.0,0.0,1.1127790000000002,1.56869,CHN,TZA,6504
2184509,81,226,1384,2017,8672.0,0.0,1.6883119999999998,0.8347469999999999,GBR,TZA,6504
2184510,104,226,1384,2017,14352.0,0.0,0.290576,2.726391,IND,TZA,6504
2184511,116,226,1384,2017,1611.0,0.0,-0.579541,0.511926,KEN,TZA,6504
2184512,155,226,1384,2017,7593.0,0.0,-0.5221060000000001,-0.7365079999999999,NAM,TZA,6504
2184513,167,226,1384,2017,868.0,0.0,-0.347684,-0.884569,OMN,TZA,6504
2184514,187,226,1384,2017,0.0,39491.0,-0.7610319999999999,-0.680251,RWA,TZA,6504
2184515,216,226,1384,2017,1022.0,0.0,0.983977,1.3926020000000001,THA,TZA,6504
2184516,246,226,1384,2017,13762.0,0.0,0.2066,1.378591,ZAF,TZA,6504
2184517,7,227,1384,2017,11265.0,0.0,0.210477,0.02557,ARE,UGA,6504
2184518,17,227,1384,2017,0.0,12750.0,-0.637985,-1.051277,BDI,UGA,6504
2184519,43,227,1384,2017,4689.0,0.0,1.1127790000000002,1.56869,CHN,UGA,6504
2184520,46,227,1384,2017,0.0,1163.0,-1.3960569999999999,-1.126784,COD,UGA,6504
2184521,114,227,1384,2017,1947.0,0.0,2.4510419999999997,-0.277357,JPN,UGA,6504
2184522,116,227,1384,2017,3402.0,1654.0,-0.579541,0.511926,KEN,UGA,6504
2184523,187,227,1384,2017,0.0,1188.0,-0.7610319999999999,-0.680251,RWA,UGA,6504
2184524,216,227,1384,2017,584.0,0.0,0.983977,1.3926020000000001,THA,UGA,6504
2184525,246,227,1384,2017,2749.0,0.0,0.2066,1.378591,ZAF,UGA,6504
2184526,231,237,1384,2017,4854.0,0.0,1.601478,0.277271,USA,VGB,6504
2184527,7,239,1384,2017,0.0,693332.0,0.210477,0.02557,ARE,VNM,6504
2184528,8,239,1384,2017,0.0,1083.0,-0.120753,0.233375,ARG,VNM,6504
2184529,14,239,1384,2017,0.0,383043.0,-0.42427200000000004,-0.152921,AUS,VNM,6504
2184530,15,239,1384,2017,0.0,7080.0,1.728623,-0.031045999999999997,AUT,VNM,6504
2184531,18,239,1384,2017,0.0,55244.0,1.292657,1.19571,BEL,VNM,6504
2184532,24,239,1384,2017,0.0,6422.0,0.485479,-0.5348890000000001,BHR,VNM,6504
2184533,30,239,1384,2017,0.0,1946.0,1.06318,-0.48345,BMU,VNM,6504
2184534,31,239,1384,2017,0.0,10463.0,-1.158425,-1.076242,BOL,VNM,6504
2184535,32,239,1384,2017,0.0,32311.0,0.145224,0.483461,BRA,VNM,6504
2184536,39,239,1384,2017,0.0,636448.0,0.73897,1.206402,CAN,VNM,6504
2184537,41,239,1384,2017,0.0,31959.0,2.2557810000000003,0.845459,CHE,VNM,6504
2184538,43,239,1384,2017,222978.0,47738.0,1.1127790000000002,1.56869,CHN,VNM,6504
2184539,49,239,1384,2017,0.0,3297.0,0.208096,-0.17644300000000002,COL,VNM,6504
2184540,59,239,1384,2017,0.0,24807.0,1.7715130000000001,0.359668,CZE,VNM,6504
2184541,61,239,1384,2017,7114.0,242487.0,2.1149459999999998,-2.525372,DEU,VNM,6504
2184542,64,239,1384,2017,0.0,11006.0,1.159753,1.233914,DNK,VNM,6504
2184543,71,239,1384,2017,7990.0,1536286.0,0.734342,2.8180099999999997,ESP,VNM,6504
2184544,74,239,1384,2017,0.0,4909.0,1.655957,0.962485,FIN,VNM,6504
2184545,77,239,1384,2017,1015.0,392834.0,1.398427,0.894732,FRA,VNM,6504
2184546,81,239,1384,2017,0.0,26234.0,1.6883119999999998,0.8347469999999999,GBR,VNM,6504
2184547,83,239,1384,2017,0.0,9671.0,-0.929143,-0.811439,GHA,VNM,6504
2184548,90,239,1384,2017,0.0,31331.0,0.154098,1.151038,GRC,VNM,6504
2184549,93,239,1384,2017,0.0,18562.0,-0.418538,0.557454,GTM,VNM,6504
2184550,97,239,1384,2017,1851.0,27513.0,0.824982,1.7162220000000001,HKG,VNM,6504
2184551,106,239,1384,2017,0.0,1015.0,1.363544,0.169211,IRL,VNM,6504
2184552,109,239,1384,2017,0.0,1956.0,0.386094,-0.277269,ISL,VNM,6504
2184553,110,239,1384,2017,0.0,1889.0,1.436156,0.776574,ISR,VNM,6504
2184554,111,239,1384,2017,1252.0,190707.0,1.34395,0.577693,ITA,VNM,6504
2184555,114,239,1384,2017,6237.0,185914.0,2.4510419999999997,-0.277357,JPN,VNM,6504
2184556,118,239,1384,2017,0.0,21133.0,-0.656325,-0.622167,KHM,VNM,6504
2184557,121,239,1384,2017,903.0,17681.0,2.011263,0.783215,KOR,VNM,6504
2184558,122,239,1384,2017,0.0,64986.0,-0.229821,-1.128482,KWT,VNM,6504
2184559,124,239,1384,2017,0.0,8728.0,0.266847,1.117621,LBN,VNM,6504
2184560,128,239,1384,2017,1137.0,0.0,-0.46442799999999995,0.472132,LKA,VNM,6504
2184561,138,239,1384,2017,0.0,22610.0,1.08871,0.5745279999999999,MEX,VNM,6504
2184562,143,239,1384,2017,0.0,6506.0,-1.051544,-0.419183,MMR,VNM,6504
2184563,153,239,1384,2017,0.0,26314.0,1.0110139999999999,0.6840729999999999,MYS,VNM,6504
2184564,155,239,1384,2017,0.0,1089.0,-0.5221060000000001,-0.7365079999999999,NAM,VNM,6504
2184565,162,239,1384,2017,0.0,110789.0,1.146959,1.470869,NLD,VNM,6504
2184566,163,239,1384,2017,0.0,7943.0,0.73658,0.11450199999999999,NOR,VNM,6504
2184567,166,239,1384,2017,0.0,5026.0,0.25651199999999996,0.132996,NZL,VNM,6504
2184568,167,239,1384,2017,0.0,1156.0,-0.347684,-0.884569,OMN,VNM,6504
2184569,173,239,1384,2017,0.0,99897.0,-0.667658,-0.318344,PER,VNM,6504
2184570,176,239,1384,2017,0.0,4633.0,-1.788834,-1.267126,PNG,VNM,6504
2184571,177,239,1384,2017,0.0,18154.0,1.197417,1.092716,POL,VNM,6504
2184572,179,239,1384,2017,0.0,139986.0,0.527046,2.264624,PRT,VNM,6504
2184573,183,239,1384,2017,0.0,92824.0,-0.361327,-1.066869,QAT,VNM,6504
2184574,186,239,1384,2017,0.0,1139.0,0.32885,0.288392,RUS,VNM,6504
2184575,188,239,1384,2017,0.0,268222.0,0.597716,-0.345049,SAU,VNM,6504
2184576,192,239,1384,2017,3179.0,33608.0,1.884166,0.37903600000000004,SGP,VNM,6504
2184577,201,239,1384,2017,0.0,797.0,0.541644,1.19872,SRB,VNM,6504
2184578,206,239,1384,2017,0.0,1385.0,1.279606,0.85503,SVK,VNM,6504
2184579,216,239,1384,2017,1702.0,11601.0,0.983977,1.3926020000000001,THA,VNM,6504
2184580,223,239,1384,2017,0.0,110008.0,0.224119,0.961772,TUN,VNM,6504
2184581,224,239,1384,2017,0.0,3109.0,0.541611,2.405872,TUR,VNM,6504
2184582,231,239,1384,2017,2573.0,1188627.0,1.601478,0.277271,USA,VNM,6504
2184583,246,239,1384,2017,0.0,1963.0,0.2066,1.378591,ZAF,VNM,6504
2184584,249,239,1384,2017,0.0,24744.0,2.0548290000000002,1.2552969999999999,TWN,VNM,6504
2184585,250,239,1384,2017,3641.0,5662.0,0.72523,-0.205046,ANS,VNM,6504
2184586,43,247,1384,2017,1604.0,0.0,1.1127790000000002,1.56869,CHN,ZMB,6504
2184587,46,247,1384,2017,0.0,1052.0,-1.3960569999999999,-1.126784,COD,ZMB,6504
2184588,61,247,1384,2017,892.0,0.0,2.1149459999999998,-2.525372,DEU,ZMB,6504
2184589,77,247,1384,2017,4965.0,0.0,1.398427,0.894732,FRA,ZMB,6504
2184590,104,247,1384,2017,7354.0,0.0,0.290576,2.726391,IND,ZMB,6504
2184591,246,247,1384,2017,127723.0,0.0,0.2066,1.378591,ZAF,ZMB,6504
2184592,37,248,1384,2017,0.0,6151.0,-0.593754,-1.166742,BWA,ZWE,6504
2184593,43,248,1384,2017,23404.0,0.0,1.1127790000000002,1.56869,CHN,ZWE,6504
2184594,97,248,1384,2017,2348.0,0.0,0.824982,1.7162220000000001,HKG,ZWE,6504
2184595,246,248,1384,2017,21050.0,0.0,0.2066,1.378591,ZAF,ZWE,6504
2184596,7,9,1384,2017,1138.0,0.0,0.210477,0.02557,ARE,ARM,6504
2184597,43,9,1384,2017,14624.0,0.0,1.1127790000000002,1.56869,CHN,ARM,6504
2184598,61,9,1384,2017,1381.0,0.0,2.1149459999999998,-2.525372,DEU,ARM,6504
2184599,71,9,1384,2017,2267.0,0.0,0.734342,2.8180099999999997,ESP,ARM,6504
2184600,82,9,1384,2017,3413.0,0.0,-0.241749,-0.374727,GEO,ARM,6504
2184601,111,9,1384,2017,1896.0,0.0,1.34395,0.577693,ITA,ARM,6504
2184602,186,9,1384,2017,2097.0,19524.0,0.32885,0.288392,RUS,ARM,6504
2184603,97,120,1384,2017,1897.0,0.0,0.824982,1.7162220000000001,HKG,KNA,6504
2184604,104,120,1384,2017,1064.0,0.0,0.290576,2.726391,IND,KNA,6504
2184605,231,120,1384,2017,19821.0,0.0,1.601478,0.277271,USA,KNA,6504
2184606,104,35,1384,2017,2077.0,0.0,0.290576,2.726391,IND,BTN,6504
2184607,231,57,1384,2017,88363.0,0.0,1.601478,0.277271,USA,CYM,6504
2184608,81,76,1384,2017,11726.0,0.0,1.6883119999999998,0.8347469999999999,GBR,FLK,6504
2184609,64,92,1384,2017,2850.0,0.0,1.159753,1.233914,DNK,GRL,6504
2184610,7,108,1384,2017,40194.0,0.0,0.210477,0.02557,ARE,IRQ,6504
2184611,16,108,1384,2017,3609.0,0.0,-1.022455,-1.199225,AZE,IRQ,6504
2184612,43,108,1384,2017,240887.0,0.0,1.1127790000000002,1.56869,CHN,IRQ,6504
2184613,224,108,1384,2017,28795.0,0.0,0.541611,2.405872,TUR,IRQ,6504
2184614,231,108,1384,2017,11316.0,0.0,1.601478,0.277271,USA,IRQ,6504
2184615,43,126,1384,2017,13762.0,0.0,1.1127790000000002,1.56869,CHN,LBY,6504
2184616,142,126,1384,2017,4095.0,0.0,0.999914,0.12683,MLT,LBY,6504
2184617,224,126,1384,2017,3784.0,0.0,0.541611,2.405872,TUR,LBY,6504
2184618,7,140,1384,2017,0.0,1763.0,0.210477,0.02557,ARE,MKD,6504
2184619,41,140,1384,2017,0.0,2930.0,2.2557810000000003,0.845459,CHE,MKD,6504
2184620,43,140,1384,2017,16043.0,0.0,1.1127790000000002,1.56869,CHN,MKD,6504
2184621,67,140,1384,2017,259.0,0.0,-0.9995850000000001,-1.086367,ECU,MKD,6504
2184622,71,140,1384,2017,1514.0,0.0,0.734342,2.8180099999999997,ESP,MKD,6504
2184623,77,140,1384,2017,0.0,3902.0,1.398427,0.894732,FRA,MKD,6504
2184624,111,140,1384,2017,939.0,29658.0,1.34395,0.577693,ITA,MKD,6504
2184625,114,140,1384,2017,0.0,6478.0,2.4510419999999997,-0.277357,JPN,MKD,6504
2184626,121,140,1384,2017,0.0,3461.0,2.011263,0.783215,KOR,MKD,6504
2184627,177,140,1384,2017,5957.0,0.0,1.197417,1.092716,POL,MKD,6504
2184628,186,140,1384,2017,0.0,1664.0,0.32885,0.288392,RUS,MKD,6504
2184629,224,140,1384,2017,6229.0,0.0,0.541611,2.405872,TUR,MKD,6504
2184630,231,140,1384,2017,1906.0,0.0,1.601478,0.277271,USA,MKD,6504
2184631,250,140,1384,2017,0.0,2.0,0.72523,-0.205046,ANS,MKD,6504
2184632,43,145,1384,2017,1779.0,51053.0,1.1127790000000002,1.56869,CHN,MNG,6504
2184633,59,145,1384,2017,1510.0,0.0,1.7715130000000001,0.359668,CZE,MNG,6504
2184634,61,145,1384,2017,25501.0,0.0,2.1149459999999998,-2.525372,DEU,MNG,6504
2184635,111,145,1384,2017,10478.0,0.0,1.34395,0.577693,ITA,MNG,6504
2184636,121,145,1384,2017,1511.0,0.0,2.011263,0.783215,KOR,MNG,6504
2184637,177,145,1384,2017,1853.0,0.0,1.197417,1.092716,POL,MNG,6504
2184638,231,145,1384,2017,3096.0,0.0,1.601478,0.277271,USA,MNG,6504
2184639,116,199,1384,2017,1360.0,0.0,-0.579541,0.511926,KEN,SOM,6504
2184640,246,199,1384,2017,4454.0,0.0,0.2066,1.378591,ZAF,SOM,6504
2184641,43,0,1384,2017,9454.0,0.0,1.1127790000000002,1.56869,CHN,ABW,6504
2184642,49,0,1384,2017,10239.0,0.0,0.208096,-0.17644300000000002,COL,ABW,6504
2184643,67,0,1384,2017,4450.0,0.0,-0.9995850000000001,-1.086367,ECU,ABW,6504
2184644,71,0,1384,2017,2348.0,0.0,0.734342,2.8180099999999997,ESP,ABW,6504
2184645,162,0,1384,2017,1904.0,0.0,1.146959,1.470869,NLD,ABW,6504
2184646,169,0,1384,2017,5313.0,0.0,0.5520109999999999,0.788181,PAN,ABW,6504
2184647,173,0,1384,2017,1075.0,0.0,-0.667658,-0.318344,PER,ABW,6504
2184648,231,0,1384,2017,61242.0,0.0,1.601478,0.277271,USA,ABW,6504
2184649,236,0,1384,2017,12069.0,0.0,-0.8874559999999999,-1.178752,VEN,ABW,6504
2184650,250,0,1384,2017,15499.0,0.0,0.72523,-0.205046,ANS,ABW,6504
2184651,7,1,1384,2017,71478.0,1120.0,0.210477,0.02557,ARE,AFG,6504
2184652,14,1,1384,2017,0.0,1488.0,-0.42427200000000004,-0.152921,AUS,AFG,6504
2184653,43,1,1384,2017,2982.0,0.0,1.1127790000000002,1.56869,CHN,AFG,6504
2184654,81,1,1384,2017,3017.0,0.0,1.6883119999999998,0.8347469999999999,GBR,AFG,6504
2184655,104,1,1384,2017,4356.0,0.0,0.290576,2.726391,IND,AFG,6504
2184656,107,1,1384,2017,5307.0,0.0,-0.361292,-0.361813,IRN,AFG,6504
2184657,231,1,1384,2017,94355.0,0.0,1.601478,0.277271,USA,AFG,6504
2184658,7,2,1384,2017,3039.0,0.0,0.210477,0.02557,ARE,AGO,6504
2184659,37,2,1384,2017,0.0,2683.0,-0.593754,-1.166742,BWA,AGO,6504
2184660,43,2,1384,2017,50313.0,0.0,1.1127790000000002,1.56869,CHN,AGO,6504
2184661,81,2,1384,2017,2022.0,0.0,1.6883119999999998,0.8347469999999999,GBR,AGO,6504
2184662,97,2,1384,2017,13423.0,0.0,0.824982,1.7162220000000001,HKG,AGO,6504
2184663,104,2,1384,2017,6661.0,0.0,0.290576,2.726391,IND,AGO,6504
2184664,155,2,1384,2017,19127.0,0.0,-0.5221060000000001,-0.7365079999999999,NAM,AGO,6504
2184665,179,2,1384,2017,41371.0,0.0,0.527046,2.264624,PRT,AGO,6504
2184666,224,2,1384,2017,1931.0,0.0,0.541611,2.405872,TUR,AGO,6504
2184667,231,2,1384,2017,3063.0,0.0,1.601478,0.277271,USA,AGO,6504
2184668,246,2,1384,2017,14004.0,0.0,0.2066,1.378591,ZAF,AGO,6504
2184669,231,3,1384,2017,3511.0,0.0,1.601478,0.277271,USA,AIA,6504
2184670,43,4,1384,2017,103343.0,0.0,1.1127790000000002,1.56869,CHN,ALB,6504
2184671,71,4,1384,2017,2084.0,0.0,0.734342,2.8180099999999997,ESP,ALB,6504
2184672,77,4,1384,2017,0.0,13727.0,1.398427,0.894732,FRA,ALB,6504
2184673,90,4,1384,2017,1436.0,0.0,0.154098,1.151038,GRC,ALB,6504
2184674,102,4,1384,2017,3144.0,0.0,1.4886270000000001,0.845986,HUN,ALB,6504
2184675,111,4,1384,2017,2912.0,13180.0,1.34395,0.577693,ITA,ALB,6504
2184676,224,4,1384,2017,3463.0,0.0,0.541611,2.405872,TUR,ALB,6504
2184677,43,5,1384,2017,140.0,0.0,1.1127790000000002,1.56869,CHN,AND,6504
2184678,71,5,1384,2017,6265.0,0.0,0.734342,2.8180099999999997,ESP,AND,6504
2184679,77,5,1384,2017,2635.0,0.0,1.398427,0.894732,FRA,AND,6504
2184680,7,17,1384,2017,3978.0,0.0,0.210477,0.02557,ARE,BDI,6504
2184681,18,17,1384,2017,0.0,623.0,1.292657,1.19571,BEL,BDI,6504
2184682,43,17,1384,2017,111486.0,0.0,1.1127790000000002,1.56869,CHN,BDI,6504
2184683,116,17,1384,2017,1768.0,0.0,-0.579541,0.511926,KEN,BDI,6504
2184684,186,17,1384,2017,1176.0,0.0,0.32885,0.288392,RUS,BDI,6504
2184685,227,17,1384,2017,12750.0,0.0,-0.6831020000000001,-0.046838,UGA,BDI,6504
2184686,43,29,1384,2017,4348.0,0.0,1.1127790000000002,1.56869,CHN,BLZ,6504
2184687,138,29,1384,2017,789.0,966.0,1.08871,0.5745279999999999,MEX,BLZ,6504
2184688,169,29,1384,2017,1217.0,0.0,0.5520109999999999,0.788181,PAN,BLZ,6504
2184689,231,29,1384,2017,19809.0,0.0,1.601478,0.277271,USA,BLZ,6504
2184690,249,29,1384,2017,784.0,0.0,2.0548290000000002,1.2552969999999999,TWN,BLZ,6504
2184691,39,30,1384,2017,2489.0,0.0,0.73897,1.206402,CAN,BMU,6504
2184692,43,30,1384,2017,14932.0,0.0,1.1127790000000002,1.56869,CHN,BMU,6504
2184693,81,30,1384,2017,5592.0,0.0,1.6883119999999998,0.8347469999999999,GBR,BMU,6504
2184694,109,30,1384,2017,1103.0,0.0,0.386094,-0.277269,ISL,BMU,6504
2184695,162,30,1384,2017,2692.0,0.0,1.146959,1.470869,NLD,BMU,6504
2184696,169,30,1384,2017,659.0,0.0,0.5520109999999999,0.788181,PAN,BMU,6504
2184697,231,30,1384,2017,62232.0,1619.0,1.601478,0.277271,USA,BMU,6504
2184698,239,30,1384,2017,1946.0,0.0,-0.009819,0.686429,VNM,BMU,6504
2184699,43,34,1384,2017,1030.0,0.0,1.1127790000000002,1.56869,CHN,BRN,6504
2184700,103,34,1384,2017,3271.0,0.0,-0.23641700000000002,1.188173,IDN,BRN,6504
2184701,153,34,1384,2017,1222.0,1801.0,1.0110139999999999,0.6840729999999999,MYS,BRN,6504
2184702,192,34,1384,2017,10880.0,0.0,1.884166,0.37903600000000004,SGP,BRN,6504
2184703,231,34,1384,2017,2138.0,0.0,1.601478,0.277271,USA,BRN,6504
2184704,14,75,1384,2017,19176.0,1661.0,-0.42427200000000004,-0.152921,AUS,FJI,6504
2184705,43,75,1384,2017,32062.0,0.0,1.1127790000000002,1.56869,CHN,FJI,6504
2184706,97,75,1384,2017,2877.0,0.0,0.824982,1.7162220000000001,HKG,FJI,6504
2184707,103,75,1384,2017,1931.0,0.0,-0.23641700000000002,1.188173,IDN,FJI,6504
2184708,166,75,1384,2017,3279.0,0.0,0.25651199999999996,0.132996,NZL,FJI,6504
2184709,168,75,1384,2017,2199.0,0.0,-0.698561,0.43523500000000004,PAK,FJI,6504
2184710,216,75,1384,2017,3604.0,0.0,0.983977,1.3926020000000001,THA,FJI,6504
2184711,231,75,1384,2017,13283.0,0.0,1.601478,0.277271,USA,FJI,6504
2184712,242,75,1384,2017,0.0,1590.0,0.450726,0.050197000000000006,WSM,FJI,6504
2184713,64,78,1384,2017,7059.0,0.0,1.159753,1.233914,DNK,FRO,6504
2184714,71,84,1384,2017,7074.0,0.0,0.734342,2.8180099999999997,ESP,GIB,6504
2184715,81,84,1384,2017,7416.0,0.0,1.6883119999999998,0.8347469999999999,GBR,GIB,6504
2184716,206,84,1384,2017,1211.0,0.0,1.279606,0.85503,SVK,GIB,6504
2184717,43,87,1384,2017,6760.0,0.0,1.1127790000000002,1.56869,CHN,GMB,6504
2184718,246,87,1384,2017,1223.0,0.0,0.2066,1.378591,ZAF,GMB,6504
2184719,81,91,1384,2017,3068.0,0.0,1.6883119999999998,0.8347469999999999,GBR,GRD,6504
2184720,231,91,1384,2017,10891.0,0.0,1.601478,0.277271,USA,GRD,6504
2184721,192,95,1384,2017,2730.0,0.0,1.884166,0.37903600000000004,SGP,GUM,6504
2184722,42,101,1384,2017,0.0,1490.0,-0.378693,-0.492983,CHL,HTI,6504
2184723,43,101,1384,2017,3606.0,0.0,1.1127790000000002,1.56869,CHN,HTI,6504
2184724,77,101,1384,2017,0.0,6079.0,1.398427,0.894732,FRA,HTI,6504
2184725,122,101,1384,2017,0.0,16847.0,-0.229821,-1.128482,KWT,HTI,6504
2184726,231,101,1384,2017,8733.0,8788.0,1.601478,0.277271,USA,HTI,6504
2184727,43,123,1384,2017,2373.0,0.0,1.1127790000000002,1.56869,CHN,LAO,6504
2184728,216,123,1384,2017,16289.0,0.0,0.983977,1.3926020000000001,THA,LAO,6504
2184729,246,129,1384,2017,189990.0,27127.0,0.2066,1.378591,ZAF,LSO,6504
2184730,43,133,1384,2017,21300.0,0.0,1.1127790000000002,1.56869,CHN,MAC,6504
2184731,61,133,1384,2017,2521.0,0.0,2.1149459999999998,-2.525372,DEU,MAC,6504
2184732,71,133,1384,2017,3839.0,0.0,0.734342,2.8180099999999997,ESP,MAC,6504
2184733,77,133,1384,2017,8597.0,0.0,1.398427,0.894732,FRA,MAC,6504
2184734,81,133,1384,2017,12303.0,0.0,1.6883119999999998,0.8347469999999999,GBR,MAC,6504
2184735,97,133,1384,2017,54397.0,3259.0,0.824982,1.7162220000000001,HKG,MAC,6504
2184736,111,133,1384,2017,55468.0,1439.0,1.34395,0.577693,ITA,MAC,6504
2184737,162,133,1384,2017,2093.0,0.0,1.146959,1.470869,NLD,MAC,6504
2184738,43,137,1384,2017,4677.0,0.0,1.1127790000000002,1.56869,CHN,MDV,6504
2184739,67,137,1384,2017,2382.0,0.0,-0.9995850000000001,-1.086367,ECU,MDV,6504
2184740,77,137,1384,2017,5716.0,0.0,1.398427,0.894732,FRA,MDV,6504
2184741,81,137,1384,2017,3350.0,0.0,1.6883119999999998,0.8347469999999999,GBR,MDV,6504
2184742,97,137,1384,2017,1363.0,0.0,0.824982,1.7162220000000001,HKG,MDV,6504
2184743,103,137,1384,2017,2915.0,0.0,-0.23641700000000002,1.188173,IDN,MDV,6504
2184744,111,137,1384,2017,2447.0,0.0,1.34395,0.577693,ITA,MDV,6504
2184745,128,137,1384,2017,1510.0,0.0,-0.46442799999999995,0.472132,LKA,MDV,6504
2184746,192,137,1384,2017,1321.0,0.0,1.884166,0.37903600000000004,SGP,MDV,6504
2184747,216,137,1384,2017,7338.0,0.0,0.983977,1.3926020000000001,THA,MDV,6504
2184748,231,137,1384,2017,2848.0,0.0,1.601478,0.277271,USA,MDV,6504
2184749,14,156,1384,2017,27027.0,0.0,-0.42427200000000004,-0.152921,AUS,NCL,6504
2184750,43,156,1384,2017,7928.0,0.0,1.1127790000000002,1.56869,CHN,NCL,6504
2184751,77,156,1384,2017,3540.0,56734.0,1.398427,0.894732,FRA,NCL,6504
2184752,111,156,1384,2017,7943.0,0.0,1.34395,0.577693,ITA,NCL,6504
2184753,166,156,1384,2017,11280.0,0.0,0.25651199999999996,0.132996,NZL,NCL,6504
2184754,216,156,1384,2017,5333.0,0.0,0.983977,1.3926020000000001,THA,NCL,6504
2184755,231,156,1384,2017,9114.0,0.0,1.601478,0.277271,USA,NCL,6504
2184756,111,157,1384,2017,1425.0,0.0,1.34395,0.577693,ITA,NER,6504
2184757,159,157,1384,2017,2559.0,0.0,-1.8260919999999998,-1.276591,NGA,NER,6504
2184758,22,164,1384,2017,3281.0,0.0,-1.016251,-0.987654,BGD,NPL,6504
2184759,39,164,1384,2017,0.0,6387.0,0.73897,1.206402,CAN,NPL,6504
2184760,43,164,1384,2017,5999.0,990.0,1.1127790000000002,1.56869,CHN,NPL,6504
2184761,74,164,1384,2017,0.0,3943.0,1.655957,0.962485,FIN,NPL,6504
2184762,104,164,1384,2017,7839.0,0.0,0.290576,2.726391,IND,NPL,6504
2184763,114,164,1384,2017,0.0,5483.0,2.4510419999999997,-0.277357,JPN,NPL,6504
2184764,163,164,1384,2017,0.0,15191.0,0.73658,0.11450199999999999,NOR,NPL,6504
2184765,216,164,1384,2017,6484.0,0.0,0.983977,1.3926020000000001,THA,NPL,6504
2184766,231,164,1384,2017,0.0,5705.0,1.601478,0.277271,USA,NPL,6504
2184767,174,175,1384,2017,703.0,0.0,0.657759,0.170061,PHL,PLW,6504
2184768,231,175,1384,2017,2865.0,0.0,1.601478,0.277271,USA,PLW,6504
2184769,14,182,1384,2017,16677.0,0.0,-0.42427200000000004,-0.152921,AUS,PYF,6504
2184770,231,182,1384,2017,13666.0,0.0,1.601478,0.277271,USA,PYF,6504
2184771,14,195,1384,2017,1629.0,0.0,-0.42427200000000004,-0.152921,AUS,SLB,6504
2184772,43,195,1384,2017,3900.0,0.0,1.1127790000000002,1.56869,CHN,SLB,6504
2184773,116,202,1384,2017,5813.0,0.0,-0.579541,0.511926,KEN,SSD,6504
2184774,7,211,1384,2017,677.0,0.0,0.210477,0.02557,ARE,SYC,6504
2184775,43,211,1384,2017,3279.0,0.0,1.1127790000000002,1.56869,CHN,SYC,6504
2184776,77,211,1384,2017,5473.0,0.0,1.398427,0.894732,FRA,SYC,6504
2184777,81,211,1384,2017,1263.0,0.0,1.6883119999999998,0.8347469999999999,GBR,SYC,6504
2184778,104,211,1384,2017,1069.0,0.0,0.290576,2.726391,IND,SYC,6504
2184779,111,211,1384,2017,11750.0,0.0,1.34395,0.577693,ITA,SYC,6504
2184780,136,211,1384,2017,1611.0,0.0,-1.277182,-0.6503399999999999,MDG,SYC,6504
2184781,151,211,1384,2017,1452.0,0.0,-0.156616,0.073153,MUS,SYC,6504
2184782,216,211,1384,2017,2978.0,0.0,0.983977,1.3926020000000001,THA,SYC,6504
2184783,246,211,1384,2017,1154.0,0.0,0.2066,1.378591,ZAF,SYC,6504
2184784,7,212,1384,2017,1314.0,11842.0,0.210477,0.02557,ARE,SYR,6504
2184785,43,212,1384,2017,24982.0,0.0,1.1127790000000002,1.56869,CHN,SYR,6504
2184786,122,212,1384,2017,0.0,7721.0,-0.229821,-1.128482,KWT,SYR,6504
2184787,183,212,1384,2017,0.0,4234.0,-0.361327,-1.066869,QAT,SYR,6504
2184788,224,212,1384,2017,1784.0,0.0,0.541611,2.405872,TUR,SYR,6504
2184789,43,220,1384,2017,892.0,0.0,1.1127790000000002,1.56869,CHN,TLS,6504
2184790,103,220,1384,2017,1606.0,0.0,-0.23641700000000002,1.188173,IDN,TLS,6504
2184791,43,221,1384,2017,8875.0,0.0,1.1127790000000002,1.56869,CHN,TON,6504
2184792,166,221,1384,2017,1670.0,0.0,0.25651199999999996,0.132996,NZL,TON,6504
2184793,43,234,1384,2017,1339.0,0.0,1.1127790000000002,1.56869,CHN,VCT,6504
2184794,231,234,1384,2017,2083.0,0.0,1.601478,0.277271,USA,VCT,6504
2184795,14,240,1384,2017,1781.0,0.0,-0.42427200000000004,-0.152921,AUS,VUT,6504
2184796,43,243,1384,2017,26184.0,0.0,1.1127790000000002,1.56869,CHN,YEM,6504
2184797,43,242,1384,2017,5183.0,0.0,1.1127790000000002,1.56869,CHN,WSM,6504
2184798,75,242,1384,2017,1590.0,0.0,-0.278276,-0.033997,FJI,WSM,6504
2184799,121,242,1384,2017,963.0,0.0,2.011263,0.783215,KOR,WSM,6504
2184800,166,242,1384,2017,5425.0,0.0,0.25651199999999996,0.132996,NZL,WSM,6504
2184801,231,242,1384,2017,1291.0,0.0,1.601478,0.277271,USA,WSM,6504
2184802,81,210,1384,2017,1278.0,0.0,1.6883119999999998,0.8347469999999999,GBR,SXM,6504
2184803,111,210,1384,2017,4851.0,0.0,1.34395,0.577693,ITA,SXM,6504
2184804,169,210,1384,2017,1608.0,0.0,0.5520109999999999,0.788181,PAN,SXM,6504
2184805,231,210,1384,2017,55784.0,0.0,1.601478,0.277271,USA,SXM,6504
2184806,14,48,1384,2017,1656.0,0.0,-0.42427200000000004,-0.152921,AUS,COK,6504
2184807,166,48,1384,2017,4354.0,0.0,0.25651199999999996,0.132996,NZL,COK,6504
2184808,166,161,1384,2017,1511.0,0.0,0.25651199999999996,0.132996,NZL,NIU,6504
2184809,77,241,1384,2017,1081.0,0.0,1.398427,0.894732,FRA,WLF,6504
2184810,111,27,1384,2017,17250.0,0.0,1.34395,0.577693,ITA,BLM,6504
2184811,39,213,1384,2017,1631.0,0.0,0.73897,1.206402,CAN,TCA,6504
2184812,231,213,1384,2017,50397.0,0.0,1.601478,0.277271,USA,TCA,6504
2184813,169,105,1384,2017,1522.0,0.0,0.5520109999999999,0.788181,PAN,IOT,6504
2184814,1,7,1385,2017,1389.0,34119.0,-1.147348,-0.886799,AFG,ARE,6505
2184815,2,7,1385,2017,0.0,59663.0,-1.408777,-1.215475,AGO,ARE,6505
2184816,9,7,1385,2017,3682.0,21316.0,-0.23846799999999999,-0.658774,ARM,ARE,6505
2184817,14,7,1385,2017,16955.0,3639.0,-0.42427200000000004,-0.152921,AUS,ARE,6505
2184818,15,7,1385,2017,15949.0,3328.0,1.728623,-0.031045999999999997,AUT,ARE,6505
2184819,16,7,1385,2017,0.0,16168.0,-1.022455,-1.199225,AZE,ARE,6505
2184820,17,7,1385,2017,0.0,937.0,-0.637985,-1.051277,BDI,ARE,6505
2184821,18,7,1385,2017,29871.0,982.0,1.292657,1.19571,BEL,ARE,6505
2184822,21,7,1385,2017,0.0,1599.0,-1.100802,-1.0632110000000001,BFA,ARE,6505
2184823,22,7,1385,2017,654013.0,41581.0,-1.016251,-0.987654,BGD,ARE,6505
2184824,23,7,1385,2017,3568.0,0.0,0.557843,1.7221119999999999,BGR,ARE,6505
2184825,24,7,1385,2017,26130.0,92595.0,0.485479,-0.5348890000000001,BHR,ARE,6505
2184826,26,7,1385,2017,738.0,0.0,0.43245,0.726721,BIH,ARE,6505
2184827,32,7,1385,2017,18394.0,2515.0,0.145224,0.483461,BRA,ARE,6505
2184828,39,7,1385,2017,41672.0,22173.0,0.73897,1.206402,CAN,ARE,6505
2184829,41,7,1385,2017,72683.0,8495.0,2.2557810000000003,0.845459,CHE,ARE,6505
2184830,42,7,1385,2017,2570.0,2407.0,-0.378693,-0.492983,CHL,ARE,6505
2184831,43,7,1385,2017,22047284.0,8193.0,1.1127790000000002,1.56869,CHN,ARE,6505
2184832,44,7,1385,2017,0.0,12311.0,-0.784119,-0.904135,CIV,ARE,6505
2184833,45,7,1385,2017,0.0,4502.0,-1.048569,-1.030799,CMR,ARE,6505
2184834,46,7,1385,2017,0.0,15143.0,-1.3960569999999999,-1.126784,COD,ARE,6505
2184835,47,7,1385,2017,0.0,1429.0,-1.2289780000000001,-1.169368,COG,ARE,6505
2184836,49,7,1385,2017,3576.0,0.0,0.208096,-0.17644300000000002,COL,ARE,6505
2184837,59,7,1385,2017,121699.0,0.0,1.7715130000000001,0.359668,CZE,ARE,6505
2184838,61,7,1385,2017,504638.0,11742.0,2.1149459999999998,-2.525372,DEU,ARE,6505
2184839,62,7,1385,2017,0.0,6036.0,-0.4897,-0.7249180000000001,DJI,ARE,6505
2184840,64,7,1385,2017,31625.0,1095.0,1.159753,1.233914,DNK,ARE,6505
2184841,65,7,1385,2017,3627.0,0.0,-0.168016,0.30840100000000004,DOM,ARE,6505
2184842,66,7,1385,2017,0.0,110690.0,-0.9905579999999999,-1.1996200000000001,DZA,ARE,6505
2184843,67,7,1385,2017,1065.0,0.0,-0.9995850000000001,-1.086367,ECU,ARE,6505
2184844,68,7,1385,2017,16194.0,85833.0,-0.073436,1.829121,EGY,ARE,6505
2184845,69,7,1385,2017,0.0,6030.0,-1.4706139999999999,-1.024845,ERI,ARE,6505
2184846,71,7,1385,2017,256510.0,8529.0,0.734342,2.8180099999999997,ESP,ARE,6505
2184847,73,7,1385,2017,0.0,9629.0,-1.007413,-0.638231,ETH,ARE,6505
2184848,74,7,1385,2017,9085.0,0.0,1.655957,0.962485,FIN,ARE,6505
2184849,77,7,1385,2017,461306.0,30716.0,1.398427,0.894732,FRA,ARE,6505
2184850,81,7,1385,2017,464240.0,66091.0,1.6883119999999998,0.8347469999999999,GBR,ARE,6505
2184851,82,7,1385,2017,15920.0,24029.0,-0.241749,-0.374727,GEO,ARE,6505
2184852,83,7,1385,2017,0.0,10300.0,-0.929143,-0.811439,GHA,ARE,6505
2184853,85,7,1385,2017,0.0,12526.0,-1.7560669999999998,-1.2747680000000001,GIN,ARE,6505
2184854,93,7,1385,2017,3460.0,0.0,-0.418538,0.557454,GTM,ARE,6505
2184855,97,7,1385,2017,201874.0,50337.0,0.824982,1.7162220000000001,HKG,ARE,6505
2184856,100,7,1385,2017,6939.0,0.0,0.860825,1.365445,HRV,ARE,6505
2184857,102,7,1385,2017,3698.0,1912.0,1.4886270000000001,0.845986,HUN,ARE,6505
2184858,103,7,1385,2017,476353.0,0.0,-0.23641700000000002,1.188173,IDN,ARE,6505
2184859,104,7,1385,2017,845148.0,17805.0,0.290576,2.726391,IND,ARE,6505
2184860,106,7,1385,2017,0.0,1817.0,1.363544,0.169211,IRL,ARE,6505
2184861,107,7,1385,2017,0.0,303833.0,-0.361292,-0.361813,IRN,ARE,6505
2184862,108,7,1385,2017,0.0,218007.0,-1.515339,-0.9462950000000001,IRQ,ARE,6505
2184863,111,7,1385,2017,1264642.0,7734.0,1.34395,0.577693,ITA,ARE,6505
2184864,113,7,1385,2017,0.0,142636.0,0.020035,0.295415,JOR,ARE,6505
2184865,114,7,1385,2017,9136.0,129611.0,2.4510419999999997,-0.277357,JPN,ARE,6505
2184866,115,7,1385,2017,0.0,33420.0,-0.394316,-0.5485979999999999,KAZ,ARE,6505
2184867,116,7,1385,2017,0.0,10474.0,-0.579541,0.511926,KEN,ARE,6505
2184868,118,7,1385,2017,316555.0,0.0,-0.656325,-0.622167,KHM,ARE,6505
2184869,121,7,1385,2017,222686.0,50040.0,2.011263,0.783215,KOR,ARE,6505
2184870,122,7,1385,2017,45036.0,379580.0,-0.229821,-1.128482,KWT,ARE,6505
2184871,124,7,1385,2017,4955.0,47099.0,0.266847,1.117621,LBN,ARE,6505
2184872,125,7,1385,2017,0.0,3062.0,-0.355064,-0.977613,LBR,ARE,6505
2184873,126,7,1385,2017,0.0,7455.0,-1.156635,-1.212561,LBY,ARE,6505
2184874,128,7,1385,2017,662866.0,6386.0,-0.46442799999999995,0.472132,LKA,ARE,6505
2184875,130,7,1385,2017,2654.0,0.0,0.855858,1.447717,LTU,ARE,6505
2184876,134,7,1385,2017,3023.0,20113.0,-0.757236,-0.065347,MAR,ARE,6505
2184877,136,7,1385,2017,2289.0,0.0,-1.277182,-0.6503399999999999,MDG,ARE,6505
2184878,137,7,1385,2017,0.0,28217.0,-1.100027,-0.9779479999999999,MDV,ARE,6505
2184879,138,7,1385,2017,16889.0,0.0,1.08871,0.5745279999999999,MEX,ARE,6505
2184880,140,7,1385,2017,4766.0,0.0,-0.0292,-0.377156,MKD,ARE,6505
2184881,143,7,1385,2017,84947.0,0.0,-1.051544,-0.419183,MMR,ARE,6505
2184882,145,7,1385,2017,391.0,0.0,-0.933737,-1.1195620000000002,MNG,ARE,6505
2184883,147,7,1385,2017,0.0,2038.0,-1.3882290000000002,-1.114475,MOZ,ARE,6505
2184884,151,7,1385,2017,832.0,5584.0,-0.156616,0.073153,MUS,ARE,6505
2184885,152,7,1385,2017,0.0,9985.0,-0.761995,-0.8897729999999999,MWI,ARE,6505
2184886,153,7,1385,2017,7009.0,1971.0,1.0110139999999999,0.6840729999999999,MYS,ARE,6505
2184887,159,7,1385,2017,0.0,7236.0,-1.8260919999999998,-1.276591,NGA,ARE,6505
2184888,162,7,1385,2017,431038.0,11343.0,1.146959,1.470869,NLD,ARE,6505
2184889,163,7,1385,2017,0.0,1013.0,0.73658,0.11450199999999999,NOR,ARE,6505
2184890,164,7,1385,2017,0.0,8944.0,-0.319681,0.5788220000000001,NPL,ARE,6505
2184891,167,7,1385,2017,965.0,806802.0,-0.347684,-0.884569,OMN,ARE,6505
2184892,168,7,1385,2017,102343.0,23316.0,-0.698561,0.43523500000000004,PAK,ARE,6505
2184893,173,7,1385,2017,3282.0,0.0,-0.667658,-0.318344,PER,ARE,6505
2184894,174,7,1385,2017,287025.0,7609.0,0.657759,0.170061,PHL,ARE,6505
2184895,177,7,1385,2017,25999.0,3432.0,1.197417,1.092716,POL,ARE,6505
2184896,179,7,1385,2017,36431.0,2435.0,0.527046,2.264624,PRT,ARE,6505
2184897,180,7,1385,2017,0.0,1925.0,-0.437741,-0.9248879999999999,PRY,ARE,6505
2184898,181,7,1385,2017,0.0,345.0,0.11852,0.609241,PSE,ARE,6505
2184899,183,7,1385,2017,4074.0,69257.0,-0.361327,-1.066869,QAT,ARE,6505
2184900,185,7,1385,2017,3005.0,0.0,1.05479,0.9842219999999999,ROU,ARE,6505
2184901,186,7,1385,2017,16672.0,0.0,0.32885,0.288392,RUS,ARE,6505
2184902,187,7,1385,2017,0.0,2737.0,-0.7610319999999999,-0.680251,RWA,ARE,6505
2184903,188,7,1385,2017,275343.0,867962.0,0.597716,-0.345049,SAU,ARE,6505
2184904,190,7,1385,2017,0.0,2622.0,-1.567691,-1.257164,SDN,ARE,6505
2184905,191,7,1385,2017,0.0,45465.0,-0.6722899999999999,-0.26522199999999996,SEN,ARE,6505
2184906,192,7,1385,2017,167686.0,7905.0,1.884166,0.37903600000000004,SGP,ARE,6505
2184907,196,7,1385,2017,0.0,751.0,-0.37777,-0.6353270000000001,SLE,ARE,6505
2184908,197,7,1385,2017,0.0,1652.0,0.113639,0.23175199999999999,SLV,ARE,6505
2184909,199,7,1385,2017,0.0,4036.0,-1.2313479999999999,-1.063879,SOM,ARE,6505
2184910,206,7,1385,2017,14091.0,0.0,1.279606,0.85503,SVK,ARE,6505
2184911,207,7,1385,2017,0.0,824.0,1.600319,0.854305,SVN,ARE,6505
2184912,208,7,1385,2017,32717.0,0.0,1.764732,0.732646,SWE,ARE,6505
2184913,211,7,1385,2017,0.0,4955.0,0.41946000000000006,-0.523274,SYC,ARE,6505
2184914,212,7,1385,2017,44755.0,5563.0,-0.660905,0.345462,SYR,ARE,6505
2184915,215,7,1385,2017,0.0,4181.0,-0.8957450000000001,-0.891191,TGO,ARE,6505
2184916,216,7,1385,2017,179005.0,13507.0,0.983977,1.3926020000000001,THA,ARE,6505
2184917,219,7,1385,2017,0.0,8943.0,-1.564885,-1.274637,TKM,ARE,6505
2184918,223,7,1385,2017,7827.0,2155.0,0.224119,0.961772,TUN,ARE,6505
2184919,224,7,1385,2017,571840.0,0.0,0.541611,2.405872,TUR,ARE,6505
2184920,226,7,1385,2017,0.0,11690.0,-1.0691709999999999,0.11636800000000001,TZA,ARE,6505
2184921,227,7,1385,2017,0.0,11750.0,-0.6831020000000001,-0.046838,UGA,ARE,6505
2184922,228,7,1385,2017,0.0,2879.0,0.461109,0.7826569999999999,UKR,ARE,6505
2184923,231,7,1385,2017,269556.0,5856.0,1.601478,0.277271,USA,ARE,6505
2184924,232,7,1385,2017,0.0,7761.0,-0.407169,-0.264942,UZB,ARE,6505
2184925,239,7,1385,2017,1002220.0,0.0,-0.009819,0.686429,VNM,ARE,6505
2184926,243,7,1385,2017,0.0,18776.0,-1.397594,-1.2342110000000002,YEM,ARE,6505
2184927,246,7,1385,2017,44814.0,2932.0,0.2066,1.378591,ZAF,ARE,6505
2184928,247,7,1385,2017,0.0,688.0,-0.8594290000000001,-1.0574459999999999,ZMB,ARE,6505
2184929,249,7,1385,2017,134693.0,0.0,2.0548290000000002,1.2552969999999999,TWN,ARE,6505
2184930,15,8,1385,2017,4778.0,0.0,1.728623,-0.031045999999999997,AUT,ARG,6505
2184931,18,8,1385,2017,1125.0,0.0,1.292657,1.19571,BEL,ARG,6505
2184932,22,8,1385,2017,600446.0,0.0,-1.016251,-0.987654,BGD,ARG,6505
2184933,23,8,1385,2017,3210.0,0.0,0.557843,1.7221119999999999,BGR,ARG,6505
2184934,31,8,1385,2017,1351.0,1188.0,-1.158425,-1.076242,BOL,ARG,6505
2184935,32,8,1385,2017,35654.0,19534.0,0.145224,0.483461,BRA,ARG,6505
2184936,41,8,1385,2017,2147.0,0.0,2.2557810000000003,0.845459,CHE,ARG,6505
2184937,42,8,1385,2017,33568.0,10170.0,-0.378693,-0.492983,CHL,ARG,6505
2184938,43,8,1385,2017,12409879.0,136755.0,1.1127790000000002,1.56869,CHN,ARG,6505
2184939,49,8,1385,2017,0.0,8832.0,0.208096,-0.17644300000000002,COL,ARG,6505
2184940,52,8,1385,2017,0.0,1399.0,0.288642,-0.056219000000000005,CRI,ARG,6505
2184941,59,8,1385,2017,7608.0,0.0,1.7715130000000001,0.359668,CZE,ARG,6505
2184942,61,8,1385,2017,46097.0,0.0,2.1149459999999998,-2.525372,DEU,ARG,6505
2184943,67,8,1385,2017,84763.0,0.0,-0.9995850000000001,-1.086367,ECU,ARG,6505
2184944,71,8,1385,2017,61469.0,1395.0,0.734342,2.8180099999999997,ESP,ARG,6505
2184945,77,8,1385,2017,29012.0,7587.0,1.398427,0.894732,FRA,ARG,6505
2184946,81,8,1385,2017,1262.0,16176.0,1.6883119999999998,0.8347469999999999,GBR,ARG,6505
2184947,93,8,1385,2017,0.0,2692.0,-0.418538,0.557454,GTM,ARG,6505
2184948,97,8,1385,2017,55180.0,0.0,0.824982,1.7162220000000001,HKG,ARG,6505
2184949,103,8,1385,2017,118159.0,0.0,-0.23641700000000002,1.188173,IDN,ARG,6505
2184950,104,8,1385,2017,7290.0,0.0,0.290576,2.726391,IND,ARG,6505
2184951,110,8,1385,2017,839.0,0.0,1.436156,0.776574,ISR,ARG,6505
2184952,111,8,1385,2017,11227.0,1879.0,1.34395,0.577693,ITA,ARG,6505
2184953,114,8,1385,2017,0.0,2655.0,2.4510419999999997,-0.277357,JPN,ARG,6505
2184954,122,8,1385,2017,0.0,2042.0,-0.229821,-1.128482,KWT,ARG,6505
2184955,138,8,1385,2017,13266.0,24321.0,1.08871,0.5745279999999999,MEX,ARG,6505
2184956,153,8,1385,2017,8163.0,0.0,1.0110139999999999,0.6840729999999999,MYS,ARG,6505
2184957,162,8,1385,2017,3991.0,1970.0,1.146959,1.470869,NLD,ARG,6505
2184958,164,8,1385,2017,36896.0,0.0,-0.319681,0.5788220000000001,NPL,ARG,6505
2184959,166,8,1385,2017,2341.0,4762.0,0.25651199999999996,0.132996,NZL,ARG,6505
2184960,169,8,1385,2017,636.0,1821.0,0.5520109999999999,0.788181,PAN,ARG,6505
2184961,173,8,1385,2017,51710.0,1319.0,-0.667658,-0.318344,PER,ARG,6505
2184962,174,8,1385,2017,195951.0,0.0,0.657759,0.170061,PHL,ARG,6505
2184963,180,8,1385,2017,4474.0,31859.0,-0.437741,-0.9248879999999999,PRY,ARG,6505
2184964,197,8,1385,2017,1989.0,0.0,0.113639,0.23175199999999999,SLV,ARG,6505
2184965,208,8,1385,2017,3926.0,0.0,1.764732,0.732646,SWE,ARG,6505
2184966,216,8,1385,2017,1091.0,0.0,0.983977,1.3926020000000001,THA,ARG,6505
2184967,224,8,1385,2017,7048.0,0.0,0.541611,2.405872,TUR,ARG,6505
2184968,230,8,1385,2017,2439.0,81423.0,0.16963,-0.403006,URY,ARG,6505
2184969,231,8,1385,2017,184933.0,38972.0,1.601478,0.277271,USA,ARG,6505
2184970,239,8,1385,2017,375877.0,0.0,-0.009819,0.686429,VNM,ARG,6505
2184971,249,8,1385,2017,25609.0,0.0,2.0548290000000002,1.2552969999999999,TWN,ARG,6505
2184972,1,15,1385,2017,0.0,13466.0,-1.147348,-0.886799,AFG,AUT,6505
2184973,4,15,1385,2017,0.0,1546.0,-0.44769899999999996,-0.17193,ALB,AUT,6505
2184974,5,15,1385,2017,0.0,3190.0,1.097505,0.480863,AND,AUT,6505
2184975,7,15,1385,2017,3328.0,15949.0,0.210477,0.02557,ARE,AUT,6505
2184976,8,15,1385,2017,0.0,4778.0,-0.120753,0.233375,ARG,AUT,6505
2184977,14,15,1385,2017,7633.0,58114.0,-0.42427200000000004,-0.152921,AUS,AUT,6505
2184978,16,15,1385,2017,0.0,1060.0,-1.022455,-1.199225,AZE,AUT,6505
2184979,18,15,1385,2017,309217.0,151666.0,1.292657,1.19571,BEL,AUT,6505
2184980,22,15,1385,2017,1374329.0,0.0,-1.016251,-0.987654,BGD,AUT,6505
2184981,23,15,1385,2017,227565.0,190449.0,0.557843,1.7221119999999999,BGR,AUT,6505
2184982,24,15,1385,2017,8283.0,1210.0,0.485479,-0.5348890000000001,BHR,AUT,6505
2184983,26,15,1385,2017,21823.0,15541.0,0.43245,0.726721,BIH,AUT,6505
2184984,28,15,1385,2017,1580.0,2978.0,0.8115829999999999,0.8323459999999999,BLR,AUT,6505
2184985,31,15,1385,2017,9657.0,1924.0,-1.158425,-1.076242,BOL,AUT,6505
2184986,32,15,1385,2017,642.0,4338.0,0.145224,0.483461,BRA,AUT,6505
2184987,39,15,1385,2017,41981.0,43781.0,0.73897,1.206402,CAN,AUT,6505
2184988,41,15,1385,2017,181056.0,1488049.0,2.2557810000000003,0.845459,CHE,AUT,6505
2184989,42,15,1385,2017,0.0,13827.0,-0.378693,-0.492983,CHL,AUT,6505
2184990,43,15,1385,2017,2636604.0,30779.0,1.1127790000000002,1.56869,CHN,AUT,6505
2184991,45,15,1385,2017,1298.0,1416.0,-1.048569,-1.030799,CMR,AUT,6505
2184992,46,15,1385,2017,0.0,598.0,-1.3960569999999999,-1.126784,COD,AUT,6505
2184993,49,15,1385,2017,0.0,5418.0,0.208096,-0.17644300000000002,COL,AUT,6505
2184994,52,15,1385,2017,0.0,6691.0,0.288642,-0.056219000000000005,CRI,AUT,6505
2184995,58,15,1385,2017,0.0,10087.0,0.576982,0.279989,CYP,AUT,6505
2184996,59,15,1385,2017,2747378.0,1686802.0,1.7715130000000001,0.359668,CZE,AUT,6505
2184997,61,15,1385,2017,27588506.0,7244334.0,2.1149459999999998,-2.525372,DEU,AUT,6505
2184998,64,15,1385,2017,546661.0,28988.0,1.159753,1.233914,DNK,AUT,6505
2184999,67,15,1385,2017,2620.0,0.0,-0.9995850000000001,-1.086367,ECU,AUT,6505
2185000,68,15,1385,2017,2292.0,0.0,-0.073436,1.829121,EGY,AUT,6505
2185001,71,15,1385,2017,593105.0,136092.0,0.734342,2.8180099999999997,ESP,AUT,6505
2185002,72,15,1385,2017,14501.0,11080.0,1.010985,1.289633,EST,AUT,6505
2185003,74,15,1385,2017,40721.0,117420.0,1.655957,0.962485,FIN,AUT,6505
2185004,77,15,1385,2017,1622329.0,476211.0,1.398427,0.894732,FRA,AUT,6505
2185005,80,15,1385,2017,0.0,1110.0,-1.109612,-1.177577,GAB,AUT,6505
2185006,81,15,1385,2017,1268316.0,264842.0,1.6883119999999998,0.8347469999999999,GBR,AUT,6505
2185007,82,15,1385,2017,0.0,7176.0,-0.241749,-0.374727,GEO,AUT,6505
2185008,90,15,1385,2017,2315.0,31916.0,0.154098,1.151038,GRC,AUT,6505
2185009,93,15,1385,2017,0.0,2541.0,-0.418538,0.557454,GTM,AUT,6505
2185010,97,15,1385,2017,105104.0,25626.0,0.824982,1.7162220000000001,HKG,AUT,6505
2185011,99,15,1385,2017,807.0,0.0,-0.6335689999999999,-0.334201,HND,AUT,6505
2185012,100,15,1385,2017,723412.0,630619.0,0.860825,1.365445,HRV,AUT,6505
2185013,102,15,1385,2017,422979.0,686103.0,1.4886270000000001,0.845986,HUN,AUT,6505
2185014,103,15,1385,2017,7058.0,1953.0,-0.23641700000000002,1.188173,IDN,AUT,6505
2185015,104,15,1385,2017,11305.0,1778.0,0.290576,2.726391,IND,AUT,6505
2185016,106,15,1385,2017,6756.0,4226.0,1.363544,0.169211,IRL,AUT,6505
2185017,107,15,1385,2017,0.0,18351.0,-0.361292,-0.361813,IRN,AUT,6505
2185018,109,15,1385,2017,0.0,6779.0,0.386094,-0.277269,ISL,AUT,6505
2185019,110,15,1385,2017,5405.0,12993.0,1.436156,0.776574,ISR,AUT,6505
2185020,111,15,1385,2017,6110344.0,880377.0,1.34395,0.577693,ITA,AUT,6505
2185021,112,15,1385,2017,939.0,0.0,-0.497654,-0.76481,JAM,AUT,6505
2185022,113,15,1385,2017,2039.0,0.0,0.020035,0.295415,JOR,AUT,6505
2185023,114,15,1385,2017,6515.0,363857.0,2.4510419999999997,-0.277357,JPN,AUT,6505
2185024,115,15,1385,2017,0.0,7360.0,-0.394316,-0.5485979999999999,KAZ,AUT,6505
2185025,118,15,1385,2017,109293.0,0.0,-0.656325,-0.622167,KHM,AUT,6505
2185026,121,15,1385,2017,8015.0,80222.0,2.011263,0.783215,KOR,AUT,6505
2185027,124,15,1385,2017,0.0,2169.0,0.266847,1.117621,LBN,AUT,6505
2185028,126,15,1385,2017,0.0,8300.0,-1.156635,-1.212561,LBY,AUT,6505
2185029,128,15,1385,2017,123045.0,0.0,-0.46442799999999995,0.472132,LKA,AUT,6505
2185030,130,15,1385,2017,27953.0,8424.0,0.855858,1.447717,LTU,AUT,6505
2185031,131,15,1385,2017,1483.0,65094.0,1.24064,1.298263,LUX,AUT,6505
2185032,132,15,1385,2017,1326.0,14168.0,0.684555,1.3208030000000002,LVA,AUT,6505
2185033,134,15,1385,2017,22078.0,1857.0,-0.757236,-0.065347,MAR,AUT,6505
2185034,135,15,1385,2017,5061.0,4708.0,-0.24909,-0.181213,MDA,AUT,6505
2185035,136,15,1385,2017,19408.0,0.0,-1.277182,-0.6503399999999999,MDG,AUT,6505
2185036,138,15,1385,2017,6641.0,19144.0,1.08871,0.5745279999999999,MEX,AUT,6505
2185037,140,15,1385,2017,22713.0,8656.0,-0.0292,-0.377156,MKD,AUT,6505
2185038,141,15,1385,2017,0.0,1568.0,-0.5927899999999999,-0.707245,MLI,AUT,6505
2185039,142,15,1385,2017,0.0,2412.0,0.999914,0.12683,MLT,AUT,6505
2185040,143,15,1385,2017,182711.0,0.0,-1.051544,-0.419183,MMR,AUT,6505
2185041,144,15,1385,2017,0.0,5409.0,0.201739,-0.23111399999999999,MNE,AUT,6505
2185042,145,15,1385,2017,14176.0,819.0,-0.933737,-1.1195620000000002,MNG,AUT,6505
2185043,151,15,1385,2017,0.0,6460.0,-0.156616,0.073153,MUS,AUT,6505
2185044,153,15,1385,2017,2152.0,4340.0,1.0110139999999999,0.6840729999999999,MYS,AUT,6505
2185045,155,15,1385,2017,0.0,1236.0,-0.5221060000000001,-0.7365079999999999,NAM,AUT,6505
2185046,156,15,1385,2017,0.0,1730.0,-0.38216100000000003,-0.8662549999999999,NCL,AUT,6505
2185047,162,15,1385,2017,5894924.0,142398.0,1.146959,1.470869,NLD,AUT,6505
2185048,163,15,1385,2017,13372.0,57018.0,0.73658,0.11450199999999999,NOR,AUT,6505
2185049,164,15,1385,2017,181492.0,0.0,-0.319681,0.5788220000000001,NPL,AUT,6505
2185050,166,15,1385,2017,0.0,14590.0,0.25651199999999996,0.132996,NZL,AUT,6505
2185051,167,15,1385,2017,0.0,4537.0,-0.347684,-0.884569,OMN,AUT,6505
2185052,168,15,1385,2017,6378.0,0.0,-0.698561,0.43523500000000004,PAK,AUT,6505
2185053,169,15,1385,2017,0.0,950.0,0.5520109999999999,0.788181,PAN,AUT,6505
2185054,173,15,1385,2017,10203.0,8027.0,-0.667658,-0.318344,PER,AUT,6505
2185055,174,15,1385,2017,207426.0,2071.0,0.657759,0.170061,PHL,AUT,6505
2185056,177,15,1385,2017,2890457.0,1093645.0,1.197417,1.092716,POL,AUT,6505
2185057,179,15,1385,2017,64442.0,6704.0,0.527046,2.264624,PRT,AUT,6505
2185058,183,15,1385,2017,0.0,4939.0,-0.361327,-1.066869,QAT,AUT,6505
2185059,185,15,1385,2017,27192.0,1070242.0,1.05479,0.9842219999999999,ROU,AUT,6505
2185060,186,15,1385,2017,5361.0,507768.0,0.32885,0.288392,RUS,AUT,6505
2185061,188,15,1385,2017,2638.0,1629.0,0.597716,-0.345049,SAU,AUT,6505
2185062,190,15,1385,2017,0.0,1036.0,-1.567691,-1.257164,SDN,AUT,6505
2185063,192,15,1385,2017,6100.0,6803.0,1.884166,0.37903600000000004,SGP,AUT,6505
2185064,201,15,1385,2017,128315.0,165242.0,0.541644,1.19872,SRB,AUT,6505
2185065,206,15,1385,2017,828241.0,866621.0,1.279606,0.85503,SVK,AUT,6505
2185066,207,15,1385,2017,89269.0,1051451.0,1.600319,0.854305,SVN,AUT,6505
2185067,208,15,1385,2017,366198.0,118368.0,1.764732,0.732646,SWE,AUT,6505
2185068,215,15,1385,2017,0.0,561.0,-0.8957450000000001,-0.891191,TGO,AUT,6505
2185069,216,15,1385,2017,2462.0,2400.0,0.983977,1.3926020000000001,THA,AUT,6505
2185070,223,15,1385,2017,80886.0,0.0,0.224119,0.961772,TUN,AUT,6505
2185071,224,15,1385,2017,196551.0,33439.0,0.541611,2.405872,TUR,AUT,6505
2185072,226,15,1385,2017,1894.0,733.0,-1.0691709999999999,0.11636800000000001,TZA,AUT,6505
2185073,228,15,1385,2017,91482.0,36548.0,0.461109,0.7826569999999999,UKR,AUT,6505
2185074,230,15,1385,2017,0.0,1533.0,0.16963,-0.403006,URY,AUT,6505
2185075,231,15,1385,2017,72113.0,469575.0,1.601478,0.277271,USA,AUT,6505
2185076,232,15,1385,2017,0.0,1518.0,-0.407169,-0.264942,UZB,AUT,6505
2185077,239,15,1385,2017,331767.0,0.0,-0.009819,0.686429,VNM,AUT,6505
2185078,246,15,1385,2017,0.0,24324.0,0.2066,1.378591,ZAF,AUT,6505
2185079,247,15,1385,2017,0.0,1153.0,-0.8594290000000001,-1.0574459999999999,ZMB,AUT,6505
2185080,249,15,1385,2017,95317.0,19296.0,2.0548290000000002,1.2552969999999999,TWN,AUT,6505
2185081,2,18,1385,2017,0.0,1781.0,-1.408777,-1.215475,AGO,BEL,6505
2185082,4,18,1385,2017,1402.0,0.0,-0.44769899999999996,-0.17193,ALB,BEL,6505
2185083,5,18,1385,2017,0.0,13576.0,1.097505,0.480863,AND,BEL,6505
2185084,7,18,1385,2017,982.0,29871.0,0.210477,0.02557,ARE,BEL,6505
2185085,8,18,1385,2017,0.0,1125.0,-0.120753,0.233375,ARG,BEL,6505
2185086,14,18,1385,2017,424299.0,23807.0,-0.42427200000000004,-0.152921,AUS,BEL,6505
2185087,15,18,1385,2017,151666.0,309217.0,1.728623,-0.031045999999999997,AUT,BEL,6505
2185088,21,18,1385,2017,0.0,3525.0,-1.100802,-1.0632110000000001,BFA,BEL,6505
2185089,22,18,1385,2017,656703.0,0.0,-1.016251,-0.987654,BGD,BEL,6505
2185090,23,18,1385,2017,65295.0,26094.0,0.557843,1.7221119999999999,BGR,BEL,6505
2185091,32,18,1385,2017,0.0,24985.0,0.145224,0.483461,BRA,BEL,6505
2185092,39,18,1385,2017,60249.0,56700.0,0.73897,1.206402,CAN,BEL,6505
2185093,41,18,1385,2017,59511.0,82972.0,2.2557810000000003,0.845459,CHE,BEL,6505
2185094,42,18,1385,2017,0.0,3814.0,-0.378693,-0.492983,CHL,BEL,6505
2185095,43,18,1385,2017,30083714.0,31822.0,1.1127790000000002,1.56869,CHN,BEL,6505
2185096,44,18,1385,2017,0.0,1958.0,-0.784119,-0.904135,CIV,BEL,6505
2185097,46,18,1385,2017,0.0,1718.0,-1.3960569999999999,-1.126784,COD,BEL,6505
2185098,47,18,1385,2017,0.0,2843.0,-1.2289780000000001,-1.169368,COG,BEL,6505
2185099,49,18,1385,2017,0.0,3592.0,0.208096,-0.17644300000000002,COL,BEL,6505
2185100,52,18,1385,2017,0.0,916.0,0.288642,-0.056219000000000005,CRI,BEL,6505
2185101,58,18,1385,2017,0.0,39704.0,0.576982,0.279989,CYP,BEL,6505
2185102,59,18,1385,2017,448913.0,80832.0,1.7715130000000001,0.359668,CZE,BEL,6505
2185103,61,18,1385,2017,7413272.0,2460591.0,2.1149459999999998,-2.525372,DEU,BEL,6505
2185104,64,18,1385,2017,466594.0,179794.0,1.159753,1.233914,DNK,BEL,6505
2185105,66,18,1385,2017,0.0,3332.0,-0.9905579999999999,-1.1996200000000001,DZA,BEL,6505
2185106,67,18,1385,2017,6080.0,0.0,-0.9995850000000001,-1.086367,ECU,BEL,6505
2185107,71,18,1385,2017,2048770.0,1685295.0,0.734342,2.8180099999999997,ESP,BEL,6505
2185108,72,18,1385,2017,0.0,37161.0,1.010985,1.289633,EST,BEL,6505
2185109,74,18,1385,2017,13251.0,88323.0,1.655957,0.962485,FIN,BEL,6505
2185110,77,18,1385,2017,5197100.0,4641412.0,1.398427,0.894732,FRA,BEL,6505
2185111,81,18,1385,2017,3562090.0,3547121.0,1.6883119999999998,0.8347469999999999,GBR,BEL,6505
2185112,82,18,1385,2017,0.0,11177.0,-0.241749,-0.374727,GEO,BEL,6505
2185113,83,18,1385,2017,0.0,2064.0,-0.929143,-0.811439,GHA,BEL,6505
2185114,85,18,1385,2017,0.0,1388.0,-1.7560669999999998,-1.2747680000000001,GIN,BEL,6505
2185115,90,18,1385,2017,19649.0,109522.0,0.154098,1.151038,GRC,BEL,6505
2185116,93,18,1385,2017,0.0,977.0,-0.418538,0.557454,GTM,BEL,6505
2185117,97,18,1385,2017,114908.0,28332.0,0.824982,1.7162220000000001,HKG,BEL,6505
2185118,100,18,1385,2017,0.0,5311.0,0.860825,1.365445,HRV,BEL,6505
2185119,102,18,1385,2017,18861.0,35145.0,1.4886270000000001,0.845986,HUN,BEL,6505
2185120,103,18,1385,2017,570793.0,0.0,-0.23641700000000002,1.188173,IDN,BEL,6505
2185121,104,18,1385,2017,80794.0,8797.0,0.290576,2.726391,IND,BEL,6505
2185122,106,18,1385,2017,11139.0,26141.0,1.363544,0.169211,IRL,BEL,6505
2185123,107,18,1385,2017,0.0,1717.0,-0.361292,-0.361813,IRN,BEL,6505
2185124,109,18,1385,2017,0.0,2472.0,0.386094,-0.277269,ISL,BEL,6505
2185125,110,18,1385,2017,8630.0,9217.0,1.436156,0.776574,ISR,BEL,6505
2185126,111,18,1385,2017,2986014.0,5212508.0,1.34395,0.577693,ITA,BEL,6505
2185127,113,18,1385,2017,0.0,1547.0,0.020035,0.295415,JOR,BEL,6505
2185128,114,18,1385,2017,8760.0,42328.0,2.4510419999999997,-0.277357,JPN,BEL,6505
2185129,115,18,1385,2017,0.0,2689.0,-0.394316,-0.5485979999999999,KAZ,BEL,6505
2185130,118,18,1385,2017,22779.0,5267.0,-0.656325,-0.622167,KHM,BEL,6505
2185131,121,18,1385,2017,5336.0,20238.0,2.011263,0.783215,KOR,BEL,6505
2185132,124,18,1385,2017,0.0,3240.0,0.266847,1.117621,LBN,BEL,6505
2185133,128,18,1385,2017,1161366.0,0.0,-0.46442799999999995,0.472132,LKA,BEL,6505
2185134,130,18,1385,2017,2270.0,54491.0,0.855858,1.447717,LTU,BEL,6505
2185135,131,18,1385,2017,68613.0,729418.0,1.24064,1.298263,LUX,BEL,6505
2185136,132,18,1385,2017,943.0,48716.0,0.684555,1.3208030000000002,LVA,BEL,6505
2185137,134,18,1385,2017,49288.0,23438.0,-0.757236,-0.065347,MAR,BEL,6505
2185138,135,18,1385,2017,0.0,3363.0,-0.24909,-0.181213,MDA,BEL,6505
2185139,136,18,1385,2017,16986.0,0.0,-1.277182,-0.6503399999999999,MDG,BEL,6505
2185140,138,18,1385,2017,5605.0,6726.0,1.08871,0.5745279999999999,MEX,BEL,6505
2185141,140,18,1385,2017,0.0,1389.0,-0.0292,-0.377156,MKD,BEL,6505
2185142,142,18,1385,2017,0.0,1271.0,0.999914,0.12683,MLT,BEL,6505
2185143,143,18,1385,2017,154113.0,0.0,-1.051544,-0.419183,MMR,BEL,6505
2185144,145,18,1385,2017,12409.0,0.0,-0.933737,-1.1195620000000002,MNG,BEL,6505
2185145,151,18,1385,2017,14833.0,1357.0,-0.156616,0.073153,MUS,BEL,6505
2185146,153,18,1385,2017,0.0,11616.0,1.0110139999999999,0.6840729999999999,MYS,BEL,6505
2185147,159,18,1385,2017,0.0,990.0,-1.8260919999999998,-1.276591,NGA,BEL,6505
2185148,162,18,1385,2017,10361194.0,2897492.0,1.146959,1.470869,NLD,BEL,6505
2185149,163,18,1385,2017,1035.0,34233.0,0.73658,0.11450199999999999,NOR,BEL,6505
2185150,164,18,1385,2017,1271.0,0.0,-0.319681,0.5788220000000001,NPL,BEL,6505
2185151,166,18,1385,2017,0.0,13109.0,0.25651199999999996,0.132996,NZL,BEL,6505
2185152,167,18,1385,2017,0.0,2458.0,-0.347684,-0.884569,OMN,BEL,6505
2185153,168,18,1385,2017,23570.0,0.0,-0.698561,0.43523500000000004,PAK,BEL,6505
2185154,169,18,1385,2017,0.0,17133.0,0.5520109999999999,0.788181,PAN,BEL,6505
2185155,173,18,1385,2017,46605.0,0.0,-0.667658,-0.318344,PER,BEL,6505
2185156,174,18,1385,2017,2388.0,0.0,0.657759,0.170061,PHL,BEL,6505
2185157,177,18,1385,2017,415693.0,404931.0,1.197417,1.092716,POL,BEL,6505
2185158,179,18,1385,2017,77344.0,166599.0,0.527046,2.264624,PRT,BEL,6505
2185159,183,18,1385,2017,0.0,2013.0,-0.361327,-1.066869,QAT,BEL,6505
2185160,185,18,1385,2017,20912.0,99696.0,1.05479,0.9842219999999999,ROU,BEL,6505
2185161,186,18,1385,2017,0.0,35368.0,0.32885,0.288392,RUS,BEL,6505
2185162,187,18,1385,2017,0.0,23588.0,-0.7610319999999999,-0.680251,RWA,BEL,6505
2185163,188,18,1385,2017,0.0,4999.0,0.597716,-0.345049,SAU,BEL,6505
2185164,191,18,1385,2017,0.0,4327.0,-0.6722899999999999,-0.26522199999999996,SEN,BEL,6505
2185165,192,18,1385,2017,0.0,6185.0,1.884166,0.37903600000000004,SGP,BEL,6505
2185166,198,18,1385,2017,0.0,15516.0,0.984548,0.6116199999999999,SMR,BEL,6505
2185167,201,18,1385,2017,0.0,1975.0,0.541644,1.19872,SRB,BEL,6505
2185168,206,18,1385,2017,347474.0,24194.0,1.279606,0.85503,SVK,BEL,6505
2185169,207,18,1385,2017,2632.0,12029.0,1.600319,0.854305,SVN,BEL,6505
2185170,208,18,1385,2017,530972.0,352420.0,1.764732,0.732646,SWE,BEL,6505
2185171,216,18,1385,2017,10352.0,0.0,0.983977,1.3926020000000001,THA,BEL,6505
2185172,223,18,1385,2017,13131.0,11053.0,0.224119,0.961772,TUN,BEL,6505
2185173,224,18,1385,2017,692201.0,14781.0,0.541611,2.405872,TUR,BEL,6505
2185174,226,18,1385,2017,0.0,1086.0,-1.0691709999999999,0.11636800000000001,TZA,BEL,6505
2185175,228,18,1385,2017,0.0,4856.0,0.461109,0.7826569999999999,UKR,BEL,6505
2185176,231,18,1385,2017,320353.0,194397.0,1.601478,0.277271,USA,BEL,6505
2185177,239,18,1385,2017,3121120.0,0.0,-0.009819,0.686429,VNM,BEL,6505
2185178,246,18,1385,2017,2686.0,41740.0,0.2066,1.378591,ZAF,BEL,6505
2185179,249,18,1385,2017,4467492.0,10097.0,2.0548290000000002,1.2552969999999999,TWN,BEL,6505
2185180,1,23,1385,2017,0.0,8193.0,-1.147348,-0.886799,AFG,BGR,6505
2185181,4,23,1385,2017,0.0,1033.0,-0.44769899999999996,-0.17193,ALB,BGR,6505
2185182,7,23,1385,2017,0.0,3568.0,0.210477,0.02557,ARE,BGR,6505
2185183,8,23,1385,2017,0.0,3210.0,-0.120753,0.233375,ARG,BGR,6505
2185184,9,23,1385,2017,0.0,3006.0,-0.23846799999999999,-0.658774,ARM,BGR,6505
2185185,15,23,1385,2017,190449.0,227565.0,1.728623,-0.031045999999999997,AUT,BGR,6505
2185186,18,23,1385,2017,26094.0,65295.0,1.292657,1.19571,BEL,BGR,6505
2185187,26,23,1385,2017,2655.0,0.0,0.43245,0.726721,BIH,BGR,6505
2185188,28,23,1385,2017,0.0,5398.0,0.8115829999999999,0.8323459999999999,BLR,BGR,6505
2185189,39,23,1385,2017,0.0,39289.0,0.73897,1.206402,CAN,BGR,6505
2185190,41,23,1385,2017,4320.0,92063.0,2.2557810000000003,0.845459,CHE,BGR,6505
2185191,42,23,1385,2017,0.0,14321.0,-0.378693,-0.492983,CHL,BGR,6505
2185192,43,23,1385,2017,460175.0,75367.0,1.1127790000000002,1.56869,CHN,BGR,6505
2185193,58,23,1385,2017,3872.0,25054.0,0.576982,0.279989,CYP,BGR,6505
2185194,59,23,1385,2017,128388.0,86454.0,1.7715130000000001,0.359668,CZE,BGR,6505
2185195,61,23,1385,2017,484002.0,858780.0,2.1149459999999998,-2.525372,DEU,BGR,6505
2185196,64,23,1385,2017,12963.0,3169.0,1.159753,1.233914,DNK,BGR,6505
2185197,67,23,1385,2017,3135.0,0.0,-0.9995850000000001,-1.086367,ECU,BGR,6505
2185198,71,23,1385,2017,278722.0,77971.0,0.734342,2.8180099999999997,ESP,BGR,6505
2185199,72,23,1385,2017,1488.0,1676.0,1.010985,1.289633,EST,BGR,6505
2185200,74,23,1385,2017,13641.0,15243.0,1.655957,0.962485,FIN,BGR,6505
2185201,77,23,1385,2017,231124.0,962347.0,1.398427,0.894732,FRA,BGR,6505
2185202,81,23,1385,2017,762420.0,1167323.0,1.6883119999999998,0.8347469999999999,GBR,BGR,6505
2185203,82,23,1385,2017,0.0,9987.0,-0.241749,-0.374727,GEO,BGR,6505
2185204,90,23,1385,2017,171336.0,877952.0,0.154098,1.151038,GRC,BGR,6505
2185205,97,23,1385,2017,12652.0,0.0,0.824982,1.7162220000000001,HKG,BGR,6505
2185206,100,23,1385,2017,11727.0,1248.0,0.860825,1.365445,HRV,BGR,6505
2185207,102,23,1385,2017,249866.0,7765.0,1.4886270000000001,0.845986,HUN,BGR,6505
2185208,106,23,1385,2017,6067.0,5196.0,1.363544,0.169211,IRL,BGR,6505
2185209,110,23,1385,2017,0.0,69747.0,1.436156,0.776574,ISR,BGR,6505
2185210,111,23,1385,2017,631698.0,77500.0,1.34395,0.577693,ITA,BGR,6505
2185211,114,23,1385,2017,0.0,117071.0,2.4510419999999997,-0.277357,JPN,BGR,6505
2185212,115,23,1385,2017,0.0,1571.0,-0.394316,-0.5485979999999999,KAZ,BGR,6505
2185213,121,23,1385,2017,0.0,58383.0,2.011263,0.783215,KOR,BGR,6505
2185214,122,23,1385,2017,0.0,20763.0,-0.229821,-1.128482,KWT,BGR,6505
2185215,124,23,1385,2017,0.0,3728.0,0.266847,1.117621,LBN,BGR,6505
2185216,130,23,1385,2017,18025.0,0.0,0.855858,1.447717,LTU,BGR,6505
2185217,131,23,1385,2017,0.0,1702.0,1.24064,1.298263,LUX,BGR,6505
2185218,135,23,1385,2017,0.0,8992.0,-0.24909,-0.181213,MDA,BGR,6505
2185219,140,23,1385,2017,0.0,6312.0,-0.0292,-0.377156,MKD,BGR,6505
2185220,141,23,1385,2017,0.0,1227.0,-0.5927899999999999,-0.707245,MLI,BGR,6505
2185221,144,23,1385,2017,0.0,1312.0,0.201739,-0.23111399999999999,MNE,BGR,6505
2185222,153,23,1385,2017,2050.0,0.0,1.0110139999999999,0.6840729999999999,MYS,BGR,6505
2185223,162,23,1385,2017,149447.0,22881.0,1.146959,1.470869,NLD,BGR,6505
2185224,163,23,1385,2017,0.0,7637.0,0.73658,0.11450199999999999,NOR,BGR,6505
2185225,177,23,1385,2017,180146.0,11356.0,1.197417,1.092716,POL,BGR,6505
2185226,179,23,1385,2017,84709.0,0.0,0.527046,2.264624,PRT,BGR,6505
2185227,183,23,1385,2017,0.0,31265.0,-0.361327,-1.066869,QAT,BGR,6505
2185228,185,23,1385,2017,82531.0,65220.0,1.05479,0.9842219999999999,ROU,BGR,6505
2185229,186,23,1385,2017,857.0,209060.0,0.32885,0.288392,RUS,BGR,6505
2185230,192,23,1385,2017,0.0,6310.0,1.884166,0.37903600000000004,SGP,BGR,6505
2185231,201,23,1385,2017,183138.0,24842.0,0.541644,1.19872,SRB,BGR,6505
2185232,206,23,1385,2017,41142.0,3334.0,1.279606,0.85503,SVK,BGR,6505
2185233,207,23,1385,2017,47073.0,6834.0,1.600319,0.854305,SVN,BGR,6505
2185234,208,23,1385,2017,22168.0,52268.0,1.764732,0.732646,SWE,BGR,6505
2185235,216,23,1385,2017,0.0,1262.0,0.983977,1.3926020000000001,THA,BGR,6505
2185236,223,23,1385,2017,0.0,2226.0,0.224119,0.961772,TUN,BGR,6505
2185237,224,23,1385,2017,315084.0,9016.0,0.541611,2.405872,TUR,BGR,6505
2185238,228,23,1385,2017,1245.0,0.0,0.461109,0.7826569999999999,UKR,BGR,6505
2185239,231,23,1385,2017,4360.0,404467.0,1.601478,0.277271,USA,BGR,6505
2185240,239,23,1385,2017,18541.0,0.0,-0.009819,0.686429,VNM,BGR,6505
2185241,246,23,1385,2017,0.0,5836.0,0.2066,1.378591,ZAF,BGR,6505
2185242,249,23,1385,2017,5215.0,5855.0,2.0548290000000002,1.2552969999999999,TWN,BGR,6505
2185243,0,32,1385,2017,0.0,1573.0,0.845843,0.165178,ABW,BRA,6505
2185244,2,32,1385,2017,0.0,16416.0,-1.408777,-1.215475,AGO,BRA,6505
2185245,7,32,1385,2017,2515.0,18394.0,0.210477,0.02557,ARE,BRA,6505
2185246,8,32,1385,2017,19534.0,35654.0,-0.120753,0.233375,ARG,BRA,6505
2185247,14,32,1385,2017,0.0,3115.0,-0.42427200000000004,-0.152921,AUS,BRA,6505
2185248,15,32,1385,2017,4338.0,642.0,1.728623,-0.031045999999999997,AUT,BRA,6505
2185249,18,32,1385,2017,24985.0,0.0,1.292657,1.19571,BEL,BRA,6505
2185250,22,32,1385,2017,2185271.0,0.0,-1.016251,-0.987654,BGD,BRA,6505
2185251,31,32,1385,2017,0.0,19780.0,-1.158425,-1.076242,BOL,BRA,6505
2185252,39,32,1385,2017,14804.0,5506.0,0.73897,1.206402,CAN,BRA,6505
2185253,41,32,1385,2017,13172.0,5713.0,2.2557810000000003,0.845459,CHE,BRA,6505
2185254,42,32,1385,2017,0.0,11597.0,-0.378693,-0.492983,CHL,BRA,6505
2185255,43,32,1385,2017,28105992.0,4591.0,1.1127790000000002,1.56869,CHN,BRA,6505
2185256,44,32,1385,2017,0.0,1521.0,-0.784119,-0.904135,CIV,BRA,6505
2185257,45,32,1385,2017,0.0,1616.0,-1.048569,-1.030799,CMR,BRA,6505
2185258,49,32,1385,2017,0.0,6152.0,0.208096,-0.17644300000000002,COL,BRA,6505
2185259,52,32,1385,2017,0.0,3179.0,0.288642,-0.056219000000000005,CRI,BRA,6505
2185260,59,32,1385,2017,10450.0,0.0,1.7715130000000001,0.359668,CZE,BRA,6505
2185261,61,32,1385,2017,151348.0,12045.0,2.1149459999999998,-2.525372,DEU,BRA,6505
2185262,64,32,1385,2017,0.0,2138.0,1.159753,1.233914,DNK,BRA,6505
2185263,65,32,1385,2017,0.0,2179.0,-0.168016,0.30840100000000004,DOM,BRA,6505
2185264,67,32,1385,2017,2280.0,3350.0,-0.9995850000000001,-1.086367,ECU,BRA,6505
2185265,71,32,1385,2017,37541.0,3965.0,0.734342,2.8180099999999997,ESP,BRA,6505
2185266,77,32,1385,2017,168781.0,14294.0,1.398427,0.894732,FRA,BRA,6505
2185267,81,32,1385,2017,44878.0,2850.0,1.6883119999999998,0.8347469999999999,GBR,BRA,6505
2185268,93,32,1385,2017,0.0,1879.0,-0.418538,0.557454,GTM,BRA,6505
2185269,97,32,1385,2017,276808.0,0.0,0.824982,1.7162220000000001,HKG,BRA,6505
2185270,103,32,1385,2017,405922.0,0.0,-0.23641700000000002,1.188173,IDN,BRA,6505
2185271,104,32,1385,2017,2087.0,0.0,0.290576,2.726391,IND,BRA,6505
2185272,110,32,1385,2017,1717.0,0.0,1.436156,0.776574,ISR,BRA,6505
2185273,111,32,1385,2017,25923.0,4338.0,1.34395,0.577693,ITA,BRA,6505
2185274,114,32,1385,2017,2546.0,3226.0,2.4510419999999997,-0.277357,JPN,BRA,6505
2185275,118,32,1385,2017,3139.0,0.0,-0.656325,-0.622167,KHM,BRA,6505
2185276,121,32,1385,2017,5054.0,0.0,2.011263,0.783215,KOR,BRA,6505
2185277,128,32,1385,2017,59212.0,0.0,-0.46442799999999995,0.472132,LKA,BRA,6505
2185278,132,32,1385,2017,0.0,5632.0,0.684555,1.3208030000000002,LVA,BRA,6505
2185279,133,32,1385,2017,3524.0,0.0,0.264006,-0.11028099999999999,MAC,BRA,6505
2185280,138,32,1385,2017,25562.0,1212.0,1.08871,0.5745279999999999,MEX,BRA,6505
2185281,160,32,1385,2017,0.0,3771.0,-1.0502280000000002,-0.8817719999999999,NIC,BRA,6505
2185282,162,32,1385,2017,1043.0,2827.0,1.146959,1.470869,NLD,BRA,6505
2185283,163,32,1385,2017,0.0,6540.0,0.73658,0.11450199999999999,NOR,BRA,6505
2185284,169,32,1385,2017,10012.0,4046.0,0.5520109999999999,0.788181,PAN,BRA,6505
2185285,173,32,1385,2017,60261.0,6948.0,-0.667658,-0.318344,PER,BRA,6505
2185286,174,32,1385,2017,419776.0,0.0,0.657759,0.170061,PHL,BRA,6505
2185287,177,32,1385,2017,3599.0,0.0,1.197417,1.092716,POL,BRA,6505
2185288,179,32,1385,2017,2313.0,2853.0,0.527046,2.264624,PRT,BRA,6505
2185289,180,32,1385,2017,0.0,89129.0,-0.437741,-0.9248879999999999,PRY,BRA,6505
2185290,186,32,1385,2017,950.0,2797.0,0.32885,0.288392,RUS,BRA,6505
2185291,192,32,1385,2017,91402.0,0.0,1.884166,0.37903600000000004,SGP,BRA,6505
2185292,197,32,1385,2017,960.0,0.0,0.113639,0.23175199999999999,SLV,BRA,6505
2185293,205,32,1385,2017,0.0,2452.0,-0.596432,-1.0249700000000002,SUR,BRA,6505
2185294,208,32,1385,2017,4837.0,0.0,1.764732,0.732646,SWE,BRA,6505
2185295,216,32,1385,2017,7118.0,0.0,0.983977,1.3926020000000001,THA,BRA,6505
2185296,224,32,1385,2017,10646.0,0.0,0.541611,2.405872,TUR,BRA,6505
2185297,230,32,1385,2017,2545.0,63135.0,0.16963,-0.403006,URY,BRA,6505
2185298,231,32,1385,2017,186774.0,112815.0,1.601478,0.277271,USA,BRA,6505
2185299,236,32,1385,2017,0.0,1980.0,-0.8874559999999999,-1.178752,VEN,BRA,6505
2185300,239,32,1385,2017,1217162.0,0.0,-0.009819,0.686429,VNM,BRA,6505
2185301,246,32,1385,2017,0.0,1231.0,0.2066,1.378591,ZAF,BRA,6505
2185302,249,32,1385,2017,185312.0,0.0,2.0548290000000002,1.2552969999999999,TWN,BRA,6505
2185303,13,33,1385,2017,0.0,878.0,0.42561099999999996,-0.42671099999999995,ATG,BRB,6505
2185304,22,33,1385,2017,7713.0,0.0,-1.016251,-0.987654,BGD,BRB,6505
2185305,41,33,1385,2017,1452.0,0.0,2.2557810000000003,0.845459,CHE,BRB,6505
2185306,43,33,1385,2017,6964.0,0.0,1.1127790000000002,1.56869,CHN,BRB,6505
2185307,61,33,1385,2017,4204.0,0.0,2.1149459999999998,-2.525372,DEU,BRB,6505
2185308,63,33,1385,2017,0.0,5348.0,0.283171,-0.22632800000000003,DMA,BRB,6505
2185309,65,33,1385,2017,1462.0,0.0,-0.168016,0.30840100000000004,DOM,BRB,6505
2185310,77,33,1385,2017,1291.0,959.0,1.398427,0.894732,FRA,BRB,6505
2185311,81,33,1385,2017,51906.0,611.0,1.6883119999999998,0.8347469999999999,GBR,BRB,6505
2185312,104,33,1385,2017,901.0,0.0,0.290576,2.726391,IND,BRB,6505
2185313,111,33,1385,2017,1799.0,0.0,1.34395,0.577693,ITA,BRB,6505
2185314,112,33,1385,2017,1604.0,0.0,-0.497654,-0.76481,JAM,BRB,6505
2185315,127,33,1385,2017,0.0,1505.0,0.458896,-0.149195,LCA,BRB,6505
2185316,162,33,1385,2017,877.0,0.0,1.146959,1.470869,NLD,BRB,6505
2185317,169,33,1385,2017,3007.0,1304.0,0.5520109999999999,0.788181,PAN,BRB,6505
2185318,173,33,1385,2017,3279.0,0.0,-0.667658,-0.318344,PER,BRB,6505
2185319,222,33,1385,2017,1514.0,0.0,-0.183935,-1.012153,TTO,BRB,6505
2185320,231,33,1385,2017,82438.0,26694.0,1.601478,0.277271,USA,BRB,6505
2185321,239,33,1385,2017,3004.0,0.0,-0.009819,0.686429,VNM,BRB,6505
2185322,249,33,1385,2017,18998.0,0.0,2.0548290000000002,1.2552969999999999,TWN,BRB,6505
2185323,5,39,1385,2017,1035.0,0.0,1.097505,0.480863,AND,CAN,6505
2185324,7,39,1385,2017,22173.0,41672.0,0.210477,0.02557,ARE,CAN,6505
2185325,14,39,1385,2017,60917.0,241368.0,-0.42427200000000004,-0.152921,AUS,CAN,6505
2185326,15,39,1385,2017,43781.0,41981.0,1.728623,-0.031045999999999997,AUT,CAN,6505
2185327,16,39,1385,2017,0.0,4237.0,-1.022455,-1.199225,AZE,CAN,6505
2185328,18,39,1385,2017,56700.0,60249.0,1.292657,1.19571,BEL,CAN,6505
2185329,22,39,1385,2017,17947434.0,0.0,-1.016251,-0.987654,BGD,CAN,6505
2185330,23,39,1385,2017,39289.0,0.0,0.557843,1.7221119999999999,BGR,CAN,6505
2185331,25,39,1385,2017,0.0,12449.0,0.81944,-0.30649499999999996,BHS,CAN,6505
2185332,26,39,1385,2017,5821.0,315.0,0.43245,0.726721,BIH,CAN,6505
2185333,30,39,1385,2017,0.0,2377.0,1.06318,-0.48345,BMU,CAN,6505
2185334,31,39,1385,2017,9813.0,0.0,-1.158425,-1.076242,BOL,CAN,6505
2185335,32,39,1385,2017,5506.0,14804.0,0.145224,0.483461,BRA,CAN,6505
2185336,41,39,1385,2017,31409.0,15622.0,2.2557810000000003,0.845459,CHE,CAN,6505
2185337,42,39,1385,2017,5077.0,47589.0,-0.378693,-0.492983,CHL,CAN,6505
2185338,43,39,1385,2017,73336072.0,76556.0,1.1127790000000002,1.56869,CHN,CAN,6505
2185339,49,39,1385,2017,17940.0,16597.0,0.208096,-0.17644300000000002,COL,CAN,6505
2185340,52,39,1385,2017,0.0,1912.0,0.288642,-0.056219000000000005,CRI,CAN,6505
2185341,54,39,1385,2017,0.0,16410.0,-0.77404,-1.121084,CUB,CAN,6505
2185342,57,39,1385,2017,0.0,10310.0,1.105397,-0.794764,CYM,CAN,6505
2185343,59,39,1385,2017,38249.0,5554.0,1.7715130000000001,0.359668,CZE,CAN,6505
2185344,61,39,1385,2017,1306938.0,91336.0,2.1149459999999998,-2.525372,DEU,CAN,6505
2185345,62,39,1385,2017,0.0,7420.0,-0.4897,-0.7249180000000001,DJI,CAN,6505
2185346,64,39,1385,2017,43599.0,5595.0,1.159753,1.233914,DNK,CAN,6505
2185347,65,39,1385,2017,42268.0,995.0,-0.168016,0.30840100000000004,DOM,CAN,6505
2185348,67,39,1385,2017,17269.0,0.0,-0.9995850000000001,-1.086367,ECU,CAN,6505
2185349,68,39,1385,2017,990.0,0.0,-0.073436,1.829121,EGY,CAN,6505
2185350,71,39,1385,2017,565103.0,15497.0,0.734342,2.8180099999999997,ESP,CAN,6505
2185351,72,39,1385,2017,14380.0,519.0,1.010985,1.289633,EST,CAN,6505
2185352,74,39,1385,2017,14789.0,52284.0,1.655957,0.962485,FIN,CAN,6505
2185353,75,39,1385,2017,0.0,3365.0,-0.278276,-0.033997,FJI,CAN,6505
2185354,77,39,1385,2017,1488722.0,72279.0,1.398427,0.894732,FRA,CAN,6505
2185355,81,39,1385,2017,306809.0,1878454.0,1.6883119999999998,0.8347469999999999,GBR,CAN,6505
2185356,90,39,1385,2017,4840.0,2309.0,0.154098,1.151038,GRC,CAN,6505
2185357,92,39,1385,2017,0.0,5325.0,-1.226963,-0.9309620000000001,GRL,CAN,6505
2185358,93,39,1385,2017,18005.0,1119.0,-0.418538,0.557454,GTM,CAN,6505
2185359,97,39,1385,2017,385301.0,98014.0,0.824982,1.7162220000000001,HKG,CAN,6505
2185360,99,39,1385,2017,59667.0,1907.0,-0.6335689999999999,-0.334201,HND,CAN,6505
2185361,100,39,1385,2017,1526.0,0.0,0.860825,1.365445,HRV,CAN,6505
2185362,101,39,1385,2017,156930.0,0.0,-1.0089219999999999,-0.946722,HTI,CAN,6505
2185363,102,39,1385,2017,7285.0,2163.0,1.4886270000000001,0.845986,HUN,CAN,6505
2185364,103,39,1385,2017,408717.0,1545.0,-0.23641700000000002,1.188173,IDN,CAN,6505
2185365,104,39,1385,2017,339715.0,2180.0,0.290576,2.726391,IND,CAN,6505
2185366,106,39,1385,2017,85099.0,1381.0,1.363544,0.169211,IRL,CAN,6505
2185367,109,39,1385,2017,0.0,21326.0,0.386094,-0.277269,ISL,CAN,6505
2185368,110,39,1385,2017,6301.0,53388.0,1.436156,0.776574,ISR,CAN,6505
2185369,111,39,1385,2017,1496118.0,100653.0,1.34395,0.577693,ITA,CAN,6505
2185370,112,39,1385,2017,0.0,1442.0,-0.497654,-0.76481,JAM,CAN,6505
2185371,114,39,1385,2017,76285.0,390172.0,2.4510419999999997,-0.277357,JPN,CAN,6505
2185372,118,39,1385,2017,577357.0,0.0,-0.656325,-0.622167,KHM,CAN,6505
2185373,121,39,1385,2017,186189.0,76164.0,2.011263,0.783215,KOR,CAN,6505
2185374,122,39,1385,2017,0.0,5494.0,-0.229821,-1.128482,KWT,CAN,6505
2185375,124,39,1385,2017,0.0,11452.0,0.266847,1.117621,LBN,CAN,6505
2185376,128,39,1385,2017,112553.0,0.0,-0.46442799999999995,0.472132,LKA,CAN,6505
2185377,130,39,1385,2017,9318.0,0.0,0.855858,1.447717,LTU,CAN,6505
2185378,131,39,1385,2017,0.0,5295.0,1.24064,1.298263,LUX,CAN,6505
2185379,132,39,1385,2017,0.0,1350.0,0.684555,1.3208030000000002,LVA,CAN,6505
2185380,133,39,1385,2017,1081.0,4399.0,0.264006,-0.11028099999999999,MAC,CAN,6505
2185381,134,39,1385,2017,2128.0,10813.0,-0.757236,-0.065347,MAR,CAN,6505
2185382,135,39,1385,2017,3746.0,3350.0,-0.24909,-0.181213,MDA,CAN,6505
2185383,136,39,1385,2017,8766.0,0.0,-1.277182,-0.6503399999999999,MDG,CAN,6505
2185384,138,39,1385,2017,949598.0,12979.0,1.08871,0.5745279999999999,MEX,CAN,6505
2185385,140,39,1385,2017,1435.0,0.0,-0.0292,-0.377156,MKD,CAN,6505
2185386,143,39,1385,2017,62825.0,0.0,-1.051544,-0.419183,MMR,CAN,6505
2185387,145,39,1385,2017,9520.0,2604.0,-0.933737,-1.1195620000000002,MNG,CAN,6505
2185388,153,39,1385,2017,15233.0,2216.0,1.0110139999999999,0.6840729999999999,MYS,CAN,6505
2185389,160,39,1385,2017,6941.0,8663.0,-1.0502280000000002,-0.8817719999999999,NIC,CAN,6505
2185390,162,39,1385,2017,160813.0,653924.0,1.146959,1.470869,NLD,CAN,6505
2185391,163,39,1385,2017,21175.0,18824.0,0.73658,0.11450199999999999,NOR,CAN,6505
2185392,164,39,1385,2017,226602.0,0.0,-0.319681,0.5788220000000001,NPL,CAN,6505
2185393,166,39,1385,2017,10752.0,21862.0,0.25651199999999996,0.132996,NZL,CAN,6505
2185394,168,39,1385,2017,253377.0,0.0,-0.698561,0.43523500000000004,PAK,CAN,6505
2185395,169,39,1385,2017,0.0,34377.0,0.5520109999999999,0.788181,PAN,CAN,6505
2185396,173,39,1385,2017,101639.0,5828.0,-0.667658,-0.318344,PER,CAN,6505
2185397,174,39,1385,2017,515470.0,3457.0,0.657759,0.170061,PHL,CAN,6505
2185398,177,39,1385,2017,120989.0,3164.0,1.197417,1.092716,POL,CAN,6505
2185399,179,39,1385,2017,20753.0,1819.0,0.527046,2.264624,PRT,CAN,6505
2185400,183,39,1385,2017,0.0,3276.0,-0.361327,-1.066869,QAT,CAN,6505
2185401,185,39,1385,2017,11764.0,0.0,1.05479,0.9842219999999999,ROU,CAN,6505
2185402,186,39,1385,2017,2617.0,59554.0,0.32885,0.288392,RUS,CAN,6505
2185403,188,39,1385,2017,0.0,14918.0,0.597716,-0.345049,SAU,CAN,6505
2185404,191,39,1385,2017,0.0,5160.0,-0.6722899999999999,-0.26522199999999996,SEN,CAN,6505
2185405,192,39,1385,2017,114189.0,16527.0,1.884166,0.37903600000000004,SGP,CAN,6505
2185406,197,39,1385,2017,64431.0,14968.0,0.113639,0.23175199999999999,SLV,CAN,6505
2185407,200,39,1385,2017,0.0,1596.0,0.349463,-0.554142,SPM,CAN,6505
2185408,201,39,1385,2017,5418.0,0.0,0.541644,1.19872,SRB,CAN,6505
2185409,206,39,1385,2017,5347.0,471.0,1.279606,0.85503,SVK,CAN,6505
2185410,207,39,1385,2017,4565.0,0.0,1.600319,0.854305,SVN,CAN,6505
2185411,208,39,1385,2017,431458.0,78016.0,1.764732,0.732646,SWE,CAN,6505
2185412,211,39,1385,2017,1035.0,0.0,0.41946000000000006,-0.523274,SYC,CAN,6505
2185413,216,39,1385,2017,30928.0,8408.0,0.983977,1.3926020000000001,THA,CAN,6505
2185414,223,39,1385,2017,12585.0,0.0,0.224119,0.961772,TUN,CAN,6505
2185415,224,39,1385,2017,153754.0,9659.0,0.541611,2.405872,TUR,CAN,6505
2185416,227,39,1385,2017,1730.0,0.0,-0.6831020000000001,-0.046838,UGA,CAN,6505
2185417,228,39,1385,2017,13569.0,4500.0,0.461109,0.7826569999999999,UKR,CAN,6505
2185418,230,39,1385,2017,0.0,5283.0,0.16963,-0.403006,URY,CAN,6505
2185419,231,39,1385,2017,45630588.0,23204686.0,1.601478,0.277271,USA,CAN,6505
2185420,237,39,1385,2017,1969.0,0.0,0.768,-0.257912,VGB,CAN,6505
2185421,239,39,1385,2017,9199954.0,0.0,-0.009819,0.686429,VNM,CAN,6505
2185422,246,39,1385,2017,2955.0,19658.0,0.2066,1.378591,ZAF,CAN,6505
2185423,247,39,1385,2017,0.0,3818.0,-0.8594290000000001,-1.0574459999999999,ZMB,CAN,6505
2185424,249,39,1385,2017,2562946.0,31091.0,2.0548290000000002,1.2552969999999999,TWN,CAN,6505
2185425,0,41,1385,2017,0.0,2864.0,0.845843,0.165178,ABW,CHE,6505
2185426,7,41,1385,2017,8495.0,72683.0,0.210477,0.02557,ARE,CHE,6505
2185427,8,41,1385,2017,0.0,2147.0,-0.120753,0.233375,ARG,CHE,6505
2185428,14,41,1385,2017,5404.0,28753.0,-0.42427200000000004,-0.152921,AUS,CHE,6505
2185429,15,41,1385,2017,1488049.0,181056.0,1.728623,-0.031045999999999997,AUT,CHE,6505
2185430,16,41,1385,2017,0.0,3769.0,-1.022455,-1.199225,AZE,CHE,6505
2185431,18,41,1385,2017,82972.0,59511.0,1.292657,1.19571,BEL,CHE,6505
2185432,22,41,1385,2017,1076814.0,0.0,-1.016251,-0.987654,BGD,CHE,6505
2185433,23,41,1385,2017,92063.0,4320.0,0.557843,1.7221119999999999,BGR,CHE,6505
2185434,24,41,1385,2017,8931.0,2411.0,0.485479,-0.5348890000000001,BHR,CHE,6505
2185435,25,41,1385,2017,5676.0,4791.0,0.81944,-0.30649499999999996,BHS,CHE,6505
2185436,26,41,1385,2017,40496.0,3579.0,0.43245,0.726721,BIH,CHE,6505
2185437,28,41,1385,2017,0.0,1758.0,0.8115829999999999,0.8323459999999999,BLR,CHE,6505
2185438,31,41,1385,2017,2067.0,0.0,-1.158425,-1.076242,BOL,CHE,6505
2185439,32,41,1385,2017,5713.0,13172.0,0.145224,0.483461,BRA,CHE,6505
2185440,33,41,1385,2017,0.0,1452.0,0.589793,-0.004488000000000001,BRB,CHE,6505
2185441,34,41,1385,2017,19.0,0.0,0.270525,-0.747949,BRN,CHE,6505
2185442,39,41,1385,2017,15622.0,31409.0,0.73897,1.206402,CAN,CHE,6505
2185443,42,41,1385,2017,0.0,8851.0,-0.378693,-0.492983,CHL,CHE,6505
2185444,43,41,1385,2017,6989277.0,42086.0,1.1127790000000002,1.56869,CHN,CHE,6505
2185445,49,41,1385,2017,0.0,965.0,0.208096,-0.17644300000000002,COL,CHE,6505
2185446,57,41,1385,2017,0.0,4150.0,1.105397,-0.794764,CYM,CHE,6505
2185447,58,41,1385,2017,0.0,2616.0,0.576982,0.279989,CYP,CHE,6505
2185448,59,41,1385,2017,701735.0,12834.0,1.7715130000000001,0.359668,CZE,CHE,6505
2185449,61,41,1385,2017,27942984.0,2934774.0,2.1149459999999998,-2.525372,DEU,CHE,6505
2185450,64,41,1385,2017,337186.0,32653.0,1.159753,1.233914,DNK,CHE,6505
2185451,67,41,1385,2017,8143.0,4411.0,-0.9995850000000001,-1.086367,ECU,CHE,6505
2185452,68,41,1385,2017,6195.0,0.0,-0.073436,1.829121,EGY,CHE,6505
2185453,71,41,1385,2017,195579.0,316441.0,0.734342,2.8180099999999997,ESP,CHE,6505
2185454,72,41,1385,2017,11486.0,3261.0,1.010985,1.289633,EST,CHE,6505
2185455,74,41,1385,2017,48558.0,2869.0,1.655957,0.962485,FIN,CHE,6505
2185456,77,41,1385,2017,1962475.0,296786.0,1.398427,0.894732,FRA,CHE,6505
2185457,81,41,1385,2017,756325.0,47826.0,1.6883119999999998,0.8347469999999999,GBR,CHE,6505
2185458,82,41,1385,2017,0.0,5842.0,-0.241749,-0.374727,GEO,CHE,6505
2185459,90,41,1385,2017,7199.0,8284.0,0.154098,1.151038,GRC,CHE,6505
2185460,93,41,1385,2017,1631.0,0.0,-0.418538,0.557454,GTM,CHE,6505
2185461,97,41,1385,2017,135295.0,421407.0,0.824982,1.7162220000000001,HKG,CHE,6505
2185462,100,41,1385,2017,74472.0,1113.0,0.860825,1.365445,HRV,CHE,6505
2185463,102,41,1385,2017,44604.0,5870.0,1.4886270000000001,0.845986,HUN,CHE,6505
2185464,103,41,1385,2017,52322.0,890.0,-0.23641700000000002,1.188173,IDN,CHE,6505
2185465,104,41,1385,2017,97494.0,9890.0,0.290576,2.726391,IND,CHE,6505
2185466,106,41,1385,2017,35472.0,1503.0,1.363544,0.169211,IRL,CHE,6505
2185467,107,41,1385,2017,0.0,916.0,-0.361292,-0.361813,IRN,CHE,6505
2185468,109,41,1385,2017,1089.0,3969.0,0.386094,-0.277269,ISL,CHE,6505
2185469,110,41,1385,2017,3067.0,13867.0,1.436156,0.776574,ISR,CHE,6505
2185470,111,41,1385,2017,14426222.0,3158951.0,1.34395,0.577693,ITA,CHE,6505
2185471,112,41,1385,2017,0.0,960.0,-0.497654,-0.76481,JAM,CHE,6505
2185472,113,41,1385,2017,1001.0,3846.0,0.020035,0.295415,JOR,CHE,6505
2185473,114,41,1385,2017,32411.0,89869.0,2.4510419999999997,-0.277357,JPN,CHE,6505
2185474,115,41,1385,2017,0.0,4874.0,-0.394316,-0.5485979999999999,KAZ,CHE,6505
2185475,116,41,1385,2017,0.0,1715.0,-0.579541,0.511926,KEN,CHE,6505
2185476,118,41,1385,2017,288648.0,0.0,-0.656325,-0.622167,KHM,CHE,6505
2185477,121,41,1385,2017,16571.0,32132.0,2.011263,0.783215,KOR,CHE,6505
2185478,122,41,1385,2017,0.0,69684.0,-0.229821,-1.128482,KWT,CHE,6505
2185479,123,41,1385,2017,7132.0,0.0,-0.9742190000000001,-0.727593,LAO,CHE,6505
2185480,124,41,1385,2017,2223.0,4942.0,0.266847,1.117621,LBN,CHE,6505
2185481,128,41,1385,2017,159609.0,0.0,-0.46442799999999995,0.472132,LKA,CHE,6505
2185482,130,41,1385,2017,39508.0,14197.0,0.855858,1.447717,LTU,CHE,6505
2185483,131,41,1385,2017,2252.0,6629.0,1.24064,1.298263,LUX,CHE,6505
2185484,132,41,1385,2017,1149.0,4101.0,0.684555,1.3208030000000002,LVA,CHE,6505
2185485,133,41,1385,2017,0.0,1882.0,0.264006,-0.11028099999999999,MAC,CHE,6505
2185486,134,41,1385,2017,9312.0,2352.0,-0.757236,-0.065347,MAR,CHE,6505
2185487,135,41,1385,2017,10214.0,0.0,-0.24909,-0.181213,MDA,CHE,6505
2185488,136,41,1385,2017,35627.0,0.0,-1.277182,-0.6503399999999999,MDG,CHE,6505
2185489,138,41,1385,2017,6559.0,27496.0,1.08871,0.5745279999999999,MEX,CHE,6505
2185490,140,41,1385,2017,38326.0,0.0,-0.0292,-0.377156,MKD,CHE,6505
2185491,142,41,1385,2017,0.0,4277.0,0.999914,0.12683,MLT,CHE,6505
2185492,143,41,1385,2017,102014.0,0.0,-1.051544,-0.419183,MMR,CHE,6505
2185493,145,41,1385,2017,13807.0,0.0,-0.933737,-1.1195620000000002,MNG,CHE,6505
2185494,148,41,1385,2017,2034.0,0.0,-1.634533,-1.330819,MRT,CHE,6505
2185495,151,41,1385,2017,9880.0,0.0,-0.156616,0.073153,MUS,CHE,6505
2185496,153,41,1385,2017,10197.0,5240.0,1.0110139999999999,0.6840729999999999,MYS,CHE,6505
2185497,160,41,1385,2017,0.0,1682.0,-1.0502280000000002,-0.8817719999999999,NIC,CHE,6505
2185498,162,41,1385,2017,3011926.0,90587.0,1.146959,1.470869,NLD,CHE,6505
2185499,163,41,1385,2017,21647.0,7723.0,0.73658,0.11450199999999999,NOR,CHE,6505
2185500,164,41,1385,2017,98654.0,0.0,-0.319681,0.5788220000000001,NPL,CHE,6505
2185501,166,41,1385,2017,0.0,1845.0,0.25651199999999996,0.132996,NZL,CHE,6505
2185502,167,41,1385,2017,0.0,3758.0,-0.347684,-0.884569,OMN,CHE,6505
2185503,168,41,1385,2017,36753.0,1656.0,-0.698561,0.43523500000000004,PAK,CHE,6505
2185504,169,41,1385,2017,0.0,3523.0,0.5520109999999999,0.788181,PAN,CHE,6505
2185505,173,41,1385,2017,60732.0,3221.0,-0.667658,-0.318344,PER,CHE,6505
2185506,174,41,1385,2017,157538.0,1290.0,0.657759,0.170061,PHL,CHE,6505
2185507,177,41,1385,2017,374981.0,11324.0,1.197417,1.092716,POL,CHE,6505
2185508,179,41,1385,2017,64038.0,4983.0,0.527046,2.264624,PRT,CHE,6505
2185509,183,41,1385,2017,0.0,21942.0,-0.361327,-1.066869,QAT,CHE,6505
2185510,185,41,1385,2017,64241.0,9278.0,1.05479,0.9842219999999999,ROU,CHE,6505
2185511,186,41,1385,2017,54927.0,109998.0,0.32885,0.288392,RUS,CHE,6505
2185512,188,41,1385,2017,0.0,1128249.0,0.597716,-0.345049,SAU,CHE,6505
2185513,192,41,1385,2017,26817.0,30938.0,1.884166,0.37903600000000004,SGP,CHE,6505
2185514,197,41,1385,2017,888.0,0.0,0.113639,0.23175199999999999,SLV,CHE,6505
2185515,201,41,1385,2017,45090.0,2464.0,0.541644,1.19872,SRB,CHE,6505
2185516,206,41,1385,2017,161780.0,5180.0,1.279606,0.85503,SVK,CHE,6505
2185517,207,41,1385,2017,26070.0,4012.0,1.600319,0.854305,SVN,CHE,6505
2185518,208,41,1385,2017,404875.0,37363.0,1.764732,0.732646,SWE,CHE,6505
2185519,210,41,1385,2017,0.0,1342.0,0.892698,-0.795854,SXM,CHE,6505
2185520,211,41,1385,2017,0.0,1339.0,0.41946000000000006,-0.523274,SYC,CHE,6505
2185521,216,41,1385,2017,28652.0,7570.0,0.983977,1.3926020000000001,THA,CHE,6505
2185522,219,41,1385,2017,0.0,1372.0,-1.564885,-1.274637,TKM,CHE,6505
2185523,223,41,1385,2017,21879.0,0.0,0.224119,0.961772,TUN,CHE,6505
2185524,224,41,1385,2017,413725.0,7545.0,0.541611,2.405872,TUR,CHE,6505
2185525,228,41,1385,2017,24639.0,1141.0,0.461109,0.7826569999999999,UKR,CHE,6505
2185526,230,41,1385,2017,0.0,10915.0,0.16963,-0.403006,URY,CHE,6505
2185527,231,41,1385,2017,92119.0,131015.0,1.601478,0.277271,USA,CHE,6505
2185528,232,41,1385,2017,0.0,3032.0,-0.407169,-0.264942,UZB,CHE,6505
2185529,236,41,1385,2017,0.0,1295.0,-0.8874559999999999,-1.178752,VEN,CHE,6505
2185530,239,41,1385,2017,1282360.0,0.0,-0.009819,0.686429,VNM,CHE,6505
2185531,246,41,1385,2017,1505.0,15074.0,0.2066,1.378591,ZAF,CHE,6505
2185532,249,41,1385,2017,443317.0,7766.0,2.0548290000000002,1.2552969999999999,TWN,CHE,6505
2185533,7,42,1385,2017,2407.0,2570.0,0.210477,0.02557,ARE,CHL,6505
2185534,8,42,1385,2017,10170.0,33568.0,-0.120753,0.233375,ARG,CHL,6505
2185535,14,42,1385,2017,1519.0,0.0,-0.42427200000000004,-0.152921,AUS,CHL,6505
2185536,15,42,1385,2017,13827.0,0.0,1.728623,-0.031045999999999997,AUT,CHL,6505
2185537,18,42,1385,2017,3814.0,0.0,1.292657,1.19571,BEL,CHL,6505
2185538,22,42,1385,2017,468842.0,0.0,-1.016251,-0.987654,BGD,CHL,6505
2185539,23,42,1385,2017,14321.0,0.0,0.557843,1.7221119999999999,BGR,CHL,6505
2185540,31,42,1385,2017,47607.0,311366.0,-1.158425,-1.076242,BOL,CHL,6505
2185541,32,42,1385,2017,11597.0,0.0,0.145224,0.483461,BRA,CHL,6505
2185542,39,42,1385,2017,47589.0,5077.0,0.73897,1.206402,CAN,CHL,6505
2185543,41,42,1385,2017,8851.0,0.0,2.2557810000000003,0.845459,CHE,CHL,6505
2185544,43,42,1385,2017,21921894.0,0.0,1.1127790000000002,1.56869,CHN,CHL,6505
2185545,49,42,1385,2017,62793.0,1142.0,0.208096,-0.17644300000000002,COL,CHL,6505
2185546,59,42,1385,2017,8705.0,0.0,1.7715130000000001,0.359668,CZE,CHL,6505
2185547,61,42,1385,2017,141022.0,0.0,2.1149459999999998,-2.525372,DEU,CHL,6505
2185548,64,42,1385,2017,9042.0,0.0,1.159753,1.233914,DNK,CHL,6505
2185549,65,42,1385,2017,5431.0,0.0,-0.168016,0.30840100000000004,DOM,CHL,6505
2185550,67,42,1385,2017,28653.0,2205.0,-0.9995850000000001,-1.086367,ECU,CHL,6505
2185551,71,42,1385,2017,117601.0,1319.0,0.734342,2.8180099999999997,ESP,CHL,6505
2185552,72,42,1385,2017,1174.0,0.0,1.010985,1.289633,EST,CHL,6505
2185553,74,42,1385,2017,1957.0,0.0,1.655957,0.962485,FIN,CHL,6505
2185554,77,42,1385,2017,46752.0,0.0,1.398427,0.894732,FRA,CHL,6505
2185555,81,42,1385,2017,77871.0,0.0,1.6883119999999998,0.8347469999999999,GBR,CHL,6505
2185556,93,42,1385,2017,0.0,2361.0,-0.418538,0.557454,GTM,CHL,6505
2185557,97,42,1385,2017,27673.0,0.0,0.824982,1.7162220000000001,HKG,CHL,6505
2185558,103,42,1385,2017,85021.0,0.0,-0.23641700000000002,1.188173,IDN,CHL,6505
2185559,104,42,1385,2017,14238.0,0.0,0.290576,2.726391,IND,CHL,6505
2185560,111,42,1385,2017,78476.0,0.0,1.34395,0.577693,ITA,CHL,6505
2185561,114,42,1385,2017,1059.0,0.0,2.4510419999999997,-0.277357,JPN,CHL,6505
2185562,118,42,1385,2017,7912.0,0.0,-0.656325,-0.622167,KHM,CHL,6505
2185563,121,42,1385,2017,18541.0,0.0,2.011263,0.783215,KOR,CHL,6505
2185564,130,42,1385,2017,1142.0,0.0,0.855858,1.447717,LTU,CHL,6505
2185565,132,42,1385,2017,1304.0,0.0,0.684555,1.3208030000000002,LVA,CHL,6505
2185566,138,42,1385,2017,57097.0,730.0,1.08871,0.5745279999999999,MEX,CHL,6505
2185567,143,42,1385,2017,16926.0,0.0,-1.051544,-0.419183,MMR,CHL,6505
2185568,153,42,1385,2017,7401.0,0.0,1.0110139999999999,0.6840729999999999,MYS,CHL,6505
2185569,160,42,1385,2017,2874.0,1285.0,-1.0502280000000002,-0.8817719999999999,NIC,CHL,6505
2185570,162,42,1385,2017,8428.0,0.0,1.146959,1.470869,NLD,CHL,6505
2185571,164,42,1385,2017,1115.0,0.0,-0.319681,0.5788220000000001,NPL,CHL,6505
2185572,166,42,1385,2017,11989.0,0.0,0.25651199999999996,0.132996,NZL,CHL,6505
2185573,168,42,1385,2017,24975.0,0.0,-0.698561,0.43523500000000004,PAK,CHL,6505
2185574,169,42,1385,2017,37141.0,7146.0,0.5520109999999999,0.788181,PAN,CHL,6505
2185575,173,42,1385,2017,114225.0,183445.0,-0.667658,-0.318344,PER,CHL,6505
2185576,174,42,1385,2017,104842.0,0.0,0.657759,0.170061,PHL,CHL,6505
2185577,177,42,1385,2017,6938.0,0.0,1.197417,1.092716,POL,CHL,6505
2185578,179,42,1385,2017,5338.0,0.0,0.527046,2.264624,PRT,CHL,6505
2185579,180,42,1385,2017,0.0,157260.0,-0.437741,-0.9248879999999999,PRY,CHL,6505
2185580,186,42,1385,2017,4841.0,0.0,0.32885,0.288392,RUS,CHL,6505
2185581,197,42,1385,2017,4202.0,0.0,0.113639,0.23175199999999999,SLV,CHL,6505
2185582,208,42,1385,2017,27307.0,0.0,1.764732,0.732646,SWE,CHL,6505
2185583,216,42,1385,2017,10287.0,0.0,0.983977,1.3926020000000001,THA,CHL,6505
2185584,224,42,1385,2017,29674.0,0.0,0.541611,2.405872,TUR,CHL,6505
2185585,230,42,1385,2017,4016.0,2794.0,0.16963,-0.403006,URY,CHL,6505
2185586,231,42,1385,2017,1182545.0,13553.0,1.601478,0.277271,USA,CHL,6505
2185587,236,42,1385,2017,4434.0,0.0,-0.8874559999999999,-1.178752,VEN,CHL,6505
2185588,239,42,1385,2017,1046139.0,0.0,-0.009819,0.686429,VNM,CHL,6505
2185589,246,42,1385,2017,1139.0,0.0,0.2066,1.378591,ZAF,CHL,6505
2185590,249,42,1385,2017,234596.0,0.0,2.0548290000000002,1.2552969999999999,TWN,CHL,6505
2185591,250,42,1385,2017,598366.0,42392.0,0.72523,-0.205046,ANS,CHL,6505
2185592,0,43,1385,2017,0.0,206265.0,0.845843,0.165178,ABW,CHN,6505
2185593,1,43,1385,2017,0.0,1223167.0,-1.147348,-0.886799,AFG,CHN,6505
2185594,2,43,1385,2017,0.0,1649938.0,-1.408777,-1.215475,AGO,CHN,6505
2185595,4,43,1385,2017,0.0,395635.0,-0.44769899999999996,-0.17193,ALB,CHN,6505
2185596,5,43,1385,2017,0.0,9087.0,1.097505,0.480863,AND,CHN,6505
2185597,7,43,1385,2017,8193.0,22047284.0,0.210477,0.02557,ARE,CHN,6505
2185598,8,43,1385,2017,136755.0,12409879.0,-0.120753,0.233375,ARG,CHN,6505
2185599,9,43,1385,2017,0.0,13177.0,-0.23846799999999999,-0.658774,ARM,CHN,6505
2185600,13,43,1385,2017,0.0,28488.0,0.42561099999999996,-0.42671099999999995,ATG,CHN,6505
2185601,14,43,1385,2017,46378.0,56260416.0,-0.42427200000000004,-0.152921,AUS,CHN,6505
2185602,15,43,1385,2017,30779.0,2636604.0,1.728623,-0.031045999999999997,AUT,CHN,6505
2185603,16,43,1385,2017,0.0,169166.0,-1.022455,-1.199225,AZE,CHN,6505
2185604,17,43,1385,2017,0.0,122759.0,-0.637985,-1.051277,BDI,CHN,6505
2185605,18,43,1385,2017,31822.0,30083714.0,1.292657,1.19571,BEL,CHN,6505
2185606,19,43,1385,2017,0.0,432380.0,-0.755027,-0.796864,BEN,CHN,6505
2185607,21,43,1385,2017,0.0,900.0,-1.100802,-1.0632110000000001,BFA,CHN,6505
2185608,22,43,1385,2017,1240184.0,951202.0,-1.016251,-0.987654,BGD,CHN,6505
2185609,23,43,1385,2017,75367.0,460175.0,0.557843,1.7221119999999999,BGR,CHN,6505
2185610,24,43,1385,2017,0.0,293811.0,0.485479,-0.5348890000000001,BHR,CHN,6505
2185611,25,43,1385,2017,0.0,198523.0,0.81944,-0.30649499999999996,BHS,CHN,6505
2185612,26,43,1385,2017,0.0,25992.0,0.43245,0.726721,BIH,CHN,6505
2185613,28,43,1385,2017,0.0,24259.0,0.8115829999999999,0.8323459999999999,BLR,CHN,6505
2185614,29,43,1385,2017,10682.0,89268.0,-0.284062,-0.711108,BLZ,CHN,6505
2185615,30,43,1385,2017,0.0,11453.0,1.06318,-0.48345,BMU,CHN,6505
2185616,31,43,1385,2017,9067.0,627480.0,-1.158425,-1.076242,BOL,CHN,6505
2185617,32,43,1385,2017,4591.0,28105992.0,0.145224,0.483461,BRA,CHN,6505
2185618,33,43,1385,2017,0.0,6964.0,0.589793,-0.004488000000000001,BRB,CHN,6505
2185619,34,43,1385,2017,0.0,86948.0,0.270525,-0.747949,BRN,CHN,6505
2185620,35,43,1385,2017,0.0,2164.0,-0.167518,-0.7758520000000001,BTN,CHN,6505
2185621,37,43,1385,2017,0.0,623581.0,-0.593754,-1.166742,BWA,CHN,6505
2185622,39,43,1385,2017,76556.0,73336072.0,0.73897,1.206402,CAN,CHN,6505
2185623,41,43,1385,2017,42086.0,6989277.0,2.2557810000000003,0.845459,CHE,CHN,6505
2185624,42,43,1385,2017,0.0,21921894.0,-0.378693,-0.492983,CHL,CHN,6505
2185625,44,43,1385,2017,0.0,439157.0,-0.784119,-0.904135,CIV,CHN,6505
2185626,45,43,1385,2017,0.0,892722.0,-1.048569,-1.030799,CMR,CHN,6505
2185627,46,43,1385,2017,0.0,622702.0,-1.3960569999999999,-1.126784,COD,CHN,6505
2185628,47,43,1385,2017,0.0,172314.0,-1.2289780000000001,-1.169368,COG,CHN,6505
2185629,48,43,1385,2017,0.0,1239.0,0.154051,-0.74144,COK,CHN,6505
2185630,49,43,1385,2017,0.0,18258438.0,0.208096,-0.17644300000000002,COL,CHN,6505
2185631,50,43,1385,2017,0.0,8233.0,-0.880647,-0.927383,COM,CHN,6505
2185632,51,43,1385,2017,0.0,23786.0,-0.11722300000000001,-0.677707,CPV,CHN,6505
2185633,52,43,1385,2017,0.0,1544771.0,0.288642,-0.056219000000000005,CRI,CHN,6505
2185634,54,43,1385,2017,0.0,121667.0,-0.77404,-1.121084,CUB,CHN,6505
2185635,55,43,1385,2017,0.0,30554.0,0.161139,-0.591701,CUW,CHN,6505
2185636,58,43,1385,2017,2184.0,215355.0,0.576982,0.279989,CYP,CHN,6505
2185637,59,43,1385,2017,7459.0,5474306.0,1.7715130000000001,0.359668,CZE,CHN,6505
2185638,61,43,1385,2017,651901.0,137550976.0,2.1149459999999998,-2.525372,DEU,CHN,6505
2185639,62,43,1385,2017,0.0,1190254.0,-0.4897,-0.7249180000000001,DJI,CHN,6505
2185640,63,43,1385,2017,0.0,37387.0,0.283171,-0.22632800000000003,DMA,CHN,6505
2185641,64,43,1385,2017,48456.0,11909525.0,1.159753,1.233914,DNK,CHN,6505
2185642,65,43,1385,2017,0.0,2180800.0,-0.168016,0.30840100000000004,DOM,CHN,6505
2185643,66,43,1385,2017,0.0,4046607.0,-0.9905579999999999,-1.1996200000000001,DZA,CHN,6505
2185644,67,43,1385,2017,9355.0,3733909.0,-0.9995850000000001,-1.086367,ECU,CHN,6505
2185645,68,43,1385,2017,0.0,5834098.0,-0.073436,1.829121,EGY,CHN,6505
2185646,69,43,1385,2017,0.0,3786.0,-1.4706139999999999,-1.024845,ERI,CHN,6505
2185647,71,43,1385,2017,421934.0,60713632.0,0.734342,2.8180099999999997,ESP,CHN,6505
2185648,72,43,1385,2017,0.0,1755615.0,1.010985,1.289633,EST,CHN,6505
2185649,73,43,1385,2017,0.0,1357110.0,-1.007413,-0.638231,ETH,CHN,6505
2185650,74,43,1385,2017,8871.0,6612887.0,1.655957,0.962485,FIN,CHN,6505
2185651,75,43,1385,2017,0.0,246080.0,-0.278276,-0.033997,FJI,CHN,6505
2185652,77,43,1385,2017,2302918.0,73648784.0,1.398427,0.894732,FRA,CHN,6505
2185653,78,43,1385,2017,0.0,1536.0,-0.956326,-0.951541,FRO,CHN,6505
2185654,79,43,1385,2017,0.0,1395.0,-1.106905,-0.952936,FSM,CHN,6505
2185655,80,43,1385,2017,0.0,110348.0,-1.109612,-1.177577,GAB,CHN,6505
2185656,81,43,1385,2017,222248.0,125742264.0,1.6883119999999998,0.8347469999999999,GBR,CHN,6505
2185657,82,43,1385,2017,1499.0,521061.0,-0.241749,-0.374727,GEO,CHN,6505
2185658,83,43,1385,2017,0.0,2262060.0,-0.929143,-0.811439,GHA,CHN,6505
2185659,85,43,1385,2017,0.0,834076.0,-1.7560669999999998,-1.2747680000000001,GIN,CHN,6505
2185660,87,43,1385,2017,0.0,98487.0,-1.161814,-0.9317190000000001,GMB,CHN,6505
2185661,89,43,1385,2017,0.0,30711.0,-1.735486,-0.9254180000000001,GNQ,CHN,6505
2185662,90,43,1385,2017,2500.0,8380323.0,0.154098,1.151038,GRC,CHN,6505
2185663,91,43,1385,2017,0.0,2313.0,0.384656,-0.317098,GRD,CHN,6505
2185664,92,43,1385,2017,0.0,10905.0,-1.226963,-0.9309620000000001,GRL,CHN,6505
2185665,93,43,1385,2017,0.0,1539864.0,-0.418538,0.557454,GTM,CHN,6505
2185666,96,43,1385,2017,0.0,136334.0,-0.703271,-0.898648,GUY,CHN,6505
2185667,97,43,1385,2017,130074.0,88001376.0,0.824982,1.7162220000000001,HKG,CHN,6505
2185668,99,43,1385,2017,1285.0,474551.0,-0.6335689999999999,-0.334201,HND,CHN,6505
2185669,100,43,1385,2017,2174.0,2987306.0,0.860825,1.365445,HRV,CHN,6505
2185670,101,43,1385,2017,1370.0,442806.0,-1.0089219999999999,-0.946722,HTI,CHN,6505
2185671,102,43,1385,2017,1774.0,3179584.0,1.4886270000000001,0.845986,HUN,CHN,6505
2185672,103,43,1385,2017,401526.0,4836755.0,-0.23641700000000002,1.188173,IDN,CHN,6505
2185673,104,43,1385,2017,36938.0,21976390.0,0.290576,2.726391,IND,CHN,6505
2185674,106,43,1385,2017,2095.0,5712010.0,1.363544,0.169211,IRL,CHN,6505
2185675,107,43,1385,2017,0.0,10593395.0,-0.361292,-0.361813,IRN,CHN,6505
2185676,108,43,1385,2017,0.0,10352857.0,-1.515339,-0.9462950000000001,IRQ,CHN,6505
2185677,109,43,1385,2017,0.0,336345.0,0.386094,-0.277269,ISL,CHN,6505
2185678,110,43,1385,2017,0.0,13443869.0,1.436156,0.776574,ISR,CHN,6505
2185679,111,43,1385,2017,1682138.0,47167212.0,1.34395,0.577693,ITA,CHN,6505
2185680,112,43,1385,2017,0.0,1089950.0,-0.497654,-0.76481,JAM,CHN,6505
2185681,113,43,1385,2017,0.0,2410721.0,0.020035,0.295415,JOR,CHN,6505
2185682,114,43,1385,2017,630301.0,179448208.0,2.4510419999999997,-0.277357,JPN,CHN,6505
2185683,115,43,1385,2017,3303.0,86362456.0,-0.394316,-0.5485979999999999,KAZ,CHN,6505
2185684,116,43,1385,2017,0.0,5710156.0,-0.579541,0.511926,KEN,CHN,6505
2185685,117,43,1385,2017,0.0,10110560.0,-0.11530599999999999,0.264752,KGZ,CHN,6505
2185686,118,43,1385,2017,137656.0,202001.0,-0.656325,-0.622167,KHM,CHN,6505
2185687,119,43,1385,2017,0.0,15809.0,-0.912241,-0.907758,KIR,CHN,6505
2185688,120,43,1385,2017,0.0,68629.0,0.781625,-0.405177,KNA,CHN,6505
2185689,121,43,1385,2017,10706199.0,96601512.0,2.011263,0.783215,KOR,CHN,6505
2185690,122,43,1385,2017,0.0,2119781.0,-0.229821,-1.128482,KWT,CHN,6505
2185691,123,43,1385,2017,0.0,29412.0,-0.9742190000000001,-0.727593,LAO,CHN,6505
2185692,124,43,1385,2017,0.0,2152983.0,0.266847,1.117621,LBN,CHN,6505
2185693,125,43,1385,2017,0.0,319262.0,-0.355064,-0.977613,LBR,CHN,6505
2185694,126,43,1385,2017,0.0,1105956.0,-1.156635,-1.212561,LBY,CHN,6505
2185695,127,43,1385,2017,0.0,14795.0,0.458896,-0.149195,LCA,CHN,6505
2185696,128,43,1385,2017,82548.0,1116967.0,-0.46442799999999995,0.472132,LKA,CHN,6505
2185697,129,43,1385,2017,0.0,7594.0,-0.955398,-0.824111,LSO,CHN,6505
2185698,130,43,1385,2017,2002.0,1521098.0,0.855858,1.447717,LTU,CHN,6505
2185699,131,43,1385,2017,1712.0,54408.0,1.24064,1.298263,LUX,CHN,6505
2185700,132,43,1385,2017,0.0,906992.0,0.684555,1.3208030000000002,LVA,CHN,6505
2185701,133,43,1385,2017,0.0,373691.0,0.264006,-0.11028099999999999,MAC,CHN,6505
2185702,134,43,1385,2017,2039.0,1305061.0,-0.757236,-0.065347,MAR,CHN,6505
2185703,135,43,1385,2017,0.0,11321.0,-0.24909,-0.181213,MDA,CHN,6505
2185704,136,43,1385,2017,11476.0,1236830.0,-1.277182,-0.6503399999999999,MDG,CHN,6505
2185705,137,43,1385,2017,0.0,17067.0,-1.100027,-0.9779479999999999,MDV,CHN,6505
2185706,138,43,1385,2017,54984.0,63714576.0,1.08871,0.5745279999999999,MEX,CHN,6505
2185707,139,43,1385,2017,0.0,1729.0,-0.057511,-0.80248,MHL,CHN,6505
2185708,140,43,1385,2017,11591.0,2750.0,-0.0292,-0.377156,MKD,CHN,6505
2185709,141,43,1385,2017,0.0,112140.0,-0.5927899999999999,-0.707245,MLI,CHN,6505
2185710,142,43,1385,2017,0.0,394343.0,0.999914,0.12683,MLT,CHN,6505
2185711,143,43,1385,2017,156986.0,1162817.0,-1.051544,-0.419183,MMR,CHN,6505
2185712,144,43,1385,2017,0.0,57118.0,0.201739,-0.23111399999999999,MNE,CHN,6505
2185713,145,43,1385,2017,4605.0,43139.0,-0.933737,-1.1195620000000002,MNG,CHN,6505
2185714,147,43,1385,2017,0.0,1245188.0,-1.3882290000000002,-1.114475,MOZ,CHN,6505
2185715,148,43,1385,2017,0.0,1771445.0,-1.634533,-1.330819,MRT,CHN,6505
2185716,151,43,1385,2017,1432.0,493403.0,-0.156616,0.073153,MUS,CHN,6505
2185717,152,43,1385,2017,0.0,134073.0,-0.761995,-0.8897729999999999,MWI,CHN,6505
2185718,153,43,1385,2017,3092.0,11136374.0,1.0110139999999999,0.6840729999999999,MYS,CHN,6505
2185719,155,43,1385,2017,0.0,332442.0,-0.5221060000000001,-0.7365079999999999,NAM,CHN,6505
2185720,156,43,1385,2017,0.0,26945.0,-0.38216100000000003,-0.8662549999999999,NCL,CHN,6505
2185721,157,43,1385,2017,0.0,4436.0,-1.250156,-0.995524,NER,CHN,6505
2185722,159,43,1385,2017,0.0,8123483.0,-1.8260919999999998,-1.276591,NGA,CHN,6505
2185723,160,43,1385,2017,0.0,419134.0,-1.0502280000000002,-0.8817719999999999,NIC,CHN,6505
2185724,162,43,1385,2017,65552.0,72190448.0,1.146959,1.470869,NLD,CHN,6505
2185725,163,43,1385,2017,1801.0,7417554.0,0.73658,0.11450199999999999,NOR,CHN,6505
2185726,164,43,1385,2017,18684.0,3111321.0,-0.319681,0.5788220000000001,NPL,CHN,6505
2185727,166,43,1385,2017,2938.0,9422088.0,0.25651199999999996,0.132996,NZL,CHN,6505
2185728,167,43,1385,2017,0.0,370214.0,-0.347684,-0.884569,OMN,CHN,6505
2185729,168,43,1385,2017,0.0,5431936.0,-0.698561,0.43523500000000004,PAK,CHN,6505
2185730,169,43,1385,2017,0.0,5639701.0,0.5520109999999999,0.788181,PAN,CHN,6505
2185731,173,43,1385,2017,8082.0,5430067.0,-0.667658,-0.318344,PER,CHN,6505
2185732,174,43,1385,2017,502367.0,9423549.0,0.657759,0.170061,PHL,CHN,6505
2185733,176,43,1385,2017,0.0,901532.0,-1.788834,-1.267126,PNG,CHN,6505
2185734,177,43,1385,2017,37144.0,30084330.0,1.197417,1.092716,POL,CHN,6505
2185735,178,43,1385,2017,1109159.0,2312440.0,-0.353642,-0.08027000000000001,PRK,CHN,6505
2185736,179,43,1385,2017,19070.0,4127708.0,0.527046,2.264624,PRT,CHN,6505
2185737,180,43,1385,2017,0.0,409807.0,-0.437741,-0.9248879999999999,PRY,CHN,6505
2185738,181,43,1385,2017,0.0,8874.0,0.11852,0.609241,PSE,CHN,6505
2185739,182,43,1385,2017,0.0,41606.0,-0.1278,-0.748387,PYF,CHN,6505
2185740,183,43,1385,2017,15195.0,840601.0,-0.361327,-1.066869,QAT,CHN,6505
2185741,185,43,1385,2017,3219.0,2611672.0,1.05479,0.9842219999999999,ROU,CHN,6505
2185742,186,43,1385,2017,0.0,57995900.0,0.32885,0.288392,RUS,CHN,6505
2185743,187,43,1385,2017,0.0,173249.0,-0.7610319999999999,-0.680251,RWA,CHN,6505
2185744,188,43,1385,2017,1274.0,23601750.0,0.597716,-0.345049,SAU,CHN,6505
2185745,190,43,1385,2017,0.0,1560607.0,-1.567691,-1.257164,SDN,CHN,6505
2185746,191,43,1385,2017,0.0,1927118.0,-0.6722899999999999,-0.26522199999999996,SEN,CHN,6505
2185747,192,43,1385,2017,4667.0,5511552.0,1.884166,0.37903600000000004,SGP,CHN,6505
2185748,195,43,1385,2017,0.0,30878.0,-1.153846,-0.971255,SLB,CHN,6505
2185749,196,43,1385,2017,0.0,486633.0,-0.37777,-0.6353270000000001,SLE,CHN,6505
2185750,197,43,1385,2017,5397.0,1537242.0,0.113639,0.23175199999999999,SLV,CHN,6505
2185751,198,43,1385,2017,0.0,1707.0,0.984548,0.6116199999999999,SMR,CHN,6505
2185752,199,43,1385,2017,0.0,180843.0,-1.2313479999999999,-1.063879,SOM,CHN,6505
2185753,201,43,1385,2017,0.0,250759.0,0.541644,1.19872,SRB,CHN,6505
2185754,202,43,1385,2017,0.0,2510.0,-2.23581,-0.962008,SSD,CHN,6505
2185755,205,43,1385,2017,0.0,64321.0,-0.596432,-1.0249700000000002,SUR,CHN,6505
2185756,206,43,1385,2017,0.0,1879872.0,1.279606,0.85503,SVK,CHN,6505
2185757,207,43,1385,2017,0.0,2825258.0,1.600319,0.854305,SVN,CHN,6505
2185758,208,43,1385,2017,267368.0,25642374.0,1.764732,0.732646,SWE,CHN,6505
2185759,209,43,1385,2017,0.0,47006.0,0.126066,-0.551203,SWZ,CHN,6505
2185760,211,43,1385,2017,0.0,3145.0,0.41946000000000006,-0.523274,SYC,CHN,6505
2185761,212,43,1385,2017,0.0,283774.0,-0.660905,0.345462,SYR,CHN,6505
2185762,213,43,1385,2017,0.0,53157.0,0.897017,0.219298,TCA,CHN,6505
2185763,214,43,1385,2017,0.0,5055.0,-2.263503,-1.00147,TCD,CHN,6505
2185764,215,43,1385,2017,0.0,1949252.0,-0.8957450000000001,-0.891191,TGO,CHN,6505
2185765,216,43,1385,2017,441041.0,8642717.0,0.983977,1.3926020000000001,THA,CHN,6505
2185766,217,43,1385,2017,0.0,1646357.0,-0.938366,-1.092714,TJK,CHN,6505
2185767,219,43,1385,2017,0.0,27928.0,-1.564885,-1.274637,TKM,CHN,6505
2185768,220,43,1385,2017,0.0,36653.0,-0.45426700000000003,-0.769744,TLS,CHN,6505
2185769,221,43,1385,2017,0.0,15192.0,-0.504652,-0.820577,TON,CHN,6505
2185770,222,43,1385,2017,0.0,115782.0,-0.183935,-1.012153,TTO,CHN,6505
2185771,223,43,1385,2017,5273.0,356639.0,0.224119,0.961772,TUN,CHN,6505
2185772,224,43,1385,2017,72231.0,17493646.0,0.541611,2.405872,TUR,CHN,6505
2185773,226,43,1385,2017,0.0,2849279.0,-1.0691709999999999,0.11636800000000001,TZA,CHN,6505
2185774,227,43,1385,2017,0.0,118065.0,-0.6831020000000001,-0.046838,UGA,CHN,6505
2185775,228,43,1385,2017,0.0,3030862.0,0.461109,0.7826569999999999,UKR,CHN,6505
2185776,230,43,1385,2017,0.0,3157766.0,0.16963,-0.403006,URY,CHN,6505
2185777,231,43,1385,2017,1852222.0,912387072.0,1.601478,0.277271,USA,CHN,6505
2185778,232,43,1385,2017,0.0,161154.0,-0.407169,-0.264942,UZB,CHN,6505
2185779,234,43,1385,2017,0.0,6936.0,-0.040273,-0.549452,VCT,CHN,6505
2185780,236,43,1385,2017,0.0,1298833.0,-0.8874559999999999,-1.178752,VEN,CHN,6505
2185781,239,43,1385,2017,4013461.0,15419137.0,-0.009819,0.686429,VNM,CHN,6505
2185782,240,43,1385,2017,0.0,37981.0,-1.223329,-1.005357,VUT,CHN,6505
2185783,242,43,1385,2017,0.0,15573.0,0.450726,0.050197000000000006,WSM,CHN,6505
2185784,243,43,1385,2017,0.0,1874386.0,-1.397594,-1.2342110000000002,YEM,CHN,6505
2185785,246,43,1385,2017,14454.0,41352716.0,0.2066,1.378591,ZAF,CHN,6505
2185786,247,43,1385,2017,0.0,61776.0,-0.8594290000000001,-1.0574459999999999,ZMB,CHN,6505
2185787,248,43,1385,2017,0.0,138835.0,-1.101402,-1.0831680000000001,ZWE,CHN,6505
2185788,249,43,1385,2017,1008791.0,7474908.0,2.0548290000000002,1.2552969999999999,TWN,CHN,6505
2185789,250,43,1385,2017,0.0,7129.0,0.72523,-0.205046,ANS,CHN,6505
2185790,0,49,1385,2017,0.0,4338.0,0.845843,0.165178,ABW,COL,6505
2185791,7,49,1385,2017,0.0,3576.0,0.210477,0.02557,ARE,COL,6505
2185792,8,49,1385,2017,8832.0,0.0,-0.120753,0.233375,ARG,COL,6505
2185793,14,49,1385,2017,3065.0,4812.0,-0.42427200000000004,-0.152921,AUS,COL,6505
2185794,15,49,1385,2017,5418.0,0.0,1.728623,-0.031045999999999997,AUT,COL,6505
2185795,18,49,1385,2017,3592.0,0.0,1.292657,1.19571,BEL,COL,6505
2185796,22,49,1385,2017,129340.0,0.0,-1.016251,-0.987654,BGD,COL,6505
2185797,31,49,1385,2017,0.0,10348.0,-1.158425,-1.076242,BOL,COL,6505
2185798,32,49,1385,2017,6152.0,0.0,0.145224,0.483461,BRA,COL,6505
2185799,39,49,1385,2017,16597.0,17940.0,0.73897,1.206402,CAN,COL,6505
2185800,41,49,1385,2017,965.0,0.0,2.2557810000000003,0.845459,CHE,COL,6505
2185801,42,49,1385,2017,1142.0,62793.0,-0.378693,-0.492983,CHL,COL,6505
2185802,43,49,1385,2017,18258438.0,0.0,1.1127790000000002,1.56869,CHN,COL,6505
2185803,52,49,1385,2017,0.0,66653.0,0.288642,-0.056219000000000005,CRI,COL,6505
2185804,54,49,1385,2017,0.0,3615.0,-0.77404,-1.121084,CUB,COL,6505
2185805,55,49,1385,2017,0.0,2757.0,0.161139,-0.591701,CUW,COL,6505
2185806,59,49,1385,2017,21556.0,0.0,1.7715130000000001,0.359668,CZE,COL,6505
2185807,61,49,1385,2017,139666.0,9827.0,2.1149459999999998,-2.525372,DEU,COL,6505
2185808,64,49,1385,2017,848.0,0.0,1.159753,1.233914,DNK,COL,6505
2185809,65,49,1385,2017,0.0,8602.0,-0.168016,0.30840100000000004,DOM,COL,6505
2185810,67,49,1385,2017,0.0,29912.0,-0.9995850000000001,-1.086367,ECU,COL,6505
2185811,71,49,1385,2017,434968.0,9393.0,0.734342,2.8180099999999997,ESP,COL,6505
2185812,77,49,1385,2017,29630.0,0.0,1.398427,0.894732,FRA,COL,6505
2185813,81,49,1385,2017,0.0,11900.0,1.6883119999999998,0.8347469999999999,GBR,COL,6505
2185814,93,49,1385,2017,5381.0,142593.0,-0.418538,0.557454,GTM,COL,6505
2185815,97,49,1385,2017,22164.0,0.0,0.824982,1.7162220000000001,HKG,COL,6505
2185816,99,49,1385,2017,2482.0,10584.0,-0.6335689999999999,-0.334201,HND,COL,6505
2185817,103,49,1385,2017,36863.0,0.0,-0.23641700000000002,1.188173,IDN,COL,6505
2185818,104,49,1385,2017,969.0,0.0,0.290576,2.726391,IND,COL,6505
2185819,106,49,1385,2017,0.0,986.0,1.363544,0.169211,IRL,COL,6505
2185820,110,49,1385,2017,0.0,706.0,1.436156,0.776574,ISR,COL,6505
2185821,111,49,1385,2017,37787.0,0.0,1.34395,0.577693,ITA,COL,6505
2185822,114,49,1385,2017,0.0,6317.0,2.4510419999999997,-0.277357,JPN,COL,6505
2185823,118,49,1385,2017,23230.0,0.0,-0.656325,-0.622167,KHM,COL,6505
2185824,121,49,1385,2017,0.0,1855.0,2.011263,0.783215,KOR,COL,6505
2185825,134,49,1385,2017,1523.0,0.0,-0.757236,-0.065347,MAR,COL,6505
2185826,138,49,1385,2017,68185.0,2713.0,1.08871,0.5745279999999999,MEX,COL,6505
2185827,143,49,1385,2017,2366.0,0.0,-1.051544,-0.419183,MMR,COL,6505
2185828,153,49,1385,2017,2055.0,0.0,1.0110139999999999,0.6840729999999999,MYS,COL,6505
2185829,160,49,1385,2017,0.0,2410.0,-1.0502280000000002,-0.8817719999999999,NIC,COL,6505
2185830,162,49,1385,2017,0.0,14149.0,1.146959,1.470869,NLD,COL,6505
2185831,169,49,1385,2017,2667.0,12443.0,0.5520109999999999,0.788181,PAN,COL,6505
2185832,173,49,1385,2017,10455.0,11321.0,-0.667658,-0.318344,PER,COL,6505
2185833,174,49,1385,2017,40217.0,0.0,0.657759,0.170061,PHL,COL,6505
2185834,177,49,1385,2017,950.0,0.0,1.197417,1.092716,POL,COL,6505
2185835,179,49,1385,2017,2497.0,1943.0,0.527046,2.264624,PRT,COL,6505
2185836,180,49,1385,2017,0.0,1011.0,-0.437741,-0.9248879999999999,PRY,COL,6505
2185837,186,49,1385,2017,0.0,1836.0,0.32885,0.288392,RUS,COL,6505
2185838,192,49,1385,2017,2503.0,1446.0,1.884166,0.37903600000000004,SGP,COL,6505
2185839,197,49,1385,2017,3306.0,5977.0,0.113639,0.23175199999999999,SLV,COL,6505
2185840,207,49,1385,2017,785.0,0.0,1.600319,0.854305,SVN,COL,6505
2185841,208,49,1385,2017,13940.0,0.0,1.764732,0.732646,SWE,COL,6505
2185842,216,49,1385,2017,1744.0,0.0,0.983977,1.3926020000000001,THA,COL,6505
2185843,224,49,1385,2017,3392.0,0.0,0.541611,2.405872,TUR,COL,6505
2185844,226,49,1385,2017,0.0,2594.0,-1.0691709999999999,0.11636800000000001,TZA,COL,6505
2185845,230,49,1385,2017,0.0,4069.0,0.16963,-0.403006,URY,COL,6505
2185846,231,49,1385,2017,485546.0,759001.0,1.601478,0.277271,USA,COL,6505
2185847,236,49,1385,2017,0.0,2589.0,-0.8874559999999999,-1.178752,VEN,COL,6505
2185848,239,49,1385,2017,255234.0,0.0,-0.009819,0.686429,VNM,COL,6505
2185849,249,49,1385,2017,12720.0,0.0,2.0548290000000002,1.2552969999999999,TWN,COL,6505
2185850,250,49,1385,2017,6849.0,63657.0,0.72523,-0.205046,ANS,COL,6505
2185851,8,52,1385,2017,1399.0,0.0,-0.120753,0.233375,ARG,CRI,6505
2185852,14,52,1385,2017,6696.0,0.0,-0.42427200000000004,-0.152921,AUS,CRI,6505
2185853,15,52,1385,2017,6691.0,0.0,1.728623,-0.031045999999999997,AUT,CRI,6505
2185854,18,52,1385,2017,916.0,0.0,1.292657,1.19571,BEL,CRI,6505
2185855,22,52,1385,2017,24302.0,0.0,-1.016251,-0.987654,BGD,CRI,6505
2185856,32,52,1385,2017,3179.0,0.0,0.145224,0.483461,BRA,CRI,6505
2185857,39,52,1385,2017,1912.0,0.0,0.73897,1.206402,CAN,CRI,6505
2185858,43,52,1385,2017,1544771.0,0.0,1.1127790000000002,1.56869,CHN,CRI,6505
2185859,49,52,1385,2017,66653.0,0.0,0.208096,-0.17644300000000002,COL,CRI,6505
2185860,59,52,1385,2017,4241.0,0.0,1.7715130000000001,0.359668,CZE,CRI,6505
2185861,61,52,1385,2017,33798.0,0.0,2.1149459999999998,-2.525372,DEU,CRI,6505
2185862,65,52,1385,2017,0.0,3029.0,-0.168016,0.30840100000000004,DOM,CRI,6505
2185863,67,52,1385,2017,27914.0,0.0,-0.9995850000000001,-1.086367,ECU,CRI,6505
2185864,71,52,1385,2017,11457.0,0.0,0.734342,2.8180099999999997,ESP,CRI,6505
2185865,77,52,1385,2017,2311.0,0.0,1.398427,0.894732,FRA,CRI,6505
2185866,81,52,1385,2017,1784.0,0.0,1.6883119999999998,0.8347469999999999,GBR,CRI,6505
2185867,93,52,1385,2017,16546.0,12746.0,-0.418538,0.557454,GTM,CRI,6505
2185868,97,52,1385,2017,12583.0,0.0,0.824982,1.7162220000000001,HKG,CRI,6505
2185869,99,52,1385,2017,0.0,3308.0,-0.6335689999999999,-0.334201,HND,CRI,6505
2185870,103,52,1385,2017,1878.0,0.0,-0.23641700000000002,1.188173,IDN,CRI,6505
2185871,104,52,1385,2017,2063.0,0.0,0.290576,2.726391,IND,CRI,6505
2185872,110,52,1385,2017,1494.0,0.0,1.436156,0.776574,ISR,CRI,6505
2185873,111,52,1385,2017,5293.0,0.0,1.34395,0.577693,ITA,CRI,6505
2185874,118,52,1385,2017,2363.0,0.0,-0.656325,-0.622167,KHM,CRI,6505
2185875,121,52,1385,2017,0.0,991.0,2.011263,0.783215,KOR,CRI,6505
2185876,138,52,1385,2017,1323267.0,0.0,1.08871,0.5745279999999999,MEX,CRI,6505
2185877,160,52,1385,2017,3614.0,8105.0,-1.0502280000000002,-0.8817719999999999,NIC,CRI,6505
2185878,162,52,1385,2017,2257.0,0.0,1.146959,1.470869,NLD,CRI,6505
2185879,169,52,1385,2017,93388.0,7057.0,0.5520109999999999,0.788181,PAN,CRI,6505
2185880,173,52,1385,2017,34138.0,0.0,-0.667658,-0.318344,PER,CRI,6505
2185881,174,52,1385,2017,9854.0,0.0,0.657759,0.170061,PHL,CRI,6505
2185882,197,52,1385,2017,2470.0,5383.0,0.113639,0.23175199999999999,SLV,CRI,6505
2185883,208,52,1385,2017,893.0,0.0,1.764732,0.732646,SWE,CRI,6505
2185884,216,52,1385,2017,14789.0,0.0,0.983977,1.3926020000000001,THA,CRI,6505
2185885,224,52,1385,2017,1054.0,0.0,0.541611,2.405872,TUR,CRI,6505
2185886,231,52,1385,2017,235297.0,39172.0,1.601478,0.277271,USA,CRI,6505
2185887,236,52,1385,2017,2394.0,0.0,-0.8874559999999999,-1.178752,VEN,CRI,6505
2185888,239,52,1385,2017,75817.0,0.0,-0.009819,0.686429,VNM,CRI,6505
2185889,249,52,1385,2017,24284.0,0.0,2.0548290000000002,1.2552969999999999,TWN,CRI,6505
2185890,250,52,1385,2017,96314.0,0.0,0.72523,-0.205046,ANS,CRI,6505
2185891,43,55,1385,2017,30554.0,0.0,1.1127790000000002,1.56869,CHN,CUW,6505
2185892,49,55,1385,2017,2757.0,0.0,0.208096,-0.17644300000000002,COL,CUW,6505
2185893,61,55,1385,2017,6619.0,0.0,2.1149459999999998,-2.525372,DEU,CUW,6505
2185894,71,55,1385,2017,1161.0,0.0,0.734342,2.8180099999999997,ESP,CUW,6505
2185895,162,55,1385,2017,2670.0,0.0,1.146959,1.470869,NLD,CUW,6505
2185896,169,55,1385,2017,85327.0,0.0,0.5520109999999999,0.788181,PAN,CUW,6505
2185897,205,55,1385,2017,0.0,1283.0,-0.596432,-1.0249700000000002,SUR,CUW,6505
2185898,231,55,1385,2017,14691.0,0.0,1.601478,0.277271,USA,CUW,6505
2185899,14,58,1385,2017,0.0,2124.0,-0.42427200000000004,-0.152921,AUS,CYP,6505
2185900,15,58,1385,2017,10087.0,0.0,1.728623,-0.031045999999999997,AUT,CYP,6505
2185901,18,58,1385,2017,39704.0,0.0,1.292657,1.19571,BEL,CYP,6505
2185902,22,58,1385,2017,17886.0,0.0,-1.016251,-0.987654,BGD,CYP,6505
2185903,23,58,1385,2017,25054.0,3872.0,0.557843,1.7221119999999999,BGR,CYP,6505
2185904,41,58,1385,2017,2616.0,0.0,2.2557810000000003,0.845459,CHE,CYP,6505
2185905,43,58,1385,2017,215355.0,2184.0,1.1127790000000002,1.56869,CHN,CYP,6505
2185906,59,58,1385,2017,3428.0,0.0,1.7715130000000001,0.359668,CZE,CYP,6505
2185907,61,58,1385,2017,152018.0,0.0,2.1149459999999998,-2.525372,DEU,CYP,6505
2185908,64,58,1385,2017,4753.0,0.0,1.159753,1.233914,DNK,CYP,6505
2185909,66,58,1385,2017,0.0,2719.0,-0.9905579999999999,-1.1996200000000001,DZA,CYP,6505
2185910,68,58,1385,2017,0.0,999.0,-0.073436,1.829121,EGY,CYP,6505
2185911,71,58,1385,2017,173182.0,49325.0,0.734342,2.8180099999999997,ESP,CYP,6505
2185912,77,58,1385,2017,142405.0,89276.0,1.398427,0.894732,FRA,CYP,6505
2185913,81,58,1385,2017,304372.0,3394.0,1.6883119999999998,0.8347469999999999,GBR,CYP,6505
2185914,90,58,1385,2017,374795.0,12143.0,0.154098,1.151038,GRC,CYP,6505
2185915,97,58,1385,2017,4074.0,3313.0,0.824982,1.7162220000000001,HKG,CYP,6505
2185916,100,58,1385,2017,0.0,14286.0,0.860825,1.365445,HRV,CYP,6505
2185917,102,58,1385,2017,2529.0,39716.0,1.4886270000000001,0.845986,HUN,CYP,6505
2185918,106,58,1385,2017,1183.0,0.0,1.363544,0.169211,IRL,CYP,6505
2185919,110,58,1385,2017,2440.0,1415.0,1.436156,0.776574,ISR,CYP,6505
2185920,111,58,1385,2017,471185.0,54734.0,1.34395,0.577693,ITA,CYP,6505
2185921,113,58,1385,2017,0.0,4892.0,0.020035,0.295415,JOR,CYP,6505
2185922,121,58,1385,2017,0.0,1561.0,2.011263,0.783215,KOR,CYP,6505
2185923,126,58,1385,2017,0.0,3771.0,-1.156635,-1.212561,LBY,CYP,6505
2185924,134,58,1385,2017,0.0,1123.0,-0.757236,-0.065347,MAR,CYP,6505
2185925,153,58,1385,2017,1560.0,0.0,1.0110139999999999,0.6840729999999999,MYS,CYP,6505
2185926,162,58,1385,2017,81330.0,4599.0,1.146959,1.470869,NLD,CYP,6505
2185927,177,58,1385,2017,5881.0,0.0,1.197417,1.092716,POL,CYP,6505
2185928,179,58,1385,2017,26107.0,0.0,0.527046,2.264624,PRT,CYP,6505
2185929,186,58,1385,2017,3461.0,755.0,0.32885,0.288392,RUS,CYP,6505
2185930,192,58,1385,2017,2908.0,512.0,1.884166,0.37903600000000004,SGP,CYP,6505
2185931,208,58,1385,2017,5060.0,0.0,1.764732,0.732646,SWE,CYP,6505
2185932,223,58,1385,2017,0.0,1181.0,0.224119,0.961772,TUN,CYP,6505
2185933,224,58,1385,2017,277180.0,0.0,0.541611,2.405872,TUR,CYP,6505
2185934,228,58,1385,2017,0.0,1752.0,0.461109,0.7826569999999999,UKR,CYP,6505
2185935,231,58,1385,2017,10600.0,8121.0,1.601478,0.277271,USA,CYP,6505
2185936,239,58,1385,2017,46781.0,0.0,-0.009819,0.686429,VNM,CYP,6505
2185937,246,58,1385,2017,1035.0,0.0,0.2066,1.378591,ZAF,CYP,6505
2185938,249,58,1385,2017,0.0,1471.0,2.0548290000000002,1.2552969999999999,TWN,CYP,6505
2185939,1,61,1385,2017,3411.0,3607.0,-1.147348,-0.886799,AFG,DEU,6505
2185940,2,61,1385,2017,0.0,4316.0,-1.408777,-1.215475,AGO,DEU,6505
2185941,4,61,1385,2017,19393.0,12498.0,-0.44769899999999996,-0.17193,ALB,DEU,6505
2185942,5,61,1385,2017,0.0,42613.0,1.097505,0.480863,AND,DEU,6505
2185943,7,61,1385,2017,11742.0,504638.0,0.210477,0.02557,ARE,DEU,6505
2185944,8,61,1385,2017,0.0,46097.0,-0.120753,0.233375,ARG,DEU,6505
2185945,9,61,1385,2017,0.0,44323.0,-0.23846799999999999,-0.658774,ARM,DEU,6505
2185946,14,61,1385,2017,37891.0,670829.0,-0.42427200000000004,-0.152921,AUS,DEU,6505
2185947,15,61,1385,2017,7244334.0,27588506.0,1.728623,-0.031045999999999997,AUT,DEU,6505
2185948,16,61,1385,2017,5875.0,97014.0,-1.022455,-1.199225,AZE,DEU,6505
2185949,17,61,1385,2017,6622.0,0.0,-0.637985,-1.051277,BDI,DEU,6505
2185950,18,61,1385,2017,2460591.0,7413272.0,1.292657,1.19571,BEL,DEU,6505
2185951,19,61,1385,2017,0.0,6333.0,-0.755027,-0.796864,BEN,DEU,6505
2185952,21,61,1385,2017,0.0,9369.0,-1.100802,-1.0632110000000001,BFA,DEU,6505
2185953,22,61,1385,2017,15057685.0,0.0,-1.016251,-0.987654,BGD,DEU,6505
2185954,23,61,1385,2017,858780.0,484002.0,0.557843,1.7221119999999999,BGR,DEU,6505
2185955,24,61,1385,2017,0.0,19606.0,0.485479,-0.5348890000000001,BHR,DEU,6505
2185956,25,61,1385,2017,0.0,5235.0,0.81944,-0.30649499999999996,BHS,DEU,6505
2185957,26,61,1385,2017,1084287.0,520781.0,0.43245,0.726721,BIH,DEU,6505
2185958,28,61,1385,2017,20741.0,68652.0,0.8115829999999999,0.8323459999999999,BLR,DEU,6505
2185959,30,61,1385,2017,0.0,1914.0,1.06318,-0.48345,BMU,DEU,6505
2185960,31,61,1385,2017,18260.0,6755.0,-1.158425,-1.076242,BOL,DEU,6505
2185961,32,61,1385,2017,12045.0,151348.0,0.145224,0.483461,BRA,DEU,6505
2185962,33,61,1385,2017,0.0,4204.0,0.589793,-0.004488000000000001,BRB,DEU,6505
2185963,34,61,1385,2017,0.0,2668.0,0.270525,-0.747949,BRN,DEU,6505
2185964,38,61,1385,2017,0.0,65464.0,-0.289049,-0.648497,CAF,DEU,6505
2185965,39,61,1385,2017,91336.0,1306938.0,0.73897,1.206402,CAN,DEU,6505
2185966,41,61,1385,2017,2934774.0,27942984.0,2.2557810000000003,0.845459,CHE,DEU,6505
2185967,42,61,1385,2017,0.0,141022.0,-0.378693,-0.492983,CHL,DEU,6505
2185968,43,61,1385,2017,137550976.0,651901.0,1.1127790000000002,1.56869,CHN,DEU,6505
2185969,44,61,1385,2017,0.0,42643.0,-0.784119,-0.904135,CIV,DEU,6505
2185970,45,61,1385,2017,0.0,1284.0,-1.048569,-1.030799,CMR,DEU,6505
2185971,46,61,1385,2017,0.0,3100.0,-1.3960569999999999,-1.126784,COD,DEU,6505
2185972,47,61,1385,2017,0.0,951.0,-1.2289780000000001,-1.169368,COG,DEU,6505
2185973,49,61,1385,2017,9827.0,139666.0,0.208096,-0.17644300000000002,COL,DEU,6505
2185974,51,61,1385,2017,0.0,2014.0,-0.11722300000000001,-0.677707,CPV,DEU,6505
2185975,52,61,1385,2017,0.0,33798.0,0.288642,-0.056219000000000005,CRI,DEU,6505
2185976,54,61,1385,2017,0.0,5912.0,-0.77404,-1.121084,CUB,DEU,6505
2185977,55,61,1385,2017,0.0,6619.0,0.161139,-0.591701,CUW,DEU,6505
2185978,57,61,1385,2017,0.0,5219.0,1.105397,-0.794764,CYM,DEU,6505
2185979,58,61,1385,2017,0.0,152018.0,0.576982,0.279989,CYP,DEU,6505
2185980,59,61,1385,2017,10193824.0,6026174.0,1.7715130000000001,0.359668,CZE,DEU,6505
2185981,64,61,1385,2017,4938213.0,5054738.0,1.159753,1.233914,DNK,DEU,6505
2185982,65,61,1385,2017,3753.0,27160.0,-0.168016,0.30840100000000004,DOM,DEU,6505
2185983,66,61,1385,2017,0.0,60068.0,-0.9905579999999999,-1.1996200000000001,DZA,DEU,6505
2185984,67,61,1385,2017,268763.0,22340.0,-0.9995850000000001,-1.086367,ECU,DEU,6505
2185985,68,61,1385,2017,80847.0,44655.0,-0.073436,1.829121,EGY,DEU,6505
2185986,71,61,1385,2017,3981712.0,8806309.0,0.734342,2.8180099999999997,ESP,DEU,6505
2185987,72,61,1385,2017,27214.0,626327.0,1.010985,1.289633,EST,DEU,6505
2185988,73,61,1385,2017,0.0,8710.0,-1.007413,-0.638231,ETH,DEU,6505
2185989,74,61,1385,2017,198059.0,2631362.0,1.655957,0.962485,FIN,DEU,6505
2185990,75,61,1385,2017,876.0,0.0,-0.278276,-0.033997,FJI,DEU,6505
2185991,77,61,1385,2017,11247898.0,26480204.0,1.398427,0.894732,FRA,DEU,6505
2185992,78,61,1385,2017,0.0,23689.0,-0.956326,-0.951541,FRO,DEU,6505
2185993,80,61,1385,2017,0.0,1730.0,-1.109612,-1.177577,GAB,DEU,6505
2185994,81,61,1385,2017,19936590.0,13232756.0,1.6883119999999998,0.8347469999999999,GBR,DEU,6505
2185995,82,61,1385,2017,2382.0,56847.0,-0.241749,-0.374727,GEO,DEU,6505
2185996,83,61,1385,2017,0.0,11804.0,-0.929143,-0.811439,GHA,DEU,6505
2185997,84,61,1385,2017,0.0,2199.0,0.767836,-0.725273,GIB,DEU,6505
2185998,85,61,1385,2017,0.0,5824.0,-1.7560669999999998,-1.2747680000000001,GIN,DEU,6505
2185999,87,61,1385,2017,0.0,1885.0,-1.161814,-0.9317190000000001,GMB,DEU,6505
2186000,89,61,1385,2017,0.0,1997.0,-1.735486,-0.9254180000000001,GNQ,DEU,6505
2186001,90,61,1385,2017,469759.0,784122.0,0.154098,1.151038,GRC,DEU,6505
2186002,91,61,1385,2017,0.0,1160.0,0.384656,-0.317098,GRD,DEU,6505
2186003,92,61,1385,2017,0.0,7664.0,-1.226963,-0.9309620000000001,GRL,DEU,6505
2186004,93,61,1385,2017,0.0,27473.0,-0.418538,0.557454,GTM,DEU,6505
2186005,97,61,1385,2017,843233.0,647641.0,0.824982,1.7162220000000001,HKG,DEU,6505
2186006,99,61,1385,2017,12489.0,1154.0,-0.6335689999999999,-0.334201,HND,DEU,6505
2186007,100,61,1385,2017,221655.0,793823.0,0.860825,1.365445,HRV,DEU,6505
2186008,101,61,1385,2017,0.0,10367.0,-1.0089219999999999,-0.946722,HTI,DEU,6505
2186009,102,61,1385,2017,721301.0,2296648.0,1.4886270000000001,0.845986,HUN,DEU,6505
2186010,103,61,1385,2017,464416.0,29389.0,-0.23641700000000002,1.188173,IDN,DEU,6505
2186011,104,61,1385,2017,1136744.0,113116.0,0.290576,2.726391,IND,DEU,6505
2186012,106,61,1385,2017,81793.0,924116.0,1.363544,0.169211,IRL,DEU,6505
2186013,107,61,1385,2017,0.0,42999.0,-0.361292,-0.361813,IRN,DEU,6505
2186014,108,61,1385,2017,0.0,21197.0,-1.515339,-0.9462950000000001,IRQ,DEU,6505
2186015,109,61,1385,2017,6130.0,161549.0,0.386094,-0.277269,ISL,DEU,6505
2186016,110,61,1385,2017,172533.0,240046.0,1.436156,0.776574,ISR,DEU,6505
2186017,111,61,1385,2017,23701268.0,14186751.0,1.34395,0.577693,ITA,DEU,6505
2186018,112,61,1385,2017,0.0,18837.0,-0.497654,-0.76481,JAM,DEU,6505
2186019,113,61,1385,2017,4089.0,19945.0,0.020035,0.295415,JOR,DEU,6505
2186020,114,61,1385,2017,75039.0,1292302.0,2.4510419999999997,-0.277357,JPN,DEU,6505
2186021,115,61,1385,2017,0.0,479404.0,-0.394316,-0.5485979999999999,KAZ,DEU,6505
2186022,116,61,1385,2017,0.0,6050.0,-0.579541,0.511926,KEN,DEU,6505
2186023,117,61,1385,2017,0.0,42953.0,-0.11530599999999999,0.264752,KGZ,DEU,6505
2186024,118,61,1385,2017,2933521.0,4375.0,-0.656325,-0.622167,KHM,DEU,6505
2186025,121,61,1385,2017,233071.0,832556.0,2.011263,0.783215,KOR,DEU,6505
2186026,122,61,1385,2017,0.0,120801.0,-0.229821,-1.128482,KWT,DEU,6505
2186027,124,61,1385,2017,0.0,115294.0,0.266847,1.117621,LBN,DEU,6505
2186028,125,61,1385,2017,0.0,1909.0,-0.355064,-0.977613,LBR,DEU,6505
2186029,126,61,1385,2017,0.0,1788.0,-1.156635,-1.212561,LBY,DEU,6505
2186030,128,61,1385,2017,2948618.0,1091.0,-0.46442799999999995,0.472132,LKA,DEU,6505
2186031,130,61,1385,2017,422781.0,689149.0,0.855858,1.447717,LTU,DEU,6505
2186032,131,61,1385,2017,67850.0,1024022.0,1.24064,1.298263,LUX,DEU,6505
2186033,132,61,1385,2017,12620.0,514689.0,0.684555,1.3208030000000002,LVA,DEU,6505
2186034,133,61,1385,2017,0.0,60464.0,0.264006,-0.11028099999999999,MAC,DEU,6505
2186035,134,61,1385,2017,63275.0,107093.0,-0.757236,-0.065347,MAR,DEU,6505
2186036,135,61,1385,2017,8433.0,44278.0,-0.24909,-0.181213,MDA,DEU,6505
2186037,136,61,1385,2017,644972.0,3357.0,-1.277182,-0.6503399999999999,MDG,DEU,6505
2186038,137,61,1385,2017,0.0,3989.0,-1.100027,-0.9779479999999999,MDV,DEU,6505
2186039,138,61,1385,2017,426710.0,618836.0,1.08871,0.5745279999999999,MEX,DEU,6505
2186040,140,61,1385,2017,171167.0,27273.0,-0.0292,-0.377156,MKD,DEU,6505
2186041,141,61,1385,2017,0.0,2658.0,-0.5927899999999999,-0.707245,MLI,DEU,6505
2186042,142,61,1385,2017,0.0,68993.0,0.999914,0.12683,MLT,DEU,6505
2186043,143,61,1385,2017,1722266.0,1977.0,-1.051544,-0.419183,MMR,DEU,6505
2186044,144,61,1385,2017,0.0,25873.0,0.201739,-0.23111399999999999,MNE,DEU,6505
2186045,145,61,1385,2017,109178.0,115760.0,-0.933737,-1.1195620000000002,MNG,DEU,6505
2186046,148,61,1385,2017,0.0,1815.0,-1.634533,-1.330819,MRT,DEU,6505
2186047,151,61,1385,2017,31444.0,13475.0,-0.156616,0.073153,MUS,DEU,6505
2186048,153,61,1385,2017,25943.0,221020.0,1.0110139999999999,0.6840729999999999,MYS,DEU,6505
2186049,155,61,1385,2017,0.0,8608.0,-0.5221060000000001,-0.7365079999999999,NAM,DEU,6505
2186050,157,61,1385,2017,0.0,925.0,-1.250156,-0.995524,NER,DEU,6505
2186051,159,61,1385,2017,0.0,12426.0,-1.8260919999999998,-1.276591,NGA,DEU,6505
2186052,160,61,1385,2017,3153.0,1412.0,-1.0502280000000002,-0.8817719999999999,NIC,DEU,6505
2186053,162,61,1385,2017,36447296.0,14261892.0,1.146959,1.470869,NLD,DEU,6505
2186054,163,61,1385,2017,30096.0,4469556.0,0.73658,0.11450199999999999,NOR,DEU,6505
2186055,164,61,1385,2017,445900.0,0.0,-0.319681,0.5788220000000001,NPL,DEU,6505
2186056,166,61,1385,2017,4217.0,108944.0,0.25651199999999996,0.132996,NZL,DEU,6505
2186057,167,61,1385,2017,0.0,21157.0,-0.347684,-0.884569,OMN,DEU,6505
2186058,168,61,1385,2017,633071.0,12093.0,-0.698561,0.43523500000000004,PAK,DEU,6505
2186059,169,61,1385,2017,0.0,73886.0,0.5520109999999999,0.788181,PAN,DEU,6505
2186060,173,61,1385,2017,216186.0,80451.0,-0.667658,-0.318344,PER,DEU,6505
2186061,174,61,1385,2017,2240095.0,16114.0,0.657759,0.170061,PHL,DEU,6505
2186062,177,61,1385,2017,22281912.0,17887948.0,1.197417,1.092716,POL,DEU,6505
2186063,179,61,1385,2017,608138.0,749355.0,0.527046,2.264624,PRT,DEU,6505
2186064,180,61,1385,2017,0.0,39864.0,-0.437741,-0.9248879999999999,PRY,DEU,6505
2186065,182,61,1385,2017,0.0,1110.0,-0.1278,-0.748387,PYF,DEU,6505
2186066,183,61,1385,2017,0.0,110371.0,-0.361327,-1.066869,QAT,DEU,6505
2186067,185,61,1385,2017,849852.0,1223195.0,1.05479,0.9842219999999999,ROU,DEU,6505
2186068,186,61,1385,2017,9101.0,6627968.0,0.32885,0.288392,RUS,DEU,6505
2186069,188,61,1385,2017,0.0,231764.0,0.597716,-0.345049,SAU,DEU,6505
2186070,190,61,1385,2017,0.0,826.0,-1.567691,-1.257164,SDN,DEU,6505
2186071,191,61,1385,2017,0.0,16073.0,-0.6722899999999999,-0.26522199999999996,SEN,DEU,6505
2186072,192,61,1385,2017,11896.0,88373.0,1.884166,0.37903600000000004,SGP,DEU,6505
2186073,196,61,1385,2017,0.0,10353.0,-0.37777,-0.6353270000000001,SLE,DEU,6505
2186074,197,61,1385,2017,58260.0,10177.0,0.113639,0.23175199999999999,SLV,DEU,6505
2186075,198,61,1385,2017,0.0,16309.0,0.984548,0.6116199999999999,SMR,DEU,6505
2186076,201,61,1385,2017,74749.0,258433.0,0.541644,1.19872,SRB,DEU,6505
2186077,205,61,1385,2017,0.0,4960.0,-0.596432,-1.0249700000000002,SUR,DEU,6505
2186078,206,61,1385,2017,1721963.0,4514687.0,1.279606,0.85503,SVK,DEU,6505
2186079,207,61,1385,2017,61027.0,1483778.0,1.600319,0.854305,SVN,DEU,6505
2186080,208,61,1385,2017,2373275.0,5138278.0,1.764732,0.732646,SWE,DEU,6505
2186081,215,61,1385,2017,0.0,5149.0,-0.8957450000000001,-0.891191,TGO,DEU,6505
2186082,216,61,1385,2017,263163.0,48695.0,0.983977,1.3926020000000001,THA,DEU,6505
2186083,217,61,1385,2017,0.0,1960.0,-0.938366,-1.092714,TJK,DEU,6505
2186084,219,61,1385,2017,0.0,12626.0,-1.564885,-1.274637,TKM,DEU,6505
2186085,222,61,1385,2017,0.0,4055.0,-0.183935,-1.012153,TTO,DEU,6505
2186086,223,61,1385,2017,262051.0,15468.0,0.224119,0.961772,TUN,DEU,6505
2186087,224,61,1385,2017,5311957.0,517707.0,0.541611,2.405872,TUR,DEU,6505
2186088,226,61,1385,2017,33440.0,1818.0,-1.0691709999999999,0.11636800000000001,TZA,DEU,6505
2186089,227,61,1385,2017,1829.0,3599.0,-0.6831020000000001,-0.046838,UGA,DEU,6505
2186090,228,61,1385,2017,1173781.0,914852.0,0.461109,0.7826569999999999,UKR,DEU,6505
2186091,230,61,1385,2017,0.0,9857.0,0.16963,-0.403006,URY,DEU,6505
2186092,231,61,1385,2017,2123095.0,4318064.0,1.601478,0.277271,USA,DEU,6505
2186093,232,61,1385,2017,0.0,33710.0,-0.407169,-0.264942,UZB,DEU,6505
2186094,236,61,1385,2017,0.0,3481.0,-0.8874559999999999,-1.178752,VEN,DEU,6505
2186095,237,61,1385,2017,0.0,2004.0,0.768,-0.257912,VGB,DEU,6505
2186096,239,61,1385,2017,5840664.0,12478.0,-0.009819,0.686429,VNM,DEU,6505
2186097,246,61,1385,2017,18058.0,577203.0,0.2066,1.378591,ZAF,DEU,6505
2186098,247,61,1385,2017,0.0,4875.0,-0.8594290000000001,-1.0574459999999999,ZMB,DEU,6505
2186099,248,61,1385,2017,0.0,1318.0,-1.101402,-1.0831680000000001,ZWE,DEU,6505
2186100,249,61,1385,2017,5316498.0,188244.0,2.0548290000000002,1.2552969999999999,TWN,DEU,6505
2186101,250,61,1385,2017,0.0,72724.0,0.72523,-0.205046,ANS,DEU,6505
2186102,5,64,1385,2017,0.0,1323.0,1.097505,0.480863,AND,DNK,6505
2186103,7,64,1385,2017,1095.0,31625.0,0.210477,0.02557,ARE,DNK,6505
2186104,14,64,1385,2017,2010.0,59092.0,-0.42427200000000004,-0.152921,AUS,DNK,6505
2186105,15,64,1385,2017,28988.0,546661.0,1.728623,-0.031045999999999997,AUT,DNK,6505
2186106,18,64,1385,2017,179794.0,466594.0,1.292657,1.19571,BEL,DNK,6505
2186107,22,64,1385,2017,633977.0,0.0,-1.016251,-0.987654,BGD,DNK,6505
2186108,23,64,1385,2017,3169.0,12963.0,0.557843,1.7221119999999999,BGR,DNK,6505
2186109,26,64,1385,2017,0.0,1580.0,0.43245,0.726721,BIH,DNK,6505
2186110,28,64,1385,2017,0.0,11587.0,0.8115829999999999,0.8323459999999999,BLR,DNK,6505
2186111,31,64,1385,2017,86561.0,0.0,-1.158425,-1.076242,BOL,DNK,6505
2186112,32,64,1385,2017,2138.0,0.0,0.145224,0.483461,BRA,DNK,6505
2186113,39,64,1385,2017,5595.0,43599.0,0.73897,1.206402,CAN,DNK,6505
2186114,41,64,1385,2017,32653.0,337186.0,2.2557810000000003,0.845459,CHE,DNK,6505
2186115,42,64,1385,2017,0.0,9042.0,-0.378693,-0.492983,CHL,DNK,6505
2186116,43,64,1385,2017,11909525.0,48456.0,1.1127790000000002,1.56869,CHN,DNK,6505
2186117,49,64,1385,2017,0.0,848.0,0.208096,-0.17644300000000002,COL,DNK,6505
2186118,58,64,1385,2017,0.0,4753.0,0.576982,0.279989,CYP,DNK,6505
2186119,59,64,1385,2017,224886.0,325530.0,1.7715130000000001,0.359668,CZE,DNK,6505
2186120,61,64,1385,2017,5054738.0,4938213.0,2.1149459999999998,-2.525372,DEU,DNK,6505
2186121,67,64,1385,2017,0.0,927.0,-0.9995850000000001,-1.086367,ECU,DNK,6505
2186122,68,64,1385,2017,0.0,932.0,-0.073436,1.829121,EGY,DNK,6505
2186123,71,64,1385,2017,145372.0,472441.0,0.734342,2.8180099999999997,ESP,DNK,6505
2186124,72,64,1385,2017,35260.0,236845.0,1.010985,1.289633,EST,DNK,6505
2186125,74,64,1385,2017,76375.0,1534289.0,1.655957,0.962485,FIN,DNK,6505
2186126,77,64,1385,2017,614013.0,774286.0,1.398427,0.894732,FRA,DNK,6505
2186127,78,64,1385,2017,0.0,103660.0,-0.956326,-0.951541,FRO,DNK,6505
2186128,81,64,1385,2017,1864066.0,1039412.0,1.6883119999999998,0.8347469999999999,GBR,DNK,6505
2186129,82,64,1385,2017,0.0,2791.0,-0.241749,-0.374727,GEO,DNK,6505
2186130,83,64,1385,2017,0.0,9702.0,-0.929143,-0.811439,GHA,DNK,6505
2186131,90,64,1385,2017,11637.0,31936.0,0.154098,1.151038,GRC,DNK,6505
2186132,92,64,1385,2017,0.0,144648.0,-1.226963,-0.9309620000000001,GRL,DNK,6505
2186133,93,64,1385,2017,3318.0,0.0,-0.418538,0.557454,GTM,DNK,6505
2186134,97,64,1385,2017,43404.0,51502.0,0.824982,1.7162220000000001,HKG,DNK,6505
2186135,100,64,1385,2017,1229.0,7766.0,0.860825,1.365445,HRV,DNK,6505
2186136,102,64,1385,2017,9737.0,44640.0,1.4886270000000001,0.845986,HUN,DNK,6505
2186137,103,64,1385,2017,3904.0,4736.0,-0.23641700000000002,1.188173,IDN,DNK,6505
2186138,104,64,1385,2017,227770.0,0.0,0.290576,2.726391,IND,DNK,6505
2186139,106,64,1385,2017,28305.0,138740.0,1.363544,0.169211,IRL,DNK,6505
2186140,107,64,1385,2017,0.0,12608.0,-0.361292,-0.361813,IRN,DNK,6505
2186141,109,64,1385,2017,6679.0,135522.0,0.386094,-0.277269,ISL,DNK,6505
2186142,110,64,1385,2017,0.0,1098.0,1.436156,0.776574,ISR,DNK,6505
2186143,111,64,1385,2017,1348115.0,733574.0,1.34395,0.577693,ITA,DNK,6505
2186144,114,64,1385,2017,5055.0,44589.0,2.4510419999999997,-0.277357,JPN,DNK,6505
2186145,115,64,1385,2017,0.0,26625.0,-0.394316,-0.5485979999999999,KAZ,DNK,6505
2186146,116,64,1385,2017,10701.0,0.0,-0.579541,0.511926,KEN,DNK,6505
2186147,118,64,1385,2017,2366.0,0.0,-0.656325,-0.622167,KHM,DNK,6505
2186148,121,64,1385,2017,0.0,49854.0,2.011263,0.783215,KOR,DNK,6505
2186149,122,64,1385,2017,0.0,1123.0,-0.229821,-1.128482,KWT,DNK,6505
2186150,123,64,1385,2017,5021.0,0.0,-0.9742190000000001,-0.727593,LAO,DNK,6505
2186151,124,64,1385,2017,0.0,5503.0,0.266847,1.117621,LBN,DNK,6505
2186152,128,64,1385,2017,582113.0,0.0,-0.46442799999999995,0.472132,LKA,DNK,6505
2186153,130,64,1385,2017,1623166.0,113318.0,0.855858,1.447717,LTU,DNK,6505
2186154,131,64,1385,2017,2770.0,23182.0,1.24064,1.298263,LUX,DNK,6505
2186155,132,64,1385,2017,255013.0,37726.0,0.684555,1.3208030000000002,LVA,DNK,6505
2186156,134,64,1385,2017,0.0,973.0,-0.757236,-0.065347,MAR,DNK,6505
2186157,135,64,1385,2017,0.0,1197.0,-0.24909,-0.181213,MDA,DNK,6505
2186158,138,64,1385,2017,1990.0,1974.0,1.08871,0.5745279999999999,MEX,DNK,6505
2186159,140,64,1385,2017,0.0,958.0,-0.0292,-0.377156,MKD,DNK,6505
2186160,142,64,1385,2017,1003.0,0.0,0.999914,0.12683,MLT,DNK,6505
2186161,143,64,1385,2017,49672.0,0.0,-1.051544,-0.419183,MMR,DNK,6505
2186162,145,64,1385,2017,1814.0,0.0,-0.933737,-1.1195620000000002,MNG,DNK,6505
2186163,151,64,1385,2017,2142.0,0.0,-0.156616,0.073153,MUS,DNK,6505
2186164,153,64,1385,2017,9544.0,2659.0,1.0110139999999999,0.6840729999999999,MYS,DNK,6505
2186165,162,64,1385,2017,2639710.0,956185.0,1.146959,1.470869,NLD,DNK,6505
2186166,163,64,1385,2017,75543.0,2536077.0,0.73658,0.11450199999999999,NOR,DNK,6505
2186167,164,64,1385,2017,27457.0,0.0,-0.319681,0.5788220000000001,NPL,DNK,6505
2186168,166,64,1385,2017,0.0,5831.0,0.25651199999999996,0.132996,NZL,DNK,6505
2186169,168,64,1385,2017,173097.0,0.0,-0.698561,0.43523500000000004,PAK,DNK,6505
2186170,173,64,1385,2017,11558.0,3743.0,-0.667658,-0.318344,PER,DNK,6505
2186171,174,64,1385,2017,8299.0,1346.0,0.657759,0.170061,PHL,DNK,6505
2186172,177,64,1385,2017,447867.0,502966.0,1.197417,1.092716,POL,DNK,6505
2186173,179,64,1385,2017,12308.0,38042.0,0.527046,2.264624,PRT,DNK,6505
2186174,180,64,1385,2017,0.0,881.0,-0.437741,-0.9248879999999999,PRY,DNK,6505
2186175,182,64,1385,2017,0.0,2629.0,-0.1278,-0.748387,PYF,DNK,6505
2186176,183,64,1385,2017,0.0,27839.0,-0.361327,-1.066869,QAT,DNK,6505
2186177,185,64,1385,2017,14633.0,23646.0,1.05479,0.9842219999999999,ROU,DNK,6505
2186178,186,64,1385,2017,0.0,173105.0,0.32885,0.288392,RUS,DNK,6505
2186179,188,64,1385,2017,0.0,1191.0,0.597716,-0.345049,SAU,DNK,6505
2186180,192,64,1385,2017,0.0,1308.0,1.884166,0.37903600000000004,SGP,DNK,6505
2186181,201,64,1385,2017,7076.0,14955.0,0.541644,1.19872,SRB,DNK,6505
2186182,206,64,1385,2017,24020.0,40656.0,1.279606,0.85503,SVK,DNK,6505
2186183,207,64,1385,2017,3209.0,39414.0,1.600319,0.854305,SVN,DNK,6505
2186184,208,64,1385,2017,2276114.0,5625128.0,1.764732,0.732646,SWE,DNK,6505
2186185,216,64,1385,2017,13932.0,0.0,0.983977,1.3926020000000001,THA,DNK,6505
2186186,224,64,1385,2017,266039.0,79643.0,0.541611,2.405872,TUR,DNK,6505
2186187,228,64,1385,2017,1390500.0,12688.0,0.461109,0.7826569999999999,UKR,DNK,6505
2186188,230,64,1385,2017,0.0,990.0,0.16963,-0.403006,URY,DNK,6505
2186189,231,64,1385,2017,31242.0,74577.0,1.601478,0.277271,USA,DNK,6505
2186190,232,64,1385,2017,0.0,7490.0,-0.407169,-0.264942,UZB,DNK,6505
2186191,239,64,1385,2017,1434164.0,0.0,-0.009819,0.686429,VNM,DNK,6505
2186192,246,64,1385,2017,994.0,18423.0,0.2066,1.378591,ZAF,DNK,6505
2186193,249,64,1385,2017,15450.0,5217.0,2.0548290000000002,1.2552969999999999,TWN,DNK,6505
2186194,7,65,1385,2017,0.0,3627.0,0.210477,0.02557,ARE,DOM,6505
2186195,22,65,1385,2017,34434.0,0.0,-1.016251,-0.987654,BGD,DOM,6505
2186196,25,65,1385,2017,0.0,1376.0,0.81944,-0.30649499999999996,BHS,DOM,6505
2186197,32,65,1385,2017,2179.0,0.0,0.145224,0.483461,BRA,DOM,6505
2186198,33,65,1385,2017,0.0,1462.0,0.589793,-0.004488000000000001,BRB,DOM,6505
2186199,39,65,1385,2017,995.0,42268.0,0.73897,1.206402,CAN,DOM,6505
2186200,42,65,1385,2017,0.0,5431.0,-0.378693,-0.492983,CHL,DOM,6505
2186201,43,65,1385,2017,2180800.0,0.0,1.1127790000000002,1.56869,CHN,DOM,6505
2186202,49,65,1385,2017,8602.0,0.0,0.208096,-0.17644300000000002,COL,DOM,6505
2186203,52,65,1385,2017,3029.0,0.0,0.288642,-0.056219000000000005,CRI,DOM,6505
2186204,59,65,1385,2017,2705.0,0.0,1.7715130000000001,0.359668,CZE,DOM,6505
2186205,61,65,1385,2017,27160.0,3753.0,2.1149459999999998,-2.525372,DEU,DOM,6505
2186206,67,65,1385,2017,26975.0,0.0,-0.9995850000000001,-1.086367,ECU,DOM,6505
2186207,71,65,1385,2017,45823.0,17801.0,0.734342,2.8180099999999997,ESP,DOM,6505
2186208,77,65,1385,2017,46616.0,9122.0,1.398427,0.894732,FRA,DOM,6505
2186209,90,65,1385,2017,1982.0,0.0,0.154098,1.151038,GRC,DOM,6505
2186210,93,65,1385,2017,1024.0,0.0,-0.418538,0.557454,GTM,DOM,6505
2186211,97,65,1385,2017,2539.0,0.0,0.824982,1.7162220000000001,HKG,DOM,6505
2186212,100,65,1385,2017,0.0,1378.0,0.860825,1.365445,HRV,DOM,6505
2186213,101,65,1385,2017,0.0,1431.0,-1.0089219999999999,-0.946722,HTI,DOM,6505
2186214,104,65,1385,2017,6136.0,0.0,0.290576,2.726391,IND,DOM,6505
2186215,111,65,1385,2017,3808.0,0.0,1.34395,0.577693,ITA,DOM,6505
2186216,112,65,1385,2017,0.0,1280.0,-0.497654,-0.76481,JAM,DOM,6505
2186217,114,65,1385,2017,962.0,161142.0,2.4510419999999997,-0.277357,JPN,DOM,6505
2186218,121,65,1385,2017,0.0,8265.0,2.011263,0.783215,KOR,DOM,6505
2186219,132,65,1385,2017,2652.0,0.0,0.684555,1.3208030000000002,LVA,DOM,6505
2186220,138,65,1385,2017,22808.0,3882.0,1.08871,0.5745279999999999,MEX,DOM,6505
2186221,162,65,1385,2017,5279.0,1624.0,1.146959,1.470869,NLD,DOM,6505
2186222,169,65,1385,2017,11619.0,0.0,0.5520109999999999,0.788181,PAN,DOM,6505
2186223,173,65,1385,2017,6003.0,0.0,-0.667658,-0.318344,PER,DOM,6505
2186224,174,65,1385,2017,4942.0,0.0,0.657759,0.170061,PHL,DOM,6505
2186225,179,65,1385,2017,14095.0,0.0,0.527046,2.264624,PRT,DOM,6505
2186226,208,65,1385,2017,764.0,0.0,1.764732,0.732646,SWE,DOM,6505
2186227,231,65,1385,2017,194424.0,3268191.0,1.601478,0.277271,USA,DOM,6505
2186228,236,65,1385,2017,1126.0,0.0,-0.8874559999999999,-1.178752,VEN,DOM,6505
2186229,239,65,1385,2017,56673.0,0.0,-0.009819,0.686429,VNM,DOM,6505
2186230,249,65,1385,2017,90143.0,4151.0,2.0548290000000002,1.2552969999999999,TWN,DOM,6505
2186231,250,65,1385,2017,31207.0,26812.0,0.72523,-0.205046,ANS,DOM,6505
2186232,7,67,1385,2017,0.0,1065.0,0.210477,0.02557,ARE,ECU,6505
2186233,8,67,1385,2017,0.0,84763.0,-0.120753,0.233375,ARG,ECU,6505
2186234,14,67,1385,2017,0.0,4435.0,-0.42427200000000004,-0.152921,AUS,ECU,6505
2186235,15,67,1385,2017,0.0,2620.0,1.728623,-0.031045999999999997,AUT,ECU,6505
2186236,18,67,1385,2017,0.0,6080.0,1.292657,1.19571,BEL,ECU,6505
2186237,22,67,1385,2017,96416.0,0.0,-1.016251,-0.987654,BGD,ECU,6505
2186238,23,67,1385,2017,0.0,3135.0,0.557843,1.7221119999999999,BGR,ECU,6505
2186239,32,67,1385,2017,3350.0,2280.0,0.145224,0.483461,BRA,ECU,6505
2186240,39,67,1385,2017,0.0,17269.0,0.73897,1.206402,CAN,ECU,6505
2186241,41,67,1385,2017,4411.0,8143.0,2.2557810000000003,0.845459,CHE,ECU,6505
2186242,42,67,1385,2017,2205.0,28653.0,-0.378693,-0.492983,CHL,ECU,6505
2186243,43,67,1385,2017,3733909.0,9355.0,1.1127790000000002,1.56869,CHN,ECU,6505
2186244,49,67,1385,2017,29912.0,0.0,0.208096,-0.17644300000000002,COL,ECU,6505
2186245,52,67,1385,2017,0.0,27914.0,0.288642,-0.056219000000000005,CRI,ECU,6505
2186246,61,67,1385,2017,22340.0,268763.0,2.1149459999999998,-2.525372,DEU,ECU,6505
2186247,64,67,1385,2017,927.0,0.0,1.159753,1.233914,DNK,ECU,6505
2186248,65,67,1385,2017,0.0,26975.0,-0.168016,0.30840100000000004,DOM,ECU,6505
2186249,71,67,1385,2017,30084.0,32254.0,0.734342,2.8180099999999997,ESP,ECU,6505
2186250,74,67,1385,2017,0.0,15574.0,1.655957,0.962485,FIN,ECU,6505
2186251,77,67,1385,2017,4465.0,106956.0,1.398427,0.894732,FRA,ECU,6505
2186252,81,67,1385,2017,1758.0,69507.0,1.6883119999999998,0.8347469999999999,GBR,ECU,6505
2186253,90,67,1385,2017,0.0,17930.0,0.154098,1.151038,GRC,ECU,6505
2186254,93,67,1385,2017,0.0,35960.0,-0.418538,0.557454,GTM,ECU,6505
2186255,97,67,1385,2017,6017.0,7762.0,0.824982,1.7162220000000001,HKG,ECU,6505
2186256,99,67,1385,2017,16193.0,1073.0,-0.6335689999999999,-0.334201,HND,ECU,6505
2186257,101,67,1385,2017,0.0,2801.0,-1.0089219999999999,-0.946722,HTI,ECU,6505
2186258,103,67,1385,2017,24466.0,0.0,-0.23641700000000002,1.188173,IDN,ECU,6505
2186259,104,67,1385,2017,5530.0,0.0,0.290576,2.726391,IND,ECU,6505
2186260,110,67,1385,2017,0.0,4452.0,1.436156,0.776574,ISR,ECU,6505
2186261,111,67,1385,2017,1361.0,32358.0,1.34395,0.577693,ITA,ECU,6505
2186262,114,67,1385,2017,0.0,50478.0,2.4510419999999997,-0.277357,JPN,ECU,6505
2186263,118,67,1385,2017,4383.0,0.0,-0.656325,-0.622167,KHM,ECU,6505
2186264,121,67,1385,2017,0.0,53635.0,2.011263,0.783215,KOR,ECU,6505
2186265,124,67,1385,2017,0.0,2544.0,0.266847,1.117621,LBN,ECU,6505
2186266,128,67,1385,2017,8712.0,0.0,-0.46442799999999995,0.472132,LKA,ECU,6505
2186267,138,67,1385,2017,3766.0,31990.0,1.08871,0.5745279999999999,MEX,ECU,6505
2186268,142,67,1385,2017,0.0,1655.0,0.999914,0.12683,MLT,ECU,6505
2186269,153,67,1385,2017,0.0,1234.0,1.0110139999999999,0.6840729999999999,MYS,ECU,6505
2186270,162,67,1385,2017,1024.0,35048.0,1.146959,1.470869,NLD,ECU,6505
2186271,163,67,1385,2017,0.0,2988.0,0.73658,0.11450199999999999,NOR,ECU,6505
2186272,166,67,1385,2017,0.0,8323.0,0.25651199999999996,0.132996,NZL,ECU,6505
2186273,169,67,1385,2017,9956.0,30956.0,0.5520109999999999,0.788181,PAN,ECU,6505
2186274,173,67,1385,2017,52041.0,16890.0,-0.667658,-0.318344,PER,ECU,6505
2186275,174,67,1385,2017,48374.0,0.0,0.657759,0.170061,PHL,ECU,6505
2186276,177,67,1385,2017,10558.0,0.0,1.197417,1.092716,POL,ECU,6505
2186277,179,67,1385,2017,941.0,3997.0,0.527046,2.264624,PRT,ECU,6505
2186278,192,67,1385,2017,0.0,3344.0,1.884166,0.37903600000000004,SGP,ECU,6505
2186279,208,67,1385,2017,0.0,8818.0,1.764732,0.732646,SWE,ECU,6505
2186280,216,67,1385,2017,986.0,9282.0,0.983977,1.3926020000000001,THA,ECU,6505
2186281,224,67,1385,2017,6306.0,14095.0,0.541611,2.405872,TUR,ECU,6505
2186282,230,67,1385,2017,0.0,44269.0,0.16963,-0.403006,URY,ECU,6505
2186283,231,67,1385,2017,53148.0,103989.0,1.601478,0.277271,USA,ECU,6505
2186284,239,67,1385,2017,123158.0,0.0,-0.009819,0.686429,VNM,ECU,6505
2186285,246,67,1385,2017,0.0,1273.0,0.2066,1.378591,ZAF,ECU,6505
2186286,249,67,1385,2017,26971.0,8531.0,2.0548290000000002,1.2552969999999999,TWN,ECU,6505
2186287,0,71,1385,2017,0.0,2759.0,0.845843,0.165178,ABW,ESP,6505
2186288,2,71,1385,2017,0.0,1987.0,-1.408777,-1.215475,AGO,ESP,6505
2186289,4,71,1385,2017,314478.0,3923.0,-0.44769899999999996,-0.17193,ALB,ESP,6505
2186290,5,71,1385,2017,3500.0,225448.0,1.097505,0.480863,AND,ESP,6505
2186291,7,71,1385,2017,8529.0,256510.0,0.210477,0.02557,ARE,ESP,6505
2186292,8,71,1385,2017,1395.0,61469.0,-0.120753,0.233375,ARG,ESP,6505
2186293,9,71,1385,2017,0.0,13045.0,-0.23846799999999999,-0.658774,ARM,ESP,6505
2186294,14,71,1385,2017,7464.0,35583.0,-0.42427200000000004,-0.152921,AUS,ESP,6505
2186295,15,71,1385,2017,136092.0,593105.0,1.728623,-0.031045999999999997,AUT,ESP,6505
2186296,16,71,1385,2017,0.0,17240.0,-1.022455,-1.199225,AZE,ESP,6505
2186297,18,71,1385,2017,1685295.0,2048770.0,1.292657,1.19571,BEL,ESP,6505
2186298,22,71,1385,2017,4984374.0,0.0,-1.016251,-0.987654,BGD,ESP,6505
2186299,23,71,1385,2017,77971.0,278722.0,0.557843,1.7221119999999999,BGR,ESP,6505
2186300,24,71,1385,2017,0.0,8869.0,0.485479,-0.5348890000000001,BHR,ESP,6505
2186301,26,71,1385,2017,0.0,6950.0,0.43245,0.726721,BIH,ESP,6505
2186302,27,71,1385,2017,0.0,2842.0,0.49959799999999993,-0.392529,BLM,ESP,6505
2186303,28,71,1385,2017,0.0,12170.0,0.8115829999999999,0.8323459999999999,BLR,ESP,6505
2186304,29,71,1385,2017,0.0,3173.0,-0.284062,-0.711108,BLZ,ESP,6505
2186305,32,71,1385,2017,3965.0,37541.0,0.145224,0.483461,BRA,ESP,6505
2186306,39,71,1385,2017,15497.0,565103.0,0.73897,1.206402,CAN,ESP,6505
2186307,41,71,1385,2017,316441.0,195579.0,2.2557810000000003,0.845459,CHE,ESP,6505
2186308,42,71,1385,2017,1319.0,117601.0,-0.378693,-0.492983,CHL,ESP,6505
2186309,43,71,1385,2017,60713632.0,421934.0,1.1127790000000002,1.56869,CHN,ESP,6505
2186310,44,71,1385,2017,0.0,5641.0,-0.784119,-0.904135,CIV,ESP,6505
2186311,45,71,1385,2017,0.0,1241.0,-1.048569,-1.030799,CMR,ESP,6505
2186312,49,71,1385,2017,9393.0,434968.0,0.208096,-0.17644300000000002,COL,ESP,6505
2186313,51,71,1385,2017,0.0,2931.0,-0.11722300000000001,-0.677707,CPV,ESP,6505
2186314,52,71,1385,2017,0.0,11457.0,0.288642,-0.056219000000000005,CRI,ESP,6505
2186315,54,71,1385,2017,0.0,216907.0,-0.77404,-1.121084,CUB,ESP,6505
2186316,55,71,1385,2017,0.0,1161.0,0.161139,-0.591701,CUW,ESP,6505
2186317,58,71,1385,2017,49325.0,173182.0,0.576982,0.279989,CYP,ESP,6505
2186318,59,71,1385,2017,1187046.0,359510.0,1.7715130000000001,0.359668,CZE,ESP,6505
2186319,61,71,1385,2017,8806309.0,3981712.0,2.1149459999999998,-2.525372,DEU,ESP,6505
2186320,64,71,1385,2017,472441.0,145372.0,1.159753,1.233914,DNK,ESP,6505
2186321,65,71,1385,2017,17801.0,45823.0,-0.168016,0.30840100000000004,DOM,ESP,6505
2186322,66,71,1385,2017,0.0,120017.0,-0.9905579999999999,-1.1996200000000001,DZA,ESP,6505
2186323,67,71,1385,2017,32254.0,30084.0,-0.9995850000000001,-1.086367,ECU,ESP,6505
2186324,68,71,1385,2017,7143.0,15717.0,-0.073436,1.829121,EGY,ESP,6505
2186325,72,71,1385,2017,1070.0,102684.0,1.010985,1.289633,EST,ESP,6505
2186326,74,71,1385,2017,3991.0,99607.0,1.655957,0.962485,FIN,ESP,6505
2186327,77,71,1385,2017,10071536.0,14212715.0,1.398427,0.894732,FRA,ESP,6505
2186328,80,71,1385,2017,0.0,4044.0,-1.109612,-1.177577,GAB,ESP,6505
2186329,81,71,1385,2017,5271923.0,3951538.0,1.6883119999999998,0.8347469999999999,GBR,ESP,6505
2186330,82,71,1385,2017,2553.0,19878.0,-0.241749,-0.374727,GEO,ESP,6505
2186331,84,71,1385,2017,0.0,44927.0,0.767836,-0.725273,GIB,ESP,6505
2186332,89,71,1385,2017,0.0,68803.0,-1.735486,-0.9254180000000001,GNQ,ESP,6505
2186333,90,71,1385,2017,35584.0,1096942.0,0.154098,1.151038,GRC,ESP,6505
2186334,93,71,1385,2017,1976.0,16655.0,-0.418538,0.557454,GTM,ESP,6505
2186335,97,71,1385,2017,148590.0,146667.0,0.824982,1.7162220000000001,HKG,ESP,6505
2186336,99,71,1385,2017,0.0,6348.0,-0.6335689999999999,-0.334201,HND,ESP,6505
2186337,100,71,1385,2017,1660.0,313498.0,0.860825,1.365445,HRV,ESP,6505
2186338,101,71,1385,2017,6372.0,0.0,-1.0089219999999999,-0.946722,HTI,ESP,6505
2186339,102,71,1385,2017,9957.0,2256194.0,1.4886270000000001,0.845986,HUN,ESP,6505
2186340,103,71,1385,2017,72245.0,68953.0,-0.23641700000000002,1.188173,IDN,ESP,6505
2186341,104,71,1385,2017,74522.0,51101.0,0.290576,2.726391,IND,ESP,6505
2186342,106,71,1385,2017,211252.0,368563.0,1.363544,0.169211,IRL,ESP,6505
2186343,109,71,1385,2017,0.0,1998.0,0.386094,-0.277269,ISL,ESP,6505
2186344,110,71,1385,2017,943.0,771648.0,1.436156,0.776574,ISR,ESP,6505
2186345,111,71,1385,2017,8636761.0,11073047.0,1.34395,0.577693,ITA,ESP,6505
2186346,112,71,1385,2017,0.0,3335.0,-0.497654,-0.76481,JAM,ESP,6505
2186347,113,71,1385,2017,0.0,8033.0,0.020035,0.295415,JOR,ESP,6505
2186348,114,71,1385,2017,10241.0,314788.0,2.4510419999999997,-0.277357,JPN,ESP,6505
2186349,115,71,1385,2017,0.0,42479.0,-0.394316,-0.5485979999999999,KAZ,ESP,6505
2186350,117,71,1385,2017,0.0,5878.0,-0.11530599999999999,0.264752,KGZ,ESP,6505
2186351,118,71,1385,2017,325018.0,1136.0,-0.656325,-0.622167,KHM,ESP,6505
2186352,121,71,1385,2017,44720.0,110228.0,2.011263,0.783215,KOR,ESP,6505
2186353,122,71,1385,2017,0.0,22490.0,-0.229821,-1.128482,KWT,ESP,6505
2186354,124,71,1385,2017,0.0,42903.0,0.266847,1.117621,LBN,ESP,6505
2186355,126,71,1385,2017,0.0,1143.0,-1.156635,-1.212561,LBY,ESP,6505
2186356,128,71,1385,2017,277012.0,0.0,-0.46442799999999995,0.472132,LKA,ESP,6505
2186357,130,71,1385,2017,7895.0,156165.0,0.855858,1.447717,LTU,ESP,6505
2186358,131,71,1385,2017,10705.0,63057.0,1.24064,1.298263,LUX,ESP,6505
2186359,132,71,1385,2017,0.0,111810.0,0.684555,1.3208030000000002,LVA,ESP,6505
2186360,133,71,1385,2017,2416.0,7321.0,0.264006,-0.11028099999999999,MAC,ESP,6505
2186361,134,71,1385,2017,329583.0,123770.0,-0.757236,-0.065347,MAR,ESP,6505
2186362,135,71,1385,2017,0.0,7022.0,-0.24909,-0.181213,MDA,ESP,6505
2186363,136,71,1385,2017,1622.0,0.0,-1.277182,-0.6503399999999999,MDG,ESP,6505
2186364,138,71,1385,2017,12531.0,286400.0,1.08871,0.5745279999999999,MEX,ESP,6505
2186365,140,71,1385,2017,0.0,8284.0,-0.0292,-0.377156,MKD,ESP,6505
2186366,142,71,1385,2017,0.0,82488.0,0.999914,0.12683,MLT,ESP,6505
2186367,143,71,1385,2017,207110.0,0.0,-1.051544,-0.419183,MMR,ESP,6505
2186368,144,71,1385,2017,0.0,2584.0,0.201739,-0.23111399999999999,MNE,ESP,6505
2186369,145,71,1385,2017,2010.0,5159.0,-0.933737,-1.1195620000000002,MNG,ESP,6505
2186370,148,71,1385,2017,0.0,9746.0,-1.634533,-1.330819,MRT,ESP,6505
2186371,151,71,1385,2017,1904.0,12107.0,-0.156616,0.073153,MUS,ESP,6505
2186372,153,71,1385,2017,17534.0,61794.0,1.0110139999999999,0.6840729999999999,MYS,ESP,6505
2186373,156,71,1385,2017,0.0,1356.0,-0.38216100000000003,-0.8662549999999999,NCL,ESP,6505
2186374,159,71,1385,2017,0.0,1403.0,-1.8260919999999998,-1.276591,NGA,ESP,6505
2186375,160,71,1385,2017,1028.0,3670.0,-1.0502280000000002,-0.8817719999999999,NIC,ESP,6505
2186376,162,71,1385,2017,7188105.0,1529066.0,1.146959,1.470869,NLD,ESP,6505
2186377,163,71,1385,2017,18034.0,57199.0,0.73658,0.11450199999999999,NOR,ESP,6505
2186378,164,71,1385,2017,18096.0,0.0,-0.319681,0.5788220000000001,NPL,ESP,6505
2186379,166,71,1385,2017,1325.0,11794.0,0.25651199999999996,0.132996,NZL,ESP,6505
2186380,167,71,1385,2017,0.0,7465.0,-0.347684,-0.884569,OMN,ESP,6505
2186381,168,71,1385,2017,26410.0,7903.0,-0.698561,0.43523500000000004,PAK,ESP,6505
2186382,169,71,1385,2017,1984.0,105365.0,0.5520109999999999,0.788181,PAN,ESP,6505
2186383,173,71,1385,2017,14682.0,26654.0,-0.667658,-0.318344,PER,ESP,6505
2186384,174,71,1385,2017,267392.0,24488.0,0.657759,0.170061,PHL,ESP,6505
2186385,176,71,1385,2017,0.0,2427.0,-1.788834,-1.267126,PNG,ESP,6505
2186386,177,71,1385,2017,429877.0,5069504.0,1.197417,1.092716,POL,ESP,6505
2186387,179,71,1385,2017,1704208.0,6746173.0,0.527046,2.264624,PRT,ESP,6505
2186388,180,71,1385,2017,0.0,3085.0,-0.437741,-0.9248879999999999,PRY,ESP,6505
2186389,183,71,1385,2017,0.0,47522.0,-0.361327,-1.066869,QAT,ESP,6505
2186390,185,71,1385,2017,26262.0,1359283.0,1.05479,0.9842219999999999,ROU,ESP,6505
2186391,186,71,1385,2017,0.0,588850.0,0.32885,0.288392,RUS,ESP,6505
2186392,188,71,1385,2017,0.0,76087.0,0.597716,-0.345049,SAU,ESP,6505
2186393,191,71,1385,2017,0.0,49194.0,-0.6722899999999999,-0.26522199999999996,SEN,ESP,6505
2186394,192,71,1385,2017,1859.0,38477.0,1.884166,0.37903600000000004,SGP,ESP,6505
2186395,197,71,1385,2017,3351.0,5272.0,0.113639,0.23175199999999999,SLV,ESP,6505
2186396,201,71,1385,2017,1095.0,17630.0,0.541644,1.19872,SRB,ESP,6505
2186397,206,71,1385,2017,10420.0,183389.0,1.279606,0.85503,SVK,ESP,6505
2186398,207,71,1385,2017,19649.0,111548.0,1.600319,0.854305,SVN,ESP,6505
2186399,208,71,1385,2017,180047.0,285832.0,1.764732,0.732646,SWE,ESP,6505
2186400,215,71,1385,2017,0.0,19026.0,-0.8957450000000001,-0.891191,TGO,ESP,6505
2186401,216,71,1385,2017,32741.0,128308.0,0.983977,1.3926020000000001,THA,ESP,6505
2186402,217,71,1385,2017,0.0,5586.0,-0.938366,-1.092714,TJK,ESP,6505
2186403,223,71,1385,2017,43896.0,19808.0,0.224119,0.961772,TUN,ESP,6505
2186404,224,71,1385,2017,2687552.0,1187854.0,0.541611,2.405872,TUR,ESP,6505
2186405,228,71,1385,2017,1011.0,58971.0,0.461109,0.7826569999999999,UKR,ESP,6505
2186406,230,71,1385,2017,0.0,15052.0,0.16963,-0.403006,URY,ESP,6505
2186407,231,71,1385,2017,221431.0,4964354.0,1.601478,0.277271,USA,ESP,6505
2186408,236,71,1385,2017,7438.0,0.0,-0.8874559999999999,-1.178752,VEN,ESP,6505
2186409,237,71,1385,2017,1503.0,0.0,0.768,-0.257912,VGB,ESP,6505
2186410,239,71,1385,2017,1446334.0,22289.0,-0.009819,0.686429,VNM,ESP,6505
2186411,246,71,1385,2017,1032.0,36364.0,0.2066,1.378591,ZAF,ESP,6505
2186412,247,71,1385,2017,1200.0,0.0,-0.8594290000000001,-1.0574459999999999,ZMB,ESP,6505
2186413,249,71,1385,2017,585646.0,55580.0,2.0548290000000002,1.2552969999999999,TWN,ESP,6505
2186414,250,71,1385,2017,173069.0,578968.0,0.72523,-0.205046,ANS,ESP,6505
2186415,7,74,1385,2017,0.0,9085.0,0.210477,0.02557,ARE,FIN,6505
2186416,9,74,1385,2017,0.0,928.0,-0.23846799999999999,-0.658774,ARM,FIN,6505
2186417,14,74,1385,2017,2723.0,2153.0,-0.42427200000000004,-0.152921,AUS,FIN,6505
2186418,15,74,1385,2017,117420.0,40721.0,1.728623,-0.031045999999999997,AUT,FIN,6505
2186419,18,74,1385,2017,88323.0,13251.0,1.292657,1.19571,BEL,FIN,6505
2186420,22,74,1385,2017,532492.0,0.0,-1.016251,-0.987654,BGD,FIN,6505
2186421,23,74,1385,2017,15243.0,13641.0,0.557843,1.7221119999999999,BGR,FIN,6505
2186422,28,74,1385,2017,0.0,17583.0,0.8115829999999999,0.8323459999999999,BLR,FIN,6505
2186423,39,74,1385,2017,52284.0,14789.0,0.73897,1.206402,CAN,FIN,6505
2186424,41,74,1385,2017,2869.0,48558.0,2.2557810000000003,0.845459,CHE,FIN,6505
2186425,42,74,1385,2017,0.0,1957.0,-0.378693,-0.492983,CHL,FIN,6505
2186426,43,74,1385,2017,6612887.0,8871.0,1.1127790000000002,1.56869,CHN,FIN,6505
2186427,59,74,1385,2017,772742.0,27087.0,1.7715130000000001,0.359668,CZE,FIN,6505
2186428,61,74,1385,2017,2631362.0,198059.0,2.1149459999999998,-2.525372,DEU,FIN,6505
2186429,64,74,1385,2017,1534289.0,76375.0,1.159753,1.233914,DNK,FIN,6505
2186430,67,74,1385,2017,15574.0,0.0,-0.9995850000000001,-1.086367,ECU,FIN,6505
2186431,68,74,1385,2017,3153.0,0.0,-0.073436,1.829121,EGY,FIN,6505
2186432,71,74,1385,2017,99607.0,3991.0,0.734342,2.8180099999999997,ESP,FIN,6505
2186433,72,74,1385,2017,887629.0,432320.0,1.010985,1.289633,EST,FIN,6505
2186434,77,74,1385,2017,236209.0,57182.0,1.398427,0.894732,FRA,FIN,6505
2186435,78,74,1385,2017,0.0,2567.0,-0.956326,-0.951541,FRO,FIN,6505
2186436,81,74,1385,2017,1461208.0,24713.0,1.6883119999999998,0.8347469999999999,GBR,FIN,6505
2186437,90,74,1385,2017,0.0,7389.0,0.154098,1.151038,GRC,FIN,6505
2186438,92,74,1385,2017,0.0,928.0,-1.226963,-0.9309620000000001,GRL,FIN,6505
2186439,97,74,1385,2017,107451.0,7532.0,0.824982,1.7162220000000001,HKG,FIN,6505
2186440,100,74,1385,2017,4135.0,5077.0,0.860825,1.365445,HRV,FIN,6505
2186441,102,74,1385,2017,3982.0,7595.0,1.4886270000000001,0.845986,HUN,FIN,6505
2186442,103,74,1385,2017,6835.0,0.0,-0.23641700000000002,1.188173,IDN,FIN,6505
2186443,104,74,1385,2017,4909.0,1138.0,0.290576,2.726391,IND,FIN,6505
2186444,106,74,1385,2017,1749.0,0.0,1.363544,0.169211,IRL,FIN,6505
2186445,109,74,1385,2017,1117.0,61297.0,0.386094,-0.277269,ISL,FIN,6505
2186446,111,74,1385,2017,1058684.0,54576.0,1.34395,0.577693,ITA,FIN,6505
2186447,114,74,1385,2017,6024.0,18801.0,2.4510419999999997,-0.277357,JPN,FIN,6505
2186448,115,74,1385,2017,0.0,7052.0,-0.394316,-0.5485979999999999,KAZ,FIN,6505
2186449,116,74,1385,2017,0.0,2941.0,-0.579541,0.511926,KEN,FIN,6505
2186450,118,74,1385,2017,30473.0,0.0,-0.656325,-0.622167,KHM,FIN,6505
2186451,121,74,1385,2017,4111.0,8286.0,2.011263,0.783215,KOR,FIN,6505
2186452,128,74,1385,2017,364895.0,0.0,-0.46442799999999995,0.472132,LKA,FIN,6505
2186453,130,74,1385,2017,67979.0,25252.0,0.855858,1.447717,LTU,FIN,6505
2186454,132,74,1385,2017,21568.0,184476.0,0.684555,1.3208030000000002,LVA,FIN,6505
2186455,134,74,1385,2017,2022.0,0.0,-0.757236,-0.065347,MAR,FIN,6505
2186456,135,74,1385,2017,0.0,728.0,-0.24909,-0.181213,MDA,FIN,6505
2186457,136,74,1385,2017,35650.0,0.0,-1.277182,-0.6503399999999999,MDG,FIN,6505
2186458,138,74,1385,2017,0.0,986.0,1.08871,0.5745279999999999,MEX,FIN,6505
2186459,143,74,1385,2017,123213.0,0.0,-1.051544,-0.419183,MMR,FIN,6505
2186460,145,74,1385,2017,1841.0,0.0,-0.933737,-1.1195620000000002,MNG,FIN,6505
2186461,153,74,1385,2017,5368.0,0.0,1.0110139999999999,0.6840729999999999,MYS,FIN,6505
2186462,162,74,1385,2017,1748511.0,74212.0,1.146959,1.470869,NLD,FIN,6505
2186463,163,74,1385,2017,245377.0,1185853.0,0.73658,0.11450199999999999,NOR,FIN,6505
2186464,164,74,1385,2017,20907.0,0.0,-0.319681,0.5788220000000001,NPL,FIN,6505
2186465,166,74,1385,2017,9063.0,2034.0,0.25651199999999996,0.132996,NZL,FIN,6505
2186466,168,74,1385,2017,2651.0,0.0,-0.698561,0.43523500000000004,PAK,FIN,6505
2186467,174,74,1385,2017,58410.0,0.0,0.657759,0.170061,PHL,FIN,6505
2186468,177,74,1385,2017,1446146.0,33130.0,1.197417,1.092716,POL,FIN,6505
2186469,179,74,1385,2017,49898.0,0.0,0.527046,2.264624,PRT,FIN,6505
2186470,185,74,1385,2017,4965.0,7309.0,1.05479,0.9842219999999999,ROU,FIN,6505
2186471,186,74,1385,2017,7172.0,1887471.0,0.32885,0.288392,RUS,FIN,6505
2186472,201,74,1385,2017,7768.0,0.0,0.541644,1.19872,SRB,FIN,6505
2186473,206,74,1385,2017,1647.0,22072.0,1.279606,0.85503,SVK,FIN,6505
2186474,207,74,1385,2017,1747.0,32329.0,1.600319,0.854305,SVN,FIN,6505
2186475,208,74,1385,2017,6790656.0,348603.0,1.764732,0.732646,SWE,FIN,6505
2186476,216,74,1385,2017,28743.0,0.0,0.983977,1.3926020000000001,THA,FIN,6505
2186477,223,74,1385,2017,4820.0,0.0,0.224119,0.961772,TUN,FIN,6505
2186478,224,74,1385,2017,73714.0,1246.0,0.541611,2.405872,TUR,FIN,6505
2186479,228,74,1385,2017,16301.0,2590.0,0.461109,0.7826569999999999,UKR,FIN,6505
2186480,230,74,1385,2017,0.0,12676.0,0.16963,-0.403006,URY,FIN,6505
2186481,231,74,1385,2017,22471.0,45476.0,1.601478,0.277271,USA,FIN,6505
2186482,239,74,1385,2017,107136.0,0.0,-0.009819,0.686429,VNM,FIN,6505
2186483,246,74,1385,2017,12326.0,9257.0,0.2066,1.378591,ZAF,FIN,6505
2186484,249,74,1385,2017,60026.0,0.0,2.0548290000000002,1.2552969999999999,TWN,FIN,6505
2186485,0,77,1385,2017,0.0,2797.0,0.845843,0.165178,ABW,FRA,6505
2186486,1,77,1385,2017,1583.0,0.0,-1.147348,-0.886799,AFG,FRA,6505
2186487,2,77,1385,2017,0.0,11027.0,-1.408777,-1.215475,AGO,FRA,6505
2186488,4,77,1385,2017,1517207.0,2563.0,-0.44769899999999996,-0.17193,ALB,FRA,6505
2186489,5,77,1385,2017,1520.0,210689.0,1.097505,0.480863,AND,FRA,6505
2186490,7,77,1385,2017,30716.0,461306.0,0.210477,0.02557,ARE,FRA,6505
2186491,8,77,1385,2017,7587.0,29012.0,-0.120753,0.233375,ARG,FRA,6505
2186492,9,77,1385,2017,0.0,4061.0,-0.23846799999999999,-0.658774,ARM,FRA,6505
2186493,14,77,1385,2017,43001.0,323130.0,-0.42427200000000004,-0.152921,AUS,FRA,6505
2186494,15,77,1385,2017,476211.0,1622329.0,1.728623,-0.031045999999999997,AUT,FRA,6505
2186495,16,77,1385,2017,0.0,11217.0,-1.022455,-1.199225,AZE,FRA,6505
2186496,17,77,1385,2017,1782.0,3851.0,-0.637985,-1.051277,BDI,FRA,6505
2186497,18,77,1385,2017,4641412.0,5197100.0,1.292657,1.19571,BEL,FRA,6505
2186498,19,77,1385,2017,0.0,26092.0,-0.755027,-0.796864,BEN,FRA,6505
2186499,21,77,1385,2017,0.0,49229.0,-1.100802,-1.0632110000000001,BFA,FRA,6505
2186500,22,77,1385,2017,3588970.0,0.0,-1.016251,-0.987654,BGD,FRA,6505
2186501,23,77,1385,2017,962347.0,231124.0,0.557843,1.7221119999999999,BGR,FRA,6505
2186502,24,77,1385,2017,0.0,6411.0,0.485479,-0.5348890000000001,BHR,FRA,6505
2186503,25,77,1385,2017,0.0,1251.0,0.81944,-0.30649499999999996,BHS,FRA,6505
2186504,26,77,1385,2017,3693.0,0.0,0.43245,0.726721,BIH,FRA,6505
2186505,27,77,1385,2017,0.0,7868.0,0.49959799999999993,-0.392529,BLM,FRA,6505
2186506,28,77,1385,2017,0.0,2634.0,0.8115829999999999,0.8323459999999999,BLR,FRA,6505
2186507,30,77,1385,2017,0.0,1325.0,1.06318,-0.48345,BMU,FRA,6505
2186508,31,77,1385,2017,1401.0,946.0,-1.158425,-1.076242,BOL,FRA,6505
2186509,32,77,1385,2017,14294.0,168781.0,0.145224,0.483461,BRA,FRA,6505
2186510,33,77,1385,2017,959.0,1291.0,0.589793,-0.004488000000000001,BRB,FRA,6505
2186511,38,77,1385,2017,0.0,26675.0,-0.289049,-0.648497,CAF,FRA,6505
2186512,39,77,1385,2017,72279.0,1488722.0,0.73897,1.206402,CAN,FRA,6505
2186513,41,77,1385,2017,296786.0,1962475.0,2.2557810000000003,0.845459,CHE,FRA,6505
2186514,42,77,1385,2017,0.0,46752.0,-0.378693,-0.492983,CHL,FRA,6505
2186515,43,77,1385,2017,73648784.0,2302918.0,1.1127790000000002,1.56869,CHN,FRA,6505
2186516,44,77,1385,2017,0.0,110075.0,-0.784119,-0.904135,CIV,FRA,6505
2186517,45,77,1385,2017,2930.0,53783.0,-1.048569,-1.030799,CMR,FRA,6505
2186518,46,77,1385,2017,0.0,2083.0,-1.3960569999999999,-1.126784,COD,FRA,6505
2186519,47,77,1385,2017,0.0,97305.0,-1.2289780000000001,-1.169368,COG,FRA,6505
2186520,49,77,1385,2017,0.0,29630.0,0.208096,-0.17644300000000002,COL,FRA,6505
2186521,50,77,1385,2017,0.0,2227.0,-0.880647,-0.927383,COM,FRA,6505
2186522,51,77,1385,2017,0.0,2006.0,-0.11722300000000001,-0.677707,CPV,FRA,6505
2186523,52,77,1385,2017,0.0,2311.0,0.288642,-0.056219000000000005,CRI,FRA,6505
2186524,57,77,1385,2017,0.0,1130.0,1.105397,-0.794764,CYM,FRA,6505
2186525,58,77,1385,2017,89276.0,142405.0,0.576982,0.279989,CYP,FRA,6505
2186526,59,77,1385,2017,1168367.0,1082403.0,1.7715130000000001,0.359668,CZE,FRA,6505
2186527,61,77,1385,2017,26480204.0,11247898.0,2.1149459999999998,-2.525372,DEU,FRA,6505
2186528,64,77,1385,2017,774286.0,614013.0,1.159753,1.233914,DNK,FRA,6505
2186529,65,77,1385,2017,9122.0,46616.0,-0.168016,0.30840100000000004,DOM,FRA,6505
2186530,66,77,1385,2017,0.0,212834.0,-0.9905579999999999,-1.1996200000000001,DZA,FRA,6505
2186531,67,77,1385,2017,106956.0,4465.0,-0.9995850000000001,-1.086367,ECU,FRA,6505
2186532,68,77,1385,2017,23895.0,5073.0,-0.073436,1.829121,EGY,FRA,6505
2186533,71,77,1385,2017,14212715.0,10071536.0,0.734342,2.8180099999999997,ESP,FRA,6505
2186534,72,77,1385,2017,12814.0,127729.0,1.010985,1.289633,EST,FRA,6505
2186535,74,77,1385,2017,57182.0,236209.0,1.655957,0.962485,FIN,FRA,6505
2186536,75,77,1385,2017,0.0,2975.0,-0.278276,-0.033997,FJI,FRA,6505
2186537,80,77,1385,2017,0.0,36757.0,-1.109612,-1.177577,GAB,FRA,6505
2186538,81,77,1385,2017,13453524.0,11106945.0,1.6883119999999998,0.8347469999999999,GBR,FRA,6505
2186539,82,77,1385,2017,1685.0,4059.0,-0.241749,-0.374727,GEO,FRA,6505
2186540,83,77,1385,2017,0.0,3709.0,-0.929143,-0.811439,GHA,FRA,6505
2186541,85,77,1385,2017,0.0,26290.0,-1.7560669999999998,-1.2747680000000001,GIN,FRA,6505
2186542,89,77,1385,2017,0.0,4159.0,-1.735486,-0.9254180000000001,GNQ,FRA,6505
2186543,90,77,1385,2017,205897.0,845218.0,0.154098,1.151038,GRC,FRA,6505
2186544,92,77,1385,2017,0.0,5494.0,-1.226963,-0.9309620000000001,GRL,FRA,6505
2186545,93,77,1385,2017,1480.0,4221.0,-0.418538,0.557454,GTM,FRA,6505
2186546,95,77,1385,2017,0.0,4991.0,0.638232,0.033204000000000004,GUM,FRA,6505
2186547,96,77,1385,2017,0.0,1441.0,-0.703271,-0.898648,GUY,FRA,6505
2186548,97,77,1385,2017,211710.0,1231133.0,0.824982,1.7162220000000001,HKG,FRA,6505
2186549,99,77,1385,2017,10513.0,0.0,-0.6335689999999999,-0.334201,HND,FRA,6505
2186550,100,77,1385,2017,12292.0,160263.0,0.860825,1.365445,HRV,FRA,6505
2186551,101,77,1385,2017,1466.0,1818.0,-1.0089219999999999,-0.946722,HTI,FRA,6505
2186552,102,77,1385,2017,39197.0,2224583.0,1.4886270000000001,0.845986,HUN,FRA,6505
2186553,103,77,1385,2017,537635.0,3305.0,-0.23641700000000002,1.188173,IDN,FRA,6505
2186554,104,77,1385,2017,629668.0,3065.0,0.290576,2.726391,IND,FRA,6505
2186555,106,77,1385,2017,190314.0,383099.0,1.363544,0.169211,IRL,FRA,6505
2186556,107,77,1385,2017,0.0,12347.0,-0.361292,-0.361813,IRN,FRA,6505
2186557,109,77,1385,2017,0.0,4196.0,0.386094,-0.277269,ISL,FRA,6505
2186558,110,77,1385,2017,168324.0,96226.0,1.436156,0.776574,ISR,FRA,6505
2186559,111,77,1385,2017,21410834.0,15039015.0,1.34395,0.577693,ITA,FRA,6505
2186560,113,77,1385,2017,911.0,4688.0,0.020035,0.295415,JOR,FRA,6505
2186561,114,77,1385,2017,93097.0,1786704.0,2.4510419999999997,-0.277357,JPN,FRA,6505
2186562,115,77,1385,2017,2477.0,44821.0,-0.394316,-0.5485979999999999,KAZ,FRA,6505
2186563,116,77,1385,2017,0.0,5323.0,-0.579541,0.511926,KEN,FRA,6505
2186564,117,77,1385,2017,0.0,2926.0,-0.11530599999999999,0.264752,KGZ,FRA,6505
2186565,118,77,1385,2017,1216371.0,1800.0,-0.656325,-0.622167,KHM,FRA,6505
2186566,121,77,1385,2017,291245.0,601718.0,2.011263,0.783215,KOR,FRA,6505
2186567,122,77,1385,2017,2463.0,70366.0,-0.229821,-1.128482,KWT,FRA,6505
2186568,123,77,1385,2017,5743.0,0.0,-0.9742190000000001,-0.727593,LAO,FRA,6505
2186569,124,77,1385,2017,3378.0,791778.0,0.266847,1.117621,LBN,FRA,6505
2186570,128,77,1385,2017,2445672.0,1093.0,-0.46442799999999995,0.472132,LKA,FRA,6505
2186571,130,77,1385,2017,36473.0,103288.0,0.855858,1.447717,LTU,FRA,6505
2186572,131,77,1385,2017,25604.0,538827.0,1.24064,1.298263,LUX,FRA,6505
2186573,132,77,1385,2017,1537.0,70637.0,0.684555,1.3208030000000002,LVA,FRA,6505
2186574,133,77,1385,2017,0.0,51977.0,0.264006,-0.11028099999999999,MAC,FRA,6505
2186575,134,77,1385,2017,192520.0,171067.0,-0.757236,-0.065347,MAR,FRA,6505
2186576,135,77,1385,2017,8490.0,4010.0,-0.24909,-0.181213,MDA,FRA,6505
2186577,136,77,1385,2017,815265.0,5895.0,-1.277182,-0.6503399999999999,MDG,FRA,6505
2186578,137,77,1385,2017,0.0,38546.0,-1.100027,-0.9779479999999999,MDV,FRA,6505
2186579,138,77,1385,2017,37785.0,486709.0,1.08871,0.5745279999999999,MEX,FRA,6505
2186580,140,77,1385,2017,10203.0,1514.0,-0.0292,-0.377156,MKD,FRA,6505
2186581,141,77,1385,2017,0.0,10986.0,-0.5927899999999999,-0.707245,MLI,FRA,6505
2186582,142,77,1385,2017,0.0,69937.0,0.999914,0.12683,MLT,FRA,6505
2186583,143,77,1385,2017,435721.0,0.0,-1.051544,-0.419183,MMR,FRA,6505
2186584,144,77,1385,2017,0.0,1705.0,0.201739,-0.23111399999999999,MNE,FRA,6505
2186585,145,77,1385,2017,4232.0,0.0,-0.933737,-1.1195620000000002,MNG,FRA,6505
2186586,146,77,1385,2017,0.0,3062.0,1.1599540000000002,-0.561265,MNP,FRA,6505
2186587,148,77,1385,2017,0.0,2655.0,-1.634533,-1.330819,MRT,FRA,6505
2186588,151,77,1385,2017,138873.0,44555.0,-0.156616,0.073153,MUS,FRA,6505
2186589,153,77,1385,2017,215683.0,18051.0,1.0110139999999999,0.6840729999999999,MYS,FRA,6505
2186590,155,77,1385,2017,494.0,0.0,-0.5221060000000001,-0.7365079999999999,NAM,FRA,6505
2186591,156,77,1385,2017,27697.0,101937.0,-0.38216100000000003,-0.8662549999999999,NCL,FRA,6505
2186592,157,77,1385,2017,0.0,43262.0,-1.250156,-0.995524,NER,FRA,6505
2186593,159,77,1385,2017,0.0,2994.0,-1.8260919999999998,-1.276591,NGA,FRA,6505
2186594,160,77,1385,2017,0.0,1883.0,-1.0502280000000002,-0.8817719999999999,NIC,FRA,6505
2186595,162,77,1385,2017,24971590.0,2639868.0,1.146959,1.470869,NLD,FRA,6505
2186596,163,77,1385,2017,8524.0,94719.0,0.73658,0.11450199999999999,NOR,FRA,6505
2186597,164,77,1385,2017,142496.0,0.0,-0.319681,0.5788220000000001,NPL,FRA,6505
2186598,165,77,1385,2017,4994.0,0.0,0.963425,-0.06901499999999999,NRU,FRA,6505
2186599,166,77,1385,2017,37541.0,63472.0,0.25651199999999996,0.132996,NZL,FRA,6505
2186600,168,77,1385,2017,125257.0,0.0,-0.698561,0.43523500000000004,PAK,FRA,6505
2186601,169,77,1385,2017,3018.0,18310.0,0.5520109999999999,0.788181,PAN,FRA,6505
2186602,173,77,1385,2017,44906.0,16356.0,-0.667658,-0.318344,PER,FRA,6505
2186603,174,77,1385,2017,660951.0,1543.0,0.657759,0.170061,PHL,FRA,6505
2186604,177,77,1385,2017,883356.0,3281032.0,1.197417,1.092716,POL,FRA,6505
2186605,179,77,1385,2017,1433148.0,2653964.0,0.527046,2.264624,PRT,FRA,6505
2186606,180,77,1385,2017,0.0,3017.0,-0.437741,-0.9248879999999999,PRY,FRA,6505
2186607,182,77,1385,2017,1440.0,37516.0,-0.1278,-0.748387,PYF,FRA,6505
2186608,183,77,1385,2017,0.0,239793.0,-0.361327,-1.066869,QAT,FRA,6505
2186609,185,77,1385,2017,257136.0,1105506.0,1.05479,0.9842219999999999,ROU,FRA,6505
2186610,186,77,1385,2017,13665.0,1158729.0,0.32885,0.288392,RUS,FRA,6505
2186611,187,77,1385,2017,1793.0,0.0,-0.7610319999999999,-0.680251,RWA,FRA,6505
2186612,188,77,1385,2017,0.0,44265.0,0.597716,-0.345049,SAU,FRA,6505
2186613,191,77,1385,2017,0.0,116838.0,-0.6722899999999999,-0.26522199999999996,SEN,FRA,6505
2186614,192,77,1385,2017,17232.0,1307663.0,1.884166,0.37903600000000004,SGP,FRA,6505
2186615,197,77,1385,2017,16975.0,1036.0,0.113639,0.23175199999999999,SLV,FRA,6505
2186616,198,77,1385,2017,0.0,1009.0,0.984548,0.6116199999999999,SMR,FRA,6505
2186617,200,77,1385,2017,0.0,4903.0,0.349463,-0.554142,SPM,FRA,6505
2186618,201,77,1385,2017,24546.0,53696.0,0.541644,1.19872,SRB,FRA,6505
2186619,206,77,1385,2017,51570.0,235041.0,1.279606,0.85503,SVK,FRA,6505
2186620,207,77,1385,2017,8717.0,235531.0,1.600319,0.854305,SVN,FRA,6505
2186621,208,77,1385,2017,396272.0,631540.0,1.764732,0.732646,SWE,FRA,6505
2186622,211,77,1385,2017,0.0,9884.0,0.41946000000000006,-0.523274,SYC,FRA,6505
2186623,212,77,1385,2017,1421.0,0.0,-0.660905,0.345462,SYR,FRA,6505
2186624,214,77,1385,2017,0.0,5998.0,-2.263503,-1.00147,TCD,FRA,6505
2186625,215,77,1385,2017,0.0,319710.0,-0.8957450000000001,-0.891191,TGO,FRA,6505
2186626,216,77,1385,2017,281400.0,93994.0,0.983977,1.3926020000000001,THA,FRA,6505
2186627,219,77,1385,2017,0.0,10522.0,-1.564885,-1.274637,TKM,FRA,6505
2186628,223,77,1385,2017,510325.0,247708.0,0.224119,0.961772,TUN,FRA,6505
2186629,224,77,1385,2017,559900.0,186775.0,0.541611,2.405872,TUR,FRA,6505
2186630,226,77,1385,2017,1706.0,0.0,-1.0691709999999999,0.11636800000000001,TZA,FRA,6505
2186631,227,77,1385,2017,0.0,1159.0,-0.6831020000000001,-0.046838,UGA,FRA,6505
2186632,228,77,1385,2017,6184.0,64472.0,0.461109,0.7826569999999999,UKR,FRA,6505
2186633,230,77,1385,2017,0.0,1598.0,0.16963,-0.403006,URY,FRA,6505
2186634,231,77,1385,2017,435336.0,5861756.0,1.601478,0.277271,USA,FRA,6505
2186635,232,77,1385,2017,0.0,6003.0,-0.407169,-0.264942,UZB,FRA,6505
2186636,239,77,1385,2017,4820277.0,21694.0,-0.009819,0.686429,VNM,FRA,6505
2186637,241,77,1385,2017,0.0,3124.0,1.156989,-0.59549,WLF,FRA,6505
2186638,246,77,1385,2017,9990.0,529544.0,0.2066,1.378591,ZAF,FRA,6505
2186639,247,77,1385,2017,0.0,949.0,-0.8594290000000001,-1.0574459999999999,ZMB,FRA,6505
2186640,248,77,1385,2017,0.0,2505.0,-1.101402,-1.0831680000000001,ZWE,FRA,6505
2186641,249,77,1385,2017,2316593.0,222849.0,2.0548290000000002,1.2552969999999999,TWN,FRA,6505
2186642,250,77,1385,2017,1014126.0,8979.0,0.72523,-0.205046,ANS,FRA,6505
2186643,1,81,1385,2017,0.0,6575.0,-1.147348,-0.886799,AFG,GBR,6505
2186644,2,81,1385,2017,0.0,1151.0,-1.408777,-1.215475,AGO,GBR,6505
2186645,5,81,1385,2017,0.0,6403.0,1.097505,0.480863,AND,GBR,6505
2186646,7,81,1385,2017,66091.0,464240.0,0.210477,0.02557,ARE,GBR,6505
2186647,8,81,1385,2017,16176.0,1262.0,-0.120753,0.233375,ARG,GBR,6505
2186648,9,81,1385,2017,0.0,3292.0,-0.23846799999999999,-0.658774,ARM,GBR,6505
2186649,13,81,1385,2017,0.0,4619.0,0.42561099999999996,-0.42671099999999995,ATG,GBR,6505
2186650,14,81,1385,2017,80227.0,606257.0,-0.42427200000000004,-0.152921,AUS,GBR,6505
2186651,15,81,1385,2017,264842.0,1268316.0,1.728623,-0.031045999999999997,AUT,GBR,6505
2186652,16,81,1385,2017,0.0,1571.0,-1.022455,-1.199225,AZE,GBR,6505
2186653,18,81,1385,2017,3547121.0,3562090.0,1.292657,1.19571,BEL,GBR,6505
2186654,22,81,1385,2017,4784596.0,0.0,-1.016251,-0.987654,BGD,GBR,6505
2186655,23,81,1385,2017,1167323.0,762420.0,0.557843,1.7221119999999999,BGR,GBR,6505
2186656,24,81,1385,2017,0.0,69159.0,0.485479,-0.5348890000000001,BHR,GBR,6505
2186657,25,81,1385,2017,0.0,19371.0,0.81944,-0.30649499999999996,BHS,GBR,6505
2186658,26,81,1385,2017,0.0,8911.0,0.43245,0.726721,BIH,GBR,6505
2186659,28,81,1385,2017,0.0,4835.0,0.8115829999999999,0.8323459999999999,BLR,GBR,6505
2186660,30,81,1385,2017,0.0,82872.0,1.06318,-0.48345,BMU,GBR,6505
2186661,31,81,1385,2017,33059.0,0.0,-1.158425,-1.076242,BOL,GBR,6505
2186662,32,81,1385,2017,2850.0,44878.0,0.145224,0.483461,BRA,GBR,6505
2186663,33,81,1385,2017,611.0,51906.0,0.589793,-0.004488000000000001,BRB,GBR,6505
2186664,34,81,1385,2017,0.0,2751.0,0.270525,-0.747949,BRN,GBR,6505
2186665,37,81,1385,2017,0.0,2618.0,-0.593754,-1.166742,BWA,GBR,6505
2186666,39,81,1385,2017,1878454.0,306809.0,0.73897,1.206402,CAN,GBR,6505
2186667,41,81,1385,2017,47826.0,756325.0,2.2557810000000003,0.845459,CHE,GBR,6505
2186668,42,81,1385,2017,0.0,77871.0,-0.378693,-0.492983,CHL,GBR,6505
2186669,43,81,1385,2017,125742264.0,222248.0,1.1127790000000002,1.56869,CHN,GBR,6505
2186670,45,81,1385,2017,0.0,1092.0,-1.048569,-1.030799,CMR,GBR,6505
2186671,49,81,1385,2017,11900.0,0.0,0.208096,-0.17644300000000002,COL,GBR,6505
2186672,51,81,1385,2017,3824.0,4137.0,-0.11722300000000001,-0.677707,CPV,GBR,6505
2186673,52,81,1385,2017,0.0,1784.0,0.288642,-0.056219000000000005,CRI,GBR,6505
2186674,57,81,1385,2017,0.0,10918.0,1.105397,-0.794764,CYM,GBR,6505
2186675,58,81,1385,2017,3394.0,304372.0,0.576982,0.279989,CYP,GBR,6505
2186676,59,81,1385,2017,2190946.0,1088225.0,1.7715130000000001,0.359668,CZE,GBR,6505
2186677,61,81,1385,2017,13232756.0,19936590.0,2.1149459999999998,-2.525372,DEU,GBR,6505
2186678,64,81,1385,2017,1039412.0,1864066.0,1.159753,1.233914,DNK,GBR,6505
2186679,66,81,1385,2017,0.0,13520.0,-0.9905579999999999,-1.1996200000000001,DZA,GBR,6505
2186680,67,81,1385,2017,69507.0,1758.0,-0.9995850000000001,-1.086367,ECU,GBR,6505
2186681,68,81,1385,2017,1905.0,2993.0,-0.073436,1.829121,EGY,GBR,6505
2186682,71,81,1385,2017,3951538.0,5271923.0,0.734342,2.8180099999999997,ESP,GBR,6505
2186683,72,81,1385,2017,2665.0,210227.0,1.010985,1.289633,EST,GBR,6505
2186684,73,81,1385,2017,0.0,115382.0,-1.007413,-0.638231,ETH,GBR,6505
2186685,74,81,1385,2017,24713.0,1461208.0,1.655957,0.962485,FIN,GBR,6505
2186686,76,81,1385,2017,0.0,12118.0,-1.506175,-0.9551219999999999,FLK,GBR,6505
2186687,77,81,1385,2017,11106945.0,13453524.0,1.398427,0.894732,FRA,GBR,6505
2186688,78,81,1385,2017,0.0,18685.0,-0.956326,-0.951541,FRO,GBR,6505
2186689,82,81,1385,2017,0.0,1402.0,-0.241749,-0.374727,GEO,GBR,6505
2186690,83,81,1385,2017,0.0,7393.0,-0.929143,-0.811439,GHA,GBR,6505
2186691,84,81,1385,2017,0.0,16841.0,0.767836,-0.725273,GIB,GBR,6505
2186692,85,81,1385,2017,0.0,9922.0,-1.7560669999999998,-1.2747680000000001,GIN,GBR,6505
2186693,90,81,1385,2017,26766.0,643101.0,0.154098,1.151038,GRC,GBR,6505
2186694,91,81,1385,2017,1372.0,1852.0,0.384656,-0.317098,GRD,GBR,6505
2186695,93,81,1385,2017,1229.0,7016.0,-0.418538,0.557454,GTM,GBR,6505
2186696,96,81,1385,2017,0.0,92999.0,-0.703271,-0.898648,GUY,GBR,6505
2186697,97,81,1385,2017,1659672.0,632301.0,0.824982,1.7162220000000001,HKG,GBR,6505
2186698,100,81,1385,2017,2896.0,174484.0,0.860825,1.365445,HRV,GBR,6505
2186699,102,81,1385,2017,21170.0,485610.0,1.4886270000000001,0.845986,HUN,GBR,6505
2186700,103,81,1385,2017,92060.0,8540.0,-0.23641700000000002,1.188173,IDN,GBR,6505
2186701,104,81,1385,2017,2255945.0,36219.0,0.290576,2.726391,IND,GBR,6505
2186702,106,81,1385,2017,1372838.0,11232852.0,1.363544,0.169211,IRL,GBR,6505
2186703,109,81,1385,2017,2851.0,110662.0,0.386094,-0.277269,ISL,GBR,6505
2186704,110,81,1385,2017,11778.0,69836.0,1.436156,0.776574,ISR,GBR,6505
2186705,111,81,1385,2017,15205717.0,4626854.0,1.34395,0.577693,ITA,GBR,6505
2186706,112,81,1385,2017,0.0,35157.0,-0.497654,-0.76481,JAM,GBR,6505
2186707,113,81,1385,2017,0.0,40634.0,0.020035,0.295415,JOR,GBR,6505
2186708,114,81,1385,2017,183160.0,1334998.0,2.4510419999999997,-0.277357,JPN,GBR,6505
2186709,115,81,1385,2017,0.0,32014.0,-0.394316,-0.5485979999999999,KAZ,GBR,6505
2186710,116,81,1385,2017,0.0,14866.0,-0.579541,0.511926,KEN,GBR,6505
2186711,118,81,1385,2017,1243830.0,0.0,-0.656325,-0.622167,KHM,GBR,6505
2186712,120,81,1385,2017,0.0,3175.0,0.781625,-0.405177,KNA,GBR,6505
2186713,121,81,1385,2017,275659.0,185938.0,2.011263,0.783215,KOR,GBR,6505
2186714,122,81,1385,2017,0.0,47138.0,-0.229821,-1.128482,KWT,GBR,6505
2186715,123,81,1385,2017,26485.0,1200.0,-0.9742190000000001,-0.727593,LAO,GBR,6505
2186716,124,81,1385,2017,2239.0,15648.0,0.266847,1.117621,LBN,GBR,6505
2186717,127,81,1385,2017,0.0,7722.0,0.458896,-0.149195,LCA,GBR,6505
2186718,128,81,1385,2017,1215837.0,3850.0,-0.46442799999999995,0.472132,LKA,GBR,6505
2186719,130,81,1385,2017,27020.0,141943.0,0.855858,1.447717,LTU,GBR,6505
2186720,131,81,1385,2017,8171.0,199924.0,1.24064,1.298263,LUX,GBR,6505
2186721,132,81,1385,2017,5538.0,233548.0,0.684555,1.3208030000000002,LVA,GBR,6505
2186722,133,81,1385,2017,0.0,42448.0,0.264006,-0.11028099999999999,MAC,GBR,6505
2186723,134,81,1385,2017,14265.0,22611.0,-0.757236,-0.065347,MAR,GBR,6505
2186724,136,81,1385,2017,1238.0,756.0,-1.277182,-0.6503399999999999,MDG,GBR,6505
2186725,137,81,1385,2017,0.0,4962.0,-1.100027,-0.9779479999999999,MDV,GBR,6505
2186726,138,81,1385,2017,32419.0,153731.0,1.08871,0.5745279999999999,MEX,GBR,6505
2186727,140,81,1385,2017,0.0,6081.0,-0.0292,-0.377156,MKD,GBR,6505
2186728,141,81,1385,2017,0.0,27238.0,-0.5927899999999999,-0.707245,MLI,GBR,6505
2186729,142,81,1385,2017,6286.0,385805.0,0.999914,0.12683,MLT,GBR,6505
2186730,143,81,1385,2017,362707.0,0.0,-1.051544,-0.419183,MMR,GBR,6505
2186731,145,81,1385,2017,382.0,22644.0,-0.933737,-1.1195620000000002,MNG,GBR,6505
2186732,151,81,1385,2017,9292.0,1787.0,-0.156616,0.073153,MUS,GBR,6505
2186733,152,81,1385,2017,0.0,1696.0,-0.761995,-0.8897729999999999,MWI,GBR,6505
2186734,153,81,1385,2017,23341.0,128589.0,1.0110139999999999,0.6840729999999999,MYS,GBR,6505
2186735,155,81,1385,2017,0.0,877.0,-0.5221060000000001,-0.7365079999999999,NAM,GBR,6505
2186736,159,81,1385,2017,0.0,27560.0,-1.8260919999999998,-1.276591,NGA,GBR,6505
2186737,162,81,1385,2017,29282760.0,4327182.0,1.146959,1.470869,NLD,GBR,6505
2186738,163,81,1385,2017,16664.0,359037.0,0.73658,0.11450199999999999,NOR,GBR,6505
2186739,164,81,1385,2017,537743.0,0.0,-0.319681,0.5788220000000001,NPL,GBR,6505
2186740,166,81,1385,2017,206432.0,97969.0,0.25651199999999996,0.132996,NZL,GBR,6505
2186741,167,81,1385,2017,1647.0,61318.0,-0.347684,-0.884569,OMN,GBR,6505
2186742,168,81,1385,2017,264326.0,4612.0,-0.698561,0.43523500000000004,PAK,GBR,6505
2186743,169,81,1385,2017,0.0,3047.0,0.5520109999999999,0.788181,PAN,GBR,6505
2186744,173,81,1385,2017,35752.0,1277.0,-0.667658,-0.318344,PER,GBR,6505
2186745,174,81,1385,2017,599743.0,4539.0,0.657759,0.170061,PHL,GBR,6505
2186746,176,81,1385,2017,0.0,1184.0,-1.788834,-1.267126,PNG,GBR,6505
2186747,177,81,1385,2017,1465072.0,2628872.0,1.197417,1.092716,POL,GBR,6505
2186748,179,81,1385,2017,185240.0,922497.0,0.527046,2.264624,PRT,GBR,6505
2186749,181,81,1385,2017,0.0,562.0,0.11852,0.609241,PSE,GBR,6505
2186750,183,81,1385,2017,31977.0,15170.0,-0.361327,-1.066869,QAT,GBR,6505
2186751,185,81,1385,2017,20709.0,436289.0,1.05479,0.9842219999999999,ROU,GBR,6505
2186752,186,81,1385,2017,23001.0,253475.0,0.32885,0.288392,RUS,GBR,6505
2186753,187,81,1385,2017,0.0,678.0,-0.7610319999999999,-0.680251,RWA,GBR,6505
2186754,188,81,1385,2017,0.0,15554119.0,0.597716,-0.345049,SAU,GBR,6505
2186755,191,81,1385,2017,0.0,4582.0,-0.6722899999999999,-0.26522199999999996,SEN,GBR,6505
2186756,192,81,1385,2017,120904.0,84596.0,1.884166,0.37903600000000004,SGP,GBR,6505
2186757,194,81,1385,2017,2106.0,0.0,0.984775,-0.455862,SHN,GBR,6505
2186758,198,81,1385,2017,0.0,26353.0,0.984548,0.6116199999999999,SMR,GBR,6505
2186759,199,81,1385,2017,0.0,10052.0,-1.2313479999999999,-1.063879,SOM,GBR,6505
2186760,201,81,1385,2017,10456.0,10387.0,0.541644,1.19872,SRB,GBR,6505
2186761,203,81,1385,2017,0.0,6900.0,0.531107,-0.43282200000000004,STP,GBR,6505
2186762,206,81,1385,2017,28534.0,1446023.0,1.279606,0.85503,SVK,GBR,6505
2186763,207,81,1385,2017,1350.0,181906.0,1.600319,0.854305,SVN,GBR,6505
2186764,208,81,1385,2017,1245068.0,3946930.0,1.764732,0.732646,SWE,GBR,6505
2186765,209,81,1385,2017,7369.0,0.0,0.126066,-0.551203,SWZ,GBR,6505
2186766,210,81,1385,2017,0.0,4851.0,0.892698,-0.795854,SXM,GBR,6505
2186767,211,81,1385,2017,0.0,3132.0,0.41946000000000006,-0.523274,SYC,GBR,6505
2186768,216,81,1385,2017,71187.0,21543.0,0.983977,1.3926020000000001,THA,GBR,6505
2186769,219,81,1385,2017,0.0,1275.0,-1.564885,-1.274637,TKM,GBR,6505
2186770,222,81,1385,2017,11798.0,47000.0,-0.183935,-1.012153,TTO,GBR,6505
2186771,223,81,1385,2017,84635.0,3156.0,0.224119,0.961772,TUN,GBR,6505
2186772,224,81,1385,2017,941242.0,318276.0,0.541611,2.405872,TUR,GBR,6505
2186773,226,81,1385,2017,13731.0,1919.0,-1.0691709999999999,0.11636800000000001,TZA,GBR,6505
2186774,227,81,1385,2017,0.0,9730.0,-0.6831020000000001,-0.046838,UGA,GBR,6505
2186775,228,81,1385,2017,2324.0,12407.0,0.461109,0.7826569999999999,UKR,GBR,6505
2186776,230,81,1385,2017,0.0,3619.0,0.16963,-0.403006,URY,GBR,6505
2186777,231,81,1385,2017,3803554.0,1817024.0,1.601478,0.277271,USA,GBR,6505
2186778,234,81,1385,2017,0.0,8260.0,-0.040273,-0.549452,VCT,GBR,6505
2186779,236,81,1385,2017,0.0,3337.0,-0.8874559999999999,-1.178752,VEN,GBR,6505
2186780,239,81,1385,2017,1471085.0,26149.0,-0.009819,0.686429,VNM,GBR,6505
2186781,246,81,1385,2017,45145.0,185849.0,0.2066,1.378591,ZAF,GBR,6505
2186782,247,81,1385,2017,0.0,9345.0,-0.8594290000000001,-1.0574459999999999,ZMB,GBR,6505
2186783,249,81,1385,2017,909408.0,82927.0,2.0548290000000002,1.2552969999999999,TWN,GBR,6505
2186784,7,93,1385,2017,0.0,3460.0,0.210477,0.02557,ARE,GTM,6505
2186785,8,93,1385,2017,2692.0,0.0,-0.120753,0.233375,ARG,GTM,6505
2186786,13,93,1385,2017,0.0,952.0,0.42561099999999996,-0.42671099999999995,ATG,GTM,6505
2186787,15,93,1385,2017,2541.0,0.0,1.728623,-0.031045999999999997,AUT,GTM,6505
2186788,18,93,1385,2017,977.0,0.0,1.292657,1.19571,BEL,GTM,6505
2186789,29,93,1385,2017,1277.0,1551.0,-0.284062,-0.711108,BLZ,GTM,6505
2186790,32,93,1385,2017,1879.0,0.0,0.145224,0.483461,BRA,GTM,6505
2186791,39,93,1385,2017,1119.0,18005.0,0.73897,1.206402,CAN,GTM,6505
2186792,41,93,1385,2017,0.0,1631.0,2.2557810000000003,0.845459,CHE,GTM,6505
2186793,42,93,1385,2017,2361.0,0.0,-0.378693,-0.492983,CHL,GTM,6505
2186794,43,93,1385,2017,1539864.0,0.0,1.1127790000000002,1.56869,CHN,GTM,6505
2186795,49,93,1385,2017,142593.0,5381.0,0.208096,-0.17644300000000002,COL,GTM,6505
2186796,52,93,1385,2017,12746.0,16546.0,0.288642,-0.056219000000000005,CRI,GTM,6505
2186797,59,93,1385,2017,2391.0,0.0,1.7715130000000001,0.359668,CZE,GTM,6505
2186798,61,93,1385,2017,27473.0,0.0,2.1149459999999998,-2.525372,DEU,GTM,6505
2186799,64,93,1385,2017,0.0,3318.0,1.159753,1.233914,DNK,GTM,6505
2186800,65,93,1385,2017,0.0,1024.0,-0.168016,0.30840100000000004,DOM,GTM,6505
2186801,67,93,1385,2017,35960.0,0.0,-0.9995850000000001,-1.086367,ECU,GTM,6505
2186802,71,93,1385,2017,16655.0,1976.0,0.734342,2.8180099999999997,ESP,GTM,6505
2186803,77,93,1385,2017,4221.0,1480.0,1.398427,0.894732,FRA,GTM,6505
2186804,81,93,1385,2017,7016.0,1229.0,1.6883119999999998,0.8347469999999999,GBR,GTM,6505
2186805,97,93,1385,2017,19126.0,0.0,0.824982,1.7162220000000001,HKG,GTM,6505
2186806,99,93,1385,2017,0.0,72404.0,-0.6335689999999999,-0.334201,HND,GTM,6505
2186807,104,93,1385,2017,19383.0,0.0,0.290576,2.726391,IND,GTM,6505
2186808,111,93,1385,2017,2870.0,0.0,1.34395,0.577693,ITA,GTM,6505
2186809,112,93,1385,2017,0.0,873.0,-0.497654,-0.76481,JAM,GTM,6505
2186810,114,93,1385,2017,1837.0,9270.0,2.4510419999999997,-0.277357,JPN,GTM,6505
2186811,121,93,1385,2017,4383.0,4754.0,2.011263,0.783215,KOR,GTM,6505
2186812,138,93,1385,2017,267950.0,1348.0,1.08871,0.5745279999999999,MEX,GTM,6505
2186813,160,93,1385,2017,0.0,30648.0,-1.0502280000000002,-0.8817719999999999,NIC,GTM,6505
2186814,162,93,1385,2017,3530.0,6167.0,1.146959,1.470869,NLD,GTM,6505
2186815,169,93,1385,2017,376067.0,9401.0,0.5520109999999999,0.788181,PAN,GTM,6505
2186816,173,93,1385,2017,2193.0,0.0,-0.667658,-0.318344,PER,GTM,6505
2186817,177,93,1385,2017,1694.0,0.0,1.197417,1.092716,POL,GTM,6505
2186818,179,93,1385,2017,8215.0,0.0,0.527046,2.264624,PRT,GTM,6505
2186819,183,93,1385,2017,0.0,4583.0,-0.361327,-1.066869,QAT,GTM,6505
2186820,197,93,1385,2017,132893.0,38088.0,0.113639,0.23175199999999999,SLV,GTM,6505
2186821,230,93,1385,2017,1042.0,0.0,0.16963,-0.403006,URY,GTM,6505
2186822,231,93,1385,2017,81713.0,386189.0,1.601478,0.277271,USA,GTM,6505
2186823,236,93,1385,2017,1394.0,0.0,-0.8874559999999999,-1.178752,VEN,GTM,6505
2186824,239,93,1385,2017,5053.0,0.0,-0.009819,0.686429,VNM,GTM,6505
2186825,43,96,1385,2017,136334.0,0.0,1.1127790000000002,1.56869,CHN,GUY,6505
2186826,77,96,1385,2017,1441.0,0.0,1.398427,0.894732,FRA,GUY,6505
2186827,81,96,1385,2017,92999.0,0.0,1.6883119999999998,0.8347469999999999,GBR,GUY,6505
2186828,97,96,1385,2017,22225.0,0.0,0.824982,1.7162220000000001,HKG,GUY,6505
2186829,169,96,1385,2017,12142.0,0.0,0.5520109999999999,0.788181,PAN,GUY,6505
2186830,231,96,1385,2017,20510.0,0.0,1.601478,0.277271,USA,GUY,6505
2186831,2,97,1385,2017,0.0,40362.0,-1.408777,-1.215475,AGO,HKG,6505
2186832,7,97,1385,2017,50337.0,201874.0,0.210477,0.02557,ARE,HKG,6505
2186833,8,97,1385,2017,0.0,55180.0,-0.120753,0.233375,ARG,HKG,6505
2186834,9,97,1385,2017,0.0,1249.0,-0.23846799999999999,-0.658774,ARM,HKG,6505
2186835,14,97,1385,2017,14157.0,1760131.0,-0.42427200000000004,-0.152921,AUS,HKG,6505
2186836,15,97,1385,2017,25626.0,105104.0,1.728623,-0.031045999999999997,AUT,HKG,6505
2186837,16,97,1385,2017,0.0,752.0,-1.022455,-1.199225,AZE,HKG,6505
2186838,18,97,1385,2017,28332.0,114908.0,1.292657,1.19571,BEL,HKG,6505
2186839,22,97,1385,2017,336828.0,5420.0,-1.016251,-0.987654,BGD,HKG,6505
2186840,23,97,1385,2017,0.0,12652.0,0.557843,1.7221119999999999,BGR,HKG,6505
2186841,24,97,1385,2017,0.0,14177.0,0.485479,-0.5348890000000001,BHR,HKG,6505
2186842,25,97,1385,2017,0.0,5090.0,0.81944,-0.30649499999999996,BHS,HKG,6505
2186843,26,97,1385,2017,0.0,7789.0,0.43245,0.726721,BIH,HKG,6505
2186844,29,97,1385,2017,0.0,806.0,-0.284062,-0.711108,BLZ,HKG,6505
2186845,31,97,1385,2017,0.0,10022.0,-1.158425,-1.076242,BOL,HKG,6505
2186846,32,97,1385,2017,0.0,276808.0,0.145224,0.483461,BRA,HKG,6505
2186847,34,97,1385,2017,0.0,2427.0,0.270525,-0.747949,BRN,HKG,6505
2186848,37,97,1385,2017,0.0,1769.0,-0.593754,-1.166742,BWA,HKG,6505
2186849,39,97,1385,2017,98014.0,385301.0,0.73897,1.206402,CAN,HKG,6505
2186850,41,97,1385,2017,421407.0,135295.0,2.2557810000000003,0.845459,CHE,HKG,6505
2186851,42,97,1385,2017,0.0,27673.0,-0.378693,-0.492983,CHL,HKG,6505
2186852,43,97,1385,2017,88001376.0,130074.0,1.1127790000000002,1.56869,CHN,HKG,6505
2186853,44,97,1385,2017,0.0,5203.0,-0.784119,-0.904135,CIV,HKG,6505
2186854,47,97,1385,2017,0.0,7671.0,-1.2289780000000001,-1.169368,COG,HKG,6505
2186855,49,97,1385,2017,0.0,22164.0,0.208096,-0.17644300000000002,COL,HKG,6505
2186856,52,97,1385,2017,0.0,12583.0,0.288642,-0.056219000000000005,CRI,HKG,6505
2186857,58,97,1385,2017,3313.0,4074.0,0.576982,0.279989,CYP,HKG,6505
2186858,59,97,1385,2017,0.0,33598.0,1.7715130000000001,0.359668,CZE,HKG,6505
2186859,61,97,1385,2017,647641.0,843233.0,2.1149459999999998,-2.525372,DEU,HKG,6505
2186860,64,97,1385,2017,51502.0,43404.0,1.159753,1.233914,DNK,HKG,6505
2186861,65,97,1385,2017,0.0,2539.0,-0.168016,0.30840100000000004,DOM,HKG,6505
2186862,67,97,1385,2017,7762.0,6017.0,-0.9995850000000001,-1.086367,ECU,HKG,6505
2186863,68,97,1385,2017,0.0,8591.0,-0.073436,1.829121,EGY,HKG,6505
2186864,71,97,1385,2017,146667.0,148590.0,0.734342,2.8180099999999997,ESP,HKG,6505
2186865,72,97,1385,2017,968.0,56391.0,1.010985,1.289633,EST,HKG,6505
2186866,74,97,1385,2017,7532.0,107451.0,1.655957,0.962485,FIN,HKG,6505
2186867,75,97,1385,2017,0.0,23027.0,-0.278276,-0.033997,FJI,HKG,6505
2186868,77,97,1385,2017,1231133.0,211710.0,1.398427,0.894732,FRA,HKG,6505
2186869,80,97,1385,2017,0.0,115249.0,-1.109612,-1.177577,GAB,HKG,6505
2186870,81,97,1385,2017,632301.0,1659672.0,1.6883119999999998,0.8347469999999999,GBR,HKG,6505
2186871,82,97,1385,2017,0.0,33041.0,-0.241749,-0.374727,GEO,HKG,6505
2186872,83,97,1385,2017,0.0,2572.0,-0.929143,-0.811439,GHA,HKG,6505
2186873,85,97,1385,2017,0.0,1896.0,-1.7560669999999998,-1.2747680000000001,GIN,HKG,6505
2186874,90,97,1385,2017,7130.0,26016.0,0.154098,1.151038,GRC,HKG,6505
2186875,93,97,1385,2017,0.0,19126.0,-0.418538,0.557454,GTM,HKG,6505
2186876,95,97,1385,2017,0.0,110841.0,0.638232,0.033204000000000004,GUM,HKG,6505
2186877,96,97,1385,2017,0.0,22225.0,-0.703271,-0.898648,GUY,HKG,6505
2186878,99,97,1385,2017,0.0,1213.0,-0.6335689999999999,-0.334201,HND,HKG,6505
2186879,102,97,1385,2017,0.0,553234.0,1.4886270000000001,0.845986,HUN,HKG,6505
2186880,103,97,1385,2017,187548.0,144254.0,-0.23641700000000002,1.188173,IDN,HKG,6505
2186881,104,97,1385,2017,6651.0,153983.0,0.290576,2.726391,IND,HKG,6505
2186882,106,97,1385,2017,0.0,19615.0,1.363544,0.169211,IRL,HKG,6505
2186883,107,97,1385,2017,0.0,1962.0,-0.361292,-0.361813,IRN,HKG,6505
2186884,109,97,1385,2017,0.0,2407.0,0.386094,-0.277269,ISL,HKG,6505
2186885,110,97,1385,2017,0.0,1358400.0,1.436156,0.776574,ISR,HKG,6505
2186886,111,97,1385,2017,2500356.0,36556.0,1.34395,0.577693,ITA,HKG,6505
2186887,112,97,1385,2017,0.0,9864.0,-0.497654,-0.76481,JAM,HKG,6505
2186888,113,97,1385,2017,0.0,8172.0,0.020035,0.295415,JOR,HKG,6505
2186889,114,97,1385,2017,666661.0,526529.0,2.4510419999999997,-0.277357,JPN,HKG,6505
2186890,115,97,1385,2017,0.0,2314.0,-0.394316,-0.5485979999999999,KAZ,HKG,6505
2186891,116,97,1385,2017,0.0,2249.0,-0.579541,0.511926,KEN,HKG,6505
2186892,118,97,1385,2017,447101.0,21858.0,-0.656325,-0.622167,KHM,HKG,6505
2186893,120,97,1385,2017,0.0,16514.0,0.781625,-0.405177,KNA,HKG,6505
2186894,121,97,1385,2017,1282058.0,157219.0,2.011263,0.783215,KOR,HKG,6505
2186895,122,97,1385,2017,0.0,23891.0,-0.229821,-1.128482,KWT,HKG,6505
2186896,123,97,1385,2017,0.0,598.0,-0.9742190000000001,-0.727593,LAO,HKG,6505
2186897,124,97,1385,2017,0.0,4855.0,0.266847,1.117621,LBN,HKG,6505
2186898,125,97,1385,2017,0.0,1219.0,-0.355064,-0.977613,LBR,HKG,6505
2186899,127,97,1385,2017,0.0,2349.0,0.458896,-0.149195,LCA,HKG,6505
2186900,128,97,1385,2017,1452.0,9714.0,-0.46442799999999995,0.472132,LKA,HKG,6505
2186901,129,97,1385,2017,0.0,1912.0,-0.955398,-0.824111,LSO,HKG,6505
2186902,130,97,1385,2017,1090.0,4096.0,0.855858,1.447717,LTU,HKG,6505
2186903,131,97,1385,2017,6569.0,11113.0,1.24064,1.298263,LUX,HKG,6505
2186904,132,97,1385,2017,0.0,6365.0,0.684555,1.3208030000000002,LVA,HKG,6505
2186905,133,97,1385,2017,122962.0,822241.0,0.264006,-0.11028099999999999,MAC,HKG,6505
2186906,134,97,1385,2017,0.0,13493.0,-0.757236,-0.065347,MAR,HKG,6505
2186907,135,97,1385,2017,0.0,1253.0,-0.24909,-0.181213,MDA,HKG,6505
2186908,137,97,1385,2017,0.0,4253.0,-1.100027,-0.9779479999999999,MDV,HKG,6505
2186909,138,97,1385,2017,0.0,197958.0,1.08871,0.5745279999999999,MEX,HKG,6505
2186910,143,97,1385,2017,12942.0,29171.0,-1.051544,-0.419183,MMR,HKG,6505
2186911,145,97,1385,2017,646.0,2484.0,-0.933737,-1.1195620000000002,MNG,HKG,6505
2186912,146,97,1385,2017,0.0,47030.0,1.1599540000000002,-0.561265,MNP,HKG,6505
2186913,147,97,1385,2017,0.0,2244.0,-1.3882290000000002,-1.114475,MOZ,HKG,6505
2186914,151,97,1385,2017,0.0,10835.0,-0.156616,0.073153,MUS,HKG,6505
2186915,152,97,1385,2017,0.0,3340.0,-0.761995,-0.8897729999999999,MWI,HKG,6505
2186916,153,97,1385,2017,312321.0,500600.0,1.0110139999999999,0.6840729999999999,MYS,HKG,6505
2186917,159,97,1385,2017,0.0,7212.0,-1.8260919999999998,-1.276591,NGA,HKG,6505
2186918,160,97,1385,2017,0.0,4790.0,-1.0502280000000002,-0.8817719999999999,NIC,HKG,6505
2186919,162,97,1385,2017,35033.0,2466017.0,1.146959,1.470869,NLD,HKG,6505
2186920,163,97,1385,2017,1004.0,195524.0,0.73658,0.11450199999999999,NOR,HKG,6505
2186921,164,97,1385,2017,0.0,15754.0,-0.319681,0.5788220000000001,NPL,HKG,6505
2186922,166,97,1385,2017,0.0,72987.0,0.25651199999999996,0.132996,NZL,HKG,6505
2186923,167,97,1385,2017,0.0,2428.0,-0.347684,-0.884569,OMN,HKG,6505
2186924,168,97,1385,2017,0.0,2628.0,-0.698561,0.43523500000000004,PAK,HKG,6505
2186925,169,97,1385,2017,0.0,808929.0,0.5520109999999999,0.788181,PAN,HKG,6505
2186926,173,97,1385,2017,0.0,15179.0,-0.667658,-0.318344,PER,HKG,6505
2186927,174,97,1385,2017,24231.0,217960.0,0.657759,0.170061,PHL,HKG,6505
2186928,176,97,1385,2017,0.0,47307.0,-1.788834,-1.267126,PNG,HKG,6505
2186929,177,97,1385,2017,33583.0,9991.0,1.197417,1.092716,POL,HKG,6505
2186930,179,97,1385,2017,17426.0,11504.0,0.527046,2.264624,PRT,HKG,6505
2186931,180,97,1385,2017,0.0,38092.0,-0.437741,-0.9248879999999999,PRY,HKG,6505
2186932,181,97,1385,2017,0.0,1577.0,0.11852,0.609241,PSE,HKG,6505
2186933,183,97,1385,2017,0.0,95358.0,-0.361327,-1.066869,QAT,HKG,6505
2186934,185,97,1385,2017,9703.0,4591.0,1.05479,0.9842219999999999,ROU,HKG,6505
2186935,186,97,1385,2017,0.0,251479.0,0.32885,0.288392,RUS,HKG,6505
2186936,188,97,1385,2017,0.0,305407.0,0.597716,-0.345049,SAU,HKG,6505
2186937,192,97,1385,2017,84978.0,666783.0,1.884166,0.37903600000000004,SGP,HKG,6505
2186938,197,97,1385,2017,6893.0,6814.0,0.113639,0.23175199999999999,SLV,HKG,6505
2186939,201,97,1385,2017,1334.0,95552.0,0.541644,1.19872,SRB,HKG,6505
2186940,206,97,1385,2017,11789.0,4261.0,1.279606,0.85503,SVK,HKG,6505
2186941,207,97,1385,2017,0.0,1836.0,1.600319,0.854305,SVN,HKG,6505
2186942,208,97,1385,2017,282470.0,1909749.0,1.764732,0.732646,SWE,HKG,6505
2186943,216,97,1385,2017,415846.0,73583.0,0.983977,1.3926020000000001,THA,HKG,6505
2186944,223,97,1385,2017,0.0,2265.0,0.224119,0.961772,TUN,HKG,6505
2186945,224,97,1385,2017,6126.0,13699.0,0.541611,2.405872,TUR,HKG,6505
2186946,227,97,1385,2017,0.0,2997.0,-0.6831020000000001,-0.046838,UGA,HKG,6505
2186947,228,97,1385,2017,0.0,33981.0,0.461109,0.7826569999999999,UKR,HKG,6505
2186948,230,97,1385,2017,0.0,5290.0,0.16963,-0.403006,URY,HKG,6505
2186949,231,97,1385,2017,1206721.0,5705802.0,1.601478,0.277271,USA,HKG,6505
2186950,236,97,1385,2017,0.0,2532.0,-0.8874559999999999,-1.178752,VEN,HKG,6505
2186951,239,97,1385,2017,503444.0,14856.0,-0.009819,0.686429,VNM,HKG,6505
2186952,246,97,1385,2017,0.0,47225.0,0.2066,1.378591,ZAF,HKG,6505
2186953,248,97,1385,2017,0.0,1173.0,-1.101402,-1.0831680000000001,ZWE,HKG,6505
2186954,249,97,1385,2017,2496573.0,120544.0,2.0548290000000002,1.2552969999999999,TWN,HKG,6505
2186955,250,97,1385,2017,0.0,97824.0,0.72523,-0.205046,ANS,HKG,6505
2186956,15,99,1385,2017,0.0,807.0,1.728623,-0.031045999999999997,AUT,HND,6505
2186957,22,99,1385,2017,7129.0,0.0,-1.016251,-0.987654,BGD,HND,6505
2186958,24,99,1385,2017,0.0,3142.0,0.485479,-0.5348890000000001,BHR,HND,6505
2186959,29,99,1385,2017,0.0,2245.0,-0.284062,-0.711108,BLZ,HND,6505
2186960,39,99,1385,2017,1907.0,59667.0,0.73897,1.206402,CAN,HND,6505
2186961,43,99,1385,2017,474551.0,1285.0,1.1127790000000002,1.56869,CHN,HND,6505
2186962,49,99,1385,2017,10584.0,2482.0,0.208096,-0.17644300000000002,COL,HND,6505
2186963,52,99,1385,2017,3308.0,0.0,0.288642,-0.056219000000000005,CRI,HND,6505
2186964,59,99,1385,2017,0.0,37097.0,1.7715130000000001,0.359668,CZE,HND,6505
2186965,61,99,1385,2017,1154.0,12489.0,2.1149459999999998,-2.525372,DEU,HND,6505
2186966,66,99,1385,2017,0.0,2638.0,-0.9905579999999999,-1.1996200000000001,DZA,HND,6505
2186967,67,99,1385,2017,1073.0,16193.0,-0.9995850000000001,-1.086367,ECU,HND,6505
2186968,71,99,1385,2017,6348.0,0.0,0.734342,2.8180099999999997,ESP,HND,6505
2186969,77,99,1385,2017,0.0,10513.0,1.398427,0.894732,FRA,HND,6505
2186970,93,99,1385,2017,72404.0,0.0,-0.418538,0.557454,GTM,HND,6505
2186971,97,99,1385,2017,1213.0,0.0,0.824982,1.7162220000000001,HKG,HND,6505
2186972,103,99,1385,2017,2171.0,0.0,-0.23641700000000002,1.188173,IDN,HND,6505
2186973,111,99,1385,2017,1116.0,0.0,1.34395,0.577693,ITA,HND,6505
2186974,114,99,1385,2017,0.0,27290.0,2.4510419999999997,-0.277357,JPN,HND,6505
2186975,118,99,1385,2017,611.0,0.0,-0.656325,-0.622167,KHM,HND,6505
2186976,121,99,1385,2017,0.0,60063.0,2.011263,0.783215,KOR,HND,6505
2186977,122,99,1385,2017,0.0,13332.0,-0.229821,-1.128482,KWT,HND,6505
2186978,138,99,1385,2017,47778.0,42921.0,1.08871,0.5745279999999999,MEX,HND,6505
2186979,160,99,1385,2017,26177.0,1574.0,-1.0502280000000002,-0.8817719999999999,NIC,HND,6505
2186980,163,99,1385,2017,0.0,2146.0,0.73658,0.11450199999999999,NOR,HND,6505
2186981,169,99,1385,2017,1159.0,33438.0,0.5520109999999999,0.788181,PAN,HND,6505
2186982,173,99,1385,2017,2960.0,0.0,-0.667658,-0.318344,PER,HND,6505
2186983,179,99,1385,2017,1877.0,0.0,0.527046,2.264624,PRT,HND,6505
2186984,183,99,1385,2017,0.0,1025.0,-0.361327,-1.066869,QAT,HND,6505
2186985,197,99,1385,2017,8744.0,0.0,0.113639,0.23175199999999999,SLV,HND,6505
2186986,207,99,1385,2017,0.0,14362.0,1.600319,0.854305,SVN,HND,6505
2186987,216,99,1385,2017,3126.0,2792.0,0.983977,1.3926020000000001,THA,HND,6505
2186988,224,99,1385,2017,2150.0,1608.0,0.541611,2.405872,TUR,HND,6505
2186989,231,99,1385,2017,699631.0,713401.0,1.601478,0.277271,USA,HND,6505
2186990,239,99,1385,2017,17526.0,0.0,-0.009819,0.686429,VNM,HND,6505
2186991,249,99,1385,2017,12012.0,3598.0,2.0548290000000002,1.2552969999999999,TWN,HND,6505
2186992,250,99,1385,2017,1939.0,0.0,0.72523,-0.205046,ANS,HND,6505
2186993,1,102,1385,2017,0.0,2438.0,-1.147348,-0.886799,AFG,HUN,6505
2186994,4,102,1385,2017,0.0,5032.0,-0.44769899999999996,-0.17193,ALB,HUN,6505
2186995,7,102,1385,2017,1912.0,3698.0,0.210477,0.02557,ARE,HUN,6505
2186996,14,102,1385,2017,0.0,2742.0,-0.42427200000000004,-0.152921,AUS,HUN,6505
2186997,15,102,1385,2017,686103.0,422979.0,1.728623,-0.031045999999999997,AUT,HUN,6505
2186998,18,102,1385,2017,35145.0,18861.0,1.292657,1.19571,BEL,HUN,6505
2186999,23,102,1385,2017,7765.0,249866.0,0.557843,1.7221119999999999,BGR,HUN,6505
2187000,26,102,1385,2017,0.0,11418.0,0.43245,0.726721,BIH,HUN,6505
2187001,28,102,1385,2017,0.0,1642.0,0.8115829999999999,0.8323459999999999,BLR,HUN,6505
2187002,39,102,1385,2017,2163.0,7285.0,0.73897,1.206402,CAN,HUN,6505
2187003,41,102,1385,2017,5870.0,44604.0,2.2557810000000003,0.845459,CHE,HUN,6505
2187004,43,102,1385,2017,3179584.0,1774.0,1.1127790000000002,1.56869,CHN,HUN,6505
2187005,58,102,1385,2017,39716.0,2529.0,0.576982,0.279989,CYP,HUN,6505
2187006,59,102,1385,2017,602779.0,511183.0,1.7715130000000001,0.359668,CZE,HUN,6505
2187007,61,102,1385,2017,2296648.0,721301.0,2.1149459999999998,-2.525372,DEU,HUN,6505
2187008,64,102,1385,2017,44640.0,9737.0,1.159753,1.233914,DNK,HUN,6505
2187009,71,102,1385,2017,2256194.0,9957.0,0.734342,2.8180099999999997,ESP,HUN,6505
2187010,72,102,1385,2017,0.0,1929.0,1.010985,1.289633,EST,HUN,6505
2187011,74,102,1385,2017,7595.0,3982.0,1.655957,0.962485,FIN,HUN,6505
2187012,77,102,1385,2017,2224583.0,39197.0,1.398427,0.894732,FRA,HUN,6505
2187013,81,102,1385,2017,485610.0,21170.0,1.6883119999999998,0.8347469999999999,GBR,HUN,6505
2187014,82,102,1385,2017,0.0,2613.0,-0.241749,-0.374727,GEO,HUN,6505
2187015,90,102,1385,2017,8762.0,31810.0,0.154098,1.151038,GRC,HUN,6505
2187016,97,102,1385,2017,553234.0,0.0,0.824982,1.7162220000000001,HKG,HUN,6505
2187017,100,102,1385,2017,19194.0,252458.0,0.860825,1.365445,HRV,HUN,6505
2187018,103,102,1385,2017,5560.0,0.0,-0.23641700000000002,1.188173,IDN,HUN,6505
2187019,104,102,1385,2017,1156.0,0.0,0.290576,2.726391,IND,HUN,6505
2187020,106,102,1385,2017,32252.0,5389.0,1.363544,0.169211,IRL,HUN,6505
2187021,110,102,1385,2017,1680.0,779350.0,1.436156,0.776574,ISR,HUN,6505
2187022,111,102,1385,2017,673390.0,134981.0,1.34395,0.577693,ITA,HUN,6505
2187023,114,102,1385,2017,1354.0,6024.0,2.4510419999999997,-0.277357,JPN,HUN,6505
2187024,115,102,1385,2017,0.0,25293.0,-0.394316,-0.5485979999999999,KAZ,HUN,6505
2187025,121,102,1385,2017,7762.0,11154.0,2.011263,0.783215,KOR,HUN,6505
2187026,122,102,1385,2017,0.0,12940.0,-0.229821,-1.128482,KWT,HUN,6505
2187027,130,102,1385,2017,3406.0,2778.0,0.855858,1.447717,LTU,HUN,6505
2187028,132,102,1385,2017,1915.0,5097.0,0.684555,1.3208030000000002,LVA,HUN,6505
2187029,134,102,1385,2017,545.0,0.0,-0.757236,-0.065347,MAR,HUN,6505
2187030,135,102,1385,2017,0.0,29382.0,-0.24909,-0.181213,MDA,HUN,6505
2187031,139,102,1385,2017,3972.0,0.0,-0.057511,-0.80248,MHL,HUN,6505
2187032,140,102,1385,2017,0.0,3514.0,-0.0292,-0.377156,MKD,HUN,6505
2187033,142,102,1385,2017,0.0,4456.0,0.999914,0.12683,MLT,HUN,6505
2187034,144,102,1385,2017,0.0,3207.0,0.201739,-0.23111399999999999,MNE,HUN,6505
2187035,153,102,1385,2017,0.0,46735.0,1.0110139999999999,0.6840729999999999,MYS,HUN,6505
2187036,162,102,1385,2017,837073.0,33627.0,1.146959,1.470869,NLD,HUN,6505
2187037,163,102,1385,2017,0.0,2334.0,0.73658,0.11450199999999999,NOR,HUN,6505
2187038,164,102,1385,2017,1163.0,0.0,-0.319681,0.5788220000000001,NPL,HUN,6505
2187039,177,102,1385,2017,1614353.0,160105.0,1.197417,1.092716,POL,HUN,6505
2187040,179,102,1385,2017,11104.0,0.0,0.527046,2.264624,PRT,HUN,6505
2187041,185,102,1385,2017,544905.0,1947920.0,1.05479,0.9842219999999999,ROU,HUN,6505
2187042,186,102,1385,2017,11287.0,22556.0,0.32885,0.288392,RUS,HUN,6505
2187043,201,102,1385,2017,10028.0,30172.0,0.541644,1.19872,SRB,HUN,6505
2187044,206,102,1385,2017,1751296.0,1295372.0,1.279606,0.85503,SVK,HUN,6505
2187045,207,102,1385,2017,11706.0,140331.0,1.600319,0.854305,SVN,HUN,6505
2187046,208,102,1385,2017,27920.0,7821.0,1.764732,0.732646,SWE,HUN,6505
2187047,224,102,1385,2017,26524.0,17046.0,0.541611,2.405872,TUR,HUN,6505
2187048,228,102,1385,2017,0.0,31913.0,0.461109,0.7826569999999999,UKR,HUN,6505
2187049,231,102,1385,2017,3572.0,229016.0,1.601478,0.277271,USA,HUN,6505
2187050,239,102,1385,2017,73166.0,0.0,-0.009819,0.686429,VNM,HUN,6505
2187051,246,102,1385,2017,0.0,2096.0,0.2066,1.378591,ZAF,HUN,6505
2187052,249,102,1385,2017,75879.0,0.0,2.0548290000000002,1.2552969999999999,TWN,HUN,6505
2187053,5,103,1385,2017,0.0,1061.0,1.097505,0.480863,AND,IDN,6505
2187054,7,103,1385,2017,0.0,476353.0,0.210477,0.02557,ARE,IDN,6505
2187055,8,103,1385,2017,0.0,118159.0,-0.120753,0.233375,ARG,IDN,6505
2187056,9,103,1385,2017,0.0,537.0,-0.23846799999999999,-0.658774,ARM,IDN,6505
2187057,14,103,1385,2017,18124.0,401796.0,-0.42427200000000004,-0.152921,AUS,IDN,6505
2187058,15,103,1385,2017,1953.0,7058.0,1.728623,-0.031045999999999997,AUT,IDN,6505
2187059,18,103,1385,2017,0.0,570793.0,1.292657,1.19571,BEL,IDN,6505
2187060,22,103,1385,2017,532078.0,0.0,-1.016251,-0.987654,BGD,IDN,6505
2187061,24,103,1385,2017,0.0,1214.0,0.485479,-0.5348890000000001,BHR,IDN,6505
2187062,28,103,1385,2017,0.0,320.0,0.8115829999999999,0.8323459999999999,BLR,IDN,6505
2187063,32,103,1385,2017,0.0,405922.0,0.145224,0.483461,BRA,IDN,6505
2187064,34,103,1385,2017,0.0,24873.0,0.270525,-0.747949,BRN,IDN,6505
2187065,39,103,1385,2017,1545.0,408717.0,0.73897,1.206402,CAN,IDN,6505
2187066,41,103,1385,2017,890.0,52322.0,2.2557810000000003,0.845459,CHE,IDN,6505
2187067,42,103,1385,2017,0.0,85021.0,-0.378693,-0.492983,CHL,IDN,6505
2187068,43,103,1385,2017,4836755.0,401526.0,1.1127790000000002,1.56869,CHN,IDN,6505
2187069,49,103,1385,2017,0.0,36863.0,0.208096,-0.17644300000000002,COL,IDN,6505
2187070,52,103,1385,2017,0.0,1878.0,0.288642,-0.056219000000000005,CRI,IDN,6505
2187071,59,103,1385,2017,0.0,26276.0,1.7715130000000001,0.359668,CZE,IDN,6505
2187072,61,103,1385,2017,29389.0,464416.0,2.1149459999999998,-2.525372,DEU,IDN,6505
2187073,64,103,1385,2017,4736.0,3904.0,1.159753,1.233914,DNK,IDN,6505
2187074,66,103,1385,2017,0.0,6272.0,-0.9905579999999999,-1.1996200000000001,DZA,IDN,6505
2187075,67,103,1385,2017,0.0,24466.0,-0.9995850000000001,-1.086367,ECU,IDN,6505
2187076,68,103,1385,2017,0.0,1581.0,-0.073436,1.829121,EGY,IDN,6505
2187077,71,103,1385,2017,68953.0,72245.0,0.734342,2.8180099999999997,ESP,IDN,6505
2187078,72,103,1385,2017,0.0,3242.0,1.010985,1.289633,EST,IDN,6505
2187079,74,103,1385,2017,0.0,6835.0,1.655957,0.962485,FIN,IDN,6505
2187080,75,103,1385,2017,0.0,1799.0,-0.278276,-0.033997,FJI,IDN,6505
2187081,77,103,1385,2017,3305.0,537635.0,1.398427,0.894732,FRA,IDN,6505
2187082,81,103,1385,2017,8540.0,92060.0,1.6883119999999998,0.8347469999999999,GBR,IDN,6505
2187083,83,103,1385,2017,0.0,3055.0,-0.929143,-0.811439,GHA,IDN,6505
2187084,85,103,1385,2017,0.0,7774.0,-1.7560669999999998,-1.2747680000000001,GIN,IDN,6505
2187085,90,103,1385,2017,0.0,22189.0,0.154098,1.151038,GRC,IDN,6505
2187086,97,103,1385,2017,144254.0,187548.0,0.824982,1.7162220000000001,HKG,IDN,6505
2187087,99,103,1385,2017,0.0,2171.0,-0.6335689999999999,-0.334201,HND,IDN,6505
2187088,100,103,1385,2017,0.0,2666.0,0.860825,1.365445,HRV,IDN,6505
2187089,102,103,1385,2017,0.0,5560.0,1.4886270000000001,0.845986,HUN,IDN,6505
2187090,104,103,1385,2017,9521.0,1887660.0,0.290576,2.726391,IND,IDN,6505
2187091,106,103,1385,2017,0.0,8331.0,1.363544,0.169211,IRL,IDN,6505
2187092,109,103,1385,2017,0.0,708.0,0.386094,-0.277269,ISL,IDN,6505
2187093,110,103,1385,2017,0.0,26466.0,1.436156,0.776574,ISR,IDN,6505
2187094,111,103,1385,2017,4321.0,111235.0,1.34395,0.577693,ITA,IDN,6505
2187095,112,103,1385,2017,0.0,1073.0,-0.497654,-0.76481,JAM,IDN,6505
2187096,113,103,1385,2017,0.0,1024.0,0.020035,0.295415,JOR,IDN,6505
2187097,114,103,1385,2017,7483.0,8094683.0,2.4510419999999997,-0.277357,JPN,IDN,6505
2187098,115,103,1385,2017,0.0,2365.0,-0.394316,-0.5485979999999999,KAZ,IDN,6505
2187099,117,103,1385,2017,0.0,1059.0,-0.11530599999999999,0.264752,KGZ,IDN,6505
2187100,118,103,1385,2017,6310.0,2974.0,-0.656325,-0.622167,KHM,IDN,6505
2187101,121,103,1385,2017,608793.0,747656.0,2.011263,0.783215,KOR,IDN,6505
2187102,122,103,1385,2017,0.0,15256.0,-0.229821,-1.128482,KWT,IDN,6505
2187103,128,103,1385,2017,1310.0,81098.0,-0.46442799999999995,0.472132,LKA,IDN,6505
2187104,130,103,1385,2017,1179.0,0.0,0.855858,1.447717,LTU,IDN,6505
2187105,131,103,1385,2017,0.0,1361.0,1.24064,1.298263,LUX,IDN,6505
2187106,134,103,1385,2017,0.0,17309.0,-0.757236,-0.065347,MAR,IDN,6505
2187107,135,103,1385,2017,0.0,663.0,-0.24909,-0.181213,MDA,IDN,6505
2187108,137,103,1385,2017,0.0,3515.0,-1.100027,-0.9779479999999999,MDV,IDN,6505
2187109,138,103,1385,2017,0.0,88111.0,1.08871,0.5745279999999999,MEX,IDN,6505
2187110,142,103,1385,2017,0.0,21501.0,0.999914,0.12683,MLT,IDN,6505
2187111,143,103,1385,2017,12670.0,0.0,-1.051544,-0.419183,MMR,IDN,6505
2187112,144,103,1385,2017,0.0,1489.0,0.201739,-0.23111399999999999,MNE,IDN,6505
2187113,145,103,1385,2017,0.0,2629.0,-0.933737,-1.1195620000000002,MNG,IDN,6505
2187114,151,103,1385,2017,0.0,4835.0,-0.156616,0.073153,MUS,IDN,6505
2187115,153,103,1385,2017,55015.0,482494.0,1.0110139999999999,0.6840729999999999,MYS,IDN,6505
2187116,156,103,1385,2017,0.0,1602.0,-0.38216100000000003,-0.8662549999999999,NCL,IDN,6505
2187117,159,103,1385,2017,0.0,252450.0,-1.8260919999999998,-1.276591,NGA,IDN,6505
2187118,160,103,1385,2017,0.0,1125.0,-1.0502280000000002,-0.8817719999999999,NIC,IDN,6505
2187119,162,103,1385,2017,199260.0,245726.0,1.146959,1.470869,NLD,IDN,6505
2187120,163,103,1385,2017,0.0,10154.0,0.73658,0.11450199999999999,NOR,IDN,6505
2187121,164,103,1385,2017,0.0,270.0,-0.319681,0.5788220000000001,NPL,IDN,6505
2187122,166,103,1385,2017,0.0,35286.0,0.25651199999999996,0.132996,NZL,IDN,6505
2187123,168,103,1385,2017,6919.0,993415.0,-0.698561,0.43523500000000004,PAK,IDN,6505
2187124,169,103,1385,2017,0.0,92341.0,0.5520109999999999,0.788181,PAN,IDN,6505
2187125,173,103,1385,2017,0.0,43574.0,-0.667658,-0.318344,PER,IDN,6505
2187126,174,103,1385,2017,59041.0,110974.0,0.657759,0.170061,PHL,IDN,6505
2187127,176,103,1385,2017,0.0,12147.0,-1.788834,-1.267126,PNG,IDN,6505
2187128,177,103,1385,2017,1292.0,13499.0,1.197417,1.092716,POL,IDN,6505
2187129,179,103,1385,2017,4341.0,3388.0,0.527046,2.264624,PRT,IDN,6505
2187130,180,103,1385,2017,0.0,2490.0,-0.437741,-0.9248879999999999,PRY,IDN,6505
2187131,182,103,1385,2017,0.0,31907.0,-0.1278,-0.748387,PYF,IDN,6505
2187132,183,103,1385,2017,0.0,28328.0,-0.361327,-1.066869,QAT,IDN,6505
2187133,186,103,1385,2017,0.0,98367.0,0.32885,0.288392,RUS,IDN,6505
2187134,188,103,1385,2017,0.0,799399.0,0.597716,-0.345049,SAU,IDN,6505
2187135,192,103,1385,2017,298711.0,357818.0,1.884166,0.37903600000000004,SGP,IDN,6505
2187136,197,103,1385,2017,0.0,13277.0,0.113639,0.23175199999999999,SLV,IDN,6505
2187137,199,103,1385,2017,0.0,30812.0,-1.2313479999999999,-1.063879,SOM,IDN,6505
2187138,201,103,1385,2017,0.0,916.0,0.541644,1.19872,SRB,IDN,6505
2187139,205,103,1385,2017,0.0,2728.0,-0.596432,-1.0249700000000002,SUR,IDN,6505
2187140,206,103,1385,2017,0.0,4309.0,1.279606,0.85503,SVK,IDN,6505
2187141,207,103,1385,2017,0.0,12046.0,1.600319,0.854305,SVN,IDN,6505
2187142,208,103,1385,2017,2031.0,14010.0,1.764732,0.732646,SWE,IDN,6505
2187143,211,103,1385,2017,0.0,1734.0,0.41946000000000006,-0.523274,SYC,IDN,6505
2187144,215,103,1385,2017,0.0,52453.0,-0.8957450000000001,-0.891191,TGO,IDN,6505
2187145,216,103,1385,2017,4408.0,56578.0,0.983977,1.3926020000000001,THA,IDN,6505
2187146,220,103,1385,2017,0.0,97838.0,-0.45426700000000003,-0.769744,TLS,IDN,6505
2187147,223,103,1385,2017,0.0,6180.0,0.224119,0.961772,TUN,IDN,6505
2187148,224,103,1385,2017,244313.0,41539.0,0.541611,2.405872,TUR,IDN,6505
2187149,226,103,1385,2017,0.0,4316.0,-1.0691709999999999,0.11636800000000001,TZA,IDN,6505
2187150,228,103,1385,2017,0.0,13475.0,0.461109,0.7826569999999999,UKR,IDN,6505
2187151,230,103,1385,2017,0.0,8006.0,0.16963,-0.403006,URY,IDN,6505
2187152,231,103,1385,2017,12392.0,7377090.0,1.601478,0.277271,USA,IDN,6505
2187153,239,103,1385,2017,137179.0,20338.0,-0.009819,0.686429,VNM,IDN,6505
2187154,246,103,1385,2017,0.0,137766.0,0.2066,1.378591,ZAF,IDN,6505
2187155,249,103,1385,2017,3659.0,26993.0,2.0548290000000002,1.2552969999999999,TWN,IDN,6505
2187156,0,104,1385,2017,0.0,2029.0,0.845843,0.165178,ABW,IND,6505
2187157,2,104,1385,2017,0.0,31051.0,-1.408777,-1.215475,AGO,IND,6505
2187158,7,104,1385,2017,17805.0,845148.0,0.210477,0.02557,ARE,IND,6505
2187159,8,104,1385,2017,0.0,7290.0,-0.120753,0.233375,ARG,IND,6505
2187160,9,104,1385,2017,0.0,28430.0,-0.23846799999999999,-0.658774,ARM,IND,6505
2187161,13,104,1385,2017,0.0,1123.0,0.42561099999999996,-0.42671099999999995,ATG,IND,6505
2187162,14,104,1385,2017,3545.0,241936.0,-0.42427200000000004,-0.152921,AUS,IND,6505
2187163,15,104,1385,2017,1778.0,11305.0,1.728623,-0.031045999999999997,AUT,IND,6505
2187164,16,104,1385,2017,0.0,5000.0,-1.022455,-1.199225,AZE,IND,6505
2187165,18,104,1385,2017,8797.0,80794.0,1.292657,1.19571,BEL,IND,6505
2187166,22,104,1385,2017,1310179.0,36698.0,-1.016251,-0.987654,BGD,IND,6505
2187167,24,104,1385,2017,0.0,69138.0,0.485479,-0.5348890000000001,BHR,IND,6505
2187168,25,104,1385,2017,0.0,2987.0,0.81944,-0.30649499999999996,BHS,IND,6505
2187169,28,104,1385,2017,0.0,4592.0,0.8115829999999999,0.8323459999999999,BLR,IND,6505
2187170,29,104,1385,2017,0.0,990.0,-0.284062,-0.711108,BLZ,IND,6505
2187171,32,104,1385,2017,0.0,2087.0,0.145224,0.483461,BRA,IND,6505
2187172,33,104,1385,2017,0.0,901.0,0.589793,-0.004488000000000001,BRB,IND,6505
2187173,35,104,1385,2017,0.0,8899.0,-0.167518,-0.7758520000000001,BTN,IND,6505
2187174,37,104,1385,2017,0.0,11535.0,-0.593754,-1.166742,BWA,IND,6505
2187175,39,104,1385,2017,2180.0,339715.0,0.73897,1.206402,CAN,IND,6505
2187176,41,104,1385,2017,9890.0,97494.0,2.2557810000000003,0.845459,CHE,IND,6505
2187177,42,104,1385,2017,0.0,14238.0,-0.378693,-0.492983,CHL,IND,6505
2187178,43,104,1385,2017,21976390.0,36938.0,1.1127790000000002,1.56869,CHN,IND,6505
2187179,44,104,1385,2017,0.0,3088.0,-0.784119,-0.904135,CIV,IND,6505
2187180,45,104,1385,2017,0.0,30563.0,-1.048569,-1.030799,CMR,IND,6505
2187181,46,104,1385,2017,0.0,6508.0,-1.3960569999999999,-1.126784,COD,IND,6505
2187182,47,104,1385,2017,0.0,2696.0,-1.2289780000000001,-1.169368,COG,IND,6505
2187183,49,104,1385,2017,0.0,969.0,0.208096,-0.17644300000000002,COL,IND,6505
2187184,52,104,1385,2017,0.0,2063.0,0.288642,-0.056219000000000005,CRI,IND,6505
2187185,59,104,1385,2017,2333.0,10623.0,1.7715130000000001,0.359668,CZE,IND,6505
2187186,61,104,1385,2017,113116.0,1136744.0,2.1149459999999998,-2.525372,DEU,IND,6505
2187187,62,104,1385,2017,0.0,1293.0,-0.4897,-0.7249180000000001,DJI,IND,6505
2187188,64,104,1385,2017,0.0,227770.0,1.159753,1.233914,DNK,IND,6505
2187189,65,104,1385,2017,0.0,6136.0,-0.168016,0.30840100000000004,DOM,IND,6505
2187190,66,104,1385,2017,0.0,2938.0,-0.9905579999999999,-1.1996200000000001,DZA,IND,6505
2187191,67,104,1385,2017,0.0,5530.0,-0.9995850000000001,-1.086367,ECU,IND,6505
2187192,68,104,1385,2017,0.0,117064.0,-0.073436,1.829121,EGY,IND,6505
2187193,71,104,1385,2017,51101.0,74522.0,0.734342,2.8180099999999997,ESP,IND,6505
2187194,72,104,1385,2017,0.0,14228.0,1.010985,1.289633,EST,IND,6505
2187195,73,104,1385,2017,0.0,818.0,-1.007413,-0.638231,ETH,IND,6505
2187196,74,104,1385,2017,1138.0,4909.0,1.655957,0.962485,FIN,IND,6505
2187197,75,104,1385,2017,0.0,4675.0,-0.278276,-0.033997,FJI,IND,6505
2187198,77,104,1385,2017,3065.0,629668.0,1.398427,0.894732,FRA,IND,6505
2187199,81,104,1385,2017,36219.0,2255945.0,1.6883119999999998,0.8347469999999999,GBR,IND,6505
2187200,82,104,1385,2017,0.0,1029.0,-0.241749,-0.374727,GEO,IND,6505
2187201,83,104,1385,2017,0.0,16831.0,-0.929143,-0.811439,GHA,IND,6505
2187202,85,104,1385,2017,0.0,10613.0,-1.7560669999999998,-1.2747680000000001,GIN,IND,6505
2187203,89,104,1385,2017,0.0,248096.0,-1.735486,-0.9254180000000001,GNQ,IND,6505
2187204,90,104,1385,2017,0.0,51133.0,0.154098,1.151038,GRC,IND,6505
2187205,93,104,1385,2017,0.0,19383.0,-0.418538,0.557454,GTM,IND,6505
2187206,97,104,1385,2017,153983.0,6651.0,0.824982,1.7162220000000001,HKG,IND,6505
2187207,100,104,1385,2017,0.0,3720.0,0.860825,1.365445,HRV,IND,6505
2187208,101,104,1385,2017,0.0,1124.0,-1.0089219999999999,-0.946722,HTI,IND,6505
2187209,102,104,1385,2017,0.0,1156.0,1.4886270000000001,0.845986,HUN,IND,6505
2187210,103,104,1385,2017,1887660.0,9521.0,-0.23641700000000002,1.188173,IDN,IND,6505
2187211,106,104,1385,2017,0.0,74728.0,1.363544,0.169211,IRL,IND,6505
2187212,109,104,1385,2017,0.0,2831.0,0.386094,-0.277269,ISL,IND,6505
2187213,110,104,1385,2017,1102.0,53209.0,1.436156,0.776574,ISR,IND,6505
2187214,111,104,1385,2017,5653.0,146322.0,1.34395,0.577693,ITA,IND,6505
2187215,113,104,1385,2017,0.0,115718.0,0.020035,0.295415,JOR,IND,6505
2187216,114,104,1385,2017,5980.0,31485.0,2.4510419999999997,-0.277357,JPN,IND,6505
2187217,115,104,1385,2017,0.0,7069.0,-0.394316,-0.5485979999999999,KAZ,IND,6505
2187218,116,104,1385,2017,0.0,372682.0,-0.579541,0.511926,KEN,IND,6505
2187219,117,104,1385,2017,0.0,6885.0,-0.11530599999999999,0.264752,KGZ,IND,6505
2187220,118,104,1385,2017,24716.0,0.0,-0.656325,-0.622167,KHM,IND,6505
2187221,120,104,1385,2017,0.0,2999.0,0.781625,-0.405177,KNA,IND,6505
2187222,121,104,1385,2017,2019.0,4249.0,2.011263,0.783215,KOR,IND,6505
2187223,122,104,1385,2017,0.0,81404.0,-0.229821,-1.128482,KWT,IND,6505
2187224,124,104,1385,2017,0.0,103390.0,0.266847,1.117621,LBN,IND,6505
2187225,126,104,1385,2017,0.0,1224.0,-1.156635,-1.212561,LBY,IND,6505
2187226,128,104,1385,2017,84765.0,177061.0,-0.46442799999999995,0.472132,LKA,IND,6505
2187227,131,104,1385,2017,0.0,1870.0,1.24064,1.298263,LUX,IND,6505
2187228,134,104,1385,2017,0.0,8346.0,-0.757236,-0.065347,MAR,IND,6505
2187229,135,104,1385,2017,0.0,450.0,-0.24909,-0.181213,MDA,IND,6505
2187230,137,104,1385,2017,0.0,10142.0,-1.100027,-0.9779479999999999,MDV,IND,6505
2187231,138,104,1385,2017,0.0,61489.0,1.08871,0.5745279999999999,MEX,IND,6505
2187232,140,104,1385,2017,0.0,833.0,-0.0292,-0.377156,MKD,IND,6505
2187233,143,104,1385,2017,8271.0,2281.0,-1.051544,-0.419183,MMR,IND,6505
2187234,144,104,1385,2017,0.0,4718.0,0.201739,-0.23111399999999999,MNE,IND,6505
2187235,145,104,1385,2017,0.0,908.0,-0.933737,-1.1195620000000002,MNG,IND,6505
2187236,147,104,1385,2017,0.0,25253.0,-1.3882290000000002,-1.114475,MOZ,IND,6505
2187237,151,104,1385,2017,0.0,12625.0,-0.156616,0.073153,MUS,IND,6505
2187238,152,104,1385,2017,0.0,89178.0,-0.761995,-0.8897729999999999,MWI,IND,6505
2187239,153,104,1385,2017,8898.0,159003.0,1.0110139999999999,0.6840729999999999,MYS,IND,6505
2187240,155,104,1385,2017,0.0,4765.0,-0.5221060000000001,-0.7365079999999999,NAM,IND,6505
2187241,159,104,1385,2017,0.0,284324.0,-1.8260919999999998,-1.276591,NGA,IND,6505
2187242,162,104,1385,2017,4005.0,311914.0,1.146959,1.470869,NLD,IND,6505
2187243,163,104,1385,2017,0.0,76006.0,0.73658,0.11450199999999999,NOR,IND,6505
2187244,164,104,1385,2017,3210.0,75434.0,-0.319681,0.5788220000000001,NPL,IND,6505
2187245,166,104,1385,2017,0.0,19910.0,0.25651199999999996,0.132996,NZL,IND,6505
2187246,167,104,1385,2017,0.0,99624.0,-0.347684,-0.884569,OMN,IND,6505
2187247,168,104,1385,2017,0.0,1009.0,-0.698561,0.43523500000000004,PAK,IND,6505
2187248,169,104,1385,2017,0.0,102496.0,0.5520109999999999,0.788181,PAN,IND,6505
2187249,173,104,1385,2017,3552.0,1870.0,-0.667658,-0.318344,PER,IND,6505
2187250,174,104,1385,2017,295034.0,13299.0,0.657759,0.170061,PHL,IND,6505
2187251,176,104,1385,2017,0.0,1879.0,-1.788834,-1.267126,PNG,IND,6505
2187252,177,104,1385,2017,0.0,299083.0,1.197417,1.092716,POL,IND,6505
2187253,179,104,1385,2017,3810.0,41298.0,0.527046,2.264624,PRT,IND,6505
2187254,180,104,1385,2017,0.0,2063.0,-0.437741,-0.9248879999999999,PRY,IND,6505
2187255,183,104,1385,2017,1184.0,72336.0,-0.361327,-1.066869,QAT,IND,6505
2187256,186,104,1385,2017,4114.0,70364.0,0.32885,0.288392,RUS,IND,6505
2187257,188,104,1385,2017,1139.0,281336.0,0.597716,-0.345049,SAU,IND,6505
2187258,190,104,1385,2017,0.0,4294.0,-1.567691,-1.257164,SDN,IND,6505
2187259,192,104,1385,2017,41763.0,51845.0,1.884166,0.37903600000000004,SGP,IND,6505
2187260,196,104,1385,2017,0.0,2299.0,-0.37777,-0.6353270000000001,SLE,IND,6505
2187261,199,104,1385,2017,0.0,1067.0,-1.2313479999999999,-1.063879,SOM,IND,6505
2187262,201,104,1385,2017,0.0,743.0,0.541644,1.19872,SRB,IND,6505
2187263,205,104,1385,2017,0.0,968.0,-0.596432,-1.0249700000000002,SUR,IND,6505
2187264,206,104,1385,2017,0.0,79049.0,1.279606,0.85503,SVK,IND,6505
2187265,207,104,1385,2017,0.0,2798.0,1.600319,0.854305,SVN,IND,6505
2187266,208,104,1385,2017,0.0,373623.0,1.764732,0.732646,SWE,IND,6505
2187267,211,104,1385,2017,0.0,8415.0,0.41946000000000006,-0.523274,SYC,IND,6505
2187268,215,104,1385,2017,0.0,2888.0,-0.8957450000000001,-0.891191,TGO,IND,6505
2187269,216,104,1385,2017,29548.0,123134.0,0.983977,1.3926020000000001,THA,IND,6505
2187270,222,104,1385,2017,0.0,12732.0,-0.183935,-1.012153,TTO,IND,6505
2187271,223,104,1385,2017,0.0,1950.0,0.224119,0.961772,TUN,IND,6505
2187272,224,104,1385,2017,347615.0,11245.0,0.541611,2.405872,TUR,IND,6505
2187273,226,104,1385,2017,0.0,166154.0,-1.0691709999999999,0.11636800000000001,TZA,IND,6505
2187274,227,104,1385,2017,0.0,108256.0,-0.6831020000000001,-0.046838,UGA,IND,6505
2187275,228,104,1385,2017,0.0,27298.0,0.461109,0.7826569999999999,UKR,IND,6505
2187276,230,104,1385,2017,0.0,26714.0,0.16963,-0.403006,URY,IND,6505
2187277,231,104,1385,2017,354630.0,4306678.0,1.601478,0.277271,USA,IND,6505
2187278,239,104,1385,2017,255786.0,1831.0,-0.009819,0.686429,VNM,IND,6505
2187279,243,104,1385,2017,0.0,5412.0,-1.397594,-1.2342110000000002,YEM,IND,6505
2187280,246,104,1385,2017,0.0,49698.0,0.2066,1.378591,ZAF,IND,6505
2187281,247,104,1385,2017,0.0,96654.0,-0.8594290000000001,-1.0574459999999999,ZMB,IND,6505
2187282,248,104,1385,2017,0.0,13802.0,-1.101402,-1.0831680000000001,ZWE,IND,6505
2187283,249,104,1385,2017,89985.0,1614.0,2.0548290000000002,1.2552969999999999,TWN,IND,6505
2187284,250,104,1385,2017,3048.0,0.0,0.72523,-0.205046,ANS,IND,6505
2187285,7,106,1385,2017,1817.0,0.0,0.210477,0.02557,ARE,IRL,6505
2187286,14,106,1385,2017,3991.0,15776.0,-0.42427200000000004,-0.152921,AUS,IRL,6505
2187287,15,106,1385,2017,4226.0,6756.0,1.728623,-0.031045999999999997,AUT,IRL,6505
2187288,18,106,1385,2017,26141.0,11139.0,1.292657,1.19571,BEL,IRL,6505
2187289,22,106,1385,2017,179225.0,0.0,-1.016251,-0.987654,BGD,IRL,6505
2187290,23,106,1385,2017,5196.0,6067.0,0.557843,1.7221119999999999,BGR,IRL,6505
2187291,28,106,1385,2017,0.0,332.0,0.8115829999999999,0.8323459999999999,BLR,IRL,6505
2187292,39,106,1385,2017,1381.0,85099.0,0.73897,1.206402,CAN,IRL,6505
2187293,41,106,1385,2017,1503.0,35472.0,2.2557810000000003,0.845459,CHE,IRL,6505
2187294,43,106,1385,2017,5712010.0,2095.0,1.1127790000000002,1.56869,CHN,IRL,6505
2187295,45,106,1385,2017,0.0,2275.0,-1.048569,-1.030799,CMR,IRL,6505
2187296,49,106,1385,2017,986.0,0.0,0.208096,-0.17644300000000002,COL,IRL,6505
2187297,58,106,1385,2017,0.0,1183.0,0.576982,0.279989,CYP,IRL,6505
2187298,59,106,1385,2017,57167.0,18462.0,1.7715130000000001,0.359668,CZE,IRL,6505
2187299,61,106,1385,2017,924116.0,81793.0,2.1149459999999998,-2.525372,DEU,IRL,6505
2187300,64,106,1385,2017,138740.0,28305.0,1.159753,1.233914,DNK,IRL,6505
2187301,71,106,1385,2017,368563.0,211252.0,0.734342,2.8180099999999997,ESP,IRL,6505
2187302,72,106,1385,2017,0.0,8836.0,1.010985,1.289633,EST,IRL,6505
2187303,74,106,1385,2017,0.0,1749.0,1.655957,0.962485,FIN,IRL,6505
2187304,77,106,1385,2017,383099.0,190314.0,1.398427,0.894732,FRA,IRL,6505
2187305,78,106,1385,2017,1584.0,0.0,-0.956326,-0.951541,FRO,IRL,6505
2187306,81,106,1385,2017,11232852.0,1372838.0,1.6883119999999998,0.8347469999999999,GBR,IRL,6505
2187307,83,106,1385,2017,0.0,1177.0,-0.929143,-0.811439,GHA,IRL,6505
2187308,90,106,1385,2017,8913.0,1800.0,0.154098,1.151038,GRC,IRL,6505
2187309,97,106,1385,2017,19615.0,0.0,0.824982,1.7162220000000001,HKG,IRL,6505
2187310,100,106,1385,2017,5543.0,2627.0,0.860825,1.365445,HRV,IRL,6505
2187311,102,106,1385,2017,5389.0,32252.0,1.4886270000000001,0.845986,HUN,IRL,6505
2187312,103,106,1385,2017,8331.0,0.0,-0.23641700000000002,1.188173,IDN,IRL,6505
2187313,104,106,1385,2017,74728.0,0.0,0.290576,2.726391,IND,IRL,6505
2187314,109,106,1385,2017,0.0,897.0,0.386094,-0.277269,ISL,IRL,6505
2187315,110,106,1385,2017,3265.0,2292.0,1.436156,0.776574,ISR,IRL,6505
2187316,111,106,1385,2017,533274.0,92685.0,1.34395,0.577693,ITA,IRL,6505
2187317,113,106,1385,2017,2685.0,0.0,0.020035,0.295415,JOR,IRL,6505
2187318,114,106,1385,2017,0.0,30782.0,2.4510419999999997,-0.277357,JPN,IRL,6505
2187319,118,106,1385,2017,88113.0,0.0,-0.656325,-0.622167,KHM,IRL,6505
2187320,121,106,1385,2017,1687.0,3478.0,2.011263,0.783215,KOR,IRL,6505
2187321,124,106,1385,2017,630.0,0.0,0.266847,1.117621,LBN,IRL,6505
2187322,128,106,1385,2017,68224.0,0.0,-0.46442799999999995,0.472132,LKA,IRL,6505
2187323,130,106,1385,2017,1499.0,3002.0,0.855858,1.447717,LTU,IRL,6505
2187324,137,106,1385,2017,0.0,96.0,-1.100027,-0.9779479999999999,MDV,IRL,6505
2187325,138,106,1385,2017,1207.0,3313.0,1.08871,0.5745279999999999,MEX,IRL,6505
2187326,143,106,1385,2017,30154.0,0.0,-1.051544,-0.419183,MMR,IRL,6505
2187327,152,106,1385,2017,0.0,1226.0,-0.761995,-0.8897729999999999,MWI,IRL,6505
2187328,153,106,1385,2017,1314.0,6269.0,1.0110139999999999,0.6840729999999999,MYS,IRL,6505
2187329,162,106,1385,2017,1612440.0,63705.0,1.146959,1.470869,NLD,IRL,6505
2187330,163,106,1385,2017,3949.0,1255.0,0.73658,0.11450199999999999,NOR,IRL,6505
2187331,164,106,1385,2017,55292.0,0.0,-0.319681,0.5788220000000001,NPL,IRL,6505
2187332,166,106,1385,2017,3231.0,3828.0,0.25651199999999996,0.132996,NZL,IRL,6505
2187333,168,106,1385,2017,23852.0,0.0,-0.698561,0.43523500000000004,PAK,IRL,6505
2187334,173,106,1385,2017,5596.0,0.0,-0.667658,-0.318344,PER,IRL,6505
2187335,174,106,1385,2017,1198.0,0.0,0.657759,0.170061,PHL,IRL,6505
2187336,177,106,1385,2017,716327.0,71162.0,1.197417,1.092716,POL,IRL,6505
2187337,179,106,1385,2017,44998.0,39854.0,0.527046,2.264624,PRT,IRL,6505
2187338,185,106,1385,2017,2477.0,13502.0,1.05479,0.9842219999999999,ROU,IRL,6505
2187339,186,106,1385,2017,0.0,943.0,0.32885,0.288392,RUS,IRL,6505
2187340,192,106,1385,2017,0.0,1998.0,1.884166,0.37903600000000004,SGP,IRL,6505
2187341,206,106,1385,2017,130769.0,0.0,1.279606,0.85503,SVK,IRL,6505
2187342,207,106,1385,2017,0.0,1887.0,1.600319,0.854305,SVN,IRL,6505
2187343,208,106,1385,2017,52982.0,16824.0,1.764732,0.732646,SWE,IRL,6505
2187344,216,106,1385,2017,4590.0,0.0,0.983977,1.3926020000000001,THA,IRL,6505
2187345,224,106,1385,2017,125382.0,0.0,0.541611,2.405872,TUR,IRL,6505
2187346,231,106,1385,2017,136562.0,645828.0,1.601478,0.277271,USA,IRL,6505
2187347,239,106,1385,2017,49238.0,0.0,-0.009819,0.686429,VNM,IRL,6505
2187348,246,106,1385,2017,8823.0,0.0,0.2066,1.378591,ZAF,IRL,6505
2187349,249,106,1385,2017,45746.0,0.0,2.0548290000000002,1.2552969999999999,TWN,IRL,6505
2187350,250,106,1385,2017,56310.0,188718.0,0.72523,-0.205046,ANS,IRL,6505
2187351,2,110,1385,2017,0.0,5194.0,-1.408777,-1.215475,AGO,ISR,6505
2187352,8,110,1385,2017,0.0,839.0,-0.120753,0.233375,ARG,ISR,6505
2187353,14,110,1385,2017,38954.0,40359.0,-0.42427200000000004,-0.152921,AUS,ISR,6505
2187354,15,110,1385,2017,12993.0,5405.0,1.728623,-0.031045999999999997,AUT,ISR,6505
2187355,18,110,1385,2017,9217.0,8630.0,1.292657,1.19571,BEL,ISR,6505
2187356,22,110,1385,2017,52161.0,0.0,-1.016251,-0.987654,BGD,ISR,6505
2187357,23,110,1385,2017,69747.0,0.0,0.557843,1.7221119999999999,BGR,ISR,6505
2187358,32,110,1385,2017,0.0,1717.0,0.145224,0.483461,BRA,ISR,6505
2187359,39,110,1385,2017,53388.0,6301.0,0.73897,1.206402,CAN,ISR,6505
2187360,41,110,1385,2017,13867.0,3067.0,2.2557810000000003,0.845459,CHE,ISR,6505
2187361,43,110,1385,2017,13443869.0,0.0,1.1127790000000002,1.56869,CHN,ISR,6505
2187362,45,110,1385,2017,0.0,682.0,-1.048569,-1.030799,CMR,ISR,6505
2187363,49,110,1385,2017,706.0,0.0,0.208096,-0.17644300000000002,COL,ISR,6505
2187364,52,110,1385,2017,0.0,1494.0,0.288642,-0.056219000000000005,CRI,ISR,6505
2187365,54,110,1385,2017,0.0,1000.0,-0.77404,-1.121084,CUB,ISR,6505
2187366,58,110,1385,2017,1415.0,2440.0,0.576982,0.279989,CYP,ISR,6505
2187367,59,110,1385,2017,124597.0,19753.0,1.7715130000000001,0.359668,CZE,ISR,6505
2187368,61,110,1385,2017,240046.0,172533.0,2.1149459999999998,-2.525372,DEU,ISR,6505
2187369,64,110,1385,2017,1098.0,0.0,1.159753,1.233914,DNK,ISR,6505
2187370,67,110,1385,2017,4452.0,0.0,-0.9995850000000001,-1.086367,ECU,ISR,6505
2187371,68,110,1385,2017,687.0,0.0,-0.073436,1.829121,EGY,ISR,6505
2187372,71,110,1385,2017,771648.0,943.0,0.734342,2.8180099999999997,ESP,ISR,6505
2187373,77,110,1385,2017,96226.0,168324.0,1.398427,0.894732,FRA,ISR,6505
2187374,81,110,1385,2017,69836.0,11778.0,1.6883119999999998,0.8347469999999999,GBR,ISR,6505
2187375,83,110,1385,2017,0.0,3848.0,-0.929143,-0.811439,GHA,ISR,6505
2187376,90,110,1385,2017,1831.0,0.0,0.154098,1.151038,GRC,ISR,6505
2187377,97,110,1385,2017,1358400.0,0.0,0.824982,1.7162220000000001,HKG,ISR,6505
2187378,101,110,1385,2017,0.0,3000.0,-1.0089219999999999,-0.946722,HTI,ISR,6505
2187379,102,110,1385,2017,779350.0,1680.0,1.4886270000000001,0.845986,HUN,ISR,6505
2187380,103,110,1385,2017,26466.0,0.0,-0.23641700000000002,1.188173,IDN,ISR,6505
2187381,104,110,1385,2017,53209.0,1102.0,0.290576,2.726391,IND,ISR,6505
2187382,106,110,1385,2017,2292.0,3265.0,1.363544,0.169211,IRL,ISR,6505
2187383,111,110,1385,2017,2170412.0,20322.0,1.34395,0.577693,ITA,ISR,6505
2187384,114,110,1385,2017,3123.0,0.0,2.4510419999999997,-0.277357,JPN,ISR,6505
2187385,118,110,1385,2017,5695.0,0.0,-0.656325,-0.622167,KHM,ISR,6505
2187386,121,110,1385,2017,5834.0,0.0,2.011263,0.783215,KOR,ISR,6505
2187387,128,110,1385,2017,21155.0,0.0,-0.46442799999999995,0.472132,LKA,ISR,6505
2187388,132,110,1385,2017,3621.0,0.0,0.684555,1.3208030000000002,LVA,ISR,6505
2187389,138,110,1385,2017,814.0,1490.0,1.08871,0.5745279999999999,MEX,ISR,6505
2187390,143,110,1385,2017,6370.0,0.0,-1.051544,-0.419183,MMR,ISR,6505
2187391,153,110,1385,2017,7210.0,0.0,1.0110139999999999,0.6840729999999999,MYS,ISR,6505
2187392,162,110,1385,2017,259502.0,3696.0,1.146959,1.470869,NLD,ISR,6505
2187393,163,110,1385,2017,0.0,745.0,0.73658,0.11450199999999999,NOR,ISR,6505
2187394,169,110,1385,2017,0.0,750.0,0.5520109999999999,0.788181,PAN,ISR,6505
2187395,173,110,1385,2017,902.0,0.0,-0.667658,-0.318344,PER,ISR,6505
2187396,174,110,1385,2017,27672.0,0.0,0.657759,0.170061,PHL,ISR,6505
2187397,177,110,1385,2017,419161.0,0.0,1.197417,1.092716,POL,ISR,6505
2187398,179,110,1385,2017,4837.0,0.0,0.527046,2.264624,PRT,ISR,6505
2187399,181,110,1385,2017,374060.0,34576.0,0.11852,0.609241,PSE,ISR,6505
2187400,185,110,1385,2017,397695.0,2337.0,1.05479,0.9842219999999999,ROU,ISR,6505
2187401,186,110,1385,2017,1279.0,2010.0,0.32885,0.288392,RUS,ISR,6505
2187402,192,110,1385,2017,28489.0,3266.0,1.884166,0.37903600000000004,SGP,ISR,6505
2187403,207,110,1385,2017,482.0,3070.0,1.600319,0.854305,SVN,ISR,6505
2187404,208,110,1385,2017,21704.0,0.0,1.764732,0.732646,SWE,ISR,6505
2187405,216,110,1385,2017,11166.0,0.0,0.983977,1.3926020000000001,THA,ISR,6505
2187406,224,110,1385,2017,300022.0,21774.0,0.541611,2.405872,TUR,ISR,6505
2187407,228,110,1385,2017,7788.0,2584.0,0.461109,0.7826569999999999,UKR,ISR,6505
2187408,231,110,1385,2017,294592.0,115194.0,1.601478,0.277271,USA,ISR,6505
2187409,239,110,1385,2017,98082.0,0.0,-0.009819,0.686429,VNM,ISR,6505
2187410,246,110,1385,2017,910.0,1770.0,0.2066,1.378591,ZAF,ISR,6505
2187411,249,110,1385,2017,100647.0,0.0,2.0548290000000002,1.2552969999999999,TWN,ISR,6505
2187412,250,110,1385,2017,0.0,3000.0,0.72523,-0.205046,ANS,ISR,6505
2187413,2,111,1385,2017,0.0,9018.0,-1.408777,-1.215475,AGO,ITA,6505
2187414,4,111,1385,2017,999481.0,128542.0,-0.44769899999999996,-0.17193,ALB,ITA,6505
2187415,5,111,1385,2017,0.0,33096.0,1.097505,0.480863,AND,ITA,6505
2187416,7,111,1385,2017,7734.0,1264642.0,0.210477,0.02557,ARE,ITA,6505
2187417,8,111,1385,2017,1879.0,11227.0,-0.120753,0.233375,ARG,ITA,6505
2187418,9,111,1385,2017,0.0,34807.0,-0.23846799999999999,-0.658774,ARM,ITA,6505
2187419,14,111,1385,2017,6389.0,280628.0,-0.42427200000000004,-0.152921,AUS,ITA,6505
2187420,15,111,1385,2017,880377.0,6110344.0,1.728623,-0.031045999999999997,AUT,ITA,6505
2187421,16,111,1385,2017,0.0,132469.0,-1.022455,-1.199225,AZE,ITA,6505
2187422,17,111,1385,2017,0.0,1011.0,-0.637985,-1.051277,BDI,ITA,6505
2187423,18,111,1385,2017,5212508.0,2986014.0,1.292657,1.19571,BEL,ITA,6505
2187424,22,111,1385,2017,363616.0,0.0,-1.016251,-0.987654,BGD,ITA,6505
2187425,23,111,1385,2017,77500.0,631698.0,0.557843,1.7221119999999999,BGR,ITA,6505
2187426,24,111,1385,2017,0.0,14069.0,0.485479,-0.5348890000000001,BHR,ITA,6505
2187427,25,111,1385,2017,0.0,2162.0,0.81944,-0.30649499999999996,BHS,ITA,6505
2187428,26,111,1385,2017,69920.0,61888.0,0.43245,0.726721,BIH,ITA,6505
2187429,27,111,1385,2017,0.0,4874.0,0.49959799999999993,-0.392529,BLM,ITA,6505
2187430,28,111,1385,2017,0.0,77990.0,0.8115829999999999,0.8323459999999999,BLR,ITA,6505
2187431,29,111,1385,2017,0.0,6664.0,-0.284062,-0.711108,BLZ,ITA,6505
2187432,30,111,1385,2017,0.0,5119.0,1.06318,-0.48345,BMU,ITA,6505
2187433,31,111,1385,2017,2596.0,1215.0,-1.158425,-1.076242,BOL,ITA,6505
2187434,32,111,1385,2017,4338.0,25923.0,0.145224,0.483461,BRA,ITA,6505
2187435,33,111,1385,2017,0.0,1799.0,0.589793,-0.004488000000000001,BRB,ITA,6505
2187436,34,111,1385,2017,0.0,927.0,0.270525,-0.747949,BRN,ITA,6505
2187437,39,111,1385,2017,100653.0,1496118.0,0.73897,1.206402,CAN,ITA,6505
2187438,41,111,1385,2017,3158951.0,14426222.0,2.2557810000000003,0.845459,CHE,ITA,6505
2187439,42,111,1385,2017,0.0,78476.0,-0.378693,-0.492983,CHL,ITA,6505
2187440,43,111,1385,2017,47167212.0,1682138.0,1.1127790000000002,1.56869,CHN,ITA,6505
2187441,44,111,1385,2017,0.0,13837.0,-0.784119,-0.904135,CIV,ITA,6505
2187442,45,111,1385,2017,0.0,1026.0,-1.048569,-1.030799,CMR,ITA,6505
2187443,49,111,1385,2017,0.0,37787.0,0.208096,-0.17644300000000002,COL,ITA,6505
2187444,51,111,1385,2017,0.0,4136.0,-0.11722300000000001,-0.677707,CPV,ITA,6505
2187445,52,111,1385,2017,0.0,5293.0,0.288642,-0.056219000000000005,CRI,ITA,6505
2187446,54,111,1385,2017,0.0,7037.0,-0.77404,-1.121084,CUB,ITA,6505
2187447,58,111,1385,2017,54734.0,471185.0,0.576982,0.279989,CYP,ITA,6505
2187448,59,111,1385,2017,1411036.0,3000918.0,1.7715130000000001,0.359668,CZE,ITA,6505
2187449,61,111,1385,2017,14186751.0,23701268.0,2.1149459999999998,-2.525372,DEU,ITA,6505
2187450,62,111,1385,2017,0.0,5267.0,-0.4897,-0.7249180000000001,DJI,ITA,6505
2187451,64,111,1385,2017,733574.0,1348115.0,1.159753,1.233914,DNK,ITA,6505
2187452,65,111,1385,2017,0.0,3808.0,-0.168016,0.30840100000000004,DOM,ITA,6505
2187453,66,111,1385,2017,0.0,34245.0,-0.9905579999999999,-1.1996200000000001,DZA,ITA,6505
2187454,67,111,1385,2017,32358.0,1361.0,-0.9995850000000001,-1.086367,ECU,ITA,6505
2187455,68,111,1385,2017,168989.0,26099.0,-0.073436,1.829121,EGY,ITA,6505
2187456,71,111,1385,2017,11073047.0,8636761.0,0.734342,2.8180099999999997,ESP,ITA,6505
2187457,72,111,1385,2017,0.0,297242.0,1.010985,1.289633,EST,ITA,6505
2187458,73,111,1385,2017,0.0,1052.0,-1.007413,-0.638231,ETH,ITA,6505
2187459,74,111,1385,2017,54576.0,1058684.0,1.655957,0.962485,FIN,ITA,6505
2187460,77,111,1385,2017,15039015.0,21410834.0,1.398427,0.894732,FRA,ITA,6505
2187461,81,111,1385,2017,4626854.0,15205717.0,1.6883119999999998,0.8347469999999999,GBR,ITA,6505
2187462,82,111,1385,2017,0.0,132253.0,-0.241749,-0.374727,GEO,ITA,6505
2187463,83,111,1385,2017,0.0,2507.0,-0.929143,-0.811439,GHA,ITA,6505
2187464,85,111,1385,2017,0.0,4643.0,-1.7560669999999998,-1.2747680000000001,GIN,ITA,6505
2187465,90,111,1385,2017,209421.0,1763976.0,0.154098,1.151038,GRC,ITA,6505
2187466,93,111,1385,2017,0.0,2870.0,-0.418538,0.557454,GTM,ITA,6505
2187467,97,111,1385,2017,36556.0,2500356.0,0.824982,1.7162220000000001,HKG,ITA,6505
2187468,99,111,1385,2017,0.0,1116.0,-0.6335689999999999,-0.334201,HND,ITA,6505
2187469,100,111,1385,2017,2102589.0,1316634.0,0.860825,1.365445,HRV,ITA,6505
2187470,102,111,1385,2017,134981.0,673390.0,1.4886270000000001,0.845986,HUN,ITA,6505
2187471,103,111,1385,2017,111235.0,4321.0,-0.23641700000000002,1.188173,IDN,ITA,6505
2187472,104,111,1385,2017,146322.0,5653.0,0.290576,2.726391,IND,ITA,6505
2187473,106,111,1385,2017,92685.0,533274.0,1.363544,0.169211,IRL,ITA,6505
2187474,107,111,1385,2017,0.0,27222.0,-0.361292,-0.361813,IRN,ITA,6505
2187475,108,111,1385,2017,0.0,18879.0,-1.515339,-0.9462950000000001,IRQ,ITA,6505
2187476,109,111,1385,2017,0.0,19177.0,0.386094,-0.277269,ISL,ITA,6505
2187477,110,111,1385,2017,20322.0,2170412.0,1.436156,0.776574,ISR,ITA,6505
2187478,113,111,1385,2017,0.0,13694.0,0.020035,0.295415,JOR,ITA,6505
2187479,114,111,1385,2017,206839.0,4807666.0,2.4510419999999997,-0.277357,JPN,ITA,6505
2187480,115,111,1385,2017,0.0,250219.0,-0.394316,-0.5485979999999999,KAZ,ITA,6505
2187481,116,111,1385,2017,0.0,4886.0,-0.579541,0.511926,KEN,ITA,6505
2187482,117,111,1385,2017,0.0,14110.0,-0.11530599999999999,0.264752,KGZ,ITA,6505
2187483,118,111,1385,2017,1594489.0,0.0,-0.656325,-0.622167,KHM,ITA,6505
2187484,121,111,1385,2017,31130.0,1511028.0,2.011263,0.783215,KOR,ITA,6505
2187485,122,111,1385,2017,0.0,80682.0,-0.229821,-1.128482,KWT,ITA,6505
2187486,124,111,1385,2017,3025.0,169066.0,0.266847,1.117621,LBN,ITA,6505
2187487,128,111,1385,2017,0.0,1313.0,-0.46442799999999995,0.472132,LKA,ITA,6505
2187488,130,111,1385,2017,223668.0,294897.0,0.855858,1.447717,LTU,ITA,6505
2187489,131,111,1385,2017,28787.0,218405.0,1.24064,1.298263,LUX,ITA,6505
2187490,132,111,1385,2017,1801.0,357222.0,0.684555,1.3208030000000002,LVA,ITA,6505
2187491,133,111,1385,2017,27636.0,115123.0,0.264006,-0.11028099999999999,MAC,ITA,6505
2187492,134,111,1385,2017,1675.0,43345.0,-0.757236,-0.065347,MAR,ITA,6505
2187493,135,111,1385,2017,270122.0,101093.0,-0.24909,-0.181213,MDA,ITA,6505
2187494,136,111,1385,2017,35219.0,1970.0,-1.277182,-0.6503399999999999,MDG,ITA,6505
2187495,137,111,1385,2017,0.0,2580.0,-1.100027,-0.9779479999999999,MDV,ITA,6505
2187496,138,111,1385,2017,10037.0,214788.0,1.08871,0.5745279999999999,MEX,ITA,6505
2187497,140,111,1385,2017,83309.0,27692.0,-0.0292,-0.377156,MKD,ITA,6505
2187498,141,111,1385,2017,0.0,30169.0,-0.5927899999999999,-0.707245,MLI,ITA,6505
2187499,142,111,1385,2017,52644.0,362029.0,0.999914,0.12683,MLT,ITA,6505
2187500,143,111,1385,2017,59425.0,22436.0,-1.051544,-0.419183,MMR,ITA,6505
2187501,144,111,1385,2017,0.0,43520.0,0.201739,-0.23111399999999999,MNE,ITA,6505
2187502,145,111,1385,2017,20378.0,47110.0,-0.933737,-1.1195620000000002,MNG,ITA,6505
2187503,151,111,1385,2017,0.0,2090.0,-0.156616,0.073153,MUS,ITA,6505
2187504,153,111,1385,2017,233942.0,219136.0,1.0110139999999999,0.6840729999999999,MYS,ITA,6505
2187505,156,111,1385,2017,0.0,2882.0,-0.38216100000000003,-0.8662549999999999,NCL,ITA,6505
2187506,159,111,1385,2017,0.0,9709.0,-1.8260919999999998,-1.276591,NGA,ITA,6505
2187507,162,111,1385,2017,13148601.0,5665556.0,1.146959,1.470869,NLD,ITA,6505
2187508,163,111,1385,2017,2666.0,237790.0,0.73658,0.11450199999999999,NOR,ITA,6505
2187509,164,111,1385,2017,18042.0,0.0,-0.319681,0.5788220000000001,NPL,ITA,6505
2187510,166,111,1385,2017,0.0,16105.0,0.25651199999999996,0.132996,NZL,ITA,6505
2187511,167,111,1385,2017,0.0,26785.0,-0.347684,-0.884569,OMN,ITA,6505
2187512,168,111,1385,2017,377405.0,3262.0,-0.698561,0.43523500000000004,PAK,ITA,6505
2187513,169,111,1385,2017,0.0,11414.0,0.5520109999999999,0.788181,PAN,ITA,6505
2187514,173,111,1385,2017,13504.0,2682.0,-0.667658,-0.318344,PER,ITA,6505
2187515,174,111,1385,2017,85998.0,2794.0,0.657759,0.170061,PHL,ITA,6505
2187516,177,111,1385,2017,644307.0,3929332.0,1.197417,1.092716,POL,ITA,6505
2187517,179,111,1385,2017,204718.0,920895.0,0.527046,2.264624,PRT,ITA,6505
2187518,180,111,1385,2017,0.0,8753.0,-0.437741,-0.9248879999999999,PRY,ITA,6505
2187519,183,111,1385,2017,0.0,64042.0,-0.361327,-1.066869,QAT,ITA,6505
2187520,185,111,1385,2017,707540.0,1499185.0,1.05479,0.9842219999999999,ROU,ITA,6505
2187521,186,111,1385,2017,2993.0,7222523.0,0.32885,0.288392,RUS,ITA,6505
2187522,188,111,1385,2017,0.0,547319.0,0.597716,-0.345049,SAU,ITA,6505
2187523,191,111,1385,2017,0.0,1377.0,-0.6722899999999999,-0.26522199999999996,SEN,ITA,6505
2187524,192,111,1385,2017,0.0,128905.0,1.884166,0.37903600000000004,SGP,ITA,6505
2187525,201,111,1385,2017,241937.0,133164.0,0.541644,1.19872,SRB,ITA,6505
2187526,206,111,1385,2017,98664.0,694875.0,1.279606,0.85503,SVK,ITA,6505
2187527,207,111,1385,2017,16357.0,869265.0,1.600319,0.854305,SVN,ITA,6505
2187528,208,111,1385,2017,230953.0,2068685.0,1.764732,0.732646,SWE,ITA,6505
2187529,211,111,1385,2017,0.0,2419.0,0.41946000000000006,-0.523274,SYC,ITA,6505
2187530,216,111,1385,2017,39218.0,56461.0,0.983977,1.3926020000000001,THA,ITA,6505
2187531,219,111,1385,2017,0.0,32823.0,-1.564885,-1.274637,TKM,ITA,6505
2187532,223,111,1385,2017,532436.0,39490.0,0.224119,0.961772,TUN,ITA,6505
2187533,224,111,1385,2017,527031.0,731367.0,0.541611,2.405872,TUR,ITA,6505
2187534,226,111,1385,2017,0.0,939.0,-1.0691709999999999,0.11636800000000001,TZA,ITA,6505
2187535,227,111,1385,2017,0.0,6118.0,-0.6831020000000001,-0.046838,UGA,ITA,6505
2187536,228,111,1385,2017,25842.0,639172.0,0.461109,0.7826569999999999,UKR,ITA,6505
2187537,230,111,1385,2017,0.0,5585.0,0.16963,-0.403006,URY,ITA,6505
2187538,231,111,1385,2017,475145.0,12033003.0,1.601478,0.277271,USA,ITA,6505
2187539,232,111,1385,2017,3640.0,106311.0,-0.407169,-0.264942,UZB,ITA,6505
2187540,236,111,1385,2017,0.0,5757.0,-0.8874559999999999,-1.178752,VEN,ITA,6505
2187541,239,111,1385,2017,1773948.0,20565.0,-0.009819,0.686429,VNM,ITA,6505
2187542,246,111,1385,2017,2407.0,80316.0,0.2066,1.378591,ZAF,ITA,6505
2187543,249,111,1385,2017,123848.0,205541.0,2.0548290000000002,1.2552969999999999,TWN,ITA,6505
2187544,250,111,1385,2017,8140.0,77983.0,0.72523,-0.205046,ANS,ITA,6505
2187545,13,112,1385,2017,0.0,885.0,0.42561099999999996,-0.42671099999999995,ATG,JAM,6505
2187546,15,112,1385,2017,0.0,939.0,1.728623,-0.031045999999999997,AUT,JAM,6505
2187547,33,112,1385,2017,0.0,1604.0,0.589793,-0.004488000000000001,BRB,JAM,6505
2187548,39,112,1385,2017,1442.0,0.0,0.73897,1.206402,CAN,JAM,6505
2187549,41,112,1385,2017,960.0,0.0,2.2557810000000003,0.845459,CHE,JAM,6505
2187550,43,112,1385,2017,1089950.0,0.0,1.1127790000000002,1.56869,CHN,JAM,6505
2187551,61,112,1385,2017,18837.0,0.0,2.1149459999999998,-2.525372,DEU,JAM,6505
2187552,65,112,1385,2017,1280.0,0.0,-0.168016,0.30840100000000004,DOM,JAM,6505
2187553,71,112,1385,2017,3335.0,0.0,0.734342,2.8180099999999997,ESP,JAM,6505
2187554,81,112,1385,2017,35157.0,0.0,1.6883119999999998,0.8347469999999999,GBR,JAM,6505
2187555,93,112,1385,2017,873.0,0.0,-0.418538,0.557454,GTM,JAM,6505
2187556,97,112,1385,2017,9864.0,0.0,0.824982,1.7162220000000001,HKG,JAM,6505
2187557,103,112,1385,2017,1073.0,0.0,-0.23641700000000002,1.188173,IDN,JAM,6505
2187558,120,112,1385,2017,0.0,2385.0,0.781625,-0.405177,KNA,JAM,6505
2187559,127,112,1385,2017,0.0,1008.0,0.458896,-0.149195,LCA,JAM,6505
2187560,138,112,1385,2017,11031.0,0.0,1.08871,0.5745279999999999,MEX,JAM,6505
2187561,162,112,1385,2017,2433.0,7646.0,1.146959,1.470869,NLD,JAM,6505
2187562,169,112,1385,2017,3572.0,0.0,0.5520109999999999,0.788181,PAN,JAM,6505
2187563,173,112,1385,2017,2505.0,0.0,-0.667658,-0.318344,PER,JAM,6505
2187564,231,112,1385,2017,39838.0,2484.0,1.601478,0.277271,USA,JAM,6505
2187565,7,113,1385,2017,142636.0,0.0,0.210477,0.02557,ARE,JOR,6505
2187566,15,113,1385,2017,0.0,2039.0,1.728623,-0.031045999999999997,AUT,JOR,6505
2187567,18,113,1385,2017,1547.0,0.0,1.292657,1.19571,BEL,JOR,6505
2187568,22,113,1385,2017,9002.0,0.0,-1.016251,-0.987654,BGD,JOR,6505
2187569,41,113,1385,2017,3846.0,1001.0,2.2557810000000003,0.845459,CHE,JOR,6505
2187570,43,113,1385,2017,2410721.0,0.0,1.1127790000000002,1.56869,CHN,JOR,6505
2187571,58,113,1385,2017,4892.0,0.0,0.576982,0.279989,CYP,JOR,6505
2187572,59,113,1385,2017,0.0,557.0,1.7715130000000001,0.359668,CZE,JOR,6505
2187573,61,113,1385,2017,19945.0,4089.0,2.1149459999999998,-2.525372,DEU,JOR,6505
2187574,71,113,1385,2017,8033.0,0.0,0.734342,2.8180099999999997,ESP,JOR,6505
2187575,77,113,1385,2017,4688.0,911.0,1.398427,0.894732,FRA,JOR,6505
2187576,81,113,1385,2017,40634.0,0.0,1.6883119999999998,0.8347469999999999,GBR,JOR,6505
2187577,97,113,1385,2017,8172.0,0.0,0.824982,1.7162220000000001,HKG,JOR,6505
2187578,103,113,1385,2017,1024.0,0.0,-0.23641700000000002,1.188173,IDN,JOR,6505
2187579,104,113,1385,2017,115718.0,0.0,0.290576,2.726391,IND,JOR,6505
2187580,106,113,1385,2017,0.0,2685.0,1.363544,0.169211,IRL,JOR,6505
2187581,111,113,1385,2017,13694.0,0.0,1.34395,0.577693,ITA,JOR,6505
2187582,122,113,1385,2017,10319.0,0.0,-0.229821,-1.128482,KWT,JOR,6505
2187583,124,113,1385,2017,2325.0,0.0,0.266847,1.117621,LBN,JOR,6505
2187584,128,113,1385,2017,4079.0,0.0,-0.46442799999999995,0.472132,LKA,JOR,6505
2187585,162,113,1385,2017,11581.0,0.0,1.146959,1.470869,NLD,JOR,6505
2187586,163,113,1385,2017,0.0,1196.0,0.73658,0.11450199999999999,NOR,JOR,6505
2187587,177,113,1385,2017,990.0,653.0,1.197417,1.092716,POL,JOR,6505
2187588,179,113,1385,2017,2518.0,0.0,0.527046,2.264624,PRT,JOR,6505
2187589,181,113,1385,2017,0.0,6861.0,0.11852,0.609241,PSE,JOR,6505
2187590,183,113,1385,2017,0.0,4448.0,-0.361327,-1.066869,QAT,JOR,6505
2187591,188,113,1385,2017,0.0,25732.0,0.597716,-0.345049,SAU,JOR,6505
2187592,208,113,1385,2017,15032.0,0.0,1.764732,0.732646,SWE,JOR,6505
2187593,216,113,1385,2017,1601.0,0.0,0.983977,1.3926020000000001,THA,JOR,6505
2187594,224,113,1385,2017,142288.0,0.0,0.541611,2.405872,TUR,JOR,6505
2187595,231,113,1385,2017,35141.0,43345.0,1.601478,0.277271,USA,JOR,6505
2187596,239,113,1385,2017,2332.0,0.0,-0.009819,0.686429,VNM,JOR,6505
2187597,250,113,1385,2017,0.0,25143.0,0.72523,-0.205046,ANS,JOR,6505
2187598,7,114,1385,2017,129611.0,9136.0,0.210477,0.02557,ARE,JPN,6505
2187599,8,114,1385,2017,2655.0,0.0,-0.120753,0.233375,ARG,JPN,6505
2187600,14,114,1385,2017,27062.0,42947.0,-0.42427200000000004,-0.152921,AUS,JPN,6505
2187601,15,114,1385,2017,363857.0,6515.0,1.728623,-0.031045999999999997,AUT,JPN,6505
2187602,18,114,1385,2017,42328.0,8760.0,1.292657,1.19571,BEL,JPN,6505
2187603,22,114,1385,2017,2504322.0,0.0,-1.016251,-0.987654,BGD,JPN,6505
2187604,23,114,1385,2017,117071.0,0.0,0.557843,1.7221119999999999,BGR,JPN,6505
2187605,24,114,1385,2017,0.0,10158.0,0.485479,-0.5348890000000001,BHR,JPN,6505
2187606,26,114,1385,2017,22261.0,0.0,0.43245,0.726721,BIH,JPN,6505
2187607,31,114,1385,2017,6633.0,0.0,-1.158425,-1.076242,BOL,JPN,6505
2187608,32,114,1385,2017,3226.0,2546.0,0.145224,0.483461,BRA,JPN,6505
2187609,34,114,1385,2017,0.0,1191.0,0.270525,-0.747949,BRN,JPN,6505
2187610,39,114,1385,2017,390172.0,76285.0,0.73897,1.206402,CAN,JPN,6505
2187611,41,114,1385,2017,89869.0,32411.0,2.2557810000000003,0.845459,CHE,JPN,6505
2187612,42,114,1385,2017,0.0,1059.0,-0.378693,-0.492983,CHL,JPN,6505
2187613,43,114,1385,2017,179448208.0,630301.0,1.1127790000000002,1.56869,CHN,JPN,6505
2187614,44,114,1385,2017,0.0,810.0,-0.784119,-0.904135,CIV,JPN,6505
2187615,49,114,1385,2017,6317.0,0.0,0.208096,-0.17644300000000002,COL,JPN,6505
2187616,59,114,1385,2017,111386.0,9290.0,1.7715130000000001,0.359668,CZE,JPN,6505
2187617,61,114,1385,2017,1292302.0,75039.0,2.1149459999999998,-2.525372,DEU,JPN,6505
2187618,64,114,1385,2017,44589.0,5055.0,1.159753,1.233914,DNK,JPN,6505
2187619,65,114,1385,2017,161142.0,962.0,-0.168016,0.30840100000000004,DOM,JPN,6505
2187620,66,114,1385,2017,0.0,1114.0,-0.9905579999999999,-1.1996200000000001,DZA,JPN,6505
2187621,67,114,1385,2017,50478.0,0.0,-0.9995850000000001,-1.086367,ECU,JPN,6505
2187622,71,114,1385,2017,314788.0,10241.0,0.734342,2.8180099999999997,ESP,JPN,6505
2187623,72,114,1385,2017,52232.0,1014.0,1.010985,1.289633,EST,JPN,6505
2187624,74,114,1385,2017,18801.0,6024.0,1.655957,0.962485,FIN,JPN,6505
2187625,77,114,1385,2017,1786704.0,93097.0,1.398427,0.894732,FRA,JPN,6505
2187626,81,114,1385,2017,1334998.0,183160.0,1.6883119999999998,0.8347469999999999,GBR,JPN,6505
2187627,83,114,1385,2017,0.0,1506.0,-0.929143,-0.811439,GHA,JPN,6505
2187628,90,114,1385,2017,8681.0,2125.0,0.154098,1.151038,GRC,JPN,6505
2187629,93,114,1385,2017,9270.0,1837.0,-0.418538,0.557454,GTM,JPN,6505
2187630,97,114,1385,2017,526529.0,666661.0,0.824982,1.7162220000000001,HKG,JPN,6505
2187631,99,114,1385,2017,27290.0,0.0,-0.6335689999999999,-0.334201,HND,JPN,6505
2187632,102,114,1385,2017,6024.0,1354.0,1.4886270000000001,0.845986,HUN,JPN,6505
2187633,103,114,1385,2017,8094683.0,7483.0,-0.23641700000000002,1.188173,IDN,JPN,6505
2187634,104,114,1385,2017,31485.0,5980.0,0.290576,2.726391,IND,JPN,6505
2187635,106,114,1385,2017,30782.0,0.0,1.363544,0.169211,IRL,JPN,6505
2187636,107,114,1385,2017,0.0,1240.0,-0.361292,-0.361813,IRN,JPN,6505
2187637,110,114,1385,2017,0.0,3123.0,1.436156,0.776574,ISR,JPN,6505
2187638,111,114,1385,2017,4807666.0,206839.0,1.34395,0.577693,ITA,JPN,6505
2187639,115,114,1385,2017,0.0,3625.0,-0.394316,-0.5485979999999999,KAZ,JPN,6505
2187640,116,114,1385,2017,0.0,4626.0,-0.579541,0.511926,KEN,JPN,6505
2187641,118,114,1385,2017,2076428.0,5366.0,-0.656325,-0.622167,KHM,JPN,6505
2187642,121,114,1385,2017,8802438.0,1767652.0,2.011263,0.783215,KOR,JPN,6505
2187643,122,114,1385,2017,0.0,5219.0,-0.229821,-1.128482,KWT,JPN,6505
2187644,123,114,1385,2017,42779.0,2728.0,-0.9742190000000001,-0.727593,LAO,JPN,6505
2187645,124,114,1385,2017,0.0,4658.0,0.266847,1.117621,LBN,JPN,6505
2187646,128,114,1385,2017,1548822.0,7098.0,-0.46442799999999995,0.472132,LKA,JPN,6505
2187647,130,114,1385,2017,76326.0,3046.0,0.855858,1.447717,LTU,JPN,6505
2187648,131,114,1385,2017,3510.0,0.0,1.24064,1.298263,LUX,JPN,6505
2187649,132,114,1385,2017,7698.0,0.0,0.684555,1.3208030000000002,LVA,JPN,6505
2187650,133,114,1385,2017,6689.0,0.0,0.264006,-0.11028099999999999,MAC,JPN,6505
2187651,134,114,1385,2017,6021.0,1260.0,-0.757236,-0.065347,MAR,JPN,6505
2187652,135,114,1385,2017,5164.0,0.0,-0.24909,-0.181213,MDA,JPN,6505
2187653,136,114,1385,2017,41889.0,0.0,-1.277182,-0.6503399999999999,MDG,JPN,6505
2187654,138,114,1385,2017,38592.0,6995.0,1.08871,0.5745279999999999,MEX,JPN,6505
2187655,143,114,1385,2017,375316.0,0.0,-1.051544,-0.419183,MMR,JPN,6505
2187656,145,114,1385,2017,43454.0,13576.0,-0.933737,-1.1195620000000002,MNG,JPN,6505
2187657,151,114,1385,2017,832.0,0.0,-0.156616,0.073153,MUS,JPN,6505
2187658,153,114,1385,2017,2544024.0,35053.0,1.0110139999999999,0.6840729999999999,MYS,JPN,6505
2187659,160,114,1385,2017,5923.0,798.0,-1.0502280000000002,-0.8817719999999999,NIC,JPN,6505
2187660,162,114,1385,2017,120375.0,52901.0,1.146959,1.470869,NLD,JPN,6505
2187661,163,114,1385,2017,3837.0,107603.0,0.73658,0.11450199999999999,NOR,JPN,6505
2187662,164,114,1385,2017,449777.0,0.0,-0.319681,0.5788220000000001,NPL,JPN,6505
2187663,166,114,1385,2017,13868.0,5741.0,0.25651199999999996,0.132996,NZL,JPN,6505
2187664,168,114,1385,2017,1411.0,0.0,-0.698561,0.43523500000000004,PAK,JPN,6505
2187665,173,114,1385,2017,28620.0,3736.0,-0.667658,-0.318344,PER,JPN,6505
2187666,174,114,1385,2017,611947.0,19649.0,0.657759,0.170061,PHL,JPN,6505
2187667,175,114,1385,2017,0.0,2240.0,0.6076229999999999,-0.559638,PLW,JPN,6505
2187668,177,114,1385,2017,121942.0,13345.0,1.197417,1.092716,POL,JPN,6505
2187669,179,114,1385,2017,19975.0,1801.0,0.527046,2.264624,PRT,JPN,6505
2187670,183,114,1385,2017,0.0,86465.0,-0.361327,-1.066869,QAT,JPN,6505
2187671,185,114,1385,2017,15216.0,0.0,1.05479,0.9842219999999999,ROU,JPN,6505
2187672,186,114,1385,2017,31578.0,14055.0,0.32885,0.288392,RUS,JPN,6505
2187673,188,114,1385,2017,0.0,105807.0,0.597716,-0.345049,SAU,JPN,6505
2187674,192,114,1385,2017,163166.0,50679.0,1.884166,0.37903600000000004,SGP,JPN,6505
2187675,197,114,1385,2017,6061.0,0.0,0.113639,0.23175199999999999,SLV,JPN,6505
2187676,201,114,1385,2017,7549.0,0.0,0.541644,1.19872,SRB,JPN,6505
2187677,206,114,1385,2017,12007.0,0.0,1.279606,0.85503,SVK,JPN,6505
2187678,207,114,1385,2017,1657.0,0.0,1.600319,0.854305,SVN,JPN,6505
2187679,208,114,1385,2017,192972.0,11904.0,1.764732,0.732646,SWE,JPN,6505
2187680,216,114,1385,2017,11520266.0,75660.0,0.983977,1.3926020000000001,THA,JPN,6505
2187681,223,114,1385,2017,13649.0,0.0,0.224119,0.961772,TUN,JPN,6505
2187682,224,114,1385,2017,28537.0,2852.0,0.541611,2.405872,TUR,JPN,6505
2187683,231,114,1385,2017,3871859.0,363533.0,1.601478,0.277271,USA,JPN,6505
2187684,232,114,1385,2017,0.0,1688.0,-0.407169,-0.264942,UZB,JPN,6505
2187685,239,114,1385,2017,37558740.0,82721.0,-0.009819,0.686429,VNM,JPN,6505
2187686,246,114,1385,2017,0.0,5994.0,0.2066,1.378591,ZAF,JPN,6505
2187687,249,114,1385,2017,2994120.0,473341.0,2.0548290000000002,1.2552969999999999,TWN,JPN,6505
2187688,2,121,1385,2017,0.0,3917.0,-1.408777,-1.215475,AGO,KOR,6505
2187689,7,121,1385,2017,50040.0,222686.0,0.210477,0.02557,ARE,KOR,6505
2187690,14,121,1385,2017,57925.0,252008.0,-0.42427200000000004,-0.152921,AUS,KOR,6505
2187691,15,121,1385,2017,80222.0,8015.0,1.728623,-0.031045999999999997,AUT,KOR,6505
2187692,16,121,1385,2017,0.0,811.0,-1.022455,-1.199225,AZE,KOR,6505
2187693,18,121,1385,2017,20238.0,5336.0,1.292657,1.19571,BEL,KOR,6505
2187694,21,121,1385,2017,0.0,1023.0,-1.100802,-1.0632110000000001,BFA,KOR,6505
2187695,22,121,1385,2017,716012.0,10326.0,-1.016251,-0.987654,BGD,KOR,6505
2187696,23,121,1385,2017,58383.0,0.0,0.557843,1.7221119999999999,BGR,KOR,6505
2187697,24,121,1385,2017,0.0,1909.0,0.485479,-0.5348890000000001,BHR,KOR,6505
2187698,28,121,1385,2017,0.0,493.0,0.8115829999999999,0.8323459999999999,BLR,KOR,6505
2187699,31,121,1385,2017,22224.0,0.0,-1.158425,-1.076242,BOL,KOR,6505
2187700,32,121,1385,2017,0.0,5054.0,0.145224,0.483461,BRA,KOR,6505
2187701,38,121,1385,2017,0.0,1688.0,-0.289049,-0.648497,CAF,KOR,6505
2187702,39,121,1385,2017,76164.0,186189.0,0.73897,1.206402,CAN,KOR,6505
2187703,41,121,1385,2017,32132.0,16571.0,2.2557810000000003,0.845459,CHE,KOR,6505
2187704,42,121,1385,2017,0.0,18541.0,-0.378693,-0.492983,CHL,KOR,6505
2187705,43,121,1385,2017,96601512.0,10706199.0,1.1127790000000002,1.56869,CHN,KOR,6505
2187706,44,121,1385,2017,0.0,71836.0,-0.784119,-0.904135,CIV,KOR,6505
2187707,45,121,1385,2017,0.0,19041.0,-1.048569,-1.030799,CMR,KOR,6505
2187708,46,121,1385,2017,0.0,62486.0,-1.3960569999999999,-1.126784,COD,KOR,6505
2187709,47,121,1385,2017,0.0,9323.0,-1.2289780000000001,-1.169368,COG,KOR,6505
2187710,49,121,1385,2017,1855.0,0.0,0.208096,-0.17644300000000002,COL,KOR,6505
2187711,52,121,1385,2017,991.0,0.0,0.288642,-0.056219000000000005,CRI,KOR,6505
2187712,58,121,1385,2017,1561.0,0.0,0.576982,0.279989,CYP,KOR,6505
2187713,59,121,1385,2017,51754.0,4547.0,1.7715130000000001,0.359668,CZE,KOR,6505
2187714,61,121,1385,2017,832556.0,233071.0,2.1149459999999998,-2.525372,DEU,KOR,6505
2187715,64,121,1385,2017,49854.0,0.0,1.159753,1.233914,DNK,KOR,6505
2187716,65,121,1385,2017,8265.0,0.0,-0.168016,0.30840100000000004,DOM,KOR,6505
2187717,66,121,1385,2017,0.0,2304.0,-0.9905579999999999,-1.1996200000000001,DZA,KOR,6505
2187718,67,121,1385,2017,53635.0,0.0,-0.9995850000000001,-1.086367,ECU,KOR,6505
2187719,68,121,1385,2017,0.0,45339.0,-0.073436,1.829121,EGY,KOR,6505
2187720,71,121,1385,2017,110228.0,44720.0,0.734342,2.8180099999999997,ESP,KOR,6505
2187721,72,121,1385,2017,1066.0,0.0,1.010985,1.289633,EST,KOR,6505
2187722,74,121,1385,2017,8286.0,4111.0,1.655957,0.962485,FIN,KOR,6505
2187723,75,121,1385,2017,0.0,3311.0,-0.278276,-0.033997,FJI,KOR,6505
2187724,77,121,1385,2017,601718.0,291245.0,1.398427,0.894732,FRA,KOR,6505
2187725,81,121,1385,2017,185938.0,275659.0,1.6883119999999998,0.8347469999999999,GBR,KOR,6505
2187726,83,121,1385,2017,0.0,98328.0,-0.929143,-0.811439,GHA,KOR,6505
2187727,90,121,1385,2017,1067.0,10487.0,0.154098,1.151038,GRC,KOR,6505
2187728,93,121,1385,2017,4754.0,4383.0,-0.418538,0.557454,GTM,KOR,6505
2187729,95,121,1385,2017,0.0,6148.0,0.638232,0.033204000000000004,GUM,KOR,6505
2187730,97,121,1385,2017,157219.0,1282058.0,0.824982,1.7162220000000001,HKG,KOR,6505
2187731,99,121,1385,2017,60063.0,0.0,-0.6335689999999999,-0.334201,HND,KOR,6505
2187732,100,121,1385,2017,8264.0,0.0,0.860825,1.365445,HRV,KOR,6505
2187733,102,121,1385,2017,11154.0,7762.0,1.4886270000000001,0.845986,HUN,KOR,6505
2187734,103,121,1385,2017,747656.0,608793.0,-0.23641700000000002,1.188173,IDN,KOR,6505
2187735,104,121,1385,2017,4249.0,2019.0,0.290576,2.726391,IND,KOR,6505
2187736,106,121,1385,2017,3478.0,1687.0,1.363544,0.169211,IRL,KOR,6505
2187737,107,121,1385,2017,0.0,99491.0,-0.361292,-0.361813,IRN,KOR,6505
2187738,108,121,1385,2017,0.0,9018.0,-1.515339,-0.9462950000000001,IRQ,KOR,6505
2187739,109,121,1385,2017,0.0,862.0,0.386094,-0.277269,ISL,KOR,6505
2187740,110,121,1385,2017,0.0,5834.0,1.436156,0.776574,ISR,KOR,6505
2187741,111,121,1385,2017,1511028.0,31130.0,1.34395,0.577693,ITA,KOR,6505
2187742,114,121,1385,2017,1767652.0,8802438.0,2.4510419999999997,-0.277357,JPN,KOR,6505
2187743,115,121,1385,2017,0.0,24540.0,-0.394316,-0.5485979999999999,KAZ,KOR,6505
2187744,116,121,1385,2017,0.0,120623.0,-0.579541,0.511926,KEN,KOR,6505
2187745,117,121,1385,2017,0.0,2706.0,-0.11530599999999999,0.264752,KGZ,KOR,6505
2187746,118,121,1385,2017,190597.0,0.0,-0.656325,-0.622167,KHM,KOR,6505
2187747,122,121,1385,2017,0.0,47715.0,-0.229821,-1.128482,KWT,KOR,6505
2187748,124,121,1385,2017,0.0,3476.0,0.266847,1.117621,LBN,KOR,6505
2187749,128,121,1385,2017,269837.0,0.0,-0.46442799999999995,0.472132,LKA,KOR,6505
2187750,130,121,1385,2017,16511.0,0.0,0.855858,1.447717,LTU,KOR,6505
2187751,132,121,1385,2017,3058.0,0.0,0.684555,1.3208030000000002,LVA,KOR,6505
2187752,133,121,1385,2017,2671.0,4307.0,0.264006,-0.11028099999999999,MAC,KOR,6505
2187753,134,121,1385,2017,3141.0,0.0,-0.757236,-0.065347,MAR,KOR,6505
2187754,135,121,1385,2017,24606.0,0.0,-0.24909,-0.181213,MDA,KOR,6505
2187755,136,121,1385,2017,17053.0,0.0,-1.277182,-0.6503399999999999,MDG,KOR,6505
2187756,138,121,1385,2017,19863.0,15397.0,1.08871,0.5745279999999999,MEX,KOR,6505
2187757,140,121,1385,2017,8991.0,0.0,-0.0292,-0.377156,MKD,KOR,6505
2187758,143,121,1385,2017,40284.0,0.0,-1.051544,-0.419183,MMR,KOR,6505
2187759,145,121,1385,2017,22978.0,52690.0,-0.933737,-1.1195620000000002,MNG,KOR,6505
2187760,146,121,1385,2017,0.0,1163.0,1.1599540000000002,-0.561265,MNP,KOR,6505
2187761,147,121,1385,2017,0.0,11165.0,-1.3882290000000002,-1.114475,MOZ,KOR,6505
2187762,153,121,1385,2017,5007.0,14499.0,1.0110139999999999,0.6840729999999999,MYS,KOR,6505
2187763,159,121,1385,2017,0.0,343818.0,-1.8260919999999998,-1.276591,NGA,KOR,6505
2187764,160,121,1385,2017,2149.0,0.0,-1.0502280000000002,-0.8817719999999999,NIC,KOR,6505
2187765,162,121,1385,2017,53500.0,61584.0,1.146959,1.470869,NLD,KOR,6505
2187766,163,121,1385,2017,3944.0,8664.0,0.73658,0.11450199999999999,NOR,KOR,6505
2187767,164,121,1385,2017,6839.0,3729.0,-0.319681,0.5788220000000001,NPL,KOR,6505
2187768,166,121,1385,2017,4894.0,57304.0,0.25651199999999996,0.132996,NZL,KOR,6505
2187769,167,121,1385,2017,0.0,10410.0,-0.347684,-0.884569,OMN,KOR,6505
2187770,168,121,1385,2017,10080.0,0.0,-0.698561,0.43523500000000004,PAK,KOR,6505
2187771,169,121,1385,2017,1446.0,64312.0,0.5520109999999999,0.788181,PAN,KOR,6505
2187772,173,121,1385,2017,31946.0,1024.0,-0.667658,-0.318344,PER,KOR,6505
2187773,174,121,1385,2017,406251.0,90647.0,0.657759,0.170061,PHL,KOR,6505
2187774,176,121,1385,2017,0.0,1536.0,-1.788834,-1.267126,PNG,KOR,6505
2187775,177,121,1385,2017,80053.0,34425.0,1.197417,1.092716,POL,KOR,6505
2187776,179,121,1385,2017,37014.0,1237.0,0.527046,2.264624,PRT,KOR,6505
2187777,183,121,1385,2017,0.0,24276.0,-0.361327,-1.066869,QAT,KOR,6505
2187778,185,121,1385,2017,7682.0,0.0,1.05479,0.9842219999999999,ROU,KOR,6505
2187779,186,121,1385,2017,2208.0,143010.0,0.32885,0.288392,RUS,KOR,6505
2187780,188,121,1385,2017,0.0,326364.0,0.597716,-0.345049,SAU,KOR,6505
2187781,191,121,1385,2017,0.0,45156.0,-0.6722899999999999,-0.26522199999999996,SEN,KOR,6505
2187782,192,121,1385,2017,52142.0,76182.0,1.884166,0.37903600000000004,SGP,KOR,6505
2187783,197,121,1385,2017,6619.0,0.0,0.113639,0.23175199999999999,SLV,KOR,6505
2187784,206,121,1385,2017,31986.0,32302.0,1.279606,0.85503,SVK,KOR,6505
2187785,207,121,1385,2017,1554.0,1120.0,1.600319,0.854305,SVN,KOR,6505
2187786,208,121,1385,2017,111858.0,7961.0,1.764732,0.732646,SWE,KOR,6505
2187787,209,121,1385,2017,0.0,1091.0,0.126066,-0.551203,SWZ,KOR,6505
2187788,215,121,1385,2017,0.0,54172.0,-0.8957450000000001,-0.891191,TGO,KOR,6505
2187789,216,121,1385,2017,66537.0,79802.0,0.983977,1.3926020000000001,THA,KOR,6505
2187790,217,121,1385,2017,0.0,4006.0,-0.938366,-1.092714,TJK,KOR,6505
2187791,223,121,1385,2017,11174.0,0.0,0.224119,0.961772,TUN,KOR,6505
2187792,224,121,1385,2017,8989.0,3404.0,0.541611,2.405872,TUR,KOR,6505
2187793,226,121,1385,2017,0.0,2744.0,-1.0691709999999999,0.11636800000000001,TZA,KOR,6505
2187794,227,121,1385,2017,0.0,23624.0,-0.6831020000000001,-0.046838,UGA,KOR,6505
2187795,228,121,1385,2017,0.0,1358.0,0.461109,0.7826569999999999,UKR,KOR,6505
2187796,231,121,1385,2017,1233604.0,5595336.0,1.601478,0.277271,USA,KOR,6505
2187797,232,121,1385,2017,0.0,1130.0,-0.407169,-0.264942,UZB,KOR,6505
2187798,239,121,1385,2017,16668410.0,90385.0,-0.009819,0.686429,VNM,KOR,6505
2187799,246,121,1385,2017,0.0,14476.0,0.2066,1.378591,ZAF,KOR,6505
2187800,248,121,1385,2017,0.0,12928.0,-1.101402,-1.0831680000000001,ZWE,KOR,6505
2187801,249,121,1385,2017,452356.0,219922.0,2.0548290000000002,1.2552969999999999,TWN,KOR,6505
2187802,4,122,1385,2017,11824.0,0.0,-0.44769899999999996,-0.17193,ALB,KWT,6505
2187803,7,122,1385,2017,379580.0,45036.0,0.210477,0.02557,ARE,KWT,6505
2187804,8,122,1385,2017,2042.0,0.0,-0.120753,0.233375,ARG,KWT,6505
2187805,22,122,1385,2017,106905.0,0.0,-1.016251,-0.987654,BGD,KWT,6505
2187806,23,122,1385,2017,20763.0,0.0,0.557843,1.7221119999999999,BGR,KWT,6505
2187807,24,122,1385,2017,67285.0,54271.0,0.485479,-0.5348890000000001,BHR,KWT,6505
2187808,39,122,1385,2017,5494.0,0.0,0.73897,1.206402,CAN,KWT,6505
2187809,41,122,1385,2017,69684.0,0.0,2.2557810000000003,0.845459,CHE,KWT,6505
2187810,43,122,1385,2017,2119781.0,0.0,1.1127790000000002,1.56869,CHN,KWT,6505
2187811,59,122,1385,2017,173087.0,0.0,1.7715130000000001,0.359668,CZE,KWT,6505
2187812,61,122,1385,2017,120801.0,0.0,2.1149459999999998,-2.525372,DEU,KWT,6505
2187813,64,122,1385,2017,1123.0,0.0,1.159753,1.233914,DNK,KWT,6505
2187814,68,122,1385,2017,113009.0,0.0,-0.073436,1.829121,EGY,KWT,6505
2187815,71,122,1385,2017,22490.0,0.0,0.734342,2.8180099999999997,ESP,KWT,6505
2187816,77,122,1385,2017,70366.0,2463.0,1.398427,0.894732,FRA,KWT,6505
2187817,81,122,1385,2017,47138.0,0.0,1.6883119999999998,0.8347469999999999,GBR,KWT,6505
2187818,90,122,1385,2017,6702.0,0.0,0.154098,1.151038,GRC,KWT,6505
2187819,97,122,1385,2017,23891.0,0.0,0.824982,1.7162220000000001,HKG,KWT,6505
2187820,99,122,1385,2017,13332.0,0.0,-0.6335689999999999,-0.334201,HND,KWT,6505
2187821,100,122,1385,2017,6781.0,0.0,0.860825,1.365445,HRV,KWT,6505
2187822,102,122,1385,2017,12940.0,0.0,1.4886270000000001,0.845986,HUN,KWT,6505
2187823,103,122,1385,2017,15256.0,0.0,-0.23641700000000002,1.188173,IDN,KWT,6505
2187824,104,122,1385,2017,81404.0,0.0,0.290576,2.726391,IND,KWT,6505
2187825,111,122,1385,2017,80682.0,0.0,1.34395,0.577693,ITA,KWT,6505
2187826,113,122,1385,2017,0.0,10319.0,0.020035,0.295415,JOR,KWT,6505
2187827,114,122,1385,2017,5219.0,0.0,2.4510419999999997,-0.277357,JPN,KWT,6505
2187828,118,122,1385,2017,102851.0,0.0,-0.656325,-0.622167,KHM,KWT,6505
2187829,121,122,1385,2017,47715.0,0.0,2.011263,0.783215,KOR,KWT,6505
2187830,124,122,1385,2017,7000.0,0.0,0.266847,1.117621,LBN,KWT,6505
2187831,128,122,1385,2017,9071.0,0.0,-0.46442799999999995,0.472132,LKA,KWT,6505
2187832,130,122,1385,2017,1261.0,0.0,0.855858,1.447717,LTU,KWT,6505
2187833,132,122,1385,2017,949.0,0.0,0.684555,1.3208030000000002,LVA,KWT,6505
2187834,134,122,1385,2017,33326.0,0.0,-0.757236,-0.065347,MAR,KWT,6505
2187835,135,122,1385,2017,40804.0,0.0,-0.24909,-0.181213,MDA,KWT,6505
2187836,136,122,1385,2017,17852.0,0.0,-1.277182,-0.6503399999999999,MDG,KWT,6505
2187837,138,122,1385,2017,36507.0,0.0,1.08871,0.5745279999999999,MEX,KWT,6505
2187838,140,122,1385,2017,1752.0,0.0,-0.0292,-0.377156,MKD,KWT,6505
2187839,143,122,1385,2017,31397.0,0.0,-1.051544,-0.419183,MMR,KWT,6505
2187840,151,122,1385,2017,2152.0,0.0,-0.156616,0.073153,MUS,KWT,6505
2187841,153,122,1385,2017,3764.0,0.0,1.0110139999999999,0.6840729999999999,MYS,KWT,6505
2187842,162,122,1385,2017,6968.0,0.0,1.146959,1.470869,NLD,KWT,6505
2187843,167,122,1385,2017,0.0,546.0,-0.347684,-0.884569,OMN,KWT,6505
2187844,168,122,1385,2017,120798.0,0.0,-0.698561,0.43523500000000004,PAK,KWT,6505
2187845,173,122,1385,2017,5946.0,0.0,-0.667658,-0.318344,PER,KWT,6505
2187846,174,122,1385,2017,29486.0,0.0,0.657759,0.170061,PHL,KWT,6505
2187847,177,122,1385,2017,3924.0,0.0,1.197417,1.092716,POL,KWT,6505
2187848,179,122,1385,2017,3607.0,0.0,0.527046,2.264624,PRT,KWT,6505
2187849,183,122,1385,2017,2513.0,7128.0,-0.361327,-1.066869,QAT,KWT,6505
2187850,185,122,1385,2017,78705.0,0.0,1.05479,0.9842219999999999,ROU,KWT,6505
2187851,188,122,1385,2017,710602.0,201937.0,0.597716,-0.345049,SAU,KWT,6505
2187852,201,122,1385,2017,12269.0,0.0,0.541644,1.19872,SRB,KWT,6505
2187853,208,122,1385,2017,10670.0,0.0,1.764732,0.732646,SWE,KWT,6505
2187854,212,122,1385,2017,352379.0,0.0,-0.660905,0.345462,SYR,KWT,6505
2187855,216,122,1385,2017,31837.0,0.0,0.983977,1.3926020000000001,THA,KWT,6505
2187856,223,122,1385,2017,19066.0,0.0,0.224119,0.961772,TUN,KWT,6505
2187857,224,122,1385,2017,45599.0,0.0,0.541611,2.405872,TUR,KWT,6505
2187858,228,122,1385,2017,11445.0,0.0,0.461109,0.7826569999999999,UKR,KWT,6505
2187859,231,122,1385,2017,36581.0,0.0,1.601478,0.277271,USA,KWT,6505
2187860,239,122,1385,2017,195496.0,0.0,-0.009819,0.686429,VNM,KWT,6505
2187861,246,122,1385,2017,4912.0,0.0,0.2066,1.378591,ZAF,KWT,6505
2187862,249,122,1385,2017,27066.0,0.0,2.0548290000000002,1.2552969999999999,TWN,KWT,6505
2187863,14,127,1385,2017,1120.0,0.0,-0.42427200000000004,-0.152921,AUS,LCA,6505
2187864,33,127,1385,2017,1505.0,0.0,0.589793,-0.004488000000000001,BRB,LCA,6505
2187865,43,127,1385,2017,14795.0,0.0,1.1127790000000002,1.56869,CHN,LCA,6505
2187866,81,127,1385,2017,7722.0,0.0,1.6883119999999998,0.8347469999999999,GBR,LCA,6505
2187867,97,127,1385,2017,2349.0,0.0,0.824982,1.7162220000000001,HKG,LCA,6505
2187868,112,127,1385,2017,1008.0,0.0,-0.497654,-0.76481,JAM,LCA,6505
2187869,138,127,1385,2017,487.0,0.0,1.08871,0.5745279999999999,MEX,LCA,6505
2187870,168,127,1385,2017,3408.0,0.0,-0.698561,0.43523500000000004,PAK,LCA,6505
2187871,169,127,1385,2017,11567.0,0.0,0.5520109999999999,0.788181,PAN,LCA,6505
2187872,173,127,1385,2017,1549.0,0.0,-0.667658,-0.318344,PER,LCA,6505
2187873,222,127,1385,2017,5979.0,0.0,-0.183935,-1.012153,TTO,LCA,6505
2187874,231,127,1385,2017,36937.0,71006.0,1.601478,0.277271,USA,LCA,6505
2187875,250,127,1385,2017,11022.0,15699.0,0.72523,-0.205046,ANS,LCA,6505
2187876,0,138,1385,2017,0.0,11661.0,0.845843,0.165178,ABW,MEX,6505
2187877,7,138,1385,2017,0.0,16889.0,0.210477,0.02557,ARE,MEX,6505
2187878,8,138,1385,2017,24321.0,13266.0,-0.120753,0.233375,ARG,MEX,6505
2187879,14,138,1385,2017,0.0,53925.0,-0.42427200000000004,-0.152921,AUS,MEX,6505
2187880,15,138,1385,2017,19144.0,6641.0,1.728623,-0.031045999999999997,AUT,MEX,6505
2187881,18,138,1385,2017,6726.0,5605.0,1.292657,1.19571,BEL,MEX,6505
2187882,22,138,1385,2017,2084060.0,0.0,-1.016251,-0.987654,BGD,MEX,6505
2187883,24,138,1385,2017,0.0,1118.0,0.485479,-0.5348890000000001,BHR,MEX,6505
2187884,25,138,1385,2017,0.0,6460.0,0.81944,-0.30649499999999996,BHS,MEX,6505
2187885,28,138,1385,2017,0.0,1000.0,0.8115829999999999,0.8323459999999999,BLR,MEX,6505
2187886,29,138,1385,2017,2846.0,3622.0,-0.284062,-0.711108,BLZ,MEX,6505
2187887,31,138,1385,2017,0.0,27312.0,-1.158425,-1.076242,BOL,MEX,6505
2187888,32,138,1385,2017,1212.0,25562.0,0.145224,0.483461,BRA,MEX,6505
2187889,39,138,1385,2017,12979.0,949598.0,0.73897,1.206402,CAN,MEX,6505
2187890,41,138,1385,2017,27496.0,6559.0,2.2557810000000003,0.845459,CHE,MEX,6505
2187891,42,138,1385,2017,730.0,57097.0,-0.378693,-0.492983,CHL,MEX,6505
2187892,43,138,1385,2017,63714576.0,54984.0,1.1127790000000002,1.56869,CHN,MEX,6505
2187893,45,138,1385,2017,0.0,1995.0,-1.048569,-1.030799,CMR,MEX,6505
2187894,49,138,1385,2017,2713.0,68185.0,0.208096,-0.17644300000000002,COL,MEX,6505
2187895,52,138,1385,2017,0.0,1323267.0,0.288642,-0.056219000000000005,CRI,MEX,6505
2187896,54,138,1385,2017,0.0,15809.0,-0.77404,-1.121084,CUB,MEX,6505
2187897,59,138,1385,2017,15016.0,6524.0,1.7715130000000001,0.359668,CZE,MEX,6505
2187898,61,138,1385,2017,618836.0,426710.0,2.1149459999999998,-2.525372,DEU,MEX,6505
2187899,64,138,1385,2017,1974.0,1990.0,1.159753,1.233914,DNK,MEX,6505
2187900,65,138,1385,2017,3882.0,22808.0,-0.168016,0.30840100000000004,DOM,MEX,6505
2187901,67,138,1385,2017,31990.0,3766.0,-0.9995850000000001,-1.086367,ECU,MEX,6505
2187902,71,138,1385,2017,286400.0,12531.0,0.734342,2.8180099999999997,ESP,MEX,6505
2187903,74,138,1385,2017,986.0,0.0,1.655957,0.962485,FIN,MEX,6505
2187904,77,138,1385,2017,486709.0,37785.0,1.398427,0.894732,FRA,MEX,6505
2187905,81,138,1385,2017,153731.0,32419.0,1.6883119999999998,0.8347469999999999,GBR,MEX,6505
2187906,90,138,1385,2017,1850.0,0.0,0.154098,1.151038,GRC,MEX,6505
2187907,93,138,1385,2017,1348.0,267950.0,-0.418538,0.557454,GTM,MEX,6505
2187908,97,138,1385,2017,197958.0,0.0,0.824982,1.7162220000000001,HKG,MEX,6505
2187909,99,138,1385,2017,42921.0,47778.0,-0.6335689999999999,-0.334201,HND,MEX,6505
2187910,103,138,1385,2017,88111.0,0.0,-0.23641700000000002,1.188173,IDN,MEX,6505
2187911,104,138,1385,2017,61489.0,0.0,0.290576,2.726391,IND,MEX,6505
2187912,106,138,1385,2017,3313.0,1207.0,1.363544,0.169211,IRL,MEX,6505
2187913,109,138,1385,2017,0.0,356.0,0.386094,-0.277269,ISL,MEX,6505
2187914,110,138,1385,2017,1490.0,814.0,1.436156,0.776574,ISR,MEX,6505
2187915,111,138,1385,2017,214788.0,10037.0,1.34395,0.577693,ITA,MEX,6505
2187916,112,138,1385,2017,0.0,11031.0,-0.497654,-0.76481,JAM,MEX,6505
2187917,114,138,1385,2017,6995.0,38592.0,2.4510419999999997,-0.277357,JPN,MEX,6505
2187918,118,138,1385,2017,236646.0,0.0,-0.656325,-0.622167,KHM,MEX,6505
2187919,120,138,1385,2017,0.0,1714.0,0.781625,-0.405177,KNA,MEX,6505
2187920,121,138,1385,2017,15397.0,19863.0,2.011263,0.783215,KOR,MEX,6505
2187921,122,138,1385,2017,0.0,36507.0,-0.229821,-1.128482,KWT,MEX,6505
2187922,127,138,1385,2017,0.0,487.0,0.458896,-0.149195,LCA,MEX,6505
2187923,128,138,1385,2017,15193.0,0.0,-0.46442799999999995,0.472132,LKA,MEX,6505
2187924,143,138,1385,2017,20855.0,0.0,-1.051544,-0.419183,MMR,MEX,6505
2187925,153,138,1385,2017,5887.0,2123.0,1.0110139999999999,0.6840729999999999,MYS,MEX,6505
2187926,160,138,1385,2017,0.0,108123.0,-1.0502280000000002,-0.8817719999999999,NIC,MEX,6505
2187927,162,138,1385,2017,35160.0,0.0,1.146959,1.470869,NLD,MEX,6505
2187928,163,138,1385,2017,0.0,2290.0,0.73658,0.11450199999999999,NOR,MEX,6505
2187929,166,138,1385,2017,0.0,4932.0,0.25651199999999996,0.132996,NZL,MEX,6505
2187930,169,138,1385,2017,13255.0,31042.0,0.5520109999999999,0.788181,PAN,MEX,6505
2187931,173,138,1385,2017,59753.0,8596.0,-0.667658,-0.318344,PER,MEX,6505
2187932,174,138,1385,2017,1093793.0,0.0,0.657759,0.170061,PHL,MEX,6505
2187933,177,138,1385,2017,4289.0,2653.0,1.197417,1.092716,POL,MEX,6505
2187934,179,138,1385,2017,13646.0,0.0,0.527046,2.264624,PRT,MEX,6505
2187935,180,138,1385,2017,0.0,1089.0,-0.437741,-0.9248879999999999,PRY,MEX,6505
2187936,183,138,1385,2017,0.0,2311.0,-0.361327,-1.066869,QAT,MEX,6505
2187937,185,138,1385,2017,4330.0,0.0,1.05479,0.9842219999999999,ROU,MEX,6505
2187938,186,138,1385,2017,0.0,1360.0,0.32885,0.288392,RUS,MEX,6505
2187939,192,138,1385,2017,229650.0,4217.0,1.884166,0.37903600000000004,SGP,MEX,6505
2187940,197,138,1385,2017,1736.0,25675.0,0.113639,0.23175199999999999,SLV,MEX,6505
2187941,201,138,1385,2017,2434.0,0.0,0.541644,1.19872,SRB,MEX,6505
2187942,208,138,1385,2017,23649.0,0.0,1.764732,0.732646,SWE,MEX,6505
2187943,213,138,1385,2017,0.0,18751.0,0.897017,0.219298,TCA,MEX,6505
2187944,216,138,1385,2017,29420.0,1079.0,0.983977,1.3926020000000001,THA,MEX,6505
2187945,223,138,1385,2017,901.0,0.0,0.224119,0.961772,TUN,MEX,6505
2187946,224,138,1385,2017,28047.0,0.0,0.541611,2.405872,TUR,MEX,6505
2187947,230,138,1385,2017,0.0,2310.0,0.16963,-0.403006,URY,MEX,6505
2187948,231,138,1385,2017,10370317.0,74200040.0,1.601478,0.277271,USA,MEX,6505
2187949,236,138,1385,2017,0.0,4343.0,-0.8874559999999999,-1.178752,VEN,MEX,6505
2187950,239,138,1385,2017,2407342.0,0.0,-0.009819,0.686429,VNM,MEX,6505
2187951,246,138,1385,2017,0.0,1544.0,0.2066,1.378591,ZAF,MEX,6505
2187952,249,138,1385,2017,65222.0,5454.0,2.0548290000000002,1.2552969999999999,TWN,MEX,6505
2187953,250,138,1385,2017,1278.0,153129.0,0.72523,-0.205046,ANS,MEX,6505
2187954,7,143,1385,2017,0.0,84947.0,0.210477,0.02557,ARE,MMR,6505
2187955,14,143,1385,2017,0.0,25549.0,-0.42427200000000004,-0.152921,AUS,MMR,6505
2187956,15,143,1385,2017,0.0,182711.0,1.728623,-0.031045999999999997,AUT,MMR,6505
2187957,18,143,1385,2017,0.0,154113.0,1.292657,1.19571,BEL,MMR,6505
2187958,24,143,1385,2017,0.0,904.0,0.485479,-0.5348890000000001,BHR,MMR,6505
2187959,39,143,1385,2017,0.0,62825.0,0.73897,1.206402,CAN,MMR,6505
2187960,41,143,1385,2017,0.0,102014.0,2.2557810000000003,0.845459,CHE,MMR,6505
2187961,42,143,1385,2017,0.0,16926.0,-0.378693,-0.492983,CHL,MMR,6505
2187962,43,143,1385,2017,1162817.0,156986.0,1.1127790000000002,1.56869,CHN,MMR,6505
2187963,45,143,1385,2017,1658.0,0.0,-1.048569,-1.030799,CMR,MMR,6505
2187964,49,143,1385,2017,0.0,2366.0,0.208096,-0.17644300000000002,COL,MMR,6505
2187965,59,143,1385,2017,0.0,83748.0,1.7715130000000001,0.359668,CZE,MMR,6505
2187966,61,143,1385,2017,1977.0,1722266.0,2.1149459999999998,-2.525372,DEU,MMR,6505
2187967,64,143,1385,2017,0.0,49672.0,1.159753,1.233914,DNK,MMR,6505
2187968,71,143,1385,2017,0.0,207110.0,0.734342,2.8180099999999997,ESP,MMR,6505
2187969,72,143,1385,2017,0.0,21438.0,1.010985,1.289633,EST,MMR,6505
2187970,74,143,1385,2017,0.0,123213.0,1.655957,0.962485,FIN,MMR,6505
2187971,77,143,1385,2017,0.0,435721.0,1.398427,0.894732,FRA,MMR,6505
2187972,81,143,1385,2017,0.0,362707.0,1.6883119999999998,0.8347469999999999,GBR,MMR,6505
2187973,97,143,1385,2017,29171.0,12942.0,0.824982,1.7162220000000001,HKG,MMR,6505
2187974,100,143,1385,2017,0.0,12297.0,0.860825,1.365445,HRV,MMR,6505
2187975,103,143,1385,2017,0.0,12670.0,-0.23641700000000002,1.188173,IDN,MMR,6505
2187976,104,143,1385,2017,2281.0,8271.0,0.290576,2.726391,IND,MMR,6505
2187977,106,143,1385,2017,0.0,30154.0,1.363544,0.169211,IRL,MMR,6505
2187978,109,143,1385,2017,0.0,581.0,0.386094,-0.277269,ISL,MMR,6505
2187979,110,143,1385,2017,0.0,6370.0,1.436156,0.776574,ISR,MMR,6505
2187980,111,143,1385,2017,22436.0,59425.0,1.34395,0.577693,ITA,MMR,6505
2187981,114,143,1385,2017,0.0,375316.0,2.4510419999999997,-0.277357,JPN,MMR,6505
2187982,121,143,1385,2017,0.0,40284.0,2.011263,0.783215,KOR,MMR,6505
2187983,122,143,1385,2017,0.0,31397.0,-0.229821,-1.128482,KWT,MMR,6505
2187984,131,143,1385,2017,0.0,8006.0,1.24064,1.298263,LUX,MMR,6505
2187985,132,143,1385,2017,0.0,7282.0,0.684555,1.3208030000000002,LVA,MMR,6505
2187986,134,143,1385,2017,0.0,5093.0,-0.757236,-0.065347,MAR,MMR,6505
2187987,138,143,1385,2017,0.0,20855.0,1.08871,0.5745279999999999,MEX,MMR,6505
2187988,153,143,1385,2017,0.0,99109.0,1.0110139999999999,0.6840729999999999,MYS,MMR,6505
2187989,162,143,1385,2017,0.0,62825.0,1.146959,1.470869,NLD,MMR,6505
2187990,163,143,1385,2017,0.0,79147.0,0.73658,0.11450199999999999,NOR,MMR,6505
2187991,166,143,1385,2017,0.0,3965.0,0.25651199999999996,0.132996,NZL,MMR,6505
2187992,167,143,1385,2017,0.0,1382.0,-0.347684,-0.884569,OMN,MMR,6505
2187993,173,143,1385,2017,0.0,13144.0,-0.667658,-0.318344,PER,MMR,6505
2187994,174,143,1385,2017,1831.0,4768.0,0.657759,0.170061,PHL,MMR,6505
2187995,177,143,1385,2017,0.0,705647.0,1.197417,1.092716,POL,MMR,6505
2187996,186,143,1385,2017,0.0,316775.0,0.32885,0.288392,RUS,MMR,6505
2187997,192,143,1385,2017,16400.0,2745.0,1.884166,0.37903600000000004,SGP,MMR,6505
2187998,201,143,1385,2017,0.0,5256.0,0.541644,1.19872,SRB,MMR,6505
2187999,206,143,1385,2017,0.0,29710.0,1.279606,0.85503,SVK,MMR,6505
2188000,207,143,1385,2017,0.0,21997.0,1.600319,0.854305,SVN,MMR,6505
2188001,208,143,1385,2017,0.0,227210.0,1.764732,0.732646,SWE,MMR,6505
2188002,216,143,1385,2017,392949.0,18332.0,0.983977,1.3926020000000001,THA,MMR,6505
2188003,224,143,1385,2017,0.0,102807.0,0.541611,2.405872,TUR,MMR,6505
2188004,228,143,1385,2017,0.0,2150.0,0.461109,0.7826569999999999,UKR,MMR,6505
2188005,231,143,1385,2017,0.0,614611.0,1.601478,0.277271,USA,MMR,6505
2188006,246,143,1385,2017,0.0,2759.0,0.2066,1.378591,ZAF,MMR,6505
2188007,249,143,1385,2017,0.0,13739.0,2.0548290000000002,1.2552969999999999,TWN,MMR,6505
2188008,250,143,1385,2017,0.0,3358.0,0.72523,-0.205046,ANS,MMR,6505
2188009,7,153,1385,2017,1971.0,7009.0,0.210477,0.02557,ARE,MYS,6505
2188010,8,153,1385,2017,0.0,8163.0,-0.120753,0.233375,ARG,MYS,6505
2188011,14,153,1385,2017,39726.0,116899.0,-0.42427200000000004,-0.152921,AUS,MYS,6505
2188012,15,153,1385,2017,4340.0,2152.0,1.728623,-0.031045999999999997,AUT,MYS,6505
2188013,18,153,1385,2017,11616.0,0.0,1.292657,1.19571,BEL,MYS,6505
2188014,22,153,1385,2017,247157.0,0.0,-1.016251,-0.987654,BGD,MYS,6505
2188015,23,153,1385,2017,0.0,2050.0,0.557843,1.7221119999999999,BGR,MYS,6505
2188016,24,153,1385,2017,0.0,6381.0,0.485479,-0.5348890000000001,BHR,MYS,6505
2188017,34,153,1385,2017,2562.0,26925.0,0.270525,-0.747949,BRN,MYS,6505
2188018,39,153,1385,2017,2216.0,15233.0,0.73897,1.206402,CAN,MYS,6505
2188019,41,153,1385,2017,5240.0,10197.0,2.2557810000000003,0.845459,CHE,MYS,6505
2188020,42,153,1385,2017,0.0,7401.0,-0.378693,-0.492983,CHL,MYS,6505
2188021,43,153,1385,2017,11136374.0,3092.0,1.1127790000000002,1.56869,CHN,MYS,6505
2188022,44,153,1385,2017,0.0,2466.0,-0.784119,-0.904135,CIV,MYS,6505
2188023,49,153,1385,2017,0.0,2055.0,0.208096,-0.17644300000000002,COL,MYS,6505
2188024,58,153,1385,2017,0.0,1560.0,0.576982,0.279989,CYP,MYS,6505
2188025,59,153,1385,2017,0.0,1621.0,1.7715130000000001,0.359668,CZE,MYS,6505
2188026,61,153,1385,2017,221020.0,25943.0,2.1149459999999998,-2.525372,DEU,MYS,6505
2188027,64,153,1385,2017,2659.0,9544.0,1.159753,1.233914,DNK,MYS,6505
2188028,67,153,1385,2017,1234.0,0.0,-0.9995850000000001,-1.086367,ECU,MYS,6505
2188029,69,153,1385,2017,0.0,25262.0,-1.4706139999999999,-1.024845,ERI,MYS,6505
2188030,71,153,1385,2017,61794.0,17534.0,0.734342,2.8180099999999997,ESP,MYS,6505
2188031,72,153,1385,2017,3281.0,1256.0,1.010985,1.289633,EST,MYS,6505
2188032,74,153,1385,2017,0.0,5368.0,1.655957,0.962485,FIN,MYS,6505
2188033,75,153,1385,2017,0.0,999.0,-0.278276,-0.033997,FJI,MYS,6505
2188034,77,153,1385,2017,18051.0,215683.0,1.398427,0.894732,FRA,MYS,6505
2188035,81,153,1385,2017,128589.0,23341.0,1.6883119999999998,0.8347469999999999,GBR,MYS,6505
2188036,90,153,1385,2017,5100.0,2047.0,0.154098,1.151038,GRC,MYS,6505
2188037,97,153,1385,2017,500600.0,312321.0,0.824982,1.7162220000000001,HKG,MYS,6505
2188038,102,153,1385,2017,46735.0,0.0,1.4886270000000001,0.845986,HUN,MYS,6505
2188039,103,153,1385,2017,482494.0,55015.0,-0.23641700000000002,1.188173,IDN,MYS,6505
2188040,104,153,1385,2017,159003.0,8898.0,0.290576,2.726391,IND,MYS,6505
2188041,106,153,1385,2017,6269.0,1314.0,1.363544,0.169211,IRL,MYS,6505
2188042,110,153,1385,2017,0.0,7210.0,1.436156,0.776574,ISR,MYS,6505
2188043,111,153,1385,2017,219136.0,233942.0,1.34395,0.577693,ITA,MYS,6505
2188044,114,153,1385,2017,35053.0,2544024.0,2.4510419999999997,-0.277357,JPN,MYS,6505
2188045,118,153,1385,2017,12927.0,0.0,-0.656325,-0.622167,KHM,MYS,6505
2188046,121,153,1385,2017,14499.0,5007.0,2.011263,0.783215,KOR,MYS,6505
2188047,122,153,1385,2017,0.0,3764.0,-0.229821,-1.128482,KWT,MYS,6505
2188048,124,153,1385,2017,0.0,2535.0,0.266847,1.117621,LBN,MYS,6505
2188049,128,153,1385,2017,3932.0,0.0,-0.46442799999999995,0.472132,LKA,MYS,6505
2188050,131,153,1385,2017,0.0,1300.0,1.24064,1.298263,LUX,MYS,6505
2188051,134,153,1385,2017,0.0,1613.0,-0.757236,-0.065347,MAR,MYS,6505
2188052,137,153,1385,2017,0.0,4205.0,-1.100027,-0.9779479999999999,MDV,MYS,6505
2188053,138,153,1385,2017,2123.0,5887.0,1.08871,0.5745279999999999,MEX,MYS,6505
2188054,143,153,1385,2017,99109.0,0.0,-1.051544,-0.419183,MMR,MYS,6505
2188055,151,153,1385,2017,0.0,2030.0,-0.156616,0.073153,MUS,MYS,6505
2188056,162,153,1385,2017,39440.0,6028.0,1.146959,1.470869,NLD,MYS,6505
2188057,163,153,1385,2017,1087.0,912.0,0.73658,0.11450199999999999,NOR,MYS,6505
2188058,166,153,1385,2017,1610.0,12116.0,0.25651199999999996,0.132996,NZL,MYS,6505
2188059,168,153,1385,2017,17422.0,11057.0,-0.698561,0.43523500000000004,PAK,MYS,6505
2188060,169,153,1385,2017,0.0,923.0,0.5520109999999999,0.788181,PAN,MYS,6505
2188061,173,153,1385,2017,0.0,8264.0,-0.667658,-0.318344,PER,MYS,6505
2188062,174,153,1385,2017,181983.0,33695.0,0.657759,0.170061,PHL,MYS,6505
2188063,176,153,1385,2017,0.0,5130.0,-1.788834,-1.267126,PNG,MYS,6505
2188064,177,153,1385,2017,4294.0,12443.0,1.197417,1.092716,POL,MYS,6505
2188065,179,153,1385,2017,0.0,26392.0,0.527046,2.264624,PRT,MYS,6505
2188066,183,153,1385,2017,1455.0,0.0,-0.361327,-1.066869,QAT,MYS,6505
2188067,186,153,1385,2017,876.0,10061.0,0.32885,0.288392,RUS,MYS,6505
2188068,192,153,1385,2017,700724.0,389554.0,1.884166,0.37903600000000004,SGP,MYS,6505
2188069,208,153,1385,2017,16058.0,7000.0,1.764732,0.732646,SWE,MYS,6505
2188070,216,153,1385,2017,55752.0,18345.0,0.983977,1.3926020000000001,THA,MYS,6505
2188071,224,153,1385,2017,14258.0,12626.0,0.541611,2.405872,TUR,MYS,6505
2188072,228,153,1385,2017,0.0,897.0,0.461109,0.7826569999999999,UKR,MYS,6505
2188073,231,153,1385,2017,96702.0,46979.0,1.601478,0.277271,USA,MYS,6505
2188074,239,153,1385,2017,569850.0,54205.0,-0.009819,0.686429,VNM,MYS,6505
2188075,246,153,1385,2017,3514.0,3252.0,0.2066,1.378591,ZAF,MYS,6505
2188076,249,153,1385,2017,278646.0,44223.0,2.0548290000000002,1.2552969999999999,TWN,MYS,6505
2188077,250,153,1385,2017,0.0,4427.0,0.72523,-0.205046,ANS,MYS,6505
2188078,22,160,1385,2017,8477.0,0.0,-1.016251,-0.987654,BGD,NIC,6505
2188079,29,160,1385,2017,0.0,968.0,-0.284062,-0.711108,BLZ,NIC,6505
2188080,32,160,1385,2017,3771.0,0.0,0.145224,0.483461,BRA,NIC,6505
2188081,39,160,1385,2017,8663.0,6941.0,0.73897,1.206402,CAN,NIC,6505
2188082,41,160,1385,2017,1682.0,0.0,2.2557810000000003,0.845459,CHE,NIC,6505
2188083,42,160,1385,2017,1285.0,2874.0,-0.378693,-0.492983,CHL,NIC,6505
2188084,43,160,1385,2017,419134.0,0.0,1.1127790000000002,1.56869,CHN,NIC,6505
2188085,49,160,1385,2017,2410.0,0.0,0.208096,-0.17644300000000002,COL,NIC,6505
2188086,52,160,1385,2017,8105.0,3614.0,0.288642,-0.056219000000000005,CRI,NIC,6505
2188087,61,160,1385,2017,1412.0,3153.0,2.1149459999999998,-2.525372,DEU,NIC,6505
2188088,71,160,1385,2017,3670.0,1028.0,0.734342,2.8180099999999997,ESP,NIC,6505
2188089,77,160,1385,2017,1883.0,0.0,1.398427,0.894732,FRA,NIC,6505
2188090,93,160,1385,2017,30648.0,0.0,-0.418538,0.557454,GTM,NIC,6505
2188091,97,160,1385,2017,4790.0,0.0,0.824982,1.7162220000000001,HKG,NIC,6505
2188092,99,160,1385,2017,1574.0,26177.0,-0.6335689999999999,-0.334201,HND,NIC,6505
2188093,101,160,1385,2017,19793.0,0.0,-1.0089219999999999,-0.946722,HTI,NIC,6505
2188094,103,160,1385,2017,1125.0,0.0,-0.23641700000000002,1.188173,IDN,NIC,6505
2188095,114,160,1385,2017,798.0,5923.0,2.4510419999999997,-0.277357,JPN,NIC,6505
2188096,118,160,1385,2017,1416.0,0.0,-0.656325,-0.622167,KHM,NIC,6505
2188097,121,160,1385,2017,0.0,2149.0,2.011263,0.783215,KOR,NIC,6505
2188098,128,160,1385,2017,4172.0,0.0,-0.46442799999999995,0.472132,LKA,NIC,6505
2188099,138,160,1385,2017,108123.0,0.0,1.08871,0.5745279999999999,MEX,NIC,6505
2188100,162,160,1385,2017,0.0,1407.0,1.146959,1.470869,NLD,NIC,6505
2188101,169,160,1385,2017,5494.0,1882.0,0.5520109999999999,0.788181,PAN,NIC,6505
2188102,173,160,1385,2017,937.0,0.0,-0.667658,-0.318344,PER,NIC,6505
2188103,174,160,1385,2017,383.0,0.0,0.657759,0.170061,PHL,NIC,6505
2188104,197,160,1385,2017,16717.0,9506.0,0.113639,0.23175199999999999,SLV,NIC,6505
2188105,208,160,1385,2017,1335.0,0.0,1.764732,0.732646,SWE,NIC,6505
2188106,231,160,1385,2017,35099.0,16385.0,1.601478,0.277271,USA,NIC,6505
2188107,239,160,1385,2017,38737.0,0.0,-0.009819,0.686429,VNM,NIC,6505
2188108,249,160,1385,2017,31211.0,0.0,2.0548290000000002,1.2552969999999999,TWN,NIC,6505
2188109,0,162,1385,2017,1757.0,2506.0,0.845843,0.165178,ABW,NLD,6505
2188110,1,162,1385,2017,0.0,14168.0,-1.147348,-0.886799,AFG,NLD,6505
2188111,2,162,1385,2017,0.0,1563.0,-1.408777,-1.215475,AGO,NLD,6505
2188112,5,162,1385,2017,0.0,83097.0,1.097505,0.480863,AND,NLD,6505
2188113,7,162,1385,2017,11343.0,431038.0,0.210477,0.02557,ARE,NLD,6505
2188114,8,162,1385,2017,1970.0,3991.0,-0.120753,0.233375,ARG,NLD,6505
2188115,13,162,1385,2017,0.0,1388.0,0.42561099999999996,-0.42671099999999995,ATG,NLD,6505
2188116,14,162,1385,2017,27698.0,51316.0,-0.42427200000000004,-0.152921,AUS,NLD,6505
2188117,15,162,1385,2017,142398.0,5894924.0,1.728623,-0.031045999999999997,AUT,NLD,6505
2188118,16,162,1385,2017,0.0,23591.0,-1.022455,-1.199225,AZE,NLD,6505
2188119,18,162,1385,2017,2897492.0,10361194.0,1.292657,1.19571,BEL,NLD,6505
2188120,21,162,1385,2017,0.0,3789.0,-1.100802,-1.0632110000000001,BFA,NLD,6505
2188121,22,162,1385,2017,5370877.0,0.0,-1.016251,-0.987654,BGD,NLD,6505
2188122,23,162,1385,2017,22881.0,149447.0,0.557843,1.7221119999999999,BGR,NLD,6505
2188123,24,162,1385,2017,0.0,11268.0,0.485479,-0.5348890000000001,BHR,NLD,6505
2188124,26,162,1385,2017,0.0,3976.0,0.43245,0.726721,BIH,NLD,6505
2188125,28,162,1385,2017,0.0,4937.0,0.8115829999999999,0.8323459999999999,BLR,NLD,6505
2188126,30,162,1385,2017,0.0,7491.0,1.06318,-0.48345,BMU,NLD,6505
2188127,32,162,1385,2017,2827.0,1043.0,0.145224,0.483461,BRA,NLD,6505
2188128,33,162,1385,2017,0.0,877.0,0.589793,-0.004488000000000001,BRB,NLD,6505
2188129,39,162,1385,2017,653924.0,160813.0,0.73897,1.206402,CAN,NLD,6505
2188130,41,162,1385,2017,90587.0,3011926.0,2.2557810000000003,0.845459,CHE,NLD,6505
2188131,42,162,1385,2017,0.0,8428.0,-0.378693,-0.492983,CHL,NLD,6505
2188132,43,162,1385,2017,72190448.0,65552.0,1.1127790000000002,1.56869,CHN,NLD,6505
2188133,44,162,1385,2017,0.0,1283.0,-0.784119,-0.904135,CIV,NLD,6505
2188134,49,162,1385,2017,14149.0,0.0,0.208096,-0.17644300000000002,COL,NLD,6505
2188135,52,162,1385,2017,0.0,2257.0,0.288642,-0.056219000000000005,CRI,NLD,6505
2188136,55,162,1385,2017,0.0,2670.0,0.161139,-0.591701,CUW,NLD,6505
2188137,58,162,1385,2017,4599.0,81330.0,0.576982,0.279989,CYP,NLD,6505
2188138,59,162,1385,2017,879912.0,3539864.0,1.7715130000000001,0.359668,CZE,NLD,6505
2188139,61,162,1385,2017,14261892.0,36447296.0,2.1149459999999998,-2.525372,DEU,NLD,6505
2188140,64,162,1385,2017,956185.0,2639710.0,1.159753,1.233914,DNK,NLD,6505
2188141,65,162,1385,2017,1624.0,5279.0,-0.168016,0.30840100000000004,DOM,NLD,6505
2188142,66,162,1385,2017,0.0,2183.0,-0.9905579999999999,-1.1996200000000001,DZA,NLD,6505
2188143,67,162,1385,2017,35048.0,1024.0,-0.9995850000000001,-1.086367,ECU,NLD,6505
2188144,68,162,1385,2017,0.0,16852.0,-0.073436,1.829121,EGY,NLD,6505
2188145,71,162,1385,2017,1529066.0,7188105.0,0.734342,2.8180099999999997,ESP,NLD,6505
2188146,72,162,1385,2017,1118.0,309239.0,1.010985,1.289633,EST,NLD,6505
2188147,74,162,1385,2017,74212.0,1748511.0,1.655957,0.962485,FIN,NLD,6505
2188148,77,162,1385,2017,2639868.0,24971590.0,1.398427,0.894732,FRA,NLD,6505
2188149,78,162,1385,2017,0.0,10426.0,-0.956326,-0.951541,FRO,NLD,6505
2188150,81,162,1385,2017,4327182.0,29282760.0,1.6883119999999998,0.8347469999999999,GBR,NLD,6505
2188151,82,162,1385,2017,0.0,2262.0,-0.241749,-0.374727,GEO,NLD,6505
2188152,83,162,1385,2017,0.0,3646.0,-0.929143,-0.811439,GHA,NLD,6505
2188153,84,162,1385,2017,0.0,8033.0,0.767836,-0.725273,GIB,NLD,6505
2188154,85,162,1385,2017,0.0,5486.0,-1.7560669999999998,-1.2747680000000001,GIN,NLD,6505
2188155,89,162,1385,2017,0.0,3179.0,-1.735486,-0.9254180000000001,GNQ,NLD,6505
2188156,90,162,1385,2017,34845.0,778122.0,0.154098,1.151038,GRC,NLD,6505
2188157,93,162,1385,2017,6167.0,3530.0,-0.418538,0.557454,GTM,NLD,6505
2188158,97,162,1385,2017,2466017.0,35033.0,0.824982,1.7162220000000001,HKG,NLD,6505
2188159,100,162,1385,2017,1820.0,210538.0,0.860825,1.365445,HRV,NLD,6505
2188160,102,162,1385,2017,33627.0,837073.0,1.4886270000000001,0.845986,HUN,NLD,6505
2188161,103,162,1385,2017,245726.0,199260.0,-0.23641700000000002,1.188173,IDN,NLD,6505
2188162,104,162,1385,2017,311914.0,4005.0,0.290576,2.726391,IND,NLD,6505
2188163,106,162,1385,2017,63705.0,1612440.0,1.363544,0.169211,IRL,NLD,6505
2188164,108,162,1385,2017,0.0,2158.0,-1.515339,-0.9462950000000001,IRQ,NLD,6505
2188165,109,162,1385,2017,0.0,80499.0,0.386094,-0.277269,ISL,NLD,6505
2188166,110,162,1385,2017,3696.0,259502.0,1.436156,0.776574,ISR,NLD,6505
2188167,111,162,1385,2017,5665556.0,13148601.0,1.34395,0.577693,ITA,NLD,6505
2188168,112,162,1385,2017,7646.0,2433.0,-0.497654,-0.76481,JAM,NLD,6505
2188169,113,162,1385,2017,0.0,11581.0,0.020035,0.295415,JOR,NLD,6505
2188170,114,162,1385,2017,52901.0,120375.0,2.4510419999999997,-0.277357,JPN,NLD,6505
2188171,115,162,1385,2017,0.0,51642.0,-0.394316,-0.5485979999999999,KAZ,NLD,6505
2188172,116,162,1385,2017,0.0,1245.0,-0.579541,0.511926,KEN,NLD,6505
2188173,118,162,1385,2017,52163.0,0.0,-0.656325,-0.622167,KHM,NLD,6505
2188174,121,162,1385,2017,61584.0,53500.0,2.011263,0.783215,KOR,NLD,6505
2188175,122,162,1385,2017,0.0,6968.0,-0.229821,-1.128482,KWT,NLD,6505
2188176,124,162,1385,2017,0.0,4432.0,0.266847,1.117621,LBN,NLD,6505
2188177,128,162,1385,2017,399170.0,0.0,-0.46442799999999995,0.472132,LKA,NLD,6505
2188178,130,162,1385,2017,14276.0,149507.0,0.855858,1.447717,LTU,NLD,6505
2188179,131,162,1385,2017,61142.0,555203.0,1.24064,1.298263,LUX,NLD,6505
2188180,132,162,1385,2017,7290.0,182725.0,0.684555,1.3208030000000002,LVA,NLD,6505
2188181,134,162,1385,2017,3652.0,14526.0,-0.757236,-0.065347,MAR,NLD,6505
2188182,135,162,1385,2017,80687.0,1742.0,-0.24909,-0.181213,MDA,NLD,6505
2188183,136,162,1385,2017,31578.0,0.0,-1.277182,-0.6503399999999999,MDG,NLD,6505
2188184,138,162,1385,2017,0.0,35160.0,1.08871,0.5745279999999999,MEX,NLD,6505
2188185,140,162,1385,2017,0.0,14099.0,-0.0292,-0.377156,MKD,NLD,6505
2188186,141,162,1385,2017,0.0,7094.0,-0.5927899999999999,-0.707245,MLI,NLD,6505
2188187,142,162,1385,2017,0.0,137247.0,0.999914,0.12683,MLT,NLD,6505
2188188,143,162,1385,2017,62825.0,0.0,-1.051544,-0.419183,MMR,NLD,6505
2188189,144,162,1385,2017,0.0,983.0,0.201739,-0.23111399999999999,MNE,NLD,6505
2188190,151,162,1385,2017,1345.0,9503.0,-0.156616,0.073153,MUS,NLD,6505
2188191,153,162,1385,2017,6028.0,39440.0,1.0110139999999999,0.6840729999999999,MYS,NLD,6505
2188192,159,162,1385,2017,0.0,7023.0,-1.8260919999999998,-1.276591,NGA,NLD,6505
2188193,160,162,1385,2017,1407.0,0.0,-1.0502280000000002,-0.8817719999999999,NIC,NLD,6505
2188194,163,162,1385,2017,6621.0,701093.0,0.73658,0.11450199999999999,NOR,NLD,6505
2188195,164,162,1385,2017,33830.0,0.0,-0.319681,0.5788220000000001,NPL,NLD,6505
2188196,166,162,1385,2017,103734.0,9542.0,0.25651199999999996,0.132996,NZL,NLD,6505
2188197,168,162,1385,2017,173504.0,1695.0,-0.698561,0.43523500000000004,PAK,NLD,6505
2188198,169,162,1385,2017,0.0,26032.0,0.5520109999999999,0.788181,PAN,NLD,6505
2188199,173,162,1385,2017,7563.0,0.0,-0.667658,-0.318344,PER,NLD,6505
2188200,174,162,1385,2017,999752.0,4024.0,0.657759,0.170061,PHL,NLD,6505
2188201,177,162,1385,2017,1193385.0,5060052.0,1.197417,1.092716,POL,NLD,6505
2188202,179,162,1385,2017,220354.0,1944697.0,0.527046,2.264624,PRT,NLD,6505
2188203,183,162,1385,2017,1055.0,1175.0,-0.361327,-1.066869,QAT,NLD,6505
2188204,185,162,1385,2017,426328.0,1232202.0,1.05479,0.9842219999999999,ROU,NLD,6505
2188205,186,162,1385,2017,12563.0,474548.0,0.32885,0.288392,RUS,NLD,6505
2188206,188,162,1385,2017,0.0,23666.0,0.597716,-0.345049,SAU,NLD,6505
2188207,192,162,1385,2017,5086.0,49133.0,1.884166,0.37903600000000004,SGP,NLD,6505
2188208,197,162,1385,2017,3532.0,0.0,0.113639,0.23175199999999999,SLV,NLD,6505
2188209,198,162,1385,2017,0.0,9858.0,0.984548,0.6116199999999999,SMR,NLD,6505
2188210,201,162,1385,2017,145360.0,19510.0,0.541644,1.19872,SRB,NLD,6505
2188211,205,162,1385,2017,0.0,7884.0,-0.596432,-1.0249700000000002,SUR,NLD,6505
2188212,206,162,1385,2017,46298.0,312056.0,1.279606,0.85503,SVK,NLD,6505
2188213,207,162,1385,2017,43792.0,1051196.0,1.600319,0.854305,SVN,NLD,6505
2188214,208,162,1385,2017,411459.0,3482232.0,1.764732,0.732646,SWE,NLD,6505
2188215,210,162,1385,2017,0.0,5084.0,0.892698,-0.795854,SXM,NLD,6505
2188216,216,162,1385,2017,667805.0,3358.0,0.983977,1.3926020000000001,THA,NLD,6505
2188217,223,162,1385,2017,470420.0,0.0,0.224119,0.961772,TUN,NLD,6505
2188218,224,162,1385,2017,1332633.0,375118.0,0.541611,2.405872,TUR,NLD,6505
2188219,228,162,1385,2017,0.0,78169.0,0.461109,0.7826569999999999,UKR,NLD,6505
2188220,230,162,1385,2017,1038.0,9592.0,0.16963,-0.403006,URY,NLD,6505
2188221,231,162,1385,2017,1387230.0,228873.0,1.601478,0.277271,USA,NLD,6505
2188222,239,162,1385,2017,4261724.0,0.0,-0.009819,0.686429,VNM,NLD,6505
2188223,240,162,1385,2017,2386.0,0.0,-1.223329,-1.005357,VUT,NLD,6505
2188224,246,162,1385,2017,9786.0,190042.0,0.2066,1.378591,ZAF,NLD,6505
2188225,249,162,1385,2017,3794325.0,6526.0,2.0548290000000002,1.2552969999999999,TWN,NLD,6505
2188226,250,162,1385,2017,6550.0,42855.0,0.72523,-0.205046,ANS,NLD,6505
2188227,7,163,1385,2017,1013.0,0.0,0.210477,0.02557,ARE,NOR,6505
2188228,14,163,1385,2017,4771.0,4171.0,-0.42427200000000004,-0.152921,AUS,NOR,6505
2188229,15,163,1385,2017,57018.0,13372.0,1.728623,-0.031045999999999997,AUT,NOR,6505
2188230,18,163,1385,2017,34233.0,1035.0,1.292657,1.19571,BEL,NOR,6505
2188231,22,163,1385,2017,1084280.0,0.0,-1.016251,-0.987654,BGD,NOR,6505
2188232,23,163,1385,2017,7637.0,0.0,0.557843,1.7221119999999999,BGR,NOR,6505
2188233,28,163,1385,2017,1801.0,0.0,0.8115829999999999,0.8323459999999999,BLR,NOR,6505
2188234,31,163,1385,2017,23883.0,0.0,-1.158425,-1.076242,BOL,NOR,6505
2188235,32,163,1385,2017,6540.0,0.0,0.145224,0.483461,BRA,NOR,6505
2188236,39,163,1385,2017,18824.0,21175.0,0.73897,1.206402,CAN,NOR,6505
2188237,41,163,1385,2017,7723.0,21647.0,2.2557810000000003,0.845459,CHE,NOR,6505
2188238,43,163,1385,2017,7417554.0,1801.0,1.1127790000000002,1.56869,CHN,NOR,6505
2188239,59,163,1385,2017,152820.0,169173.0,1.7715130000000001,0.359668,CZE,NOR,6505
2188240,61,163,1385,2017,4469556.0,30096.0,2.1149459999999998,-2.525372,DEU,NOR,6505
2188241,64,163,1385,2017,2536077.0,75543.0,1.159753,1.233914,DNK,NOR,6505
2188242,67,163,1385,2017,2988.0,0.0,-0.9995850000000001,-1.086367,ECU,NOR,6505
2188243,68,163,1385,2017,3709.0,0.0,-0.073436,1.829121,EGY,NOR,6505
2188244,71,163,1385,2017,57199.0,18034.0,0.734342,2.8180099999999997,ESP,NOR,6505
2188245,72,163,1385,2017,664036.0,9089.0,1.010985,1.289633,EST,NOR,6505
2188246,74,163,1385,2017,1185853.0,245377.0,1.655957,0.962485,FIN,NOR,6505
2188247,77,163,1385,2017,94719.0,8524.0,1.398427,0.894732,FRA,NOR,6505
2188248,81,163,1385,2017,359037.0,16664.0,1.6883119999999998,0.8347469999999999,GBR,NOR,6505
2188249,90,163,1385,2017,5202.0,0.0,0.154098,1.151038,GRC,NOR,6505
2188250,97,163,1385,2017,195524.0,1004.0,0.824982,1.7162220000000001,HKG,NOR,6505
2188251,99,163,1385,2017,2146.0,0.0,-0.6335689999999999,-0.334201,HND,NOR,6505
2188252,100,163,1385,2017,14227.0,0.0,0.860825,1.365445,HRV,NOR,6505
2188253,102,163,1385,2017,2334.0,0.0,1.4886270000000001,0.845986,HUN,NOR,6505
2188254,103,163,1385,2017,10154.0,0.0,-0.23641700000000002,1.188173,IDN,NOR,6505
2188255,104,163,1385,2017,76006.0,0.0,0.290576,2.726391,IND,NOR,6505
2188256,106,163,1385,2017,1255.0,3949.0,1.363544,0.169211,IRL,NOR,6505
2188257,109,163,1385,2017,7829.0,88027.0,0.386094,-0.277269,ISL,NOR,6505
2188258,110,163,1385,2017,745.0,0.0,1.436156,0.776574,ISR,NOR,6505
2188259,111,163,1385,2017,237790.0,2666.0,1.34395,0.577693,ITA,NOR,6505
2188260,113,163,1385,2017,1196.0,0.0,0.020035,0.295415,JOR,NOR,6505
2188261,114,163,1385,2017,107603.0,3837.0,2.4510419999999997,-0.277357,JPN,NOR,6505
2188262,118,163,1385,2017,92934.0,0.0,-0.656325,-0.622167,KHM,NOR,6505
2188263,121,163,1385,2017,8664.0,3944.0,2.011263,0.783215,KOR,NOR,6505
2188264,128,163,1385,2017,651891.0,0.0,-0.46442799999999995,0.472132,LKA,NOR,6505
2188265,130,163,1385,2017,1099909.0,210290.0,0.855858,1.447717,LTU,NOR,6505
2188266,131,163,1385,2017,1941.0,3224.0,1.24064,1.298263,LUX,NOR,6505
2188267,132,163,1385,2017,78834.0,0.0,0.684555,1.3208030000000002,LVA,NOR,6505
2188268,134,163,1385,2017,1734.0,0.0,-0.757236,-0.065347,MAR,NOR,6505
2188269,135,163,1385,2017,3224.0,0.0,-0.24909,-0.181213,MDA,NOR,6505
2188270,138,163,1385,2017,2290.0,0.0,1.08871,0.5745279999999999,MEX,NOR,6505
2188271,143,163,1385,2017,79147.0,0.0,-1.051544,-0.419183,MMR,NOR,6505
2188272,145,163,1385,2017,4063.0,0.0,-0.933737,-1.1195620000000002,MNG,NOR,6505
2188273,153,163,1385,2017,912.0,1087.0,1.0110139999999999,0.6840729999999999,MYS,NOR,6505
2188274,162,163,1385,2017,701093.0,6621.0,1.146959,1.470869,NLD,NOR,6505
2188275,164,163,1385,2017,48668.0,0.0,-0.319681,0.5788220000000001,NPL,NOR,6505
2188276,166,163,1385,2017,33038.0,0.0,0.25651199999999996,0.132996,NZL,NOR,6505
2188277,168,163,1385,2017,41427.0,0.0,-0.698561,0.43523500000000004,PAK,NOR,6505
2188278,173,163,1385,2017,29687.0,0.0,-0.667658,-0.318344,PER,NOR,6505
2188279,174,163,1385,2017,22092.0,0.0,0.657759,0.170061,PHL,NOR,6505
2188280,177,163,1385,2017,1036936.0,52748.0,1.197417,1.092716,POL,NOR,6505
2188281,179,163,1385,2017,32693.0,0.0,0.527046,2.264624,PRT,NOR,6505
2188282,185,163,1385,2017,30224.0,0.0,1.05479,0.9842219999999999,ROU,NOR,6505
2188283,186,163,1385,2017,4485.0,147757.0,0.32885,0.288392,RUS,NOR,6505
2188284,192,163,1385,2017,18623.0,0.0,1.884166,0.37903600000000004,SGP,NOR,6505
2188285,197,163,1385,2017,4406.0,0.0,0.113639,0.23175199999999999,SLV,NOR,6505
2188286,201,163,1385,2017,1570.0,0.0,0.541644,1.19872,SRB,NOR,6505
2188287,206,163,1385,2017,4172.0,633.0,1.279606,0.85503,SVK,NOR,6505
2188288,207,163,1385,2017,1276.0,0.0,1.600319,0.854305,SVN,NOR,6505
2188289,208,163,1385,2017,5484063.0,1829380.0,1.764732,0.732646,SWE,NOR,6505
2188290,216,163,1385,2017,7480.0,901.0,0.983977,1.3926020000000001,THA,NOR,6505
2188291,223,163,1385,2017,6057.0,0.0,0.224119,0.961772,TUN,NOR,6505
2188292,224,163,1385,2017,131443.0,989.0,0.541611,2.405872,TUR,NOR,6505
2188293,228,163,1385,2017,59449.0,0.0,0.461109,0.7826569999999999,UKR,NOR,6505
2188294,231,163,1385,2017,27900.0,50574.0,1.601478,0.277271,USA,NOR,6505
2188295,239,163,1385,2017,152824.0,0.0,-0.009819,0.686429,VNM,NOR,6505
2188296,246,163,1385,2017,1394.0,0.0,0.2066,1.378591,ZAF,NOR,6505
2188297,249,163,1385,2017,14438.0,0.0,2.0548290000000002,1.2552969999999999,TWN,NOR,6505
2188298,8,166,1385,2017,4762.0,2341.0,-0.120753,0.233375,ARG,NZL,6505
2188299,10,166,1385,2017,0.0,2694.0,0.8844139999999999,-0.13786199999999998,ASM,NZL,6505
2188300,11,166,1385,2017,0.0,8284.0,1.794645,-0.356097,ATA,NZL,6505
2188301,14,166,1385,2017,836864.0,993496.0,-0.42427200000000004,-0.152921,AUS,NZL,6505
2188302,15,166,1385,2017,14590.0,0.0,1.728623,-0.031045999999999997,AUT,NZL,6505
2188303,18,166,1385,2017,13109.0,0.0,1.292657,1.19571,BEL,NZL,6505
2188304,22,166,1385,2017,711605.0,0.0,-1.016251,-0.987654,BGD,NZL,6505
2188305,39,166,1385,2017,21862.0,10752.0,0.73897,1.206402,CAN,NZL,6505
2188306,41,166,1385,2017,1845.0,0.0,2.2557810000000003,0.845459,CHE,NZL,6505
2188307,42,166,1385,2017,0.0,11989.0,-0.378693,-0.492983,CHL,NZL,6505
2188308,43,166,1385,2017,9422088.0,2938.0,1.1127790000000002,1.56869,CHN,NZL,6505
2188309,48,166,1385,2017,0.0,32854.0,0.154051,-0.74144,COK,NZL,6505
2188310,59,166,1385,2017,4438.0,0.0,1.7715130000000001,0.359668,CZE,NZL,6505
2188311,61,166,1385,2017,108944.0,4217.0,2.1149459999999998,-2.525372,DEU,NZL,6505
2188312,64,166,1385,2017,5831.0,0.0,1.159753,1.233914,DNK,NZL,6505
2188313,67,166,1385,2017,8323.0,0.0,-0.9995850000000001,-1.086367,ECU,NZL,6505
2188314,71,166,1385,2017,11794.0,1325.0,0.734342,2.8180099999999997,ESP,NZL,6505
2188315,72,166,1385,2017,0.0,1342.0,1.010985,1.289633,EST,NZL,6505
2188316,74,166,1385,2017,2034.0,9063.0,1.655957,0.962485,FIN,NZL,6505
2188317,75,166,1385,2017,1650.0,49423.0,-0.278276,-0.033997,FJI,NZL,6505
2188318,76,166,1385,2017,0.0,42225.0,-1.506175,-0.9551219999999999,FLK,NZL,6505
2188319,77,166,1385,2017,63472.0,37541.0,1.398427,0.894732,FRA,NZL,6505
2188320,81,166,1385,2017,97969.0,206432.0,1.6883119999999998,0.8347469999999999,GBR,NZL,6505
2188321,95,166,1385,2017,0.0,1041.0,0.638232,0.033204000000000004,GUM,NZL,6505
2188322,97,166,1385,2017,72987.0,0.0,0.824982,1.7162220000000001,HKG,NZL,6505
2188323,103,166,1385,2017,35286.0,0.0,-0.23641700000000002,1.188173,IDN,NZL,6505
2188324,104,166,1385,2017,19910.0,0.0,0.290576,2.726391,IND,NZL,6505
2188325,106,166,1385,2017,3828.0,3231.0,1.363544,0.169211,IRL,NZL,6505
2188326,111,166,1385,2017,16105.0,0.0,1.34395,0.577693,ITA,NZL,6505
2188327,114,166,1385,2017,5741.0,13868.0,2.4510419999999997,-0.277357,JPN,NZL,6505
2188328,118,166,1385,2017,28552.0,0.0,-0.656325,-0.622167,KHM,NZL,6505
2188329,119,166,1385,2017,0.0,1385.0,-0.912241,-0.907758,KIR,NZL,6505
2188330,121,166,1385,2017,57304.0,4894.0,2.011263,0.783215,KOR,NZL,6505
2188331,128,166,1385,2017,34949.0,0.0,-0.46442799999999995,0.472132,LKA,NZL,6505
2188332,138,166,1385,2017,4932.0,0.0,1.08871,0.5745279999999999,MEX,NZL,6505
2188333,143,166,1385,2017,3965.0,0.0,-1.051544,-0.419183,MMR,NZL,6505
2188334,153,166,1385,2017,12116.0,1610.0,1.0110139999999999,0.6840729999999999,MYS,NZL,6505
2188335,156,166,1385,2017,0.0,7480.0,-0.38216100000000003,-0.8662549999999999,NCL,NZL,6505
2188336,161,166,1385,2017,0.0,5291.0,0.436779,-0.758359,NIU,NZL,6505
2188337,162,166,1385,2017,9542.0,103734.0,1.146959,1.470869,NLD,NZL,6505
2188338,163,166,1385,2017,0.0,33038.0,0.73658,0.11450199999999999,NOR,NZL,6505
2188339,164,166,1385,2017,41739.0,0.0,-0.319681,0.5788220000000001,NPL,NZL,6505
2188340,168,166,1385,2017,16765.0,0.0,-0.698561,0.43523500000000004,PAK,NZL,6505
2188341,173,166,1385,2017,5781.0,0.0,-0.667658,-0.318344,PER,NZL,6505
2188342,174,166,1385,2017,46414.0,0.0,0.657759,0.170061,PHL,NZL,6505
2188343,176,166,1385,2017,0.0,4161.0,-1.788834,-1.267126,PNG,NZL,6505
2188344,177,166,1385,2017,4101.0,0.0,1.197417,1.092716,POL,NZL,6505
2188345,179,166,1385,2017,1416.0,0.0,0.527046,2.264624,PRT,NZL,6505
2188346,182,166,1385,2017,0.0,24663.0,-0.1278,-0.748387,PYF,NZL,6505
2188347,185,166,1385,2017,2820.0,0.0,1.05479,0.9842219999999999,ROU,NZL,6505
2188348,186,166,1385,2017,2414.0,0.0,0.32885,0.288392,RUS,NZL,6505
2188349,188,166,1385,2017,0.0,3439.0,0.597716,-0.345049,SAU,NZL,6505
2188350,192,166,1385,2017,61761.0,6835.0,1.884166,0.37903600000000004,SGP,NZL,6505
2188351,208,166,1385,2017,20307.0,0.0,1.764732,0.732646,SWE,NZL,6505
2188352,211,166,1385,2017,0.0,858.0,0.41946000000000006,-0.523274,SYC,NZL,6505
2188353,216,166,1385,2017,14662.0,2183.0,0.983977,1.3926020000000001,THA,NZL,6505
2188354,220,166,1385,2017,0.0,2269.0,-0.45426700000000003,-0.769744,TLS,NZL,6505
2188355,221,166,1385,2017,0.0,14252.0,-0.504652,-0.820577,TON,NZL,6505
2188356,224,166,1385,2017,5168.0,0.0,0.541611,2.405872,TUR,NZL,6505
2188357,231,166,1385,2017,152103.0,10404.0,1.601478,0.277271,USA,NZL,6505
2188358,239,166,1385,2017,290817.0,0.0,-0.009819,0.686429,VNM,NZL,6505
2188359,240,166,1385,2017,0.0,1575.0,-1.223329,-1.005357,VUT,NZL,6505
2188360,242,166,1385,2017,0.0,13536.0,0.450726,0.050197000000000006,WSM,NZL,6505
2188361,246,166,1385,2017,2113.0,25680.0,0.2066,1.378591,ZAF,NZL,6505
2188362,249,166,1385,2017,129795.0,3364.0,2.0548290000000002,1.2552969999999999,TWN,NZL,6505
2188363,2,168,1385,2017,0.0,2082.0,-1.408777,-1.215475,AGO,PAK,6505
2188364,7,168,1385,2017,23316.0,102343.0,0.210477,0.02557,ARE,PAK,6505
2188365,14,168,1385,2017,0.0,103966.0,-0.42427200000000004,-0.152921,AUS,PAK,6505
2188366,15,168,1385,2017,0.0,6378.0,1.728623,-0.031045999999999997,AUT,PAK,6505
2188367,16,168,1385,2017,0.0,4503.0,-1.022455,-1.199225,AZE,PAK,6505
2188368,18,168,1385,2017,0.0,23570.0,1.292657,1.19571,BEL,PAK,6505
2188369,22,168,1385,2017,25346.0,0.0,-1.016251,-0.987654,BGD,PAK,6505
2188370,24,168,1385,2017,0.0,7202.0,0.485479,-0.5348890000000001,BHR,PAK,6505
2188371,26,168,1385,2017,0.0,467.0,0.43245,0.726721,BIH,PAK,6505
2188372,28,168,1385,2017,0.0,711.0,0.8115829999999999,0.8323459999999999,BLR,PAK,6505
2188373,39,168,1385,2017,0.0,253377.0,0.73897,1.206402,CAN,PAK,6505
2188374,41,168,1385,2017,1656.0,36753.0,2.2557810000000003,0.845459,CHE,PAK,6505
2188375,42,168,1385,2017,0.0,24975.0,-0.378693,-0.492983,CHL,PAK,6505
2188376,43,168,1385,2017,5431936.0,0.0,1.1127790000000002,1.56869,CHN,PAK,6505
2188377,59,168,1385,2017,791.0,49893.0,1.7715130000000001,0.359668,CZE,PAK,6505
2188378,61,168,1385,2017,12093.0,633071.0,2.1149459999999998,-2.525372,DEU,PAK,6505
2188379,64,168,1385,2017,0.0,173097.0,1.159753,1.233914,DNK,PAK,6505
2188380,66,168,1385,2017,0.0,1075.0,-0.9905579999999999,-1.1996200000000001,DZA,PAK,6505
2188381,68,168,1385,2017,0.0,1218.0,-0.073436,1.829121,EGY,PAK,6505
2188382,71,168,1385,2017,7903.0,26410.0,0.734342,2.8180099999999997,ESP,PAK,6505
2188383,72,168,1385,2017,0.0,1383.0,1.010985,1.289633,EST,PAK,6505
2188384,74,168,1385,2017,0.0,2651.0,1.655957,0.962485,FIN,PAK,6505
2188385,75,168,1385,2017,0.0,2277.0,-0.278276,-0.033997,FJI,PAK,6505
2188386,77,168,1385,2017,0.0,125257.0,1.398427,0.894732,FRA,PAK,6505
2188387,81,168,1385,2017,4612.0,264326.0,1.6883119999999998,0.8347469999999999,GBR,PAK,6505
2188388,91,168,1385,2017,0.0,682.0,0.384656,-0.317098,GRD,PAK,6505
2188389,97,168,1385,2017,2628.0,0.0,0.824982,1.7162220000000001,HKG,PAK,6505
2188390,103,168,1385,2017,993415.0,6919.0,-0.23641700000000002,1.188173,IDN,PAK,6505
2188391,104,168,1385,2017,1009.0,0.0,0.290576,2.726391,IND,PAK,6505
2188392,106,168,1385,2017,0.0,23852.0,1.363544,0.169211,IRL,PAK,6505
2188393,109,168,1385,2017,0.0,252.0,0.386094,-0.277269,ISL,PAK,6505
2188394,111,168,1385,2017,3262.0,377405.0,1.34395,0.577693,ITA,PAK,6505
2188395,114,168,1385,2017,0.0,1411.0,2.4510419999999997,-0.277357,JPN,PAK,6505
2188396,115,168,1385,2017,0.0,12175.0,-0.394316,-0.5485979999999999,KAZ,PAK,6505
2188397,116,168,1385,2017,0.0,11070.0,-0.579541,0.511926,KEN,PAK,6505
2188398,117,168,1385,2017,0.0,1069.0,-0.11530599999999999,0.264752,KGZ,PAK,6505
2188399,118,168,1385,2017,5247.0,0.0,-0.656325,-0.622167,KHM,PAK,6505
2188400,121,168,1385,2017,0.0,10080.0,2.011263,0.783215,KOR,PAK,6505
2188401,122,168,1385,2017,0.0,120798.0,-0.229821,-1.128482,KWT,PAK,6505
2188402,127,168,1385,2017,0.0,3408.0,0.458896,-0.149195,LCA,PAK,6505
2188403,128,168,1385,2017,0.0,2869.0,-0.46442799999999995,0.472132,LKA,PAK,6505
2188404,131,168,1385,2017,0.0,397.0,1.24064,1.298263,LUX,PAK,6505
2188405,135,168,1385,2017,0.0,477.0,-0.24909,-0.181213,MDA,PAK,6505
2188406,140,168,1385,2017,0.0,197.0,-0.0292,-0.377156,MKD,PAK,6505
2188407,142,168,1385,2017,0.0,2971.0,0.999914,0.12683,MLT,PAK,6505
2188408,144,168,1385,2017,0.0,2490.0,0.201739,-0.23111399999999999,MNE,PAK,6505
2188409,145,168,1385,2017,0.0,2361.0,-0.933737,-1.1195620000000002,MNG,PAK,6505
2188410,151,168,1385,2017,0.0,2713.0,-0.156616,0.073153,MUS,PAK,6505
2188411,153,168,1385,2017,11057.0,17422.0,1.0110139999999999,0.6840729999999999,MYS,PAK,6505
2188412,159,168,1385,2017,0.0,1771.0,-1.8260919999999998,-1.276591,NGA,PAK,6505
2188413,162,168,1385,2017,1695.0,173504.0,1.146959,1.470869,NLD,PAK,6505
2188414,163,168,1385,2017,0.0,41427.0,0.73658,0.11450199999999999,NOR,PAK,6505
2188415,166,168,1385,2017,0.0,16765.0,0.25651199999999996,0.132996,NZL,PAK,6505
2188416,167,168,1385,2017,0.0,15723.0,-0.347684,-0.884569,OMN,PAK,6505
2188417,174,168,1385,2017,4411.0,0.0,0.657759,0.170061,PHL,PAK,6505
2188418,177,168,1385,2017,2432.0,31135.0,1.197417,1.092716,POL,PAK,6505
2188419,179,168,1385,2017,0.0,12330.0,0.527046,2.264624,PRT,PAK,6505
2188420,183,168,1385,2017,1440.0,38021.0,-0.361327,-1.066869,QAT,PAK,6505
2188421,185,168,1385,2017,0.0,6730.0,1.05479,0.9842219999999999,ROU,PAK,6505
2188422,186,168,1385,2017,0.0,106477.0,0.32885,0.288392,RUS,PAK,6505
2188423,188,168,1385,2017,0.0,132733.0,0.597716,-0.345049,SAU,PAK,6505
2188424,192,168,1385,2017,2543.0,18584.0,1.884166,0.37903600000000004,SGP,PAK,6505
2188425,201,168,1385,2017,0.0,7346.0,0.541644,1.19872,SRB,PAK,6505
2188426,206,168,1385,2017,0.0,5621.0,1.279606,0.85503,SVK,PAK,6505
2188427,207,168,1385,2017,0.0,9359.0,1.600319,0.854305,SVN,PAK,6505
2188428,208,168,1385,2017,0.0,23741.0,1.764732,0.732646,SWE,PAK,6505
2188429,216,168,1385,2017,11526.0,15824.0,0.983977,1.3926020000000001,THA,PAK,6505
2188430,224,168,1385,2017,378778.0,0.0,0.541611,2.405872,TUR,PAK,6505
2188431,228,168,1385,2017,0.0,4277.0,0.461109,0.7826569999999999,UKR,PAK,6505
2188432,230,168,1385,2017,0.0,1835.0,0.16963,-0.403006,URY,PAK,6505
2188433,231,168,1385,2017,0.0,841006.0,1.601478,0.277271,USA,PAK,6505
2188434,239,168,1385,2017,9832.0,0.0,-0.009819,0.686429,VNM,PAK,6505
2188435,246,168,1385,2017,0.0,18245.0,0.2066,1.378591,ZAF,PAK,6505
2188436,249,168,1385,2017,1958.0,0.0,2.0548290000000002,1.2552969999999999,TWN,PAK,6505
2188437,0,169,1385,2017,0.0,29181.0,0.845843,0.165178,ABW,PAN,6505
2188438,8,169,1385,2017,1821.0,636.0,-0.120753,0.233375,ARG,PAN,6505
2188439,13,169,1385,2017,0.0,7049.0,0.42561099999999996,-0.42671099999999995,ATG,PAN,6505
2188440,15,169,1385,2017,950.0,0.0,1.728623,-0.031045999999999997,AUT,PAN,6505
2188441,18,169,1385,2017,17133.0,0.0,1.292657,1.19571,BEL,PAN,6505
2188442,22,169,1385,2017,70859.0,0.0,-1.016251,-0.987654,BGD,PAN,6505
2188443,25,169,1385,2017,0.0,2917.0,0.81944,-0.30649499999999996,BHS,PAN,6505
2188444,29,169,1385,2017,0.0,26946.0,-0.284062,-0.711108,BLZ,PAN,6505
2188445,30,169,1385,2017,0.0,5038.0,1.06318,-0.48345,BMU,PAN,6505
2188446,31,169,1385,2017,0.0,1239.0,-1.158425,-1.076242,BOL,PAN,6505
2188447,32,169,1385,2017,4046.0,10012.0,0.145224,0.483461,BRA,PAN,6505
2188448,33,169,1385,2017,1304.0,3007.0,0.589793,-0.004488000000000001,BRB,PAN,6505
2188449,39,169,1385,2017,34377.0,0.0,0.73897,1.206402,CAN,PAN,6505
2188450,41,169,1385,2017,3523.0,0.0,2.2557810000000003,0.845459,CHE,PAN,6505
2188451,42,169,1385,2017,7146.0,37141.0,-0.378693,-0.492983,CHL,PAN,6505
2188452,43,169,1385,2017,5639701.0,0.0,1.1127790000000002,1.56869,CHN,PAN,6505
2188453,49,169,1385,2017,12443.0,2667.0,0.208096,-0.17644300000000002,COL,PAN,6505
2188454,52,169,1385,2017,7057.0,93388.0,0.288642,-0.056219000000000005,CRI,PAN,6505
2188455,54,169,1385,2017,0.0,168099.0,-0.77404,-1.121084,CUB,PAN,6505
2188456,55,169,1385,2017,0.0,85327.0,0.161139,-0.591701,CUW,PAN,6505
2188457,59,169,1385,2017,3136.0,0.0,1.7715130000000001,0.359668,CZE,PAN,6505
2188458,61,169,1385,2017,73886.0,0.0,2.1149459999999998,-2.525372,DEU,PAN,6505
2188459,65,169,1385,2017,0.0,11619.0,-0.168016,0.30840100000000004,DOM,PAN,6505
2188460,67,169,1385,2017,30956.0,9956.0,-0.9995850000000001,-1.086367,ECU,PAN,6505
2188461,71,169,1385,2017,105365.0,1984.0,0.734342,2.8180099999999997,ESP,PAN,6505
2188462,77,169,1385,2017,18310.0,3018.0,1.398427,0.894732,FRA,PAN,6505
2188463,81,169,1385,2017,3047.0,0.0,1.6883119999999998,0.8347469999999999,GBR,PAN,6505
2188464,90,169,1385,2017,3617.0,0.0,0.154098,1.151038,GRC,PAN,6505
2188465,91,169,1385,2017,0.0,1614.0,0.384656,-0.317098,GRD,PAN,6505
2188466,93,169,1385,2017,9401.0,376067.0,-0.418538,0.557454,GTM,PAN,6505
2188467,96,169,1385,2017,0.0,12142.0,-0.703271,-0.898648,GUY,PAN,6505
2188468,97,169,1385,2017,808929.0,0.0,0.824982,1.7162220000000001,HKG,PAN,6505
2188469,99,169,1385,2017,33438.0,1159.0,-0.6335689999999999,-0.334201,HND,PAN,6505
2188470,101,169,1385,2017,0.0,10558.0,-1.0089219999999999,-0.946722,HTI,PAN,6505
2188471,103,169,1385,2017,92341.0,0.0,-0.23641700000000002,1.188173,IDN,PAN,6505
2188472,104,169,1385,2017,102496.0,0.0,0.290576,2.726391,IND,PAN,6505
2188473,105,169,1385,2017,0.0,28943.0,0.30708,-0.604495,IOT,PAN,6505
2188474,110,169,1385,2017,750.0,0.0,1.436156,0.776574,ISR,PAN,6505
2188475,111,169,1385,2017,11414.0,0.0,1.34395,0.577693,ITA,PAN,6505
2188476,112,169,1385,2017,0.0,3572.0,-0.497654,-0.76481,JAM,PAN,6505
2188477,118,169,1385,2017,63752.0,0.0,-0.656325,-0.622167,KHM,PAN,6505
2188478,120,169,1385,2017,0.0,7398.0,0.781625,-0.405177,KNA,PAN,6505
2188479,121,169,1385,2017,64312.0,1446.0,2.011263,0.783215,KOR,PAN,6505
2188480,127,169,1385,2017,0.0,11567.0,0.458896,-0.149195,LCA,PAN,6505
2188481,128,169,1385,2017,1688.0,0.0,-0.46442799999999995,0.472132,LKA,PAN,6505
2188482,132,169,1385,2017,1566.0,0.0,0.684555,1.3208030000000002,LVA,PAN,6505
2188483,138,169,1385,2017,31042.0,13255.0,1.08871,0.5745279999999999,MEX,PAN,6505
2188484,153,169,1385,2017,923.0,0.0,1.0110139999999999,0.6840729999999999,MYS,PAN,6505
2188485,160,169,1385,2017,1882.0,5494.0,-1.0502280000000002,-0.8817719999999999,NIC,PAN,6505
2188486,162,169,1385,2017,26032.0,0.0,1.146959,1.470869,NLD,PAN,6505
2188487,173,169,1385,2017,34629.0,1742.0,-0.667658,-0.318344,PER,PAN,6505
2188488,174,169,1385,2017,41085.0,0.0,0.657759,0.170061,PHL,PAN,6505
2188489,177,169,1385,2017,7808.0,0.0,1.197417,1.092716,POL,PAN,6505
2188490,179,169,1385,2017,2069.0,0.0,0.527046,2.264624,PRT,PAN,6505
2188491,180,169,1385,2017,0.0,3171.0,-0.437741,-0.9248879999999999,PRY,PAN,6505
2188492,192,169,1385,2017,14346.0,0.0,1.884166,0.37903600000000004,SGP,PAN,6505
2188493,197,169,1385,2017,3257.0,4880.0,0.113639,0.23175199999999999,SLV,PAN,6505
2188494,205,169,1385,2017,0.0,15427.0,-0.596432,-1.0249700000000002,SUR,PAN,6505
2188495,208,169,1385,2017,3463.0,0.0,1.764732,0.732646,SWE,PAN,6505
2188496,210,169,1385,2017,0.0,16553.0,0.892698,-0.795854,SXM,PAN,6505
2188497,216,169,1385,2017,13255.0,0.0,0.983977,1.3926020000000001,THA,PAN,6505
2188498,222,169,1385,2017,0.0,121124.0,-0.183935,-1.012153,TTO,PAN,6505
2188499,224,169,1385,2017,9484.0,0.0,0.541611,2.405872,TUR,PAN,6505
2188500,230,169,1385,2017,0.0,13426.0,0.16963,-0.403006,URY,PAN,6505
2188501,231,169,1385,2017,1301607.0,1983.0,1.601478,0.277271,USA,PAN,6505
2188502,234,169,1385,2017,0.0,317.0,-0.040273,-0.549452,VCT,PAN,6505
2188503,236,169,1385,2017,0.0,178009.0,-0.8874559999999999,-1.178752,VEN,PAN,6505
2188504,239,169,1385,2017,513776.0,0.0,-0.009819,0.686429,VNM,PAN,6505
2188505,246,169,1385,2017,1593.0,0.0,0.2066,1.378591,ZAF,PAN,6505
2188506,249,169,1385,2017,161475.0,0.0,2.0548290000000002,1.2552969999999999,TWN,PAN,6505
2188507,250,169,1385,2017,177280.0,3329920.0,0.72523,-0.205046,ANS,PAN,6505
2188508,0,173,1385,2017,0.0,12207.0,0.845843,0.165178,ABW,PER,6505
2188509,2,173,1385,2017,0.0,1106.0,-1.408777,-1.215475,AGO,PER,6505
2188510,7,173,1385,2017,0.0,3282.0,0.210477,0.02557,ARE,PER,6505
2188511,8,173,1385,2017,1319.0,51710.0,-0.120753,0.233375,ARG,PER,6505
2188512,13,173,1385,2017,0.0,2080.0,0.42561099999999996,-0.42671099999999995,ATG,PER,6505
2188513,14,173,1385,2017,1261.0,9723.0,-0.42427200000000004,-0.152921,AUS,PER,6505
2188514,15,173,1385,2017,8027.0,10203.0,1.728623,-0.031045999999999997,AUT,PER,6505
2188515,18,173,1385,2017,0.0,46605.0,1.292657,1.19571,BEL,PER,6505
2188516,22,173,1385,2017,99489.0,0.0,-1.016251,-0.987654,BGD,PER,6505
2188517,31,173,1385,2017,0.0,47297.0,-1.158425,-1.076242,BOL,PER,6505
2188518,32,173,1385,2017,6948.0,60261.0,0.145224,0.483461,BRA,PER,6505
2188519,33,173,1385,2017,0.0,3279.0,0.589793,-0.004488000000000001,BRB,PER,6505
2188520,39,173,1385,2017,5828.0,101639.0,0.73897,1.206402,CAN,PER,6505
2188521,41,173,1385,2017,3221.0,60732.0,2.2557810000000003,0.845459,CHE,PER,6505
2188522,42,173,1385,2017,183445.0,114225.0,-0.378693,-0.492983,CHL,PER,6505
2188523,43,173,1385,2017,5430067.0,8082.0,1.1127790000000002,1.56869,CHN,PER,6505
2188524,49,173,1385,2017,11321.0,10455.0,0.208096,-0.17644300000000002,COL,PER,6505
2188525,52,173,1385,2017,0.0,34138.0,0.288642,-0.056219000000000005,CRI,PER,6505
2188526,54,173,1385,2017,0.0,5916.0,-0.77404,-1.121084,CUB,PER,6505
2188527,57,173,1385,2017,0.0,8632.0,1.105397,-0.794764,CYM,PER,6505
2188528,59,173,1385,2017,2524.0,0.0,1.7715130000000001,0.359668,CZE,PER,6505
2188529,61,173,1385,2017,80451.0,216186.0,2.1149459999999998,-2.525372,DEU,PER,6505
2188530,64,173,1385,2017,3743.0,11558.0,1.159753,1.233914,DNK,PER,6505
2188531,65,173,1385,2017,0.0,6003.0,-0.168016,0.30840100000000004,DOM,PER,6505
2188532,67,173,1385,2017,16890.0,52041.0,-0.9995850000000001,-1.086367,ECU,PER,6505
2188533,71,173,1385,2017,26654.0,14682.0,0.734342,2.8180099999999997,ESP,PER,6505
2188534,72,173,1385,2017,0.0,967.0,1.010985,1.289633,EST,PER,6505
2188535,77,173,1385,2017,16356.0,44906.0,1.398427,0.894732,FRA,PER,6505
2188536,81,173,1385,2017,1277.0,35752.0,1.6883119999999998,0.8347469999999999,GBR,PER,6505
2188537,93,173,1385,2017,0.0,2193.0,-0.418538,0.557454,GTM,PER,6505
2188538,97,173,1385,2017,15179.0,0.0,0.824982,1.7162220000000001,HKG,PER,6505
2188539,99,173,1385,2017,0.0,2960.0,-0.6335689999999999,-0.334201,HND,PER,6505
2188540,103,173,1385,2017,43574.0,0.0,-0.23641700000000002,1.188173,IDN,PER,6505
2188541,104,173,1385,2017,1870.0,3552.0,0.290576,2.726391,IND,PER,6505
2188542,106,173,1385,2017,0.0,5596.0,1.363544,0.169211,IRL,PER,6505
2188543,109,173,1385,2017,0.0,360.0,0.386094,-0.277269,ISL,PER,6505
2188544,110,173,1385,2017,0.0,902.0,1.436156,0.776574,ISR,PER,6505
2188545,111,173,1385,2017,2682.0,13504.0,1.34395,0.577693,ITA,PER,6505
2188546,112,173,1385,2017,0.0,2505.0,-0.497654,-0.76481,JAM,PER,6505
2188547,114,173,1385,2017,3736.0,28620.0,2.4510419999999997,-0.277357,JPN,PER,6505
2188548,118,173,1385,2017,5254.0,0.0,-0.656325,-0.622167,KHM,PER,6505
2188549,121,173,1385,2017,1024.0,31946.0,2.011263,0.783215,KOR,PER,6505
2188550,122,173,1385,2017,0.0,5946.0,-0.229821,-1.128482,KWT,PER,6505
2188551,124,173,1385,2017,0.0,2070.0,0.266847,1.117621,LBN,PER,6505
2188552,127,173,1385,2017,0.0,1549.0,0.458896,-0.149195,LCA,PER,6505
2188553,130,173,1385,2017,0.0,4458.0,0.855858,1.447717,LTU,PER,6505
2188554,131,173,1385,2017,0.0,217.0,1.24064,1.298263,LUX,PER,6505
2188555,138,173,1385,2017,8596.0,59753.0,1.08871,0.5745279999999999,MEX,PER,6505
2188556,143,173,1385,2017,13144.0,0.0,-1.051544,-0.419183,MMR,PER,6505
2188557,153,173,1385,2017,8264.0,0.0,1.0110139999999999,0.6840729999999999,MYS,PER,6505
2188558,160,173,1385,2017,0.0,937.0,-1.0502280000000002,-0.8817719999999999,NIC,PER,6505
2188559,162,173,1385,2017,0.0,7563.0,1.146959,1.470869,NLD,PER,6505
2188560,163,173,1385,2017,0.0,29687.0,0.73658,0.11450199999999999,NOR,PER,6505
2188561,166,173,1385,2017,0.0,5781.0,0.25651199999999996,0.132996,NZL,PER,6505
2188562,169,173,1385,2017,1742.0,34629.0,0.5520109999999999,0.788181,PAN,PER,6505
2188563,174,173,1385,2017,68291.0,0.0,0.657759,0.170061,PHL,PER,6505
2188564,177,173,1385,2017,0.0,2000.0,1.197417,1.092716,POL,PER,6505
2188565,179,173,1385,2017,5858.0,0.0,0.527046,2.264624,PRT,PER,6505
2188566,180,173,1385,2017,0.0,2963.0,-0.437741,-0.9248879999999999,PRY,PER,6505
2188567,183,173,1385,2017,0.0,10445.0,-0.361327,-1.066869,QAT,PER,6505
2188568,186,173,1385,2017,0.0,30805.0,0.32885,0.288392,RUS,PER,6505
2188569,208,173,1385,2017,5547.0,5464.0,1.764732,0.732646,SWE,PER,6505
2188570,216,173,1385,2017,7283.0,0.0,0.983977,1.3926020000000001,THA,PER,6505
2188571,222,173,1385,2017,0.0,5252.0,-0.183935,-1.012153,TTO,PER,6505
2188572,224,173,1385,2017,13493.0,2295.0,0.541611,2.405872,TUR,PER,6505
2188573,230,173,1385,2017,0.0,2639.0,0.16963,-0.403006,URY,PER,6505
2188574,231,173,1385,2017,106687.0,1628289.0,1.601478,0.277271,USA,PER,6505
2188575,236,173,1385,2017,0.0,28640.0,-0.8874559999999999,-1.178752,VEN,PER,6505
2188576,239,173,1385,2017,172473.0,0.0,-0.009819,0.686429,VNM,PER,6505
2188577,249,173,1385,2017,13708.0,1712.0,2.0548290000000002,1.2552969999999999,TWN,PER,6505
2188578,7,174,1385,2017,7609.0,287025.0,0.210477,0.02557,ARE,PHL,6505
2188579,8,174,1385,2017,0.0,195951.0,-0.120753,0.233375,ARG,PHL,6505
2188580,9,174,1385,2017,0.0,1063.0,-0.23846799999999999,-0.658774,ARM,PHL,6505
2188581,14,174,1385,2017,1531.0,334102.0,-0.42427200000000004,-0.152921,AUS,PHL,6505
2188582,15,174,1385,2017,2071.0,207426.0,1.728623,-0.031045999999999997,AUT,PHL,6505
2188583,16,174,1385,2017,0.0,3372.0,-1.022455,-1.199225,AZE,PHL,6505
2188584,18,174,1385,2017,0.0,2388.0,1.292657,1.19571,BEL,PHL,6505
2188585,22,174,1385,2017,54316.0,0.0,-1.016251,-0.987654,BGD,PHL,6505
2188586,24,174,1385,2017,0.0,34603.0,0.485479,-0.5348890000000001,BHR,PHL,6505
2188587,26,174,1385,2017,0.0,1014.0,0.43245,0.726721,BIH,PHL,6505
2188588,28,174,1385,2017,0.0,643.0,0.8115829999999999,0.8323459999999999,BLR,PHL,6505
2188589,31,174,1385,2017,0.0,2945.0,-1.158425,-1.076242,BOL,PHL,6505
2188590,32,174,1385,2017,0.0,419776.0,0.145224,0.483461,BRA,PHL,6505
2188591,39,174,1385,2017,3457.0,515470.0,0.73897,1.206402,CAN,PHL,6505
2188592,41,174,1385,2017,1290.0,157538.0,2.2557810000000003,0.845459,CHE,PHL,6505
2188593,42,174,1385,2017,0.0,104842.0,-0.378693,-0.492983,CHL,PHL,6505
2188594,43,174,1385,2017,9423549.0,502367.0,1.1127790000000002,1.56869,CHN,PHL,6505
2188595,49,174,1385,2017,0.0,40217.0,0.208096,-0.17644300000000002,COL,PHL,6505
2188596,52,174,1385,2017,0.0,9854.0,0.288642,-0.056219000000000005,CRI,PHL,6505
2188597,59,174,1385,2017,0.0,142816.0,1.7715130000000001,0.359668,CZE,PHL,6505
2188598,61,174,1385,2017,16114.0,2240095.0,2.1149459999999998,-2.525372,DEU,PHL,6505
2188599,64,174,1385,2017,1346.0,8299.0,1.159753,1.233914,DNK,PHL,6505
2188600,65,174,1385,2017,0.0,4942.0,-0.168016,0.30840100000000004,DOM,PHL,6505
2188601,66,174,1385,2017,0.0,6089.0,-0.9905579999999999,-1.1996200000000001,DZA,PHL,6505
2188602,67,174,1385,2017,0.0,48374.0,-0.9995850000000001,-1.086367,ECU,PHL,6505
2188603,71,174,1385,2017,24488.0,267392.0,0.734342,2.8180099999999997,ESP,PHL,6505
2188604,72,174,1385,2017,0.0,2795.0,1.010985,1.289633,EST,PHL,6505
2188605,74,174,1385,2017,0.0,58410.0,1.655957,0.962485,FIN,PHL,6505
2188606,77,174,1385,2017,1543.0,660951.0,1.398427,0.894732,FRA,PHL,6505
2188607,81,174,1385,2017,4539.0,599743.0,1.6883119999999998,0.8347469999999999,GBR,PHL,6505
2188608,83,174,1385,2017,0.0,4483.0,-0.929143,-0.811439,GHA,PHL,6505
2188609,97,174,1385,2017,217960.0,24231.0,0.824982,1.7162220000000001,HKG,PHL,6505
2188610,103,174,1385,2017,110974.0,59041.0,-0.23641700000000002,1.188173,IDN,PHL,6505
2188611,104,174,1385,2017,13299.0,295034.0,0.290576,2.726391,IND,PHL,6505
2188612,106,174,1385,2017,0.0,1198.0,1.363544,0.169211,IRL,PHL,6505
2188613,109,174,1385,2017,0.0,194.0,0.386094,-0.277269,ISL,PHL,6505
2188614,110,174,1385,2017,0.0,27672.0,1.436156,0.776574,ISR,PHL,6505
2188615,111,174,1385,2017,2794.0,85998.0,1.34395,0.577693,ITA,PHL,6505
2188616,114,174,1385,2017,19649.0,611947.0,2.4510419999999997,-0.277357,JPN,PHL,6505
2188617,115,174,1385,2017,0.0,9590.0,-0.394316,-0.5485979999999999,KAZ,PHL,6505
2188618,117,174,1385,2017,0.0,631.0,-0.11530599999999999,0.264752,KGZ,PHL,6505
2188619,121,174,1385,2017,90647.0,406251.0,2.011263,0.783215,KOR,PHL,6505
2188620,122,174,1385,2017,0.0,29486.0,-0.229821,-1.128482,KWT,PHL,6505
2188621,124,174,1385,2017,0.0,13821.0,0.266847,1.117621,LBN,PHL,6505
2188622,134,174,1385,2017,0.0,12848.0,-0.757236,-0.065347,MAR,PHL,6505
2188623,135,174,1385,2017,0.0,1799.0,-0.24909,-0.181213,MDA,PHL,6505
2188624,138,174,1385,2017,0.0,1093793.0,1.08871,0.5745279999999999,MEX,PHL,6505
2188625,140,174,1385,2017,0.0,397.0,-0.0292,-0.377156,MKD,PHL,6505
2188626,143,174,1385,2017,4768.0,1831.0,-1.051544,-0.419183,MMR,PHL,6505
2188627,145,174,1385,2017,0.0,2057.0,-0.933737,-1.1195620000000002,MNG,PHL,6505
2188628,151,174,1385,2017,0.0,2094.0,-0.156616,0.073153,MUS,PHL,6505
2188629,153,174,1385,2017,33695.0,181983.0,1.0110139999999999,0.6840729999999999,MYS,PHL,6505
2188630,160,174,1385,2017,0.0,383.0,-1.0502280000000002,-0.8817719999999999,NIC,PHL,6505
2188631,162,174,1385,2017,4024.0,999752.0,1.146959,1.470869,NLD,PHL,6505
2188632,163,174,1385,2017,0.0,22092.0,0.73658,0.11450199999999999,NOR,PHL,6505
2188633,166,174,1385,2017,0.0,46414.0,0.25651199999999996,0.132996,NZL,PHL,6505
2188634,168,174,1385,2017,0.0,4411.0,-0.698561,0.43523500000000004,PAK,PHL,6505
2188635,169,174,1385,2017,0.0,41085.0,0.5520109999999999,0.788181,PAN,PHL,6505
2188636,173,174,1385,2017,0.0,68291.0,-0.667658,-0.318344,PER,PHL,6505
2188637,176,174,1385,2017,0.0,34281.0,-1.788834,-1.267126,PNG,PHL,6505
2188638,177,174,1385,2017,0.0,49306.0,1.197417,1.092716,POL,PHL,6505
2188639,179,174,1385,2017,1001.0,251.0,0.527046,2.264624,PRT,PHL,6505
2188640,183,174,1385,2017,0.0,13904.0,-0.361327,-1.066869,QAT,PHL,6505
2188641,185,174,1385,2017,0.0,1899.0,1.05479,0.9842219999999999,ROU,PHL,6505
2188642,186,174,1385,2017,0.0,555948.0,0.32885,0.288392,RUS,PHL,6505
2188643,188,174,1385,2017,0.0,22341.0,0.597716,-0.345049,SAU,PHL,6505
2188644,192,174,1385,2017,411329.0,146528.0,1.884166,0.37903600000000004,SGP,PHL,6505
2188645,197,174,1385,2017,0.0,17447.0,0.113639,0.23175199999999999,SLV,PHL,6505
2188646,201,174,1385,2017,0.0,4470.0,0.541644,1.19872,SRB,PHL,6505
2188647,206,174,1385,2017,0.0,9020.0,1.279606,0.85503,SVK,PHL,6505
2188648,207,174,1385,2017,0.0,3844.0,1.600319,0.854305,SVN,PHL,6505
2188649,208,174,1385,2017,1050.0,71083.0,1.764732,0.732646,SWE,PHL,6505
2188650,216,174,1385,2017,79056.0,79036.0,0.983977,1.3926020000000001,THA,PHL,6505
2188651,223,174,1385,2017,0.0,7059.0,0.224119,0.961772,TUN,PHL,6505
2188652,224,174,1385,2017,1200.0,38936.0,0.541611,2.405872,TUR,PHL,6505
2188653,228,174,1385,2017,0.0,36318.0,0.461109,0.7826569999999999,UKR,PHL,6505
2188654,230,174,1385,2017,0.0,11021.0,0.16963,-0.403006,URY,PHL,6505
2188655,231,174,1385,2017,150538.0,6244059.0,1.601478,0.277271,USA,PHL,6505
2188656,239,174,1385,2017,177447.0,10216.0,-0.009819,0.686429,VNM,PHL,6505
2188657,246,174,1385,2017,0.0,518978.0,0.2066,1.378591,ZAF,PHL,6505
2188658,249,174,1385,2017,25184.0,93860.0,2.0548290000000002,1.2552969999999999,TWN,PHL,6505
2188659,4,177,1385,2017,66621.0,0.0,-0.44769899999999996,-0.17193,ALB,POL,6505
2188660,7,177,1385,2017,3432.0,25999.0,0.210477,0.02557,ARE,POL,6505
2188661,9,177,1385,2017,0.0,9919.0,-0.23846799999999999,-0.658774,ARM,POL,6505
2188662,11,177,1385,2017,0.0,5389.0,1.794645,-0.356097,ATA,POL,6505
2188663,14,177,1385,2017,2977.0,82864.0,-0.42427200000000004,-0.152921,AUS,POL,6505
2188664,15,177,1385,2017,1093645.0,2890457.0,1.728623,-0.031045999999999997,AUT,POL,6505
2188665,16,177,1385,2017,0.0,11395.0,-1.022455,-1.199225,AZE,POL,6505
2188666,18,177,1385,2017,404931.0,415693.0,1.292657,1.19571,BEL,POL,6505
2188667,22,177,1385,2017,1354004.0,0.0,-1.016251,-0.987654,BGD,POL,6505
2188668,23,177,1385,2017,11356.0,180146.0,0.557843,1.7221119999999999,BGR,POL,6505
2188669,26,177,1385,2017,0.0,12512.0,0.43245,0.726721,BIH,POL,6505
2188670,28,177,1385,2017,351258.0,646200.0,0.8115829999999999,0.8323459999999999,BLR,POL,6505
2188671,32,177,1385,2017,0.0,3599.0,0.145224,0.483461,BRA,POL,6505
2188672,39,177,1385,2017,3164.0,120989.0,0.73897,1.206402,CAN,POL,6505
2188673,41,177,1385,2017,11324.0,374981.0,2.2557810000000003,0.845459,CHE,POL,6505
2188674,42,177,1385,2017,0.0,6938.0,-0.378693,-0.492983,CHL,POL,6505
2188675,43,177,1385,2017,30084330.0,37144.0,1.1127790000000002,1.56869,CHN,POL,6505
2188676,44,177,1385,2017,0.0,1138.0,-0.784119,-0.904135,CIV,POL,6505
2188677,49,177,1385,2017,0.0,950.0,0.208096,-0.17644300000000002,COL,POL,6505
2188678,58,177,1385,2017,0.0,5881.0,0.576982,0.279989,CYP,POL,6505
2188679,59,177,1385,2017,2082203.0,3713898.0,1.7715130000000001,0.359668,CZE,POL,6505
2188680,61,177,1385,2017,17887948.0,22281912.0,2.1149459999999998,-2.525372,DEU,POL,6505
2188681,64,177,1385,2017,502966.0,447867.0,1.159753,1.233914,DNK,POL,6505
2188682,66,177,1385,2017,0.0,1454.0,-0.9905579999999999,-1.1996200000000001,DZA,POL,6505
2188683,67,177,1385,2017,0.0,10558.0,-0.9995850000000001,-1.086367,ECU,POL,6505
2188684,68,177,1385,2017,39806.0,1350.0,-0.073436,1.829121,EGY,POL,6505
2188685,71,177,1385,2017,5069504.0,429877.0,0.734342,2.8180099999999997,ESP,POL,6505
2188686,72,177,1385,2017,7231.0,637130.0,1.010985,1.289633,EST,POL,6505
2188687,74,177,1385,2017,33130.0,1446146.0,1.655957,0.962485,FIN,POL,6505
2188688,77,177,1385,2017,3281032.0,883356.0,1.398427,0.894732,FRA,POL,6505
2188689,81,177,1385,2017,2628872.0,1465072.0,1.6883119999999998,0.8347469999999999,GBR,POL,6505
2188690,82,177,1385,2017,18674.0,17062.0,-0.241749,-0.374727,GEO,POL,6505
2188691,90,177,1385,2017,48387.0,62901.0,0.154098,1.151038,GRC,POL,6505
2188692,93,177,1385,2017,0.0,1694.0,-0.418538,0.557454,GTM,POL,6505
2188693,97,177,1385,2017,9991.0,33583.0,0.824982,1.7162220000000001,HKG,POL,6505
2188694,100,177,1385,2017,28383.0,198860.0,0.860825,1.365445,HRV,POL,6505
2188695,102,177,1385,2017,160105.0,1614353.0,1.4886270000000001,0.845986,HUN,POL,6505
2188696,103,177,1385,2017,13499.0,1292.0,-0.23641700000000002,1.188173,IDN,POL,6505
2188697,104,177,1385,2017,299083.0,0.0,0.290576,2.726391,IND,POL,6505
2188698,106,177,1385,2017,71162.0,716327.0,1.363544,0.169211,IRL,POL,6505
2188699,107,177,1385,2017,0.0,4983.0,-0.361292,-0.361813,IRN,POL,6505
2188700,109,177,1385,2017,0.0,64785.0,0.386094,-0.277269,ISL,POL,6505
2188701,110,177,1385,2017,0.0,419161.0,1.436156,0.776574,ISR,POL,6505
2188702,111,177,1385,2017,3929332.0,644307.0,1.34395,0.577693,ITA,POL,6505
2188703,113,177,1385,2017,653.0,990.0,0.020035,0.295415,JOR,POL,6505
2188704,114,177,1385,2017,13345.0,121942.0,2.4510419999999997,-0.277357,JPN,POL,6505
2188705,115,177,1385,2017,0.0,1862914.0,-0.394316,-0.5485979999999999,KAZ,POL,6505
2188706,117,177,1385,2017,0.0,100424.0,-0.11530599999999999,0.264752,KGZ,POL,6505
2188707,118,177,1385,2017,174101.0,1760.0,-0.656325,-0.622167,KHM,POL,6505
2188708,121,177,1385,2017,34425.0,80053.0,2.011263,0.783215,KOR,POL,6505
2188709,122,177,1385,2017,0.0,3924.0,-0.229821,-1.128482,KWT,POL,6505
2188710,124,177,1385,2017,0.0,1913.0,0.266847,1.117621,LBN,POL,6505
2188711,128,177,1385,2017,230277.0,0.0,-0.46442799999999995,0.472132,LKA,POL,6505
2188712,130,177,1385,2017,38287.0,876789.0,0.855858,1.447717,LTU,POL,6505
2188713,131,177,1385,2017,0.0,43569.0,1.24064,1.298263,LUX,POL,6505
2188714,132,177,1385,2017,0.0,903686.0,0.684555,1.3208030000000002,LVA,POL,6505
2188715,133,177,1385,2017,0.0,4856.0,0.264006,-0.11028099999999999,MAC,POL,6505
2188716,134,177,1385,2017,2087.0,0.0,-0.757236,-0.065347,MAR,POL,6505
2188717,135,177,1385,2017,14778.0,96815.0,-0.24909,-0.181213,MDA,POL,6505
2188718,136,177,1385,2017,4080.0,0.0,-1.277182,-0.6503399999999999,MDG,POL,6505
2188719,138,177,1385,2017,2653.0,4289.0,1.08871,0.5745279999999999,MEX,POL,6505
2188720,140,177,1385,2017,24524.0,27562.0,-0.0292,-0.377156,MKD,POL,6505
2188721,142,177,1385,2017,0.0,8664.0,0.999914,0.12683,MLT,POL,6505
2188722,143,177,1385,2017,705647.0,0.0,-1.051544,-0.419183,MMR,POL,6505
2188723,144,177,1385,2017,0.0,4206.0,0.201739,-0.23111399999999999,MNE,POL,6505
2188724,145,177,1385,2017,892.0,4824.0,-0.933737,-1.1195620000000002,MNG,POL,6505
2188725,153,177,1385,2017,12443.0,4294.0,1.0110139999999999,0.6840729999999999,MYS,POL,6505
2188726,162,177,1385,2017,5060052.0,1193385.0,1.146959,1.470869,NLD,POL,6505
2188727,163,177,1385,2017,52748.0,1036936.0,0.73658,0.11450199999999999,NOR,POL,6505
2188728,164,177,1385,2017,2906.0,0.0,-0.319681,0.5788220000000001,NPL,POL,6505
2188729,166,177,1385,2017,0.0,4101.0,0.25651199999999996,0.132996,NZL,POL,6505
2188730,167,177,1385,2017,0.0,3214.0,-0.347684,-0.884569,OMN,POL,6505
2188731,168,177,1385,2017,31135.0,2432.0,-0.698561,0.43523500000000004,PAK,POL,6505
2188732,169,177,1385,2017,0.0,7808.0,0.5520109999999999,0.788181,PAN,POL,6505
2188733,173,177,1385,2017,2000.0,0.0,-0.667658,-0.318344,PER,POL,6505
2188734,174,177,1385,2017,49306.0,0.0,0.657759,0.170061,PHL,POL,6505
2188735,179,177,1385,2017,108300.0,23718.0,0.527046,2.264624,PRT,POL,6505
2188736,183,177,1385,2017,0.0,4901.0,-0.361327,-1.066869,QAT,POL,6505
2188737,185,177,1385,2017,33085.0,3866866.0,1.05479,0.9842219999999999,ROU,POL,6505
2188738,186,177,1385,2017,273689.0,9645713.0,0.32885,0.288392,RUS,POL,6505
2188739,188,177,1385,2017,0.0,12061.0,0.597716,-0.345049,SAU,POL,6505
2188740,192,177,1385,2017,1392.0,16881.0,1.884166,0.37903600000000004,SGP,POL,6505
2188741,201,177,1385,2017,1338.0,71261.0,0.541644,1.19872,SRB,POL,6505
2188742,206,177,1385,2017,1278380.0,2151298.0,1.279606,0.85503,SVK,POL,6505
2188743,207,177,1385,2017,4569.0,144622.0,1.600319,0.854305,SVN,POL,6505
2188744,208,177,1385,2017,492248.0,4528636.0,1.764732,0.732646,SWE,POL,6505
2188745,216,177,1385,2017,3406.0,1168.0,0.983977,1.3926020000000001,THA,POL,6505
2188746,219,177,1385,2017,0.0,1027.0,-1.564885,-1.274637,TKM,POL,6505
2188747,223,177,1385,2017,5238.0,0.0,0.224119,0.961772,TUN,POL,6505
2188748,224,177,1385,2017,1306956.0,80066.0,0.541611,2.405872,TUR,POL,6505
2188749,227,177,1385,2017,0.0,2406.0,-0.6831020000000001,-0.046838,UGA,POL,6505
2188750,228,177,1385,2017,120210.0,2812818.0,0.461109,0.7826569999999999,UKR,POL,6505
2188751,229,177,1385,2017,1540.0,0.0,1.501854,0.552625,UMI,POL,6505
2188752,231,177,1385,2017,39814.0,670924.0,1.601478,0.277271,USA,POL,6505
2188753,237,177,1385,2017,1157.0,49784.0,0.768,-0.257912,VGB,POL,6505
2188754,239,177,1385,2017,246303.0,0.0,-0.009819,0.686429,VNM,POL,6505
2188755,246,177,1385,2017,0.0,4642.0,0.2066,1.378591,ZAF,POL,6505
2188756,249,177,1385,2017,134237.0,11937.0,2.0548290000000002,1.2552969999999999,TWN,POL,6505
2188757,250,177,1385,2017,76689.0,147592.0,0.72523,-0.205046,ANS,POL,6505
2188758,2,179,1385,2017,0.0,553880.0,-1.408777,-1.215475,AGO,PRT,6505
2188759,4,179,1385,2017,0.0,4969.0,-0.44769899999999996,-0.17193,ALB,PRT,6505
2188760,5,179,1385,2017,0.0,3127.0,1.097505,0.480863,AND,PRT,6505
2188761,7,179,1385,2017,2435.0,36431.0,0.210477,0.02557,ARE,PRT,6505
2188762,14,179,1385,2017,1005.0,3509.0,-0.42427200000000004,-0.152921,AUS,PRT,6505
2188763,15,179,1385,2017,6704.0,64442.0,1.728623,-0.031045999999999997,AUT,PRT,6505
2188764,16,179,1385,2017,0.0,689.0,-1.022455,-1.199225,AZE,PRT,6505
2188765,18,179,1385,2017,166599.0,77344.0,1.292657,1.19571,BEL,PRT,6505
2188766,22,179,1385,2017,5059.0,0.0,-1.016251,-0.987654,BGD,PRT,6505
2188767,23,179,1385,2017,0.0,84709.0,0.557843,1.7221119999999999,BGR,PRT,6505
2188768,24,179,1385,2017,0.0,13955.0,0.485479,-0.5348890000000001,BHR,PRT,6505
2188769,26,179,1385,2017,0.0,268.0,0.43245,0.726721,BIH,PRT,6505
2188770,28,179,1385,2017,0.0,1570.0,0.8115829999999999,0.8323459999999999,BLR,PRT,6505
2188771,32,179,1385,2017,2853.0,2313.0,0.145224,0.483461,BRA,PRT,6505
2188772,39,179,1385,2017,1819.0,20753.0,0.73897,1.206402,CAN,PRT,6505
2188773,41,179,1385,2017,4983.0,64038.0,2.2557810000000003,0.845459,CHE,PRT,6505
2188774,42,179,1385,2017,0.0,5338.0,-0.378693,-0.492983,CHL,PRT,6505
2188775,43,179,1385,2017,4127708.0,19070.0,1.1127790000000002,1.56869,CHN,PRT,6505
2188776,44,179,1385,2017,0.0,975.0,-0.784119,-0.904135,CIV,PRT,6505
2188777,49,179,1385,2017,1943.0,2497.0,0.208096,-0.17644300000000002,COL,PRT,6505
2188778,51,179,1385,2017,0.0,64933.0,-0.11722300000000001,-0.677707,CPV,PRT,6505
2188779,58,179,1385,2017,0.0,26107.0,0.576982,0.279989,CYP,PRT,6505
2188780,59,179,1385,2017,128809.0,5176.0,1.7715130000000001,0.359668,CZE,PRT,6505
2188781,61,179,1385,2017,749355.0,608138.0,2.1149459999999998,-2.525372,DEU,PRT,6505
2188782,64,179,1385,2017,38042.0,12308.0,1.159753,1.233914,DNK,PRT,6505
2188783,65,179,1385,2017,0.0,14095.0,-0.168016,0.30840100000000004,DOM,PRT,6505
2188784,66,179,1385,2017,0.0,5737.0,-0.9905579999999999,-1.1996200000000001,DZA,PRT,6505
2188785,67,179,1385,2017,3997.0,941.0,-0.9995850000000001,-1.086367,ECU,PRT,6505
2188786,68,179,1385,2017,12368.0,5681.0,-0.073436,1.829121,EGY,PRT,6505
2188787,71,179,1385,2017,6746173.0,1704208.0,0.734342,2.8180099999999997,ESP,PRT,6505
2188788,72,179,1385,2017,0.0,3028.0,1.010985,1.289633,EST,PRT,6505
2188789,74,179,1385,2017,0.0,49898.0,1.655957,0.962485,FIN,PRT,6505
2188790,77,179,1385,2017,2653964.0,1433148.0,1.398427,0.894732,FRA,PRT,6505
2188791,81,179,1385,2017,922497.0,185240.0,1.6883119999999998,0.8347469999999999,GBR,PRT,6505
2188792,82,179,1385,2017,0.0,13052.0,-0.241749,-0.374727,GEO,PRT,6505
2188793,84,179,1385,2017,0.0,1313.0,0.767836,-0.725273,GIB,PRT,6505
2188794,88,179,1385,2017,0.0,8066.0,-2.418518,-0.954242,GNB,PRT,6505
2188795,90,179,1385,2017,14557.0,41105.0,0.154098,1.151038,GRC,PRT,6505
2188796,93,179,1385,2017,0.0,8215.0,-0.418538,0.557454,GTM,PRT,6505
2188797,97,179,1385,2017,11504.0,17426.0,0.824982,1.7162220000000001,HKG,PRT,6505
2188798,99,179,1385,2017,0.0,1877.0,-0.6335689999999999,-0.334201,HND,PRT,6505
2188799,100,179,1385,2017,2618.0,3871.0,0.860825,1.365445,HRV,PRT,6505
2188800,102,179,1385,2017,0.0,11104.0,1.4886270000000001,0.845986,HUN,PRT,6505
2188801,103,179,1385,2017,3388.0,4341.0,-0.23641700000000002,1.188173,IDN,PRT,6505
2188802,104,179,1385,2017,41298.0,3810.0,0.290576,2.726391,IND,PRT,6505
2188803,106,179,1385,2017,39854.0,44998.0,1.363544,0.169211,IRL,PRT,6505
2188804,107,179,1385,2017,0.0,1351.0,-0.361292,-0.361813,IRN,PRT,6505
2188805,109,179,1385,2017,0.0,7667.0,0.386094,-0.277269,ISL,PRT,6505
2188806,110,179,1385,2017,0.0,4837.0,1.436156,0.776574,ISR,PRT,6505
2188807,111,179,1385,2017,920895.0,204718.0,1.34395,0.577693,ITA,PRT,6505
2188808,113,179,1385,2017,0.0,2518.0,0.020035,0.295415,JOR,PRT,6505
2188809,114,179,1385,2017,1801.0,19975.0,2.4510419999999997,-0.277357,JPN,PRT,6505
2188810,115,179,1385,2017,0.0,1408.0,-0.394316,-0.5485979999999999,KAZ,PRT,6505
2188811,118,179,1385,2017,0.0,671.0,-0.656325,-0.622167,KHM,PRT,6505
2188812,121,179,1385,2017,1237.0,37014.0,2.011263,0.783215,KOR,PRT,6505
2188813,122,179,1385,2017,0.0,3607.0,-0.229821,-1.128482,KWT,PRT,6505
2188814,124,179,1385,2017,0.0,12913.0,0.266847,1.117621,LBN,PRT,6505
2188815,131,179,1385,2017,0.0,134493.0,1.24064,1.298263,LUX,PRT,6505
2188816,132,179,1385,2017,1965.0,5065.0,0.684555,1.3208030000000002,LVA,PRT,6505
2188817,134,179,1385,2017,0.0,18442.0,-0.757236,-0.065347,MAR,PRT,6505
2188818,135,179,1385,2017,0.0,1344.0,-0.24909,-0.181213,MDA,PRT,6505
2188819,137,179,1385,2017,0.0,747.0,-1.100027,-0.9779479999999999,MDV,PRT,6505
2188820,138,179,1385,2017,0.0,13646.0,1.08871,0.5745279999999999,MEX,PRT,6505
2188821,142,179,1385,2017,4718.0,8036.0,0.999914,0.12683,MLT,PRT,6505
2188822,144,179,1385,2017,0.0,1216.0,0.201739,-0.23111399999999999,MNE,PRT,6505
2188823,147,179,1385,2017,0.0,50333.0,-1.3882290000000002,-1.114475,MOZ,PRT,6505
2188824,153,179,1385,2017,26392.0,0.0,1.0110139999999999,0.6840729999999999,MYS,PRT,6505
2188825,162,179,1385,2017,1944697.0,220354.0,1.146959,1.470869,NLD,PRT,6505
2188826,163,179,1385,2017,0.0,32693.0,0.73658,0.11450199999999999,NOR,PRT,6505
2188827,166,179,1385,2017,0.0,1416.0,0.25651199999999996,0.132996,NZL,PRT,6505
2188828,168,179,1385,2017,12330.0,0.0,-0.698561,0.43523500000000004,PAK,PRT,6505
2188829,169,179,1385,2017,0.0,2069.0,0.5520109999999999,0.788181,PAN,PRT,6505
2188830,173,179,1385,2017,0.0,5858.0,-0.667658,-0.318344,PER,PRT,6505
2188831,174,179,1385,2017,251.0,1001.0,0.657759,0.170061,PHL,PRT,6505
2188832,177,179,1385,2017,23718.0,108300.0,1.197417,1.092716,POL,PRT,6505
2188833,183,179,1385,2017,0.0,6087.0,-0.361327,-1.066869,QAT,PRT,6505
2188834,185,179,1385,2017,0.0,42554.0,1.05479,0.9842219999999999,ROU,PRT,6505
2188835,186,179,1385,2017,0.0,12196.0,0.32885,0.288392,RUS,PRT,6505
2188836,188,179,1385,2017,0.0,2525.0,0.597716,-0.345049,SAU,PRT,6505
2188837,191,179,1385,2017,0.0,2236.0,-0.6722899999999999,-0.26522199999999996,SEN,PRT,6505
2188838,192,179,1385,2017,0.0,2448.0,1.884166,0.37903600000000004,SGP,PRT,6505
2188839,201,179,1385,2017,0.0,2055.0,0.541644,1.19872,SRB,PRT,6505
2188840,203,179,1385,2017,0.0,10168.0,0.531107,-0.43282200000000004,STP,PRT,6505
2188841,206,179,1385,2017,0.0,7391.0,1.279606,0.85503,SVK,PRT,6505
2188842,207,179,1385,2017,1040.0,5865.0,1.600319,0.854305,SVN,PRT,6505
2188843,208,179,1385,2017,44408.0,354568.0,1.764732,0.732646,SWE,PRT,6505
2188844,209,179,1385,2017,0.0,1463.0,0.126066,-0.551203,SWZ,PRT,6505
2188845,216,179,1385,2017,2358.0,1176.0,0.983977,1.3926020000000001,THA,PRT,6505
2188846,220,179,1385,2017,0.0,6450.0,-0.45426700000000003,-0.769744,TLS,PRT,6505
2188847,223,179,1385,2017,0.0,11578.0,0.224119,0.961772,TUN,PRT,6505
2188848,224,179,1385,2017,3305.0,8550.0,0.541611,2.405872,TUR,PRT,6505
2188849,227,179,1385,2017,0.0,1450.0,-0.6831020000000001,-0.046838,UGA,PRT,6505
2188850,228,179,1385,2017,0.0,3103.0,0.461109,0.7826569999999999,UKR,PRT,6505
2188851,231,179,1385,2017,10233.0,224902.0,1.601478,0.277271,USA,PRT,6505
2188852,239,179,1385,2017,3681.0,0.0,-0.009819,0.686429,VNM,PRT,6505
2188853,246,179,1385,2017,0.0,3351.0,0.2066,1.378591,ZAF,PRT,6505
2188854,249,179,1385,2017,0.0,2669.0,2.0548290000000002,1.2552969999999999,TWN,PRT,6505
2188855,7,180,1385,2017,1925.0,0.0,0.210477,0.02557,ARE,PRY,6505
2188856,8,180,1385,2017,31859.0,4474.0,-0.120753,0.233375,ARG,PRY,6505
2188857,32,180,1385,2017,89129.0,0.0,0.145224,0.483461,BRA,PRY,6505
2188858,42,180,1385,2017,157260.0,0.0,-0.378693,-0.492983,CHL,PRY,6505
2188859,43,180,1385,2017,409807.0,0.0,1.1127790000000002,1.56869,CHN,PRY,6505
2188860,49,180,1385,2017,1011.0,0.0,0.208096,-0.17644300000000002,COL,PRY,6505
2188861,59,180,1385,2017,1448.0,0.0,1.7715130000000001,0.359668,CZE,PRY,6505
2188862,61,180,1385,2017,39864.0,0.0,2.1149459999999998,-2.525372,DEU,PRY,6505
2188863,64,180,1385,2017,881.0,0.0,1.159753,1.233914,DNK,PRY,6505
2188864,71,180,1385,2017,3085.0,0.0,0.734342,2.8180099999999997,ESP,PRY,6505
2188865,77,180,1385,2017,3017.0,0.0,1.398427,0.894732,FRA,PRY,6505
2188866,97,180,1385,2017,38092.0,0.0,0.824982,1.7162220000000001,HKG,PRY,6505
2188867,103,180,1385,2017,2490.0,0.0,-0.23641700000000002,1.188173,IDN,PRY,6505
2188868,104,180,1385,2017,2063.0,0.0,0.290576,2.726391,IND,PRY,6505
2188869,111,180,1385,2017,8753.0,0.0,1.34395,0.577693,ITA,PRY,6505
2188870,118,180,1385,2017,1110.0,0.0,-0.656325,-0.622167,KHM,PRY,6505
2188871,138,180,1385,2017,1089.0,0.0,1.08871,0.5745279999999999,MEX,PRY,6505
2188872,169,180,1385,2017,3171.0,0.0,0.5520109999999999,0.788181,PAN,PRY,6505
2188873,173,180,1385,2017,2963.0,0.0,-0.667658,-0.318344,PER,PRY,6505
2188874,216,180,1385,2017,951.0,0.0,0.983977,1.3926020000000001,THA,PRY,6505
2188875,224,180,1385,2017,2283.0,0.0,0.541611,2.405872,TUR,PRY,6505
2188876,230,180,1385,2017,0.0,15866.0,0.16963,-0.403006,URY,PRY,6505
2188877,231,180,1385,2017,54248.0,0.0,1.601478,0.277271,USA,PRY,6505
2188878,239,180,1385,2017,17944.0,0.0,-0.009819,0.686429,VNM,PRY,6505
2188879,249,180,1385,2017,63046.0,0.0,2.0548290000000002,1.2552969999999999,TWN,PRY,6505
2188880,7,181,1385,2017,345.0,0.0,0.210477,0.02557,ARE,PSE,6505
2188881,43,181,1385,2017,8874.0,0.0,1.1127790000000002,1.56869,CHN,PSE,6505
2188882,68,181,1385,2017,7315.0,0.0,-0.073436,1.829121,EGY,PSE,6505
2188883,81,181,1385,2017,562.0,0.0,1.6883119999999998,0.8347469999999999,GBR,PSE,6505
2188884,97,181,1385,2017,1577.0,0.0,0.824982,1.7162220000000001,HKG,PSE,6505
2188885,110,181,1385,2017,34576.0,374060.0,1.436156,0.776574,ISR,PSE,6505
2188886,113,181,1385,2017,6861.0,0.0,0.020035,0.295415,JOR,PSE,6505
2188887,224,181,1385,2017,18033.0,0.0,0.541611,2.405872,TUR,PSE,6505
2188888,231,181,1385,2017,94.0,0.0,1.601478,0.277271,USA,PSE,6505
2188889,239,181,1385,2017,1345.0,0.0,-0.009819,0.686429,VNM,PSE,6505
2188890,7,186,1385,2017,0.0,16672.0,0.210477,0.02557,ARE,RUS,6505
2188891,9,186,1385,2017,742494.0,59659.0,-0.23846799999999999,-0.658774,ARM,RUS,6505
2188892,14,186,1385,2017,0.0,691.0,-0.42427200000000004,-0.152921,AUS,RUS,6505
2188893,15,186,1385,2017,507768.0,5361.0,1.728623,-0.031045999999999997,AUT,RUS,6505
2188894,16,186,1385,2017,0.0,126165.0,-1.022455,-1.199225,AZE,RUS,6505
2188895,18,186,1385,2017,35368.0,0.0,1.292657,1.19571,BEL,RUS,6505
2188896,22,186,1385,2017,2100422.0,0.0,-1.016251,-0.987654,BGD,RUS,6505
2188897,23,186,1385,2017,209060.0,857.0,0.557843,1.7221119999999999,BGR,RUS,6505
2188898,26,186,1385,2017,25987.0,0.0,0.43245,0.726721,BIH,RUS,6505
2188899,28,186,1385,2017,2058665.0,3182191.0,0.8115829999999999,0.8323459999999999,BLR,RUS,6505
2188900,31,186,1385,2017,5465.0,0.0,-1.158425,-1.076242,BOL,RUS,6505
2188901,32,186,1385,2017,2797.0,950.0,0.145224,0.483461,BRA,RUS,6505
2188902,39,186,1385,2017,59554.0,2617.0,0.73897,1.206402,CAN,RUS,6505
2188903,41,186,1385,2017,109998.0,54927.0,2.2557810000000003,0.845459,CHE,RUS,6505
2188904,42,186,1385,2017,0.0,4841.0,-0.378693,-0.492983,CHL,RUS,6505
2188905,43,186,1385,2017,57995900.0,0.0,1.1127790000000002,1.56869,CHN,RUS,6505
2188906,49,186,1385,2017,1836.0,0.0,0.208096,-0.17644300000000002,COL,RUS,6505
2188907,58,186,1385,2017,755.0,3461.0,0.576982,0.279989,CYP,RUS,6505
2188908,59,186,1385,2017,2010822.0,4594.0,1.7715130000000001,0.359668,CZE,RUS,6505
2188909,61,186,1385,2017,6627968.0,9101.0,2.1149459999999998,-2.525372,DEU,RUS,6505
2188910,64,186,1385,2017,173105.0,0.0,1.159753,1.233914,DNK,RUS,6505
2188911,68,186,1385,2017,52686.0,0.0,-0.073436,1.829121,EGY,RUS,6505
2188912,71,186,1385,2017,588850.0,0.0,0.734342,2.8180099999999997,ESP,RUS,6505
2188913,72,186,1385,2017,558489.0,54248.0,1.010985,1.289633,EST,RUS,6505
2188914,73,186,1385,2017,6223.0,0.0,-1.007413,-0.638231,ETH,RUS,6505
2188915,74,186,1385,2017,1887471.0,7172.0,1.655957,0.962485,FIN,RUS,6505
2188916,77,186,1385,2017,1158729.0,13665.0,1.398427,0.894732,FRA,RUS,6505
2188917,81,186,1385,2017,253475.0,23001.0,1.6883119999999998,0.8347469999999999,GBR,RUS,6505
2188918,82,186,1385,2017,0.0,97731.0,-0.241749,-0.374727,GEO,RUS,6505
2188919,90,186,1385,2017,8763.0,0.0,0.154098,1.151038,GRC,RUS,6505
2188920,97,186,1385,2017,251479.0,0.0,0.824982,1.7162220000000001,HKG,RUS,6505
2188921,100,186,1385,2017,445666.0,6793.0,0.860825,1.365445,HRV,RUS,6505
2188922,102,186,1385,2017,22556.0,11287.0,1.4886270000000001,0.845986,HUN,RUS,6505
2188923,103,186,1385,2017,98367.0,0.0,-0.23641700000000002,1.188173,IDN,RUS,6505
2188924,104,186,1385,2017,70364.0,4114.0,0.290576,2.726391,IND,RUS,6505
2188925,106,186,1385,2017,943.0,0.0,1.363544,0.169211,IRL,RUS,6505
2188926,107,186,1385,2017,4100.0,968.0,-0.361292,-0.361813,IRN,RUS,6505
2188927,110,186,1385,2017,2010.0,1279.0,1.436156,0.776574,ISR,RUS,6505
2188928,111,186,1385,2017,7222523.0,2993.0,1.34395,0.577693,ITA,RUS,6505
2188929,114,186,1385,2017,14055.0,31578.0,2.4510419999999997,-0.277357,JPN,RUS,6505
2188930,115,186,1385,2017,292625.0,6893334.0,-0.394316,-0.5485979999999999,KAZ,RUS,6505
2188931,117,186,1385,2017,1041424.0,95485.0,-0.11530599999999999,0.264752,KGZ,RUS,6505
2188932,118,186,1385,2017,353980.0,0.0,-0.656325,-0.622167,KHM,RUS,6505
2188933,121,186,1385,2017,143010.0,2208.0,2.011263,0.783215,KOR,RUS,6505
2188934,128,186,1385,2017,2215525.0,0.0,-0.46442799999999995,0.472132,LKA,RUS,6505
2188935,130,186,1385,2017,1248994.0,36178.0,0.855858,1.447717,LTU,RUS,6505
2188936,131,186,1385,2017,2324.0,2095.0,1.24064,1.298263,LUX,RUS,6505
2188937,132,186,1385,2017,61033.0,11652.0,0.684555,1.3208030000000002,LVA,RUS,6505
2188938,134,186,1385,2017,5722.0,0.0,-0.757236,-0.065347,MAR,RUS,6505
2188939,135,186,1385,2017,3790.0,32947.0,-0.24909,-0.181213,MDA,RUS,6505
2188940,136,186,1385,2017,63018.0,0.0,-1.277182,-0.6503399999999999,MDG,RUS,6505
2188941,138,186,1385,2017,1360.0,0.0,1.08871,0.5745279999999999,MEX,RUS,6505
2188942,140,186,1385,2017,4877.0,0.0,-0.0292,-0.377156,MKD,RUS,6505
2188943,143,186,1385,2017,316775.0,0.0,-1.051544,-0.419183,MMR,RUS,6505
2188944,145,186,1385,2017,215969.0,91290.0,-0.933737,-1.1195620000000002,MNG,RUS,6505
2188945,151,186,1385,2017,2415.0,0.0,-0.156616,0.073153,MUS,RUS,6505
2188946,153,186,1385,2017,10061.0,876.0,1.0110139999999999,0.6840729999999999,MYS,RUS,6505
2188947,162,186,1385,2017,474548.0,12563.0,1.146959,1.470869,NLD,RUS,6505
2188948,163,186,1385,2017,147757.0,4485.0,0.73658,0.11450199999999999,NOR,RUS,6505
2188949,164,186,1385,2017,27499.0,0.0,-0.319681,0.5788220000000001,NPL,RUS,6505
2188950,166,186,1385,2017,0.0,2414.0,0.25651199999999996,0.132996,NZL,RUS,6505
2188951,168,186,1385,2017,106477.0,0.0,-0.698561,0.43523500000000004,PAK,RUS,6505
2188952,173,186,1385,2017,30805.0,0.0,-0.667658,-0.318344,PER,RUS,6505
2188953,174,186,1385,2017,555948.0,0.0,0.657759,0.170061,PHL,RUS,6505
2188954,177,186,1385,2017,9645713.0,273689.0,1.197417,1.092716,POL,RUS,6505
2188955,179,186,1385,2017,12196.0,0.0,0.527046,2.264624,PRT,RUS,6505
2188956,185,186,1385,2017,67751.0,1378.0,1.05479,0.9842219999999999,ROU,RUS,6505
2188957,188,186,1385,2017,0.0,917.0,0.597716,-0.345049,SAU,RUS,6505
2188958,197,186,1385,2017,15817.0,0.0,0.113639,0.23175199999999999,SLV,RUS,6505
2188959,201,186,1385,2017,76686.0,0.0,0.541644,1.19872,SRB,RUS,6505
2188960,206,186,1385,2017,14319.0,0.0,1.279606,0.85503,SVK,RUS,6505
2188961,207,186,1385,2017,22328.0,0.0,1.600319,0.854305,SVN,RUS,6505
2188962,208,186,1385,2017,219475.0,3457.0,1.764732,0.732646,SWE,RUS,6505
2188963,216,186,1385,2017,22019.0,0.0,0.983977,1.3926020000000001,THA,RUS,6505
2188964,217,186,1385,2017,0.0,15908.0,-0.938366,-1.092714,TJK,RUS,6505
2188965,219,186,1385,2017,0.0,10468.0,-1.564885,-1.274637,TKM,RUS,6505
2188966,223,186,1385,2017,77368.0,0.0,0.224119,0.961772,TUN,RUS,6505
2188967,224,186,1385,2017,867596.0,15205.0,0.541611,2.405872,TUR,RUS,6505
2188968,226,186,1385,2017,0.0,1247.0,-1.0691709999999999,0.11636800000000001,TZA,RUS,6505
2188969,228,186,1385,2017,29131.0,617576.0,0.461109,0.7826569999999999,UKR,RUS,6505
2188970,231,186,1385,2017,79792.0,41423.0,1.601478,0.277271,USA,RUS,6505
2188971,232,186,1385,2017,3440097.0,15035.0,-0.407169,-0.264942,UZB,RUS,6505
2188972,239,186,1385,2017,2075889.0,0.0,-0.009819,0.686429,VNM,RUS,6505
2188973,246,186,1385,2017,11515.0,0.0,0.2066,1.378591,ZAF,RUS,6505
2188974,249,186,1385,2017,1650284.0,0.0,2.0548290000000002,1.2552969999999999,TWN,RUS,6505
2188975,250,186,1385,2017,6602.0,197139.0,0.72523,-0.205046,ANS,RUS,6505
2188976,7,188,1385,2017,867962.0,275343.0,0.210477,0.02557,ARE,SAU,6505
2188977,15,188,1385,2017,1629.0,2638.0,1.728623,-0.031045999999999997,AUT,SAU,6505
2188978,18,188,1385,2017,4999.0,0.0,1.292657,1.19571,BEL,SAU,6505
2188979,22,188,1385,2017,184701.0,0.0,-1.016251,-0.987654,BGD,SAU,6505
2188980,24,188,1385,2017,548578.0,65509.0,0.485479,-0.5348890000000001,BHR,SAU,6505
2188981,39,188,1385,2017,14918.0,0.0,0.73897,1.206402,CAN,SAU,6505
2188982,41,188,1385,2017,1128249.0,0.0,2.2557810000000003,0.845459,CHE,SAU,6505
2188983,43,188,1385,2017,23601750.0,1274.0,1.1127790000000002,1.56869,CHN,SAU,6505
2188984,59,188,1385,2017,51260.0,0.0,1.7715130000000001,0.359668,CZE,SAU,6505
2188985,61,188,1385,2017,231764.0,0.0,2.1149459999999998,-2.525372,DEU,SAU,6505
2188986,64,188,1385,2017,1191.0,0.0,1.159753,1.233914,DNK,SAU,6505
2188987,68,188,1385,2017,31628.0,0.0,-0.073436,1.829121,EGY,SAU,6505
2188988,71,188,1385,2017,76087.0,0.0,0.734342,2.8180099999999997,ESP,SAU,6505
2188989,77,188,1385,2017,44265.0,0.0,1.398427,0.894732,FRA,SAU,6505
2188990,81,188,1385,2017,15554119.0,0.0,1.6883119999999998,0.8347469999999999,GBR,SAU,6505
2188991,97,188,1385,2017,305407.0,0.0,0.824982,1.7162220000000001,HKG,SAU,6505
2188992,103,188,1385,2017,799399.0,0.0,-0.23641700000000002,1.188173,IDN,SAU,6505
2188993,104,188,1385,2017,281336.0,1139.0,0.290576,2.726391,IND,SAU,6505
2188994,111,188,1385,2017,547319.0,0.0,1.34395,0.577693,ITA,SAU,6505
2188995,113,188,1385,2017,25732.0,0.0,0.020035,0.295415,JOR,SAU,6505
2188996,114,188,1385,2017,105807.0,0.0,2.4510419999999997,-0.277357,JPN,SAU,6505
2188997,118,188,1385,2017,43868.0,0.0,-0.656325,-0.622167,KHM,SAU,6505
2188998,121,188,1385,2017,326364.0,0.0,2.011263,0.783215,KOR,SAU,6505
2188999,122,188,1385,2017,201937.0,710602.0,-0.229821,-1.128482,KWT,SAU,6505
2189000,124,188,1385,2017,0.0,7078.0,0.266847,1.117621,LBN,SAU,6505
2189001,128,188,1385,2017,10654.0,0.0,-0.46442799999999995,0.472132,LKA,SAU,6505
2189002,132,188,1385,2017,750.0,0.0,0.684555,1.3208030000000002,LVA,SAU,6505
2189003,134,188,1385,2017,0.0,1043.0,-0.757236,-0.065347,MAR,SAU,6505
2189004,162,188,1385,2017,23666.0,0.0,1.146959,1.470869,NLD,SAU,6505
2189005,166,188,1385,2017,3439.0,0.0,0.25651199999999996,0.132996,NZL,SAU,6505
2189006,168,188,1385,2017,132733.0,0.0,-0.698561,0.43523500000000004,PAK,SAU,6505
2189007,174,188,1385,2017,22341.0,0.0,0.657759,0.170061,PHL,SAU,6505
2189008,177,188,1385,2017,12061.0,0.0,1.197417,1.092716,POL,SAU,6505
2189009,179,188,1385,2017,2525.0,0.0,0.527046,2.264624,PRT,SAU,6505
2189010,183,188,1385,2017,20529.0,186638.0,-0.361327,-1.066869,QAT,SAU,6505
2189011,186,188,1385,2017,917.0,0.0,0.32885,0.288392,RUS,SAU,6505
2189012,192,188,1385,2017,148633.0,0.0,1.884166,0.37903600000000004,SGP,SAU,6505
2189013,206,188,1385,2017,49825.0,0.0,1.279606,0.85503,SVK,SAU,6505
2189014,208,188,1385,2017,6871.0,0.0,1.764732,0.732646,SWE,SAU,6505
2189015,209,188,1385,2017,32532.0,0.0,0.126066,-0.551203,SWZ,SAU,6505
2189016,212,188,1385,2017,2483456.0,0.0,-0.660905,0.345462,SYR,SAU,6505
2189017,216,188,1385,2017,129632.0,3992.0,0.983977,1.3926020000000001,THA,SAU,6505
2189018,224,188,1385,2017,3150044.0,0.0,0.541611,2.405872,TUR,SAU,6505
2189019,231,188,1385,2017,544046.0,3430.0,1.601478,0.277271,USA,SAU,6505
2189020,239,188,1385,2017,206006.0,0.0,-0.009819,0.686429,VNM,SAU,6505
2189021,246,188,1385,2017,3610.0,4811.0,0.2066,1.378591,ZAF,SAU,6505
2189022,0,190,1385,2017,3764.0,0.0,0.845843,0.165178,ABW,SDN,6505
2189023,7,190,1385,2017,2622.0,0.0,0.210477,0.02557,ARE,SDN,6505
2189024,15,190,1385,2017,1036.0,0.0,1.728623,-0.031045999999999997,AUT,SDN,6505
2189025,43,190,1385,2017,1560607.0,0.0,1.1127790000000002,1.56869,CHN,SDN,6505
2189026,61,190,1385,2017,826.0,0.0,2.1149459999999998,-2.525372,DEU,SDN,6505
2189027,104,190,1385,2017,4294.0,0.0,0.290576,2.726391,IND,SDN,6505
2189028,134,190,1385,2017,1616.0,0.0,-0.757236,-0.065347,MAR,SDN,6505
2189029,208,190,1385,2017,1488.0,0.0,1.764732,0.732646,SWE,SDN,6505
2189030,224,190,1385,2017,26424.0,0.0,0.541611,2.405872,TUR,SDN,6505
2189031,246,190,1385,2017,3959.0,0.0,0.2066,1.378591,ZAF,SDN,6505
2189032,250,190,1385,2017,6.0,0.0,0.72523,-0.205046,ANS,SDN,6505
2189033,2,192,1385,2017,0.0,31634.0,-1.408777,-1.215475,AGO,SGP,6505
2189034,7,192,1385,2017,7905.0,167686.0,0.210477,0.02557,ARE,SGP,6505
2189035,14,192,1385,2017,52552.0,136350.0,-0.42427200000000004,-0.152921,AUS,SGP,6505
2189036,15,192,1385,2017,6803.0,6100.0,1.728623,-0.031045999999999997,AUT,SGP,6505
2189037,18,192,1385,2017,6185.0,0.0,1.292657,1.19571,BEL,SGP,6505
2189038,22,192,1385,2017,2572382.0,0.0,-1.016251,-0.987654,BGD,SGP,6505
2189039,23,192,1385,2017,6310.0,0.0,0.557843,1.7221119999999999,BGR,SGP,6505
2189040,24,192,1385,2017,0.0,2665.0,0.485479,-0.5348890000000001,BHR,SGP,6505
2189041,32,192,1385,2017,0.0,91402.0,0.145224,0.483461,BRA,SGP,6505
2189042,34,192,1385,2017,0.0,41788.0,0.270525,-0.747949,BRN,SGP,6505
2189043,35,192,1385,2017,0.0,1442.0,-0.167518,-0.7758520000000001,BTN,SGP,6505
2189044,39,192,1385,2017,16527.0,114189.0,0.73897,1.206402,CAN,SGP,6505
2189045,41,192,1385,2017,30938.0,26817.0,2.2557810000000003,0.845459,CHE,SGP,6505
2189046,43,192,1385,2017,5511552.0,4667.0,1.1127790000000002,1.56869,CHN,SGP,6505
2189047,44,192,1385,2017,0.0,3911.0,-0.784119,-0.904135,CIV,SGP,6505
2189048,49,192,1385,2017,1446.0,2503.0,0.208096,-0.17644300000000002,COL,SGP,6505
2189049,58,192,1385,2017,512.0,2908.0,0.576982,0.279989,CYP,SGP,6505
2189050,59,192,1385,2017,148094.0,1238.0,1.7715130000000001,0.359668,CZE,SGP,6505
2189051,61,192,1385,2017,88373.0,11896.0,2.1149459999999998,-2.525372,DEU,SGP,6505
2189052,64,192,1385,2017,1308.0,0.0,1.159753,1.233914,DNK,SGP,6505
2189053,67,192,1385,2017,3344.0,0.0,-0.9995850000000001,-1.086367,ECU,SGP,6505
2189054,71,192,1385,2017,38477.0,1859.0,0.734342,2.8180099999999997,ESP,SGP,6505
2189055,77,192,1385,2017,1307663.0,17232.0,1.398427,0.894732,FRA,SGP,6505
2189056,81,192,1385,2017,84596.0,120904.0,1.6883119999999998,0.8347469999999999,GBR,SGP,6505
2189057,83,192,1385,2017,0.0,1443.0,-0.929143,-0.811439,GHA,SGP,6505
2189058,90,192,1385,2017,2100.0,5631.0,0.154098,1.151038,GRC,SGP,6505
2189059,95,192,1385,2017,0.0,9243.0,0.638232,0.033204000000000004,GUM,SGP,6505
2189060,97,192,1385,2017,666783.0,84978.0,0.824982,1.7162220000000001,HKG,SGP,6505
2189061,103,192,1385,2017,357818.0,298711.0,-0.23641700000000002,1.188173,IDN,SGP,6505
2189062,104,192,1385,2017,51845.0,41763.0,0.290576,2.726391,IND,SGP,6505
2189063,106,192,1385,2017,1998.0,0.0,1.363544,0.169211,IRL,SGP,6505
2189064,108,192,1385,2017,0.0,2881.0,-1.515339,-0.9462950000000001,IRQ,SGP,6505
2189065,110,192,1385,2017,3266.0,28489.0,1.436156,0.776574,ISR,SGP,6505
2189066,111,192,1385,2017,128905.0,0.0,1.34395,0.577693,ITA,SGP,6505
2189067,114,192,1385,2017,50679.0,163166.0,2.4510419999999997,-0.277357,JPN,SGP,6505
2189068,118,192,1385,2017,282255.0,11978.0,-0.656325,-0.622167,KHM,SGP,6505
2189069,121,192,1385,2017,76182.0,52142.0,2.011263,0.783215,KOR,SGP,6505
2189070,124,192,1385,2017,0.0,7300.0,0.266847,1.117621,LBN,SGP,6505
2189071,128,192,1385,2017,32777.0,1904.0,-0.46442799999999995,0.472132,LKA,SGP,6505
2189072,130,192,1385,2017,1518.0,0.0,0.855858,1.447717,LTU,SGP,6505
2189073,131,192,1385,2017,2914.0,0.0,1.24064,1.298263,LUX,SGP,6505
2189074,134,192,1385,2017,0.0,1996.0,-0.757236,-0.065347,MAR,SGP,6505
2189075,135,192,1385,2017,3440.0,0.0,-0.24909,-0.181213,MDA,SGP,6505
2189076,137,192,1385,2017,0.0,9408.0,-1.100027,-0.9779479999999999,MDV,SGP,6505
2189077,138,192,1385,2017,4217.0,229650.0,1.08871,0.5745279999999999,MEX,SGP,6505
2189078,142,192,1385,2017,0.0,4364.0,0.999914,0.12683,MLT,SGP,6505
2189079,143,192,1385,2017,2745.0,16400.0,-1.051544,-0.419183,MMR,SGP,6505
2189080,151,192,1385,2017,14486.0,0.0,-0.156616,0.073153,MUS,SGP,6505
2189081,153,192,1385,2017,389554.0,700724.0,1.0110139999999999,0.6840729999999999,MYS,SGP,6505
2189082,162,192,1385,2017,49133.0,5086.0,1.146959,1.470869,NLD,SGP,6505
2189083,163,192,1385,2017,0.0,18623.0,0.73658,0.11450199999999999,NOR,SGP,6505
2189084,166,192,1385,2017,6835.0,61761.0,0.25651199999999996,0.132996,NZL,SGP,6505
2189085,167,192,1385,2017,0.0,1347.0,-0.347684,-0.884569,OMN,SGP,6505
2189086,168,192,1385,2017,18584.0,2543.0,-0.698561,0.43523500000000004,PAK,SGP,6505
2189087,169,192,1385,2017,0.0,14346.0,0.5520109999999999,0.788181,PAN,SGP,6505
2189088,174,192,1385,2017,146528.0,411329.0,0.657759,0.170061,PHL,SGP,6505
2189089,176,192,1385,2017,0.0,14630.0,-1.788834,-1.267126,PNG,SGP,6505
2189090,177,192,1385,2017,16881.0,1392.0,1.197417,1.092716,POL,SGP,6505
2189091,179,192,1385,2017,2448.0,0.0,0.527046,2.264624,PRT,SGP,6505
2189092,183,192,1385,2017,0.0,9356.0,-0.361327,-1.066869,QAT,SGP,6505
2189093,185,192,1385,2017,1748.0,0.0,1.05479,0.9842219999999999,ROU,SGP,6505
2189094,188,192,1385,2017,0.0,148633.0,0.597716,-0.345049,SAU,SGP,6505
2189095,197,192,1385,2017,2670.0,0.0,0.113639,0.23175199999999999,SLV,SGP,6505
2189096,207,192,1385,2017,0.0,2598.0,1.600319,0.854305,SVN,SGP,6505
2189097,208,192,1385,2017,10771.0,2141.0,1.764732,0.732646,SWE,SGP,6505
2189098,211,192,1385,2017,0.0,1119.0,0.41946000000000006,-0.523274,SYC,SGP,6505
2189099,216,192,1385,2017,71773.0,303785.0,0.983977,1.3926020000000001,THA,SGP,6505
2189100,220,192,1385,2017,0.0,3167.0,-0.45426700000000003,-0.769744,TLS,SGP,6505
2189101,223,192,1385,2017,4401.0,0.0,0.224119,0.961772,TUN,SGP,6505
2189102,224,192,1385,2017,13634.0,2460.0,0.541611,2.405872,TUR,SGP,6505
2189103,231,192,1385,2017,136363.0,549577.0,1.601478,0.277271,USA,SGP,6505
2189104,239,192,1385,2017,374033.0,56061.0,-0.009819,0.686429,VNM,SGP,6505
2189105,246,192,1385,2017,1496.0,0.0,0.2066,1.378591,ZAF,SGP,6505
2189106,249,192,1385,2017,22849.0,32535.0,2.0548290000000002,1.2552969999999999,TWN,SGP,6505
2189107,7,197,1385,2017,1652.0,0.0,0.210477,0.02557,ARE,SLV,6505
2189108,8,197,1385,2017,0.0,1989.0,-0.120753,0.233375,ARG,SLV,6505
2189109,22,197,1385,2017,3703.0,0.0,-1.016251,-0.987654,BGD,SLV,6505
2189110,29,197,1385,2017,0.0,1790.0,-0.284062,-0.711108,BLZ,SLV,6505
2189111,32,197,1385,2017,0.0,960.0,0.145224,0.483461,BRA,SLV,6505
2189112,39,197,1385,2017,14968.0,64431.0,0.73897,1.206402,CAN,SLV,6505
2189113,41,197,1385,2017,0.0,888.0,2.2557810000000003,0.845459,CHE,SLV,6505
2189114,42,197,1385,2017,0.0,4202.0,-0.378693,-0.492983,CHL,SLV,6505
2189115,43,197,1385,2017,1537242.0,5397.0,1.1127790000000002,1.56869,CHN,SLV,6505
2189116,49,197,1385,2017,5977.0,3306.0,0.208096,-0.17644300000000002,COL,SLV,6505
2189117,52,197,1385,2017,5383.0,2470.0,0.288642,-0.056219000000000005,CRI,SLV,6505
2189118,59,197,1385,2017,1507.0,0.0,1.7715130000000001,0.359668,CZE,SLV,6505
2189119,61,197,1385,2017,10177.0,58260.0,2.1149459999999998,-2.525372,DEU,SLV,6505
2189120,71,197,1385,2017,5272.0,3351.0,0.734342,2.8180099999999997,ESP,SLV,6505
2189121,77,197,1385,2017,1036.0,16975.0,1.398427,0.894732,FRA,SLV,6505
2189122,93,197,1385,2017,38088.0,132893.0,-0.418538,0.557454,GTM,SLV,6505
2189123,97,197,1385,2017,6814.0,6893.0,0.824982,1.7162220000000001,HKG,SLV,6505
2189124,99,197,1385,2017,0.0,8744.0,-0.6335689999999999,-0.334201,HND,SLV,6505
2189125,103,197,1385,2017,13277.0,0.0,-0.23641700000000002,1.188173,IDN,SLV,6505
2189126,109,197,1385,2017,0.0,1176.0,0.386094,-0.277269,ISL,SLV,6505
2189127,114,197,1385,2017,0.0,6061.0,2.4510419999999997,-0.277357,JPN,SLV,6505
2189128,118,197,1385,2017,3567.0,0.0,-0.656325,-0.622167,KHM,SLV,6505
2189129,121,197,1385,2017,0.0,6619.0,2.011263,0.783215,KOR,SLV,6505
2189130,138,197,1385,2017,25675.0,1736.0,1.08871,0.5745279999999999,MEX,SLV,6505
2189131,160,197,1385,2017,9506.0,16717.0,-1.0502280000000002,-0.8817719999999999,NIC,SLV,6505
2189132,162,197,1385,2017,0.0,3532.0,1.146959,1.470869,NLD,SLV,6505
2189133,163,197,1385,2017,0.0,4406.0,0.73658,0.11450199999999999,NOR,SLV,6505
2189134,169,197,1385,2017,4880.0,3257.0,0.5520109999999999,0.788181,PAN,SLV,6505
2189135,174,197,1385,2017,17447.0,0.0,0.657759,0.170061,PHL,SLV,6505
2189136,183,197,1385,2017,0.0,1569.0,-0.361327,-1.066869,QAT,SLV,6505
2189137,186,197,1385,2017,0.0,15817.0,0.32885,0.288392,RUS,SLV,6505
2189138,192,197,1385,2017,0.0,2670.0,1.884166,0.37903600000000004,SGP,SLV,6505
2189139,216,197,1385,2017,1766.0,0.0,0.983977,1.3926020000000001,THA,SLV,6505
2189140,224,197,1385,2017,3474.0,0.0,0.541611,2.405872,TUR,SLV,6505
2189141,231,197,1385,2017,3259.0,922052.0,1.601478,0.277271,USA,SLV,6505
2189142,239,197,1385,2017,31840.0,0.0,-0.009819,0.686429,VNM,SLV,6505
2189143,32,205,1385,2017,2452.0,0.0,0.145224,0.483461,BRA,SUR,6505
2189144,43,205,1385,2017,64321.0,0.0,1.1127790000000002,1.56869,CHN,SUR,6505
2189145,55,205,1385,2017,1283.0,0.0,0.161139,-0.591701,CUW,SUR,6505
2189146,61,205,1385,2017,4960.0,0.0,2.1149459999999998,-2.525372,DEU,SUR,6505
2189147,103,205,1385,2017,2728.0,0.0,-0.23641700000000002,1.188173,IDN,SUR,6505
2189148,104,205,1385,2017,968.0,0.0,0.290576,2.726391,IND,SUR,6505
2189149,162,205,1385,2017,7884.0,0.0,1.146959,1.470869,NLD,SUR,6505
2189150,169,205,1385,2017,15427.0,0.0,0.5520109999999999,0.788181,PAN,SUR,6505
2189151,231,205,1385,2017,6163.0,0.0,1.601478,0.277271,USA,SUR,6505
2189152,5,208,1385,2017,0.0,1001.0,1.097505,0.480863,AND,SWE,6505
2189153,7,208,1385,2017,0.0,32717.0,0.210477,0.02557,ARE,SWE,6505
2189154,8,208,1385,2017,0.0,3926.0,-0.120753,0.233375,ARG,SWE,6505
2189155,14,208,1385,2017,10188.0,116830.0,-0.42427200000000004,-0.152921,AUS,SWE,6505
2189156,15,208,1385,2017,118368.0,366198.0,1.728623,-0.031045999999999997,AUT,SWE,6505
2189157,18,208,1385,2017,352420.0,530972.0,1.292657,1.19571,BEL,SWE,6505
2189158,21,208,1385,2017,0.0,4123.0,-1.100802,-1.0632110000000001,BFA,SWE,6505
2189159,22,208,1385,2017,1553544.0,0.0,-1.016251,-0.987654,BGD,SWE,6505
2189160,23,208,1385,2017,52268.0,22168.0,0.557843,1.7221119999999999,BGR,SWE,6505
2189161,24,208,1385,2017,0.0,2751.0,0.485479,-0.5348890000000001,BHR,SWE,6505
2189162,26,208,1385,2017,0.0,1744.0,0.43245,0.726721,BIH,SWE,6505
2189163,28,208,1385,2017,0.0,2371.0,0.8115829999999999,0.8323459999999999,BLR,SWE,6505
2189164,30,208,1385,2017,0.0,42949.0,1.06318,-0.48345,BMU,SWE,6505
2189165,31,208,1385,2017,1004.0,0.0,-1.158425,-1.076242,BOL,SWE,6505
2189166,32,208,1385,2017,0.0,4837.0,0.145224,0.483461,BRA,SWE,6505
2189167,39,208,1385,2017,78016.0,431458.0,0.73897,1.206402,CAN,SWE,6505
2189168,41,208,1385,2017,37363.0,404875.0,2.2557810000000003,0.845459,CHE,SWE,6505
2189169,42,208,1385,2017,0.0,27307.0,-0.378693,-0.492983,CHL,SWE,6505
2189170,43,208,1385,2017,25642374.0,267368.0,1.1127790000000002,1.56869,CHN,SWE,6505
2189171,44,208,1385,2017,0.0,1918.0,-0.784119,-0.904135,CIV,SWE,6505
2189172,49,208,1385,2017,0.0,13940.0,0.208096,-0.17644300000000002,COL,SWE,6505
2189173,52,208,1385,2017,0.0,893.0,0.288642,-0.056219000000000005,CRI,SWE,6505
2189174,58,208,1385,2017,0.0,5060.0,0.576982,0.279989,CYP,SWE,6505
2189175,59,208,1385,2017,427762.0,286962.0,1.7715130000000001,0.359668,CZE,SWE,6505
2189176,61,208,1385,2017,5138278.0,2373275.0,2.1149459999999998,-2.525372,DEU,SWE,6505
2189177,64,208,1385,2017,5625128.0,2276114.0,1.159753,1.233914,DNK,SWE,6505
2189178,65,208,1385,2017,0.0,764.0,-0.168016,0.30840100000000004,DOM,SWE,6505
2189179,66,208,1385,2017,0.0,2511.0,-0.9905579999999999,-1.1996200000000001,DZA,SWE,6505
2189180,67,208,1385,2017,8818.0,0.0,-0.9995850000000001,-1.086367,ECU,SWE,6505
2189181,71,208,1385,2017,285832.0,180047.0,0.734342,2.8180099999999997,ESP,SWE,6505
2189182,72,208,1385,2017,816993.0,192548.0,1.010985,1.289633,EST,SWE,6505
2189183,74,208,1385,2017,348603.0,6790656.0,1.655957,0.962485,FIN,SWE,6505
2189184,77,208,1385,2017,631540.0,396272.0,1.398427,0.894732,FRA,SWE,6505
2189185,81,208,1385,2017,3946930.0,1245068.0,1.6883119999999998,0.8347469999999999,GBR,SWE,6505
2189186,82,208,1385,2017,0.0,3295.0,-0.241749,-0.374727,GEO,SWE,6505
2189187,83,208,1385,2017,0.0,2332.0,-0.929143,-0.811439,GHA,SWE,6505
2189188,90,208,1385,2017,4605.0,49718.0,0.154098,1.151038,GRC,SWE,6505
2189189,92,208,1385,2017,0.0,20272.0,-1.226963,-0.9309620000000001,GRL,SWE,6505
2189190,97,208,1385,2017,1909749.0,282470.0,0.824982,1.7162220000000001,HKG,SWE,6505
2189191,100,208,1385,2017,1907.0,11950.0,0.860825,1.365445,HRV,SWE,6505
2189192,102,208,1385,2017,7821.0,27920.0,1.4886270000000001,0.845986,HUN,SWE,6505
2189193,103,208,1385,2017,14010.0,2031.0,-0.23641700000000002,1.188173,IDN,SWE,6505
2189194,104,208,1385,2017,373623.0,0.0,0.290576,2.726391,IND,SWE,6505
2189195,106,208,1385,2017,16824.0,52982.0,1.363544,0.169211,IRL,SWE,6505
2189196,107,208,1385,2017,0.0,2016.0,-0.361292,-0.361813,IRN,SWE,6505
2189197,108,208,1385,2017,0.0,4688.0,-1.515339,-0.9462950000000001,IRQ,SWE,6505
2189198,109,208,1385,2017,0.0,184986.0,0.386094,-0.277269,ISL,SWE,6505
2189199,110,208,1385,2017,0.0,21704.0,1.436156,0.776574,ISR,SWE,6505
2189200,111,208,1385,2017,2068685.0,230953.0,1.34395,0.577693,ITA,SWE,6505
2189201,113,208,1385,2017,0.0,15032.0,0.020035,0.295415,JOR,SWE,6505
2189202,114,208,1385,2017,11904.0,192972.0,2.4510419999999997,-0.277357,JPN,SWE,6505
2189203,115,208,1385,2017,0.0,13376.0,-0.394316,-0.5485979999999999,KAZ,SWE,6505
2189204,116,208,1385,2017,0.0,3117.0,-0.579541,0.511926,KEN,SWE,6505
2189205,118,208,1385,2017,59546.0,0.0,-0.656325,-0.622167,KHM,SWE,6505
2189206,121,208,1385,2017,7961.0,111858.0,2.011263,0.783215,KOR,SWE,6505
2189207,122,208,1385,2017,0.0,10670.0,-0.229821,-1.128482,KWT,SWE,6505
2189208,124,208,1385,2017,0.0,6808.0,0.266847,1.117621,LBN,SWE,6505
2189209,128,208,1385,2017,40152.0,1015.0,-0.46442799999999995,0.472132,LKA,SWE,6505
2189210,130,208,1385,2017,258647.0,107942.0,0.855858,1.447717,LTU,SWE,6505
2189211,131,208,1385,2017,0.0,13111.0,1.24064,1.298263,LUX,SWE,6505
2189212,132,208,1385,2017,106404.0,114519.0,0.684555,1.3208030000000002,LVA,SWE,6505
2189213,133,208,1385,2017,0.0,1184.0,0.264006,-0.11028099999999999,MAC,SWE,6505
2189214,134,208,1385,2017,49804.0,5503.0,-0.757236,-0.065347,MAR,SWE,6505
2189215,135,208,1385,2017,0.0,927.0,-0.24909,-0.181213,MDA,SWE,6505
2189216,138,208,1385,2017,0.0,23649.0,1.08871,0.5745279999999999,MEX,SWE,6505
2189217,140,208,1385,2017,0.0,1133.0,-0.0292,-0.377156,MKD,SWE,6505
2189218,141,208,1385,2017,0.0,1711.0,-0.5927899999999999,-0.707245,MLI,SWE,6505
2189219,143,208,1385,2017,227210.0,0.0,-1.051544,-0.419183,MMR,SWE,6505
2189220,145,208,1385,2017,1397.0,4433.0,-0.933737,-1.1195620000000002,MNG,SWE,6505
2189221,151,208,1385,2017,0.0,3135.0,-0.156616,0.073153,MUS,SWE,6505
2189222,152,208,1385,2017,6203.0,0.0,-0.761995,-0.8897729999999999,MWI,SWE,6505
2189223,153,208,1385,2017,7000.0,16058.0,1.0110139999999999,0.6840729999999999,MYS,SWE,6505
2189224,159,208,1385,2017,0.0,5677.0,-1.8260919999999998,-1.276591,NGA,SWE,6505
2189225,160,208,1385,2017,0.0,1335.0,-1.0502280000000002,-0.8817719999999999,NIC,SWE,6505
2189226,162,208,1385,2017,3482232.0,411459.0,1.146959,1.470869,NLD,SWE,6505
2189227,163,208,1385,2017,1829380.0,5484063.0,0.73658,0.11450199999999999,NOR,SWE,6505
2189228,164,208,1385,2017,14352.0,0.0,-0.319681,0.5788220000000001,NPL,SWE,6505
2189229,166,208,1385,2017,0.0,20307.0,0.25651199999999996,0.132996,NZL,SWE,6505
2189230,168,208,1385,2017,23741.0,0.0,-0.698561,0.43523500000000004,PAK,SWE,6505
2189231,169,208,1385,2017,0.0,3463.0,0.5520109999999999,0.788181,PAN,SWE,6505
2189232,173,208,1385,2017,5464.0,5547.0,-0.667658,-0.318344,PER,SWE,6505
2189233,174,208,1385,2017,71083.0,1050.0,0.657759,0.170061,PHL,SWE,6505
2189234,177,208,1385,2017,4528636.0,492248.0,1.197417,1.092716,POL,SWE,6505
2189235,179,208,1385,2017,354568.0,44408.0,0.527046,2.264624,PRT,SWE,6505
2189236,183,208,1385,2017,2366.0,4216.0,-0.361327,-1.066869,QAT,SWE,6505
2189237,185,208,1385,2017,9618.0,173151.0,1.05479,0.9842219999999999,ROU,SWE,6505
2189238,186,208,1385,2017,3457.0,219475.0,0.32885,0.288392,RUS,SWE,6505
2189239,188,208,1385,2017,0.0,6871.0,0.597716,-0.345049,SAU,SWE,6505
2189240,190,208,1385,2017,0.0,1488.0,-1.567691,-1.257164,SDN,SWE,6505
2189241,192,208,1385,2017,2141.0,10771.0,1.884166,0.37903600000000004,SGP,SWE,6505
2189242,198,208,1385,2017,0.0,4345.0,0.984548,0.6116199999999999,SMR,SWE,6505
2189243,201,208,1385,2017,2338.0,21829.0,0.541644,1.19872,SRB,SWE,6505
2189244,206,208,1385,2017,7295.0,41414.0,1.279606,0.85503,SVK,SWE,6505
2189245,207,208,1385,2017,1136.0,21288.0,1.600319,0.854305,SVN,SWE,6505
2189246,212,208,1385,2017,1347.0,0.0,-0.660905,0.345462,SYR,SWE,6505
2189247,216,208,1385,2017,300998.0,7579.0,0.983977,1.3926020000000001,THA,SWE,6505
2189248,223,208,1385,2017,0.0,1209.0,0.224119,0.961772,TUN,SWE,6505
2189249,224,208,1385,2017,517006.0,11718.0,0.541611,2.405872,TUR,SWE,6505
2189250,226,208,1385,2017,0.0,2373.0,-1.0691709999999999,0.11636800000000001,TZA,SWE,6505
2189251,228,208,1385,2017,4493.0,36205.0,0.461109,0.7826569999999999,UKR,SWE,6505
2189252,231,208,1385,2017,129650.0,529814.0,1.601478,0.277271,USA,SWE,6505
2189253,239,208,1385,2017,400276.0,0.0,-0.009819,0.686429,VNM,SWE,6505
2189254,246,208,1385,2017,1759.0,33593.0,0.2066,1.378591,ZAF,SWE,6505
2189255,247,208,1385,2017,0.0,1292.0,-0.8594290000000001,-1.0574459999999999,ZMB,SWE,6505
2189256,249,208,1385,2017,301259.0,24522.0,2.0548290000000002,1.2552969999999999,TWN,SWE,6505
2189257,2,216,1385,2017,0.0,6607.0,-1.408777,-1.215475,AGO,THA,6505
2189258,7,216,1385,2017,13507.0,179005.0,0.210477,0.02557,ARE,THA,6505
2189259,8,216,1385,2017,0.0,1091.0,-0.120753,0.233375,ARG,THA,6505
2189260,14,216,1385,2017,29596.0,121309.0,-0.42427200000000004,-0.152921,AUS,THA,6505
2189261,15,216,1385,2017,2400.0,2462.0,1.728623,-0.031045999999999997,AUT,THA,6505
2189262,18,216,1385,2017,0.0,10352.0,1.292657,1.19571,BEL,THA,6505
2189263,22,216,1385,2017,165215.0,0.0,-1.016251,-0.987654,BGD,THA,6505
2189264,23,216,1385,2017,1262.0,0.0,0.557843,1.7221119999999999,BGR,THA,6505
2189265,24,216,1385,2017,0.0,4593.0,0.485479,-0.5348890000000001,BHR,THA,6505
2189266,26,216,1385,2017,0.0,644.0,0.43245,0.726721,BIH,THA,6505
2189267,30,216,1385,2017,0.0,1401.0,1.06318,-0.48345,BMU,THA,6505
2189268,32,216,1385,2017,0.0,7118.0,0.145224,0.483461,BRA,THA,6505
2189269,34,216,1385,2017,0.0,3385.0,0.270525,-0.747949,BRN,THA,6505
2189270,39,216,1385,2017,8408.0,30928.0,0.73897,1.206402,CAN,THA,6505
2189271,41,216,1385,2017,7570.0,28652.0,2.2557810000000003,0.845459,CHE,THA,6505
2189272,42,216,1385,2017,0.0,10287.0,-0.378693,-0.492983,CHL,THA,6505
2189273,43,216,1385,2017,8642717.0,441041.0,1.1127790000000002,1.56869,CHN,THA,6505
2189274,44,216,1385,2017,0.0,50254.0,-0.784119,-0.904135,CIV,THA,6505
2189275,45,216,1385,2017,0.0,5932.0,-1.048569,-1.030799,CMR,THA,6505
2189276,47,216,1385,2017,0.0,1792.0,-1.2289780000000001,-1.169368,COG,THA,6505
2189277,49,216,1385,2017,0.0,1744.0,0.208096,-0.17644300000000002,COL,THA,6505
2189278,52,216,1385,2017,0.0,14789.0,0.288642,-0.056219000000000005,CRI,THA,6505
2189279,59,216,1385,2017,1006.0,4548.0,1.7715130000000001,0.359668,CZE,THA,6505
2189280,61,216,1385,2017,48695.0,263163.0,2.1149459999999998,-2.525372,DEU,THA,6505
2189281,64,216,1385,2017,0.0,13932.0,1.159753,1.233914,DNK,THA,6505
2189282,67,216,1385,2017,9282.0,986.0,-0.9995850000000001,-1.086367,ECU,THA,6505
2189283,68,216,1385,2017,0.0,13572.0,-0.073436,1.829121,EGY,THA,6505
2189284,71,216,1385,2017,128308.0,32741.0,0.734342,2.8180099999999997,ESP,THA,6505
2189285,72,216,1385,2017,776.0,72673.0,1.010985,1.289633,EST,THA,6505
2189286,73,216,1385,2017,0.0,556.0,-1.007413,-0.638231,ETH,THA,6505
2189287,74,216,1385,2017,0.0,28743.0,1.655957,0.962485,FIN,THA,6505
2189288,75,216,1385,2017,0.0,2837.0,-0.278276,-0.033997,FJI,THA,6505
2189289,77,216,1385,2017,93994.0,281400.0,1.398427,0.894732,FRA,THA,6505
2189290,81,216,1385,2017,21543.0,71187.0,1.6883119999999998,0.8347469999999999,GBR,THA,6505
2189291,83,216,1385,2017,0.0,59670.0,-0.929143,-0.811439,GHA,THA,6505
2189292,85,216,1385,2017,0.0,1801.0,-1.7560669999999998,-1.2747680000000001,GIN,THA,6505
2189293,87,216,1385,2017,0.0,1325.0,-1.161814,-0.9317190000000001,GMB,THA,6505
2189294,90,216,1385,2017,0.0,2176.0,0.154098,1.151038,GRC,THA,6505
2189295,95,216,1385,2017,0.0,5740.0,0.638232,0.033204000000000004,GUM,THA,6505
2189296,97,216,1385,2017,73583.0,415846.0,0.824982,1.7162220000000001,HKG,THA,6505
2189297,99,216,1385,2017,2792.0,3126.0,-0.6335689999999999,-0.334201,HND,THA,6505
2189298,103,216,1385,2017,56578.0,4408.0,-0.23641700000000002,1.188173,IDN,THA,6505
2189299,104,216,1385,2017,123134.0,29548.0,0.290576,2.726391,IND,THA,6505
2189300,106,216,1385,2017,0.0,4590.0,1.363544,0.169211,IRL,THA,6505
2189301,109,216,1385,2017,0.0,1154.0,0.386094,-0.277269,ISL,THA,6505
2189302,110,216,1385,2017,0.0,11166.0,1.436156,0.776574,ISR,THA,6505
2189303,111,216,1385,2017,56461.0,39218.0,1.34395,0.577693,ITA,THA,6505
2189304,113,216,1385,2017,0.0,1601.0,0.020035,0.295415,JOR,THA,6505
2189305,114,216,1385,2017,75660.0,11520266.0,2.4510419999999997,-0.277357,JPN,THA,6505
2189306,115,216,1385,2017,0.0,2645.0,-0.394316,-0.5485979999999999,KAZ,THA,6505
2189307,116,216,1385,2017,0.0,7482.0,-0.579541,0.511926,KEN,THA,6505
2189308,118,216,1385,2017,33863.0,62848.0,-0.656325,-0.622167,KHM,THA,6505
2189309,121,216,1385,2017,79802.0,66537.0,2.011263,0.783215,KOR,THA,6505
2189310,122,216,1385,2017,0.0,31837.0,-0.229821,-1.128482,KWT,THA,6505
2189311,123,216,1385,2017,27741.0,78462.0,-0.9742190000000001,-0.727593,LAO,THA,6505
2189312,124,216,1385,2017,0.0,1628.0,0.266847,1.117621,LBN,THA,6505
2189313,126,216,1385,2017,0.0,1637.0,-1.156635,-1.212561,LBY,THA,6505
2189314,128,216,1385,2017,6098.0,2831.0,-0.46442799999999995,0.472132,LKA,THA,6505
2189315,132,216,1385,2017,0.0,5434.0,0.684555,1.3208030000000002,LVA,THA,6505
2189316,133,216,1385,2017,0.0,1842.0,0.264006,-0.11028099999999999,MAC,THA,6505
2189317,136,216,1385,2017,0.0,2529.0,-1.277182,-0.6503399999999999,MDG,THA,6505
2189318,137,216,1385,2017,0.0,30522.0,-1.100027,-0.9779479999999999,MDV,THA,6505
2189319,138,216,1385,2017,1079.0,29420.0,1.08871,0.5745279999999999,MEX,THA,6505
2189320,140,216,1385,2017,0.0,1426.0,-0.0292,-0.377156,MKD,THA,6505
2189321,143,216,1385,2017,18332.0,392949.0,-1.051544,-0.419183,MMR,THA,6505
2189322,147,216,1385,2017,0.0,1061.0,-1.3882290000000002,-1.114475,MOZ,THA,6505
2189323,151,216,1385,2017,0.0,12864.0,-0.156616,0.073153,MUS,THA,6505
2189324,153,216,1385,2017,18345.0,55752.0,1.0110139999999999,0.6840729999999999,MYS,THA,6505
2189325,156,216,1385,2017,0.0,6733.0,-0.38216100000000003,-0.8662549999999999,NCL,THA,6505
2189326,162,216,1385,2017,3358.0,667805.0,1.146959,1.470869,NLD,THA,6505
2189327,163,216,1385,2017,901.0,7480.0,0.73658,0.11450199999999999,NOR,THA,6505
2189328,164,216,1385,2017,997.0,4315.0,-0.319681,0.5788220000000001,NPL,THA,6505
2189329,166,216,1385,2017,2183.0,14662.0,0.25651199999999996,0.132996,NZL,THA,6505
2189330,167,216,1385,2017,0.0,33793.0,-0.347684,-0.884569,OMN,THA,6505
2189331,168,216,1385,2017,15824.0,11526.0,-0.698561,0.43523500000000004,PAK,THA,6505
2189332,169,216,1385,2017,0.0,13255.0,0.5520109999999999,0.788181,PAN,THA,6505
2189333,173,216,1385,2017,0.0,7283.0,-0.667658,-0.318344,PER,THA,6505
2189334,174,216,1385,2017,79036.0,79056.0,0.657759,0.170061,PHL,THA,6505
2189335,177,216,1385,2017,1168.0,3406.0,1.197417,1.092716,POL,THA,6505
2189336,179,216,1385,2017,1176.0,2358.0,0.527046,2.264624,PRT,THA,6505
2189337,180,216,1385,2017,0.0,951.0,-0.437741,-0.9248879999999999,PRY,THA,6505
2189338,183,216,1385,2017,1656.0,45738.0,-0.361327,-1.066869,QAT,THA,6505
2189339,185,216,1385,2017,0.0,2933.0,1.05479,0.9842219999999999,ROU,THA,6505
2189340,186,216,1385,2017,0.0,22019.0,0.32885,0.288392,RUS,THA,6505
2189341,188,216,1385,2017,3992.0,129632.0,0.597716,-0.345049,SAU,THA,6505
2189342,191,216,1385,2017,0.0,11437.0,-0.6722899999999999,-0.26522199999999996,SEN,THA,6505
2189343,192,216,1385,2017,303785.0,71773.0,1.884166,0.37903600000000004,SGP,THA,6505
2189344,197,216,1385,2017,0.0,1766.0,0.113639,0.23175199999999999,SLV,THA,6505
2189345,206,216,1385,2017,0.0,20053.0,1.279606,0.85503,SVK,THA,6505
2189346,207,216,1385,2017,0.0,1827.0,1.600319,0.854305,SVN,THA,6505
2189347,208,216,1385,2017,7579.0,300998.0,1.764732,0.732646,SWE,THA,6505
2189348,211,216,1385,2017,0.0,3755.0,0.41946000000000006,-0.523274,SYC,THA,6505
2189349,215,216,1385,2017,0.0,71152.0,-0.8957450000000001,-0.891191,TGO,THA,6505
2189350,224,216,1385,2017,5905.0,7195.0,0.541611,2.405872,TUR,THA,6505
2189351,226,216,1385,2017,0.0,24934.0,-1.0691709999999999,0.11636800000000001,TZA,THA,6505
2189352,227,216,1385,2017,0.0,626.0,-0.6831020000000001,-0.046838,UGA,THA,6505
2189353,230,216,1385,2017,0.0,1263.0,0.16963,-0.403006,URY,THA,6505
2189354,231,216,1385,2017,29346.0,1748880.0,1.601478,0.277271,USA,THA,6505
2189355,239,216,1385,2017,455476.0,64195.0,-0.009819,0.686429,VNM,THA,6505
2189356,243,216,1385,2017,0.0,1689.0,-1.397594,-1.2342110000000002,YEM,THA,6505
2189357,246,216,1385,2017,0.0,4722.0,0.2066,1.378591,ZAF,THA,6505
2189358,249,216,1385,2017,21672.0,102529.0,2.0548290000000002,1.2552969999999999,TWN,THA,6505
2189359,13,222,1385,2017,0.0,2136.0,0.42561099999999996,-0.42671099999999995,ATG,TTO,6505
2189360,25,222,1385,2017,0.0,1345.0,0.81944,-0.30649499999999996,BHS,TTO,6505
2189361,33,222,1385,2017,0.0,1514.0,0.589793,-0.004488000000000001,BRB,TTO,6505
2189362,43,222,1385,2017,115782.0,0.0,1.1127790000000002,1.56869,CHN,TTO,6505
2189363,61,222,1385,2017,4055.0,0.0,2.1149459999999998,-2.525372,DEU,TTO,6505
2189364,81,222,1385,2017,47000.0,11798.0,1.6883119999999998,0.8347469999999999,GBR,TTO,6505
2189365,91,222,1385,2017,0.0,4980.0,0.384656,-0.317098,GRD,TTO,6505
2189366,104,222,1385,2017,12732.0,0.0,0.290576,2.726391,IND,TTO,6505
2189367,127,222,1385,2017,0.0,5979.0,0.458896,-0.149195,LCA,TTO,6505
2189368,169,222,1385,2017,121124.0,0.0,0.5520109999999999,0.788181,PAN,TTO,6505
2189369,173,222,1385,2017,5252.0,0.0,-0.667658,-0.318344,PER,TTO,6505
2189370,231,222,1385,2017,61127.0,0.0,1.601478,0.277271,USA,TTO,6505
2189371,234,222,1385,2017,0.0,3923.0,-0.040273,-0.549452,VCT,TTO,6505
2189372,239,222,1385,2017,1573.0,0.0,-0.009819,0.686429,VNM,TTO,6505
2189373,1,224,1385,2017,0.0,7587.0,-1.147348,-0.886799,AFG,TUR,6505
2189374,4,224,1385,2017,74649.0,136367.0,-0.44769899999999996,-0.17193,ALB,TUR,6505
2189375,5,224,1385,2017,0.0,130.0,1.097505,0.480863,AND,TUR,6505
2189376,7,224,1385,2017,0.0,571840.0,0.210477,0.02557,ARE,TUR,6505
2189377,8,224,1385,2017,0.0,7048.0,-0.120753,0.233375,ARG,TUR,6505
2189378,9,224,1385,2017,0.0,1098.0,-0.23846799999999999,-0.658774,ARM,TUR,6505
2189379,14,224,1385,2017,0.0,62370.0,-0.42427200000000004,-0.152921,AUS,TUR,6505
2189380,15,224,1385,2017,33439.0,196551.0,1.728623,-0.031045999999999997,AUT,TUR,6505
2189381,16,224,1385,2017,0.0,261382.0,-1.022455,-1.199225,AZE,TUR,6505
2189382,18,224,1385,2017,14781.0,692201.0,1.292657,1.19571,BEL,TUR,6505
2189383,19,224,1385,2017,0.0,6283.0,-0.755027,-0.796864,BEN,TUR,6505
2189384,21,224,1385,2017,0.0,17546.0,-1.100802,-1.0632110000000001,BFA,TUR,6505
2189385,22,224,1385,2017,333031.0,476892.0,-1.016251,-0.987654,BGD,TUR,6505
2189386,23,224,1385,2017,9016.0,315084.0,0.557843,1.7221119999999999,BGR,TUR,6505
2189387,24,224,1385,2017,0.0,14796.0,0.485479,-0.5348890000000001,BHR,TUR,6505
2189388,26,224,1385,2017,0.0,195861.0,0.43245,0.726721,BIH,TUR,6505
2189389,28,224,1385,2017,0.0,139346.0,0.8115829999999999,0.8323459999999999,BLR,TUR,6505
2189390,32,224,1385,2017,0.0,10646.0,0.145224,0.483461,BRA,TUR,6505
2189391,39,224,1385,2017,9659.0,153754.0,0.73897,1.206402,CAN,TUR,6505
2189392,41,224,1385,2017,7545.0,413725.0,2.2557810000000003,0.845459,CHE,TUR,6505
2189393,42,224,1385,2017,0.0,29674.0,-0.378693,-0.492983,CHL,TUR,6505
2189394,43,224,1385,2017,17493646.0,72231.0,1.1127790000000002,1.56869,CHN,TUR,6505
2189395,45,224,1385,2017,0.0,2202.0,-1.048569,-1.030799,CMR,TUR,6505
2189396,49,224,1385,2017,0.0,3392.0,0.208096,-0.17644300000000002,COL,TUR,6505
2189397,52,224,1385,2017,0.0,1054.0,0.288642,-0.056219000000000005,CRI,TUR,6505
2189398,58,224,1385,2017,0.0,277180.0,0.576982,0.279989,CYP,TUR,6505
2189399,59,224,1385,2017,50779.0,22387.0,1.7715130000000001,0.359668,CZE,TUR,6505
2189400,61,224,1385,2017,517707.0,5311957.0,2.1149459999999998,-2.525372,DEU,TUR,6505
2189401,62,224,1385,2017,0.0,147311.0,-0.4897,-0.7249180000000001,DJI,TUR,6505
2189402,64,224,1385,2017,79643.0,266039.0,1.159753,1.233914,DNK,TUR,6505
2189403,66,224,1385,2017,0.0,304572.0,-0.9905579999999999,-1.1996200000000001,DZA,TUR,6505
2189404,67,224,1385,2017,14095.0,6306.0,-0.9995850000000001,-1.086367,ECU,TUR,6505
2189405,68,224,1385,2017,1243.0,405775.0,-0.073436,1.829121,EGY,TUR,6505
2189406,71,224,1385,2017,1187854.0,2687552.0,0.734342,2.8180099999999997,ESP,TUR,6505
2189407,72,224,1385,2017,1182.0,3249.0,1.010985,1.289633,EST,TUR,6505
2189408,73,224,1385,2017,0.0,2993.0,-1.007413,-0.638231,ETH,TUR,6505
2189409,74,224,1385,2017,1246.0,73714.0,1.655957,0.962485,FIN,TUR,6505
2189410,77,224,1385,2017,186775.0,559900.0,1.398427,0.894732,FRA,TUR,6505
2189411,80,224,1385,2017,0.0,12272.0,-1.109612,-1.177577,GAB,TUR,6505
2189412,81,224,1385,2017,318276.0,941242.0,1.6883119999999998,0.8347469999999999,GBR,TUR,6505
2189413,82,224,1385,2017,2591.0,284813.0,-0.241749,-0.374727,GEO,TUR,6505
2189414,83,224,1385,2017,0.0,2654.0,-0.929143,-0.811439,GHA,TUR,6505
2189415,85,224,1385,2017,0.0,195885.0,-1.7560669999999998,-1.2747680000000001,GIN,TUR,6505
2189416,90,224,1385,2017,13018.0,51023.0,0.154098,1.151038,GRC,TUR,6505
2189417,97,224,1385,2017,13699.0,6126.0,0.824982,1.7162220000000001,HKG,TUR,6505
2189418,99,224,1385,2017,1608.0,2150.0,-0.6335689999999999,-0.334201,HND,TUR,6505
2189419,100,224,1385,2017,3751.0,52860.0,0.860825,1.365445,HRV,TUR,6505
2189420,102,224,1385,2017,17046.0,26524.0,1.4886270000000001,0.845986,HUN,TUR,6505
2189421,103,224,1385,2017,41539.0,244313.0,-0.23641700000000002,1.188173,IDN,TUR,6505
2189422,104,224,1385,2017,11245.0,347615.0,0.290576,2.726391,IND,TUR,6505
2189423,106,224,1385,2017,0.0,125382.0,1.363544,0.169211,IRL,TUR,6505
2189424,107,224,1385,2017,1775.0,297955.0,-0.361292,-0.361813,IRN,TUR,6505
2189425,108,224,1385,2017,0.0,1537225.0,-1.515339,-0.9462950000000001,IRQ,TUR,6505
2189426,109,224,1385,2017,0.0,1927.0,0.386094,-0.277269,ISL,TUR,6505
2189427,110,224,1385,2017,21774.0,300022.0,1.436156,0.776574,ISR,TUR,6505
2189428,111,224,1385,2017,731367.0,527031.0,1.34395,0.577693,ITA,TUR,6505
2189429,113,224,1385,2017,0.0,142288.0,0.020035,0.295415,JOR,TUR,6505
2189430,114,224,1385,2017,2852.0,28537.0,2.4510419999999997,-0.277357,JPN,TUR,6505
2189431,115,224,1385,2017,0.0,621267.0,-0.394316,-0.5485979999999999,KAZ,TUR,6505
2189432,116,224,1385,2017,0.0,8329.0,-0.579541,0.511926,KEN,TUR,6505
2189433,117,224,1385,2017,0.0,405485.0,-0.11530599999999999,0.264752,KGZ,TUR,6505
2189434,118,224,1385,2017,43529.0,0.0,-0.656325,-0.622167,KHM,TUR,6505
2189435,121,224,1385,2017,3404.0,8989.0,2.011263,0.783215,KOR,TUR,6505
2189436,122,224,1385,2017,0.0,45599.0,-0.229821,-1.128482,KWT,TUR,6505
2189437,124,224,1385,2017,0.0,139511.0,0.266847,1.117621,LBN,TUR,6505
2189438,126,224,1385,2017,0.0,171013.0,-1.156635,-1.212561,LBY,TUR,6505
2189439,128,224,1385,2017,60931.0,0.0,-0.46442799999999995,0.472132,LKA,TUR,6505
2189440,130,224,1385,2017,0.0,61126.0,0.855858,1.447717,LTU,TUR,6505
2189441,131,224,1385,2017,0.0,852.0,1.24064,1.298263,LUX,TUR,6505
2189442,132,224,1385,2017,0.0,4891.0,0.684555,1.3208030000000002,LVA,TUR,6505
2189443,134,224,1385,2017,1902.0,379696.0,-0.757236,-0.065347,MAR,TUR,6505
2189444,135,224,1385,2017,0.0,77352.0,-0.24909,-0.181213,MDA,TUR,6505
2189445,136,224,1385,2017,1965.0,0.0,-1.277182,-0.6503399999999999,MDG,TUR,6505
2189446,137,224,1385,2017,0.0,2002.0,-1.100027,-0.9779479999999999,MDV,TUR,6505
2189447,138,224,1385,2017,0.0,28047.0,1.08871,0.5745279999999999,MEX,TUR,6505
2189448,140,224,1385,2017,1495.0,101910.0,-0.0292,-0.377156,MKD,TUR,6505
2189449,141,224,1385,2017,0.0,1391.0,-0.5927899999999999,-0.707245,MLI,TUR,6505
2189450,142,224,1385,2017,0.0,1567.0,0.999914,0.12683,MLT,TUR,6505
2189451,143,224,1385,2017,102807.0,0.0,-1.051544,-0.419183,MMR,TUR,6505
2189452,144,224,1385,2017,0.0,5696.0,0.201739,-0.23111399999999999,MNE,TUR,6505
2189453,147,224,1385,2017,0.0,779.0,-1.3882290000000002,-1.114475,MOZ,TUR,6505
2189454,148,224,1385,2017,0.0,1643.0,-1.634533,-1.330819,MRT,TUR,6505
2189455,151,224,1385,2017,976.0,0.0,-0.156616,0.073153,MUS,TUR,6505
2189456,153,224,1385,2017,12626.0,14258.0,1.0110139999999999,0.6840729999999999,MYS,TUR,6505
2189457,157,224,1385,2017,0.0,1006.0,-1.250156,-0.995524,NER,TUR,6505
2189458,159,224,1385,2017,0.0,28661.0,-1.8260919999999998,-1.276591,NGA,TUR,6505
2189459,162,224,1385,2017,375118.0,1332633.0,1.146959,1.470869,NLD,TUR,6505
2189460,163,224,1385,2017,989.0,131443.0,0.73658,0.11450199999999999,NOR,TUR,6505
2189461,164,224,1385,2017,4965.0,0.0,-0.319681,0.5788220000000001,NPL,TUR,6505
2189462,166,224,1385,2017,0.0,5168.0,0.25651199999999996,0.132996,NZL,TUR,6505
2189463,167,224,1385,2017,0.0,6462.0,-0.347684,-0.884569,OMN,TUR,6505
2189464,168,224,1385,2017,0.0,378778.0,-0.698561,0.43523500000000004,PAK,TUR,6505
2189465,169,224,1385,2017,0.0,9484.0,0.5520109999999999,0.788181,PAN,TUR,6505
2189466,173,224,1385,2017,2295.0,13493.0,-0.667658,-0.318344,PER,TUR,6505
2189467,174,224,1385,2017,38936.0,1200.0,0.657759,0.170061,PHL,TUR,6505
2189468,177,224,1385,2017,80066.0,1306956.0,1.197417,1.092716,POL,TUR,6505
2189469,179,224,1385,2017,8550.0,3305.0,0.527046,2.264624,PRT,TUR,6505
2189470,180,224,1385,2017,0.0,2283.0,-0.437741,-0.9248879999999999,PRY,TUR,6505
2189471,181,224,1385,2017,0.0,18033.0,0.11852,0.609241,PSE,TUR,6505
2189472,182,224,1385,2017,0.0,1472.0,-0.1278,-0.748387,PYF,TUR,6505
2189473,183,224,1385,2017,0.0,327624.0,-0.361327,-1.066869,QAT,TUR,6505
2189474,185,224,1385,2017,6352.0,402059.0,1.05479,0.9842219999999999,ROU,TUR,6505
2189475,186,224,1385,2017,15205.0,867596.0,0.32885,0.288392,RUS,TUR,6505
2189476,187,224,1385,2017,0.0,20482.0,-0.7610319999999999,-0.680251,RWA,TUR,6505
2189477,188,224,1385,2017,0.0,3150044.0,0.597716,-0.345049,SAU,TUR,6505
2189478,190,224,1385,2017,0.0,26424.0,-1.567691,-1.257164,SDN,TUR,6505
2189479,191,224,1385,2017,0.0,40400.0,-0.6722899999999999,-0.26522199999999996,SEN,TUR,6505
2189480,192,224,1385,2017,2460.0,13634.0,1.884166,0.37903600000000004,SGP,TUR,6505
2189481,197,224,1385,2017,0.0,3474.0,0.113639,0.23175199999999999,SLV,TUR,6505
2189482,199,224,1385,2017,0.0,39167.0,-1.2313479999999999,-1.063879,SOM,TUR,6505
2189483,201,224,1385,2017,0.0,304463.0,0.541644,1.19872,SRB,TUR,6505
2189484,206,224,1385,2017,17327.0,38818.0,1.279606,0.85503,SVK,TUR,6505
2189485,207,224,1385,2017,0.0,14781.0,1.600319,0.854305,SVN,TUR,6505
2189486,208,224,1385,2017,11718.0,517006.0,1.764732,0.732646,SWE,TUR,6505
2189487,212,224,1385,2017,0.0,46773.0,-0.660905,0.345462,SYR,TUR,6505
2189488,215,224,1385,2017,0.0,11678.0,-0.8957450000000001,-0.891191,TGO,TUR,6505
2189489,216,224,1385,2017,7195.0,5905.0,0.983977,1.3926020000000001,THA,TUR,6505
2189490,217,224,1385,2017,0.0,83464.0,-0.938366,-1.092714,TJK,TUR,6505
2189491,219,224,1385,2017,0.0,236896.0,-1.564885,-1.274637,TKM,TUR,6505
2189492,223,224,1385,2017,1516.0,81562.0,0.224119,0.961772,TUN,TUR,6505
2189493,226,224,1385,2017,0.0,2109.0,-1.0691709999999999,0.11636800000000001,TZA,TUR,6505
2189494,227,224,1385,2017,0.0,825.0,-0.6831020000000001,-0.046838,UGA,TUR,6505
2189495,228,224,1385,2017,2399.0,243755.0,0.461109,0.7826569999999999,UKR,TUR,6505
2189496,230,224,1385,2017,0.0,3232.0,0.16963,-0.403006,URY,TUR,6505
2189497,231,224,1385,2017,44918.0,466413.0,1.601478,0.277271,USA,TUR,6505
2189498,232,224,1385,2017,0.0,141445.0,-0.407169,-0.264942,UZB,TUR,6505
2189499,239,224,1385,2017,283942.0,1241.0,-0.009819,0.686429,VNM,TUR,6505
2189500,243,224,1385,2017,0.0,8073.0,-1.397594,-1.2342110000000002,YEM,TUR,6505
2189501,246,224,1385,2017,0.0,24584.0,0.2066,1.378591,ZAF,TUR,6505
2189502,249,224,1385,2017,133448.0,9510.0,2.0548290000000002,1.2552969999999999,TWN,TUR,6505
2189503,250,224,1385,2017,0.0,13879.0,0.72523,-0.205046,ANS,TUR,6505
2189504,7,228,1385,2017,2879.0,0.0,0.210477,0.02557,ARE,UKR,6505
2189505,14,228,1385,2017,0.0,1019.0,-0.42427200000000004,-0.152921,AUS,UKR,6505
2189506,15,228,1385,2017,36548.0,91482.0,1.728623,-0.031045999999999997,AUT,UKR,6505
2189507,18,228,1385,2017,4856.0,0.0,1.292657,1.19571,BEL,UKR,6505
2189508,22,228,1385,2017,32988.0,0.0,-1.016251,-0.987654,BGD,UKR,6505
2189509,23,228,1385,2017,0.0,1245.0,0.557843,1.7221119999999999,BGR,UKR,6505
2189510,28,228,1385,2017,16183.0,82028.0,0.8115829999999999,0.8323459999999999,BLR,UKR,6505
2189511,39,228,1385,2017,4500.0,13569.0,0.73897,1.206402,CAN,UKR,6505
2189512,41,228,1385,2017,1141.0,24639.0,2.2557810000000003,0.845459,CHE,UKR,6505
2189513,43,228,1385,2017,3030862.0,0.0,1.1127790000000002,1.56869,CHN,UKR,6505
2189514,58,228,1385,2017,1752.0,0.0,0.576982,0.279989,CYP,UKR,6505
2189515,59,228,1385,2017,132111.0,21031.0,1.7715130000000001,0.359668,CZE,UKR,6505
2189516,61,228,1385,2017,914852.0,1173781.0,2.1149459999999998,-2.525372,DEU,UKR,6505
2189517,64,228,1385,2017,12688.0,1390500.0,1.159753,1.233914,DNK,UKR,6505
2189518,71,228,1385,2017,58971.0,1011.0,0.734342,2.8180099999999997,ESP,UKR,6505
2189519,72,228,1385,2017,61432.0,133791.0,1.010985,1.289633,EST,UKR,6505
2189520,74,228,1385,2017,2590.0,16301.0,1.655957,0.962485,FIN,UKR,6505
2189521,77,228,1385,2017,64472.0,6184.0,1.398427,0.894732,FRA,UKR,6505
2189522,81,228,1385,2017,12407.0,2324.0,1.6883119999999998,0.8347469999999999,GBR,UKR,6505
2189523,82,228,1385,2017,0.0,1012.0,-0.241749,-0.374727,GEO,UKR,6505
2189524,97,228,1385,2017,33981.0,0.0,0.824982,1.7162220000000001,HKG,UKR,6505
2189525,102,228,1385,2017,31913.0,0.0,1.4886270000000001,0.845986,HUN,UKR,6505
2189526,103,228,1385,2017,13475.0,0.0,-0.23641700000000002,1.188173,IDN,UKR,6505
2189527,104,228,1385,2017,27298.0,0.0,0.290576,2.726391,IND,UKR,6505
2189528,109,228,1385,2017,0.0,3711.0,0.386094,-0.277269,ISL,UKR,6505
2189529,110,228,1385,2017,2584.0,7788.0,1.436156,0.776574,ISR,UKR,6505
2189530,111,228,1385,2017,639172.0,25842.0,1.34395,0.577693,ITA,UKR,6505
2189531,118,228,1385,2017,10794.0,0.0,-0.656325,-0.622167,KHM,UKR,6505
2189532,121,228,1385,2017,1358.0,0.0,2.011263,0.783215,KOR,UKR,6505
2189533,122,228,1385,2017,0.0,11445.0,-0.229821,-1.128482,KWT,UKR,6505
2189534,128,228,1385,2017,32411.0,0.0,-0.46442799999999995,0.472132,LKA,UKR,6505
2189535,130,228,1385,2017,10729.0,7720.0,0.855858,1.447717,LTU,UKR,6505
2189536,132,228,1385,2017,32512.0,23166.0,0.684555,1.3208030000000002,LVA,UKR,6505
2189537,135,228,1385,2017,0.0,37546.0,-0.24909,-0.181213,MDA,UKR,6505
2189538,143,228,1385,2017,2150.0,0.0,-1.051544,-0.419183,MMR,UKR,6505
2189539,145,228,1385,2017,1182.0,0.0,-0.933737,-1.1195620000000002,MNG,UKR,6505
2189540,153,228,1385,2017,897.0,0.0,1.0110139999999999,0.6840729999999999,MYS,UKR,6505
2189541,162,228,1385,2017,78169.0,0.0,1.146959,1.470869,NLD,UKR,6505
2189542,163,228,1385,2017,0.0,59449.0,0.73658,0.11450199999999999,NOR,UKR,6505
2189543,168,228,1385,2017,4277.0,0.0,-0.698561,0.43523500000000004,PAK,UKR,6505
2189544,174,228,1385,2017,36318.0,0.0,0.657759,0.170061,PHL,UKR,6505
2189545,177,228,1385,2017,2812818.0,120210.0,1.197417,1.092716,POL,UKR,6505
2189546,179,228,1385,2017,3103.0,0.0,0.527046,2.264624,PRT,UKR,6505
2189547,186,228,1385,2017,617576.0,29131.0,0.32885,0.288392,RUS,UKR,6505
2189548,199,228,1385,2017,0.0,1750.0,-1.2313479999999999,-1.063879,SOM,UKR,6505
2189549,201,228,1385,2017,1024.0,0.0,0.541644,1.19872,SRB,UKR,6505
2189550,206,228,1385,2017,1315.0,0.0,1.279606,0.85503,SVK,UKR,6505
2189551,208,228,1385,2017,36205.0,4493.0,1.764732,0.732646,SWE,UKR,6505
2189552,224,228,1385,2017,243755.0,2399.0,0.541611,2.405872,TUR,UKR,6505
2189553,231,228,1385,2017,26966.0,21021.0,1.601478,0.277271,USA,UKR,6505
2189554,232,228,1385,2017,2769.0,0.0,-0.407169,-0.264942,UZB,UKR,6505
2189555,239,228,1385,2017,77264.0,0.0,-0.009819,0.686429,VNM,UKR,6505
2189556,249,228,1385,2017,87683.0,0.0,2.0548290000000002,1.2552969999999999,TWN,UKR,6505
2189557,250,228,1385,2017,24201.0,76237.0,0.72523,-0.205046,ANS,UKR,6505
2189558,8,230,1385,2017,81423.0,2439.0,-0.120753,0.233375,ARG,URY,6505
2189559,15,230,1385,2017,1533.0,0.0,1.728623,-0.031045999999999997,AUT,URY,6505
2189560,22,230,1385,2017,19666.0,0.0,-1.016251,-0.987654,BGD,URY,6505
2189561,32,230,1385,2017,63135.0,2545.0,0.145224,0.483461,BRA,URY,6505
2189562,39,230,1385,2017,5283.0,0.0,0.73897,1.206402,CAN,URY,6505
2189563,41,230,1385,2017,10915.0,0.0,2.2557810000000003,0.845459,CHE,URY,6505
2189564,42,230,1385,2017,2794.0,4016.0,-0.378693,-0.492983,CHL,URY,6505
2189565,43,230,1385,2017,3157766.0,0.0,1.1127790000000002,1.56869,CHN,URY,6505
2189566,49,230,1385,2017,4069.0,0.0,0.208096,-0.17644300000000002,COL,URY,6505
2189567,59,230,1385,2017,1053.0,0.0,1.7715130000000001,0.359668,CZE,URY,6505
2189568,61,230,1385,2017,9857.0,0.0,2.1149459999999998,-2.525372,DEU,URY,6505
2189569,64,230,1385,2017,990.0,0.0,1.159753,1.233914,DNK,URY,6505
2189570,67,230,1385,2017,44269.0,0.0,-0.9995850000000001,-1.086367,ECU,URY,6505
2189571,71,230,1385,2017,15052.0,0.0,0.734342,2.8180099999999997,ESP,URY,6505
2189572,74,230,1385,2017,12676.0,0.0,1.655957,0.962485,FIN,URY,6505
2189573,77,230,1385,2017,1598.0,0.0,1.398427,0.894732,FRA,URY,6505
2189574,81,230,1385,2017,3619.0,0.0,1.6883119999999998,0.8347469999999999,GBR,URY,6505
2189575,93,230,1385,2017,0.0,1042.0,-0.418538,0.557454,GTM,URY,6505
2189576,97,230,1385,2017,5290.0,0.0,0.824982,1.7162220000000001,HKG,URY,6505
2189577,103,230,1385,2017,8006.0,0.0,-0.23641700000000002,1.188173,IDN,URY,6505
2189578,104,230,1385,2017,26714.0,0.0,0.290576,2.726391,IND,URY,6505
2189579,111,230,1385,2017,5585.0,0.0,1.34395,0.577693,ITA,URY,6505
2189580,118,230,1385,2017,3260.0,0.0,-0.656325,-0.622167,KHM,URY,6505
2189581,128,230,1385,2017,1294.0,0.0,-0.46442799999999995,0.472132,LKA,URY,6505
2189582,138,230,1385,2017,2310.0,0.0,1.08871,0.5745279999999999,MEX,URY,6505
2189583,162,230,1385,2017,9592.0,1038.0,1.146959,1.470869,NLD,URY,6505
2189584,168,230,1385,2017,1835.0,0.0,-0.698561,0.43523500000000004,PAK,URY,6505
2189585,169,230,1385,2017,13426.0,0.0,0.5520109999999999,0.788181,PAN,URY,6505
2189586,173,230,1385,2017,2639.0,0.0,-0.667658,-0.318344,PER,URY,6505
2189587,174,230,1385,2017,11021.0,0.0,0.657759,0.170061,PHL,URY,6505
2189588,180,230,1385,2017,15866.0,0.0,-0.437741,-0.9248879999999999,PRY,URY,6505
2189589,216,230,1385,2017,1263.0,0.0,0.983977,1.3926020000000001,THA,URY,6505
2189590,224,230,1385,2017,3232.0,0.0,0.541611,2.405872,TUR,URY,6505
2189591,231,230,1385,2017,108024.0,0.0,1.601478,0.277271,USA,URY,6505
2189592,239,230,1385,2017,35176.0,0.0,-0.009819,0.686429,VNM,URY,6505
2189593,249,230,1385,2017,18264.0,0.0,2.0548290000000002,1.2552969999999999,TWN,URY,6505
2189594,250,230,1385,2017,0.0,1459.0,0.72523,-0.205046,ANS,URY,6505
2189595,0,231,1385,2017,0.0,87144.0,0.845843,0.165178,ABW,USA,6505
2189596,1,231,1385,2017,0.0,65542.0,-1.147348,-0.886799,AFG,USA,6505
2189597,2,231,1385,2017,0.0,13624.0,-1.408777,-1.215475,AGO,USA,6505
2189598,3,231,1385,2017,0.0,15258.0,1.0311569999999999,-0.098749,AIA,USA,6505
2189599,7,231,1385,2017,5856.0,269556.0,0.210477,0.02557,ARE,USA,6505
2189600,8,231,1385,2017,38972.0,184933.0,-0.120753,0.233375,ARG,USA,6505
2189601,13,231,1385,2017,1862.0,17148.0,0.42561099999999996,-0.42671099999999995,ATG,USA,6505
2189602,14,231,1385,2017,504700.0,1817295.0,-0.42427200000000004,-0.152921,AUS,USA,6505
2189603,15,231,1385,2017,469575.0,72113.0,1.728623,-0.031045999999999997,AUT,USA,6505
2189604,16,231,1385,2017,0.0,2494.0,-1.022455,-1.199225,AZE,USA,6505
2189605,18,231,1385,2017,194397.0,320353.0,1.292657,1.19571,BEL,USA,6505
2189606,22,231,1385,2017,149434832.0,0.0,-1.016251,-0.987654,BGD,USA,6505
2189607,23,231,1385,2017,404467.0,4360.0,0.557843,1.7221119999999999,BGR,USA,6505
2189608,24,231,1385,2017,0.0,13396.0,0.485479,-0.5348890000000001,BHR,USA,6505
2189609,25,231,1385,2017,0.0,236731.0,0.81944,-0.30649499999999996,BHS,USA,6505
2189610,26,231,1385,2017,7655.0,128.0,0.43245,0.726721,BIH,USA,6505
2189611,28,231,1385,2017,4499.0,591.0,0.8115829999999999,0.8323459999999999,BLR,USA,6505
2189612,29,231,1385,2017,10598.0,66503.0,-0.284062,-0.711108,BLZ,USA,6505
2189613,30,231,1385,2017,0.0,53580.0,1.06318,-0.48345,BMU,USA,6505
2189614,31,231,1385,2017,105203.0,35854.0,-1.158425,-1.076242,BOL,USA,6505
2189615,32,231,1385,2017,112815.0,186774.0,0.145224,0.483461,BRA,USA,6505
2189616,33,231,1385,2017,26694.0,82438.0,0.589793,-0.004488000000000001,BRB,USA,6505
2189617,34,231,1385,2017,0.0,7814.0,0.270525,-0.747949,BRN,USA,6505
2189618,37,231,1385,2017,0.0,1344.0,-0.593754,-1.166742,BWA,USA,6505
2189619,39,231,1385,2017,23204686.0,45630588.0,0.73897,1.206402,CAN,USA,6505
2189620,41,231,1385,2017,131015.0,92119.0,2.2557810000000003,0.845459,CHE,USA,6505
2189621,42,231,1385,2017,13553.0,1182545.0,-0.378693,-0.492983,CHL,USA,6505
2189622,43,231,1385,2017,912387072.0,1852222.0,1.1127790000000002,1.56869,CHN,USA,6505
2189623,45,231,1385,2017,3794.0,3947.0,-1.048569,-1.030799,CMR,USA,6505
2189624,46,231,1385,2017,0.0,103.0,-1.3960569999999999,-1.126784,COD,USA,6505
2189625,48,231,1385,2017,83778.0,0.0,0.154051,-0.74144,COK,USA,6505
2189626,49,231,1385,2017,759001.0,485546.0,0.208096,-0.17644300000000002,COL,USA,6505
2189627,52,231,1385,2017,39172.0,235297.0,0.288642,-0.056219000000000005,CRI,USA,6505
2189628,55,231,1385,2017,0.0,14691.0,0.161139,-0.591701,CUW,USA,6505
2189629,57,231,1385,2017,0.0,270286.0,1.105397,-0.794764,CYM,USA,6505
2189630,58,231,1385,2017,8121.0,10600.0,0.576982,0.279989,CYP,USA,6505
2189631,59,231,1385,2017,317302.0,5673.0,1.7715130000000001,0.359668,CZE,USA,6505
2189632,61,231,1385,2017,4318064.0,2123095.0,2.1149459999999998,-2.525372,DEU,USA,6505
2189633,64,231,1385,2017,74577.0,31242.0,1.159753,1.233914,DNK,USA,6505
2189634,65,231,1385,2017,3268191.0,194424.0,-0.168016,0.30840100000000004,DOM,USA,6505
2189635,66,231,1385,2017,0.0,2398.0,-0.9905579999999999,-1.1996200000000001,DZA,USA,6505
2189636,67,231,1385,2017,103989.0,53148.0,-0.9995850000000001,-1.086367,ECU,USA,6505
2189637,68,231,1385,2017,77414.0,5023.0,-0.073436,1.829121,EGY,USA,6505
2189638,71,231,1385,2017,4964354.0,221431.0,0.734342,2.8180099999999997,ESP,USA,6505
2189639,72,231,1385,2017,113493.0,11372.0,1.010985,1.289633,EST,USA,6505
2189640,73,231,1385,2017,0.0,1944.0,-1.007413,-0.638231,ETH,USA,6505
2189641,74,231,1385,2017,45476.0,22471.0,1.655957,0.962485,FIN,USA,6505
2189642,75,231,1385,2017,0.0,21296.0,-0.278276,-0.033997,FJI,USA,6505
2189643,77,231,1385,2017,5861756.0,435336.0,1.398427,0.894732,FRA,USA,6505
2189644,81,231,1385,2017,1817024.0,3803554.0,1.6883119999999998,0.8347469999999999,GBR,USA,6505
2189645,82,231,1385,2017,0.0,4095.0,-0.241749,-0.374727,GEO,USA,6505
2189646,83,231,1385,2017,4859.0,1309.0,-0.929143,-0.811439,GHA,USA,6505
2189647,84,231,1385,2017,0.0,2613.0,0.767836,-0.725273,GIB,USA,6505
2189648,89,231,1385,2017,0.0,9371.0,-1.735486,-0.9254180000000001,GNQ,USA,6505
2189649,90,231,1385,2017,130209.0,24057.0,0.154098,1.151038,GRC,USA,6505
2189650,91,231,1385,2017,0.0,39561.0,0.384656,-0.317098,GRD,USA,6505
2189651,93,231,1385,2017,386189.0,81713.0,-0.418538,0.557454,GTM,USA,6505
2189652,96,231,1385,2017,0.0,20510.0,-0.703271,-0.898648,GUY,USA,6505
2189653,97,231,1385,2017,5705802.0,1206721.0,0.824982,1.7162220000000001,HKG,USA,6505
2189654,99,231,1385,2017,713401.0,699631.0,-0.6335689999999999,-0.334201,HND,USA,6505
2189655,100,231,1385,2017,7639.0,4067.0,0.860825,1.365445,HRV,USA,6505
2189656,101,231,1385,2017,1132722.0,49147.0,-1.0089219999999999,-0.946722,HTI,USA,6505
2189657,102,231,1385,2017,229016.0,3572.0,1.4886270000000001,0.845986,HUN,USA,6505
2189658,103,231,1385,2017,7377090.0,12392.0,-0.23641700000000002,1.188173,IDN,USA,6505
2189659,104,231,1385,2017,4306678.0,354630.0,0.290576,2.726391,IND,USA,6505
2189660,106,231,1385,2017,645828.0,136562.0,1.363544,0.169211,IRL,USA,6505
2189661,108,231,1385,2017,0.0,51075.0,-1.515339,-0.9462950000000001,IRQ,USA,6505
2189662,109,231,1385,2017,7087.0,17573.0,0.386094,-0.277269,ISL,USA,6505
2189663,110,231,1385,2017,115194.0,294592.0,1.436156,0.776574,ISR,USA,6505
2189664,111,231,1385,2017,12033003.0,475145.0,1.34395,0.577693,ITA,USA,6505
2189665,112,231,1385,2017,2484.0,39838.0,-0.497654,-0.76481,JAM,USA,6505
2189666,113,231,1385,2017,43345.0,35141.0,0.020035,0.295415,JOR,USA,6505
2189667,114,231,1385,2017,363533.0,3871859.0,2.4510419999999997,-0.277357,JPN,USA,6505
2189668,115,231,1385,2017,1004.0,18753.0,-0.394316,-0.5485979999999999,KAZ,USA,6505
2189669,116,231,1385,2017,4979.0,2730.0,-0.579541,0.511926,KEN,USA,6505
2189670,117,231,1385,2017,1545.0,0.0,-0.11530599999999999,0.264752,KGZ,USA,6505
2189671,118,231,1385,2017,8616379.0,0.0,-0.656325,-0.622167,KHM,USA,6505
2189672,120,231,1385,2017,0.0,37056.0,0.781625,-0.405177,KNA,USA,6505
2189673,121,231,1385,2017,5595336.0,1233604.0,2.011263,0.783215,KOR,USA,6505
2189674,122,231,1385,2017,0.0,36581.0,-0.229821,-1.128482,KWT,USA,6505
2189675,124,231,1385,2017,2061.0,19108.0,0.266847,1.117621,LBN,USA,6505
2189676,127,231,1385,2017,71006.0,36937.0,0.458896,-0.149195,LCA,USA,6505
2189677,128,231,1385,2017,7709914.0,92193.0,-0.46442799999999995,0.472132,LKA,USA,6505
2189678,129,231,1385,2017,0.0,1458.0,-0.955398,-0.824111,LSO,USA,6505
2189679,130,231,1385,2017,29309.0,15763.0,0.855858,1.447717,LTU,USA,6505
2189680,131,231,1385,2017,12749.0,6005.0,1.24064,1.298263,LUX,USA,6505
2189681,132,231,1385,2017,2695.0,96734.0,0.684555,1.3208030000000002,LVA,USA,6505
2189682,133,231,1385,2017,64590.0,7228.0,0.264006,-0.11028099999999999,MAC,USA,6505
2189683,134,231,1385,2017,12189.0,2404.0,-0.757236,-0.065347,MAR,USA,6505
2189684,135,231,1385,2017,1091.0,1402.0,-0.24909,-0.181213,MDA,USA,6505
2189685,136,231,1385,2017,191203.0,0.0,-1.277182,-0.6503399999999999,MDG,USA,6505
2189686,137,231,1385,2017,0.0,7994.0,-1.100027,-0.9779479999999999,MDV,USA,6505
2189687,138,231,1385,2017,74200040.0,10370317.0,1.08871,0.5745279999999999,MEX,USA,6505
2189688,141,231,1385,2017,0.0,7926.0,-0.5927899999999999,-0.707245,MLI,USA,6505
2189689,143,231,1385,2017,614611.0,0.0,-1.051544,-0.419183,MMR,USA,6505
2189690,144,231,1385,2017,1693.0,810.0,0.201739,-0.23111399999999999,MNE,USA,6505
2189691,145,231,1385,2017,19246.0,11304.0,-0.933737,-1.1195620000000002,MNG,USA,6505
2189692,147,231,1385,2017,0.0,1372.0,-1.3882290000000002,-1.114475,MOZ,USA,6505
2189693,151,231,1385,2017,43022.0,1583.0,-0.156616,0.073153,MUS,USA,6505
2189694,153,231,1385,2017,46979.0,96702.0,1.0110139999999999,0.6840729999999999,MYS,USA,6505
2189695,155,231,1385,2017,0.0,1841.0,-0.5221060000000001,-0.7365079999999999,NAM,USA,6505
2189696,156,231,1385,2017,0.0,6091.0,-0.38216100000000003,-0.8662549999999999,NCL,USA,6505
2189697,157,231,1385,2017,0.0,352.0,-1.250156,-0.995524,NER,USA,6505
2189698,159,231,1385,2017,8844.0,6862.0,-1.8260919999999998,-1.276591,NGA,USA,6505
2189699,160,231,1385,2017,16385.0,35099.0,-1.0502280000000002,-0.8817719999999999,NIC,USA,6505
2189700,162,231,1385,2017,228873.0,1387230.0,1.146959,1.470869,NLD,USA,6505
2189701,163,231,1385,2017,50574.0,27900.0,0.73658,0.11450199999999999,NOR,USA,6505
2189702,164,231,1385,2017,1081956.0,6303.0,-0.319681,0.5788220000000001,NPL,USA,6505
2189703,166,231,1385,2017,10404.0,152103.0,0.25651199999999996,0.132996,NZL,USA,6505
2189704,168,231,1385,2017,841006.0,0.0,-0.698561,0.43523500000000004,PAK,USA,6505
2189705,169,231,1385,2017,1983.0,1301607.0,0.5520109999999999,0.788181,PAN,USA,6505
2189706,173,231,1385,2017,1628289.0,106687.0,-0.667658,-0.318344,PER,USA,6505
2189707,174,231,1385,2017,6244059.0,150538.0,0.657759,0.170061,PHL,USA,6505
2189708,175,231,1385,2017,0.0,1631.0,0.6076229999999999,-0.559638,PLW,USA,6505
2189709,177,231,1385,2017,670924.0,39814.0,1.197417,1.092716,POL,USA,6505
2189710,179,231,1385,2017,224902.0,10233.0,0.527046,2.264624,PRT,USA,6505
2189711,180,231,1385,2017,0.0,54248.0,-0.437741,-0.9248879999999999,PRY,USA,6505
2189712,181,231,1385,2017,0.0,94.0,0.11852,0.609241,PSE,USA,6505
2189713,182,231,1385,2017,0.0,84632.0,-0.1278,-0.748387,PYF,USA,6505
2189714,183,231,1385,2017,2759.0,64456.0,-0.361327,-1.066869,QAT,USA,6505
2189715,185,231,1385,2017,84219.0,8222.0,1.05479,0.9842219999999999,ROU,USA,6505
2189716,186,231,1385,2017,41423.0,79792.0,0.32885,0.288392,RUS,USA,6505
2189717,187,231,1385,2017,0.0,2827.0,-0.7610319999999999,-0.680251,RWA,USA,6505
2189718,188,231,1385,2017,3430.0,544046.0,0.597716,-0.345049,SAU,USA,6505
2189719,191,231,1385,2017,1239.0,0.0,-0.6722899999999999,-0.26522199999999996,SEN,USA,6505
2189720,192,231,1385,2017,549577.0,136363.0,1.884166,0.37903600000000004,SGP,USA,6505
2189721,197,231,1385,2017,922052.0,3259.0,0.113639,0.23175199999999999,SLV,USA,6505
2189722,201,231,1385,2017,54412.0,803.0,0.541644,1.19872,SRB,USA,6505
2189723,202,231,1385,2017,0.0,2688.0,-2.23581,-0.962008,SSD,USA,6505
2189724,205,231,1385,2017,0.0,6163.0,-0.596432,-1.0249700000000002,SUR,USA,6505
2189725,206,231,1385,2017,97430.0,8230.0,1.279606,0.85503,SVK,USA,6505
2189726,207,231,1385,2017,1681.0,34017.0,1.600319,0.854305,SVN,USA,6505
2189727,208,231,1385,2017,529814.0,129650.0,1.764732,0.732646,SWE,USA,6505
2189728,209,231,1385,2017,0.0,7654.0,0.126066,-0.551203,SWZ,USA,6505
2189729,210,231,1385,2017,0.0,69033.0,0.892698,-0.795854,SXM,USA,6505
2189730,211,231,1385,2017,0.0,2803.0,0.41946000000000006,-0.523274,SYC,USA,6505
2189731,213,231,1385,2017,0.0,45940.0,0.897017,0.219298,TCA,USA,6505
2189732,216,231,1385,2017,1748880.0,29346.0,0.983977,1.3926020000000001,THA,USA,6505
2189733,222,231,1385,2017,0.0,61127.0,-0.183935,-1.012153,TTO,USA,6505
2189734,223,231,1385,2017,11485.0,3796.0,0.224119,0.961772,TUN,USA,6505
2189735,224,231,1385,2017,466413.0,44918.0,0.541611,2.405872,TUR,USA,6505
2189736,226,231,1385,2017,0.0,4398.0,-1.0691709999999999,0.11636800000000001,TZA,USA,6505
2189737,227,231,1385,2017,14076.0,9887.0,-0.6831020000000001,-0.046838,UGA,USA,6505
2189738,228,231,1385,2017,21021.0,26966.0,0.461109,0.7826569999999999,UKR,USA,6505
2189739,230,231,1385,2017,0.0,108024.0,0.16963,-0.403006,URY,USA,6505
2189740,234,231,1385,2017,0.0,23377.0,-0.040273,-0.549452,VCT,USA,6505
2189741,236,231,1385,2017,0.0,96298.0,-0.8874559999999999,-1.178752,VEN,USA,6505
2189742,237,231,1385,2017,32932.0,53257.0,0.768,-0.257912,VGB,USA,6505
2189743,239,231,1385,2017,154174224.0,74623.0,-0.009819,0.686429,VNM,USA,6505
2189744,242,231,1385,2017,0.0,1074.0,0.450726,0.050197000000000006,WSM,USA,6505
2189745,246,231,1385,2017,6815.0,197369.0,0.2066,1.378591,ZAF,USA,6505
2189746,247,231,1385,2017,0.0,2375.0,-0.8594290000000001,-1.0574459999999999,ZMB,USA,6505
2189747,248,231,1385,2017,0.0,2788.0,-1.101402,-1.0831680000000001,ZWE,USA,6505
2189748,249,231,1385,2017,25035184.0,272353.0,2.0548290000000002,1.2552969999999999,TWN,USA,6505
2189749,0,236,1385,2017,0.0,2340.0,0.845843,0.165178,ABW,VEN,6505
2189750,32,236,1385,2017,1980.0,0.0,0.145224,0.483461,BRA,VEN,6505
2189751,41,236,1385,2017,1295.0,0.0,2.2557810000000003,0.845459,CHE,VEN,6505
2189752,42,236,1385,2017,0.0,4434.0,-0.378693,-0.492983,CHL,VEN,6505
2189753,43,236,1385,2017,1298833.0,0.0,1.1127790000000002,1.56869,CHN,VEN,6505
2189754,49,236,1385,2017,2589.0,0.0,0.208096,-0.17644300000000002,COL,VEN,6505
2189755,52,236,1385,2017,0.0,2394.0,0.288642,-0.056219000000000005,CRI,VEN,6505
2189756,61,236,1385,2017,3481.0,0.0,2.1149459999999998,-2.525372,DEU,VEN,6505
2189757,65,236,1385,2017,0.0,1126.0,-0.168016,0.30840100000000004,DOM,VEN,6505
2189758,71,236,1385,2017,0.0,7438.0,0.734342,2.8180099999999997,ESP,VEN,6505
2189759,81,236,1385,2017,3337.0,0.0,1.6883119999999998,0.8347469999999999,GBR,VEN,6505
2189760,93,236,1385,2017,0.0,1394.0,-0.418538,0.557454,GTM,VEN,6505
2189761,97,236,1385,2017,2532.0,0.0,0.824982,1.7162220000000001,HKG,VEN,6505
2189762,111,236,1385,2017,5757.0,0.0,1.34395,0.577693,ITA,VEN,6505
2189763,138,236,1385,2017,4343.0,0.0,1.08871,0.5745279999999999,MEX,VEN,6505
2189764,169,236,1385,2017,178009.0,0.0,0.5520109999999999,0.788181,PAN,VEN,6505
2189765,173,236,1385,2017,28640.0,0.0,-0.667658,-0.318344,PER,VEN,6505
2189766,231,236,1385,2017,96298.0,0.0,1.601478,0.277271,USA,VEN,6505
2189767,246,236,1385,2017,2928.0,0.0,0.2066,1.378591,ZAF,VEN,6505
2189768,2,246,1385,2017,0.0,45594.0,-1.408777,-1.215475,AGO,ZAF,6505
2189769,7,246,1385,2017,2932.0,44814.0,0.210477,0.02557,ARE,ZAF,6505
2189770,14,246,1385,2017,26070.0,25141.0,-0.42427200000000004,-0.152921,AUS,ZAF,6505
2189771,15,246,1385,2017,24324.0,0.0,1.728623,-0.031045999999999997,AUT,ZAF,6505
2189772,18,246,1385,2017,41740.0,2686.0,1.292657,1.19571,BEL,ZAF,6505
2189773,19,246,1385,2017,0.0,1542.0,-0.755027,-0.796864,BEN,ZAF,6505
2189774,22,246,1385,2017,868616.0,0.0,-1.016251,-0.987654,BGD,ZAF,6505
2189775,23,246,1385,2017,5836.0,0.0,0.557843,1.7221119999999999,BGR,ZAF,6505
2189776,24,246,1385,2017,0.0,60475.0,0.485479,-0.5348890000000001,BHR,ZAF,6505
2189777,32,246,1385,2017,1231.0,0.0,0.145224,0.483461,BRA,ZAF,6505
2189778,37,246,1385,2017,2975.0,1350599.0,-0.593754,-1.166742,BWA,ZAF,6505
2189779,38,246,1385,2017,0.0,223.0,-0.289049,-0.648497,CAF,ZAF,6505
2189780,39,246,1385,2017,19658.0,2955.0,0.73897,1.206402,CAN,ZAF,6505
2189781,41,246,1385,2017,15074.0,1505.0,2.2557810000000003,0.845459,CHE,ZAF,6505
2189782,42,246,1385,2017,0.0,1139.0,-0.378693,-0.492983,CHL,ZAF,6505
2189783,43,246,1385,2017,41352716.0,14454.0,1.1127790000000002,1.56869,CHN,ZAF,6505
2189784,44,246,1385,2017,0.0,3331.0,-0.784119,-0.904135,CIV,ZAF,6505
2189785,45,246,1385,2017,3255.0,0.0,-1.048569,-1.030799,CMR,ZAF,6505
2189786,46,246,1385,2017,0.0,37485.0,-1.3960569999999999,-1.126784,COD,ZAF,6505
2189787,47,246,1385,2017,0.0,58385.0,-1.2289780000000001,-1.169368,COG,ZAF,6505
2189788,51,246,1385,2017,0.0,5252.0,-0.11722300000000001,-0.677707,CPV,ZAF,6505
2189789,58,246,1385,2017,0.0,1035.0,0.576982,0.279989,CYP,ZAF,6505
2189790,59,246,1385,2017,24987.0,0.0,1.7715130000000001,0.359668,CZE,ZAF,6505
2189791,61,246,1385,2017,577203.0,18058.0,2.1149459999999998,-2.525372,DEU,ZAF,6505
2189792,64,246,1385,2017,18423.0,994.0,1.159753,1.233914,DNK,ZAF,6505
2189793,67,246,1385,2017,1273.0,0.0,-0.9995850000000001,-1.086367,ECU,ZAF,6505
2189794,71,246,1385,2017,36364.0,1032.0,0.734342,2.8180099999999997,ESP,ZAF,6505
2189795,73,246,1385,2017,919.0,5066.0,-1.007413,-0.638231,ETH,ZAF,6505
2189796,74,246,1385,2017,9257.0,12326.0,1.655957,0.962485,FIN,ZAF,6505
2189797,77,246,1385,2017,529544.0,9990.0,1.398427,0.894732,FRA,ZAF,6505
2189798,81,246,1385,2017,185849.0,45145.0,1.6883119999999998,0.8347469999999999,GBR,ZAF,6505
2189799,83,246,1385,2017,0.0,233842.0,-0.929143,-0.811439,GHA,ZAF,6505
2189800,85,246,1385,2017,0.0,10123.0,-1.7560669999999998,-1.2747680000000001,GIN,ZAF,6505
2189801,89,246,1385,2017,0.0,4868.0,-1.735486,-0.9254180000000001,GNQ,ZAF,6505
2189802,90,246,1385,2017,0.0,1413.0,0.154098,1.151038,GRC,ZAF,6505
2189803,97,246,1385,2017,47225.0,0.0,0.824982,1.7162220000000001,HKG,ZAF,6505
2189804,102,246,1385,2017,2096.0,0.0,1.4886270000000001,0.845986,HUN,ZAF,6505
2189805,103,246,1385,2017,137766.0,0.0,-0.23641700000000002,1.188173,IDN,ZAF,6505
2189806,104,246,1385,2017,49698.0,0.0,0.290576,2.726391,IND,ZAF,6505
2189807,106,246,1385,2017,0.0,8823.0,1.363544,0.169211,IRL,ZAF,6505
2189808,110,246,1385,2017,1770.0,910.0,1.436156,0.776574,ISR,ZAF,6505
2189809,111,246,1385,2017,80316.0,2407.0,1.34395,0.577693,ITA,ZAF,6505
2189810,114,246,1385,2017,5994.0,0.0,2.4510419999999997,-0.277357,JPN,ZAF,6505
2189811,116,246,1385,2017,0.0,39030.0,-0.579541,0.511926,KEN,ZAF,6505
2189812,121,246,1385,2017,14476.0,0.0,2.011263,0.783215,KOR,ZAF,6505
2189813,122,246,1385,2017,0.0,4912.0,-0.229821,-1.128482,KWT,ZAF,6505
2189814,128,246,1385,2017,2912.0,0.0,-0.46442799999999995,0.472132,LKA,ZAF,6505
2189815,129,246,1385,2017,352002.0,694724.0,-0.955398,-0.824111,LSO,ZAF,6505
2189816,130,246,1385,2017,1139.0,0.0,0.855858,1.447717,LTU,ZAF,6505
2189817,131,246,1385,2017,1145.0,0.0,1.24064,1.298263,LUX,ZAF,6505
2189818,134,246,1385,2017,2389.0,0.0,-0.757236,-0.065347,MAR,ZAF,6505
2189819,136,246,1385,2017,4906.0,6036.0,-1.277182,-0.6503399999999999,MDG,ZAF,6505
2189820,137,246,1385,2017,0.0,5673.0,-1.100027,-0.9779479999999999,MDV,ZAF,6505
2189821,138,246,1385,2017,1544.0,0.0,1.08871,0.5745279999999999,MEX,ZAF,6505
2189822,141,246,1385,2017,0.0,3118.0,-0.5927899999999999,-0.707245,MLI,ZAF,6505
2189823,143,246,1385,2017,2759.0,0.0,-1.051544,-0.419183,MMR,ZAF,6505
2189824,147,246,1385,2017,0.0,258816.0,-1.3882290000000002,-1.114475,MOZ,ZAF,6505
2189825,151,246,1385,2017,21195.0,64766.0,-0.156616,0.073153,MUS,ZAF,6505
2189826,152,246,1385,2017,0.0,39236.0,-0.761995,-0.8897729999999999,MWI,ZAF,6505
2189827,153,246,1385,2017,3252.0,3514.0,1.0110139999999999,0.6840729999999999,MYS,ZAF,6505
2189828,155,246,1385,2017,2157.0,2442811.0,-0.5221060000000001,-0.7365079999999999,NAM,ZAF,6505
2189829,159,246,1385,2017,1514.0,21408.0,-1.8260919999999998,-1.276591,NGA,ZAF,6505
2189830,162,246,1385,2017,190042.0,9786.0,1.146959,1.470869,NLD,ZAF,6505
2189831,163,246,1385,2017,0.0,1394.0,0.73658,0.11450199999999999,NOR,ZAF,6505
2189832,164,246,1385,2017,2295.0,0.0,-0.319681,0.5788220000000001,NPL,ZAF,6505
2189833,166,246,1385,2017,25680.0,2113.0,0.25651199999999996,0.132996,NZL,ZAF,6505
2189834,167,246,1385,2017,0.0,1229.0,-0.347684,-0.884569,OMN,ZAF,6505
2189835,168,246,1385,2017,18245.0,0.0,-0.698561,0.43523500000000004,PAK,ZAF,6505
2189836,169,246,1385,2017,0.0,1593.0,0.5520109999999999,0.788181,PAN,ZAF,6505
2189837,174,246,1385,2017,518978.0,0.0,0.657759,0.170061,PHL,ZAF,6505
2189838,176,246,1385,2017,0.0,10474.0,-1.788834,-1.267126,PNG,ZAF,6505
2189839,177,246,1385,2017,4642.0,0.0,1.197417,1.092716,POL,ZAF,6505
2189840,179,246,1385,2017,3351.0,0.0,0.527046,2.264624,PRT,ZAF,6505
2189841,183,246,1385,2017,1134.0,43318.0,-0.361327,-1.066869,QAT,ZAF,6505
2189842,185,246,1385,2017,1096.0,0.0,1.05479,0.9842219999999999,ROU,ZAF,6505
2189843,186,246,1385,2017,0.0,11515.0,0.32885,0.288392,RUS,ZAF,6505
2189844,187,246,1385,2017,0.0,997.0,-0.7610319999999999,-0.680251,RWA,ZAF,6505
2189845,188,246,1385,2017,4811.0,3610.0,0.597716,-0.345049,SAU,ZAF,6505
2189846,190,246,1385,2017,0.0,3959.0,-1.567691,-1.257164,SDN,ZAF,6505
2189847,191,246,1385,2017,0.0,5546.0,-0.6722899999999999,-0.26522199999999996,SEN,ZAF,6505
2189848,192,246,1385,2017,0.0,1496.0,1.884166,0.37903600000000004,SGP,ZAF,6505
2189849,196,246,1385,2017,0.0,28464.0,-0.37777,-0.6353270000000001,SLE,ZAF,6505
2189850,199,246,1385,2017,0.0,1096.0,-1.2313479999999999,-1.063879,SOM,ZAF,6505
2189851,206,246,1385,2017,1156.0,0.0,1.279606,0.85503,SVK,ZAF,6505
2189852,208,246,1385,2017,33593.0,1759.0,1.764732,0.732646,SWE,ZAF,6505
2189853,209,246,1385,2017,8268.0,571802.0,0.126066,-0.551203,SWZ,ZAF,6505
2189854,211,246,1385,2017,0.0,27938.0,0.41946000000000006,-0.523274,SYC,ZAF,6505
2189855,216,246,1385,2017,4722.0,0.0,0.983977,1.3926020000000001,THA,ZAF,6505
2189856,224,246,1385,2017,24584.0,0.0,0.541611,2.405872,TUR,ZAF,6505
2189857,226,246,1385,2017,0.0,36949.0,-1.0691709999999999,0.11636800000000001,TZA,ZAF,6505
2189858,227,246,1385,2017,0.0,21154.0,-0.6831020000000001,-0.046838,UGA,ZAF,6505
2189859,231,246,1385,2017,197369.0,6815.0,1.601478,0.277271,USA,ZAF,6505
2189860,236,246,1385,2017,0.0,2928.0,-0.8874559999999999,-1.178752,VEN,ZAF,6505
2189861,239,246,1385,2017,585009.0,0.0,-0.009819,0.686429,VNM,ZAF,6505
2189862,247,246,1385,2017,0.0,524880.0,-0.8594290000000001,-1.0574459999999999,ZMB,ZAF,6505
2189863,248,246,1385,2017,867.0,91365.0,-1.101402,-1.0831680000000001,ZWE,ZAF,6505
2189864,249,246,1385,2017,398085.0,0.0,2.0548290000000002,1.2552969999999999,TWN,ZAF,6505
2189865,250,246,1385,2017,22973.0,9821.0,0.72523,-0.205046,ANS,ZAF,6505
2189866,7,249,1385,2017,0.0,134693.0,0.210477,0.02557,ARE,TWN,6505
2189867,8,249,1385,2017,0.0,25609.0,-0.120753,0.233375,ARG,TWN,6505
2189868,9,249,1385,2017,0.0,3629.0,-0.23846799999999999,-0.658774,ARM,TWN,6505
2189869,14,249,1385,2017,21002.0,457116.0,-0.42427200000000004,-0.152921,AUS,TWN,6505
2189870,15,249,1385,2017,19296.0,95317.0,1.728623,-0.031045999999999997,AUT,TWN,6505
2189871,16,249,1385,2017,0.0,2092.0,-1.022455,-1.199225,AZE,TWN,6505
2189872,18,249,1385,2017,10097.0,4467492.0,1.292657,1.19571,BEL,TWN,6505
2189873,22,249,1385,2017,168554.0,0.0,-1.016251,-0.987654,BGD,TWN,6505
2189874,23,249,1385,2017,5855.0,5215.0,0.557843,1.7221119999999999,BGR,TWN,6505
2189875,24,249,1385,2017,0.0,2696.0,0.485479,-0.5348890000000001,BHR,TWN,6505
2189876,26,249,1385,2017,0.0,6588.0,0.43245,0.726721,BIH,TWN,6505
2189877,28,249,1385,2017,0.0,15773.0,0.8115829999999999,0.8323459999999999,BLR,TWN,6505
2189878,31,249,1385,2017,1100.0,0.0,-1.158425,-1.076242,BOL,TWN,6505
2189879,32,249,1385,2017,0.0,185312.0,0.145224,0.483461,BRA,TWN,6505
2189880,33,249,1385,2017,0.0,18998.0,0.589793,-0.004488000000000001,BRB,TWN,6505
2189881,39,249,1385,2017,31091.0,2562946.0,0.73897,1.206402,CAN,TWN,6505
2189882,41,249,1385,2017,7766.0,443317.0,2.2557810000000003,0.845459,CHE,TWN,6505
2189883,42,249,1385,2017,0.0,234596.0,-0.378693,-0.492983,CHL,TWN,6505
2189884,43,249,1385,2017,7474908.0,1008791.0,1.1127790000000002,1.56869,CHN,TWN,6505
2189885,44,249,1385,2017,0.0,7290.0,-0.784119,-0.904135,CIV,TWN,6505
2189886,45,249,1385,2017,0.0,4528.0,-1.048569,-1.030799,CMR,TWN,6505
2189887,49,249,1385,2017,0.0,12720.0,0.208096,-0.17644300000000002,COL,TWN,6505
2189888,52,249,1385,2017,0.0,24284.0,0.288642,-0.056219000000000005,CRI,TWN,6505
2189889,58,249,1385,2017,1471.0,0.0,0.576982,0.279989,CYP,TWN,6505
2189890,59,249,1385,2017,8504.0,30092.0,1.7715130000000001,0.359668,CZE,TWN,6505
2189891,61,249,1385,2017,188244.0,5316498.0,2.1149459999999998,-2.525372,DEU,TWN,6505
2189892,64,249,1385,2017,5217.0,15450.0,1.159753,1.233914,DNK,TWN,6505
2189893,65,249,1385,2017,4151.0,90143.0,-0.168016,0.30840100000000004,DOM,TWN,6505
2189894,66,249,1385,2017,0.0,79004.0,-0.9905579999999999,-1.1996200000000001,DZA,TWN,6505
2189895,67,249,1385,2017,8531.0,26971.0,-0.9995850000000001,-1.086367,ECU,TWN,6505
2189896,68,249,1385,2017,0.0,4976.0,-0.073436,1.829121,EGY,TWN,6505
2189897,71,249,1385,2017,55580.0,585646.0,0.734342,2.8180099999999997,ESP,TWN,6505
2189898,72,249,1385,2017,0.0,2830.0,1.010985,1.289633,EST,TWN,6505
2189899,74,249,1385,2017,0.0,60026.0,1.655957,0.962485,FIN,TWN,6505
2189900,77,249,1385,2017,222849.0,2316593.0,1.398427,0.894732,FRA,TWN,6505
2189901,81,249,1385,2017,82927.0,909408.0,1.6883119999999998,0.8347469999999999,GBR,TWN,6505
2189902,83,249,1385,2017,0.0,2044.0,-0.929143,-0.811439,GHA,TWN,6505
2189903,90,249,1385,2017,934.0,34367.0,0.154098,1.151038,GRC,TWN,6505
2189904,97,249,1385,2017,120544.0,2496573.0,0.824982,1.7162220000000001,HKG,TWN,6505
2189905,99,249,1385,2017,3598.0,12012.0,-0.6335689999999999,-0.334201,HND,TWN,6505
2189906,100,249,1385,2017,1039.0,15818.0,0.860825,1.365445,HRV,TWN,6505
2189907,102,249,1385,2017,0.0,75879.0,1.4886270000000001,0.845986,HUN,TWN,6505
2189908,103,249,1385,2017,26993.0,3659.0,-0.23641700000000002,1.188173,IDN,TWN,6505
2189909,104,249,1385,2017,1614.0,89985.0,0.290576,2.726391,IND,TWN,6505
2189910,106,249,1385,2017,0.0,45746.0,1.363544,0.169211,IRL,TWN,6505
2189911,109,249,1385,2017,0.0,14685.0,0.386094,-0.277269,ISL,TWN,6505
2189912,110,249,1385,2017,0.0,100647.0,1.436156,0.776574,ISR,TWN,6505
2189913,111,249,1385,2017,205541.0,123848.0,1.34395,0.577693,ITA,TWN,6505
2189914,114,249,1385,2017,473341.0,2994120.0,2.4510419999999997,-0.277357,JPN,TWN,6505
2189915,115,249,1385,2017,0.0,14636.0,-0.394316,-0.5485979999999999,KAZ,TWN,6505
2189916,118,249,1385,2017,56102.0,0.0,-0.656325,-0.622167,KHM,TWN,6505
2189917,119,249,1385,2017,0.0,3018.0,-0.912241,-0.907758,KIR,TWN,6505
2189918,121,249,1385,2017,219922.0,452356.0,2.011263,0.783215,KOR,TWN,6505
2189919,122,249,1385,2017,0.0,27066.0,-0.229821,-1.128482,KWT,TWN,6505
2189920,124,249,1385,2017,0.0,10785.0,0.266847,1.117621,LBN,TWN,6505
2189921,128,249,1385,2017,38910.0,996.0,-0.46442799999999995,0.472132,LKA,TWN,6505
2189922,130,249,1385,2017,712.0,14450.0,0.855858,1.447717,LTU,TWN,6505
2189923,131,249,1385,2017,0.0,10720.0,1.24064,1.298263,LUX,TWN,6505
2189924,132,249,1385,2017,0.0,5654.0,0.684555,1.3208030000000002,LVA,TWN,6505
2189925,133,249,1385,2017,0.0,2337.0,0.264006,-0.11028099999999999,MAC,TWN,6505
2189926,134,249,1385,2017,0.0,11289.0,-0.757236,-0.065347,MAR,TWN,6505
2189927,135,249,1385,2017,0.0,2220.0,-0.24909,-0.181213,MDA,TWN,6505
2189928,136,249,1385,2017,1733.0,0.0,-1.277182,-0.6503399999999999,MDG,TWN,6505
2189929,138,249,1385,2017,5454.0,65222.0,1.08871,0.5745279999999999,MEX,TWN,6505
2189930,139,249,1385,2017,0.0,1053.0,-0.057511,-0.80248,MHL,TWN,6505
2189931,140,249,1385,2017,0.0,3165.0,-0.0292,-0.377156,MKD,TWN,6505
2189932,142,249,1385,2017,0.0,14676.0,0.999914,0.12683,MLT,TWN,6505
2189933,143,249,1385,2017,13739.0,0.0,-1.051544,-0.419183,MMR,TWN,6505
2189934,144,249,1385,2017,0.0,13857.0,0.201739,-0.23111399999999999,MNE,TWN,6505
2189935,145,249,1385,2017,0.0,4104.0,-0.933737,-1.1195620000000002,MNG,TWN,6505
2189936,151,249,1385,2017,0.0,13123.0,-0.156616,0.073153,MUS,TWN,6505
2189937,153,249,1385,2017,44223.0,278646.0,1.0110139999999999,0.6840729999999999,MYS,TWN,6505
2189938,160,249,1385,2017,0.0,31211.0,-1.0502280000000002,-0.8817719999999999,NIC,TWN,6505
2189939,162,249,1385,2017,6526.0,3794325.0,1.146959,1.470869,NLD,TWN,6505
2189940,163,249,1385,2017,0.0,14438.0,0.73658,0.11450199999999999,NOR,TWN,6505
2189941,164,249,1385,2017,2722.0,936.0,-0.319681,0.5788220000000001,NPL,TWN,6505
2189942,166,249,1385,2017,3364.0,129795.0,0.25651199999999996,0.132996,NZL,TWN,6505
2189943,167,249,1385,2017,0.0,5155.0,-0.347684,-0.884569,OMN,TWN,6505
2189944,168,249,1385,2017,0.0,1958.0,-0.698561,0.43523500000000004,PAK,TWN,6505
2189945,169,249,1385,2017,0.0,161475.0,0.5520109999999999,0.788181,PAN,TWN,6505
2189946,173,249,1385,2017,1712.0,13708.0,-0.667658,-0.318344,PER,TWN,6505
2189947,174,249,1385,2017,93860.0,25184.0,0.657759,0.170061,PHL,TWN,6505
2189948,176,249,1385,2017,0.0,4540.0,-1.788834,-1.267126,PNG,TWN,6505
2189949,177,249,1385,2017,11937.0,134237.0,1.197417,1.092716,POL,TWN,6505
2189950,179,249,1385,2017,2669.0,0.0,0.527046,2.264624,PRT,TWN,6505
2189951,180,249,1385,2017,0.0,63046.0,-0.437741,-0.9248879999999999,PRY,TWN,6505
2189952,183,249,1385,2017,0.0,21264.0,-0.361327,-1.066869,QAT,TWN,6505
2189953,185,249,1385,2017,1060.0,17345.0,1.05479,0.9842219999999999,ROU,TWN,6505
2189954,186,249,1385,2017,0.0,1650284.0,0.32885,0.288392,RUS,TWN,6505
2189955,192,249,1385,2017,32535.0,22849.0,1.884166,0.37903600000000004,SGP,TWN,6505
2189956,201,249,1385,2017,0.0,4041.0,0.541644,1.19872,SRB,TWN,6505
2189957,206,249,1385,2017,0.0,127574.0,1.279606,0.85503,SVK,TWN,6505
2189958,207,249,1385,2017,0.0,89837.0,1.600319,0.854305,SVN,TWN,6505
2189959,208,249,1385,2017,24522.0,301259.0,1.764732,0.732646,SWE,TWN,6505
2189960,216,249,1385,2017,102529.0,21672.0,0.983977,1.3926020000000001,THA,TWN,6505
2189961,223,249,1385,2017,1871.0,3930.0,0.224119,0.961772,TUN,TWN,6505
2189962,224,249,1385,2017,9510.0,133448.0,0.541611,2.405872,TUR,TWN,6505
2189963,228,249,1385,2017,0.0,87683.0,0.461109,0.7826569999999999,UKR,TWN,6505
2189964,230,249,1385,2017,0.0,18264.0,0.16963,-0.403006,URY,TWN,6505
2189965,231,249,1385,2017,272353.0,25035184.0,1.601478,0.277271,USA,TWN,6505
2189966,239,249,1385,2017,653659.0,130079.0,-0.009819,0.686429,VNM,TWN,6505
2189967,246,249,1385,2017,0.0,398085.0,0.2066,1.378591,ZAF,TWN,6505
2189968,250,249,1385,2017,71727.0,0.0,0.72523,-0.205046,ANS,TWN,6505
2189969,0,250,1385,2017,4990.0,25540.0,0.845843,0.165178,ABW,ANS,6505
2189970,5,250,1385,2017,3547.0,3674.0,1.097505,0.480863,AND,ANS,6505
2189971,9,250,1385,2017,12137.0,4337.0,-0.23846799999999999,-0.658774,ARM,ANS,6505
2189972,13,250,1385,2017,7399.0,0.0,0.42561099999999996,-0.42671099999999995,ATG,ANS,6505
2189973,14,250,1385,2017,72198.0,0.0,-0.42427200000000004,-0.152921,AUS,ANS,6505
2189974,24,250,1385,2017,1946.0,0.0,0.485479,-0.5348890000000001,BHR,ANS,6505
2189975,26,250,1385,2017,3852.0,0.0,0.43245,0.726721,BIH,ANS,6505
2189976,31,250,1385,2017,0.0,20788.0,-1.158425,-1.076242,BOL,ANS,6505
2189977,42,250,1385,2017,42392.0,598366.0,-0.378693,-0.492983,CHL,ANS,6505
2189978,43,250,1385,2017,7129.0,0.0,1.1127790000000002,1.56869,CHN,ANS,6505
2189979,46,250,1385,2017,0.0,1556.0,-1.3960569999999999,-1.126784,COD,ANS,6505
2189980,49,250,1385,2017,63657.0,6849.0,0.208096,-0.17644300000000002,COL,ANS,6505
2189981,52,250,1385,2017,0.0,96314.0,0.288642,-0.056219000000000005,CRI,ANS,6505
2189982,59,250,1385,2017,6326.0,124763.0,1.7715130000000001,0.359668,CZE,ANS,6505
2189983,61,250,1385,2017,72724.0,0.0,2.1149459999999998,-2.525372,DEU,ANS,6505
2189984,65,250,1385,2017,26812.0,31207.0,-0.168016,0.30840100000000004,DOM,ANS,6505
2189985,71,250,1385,2017,578968.0,173069.0,0.734342,2.8180099999999997,ESP,ANS,6505
2189986,72,250,1385,2017,0.0,72931.0,1.010985,1.289633,EST,ANS,6505
2189987,77,250,1385,2017,8979.0,1014126.0,1.398427,0.894732,FRA,ANS,6505
2189988,97,250,1385,2017,97824.0,0.0,0.824982,1.7162220000000001,HKG,ANS,6505
2189989,99,250,1385,2017,0.0,1939.0,-0.6335689999999999,-0.334201,HND,ANS,6505
2189990,100,250,1385,2017,7247.0,6033.0,0.860825,1.365445,HRV,ANS,6505
2189991,104,250,1385,2017,0.0,3048.0,0.290576,2.726391,IND,ANS,6505
2189992,106,250,1385,2017,188718.0,56310.0,1.363544,0.169211,IRL,ANS,6505
2189993,110,250,1385,2017,3000.0,0.0,1.436156,0.776574,ISR,ANS,6505
2189994,111,250,1385,2017,77983.0,8140.0,1.34395,0.577693,ITA,ANS,6505
2189995,113,250,1385,2017,25143.0,0.0,0.020035,0.295415,JOR,ANS,6505
2189996,116,250,1385,2017,18457.0,0.0,-0.579541,0.511926,KEN,ANS,6505
2189997,124,250,1385,2017,1914.0,0.0,0.266847,1.117621,LBN,ANS,6505
2189998,127,250,1385,2017,15699.0,11022.0,0.458896,-0.149195,LCA,ANS,6505
