4109999,80,47,8907,2015,0.0,5583.0,-1.384351,-1.209873,GAB,COG,842549
4110000,81,47,8907,2015,2890.0,700514.0,1.7422990000000003,0.75838,GBR,COG,842549
4110001,104,47,8907,2015,48206.0,0.0,0.24230900000000002,2.8190880000000003,IND,COG,842549
4110002,111,47,8907,2015,3853.0,0.0,1.321127,0.747046,ITA,COG,842549
4110003,114,47,8907,2015,473.0,0.0,2.516133,-0.484202,JPN,COG,842549
4110004,121,47,8907,2015,4640.0,0.0,1.900653,0.859406,KOR,COG,842549
4110005,124,47,8907,2015,31675.0,0.0,0.317355,1.330374,LBN,COG,842549
4110006,142,47,8907,2015,38358.0,0.0,0.880893,-0.117585,MLT,COG,842549
4110007,162,47,8907,2015,2480.0,0.0,1.230104,1.27344,NLD,COG,842549
4110008,163,47,8907,2015,322313.0,0.0,0.950708,0.314339,NOR,COG,842549
4110009,208,47,8907,2015,22864.0,0.0,1.8068349999999997,0.693389,SWE,COG,842549
4110010,231,47,8907,2015,4205.0,0.0,1.720478,-0.129322,USA,COG,842549
4110011,250,47,8907,2015,115513.0,0.0,0.377283,-0.092204,ANS,COG,842549
4110012,32,54,8907,2015,1834.0,0.0,0.23656799999999997,0.688607,BRA,CUB,842549
4110013,39,54,8907,2015,295916.0,0.0,0.695867,1.171676,CAN,CUB,842549
4110014,43,54,8907,2015,82754.0,0.0,1.077143,1.735757,CHN,CUB,842549
4110015,52,54,8907,2015,3545.0,0.0,0.24859699999999998,-0.033143,CRI,CUB,842549
4110016,71,54,8907,2015,60151.0,0.0,0.8173590000000001,2.442556,ESP,CUB,842549
4110017,77,54,8907,2015,7354.0,0.0,1.479792,0.6490239999999999,FRA,CUB,842549
4110018,162,54,8907,2015,1455.0,0.0,1.230104,1.27344,NLD,CUB,842549
4110019,18,58,8907,2015,5705.0,0.0,1.329866,1.100641,BEL,CYP,842549
4110020,43,58,8907,2015,9160.0,0.0,1.077143,1.735757,CHN,CYP,842549
4110021,61,58,8907,2015,5579.0,0.0,2.203818,-2.307561,DEU,CYP,842549
4110022,81,58,8907,2015,4685.0,14044.0,1.7422990000000003,0.75838,GBR,CYP,842549
4110023,90,58,8907,2015,4852.0,7983.0,0.099027,1.012289,GRC,CYP,842549
4110024,111,58,8907,2015,5660.0,0.0,1.321127,0.747046,ITA,CYP,842549
4110025,134,58,8907,2015,0.0,5394.0,-0.7554810000000001,-0.059697,MAR,CYP,842549
4110026,162,58,8907,2015,8659.0,0.0,1.230104,1.27344,NLD,CYP,842549
4110027,224,58,8907,2015,8984.0,0.0,0.438669,2.519632,TUR,CYP,842549
4110028,228,58,8907,2015,0.0,3639.0,0.429879,0.701813,UKR,CYP,842549
4110029,249,58,8907,2015,3318.0,0.0,1.962832,1.214982,TWN,CYP,842549
4110030,7,62,8907,2015,13784.0,0.0,0.21779600000000002,-0.0047420000000000006,ARE,DJI,842549
4110031,43,62,8907,2015,23786.0,0.0,1.077143,1.735757,CHN,DJI,842549
4110032,77,62,8907,2015,3965.0,0.0,1.479792,0.6490239999999999,FRA,DJI,842549
4110033,224,62,8907,2015,4882.0,0.0,0.438669,2.519632,TUR,DJI,842549
4110034,15,66,8907,2015,28623.0,0.0,1.747098,-0.08026699999999999,AUT,DZA,842549
4110035,18,66,8907,2015,3502.0,0.0,1.329866,1.100641,BEL,DZA,842549
4110036,39,66,8907,2015,3752.0,0.0,0.695867,1.171676,CAN,DZA,842549
4110037,41,66,8907,2015,9577.0,0.0,2.306075,0.720781,CHE,DZA,842549
4110038,43,66,8907,2015,401068.0,0.0,1.077143,1.735757,CHN,DZA,842549
4110039,59,66,8907,2015,152591.0,0.0,1.743012,0.45424,CZE,DZA,842549
4110040,61,66,8907,2015,89792.0,0.0,2.203818,-2.307561,DEU,DZA,842549
4110041,64,66,8907,2015,36179.0,0.0,1.157924,1.2045629999999998,DNK,DZA,842549
4110042,71,66,8907,2015,176798.0,0.0,0.8173590000000001,2.442556,ESP,DZA,842549
4110043,77,66,8907,2015,544330.0,10641.0,1.479792,0.6490239999999999,FRA,DZA,842549
4110044,81,66,8907,2015,46654.0,0.0,1.7422990000000003,0.75838,GBR,DZA,842549
4110045,102,66,8907,2015,8708.0,0.0,1.462839,0.803258,HUN,DZA,842549
4110046,104,66,8907,2015,14348.0,0.0,0.24230900000000002,2.8190880000000003,IND,DZA,842549
4110047,111,66,8907,2015,121464.0,0.0,1.321127,0.747046,ITA,DZA,842549
4110048,114,66,8907,2015,22159.0,0.0,2.516133,-0.484202,JPN,DZA,842549
4110049,121,66,8907,2015,17437.0,0.0,1.900653,0.859406,KOR,DZA,842549
4110050,162,66,8907,2015,9223.0,0.0,1.230104,1.27344,NLD,DZA,842549
4110051,177,66,8907,2015,67184.0,0.0,1.145844,1.1449280000000002,POL,DZA,842549
4110052,185,66,8907,2015,115738.0,0.0,0.946363,1.056775,ROU,DZA,842549
4110053,207,66,8907,2015,1845.0,0.0,1.6089879999999999,0.833616,SVN,DZA,842549
4110054,208,66,8907,2015,14750.0,0.0,1.8068349999999997,0.693389,SWE,DZA,842549
4110055,223,66,8907,2015,6344.0,0.0,0.140202,0.967591,TUN,DZA,842549
4110056,224,66,8907,2015,139647.0,0.0,0.438669,2.519632,TUR,DZA,842549
4110057,231,66,8907,2015,22668.0,0.0,1.720478,-0.129322,USA,DZA,842549
4110058,246,66,8907,2015,167220.0,0.0,0.24944699999999997,1.7573159999999999,ZAF,DZA,842549
4110059,7,73,8907,2015,5016.0,0.0,0.21779600000000002,-0.0047420000000000006,ARE,ETH,842549
4110060,43,73,8907,2015,94815.0,0.0,1.077143,1.735757,CHN,ETH,842549
4110061,61,73,8907,2015,46846.0,4535.0,2.203818,-2.307561,DEU,ETH,842549
4110062,71,73,8907,2015,10649.0,0.0,0.8173590000000001,2.442556,ESP,ETH,842549
4110063,81,73,8907,2015,1425.0,0.0,1.7422990000000003,0.75838,GBR,ETH,842549
4110064,104,73,8907,2015,15398.0,0.0,0.24230900000000002,2.8190880000000003,IND,ETH,842549
4110065,111,73,8907,2015,1335.0,0.0,1.321127,0.747046,ITA,ETH,842549
4110066,114,73,8907,2015,1147.0,65391.0,2.516133,-0.484202,JPN,ETH,842549
4110067,121,73,8907,2015,708.0,0.0,1.900653,0.859406,KOR,ETH,842549
4110068,152,73,8907,2015,0.0,15353.0,-0.549862,-0.8753190000000001,MWI,ETH,842549
4110069,162,73,8907,2015,6400.0,0.0,1.230104,1.27344,NLD,ETH,842549
4110070,168,73,8907,2015,255.0,0.0,-0.7059979999999999,0.73501,PAK,ETH,842549
4110071,177,73,8907,2015,21889.0,0.0,1.145844,1.1449280000000002,POL,ETH,842549
4110072,185,73,8907,2015,2358.0,0.0,0.946363,1.056775,ROU,ETH,842549
4110073,208,73,8907,2015,2249.0,0.0,1.8068349999999997,0.693389,SWE,ETH,842549
4110074,224,73,8907,2015,26663.0,0.0,0.438669,2.519632,TUR,ETH,842549
4110075,231,73,8907,2015,2252.0,0.0,1.720478,-0.129322,USA,ETH,842549
4110076,246,73,8907,2015,1319.0,0.0,0.24944699999999997,1.7573159999999999,ZAF,ETH,842549
4110077,43,80,8907,2015,104629.0,0.0,1.077143,1.735757,CHN,GAB,842549
4110078,47,80,8907,2015,5583.0,0.0,-1.294823,-1.18811,COG,GAB,842549
4110079,61,80,8907,2015,129309.0,0.0,2.203818,-2.307561,DEU,GAB,842549
4110080,77,80,8907,2015,183368.0,0.0,1.479792,0.6490239999999999,FRA,GAB,842549
4110081,104,80,8907,2015,12683.0,0.0,0.24230900000000002,2.8190880000000003,IND,GAB,842549
4110082,124,80,8907,2015,8069.0,0.0,0.317355,1.330374,LBN,GAB,842549
4110083,159,80,8907,2015,0.0,6059.0,-1.415451,-1.157829,NGA,GAB,842549
4110084,162,80,8907,2015,4524.0,3780.0,1.230104,1.27344,NLD,GAB,842549
4110085,7,83,8907,2015,191049.0,0.0,0.21779600000000002,-0.0047420000000000006,ARE,GHA,842549
4110086,14,83,8907,2015,1521.0,0.0,-0.292325,-0.043489,AUS,GHA,842549
4110087,15,83,8907,2015,161523.0,0.0,1.747098,-0.08026699999999999,AUT,GHA,842549
4110088,18,83,8907,2015,9213.0,0.0,1.329866,1.100641,BEL,GHA,842549
4110089,19,83,8907,2015,2986.0,0.0,-0.5641470000000001,-0.8971020000000001,BEN,GHA,842549
4110090,32,83,8907,2015,1019.0,0.0,0.23656799999999997,0.688607,BRA,GHA,842549
4110091,39,83,8907,2015,3261.0,0.0,0.695867,1.171676,CAN,GHA,842549
4110092,43,83,8907,2015,65185.0,0.0,1.077143,1.735757,CHN,GHA,842549
4110093,44,83,8907,2015,0.0,3247.0,-0.856142,-0.905292,CIV,GHA,842549
4110094,61,83,8907,2015,42081.0,0.0,2.203818,-2.307561,DEU,GHA,842549
4110095,71,83,8907,2015,7875.0,0.0,0.8173590000000001,2.442556,ESP,GHA,842549
4110096,77,83,8907,2015,23304.0,0.0,1.479792,0.6490239999999999,FRA,GHA,842549
4110097,81,83,8907,2015,48541.0,0.0,1.7422990000000003,0.75838,GBR,GHA,842549
4110098,90,83,8907,2015,2028.0,0.0,0.099027,1.012289,GRC,GHA,842549
4110099,104,83,8907,2015,6612.0,0.0,0.24230900000000002,2.8190880000000003,IND,GHA,842549
4110100,106,83,8907,2015,2277.0,0.0,1.304942,0.126431,IRL,GHA,842549
4110101,110,83,8907,2015,1787.0,0.0,1.260071,0.545545,ISR,GHA,842549
4110102,111,83,8907,2015,31603.0,0.0,1.321127,0.747046,ITA,GHA,842549
4110103,114,83,8907,2015,5822.0,0.0,2.516133,-0.484202,JPN,GHA,842549
4110104,116,83,8907,2015,1441.0,0.0,-0.453564,0.433325,KEN,GHA,842549
4110105,121,83,8907,2015,32466.0,0.0,1.900653,0.859406,KOR,GHA,842549
4110106,125,83,8907,2015,7156.0,0.0,-1.087459,-1.195708,LBR,GHA,842549
4110107,153,83,8907,2015,1702.0,0.0,1.082803,0.811615,MYS,GHA,842549
4110108,159,83,8907,2015,0.0,5450.0,-1.415451,-1.157829,NGA,GHA,842549
4110109,162,83,8907,2015,2306.0,0.0,1.230104,1.27344,NLD,GHA,842549
4110110,163,83,8907,2015,1357.0,0.0,0.950708,0.314339,NOR,GHA,842549
4110111,178,83,8907,2015,1085.0,0.0,-0.404818,-0.075235,PRK,GHA,842549
4110112,191,83,8907,2015,149682.0,0.0,-0.708349,-0.296663,SEN,GHA,842549
4110113,192,83,8907,2015,1417.0,0.0,2.05613,0.593065,SGP,GHA,842549
4110114,224,83,8907,2015,11797.0,0.0,0.438669,2.519632,TUR,GHA,842549
4110115,231,83,8907,2015,63889.0,0.0,1.720478,-0.129322,USA,GHA,842549
4110116,246,83,8907,2015,83174.0,0.0,0.24944699999999997,1.7573159999999999,ZAF,GHA,842549
4110117,249,83,8907,2015,1690.0,0.0,1.962832,1.214982,TWN,GHA,842549
4110118,71,84,8907,2015,13562.0,0.0,0.8173590000000001,2.442556,ESP,GIB,842549
4110119,77,84,8907,2015,1915.0,0.0,1.479792,0.6490239999999999,FRA,GIB,842549
4110120,81,84,8907,2015,47929.0,0.0,1.7422990000000003,0.75838,GBR,GIB,842549
4110121,18,85,8907,2015,15968.0,0.0,1.329866,1.100641,BEL,GIN,842549
4110122,43,85,8907,2015,24363.0,0.0,1.077143,1.735757,CHN,GIN,842549
4110123,61,85,8907,2015,940.0,0.0,2.203818,-2.307561,DEU,GIN,842549
4110124,77,85,8907,2015,169114.0,0.0,1.479792,0.6490239999999999,FRA,GIN,842549
4110125,104,85,8907,2015,4960.0,0.0,0.24230900000000002,2.8190880000000003,IND,GIN,842549
4110126,71,88,8907,2015,3359.0,0.0,0.8173590000000001,2.442556,ESP,GNB,842549
4110127,43,89,8907,2015,6615.0,0.0,1.077143,1.735757,CHN,GNQ,842549
4110128,71,89,8907,2015,19690.0,0.0,0.8173590000000001,2.442556,ESP,GNQ,842549
4110129,81,89,8907,2015,9829.0,0.0,1.7422990000000003,0.75838,GBR,GNQ,842549
4110130,134,89,8907,2015,3116.0,0.0,-0.7554810000000001,-0.059697,MAR,GNQ,842549
4110131,177,89,8907,2015,1061.0,0.0,1.145844,1.1449280000000002,POL,GNQ,842549
4110132,201,89,8907,2015,1991.0,0.0,0.457042,1.324908,SRB,GNQ,842549
4110133,231,89,8907,2015,2867.0,0.0,1.720478,-0.129322,USA,GNQ,842549
4110134,39,96,8907,2015,12529.0,0.0,0.695867,1.171676,CAN,GUY,842549
4110135,42,96,8907,2015,11388.0,0.0,-0.356167,-0.47629399999999994,CHL,GUY,842549
4110136,43,96,8907,2015,8982.0,0.0,1.077143,1.735757,CHN,GUY,842549
4110137,81,96,8907,2015,1548.0,0.0,1.7422990000000003,0.75838,GBR,GUY,842549
4110138,169,96,8907,2015,4347.0,0.0,0.642058,0.833392,PAN,GUY,842549
4110139,231,96,8907,2015,3270.0,0.0,1.720478,-0.129322,USA,GUY,842549
4110140,14,109,8907,2015,0.0,1016.0,-0.292325,-0.043489,AUS,ISL,842549
4110141,15,109,8907,2015,3028.0,0.0,1.747098,-0.08026699999999999,AUT,ISL,842549
4110142,18,109,8907,2015,3421.0,0.0,1.329866,1.100641,BEL,ISL,842549
4110143,43,109,8907,2015,14340.0,0.0,1.077143,1.735757,CHN,ISL,842549
4110144,59,109,8907,2015,1947.0,0.0,1.743012,0.45424,CZE,ISL,842549
4110145,61,109,8907,2015,122759.0,0.0,2.203818,-2.307561,DEU,ISL,842549
4110146,64,109,8907,2015,17535.0,12206.0,1.157924,1.2045629999999998,DNK,ISL,842549
4110147,71,109,8907,2015,19545.0,4632.0,0.8173590000000001,2.442556,ESP,ISL,842549
4110148,77,109,8907,2015,13490.0,0.0,1.479792,0.6490239999999999,FRA,ISL,842549
4110149,78,109,8907,2015,0.0,3087.0,-0.700767,-0.9214399999999999,FRO,ISL,842549
4110150,81,109,8907,2015,1622.0,7169.0,1.7422990000000003,0.75838,GBR,ISL,842549
4110151,111,109,8907,2015,33155.0,0.0,1.321127,0.747046,ITA,ISL,842549
4110152,114,109,8907,2015,7411.0,0.0,2.516133,-0.484202,JPN,ISL,842549
4110153,162,109,8907,2015,12408.0,805.0,1.230104,1.27344,NLD,ISL,842549
4110154,163,109,8907,2015,5014.0,58040.0,0.950708,0.314339,NOR,ISL,842549
4110155,177,109,8907,2015,2831.0,0.0,1.145844,1.1449280000000002,POL,ISL,842549
4110156,208,109,8907,2015,975.0,0.0,1.8068349999999997,0.693389,SWE,ISL,842549
4110157,231,109,8907,2015,19711.0,33066.0,1.720478,-0.129322,USA,ISL,842549
4110158,249,109,8907,2015,2906.0,0.0,1.962832,1.214982,TWN,ISL,842549
4110159,43,118,8907,2015,5191.0,0.0,1.077143,1.735757,CHN,KHM,842549
4110160,81,118,8907,2015,2085.0,0.0,1.7422990000000003,0.75838,GBR,KHM,842549
4110161,192,118,8907,2015,3976.0,0.0,2.05613,0.593065,SGP,KHM,842549
4110162,216,118,8907,2015,19243.0,0.0,0.965888,1.368572,THA,KHM,842549
4110163,231,118,8907,2015,4419.0,0.0,1.720478,-0.129322,USA,KHM,842549
4110164,239,118,8907,2015,21418.0,0.0,-0.17108900000000002,1.10995,VNM,KHM,842549
4110165,249,118,8907,2015,8725.0,0.0,1.962832,1.214982,TWN,KHM,842549
4110166,231,120,8907,2015,8216.0,0.0,1.720478,-0.129322,USA,KNA,842549
4110167,15,125,8907,2015,6510.0,0.0,1.747098,-0.08026699999999999,AUT,LBR,842549
4110168,43,125,8907,2015,15018.0,0.0,1.077143,1.735757,CHN,LBR,842549
4110169,77,125,8907,2015,3510.0,0.0,1.479792,0.6490239999999999,FRA,LBR,842549
4110170,83,125,8907,2015,0.0,7156.0,-0.750568,-0.690257,GHA,LBR,842549
4110171,124,125,8907,2015,11606.0,0.0,0.317355,1.330374,LBN,LBR,842549
4110172,208,125,8907,2015,14620.0,0.0,1.8068349999999997,0.693389,SWE,LBR,842549
4110173,216,125,8907,2015,27667.0,0.0,0.965888,1.368572,THA,LBR,842549
4110174,224,125,8907,2015,6595.0,0.0,0.438669,2.519632,TUR,LBR,842549
4110175,226,125,8907,2015,0.0,5404.0,-1.02395,-0.017509999999999998,TZA,LBR,842549
4110176,39,126,8907,2015,17121.0,0.0,0.695867,1.171676,CAN,LBY,842549
4110177,43,126,8907,2015,338012.0,0.0,1.077143,1.735757,CHN,LBY,842549
4110178,61,126,8907,2015,0.0,48012.0,2.203818,-2.307561,DEU,LBY,842549
4110179,81,126,8907,2015,25233.0,0.0,1.7422990000000003,0.75838,GBR,LBY,842549
4110180,111,126,8907,2015,58339.0,0.0,1.321127,0.747046,ITA,LBY,842549
4110181,224,126,8907,2015,52196.0,0.0,0.438669,2.519632,TUR,LBY,842549
4110182,15,133,8907,2015,5863.0,0.0,1.747098,-0.08026699999999999,AUT,MAC,842549
4110183,43,133,8907,2015,19181.0,0.0,1.077143,1.735757,CHN,MAC,842549
4110184,97,133,8907,2015,5044.0,0.0,0.8255290000000001,1.8017279999999998,HKG,MAC,842549
4110185,249,133,8907,2015,2660.0,0.0,1.962832,1.214982,TWN,MAC,842549
4110186,18,134,8907,2015,12391.0,0.0,1.329866,1.100641,BEL,MAR,842549
4110187,23,134,8907,2015,1498.0,0.0,0.45640699999999995,1.691455,BGR,MAR,842549
4110188,32,134,8907,2015,2479.0,0.0,0.23656799999999997,0.688607,BRA,MAR,842549
4110189,39,134,8907,2015,1800.0,0.0,0.695867,1.171676,CAN,MAR,842549
4110190,41,134,8907,2015,12899.0,0.0,2.306075,0.720781,CHE,MAR,842549
4110191,43,134,8907,2015,77590.0,0.0,1.077143,1.735757,CHN,MAR,842549
4110192,44,134,8907,2015,0.0,6816.0,-0.856142,-0.905292,CIV,MAR,842549
4110193,58,134,8907,2015,5394.0,0.0,0.511225,-0.207261,CYP,MAR,842549
4110194,59,134,8907,2015,7269.0,0.0,1.743012,0.45424,CZE,MAR,842549
4110195,61,134,8907,2015,313666.0,2615.0,2.203818,-2.307561,DEU,MAR,842549
4110196,64,134,8907,2015,5744.0,0.0,1.157924,1.2045629999999998,DNK,MAR,842549
4110197,71,134,8907,2015,1412515.0,10086.0,0.8173590000000001,2.442556,ESP,MAR,842549
4110198,77,134,8907,2015,759040.0,86530.0,1.479792,0.6490239999999999,FRA,MAR,842549
4110199,81,134,8907,2015,1754.0,0.0,1.7422990000000003,0.75838,GBR,MAR,842549
4110200,89,134,8907,2015,0.0,3116.0,-1.585577,-0.9044979999999999,GNQ,MAR,842549
4110201,102,134,8907,2015,7973.0,0.0,1.462839,0.803258,HUN,MAR,842549
4110202,104,134,8907,2015,907.0,0.0,0.24230900000000002,2.8190880000000003,IND,MAR,842549
4110203,106,134,8907,2015,7362.0,0.0,1.304942,0.126431,IRL,MAR,842549
4110204,111,134,8907,2015,155170.0,0.0,1.321127,0.747046,ITA,MAR,842549
4110205,114,134,8907,2015,6103.0,0.0,2.516133,-0.484202,JPN,MAR,842549
4110206,121,134,8907,2015,11241.0,0.0,1.900653,0.859406,KOR,MAR,842549
4110207,138,134,8907,2015,833.0,0.0,1.169724,0.61457,MEX,MAR,842549
4110208,141,134,8907,2015,0.0,2072.0,-0.744236,-0.9441860000000001,MLI,MAR,842549
4110209,159,134,8907,2015,0.0,6049.0,-1.415451,-1.157829,NGA,MAR,842549
4110210,162,134,8907,2015,3288.0,0.0,1.230104,1.27344,NLD,MAR,842549
4110211,177,134,8907,2015,1167.0,0.0,1.145844,1.1449280000000002,POL,MAR,842549
4110212,179,134,8907,2015,7787.0,0.0,0.561922,2.2276380000000002,PRT,MAR,842549
4110213,190,134,8907,2015,0.0,2594.0,-1.420356,-1.218424,SDN,MAR,842549
4110214,191,134,8907,2015,0.0,6004.0,-0.708349,-0.296663,SEN,MAR,842549
4110215,208,134,8907,2015,14049.0,0.0,1.8068349999999997,0.693389,SWE,MAR,842549
4110216,224,134,8907,2015,37419.0,0.0,0.438669,2.519632,TUR,MAR,842549
4110217,231,134,8907,2015,29978.0,0.0,1.720478,-0.129322,USA,MAR,842549
4110218,249,134,8907,2015,10428.0,0.0,1.962832,1.214982,TWN,MAR,842549
4110219,39,136,8907,2015,55991.0,0.0,0.695867,1.171676,CAN,MDG,842549
4110220,43,136,8907,2015,7800.0,0.0,1.077143,1.735757,CHN,MDG,842549
4110221,61,136,8907,2015,3291.0,0.0,2.203818,-2.307561,DEU,MDG,842549
4110222,77,136,8907,2015,13311.0,39833.0,1.479792,0.6490239999999999,FRA,MDG,842549
4110223,81,136,8907,2015,0.0,2411.0,1.7422990000000003,0.75838,GBR,MDG,842549
4110224,104,136,8907,2015,1429.0,0.0,0.24230900000000002,2.8190880000000003,IND,MDG,842549
4110225,111,136,8907,2015,27964.0,0.0,1.321127,0.747046,ITA,MDG,842549
4110226,114,136,8907,2015,2018.0,0.0,2.516133,-0.484202,JPN,MDG,842549
4110227,121,136,8907,2015,1125.0,0.0,1.900653,0.859406,KOR,MDG,842549
4110228,151,136,8907,2015,1018.0,0.0,-0.231762,-0.195051,MUS,MDG,842549
4110229,162,136,8907,2015,48396.0,0.0,1.230104,1.27344,NLD,MDG,842549
4110230,231,136,8907,2015,19221.0,8692.0,1.720478,-0.129322,USA,MDG,842549
4110231,246,136,8907,2015,6558.0,0.0,0.24944699999999997,1.7573159999999999,ZAF,MDG,842549
4110232,250,136,8907,2015,12974.0,0.0,0.377283,-0.092204,ANS,MDG,842549
4110233,44,141,8907,2015,1099.0,0.0,-0.856142,-0.905292,CIV,MLI,842549
4110234,61,141,8907,2015,16115.0,0.0,2.203818,-2.307561,DEU,MLI,842549
4110235,77,141,8907,2015,493494.0,0.0,1.479792,0.6490239999999999,FRA,MLI,842549
4110236,134,141,8907,2015,2072.0,0.0,-0.7554810000000001,-0.059697,MAR,MLI,842549
4110237,162,141,8907,2015,1503.0,0.0,1.230104,1.27344,NLD,MLI,842549
4110238,231,141,8907,2015,3382.0,0.0,1.720478,-0.129322,USA,MLI,842549
4110239,246,141,8907,2015,16030.0,0.0,0.24944699999999997,1.7573159999999999,ZAF,MLI,842549
4110240,15,144,8907,2015,2587.0,0.0,1.747098,-0.08026699999999999,AUT,MNE,842549
4110241,18,144,8907,2015,11176.0,0.0,1.329866,1.100641,BEL,MNE,842549
4110242,43,144,8907,2015,1064.0,0.0,1.077143,1.735757,CHN,MNE,842549
4110243,61,144,8907,2015,27364.0,0.0,2.203818,-2.307561,DEU,MNE,842549
4110244,111,144,8907,2015,15187.0,0.0,1.321127,0.747046,ITA,MNE,842549
4110245,201,144,8907,2015,4291.0,0.0,0.457042,1.324908,SRB,MNE,842549
4110246,207,144,8907,2015,5571.0,0.0,1.6089879999999999,0.833616,SVN,MNE,842549
4110247,231,144,8907,2015,2048.0,0.0,1.720478,-0.129322,USA,MNE,842549
4110248,2,147,8907,2015,307044.0,0.0,-1.6542,-1.2598989999999999,AGO,MOZ,842549
4110249,7,147,8907,2015,4107.0,0.0,0.21779600000000002,-0.0047420000000000006,ARE,MOZ,842549
4110250,39,147,8907,2015,1957.0,0.0,0.695867,1.171676,CAN,MOZ,842549
4110251,43,147,8907,2015,65993.0,0.0,1.077143,1.735757,CHN,MOZ,842549
4110252,61,147,8907,2015,131762.0,0.0,2.203818,-2.307561,DEU,MOZ,842549
4110253,104,147,8907,2015,14500.0,0.0,0.24230900000000002,2.8190880000000003,IND,MOZ,842549
4110254,179,147,8907,2015,13042.0,0.0,0.561922,2.2276380000000002,PRT,MOZ,842549
4110255,226,147,8907,2015,0.0,180231.0,-1.02395,-0.017509999999999998,TZA,MOZ,842549
4110256,246,147,8907,2015,330373.0,1145.0,0.24944699999999997,1.7573159999999999,ZAF,MOZ,842549
4110257,41,148,8907,2015,188.0,0.0,2.306075,0.720781,CHE,MRT,842549
4110258,43,148,8907,2015,1541.0,0.0,1.077143,1.735757,CHN,MRT,842549
4110259,77,148,8907,2015,8325.0,0.0,1.479792,0.6490239999999999,FRA,MRT,842549
4110260,7,151,8907,2015,1928.0,0.0,0.21779600000000002,-0.0047420000000000006,ARE,MUS,842549
4110261,43,151,8907,2015,17317.0,0.0,1.077143,1.735757,CHN,MUS,842549
4110262,61,151,8907,2015,5660.0,0.0,2.203818,-2.307561,DEU,MUS,842549
4110263,77,151,8907,2015,32411.0,41264.0,1.479792,0.6490239999999999,FRA,MUS,842549
4110264,81,151,8907,2015,9895.0,0.0,1.7422990000000003,0.75838,GBR,MUS,842549
4110265,104,151,8907,2015,3854.0,0.0,0.24230900000000002,2.8190880000000003,IND,MUS,842549
4110266,111,151,8907,2015,12934.0,0.0,1.321127,0.747046,ITA,MUS,842549
4110267,136,151,8907,2015,0.0,1018.0,-1.15947,-0.497217,MDG,MUS,842549
4110268,211,151,8907,2015,0.0,12544.0,1.017467,-0.285569,SYC,MUS,842549
4110269,231,151,8907,2015,5852.0,0.0,1.720478,-0.129322,USA,MUS,842549
4110270,246,151,8907,2015,4497.0,0.0,0.24944699999999997,1.7573159999999999,ZAF,MUS,842549
4110271,247,151,8907,2015,0.0,20954.0,-0.44792,-0.769586,ZMB,MUS,842549
4110272,2,155,8907,2015,846.0,15398.0,-1.6542,-1.2598989999999999,AGO,NAM,842549
4110273,37,155,8907,2015,12475.0,0.0,-0.14164200000000002,-1.0372059999999999,BWA,NAM,842549
4110274,43,155,8907,2015,13706.0,0.0,1.077143,1.735757,CHN,NAM,842549
4110275,61,155,8907,2015,13463.0,3917.0,2.203818,-2.307561,DEU,NAM,842549
4110276,97,155,8907,2015,1151.0,0.0,0.8255290000000001,1.8017279999999998,HKG,NAM,842549
4110277,104,155,8907,2015,2414.0,0.0,0.24230900000000002,2.8190880000000003,IND,NAM,842549
4110278,162,155,8907,2015,0.0,1121.0,1.230104,1.27344,NLD,NAM,842549
4110279,169,155,8907,2015,0.0,1852.0,0.642058,0.833392,PAN,NAM,842549
4110280,231,155,8907,2015,3241.0,0.0,1.720478,-0.129322,USA,NAM,842549
4110281,246,155,8907,2015,188365.0,4476.0,0.24944699999999997,1.7573159999999999,ZAF,NAM,842549
4110282,14,156,8907,2015,6093.0,0.0,-0.292325,-0.043489,AUS,NCL,842549
4110283,43,156,8907,2015,11480.0,0.0,1.077143,1.735757,CHN,NCL,842549
4110284,61,156,8907,2015,1663.0,0.0,2.203818,-2.307561,DEU,NCL,842549
4110285,77,156,8907,2015,90953.0,0.0,1.479792,0.6490239999999999,FRA,NCL,842549
4110286,192,156,8907,2015,10042.0,0.0,2.05613,0.593065,SGP,NCL,842549
4110287,216,156,8907,2015,1527.0,0.0,0.965888,1.368572,THA,NCL,842549
4110288,14,176,8907,2015,60766.0,0.0,-0.292325,-0.043489,AUS,PNG,842549
4110289,43,176,8907,2015,54147.0,0.0,1.077143,1.735757,CHN,PNG,842549
4110290,114,176,8907,2015,11313.0,0.0,2.516133,-0.484202,JPN,PNG,842549
4110291,153,176,8907,2015,2210.0,0.0,1.082803,0.811615,MYS,PNG,842549
4110292,166,176,8907,2015,8332.0,0.0,0.224598,0.253179,NZL,PNG,842549
4110293,216,176,8907,2015,4002.0,0.0,0.965888,1.368572,THA,PNG,842549
4110294,249,176,8907,2015,7943.0,0.0,1.962832,1.214982,TWN,PNG,842549
4110295,43,178,8907,2015,148898.0,0.0,1.077143,1.735757,CHN,PRK,842549
4110296,83,178,8907,2015,0.0,1085.0,-0.750568,-0.690257,GHA,PRK,842549
4110297,216,178,8907,2015,33129.0,0.0,0.965888,1.368572,THA,PRK,842549
4110298,179,203,8907,2015,7540.0,0.0,0.561922,2.2276380000000002,PRT,STP,842549
4110299,61,209,8907,2015,78619.0,0.0,2.203818,-2.307561,DEU,SWZ,842549
4110300,231,209,8907,2015,19267.0,0.0,1.720478,-0.129322,USA,SWZ,842549
4110301,246,209,8907,2015,223847.0,22572.0,0.24944699999999997,1.7573159999999999,ZAF,SWZ,842549
4110302,7,211,8907,2015,11119.0,0.0,0.21779600000000002,-0.0047420000000000006,ARE,SYC,842549
4110303,43,211,8907,2015,16977.0,0.0,1.077143,1.735757,CHN,SYC,842549
4110304,64,211,8907,2015,1814.0,0.0,1.157924,1.2045629999999998,DNK,SYC,842549
4110305,77,211,8907,2015,8003.0,0.0,1.479792,0.6490239999999999,FRA,SYC,842549
4110306,81,211,8907,2015,28284.0,0.0,1.7422990000000003,0.75838,GBR,SYC,842549
4110307,104,211,8907,2015,2547.0,0.0,0.24230900000000002,2.8190880000000003,IND,SYC,842549
4110308,116,211,8907,2015,955.0,0.0,-0.453564,0.433325,KEN,SYC,842549
4110309,151,211,8907,2015,12544.0,0.0,-0.231762,-0.195051,MUS,SYC,842549
4110310,163,211,8907,2015,4502.0,0.0,0.950708,0.314339,NOR,SYC,842549
4110311,192,211,8907,2015,13024.0,0.0,2.05613,0.593065,SGP,SYC,842549
4110312,231,211,8907,2015,2592.0,0.0,1.720478,-0.129322,USA,SYC,842549
4110313,246,211,8907,2015,1096.0,0.0,0.24944699999999997,1.7573159999999999,ZAF,SYC,842549
4110314,43,212,8907,2015,30554.0,0.0,1.077143,1.735757,CHN,SYR,842549
4110315,59,212,8907,2015,5111.0,0.0,1.743012,0.45424,CZE,SYR,842549
4110316,61,212,8907,2015,4724.0,0.0,2.203818,-2.307561,DEU,SYR,842549
4110317,111,212,8907,2015,16627.0,0.0,1.321127,0.747046,ITA,SYR,842549
4110318,124,212,8907,2015,1609.0,0.0,0.317355,1.330374,LBN,SYR,842549
4110319,186,212,8907,2015,1200.0,0.0,0.23119,0.035965,RUS,SYR,842549
4110320,224,212,8907,2015,2142.0,0.0,0.438669,2.519632,TUR,SYR,842549
4110321,18,215,8907,2015,10752.0,0.0,1.329866,1.100641,BEL,TGO,842549
4110322,21,215,8907,2015,0.0,1135.0,-1.085359,-1.034365,BFA,TGO,842549
4110323,43,215,8907,2015,5237.0,0.0,1.077143,1.735757,CHN,TGO,842549
4110324,61,215,8907,2015,3775.0,0.0,2.203818,-2.307561,DEU,TGO,842549
4110325,77,215,8907,2015,31555.0,0.0,1.479792,0.6490239999999999,FRA,TGO,842549
4110326,111,215,8907,2015,53663.0,0.0,1.321127,0.747046,ITA,TGO,842549
4110327,43,220,8907,2015,1193.0,0.0,1.077143,1.735757,CHN,TLS,842549
4110328,192,220,8907,2015,7282.0,0.0,2.05613,0.593065,SGP,TLS,842549
4110329,18,223,8907,2015,18216.0,0.0,1.329866,1.100641,BEL,TUN,842549
4110330,41,223,8907,2015,3972.0,0.0,2.306075,0.720781,CHE,TUN,842549
4110331,43,223,8907,2015,49301.0,0.0,1.077143,1.735757,CHN,TUN,842549
4110332,44,223,8907,2015,0.0,13705.0,-0.856142,-0.905292,CIV,TUN,842549
4110333,59,223,8907,2015,2293.0,0.0,1.743012,0.45424,CZE,TUN,842549
4110334,61,223,8907,2015,390636.0,5150.0,2.203818,-2.307561,DEU,TUN,842549
4110335,64,223,8907,2015,5038.0,0.0,1.157924,1.2045629999999998,DNK,TUN,842549
4110336,66,223,8907,2015,0.0,6344.0,-1.54346,-1.255633,DZA,TUN,842549
4110337,71,223,8907,2015,24851.0,0.0,0.8173590000000001,2.442556,ESP,TUN,842549
4110338,77,223,8907,2015,405768.0,34391.0,1.479792,0.6490239999999999,FRA,TUN,842549
4110339,81,223,8907,2015,2818.0,52568.0,1.7422990000000003,0.75838,GBR,TUN,842549
4110340,100,223,8907,2015,2971.0,0.0,0.7590140000000001,1.257415,HRV,TUN,842549
4110341,102,223,8907,2015,3743.0,0.0,1.462839,0.803258,HUN,TUN,842549
4110342,111,223,8907,2015,19057.0,1940072.0,1.321127,0.747046,ITA,TUN,842549
4110343,114,223,8907,2015,1762.0,0.0,2.516133,-0.484202,JPN,TUN,842549
4110344,121,223,8907,2015,7693.0,0.0,1.900653,0.859406,KOR,TUN,842549
4110345,162,223,8907,2015,3246.0,0.0,1.230104,1.27344,NLD,TUN,842549
4110346,177,223,8907,2015,38205.0,0.0,1.145844,1.1449280000000002,POL,TUN,842549
4110347,185,223,8907,2015,3465.0,0.0,0.946363,1.056775,ROU,TUN,842549
4110348,208,223,8907,2015,6005.0,0.0,1.8068349999999997,0.693389,SWE,TUN,842549
4110349,216,223,8907,2015,15020.0,0.0,0.965888,1.368572,THA,TUN,842549
4110350,224,223,8907,2015,15799.0,0.0,0.438669,2.519632,TUR,TUN,842549
4110351,231,223,8907,2015,170002.0,0.0,1.720478,-0.129322,USA,TUN,842549
4110352,249,223,8907,2015,2450.0,0.0,1.962832,1.214982,TWN,TUN,842549
4110353,7,227,8907,2015,1877.0,0.0,0.21779600000000002,-0.0047420000000000006,ARE,UGA,842549
4110354,18,227,8907,2015,10963.0,0.0,1.329866,1.100641,BEL,UGA,842549
4110355,43,227,8907,2015,18130.0,0.0,1.077143,1.735757,CHN,UGA,842549
4110356,61,227,8907,2015,7215.0,0.0,2.203818,-2.307561,DEU,UGA,842549
4110357,77,227,8907,2015,7417.0,0.0,1.479792,0.6490239999999999,FRA,UGA,842549
4110358,81,227,8907,2015,2352.0,0.0,1.7422990000000003,0.75838,GBR,UGA,842549
4110359,104,227,8907,2015,27913.0,0.0,0.24230900000000002,2.8190880000000003,IND,UGA,842549
4110360,114,227,8907,2015,6386.0,0.0,2.516133,-0.484202,JPN,UGA,842549
4110361,116,227,8907,2015,2796.0,0.0,-0.453564,0.433325,KEN,UGA,842549
4110362,124,227,8907,2015,1312.0,0.0,0.317355,1.330374,LBN,UGA,842549
4110363,128,227,8907,2015,1048.0,0.0,-0.6773399999999999,0.386343,LKA,UGA,842549
4110364,202,227,8907,2015,1288.0,1511.0,-2.704381,-0.969411,SSD,UGA,842549
4110365,208,227,8907,2015,119993.0,0.0,1.8068349999999997,0.693389,SWE,UGA,842549
4110366,216,227,8907,2015,4413.0,0.0,0.965888,1.368572,THA,UGA,842549
4110367,224,227,8907,2015,2939.0,0.0,0.438669,2.519632,TUR,UGA,842549
4110368,246,227,8907,2015,2720.0,0.0,0.24944699999999997,1.7573159999999999,ZAF,UGA,842549
4110369,77,237,8907,2015,2561.0,0.0,1.479792,0.6490239999999999,FRA,VGB,842549
4110370,81,237,8907,2015,1941.0,0.0,1.7422990000000003,0.75838,GBR,VGB,842549
4110371,112,237,8907,2015,0.0,1735.0,-0.438267,-0.828097,JAM,VGB,842549
4110372,159,237,8907,2015,0.0,16866.0,-1.415451,-1.157829,NGA,VGB,842549
4110373,231,237,8907,2015,90349.0,0.0,1.720478,-0.129322,USA,VGB,842549
4110374,7,247,8907,2015,30981.0,4509.0,0.21779600000000002,-0.0047420000000000006,ARE,ZMB,842549
4110375,14,247,8907,2015,915.0,0.0,-0.292325,-0.043489,AUS,ZMB,842549
4110376,37,247,8907,2015,1390.0,10648.0,-0.14164200000000002,-1.0372059999999999,BWA,ZMB,842549
4110377,39,247,8907,2015,38162.0,0.0,0.695867,1.171676,CAN,ZMB,842549
4110378,43,247,8907,2015,16052.0,0.0,1.077143,1.735757,CHN,ZMB,842549
4110379,46,247,8907,2015,0.0,6706.0,-1.3921290000000002,-1.146549,COD,ZMB,842549
4110380,61,247,8907,2015,1872.0,0.0,2.203818,-2.307561,DEU,ZMB,842549
4110381,74,247,8907,2015,5579.0,0.0,1.597817,0.998059,FIN,ZMB,842549
4110382,81,247,8907,2015,1062.0,0.0,1.7422990000000003,0.75838,GBR,ZMB,842549
4110383,104,247,8907,2015,8247.0,0.0,0.24230900000000002,2.8190880000000003,IND,ZMB,842549
4110384,106,247,8907,2015,2497.0,0.0,1.304942,0.126431,IRL,ZMB,842549
4110385,111,247,8907,2015,15915.0,0.0,1.321127,0.747046,ITA,ZMB,842549
4110386,114,247,8907,2015,28259.0,0.0,2.516133,-0.484202,JPN,ZMB,842549
4110387,124,247,8907,2015,15171.0,0.0,0.317355,1.330374,LBN,ZMB,842549
4110388,151,247,8907,2015,20954.0,0.0,-0.231762,-0.195051,MUS,ZMB,842549
4110389,208,247,8907,2015,1545.0,0.0,1.8068349999999997,0.693389,SWE,ZMB,842549
4110390,231,247,8907,2015,22553.0,0.0,1.720478,-0.129322,USA,ZMB,842549
4110391,246,247,8907,2015,369213.0,44976.0,0.24944699999999997,1.7573159999999999,ZAF,ZMB,842549
4110392,249,247,8907,2015,10234.0,0.0,1.962832,1.214982,TWN,ZMB,842549
4110393,7,248,8907,2015,7390.0,0.0,0.21779600000000002,-0.0047420000000000006,ARE,ZWE,842549
4110394,37,248,8907,2015,0.0,970.0,-0.14164200000000002,-1.0372059999999999,BWA,ZWE,842549
4110395,43,248,8907,2015,152139.0,0.0,1.077143,1.735757,CHN,ZWE,842549
4110396,77,248,8907,2015,8901.0,0.0,1.479792,0.6490239999999999,FRA,ZWE,842549
4110397,81,248,8907,2015,842.0,1504.0,1.7422990000000003,0.75838,GBR,ZWE,842549
4110398,97,248,8907,2015,4657.0,0.0,0.8255290000000001,1.8017279999999998,HKG,ZWE,842549
4110399,104,248,8907,2015,26597.0,0.0,0.24230900000000002,2.8190880000000003,IND,ZWE,842549
4110400,106,248,8907,2015,1279.0,0.0,1.304942,0.126431,IRL,ZWE,842549
4110401,114,248,8907,2015,2492.0,0.0,2.516133,-0.484202,JPN,ZWE,842549
4110402,246,248,8907,2015,245506.0,2227.0,0.24944699999999997,1.7573159999999999,ZAF,ZWE,842549
4110403,14,34,8907,2015,3888.0,0.0,-0.292325,-0.043489,AUS,BRN,842549
4110404,43,34,8907,2015,3491.0,0.0,1.077143,1.735757,CHN,BRN,842549
4110405,61,34,8907,2015,1214.0,0.0,2.203818,-2.307561,DEU,BRN,842549
4110406,77,34,8907,2015,52584.0,0.0,1.479792,0.6490239999999999,FRA,BRN,842549
4110407,81,34,8907,2015,40697.0,0.0,1.7422990000000003,0.75838,GBR,BRN,842549
4110408,97,34,8907,2015,3620.0,0.0,0.8255290000000001,1.8017279999999998,HKG,BRN,842549
4110409,106,34,8907,2015,2576.0,0.0,1.304942,0.126431,IRL,BRN,842549
4110410,114,34,8907,2015,9053.0,0.0,2.516133,-0.484202,JPN,BRN,842549
4110411,121,34,8907,2015,18157.0,6010.0,1.900653,0.859406,KOR,BRN,842549
4110412,153,34,8907,2015,3069.0,108014.0,1.082803,0.811615,MYS,BRN,842549
4110413,192,34,8907,2015,35198.0,202714.0,2.05613,0.593065,SGP,BRN,842549
4110414,231,34,8907,2015,63267.0,0.0,1.720478,-0.129322,USA,BRN,842549
4110415,249,34,8907,2015,1719.0,0.0,1.962832,1.214982,TWN,BRN,842549
4110416,81,127,8907,2015,7145.0,0.0,1.7422990000000003,0.75838,GBR,LCA,842549
4110417,231,127,8907,2015,17570.0,4289.0,1.720478,-0.129322,USA,LCA,842549
4110418,250,127,8907,2015,1503.0,0.0,0.377283,-0.092204,ANS,LCA,842549
4110419,43,29,8907,2015,1656.0,0.0,1.077143,1.735757,CHN,BLZ,842549
4110420,93,29,8907,2015,2934.0,2094.0,-0.284403,0.525564,GTM,BLZ,842549
4110421,102,29,8907,2015,2366270.0,0.0,1.462839,0.803258,HUN,BLZ,842549
4110422,138,29,8907,2015,9125.0,0.0,1.169724,0.61457,MEX,BLZ,842549
4110423,169,29,8907,2015,966.0,0.0,0.642058,0.833392,PAN,BLZ,842549
4110424,231,29,8907,2015,32270.0,0.0,1.720478,-0.129322,USA,BLZ,842549
4110425,61,57,8907,2015,1554.0,0.0,2.203818,-2.307561,DEU,CYM,842549
4110426,231,57,8907,2015,2756.0,0.0,1.720478,-0.129322,USA,CYM,842549
4110427,81,76,8907,2015,5703.0,0.0,1.7422990000000003,0.75838,GBR,FLK,842549
4110428,43,135,8907,2015,9735.0,0.0,1.077143,1.735757,CHN,MDA,842549
4110429,61,135,8907,2015,3242.0,0.0,2.203818,-2.307561,DEU,MDA,842549
4110430,71,135,8907,2015,7806.0,0.0,0.8173590000000001,2.442556,ESP,MDA,842549
4110431,111,135,8907,2015,16282.0,13917.0,1.321127,0.747046,ITA,MDA,842549
4110432,162,135,8907,2015,3507.0,3198.0,1.230104,1.27344,NLD,MDA,842549
4110433,177,135,8907,2015,1439.0,0.0,1.145844,1.1449280000000002,POL,MDA,842549
4110434,185,135,8907,2015,1390.0,3068.0,0.946363,1.056775,ROU,MDA,842549
4110435,186,135,8907,2015,628.0,0.0,0.23119,0.035965,RUS,MDA,842549
4110436,114,175,8907,2015,1002.0,0.0,2.516133,-0.484202,JPN,PLW,842549
4110437,231,175,8907,2015,3629.0,0.0,1.720478,-0.129322,USA,PLW,842549
4110438,43,0,8907,2015,4926.0,0.0,1.077143,1.735757,CHN,ABW,842549
4110439,61,0,8907,2015,47886.0,0.0,2.203818,-2.307561,DEU,ABW,842549
4110440,162,0,8907,2015,4358.0,0.0,1.230104,1.27344,NLD,ABW,842549
4110441,231,0,8907,2015,7732.0,0.0,1.720478,-0.129322,USA,ABW,842549
4110442,250,0,8907,2015,1662.0,0.0,0.377283,-0.092204,ANS,ABW,842549
4110443,71,5,8907,2015,15391.0,0.0,0.8173590000000001,2.442556,ESP,AND,842549
4110444,77,5,8907,2015,2330.0,0.0,1.479792,0.6490239999999999,FRA,AND,842549
4110445,81,5,8907,2015,5753.0,0.0,1.7422990000000003,0.75838,GBR,AND,842549
4110446,18,17,8907,2015,9519.0,0.0,1.329866,1.100641,BEL,BDI,842549
4110447,61,17,8907,2015,14839.0,0.0,2.203818,-2.307561,DEU,BDI,842549
4110448,7,31,8907,2015,846.0,0.0,0.21779600000000002,-0.0047420000000000006,ARE,BOL,842549
4110449,8,31,8907,2015,2496.0,0.0,0.116896,0.30330999999999997,ARG,BOL,842549
4110450,15,31,8907,2015,6913.0,0.0,1.747098,-0.08026699999999999,AUT,BOL,842549
4110451,32,31,8907,2015,92023.0,0.0,0.23656799999999997,0.688607,BRA,BOL,842549
4110452,42,31,8907,2015,24916.0,0.0,-0.356167,-0.47629399999999994,CHL,BOL,842549
4110453,43,31,8907,2015,71916.0,0.0,1.077143,1.735757,CHN,BOL,842549
4110454,61,31,8907,2015,967.0,0.0,2.203818,-2.307561,DEU,BOL,842549
4110455,71,31,8907,2015,1915.0,0.0,0.8173590000000001,2.442556,ESP,BOL,842549
4110456,81,31,8907,2015,1027.0,0.0,1.7422990000000003,0.75838,GBR,BOL,842549
4110457,114,31,8907,2015,10858.0,0.0,2.516133,-0.484202,JPN,BOL,842549
4110458,138,31,8907,2015,7079.0,0.0,1.169724,0.61457,MEX,BOL,842549
4110459,206,31,8907,2015,3454.0,0.0,1.287133,0.7900560000000001,SVK,BOL,842549
4110460,224,31,8907,2015,2702.0,0.0,0.438669,2.519632,TUR,BOL,842549
4110461,231,31,8907,2015,6949.0,0.0,1.720478,-0.129322,USA,BOL,842549
4110462,249,31,8907,2015,758.0,0.0,1.962832,1.214982,TWN,BOL,842549
4110463,104,35,8907,2015,351083.0,0.0,0.24230900000000002,2.8190880000000003,IND,BTN,842549
4110464,41,38,8907,2015,994.0,0.0,2.306075,0.720781,CHE,CAF,842549
4110465,124,38,8907,2015,2931.0,0.0,0.317355,1.330374,LBN,CAF,842549
4110466,179,51,8907,2015,11180.0,1260.0,0.561922,2.2276380000000002,PRT,CPV,842549
4110467,231,51,8907,2015,709.0,0.0,1.720478,-0.129322,USA,CPV,842549
4110468,43,63,8907,2015,1058.0,0.0,1.077143,1.735757,CHN,DMA,842549
4110469,231,63,8907,2015,4050.0,0.0,1.720478,-0.129322,USA,DMA,842549
4110470,14,75,8907,2015,5180.0,2173.0,-0.292325,-0.043489,AUS,FJI,842549
4110471,43,75,8907,2015,3813.0,0.0,1.077143,1.735757,CHN,FJI,842549
4110472,97,75,8907,2015,1060.0,0.0,0.8255290000000001,1.8017279999999998,HKG,FJI,842549
4110473,114,75,8907,2015,3056.0,0.0,2.516133,-0.484202,JPN,FJI,842549
4110474,119,75,8907,2015,0.0,1468.0,-0.257871,-0.858136,KIR,FJI,842549
4110475,166,75,8907,2015,27137.0,0.0,0.224598,0.253179,NZL,FJI,842549
4110476,192,75,8907,2015,6259.0,0.0,2.05613,0.593065,SGP,FJI,842549
4110477,231,75,8907,2015,26172.0,0.0,1.720478,-0.129322,USA,FJI,842549
4110478,249,75,8907,2015,10365.0,0.0,1.962832,1.214982,TWN,FJI,842549
4110479,109,78,8907,2015,3087.0,0.0,0.24527600000000002,-0.411616,ISL,FRO,842549
4110480,163,78,8907,2015,2075.0,0.0,0.950708,0.314339,NOR,FRO,842549
4110481,71,87,8907,2015,4491.0,0.0,0.8173590000000001,2.442556,ESP,GMB,842549
4110482,77,87,8907,2015,4179.0,0.0,1.479792,0.6490239999999999,FRA,GMB,842549
4110483,77,101,8907,2015,2926.0,0.0,1.479792,0.6490239999999999,FRA,HTI,842549
4110484,14,119,8907,2015,835.0,0.0,-0.292325,-0.043489,AUS,KIR,842549
4110485,43,119,8907,2015,1298.0,0.0,1.077143,1.735757,CHN,KIR,842549
4110486,75,119,8907,2015,1468.0,0.0,-0.481968,-0.201468,FJI,KIR,842549
4110487,14,123,8907,2015,4543.0,0.0,-0.292325,-0.043489,AUS,LAO,842549
4110488,43,123,8907,2015,55085.0,0.0,1.077143,1.735757,CHN,LAO,842549
4110489,104,123,8907,2015,1650.0,0.0,0.24230900000000002,2.8190880000000003,IND,LAO,842549
4110490,121,123,8907,2015,14621.0,0.0,1.900653,0.859406,KOR,LAO,842549
4110491,216,123,8907,2015,177122.0,23586.0,0.965888,1.368572,THA,LAO,842549
4110492,239,123,8907,2015,1091.0,0.0,-0.17108900000000002,1.10995,VNM,LAO,842549
4110493,246,129,8907,2015,28459.0,3989.0,0.24944699999999997,1.7573159999999999,ZAF,LSO,842549
4110494,7,137,8907,2015,1910.0,0.0,0.21779600000000002,-0.0047420000000000006,ARE,MDV,842549
4110495,61,137,8907,2015,24846.0,0.0,2.203818,-2.307561,DEU,MDV,842549
4110496,104,137,8907,2015,14381.0,0.0,0.24230900000000002,2.8190880000000003,IND,MDV,842549
4110497,128,137,8907,2015,40394.0,0.0,-0.6773399999999999,0.386343,LKA,MDV,842549
4110498,153,137,8907,2015,5408.0,0.0,1.082803,0.811615,MYS,MDV,842549
4110499,192,137,8907,2015,20982.0,0.0,2.05613,0.593065,SGP,MDV,842549
4110500,231,137,8907,2015,41291.0,0.0,1.720478,-0.129322,USA,MDV,842549
4110501,14,145,8907,2015,48689.0,0.0,-0.292325,-0.043489,AUS,MNG,842549
4110502,18,145,8907,2015,0.0,2510.0,1.329866,1.100641,BEL,MNG,842549
4110503,39,145,8907,2015,646.0,0.0,0.695867,1.171676,CAN,MNG,842549
4110504,43,145,8907,2015,12658.0,0.0,1.077143,1.735757,CHN,MNG,842549
4110505,77,145,8907,2015,1739.0,0.0,1.479792,0.6490239999999999,FRA,MNG,842549
4110506,114,145,8907,2015,3804.0,0.0,2.516133,-0.484202,JPN,MNG,842549
4110507,121,145,8907,2015,106052.0,0.0,1.900653,0.859406,KOR,MNG,842549
4110508,162,145,8907,2015,25127.0,0.0,1.230104,1.27344,NLD,MNG,842549
4110509,192,145,8907,2015,13376.0,0.0,2.05613,0.593065,SGP,MNG,842549
4110510,208,145,8907,2015,0.0,2015.0,1.8068349999999997,0.693389,SWE,MNG,842549
4110511,231,145,8907,2015,8440.0,0.0,1.720478,-0.129322,USA,MNG,842549
4110512,7,152,8907,2015,3294.0,0.0,0.21779600000000002,-0.0047420000000000006,ARE,MWI,842549
4110513,43,152,8907,2015,5582.0,0.0,1.077143,1.735757,CHN,MWI,842549
4110514,61,152,8907,2015,5929.0,0.0,2.203818,-2.307561,DEU,MWI,842549
4110515,73,152,8907,2015,15353.0,0.0,-1.004896,-0.721019,ETH,MWI,842549
4110516,104,152,8907,2015,8337.0,0.0,0.24230900000000002,2.8190880000000003,IND,MWI,842549
4110517,114,152,8907,2015,1731.0,0.0,2.516133,-0.484202,JPN,MWI,842549
4110518,124,152,8907,2015,776.0,0.0,0.317355,1.330374,LBN,MWI,842549
4110519,246,152,8907,2015,33001.0,7249.0,0.24944699999999997,1.7573159999999999,ZAF,MWI,842549
4110520,18,157,8907,2015,5100.0,0.0,1.329866,1.100641,BEL,NER,842549
4110521,43,157,8907,2015,7199.0,0.0,1.077143,1.735757,CHN,NER,842549
4110522,77,157,8907,2015,5930.0,816.0,1.479792,0.6490239999999999,FRA,NER,842549
4110523,7,187,8907,2015,3739.0,0.0,0.21779600000000002,-0.0047420000000000006,ARE,RWA,842549
4110524,43,187,8907,2015,1153.0,0.0,1.077143,1.735757,CHN,RWA,842549
4110525,77,187,8907,2015,1282.0,0.0,1.479792,0.6490239999999999,FRA,RWA,842549
4110526,104,187,8907,2015,4337.0,0.0,0.24230900000000002,2.8190880000000003,IND,RWA,842549
4110527,111,187,8907,2015,1203.0,0.0,1.321127,0.747046,ITA,RWA,842549
4110528,14,195,8907,2015,24017.0,0.0,-0.292325,-0.043489,AUS,SLB,842549
4110529,114,195,8907,2015,1042.0,0.0,2.516133,-0.484202,JPN,SLB,842549
4110530,153,195,8907,2015,1037.0,0.0,1.082803,0.811615,MYS,SLB,842549
4110531,7,196,8907,2015,15262.0,0.0,0.21779600000000002,-0.0047420000000000006,ARE,SLE,842549
4110532,43,196,8907,2015,10539.0,0.0,1.077143,1.735757,CHN,SLE,842549
4110533,77,196,8907,2015,1475.0,0.0,1.479792,0.6490239999999999,FRA,SLE,842549
4110534,81,196,8907,2015,3543.0,0.0,1.7422990000000003,0.75838,GBR,SLE,842549
4110535,114,196,8907,2015,525.0,0.0,2.516133,-0.484202,JPN,SLE,842549
4110536,124,196,8907,2015,3762.0,0.0,0.317355,1.330374,LBN,SLE,842549
4110537,7,199,8907,2015,1463.0,0.0,0.21779600000000002,-0.0047420000000000006,ARE,SOM,842549
4110538,43,199,8907,2015,3979.0,0.0,1.077143,1.735757,CHN,SOM,842549
4110539,104,199,8907,2015,1589.0,0.0,0.24230900000000002,2.8190880000000003,IND,SOM,842549
4110540,116,199,8907,2015,1224.0,0.0,-0.453564,0.433325,KEN,SOM,842549
4110541,61,202,8907,2015,1139.0,0.0,2.203818,-2.307561,DEU,SSD,842549
4110542,114,202,8907,2015,2992.0,0.0,2.516133,-0.484202,JPN,SSD,842549
4110543,116,202,8907,2015,8055.0,0.0,-0.453564,0.433325,KEN,SSD,842549
4110544,227,202,8907,2015,1511.0,1288.0,-0.611023,0.078961,UGA,SSD,842549
4110545,77,214,8907,2015,2772.0,0.0,1.479792,0.6490239999999999,FRA,TCD,842549
4110546,104,214,8907,2015,3006.0,0.0,0.24230900000000002,2.8190880000000003,IND,TCD,842549
4110547,231,214,8907,2015,18235.0,0.0,1.720478,-0.129322,USA,TCD,842549
4110548,43,221,8907,2015,1503.0,0.0,1.077143,1.735757,CHN,TON,842549
4110549,190,234,8907,2015,0.0,6432.0,-1.420356,-1.218424,SDN,VCT,842549
4110550,231,234,8907,2015,3730.0,0.0,1.720478,-0.129322,USA,VCT,842549
4110551,14,240,8907,2015,10794.0,0.0,-0.292325,-0.043489,AUS,VUT,842549
4110552,43,240,8907,2015,9326.0,0.0,1.077143,1.735757,CHN,VUT,842549
4110553,231,30,8907,2015,12493.0,0.0,1.720478,-0.129322,USA,BMU,842549
4110554,64,92,8907,2015,2667.0,0.0,1.157924,1.2045629999999998,DNK,GRL,842549
4110555,162,92,8907,2015,4895.0,0.0,1.230104,1.27344,NLD,GRL,842549
4110556,41,182,8907,2015,174.0,0.0,2.306075,0.720781,CHE,PYF,842549
4110557,43,182,8907,2015,2158.0,0.0,1.077143,1.735757,CHN,PYF,842549
4110558,61,182,8907,2015,1051.0,0.0,2.203818,-2.307561,DEU,PYF,842549
4110559,77,182,8907,2015,76717.0,1265.0,1.479792,0.6490239999999999,FRA,PYF,842549
4110560,81,182,8907,2015,989.0,0.0,1.7422990000000003,0.75838,GBR,PYF,842549
4110561,166,182,8907,2015,1981.0,0.0,0.224598,0.253179,NZL,PYF,842549
4110562,231,182,8907,2015,12537.0,0.0,1.720478,-0.129322,USA,PYF,842549
4110563,166,48,8907,2015,3987.0,0.0,0.224598,0.253179,NZL,COK,842549
4110564,14,56,8907,2015,2734.0,0.0,-0.292325,-0.043489,AUS,CXR,842549
4110565,43,79,8907,2015,6377.0,0.0,1.077143,1.735757,CHN,FSM,842549
4110566,14,165,8907,2015,3280.0,0.0,-0.292325,-0.043489,AUS,NRU,842549
4110567,77,241,8907,2015,1554.0,0.0,1.479792,0.6490239999999999,FRA,WLF,842549
4110568,162,20,8907,2015,1156.0,0.0,1.230104,1.27344,NLD,BES,842549
4110569,231,210,8907,2015,4090.0,0.0,1.720478,-0.129322,USA,SXM,842549
4110570,1,7,8913,2015,0.0,85556.0,-1.249655,-0.9094459999999999,AFG,ARE,842641
4110571,2,7,8913,2015,0.0,116799.0,-1.6542,-1.2598989999999999,AGO,ARE,842641
4110572,14,7,8913,2015,9990169.0,0.0,-0.292325,-0.043489,AUS,ARE,842641
4110573,15,7,8913,2015,4470749.0,0.0,1.747098,-0.08026699999999999,AUT,ARE,842641
4110574,18,7,8913,2015,133201.0,0.0,1.329866,1.100641,BEL,ARE,842641
4110575,24,7,8913,2015,0.0,204895.0,0.36650900000000003,-0.28735,BHR,ARE,842641
4110576,39,7,8913,2015,224278.0,0.0,0.695867,1.171676,CAN,ARE,842641
4110577,43,7,8913,2015,12966885.0,0.0,1.077143,1.735757,CHN,ARE,842641
4110578,52,7,8913,2015,0.0,88102.0,0.24859699999999998,-0.033143,CRI,ARE,842641
4110579,61,7,8913,2015,18595588.0,11135739.0,2.203818,-2.307561,DEU,ARE,842641
4110580,62,7,8913,2015,0.0,110261.0,-0.538942,-0.832522,DJI,ARE,842641
4110581,68,7,8913,2015,0.0,29249.0,-0.183053,1.765036,EGY,ARE,842641
4110582,71,7,8913,2015,350993.0,0.0,0.8173590000000001,2.442556,ESP,ARE,842641
4110583,73,7,8913,2015,0.0,63686.0,-1.004896,-0.721019,ETH,ARE,842641
4110584,77,7,8913,2015,194072.0,0.0,1.479792,0.6490239999999999,FRA,ARE,842641
4110585,81,7,8913,2015,255227.0,0.0,1.7422990000000003,0.75838,GBR,ARE,842641
4110586,89,7,8913,2015,0.0,21807.0,-1.585577,-0.9044979999999999,GNQ,ARE,842641
4110587,90,7,8913,2015,39130.0,0.0,0.099027,1.012289,GRC,ARE,842641
4110588,97,7,8913,2015,300620.0,0.0,0.8255290000000001,1.8017279999999998,HKG,ARE,842641
4110589,104,7,8913,2015,74146.0,1380004.0,0.24230900000000002,2.8190880000000003,IND,ARE,842641
4110590,107,7,8913,2015,0.0,3714343.0,-0.258946,-0.0073420000000000004,IRN,ARE,842641
4110591,108,7,8913,2015,0.0,2294746.0,-1.465803,-0.912113,IRQ,ARE,842641
4110592,111,7,8913,2015,8629764.0,32099.0,1.321127,0.747046,ITA,ARE,842641
4110593,113,7,8913,2015,14642.0,3656.0,0.121172,0.457301,JOR,ARE,842641
4110594,114,7,8913,2015,30709782.0,520834.0,2.516133,-0.484202,JPN,ARE,842641
4110595,116,7,8913,2015,0.0,74453.0,-0.453564,0.433325,KEN,ARE,842641
4110596,121,7,8913,2015,1235934.0,0.0,1.900653,0.859406,KOR,ARE,842641
4110597,122,7,8913,2015,0.0,2348900.0,-0.352023,-1.153057,KWT,ARE,842641
4110598,128,7,8913,2015,0.0,19320.0,-0.6773399999999999,0.386343,LKA,ARE,842641
4110599,159,7,8913,2015,0.0,86877.0,-1.415451,-1.157829,NGA,ARE,842641
4110600,162,7,8913,2015,35997.0,87019.0,1.230104,1.27344,NLD,ARE,842641
4110601,163,7,8913,2015,348515.0,0.0,0.950708,0.314339,NOR,ARE,842641
4110602,166,7,8913,2015,625635.0,0.0,0.224598,0.253179,NZL,ARE,842641
4110603,167,7,8913,2015,348571.0,2272896.0,-0.4699,-1.00451,OMN,ARE,842641
4110604,168,7,8913,2015,173676.0,518162.0,-0.7059979999999999,0.73501,PAK,ARE,842641
4110605,174,7,8913,2015,0.0,220535.0,0.6406270000000001,0.45770200000000005,PHL,ARE,842641
4110606,177,7,8913,2015,289675.0,0.0,1.145844,1.1449280000000002,POL,ARE,842641
4110607,183,7,8913,2015,6700587.0,5708222.0,-0.077053,-0.9922719999999999,QAT,ARE,842641
4110608,187,7,8913,2015,0.0,138529.0,-0.755738,-0.4423,RWA,ARE,842641
4110609,188,7,8913,2015,3174386.0,10400726.0,0.5552520000000001,-0.7263229999999999,SAU,ARE,842641
4110610,190,7,8913,2015,0.0,12691.0,-1.420356,-1.218424,SDN,ARE,842641
4110611,192,7,8913,2015,3580553.0,251124.0,2.05613,0.593065,SGP,ARE,842641
4110612,199,7,8913,2015,0.0,3345.0,-1.716689,-1.078134,SOM,ARE,842641
4110613,208,7,8913,2015,27128.0,0.0,1.8068349999999997,0.693389,SWE,ARE,842641
4110614,214,7,8913,2015,0.0,2958.0,-1.543675,-0.9703860000000001,TCD,ARE,842641
4110615,219,7,8913,2015,0.0,4125667.0,-1.546516,-1.315803,TKM,ARE,842641
4110616,224,7,8913,2015,0.0,838050.0,0.438669,2.519632,TUR,ARE,842641
4110617,231,7,8913,2015,5300398.0,143955.0,1.720478,-0.129322,USA,ARE,842641
4110618,236,7,8913,2015,139001.0,0.0,-0.9249129999999999,-1.1877280000000001,VEN,ARE,842641
4110619,243,7,8913,2015,0.0,11158.0,-1.048632,-1.10843,YEM,ARE,842641
4110620,246,7,8913,2015,0.0,41907.0,0.24944699999999997,1.7573159999999999,ZAF,ARE,842641
4110621,249,7,8913,2015,0.0,454218.0,1.962832,1.214982,TWN,ARE,842641
4110622,250,7,8913,2015,0.0,1117341.0,0.377283,-0.092204,ANS,ARE,842641
4110623,32,8,8913,2015,1023892.0,0.0,0.23656799999999997,0.688607,BRA,ARG,842641
4110624,42,8,8913,2015,1007683.0,67635.0,-0.356167,-0.47629399999999994,CHL,ARG,842641
4110625,43,8,8913,2015,360045.0,0.0,1.077143,1.735757,CHN,ARG,842641
4110626,61,8,8913,2015,3884505.0,0.0,2.203818,-2.307561,DEU,ARG,842641
4110627,74,8,8913,2015,446612.0,0.0,1.597817,0.998059,FIN,ARG,842641
4110628,111,8,8913,2015,1260755.0,0.0,1.321127,0.747046,ITA,ARG,842641
4110629,114,8,8913,2015,4254294.0,0.0,2.516133,-0.484202,JPN,ARG,842641
4110630,173,8,8913,2015,276088.0,0.0,-0.6007819999999999,0.32152800000000004,PER,ARG,842641
4110631,177,8,8913,2015,667373.0,0.0,1.145844,1.1449280000000002,POL,ARG,842641
4110632,231,8,8913,2015,2760177.0,0.0,1.720478,-0.129322,USA,ARG,842641
4110633,7,15,8913,2015,0.0,4470749.0,0.21779600000000002,-0.0047420000000000006,ARE,AUT,842641
4110634,14,15,8913,2015,0.0,3520708.0,-0.292325,-0.043489,AUS,AUT,842641
4110635,18,15,8913,2015,0.0,6368576.0,1.329866,1.100641,BEL,AUT,842641
4110636,23,15,8913,2015,0.0,604791.0,0.45640699999999995,1.691455,BGR,AUT,842641
4110637,41,15,8913,2015,63459.0,76907.0,2.306075,0.720781,CHE,AUT,842641
4110638,45,15,8913,2015,0.0,91712.0,-0.924366,-1.040721,CMR,AUT,842641
4110639,59,15,8913,2015,23058.0,0.0,1.743012,0.45424,CZE,AUT,842641
4110640,61,15,8913,2015,185125.0,790839.0,2.203818,-2.307561,DEU,AUT,842641
4110641,64,15,8913,2015,592309.0,3558355.0,1.157924,1.2045629999999998,DNK,AUT,842641
4110642,66,15,8913,2015,0.0,1237712.0,-1.54346,-1.255633,DZA,AUT,842641
4110643,68,15,8913,2015,0.0,931.0,-0.183053,1.765036,EGY,AUT,842641
4110644,71,15,8913,2015,0.0,4536009.0,0.8173590000000001,2.442556,ESP,AUT,842641
4110645,77,15,8913,2015,622100.0,6219752.0,1.479792,0.6490239999999999,FRA,AUT,842641
4110646,81,15,8913,2015,0.0,2343350.0,1.7422990000000003,0.75838,GBR,AUT,842641
4110647,100,15,8913,2015,0.0,141365.0,0.7590140000000001,1.257415,HRV,AUT,842641
4110648,102,15,8913,2015,460693.0,1176729.0,1.462839,0.803258,HUN,AUT,842641
4110649,111,15,8913,2015,443538.0,2556350.0,1.321127,0.747046,ITA,AUT,842641
4110650,115,15,8913,2015,0.0,5663388.0,-0.45091499999999995,-0.652026,KAZ,AUT,842641
4110651,131,15,8913,2015,226142.0,0.0,1.218924,1.247152,LUX,AUT,842641
4110652,159,15,8913,2015,0.0,3346770.0,-1.415451,-1.157829,NGA,AUT,842641
4110653,162,15,8913,2015,510081.0,3862977.0,1.230104,1.27344,NLD,AUT,842641
4110654,163,15,8913,2015,0.0,3796.0,0.950708,0.314339,NOR,AUT,842641
4110655,173,15,8913,2015,0.0,453864.0,-0.6007819999999999,0.32152800000000004,PER,AUT,842641
4110656,177,15,8913,2015,162453.0,2846274.0,1.145844,1.1449280000000002,POL,AUT,842641
4110657,179,15,8913,2015,429936.0,1931202.0,0.561922,2.2276380000000002,PRT,AUT,842641
4110658,185,15,8913,2015,0.0,638087.0,0.946363,1.056775,ROU,AUT,842641
4110659,186,15,8913,2015,0.0,1509585.0,0.23119,0.035965,RUS,AUT,842641
4110660,188,15,8913,2015,0.0,1197425.0,0.5552520000000001,-0.7263229999999999,SAU,AUT,842641
4110661,205,15,8913,2015,0.0,2963663.0,-0.570361,-1.005072,SUR,AUT,842641
4110662,206,15,8913,2015,203417.0,212892.0,1.287133,0.7900560000000001,SVK,AUT,842641
4110663,207,15,8913,2015,0.0,846506.0,1.6089879999999999,0.833616,SVN,AUT,842641
4110664,208,15,8913,2015,77387.0,0.0,1.8068349999999997,0.693389,SWE,AUT,842641
4110665,224,15,8913,2015,0.0,3079908.0,0.438669,2.519632,TUR,AUT,842641
4110666,231,15,8913,2015,523181.0,0.0,1.720478,-0.129322,USA,AUT,842641
4110667,7,18,8913,2015,0.0,133201.0,0.21779600000000002,-0.0047420000000000006,ARE,BEL,842641
4110668,15,18,8913,2015,6368576.0,0.0,1.747098,-0.08026699999999999,AUT,BEL,842641
4110669,17,18,8913,2015,0.0,370977.0,-0.993318,-1.031194,BDI,BEL,842641
4110670,19,18,8913,2015,166035.0,3182.0,-0.5641470000000001,-0.8971020000000001,BEN,BEL,842641
4110671,21,18,8913,2015,0.0,42101.0,-1.085359,-1.034365,BFA,BEL,842641
4110672,22,18,8913,2015,0.0,1850.0,-1.088465,-0.8745360000000001,BGD,BEL,842641
4110673,23,18,8913,2015,0.0,8842.0,0.45640699999999995,1.691455,BGR,BEL,842641
4110674,31,18,8913,2015,0.0,718.0,-1.051562,-1.067714,BOL,BEL,842641
4110675,41,18,8913,2015,0.0,113756.0,2.306075,0.720781,CHE,BEL,842641
4110676,42,18,8913,2015,0.0,458930.0,-0.356167,-0.47629399999999994,CHL,BEL,842641
4110677,44,18,8913,2015,0.0,85600.0,-0.856142,-0.905292,CIV,BEL,842641
4110678,45,18,8913,2015,0.0,3733.0,-0.924366,-1.040721,CMR,BEL,842641
4110679,46,18,8913,2015,0.0,49604.0,-1.3921290000000002,-1.146549,COD,BEL,842641
4110680,47,18,8913,2015,0.0,140572.0,-1.294823,-1.18811,COG,BEL,842641
4110681,49,18,8913,2015,1139.0,188326.0,0.156383,-0.183055,COL,BEL,842641
4110682,61,18,8913,2015,28975890.0,3357824.0,2.203818,-2.307561,DEU,BEL,842641
4110683,64,18,8913,2015,223000.0,0.0,1.157924,1.2045629999999998,DNK,BEL,842641
4110684,67,18,8913,2015,0.0,362804.0,-0.9845959999999999,-1.075639,ECU,BEL,842641
4110685,68,18,8913,2015,0.0,134953.0,-0.183053,1.765036,EGY,BEL,842641
4110686,71,18,8913,2015,126200.0,1889524.0,0.8173590000000001,2.442556,ESP,BEL,842641
4110687,74,18,8913,2015,249276.0,0.0,1.597817,0.998059,FIN,BEL,842641
4110688,77,18,8913,2015,6766865.0,709209.0,1.479792,0.6490239999999999,FRA,BEL,842641
4110689,81,18,8913,2015,1065280.0,56889.0,1.7422990000000003,0.75838,GBR,BEL,842641
4110690,85,18,8913,2015,0.0,199731.0,-1.288329,-1.167532,GIN,BEL,842641
4110691,97,18,8913,2015,0.0,225710.0,0.8255290000000001,1.8017279999999998,HKG,BEL,842641
4110692,101,18,8913,2015,0.0,3326798.0,-1.288246,-1.018979,HTI,BEL,842641
4110693,102,18,8913,2015,0.0,66506.0,1.462839,0.803258,HUN,BEL,842641
4110694,104,18,8913,2015,0.0,8678364.0,0.24230900000000002,2.8190880000000003,IND,BEL,842641
4110695,106,18,8913,2015,1538355.0,0.0,1.304942,0.126431,IRL,BEL,842641
4110696,109,18,8913,2015,0.0,5850746.0,0.24527600000000002,-0.411616,ISL,BEL,842641
4110697,110,18,8913,2015,85952.0,0.0,1.260071,0.545545,ISR,BEL,842641
4110698,111,18,8913,2015,8706998.0,0.0,1.321127,0.747046,ITA,BEL,842641
4110699,113,18,8913,2015,0.0,10179.0,0.121172,0.457301,JOR,BEL,842641
4110700,114,18,8913,2015,1171.0,0.0,2.516133,-0.484202,JPN,BEL,842641
4110701,116,18,8913,2015,0.0,72973.0,-0.453564,0.433325,KEN,BEL,842641
4110702,131,18,8913,2015,587878.0,0.0,1.218924,1.247152,LUX,BEL,842641
4110703,134,18,8913,2015,0.0,55958.0,-0.7554810000000001,-0.059697,MAR,BEL,842641
4110704,138,18,8913,2015,0.0,144296.0,1.169724,0.61457,MEX,BEL,842641
4110705,141,18,8913,2015,0.0,31482.0,-0.744236,-0.9441860000000001,MLI,BEL,842641
4110706,159,18,8913,2015,0.0,13290.0,-1.415451,-1.157829,NGA,BEL,842641
4110707,162,18,8913,2015,5873505.0,3610130.0,1.230104,1.27344,NLD,BEL,842641
4110708,163,18,8913,2015,9232.0,0.0,0.950708,0.314339,NOR,BEL,842641
4110709,168,18,8913,2015,0.0,183809.0,-0.7059979999999999,0.73501,PAK,BEL,842641
4110710,169,18,8913,2015,27943.0,0.0,0.642058,0.833392,PAN,BEL,842641
4110711,177,18,8913,2015,0.0,1757972.0,1.145844,1.1449280000000002,POL,BEL,842641
4110712,179,18,8913,2015,0.0,3196754.0,0.561922,2.2276380000000002,PRT,BEL,842641
4110713,185,18,8913,2015,0.0,16017.0,0.946363,1.056775,ROU,BEL,842641
4110714,186,18,8913,2015,0.0,13091.0,0.23119,0.035965,RUS,BEL,842641
4110715,188,18,8913,2015,0.0,2774548.0,0.5552520000000001,-0.7263229999999999,SAU,BEL,842641
4110716,190,18,8913,2015,0.0,6454.0,-1.420356,-1.218424,SDN,BEL,842641
4110717,192,18,8913,2015,0.0,244542.0,2.05613,0.593065,SGP,BEL,842641
4110718,201,18,8913,2015,0.0,6993.0,0.457042,1.324908,SRB,BEL,842641
4110719,206,18,8913,2015,0.0,17681.0,1.287133,0.7900560000000001,SVK,BEL,842641
4110720,215,18,8913,2015,126120.0,32926.0,-0.66925,-0.873554,TGO,BEL,842641
4110721,216,18,8913,2015,0.0,62466.0,0.965888,1.368572,THA,BEL,842641
4110722,227,18,8913,2015,0.0,129390.0,-0.611023,0.078961,UGA,BEL,842641
4110723,231,18,8913,2015,1901966.0,2061739.0,1.720478,-0.129322,USA,BEL,842641
4110724,239,18,8913,2015,0.0,94400.0,-0.17108900000000002,1.10995,VNM,BEL,842641
4110725,246,18,8913,2015,0.0,77206.0,0.24944699999999997,1.7573159999999999,ZAF,BEL,842641
4110726,15,23,8913,2015,604791.0,0.0,1.747098,-0.08026699999999999,AUT,BGR,842641
4110727,18,23,8913,2015,8842.0,0.0,1.329866,1.100641,BEL,BGR,842641
4110728,61,23,8913,2015,1331936.0,0.0,2.203818,-2.307561,DEU,BGR,842641
4110729,71,23,8913,2015,90199.0,0.0,0.8173590000000001,2.442556,ESP,BGR,842641
4110730,77,23,8913,2015,85251.0,0.0,1.479792,0.6490239999999999,FRA,BGR,842641
4110731,111,23,8913,2015,684914.0,4327.0,1.321127,0.747046,ITA,BGR,842641
4110732,162,23,8913,2015,332150.0,23700.0,1.230104,1.27344,NLD,BGR,842641
4110733,177,23,8913,2015,454421.0,0.0,1.145844,1.1449280000000002,POL,BGR,842641
4110734,185,23,8913,2015,0.0,8878.0,0.946363,1.056775,ROU,BGR,842641
4110735,226,23,8913,2015,0.0,5505.0,-1.02395,-0.017509999999999998,TZA,BGR,842641
4110736,231,25,8913,2015,941692.0,7114.0,1.720478,-0.129322,USA,BHS,842641
4110737,8,32,8913,2015,0.0,1023892.0,0.116896,0.30330999999999997,ARG,BRA,842641
4110738,39,32,8913,2015,3457823.0,0.0,0.695867,1.171676,CAN,BRA,842641
4110739,42,32,8913,2015,0.0,1139942.0,-0.356167,-0.47629399999999994,CHL,BRA,842641
4110740,43,32,8913,2015,1038312.0,0.0,1.077143,1.735757,CHN,BRA,842641
4110741,49,32,8913,2015,0.0,1266515.0,0.156383,-0.183055,COL,BRA,842641
4110742,61,32,8913,2015,10446070.0,0.0,2.203818,-2.307561,DEU,BRA,842641
4110743,65,32,8913,2015,0.0,193935.0,-0.212808,0.395873,DOM,BRA,842641
4110744,68,32,8913,2015,0.0,1545419.0,-0.183053,1.765036,EGY,BRA,842641
4110745,77,32,8913,2015,4811666.0,693197.0,1.479792,0.6490239999999999,FRA,BRA,842641
4110746,80,32,8913,2015,0.0,492756.0,-1.384351,-1.209873,GAB,BRA,842641
4110747,83,32,8913,2015,0.0,87972.0,-0.750568,-0.690257,GHA,BRA,842641
4110748,111,32,8913,2015,2608498.0,0.0,1.321127,0.747046,ITA,BRA,842641
4110749,122,32,8913,2015,0.0,1733360.0,-0.352023,-1.153057,KWT,BRA,842641
4110750,138,32,8913,2015,155742.0,2538070.0,1.169724,0.61457,MEX,BRA,842641
4110751,162,32,8913,2015,2376238.0,0.0,1.230104,1.27344,NLD,BRA,842641
4110752,167,32,8913,2015,0.0,1630616.0,-0.4699,-1.00451,OMN,BRA,842641
4110753,173,32,8913,2015,0.0,649733.0,-0.6007819999999999,0.32152800000000004,PER,BRA,842641
4110754,177,32,8913,2015,800799.0,0.0,1.145844,1.1449280000000002,POL,BRA,842641
4110755,179,32,8913,2015,0.0,330762.0,0.561922,2.2276380000000002,PRT,BRA,842641
4110756,183,32,8913,2015,0.0,523009.0,-0.077053,-0.9922719999999999,QAT,BRA,842641
4110757,188,32,8913,2015,0.0,940611.0,0.5552520000000001,-0.7263229999999999,SAU,BRA,842641
4110758,192,32,8913,2015,0.0,1456136.0,2.05613,0.593065,SGP,BRA,842641
4110759,226,32,8913,2015,0.0,313130.0,-1.02395,-0.017509999999999998,TZA,BRA,842641
4110760,230,32,8913,2015,0.0,760733.0,0.273876,-0.363695,URY,BRA,842641
4110761,236,32,8913,2015,0.0,1390365.0,-0.9249129999999999,-1.1877280000000001,VEN,BRA,842641
4110762,250,32,8913,2015,308140.0,0.0,0.377283,-0.092204,ANS,BRA,842641
4110763,7,39,8913,2015,0.0,224278.0,0.21779600000000002,-0.0047420000000000006,ARE,CAN,842641
4110764,32,39,8913,2015,0.0,3457823.0,0.23656799999999997,0.688607,BRA,CAN,842641
4110765,41,39,8913,2015,142783.0,0.0,2.306075,0.720781,CHE,CAN,842641
4110766,43,39,8913,2015,2365.0,41317.0,1.077143,1.735757,CHN,CAN,842641
4110767,47,39,8913,2015,0.0,101004.0,-1.294823,-1.18811,COG,CAN,842641
4110768,49,39,8913,2015,0.0,21054.0,0.156383,-0.183055,COL,CAN,842641
4110769,52,39,8913,2015,0.0,13621.0,0.24859699999999998,-0.033143,CRI,CAN,842641
4110770,61,39,8913,2015,4030494.0,0.0,2.203818,-2.307561,DEU,CAN,842641
4110771,64,39,8913,2015,0.0,5757.0,1.157924,1.2045629999999998,DNK,CAN,842641
4110772,77,39,8913,2015,300995.0,0.0,1.479792,0.6490239999999999,FRA,CAN,842641
4110773,81,39,8913,2015,1115902.0,0.0,1.7422990000000003,0.75838,GBR,CAN,842641
4110774,93,39,8913,2015,0.0,52636.0,-0.284403,0.525564,GTM,CAN,842641
4110775,99,39,8913,2015,0.0,54792.0,-0.578635,-0.292053,HND,CAN,842641
4110776,104,39,8913,2015,0.0,23167.0,0.24230900000000002,2.8190880000000003,IND,CAN,842641
4110777,110,39,8913,2015,0.0,18866.0,1.260071,0.545545,ISR,CAN,842641
4110778,111,39,8913,2015,2092231.0,0.0,1.321127,0.747046,ITA,CAN,842641
4110779,114,39,8913,2015,48262296.0,0.0,2.516133,-0.484202,JPN,CAN,842641
4110780,121,39,8913,2015,0.0,92078.0,1.900653,0.859406,KOR,CAN,842641
4110781,138,39,8913,2015,0.0,546960.0,1.169724,0.61457,MEX,CAN,842641
4110782,159,39,8913,2015,0.0,157522.0,-1.415451,-1.157829,NGA,CAN,842641
4110783,167,39,8913,2015,0.0,6946.0,-0.4699,-1.00451,OMN,CAN,842641
4110784,174,39,8913,2015,0.0,7210.0,0.6406270000000001,0.45770200000000005,PHL,CAN,842641
4110785,177,39,8913,2015,97125.0,0.0,1.145844,1.1449280000000002,POL,CAN,842641
4110786,183,39,8913,2015,0.0,34232.0,-0.077053,-0.9922719999999999,QAT,CAN,842641
4110787,188,39,8913,2015,0.0,1945778.0,0.5552520000000001,-0.7263229999999999,SAU,CAN,842641
4110788,191,39,8913,2015,0.0,21898.0,-0.708349,-0.296663,SEN,CAN,842641
4110789,224,39,8913,2015,0.0,161123.0,0.438669,2.519632,TUR,CAN,842641
4110790,230,39,8913,2015,0.0,484284.0,0.273876,-0.363695,URY,CAN,842641
4110791,231,39,8913,2015,87176256.0,3081530.0,1.720478,-0.129322,USA,CAN,842641
4110792,239,39,8913,2015,0.0,38431.0,-0.17108900000000002,1.10995,VNM,CAN,842641
4110793,247,39,8913,2015,0.0,33237.0,-0.44792,-0.769586,ZMB,CAN,842641
4110794,249,39,8913,2015,0.0,29316.0,1.962832,1.214982,TWN,CAN,842641
4110795,15,41,8913,2015,76907.0,63459.0,1.747098,-0.08026699999999999,AUT,CHE,842641
4110796,18,41,8913,2015,113756.0,0.0,1.329866,1.100641,BEL,CHE,842641
4110797,26,41,8913,2015,0.0,12951.0,0.355903,0.723092,BIH,CHE,842641
4110798,39,41,8913,2015,0.0,142783.0,0.695867,1.171676,CAN,CHE,842641
4110799,61,41,8913,2015,529639.0,304014.0,2.203818,-2.307561,DEU,CHE,842641
4110800,64,41,8913,2015,227489.0,0.0,1.157924,1.2045629999999998,DNK,CHE,842641
4110801,71,41,8913,2015,200909.0,0.0,0.8173590000000001,2.442556,ESP,CHE,842641
4110802,77,41,8913,2015,203108.0,66726.0,1.479792,0.6490239999999999,FRA,CHE,842641
4110803,81,41,8913,2015,31810.0,0.0,1.7422990000000003,0.75838,GBR,CHE,842641
4110804,111,41,8913,2015,278906.0,93261.0,1.321127,0.747046,ITA,CHE,842641
4110805,116,41,8913,2015,0.0,4836.0,-0.453564,0.433325,KEN,CHE,842641
4110806,124,41,8913,2015,0.0,20611.0,0.317355,1.330374,LBN,CHE,842641
4110807,131,41,8913,2015,0.0,13731.0,1.218924,1.247152,LUX,CHE,842641
4110808,140,41,8913,2015,0.0,14560.0,-0.09009600000000001,-0.147359,MKD,CHE,842641
4110809,162,41,8913,2015,237554.0,191588.0,1.230104,1.27344,NLD,CHE,842641
4110810,174,41,8913,2015,20680.0,0.0,0.6406270000000001,0.45770200000000005,PHL,CHE,842641
4110811,177,41,8913,2015,1300283.0,0.0,1.145844,1.1449280000000002,POL,CHE,842641
4110812,185,41,8913,2015,20418.0,6300.0,0.946363,1.056775,ROU,CHE,842641
4110813,186,41,8913,2015,0.0,983586.0,0.23119,0.035965,RUS,CHE,842641
4110814,208,41,8913,2015,11206.0,0.0,1.8068349999999997,0.693389,SWE,CHE,842641
4110815,231,41,8913,2015,481512.0,339802.0,1.720478,-0.129322,USA,CHE,842641
4110816,8,42,8913,2015,67635.0,1007683.0,0.116896,0.30330999999999997,ARG,CHL,842641
4110817,18,42,8913,2015,458930.0,0.0,1.329866,1.100641,BEL,CHL,842641
4110818,31,42,8913,2015,0.0,306735.0,-1.051562,-1.067714,BOL,CHL,842641
4110819,32,42,8913,2015,1139942.0,0.0,0.23656799999999997,0.688607,BRA,CHL,842641
4110820,43,42,8913,2015,259678.0,0.0,1.077143,1.735757,CHN,CHL,842641
4110821,49,42,8913,2015,0.0,131951.0,0.156383,-0.183055,COL,CHL,842641
4110822,61,42,8913,2015,15820150.0,0.0,2.203818,-2.307561,DEU,CHL,842641
4110823,65,42,8913,2015,0.0,659182.0,-0.212808,0.395873,DOM,CHL,842641
4110824,71,42,8913,2015,143561.0,19176.0,0.8173590000000001,2.442556,ESP,CHL,842641
4110825,77,42,8913,2015,656778.0,0.0,1.479792,0.6490239999999999,FRA,CHL,842641
4110826,81,42,8913,2015,3270652.0,0.0,1.7422990000000003,0.75838,GBR,CHL,842641
4110827,99,42,8913,2015,29220.0,0.0,-0.578635,-0.292053,HND,CHL,842641
4110828,111,42,8913,2015,266113.0,0.0,1.321127,0.747046,ITA,CHL,842641
4110829,114,42,8913,2015,431471.0,0.0,2.516133,-0.484202,JPN,CHL,842641
4110830,121,42,8913,2015,206015.0,0.0,1.900653,0.859406,KOR,CHL,842641
4110831,138,42,8913,2015,316601.0,0.0,1.169724,0.61457,MEX,CHL,842641
4110832,162,42,8913,2015,1501406.0,0.0,1.230104,1.27344,NLD,CHL,842641
4110833,169,42,8913,2015,0.0,190926.0,0.642058,0.833392,PAN,CHL,842641
4110834,173,42,8913,2015,351944.0,1563377.0,-0.6007819999999999,0.32152800000000004,PER,CHL,842641
4110835,177,42,8913,2015,2220416.0,0.0,1.145844,1.1449280000000002,POL,CHL,842641
4110836,180,42,8913,2015,0.0,176467.0,-0.471106,-0.9431139999999999,PRY,CHL,842641
4110837,208,42,8913,2015,395511.0,0.0,1.8068349999999997,0.693389,SWE,CHL,842641
4110838,222,42,8913,2015,0.0,273872.0,-0.462837,-1.117621,TTO,CHL,842641
4110839,231,42,8913,2015,6940972.0,34934.0,1.720478,-0.129322,USA,CHL,842641
4110840,236,42,8913,2015,1445806.0,950057.0,-0.9249129999999999,-1.1877280000000001,VEN,CHL,842641
4110841,239,42,8913,2015,0.0,139018.0,-0.17108900000000002,1.10995,VNM,CHL,842641
4110842,7,43,8913,2015,0.0,12966885.0,0.21779600000000002,-0.0047420000000000006,ARE,CHN,842641
4110843,8,43,8913,2015,0.0,360045.0,0.116896,0.30330999999999997,ARG,CHN,842641
4110844,14,43,8913,2015,0.0,2495521.0,-0.292325,-0.043489,AUS,CHN,842641
4110845,19,43,8913,2015,0.0,930688.0,-0.5641470000000001,-0.8971020000000001,BEN,CHN,842641
4110846,22,43,8913,2015,0.0,1204220.0,-1.088465,-0.8745360000000001,BGD,CHN,842641
4110847,24,43,8913,2015,0.0,225980.0,0.36650900000000003,-0.28735,BHR,CHN,842641
4110848,31,43,8913,2015,0.0,75246.0,-1.051562,-1.067714,BOL,CHN,842641
4110849,32,43,8913,2015,0.0,1038312.0,0.23656799999999997,0.688607,BRA,CHN,842641
4110850,39,43,8913,2015,41317.0,2365.0,0.695867,1.171676,CAN,CHN,842641
4110851,42,43,8913,2015,0.0,259678.0,-0.356167,-0.47629399999999994,CHL,CHN,842641
4110852,44,43,8913,2015,0.0,36737.0,-0.856142,-0.905292,CIV,CHN,842641
4110853,45,43,8913,2015,0.0,1291693.0,-0.924366,-1.040721,CMR,CHN,842641
4110854,46,43,8913,2015,0.0,24601.0,-1.3921290000000002,-1.146549,COD,CHN,842641
4110855,47,43,8913,2015,0.0,504642.0,-1.294823,-1.18811,COG,CHN,842641
4110856,49,43,8913,2015,0.0,1035533.0,0.156383,-0.183055,COL,CHN,842641
4110857,52,43,8913,2015,0.0,1265468.0,0.24859699999999998,-0.033143,CRI,CHN,842641
4110858,54,43,8913,2015,0.0,4675652.0,-0.694839,-1.093439,CUB,CHN,842641
4110859,59,43,8913,2015,0.0,2213.0,1.743012,0.45424,CZE,CHN,842641
4110860,61,43,8913,2015,3241.0,0.0,2.203818,-2.307561,DEU,CHN,842641
4110861,62,43,8913,2015,0.0,356312.0,-0.538942,-0.832522,DJI,CHN,842641
4110862,65,43,8913,2015,0.0,9045.0,-0.212808,0.395873,DOM,CHN,842641
4110863,66,43,8913,2015,0.0,581613.0,-1.54346,-1.255633,DZA,CHN,842641
4110864,67,43,8913,2015,0.0,321800.0,-0.9845959999999999,-1.075639,ECU,CHN,842641
4110865,68,43,8913,2015,0.0,24982.0,-0.183053,1.765036,EGY,CHN,842641
4110866,69,43,8913,2015,0.0,609197.0,-1.7745669999999998,-1.013696,ERI,CHN,842641
4110867,71,43,8913,2015,202208.0,0.0,0.8173590000000001,2.442556,ESP,CHN,842641
4110868,73,43,8913,2015,0.0,951861.0,-1.004896,-0.721019,ETH,CHN,842641
4110869,77,43,8913,2015,527555.0,0.0,1.479792,0.6490239999999999,FRA,CHN,842641
4110870,79,43,8913,2015,0.0,35115.0,-0.39153000000000004,-0.8570479999999999,FSM,CHN,842641
4110871,83,43,8913,2015,0.0,5539.0,-0.750568,-0.690257,GHA,CHN,842641
4110872,85,43,8913,2015,0.0,42725.0,-1.288329,-1.167532,GIN,CHN,842641
4110873,90,43,8913,2015,0.0,1155.0,0.099027,1.012289,GRC,CHN,842641
4110874,93,43,8913,2015,0.0,735445.0,-0.284403,0.525564,GTM,CHN,842641
4110875,97,43,8913,2015,0.0,4746693.0,0.8255290000000001,1.8017279999999998,HKG,CHN,842641
4110876,99,43,8913,2015,0.0,300035.0,-0.578635,-0.292053,HND,CHN,842641
4110877,102,43,8913,2015,0.0,114510.0,1.462839,0.803258,HUN,CHN,842641
4110878,103,43,8913,2015,0.0,20182502.0,-0.145103,1.277362,IDN,CHN,842641
4110879,104,43,8913,2015,0.0,12805644.0,0.24230900000000002,2.8190880000000003,IND,CHN,842641
4110880,107,43,8913,2015,0.0,2796832.0,-0.258946,-0.0073420000000000004,IRN,CHN,842641
4110881,108,43,8913,2015,0.0,959964.0,-1.465803,-0.912113,IRQ,CHN,842641
4110882,109,43,8913,2015,0.0,17192.0,0.24527600000000002,-0.411616,ISL,CHN,842641
4110883,111,43,8913,2015,44081.0,0.0,1.321127,0.747046,ITA,CHN,842641
4110884,114,43,8913,2015,0.0,334010.0,2.516133,-0.484202,JPN,CHN,842641
4110885,115,43,8913,2015,0.0,2594041.0,-0.45091499999999995,-0.652026,KAZ,CHN,842641
4110886,116,43,8913,2015,0.0,2124661.0,-0.453564,0.433325,KEN,CHN,842641
4110887,121,43,8913,2015,0.0,8327840.0,1.900653,0.859406,KOR,CHN,842641
4110888,122,43,8913,2015,0.0,6221346.0,-0.352023,-1.153057,KWT,CHN,842641
4110889,123,43,8913,2015,0.0,5142.0,-0.927524,-0.74525,LAO,CHN,842641
4110890,125,43,8913,2015,0.0,568296.0,-1.087459,-1.195708,LBR,CHN,842641
4110891,128,43,8913,2015,0.0,564709.0,-0.6773399999999999,0.386343,LKA,CHN,842641
4110892,130,43,8913,2015,0.0,59519.0,0.749429,1.3659860000000001,LTU,CHN,842641
4110893,133,43,8913,2015,377313.0,211560.0,0.296288,0.32009499999999996,MAC,CHN,842641
4110894,136,43,8913,2015,0.0,232810.0,-1.15947,-0.497217,MDG,CHN,842641
4110895,138,43,8913,2015,0.0,3145050.0,1.169724,0.61457,MEX,CHN,842641
4110896,142,43,8913,2015,0.0,172435.0,0.880893,-0.117585,MLT,CHN,842641
4110897,143,43,8913,2015,0.0,1530882.0,-1.4596120000000001,-0.903904,MMR,CHN,842641
4110898,144,43,8913,2015,0.0,62546.0,-0.048385000000000004,-0.150759,MNE,CHN,842641
4110899,147,43,8913,2015,0.0,8133.0,-1.293809,-1.115069,MOZ,CHN,842641
4110900,148,43,8913,2015,0.0,49206.0,-1.5597450000000002,-1.3209229999999998,MRT,CHN,842641
4110901,151,43,8913,2015,0.0,268645.0,-0.231762,-0.195051,MUS,CHN,842641
4110902,152,43,8913,2015,0.0,147981.0,-0.549862,-0.8753190000000001,MWI,CHN,842641
4110903,153,43,8913,2015,10285355.0,5055825.0,1.082803,0.811615,MYS,CHN,842641
4110904,155,43,8913,2015,0.0,1673448.0,-0.43457399999999996,-0.665655,NAM,CHN,842641
4110905,159,43,8913,2015,0.0,2276376.0,-1.415451,-1.157829,NGA,CHN,842641
4110906,160,43,8913,2015,0.0,209206.0,-1.102989,-0.952276,NIC,CHN,842641
4110907,162,43,8913,2015,68498.0,281203.0,1.230104,1.27344,NLD,CHN,842641
4110908,164,43,8913,2015,0.0,81466.0,-0.290416,0.456716,NPL,CHN,842641
4110909,167,43,8913,2015,0.0,343278.0,-0.4699,-1.00451,OMN,CHN,842641
4110910,168,43,8913,2015,0.0,1752754.0,-0.7059979999999999,0.73501,PAK,CHN,842641
4110911,173,43,8913,2015,0.0,555915.0,-0.6007819999999999,0.32152800000000004,PER,CHN,842641
4110912,174,43,8913,2015,0.0,13722361.0,0.6406270000000001,0.45770200000000005,PHL,CHN,842641
4110913,176,43,8913,2015,0.0,1792851.0,-1.710939,-1.266333,PNG,CHN,842641
4110914,177,43,8913,2015,27189.0,65444.0,1.145844,1.1449280000000002,POL,CHN,842641
4110915,178,43,8913,2015,0.0,53301.0,-0.404818,-0.075235,PRK,CHN,842641
4110916,180,43,8913,2015,0.0,262958.0,-0.471106,-0.9431139999999999,PRY,CHN,842641
4110917,182,43,8913,2015,0.0,25040.0,-0.301696,-0.795154,PYF,CHN,842641
4110918,183,43,8913,2015,0.0,1717388.0,-0.077053,-0.9922719999999999,QAT,CHN,842641
4110919,186,43,8913,2015,0.0,2793081.0,0.23119,0.035965,RUS,CHN,842641
4110920,188,43,8913,2015,0.0,19822932.0,0.5552520000000001,-0.7263229999999999,SAU,CHN,842641
4110921,190,43,8913,2015,0.0,433390.0,-1.420356,-1.218424,SDN,CHN,842641
4110922,191,43,8913,2015,0.0,101100.0,-0.708349,-0.296663,SEN,CHN,842641
4110923,192,43,8913,2015,0.0,5306296.0,2.05613,0.593065,SGP,CHN,842641
4110924,195,43,8913,2015,0.0,227826.0,-1.167451,-0.931206,SLB,CHN,842641
4110925,206,43,8913,2015,0.0,48262.0,1.287133,0.7900560000000001,SVK,CHN,842641
4110926,216,43,8913,2015,0.0,6731578.0,0.965888,1.368572,THA,CHN,842641
4110927,217,43,8913,2015,0.0,317156.0,-1.134216,-1.174245,TJK,CHN,842641
4110928,220,43,8913,2015,0.0,537782.0,-0.878657,-0.9064450000000001,TLS,CHN,842641
4110929,221,43,8913,2015,0.0,276188.0,-0.212905,-0.670721,TON,CHN,842641
4110930,226,43,8913,2015,0.0,466477.0,-1.02395,-0.017509999999999998,TZA,CHN,842641
4110931,227,43,8913,2015,0.0,760862.0,-0.611023,0.078961,UGA,CHN,842641
4110932,231,43,8913,2015,156732.0,477821.0,1.720478,-0.129322,USA,CHN,842641
4110933,232,43,8913,2015,0.0,643945.0,-0.724966,-0.599292,UZB,CHN,842641
4110934,236,43,8913,2015,0.0,1099304.0,-0.9249129999999999,-1.1877280000000001,VEN,CHN,842641
4110935,239,43,8913,2015,532966.0,7259178.0,-0.17108900000000002,1.10995,VNM,CHN,842641
4110936,240,43,8913,2015,0.0,13833.0,-1.6531169999999997,-1.018974,VUT,CHN,842641
4110937,246,43,8913,2015,0.0,4703603.0,0.24944699999999997,1.7573159999999999,ZAF,CHN,842641
4110938,247,43,8913,2015,0.0,212125.0,-0.44792,-0.769586,ZMB,CHN,842641
4110939,249,43,8913,2015,136680.0,2139025.0,1.962832,1.214982,TWN,CHN,842641
4110940,18,44,8913,2015,85600.0,0.0,1.329866,1.100641,BEL,CIV,842641
4110941,43,44,8913,2015,36737.0,0.0,1.077143,1.735757,CHN,CIV,842641
4110942,71,44,8913,2015,82940.0,0.0,0.8173590000000001,2.442556,ESP,CIV,842641
4110943,77,44,8913,2015,16474.0,0.0,1.479792,0.6490239999999999,FRA,CIV,842641
4110944,83,44,8913,2015,0.0,204801.0,-0.750568,-0.690257,GHA,CIV,842641
4110945,90,44,8913,2015,8558.0,0.0,0.099027,1.012289,GRC,CIV,842641
4110946,104,44,8913,2015,38790.0,0.0,0.24230900000000002,2.8190880000000003,IND,CIV,842641
4110947,111,44,8913,2015,1337747.0,0.0,1.321127,0.747046,ITA,CIV,842641
4110948,134,44,8913,2015,30748.0,0.0,-0.7554810000000001,-0.059697,MAR,CIV,842641
4110949,162,44,8913,2015,43797.0,0.0,1.230104,1.27344,NLD,CIV,842641
4110950,208,44,8913,2015,193944.0,0.0,1.8068349999999997,0.693389,SWE,CIV,842641
4110951,223,44,8913,2015,130609.0,0.0,0.140202,0.967591,TUN,CIV,842641
4110952,231,44,8913,2015,43047.0,0.0,1.720478,-0.129322,USA,CIV,842641
4110953,250,44,8913,2015,99533.0,0.0,0.377283,-0.092204,ANS,CIV,842641
4110954,18,49,8913,2015,188326.0,1139.0,1.329866,1.100641,BEL,COL,842641
4110955,32,49,8913,2015,1266515.0,0.0,0.23656799999999997,0.688607,BRA,COL,842641
4110956,39,49,8913,2015,21054.0,0.0,0.695867,1.171676,CAN,COL,842641
4110957,42,49,8913,2015,131951.0,0.0,-0.356167,-0.47629399999999994,CHL,COL,842641
4110958,43,49,8913,2015,1035533.0,0.0,1.077143,1.735757,CHN,COL,842641
4110959,67,49,8913,2015,0.0,774112.0,-0.9845959999999999,-1.075639,ECU,COL,842641
4110960,71,49,8913,2015,85167.0,0.0,0.8173590000000001,2.442556,ESP,COL,842641
4110961,77,49,8913,2015,1945665.0,0.0,1.479792,0.6490239999999999,FRA,COL,842641
4110962,81,49,8913,2015,95303.0,0.0,1.7422990000000003,0.75838,GBR,COL,842641
4110963,111,49,8913,2015,27308.0,0.0,1.321127,0.747046,ITA,COL,842641
4110964,162,49,8913,2015,4042330.0,0.0,1.230104,1.27344,NLD,COL,842641
4110965,173,49,8913,2015,4141.0,0.0,-0.6007819999999999,0.32152800000000004,PER,COL,842641
4110966,177,49,8913,2015,332757.0,0.0,1.145844,1.1449280000000002,POL,COL,842641
4110967,179,49,8913,2015,83874.0,0.0,0.561922,2.2276380000000002,PRT,COL,842641
4110968,216,49,8913,2015,2836.0,0.0,0.965888,1.368572,THA,COL,842641
4110969,231,49,8913,2015,527814.0,2970423.0,1.720478,-0.129322,USA,COL,842641
4110970,246,49,8913,2015,56167.0,0.0,0.24944699999999997,1.7573159999999999,ZAF,COL,842641
4110971,249,49,8913,2015,4786.0,0.0,1.962832,1.214982,TWN,COL,842641
4110972,7,52,8913,2015,88102.0,0.0,0.21779600000000002,-0.0047420000000000006,ARE,CRI,842641
4110973,39,52,8913,2015,13621.0,0.0,0.695867,1.171676,CAN,CRI,842641
4110974,43,52,8913,2015,1265468.0,0.0,1.077143,1.735757,CHN,CRI,842641
4110975,61,52,8913,2015,348320.0,0.0,2.203818,-2.307561,DEU,CRI,842641
4110976,99,52,8913,2015,0.0,43792.0,-0.578635,-0.292053,HND,CRI,842641
4110977,111,52,8913,2015,558084.0,0.0,1.321127,0.747046,ITA,CRI,842641
4110978,162,52,8913,2015,154259.0,0.0,1.230104,1.27344,NLD,CRI,842641
4110979,231,52,8913,2015,1024243.0,0.0,1.720478,-0.129322,USA,CRI,842641
4110980,162,55,8913,2015,122135.0,0.0,1.230104,1.27344,NLD,CUW,842641
4110981,231,55,8913,2015,350000.0,0.0,1.720478,-0.129322,USA,CUW,842641
4110982,15,59,8913,2015,0.0,23058.0,1.747098,-0.08026699999999999,AUT,CZE,842641
4110983,31,59,8913,2015,0.0,706.0,-1.051562,-1.067714,BOL,CZE,842641
4110984,43,59,8913,2015,2213.0,0.0,1.077143,1.735757,CHN,CZE,842641
4110985,61,59,8913,2015,94255.0,11125.0,2.203818,-2.307561,DEU,CZE,842641
4110986,64,59,8913,2015,0.0,130128.0,1.157924,1.2045629999999998,DNK,CZE,842641
4110987,71,59,8913,2015,164059.0,0.0,0.8173590000000001,2.442556,ESP,CZE,842641
4110988,77,59,8913,2015,439628.0,2158.0,1.479792,0.6490239999999999,FRA,CZE,842641
4110989,81,59,8913,2015,600342.0,0.0,1.7422990000000003,0.75838,GBR,CZE,842641
4110990,102,59,8913,2015,0.0,58940.0,1.462839,0.803258,HUN,CZE,842641
4110991,104,59,8913,2015,0.0,287279.0,0.24230900000000002,2.8190880000000003,IND,CZE,842641
4110992,111,59,8913,2015,798889.0,0.0,1.321127,0.747046,ITA,CZE,842641
4110993,144,59,8913,2015,0.0,1771.0,-0.048385000000000004,-0.150759,MNE,CZE,842641
4110994,162,59,8913,2015,535779.0,346450.0,1.230104,1.27344,NLD,CZE,842641
4110995,177,59,8913,2015,49061.0,13180.0,1.145844,1.1449280000000002,POL,CZE,842641
4110996,185,59,8913,2015,5817.0,70157.0,0.946363,1.056775,ROU,CZE,842641
4110997,206,59,8913,2015,7520.0,902271.0,1.287133,0.7900560000000001,SVK,CZE,842641
4110998,208,59,8913,2015,239113.0,0.0,1.8068349999999997,0.693389,SWE,CZE,842641
4110999,216,59,8913,2015,0.0,1651.0,0.965888,1.368572,THA,CZE,842641
4111000,228,59,8913,2015,0.0,2170.0,0.429879,0.701813,UKR,CZE,842641
4111001,2,61,8913,2015,0.0,44974.0,-1.6542,-1.2598989999999999,AGO,DEU,842641
4111002,7,61,8913,2015,11135739.0,18595588.0,0.21779600000000002,-0.0047420000000000006,ARE,DEU,842641
4111003,8,61,8913,2015,0.0,3884505.0,0.116896,0.30330999999999997,ARG,DEU,842641
4111004,14,61,8913,2015,0.0,4116374.0,-0.292325,-0.043489,AUS,DEU,842641
4111005,15,61,8913,2015,790839.0,185125.0,1.747098,-0.08026699999999999,AUT,DEU,842641
4111006,18,61,8913,2015,3357824.0,28975890.0,1.329866,1.100641,BEL,DEU,842641
4111007,23,61,8913,2015,0.0,1331936.0,0.45640699999999995,1.691455,BGR,DEU,842641
4111008,26,61,8913,2015,0.0,218978.0,0.355903,0.723092,BIH,DEU,842641
4111009,28,61,8913,2015,0.0,1525726.0,0.672499,0.5584020000000001,BLR,DEU,842641
4111010,31,61,8913,2015,0.0,23701.0,-1.051562,-1.067714,BOL,DEU,842641
4111011,32,61,8913,2015,0.0,10446070.0,0.23656799999999997,0.688607,BRA,DEU,842641
4111012,39,61,8913,2015,0.0,4030494.0,0.695867,1.171676,CAN,DEU,842641
4111013,41,61,8913,2015,304014.0,529639.0,2.306075,0.720781,CHE,DEU,842641
4111014,42,61,8913,2015,0.0,15820150.0,-0.356167,-0.47629399999999994,CHL,DEU,842641
4111015,43,61,8913,2015,0.0,3241.0,1.077143,1.735757,CHN,DEU,842641
4111016,45,61,8913,2015,0.0,142207.0,-0.924366,-1.040721,CMR,DEU,842641
4111017,46,61,8913,2015,0.0,610246.0,-1.3921290000000002,-1.146549,COD,DEU,842641
4111018,47,61,8913,2015,0.0,1940790.0,-1.294823,-1.18811,COG,DEU,842641
4111019,52,61,8913,2015,0.0,348320.0,0.24859699999999998,-0.033143,CRI,DEU,842641
4111020,59,61,8913,2015,11125.0,94255.0,1.743012,0.45424,CZE,DEU,842641
4111021,64,61,8913,2015,9509996.0,7060681.0,1.157924,1.2045629999999998,DNK,DEU,842641
4111022,66,61,8913,2015,0.0,4403904.0,-1.54346,-1.255633,DZA,DEU,842641
4111023,67,61,8913,2015,0.0,7283.0,-0.9845959999999999,-1.075639,ECU,DEU,842641
4111024,68,61,8913,2015,0.0,2177.0,-0.183053,1.765036,EGY,DEU,842641
4111025,71,61,8913,2015,3056129.0,25807842.0,0.8173590000000001,2.442556,ESP,DEU,842641
4111026,73,61,8913,2015,0.0,5195394.0,-1.004896,-0.721019,ETH,DEU,842641
4111027,74,61,8913,2015,425245.0,2945445.0,1.597817,0.998059,FIN,DEU,842641
4111028,77,61,8913,2015,295952.0,36157420.0,1.479792,0.6490239999999999,FRA,DEU,842641
4111029,81,61,8913,2015,0.0,7721560.0,1.7422990000000003,0.75838,GBR,DEU,842641
4111030,82,61,8913,2015,0.0,487933.0,-0.343663,-0.588017,GEO,DEU,842641
4111031,90,61,8913,2015,0.0,57276.0,0.099027,1.012289,GRC,DEU,842641
4111032,97,61,8913,2015,0.0,12921879.0,0.8255290000000001,1.8017279999999998,HKG,DEU,842641
4111033,99,61,8913,2015,0.0,301558.0,-0.578635,-0.292053,HND,DEU,842641
4111034,101,61,8913,2015,0.0,3047848.0,-1.288246,-1.018979,HTI,DEU,842641
4111035,102,61,8913,2015,0.0,581760.0,1.462839,0.803258,HUN,DEU,842641
4111036,103,61,8913,2015,0.0,768463.0,-0.145103,1.277362,IDN,DEU,842641
4111037,104,61,8913,2015,0.0,18968748.0,0.24230900000000002,2.8190880000000003,IND,DEU,842641
4111038,106,61,8913,2015,1274222.0,236744.0,1.304942,0.126431,IRL,DEU,842641
4111039,107,61,8913,2015,0.0,363788.0,-0.258946,-0.0073420000000000004,IRN,DEU,842641
4111040,108,61,8913,2015,0.0,256205.0,-1.465803,-0.912113,IRQ,DEU,842641
4111041,109,61,8913,2015,0.0,7094683.0,0.24527600000000002,-0.411616,ISL,DEU,842641
4111042,110,61,8913,2015,0.0,7555978.0,1.260071,0.545545,ISR,DEU,842641
4111043,111,61,8913,2015,9895154.0,16320704.0,1.321127,0.747046,ITA,DEU,842641
4111044,112,61,8913,2015,0.0,3015158.0,-0.438267,-0.828097,JAM,DEU,842641
4111045,113,61,8913,2015,0.0,20979.0,0.121172,0.457301,JOR,DEU,842641
4111046,114,61,8913,2015,1566334.0,12185.0,2.516133,-0.484202,JPN,DEU,842641
4111047,116,61,8913,2015,0.0,738967.0,-0.453564,0.433325,KEN,DEU,842641
4111048,121,61,8913,2015,0.0,6662899.0,1.900653,0.859406,KOR,DEU,842641
4111049,124,61,8913,2015,0.0,107531.0,0.317355,1.330374,LBN,DEU,842641
4111050,130,61,8913,2015,0.0,83077.0,0.749429,1.3659860000000001,LTU,DEU,842641
4111051,131,61,8913,2015,20186.0,287608.0,1.218924,1.247152,LUX,DEU,842641
4111052,132,61,8913,2015,0.0,88930.0,0.602209,1.125357,LVA,DEU,842641
4111053,134,61,8913,2015,0.0,153173.0,-0.7554810000000001,-0.059697,MAR,DEU,842641
4111054,138,61,8913,2015,0.0,6611143.0,1.169724,0.61457,MEX,DEU,842641
4111055,140,61,8913,2015,0.0,131528.0,-0.09009600000000001,-0.147359,MKD,DEU,842641
4111056,141,61,8913,2015,0.0,128167.0,-0.744236,-0.9441860000000001,MLI,DEU,842641
4111057,144,61,8913,2015,0.0,34406.0,-0.048385000000000004,-0.150759,MNE,DEU,842641
4111058,147,61,8913,2015,0.0,7810524.0,-1.293809,-1.115069,MOZ,DEU,842641
4111059,148,61,8913,2015,0.0,5872688.0,-1.5597450000000002,-1.3209229999999998,MRT,DEU,842641
4111060,155,61,8913,2015,0.0,1158253.0,-0.43457399999999996,-0.665655,NAM,DEU,842641
4111061,159,61,8913,2015,0.0,6983072.0,-1.415451,-1.157829,NGA,DEU,842641
4111062,162,61,8913,2015,9781954.0,22885276.0,1.230104,1.27344,NLD,DEU,842641
4111063,163,61,8913,2015,203284.0,3058035.0,0.950708,0.314339,NOR,DEU,842641
4111064,166,61,8913,2015,0.0,13316028.0,0.224598,0.253179,NZL,DEU,842641
4111065,167,61,8913,2015,0.0,790584.0,-0.4699,-1.00451,OMN,DEU,842641
4111066,168,61,8913,2015,0.0,53594.0,-0.7059979999999999,0.73501,PAK,DEU,842641
4111067,174,61,8913,2015,0.0,21467.0,0.6406270000000001,0.45770200000000005,PHL,DEU,842641
4111068,177,61,8913,2015,85129.0,8320668.0,1.145844,1.1449280000000002,POL,DEU,842641
4111069,179,61,8913,2015,0.0,328824.0,0.561922,2.2276380000000002,PRT,DEU,842641
4111070,180,61,8913,2015,0.0,3656.0,-0.471106,-0.9431139999999999,PRY,DEU,842641
4111071,182,61,8913,2015,0.0,2360157.0,-0.301696,-0.795154,PYF,DEU,842641
4111072,183,61,8913,2015,0.0,13906868.0,-0.077053,-0.9922719999999999,QAT,DEU,842641
4111073,185,61,8913,2015,3264.0,191741.0,0.946363,1.056775,ROU,DEU,842641
4111074,186,61,8913,2015,1107.0,22171344.0,0.23119,0.035965,RUS,DEU,842641
4111075,188,61,8913,2015,0.0,5895246.0,0.5552520000000001,-0.7263229999999999,SAU,DEU,842641
4111076,190,61,8913,2015,0.0,1126023.0,-1.420356,-1.218424,SDN,DEU,842641
4111077,191,61,8913,2015,0.0,883077.0,-0.708349,-0.296663,SEN,DEU,842641
4111078,192,61,8913,2015,0.0,4959382.0,2.05613,0.593065,SGP,DEU,842641
4111079,196,61,8913,2015,0.0,3804.0,0.072324,-0.255235,SLE,DEU,842641
4111080,197,61,8913,2015,0.0,54726.0,0.05531900000000001,0.169073,SLV,DEU,842641
4111081,201,61,8913,2015,0.0,3255.0,0.457042,1.324908,SRB,DEU,842641
4111082,206,61,8913,2015,0.0,519081.0,1.287133,0.7900560000000001,SVK,DEU,842641
4111083,207,61,8913,2015,12046144.0,82566.0,1.6089879999999999,0.833616,SVN,DEU,842641
4111084,208,61,8913,2015,1880175.0,9955291.0,1.8068349999999997,0.693389,SWE,DEU,842641
4111085,210,61,8913,2015,0.0,3420620.0,0.945973,-0.7548229999999999,SXM,DEU,842641
4111086,216,61,8913,2015,0.0,5520271.0,0.965888,1.368572,THA,DEU,842641
4111087,223,61,8913,2015,0.0,27378.0,0.140202,0.967591,TUN,DEU,842641
4111088,224,61,8913,2015,0.0,48859.0,0.438669,2.519632,TUR,DEU,842641
4111089,228,61,8913,2015,1283.0,35903.0,0.429879,0.701813,UKR,DEU,842641
4111090,230,61,8913,2015,891082.0,92954.0,0.273876,-0.363695,URY,DEU,842641
4111091,231,61,8913,2015,1492682.0,21434552.0,1.720478,-0.129322,USA,DEU,842641
4111092,239,61,8913,2015,0.0,2234670.0,-0.17108900000000002,1.10995,VNM,DEU,842641
4111093,246,61,8913,2015,0.0,13219228.0,0.24944699999999997,1.7573159999999999,ZAF,DEU,842641
4111094,247,61,8913,2015,0.0,186657.0,-0.44792,-0.769586,ZMB,DEU,842641
4111095,248,61,8913,2015,0.0,104637.0,-0.838017,-0.9400270000000001,ZWE,DEU,842641
4111096,249,61,8913,2015,0.0,864829.0,1.962832,1.214982,TWN,DEU,842641
4111097,250,61,8913,2015,0.0,3063346.0,0.377283,-0.092204,ANS,DEU,842641
4111098,15,64,8913,2015,3558355.0,592309.0,1.747098,-0.08026699999999999,AUT,DNK,842641
4111099,18,64,8913,2015,0.0,223000.0,1.329866,1.100641,BEL,DNK,842641
4111100,39,64,8913,2015,5757.0,0.0,0.695867,1.171676,CAN,DNK,842641
4111101,41,64,8913,2015,0.0,227489.0,2.306075,0.720781,CHE,DNK,842641
4111102,59,64,8913,2015,130128.0,0.0,1.743012,0.45424,CZE,DNK,842641
4111103,61,64,8913,2015,7060681.0,9509996.0,2.203818,-2.307561,DEU,DNK,842641
4111104,68,64,8913,2015,0.0,3127.0,-0.183053,1.765036,EGY,DNK,842641
4111105,71,64,8913,2015,0.0,215817.0,0.8173590000000001,2.442556,ESP,DNK,842641
4111106,72,64,8913,2015,0.0,11139.0,0.9281149999999999,1.1780389999999998,EST,DNK,842641
4111107,74,64,8913,2015,380819.0,0.0,1.597817,0.998059,FIN,DNK,842641
4111108,77,64,8913,2015,0.0,91091.0,1.479792,0.6490239999999999,FRA,DNK,842641
4111109,78,64,8913,2015,0.0,101082.0,-0.700767,-0.9214399999999999,FRO,DNK,842641
4111110,81,64,8913,2015,3041080.0,391148.0,1.7422990000000003,0.75838,GBR,DNK,842641
4111111,83,64,8913,2015,0.0,15219.0,-0.750568,-0.690257,GHA,DNK,842641
4111112,90,64,8913,2015,2804.0,0.0,0.099027,1.012289,GRC,DNK,842641
4111113,92,64,8913,2015,0.0,103192.0,-1.017707,-0.913467,GRL,DNK,842641
4111114,106,64,8913,2015,1575.0,0.0,1.304942,0.126431,IRL,DNK,842641
4111115,109,64,8913,2015,0.0,97604.0,0.24527600000000002,-0.411616,ISL,DNK,842641
4111116,110,64,8913,2015,0.0,178605.0,1.260071,0.545545,ISR,DNK,842641
4111117,111,64,8913,2015,550184.0,0.0,1.321127,0.747046,ITA,DNK,842641
4111118,121,64,8913,2015,0.0,22496.0,1.900653,0.859406,KOR,DNK,842641
4111119,131,64,8913,2015,882.0,0.0,1.218924,1.247152,LUX,DNK,842641
4111120,132,64,8913,2015,0.0,310889.0,0.602209,1.125357,LVA,DNK,842641
4111121,162,64,8913,2015,1992330.0,774091.0,1.230104,1.27344,NLD,DNK,842641
4111122,163,64,8913,2015,21411.0,560934.0,0.950708,0.314339,NOR,DNK,842641
4111123,177,64,8913,2015,151760.0,0.0,1.145844,1.1449280000000002,POL,DNK,842641
4111124,183,64,8913,2015,0.0,87850.0,-0.077053,-0.9922719999999999,QAT,DNK,842641
4111125,206,64,8913,2015,1542.0,3627.0,1.287133,0.7900560000000001,SVK,DNK,842641
4111126,208,64,8913,2015,4924227.0,258762.0,1.8068349999999997,0.693389,SWE,DNK,842641
4111127,228,64,8913,2015,0.0,5015.0,0.429879,0.701813,UKR,DNK,842641
4111128,239,64,8913,2015,0.0,82666.0,-0.17108900000000002,1.10995,VNM,DNK,842641
4111129,32,65,8913,2015,193935.0,0.0,0.23656799999999997,0.688607,BRA,DOM,842641
4111130,42,65,8913,2015,659182.0,0.0,-0.356167,-0.47629399999999994,CHL,DOM,842641
4111131,43,65,8913,2015,9045.0,0.0,1.077143,1.735757,CHN,DOM,842641
4111132,71,65,8913,2015,10505.0,0.0,0.8173590000000001,2.442556,ESP,DOM,842641
4111133,111,65,8913,2015,1243.0,0.0,1.321127,0.747046,ITA,DOM,842641
4111134,114,65,8913,2015,2315.0,0.0,2.516133,-0.484202,JPN,DOM,842641
4111135,231,65,8913,2015,1296224.0,0.0,1.720478,-0.129322,USA,DOM,842641
4111136,18,67,8913,2015,362804.0,0.0,1.329866,1.100641,BEL,ECU,842641
4111137,43,67,8913,2015,321800.0,0.0,1.077143,1.735757,CHN,ECU,842641
4111138,49,67,8913,2015,774112.0,0.0,0.156383,-0.183055,COL,ECU,842641
4111139,61,67,8913,2015,7283.0,0.0,2.203818,-2.307561,DEU,ECU,842641
4111140,71,67,8913,2015,27756.0,0.0,0.8173590000000001,2.442556,ESP,ECU,842641
4111141,77,67,8913,2015,234453.0,0.0,1.479792,0.6490239999999999,FRA,ECU,842641
4111142,111,67,8913,2015,204678.0,0.0,1.321127,0.747046,ITA,ECU,842641
4111143,121,67,8913,2015,901.0,0.0,1.900653,0.859406,KOR,ECU,842641
4111144,208,67,8913,2015,714604.0,0.0,1.8068349999999997,0.693389,SWE,ECU,842641
4111145,231,67,8913,2015,668604.0,0.0,1.720478,-0.129322,USA,ECU,842641
4111146,2,71,8913,2015,0.0,44907.0,-1.6542,-1.2598989999999999,AGO,ESP,842641
4111147,7,71,8913,2015,0.0,350993.0,0.21779600000000002,-0.0047420000000000006,ARE,ESP,842641
4111148,14,71,8913,2015,0.0,247234.0,-0.292325,-0.043489,AUS,ESP,842641
4111149,15,71,8913,2015,4536009.0,0.0,1.747098,-0.08026699999999999,AUT,ESP,842641
4111150,18,71,8913,2015,1889524.0,126200.0,1.329866,1.100641,BEL,ESP,842641
4111151,21,71,8913,2015,0.0,5242.0,-1.085359,-1.034365,BFA,ESP,842641
4111152,23,71,8913,2015,0.0,90199.0,0.45640699999999995,1.691455,BGR,ESP,842641
4111153,31,71,8913,2015,0.0,1237.0,-1.051562,-1.067714,BOL,ESP,842641
4111154,41,71,8913,2015,0.0,200909.0,2.306075,0.720781,CHE,ESP,842641
4111155,42,71,8913,2015,19176.0,143561.0,-0.356167,-0.47629399999999994,CHL,ESP,842641
4111156,43,71,8913,2015,0.0,202208.0,1.077143,1.735757,CHN,ESP,842641
4111157,44,71,8913,2015,0.0,82940.0,-0.856142,-0.905292,CIV,ESP,842641
4111158,45,71,8913,2015,0.0,20414.0,-0.924366,-1.040721,CMR,ESP,842641
4111159,46,71,8913,2015,0.0,23467.0,-1.3921290000000002,-1.146549,COD,ESP,842641
4111160,47,71,8913,2015,0.0,25398.0,-1.294823,-1.18811,COG,ESP,842641
4111161,49,71,8913,2015,0.0,85167.0,0.156383,-0.183055,COL,ESP,842641
4111162,51,71,8913,2015,0.0,21661.0,-0.263621,-0.772158,CPV,ESP,842641
4111163,54,71,8913,2015,0.0,991893.0,-0.694839,-1.093439,CUB,ESP,842641
4111164,59,71,8913,2015,0.0,164059.0,1.743012,0.45424,CZE,ESP,842641
4111165,61,71,8913,2015,25807842.0,3056129.0,2.203818,-2.307561,DEU,ESP,842641
4111166,64,71,8913,2015,215817.0,0.0,1.157924,1.2045629999999998,DNK,ESP,842641
4111167,65,71,8913,2015,0.0,10505.0,-0.212808,0.395873,DOM,ESP,842641
4111168,66,71,8913,2015,0.0,190789.0,-1.54346,-1.255633,DZA,ESP,842641
4111169,67,71,8913,2015,0.0,27756.0,-0.9845959999999999,-1.075639,ECU,ESP,842641
4111170,68,71,8913,2015,0.0,26641.0,-0.183053,1.765036,EGY,ESP,842641
4111171,72,71,8913,2015,10271.0,0.0,0.9281149999999999,1.1780389999999998,EST,ESP,842641
4111172,74,71,8913,2015,0.0,86699.0,1.597817,0.998059,FIN,ESP,842641
4111173,77,71,8913,2015,1990986.0,2179675.0,1.479792,0.6490239999999999,FRA,ESP,842641
4111174,81,71,8913,2015,141298.0,1092672.0,1.7422990000000003,0.75838,GBR,ESP,842641
4111175,83,71,8913,2015,0.0,141592.0,-0.750568,-0.690257,GHA,ESP,842641
4111176,93,71,8913,2015,0.0,636005.0,-0.284403,0.525564,GTM,ESP,842641
4111177,97,71,8913,2015,0.0,827806.0,0.8255290000000001,1.8017279999999998,HKG,ESP,842641
4111178,104,71,8913,2015,0.0,3169403.0,0.24230900000000002,2.8190880000000003,IND,ESP,842641
4111179,106,71,8913,2015,81561.0,3100398.0,1.304942,0.126431,IRL,ESP,842641
4111180,107,71,8913,2015,0.0,1140.0,-0.258946,-0.0073420000000000004,IRN,ESP,842641
4111181,109,71,8913,2015,0.0,26886.0,0.24527600000000002,-0.411616,ISL,ESP,842641
4111182,111,71,8913,2015,1239693.0,384979.0,1.321127,0.747046,ITA,ESP,842641
4111183,115,71,8913,2015,0.0,118542.0,-0.45091499999999995,-0.652026,KAZ,ESP,842641
4111184,116,71,8913,2015,0.0,25031.0,-0.453564,0.433325,KEN,ESP,842641
4111185,130,71,8913,2015,0.0,39671.0,0.749429,1.3659860000000001,LTU,ESP,842641
4111186,131,71,8913,2015,0.0,369481.0,1.218924,1.247152,LUX,ESP,842641
4111187,132,71,8913,2015,0.0,60710.0,0.602209,1.125357,LVA,ESP,842641
4111188,134,71,8913,2015,0.0,17137.0,-0.7554810000000001,-0.059697,MAR,ESP,842641
4111189,138,71,8913,2015,0.0,314813.0,1.169724,0.61457,MEX,ESP,842641
4111190,148,71,8913,2015,0.0,81212.0,-1.5597450000000002,-1.3209229999999998,MRT,ESP,842641
4111191,159,71,8913,2015,0.0,34342.0,-1.415451,-1.157829,NGA,ESP,842641
4111192,162,71,8913,2015,833078.0,409924.0,1.230104,1.27344,NLD,ESP,842641
4111193,163,71,8913,2015,0.0,76238.0,0.950708,0.314339,NOR,ESP,842641
4111194,168,71,8913,2015,0.0,177580.0,-0.7059979999999999,0.73501,PAK,ESP,842641
4111195,169,71,8913,2015,0.0,12373.0,0.642058,0.833392,PAN,ESP,842641
4111196,173,71,8913,2015,0.0,19416.0,-0.6007819999999999,0.32152800000000004,PER,ESP,842641
4111197,174,71,8913,2015,0.0,70219.0,0.6406270000000001,0.45770200000000005,PHL,ESP,842641
4111198,177,71,8913,2015,0.0,345596.0,1.145844,1.1449280000000002,POL,ESP,842641
4111199,179,71,8913,2015,2833644.0,2126528.0,0.561922,2.2276380000000002,PRT,ESP,842641
4111200,180,71,8913,2015,0.0,43709.0,-0.471106,-0.9431139999999999,PRY,ESP,842641
4111201,185,71,8913,2015,1475553.0,50908.0,0.946363,1.056775,ROU,ESP,842641
4111202,191,71,8913,2015,0.0,434842.0,-0.708349,-0.296663,SEN,ESP,842641
4111203,206,71,8913,2015,0.0,113240.0,1.287133,0.7900560000000001,SVK,ESP,842641
4111204,208,71,8913,2015,1418272.0,144234.0,1.8068349999999997,0.693389,SWE,ESP,842641
4111205,224,71,8913,2015,0.0,211426.0,0.438669,2.519632,TUR,ESP,842641
4111206,226,71,8913,2015,0.0,29523.0,-1.02395,-0.017509999999999998,TZA,ESP,842641
4111207,230,71,8913,2015,0.0,28977.0,0.273876,-0.363695,URY,ESP,842641
4111208,231,71,8913,2015,0.0,106928.0,1.720478,-0.129322,USA,ESP,842641
4111209,246,71,8913,2015,0.0,337660.0,0.24944699999999997,1.7573159999999999,ZAF,ESP,842641
4111210,64,72,8913,2015,11139.0,0.0,1.157924,1.2045629999999998,DNK,EST,842641
4111211,71,72,8913,2015,0.0,10271.0,0.8173590000000001,2.442556,ESP,EST,842641
4111212,74,72,8913,2015,8539.0,169114.0,1.597817,0.998059,FIN,EST,842641
4111213,111,72,8913,2015,126926.0,0.0,1.321127,0.747046,ITA,EST,842641
4111214,130,72,8913,2015,42176.0,0.0,0.749429,1.3659860000000001,LTU,EST,842641
4111215,132,72,8913,2015,213048.0,47441.0,0.602209,1.125357,LVA,EST,842641
4111216,162,72,8913,2015,0.0,21654.0,1.230104,1.27344,NLD,EST,842641
4111217,2,77,8913,2015,0.0,1637394.0,-1.6542,-1.2598989999999999,AGO,FRA,842641
4111218,7,77,8913,2015,0.0,194072.0,0.21779600000000002,-0.0047420000000000006,ARE,FRA,842641
4111219,10,77,8913,2015,0.0,338365.0,0.9878959999999999,-0.0613,ASM,FRA,842641
4111220,15,77,8913,2015,6219752.0,622100.0,1.747098,-0.08026699999999999,AUT,FRA,842641
4111221,18,77,8913,2015,709209.0,6766865.0,1.329866,1.100641,BEL,FRA,842641
4111222,19,77,8913,2015,0.0,1020.0,-0.5641470000000001,-0.8971020000000001,BEN,FRA,842641
4111223,21,77,8913,2015,0.0,143368.0,-1.085359,-1.034365,BFA,FRA,842641
4111224,23,77,8913,2015,0.0,85251.0,0.45640699999999995,1.691455,BGR,FRA,842641
4111225,26,77,8913,2015,0.0,14615.0,0.355903,0.723092,BIH,FRA,842641
4111226,28,77,8913,2015,0.0,8844.0,0.672499,0.5584020000000001,BLR,FRA,842641
4111227,31,77,8913,2015,0.0,140181.0,-1.051562,-1.067714,BOL,FRA,842641
4111228,32,77,8913,2015,693197.0,4811666.0,0.23656799999999997,0.688607,BRA,FRA,842641
4111229,39,77,8913,2015,0.0,300995.0,0.695867,1.171676,CAN,FRA,842641
4111230,41,77,8913,2015,66726.0,203108.0,2.306075,0.720781,CHE,FRA,842641
4111231,42,77,8913,2015,0.0,656778.0,-0.356167,-0.47629399999999994,CHL,FRA,842641
4111232,43,77,8913,2015,0.0,527555.0,1.077143,1.735757,CHN,FRA,842641
4111233,44,77,8913,2015,0.0,16474.0,-0.856142,-0.905292,CIV,FRA,842641
4111234,45,77,8913,2015,85553.0,92622.0,-0.924366,-1.040721,CMR,FRA,842641
4111235,46,77,8913,2015,0.0,124756.0,-1.3921290000000002,-1.146549,COD,FRA,842641
4111236,47,77,8913,2015,0.0,356477.0,-1.294823,-1.18811,COG,FRA,842641
4111237,49,77,8913,2015,0.0,1945665.0,0.156383,-0.183055,COL,FRA,842641
4111238,59,77,8913,2015,2158.0,439628.0,1.743012,0.45424,CZE,FRA,842641
4111239,61,77,8913,2015,36157420.0,295952.0,2.203818,-2.307561,DEU,FRA,842641
4111240,64,77,8913,2015,91091.0,0.0,1.157924,1.2045629999999998,DNK,FRA,842641
4111241,66,77,8913,2015,0.0,2120264.0,-1.54346,-1.255633,DZA,FRA,842641
4111242,67,77,8913,2015,0.0,234453.0,-0.9845959999999999,-1.075639,ECU,FRA,842641
4111243,68,77,8913,2015,0.0,5996.0,-0.183053,1.765036,EGY,FRA,842641
4111244,71,77,8913,2015,2179675.0,1990986.0,0.8173590000000001,2.442556,ESP,FRA,842641
4111245,74,77,8913,2015,0.0,69160.0,1.597817,0.998059,FIN,FRA,842641
4111246,81,77,8913,2015,473482.0,343020.0,1.7422990000000003,0.75838,GBR,FRA,842641
4111247,85,77,8913,2015,0.0,378618.0,-1.288329,-1.167532,GIN,FRA,842641
4111248,100,77,8913,2015,0.0,155569.0,0.7590140000000001,1.257415,HRV,FRA,842641
4111249,103,77,8913,2015,0.0,348544.0,-0.145103,1.277362,IDN,FRA,842641
4111250,104,77,8913,2015,0.0,298765.0,0.24230900000000002,2.8190880000000003,IND,FRA,842641
4111251,106,77,8913,2015,0.0,213609.0,1.304942,0.126431,IRL,FRA,842641
4111252,109,77,8913,2015,0.0,647826.0,0.24527600000000002,-0.411616,ISL,FRA,842641
4111253,110,77,8913,2015,0.0,333497.0,1.260071,0.545545,ISR,FRA,842641
4111254,111,77,8913,2015,9632989.0,956951.0,1.321127,0.747046,ITA,FRA,842641
4111255,113,77,8913,2015,0.0,12854.0,0.121172,0.457301,JOR,FRA,842641
4111256,114,77,8913,2015,6281.0,0.0,2.516133,-0.484202,JPN,FRA,842641
4111257,116,77,8913,2015,0.0,750754.0,-0.453564,0.433325,KEN,FRA,842641
4111258,122,77,8913,2015,0.0,644236.0,-0.352023,-1.153057,KWT,FRA,842641
4111259,124,77,8913,2015,0.0,93494.0,0.317355,1.330374,LBN,FRA,842641
4111260,131,77,8913,2015,0.0,221447.0,1.218924,1.247152,LUX,FRA,842641
4111261,132,77,8913,2015,0.0,5885938.0,0.602209,1.125357,LVA,FRA,842641
4111262,134,77,8913,2015,0.0,398663.0,-0.7554810000000001,-0.059697,MAR,FRA,842641
4111263,135,77,8913,2015,0.0,8010.0,-0.313837,-0.20393,MDA,FRA,842641
4111264,136,77,8913,2015,0.0,134352.0,-1.15947,-0.497217,MDG,FRA,842641
4111265,138,77,8913,2015,0.0,336423.0,1.169724,0.61457,MEX,FRA,842641
4111266,140,77,8913,2015,0.0,8740.0,-0.09009600000000001,-0.147359,MKD,FRA,842641
4111267,141,77,8913,2015,0.0,399768.0,-0.744236,-0.9441860000000001,MLI,FRA,842641
4111268,148,77,8913,2015,0.0,992361.0,-1.5597450000000002,-1.3209229999999998,MRT,FRA,842641
4111269,155,77,8913,2015,0.0,525903.0,-0.43457399999999996,-0.665655,NAM,FRA,842641
4111270,156,77,8913,2015,0.0,563040.0,-0.727911,-0.844562,NCL,FRA,842641
4111271,162,77,8913,2015,1283623.0,330962.0,1.230104,1.27344,NLD,FRA,842641
4111272,173,77,8913,2015,0.0,1566222.0,-0.6007819999999999,0.32152800000000004,PER,FRA,842641
4111273,177,77,8913,2015,1881596.0,910532.0,1.145844,1.1449280000000002,POL,FRA,842641
4111274,179,77,8913,2015,0.0,1323402.0,0.561922,2.2276380000000002,PRT,FRA,842641
4111275,183,77,8913,2015,0.0,309502.0,-0.077053,-0.9922719999999999,QAT,FRA,842641
4111276,185,77,8913,2015,0.0,58761.0,0.946363,1.056775,ROU,FRA,842641
4111277,188,77,8913,2015,0.0,1005895.0,0.5552520000000001,-0.7263229999999999,SAU,FRA,842641
4111278,191,77,8913,2015,0.0,2287855.0,-0.708349,-0.296663,SEN,FRA,842641
4111279,192,77,8913,2015,0.0,58622.0,2.05613,0.593065,SGP,FRA,842641
4111280,196,77,8913,2015,0.0,196655.0,0.072324,-0.255235,SLE,FRA,842641
4111281,201,77,8913,2015,0.0,339929.0,0.457042,1.324908,SRB,FRA,842641
4111282,215,77,8913,2015,0.0,54767.0,-0.66925,-0.873554,TGO,FRA,842641
4111283,223,77,8913,2015,0.0,24333.0,0.140202,0.967591,TUN,FRA,842641
4111284,224,77,8913,2015,0.0,70199.0,0.438669,2.519632,TUR,FRA,842641
4111285,230,77,8913,2015,0.0,722014.0,0.273876,-0.363695,URY,FRA,842641
4111286,231,77,8913,2015,436592.0,2236731.0,1.720478,-0.129322,USA,FRA,842641
4111287,239,77,8913,2015,0.0,92203.0,-0.17108900000000002,1.10995,VNM,FRA,842641
4111288,246,77,8913,2015,0.0,105867.0,0.24944699999999997,1.7573159999999999,ZAF,FRA,842641
4111289,247,77,8913,2015,94604.0,0.0,-0.44792,-0.769586,ZMB,FRA,842641
4111290,249,77,8913,2015,0.0,366945.0,1.962832,1.214982,TWN,FRA,842641
4111291,250,77,8913,2015,9195.0,0.0,0.377283,-0.092204,ANS,FRA,842641
4111292,1,81,8913,2015,0.0,45694.0,-1.249655,-0.9094459999999999,AFG,GBR,842641
4111293,7,81,8913,2015,0.0,255227.0,0.21779600000000002,-0.0047420000000000006,ARE,GBR,842641
4111294,14,81,8913,2015,2187074.0,0.0,-0.292325,-0.043489,AUS,GBR,842641
4111295,15,81,8913,2015,2343350.0,0.0,1.747098,-0.08026699999999999,AUT,GBR,842641
4111296,16,81,8913,2015,0.0,2720.0,-0.983347,-1.231542,AZE,GBR,842641
4111297,18,81,8913,2015,56889.0,1065280.0,1.329866,1.100641,BEL,GBR,842641
4111298,22,81,8913,2015,0.0,97388.0,-1.088465,-0.8745360000000001,BGD,GBR,842641
4111299,39,81,8913,2015,0.0,1115902.0,0.695867,1.171676,CAN,GBR,842641
4111300,41,81,8913,2015,0.0,31810.0,2.306075,0.720781,CHE,GBR,842641
4111301,42,81,8913,2015,0.0,3270652.0,-0.356167,-0.47629399999999994,CHL,GBR,842641
4111302,45,81,8913,2015,0.0,24952.0,-0.924366,-1.040721,CMR,GBR,842641
4111303,49,81,8913,2015,0.0,95303.0,0.156383,-0.183055,COL,GBR,842641
4111304,59,81,8913,2015,0.0,600342.0,1.743012,0.45424,CZE,GBR,842641
4111305,61,81,8913,2015,7721560.0,0.0,2.203818,-2.307561,DEU,GBR,842641
4111306,64,81,8913,2015,391148.0,3041080.0,1.157924,1.2045629999999998,DNK,GBR,842641
4111307,68,81,8913,2015,0.0,961581.0,-0.183053,1.765036,EGY,GBR,842641
4111308,71,81,8913,2015,1092672.0,141298.0,0.8173590000000001,2.442556,ESP,GBR,842641
4111309,74,81,8913,2015,40268.0,0.0,1.597817,0.998059,FIN,GBR,842641
4111310,76,81,8913,2015,0.0,48581.0,0.268838,-0.829983,FLK,GBR,842641
4111311,77,81,8913,2015,343020.0,473482.0,1.479792,0.6490239999999999,FRA,GBR,842641
4111312,82,81,8913,2015,0.0,40387.0,-0.343663,-0.588017,GEO,GBR,842641
4111313,83,81,8913,2015,0.0,413941.0,-0.750568,-0.690257,GHA,GBR,842641
4111314,97,81,8913,2015,0.0,521174.0,0.8255290000000001,1.8017279999999998,HKG,GBR,842641
4111315,100,81,8913,2015,0.0,26542.0,0.7590140000000001,1.257415,HRV,GBR,842641
4111316,102,81,8913,2015,0.0,92598.0,1.462839,0.803258,HUN,GBR,842641
4111317,104,81,8913,2015,0.0,554602.0,0.24230900000000002,2.8190880000000003,IND,GBR,842641
4111318,106,81,8913,2015,2407767.0,3543224.0,1.304942,0.126431,IRL,GBR,842641
4111319,108,81,8913,2015,0.0,17197.0,-1.465803,-0.912113,IRQ,GBR,842641
4111320,109,81,8913,2015,0.0,181880.0,0.24527600000000002,-0.411616,ISL,GBR,842641
4111321,111,81,8913,2015,8583112.0,92505.0,1.321127,0.747046,ITA,GBR,842641
4111322,113,81,8913,2015,0.0,43694.0,0.121172,0.457301,JOR,GBR,842641
4111323,114,81,8913,2015,184172.0,675029.0,2.516133,-0.484202,JPN,GBR,842641
4111324,115,81,8913,2015,0.0,946.0,-0.45091499999999995,-0.652026,KAZ,GBR,842641
4111325,116,81,8913,2015,0.0,355743.0,-0.453564,0.433325,KEN,GBR,842641
4111326,121,81,8913,2015,0.0,365149.0,1.900653,0.859406,KOR,GBR,842641
4111327,134,81,8913,2015,0.0,22050.0,-0.7554810000000001,-0.059697,MAR,GBR,842641
4111328,140,81,8913,2015,0.0,10637.0,-0.09009600000000001,-0.147359,MKD,GBR,842641
4111329,143,81,8913,2015,0.0,43607.0,-1.4596120000000001,-0.903904,MMR,GBR,842641
4111330,155,81,8913,2015,0.0,30373.0,-0.43457399999999996,-0.665655,NAM,GBR,842641
4111331,159,81,8913,2015,0.0,28042.0,-1.415451,-1.157829,NGA,GBR,842641
4111332,162,81,8913,2015,917428.0,2575243.0,1.230104,1.27344,NLD,GBR,842641
4111333,163,81,8913,2015,251603.0,2983.0,0.950708,0.314339,NOR,GBR,842641
4111334,167,81,8913,2015,0.0,46979.0,-0.4699,-1.00451,OMN,GBR,842641
4111335,168,81,8913,2015,0.0,3460.0,-0.7059979999999999,0.73501,PAK,GBR,842641
4111336,173,81,8913,2015,0.0,19410.0,-0.6007819999999999,0.32152800000000004,PER,GBR,842641
4111337,174,81,8913,2015,0.0,139858.0,0.6406270000000001,0.45770200000000005,PHL,GBR,842641
4111338,177,81,8913,2015,9696130.0,367741.0,1.145844,1.1449280000000002,POL,GBR,842641
4111339,179,81,8913,2015,0.0,3271.0,0.561922,2.2276380000000002,PRT,GBR,842641
4111340,183,81,8913,2015,0.0,678603.0,-0.077053,-0.9922719999999999,QAT,GBR,842641
4111341,185,81,8913,2015,0.0,171015.0,0.946363,1.056775,ROU,GBR,842641
4111342,188,81,8913,2015,0.0,92763.0,0.5552520000000001,-0.7263229999999999,SAU,GBR,842641
4111343,192,81,8913,2015,0.0,32600.0,2.05613,0.593065,SGP,GBR,842641
4111344,201,81,8913,2015,0.0,166530.0,0.457042,1.324908,SRB,GBR,842641
4111345,208,81,8913,2015,0.0,1702116.0,1.8068349999999997,0.693389,SWE,GBR,842641
4111346,216,81,8913,2015,0.0,65508.0,0.965888,1.368572,THA,GBR,842641
4111347,223,81,8913,2015,0.0,2265160.0,0.140202,0.967591,TUN,GBR,842641
4111348,228,81,8913,2015,0.0,3478.0,0.429879,0.701813,UKR,GBR,842641
4111349,231,81,8913,2015,183055.0,405197.0,1.720478,-0.129322,USA,GBR,842641
4111350,239,81,8913,2015,0.0,4121.0,-0.17108900000000002,1.10995,VNM,GBR,842641
4111351,247,81,8913,2015,0.0,33945.0,-0.44792,-0.769586,ZMB,GBR,842641
4111352,248,81,8913,2015,0.0,10650.0,-0.838017,-0.9400270000000001,ZWE,GBR,842641
4111353,249,81,8913,2015,0.0,1514566.0,1.962832,1.214982,TWN,GBR,842641
4111354,29,93,8913,2015,0.0,20608.0,-0.24283600000000002,-0.577408,BLZ,GTM,842641
4111355,39,93,8913,2015,52636.0,0.0,0.695867,1.171676,CAN,GTM,842641
4111356,43,93,8913,2015,735445.0,0.0,1.077143,1.735757,CHN,GTM,842641
4111357,71,93,8913,2015,636005.0,0.0,0.8173590000000001,2.442556,ESP,GTM,842641
4111358,231,93,8913,2015,1128198.0,0.0,1.720478,-0.129322,USA,GTM,842641
4111359,7,97,8913,2015,0.0,300620.0,0.21779600000000002,-0.0047420000000000006,ARE,HKG,842641
4111360,14,97,8913,2015,36921.0,0.0,-0.292325,-0.043489,AUS,HKG,842641
4111361,18,97,8913,2015,225710.0,0.0,1.329866,1.100641,BEL,HKG,842641
4111362,22,97,8913,2015,0.0,5730.0,-1.088465,-0.8745360000000001,BGD,HKG,842641
4111363,43,97,8913,2015,4746693.0,0.0,1.077143,1.735757,CHN,HKG,842641
4111364,61,97,8913,2015,12921879.0,0.0,2.203818,-2.307561,DEU,HKG,842641
4111365,71,97,8913,2015,827806.0,0.0,0.8173590000000001,2.442556,ESP,HKG,842641
4111366,81,97,8913,2015,521174.0,0.0,1.7422990000000003,0.75838,GBR,HKG,842641
4111367,103,97,8913,2015,0.0,36683.0,-0.145103,1.277362,IDN,HKG,842641
4111368,111,97,8913,2015,224701.0,0.0,1.321127,0.747046,ITA,HKG,842641
4111369,114,97,8913,2015,2520160.0,0.0,2.516133,-0.484202,JPN,HKG,842641
4111370,121,97,8913,2015,560970.0,229096.0,1.900653,0.859406,KOR,HKG,842641
4111371,122,97,8913,2015,0.0,564068.0,-0.352023,-1.153057,KWT,HKG,842641
4111372,133,97,8913,2015,1820801.0,1642021.0,0.296288,0.32009499999999996,MAC,HKG,842641
4111373,153,97,8913,2015,0.0,314428.0,1.082803,0.811615,MYS,HKG,842641
4111374,162,97,8913,2015,508751.0,0.0,1.230104,1.27344,NLD,HKG,842641
4111375,174,97,8913,2015,0.0,205038.0,0.6406270000000001,0.45770200000000005,PHL,HKG,842641
4111376,192,97,8913,2015,985982.0,0.0,2.05613,0.593065,SGP,HKG,842641
4111377,224,97,8913,2015,0.0,460112.0,0.438669,2.519632,TUR,HKG,842641
4111378,239,97,8913,2015,0.0,366152.0,-0.17108900000000002,1.10995,VNM,HKG,842641
4111379,249,97,8913,2015,23936.0,814725.0,1.962832,1.214982,TWN,HKG,842641
4111380,39,99,8913,2015,54792.0,0.0,0.695867,1.171676,CAN,HND,842641
4111381,42,99,8913,2015,0.0,29220.0,-0.356167,-0.47629399999999994,CHL,HND,842641
4111382,43,99,8913,2015,300035.0,0.0,1.077143,1.735757,CHN,HND,842641
4111383,52,99,8913,2015,43792.0,0.0,0.24859699999999998,-0.033143,CRI,HND,842641
4111384,61,99,8913,2015,301558.0,0.0,2.203818,-2.307561,DEU,HND,842641
4111385,114,99,8913,2015,0.0,2208.0,2.516133,-0.484202,JPN,HND,842641
4111386,231,99,8913,2015,1086006.0,23944.0,1.720478,-0.129322,USA,HND,842641
4111387,15,102,8913,2015,1176729.0,460693.0,1.747098,-0.08026699999999999,AUT,HUN,842641
4111388,18,102,8913,2015,66506.0,0.0,1.329866,1.100641,BEL,HUN,842641
4111389,26,102,8913,2015,5068.0,0.0,0.355903,0.723092,BIH,HUN,842641
4111390,43,102,8913,2015,114510.0,0.0,1.077143,1.735757,CHN,HUN,842641
4111391,58,102,8913,2015,125805.0,0.0,0.511225,-0.207261,CYP,HUN,842641
4111392,59,102,8913,2015,58940.0,0.0,1.743012,0.45424,CZE,HUN,842641
4111393,61,102,8913,2015,581760.0,0.0,2.203818,-2.307561,DEU,HUN,842641
4111394,74,102,8913,2015,32845.0,0.0,1.597817,0.998059,FIN,HUN,842641
4111395,81,102,8913,2015,92598.0,0.0,1.7422990000000003,0.75838,GBR,HUN,842641
4111396,111,102,8913,2015,35152.0,281220.0,1.321127,0.747046,ITA,HUN,842641
4111397,162,102,8913,2015,1639854.0,92473.0,1.230104,1.27344,NLD,HUN,842641
4111398,177,102,8913,2015,66572.0,0.0,1.145844,1.1449280000000002,POL,HUN,842641
4111399,185,102,8913,2015,15110.0,0.0,0.946363,1.056775,ROU,HUN,842641
4111400,201,102,8913,2015,0.0,17482.0,0.457042,1.324908,SRB,HUN,842641
4111401,206,102,8913,2015,0.0,20814.0,1.287133,0.7900560000000001,SVK,HUN,842641
4111402,231,102,8913,2015,6025.0,0.0,1.720478,-0.129322,USA,HUN,842641
4111403,14,103,8913,2015,984291.0,0.0,-0.292325,-0.043489,AUS,IDN,842641
4111404,43,103,8913,2015,20182502.0,0.0,1.077143,1.735757,CHN,IDN,842641
4111405,61,103,8913,2015,768463.0,0.0,2.203818,-2.307561,DEU,IDN,842641
4111406,77,103,8913,2015,348544.0,0.0,1.479792,0.6490239999999999,FRA,IDN,842641
4111407,97,103,8913,2015,36683.0,0.0,0.8255290000000001,1.8017279999999998,HKG,IDN,842641
4111408,111,103,8913,2015,212589.0,0.0,1.321127,0.747046,ITA,IDN,842641
4111409,114,103,8913,2015,23024114.0,0.0,2.516133,-0.484202,JPN,IDN,842641
4111410,121,103,8913,2015,12155.0,0.0,1.900653,0.859406,KOR,IDN,842641
4111411,162,103,8913,2015,119268.0,0.0,1.230104,1.27344,NLD,IDN,842641
4111412,188,103,8913,2015,0.0,87775.0,0.5552520000000001,-0.7263229999999999,SAU,IDN,842641
4111413,192,103,8913,2015,3106584.0,1141273.0,2.05613,0.593065,SGP,IDN,842641
4111414,216,103,8913,2015,0.0,131910.0,0.965888,1.368572,THA,IDN,842641
4111415,231,103,8913,2015,3030674.0,0.0,1.720478,-0.129322,USA,IDN,842641
4111416,249,103,8913,2015,6490.0,0.0,1.962832,1.214982,TWN,IDN,842641
4111417,2,104,8913,2015,0.0,31585.0,-1.6542,-1.2598989999999999,AGO,IND,842641
4111418,7,104,8913,2015,1380004.0,74146.0,0.21779600000000002,-0.0047420000000000006,ARE,IND,842641
4111419,14,104,8913,2015,133001.0,0.0,-0.292325,-0.043489,AUS,IND,842641
4111420,18,104,8913,2015,8678364.0,0.0,1.329866,1.100641,BEL,IND,842641
4111421,22,104,8913,2015,0.0,150952.0,-1.088465,-0.8745360000000001,BGD,IND,842641
4111422,24,104,8913,2015,115364.0,0.0,0.36650900000000003,-0.28735,BHR,IND,842641
4111423,37,104,8913,2015,0.0,21101.0,-0.14164200000000002,-1.0372059999999999,BWA,IND,842641
4111424,39,104,8913,2015,23167.0,0.0,0.695867,1.171676,CAN,IND,842641
4111425,43,104,8913,2015,12805644.0,0.0,1.077143,1.735757,CHN,IND,842641
4111426,44,104,8913,2015,0.0,38790.0,-0.856142,-0.905292,CIV,IND,842641
4111427,46,104,8913,2015,0.0,137201.0,-1.3921290000000002,-1.146549,COD,IND,842641
4111428,47,104,8913,2015,0.0,25341.0,-1.294823,-1.18811,COG,IND,842641
4111429,59,104,8913,2015,287279.0,0.0,1.743012,0.45424,CZE,IND,842641
4111430,61,104,8913,2015,18968748.0,0.0,2.203818,-2.307561,DEU,IND,842641
4111431,68,104,8913,2015,0.0,55167.0,-0.183053,1.765036,EGY,IND,842641
4111432,71,104,8913,2015,3169403.0,0.0,0.8173590000000001,2.442556,ESP,IND,842641
4111433,74,104,8913,2015,1159080.0,0.0,1.597817,0.998059,FIN,IND,842641
4111434,77,104,8913,2015,298765.0,0.0,1.479792,0.6490239999999999,FRA,IND,842641
4111435,81,104,8913,2015,554602.0,0.0,1.7422990000000003,0.75838,GBR,IND,842641
4111436,83,104,8913,2015,0.0,74785.0,-0.750568,-0.690257,GHA,IND,842641
4111437,106,104,8913,2015,0.0,5349.0,1.304942,0.126431,IRL,IND,842641
4111438,111,104,8913,2015,345659.0,0.0,1.321127,0.747046,ITA,IND,842641
4111439,114,104,8913,2015,157215.0,0.0,2.516133,-0.484202,JPN,IND,842641
4111440,116,104,8913,2015,0.0,154909.0,-0.453564,0.433325,KEN,IND,842641
4111441,128,104,8913,2015,0.0,30890.0,-0.6773399999999999,0.386343,LKA,IND,842641
4111442,136,104,8913,2015,0.0,12817.0,-1.15947,-0.497217,MDG,IND,842641
4111443,141,104,8913,2015,0.0,41637.0,-0.744236,-0.9441860000000001,MLI,IND,842641
4111444,143,104,8913,2015,0.0,10520.0,-1.4596120000000001,-0.903904,MMR,IND,842641
4111445,147,104,8913,2015,0.0,55279.0,-1.293809,-1.115069,MOZ,IND,842641
4111446,148,104,8913,2015,0.0,13044.0,-1.5597450000000002,-1.3209229999999998,MRT,IND,842641
4111447,159,104,8913,2015,0.0,80542.0,-1.415451,-1.157829,NGA,IND,842641
4111448,162,104,8913,2015,206313.0,0.0,1.230104,1.27344,NLD,IND,842641
4111449,164,104,8913,2015,0.0,157097.0,-0.290416,0.456716,NPL,IND,842641
4111450,167,104,8913,2015,0.0,221577.0,-0.4699,-1.00451,OMN,IND,842641
4111451,169,104,8913,2015,0.0,60639.0,0.642058,0.833392,PAN,IND,842641
4111452,174,104,8913,2015,0.0,29247.0,0.6406270000000001,0.45770200000000005,PHL,IND,842641
4111453,177,104,8913,2015,325091.0,0.0,1.145844,1.1449280000000002,POL,IND,842641
4111454,180,104,8913,2015,0.0,48810.0,-0.471106,-0.9431139999999999,PRY,IND,842641
4111455,183,104,8913,2015,715132.0,512643.0,-0.077053,-0.9922719999999999,QAT,IND,842641
4111456,188,104,8913,2015,0.0,24471.0,0.5552520000000001,-0.7263229999999999,SAU,IND,842641
4111457,192,104,8913,2015,1059465.0,0.0,2.05613,0.593065,SGP,IND,842641
4111458,196,104,8913,2015,0.0,16411.0,0.072324,-0.255235,SLE,IND,842641
4111459,224,104,8913,2015,94747.0,0.0,0.438669,2.519632,TUR,IND,842641
4111460,226,104,8913,2015,0.0,80653.0,-1.02395,-0.017509999999999998,TZA,IND,842641
4111461,227,104,8913,2015,0.0,85531.0,-0.611023,0.078961,UGA,IND,842641
4111462,231,104,8913,2015,2592258.0,0.0,1.720478,-0.129322,USA,IND,842641
4111463,239,104,8913,2015,0.0,18407.0,-0.17108900000000002,1.10995,VNM,IND,842641
4111464,247,104,8913,2015,0.0,58681.0,-0.44792,-0.769586,ZMB,IND,842641
4111465,18,110,8913,2015,0.0,85952.0,1.329866,1.100641,BEL,ISR,842641
4111466,39,110,8913,2015,18866.0,0.0,0.695867,1.171676,CAN,ISR,842641
4111467,61,110,8913,2015,7555978.0,0.0,2.203818,-2.307561,DEU,ISR,842641
4111468,64,110,8913,2015,178605.0,0.0,1.157924,1.2045629999999998,DNK,ISR,842641
4111469,77,110,8913,2015,333497.0,0.0,1.479792,0.6490239999999999,FRA,ISR,842641
4111470,109,110,8913,2015,7245.0,0.0,0.24527600000000002,-0.411616,ISL,ISR,842641
4111471,111,110,8913,2015,1571660.0,0.0,1.321127,0.747046,ITA,ISR,842641
4111472,177,110,8913,2015,1915523.0,0.0,1.145844,1.1449280000000002,POL,ISR,842641
4111473,186,110,8913,2015,91654.0,0.0,0.23119,0.035965,RUS,ISR,842641
4111474,208,110,8913,2015,214599.0,0.0,1.8068349999999997,0.693389,SWE,ISR,842641
4111475,224,110,8913,2015,90068.0,0.0,0.438669,2.519632,TUR,ISR,842641
4111476,231,110,8913,2015,778701.0,0.0,1.720478,-0.129322,USA,ISR,842641
4111477,2,111,8913,2015,0.0,520663.0,-1.6542,-1.2598989999999999,AGO,ITA,842641
4111478,4,111,8913,2015,0.0,164199.0,-0.601875,-0.27003,ALB,ITA,842641
4111479,7,111,8913,2015,32099.0,8629764.0,0.21779600000000002,-0.0047420000000000006,ARE,ITA,842641
4111480,8,111,8913,2015,0.0,1260755.0,0.116896,0.30330999999999997,ARG,ITA,842641
4111481,14,111,8913,2015,7538.0,4195908.0,-0.292325,-0.043489,AUS,ITA,842641
4111482,15,111,8913,2015,2556350.0,443538.0,1.747098,-0.08026699999999999,AUT,ITA,842641
4111483,16,111,8913,2015,0.0,458162.0,-0.983347,-1.231542,AZE,ITA,842641
4111484,18,111,8913,2015,0.0,8706998.0,1.329866,1.100641,BEL,ITA,842641
4111485,19,111,8913,2015,0.0,5875.0,-0.5641470000000001,-0.8971020000000001,BEN,ITA,842641
4111486,21,111,8913,2015,0.0,515662.0,-1.085359,-1.034365,BFA,ITA,842641
4111487,23,111,8913,2015,4327.0,684914.0,0.45640699999999995,1.691455,BGR,ITA,842641
4111488,26,111,8913,2015,203249.0,59200.0,0.355903,0.723092,BIH,ITA,842641
4111489,31,111,8913,2015,0.0,95868.0,-1.051562,-1.067714,BOL,ITA,842641
4111490,32,111,8913,2015,0.0,2608498.0,0.23656799999999997,0.688607,BRA,ITA,842641
4111491,39,111,8913,2015,0.0,2092231.0,0.695867,1.171676,CAN,ITA,842641
4111492,41,111,8913,2015,93261.0,278906.0,2.306075,0.720781,CHE,ITA,842641
4111493,42,111,8913,2015,0.0,266113.0,-0.356167,-0.47629399999999994,CHL,ITA,842641
4111494,43,111,8913,2015,0.0,44081.0,1.077143,1.735757,CHN,ITA,842641
4111495,44,111,8913,2015,0.0,1337747.0,-0.856142,-0.905292,CIV,ITA,842641
4111496,45,111,8913,2015,0.0,3205.0,-0.924366,-1.040721,CMR,ITA,842641
4111497,46,111,8913,2015,0.0,341015.0,-1.3921290000000002,-1.146549,COD,ITA,842641
4111498,47,111,8913,2015,0.0,403269.0,-1.294823,-1.18811,COG,ITA,842641
4111499,49,111,8913,2015,0.0,27308.0,0.156383,-0.183055,COL,ITA,842641
4111500,52,111,8913,2015,0.0,558084.0,0.24859699999999998,-0.033143,CRI,ITA,842641
4111501,59,111,8913,2015,0.0,798889.0,1.743012,0.45424,CZE,ITA,842641
4111502,61,111,8913,2015,16320704.0,9895154.0,2.203818,-2.307561,DEU,ITA,842641
4111503,62,111,8913,2015,0.0,318798.0,-0.538942,-0.832522,DJI,ITA,842641
4111504,64,111,8913,2015,0.0,550184.0,1.157924,1.2045629999999998,DNK,ITA,842641
4111505,65,111,8913,2015,0.0,1243.0,-0.212808,0.395873,DOM,ITA,842641
4111506,66,111,8913,2015,0.0,8360024.0,-1.54346,-1.255633,DZA,ITA,842641
4111507,67,111,8913,2015,0.0,204678.0,-0.9845959999999999,-1.075639,ECU,ITA,842641
4111508,68,111,8913,2015,0.0,3513808.0,-0.183053,1.765036,EGY,ITA,842641
4111509,71,111,8913,2015,384979.0,1239693.0,0.8173590000000001,2.442556,ESP,ITA,842641
4111510,72,111,8913,2015,0.0,126926.0,0.9281149999999999,1.1780389999999998,EST,ITA,842641
4111511,73,111,8913,2015,0.0,36733.0,-1.004896,-0.721019,ETH,ITA,842641
4111512,74,111,8913,2015,3308997.0,526288.0,1.597817,0.998059,FIN,ITA,842641
4111513,76,111,8913,2015,0.0,390184.0,0.268838,-0.829983,FLK,ITA,842641
4111514,77,111,8913,2015,956951.0,9632989.0,1.479792,0.6490239999999999,FRA,ITA,842641
4111515,81,111,8913,2015,92505.0,8583112.0,1.7422990000000003,0.75838,GBR,ITA,842641
4111516,82,111,8913,2015,0.0,2828842.0,-0.343663,-0.588017,GEO,ITA,842641
4111517,83,111,8913,2015,0.0,2092590.0,-0.750568,-0.690257,GHA,ITA,842641
4111518,85,111,8913,2015,0.0,891111.0,-1.288329,-1.167532,GIN,ITA,842641
4111519,90,111,8913,2015,3444.0,736242.0,0.099027,1.012289,GRC,ITA,842641
4111520,97,111,8913,2015,0.0,224701.0,0.8255290000000001,1.8017279999999998,HKG,ITA,842641
4111521,100,111,8913,2015,166181.0,12299.0,0.7590140000000001,1.257415,HRV,ITA,842641
4111522,101,111,8913,2015,0.0,16627.0,-1.288246,-1.018979,HTI,ITA,842641
4111523,102,111,8913,2015,281220.0,35152.0,1.462839,0.803258,HUN,ITA,842641
4111524,103,111,8913,2015,0.0,212589.0,-0.145103,1.277362,IDN,ITA,842641
4111525,104,111,8913,2015,0.0,345659.0,0.24230900000000002,2.8190880000000003,IND,ITA,842641
4111526,106,111,8913,2015,0.0,1053176.0,1.304942,0.126431,IRL,ITA,842641
4111527,108,111,8913,2015,0.0,691688.0,-1.465803,-0.912113,IRQ,ITA,842641
4111528,109,111,8913,2015,0.0,197823.0,0.24527600000000002,-0.411616,ISL,ITA,842641
4111529,110,111,8913,2015,0.0,1571660.0,1.260071,0.545545,ISR,ITA,842641
4111530,113,111,8913,2015,0.0,6293.0,0.121172,0.457301,JOR,ITA,842641
4111531,114,111,8913,2015,0.0,75202.0,2.516133,-0.484202,JPN,ITA,842641
4111532,115,111,8913,2015,0.0,1783399.0,-0.45091499999999995,-0.652026,KAZ,ITA,842641
4111533,116,111,8913,2015,0.0,18464.0,-0.453564,0.433325,KEN,ITA,842641
4111534,121,111,8913,2015,0.0,730094.0,1.900653,0.859406,KOR,ITA,842641
4111535,122,111,8913,2015,35104.0,8255536.0,-0.352023,-1.153057,KWT,ITA,842641
4111536,124,111,8913,2015,0.0,838111.0,0.317355,1.330374,LBN,ITA,842641
4111537,126,111,8913,2015,0.0,12193.0,-1.3257219999999998,-1.260453,LBY,ITA,842641
4111538,128,111,8913,2015,0.0,23085.0,-0.6773399999999999,0.386343,LKA,ITA,842641
4111539,130,111,8913,2015,0.0,148496.0,0.749429,1.3659860000000001,LTU,ITA,842641
4111540,131,111,8913,2015,0.0,48748.0,1.218924,1.247152,LUX,ITA,842641
4111541,134,111,8913,2015,1084.0,2790724.0,-0.7554810000000001,-0.059697,MAR,ITA,842641
4111542,136,111,8913,2015,0.0,71500.0,-1.15947,-0.497217,MDG,ITA,842641
4111543,138,111,8913,2015,0.0,1499553.0,1.169724,0.61457,MEX,ITA,842641
4111544,140,111,8913,2015,0.0,42457.0,-0.09009600000000001,-0.147359,MKD,ITA,842641
4111545,141,111,8913,2015,0.0,261849.0,-0.744236,-0.9441860000000001,MLI,ITA,842641
4111546,142,111,8913,2015,19628.0,0.0,0.880893,-0.117585,MLT,ITA,842641
4111547,143,111,8913,2015,0.0,120787.0,-1.4596120000000001,-0.903904,MMR,ITA,842641
4111548,147,111,8913,2015,0.0,221946.0,-1.293809,-1.115069,MOZ,ITA,842641
4111549,153,111,8913,2015,202407.0,258194.0,1.082803,0.811615,MYS,ITA,842641
4111550,155,111,8913,2015,0.0,61106.0,-0.43457399999999996,-0.665655,NAM,ITA,842641
4111551,159,111,8913,2015,0.0,943061.0,-1.415451,-1.157829,NGA,ITA,842641
4111552,162,111,8913,2015,564698.0,6289512.0,1.230104,1.27344,NLD,ITA,842641
4111553,163,111,8913,2015,0.0,1330733.0,0.950708,0.314339,NOR,ITA,842641
4111554,166,111,8913,2015,0.0,782892.0,0.224598,0.253179,NZL,ITA,842641
4111555,167,111,8913,2015,0.0,2392100.0,-0.4699,-1.00451,OMN,ITA,842641
4111556,169,111,8913,2015,0.0,613070.0,0.642058,0.833392,PAN,ITA,842641
4111557,173,111,8913,2015,0.0,1126949.0,-0.6007819999999999,0.32152800000000004,PER,ITA,842641
4111558,174,111,8913,2015,0.0,852840.0,0.6406270000000001,0.45770200000000005,PHL,ITA,842641
4111559,177,111,8913,2015,981619.0,620052.0,1.145844,1.1449280000000002,POL,ITA,842641
4111560,179,111,8913,2015,0.0,73763.0,0.561922,2.2276380000000002,PRT,ITA,842641
4111561,182,111,8913,2015,0.0,162194.0,-0.301696,-0.795154,PYF,ITA,842641
4111562,183,111,8913,2015,0.0,5612046.0,-0.077053,-0.9922719999999999,QAT,ITA,842641
4111563,185,111,8913,2015,480114.0,1314460.0,0.946363,1.056775,ROU,ITA,842641
4111564,186,111,8913,2015,0.0,1673123.0,0.23119,0.035965,RUS,ITA,842641
4111565,188,111,8913,2015,359585.0,5561373.0,0.5552520000000001,-0.7263229999999999,SAU,ITA,842641
4111566,191,111,8913,2015,0.0,762616.0,-0.708349,-0.296663,SEN,ITA,842641
4111567,192,111,8913,2015,0.0,2612476.0,2.05613,0.593065,SGP,ITA,842641
4111568,201,111,8913,2015,0.0,4398.0,0.457042,1.324908,SRB,ITA,842641
4111569,205,111,8913,2015,0.0,370044.0,-0.570361,-1.005072,SUR,ITA,842641
4111570,206,111,8913,2015,0.0,863307.0,1.287133,0.7900560000000001,SVK,ITA,842641
4111571,207,111,8913,2015,0.0,485090.0,1.6089879999999999,0.833616,SVN,ITA,842641
4111572,208,111,8913,2015,0.0,1923600.0,1.8068349999999997,0.693389,SWE,ITA,842641
4111573,216,111,8913,2015,0.0,146527.0,0.965888,1.368572,THA,ITA,842641
4111574,219,111,8913,2015,0.0,2909712.0,-1.546516,-1.315803,TKM,ITA,842641
4111575,222,111,8913,2015,0.0,205458.0,-0.462837,-1.117621,TTO,ITA,842641
4111576,223,111,8913,2015,0.0,333922.0,0.140202,0.967591,TUN,ITA,842641
4111577,224,111,8913,2015,1157985.0,23085198.0,0.438669,2.519632,TUR,ITA,842641
4111578,226,111,8913,2015,0.0,334464.0,-1.02395,-0.017509999999999998,TZA,ITA,842641
4111579,228,111,8913,2015,45697.0,32108.0,0.429879,0.701813,UKR,ITA,842641
4111580,230,111,8913,2015,0.0,867269.0,0.273876,-0.363695,URY,ITA,842641
4111581,231,111,8913,2015,2998844.0,82458472.0,1.720478,-0.129322,USA,ITA,842641
4111582,236,111,8913,2015,0.0,53483.0,-0.9249129999999999,-1.1877280000000001,VEN,ITA,842641
4111583,239,111,8913,2015,0.0,390859.0,-0.17108900000000002,1.10995,VNM,ITA,842641
4111584,246,111,8913,2015,0.0,3164477.0,0.24944699999999997,1.7573159999999999,ZAF,ITA,842641
4111585,61,112,8913,2015,3015158.0,0.0,2.203818,-2.307561,DEU,JAM,842641
4111586,231,112,8913,2015,381354.0,0.0,1.720478,-0.129322,USA,JAM,842641
4111587,7,113,8913,2015,3656.0,14642.0,0.21779600000000002,-0.0047420000000000006,ARE,JOR,842641
4111588,18,113,8913,2015,10179.0,0.0,1.329866,1.100641,BEL,JOR,842641
4111589,61,113,8913,2015,20979.0,0.0,2.203818,-2.307561,DEU,JOR,842641
4111590,77,113,8913,2015,12854.0,0.0,1.479792,0.6490239999999999,FRA,JOR,842641
4111591,81,113,8913,2015,43694.0,0.0,1.7422990000000003,0.75838,GBR,JOR,842641
4111592,108,113,8913,2015,0.0,42314.0,-1.465803,-0.912113,IRQ,JOR,842641
4111593,111,113,8913,2015,6293.0,0.0,1.321127,0.747046,ITA,JOR,842641
4111594,162,113,8913,2015,23929.0,0.0,1.230104,1.27344,NLD,JOR,842641
4111595,183,113,8913,2015,7207.0,0.0,-0.077053,-0.9922719999999999,QAT,JOR,842641
4111596,224,113,8913,2015,7712.0,14504.0,0.438669,2.519632,TUR,JOR,842641
4111597,250,113,8913,2015,0.0,218029.0,0.377283,-0.092204,ANS,JOR,842641
4111598,7,114,8913,2015,520834.0,30709782.0,0.21779600000000002,-0.0047420000000000006,ARE,JPN,842641
4111599,8,114,8913,2015,0.0,4254294.0,0.116896,0.30330999999999997,ARG,JPN,842641
4111600,14,114,8913,2015,0.0,13648282.0,-0.292325,-0.043489,AUS,JPN,842641
4111601,18,114,8913,2015,0.0,1171.0,1.329866,1.100641,BEL,JPN,842641
4111602,22,114,8913,2015,0.0,1372480.0,-1.088465,-0.8745360000000001,BGD,JPN,842641
4111603,24,114,8913,2015,0.0,1684403.0,0.36650900000000003,-0.28735,BHR,JPN,842641
4111604,26,114,8913,2015,0.0,264.0,0.355903,0.723092,BIH,JPN,842641
4111605,31,114,8913,2015,0.0,20545.0,-1.051562,-1.067714,BOL,JPN,842641
4111606,34,114,8913,2015,0.0,1183787.0,1.093564,-0.679211,BRN,JPN,842641
4111607,39,114,8913,2015,0.0,48262296.0,0.695867,1.171676,CAN,JPN,842641
4111608,42,114,8913,2015,0.0,431471.0,-0.356167,-0.47629399999999994,CHL,JPN,842641
4111609,43,114,8913,2015,334010.0,0.0,1.077143,1.735757,CHN,JPN,842641
4111610,46,114,8913,2015,0.0,125819.0,-1.3921290000000002,-1.146549,COD,JPN,842641
4111611,58,114,8913,2015,0.0,20097.0,0.511225,-0.207261,CYP,JPN,842641
4111612,61,114,8913,2015,12185.0,1566334.0,2.203818,-2.307561,DEU,JPN,842641
4111613,65,114,8913,2015,0.0,2315.0,-0.212808,0.395873,DOM,JPN,842641
4111614,66,114,8913,2015,0.0,1945467.0,-1.54346,-1.255633,DZA,JPN,842641
4111615,68,114,8913,2015,0.0,41685.0,-0.183053,1.765036,EGY,JPN,842641
4111616,73,114,8913,2015,0.0,1892.0,-1.004896,-0.721019,ETH,JPN,842641
4111617,74,114,8913,2015,196806.0,0.0,1.597817,0.998059,FIN,JPN,842641
4111618,75,114,8913,2015,0.0,42835.0,-0.481968,-0.201468,FJI,JPN,842641
4111619,77,114,8913,2015,0.0,6281.0,1.479792,0.6490239999999999,FRA,JPN,842641
4111620,81,114,8913,2015,675029.0,184172.0,1.7422990000000003,0.75838,GBR,JPN,842641
4111621,82,114,8913,2015,0.0,182882.0,-0.343663,-0.588017,GEO,JPN,842641
4111622,90,114,8913,2015,0.0,6253.0,0.099027,1.012289,GRC,JPN,842641
4111623,97,114,8913,2015,0.0,2520160.0,0.8255290000000001,1.8017279999999998,HKG,JPN,842641
4111624,99,114,8913,2015,2208.0,0.0,-0.578635,-0.292053,HND,JPN,842641
4111625,103,114,8913,2015,0.0,23024114.0,-0.145103,1.277362,IDN,JPN,842641
4111626,104,114,8913,2015,0.0,157215.0,0.24230900000000002,2.8190880000000003,IND,JPN,842641
4111627,106,114,8913,2015,0.0,4019265.0,1.304942,0.126431,IRL,JPN,842641
4111628,108,114,8913,2015,0.0,2504471.0,-1.465803,-0.912113,IRQ,JPN,842641
4111629,111,114,8913,2015,75202.0,0.0,1.321127,0.747046,ITA,JPN,842641
4111630,115,114,8913,2015,0.0,1156329.0,-0.45091499999999995,-0.652026,KAZ,JPN,842641
4111631,116,114,8913,2015,0.0,74853.0,-0.453564,0.433325,KEN,JPN,842641
4111632,118,114,8913,2015,0.0,274490.0,-0.791985,-0.833046,KHM,JPN,842641
4111633,121,114,8913,2015,26717.0,72740696.0,1.900653,0.859406,KOR,JPN,842641
4111634,122,114,8913,2015,0.0,8694851.0,-0.352023,-1.153057,KWT,JPN,842641
4111635,123,114,8913,2015,0.0,375798.0,-0.927524,-0.74525,LAO,JPN,842641
4111636,124,114,8913,2015,0.0,67313.0,0.317355,1.330374,LBN,JPN,842641
4111637,128,114,8913,2015,0.0,2167506.0,-0.6773399999999999,0.386343,LKA,JPN,842641
4111638,133,114,8913,2015,0.0,128037.0,0.296288,0.32009499999999996,MAC,JPN,842641
4111639,134,114,8913,2015,0.0,273704.0,-0.7554810000000001,-0.059697,MAR,JPN,842641
4111640,135,114,8913,2015,0.0,1401.0,-0.313837,-0.20393,MDA,JPN,842641
4111641,138,114,8913,2015,0.0,128318.0,1.169724,0.61457,MEX,JPN,842641
4111642,142,114,8913,2015,0.0,18432.0,0.880893,-0.117585,MLT,JPN,842641
4111643,143,114,8913,2015,0.0,3053186.0,-1.4596120000000001,-0.903904,MMR,JPN,842641
4111644,153,114,8913,2015,0.0,31935312.0,1.082803,0.811615,MYS,JPN,842641
4111645,160,114,8913,2015,0.0,7538.0,-1.102989,-0.952276,NIC,JPN,842641
4111646,162,114,8913,2015,0.0,984792.0,1.230104,1.27344,NLD,JPN,842641
4111647,163,114,8913,2015,0.0,172796.0,0.950708,0.314339,NOR,JPN,842641
4111648,166,114,8913,2015,0.0,349239.0,0.224598,0.253179,NZL,JPN,842641
4111649,167,114,8913,2015,0.0,12024937.0,-0.4699,-1.00451,OMN,JPN,842641
4111650,168,114,8913,2015,0.0,46895.0,-0.7059979999999999,0.73501,PAK,JPN,842641
4111651,169,114,8913,2015,0.0,1702966.0,0.642058,0.833392,PAN,JPN,842641
4111652,173,114,8913,2015,0.0,103185.0,-0.6007819999999999,0.32152800000000004,PER,JPN,842641
4111653,174,114,8913,2015,19927.0,27575266.0,0.6406270000000001,0.45770200000000005,PHL,JPN,842641
4111654,183,114,8913,2015,0.0,8798131.0,-0.077053,-0.9922719999999999,QAT,JPN,842641
4111655,186,114,8913,2015,16162.0,9065462.0,0.23119,0.035965,RUS,JPN,842641
4111656,187,114,8913,2015,0.0,131383.0,-0.755738,-0.4423,RWA,JPN,842641
4111657,188,114,8913,2015,0.0,35526496.0,0.5552520000000001,-0.7263229999999999,SAU,JPN,842641
4111658,192,114,8913,2015,0.0,13845750.0,2.05613,0.593065,SGP,JPN,842641
4111659,208,114,8913,2015,322760.0,210773.0,1.8068349999999997,0.693389,SWE,JPN,842641
4111660,216,114,8913,2015,403792.0,55961328.0,0.965888,1.368572,THA,JPN,842641
4111661,227,114,8913,2015,0.0,8195.0,-0.611023,0.078961,UGA,JPN,842641
4111662,228,114,8913,2015,0.0,324088.0,0.429879,0.701813,UKR,JPN,842641
4111663,231,114,8913,2015,0.0,86423576.0,1.720478,-0.129322,USA,JPN,842641
4111664,239,114,8913,2015,0.0,22734020.0,-0.17108900000000002,1.10995,VNM,JPN,842641
4111665,242,114,8913,2015,0.0,29324.0,0.351057,-0.158431,WSM,JPN,842641
4111666,243,114,8913,2015,0.0,4830.0,-1.048632,-1.10843,YEM,JPN,842641
4111667,246,114,8913,2015,0.0,3258270.0,0.24944699999999997,1.7573159999999999,ZAF,JPN,842641
4111668,249,114,8913,2015,0.0,40535400.0,1.962832,1.214982,TWN,JPN,842641
4111669,2,121,8913,2015,0.0,20121.0,-1.6542,-1.2598989999999999,AGO,KOR,842641
4111670,7,121,8913,2015,0.0,1235934.0,0.21779600000000002,-0.0047420000000000006,ARE,KOR,842641
4111671,22,121,8913,2015,0.0,194143.0,-1.088465,-0.8745360000000001,BGD,KOR,842641
4111672,31,121,8913,2015,0.0,3336.0,-1.051562,-1.067714,BOL,KOR,842641
4111673,39,121,8913,2015,92078.0,0.0,0.695867,1.171676,CAN,KOR,842641
4111674,42,121,8913,2015,0.0,206015.0,-0.356167,-0.47629399999999994,CHL,KOR,842641
4111675,43,121,8913,2015,8327840.0,0.0,1.077143,1.735757,CHN,KOR,842641
4111676,61,121,8913,2015,6662899.0,0.0,2.203818,-2.307561,DEU,KOR,842641
4111677,64,121,8913,2015,22496.0,0.0,1.157924,1.2045629999999998,DNK,KOR,842641
4111678,67,121,8913,2015,0.0,901.0,-0.9845959999999999,-1.075639,ECU,KOR,842641
4111679,68,121,8913,2015,0.0,104522.0,-0.183053,1.765036,EGY,KOR,842641
4111680,81,121,8913,2015,365149.0,0.0,1.7422990000000003,0.75838,GBR,KOR,842641
4111681,97,121,8913,2015,229096.0,560970.0,0.8255290000000001,1.8017279999999998,HKG,KOR,842641
4111682,103,121,8913,2015,0.0,12155.0,-0.145103,1.277362,IDN,KOR,842641
4111683,111,121,8913,2015,730094.0,0.0,1.321127,0.747046,ITA,KOR,842641
4111684,114,121,8913,2015,72740696.0,26717.0,2.516133,-0.484202,JPN,KOR,842641
4111685,118,121,8913,2015,0.0,130916.0,-0.791985,-0.833046,KHM,KOR,842641
4111686,122,121,8913,2015,0.0,505913.0,-0.352023,-1.153057,KWT,KOR,842641
4111687,124,121,8913,2015,0.0,7245.0,0.317355,1.330374,LBN,KOR,842641
4111688,134,121,8913,2015,0.0,381272.0,-0.7554810000000001,-0.059697,MAR,KOR,842641
4111689,174,121,8913,2015,0.0,961686.0,0.6406270000000001,0.45770200000000005,PHL,KOR,842641
4111690,177,121,8913,2015,1471743.0,0.0,1.145844,1.1449280000000002,POL,KOR,842641
4111691,183,121,8913,2015,0.0,423006.0,-0.077053,-0.9922719999999999,QAT,KOR,842641
4111692,186,121,8913,2015,269878.0,0.0,0.23119,0.035965,RUS,KOR,842641
4111693,188,121,8913,2015,25779.0,241097.0,0.5552520000000001,-0.7263229999999999,SAU,KOR,842641
4111694,192,121,8913,2015,875196.0,67694.0,2.05613,0.593065,SGP,KOR,842641
4111695,208,121,8913,2015,317407.0,0.0,1.8068349999999997,0.693389,SWE,KOR,842641
4111696,216,121,8913,2015,0.0,759192.0,0.965888,1.368572,THA,KOR,842641
4111697,231,121,8913,2015,484891.0,74165.0,1.720478,-0.129322,USA,KOR,842641
4111698,239,121,8913,2015,0.0,1213905.0,-0.17108900000000002,1.10995,VNM,KOR,842641
4111699,249,121,8913,2015,98276.0,0.0,1.962832,1.214982,TWN,KOR,842641
4111700,7,122,8913,2015,2348900.0,0.0,0.21779600000000002,-0.0047420000000000006,ARE,KWT,842641
4111701,14,122,8913,2015,1768916.0,0.0,-0.292325,-0.043489,AUS,KWT,842641
4111702,32,122,8913,2015,1733360.0,0.0,0.23656799999999997,0.688607,BRA,KWT,842641
4111703,43,122,8913,2015,6221346.0,0.0,1.077143,1.735757,CHN,KWT,842641
4111704,77,122,8913,2015,644236.0,0.0,1.479792,0.6490239999999999,FRA,KWT,842641
4111705,97,122,8913,2015,564068.0,0.0,0.8255290000000001,1.8017279999999998,HKG,KWT,842641
4111706,111,122,8913,2015,8255536.0,35104.0,1.321127,0.747046,ITA,KWT,842641
4111707,114,122,8913,2015,8694851.0,0.0,2.516133,-0.484202,JPN,KWT,842641
4111708,121,122,8913,2015,505913.0,0.0,1.900653,0.859406,KOR,KWT,842641
4111709,162,122,8913,2015,1508190.0,0.0,1.230104,1.27344,NLD,KWT,842641
4111710,166,122,8913,2015,479534.0,0.0,0.224598,0.253179,NZL,KWT,842641
4111711,183,122,8913,2015,4126372.0,0.0,-0.077053,-0.9922719999999999,QAT,KWT,842641
4111712,188,122,8913,2015,1265344.0,0.0,0.5552520000000001,-0.7263229999999999,SAU,KWT,842641
4111713,192,122,8913,2015,838749.0,0.0,2.05613,0.593065,SGP,KWT,842641
4111714,231,122,8913,2015,4475566.0,0.0,1.720478,-0.129322,USA,KWT,842641
4111715,18,138,8913,2015,144296.0,0.0,1.329866,1.100641,BEL,MEX,842641
4111716,29,138,8913,2015,0.0,13642.0,-0.24283600000000002,-0.577408,BLZ,MEX,842641
4111717,31,138,8913,2015,0.0,2079.0,-1.051562,-1.067714,BOL,MEX,842641
4111718,32,138,8913,2015,2538070.0,155742.0,0.23656799999999997,0.688607,BRA,MEX,842641
4111719,39,138,8913,2015,546960.0,0.0,0.695867,1.171676,CAN,MEX,842641
4111720,42,138,8913,2015,0.0,316601.0,-0.356167,-0.47629399999999994,CHL,MEX,842641
4111721,43,138,8913,2015,3145050.0,0.0,1.077143,1.735757,CHN,MEX,842641
4111722,61,138,8913,2015,6611143.0,0.0,2.203818,-2.307561,DEU,MEX,842641
4111723,71,138,8913,2015,314813.0,0.0,0.8173590000000001,2.442556,ESP,MEX,842641
4111724,74,138,8913,2015,219570.0,0.0,1.597817,0.998059,FIN,MEX,842641
4111725,77,138,8913,2015,336423.0,0.0,1.479792,0.6490239999999999,FRA,MEX,842641
4111726,106,138,8913,2015,62337.0,0.0,1.304942,0.126431,IRL,MEX,842641
4111727,111,138,8913,2015,1499553.0,0.0,1.321127,0.747046,ITA,MEX,842641
4111728,114,138,8913,2015,128318.0,0.0,2.516133,-0.484202,JPN,MEX,842641
4111729,177,138,8913,2015,440947.0,0.0,1.145844,1.1449280000000002,POL,MEX,842641
4111730,208,138,8913,2015,2464861.0,0.0,1.8068349999999997,0.693389,SWE,MEX,842641
4111731,231,138,8913,2015,27558738.0,263325.0,1.720478,-0.129322,USA,MEX,842641
4111732,14,153,8913,2015,1867561.0,0.0,-0.292325,-0.043489,AUS,MYS,842641
4111733,34,153,8913,2015,100252.0,0.0,1.093564,-0.679211,BRN,MYS,842641
4111734,43,153,8913,2015,5055825.0,10285355.0,1.077143,1.735757,CHN,MYS,842641
4111735,97,153,8913,2015,314428.0,0.0,0.8255290000000001,1.8017279999999998,HKG,MYS,842641
4111736,111,153,8913,2015,258194.0,202407.0,1.321127,0.747046,ITA,MYS,842641
4111737,114,153,8913,2015,31935312.0,0.0,2.516133,-0.484202,JPN,MYS,842641
4111738,143,153,8913,2015,0.0,96751.0,-1.4596120000000001,-0.903904,MMR,MYS,842641
4111739,162,153,8913,2015,1843456.0,0.0,1.230104,1.27344,NLD,MYS,842641
4111740,163,153,8913,2015,68131.0,0.0,0.950708,0.314339,NOR,MYS,842641
4111741,168,153,8913,2015,0.0,9188.0,-0.7059979999999999,0.73501,PAK,MYS,842641
4111742,174,153,8913,2015,0.0,207557.0,0.6406270000000001,0.45770200000000005,PHL,MYS,842641
4111743,183,153,8913,2015,138976.0,0.0,-0.077053,-0.9922719999999999,QAT,MYS,842641
4111744,192,153,8913,2015,3043049.0,1344189.0,2.05613,0.593065,SGP,MYS,842641
4111745,195,153,8913,2015,0.0,6963.0,-1.167451,-0.931206,SLB,MYS,842641
4111746,224,153,8913,2015,0.0,1324457.0,0.438669,2.519632,TUR,MYS,842641
4111747,231,153,8913,2015,1991873.0,4796.0,1.720478,-0.129322,USA,MYS,842641
4111748,239,153,8913,2015,0.0,157153.0,-0.17108900000000002,1.10995,VNM,MYS,842641
4111749,249,153,8913,2015,78044.0,0.0,1.962832,1.214982,TWN,MYS,842641
4111750,7,159,8913,2015,86877.0,0.0,0.21779600000000002,-0.0047420000000000006,ARE,NGA,842641
4111751,14,159,8913,2015,188532.0,0.0,-0.292325,-0.043489,AUS,NGA,842641
4111752,15,159,8913,2015,3346770.0,0.0,1.747098,-0.08026699999999999,AUT,NGA,842641
4111753,18,159,8913,2015,13290.0,0.0,1.329866,1.100641,BEL,NGA,842641
4111754,39,159,8913,2015,157522.0,0.0,0.695867,1.171676,CAN,NGA,842641
4111755,43,159,8913,2015,2276376.0,0.0,1.077143,1.735757,CHN,NGA,842641
4111756,61,159,8913,2015,6983072.0,0.0,2.203818,-2.307561,DEU,NGA,842641
4111757,71,159,8913,2015,34342.0,0.0,0.8173590000000001,2.442556,ESP,NGA,842641
4111758,81,159,8913,2015,28042.0,0.0,1.7422990000000003,0.75838,GBR,NGA,842641
4111759,104,159,8913,2015,80542.0,0.0,0.24230900000000002,2.8190880000000003,IND,NGA,842641
4111760,111,159,8913,2015,943061.0,0.0,1.321127,0.747046,ITA,NGA,842641
4111761,124,159,8913,2015,119837.0,0.0,0.317355,1.330374,LBN,NGA,842641
4111762,134,159,8913,2015,23140.0,0.0,-0.7554810000000001,-0.059697,MAR,NGA,842641
4111763,162,159,8913,2015,6570041.0,0.0,1.230104,1.27344,NLD,NGA,842641
4111764,177,159,8913,2015,626497.0,0.0,1.145844,1.1449280000000002,POL,NGA,842641
4111765,179,159,8913,2015,53680.0,0.0,0.561922,2.2276380000000002,PRT,NGA,842641
4111766,231,159,8913,2015,2006473.0,0.0,1.720478,-0.129322,USA,NGA,842641
4111767,249,159,8913,2015,2551667.0,0.0,1.962832,1.214982,TWN,NGA,842641
4111768,43,160,8913,2015,209206.0,0.0,1.077143,1.735757,CHN,NIC,842641
4111769,114,160,8913,2015,7538.0,0.0,2.516133,-0.484202,JPN,NIC,842641
4111770,177,160,8913,2015,468248.0,0.0,1.145844,1.1449280000000002,POL,NIC,842641
4111771,197,160,8913,2015,2295.0,48093.0,0.05531900000000001,0.169073,SLV,NIC,842641
4111772,231,160,8913,2015,76217.0,0.0,1.720478,-0.129322,USA,NIC,842641
4111773,246,160,8913,2015,102526.0,0.0,0.24944699999999997,1.7573159999999999,ZAF,NIC,842641
4111774,1,162,8913,2015,0.0,26860.0,-1.249655,-0.9094459999999999,AFG,NLD,842641
4111775,2,162,8913,2015,0.0,634088.0,-1.6542,-1.2598989999999999,AGO,NLD,842641
4111776,7,162,8913,2015,87019.0,35997.0,0.21779600000000002,-0.0047420000000000006,ARE,NLD,842641
4111777,14,162,8913,2015,16017.0,0.0,-0.292325,-0.043489,AUS,NLD,842641
4111778,15,162,8913,2015,3862977.0,510081.0,1.747098,-0.08026699999999999,AUT,NLD,842641
4111779,16,162,8913,2015,0.0,448531.0,-0.983347,-1.231542,AZE,NLD,842641
4111780,18,162,8913,2015,3610130.0,5873505.0,1.329866,1.100641,BEL,NLD,842641
4111781,23,162,8913,2015,23700.0,332150.0,0.45640699999999995,1.691455,BGR,NLD,842641
4111782,26,162,8913,2015,0.0,75844.0,0.355903,0.723092,BIH,NLD,842641
4111783,31,162,8913,2015,0.0,49442.0,-1.051562,-1.067714,BOL,NLD,842641
4111784,32,162,8913,2015,0.0,2376238.0,0.23656799999999997,0.688607,BRA,NLD,842641
4111785,41,162,8913,2015,191588.0,237554.0,2.306075,0.720781,CHE,NLD,842641
4111786,42,162,8913,2015,0.0,1501406.0,-0.356167,-0.47629399999999994,CHL,NLD,842641
4111787,43,162,8913,2015,281203.0,68498.0,1.077143,1.735757,CHN,NLD,842641
4111788,44,162,8913,2015,0.0,43797.0,-0.856142,-0.905292,CIV,NLD,842641
4111789,45,162,8913,2015,0.0,36563.0,-0.924366,-1.040721,CMR,NLD,842641
4111790,46,162,8913,2015,0.0,520916.0,-1.3921290000000002,-1.146549,COD,NLD,842641
4111791,49,162,8913,2015,0.0,4042330.0,0.156383,-0.183055,COL,NLD,842641
4111792,52,162,8913,2015,0.0,154259.0,0.24859699999999998,-0.033143,CRI,NLD,842641
4111793,55,162,8913,2015,0.0,122135.0,0.296267,-0.6313350000000001,CUW,NLD,842641
4111794,58,162,8913,2015,2300.0,9244.0,0.511225,-0.207261,CYP,NLD,842641
4111795,59,162,8913,2015,346450.0,535779.0,1.743012,0.45424,CZE,NLD,842641
4111796,61,162,8913,2015,22885276.0,9781954.0,2.203818,-2.307561,DEU,NLD,842641
4111797,62,162,8913,2015,0.0,24185.0,-0.538942,-0.832522,DJI,NLD,842641
4111798,64,162,8913,2015,774091.0,1992330.0,1.157924,1.2045629999999998,DNK,NLD,842641
4111799,68,162,8913,2015,0.0,239763.0,-0.183053,1.765036,EGY,NLD,842641
4111800,71,162,8913,2015,409924.0,833078.0,0.8173590000000001,2.442556,ESP,NLD,842641
4111801,72,162,8913,2015,21654.0,0.0,0.9281149999999999,1.1780389999999998,EST,NLD,842641
4111802,74,162,8913,2015,262396.0,1452388.0,1.597817,0.998059,FIN,NLD,842641
4111803,77,162,8913,2015,330962.0,1283623.0,1.479792,0.6490239999999999,FRA,NLD,842641
4111804,81,162,8913,2015,2575243.0,917428.0,1.7422990000000003,0.75838,GBR,NLD,842641
4111805,82,162,8913,2015,0.0,103472.0,-0.343663,-0.588017,GEO,NLD,842641
4111806,83,162,8913,2015,0.0,107924.0,-0.750568,-0.690257,GHA,NLD,842641
4111807,89,162,8913,2015,0.0,302290.0,-1.585577,-0.9044979999999999,GNQ,NLD,842641
4111808,90,162,8913,2015,77184.0,246067.0,0.099027,1.012289,GRC,NLD,842641
4111809,97,162,8913,2015,0.0,508751.0,0.8255290000000001,1.8017279999999998,HKG,NLD,842641
4111810,100,162,8913,2015,25259.0,51643.0,0.7590140000000001,1.257415,HRV,NLD,842641
4111811,102,162,8913,2015,92473.0,1639854.0,1.462839,0.803258,HUN,NLD,842641
4111812,103,162,8913,2015,0.0,119268.0,-0.145103,1.277362,IDN,NLD,842641
4111813,104,162,8913,2015,0.0,206313.0,0.24230900000000002,2.8190880000000003,IND,NLD,842641
4111814,106,162,8913,2015,985227.0,292901.0,1.304942,0.126431,IRL,NLD,842641
4111815,109,162,8913,2015,79252.0,88982.0,0.24527600000000002,-0.411616,ISL,NLD,842641
4111816,111,162,8913,2015,6289512.0,564698.0,1.321127,0.747046,ITA,NLD,842641
4111817,113,162,8913,2015,0.0,23929.0,0.121172,0.457301,JOR,NLD,842641
4111818,114,162,8913,2015,984792.0,0.0,2.516133,-0.484202,JPN,NLD,842641
4111819,115,162,8913,2015,0.0,1617921.0,-0.45091499999999995,-0.652026,KAZ,NLD,842641
4111820,122,162,8913,2015,0.0,1508190.0,-0.352023,-1.153057,KWT,NLD,842641
4111821,124,162,8913,2015,0.0,4926994.0,0.317355,1.330374,LBN,NLD,842641
4111822,130,162,8913,2015,48429.0,297664.0,0.749429,1.3659860000000001,LTU,NLD,842641
4111823,131,162,8913,2015,84803.0,58606.0,1.218924,1.247152,LUX,NLD,842641
4111824,132,162,8913,2015,26906.0,34573.0,0.602209,1.125357,LVA,NLD,842641
4111825,134,162,8913,2015,0.0,30275.0,-0.7554810000000001,-0.059697,MAR,NLD,842641
4111826,136,162,8913,2015,0.0,19021.0,-1.15947,-0.497217,MDG,NLD,842641
4111827,140,162,8913,2015,0.0,8194.0,-0.09009600000000001,-0.147359,MKD,NLD,842641
4111828,142,162,8913,2015,1971.0,4886.0,0.880893,-0.117585,MLT,NLD,842641
4111829,143,162,8913,2015,0.0,190662.0,-1.4596120000000001,-0.903904,MMR,NLD,842641
4111830,144,162,8913,2015,0.0,88171.0,-0.048385000000000004,-0.150759,MNE,NLD,842641
4111831,153,162,8913,2015,0.0,1843456.0,1.082803,0.811615,MYS,NLD,842641
4111832,159,162,8913,2015,0.0,6570041.0,-1.415451,-1.157829,NGA,NLD,842641
4111833,163,162,8913,2015,524885.0,1112062.0,0.950708,0.314339,NOR,NLD,842641
4111834,166,162,8913,2015,0.0,480222.0,0.224598,0.253179,NZL,NLD,842641
4111835,167,162,8913,2015,0.0,5022.0,-0.4699,-1.00451,OMN,NLD,842641
4111836,168,162,8913,2015,0.0,14874.0,-0.7059979999999999,0.73501,PAK,NLD,842641
4111837,174,162,8913,2015,0.0,72243.0,0.6406270000000001,0.45770200000000005,PHL,NLD,842641
4111838,177,162,8913,2015,1046974.0,2863804.0,1.145844,1.1449280000000002,POL,NLD,842641
4111839,179,162,8913,2015,67260.0,259405.0,0.561922,2.2276380000000002,PRT,NLD,842641
4111840,180,162,8913,2015,0.0,44352.0,-0.471106,-0.9431139999999999,PRY,NLD,842641
4111841,183,162,8913,2015,283094.0,0.0,-0.077053,-0.9922719999999999,QAT,NLD,842641
4111842,185,162,8913,2015,331349.0,582930.0,0.946363,1.056775,ROU,NLD,842641
4111843,186,162,8913,2015,36222.0,962019.0,0.23119,0.035965,RUS,NLD,842641
4111844,188,162,8913,2015,0.0,678815.0,0.5552520000000001,-0.7263229999999999,SAU,NLD,842641
4111845,191,162,8913,2015,0.0,76120.0,-0.708349,-0.296663,SEN,NLD,842641
4111846,192,162,8913,2015,0.0,85231.0,2.05613,0.593065,SGP,NLD,842641
4111847,196,162,8913,2015,0.0,3157025.0,0.072324,-0.255235,SLE,NLD,842641
4111848,201,162,8913,2015,0.0,3997.0,0.457042,1.324908,SRB,NLD,842641
4111849,203,162,8913,2015,0.0,14472.0,1.051934,-0.304408,STP,NLD,842641
4111850,206,162,8913,2015,47620.0,23435.0,1.287133,0.7900560000000001,SVK,NLD,842641
4111851,207,162,8913,2015,148076.0,13476.0,1.6089879999999999,0.833616,SVN,NLD,842641
4111852,208,162,8913,2015,380685.0,1089260.0,1.8068349999999997,0.693389,SWE,NLD,842641
4111853,215,162,8913,2015,88515.0,6691956.0,-0.66925,-0.873554,TGO,NLD,842641
4111854,216,162,8913,2015,0.0,1326910.0,0.965888,1.368572,THA,NLD,842641
4111855,224,162,8913,2015,437342.0,461795.0,0.438669,2.519632,TUR,NLD,842641
4111856,226,162,8913,2015,0.0,25069.0,-1.02395,-0.017509999999999998,TZA,NLD,842641
4111857,228,162,8913,2015,202070.0,99580.0,0.429879,0.701813,UKR,NLD,842641
4111858,230,162,8913,2015,0.0,102238.0,0.273876,-0.363695,URY,NLD,842641
4111859,231,162,8913,2015,1919548.0,232025.0,1.720478,-0.129322,USA,NLD,842641
4111860,239,162,8913,2015,0.0,133899.0,-0.17108900000000002,1.10995,VNM,NLD,842641
4111861,246,162,8913,2015,0.0,1859.0,0.24944699999999997,1.7573159999999999,ZAF,NLD,842641
4111862,249,162,8913,2015,0.0,230519.0,1.962832,1.214982,TWN,NLD,842641
4111863,250,162,8913,2015,11178.0,2757.0,0.377283,-0.092204,ANS,NLD,842641
4111864,7,166,8913,2015,0.0,625635.0,0.21779600000000002,-0.0047420000000000006,ARE,NZL,842641
4111865,14,166,8913,2015,2437038.0,678689.0,-0.292325,-0.043489,AUS,NZL,842641
4111866,61,166,8913,2015,13316028.0,0.0,2.203818,-2.307561,DEU,NZL,842641
4111867,75,166,8913,2015,0.0,323375.0,-0.481968,-0.201468,FJI,NZL,842641
4111868,106,166,8913,2015,2208064.0,0.0,1.304942,0.126431,IRL,NZL,842641
4111869,111,166,8913,2015,782892.0,0.0,1.321127,0.747046,ITA,NZL,842641
4111870,114,166,8913,2015,349239.0,0.0,2.516133,-0.484202,JPN,NZL,842641
4111871,122,166,8913,2015,0.0,479534.0,-0.352023,-1.153057,KWT,NZL,842641
4111872,162,166,8913,2015,480222.0,0.0,1.230104,1.27344,NLD,NZL,842641
4111873,208,166,8913,2015,24128.0,0.0,1.8068349999999997,0.693389,SWE,NZL,842641
4111874,231,166,8913,2015,0.0,19339.0,1.720478,-0.129322,USA,NZL,842641
4111875,239,166,8913,2015,0.0,161913.0,-0.17108900000000002,1.10995,VNM,NZL,842641
4111876,240,166,8913,2015,0.0,275945.0,-1.6531169999999997,-1.018974,VUT,NZL,842641
4111877,1,168,8913,2015,194653.0,0.0,-1.249655,-0.9094459999999999,AFG,PAK,842641
4111878,7,168,8913,2015,518162.0,173676.0,0.21779600000000002,-0.0047420000000000006,ARE,PAK,842641
4111879,18,168,8913,2015,183809.0,0.0,1.329866,1.100641,BEL,PAK,842641
4111880,43,168,8913,2015,1752754.0,0.0,1.077143,1.735757,CHN,PAK,842641
4111881,61,168,8913,2015,53594.0,0.0,2.203818,-2.307561,DEU,PAK,842641
4111882,71,168,8913,2015,177580.0,0.0,0.8173590000000001,2.442556,ESP,PAK,842641
4111883,81,168,8913,2015,3460.0,0.0,1.7422990000000003,0.75838,GBR,PAK,842641
4111884,114,168,8913,2015,46895.0,0.0,2.516133,-0.484202,JPN,PAK,842641
4111885,153,168,8913,2015,9188.0,0.0,1.082803,0.811615,MYS,PAK,842641
4111886,162,168,8913,2015,14874.0,0.0,1.230104,1.27344,NLD,PAK,842641
4111887,183,168,8913,2015,255139.0,0.0,-0.077053,-0.9922719999999999,QAT,PAK,842641
4111888,186,168,8913,2015,105535.0,0.0,0.23119,0.035965,RUS,PAK,842641
4111889,231,168,8913,2015,54113.0,0.0,1.720478,-0.129322,USA,PAK,842641
4111890,250,168,8913,2015,284075.0,0.0,0.377283,-0.092204,ANS,PAK,842641
4111891,18,169,8913,2015,0.0,27943.0,1.329866,1.100641,BEL,PAN,842641
4111892,42,169,8913,2015,190926.0,0.0,-0.356167,-0.47629399999999994,CHL,PAN,842641
4111893,71,169,8913,2015,12373.0,0.0,0.8173590000000001,2.442556,ESP,PAN,842641
4111894,104,169,8913,2015,60639.0,0.0,0.24230900000000002,2.8190880000000003,IND,PAN,842641
4111895,111,169,8913,2015,613070.0,0.0,1.321127,0.747046,ITA,PAN,842641
4111896,114,169,8913,2015,1702966.0,0.0,2.516133,-0.484202,JPN,PAN,842641
4111897,192,169,8913,2015,221571.0,7822.0,2.05613,0.593065,SGP,PAN,842641
4111898,231,169,8913,2015,5028789.0,0.0,1.720478,-0.129322,USA,PAN,842641
4111899,247,169,8913,2015,609636.0,0.0,-0.44792,-0.769586,ZMB,PAN,842641
4111900,8,173,8913,2015,0.0,276088.0,0.116896,0.30330999999999997,ARG,PER,842641
4111901,14,173,8913,2015,204279.0,0.0,-0.292325,-0.043489,AUS,PER,842641
4111902,15,173,8913,2015,453864.0,0.0,1.747098,-0.08026699999999999,AUT,PER,842641
4111903,31,173,8913,2015,0.0,526948.0,-1.051562,-1.067714,BOL,PER,842641
4111904,32,173,8913,2015,649733.0,0.0,0.23656799999999997,0.688607,BRA,PER,842641
4111905,42,173,8913,2015,1563377.0,351944.0,-0.356167,-0.47629399999999994,CHL,PER,842641
4111906,43,173,8913,2015,555915.0,0.0,1.077143,1.735757,CHN,PER,842641
4111907,49,173,8913,2015,0.0,4141.0,0.156383,-0.183055,COL,PER,842641
4111908,71,173,8913,2015,19416.0,0.0,0.8173590000000001,2.442556,ESP,PER,842641
4111909,77,173,8913,2015,1566222.0,0.0,1.479792,0.6490239999999999,FRA,PER,842641
4111910,81,173,8913,2015,19410.0,0.0,1.7422990000000003,0.75838,GBR,PER,842641
4111911,111,173,8913,2015,1126949.0,0.0,1.321127,0.747046,ITA,PER,842641
4111912,114,173,8913,2015,103185.0,0.0,2.516133,-0.484202,JPN,PER,842641
4111913,177,173,8913,2015,1215456.0,0.0,1.145844,1.1449280000000002,POL,PER,842641
4111914,231,173,8913,2015,5510024.0,657833.0,1.720478,-0.129322,USA,PER,842641
4111915,7,174,8913,2015,220535.0,0.0,0.21779600000000002,-0.0047420000000000006,ARE,PHL,842641
4111916,39,174,8913,2015,7210.0,0.0,0.695867,1.171676,CAN,PHL,842641
4111917,41,174,8913,2015,0.0,20680.0,2.306075,0.720781,CHE,PHL,842641
4111918,43,174,8913,2015,13722361.0,0.0,1.077143,1.735757,CHN,PHL,842641
4111919,61,174,8913,2015,21467.0,0.0,2.203818,-2.307561,DEU,PHL,842641
4111920,71,174,8913,2015,70219.0,0.0,0.8173590000000001,2.442556,ESP,PHL,842641
4111921,74,174,8913,2015,514410.0,0.0,1.597817,0.998059,FIN,PHL,842641
4111922,81,174,8913,2015,139858.0,0.0,1.7422990000000003,0.75838,GBR,PHL,842641
4111923,97,174,8913,2015,205038.0,0.0,0.8255290000000001,1.8017279999999998,HKG,PHL,842641
4111924,104,174,8913,2015,29247.0,0.0,0.24230900000000002,2.8190880000000003,IND,PHL,842641
4111925,111,174,8913,2015,852840.0,0.0,1.321127,0.747046,ITA,PHL,842641
4111926,114,174,8913,2015,27575266.0,19927.0,2.516133,-0.484202,JPN,PHL,842641
4111927,121,174,8913,2015,961686.0,0.0,1.900653,0.859406,KOR,PHL,842641
4111928,153,174,8913,2015,207557.0,0.0,1.082803,0.811615,MYS,PHL,842641
4111929,162,174,8913,2015,72243.0,0.0,1.230104,1.27344,NLD,PHL,842641
4111930,192,174,8913,2015,952703.0,3811.0,2.05613,0.593065,SGP,PHL,842641
4111931,216,174,8913,2015,61611.0,0.0,0.965888,1.368572,THA,PHL,842641
4111932,231,174,8913,2015,191199.0,0.0,1.720478,-0.129322,USA,PHL,842641
4111933,7,177,8913,2015,0.0,289675.0,0.21779600000000002,-0.0047420000000000006,ARE,POL,842641
4111934,8,177,8913,2015,0.0,667373.0,0.116896,0.30330999999999997,ARG,POL,842641
4111935,15,177,8913,2015,2846274.0,162453.0,1.747098,-0.08026699999999999,AUT,POL,842641
4111936,18,177,8913,2015,1757972.0,0.0,1.329866,1.100641,BEL,POL,842641
4111937,23,177,8913,2015,0.0,454421.0,0.45640699999999995,1.691455,BGR,POL,842641
4111938,28,177,8913,2015,0.0,16174.0,0.672499,0.5584020000000001,BLR,POL,842641
4111939,32,177,8913,2015,0.0,800799.0,0.23656799999999997,0.688607,BRA,POL,842641
4111940,39,177,8913,2015,0.0,97125.0,0.695867,1.171676,CAN,POL,842641
4111941,41,177,8913,2015,0.0,1300283.0,2.306075,0.720781,CHE,POL,842641
4111942,42,177,8913,2015,0.0,2220416.0,-0.356167,-0.47629399999999994,CHL,POL,842641
4111943,43,177,8913,2015,65444.0,27189.0,1.077143,1.735757,CHN,POL,842641
4111944,49,177,8913,2015,0.0,332757.0,0.156383,-0.183055,COL,POL,842641
4111945,59,177,8913,2015,13180.0,49061.0,1.743012,0.45424,CZE,POL,842641
4111946,61,177,8913,2015,8320668.0,85129.0,2.203818,-2.307561,DEU,POL,842641
4111947,62,177,8913,2015,0.0,388169.0,-0.538942,-0.832522,DJI,POL,842641
4111948,64,177,8913,2015,0.0,151760.0,1.157924,1.2045629999999998,DNK,POL,842641
4111949,66,177,8913,2015,0.0,3949965.0,-1.54346,-1.255633,DZA,POL,842641
4111950,68,177,8913,2015,0.0,1914.0,-0.183053,1.765036,EGY,POL,842641
4111951,69,177,8913,2015,0.0,379800.0,-1.7745669999999998,-1.013696,ERI,POL,842641
4111952,71,177,8913,2015,345596.0,0.0,0.8173590000000001,2.442556,ESP,POL,842641
4111953,74,177,8913,2015,347342.0,0.0,1.597817,0.998059,FIN,POL,842641
4111954,77,177,8913,2015,910532.0,1881596.0,1.479792,0.6490239999999999,FRA,POL,842641
4111955,81,177,8913,2015,367741.0,9696130.0,1.7422990000000003,0.75838,GBR,POL,842641
4111956,102,177,8913,2015,0.0,66572.0,1.462839,0.803258,HUN,POL,842641
4111957,104,177,8913,2015,0.0,325091.0,0.24230900000000002,2.8190880000000003,IND,POL,842641
4111958,109,177,8913,2015,0.0,675436.0,0.24527600000000002,-0.411616,ISL,POL,842641
4111959,110,177,8913,2015,0.0,1915523.0,1.260071,0.545545,ISR,POL,842641
4111960,111,177,8913,2015,620052.0,981619.0,1.321127,0.747046,ITA,POL,842641
4111961,121,177,8913,2015,0.0,1471743.0,1.900653,0.859406,KOR,POL,842641
4111962,132,177,8913,2015,0.0,12535.0,0.602209,1.125357,LVA,POL,842641
4111963,138,177,8913,2015,0.0,440947.0,1.169724,0.61457,MEX,POL,842641
4111964,159,177,8913,2015,0.0,626497.0,-1.415451,-1.157829,NGA,POL,842641
4111965,160,177,8913,2015,0.0,468248.0,-1.102989,-0.952276,NIC,POL,842641
4111966,162,177,8913,2015,2863804.0,1046974.0,1.230104,1.27344,NLD,POL,842641
4111967,163,177,8913,2015,78797.0,3131876.0,0.950708,0.314339,NOR,POL,842641
4111968,173,177,8913,2015,0.0,1215456.0,-0.6007819999999999,0.32152800000000004,PER,POL,842641
4111969,183,177,8913,2015,0.0,411524.0,-0.077053,-0.9922719999999999,QAT,POL,842641
4111970,185,177,8913,2015,37942.0,0.0,0.946363,1.056775,ROU,POL,842641
4111971,186,177,8913,2015,0.0,718423.0,0.23119,0.035965,RUS,POL,842641
4111972,188,177,8913,2015,0.0,323059.0,0.5552520000000001,-0.7263229999999999,SAU,POL,842641
4111973,190,177,8913,2015,0.0,268389.0,-1.420356,-1.218424,SDN,POL,842641
4111974,192,177,8913,2015,0.0,744787.0,2.05613,0.593065,SGP,POL,842641
4111975,207,177,8913,2015,0.0,924411.0,1.6089879999999999,0.833616,SVN,POL,842641
4111976,208,177,8913,2015,1234693.0,505653.0,1.8068349999999997,0.693389,SWE,POL,842641
4111977,223,177,8913,2015,0.0,1059900.0,0.140202,0.967591,TUN,POL,842641
4111978,224,177,8913,2015,0.0,971366.0,0.438669,2.519632,TUR,POL,842641
4111979,228,177,8913,2015,0.0,2544.0,0.429879,0.701813,UKR,POL,842641
4111980,231,177,8913,2015,0.0,1779156.0,1.720478,-0.129322,USA,POL,842641
4111981,239,177,8913,2015,0.0,696714.0,-0.17108900000000002,1.10995,VNM,POL,842641
4111982,246,177,8913,2015,0.0,7937256.0,0.24944699999999997,1.7573159999999999,ZAF,POL,842641
4111983,250,177,8913,2015,69020.0,0.0,0.377283,-0.092204,ANS,POL,842641
4111984,14,179,8913,2015,8230.0,0.0,-0.292325,-0.043489,AUS,PRT,842641
4111985,15,179,8913,2015,1931202.0,429936.0,1.747098,-0.08026699999999999,AUT,PRT,842641
4111986,18,179,8913,2015,3196754.0,0.0,1.329866,1.100641,BEL,PRT,842641
4111987,31,179,8913,2015,0.0,588.0,-1.051562,-1.067714,BOL,PRT,842641
4111988,32,179,8913,2015,330762.0,0.0,0.23656799999999997,0.688607,BRA,PRT,842641
4111989,45,179,8913,2015,110522.0,0.0,-0.924366,-1.040721,CMR,PRT,842641
4111990,49,179,8913,2015,0.0,83874.0,0.156383,-0.183055,COL,PRT,842641
4111991,51,179,8913,2015,0.0,292912.0,-0.263621,-0.772158,CPV,PRT,842641
4111992,61,179,8913,2015,328824.0,0.0,2.203818,-2.307561,DEU,PRT,842641
4111993,71,179,8913,2015,2126528.0,2833644.0,0.8173590000000001,2.442556,ESP,PRT,842641
4111994,74,179,8913,2015,197386.0,0.0,1.597817,0.998059,FIN,PRT,842641
4111995,77,179,8913,2015,1323402.0,0.0,1.479792,0.6490239999999999,FRA,PRT,842641
4111996,81,179,8913,2015,3271.0,0.0,1.7422990000000003,0.75838,GBR,PRT,842641
4111997,111,179,8913,2015,73763.0,0.0,1.321127,0.747046,ITA,PRT,842641
4111998,142,179,8913,2015,0.0,88304.0,0.880893,-0.117585,MLT,PRT,842641
4111999,147,179,8913,2015,0.0,108181.0,-1.293809,-1.115069,MOZ,PRT,842641
4112000,159,179,8913,2015,0.0,53680.0,-1.415451,-1.157829,NGA,PRT,842641
4112001,162,179,8913,2015,259405.0,67260.0,1.230104,1.27344,NLD,PRT,842641
4112002,188,179,8913,2015,0.0,32889.0,0.5552520000000001,-0.7263229999999999,SAU,PRT,842641
4112003,208,179,8913,2015,0.0,10694.0,1.8068349999999997,0.693389,SWE,PRT,842641
4112004,215,179,8913,2015,0.0,122563.0,-0.66925,-0.873554,TGO,PRT,842641
4112005,42,180,8913,2015,176467.0,0.0,-0.356167,-0.47629399999999994,CHL,PRY,842641
4112006,43,180,8913,2015,262958.0,0.0,1.077143,1.735757,CHN,PRY,842641
4112007,61,180,8913,2015,3656.0,0.0,2.203818,-2.307561,DEU,PRY,842641
4112008,71,180,8913,2015,43709.0,0.0,0.8173590000000001,2.442556,ESP,PRY,842641
4112009,104,180,8913,2015,48810.0,0.0,0.24230900000000002,2.8190880000000003,IND,PRY,842641
4112010,162,180,8913,2015,44352.0,0.0,1.230104,1.27344,NLD,PRY,842641
4112011,231,180,8913,2015,606359.0,0.0,1.720478,-0.129322,USA,PRY,842641
4112012,7,188,8913,2015,10400726.0,3174386.0,0.21779600000000002,-0.0047420000000000006,ARE,SAU,842641
4112013,14,188,8913,2015,1111393.0,0.0,-0.292325,-0.043489,AUS,SAU,842641
4112014,15,188,8913,2015,1197425.0,0.0,1.747098,-0.08026699999999999,AUT,SAU,842641
4112015,18,188,8913,2015,2774548.0,0.0,1.329866,1.100641,BEL,SAU,842641
4112016,24,188,8913,2015,63562.0,0.0,0.36650900000000003,-0.28735,BHR,SAU,842641
4112017,32,188,8913,2015,940611.0,0.0,0.23656799999999997,0.688607,BRA,SAU,842641
4112018,39,188,8913,2015,1945778.0,0.0,0.695867,1.171676,CAN,SAU,842641
4112019,43,188,8913,2015,19822932.0,0.0,1.077143,1.735757,CHN,SAU,842641
4112020,61,188,8913,2015,5895246.0,0.0,2.203818,-2.307561,DEU,SAU,842641
4112021,62,188,8913,2015,0.0,1071041.0,-0.538942,-0.832522,DJI,SAU,842641
4112022,66,188,8913,2015,0.0,602545.0,-1.54346,-1.255633,DZA,SAU,842641
4112023,68,188,8913,2015,0.0,20194.0,-0.183053,1.765036,EGY,SAU,842641
4112024,74,188,8913,2015,6711.0,0.0,1.597817,0.998059,FIN,SAU,842641
4112025,77,188,8913,2015,1005895.0,0.0,1.479792,0.6490239999999999,FRA,SAU,842641
4112026,81,188,8913,2015,92763.0,0.0,1.7422990000000003,0.75838,GBR,SAU,842641
4112027,103,188,8913,2015,87775.0,0.0,-0.145103,1.277362,IDN,SAU,842641
4112028,104,188,8913,2015,24471.0,0.0,0.24230900000000002,2.8190880000000003,IND,SAU,842641
4112029,108,188,8913,2015,0.0,735330.0,-1.465803,-0.912113,IRQ,SAU,842641
4112030,111,188,8913,2015,5561373.0,359585.0,1.321127,0.747046,ITA,SAU,842641
4112031,114,188,8913,2015,35526496.0,0.0,2.516133,-0.484202,JPN,SAU,842641
4112032,121,188,8913,2015,241097.0,25779.0,1.900653,0.859406,KOR,SAU,842641
4112033,122,188,8913,2015,0.0,1265344.0,-0.352023,-1.153057,KWT,SAU,842641
4112034,151,188,8913,2015,25520.0,0.0,-0.231762,-0.195051,MUS,SAU,842641
4112035,162,188,8913,2015,678815.0,0.0,1.230104,1.27344,NLD,SAU,842641
4112036,167,188,8913,2015,30231.0,0.0,-0.4699,-1.00451,OMN,SAU,842641
4112037,177,188,8913,2015,323059.0,0.0,1.145844,1.1449280000000002,POL,SAU,842641
4112038,179,188,8913,2015,32889.0,0.0,0.561922,2.2276380000000002,PRT,SAU,842641
4112039,183,188,8913,2015,2232636.0,4123281.0,-0.077053,-0.9922719999999999,QAT,SAU,842641
4112040,185,188,8913,2015,222494.0,0.0,0.946363,1.056775,ROU,SAU,842641
4112041,190,188,8913,2015,0.0,341845.0,-1.420356,-1.218424,SDN,SAU,842641
4112042,192,188,8913,2015,342578.0,0.0,2.05613,0.593065,SGP,SAU,842641
4112043,208,188,8913,2015,169590.0,0.0,1.8068349999999997,0.693389,SWE,SAU,842641
4112044,224,188,8913,2015,3967.0,0.0,0.438669,2.519632,TUR,SAU,842641
4112045,231,188,8913,2015,23756146.0,0.0,1.720478,-0.129322,USA,SAU,842641
4112046,236,188,8913,2015,0.0,2455515.0,-0.9249129999999999,-1.1877280000000001,VEN,SAU,842641
4112047,237,188,8913,2015,21346.0,0.0,0.914493,-0.31357399999999996,VGB,SAU,842641
4112048,249,188,8913,2015,1291.0,0.0,1.962832,1.214982,TWN,SAU,842641
4112049,7,190,8913,2015,12691.0,0.0,0.21779600000000002,-0.0047420000000000006,ARE,SDN,842641
4112050,18,190,8913,2015,6454.0,0.0,1.329866,1.100641,BEL,SDN,842641
4112051,43,190,8913,2015,433390.0,0.0,1.077143,1.735757,CHN,SDN,842641
4112052,61,190,8913,2015,1126023.0,0.0,2.203818,-2.307561,DEU,SDN,842641
4112053,177,190,8913,2015,268389.0,0.0,1.145844,1.1449280000000002,POL,SDN,842641
4112054,188,190,8913,2015,341845.0,0.0,0.5552520000000001,-0.7263229999999999,SAU,SDN,842641
4112055,246,190,8913,2015,16670.0,0.0,0.24944699999999997,1.7573159999999999,ZAF,SDN,842641
4112056,2,192,8913,2015,0.0,2161683.0,-1.6542,-1.2598989999999999,AGO,SGP,842641
4112057,7,192,8913,2015,251124.0,3580553.0,0.21779600000000002,-0.0047420000000000006,ARE,SGP,842641
4112058,14,192,8913,2015,2489970.0,0.0,-0.292325,-0.043489,AUS,SGP,842641
4112059,18,192,8913,2015,244542.0,0.0,1.329866,1.100641,BEL,SGP,842641
4112060,22,192,8913,2015,0.0,68786.0,-1.088465,-0.8745360000000001,BGD,SGP,842641
4112061,32,192,8913,2015,1456136.0,0.0,0.23656799999999997,0.688607,BRA,SGP,842641
4112062,34,192,8913,2015,115560.0,3077827.0,1.093564,-0.679211,BRN,SGP,842641
4112063,43,192,8913,2015,5306296.0,0.0,1.077143,1.735757,CHN,SGP,842641
4112064,47,192,8913,2015,0.0,321939.0,-1.294823,-1.18811,COG,SGP,842641
4112065,61,192,8913,2015,4959382.0,0.0,2.203818,-2.307561,DEU,SGP,842641
4112066,68,192,8913,2015,0.0,17035.0,-0.183053,1.765036,EGY,SGP,842641
4112067,74,192,8913,2015,5996.0,0.0,1.597817,0.998059,FIN,SGP,842641
4112068,77,192,8913,2015,58622.0,0.0,1.479792,0.6490239999999999,FRA,SGP,842641
4112069,81,192,8913,2015,32600.0,0.0,1.7422990000000003,0.75838,GBR,SGP,842641
4112070,97,192,8913,2015,0.0,985982.0,0.8255290000000001,1.8017279999999998,HKG,SGP,842641
4112071,103,192,8913,2015,1141273.0,3106584.0,-0.145103,1.277362,IDN,SGP,842641
4112072,104,192,8913,2015,0.0,1059465.0,0.24230900000000002,2.8190880000000003,IND,SGP,842641
4112073,106,192,8913,2015,277027.0,0.0,1.304942,0.126431,IRL,SGP,842641
4112074,111,192,8913,2015,2612476.0,0.0,1.321127,0.747046,ITA,SGP,842641
4112075,114,192,8913,2015,13845750.0,0.0,2.516133,-0.484202,JPN,SGP,842641
4112076,121,192,8913,2015,67694.0,875196.0,1.900653,0.859406,KOR,SGP,842641
4112077,122,192,8913,2015,0.0,838749.0,-0.352023,-1.153057,KWT,SGP,842641
4112078,128,192,8913,2015,0.0,284771.0,-0.6773399999999999,0.386343,LKA,SGP,842641
4112079,137,192,8913,2015,0.0,349952.0,-0.321571,-0.858751,MDV,SGP,842641
4112080,143,192,8913,2015,0.0,2916977.0,-1.4596120000000001,-0.903904,MMR,SGP,842641
4112081,153,192,8913,2015,1344189.0,3043049.0,1.082803,0.811615,MYS,SGP,842641
4112082,162,192,8913,2015,85231.0,0.0,1.230104,1.27344,NLD,SGP,842641
4112083,169,192,8913,2015,7822.0,221571.0,0.642058,0.833392,PAN,SGP,842641
4112084,174,192,8913,2015,3811.0,952703.0,0.6406270000000001,0.45770200000000005,PHL,SGP,842641
4112085,176,192,8913,2015,0.0,194509.0,-1.710939,-1.266333,PNG,SGP,842641
4112086,177,192,8913,2015,744787.0,0.0,1.145844,1.1449280000000002,POL,SGP,842641
4112087,188,192,8913,2015,0.0,342578.0,0.5552520000000001,-0.7263229999999999,SAU,SGP,842641
4112088,208,192,8913,2015,85899.0,0.0,1.8068349999999997,0.693389,SWE,SGP,842641
4112089,216,192,8913,2015,93930.0,952059.0,0.965888,1.368572,THA,SGP,842641
4112090,226,192,8913,2015,0.0,15699.0,-1.02395,-0.017509999999999998,TZA,SGP,842641
4112091,231,192,8913,2015,1972559.0,0.0,1.720478,-0.129322,USA,SGP,842641
4112092,239,192,8913,2015,0.0,1345327.0,-0.17108900000000002,1.10995,VNM,SGP,842641
4112093,249,192,8913,2015,0.0,612133.0,1.962832,1.214982,TWN,SGP,842641
4112094,61,197,8913,2015,54726.0,0.0,2.203818,-2.307561,DEU,SLV,842641
4112095,160,197,8913,2015,48093.0,2295.0,-1.102989,-0.952276,NIC,SLV,842641
4112096,231,197,8913,2015,98601.0,0.0,1.720478,-0.129322,USA,SLV,842641
4112097,15,205,8913,2015,2963663.0,0.0,1.747098,-0.08026699999999999,AUT,SUR,842641
4112098,111,205,8913,2015,370044.0,0.0,1.321127,0.747046,ITA,SUR,842641
4112099,7,208,8913,2015,0.0,27128.0,0.21779600000000002,-0.0047420000000000006,ARE,SWE,842641
4112100,15,208,8913,2015,0.0,77387.0,1.747098,-0.08026699999999999,AUT,SWE,842641
4112101,16,208,8913,2015,0.0,406452.0,-0.983347,-1.231542,AZE,SWE,842641
4112102,31,208,8913,2015,0.0,37212.0,-1.051562,-1.067714,BOL,SWE,842641
4112103,41,208,8913,2015,0.0,11206.0,2.306075,0.720781,CHE,SWE,842641
4112104,42,208,8913,2015,0.0,395511.0,-0.356167,-0.47629399999999994,CHL,SWE,842641
4112105,44,208,8913,2015,0.0,193944.0,-0.856142,-0.905292,CIV,SWE,842641
4112106,45,208,8913,2015,0.0,245253.0,-0.924366,-1.040721,CMR,SWE,842641
4112107,59,208,8913,2015,0.0,239113.0,1.743012,0.45424,CZE,SWE,842641
4112108,61,208,8913,2015,9955291.0,1880175.0,2.203818,-2.307561,DEU,SWE,842641
4112109,64,208,8913,2015,258762.0,4924227.0,1.157924,1.2045629999999998,DNK,SWE,842641
4112110,67,208,8913,2015,0.0,714604.0,-0.9845959999999999,-1.075639,ECU,SWE,842641
4112111,68,208,8913,2015,0.0,34346.0,-0.183053,1.765036,EGY,SWE,842641
4112112,71,208,8913,2015,144234.0,1418272.0,0.8173590000000001,2.442556,ESP,SWE,842641
4112113,74,208,8913,2015,137192.0,110087.0,1.597817,0.998059,FIN,SWE,842641
4112114,81,208,8913,2015,1702116.0,0.0,1.7422990000000003,0.75838,GBR,SWE,842641
4112115,109,208,8913,2015,0.0,1727431.0,0.24527600000000002,-0.411616,ISL,SWE,842641
4112116,110,208,8913,2015,0.0,214599.0,1.260071,0.545545,ISR,SWE,842641
4112117,111,208,8913,2015,1923600.0,0.0,1.321127,0.747046,ITA,SWE,842641
4112118,114,208,8913,2015,210773.0,322760.0,2.516133,-0.484202,JPN,SWE,842641
4112119,115,208,8913,2015,0.0,378413.0,-0.45091499999999995,-0.652026,KAZ,SWE,842641
4112120,116,208,8913,2015,0.0,551560.0,-0.453564,0.433325,KEN,SWE,842641
4112121,121,208,8913,2015,0.0,317407.0,1.900653,0.859406,KOR,SWE,842641
4112122,124,208,8913,2015,0.0,22570.0,0.317355,1.330374,LBN,SWE,842641
4112123,128,208,8913,2015,0.0,108522.0,-0.6773399999999999,0.386343,LKA,SWE,842641
4112124,132,208,8913,2015,0.0,133710.0,0.602209,1.125357,LVA,SWE,842641
4112125,138,208,8913,2015,0.0,2464861.0,1.169724,0.61457,MEX,SWE,842641
4112126,162,208,8913,2015,1089260.0,380685.0,1.230104,1.27344,NLD,SWE,842641
4112127,163,208,8913,2015,1154325.0,1809096.0,0.950708,0.314339,NOR,SWE,842641
4112128,166,208,8913,2015,0.0,24128.0,0.224598,0.253179,NZL,SWE,842641
4112129,177,208,8913,2015,505653.0,1234693.0,1.145844,1.1449280000000002,POL,SWE,842641
4112130,179,208,8913,2015,10694.0,0.0,0.561922,2.2276380000000002,PRT,SWE,842641
4112131,183,208,8913,2015,0.0,5202496.0,-0.077053,-0.9922719999999999,QAT,SWE,842641
4112132,186,208,8913,2015,0.0,867278.0,0.23119,0.035965,RUS,SWE,842641
4112133,188,208,8913,2015,0.0,169590.0,0.5552520000000001,-0.7263229999999999,SAU,SWE,842641
4112134,192,208,8913,2015,0.0,85899.0,2.05613,0.593065,SGP,SWE,842641
4112135,224,208,8913,2015,0.0,644402.0,0.438669,2.519632,TUR,SWE,842641
4112136,230,208,8913,2015,0.0,38308.0,0.273876,-0.363695,URY,SWE,842641
4112137,231,208,8913,2015,0.0,2545838.0,1.720478,-0.129322,USA,SWE,842641
4112138,14,216,8913,2015,331281.0,0.0,-0.292325,-0.043489,AUS,THA,842641
4112139,18,216,8913,2015,62466.0,0.0,1.329866,1.100641,BEL,THA,842641
4112140,43,216,8913,2015,6731578.0,0.0,1.077143,1.735757,CHN,THA,842641
4112141,49,216,8913,2015,0.0,2836.0,0.156383,-0.183055,COL,THA,842641
4112142,59,216,8913,2015,1651.0,0.0,1.743012,0.45424,CZE,THA,842641
4112143,61,216,8913,2015,5520271.0,0.0,2.203818,-2.307561,DEU,THA,842641
4112144,81,216,8913,2015,65508.0,0.0,1.7422990000000003,0.75838,GBR,THA,842641
4112145,103,216,8913,2015,131910.0,0.0,-0.145103,1.277362,IDN,THA,842641
4112146,111,216,8913,2015,146527.0,0.0,1.321127,0.747046,ITA,THA,842641
4112147,114,216,8913,2015,55961328.0,403792.0,2.516133,-0.484202,JPN,THA,842641
4112148,121,216,8913,2015,759192.0,0.0,1.900653,0.859406,KOR,THA,842641
4112149,123,216,8913,2015,0.0,1424268.0,-0.927524,-0.74525,LAO,THA,842641
4112150,128,216,8913,2015,665449.0,0.0,-0.6773399999999999,0.386343,LKA,THA,842641
4112151,143,216,8913,2015,0.0,146908.0,-1.4596120000000001,-0.903904,MMR,THA,842641
4112152,162,216,8913,2015,1326910.0,0.0,1.230104,1.27344,NLD,THA,842641
4112153,174,216,8913,2015,0.0,61611.0,0.6406270000000001,0.45770200000000005,PHL,THA,842641
4112154,192,216,8913,2015,952059.0,93930.0,2.05613,0.593065,SGP,THA,842641
4112155,231,216,8913,2015,843026.0,0.0,1.720478,-0.129322,USA,THA,842641
4112156,239,216,8913,2015,92776.0,126273.0,-0.17108900000000002,1.10995,VNM,THA,842641
4112157,246,216,8913,2015,40213.0,0.0,0.24944699999999997,1.7573159999999999,ZAF,THA,842641
4112158,249,216,8913,2015,65286.0,0.0,1.962832,1.214982,TWN,THA,842641
4112159,42,222,8913,2015,273872.0,0.0,-0.356167,-0.47629399999999994,CHL,TTO,842641
4112160,111,222,8913,2015,205458.0,0.0,1.321127,0.747046,ITA,TTO,842641
4112161,231,222,8913,2015,577041.0,0.0,1.720478,-0.129322,USA,TTO,842641
4112162,7,224,8913,2015,838050.0,0.0,0.21779600000000002,-0.0047420000000000006,ARE,TUR,842641
4112163,14,224,8913,2015,418944.0,0.0,-0.292325,-0.043489,AUS,TUR,842641
4112164,15,224,8913,2015,3079908.0,0.0,1.747098,-0.08026699999999999,AUT,TUR,842641
4112165,16,224,8913,2015,0.0,2588493.0,-0.983347,-1.231542,AZE,TUR,842641
4112166,39,224,8913,2015,161123.0,0.0,0.695867,1.171676,CAN,TUR,842641
4112167,58,224,8913,2015,0.0,7281.0,0.511225,-0.207261,CYP,TUR,842641
4112168,61,224,8913,2015,48859.0,0.0,2.203818,-2.307561,DEU,TUR,842641
4112169,66,224,8913,2015,0.0,1894206.0,-1.54346,-1.255633,DZA,TUR,842641
4112170,68,224,8913,2015,0.0,640357.0,-0.183053,1.765036,EGY,TUR,842641
4112171,71,224,8913,2015,211426.0,0.0,0.8173590000000001,2.442556,ESP,TUR,842641
4112172,74,224,8913,2015,13782325.0,0.0,1.597817,0.998059,FIN,TUR,842641
4112173,77,224,8913,2015,70199.0,0.0,1.479792,0.6490239999999999,FRA,TUR,842641
4112174,82,224,8913,2015,0.0,484084.0,-0.343663,-0.588017,GEO,TUR,842641
4112175,97,224,8913,2015,460112.0,0.0,0.8255290000000001,1.8017279999999998,HKG,TUR,842641
4112176,100,224,8913,2015,1425403.0,0.0,0.7590140000000001,1.257415,HRV,TUR,842641
4112177,104,224,8913,2015,0.0,94747.0,0.24230900000000002,2.8190880000000003,IND,TUR,842641
4112178,107,224,8913,2015,0.0,372473.0,-0.258946,-0.0073420000000000004,IRN,TUR,842641
4112179,108,224,8913,2015,0.0,1143120.0,-1.465803,-0.912113,IRQ,TUR,842641
4112180,110,224,8913,2015,0.0,90068.0,1.260071,0.545545,ISR,TUR,842641
4112181,111,224,8913,2015,23085198.0,1157985.0,1.321127,0.747046,ITA,TUR,842641
4112182,113,224,8913,2015,14504.0,7712.0,0.121172,0.457301,JOR,TUR,842641
4112183,115,224,8913,2015,0.0,379766.0,-0.45091499999999995,-0.652026,KAZ,TUR,842641
4112184,126,224,8913,2015,0.0,55004.0,-1.3257219999999998,-1.260453,LBY,TUR,842641
4112185,140,224,8913,2015,23295.0,0.0,-0.09009600000000001,-0.147359,MKD,TUR,842641
4112186,153,224,8913,2015,1324457.0,0.0,1.082803,0.811615,MYS,TUR,842641
4112187,162,224,8913,2015,461795.0,437342.0,1.230104,1.27344,NLD,TUR,842641
4112188,167,224,8913,2015,0.0,67352.0,-0.4699,-1.00451,OMN,TUR,842641
4112189,177,224,8913,2015,971366.0,0.0,1.145844,1.1449280000000002,POL,TUR,842641
4112190,183,224,8913,2015,0.0,297580.0,-0.077053,-0.9922719999999999,QAT,TUR,842641
4112191,185,224,8913,2015,0.0,38229.0,0.946363,1.056775,ROU,TUR,842641
4112192,188,224,8913,2015,0.0,3967.0,0.5552520000000001,-0.7263229999999999,SAU,TUR,842641
4112193,208,224,8913,2015,644402.0,0.0,1.8068349999999997,0.693389,SWE,TUR,842641
4112194,212,224,8913,2015,0.0,1596.0,-0.603532,0.313216,SYR,TUR,842641
4112195,219,224,8913,2015,0.0,1015996.0,-1.546516,-1.315803,TKM,TUR,842641
4112196,226,224,8913,2015,89534.0,0.0,-1.02395,-0.017509999999999998,TZA,TUR,842641
4112197,231,224,8913,2015,2074224.0,0.0,1.720478,-0.129322,USA,TUR,842641
4112198,59,228,8913,2015,2170.0,0.0,1.743012,0.45424,CZE,UKR,842641
4112199,61,228,8913,2015,35903.0,1283.0,2.203818,-2.307561,DEU,UKR,842641
4112200,64,228,8913,2015,5015.0,0.0,1.157924,1.2045629999999998,DNK,UKR,842641
4112201,81,228,8913,2015,3478.0,0.0,1.7422990000000003,0.75838,GBR,UKR,842641
4112202,111,228,8913,2015,32108.0,45697.0,1.321127,0.747046,ITA,UKR,842641
4112203,114,228,8913,2015,324088.0,0.0,2.516133,-0.484202,JPN,UKR,842641
4112204,130,228,8913,2015,32199.0,0.0,0.749429,1.3659860000000001,LTU,UKR,842641
4112205,162,228,8913,2015,99580.0,202070.0,1.230104,1.27344,NLD,UKR,842641
4112206,177,228,8913,2015,2544.0,0.0,1.145844,1.1449280000000002,POL,UKR,842641
4112207,231,228,8913,2015,0.0,27873.0,1.720478,-0.129322,USA,UKR,842641
4112208,32,230,8913,2015,760733.0,0.0,0.23656799999999997,0.688607,BRA,URY,842641
4112209,39,230,8913,2015,484284.0,0.0,0.695867,1.171676,CAN,URY,842641
4112210,61,230,8913,2015,92954.0,891082.0,2.203818,-2.307561,DEU,URY,842641
4112211,71,230,8913,2015,28977.0,0.0,0.8173590000000001,2.442556,ESP,URY,842641
4112212,77,230,8913,2015,722014.0,0.0,1.479792,0.6490239999999999,FRA,URY,842641
4112213,111,230,8913,2015,867269.0,0.0,1.321127,0.747046,ITA,URY,842641
4112214,162,230,8913,2015,102238.0,0.0,1.230104,1.27344,NLD,URY,842641
4112215,208,230,8913,2015,38308.0,0.0,1.8068349999999997,0.693389,SWE,URY,842641
4112216,231,230,8913,2015,60101.0,0.0,1.720478,-0.129322,USA,URY,842641
4112217,2,231,8913,2015,0.0,1436110.0,-1.6542,-1.2598989999999999,AGO,USA,842641
4112218,7,231,8913,2015,143955.0,5300398.0,0.21779600000000002,-0.0047420000000000006,ARE,USA,842641
4112219,8,231,8913,2015,0.0,2760177.0,0.116896,0.30330999999999997,ARG,USA,842641
4112220,14,231,8913,2015,654724.0,3926858.0,-0.292325,-0.043489,AUS,USA,842641
4112221,15,231,8913,2015,0.0,523181.0,1.747098,-0.08026699999999999,AUT,USA,842641
4112222,18,231,8913,2015,2061739.0,1901966.0,1.329866,1.100641,BEL,USA,842641
4112223,19,231,8913,2015,0.0,16392.0,-0.5641470000000001,-0.8971020000000001,BEN,USA,842641
4112224,21,231,8913,2015,0.0,761988.0,-1.085359,-1.034365,BFA,USA,842641
4112225,25,231,8913,2015,7114.0,941692.0,0.669493,-0.37838099999999997,BHS,USA,842641
4112226,26,231,8913,2015,0.0,1836.0,0.355903,0.723092,BIH,USA,842641
4112227,28,231,8913,2015,0.0,4278.0,0.672499,0.5584020000000001,BLR,USA,842641
4112228,29,231,8913,2015,0.0,19152.0,-0.24283600000000002,-0.577408,BLZ,USA,842641
4112229,30,231,8913,2015,0.0,23312.0,0.974592,-0.636426,BMU,USA,842641
4112230,31,231,8913,2015,0.0,725904.0,-1.051562,-1.067714,BOL,USA,842641
4112231,34,231,8913,2015,0.0,56566.0,1.093564,-0.679211,BRN,USA,842641
4112232,39,231,8913,2015,3081530.0,87176256.0,0.695867,1.171676,CAN,USA,842641
4112233,41,231,8913,2015,339802.0,481512.0,2.306075,0.720781,CHE,USA,842641
4112234,42,231,8913,2015,34934.0,6940972.0,-0.356167,-0.47629399999999994,CHL,USA,842641
4112235,43,231,8913,2015,477821.0,156732.0,1.077143,1.735757,CHN,USA,842641
4112236,44,231,8913,2015,0.0,43047.0,-0.856142,-0.905292,CIV,USA,842641
4112237,45,231,8913,2015,0.0,62174.0,-0.924366,-1.040721,CMR,USA,842641
4112238,46,231,8913,2015,0.0,164670.0,-1.3921290000000002,-1.146549,COD,USA,842641
4112239,47,231,8913,2015,10073.0,53433.0,-1.294823,-1.18811,COG,USA,842641
4112240,49,231,8913,2015,2970423.0,527814.0,0.156383,-0.183055,COL,USA,842641
4112241,52,231,8913,2015,0.0,1024243.0,0.24859699999999998,-0.033143,CRI,USA,842641
4112242,55,231,8913,2015,0.0,350000.0,0.296267,-0.6313350000000001,CUW,USA,842641
4112243,57,231,8913,2015,0.0,22500.0,0.275472,-0.831835,CYM,USA,842641
4112244,61,231,8913,2015,21434552.0,1492682.0,2.203818,-2.307561,DEU,USA,842641
4112245,65,231,8913,2015,0.0,1296224.0,-0.212808,0.395873,DOM,USA,842641
4112246,66,231,8913,2015,0.0,12530787.0,-1.54346,-1.255633,DZA,USA,842641
4112247,67,231,8913,2015,0.0,668604.0,-0.9845959999999999,-1.075639,ECU,USA,842641
4112248,68,231,8913,2015,0.0,6728269.0,-0.183053,1.765036,EGY,USA,842641
4112249,71,231,8913,2015,106928.0,0.0,0.8173590000000001,2.442556,ESP,USA,842641
4112250,74,231,8913,2015,291723.0,0.0,1.597817,0.998059,FIN,USA,842641
4112251,77,231,8913,2015,2236731.0,436592.0,1.479792,0.6490239999999999,FRA,USA,842641
4112252,81,231,8913,2015,405197.0,183055.0,1.7422990000000003,0.75838,GBR,USA,842641
4112253,83,231,8913,2015,0.0,432650.0,-0.750568,-0.690257,GHA,USA,842641
4112254,85,231,8913,2015,0.0,47738.0,-1.288329,-1.167532,GIN,USA,842641
4112255,93,231,8913,2015,0.0,1128198.0,-0.284403,0.525564,GTM,USA,842641
4112256,99,231,8913,2015,23944.0,1086006.0,-0.578635,-0.292053,HND,USA,842641
4112257,101,231,8913,2015,0.0,49800.0,-1.288246,-1.018979,HTI,USA,842641
4112258,102,231,8913,2015,0.0,6025.0,1.462839,0.803258,HUN,USA,842641
4112259,103,231,8913,2015,0.0,3030674.0,-0.145103,1.277362,IDN,USA,842641
4112260,104,231,8913,2015,0.0,2592258.0,0.24230900000000002,2.8190880000000003,IND,USA,842641
4112261,108,231,8913,2015,0.0,1003854.0,-1.465803,-0.912113,IRQ,USA,842641
4112262,109,231,8913,2015,0.0,244543.0,0.24527600000000002,-0.411616,ISL,USA,842641
4112263,110,231,8913,2015,0.0,778701.0,1.260071,0.545545,ISR,USA,842641
4112264,111,231,8913,2015,82458472.0,2998844.0,1.321127,0.747046,ITA,USA,842641
4112265,112,231,8913,2015,0.0,381354.0,-0.438267,-0.828097,JAM,USA,842641
4112266,114,231,8913,2015,86423576.0,0.0,2.516133,-0.484202,JPN,USA,842641
4112267,115,231,8913,2015,0.0,2369322.0,-0.45091499999999995,-0.652026,KAZ,USA,842641
4112268,116,231,8913,2015,0.0,292946.0,-0.453564,0.433325,KEN,USA,842641
4112269,120,231,8913,2015,0.0,40943.0,0.8252430000000001,-0.436662,KNA,USA,842641
4112270,121,231,8913,2015,74165.0,484891.0,1.900653,0.859406,KOR,USA,842641
4112271,122,231,8913,2015,0.0,4475566.0,-0.352023,-1.153057,KWT,USA,842641
4112272,124,231,8913,2015,0.0,8860.0,0.317355,1.330374,LBN,USA,842641
4112273,127,231,8913,2015,0.0,516953.0,0.5410590000000001,-0.484234,LCA,USA,842641
4112274,130,231,8913,2015,0.0,13847.0,0.749429,1.3659860000000001,LTU,USA,842641
4112275,134,231,8913,2015,0.0,13466.0,-0.7554810000000001,-0.059697,MAR,USA,842641
4112276,138,231,8913,2015,263325.0,27558738.0,1.169724,0.61457,MEX,USA,842641
4112277,139,231,8913,2015,0.0,332642.0,-0.174541,-0.828616,MHL,USA,842641
4112278,140,231,8913,2015,0.0,1795.0,-0.09009600000000001,-0.147359,MKD,USA,842641
4112279,143,231,8913,2015,0.0,625101.0,-1.4596120000000001,-0.903904,MMR,USA,842641
4112280,153,231,8913,2015,4796.0,1991873.0,1.082803,0.811615,MYS,USA,842641
4112281,159,231,8913,2015,0.0,2006473.0,-1.415451,-1.157829,NGA,USA,842641
4112282,160,231,8913,2015,0.0,76217.0,-1.102989,-0.952276,NIC,USA,842641
4112283,162,231,8913,2015,232025.0,1919548.0,1.230104,1.27344,NLD,USA,842641
4112284,163,231,8913,2015,0.0,5609.0,0.950708,0.314339,NOR,USA,842641
4112285,166,231,8913,2015,19339.0,0.0,0.224598,0.253179,NZL,USA,842641
4112286,167,231,8913,2015,0.0,2407187.0,-0.4699,-1.00451,OMN,USA,842641
4112287,168,231,8913,2015,0.0,54113.0,-0.7059979999999999,0.73501,PAK,USA,842641
4112288,169,231,8913,2015,0.0,5028789.0,0.642058,0.833392,PAN,USA,842641
4112289,173,231,8913,2015,657833.0,5510024.0,-0.6007819999999999,0.32152800000000004,PER,USA,842641
4112290,174,231,8913,2015,0.0,191199.0,0.6406270000000001,0.45770200000000005,PHL,USA,842641
4112291,176,231,8913,2015,0.0,610000.0,-1.710939,-1.266333,PNG,USA,842641
4112292,177,231,8913,2015,1779156.0,0.0,1.145844,1.1449280000000002,POL,USA,842641
4112293,180,231,8913,2015,0.0,606359.0,-0.471106,-0.9431139999999999,PRY,USA,842641
4112294,182,231,8913,2015,0.0,273247.0,-0.301696,-0.795154,PYF,USA,842641
4112295,183,231,8913,2015,0.0,2563933.0,-0.077053,-0.9922719999999999,QAT,USA,842641
4112296,186,231,8913,2015,375114.0,222304.0,0.23119,0.035965,RUS,USA,842641
4112297,188,231,8913,2015,0.0,23756146.0,0.5552520000000001,-0.7263229999999999,SAU,USA,842641
4112298,191,231,8913,2015,0.0,2144977.0,-0.708349,-0.296663,SEN,USA,842641
4112299,192,231,8913,2015,0.0,1972559.0,2.05613,0.593065,SGP,USA,842641
4112300,196,231,8913,2015,0.0,754164.0,0.072324,-0.255235,SLE,USA,842641
4112301,197,231,8913,2015,0.0,98601.0,0.05531900000000001,0.169073,SLV,USA,842641
4112302,201,231,8913,2015,0.0,4452.0,0.457042,1.324908,SRB,USA,842641
4112303,208,231,8913,2015,2545838.0,0.0,1.8068349999999997,0.693389,SWE,USA,842641
4112304,213,231,8913,2015,0.0,30000.0,0.27341,-0.5579649999999999,TCA,USA,842641
4112305,216,231,8913,2015,0.0,843026.0,0.965888,1.368572,THA,USA,842641
4112306,222,231,8913,2015,0.0,577041.0,-0.462837,-1.117621,TTO,USA,842641
4112307,224,231,8913,2015,0.0,2074224.0,0.438669,2.519632,TUR,USA,842641
4112308,227,231,8913,2015,0.0,62541.0,-0.611023,0.078961,UGA,USA,842641
4112309,228,231,8913,2015,27873.0,0.0,0.429879,0.701813,UKR,USA,842641
4112310,230,231,8913,2015,0.0,60101.0,0.273876,-0.363695,URY,USA,842641
4112311,234,231,8913,2015,0.0,146710.0,0.087811,-0.35481999999999997,VCT,USA,842641
4112312,236,231,8913,2015,0.0,12438957.0,-0.9249129999999999,-1.1877280000000001,VEN,USA,842641
4112313,237,231,8913,2015,0.0,250000.0,0.914493,-0.31357399999999996,VGB,USA,842641
4112314,239,231,8913,2015,0.0,93530.0,-0.17108900000000002,1.10995,VNM,USA,842641
4112315,243,231,8913,2015,0.0,41037.0,-1.048632,-1.10843,YEM,USA,842641
4112316,246,231,8913,2015,0.0,5557036.0,0.24944699999999997,1.7573159999999999,ZAF,USA,842641
4112317,249,231,8913,2015,9904.0,1106496.0,1.962832,1.214982,TWN,USA,842641
4112318,7,236,8913,2015,0.0,139001.0,0.21779600000000002,-0.0047420000000000006,ARE,VEN,842641
4112319,32,236,8913,2015,1390365.0,0.0,0.23656799999999997,0.688607,BRA,VEN,842641
4112320,42,236,8913,2015,950057.0,1445806.0,-0.356167,-0.47629399999999994,CHL,VEN,842641
4112321,43,236,8913,2015,1099304.0,0.0,1.077143,1.735757,CHN,VEN,842641
4112322,111,236,8913,2015,53483.0,0.0,1.321127,0.747046,ITA,VEN,842641
4112323,188,236,8913,2015,2455515.0,0.0,0.5552520000000001,-0.7263229999999999,SAU,VEN,842641
4112324,231,236,8913,2015,12438957.0,0.0,1.720478,-0.129322,USA,VEN,842641
4112325,7,243,8913,2015,11158.0,0.0,0.21779600000000002,-0.0047420000000000006,ARE,YEM,842641
4112326,114,243,8913,2015,4830.0,0.0,2.516133,-0.484202,JPN,YEM,842641
4112327,231,243,8913,2015,41037.0,0.0,1.720478,-0.129322,USA,YEM,842641
4112328,2,246,8913,2015,0.0,8379.0,-1.6542,-1.2598989999999999,AGO,ZAF,842641
4112329,7,246,8913,2015,41907.0,0.0,0.21779600000000002,-0.0047420000000000006,ARE,ZAF,842641
4112330,14,246,8913,2015,1559297.0,429232.0,-0.292325,-0.043489,AUS,ZAF,842641
4112331,18,246,8913,2015,77206.0,0.0,1.329866,1.100641,BEL,ZAF,842641
4112332,37,246,8913,2015,125406.0,71987.0,-0.14164200000000002,-1.0372059999999999,BWA,ZAF,842641
4112333,43,246,8913,2015,4703603.0,0.0,1.077143,1.735757,CHN,ZAF,842641
4112334,46,246,8913,2015,138109.0,1709955.0,-1.3921290000000002,-1.146549,COD,ZAF,842641
4112335,49,246,8913,2015,0.0,56167.0,0.156383,-0.183055,COL,ZAF,842641
4112336,61,246,8913,2015,13219228.0,0.0,2.203818,-2.307561,DEU,ZAF,842641
4112337,71,246,8913,2015,337660.0,0.0,0.8173590000000001,2.442556,ESP,ZAF,842641
4112338,74,246,8913,2015,19880.0,0.0,1.597817,0.998059,FIN,ZAF,842641
4112339,77,246,8913,2015,105867.0,0.0,1.479792,0.6490239999999999,FRA,ZAF,842641
4112340,83,246,8913,2015,0.0,56656.0,-0.750568,-0.690257,GHA,ZAF,842641
4112341,106,246,8913,2015,15649.0,0.0,1.304942,0.126431,IRL,ZAF,842641
4112342,109,246,8913,2015,0.0,112177.0,0.24527600000000002,-0.411616,ISL,ZAF,842641
4112343,111,246,8913,2015,3164477.0,0.0,1.321127,0.747046,ITA,ZAF,842641
4112344,114,246,8913,2015,3258270.0,0.0,2.516133,-0.484202,JPN,ZAF,842641
4112345,116,246,8913,2015,0.0,53456.0,-0.453564,0.433325,KEN,ZAF,842641
4112346,129,246,8913,2015,0.0,72664.0,-0.910168,-0.870865,LSO,ZAF,842641
4112347,141,246,8913,2015,0.0,14837.0,-0.744236,-0.9441860000000001,MLI,ZAF,842641
4112348,147,246,8913,2015,240213.0,770670.0,-1.293809,-1.115069,MOZ,ZAF,842641
4112349,152,246,8913,2015,0.0,202623.0,-0.549862,-0.8753190000000001,MWI,ZAF,842641
4112350,155,246,8913,2015,182366.0,299098.0,-0.43457399999999996,-0.665655,NAM,ZAF,842641
4112351,160,246,8913,2015,0.0,102526.0,-1.102989,-0.952276,NIC,ZAF,842641
4112352,162,246,8913,2015,1859.0,0.0,1.230104,1.27344,NLD,ZAF,842641
4112353,177,246,8913,2015,7937256.0,0.0,1.145844,1.1449280000000002,POL,ZAF,842641
4112354,190,246,8913,2015,0.0,16670.0,-1.420356,-1.218424,SDN,ZAF,842641
4112355,209,246,8913,2015,0.0,205472.0,0.257467,-0.402491,SWZ,ZAF,842641
4112356,216,246,8913,2015,0.0,40213.0,0.965888,1.368572,THA,ZAF,842641
4112357,226,246,8913,2015,0.0,13976.0,-1.02395,-0.017509999999999998,TZA,ZAF,842641
4112358,227,246,8913,2015,0.0,243304.0,-0.611023,0.078961,UGA,ZAF,842641
4112359,231,246,8913,2015,5557036.0,0.0,1.720478,-0.129322,USA,ZAF,842641
4112360,247,246,8913,2015,115441.0,651478.0,-0.44792,-0.769586,ZMB,ZAF,842641
4112361,248,246,8913,2015,0.0,1555.0,-0.838017,-0.9400270000000001,ZWE,ZAF,842641
4112362,250,246,8913,2015,33227.0,0.0,0.377283,-0.092204,ANS,ZAF,842641
4112363,7,249,8913,2015,454218.0,0.0,0.21779600000000002,-0.0047420000000000006,ARE,TWN,842641
4112364,14,249,8913,2015,267516.0,0.0,-0.292325,-0.043489,AUS,TWN,842641
4112365,22,249,8913,2015,0.0,152782.0,-1.088465,-0.8745360000000001,BGD,TWN,842641
4112366,39,249,8913,2015,29316.0,0.0,0.695867,1.171676,CAN,TWN,842641
4112367,43,249,8913,2015,2139025.0,136680.0,1.077143,1.735757,CHN,TWN,842641
4112368,49,249,8913,2015,0.0,4786.0,0.156383,-0.183055,COL,TWN,842641
4112369,61,249,8913,2015,864829.0,0.0,2.203818,-2.307561,DEU,TWN,842641
4112370,77,249,8913,2015,366945.0,0.0,1.479792,0.6490239999999999,FRA,TWN,842641
4112371,81,249,8913,2015,1514566.0,0.0,1.7422990000000003,0.75838,GBR,TWN,842641
4112372,97,249,8913,2015,814725.0,23936.0,0.8255290000000001,1.8017279999999998,HKG,TWN,842641
4112373,103,249,8913,2015,0.0,6490.0,-0.145103,1.277362,IDN,TWN,842641
4112374,114,249,8913,2015,40535400.0,0.0,2.516133,-0.484202,JPN,TWN,842641
4112375,121,249,8913,2015,0.0,98276.0,1.900653,0.859406,KOR,TWN,842641
4112376,143,249,8913,2015,0.0,2459.0,-1.4596120000000001,-0.903904,MMR,TWN,842641
4112377,153,249,8913,2015,0.0,78044.0,1.082803,0.811615,MYS,TWN,842641
4112378,159,249,8913,2015,0.0,2551667.0,-1.415451,-1.157829,NGA,TWN,842641
4112379,162,249,8913,2015,230519.0,0.0,1.230104,1.27344,NLD,TWN,842641
4112380,188,249,8913,2015,0.0,1291.0,0.5552520000000001,-0.7263229999999999,SAU,TWN,842641
4112381,192,249,8913,2015,612133.0,0.0,2.05613,0.593065,SGP,TWN,842641
4112382,216,249,8913,2015,0.0,65286.0,0.965888,1.368572,THA,TWN,842641
4112383,231,249,8913,2015,1106496.0,9904.0,1.720478,-0.129322,USA,TWN,842641
4112384,7,250,8913,2015,1117341.0,0.0,0.21779600000000002,-0.0047420000000000006,ARE,ANS,842641
4112385,32,250,8913,2015,0.0,308140.0,0.23656799999999997,0.688607,BRA,ANS,842641
4112386,44,250,8913,2015,0.0,99533.0,-0.856142,-0.905292,CIV,ANS,842641
4112387,47,250,8913,2015,0.0,343521.0,-1.294823,-1.18811,COG,ANS,842641
4112388,61,250,8913,2015,3063346.0,0.0,2.203818,-2.307561,DEU,ANS,842641
4112389,77,250,8913,2015,0.0,9195.0,1.479792,0.6490239999999999,FRA,ANS,842641
4112390,106,250,8913,2015,0.0,18813.0,1.304942,0.126431,IRL,ANS,842641
4112391,113,250,8913,2015,218029.0,0.0,0.121172,0.457301,JOR,ANS,842641
4112392,116,250,8913,2015,29699.0,0.0,-0.453564,0.433325,KEN,ANS,842641
4112393,136,250,8913,2015,0.0,299843.0,-1.15947,-0.497217,MDG,ANS,842641
4112394,162,250,8913,2015,2757.0,11178.0,1.230104,1.27344,NLD,ANS,842641
4112395,168,250,8913,2015,0.0,284075.0,-0.7059979999999999,0.73501,PAK,ANS,842641
4112396,177,250,8913,2015,0.0,69020.0,1.145844,1.1449280000000002,POL,ANS,842641
4112397,246,250,8913,2015,0.0,33227.0,0.24944699999999997,1.7573159999999999,ZAF,ANS,842641
4112398,7,2,8913,2015,116799.0,0.0,0.21779600000000002,-0.0047420000000000006,ARE,AGO,842641
4112399,61,2,8913,2015,44974.0,0.0,2.203818,-2.307561,DEU,AGO,842641
4112400,71,2,8913,2015,44907.0,0.0,0.8173590000000001,2.442556,ESP,AGO,842641
4112401,77,2,8913,2015,1637394.0,0.0,1.479792,0.6490239999999999,FRA,AGO,842641
4112402,104,2,8913,2015,31585.0,0.0,0.24230900000000002,2.8190880000000003,IND,AGO,842641
4112403,111,2,8913,2015,520663.0,0.0,1.321127,0.747046,ITA,AGO,842641
4112404,121,2,8913,2015,20121.0,0.0,1.900653,0.859406,KOR,AGO,842641
4112405,162,2,8913,2015,634088.0,0.0,1.230104,1.27344,NLD,AGO,842641
4112406,192,2,8913,2015,2161683.0,0.0,2.05613,0.593065,SGP,AGO,842641
4112407,231,2,8913,2015,1436110.0,0.0,1.720478,-0.129322,USA,AGO,842641
4112408,239,2,8913,2015,3147.0,0.0,-0.17108900000000002,1.10995,VNM,AGO,842641
4112409,246,2,8913,2015,8379.0,0.0,0.24944699999999997,1.7573159999999999,ZAF,AGO,842641
4112410,7,14,8913,2015,0.0,9990169.0,0.21779600000000002,-0.0047420000000000006,ARE,AUS,842641
4112411,15,14,8913,2015,3520708.0,0.0,1.747098,-0.08026699999999999,AUT,AUS,842641
4112412,43,14,8913,2015,2495521.0,0.0,1.077143,1.735757,CHN,AUS,842641
4112413,56,14,8913,2015,0.0,192473.0,0.33029400000000003,-0.725431,CXR,AUS,842641
4112414,61,14,8913,2015,4116374.0,0.0,2.203818,-2.307561,DEU,AUS,842641
4112415,68,14,8913,2015,0.0,35084.0,-0.183053,1.765036,EGY,AUS,842641
4112416,71,14,8913,2015,247234.0,0.0,0.8173590000000001,2.442556,ESP,AUS,842641
4112417,75,14,8913,2015,0.0,60669.0,-0.481968,-0.201468,FJI,AUS,842641
4112418,81,14,8913,2015,0.0,2187074.0,1.7422990000000003,0.75838,GBR,AUS,842641
4112419,97,14,8913,2015,0.0,36921.0,0.8255290000000001,1.8017279999999998,HKG,AUS,842641
4112420,103,14,8913,2015,0.0,984291.0,-0.145103,1.277362,IDN,AUS,842641
4112421,104,14,8913,2015,0.0,133001.0,0.24230900000000002,2.8190880000000003,IND,AUS,842641
4112422,111,14,8913,2015,4195908.0,7538.0,1.321127,0.747046,ITA,AUS,842641
4112423,114,14,8913,2015,13648282.0,0.0,2.516133,-0.484202,JPN,AUS,842641
4112424,115,14,8913,2015,0.0,97534.0,-0.45091499999999995,-0.652026,KAZ,AUS,842641
4112425,122,14,8913,2015,0.0,1768916.0,-0.352023,-1.153057,KWT,AUS,842641
4112426,134,14,8913,2015,0.0,140532.0,-0.7554810000000001,-0.059697,MAR,AUS,842641
4112427,153,14,8913,2015,0.0,1867561.0,1.082803,0.811615,MYS,AUS,842641
4112428,156,14,8913,2015,0.0,4719.0,-0.727911,-0.844562,NCL,AUS,842641
4112429,159,14,8913,2015,0.0,188532.0,-1.415451,-1.157829,NGA,AUS,842641
4112430,162,14,8913,2015,0.0,16017.0,1.230104,1.27344,NLD,AUS,842641
4112431,165,14,8913,2015,0.0,4508.0,1.27283,-0.30019,NRU,AUS,842641
4112432,166,14,8913,2015,678689.0,2437038.0,0.224598,0.253179,NZL,AUS,842641
4112433,173,14,8913,2015,0.0,204279.0,-0.6007819999999999,0.32152800000000004,PER,AUS,842641
4112434,176,14,8913,2015,0.0,1071110.0,-1.710939,-1.266333,PNG,AUS,842641
4112435,179,14,8913,2015,0.0,8230.0,0.561922,2.2276380000000002,PRT,AUS,842641
4112436,188,14,8913,2015,0.0,1111393.0,0.5552520000000001,-0.7263229999999999,SAU,AUS,842641
4112437,191,14,8913,2015,0.0,43756.0,-0.708349,-0.296663,SEN,AUS,842641
4112438,192,14,8913,2015,0.0,2489970.0,2.05613,0.593065,SGP,AUS,842641
4112439,195,14,8913,2015,0.0,28377.0,-1.167451,-0.931206,SLB,AUS,842641
4112440,207,14,8913,2015,3110.0,0.0,1.6089879999999999,0.833616,SVN,AUS,842641
4112441,216,14,8913,2015,0.0,331281.0,0.965888,1.368572,THA,AUS,842641
4112442,220,14,8913,2015,0.0,40212.0,-0.878657,-0.9064450000000001,TLS,AUS,842641
4112443,224,14,8913,2015,0.0,418944.0,0.438669,2.519632,TUR,AUS,842641
4112444,231,14,8913,2015,3926858.0,654724.0,1.720478,-0.129322,USA,AUS,842641
4112445,239,14,8913,2015,0.0,2773328.0,-0.17108900000000002,1.10995,VNM,AUS,842641
4112446,246,14,8913,2015,429232.0,1559297.0,0.24944699999999997,1.7573159999999999,ZAF,AUS,842641
4112447,249,14,8913,2015,0.0,267516.0,1.962832,1.214982,TWN,AUS,842641
4112448,81,16,8913,2015,2720.0,0.0,1.7422990000000003,0.75838,GBR,AZE,842641
4112449,111,16,8913,2015,458162.0,0.0,1.321127,0.747046,ITA,AZE,842641
4112450,162,16,8913,2015,448531.0,0.0,1.230104,1.27344,NLD,AZE,842641
4112451,163,16,8913,2015,126989.0,0.0,0.950708,0.314339,NOR,AZE,842641
4112452,186,16,8913,2015,2753.0,0.0,0.23119,0.035965,RUS,AZE,842641
4112453,208,16,8913,2015,406452.0,0.0,1.8068349999999997,0.693389,SWE,AZE,842641
4112454,224,16,8913,2015,2588493.0,0.0,0.438669,2.519632,TUR,AZE,842641
4112455,18,22,8913,2015,1850.0,0.0,1.329866,1.100641,BEL,BGD,842641
4112456,43,22,8913,2015,1204220.0,0.0,1.077143,1.735757,CHN,BGD,842641
4112457,81,22,8913,2015,97388.0,0.0,1.7422990000000003,0.75838,GBR,BGD,842641
4112458,97,22,8913,2015,5730.0,0.0,0.8255290000000001,1.8017279999999998,HKG,BGD,842641
4112459,104,22,8913,2015,150952.0,0.0,0.24230900000000002,2.8190880000000003,IND,BGD,842641
4112460,114,22,8913,2015,1372480.0,0.0,2.516133,-0.484202,JPN,BGD,842641
4112461,121,22,8913,2015,194143.0,0.0,1.900653,0.859406,KOR,BGD,842641
4112462,192,22,8913,2015,68786.0,0.0,2.05613,0.593065,SGP,BGD,842641
4112463,249,22,8913,2015,152782.0,0.0,1.962832,1.214982,TWN,BGD,842641
4112464,7,24,8913,2015,204895.0,0.0,0.21779600000000002,-0.0047420000000000006,ARE,BHR,842641
4112465,43,24,8913,2015,225980.0,0.0,1.077143,1.735757,CHN,BHR,842641
4112466,62,24,8913,2015,0.0,19999.0,-0.538942,-0.832522,DJI,BHR,842641
4112467,104,24,8913,2015,0.0,115364.0,0.24230900000000002,2.8190880000000003,IND,BHR,842641
4112468,106,24,8913,2015,18178.0,0.0,1.304942,0.126431,IRL,BHR,842641
4112469,114,24,8913,2015,1684403.0,0.0,2.516133,-0.484202,JPN,BHR,842641
4112470,188,24,8913,2015,0.0,63562.0,0.5552520000000001,-0.7263229999999999,SAU,BHR,842641
4112471,61,28,8913,2015,1525726.0,0.0,2.203818,-2.307561,DEU,BLR,842641
4112472,77,28,8913,2015,8844.0,0.0,1.479792,0.6490239999999999,FRA,BLR,842641
4112473,130,28,8913,2015,12066.0,0.0,0.749429,1.3659860000000001,LTU,BLR,842641
4112474,177,28,8913,2015,16174.0,0.0,1.145844,1.1449280000000002,POL,BLR,842641
4112475,186,28,8913,2015,294553.0,71214.0,0.23119,0.035965,RUS,BLR,842641
4112476,231,28,8913,2015,4278.0,0.0,1.720478,-0.129322,USA,BLR,842641
4112477,18,46,8913,2015,49604.0,0.0,1.329866,1.100641,BEL,COD,842641
4112478,43,46,8913,2015,24601.0,0.0,1.077143,1.735757,CHN,COD,842641
4112479,61,46,8913,2015,610246.0,0.0,2.203818,-2.307561,DEU,COD,842641
4112480,71,46,8913,2015,23467.0,0.0,0.8173590000000001,2.442556,ESP,COD,842641
4112481,77,46,8913,2015,124756.0,0.0,1.479792,0.6490239999999999,FRA,COD,842641
4112482,104,46,8913,2015,137201.0,0.0,0.24230900000000002,2.8190880000000003,IND,COD,842641
4112483,111,46,8913,2015,341015.0,0.0,1.321127,0.747046,ITA,COD,842641
4112484,114,46,8913,2015,125819.0,0.0,2.516133,-0.484202,JPN,COD,842641
4112485,162,46,8913,2015,520916.0,0.0,1.230104,1.27344,NLD,COD,842641
4112486,226,46,8913,2015,0.0,40624.0,-1.02395,-0.017509999999999998,TZA,COD,842641
4112487,231,46,8913,2015,164670.0,0.0,1.720478,-0.129322,USA,COD,842641
4112488,246,46,8913,2015,1709955.0,138109.0,0.24944699999999997,1.7573159999999999,ZAF,COD,842641
4112489,7,68,8913,2015,29249.0,0.0,0.21779600000000002,-0.0047420000000000006,ARE,EGY,842641
4112490,14,68,8913,2015,35084.0,0.0,-0.292325,-0.043489,AUS,EGY,842641
4112491,15,68,8913,2015,931.0,0.0,1.747098,-0.08026699999999999,AUT,EGY,842641
4112492,18,68,8913,2015,134953.0,0.0,1.329866,1.100641,BEL,EGY,842641
4112493,32,68,8913,2015,1545419.0,0.0,0.23656799999999997,0.688607,BRA,EGY,842641
4112494,43,68,8913,2015,24982.0,0.0,1.077143,1.735757,CHN,EGY,842641
4112495,58,68,8913,2015,47975.0,0.0,0.511225,-0.207261,CYP,EGY,842641
4112496,61,68,8913,2015,2177.0,0.0,2.203818,-2.307561,DEU,EGY,842641
4112497,64,68,8913,2015,3127.0,0.0,1.157924,1.2045629999999998,DNK,EGY,842641
4112498,71,68,8913,2015,26641.0,0.0,0.8173590000000001,2.442556,ESP,EGY,842641
4112499,74,68,8913,2015,49179.0,0.0,1.597817,0.998059,FIN,EGY,842641
4112500,77,68,8913,2015,5996.0,0.0,1.479792,0.6490239999999999,FRA,EGY,842641
4112501,81,68,8913,2015,961581.0,0.0,1.7422990000000003,0.75838,GBR,EGY,842641
4112502,90,68,8913,2015,115667.0,0.0,0.099027,1.012289,GRC,EGY,842641
4112503,104,68,8913,2015,55167.0,0.0,0.24230900000000002,2.8190880000000003,IND,EGY,842641
4112504,106,68,8913,2015,16811.0,0.0,1.304942,0.126431,IRL,EGY,842641
4112505,111,68,8913,2015,3513808.0,0.0,1.321127,0.747046,ITA,EGY,842641
4112506,114,68,8913,2015,41685.0,0.0,2.516133,-0.484202,JPN,EGY,842641
4112507,121,68,8913,2015,104522.0,0.0,1.900653,0.859406,KOR,EGY,842641
4112508,162,68,8913,2015,239763.0,0.0,1.230104,1.27344,NLD,EGY,842641
4112509,177,68,8913,2015,1914.0,0.0,1.145844,1.1449280000000002,POL,EGY,842641
4112510,183,68,8913,2015,116074.0,0.0,-0.077053,-0.9922719999999999,QAT,EGY,842641
4112511,185,68,8913,2015,39997.0,0.0,0.946363,1.056775,ROU,EGY,842641
4112512,188,68,8913,2015,20194.0,0.0,0.5552520000000001,-0.7263229999999999,SAU,EGY,842641
4112513,192,68,8913,2015,17035.0,0.0,2.05613,0.593065,SGP,EGY,842641
4112514,208,68,8913,2015,34346.0,0.0,1.8068349999999997,0.693389,SWE,EGY,842641
4112515,224,68,8913,2015,640357.0,0.0,0.438669,2.519632,TUR,EGY,842641
4112516,231,68,8913,2015,6728269.0,0.0,1.720478,-0.129322,USA,EGY,842641
4112517,8,74,8913,2015,0.0,446612.0,0.116896,0.30330999999999997,ARG,FIN,842641
4112518,18,74,8913,2015,0.0,249276.0,1.329866,1.100641,BEL,FIN,842641
4112519,61,74,8913,2015,2945445.0,425245.0,2.203818,-2.307561,DEU,FIN,842641
4112520,64,74,8913,2015,0.0,380819.0,1.157924,1.2045629999999998,DNK,FIN,842641
4112521,68,74,8913,2015,0.0,49179.0,-0.183053,1.765036,EGY,FIN,842641
4112522,71,74,8913,2015,86699.0,0.0,0.8173590000000001,2.442556,ESP,FIN,842641
4112523,72,74,8913,2015,169114.0,8539.0,0.9281149999999999,1.1780389999999998,EST,FIN,842641
4112524,77,74,8913,2015,69160.0,0.0,1.479792,0.6490239999999999,FRA,FIN,842641
4112525,81,74,8913,2015,0.0,40268.0,1.7422990000000003,0.75838,GBR,FIN,842641
4112526,102,74,8913,2015,0.0,32845.0,1.462839,0.803258,HUN,FIN,842641
4112527,104,74,8913,2015,0.0,1159080.0,0.24230900000000002,2.8190880000000003,IND,FIN,842641
4112528,111,74,8913,2015,526288.0,3308997.0,1.321127,0.747046,ITA,FIN,842641
4112529,114,74,8913,2015,0.0,196806.0,2.516133,-0.484202,JPN,FIN,842641
4112530,132,74,8913,2015,0.0,3744399.0,0.602209,1.125357,LVA,FIN,842641
4112531,134,74,8913,2015,0.0,298952.0,-0.7554810000000001,-0.059697,MAR,FIN,842641
4112532,138,74,8913,2015,0.0,219570.0,1.169724,0.61457,MEX,FIN,842641
4112533,162,74,8913,2015,1452388.0,262396.0,1.230104,1.27344,NLD,FIN,842641
4112534,163,74,8913,2015,615535.0,960449.0,0.950708,0.314339,NOR,FIN,842641
4112535,174,74,8913,2015,0.0,514410.0,0.6406270000000001,0.45770200000000005,PHL,FIN,842641
4112536,177,74,8913,2015,0.0,347342.0,1.145844,1.1449280000000002,POL,FIN,842641
4112537,179,74,8913,2015,0.0,197386.0,0.561922,2.2276380000000002,PRT,FIN,842641
4112538,183,74,8913,2015,0.0,32347.0,-0.077053,-0.9922719999999999,QAT,FIN,842641
4112539,188,74,8913,2015,0.0,6711.0,0.5552520000000001,-0.7263229999999999,SAU,FIN,842641
4112540,192,74,8913,2015,0.0,5996.0,2.05613,0.593065,SGP,FIN,842641
4112541,208,74,8913,2015,110087.0,137192.0,1.8068349999999997,0.693389,SWE,FIN,842641
4112542,224,74,8913,2015,0.0,13782325.0,0.438669,2.519632,TUR,FIN,842641
4112543,231,74,8913,2015,0.0,291723.0,1.720478,-0.129322,USA,FIN,842641
4112544,246,74,8913,2015,0.0,19880.0,0.24944699999999997,1.7573159999999999,ZAF,FIN,842641
4112545,61,82,8913,2015,487933.0,0.0,2.203818,-2.307561,DEU,GEO,842641
4112546,81,82,8913,2015,40387.0,0.0,1.7422990000000003,0.75838,GBR,GEO,842641
4112547,90,82,8913,2015,28723.0,0.0,0.099027,1.012289,GRC,GEO,842641
4112548,111,82,8913,2015,2828842.0,0.0,1.321127,0.747046,ITA,GEO,842641
4112549,114,82,8913,2015,182882.0,0.0,2.516133,-0.484202,JPN,GEO,842641
4112550,162,82,8913,2015,103472.0,0.0,1.230104,1.27344,NLD,GEO,842641
4112551,224,82,8913,2015,484084.0,0.0,0.438669,2.519632,TUR,GEO,842641
4112552,7,90,8913,2015,0.0,39130.0,0.21779600000000002,-0.0047420000000000006,ARE,GRC,842641
4112553,43,90,8913,2015,1155.0,0.0,1.077143,1.735757,CHN,GRC,842641
4112554,44,90,8913,2015,0.0,8558.0,-0.856142,-0.905292,CIV,GRC,842641
4112555,58,90,8913,2015,0.0,3192.0,0.511225,-0.207261,CYP,GRC,842641
4112556,61,90,8913,2015,57276.0,0.0,2.203818,-2.307561,DEU,GRC,842641
4112557,64,90,8913,2015,0.0,2804.0,1.157924,1.2045629999999998,DNK,GRC,842641
4112558,68,90,8913,2015,0.0,115667.0,-0.183053,1.765036,EGY,GRC,842641
4112559,82,90,8913,2015,0.0,28723.0,-0.343663,-0.588017,GEO,GRC,842641
4112560,111,90,8913,2015,736242.0,3444.0,1.321127,0.747046,ITA,GRC,842641
4112561,114,90,8913,2015,6253.0,0.0,2.516133,-0.484202,JPN,GRC,842641
4112562,124,90,8913,2015,0.0,6572.0,0.317355,1.330374,LBN,GRC,842641
4112563,140,90,8913,2015,0.0,16909.0,-0.09009600000000001,-0.147359,MKD,GRC,842641
4112564,162,90,8913,2015,246067.0,77184.0,1.230104,1.27344,NLD,GRC,842641
4112565,196,90,8913,2015,0.0,18281.0,0.072324,-0.255235,SLE,GRC,842641
4112566,15,100,8913,2015,141365.0,0.0,1.747098,-0.08026699999999999,AUT,HRV,842641
4112567,26,100,8913,2015,0.0,17866.0,0.355903,0.723092,BIH,HRV,842641
4112568,77,100,8913,2015,155569.0,0.0,1.479792,0.6490239999999999,FRA,HRV,842641
4112569,81,100,8913,2015,26542.0,0.0,1.7422990000000003,0.75838,GBR,HRV,842641
4112570,111,100,8913,2015,12299.0,166181.0,1.321127,0.747046,ITA,HRV,842641
4112571,144,100,8913,2015,0.0,10702.0,-0.048385000000000004,-0.150759,MNE,HRV,842641
4112572,162,100,8913,2015,51643.0,25259.0,1.230104,1.27344,NLD,HRV,842641
4112573,201,100,8913,2015,0.0,83307.0,0.457042,1.324908,SRB,HRV,842641
4112574,224,100,8913,2015,0.0,1425403.0,0.438669,2.519632,TUR,HRV,842641
4112575,18,106,8913,2015,0.0,1538355.0,1.329866,1.100641,BEL,IRL,842641
4112576,24,106,8913,2015,0.0,18178.0,0.36650900000000003,-0.28735,BHR,IRL,842641
4112577,61,106,8913,2015,236744.0,1274222.0,2.203818,-2.307561,DEU,IRL,842641
4112578,64,106,8913,2015,0.0,1575.0,1.157924,1.2045629999999998,DNK,IRL,842641
4112579,68,106,8913,2015,0.0,16811.0,-0.183053,1.765036,EGY,IRL,842641
4112580,71,106,8913,2015,3100398.0,81561.0,0.8173590000000001,2.442556,ESP,IRL,842641
4112581,77,106,8913,2015,213609.0,0.0,1.479792,0.6490239999999999,FRA,IRL,842641
4112582,81,106,8913,2015,3543224.0,2407767.0,1.7422990000000003,0.75838,GBR,IRL,842641
4112583,104,106,8913,2015,5349.0,0.0,0.24230900000000002,2.8190880000000003,IND,IRL,842641
4112584,111,106,8913,2015,1053176.0,0.0,1.321127,0.747046,ITA,IRL,842641
4112585,114,106,8913,2015,4019265.0,0.0,2.516133,-0.484202,JPN,IRL,842641
4112586,134,106,8913,2015,100122.0,0.0,-0.7554810000000001,-0.059697,MAR,IRL,842641
4112587,138,106,8913,2015,0.0,62337.0,1.169724,0.61457,MEX,IRL,842641
4112588,143,106,8913,2015,0.0,35961.0,-1.4596120000000001,-0.903904,MMR,IRL,842641
4112589,162,106,8913,2015,292901.0,985227.0,1.230104,1.27344,NLD,IRL,842641
4112590,166,106,8913,2015,0.0,2208064.0,0.224598,0.253179,NZL,IRL,842641
4112591,192,106,8913,2015,0.0,277027.0,2.05613,0.593065,SGP,IRL,842641
4112592,239,106,8913,2015,0.0,108248.0,-0.17108900000000002,1.10995,VNM,IRL,842641
4112593,246,106,8913,2015,0.0,15649.0,0.24944699999999997,1.7573159999999999,ZAF,IRL,842641
4112594,250,106,8913,2015,18813.0,0.0,0.377283,-0.092204,ANS,IRL,842641
4112595,7,107,8913,2015,3714343.0,0.0,0.21779600000000002,-0.0047420000000000006,ARE,IRN,842641
4112596,43,107,8913,2015,2796832.0,0.0,1.077143,1.735757,CHN,IRN,842641
4112597,61,107,8913,2015,363788.0,0.0,2.203818,-2.307561,DEU,IRN,842641
4112598,71,107,8913,2015,1140.0,0.0,0.8173590000000001,2.442556,ESP,IRN,842641
4112599,115,107,8913,2015,24364.0,0.0,-0.45091499999999995,-0.652026,KAZ,IRN,842641
4112600,224,107,8913,2015,372473.0,0.0,0.438669,2.519632,TUR,IRN,842641
4112601,7,108,8913,2015,2294746.0,0.0,0.21779600000000002,-0.0047420000000000006,ARE,IRQ,842641
4112602,43,108,8913,2015,959964.0,0.0,1.077143,1.735757,CHN,IRQ,842641
4112603,61,108,8913,2015,256205.0,0.0,2.203818,-2.307561,DEU,IRQ,842641
4112604,81,108,8913,2015,17197.0,0.0,1.7422990000000003,0.75838,GBR,IRQ,842641
4112605,111,108,8913,2015,691688.0,0.0,1.321127,0.747046,ITA,IRQ,842641
4112606,113,108,8913,2015,42314.0,0.0,0.121172,0.457301,JOR,IRQ,842641
4112607,114,108,8913,2015,2504471.0,0.0,2.516133,-0.484202,JPN,IRQ,842641
4112608,163,108,8913,2015,32258.0,0.0,0.950708,0.314339,NOR,IRQ,842641
4112609,183,108,8913,2015,27475.0,0.0,-0.077053,-0.9922719999999999,QAT,IRQ,842641
4112610,188,108,8913,2015,735330.0,0.0,0.5552520000000001,-0.7263229999999999,SAU,IRQ,842641
4112611,224,108,8913,2015,1143120.0,0.0,0.438669,2.519632,TUR,IRQ,842641
4112612,231,108,8913,2015,1003854.0,0.0,1.720478,-0.129322,USA,IRQ,842641
4112613,14,115,8913,2015,97534.0,0.0,-0.292325,-0.043489,AUS,KAZ,842641
4112614,15,115,8913,2015,5663388.0,0.0,1.747098,-0.08026699999999999,AUT,KAZ,842641
4112615,43,115,8913,2015,2594041.0,0.0,1.077143,1.735757,CHN,KAZ,842641
4112616,71,115,8913,2015,118542.0,0.0,0.8173590000000001,2.442556,ESP,KAZ,842641
4112617,81,115,8913,2015,946.0,0.0,1.7422990000000003,0.75838,GBR,KAZ,842641
4112618,107,115,8913,2015,0.0,24364.0,-0.258946,-0.0073420000000000004,IRN,KAZ,842641
4112619,111,115,8913,2015,1783399.0,0.0,1.321127,0.747046,ITA,KAZ,842641
4112620,114,115,8913,2015,1156329.0,0.0,2.516133,-0.484202,JPN,KAZ,842641
4112621,130,115,8913,2015,1141161.0,0.0,0.749429,1.3659860000000001,LTU,KAZ,842641
4112622,162,115,8913,2015,1617921.0,0.0,1.230104,1.27344,NLD,KAZ,842641
4112623,186,115,8913,2015,2406382.0,0.0,0.23119,0.035965,RUS,KAZ,842641
4112624,208,115,8913,2015,378413.0,0.0,1.8068349999999997,0.693389,SWE,KAZ,842641
4112625,224,115,8913,2015,379766.0,0.0,0.438669,2.519632,TUR,KAZ,842641
4112626,231,115,8913,2015,2369322.0,0.0,1.720478,-0.129322,USA,KAZ,842641
4112627,7,116,8913,2015,74453.0,0.0,0.21779600000000002,-0.0047420000000000006,ARE,KEN,842641
4112628,18,116,8913,2015,72973.0,0.0,1.329866,1.100641,BEL,KEN,842641
4112629,41,116,8913,2015,4836.0,0.0,2.306075,0.720781,CHE,KEN,842641
4112630,43,116,8913,2015,2124661.0,0.0,1.077143,1.735757,CHN,KEN,842641
4112631,61,116,8913,2015,738967.0,0.0,2.203818,-2.307561,DEU,KEN,842641
4112632,71,116,8913,2015,25031.0,0.0,0.8173590000000001,2.442556,ESP,KEN,842641
4112633,77,116,8913,2015,750754.0,0.0,1.479792,0.6490239999999999,FRA,KEN,842641
4112634,81,116,8913,2015,355743.0,0.0,1.7422990000000003,0.75838,GBR,KEN,842641
4112635,104,116,8913,2015,154909.0,0.0,0.24230900000000002,2.8190880000000003,IND,KEN,842641
4112636,111,116,8913,2015,18464.0,0.0,1.321127,0.747046,ITA,KEN,842641
4112637,114,116,8913,2015,74853.0,0.0,2.516133,-0.484202,JPN,KEN,842641
4112638,199,116,8913,2015,0.0,208070.0,-1.716689,-1.078134,SOM,KEN,842641
4112639,208,116,8913,2015,551560.0,0.0,1.8068349999999997,0.693389,SWE,KEN,842641
4112640,226,116,8913,2015,0.0,898750.0,-1.02395,-0.017509999999999998,TZA,KEN,842641
4112641,227,116,8913,2015,438298.0,0.0,-0.611023,0.078961,UGA,KEN,842641
4112642,231,116,8913,2015,292946.0,0.0,1.720478,-0.129322,USA,KEN,842641
4112643,246,116,8913,2015,53456.0,0.0,0.24944699999999997,1.7573159999999999,ZAF,KEN,842641
4112644,247,116,8913,2015,0.0,46239.0,-0.44792,-0.769586,ZMB,KEN,842641
4112645,250,116,8913,2015,0.0,29699.0,0.377283,-0.092204,ANS,KEN,842641
4112646,41,124,8913,2015,20611.0,0.0,2.306075,0.720781,CHE,LBN,842641
4112647,47,124,8913,2015,0.0,8621.0,-1.294823,-1.18811,COG,LBN,842641
4112648,61,124,8913,2015,107531.0,0.0,2.203818,-2.307561,DEU,LBN,842641
4112649,77,124,8913,2015,93494.0,0.0,1.479792,0.6490239999999999,FRA,LBN,842641
4112650,90,124,8913,2015,6572.0,0.0,0.099027,1.012289,GRC,LBN,842641
4112651,111,124,8913,2015,838111.0,0.0,1.321127,0.747046,ITA,LBN,842641
4112652,114,124,8913,2015,67313.0,0.0,2.516133,-0.484202,JPN,LBN,842641
4112653,121,124,8913,2015,7245.0,0.0,1.900653,0.859406,KOR,LBN,842641
4112654,159,124,8913,2015,0.0,119837.0,-1.415451,-1.157829,NGA,LBN,842641
4112655,162,124,8913,2015,4926994.0,0.0,1.230104,1.27344,NLD,LBN,842641
4112656,208,124,8913,2015,22570.0,0.0,1.8068349999999997,0.693389,SWE,LBN,842641
4112657,223,124,8913,2015,3339094.0,0.0,0.140202,0.967591,TUN,LBN,842641
4112658,231,124,8913,2015,8860.0,0.0,1.720478,-0.129322,USA,LBN,842641
4112659,7,128,8913,2015,19320.0,0.0,0.21779600000000002,-0.0047420000000000006,ARE,LKA,842641
4112660,43,128,8913,2015,564709.0,0.0,1.077143,1.735757,CHN,LKA,842641
4112661,104,128,8913,2015,30890.0,0.0,0.24230900000000002,2.8190880000000003,IND,LKA,842641
4112662,111,128,8913,2015,23085.0,0.0,1.321127,0.747046,ITA,LKA,842641
4112663,114,128,8913,2015,2167506.0,0.0,2.516133,-0.484202,JPN,LKA,842641
4112664,192,128,8913,2015,284771.0,0.0,2.05613,0.593065,SGP,LKA,842641
4112665,208,128,8913,2015,108522.0,0.0,1.8068349999999997,0.693389,SWE,LKA,842641
4112666,216,128,8913,2015,0.0,665449.0,0.965888,1.368572,THA,LKA,842641
4112667,28,130,8913,2015,0.0,12066.0,0.672499,0.5584020000000001,BLR,LTU,842641
4112668,43,130,8913,2015,59519.0,0.0,1.077143,1.735757,CHN,LTU,842641
4112669,61,130,8913,2015,83077.0,0.0,2.203818,-2.307561,DEU,LTU,842641
4112670,71,130,8913,2015,39671.0,0.0,0.8173590000000001,2.442556,ESP,LTU,842641
4112671,72,130,8913,2015,0.0,42176.0,0.9281149999999999,1.1780389999999998,EST,LTU,842641
4112672,111,130,8913,2015,148496.0,0.0,1.321127,0.747046,ITA,LTU,842641
4112673,115,130,8913,2015,0.0,1141161.0,-0.45091499999999995,-0.652026,KAZ,LTU,842641
4112674,132,130,8913,2015,27121.0,0.0,0.602209,1.125357,LVA,LTU,842641
4112675,135,130,8913,2015,0.0,6903.0,-0.313837,-0.20393,MDA,LTU,842641
4112676,162,130,8913,2015,297664.0,48429.0,1.230104,1.27344,NLD,LTU,842641
4112677,163,130,8913,2015,117641.0,0.0,0.950708,0.314339,NOR,LTU,842641
4112678,186,130,8913,2015,0.0,48834.0,0.23119,0.035965,RUS,LTU,842641
4112679,228,130,8913,2015,0.0,32199.0,0.429879,0.701813,UKR,LTU,842641
4112680,231,130,8913,2015,13847.0,0.0,1.720478,-0.129322,USA,LTU,842641
4112681,15,131,8913,2015,0.0,226142.0,1.747098,-0.08026699999999999,AUT,LUX,842641
4112682,18,131,8913,2015,0.0,587878.0,1.329866,1.100641,BEL,LUX,842641
4112683,41,131,8913,2015,13731.0,0.0,2.306075,0.720781,CHE,LUX,842641
4112684,61,131,8913,2015,287608.0,20186.0,2.203818,-2.307561,DEU,LUX,842641
4112685,64,131,8913,2015,0.0,882.0,1.157924,1.2045629999999998,DNK,LUX,842641
4112686,71,131,8913,2015,369481.0,0.0,0.8173590000000001,2.442556,ESP,LUX,842641
4112687,77,131,8913,2015,221447.0,0.0,1.479792,0.6490239999999999,FRA,LUX,842641
4112688,111,131,8913,2015,48748.0,0.0,1.321127,0.747046,ITA,LUX,842641
4112689,162,131,8913,2015,58606.0,84803.0,1.230104,1.27344,NLD,LUX,842641
4112690,61,132,8913,2015,88930.0,0.0,2.203818,-2.307561,DEU,LVA,842641
4112691,64,132,8913,2015,310889.0,0.0,1.157924,1.2045629999999998,DNK,LVA,842641
4112692,71,132,8913,2015,60710.0,0.0,0.8173590000000001,2.442556,ESP,LVA,842641
4112693,72,132,8913,2015,47441.0,213048.0,0.9281149999999999,1.1780389999999998,EST,LVA,842641
4112694,74,132,8913,2015,3744399.0,0.0,1.597817,0.998059,FIN,LVA,842641
4112695,77,132,8913,2015,5885938.0,0.0,1.479792,0.6490239999999999,FRA,LVA,842641
4112696,130,132,8913,2015,0.0,27121.0,0.749429,1.3659860000000001,LTU,LVA,842641
4112697,162,132,8913,2015,34573.0,26906.0,1.230104,1.27344,NLD,LVA,842641
4112698,177,132,8913,2015,12535.0,0.0,1.145844,1.1449280000000002,POL,LVA,842641
4112699,208,132,8913,2015,133710.0,0.0,1.8068349999999997,0.693389,SWE,LVA,842641
4112700,231,139,8913,2015,332642.0,0.0,1.720478,-0.129322,USA,MHL,842641
4112701,41,140,8913,2015,14560.0,0.0,2.306075,0.720781,CHE,MKD,842641
4112702,61,140,8913,2015,131528.0,0.0,2.203818,-2.307561,DEU,MKD,842641
4112703,77,140,8913,2015,8740.0,0.0,1.479792,0.6490239999999999,FRA,MKD,842641
4112704,81,140,8913,2015,10637.0,0.0,1.7422990000000003,0.75838,GBR,MKD,842641
4112705,90,140,8913,2015,16909.0,0.0,0.099027,1.012289,GRC,MKD,842641
4112706,111,140,8913,2015,42457.0,0.0,1.321127,0.747046,ITA,MKD,842641
4112707,162,140,8913,2015,8194.0,0.0,1.230104,1.27344,NLD,MKD,842641
4112708,224,140,8913,2015,0.0,23295.0,0.438669,2.519632,TUR,MKD,842641
4112709,231,140,8913,2015,1795.0,0.0,1.720478,-0.129322,USA,MKD,842641
4112710,43,142,8913,2015,172435.0,0.0,1.077143,1.735757,CHN,MLT,842641
4112711,111,142,8913,2015,0.0,19628.0,1.321127,0.747046,ITA,MLT,842641
4112712,114,142,8913,2015,18432.0,0.0,2.516133,-0.484202,JPN,MLT,842641
4112713,162,142,8913,2015,4886.0,1971.0,1.230104,1.27344,NLD,MLT,842641
4112714,179,142,8913,2015,88304.0,0.0,0.561922,2.2276380000000002,PRT,MLT,842641
4112715,43,143,8913,2015,1530882.0,0.0,1.077143,1.735757,CHN,MMR,842641
4112716,81,143,8913,2015,43607.0,0.0,1.7422990000000003,0.75838,GBR,MMR,842641
4112717,104,143,8913,2015,10520.0,0.0,0.24230900000000002,2.8190880000000003,IND,MMR,842641
4112718,106,143,8913,2015,35961.0,0.0,1.304942,0.126431,IRL,MMR,842641
4112719,111,143,8913,2015,120787.0,0.0,1.321127,0.747046,ITA,MMR,842641
4112720,114,143,8913,2015,3053186.0,0.0,2.516133,-0.484202,JPN,MMR,842641
4112721,153,143,8913,2015,96751.0,0.0,1.082803,0.811615,MYS,MMR,842641
4112722,162,143,8913,2015,190662.0,0.0,1.230104,1.27344,NLD,MMR,842641
4112723,192,143,8913,2015,2916977.0,0.0,2.05613,0.593065,SGP,MMR,842641
4112724,216,143,8913,2015,146908.0,0.0,0.965888,1.368572,THA,MMR,842641
4112725,231,143,8913,2015,625101.0,0.0,1.720478,-0.129322,USA,MMR,842641
4112726,249,143,8913,2015,2459.0,0.0,1.962832,1.214982,TWN,MMR,842641
4112727,7,163,8913,2015,0.0,348515.0,0.21779600000000002,-0.0047420000000000006,ARE,NOR,842641
4112728,15,163,8913,2015,3796.0,0.0,1.747098,-0.08026699999999999,AUT,NOR,842641
4112729,16,163,8913,2015,0.0,126989.0,-0.983347,-1.231542,AZE,NOR,842641
4112730,18,163,8913,2015,0.0,9232.0,1.329866,1.100641,BEL,NOR,842641
4112731,61,163,8913,2015,3058035.0,203284.0,2.203818,-2.307561,DEU,NOR,842641
4112732,64,163,8913,2015,560934.0,21411.0,1.157924,1.2045629999999998,DNK,NOR,842641
4112733,71,163,8913,2015,76238.0,0.0,0.8173590000000001,2.442556,ESP,NOR,842641
4112734,74,163,8913,2015,960449.0,615535.0,1.597817,0.998059,FIN,NOR,842641
4112735,81,163,8913,2015,2983.0,251603.0,1.7422990000000003,0.75838,GBR,NOR,842641
4112736,108,163,8913,2015,0.0,32258.0,-1.465803,-0.912113,IRQ,NOR,842641
4112737,109,163,8913,2015,0.0,48175.0,0.24527600000000002,-0.411616,ISL,NOR,842641
4112738,111,163,8913,2015,1330733.0,0.0,1.321127,0.747046,ITA,NOR,842641
4112739,114,163,8913,2015,172796.0,0.0,2.516133,-0.484202,JPN,NOR,842641
4112740,130,163,8913,2015,0.0,117641.0,0.749429,1.3659860000000001,LTU,NOR,842641
4112741,153,163,8913,2015,0.0,68131.0,1.082803,0.811615,MYS,NOR,842641
4112742,162,163,8913,2015,1112062.0,524885.0,1.230104,1.27344,NLD,NOR,842641
4112743,177,163,8913,2015,3131876.0,78797.0,1.145844,1.1449280000000002,POL,NOR,842641
4112744,199,163,8913,2015,0.0,7475.0,-1.716689,-1.078134,SOM,NOR,842641
4112745,208,163,8913,2015,1809096.0,1154325.0,1.8068349999999997,0.693389,SWE,NOR,842641
4112746,231,163,8913,2015,5609.0,0.0,1.720478,-0.129322,USA,NOR,842641
4112747,43,164,8913,2015,81466.0,0.0,1.077143,1.735757,CHN,NPL,842641
4112748,104,164,8913,2015,157097.0,0.0,0.24230900000000002,2.8190880000000003,IND,NPL,842641
4112749,7,167,8913,2015,2272896.0,348571.0,0.21779600000000002,-0.0047420000000000006,ARE,OMN,842641
4112750,32,167,8913,2015,1630616.0,0.0,0.23656799999999997,0.688607,BRA,OMN,842641
4112751,39,167,8913,2015,6946.0,0.0,0.695867,1.171676,CAN,OMN,842641
4112752,43,167,8913,2015,343278.0,0.0,1.077143,1.735757,CHN,OMN,842641
4112753,61,167,8913,2015,790584.0,0.0,2.203818,-2.307561,DEU,OMN,842641
4112754,81,167,8913,2015,46979.0,0.0,1.7422990000000003,0.75838,GBR,OMN,842641
4112755,104,167,8913,2015,221577.0,0.0,0.24230900000000002,2.8190880000000003,IND,OMN,842641
4112756,111,167,8913,2015,2392100.0,0.0,1.321127,0.747046,ITA,OMN,842641
4112757,114,167,8913,2015,12024937.0,0.0,2.516133,-0.484202,JPN,OMN,842641
4112758,147,167,8913,2015,0.0,1131469.0,-1.293809,-1.115069,MOZ,OMN,842641
4112759,162,167,8913,2015,5022.0,0.0,1.230104,1.27344,NLD,OMN,842641
4112760,183,167,8913,2015,599491.0,0.0,-0.077053,-0.9922719999999999,QAT,OMN,842641
4112761,188,167,8913,2015,0.0,30231.0,0.5552520000000001,-0.7263229999999999,SAU,OMN,842641
4112762,224,167,8913,2015,67352.0,0.0,0.438669,2.519632,TUR,OMN,842641
4112763,231,167,8913,2015,2407187.0,0.0,1.720478,-0.129322,USA,OMN,842641
4112764,7,183,8913,2015,5708222.0,6700587.0,0.21779600000000002,-0.0047420000000000006,ARE,QAT,842641
4112765,32,183,8913,2015,523009.0,0.0,0.23656799999999997,0.688607,BRA,QAT,842641
4112766,39,183,8913,2015,34232.0,0.0,0.695867,1.171676,CAN,QAT,842641
4112767,43,183,8913,2015,1717388.0,0.0,1.077143,1.735757,CHN,QAT,842641
4112768,61,183,8913,2015,13906868.0,0.0,2.203818,-2.307561,DEU,QAT,842641
4112769,64,183,8913,2015,87850.0,0.0,1.157924,1.2045629999999998,DNK,QAT,842641
4112770,68,183,8913,2015,0.0,116074.0,-0.183053,1.765036,EGY,QAT,842641
4112771,74,183,8913,2015,32347.0,0.0,1.597817,0.998059,FIN,QAT,842641
4112772,77,183,8913,2015,309502.0,0.0,1.479792,0.6490239999999999,FRA,QAT,842641
4112773,81,183,8913,2015,678603.0,0.0,1.7422990000000003,0.75838,GBR,QAT,842641
4112774,104,183,8913,2015,512643.0,715132.0,0.24230900000000002,2.8190880000000003,IND,QAT,842641
4112775,108,183,8913,2015,0.0,27475.0,-1.465803,-0.912113,IRQ,QAT,842641
4112776,111,183,8913,2015,5612046.0,0.0,1.321127,0.747046,ITA,QAT,842641
4112777,113,183,8913,2015,0.0,7207.0,0.121172,0.457301,JOR,QAT,842641
4112778,114,183,8913,2015,8798131.0,0.0,2.516133,-0.484202,JPN,QAT,842641
4112779,121,183,8913,2015,423006.0,0.0,1.900653,0.859406,KOR,QAT,842641
4112780,122,183,8913,2015,0.0,4126372.0,-0.352023,-1.153057,KWT,QAT,842641
4112781,153,183,8913,2015,0.0,138976.0,1.082803,0.811615,MYS,QAT,842641
4112782,162,183,8913,2015,0.0,283094.0,1.230104,1.27344,NLD,QAT,842641
4112783,167,183,8913,2015,0.0,599491.0,-0.4699,-1.00451,OMN,QAT,842641
4112784,168,183,8913,2015,0.0,255139.0,-0.7059979999999999,0.73501,PAK,QAT,842641
4112785,177,183,8913,2015,411524.0,0.0,1.145844,1.1449280000000002,POL,QAT,842641
4112786,185,183,8913,2015,86835.0,0.0,0.946363,1.056775,ROU,QAT,842641
4112787,186,183,8913,2015,26842.0,0.0,0.23119,0.035965,RUS,QAT,842641
4112788,188,183,8913,2015,4123281.0,2232636.0,0.5552520000000001,-0.7263229999999999,SAU,QAT,842641
4112789,208,183,8913,2015,5202496.0,0.0,1.8068349999999997,0.693389,SWE,QAT,842641
4112790,224,183,8913,2015,297580.0,0.0,0.438669,2.519632,TUR,QAT,842641
4112791,231,183,8913,2015,2563933.0,0.0,1.720478,-0.129322,USA,QAT,842641
4112792,15,185,8913,2015,638087.0,0.0,1.747098,-0.08026699999999999,AUT,ROU,842641
4112793,18,185,8913,2015,16017.0,0.0,1.329866,1.100641,BEL,ROU,842641
4112794,23,185,8913,2015,8878.0,0.0,0.45640699999999995,1.691455,BGR,ROU,842641
4112795,41,185,8913,2015,6300.0,20418.0,2.306075,0.720781,CHE,ROU,842641
4112796,59,185,8913,2015,70157.0,5817.0,1.743012,0.45424,CZE,ROU,842641
4112797,61,185,8913,2015,191741.0,3264.0,2.203818,-2.307561,DEU,ROU,842641
4112798,68,185,8913,2015,0.0,39997.0,-0.183053,1.765036,EGY,ROU,842641
4112799,71,185,8913,2015,50908.0,1475553.0,0.8173590000000001,2.442556,ESP,ROU,842641
4112800,77,185,8913,2015,58761.0,0.0,1.479792,0.6490239999999999,FRA,ROU,842641
4112801,81,185,8913,2015,171015.0,0.0,1.7422990000000003,0.75838,GBR,ROU,842641
4112802,102,185,8913,2015,0.0,15110.0,1.462839,0.803258,HUN,ROU,842641
4112803,111,185,8913,2015,1314460.0,480114.0,1.321127,0.747046,ITA,ROU,842641
4112804,135,185,8913,2015,0.0,3646.0,-0.313837,-0.20393,MDA,ROU,842641
4112805,162,185,8913,2015,582930.0,331349.0,1.230104,1.27344,NLD,ROU,842641
4112806,177,185,8913,2015,0.0,37942.0,1.145844,1.1449280000000002,POL,ROU,842641
4112807,183,185,8913,2015,0.0,86835.0,-0.077053,-0.9922719999999999,QAT,ROU,842641
4112808,188,185,8913,2015,0.0,222494.0,0.5552520000000001,-0.7263229999999999,SAU,ROU,842641
4112809,224,185,8913,2015,38229.0,0.0,0.438669,2.519632,TUR,ROU,842641
4112810,239,185,8913,2015,0.0,100155.0,-0.17108900000000002,1.10995,VNM,ROU,842641
4112811,15,186,8913,2015,1509585.0,0.0,1.747098,-0.08026699999999999,AUT,RUS,842641
4112812,16,186,8913,2015,0.0,2753.0,-0.983347,-1.231542,AZE,RUS,842641
4112813,18,186,8913,2015,13091.0,0.0,1.329866,1.100641,BEL,RUS,842641
4112814,28,186,8913,2015,71214.0,294553.0,0.672499,0.5584020000000001,BLR,RUS,842641
4112815,41,186,8913,2015,983586.0,0.0,2.306075,0.720781,CHE,RUS,842641
4112816,43,186,8913,2015,2793081.0,0.0,1.077143,1.735757,CHN,RUS,842641
4112817,61,186,8913,2015,22171344.0,1107.0,2.203818,-2.307561,DEU,RUS,842641
4112818,110,186,8913,2015,0.0,91654.0,1.260071,0.545545,ISR,RUS,842641
4112819,111,186,8913,2015,1673123.0,0.0,1.321127,0.747046,ITA,RUS,842641
4112820,114,186,8913,2015,9065462.0,16162.0,2.516133,-0.484202,JPN,RUS,842641
4112821,115,186,8913,2015,0.0,2406382.0,-0.45091499999999995,-0.652026,KAZ,RUS,842641
4112822,121,186,8913,2015,0.0,269878.0,1.900653,0.859406,KOR,RUS,842641
4112823,130,186,8913,2015,48834.0,0.0,0.749429,1.3659860000000001,LTU,RUS,842641
4112824,162,186,8913,2015,962019.0,36222.0,1.230104,1.27344,NLD,RUS,842641
4112825,168,186,8913,2015,0.0,105535.0,-0.7059979999999999,0.73501,PAK,RUS,842641
4112826,177,186,8913,2015,718423.0,0.0,1.145844,1.1449280000000002,POL,RUS,842641
4112827,178,186,8913,2015,0.0,12240.0,-0.404818,-0.075235,PRK,RUS,842641
4112828,183,186,8913,2015,0.0,26842.0,-0.077053,-0.9922719999999999,QAT,RUS,842641
4112829,206,186,8913,2015,95587.0,0.0,1.287133,0.7900560000000001,SVK,RUS,842641
4112830,208,186,8913,2015,867278.0,0.0,1.8068349999999997,0.693389,SWE,RUS,842641
4112831,219,186,8913,2015,0.0,15129.0,-1.546516,-1.315803,TKM,RUS,842641
4112832,231,186,8913,2015,222304.0,375114.0,1.720478,-0.129322,USA,RUS,842641
4112833,14,191,8913,2015,43756.0,0.0,-0.292325,-0.043489,AUS,SEN,842641
4112834,39,191,8913,2015,21898.0,0.0,0.695867,1.171676,CAN,SEN,842641
4112835,43,191,8913,2015,101100.0,0.0,1.077143,1.735757,CHN,SEN,842641
4112836,61,191,8913,2015,883077.0,0.0,2.203818,-2.307561,DEU,SEN,842641
4112837,71,191,8913,2015,434842.0,0.0,0.8173590000000001,2.442556,ESP,SEN,842641
4112838,77,191,8913,2015,2287855.0,0.0,1.479792,0.6490239999999999,FRA,SEN,842641
4112839,111,191,8913,2015,762616.0,0.0,1.321127,0.747046,ITA,SEN,842641
4112840,157,191,8913,2015,0.0,168527.0,-1.517292,-1.033891,NER,SEN,842641
4112841,162,191,8913,2015,76120.0,0.0,1.230104,1.27344,NLD,SEN,842641
4112842,231,191,8913,2015,2144977.0,0.0,1.720478,-0.129322,USA,SEN,842641
4112843,18,201,8913,2015,6993.0,0.0,1.329866,1.100641,BEL,SRB,842641
4112844,61,201,8913,2015,3255.0,0.0,2.203818,-2.307561,DEU,SRB,842641
4112845,77,201,8913,2015,339929.0,0.0,1.479792,0.6490239999999999,FRA,SRB,842641
4112846,81,201,8913,2015,166530.0,0.0,1.7422990000000003,0.75838,GBR,SRB,842641
4112847,100,201,8913,2015,83307.0,0.0,0.7590140000000001,1.257415,HRV,SRB,842641
4112848,102,201,8913,2015,17482.0,0.0,1.462839,0.803258,HUN,SRB,842641
4112849,111,201,8913,2015,4398.0,0.0,1.321127,0.747046,ITA,SRB,842641
4112850,162,201,8913,2015,3997.0,0.0,1.230104,1.27344,NLD,SRB,842641
4112851,207,201,8913,2015,132683.0,0.0,1.6089879999999999,0.833616,SVN,SRB,842641
4112852,231,201,8913,2015,4452.0,0.0,1.720478,-0.129322,USA,SRB,842641
4112853,15,206,8913,2015,212892.0,203417.0,1.747098,-0.08026699999999999,AUT,SVK,842641
4112854,18,206,8913,2015,17681.0,0.0,1.329866,1.100641,BEL,SVK,842641
4112855,43,206,8913,2015,48262.0,0.0,1.077143,1.735757,CHN,SVK,842641
4112856,59,206,8913,2015,902271.0,7520.0,1.743012,0.45424,CZE,SVK,842641
4112857,61,206,8913,2015,519081.0,0.0,2.203818,-2.307561,DEU,SVK,842641
4112858,64,206,8913,2015,3627.0,1542.0,1.157924,1.2045629999999998,DNK,SVK,842641
4112859,71,206,8913,2015,113240.0,0.0,0.8173590000000001,2.442556,ESP,SVK,842641
4112860,102,206,8913,2015,20814.0,0.0,1.462839,0.803258,HUN,SVK,842641
4112861,111,206,8913,2015,863307.0,0.0,1.321127,0.747046,ITA,SVK,842641
4112862,162,206,8913,2015,23435.0,47620.0,1.230104,1.27344,NLD,SVK,842641
4112863,186,206,8913,2015,0.0,95587.0,0.23119,0.035965,RUS,SVK,842641
4112864,14,207,8913,2015,0.0,3110.0,-0.292325,-0.043489,AUS,SVN,842641
4112865,15,207,8913,2015,846506.0,0.0,1.747098,-0.08026699999999999,AUT,SVN,842641
4112866,26,207,8913,2015,0.0,6466.0,0.355903,0.723092,BIH,SVN,842641
4112867,61,207,8913,2015,82566.0,12046144.0,2.203818,-2.307561,DEU,SVN,842641
4112868,111,207,8913,2015,485090.0,0.0,1.321127,0.747046,ITA,SVN,842641
4112869,162,207,8913,2015,13476.0,148076.0,1.230104,1.27344,NLD,SVN,842641
4112870,177,207,8913,2015,924411.0,0.0,1.145844,1.1449280000000002,POL,SVN,842641
4112871,201,207,8913,2015,0.0,132683.0,0.457042,1.324908,SRB,SVN,842641
4112872,43,217,8913,2015,317156.0,0.0,1.077143,1.735757,CHN,TJK,842641
4112873,7,219,8913,2015,4125667.0,0.0,0.21779600000000002,-0.0047420000000000006,ARE,TKM,842641
4112874,111,219,8913,2015,2909712.0,0.0,1.321127,0.747046,ITA,TKM,842641
4112875,186,219,8913,2015,15129.0,0.0,0.23119,0.035965,RUS,TKM,842641
4112876,224,219,8913,2015,1015996.0,0.0,0.438669,2.519632,TUR,TKM,842641
4112877,23,226,8913,2015,5505.0,0.0,0.45640699999999995,1.691455,BGR,TZA,842641
4112878,32,226,8913,2015,313130.0,0.0,0.23656799999999997,0.688607,BRA,TZA,842641
4112879,43,226,8913,2015,466477.0,0.0,1.077143,1.735757,CHN,TZA,842641
4112880,46,226,8913,2015,40624.0,0.0,-1.3921290000000002,-1.146549,COD,TZA,842641
4112881,71,226,8913,2015,29523.0,0.0,0.8173590000000001,2.442556,ESP,TZA,842641
4112882,104,226,8913,2015,80653.0,0.0,0.24230900000000002,2.8190880000000003,IND,TZA,842641
4112883,111,226,8913,2015,334464.0,0.0,1.321127,0.747046,ITA,TZA,842641
4112884,116,226,8913,2015,898750.0,0.0,-0.453564,0.433325,KEN,TZA,842641
4112885,151,226,8913,2015,453240.0,0.0,-0.231762,-0.195051,MUS,TZA,842641
4112886,152,226,8913,2015,25198.0,0.0,-0.549862,-0.8753190000000001,MWI,TZA,842641
4112887,162,226,8913,2015,25069.0,0.0,1.230104,1.27344,NLD,TZA,842641
4112888,192,226,8913,2015,15699.0,0.0,2.05613,0.593065,SGP,TZA,842641
4112889,224,226,8913,2015,0.0,89534.0,0.438669,2.519632,TUR,TZA,842641
4112890,246,226,8913,2015,13976.0,0.0,0.24944699999999997,1.7573159999999999,ZAF,TZA,842641
4112891,43,232,8913,2015,643945.0,0.0,1.077143,1.735757,CHN,UZB,842641
4112892,2,239,8913,2015,0.0,3147.0,-1.6542,-1.2598989999999999,AGO,VNM,842641
4112893,14,239,8913,2015,2773328.0,0.0,-0.292325,-0.043489,AUS,VNM,842641
4112894,18,239,8913,2015,94400.0,0.0,1.329866,1.100641,BEL,VNM,842641
4112895,39,239,8913,2015,38431.0,0.0,0.695867,1.171676,CAN,VNM,842641
4112896,42,239,8913,2015,139018.0,0.0,-0.356167,-0.47629399999999994,CHL,VNM,842641
4112897,43,239,8913,2015,7259178.0,532966.0,1.077143,1.735757,CHN,VNM,842641
4112898,61,239,8913,2015,2234670.0,0.0,2.203818,-2.307561,DEU,VNM,842641
4112899,64,239,8913,2015,82666.0,0.0,1.157924,1.2045629999999998,DNK,VNM,842641
4112900,77,239,8913,2015,92203.0,0.0,1.479792,0.6490239999999999,FRA,VNM,842641
4112901,81,239,8913,2015,4121.0,0.0,1.7422990000000003,0.75838,GBR,VNM,842641
4112902,87,239,8913,2015,0.0,4860.0,-0.984775,-0.877886,GMB,VNM,842641
4112903,97,239,8913,2015,366152.0,0.0,0.8255290000000001,1.8017279999999998,HKG,VNM,842641
4112904,104,239,8913,2015,18407.0,0.0,0.24230900000000002,2.8190880000000003,IND,VNM,842641
4112905,106,239,8913,2015,108248.0,0.0,1.304942,0.126431,IRL,VNM,842641
4112906,111,239,8913,2015,390859.0,0.0,1.321127,0.747046,ITA,VNM,842641
4112907,114,239,8913,2015,22734020.0,0.0,2.516133,-0.484202,JPN,VNM,842641
4112908,118,239,8913,2015,0.0,42011.0,-0.791985,-0.833046,KHM,VNM,842641
4112909,121,239,8913,2015,1213905.0,0.0,1.900653,0.859406,KOR,VNM,842641
4112910,123,239,8913,2015,0.0,138414.0,-0.927524,-0.74525,LAO,VNM,842641
4112911,153,239,8913,2015,157153.0,0.0,1.082803,0.811615,MYS,VNM,842641
4112912,162,239,8913,2015,133899.0,0.0,1.230104,1.27344,NLD,VNM,842641
4112913,166,239,8913,2015,161913.0,0.0,0.224598,0.253179,NZL,VNM,842641
4112914,177,239,8913,2015,696714.0,0.0,1.145844,1.1449280000000002,POL,VNM,842641
4112915,185,239,8913,2015,100155.0,0.0,0.946363,1.056775,ROU,VNM,842641
4112916,192,239,8913,2015,1345327.0,0.0,2.05613,0.593065,SGP,VNM,842641
4112917,216,239,8913,2015,126273.0,92776.0,0.965888,1.368572,THA,VNM,842641
4112918,231,239,8913,2015,93530.0,0.0,1.720478,-0.129322,USA,VNM,842641
4112919,114,242,8913,2015,29324.0,0.0,2.516133,-0.484202,JPN,WSM,842641
4112920,7,1,8913,2015,85556.0,0.0,0.21779600000000002,-0.0047420000000000006,ARE,AFG,842641
4112921,81,1,8913,2015,45694.0,0.0,1.7422990000000003,0.75838,GBR,AFG,842641
4112922,162,1,8913,2015,26860.0,0.0,1.230104,1.27344,NLD,AFG,842641
4112923,168,1,8913,2015,0.0,194653.0,-0.7059979999999999,0.73501,PAK,AFG,842641
4112924,111,4,8913,2015,164199.0,0.0,1.321127,0.747046,ITA,ALB,842641
4112925,77,10,8913,2015,338365.0,0.0,1.479792,0.6490239999999999,FRA,ASM,842641
4112926,18,19,8913,2015,3182.0,166035.0,1.329866,1.100641,BEL,BEN,842641
4112927,43,19,8913,2015,930688.0,0.0,1.077143,1.735757,CHN,BEN,842641
4112928,77,19,8913,2015,1020.0,0.0,1.479792,0.6490239999999999,FRA,BEN,842641
4112929,111,19,8913,2015,5875.0,0.0,1.321127,0.747046,ITA,BEN,842641
4112930,215,19,8913,2015,16346.0,0.0,-0.66925,-0.873554,TGO,BEN,842641
4112931,231,19,8913,2015,16392.0,0.0,1.720478,-0.129322,USA,BEN,842641
4112932,18,21,8913,2015,42101.0,0.0,1.329866,1.100641,BEL,BFA,842641
4112933,71,21,8913,2015,5242.0,0.0,0.8173590000000001,2.442556,ESP,BFA,842641
4112934,77,21,8913,2015,143368.0,0.0,1.479792,0.6490239999999999,FRA,BFA,842641
4112935,111,21,8913,2015,515662.0,0.0,1.321127,0.747046,ITA,BFA,842641
4112936,157,21,8913,2015,0.0,49869.0,-1.517292,-1.033891,NER,BFA,842641
4112937,231,21,8913,2015,761988.0,0.0,1.720478,-0.129322,USA,BFA,842641
4112938,41,26,8913,2015,12951.0,0.0,2.306075,0.720781,CHE,BIH,842641
4112939,61,26,8913,2015,218978.0,0.0,2.203818,-2.307561,DEU,BIH,842641
4112940,77,26,8913,2015,14615.0,0.0,1.479792,0.6490239999999999,FRA,BIH,842641
4112941,100,26,8913,2015,17866.0,0.0,0.7590140000000001,1.257415,HRV,BIH,842641
4112942,102,26,8913,2015,0.0,5068.0,1.462839,0.803258,HUN,BIH,842641
4112943,111,26,8913,2015,59200.0,203249.0,1.321127,0.747046,ITA,BIH,842641
4112944,114,26,8913,2015,264.0,0.0,2.516133,-0.484202,JPN,BIH,842641
4112945,162,26,8913,2015,75844.0,0.0,1.230104,1.27344,NLD,BIH,842641
4112946,207,26,8913,2015,6466.0,0.0,1.6089879999999999,0.833616,SVN,BIH,842641
4112947,231,26,8913,2015,1836.0,0.0,1.720478,-0.129322,USA,BIH,842641
4112948,104,37,8913,2015,21101.0,0.0,0.24230900000000002,2.8190880000000003,IND,BWA,842641
4112949,155,37,8913,2015,139291.0,0.0,-0.43457399999999996,-0.665655,NAM,BWA,842641
4112950,246,37,8913,2015,71987.0,125406.0,0.24944699999999997,1.7573159999999999,ZAF,BWA,842641
4112951,247,37,8913,2015,8791.0,0.0,-0.44792,-0.769586,ZMB,BWA,842641
4112952,15,45,8913,2015,91712.0,0.0,1.747098,-0.08026699999999999,AUT,CMR,842641
4112953,18,45,8913,2015,3733.0,0.0,1.329866,1.100641,BEL,CMR,842641
4112954,43,45,8913,2015,1291693.0,0.0,1.077143,1.735757,CHN,CMR,842641
4112955,61,45,8913,2015,142207.0,0.0,2.203818,-2.307561,DEU,CMR,842641
4112956,71,45,8913,2015,20414.0,0.0,0.8173590000000001,2.442556,ESP,CMR,842641
4112957,77,45,8913,2015,92622.0,85553.0,1.479792,0.6490239999999999,FRA,CMR,842641
4112958,81,45,8913,2015,24952.0,0.0,1.7422990000000003,0.75838,GBR,CMR,842641
4112959,111,45,8913,2015,3205.0,0.0,1.321127,0.747046,ITA,CMR,842641
4112960,134,45,8913,2015,0.0,73644.0,-0.7554810000000001,-0.059697,MAR,CMR,842641
4112961,162,45,8913,2015,36563.0,0.0,1.230104,1.27344,NLD,CMR,842641
4112962,179,45,8913,2015,0.0,110522.0,0.561922,2.2276380000000002,PRT,CMR,842641
4112963,208,45,8913,2015,245253.0,0.0,1.8068349999999997,0.693389,SWE,CMR,842641
4112964,231,45,8913,2015,62174.0,0.0,1.720478,-0.129322,USA,CMR,842641
4112965,18,47,8913,2015,140572.0,0.0,1.329866,1.100641,BEL,COG,842641
4112966,39,47,8913,2015,101004.0,0.0,0.695867,1.171676,CAN,COG,842641
4112967,43,47,8913,2015,504642.0,0.0,1.077143,1.735757,CHN,COG,842641
4112968,61,47,8913,2015,1940790.0,0.0,2.203818,-2.307561,DEU,COG,842641
4112969,71,47,8913,2015,25398.0,0.0,0.8173590000000001,2.442556,ESP,COG,842641
4112970,77,47,8913,2015,356477.0,0.0,1.479792,0.6490239999999999,FRA,COG,842641
4112971,104,47,8913,2015,25341.0,0.0,0.24230900000000002,2.8190880000000003,IND,COG,842641
4112972,111,47,8913,2015,403269.0,0.0,1.321127,0.747046,ITA,COG,842641
4112973,124,47,8913,2015,8621.0,0.0,0.317355,1.330374,LBN,COG,842641
4112974,192,47,8913,2015,321939.0,0.0,2.05613,0.593065,SGP,COG,842641
4112975,231,47,8913,2015,53433.0,10073.0,1.720478,-0.129322,USA,COG,842641
4112976,250,47,8913,2015,343521.0,0.0,0.377283,-0.092204,ANS,COG,842641
4112977,43,54,8913,2015,4675652.0,0.0,1.077143,1.735757,CHN,CUB,842641
4112978,71,54,8913,2015,991893.0,0.0,0.8173590000000001,2.442556,ESP,CUB,842641
4112979,68,58,8913,2015,0.0,47975.0,-0.183053,1.765036,EGY,CYP,842641
4112980,90,58,8913,2015,3192.0,0.0,0.099027,1.012289,GRC,CYP,842641
4112981,102,58,8913,2015,0.0,125805.0,1.462839,0.803258,HUN,CYP,842641
4112982,114,58,8913,2015,20097.0,0.0,2.516133,-0.484202,JPN,CYP,842641
4112983,162,58,8913,2015,9244.0,2300.0,1.230104,1.27344,NLD,CYP,842641
4112984,224,58,8913,2015,7281.0,0.0,0.438669,2.519632,TUR,CYP,842641
4112985,7,62,8913,2015,110261.0,0.0,0.21779600000000002,-0.0047420000000000006,ARE,DJI,842641
4112986,24,62,8913,2015,19999.0,0.0,0.36650900000000003,-0.28735,BHR,DJI,842641
4112987,43,62,8913,2015,356312.0,0.0,1.077143,1.735757,CHN,DJI,842641
4112988,111,62,8913,2015,318798.0,0.0,1.321127,0.747046,ITA,DJI,842641
4112989,162,62,8913,2015,24185.0,0.0,1.230104,1.27344,NLD,DJI,842641
4112990,177,62,8913,2015,388169.0,0.0,1.145844,1.1449280000000002,POL,DJI,842641
4112991,188,62,8913,2015,1071041.0,0.0,0.5552520000000001,-0.7263229999999999,SAU,DJI,842641
4112992,15,66,8913,2015,1237712.0,0.0,1.747098,-0.08026699999999999,AUT,DZA,842641
4112993,43,66,8913,2015,581613.0,0.0,1.077143,1.735757,CHN,DZA,842641
4112994,61,66,8913,2015,4403904.0,0.0,2.203818,-2.307561,DEU,DZA,842641
4112995,71,66,8913,2015,190789.0,0.0,0.8173590000000001,2.442556,ESP,DZA,842641
4112996,77,66,8913,2015,2120264.0,0.0,1.479792,0.6490239999999999,FRA,DZA,842641
4112997,111,66,8913,2015,8360024.0,0.0,1.321127,0.747046,ITA,DZA,842641
4112998,114,66,8913,2015,1945467.0,0.0,2.516133,-0.484202,JPN,DZA,842641
4112999,177,66,8913,2015,3949965.0,0.0,1.145844,1.1449280000000002,POL,DZA,842641
4113000,188,66,8913,2015,602545.0,0.0,0.5552520000000001,-0.7263229999999999,SAU,DZA,842641
4113001,223,66,8913,2015,2861362.0,0.0,0.140202,0.967591,TUN,DZA,842641
4113002,224,66,8913,2015,1894206.0,0.0,0.438669,2.519632,TUR,DZA,842641
4113003,231,66,8913,2015,12530787.0,0.0,1.720478,-0.129322,USA,DZA,842641
4113004,7,73,8913,2015,63686.0,0.0,0.21779600000000002,-0.0047420000000000006,ARE,ETH,842641
4113005,43,73,8913,2015,951861.0,0.0,1.077143,1.735757,CHN,ETH,842641
4113006,61,73,8913,2015,5195394.0,0.0,2.203818,-2.307561,DEU,ETH,842641
4113007,111,73,8913,2015,36733.0,0.0,1.321127,0.747046,ITA,ETH,842641
4113008,114,73,8913,2015,1892.0,0.0,2.516133,-0.484202,JPN,ETH,842641
4113009,32,80,8913,2015,492756.0,0.0,0.23656799999999997,0.688607,BRA,GAB,842641
4113010,85,80,8913,2015,0.0,229458.0,-1.288329,-1.167532,GIN,GAB,842641
4113011,32,83,8913,2015,87972.0,0.0,0.23656799999999997,0.688607,BRA,GHA,842641
4113012,43,83,8913,2015,5539.0,0.0,1.077143,1.735757,CHN,GHA,842641
4113013,44,83,8913,2015,204801.0,0.0,-0.856142,-0.905292,CIV,GHA,842641
4113014,64,83,8913,2015,15219.0,0.0,1.157924,1.2045629999999998,DNK,GHA,842641
4113015,71,83,8913,2015,141592.0,0.0,0.8173590000000001,2.442556,ESP,GHA,842641
4113016,81,83,8913,2015,413941.0,0.0,1.7422990000000003,0.75838,GBR,GHA,842641
4113017,89,83,8913,2015,86060.0,0.0,-1.585577,-0.9044979999999999,GNQ,GHA,842641
4113018,104,83,8913,2015,74785.0,0.0,0.24230900000000002,2.8190880000000003,IND,GHA,842641
4113019,111,83,8913,2015,2092590.0,0.0,1.321127,0.747046,ITA,GHA,842641
4113020,162,83,8913,2015,107924.0,0.0,1.230104,1.27344,NLD,GHA,842641
4113021,231,83,8913,2015,432650.0,0.0,1.720478,-0.129322,USA,GHA,842641
4113022,246,83,8913,2015,56656.0,0.0,0.24944699999999997,1.7573159999999999,ZAF,GHA,842641
4113023,18,85,8913,2015,199731.0,0.0,1.329866,1.100641,BEL,GIN,842641
4113024,43,85,8913,2015,42725.0,0.0,1.077143,1.735757,CHN,GIN,842641
4113025,77,85,8913,2015,378618.0,0.0,1.479792,0.6490239999999999,FRA,GIN,842641
4113026,80,85,8913,2015,229458.0,0.0,-1.384351,-1.209873,GAB,GIN,842641
4113027,111,85,8913,2015,891111.0,0.0,1.321127,0.747046,ITA,GIN,842641
4113028,231,85,8913,2015,47738.0,0.0,1.720478,-0.129322,USA,GIN,842641
4113029,7,89,8913,2015,21807.0,0.0,0.21779600000000002,-0.0047420000000000006,ARE,GNQ,842641
4113030,83,89,8913,2015,0.0,86060.0,-0.750568,-0.690257,GHA,GNQ,842641
4113031,162,89,8913,2015,302290.0,0.0,1.230104,1.27344,NLD,GNQ,842641
4113032,18,109,8913,2015,5850746.0,0.0,1.329866,1.100641,BEL,ISL,842641
4113033,43,109,8913,2015,17192.0,0.0,1.077143,1.735757,CHN,ISL,842641
4113034,61,109,8913,2015,7094683.0,0.0,2.203818,-2.307561,DEU,ISL,842641
4113035,64,109,8913,2015,97604.0,0.0,1.157924,1.2045629999999998,DNK,ISL,842641
4113036,71,109,8913,2015,26886.0,0.0,0.8173590000000001,2.442556,ESP,ISL,842641
4113037,77,109,8913,2015,647826.0,0.0,1.479792,0.6490239999999999,FRA,ISL,842641
4113038,81,109,8913,2015,181880.0,0.0,1.7422990000000003,0.75838,GBR,ISL,842641
4113039,110,109,8913,2015,0.0,7245.0,1.260071,0.545545,ISR,ISL,842641
4113040,111,109,8913,2015,197823.0,0.0,1.321127,0.747046,ITA,ISL,842641
4113041,162,109,8913,2015,88982.0,79252.0,1.230104,1.27344,NLD,ISL,842641
4113042,163,109,8913,2015,48175.0,0.0,0.950708,0.314339,NOR,ISL,842641
4113043,177,109,8913,2015,675436.0,0.0,1.145844,1.1449280000000002,POL,ISL,842641
4113044,208,109,8913,2015,1727431.0,0.0,1.8068349999999997,0.693389,SWE,ISL,842641
4113045,231,109,8913,2015,244543.0,0.0,1.720478,-0.129322,USA,ISL,842641
4113046,246,109,8913,2015,112177.0,0.0,0.24944699999999997,1.7573159999999999,ZAF,ISL,842641
4113047,114,118,8913,2015,274490.0,0.0,2.516133,-0.484202,JPN,KHM,842641
4113048,121,118,8913,2015,130916.0,0.0,1.900653,0.859406,KOR,KHM,842641
4113049,239,118,8913,2015,42011.0,0.0,-0.17108900000000002,1.10995,VNM,KHM,842641
4113050,231,120,8913,2015,40943.0,0.0,1.720478,-0.129322,USA,KNA,842641
4113051,43,125,8913,2015,568296.0,0.0,1.077143,1.735757,CHN,LBR,842641
4113052,111,126,8913,2015,12193.0,0.0,1.321127,0.747046,ITA,LBY,842641
4113053,224,126,8913,2015,55004.0,0.0,0.438669,2.519632,TUR,LBY,842641
4113054,43,133,8913,2015,211560.0,377313.0,1.077143,1.735757,CHN,MAC,842641
4113055,97,133,8913,2015,1642021.0,1820801.0,0.8255290000000001,1.8017279999999998,HKG,MAC,842641
4113056,114,133,8913,2015,128037.0,0.0,2.516133,-0.484202,JPN,MAC,842641
4113057,14,134,8913,2015,140532.0,0.0,-0.292325,-0.043489,AUS,MAR,842641
4113058,18,134,8913,2015,55958.0,0.0,1.329866,1.100641,BEL,MAR,842641
4113059,44,134,8913,2015,0.0,30748.0,-0.856142,-0.905292,CIV,MAR,842641
4113060,45,134,8913,2015,73644.0,0.0,-0.924366,-1.040721,CMR,MAR,842641
4113061,61,134,8913,2015,153173.0,0.0,2.203818,-2.307561,DEU,MAR,842641
4113062,71,134,8913,2015,17137.0,0.0,0.8173590000000001,2.442556,ESP,MAR,842641
4113063,74,134,8913,2015,298952.0,0.0,1.597817,0.998059,FIN,MAR,842641
4113064,77,134,8913,2015,398663.0,0.0,1.479792,0.6490239999999999,FRA,MAR,842641
4113065,81,134,8913,2015,22050.0,0.0,1.7422990000000003,0.75838,GBR,MAR,842641
4113066,106,134,8913,2015,0.0,100122.0,1.304942,0.126431,IRL,MAR,842641
4113067,111,134,8913,2015,2790724.0,1084.0,1.321127,0.747046,ITA,MAR,842641
4113068,114,134,8913,2015,273704.0,0.0,2.516133,-0.484202,JPN,MAR,842641
4113069,121,134,8913,2015,381272.0,0.0,1.900653,0.859406,KOR,MAR,842641
4113070,159,134,8913,2015,0.0,23140.0,-1.415451,-1.157829,NGA,MAR,842641
4113071,162,134,8913,2015,30275.0,0.0,1.230104,1.27344,NLD,MAR,842641
4113072,231,134,8913,2015,13466.0,0.0,1.720478,-0.129322,USA,MAR,842641
4113073,43,136,8913,2015,232810.0,0.0,1.077143,1.735757,CHN,MDG,842641
4113074,77,136,8913,2015,134352.0,0.0,1.479792,0.6490239999999999,FRA,MDG,842641
4113075,104,136,8913,2015,12817.0,0.0,0.24230900000000002,2.8190880000000003,IND,MDG,842641
4113076,111,136,8913,2015,71500.0,0.0,1.321127,0.747046,ITA,MDG,842641
4113077,162,136,8913,2015,19021.0,0.0,1.230104,1.27344,NLD,MDG,842641
4113078,250,136,8913,2015,299843.0,0.0,0.377283,-0.092204,ANS,MDG,842641
4113079,18,141,8913,2015,31482.0,0.0,1.329866,1.100641,BEL,MLI,842641
4113080,61,141,8913,2015,128167.0,0.0,2.203818,-2.307561,DEU,MLI,842641
4113081,77,141,8913,2015,399768.0,0.0,1.479792,0.6490239999999999,FRA,MLI,842641
4113082,104,141,8913,2015,41637.0,0.0,0.24230900000000002,2.8190880000000003,IND,MLI,842641
4113083,111,141,8913,2015,261849.0,0.0,1.321127,0.747046,ITA,MLI,842641
4113084,246,141,8913,2015,14837.0,0.0,0.24944699999999997,1.7573159999999999,ZAF,MLI,842641
4113085,43,144,8913,2015,62546.0,0.0,1.077143,1.735757,CHN,MNE,842641
4113086,59,144,8913,2015,1771.0,0.0,1.743012,0.45424,CZE,MNE,842641
4113087,61,144,8913,2015,34406.0,0.0,2.203818,-2.307561,DEU,MNE,842641
4113088,100,144,8913,2015,10702.0,0.0,0.7590140000000001,1.257415,HRV,MNE,842641
4113089,162,144,8913,2015,88171.0,0.0,1.230104,1.27344,NLD,MNE,842641
4113090,43,147,8913,2015,8133.0,0.0,1.077143,1.735757,CHN,MOZ,842641
4113091,61,147,8913,2015,7810524.0,0.0,2.203818,-2.307561,DEU,MOZ,842641
4113092,104,147,8913,2015,55279.0,0.0,0.24230900000000002,2.8190880000000003,IND,MOZ,842641
4113093,111,147,8913,2015,221946.0,0.0,1.321127,0.747046,ITA,MOZ,842641
4113094,152,147,8913,2015,410616.0,0.0,-0.549862,-0.8753190000000001,MWI,MOZ,842641
4113095,167,147,8913,2015,1131469.0,0.0,-0.4699,-1.00451,OMN,MOZ,842641
4113096,179,147,8913,2015,108181.0,0.0,0.561922,2.2276380000000002,PRT,MOZ,842641
4113097,246,147,8913,2015,770670.0,240213.0,0.24944699999999997,1.7573159999999999,ZAF,MOZ,842641
4113098,247,147,8913,2015,27793.0,0.0,-0.44792,-0.769586,ZMB,MOZ,842641
4113099,43,148,8913,2015,49206.0,0.0,1.077143,1.735757,CHN,MRT,842641
4113100,61,148,8913,2015,5872688.0,0.0,2.203818,-2.307561,DEU,MRT,842641
4113101,71,148,8913,2015,81212.0,0.0,0.8173590000000001,2.442556,ESP,MRT,842641
4113102,77,148,8913,2015,992361.0,0.0,1.479792,0.6490239999999999,FRA,MRT,842641
4113103,104,148,8913,2015,13044.0,0.0,0.24230900000000002,2.8190880000000003,IND,MRT,842641
4113104,43,151,8913,2015,268645.0,0.0,1.077143,1.735757,CHN,MUS,842641
4113105,188,151,8913,2015,0.0,25520.0,0.5552520000000001,-0.7263229999999999,SAU,MUS,842641
4113106,226,151,8913,2015,0.0,453240.0,-1.02395,-0.017509999999999998,TZA,MUS,842641
4113107,37,155,8913,2015,0.0,139291.0,-0.14164200000000002,-1.0372059999999999,BWA,NAM,842641
4113108,43,155,8913,2015,1673448.0,0.0,1.077143,1.735757,CHN,NAM,842641
4113109,61,155,8913,2015,1158253.0,0.0,2.203818,-2.307561,DEU,NAM,842641
4113110,77,155,8913,2015,525903.0,0.0,1.479792,0.6490239999999999,FRA,NAM,842641
4113111,81,155,8913,2015,30373.0,0.0,1.7422990000000003,0.75838,GBR,NAM,842641
4113112,111,155,8913,2015,61106.0,0.0,1.321127,0.747046,ITA,NAM,842641
4113113,246,155,8913,2015,299098.0,182366.0,0.24944699999999997,1.7573159999999999,ZAF,NAM,842641
4113114,14,156,8913,2015,4719.0,0.0,-0.292325,-0.043489,AUS,NCL,842641
4113115,77,156,8913,2015,563040.0,0.0,1.479792,0.6490239999999999,FRA,NCL,842641
4113116,14,176,8913,2015,1071110.0,0.0,-0.292325,-0.043489,AUS,PNG,842641
4113117,43,176,8913,2015,1792851.0,0.0,1.077143,1.735757,CHN,PNG,842641
4113118,192,176,8913,2015,194509.0,0.0,2.05613,0.593065,SGP,PNG,842641
4113119,231,176,8913,2015,610000.0,0.0,1.720478,-0.129322,USA,PNG,842641
4113120,43,178,8913,2015,53301.0,0.0,1.077143,1.735757,CHN,PRK,842641
4113121,186,178,8913,2015,12240.0,0.0,0.23119,0.035965,RUS,PRK,842641
4113122,162,203,8913,2015,14472.0,0.0,1.230104,1.27344,NLD,STP,842641
4113123,246,209,8913,2015,205472.0,0.0,0.24944699999999997,1.7573159999999999,ZAF,SWZ,842641
4113124,224,212,8913,2015,1596.0,0.0,0.438669,2.519632,TUR,SYR,842641
4113125,18,215,8913,2015,32926.0,126120.0,1.329866,1.100641,BEL,TGO,842641
4113126,19,215,8913,2015,0.0,16346.0,-0.5641470000000001,-0.8971020000000001,BEN,TGO,842641
4113127,77,215,8913,2015,54767.0,0.0,1.479792,0.6490239999999999,FRA,TGO,842641
4113128,162,215,8913,2015,6691956.0,88515.0,1.230104,1.27344,NLD,TGO,842641
4113129,179,215,8913,2015,122563.0,0.0,0.561922,2.2276380000000002,PRT,TGO,842641
4113130,14,220,8913,2015,40212.0,0.0,-0.292325,-0.043489,AUS,TLS,842641
4113131,43,220,8913,2015,537782.0,0.0,1.077143,1.735757,CHN,TLS,842641
4113132,44,223,8913,2015,0.0,130609.0,-0.856142,-0.905292,CIV,TUN,842641
4113133,61,223,8913,2015,27378.0,0.0,2.203818,-2.307561,DEU,TUN,842641
4113134,66,223,8913,2015,0.0,2861362.0,-1.54346,-1.255633,DZA,TUN,842641
4113135,77,223,8913,2015,24333.0,0.0,1.479792,0.6490239999999999,FRA,TUN,842641
4113136,81,223,8913,2015,2265160.0,0.0,1.7422990000000003,0.75838,GBR,TUN,842641
4113137,111,223,8913,2015,333922.0,0.0,1.321127,0.747046,ITA,TUN,842641
4113138,124,223,8913,2015,0.0,3339094.0,0.317355,1.330374,LBN,TUN,842641
4113139,177,223,8913,2015,1059900.0,0.0,1.145844,1.1449280000000002,POL,TUN,842641
4113140,18,227,8913,2015,129390.0,0.0,1.329866,1.100641,BEL,UGA,842641
4113141,43,227,8913,2015,760862.0,0.0,1.077143,1.735757,CHN,UGA,842641
4113142,104,227,8913,2015,85531.0,0.0,0.24230900000000002,2.8190880000000003,IND,UGA,842641
4113143,114,227,8913,2015,8195.0,0.0,2.516133,-0.484202,JPN,UGA,842641
4113144,116,227,8913,2015,0.0,438298.0,-0.453564,0.433325,KEN,UGA,842641
4113145,152,227,8913,2015,91083.0,0.0,-0.549862,-0.8753190000000001,MWI,UGA,842641
4113146,187,227,8913,2015,0.0,77293.0,-0.755738,-0.4423,RWA,UGA,842641
4113147,202,227,8913,2015,0.0,140070.0,-2.704381,-0.969411,SSD,UGA,842641
4113148,231,227,8913,2015,62541.0,0.0,1.720478,-0.129322,USA,UGA,842641
4113149,246,227,8913,2015,243304.0,0.0,0.24944699999999997,1.7573159999999999,ZAF,UGA,842641
4113150,188,237,8913,2015,0.0,21346.0,0.5552520000000001,-0.7263229999999999,SAU,VGB,842641
4113151,231,237,8913,2015,250000.0,0.0,1.720478,-0.129322,USA,VGB,842641
4113152,37,247,8913,2015,0.0,8791.0,-0.14164200000000002,-1.0372059999999999,BWA,ZMB,842641
4113153,39,247,8913,2015,33237.0,0.0,0.695867,1.171676,CAN,ZMB,842641
4113154,43,247,8913,2015,212125.0,0.0,1.077143,1.735757,CHN,ZMB,842641
4113155,61,247,8913,2015,186657.0,0.0,2.203818,-2.307561,DEU,ZMB,842641
4113156,77,247,8913,2015,0.0,94604.0,1.479792,0.6490239999999999,FRA,ZMB,842641
4113157,81,247,8913,2015,33945.0,0.0,1.7422990000000003,0.75838,GBR,ZMB,842641
4113158,104,247,8913,2015,58681.0,0.0,0.24230900000000002,2.8190880000000003,IND,ZMB,842641
4113159,116,247,8913,2015,46239.0,0.0,-0.453564,0.433325,KEN,ZMB,842641
4113160,147,247,8913,2015,0.0,27793.0,-1.293809,-1.115069,MOZ,ZMB,842641
4113161,152,247,8913,2015,215669.0,0.0,-0.549862,-0.8753190000000001,MWI,ZMB,842641
4113162,169,247,8913,2015,0.0,609636.0,0.642058,0.833392,PAN,ZMB,842641
4113163,246,247,8913,2015,651478.0,115441.0,0.24944699999999997,1.7573159999999999,ZAF,ZMB,842641
4113164,61,248,8913,2015,104637.0,0.0,2.203818,-2.307561,DEU,ZWE,842641
4113165,81,248,8913,2015,10650.0,0.0,1.7422990000000003,0.75838,GBR,ZWE,842641
4113166,246,248,8913,2015,1555.0,0.0,0.24944699999999997,1.7573159999999999,ZAF,ZWE,842641
4113167,114,34,8913,2015,1183787.0,0.0,2.516133,-0.484202,JPN,BRN,842641
4113168,153,34,8913,2015,0.0,100252.0,1.082803,0.811615,MYS,BRN,842641
4113169,192,34,8913,2015,3077827.0,115560.0,2.05613,0.593065,SGP,BRN,842641
4113170,231,34,8913,2015,56566.0,0.0,1.720478,-0.129322,USA,BRN,842641
4113171,231,127,8913,2015,516953.0,0.0,1.720478,-0.129322,USA,LCA,842641
4113172,93,29,8913,2015,20608.0,0.0,-0.284403,0.525564,GTM,BLZ,842641
4113173,138,29,8913,2015,13642.0,0.0,1.169724,0.61457,MEX,BLZ,842641
4113174,231,29,8913,2015,19152.0,0.0,1.720478,-0.129322,USA,BLZ,842641
4113175,231,57,8913,2015,22500.0,0.0,1.720478,-0.129322,USA,CYM,842641
4113176,81,76,8913,2015,48581.0,0.0,1.7422990000000003,0.75838,GBR,FLK,842641
4113177,111,76,8913,2015,390184.0,0.0,1.321127,0.747046,ITA,FLK,842641
4113178,77,135,8913,2015,8010.0,0.0,1.479792,0.6490239999999999,FRA,MDA,842641
4113179,114,135,8913,2015,1401.0,0.0,2.516133,-0.484202,JPN,MDA,842641
4113180,130,135,8913,2015,6903.0,0.0,0.749429,1.3659860000000001,LTU,MDA,842641
4113181,185,135,8913,2015,3646.0,0.0,0.946363,1.056775,ROU,MDA,842641
4113182,18,17,8913,2015,370977.0,0.0,1.329866,1.100641,BEL,BDI,842641
4113183,18,31,8913,2015,718.0,0.0,1.329866,1.100641,BEL,BOL,842641
4113184,42,31,8913,2015,306735.0,0.0,-0.356167,-0.47629399999999994,CHL,BOL,842641
4113185,43,31,8913,2015,75246.0,0.0,1.077143,1.735757,CHN,BOL,842641
4113186,59,31,8913,2015,706.0,0.0,1.743012,0.45424,CZE,BOL,842641
4113187,61,31,8913,2015,23701.0,0.0,2.203818,-2.307561,DEU,BOL,842641
4113188,71,31,8913,2015,1237.0,0.0,0.8173590000000001,2.442556,ESP,BOL,842641
4113189,77,31,8913,2015,140181.0,0.0,1.479792,0.6490239999999999,FRA,BOL,842641
4113190,111,31,8913,2015,95868.0,0.0,1.321127,0.747046,ITA,BOL,842641
4113191,114,31,8913,2015,20545.0,0.0,2.516133,-0.484202,JPN,BOL,842641
4113192,121,31,8913,2015,3336.0,0.0,1.900653,0.859406,KOR,BOL,842641
4113193,138,31,8913,2015,2079.0,0.0,1.169724,0.61457,MEX,BOL,842641
4113194,162,31,8913,2015,49442.0,0.0,1.230104,1.27344,NLD,BOL,842641
4113195,173,31,8913,2015,526948.0,0.0,-0.6007819999999999,0.32152800000000004,PER,BOL,842641
4113196,179,31,8913,2015,588.0,0.0,0.561922,2.2276380000000002,PRT,BOL,842641
4113197,208,31,8913,2015,37212.0,0.0,1.8068349999999997,0.693389,SWE,BOL,842641
4113198,231,31,8913,2015,725904.0,0.0,1.720478,-0.129322,USA,BOL,842641
4113199,71,51,8913,2015,21661.0,0.0,0.8173590000000001,2.442556,ESP,CPV,842641
4113200,179,51,8913,2015,292912.0,0.0,0.561922,2.2276380000000002,PRT,CPV,842641
4113201,43,69,8913,2015,609197.0,0.0,1.077143,1.735757,CHN,ERI,842641
4113202,177,69,8913,2015,379800.0,0.0,1.145844,1.1449280000000002,POL,ERI,842641
4113203,14,75,8913,2015,60669.0,0.0,-0.292325,-0.043489,AUS,FJI,842641
4113204,114,75,8913,2015,42835.0,0.0,2.516133,-0.484202,JPN,FJI,842641
4113205,166,75,8913,2015,323375.0,0.0,0.224598,0.253179,NZL,FJI,842641
4113206,64,78,8913,2015,101082.0,0.0,1.157924,1.2045629999999998,DNK,FRO,842641
4113207,239,87,8913,2015,4860.0,0.0,-0.17108900000000002,1.10995,VNM,GMB,842641
4113208,18,101,8913,2015,3326798.0,0.0,1.329866,1.100641,BEL,HTI,842641
4113209,61,101,8913,2015,3047848.0,0.0,2.203818,-2.307561,DEU,HTI,842641
4113210,111,101,8913,2015,16627.0,0.0,1.321127,0.747046,ITA,HTI,842641
4113211,231,101,8913,2015,49800.0,0.0,1.720478,-0.129322,USA,HTI,842641
4113212,43,123,8913,2015,5142.0,0.0,1.077143,1.735757,CHN,LAO,842641
4113213,114,123,8913,2015,375798.0,0.0,2.516133,-0.484202,JPN,LAO,842641
4113214,216,123,8913,2015,1424268.0,0.0,0.965888,1.368572,THA,LAO,842641
4113215,239,123,8913,2015,138414.0,0.0,-0.17108900000000002,1.10995,VNM,LAO,842641
4113216,246,129,8913,2015,72664.0,0.0,0.24944699999999997,1.7573159999999999,ZAF,LSO,842641
4113217,192,137,8913,2015,349952.0,0.0,2.05613,0.593065,SGP,MDV,842641
4113218,43,152,8913,2015,147981.0,0.0,1.077143,1.735757,CHN,MWI,842641
4113219,147,152,8913,2015,0.0,410616.0,-1.293809,-1.115069,MOZ,MWI,842641
4113220,226,152,8913,2015,0.0,25198.0,-1.02395,-0.017509999999999998,TZA,MWI,842641
4113221,227,152,8913,2015,0.0,91083.0,-0.611023,0.078961,UGA,MWI,842641
4113222,246,152,8913,2015,202623.0,0.0,0.24944699999999997,1.7573159999999999,ZAF,MWI,842641
4113223,247,152,8913,2015,0.0,215669.0,-0.44792,-0.769586,ZMB,MWI,842641
4113224,21,157,8913,2015,49869.0,0.0,-1.085359,-1.034365,BFA,NER,842641
4113225,191,157,8913,2015,168527.0,0.0,-0.708349,-0.296663,SEN,NER,842641
4113226,7,187,8913,2015,138529.0,0.0,0.21779600000000002,-0.0047420000000000006,ARE,RWA,842641
4113227,114,187,8913,2015,131383.0,0.0,2.516133,-0.484202,JPN,RWA,842641
4113228,227,187,8913,2015,77293.0,0.0,-0.611023,0.078961,UGA,RWA,842641
4113229,14,195,8913,2015,28377.0,0.0,-0.292325,-0.043489,AUS,SLB,842641
4113230,43,195,8913,2015,227826.0,0.0,1.077143,1.735757,CHN,SLB,842641
4113231,153,195,8913,2015,6963.0,0.0,1.082803,0.811615,MYS,SLB,842641
4113232,61,196,8913,2015,3804.0,0.0,2.203818,-2.307561,DEU,SLE,842641
4113233,77,196,8913,2015,196655.0,0.0,1.479792,0.6490239999999999,FRA,SLE,842641
4113234,90,196,8913,2015,18281.0,0.0,0.099027,1.012289,GRC,SLE,842641
4113235,104,196,8913,2015,16411.0,0.0,0.24230900000000002,2.8190880000000003,IND,SLE,842641
4113236,162,196,8913,2015,3157025.0,0.0,1.230104,1.27344,NLD,SLE,842641
4113237,231,196,8913,2015,754164.0,0.0,1.720478,-0.129322,USA,SLE,842641
4113238,7,199,8913,2015,3345.0,0.0,0.21779600000000002,-0.0047420000000000006,ARE,SOM,842641
4113239,116,199,8913,2015,208070.0,0.0,-0.453564,0.433325,KEN,SOM,842641
4113240,163,199,8913,2015,7475.0,0.0,0.950708,0.314339,NOR,SOM,842641
4113241,227,202,8913,2015,140070.0,0.0,-0.611023,0.078961,UGA,SSD,842641
4113242,7,214,8913,2015,2958.0,0.0,0.21779600000000002,-0.0047420000000000006,ARE,TCD,842641
4113243,43,221,8913,2015,276188.0,0.0,1.077143,1.735757,CHN,TON,842641
4113244,231,234,8913,2015,146710.0,0.0,1.720478,-0.129322,USA,VCT,842641
4113245,43,240,8913,2015,13833.0,0.0,1.077143,1.735757,CHN,VUT,842641
4113246,166,240,8913,2015,275945.0,0.0,0.224598,0.253179,NZL,VUT,842641
4113247,231,30,8913,2015,23312.0,0.0,1.720478,-0.129322,USA,BMU,842641
4113248,64,92,8913,2015,103192.0,0.0,1.157924,1.2045629999999998,DNK,GRL,842641
4113249,43,182,8913,2015,25040.0,0.0,1.077143,1.735757,CHN,PYF,842641
4113250,61,182,8913,2015,2360157.0,0.0,2.203818,-2.307561,DEU,PYF,842641
4113251,111,182,8913,2015,162194.0,0.0,1.321127,0.747046,ITA,PYF,842641
4113252,231,182,8913,2015,273247.0,0.0,1.720478,-0.129322,USA,PYF,842641
4113253,14,56,8913,2015,192473.0,0.0,-0.292325,-0.043489,AUS,CXR,842641
4113254,43,79,8913,2015,35115.0,0.0,1.077143,1.735757,CHN,FSM,842641
4113255,14,165,8913,2015,4508.0,0.0,-0.292325,-0.043489,AUS,NRU,842641
4113256,61,210,8913,2015,3420620.0,0.0,2.203818,-2.307561,DEU,SXM,842641
4113257,231,213,8913,2015,30000.0,0.0,1.720478,-0.129322,USA,TCA,842641
4113258,1,7,8917,2015,0.0,47065.0,-1.249655,-0.9094459999999999,AFG,ARE,842710
4113259,2,7,8917,2015,0.0,17180.0,-1.6542,-1.2598989999999999,AGO,ARE,842710
4113260,9,7,8917,2015,0.0,45487.0,0.037579,-0.42448800000000003,ARM,ARE,842710
4113261,18,7,8917,2015,23747.0,0.0,1.329866,1.100641,BEL,ARE,842710
4113262,22,7,8917,2015,0.0,6535.0,-1.088465,-0.8745360000000001,BGD,ARE,842710
4113263,24,7,8917,2015,76322.0,97423.0,0.36650900000000003,-0.28735,BHR,ARE,842710
4113264,39,7,8917,2015,117062.0,2190.0,0.695867,1.171676,CAN,ARE,842710
4113265,43,7,8917,2015,3809982.0,0.0,1.077143,1.735757,CHN,ARE,842710
4113266,47,7,8917,2015,0.0,114181.0,-1.294823,-1.18811,COG,ARE,842710
4113267,58,7,8917,2015,4324.0,0.0,0.511225,-0.207261,CYP,ARE,842710
4113268,59,7,8917,2015,17657.0,0.0,1.743012,0.45424,CZE,ARE,842710
4113269,61,7,8917,2015,11660384.0,1792.0,2.203818,-2.307561,DEU,ARE,842710
4113270,62,7,8917,2015,0.0,85122.0,-0.538942,-0.832522,DJI,ARE,842710
4113271,68,7,8917,2015,2980.0,7178.0,-0.183053,1.765036,EGY,ARE,842710
4113272,71,7,8917,2015,9892.0,0.0,0.8173590000000001,2.442556,ESP,ARE,842710
4113273,73,7,8917,2015,0.0,205867.0,-1.004896,-0.721019,ETH,ARE,842710
4113274,74,7,8917,2015,41678.0,0.0,1.597817,0.998059,FIN,ARE,842710
4113275,77,7,8917,2015,676342.0,0.0,1.479792,0.6490239999999999,FRA,ARE,842710
4113276,81,7,8917,2015,4277572.0,0.0,1.7422990000000003,0.75838,GBR,ARE,842710
4113277,83,7,8917,2015,0.0,268153.0,-0.750568,-0.690257,GHA,ARE,842710
4113278,104,7,8917,2015,301820.0,0.0,0.24230900000000002,2.8190880000000003,IND,ARE,842710
4113279,106,7,8917,2015,1136035.0,0.0,1.304942,0.126431,IRL,ARE,842710
4113280,107,7,8917,2015,0.0,2596549.0,-0.258946,-0.0073420000000000004,IRN,ARE,842710
4113281,108,7,8917,2015,0.0,570749.0,-1.465803,-0.912113,IRQ,ARE,842710
4113282,111,7,8917,2015,2766696.0,0.0,1.321127,0.747046,ITA,ARE,842710
4113283,114,7,8917,2015,2120999.0,0.0,2.516133,-0.484202,JPN,ARE,842710
4113284,116,7,8917,2015,0.0,30433.0,-0.453564,0.433325,KEN,ARE,842710
4113285,121,7,8917,2015,993876.0,0.0,1.900653,0.859406,KOR,ARE,842710
4113286,122,7,8917,2015,73055.0,348151.0,-0.352023,-1.153057,KWT,ARE,842710
4113287,124,7,8917,2015,0.0,161024.0,0.317355,1.330374,LBN,ARE,842710
4113288,143,7,8917,2015,0.0,26148.0,-1.4596120000000001,-0.903904,MMR,ARE,842710
4113289,147,7,8917,2015,0.0,4723.0,-1.293809,-1.115069,MOZ,ARE,842710
4113290,153,7,8917,2015,0.0,25715.0,1.082803,0.811615,MYS,ARE,842710
4113291,159,7,8917,2015,0.0,89180.0,-1.415451,-1.157829,NGA,ARE,842710
4113292,162,7,8917,2015,1373961.0,13794.0,1.230104,1.27344,NLD,ARE,842710
4113293,167,7,8917,2015,92773.0,597911.0,-0.4699,-1.00451,OMN,ARE,842710
4113294,168,7,8917,2015,0.0,11159.0,-0.7059979999999999,0.73501,PAK,ARE,842710
4113295,177,7,8917,2015,7851.0,0.0,1.145844,1.1449280000000002,POL,ARE,842710
4113296,179,7,8917,2015,311253.0,0.0,0.561922,2.2276380000000002,PRT,ARE,842710
4113297,183,7,8917,2015,18159.0,220097.0,-0.077053,-0.9922719999999999,QAT,ARE,842710
4113298,186,7,8917,2015,1284.0,0.0,0.23119,0.035965,RUS,ARE,842710
4113299,188,7,8917,2015,69084.0,809470.0,0.5552520000000001,-0.7263229999999999,SAU,ARE,842710
4113300,190,7,8917,2015,0.0,105971.0,-1.420356,-1.218424,SDN,ARE,842710
4113301,192,7,8917,2015,5623.0,12809.0,2.05613,0.593065,SGP,ARE,842710
4113302,199,7,8917,2015,0.0,33223.0,-1.716689,-1.078134,SOM,ARE,842710
4113303,208,7,8917,2015,2996647.0,0.0,1.8068349999999997,0.693389,SWE,ARE,842710
4113304,211,7,8917,2015,0.0,17181.0,1.017467,-0.285569,SYC,ARE,842710
4113305,216,7,8917,2015,470934.0,0.0,0.965888,1.368572,THA,ARE,842710
4113306,219,7,8917,2015,0.0,156743.0,-1.546516,-1.315803,TKM,ARE,842710
4113307,222,7,8917,2015,407.0,0.0,-0.462837,-1.117621,TTO,ARE,842710
4113308,223,7,8917,2015,158471.0,0.0,0.140202,0.967591,TUN,ARE,842710
4113309,226,7,8917,2015,0.0,258264.0,-1.02395,-0.017509999999999998,TZA,ARE,842710
4113310,227,7,8917,2015,0.0,1526.0,-0.611023,0.078961,UGA,ARE,842710
4113311,231,7,8917,2015,3827859.0,0.0,1.720478,-0.129322,USA,ARE,842710
4113312,246,7,8917,2015,0.0,50052.0,0.24944699999999997,1.7573159999999999,ZAF,ARE,842710
4113313,249,7,8917,2015,2818.0,0.0,1.962832,1.214982,TWN,ARE,842710
4113314,250,7,8917,2015,82.0,1360664.0,0.377283,-0.092204,ANS,ARE,842710
4113315,32,8,8917,2015,3925837.0,0.0,0.23656799999999997,0.688607,BRA,ARG,842710
4113316,39,8,8917,2015,62815.0,0.0,0.695867,1.171676,CAN,ARG,842710
4113317,41,8,8917,2015,46191.0,0.0,2.306075,0.720781,CHE,ARG,842710
4113318,43,8,8917,2015,5046125.0,0.0,1.077143,1.735757,CHN,ARG,842710
4113319,61,8,8917,2015,8464056.0,0.0,2.203818,-2.307561,DEU,ARG,842710
4113320,71,8,8917,2015,156325.0,0.0,0.8173590000000001,2.442556,ESP,ARG,842710
4113321,74,8,8917,2015,80721.0,0.0,1.597817,0.998059,FIN,ARG,842710
4113322,77,8,8917,2015,1835476.0,0.0,1.479792,0.6490239999999999,FRA,ARG,842710
4113323,81,8,8917,2015,183355.0,0.0,1.7422990000000003,0.75838,GBR,ARG,842710
4113324,106,8,8917,2015,262132.0,0.0,1.304942,0.126431,IRL,ARG,842710
4113325,111,8,8917,2015,2771262.0,0.0,1.321127,0.747046,ITA,ARG,842710
4113326,114,8,8917,2015,829284.0,0.0,2.516133,-0.484202,JPN,ARG,842710
4113327,121,8,8917,2015,1198988.0,0.0,1.900653,0.859406,KOR,ARG,842710
4113328,162,8,8917,2015,539080.0,0.0,1.230104,1.27344,NLD,ARG,842710
4113329,185,8,8917,2015,861754.0,0.0,0.946363,1.056775,ROU,ARG,842710
4113330,208,8,8917,2015,3921844.0,0.0,1.8068349999999997,0.693389,SWE,ARG,842710
4113331,230,8,8917,2015,0.0,6734.0,0.273876,-0.363695,URY,ARG,842710
4113332,231,8,8917,2015,5671376.0,20989.0,1.720478,-0.129322,USA,ARG,842710
4113333,249,8,8917,2015,438871.0,0.0,1.962832,1.214982,TWN,ARG,842710
4113334,14,15,8917,2015,0.0,58060.0,-0.292325,-0.043489,AUS,AUT,842710
4113335,18,15,8917,2015,466084.0,205839.0,1.329866,1.100641,BEL,AUT,842710
4113336,23,15,8917,2015,0.0,33779.0,0.45640699999999995,1.691455,BGR,AUT,842710
4113337,26,15,8917,2015,0.0,26224.0,0.355903,0.723092,BIH,AUT,842710
4113338,31,15,8917,2015,0.0,10946.0,-1.051562,-1.067714,BOL,AUT,842710
4113339,39,15,8917,2015,0.0,71705.0,0.695867,1.171676,CAN,AUT,842710
4113340,41,15,8917,2015,726975.0,2807252.0,2.306075,0.720781,CHE,AUT,842710
4113341,42,15,8917,2015,0.0,855.0,-0.356167,-0.47629399999999994,CHL,AUT,842710
4113342,43,15,8917,2015,26453.0,477802.0,1.077143,1.735757,CHN,AUT,842710
4113343,59,15,8917,2015,183828.0,116959.0,1.743012,0.45424,CZE,AUT,842710
4113344,61,15,8917,2015,59265632.0,3969978.0,2.203818,-2.307561,DEU,AUT,842710
4113345,64,15,8917,2015,91566.0,208257.0,1.157924,1.2045629999999998,DNK,AUT,842710
4113346,68,15,8917,2015,0.0,41457.0,-0.183053,1.765036,EGY,AUT,842710
4113347,71,15,8917,2015,1544560.0,85351.0,0.8173590000000001,2.442556,ESP,AUT,842710
4113348,72,15,8917,2015,0.0,5337.0,0.9281149999999999,1.1780389999999998,EST,AUT,842710
4113349,74,15,8917,2015,0.0,355494.0,1.597817,0.998059,FIN,AUT,842710
4113350,77,15,8917,2015,5027945.0,184803.0,1.479792,0.6490239999999999,FRA,AUT,842710
4113351,81,15,8917,2015,1027180.0,136606.0,1.7422990000000003,0.75838,GBR,AUT,842710
4113352,82,15,8917,2015,0.0,6868.0,-0.343663,-0.588017,GEO,AUT,842710
4113353,90,15,8917,2015,3270.0,0.0,0.099027,1.012289,GRC,AUT,842710
4113354,100,15,8917,2015,17857.0,35675.0,0.7590140000000001,1.257415,HRV,AUT,842710
4113355,102,15,8917,2015,59088.0,621997.0,1.462839,0.803258,HUN,AUT,842710
4113356,104,15,8917,2015,0.0,1853.0,0.24230900000000002,2.8190880000000003,IND,AUT,842710
4113357,106,15,8917,2015,218459.0,0.0,1.304942,0.126431,IRL,AUT,842710
4113358,110,15,8917,2015,6875.0,0.0,1.260071,0.545545,ISR,AUT,842710
4113359,111,15,8917,2015,9692243.0,3500592.0,1.321127,0.747046,ITA,AUT,842710
4113360,113,15,8917,2015,0.0,5293.0,0.121172,0.457301,JOR,AUT,842710
4113361,114,15,8917,2015,3369.0,188957.0,2.516133,-0.484202,JPN,AUT,842710
4113362,115,15,8917,2015,0.0,4038.0,-0.45091499999999995,-0.652026,KAZ,AUT,842710
4113363,121,15,8917,2015,122252.0,0.0,1.900653,0.859406,KOR,AUT,842710
4113364,130,15,8917,2015,0.0,12238.0,0.749429,1.3659860000000001,LTU,AUT,842710
4113365,132,15,8917,2015,0.0,7722.0,0.602209,1.125357,LVA,AUT,842710
4113366,135,15,8917,2015,0.0,6296.0,-0.313837,-0.20393,MDA,AUT,842710
4113367,138,15,8917,2015,0.0,18249.0,1.169724,0.61457,MEX,AUT,842710
4113368,140,15,8917,2015,0.0,42768.0,-0.09009600000000001,-0.147359,MKD,AUT,842710
4113369,162,15,8917,2015,929796.0,255592.0,1.230104,1.27344,NLD,AUT,842710
4113370,163,15,8917,2015,105991.0,0.0,0.950708,0.314339,NOR,AUT,842710
4113371,177,15,8917,2015,43322.0,63277.0,1.145844,1.1449280000000002,POL,AUT,842710
4113372,185,15,8917,2015,0.0,1170374.0,0.946363,1.056775,ROU,AUT,842710
4113373,186,15,8917,2015,3512.0,164421.0,0.23119,0.035965,RUS,AUT,842710
4113374,191,15,8917,2015,0.0,1882.0,-0.708349,-0.296663,SEN,AUT,842710
4113375,192,15,8917,2015,22724.0,0.0,2.05613,0.593065,SGP,AUT,842710
4113376,201,15,8917,2015,0.0,133460.0,0.457042,1.324908,SRB,AUT,842710
4113377,206,15,8917,2015,0.0,23263.0,1.287133,0.7900560000000001,SVK,AUT,842710
4113378,207,15,8917,2015,0.0,195604.0,1.6089879999999999,0.833616,SVN,AUT,842710
4113379,208,15,8917,2015,7958778.0,474917.0,1.8068349999999997,0.693389,SWE,AUT,842710
4113380,219,15,8917,2015,0.0,223623.0,-1.546516,-1.315803,TKM,AUT,842710
4113381,223,15,8917,2015,0.0,2810.0,0.140202,0.967591,TUN,AUT,842710
4113382,224,15,8917,2015,0.0,1945.0,0.438669,2.519632,TUR,AUT,842710
4113383,231,15,8917,2015,396383.0,28476.0,1.720478,-0.129322,USA,AUT,842710
4113384,2,18,8917,2015,0.0,1335.0,-1.6542,-1.2598989999999999,AGO,BEL,842710
4113385,7,18,8917,2015,0.0,23747.0,0.21779600000000002,-0.0047420000000000006,ARE,BEL,842710
4113386,9,18,8917,2015,0.0,20770.0,0.037579,-0.42448800000000003,ARM,BEL,842710
4113387,14,18,8917,2015,0.0,495727.0,-0.292325,-0.043489,AUS,BEL,842710
4113388,15,18,8917,2015,205839.0,466084.0,1.747098,-0.08026699999999999,AUT,BEL,842710
4113389,16,18,8917,2015,0.0,55935.0,-0.983347,-1.231542,AZE,BEL,842710
4113390,19,18,8917,2015,0.0,1456.0,-0.5641470000000001,-0.8971020000000001,BEN,BEL,842710
4113391,23,18,8917,2015,8285.0,467175.0,0.45640699999999995,1.691455,BGR,BEL,842710
4113392,26,18,8917,2015,0.0,30006.0,0.355903,0.723092,BIH,BEL,842710
4113393,31,18,8917,2015,0.0,4361.0,-1.051562,-1.067714,BOL,BEL,842710
4113394,39,18,8917,2015,0.0,43249.0,0.695867,1.171676,CAN,BEL,842710
4113395,41,18,8917,2015,84298.0,802351.0,2.306075,0.720781,CHE,BEL,842710
4113396,42,18,8917,2015,0.0,46193.0,-0.356167,-0.47629399999999994,CHL,BEL,842710
4113397,43,18,8917,2015,43603208.0,390980.0,1.077143,1.735757,CHN,BEL,842710
4113398,44,18,8917,2015,0.0,3626.0,-0.856142,-0.905292,CIV,BEL,842710
4113399,45,18,8917,2015,0.0,99834.0,-0.924366,-1.040721,CMR,BEL,842710
4113400,46,18,8917,2015,0.0,184968.0,-1.3921290000000002,-1.146549,COD,BEL,842710
4113401,47,18,8917,2015,0.0,6346.0,-1.294823,-1.18811,COG,BEL,842710
4113402,49,18,8917,2015,0.0,11185.0,0.156383,-0.183055,COL,BEL,842710
4113403,52,18,8917,2015,0.0,21664.0,0.24859699999999998,-0.033143,CRI,BEL,842710
4113404,58,18,8917,2015,0.0,81956.0,0.511225,-0.207261,CYP,BEL,842710
4113405,59,18,8917,2015,65724.0,415852.0,1.743012,0.45424,CZE,BEL,842710
4113406,61,18,8917,2015,65738524.0,8005151.0,2.203818,-2.307561,DEU,BEL,842710
4113407,62,18,8917,2015,0.0,2775.0,-0.538942,-0.832522,DJI,BEL,842710
4113408,64,18,8917,2015,296227.0,3914702.0,1.157924,1.2045629999999998,DNK,BEL,842710
4113409,66,18,8917,2015,0.0,79022.0,-1.54346,-1.255633,DZA,BEL,842710
4113410,68,18,8917,2015,0.0,82581.0,-0.183053,1.765036,EGY,BEL,842710
4113411,71,18,8917,2015,2669670.0,2773408.0,0.8173590000000001,2.442556,ESP,BEL,842710
4113412,72,18,8917,2015,0.0,58359.0,0.9281149999999999,1.1780389999999998,EST,BEL,842710
4113413,73,18,8917,2015,0.0,30585.0,-1.004896,-0.721019,ETH,BEL,842710
4113414,74,18,8917,2015,2352951.0,256237.0,1.597817,0.998059,FIN,BEL,842710
4113415,77,18,8917,2015,12798172.0,78110184.0,1.479792,0.6490239999999999,FRA,BEL,842710
4113416,81,18,8917,2015,5175332.0,8823927.0,1.7422990000000003,0.75838,GBR,BEL,842710
4113417,82,18,8917,2015,0.0,61065.0,-0.343663,-0.588017,GEO,BEL,842710
4113418,83,18,8917,2015,0.0,52827.0,-0.750568,-0.690257,GHA,BEL,842710
4113419,89,18,8917,2015,0.0,4724.0,-1.585577,-0.9044979999999999,GNQ,BEL,842710
4113420,90,18,8917,2015,0.0,167901.0,0.099027,1.012289,GRC,BEL,842710
4113421,97,18,8917,2015,0.0,69735.0,0.8255290000000001,1.8017279999999998,HKG,BEL,842710
4113422,100,18,8917,2015,0.0,24827.0,0.7590140000000001,1.257415,HRV,BEL,842710
4113423,102,18,8917,2015,12629.0,548948.0,1.462839,0.803258,HUN,BEL,842710
4113424,103,18,8917,2015,13069.0,0.0,-0.145103,1.277362,IDN,BEL,842710
4113425,104,18,8917,2015,0.0,28501.0,0.24230900000000002,2.8190880000000003,IND,BEL,842710
4113426,106,18,8917,2015,1186588.0,151772.0,1.304942,0.126431,IRL,BEL,842710
4113427,109,18,8917,2015,0.0,34009.0,0.24527600000000002,-0.411616,ISL,BEL,842710
4113428,110,18,8917,2015,0.0,62801.0,1.260071,0.545545,ISR,BEL,842710
4113429,111,18,8917,2015,64665712.0,1421489.0,1.321127,0.747046,ITA,BEL,842710
4113430,114,18,8917,2015,1848886.0,9320.0,2.516133,-0.484202,JPN,BEL,842710
4113431,116,18,8917,2015,0.0,63270.0,-0.453564,0.433325,KEN,BEL,842710
4113432,117,18,8917,2015,0.0,1116.0,0.02058,0.438692,KGZ,BEL,842710
4113433,121,18,8917,2015,15783440.0,87464.0,1.900653,0.859406,KOR,BEL,842710
4113434,122,18,8917,2015,0.0,378787.0,-0.352023,-1.153057,KWT,BEL,842710
4113435,124,18,8917,2015,0.0,34803.0,0.317355,1.330374,LBN,BEL,842710
4113436,125,18,8917,2015,0.0,104468.0,-1.087459,-1.195708,LBR,BEL,842710
4113437,130,18,8917,2015,0.0,54390.0,0.749429,1.3659860000000001,LTU,BEL,842710
4113438,131,18,8917,2015,236299.0,3143754.0,1.218924,1.247152,LUX,BEL,842710
4113439,132,18,8917,2015,8475.0,43979.0,0.602209,1.125357,LVA,BEL,842710
4113440,134,18,8917,2015,0.0,128605.0,-0.7554810000000001,-0.059697,MAR,BEL,842710
4113441,135,18,8917,2015,0.0,2345.0,-0.313837,-0.20393,MDA,BEL,842710
4113442,138,18,8917,2015,0.0,5576.0,1.169724,0.61457,MEX,BEL,842710
4113443,140,18,8917,2015,0.0,44990.0,-0.09009600000000001,-0.147359,MKD,BEL,842710
4113444,142,18,8917,2015,0.0,62782.0,0.880893,-0.117585,MLT,BEL,842710
4113445,153,18,8917,2015,0.0,33153.0,1.082803,0.811615,MYS,BEL,842710
4113446,159,18,8917,2015,0.0,40144.0,-1.415451,-1.157829,NGA,BEL,842710
4113447,162,18,8917,2015,4823424.0,43617816.0,1.230104,1.27344,NLD,BEL,842710
4113448,163,18,8917,2015,34329.0,70392.0,0.950708,0.314339,NOR,BEL,842710
4113449,166,18,8917,2015,0.0,347225.0,0.224598,0.253179,NZL,BEL,842710
4113450,167,18,8917,2015,0.0,239228.0,-0.4699,-1.00451,OMN,BEL,842710
4113451,168,18,8917,2015,0.0,3266.0,-0.7059979999999999,0.73501,PAK,BEL,842710
4113452,173,18,8917,2015,0.0,5083.0,-0.6007819999999999,0.32152800000000004,PER,BEL,842710
4113453,177,18,8917,2015,32435.0,949484.0,1.145844,1.1449280000000002,POL,BEL,842710
4113454,179,18,8917,2015,121009.0,505726.0,0.561922,2.2276380000000002,PRT,BEL,842710
4113455,180,18,8917,2015,0.0,1698.0,-0.471106,-0.9431139999999999,PRY,BEL,842710
4113456,183,18,8917,2015,0.0,10984.0,-0.077053,-0.9922719999999999,QAT,BEL,842710
4113457,185,18,8917,2015,564536.0,943645.0,0.946363,1.056775,ROU,BEL,842710
4113458,186,18,8917,2015,0.0,19105.0,0.23119,0.035965,RUS,BEL,842710
4113459,188,18,8917,2015,0.0,25016.0,0.5552520000000001,-0.7263229999999999,SAU,BEL,842710
4113460,191,18,8917,2015,0.0,1676.0,-0.708349,-0.296663,SEN,BEL,842710
4113461,192,18,8917,2015,46273.0,219976.0,2.05613,0.593065,SGP,BEL,842710
4113462,196,18,8917,2015,0.0,18264.0,0.072324,-0.255235,SLE,BEL,842710
4113463,199,18,8917,2015,0.0,24052.0,-1.716689,-1.078134,SOM,BEL,842710
4113464,201,18,8917,2015,1066.0,77365.0,0.457042,1.324908,SRB,BEL,842710
4113465,206,18,8917,2015,16591.0,764769.0,1.287133,0.7900560000000001,SVK,BEL,842710
4113466,207,18,8917,2015,24329.0,92315.0,1.6089879999999999,0.833616,SVN,BEL,842710
4113467,208,18,8917,2015,107762080.0,19893936.0,1.8068349999999997,0.693389,SWE,BEL,842710
4113468,215,18,8917,2015,0.0,2367.0,-0.66925,-0.873554,TGO,BEL,842710
4113469,216,18,8917,2015,0.0,22166.0,0.965888,1.368572,THA,BEL,842710
4113470,223,18,8917,2015,0.0,5653.0,0.140202,0.967591,TUN,BEL,842710
4113471,224,18,8917,2015,0.0,23361.0,0.438669,2.519632,TUR,BEL,842710
4113472,228,18,8917,2015,0.0,2595.0,0.429879,0.701813,UKR,BEL,842710
4113473,230,18,8917,2015,0.0,12287.0,0.273876,-0.363695,URY,BEL,842710
4113474,231,18,8917,2015,27324458.0,780915.0,1.720478,-0.129322,USA,BEL,842710
4113475,246,18,8917,2015,0.0,60223.0,0.24944699999999997,1.7573159999999999,ZAF,BEL,842710
4113476,249,18,8917,2015,142300.0,11061.0,1.962832,1.214982,TWN,BEL,842710
4113477,15,23,8917,2015,33779.0,0.0,1.747098,-0.08026699999999999,AUT,BGR,842710
4113478,16,23,8917,2015,0.0,7116.0,-0.983347,-1.231542,AZE,BGR,842710
4113479,18,23,8917,2015,467175.0,8285.0,1.329866,1.100641,BEL,BGR,842710
4113480,28,23,8917,2015,0.0,121741.0,0.672499,0.5584020000000001,BLR,BGR,842710
4113481,41,23,8917,2015,10190.0,0.0,2.306075,0.720781,CHE,BGR,842710
4113482,43,23,8917,2015,281509.0,0.0,1.077143,1.735757,CHN,BGR,842710
4113483,59,23,8917,2015,157840.0,13544.0,1.743012,0.45424,CZE,BGR,842710
4113484,61,23,8917,2015,2197020.0,0.0,2.203818,-2.307561,DEU,BGR,842710
4113485,64,23,8917,2015,95069.0,0.0,1.157924,1.2045629999999998,DNK,BGR,842710
4113486,68,23,8917,2015,0.0,89945.0,-0.183053,1.765036,EGY,BGR,842710
4113487,71,23,8917,2015,17274.0,0.0,0.8173590000000001,2.442556,ESP,BGR,842710
4113488,77,23,8917,2015,287961.0,0.0,1.479792,0.6490239999999999,FRA,BGR,842710
4113489,81,23,8917,2015,138470.0,0.0,1.7422990000000003,0.75838,GBR,BGR,842710
4113490,82,23,8917,2015,0.0,15525.0,-0.343663,-0.588017,GEO,BGR,842710
4113491,90,23,8917,2015,13881.0,136783.0,0.099027,1.012289,GRC,BGR,842710
4113492,102,23,8917,2015,0.0,23254.0,1.462839,0.803258,HUN,BGR,842710
4113493,106,23,8917,2015,307696.0,19361.0,1.304942,0.126431,IRL,BGR,842710
4113494,111,23,8917,2015,1159582.0,27490.0,1.321127,0.747046,ITA,BGR,842710
4113495,113,23,8917,2015,0.0,14287.0,0.121172,0.457301,JOR,BGR,842710
4113496,115,23,8917,2015,0.0,38381.0,-0.45091499999999995,-0.652026,KAZ,BGR,842710
4113497,117,23,8917,2015,0.0,2884.0,0.02058,0.438692,KGZ,BGR,842710
4113498,130,23,8917,2015,7909.0,27941.0,0.749429,1.3659860000000001,LTU,BGR,842710
4113499,132,23,8917,2015,1328.0,4944.0,0.602209,1.125357,LVA,BGR,842710
4113500,135,23,8917,2015,0.0,21612.0,-0.313837,-0.20393,MDA,BGR,842710
4113501,145,23,8917,2015,0.0,1533.0,-1.244368,-1.196677,MNG,BGR,842710
4113502,162,23,8917,2015,454718.0,20068.0,1.230104,1.27344,NLD,BGR,842710
4113503,177,23,8917,2015,182240.0,53773.0,1.145844,1.1449280000000002,POL,BGR,842710
4113504,185,23,8917,2015,498122.0,505644.0,0.946363,1.056775,ROU,BGR,842710
4113505,186,23,8917,2015,65901.0,507698.0,0.23119,0.035965,RUS,BGR,842710
4113506,201,23,8917,2015,50467.0,75622.0,0.457042,1.324908,SRB,BGR,842710
4113507,208,23,8917,2015,1117398.0,0.0,1.8068349999999997,0.693389,SWE,BGR,842710
4113508,224,23,8917,2015,26325.0,58190.0,0.438669,2.519632,TUR,BGR,842710
4113509,228,23,8917,2015,0.0,337649.0,0.429879,0.701813,UKR,BGR,842710
4113510,231,23,8917,2015,31050.0,0.0,1.720478,-0.129322,USA,BGR,842710
4113511,61,25,8917,2015,316385.0,0.0,2.203818,-2.307561,DEU,BHS,842710
4113512,74,25,8917,2015,8307.0,0.0,1.597817,0.998059,FIN,BHS,842710
4113513,231,25,8917,2015,3524887.0,12073.0,1.720478,-0.129322,USA,BHS,842710
4113514,8,32,8917,2015,0.0,3925837.0,0.116896,0.30330999999999997,ARG,BRA,842710
4113515,14,32,8917,2015,61360.0,0.0,-0.292325,-0.043489,AUS,BRA,842710
4113516,31,32,8917,2015,0.0,122282.0,-1.051562,-1.067714,BOL,BRA,842710
4113517,39,32,8917,2015,103500.0,0.0,0.695867,1.171676,CAN,BRA,842710
4113518,42,32,8917,2015,33752.0,845334.0,-0.356167,-0.47629399999999994,CHL,BRA,842710
4113519,43,32,8917,2015,4488480.0,0.0,1.077143,1.735757,CHN,BRA,842710
4113520,49,32,8917,2015,0.0,106843.0,0.156383,-0.183055,COL,BRA,842710
4113521,52,32,8917,2015,0.0,8762.0,0.24859699999999998,-0.033143,CRI,BRA,842710
4113522,61,32,8917,2015,18935332.0,0.0,2.203818,-2.307561,DEU,BRA,842710
4113523,64,32,8917,2015,74383.0,0.0,1.157924,1.2045629999999998,DNK,BRA,842710
4113524,67,32,8917,2015,0.0,4554.0,-0.9845959999999999,-1.075639,ECU,BRA,842710
4113525,71,32,8917,2015,382123.0,0.0,0.8173590000000001,2.442556,ESP,BRA,842710
4113526,77,32,8917,2015,452137.0,0.0,1.479792,0.6490239999999999,FRA,BRA,842710
4113527,81,32,8917,2015,552537.0,0.0,1.7422990000000003,0.75838,GBR,BRA,842710
4113528,97,32,8917,2015,30603.0,0.0,0.8255290000000001,1.8017279999999998,HKG,BRA,842710
4113529,106,32,8917,2015,2466622.0,0.0,1.304942,0.126431,IRL,BRA,842710
4113530,111,32,8917,2015,9074759.0,0.0,1.321127,0.747046,ITA,BRA,842710
4113531,114,32,8917,2015,1224480.0,0.0,2.516133,-0.484202,JPN,BRA,842710
4113532,121,32,8917,2015,343883.0,0.0,1.900653,0.859406,KOR,BRA,842710
4113533,138,32,8917,2015,11916.0,490611.0,1.169724,0.61457,MEX,BRA,842710
4113534,162,32,8917,2015,32377.0,0.0,1.230104,1.27344,NLD,BRA,842710
4113535,173,32,8917,2015,0.0,202750.0,-0.6007819999999999,0.32152800000000004,PER,BRA,842710
4113536,180,32,8917,2015,0.0,409124.0,-0.471106,-0.9431139999999999,PRY,BRA,842710
4113537,185,32,8917,2015,953470.0,0.0,0.946363,1.056775,ROU,BRA,842710
4113538,192,32,8917,2015,92580.0,315196.0,2.05613,0.593065,SGP,BRA,842710
4113539,208,32,8917,2015,5685388.0,0.0,1.8068349999999997,0.693389,SWE,BRA,842710
4113540,224,32,8917,2015,4352.0,0.0,0.438669,2.519632,TUR,BRA,842710
4113541,230,32,8917,2015,0.0,625333.0,0.273876,-0.363695,URY,BRA,842710
4113542,231,32,8917,2015,8876037.0,83653.0,1.720478,-0.129322,USA,BRA,842710
4113543,236,32,8917,2015,0.0,190308.0,-0.9249129999999999,-1.1877280000000001,VEN,BRA,842710
4113544,249,32,8917,2015,28448.0,552589.0,1.962832,1.214982,TWN,BRA,842710
4113545,250,32,8917,2015,6932.0,0.0,0.377283,-0.092204,ANS,BRA,842710
4113546,81,33,8917,2015,5129.0,0.0,1.7422990000000003,0.75838,GBR,BRB,842710
4113547,114,33,8917,2015,21788.0,0.0,2.516133,-0.484202,JPN,BRB,842710
4113548,231,33,8917,2015,213647.0,2418.0,1.720478,-0.129322,USA,BRB,842710
4113549,2,39,8917,2015,0.0,1610.0,-1.6542,-1.2598989999999999,AGO,CAN,842710
4113550,7,39,8917,2015,2190.0,117062.0,0.21779600000000002,-0.0047420000000000006,ARE,CAN,842710
4113551,8,39,8917,2015,0.0,62815.0,0.116896,0.30330999999999997,ARG,CAN,842710
4113552,14,39,8917,2015,0.0,4332630.0,-0.292325,-0.043489,AUS,CAN,842710
4113553,15,39,8917,2015,71705.0,0.0,1.747098,-0.08026699999999999,AUT,CAN,842710
4113554,18,39,8917,2015,43249.0,0.0,1.329866,1.100641,BEL,CAN,842710
4113555,21,39,8917,2015,0.0,4420.0,-1.085359,-1.034365,BFA,CAN,842710
4113556,28,39,8917,2015,0.0,2436.0,0.672499,0.5584020000000001,BLR,CAN,842710
4113557,32,39,8917,2015,0.0,103500.0,0.23656799999999997,0.688607,BRA,CAN,842710
4113558,41,39,8917,2015,15842.0,732912.0,2.306075,0.720781,CHE,CAN,842710
4113559,42,39,8917,2015,0.0,9583.0,-0.356167,-0.47629399999999994,CHL,CAN,842710
4113560,43,39,8917,2015,4250576.0,409403.0,1.077143,1.735757,CHN,CAN,842710
4113561,49,39,8917,2015,0.0,34387.0,0.156383,-0.183055,COL,CAN,842710
4113562,52,39,8917,2015,0.0,25202.0,0.24859699999999998,-0.033143,CRI,CAN,842710
4113563,54,39,8917,2015,0.0,62108.0,-0.694839,-1.093439,CUB,CAN,842710
4113564,61,39,8917,2015,5461022.0,26503.0,2.203818,-2.307561,DEU,CAN,842710
4113565,64,39,8917,2015,106613.0,0.0,1.157924,1.2045629999999998,DNK,CAN,842710
4113566,65,39,8917,2015,0.0,9344.0,-0.212808,0.395873,DOM,CAN,842710
4113567,68,39,8917,2015,0.0,64018.0,-0.183053,1.765036,EGY,CAN,842710
4113568,71,39,8917,2015,3568.0,3382.0,0.8173590000000001,2.442556,ESP,CAN,842710
4113569,74,39,8917,2015,299769.0,0.0,1.597817,0.998059,FIN,CAN,842710
4113570,77,39,8917,2015,119656.0,21150.0,1.479792,0.6490239999999999,FRA,CAN,842710
4113571,81,39,8917,2015,7824.0,30654244.0,1.7422990000000003,0.75838,GBR,CAN,842710
4113572,93,39,8917,2015,0.0,7563.0,-0.284403,0.525564,GTM,CAN,842710
4113573,97,39,8917,2015,0.0,300129.0,0.8255290000000001,1.8017279999999998,HKG,CAN,842710
4113574,99,39,8917,2015,0.0,6393.0,-0.578635,-0.292053,HND,CAN,842710
4113575,103,39,8917,2015,0.0,16056.0,-0.145103,1.277362,IDN,CAN,842710
4113576,104,39,8917,2015,0.0,1868.0,0.24230900000000002,2.8190880000000003,IND,CAN,842710
4113577,106,39,8917,2015,1128432.0,0.0,1.304942,0.126431,IRL,CAN,842710
4113578,110,39,8917,2015,0.0,521516.0,1.260071,0.545545,ISR,CAN,842710
4113579,111,39,8917,2015,1102224.0,5477.0,1.321127,0.747046,ITA,CAN,842710
4113580,112,39,8917,2015,0.0,42229.0,-0.438267,-0.828097,JAM,CAN,842710
4113581,113,39,8917,2015,0.0,42245.0,0.121172,0.457301,JOR,CAN,842710
4113582,114,39,8917,2015,263198.0,0.0,2.516133,-0.484202,JPN,CAN,842710
4113583,121,39,8917,2015,1538718.0,3517668.0,1.900653,0.859406,KOR,CAN,842710
4113584,126,39,8917,2015,0.0,40683.0,-1.3257219999999998,-1.260453,LBY,CAN,842710
4113585,134,39,8917,2015,0.0,23333.0,-0.7554810000000001,-0.059697,MAR,CAN,842710
4113586,135,39,8917,2015,0.0,1096.0,-0.313837,-0.20393,MDA,CAN,842710
4113587,138,39,8917,2015,706052.0,208657.0,1.169724,0.61457,MEX,CAN,842710
4113588,160,39,8917,2015,0.0,3383.0,-1.102989,-0.952276,NIC,CAN,842710
4113589,162,39,8917,2015,1045618.0,51133.0,1.230104,1.27344,NLD,CAN,842710
4113590,163,39,8917,2015,0.0,7106.0,0.950708,0.314339,NOR,CAN,842710
4113591,166,39,8917,2015,0.0,604757.0,0.224598,0.253179,NZL,CAN,842710
4113592,167,39,8917,2015,0.0,109436.0,-0.4699,-1.00451,OMN,CAN,842710
4113593,185,39,8917,2015,112183.0,15857.0,0.946363,1.056775,ROU,CAN,842710
4113594,186,39,8917,2015,0.0,4375.0,0.23119,0.035965,RUS,CAN,842710
4113595,188,39,8917,2015,0.0,14749.0,0.5552520000000001,-0.7263229999999999,SAU,CAN,842710
4113596,192,39,8917,2015,0.0,659594.0,2.05613,0.593065,SGP,CAN,842710
4113597,201,39,8917,2015,2508.0,0.0,0.457042,1.324908,SRB,CAN,842710
4113598,205,39,8917,2015,0.0,17009.0,-0.570361,-1.005072,SUR,CAN,842710
4113599,206,39,8917,2015,0.0,843.0,1.287133,0.7900560000000001,SVK,CAN,842710
4113600,208,39,8917,2015,2889702.0,845387.0,1.8068349999999997,0.693389,SWE,CAN,842710
4113601,216,39,8917,2015,0.0,7665.0,0.965888,1.368572,THA,CAN,842710
4113602,222,39,8917,2015,0.0,1162.0,-0.462837,-1.117621,TTO,CAN,842710
4113603,228,39,8917,2015,0.0,10661.0,0.429879,0.701813,UKR,CAN,842710
4113604,231,39,8917,2015,251957616.0,238254048.0,1.720478,-0.129322,USA,CAN,842710
4113605,239,39,8917,2015,0.0,36825.0,-0.17108900000000002,1.10995,VNM,CAN,842710
4113606,246,39,8917,2015,0.0,65640.0,0.24944699999999997,1.7573159999999999,ZAF,CAN,842710
4113607,249,39,8917,2015,164555.0,471905.0,1.962832,1.214982,TWN,CAN,842710
4113608,2,41,8917,2015,0.0,5519.0,-1.6542,-1.2598989999999999,AGO,CHE,842710
4113609,8,41,8917,2015,0.0,46191.0,0.116896,0.30330999999999997,ARG,CHE,842710
4113610,15,41,8917,2015,2807252.0,726975.0,1.747098,-0.08026699999999999,AUT,CHE,842710
4113611,18,41,8917,2015,802351.0,84298.0,1.329866,1.100641,BEL,CHE,842710
4113612,23,41,8917,2015,0.0,10190.0,0.45640699999999995,1.691455,BGR,CHE,842710
4113613,26,41,8917,2015,0.0,16787.0,0.355903,0.723092,BIH,CHE,842710
4113614,31,41,8917,2015,0.0,8929.0,-1.051562,-1.067714,BOL,CHE,842710
4113615,39,41,8917,2015,732912.0,15842.0,0.695867,1.171676,CAN,CHE,842710
4113616,43,41,8917,2015,1106489.0,560333.0,1.077143,1.735757,CHN,CHE,842710
4113617,49,41,8917,2015,0.0,23174.0,0.156383,-0.183055,COL,CHE,842710
4113618,59,41,8917,2015,95916.0,88172.0,1.743012,0.45424,CZE,CHE,842710
4113619,61,41,8917,2015,52963464.0,6037748.0,2.203818,-2.307561,DEU,CHE,842710
4113620,64,41,8917,2015,69886.0,19292.0,1.157924,1.2045629999999998,DNK,CHE,842710
4113621,68,41,8917,2015,0.0,119100.0,-0.183053,1.765036,EGY,CHE,842710
4113622,71,41,8917,2015,6075.0,84587.0,0.8173590000000001,2.442556,ESP,CHE,842710
4113623,74,41,8917,2015,426421.0,0.0,1.597817,0.998059,FIN,CHE,842710
4113624,77,41,8917,2015,2507462.0,190568.0,1.479792,0.6490239999999999,FRA,CHE,842710
4113625,80,41,8917,2015,0.0,11692.0,-1.384351,-1.209873,GAB,CHE,842710
4113626,81,41,8917,2015,921239.0,0.0,1.7422990000000003,0.75838,GBR,CHE,842710
4113627,100,41,8917,2015,0.0,17713.0,0.7590140000000001,1.257415,HRV,CHE,842710
4113628,102,41,8917,2015,0.0,13999.0,1.462839,0.803258,HUN,CHE,842710
4113629,103,41,8917,2015,0.0,12133.0,-0.145103,1.277362,IDN,CHE,842710
4113630,106,41,8917,2015,1413825.0,3596.0,1.304942,0.126431,IRL,CHE,842710
4113631,110,41,8917,2015,0.0,531622.0,1.260071,0.545545,ISR,CHE,842710
4113632,111,41,8917,2015,8849422.0,284834.0,1.321127,0.747046,ITA,CHE,842710
4113633,113,41,8917,2015,0.0,50687.0,0.121172,0.457301,JOR,CHE,842710
4113634,114,41,8917,2015,24648.0,0.0,2.516133,-0.484202,JPN,CHE,842710
4113635,121,41,8917,2015,126955.0,0.0,1.900653,0.859406,KOR,CHE,842710
4113636,124,41,8917,2015,0.0,6081.0,0.317355,1.330374,LBN,CHE,842710
4113637,132,41,8917,2015,0.0,1745.0,0.602209,1.125357,LVA,CHE,842710
4113638,134,41,8917,2015,0.0,48129.0,-0.7554810000000001,-0.059697,MAR,CHE,842710
4113639,138,41,8917,2015,0.0,450712.0,1.169724,0.61457,MEX,CHE,842710
4113640,140,41,8917,2015,0.0,1954.0,-0.09009600000000001,-0.147359,MKD,CHE,842710
4113641,144,41,8917,2015,0.0,1952.0,-0.048385000000000004,-0.150759,MNE,CHE,842710
4113642,159,41,8917,2015,0.0,265019.0,-1.415451,-1.157829,NGA,CHE,842710
4113643,162,41,8917,2015,2064466.0,347325.0,1.230104,1.27344,NLD,CHE,842710
4113644,163,41,8917,2015,0.0,35464.0,0.950708,0.314339,NOR,CHE,842710
4113645,177,41,8917,2015,145485.0,146737.0,1.145844,1.1449280000000002,POL,CHE,842710
4113646,179,41,8917,2015,2933.0,1244.0,0.561922,2.2276380000000002,PRT,CHE,842710
4113647,185,41,8917,2015,4867.0,1043.0,0.946363,1.056775,ROU,CHE,842710
4113648,186,41,8917,2015,0.0,58709.0,0.23119,0.035965,RUS,CHE,842710
4113649,201,41,8917,2015,0.0,36216.0,0.457042,1.324908,SRB,CHE,842710
4113650,206,41,8917,2015,0.0,70006.0,1.287133,0.7900560000000001,SVK,CHE,842710
4113651,207,41,8917,2015,0.0,9263.0,1.6089879999999999,0.833616,SVN,CHE,842710
4113652,208,41,8917,2015,5357816.0,22042.0,1.8068349999999997,0.693389,SWE,CHE,842710
4113653,215,41,8917,2015,0.0,12990.0,-0.66925,-0.873554,TGO,CHE,842710
4113654,224,41,8917,2015,0.0,58416.0,0.438669,2.519632,TUR,CHE,842710
4113655,231,41,8917,2015,54877.0,96477.0,1.720478,-0.129322,USA,CHE,842710
4113656,232,41,8917,2015,0.0,10433.0,-0.724966,-0.599292,UZB,CHE,842710
4113657,239,41,8917,2015,0.0,9534.0,-0.17108900000000002,1.10995,VNM,CHE,842710
4113658,249,41,8917,2015,21991.0,0.0,1.962832,1.214982,TWN,CHE,842710
4113659,15,42,8917,2015,855.0,0.0,1.747098,-0.08026699999999999,AUT,CHL,842710
4113660,18,42,8917,2015,46193.0,0.0,1.329866,1.100641,BEL,CHL,842710
4113661,31,42,8917,2015,0.0,191300.0,-1.051562,-1.067714,BOL,CHL,842710
4113662,32,42,8917,2015,845334.0,33752.0,0.23656799999999997,0.688607,BRA,CHL,842710
4113663,39,42,8917,2015,9583.0,0.0,0.695867,1.171676,CAN,CHL,842710
4113664,43,42,8917,2015,2361023.0,0.0,1.077143,1.735757,CHN,CHL,842710
4113665,61,42,8917,2015,10648886.0,0.0,2.203818,-2.307561,DEU,CHL,842710
4113666,64,42,8917,2015,21443.0,0.0,1.157924,1.2045629999999998,DNK,CHL,842710
4113667,71,42,8917,2015,233929.0,0.0,0.8173590000000001,2.442556,ESP,CHL,842710
4113668,74,42,8917,2015,108323.0,0.0,1.597817,0.998059,FIN,CHL,842710
4113669,77,42,8917,2015,27682.0,0.0,1.479792,0.6490239999999999,FRA,CHL,842710
4113670,81,42,8917,2015,173626.0,0.0,1.7422990000000003,0.75838,GBR,CHL,842710
4113671,96,42,8917,2015,0.0,45026.0,-1.018758,-1.056085,GUY,CHL,842710
4113672,106,42,8917,2015,107631.0,0.0,1.304942,0.126431,IRL,CHL,842710
4113673,111,42,8917,2015,1285187.0,0.0,1.321127,0.747046,ITA,CHL,842710
4113674,114,42,8917,2015,1244265.0,0.0,2.516133,-0.484202,JPN,CHL,842710
4113675,121,42,8917,2015,153968.0,0.0,1.900653,0.859406,KOR,CHL,842710
4113676,138,42,8917,2015,3050.0,0.0,1.169724,0.61457,MEX,CHL,842710
4113677,162,42,8917,2015,309070.0,0.0,1.230104,1.27344,NLD,CHL,842710
4113678,169,42,8917,2015,3916.0,56422.0,0.642058,0.833392,PAN,CHL,842710
4113679,173,42,8917,2015,14258.0,136905.0,-0.6007819999999999,0.32152800000000004,PER,CHL,842710
4113680,180,42,8917,2015,0.0,63577.0,-0.471106,-0.9431139999999999,PRY,CHL,842710
4113681,185,42,8917,2015,53701.0,0.0,0.946363,1.056775,ROU,CHL,842710
4113682,192,42,8917,2015,21644.0,0.0,2.05613,0.593065,SGP,CHL,842710
4113683,208,42,8917,2015,2448942.0,0.0,1.8068349999999997,0.693389,SWE,CHL,842710
4113684,216,42,8917,2015,150967.0,0.0,0.965888,1.368572,THA,CHL,842710
4113685,230,42,8917,2015,0.0,6763.0,0.273876,-0.363695,URY,CHL,842710
4113686,231,42,8917,2015,11143505.0,20120.0,1.720478,-0.129322,USA,CHL,842710
4113687,239,42,8917,2015,0.0,3093.0,-0.17108900000000002,1.10995,VNM,CHL,842710
4113688,249,42,8917,2015,129826.0,0.0,1.962832,1.214982,TWN,CHL,842710
4113689,250,42,8917,2015,6046.0,0.0,0.377283,-0.092204,ANS,CHL,842710
4113690,0,43,8917,2015,0.0,10029.0,0.8526809999999999,-0.043541,ABW,CHN,842710
4113691,2,43,8917,2015,0.0,583341.0,-1.6542,-1.2598989999999999,AGO,CHN,842710
4113692,4,43,8917,2015,0.0,23212.0,-0.601875,-0.27003,ALB,CHN,842710
4113693,7,43,8917,2015,0.0,3809982.0,0.21779600000000002,-0.0047420000000000006,ARE,CHN,842710
4113694,8,43,8917,2015,0.0,5046125.0,0.116896,0.30330999999999997,ARG,CHN,842710
4113695,9,43,8917,2015,0.0,10612.0,0.037579,-0.42448800000000003,ARM,CHN,842710
4113696,14,43,8917,2015,49548.0,27265664.0,-0.292325,-0.043489,AUS,CHN,842710
4113697,15,43,8917,2015,477802.0,26453.0,1.747098,-0.08026699999999999,AUT,CHN,842710
4113698,16,43,8917,2015,0.0,16391.0,-0.983347,-1.231542,AZE,CHN,842710
4113699,18,43,8917,2015,390980.0,43603208.0,1.329866,1.100641,BEL,CHN,842710
4113700,19,43,8917,2015,0.0,86238.0,-0.5641470000000001,-0.8971020000000001,BEN,CHN,842710
4113701,21,43,8917,2015,0.0,9627.0,-1.085359,-1.034365,BFA,CHN,842710
4113702,22,43,8917,2015,0.0,1268875.0,-1.088465,-0.8745360000000001,BGD,CHN,842710
4113703,23,43,8917,2015,0.0,281509.0,0.45640699999999995,1.691455,BGR,CHN,842710
4113704,24,43,8917,2015,0.0,556773.0,0.36650900000000003,-0.28735,BHR,CHN,842710
4113705,26,43,8917,2015,0.0,4435.0,0.355903,0.723092,BIH,CHN,842710
4113706,28,43,8917,2015,0.0,430427.0,0.672499,0.5584020000000001,BLR,CHN,842710
4113707,31,43,8917,2015,0.0,40886.0,-1.051562,-1.067714,BOL,CHN,842710
4113708,32,43,8917,2015,0.0,4488480.0,0.23656799999999997,0.688607,BRA,CHN,842710
4113709,34,43,8917,2015,0.0,72710.0,1.093564,-0.679211,BRN,CHN,842710
4113710,37,43,8917,2015,0.0,50772.0,-0.14164200000000002,-1.0372059999999999,BWA,CHN,842710
4113711,39,43,8917,2015,409403.0,4250576.0,0.695867,1.171676,CAN,CHN,842710
4113712,41,43,8917,2015,560333.0,1106489.0,2.306075,0.720781,CHE,CHN,842710
4113713,42,43,8917,2015,0.0,2361023.0,-0.356167,-0.47629399999999994,CHL,CHN,842710
4113714,44,43,8917,2015,0.0,119159.0,-0.856142,-0.905292,CIV,CHN,842710
4113715,45,43,8917,2015,0.0,35386.0,-0.924366,-1.040721,CMR,CHN,842710
4113716,46,43,8917,2015,0.0,177095.0,-1.3921290000000002,-1.146549,COD,CHN,842710
4113717,47,43,8917,2015,0.0,43734.0,-1.294823,-1.18811,COG,CHN,842710
4113718,49,43,8917,2015,0.0,869048.0,0.156383,-0.183055,COL,CHN,842710
4113719,51,43,8917,2015,0.0,3031.0,-0.263621,-0.772158,CPV,CHN,842710
4113720,52,43,8917,2015,0.0,569382.0,0.24859699999999998,-0.033143,CRI,CHN,842710
4113721,54,43,8917,2015,0.0,1202477.0,-0.694839,-1.093439,CUB,CHN,842710
4113722,55,43,8917,2015,0.0,6843.0,0.296267,-0.6313350000000001,CUW,CHN,842710
4113723,58,43,8917,2015,0.0,163569.0,0.511225,-0.207261,CYP,CHN,842710
4113724,59,43,8917,2015,84793.0,1119305.0,1.743012,0.45424,CZE,CHN,842710
4113725,61,43,8917,2015,39233940.0,9320344.0,2.203818,-2.307561,DEU,CHN,842710
4113726,62,43,8917,2015,0.0,41720.0,-0.538942,-0.832522,DJI,CHN,842710
4113727,64,43,8917,2015,236743.0,1154440.0,1.157924,1.2045629999999998,DNK,CHN,842710
4113728,65,43,8917,2015,0.0,30440.0,-0.212808,0.395873,DOM,CHN,842710
4113729,66,43,8917,2015,0.0,820409.0,-1.54346,-1.255633,DZA,CHN,842710
4113730,67,43,8917,2015,0.0,437668.0,-0.9845959999999999,-1.075639,ECU,CHN,842710
4113731,68,43,8917,2015,0.0,689733.0,-0.183053,1.765036,EGY,CHN,842710
4113732,69,43,8917,2015,0.0,614553.0,-1.7745669999999998,-1.013696,ERI,CHN,842710
4113733,71,43,8917,2015,68548.0,2685019.0,0.8173590000000001,2.442556,ESP,CHN,842710
4113734,72,43,8917,2015,1274997.0,187307.0,0.9281149999999999,1.1780389999999998,EST,CHN,842710
4113735,73,43,8917,2015,0.0,234540.0,-1.004896,-0.721019,ETH,CHN,842710
4113736,74,43,8917,2015,1193962.0,563131.0,1.597817,0.998059,FIN,CHN,842710
4113737,75,43,8917,2015,0.0,90563.0,-0.481968,-0.201468,FJI,CHN,842710
4113738,77,43,8917,2015,165500.0,8223550.0,1.479792,0.6490239999999999,FRA,CHN,842710
4113739,80,43,8917,2015,0.0,54247.0,-1.384351,-1.209873,GAB,CHN,842710
4113740,81,43,8917,2015,118772.0,9038942.0,1.7422990000000003,0.75838,GBR,CHN,842710
4113741,82,43,8917,2015,0.0,287211.0,-0.343663,-0.588017,GEO,CHN,842710
4113742,83,43,8917,2015,0.0,468184.0,-0.750568,-0.690257,GHA,CHN,842710
4113743,89,43,8917,2015,0.0,6538.0,-1.585577,-0.9044979999999999,GNQ,CHN,842710
4113744,90,43,8917,2015,0.0,413718.0,0.099027,1.012289,GRC,CHN,842710
4113745,93,43,8917,2015,0.0,316136.0,-0.284403,0.525564,GTM,CHN,842710
4113746,96,43,8917,2015,0.0,20305.0,-1.018758,-1.056085,GUY,CHN,842710
4113747,97,43,8917,2015,5244492.0,13787487.0,0.8255290000000001,1.8017279999999998,HKG,CHN,842710
4113748,99,43,8917,2015,0.0,6209.0,-0.578635,-0.292053,HND,CHN,842710
4113749,100,43,8917,2015,0.0,88658.0,0.7590140000000001,1.257415,HRV,CHN,842710
4113750,101,43,8917,2015,0.0,2331.0,-1.288246,-1.018979,HTI,CHN,842710
4113751,102,43,8917,2015,1049472.0,333486.0,1.462839,0.803258,HUN,CHN,842710
4113752,103,43,8917,2015,0.0,13832182.0,-0.145103,1.277362,IDN,CHN,842710
4113753,104,43,8917,2015,159046.0,5652188.0,0.24230900000000002,2.8190880000000003,IND,CHN,842710
4113754,106,43,8917,2015,983546.0,391139.0,1.304942,0.126431,IRL,CHN,842710
4113755,107,43,8917,2015,0.0,2769020.0,-0.258946,-0.0073420000000000004,IRN,CHN,842710
4113756,108,43,8917,2015,0.0,176941.0,-1.465803,-0.912113,IRQ,CHN,842710
4113757,109,43,8917,2015,0.0,36828.0,0.24527600000000002,-0.411616,ISL,CHN,842710
4113758,110,43,8917,2015,0.0,3128760.0,1.260071,0.545545,ISR,CHN,842710
4113759,111,43,8917,2015,3811648.0,1254821.0,1.321127,0.747046,ITA,CHN,842710
4113760,112,43,8917,2015,0.0,3455.0,-0.438267,-0.828097,JAM,CHN,842710
4113761,113,43,8917,2015,0.0,142371.0,0.121172,0.457301,JOR,CHN,842710
4113762,114,43,8917,2015,25915236.0,20589954.0,2.516133,-0.484202,JPN,CHN,842710
4113763,115,43,8917,2015,0.0,934064.0,-0.45091499999999995,-0.652026,KAZ,CHN,842710
4113764,116,43,8917,2015,0.0,266557.0,-0.453564,0.433325,KEN,CHN,842710
4113765,117,43,8917,2015,0.0,36983.0,0.02058,0.438692,KGZ,CHN,842710
4113766,118,43,8917,2015,0.0,543459.0,-0.791985,-0.833046,KHM,CHN,842710
4113767,121,43,8917,2015,2107779.0,16601094.0,1.900653,0.859406,KOR,CHN,842710
4113768,122,43,8917,2015,0.0,405729.0,-0.352023,-1.153057,KWT,CHN,842710
4113769,123,43,8917,2015,0.0,39685.0,-0.927524,-0.74525,LAO,CHN,842710
4113770,124,43,8917,2015,0.0,300328.0,0.317355,1.330374,LBN,CHN,842710
4113771,126,43,8917,2015,0.0,108559.0,-1.3257219999999998,-1.260453,LBY,CHN,842710
4113772,128,43,8917,2015,0.0,563283.0,-0.6773399999999999,0.386343,LKA,CHN,842710
4113773,130,43,8917,2015,0.0,927172.0,0.749429,1.3659860000000001,LTU,CHN,842710
4113774,131,43,8917,2015,0.0,18496.0,1.218924,1.247152,LUX,CHN,842710
4113775,132,43,8917,2015,0.0,716856.0,0.602209,1.125357,LVA,CHN,842710
4113776,133,43,8917,2015,0.0,459217.0,0.296288,0.32009499999999996,MAC,CHN,842710
4113777,134,43,8917,2015,0.0,1547226.0,-0.7554810000000001,-0.059697,MAR,CHN,842710
4113778,135,43,8917,2015,0.0,19065.0,-0.313837,-0.20393,MDA,CHN,842710
4113779,136,43,8917,2015,0.0,56096.0,-1.15947,-0.497217,MDG,CHN,842710
4113780,137,43,8917,2015,0.0,48833.0,-0.321571,-0.858751,MDV,CHN,842710
4113781,138,43,8917,2015,0.0,1648995.0,1.169724,0.61457,MEX,CHN,842710
4113782,140,43,8917,2015,0.0,7246.0,-0.09009600000000001,-0.147359,MKD,CHN,842710
4113783,141,43,8917,2015,0.0,209395.0,-0.744236,-0.9441860000000001,MLI,CHN,842710
4113784,142,43,8917,2015,0.0,68224.0,0.880893,-0.117585,MLT,CHN,842710
4113785,143,43,8917,2015,0.0,606030.0,-1.4596120000000001,-0.903904,MMR,CHN,842710
4113786,144,43,8917,2015,0.0,5675.0,-0.048385000000000004,-0.150759,MNE,CHN,842710
4113787,145,43,8917,2015,0.0,45897.0,-1.244368,-1.196677,MNG,CHN,842710
4113788,147,43,8917,2015,0.0,82178.0,-1.293809,-1.115069,MOZ,CHN,842710
4113789,148,43,8917,2015,0.0,47616.0,-1.5597450000000002,-1.3209229999999998,MRT,CHN,842710
4113790,151,43,8917,2015,0.0,207362.0,-0.231762,-0.195051,MUS,CHN,842710
4113791,153,43,8917,2015,330185.0,7744031.0,1.082803,0.811615,MYS,CHN,842710
4113792,155,43,8917,2015,0.0,132849.0,-0.43457399999999996,-0.665655,NAM,CHN,842710
4113793,156,43,8917,2015,0.0,79109.0,-0.727911,-0.844562,NCL,CHN,842710
4113794,157,43,8917,2015,0.0,160267.0,-1.517292,-1.033891,NER,CHN,842710
4113795,159,43,8917,2015,0.0,689854.0,-1.415451,-1.157829,NGA,CHN,842710
4113796,160,43,8917,2015,0.0,28352.0,-1.102989,-0.952276,NIC,CHN,842710
4113797,162,43,8917,2015,1848058.0,7262560.0,1.230104,1.27344,NLD,CHN,842710
4113798,163,43,8917,2015,0.0,723718.0,0.950708,0.314339,NOR,CHN,842710
4113799,164,43,8917,2015,0.0,65344.0,-0.290416,0.456716,NPL,CHN,842710
4113800,166,43,8917,2015,21348.0,4221592.0,0.224598,0.253179,NZL,CHN,842710
4113801,167,43,8917,2015,0.0,274521.0,-0.4699,-1.00451,OMN,CHN,842710
4113802,168,43,8917,2015,0.0,896347.0,-0.7059979999999999,0.73501,PAK,CHN,842710
4113803,169,43,8917,2015,0.0,1342880.0,0.642058,0.833392,PAN,CHN,842710
4113804,173,43,8917,2015,0.0,1032130.0,-0.6007819999999999,0.32152800000000004,PER,CHN,842710
4113805,174,43,8917,2015,0.0,10192511.0,0.6406270000000001,0.45770200000000005,PHL,CHN,842710
4113806,175,43,8917,2015,0.0,10631.0,0.353098,-0.590496,PLW,CHN,842710
4113807,176,43,8917,2015,0.0,365097.0,-1.710939,-1.266333,PNG,CHN,842710
4113808,177,43,8917,2015,30990.0,3670719.0,1.145844,1.1449280000000002,POL,CHN,842710
4113809,178,43,8917,2015,0.0,101097.0,-0.404818,-0.075235,PRK,CHN,842710
4113810,179,43,8917,2015,0.0,911426.0,0.561922,2.2276380000000002,PRT,CHN,842710
4113811,180,43,8917,2015,0.0,111823.0,-0.471106,-0.9431139999999999,PRY,CHN,842710
4113812,181,43,8917,2015,0.0,267633.0,0.060575,0.5649489999999999,PSE,CHN,842710
4113813,182,43,8917,2015,0.0,31497.0,-0.301696,-0.795154,PYF,CHN,842710
4113814,183,43,8917,2015,0.0,328459.0,-0.077053,-0.9922719999999999,QAT,CHN,842710
4113815,185,43,8917,2015,1283113.0,418142.0,0.946363,1.056775,ROU,CHN,842710
4113816,186,43,8917,2015,0.0,9108195.0,0.23119,0.035965,RUS,CHN,842710
4113817,187,43,8917,2015,0.0,29964.0,-0.755738,-0.4423,RWA,CHN,842710
4113818,188,43,8917,2015,0.0,4875740.0,0.5552520000000001,-0.7263229999999999,SAU,CHN,842710
4113819,190,43,8917,2015,0.0,73833.0,-1.420356,-1.218424,SDN,CHN,842710
4113820,191,43,8917,2015,0.0,22866.0,-0.708349,-0.296663,SEN,CHN,842710
4113821,192,43,8917,2015,184455.0,16268567.0,2.05613,0.593065,SGP,CHN,842710
4113822,195,43,8917,2015,0.0,9045.0,-1.167451,-0.931206,SLB,CHN,842710
4113823,196,43,8917,2015,0.0,92559.0,0.072324,-0.255235,SLE,CHN,842710
4113824,197,43,8917,2015,0.0,81787.0,0.05531900000000001,0.169073,SLV,CHN,842710
4113825,198,43,8917,2015,281873.0,0.0,0.918452,0.559399,SMR,CHN,842710
4113826,201,43,8917,2015,0.0,2401.0,0.457042,1.324908,SRB,CHN,842710
4113827,205,43,8917,2015,0.0,17090.0,-0.570361,-1.005072,SUR,CHN,842710
4113828,206,43,8917,2015,0.0,148659.0,1.287133,0.7900560000000001,SVK,CHN,842710
4113829,207,43,8917,2015,0.0,247047.0,1.6089879999999999,0.833616,SVN,CHN,842710
4113830,208,43,8917,2015,7748186.0,2505691.0,1.8068349999999997,0.693389,SWE,CHN,842710
4113831,211,43,8917,2015,0.0,101153.0,1.017467,-0.285569,SYC,CHN,842710
4113832,212,43,8917,2015,0.0,18905.0,-0.603532,0.313216,SYR,CHN,842710
4113833,215,43,8917,2015,0.0,42631.0,-0.66925,-0.873554,TGO,CHN,842710
4113834,216,43,8917,2015,16358.0,21972342.0,0.965888,1.368572,THA,CHN,842710
4113835,217,43,8917,2015,0.0,152500.0,-1.134216,-1.174245,TJK,CHN,842710
4113836,219,43,8917,2015,0.0,192025.0,-1.546516,-1.315803,TKM,CHN,842710
4113837,220,43,8917,2015,0.0,2702.0,-0.878657,-0.9064450000000001,TLS,CHN,842710
4113838,221,43,8917,2015,0.0,10240.0,-0.212905,-0.670721,TON,CHN,842710
4113839,222,43,8917,2015,0.0,4625.0,-0.462837,-1.117621,TTO,CHN,842710
4113840,223,43,8917,2015,0.0,467812.0,0.140202,0.967591,TUN,CHN,842710
4113841,224,43,8917,2015,224098.0,9154642.0,0.438669,2.519632,TUR,CHN,842710
4113842,226,43,8917,2015,0.0,275560.0,-1.02395,-0.017509999999999998,TZA,CHN,842710
4113843,227,43,8917,2015,0.0,113287.0,-0.611023,0.078961,UGA,CHN,842710
4113844,228,43,8917,2015,0.0,659026.0,0.429879,0.701813,UKR,CHN,842710
4113845,230,43,8917,2015,122719.0,1363427.0,0.273876,-0.363695,URY,CHN,842710
4113846,231,43,8917,2015,20571558.0,64578756.0,1.720478,-0.129322,USA,CHN,842710
4113847,232,43,8917,2015,0.0,715956.0,-0.724966,-0.599292,UZB,CHN,842710
4113848,236,43,8917,2015,0.0,60469.0,-0.9249129999999999,-1.1877280000000001,VEN,CHN,842710
4113849,239,43,8917,2015,0.0,15733322.0,-0.17108900000000002,1.10995,VNM,CHN,842710
4113850,243,43,8917,2015,0.0,5259.0,-1.048632,-1.10843,YEM,CHN,842710
4113851,246,43,8917,2015,0.0,10634440.0,0.24944699999999997,1.7573159999999999,ZAF,CHN,842710
4113852,247,43,8917,2015,0.0,55761.0,-0.44792,-0.769586,ZMB,CHN,842710
4113853,248,43,8917,2015,0.0,17989.0,-0.838017,-0.9400270000000001,ZWE,CHN,842710
4113854,249,43,8917,2015,6339656.0,5747052.0,1.962832,1.214982,TWN,CHN,842710
4113855,18,44,8917,2015,3626.0,0.0,1.329866,1.100641,BEL,CIV,842710
4113856,43,44,8917,2015,119159.0,0.0,1.077143,1.735757,CHN,CIV,842710
4113857,61,44,8917,2015,358355.0,0.0,2.203818,-2.307561,DEU,CIV,842710
4113858,64,44,8917,2015,4230.0,0.0,1.157924,1.2045629999999998,DNK,CIV,842710
4113859,71,44,8917,2015,13978.0,0.0,0.8173590000000001,2.442556,ESP,CIV,842710
4113860,77,44,8917,2015,154197.0,0.0,1.479792,0.6490239999999999,FRA,CIV,842710
4113861,81,44,8917,2015,99517.0,0.0,1.7422990000000003,0.75838,GBR,CIV,842710
4113862,111,44,8917,2015,250055.0,0.0,1.321127,0.747046,ITA,CIV,842710
4113863,114,44,8917,2015,2423.0,0.0,2.516133,-0.484202,JPN,CIV,842710
4113864,121,44,8917,2015,794.0,0.0,1.900653,0.859406,KOR,CIV,842710
4113865,134,44,8917,2015,12287.0,0.0,-0.7554810000000001,-0.059697,MAR,CIV,842710
4113866,141,44,8917,2015,0.0,9588.0,-0.744236,-0.9441860000000001,MLI,CIV,842710
4113867,162,44,8917,2015,98508.0,0.0,1.230104,1.27344,NLD,CIV,842710
4113868,208,44,8917,2015,30559.0,0.0,1.8068349999999997,0.693389,SWE,CIV,842710
4113869,231,44,8917,2015,213371.0,0.0,1.720478,-0.129322,USA,CIV,842710
4113870,249,44,8917,2015,29951.0,0.0,1.962832,1.214982,TWN,CIV,842710
4113871,250,44,8917,2015,116731.0,0.0,0.377283,-0.092204,ANS,CIV,842710
4113872,18,49,8917,2015,11185.0,0.0,1.329866,1.100641,BEL,COL,842710
4113873,32,49,8917,2015,106843.0,0.0,0.23656799999999997,0.688607,BRA,COL,842710
4113874,39,49,8917,2015,34387.0,0.0,0.695867,1.171676,CAN,COL,842710
4113875,41,49,8917,2015,23174.0,0.0,2.306075,0.720781,CHE,COL,842710
4113876,43,49,8917,2015,869048.0,0.0,1.077143,1.735757,CHN,COL,842710
4113877,59,49,8917,2015,5517.0,0.0,1.743012,0.45424,CZE,COL,842710
4113878,61,49,8917,2015,6195690.0,0.0,2.203818,-2.307561,DEU,COL,842710
4113879,65,49,8917,2015,39132.0,0.0,-0.212808,0.395873,DOM,COL,842710
4113880,71,49,8917,2015,12116.0,0.0,0.8173590000000001,2.442556,ESP,COL,842710
4113881,74,49,8917,2015,33171.0,0.0,1.597817,0.998059,FIN,COL,842710
4113882,77,49,8917,2015,157468.0,2830.0,1.479792,0.6490239999999999,FRA,COL,842710
4113883,81,49,8917,2015,30823.0,0.0,1.7422990000000003,0.75838,GBR,COL,842710
4113884,93,49,8917,2015,0.0,67722.0,-0.284403,0.525564,GTM,COL,842710
4113885,97,49,8917,2015,14136.0,0.0,0.8255290000000001,1.8017279999999998,HKG,COL,842710
4113886,104,49,8917,2015,83369.0,0.0,0.24230900000000002,2.8190880000000003,IND,COL,842710
4113887,106,49,8917,2015,527999.0,0.0,1.304942,0.126431,IRL,COL,842710
4113888,111,49,8917,2015,309202.0,0.0,1.321127,0.747046,ITA,COL,842710
4113889,114,49,8917,2015,479324.0,0.0,2.516133,-0.484202,JPN,COL,842710
4113890,121,49,8917,2015,807266.0,0.0,1.900653,0.859406,KOR,COL,842710
4113891,138,49,8917,2015,65163.0,0.0,1.169724,0.61457,MEX,COL,842710
4113892,162,49,8917,2015,337377.0,0.0,1.230104,1.27344,NLD,COL,842710
4113893,169,49,8917,2015,1622.0,74458.0,0.642058,0.833392,PAN,COL,842710
4113894,173,49,8917,2015,41165.0,4152.0,-0.6007819999999999,0.32152800000000004,PER,COL,842710
4113895,177,49,8917,2015,3302.0,0.0,1.145844,1.1449280000000002,POL,COL,842710
4113896,179,49,8917,2015,232336.0,0.0,0.561922,2.2276380000000002,PRT,COL,842710
4113897,208,49,8917,2015,708832.0,0.0,1.8068349999999997,0.693389,SWE,COL,842710
4113898,230,49,8917,2015,6430.0,0.0,0.273876,-0.363695,URY,COL,842710
4113899,231,49,8917,2015,17222034.0,0.0,1.720478,-0.129322,USA,COL,842710
4113900,250,49,8917,2015,0.0,50182.0,0.377283,-0.092204,ANS,COL,842710
4113901,18,52,8917,2015,21664.0,0.0,1.329866,1.100641,BEL,CRI,842710
4113902,32,52,8917,2015,8762.0,0.0,0.23656799999999997,0.688607,BRA,CRI,842710
4113903,39,52,8917,2015,25202.0,0.0,0.695867,1.171676,CAN,CRI,842710
4113904,43,52,8917,2015,569382.0,0.0,1.077143,1.735757,CHN,CRI,842710
4113905,61,52,8917,2015,214421.0,0.0,2.203818,-2.307561,DEU,CRI,842710
4113906,71,52,8917,2015,5069.0,0.0,0.8173590000000001,2.442556,ESP,CRI,842710
4113907,77,52,8917,2015,73722.0,0.0,1.479792,0.6490239999999999,FRA,CRI,842710
4113908,93,52,8917,2015,52009.0,107081.0,-0.284403,0.525564,GTM,CRI,842710
4113909,99,52,8917,2015,0.0,2725.0,-0.578635,-0.292053,HND,CRI,842710
4113910,106,52,8917,2015,30937.0,0.0,1.304942,0.126431,IRL,CRI,842710
4113911,111,52,8917,2015,1607.0,0.0,1.321127,0.747046,ITA,CRI,842710
4113912,114,52,8917,2015,142610.0,0.0,2.516133,-0.484202,JPN,CRI,842710
4113913,121,52,8917,2015,17346.0,0.0,1.900653,0.859406,KOR,CRI,842710
4113914,138,52,8917,2015,35412.0,0.0,1.169724,0.61457,MEX,CRI,842710
4113915,160,52,8917,2015,0.0,70393.0,-1.102989,-0.952276,NIC,CRI,842710
4113916,162,52,8917,2015,3969.0,0.0,1.230104,1.27344,NLD,CRI,842710
4113917,169,52,8917,2015,10342.0,3188.0,0.642058,0.833392,PAN,CRI,842710
4113918,197,52,8917,2015,11586.0,0.0,0.05531900000000001,0.169073,SLV,CRI,842710
4113919,231,52,8917,2015,3814108.0,0.0,1.720478,-0.129322,USA,CRI,842710
4113920,249,52,8917,2015,14694.0,0.0,1.962832,1.214982,TWN,CRI,842710
4113921,43,55,8917,2015,6843.0,0.0,1.077143,1.735757,CHN,CUW,842710
4113922,67,55,8917,2015,0.0,28208.0,-0.9845959999999999,-1.075639,ECU,CUW,842710
4113923,121,55,8917,2015,19958.0,0.0,1.900653,0.859406,KOR,CUW,842710
4113924,162,55,8917,2015,22198.0,0.0,1.230104,1.27344,NLD,CUW,842710
4113925,231,55,8917,2015,403847.0,0.0,1.720478,-0.129322,USA,CUW,842710
4113926,4,59,8917,2015,0.0,10659.0,-0.601875,-0.27003,ALB,CZE,842710
4113927,7,59,8917,2015,0.0,17657.0,0.21779600000000002,-0.0047420000000000006,ARE,CZE,842710
4113928,15,59,8917,2015,116959.0,183828.0,1.747098,-0.08026699999999999,AUT,CZE,842710
4113929,16,59,8917,2015,0.0,4530.0,-0.983347,-1.231542,AZE,CZE,842710
4113930,18,59,8917,2015,415852.0,65724.0,1.329866,1.100641,BEL,CZE,842710
4113931,23,59,8917,2015,13544.0,157840.0,0.45640699999999995,1.691455,BGR,CZE,842710
4113932,26,59,8917,2015,0.0,18688.0,0.355903,0.723092,BIH,CZE,842710
4113933,28,59,8917,2015,0.0,27301.0,0.672499,0.5584020000000001,BLR,CZE,842710
4113934,41,59,8917,2015,88172.0,95916.0,2.306075,0.720781,CHE,CZE,842710
4113935,43,59,8917,2015,1119305.0,84793.0,1.077143,1.735757,CHN,CZE,842710
4113936,49,59,8917,2015,0.0,5517.0,0.156383,-0.183055,COL,CZE,842710
4113937,61,59,8917,2015,50113312.0,1267171.0,2.203818,-2.307561,DEU,CZE,842710
4113938,64,59,8917,2015,315515.0,70205.0,1.157924,1.2045629999999998,DNK,CZE,842710
4113939,68,59,8917,2015,0.0,5287.0,-0.183053,1.765036,EGY,CZE,842710
4113940,71,59,8917,2015,1469307.0,151190.0,0.8173590000000001,2.442556,ESP,CZE,842710
4113941,72,59,8917,2015,0.0,35914.0,0.9281149999999999,1.1780389999999998,EST,CZE,842710
4113942,74,59,8917,2015,26291.0,10451.0,1.597817,0.998059,FIN,CZE,842710
4113943,77,59,8917,2015,3807292.0,506120.0,1.479792,0.6490239999999999,FRA,CZE,842710
4113944,78,59,8917,2015,0.0,13129.0,-0.700767,-0.9214399999999999,FRO,CZE,842710
4113945,81,59,8917,2015,2919923.0,114364.0,1.7422990000000003,0.75838,GBR,CZE,842710
4113946,82,59,8917,2015,0.0,52050.0,-0.343663,-0.588017,GEO,CZE,842710
4113947,90,59,8917,2015,0.0,59386.0,0.099027,1.012289,GRC,CZE,842710
4113948,100,59,8917,2015,0.0,279541.0,0.7590140000000001,1.257415,HRV,CZE,842710
4113949,102,59,8917,2015,99995.0,475506.0,1.462839,0.803258,HUN,CZE,842710
4113950,104,59,8917,2015,0.0,17135.0,0.24230900000000002,2.8190880000000003,IND,CZE,842710
4113951,106,59,8917,2015,38297.0,7711.0,1.304942,0.126431,IRL,CZE,842710
4113952,107,59,8917,2015,0.0,5435.0,-0.258946,-0.0073420000000000004,IRN,CZE,842710
4113953,111,59,8917,2015,13542004.0,194863.0,1.321127,0.747046,ITA,CZE,842710
4113954,113,59,8917,2015,0.0,27828.0,0.121172,0.457301,JOR,CZE,842710
4113955,114,59,8917,2015,0.0,142711.0,2.516133,-0.484202,JPN,CZE,842710
4113956,121,59,8917,2015,13438.0,0.0,1.900653,0.859406,KOR,CZE,842710
4113957,130,59,8917,2015,0.0,83277.0,0.749429,1.3659860000000001,LTU,CZE,842710
4113958,131,59,8917,2015,0.0,5894.0,1.218924,1.247152,LUX,CZE,842710
4113959,132,59,8917,2015,0.0,29932.0,0.602209,1.125357,LVA,CZE,842710
4113960,135,59,8917,2015,0.0,3876.0,-0.313837,-0.20393,MDA,CZE,842710
4113961,138,59,8917,2015,0.0,12999.0,1.169724,0.61457,MEX,CZE,842710
4113962,140,59,8917,2015,0.0,13754.0,-0.09009600000000001,-0.147359,MKD,CZE,842710
4113963,142,59,8917,2015,0.0,17973.0,0.880893,-0.117585,MLT,CZE,842710
4113964,162,59,8917,2015,517395.0,2916011.0,1.230104,1.27344,NLD,CZE,842710
4113965,163,59,8917,2015,74404.0,39118.0,0.950708,0.314339,NOR,CZE,842710
4113966,168,59,8917,2015,0.0,5144.0,-0.7059979999999999,0.73501,PAK,CZE,842710
4113967,177,59,8917,2015,194004.0,2220370.0,1.145844,1.1449280000000002,POL,CZE,842710
4113968,179,59,8917,2015,12069.0,38458.0,0.561922,2.2276380000000002,PRT,CZE,842710
4113969,180,59,8917,2015,0.0,41021.0,-0.471106,-0.9431139999999999,PRY,CZE,842710
4113970,185,59,8917,2015,0.0,436543.0,0.946363,1.056775,ROU,CZE,842710
4113971,186,59,8917,2015,0.0,19724.0,0.23119,0.035965,RUS,CZE,842710
4113972,188,59,8917,2015,0.0,110402.0,0.5552520000000001,-0.7263229999999999,SAU,CZE,842710
4113973,201,59,8917,2015,0.0,124521.0,0.457042,1.324908,SRB,CZE,842710
4113974,206,59,8917,2015,167649.0,2125712.0,1.287133,0.7900560000000001,SVK,CZE,842710
4113975,207,59,8917,2015,48318.0,152463.0,1.6089879999999999,0.833616,SVN,CZE,842710
4113976,208,59,8917,2015,13320596.0,225755.0,1.8068349999999997,0.693389,SWE,CZE,842710
4113977,224,59,8917,2015,0.0,3917.0,0.438669,2.519632,TUR,CZE,842710
4113978,228,59,8917,2015,0.0,90502.0,0.429879,0.701813,UKR,CZE,842710
4113979,231,59,8917,2015,89239.0,0.0,1.720478,-0.129322,USA,CZE,842710
4113980,239,59,8917,2015,0.0,47671.0,-0.17108900000000002,1.10995,VNM,CZE,842710
4113981,249,59,8917,2015,0.0,11955.0,1.962832,1.214982,TWN,CZE,842710
4113982,250,59,8917,2015,2554104.0,0.0,0.377283,-0.092204,ANS,CZE,842710
4113983,1,61,8917,2015,0.0,14390.0,-1.249655,-0.9094459999999999,AFG,DEU,842710
4113984,2,61,8917,2015,0.0,87940.0,-1.6542,-1.2598989999999999,AGO,DEU,842710
4113985,4,61,8917,2015,0.0,69865.0,-0.601875,-0.27003,ALB,DEU,842710
4113986,5,61,8917,2015,0.0,24015.0,0.850153,0.383793,AND,DEU,842710
4113987,7,61,8917,2015,1792.0,11660384.0,0.21779600000000002,-0.0047420000000000006,ARE,DEU,842710
4113988,8,61,8917,2015,0.0,8464056.0,0.116896,0.30330999999999997,ARG,DEU,842710
4113989,9,61,8917,2015,0.0,150343.0,0.037579,-0.42448800000000003,ARM,DEU,842710
4113990,14,61,8917,2015,0.0,23886594.0,-0.292325,-0.043489,AUS,DEU,842710
4113991,15,61,8917,2015,3969978.0,59265632.0,1.747098,-0.08026699999999999,AUT,DEU,842710
4113992,16,61,8917,2015,0.0,214868.0,-0.983347,-1.231542,AZE,DEU,842710
4113993,18,61,8917,2015,8005151.0,65738524.0,1.329866,1.100641,BEL,DEU,842710
4113994,19,61,8917,2015,0.0,240762.0,-0.5641470000000001,-0.8971020000000001,BEN,DEU,842710
4113995,21,61,8917,2015,0.0,11546.0,-1.085359,-1.034365,BFA,DEU,842710
4113996,22,61,8917,2015,0.0,108176.0,-1.088465,-0.8745360000000001,BGD,DEU,842710
4113997,23,61,8917,2015,0.0,2197020.0,0.45640699999999995,1.691455,BGR,DEU,842710
4113998,24,61,8917,2015,0.0,281814.0,0.36650900000000003,-0.28735,BHR,DEU,842710
4113999,25,61,8917,2015,0.0,316385.0,0.669493,-0.37838099999999997,BHS,DEU,842710
4114000,26,61,8917,2015,0.0,1146079.0,0.355903,0.723092,BIH,DEU,842710
4114001,28,61,8917,2015,7024.0,1806542.0,0.672499,0.5584020000000001,BLR,DEU,842710
4114002,31,61,8917,2015,0.0,193819.0,-1.051562,-1.067714,BOL,DEU,842710
4114003,32,61,8917,2015,0.0,18935332.0,0.23656799999999997,0.688607,BRA,DEU,842710
4114004,39,61,8917,2015,26503.0,5461022.0,0.695867,1.171676,CAN,DEU,842710
4114005,41,61,8917,2015,6037748.0,52963464.0,2.306075,0.720781,CHE,DEU,842710
4114006,42,61,8917,2015,0.0,10648886.0,-0.356167,-0.47629399999999994,CHL,DEU,842710
4114007,43,61,8917,2015,9320344.0,39233940.0,1.077143,1.735757,CHN,DEU,842710
4114008,44,61,8917,2015,0.0,358355.0,-0.856142,-0.905292,CIV,DEU,842710
4114009,45,61,8917,2015,0.0,68233.0,-0.924366,-1.040721,CMR,DEU,842710
4114010,46,61,8917,2015,0.0,18743.0,-1.3921290000000002,-1.146549,COD,DEU,842710
4114011,47,61,8917,2015,0.0,30631.0,-1.294823,-1.18811,COG,DEU,842710
4114012,49,61,8917,2015,0.0,6195690.0,0.156383,-0.183055,COL,DEU,842710
4114013,52,61,8917,2015,0.0,214421.0,0.24859699999999998,-0.033143,CRI,DEU,842710
4114014,58,61,8917,2015,0.0,91312.0,0.511225,-0.207261,CYP,DEU,842710
4114015,59,61,8917,2015,1267171.0,50113312.0,1.743012,0.45424,CZE,DEU,842710
4114016,64,61,8917,2015,2246878.0,29512126.0,1.157924,1.2045629999999998,DNK,DEU,842710
4114017,65,61,8917,2015,0.0,59953.0,-0.212808,0.395873,DOM,DEU,842710
4114018,66,61,8917,2015,0.0,1995162.0,-1.54346,-1.255633,DZA,DEU,842710
4114019,67,61,8917,2015,0.0,1313210.0,-0.9845959999999999,-1.075639,ECU,DEU,842710
4114020,68,61,8917,2015,0.0,3212238.0,-0.183053,1.765036,EGY,DEU,842710
4114021,71,61,8917,2015,8002618.0,117820440.0,0.8173590000000001,2.442556,ESP,DEU,842710
4114022,72,61,8917,2015,0.0,1769675.0,0.9281149999999999,1.1780389999999998,EST,DEU,842710
4114023,73,61,8917,2015,0.0,77466.0,-1.004896,-0.721019,ETH,DEU,842710
4114024,74,61,8917,2015,238204.0,8708806.0,1.597817,0.998059,FIN,DEU,842710
4114025,77,61,8917,2015,100857872.0,260740288.0,1.479792,0.6490239999999999,FRA,DEU,842710
4114026,78,61,8917,2015,0.0,17778.0,-0.700767,-0.9214399999999999,FRO,DEU,842710
4114027,81,61,8917,2015,17730562.0,191526528.0,1.7422990000000003,0.75838,GBR,DEU,842710
4114028,82,61,8917,2015,0.0,501348.0,-0.343663,-0.588017,GEO,DEU,842710
4114029,83,61,8917,2015,0.0,241056.0,-0.750568,-0.690257,GHA,DEU,842710
4114030,90,61,8917,2015,29974.0,3277688.0,0.099027,1.012289,GRC,DEU,842710
4114031,93,61,8917,2015,0.0,52439.0,-0.284403,0.525564,GTM,DEU,842710
4114032,97,61,8917,2015,0.0,4365745.0,0.8255290000000001,1.8017279999999998,HKG,DEU,842710
4114033,99,61,8917,2015,0.0,1542.0,-0.578635,-0.292053,HND,DEU,842710
4114034,100,61,8917,2015,182715.0,5751954.0,0.7590140000000001,1.257415,HRV,DEU,842710
4114035,102,61,8917,2015,776217.0,33510854.0,1.462839,0.803258,HUN,DEU,842710
4114036,103,61,8917,2015,0.0,5897668.0,-0.145103,1.277362,IDN,DEU,842710
4114037,104,61,8917,2015,0.0,7864118.0,0.24230900000000002,2.8190880000000003,IND,DEU,842710
4114038,106,61,8917,2015,2690309.0,13239451.0,1.304942,0.126431,IRL,DEU,842710
4114039,107,61,8917,2015,0.0,1987258.0,-0.258946,-0.0073420000000000004,IRN,DEU,842710
4114040,108,61,8917,2015,0.0,1136002.0,-1.465803,-0.912113,IRQ,DEU,842710
4114041,109,61,8917,2015,0.0,2743708.0,0.24527600000000002,-0.411616,ISL,DEU,842710
4114042,110,61,8917,2015,20311.0,15181569.0,1.260071,0.545545,ISR,DEU,842710
4114043,111,61,8917,2015,138467568.0,233312896.0,1.321127,0.747046,ITA,DEU,842710
4114044,113,61,8917,2015,0.0,1579870.0,0.121172,0.457301,JOR,DEU,842710
4114045,114,61,8917,2015,118457.0,169905.0,2.516133,-0.484202,JPN,DEU,842710
4114046,115,61,8917,2015,0.0,2374242.0,-0.45091499999999995,-0.652026,KAZ,DEU,842710
4114047,116,61,8917,2015,0.0,71409.0,-0.453564,0.433325,KEN,DEU,842710
4114048,117,61,8917,2015,0.0,7701.0,0.02058,0.438692,KGZ,DEU,842710
4114049,118,61,8917,2015,0.0,220059.0,-0.791985,-0.833046,KHM,DEU,842710
4114050,121,61,8917,2015,6091448.0,3041018.0,1.900653,0.859406,KOR,DEU,842710
4114051,122,61,8917,2015,0.0,764777.0,-0.352023,-1.153057,KWT,DEU,842710
4114052,124,61,8917,2015,0.0,750002.0,0.317355,1.330374,LBN,DEU,842710
4114053,126,61,8917,2015,0.0,10537.0,-1.3257219999999998,-1.260453,LBY,DEU,842710
4114054,128,61,8917,2015,0.0,674038.0,-0.6773399999999999,0.386343,LKA,DEU,842710
4114055,130,61,8917,2015,5549.0,3522938.0,0.749429,1.3659860000000001,LTU,DEU,842710
4114056,131,61,8917,2015,66366.0,4266038.0,1.218924,1.247152,LUX,DEU,842710
4114057,132,61,8917,2015,2320.0,2377231.0,0.602209,1.125357,LVA,DEU,842710
4114058,134,61,8917,2015,0.0,2553589.0,-0.7554810000000001,-0.059697,MAR,DEU,842710
4114059,135,61,8917,2015,0.0,55012.0,-0.313837,-0.20393,MDA,DEU,842710
4114060,136,61,8917,2015,0.0,65529.0,-1.15947,-0.497217,MDG,DEU,842710
4114061,138,61,8917,2015,0.0,2421482.0,1.169724,0.61457,MEX,DEU,842710
4114062,140,61,8917,2015,0.0,294997.0,-0.09009600000000001,-0.147359,MKD,DEU,842710
4114063,142,61,8917,2015,0.0,175003.0,0.880893,-0.117585,MLT,DEU,842710
4114064,143,61,8917,2015,0.0,114263.0,-1.4596120000000001,-0.903904,MMR,DEU,842710
4114065,144,61,8917,2015,0.0,21303.0,-0.048385000000000004,-0.150759,MNE,DEU,842710
4114066,145,61,8917,2015,0.0,12584.0,-1.244368,-1.196677,MNG,DEU,842710
4114067,147,61,8917,2015,0.0,91739.0,-1.293809,-1.115069,MOZ,DEU,842710
4114068,152,61,8917,2015,0.0,6851.0,-0.549862,-0.8753190000000001,MWI,DEU,842710
4114069,153,61,8917,2015,8038.0,1644248.0,1.082803,0.811615,MYS,DEU,842710
4114070,156,61,8917,2015,0.0,61459.0,-0.727911,-0.844562,NCL,DEU,842710
4114071,159,61,8917,2015,0.0,908178.0,-1.415451,-1.157829,NGA,DEU,842710
4114072,162,61,8917,2015,13561566.0,127239488.0,1.230104,1.27344,NLD,DEU,842710
4114073,163,61,8917,2015,186475.0,26038488.0,0.950708,0.314339,NOR,DEU,842710
4114074,166,61,8917,2015,0.0,2786362.0,0.224598,0.253179,NZL,DEU,842710
4114075,167,61,8917,2015,0.0,785490.0,-0.4699,-1.00451,OMN,DEU,842710
4114076,168,61,8917,2015,0.0,1492089.0,-0.7059979999999999,0.73501,PAK,DEU,842710
4114077,169,61,8917,2015,0.0,1131325.0,0.642058,0.833392,PAN,DEU,842710
4114078,173,61,8917,2015,0.0,2655063.0,-0.6007819999999999,0.32152800000000004,PER,DEU,842710
4114079,174,61,8917,2015,0.0,1032251.0,0.6406270000000001,0.45770200000000005,PHL,DEU,842710
4114080,177,61,8917,2015,1746572.0,86680056.0,1.145844,1.1449280000000002,POL,DEU,842710
4114081,179,61,8917,2015,291580.0,11294357.0,0.561922,2.2276380000000002,PRT,DEU,842710
4114082,180,61,8917,2015,0.0,474571.0,-0.471106,-0.9431139999999999,PRY,DEU,842710
4114083,182,61,8917,2015,0.0,216933.0,-0.301696,-0.795154,PYF,DEU,842710
4114084,183,61,8917,2015,0.0,940812.0,-0.077053,-0.9922719999999999,QAT,DEU,842710
4114085,185,61,8917,2015,13999.0,15337086.0,0.946363,1.056775,ROU,DEU,842710
4114086,186,61,8917,2015,42689.0,62634216.0,0.23119,0.035965,RUS,DEU,842710
4114087,187,61,8917,2015,0.0,20561.0,-0.755738,-0.4423,RWA,DEU,842710
4114088,188,61,8917,2015,2092.0,9801475.0,0.5552520000000001,-0.7263229999999999,SAU,DEU,842710
4114089,190,61,8917,2015,0.0,26088.0,-1.420356,-1.218424,SDN,DEU,842710
4114090,191,61,8917,2015,0.0,44467.0,-0.708349,-0.296663,SEN,DEU,842710
4114091,192,61,8917,2015,17894.0,9750801.0,2.05613,0.593065,SGP,DEU,842710
4114092,197,61,8917,2015,0.0,311581.0,0.05531900000000001,0.169073,SLV,DEU,842710
4114093,201,61,8917,2015,0.0,7036276.0,0.457042,1.324908,SRB,DEU,842710
4114094,205,61,8917,2015,0.0,28934.0,-0.570361,-1.005072,SUR,DEU,842710
4114095,206,61,8917,2015,742710.0,22367408.0,1.287133,0.7900560000000001,SVK,DEU,842710
4114096,207,61,8917,2015,2671356.0,6565288.0,1.6089879999999999,0.833616,SVN,DEU,842710
4114097,208,61,8917,2015,78227704.0,53777856.0,1.8068349999999997,0.693389,SWE,DEU,842710
4114098,212,61,8917,2015,0.0,5104.0,-0.603532,0.313216,SYR,DEU,842710
4114099,215,61,8917,2015,0.0,32419.0,-0.66925,-0.873554,TGO,DEU,842710
4114100,216,61,8917,2015,26825.0,4765641.0,0.965888,1.368572,THA,DEU,842710
4114101,219,61,8917,2015,0.0,132143.0,-1.546516,-1.315803,TKM,DEU,842710
4114102,223,61,8917,2015,0.0,1451392.0,0.140202,0.967591,TUN,DEU,842710
4114103,224,61,8917,2015,355506.0,83591040.0,0.438669,2.519632,TUR,DEU,842710
4114104,226,61,8917,2015,0.0,191553.0,-1.02395,-0.017509999999999998,TZA,DEU,842710
4114105,227,61,8917,2015,0.0,26697.0,-0.611023,0.078961,UGA,DEU,842710
4114106,228,61,8917,2015,14900.0,2258142.0,0.429879,0.701813,UKR,DEU,842710
4114107,230,61,8917,2015,0.0,1863793.0,0.273876,-0.363695,URY,DEU,842710
4114108,231,61,8917,2015,9469874.0,79908112.0,1.720478,-0.129322,USA,DEU,842710
4114109,232,61,8917,2015,0.0,38862.0,-0.724966,-0.599292,UZB,DEU,842710
4114110,236,61,8917,2015,0.0,88667.0,-0.9249129999999999,-1.1877280000000001,VEN,DEU,842710
4114111,239,61,8917,2015,0.0,3152257.0,-0.17108900000000002,1.10995,VNM,DEU,842710
4114112,246,61,8917,2015,42057.0,13277953.0,0.24944699999999997,1.7573159999999999,ZAF,DEU,842710
4114113,249,61,8917,2015,127533.0,1848145.0,1.962832,1.214982,TWN,DEU,842710
4114114,1,64,8917,2015,0.0,3733.0,-1.249655,-0.9094459999999999,AFG,DNK,842710
4114115,2,64,8917,2015,0.0,4954.0,-1.6542,-1.2598989999999999,AGO,DNK,842710
4114116,14,64,8917,2015,0.0,226565.0,-0.292325,-0.043489,AUS,DNK,842710
4114117,15,64,8917,2015,208257.0,91566.0,1.747098,-0.08026699999999999,AUT,DNK,842710
4114118,18,64,8917,2015,3914702.0,296227.0,1.329866,1.100641,BEL,DNK,842710
4114119,23,64,8917,2015,0.0,95069.0,0.45640699999999995,1.691455,BGR,DNK,842710
4114120,32,64,8917,2015,0.0,74383.0,0.23656799999999997,0.688607,BRA,DNK,842710
4114121,39,64,8917,2015,0.0,106613.0,0.695867,1.171676,CAN,DNK,842710
4114122,41,64,8917,2015,19292.0,69886.0,2.306075,0.720781,CHE,DNK,842710
4114123,42,64,8917,2015,0.0,21443.0,-0.356167,-0.47629399999999994,CHL,DNK,842710
4114124,43,64,8917,2015,1154440.0,236743.0,1.077143,1.735757,CHN,DNK,842710
4114125,44,64,8917,2015,0.0,4230.0,-0.856142,-0.905292,CIV,DNK,842710
4114126,45,64,8917,2015,0.0,7454.0,-0.924366,-1.040721,CMR,DNK,842710
4114127,46,64,8917,2015,0.0,1676.0,-1.3921290000000002,-1.146549,COD,DNK,842710
4114128,59,64,8917,2015,70205.0,315515.0,1.743012,0.45424,CZE,DNK,842710
4114129,61,64,8917,2015,29512126.0,2246878.0,2.203818,-2.307561,DEU,DNK,842710
4114130,68,64,8917,2015,0.0,3158.0,-0.183053,1.765036,EGY,DNK,842710
4114131,71,64,8917,2015,3010628.0,85695.0,0.8173590000000001,2.442556,ESP,DNK,842710
4114132,72,64,8917,2015,0.0,12729.0,0.9281149999999999,1.1780389999999998,EST,DNK,842710
4114133,74,64,8917,2015,3153508.0,372277.0,1.597817,0.998059,FIN,DNK,842710
4114134,77,64,8917,2015,4079062.0,904570.0,1.479792,0.6490239999999999,FRA,DNK,842710
4114135,78,64,8917,2015,4099.0,1657857.0,-0.700767,-0.9214399999999999,FRO,DNK,842710
4114136,81,64,8917,2015,2703584.0,260135.0,1.7422990000000003,0.75838,GBR,DNK,842710
4114137,83,64,8917,2015,0.0,26252.0,-0.750568,-0.690257,GHA,DNK,842710
4114138,90,64,8917,2015,0.0,13988.0,0.099027,1.012289,GRC,DNK,842710
4114139,92,64,8917,2015,0.0,475717.0,-1.017707,-0.913467,GRL,DNK,842710
4114140,97,64,8917,2015,0.0,14954.0,0.8255290000000001,1.8017279999999998,HKG,DNK,842710
4114141,100,64,8917,2015,0.0,992.0,0.7590140000000001,1.257415,HRV,DNK,842710
4114142,102,64,8917,2015,0.0,5036.0,1.462839,0.803258,HUN,DNK,842710
4114143,106,64,8917,2015,0.0,21591.0,1.304942,0.126431,IRL,DNK,842710
4114144,108,64,8917,2015,0.0,13648.0,-1.465803,-0.912113,IRQ,DNK,842710
4114145,109,64,8917,2015,0.0,15517.0,0.24527600000000002,-0.411616,ISL,DNK,842710
4114146,110,64,8917,2015,0.0,75561.0,1.260071,0.545545,ISR,DNK,842710
4114147,111,64,8917,2015,5582610.0,50765.0,1.321127,0.747046,ITA,DNK,842710
4114148,116,64,8917,2015,0.0,8535.0,-0.453564,0.433325,KEN,DNK,842710
4114149,121,64,8917,2015,75420.0,3271.0,1.900653,0.859406,KOR,DNK,842710
4114150,122,64,8917,2015,0.0,266927.0,-0.352023,-1.153057,KWT,DNK,842710
4114151,130,64,8917,2015,0.0,54071.0,0.749429,1.3659860000000001,LTU,DNK,842710
4114152,131,64,8917,2015,154251.0,123300.0,1.218924,1.247152,LUX,DNK,842710
4114153,132,64,8917,2015,0.0,48539.0,0.602209,1.125357,LVA,DNK,842710
4114154,140,64,8917,2015,0.0,1936.0,-0.09009600000000001,-0.147359,MKD,DNK,842710
4114155,153,64,8917,2015,0.0,15784.0,1.082803,0.811615,MYS,DNK,842710
4114156,162,64,8917,2015,1991386.0,1817024.0,1.230104,1.27344,NLD,DNK,842710
4114157,163,64,8917,2015,208993.0,295462.0,0.950708,0.314339,NOR,DNK,842710
4114158,166,64,8917,2015,0.0,50862.0,0.224598,0.253179,NZL,DNK,842710
4114159,167,64,8917,2015,0.0,4621.0,-0.4699,-1.00451,OMN,DNK,842710
4114160,177,64,8917,2015,371325.0,998572.0,1.145844,1.1449280000000002,POL,DNK,842710
4114161,179,64,8917,2015,0.0,43885.0,0.561922,2.2276380000000002,PRT,DNK,842710
4114162,185,64,8917,2015,0.0,18648.0,0.946363,1.056775,ROU,DNK,842710
4114163,188,64,8917,2015,0.0,24276.0,0.5552520000000001,-0.7263229999999999,SAU,DNK,842710
4114164,192,64,8917,2015,0.0,78484.0,2.05613,0.593065,SGP,DNK,842710
4114165,207,64,8917,2015,0.0,36016.0,1.6089879999999999,0.833616,SVN,DNK,842710
4114166,208,64,8917,2015,23293524.0,1291472.0,1.8068349999999997,0.693389,SWE,DNK,842710
4114167,216,64,8917,2015,0.0,6344.0,0.965888,1.368572,THA,DNK,842710
4114168,224,64,8917,2015,0.0,41630.0,0.438669,2.519632,TUR,DNK,842710
4114169,228,64,8917,2015,0.0,32967.0,0.429879,0.701813,UKR,DNK,842710
4114170,230,64,8917,2015,0.0,16996.0,0.273876,-0.363695,URY,DNK,842710
4114171,231,64,8917,2015,404515.0,344348.0,1.720478,-0.129322,USA,DNK,842710
4114172,249,64,8917,2015,9587.0,0.0,1.962832,1.214982,TWN,DNK,842710
4114173,39,65,8917,2015,9344.0,0.0,0.695867,1.171676,CAN,DOM,842710
4114174,43,65,8917,2015,30440.0,0.0,1.077143,1.735757,CHN,DOM,842710
4114175,49,65,8917,2015,0.0,39132.0,0.156383,-0.183055,COL,DOM,842710
4114176,61,65,8917,2015,59953.0,0.0,2.203818,-2.307561,DEU,DOM,842710
4114177,71,65,8917,2015,108941.0,0.0,0.8173590000000001,2.442556,ESP,DOM,842710
4114178,77,65,8917,2015,13485.0,0.0,1.479792,0.6490239999999999,FRA,DOM,842710
4114179,101,65,8917,2015,0.0,67972.0,-1.288246,-1.018979,HTI,DOM,842710
4114180,111,65,8917,2015,9119.0,0.0,1.321127,0.747046,ITA,DOM,842710
4114181,112,65,8917,2015,8022.0,0.0,-0.438267,-0.828097,JAM,DOM,842710
4114182,114,65,8917,2015,4673.0,0.0,2.516133,-0.484202,JPN,DOM,842710
4114183,121,65,8917,2015,16191.0,0.0,1.900653,0.859406,KOR,DOM,842710
4114184,162,65,8917,2015,2300.0,0.0,1.230104,1.27344,NLD,DOM,842710
4114185,169,65,8917,2015,2616.0,0.0,0.642058,0.833392,PAN,DOM,842710
4114186,231,65,8917,2015,3391721.0,0.0,1.720478,-0.129322,USA,DOM,842710
4114187,32,67,8917,2015,4554.0,0.0,0.23656799999999997,0.688607,BRA,ECU,842710
4114188,43,67,8917,2015,437668.0,0.0,1.077143,1.735757,CHN,ECU,842710
4114189,55,67,8917,2015,28208.0,0.0,0.296267,-0.6313350000000001,CUW,ECU,842710
4114190,61,67,8917,2015,1313210.0,0.0,2.203818,-2.307561,DEU,ECU,842710
4114191,71,67,8917,2015,54624.0,0.0,0.8173590000000001,2.442556,ESP,ECU,842710
4114192,74,67,8917,2015,6897.0,0.0,1.597817,0.998059,FIN,ECU,842710
4114193,81,67,8917,2015,15373.0,0.0,1.7422990000000003,0.75838,GBR,ECU,842710
4114194,106,67,8917,2015,32666.0,0.0,1.304942,0.126431,IRL,ECU,842710
4114195,111,67,8917,2015,32357.0,0.0,1.321127,0.747046,ITA,ECU,842710
4114196,114,67,8917,2015,165111.0,0.0,2.516133,-0.484202,JPN,ECU,842710
4114197,121,67,8917,2015,177257.0,0.0,1.900653,0.859406,KOR,ECU,842710
4114198,162,67,8917,2015,81870.0,0.0,1.230104,1.27344,NLD,ECU,842710
4114199,173,67,8917,2015,0.0,73127.0,-0.6007819999999999,0.32152800000000004,PER,ECU,842710
4114200,208,67,8917,2015,28959.0,0.0,1.8068349999999997,0.693389,SWE,ECU,842710
4114201,231,67,8917,2015,2620941.0,0.0,1.720478,-0.129322,USA,ECU,842710
4114202,2,71,8917,2015,25117.0,28721.0,-1.6542,-1.2598989999999999,AGO,ESP,842710
4114203,5,71,8917,2015,817.0,235144.0,0.850153,0.383793,AND,ESP,842710
4114204,7,71,8917,2015,0.0,9892.0,0.21779600000000002,-0.0047420000000000006,ARE,ESP,842710
4114205,8,71,8917,2015,0.0,156325.0,0.116896,0.30330999999999997,ARG,ESP,842710
4114206,14,71,8917,2015,0.0,112928.0,-0.292325,-0.043489,AUS,ESP,842710
4114207,15,71,8917,2015,85351.0,1544560.0,1.747098,-0.08026699999999999,AUT,ESP,842710
4114208,18,71,8917,2015,2773408.0,2669670.0,1.329866,1.100641,BEL,ESP,842710
4114209,21,71,8917,2015,0.0,873.0,-1.085359,-1.034365,BFA,ESP,842710
4114210,22,71,8917,2015,0.0,33599.0,-1.088465,-0.8745360000000001,BGD,ESP,842710
4114211,23,71,8917,2015,0.0,17274.0,0.45640699999999995,1.691455,BGR,ESP,842710
4114212,24,71,8917,2015,0.0,4847.0,0.36650900000000003,-0.28735,BHR,ESP,842710
4114213,31,71,8917,2015,0.0,20136.0,-1.051562,-1.067714,BOL,ESP,842710
4114214,32,71,8917,2015,0.0,382123.0,0.23656799999999997,0.688607,BRA,ESP,842710
4114215,39,71,8917,2015,3382.0,3568.0,0.695867,1.171676,CAN,ESP,842710
4114216,41,71,8917,2015,84587.0,6075.0,2.306075,0.720781,CHE,ESP,842710
4114217,42,71,8917,2015,0.0,233929.0,-0.356167,-0.47629399999999994,CHL,ESP,842710
4114218,43,71,8917,2015,2685019.0,68548.0,1.077143,1.735757,CHN,ESP,842710
4114219,44,71,8917,2015,0.0,13978.0,-0.856142,-0.905292,CIV,ESP,842710
4114220,47,71,8917,2015,0.0,8762.0,-1.294823,-1.18811,COG,ESP,842710
4114221,49,71,8917,2015,0.0,12116.0,0.156383,-0.183055,COL,ESP,842710
4114222,51,71,8917,2015,7157.0,258009.0,-0.263621,-0.772158,CPV,ESP,842710
4114223,52,71,8917,2015,0.0,5069.0,0.24859699999999998,-0.033143,CRI,ESP,842710
4114224,54,71,8917,2015,1210.0,971355.0,-0.694839,-1.093439,CUB,ESP,842710
4114225,59,71,8917,2015,151190.0,1469307.0,1.743012,0.45424,CZE,ESP,842710
4114226,61,71,8917,2015,117820440.0,8002618.0,2.203818,-2.307561,DEU,ESP,842710
4114227,64,71,8917,2015,85695.0,3010628.0,1.157924,1.2045629999999998,DNK,ESP,842710
4114228,65,71,8917,2015,0.0,108941.0,-0.212808,0.395873,DOM,ESP,842710
4114229,66,71,8917,2015,0.0,116439.0,-1.54346,-1.255633,DZA,ESP,842710
4114230,67,71,8917,2015,0.0,54624.0,-0.9845959999999999,-1.075639,ECU,ESP,842710
4114231,68,71,8917,2015,0.0,39885.0,-0.183053,1.765036,EGY,ESP,842710
4114232,72,71,8917,2015,0.0,233912.0,0.9281149999999999,1.1780389999999998,EST,ESP,842710
4114233,74,71,8917,2015,263155.0,688164.0,1.597817,0.998059,FIN,ESP,842710
4114234,77,71,8917,2015,23384398.0,7889024.0,1.479792,0.6490239999999999,FRA,ESP,842710
4114235,81,71,8917,2015,10585608.0,11985341.0,1.7422990000000003,0.75838,GBR,ESP,842710
4114236,82,71,8917,2015,0.0,1651.0,-0.343663,-0.588017,GEO,ESP,842710
4114237,83,71,8917,2015,0.0,33056.0,-0.750568,-0.690257,GHA,ESP,842710
4114238,84,71,8917,2015,1053.0,80976.0,0.535143,-0.750155,GIB,ESP,842710
4114239,85,71,8917,2015,0.0,979.0,-1.288329,-1.167532,GIN,ESP,842710
4114240,87,71,8917,2015,0.0,2125.0,-0.984775,-0.877886,GMB,ESP,842710
4114241,89,71,8917,2015,0.0,143835.0,-1.585577,-0.9044979999999999,GNQ,ESP,842710
4114242,90,71,8917,2015,0.0,181326.0,0.099027,1.012289,GRC,ESP,842710
4114243,93,71,8917,2015,0.0,36724.0,-0.284403,0.525564,GTM,ESP,842710
4114244,99,71,8917,2015,0.0,4891.0,-0.578635,-0.292053,HND,ESP,842710
4114245,102,71,8917,2015,75510.0,2352224.0,1.462839,0.803258,HUN,ESP,842710
4114246,104,71,8917,2015,0.0,4108.0,0.24230900000000002,2.8190880000000003,IND,ESP,842710
4114247,106,71,8917,2015,405436.0,864802.0,1.304942,0.126431,IRL,ESP,842710
4114248,110,71,8917,2015,0.0,17599.0,1.260071,0.545545,ISR,ESP,842710
4114249,111,71,8917,2015,48746308.0,2297595.0,1.321127,0.747046,ITA,ESP,842710
4114250,113,71,8917,2015,0.0,56717.0,0.121172,0.457301,JOR,ESP,842710
4114251,114,71,8917,2015,217854.0,50955.0,2.516133,-0.484202,JPN,ESP,842710
4114252,121,71,8917,2015,48135.0,0.0,1.900653,0.859406,KOR,ESP,842710
4114253,126,71,8917,2015,0.0,31500.0,-1.3257219999999998,-1.260453,LBY,ESP,842710
4114254,130,71,8917,2015,18009.0,432829.0,0.749429,1.3659860000000001,LTU,ESP,842710
4114255,132,71,8917,2015,0.0,859542.0,0.602209,1.125357,LVA,ESP,842710
4114256,134,71,8917,2015,0.0,866262.0,-0.7554810000000001,-0.059697,MAR,ESP,842710
4114257,138,71,8917,2015,0.0,76286.0,1.169724,0.61457,MEX,ESP,842710
4114258,140,71,8917,2015,0.0,18980.0,-0.09009600000000001,-0.147359,MKD,ESP,842710
4114259,144,71,8917,2015,0.0,13014.0,-0.048385000000000004,-0.150759,MNE,ESP,842710
4114260,147,71,8917,2015,0.0,76561.0,-1.293809,-1.115069,MOZ,ESP,842710
4114261,148,71,8917,2015,5214.0,20157.0,-1.5597450000000002,-1.3209229999999998,MRT,ESP,842710
4114262,153,71,8917,2015,0.0,8300.0,1.082803,0.811615,MYS,ESP,842710
4114263,156,71,8917,2015,0.0,68048.0,-0.727911,-0.844562,NCL,ESP,842710
4114264,159,71,8917,2015,0.0,23100.0,-1.415451,-1.157829,NGA,ESP,842710
4114265,160,71,8917,2015,0.0,2825.0,-1.102989,-0.952276,NIC,ESP,842710
4114266,162,71,8917,2015,8272728.0,7512858.0,1.230104,1.27344,NLD,ESP,842710
4114267,163,71,8917,2015,20599.0,774787.0,0.950708,0.314339,NOR,ESP,842710
4114268,166,71,8917,2015,0.0,68379.0,0.224598,0.253179,NZL,ESP,842710
4114269,167,71,8917,2015,0.0,7832.0,-0.4699,-1.00451,OMN,ESP,842710
4114270,169,71,8917,2015,0.0,12510.0,0.642058,0.833392,PAN,ESP,842710
4114271,173,71,8917,2015,0.0,97414.0,-0.6007819999999999,0.32152800000000004,PER,ESP,842710
4114272,177,71,8917,2015,98133.0,5028120.0,1.145844,1.1449280000000002,POL,ESP,842710
4114273,179,71,8917,2015,362753.0,12776620.0,0.561922,2.2276380000000002,PRT,ESP,842710
4114274,180,71,8917,2015,0.0,46193.0,-0.471106,-0.9431139999999999,PRY,ESP,842710
4114275,185,71,8917,2015,31500.0,472593.0,0.946363,1.056775,ROU,ESP,842710
4114276,186,71,8917,2015,0.0,17207.0,0.23119,0.035965,RUS,ESP,842710
4114277,188,71,8917,2015,0.0,32982.0,0.5552520000000001,-0.7263229999999999,SAU,ESP,842710
4114278,191,71,8917,2015,0.0,65600.0,-0.708349,-0.296663,SEN,ESP,842710
4114279,197,71,8917,2015,0.0,19167.0,0.05531900000000001,0.169073,SLV,ESP,842710
4114280,201,71,8917,2015,0.0,15151.0,0.457042,1.324908,SRB,ESP,842710
4114281,206,71,8917,2015,7838.0,330594.0,1.287133,0.7900560000000001,SVK,ESP,842710
4114282,207,71,8917,2015,0.0,51767.0,1.6089879999999999,0.833616,SVN,ESP,842710
4114283,208,71,8917,2015,35764608.0,15645.0,1.8068349999999997,0.693389,SWE,ESP,842710
4114284,211,71,8917,2015,0.0,18527.0,1.017467,-0.285569,SYC,ESP,842710
4114285,216,71,8917,2015,0.0,98377.0,0.965888,1.368572,THA,ESP,842710
4114286,223,71,8917,2015,0.0,4762.0,0.140202,0.967591,TUN,ESP,842710
4114287,224,71,8917,2015,28612.0,37637.0,0.438669,2.519632,TUR,ESP,842710
4114288,228,71,8917,2015,0.0,4856.0,0.429879,0.701813,UKR,ESP,842710
4114289,230,71,8917,2015,0.0,93156.0,0.273876,-0.363695,URY,ESP,842710
4114290,231,71,8917,2015,2591310.0,232351.0,1.720478,-0.129322,USA,ESP,842710
4114291,236,71,8917,2015,0.0,13529.0,-0.9249129999999999,-1.1877280000000001,VEN,ESP,842710
4114292,246,71,8917,2015,0.0,171918.0,0.24944699999999997,1.7573159999999999,ZAF,ESP,842710
4114293,249,71,8917,2015,566173.0,0.0,1.962832,1.214982,TWN,ESP,842710
4114294,250,71,8917,2015,114826.0,0.0,0.377283,-0.092204,ANS,ESP,842710
4114295,15,72,8917,2015,5337.0,0.0,1.747098,-0.08026699999999999,AUT,EST,842710
4114296,18,72,8917,2015,58359.0,0.0,1.329866,1.100641,BEL,EST,842710
4114297,28,72,8917,2015,0.0,48899.0,0.672499,0.5584020000000001,BLR,EST,842710
4114298,43,72,8917,2015,187307.0,1274997.0,1.077143,1.735757,CHN,EST,842710
4114299,59,72,8917,2015,35914.0,0.0,1.743012,0.45424,CZE,EST,842710
4114300,61,72,8917,2015,1769675.0,0.0,2.203818,-2.307561,DEU,EST,842710
4114301,64,72,8917,2015,12729.0,0.0,1.157924,1.2045629999999998,DNK,EST,842710
4114302,71,72,8917,2015,233912.0,0.0,0.8173590000000001,2.442556,ESP,EST,842710
4114303,74,72,8917,2015,41395.0,2918.0,1.597817,0.998059,FIN,EST,842710
4114304,77,72,8917,2015,465154.0,1597.0,1.479792,0.6490239999999999,FRA,EST,842710
4114305,81,72,8917,2015,225244.0,0.0,1.7422990000000003,0.75838,GBR,EST,842710
4114306,111,72,8917,2015,465050.0,0.0,1.321127,0.747046,ITA,EST,842710
4114307,114,72,8917,2015,31917.0,0.0,2.516133,-0.484202,JPN,EST,842710
4114308,121,72,8917,2015,48460.0,0.0,1.900653,0.859406,KOR,EST,842710
4114309,130,72,8917,2015,130308.0,22669.0,0.749429,1.3659860000000001,LTU,EST,842710
4114310,132,72,8917,2015,685888.0,22334.0,0.602209,1.125357,LVA,EST,842710
4114311,162,72,8917,2015,161045.0,17114.0,1.230104,1.27344,NLD,EST,842710
4114312,163,72,8917,2015,5312.0,0.0,0.950708,0.314339,NOR,EST,842710
4114313,177,72,8917,2015,55196.0,0.0,1.145844,1.1449280000000002,POL,EST,842710
4114314,186,72,8917,2015,0.0,251813.0,0.23119,0.035965,RUS,EST,842710
4114315,208,72,8917,2015,268125.0,4408.0,1.8068349999999997,0.693389,SWE,EST,842710
4114316,216,72,8917,2015,203788.0,0.0,0.965888,1.368572,THA,EST,842710
4114317,250,72,8917,2015,21847.0,0.0,0.377283,-0.092204,ANS,EST,842710
4114318,2,77,8917,2015,0.0,289108.0,-1.6542,-1.2598989999999999,AGO,FRA,842710
4114319,4,77,8917,2015,0.0,5866.0,-0.601875,-0.27003,ALB,FRA,842710
4114320,7,77,8917,2015,0.0,676342.0,0.21779600000000002,-0.0047420000000000006,ARE,FRA,842710
4114321,8,77,8917,2015,0.0,1835476.0,0.116896,0.30330999999999997,ARG,FRA,842710
4114322,11,77,8917,2015,0.0,5075.0,1.3470309999999999,-0.277438,ATA,FRA,842710
4114323,14,77,8917,2015,5796.0,4406482.0,-0.292325,-0.043489,AUS,FRA,842710
4114324,15,77,8917,2015,184803.0,5027945.0,1.747098,-0.08026699999999999,AUT,FRA,842710
4114325,18,77,8917,2015,78110184.0,12798172.0,1.329866,1.100641,BEL,FRA,842710
4114326,19,77,8917,2015,0.0,9072.0,-0.5641470000000001,-0.8971020000000001,BEN,FRA,842710
4114327,21,77,8917,2015,0.0,157067.0,-1.085359,-1.034365,BFA,FRA,842710
4114328,22,77,8917,2015,0.0,31626.0,-1.088465,-0.8745360000000001,BGD,FRA,842710
4114329,23,77,8917,2015,0.0,287961.0,0.45640699999999995,1.691455,BGR,FRA,842710
4114330,24,77,8917,2015,0.0,38597.0,0.36650900000000003,-0.28735,BHR,FRA,842710
4114331,26,77,8917,2015,0.0,50387.0,0.355903,0.723092,BIH,FRA,842710
4114332,27,77,8917,2015,0.0,14002.0,0.562426,-0.459475,BLM,FRA,842710
4114333,31,77,8917,2015,0.0,67777.0,-1.051562,-1.067714,BOL,FRA,842710
4114334,32,77,8917,2015,0.0,452137.0,0.23656799999999997,0.688607,BRA,FRA,842710
4114335,38,77,8917,2015,0.0,3842.0,-0.35029,-0.6630199999999999,CAF,FRA,842710
4114336,39,77,8917,2015,21150.0,119656.0,0.695867,1.171676,CAN,FRA,842710
4114337,41,77,8917,2015,190568.0,2507462.0,2.306075,0.720781,CHE,FRA,842710
4114338,42,77,8917,2015,0.0,27682.0,-0.356167,-0.47629399999999994,CHL,FRA,842710
4114339,43,77,8917,2015,8223550.0,165500.0,1.077143,1.735757,CHN,FRA,842710
4114340,44,77,8917,2015,0.0,154197.0,-0.856142,-0.905292,CIV,FRA,842710
4114341,45,77,8917,2015,0.0,3277.0,-0.924366,-1.040721,CMR,FRA,842710
4114342,46,77,8917,2015,0.0,19686.0,-1.3921290000000002,-1.146549,COD,FRA,842710
4114343,47,77,8917,2015,0.0,225179.0,-1.294823,-1.18811,COG,FRA,842710
4114344,49,77,8917,2015,2830.0,157468.0,0.156383,-0.183055,COL,FRA,842710
4114345,51,77,8917,2015,0.0,4314.0,-0.263621,-0.772158,CPV,FRA,842710
4114346,52,77,8917,2015,0.0,73722.0,0.24859699999999998,-0.033143,CRI,FRA,842710
4114347,58,77,8917,2015,0.0,34182.0,0.511225,-0.207261,CYP,FRA,842710
4114348,59,77,8917,2015,506120.0,3807292.0,1.743012,0.45424,CZE,FRA,842710
4114349,61,77,8917,2015,260740288.0,100857872.0,2.203818,-2.307561,DEU,FRA,842710
4114350,62,77,8917,2015,0.0,14101.0,-0.538942,-0.832522,DJI,FRA,842710
4114351,64,77,8917,2015,904570.0,4079062.0,1.157924,1.2045629999999998,DNK,FRA,842710
4114352,65,77,8917,2015,0.0,13485.0,-0.212808,0.395873,DOM,FRA,842710
4114353,66,77,8917,2015,0.0,3665257.0,-1.54346,-1.255633,DZA,FRA,842710
4114354,68,77,8917,2015,0.0,192431.0,-0.183053,1.765036,EGY,FRA,842710
4114355,71,77,8917,2015,7889024.0,23384398.0,0.8173590000000001,2.442556,ESP,FRA,842710
4114356,72,77,8917,2015,1597.0,465154.0,0.9281149999999999,1.1780389999999998,EST,FRA,842710
4114357,73,77,8917,2015,0.0,79822.0,-1.004896,-0.721019,ETH,FRA,842710
4114358,74,77,8917,2015,901164.0,1014312.0,1.597817,0.998059,FIN,FRA,842710
4114359,80,77,8917,2015,0.0,14111.0,-1.384351,-1.209873,GAB,FRA,842710
4114360,81,77,8917,2015,18740876.0,19584828.0,1.7422990000000003,0.75838,GBR,FRA,842710
4114361,83,77,8917,2015,0.0,128662.0,-0.750568,-0.690257,GHA,FRA,842710
4114362,85,77,8917,2015,0.0,11641.0,-1.288329,-1.167532,GIN,FRA,842710
4114363,90,77,8917,2015,0.0,350355.0,0.099027,1.012289,GRC,FRA,842710
4114364,93,77,8917,2015,0.0,13343.0,-0.284403,0.525564,GTM,FRA,842710
4114365,97,77,8917,2015,0.0,110609.0,0.8255290000000001,1.8017279999999998,HKG,FRA,842710
4114366,100,77,8917,2015,496677.0,571627.0,0.7590140000000001,1.257415,HRV,FRA,842710
4114367,102,77,8917,2015,0.0,1486575.0,1.462839,0.803258,HUN,FRA,842710
4114368,103,77,8917,2015,0.0,330381.0,-0.145103,1.277362,IDN,FRA,842710
4114369,104,77,8917,2015,0.0,86575.0,0.24230900000000002,2.8190880000000003,IND,FRA,842710
4114370,106,77,8917,2015,2400953.0,1264245.0,1.304942,0.126431,IRL,FRA,842710
4114371,109,77,8917,2015,0.0,69662.0,0.24527600000000002,-0.411616,ISL,FRA,842710
4114372,110,77,8917,2015,0.0,295368.0,1.260071,0.545545,ISR,FRA,842710
4114373,111,77,8917,2015,86774624.0,13209711.0,1.321127,0.747046,ITA,FRA,842710
4114374,113,77,8917,2015,0.0,34197.0,0.121172,0.457301,JOR,FRA,842710
4114375,114,77,8917,2015,136673.0,149477.0,2.516133,-0.484202,JPN,FRA,842710
4114376,121,77,8917,2015,2251206.0,133674.0,1.900653,0.859406,KOR,FRA,842710
4114377,122,77,8917,2015,0.0,222828.0,-0.352023,-1.153057,KWT,FRA,842710
4114378,124,77,8917,2015,0.0,9130.0,0.317355,1.330374,LBN,FRA,842710
4114379,128,77,8917,2015,0.0,2614.0,-0.6773399999999999,0.386343,LKA,FRA,842710
4114380,130,77,8917,2015,0.0,378355.0,0.749429,1.3659860000000001,LTU,FRA,842710
4114381,131,77,8917,2015,14801.0,78998.0,1.218924,1.247152,LUX,FRA,842710
4114382,132,77,8917,2015,0.0,107969.0,0.602209,1.125357,LVA,FRA,842710
4114383,134,77,8917,2015,8709.0,608805.0,-0.7554810000000001,-0.059697,MAR,FRA,842710
4114384,135,77,8917,2015,0.0,18985.0,-0.313837,-0.20393,MDA,FRA,842710
4114385,136,77,8917,2015,0.0,50120.0,-1.15947,-0.497217,MDG,FRA,842710
4114386,138,77,8917,2015,0.0,288641.0,1.169724,0.61457,MEX,FRA,842710
4114387,140,77,8917,2015,0.0,14876.0,-0.09009600000000001,-0.147359,MKD,FRA,842710
4114388,141,77,8917,2015,0.0,147661.0,-0.744236,-0.9441860000000001,MLI,FRA,842710
4114389,143,77,8917,2015,0.0,25867.0,-1.4596120000000001,-0.903904,MMR,FRA,842710
4114390,144,77,8917,2015,0.0,5709.0,-0.048385000000000004,-0.150759,MNE,FRA,842710
4114391,151,77,8917,2015,0.0,16935.0,-0.231762,-0.195051,MUS,FRA,842710
4114392,153,77,8917,2015,0.0,15447.0,1.082803,0.811615,MYS,FRA,842710
4114393,156,77,8917,2015,0.0,88817.0,-0.727911,-0.844562,NCL,FRA,842710
4114394,157,77,8917,2015,61809.0,0.0,-1.517292,-1.033891,NER,FRA,842710
4114395,162,77,8917,2015,4473184.0,10159008.0,1.230104,1.27344,NLD,FRA,842710
4114396,163,77,8917,2015,0.0,1136786.0,0.950708,0.314339,NOR,FRA,842710
4114397,166,77,8917,2015,0.0,566080.0,0.224598,0.253179,NZL,FRA,842710
4114398,167,77,8917,2015,0.0,34577.0,-0.4699,-1.00451,OMN,FRA,842710
4114399,173,77,8917,2015,0.0,16856.0,-0.6007819999999999,0.32152800000000004,PER,FRA,842710
4114400,174,77,8917,2015,0.0,18851.0,0.6406270000000001,0.45770200000000005,PHL,FRA,842710
4114401,177,77,8917,2015,258469.0,9245374.0,1.145844,1.1449280000000002,POL,FRA,842710
4114402,178,77,8917,2015,350941.0,0.0,-0.404818,-0.075235,PRK,FRA,842710
4114403,179,77,8917,2015,65197.0,1889512.0,0.561922,2.2276380000000002,PRT,FRA,842710
4114404,180,77,8917,2015,0.0,29938.0,-0.471106,-0.9431139999999999,PRY,FRA,842710
4114405,182,77,8917,2015,0.0,317546.0,-0.301696,-0.795154,PYF,FRA,842710
4114406,183,77,8917,2015,0.0,332170.0,-0.077053,-0.9922719999999999,QAT,FRA,842710
4114407,185,77,8917,2015,0.0,949134.0,0.946363,1.056775,ROU,FRA,842710
4114408,186,77,8917,2015,0.0,1518195.0,0.23119,0.035965,RUS,FRA,842710
4114409,187,77,8917,2015,0.0,45920.0,-0.755738,-0.4423,RWA,FRA,842710
4114410,188,77,8917,2015,0.0,882785.0,0.5552520000000001,-0.7263229999999999,SAU,FRA,842710
4114411,190,77,8917,2015,0.0,7869.0,-1.420356,-1.218424,SDN,FRA,842710
4114412,191,77,8917,2015,0.0,264703.0,-0.708349,-0.296663,SEN,FRA,842710
4114413,192,77,8917,2015,0.0,175003.0,2.05613,0.593065,SGP,FRA,842710
4114414,201,77,8917,2015,0.0,257142.0,0.457042,1.324908,SRB,FRA,842710
4114415,206,77,8917,2015,0.0,804271.0,1.287133,0.7900560000000001,SVK,FRA,842710
4114416,207,77,8917,2015,0.0,300356.0,1.6089879999999999,0.833616,SVN,FRA,842710
4114417,208,77,8917,2015,17787842.0,7668559.0,1.8068349999999997,0.693389,SWE,FRA,842710
4114418,210,77,8917,2015,4268.0,0.0,0.945973,-0.7548229999999999,SXM,FRA,842710
4114419,214,77,8917,2015,0.0,8398.0,-1.543675,-0.9703860000000001,TCD,FRA,842710
4114420,215,77,8917,2015,0.0,50807.0,-0.66925,-0.873554,TGO,FRA,842710
4114421,216,77,8917,2015,0.0,913677.0,0.965888,1.368572,THA,FRA,842710
4114422,223,77,8917,2015,0.0,296963.0,0.140202,0.967591,TUN,FRA,842710
4114423,224,77,8917,2015,138459.0,3561614.0,0.438669,2.519632,TUR,FRA,842710
4114424,227,77,8917,2015,0.0,26899.0,-0.611023,0.078961,UGA,FRA,842710
4114425,228,77,8917,2015,0.0,116023.0,0.429879,0.701813,UKR,FRA,842710
4114426,230,77,8917,2015,0.0,88849.0,0.273876,-0.363695,URY,FRA,842710
4114427,231,77,8917,2015,3466988.0,2206848.0,1.720478,-0.129322,USA,FRA,842710
4114428,239,77,8917,2015,0.0,76418.0,-0.17108900000000002,1.10995,VNM,FRA,842710
4114429,246,77,8917,2015,0.0,822343.0,0.24944699999999997,1.7573159999999999,ZAF,FRA,842710
4114430,249,77,8917,2015,23845.0,222538.0,1.962832,1.214982,TWN,FRA,842710
4114431,250,77,8917,2015,324266.0,0.0,0.377283,-0.092204,ANS,FRA,842710
4114432,2,81,8917,2015,0.0,643173.0,-1.6542,-1.2598989999999999,AGO,GBR,842710
4114433,7,81,8917,2015,0.0,4277572.0,0.21779600000000002,-0.0047420000000000006,ARE,GBR,842710
4114434,8,81,8917,2015,0.0,183355.0,0.116896,0.30330999999999997,ARG,GBR,842710
4114435,14,81,8917,2015,0.0,2176923.0,-0.292325,-0.043489,AUS,GBR,842710
4114436,15,81,8917,2015,136606.0,1027180.0,1.747098,-0.08026699999999999,AUT,GBR,842710
4114437,16,81,8917,2015,0.0,80298.0,-0.983347,-1.231542,AZE,GBR,842710
4114438,18,81,8917,2015,8823927.0,5175332.0,1.329866,1.100641,BEL,GBR,842710
4114439,23,81,8917,2015,0.0,138470.0,0.45640699999999995,1.691455,BGR,GBR,842710
4114440,24,81,8917,2015,0.0,33544.0,0.36650900000000003,-0.28735,BHR,GBR,842710
4114441,26,81,8917,2015,0.0,47333.0,0.355903,0.723092,BIH,GBR,842710
4114442,31,81,8917,2015,0.0,50443.0,-1.051562,-1.067714,BOL,GBR,842710
4114443,32,81,8917,2015,0.0,552537.0,0.23656799999999997,0.688607,BRA,GBR,842710
4114444,33,81,8917,2015,0.0,5129.0,0.453689,0.039237,BRB,GBR,842710
4114445,39,81,8917,2015,30654244.0,7824.0,0.695867,1.171676,CAN,GBR,842710
4114446,41,81,8917,2015,0.0,921239.0,2.306075,0.720781,CHE,GBR,842710
4114447,42,81,8917,2015,0.0,173626.0,-0.356167,-0.47629399999999994,CHL,GBR,842710
4114448,43,81,8917,2015,9038942.0,118772.0,1.077143,1.735757,CHN,GBR,842710
4114449,44,81,8917,2015,0.0,99517.0,-0.856142,-0.905292,CIV,GBR,842710
4114450,46,81,8917,2015,0.0,1563.0,-1.3921290000000002,-1.146549,COD,GBR,842710
4114451,49,81,8917,2015,0.0,30823.0,0.156383,-0.183055,COL,GBR,842710
4114452,58,81,8917,2015,0.0,32783.0,0.511225,-0.207261,CYP,GBR,842710
4114453,59,81,8917,2015,114364.0,2919923.0,1.743012,0.45424,CZE,GBR,842710
4114454,61,81,8917,2015,191526528.0,17730562.0,2.203818,-2.307561,DEU,GBR,842710
4114455,64,81,8917,2015,260135.0,2703584.0,1.157924,1.2045629999999998,DNK,GBR,842710
4114456,66,81,8917,2015,0.0,236669.0,-1.54346,-1.255633,DZA,GBR,842710
4114457,67,81,8917,2015,0.0,15373.0,-0.9845959999999999,-1.075639,ECU,GBR,842710
4114458,68,81,8917,2015,0.0,568408.0,-0.183053,1.765036,EGY,GBR,842710
4114459,71,81,8917,2015,11985341.0,10585608.0,0.8173590000000001,2.442556,ESP,GBR,842710
4114460,72,81,8917,2015,0.0,225244.0,0.9281149999999999,1.1780389999999998,EST,GBR,842710
4114461,73,81,8917,2015,0.0,50452.0,-1.004896,-0.721019,ETH,GBR,842710
4114462,74,81,8917,2015,0.0,952568.0,1.597817,0.998059,FIN,GBR,842710
4114463,76,81,8917,2015,0.0,52938.0,0.268838,-0.829983,FLK,GBR,842710
4114464,77,81,8917,2015,19584828.0,18740876.0,1.479792,0.6490239999999999,FRA,GBR,842710
4114465,82,81,8917,2015,0.0,14315.0,-0.343663,-0.588017,GEO,GBR,842710
4114466,83,81,8917,2015,0.0,175981.0,-0.750568,-0.690257,GHA,GBR,842710
4114467,84,81,8917,2015,0.0,1529.0,0.535143,-0.750155,GIB,GBR,842710
4114468,90,81,8917,2015,0.0,78468.0,0.099027,1.012289,GRC,GBR,842710
4114469,93,81,8917,2015,0.0,10027.0,-0.284403,0.525564,GTM,GBR,842710
4114470,97,81,8917,2015,0.0,75429.0,0.8255290000000001,1.8017279999999998,HKG,GBR,842710
4114471,100,81,8917,2015,0.0,53722.0,0.7590140000000001,1.257415,HRV,GBR,842710
4114472,102,81,8917,2015,0.0,562667.0,1.462839,0.803258,HUN,GBR,842710
4114473,103,81,8917,2015,0.0,56105.0,-0.145103,1.277362,IDN,GBR,842710
4114474,104,81,8917,2015,5589638.0,416257.0,0.24230900000000002,2.8190880000000003,IND,GBR,842710
4114475,106,81,8917,2015,21655700.0,4474714.0,1.304942,0.126431,IRL,GBR,842710
4114476,108,81,8917,2015,0.0,157718.0,-1.465803,-0.912113,IRQ,GBR,842710
4114477,109,81,8917,2015,0.0,100465.0,0.24527600000000002,-0.411616,ISL,GBR,842710
4114478,110,81,8917,2015,0.0,1720183.0,1.260071,0.545545,ISR,GBR,842710
4114479,111,81,8917,2015,45350600.0,13098663.0,1.321127,0.747046,ITA,GBR,842710
4114480,113,81,8917,2015,0.0,155431.0,0.121172,0.457301,JOR,GBR,842710
4114481,114,81,8917,2015,221339.0,176624.0,2.516133,-0.484202,JPN,GBR,842710
4114482,115,81,8917,2015,0.0,164630.0,-0.45091499999999995,-0.652026,KAZ,GBR,842710
4114483,116,81,8917,2015,0.0,994521.0,-0.453564,0.433325,KEN,GBR,842710
4114484,121,81,8917,2015,2599706.0,98038.0,1.900653,0.859406,KOR,GBR,842710
4114485,122,81,8917,2015,0.0,11732.0,-0.352023,-1.153057,KWT,GBR,842710
4114486,124,81,8917,2015,0.0,55249.0,0.317355,1.330374,LBN,GBR,842710
4114487,126,81,8917,2015,0.0,1529.0,-1.3257219999999998,-1.260453,LBY,GBR,842710
4114488,128,81,8917,2015,0.0,29339.0,-0.6773399999999999,0.386343,LKA,GBR,842710
4114489,130,81,8917,2015,0.0,499329.0,0.749429,1.3659860000000001,LTU,GBR,842710
4114490,131,81,8917,2015,0.0,247266.0,1.218924,1.247152,LUX,GBR,842710
4114491,132,81,8917,2015,0.0,61152.0,0.602209,1.125357,LVA,GBR,842710
4114492,133,81,8917,2015,0.0,55572.0,0.296288,0.32009499999999996,MAC,GBR,842710
4114493,134,81,8917,2015,0.0,646758.0,-0.7554810000000001,-0.059697,MAR,GBR,842710
4114494,135,81,8917,2015,0.0,45304.0,-0.313837,-0.20393,MDA,GBR,842710
4114495,138,81,8917,2015,54511.0,26240.0,1.169724,0.61457,MEX,GBR,842710
4114496,140,81,8917,2015,0.0,5599.0,-0.09009600000000001,-0.147359,MKD,GBR,842710
4114497,142,81,8917,2015,0.0,286794.0,0.880893,-0.117585,MLT,GBR,842710
4114498,143,81,8917,2015,0.0,973.0,-1.4596120000000001,-0.903904,MMR,GBR,842710
4114499,144,81,8917,2015,0.0,14289.0,-0.048385000000000004,-0.150759,MNE,GBR,842710
4114500,151,81,8917,2015,0.0,326951.0,-0.231762,-0.195051,MUS,GBR,842710
4114501,153,81,8917,2015,0.0,33088.0,1.082803,0.811615,MYS,GBR,842710
4114502,159,81,8917,2015,0.0,184018.0,-1.415451,-1.157829,NGA,GBR,842710
4114503,162,81,8917,2015,25855264.0,13713202.0,1.230104,1.27344,NLD,GBR,842710
4114504,163,81,8917,2015,0.0,702488.0,0.950708,0.314339,NOR,GBR,842710
4114505,166,81,8917,2015,0.0,801142.0,0.224598,0.253179,NZL,GBR,842710
4114506,167,81,8917,2015,0.0,264426.0,-0.4699,-1.00451,OMN,GBR,842710
4114507,168,81,8917,2015,0.0,154627.0,-0.7059979999999999,0.73501,PAK,GBR,842710
4114508,169,81,8917,2015,0.0,119718.0,0.642058,0.833392,PAN,GBR,842710
4114509,173,81,8917,2015,0.0,18533.0,-0.6007819999999999,0.32152800000000004,PER,GBR,842710
4114510,174,81,8917,2015,0.0,99443.0,0.6406270000000001,0.45770200000000005,PHL,GBR,842710
4114511,177,81,8917,2015,167238.0,4901330.0,1.145844,1.1449280000000002,POL,GBR,842710
4114512,179,81,8917,2015,9896.0,1362960.0,0.561922,2.2276380000000002,PRT,GBR,842710
4114513,183,81,8917,2015,0.0,298008.0,-0.077053,-0.9922719999999999,QAT,GBR,842710
4114514,185,81,8917,2015,986737.0,953810.0,0.946363,1.056775,ROU,GBR,842710
4114515,186,81,8917,2015,0.0,1144914.0,0.23119,0.035965,RUS,GBR,842710
4114516,188,81,8917,2015,0.0,3938184.0,0.5552520000000001,-0.7263229999999999,SAU,GBR,842710
4114517,191,81,8917,2015,0.0,16224.0,-0.708349,-0.296663,SEN,GBR,842710
4114518,192,81,8917,2015,19557.0,274985.0,2.05613,0.593065,SGP,GBR,842710
4114519,197,81,8917,2015,0.0,25428.0,0.05531900000000001,0.169073,SLV,GBR,842710
4114520,201,81,8917,2015,0.0,66790.0,0.457042,1.324908,SRB,GBR,842710
4114521,206,81,8917,2015,0.0,668259.0,1.287133,0.7900560000000001,SVK,GBR,842710
4114522,207,81,8917,2015,0.0,56094.0,1.6089879999999999,0.833616,SVN,GBR,842710
4114523,208,81,8917,2015,64469252.0,1495060.0,1.8068349999999997,0.693389,SWE,GBR,842710
4114524,211,81,8917,2015,0.0,8248.0,1.017467,-0.285569,SYC,GBR,842710
4114525,216,81,8917,2015,0.0,35358.0,0.965888,1.368572,THA,GBR,842710
4114526,222,81,8917,2015,0.0,5790.0,-0.462837,-1.117621,TTO,GBR,842710
4114527,223,81,8917,2015,0.0,4373.0,0.140202,0.967591,TUN,GBR,842710
4114528,224,81,8917,2015,0.0,3977043.0,0.438669,2.519632,TUR,GBR,842710
4114529,226,81,8917,2015,0.0,189604.0,-1.02395,-0.017509999999999998,TZA,GBR,842710
4114530,227,81,8917,2015,0.0,133996.0,-0.611023,0.078961,UGA,GBR,842710
4114531,228,81,8917,2015,0.0,69377.0,0.429879,0.701813,UKR,GBR,842710
4114532,230,81,8917,2015,0.0,217409.0,0.273876,-0.363695,URY,GBR,842710
4114533,231,81,8917,2015,21584650.0,11318294.0,1.720478,-0.129322,USA,GBR,842710
4114534,239,81,8917,2015,28445.0,267611.0,-0.17108900000000002,1.10995,VNM,GBR,842710
4114535,246,81,8917,2015,31917.0,3316750.0,0.24944699999999997,1.7573159999999999,ZAF,GBR,842710
4114536,247,81,8917,2015,0.0,37433.0,-0.44792,-0.769586,ZMB,GBR,842710
4114537,248,81,8917,2015,0.0,37891.0,-0.838017,-0.9400270000000001,ZWE,GBR,842710
4114538,249,81,8917,2015,5635492.0,170031.0,1.962832,1.214982,TWN,GBR,842710
4114539,231,91,8917,2015,14330.0,0.0,1.720478,-0.129322,USA,GRD,842710
4114540,39,93,8917,2015,7563.0,0.0,0.695867,1.171676,CAN,GTM,842710
4114541,43,93,8917,2015,316136.0,0.0,1.077143,1.735757,CHN,GTM,842710
4114542,49,93,8917,2015,67722.0,0.0,0.156383,-0.183055,COL,GTM,842710
4114543,52,93,8917,2015,107081.0,52009.0,0.24859699999999998,-0.033143,CRI,GTM,842710
4114544,61,93,8917,2015,52439.0,0.0,2.203818,-2.307561,DEU,GTM,842710
4114545,71,93,8917,2015,36724.0,0.0,0.8173590000000001,2.442556,ESP,GTM,842710
4114546,77,93,8917,2015,13343.0,0.0,1.479792,0.6490239999999999,FRA,GTM,842710
4114547,81,93,8917,2015,10027.0,0.0,1.7422990000000003,0.75838,GBR,GTM,842710
4114548,99,93,8917,2015,25566.0,0.0,-0.578635,-0.292053,HND,GTM,842710
4114549,111,93,8917,2015,9830.0,0.0,1.321127,0.747046,ITA,GTM,842710
4114550,114,93,8917,2015,232914.0,0.0,2.516133,-0.484202,JPN,GTM,842710
4114551,121,93,8917,2015,38167.0,0.0,1.900653,0.859406,KOR,GTM,842710
4114552,162,93,8917,2015,27692.0,0.0,1.230104,1.27344,NLD,GTM,842710
4114553,197,93,8917,2015,17847.0,23096.0,0.05531900000000001,0.169073,SLV,GTM,842710
4114554,231,93,8917,2015,3453666.0,14657.0,1.720478,-0.129322,USA,GTM,842710
4114555,18,97,8917,2015,69735.0,0.0,1.329866,1.100641,BEL,HKG,842710
4114556,22,97,8917,2015,0.0,237908.0,-1.088465,-0.8745360000000001,BGD,HKG,842710
4114557,32,97,8917,2015,0.0,30603.0,0.23656799999999997,0.688607,BRA,HKG,842710
4114558,37,97,8917,2015,0.0,16532.0,-0.14164200000000002,-1.0372059999999999,BWA,HKG,842710
4114559,39,97,8917,2015,300129.0,0.0,0.695867,1.171676,CAN,HKG,842710
4114560,43,97,8917,2015,13787487.0,5244492.0,1.077143,1.735757,CHN,HKG,842710
4114561,49,97,8917,2015,0.0,14136.0,0.156383,-0.183055,COL,HKG,842710
4114562,61,97,8917,2015,4365745.0,0.0,2.203818,-2.307561,DEU,HKG,842710
4114563,64,97,8917,2015,14954.0,0.0,1.157924,1.2045629999999998,DNK,HKG,842710
4114564,68,97,8917,2015,0.0,7508.0,-0.183053,1.765036,EGY,HKG,842710
4114565,77,97,8917,2015,110609.0,0.0,1.479792,0.6490239999999999,FRA,HKG,842710
4114566,81,97,8917,2015,75429.0,0.0,1.7422990000000003,0.75838,GBR,HKG,842710
4114567,104,97,8917,2015,0.0,8666.0,0.24230900000000002,2.8190880000000003,IND,HKG,842710
4114568,106,97,8917,2015,741216.0,0.0,1.304942,0.126431,IRL,HKG,842710
4114569,107,97,8917,2015,0.0,35092.0,-0.258946,-0.0073420000000000004,IRN,HKG,842710
4114570,111,97,8917,2015,188445.0,0.0,1.321127,0.747046,ITA,HKG,842710
4114571,114,97,8917,2015,4093554.0,0.0,2.516133,-0.484202,JPN,HKG,842710
4114572,118,97,8917,2015,0.0,78933.0,-0.791985,-0.833046,KHM,HKG,842710
4114573,121,97,8917,2015,408307.0,21131.0,1.900653,0.859406,KOR,HKG,842710
4114574,133,97,8917,2015,290091.0,920976.0,0.296288,0.32009499999999996,MAC,HKG,842710
4114575,153,97,8917,2015,62393.0,44456.0,1.082803,0.811615,MYS,HKG,842710
4114576,162,97,8917,2015,99607.0,0.0,1.230104,1.27344,NLD,HKG,842710
4114577,168,97,8917,2015,0.0,13953.0,-0.7059979999999999,0.73501,PAK,HKG,842710
4114578,174,97,8917,2015,0.0,19633.0,0.6406270000000001,0.45770200000000005,PHL,HKG,842710
4114579,176,97,8917,2015,0.0,3226.0,-1.710939,-1.266333,PNG,HKG,842710
4114580,192,97,8917,2015,63204.0,17802.0,2.05613,0.593065,SGP,HKG,842710
4114581,206,97,8917,2015,0.0,23726.0,1.287133,0.7900560000000001,SVK,HKG,842710
4114582,208,97,8917,2015,90726.0,0.0,1.8068349999999997,0.693389,SWE,HKG,842710
4114583,226,97,8917,2015,0.0,4452.0,-1.02395,-0.017509999999999998,TZA,HKG,842710
4114584,231,97,8917,2015,4468024.0,23521.0,1.720478,-0.129322,USA,HKG,842710
4114585,239,97,8917,2015,0.0,11026.0,-0.17108900000000002,1.10995,VNM,HKG,842710
4114586,249,97,8917,2015,169527.0,31329.0,1.962832,1.214982,TWN,HKG,842710
4114587,39,99,8917,2015,6393.0,0.0,0.695867,1.171676,CAN,HND,842710
4114588,43,99,8917,2015,6209.0,0.0,1.077143,1.735757,CHN,HND,842710
4114589,52,99,8917,2015,2725.0,0.0,0.24859699999999998,-0.033143,CRI,HND,842710
4114590,61,99,8917,2015,1542.0,0.0,2.203818,-2.307561,DEU,HND,842710
4114591,71,99,8917,2015,4891.0,0.0,0.8173590000000001,2.442556,ESP,HND,842710
4114592,93,99,8917,2015,0.0,25566.0,-0.284403,0.525564,GTM,HND,842710
4114593,197,99,8917,2015,16352.0,0.0,0.05531900000000001,0.169073,SLV,HND,842710
4114594,231,99,8917,2015,1295023.0,5545.0,1.720478,-0.129322,USA,HND,842710
4114595,15,102,8917,2015,621997.0,59088.0,1.747098,-0.08026699999999999,AUT,HUN,842710
4114596,18,102,8917,2015,548948.0,12629.0,1.329866,1.100641,BEL,HUN,842710
4114597,23,102,8917,2015,23254.0,0.0,0.45640699999999995,1.691455,BGR,HUN,842710
4114598,26,102,8917,2015,0.0,8354.0,0.355903,0.723092,BIH,HUN,842710
4114599,41,102,8917,2015,13999.0,0.0,2.306075,0.720781,CHE,HUN,842710
4114600,43,102,8917,2015,333486.0,1049472.0,1.077143,1.735757,CHN,HUN,842710
4114601,59,102,8917,2015,475506.0,99995.0,1.743012,0.45424,CZE,HUN,842710
4114602,61,102,8917,2015,33510854.0,776217.0,2.203818,-2.307561,DEU,HUN,842710
4114603,64,102,8917,2015,5036.0,0.0,1.157924,1.2045629999999998,DNK,HUN,842710
4114604,71,102,8917,2015,2352224.0,75510.0,0.8173590000000001,2.442556,ESP,HUN,842710
4114605,74,102,8917,2015,26676.0,0.0,1.597817,0.998059,FIN,HUN,842710
4114606,77,102,8917,2015,1486575.0,0.0,1.479792,0.6490239999999999,FRA,HUN,842710
4114607,81,102,8917,2015,562667.0,0.0,1.7422990000000003,0.75838,GBR,HUN,842710
4114608,100,102,8917,2015,0.0,4321.0,0.7590140000000001,1.257415,HRV,HUN,842710
4114609,104,102,8917,2015,4778.0,0.0,0.24230900000000002,2.8190880000000003,IND,HUN,842710
4114610,111,102,8917,2015,6151569.0,0.0,1.321127,0.747046,ITA,HUN,842710
4114611,114,102,8917,2015,3082.0,0.0,2.516133,-0.484202,JPN,HUN,842710
4114612,121,102,8917,2015,641394.0,0.0,1.900653,0.859406,KOR,HUN,842710
4114613,162,102,8917,2015,595562.0,143790.0,1.230104,1.27344,NLD,HUN,842710
4114614,177,102,8917,2015,433779.0,225889.0,1.145844,1.1449280000000002,POL,HUN,842710
4114615,179,102,8917,2015,1559.0,59694.0,0.561922,2.2276380000000002,PRT,HUN,842710
4114616,182,102,8917,2015,0.0,766.0,-0.301696,-0.795154,PYF,HUN,842710
4114617,185,102,8917,2015,51964.0,62669.0,0.946363,1.056775,ROU,HUN,842710
4114618,186,102,8917,2015,0.0,151932.0,0.23119,0.035965,RUS,HUN,842710
4114619,201,102,8917,2015,12521.0,26509.0,0.457042,1.324908,SRB,HUN,842710
4114620,206,102,8917,2015,12745.0,148046.0,1.287133,0.7900560000000001,SVK,HUN,842710
4114621,207,102,8917,2015,45872.0,5073.0,1.6089879999999999,0.833616,SVN,HUN,842710
4114622,208,102,8917,2015,4271259.0,0.0,1.8068349999999997,0.693389,SWE,HUN,842710
4114623,228,102,8917,2015,2108.0,24094.0,0.429879,0.701813,UKR,HUN,842710
4114624,231,102,8917,2015,352519.0,8785.0,1.720478,-0.129322,USA,HUN,842710
4114625,14,103,8917,2015,2375.0,0.0,-0.292325,-0.043489,AUS,IDN,842710
4114626,18,103,8917,2015,0.0,13069.0,1.329866,1.100641,BEL,IDN,842710
4114627,39,103,8917,2015,16056.0,0.0,0.695867,1.171676,CAN,IDN,842710
4114628,41,103,8917,2015,12133.0,0.0,2.306075,0.720781,CHE,IDN,842710
4114629,43,103,8917,2015,13832182.0,0.0,1.077143,1.735757,CHN,IDN,842710
4114630,61,103,8917,2015,5897668.0,0.0,2.203818,-2.307561,DEU,IDN,842710
4114631,74,103,8917,2015,30180.0,0.0,1.597817,0.998059,FIN,IDN,842710
4114632,77,103,8917,2015,330381.0,0.0,1.479792,0.6490239999999999,FRA,IDN,842710
4114633,81,103,8917,2015,56105.0,0.0,1.7422990000000003,0.75838,GBR,IDN,842710
4114634,111,103,8917,2015,946777.0,0.0,1.321127,0.747046,ITA,IDN,842710
4114635,114,103,8917,2015,11903952.0,0.0,2.516133,-0.484202,JPN,IDN,842710
4114636,121,103,8917,2015,602256.0,0.0,1.900653,0.859406,KOR,IDN,842710
4114637,151,103,8917,2015,0.0,13557.0,-0.231762,-0.195051,MUS,IDN,842710
4114638,153,103,8917,2015,701924.0,0.0,1.082803,0.811615,MYS,IDN,842710
4114639,159,103,8917,2015,0.0,139276.0,-1.415451,-1.157829,NGA,IDN,842710
4114640,162,103,8917,2015,136079.0,0.0,1.230104,1.27344,NLD,IDN,842710
4114641,185,103,8917,2015,13176.0,0.0,0.946363,1.056775,ROU,IDN,842710
4114642,192,103,8917,2015,1851800.0,277886.0,2.05613,0.593065,SGP,IDN,842710
4114643,208,103,8917,2015,1204285.0,0.0,1.8068349999999997,0.693389,SWE,IDN,842710
4114644,216,103,8917,2015,1578853.0,0.0,0.965888,1.368572,THA,IDN,842710
4114645,220,103,8917,2015,0.0,11560.0,-0.878657,-0.9064450000000001,TLS,IDN,842710
4114646,231,103,8917,2015,913968.0,0.0,1.720478,-0.129322,USA,IDN,842710
4114647,239,103,8917,2015,12547.0,0.0,-0.17108900000000002,1.10995,VNM,IDN,842710
4114648,249,103,8917,2015,82422.0,0.0,1.962832,1.214982,TWN,IDN,842710
4114649,7,104,8917,2015,0.0,301820.0,0.21779600000000002,-0.0047420000000000006,ARE,IND,842710
4114650,14,104,8917,2015,5708.0,302544.0,-0.292325,-0.043489,AUS,IND,842710
4114651,15,104,8917,2015,1853.0,0.0,1.747098,-0.08026699999999999,AUT,IND,842710
4114652,18,104,8917,2015,28501.0,0.0,1.329866,1.100641,BEL,IND,842710
4114653,22,104,8917,2015,0.0,15237.0,-1.088465,-0.8745360000000001,BGD,IND,842710
4114654,24,104,8917,2015,0.0,43225.0,0.36650900000000003,-0.28735,BHR,IND,842710
4114655,39,104,8917,2015,1868.0,0.0,0.695867,1.171676,CAN,IND,842710
4114656,43,104,8917,2015,5652188.0,159046.0,1.077143,1.735757,CHN,IND,842710
4114657,46,104,8917,2015,0.0,35108.0,-1.3921290000000002,-1.146549,COD,IND,842710
4114658,47,104,8917,2015,0.0,12598.0,-1.294823,-1.18811,COG,IND,842710
4114659,49,104,8917,2015,0.0,83369.0,0.156383,-0.183055,COL,IND,842710
4114660,59,104,8917,2015,17135.0,0.0,1.743012,0.45424,CZE,IND,842710
4114661,61,104,8917,2015,7864118.0,0.0,2.203818,-2.307561,DEU,IND,842710
4114662,66,104,8917,2015,0.0,12357.0,-1.54346,-1.255633,DZA,IND,842710
4114663,71,104,8917,2015,4108.0,0.0,0.8173590000000001,2.442556,ESP,IND,842710
4114664,77,104,8917,2015,86575.0,0.0,1.479792,0.6490239999999999,FRA,IND,842710
4114665,81,104,8917,2015,416257.0,5589638.0,1.7422990000000003,0.75838,GBR,IND,842710
4114666,82,104,8917,2015,4898.0,0.0,-0.343663,-0.588017,GEO,IND,842710
4114667,83,104,8917,2015,0.0,83054.0,-0.750568,-0.690257,GHA,IND,842710
4114668,97,104,8917,2015,8666.0,0.0,0.8255290000000001,1.8017279999999998,HKG,IND,842710
4114669,102,104,8917,2015,0.0,4778.0,1.462839,0.803258,HUN,IND,842710
4114670,106,104,8917,2015,814852.0,0.0,1.304942,0.126431,IRL,IND,842710
4114671,111,104,8917,2015,1078530.0,0.0,1.321127,0.747046,ITA,IND,842710
4114672,114,104,8917,2015,4439446.0,39130.0,2.516133,-0.484202,JPN,IND,842710
4114673,116,104,8917,2015,0.0,26979.0,-0.453564,0.433325,KEN,IND,842710
4114674,121,104,8917,2015,115302.0,83536.0,1.900653,0.859406,KOR,IND,842710
4114675,128,104,8917,2015,0.0,73260.0,-0.6773399999999999,0.386343,LKA,IND,842710
4114676,134,104,8917,2015,0.0,20302.0,-0.7554810000000001,-0.059697,MAR,IND,842710
4114677,151,104,8917,2015,0.0,57911.0,-0.231762,-0.195051,MUS,IND,842710
4114678,153,104,8917,2015,68635.0,0.0,1.082803,0.811615,MYS,IND,842710
4114679,159,104,8917,2015,0.0,153296.0,-1.415451,-1.157829,NGA,IND,842710
4114680,162,104,8917,2015,422869.0,0.0,1.230104,1.27344,NLD,IND,842710
4114681,164,104,8917,2015,0.0,67365.0,-0.290416,0.456716,NPL,IND,842710
4114682,166,104,8917,2015,0.0,230552.0,0.224598,0.253179,NZL,IND,842710
4114683,167,104,8917,2015,0.0,60474.0,-0.4699,-1.00451,OMN,IND,842710
4114684,191,104,8917,2015,0.0,25244.0,-0.708349,-0.296663,SEN,IND,842710
4114685,192,104,8917,2015,280512.0,0.0,2.05613,0.593065,SGP,IND,842710
4114686,196,104,8917,2015,0.0,20102.0,0.072324,-0.255235,SLE,IND,842710
4114687,208,104,8917,2015,2798685.0,0.0,1.8068349999999997,0.693389,SWE,IND,842710
4114688,216,104,8917,2015,204404.0,0.0,0.965888,1.368572,THA,IND,842710
4114689,226,104,8917,2015,0.0,196907.0,-1.02395,-0.017509999999999998,TZA,IND,842710
4114690,227,104,8917,2015,0.0,22545.0,-0.611023,0.078961,UGA,IND,842710
4114691,231,104,8917,2015,3112057.0,0.0,1.720478,-0.129322,USA,IND,842710
4114692,246,104,8917,2015,0.0,1905459.0,0.24944699999999997,1.7573159999999999,ZAF,IND,842710
4114693,249,104,8917,2015,117438.0,0.0,1.962832,1.214982,TWN,IND,842710
4114694,14,110,8917,2015,34469.0,0.0,-0.292325,-0.043489,AUS,ISR,842710
4114695,15,110,8917,2015,0.0,6875.0,1.747098,-0.08026699999999999,AUT,ISR,842710
4114696,18,110,8917,2015,62801.0,0.0,1.329866,1.100641,BEL,ISR,842710
4114697,39,110,8917,2015,521516.0,0.0,0.695867,1.171676,CAN,ISR,842710
4114698,41,110,8917,2015,531622.0,0.0,2.306075,0.720781,CHE,ISR,842710
4114699,43,110,8917,2015,3128760.0,0.0,1.077143,1.735757,CHN,ISR,842710
4114700,61,110,8917,2015,15181569.0,20311.0,2.203818,-2.307561,DEU,ISR,842710
4114701,62,110,8917,2015,0.0,5000.0,-0.538942,-0.832522,DJI,ISR,842710
4114702,64,110,8917,2015,75561.0,0.0,1.157924,1.2045629999999998,DNK,ISR,842710
4114703,71,110,8917,2015,17599.0,0.0,0.8173590000000001,2.442556,ESP,ISR,842710
4114704,77,110,8917,2015,295368.0,0.0,1.479792,0.6490239999999999,FRA,ISR,842710
4114705,81,110,8917,2015,1720183.0,0.0,1.7422990000000003,0.75838,GBR,ISR,842710
4114706,82,110,8917,2015,0.0,27500.0,-0.343663,-0.588017,GEO,ISR,842710
4114707,106,110,8917,2015,137504.0,0.0,1.304942,0.126431,IRL,ISR,842710
4114708,109,110,8917,2015,14974.0,0.0,0.24527600000000002,-0.411616,ISL,ISR,842710
4114709,111,110,8917,2015,651191.0,0.0,1.321127,0.747046,ITA,ISR,842710
4114710,113,110,8917,2015,10179.0,1789.0,0.121172,0.457301,JOR,ISR,842710
4114711,114,110,8917,2015,1195190.0,0.0,2.516133,-0.484202,JPN,ISR,842710
4114712,121,110,8917,2015,153454.0,0.0,1.900653,0.859406,KOR,ISR,842710
4114713,130,110,8917,2015,52737.0,0.0,0.749429,1.3659860000000001,LTU,ISR,842710
4114714,162,110,8917,2015,468717.0,0.0,1.230104,1.27344,NLD,ISR,842710
4114715,163,110,8917,2015,56503.0,0.0,0.950708,0.314339,NOR,ISR,842710
4114716,173,110,8917,2015,0.0,56458.0,-0.6007819999999999,0.32152800000000004,PER,ISR,842710
4114717,179,110,8917,2015,51396.0,0.0,0.561922,2.2276380000000002,PRT,ISR,842710
4114718,207,110,8917,2015,13009.0,0.0,1.6089879999999999,0.833616,SVN,ISR,842710
4114719,208,110,8917,2015,5768002.0,0.0,1.8068349999999997,0.693389,SWE,ISR,842710
4114720,224,110,8917,2015,42885.0,0.0,0.438669,2.519632,TUR,ISR,842710
4114721,231,110,8917,2015,3515374.0,15795.0,1.720478,-0.129322,USA,ISR,842710
4114722,249,110,8917,2015,42983.0,0.0,1.962832,1.214982,TWN,ISR,842710
4114723,2,111,8917,2015,0.0,98486.0,-1.6542,-1.2598989999999999,AGO,ITA,842710
4114724,4,111,8917,2015,253309.0,328424.0,-0.601875,-0.27003,ALB,ITA,842710
4114725,5,111,8917,2015,650.0,0.0,0.850153,0.383793,AND,ITA,842710
4114726,7,111,8917,2015,0.0,2766696.0,0.21779600000000002,-0.0047420000000000006,ARE,ITA,842710
4114727,8,111,8917,2015,0.0,2771262.0,0.116896,0.30330999999999997,ARG,ITA,842710
4114728,14,111,8917,2015,2716.0,2964867.0,-0.292325,-0.043489,AUS,ITA,842710
4114729,15,111,8917,2015,3500592.0,9692243.0,1.747098,-0.08026699999999999,AUT,ITA,842710
4114730,16,111,8917,2015,0.0,194502.0,-0.983347,-1.231542,AZE,ITA,842710
4114731,18,111,8917,2015,1421489.0,64665712.0,1.329866,1.100641,BEL,ITA,842710
4114732,19,111,8917,2015,0.0,17371.0,-0.5641470000000001,-0.8971020000000001,BEN,ITA,842710
4114733,21,111,8917,2015,0.0,1844.0,-1.085359,-1.034365,BFA,ITA,842710
4114734,22,111,8917,2015,0.0,85851.0,-1.088465,-0.8745360000000001,BGD,ITA,842710
4114735,23,111,8917,2015,27490.0,1159582.0,0.45640699999999995,1.691455,BGR,ITA,842710
4114736,24,111,8917,2015,0.0,87923.0,0.36650900000000003,-0.28735,BHR,ITA,842710
4114737,26,111,8917,2015,24703.0,213714.0,0.355903,0.723092,BIH,ITA,842710
4114738,28,111,8917,2015,0.0,280350.0,0.672499,0.5584020000000001,BLR,ITA,842710
4114739,31,111,8917,2015,0.0,63466.0,-1.051562,-1.067714,BOL,ITA,842710
4114740,32,111,8917,2015,0.0,9074759.0,0.23656799999999997,0.688607,BRA,ITA,842710
4114741,39,111,8917,2015,5477.0,1102224.0,0.695867,1.171676,CAN,ITA,842710
4114742,41,111,8917,2015,284834.0,8849422.0,2.306075,0.720781,CHE,ITA,842710
4114743,42,111,8917,2015,0.0,1285187.0,-0.356167,-0.47629399999999994,CHL,ITA,842710
4114744,43,111,8917,2015,1254821.0,3811648.0,1.077143,1.735757,CHN,ITA,842710
4114745,44,111,8917,2015,0.0,250055.0,-0.856142,-0.905292,CIV,ITA,842710
4114746,45,111,8917,2015,0.0,67714.0,-0.924366,-1.040721,CMR,ITA,842710
4114747,46,111,8917,2015,0.0,18326.0,-1.3921290000000002,-1.146549,COD,ITA,842710
4114748,47,111,8917,2015,0.0,33935.0,-1.294823,-1.18811,COG,ITA,842710
4114749,49,111,8917,2015,0.0,309202.0,0.156383,-0.183055,COL,ITA,842710
4114750,52,111,8917,2015,0.0,1607.0,0.24859699999999998,-0.033143,CRI,ITA,842710
4114751,58,111,8917,2015,0.0,9252.0,0.511225,-0.207261,CYP,ITA,842710
4114752,59,111,8917,2015,194863.0,13542004.0,1.743012,0.45424,CZE,ITA,842710
4114753,61,111,8917,2015,233312896.0,138467568.0,2.203818,-2.307561,DEU,ITA,842710
4114754,64,111,8917,2015,50765.0,5582610.0,1.157924,1.2045629999999998,DNK,ITA,842710
4114755,65,111,8917,2015,0.0,9119.0,-0.212808,0.395873,DOM,ITA,842710
4114756,66,111,8917,2015,0.0,706526.0,-1.54346,-1.255633,DZA,ITA,842710
4114757,67,111,8917,2015,0.0,32357.0,-0.9845959999999999,-1.075639,ECU,ITA,842710
4114758,68,111,8917,2015,1679.0,1131066.0,-0.183053,1.765036,EGY,ITA,842710
4114759,71,111,8917,2015,2297595.0,48746308.0,0.8173590000000001,2.442556,ESP,ITA,842710
4114760,72,111,8917,2015,0.0,465050.0,0.9281149999999999,1.1780389999999998,EST,ITA,842710
4114761,73,111,8917,2015,0.0,11943.0,-1.004896,-0.721019,ETH,ITA,842710
4114762,74,111,8917,2015,22190.0,5152754.0,1.597817,0.998059,FIN,ITA,842710
4114763,77,111,8917,2015,13209711.0,86774624.0,1.479792,0.6490239999999999,FRA,ITA,842710
4114764,80,111,8917,2015,0.0,13024.0,-1.384351,-1.209873,GAB,ITA,842710
4114765,81,111,8917,2015,13098663.0,45350600.0,1.7422990000000003,0.75838,GBR,ITA,842710
4114766,82,111,8917,2015,0.0,11645.0,-0.343663,-0.588017,GEO,ITA,842710
4114767,83,111,8917,2015,0.0,12700.0,-0.750568,-0.690257,GHA,ITA,842710
4114768,90,111,8917,2015,0.0,2005699.0,0.099027,1.012289,GRC,ITA,842710
4114769,93,111,8917,2015,0.0,9830.0,-0.284403,0.525564,GTM,ITA,842710
4114770,97,111,8917,2015,0.0,188445.0,0.8255290000000001,1.8017279999999998,HKG,ITA,842710
4114771,100,111,8917,2015,15185.0,884800.0,0.7590140000000001,1.257415,HRV,ITA,842710
4114772,102,111,8917,2015,0.0,6151569.0,1.462839,0.803258,HUN,ITA,842710
4114773,103,111,8917,2015,0.0,946777.0,-0.145103,1.277362,IDN,ITA,842710
4114774,104,111,8917,2015,0.0,1078530.0,0.24230900000000002,2.8190880000000003,IND,ITA,842710
4114775,106,111,8917,2015,41296.0,3498642.0,1.304942,0.126431,IRL,ITA,842710
4114776,107,111,8917,2015,0.0,217004.0,-0.258946,-0.0073420000000000004,IRN,ITA,842710
4114777,108,111,8917,2015,5454.0,49348.0,-1.465803,-0.912113,IRQ,ITA,842710
4114778,109,111,8917,2015,0.0,270411.0,0.24527600000000002,-0.411616,ISL,ITA,842710
4114779,110,111,8917,2015,0.0,651191.0,1.260071,0.545545,ISR,ITA,842710
4114780,113,111,8917,2015,0.0,103090.0,0.121172,0.457301,JOR,ITA,842710
4114781,114,111,8917,2015,196298.0,210801.0,2.516133,-0.484202,JPN,ITA,842710
4114782,115,111,8917,2015,0.0,259485.0,-0.45091499999999995,-0.652026,KAZ,ITA,842710
4114783,116,111,8917,2015,0.0,114678.0,-0.453564,0.433325,KEN,ITA,842710
4114784,117,111,8917,2015,0.0,100891.0,0.02058,0.438692,KGZ,ITA,842710
4114785,121,111,8917,2015,618088.0,1128210.0,1.900653,0.859406,KOR,ITA,842710
4114786,122,111,8917,2015,0.0,541652.0,-0.352023,-1.153057,KWT,ITA,842710
4114787,124,111,8917,2015,0.0,175181.0,0.317355,1.330374,LBN,ITA,842710
4114788,126,111,8917,2015,0.0,73921.0,-1.3257219999999998,-1.260453,LBY,ITA,842710
4114789,128,111,8917,2015,0.0,16097.0,-0.6773399999999999,0.386343,LKA,ITA,842710
4114790,130,111,8917,2015,0.0,367901.0,0.749429,1.3659860000000001,LTU,ITA,842710
4114791,131,111,8917,2015,0.0,661315.0,1.218924,1.247152,LUX,ITA,842710
4114792,132,111,8917,2015,0.0,1322068.0,0.602209,1.125357,LVA,ITA,842710
4114793,134,111,8917,2015,0.0,1052250.0,-0.7554810000000001,-0.059697,MAR,ITA,842710
4114794,135,111,8917,2015,0.0,163558.0,-0.313837,-0.20393,MDA,ITA,842710
4114795,138,111,8917,2015,2153437.0,12495547.0,1.169724,0.61457,MEX,ITA,842710
4114796,140,111,8917,2015,0.0,102407.0,-0.09009600000000001,-0.147359,MKD,ITA,842710
4114797,141,111,8917,2015,0.0,29662.0,-0.744236,-0.9441860000000001,MLI,ITA,842710
4114798,142,111,8917,2015,8222.0,362750.0,0.880893,-0.117585,MLT,ITA,842710
4114799,147,111,8917,2015,0.0,2882.0,-1.293809,-1.115069,MOZ,ITA,842710
4114800,151,111,8917,2015,0.0,27066.0,-0.231762,-0.195051,MUS,ITA,842710
4114801,153,111,8917,2015,0.0,1058107.0,1.082803,0.811615,MYS,ITA,842710
4114802,156,111,8917,2015,0.0,81633.0,-0.727911,-0.844562,NCL,ITA,842710
4114803,159,111,8917,2015,0.0,174220.0,-1.415451,-1.157829,NGA,ITA,842710
4114804,160,111,8917,2015,0.0,11030.0,-1.102989,-0.952276,NIC,ITA,842710
4114805,162,111,8917,2015,20126404.0,10621216.0,1.230104,1.27344,NLD,ITA,842710
4114806,163,111,8917,2015,60879.0,11266685.0,0.950708,0.314339,NOR,ITA,842710
4114807,166,111,8917,2015,0.0,523416.0,0.224598,0.253179,NZL,ITA,842710
4114808,167,111,8917,2015,0.0,64472.0,-0.4699,-1.00451,OMN,ITA,842710
4114809,168,111,8917,2015,0.0,58830.0,-0.7059979999999999,0.73501,PAK,ITA,842710
4114810,169,111,8917,2015,0.0,237730.0,0.642058,0.833392,PAN,ITA,842710
4114811,173,111,8917,2015,0.0,610583.0,-0.6007819999999999,0.32152800000000004,PER,ITA,842710
4114812,174,111,8917,2015,0.0,82472.0,0.6406270000000001,0.45770200000000005,PHL,ITA,842710
4114813,177,111,8917,2015,154321.0,22723240.0,1.145844,1.1449280000000002,POL,ITA,842710
4114814,179,111,8917,2015,10238.0,5927474.0,0.561922,2.2276380000000002,PRT,ITA,842710
4114815,180,111,8917,2015,0.0,10193.0,-0.471106,-0.9431139999999999,PRY,ITA,842710
4114816,181,111,8917,2015,0.0,1227.0,0.060575,0.5649489999999999,PSE,ITA,842710
4114817,182,111,8917,2015,0.0,8425.0,-0.301696,-0.795154,PYF,ITA,842710
4114818,183,111,8917,2015,0.0,70880.0,-0.077053,-0.9922719999999999,QAT,ITA,842710
4114819,185,111,8917,2015,46767.0,6573128.0,0.946363,1.056775,ROU,ITA,842710
4114820,186,111,8917,2015,0.0,4022129.0,0.23119,0.035965,RUS,ITA,842710
4114821,188,111,8917,2015,2289.0,3945547.0,0.5552520000000001,-0.7263229999999999,SAU,ITA,842710
4114822,190,111,8917,2015,0.0,215625.0,-1.420356,-1.218424,SDN,ITA,842710
4114823,191,111,8917,2015,0.0,63008.0,-0.708349,-0.296663,SEN,ITA,842710
4114824,192,111,8917,2015,0.0,243134.0,2.05613,0.593065,SGP,ITA,842710
4114825,201,111,8917,2015,25504.0,911432.0,0.457042,1.324908,SRB,ITA,842710
4114826,206,111,8917,2015,357033.0,3697369.0,1.287133,0.7900560000000001,SVK,ITA,842710
4114827,207,111,8917,2015,136174.0,942014.0,1.6089879999999999,0.833616,SVN,ITA,842710
4114828,208,111,8917,2015,43741272.0,5470698.0,1.8068349999999997,0.693389,SWE,ITA,842710
4114829,211,111,8917,2015,0.0,4875.0,1.017467,-0.285569,SYC,ITA,842710
4114830,212,111,8917,2015,0.0,21061.0,-0.603532,0.313216,SYR,ITA,842710
4114831,215,111,8917,2015,0.0,1974.0,-0.66925,-0.873554,TGO,ITA,842710
4114832,216,111,8917,2015,0.0,953101.0,0.965888,1.368572,THA,ITA,842710
4114833,219,111,8917,2015,0.0,47387.0,-1.546516,-1.315803,TKM,ITA,842710
4114834,223,111,8917,2015,20135.0,543374.0,0.140202,0.967591,TUN,ITA,842710
4114835,224,111,8917,2015,93002.0,8610992.0,0.438669,2.519632,TUR,ITA,842710
4114836,227,111,8917,2015,0.0,30677.0,-0.611023,0.078961,UGA,ITA,842710
4114837,228,111,8917,2015,71719.0,443462.0,0.429879,0.701813,UKR,ITA,842710
4114838,230,111,8917,2015,0.0,8624.0,0.273876,-0.363695,URY,ITA,842710
4114839,231,111,8917,2015,982164.0,43132588.0,1.720478,-0.129322,USA,ITA,842710
4114840,232,111,8917,2015,0.0,27711.0,-0.724966,-0.599292,UZB,ITA,842710
4114841,236,111,8917,2015,0.0,64616.0,-0.9249129999999999,-1.1877280000000001,VEN,ITA,842710
4114842,239,111,8917,2015,0.0,309180.0,-0.17108900000000002,1.10995,VNM,ITA,842710
4114843,246,111,8917,2015,12164.0,1559911.0,0.24944699999999997,1.7573159999999999,ZAF,ITA,842710
4114844,247,111,8917,2015,0.0,14761.0,-0.44792,-0.769586,ZMB,ITA,842710
4114845,249,111,8917,2015,143552.0,761212.0,1.962832,1.214982,TWN,ITA,842710
4114846,39,112,8917,2015,42229.0,0.0,0.695867,1.171676,CAN,JAM,842710
4114847,43,112,8917,2015,3455.0,0.0,1.077143,1.735757,CHN,JAM,842710
4114848,65,112,8917,2015,0.0,8022.0,-0.212808,0.395873,DOM,JAM,842710
4114849,162,112,8917,2015,97846.0,0.0,1.230104,1.27344,NLD,JAM,842710
4114850,169,112,8917,2015,2938.0,0.0,0.642058,0.833392,PAN,JAM,842710
4114851,231,112,8917,2015,814432.0,4993.0,1.720478,-0.129322,USA,JAM,842710
4114852,15,113,8917,2015,5293.0,0.0,1.747098,-0.08026699999999999,AUT,JOR,842710
4114853,23,113,8917,2015,14287.0,0.0,0.45640699999999995,1.691455,BGR,JOR,842710
4114854,39,113,8917,2015,42245.0,0.0,0.695867,1.171676,CAN,JOR,842710
4114855,41,113,8917,2015,50687.0,0.0,2.306075,0.720781,CHE,JOR,842710
4114856,43,113,8917,2015,142371.0,0.0,1.077143,1.735757,CHN,JOR,842710
4114857,59,113,8917,2015,27828.0,0.0,1.743012,0.45424,CZE,JOR,842710
4114858,61,113,8917,2015,1579870.0,0.0,2.203818,-2.307561,DEU,JOR,842710
4114859,71,113,8917,2015,56717.0,0.0,0.8173590000000001,2.442556,ESP,JOR,842710
4114860,77,113,8917,2015,34197.0,0.0,1.479792,0.6490239999999999,FRA,JOR,842710
4114861,81,113,8917,2015,155431.0,0.0,1.7422990000000003,0.75838,GBR,JOR,842710
4114862,110,113,8917,2015,1789.0,10179.0,1.260071,0.545545,ISR,JOR,842710
4114863,111,113,8917,2015,103090.0,0.0,1.321127,0.747046,ITA,JOR,842710
4114864,114,113,8917,2015,67315.0,0.0,2.516133,-0.484202,JPN,JOR,842710
4114865,121,113,8917,2015,611629.0,0.0,1.900653,0.859406,KOR,JOR,842710
4114866,122,113,8917,2015,16502.0,0.0,-0.352023,-1.153057,KWT,JOR,842710
4114867,162,113,8917,2015,137249.0,1435.0,1.230104,1.27344,NLD,JOR,842710
4114868,208,113,8917,2015,201936.0,0.0,1.8068349999999997,0.693389,SWE,JOR,842710
4114869,224,113,8917,2015,3682.0,0.0,0.438669,2.519632,TUR,JOR,842710
4114870,231,113,8917,2015,98223.0,0.0,1.720478,-0.129322,USA,JOR,842710
4114871,250,113,8917,2015,0.0,553886.0,0.377283,-0.092204,ANS,JOR,842710
4114872,0,114,8917,2015,0.0,41317.0,0.8526809999999999,-0.043541,ABW,JPN,842710
4114873,2,114,8917,2015,0.0,822155.0,-1.6542,-1.2598989999999999,AGO,JPN,842710
4114874,4,114,8917,2015,0.0,2307.0,-0.601875,-0.27003,ALB,JPN,842710
4114875,7,114,8917,2015,0.0,2120999.0,0.21779600000000002,-0.0047420000000000006,ARE,JPN,842710
4114876,8,114,8917,2015,0.0,829284.0,0.116896,0.30330999999999997,ARG,JPN,842710
4114877,9,114,8917,2015,0.0,11214.0,0.037579,-0.42448800000000003,ARM,JPN,842710
4114878,14,114,8917,2015,0.0,7534750.0,-0.292325,-0.043489,AUS,JPN,842710
4114879,15,114,8917,2015,188957.0,3369.0,1.747098,-0.08026699999999999,AUT,JPN,842710
4114880,16,114,8917,2015,0.0,14967.0,-0.983347,-1.231542,AZE,JPN,842710
4114881,18,114,8917,2015,9320.0,1848886.0,1.329866,1.100641,BEL,JPN,842710
4114882,22,114,8917,2015,0.0,965963.0,-1.088465,-0.8745360000000001,BGD,JPN,842710
4114883,24,114,8917,2015,0.0,160592.0,0.36650900000000003,-0.28735,BHR,JPN,842710
4114884,26,114,8917,2015,0.0,2718.0,0.355903,0.723092,BIH,JPN,842710
4114885,28,114,8917,2015,0.0,219094.0,0.672499,0.5584020000000001,BLR,JPN,842710
4114886,31,114,8917,2015,0.0,11064.0,-1.051562,-1.067714,BOL,JPN,842710
4114887,32,114,8917,2015,0.0,1224480.0,0.23656799999999997,0.688607,BRA,JPN,842710
4114888,33,114,8917,2015,0.0,21788.0,0.453689,0.039237,BRB,JPN,842710
4114889,34,114,8917,2015,0.0,26068.0,1.093564,-0.679211,BRN,JPN,842710
4114890,39,114,8917,2015,0.0,263198.0,0.695867,1.171676,CAN,JPN,842710
4114891,41,114,8917,2015,0.0,24648.0,2.306075,0.720781,CHE,JPN,842710
4114892,42,114,8917,2015,0.0,1244265.0,-0.356167,-0.47629399999999994,CHL,JPN,842710
4114893,43,114,8917,2015,20589954.0,25915236.0,1.077143,1.735757,CHN,JPN,842710
4114894,44,114,8917,2015,0.0,2423.0,-0.856142,-0.905292,CIV,JPN,842710
4114895,45,114,8917,2015,0.0,4951.0,-0.924366,-1.040721,CMR,JPN,842710
4114896,47,114,8917,2015,0.0,6577.0,-1.294823,-1.18811,COG,JPN,842710
4114897,49,114,8917,2015,0.0,479324.0,0.156383,-0.183055,COL,JPN,842710
4114898,52,114,8917,2015,0.0,142610.0,0.24859699999999998,-0.033143,CRI,JPN,842710
4114899,54,114,8917,2015,0.0,184114.0,-0.694839,-1.093439,CUB,JPN,842710
4114900,58,114,8917,2015,0.0,27921.0,0.511225,-0.207261,CYP,JPN,842710
4114901,59,114,8917,2015,142711.0,0.0,1.743012,0.45424,CZE,JPN,842710
4114902,61,114,8917,2015,169905.0,118457.0,2.203818,-2.307561,DEU,JPN,842710
4114903,65,114,8917,2015,0.0,4673.0,-0.212808,0.395873,DOM,JPN,842710
4114904,66,114,8917,2015,0.0,27924.0,-1.54346,-1.255633,DZA,JPN,842710
4114905,67,114,8917,2015,0.0,165111.0,-0.9845959999999999,-1.075639,ECU,JPN,842710
4114906,68,114,8917,2015,0.0,1381176.0,-0.183053,1.765036,EGY,JPN,842710
4114907,71,114,8917,2015,50955.0,217854.0,0.8173590000000001,2.442556,ESP,JPN,842710
4114908,72,114,8917,2015,0.0,31917.0,0.9281149999999999,1.1780389999999998,EST,JPN,842710
4114909,73,114,8917,2015,0.0,89751.0,-1.004896,-0.721019,ETH,JPN,842710
4114910,74,114,8917,2015,44072.0,0.0,1.597817,0.998059,FIN,JPN,842710
4114911,75,114,8917,2015,0.0,105583.0,-0.481968,-0.201468,FJI,JPN,842710
4114912,77,114,8917,2015,149477.0,136673.0,1.479792,0.6490239999999999,FRA,JPN,842710
4114913,81,114,8917,2015,176624.0,221339.0,1.7422990000000003,0.75838,GBR,JPN,842710
4114914,82,114,8917,2015,0.0,69235.0,-0.343663,-0.588017,GEO,JPN,842710
4114915,90,114,8917,2015,0.0,122093.0,0.099027,1.012289,GRC,JPN,842710
4114916,93,114,8917,2015,0.0,232914.0,-0.284403,0.525564,GTM,JPN,842710
4114917,97,114,8917,2015,0.0,4093554.0,0.8255290000000001,1.8017279999999998,HKG,JPN,842710
4114918,100,114,8917,2015,0.0,12883.0,0.7590140000000001,1.257415,HRV,JPN,842710
4114919,102,114,8917,2015,0.0,3082.0,1.462839,0.803258,HUN,JPN,842710
4114920,103,114,8917,2015,0.0,11903952.0,-0.145103,1.277362,IDN,JPN,842710
4114921,104,114,8917,2015,39130.0,4439446.0,0.24230900000000002,2.8190880000000003,IND,JPN,842710
4114922,106,114,8917,2015,0.0,21553.0,1.304942,0.126431,IRL,JPN,842710
4114923,107,114,8917,2015,0.0,252166.0,-0.258946,-0.0073420000000000004,IRN,JPN,842710
4114924,108,114,8917,2015,0.0,31007.0,-1.465803,-0.912113,IRQ,JPN,842710
4114925,110,114,8917,2015,0.0,1195190.0,1.260071,0.545545,ISR,JPN,842710
4114926,111,114,8917,2015,210801.0,196298.0,1.321127,0.747046,ITA,JPN,842710
4114927,113,114,8917,2015,0.0,67315.0,0.121172,0.457301,JOR,JPN,842710
4114928,115,114,8917,2015,0.0,771079.0,-0.45091499999999995,-0.652026,KAZ,JPN,842710
4114929,116,114,8917,2015,0.0,36274.0,-0.453564,0.433325,KEN,JPN,842710
4114930,117,114,8917,2015,0.0,8212.0,0.02058,0.438692,KGZ,JPN,842710
4114931,118,114,8917,2015,0.0,153846.0,-0.791985,-0.833046,KHM,JPN,842710
4114932,119,114,8917,2015,0.0,25637.0,-0.257871,-0.858136,KIR,JPN,842710
4114933,121,114,8917,2015,19995.0,46163504.0,1.900653,0.859406,KOR,JPN,842710
4114934,122,114,8917,2015,0.0,351809.0,-0.352023,-1.153057,KWT,JPN,842710
4114935,123,114,8917,2015,0.0,361225.0,-0.927524,-0.74525,LAO,JPN,842710
4114936,124,114,8917,2015,0.0,182489.0,0.317355,1.330374,LBN,JPN,842710
4114937,128,114,8917,2015,0.0,204224.0,-0.6773399999999999,0.386343,LKA,JPN,842710
4114938,130,114,8917,2015,0.0,41416.0,0.749429,1.3659860000000001,LTU,JPN,842710
4114939,131,114,8917,2015,0.0,475186.0,1.218924,1.247152,LUX,JPN,842710
4114940,133,114,8917,2015,0.0,24600.0,0.296288,0.32009499999999996,MAC,JPN,842710
4114941,134,114,8917,2015,0.0,304209.0,-0.7554810000000001,-0.059697,MAR,JPN,842710
4114942,135,114,8917,2015,0.0,70823.0,-0.313837,-0.20393,MDA,JPN,842710
4114943,137,114,8917,2015,0.0,11791.0,-0.321571,-0.858751,MDV,JPN,842710
4114944,138,114,8917,2015,0.0,1277695.0,1.169724,0.61457,MEX,JPN,842710
4114945,140,114,8917,2015,0.0,25908.0,-0.09009600000000001,-0.147359,MKD,JPN,842710
4114946,143,114,8917,2015,0.0,248787.0,-1.4596120000000001,-0.903904,MMR,JPN,842710
4114947,144,114,8917,2015,0.0,1925.0,-0.048385000000000004,-0.150759,MNE,JPN,842710
4114948,145,114,8917,2015,0.0,155677.0,-1.244368,-1.196677,MNG,JPN,842710
4114949,151,114,8917,2015,0.0,15412.0,-0.231762,-0.195051,MUS,JPN,842710
4114950,153,114,8917,2015,0.0,10368977.0,1.082803,0.811615,MYS,JPN,842710
4114951,156,114,8917,2015,0.0,20015.0,-0.727911,-0.844562,NCL,JPN,842710
4114952,159,114,8917,2015,0.0,76351.0,-1.415451,-1.157829,NGA,JPN,842710
4114953,162,114,8917,2015,652759.0,189148.0,1.230104,1.27344,NLD,JPN,842710
4114954,163,114,8917,2015,0.0,68752.0,0.950708,0.314339,NOR,JPN,842710
4114955,166,114,8917,2015,0.0,1333143.0,0.224598,0.253179,NZL,JPN,842710
4114956,167,114,8917,2015,0.0,442703.0,-0.4699,-1.00451,OMN,JPN,842710
4114957,168,114,8917,2015,0.0,823080.0,-0.7059979999999999,0.73501,PAK,JPN,842710
4114958,169,114,8917,2015,0.0,36804.0,0.642058,0.833392,PAN,JPN,842710
4114959,173,114,8917,2015,0.0,62994.0,-0.6007819999999999,0.32152800000000004,PER,JPN,842710
4114960,174,114,8917,2015,0.0,5893755.0,0.6406270000000001,0.45770200000000005,PHL,JPN,842710
4114961,175,114,8917,2015,0.0,39807.0,0.353098,-0.590496,PLW,JPN,842710
4114962,176,114,8917,2015,0.0,89301.0,-1.710939,-1.266333,PNG,JPN,842710
4114963,177,114,8917,2015,0.0,48973.0,1.145844,1.1449280000000002,POL,JPN,842710
4114964,180,114,8917,2015,0.0,14403.0,-0.471106,-0.9431139999999999,PRY,JPN,842710
4114965,183,114,8917,2015,0.0,294935.0,-0.077053,-0.9922719999999999,QAT,JPN,842710
4114966,185,114,8917,2015,0.0,14776.0,0.946363,1.056775,ROU,JPN,842710
4114967,186,114,8917,2015,0.0,5557574.0,0.23119,0.035965,RUS,JPN,842710
4114968,187,114,8917,2015,0.0,6465.0,-0.755738,-0.4423,RWA,JPN,842710
4114969,188,114,8917,2015,0.0,4202656.0,0.5552520000000001,-0.7263229999999999,SAU,JPN,842710
4114970,191,114,8917,2015,0.0,16450.0,-0.708349,-0.296663,SEN,JPN,842710
4114971,192,114,8917,2015,27666.0,7459448.0,2.05613,0.593065,SGP,JPN,842710
4114972,197,114,8917,2015,0.0,28743.0,0.05531900000000001,0.169073,SLV,JPN,842710
4114973,201,114,8917,2015,0.0,23554.0,0.457042,1.324908,SRB,JPN,842710
4114974,205,114,8917,2015,0.0,3464.0,-0.570361,-1.005072,SUR,JPN,842710
4114975,207,114,8917,2015,0.0,14017.0,1.6089879999999999,0.833616,SVN,JPN,842710
4114976,208,114,8917,2015,2176596.0,24109.0,1.8068349999999997,0.693389,SWE,JPN,842710
4114977,211,114,8917,2015,0.0,35888.0,1.017467,-0.285569,SYC,JPN,842710
4114978,216,114,8917,2015,181644.0,21061304.0,0.965888,1.368572,THA,JPN,842710
4114979,222,114,8917,2015,0.0,18684.0,-0.462837,-1.117621,TTO,JPN,842710
4114980,223,114,8917,2015,0.0,29631.0,0.140202,0.967591,TUN,JPN,842710
4114981,224,114,8917,2015,0.0,3108922.0,0.438669,2.519632,TUR,JPN,842710
4114982,226,114,8917,2015,0.0,4268.0,-1.02395,-0.017509999999999998,TZA,JPN,842710
4114983,228,114,8917,2015,0.0,349107.0,0.429879,0.701813,UKR,JPN,842710
4114984,230,114,8917,2015,0.0,314643.0,0.273876,-0.363695,URY,JPN,842710
4114985,231,114,8917,2015,8410112.0,9460858.0,1.720478,-0.129322,USA,JPN,842710
4114986,232,114,8917,2015,0.0,31725.0,-0.724966,-0.599292,UZB,JPN,842710
4114987,236,114,8917,2015,0.0,226417.0,-0.9249129999999999,-1.1877280000000001,VEN,JPN,842710
4114988,239,114,8917,2015,0.0,13378236.0,-0.17108900000000002,1.10995,VNM,JPN,842710
4114989,243,114,8917,2015,0.0,16388.0,-1.048632,-1.10843,YEM,JPN,842710
4114990,246,114,8917,2015,0.0,7239608.0,0.24944699999999997,1.7573159999999999,ZAF,JPN,842710
4114991,247,114,8917,2015,0.0,6068.0,-0.44792,-0.769586,ZMB,JPN,842710
4114992,248,114,8917,2015,0.0,11915.0,-0.838017,-0.9400270000000001,ZWE,JPN,842710
4114993,249,114,8917,2015,425153.0,20426548.0,1.962832,1.214982,TWN,JPN,842710
4114994,0,121,8917,2015,0.0,25492.0,0.8526809999999999,-0.043541,ABW,KOR,842710
4114995,2,121,8917,2015,1417.0,170341.0,-1.6542,-1.2598989999999999,AGO,KOR,842710
4114996,7,121,8917,2015,0.0,993876.0,0.21779600000000002,-0.0047420000000000006,ARE,KOR,842710
4114997,8,121,8917,2015,0.0,1198988.0,0.116896,0.30330999999999997,ARG,KOR,842710
4114998,9,121,8917,2015,0.0,13704.0,0.037579,-0.42448800000000003,ARM,KOR,842710
4114999,13,121,8917,2015,0.0,18731.0,0.43318,-0.552045,ATG,KOR,842710
4115000,14,121,8917,2015,13711.0,2898291.0,-0.292325,-0.043489,AUS,KOR,842710
4115001,15,121,8917,2015,0.0,122252.0,1.747098,-0.08026699999999999,AUT,KOR,842710
4115002,16,121,8917,2015,0.0,89050.0,-0.983347,-1.231542,AZE,KOR,842710
4115003,18,121,8917,2015,87464.0,15783440.0,1.329866,1.100641,BEL,KOR,842710
4115004,22,121,8917,2015,0.0,154833.0,-1.088465,-0.8745360000000001,BGD,KOR,842710
4115005,24,121,8917,2015,0.0,119128.0,0.36650900000000003,-0.28735,BHR,KOR,842710
4115006,26,121,8917,2015,0.0,946.0,0.355903,0.723092,BIH,KOR,842710
4115007,32,121,8917,2015,0.0,343883.0,0.23656799999999997,0.688607,BRA,KOR,842710
4115008,39,121,8917,2015,3517668.0,1538718.0,0.695867,1.171676,CAN,KOR,842710
4115009,41,121,8917,2015,0.0,126955.0,2.306075,0.720781,CHE,KOR,842710
4115010,42,121,8917,2015,0.0,153968.0,-0.356167,-0.47629399999999994,CHL,KOR,842710
4115011,43,121,8917,2015,16601094.0,2107779.0,1.077143,1.735757,CHN,KOR,842710
4115012,44,121,8917,2015,0.0,794.0,-0.856142,-0.905292,CIV,KOR,842710
4115013,49,121,8917,2015,0.0,807266.0,0.156383,-0.183055,COL,KOR,842710
4115014,52,121,8917,2015,0.0,17346.0,0.24859699999999998,-0.033143,CRI,KOR,842710
4115015,55,121,8917,2015,0.0,19958.0,0.296267,-0.6313350000000001,CUW,KOR,842710
4115016,58,121,8917,2015,0.0,44435.0,0.511225,-0.207261,CYP,KOR,842710
4115017,59,121,8917,2015,0.0,13438.0,1.743012,0.45424,CZE,KOR,842710
4115018,61,121,8917,2015,3041018.0,6091448.0,2.203818,-2.307561,DEU,KOR,842710
4115019,62,121,8917,2015,0.0,5894.0,-0.538942,-0.832522,DJI,KOR,842710
4115020,64,121,8917,2015,3271.0,75420.0,1.157924,1.2045629999999998,DNK,KOR,842710
4115021,65,121,8917,2015,0.0,16191.0,-0.212808,0.395873,DOM,KOR,842710
4115022,66,121,8917,2015,0.0,502783.0,-1.54346,-1.255633,DZA,KOR,842710
4115023,67,121,8917,2015,0.0,177257.0,-0.9845959999999999,-1.075639,ECU,KOR,842710
4115024,68,121,8917,2015,0.0,161633.0,-0.183053,1.765036,EGY,KOR,842710
4115025,71,121,8917,2015,0.0,48135.0,0.8173590000000001,2.442556,ESP,KOR,842710
4115026,72,121,8917,2015,0.0,48460.0,0.9281149999999999,1.1780389999999998,EST,KOR,842710
4115027,73,121,8917,2015,0.0,11736.0,-1.004896,-0.721019,ETH,KOR,842710
4115028,74,121,8917,2015,0.0,55171.0,1.597817,0.998059,FIN,KOR,842710
4115029,77,121,8917,2015,133674.0,2251206.0,1.479792,0.6490239999999999,FRA,KOR,842710
4115030,81,121,8917,2015,98038.0,2599706.0,1.7422990000000003,0.75838,GBR,KOR,842710
4115031,82,121,8917,2015,0.0,19755.0,-0.343663,-0.588017,GEO,KOR,842710
4115032,83,121,8917,2015,0.0,88198.0,-0.750568,-0.690257,GHA,KOR,842710
4115033,90,121,8917,2015,0.0,33254.0,0.099027,1.012289,GRC,KOR,842710
4115034,93,121,8917,2015,0.0,38167.0,-0.284403,0.525564,GTM,KOR,842710
4115035,95,121,8917,2015,0.0,99166.0,0.658226,0.030897000000000004,GUM,KOR,842710
4115036,96,121,8917,2015,0.0,51963.0,-1.018758,-1.056085,GUY,KOR,842710
4115037,97,121,8917,2015,21131.0,408307.0,0.8255290000000001,1.8017279999999998,HKG,KOR,842710
4115038,101,121,8917,2015,0.0,46040.0,-1.288246,-1.018979,HTI,KOR,842710
4115039,102,121,8917,2015,0.0,641394.0,1.462839,0.803258,HUN,KOR,842710
4115040,103,121,8917,2015,0.0,602256.0,-0.145103,1.277362,IDN,KOR,842710
4115041,104,121,8917,2015,83536.0,115302.0,0.24230900000000002,2.8190880000000003,IND,KOR,842710
4115042,106,121,8917,2015,53088.0,311655.0,1.304942,0.126431,IRL,KOR,842710
4115043,107,121,8917,2015,0.0,1195762.0,-0.258946,-0.0073420000000000004,IRN,KOR,842710
4115044,110,121,8917,2015,0.0,153454.0,1.260071,0.545545,ISR,KOR,842710
4115045,111,121,8917,2015,1128210.0,618088.0,1.321127,0.747046,ITA,KOR,842710
4115046,113,121,8917,2015,0.0,611629.0,0.121172,0.457301,JOR,KOR,842710
4115047,114,121,8917,2015,46163504.0,19995.0,2.516133,-0.484202,JPN,KOR,842710
4115048,116,121,8917,2015,0.0,101411.0,-0.453564,0.433325,KEN,KOR,842710
4115049,118,121,8917,2015,0.0,25226.0,-0.791985,-0.833046,KHM,KOR,842710
4115050,124,121,8917,2015,0.0,80966.0,0.317355,1.330374,LBN,KOR,842710
4115051,130,121,8917,2015,0.0,160498.0,0.749429,1.3659860000000001,LTU,KOR,842710
4115052,134,121,8917,2015,0.0,180126.0,-0.7554810000000001,-0.059697,MAR,KOR,842710
4115053,136,121,8917,2015,0.0,23312.0,-1.15947,-0.497217,MDG,KOR,842710
4115054,138,121,8917,2015,0.0,4032630.0,1.169724,0.61457,MEX,KOR,842710
4115055,142,121,8917,2015,0.0,58208.0,0.880893,-0.117585,MLT,KOR,842710
4115056,143,121,8917,2015,0.0,90127.0,-1.4596120000000001,-0.903904,MMR,KOR,842710
4115057,145,121,8917,2015,0.0,19768.0,-1.244368,-1.196677,MNG,KOR,842710
4115058,151,121,8917,2015,0.0,152344.0,-0.231762,-0.195051,MUS,KOR,842710
4115059,153,121,8917,2015,9129.0,160154.0,1.082803,0.811615,MYS,KOR,842710
4115060,156,121,8917,2015,0.0,151120.0,-0.727911,-0.844562,NCL,KOR,842710
4115061,159,121,8917,2015,0.0,176876.0,-1.415451,-1.157829,NGA,KOR,842710
4115062,162,121,8917,2015,117009.0,401746.0,1.230104,1.27344,NLD,KOR,842710
4115063,163,121,8917,2015,0.0,422590.0,0.950708,0.314339,NOR,KOR,842710
4115064,166,121,8917,2015,0.0,288374.0,0.224598,0.253179,NZL,KOR,842710
4115065,168,121,8917,2015,0.0,231690.0,-0.7059979999999999,0.73501,PAK,KOR,842710
4115066,169,121,8917,2015,0.0,274448.0,0.642058,0.833392,PAN,KOR,842710
4115067,174,121,8917,2015,0.0,1630014.0,0.6406270000000001,0.45770200000000005,PHL,KOR,842710
4115068,177,121,8917,2015,0.0,1512135.0,1.145844,1.1449280000000002,POL,KOR,842710
4115069,179,121,8917,2015,0.0,334711.0,0.561922,2.2276380000000002,PRT,KOR,842710
4115070,180,121,8917,2015,0.0,121760.0,-0.471106,-0.9431139999999999,PRY,KOR,842710
4115071,182,121,8917,2015,0.0,48873.0,-0.301696,-0.795154,PYF,KOR,842710
4115072,183,121,8917,2015,0.0,50427.0,-0.077053,-0.9922719999999999,QAT,KOR,842710
4115073,185,121,8917,2015,0.0,252473.0,0.946363,1.056775,ROU,KOR,842710
4115074,186,121,8917,2015,0.0,621802.0,0.23119,0.035965,RUS,KOR,842710
4115075,187,121,8917,2015,0.0,31797.0,-0.755738,-0.4423,RWA,KOR,842710
4115076,188,121,8917,2015,0.0,457534.0,0.5552520000000001,-0.7263229999999999,SAU,KOR,842710
4115077,190,121,8917,2015,0.0,15555.0,-1.420356,-1.218424,SDN,KOR,842710
4115078,191,121,8917,2015,0.0,127998.0,-0.708349,-0.296663,SEN,KOR,842710
4115079,192,121,8917,2015,20557.0,148768.0,2.05613,0.593065,SGP,KOR,842710
4115080,197,121,8917,2015,0.0,154927.0,0.05531900000000001,0.169073,SLV,KOR,842710
4115081,201,121,8917,2015,0.0,28456.0,0.457042,1.324908,SRB,KOR,842710
4115082,206,121,8917,2015,0.0,208616.0,1.287133,0.7900560000000001,SVK,KOR,842710
4115083,207,121,8917,2015,0.0,85901.0,1.6089879999999999,0.833616,SVN,KOR,842710
4115084,208,121,8917,2015,849874.0,187285.0,1.8068349999999997,0.693389,SWE,KOR,842710
4115085,211,121,8917,2015,0.0,25124.0,1.017467,-0.285569,SYC,KOR,842710
4115086,212,121,8917,2015,0.0,3500.0,-0.603532,0.313216,SYR,KOR,842710
4115087,216,121,8917,2015,5476058.0,639930.0,0.965888,1.368572,THA,KOR,842710
4115088,223,121,8917,2015,0.0,76635.0,0.140202,0.967591,TUN,KOR,842710
4115089,224,121,8917,2015,0.0,3895701.0,0.438669,2.519632,TUR,KOR,842710
4115090,228,121,8917,2015,0.0,42503.0,0.429879,0.701813,UKR,KOR,842710
4115091,231,121,8917,2015,10464987.0,21647226.0,1.720478,-0.129322,USA,KOR,842710
4115092,232,121,8917,2015,0.0,1155955.0,-0.724966,-0.599292,UZB,KOR,842710
4115093,239,121,8917,2015,4713.0,3834499.0,-0.17108900000000002,1.10995,VNM,KOR,842710
4115094,246,121,8917,2015,126943.0,2537416.0,0.24944699999999997,1.7573159999999999,ZAF,KOR,842710
4115095,249,121,8917,2015,138083.0,148180.0,1.962832,1.214982,TWN,KOR,842710
4115096,7,122,8917,2015,348151.0,73055.0,0.21779600000000002,-0.0047420000000000006,ARE,KWT,842710
4115097,18,122,8917,2015,378787.0,0.0,1.329866,1.100641,BEL,KWT,842710
4115098,43,122,8917,2015,405729.0,0.0,1.077143,1.735757,CHN,KWT,842710
4115099,61,122,8917,2015,764777.0,0.0,2.203818,-2.307561,DEU,KWT,842710
4115100,64,122,8917,2015,266927.0,0.0,1.157924,1.2045629999999998,DNK,KWT,842710
4115101,68,122,8917,2015,0.0,4336.0,-0.183053,1.765036,EGY,KWT,842710
4115102,77,122,8917,2015,222828.0,0.0,1.479792,0.6490239999999999,FRA,KWT,842710
4115103,81,122,8917,2015,11732.0,0.0,1.7422990000000003,0.75838,GBR,KWT,842710
4115104,108,122,8917,2015,0.0,59843.0,-1.465803,-0.912113,IRQ,KWT,842710
4115105,111,122,8917,2015,541652.0,0.0,1.321127,0.747046,ITA,KWT,842710
4115106,113,122,8917,2015,0.0,16502.0,0.121172,0.457301,JOR,KWT,842710
4115107,114,122,8917,2015,351809.0,0.0,2.516133,-0.484202,JPN,KWT,842710
4115108,153,122,8917,2015,482554.0,0.0,1.082803,0.811615,MYS,KWT,842710
4115109,162,122,8917,2015,146720.0,0.0,1.230104,1.27344,NLD,KWT,842710
4115110,183,122,8917,2015,127630.0,438001.0,-0.077053,-0.9922719999999999,QAT,KWT,842710
4115111,188,122,8917,2015,0.0,40559.0,0.5552520000000001,-0.7263229999999999,SAU,KWT,842710
4115112,208,122,8917,2015,1427356.0,0.0,1.8068349999999997,0.693389,SWE,KWT,842710
4115113,216,122,8917,2015,64524.0,0.0,0.965888,1.368572,THA,KWT,842710
4115114,224,122,8917,2015,16466.0,7021.0,0.438669,2.519632,TUR,KWT,842710
4115115,231,122,8917,2015,451928.0,0.0,1.720478,-0.129322,USA,KWT,842710
4115116,14,138,8917,2015,0.0,42515.0,-0.292325,-0.043489,AUS,MEX,842710
4115117,15,138,8917,2015,18249.0,0.0,1.747098,-0.08026699999999999,AUT,MEX,842710
4115118,18,138,8917,2015,5576.0,0.0,1.329866,1.100641,BEL,MEX,842710
4115119,32,138,8917,2015,490611.0,11916.0,0.23656799999999997,0.688607,BRA,MEX,842710
4115120,39,138,8917,2015,208657.0,706052.0,0.695867,1.171676,CAN,MEX,842710
4115121,41,138,8917,2015,450712.0,0.0,2.306075,0.720781,CHE,MEX,842710
4115122,42,138,8917,2015,0.0,3050.0,-0.356167,-0.47629399999999994,CHL,MEX,842710
4115123,43,138,8917,2015,1648995.0,0.0,1.077143,1.735757,CHN,MEX,842710
4115124,49,138,8917,2015,0.0,65163.0,0.156383,-0.183055,COL,MEX,842710
4115125,52,138,8917,2015,0.0,35412.0,0.24859699999999998,-0.033143,CRI,MEX,842710
4115126,59,138,8917,2015,12999.0,0.0,1.743012,0.45424,CZE,MEX,842710
4115127,61,138,8917,2015,2421482.0,0.0,2.203818,-2.307561,DEU,MEX,842710
4115128,71,138,8917,2015,76286.0,0.0,0.8173590000000001,2.442556,ESP,MEX,842710
4115129,77,138,8917,2015,288641.0,0.0,1.479792,0.6490239999999999,FRA,MEX,842710
4115130,81,138,8917,2015,26240.0,54511.0,1.7422990000000003,0.75838,GBR,MEX,842710
4115131,106,138,8917,2015,300013.0,0.0,1.304942,0.126431,IRL,MEX,842710
4115132,111,138,8917,2015,12495547.0,2153437.0,1.321127,0.747046,ITA,MEX,842710
4115133,114,138,8917,2015,1277695.0,0.0,2.516133,-0.484202,JPN,MEX,842710
4115134,121,138,8917,2015,4032630.0,0.0,1.900653,0.859406,KOR,MEX,842710
4115135,162,138,8917,2015,171964.0,0.0,1.230104,1.27344,NLD,MEX,842710
4115136,169,138,8917,2015,0.0,1620.0,0.642058,0.833392,PAN,MEX,842710
4115137,177,138,8917,2015,4961.0,0.0,1.145844,1.1449280000000002,POL,MEX,842710
4115138,192,138,8917,2015,25648.0,5507.0,2.05613,0.593065,SGP,MEX,842710
4115139,208,138,8917,2015,271215.0,0.0,1.8068349999999997,0.693389,SWE,MEX,842710
4115140,231,138,8917,2015,183423328.0,19974068.0,1.720478,-0.129322,USA,MEX,842710
4115141,246,138,8917,2015,0.0,958.0,0.24944699999999997,1.7573159999999999,ZAF,MEX,842710
4115142,249,138,8917,2015,8007.0,0.0,1.962832,1.214982,TWN,MEX,842710
4115143,7,153,8917,2015,25715.0,0.0,0.21779600000000002,-0.0047420000000000006,ARE,MYS,842710
4115144,14,153,8917,2015,355472.0,0.0,-0.292325,-0.043489,AUS,MYS,842710
4115145,18,153,8917,2015,33153.0,0.0,1.329866,1.100641,BEL,MYS,842710
4115146,22,153,8917,2015,0.0,4282.0,-1.088465,-0.8745360000000001,BGD,MYS,842710
4115147,34,153,8917,2015,0.0,19332.0,1.093564,-0.679211,BRN,MYS,842710
4115148,43,153,8917,2015,7744031.0,330185.0,1.077143,1.735757,CHN,MYS,842710
4115149,61,153,8917,2015,1644248.0,8038.0,2.203818,-2.307561,DEU,MYS,842710
4115150,64,153,8917,2015,15784.0,0.0,1.157924,1.2045629999999998,DNK,MYS,842710
4115151,71,153,8917,2015,8300.0,0.0,0.8173590000000001,2.442556,ESP,MYS,842710
4115152,77,153,8917,2015,15447.0,0.0,1.479792,0.6490239999999999,FRA,MYS,842710
4115153,81,153,8917,2015,33088.0,0.0,1.7422990000000003,0.75838,GBR,MYS,842710
4115154,97,153,8917,2015,44456.0,62393.0,0.8255290000000001,1.8017279999999998,HKG,MYS,842710
4115155,103,153,8917,2015,0.0,701924.0,-0.145103,1.277362,IDN,MYS,842710
4115156,104,153,8917,2015,0.0,68635.0,0.24230900000000002,2.8190880000000003,IND,MYS,842710
4115157,106,153,8917,2015,106824.0,0.0,1.304942,0.126431,IRL,MYS,842710
4115158,107,153,8917,2015,0.0,12906.0,-0.258946,-0.0073420000000000004,IRN,MYS,842710
4115159,111,153,8917,2015,1058107.0,0.0,1.321127,0.747046,ITA,MYS,842710
4115160,114,153,8917,2015,10368977.0,0.0,2.516133,-0.484202,JPN,MYS,842710
4115161,118,153,8917,2015,0.0,48867.0,-0.791985,-0.833046,KHM,MYS,842710
4115162,121,153,8917,2015,160154.0,9129.0,1.900653,0.859406,KOR,MYS,842710
4115163,122,153,8917,2015,0.0,482554.0,-0.352023,-1.153057,KWT,MYS,842710
4115164,128,153,8917,2015,0.0,10011.0,-0.6773399999999999,0.386343,LKA,MYS,842710
4115165,137,153,8917,2015,0.0,47670.0,-0.321571,-0.858751,MDV,MYS,842710
4115166,143,153,8917,2015,0.0,11276.0,-1.4596120000000001,-0.903904,MMR,MYS,842710
4115167,159,153,8917,2015,0.0,33208.0,-1.415451,-1.157829,NGA,MYS,842710
4115168,162,153,8917,2015,657773.0,67911.0,1.230104,1.27344,NLD,MYS,842710
4115169,167,153,8917,2015,0.0,7051.0,-0.4699,-1.00451,OMN,MYS,842710
4115170,174,153,8917,2015,0.0,401914.0,0.6406270000000001,0.45770200000000005,PHL,MYS,842710
4115171,188,153,8917,2015,0.0,39614.0,0.5552520000000001,-0.7263229999999999,SAU,MYS,842710
4115172,192,153,8917,2015,2113752.0,261269.0,2.05613,0.593065,SGP,MYS,842710
4115173,208,153,8917,2015,3492050.0,19414.0,1.8068349999999997,0.693389,SWE,MYS,842710
4115174,216,153,8917,2015,1328234.0,342465.0,0.965888,1.368572,THA,MYS,842710
4115175,228,153,8917,2015,0.0,51399.0,0.429879,0.701813,UKR,MYS,842710
4115176,231,153,8917,2015,5808031.0,2872.0,1.720478,-0.129322,USA,MYS,842710
4115177,239,153,8917,2015,0.0,106262.0,-0.17108900000000002,1.10995,VNM,MYS,842710
4115178,249,153,8917,2015,210844.0,13172.0,1.962832,1.214982,TWN,MYS,842710
4115179,7,159,8917,2015,89180.0,0.0,0.21779600000000002,-0.0047420000000000006,ARE,NGA,842710
4115180,18,159,8917,2015,40144.0,0.0,1.329866,1.100641,BEL,NGA,842710
4115181,41,159,8917,2015,265019.0,0.0,2.306075,0.720781,CHE,NGA,842710
4115182,43,159,8917,2015,689854.0,0.0,1.077143,1.735757,CHN,NGA,842710
4115183,61,159,8917,2015,908178.0,0.0,2.203818,-2.307561,DEU,NGA,842710
4115184,68,159,8917,2015,179350.0,0.0,-0.183053,1.765036,EGY,NGA,842710
4115185,71,159,8917,2015,23100.0,0.0,0.8173590000000001,2.442556,ESP,NGA,842710
4115186,81,159,8917,2015,184018.0,0.0,1.7422990000000003,0.75838,GBR,NGA,842710
4115187,90,159,8917,2015,22473.0,0.0,0.099027,1.012289,GRC,NGA,842710
4115188,103,159,8917,2015,139276.0,0.0,-0.145103,1.277362,IDN,NGA,842710
4115189,104,159,8917,2015,153296.0,0.0,0.24230900000000002,2.8190880000000003,IND,NGA,842710
4115190,106,159,8917,2015,74182.0,0.0,1.304942,0.126431,IRL,NGA,842710
4115191,111,159,8917,2015,174220.0,0.0,1.321127,0.747046,ITA,NGA,842710
4115192,114,159,8917,2015,76351.0,0.0,2.516133,-0.484202,JPN,NGA,842710
4115193,121,159,8917,2015,176876.0,0.0,1.900653,0.859406,KOR,NGA,842710
4115194,124,159,8917,2015,20467.0,0.0,0.317355,1.330374,LBN,NGA,842710
4115195,153,159,8917,2015,33208.0,0.0,1.082803,0.811615,MYS,NGA,842710
4115196,162,159,8917,2015,151697.0,0.0,1.230104,1.27344,NLD,NGA,842710
4115197,177,159,8917,2015,33276.0,0.0,1.145844,1.1449280000000002,POL,NGA,842710
4115198,178,159,8917,2015,159688.0,0.0,-0.404818,-0.075235,PRK,NGA,842710
4115199,192,159,8917,2015,50625.0,0.0,2.05613,0.593065,SGP,NGA,842710
4115200,208,159,8917,2015,451333.0,0.0,1.8068349999999997,0.693389,SWE,NGA,842710
4115201,231,159,8917,2015,921968.0,0.0,1.720478,-0.129322,USA,NGA,842710
4115202,246,159,8917,2015,473144.0,0.0,0.24944699999999997,1.7573159999999999,ZAF,NGA,842710
4115203,39,160,8917,2015,3383.0,0.0,0.695867,1.171676,CAN,NIC,842710
4115204,43,160,8917,2015,28352.0,0.0,1.077143,1.735757,CHN,NIC,842710
4115205,52,160,8917,2015,70393.0,0.0,0.24859699999999998,-0.033143,CRI,NIC,842710
4115206,71,160,8917,2015,2825.0,0.0,0.8173590000000001,2.442556,ESP,NIC,842710
4115207,111,160,8917,2015,11030.0,0.0,1.321127,0.747046,ITA,NIC,842710
4115208,169,160,8917,2015,2956.0,0.0,0.642058,0.833392,PAN,NIC,842710
4115209,197,160,8917,2015,0.0,5686.0,0.05531900000000001,0.169073,SLV,NIC,842710
4115210,231,160,8917,2015,2205711.0,0.0,1.720478,-0.129322,USA,NIC,842710
4115211,0,162,8917,2015,0.0,1780.0,0.8526809999999999,-0.043541,ABW,NLD,842710
4115212,2,162,8917,2015,0.0,41077.0,-1.6542,-1.2598989999999999,AGO,NLD,842710
4115213,7,162,8917,2015,13794.0,1373961.0,0.21779600000000002,-0.0047420000000000006,ARE,NLD,842710
4115214,8,162,8917,2015,0.0,539080.0,0.116896,0.30330999999999997,ARG,NLD,842710
4115215,14,162,8917,2015,0.0,1391584.0,-0.292325,-0.043489,AUS,NLD,842710
4115216,15,162,8917,2015,255592.0,929796.0,1.747098,-0.08026699999999999,AUT,NLD,842710
4115217,16,162,8917,2015,0.0,261959.0,-0.983347,-1.231542,AZE,NLD,842710
4115218,18,162,8917,2015,43617816.0,4823424.0,1.329866,1.100641,BEL,NLD,842710
4115219,22,162,8917,2015,0.0,11072.0,-1.088465,-0.8745360000000001,BGD,NLD,842710
4115220,23,162,8917,2015,20068.0,454718.0,0.45640699999999995,1.691455,BGR,NLD,842710
4115221,24,162,8917,2015,0.0,58217.0,0.36650900000000003,-0.28735,BHR,NLD,842710
4115222,26,162,8917,2015,0.0,122348.0,0.355903,0.723092,BIH,NLD,842710
4115223,28,162,8917,2015,0.0,1667.0,0.672499,0.5584020000000001,BLR,NLD,842710
4115224,31,162,8917,2015,0.0,1996.0,-1.051562,-1.067714,BOL,NLD,842710
4115225,32,162,8917,2015,0.0,32377.0,0.23656799999999997,0.688607,BRA,NLD,842710
4115226,39,162,8917,2015,51133.0,1045618.0,0.695867,1.171676,CAN,NLD,842710
4115227,41,162,8917,2015,347325.0,2064466.0,2.306075,0.720781,CHE,NLD,842710
4115228,42,162,8917,2015,0.0,309070.0,-0.356167,-0.47629399999999994,CHL,NLD,842710
4115229,43,162,8917,2015,7262560.0,1848058.0,1.077143,1.735757,CHN,NLD,842710
4115230,44,162,8917,2015,0.0,98508.0,-0.856142,-0.905292,CIV,NLD,842710
4115231,45,162,8917,2015,0.0,7882.0,-0.924366,-1.040721,CMR,NLD,842710
4115232,46,162,8917,2015,0.0,34995.0,-1.3921290000000002,-1.146549,COD,NLD,842710
4115233,47,162,8917,2015,0.0,147349.0,-1.294823,-1.18811,COG,NLD,842710
4115234,49,162,8917,2015,0.0,337377.0,0.156383,-0.183055,COL,NLD,842710
4115235,51,162,8917,2015,9400.0,0.0,-0.263621,-0.772158,CPV,NLD,842710
4115236,52,162,8917,2015,0.0,3969.0,0.24859699999999998,-0.033143,CRI,NLD,842710
4115237,54,162,8917,2015,0.0,504825.0,-0.694839,-1.093439,CUB,NLD,842710
4115238,55,162,8917,2015,0.0,22198.0,0.296267,-0.6313350000000001,CUW,NLD,842710
4115239,58,162,8917,2015,901.0,74561.0,0.511225,-0.207261,CYP,NLD,842710
4115240,59,162,8917,2015,2916011.0,517395.0,1.743012,0.45424,CZE,NLD,842710
4115241,61,162,8917,2015,127239488.0,13561566.0,2.203818,-2.307561,DEU,NLD,842710
4115242,62,162,8917,2015,0.0,12710.0,-0.538942,-0.832522,DJI,NLD,842710
4115243,64,162,8917,2015,1817024.0,1991386.0,1.157924,1.2045629999999998,DNK,NLD,842710
4115244,65,162,8917,2015,0.0,2300.0,-0.212808,0.395873,DOM,NLD,842710
4115245,66,162,8917,2015,0.0,13277.0,-1.54346,-1.255633,DZA,NLD,842710
4115246,67,162,8917,2015,0.0,81870.0,-0.9845959999999999,-1.075639,ECU,NLD,842710
4115247,68,162,8917,2015,0.0,1473058.0,-0.183053,1.765036,EGY,NLD,842710
4115248,71,162,8917,2015,7512858.0,8272728.0,0.8173590000000001,2.442556,ESP,NLD,842710
4115249,72,162,8917,2015,17114.0,161045.0,0.9281149999999999,1.1780389999999998,EST,NLD,842710
4115250,73,162,8917,2015,0.0,26530.0,-1.004896,-0.721019,ETH,NLD,842710
4115251,74,162,8917,2015,56704996.0,748093.0,1.597817,0.998059,FIN,NLD,842710
4115252,77,162,8917,2015,10159008.0,4473184.0,1.479792,0.6490239999999999,FRA,NLD,842710
4115253,81,162,8917,2015,13713202.0,25855264.0,1.7422990000000003,0.75838,GBR,NLD,842710
4115254,82,162,8917,2015,0.0,33324.0,-0.343663,-0.588017,GEO,NLD,842710
4115255,83,162,8917,2015,0.0,36414.0,-0.750568,-0.690257,GHA,NLD,842710
4115256,90,162,8917,2015,26504.0,236707.0,0.099027,1.012289,GRC,NLD,842710
4115257,93,162,8917,2015,0.0,27692.0,-0.284403,0.525564,GTM,NLD,842710
4115258,97,162,8917,2015,0.0,99607.0,0.8255290000000001,1.8017279999999998,HKG,NLD,842710
4115259,100,162,8917,2015,10603.0,91947.0,0.7590140000000001,1.257415,HRV,NLD,842710
4115260,102,162,8917,2015,143790.0,595562.0,1.462839,0.803258,HUN,NLD,842710
4115261,103,162,8917,2015,0.0,136079.0,-0.145103,1.277362,IDN,NLD,842710
4115262,104,162,8917,2015,0.0,422869.0,0.24230900000000002,2.8190880000000003,IND,NLD,842710
4115263,106,162,8917,2015,1376022.0,687447.0,1.304942,0.126431,IRL,NLD,842710
4115264,107,162,8917,2015,0.0,1190.0,-0.258946,-0.0073420000000000004,IRN,NLD,842710
4115265,108,162,8917,2015,0.0,167123.0,-1.465803,-0.912113,IRQ,NLD,842710
4115266,109,162,8917,2015,3772.0,503942.0,0.24527600000000002,-0.411616,ISL,NLD,842710
4115267,110,162,8917,2015,0.0,468717.0,1.260071,0.545545,ISR,NLD,842710
4115268,111,162,8917,2015,10621216.0,20126404.0,1.321127,0.747046,ITA,NLD,842710
4115269,112,162,8917,2015,0.0,97846.0,-0.438267,-0.828097,JAM,NLD,842710
4115270,113,162,8917,2015,1435.0,137249.0,0.121172,0.457301,JOR,NLD,842710
4115271,114,162,8917,2015,189148.0,652759.0,2.516133,-0.484202,JPN,NLD,842710
4115272,115,162,8917,2015,0.0,97207.0,-0.45091499999999995,-0.652026,KAZ,NLD,842710
4115273,116,162,8917,2015,0.0,137630.0,-0.453564,0.433325,KEN,NLD,842710
4115274,121,162,8917,2015,401746.0,117009.0,1.900653,0.859406,KOR,NLD,842710
4115275,122,162,8917,2015,0.0,146720.0,-0.352023,-1.153057,KWT,NLD,842710
4115276,124,162,8917,2015,0.0,39692.0,0.317355,1.330374,LBN,NLD,842710
4115277,125,162,8917,2015,0.0,4952.0,-1.087459,-1.195708,LBR,NLD,842710
4115278,126,162,8917,2015,0.0,16320.0,-1.3257219999999998,-1.260453,LBY,NLD,842710
4115279,128,162,8917,2015,0.0,10758.0,-0.6773399999999999,0.386343,LKA,NLD,842710
4115280,130,162,8917,2015,80299.0,361665.0,0.749429,1.3659860000000001,LTU,NLD,842710
4115281,131,162,8917,2015,172395.0,2475526.0,1.218924,1.247152,LUX,NLD,842710
4115282,132,162,8917,2015,13011.0,52977.0,0.602209,1.125357,LVA,NLD,842710
4115283,134,162,8917,2015,0.0,127846.0,-0.7554810000000001,-0.059697,MAR,NLD,842710
4115284,135,162,8917,2015,0.0,45810.0,-0.313837,-0.20393,MDA,NLD,842710
4115285,138,162,8917,2015,0.0,171964.0,1.169724,0.61457,MEX,NLD,842710
4115286,140,162,8917,2015,0.0,61837.0,-0.09009600000000001,-0.147359,MKD,NLD,842710
4115287,141,162,8917,2015,0.0,5755.0,-0.744236,-0.9441860000000001,MLI,NLD,842710
4115288,142,162,8917,2015,1076.0,60023.0,0.880893,-0.117585,MLT,NLD,842710
4115289,148,162,8917,2015,0.0,30306.0,-1.5597450000000002,-1.3209229999999998,MRT,NLD,842710
4115290,153,162,8917,2015,67911.0,657773.0,1.082803,0.811615,MYS,NLD,842710
4115291,159,162,8917,2015,0.0,151697.0,-1.415451,-1.157829,NGA,NLD,842710
4115292,163,162,8917,2015,238972.0,892388.0,0.950708,0.314339,NOR,NLD,842710
4115293,166,162,8917,2015,0.0,174528.0,0.224598,0.253179,NZL,NLD,842710
4115294,167,162,8917,2015,0.0,63733.0,-0.4699,-1.00451,OMN,NLD,842710
4115295,168,162,8917,2015,0.0,61189.0,-0.7059979999999999,0.73501,PAK,NLD,842710
4115296,169,162,8917,2015,0.0,112477.0,0.642058,0.833392,PAN,NLD,842710
4115297,173,162,8917,2015,0.0,339243.0,-0.6007819999999999,0.32152800000000004,PER,NLD,842710
4115298,174,162,8917,2015,0.0,29007.0,0.6406270000000001,0.45770200000000005,PHL,NLD,842710
4115299,177,162,8917,2015,218768.0,2091073.0,1.145844,1.1449280000000002,POL,NLD,842710
4115300,179,162,8917,2015,51764.0,1727366.0,0.561922,2.2276380000000002,PRT,NLD,842710
4115301,182,162,8917,2015,0.0,6702.0,-0.301696,-0.795154,PYF,NLD,842710
4115302,183,162,8917,2015,0.0,81556.0,-0.077053,-0.9922719999999999,QAT,NLD,842710
4115303,185,162,8917,2015,52739.0,361755.0,0.946363,1.056775,ROU,NLD,842710
4115304,186,162,8917,2015,0.0,1209270.0,0.23119,0.035965,RUS,NLD,842710
4115305,188,162,8917,2015,0.0,574507.0,0.5552520000000001,-0.7263229999999999,SAU,NLD,842710
4115306,191,162,8917,2015,0.0,85132.0,-0.708349,-0.296663,SEN,NLD,842710
4115307,192,162,8917,2015,72185.0,143091.0,2.05613,0.593065,SGP,NLD,842710
4115308,197,162,8917,2015,0.0,155226.0,0.05531900000000001,0.169073,SLV,NLD,842710
4115309,201,162,8917,2015,0.0,116278.0,0.457042,1.324908,SRB,NLD,842710
4115310,205,162,8917,2015,0.0,64324.0,-0.570361,-1.005072,SUR,NLD,842710
4115311,206,162,8917,2015,43098.0,207364.0,1.287133,0.7900560000000001,SVK,NLD,842710
4115312,207,162,8917,2015,27148.0,204804.0,1.6089879999999999,0.833616,SVN,NLD,842710
4115313,208,162,8917,2015,12272037.0,1284551.0,1.8068349999999997,0.693389,SWE,NLD,842710
4115314,210,162,8917,2015,0.0,4632.0,0.945973,-0.7548229999999999,SXM,NLD,842710
4115315,211,162,8917,2015,0.0,28598.0,1.017467,-0.285569,SYC,NLD,842710
4115316,215,162,8917,2015,0.0,189968.0,-0.66925,-0.873554,TGO,NLD,842710
4115317,216,162,8917,2015,0.0,247151.0,0.965888,1.368572,THA,NLD,842710
4115318,223,162,8917,2015,0.0,450480.0,0.140202,0.967591,TUN,NLD,842710
4115319,224,162,8917,2015,130237.0,674793.0,0.438669,2.519632,TUR,NLD,842710
4115320,226,162,8917,2015,0.0,6595.0,-1.02395,-0.017509999999999998,TZA,NLD,842710
4115321,227,162,8917,2015,0.0,10343.0,-0.611023,0.078961,UGA,NLD,842710
4115322,228,162,8917,2015,0.0,194564.0,0.429879,0.701813,UKR,NLD,842710
4115323,230,162,8917,2015,0.0,16814.0,0.273876,-0.363695,URY,NLD,842710
4115324,231,162,8917,2015,40137496.0,5252829.0,1.720478,-0.129322,USA,NLD,842710
4115325,239,162,8917,2015,0.0,296819.0,-0.17108900000000002,1.10995,VNM,NLD,842710
4115326,243,162,8917,2015,0.0,32609.0,-1.048632,-1.10843,YEM,NLD,842710
4115327,246,162,8917,2015,0.0,449482.0,0.24944699999999997,1.7573159999999999,ZAF,NLD,842710
4115328,247,162,8917,2015,0.0,2286.0,-0.44792,-0.769586,ZMB,NLD,842710
4115329,248,162,8917,2015,0.0,7055.0,-0.838017,-0.9400270000000001,ZWE,NLD,842710
4115330,249,162,8917,2015,177642.0,162358.0,1.962832,1.214982,TWN,NLD,842710
4115331,250,162,8917,2015,6498.0,7091.0,0.377283,-0.092204,ANS,NLD,842710
4115332,14,166,8917,2015,311106.0,52401.0,-0.292325,-0.043489,AUS,NZL,842710
4115333,18,166,8917,2015,347225.0,0.0,1.329866,1.100641,BEL,NZL,842710
4115334,39,166,8917,2015,604757.0,0.0,0.695867,1.171676,CAN,NZL,842710
4115335,43,166,8917,2015,4221592.0,21348.0,1.077143,1.735757,CHN,NZL,842710
4115336,48,166,8917,2015,0.0,17660.0,0.388457,-0.682666,COK,NZL,842710
4115337,61,166,8917,2015,2786362.0,0.0,2.203818,-2.307561,DEU,NZL,842710
4115338,64,166,8917,2015,50862.0,0.0,1.157924,1.2045629999999998,DNK,NZL,842710
4115339,71,166,8917,2015,68379.0,0.0,0.8173590000000001,2.442556,ESP,NZL,842710
4115340,75,166,8917,2015,0.0,141668.0,-0.481968,-0.201468,FJI,NZL,842710
4115341,77,166,8917,2015,566080.0,0.0,1.479792,0.6490239999999999,FRA,NZL,842710
4115342,81,166,8917,2015,801142.0,0.0,1.7422990000000003,0.75838,GBR,NZL,842710
4115343,104,166,8917,2015,230552.0,0.0,0.24230900000000002,2.8190880000000003,IND,NZL,842710
4115344,106,166,8917,2015,659353.0,0.0,1.304942,0.126431,IRL,NZL,842710
4115345,107,166,8917,2015,21257.0,59836.0,-0.258946,-0.0073420000000000004,IRN,NZL,842710
4115346,111,166,8917,2015,523416.0,0.0,1.321127,0.747046,ITA,NZL,842710
4115347,114,166,8917,2015,1333143.0,0.0,2.516133,-0.484202,JPN,NZL,842710
4115348,119,166,8917,2015,0.0,84879.0,-0.257871,-0.858136,KIR,NZL,842710
4115349,121,166,8917,2015,288374.0,0.0,1.900653,0.859406,KOR,NZL,842710
4115350,139,166,8917,2015,0.0,29507.0,-0.174541,-0.828616,MHL,NZL,842710
4115351,156,166,8917,2015,0.0,17353.0,-0.727911,-0.844562,NCL,NZL,842710
4115352,161,166,8917,2015,0.0,13528.0,1.7121400000000002,-0.072287,NIU,NZL,842710
4115353,162,166,8917,2015,174528.0,0.0,1.230104,1.27344,NLD,NZL,842710
4115354,176,166,8917,2015,0.0,9479.0,-1.710939,-1.266333,PNG,NZL,842710
4115355,192,166,8917,2015,63573.0,0.0,2.05613,0.593065,SGP,NZL,842710
4115356,195,166,8917,2015,0.0,11961.0,-1.167451,-0.931206,SLB,NZL,842710
4115357,208,166,8917,2015,3058606.0,0.0,1.8068349999999997,0.693389,SWE,NZL,842710
4115358,216,166,8917,2015,219134.0,0.0,0.965888,1.368572,THA,NZL,842710
4115359,231,166,8917,2015,9610200.0,17105.0,1.720478,-0.129322,USA,NZL,842710
4115360,240,166,8917,2015,0.0,20252.0,-1.6531169999999997,-1.018974,VUT,NZL,842710
4115361,242,166,8917,2015,0.0,28100.0,0.351057,-0.158431,WSM,NZL,842710
4115362,246,166,8917,2015,0.0,1016.0,0.24944699999999997,1.7573159999999999,ZAF,NZL,842710
4115363,249,166,8917,2015,9875.0,0.0,1.962832,1.214982,TWN,NZL,842710
4115364,7,168,8917,2015,11159.0,0.0,0.21779600000000002,-0.0047420000000000006,ARE,PAK,842710
4115365,18,168,8917,2015,3266.0,0.0,1.329866,1.100641,BEL,PAK,842710
4115366,43,168,8917,2015,896347.0,0.0,1.077143,1.735757,CHN,PAK,842710
4115367,59,168,8917,2015,5144.0,0.0,1.743012,0.45424,CZE,PAK,842710
4115368,61,168,8917,2015,1492089.0,0.0,2.203818,-2.307561,DEU,PAK,842710
4115369,74,168,8917,2015,3219.0,0.0,1.597817,0.998059,FIN,PAK,842710
4115370,81,168,8917,2015,154627.0,0.0,1.7422990000000003,0.75838,GBR,PAK,842710
4115371,97,168,8917,2015,13953.0,0.0,0.8255290000000001,1.8017279999999998,HKG,PAK,842710
4115372,106,168,8917,2015,85118.0,0.0,1.304942,0.126431,IRL,PAK,842710
4115373,111,168,8917,2015,58830.0,0.0,1.321127,0.747046,ITA,PAK,842710
4115374,114,168,8917,2015,823080.0,0.0,2.516133,-0.484202,JPN,PAK,842710
4115375,121,168,8917,2015,231690.0,0.0,1.900653,0.859406,KOR,PAK,842710
4115376,162,168,8917,2015,61189.0,0.0,1.230104,1.27344,NLD,PAK,842710
4115377,192,168,8917,2015,18447.0,0.0,2.05613,0.593065,SGP,PAK,842710
4115378,208,168,8917,2015,450212.0,0.0,1.8068349999999997,0.693389,SWE,PAK,842710
4115379,216,168,8917,2015,552038.0,0.0,0.965888,1.368572,THA,PAK,842710
4115380,224,168,8917,2015,15720.0,0.0,0.438669,2.519632,TUR,PAK,842710
4115381,231,168,8917,2015,96309.0,0.0,1.720478,-0.129322,USA,PAK,842710
4115382,249,168,8917,2015,34728.0,0.0,1.962832,1.214982,TWN,PAK,842710
4115383,250,168,8917,2015,550642.0,0.0,0.377283,-0.092204,ANS,PAK,842710
4115384,42,169,8917,2015,56422.0,3916.0,-0.356167,-0.47629399999999994,CHL,PAN,842710
4115385,43,169,8917,2015,1342880.0,0.0,1.077143,1.735757,CHN,PAN,842710
4115386,49,169,8917,2015,74458.0,1622.0,0.156383,-0.183055,COL,PAN,842710
4115387,52,169,8917,2015,3188.0,10342.0,0.24859699999999998,-0.033143,CRI,PAN,842710
4115388,61,169,8917,2015,1131325.0,0.0,2.203818,-2.307561,DEU,PAN,842710
4115389,65,169,8917,2015,0.0,2616.0,-0.212808,0.395873,DOM,PAN,842710
4115390,71,169,8917,2015,12510.0,0.0,0.8173590000000001,2.442556,ESP,PAN,842710
4115391,81,169,8917,2015,119718.0,0.0,1.7422990000000003,0.75838,GBR,PAN,842710
4115392,83,169,8917,2015,0.0,2171.0,-0.750568,-0.690257,GHA,PAN,842710
4115393,106,169,8917,2015,40945.0,0.0,1.304942,0.126431,IRL,PAN,842710
4115394,111,169,8917,2015,237730.0,0.0,1.321127,0.747046,ITA,PAN,842710
4115395,112,169,8917,2015,0.0,2938.0,-0.438267,-0.828097,JAM,PAN,842710
4115396,114,169,8917,2015,36804.0,0.0,2.516133,-0.484202,JPN,PAN,842710
4115397,121,169,8917,2015,274448.0,0.0,1.900653,0.859406,KOR,PAN,842710
4115398,138,169,8917,2015,1620.0,0.0,1.169724,0.61457,MEX,PAN,842710
4115399,160,169,8917,2015,0.0,2956.0,-1.102989,-0.952276,NIC,PAN,842710
4115400,162,169,8917,2015,112477.0,0.0,1.230104,1.27344,NLD,PAN,842710
4115401,173,169,8917,2015,17752.0,0.0,-0.6007819999999999,0.32152800000000004,PER,PAN,842710
4115402,231,169,8917,2015,3417719.0,1338.0,1.720478,-0.129322,USA,PAN,842710
4115403,236,169,8917,2015,0.0,213128.0,-0.9249129999999999,-1.1877280000000001,VEN,PAN,842710
4115404,250,169,8917,2015,44594.0,456504.0,0.377283,-0.092204,ANS,PAN,842710
4115405,18,173,8917,2015,5083.0,0.0,1.329866,1.100641,BEL,PER,842710
4115406,31,173,8917,2015,0.0,47449.0,-1.051562,-1.067714,BOL,PER,842710
4115407,32,173,8917,2015,202750.0,0.0,0.23656799999999997,0.688607,BRA,PER,842710
4115408,42,173,8917,2015,136905.0,14258.0,-0.356167,-0.47629399999999994,CHL,PER,842710
4115409,43,173,8917,2015,1032130.0,0.0,1.077143,1.735757,CHN,PER,842710
4115410,49,173,8917,2015,4152.0,41165.0,0.156383,-0.183055,COL,PER,842710
4115411,61,173,8917,2015,2655063.0,0.0,2.203818,-2.307561,DEU,PER,842710
4115412,67,173,8917,2015,73127.0,0.0,-0.9845959999999999,-1.075639,ECU,PER,842710
4115413,71,173,8917,2015,97414.0,0.0,0.8173590000000001,2.442556,ESP,PER,842710
4115414,77,173,8917,2015,16856.0,0.0,1.479792,0.6490239999999999,FRA,PER,842710
4115415,81,173,8917,2015,18533.0,0.0,1.7422990000000003,0.75838,GBR,PER,842710
4115416,106,173,8917,2015,329264.0,0.0,1.304942,0.126431,IRL,PER,842710
4115417,110,173,8917,2015,56458.0,0.0,1.260071,0.545545,ISR,PER,842710
4115418,111,173,8917,2015,610583.0,0.0,1.321127,0.747046,ITA,PER,842710
4115419,114,173,8917,2015,62994.0,0.0,2.516133,-0.484202,JPN,PER,842710
4115420,162,173,8917,2015,339243.0,0.0,1.230104,1.27344,NLD,PER,842710
4115421,169,173,8917,2015,0.0,17752.0,0.642058,0.833392,PAN,PER,842710
4115422,208,173,8917,2015,678123.0,0.0,1.8068349999999997,0.693389,SWE,PER,842710
4115423,216,173,8917,2015,167010.0,0.0,0.965888,1.368572,THA,PER,842710
4115424,231,173,8917,2015,24237332.0,378976.0,1.720478,-0.129322,USA,PER,842710
4115425,14,174,8917,2015,85539.0,0.0,-0.292325,-0.043489,AUS,PHL,842710
4115426,43,174,8917,2015,10192511.0,0.0,1.077143,1.735757,CHN,PHL,842710
4115427,61,174,8917,2015,1032251.0,0.0,2.203818,-2.307561,DEU,PHL,842710
4115428,77,174,8917,2015,18851.0,0.0,1.479792,0.6490239999999999,FRA,PHL,842710
4115429,81,174,8917,2015,99443.0,0.0,1.7422990000000003,0.75838,GBR,PHL,842710
4115430,97,174,8917,2015,19633.0,0.0,0.8255290000000001,1.8017279999999998,HKG,PHL,842710
4115431,111,174,8917,2015,82472.0,0.0,1.321127,0.747046,ITA,PHL,842710
4115432,114,174,8917,2015,5893755.0,0.0,2.516133,-0.484202,JPN,PHL,842710
4115433,121,174,8917,2015,1630014.0,0.0,1.900653,0.859406,KOR,PHL,842710
4115434,153,174,8917,2015,401914.0,0.0,1.082803,0.811615,MYS,PHL,842710
4115435,162,174,8917,2015,29007.0,0.0,1.230104,1.27344,NLD,PHL,842710
4115436,192,174,8917,2015,3006410.0,0.0,2.05613,0.593065,SGP,PHL,842710
4115437,208,174,8917,2015,984432.0,0.0,1.8068349999999997,0.693389,SWE,PHL,842710
4115438,216,174,8917,2015,1581207.0,0.0,0.965888,1.368572,THA,PHL,842710
4115439,231,174,8917,2015,6335238.0,0.0,1.720478,-0.129322,USA,PHL,842710
4115440,239,174,8917,2015,185518.0,0.0,-0.17108900000000002,1.10995,VNM,PHL,842710
4115441,249,174,8917,2015,338379.0,0.0,1.962832,1.214982,TWN,PHL,842710
4115442,7,177,8917,2015,0.0,7851.0,0.21779600000000002,-0.0047420000000000006,ARE,POL,842710
4115443,14,177,8917,2015,0.0,3106.0,-0.292325,-0.043489,AUS,POL,842710
4115444,15,177,8917,2015,63277.0,43322.0,1.747098,-0.08026699999999999,AUT,POL,842710
4115445,16,177,8917,2015,0.0,56950.0,-0.983347,-1.231542,AZE,POL,842710
4115446,18,177,8917,2015,949484.0,32435.0,1.329866,1.100641,BEL,POL,842710
4115447,23,177,8917,2015,53773.0,182240.0,0.45640699999999995,1.691455,BGR,POL,842710
4115448,28,177,8917,2015,0.0,129033.0,0.672499,0.5584020000000001,BLR,POL,842710
4115449,41,177,8917,2015,146737.0,145485.0,2.306075,0.720781,CHE,POL,842710
4115450,43,177,8917,2015,3670719.0,30990.0,1.077143,1.735757,CHN,POL,842710
4115451,49,177,8917,2015,0.0,3302.0,0.156383,-0.183055,COL,POL,842710
4115452,59,177,8917,2015,2220370.0,194004.0,1.743012,0.45424,CZE,POL,842710
4115453,61,177,8917,2015,86680056.0,1746572.0,2.203818,-2.307561,DEU,POL,842710
4115454,64,177,8917,2015,998572.0,371325.0,1.157924,1.2045629999999998,DNK,POL,842710
4115455,68,177,8917,2015,0.0,4963.0,-0.183053,1.765036,EGY,POL,842710
4115456,71,177,8917,2015,5028120.0,98133.0,0.8173590000000001,2.442556,ESP,POL,842710
4115457,72,177,8917,2015,0.0,55196.0,0.9281149999999999,1.1780389999999998,EST,POL,842710
4115458,74,177,8917,2015,1035802.0,0.0,1.597817,0.998059,FIN,POL,842710
4115459,77,177,8917,2015,9245374.0,258469.0,1.479792,0.6490239999999999,FRA,POL,842710
4115460,81,177,8917,2015,4901330.0,167238.0,1.7422990000000003,0.75838,GBR,POL,842710
4115461,82,177,8917,2015,0.0,8180.0,-0.343663,-0.588017,GEO,POL,842710
4115462,90,177,8917,2015,0.0,38418.0,0.099027,1.012289,GRC,POL,842710
4115463,100,177,8917,2015,0.0,122996.0,0.7590140000000001,1.257415,HRV,POL,842710
4115464,102,177,8917,2015,225889.0,433779.0,1.462839,0.803258,HUN,POL,842710
4115465,106,177,8917,2015,508574.0,0.0,1.304942,0.126431,IRL,POL,842710
4115466,111,177,8917,2015,22723240.0,154321.0,1.321127,0.747046,ITA,POL,842710
4115467,114,177,8917,2015,48973.0,0.0,2.516133,-0.484202,JPN,POL,842710
4115468,115,177,8917,2015,0.0,43425.0,-0.45091499999999995,-0.652026,KAZ,POL,842710
4115469,121,177,8917,2015,1512135.0,0.0,1.900653,0.859406,KOR,POL,842710
4115470,124,177,8917,2015,0.0,3992.0,0.317355,1.330374,LBN,POL,842710
4115471,126,177,8917,2015,0.0,3995.0,-1.3257219999999998,-1.260453,LBY,POL,842710
4115472,130,177,8917,2015,31693.0,68453.0,0.749429,1.3659860000000001,LTU,POL,842710
4115473,132,177,8917,2015,0.0,18174.0,0.602209,1.125357,LVA,POL,842710
4115474,134,177,8917,2015,0.0,8481.0,-0.7554810000000001,-0.059697,MAR,POL,842710
4115475,135,177,8917,2015,0.0,17500.0,-0.313837,-0.20393,MDA,POL,842710
4115476,138,177,8917,2015,0.0,4961.0,1.169724,0.61457,MEX,POL,842710
4115477,140,177,8917,2015,0.0,4795.0,-0.09009600000000001,-0.147359,MKD,POL,842710
4115478,159,177,8917,2015,0.0,33276.0,-1.415451,-1.157829,NGA,POL,842710
4115479,162,177,8917,2015,2091073.0,218768.0,1.230104,1.27344,NLD,POL,842710
4115480,163,177,8917,2015,51094.0,63728.0,0.950708,0.314339,NOR,POL,842710
4115481,179,177,8917,2015,20422.0,0.0,0.561922,2.2276380000000002,PRT,POL,842710
4115482,185,177,8917,2015,2259866.0,330691.0,0.946363,1.056775,ROU,POL,842710
4115483,186,177,8917,2015,3217.0,462459.0,0.23119,0.035965,RUS,POL,842710
4115484,188,177,8917,2015,0.0,20029.0,0.5552520000000001,-0.7263229999999999,SAU,POL,842710
4115485,201,177,8917,2015,0.0,47276.0,0.457042,1.324908,SRB,POL,842710
4115486,206,177,8917,2015,40639.0,272644.0,1.287133,0.7900560000000001,SVK,POL,842710
4115487,207,177,8917,2015,0.0,16705.0,1.6089879999999999,0.833616,SVN,POL,842710
4115488,208,177,8917,2015,24524934.0,0.0,1.8068349999999997,0.693389,SWE,POL,842710
4115489,224,177,8917,2015,2144.0,9907.0,0.438669,2.519632,TUR,POL,842710
4115490,228,177,8917,2015,12243.0,1482356.0,0.429879,0.701813,UKR,POL,842710
4115491,231,177,8917,2015,2786787.0,0.0,1.720478,-0.129322,USA,POL,842710
4115492,232,177,8917,2015,0.0,102324.0,-0.724966,-0.599292,UZB,POL,842710
4115493,250,177,8917,2015,34559.0,0.0,0.377283,-0.092204,ANS,POL,842710
4115494,2,179,8917,2015,40659.0,1401063.0,-1.6542,-1.2598989999999999,AGO,PRT,842710
4115495,7,179,8917,2015,0.0,311253.0,0.21779600000000002,-0.0047420000000000006,ARE,PRT,842710
4115496,18,179,8917,2015,505726.0,121009.0,1.329866,1.100641,BEL,PRT,842710
4115497,41,179,8917,2015,1244.0,2933.0,2.306075,0.720781,CHE,PRT,842710
4115498,43,179,8917,2015,911426.0,0.0,1.077143,1.735757,CHN,PRT,842710
4115499,47,179,8917,2015,0.0,33218.0,-1.294823,-1.18811,COG,PRT,842710
4115500,49,179,8917,2015,0.0,232336.0,0.156383,-0.183055,COL,PRT,842710
4115501,51,179,8917,2015,0.0,108473.0,-0.263621,-0.772158,CPV,PRT,842710
4115502,59,179,8917,2015,38458.0,12069.0,1.743012,0.45424,CZE,PRT,842710
4115503,61,179,8917,2015,11294357.0,291580.0,2.203818,-2.307561,DEU,PRT,842710
4115504,64,179,8917,2015,43885.0,0.0,1.157924,1.2045629999999998,DNK,PRT,842710
4115505,66,179,8917,2015,0.0,1606.0,-1.54346,-1.255633,DZA,PRT,842710
4115506,71,179,8917,2015,12776620.0,362753.0,0.8173590000000001,2.442556,ESP,PRT,842710
4115507,74,179,8917,2015,0.0,36510.0,1.597817,0.998059,FIN,PRT,842710
4115508,77,179,8917,2015,1889512.0,65197.0,1.479792,0.6490239999999999,FRA,PRT,842710
4115509,81,179,8917,2015,1362960.0,9896.0,1.7422990000000003,0.75838,GBR,PRT,842710
4115510,83,179,8917,2015,0.0,21880.0,-0.750568,-0.690257,GHA,PRT,842710
4115511,88,179,8917,2015,0.0,5002.0,-2.6546,-1.010989,GNB,PRT,842710
4115512,102,179,8917,2015,59694.0,1559.0,1.462839,0.803258,HUN,PRT,842710
4115513,106,179,8917,2015,169832.0,0.0,1.304942,0.126431,IRL,PRT,842710
4115514,110,179,8917,2015,0.0,51396.0,1.260071,0.545545,ISR,PRT,842710
4115515,111,179,8917,2015,5927474.0,10238.0,1.321127,0.747046,ITA,PRT,842710
4115516,121,179,8917,2015,334711.0,0.0,1.900653,0.859406,KOR,PRT,842710
4115517,132,179,8917,2015,15231.0,0.0,0.602209,1.125357,LVA,PRT,842710
4115518,134,179,8917,2015,0.0,24644.0,-0.7554810000000001,-0.059697,MAR,PRT,842710
4115519,142,179,8917,2015,22334.0,68930.0,0.880893,-0.117585,MLT,PRT,842710
4115520,147,179,8917,2015,0.0,307168.0,-1.293809,-1.115069,MOZ,PRT,842710
4115521,162,179,8917,2015,1727366.0,51764.0,1.230104,1.27344,NLD,PRT,842710
4115522,163,179,8917,2015,20380.0,0.0,0.950708,0.314339,NOR,PRT,842710
4115523,177,179,8917,2015,0.0,20422.0,1.145844,1.1449280000000002,POL,PRT,842710
4115524,203,179,8917,2015,0.0,12247.0,1.051934,-0.304408,STP,PRT,842710
4115525,206,179,8917,2015,0.0,69460.0,1.287133,0.7900560000000001,SVK,PRT,842710
4115526,208,179,8917,2015,4716365.0,21324.0,1.8068349999999997,0.693389,SWE,PRT,842710
4115527,230,179,8917,2015,30379.0,0.0,0.273876,-0.363695,URY,PRT,842710
4115528,231,179,8917,2015,600329.0,0.0,1.720478,-0.129322,USA,PRT,842710
4115529,18,180,8917,2015,1698.0,0.0,1.329866,1.100641,BEL,PRY,842710
4115530,32,180,8917,2015,409124.0,0.0,0.23656799999999997,0.688607,BRA,PRY,842710
4115531,42,180,8917,2015,63577.0,0.0,-0.356167,-0.47629399999999994,CHL,PRY,842710
4115532,43,180,8917,2015,111823.0,0.0,1.077143,1.735757,CHN,PRY,842710
4115533,59,180,8917,2015,41021.0,0.0,1.743012,0.45424,CZE,PRY,842710
4115534,61,180,8917,2015,474571.0,0.0,2.203818,-2.307561,DEU,PRY,842710
4115535,71,180,8917,2015,46193.0,0.0,0.8173590000000001,2.442556,ESP,PRY,842710
4115536,77,180,8917,2015,29938.0,0.0,1.479792,0.6490239999999999,FRA,PRY,842710
4115537,111,180,8917,2015,10193.0,0.0,1.321127,0.747046,ITA,PRY,842710
4115538,114,180,8917,2015,14403.0,0.0,2.516133,-0.484202,JPN,PRY,842710
4115539,121,180,8917,2015,121760.0,0.0,1.900653,0.859406,KOR,PRY,842710
4115540,230,180,8917,2015,222723.0,0.0,0.273876,-0.363695,URY,PRY,842710
4115541,231,180,8917,2015,152049.0,0.0,1.720478,-0.129322,USA,PRY,842710
4115542,43,181,8917,2015,267633.0,0.0,1.077143,1.735757,CHN,PSE,842710
4115543,111,181,8917,2015,1227.0,0.0,1.321127,0.747046,ITA,PSE,842710
4115544,7,188,8917,2015,809470.0,69084.0,0.21779600000000002,-0.0047420000000000006,ARE,SAU,842710
4115545,18,188,8917,2015,25016.0,0.0,1.329866,1.100641,BEL,SAU,842710
4115546,24,188,8917,2015,73307.0,33608.0,0.36650900000000003,-0.28735,BHR,SAU,842710
4115547,39,188,8917,2015,14749.0,0.0,0.695867,1.171676,CAN,SAU,842710
4115548,43,188,8917,2015,4875740.0,0.0,1.077143,1.735757,CHN,SAU,842710
4115549,59,188,8917,2015,110402.0,0.0,1.743012,0.45424,CZE,SAU,842710
4115550,61,188,8917,2015,9801475.0,2092.0,2.203818,-2.307561,DEU,SAU,842710
4115551,64,188,8917,2015,24276.0,0.0,1.157924,1.2045629999999998,DNK,SAU,842710
4115552,71,188,8917,2015,32982.0,0.0,0.8173590000000001,2.442556,ESP,SAU,842710
4115553,74,188,8917,2015,113190.0,0.0,1.597817,0.998059,FIN,SAU,842710
4115554,77,188,8917,2015,882785.0,0.0,1.479792,0.6490239999999999,FRA,SAU,842710
4115555,81,188,8917,2015,3938184.0,0.0,1.7422990000000003,0.75838,GBR,SAU,842710
4115556,106,188,8917,2015,373379.0,0.0,1.304942,0.126431,IRL,SAU,842710
4115557,111,188,8917,2015,3945547.0,2289.0,1.321127,0.747046,ITA,SAU,842710
4115558,114,188,8917,2015,4202656.0,0.0,2.516133,-0.484202,JPN,SAU,842710
4115559,121,188,8917,2015,457534.0,0.0,1.900653,0.859406,KOR,SAU,842710
4115560,122,188,8917,2015,40559.0,0.0,-0.352023,-1.153057,KWT,SAU,842710
4115561,153,188,8917,2015,39614.0,0.0,1.082803,0.811615,MYS,SAU,842710
4115562,162,188,8917,2015,574507.0,0.0,1.230104,1.27344,NLD,SAU,842710
4115563,177,188,8917,2015,20029.0,0.0,1.145844,1.1449280000000002,POL,SAU,842710
4115564,183,188,8917,2015,0.0,65910.0,-0.077053,-0.9922719999999999,QAT,SAU,842710
4115565,208,188,8917,2015,7088476.0,0.0,1.8068349999999997,0.693389,SWE,SAU,842710
4115566,216,188,8917,2015,1208344.0,0.0,0.965888,1.368572,THA,SAU,842710
4115567,224,188,8917,2015,158426.0,0.0,0.438669,2.519632,TUR,SAU,842710
4115568,231,188,8917,2015,5576743.0,0.0,1.720478,-0.129322,USA,SAU,842710
4115569,249,188,8917,2015,12415.0,0.0,1.962832,1.214982,TWN,SAU,842710
4115570,250,188,8917,2015,144485.0,0.0,0.377283,-0.092204,ANS,SAU,842710
4115571,7,190,8917,2015,105971.0,0.0,0.21779600000000002,-0.0047420000000000006,ARE,SDN,842710
4115572,43,190,8917,2015,73833.0,0.0,1.077143,1.735757,CHN,SDN,842710
4115573,61,190,8917,2015,26088.0,0.0,2.203818,-2.307561,DEU,SDN,842710
4115574,77,190,8917,2015,7869.0,0.0,1.479792,0.6490239999999999,FRA,SDN,842710
4115575,111,190,8917,2015,215625.0,0.0,1.321127,0.747046,ITA,SDN,842710
4115576,121,190,8917,2015,15555.0,0.0,1.900653,0.859406,KOR,SDN,842710
4115577,207,190,8917,2015,8452.0,0.0,1.6089879999999999,0.833616,SVN,SDN,842710
4115578,208,190,8917,2015,2861.0,0.0,1.8068349999999997,0.693389,SWE,SDN,842710
4115579,224,190,8917,2015,23564.0,0.0,0.438669,2.519632,TUR,SDN,842710
4115580,7,192,8917,2015,12809.0,5623.0,0.21779600000000002,-0.0047420000000000006,ARE,SGP,842710
4115581,14,192,8917,2015,259312.0,27231.0,-0.292325,-0.043489,AUS,SGP,842710
4115582,15,192,8917,2015,0.0,22724.0,1.747098,-0.08026699999999999,AUT,SGP,842710
4115583,18,192,8917,2015,219976.0,46273.0,1.329866,1.100641,BEL,SGP,842710
4115584,22,192,8917,2015,0.0,217291.0,-1.088465,-0.8745360000000001,BGD,SGP,842710
4115585,32,192,8917,2015,315196.0,92580.0,0.23656799999999997,0.688607,BRA,SGP,842710
4115586,34,192,8917,2015,0.0,41014.0,1.093564,-0.679211,BRN,SGP,842710
4115587,39,192,8917,2015,659594.0,0.0,0.695867,1.171676,CAN,SGP,842710
4115588,42,192,8917,2015,0.0,21644.0,-0.356167,-0.47629399999999994,CHL,SGP,842710
4115589,43,192,8917,2015,16268567.0,184455.0,1.077143,1.735757,CHN,SGP,842710
4115590,61,192,8917,2015,9750801.0,17894.0,2.203818,-2.307561,DEU,SGP,842710
4115591,64,192,8917,2015,78484.0,0.0,1.157924,1.2045629999999998,DNK,SGP,842710
4115592,77,192,8917,2015,175003.0,0.0,1.479792,0.6490239999999999,FRA,SGP,842710
4115593,81,192,8917,2015,274985.0,19557.0,1.7422990000000003,0.75838,GBR,SGP,842710
4115594,97,192,8917,2015,17802.0,63204.0,0.8255290000000001,1.8017279999999998,HKG,SGP,842710
4115595,103,192,8917,2015,277886.0,1851800.0,-0.145103,1.277362,IDN,SGP,842710
4115596,104,192,8917,2015,0.0,280512.0,0.24230900000000002,2.8190880000000003,IND,SGP,842710
4115597,106,192,8917,2015,382368.0,0.0,1.304942,0.126431,IRL,SGP,842710
4115598,111,192,8917,2015,243134.0,0.0,1.321127,0.747046,ITA,SGP,842710
4115599,114,192,8917,2015,7459448.0,27666.0,2.516133,-0.484202,JPN,SGP,842710
4115600,118,192,8917,2015,0.0,42338.0,-0.791985,-0.833046,KHM,SGP,842710
4115601,121,192,8917,2015,148768.0,20557.0,1.900653,0.859406,KOR,SGP,842710
4115602,128,192,8917,2015,0.0,214288.0,-0.6773399999999999,0.386343,LKA,SGP,842710
4115603,137,192,8917,2015,0.0,37505.0,-0.321571,-0.858751,MDV,SGP,842710
4115604,138,192,8917,2015,5507.0,25648.0,1.169724,0.61457,MEX,SGP,842710
4115605,143,192,8917,2015,0.0,324361.0,-1.4596120000000001,-0.903904,MMR,SGP,842710
4115606,151,192,8917,2015,0.0,30902.0,-0.231762,-0.195051,MUS,SGP,842710
4115607,153,192,8917,2015,261269.0,2113752.0,1.082803,0.811615,MYS,SGP,842710
4115608,156,192,8917,2015,0.0,5250.0,-0.727911,-0.844562,NCL,SGP,842710
4115609,159,192,8917,2015,0.0,50625.0,-1.415451,-1.157829,NGA,SGP,842710
4115610,162,192,8917,2015,143091.0,72185.0,1.230104,1.27344,NLD,SGP,842710
4115611,166,192,8917,2015,0.0,63573.0,0.224598,0.253179,NZL,SGP,842710
4115612,168,192,8917,2015,0.0,18447.0,-0.7059979999999999,0.73501,PAK,SGP,842710
4115613,174,192,8917,2015,0.0,3006410.0,0.6406270000000001,0.45770200000000005,PHL,SGP,842710
4115614,182,192,8917,2015,0.0,10497.0,-0.301696,-0.795154,PYF,SGP,842710
4115615,185,192,8917,2015,100906.0,0.0,0.946363,1.056775,ROU,SGP,842710
4115616,208,192,8917,2015,2755261.0,0.0,1.8068349999999997,0.693389,SWE,SGP,842710
4115617,211,192,8917,2015,0.0,133597.0,1.017467,-0.285569,SYC,SGP,842710
4115618,216,192,8917,2015,1894117.0,92115.0,0.965888,1.368572,THA,SGP,842710
4115619,220,192,8917,2015,0.0,29188.0,-0.878657,-0.9064450000000001,TLS,SGP,842710
4115620,231,192,8917,2015,14791435.0,12108.0,1.720478,-0.129322,USA,SGP,842710
4115621,239,192,8917,2015,0.0,1317187.0,-0.17108900000000002,1.10995,VNM,SGP,842710
4115622,246,192,8917,2015,0.0,8469.0,0.24944699999999997,1.7573159999999999,ZAF,SGP,842710
4115623,249,192,8917,2015,200080.0,29651.0,1.962832,1.214982,TWN,SGP,842710
4115624,43,197,8917,2015,81787.0,0.0,1.077143,1.735757,CHN,SLV,842710
4115625,52,197,8917,2015,0.0,11586.0,0.24859699999999998,-0.033143,CRI,SLV,842710
4115626,61,197,8917,2015,311581.0,0.0,2.203818,-2.307561,DEU,SLV,842710
4115627,71,197,8917,2015,19167.0,0.0,0.8173590000000001,2.442556,ESP,SLV,842710
4115628,81,197,8917,2015,25428.0,0.0,1.7422990000000003,0.75838,GBR,SLV,842710
4115629,93,197,8917,2015,23096.0,17847.0,-0.284403,0.525564,GTM,SLV,842710
4115630,99,197,8917,2015,0.0,16352.0,-0.578635,-0.292053,HND,SLV,842710
4115631,114,197,8917,2015,28743.0,0.0,2.516133,-0.484202,JPN,SLV,842710
4115632,121,197,8917,2015,154927.0,0.0,1.900653,0.859406,KOR,SLV,842710
4115633,160,197,8917,2015,5686.0,0.0,-1.102989,-0.952276,NIC,SLV,842710
4115634,162,197,8917,2015,155226.0,0.0,1.230104,1.27344,NLD,SLV,842710
4115635,231,197,8917,2015,772899.0,0.0,1.720478,-0.129322,USA,SLV,842710
4115636,39,205,8917,2015,17009.0,0.0,0.695867,1.171676,CAN,SUR,842710
4115637,43,205,8917,2015,17090.0,0.0,1.077143,1.735757,CHN,SUR,842710
4115638,61,205,8917,2015,28934.0,0.0,2.203818,-2.307561,DEU,SUR,842710
4115639,114,205,8917,2015,3464.0,0.0,2.516133,-0.484202,JPN,SUR,842710
4115640,162,205,8917,2015,64324.0,0.0,1.230104,1.27344,NLD,SUR,842710
4115641,178,205,8917,2015,128080.0,0.0,-0.404818,-0.075235,PRK,SUR,842710
4115642,231,205,8917,2015,305984.0,0.0,1.720478,-0.129322,USA,SUR,842710
4115643,2,208,8917,2015,0.0,275782.0,-1.6542,-1.2598989999999999,AGO,SWE,842710
4115644,4,208,8917,2015,0.0,2052.0,-0.601875,-0.27003,ALB,SWE,842710
4115645,7,208,8917,2015,0.0,2996647.0,0.21779600000000002,-0.0047420000000000006,ARE,SWE,842710
4115646,8,208,8917,2015,0.0,3921844.0,0.116896,0.30330999999999997,ARG,SWE,842710
4115647,14,208,8917,2015,0.0,9288548.0,-0.292325,-0.043489,AUS,SWE,842710
4115648,15,208,8917,2015,474917.0,7958778.0,1.747098,-0.08026699999999999,AUT,SWE,842710
4115649,16,208,8917,2015,0.0,29595.0,-0.983347,-1.231542,AZE,SWE,842710
4115650,18,208,8917,2015,19893936.0,107762080.0,1.329866,1.100641,BEL,SWE,842710
4115651,22,208,8917,2015,0.0,600248.0,-1.088465,-0.8745360000000001,BGD,SWE,842710
4115652,23,208,8917,2015,0.0,1117398.0,0.45640699999999995,1.691455,BGR,SWE,842710
4115653,24,208,8917,2015,0.0,133902.0,0.36650900000000003,-0.28735,BHR,SWE,842710
4115654,26,208,8917,2015,14720.0,48537.0,0.355903,0.723092,BIH,SWE,842710
4115655,28,208,8917,2015,0.0,820640.0,0.672499,0.5584020000000001,BLR,SWE,842710
4115656,31,208,8917,2015,0.0,16587.0,-1.051562,-1.067714,BOL,SWE,842710
4115657,32,208,8917,2015,0.0,5685388.0,0.23656799999999997,0.688607,BRA,SWE,842710
4115658,39,208,8917,2015,845387.0,2889702.0,0.695867,1.171676,CAN,SWE,842710
4115659,41,208,8917,2015,22042.0,5357816.0,2.306075,0.720781,CHE,SWE,842710
4115660,42,208,8917,2015,0.0,2448942.0,-0.356167,-0.47629399999999994,CHL,SWE,842710
4115661,43,208,8917,2015,2505691.0,7748186.0,1.077143,1.735757,CHN,SWE,842710
4115662,44,208,8917,2015,0.0,30559.0,-0.856142,-0.905292,CIV,SWE,842710
4115663,49,208,8917,2015,0.0,708832.0,0.156383,-0.183055,COL,SWE,842710
4115664,59,208,8917,2015,225755.0,13320596.0,1.743012,0.45424,CZE,SWE,842710
4115665,61,208,8917,2015,53777856.0,78227704.0,2.203818,-2.307561,DEU,SWE,842710
4115666,64,208,8917,2015,1291472.0,23293524.0,1.157924,1.2045629999999998,DNK,SWE,842710
4115667,66,208,8917,2015,0.0,915042.0,-1.54346,-1.255633,DZA,SWE,842710
4115668,67,208,8917,2015,0.0,28959.0,-0.9845959999999999,-1.075639,ECU,SWE,842710
4115669,68,208,8917,2015,0.0,953197.0,-0.183053,1.765036,EGY,SWE,842710
4115670,71,208,8917,2015,15645.0,35764608.0,0.8173590000000001,2.442556,ESP,SWE,842710
4115671,72,208,8917,2015,4408.0,268125.0,0.9281149999999999,1.1780389999999998,EST,SWE,842710
4115672,74,208,8917,2015,923349.0,6612769.0,1.597817,0.998059,FIN,SWE,842710
4115673,77,208,8917,2015,7668559.0,17787842.0,1.479792,0.6490239999999999,FRA,SWE,842710
4115674,81,208,8917,2015,1495060.0,64469252.0,1.7422990000000003,0.75838,GBR,SWE,842710
4115675,82,208,8917,2015,0.0,12541.0,-0.343663,-0.588017,GEO,SWE,842710
4115676,87,208,8917,2015,0.0,2653.0,-0.984775,-0.877886,GMB,SWE,842710
4115677,90,208,8917,2015,0.0,2833680.0,0.099027,1.012289,GRC,SWE,842710
4115678,97,208,8917,2015,0.0,90726.0,0.8255290000000001,1.8017279999999998,HKG,SWE,842710
4115679,100,208,8917,2015,0.0,541922.0,0.7590140000000001,1.257415,HRV,SWE,842710
4115680,102,208,8917,2015,0.0,4271259.0,1.462839,0.803258,HUN,SWE,842710
4115681,103,208,8917,2015,0.0,1204285.0,-0.145103,1.277362,IDN,SWE,842710
4115682,104,208,8917,2015,0.0,2798685.0,0.24230900000000002,2.8190880000000003,IND,SWE,842710
4115683,106,208,8917,2015,0.0,1694135.0,1.304942,0.126431,IRL,SWE,842710
4115684,108,208,8917,2015,0.0,29654.0,-1.465803,-0.912113,IRQ,SWE,842710
4115685,109,208,8917,2015,0.0,496982.0,0.24527600000000002,-0.411616,ISL,SWE,842710
4115686,110,208,8917,2015,0.0,5768002.0,1.260071,0.545545,ISR,SWE,842710
4115687,111,208,8917,2015,5470698.0,43741272.0,1.321127,0.747046,ITA,SWE,842710
4115688,113,208,8917,2015,0.0,201936.0,0.121172,0.457301,JOR,SWE,842710
4115689,114,208,8917,2015,24109.0,2176596.0,2.516133,-0.484202,JPN,SWE,842710
4115690,115,208,8917,2015,0.0,248477.0,-0.45091499999999995,-0.652026,KAZ,SWE,842710
4115691,116,208,8917,2015,0.0,130817.0,-0.453564,0.433325,KEN,SWE,842710
4115692,121,208,8917,2015,187285.0,849874.0,1.900653,0.859406,KOR,SWE,842710
4115693,122,208,8917,2015,0.0,1427356.0,-0.352023,-1.153057,KWT,SWE,842710
4115694,124,208,8917,2015,1681.0,257708.0,0.317355,1.330374,LBN,SWE,842710
4115695,128,208,8917,2015,0.0,279552.0,-0.6773399999999999,0.386343,LKA,SWE,842710
4115696,130,208,8917,2015,0.0,787480.0,0.749429,1.3659860000000001,LTU,SWE,842710
4115697,131,208,8917,2015,575740.0,81488.0,1.218924,1.247152,LUX,SWE,842710
4115698,132,208,8917,2015,0.0,4144035.0,0.602209,1.125357,LVA,SWE,842710
4115699,134,208,8917,2015,0.0,722235.0,-0.7554810000000001,-0.059697,MAR,SWE,842710
4115700,138,208,8917,2015,0.0,271215.0,1.169724,0.61457,MEX,SWE,842710
4115701,140,208,8917,2015,0.0,111774.0,-0.09009600000000001,-0.147359,MKD,SWE,842710
4115702,141,208,8917,2015,0.0,832564.0,-0.744236,-0.9441860000000001,MLI,SWE,842710
4115703,142,208,8917,2015,0.0,192788.0,0.880893,-0.117585,MLT,SWE,842710
4115704,144,208,8917,2015,0.0,2189.0,-0.048385000000000004,-0.150759,MNE,SWE,842710
4115705,151,208,8917,2015,0.0,117968.0,-0.231762,-0.195051,MUS,SWE,842710
4115706,153,208,8917,2015,19414.0,3492050.0,1.082803,0.811615,MYS,SWE,842710
4115707,159,208,8917,2015,0.0,451333.0,-1.415451,-1.157829,NGA,SWE,842710
4115708,162,208,8917,2015,1284551.0,12272037.0,1.230104,1.27344,NLD,SWE,842710
4115709,163,208,8917,2015,342294.0,15236935.0,0.950708,0.314339,NOR,SWE,842710
4115710,166,208,8917,2015,0.0,3058606.0,0.224598,0.253179,NZL,SWE,842710
4115711,167,208,8917,2015,0.0,305695.0,-0.4699,-1.00451,OMN,SWE,842710
4115712,168,208,8917,2015,0.0,450212.0,-0.7059979999999999,0.73501,PAK,SWE,842710
4115713,173,208,8917,2015,0.0,678123.0,-0.6007819999999999,0.32152800000000004,PER,SWE,842710
4115714,174,208,8917,2015,0.0,984432.0,0.6406270000000001,0.45770200000000005,PHL,SWE,842710
4115715,177,208,8917,2015,0.0,24524934.0,1.145844,1.1449280000000002,POL,SWE,842710
4115716,179,208,8917,2015,21324.0,4716365.0,0.561922,2.2276380000000002,PRT,SWE,842710
4115717,183,208,8917,2015,0.0,639494.0,-0.077053,-0.9922719999999999,QAT,SWE,842710
4115718,185,208,8917,2015,0.0,4345149.0,0.946363,1.056775,ROU,SWE,842710
4115719,186,208,8917,2015,0.0,7250180.0,0.23119,0.035965,RUS,SWE,842710
4115720,188,208,8917,2015,0.0,7088476.0,0.5552520000000001,-0.7263229999999999,SAU,SWE,842710
4115721,190,208,8917,2015,0.0,2861.0,-1.420356,-1.218424,SDN,SWE,842710
4115722,191,208,8917,2015,0.0,59416.0,-0.708349,-0.296663,SEN,SWE,842710
4115723,192,208,8917,2015,0.0,2755261.0,2.05613,0.593065,SGP,SWE,842710
4115724,201,208,8917,2015,0.0,900218.0,0.457042,1.324908,SRB,SWE,842710
4115725,206,208,8917,2015,0.0,6494602.0,1.287133,0.7900560000000001,SVK,SWE,842710
4115726,207,208,8917,2015,0.0,291616.0,1.6089879999999999,0.833616,SVN,SWE,842710
4115727,216,208,8917,2015,0.0,8941958.0,0.965888,1.368572,THA,SWE,842710
4115728,222,208,8917,2015,0.0,54282.0,-0.462837,-1.117621,TTO,SWE,842710
4115729,223,208,8917,2015,0.0,935971.0,0.140202,0.967591,TUN,SWE,842710
4115730,224,208,8917,2015,2990.0,4465060.0,0.438669,2.519632,TUR,SWE,842710
4115731,226,208,8917,2015,0.0,22989.0,-1.02395,-0.017509999999999998,TZA,SWE,842710
4115732,228,208,8917,2015,0.0,593898.0,0.429879,0.701813,UKR,SWE,842710
4115733,230,208,8917,2015,0.0,100023.0,0.273876,-0.363695,URY,SWE,842710
4115734,231,208,8917,2015,7544334.0,2709993.0,1.720478,-0.129322,USA,SWE,842710
4115735,236,208,8917,2015,0.0,250366.0,-0.9249129999999999,-1.1877280000000001,VEN,SWE,842710
4115736,239,208,8917,2015,0.0,120706.0,-0.17108900000000002,1.10995,VNM,SWE,842710
4115737,246,208,8917,2015,0.0,5228355.0,0.24944699999999997,1.7573159999999999,ZAF,SWE,842710
4115738,247,208,8917,2015,0.0,1387.0,-0.44792,-0.769586,ZMB,SWE,842710
4115739,249,208,8917,2015,0.0,1579329.0,1.962832,1.214982,TWN,SWE,842710
4115740,7,216,8917,2015,0.0,470934.0,0.21779600000000002,-0.0047420000000000006,ARE,THA,842710
4115741,14,216,8917,2015,0.0,2616964.0,-0.292325,-0.043489,AUS,THA,842710
4115742,18,216,8917,2015,22166.0,0.0,1.329866,1.100641,BEL,THA,842710
4115743,22,216,8917,2015,0.0,142772.0,-1.088465,-0.8745360000000001,BGD,THA,842710
4115744,24,216,8917,2015,0.0,16922.0,0.36650900000000003,-0.28735,BHR,THA,842710
4115745,28,216,8917,2015,0.0,1806.0,0.672499,0.5584020000000001,BLR,THA,842710
4115746,39,216,8917,2015,7665.0,0.0,0.695867,1.171676,CAN,THA,842710
4115747,42,216,8917,2015,0.0,150967.0,-0.356167,-0.47629399999999994,CHL,THA,842710
4115748,43,216,8917,2015,21972342.0,16358.0,1.077143,1.735757,CHN,THA,842710
4115749,61,216,8917,2015,4765641.0,26825.0,2.203818,-2.307561,DEU,THA,842710
4115750,64,216,8917,2015,6344.0,0.0,1.157924,1.2045629999999998,DNK,THA,842710
4115751,71,216,8917,2015,98377.0,0.0,0.8173590000000001,2.442556,ESP,THA,842710
4115752,72,216,8917,2015,0.0,203788.0,0.9281149999999999,1.1780389999999998,EST,THA,842710
4115753,74,216,8917,2015,35039.0,0.0,1.597817,0.998059,FIN,THA,842710
4115754,77,216,8917,2015,913677.0,0.0,1.479792,0.6490239999999999,FRA,THA,842710
4115755,81,216,8917,2015,35358.0,0.0,1.7422990000000003,0.75838,GBR,THA,842710
4115756,103,216,8917,2015,0.0,1578853.0,-0.145103,1.277362,IDN,THA,842710
4115757,104,216,8917,2015,0.0,204404.0,0.24230900000000002,2.8190880000000003,IND,THA,842710
4115758,106,216,8917,2015,94220.0,0.0,1.304942,0.126431,IRL,THA,842710
4115759,111,216,8917,2015,953101.0,0.0,1.321127,0.747046,ITA,THA,842710
4115760,114,216,8917,2015,21061304.0,181644.0,2.516133,-0.484202,JPN,THA,842710
4115761,118,216,8917,2015,0.0,151291.0,-0.791985,-0.833046,KHM,THA,842710
4115762,121,216,8917,2015,639930.0,5476058.0,1.900653,0.859406,KOR,THA,842710
4115763,122,216,8917,2015,0.0,64524.0,-0.352023,-1.153057,KWT,THA,842710
4115764,123,216,8917,2015,0.0,470861.0,-0.927524,-0.74525,LAO,THA,842710
4115765,128,216,8917,2015,0.0,375750.0,-0.6773399999999999,0.386343,LKA,THA,842710
4115766,143,216,8917,2015,0.0,142762.0,-1.4596120000000001,-0.903904,MMR,THA,842710
4115767,153,216,8917,2015,342465.0,1328234.0,1.082803,0.811615,MYS,THA,842710
4115768,162,216,8917,2015,247151.0,0.0,1.230104,1.27344,NLD,THA,842710
4115769,166,216,8917,2015,0.0,219134.0,0.224598,0.253179,NZL,THA,842710
4115770,167,216,8917,2015,0.0,66323.0,-0.4699,-1.00451,OMN,THA,842710
4115771,168,216,8917,2015,0.0,552038.0,-0.7059979999999999,0.73501,PAK,THA,842710
4115772,173,216,8917,2015,0.0,167010.0,-0.6007819999999999,0.32152800000000004,PER,THA,842710
4115773,174,216,8917,2015,0.0,1581207.0,0.6406270000000001,0.45770200000000005,PHL,THA,842710
4115774,182,216,8917,2015,0.0,15127.0,-0.301696,-0.795154,PYF,THA,842710
4115775,183,216,8917,2015,0.0,47626.0,-0.077053,-0.9922719999999999,QAT,THA,842710
4115776,186,216,8917,2015,0.0,257800.0,0.23119,0.035965,RUS,THA,842710
4115777,188,216,8917,2015,0.0,1208344.0,0.5552520000000001,-0.7263229999999999,SAU,THA,842710
4115778,192,216,8917,2015,92115.0,1894117.0,2.05613,0.593065,SGP,THA,842710
4115779,208,216,8917,2015,8941958.0,0.0,1.8068349999999997,0.693389,SWE,THA,842710
4115780,231,216,8917,2015,6365438.0,0.0,1.720478,-0.129322,USA,THA,842710
4115781,239,216,8917,2015,0.0,1206293.0,-0.17108900000000002,1.10995,VNM,THA,842710
4115782,246,216,8917,2015,0.0,564393.0,0.24944699999999997,1.7573159999999999,ZAF,THA,842710
4115783,249,216,8917,2015,243896.0,1209968.0,1.962832,1.214982,TWN,THA,842710
4115784,7,222,8917,2015,0.0,407.0,0.21779600000000002,-0.0047420000000000006,ARE,TTO,842710
4115785,39,222,8917,2015,1162.0,0.0,0.695867,1.171676,CAN,TTO,842710
4115786,43,222,8917,2015,4625.0,0.0,1.077143,1.735757,CHN,TTO,842710
4115787,81,222,8917,2015,5790.0,0.0,1.7422990000000003,0.75838,GBR,TTO,842710
4115788,114,222,8917,2015,18684.0,0.0,2.516133,-0.484202,JPN,TTO,842710
4115789,208,222,8917,2015,54282.0,0.0,1.8068349999999997,0.693389,SWE,TTO,842710
4115790,231,222,8917,2015,1574806.0,0.0,1.720478,-0.129322,USA,TTO,842710
4115791,15,224,8917,2015,1945.0,0.0,1.747098,-0.08026699999999999,AUT,TUR,842710
4115792,16,224,8917,2015,0.0,213287.0,-0.983347,-1.231542,AZE,TUR,842710
4115793,18,224,8917,2015,23361.0,0.0,1.329866,1.100641,BEL,TUR,842710
4115794,23,224,8917,2015,58190.0,26325.0,0.45640699999999995,1.691455,BGR,TUR,842710
4115795,32,224,8917,2015,0.0,4352.0,0.23656799999999997,0.688607,BRA,TUR,842710
4115796,41,224,8917,2015,58416.0,0.0,2.306075,0.720781,CHE,TUR,842710
4115797,43,224,8917,2015,9154642.0,224098.0,1.077143,1.735757,CHN,TUR,842710
4115798,58,224,8917,2015,0.0,124486.0,0.511225,-0.207261,CYP,TUR,842710
4115799,59,224,8917,2015,3917.0,0.0,1.743012,0.45424,CZE,TUR,842710
4115800,61,224,8917,2015,83591040.0,355506.0,2.203818,-2.307561,DEU,TUR,842710
4115801,64,224,8917,2015,41630.0,0.0,1.157924,1.2045629999999998,DNK,TUR,842710
4115802,66,224,8917,2015,0.0,86844.0,-1.54346,-1.255633,DZA,TUR,842710
4115803,68,224,8917,2015,0.0,443462.0,-0.183053,1.765036,EGY,TUR,842710
4115804,71,224,8917,2015,37637.0,28612.0,0.8173590000000001,2.442556,ESP,TUR,842710
4115805,74,224,8917,2015,168190.0,0.0,1.597817,0.998059,FIN,TUR,842710
4115806,77,224,8917,2015,3561614.0,138459.0,1.479792,0.6490239999999999,FRA,TUR,842710
4115807,81,224,8917,2015,3977043.0,0.0,1.7422990000000003,0.75838,GBR,TUR,842710
4115808,82,224,8917,2015,0.0,529953.0,-0.343663,-0.588017,GEO,TUR,842710
4115809,90,224,8917,2015,0.0,1525.0,0.099027,1.012289,GRC,TUR,842710
4115810,106,224,8917,2015,697498.0,0.0,1.304942,0.126431,IRL,TUR,842710
4115811,107,224,8917,2015,0.0,370687.0,-0.258946,-0.0073420000000000004,IRN,TUR,842710
4115812,108,224,8917,2015,0.0,513866.0,-1.465803,-0.912113,IRQ,TUR,842710
4115813,110,224,8917,2015,0.0,42885.0,1.260071,0.545545,ISR,TUR,842710
4115814,111,224,8917,2015,8610992.0,93002.0,1.321127,0.747046,ITA,TUR,842710
4115815,113,224,8917,2015,0.0,3682.0,0.121172,0.457301,JOR,TUR,842710
4115816,114,224,8917,2015,3108922.0,0.0,2.516133,-0.484202,JPN,TUR,842710
4115817,115,224,8917,2015,0.0,14019.0,-0.45091499999999995,-0.652026,KAZ,TUR,842710
4115818,117,224,8917,2015,0.0,110743.0,0.02058,0.438692,KGZ,TUR,842710
4115819,121,224,8917,2015,3895701.0,0.0,1.900653,0.859406,KOR,TUR,842710
4115820,122,224,8917,2015,7021.0,16466.0,-0.352023,-1.153057,KWT,TUR,842710
4115821,126,224,8917,2015,0.0,32654.0,-1.3257219999999998,-1.260453,LBY,TUR,842710
4115822,130,224,8917,2015,0.0,13534.0,0.749429,1.3659860000000001,LTU,TUR,842710
4115823,140,224,8917,2015,0.0,4832.0,-0.09009600000000001,-0.147359,MKD,TUR,842710
4115824,162,224,8917,2015,674793.0,130237.0,1.230104,1.27344,NLD,TUR,842710
4115825,167,224,8917,2015,0.0,81001.0,-0.4699,-1.00451,OMN,TUR,842710
4115826,168,224,8917,2015,0.0,15720.0,-0.7059979999999999,0.73501,PAK,TUR,842710
4115827,177,224,8917,2015,9907.0,2144.0,1.145844,1.1449280000000002,POL,TUR,842710
4115828,185,224,8917,2015,5125.0,160144.0,0.946363,1.056775,ROU,TUR,842710
4115829,186,224,8917,2015,0.0,114513.0,0.23119,0.035965,RUS,TUR,842710
4115830,187,224,8917,2015,0.0,11859.0,-0.755738,-0.4423,RWA,TUR,842710
4115831,188,224,8917,2015,0.0,158426.0,0.5552520000000001,-0.7263229999999999,SAU,TUR,842710
4115832,190,224,8917,2015,0.0,23564.0,-1.420356,-1.218424,SDN,TUR,842710
4115833,208,224,8917,2015,4465060.0,2990.0,1.8068349999999997,0.693389,SWE,TUR,842710
4115834,217,224,8917,2015,0.0,252851.0,-1.134216,-1.174245,TJK,TUR,842710
4115835,219,224,8917,2015,0.0,469867.0,-1.546516,-1.315803,TKM,TUR,842710
4115836,226,224,8917,2015,0.0,17001.0,-1.02395,-0.017509999999999998,TZA,TUR,842710
4115837,230,224,8917,2015,0.0,4304.0,0.273876,-0.363695,URY,TUR,842710
4115838,231,224,8917,2015,869654.0,0.0,1.720478,-0.129322,USA,TUR,842710
4115839,232,224,8917,2015,0.0,199082.0,-0.724966,-0.599292,UZB,TUR,842710
4115840,9,228,8917,2015,0.0,24092.0,0.037579,-0.42448800000000003,ARM,UKR,842710
4115841,18,228,8917,2015,2595.0,0.0,1.329866,1.100641,BEL,UKR,842710
4115842,23,228,8917,2015,337649.0,0.0,0.45640699999999995,1.691455,BGR,UKR,842710
4115843,28,228,8917,2015,0.0,6080.0,0.672499,0.5584020000000001,BLR,UKR,842710
4115844,39,228,8917,2015,10661.0,0.0,0.695867,1.171676,CAN,UKR,842710
4115845,43,228,8917,2015,659026.0,0.0,1.077143,1.735757,CHN,UKR,842710
4115846,59,228,8917,2015,90502.0,0.0,1.743012,0.45424,CZE,UKR,842710
4115847,61,228,8917,2015,2258142.0,14900.0,2.203818,-2.307561,DEU,UKR,842710
4115848,64,228,8917,2015,32967.0,0.0,1.157924,1.2045629999999998,DNK,UKR,842710
4115849,71,228,8917,2015,4856.0,0.0,0.8173590000000001,2.442556,ESP,UKR,842710
4115850,74,228,8917,2015,4449.0,0.0,1.597817,0.998059,FIN,UKR,842710
4115851,77,228,8917,2015,116023.0,0.0,1.479792,0.6490239999999999,FRA,UKR,842710
4115852,81,228,8917,2015,69377.0,0.0,1.7422990000000003,0.75838,GBR,UKR,842710
4115853,82,228,8917,2015,18235.0,66865.0,-0.343663,-0.588017,GEO,UKR,842710
4115854,102,228,8917,2015,24094.0,2108.0,1.462839,0.803258,HUN,UKR,842710
4115855,106,228,8917,2015,30984.0,0.0,1.304942,0.126431,IRL,UKR,842710
4115856,111,228,8917,2015,443462.0,71719.0,1.321127,0.747046,ITA,UKR,842710
4115857,114,228,8917,2015,349107.0,0.0,2.516133,-0.484202,JPN,UKR,842710
4115858,121,228,8917,2015,42503.0,0.0,1.900653,0.859406,KOR,UKR,842710
4115859,130,228,8917,2015,4678.0,0.0,0.749429,1.3659860000000001,LTU,UKR,842710
4115860,132,228,8917,2015,0.0,1683.0,0.602209,1.125357,LVA,UKR,842710
4115861,135,228,8917,2015,0.0,22514.0,-0.313837,-0.20393,MDA,UKR,842710
4115862,153,228,8917,2015,51399.0,0.0,1.082803,0.811615,MYS,UKR,842710
4115863,157,228,8917,2015,0.0,7485.0,-1.517292,-1.033891,NER,UKR,842710
4115864,162,228,8917,2015,194564.0,0.0,1.230104,1.27344,NLD,UKR,842710
4115865,177,228,8917,2015,1482356.0,12243.0,1.145844,1.1449280000000002,POL,UKR,842710
4115866,185,228,8917,2015,3061.0,55563.0,0.946363,1.056775,ROU,UKR,842710
4115867,186,228,8917,2015,164976.0,756514.0,0.23119,0.035965,RUS,UKR,842710
4115868,201,228,8917,2015,1024.0,0.0,0.457042,1.324908,SRB,UKR,842710
4115869,206,228,8917,2015,20187.0,0.0,1.287133,0.7900560000000001,SVK,UKR,842710
4115870,208,228,8917,2015,593898.0,0.0,1.8068349999999997,0.693389,SWE,UKR,842710
4115871,231,228,8917,2015,91154.0,0.0,1.720478,-0.129322,USA,UKR,842710
4115872,8,230,8917,2015,6734.0,0.0,0.116896,0.30330999999999997,ARG,URY,842710
4115873,18,230,8917,2015,12287.0,0.0,1.329866,1.100641,BEL,URY,842710
4115874,31,230,8917,2015,0.0,15139.0,-1.051562,-1.067714,BOL,URY,842710
4115875,32,230,8917,2015,625333.0,0.0,0.23656799999999997,0.688607,BRA,URY,842710
4115876,42,230,8917,2015,6763.0,0.0,-0.356167,-0.47629399999999994,CHL,URY,842710
4115877,43,230,8917,2015,1363427.0,122719.0,1.077143,1.735757,CHN,URY,842710
4115878,49,230,8917,2015,0.0,6430.0,0.156383,-0.183055,COL,URY,842710
4115879,61,230,8917,2015,1863793.0,0.0,2.203818,-2.307561,DEU,URY,842710
4115880,64,230,8917,2015,16996.0,0.0,1.157924,1.2045629999999998,DNK,URY,842710
4115881,71,230,8917,2015,93156.0,0.0,0.8173590000000001,2.442556,ESP,URY,842710
4115882,77,230,8917,2015,88849.0,0.0,1.479792,0.6490239999999999,FRA,URY,842710
4115883,81,230,8917,2015,217409.0,0.0,1.7422990000000003,0.75838,GBR,URY,842710
4115884,111,230,8917,2015,8624.0,0.0,1.321127,0.747046,ITA,URY,842710
4115885,114,230,8917,2015,314643.0,0.0,2.516133,-0.484202,JPN,URY,842710
4115886,162,230,8917,2015,16814.0,0.0,1.230104,1.27344,NLD,URY,842710
4115887,179,230,8917,2015,0.0,30379.0,0.561922,2.2276380000000002,PRT,URY,842710
4115888,180,230,8917,2015,0.0,222723.0,-0.471106,-0.9431139999999999,PRY,URY,842710
4115889,208,230,8917,2015,100023.0,0.0,1.8068349999999997,0.693389,SWE,URY,842710
4115890,224,230,8917,2015,4304.0,0.0,0.438669,2.519632,TUR,URY,842710
4115891,231,230,8917,2015,4987917.0,10025.0,1.720478,-0.129322,USA,URY,842710
4115892,250,230,8917,2015,0.0,7900.0,0.377283,-0.092204,ANS,URY,842710
4115893,0,231,8917,2015,20381.0,192611.0,0.8526809999999999,-0.043541,ABW,USA,842710
4115894,2,231,8917,2015,0.0,228720.0,-1.6542,-1.2598989999999999,AGO,USA,842710
4115895,7,231,8917,2015,0.0,3827859.0,0.21779600000000002,-0.0047420000000000006,ARE,USA,842710
4115896,8,231,8917,2015,20989.0,5671376.0,0.116896,0.30330999999999997,ARG,USA,842710
4115897,13,231,8917,2015,0.0,116805.0,0.43318,-0.552045,ATG,USA,842710
4115898,14,231,8917,2015,9211.0,64949684.0,-0.292325,-0.043489,AUS,USA,842710
4115899,15,231,8917,2015,28476.0,396383.0,1.747098,-0.08026699999999999,AUT,USA,842710
4115900,16,231,8917,2015,0.0,21005.0,-0.983347,-1.231542,AZE,USA,842710
4115901,18,231,8917,2015,780915.0,27324458.0,1.329866,1.100641,BEL,USA,842710
4115902,19,231,8917,2015,0.0,605812.0,-0.5641470000000001,-0.8971020000000001,BEN,USA,842710
4115903,23,231,8917,2015,0.0,31050.0,0.45640699999999995,1.691455,BGR,USA,842710
4115904,24,231,8917,2015,0.0,267674.0,0.36650900000000003,-0.28735,BHR,USA,842710
4115905,25,231,8917,2015,12073.0,3524887.0,0.669493,-0.37838099999999997,BHS,USA,842710
4115906,29,231,8917,2015,0.0,139187.0,-0.24283600000000002,-0.577408,BLZ,USA,842710
4115907,30,231,8917,2015,0.0,72928.0,0.974592,-0.636426,BMU,USA,842710
4115908,31,231,8917,2015,0.0,645994.0,-1.051562,-1.067714,BOL,USA,842710
4115909,32,231,8917,2015,83653.0,8876037.0,0.23656799999999997,0.688607,BRA,USA,842710
4115910,33,231,8917,2015,2418.0,213647.0,0.453689,0.039237,BRB,USA,842710
4115911,39,231,8917,2015,238254048.0,251957616.0,0.695867,1.171676,CAN,USA,842710
4115912,41,231,8917,2015,96477.0,54877.0,2.306075,0.720781,CHE,USA,842710
4115913,42,231,8917,2015,20120.0,11143505.0,-0.356167,-0.47629399999999994,CHL,USA,842710
4115914,43,231,8917,2015,64578756.0,20571558.0,1.077143,1.735757,CHN,USA,842710
4115915,44,231,8917,2015,0.0,213371.0,-0.856142,-0.905292,CIV,USA,842710
4115916,45,231,8917,2015,0.0,8277.0,-0.924366,-1.040721,CMR,USA,842710
4115917,46,231,8917,2015,0.0,26332.0,-1.3921290000000002,-1.146549,COD,USA,842710
4115918,47,231,8917,2015,0.0,28838.0,-1.294823,-1.18811,COG,USA,842710
4115919,49,231,8917,2015,0.0,17222034.0,0.156383,-0.183055,COL,USA,842710
4115920,52,231,8917,2015,0.0,3814108.0,0.24859699999999998,-0.033143,CRI,USA,842710
4115921,55,231,8917,2015,0.0,403847.0,0.296267,-0.6313350000000001,CUW,USA,842710
4115922,57,231,8917,2015,0.0,476422.0,0.275472,-0.831835,CYM,USA,842710
4115923,58,231,8917,2015,0.0,4877.0,0.511225,-0.207261,CYP,USA,842710
4115924,59,231,8917,2015,0.0,89239.0,1.743012,0.45424,CZE,USA,842710
4115925,61,231,8917,2015,79908112.0,9469874.0,2.203818,-2.307561,DEU,USA,842710
4115926,62,231,8917,2015,0.0,39300.0,-0.538942,-0.832522,DJI,USA,842710
4115927,64,231,8917,2015,344348.0,404515.0,1.157924,1.2045629999999998,DNK,USA,842710
4115928,65,231,8917,2015,0.0,3391721.0,-0.212808,0.395873,DOM,USA,842710
4115929,66,231,8917,2015,0.0,415994.0,-1.54346,-1.255633,DZA,USA,842710
4115930,67,231,8917,2015,0.0,2620941.0,-0.9845959999999999,-1.075639,ECU,USA,842710
4115931,68,231,8917,2015,0.0,852017.0,-0.183053,1.765036,EGY,USA,842710
4115932,71,231,8917,2015,232351.0,2591310.0,0.8173590000000001,2.442556,ESP,USA,842710
4115933,73,231,8917,2015,0.0,63053.0,-1.004896,-0.721019,ETH,USA,842710
4115934,74,231,8917,2015,5928296.0,4698.0,1.597817,0.998059,FIN,USA,842710
4115935,75,231,8917,2015,0.0,26638.0,-0.481968,-0.201468,FJI,USA,842710
4115936,77,231,8917,2015,2206848.0,3466988.0,1.479792,0.6490239999999999,FRA,USA,842710
4115937,78,231,8917,2015,50986.0,0.0,-0.700767,-0.9214399999999999,FRO,USA,842710
4115938,80,231,8917,2015,0.0,10860.0,-1.384351,-1.209873,GAB,USA,842710
4115939,81,231,8917,2015,11318294.0,21584650.0,1.7422990000000003,0.75838,GBR,USA,842710
4115940,83,231,8917,2015,0.0,107958.0,-0.750568,-0.690257,GHA,USA,842710
4115941,85,231,8917,2015,0.0,30057.0,-1.288329,-1.167532,GIN,USA,842710
4115942,89,231,8917,2015,0.0,39121.0,-1.585577,-0.9044979999999999,GNQ,USA,842710
4115943,91,231,8917,2015,0.0,14330.0,0.296552,-0.335908,GRD,USA,842710
4115944,93,231,8917,2015,14657.0,3453666.0,-0.284403,0.525564,GTM,USA,842710
4115945,96,231,8917,2015,0.0,303452.0,-1.018758,-1.056085,GUY,USA,842710
4115946,97,231,8917,2015,23521.0,4468024.0,0.8255290000000001,1.8017279999999998,HKG,USA,842710
4115947,99,231,8917,2015,5545.0,1295023.0,-0.578635,-0.292053,HND,USA,842710
4115948,101,231,8917,2015,0.0,134277.0,-1.288246,-1.018979,HTI,USA,842710
4115949,102,231,8917,2015,8785.0,352519.0,1.462839,0.803258,HUN,USA,842710
4115950,103,231,8917,2015,0.0,913968.0,-0.145103,1.277362,IDN,USA,842710
4115951,104,231,8917,2015,0.0,3112057.0,0.24230900000000002,2.8190880000000003,IND,USA,842710
4115952,106,231,8917,2015,6708280.0,182988.0,1.304942,0.126431,IRL,USA,842710
4115953,108,231,8917,2015,0.0,62877.0,-1.465803,-0.912113,IRQ,USA,842710
4115954,109,231,8917,2015,0.0,33651.0,0.24527600000000002,-0.411616,ISL,USA,842710
4115955,110,231,8917,2015,15795.0,3515374.0,1.260071,0.545545,ISR,USA,842710
4115956,111,231,8917,2015,43132588.0,982164.0,1.321127,0.747046,ITA,USA,842710
4115957,112,231,8917,2015,4993.0,814432.0,-0.438267,-0.828097,JAM,USA,842710
4115958,113,231,8917,2015,0.0,98223.0,0.121172,0.457301,JOR,USA,842710
4115959,114,231,8917,2015,9460858.0,8410112.0,2.516133,-0.484202,JPN,USA,842710
4115960,115,231,8917,2015,0.0,260104.0,-0.45091499999999995,-0.652026,KAZ,USA,842710
4115961,116,231,8917,2015,0.0,72875.0,-0.453564,0.433325,KEN,USA,842710
4115962,118,231,8917,2015,0.0,29147.0,-0.791985,-0.833046,KHM,USA,842710
4115963,120,231,8917,2015,0.0,110436.0,0.8252430000000001,-0.436662,KNA,USA,842710
4115964,121,231,8917,2015,21647226.0,10464987.0,1.900653,0.859406,KOR,USA,842710
4115965,122,231,8917,2015,0.0,451928.0,-0.352023,-1.153057,KWT,USA,842710
4115966,124,231,8917,2015,0.0,258612.0,0.317355,1.330374,LBN,USA,842710
4115967,125,231,8917,2015,0.0,326433.0,-1.087459,-1.195708,LBR,USA,842710
4115968,126,231,8917,2015,0.0,49475.0,-1.3257219999999998,-1.260453,LBY,USA,842710
4115969,127,231,8917,2015,0.0,91809.0,0.5410590000000001,-0.484234,LCA,USA,842710
4115970,128,231,8917,2015,0.0,651326.0,-0.6773399999999999,0.386343,LKA,USA,842710
4115971,134,231,8917,2015,0.0,175427.0,-0.7554810000000001,-0.059697,MAR,USA,842710
4115972,138,231,8917,2015,19974068.0,183423328.0,1.169724,0.61457,MEX,USA,842710
4115973,139,231,8917,2015,0.0,33957.0,-0.174541,-0.828616,MHL,USA,842710
4115974,140,231,8917,2015,0.0,2263.0,-0.09009600000000001,-0.147359,MKD,USA,842710
4115975,142,231,8917,2015,0.0,46435.0,0.880893,-0.117585,MLT,USA,842710
4115976,144,231,8917,2015,0.0,711.0,-0.048385000000000004,-0.150759,MNE,USA,842710
4115977,145,231,8917,2015,0.0,100416.0,-1.244368,-1.196677,MNG,USA,842710
4115978,147,231,8917,2015,0.0,175559.0,-1.293809,-1.115069,MOZ,USA,842710
4115979,153,231,8917,2015,2872.0,5808031.0,1.082803,0.811615,MYS,USA,842710
4115980,155,231,8917,2015,0.0,7006.0,-0.43457399999999996,-0.665655,NAM,USA,842710
4115981,159,231,8917,2015,0.0,921968.0,-1.415451,-1.157829,NGA,USA,842710
4115982,160,231,8917,2015,0.0,2205711.0,-1.102989,-0.952276,NIC,USA,842710
4115983,162,231,8917,2015,5252829.0,40137496.0,1.230104,1.27344,NLD,USA,842710
4115984,163,231,8917,2015,0.0,212333.0,0.950708,0.314339,NOR,USA,842710
4115985,166,231,8917,2015,17105.0,9610200.0,0.224598,0.253179,NZL,USA,842710
4115986,167,231,8917,2015,0.0,208123.0,-0.4699,-1.00451,OMN,USA,842710
4115987,168,231,8917,2015,0.0,96309.0,-0.7059979999999999,0.73501,PAK,USA,842710
4115988,169,231,8917,2015,1338.0,3417719.0,0.642058,0.833392,PAN,USA,842710
4115989,173,231,8917,2015,378976.0,24237332.0,-0.6007819999999999,0.32152800000000004,PER,USA,842710
4115990,174,231,8917,2015,0.0,6335238.0,0.6406270000000001,0.45770200000000005,PHL,USA,842710
4115991,176,231,8917,2015,0.0,37844.0,-1.710939,-1.266333,PNG,USA,842710
4115992,177,231,8917,2015,0.0,2786787.0,1.145844,1.1449280000000002,POL,USA,842710
4115993,179,231,8917,2015,0.0,600329.0,0.561922,2.2276380000000002,PRT,USA,842710
4115994,180,231,8917,2015,0.0,152049.0,-0.471106,-0.9431139999999999,PRY,USA,842710
4115995,182,231,8917,2015,0.0,20108.0,-0.301696,-0.795154,PYF,USA,842710
4115996,183,231,8917,2015,0.0,690127.0,-0.077053,-0.9922719999999999,QAT,USA,842710
4115997,185,231,8917,2015,8984.0,396806.0,0.946363,1.056775,ROU,USA,842710
4115998,186,231,8917,2015,0.0,657753.0,0.23119,0.035965,RUS,USA,842710
4115999,188,231,8917,2015,0.0,5576743.0,0.5552520000000001,-0.7263229999999999,SAU,USA,842710
4116000,191,231,8917,2015,0.0,2772329.0,-0.708349,-0.296663,SEN,USA,842710
4116001,192,231,8917,2015,12108.0,14791435.0,2.05613,0.593065,SGP,USA,842710
4116002,197,231,8917,2015,0.0,772899.0,0.05531900000000001,0.169073,SLV,USA,842710
4116003,201,231,8917,2015,0.0,30723.0,0.457042,1.324908,SRB,USA,842710
4116004,205,231,8917,2015,0.0,305984.0,-0.570361,-1.005072,SUR,USA,842710
4116005,206,231,8917,2015,2611.0,232049.0,1.287133,0.7900560000000001,SVK,USA,842710
4116006,207,231,8917,2015,0.0,10903.0,1.6089879999999999,0.833616,SVN,USA,842710
4116007,208,231,8917,2015,2709993.0,7544334.0,1.8068349999999997,0.693389,SWE,USA,842710
4116008,210,231,8917,2015,0.0,153750.0,0.945973,-0.7548229999999999,SXM,USA,842710
4116009,215,231,8917,2015,0.0,6665.0,-0.66925,-0.873554,TGO,USA,842710
4116010,216,231,8917,2015,0.0,6365438.0,0.965888,1.368572,THA,USA,842710
4116011,217,231,8917,2015,0.0,23500.0,-1.134216,-1.174245,TJK,USA,842710
4116012,222,231,8917,2015,0.0,1574806.0,-0.462837,-1.117621,TTO,USA,842710
4116013,223,231,8917,2015,0.0,6418.0,0.140202,0.967591,TUN,USA,842710
4116014,224,231,8917,2015,0.0,869654.0,0.438669,2.519632,TUR,USA,842710
4116015,226,231,8917,2015,0.0,190920.0,-1.02395,-0.017509999999999998,TZA,USA,842710
4116016,227,231,8917,2015,0.0,9231.0,-0.611023,0.078961,UGA,USA,842710
4116017,228,231,8917,2015,0.0,91154.0,0.429879,0.701813,UKR,USA,842710
4116018,230,231,8917,2015,10025.0,4987917.0,0.273876,-0.363695,URY,USA,842710
4116019,234,231,8917,2015,0.0,34777.0,0.087811,-0.35481999999999997,VCT,USA,842710
4116020,236,231,8917,2015,0.0,4918381.0,-0.9249129999999999,-1.1877280000000001,VEN,USA,842710
4116021,237,231,8917,2015,0.0,176955.0,0.914493,-0.31357399999999996,VGB,USA,842710
4116022,239,231,8917,2015,108320.0,38491596.0,-0.17108900000000002,1.10995,VNM,USA,842710
4116023,242,231,8917,2015,0.0,8121.0,0.351057,-0.158431,WSM,USA,842710
4116024,243,231,8917,2015,0.0,2110.0,-1.048632,-1.10843,YEM,USA,842710
4116025,246,231,8917,2015,18531.0,6525574.0,0.24944699999999997,1.7573159999999999,ZAF,USA,842710
4116026,249,231,8917,2015,2440972.0,4359252.0,1.962832,1.214982,TWN,USA,842710
4116027,32,236,8917,2015,190308.0,0.0,0.23656799999999997,0.688607,BRA,VEN,842710
4116028,43,236,8917,2015,60469.0,0.0,1.077143,1.735757,CHN,VEN,842710
4116029,61,236,8917,2015,88667.0,0.0,2.203818,-2.307561,DEU,VEN,842710
4116030,71,236,8917,2015,13529.0,0.0,0.8173590000000001,2.442556,ESP,VEN,842710
4116031,111,236,8917,2015,64616.0,0.0,1.321127,0.747046,ITA,VEN,842710
4116032,114,236,8917,2015,226417.0,0.0,2.516133,-0.484202,JPN,VEN,842710
4116033,169,236,8917,2015,213128.0,0.0,0.642058,0.833392,PAN,VEN,842710
4116034,208,236,8917,2015,250366.0,0.0,1.8068349999999997,0.693389,SWE,VEN,842710
4116035,231,236,8917,2015,4918381.0,0.0,1.720478,-0.129322,USA,VEN,842710
4116036,43,243,8917,2015,5259.0,0.0,1.077143,1.735757,CHN,YEM,842710
4116037,114,243,8917,2015,16388.0,0.0,2.516133,-0.484202,JPN,YEM,842710
4116038,162,243,8917,2015,32609.0,0.0,1.230104,1.27344,NLD,YEM,842710
4116039,231,243,8917,2015,2110.0,0.0,1.720478,-0.129322,USA,YEM,842710
4116040,2,246,8917,2015,0.0,59792.0,-1.6542,-1.2598989999999999,AGO,ZAF,842710
4116041,7,246,8917,2015,50052.0,0.0,0.21779600000000002,-0.0047420000000000006,ARE,ZAF,842710
4116042,14,246,8917,2015,0.0,7134.0,-0.292325,-0.043489,AUS,ZAF,842710
4116043,18,246,8917,2015,60223.0,0.0,1.329866,1.100641,BEL,ZAF,842710
4116044,37,246,8917,2015,78123.0,93682.0,-0.14164200000000002,-1.0372059999999999,BWA,ZAF,842710
4116045,39,246,8917,2015,65640.0,0.0,0.695867,1.171676,CAN,ZAF,842710
4116046,43,246,8917,2015,10634440.0,0.0,1.077143,1.735757,CHN,ZAF,842710
4116047,46,246,8917,2015,0.0,33818.0,-1.3921290000000002,-1.146549,COD,ZAF,842710
4116048,61,246,8917,2015,13277953.0,42057.0,2.203818,-2.307561,DEU,ZAF,842710
4116049,71,246,8917,2015,171918.0,0.0,0.8173590000000001,2.442556,ESP,ZAF,842710
4116050,74,246,8917,2015,38299.0,0.0,1.597817,0.998059,FIN,ZAF,842710
4116051,77,246,8917,2015,822343.0,0.0,1.479792,0.6490239999999999,FRA,ZAF,842710
4116052,81,246,8917,2015,3316750.0,31917.0,1.7422990000000003,0.75838,GBR,ZAF,842710
4116053,83,246,8917,2015,0.0,70401.0,-0.750568,-0.690257,GHA,ZAF,842710
4116054,104,246,8917,2015,1905459.0,0.0,0.24230900000000002,2.8190880000000003,IND,ZAF,842710
4116055,106,246,8917,2015,381680.0,0.0,1.304942,0.126431,IRL,ZAF,842710
4116056,111,246,8917,2015,1559911.0,12164.0,1.321127,0.747046,ITA,ZAF,842710
4116057,114,246,8917,2015,7239608.0,0.0,2.516133,-0.484202,JPN,ZAF,842710
4116058,116,246,8917,2015,0.0,247014.0,-0.453564,0.433325,KEN,ZAF,842710
4116059,121,246,8917,2015,2537416.0,126943.0,1.900653,0.859406,KOR,ZAF,842710
4116060,129,246,8917,2015,18535.0,75393.0,-0.910168,-0.870865,LSO,ZAF,842710
4116061,138,246,8917,2015,958.0,0.0,1.169724,0.61457,MEX,ZAF,842710
4116062,147,246,8917,2015,1965.0,1602943.0,-1.293809,-1.115069,MOZ,ZAF,842710
4116063,152,246,8917,2015,0.0,75142.0,-0.549862,-0.8753190000000001,MWI,ZAF,842710
4116064,155,246,8917,2015,62224.0,377834.0,-0.43457399999999996,-0.665655,NAM,ZAF,842710
4116065,159,246,8917,2015,0.0,473144.0,-1.415451,-1.157829,NGA,ZAF,842710
4116066,162,246,8917,2015,449482.0,0.0,1.230104,1.27344,NLD,ZAF,842710
4116067,166,246,8917,2015,1016.0,0.0,0.224598,0.253179,NZL,ZAF,842710
4116068,192,246,8917,2015,8469.0,0.0,2.05613,0.593065,SGP,ZAF,842710
4116069,208,246,8917,2015,5228355.0,0.0,1.8068349999999997,0.693389,SWE,ZAF,842710
4116070,209,246,8917,2015,973.0,84770.0,0.257467,-0.402491,SWZ,ZAF,842710
4116071,211,246,8917,2015,0.0,28921.0,1.017467,-0.285569,SYC,ZAF,842710
4116072,216,246,8917,2015,564393.0,0.0,0.965888,1.368572,THA,ZAF,842710
4116073,226,246,8917,2015,0.0,39744.0,-1.02395,-0.017509999999999998,TZA,ZAF,842710
4116074,231,246,8917,2015,6525574.0,18531.0,1.720478,-0.129322,USA,ZAF,842710
4116075,247,246,8917,2015,0.0,59983.0,-0.44792,-0.769586,ZMB,ZAF,842710
4116076,248,246,8917,2015,0.0,214049.0,-0.838017,-0.9400270000000001,ZWE,ZAF,842710
4116077,249,246,8917,2015,304804.0,0.0,1.962832,1.214982,TWN,ZAF,842710
4116078,250,246,8917,2015,11372.0,35681.0,0.377283,-0.092204,ANS,ZAF,842710
4116079,2,249,8917,2015,0.0,14463.0,-1.6542,-1.2598989999999999,AGO,TWN,842710
4116080,7,249,8917,2015,0.0,2818.0,0.21779600000000002,-0.0047420000000000006,ARE,TWN,842710
4116081,8,249,8917,2015,0.0,438871.0,0.116896,0.30330999999999997,ARG,TWN,842710
4116082,9,249,8917,2015,0.0,31308.0,0.037579,-0.42448800000000003,ARM,TWN,842710
4116083,14,249,8917,2015,23993.0,309577.0,-0.292325,-0.043489,AUS,TWN,842710
4116084,18,249,8917,2015,11061.0,142300.0,1.329866,1.100641,BEL,TWN,842710
4116085,22,249,8917,2015,0.0,167518.0,-1.088465,-0.8745360000000001,BGD,TWN,842710
4116086,24,249,8917,2015,0.0,37969.0,0.36650900000000003,-0.28735,BHR,TWN,842710
4116087,32,249,8917,2015,552589.0,28448.0,0.23656799999999997,0.688607,BRA,TWN,842710
4116088,39,249,8917,2015,471905.0,164555.0,0.695867,1.171676,CAN,TWN,842710
4116089,41,249,8917,2015,0.0,21991.0,2.306075,0.720781,CHE,TWN,842710
4116090,42,249,8917,2015,0.0,129826.0,-0.356167,-0.47629399999999994,CHL,TWN,842710
4116091,43,249,8917,2015,5747052.0,6339656.0,1.077143,1.735757,CHN,TWN,842710
4116092,44,249,8917,2015,0.0,29951.0,-0.856142,-0.905292,CIV,TWN,842710
4116093,52,249,8917,2015,0.0,14694.0,0.24859699999999998,-0.033143,CRI,TWN,842710
4116094,59,249,8917,2015,11955.0,0.0,1.743012,0.45424,CZE,TWN,842710
4116095,61,249,8917,2015,1848145.0,127533.0,2.203818,-2.307561,DEU,TWN,842710
4116096,64,249,8917,2015,0.0,9587.0,1.157924,1.2045629999999998,DNK,TWN,842710
4116097,68,249,8917,2015,0.0,50925.0,-0.183053,1.765036,EGY,TWN,842710
4116098,71,249,8917,2015,0.0,566173.0,0.8173590000000001,2.442556,ESP,TWN,842710
4116099,77,249,8917,2015,222538.0,23845.0,1.479792,0.6490239999999999,FRA,TWN,842710
4116100,81,249,8917,2015,170031.0,5635492.0,1.7422990000000003,0.75838,GBR,TWN,842710
4116101,82,249,8917,2015,0.0,140655.0,-0.343663,-0.588017,GEO,TWN,842710
4116102,97,249,8917,2015,31329.0,169527.0,0.8255290000000001,1.8017279999999998,HKG,TWN,842710
4116103,103,249,8917,2015,0.0,82422.0,-0.145103,1.277362,IDN,TWN,842710
4116104,104,249,8917,2015,0.0,117438.0,0.24230900000000002,2.8190880000000003,IND,TWN,842710
4116105,106,249,8917,2015,0.0,26911.0,1.304942,0.126431,IRL,TWN,842710
4116106,107,249,8917,2015,0.0,331423.0,-0.258946,-0.0073420000000000004,IRN,TWN,842710
4116107,110,249,8917,2015,0.0,42983.0,1.260071,0.545545,ISR,TWN,842710
4116108,111,249,8917,2015,761212.0,143552.0,1.321127,0.747046,ITA,TWN,842710
4116109,114,249,8917,2015,20426548.0,425153.0,2.516133,-0.484202,JPN,TWN,842710
4116110,118,249,8917,2015,0.0,62868.0,-0.791985,-0.833046,KHM,TWN,842710
4116111,121,249,8917,2015,148180.0,138083.0,1.900653,0.859406,KOR,TWN,842710
4116112,128,249,8917,2015,0.0,16747.0,-0.6773399999999999,0.386343,LKA,TWN,842710
4116113,133,249,8917,2015,0.0,7351.0,0.296288,0.32009499999999996,MAC,TWN,842710
4116114,134,249,8917,2015,0.0,19965.0,-0.7554810000000001,-0.059697,MAR,TWN,842710
4116115,138,249,8917,2015,0.0,8007.0,1.169724,0.61457,MEX,TWN,842710
4116116,143,249,8917,2015,0.0,14243.0,-1.4596120000000001,-0.903904,MMR,TWN,842710
4116117,153,249,8917,2015,13172.0,210844.0,1.082803,0.811615,MYS,TWN,842710
4116118,162,249,8917,2015,162358.0,177642.0,1.230104,1.27344,NLD,TWN,842710
4116119,166,249,8917,2015,0.0,9875.0,0.224598,0.253179,NZL,TWN,842710
4116120,167,249,8917,2015,0.0,252885.0,-0.4699,-1.00451,OMN,TWN,842710
4116121,168,249,8917,2015,0.0,34728.0,-0.7059979999999999,0.73501,PAK,TWN,842710
4116122,174,249,8917,2015,0.0,338379.0,0.6406270000000001,0.45770200000000005,PHL,TWN,842710
4116123,176,249,8917,2015,0.0,173243.0,-1.710939,-1.266333,PNG,TWN,842710
4116124,183,249,8917,2015,0.0,5748.0,-0.077053,-0.9922719999999999,QAT,TWN,842710
4116125,188,249,8917,2015,0.0,12415.0,0.5552520000000001,-0.7263229999999999,SAU,TWN,842710
4116126,192,249,8917,2015,29651.0,200080.0,2.05613,0.593065,SGP,TWN,842710
4116127,207,249,8917,2015,0.0,9721.0,1.6089879999999999,0.833616,SVN,TWN,842710
4116128,208,249,8917,2015,1579329.0,0.0,1.8068349999999997,0.693389,SWE,TWN,842710
4116129,209,249,8917,2015,0.0,10058.0,0.257467,-0.402491,SWZ,TWN,842710
4116130,216,249,8917,2015,1209968.0,243896.0,0.965888,1.368572,THA,TWN,842710
4116131,231,249,8917,2015,4359252.0,2440972.0,1.720478,-0.129322,USA,TWN,842710
4116132,239,249,8917,2015,184278.0,550198.0,-0.17108900000000002,1.10995,VNM,TWN,842710
4116133,246,249,8917,2015,0.0,304804.0,0.24944699999999997,1.7573159999999999,ZAF,TWN,842710
4116134,250,249,8917,2015,11469.0,0.0,0.377283,-0.092204,ANS,TWN,842710
4116135,0,250,8917,2015,0.0,16847.0,0.8526809999999999,-0.043541,ABW,ANS,842710
4116136,7,250,8917,2015,1360664.0,82.0,0.21779600000000002,-0.0047420000000000006,ARE,ANS,842710
4116137,32,250,8917,2015,0.0,6932.0,0.23656799999999997,0.688607,BRA,ANS,842710
4116138,42,250,8917,2015,0.0,6046.0,-0.356167,-0.47629399999999994,CHL,ANS,842710
4116139,44,250,8917,2015,0.0,116731.0,-0.856142,-0.905292,CIV,ANS,842710
4116140,47,250,8917,2015,0.0,44638.0,-1.294823,-1.18811,COG,ANS,842710
4116141,49,250,8917,2015,50182.0,0.0,0.156383,-0.183055,COL,ANS,842710
4116142,59,250,8917,2015,0.0,2554104.0,1.743012,0.45424,CZE,ANS,842710
4116143,71,250,8917,2015,0.0,114826.0,0.8173590000000001,2.442556,ESP,ANS,842710
4116144,72,250,8917,2015,0.0,21847.0,0.9281149999999999,1.1780389999999998,EST,ANS,842710
4116145,77,250,8917,2015,0.0,324266.0,1.479792,0.6490239999999999,FRA,ANS,842710
4116146,106,250,8917,2015,102726.0,1848696.0,1.304942,0.126431,IRL,ANS,842710
4116147,107,250,8917,2015,0.0,16276.0,-0.258946,-0.0073420000000000004,IRN,ANS,842710
4116148,113,250,8917,2015,553886.0,0.0,0.121172,0.457301,JOR,ANS,842710
4116149,131,250,8917,2015,0.0,44520.0,1.218924,1.247152,LUX,ANS,842710
4116150,136,250,8917,2015,0.0,29046.0,-1.15947,-0.497217,MDG,ANS,842710
4116151,162,250,8917,2015,7091.0,6498.0,1.230104,1.27344,NLD,ANS,842710
4116152,168,250,8917,2015,0.0,550642.0,-0.7059979999999999,0.73501,PAK,ANS,842710
4116153,169,250,8917,2015,456504.0,44594.0,0.642058,0.833392,PAN,ANS,842710
4116154,177,250,8917,2015,0.0,34559.0,1.145844,1.1449280000000002,POL,ANS,842710
4116155,186,250,8917,2015,0.0,2003.0,0.23119,0.035965,RUS,ANS,842710
4116156,188,250,8917,2015,0.0,144485.0,0.5552520000000001,-0.7263229999999999,SAU,ANS,842710
4116157,206,250,8917,2015,0.0,1226702.0,1.287133,0.7900560000000001,SVK,ANS,842710
4116158,223,250,8917,2015,0.0,12902.0,0.140202,0.967591,TUN,ANS,842710
4116159,230,250,8917,2015,7900.0,0.0,0.273876,-0.363695,URY,ANS,842710
4116160,239,250,8917,2015,0.0,9698.0,-0.17108900000000002,1.10995,VNM,ANS,842710
4116161,246,250,8917,2015,35681.0,11372.0,0.24944699999999997,1.7573159999999999,ZAF,ANS,842710
4116162,249,250,8917,2015,0.0,11469.0,1.962832,1.214982,TWN,ANS,842710
4116163,7,2,8917,2015,17180.0,0.0,0.21779600000000002,-0.0047420000000000006,ARE,AGO,842710
4116164,18,2,8917,2015,1335.0,0.0,1.329866,1.100641,BEL,AGO,842710
4116165,39,2,8917,2015,1610.0,0.0,0.695867,1.171676,CAN,AGO,842710
4116166,41,2,8917,2015,5519.0,0.0,2.306075,0.720781,CHE,AGO,842710
4116167,43,2,8917,2015,583341.0,0.0,1.077143,1.735757,CHN,AGO,842710
4116168,45,2,8917,2015,1252.0,6175.0,-0.924366,-1.040721,CMR,AGO,842710
4116169,61,2,8917,2015,87940.0,0.0,2.203818,-2.307561,DEU,AGO,842710
4116170,64,2,8917,2015,4954.0,0.0,1.157924,1.2045629999999998,DNK,AGO,842710
4116171,71,2,8917,2015,28721.0,25117.0,0.8173590000000001,2.442556,ESP,AGO,842710
4116172,77,2,8917,2015,289108.0,0.0,1.479792,0.6490239999999999,FRA,AGO,842710
4116173,81,2,8917,2015,643173.0,0.0,1.7422990000000003,0.75838,GBR,AGO,842710
4116174,83,2,8917,2015,0.0,249212.0,-0.750568,-0.690257,GHA,AGO,842710
4116175,106,2,8917,2015,214398.0,0.0,1.304942,0.126431,IRL,AGO,842710
4116176,111,2,8917,2015,98486.0,0.0,1.321127,0.747046,ITA,AGO,842710
4116177,114,2,8917,2015,822155.0,0.0,2.516133,-0.484202,JPN,AGO,842710
4116178,121,2,8917,2015,170341.0,1417.0,1.900653,0.859406,KOR,AGO,842710
4116179,124,2,8917,2015,56691.0,0.0,0.317355,1.330374,LBN,AGO,842710
4116180,155,2,8917,2015,6300.0,0.0,-0.43457399999999996,-0.665655,NAM,AGO,842710
4116181,162,2,8917,2015,41077.0,0.0,1.230104,1.27344,NLD,AGO,842710
4116182,179,2,8917,2015,1401063.0,40659.0,0.561922,2.2276380000000002,PRT,AGO,842710
4116183,208,2,8917,2015,275782.0,0.0,1.8068349999999997,0.693389,SWE,AGO,842710
4116184,231,2,8917,2015,228720.0,0.0,1.720478,-0.129322,USA,AGO,842710
4116185,239,2,8917,2015,3232.0,0.0,-0.17108900000000002,1.10995,VNM,AGO,842710
4116186,246,2,8917,2015,59792.0,0.0,0.24944699999999997,1.7573159999999999,ZAF,AGO,842710
4116187,249,2,8917,2015,14463.0,0.0,1.962832,1.214982,TWN,AGO,842710
4116188,7,9,8917,2015,45487.0,0.0,0.21779600000000002,-0.0047420000000000006,ARE,ARM,842710
4116189,18,9,8917,2015,20770.0,0.0,1.329866,1.100641,BEL,ARM,842710
4116190,43,9,8917,2015,10612.0,0.0,1.077143,1.735757,CHN,ARM,842710
4116191,61,9,8917,2015,150343.0,0.0,2.203818,-2.307561,DEU,ARM,842710
4116192,82,9,8917,2015,0.0,7403.0,-0.343663,-0.588017,GEO,ARM,842710
4116193,114,9,8917,2015,11214.0,0.0,2.516133,-0.484202,JPN,ARM,842710
4116194,121,9,8917,2015,13704.0,0.0,1.900653,0.859406,KOR,ARM,842710
4116195,186,9,8917,2015,5351.0,8123.0,0.23119,0.035965,RUS,ARM,842710
4116196,228,9,8917,2015,24092.0,0.0,0.429879,0.701813,UKR,ARM,842710
4116197,249,9,8917,2015,31308.0,0.0,1.962832,1.214982,TWN,ARM,842710
4116198,15,14,8917,2015,58060.0,0.0,1.747098,-0.08026699999999999,AUT,AUS,842710
4116199,18,14,8917,2015,495727.0,0.0,1.329866,1.100641,BEL,AUS,842710
4116200,32,14,8917,2015,0.0,61360.0,0.23656799999999997,0.688607,BRA,AUS,842710
4116201,39,14,8917,2015,4332630.0,0.0,0.695867,1.171676,CAN,AUS,842710
4116202,43,14,8917,2015,27265664.0,49548.0,1.077143,1.735757,CHN,AUS,842710
4116203,61,14,8917,2015,23886594.0,0.0,2.203818,-2.307561,DEU,AUS,842710
4116204,64,14,8917,2015,226565.0,0.0,1.157924,1.2045629999999998,DNK,AUS,842710
4116205,68,14,8917,2015,0.0,19183.0,-0.183053,1.765036,EGY,AUS,842710
4116206,71,14,8917,2015,112928.0,0.0,0.8173590000000001,2.442556,ESP,AUS,842710
4116207,74,14,8917,2015,801966.0,0.0,1.597817,0.998059,FIN,AUS,842710
4116208,75,14,8917,2015,0.0,52661.0,-0.481968,-0.201468,FJI,AUS,842710
4116209,77,14,8917,2015,4406482.0,5796.0,1.479792,0.6490239999999999,FRA,AUS,842710
4116210,81,14,8917,2015,2176923.0,0.0,1.7422990000000003,0.75838,GBR,AUS,842710
4116211,103,14,8917,2015,0.0,2375.0,-0.145103,1.277362,IDN,AUS,842710
4116212,104,14,8917,2015,302544.0,5708.0,0.24230900000000002,2.8190880000000003,IND,AUS,842710
4116213,106,14,8917,2015,3467898.0,0.0,1.304942,0.126431,IRL,AUS,842710
4116214,109,14,8917,2015,0.0,3700.0,0.24527600000000002,-0.411616,ISL,AUS,842710
4116215,110,14,8917,2015,0.0,34469.0,1.260071,0.545545,ISR,AUS,842710
4116216,111,14,8917,2015,2964867.0,2716.0,1.321127,0.747046,ITA,AUS,842710
4116217,114,14,8917,2015,7534750.0,0.0,2.516133,-0.484202,JPN,AUS,842710
4116218,121,14,8917,2015,2898291.0,13711.0,1.900653,0.859406,KOR,AUS,842710
4116219,124,14,8917,2015,0.0,1503.0,0.317355,1.330374,LBN,AUS,842710
4116220,138,14,8917,2015,42515.0,0.0,1.169724,0.61457,MEX,AUS,842710
4116221,153,14,8917,2015,0.0,355472.0,1.082803,0.811615,MYS,AUS,842710
4116222,156,14,8917,2015,0.0,70726.0,-0.727911,-0.844562,NCL,AUS,842710
4116223,162,14,8917,2015,1391584.0,0.0,1.230104,1.27344,NLD,AUS,842710
4116224,166,14,8917,2015,52401.0,311106.0,0.224598,0.253179,NZL,AUS,842710
4116225,174,14,8917,2015,0.0,85539.0,0.6406270000000001,0.45770200000000005,PHL,AUS,842710
4116226,176,14,8917,2015,0.0,221754.0,-1.710939,-1.266333,PNG,AUS,842710
4116227,177,14,8917,2015,3106.0,0.0,1.145844,1.1449280000000002,POL,AUS,842710
4116228,192,14,8917,2015,27231.0,259312.0,2.05613,0.593065,SGP,AUS,842710
4116229,195,14,8917,2015,0.0,2084.0,-1.167451,-0.931206,SLB,AUS,842710
4116230,206,14,8917,2015,7904.0,0.0,1.287133,0.7900560000000001,SVK,AUS,842710
4116231,208,14,8917,2015,9288548.0,0.0,1.8068349999999997,0.693389,SWE,AUS,842710
4116232,216,14,8917,2015,2616964.0,0.0,0.965888,1.368572,THA,AUS,842710
4116233,231,14,8917,2015,64949684.0,9211.0,1.720478,-0.129322,USA,AUS,842710
4116234,239,14,8917,2015,0.0,1110234.0,-0.17108900000000002,1.10995,VNM,AUS,842710
4116235,246,14,8917,2015,7134.0,0.0,0.24944699999999997,1.7573159999999999,ZAF,AUS,842710
4116236,249,14,8917,2015,309577.0,23993.0,1.962832,1.214982,TWN,AUS,842710
4116237,18,16,8917,2015,55935.0,0.0,1.329866,1.100641,BEL,AZE,842710
4116238,23,16,8917,2015,7116.0,0.0,0.45640699999999995,1.691455,BGR,AZE,842710
4116239,43,16,8917,2015,16391.0,0.0,1.077143,1.735757,CHN,AZE,842710
4116240,59,16,8917,2015,4530.0,0.0,1.743012,0.45424,CZE,AZE,842710
4116241,61,16,8917,2015,214868.0,0.0,2.203818,-2.307561,DEU,AZE,842710
4116242,81,16,8917,2015,80298.0,0.0,1.7422990000000003,0.75838,GBR,AZE,842710
4116243,107,16,8917,2015,5261.0,0.0,-0.258946,-0.0073420000000000004,IRN,AZE,842710
4116244,111,16,8917,2015,194502.0,0.0,1.321127,0.747046,ITA,AZE,842710
4116245,114,16,8917,2015,14967.0,0.0,2.516133,-0.484202,JPN,AZE,842710
4116246,115,16,8917,2015,11065.0,0.0,-0.45091499999999995,-0.652026,KAZ,AZE,842710
4116247,121,16,8917,2015,89050.0,0.0,1.900653,0.859406,KOR,AZE,842710
4116248,162,16,8917,2015,261959.0,0.0,1.230104,1.27344,NLD,AZE,842710
4116249,177,16,8917,2015,56950.0,0.0,1.145844,1.1449280000000002,POL,AZE,842710
4116250,186,16,8917,2015,23607.0,0.0,0.23119,0.035965,RUS,AZE,842710
4116251,208,16,8917,2015,29595.0,0.0,1.8068349999999997,0.693389,SWE,AZE,842710
4116252,224,16,8917,2015,213287.0,0.0,0.438669,2.519632,TUR,AZE,842710
4116253,231,16,8917,2015,21005.0,0.0,1.720478,-0.129322,USA,AZE,842710
4116254,7,22,8917,2015,6535.0,0.0,0.21779600000000002,-0.0047420000000000006,ARE,BGD,842710
4116255,43,22,8917,2015,1268875.0,0.0,1.077143,1.735757,CHN,BGD,842710
4116256,61,22,8917,2015,108176.0,0.0,2.203818,-2.307561,DEU,BGD,842710
4116257,71,22,8917,2015,33599.0,0.0,0.8173590000000001,2.442556,ESP,BGD,842710
4116258,77,22,8917,2015,31626.0,0.0,1.479792,0.6490239999999999,FRA,BGD,842710
4116259,97,22,8917,2015,237908.0,0.0,0.8255290000000001,1.8017279999999998,HKG,BGD,842710
4116260,104,22,8917,2015,15237.0,0.0,0.24230900000000002,2.8190880000000003,IND,BGD,842710
4116261,106,22,8917,2015,40849.0,0.0,1.304942,0.126431,IRL,BGD,842710
4116262,111,22,8917,2015,85851.0,0.0,1.321127,0.747046,ITA,BGD,842710
4116263,114,22,8917,2015,965963.0,0.0,2.516133,-0.484202,JPN,BGD,842710
4116264,121,22,8917,2015,154833.0,0.0,1.900653,0.859406,KOR,BGD,842710
4116265,153,22,8917,2015,4282.0,0.0,1.082803,0.811615,MYS,BGD,842710
4116266,162,22,8917,2015,11072.0,0.0,1.230104,1.27344,NLD,BGD,842710
4116267,192,22,8917,2015,217291.0,0.0,2.05613,0.593065,SGP,BGD,842710
4116268,208,22,8917,2015,600248.0,0.0,1.8068349999999997,0.693389,SWE,BGD,842710
4116269,216,22,8917,2015,142772.0,0.0,0.965888,1.368572,THA,BGD,842710
4116270,249,22,8917,2015,167518.0,0.0,1.962832,1.214982,TWN,BGD,842710
4116271,7,24,8917,2015,97423.0,76322.0,0.21779600000000002,-0.0047420000000000006,ARE,BHR,842710
4116272,43,24,8917,2015,556773.0,0.0,1.077143,1.735757,CHN,BHR,842710
4116273,61,24,8917,2015,281814.0,0.0,2.203818,-2.307561,DEU,BHR,842710
4116274,68,24,8917,2015,0.0,19065.0,-0.183053,1.765036,EGY,BHR,842710
4116275,71,24,8917,2015,4847.0,0.0,0.8173590000000001,2.442556,ESP,BHR,842710
4116276,74,24,8917,2015,53187.0,0.0,1.597817,0.998059,FIN,BHR,842710
4116277,77,24,8917,2015,38597.0,0.0,1.479792,0.6490239999999999,FRA,BHR,842710
4116278,81,24,8917,2015,33544.0,0.0,1.7422990000000003,0.75838,GBR,BHR,842710
4116279,104,24,8917,2015,43225.0,0.0,0.24230900000000002,2.8190880000000003,IND,BHR,842710
4116280,106,24,8917,2015,205103.0,0.0,1.304942,0.126431,IRL,BHR,842710
4116281,111,24,8917,2015,87923.0,0.0,1.321127,0.747046,ITA,BHR,842710
4116282,114,24,8917,2015,160592.0,0.0,2.516133,-0.484202,JPN,BHR,842710
4116283,121,24,8917,2015,119128.0,0.0,1.900653,0.859406,KOR,BHR,842710
4116284,162,24,8917,2015,58217.0,0.0,1.230104,1.27344,NLD,BHR,842710
4116285,183,24,8917,2015,0.0,9024.0,-0.077053,-0.9922719999999999,QAT,BHR,842710
4116286,188,24,8917,2015,33608.0,73307.0,0.5552520000000001,-0.7263229999999999,SAU,BHR,842710
4116287,208,24,8917,2015,133902.0,0.0,1.8068349999999997,0.693389,SWE,BHR,842710
4116288,216,24,8917,2015,16922.0,0.0,0.965888,1.368572,THA,BHR,842710
4116289,231,24,8917,2015,267674.0,0.0,1.720478,-0.129322,USA,BHR,842710
4116290,249,24,8917,2015,37969.0,0.0,1.962832,1.214982,TWN,BHR,842710
4116291,23,28,8917,2015,121741.0,0.0,0.45640699999999995,1.691455,BGR,BLR,842710
4116292,39,28,8917,2015,2436.0,0.0,0.695867,1.171676,CAN,BLR,842710
4116293,43,28,8917,2015,430427.0,0.0,1.077143,1.735757,CHN,BLR,842710
4116294,59,28,8917,2015,27301.0,0.0,1.743012,0.45424,CZE,BLR,842710
4116295,61,28,8917,2015,1806542.0,7024.0,2.203818,-2.307561,DEU,BLR,842710
4116296,72,28,8917,2015,48899.0,0.0,0.9281149999999999,1.1780389999999998,EST,BLR,842710
4116297,111,28,8917,2015,280350.0,0.0,1.321127,0.747046,ITA,BLR,842710
4116298,114,28,8917,2015,219094.0,0.0,2.516133,-0.484202,JPN,BLR,842710
4116299,115,28,8917,2015,0.0,45009.0,-0.45091499999999995,-0.652026,KAZ,BLR,842710
4116300,130,28,8917,2015,96060.0,22110.0,0.749429,1.3659860000000001,LTU,BLR,842710
4116301,132,28,8917,2015,34718.0,0.0,0.602209,1.125357,LVA,BLR,842710
4116302,162,28,8917,2015,1667.0,0.0,1.230104,1.27344,NLD,BLR,842710
4116303,177,28,8917,2015,129033.0,0.0,1.145844,1.1449280000000002,POL,BLR,842710
4116304,186,28,8917,2015,153193.0,96690.0,0.23119,0.035965,RUS,BLR,842710
4116305,201,28,8917,2015,7126.0,0.0,0.457042,1.324908,SRB,BLR,842710
4116306,208,28,8917,2015,820640.0,0.0,1.8068349999999997,0.693389,SWE,BLR,842710
4116307,216,28,8917,2015,1806.0,0.0,0.965888,1.368572,THA,BLR,842710
4116308,228,28,8917,2015,6080.0,0.0,0.429879,0.701813,UKR,BLR,842710
4116309,18,46,8917,2015,184968.0,0.0,1.329866,1.100641,BEL,COD,842710
4116310,43,46,8917,2015,177095.0,0.0,1.077143,1.735757,CHN,COD,842710
4116311,61,46,8917,2015,18743.0,0.0,2.203818,-2.307561,DEU,COD,842710
4116312,64,46,8917,2015,1676.0,0.0,1.157924,1.2045629999999998,DNK,COD,842710
4116313,77,46,8917,2015,19686.0,0.0,1.479792,0.6490239999999999,FRA,COD,842710
4116314,81,46,8917,2015,1563.0,0.0,1.7422990000000003,0.75838,GBR,COD,842710
4116315,104,46,8917,2015,35108.0,0.0,0.24230900000000002,2.8190880000000003,IND,COD,842710
4116316,111,46,8917,2015,18326.0,0.0,1.321127,0.747046,ITA,COD,842710
4116317,162,46,8917,2015,34995.0,0.0,1.230104,1.27344,NLD,COD,842710
4116318,231,46,8917,2015,26332.0,0.0,1.720478,-0.129322,USA,COD,842710
4116319,246,46,8917,2015,33818.0,0.0,0.24944699999999997,1.7573159999999999,ZAF,COD,842710
4116320,7,68,8917,2015,7178.0,2980.0,0.21779600000000002,-0.0047420000000000006,ARE,EGY,842710
4116321,14,68,8917,2015,19183.0,0.0,-0.292325,-0.043489,AUS,EGY,842710
4116322,15,68,8917,2015,41457.0,0.0,1.747098,-0.08026699999999999,AUT,EGY,842710
4116323,18,68,8917,2015,82581.0,0.0,1.329866,1.100641,BEL,EGY,842710
4116324,23,68,8917,2015,89945.0,0.0,0.45640699999999995,1.691455,BGR,EGY,842710
4116325,24,68,8917,2015,19065.0,0.0,0.36650900000000003,-0.28735,BHR,EGY,842710
4116326,39,68,8917,2015,64018.0,0.0,0.695867,1.171676,CAN,EGY,842710
4116327,41,68,8917,2015,119100.0,0.0,2.306075,0.720781,CHE,EGY,842710
4116328,43,68,8917,2015,689733.0,0.0,1.077143,1.735757,CHN,EGY,842710
4116329,58,68,8917,2015,33315.0,0.0,0.511225,-0.207261,CYP,EGY,842710
4116330,59,68,8917,2015,5287.0,0.0,1.743012,0.45424,CZE,EGY,842710
4116331,61,68,8917,2015,3212238.0,0.0,2.203818,-2.307561,DEU,EGY,842710
4116332,64,68,8917,2015,3158.0,0.0,1.157924,1.2045629999999998,DNK,EGY,842710
4116333,71,68,8917,2015,39885.0,0.0,0.8173590000000001,2.442556,ESP,EGY,842710
4116334,74,68,8917,2015,82714.0,0.0,1.597817,0.998059,FIN,EGY,842710
4116335,77,68,8917,2015,192431.0,0.0,1.479792,0.6490239999999999,FRA,EGY,842710
4116336,81,68,8917,2015,568408.0,0.0,1.7422990000000003,0.75838,GBR,EGY,842710
4116337,90,68,8917,2015,11276.0,0.0,0.099027,1.012289,GRC,EGY,842710
4116338,97,68,8917,2015,7508.0,0.0,0.8255290000000001,1.8017279999999998,HKG,EGY,842710
4116339,106,68,8917,2015,55608.0,0.0,1.304942,0.126431,IRL,EGY,842710
4116340,111,68,8917,2015,1131066.0,1679.0,1.321127,0.747046,ITA,EGY,842710
4116341,114,68,8917,2015,1381176.0,0.0,2.516133,-0.484202,JPN,EGY,842710
4116342,116,68,8917,2015,5874.0,0.0,-0.453564,0.433325,KEN,EGY,842710
4116343,121,68,8917,2015,161633.0,0.0,1.900653,0.859406,KOR,EGY,842710
4116344,122,68,8917,2015,4336.0,0.0,-0.352023,-1.153057,KWT,EGY,842710
4116345,130,68,8917,2015,1770.0,0.0,0.749429,1.3659860000000001,LTU,EGY,842710
4116346,142,68,8917,2015,20663.0,0.0,0.880893,-0.117585,MLT,EGY,842710
4116347,159,68,8917,2015,0.0,179350.0,-1.415451,-1.157829,NGA,EGY,842710
4116348,162,68,8917,2015,1473058.0,0.0,1.230104,1.27344,NLD,EGY,842710
4116349,163,68,8917,2015,12289.0,0.0,0.950708,0.314339,NOR,EGY,842710
4116350,177,68,8917,2015,4963.0,0.0,1.145844,1.1449280000000002,POL,EGY,842710
4116351,183,68,8917,2015,0.0,5554.0,-0.077053,-0.9922719999999999,QAT,EGY,842710
4116352,185,68,8917,2015,4661.0,0.0,0.946363,1.056775,ROU,EGY,842710
4116353,208,68,8917,2015,953197.0,0.0,1.8068349999999997,0.693389,SWE,EGY,842710
4116354,224,68,8917,2015,443462.0,0.0,0.438669,2.519632,TUR,EGY,842710
4116355,231,68,8917,2015,852017.0,0.0,1.720478,-0.129322,USA,EGY,842710
4116356,249,68,8917,2015,50925.0,0.0,1.962832,1.214982,TWN,EGY,842710
4116357,7,74,8917,2015,0.0,41678.0,0.21779600000000002,-0.0047420000000000006,ARE,FIN,842710
4116358,8,74,8917,2015,0.0,80721.0,0.116896,0.30330999999999997,ARG,FIN,842710
4116359,14,74,8917,2015,0.0,801966.0,-0.292325,-0.043489,AUS,FIN,842710
4116360,15,74,8917,2015,355494.0,0.0,1.747098,-0.08026699999999999,AUT,FIN,842710
4116361,18,74,8917,2015,256237.0,2352951.0,1.329866,1.100641,BEL,FIN,842710
4116362,24,74,8917,2015,0.0,53187.0,0.36650900000000003,-0.28735,BHR,FIN,842710
4116363,25,74,8917,2015,0.0,8307.0,0.669493,-0.37838099999999997,BHS,FIN,842710
4116364,26,74,8917,2015,0.0,3992.0,0.355903,0.723092,BIH,FIN,842710
4116365,39,74,8917,2015,0.0,299769.0,0.695867,1.171676,CAN,FIN,842710
4116366,41,74,8917,2015,0.0,426421.0,2.306075,0.720781,CHE,FIN,842710
4116367,42,74,8917,2015,0.0,108323.0,-0.356167,-0.47629399999999994,CHL,FIN,842710
4116368,43,74,8917,2015,563131.0,1193962.0,1.077143,1.735757,CHN,FIN,842710
4116369,49,74,8917,2015,0.0,33171.0,0.156383,-0.183055,COL,FIN,842710
4116370,59,74,8917,2015,10451.0,26291.0,1.743012,0.45424,CZE,FIN,842710
4116371,61,74,8917,2015,8708806.0,238204.0,2.203818,-2.307561,DEU,FIN,842710
4116372,64,74,8917,2015,372277.0,3153508.0,1.157924,1.2045629999999998,DNK,FIN,842710
4116373,66,74,8917,2015,0.0,72656.0,-1.54346,-1.255633,DZA,FIN,842710
4116374,67,74,8917,2015,0.0,6897.0,-0.9845959999999999,-1.075639,ECU,FIN,842710
4116375,68,74,8917,2015,0.0,82714.0,-0.183053,1.765036,EGY,FIN,842710
4116376,71,74,8917,2015,688164.0,263155.0,0.8173590000000001,2.442556,ESP,FIN,842710
4116377,72,74,8917,2015,2918.0,41395.0,0.9281149999999999,1.1780389999999998,EST,FIN,842710
4116378,77,74,8917,2015,1014312.0,901164.0,1.479792,0.6490239999999999,FRA,FIN,842710
4116379,81,74,8917,2015,952568.0,0.0,1.7422990000000003,0.75838,GBR,FIN,842710
4116380,102,74,8917,2015,0.0,26676.0,1.462839,0.803258,HUN,FIN,842710
4116381,103,74,8917,2015,0.0,30180.0,-0.145103,1.277362,IDN,FIN,842710
4116382,106,74,8917,2015,526422.0,931651.0,1.304942,0.126431,IRL,FIN,842710
4116383,109,74,8917,2015,0.0,260128.0,0.24527600000000002,-0.411616,ISL,FIN,842710
4116384,111,74,8917,2015,5152754.0,22190.0,1.321127,0.747046,ITA,FIN,842710
4116385,114,74,8917,2015,0.0,44072.0,2.516133,-0.484202,JPN,FIN,842710
4116386,115,74,8917,2015,0.0,24051.0,-0.45091499999999995,-0.652026,KAZ,FIN,842710
4116387,121,74,8917,2015,55171.0,0.0,1.900653,0.859406,KOR,FIN,842710
4116388,124,74,8917,2015,0.0,19926.0,0.317355,1.330374,LBN,FIN,842710
4116389,128,74,8917,2015,0.0,5020.0,-0.6773399999999999,0.386343,LKA,FIN,842710
4116390,130,74,8917,2015,0.0,20395.0,0.749429,1.3659860000000001,LTU,FIN,842710
4116391,132,74,8917,2015,0.0,65450.0,0.602209,1.125357,LVA,FIN,842710
4116392,134,74,8917,2015,0.0,2158.0,-0.7554810000000001,-0.059697,MAR,FIN,842710
4116393,162,74,8917,2015,748093.0,56704996.0,1.230104,1.27344,NLD,FIN,842710
4116394,163,74,8917,2015,1122849.0,1330373.0,0.950708,0.314339,NOR,FIN,842710
4116395,167,74,8917,2015,0.0,13207.0,-0.4699,-1.00451,OMN,FIN,842710
4116396,168,74,8917,2015,0.0,3219.0,-0.7059979999999999,0.73501,PAK,FIN,842710
4116397,177,74,8917,2015,0.0,1035802.0,1.145844,1.1449280000000002,POL,FIN,842710
4116398,179,74,8917,2015,36510.0,0.0,0.561922,2.2276380000000002,PRT,FIN,842710
4116399,183,74,8917,2015,0.0,71783.0,-0.077053,-0.9922719999999999,QAT,FIN,842710
4116400,185,74,8917,2015,0.0,42688.0,0.946363,1.056775,ROU,FIN,842710
4116401,186,74,8917,2015,0.0,2159571.0,0.23119,0.035965,RUS,FIN,842710
4116402,188,74,8917,2015,0.0,113190.0,0.5552520000000001,-0.7263229999999999,SAU,FIN,842710
4116403,201,74,8917,2015,0.0,1789.0,0.457042,1.324908,SRB,FIN,842710
4116404,207,74,8917,2015,0.0,3733.0,1.6089879999999999,0.833616,SVN,FIN,842710
4116405,208,74,8917,2015,6612769.0,923349.0,1.8068349999999997,0.693389,SWE,FIN,842710
4116406,216,74,8917,2015,0.0,35039.0,0.965888,1.368572,THA,FIN,842710
4116407,223,74,8917,2015,0.0,342103.0,0.140202,0.967591,TUN,FIN,842710
4116408,224,74,8917,2015,0.0,168190.0,0.438669,2.519632,TUR,FIN,842710
4116409,228,74,8917,2015,0.0,4449.0,0.429879,0.701813,UKR,FIN,842710
4116410,231,74,8917,2015,4698.0,5928296.0,1.720478,-0.129322,USA,FIN,842710
4116411,232,74,8917,2015,0.0,968234.0,-0.724966,-0.599292,UZB,FIN,842710
4116412,246,74,8917,2015,0.0,38299.0,0.24944699999999997,1.7573159999999999,ZAF,FIN,842710
4116413,9,82,8917,2015,7403.0,0.0,0.037579,-0.42448800000000003,ARM,GEO,842710
4116414,15,82,8917,2015,6868.0,0.0,1.747098,-0.08026699999999999,AUT,GEO,842710
4116415,18,82,8917,2015,61065.0,0.0,1.329866,1.100641,BEL,GEO,842710
4116416,23,82,8917,2015,15525.0,0.0,0.45640699999999995,1.691455,BGR,GEO,842710
4116417,43,82,8917,2015,287211.0,0.0,1.077143,1.735757,CHN,GEO,842710
4116418,59,82,8917,2015,52050.0,0.0,1.743012,0.45424,CZE,GEO,842710
4116419,61,82,8917,2015,501348.0,0.0,2.203818,-2.307561,DEU,GEO,842710
4116420,71,82,8917,2015,1651.0,0.0,0.8173590000000001,2.442556,ESP,GEO,842710
4116421,81,82,8917,2015,14315.0,0.0,1.7422990000000003,0.75838,GBR,GEO,842710
4116422,104,82,8917,2015,0.0,4898.0,0.24230900000000002,2.8190880000000003,IND,GEO,842710
4116423,106,82,8917,2015,11874.0,0.0,1.304942,0.126431,IRL,GEO,842710
4116424,110,82,8917,2015,27500.0,0.0,1.260071,0.545545,ISR,GEO,842710
4116425,111,82,8917,2015,11645.0,0.0,1.321127,0.747046,ITA,GEO,842710
4116426,114,82,8917,2015,69235.0,0.0,2.516133,-0.484202,JPN,GEO,842710
4116427,121,82,8917,2015,19755.0,0.0,1.900653,0.859406,KOR,GEO,842710
4116428,162,82,8917,2015,33324.0,0.0,1.230104,1.27344,NLD,GEO,842710
4116429,177,82,8917,2015,8180.0,0.0,1.145844,1.1449280000000002,POL,GEO,842710
4116430,186,82,8917,2015,20697.0,0.0,0.23119,0.035965,RUS,GEO,842710
4116431,208,82,8917,2015,12541.0,0.0,1.8068349999999997,0.693389,SWE,GEO,842710
4116432,224,82,8917,2015,529953.0,0.0,0.438669,2.519632,TUR,GEO,842710
4116433,228,82,8917,2015,66865.0,18235.0,0.429879,0.701813,UKR,GEO,842710
4116434,249,82,8917,2015,140655.0,0.0,1.962832,1.214982,TWN,GEO,842710
4116435,4,90,8917,2015,0.0,13656.0,-0.601875,-0.27003,ALB,GRC,842710
4116436,15,90,8917,2015,0.0,3270.0,1.747098,-0.08026699999999999,AUT,GRC,842710
4116437,18,90,8917,2015,167901.0,0.0,1.329866,1.100641,BEL,GRC,842710
4116438,23,90,8917,2015,136783.0,13881.0,0.45640699999999995,1.691455,BGR,GRC,842710
4116439,43,90,8917,2015,413718.0,0.0,1.077143,1.735757,CHN,GRC,842710
4116440,58,90,8917,2015,27198.0,83638.0,0.511225,-0.207261,CYP,GRC,842710
4116441,59,90,8917,2015,59386.0,0.0,1.743012,0.45424,CZE,GRC,842710
4116442,61,90,8917,2015,3277688.0,29974.0,2.203818,-2.307561,DEU,GRC,842710
4116443,64,90,8917,2015,13988.0,0.0,1.157924,1.2045629999999998,DNK,GRC,842710
4116444,68,90,8917,2015,0.0,11276.0,-0.183053,1.765036,EGY,GRC,842710
4116445,71,90,8917,2015,181326.0,0.0,0.8173590000000001,2.442556,ESP,GRC,842710
4116446,77,90,8917,2015,350355.0,0.0,1.479792,0.6490239999999999,FRA,GRC,842710
4116447,81,90,8917,2015,78468.0,0.0,1.7422990000000003,0.75838,GBR,GRC,842710
4116448,111,90,8917,2015,2005699.0,0.0,1.321127,0.747046,ITA,GRC,842710
4116449,114,90,8917,2015,122093.0,0.0,2.516133,-0.484202,JPN,GRC,842710
4116450,121,90,8917,2015,33254.0,0.0,1.900653,0.859406,KOR,GRC,842710
4116451,132,90,8917,2015,0.0,12438.0,0.602209,1.125357,LVA,GRC,842710
4116452,140,90,8917,2015,28795.0,7794.0,-0.09009600000000001,-0.147359,MKD,GRC,842710
4116453,159,90,8917,2015,0.0,22473.0,-1.415451,-1.157829,NGA,GRC,842710
4116454,162,90,8917,2015,236707.0,26504.0,1.230104,1.27344,NLD,GRC,842710
4116455,177,90,8917,2015,38418.0,0.0,1.145844,1.1449280000000002,POL,GRC,842710
4116456,185,90,8917,2015,0.0,34694.0,0.946363,1.056775,ROU,GRC,842710
4116457,201,90,8917,2015,0.0,8969.0,0.457042,1.324908,SRB,GRC,842710
4116458,207,90,8917,2015,41159.0,0.0,1.6089879999999999,0.833616,SVN,GRC,842710
4116459,208,90,8917,2015,2833680.0,0.0,1.8068349999999997,0.693389,SWE,GRC,842710
4116460,224,90,8917,2015,1525.0,0.0,0.438669,2.519632,TUR,GRC,842710
4116461,15,100,8917,2015,35675.0,17857.0,1.747098,-0.08026699999999999,AUT,HRV,842710
4116462,18,100,8917,2015,24827.0,0.0,1.329866,1.100641,BEL,HRV,842710
4116463,26,100,8917,2015,55097.0,150067.0,0.355903,0.723092,BIH,HRV,842710
4116464,41,100,8917,2015,17713.0,0.0,2.306075,0.720781,CHE,HRV,842710
4116465,43,100,8917,2015,88658.0,0.0,1.077143,1.735757,CHN,HRV,842710
4116466,59,100,8917,2015,279541.0,0.0,1.743012,0.45424,CZE,HRV,842710
4116467,61,100,8917,2015,5751954.0,182715.0,2.203818,-2.307561,DEU,HRV,842710
4116468,64,100,8917,2015,992.0,0.0,1.157924,1.2045629999999998,DNK,HRV,842710
4116469,77,100,8917,2015,571627.0,496677.0,1.479792,0.6490239999999999,FRA,HRV,842710
4116470,81,100,8917,2015,53722.0,0.0,1.7422990000000003,0.75838,GBR,HRV,842710
4116471,102,100,8917,2015,4321.0,0.0,1.462839,0.803258,HUN,HRV,842710
4116472,106,100,8917,2015,78088.0,0.0,1.304942,0.126431,IRL,HRV,842710
4116473,111,100,8917,2015,884800.0,15185.0,1.321127,0.747046,ITA,HRV,842710
4116474,114,100,8917,2015,12883.0,0.0,2.516133,-0.484202,JPN,HRV,842710
4116475,140,100,8917,2015,0.0,2488.0,-0.09009600000000001,-0.147359,MKD,HRV,842710
4116476,144,100,8917,2015,0.0,10478.0,-0.048385000000000004,-0.150759,MNE,HRV,842710
4116477,162,100,8917,2015,91947.0,10603.0,1.230104,1.27344,NLD,HRV,842710
4116478,177,100,8917,2015,122996.0,0.0,1.145844,1.1449280000000002,POL,HRV,842710
4116479,185,100,8917,2015,0.0,73844.0,0.946363,1.056775,ROU,HRV,842710
4116480,186,100,8917,2015,25384.0,0.0,0.23119,0.035965,RUS,HRV,842710
4116481,201,100,8917,2015,4277.0,111843.0,0.457042,1.324908,SRB,HRV,842710
4116482,206,100,8917,2015,15075.0,0.0,1.287133,0.7900560000000001,SVK,HRV,842710
4116483,207,100,8917,2015,36347.0,21136.0,1.6089879999999999,0.833616,SVN,HRV,842710
4116484,208,100,8917,2015,541922.0,0.0,1.8068349999999997,0.693389,SWE,HRV,842710
4116485,2,106,8917,2015,0.0,214398.0,-1.6542,-1.2598989999999999,AGO,IRL,842710
4116486,7,106,8917,2015,0.0,1136035.0,0.21779600000000002,-0.0047420000000000006,ARE,IRL,842710
4116487,8,106,8917,2015,0.0,262132.0,0.116896,0.30330999999999997,ARG,IRL,842710
4116488,14,106,8917,2015,0.0,3467898.0,-0.292325,-0.043489,AUS,IRL,842710
4116489,15,106,8917,2015,0.0,218459.0,1.747098,-0.08026699999999999,AUT,IRL,842710
4116490,18,106,8917,2015,151772.0,1186588.0,1.329866,1.100641,BEL,IRL,842710
4116491,22,106,8917,2015,0.0,40849.0,-1.088465,-0.8745360000000001,BGD,IRL,842710
4116492,23,106,8917,2015,19361.0,307696.0,0.45640699999999995,1.691455,BGR,IRL,842710
4116493,24,106,8917,2015,0.0,205103.0,0.36650900000000003,-0.28735,BHR,IRL,842710
4116494,32,106,8917,2015,0.0,2466622.0,0.23656799999999997,0.688607,BRA,IRL,842710
4116495,39,106,8917,2015,0.0,1128432.0,0.695867,1.171676,CAN,IRL,842710
4116496,41,106,8917,2015,3596.0,1413825.0,2.306075,0.720781,CHE,IRL,842710
4116497,42,106,8917,2015,0.0,107631.0,-0.356167,-0.47629399999999994,CHL,IRL,842710
4116498,43,106,8917,2015,391139.0,983546.0,1.077143,1.735757,CHN,IRL,842710
4116499,49,106,8917,2015,0.0,527999.0,0.156383,-0.183055,COL,IRL,842710
4116500,52,106,8917,2015,0.0,30937.0,0.24859699999999998,-0.033143,CRI,IRL,842710
4116501,59,106,8917,2015,7711.0,38297.0,1.743012,0.45424,CZE,IRL,842710
4116502,61,106,8917,2015,13239451.0,2690309.0,2.203818,-2.307561,DEU,IRL,842710
4116503,64,106,8917,2015,21591.0,0.0,1.157924,1.2045629999999998,DNK,IRL,842710
4116504,66,106,8917,2015,0.0,112368.0,-1.54346,-1.255633,DZA,IRL,842710
4116505,67,106,8917,2015,0.0,32666.0,-0.9845959999999999,-1.075639,ECU,IRL,842710
4116506,68,106,8917,2015,0.0,55608.0,-0.183053,1.765036,EGY,IRL,842710
4116507,71,106,8917,2015,864802.0,405436.0,0.8173590000000001,2.442556,ESP,IRL,842710
4116508,74,106,8917,2015,931651.0,526422.0,1.597817,0.998059,FIN,IRL,842710
4116509,77,106,8917,2015,1264245.0,2400953.0,1.479792,0.6490239999999999,FRA,IRL,842710
4116510,81,106,8917,2015,4474714.0,21655700.0,1.7422990000000003,0.75838,GBR,IRL,842710
4116511,82,106,8917,2015,0.0,11874.0,-0.343663,-0.588017,GEO,IRL,842710
4116512,97,106,8917,2015,0.0,741216.0,0.8255290000000001,1.8017279999999998,HKG,IRL,842710
4116513,100,106,8917,2015,0.0,78088.0,0.7590140000000001,1.257415,HRV,IRL,842710
4116514,104,106,8917,2015,0.0,814852.0,0.24230900000000002,2.8190880000000003,IND,IRL,842710
4116515,110,106,8917,2015,0.0,137504.0,1.260071,0.545545,ISR,IRL,842710
4116516,111,106,8917,2015,3498642.0,41296.0,1.321127,0.747046,ITA,IRL,842710
4116517,114,106,8917,2015,21553.0,0.0,2.516133,-0.484202,JPN,IRL,842710
4116518,116,106,8917,2015,0.0,5183.0,-0.453564,0.433325,KEN,IRL,842710
4116519,121,106,8917,2015,311655.0,53088.0,1.900653,0.859406,KOR,IRL,842710
4116520,128,106,8917,2015,0.0,111111.0,-0.6773399999999999,0.386343,LKA,IRL,842710
4116521,130,106,8917,2015,0.0,7855.0,0.749429,1.3659860000000001,LTU,IRL,842710
4116522,131,106,8917,2015,3394.0,0.0,1.218924,1.247152,LUX,IRL,842710
4116523,138,106,8917,2015,0.0,300013.0,1.169724,0.61457,MEX,IRL,842710
4116524,142,106,8917,2015,0.0,15862.0,0.880893,-0.117585,MLT,IRL,842710
4116525,153,106,8917,2015,0.0,106824.0,1.082803,0.811615,MYS,IRL,842710
4116526,159,106,8917,2015,0.0,74182.0,-1.415451,-1.157829,NGA,IRL,842710
4116527,162,106,8917,2015,687447.0,1376022.0,1.230104,1.27344,NLD,IRL,842710
4116528,163,106,8917,2015,0.0,1241212.0,0.950708,0.314339,NOR,IRL,842710
4116529,166,106,8917,2015,0.0,659353.0,0.224598,0.253179,NZL,IRL,842710
4116530,167,106,8917,2015,0.0,87101.0,-0.4699,-1.00451,OMN,IRL,842710
4116531,168,106,8917,2015,0.0,85118.0,-0.7059979999999999,0.73501,PAK,IRL,842710
4116532,169,106,8917,2015,0.0,40945.0,0.642058,0.833392,PAN,IRL,842710
4116533,173,106,8917,2015,0.0,329264.0,-0.6007819999999999,0.32152800000000004,PER,IRL,842710
4116534,177,106,8917,2015,0.0,508574.0,1.145844,1.1449280000000002,POL,IRL,842710
4116535,179,106,8917,2015,0.0,169832.0,0.561922,2.2276380000000002,PRT,IRL,842710
4116536,185,106,8917,2015,23633.0,388023.0,0.946363,1.056775,ROU,IRL,842710
4116537,186,106,8917,2015,0.0,322117.0,0.23119,0.035965,RUS,IRL,842710
4116538,188,106,8917,2015,0.0,373379.0,0.5552520000000001,-0.7263229999999999,SAU,IRL,842710
4116539,191,106,8917,2015,0.0,61661.0,-0.708349,-0.296663,SEN,IRL,842710
4116540,192,106,8917,2015,0.0,382368.0,2.05613,0.593065,SGP,IRL,842710
4116541,201,106,8917,2015,0.0,97516.0,0.457042,1.324908,SRB,IRL,842710
4116542,206,106,8917,2015,0.0,141973.0,1.287133,0.7900560000000001,SVK,IRL,842710
4116543,207,106,8917,2015,0.0,40054.0,1.6089879999999999,0.833616,SVN,IRL,842710
4116544,208,106,8917,2015,1694135.0,0.0,1.8068349999999997,0.693389,SWE,IRL,842710
4116545,216,106,8917,2015,0.0,94220.0,0.965888,1.368572,THA,IRL,842710
4116546,224,106,8917,2015,0.0,697498.0,0.438669,2.519632,TUR,IRL,842710
4116547,228,106,8917,2015,0.0,30984.0,0.429879,0.701813,UKR,IRL,842710
4116548,231,106,8917,2015,182988.0,6708280.0,1.720478,-0.129322,USA,IRL,842710
4116549,246,106,8917,2015,0.0,381680.0,0.24944699999999997,1.7573159999999999,ZAF,IRL,842710
4116550,249,106,8917,2015,26911.0,0.0,1.962832,1.214982,TWN,IRL,842710
4116551,250,106,8917,2015,1848696.0,102726.0,0.377283,-0.092204,ANS,IRL,842710
4116552,7,107,8917,2015,2596549.0,0.0,0.21779600000000002,-0.0047420000000000006,ARE,IRN,842710
4116553,16,107,8917,2015,0.0,5261.0,-0.983347,-1.231542,AZE,IRN,842710
4116554,43,107,8917,2015,2769020.0,0.0,1.077143,1.735757,CHN,IRN,842710
4116555,59,107,8917,2015,5435.0,0.0,1.743012,0.45424,CZE,IRN,842710
4116556,61,107,8917,2015,1987258.0,0.0,2.203818,-2.307561,DEU,IRN,842710
4116557,97,107,8917,2015,35092.0,0.0,0.8255290000000001,1.8017279999999998,HKG,IRN,842710
4116558,111,107,8917,2015,217004.0,0.0,1.321127,0.747046,ITA,IRN,842710
4116559,114,107,8917,2015,252166.0,0.0,2.516133,-0.484202,JPN,IRN,842710
4116560,115,107,8917,2015,25582.0,0.0,-0.45091499999999995,-0.652026,KAZ,IRN,842710
4116561,121,107,8917,2015,1195762.0,0.0,1.900653,0.859406,KOR,IRN,842710
4116562,153,107,8917,2015,12906.0,0.0,1.082803,0.811615,MYS,IRN,842710
4116563,162,107,8917,2015,1190.0,0.0,1.230104,1.27344,NLD,IRN,842710
4116564,163,107,8917,2015,0.0,228080.0,0.950708,0.314339,NOR,IRN,842710
4116565,166,107,8917,2015,59836.0,21257.0,0.224598,0.253179,NZL,IRN,842710
4116566,224,107,8917,2015,370687.0,0.0,0.438669,2.519632,TUR,IRN,842710
4116567,249,107,8917,2015,331423.0,0.0,1.962832,1.214982,TWN,IRN,842710
4116568,250,107,8917,2015,16276.0,0.0,0.377283,-0.092204,ANS,IRN,842710
4116569,7,108,8917,2015,570749.0,0.0,0.21779600000000002,-0.0047420000000000006,ARE,IRQ,842710
4116570,43,108,8917,2015,176941.0,0.0,1.077143,1.735757,CHN,IRQ,842710
4116571,61,108,8917,2015,1136002.0,0.0,2.203818,-2.307561,DEU,IRQ,842710
4116572,64,108,8917,2015,13648.0,0.0,1.157924,1.2045629999999998,DNK,IRQ,842710
4116573,81,108,8917,2015,157718.0,0.0,1.7422990000000003,0.75838,GBR,IRQ,842710
4116574,111,108,8917,2015,49348.0,5454.0,1.321127,0.747046,ITA,IRQ,842710
4116575,114,108,8917,2015,31007.0,0.0,2.516133,-0.484202,JPN,IRQ,842710
4116576,122,108,8917,2015,59843.0,0.0,-0.352023,-1.153057,KWT,IRQ,842710
4116577,162,108,8917,2015,167123.0,0.0,1.230104,1.27344,NLD,IRQ,842710
4116578,183,108,8917,2015,28883.0,0.0,-0.077053,-0.9922719999999999,QAT,IRQ,842710
4116579,208,108,8917,2015,29654.0,0.0,1.8068349999999997,0.693389,SWE,IRQ,842710
4116580,224,108,8917,2015,513866.0,0.0,0.438669,2.519632,TUR,IRQ,842710
4116581,231,108,8917,2015,62877.0,0.0,1.720478,-0.129322,USA,IRQ,842710
4116582,15,115,8917,2015,4038.0,0.0,1.747098,-0.08026699999999999,AUT,KAZ,842710
4116583,16,115,8917,2015,0.0,11065.0,-0.983347,-1.231542,AZE,KAZ,842710
4116584,23,115,8917,2015,38381.0,0.0,0.45640699999999995,1.691455,BGR,KAZ,842710
4116585,28,115,8917,2015,45009.0,0.0,0.672499,0.5584020000000001,BLR,KAZ,842710
4116586,43,115,8917,2015,934064.0,0.0,1.077143,1.735757,CHN,KAZ,842710
4116587,61,115,8917,2015,2374242.0,0.0,2.203818,-2.307561,DEU,KAZ,842710
4116588,74,115,8917,2015,24051.0,0.0,1.597817,0.998059,FIN,KAZ,842710
4116589,81,115,8917,2015,164630.0,0.0,1.7422990000000003,0.75838,GBR,KAZ,842710
4116590,107,115,8917,2015,0.0,25582.0,-0.258946,-0.0073420000000000004,IRN,KAZ,842710
4116591,111,115,8917,2015,259485.0,0.0,1.321127,0.747046,ITA,KAZ,842710
4116592,114,115,8917,2015,771079.0,0.0,2.516133,-0.484202,JPN,KAZ,842710
4116593,130,115,8917,2015,95086.0,0.0,0.749429,1.3659860000000001,LTU,KAZ,842710
4116594,162,115,8917,2015,97207.0,0.0,1.230104,1.27344,NLD,KAZ,842710
4116595,177,115,8917,2015,43425.0,0.0,1.145844,1.1449280000000002,POL,KAZ,842710
4116596,186,115,8917,2015,739297.0,0.0,0.23119,0.035965,RUS,KAZ,842710
4116597,208,115,8917,2015,248477.0,0.0,1.8068349999999997,0.693389,SWE,KAZ,842710
4116598,224,115,8917,2015,14019.0,0.0,0.438669,2.519632,TUR,KAZ,842710
4116599,231,115,8917,2015,260104.0,0.0,1.720478,-0.129322,USA,KAZ,842710
4116600,232,115,8917,2015,0.0,7170.0,-0.724966,-0.599292,UZB,KAZ,842710
4116601,7,116,8917,2015,30433.0,0.0,0.21779600000000002,-0.0047420000000000006,ARE,KEN,842710
4116602,18,116,8917,2015,63270.0,0.0,1.329866,1.100641,BEL,KEN,842710
4116603,43,116,8917,2015,266557.0,0.0,1.077143,1.735757,CHN,KEN,842710
4116604,61,116,8917,2015,71409.0,0.0,2.203818,-2.307561,DEU,KEN,842710
4116605,64,116,8917,2015,8535.0,0.0,1.157924,1.2045629999999998,DNK,KEN,842710
4116606,68,116,8917,2015,0.0,5874.0,-0.183053,1.765036,EGY,KEN,842710
4116607,81,116,8917,2015,994521.0,0.0,1.7422990000000003,0.75838,GBR,KEN,842710
4116608,104,116,8917,2015,26979.0,0.0,0.24230900000000002,2.8190880000000003,IND,KEN,842710
4116609,106,116,8917,2015,5183.0,0.0,1.304942,0.126431,IRL,KEN,842710
4116610,111,116,8917,2015,114678.0,0.0,1.321127,0.747046,ITA,KEN,842710
4116611,114,116,8917,2015,36274.0,0.0,2.516133,-0.484202,JPN,KEN,842710
4116612,121,116,8917,2015,101411.0,0.0,1.900653,0.859406,KOR,KEN,842710
4116613,151,116,8917,2015,0.0,40714.0,-0.231762,-0.195051,MUS,KEN,842710
4116614,162,116,8917,2015,137630.0,0.0,1.230104,1.27344,NLD,KEN,842710
4116615,208,116,8917,2015,130817.0,0.0,1.8068349999999997,0.693389,SWE,KEN,842710
4116616,227,116,8917,2015,4727.0,755572.0,-0.611023,0.078961,UGA,KEN,842710
4116617,231,116,8917,2015,72875.0,0.0,1.720478,-0.129322,USA,KEN,842710
4116618,246,116,8917,2015,247014.0,0.0,0.24944699999999997,1.7573159999999999,ZAF,KEN,842710
4116619,18,117,8917,2015,1116.0,0.0,1.329866,1.100641,BEL,KGZ,842710
4116620,23,117,8917,2015,2884.0,0.0,0.45640699999999995,1.691455,BGR,KGZ,842710
4116621,43,117,8917,2015,36983.0,0.0,1.077143,1.735757,CHN,KGZ,842710
4116622,61,117,8917,2015,7701.0,0.0,2.203818,-2.307561,DEU,KGZ,842710
4116623,111,117,8917,2015,100891.0,0.0,1.321127,0.747046,ITA,KGZ,842710
4116624,114,117,8917,2015,8212.0,0.0,2.516133,-0.484202,JPN,KGZ,842710
4116625,130,117,8917,2015,1996.0,0.0,0.749429,1.3659860000000001,LTU,KGZ,842710
4116626,132,117,8917,2015,1004.0,0.0,0.602209,1.125357,LVA,KGZ,842710
4116627,224,117,8917,2015,110743.0,0.0,0.438669,2.519632,TUR,KGZ,842710
4116628,2,124,8917,2015,0.0,56691.0,-1.6542,-1.2598989999999999,AGO,LBN,842710
4116629,7,124,8917,2015,161024.0,0.0,0.21779600000000002,-0.0047420000000000006,ARE,LBN,842710
4116630,14,124,8917,2015,1503.0,0.0,-0.292325,-0.043489,AUS,LBN,842710
4116631,18,124,8917,2015,34803.0,0.0,1.329866,1.100641,BEL,LBN,842710
4116632,41,124,8917,2015,6081.0,0.0,2.306075,0.720781,CHE,LBN,842710
4116633,43,124,8917,2015,300328.0,0.0,1.077143,1.735757,CHN,LBN,842710
4116634,45,124,8917,2015,0.0,15438.0,-0.924366,-1.040721,CMR,LBN,842710
4116635,47,124,8917,2015,0.0,12582.0,-1.294823,-1.18811,COG,LBN,842710
4116636,58,124,8917,2015,9590.0,0.0,0.511225,-0.207261,CYP,LBN,842710
4116637,61,124,8917,2015,750002.0,0.0,2.203818,-2.307561,DEU,LBN,842710
4116638,74,124,8917,2015,19926.0,0.0,1.597817,0.998059,FIN,LBN,842710
4116639,77,124,8917,2015,9130.0,0.0,1.479792,0.6490239999999999,FRA,LBN,842710
4116640,81,124,8917,2015,55249.0,0.0,1.7422990000000003,0.75838,GBR,LBN,842710
4116641,83,124,8917,2015,0.0,8876.0,-0.750568,-0.690257,GHA,LBN,842710
4116642,85,124,8917,2015,0.0,13210.0,-1.288329,-1.167532,GIN,LBN,842710
4116643,111,124,8917,2015,175181.0,0.0,1.321127,0.747046,ITA,LBN,842710
4116644,114,124,8917,2015,182489.0,0.0,2.516133,-0.484202,JPN,LBN,842710
4116645,121,124,8917,2015,80966.0,0.0,1.900653,0.859406,KOR,LBN,842710
4116646,125,124,8917,2015,0.0,1256.0,-1.087459,-1.195708,LBR,LBN,842710
4116647,159,124,8917,2015,0.0,20467.0,-1.415451,-1.157829,NGA,LBN,842710
4116648,162,124,8917,2015,39692.0,0.0,1.230104,1.27344,NLD,LBN,842710
4116649,177,124,8917,2015,3992.0,0.0,1.145844,1.1449280000000002,POL,LBN,842710
4116650,208,124,8917,2015,257708.0,1681.0,1.8068349999999997,0.693389,SWE,LBN,842710
4116651,231,124,8917,2015,258612.0,0.0,1.720478,-0.129322,USA,LBN,842710
4116652,43,128,8917,2015,563283.0,0.0,1.077143,1.735757,CHN,LKA,842710
4116653,61,128,8917,2015,674038.0,0.0,2.203818,-2.307561,DEU,LKA,842710
4116654,74,128,8917,2015,5020.0,0.0,1.597817,0.998059,FIN,LKA,842710
4116655,77,128,8917,2015,2614.0,0.0,1.479792,0.6490239999999999,FRA,LKA,842710
4116656,81,128,8917,2015,29339.0,0.0,1.7422990000000003,0.75838,GBR,LKA,842710
4116657,104,128,8917,2015,73260.0,0.0,0.24230900000000002,2.8190880000000003,IND,LKA,842710
4116658,106,128,8917,2015,111111.0,0.0,1.304942,0.126431,IRL,LKA,842710
4116659,111,128,8917,2015,16097.0,0.0,1.321127,0.747046,ITA,LKA,842710
4116660,114,128,8917,2015,204224.0,0.0,2.516133,-0.484202,JPN,LKA,842710
4116661,137,128,8917,2015,0.0,47612.0,-0.321571,-0.858751,MDV,LKA,842710
4116662,153,128,8917,2015,10011.0,0.0,1.082803,0.811615,MYS,LKA,842710
4116663,162,128,8917,2015,10758.0,0.0,1.230104,1.27344,NLD,LKA,842710
4116664,192,128,8917,2015,214288.0,0.0,2.05613,0.593065,SGP,LKA,842710
4116665,208,128,8917,2015,279552.0,0.0,1.8068349999999997,0.693389,SWE,LKA,842710
4116666,216,128,8917,2015,375750.0,0.0,0.965888,1.368572,THA,LKA,842710
4116667,231,128,8917,2015,651326.0,0.0,1.720478,-0.129322,USA,LKA,842710
4116668,249,128,8917,2015,16747.0,0.0,1.962832,1.214982,TWN,LKA,842710
4116669,15,130,8917,2015,12238.0,0.0,1.747098,-0.08026699999999999,AUT,LTU,842710
4116670,18,130,8917,2015,54390.0,0.0,1.329866,1.100641,BEL,LTU,842710
4116671,23,130,8917,2015,27941.0,7909.0,0.45640699999999995,1.691455,BGR,LTU,842710
4116672,28,130,8917,2015,22110.0,96060.0,0.672499,0.5584020000000001,BLR,LTU,842710
4116673,43,130,8917,2015,927172.0,0.0,1.077143,1.735757,CHN,LTU,842710
4116674,59,130,8917,2015,83277.0,0.0,1.743012,0.45424,CZE,LTU,842710
4116675,61,130,8917,2015,3522938.0,5549.0,2.203818,-2.307561,DEU,LTU,842710
4116676,64,130,8917,2015,54071.0,0.0,1.157924,1.2045629999999998,DNK,LTU,842710
4116677,68,130,8917,2015,0.0,1770.0,-0.183053,1.765036,EGY,LTU,842710
4116678,71,130,8917,2015,432829.0,18009.0,0.8173590000000001,2.442556,ESP,LTU,842710
4116679,72,130,8917,2015,22669.0,130308.0,0.9281149999999999,1.1780389999999998,EST,LTU,842710
4116680,74,130,8917,2015,20395.0,0.0,1.597817,0.998059,FIN,LTU,842710
4116681,77,130,8917,2015,378355.0,0.0,1.479792,0.6490239999999999,FRA,LTU,842710
4116682,81,130,8917,2015,499329.0,0.0,1.7422990000000003,0.75838,GBR,LTU,842710
4116683,106,130,8917,2015,7855.0,0.0,1.304942,0.126431,IRL,LTU,842710
4116684,110,130,8917,2015,0.0,52737.0,1.260071,0.545545,ISR,LTU,842710
4116685,111,130,8917,2015,367901.0,0.0,1.321127,0.747046,ITA,LTU,842710
4116686,114,130,8917,2015,41416.0,0.0,2.516133,-0.484202,JPN,LTU,842710
4116687,115,130,8917,2015,0.0,95086.0,-0.45091499999999995,-0.652026,KAZ,LTU,842710
4116688,117,130,8917,2015,0.0,1996.0,0.02058,0.438692,KGZ,LTU,842710
4116689,121,130,8917,2015,160498.0,0.0,1.900653,0.859406,KOR,LTU,842710
4116690,132,130,8917,2015,1635692.0,688835.0,0.602209,1.125357,LVA,LTU,842710
4116691,135,130,8917,2015,0.0,6437.0,-0.313837,-0.20393,MDA,LTU,842710
4116692,162,130,8917,2015,361665.0,80299.0,1.230104,1.27344,NLD,LTU,842710
4116693,163,130,8917,2015,27176.0,0.0,0.950708,0.314339,NOR,LTU,842710
4116694,177,130,8917,2015,68453.0,31693.0,1.145844,1.1449280000000002,POL,LTU,842710
4116695,185,130,8917,2015,4714.0,0.0,0.946363,1.056775,ROU,LTU,842710
4116696,186,130,8917,2015,15380.0,773799.0,0.23119,0.035965,RUS,LTU,842710
4116697,208,130,8917,2015,787480.0,0.0,1.8068349999999997,0.693389,SWE,LTU,842710
4116698,224,130,8917,2015,13534.0,0.0,0.438669,2.519632,TUR,LTU,842710
4116699,228,130,8917,2015,0.0,4678.0,0.429879,0.701813,UKR,LTU,842710
4116700,18,131,8917,2015,3143754.0,236299.0,1.329866,1.100641,BEL,LUX,842710
4116701,43,131,8917,2015,18496.0,0.0,1.077143,1.735757,CHN,LUX,842710
4116702,59,131,8917,2015,5894.0,0.0,1.743012,0.45424,CZE,LUX,842710
4116703,61,131,8917,2015,4266038.0,66366.0,2.203818,-2.307561,DEU,LUX,842710
4116704,64,131,8917,2015,123300.0,154251.0,1.157924,1.2045629999999998,DNK,LUX,842710
4116705,77,131,8917,2015,78998.0,14801.0,1.479792,0.6490239999999999,FRA,LUX,842710
4116706,81,131,8917,2015,247266.0,0.0,1.7422990000000003,0.75838,GBR,LUX,842710
4116707,106,131,8917,2015,0.0,3394.0,1.304942,0.126431,IRL,LUX,842710
4116708,111,131,8917,2015,661315.0,0.0,1.321127,0.747046,ITA,LUX,842710
4116709,114,131,8917,2015,475186.0,0.0,2.516133,-0.484202,JPN,LUX,842710
4116710,134,131,8917,2015,0.0,3055.0,-0.7554810000000001,-0.059697,MAR,LUX,842710
4116711,162,131,8917,2015,2475526.0,172395.0,1.230104,1.27344,NLD,LUX,842710
4116712,185,131,8917,2015,0.0,62582.0,0.946363,1.056775,ROU,LUX,842710
4116713,187,131,8917,2015,0.0,44684.0,-0.755738,-0.4423,RWA,LUX,842710
4116714,208,131,8917,2015,81488.0,575740.0,1.8068349999999997,0.693389,SWE,LUX,842710
4116715,250,131,8917,2015,44520.0,0.0,0.377283,-0.092204,ANS,LUX,842710
4116716,15,132,8917,2015,7722.0,0.0,1.747098,-0.08026699999999999,AUT,LVA,842710
4116717,18,132,8917,2015,43979.0,8475.0,1.329866,1.100641,BEL,LVA,842710
4116718,23,132,8917,2015,4944.0,1328.0,0.45640699999999995,1.691455,BGR,LVA,842710
4116719,28,132,8917,2015,0.0,34718.0,0.672499,0.5584020000000001,BLR,LVA,842710
4116720,41,132,8917,2015,1745.0,0.0,2.306075,0.720781,CHE,LVA,842710
4116721,43,132,8917,2015,716856.0,0.0,1.077143,1.735757,CHN,LVA,842710
4116722,59,132,8917,2015,29932.0,0.0,1.743012,0.45424,CZE,LVA,842710
4116723,61,132,8917,2015,2377231.0,2320.0,2.203818,-2.307561,DEU,LVA,842710
4116724,64,132,8917,2015,48539.0,0.0,1.157924,1.2045629999999998,DNK,LVA,842710
4116725,71,132,8917,2015,859542.0,0.0,0.8173590000000001,2.442556,ESP,LVA,842710
4116726,72,132,8917,2015,22334.0,685888.0,0.9281149999999999,1.1780389999999998,EST,LVA,842710
4116727,74,132,8917,2015,65450.0,0.0,1.597817,0.998059,FIN,LVA,842710
4116728,77,132,8917,2015,107969.0,0.0,1.479792,0.6490239999999999,FRA,LVA,842710
4116729,81,132,8917,2015,61152.0,0.0,1.7422990000000003,0.75838,GBR,LVA,842710
4116730,90,132,8917,2015,12438.0,0.0,0.099027,1.012289,GRC,LVA,842710
4116731,111,132,8917,2015,1322068.0,0.0,1.321127,0.747046,ITA,LVA,842710
4116732,117,132,8917,2015,0.0,1004.0,0.02058,0.438692,KGZ,LVA,842710
4116733,130,132,8917,2015,688835.0,1635692.0,0.749429,1.3659860000000001,LTU,LVA,842710
4116734,162,132,8917,2015,52977.0,13011.0,1.230104,1.27344,NLD,LVA,842710
4116735,163,132,8917,2015,219655.0,41334.0,0.950708,0.314339,NOR,LVA,842710
4116736,177,132,8917,2015,18174.0,0.0,1.145844,1.1449280000000002,POL,LVA,842710
4116737,179,132,8917,2015,0.0,15231.0,0.561922,2.2276380000000002,PRT,LVA,842710
4116738,186,132,8917,2015,66059.0,183329.0,0.23119,0.035965,RUS,LVA,842710
4116739,208,132,8917,2015,4144035.0,0.0,1.8068349999999997,0.693389,SWE,LVA,842710
4116740,228,132,8917,2015,1683.0,0.0,0.429879,0.701813,UKR,LVA,842710
4116741,166,139,8917,2015,29507.0,0.0,0.224598,0.253179,NZL,MHL,842710
4116742,231,139,8917,2015,33957.0,0.0,1.720478,-0.129322,USA,MHL,842710
4116743,4,140,8917,2015,0.0,9637.0,-0.601875,-0.27003,ALB,MKD,842710
4116744,15,140,8917,2015,42768.0,0.0,1.747098,-0.08026699999999999,AUT,MKD,842710
4116745,18,140,8917,2015,44990.0,0.0,1.329866,1.100641,BEL,MKD,842710
4116746,41,140,8917,2015,1954.0,0.0,2.306075,0.720781,CHE,MKD,842710
4116747,43,140,8917,2015,7246.0,0.0,1.077143,1.735757,CHN,MKD,842710
4116748,59,140,8917,2015,13754.0,0.0,1.743012,0.45424,CZE,MKD,842710
4116749,61,140,8917,2015,294997.0,0.0,2.203818,-2.307561,DEU,MKD,842710
4116750,64,140,8917,2015,1936.0,0.0,1.157924,1.2045629999999998,DNK,MKD,842710
4116751,71,140,8917,2015,18980.0,0.0,0.8173590000000001,2.442556,ESP,MKD,842710
4116752,77,140,8917,2015,14876.0,0.0,1.479792,0.6490239999999999,FRA,MKD,842710
4116753,81,140,8917,2015,5599.0,0.0,1.7422990000000003,0.75838,GBR,MKD,842710
4116754,90,140,8917,2015,7794.0,28795.0,0.099027,1.012289,GRC,MKD,842710
4116755,100,140,8917,2015,2488.0,0.0,0.7590140000000001,1.257415,HRV,MKD,842710
4116756,111,140,8917,2015,102407.0,0.0,1.321127,0.747046,ITA,MKD,842710
4116757,114,140,8917,2015,25908.0,0.0,2.516133,-0.484202,JPN,MKD,842710
4116758,162,140,8917,2015,61837.0,0.0,1.230104,1.27344,NLD,MKD,842710
4116759,163,140,8917,2015,553.0,0.0,0.950708,0.314339,NOR,MKD,842710
4116760,177,140,8917,2015,4795.0,0.0,1.145844,1.1449280000000002,POL,MKD,842710
4116761,185,140,8917,2015,0.0,23402.0,0.946363,1.056775,ROU,MKD,842710
4116762,201,140,8917,2015,472579.0,96574.0,0.457042,1.324908,SRB,MKD,842710
4116763,207,140,8917,2015,14323.0,0.0,1.6089879999999999,0.833616,SVN,MKD,842710
4116764,208,140,8917,2015,111774.0,0.0,1.8068349999999997,0.693389,SWE,MKD,842710
4116765,224,140,8917,2015,4832.0,0.0,0.438669,2.519632,TUR,MKD,842710
4116766,231,140,8917,2015,2263.0,0.0,1.720478,-0.129322,USA,MKD,842710
4116767,18,142,8917,2015,62782.0,0.0,1.329866,1.100641,BEL,MLT,842710
4116768,43,142,8917,2015,68224.0,0.0,1.077143,1.735757,CHN,MLT,842710
4116769,59,142,8917,2015,17973.0,0.0,1.743012,0.45424,CZE,MLT,842710
4116770,61,142,8917,2015,175003.0,0.0,2.203818,-2.307561,DEU,MLT,842710
4116771,68,142,8917,2015,0.0,20663.0,-0.183053,1.765036,EGY,MLT,842710
4116772,81,142,8917,2015,286794.0,0.0,1.7422990000000003,0.75838,GBR,MLT,842710
4116773,106,142,8917,2015,15862.0,0.0,1.304942,0.126431,IRL,MLT,842710
4116774,111,142,8917,2015,362750.0,8222.0,1.321127,0.747046,ITA,MLT,842710
4116775,121,142,8917,2015,58208.0,0.0,1.900653,0.859406,KOR,MLT,842710
4116776,126,142,8917,2015,0.0,40452.0,-1.3257219999999998,-1.260453,LBY,MLT,842710
4116777,162,142,8917,2015,60023.0,1076.0,1.230104,1.27344,NLD,MLT,842710
4116778,179,142,8917,2015,68930.0,22334.0,0.561922,2.2276380000000002,PRT,MLT,842710
4116779,208,142,8917,2015,192788.0,0.0,1.8068349999999997,0.693389,SWE,MLT,842710
4116780,231,142,8917,2015,46435.0,0.0,1.720478,-0.129322,USA,MLT,842710
4116781,7,143,8917,2015,26148.0,0.0,0.21779600000000002,-0.0047420000000000006,ARE,MMR,842710
4116782,43,143,8917,2015,606030.0,0.0,1.077143,1.735757,CHN,MMR,842710
4116783,61,143,8917,2015,114263.0,0.0,2.203818,-2.307561,DEU,MMR,842710
4116784,77,143,8917,2015,25867.0,0.0,1.479792,0.6490239999999999,FRA,MMR,842710
4116785,81,143,8917,2015,973.0,0.0,1.7422990000000003,0.75838,GBR,MMR,842710
4116786,114,143,8917,2015,248787.0,0.0,2.516133,-0.484202,JPN,MMR,842710
4116787,121,143,8917,2015,90127.0,0.0,1.900653,0.859406,KOR,MMR,842710
4116788,153,143,8917,2015,11276.0,0.0,1.082803,0.811615,MYS,MMR,842710
4116789,192,143,8917,2015,324361.0,0.0,2.05613,0.593065,SGP,MMR,842710
4116790,216,143,8917,2015,142762.0,0.0,0.965888,1.368572,THA,MMR,842710
4116791,239,143,8917,2015,4578.0,0.0,-0.17108900000000002,1.10995,VNM,MMR,842710
4116792,249,143,8917,2015,14243.0,0.0,1.962832,1.214982,TWN,MMR,842710
4116793,15,163,8917,2015,0.0,105991.0,1.747098,-0.08026699999999999,AUT,NOR,842710
4116794,18,163,8917,2015,70392.0,34329.0,1.329866,1.100641,BEL,NOR,842710
4116795,39,163,8917,2015,7106.0,0.0,0.695867,1.171676,CAN,NOR,842710
4116796,41,163,8917,2015,35464.0,0.0,2.306075,0.720781,CHE,NOR,842710
4116797,43,163,8917,2015,723718.0,0.0,1.077143,1.735757,CHN,NOR,842710
4116798,45,163,8917,2015,26765.0,0.0,-0.924366,-1.040721,CMR,NOR,842710
4116799,59,163,8917,2015,39118.0,74404.0,1.743012,0.45424,CZE,NOR,842710
4116800,61,163,8917,2015,26038488.0,186475.0,2.203818,-2.307561,DEU,NOR,842710
4116801,64,163,8917,2015,295462.0,208993.0,1.157924,1.2045629999999998,DNK,NOR,842710
4116802,68,163,8917,2015,0.0,12289.0,-0.183053,1.765036,EGY,NOR,842710
4116803,71,163,8917,2015,774787.0,20599.0,0.8173590000000001,2.442556,ESP,NOR,842710
4116804,72,163,8917,2015,0.0,5312.0,0.9281149999999999,1.1780389999999998,EST,NOR,842710
4116805,74,163,8917,2015,1330373.0,1122849.0,1.597817,0.998059,FIN,NOR,842710
4116806,77,163,8917,2015,1136786.0,0.0,1.479792,0.6490239999999999,FRA,NOR,842710
4116807,81,163,8917,2015,702488.0,0.0,1.7422990000000003,0.75838,GBR,NOR,842710
4116808,106,163,8917,2015,1241212.0,0.0,1.304942,0.126431,IRL,NOR,842710
4116809,107,163,8917,2015,228080.0,0.0,-0.258946,-0.0073420000000000004,IRN,NOR,842710
4116810,110,163,8917,2015,0.0,56503.0,1.260071,0.545545,ISR,NOR,842710
4116811,111,163,8917,2015,11266685.0,60879.0,1.321127,0.747046,ITA,NOR,842710
4116812,114,163,8917,2015,68752.0,0.0,2.516133,-0.484202,JPN,NOR,842710
4116813,121,163,8917,2015,422590.0,0.0,1.900653,0.859406,KOR,NOR,842710
4116814,130,163,8917,2015,0.0,27176.0,0.749429,1.3659860000000001,LTU,NOR,842710
4116815,132,163,8917,2015,41334.0,219655.0,0.602209,1.125357,LVA,NOR,842710
4116816,140,163,8917,2015,0.0,553.0,-0.09009600000000001,-0.147359,MKD,NOR,842710
4116817,162,163,8917,2015,892388.0,238972.0,1.230104,1.27344,NLD,NOR,842710
4116818,177,163,8917,2015,63728.0,51094.0,1.145844,1.1449280000000002,POL,NOR,842710
4116819,179,163,8917,2015,0.0,20380.0,0.561922,2.2276380000000002,PRT,NOR,842710
4116820,201,163,8917,2015,0.0,1340.0,0.457042,1.324908,SRB,NOR,842710
4116821,206,163,8917,2015,9704.0,0.0,1.287133,0.7900560000000001,SVK,NOR,842710
4116822,208,163,8917,2015,15236935.0,342294.0,1.8068349999999997,0.693389,SWE,NOR,842710
4116823,231,163,8917,2015,212333.0,0.0,1.720478,-0.129322,USA,NOR,842710
4116824,43,164,8917,2015,65344.0,0.0,1.077143,1.735757,CHN,NPL,842710
4116825,104,164,8917,2015,67365.0,0.0,0.24230900000000002,2.8190880000000003,IND,NPL,842710
4116826,7,167,8917,2015,597911.0,92773.0,0.21779600000000002,-0.0047420000000000006,ARE,OMN,842710
4116827,18,167,8917,2015,239228.0,0.0,1.329866,1.100641,BEL,OMN,842710
4116828,39,167,8917,2015,109436.0,0.0,0.695867,1.171676,CAN,OMN,842710
4116829,43,167,8917,2015,274521.0,0.0,1.077143,1.735757,CHN,OMN,842710
4116830,61,167,8917,2015,785490.0,0.0,2.203818,-2.307561,DEU,OMN,842710
4116831,64,167,8917,2015,4621.0,0.0,1.157924,1.2045629999999998,DNK,OMN,842710
4116832,71,167,8917,2015,7832.0,0.0,0.8173590000000001,2.442556,ESP,OMN,842710
4116833,74,167,8917,2015,13207.0,0.0,1.597817,0.998059,FIN,OMN,842710
4116834,77,167,8917,2015,34577.0,0.0,1.479792,0.6490239999999999,FRA,OMN,842710
4116835,81,167,8917,2015,264426.0,0.0,1.7422990000000003,0.75838,GBR,OMN,842710
4116836,104,167,8917,2015,60474.0,0.0,0.24230900000000002,2.8190880000000003,IND,OMN,842710
4116837,106,167,8917,2015,87101.0,0.0,1.304942,0.126431,IRL,OMN,842710
4116838,111,167,8917,2015,64472.0,0.0,1.321127,0.747046,ITA,OMN,842710
4116839,114,167,8917,2015,442703.0,0.0,2.516133,-0.484202,JPN,OMN,842710
4116840,153,167,8917,2015,7051.0,0.0,1.082803,0.811615,MYS,OMN,842710
4116841,162,167,8917,2015,63733.0,0.0,1.230104,1.27344,NLD,OMN,842710
4116842,183,167,8917,2015,0.0,27542.0,-0.077053,-0.9922719999999999,QAT,OMN,842710
4116843,207,167,8917,2015,4836.0,0.0,1.6089879999999999,0.833616,SVN,OMN,842710
4116844,208,167,8917,2015,305695.0,0.0,1.8068349999999997,0.693389,SWE,OMN,842710
4116845,216,167,8917,2015,66323.0,0.0,0.965888,1.368572,THA,OMN,842710
4116846,224,167,8917,2015,81001.0,0.0,0.438669,2.519632,TUR,OMN,842710
4116847,231,167,8917,2015,208123.0,0.0,1.720478,-0.129322,USA,OMN,842710
4116848,249,167,8917,2015,252885.0,0.0,1.962832,1.214982,TWN,OMN,842710
4116849,7,183,8917,2015,220097.0,18159.0,0.21779600000000002,-0.0047420000000000006,ARE,QAT,842710
4116850,18,183,8917,2015,10984.0,0.0,1.329866,1.100641,BEL,QAT,842710
4116851,24,183,8917,2015,9024.0,0.0,0.36650900000000003,-0.28735,BHR,QAT,842710
4116852,43,183,8917,2015,328459.0,0.0,1.077143,1.735757,CHN,QAT,842710
4116853,61,183,8917,2015,940812.0,0.0,2.203818,-2.307561,DEU,QAT,842710
4116854,68,183,8917,2015,5554.0,0.0,-0.183053,1.765036,EGY,QAT,842710
4116855,74,183,8917,2015,71783.0,0.0,1.597817,0.998059,FIN,QAT,842710
4116856,77,183,8917,2015,332170.0,0.0,1.479792,0.6490239999999999,FRA,QAT,842710
4116857,81,183,8917,2015,298008.0,0.0,1.7422990000000003,0.75838,GBR,QAT,842710
4116858,108,183,8917,2015,0.0,28883.0,-1.465803,-0.912113,IRQ,QAT,842710
4116859,111,183,8917,2015,70880.0,0.0,1.321127,0.747046,ITA,QAT,842710
4116860,114,183,8917,2015,294935.0,0.0,2.516133,-0.484202,JPN,QAT,842710
4116861,121,183,8917,2015,50427.0,0.0,1.900653,0.859406,KOR,QAT,842710
4116862,122,183,8917,2015,438001.0,127630.0,-0.352023,-1.153057,KWT,QAT,842710
4116863,162,183,8917,2015,81556.0,0.0,1.230104,1.27344,NLD,QAT,842710
4116864,167,183,8917,2015,27542.0,0.0,-0.4699,-1.00451,OMN,QAT,842710
4116865,188,183,8917,2015,65910.0,0.0,0.5552520000000001,-0.7263229999999999,SAU,QAT,842710
4116866,208,183,8917,2015,639494.0,0.0,1.8068349999999997,0.693389,SWE,QAT,842710
4116867,216,183,8917,2015,47626.0,0.0,0.965888,1.368572,THA,QAT,842710
4116868,231,183,8917,2015,690127.0,0.0,1.720478,-0.129322,USA,QAT,842710
4116869,249,183,8917,2015,5748.0,0.0,1.962832,1.214982,TWN,QAT,842710
4116870,8,185,8917,2015,0.0,861754.0,0.116896,0.30330999999999997,ARG,ROU,842710
4116871,15,185,8917,2015,1170374.0,0.0,1.747098,-0.08026699999999999,AUT,ROU,842710
4116872,18,185,8917,2015,943645.0,564536.0,1.329866,1.100641,BEL,ROU,842710
4116873,23,185,8917,2015,505644.0,498122.0,0.45640699999999995,1.691455,BGR,ROU,842710
4116874,32,185,8917,2015,0.0,953470.0,0.23656799999999997,0.688607,BRA,ROU,842710
4116875,39,185,8917,2015,15857.0,112183.0,0.695867,1.171676,CAN,ROU,842710
4116876,41,185,8917,2015,1043.0,4867.0,2.306075,0.720781,CHE,ROU,842710
4116877,42,185,8917,2015,0.0,53701.0,-0.356167,-0.47629399999999994,CHL,ROU,842710
4116878,43,185,8917,2015,418142.0,1283113.0,1.077143,1.735757,CHN,ROU,842710
4116879,59,185,8917,2015,436543.0,0.0,1.743012,0.45424,CZE,ROU,842710
4116880,61,185,8917,2015,15337086.0,13999.0,2.203818,-2.307561,DEU,ROU,842710
4116881,64,185,8917,2015,18648.0,0.0,1.157924,1.2045629999999998,DNK,ROU,842710
4116882,68,185,8917,2015,0.0,4661.0,-0.183053,1.765036,EGY,ROU,842710
4116883,71,185,8917,2015,472593.0,31500.0,0.8173590000000001,2.442556,ESP,ROU,842710
4116884,74,185,8917,2015,42688.0,0.0,1.597817,0.998059,FIN,ROU,842710
4116885,77,185,8917,2015,949134.0,0.0,1.479792,0.6490239999999999,FRA,ROU,842710
4116886,81,185,8917,2015,953810.0,986737.0,1.7422990000000003,0.75838,GBR,ROU,842710
4116887,90,185,8917,2015,34694.0,0.0,0.099027,1.012289,GRC,ROU,842710
4116888,100,185,8917,2015,73844.0,0.0,0.7590140000000001,1.257415,HRV,ROU,842710
4116889,102,185,8917,2015,62669.0,51964.0,1.462839,0.803258,HUN,ROU,842710
4116890,103,185,8917,2015,0.0,13176.0,-0.145103,1.277362,IDN,ROU,842710
4116891,106,185,8917,2015,388023.0,23633.0,1.304942,0.126431,IRL,ROU,842710
4116892,111,185,8917,2015,6573128.0,46767.0,1.321127,0.747046,ITA,ROU,842710
4116893,114,185,8917,2015,14776.0,0.0,2.516133,-0.484202,JPN,ROU,842710
4116894,121,185,8917,2015,252473.0,0.0,1.900653,0.859406,KOR,ROU,842710
4116895,130,185,8917,2015,0.0,4714.0,0.749429,1.3659860000000001,LTU,ROU,842710
4116896,131,185,8917,2015,62582.0,0.0,1.218924,1.247152,LUX,ROU,842710
4116897,135,185,8917,2015,0.0,399898.0,-0.313837,-0.20393,MDA,ROU,842710
4116898,140,185,8917,2015,23402.0,0.0,-0.09009600000000001,-0.147359,MKD,ROU,842710
4116899,162,185,8917,2015,361755.0,52739.0,1.230104,1.27344,NLD,ROU,842710
4116900,177,185,8917,2015,330691.0,2259866.0,1.145844,1.1449280000000002,POL,ROU,842710
4116901,192,185,8917,2015,0.0,100906.0,2.05613,0.593065,SGP,ROU,842710
4116902,201,185,8917,2015,6458.0,27236.0,0.457042,1.324908,SRB,ROU,842710
4116903,207,185,8917,2015,6296.0,0.0,1.6089879999999999,0.833616,SVN,ROU,842710
4116904,208,185,8917,2015,4345149.0,0.0,1.8068349999999997,0.693389,SWE,ROU,842710
4116905,224,185,8917,2015,160144.0,5125.0,0.438669,2.519632,TUR,ROU,842710
4116906,228,185,8917,2015,55563.0,3061.0,0.429879,0.701813,UKR,ROU,842710
4116907,231,185,8917,2015,396806.0,8984.0,1.720478,-0.129322,USA,ROU,842710
4116908,7,186,8917,2015,0.0,1284.0,0.21779600000000002,-0.0047420000000000006,ARE,RUS,842710
4116909,9,186,8917,2015,8123.0,5351.0,0.037579,-0.42448800000000003,ARM,RUS,842710
4116910,15,186,8917,2015,164421.0,3512.0,1.747098,-0.08026699999999999,AUT,RUS,842710
4116911,16,186,8917,2015,0.0,23607.0,-0.983347,-1.231542,AZE,RUS,842710
4116912,18,186,8917,2015,19105.0,0.0,1.329866,1.100641,BEL,RUS,842710
4116913,23,186,8917,2015,507698.0,65901.0,0.45640699999999995,1.691455,BGR,RUS,842710
4116914,28,186,8917,2015,96690.0,153193.0,0.672499,0.5584020000000001,BLR,RUS,842710
4116915,39,186,8917,2015,4375.0,0.0,0.695867,1.171676,CAN,RUS,842710
4116916,41,186,8917,2015,58709.0,0.0,2.306075,0.720781,CHE,RUS,842710
4116917,43,186,8917,2015,9108195.0,0.0,1.077143,1.735757,CHN,RUS,842710
4116918,59,186,8917,2015,19724.0,0.0,1.743012,0.45424,CZE,RUS,842710
4116919,61,186,8917,2015,62634216.0,42689.0,2.203818,-2.307561,DEU,RUS,842710
4116920,71,186,8917,2015,17207.0,0.0,0.8173590000000001,2.442556,ESP,RUS,842710
4116921,72,186,8917,2015,251813.0,0.0,0.9281149999999999,1.1780389999999998,EST,RUS,842710
4116922,74,186,8917,2015,2159571.0,0.0,1.597817,0.998059,FIN,RUS,842710
4116923,77,186,8917,2015,1518195.0,0.0,1.479792,0.6490239999999999,FRA,RUS,842710
4116924,81,186,8917,2015,1144914.0,0.0,1.7422990000000003,0.75838,GBR,RUS,842710
4116925,82,186,8917,2015,0.0,20697.0,-0.343663,-0.588017,GEO,RUS,842710
4116926,100,186,8917,2015,0.0,25384.0,0.7590140000000001,1.257415,HRV,RUS,842710
4116927,102,186,8917,2015,151932.0,0.0,1.462839,0.803258,HUN,RUS,842710
4116928,106,186,8917,2015,322117.0,0.0,1.304942,0.126431,IRL,RUS,842710
4116929,111,186,8917,2015,4022129.0,0.0,1.321127,0.747046,ITA,RUS,842710
4116930,114,186,8917,2015,5557574.0,0.0,2.516133,-0.484202,JPN,RUS,842710
4116931,115,186,8917,2015,0.0,739297.0,-0.45091499999999995,-0.652026,KAZ,RUS,842710
4116932,121,186,8917,2015,621802.0,0.0,1.900653,0.859406,KOR,RUS,842710
4116933,130,186,8917,2015,773799.0,15380.0,0.749429,1.3659860000000001,LTU,RUS,842710
4116934,132,186,8917,2015,183329.0,66059.0,0.602209,1.125357,LVA,RUS,842710
4116935,162,186,8917,2015,1209270.0,0.0,1.230104,1.27344,NLD,RUS,842710
4116936,177,186,8917,2015,462459.0,3217.0,1.145844,1.1449280000000002,POL,RUS,842710
4116937,191,186,8917,2015,0.0,62583.0,-0.708349,-0.296663,SEN,RUS,842710
4116938,206,186,8917,2015,66836.0,0.0,1.287133,0.7900560000000001,SVK,RUS,842710
4116939,207,186,8917,2015,4132.0,0.0,1.6089879999999999,0.833616,SVN,RUS,842710
4116940,208,186,8917,2015,7250180.0,0.0,1.8068349999999997,0.693389,SWE,RUS,842710
4116941,216,186,8917,2015,257800.0,0.0,0.965888,1.368572,THA,RUS,842710
4116942,217,186,8917,2015,0.0,23999.0,-1.134216,-1.174245,TJK,RUS,842710
4116943,224,186,8917,2015,114513.0,0.0,0.438669,2.519632,TUR,RUS,842710
4116944,228,186,8917,2015,756514.0,164976.0,0.429879,0.701813,UKR,RUS,842710
4116945,231,186,8917,2015,657753.0,0.0,1.720478,-0.129322,USA,RUS,842710
4116946,232,186,8917,2015,0.0,52809.0,-0.724966,-0.599292,UZB,RUS,842710
4116947,250,186,8917,2015,2003.0,0.0,0.377283,-0.092204,ANS,RUS,842710
4116948,15,191,8917,2015,1882.0,0.0,1.747098,-0.08026699999999999,AUT,SEN,842710
4116949,18,191,8917,2015,1676.0,0.0,1.329866,1.100641,BEL,SEN,842710
4116950,43,191,8917,2015,22866.0,0.0,1.077143,1.735757,CHN,SEN,842710
4116951,45,191,8917,2015,0.0,22597.0,-0.924366,-1.040721,CMR,SEN,842710
4116952,61,191,8917,2015,44467.0,0.0,2.203818,-2.307561,DEU,SEN,842710
4116953,71,191,8917,2015,65600.0,0.0,0.8173590000000001,2.442556,ESP,SEN,842710
4116954,77,191,8917,2015,264703.0,0.0,1.479792,0.6490239999999999,FRA,SEN,842710
4116955,81,191,8917,2015,16224.0,0.0,1.7422990000000003,0.75838,GBR,SEN,842710
4116956,85,191,8917,2015,0.0,70778.0,-1.288329,-1.167532,GIN,SEN,842710
4116957,104,191,8917,2015,25244.0,0.0,0.24230900000000002,2.8190880000000003,IND,SEN,842710
4116958,106,191,8917,2015,61661.0,0.0,1.304942,0.126431,IRL,SEN,842710
4116959,111,191,8917,2015,63008.0,0.0,1.321127,0.747046,ITA,SEN,842710
4116960,114,191,8917,2015,16450.0,0.0,2.516133,-0.484202,JPN,SEN,842710
4116961,121,191,8917,2015,127998.0,0.0,1.900653,0.859406,KOR,SEN,842710
4116962,162,191,8917,2015,85132.0,0.0,1.230104,1.27344,NLD,SEN,842710
4116963,186,191,8917,2015,62583.0,0.0,0.23119,0.035965,RUS,SEN,842710
4116964,208,191,8917,2015,59416.0,0.0,1.8068349999999997,0.693389,SWE,SEN,842710
4116965,231,191,8917,2015,2772329.0,0.0,1.720478,-0.129322,USA,SEN,842710
4116966,15,201,8917,2015,133460.0,0.0,1.747098,-0.08026699999999999,AUT,SRB,842710
4116967,18,201,8917,2015,77365.0,1066.0,1.329866,1.100641,BEL,SRB,842710
4116968,23,201,8917,2015,75622.0,50467.0,0.45640699999999995,1.691455,BGR,SRB,842710
4116969,26,201,8917,2015,22368.0,41187.0,0.355903,0.723092,BIH,SRB,842710
4116970,28,201,8917,2015,0.0,7126.0,0.672499,0.5584020000000001,BLR,SRB,842710
4116971,39,201,8917,2015,0.0,2508.0,0.695867,1.171676,CAN,SRB,842710
4116972,41,201,8917,2015,36216.0,0.0,2.306075,0.720781,CHE,SRB,842710
4116973,43,201,8917,2015,2401.0,0.0,1.077143,1.735757,CHN,SRB,842710
4116974,59,201,8917,2015,124521.0,0.0,1.743012,0.45424,CZE,SRB,842710
4116975,61,201,8917,2015,7036276.0,0.0,2.203818,-2.307561,DEU,SRB,842710
4116976,71,201,8917,2015,15151.0,0.0,0.8173590000000001,2.442556,ESP,SRB,842710
4116977,74,201,8917,2015,1789.0,0.0,1.597817,0.998059,FIN,SRB,842710
4116978,77,201,8917,2015,257142.0,0.0,1.479792,0.6490239999999999,FRA,SRB,842710
4116979,81,201,8917,2015,66790.0,0.0,1.7422990000000003,0.75838,GBR,SRB,842710
4116980,90,201,8917,2015,8969.0,0.0,0.099027,1.012289,GRC,SRB,842710
4116981,100,201,8917,2015,111843.0,4277.0,0.7590140000000001,1.257415,HRV,SRB,842710
4116982,102,201,8917,2015,26509.0,12521.0,1.462839,0.803258,HUN,SRB,842710
4116983,106,201,8917,2015,97516.0,0.0,1.304942,0.126431,IRL,SRB,842710
4116984,111,201,8917,2015,911432.0,25504.0,1.321127,0.747046,ITA,SRB,842710
4116985,114,201,8917,2015,23554.0,0.0,2.516133,-0.484202,JPN,SRB,842710
4116986,121,201,8917,2015,28456.0,0.0,1.900653,0.859406,KOR,SRB,842710
4116987,140,201,8917,2015,96574.0,472579.0,-0.09009600000000001,-0.147359,MKD,SRB,842710
4116988,144,201,8917,2015,7669.0,140584.0,-0.048385000000000004,-0.150759,MNE,SRB,842710
4116989,162,201,8917,2015,116278.0,0.0,1.230104,1.27344,NLD,SRB,842710
4116990,163,201,8917,2015,1340.0,0.0,0.950708,0.314339,NOR,SRB,842710
4116991,177,201,8917,2015,47276.0,0.0,1.145844,1.1449280000000002,POL,SRB,842710
4116992,185,201,8917,2015,27236.0,6458.0,0.946363,1.056775,ROU,SRB,842710
4116993,206,201,8917,2015,4761.0,0.0,1.287133,0.7900560000000001,SVK,SRB,842710
4116994,207,201,8917,2015,101279.0,0.0,1.6089879999999999,0.833616,SVN,SRB,842710
4116995,208,201,8917,2015,900218.0,0.0,1.8068349999999997,0.693389,SWE,SRB,842710
4116996,228,201,8917,2015,0.0,1024.0,0.429879,0.701813,UKR,SRB,842710
4116997,231,201,8917,2015,30723.0,0.0,1.720478,-0.129322,USA,SRB,842710
4116998,14,206,8917,2015,0.0,7904.0,-0.292325,-0.043489,AUS,SVK,842710
4116999,15,206,8917,2015,23263.0,0.0,1.747098,-0.08026699999999999,AUT,SVK,842710
4117000,18,206,8917,2015,764769.0,16591.0,1.329866,1.100641,BEL,SVK,842710
4117001,39,206,8917,2015,843.0,0.0,0.695867,1.171676,CAN,SVK,842710
4117002,41,206,8917,2015,70006.0,0.0,2.306075,0.720781,CHE,SVK,842710
4117003,43,206,8917,2015,148659.0,0.0,1.077143,1.735757,CHN,SVK,842710
4117004,59,206,8917,2015,2125712.0,167649.0,1.743012,0.45424,CZE,SVK,842710
4117005,61,206,8917,2015,22367408.0,742710.0,2.203818,-2.307561,DEU,SVK,842710
4117006,71,206,8917,2015,330594.0,7838.0,0.8173590000000001,2.442556,ESP,SVK,842710
4117007,77,206,8917,2015,804271.0,0.0,1.479792,0.6490239999999999,FRA,SVK,842710
4117008,81,206,8917,2015,668259.0,0.0,1.7422990000000003,0.75838,GBR,SVK,842710
4117009,97,206,8917,2015,23726.0,0.0,0.8255290000000001,1.8017279999999998,HKG,SVK,842710
4117010,100,206,8917,2015,0.0,15075.0,0.7590140000000001,1.257415,HRV,SVK,842710
4117011,102,206,8917,2015,148046.0,12745.0,1.462839,0.803258,HUN,SVK,842710
4117012,106,206,8917,2015,141973.0,0.0,1.304942,0.126431,IRL,SVK,842710
4117013,111,206,8917,2015,3697369.0,357033.0,1.321127,0.747046,ITA,SVK,842710
4117014,121,206,8917,2015,208616.0,0.0,1.900653,0.859406,KOR,SVK,842710
4117015,162,206,8917,2015,207364.0,43098.0,1.230104,1.27344,NLD,SVK,842710
4117016,163,206,8917,2015,0.0,9704.0,0.950708,0.314339,NOR,SVK,842710
4117017,177,206,8917,2015,272644.0,40639.0,1.145844,1.1449280000000002,POL,SVK,842710
4117018,179,206,8917,2015,69460.0,0.0,0.561922,2.2276380000000002,PRT,SVK,842710
4117019,186,206,8917,2015,0.0,66836.0,0.23119,0.035965,RUS,SVK,842710
4117020,201,206,8917,2015,0.0,4761.0,0.457042,1.324908,SRB,SVK,842710
4117021,207,206,8917,2015,0.0,25486.0,1.6089879999999999,0.833616,SVN,SVK,842710
4117022,208,206,8917,2015,6494602.0,0.0,1.8068349999999997,0.693389,SWE,SVK,842710
4117023,228,206,8917,2015,0.0,20187.0,0.429879,0.701813,UKR,SVK,842710
4117024,231,206,8917,2015,232049.0,2611.0,1.720478,-0.129322,USA,SVK,842710
4117025,250,206,8917,2015,1226702.0,0.0,0.377283,-0.092204,ANS,SVK,842710
4117026,4,207,8917,2015,0.0,11185.0,-0.601875,-0.27003,ALB,SVN,842710
4117027,15,207,8917,2015,195604.0,0.0,1.747098,-0.08026699999999999,AUT,SVN,842710
4117028,18,207,8917,2015,92315.0,24329.0,1.329866,1.100641,BEL,SVN,842710
4117029,26,207,8917,2015,0.0,282058.0,0.355903,0.723092,BIH,SVN,842710
4117030,41,207,8917,2015,9263.0,0.0,2.306075,0.720781,CHE,SVN,842710
4117031,43,207,8917,2015,247047.0,0.0,1.077143,1.735757,CHN,SVN,842710
4117032,59,207,8917,2015,152463.0,48318.0,1.743012,0.45424,CZE,SVN,842710
4117033,61,207,8917,2015,6565288.0,2671356.0,2.203818,-2.307561,DEU,SVN,842710
4117034,64,207,8917,2015,36016.0,0.0,1.157924,1.2045629999999998,DNK,SVN,842710
4117035,71,207,8917,2015,51767.0,0.0,0.8173590000000001,2.442556,ESP,SVN,842710
4117036,74,207,8917,2015,3733.0,0.0,1.597817,0.998059,FIN,SVN,842710
4117037,77,207,8917,2015,300356.0,0.0,1.479792,0.6490239999999999,FRA,SVN,842710
4117038,81,207,8917,2015,56094.0,0.0,1.7422990000000003,0.75838,GBR,SVN,842710
4117039,90,207,8917,2015,0.0,41159.0,0.099027,1.012289,GRC,SVN,842710
4117040,100,207,8917,2015,21136.0,36347.0,0.7590140000000001,1.257415,HRV,SVN,842710
4117041,102,207,8917,2015,5073.0,45872.0,1.462839,0.803258,HUN,SVN,842710
4117042,106,207,8917,2015,40054.0,0.0,1.304942,0.126431,IRL,SVN,842710
4117043,110,207,8917,2015,0.0,13009.0,1.260071,0.545545,ISR,SVN,842710
4117044,111,207,8917,2015,942014.0,136174.0,1.321127,0.747046,ITA,SVN,842710
4117045,114,207,8917,2015,14017.0,0.0,2.516133,-0.484202,JPN,SVN,842710
4117046,121,207,8917,2015,85901.0,0.0,1.900653,0.859406,KOR,SVN,842710
4117047,137,207,8917,2015,0.0,5638.0,-0.321571,-0.858751,MDV,SVN,842710
4117048,140,207,8917,2015,0.0,14323.0,-0.09009600000000001,-0.147359,MKD,SVN,842710
4117049,162,207,8917,2015,204804.0,27148.0,1.230104,1.27344,NLD,SVN,842710
4117050,167,207,8917,2015,0.0,4836.0,-0.4699,-1.00451,OMN,SVN,842710
4117051,177,207,8917,2015,16705.0,0.0,1.145844,1.1449280000000002,POL,SVN,842710
4117052,185,207,8917,2015,0.0,6296.0,0.946363,1.056775,ROU,SVN,842710
4117053,186,207,8917,2015,0.0,4132.0,0.23119,0.035965,RUS,SVN,842710
4117054,190,207,8917,2015,0.0,8452.0,-1.420356,-1.218424,SDN,SVN,842710
4117055,201,207,8917,2015,0.0,101279.0,0.457042,1.324908,SRB,SVN,842710
4117056,206,207,8917,2015,25486.0,0.0,1.287133,0.7900560000000001,SVK,SVN,842710
4117057,208,207,8917,2015,291616.0,0.0,1.8068349999999997,0.693389,SWE,SVN,842710
4117058,231,207,8917,2015,10903.0,0.0,1.720478,-0.129322,USA,SVN,842710
4117059,249,207,8917,2015,9721.0,0.0,1.962832,1.214982,TWN,SVN,842710
4117060,43,217,8917,2015,152500.0,0.0,1.077143,1.735757,CHN,TJK,842710
4117061,186,217,8917,2015,23999.0,0.0,0.23119,0.035965,RUS,TJK,842710
4117062,224,217,8917,2015,252851.0,0.0,0.438669,2.519632,TUR,TJK,842710
4117063,231,217,8917,2015,23500.0,0.0,1.720478,-0.129322,USA,TJK,842710
4117064,7,219,8917,2015,156743.0,0.0,0.21779600000000002,-0.0047420000000000006,ARE,TKM,842710
4117065,15,219,8917,2015,223623.0,0.0,1.747098,-0.08026699999999999,AUT,TKM,842710
4117066,43,219,8917,2015,192025.0,0.0,1.077143,1.735757,CHN,TKM,842710
4117067,61,219,8917,2015,132143.0,0.0,2.203818,-2.307561,DEU,TKM,842710
4117068,111,219,8917,2015,47387.0,0.0,1.321127,0.747046,ITA,TKM,842710
4117069,224,219,8917,2015,469867.0,0.0,0.438669,2.519632,TUR,TKM,842710
4117070,7,226,8917,2015,258264.0,0.0,0.21779600000000002,-0.0047420000000000006,ARE,TZA,842710
4117071,43,226,8917,2015,275560.0,0.0,1.077143,1.735757,CHN,TZA,842710
4117072,61,226,8917,2015,191553.0,0.0,2.203818,-2.307561,DEU,TZA,842710
4117073,81,226,8917,2015,189604.0,0.0,1.7422990000000003,0.75838,GBR,TZA,842710
4117074,97,226,8917,2015,4452.0,0.0,0.8255290000000001,1.8017279999999998,HKG,TZA,842710
4117075,104,226,8917,2015,196907.0,0.0,0.24230900000000002,2.8190880000000003,IND,TZA,842710
4117076,114,226,8917,2015,4268.0,0.0,2.516133,-0.484202,JPN,TZA,842710
4117077,162,226,8917,2015,6595.0,0.0,1.230104,1.27344,NLD,TZA,842710
4117078,208,226,8917,2015,22989.0,0.0,1.8068349999999997,0.693389,SWE,TZA,842710
4117079,224,226,8917,2015,17001.0,0.0,0.438669,2.519632,TUR,TZA,842710
4117080,231,226,8917,2015,190920.0,0.0,1.720478,-0.129322,USA,TZA,842710
4117081,246,226,8917,2015,39744.0,0.0,0.24944699999999997,1.7573159999999999,ZAF,TZA,842710
4117082,41,232,8917,2015,10433.0,0.0,2.306075,0.720781,CHE,UZB,842710
4117083,43,232,8917,2015,715956.0,0.0,1.077143,1.735757,CHN,UZB,842710
4117084,61,232,8917,2015,38862.0,0.0,2.203818,-2.307561,DEU,UZB,842710
4117085,74,232,8917,2015,968234.0,0.0,1.597817,0.998059,FIN,UZB,842710
4117086,111,232,8917,2015,27711.0,0.0,1.321127,0.747046,ITA,UZB,842710
4117087,114,232,8917,2015,31725.0,0.0,2.516133,-0.484202,JPN,UZB,842710
4117088,115,232,8917,2015,7170.0,0.0,-0.45091499999999995,-0.652026,KAZ,UZB,842710
4117089,121,232,8917,2015,1155955.0,0.0,1.900653,0.859406,KOR,UZB,842710
4117090,177,232,8917,2015,102324.0,0.0,1.145844,1.1449280000000002,POL,UZB,842710
4117091,186,232,8917,2015,52809.0,0.0,0.23119,0.035965,RUS,UZB,842710
4117092,224,232,8917,2015,199082.0,0.0,0.438669,2.519632,TUR,UZB,842710
4117093,2,239,8917,2015,0.0,3232.0,-1.6542,-1.2598989999999999,AGO,VNM,842710
4117094,14,239,8917,2015,1110234.0,0.0,-0.292325,-0.043489,AUS,VNM,842710
4117095,39,239,8917,2015,36825.0,0.0,0.695867,1.171676,CAN,VNM,842710
4117096,41,239,8917,2015,9534.0,0.0,2.306075,0.720781,CHE,VNM,842710
4117097,42,239,8917,2015,3093.0,0.0,-0.356167,-0.47629399999999994,CHL,VNM,842710
4117098,43,239,8917,2015,15733322.0,0.0,1.077143,1.735757,CHN,VNM,842710
4117099,59,239,8917,2015,47671.0,0.0,1.743012,0.45424,CZE,VNM,842710
4117100,61,239,8917,2015,3152257.0,0.0,2.203818,-2.307561,DEU,VNM,842710
4117101,77,239,8917,2015,76418.0,0.0,1.479792,0.6490239999999999,FRA,VNM,842710
4117102,81,239,8917,2015,267611.0,28445.0,1.7422990000000003,0.75838,GBR,VNM,842710
4117103,97,239,8917,2015,11026.0,0.0,0.8255290000000001,1.8017279999999998,HKG,VNM,842710
4117104,103,239,8917,2015,0.0,12547.0,-0.145103,1.277362,IDN,VNM,842710
4117105,111,239,8917,2015,309180.0,0.0,1.321127,0.747046,ITA,VNM,842710
4117106,114,239,8917,2015,13378236.0,0.0,2.516133,-0.484202,JPN,VNM,842710
4117107,118,239,8917,2015,0.0,53214.0,-0.791985,-0.833046,KHM,VNM,842710
4117108,121,239,8917,2015,3834499.0,4713.0,1.900653,0.859406,KOR,VNM,842710
4117109,143,239,8917,2015,0.0,4578.0,-1.4596120000000001,-0.903904,MMR,VNM,842710
4117110,153,239,8917,2015,106262.0,0.0,1.082803,0.811615,MYS,VNM,842710
4117111,162,239,8917,2015,296819.0,0.0,1.230104,1.27344,NLD,VNM,842710
4117112,174,239,8917,2015,0.0,185518.0,0.6406270000000001,0.45770200000000005,PHL,VNM,842710
4117113,192,239,8917,2015,1317187.0,0.0,2.05613,0.593065,SGP,VNM,842710
4117114,208,239,8917,2015,120706.0,0.0,1.8068349999999997,0.693389,SWE,VNM,842710
4117115,216,239,8917,2015,1206293.0,0.0,0.965888,1.368572,THA,VNM,842710
4117116,231,239,8917,2015,38491596.0,108320.0,1.720478,-0.129322,USA,VNM,842710
4117117,249,239,8917,2015,550198.0,184278.0,1.962832,1.214982,TWN,VNM,842710
4117118,250,239,8917,2015,9698.0,0.0,0.377283,-0.092204,ANS,VNM,842710
4117119,75,242,8917,2015,1643.0,0.0,-0.481968,-0.201468,FJI,WSM,842710
4117120,166,242,8917,2015,28100.0,0.0,0.224598,0.253179,NZL,WSM,842710
4117121,231,242,8917,2015,8121.0,0.0,1.720478,-0.129322,USA,WSM,842710
4117122,7,1,8917,2015,47065.0,0.0,0.21779600000000002,-0.0047420000000000006,ARE,AFG,842710
4117123,61,1,8917,2015,14390.0,0.0,2.203818,-2.307561,DEU,AFG,842710
4117124,64,1,8917,2015,3733.0,0.0,1.157924,1.2045629999999998,DNK,AFG,842710
4117125,43,4,8917,2015,23212.0,0.0,1.077143,1.735757,CHN,ALB,842710
4117126,59,4,8917,2015,10659.0,0.0,1.743012,0.45424,CZE,ALB,842710
4117127,61,4,8917,2015,69865.0,0.0,2.203818,-2.307561,DEU,ALB,842710
4117128,77,4,8917,2015,5866.0,0.0,1.479792,0.6490239999999999,FRA,ALB,842710
4117129,90,4,8917,2015,13656.0,0.0,0.099027,1.012289,GRC,ALB,842710
4117130,111,4,8917,2015,328424.0,253309.0,1.321127,0.747046,ITA,ALB,842710
4117131,114,4,8917,2015,2307.0,0.0,2.516133,-0.484202,JPN,ALB,842710
4117132,140,4,8917,2015,9637.0,0.0,-0.09009600000000001,-0.147359,MKD,ALB,842710
4117133,207,4,8917,2015,11185.0,0.0,1.6089879999999999,0.833616,SVN,ALB,842710
4117134,208,4,8917,2015,2052.0,0.0,1.8068349999999997,0.693389,SWE,ALB,842710
4117135,121,13,8917,2015,18731.0,0.0,1.900653,0.859406,KOR,ATG,842710
4117136,231,13,8917,2015,116805.0,0.0,1.720478,-0.129322,USA,ATG,842710
4117137,18,19,8917,2015,1456.0,0.0,1.329866,1.100641,BEL,BEN,842710
4117138,43,19,8917,2015,86238.0,0.0,1.077143,1.735757,CHN,BEN,842710
4117139,61,19,8917,2015,240762.0,0.0,2.203818,-2.307561,DEU,BEN,842710
4117140,77,19,8917,2015,9072.0,0.0,1.479792,0.6490239999999999,FRA,BEN,842710
4117141,111,19,8917,2015,17371.0,0.0,1.321127,0.747046,ITA,BEN,842710
4117142,231,19,8917,2015,605812.0,0.0,1.720478,-0.129322,USA,BEN,842710
4117143,39,21,8917,2015,4420.0,0.0,0.695867,1.171676,CAN,BFA,842710
4117144,43,21,8917,2015,9627.0,0.0,1.077143,1.735757,CHN,BFA,842710
4117145,61,21,8917,2015,11546.0,0.0,2.203818,-2.307561,DEU,BFA,842710
4117146,71,21,8917,2015,873.0,0.0,0.8173590000000001,2.442556,ESP,BFA,842710
4117147,77,21,8917,2015,157067.0,0.0,1.479792,0.6490239999999999,FRA,BFA,842710
4117148,111,21,8917,2015,1844.0,0.0,1.321127,0.747046,ITA,BFA,842710
4117149,15,26,8917,2015,26224.0,0.0,1.747098,-0.08026699999999999,AUT,BIH,842710
4117150,18,26,8917,2015,30006.0,0.0,1.329866,1.100641,BEL,BIH,842710
4117151,41,26,8917,2015,16787.0,0.0,2.306075,0.720781,CHE,BIH,842710
4117152,43,26,8917,2015,4435.0,0.0,1.077143,1.735757,CHN,BIH,842710
4117153,59,26,8917,2015,18688.0,0.0,1.743012,0.45424,CZE,BIH,842710
4117154,61,26,8917,2015,1146079.0,0.0,2.203818,-2.307561,DEU,BIH,842710
4117155,74,26,8917,2015,3992.0,0.0,1.597817,0.998059,FIN,BIH,842710
4117156,77,26,8917,2015,50387.0,0.0,1.479792,0.6490239999999999,FRA,BIH,842710
4117157,81,26,8917,2015,47333.0,0.0,1.7422990000000003,0.75838,GBR,BIH,842710
4117158,100,26,8917,2015,150067.0,55097.0,0.7590140000000001,1.257415,HRV,BIH,842710
4117159,102,26,8917,2015,8354.0,0.0,1.462839,0.803258,HUN,BIH,842710
4117160,111,26,8917,2015,213714.0,24703.0,1.321127,0.747046,ITA,BIH,842710
4117161,114,26,8917,2015,2718.0,0.0,2.516133,-0.484202,JPN,BIH,842710
4117162,121,26,8917,2015,946.0,0.0,1.900653,0.859406,KOR,BIH,842710
4117163,144,26,8917,2015,0.0,49723.0,-0.048385000000000004,-0.150759,MNE,BIH,842710
4117164,162,26,8917,2015,122348.0,0.0,1.230104,1.27344,NLD,BIH,842710
4117165,201,26,8917,2015,41187.0,22368.0,0.457042,1.324908,SRB,BIH,842710
4117166,207,26,8917,2015,282058.0,0.0,1.6089879999999999,0.833616,SVN,BIH,842710
4117167,208,26,8917,2015,48537.0,14720.0,1.8068349999999997,0.693389,SWE,BIH,842710
4117168,77,27,8917,2015,14002.0,0.0,1.479792,0.6490239999999999,FRA,BLM,842710
4117169,43,37,8917,2015,50772.0,0.0,1.077143,1.735757,CHN,BWA,842710
4117170,97,37,8917,2015,16532.0,0.0,0.8255290000000001,1.8017279999999998,HKG,BWA,842710
4117171,246,37,8917,2015,93682.0,78123.0,0.24944699999999997,1.7573159999999999,ZAF,BWA,842710
4117172,247,37,8917,2015,0.0,21496.0,-0.44792,-0.769586,ZMB,BWA,842710
4117173,248,37,8917,2015,0.0,6962.0,-0.838017,-0.9400270000000001,ZWE,BWA,842710
4117174,2,45,8917,2015,6175.0,1252.0,-1.6542,-1.2598989999999999,AGO,CMR,842710
4117175,18,45,8917,2015,99834.0,0.0,1.329866,1.100641,BEL,CMR,842710
4117176,43,45,8917,2015,35386.0,0.0,1.077143,1.735757,CHN,CMR,842710
4117177,61,45,8917,2015,68233.0,0.0,2.203818,-2.307561,DEU,CMR,842710
4117178,64,45,8917,2015,7454.0,0.0,1.157924,1.2045629999999998,DNK,CMR,842710
4117179,77,45,8917,2015,3277.0,0.0,1.479792,0.6490239999999999,FRA,CMR,842710
4117180,111,45,8917,2015,67714.0,0.0,1.321127,0.747046,ITA,CMR,842710
4117181,114,45,8917,2015,4951.0,0.0,2.516133,-0.484202,JPN,CMR,842710
4117182,124,45,8917,2015,15438.0,0.0,0.317355,1.330374,LBN,CMR,842710
4117183,162,45,8917,2015,7882.0,0.0,1.230104,1.27344,NLD,CMR,842710
4117184,163,45,8917,2015,0.0,26765.0,0.950708,0.314339,NOR,CMR,842710
4117185,191,45,8917,2015,22597.0,0.0,-0.708349,-0.296663,SEN,CMR,842710
4117186,231,45,8917,2015,8277.0,0.0,1.720478,-0.129322,USA,CMR,842710
4117187,7,47,8917,2015,114181.0,0.0,0.21779600000000002,-0.0047420000000000006,ARE,COG,842710
4117188,18,47,8917,2015,6346.0,0.0,1.329866,1.100641,BEL,COG,842710
4117189,43,47,8917,2015,43734.0,0.0,1.077143,1.735757,CHN,COG,842710
4117190,61,47,8917,2015,30631.0,0.0,2.203818,-2.307561,DEU,COG,842710
4117191,71,47,8917,2015,8762.0,0.0,0.8173590000000001,2.442556,ESP,COG,842710
4117192,77,47,8917,2015,225179.0,0.0,1.479792,0.6490239999999999,FRA,COG,842710
4117193,104,47,8917,2015,12598.0,0.0,0.24230900000000002,2.8190880000000003,IND,COG,842710
4117194,111,47,8917,2015,33935.0,0.0,1.321127,0.747046,ITA,COG,842710
4117195,114,47,8917,2015,6577.0,0.0,2.516133,-0.484202,JPN,COG,842710
4117196,124,47,8917,2015,12582.0,0.0,0.317355,1.330374,LBN,COG,842710
4117197,162,47,8917,2015,147349.0,0.0,1.230104,1.27344,NLD,COG,842710
4117198,179,47,8917,2015,33218.0,0.0,0.561922,2.2276380000000002,PRT,COG,842710
4117199,231,47,8917,2015,28838.0,0.0,1.720478,-0.129322,USA,COG,842710
4117200,250,47,8917,2015,44638.0,0.0,0.377283,-0.092204,ANS,COG,842710
4117201,39,54,8917,2015,62108.0,0.0,0.695867,1.171676,CAN,CUB,842710
4117202,43,54,8917,2015,1202477.0,0.0,1.077143,1.735757,CHN,CUB,842710
4117203,71,54,8917,2015,971355.0,1210.0,0.8173590000000001,2.442556,ESP,CUB,842710
4117204,114,54,8917,2015,184114.0,0.0,2.516133,-0.484202,JPN,CUB,842710
4117205,162,54,8917,2015,504825.0,0.0,1.230104,1.27344,NLD,CUB,842710
4117206,7,58,8917,2015,0.0,4324.0,0.21779600000000002,-0.0047420000000000006,ARE,CYP,842710
4117207,18,58,8917,2015,81956.0,0.0,1.329866,1.100641,BEL,CYP,842710
4117208,43,58,8917,2015,163569.0,0.0,1.077143,1.735757,CHN,CYP,842710
4117209,61,58,8917,2015,91312.0,0.0,2.203818,-2.307561,DEU,CYP,842710
4117210,68,58,8917,2015,0.0,33315.0,-0.183053,1.765036,EGY,CYP,842710
4117211,77,58,8917,2015,34182.0,0.0,1.479792,0.6490239999999999,FRA,CYP,842710
4117212,81,58,8917,2015,32783.0,0.0,1.7422990000000003,0.75838,GBR,CYP,842710
4117213,90,58,8917,2015,83638.0,27198.0,0.099027,1.012289,GRC,CYP,842710
4117214,111,58,8917,2015,9252.0,0.0,1.321127,0.747046,ITA,CYP,842710
4117215,114,58,8917,2015,27921.0,0.0,2.516133,-0.484202,JPN,CYP,842710
4117216,121,58,8917,2015,44435.0,0.0,1.900653,0.859406,KOR,CYP,842710
4117217,124,58,8917,2015,0.0,9590.0,0.317355,1.330374,LBN,CYP,842710
4117218,162,58,8917,2015,74561.0,901.0,1.230104,1.27344,NLD,CYP,842710
4117219,224,58,8917,2015,124486.0,0.0,0.438669,2.519632,TUR,CYP,842710
4117220,231,58,8917,2015,4877.0,0.0,1.720478,-0.129322,USA,CYP,842710
4117221,7,62,8917,2015,85122.0,0.0,0.21779600000000002,-0.0047420000000000006,ARE,DJI,842710
4117222,18,62,8917,2015,2775.0,0.0,1.329866,1.100641,BEL,DJI,842710
4117223,43,62,8917,2015,41720.0,0.0,1.077143,1.735757,CHN,DJI,842710
4117224,77,62,8917,2015,14101.0,0.0,1.479792,0.6490239999999999,FRA,DJI,842710
4117225,110,62,8917,2015,5000.0,0.0,1.260071,0.545545,ISR,DJI,842710
4117226,121,62,8917,2015,5894.0,0.0,1.900653,0.859406,KOR,DJI,842710
4117227,162,62,8917,2015,12710.0,0.0,1.230104,1.27344,NLD,DJI,842710
4117228,231,62,8917,2015,39300.0,0.0,1.720478,-0.129322,USA,DJI,842710
4117229,18,66,8917,2015,79022.0,0.0,1.329866,1.100641,BEL,DZA,842710
4117230,43,66,8917,2015,820409.0,0.0,1.077143,1.735757,CHN,DZA,842710
4117231,61,66,8917,2015,1995162.0,0.0,2.203818,-2.307561,DEU,DZA,842710
4117232,71,66,8917,2015,116439.0,0.0,0.8173590000000001,2.442556,ESP,DZA,842710
4117233,74,66,8917,2015,72656.0,0.0,1.597817,0.998059,FIN,DZA,842710
4117234,77,66,8917,2015,3665257.0,0.0,1.479792,0.6490239999999999,FRA,DZA,842710
4117235,81,66,8917,2015,236669.0,0.0,1.7422990000000003,0.75838,GBR,DZA,842710
4117236,104,66,8917,2015,12357.0,0.0,0.24230900000000002,2.8190880000000003,IND,DZA,842710
4117237,106,66,8917,2015,112368.0,0.0,1.304942,0.126431,IRL,DZA,842710
4117238,111,66,8917,2015,706526.0,0.0,1.321127,0.747046,ITA,DZA,842710
4117239,114,66,8917,2015,27924.0,0.0,2.516133,-0.484202,JPN,DZA,842710
4117240,121,66,8917,2015,502783.0,0.0,1.900653,0.859406,KOR,DZA,842710
4117241,162,66,8917,2015,13277.0,0.0,1.230104,1.27344,NLD,DZA,842710
4117242,179,66,8917,2015,1606.0,0.0,0.561922,2.2276380000000002,PRT,DZA,842710
4117243,208,66,8917,2015,915042.0,0.0,1.8068349999999997,0.693389,SWE,DZA,842710
4117244,223,66,8917,2015,153951.0,0.0,0.140202,0.967591,TUN,DZA,842710
4117245,224,66,8917,2015,86844.0,0.0,0.438669,2.519632,TUR,DZA,842710
4117246,231,66,8917,2015,415994.0,0.0,1.720478,-0.129322,USA,DZA,842710
4117247,7,73,8917,2015,205867.0,0.0,0.21779600000000002,-0.0047420000000000006,ARE,ETH,842710
4117248,18,73,8917,2015,30585.0,0.0,1.329866,1.100641,BEL,ETH,842710
4117249,43,73,8917,2015,234540.0,0.0,1.077143,1.735757,CHN,ETH,842710
4117250,61,73,8917,2015,77466.0,0.0,2.203818,-2.307561,DEU,ETH,842710
4117251,77,73,8917,2015,79822.0,0.0,1.479792,0.6490239999999999,FRA,ETH,842710
4117252,81,73,8917,2015,50452.0,0.0,1.7422990000000003,0.75838,GBR,ETH,842710
4117253,111,73,8917,2015,11943.0,0.0,1.321127,0.747046,ITA,ETH,842710
4117254,114,73,8917,2015,89751.0,0.0,2.516133,-0.484202,JPN,ETH,842710
4117255,121,73,8917,2015,11736.0,0.0,1.900653,0.859406,KOR,ETH,842710
4117256,162,73,8917,2015,26530.0,0.0,1.230104,1.27344,NLD,ETH,842710
4117257,231,73,8917,2015,63053.0,0.0,1.720478,-0.129322,USA,ETH,842710
4117258,41,80,8917,2015,11692.0,0.0,2.306075,0.720781,CHE,GAB,842710
4117259,43,80,8917,2015,54247.0,0.0,1.077143,1.735757,CHN,GAB,842710
4117260,77,80,8917,2015,14111.0,0.0,1.479792,0.6490239999999999,FRA,GAB,842710
4117261,111,80,8917,2015,13024.0,0.0,1.321127,0.747046,ITA,GAB,842710
4117262,227,80,8917,2015,64597.0,0.0,-0.611023,0.078961,UGA,GAB,842710
4117263,231,80,8917,2015,10860.0,0.0,1.720478,-0.129322,USA,GAB,842710
4117264,2,83,8917,2015,249212.0,0.0,-1.6542,-1.2598989999999999,AGO,GHA,842710
4117265,7,83,8917,2015,268153.0,0.0,0.21779600000000002,-0.0047420000000000006,ARE,GHA,842710
4117266,18,83,8917,2015,52827.0,0.0,1.329866,1.100641,BEL,GHA,842710
4117267,43,83,8917,2015,468184.0,0.0,1.077143,1.735757,CHN,GHA,842710
4117268,61,83,8917,2015,241056.0,0.0,2.203818,-2.307561,DEU,GHA,842710
4117269,64,83,8917,2015,26252.0,0.0,1.157924,1.2045629999999998,DNK,GHA,842710
4117270,71,83,8917,2015,33056.0,0.0,0.8173590000000001,2.442556,ESP,GHA,842710
4117271,77,83,8917,2015,128662.0,0.0,1.479792,0.6490239999999999,FRA,GHA,842710
4117272,81,83,8917,2015,175981.0,0.0,1.7422990000000003,0.75838,GBR,GHA,842710
4117273,89,83,8917,2015,122873.0,0.0,-1.585577,-0.9044979999999999,GNQ,GHA,842710
4117274,104,83,8917,2015,83054.0,0.0,0.24230900000000002,2.8190880000000003,IND,GHA,842710
4117275,111,83,8917,2015,12700.0,0.0,1.321127,0.747046,ITA,GHA,842710
4117276,121,83,8917,2015,88198.0,0.0,1.900653,0.859406,KOR,GHA,842710
4117277,124,83,8917,2015,8876.0,0.0,0.317355,1.330374,LBN,GHA,842710
4117278,162,83,8917,2015,36414.0,0.0,1.230104,1.27344,NLD,GHA,842710
4117279,169,83,8917,2015,2171.0,0.0,0.642058,0.833392,PAN,GHA,842710
4117280,179,83,8917,2015,21880.0,0.0,0.561922,2.2276380000000002,PRT,GHA,842710
4117281,231,83,8917,2015,107958.0,0.0,1.720478,-0.129322,USA,GHA,842710
4117282,246,83,8917,2015,70401.0,0.0,0.24944699999999997,1.7573159999999999,ZAF,GHA,842710
4117283,71,84,8917,2015,80976.0,1053.0,0.8173590000000001,2.442556,ESP,GIB,842710
4117284,81,84,8917,2015,1529.0,0.0,1.7422990000000003,0.75838,GBR,GIB,842710
4117285,71,85,8917,2015,979.0,0.0,0.8173590000000001,2.442556,ESP,GIN,842710
4117286,77,85,8917,2015,11641.0,0.0,1.479792,0.6490239999999999,FRA,GIN,842710
4117287,124,85,8917,2015,13210.0,0.0,0.317355,1.330374,LBN,GIN,842710
4117288,134,85,8917,2015,5398.0,0.0,-0.7554810000000001,-0.059697,MAR,GIN,842710
4117289,191,85,8917,2015,70778.0,0.0,-0.708349,-0.296663,SEN,GIN,842710
4117290,231,85,8917,2015,30057.0,0.0,1.720478,-0.129322,USA,GIN,842710
4117291,179,88,8917,2015,5002.0,0.0,0.561922,2.2276380000000002,PRT,GNB,842710
4117292,18,89,8917,2015,4724.0,0.0,1.329866,1.100641,BEL,GNQ,842710
4117293,43,89,8917,2015,6538.0,0.0,1.077143,1.735757,CHN,GNQ,842710
4117294,71,89,8917,2015,143835.0,0.0,0.8173590000000001,2.442556,ESP,GNQ,842710
4117295,83,89,8917,2015,0.0,122873.0,-0.750568,-0.690257,GHA,GNQ,842710
4117296,231,89,8917,2015,39121.0,0.0,1.720478,-0.129322,USA,GNQ,842710
4117297,42,96,8917,2015,45026.0,0.0,-0.356167,-0.47629399999999994,CHL,GUY,842710
4117298,43,96,8917,2015,20305.0,0.0,1.077143,1.735757,CHN,GUY,842710
4117299,121,96,8917,2015,51963.0,0.0,1.900653,0.859406,KOR,GUY,842710
4117300,231,96,8917,2015,303452.0,0.0,1.720478,-0.129322,USA,GUY,842710
4117301,14,109,8917,2015,3700.0,0.0,-0.292325,-0.043489,AUS,ISL,842710
4117302,18,109,8917,2015,34009.0,0.0,1.329866,1.100641,BEL,ISL,842710
4117303,43,109,8917,2015,36828.0,0.0,1.077143,1.735757,CHN,ISL,842710
4117304,61,109,8917,2015,2743708.0,0.0,2.203818,-2.307561,DEU,ISL,842710
4117305,64,109,8917,2015,15517.0,0.0,1.157924,1.2045629999999998,DNK,ISL,842710
4117306,74,109,8917,2015,260128.0,0.0,1.597817,0.998059,FIN,ISL,842710
4117307,77,109,8917,2015,69662.0,0.0,1.479792,0.6490239999999999,FRA,ISL,842710
4117308,81,109,8917,2015,100465.0,0.0,1.7422990000000003,0.75838,GBR,ISL,842710
4117309,110,109,8917,2015,0.0,14974.0,1.260071,0.545545,ISR,ISL,842710
4117310,111,109,8917,2015,270411.0,0.0,1.321127,0.747046,ITA,ISL,842710
4117311,162,109,8917,2015,503942.0,3772.0,1.230104,1.27344,NLD,ISL,842710
4117312,208,109,8917,2015,496982.0,0.0,1.8068349999999997,0.693389,SWE,ISL,842710
4117313,231,109,8917,2015,33651.0,0.0,1.720478,-0.129322,USA,ISL,842710
4117314,43,118,8917,2015,543459.0,0.0,1.077143,1.735757,CHN,KHM,842710
4117315,61,118,8917,2015,220059.0,0.0,2.203818,-2.307561,DEU,KHM,842710
4117316,75,118,8917,2015,0.0,18803.0,-0.481968,-0.201468,FJI,KHM,842710
4117317,97,118,8917,2015,78933.0,0.0,0.8255290000000001,1.8017279999999998,HKG,KHM,842710
4117318,114,118,8917,2015,153846.0,0.0,2.516133,-0.484202,JPN,KHM,842710
4117319,121,118,8917,2015,25226.0,0.0,1.900653,0.859406,KOR,KHM,842710
4117320,153,118,8917,2015,48867.0,0.0,1.082803,0.811615,MYS,KHM,842710
4117321,192,118,8917,2015,42338.0,0.0,2.05613,0.593065,SGP,KHM,842710
4117322,216,118,8917,2015,151291.0,0.0,0.965888,1.368572,THA,KHM,842710
4117323,231,118,8917,2015,29147.0,0.0,1.720478,-0.129322,USA,KHM,842710
4117324,239,118,8917,2015,53214.0,0.0,-0.17108900000000002,1.10995,VNM,KHM,842710
4117325,249,118,8917,2015,62868.0,0.0,1.962832,1.214982,TWN,KHM,842710
4117326,231,120,8917,2015,110436.0,0.0,1.720478,-0.129322,USA,KNA,842710
4117327,18,125,8917,2015,104468.0,0.0,1.329866,1.100641,BEL,LBR,842710
4117328,124,125,8917,2015,1256.0,0.0,0.317355,1.330374,LBN,LBR,842710
4117329,162,125,8917,2015,4952.0,0.0,1.230104,1.27344,NLD,LBR,842710
4117330,231,125,8917,2015,326433.0,0.0,1.720478,-0.129322,USA,LBR,842710
4117331,39,126,8917,2015,40683.0,0.0,0.695867,1.171676,CAN,LBY,842710
4117332,43,126,8917,2015,108559.0,0.0,1.077143,1.735757,CHN,LBY,842710
4117333,61,126,8917,2015,10537.0,0.0,2.203818,-2.307561,DEU,LBY,842710
4117334,71,126,8917,2015,31500.0,0.0,0.8173590000000001,2.442556,ESP,LBY,842710
4117335,81,126,8917,2015,1529.0,0.0,1.7422990000000003,0.75838,GBR,LBY,842710
4117336,111,126,8917,2015,73921.0,0.0,1.321127,0.747046,ITA,LBY,842710
4117337,142,126,8917,2015,40452.0,0.0,0.880893,-0.117585,MLT,LBY,842710
4117338,162,126,8917,2015,16320.0,0.0,1.230104,1.27344,NLD,LBY,842710
4117339,177,126,8917,2015,3995.0,0.0,1.145844,1.1449280000000002,POL,LBY,842710
4117340,223,126,8917,2015,161079.0,0.0,0.140202,0.967591,TUN,LBY,842710
4117341,224,126,8917,2015,32654.0,0.0,0.438669,2.519632,TUR,LBY,842710
4117342,231,126,8917,2015,49475.0,0.0,1.720478,-0.129322,USA,LBY,842710
4117343,43,133,8917,2015,459217.0,0.0,1.077143,1.735757,CHN,MAC,842710
4117344,81,133,8917,2015,55572.0,0.0,1.7422990000000003,0.75838,GBR,MAC,842710
4117345,97,133,8917,2015,920976.0,290091.0,0.8255290000000001,1.8017279999999998,HKG,MAC,842710
4117346,114,133,8917,2015,24600.0,0.0,2.516133,-0.484202,JPN,MAC,842710
4117347,249,133,8917,2015,7351.0,0.0,1.962832,1.214982,TWN,MAC,842710
4117348,18,134,8917,2015,128605.0,0.0,1.329866,1.100641,BEL,MAR,842710
4117349,39,134,8917,2015,23333.0,0.0,0.695867,1.171676,CAN,MAR,842710
4117350,41,134,8917,2015,48129.0,0.0,2.306075,0.720781,CHE,MAR,842710
4117351,43,134,8917,2015,1547226.0,0.0,1.077143,1.735757,CHN,MAR,842710
4117352,44,134,8917,2015,0.0,12287.0,-0.856142,-0.905292,CIV,MAR,842710
4117353,61,134,8917,2015,2553589.0,0.0,2.203818,-2.307561,DEU,MAR,842710
4117354,71,134,8917,2015,866262.0,0.0,0.8173590000000001,2.442556,ESP,MAR,842710
4117355,74,134,8917,2015,2158.0,0.0,1.597817,0.998059,FIN,MAR,842710
4117356,77,134,8917,2015,608805.0,8709.0,1.479792,0.6490239999999999,FRA,MAR,842710
4117357,81,134,8917,2015,646758.0,0.0,1.7422990000000003,0.75838,GBR,MAR,842710
4117358,85,134,8917,2015,0.0,5398.0,-1.288329,-1.167532,GIN,MAR,842710
4117359,104,134,8917,2015,20302.0,0.0,0.24230900000000002,2.8190880000000003,IND,MAR,842710
4117360,111,134,8917,2015,1052250.0,0.0,1.321127,0.747046,ITA,MAR,842710
4117361,114,134,8917,2015,304209.0,0.0,2.516133,-0.484202,JPN,MAR,842710
4117362,121,134,8917,2015,180126.0,0.0,1.900653,0.859406,KOR,MAR,842710
4117363,131,134,8917,2015,3055.0,0.0,1.218924,1.247152,LUX,MAR,842710
4117364,148,134,8917,2015,0.0,7248.0,-1.5597450000000002,-1.3209229999999998,MRT,MAR,842710
4117365,162,134,8917,2015,127846.0,0.0,1.230104,1.27344,NLD,MAR,842710
4117366,177,134,8917,2015,8481.0,0.0,1.145844,1.1449280000000002,POL,MAR,842710
4117367,179,134,8917,2015,24644.0,0.0,0.561922,2.2276380000000002,PRT,MAR,842710
4117368,208,134,8917,2015,722235.0,0.0,1.8068349999999997,0.693389,SWE,MAR,842710
4117369,231,134,8917,2015,175427.0,0.0,1.720478,-0.129322,USA,MAR,842710
4117370,249,134,8917,2015,19965.0,0.0,1.962832,1.214982,TWN,MAR,842710
4117371,43,136,8917,2015,56096.0,0.0,1.077143,1.735757,CHN,MDG,842710
4117372,61,136,8917,2015,65529.0,0.0,2.203818,-2.307561,DEU,MDG,842710
4117373,77,136,8917,2015,50120.0,0.0,1.479792,0.6490239999999999,FRA,MDG,842710
4117374,121,136,8917,2015,23312.0,0.0,1.900653,0.859406,KOR,MDG,842710
4117375,250,136,8917,2015,29046.0,0.0,0.377283,-0.092204,ANS,MDG,842710
4117376,43,141,8917,2015,209395.0,0.0,1.077143,1.735757,CHN,MLI,842710
4117377,44,141,8917,2015,9588.0,0.0,-0.856142,-0.905292,CIV,MLI,842710
4117378,77,141,8917,2015,147661.0,0.0,1.479792,0.6490239999999999,FRA,MLI,842710
4117379,111,141,8917,2015,29662.0,0.0,1.321127,0.747046,ITA,MLI,842710
4117380,162,141,8917,2015,5755.0,0.0,1.230104,1.27344,NLD,MLI,842710
4117381,208,141,8917,2015,832564.0,0.0,1.8068349999999997,0.693389,SWE,MLI,842710
4117382,26,144,8917,2015,49723.0,0.0,0.355903,0.723092,BIH,MNE,842710
4117383,41,144,8917,2015,1952.0,0.0,2.306075,0.720781,CHE,MNE,842710
4117384,43,144,8917,2015,5675.0,0.0,1.077143,1.735757,CHN,MNE,842710
4117385,61,144,8917,2015,21303.0,0.0,2.203818,-2.307561,DEU,MNE,842710
4117386,71,144,8917,2015,13014.0,0.0,0.8173590000000001,2.442556,ESP,MNE,842710
4117387,77,144,8917,2015,5709.0,0.0,1.479792,0.6490239999999999,FRA,MNE,842710
4117388,81,144,8917,2015,14289.0,0.0,1.7422990000000003,0.75838,GBR,MNE,842710
4117389,100,144,8917,2015,10478.0,0.0,0.7590140000000001,1.257415,HRV,MNE,842710
4117390,114,144,8917,2015,1925.0,0.0,2.516133,-0.484202,JPN,MNE,842710
4117391,201,144,8917,2015,140584.0,7669.0,0.457042,1.324908,SRB,MNE,842710
4117392,208,144,8917,2015,2189.0,0.0,1.8068349999999997,0.693389,SWE,MNE,842710
4117393,231,144,8917,2015,711.0,0.0,1.720478,-0.129322,USA,MNE,842710
4117394,7,147,8917,2015,4723.0,0.0,0.21779600000000002,-0.0047420000000000006,ARE,MOZ,842710
4117395,43,147,8917,2015,82178.0,0.0,1.077143,1.735757,CHN,MOZ,842710
4117396,61,147,8917,2015,91739.0,0.0,2.203818,-2.307561,DEU,MOZ,842710
4117397,71,147,8917,2015,76561.0,0.0,0.8173590000000001,2.442556,ESP,MOZ,842710
4117398,111,147,8917,2015,2882.0,0.0,1.321127,0.747046,ITA,MOZ,842710
4117399,179,147,8917,2015,307168.0,0.0,0.561922,2.2276380000000002,PRT,MOZ,842710
4117400,231,147,8917,2015,175559.0,0.0,1.720478,-0.129322,USA,MOZ,842710
4117401,246,147,8917,2015,1602943.0,1965.0,0.24944699999999997,1.7573159999999999,ZAF,MOZ,842710
4117402,43,148,8917,2015,47616.0,0.0,1.077143,1.735757,CHN,MRT,842710
4117403,71,148,8917,2015,20157.0,5214.0,0.8173590000000001,2.442556,ESP,MRT,842710
4117404,134,148,8917,2015,7248.0,0.0,-0.7554810000000001,-0.059697,MAR,MRT,842710
4117405,162,148,8917,2015,30306.0,0.0,1.230104,1.27344,NLD,MRT,842710
4117406,43,151,8917,2015,207362.0,0.0,1.077143,1.735757,CHN,MUS,842710
4117407,77,151,8917,2015,16935.0,0.0,1.479792,0.6490239999999999,FRA,MUS,842710
4117408,81,151,8917,2015,326951.0,0.0,1.7422990000000003,0.75838,GBR,MUS,842710
4117409,103,151,8917,2015,13557.0,0.0,-0.145103,1.277362,IDN,MUS,842710
4117410,104,151,8917,2015,57911.0,0.0,0.24230900000000002,2.8190880000000003,IND,MUS,842710
4117411,111,151,8917,2015,27066.0,0.0,1.321127,0.747046,ITA,MUS,842710
4117412,114,151,8917,2015,15412.0,0.0,2.516133,-0.484202,JPN,MUS,842710
4117413,116,151,8917,2015,40714.0,0.0,-0.453564,0.433325,KEN,MUS,842710
4117414,121,151,8917,2015,152344.0,0.0,1.900653,0.859406,KOR,MUS,842710
4117415,192,151,8917,2015,30902.0,0.0,2.05613,0.593065,SGP,MUS,842710
4117416,208,151,8917,2015,117968.0,0.0,1.8068349999999997,0.693389,SWE,MUS,842710
4117417,211,151,8917,2015,0.0,2942.0,1.017467,-0.285569,SYC,MUS,842710
4117418,2,155,8917,2015,0.0,6300.0,-1.6542,-1.2598989999999999,AGO,NAM,842710
4117419,43,155,8917,2015,132849.0,0.0,1.077143,1.735757,CHN,NAM,842710
4117420,231,155,8917,2015,7006.0,0.0,1.720478,-0.129322,USA,NAM,842710
4117421,246,155,8917,2015,377834.0,62224.0,0.24944699999999997,1.7573159999999999,ZAF,NAM,842710
4117422,14,156,8917,2015,70726.0,0.0,-0.292325,-0.043489,AUS,NCL,842710
4117423,43,156,8917,2015,79109.0,0.0,1.077143,1.735757,CHN,NCL,842710
4117424,61,156,8917,2015,61459.0,0.0,2.203818,-2.307561,DEU,NCL,842710
4117425,71,156,8917,2015,68048.0,0.0,0.8173590000000001,2.442556,ESP,NCL,842710
4117426,77,156,8917,2015,88817.0,0.0,1.479792,0.6490239999999999,FRA,NCL,842710
4117427,111,156,8917,2015,81633.0,0.0,1.321127,0.747046,ITA,NCL,842710
4117428,114,156,8917,2015,20015.0,0.0,2.516133,-0.484202,JPN,NCL,842710
4117429,121,156,8917,2015,151120.0,0.0,1.900653,0.859406,KOR,NCL,842710
4117430,166,156,8917,2015,17353.0,0.0,0.224598,0.253179,NZL,NCL,842710
4117431,192,156,8917,2015,5250.0,0.0,2.05613,0.593065,SGP,NCL,842710
4117432,14,176,8917,2015,221754.0,0.0,-0.292325,-0.043489,AUS,PNG,842710
4117433,43,176,8917,2015,365097.0,0.0,1.077143,1.735757,CHN,PNG,842710
4117434,97,176,8917,2015,3226.0,0.0,0.8255290000000001,1.8017279999999998,HKG,PNG,842710
4117435,114,176,8917,2015,89301.0,0.0,2.516133,-0.484202,JPN,PNG,842710
4117436,166,176,8917,2015,9479.0,0.0,0.224598,0.253179,NZL,PNG,842710
4117437,195,176,8917,2015,1952.0,0.0,-1.167451,-0.931206,SLB,PNG,842710
4117438,231,176,8917,2015,37844.0,0.0,1.720478,-0.129322,USA,PNG,842710
4117439,249,176,8917,2015,173243.0,0.0,1.962832,1.214982,TWN,PNG,842710
4117440,43,178,8917,2015,101097.0,0.0,1.077143,1.735757,CHN,PRK,842710
4117441,77,178,8917,2015,0.0,350941.0,1.479792,0.6490239999999999,FRA,PRK,842710
4117442,159,178,8917,2015,0.0,159688.0,-1.415451,-1.157829,NGA,PRK,842710
4117443,205,178,8917,2015,0.0,128080.0,-0.570361,-1.005072,SUR,PRK,842710
4117444,179,203,8917,2015,12247.0,0.0,0.561922,2.2276380000000002,PRT,STP,842710
4117445,246,209,8917,2015,84770.0,973.0,0.24944699999999997,1.7573159999999999,ZAF,SWZ,842710
4117446,249,209,8917,2015,10058.0,0.0,1.962832,1.214982,TWN,SWZ,842710
4117447,7,211,8917,2015,17181.0,0.0,0.21779600000000002,-0.0047420000000000006,ARE,SYC,842710
4117448,43,211,8917,2015,101153.0,0.0,1.077143,1.735757,CHN,SYC,842710
4117449,71,211,8917,2015,18527.0,0.0,0.8173590000000001,2.442556,ESP,SYC,842710
4117450,81,211,8917,2015,8248.0,0.0,1.7422990000000003,0.75838,GBR,SYC,842710
4117451,111,211,8917,2015,4875.0,0.0,1.321127,0.747046,ITA,SYC,842710
4117452,114,211,8917,2015,35888.0,0.0,2.516133,-0.484202,JPN,SYC,842710
4117453,121,211,8917,2015,25124.0,0.0,1.900653,0.859406,KOR,SYC,842710
4117454,151,211,8917,2015,2942.0,0.0,-0.231762,-0.195051,MUS,SYC,842710
4117455,162,211,8917,2015,28598.0,0.0,1.230104,1.27344,NLD,SYC,842710
4117456,192,211,8917,2015,133597.0,0.0,2.05613,0.593065,SGP,SYC,842710
4117457,246,211,8917,2015,28921.0,0.0,0.24944699999999997,1.7573159999999999,ZAF,SYC,842710
4117458,43,212,8917,2015,18905.0,0.0,1.077143,1.735757,CHN,SYR,842710
4117459,61,212,8917,2015,5104.0,0.0,2.203818,-2.307561,DEU,SYR,842710
4117460,111,212,8917,2015,21061.0,0.0,1.321127,0.747046,ITA,SYR,842710
4117461,121,212,8917,2015,3500.0,0.0,1.900653,0.859406,KOR,SYR,842710
4117462,18,215,8917,2015,2367.0,0.0,1.329866,1.100641,BEL,TGO,842710
4117463,41,215,8917,2015,12990.0,0.0,2.306075,0.720781,CHE,TGO,842710
4117464,43,215,8917,2015,42631.0,0.0,1.077143,1.735757,CHN,TGO,842710
4117465,61,215,8917,2015,32419.0,0.0,2.203818,-2.307561,DEU,TGO,842710
4117466,77,215,8917,2015,50807.0,0.0,1.479792,0.6490239999999999,FRA,TGO,842710
4117467,111,215,8917,2015,1974.0,0.0,1.321127,0.747046,ITA,TGO,842710
4117468,162,215,8917,2015,189968.0,0.0,1.230104,1.27344,NLD,TGO,842710
4117469,231,215,8917,2015,6665.0,0.0,1.720478,-0.129322,USA,TGO,842710
4117470,43,220,8917,2015,2702.0,0.0,1.077143,1.735757,CHN,TLS,842710
4117471,103,220,8917,2015,11560.0,0.0,-0.145103,1.277362,IDN,TLS,842710
4117472,192,220,8917,2015,29188.0,0.0,2.05613,0.593065,SGP,TLS,842710
4117473,7,223,8917,2015,0.0,158471.0,0.21779600000000002,-0.0047420000000000006,ARE,TUN,842710
4117474,15,223,8917,2015,2810.0,0.0,1.747098,-0.08026699999999999,AUT,TUN,842710
4117475,18,223,8917,2015,5653.0,0.0,1.329866,1.100641,BEL,TUN,842710
4117476,43,223,8917,2015,467812.0,0.0,1.077143,1.735757,CHN,TUN,842710
4117477,61,223,8917,2015,1451392.0,0.0,2.203818,-2.307561,DEU,TUN,842710
4117478,66,223,8917,2015,0.0,153951.0,-1.54346,-1.255633,DZA,TUN,842710
4117479,71,223,8917,2015,4762.0,0.0,0.8173590000000001,2.442556,ESP,TUN,842710
4117480,74,223,8917,2015,342103.0,0.0,1.597817,0.998059,FIN,TUN,842710
4117481,77,223,8917,2015,296963.0,0.0,1.479792,0.6490239999999999,FRA,TUN,842710
4117482,81,223,8917,2015,4373.0,0.0,1.7422990000000003,0.75838,GBR,TUN,842710
4117483,111,223,8917,2015,543374.0,20135.0,1.321127,0.747046,ITA,TUN,842710
4117484,114,223,8917,2015,29631.0,0.0,2.516133,-0.484202,JPN,TUN,842710
4117485,121,223,8917,2015,76635.0,0.0,1.900653,0.859406,KOR,TUN,842710
4117486,126,223,8917,2015,0.0,161079.0,-1.3257219999999998,-1.260453,LBY,TUN,842710
4117487,162,223,8917,2015,450480.0,0.0,1.230104,1.27344,NLD,TUN,842710
4117488,208,223,8917,2015,935971.0,0.0,1.8068349999999997,0.693389,SWE,TUN,842710
4117489,231,223,8917,2015,6418.0,0.0,1.720478,-0.129322,USA,TUN,842710
4117490,250,223,8917,2015,12902.0,0.0,0.377283,-0.092204,ANS,TUN,842710
4117491,7,227,8917,2015,1526.0,0.0,0.21779600000000002,-0.0047420000000000006,ARE,UGA,842710
4117492,43,227,8917,2015,113287.0,0.0,1.077143,1.735757,CHN,UGA,842710
4117493,61,227,8917,2015,26697.0,0.0,2.203818,-2.307561,DEU,UGA,842710
4117494,77,227,8917,2015,26899.0,0.0,1.479792,0.6490239999999999,FRA,UGA,842710
4117495,80,227,8917,2015,0.0,64597.0,-1.384351,-1.209873,GAB,UGA,842710
4117496,81,227,8917,2015,133996.0,0.0,1.7422990000000003,0.75838,GBR,UGA,842710
4117497,104,227,8917,2015,22545.0,0.0,0.24230900000000002,2.8190880000000003,IND,UGA,842710
4117498,111,227,8917,2015,30677.0,0.0,1.321127,0.747046,ITA,UGA,842710
4117499,116,227,8917,2015,755572.0,4727.0,-0.453564,0.433325,KEN,UGA,842710
4117500,162,227,8917,2015,10343.0,0.0,1.230104,1.27344,NLD,UGA,842710
4117501,231,227,8917,2015,9231.0,0.0,1.720478,-0.129322,USA,UGA,842710
4117502,231,237,8917,2015,176955.0,0.0,1.720478,-0.129322,USA,VGB,842710
4117503,37,247,8917,2015,21496.0,0.0,-0.14164200000000002,-1.0372059999999999,BWA,ZMB,842710
4117504,43,247,8917,2015,55761.0,0.0,1.077143,1.735757,CHN,ZMB,842710
4117505,81,247,8917,2015,37433.0,0.0,1.7422990000000003,0.75838,GBR,ZMB,842710
4117506,111,247,8917,2015,14761.0,0.0,1.321127,0.747046,ITA,ZMB,842710
4117507,114,247,8917,2015,6068.0,0.0,2.516133,-0.484202,JPN,ZMB,842710
4117508,152,247,8917,2015,3061.0,4600.0,-0.549862,-0.8753190000000001,MWI,ZMB,842710
4117509,162,247,8917,2015,2286.0,0.0,1.230104,1.27344,NLD,ZMB,842710
4117510,208,247,8917,2015,1387.0,0.0,1.8068349999999997,0.693389,SWE,ZMB,842710
4117511,246,247,8917,2015,59983.0,0.0,0.24944699999999997,1.7573159999999999,ZAF,ZMB,842710
4117512,248,247,8917,2015,0.0,55050.0,-0.838017,-0.9400270000000001,ZWE,ZMB,842710
4117513,37,248,8917,2015,6962.0,0.0,-0.14164200000000002,-1.0372059999999999,BWA,ZWE,842710
4117514,43,248,8917,2015,17989.0,0.0,1.077143,1.735757,CHN,ZWE,842710
4117515,81,248,8917,2015,37891.0,0.0,1.7422990000000003,0.75838,GBR,ZWE,842710
4117516,114,248,8917,2015,11915.0,0.0,2.516133,-0.484202,JPN,ZWE,842710
4117517,162,248,8917,2015,7055.0,0.0,1.230104,1.27344,NLD,ZWE,842710
4117518,246,248,8917,2015,214049.0,0.0,0.24944699999999997,1.7573159999999999,ZAF,ZWE,842710
4117519,247,248,8917,2015,55050.0,0.0,-0.44792,-0.769586,ZMB,ZWE,842710
4117520,43,34,8917,2015,72710.0,0.0,1.077143,1.735757,CHN,BRN,842710
4117521,114,34,8917,2015,26068.0,0.0,2.516133,-0.484202,JPN,BRN,842710
4117522,153,34,8917,2015,19332.0,0.0,1.082803,0.811615,MYS,BRN,842710
4117523,192,34,8917,2015,41014.0,0.0,2.05613,0.593065,SGP,BRN,842710
4117524,231,127,8917,2015,91809.0,0.0,1.720478,-0.129322,USA,LCA,842710
4117525,234,127,8917,2015,15787.0,8646.0,0.087811,-0.35481999999999997,VCT,LCA,842710
4117526,231,29,8917,2015,139187.0,0.0,1.720478,-0.129322,USA,BLZ,842710
4117527,231,57,8917,2015,476422.0,0.0,1.720478,-0.129322,USA,CYM,842710
4117528,81,76,8917,2015,52938.0,0.0,1.7422990000000003,0.75838,GBR,FLK,842710
4117529,15,135,8917,2015,6296.0,0.0,1.747098,-0.08026699999999999,AUT,MDA,842710
4117530,18,135,8917,2015,2345.0,0.0,1.329866,1.100641,BEL,MDA,842710
4117531,23,135,8917,2015,21612.0,0.0,0.45640699999999995,1.691455,BGR,MDA,842710
4117532,39,135,8917,2015,1096.0,0.0,0.695867,1.171676,CAN,MDA,842710
4117533,43,135,8917,2015,19065.0,0.0,1.077143,1.735757,CHN,MDA,842710
4117534,59,135,8917,2015,3876.0,0.0,1.743012,0.45424,CZE,MDA,842710
4117535,61,135,8917,2015,55012.0,0.0,2.203818,-2.307561,DEU,MDA,842710
4117536,77,135,8917,2015,18985.0,0.0,1.479792,0.6490239999999999,FRA,MDA,842710
4117537,81,135,8917,2015,45304.0,0.0,1.7422990000000003,0.75838,GBR,MDA,842710
4117538,111,135,8917,2015,163558.0,0.0,1.321127,0.747046,ITA,MDA,842710
4117539,114,135,8917,2015,70823.0,0.0,2.516133,-0.484202,JPN,MDA,842710
4117540,130,135,8917,2015,6437.0,0.0,0.749429,1.3659860000000001,LTU,MDA,842710
4117541,162,135,8917,2015,45810.0,0.0,1.230104,1.27344,NLD,MDA,842710
4117542,177,135,8917,2015,17500.0,0.0,1.145844,1.1449280000000002,POL,MDA,842710
4117543,185,135,8917,2015,399898.0,0.0,0.946363,1.056775,ROU,MDA,842710
4117544,228,135,8917,2015,22514.0,0.0,0.429879,0.701813,UKR,MDA,842710
4117545,43,198,8917,2015,0.0,281873.0,1.077143,1.735757,CHN,SMR,842710
4117546,43,175,8917,2015,10631.0,0.0,1.077143,1.735757,CHN,PLW,842710
4117547,114,175,8917,2015,39807.0,0.0,2.516133,-0.484202,JPN,PLW,842710
4117548,43,0,8917,2015,10029.0,0.0,1.077143,1.735757,CHN,ABW,842710
4117549,114,0,8917,2015,41317.0,0.0,2.516133,-0.484202,JPN,ABW,842710
4117550,121,0,8917,2015,25492.0,0.0,1.900653,0.859406,KOR,ABW,842710
4117551,162,0,8917,2015,1780.0,0.0,1.230104,1.27344,NLD,ABW,842710
4117552,231,0,8917,2015,192611.0,20381.0,1.720478,-0.129322,USA,ABW,842710
4117553,250,0,8917,2015,16847.0,0.0,0.377283,-0.092204,ANS,ABW,842710
4117554,61,5,8917,2015,24015.0,0.0,2.203818,-2.307561,DEU,AND,842710
4117555,71,5,8917,2015,235144.0,817.0,0.8173590000000001,2.442556,ESP,AND,842710
4117556,111,5,8917,2015,0.0,650.0,1.321127,0.747046,ITA,AND,842710
4117557,15,31,8917,2015,10946.0,0.0,1.747098,-0.08026699999999999,AUT,BOL,842710
4117558,18,31,8917,2015,4361.0,0.0,1.329866,1.100641,BEL,BOL,842710
4117559,32,31,8917,2015,122282.0,0.0,0.23656799999999997,0.688607,BRA,BOL,842710
4117560,41,31,8917,2015,8929.0,0.0,2.306075,0.720781,CHE,BOL,842710
4117561,42,31,8917,2015,191300.0,0.0,-0.356167,-0.47629399999999994,CHL,BOL,842710
4117562,43,31,8917,2015,40886.0,0.0,1.077143,1.735757,CHN,BOL,842710
4117563,61,31,8917,2015,193819.0,0.0,2.203818,-2.307561,DEU,BOL,842710
4117564,71,31,8917,2015,20136.0,0.0,0.8173590000000001,2.442556,ESP,BOL,842710
4117565,77,31,8917,2015,67777.0,0.0,1.479792,0.6490239999999999,FRA,BOL,842710
4117566,81,31,8917,2015,50443.0,0.0,1.7422990000000003,0.75838,GBR,BOL,842710
4117567,111,31,8917,2015,63466.0,0.0,1.321127,0.747046,ITA,BOL,842710
4117568,114,31,8917,2015,11064.0,0.0,2.516133,-0.484202,JPN,BOL,842710
4117569,162,31,8917,2015,1996.0,0.0,1.230104,1.27344,NLD,BOL,842710
4117570,173,31,8917,2015,47449.0,0.0,-0.6007819999999999,0.32152800000000004,PER,BOL,842710
4117571,208,31,8917,2015,16587.0,0.0,1.8068349999999997,0.693389,SWE,BOL,842710
4117572,230,31,8917,2015,15139.0,0.0,0.273876,-0.363695,URY,BOL,842710
4117573,231,31,8917,2015,645994.0,0.0,1.720478,-0.129322,USA,BOL,842710
4117574,77,38,8917,2015,3842.0,0.0,1.479792,0.6490239999999999,FRA,CAF,842710
4117575,187,38,8917,2015,192149.0,0.0,-0.755738,-0.4423,RWA,CAF,842710
4117576,43,51,8917,2015,3031.0,0.0,1.077143,1.735757,CHN,CPV,842710
4117577,71,51,8917,2015,258009.0,7157.0,0.8173590000000001,2.442556,ESP,CPV,842710
4117578,77,51,8917,2015,4314.0,0.0,1.479792,0.6490239999999999,FRA,CPV,842710
4117579,162,51,8917,2015,0.0,9400.0,1.230104,1.27344,NLD,CPV,842710
4117580,179,51,8917,2015,108473.0,0.0,0.561922,2.2276380000000002,PRT,CPV,842710
4117581,43,69,8917,2015,614553.0,0.0,1.077143,1.735757,CHN,ERI,842710
4117582,14,75,8917,2015,52661.0,0.0,-0.292325,-0.043489,AUS,FJI,842710
4117583,43,75,8917,2015,90563.0,0.0,1.077143,1.735757,CHN,FJI,842710
4117584,114,75,8917,2015,105583.0,0.0,2.516133,-0.484202,JPN,FJI,842710
4117585,118,75,8917,2015,18803.0,0.0,-0.791985,-0.833046,KHM,FJI,842710
4117586,119,75,8917,2015,0.0,44073.0,-0.257871,-0.858136,KIR,FJI,842710
4117587,166,75,8917,2015,141668.0,0.0,0.224598,0.253179,NZL,FJI,842710
4117588,221,75,8917,2015,20919.0,100207.0,-0.212905,-0.670721,TON,FJI,842710
4117589,231,75,8917,2015,26638.0,0.0,1.720478,-0.129322,USA,FJI,842710
4117590,242,75,8917,2015,0.0,1643.0,0.351057,-0.158431,WSM,FJI,842710
4117591,59,78,8917,2015,13129.0,0.0,1.743012,0.45424,CZE,FRO,842710
4117592,61,78,8917,2015,17778.0,0.0,2.203818,-2.307561,DEU,FRO,842710
4117593,64,78,8917,2015,1657857.0,4099.0,1.157924,1.2045629999999998,DNK,FRO,842710
4117594,231,78,8917,2015,0.0,50986.0,1.720478,-0.129322,USA,FRO,842710
4117595,71,87,8917,2015,2125.0,0.0,0.8173590000000001,2.442556,ESP,GMB,842710
4117596,208,87,8917,2015,2653.0,0.0,1.8068349999999997,0.693389,SWE,GMB,842710
4117597,43,101,8917,2015,2331.0,0.0,1.077143,1.735757,CHN,HTI,842710
4117598,65,101,8917,2015,67972.0,0.0,-0.212808,0.395873,DOM,HTI,842710
4117599,121,101,8917,2015,46040.0,0.0,1.900653,0.859406,KOR,HTI,842710
4117600,231,101,8917,2015,134277.0,0.0,1.720478,-0.129322,USA,HTI,842710
4117601,75,119,8917,2015,44073.0,0.0,-0.481968,-0.201468,FJI,KIR,842710
4117602,114,119,8917,2015,25637.0,0.0,2.516133,-0.484202,JPN,KIR,842710
4117603,166,119,8917,2015,84879.0,0.0,0.224598,0.253179,NZL,KIR,842710
4117604,43,123,8917,2015,39685.0,0.0,1.077143,1.735757,CHN,LAO,842710
4117605,114,123,8917,2015,361225.0,0.0,2.516133,-0.484202,JPN,LAO,842710
4117606,216,123,8917,2015,470861.0,0.0,0.965888,1.368572,THA,LAO,842710
4117607,246,129,8917,2015,75393.0,18535.0,0.24944699999999997,1.7573159999999999,ZAF,LSO,842710
4117608,43,137,8917,2015,48833.0,0.0,1.077143,1.735757,CHN,MDV,842710
4117609,114,137,8917,2015,11791.0,0.0,2.516133,-0.484202,JPN,MDV,842710
4117610,128,137,8917,2015,47612.0,0.0,-0.6773399999999999,0.386343,LKA,MDV,842710
4117611,153,137,8917,2015,47670.0,0.0,1.082803,0.811615,MYS,MDV,842710
4117612,192,137,8917,2015,37505.0,0.0,2.05613,0.593065,SGP,MDV,842710
4117613,207,137,8917,2015,5638.0,0.0,1.6089879999999999,0.833616,SVN,MDV,842710
4117614,23,145,8917,2015,1533.0,0.0,0.45640699999999995,1.691455,BGR,MNG,842710
4117615,43,145,8917,2015,45897.0,0.0,1.077143,1.735757,CHN,MNG,842710
4117616,61,145,8917,2015,12584.0,0.0,2.203818,-2.307561,DEU,MNG,842710
4117617,114,145,8917,2015,155677.0,0.0,2.516133,-0.484202,JPN,MNG,842710
4117618,121,145,8917,2015,19768.0,0.0,1.900653,0.859406,KOR,MNG,842710
4117619,231,145,8917,2015,100416.0,0.0,1.720478,-0.129322,USA,MNG,842710
4117620,61,152,8917,2015,6851.0,0.0,2.203818,-2.307561,DEU,MWI,842710
4117621,246,152,8917,2015,75142.0,0.0,0.24944699999999997,1.7573159999999999,ZAF,MWI,842710
4117622,247,152,8917,2015,4600.0,3061.0,-0.44792,-0.769586,ZMB,MWI,842710
4117623,43,157,8917,2015,160267.0,0.0,1.077143,1.735757,CHN,NER,842710
4117624,77,157,8917,2015,0.0,61809.0,1.479792,0.6490239999999999,FRA,NER,842710
4117625,228,157,8917,2015,7485.0,0.0,0.429879,0.701813,UKR,NER,842710
4117626,38,187,8917,2015,0.0,192149.0,-0.35029,-0.6630199999999999,CAF,RWA,842710
4117627,43,187,8917,2015,29964.0,0.0,1.077143,1.735757,CHN,RWA,842710
4117628,61,187,8917,2015,20561.0,0.0,2.203818,-2.307561,DEU,RWA,842710
4117629,77,187,8917,2015,45920.0,0.0,1.479792,0.6490239999999999,FRA,RWA,842710
4117630,114,187,8917,2015,6465.0,0.0,2.516133,-0.484202,JPN,RWA,842710
4117631,121,187,8917,2015,31797.0,0.0,1.900653,0.859406,KOR,RWA,842710
4117632,131,187,8917,2015,44684.0,0.0,1.218924,1.247152,LUX,RWA,842710
4117633,224,187,8917,2015,11859.0,0.0,0.438669,2.519632,TUR,RWA,842710
4117634,14,195,8917,2015,2084.0,0.0,-0.292325,-0.043489,AUS,SLB,842710
4117635,43,195,8917,2015,9045.0,0.0,1.077143,1.735757,CHN,SLB,842710
4117636,166,195,8917,2015,11961.0,0.0,0.224598,0.253179,NZL,SLB,842710
4117637,176,195,8917,2015,0.0,1952.0,-1.710939,-1.266333,PNG,SLB,842710
4117638,18,196,8917,2015,18264.0,0.0,1.329866,1.100641,BEL,SLE,842710
4117639,43,196,8917,2015,92559.0,0.0,1.077143,1.735757,CHN,SLE,842710
4117640,104,196,8917,2015,20102.0,0.0,0.24230900000000002,2.8190880000000003,IND,SLE,842710
4117641,7,199,8917,2015,33223.0,0.0,0.21779600000000002,-0.0047420000000000006,ARE,SOM,842710
4117642,18,199,8917,2015,24052.0,0.0,1.329866,1.100641,BEL,SOM,842710
4117643,77,214,8917,2015,8398.0,0.0,1.479792,0.6490239999999999,FRA,TCD,842710
4117644,43,221,8917,2015,10240.0,0.0,1.077143,1.735757,CHN,TON,842710
4117645,75,221,8917,2015,100207.0,20919.0,-0.481968,-0.201468,FJI,TON,842710
4117646,127,234,8917,2015,8646.0,15787.0,0.5410590000000001,-0.484234,LCA,VCT,842710
4117647,231,234,8917,2015,34777.0,0.0,1.720478,-0.129322,USA,VCT,842710
4117648,166,240,8917,2015,20252.0,0.0,0.224598,0.253179,NZL,VUT,842710
4117649,231,30,8917,2015,72928.0,0.0,1.720478,-0.129322,USA,BMU,842710
4117650,64,92,8917,2015,475717.0,0.0,1.157924,1.2045629999999998,DNK,GRL,842710
4117651,43,182,8917,2015,31497.0,0.0,1.077143,1.735757,CHN,PYF,842710
4117652,61,182,8917,2015,216933.0,0.0,2.203818,-2.307561,DEU,PYF,842710
4117653,77,182,8917,2015,317546.0,0.0,1.479792,0.6490239999999999,FRA,PYF,842710
4117654,102,182,8917,2015,766.0,0.0,1.462839,0.803258,HUN,PYF,842710
4117655,111,182,8917,2015,8425.0,0.0,1.321127,0.747046,ITA,PYF,842710
4117656,121,182,8917,2015,48873.0,0.0,1.900653,0.859406,KOR,PYF,842710
4117657,162,182,8917,2015,6702.0,0.0,1.230104,1.27344,NLD,PYF,842710
4117658,192,182,8917,2015,10497.0,0.0,2.05613,0.593065,SGP,PYF,842710
4117659,216,182,8917,2015,15127.0,0.0,0.965888,1.368572,THA,PYF,842710
4117660,231,182,8917,2015,20108.0,0.0,1.720478,-0.129322,USA,PYF,842710
4117661,77,11,8917,2015,5075.0,0.0,1.479792,0.6490239999999999,FRA,ATA,842710
4117662,166,48,8917,2015,17660.0,0.0,0.224598,0.253179,NZL,COK,842710
4117663,121,95,8917,2015,99166.0,0.0,1.900653,0.859406,KOR,GUM,842710
4117664,77,210,8917,2015,0.0,4268.0,1.479792,0.6490239999999999,FRA,SXM,842710
4117665,162,210,8917,2015,4632.0,0.0,1.230104,1.27344,NLD,SXM,842710
4117666,231,210,8917,2015,153750.0,0.0,1.720478,-0.129322,USA,SXM,842710
4117667,166,161,8917,2015,13528.0,0.0,0.224598,0.253179,NZL,NIU,842710
4117668,1,7,8918,2015,0.0,56991.0,-1.249655,-0.9094459999999999,AFG,ARE,842720
4117669,2,7,8918,2015,0.0,99238.0,-1.6542,-1.2598989999999999,AGO,ARE,842720
4117670,14,7,8918,2015,1945782.0,280289.0,-0.292325,-0.043489,AUS,ARE,842720
4117671,15,7,8918,2015,104564.0,22015.0,1.747098,-0.08026699999999999,AUT,ARE,842720
4117672,17,7,8918,2015,0.0,12959.0,-0.993318,-1.031194,BDI,ARE,842720
4117673,18,7,8918,2015,1056746.0,16051.0,1.329866,1.100641,BEL,ARE,842720
4117674,22,7,8918,2015,0.0,290287.0,-1.088465,-0.8745360000000001,BGD,ARE,842720
4117675,23,7,8918,2015,995.0,233065.0,0.45640699999999995,1.691455,BGR,ARE,842720
4117676,24,7,8918,2015,104901.0,212506.0,0.36650900000000003,-0.28735,BHR,ARE,842720
4117677,32,7,8918,2015,490390.0,93325.0,0.23656799999999997,0.688607,BRA,ARE,842720
4117678,37,7,8918,2015,0.0,97648.0,-0.14164200000000002,-1.0372059999999999,BWA,ARE,842720
4117679,39,7,8918,2015,6108324.0,0.0,0.695867,1.171676,CAN,ARE,842720
4117680,41,7,8918,2015,9344.0,0.0,2.306075,0.720781,CHE,ARE,842720
4117681,43,7,8918,2015,19554404.0,159814.0,1.077143,1.735757,CHN,ARE,842720
4117682,45,7,8918,2015,0.0,4298.0,-0.924366,-1.040721,CMR,ARE,842720
4117683,46,7,8918,2015,0.0,80049.0,-1.3921290000000002,-1.146549,COD,ARE,842720
4117684,47,7,8918,2015,0.0,42107.0,-1.294823,-1.18811,COG,ARE,842720
4117685,58,7,8918,2015,117229.0,0.0,0.511225,-0.207261,CYP,ARE,842720
4117686,59,7,8918,2015,60751.0,0.0,1.743012,0.45424,CZE,ARE,842720
4117687,61,7,8918,2015,1619251.0,133597.0,2.203818,-2.307561,DEU,ARE,842720
4117688,62,7,8918,2015,0.0,889224.0,-0.538942,-0.832522,DJI,ARE,842720
4117689,64,7,8918,2015,4390.0,0.0,1.157924,1.2045629999999998,DNK,ARE,842720
4117690,66,7,8918,2015,0.0,27443.0,-1.54346,-1.255633,DZA,ARE,842720
4117691,68,7,8918,2015,0.0,327905.0,-0.183053,1.765036,EGY,ARE,842720
4117692,69,7,8918,2015,0.0,114279.0,-1.7745669999999998,-1.013696,ERI,ARE,842720
4117693,71,7,8918,2015,653325.0,0.0,0.8173590000000001,2.442556,ESP,ARE,842720
4117694,73,7,8918,2015,0.0,502079.0,-1.004896,-0.721019,ETH,ARE,842720
4117695,74,7,8918,2015,34894.0,0.0,1.597817,0.998059,FIN,ARE,842720
4117696,77,7,8918,2015,8281692.0,19277.0,1.479792,0.6490239999999999,FRA,ARE,842720
4117697,80,7,8918,2015,0.0,49997.0,-1.384351,-1.209873,GAB,ARE,842720
4117698,81,7,8918,2015,29164520.0,301658.0,1.7422990000000003,0.75838,GBR,ARE,842720
4117699,82,7,8918,2015,0.0,23121.0,-0.343663,-0.588017,GEO,ARE,842720
4117700,89,7,8918,2015,0.0,12266.0,-1.585577,-0.9044979999999999,GNQ,ARE,842720
4117701,97,7,8918,2015,0.0,5195.0,0.8255290000000001,1.8017279999999998,HKG,ARE,842720
4117702,102,7,8918,2015,14810.0,0.0,1.462839,0.803258,HUN,ARE,842720
4117703,103,7,8918,2015,111184.0,0.0,-0.145103,1.277362,IDN,ARE,842720
4117704,104,7,8918,2015,205888.0,22927.0,0.24230900000000002,2.8190880000000003,IND,ARE,842720
4117705,106,7,8918,2015,934139.0,0.0,1.304942,0.126431,IRL,ARE,842720
4117706,107,7,8918,2015,0.0,6479114.0,-0.258946,-0.0073420000000000004,IRN,ARE,842720
4117707,108,7,8918,2015,0.0,2756394.0,-1.465803,-0.912113,IRQ,ARE,842720
4117708,111,7,8918,2015,2733352.0,0.0,1.321127,0.747046,ITA,ARE,842720
4117709,114,7,8918,2015,27371250.0,27515.0,2.516133,-0.484202,JPN,ARE,842720
4117710,115,7,8918,2015,18249.0,2038.0,-0.45091499999999995,-0.652026,KAZ,ARE,842720
4117711,116,7,8918,2015,0.0,64451.0,-0.453564,0.433325,KEN,ARE,842720
4117712,121,7,8918,2015,7591420.0,2517.0,1.900653,0.859406,KOR,ARE,842720
4117713,122,7,8918,2015,58656.0,661299.0,-0.352023,-1.153057,KWT,ARE,842720
4117714,124,7,8918,2015,0.0,16475.0,0.317355,1.330374,LBN,ARE,842720
4117715,125,7,8918,2015,0.0,53142.0,-1.087459,-1.195708,LBR,ARE,842720
4117716,126,7,8918,2015,0.0,2691.0,-1.3257219999999998,-1.260453,LBY,ARE,842720
4117717,128,7,8918,2015,0.0,6036.0,-0.6773399999999999,0.386343,LKA,ARE,842720
4117718,137,7,8918,2015,0.0,2960.0,-0.321571,-0.858751,MDV,ARE,842720
4117719,143,7,8918,2015,0.0,20024.0,-1.4596120000000001,-0.903904,MMR,ARE,842720
4117720,145,7,8918,2015,74226.0,0.0,-1.244368,-1.196677,MNG,ARE,842720
4117721,147,7,8918,2015,0.0,169988.0,-1.293809,-1.115069,MOZ,ARE,842720
4117722,153,7,8918,2015,99474.0,40423.0,1.082803,0.811615,MYS,ARE,842720
4117723,159,7,8918,2015,0.0,49778.0,-1.415451,-1.157829,NGA,ARE,842720
4117724,162,7,8918,2015,6152932.0,215734.0,1.230104,1.27344,NLD,ARE,842720
4117725,163,7,8918,2015,11007.0,0.0,0.950708,0.314339,NOR,ARE,842720
4117726,166,7,8918,2015,6874.0,0.0,0.224598,0.253179,NZL,ARE,842720
4117727,167,7,8918,2015,750096.0,2313720.0,-0.4699,-1.00451,OMN,ARE,842720
4117728,168,7,8918,2015,38894.0,119263.0,-0.7059979999999999,0.73501,PAK,ARE,842720
4117729,174,7,8918,2015,0.0,73070.0,0.6406270000000001,0.45770200000000005,PHL,ARE,842720
4117730,177,7,8918,2015,2796947.0,0.0,1.145844,1.1449280000000002,POL,ARE,842720
4117731,179,7,8918,2015,293922.0,0.0,0.561922,2.2276380000000002,PRT,ARE,842720
4117732,183,7,8918,2015,656589.0,555487.0,-0.077053,-0.9922719999999999,QAT,ARE,842720
4117733,185,7,8918,2015,13518.0,0.0,0.946363,1.056775,ROU,ARE,842720
4117734,186,7,8918,2015,69522.0,0.0,0.23119,0.035965,RUS,ARE,842720
4117735,187,7,8918,2015,0.0,18503.0,-0.755738,-0.4423,RWA,ARE,842720
4117736,188,7,8918,2015,782632.0,2747276.0,0.5552520000000001,-0.7263229999999999,SAU,ARE,842720
4117737,190,7,8918,2015,0.0,319164.0,-1.420356,-1.218424,SDN,ARE,842720
4117738,191,7,8918,2015,0.0,113944.0,-0.708349,-0.296663,SEN,ARE,842720
4117739,192,7,8918,2015,931201.0,25897.0,2.05613,0.593065,SGP,ARE,842720
4117740,199,7,8918,2015,0.0,218348.0,-1.716689,-1.078134,SOM,ARE,842720
4117741,205,7,8918,2015,0.0,3916.0,-0.570361,-1.005072,SUR,ARE,842720
4117742,207,7,8918,2015,14789.0,0.0,1.6089879999999999,0.833616,SVN,ARE,842720
4117743,208,7,8918,2015,6779554.0,0.0,1.8068349999999997,0.693389,SWE,ARE,842720
4117744,211,7,8918,2015,0.0,88346.0,1.017467,-0.285569,SYC,ARE,842720
4117745,212,7,8918,2015,0.0,17706.0,-0.603532,0.313216,SYR,ARE,842720
4117746,216,7,8918,2015,4258.0,0.0,0.965888,1.368572,THA,ARE,842720
4117747,219,7,8918,2015,0.0,1150799.0,-1.546516,-1.315803,TKM,ARE,842720
4117748,224,7,8918,2015,73999.0,132502.0,0.438669,2.519632,TUR,ARE,842720
4117749,226,7,8918,2015,0.0,370461.0,-1.02395,-0.017509999999999998,TZA,ARE,842720
4117750,227,7,8918,2015,0.0,55832.0,-0.611023,0.078961,UGA,ARE,842720
4117751,228,7,8918,2015,78396.0,18501.0,0.429879,0.701813,UKR,ARE,842720
4117752,231,7,8918,2015,15976591.0,226009.0,1.720478,-0.129322,USA,ARE,842720
4117753,243,7,8918,2015,0.0,52698.0,-1.048632,-1.10843,YEM,ARE,842720
4117754,246,7,8918,2015,0.0,4093.0,0.24944699999999997,1.7573159999999999,ZAF,ARE,842720
4117755,247,7,8918,2015,0.0,31018.0,-0.44792,-0.769586,ZMB,ARE,842720
4117756,248,7,8918,2015,0.0,47998.0,-0.838017,-0.9400270000000001,ZWE,ARE,842720
4117757,249,7,8918,2015,147831.0,0.0,1.962832,1.214982,TWN,ARE,842720
4117758,250,7,8918,2015,76.0,1229243.0,0.377283,-0.092204,ANS,ARE,842720
4117759,18,8,8918,2015,125337.0,0.0,1.329866,1.100641,BEL,ARG,842720
4117760,31,8,8918,2015,0.0,16890.0,-1.051562,-1.067714,BOL,ARG,842720
4117761,32,8,8918,2015,12933300.0,0.0,0.23656799999999997,0.688607,BRA,ARG,842720
4117762,39,8,8918,2015,79705.0,0.0,0.695867,1.171676,CAN,ARG,842720
4117763,42,8,8918,2015,315216.0,0.0,-0.356167,-0.47629399999999994,CHL,ARG,842720
4117764,43,8,8918,2015,45961632.0,0.0,1.077143,1.735757,CHN,ARG,842720
4117765,61,8,8918,2015,6987867.0,0.0,2.203818,-2.307561,DEU,ARG,842720
4117766,77,8,8918,2015,4656882.0,0.0,1.479792,0.6490239999999999,FRA,ARG,842720
4117767,81,8,8918,2015,66349.0,0.0,1.7422990000000003,0.75838,GBR,ARG,842720
4117768,97,8,8918,2015,29313.0,0.0,0.8255290000000001,1.8017279999999998,HKG,ARG,842720
4117769,106,8,8918,2015,292241.0,0.0,1.304942,0.126431,IRL,ARG,842720
4117770,111,8,8918,2015,5207178.0,0.0,1.321127,0.747046,ITA,ARG,842720
4117771,114,8,8918,2015,8868679.0,0.0,2.516133,-0.484202,JPN,ARG,842720
4117772,121,8,8918,2015,4098519.0,0.0,1.900653,0.859406,KOR,ARG,842720
4117773,162,8,8918,2015,1142026.0,0.0,1.230104,1.27344,NLD,ARG,842720
4117774,173,8,8918,2015,139243.0,0.0,-0.6007819999999999,0.32152800000000004,PER,ARG,842720
4117775,177,8,8918,2015,172026.0,0.0,1.145844,1.1449280000000002,POL,ARG,842720
4117776,180,8,8918,2015,0.0,7482.0,-0.471106,-0.9431139999999999,PRY,ARG,842720
4117777,185,8,8918,2015,533110.0,0.0,0.946363,1.056775,ROU,ARG,842720
4117778,208,8,8918,2015,1284382.0,0.0,1.8068349999999997,0.693389,SWE,ARG,842720
4117779,231,8,8918,2015,17084934.0,0.0,1.720478,-0.129322,USA,ARG,842720
4117780,249,8,8918,2015,1912424.0,0.0,1.962832,1.214982,TWN,ARG,842720
4117781,4,15,8918,2015,0.0,8377.0,-0.601875,-0.27003,ALB,AUT,842720
4117782,7,15,8918,2015,22015.0,104564.0,0.21779600000000002,-0.0047420000000000006,ARE,AUT,842720
4117783,14,15,8918,2015,0.0,646041.0,-0.292325,-0.043489,AUS,AUT,842720
4117784,18,15,8918,2015,1524116.0,361191.0,1.329866,1.100641,BEL,AUT,842720
4117785,23,15,8918,2015,0.0,217244.0,0.45640699999999995,1.691455,BGR,AUT,842720
4117786,26,15,8918,2015,0.0,101262.0,0.355903,0.723092,BIH,AUT,842720
4117787,28,15,8918,2015,0.0,121061.0,0.672499,0.5584020000000001,BLR,AUT,842720
4117788,31,15,8918,2015,0.0,166475.0,-1.051562,-1.067714,BOL,AUT,842720
4117789,39,15,8918,2015,0.0,253724.0,0.695867,1.171676,CAN,AUT,842720
4117790,41,15,8918,2015,400432.0,1308943.0,2.306075,0.720781,CHE,AUT,842720
4117791,43,15,8918,2015,532888.0,158437.0,1.077143,1.735757,CHN,AUT,842720
4117792,52,15,8918,2015,0.0,1479200.0,0.24859699999999998,-0.033143,CRI,AUT,842720
4117793,59,15,8918,2015,419540.0,1869799.0,1.743012,0.45424,CZE,AUT,842720
4117794,61,15,8918,2015,31875546.0,12258943.0,2.203818,-2.307561,DEU,AUT,842720
4117795,64,15,8918,2015,81661.0,452250.0,1.157924,1.2045629999999998,DNK,AUT,842720
4117796,66,15,8918,2015,0.0,35189.0,-1.54346,-1.255633,DZA,AUT,842720
4117797,68,15,8918,2015,0.0,8669.0,-0.183053,1.765036,EGY,AUT,842720
4117798,71,15,8918,2015,7899.0,26207.0,0.8173590000000001,2.442556,ESP,AUT,842720
4117799,72,15,8918,2015,13494.0,33736.0,0.9281149999999999,1.1780389999999998,EST,AUT,842720
4117800,74,15,8918,2015,1675511.0,344442.0,1.597817,0.998059,FIN,AUT,842720
4117801,77,15,8918,2015,4820342.0,1040443.0,1.479792,0.6490239999999999,FRA,AUT,842720
4117802,81,15,8918,2015,7930567.0,5565372.0,1.7422990000000003,0.75838,GBR,AUT,842720
4117803,83,15,8918,2015,0.0,11108.0,-0.750568,-0.690257,GHA,AUT,842720
4117804,90,15,8918,2015,0.0,6837.0,0.099027,1.012289,GRC,AUT,842720
4117805,97,15,8918,2015,2489.0,0.0,0.8255290000000001,1.8017279999999998,HKG,AUT,842720
4117806,100,15,8918,2015,17900.0,117492.0,0.7590140000000001,1.257415,HRV,AUT,842720
4117807,102,15,8918,2015,78420.0,707420.0,1.462839,0.803258,HUN,AUT,842720
4117808,104,15,8918,2015,0.0,4766.0,0.24230900000000002,2.8190880000000003,IND,AUT,842720
4117809,106,15,8918,2015,1053336.0,21900.0,1.304942,0.126431,IRL,AUT,842720
4117810,107,15,8918,2015,0.0,5896.0,-0.258946,-0.0073420000000000004,IRN,AUT,842720
4117811,110,15,8918,2015,0.0,125399.0,1.260071,0.545545,ISR,AUT,842720
4117812,111,15,8918,2015,2996593.0,438899.0,1.321127,0.747046,ITA,AUT,842720
4117813,113,15,8918,2015,0.0,6547.0,0.121172,0.457301,JOR,AUT,842720
4117814,114,15,8918,2015,147521.0,24722.0,2.516133,-0.484202,JPN,AUT,842720
4117815,116,15,8918,2015,0.0,11862.0,-0.453564,0.433325,KEN,AUT,842720
4117816,121,15,8918,2015,144698.0,0.0,1.900653,0.859406,KOR,AUT,842720
4117817,128,15,8918,2015,0.0,1885.0,-0.6773399999999999,0.386343,LKA,AUT,842720
4117818,130,15,8918,2015,0.0,87738.0,0.749429,1.3659860000000001,LTU,AUT,842720
4117819,131,15,8918,2015,0.0,24761.0,1.218924,1.247152,LUX,AUT,842720
4117820,132,15,8918,2015,0.0,17198.0,0.602209,1.125357,LVA,AUT,842720
4117821,138,15,8918,2015,0.0,28529.0,1.169724,0.61457,MEX,AUT,842720
4117822,140,15,8918,2015,0.0,75245.0,-0.09009600000000001,-0.147359,MKD,AUT,842720
4117823,155,15,8918,2015,0.0,1550.0,-0.43457399999999996,-0.665655,NAM,AUT,842720
4117824,162,15,8918,2015,2744363.0,893084.0,1.230104,1.27344,NLD,AUT,842720
4117825,163,15,8918,2015,53925.0,116376.0,0.950708,0.314339,NOR,AUT,842720
4117826,177,15,8918,2015,1087610.0,377317.0,1.145844,1.1449280000000002,POL,AUT,842720
4117827,179,15,8918,2015,1583.0,364378.0,0.561922,2.2276380000000002,PRT,AUT,842720
4117828,185,15,8918,2015,106023.0,1363188.0,0.946363,1.056775,ROU,AUT,842720
4117829,186,15,8918,2015,0.0,154627.0,0.23119,0.035965,RUS,AUT,842720
4117830,188,15,8918,2015,0.0,703805.0,0.5552520000000001,-0.7263229999999999,SAU,AUT,842720
4117831,201,15,8918,2015,0.0,125619.0,0.457042,1.324908,SRB,AUT,842720
4117832,206,15,8918,2015,69787.0,3685907.0,1.287133,0.7900560000000001,SVK,AUT,842720
4117833,207,15,8918,2015,12163.0,913865.0,1.6089879999999999,0.833616,SVN,AUT,842720
4117834,208,15,8918,2015,4885076.0,752919.0,1.8068349999999997,0.693389,SWE,AUT,842720
4117835,219,15,8918,2015,0.0,591187.0,-1.546516,-1.315803,TKM,AUT,842720
4117836,224,15,8918,2015,10587.0,0.0,0.438669,2.519632,TUR,AUT,842720
4117837,228,15,8918,2015,17018.0,83142.0,0.429879,0.701813,UKR,AUT,842720
4117838,230,15,8918,2015,0.0,17862.0,0.273876,-0.363695,URY,AUT,842720
4117839,231,15,8918,2015,3589391.0,535034.0,1.720478,-0.129322,USA,AUT,842720
4117840,246,15,8918,2015,0.0,347006.0,0.24944699999999997,1.7573159999999999,ZAF,AUT,842720
4117841,2,18,8918,2015,0.0,42896.0,-1.6542,-1.2598989999999999,AGO,BEL,842720
4117842,4,18,8918,2015,0.0,3433.0,-0.601875,-0.27003,ALB,BEL,842720
4117843,7,18,8918,2015,16051.0,1056746.0,0.21779600000000002,-0.0047420000000000006,ARE,BEL,842720
4117844,8,18,8918,2015,0.0,125337.0,0.116896,0.30330999999999997,ARG,BEL,842720
4117845,14,18,8918,2015,264568.0,1747561.0,-0.292325,-0.043489,AUS,BEL,842720
4117846,15,18,8918,2015,361191.0,1524116.0,1.747098,-0.08026699999999999,AUT,BEL,842720
4117847,16,18,8918,2015,0.0,15501.0,-0.983347,-1.231542,AZE,BEL,842720
4117848,19,18,8918,2015,0.0,72308.0,-0.5641470000000001,-0.8971020000000001,BEN,BEL,842720
4117849,21,18,8918,2015,0.0,72881.0,-1.085359,-1.034365,BFA,BEL,842720
4117850,22,18,8918,2015,0.0,31827.0,-1.088465,-0.8745360000000001,BGD,BEL,842720
4117851,23,18,8918,2015,0.0,2107616.0,0.45640699999999995,1.691455,BGR,BEL,842720
4117852,24,18,8918,2015,0.0,262102.0,0.36650900000000003,-0.28735,BHR,BEL,842720
4117853,26,18,8918,2015,0.0,80481.0,0.355903,0.723092,BIH,BEL,842720
4117854,28,18,8918,2015,0.0,30586.0,0.672499,0.5584020000000001,BLR,BEL,842720
4117855,31,18,8918,2015,0.0,32768.0,-1.051562,-1.067714,BOL,BEL,842720
4117856,32,18,8918,2015,0.0,250661.0,0.23656799999999997,0.688607,BRA,BEL,842720
4117857,34,18,8918,2015,0.0,10230.0,1.093564,-0.679211,BRN,BEL,842720
4117858,38,18,8918,2015,0.0,17054.0,-0.35029,-0.6630199999999999,CAF,BEL,842720
4117859,39,18,8918,2015,9150.0,1992281.0,0.695867,1.171676,CAN,BEL,842720
4117860,41,18,8918,2015,20889.0,869348.0,2.306075,0.720781,CHE,BEL,842720
4117861,42,18,8918,2015,0.0,290726.0,-0.356167,-0.47629399999999994,CHL,BEL,842720
4117862,43,18,8918,2015,9490344.0,57566.0,1.077143,1.735757,CHN,BEL,842720
4117863,44,18,8918,2015,0.0,445479.0,-0.856142,-0.905292,CIV,BEL,842720
4117864,45,18,8918,2015,0.0,663220.0,-0.924366,-1.040721,CMR,BEL,842720
4117865,46,18,8918,2015,0.0,790139.0,-1.3921290000000002,-1.146549,COD,BEL,842720
4117866,47,18,8918,2015,0.0,15739.0,-1.294823,-1.18811,COG,BEL,842720
4117867,49,18,8918,2015,0.0,439359.0,0.156383,-0.183055,COL,BEL,842720
4117868,59,18,8918,2015,148291.0,2267648.0,1.743012,0.45424,CZE,BEL,842720
4117869,61,18,8918,2015,26643496.0,10693895.0,2.203818,-2.307561,DEU,BEL,842720
4117870,64,18,8918,2015,19390.0,3060094.0,1.157924,1.2045629999999998,DNK,BEL,842720
4117871,66,18,8918,2015,0.0,116515.0,-1.54346,-1.255633,DZA,BEL,842720
4117872,67,18,8918,2015,0.0,11145.0,-0.9845959999999999,-1.075639,ECU,BEL,842720
4117873,68,18,8918,2015,0.0,715473.0,-0.183053,1.765036,EGY,BEL,842720
4117874,71,18,8918,2015,1091548.0,2516935.0,0.8173590000000001,2.442556,ESP,BEL,842720
4117875,72,18,8918,2015,25546.0,736099.0,0.9281149999999999,1.1780389999999998,EST,BEL,842720
4117876,73,18,8918,2015,0.0,7225.0,-1.004896,-0.721019,ETH,BEL,842720
4117877,74,18,8918,2015,15023424.0,1619179.0,1.597817,0.998059,FIN,BEL,842720
4117878,77,18,8918,2015,48848908.0,31569438.0,1.479792,0.6490239999999999,FRA,BEL,842720
4117879,80,18,8918,2015,0.0,177862.0,-1.384351,-1.209873,GAB,BEL,842720
4117880,81,18,8918,2015,26171732.0,14260338.0,1.7422990000000003,0.75838,GBR,BEL,842720
4117881,82,18,8918,2015,0.0,2751.0,-0.343663,-0.588017,GEO,BEL,842720
4117882,83,18,8918,2015,0.0,333308.0,-0.750568,-0.690257,GHA,BEL,842720
4117883,85,18,8918,2015,0.0,65461.0,-1.288329,-1.167532,GIN,BEL,842720
4117884,89,18,8918,2015,0.0,1719.0,-1.585577,-0.9044979999999999,GNQ,BEL,842720
4117885,90,18,8918,2015,0.0,336975.0,0.099027,1.012289,GRC,BEL,842720
4117886,93,18,8918,2015,0.0,73458.0,-0.284403,0.525564,GTM,BEL,842720
4117887,97,18,8918,2015,354178.0,0.0,0.8255290000000001,1.8017279999999998,HKG,BEL,842720
4117888,99,18,8918,2015,0.0,76800.0,-0.578635,-0.292053,HND,BEL,842720
4117889,100,18,8918,2015,0.0,178673.0,0.7590140000000001,1.257415,HRV,BEL,842720
4117890,102,18,8918,2015,0.0,7850968.0,1.462839,0.803258,HUN,BEL,842720
4117891,103,18,8918,2015,11714.0,12956.0,-0.145103,1.277362,IDN,BEL,842720
4117892,106,18,8918,2015,2911070.0,762252.0,1.304942,0.126431,IRL,BEL,842720
4117893,107,18,8918,2015,0.0,119230.0,-0.258946,-0.0073420000000000004,IRN,BEL,842720
4117894,108,18,8918,2015,0.0,12424.0,-1.465803,-0.912113,IRQ,BEL,842720
4117895,109,18,8918,2015,0.0,112633.0,0.24527600000000002,-0.411616,ISL,BEL,842720
4117896,110,18,8918,2015,0.0,525236.0,1.260071,0.545545,ISR,BEL,842720
4117897,111,18,8918,2015,8838549.0,2855744.0,1.321127,0.747046,ITA,BEL,842720
4117898,113,18,8918,2015,0.0,8923.0,0.121172,0.457301,JOR,BEL,842720
4117899,114,18,8918,2015,3252615.0,55046.0,2.516133,-0.484202,JPN,BEL,842720
4117900,115,18,8918,2015,0.0,160987.0,-0.45091499999999995,-0.652026,KAZ,BEL,842720
4117901,116,18,8918,2015,0.0,305733.0,-0.453564,0.433325,KEN,BEL,842720
4117902,121,18,8918,2015,28995970.0,107540.0,1.900653,0.859406,KOR,BEL,842720
4117903,122,18,8918,2015,0.0,179725.0,-0.352023,-1.153057,KWT,BEL,842720
4117904,124,18,8918,2015,0.0,82739.0,0.317355,1.330374,LBN,BEL,842720
4117905,128,18,8918,2015,0.0,1289.0,-0.6773399999999999,0.386343,LKA,BEL,842720
4117906,130,18,8918,2015,11683.0,658681.0,0.749429,1.3659860000000001,LTU,BEL,842720
4117907,131,18,8918,2015,371621.0,2083942.0,1.218924,1.247152,LUX,BEL,842720
4117908,132,18,8918,2015,37890.0,578818.0,0.602209,1.125357,LVA,BEL,842720
4117909,134,18,8918,2015,0.0,275925.0,-0.7554810000000001,-0.059697,MAR,BEL,842720
4117910,135,18,8918,2015,0.0,4047.0,-0.313837,-0.20393,MDA,BEL,842720
4117911,136,18,8918,2015,0.0,5129.0,-1.15947,-0.497217,MDG,BEL,842720
4117912,138,18,8918,2015,0.0,140440.0,1.169724,0.61457,MEX,BEL,842720
4117913,140,18,8918,2015,0.0,15525.0,-0.09009600000000001,-0.147359,MKD,BEL,842720
4117914,141,18,8918,2015,0.0,1859.0,-0.744236,-0.9441860000000001,MLI,BEL,842720
4117915,142,18,8918,2015,0.0,75249.0,0.880893,-0.117585,MLT,BEL,842720
4117916,144,18,8918,2015,0.0,41312.0,-0.048385000000000004,-0.150759,MNE,BEL,842720
4117917,147,18,8918,2015,0.0,301747.0,-1.293809,-1.115069,MOZ,BEL,842720
4117918,151,18,8918,2015,0.0,28023.0,-0.231762,-0.195051,MUS,BEL,842720
4117919,153,18,8918,2015,64256.0,44181.0,1.082803,0.811615,MYS,BEL,842720
4117920,155,18,8918,2015,0.0,14829.0,-0.43457399999999996,-0.665655,NAM,BEL,842720
4117921,156,18,8918,2015,0.0,20984.0,-0.727911,-0.844562,NCL,BEL,842720
4117922,159,18,8918,2015,0.0,207211.0,-1.415451,-1.157829,NGA,BEL,842720
4117923,162,18,8918,2015,28150220.0,28606806.0,1.230104,1.27344,NLD,BEL,842720
4117924,163,18,8918,2015,432471.0,91486.0,0.950708,0.314339,NOR,BEL,842720
4117925,166,18,8918,2015,0.0,1104090.0,0.224598,0.253179,NZL,BEL,842720
4117926,167,18,8918,2015,0.0,464209.0,-0.4699,-1.00451,OMN,BEL,842720
4117927,168,18,8918,2015,0.0,24226.0,-0.7059979999999999,0.73501,PAK,BEL,842720
4117928,173,18,8918,2015,0.0,108322.0,-0.6007819999999999,0.32152800000000004,PER,BEL,842720
4117929,174,18,8918,2015,0.0,39461.0,0.6406270000000001,0.45770200000000005,PHL,BEL,842720
4117930,177,18,8918,2015,290529.0,9008855.0,1.145844,1.1449280000000002,POL,BEL,842720
4117931,179,18,8918,2015,0.0,1530111.0,0.561922,2.2276380000000002,PRT,BEL,842720
4117932,180,18,8918,2015,0.0,28539.0,-0.471106,-0.9431139999999999,PRY,BEL,842720
4117933,183,18,8918,2015,0.0,705097.0,-0.077053,-0.9922719999999999,QAT,BEL,842720
4117934,185,18,8918,2015,55168.0,1921660.0,0.946363,1.056775,ROU,BEL,842720
4117935,186,18,8918,2015,70811.0,129766.0,0.23119,0.035965,RUS,BEL,842720
4117936,188,18,8918,2015,0.0,2475944.0,0.5552520000000001,-0.7263229999999999,SAU,BEL,842720
4117937,190,18,8918,2015,0.0,3780.0,-1.420356,-1.218424,SDN,BEL,842720
4117938,191,18,8918,2015,0.0,188860.0,-0.708349,-0.296663,SEN,BEL,842720
4117939,192,18,8918,2015,114080.0,22391.0,2.05613,0.593065,SGP,BEL,842720
4117940,201,18,8918,2015,49058.0,397333.0,0.457042,1.324908,SRB,BEL,842720
4117941,205,18,8918,2015,0.0,56238.0,-0.570361,-1.005072,SUR,BEL,842720
4117942,206,18,8918,2015,12878.0,1097293.0,1.287133,0.7900560000000001,SVK,BEL,842720
4117943,207,18,8918,2015,43757.0,1296598.0,1.6089879999999999,0.833616,SVN,BEL,842720
4117944,208,18,8918,2015,14000202.0,10603896.0,1.8068349999999997,0.693389,SWE,BEL,842720
4117945,216,18,8918,2015,2996.0,0.0,0.965888,1.368572,THA,BEL,842720
4117946,219,18,8918,2015,0.0,55255.0,-1.546516,-1.315803,TKM,BEL,842720
4117947,224,18,8918,2015,0.0,723933.0,0.438669,2.519632,TUR,BEL,842720
4117948,226,18,8918,2015,0.0,227921.0,-1.02395,-0.017509999999999998,TZA,BEL,842720
4117949,227,18,8918,2015,0.0,6621.0,-0.611023,0.078961,UGA,BEL,842720
4117950,228,18,8918,2015,0.0,464083.0,0.429879,0.701813,UKR,BEL,842720
4117951,230,18,8918,2015,0.0,802041.0,0.273876,-0.363695,URY,BEL,842720
4117952,231,18,8918,2015,78147808.0,20796754.0,1.720478,-0.129322,USA,BEL,842720
4117953,239,18,8918,2015,0.0,971781.0,-0.17108900000000002,1.10995,VNM,BEL,842720
4117954,246,18,8918,2015,0.0,761500.0,0.24944699999999997,1.7573159999999999,ZAF,BEL,842720
4117955,247,18,8918,2015,0.0,11660.0,-0.44792,-0.769586,ZMB,BEL,842720
4117956,249,18,8918,2015,88291.0,0.0,1.962832,1.214982,TWN,BEL,842720
4117957,250,18,8918,2015,46221.0,177088.0,0.377283,-0.092204,ANS,BEL,842720
4117958,7,23,8918,2015,233065.0,995.0,0.21779600000000002,-0.0047420000000000006,ARE,BGR,842720
4117959,9,23,8918,2015,0.0,22884.0,0.037579,-0.42448800000000003,ARM,BGR,842720
4117960,15,23,8918,2015,217244.0,0.0,1.747098,-0.08026699999999999,AUT,BGR,842720
4117961,16,23,8918,2015,0.0,67213.0,-0.983347,-1.231542,AZE,BGR,842720
4117962,18,23,8918,2015,2107616.0,0.0,1.329866,1.100641,BEL,BGR,842720
4117963,26,23,8918,2015,0.0,4514.0,0.355903,0.723092,BIH,BGR,842720
4117964,28,23,8918,2015,0.0,89186.0,0.672499,0.5584020000000001,BLR,BGR,842720
4117965,41,23,8918,2015,6821.0,0.0,2.306075,0.720781,CHE,BGR,842720
4117966,43,23,8918,2015,801170.0,0.0,1.077143,1.735757,CHN,BGR,842720
4117967,59,23,8918,2015,78649.0,394459.0,1.743012,0.45424,CZE,BGR,842720
4117968,61,23,8918,2015,1816948.0,7725.0,2.203818,-2.307561,DEU,BGR,842720
4117969,64,23,8918,2015,7586.0,0.0,1.157924,1.2045629999999998,DNK,BGR,842720
4117970,66,23,8918,2015,0.0,82220.0,-1.54346,-1.255633,DZA,BGR,842720
4117971,68,23,8918,2015,0.0,178930.0,-0.183053,1.765036,EGY,BGR,842720
4117972,71,23,8918,2015,69041.0,0.0,0.8173590000000001,2.442556,ESP,BGR,842720
4117973,77,23,8918,2015,9627270.0,0.0,1.479792,0.6490239999999999,FRA,BGR,842720
4117974,81,23,8918,2015,5838348.0,0.0,1.7422990000000003,0.75838,GBR,BGR,842720
4117975,82,23,8918,2015,0.0,95052.0,-0.343663,-0.588017,GEO,BGR,842720
4117976,90,23,8918,2015,83217.0,62109.0,0.099027,1.012289,GRC,BGR,842720
4117977,102,23,8918,2015,80841.0,174298.0,1.462839,0.803258,HUN,BGR,842720
4117978,106,23,8918,2015,140084.0,0.0,1.304942,0.126431,IRL,BGR,842720
4117979,107,23,8918,2015,0.0,2265.0,-0.258946,-0.0073420000000000004,IRN,BGR,842720
4117980,111,23,8918,2015,3385486.0,31704.0,1.321127,0.747046,ITA,BGR,842720
4117981,113,23,8918,2015,0.0,37696.0,0.121172,0.457301,JOR,BGR,842720
4117982,114,23,8918,2015,120322.0,0.0,2.516133,-0.484202,JPN,BGR,842720
4117983,115,23,8918,2015,7326.0,37943.0,-0.45091499999999995,-0.652026,KAZ,BGR,842720
4117984,130,23,8918,2015,0.0,45488.0,0.749429,1.3659860000000001,LTU,BGR,842720
4117985,132,23,8918,2015,40751.0,0.0,0.602209,1.125357,LVA,BGR,842720
4117986,135,23,8918,2015,0.0,11436.0,-0.313837,-0.20393,MDA,BGR,842720
4117987,140,23,8918,2015,2739.0,61804.0,-0.09009600000000001,-0.147359,MKD,BGR,842720
4117988,162,23,8918,2015,1078040.0,64334.0,1.230104,1.27344,NLD,BGR,842720
4117989,168,23,8918,2015,0.0,3608.0,-0.7059979999999999,0.73501,PAK,BGR,842720
4117990,177,23,8918,2015,37000.0,739120.0,1.145844,1.1449280000000002,POL,BGR,842720
4117991,185,23,8918,2015,1195534.0,5044482.0,0.946363,1.056775,ROU,BGR,842720
4117992,186,23,8918,2015,11503.0,398276.0,0.23119,0.035965,RUS,BGR,842720
4117993,201,23,8918,2015,65836.0,263831.0,0.457042,1.324908,SRB,BGR,842720
4117994,206,23,8918,2015,0.0,664786.0,1.287133,0.7900560000000001,SVK,BGR,842720
4117995,207,23,8918,2015,33649.0,0.0,1.6089879999999999,0.833616,SVN,BGR,842720
4117996,208,23,8918,2015,107524.0,0.0,1.8068349999999997,0.693389,SWE,BGR,842720
4117997,224,23,8918,2015,2623.0,0.0,0.438669,2.519632,TUR,BGR,842720
4117998,228,23,8918,2015,240202.0,154959.0,0.429879,0.701813,UKR,BGR,842720
4117999,231,23,8918,2015,49393.0,0.0,1.720478,-0.129322,USA,BGR,842720
4118000,61,25,8918,2015,74981.0,0.0,2.203818,-2.307561,DEU,BHS,842720
4118001,162,25,8918,2015,81811.0,0.0,1.230104,1.27344,NLD,BHS,842720
4118002,169,25,8918,2015,8128.0,0.0,0.642058,0.833392,PAN,BHS,842720
4118003,231,25,8918,2015,1795618.0,434792.0,1.720478,-0.129322,USA,BHS,842720
4118004,250,25,8918,2015,38814.0,0.0,0.377283,-0.092204,ANS,BHS,842720
4118005,2,32,8918,2015,0.0,100785.0,-1.6542,-1.2598989999999999,AGO,BRA,842720
4118006,7,32,8918,2015,93325.0,490390.0,0.21779600000000002,-0.0047420000000000006,ARE,BRA,842720
4118007,8,32,8918,2015,0.0,12933300.0,0.116896,0.30330999999999997,ARG,BRA,842720
4118008,18,32,8918,2015,250661.0,0.0,1.329866,1.100641,BEL,BRA,842720
4118009,31,32,8918,2015,0.0,288945.0,-1.051562,-1.067714,BOL,BRA,842720
4118010,39,32,8918,2015,276685.0,0.0,0.695867,1.171676,CAN,BRA,842720
4118011,42,32,8918,2015,0.0,2847116.0,-0.356167,-0.47629399999999994,CHL,BRA,842720
4118012,43,32,8918,2015,25304346.0,0.0,1.077143,1.735757,CHN,BRA,842720
4118013,49,32,8918,2015,0.0,1213272.0,0.156383,-0.183055,COL,BRA,842720
4118014,52,32,8918,2015,0.0,81448.0,0.24859699999999998,-0.033143,CRI,BRA,842720
4118015,54,32,8918,2015,0.0,250022.0,-0.694839,-1.093439,CUB,BRA,842720
4118016,61,32,8918,2015,2826272.0,20534.0,2.203818,-2.307561,DEU,BRA,842720
4118017,65,32,8918,2015,0.0,60003.0,-0.212808,0.395873,DOM,BRA,842720
4118018,67,32,8918,2015,0.0,84383.0,-0.9845959999999999,-1.075639,ECU,BRA,842720
4118019,71,32,8918,2015,253908.0,97364.0,0.8173590000000001,2.442556,ESP,BRA,842720
4118020,77,32,8918,2015,684918.0,0.0,1.479792,0.6490239999999999,FRA,BRA,842720
4118021,81,32,8918,2015,3233290.0,393187.0,1.7422990000000003,0.75838,GBR,BRA,842720
4118022,83,32,8918,2015,0.0,195048.0,-0.750568,-0.690257,GHA,BRA,842720
4118023,97,32,8918,2015,68456.0,0.0,0.8255290000000001,1.8017279999999998,HKG,BRA,842720
4118024,101,32,8918,2015,0.0,100680.0,-1.288246,-1.018979,HTI,BRA,842720
4118025,106,32,8918,2015,843383.0,0.0,1.304942,0.126431,IRL,BRA,842720
4118026,111,32,8918,2015,1613931.0,21815.0,1.321127,0.747046,ITA,BRA,842720
4118027,112,32,8918,2015,0.0,11441.0,-0.438267,-0.828097,JAM,BRA,842720
4118028,114,32,8918,2015,836574.0,0.0,2.516133,-0.484202,JPN,BRA,842720
4118029,121,32,8918,2015,3047462.0,0.0,1.900653,0.859406,KOR,BRA,842720
4118030,138,32,8918,2015,0.0,861222.0,1.169724,0.61457,MEX,BRA,842720
4118031,162,32,8918,2015,4344329.0,50262.0,1.230104,1.27344,NLD,BRA,842720
4118032,169,32,8918,2015,0.0,417990.0,0.642058,0.833392,PAN,BRA,842720
4118033,173,32,8918,2015,0.0,770060.0,-0.6007819999999999,0.32152800000000004,PER,BRA,842720
4118034,180,32,8918,2015,67360.0,82105.0,-0.471106,-0.9431139999999999,PRY,BRA,842720
4118035,185,32,8918,2015,149991.0,0.0,0.946363,1.056775,ROU,BRA,842720
4118036,188,32,8918,2015,0.0,47539.0,0.5552520000000001,-0.7263229999999999,SAU,BRA,842720
4118037,192,32,8918,2015,214817.0,0.0,2.05613,0.593065,SGP,BRA,842720
4118038,208,32,8918,2015,4862432.0,0.0,1.8068349999999997,0.693389,SWE,BRA,842720
4118039,230,32,8918,2015,0.0,445219.0,0.273876,-0.363695,URY,BRA,842720
4118040,231,32,8918,2015,19711662.0,108544.0,1.720478,-0.129322,USA,BRA,842720
4118041,236,32,8918,2015,0.0,50498.0,-0.9249129999999999,-1.1877280000000001,VEN,BRA,842720
4118042,249,32,8918,2015,75547.0,0.0,1.962832,1.214982,TWN,BRA,842720
4118043,39,33,8918,2015,13402.0,0.0,0.695867,1.171676,CAN,BRB,842720
4118044,43,33,8918,2015,23971.0,0.0,1.077143,1.735757,CHN,BRB,842720
4118045,71,33,8918,2015,353977.0,0.0,0.8173590000000001,2.442556,ESP,BRB,842720
4118046,81,33,8918,2015,73483.0,0.0,1.7422990000000003,0.75838,GBR,BRB,842720
4118047,106,33,8918,2015,35032.0,0.0,1.304942,0.126431,IRL,BRB,842720
4118048,114,33,8918,2015,56836.0,0.0,2.516133,-0.484202,JPN,BRB,842720
4118049,121,33,8918,2015,17118.0,0.0,1.900653,0.859406,KOR,BRB,842720
4118050,231,33,8918,2015,272403.0,0.0,1.720478,-0.129322,USA,BRB,842720
4118051,7,39,8918,2015,0.0,6108324.0,0.21779600000000002,-0.0047420000000000006,ARE,CAN,842720
4118052,8,39,8918,2015,0.0,79705.0,0.116896,0.30330999999999997,ARG,CAN,842720
4118053,14,39,8918,2015,5406.0,4492374.0,-0.292325,-0.043489,AUS,CAN,842720
4118054,15,39,8918,2015,253724.0,0.0,1.747098,-0.08026699999999999,AUT,CAN,842720
4118055,18,39,8918,2015,1992281.0,9150.0,1.329866,1.100641,BEL,CAN,842720
4118056,29,39,8918,2015,0.0,17799.0,-0.24283600000000002,-0.577408,BLZ,CAN,842720
4118057,30,39,8918,2015,0.0,9381.0,0.974592,-0.636426,BMU,CAN,842720
4118058,31,39,8918,2015,0.0,1026.0,-1.051562,-1.067714,BOL,CAN,842720
4118059,32,39,8918,2015,0.0,276685.0,0.23656799999999997,0.688607,BRA,CAN,842720
4118060,33,39,8918,2015,0.0,13402.0,0.453689,0.039237,BRB,CAN,842720
4118061,37,39,8918,2015,0.0,289819.0,-0.14164200000000002,-1.0372059999999999,BWA,CAN,842720
4118062,41,39,8918,2015,42001.0,20385.0,2.306075,0.720781,CHE,CAN,842720
4118063,42,39,8918,2015,0.0,51442.0,-0.356167,-0.47629399999999994,CHL,CAN,842720
4118064,43,39,8918,2015,6437838.0,3102724.0,1.077143,1.735757,CHN,CAN,842720
4118065,44,39,8918,2015,0.0,7631.0,-0.856142,-0.905292,CIV,CAN,842720
4118066,45,39,8918,2015,0.0,1461.0,-0.924366,-1.040721,CMR,CAN,842720
4118067,49,39,8918,2015,0.0,323588.0,0.156383,-0.183055,COL,CAN,842720
4118068,52,39,8918,2015,0.0,1722.0,0.24859699999999998,-0.033143,CRI,CAN,842720
4118069,54,39,8918,2015,0.0,356933.0,-0.694839,-1.093439,CUB,CAN,842720
4118070,57,39,8918,2015,91921.0,0.0,0.275472,-0.831835,CYM,CAN,842720
4118071,59,39,8918,2015,174518.0,0.0,1.743012,0.45424,CZE,CAN,842720
4118072,61,39,8918,2015,2635431.0,17812.0,2.203818,-2.307561,DEU,CAN,842720
4118073,64,39,8918,2015,87742.0,0.0,1.157924,1.2045629999999998,DNK,CAN,842720
4118074,65,39,8918,2015,0.0,2747.0,-0.212808,0.395873,DOM,CAN,842720
4118075,66,39,8918,2015,0.0,795377.0,-1.54346,-1.255633,DZA,CAN,842720
4118076,68,39,8918,2015,0.0,16508.0,-0.183053,1.765036,EGY,CAN,842720
4118077,71,39,8918,2015,601801.0,0.0,0.8173590000000001,2.442556,ESP,CAN,842720
4118078,77,39,8918,2015,743571.0,542153.0,1.479792,0.6490239999999999,FRA,CAN,842720
4118079,81,39,8918,2015,2828184.0,15884613.0,1.7422990000000003,0.75838,GBR,CAN,842720
4118080,83,39,8918,2015,0.0,13048.0,-0.750568,-0.690257,GHA,CAN,842720
4118081,93,39,8918,2015,0.0,52781.0,-0.284403,0.525564,GTM,CAN,842720
4118082,96,39,8918,2015,0.0,13284.0,-1.018758,-1.056085,GUY,CAN,842720
4118083,97,39,8918,2015,74027.0,53728.0,0.8255290000000001,1.8017279999999998,HKG,CAN,842720
4118084,99,39,8918,2015,0.0,11177.0,-0.578635,-0.292053,HND,CAN,842720
4118085,103,39,8918,2015,0.0,55367.0,-0.145103,1.277362,IDN,CAN,842720
4118086,106,39,8918,2015,6744420.0,0.0,1.304942,0.126431,IRL,CAN,842720
4118087,110,39,8918,2015,0.0,82089.0,1.260071,0.545545,ISR,CAN,842720
4118088,111,39,8918,2015,7236476.0,71904.0,1.321127,0.747046,ITA,CAN,842720
4118089,112,39,8918,2015,0.0,6218.0,-0.438267,-0.828097,JAM,CAN,842720
4118090,113,39,8918,2015,0.0,105006.0,0.121172,0.457301,JOR,CAN,842720
4118091,114,39,8918,2015,259571.0,7835.0,2.516133,-0.484202,JPN,CAN,842720
4118092,118,39,8918,2015,0.0,15110.0,-0.791985,-0.833046,KHM,CAN,842720
4118093,121,39,8918,2015,13015906.0,28135.0,1.900653,0.859406,KOR,CAN,842720
4118094,124,39,8918,2015,0.0,4435.0,0.317355,1.330374,LBN,CAN,842720
4118095,125,39,8918,2015,0.0,9401.0,-1.087459,-1.195708,LBR,CAN,842720
4118096,126,39,8918,2015,0.0,40547.0,-1.3257219999999998,-1.260453,LBY,CAN,842720
4118097,130,39,8918,2015,0.0,42772.0,0.749429,1.3659860000000001,LTU,CAN,842720
4118098,135,39,8918,2015,0.0,1482.0,-0.313837,-0.20393,MDA,CAN,842720
4118099,138,39,8918,2015,167660.0,282877.0,1.169724,0.61457,MEX,CAN,842720
4118100,141,39,8918,2015,0.0,378910.0,-0.744236,-0.9441860000000001,MLI,CAN,842720
4118101,145,39,8918,2015,0.0,6211.0,-1.244368,-1.196677,MNG,CAN,842720
4118102,159,39,8918,2015,0.0,45725.0,-1.415451,-1.157829,NGA,CAN,842720
4118103,162,39,8918,2015,10359543.0,268887.0,1.230104,1.27344,NLD,CAN,842720
4118104,166,39,8918,2015,36139.0,469689.0,0.224598,0.253179,NZL,CAN,842720
4118105,167,39,8918,2015,0.0,476956.0,-0.4699,-1.00451,OMN,CAN,842720
4118106,168,39,8918,2015,0.0,205884.0,-0.7059979999999999,0.73501,PAK,CAN,842720
4118107,173,39,8918,2015,0.0,41285.0,-0.6007819999999999,0.32152800000000004,PER,CAN,842720
4118108,174,39,8918,2015,0.0,126469.0,0.6406270000000001,0.45770200000000005,PHL,CAN,842720
4118109,177,39,8918,2015,767303.0,0.0,1.145844,1.1449280000000002,POL,CAN,842720
4118110,183,39,8918,2015,0.0,17649.0,-0.077053,-0.9922719999999999,QAT,CAN,842720
4118111,185,39,8918,2015,59760.0,0.0,0.946363,1.056775,ROU,CAN,842720
4118112,186,39,8918,2015,0.0,160128.0,0.23119,0.035965,RUS,CAN,842720
4118113,188,39,8918,2015,0.0,409624.0,0.5552520000000001,-0.7263229999999999,SAU,CAN,842720
4118114,190,39,8918,2015,0.0,36722.0,-1.420356,-1.218424,SDN,CAN,842720
4118115,192,39,8918,2015,0.0,352672.0,2.05613,0.593065,SGP,CAN,842720
4118116,196,39,8918,2015,0.0,2330.0,0.072324,-0.255235,SLE,CAN,842720
4118117,199,39,8918,2015,0.0,341846.0,-1.716689,-1.078134,SOM,CAN,842720
4118118,205,39,8918,2015,0.0,904860.0,-0.570361,-1.005072,SUR,CAN,842720
4118119,208,39,8918,2015,1118722.0,896547.0,1.8068349999999997,0.693389,SWE,CAN,842720
4118120,213,39,8918,2015,0.0,2991.0,0.27341,-0.5579649999999999,TCA,CAN,842720
4118121,222,39,8918,2015,0.0,12638.0,-0.462837,-1.117621,TTO,CAN,842720
4118122,223,39,8918,2015,0.0,344043.0,0.140202,0.967591,TUN,CAN,842720
4118123,226,39,8918,2015,0.0,63543.0,-1.02395,-0.017509999999999998,TZA,CAN,842720
4118124,228,39,8918,2015,0.0,19131.0,0.429879,0.701813,UKR,CAN,842720
4118125,231,39,8918,2015,388807872.0,210486416.0,1.720478,-0.129322,USA,CAN,842720
4118126,239,39,8918,2015,0.0,21329.0,-0.17108900000000002,1.10995,VNM,CAN,842720
4118127,246,39,8918,2015,0.0,106064.0,0.24944699999999997,1.7573159999999999,ZAF,CAN,842720
4118128,249,39,8918,2015,1570426.0,0.0,1.962832,1.214982,TWN,CAN,842720
4118129,7,41,8918,2015,0.0,9344.0,0.21779600000000002,-0.0047420000000000006,ARE,CHE,842720
4118130,15,41,8918,2015,1308943.0,400432.0,1.747098,-0.08026699999999999,AUT,CHE,842720
4118131,18,41,8918,2015,869348.0,20889.0,1.329866,1.100641,BEL,CHE,842720
4118132,19,41,8918,2015,0.0,8941.0,-0.5641470000000001,-0.8971020000000001,BEN,CHE,842720
4118133,23,41,8918,2015,0.0,6821.0,0.45640699999999995,1.691455,BGR,CHE,842720
4118134,26,41,8918,2015,0.0,21323.0,0.355903,0.723092,BIH,CHE,842720
4118135,31,41,8918,2015,0.0,21647.0,-1.051562,-1.067714,BOL,CHE,842720
4118136,39,41,8918,2015,20385.0,42001.0,0.695867,1.171676,CAN,CHE,842720
4118137,42,41,8918,2015,0.0,3943.0,-0.356167,-0.47629399999999994,CHL,CHE,842720
4118138,43,41,8918,2015,4206130.0,0.0,1.077143,1.735757,CHN,CHE,842720
4118139,44,41,8918,2015,0.0,5649.0,-0.856142,-0.905292,CIV,CHE,842720
4118140,46,41,8918,2015,0.0,333.0,-1.3921290000000002,-1.146549,COD,CHE,842720
4118141,47,41,8918,2015,0.0,1294.0,-1.294823,-1.18811,COG,CHE,842720
4118142,59,41,8918,2015,795653.0,10715.0,1.743012,0.45424,CZE,CHE,842720
4118143,61,41,8918,2015,18741476.0,1500158.0,2.203818,-2.307561,DEU,CHE,842720
4118144,64,41,8918,2015,263334.0,0.0,1.157924,1.2045629999999998,DNK,CHE,842720
4118145,68,41,8918,2015,0.0,6465.0,-0.183053,1.765036,EGY,CHE,842720
4118146,71,41,8918,2015,964574.0,19464.0,0.8173590000000001,2.442556,ESP,CHE,842720
4118147,74,41,8918,2015,0.0,26318.0,1.597817,0.998059,FIN,CHE,842720
4118148,77,41,8918,2015,11585544.0,219784.0,1.479792,0.6490239999999999,FRA,CHE,842720
4118149,81,41,8918,2015,3261544.0,23584.0,1.7422990000000003,0.75838,GBR,CHE,842720
4118150,89,41,8918,2015,0.0,90270.0,-1.585577,-0.9044979999999999,GNQ,CHE,842720
4118151,90,41,8918,2015,8825.0,0.0,0.099027,1.012289,GRC,CHE,842720
4118152,100,41,8918,2015,0.0,4719.0,0.7590140000000001,1.257415,HRV,CHE,842720
4118153,102,41,8918,2015,0.0,1474.0,1.462839,0.803258,HUN,CHE,842720
4118154,106,41,8918,2015,467892.0,0.0,1.304942,0.126431,IRL,CHE,842720
4118155,110,41,8918,2015,0.0,812957.0,1.260071,0.545545,ISR,CHE,842720
4118156,111,41,8918,2015,9541325.0,273408.0,1.321127,0.747046,ITA,CHE,842720
4118157,114,41,8918,2015,164128.0,0.0,2.516133,-0.484202,JPN,CHE,842720
4118158,121,41,8918,2015,605949.0,0.0,1.900653,0.859406,KOR,CHE,842720
4118159,124,41,8918,2015,0.0,31464.0,0.317355,1.330374,LBN,CHE,842720
4118160,134,41,8918,2015,0.0,99378.0,-0.7554810000000001,-0.059697,MAR,CHE,842720
4118161,140,41,8918,2015,0.0,6364.0,-0.09009600000000001,-0.147359,MKD,CHE,842720
4118162,144,41,8918,2015,0.0,1882.0,-0.048385000000000004,-0.150759,MNE,CHE,842720
4118163,157,41,8918,2015,0.0,2272.0,-1.517292,-1.033891,NER,CHE,842720
4118164,159,41,8918,2015,0.0,3722.0,-1.415451,-1.157829,NGA,CHE,842720
4118165,162,41,8918,2015,1967291.0,487017.0,1.230104,1.27344,NLD,CHE,842720
4118166,173,41,8918,2015,0.0,111316.0,-0.6007819999999999,0.32152800000000004,PER,CHE,842720
4118167,177,41,8918,2015,52215.0,247374.0,1.145844,1.1449280000000002,POL,CHE,842720
4118168,179,41,8918,2015,75573.0,0.0,0.561922,2.2276380000000002,PRT,CHE,842720
4118169,185,41,8918,2015,0.0,54849.0,0.946363,1.056775,ROU,CHE,842720
4118170,187,41,8918,2015,0.0,195.0,-0.755738,-0.4423,RWA,CHE,842720
4118171,188,41,8918,2015,0.0,117846.0,0.5552520000000001,-0.7263229999999999,SAU,CHE,842720
4118172,201,41,8918,2015,0.0,71839.0,0.457042,1.324908,SRB,CHE,842720
4118173,206,41,8918,2015,8769.0,0.0,1.287133,0.7900560000000001,SVK,CHE,842720
4118174,207,41,8918,2015,0.0,27073.0,1.6089879999999999,0.833616,SVN,CHE,842720
4118175,208,41,8918,2015,855653.0,0.0,1.8068349999999997,0.693389,SWE,CHE,842720
4118176,215,41,8918,2015,0.0,25048.0,-0.66925,-0.873554,TGO,CHE,842720
4118177,223,41,8918,2015,0.0,2546.0,0.140202,0.967591,TUN,CHE,842720
4118178,224,41,8918,2015,0.0,94179.0,0.438669,2.519632,TUR,CHE,842720
4118179,231,41,8918,2015,207176.0,63738.0,1.720478,-0.129322,USA,CHE,842720
4118180,239,41,8918,2015,0.0,5357.0,-0.17108900000000002,1.10995,VNM,CHE,842720
4118181,247,41,8918,2015,0.0,4942.0,-0.44792,-0.769586,ZMB,CHE,842720
4118182,8,42,8918,2015,0.0,315216.0,0.116896,0.30330999999999997,ARG,CHL,842720
4118183,14,42,8918,2015,440365.0,0.0,-0.292325,-0.043489,AUS,CHL,842720
4118184,18,42,8918,2015,290726.0,0.0,1.329866,1.100641,BEL,CHL,842720
4118185,31,42,8918,2015,0.0,642120.0,-1.051562,-1.067714,BOL,CHL,842720
4118186,32,42,8918,2015,2847116.0,0.0,0.23656799999999997,0.688607,BRA,CHL,842720
4118187,39,42,8918,2015,51442.0,0.0,0.695867,1.171676,CAN,CHL,842720
4118188,41,42,8918,2015,3943.0,0.0,2.306075,0.720781,CHE,CHL,842720
4118189,43,42,8918,2015,11810007.0,0.0,1.077143,1.735757,CHN,CHL,842720
4118190,49,42,8918,2015,113377.0,0.0,0.156383,-0.183055,COL,CHL,842720
4118191,52,42,8918,2015,0.0,81098.0,0.24859699999999998,-0.033143,CRI,CHL,842720
4118192,59,42,8918,2015,89763.0,0.0,1.743012,0.45424,CZE,CHL,842720
4118193,61,42,8918,2015,7233326.0,0.0,2.203818,-2.307561,DEU,CHL,842720
4118194,71,42,8918,2015,482458.0,0.0,0.8173590000000001,2.442556,ESP,CHL,842720
4118195,74,42,8918,2015,98202.0,0.0,1.597817,0.998059,FIN,CHL,842720
4118196,77,42,8918,2015,3951307.0,0.0,1.479792,0.6490239999999999,FRA,CHL,842720
4118197,81,42,8918,2015,6788236.0,0.0,1.7422990000000003,0.75838,GBR,CHL,842720
4118198,99,42,8918,2015,2622.0,0.0,-0.578635,-0.292053,HND,CHL,842720
4118199,106,42,8918,2015,38014.0,0.0,1.304942,0.126431,IRL,CHL,842720
4118200,111,42,8918,2015,3519168.0,0.0,1.321127,0.747046,ITA,CHL,842720
4118201,114,42,8918,2015,26900836.0,0.0,2.516133,-0.484202,JPN,CHL,842720
4118202,121,42,8918,2015,2952462.0,0.0,1.900653,0.859406,KOR,CHL,842720
4118203,138,42,8918,2015,97670.0,0.0,1.169724,0.61457,MEX,CHL,842720
4118204,162,42,8918,2015,5694544.0,0.0,1.230104,1.27344,NLD,CHL,842720
4118205,166,42,8918,2015,101238.0,0.0,0.224598,0.253179,NZL,CHL,842720
4118206,169,42,8918,2015,12485.0,82340.0,0.642058,0.833392,PAN,CHL,842720
4118207,173,42,8918,2015,276696.0,317491.0,-0.6007819999999999,0.32152800000000004,PER,CHL,842720
4118208,177,42,8918,2015,651757.0,0.0,1.145844,1.1449280000000002,POL,CHL,842720
4118209,180,42,8918,2015,0.0,6574.0,-0.471106,-0.9431139999999999,PRY,CHL,842720
4118210,185,42,8918,2015,19194.0,0.0,0.946363,1.056775,ROU,CHL,842720
4118211,208,42,8918,2015,1108612.0,0.0,1.8068349999999997,0.693389,SWE,CHL,842720
4118212,224,42,8918,2015,31983.0,0.0,0.438669,2.519632,TUR,CHL,842720
4118213,231,42,8918,2015,19713906.0,0.0,1.720478,-0.129322,USA,CHL,842720
4118214,236,42,8918,2015,30008.0,0.0,-0.9249129999999999,-1.1877280000000001,VEN,CHL,842720
4118215,249,42,8918,2015,49666.0,0.0,1.962832,1.214982,TWN,CHL,842720
4118216,250,42,8918,2015,17445.0,0.0,0.377283,-0.092204,ANS,CHL,842720
4118217,0,43,8918,2015,0.0,33685.0,0.8526809999999999,-0.043541,ABW,CHN,842720
4118218,1,43,8918,2015,0.0,4629.0,-1.249655,-0.9094459999999999,AFG,CHN,842720
4118219,2,43,8918,2015,0.0,3210817.0,-1.6542,-1.2598989999999999,AGO,CHN,842720
4118220,4,43,8918,2015,0.0,32969.0,-0.601875,-0.27003,ALB,CHN,842720
4118221,7,43,8918,2015,159814.0,19554404.0,0.21779600000000002,-0.0047420000000000006,ARE,CHN,842720
4118222,8,43,8918,2015,0.0,45961632.0,0.116896,0.30330999999999997,ARG,CHN,842720
4118223,9,43,8918,2015,0.0,77773.0,0.037579,-0.42448800000000003,ARM,CHN,842720
4118224,14,43,8918,2015,2014505.0,50405992.0,-0.292325,-0.043489,AUS,CHN,842720
4118225,15,43,8918,2015,158437.0,532888.0,1.747098,-0.08026699999999999,AUT,CHN,842720
4118226,16,43,8918,2015,0.0,476617.0,-0.983347,-1.231542,AZE,CHN,842720
4118227,18,43,8918,2015,57566.0,9490344.0,1.329866,1.100641,BEL,CHN,842720
4118228,19,43,8918,2015,0.0,447149.0,-0.5641470000000001,-0.8971020000000001,BEN,CHN,842720
4118229,21,43,8918,2015,0.0,132328.0,-1.085359,-1.034365,BFA,CHN,842720
4118230,22,43,8918,2015,0.0,3951442.0,-1.088465,-0.8745360000000001,BGD,CHN,842720
4118231,23,43,8918,2015,0.0,801170.0,0.45640699999999995,1.691455,BGR,CHN,842720
4118232,24,43,8918,2015,0.0,1318413.0,0.36650900000000003,-0.28735,BHR,CHN,842720
4118233,26,43,8918,2015,0.0,12149.0,0.355903,0.723092,BIH,CHN,842720
4118234,28,43,8918,2015,0.0,581339.0,0.672499,0.5584020000000001,BLR,CHN,842720
4118235,31,43,8918,2015,0.0,666616.0,-1.051562,-1.067714,BOL,CHN,842720
4118236,32,43,8918,2015,0.0,25304346.0,0.23656799999999997,0.688607,BRA,CHN,842720
4118237,33,43,8918,2015,0.0,23971.0,0.453689,0.039237,BRB,CHN,842720
4118238,34,43,8918,2015,0.0,293354.0,1.093564,-0.679211,BRN,CHN,842720
4118239,37,43,8918,2015,0.0,32866.0,-0.14164200000000002,-1.0372059999999999,BWA,CHN,842720
4118240,38,43,8918,2015,0.0,13102.0,-0.35029,-0.6630199999999999,CAF,CHN,842720
4118241,39,43,8918,2015,3102724.0,6437838.0,0.695867,1.171676,CAN,CHN,842720
4118242,41,43,8918,2015,0.0,4206130.0,2.306075,0.720781,CHE,CHN,842720
4118243,42,43,8918,2015,0.0,11810007.0,-0.356167,-0.47629399999999994,CHL,CHN,842720
4118244,44,43,8918,2015,0.0,4154380.0,-0.856142,-0.905292,CIV,CHN,842720
4118245,45,43,8918,2015,0.0,1324502.0,-0.924366,-1.040721,CMR,CHN,842720
4118246,46,43,8918,2015,0.0,1696011.0,-1.3921290000000002,-1.146549,COD,CHN,842720
4118247,47,43,8918,2015,0.0,789623.0,-1.294823,-1.18811,COG,CHN,842720
4118248,49,43,8918,2015,0.0,5143534.0,0.156383,-0.183055,COL,CHN,842720
4118249,51,43,8918,2015,0.0,5883.0,-0.263621,-0.772158,CPV,CHN,842720
4118250,52,43,8918,2015,0.0,2513904.0,0.24859699999999998,-0.033143,CRI,CHN,842720
4118251,54,43,8918,2015,0.0,5981280.0,-0.694839,-1.093439,CUB,CHN,842720
4118252,55,43,8918,2015,0.0,36353.0,0.296267,-0.6313350000000001,CUW,CHN,842720
4118253,58,43,8918,2015,0.0,176038.0,0.511225,-0.207261,CYP,CHN,842720
4118254,59,43,8918,2015,0.0,3266762.0,1.743012,0.45424,CZE,CHN,842720
4118255,61,43,8918,2015,2395745.0,15263693.0,2.203818,-2.307561,DEU,CHN,842720
4118256,62,43,8918,2015,0.0,566900.0,-0.538942,-0.832522,DJI,CHN,842720
4118257,64,43,8918,2015,0.0,1455494.0,1.157924,1.2045629999999998,DNK,CHN,842720
4118258,65,43,8918,2015,0.0,712236.0,-0.212808,0.395873,DOM,CHN,842720
4118259,66,43,8918,2015,0.0,18922334.0,-1.54346,-1.255633,DZA,CHN,842720
4118260,67,43,8918,2015,0.0,3916991.0,-0.9845959999999999,-1.075639,ECU,CHN,842720
4118261,68,43,8918,2015,0.0,4604718.0,-0.183053,1.765036,EGY,CHN,842720
4118262,69,43,8918,2015,0.0,2064146.0,-1.7745669999999998,-1.013696,ERI,CHN,842720
4118263,71,43,8918,2015,57843.0,2496693.0,0.8173590000000001,2.442556,ESP,CHN,842720
4118264,72,43,8918,2015,0.0,610266.0,0.9281149999999999,1.1780389999999998,EST,CHN,842720
4118265,73,43,8918,2015,0.0,1760188.0,-1.004896,-0.721019,ETH,CHN,842720
4118266,74,43,8918,2015,659088.0,332240.0,1.597817,0.998059,FIN,CHN,842720
4118267,75,43,8918,2015,0.0,510036.0,-0.481968,-0.201468,FJI,CHN,842720
4118268,77,43,8918,2015,1078145.0,30127200.0,1.479792,0.6490239999999999,FRA,CHN,842720
4118269,80,43,8918,2015,0.0,1020614.0,-1.384351,-1.209873,GAB,CHN,842720
4118270,81,43,8918,2015,1257749.0,10292985.0,1.7422990000000003,0.75838,GBR,CHN,842720
4118271,82,43,8918,2015,0.0,653842.0,-0.343663,-0.588017,GEO,CHN,842720
4118272,83,43,8918,2015,0.0,3478816.0,-0.750568,-0.690257,GHA,CHN,842720
4118273,85,43,8918,2015,0.0,418904.0,-1.288329,-1.167532,GIN,CHN,842720
4118274,87,43,8918,2015,0.0,152325.0,-0.984775,-0.877886,GMB,CHN,842720
4118275,89,43,8918,2015,0.0,215106.0,-1.585577,-0.9044979999999999,GNQ,CHN,842720
4118276,90,43,8918,2015,0.0,1557913.0,0.099027,1.012289,GRC,CHN,842720
4118277,93,43,8918,2015,0.0,969428.0,-0.284403,0.525564,GTM,CHN,842720
4118278,96,43,8918,2015,0.0,448423.0,-1.018758,-1.056085,GUY,CHN,842720
4118279,97,43,8918,2015,274523.0,9121168.0,0.8255290000000001,1.8017279999999998,HKG,CHN,842720
4118280,99,43,8918,2015,0.0,1356557.0,-0.578635,-0.292053,HND,CHN,842720
4118281,100,43,8918,2015,0.0,689237.0,0.7590140000000001,1.257415,HRV,CHN,842720
4118282,101,43,8918,2015,0.0,91389.0,-1.288246,-1.018979,HTI,CHN,842720
4118283,102,43,8918,2015,0.0,1895363.0,1.462839,0.803258,HUN,CHN,842720
4118284,103,43,8918,2015,0.0,39180572.0,-0.145103,1.277362,IDN,CHN,842720
4118285,104,43,8918,2015,0.0,10115945.0,0.24230900000000002,2.8190880000000003,IND,CHN,842720
4118286,106,43,8918,2015,260173.0,1137469.0,1.304942,0.126431,IRL,CHN,842720
4118287,107,43,8918,2015,0.0,11087035.0,-0.258946,-0.0073420000000000004,IRN,CHN,842720
4118288,108,43,8918,2015,0.0,2881263.0,-1.465803,-0.912113,IRQ,CHN,842720
4118289,109,43,8918,2015,0.0,69371.0,0.24527600000000002,-0.411616,ISL,CHN,842720
4118290,110,43,8918,2015,0.0,6169230.0,1.260071,0.545545,ISR,CHN,842720
4118291,111,43,8918,2015,982867.0,2213173.0,1.321127,0.747046,ITA,CHN,842720
4118292,112,43,8918,2015,0.0,198564.0,-0.438267,-0.828097,JAM,CHN,842720
4118293,113,43,8918,2015,0.0,1596571.0,0.121172,0.457301,JOR,CHN,842720
4118294,114,43,8918,2015,6356925.0,680436.0,2.516133,-0.484202,JPN,CHN,842720
4118295,115,43,8918,2015,0.0,5027505.0,-0.45091499999999995,-0.652026,KAZ,CHN,842720
4118296,116,43,8918,2015,0.0,2501367.0,-0.453564,0.433325,KEN,CHN,842720
4118297,117,43,8918,2015,0.0,433396.0,0.02058,0.438692,KGZ,CHN,842720
4118298,118,43,8918,2015,0.0,1082554.0,-0.791985,-0.833046,KHM,CHN,842720
4118299,120,43,8918,2015,0.0,6766.0,0.8252430000000001,-0.436662,KNA,CHN,842720
4118300,121,43,8918,2015,1436022.0,5229136.0,1.900653,0.859406,KOR,CHN,842720
4118301,122,43,8918,2015,0.0,3528770.0,-0.352023,-1.153057,KWT,CHN,842720
4118302,123,43,8918,2015,0.0,671734.0,-0.927524,-0.74525,LAO,CHN,842720
4118303,124,43,8918,2015,0.0,1648522.0,0.317355,1.330374,LBN,CHN,842720
4118304,125,43,8918,2015,0.0,655863.0,-1.087459,-1.195708,LBR,CHN,842720
4118305,126,43,8918,2015,0.0,463810.0,-1.3257219999999998,-1.260453,LBY,CHN,842720
4118306,128,43,8918,2015,0.0,2462248.0,-0.6773399999999999,0.386343,LKA,CHN,842720
4118307,129,43,8918,2015,0.0,5841.0,-0.910168,-0.870865,LSO,CHN,842720
4118308,130,43,8918,2015,0.0,806688.0,0.749429,1.3659860000000001,LTU,CHN,842720
4118309,131,43,8918,2015,0.0,95426.0,1.218924,1.247152,LUX,CHN,842720
4118310,132,43,8918,2015,0.0,932408.0,0.602209,1.125357,LVA,CHN,842720
4118311,133,43,8918,2015,20716.0,1600379.0,0.296288,0.32009499999999996,MAC,CHN,842720
4118312,134,43,8918,2015,0.0,3072641.0,-0.7554810000000001,-0.059697,MAR,CHN,842720
4118313,135,43,8918,2015,0.0,69543.0,-0.313837,-0.20393,MDA,CHN,842720
4118314,136,43,8918,2015,0.0,517018.0,-1.15947,-0.497217,MDG,CHN,842720
4118315,137,43,8918,2015,0.0,141440.0,-0.321571,-0.858751,MDV,CHN,842720
4118316,138,43,8918,2015,0.0,9248206.0,1.169724,0.61457,MEX,CHN,842720
4118317,139,43,8918,2015,0.0,72714.0,-0.174541,-0.828616,MHL,CHN,842720
4118318,140,43,8918,2015,0.0,30774.0,-0.09009600000000001,-0.147359,MKD,CHN,842720
4118319,141,43,8918,2015,0.0,227505.0,-0.744236,-0.9441860000000001,MLI,CHN,842720
4118320,142,43,8918,2015,0.0,153237.0,0.880893,-0.117585,MLT,CHN,842720
4118321,143,43,8918,2015,0.0,3184482.0,-1.4596120000000001,-0.903904,MMR,CHN,842720
4118322,144,43,8918,2015,0.0,16885.0,-0.048385000000000004,-0.150759,MNE,CHN,842720
4118323,145,43,8918,2015,0.0,339237.0,-1.244368,-1.196677,MNG,CHN,842720
4118324,147,43,8918,2015,0.0,1675950.0,-1.293809,-1.115069,MOZ,CHN,842720
4118325,148,43,8918,2015,0.0,53697.0,-1.5597450000000002,-1.3209229999999998,MRT,CHN,842720
4118326,151,43,8918,2015,0.0,966977.0,-0.231762,-0.195051,MUS,CHN,842720
4118327,152,43,8918,2015,0.0,71341.0,-0.549862,-0.8753190000000001,MWI,CHN,842720
4118328,153,43,8918,2015,16865.0,30314382.0,1.082803,0.811615,MYS,CHN,842720
4118329,155,43,8918,2015,0.0,557222.0,-0.43457399999999996,-0.665655,NAM,CHN,842720
4118330,156,43,8918,2015,0.0,563641.0,-0.727911,-0.844562,NCL,CHN,842720
4118331,157,43,8918,2015,0.0,6500.0,-1.517292,-1.033891,NER,CHN,842720
4118332,159,43,8918,2015,0.0,6359294.0,-1.415451,-1.157829,NGA,CHN,842720
4118333,160,43,8918,2015,0.0,361251.0,-1.102989,-0.952276,NIC,CHN,842720
4118334,162,43,8918,2015,1790174.0,60200832.0,1.230104,1.27344,NLD,CHN,842720
4118335,163,43,8918,2015,0.0,5686416.0,0.950708,0.314339,NOR,CHN,842720
4118336,164,43,8918,2015,0.0,57532.0,-0.290416,0.456716,NPL,CHN,842720
4118337,166,43,8918,2015,0.0,10752498.0,0.224598,0.253179,NZL,CHN,842720
4118338,167,43,8918,2015,0.0,5401772.0,-0.4699,-1.00451,OMN,CHN,842720
4118339,168,43,8918,2015,0.0,4244490.0,-0.7059979999999999,0.73501,PAK,CHN,842720
4118340,169,43,8918,2015,0.0,3958402.0,0.642058,0.833392,PAN,CHN,842720
4118341,173,43,8918,2015,0.0,4559299.0,-0.6007819999999999,0.32152800000000004,PER,CHN,842720
4118342,174,43,8918,2015,0.0,22741050.0,0.6406270000000001,0.45770200000000005,PHL,CHN,842720
4118343,175,43,8918,2015,0.0,14163.0,0.353098,-0.590496,PLW,CHN,842720
4118344,176,43,8918,2015,0.0,2050306.0,-1.710939,-1.266333,PNG,CHN,842720
4118345,177,43,8918,2015,0.0,8390535.0,1.145844,1.1449280000000002,POL,CHN,842720
4118346,178,43,8918,2015,0.0,951220.0,-0.404818,-0.075235,PRK,CHN,842720
4118347,179,43,8918,2015,0.0,991722.0,0.561922,2.2276380000000002,PRT,CHN,842720
4118348,180,43,8918,2015,0.0,1484955.0,-0.471106,-0.9431139999999999,PRY,CHN,842720
4118349,182,43,8918,2015,0.0,129802.0,-0.301696,-0.795154,PYF,CHN,842720
4118350,183,43,8918,2015,0.0,6914202.0,-0.077053,-0.9922719999999999,QAT,CHN,842720
4118351,185,43,8918,2015,497100.0,2314028.0,0.946363,1.056775,ROU,CHN,842720
4118352,186,43,8918,2015,0.0,23294620.0,0.23119,0.035965,RUS,CHN,842720
4118353,187,43,8918,2015,0.0,71469.0,-0.755738,-0.4423,RWA,CHN,842720
4118354,188,43,8918,2015,0.0,36762264.0,0.5552520000000001,-0.7263229999999999,SAU,CHN,842720
4118355,190,43,8918,2015,0.0,1061117.0,-1.420356,-1.218424,SDN,CHN,842720
4118356,191,43,8918,2015,0.0,334432.0,-0.708349,-0.296663,SEN,CHN,842720
4118357,192,43,8918,2015,14027.0,23254634.0,2.05613,0.593065,SGP,CHN,842720
4118358,195,43,8918,2015,0.0,104864.0,-1.167451,-0.931206,SLB,CHN,842720
4118359,196,43,8918,2015,0.0,109730.0,0.072324,-0.255235,SLE,CHN,842720
4118360,197,43,8918,2015,0.0,457018.0,0.05531900000000001,0.169073,SLV,CHN,842720
4118361,199,43,8918,2015,0.0,68285.0,-1.716689,-1.078134,SOM,CHN,842720
4118362,201,43,8918,2015,0.0,136759.0,0.457042,1.324908,SRB,CHN,842720
4118363,202,43,8918,2015,0.0,46024.0,-2.704381,-0.969411,SSD,CHN,842720
4118364,205,43,8918,2015,0.0,416000.0,-0.570361,-1.005072,SUR,CHN,842720
4118365,206,43,8918,2015,0.0,1154622.0,1.287133,0.7900560000000001,SVK,CHN,842720
4118366,207,43,8918,2015,0.0,916634.0,1.6089879999999999,0.833616,SVN,CHN,842720
4118367,208,43,8918,2015,576553.0,273205.0,1.8068349999999997,0.693389,SWE,CHN,842720
4118368,209,43,8918,2015,0.0,19661.0,0.257467,-0.402491,SWZ,CHN,842720
4118369,211,43,8918,2015,0.0,9046.0,1.017467,-0.285569,SYC,CHN,842720
4118370,212,43,8918,2015,0.0,512908.0,-0.603532,0.313216,SYR,CHN,842720
4118371,214,43,8918,2015,0.0,146265.0,-1.543675,-0.9703860000000001,TCD,CHN,842720
4118372,215,43,8918,2015,0.0,375236.0,-0.66925,-0.873554,TGO,CHN,842720
4118373,216,43,8918,2015,33148.0,36784764.0,0.965888,1.368572,THA,CHN,842720
4118374,217,43,8918,2015,0.0,709390.0,-1.134216,-1.174245,TJK,CHN,842720
4118375,219,43,8918,2015,0.0,968337.0,-1.546516,-1.315803,TKM,CHN,842720
4118376,220,43,8918,2015,0.0,157443.0,-0.878657,-0.9064450000000001,TLS,CHN,842720
4118377,221,43,8918,2015,0.0,12773.0,-0.212905,-0.670721,TON,CHN,842720
4118378,222,43,8918,2015,0.0,494036.0,-0.462837,-1.117621,TTO,CHN,842720
4118379,223,43,8918,2015,0.0,9578714.0,0.140202,0.967591,TUN,CHN,842720
4118380,224,43,8918,2015,27352.0,38796204.0,0.438669,2.519632,TUR,CHN,842720
4118381,226,43,8918,2015,0.0,2603195.0,-1.02395,-0.017509999999999998,TZA,CHN,842720
4118382,227,43,8918,2015,0.0,563000.0,-0.611023,0.078961,UGA,CHN,842720
4118383,228,43,8918,2015,0.0,1812815.0,0.429879,0.701813,UKR,CHN,842720
4118384,230,43,8918,2015,0.0,4609838.0,0.273876,-0.363695,URY,CHN,842720
4118385,231,43,8918,2015,12141004.0,90617696.0,1.720478,-0.129322,USA,CHN,842720
4118386,232,43,8918,2015,0.0,2531028.0,-0.724966,-0.599292,UZB,CHN,842720
4118387,236,43,8918,2015,0.0,23474002.0,-0.9249129999999999,-1.1877280000000001,VEN,CHN,842720
4118388,239,43,8918,2015,14370.0,17264052.0,-0.17108900000000002,1.10995,VNM,CHN,842720
4118389,240,43,8918,2015,0.0,198227.0,-1.6531169999999997,-1.018974,VUT,CHN,842720
4118390,243,43,8918,2015,0.0,96197.0,-1.048632,-1.10843,YEM,CHN,842720
4118391,246,43,8918,2015,0.0,37575936.0,0.24944699999999997,1.7573159999999999,ZAF,CHN,842720
4118392,247,43,8918,2015,0.0,869201.0,-0.44792,-0.769586,ZMB,CHN,842720
4118393,248,43,8918,2015,0.0,443714.0,-0.838017,-0.9400270000000001,ZWE,CHN,842720
4118394,249,43,8918,2015,232352.0,9598245.0,1.962832,1.214982,TWN,CHN,842720
4118395,18,44,8918,2015,445479.0,0.0,1.329866,1.100641,BEL,CIV,842720
4118396,21,44,8918,2015,0.0,7996.0,-1.085359,-1.034365,BFA,CIV,842720
4118397,22,44,8918,2015,0.0,454279.0,-1.088465,-0.8745360000000001,BGD,CIV,842720
4118398,39,44,8918,2015,7631.0,0.0,0.695867,1.171676,CAN,CIV,842720
4118399,41,44,8918,2015,5649.0,0.0,2.306075,0.720781,CHE,CIV,842720
4118400,43,44,8918,2015,4154380.0,0.0,1.077143,1.735757,CHN,CIV,842720
4118401,61,44,8918,2015,322426.0,0.0,2.203818,-2.307561,DEU,CIV,842720
4118402,64,44,8918,2015,917.0,0.0,1.157924,1.2045629999999998,DNK,CIV,842720
4118403,71,44,8918,2015,599801.0,0.0,0.8173590000000001,2.442556,ESP,CIV,842720
4118404,77,44,8918,2015,2678067.0,399865.0,1.479792,0.6490239999999999,FRA,CIV,842720
4118405,81,44,8918,2015,197598.0,0.0,1.7422990000000003,0.75838,GBR,CIV,842720
4118406,83,44,8918,2015,8523.0,72632.0,-0.750568,-0.690257,GHA,CIV,842720
4118407,104,44,8918,2015,21481.0,0.0,0.24230900000000002,2.8190880000000003,IND,CIV,842720
4118408,106,44,8918,2015,100851.0,0.0,1.304942,0.126431,IRL,CIV,842720
4118409,111,44,8918,2015,424204.0,0.0,1.321127,0.747046,ITA,CIV,842720
4118410,114,44,8918,2015,427115.0,0.0,2.516133,-0.484202,JPN,CIV,842720
4118411,121,44,8918,2015,44451.0,0.0,1.900653,0.859406,KOR,CIV,842720
4118412,124,44,8918,2015,13636.0,0.0,0.317355,1.330374,LBN,CIV,842720
4118413,134,44,8918,2015,40461.0,0.0,-0.7554810000000001,-0.059697,MAR,CIV,842720
4118414,141,44,8918,2015,0.0,67681.0,-0.744236,-0.9441860000000001,MLI,CIV,842720
4118415,157,44,8918,2015,0.0,43286.0,-1.517292,-1.033891,NER,CIV,842720
4118416,162,44,8918,2015,1563137.0,0.0,1.230104,1.27344,NLD,CIV,842720
4118417,168,44,8918,2015,0.0,373631.0,-0.7059979999999999,0.73501,PAK,CIV,842720
4118418,169,44,8918,2015,0.0,117181.0,0.642058,0.833392,PAN,CIV,842720
4118419,179,44,8918,2015,43249.0,0.0,0.561922,2.2276380000000002,PRT,CIV,842720
4118420,208,44,8918,2015,813819.0,0.0,1.8068349999999997,0.693389,SWE,CIV,842720
4118421,223,44,8918,2015,156292.0,0.0,0.140202,0.967591,TUN,CIV,842720
4118422,224,44,8918,2015,4804.0,0.0,0.438669,2.519632,TUR,CIV,842720
4118423,231,44,8918,2015,79009.0,0.0,1.720478,-0.129322,USA,CIV,842720
4118424,246,44,8918,2015,22358.0,0.0,0.24944699999999997,1.7573159999999999,ZAF,CIV,842720
4118425,249,44,8918,2015,152990.0,0.0,1.962832,1.214982,TWN,CIV,842720
4118426,250,44,8918,2015,212474.0,0.0,0.377283,-0.092204,ANS,CIV,842720
4118427,14,49,8918,2015,14506.0,0.0,-0.292325,-0.043489,AUS,COL,842720
4118428,18,49,8918,2015,439359.0,0.0,1.329866,1.100641,BEL,COL,842720
4118429,32,49,8918,2015,1213272.0,0.0,0.23656799999999997,0.688607,BRA,COL,842720
4118430,39,49,8918,2015,323588.0,0.0,0.695867,1.171676,CAN,COL,842720
4118431,42,49,8918,2015,0.0,113377.0,-0.356167,-0.47629399999999994,CHL,COL,842720
4118432,43,49,8918,2015,5143534.0,0.0,1.077143,1.735757,CHN,COL,842720
4118433,52,49,8918,2015,43036.0,6220.0,0.24859699999999998,-0.033143,CRI,COL,842720
4118434,61,49,8918,2015,166919.0,0.0,2.203818,-2.307561,DEU,COL,842720
4118435,67,49,8918,2015,0.0,62213.0,-0.9845959999999999,-1.075639,ECU,COL,842720
4118436,71,49,8918,2015,996073.0,0.0,0.8173590000000001,2.442556,ESP,COL,842720
4118437,77,49,8918,2015,542673.0,0.0,1.479792,0.6490239999999999,FRA,COL,842720
4118438,81,49,8918,2015,659268.0,0.0,1.7422990000000003,0.75838,GBR,COL,842720
4118439,93,49,8918,2015,0.0,166294.0,-0.284403,0.525564,GTM,COL,842720
4118440,106,49,8918,2015,69205.0,0.0,1.304942,0.126431,IRL,COL,842720
4118441,111,49,8918,2015,592917.0,0.0,1.321127,0.747046,ITA,COL,842720
4118442,114,49,8918,2015,3260979.0,0.0,2.516133,-0.484202,JPN,COL,842720
4118443,121,49,8918,2015,1064147.0,0.0,1.900653,0.859406,KOR,COL,842720
4118444,138,49,8918,2015,36211.0,267036.0,1.169724,0.61457,MEX,COL,842720
4118445,162,49,8918,2015,2068746.0,0.0,1.230104,1.27344,NLD,COL,842720
4118446,169,49,8918,2015,0.0,40183.0,0.642058,0.833392,PAN,COL,842720
4118447,173,49,8918,2015,22237.0,0.0,-0.6007819999999999,0.32152800000000004,PER,COL,842720
4118448,179,49,8918,2015,441234.0,0.0,0.561922,2.2276380000000002,PRT,COL,842720
4118449,185,49,8918,2015,68206.0,0.0,0.946363,1.056775,ROU,COL,842720
4118450,208,49,8918,2015,1090883.0,0.0,1.8068349999999997,0.693389,SWE,COL,842720
4118451,231,49,8918,2015,6403812.0,95595.0,1.720478,-0.129322,USA,COL,842720
4118452,236,49,8918,2015,0.0,54995.0,-0.9249129999999999,-1.1877280000000001,VEN,COL,842720
4118453,249,49,8918,2015,70713.0,0.0,1.962832,1.214982,TWN,COL,842720
4118454,250,49,8918,2015,9859.0,0.0,0.377283,-0.092204,ANS,COL,842720
4118455,15,52,8918,2015,1479200.0,0.0,1.747098,-0.08026699999999999,AUT,CRI,842720
4118456,32,52,8918,2015,81448.0,0.0,0.23656799999999997,0.688607,BRA,CRI,842720
4118457,39,52,8918,2015,1722.0,0.0,0.695867,1.171676,CAN,CRI,842720
4118458,42,52,8918,2015,81098.0,0.0,-0.356167,-0.47629399999999994,CHL,CRI,842720
4118459,43,52,8918,2015,2513904.0,0.0,1.077143,1.735757,CHN,CRI,842720
4118460,49,52,8918,2015,6220.0,43036.0,0.156383,-0.183055,COL,CRI,842720
4118461,61,52,8918,2015,1807597.0,0.0,2.203818,-2.307561,DEU,CRI,842720
4118462,65,52,8918,2015,0.0,1955.0,-0.212808,0.395873,DOM,CRI,842720
4118463,67,52,8918,2015,0.0,7959.0,-0.9845959999999999,-1.075639,ECU,CRI,842720
4118464,71,52,8918,2015,28486.0,0.0,0.8173590000000001,2.442556,ESP,CRI,842720
4118465,77,52,8918,2015,54294.0,0.0,1.479792,0.6490239999999999,FRA,CRI,842720
4118466,81,52,8918,2015,217935.0,0.0,1.7422990000000003,0.75838,GBR,CRI,842720
4118467,93,52,8918,2015,49131.0,8420.0,-0.284403,0.525564,GTM,CRI,842720
4118468,97,52,8918,2015,16875.0,0.0,0.8255290000000001,1.8017279999999998,HKG,CRI,842720
4118469,99,52,8918,2015,0.0,2667.0,-0.578635,-0.292053,HND,CRI,842720
4118470,111,52,8918,2015,474559.0,0.0,1.321127,0.747046,ITA,CRI,842720
4118471,112,52,8918,2015,0.0,23053.0,-0.438267,-0.828097,JAM,CRI,842720
4118472,114,52,8918,2015,3761705.0,0.0,2.516133,-0.484202,JPN,CRI,842720
4118473,121,52,8918,2015,108962.0,0.0,1.900653,0.859406,KOR,CRI,842720
4118474,138,52,8918,2015,107135.0,0.0,1.169724,0.61457,MEX,CRI,842720
4118475,160,52,8918,2015,0.0,129794.0,-1.102989,-0.952276,NIC,CRI,842720
4118476,162,52,8918,2015,155700.0,0.0,1.230104,1.27344,NLD,CRI,842720
4118477,169,52,8918,2015,33565.0,18174.0,0.642058,0.833392,PAN,CRI,842720
4118478,197,52,8918,2015,0.0,51927.0,0.05531900000000001,0.169073,SLV,CRI,842720
4118479,208,52,8918,2015,305699.0,0.0,1.8068349999999997,0.693389,SWE,CRI,842720
4118480,231,52,8918,2015,4196590.0,0.0,1.720478,-0.129322,USA,CRI,842720
4118481,249,52,8918,2015,46300.0,0.0,1.962832,1.214982,TWN,CRI,842720
4118482,0,55,8918,2015,12849.0,0.0,0.8526809999999999,-0.043541,ABW,CUW,842720
4118483,43,55,8918,2015,36353.0,0.0,1.077143,1.735757,CHN,CUW,842720
4118484,83,55,8918,2015,0.0,21228.0,-0.750568,-0.690257,GHA,CUW,842720
4118485,104,55,8918,2015,0.0,74224.0,0.24230900000000002,2.8190880000000003,IND,CUW,842720
4118486,114,55,8918,2015,92268.0,0.0,2.516133,-0.484202,JPN,CUW,842720
4118487,121,55,8918,2015,40021.0,0.0,1.900653,0.859406,KOR,CUW,842720
4118488,162,55,8918,2015,48374.0,29171.0,1.230104,1.27344,NLD,CUW,842720
4118489,179,55,8918,2015,16497.0,0.0,0.561922,2.2276380000000002,PRT,CUW,842720
4118490,231,55,8918,2015,215414.0,0.0,1.720478,-0.129322,USA,CUW,842720
4118491,4,59,8918,2015,0.0,5540.0,-0.601875,-0.27003,ALB,CZE,842720
4118492,7,59,8918,2015,0.0,60751.0,0.21779600000000002,-0.0047420000000000006,ARE,CZE,842720
4118493,15,59,8918,2015,1869799.0,419540.0,1.747098,-0.08026699999999999,AUT,CZE,842720
4118494,16,59,8918,2015,0.0,87840.0,-0.983347,-1.231542,AZE,CZE,842720
4118495,18,59,8918,2015,2267648.0,148291.0,1.329866,1.100641,BEL,CZE,842720
4118496,21,59,8918,2015,0.0,5329.0,-1.085359,-1.034365,BFA,CZE,842720
4118497,23,59,8918,2015,394459.0,78649.0,0.45640699999999995,1.691455,BGR,CZE,842720
4118498,26,59,8918,2015,0.0,41425.0,0.355903,0.723092,BIH,CZE,842720
4118499,28,59,8918,2015,0.0,457567.0,0.672499,0.5584020000000001,BLR,CZE,842720
4118500,39,59,8918,2015,0.0,174518.0,0.695867,1.171676,CAN,CZE,842720
4118501,41,59,8918,2015,10715.0,795653.0,2.306075,0.720781,CHE,CZE,842720
4118502,42,59,8918,2015,0.0,89763.0,-0.356167,-0.47629399999999994,CHL,CZE,842720
4118503,43,59,8918,2015,3266762.0,0.0,1.077143,1.735757,CHN,CZE,842720
4118504,61,59,8918,2015,27987474.0,1308434.0,2.203818,-2.307561,DEU,CZE,842720
4118505,64,59,8918,2015,41608.0,14827.0,1.157924,1.2045629999999998,DNK,CZE,842720
4118506,68,59,8918,2015,0.0,37058.0,-0.183053,1.765036,EGY,CZE,842720
4118507,71,59,8918,2015,197174.0,29251.0,0.8173590000000001,2.442556,ESP,CZE,842720
4118508,72,59,8918,2015,0.0,43158.0,0.9281149999999999,1.1780389999999998,EST,CZE,842720
4118509,74,59,8918,2015,43329.0,23120.0,1.597817,0.998059,FIN,CZE,842720
4118510,77,59,8918,2015,17279378.0,227748.0,1.479792,0.6490239999999999,FRA,CZE,842720
4118511,81,59,8918,2015,12704337.0,323571.0,1.7422990000000003,0.75838,GBR,CZE,842720
4118512,82,59,8918,2015,0.0,97402.0,-0.343663,-0.588017,GEO,CZE,842720
4118513,90,59,8918,2015,0.0,49378.0,0.099027,1.012289,GRC,CZE,842720
4118514,100,59,8918,2015,0.0,179004.0,0.7590140000000001,1.257415,HRV,CZE,842720
4118515,102,59,8918,2015,2250035.0,280290.0,1.462839,0.803258,HUN,CZE,842720
4118516,106,59,8918,2015,1797212.0,11240.0,1.304942,0.126431,IRL,CZE,842720
4118517,111,59,8918,2015,6547373.0,100208.0,1.321127,0.747046,ITA,CZE,842720
4118518,113,59,8918,2015,0.0,28552.0,0.121172,0.457301,JOR,CZE,842720
4118519,114,59,8918,2015,164269.0,0.0,2.516133,-0.484202,JPN,CZE,842720
4118520,115,59,8918,2015,0.0,17048.0,-0.45091499999999995,-0.652026,KAZ,CZE,842720
4118521,121,59,8918,2015,476073.0,0.0,1.900653,0.859406,KOR,CZE,842720
4118522,130,59,8918,2015,0.0,207401.0,0.749429,1.3659860000000001,LTU,CZE,842720
4118523,131,59,8918,2015,0.0,60616.0,1.218924,1.247152,LUX,CZE,842720
4118524,132,59,8918,2015,0.0,8812.0,0.602209,1.125357,LVA,CZE,842720
4118525,134,59,8918,2015,0.0,126754.0,-0.7554810000000001,-0.059697,MAR,CZE,842720
4118526,135,59,8918,2015,0.0,25223.0,-0.313837,-0.20393,MDA,CZE,842720
4118527,140,59,8918,2015,0.0,13323.0,-0.09009600000000001,-0.147359,MKD,CZE,842720
4118528,142,59,8918,2015,0.0,65625.0,0.880893,-0.117585,MLT,CZE,842720
4118529,162,59,8918,2015,4710116.0,526288.0,1.230104,1.27344,NLD,CZE,842720
4118530,163,59,8918,2015,122285.0,194381.0,0.950708,0.314339,NOR,CZE,842720
4118531,166,59,8918,2015,0.0,423508.0,0.224598,0.253179,NZL,CZE,842720
4118532,173,59,8918,2015,0.0,5438.0,-0.6007819999999999,0.32152800000000004,PER,CZE,842720
4118533,177,59,8918,2015,263998.0,3689019.0,1.145844,1.1449280000000002,POL,CZE,842720
4118534,179,59,8918,2015,0.0,38339.0,0.561922,2.2276380000000002,PRT,CZE,842720
4118535,185,59,8918,2015,0.0,186829.0,0.946363,1.056775,ROU,CZE,842720
4118536,186,59,8918,2015,0.0,131757.0,0.23119,0.035965,RUS,CZE,842720
4118537,188,59,8918,2015,0.0,272633.0,0.5552520000000001,-0.7263229999999999,SAU,CZE,842720
4118538,190,59,8918,2015,0.0,5633.0,-1.420356,-1.218424,SDN,CZE,842720
4118539,201,59,8918,2015,25128.0,105651.0,0.457042,1.324908,SRB,CZE,842720
4118540,206,59,8918,2015,4565169.0,11788818.0,1.287133,0.7900560000000001,SVK,CZE,842720
4118541,207,59,8918,2015,0.0,240306.0,1.6089879999999999,0.833616,SVN,CZE,842720
4118542,208,59,8918,2015,954408.0,114827.0,1.8068349999999997,0.693389,SWE,CZE,842720
4118543,228,59,8918,2015,0.0,187864.0,0.429879,0.701813,UKR,CZE,842720
4118544,231,59,8918,2015,42704.0,2334358.0,1.720478,-0.129322,USA,CZE,842720
4118545,246,59,8918,2015,0.0,576096.0,0.24944699999999997,1.7573159999999999,ZAF,CZE,842720
4118546,249,59,8918,2015,264960.0,0.0,1.962832,1.214982,TWN,CZE,842720
4118547,250,59,8918,2015,4925947.0,0.0,0.377283,-0.092204,ANS,CZE,842720
4118548,1,61,8918,2015,0.0,69359.0,-1.249655,-0.9094459999999999,AFG,DEU,842720
4118549,2,61,8918,2015,0.0,82829.0,-1.6542,-1.2598989999999999,AGO,DEU,842720
4118550,4,61,8918,2015,0.0,310091.0,-0.601875,-0.27003,ALB,DEU,842720
4118551,7,61,8918,2015,133597.0,1619251.0,0.21779600000000002,-0.0047420000000000006,ARE,DEU,842720
4118552,8,61,8918,2015,0.0,6987867.0,0.116896,0.30330999999999997,ARG,DEU,842720
4118553,9,61,8918,2015,0.0,27226.0,0.037579,-0.42448800000000003,ARM,DEU,842720
4118554,13,61,8918,2015,0.0,31115.0,0.43318,-0.552045,ATG,DEU,842720
4118555,14,61,8918,2015,664461.0,17877516.0,-0.292325,-0.043489,AUS,DEU,842720
4118556,15,61,8918,2015,12258943.0,31875546.0,1.747098,-0.08026699999999999,AUT,DEU,842720
4118557,16,61,8918,2015,0.0,280652.0,-0.983347,-1.231542,AZE,DEU,842720
4118558,18,61,8918,2015,10693895.0,26643496.0,1.329866,1.100641,BEL,DEU,842720
4118559,19,61,8918,2015,0.0,171139.0,-0.5641470000000001,-0.8971020000000001,BEN,DEU,842720
4118560,21,61,8918,2015,0.0,1709087.0,-1.085359,-1.034365,BFA,DEU,842720
4118561,22,61,8918,2015,0.0,80038.0,-1.088465,-0.8745360000000001,BGD,DEU,842720
4118562,23,61,8918,2015,7725.0,1816948.0,0.45640699999999995,1.691455,BGR,DEU,842720
4118563,24,61,8918,2015,0.0,79017.0,0.36650900000000003,-0.28735,BHR,DEU,842720
4118564,25,61,8918,2015,0.0,74981.0,0.669493,-0.37838099999999997,BHS,DEU,842720
4118565,26,61,8918,2015,28180.0,1564303.0,0.355903,0.723092,BIH,DEU,842720
4118566,28,61,8918,2015,0.0,839124.0,0.672499,0.5584020000000001,BLR,DEU,842720
4118567,31,61,8918,2015,0.0,72203.0,-1.051562,-1.067714,BOL,DEU,842720
4118568,32,61,8918,2015,20534.0,2826272.0,0.23656799999999997,0.688607,BRA,DEU,842720
4118569,39,61,8918,2015,17812.0,2635431.0,0.695867,1.171676,CAN,DEU,842720
4118570,41,61,8918,2015,1500158.0,18741476.0,2.306075,0.720781,CHE,DEU,842720
4118571,42,61,8918,2015,0.0,7233326.0,-0.356167,-0.47629399999999994,CHL,DEU,842720
4118572,43,61,8918,2015,15263693.0,2395745.0,1.077143,1.735757,CHN,DEU,842720
4118573,44,61,8918,2015,0.0,322426.0,-0.856142,-0.905292,CIV,DEU,842720
4118574,45,61,8918,2015,0.0,175839.0,-0.924366,-1.040721,CMR,DEU,842720
4118575,47,61,8918,2015,0.0,140048.0,-1.294823,-1.18811,COG,DEU,842720
4118576,49,61,8918,2015,0.0,166919.0,0.156383,-0.183055,COL,DEU,842720
4118577,52,61,8918,2015,0.0,1807597.0,0.24859699999999998,-0.033143,CRI,DEU,842720
4118578,58,61,8918,2015,0.0,179406.0,0.511225,-0.207261,CYP,DEU,842720
4118579,59,61,8918,2015,1308434.0,27987474.0,1.743012,0.45424,CZE,DEU,842720
4118580,62,61,8918,2015,0.0,21124.0,-0.538942,-0.832522,DJI,DEU,842720
4118581,64,61,8918,2015,2045268.0,11643775.0,1.157924,1.2045629999999998,DNK,DEU,842720
4118582,65,61,8918,2015,0.0,161184.0,-0.212808,0.395873,DOM,DEU,842720
4118583,66,61,8918,2015,0.0,972884.0,-1.54346,-1.255633,DZA,DEU,842720
4118584,67,61,8918,2015,0.0,534126.0,-0.9845959999999999,-1.075639,ECU,DEU,842720
4118585,68,61,8918,2015,0.0,1282449.0,-0.183053,1.765036,EGY,DEU,842720
4118586,71,61,8918,2015,1081597.0,27312266.0,0.8173590000000001,2.442556,ESP,DEU,842720
4118587,72,61,8918,2015,0.0,2250020.0,0.9281149999999999,1.1780389999999998,EST,DEU,842720
4118588,73,61,8918,2015,0.0,138671.0,-1.004896,-0.721019,ETH,DEU,842720
4118589,74,61,8918,2015,316536.0,6705950.0,1.597817,0.998059,FIN,DEU,842720
4118590,77,61,8918,2015,62143148.0,143073920.0,1.479792,0.6490239999999999,FRA,DEU,842720
4118591,81,61,8918,2015,65253692.0,124809280.0,1.7422990000000003,0.75838,GBR,DEU,842720
4118592,82,61,8918,2015,0.0,189089.0,-0.343663,-0.588017,GEO,DEU,842720
4118593,83,61,8918,2015,0.0,686170.0,-0.750568,-0.690257,GHA,DEU,842720
4118594,85,61,8918,2015,0.0,70493.0,-1.288329,-1.167532,GIN,DEU,842720
4118595,90,61,8918,2015,0.0,1573598.0,0.099027,1.012289,GRC,DEU,842720
4118596,93,61,8918,2015,0.0,36618.0,-0.284403,0.525564,GTM,DEU,842720
4118597,97,61,8918,2015,0.0,132279.0,0.8255290000000001,1.8017279999999998,HKG,DEU,842720
4118598,100,61,8918,2015,73680.0,4298184.0,0.7590140000000001,1.257415,HRV,DEU,842720
4118599,102,61,8918,2015,207038.0,15199945.0,1.462839,0.803258,HUN,DEU,842720
4118600,103,61,8918,2015,0.0,638149.0,-0.145103,1.277362,IDN,DEU,842720
4118601,104,61,8918,2015,0.0,1040453.0,0.24230900000000002,2.8190880000000003,IND,DEU,842720
4118602,106,61,8918,2015,14098907.0,2497624.0,1.304942,0.126431,IRL,DEU,842720
4118603,107,61,8918,2015,0.0,685300.0,-0.258946,-0.0073420000000000004,IRN,DEU,842720
4118604,108,61,8918,2015,0.0,359638.0,-1.465803,-0.912113,IRQ,DEU,842720
4118605,109,61,8918,2015,0.0,1274520.0,0.24527600000000002,-0.411616,ISL,DEU,842720
4118606,110,61,8918,2015,0.0,7881788.0,1.260071,0.545545,ISR,DEU,842720
4118607,111,61,8918,2015,36046212.0,51232128.0,1.321127,0.747046,ITA,DEU,842720
4118608,113,61,8918,2015,0.0,494232.0,0.121172,0.457301,JOR,DEU,842720
4118609,114,61,8918,2015,2070487.0,993229.0,2.516133,-0.484202,JPN,DEU,842720
4118610,115,61,8918,2015,0.0,3259711.0,-0.45091499999999995,-0.652026,KAZ,DEU,842720
4118611,116,61,8918,2015,0.0,293967.0,-0.453564,0.433325,KEN,DEU,842720
4118612,117,61,8918,2015,0.0,6485.0,0.02058,0.438692,KGZ,DEU,842720
4118613,121,61,8918,2015,12772029.0,414504.0,1.900653,0.859406,KOR,DEU,842720
4118614,122,61,8918,2015,0.0,224384.0,-0.352023,-1.153057,KWT,DEU,842720
4118615,124,61,8918,2015,17655.0,317661.0,0.317355,1.330374,LBN,DEU,842720
4118616,125,61,8918,2015,0.0,60455.0,-1.087459,-1.195708,LBR,DEU,842720
4118617,126,61,8918,2015,0.0,17692.0,-1.3257219999999998,-1.260453,LBY,DEU,842720
4118618,128,61,8918,2015,0.0,263106.0,-0.6773399999999999,0.386343,LKA,DEU,842720
4118619,130,61,8918,2015,84832.0,3097796.0,0.749429,1.3659860000000001,LTU,DEU,842720
4118620,131,61,8918,2015,154321.0,322028.0,1.218924,1.247152,LUX,DEU,842720
4118621,132,61,8918,2015,5158.0,2050070.0,0.602209,1.125357,LVA,DEU,842720
4118622,134,61,8918,2015,0.0,1884092.0,-0.7554810000000001,-0.059697,MAR,DEU,842720
4118623,135,61,8918,2015,0.0,184388.0,-0.313837,-0.20393,MDA,DEU,842720
4118624,138,61,8918,2015,0.0,6818487.0,1.169724,0.61457,MEX,DEU,842720
4118625,140,61,8918,2015,0.0,447146.0,-0.09009600000000001,-0.147359,MKD,DEU,842720
4118626,141,61,8918,2015,0.0,54862.0,-0.744236,-0.9441860000000001,MLI,DEU,842720
4118627,142,61,8918,2015,0.0,132604.0,0.880893,-0.117585,MLT,DEU,842720
4118628,144,61,8918,2015,0.0,2107.0,-0.048385000000000004,-0.150759,MNE,DEU,842720
4118629,145,61,8918,2015,0.0,26440.0,-1.244368,-1.196677,MNG,DEU,842720
4118630,147,61,8918,2015,0.0,20194.0,-1.293809,-1.115069,MOZ,DEU,842720
4118631,148,61,8918,2015,0.0,73451.0,-1.5597450000000002,-1.3209229999999998,MRT,DEU,842720
4118632,153,61,8918,2015,202404.0,785662.0,1.082803,0.811615,MYS,DEU,842720
4118633,155,61,8918,2015,0.0,2880.0,-0.43457399999999996,-0.665655,NAM,DEU,842720
4118634,156,61,8918,2015,0.0,44089.0,-0.727911,-0.844562,NCL,DEU,842720
4118635,159,61,8918,2015,0.0,350628.0,-1.415451,-1.157829,NGA,DEU,842720
4118636,160,61,8918,2015,0.0,15318.0,-1.102989,-0.952276,NIC,DEU,842720
4118637,162,61,8918,2015,49997720.0,35533720.0,1.230104,1.27344,NLD,DEU,842720
4118638,163,61,8918,2015,160147.0,9862279.0,0.950708,0.314339,NOR,DEU,842720
4118639,164,61,8918,2015,0.0,22881.0,-0.290416,0.456716,NPL,DEU,842720
4118640,166,61,8918,2015,0.0,968867.0,0.224598,0.253179,NZL,DEU,842720
4118641,167,61,8918,2015,0.0,442634.0,-0.4699,-1.00451,OMN,DEU,842720
4118642,168,61,8918,2015,0.0,301979.0,-0.7059979999999999,0.73501,PAK,DEU,842720
4118643,169,61,8918,2015,0.0,240123.0,0.642058,0.833392,PAN,DEU,842720
4118644,173,61,8918,2015,0.0,1296190.0,-0.6007819999999999,0.32152800000000004,PER,DEU,842720
4118645,174,61,8918,2015,0.0,1164802.0,0.6406270000000001,0.45770200000000005,PHL,DEU,842720
4118646,176,61,8918,2015,0.0,90026.0,-1.710939,-1.266333,PNG,DEU,842720
4118647,177,61,8918,2015,2687349.0,55038292.0,1.145844,1.1449280000000002,POL,DEU,842720
4118648,179,61,8918,2015,41947.0,926328.0,0.561922,2.2276380000000002,PRT,DEU,842720
4118649,180,61,8918,2015,0.0,388265.0,-0.471106,-0.9431139999999999,PRY,DEU,842720
4118650,182,61,8918,2015,0.0,74213.0,-0.301696,-0.795154,PYF,DEU,842720
4118651,183,61,8918,2015,0.0,81571.0,-0.077053,-0.9922719999999999,QAT,DEU,842720
4118652,185,61,8918,2015,38282.0,10106836.0,0.946363,1.056775,ROU,DEU,842720
4118653,186,61,8918,2015,61972.0,16304391.0,0.23119,0.035965,RUS,DEU,842720
4118654,188,61,8918,2015,0.0,2434324.0,0.5552520000000001,-0.7263229999999999,SAU,DEU,842720
4118655,190,61,8918,2015,0.0,8310.0,-1.420356,-1.218424,SDN,DEU,842720
4118656,191,61,8918,2015,0.0,639268.0,-0.708349,-0.296663,SEN,DEU,842720
4118657,192,61,8918,2015,2393.0,1321416.0,2.05613,0.593065,SGP,DEU,842720
4118658,197,61,8918,2015,0.0,85422.0,0.05531900000000001,0.169073,SLV,DEU,842720
4118659,201,61,8918,2015,18004.0,4621046.0,0.457042,1.324908,SRB,DEU,842720
4118660,205,61,8918,2015,0.0,13686.0,-0.570361,-1.005072,SUR,DEU,842720
4118661,206,61,8918,2015,53858.0,6770402.0,1.287133,0.7900560000000001,SVK,DEU,842720
4118662,207,61,8918,2015,923798.0,4836692.0,1.6089879999999999,0.833616,SVN,DEU,842720
4118663,208,61,8918,2015,29197632.0,14745959.0,1.8068349999999997,0.693389,SWE,DEU,842720
4118664,212,61,8918,2015,0.0,1553.0,-0.603532,0.313216,SYR,DEU,842720
4118665,215,61,8918,2015,0.0,8492.0,-0.66925,-0.873554,TGO,DEU,842720
4118666,216,61,8918,2015,87283.0,2944791.0,0.965888,1.368572,THA,DEU,842720
4118667,219,61,8918,2015,0.0,210202.0,-1.546516,-1.315803,TKM,DEU,842720
4118668,223,61,8918,2015,0.0,182228.0,0.140202,0.967591,TUN,DEU,842720
4118669,224,61,8918,2015,0.0,12179935.0,0.438669,2.519632,TUR,DEU,842720
4118670,226,61,8918,2015,0.0,283183.0,-1.02395,-0.017509999999999998,TZA,DEU,842720
4118671,227,61,8918,2015,0.0,2793.0,-0.611023,0.078961,UGA,DEU,842720
4118672,228,61,8918,2015,384999.0,2239354.0,0.429879,0.701813,UKR,DEU,842720
4118673,230,61,8918,2015,0.0,506441.0,0.273876,-0.363695,URY,DEU,842720
4118674,231,61,8918,2015,2988671.0,46589808.0,1.720478,-0.129322,USA,DEU,842720
4118675,239,61,8918,2015,0.0,936208.0,-0.17108900000000002,1.10995,VNM,DEU,842720
4118676,246,61,8918,2015,110602.0,3180309.0,0.24944699999999997,1.7573159999999999,ZAF,DEU,842720
4118677,248,61,8918,2015,0.0,52263.0,-0.838017,-0.9400270000000001,ZWE,DEU,842720
4118678,249,61,8918,2015,2077673.0,55905.0,1.962832,1.214982,TWN,DEU,842720
4118679,250,61,8918,2015,0.0,14734.0,0.377283,-0.092204,ANS,DEU,842720
4118680,7,64,8918,2015,0.0,4390.0,0.21779600000000002,-0.0047420000000000006,ARE,DNK,842720
4118681,15,64,8918,2015,452250.0,81661.0,1.747098,-0.08026699999999999,AUT,DNK,842720
4118682,18,64,8918,2015,3060094.0,19390.0,1.329866,1.100641,BEL,DNK,842720
4118683,23,64,8918,2015,0.0,7586.0,0.45640699999999995,1.691455,BGR,DNK,842720
4118684,26,64,8918,2015,0.0,1308.0,0.355903,0.723092,BIH,DNK,842720
4118685,31,64,8918,2015,0.0,4865.0,-1.051562,-1.067714,BOL,DNK,842720
4118686,39,64,8918,2015,0.0,87742.0,0.695867,1.171676,CAN,DNK,842720
4118687,41,64,8918,2015,0.0,263334.0,2.306075,0.720781,CHE,DNK,842720
4118688,43,64,8918,2015,1455494.0,0.0,1.077143,1.735757,CHN,DNK,842720
4118689,44,64,8918,2015,0.0,917.0,-0.856142,-0.905292,CIV,DNK,842720
4118690,59,64,8918,2015,14827.0,41608.0,1.743012,0.45424,CZE,DNK,842720
4118691,61,64,8918,2015,11643775.0,2045268.0,2.203818,-2.307561,DEU,DNK,842720
4118692,68,64,8918,2015,0.0,6003.0,-0.183053,1.765036,EGY,DNK,842720
4118693,71,64,8918,2015,169296.0,102325.0,0.8173590000000001,2.442556,ESP,DNK,842720
4118694,72,64,8918,2015,0.0,164264.0,0.9281149999999999,1.1780389999999998,EST,DNK,842720
4118695,74,64,8918,2015,155619.0,723322.0,1.597817,0.998059,FIN,DNK,842720
4118696,77,64,8918,2015,14386761.0,197520.0,1.479792,0.6490239999999999,FRA,DNK,842720
4118697,78,64,8918,2015,0.0,191111.0,-0.700767,-0.9214399999999999,FRO,DNK,842720
4118698,81,64,8918,2015,3161237.0,210270.0,1.7422990000000003,0.75838,GBR,DNK,842720
4118699,90,64,8918,2015,3966.0,151311.0,0.099027,1.012289,GRC,DNK,842720
4118700,92,64,8918,2015,16086.0,120337.0,-1.017707,-0.913467,GRL,DNK,842720
4118701,100,64,8918,2015,0.0,15356.0,0.7590140000000001,1.257415,HRV,DNK,842720
4118702,102,64,8918,2015,0.0,22857.0,1.462839,0.803258,HUN,DNK,842720
4118703,104,64,8918,2015,0.0,68312.0,0.24230900000000002,2.8190880000000003,IND,DNK,842720
4118704,106,64,8918,2015,215213.0,56269.0,1.304942,0.126431,IRL,DNK,842720
4118705,109,64,8918,2015,0.0,1990.0,0.24527600000000002,-0.411616,ISL,DNK,842720
4118706,110,64,8918,2015,0.0,344266.0,1.260071,0.545545,ISR,DNK,842720
4118707,111,64,8918,2015,8365606.0,31689.0,1.321127,0.747046,ITA,DNK,842720
4118708,113,64,8918,2015,0.0,28866.0,0.121172,0.457301,JOR,DNK,842720
4118709,114,64,8918,2015,30513.0,0.0,2.516133,-0.484202,JPN,DNK,842720
4118710,115,64,8918,2015,0.0,40827.0,-0.45091499999999995,-0.652026,KAZ,DNK,842720
4118711,121,64,8918,2015,196862.0,0.0,1.900653,0.859406,KOR,DNK,842720
4118712,124,64,8918,2015,0.0,5848.0,0.317355,1.330374,LBN,DNK,842720
4118713,130,64,8918,2015,0.0,256565.0,0.749429,1.3659860000000001,LTU,DNK,842720
4118714,132,64,8918,2015,0.0,32225.0,0.602209,1.125357,LVA,DNK,842720
4118715,135,64,8918,2015,0.0,38408.0,-0.313837,-0.20393,MDA,DNK,842720
4118716,140,64,8918,2015,0.0,3073.0,-0.09009600000000001,-0.147359,MKD,DNK,842720
4118717,153,64,8918,2015,3386.0,0.0,1.082803,0.811615,MYS,DNK,842720
4118718,159,64,8918,2015,0.0,28751.0,-1.415451,-1.157829,NGA,DNK,842720
4118719,162,64,8918,2015,8488549.0,1230096.0,1.230104,1.27344,NLD,DNK,842720
4118720,163,64,8918,2015,573694.0,1319822.0,0.950708,0.314339,NOR,DNK,842720
4118721,177,64,8918,2015,1964616.0,755930.0,1.145844,1.1449280000000002,POL,DNK,842720
4118722,185,64,8918,2015,19136.0,18306.0,0.946363,1.056775,ROU,DNK,842720
4118723,186,64,8918,2015,0.0,35641.0,0.23119,0.035965,RUS,DNK,842720
4118724,201,64,8918,2015,0.0,5844.0,0.457042,1.324908,SRB,DNK,842720
4118725,207,64,8918,2015,0.0,15875.0,1.6089879999999999,0.833616,SVN,DNK,842720
4118726,208,64,8918,2015,10257309.0,7435920.0,1.8068349999999997,0.693389,SWE,DNK,842720
4118727,216,64,8918,2015,33063.0,12607.0,0.965888,1.368572,THA,DNK,842720
4118728,224,64,8918,2015,0.0,70126.0,0.438669,2.519632,TUR,DNK,842720
4118729,228,64,8918,2015,0.0,9524.0,0.429879,0.701813,UKR,DNK,842720
4118730,231,64,8918,2015,302195.0,58283.0,1.720478,-0.129322,USA,DNK,842720
4118731,239,64,8918,2015,0.0,129643.0,-0.17108900000000002,1.10995,VNM,DNK,842720
4118732,246,64,8918,2015,53188.0,0.0,0.24944699999999997,1.7573159999999999,ZAF,DNK,842720
4118733,249,64,8918,2015,31398.0,0.0,1.962832,1.214982,TWN,DNK,842720
4118734,32,65,8918,2015,60003.0,0.0,0.23656799999999997,0.688607,BRA,DOM,842720
4118735,39,65,8918,2015,2747.0,0.0,0.695867,1.171676,CAN,DOM,842720
4118736,43,65,8918,2015,712236.0,0.0,1.077143,1.735757,CHN,DOM,842720
4118737,52,65,8918,2015,1955.0,0.0,0.24859699999999998,-0.033143,CRI,DOM,842720
4118738,61,65,8918,2015,161184.0,0.0,2.203818,-2.307561,DEU,DOM,842720
4118739,71,65,8918,2015,56394.0,0.0,0.8173590000000001,2.442556,ESP,DOM,842720
4118740,81,65,8918,2015,27210.0,0.0,1.7422990000000003,0.75838,GBR,DOM,842720
4118741,111,65,8918,2015,6180.0,0.0,1.321127,0.747046,ITA,DOM,842720
4118742,112,65,8918,2015,2358.0,0.0,-0.438267,-0.828097,JAM,DOM,842720
4118743,114,65,8918,2015,593667.0,0.0,2.516133,-0.484202,JPN,DOM,842720
4118744,121,65,8918,2015,122130.0,0.0,1.900653,0.859406,KOR,DOM,842720
4118745,138,65,8918,2015,3523.0,0.0,1.169724,0.61457,MEX,DOM,842720
4118746,162,65,8918,2015,744978.0,0.0,1.230104,1.27344,NLD,DOM,842720
4118747,231,65,8918,2015,6896116.0,0.0,1.720478,-0.129322,USA,DOM,842720
4118748,249,65,8918,2015,19433.0,0.0,1.962832,1.214982,TWN,DOM,842720
4118749,18,67,8918,2015,11145.0,0.0,1.329866,1.100641,BEL,ECU,842720
4118750,32,67,8918,2015,84383.0,0.0,0.23656799999999997,0.688607,BRA,ECU,842720
4118751,43,67,8918,2015,3916991.0,0.0,1.077143,1.735757,CHN,ECU,842720
4118752,49,67,8918,2015,62213.0,0.0,0.156383,-0.183055,COL,ECU,842720
4118753,52,67,8918,2015,7959.0,0.0,0.24859699999999998,-0.033143,CRI,ECU,842720
4118754,61,67,8918,2015,534126.0,0.0,2.203818,-2.307561,DEU,ECU,842720
4118755,71,67,8918,2015,541260.0,0.0,0.8173590000000001,2.442556,ESP,ECU,842720
4118756,81,67,8918,2015,196304.0,0.0,1.7422990000000003,0.75838,GBR,ECU,842720
4118757,97,67,8918,2015,25456.0,0.0,0.8255290000000001,1.8017279999999998,HKG,ECU,842720
4118758,106,67,8918,2015,38938.0,0.0,1.304942,0.126431,IRL,ECU,842720
4118759,111,67,8918,2015,281499.0,0.0,1.321127,0.747046,ITA,ECU,842720
4118760,114,67,8918,2015,947580.0,0.0,2.516133,-0.484202,JPN,ECU,842720
4118761,121,67,8918,2015,436899.0,0.0,1.900653,0.859406,KOR,ECU,842720
4118762,190,67,8918,2015,0.0,354967.0,-1.420356,-1.218424,SDN,ECU,842720
4118763,208,67,8918,2015,810251.0,0.0,1.8068349999999997,0.693389,SWE,ECU,842720
4118764,231,67,8918,2015,2423798.0,13465.0,1.720478,-0.129322,USA,ECU,842720
4118765,2,71,8918,2015,0.0,24919.0,-1.6542,-1.2598989999999999,AGO,ESP,842720
4118766,4,71,8918,2015,0.0,17418.0,-0.601875,-0.27003,ALB,ESP,842720
4118767,5,71,8918,2015,12252.0,76002.0,0.850153,0.383793,AND,ESP,842720
4118768,7,71,8918,2015,0.0,653325.0,0.21779600000000002,-0.0047420000000000006,ARE,ESP,842720
4118769,9,71,8918,2015,0.0,45637.0,0.037579,-0.42448800000000003,ARM,ESP,842720
4118770,14,71,8918,2015,20334.0,1277711.0,-0.292325,-0.043489,AUS,ESP,842720
4118771,15,71,8918,2015,26207.0,7899.0,1.747098,-0.08026699999999999,AUT,ESP,842720
4118772,18,71,8918,2015,2516935.0,1091548.0,1.329866,1.100641,BEL,ESP,842720
4118773,21,71,8918,2015,0.0,50202.0,-1.085359,-1.034365,BFA,ESP,842720
4118774,23,71,8918,2015,0.0,69041.0,0.45640699999999995,1.691455,BGR,ESP,842720
4118775,28,71,8918,2015,0.0,19088.0,0.672499,0.5584020000000001,BLR,ESP,842720
4118776,31,71,8918,2015,0.0,25050.0,-1.051562,-1.067714,BOL,ESP,842720
4118777,32,71,8918,2015,97364.0,253908.0,0.23656799999999997,0.688607,BRA,ESP,842720
4118778,33,71,8918,2015,0.0,353977.0,0.453689,0.039237,BRB,ESP,842720
4118779,39,71,8918,2015,0.0,601801.0,0.695867,1.171676,CAN,ESP,842720
4118780,41,71,8918,2015,19464.0,964574.0,2.306075,0.720781,CHE,ESP,842720
4118781,42,71,8918,2015,0.0,482458.0,-0.356167,-0.47629399999999994,CHL,ESP,842720
4118782,43,71,8918,2015,2496693.0,57843.0,1.077143,1.735757,CHN,ESP,842720
4118783,44,71,8918,2015,0.0,599801.0,-0.856142,-0.905292,CIV,ESP,842720
4118784,45,71,8918,2015,0.0,31744.0,-0.924366,-1.040721,CMR,ESP,842720
4118785,47,71,8918,2015,0.0,32315.0,-1.294823,-1.18811,COG,ESP,842720
4118786,49,71,8918,2015,0.0,996073.0,0.156383,-0.183055,COL,ESP,842720
4118787,51,71,8918,2015,0.0,11987.0,-0.263621,-0.772158,CPV,ESP,842720
4118788,52,71,8918,2015,0.0,28486.0,0.24859699999999998,-0.033143,CRI,ESP,842720
4118789,54,71,8918,2015,0.0,347161.0,-0.694839,-1.093439,CUB,ESP,842720
4118790,59,71,8918,2015,29251.0,197174.0,1.743012,0.45424,CZE,ESP,842720
4118791,61,71,8918,2015,27312266.0,1081597.0,2.203818,-2.307561,DEU,ESP,842720
4118792,64,71,8918,2015,102325.0,169296.0,1.157924,1.2045629999999998,DNK,ESP,842720
4118793,65,71,8918,2015,0.0,56394.0,-0.212808,0.395873,DOM,ESP,842720
4118794,66,71,8918,2015,0.0,301327.0,-1.54346,-1.255633,DZA,ESP,842720
4118795,67,71,8918,2015,0.0,541260.0,-0.9845959999999999,-1.075639,ECU,ESP,842720
4118796,68,71,8918,2015,0.0,101004.0,-0.183053,1.765036,EGY,ESP,842720
4118797,72,71,8918,2015,0.0,37003.0,0.9281149999999999,1.1780389999999998,EST,ESP,842720
4118798,74,71,8918,2015,0.0,85476.0,1.597817,0.998059,FIN,ESP,842720
4118799,77,71,8918,2015,22134160.0,2996478.0,1.479792,0.6490239999999999,FRA,ESP,842720
4118800,81,71,8918,2015,13919672.0,1381785.0,1.7422990000000003,0.75838,GBR,ESP,842720
4118801,82,71,8918,2015,0.0,29612.0,-0.343663,-0.588017,GEO,ESP,842720
4118802,83,71,8918,2015,0.0,41236.0,-0.750568,-0.690257,GHA,ESP,842720
4118803,84,71,8918,2015,7984.0,71127.0,0.535143,-0.750155,GIB,ESP,842720
4118804,87,71,8918,2015,0.0,36225.0,-0.984775,-0.877886,GMB,ESP,842720
4118805,89,71,8918,2015,0.0,76013.0,-1.585577,-0.9044979999999999,GNQ,ESP,842720
4118806,90,71,8918,2015,3438.0,15022.0,0.099027,1.012289,GRC,ESP,842720
4118807,97,71,8918,2015,113532.0,0.0,0.8255290000000001,1.8017279999999998,HKG,ESP,842720
4118808,99,71,8918,2015,0.0,10357.0,-0.578635,-0.292053,HND,ESP,842720
4118809,102,71,8918,2015,0.0,1506003.0,1.462839,0.803258,HUN,ESP,842720
4118810,104,71,8918,2015,0.0,8041.0,0.24230900000000002,2.8190880000000003,IND,ESP,842720
4118811,106,71,8918,2015,352618.0,171905.0,1.304942,0.126431,IRL,ESP,842720
4118812,107,71,8918,2015,210542.0,0.0,-0.258946,-0.0073420000000000004,IRN,ESP,842720
4118813,110,71,8918,2015,0.0,7540060.0,1.260071,0.545545,ISR,ESP,842720
4118814,111,71,8918,2015,3629398.0,932935.0,1.321127,0.747046,ITA,ESP,842720
4118815,112,71,8918,2015,0.0,12393.0,-0.438267,-0.828097,JAM,ESP,842720
4118816,113,71,8918,2015,0.0,37879.0,0.121172,0.457301,JOR,ESP,842720
4118817,114,71,8918,2015,450527.0,581572.0,2.516133,-0.484202,JPN,ESP,842720
4118818,115,71,8918,2015,0.0,32953.0,-0.45091499999999995,-0.652026,KAZ,ESP,842720
4118819,121,71,8918,2015,183898.0,0.0,1.900653,0.859406,KOR,ESP,842720
4118820,124,71,8918,2015,0.0,3242.0,0.317355,1.330374,LBN,ESP,842720
4118821,126,71,8918,2015,0.0,3327.0,-1.3257219999999998,-1.260453,LBY,ESP,842720
4118822,130,71,8918,2015,0.0,71201.0,0.749429,1.3659860000000001,LTU,ESP,842720
4118823,132,71,8918,2015,0.0,88170.0,0.602209,1.125357,LVA,ESP,842720
4118824,134,71,8918,2015,75518.0,1492040.0,-0.7554810000000001,-0.059697,MAR,ESP,842720
4118825,138,71,8918,2015,0.0,327315.0,1.169724,0.61457,MEX,ESP,842720
4118826,140,71,8918,2015,0.0,7535.0,-0.09009600000000001,-0.147359,MKD,ESP,842720
4118827,142,71,8918,2015,0.0,103428.0,0.880893,-0.117585,MLT,ESP,842720
4118828,147,71,8918,2015,0.0,155341.0,-1.293809,-1.115069,MOZ,ESP,842720
4118829,148,71,8918,2015,0.0,227842.0,-1.5597450000000002,-1.3209229999999998,MRT,ESP,842720
4118830,153,71,8918,2015,0.0,2556.0,1.082803,0.811615,MYS,ESP,842720
4118831,157,71,8918,2015,0.0,4376.0,-1.517292,-1.033891,NER,ESP,842720
4118832,159,71,8918,2015,0.0,57406.0,-1.415451,-1.157829,NGA,ESP,842720
4118833,160,71,8918,2015,0.0,1710.0,-1.102989,-0.952276,NIC,ESP,842720
4118834,162,71,8918,2015,8057012.0,499356.0,1.230104,1.27344,NLD,ESP,842720
4118835,163,71,8918,2015,3134.0,3084211.0,0.950708,0.314339,NOR,ESP,842720
4118836,166,71,8918,2015,0.0,192336.0,0.224598,0.253179,NZL,ESP,842720
4118837,167,71,8918,2015,0.0,47000.0,-0.4699,-1.00451,OMN,ESP,842720
4118838,168,71,8918,2015,0.0,11618.0,-0.7059979999999999,0.73501,PAK,ESP,842720
4118839,169,71,8918,2015,30362.0,636464.0,0.642058,0.833392,PAN,ESP,842720
4118840,173,71,8918,2015,6580.0,488561.0,-0.6007819999999999,0.32152800000000004,PER,ESP,842720
4118841,177,71,8918,2015,198297.0,493651.0,1.145844,1.1449280000000002,POL,ESP,842720
4118842,179,71,8918,2015,859638.0,4301044.0,0.561922,2.2276380000000002,PRT,ESP,842720
4118843,180,71,8918,2015,0.0,33309.0,-0.471106,-0.9431139999999999,PRY,ESP,842720
4118844,183,71,8918,2015,0.0,86817.0,-0.077053,-0.9922719999999999,QAT,ESP,842720
4118845,185,71,8918,2015,37481.0,123104.0,0.946363,1.056775,ROU,ESP,842720
4118846,186,71,8918,2015,0.0,13721.0,0.23119,0.035965,RUS,ESP,842720
4118847,188,71,8918,2015,0.0,459911.0,0.5552520000000001,-0.7263229999999999,SAU,ESP,842720
4118848,191,71,8918,2015,0.0,96768.0,-0.708349,-0.296663,SEN,ESP,842720
4118849,196,71,8918,2015,0.0,9394.0,0.072324,-0.255235,SLE,ESP,842720
4118850,197,71,8918,2015,0.0,50145.0,0.05531900000000001,0.169073,SLV,ESP,842720
4118851,201,71,8918,2015,0.0,156885.0,0.457042,1.324908,SRB,ESP,842720
4118852,203,71,8918,2015,0.0,4784.0,1.051934,-0.304408,STP,ESP,842720
4118853,206,71,8918,2015,0.0,140816.0,1.287133,0.7900560000000001,SVK,ESP,842720
4118854,207,71,8918,2015,15112.0,16643.0,1.6089879999999999,0.833616,SVN,ESP,842720
4118855,208,71,8918,2015,4228229.0,0.0,1.8068349999999997,0.693389,SWE,ESP,842720
4118856,214,71,8918,2015,0.0,203586.0,-1.543675,-0.9703860000000001,TCD,ESP,842720
4118857,215,71,8918,2015,0.0,300204.0,-0.66925,-0.873554,TGO,ESP,842720
4118858,216,71,8918,2015,0.0,85173.0,0.965888,1.368572,THA,ESP,842720
4118859,223,71,8918,2015,0.0,338195.0,0.140202,0.967591,TUN,ESP,842720
4118860,224,71,8918,2015,0.0,135563.0,0.438669,2.519632,TUR,ESP,842720
4118861,228,71,8918,2015,0.0,128576.0,0.429879,0.701813,UKR,ESP,842720
4118862,230,71,8918,2015,0.0,174021.0,0.273876,-0.363695,URY,ESP,842720
4118863,231,71,8918,2015,39853.0,7832063.0,1.720478,-0.129322,USA,ESP,842720
4118864,236,71,8918,2015,0.0,4493.0,-0.9249129999999999,-1.1877280000000001,VEN,ESP,842720
4118865,239,71,8918,2015,0.0,64954.0,-0.17108900000000002,1.10995,VNM,ESP,842720
4118866,246,71,8918,2015,0.0,319492.0,0.24944699999999997,1.7573159999999999,ZAF,ESP,842720
4118867,249,71,8918,2015,316128.0,0.0,1.962832,1.214982,TWN,ESP,842720
4118868,250,71,8918,2015,142994.0,1385.0,0.377283,-0.092204,ANS,ESP,842720
4118869,14,72,8918,2015,8732.0,0.0,-0.292325,-0.043489,AUS,EST,842720
4118870,15,72,8918,2015,33736.0,13494.0,1.747098,-0.08026699999999999,AUT,EST,842720
4118871,18,72,8918,2015,736099.0,25546.0,1.329866,1.100641,BEL,EST,842720
4118872,28,72,8918,2015,5988.0,211118.0,0.672499,0.5584020000000001,BLR,EST,842720
4118873,43,72,8918,2015,610266.0,0.0,1.077143,1.735757,CHN,EST,842720
4118874,59,72,8918,2015,43158.0,0.0,1.743012,0.45424,CZE,EST,842720
4118875,61,72,8918,2015,2250020.0,0.0,2.203818,-2.307561,DEU,EST,842720
4118876,64,72,8918,2015,164264.0,0.0,1.157924,1.2045629999999998,DNK,EST,842720
4118877,68,72,8918,2015,0.0,953.0,-0.183053,1.765036,EGY,EST,842720
4118878,71,72,8918,2015,37003.0,0.0,0.8173590000000001,2.442556,ESP,EST,842720
4118879,74,72,8918,2015,37260.0,233790.0,1.597817,0.998059,FIN,EST,842720
4118880,77,72,8918,2015,2373200.0,117219.0,1.479792,0.6490239999999999,FRA,EST,842720
4118881,81,72,8918,2015,4249116.0,0.0,1.7422990000000003,0.75838,GBR,EST,842720
4118882,106,72,8918,2015,221296.0,0.0,1.304942,0.126431,IRL,EST,842720
4118883,111,72,8918,2015,381205.0,0.0,1.321127,0.747046,ITA,EST,842720
4118884,114,72,8918,2015,173919.0,0.0,2.516133,-0.484202,JPN,EST,842720
4118885,115,72,8918,2015,0.0,57853.0,-0.45091499999999995,-0.652026,KAZ,EST,842720
4118886,121,72,8918,2015,447121.0,0.0,1.900653,0.859406,KOR,EST,842720
4118887,130,72,8918,2015,188080.0,212125.0,0.749429,1.3659860000000001,LTU,EST,842720
4118888,132,72,8918,2015,712588.0,750748.0,0.602209,1.125357,LVA,EST,842720
4118889,162,72,8918,2015,701422.0,101254.0,1.230104,1.27344,NLD,EST,842720
4118890,163,72,8918,2015,14495.0,157971.0,0.950708,0.314339,NOR,EST,842720
4118891,177,72,8918,2015,72078.0,14863.0,1.145844,1.1449280000000002,POL,EST,842720
4118892,186,72,8918,2015,32201.0,1327356.0,0.23119,0.035965,RUS,EST,842720
4118893,208,72,8918,2015,411465.0,71947.0,1.8068349999999997,0.693389,SWE,EST,842720
4118894,228,72,8918,2015,0.0,224202.0,0.429879,0.701813,UKR,EST,842720
4118895,231,72,8918,2015,7144.0,0.0,1.720478,-0.129322,USA,EST,842720
4118896,250,72,8918,2015,385889.0,0.0,0.377283,-0.092204,ANS,EST,842720
4118897,2,77,8918,2015,0.0,609439.0,-1.6542,-1.2598989999999999,AGO,FRA,842720
4118898,4,77,8918,2015,0.0,28275.0,-0.601875,-0.27003,ALB,FRA,842720
4118899,5,77,8918,2015,0.0,10344.0,0.850153,0.383793,AND,FRA,842720
4118900,7,77,8918,2015,19277.0,8281692.0,0.21779600000000002,-0.0047420000000000006,ARE,FRA,842720
4118901,8,77,8918,2015,0.0,4656882.0,0.116896,0.30330999999999997,ARG,FRA,842720
4118902,14,77,8918,2015,0.0,23234528.0,-0.292325,-0.043489,AUS,FRA,842720
4118903,15,77,8918,2015,1040443.0,4820342.0,1.747098,-0.08026699999999999,AUT,FRA,842720
4118904,16,77,8918,2015,0.0,162898.0,-0.983347,-1.231542,AZE,FRA,842720
4118905,18,77,8918,2015,31569438.0,48848908.0,1.329866,1.100641,BEL,FRA,842720
4118906,19,77,8918,2015,0.0,474890.0,-0.5641470000000001,-0.8971020000000001,BEN,FRA,842720
4118907,21,77,8918,2015,0.0,60284.0,-1.085359,-1.034365,BFA,FRA,842720
4118908,22,77,8918,2015,0.0,104136.0,-1.088465,-0.8745360000000001,BGD,FRA,842720
4118909,23,77,8918,2015,0.0,9627270.0,0.45640699999999995,1.691455,BGR,FRA,842720
4118910,24,77,8918,2015,0.0,351436.0,0.36650900000000003,-0.28735,BHR,FRA,842720
4118911,26,77,8918,2015,0.0,62339.0,0.355903,0.723092,BIH,FRA,842720
4118912,27,77,8918,2015,0.0,30862.0,0.562426,-0.459475,BLM,FRA,842720
4118913,28,77,8918,2015,0.0,930835.0,0.672499,0.5584020000000001,BLR,FRA,842720
4118914,31,77,8918,2015,0.0,73715.0,-1.051562,-1.067714,BOL,FRA,842720
4118915,32,77,8918,2015,0.0,684918.0,0.23656799999999997,0.688607,BRA,FRA,842720
4118916,39,77,8918,2015,542153.0,743571.0,0.695867,1.171676,CAN,FRA,842720
4118917,41,77,8918,2015,219784.0,11585544.0,2.306075,0.720781,CHE,FRA,842720
4118918,42,77,8918,2015,0.0,3951307.0,-0.356167,-0.47629399999999994,CHL,FRA,842720
4118919,43,77,8918,2015,30127200.0,1078145.0,1.077143,1.735757,CHN,FRA,842720
4118920,44,77,8918,2015,399865.0,2678067.0,-0.856142,-0.905292,CIV,FRA,842720
4118921,45,77,8918,2015,1837.0,405941.0,-0.924366,-1.040721,CMR,FRA,842720
4118922,46,77,8918,2015,0.0,135664.0,-1.3921290000000002,-1.146549,COD,FRA,842720
4118923,47,77,8918,2015,0.0,380804.0,-1.294823,-1.18811,COG,FRA,842720
4118924,49,77,8918,2015,0.0,542673.0,0.156383,-0.183055,COL,FRA,842720
4118925,51,77,8918,2015,0.0,4363.0,-0.263621,-0.772158,CPV,FRA,842720
4118926,52,77,8918,2015,0.0,54294.0,0.24859699999999998,-0.033143,CRI,FRA,842720
4118927,58,77,8918,2015,0.0,57159.0,0.511225,-0.207261,CYP,FRA,842720
4118928,59,77,8918,2015,227748.0,17279378.0,1.743012,0.45424,CZE,FRA,842720
4118929,61,77,8918,2015,143073920.0,62143148.0,2.203818,-2.307561,DEU,FRA,842720
4118930,64,77,8918,2015,197520.0,14386761.0,1.157924,1.2045629999999998,DNK,FRA,842720
4118931,66,77,8918,2015,86390.0,5328592.0,-1.54346,-1.255633,DZA,FRA,842720
4118932,68,77,8918,2015,0.0,592592.0,-0.183053,1.765036,EGY,FRA,842720
4118933,71,77,8918,2015,2996478.0,22134160.0,0.8173590000000001,2.442556,ESP,FRA,842720
4118934,72,77,8918,2015,117219.0,2373200.0,0.9281149999999999,1.1780389999999998,EST,FRA,842720
4118935,73,77,8918,2015,0.0,388500.0,-1.004896,-0.721019,ETH,FRA,842720
4118936,74,77,8918,2015,686671.0,8409125.0,1.597817,0.998059,FIN,FRA,842720
4118937,80,77,8918,2015,0.0,357328.0,-1.384351,-1.209873,GAB,FRA,842720
4118938,81,77,8918,2015,117914096.0,155033152.0,1.7422990000000003,0.75838,GBR,FRA,842720
4118939,82,77,8918,2015,0.0,195892.0,-0.343663,-0.588017,GEO,FRA,842720
4118940,83,77,8918,2015,0.0,221376.0,-0.750568,-0.690257,GHA,FRA,842720
4118941,85,77,8918,2015,0.0,346566.0,-1.288329,-1.167532,GIN,FRA,842720
4118942,90,77,8918,2015,0.0,2803799.0,0.099027,1.012289,GRC,FRA,842720
4118943,93,77,8918,2015,0.0,82857.0,-0.284403,0.525564,GTM,FRA,842720
4118944,97,77,8918,2015,96729.0,190320.0,0.8255290000000001,1.8017279999999998,HKG,FRA,842720
4118945,99,77,8918,2015,0.0,13758.0,-0.578635,-0.292053,HND,FRA,842720
4118946,100,77,8918,2015,54146.0,296957.0,0.7590140000000001,1.257415,HRV,FRA,842720
4118947,102,77,8918,2015,12969.0,8833408.0,1.462839,0.803258,HUN,FRA,842720
4118948,103,77,8918,2015,0.0,179978.0,-0.145103,1.277362,IDN,FRA,842720
4118949,104,77,8918,2015,0.0,97529.0,0.24230900000000002,2.8190880000000003,IND,FRA,842720
4118950,106,77,8918,2015,8349794.0,2071738.0,1.304942,0.126431,IRL,FRA,842720
4118951,107,77,8918,2015,103691.0,109664.0,-0.258946,-0.0073420000000000004,IRN,FRA,842720
4118952,108,77,8918,2015,0.0,168908.0,-1.465803,-0.912113,IRQ,FRA,842720
4118953,109,77,8918,2015,0.0,699776.0,0.24527600000000002,-0.411616,ISL,FRA,842720
4118954,110,77,8918,2015,0.0,11626959.0,1.260071,0.545545,ISR,FRA,842720
4118955,111,77,8918,2015,57639020.0,17429252.0,1.321127,0.747046,ITA,FRA,842720
4118956,113,77,8918,2015,0.0,175602.0,0.121172,0.457301,JOR,FRA,842720
4118957,114,77,8918,2015,816318.0,53110.0,2.516133,-0.484202,JPN,FRA,842720
4118958,115,77,8918,2015,0.0,811135.0,-0.45091499999999995,-0.652026,KAZ,FRA,842720
4118959,116,77,8918,2015,0.0,133141.0,-0.453564,0.433325,KEN,FRA,842720
4118960,121,77,8918,2015,722277.0,119002.0,1.900653,0.859406,KOR,FRA,842720
4118961,122,77,8918,2015,0.0,495063.0,-0.352023,-1.153057,KWT,FRA,842720
4118962,124,77,8918,2015,0.0,67682.0,0.317355,1.330374,LBN,FRA,842720
4118963,125,77,8918,2015,0.0,236788.0,-1.087459,-1.195708,LBR,FRA,842720
4118964,126,77,8918,2015,0.0,81842.0,-1.3257219999999998,-1.260453,LBY,FRA,842720
4118965,128,77,8918,2015,0.0,4238.0,-0.6773399999999999,0.386343,LKA,FRA,842720
4118966,130,77,8918,2015,80147.0,4970840.0,0.749429,1.3659860000000001,LTU,FRA,842720
4118967,131,77,8918,2015,21097.0,3700398.0,1.218924,1.247152,LUX,FRA,842720
4118968,132,77,8918,2015,151119.0,5059372.0,0.602209,1.125357,LVA,FRA,842720
4118969,134,77,8918,2015,13200.0,666994.0,-0.7554810000000001,-0.059697,MAR,FRA,842720
4118970,135,77,8918,2015,0.0,180330.0,-0.313837,-0.20393,MDA,FRA,842720
4118971,136,77,8918,2015,0.0,11993.0,-1.15947,-0.497217,MDG,FRA,842720
4118972,138,77,8918,2015,0.0,1494347.0,1.169724,0.61457,MEX,FRA,842720
4118973,140,77,8918,2015,0.0,15680.0,-0.09009600000000001,-0.147359,MKD,FRA,842720
4118974,141,77,8918,2015,0.0,482027.0,-0.744236,-0.9441860000000001,MLI,FRA,842720
4118975,142,77,8918,2015,0.0,114767.0,0.880893,-0.117585,MLT,FRA,842720
4118976,144,77,8918,2015,0.0,6669.0,-0.048385000000000004,-0.150759,MNE,FRA,842720
4118977,148,77,8918,2015,0.0,135002.0,-1.5597450000000002,-1.3209229999999998,MRT,FRA,842720
4118978,151,77,8918,2015,66961.0,137642.0,-0.231762,-0.195051,MUS,FRA,842720
4118979,153,77,8918,2015,0.0,450559.0,1.082803,0.811615,MYS,FRA,842720
4118980,156,77,8918,2015,0.0,416911.0,-0.727911,-0.844562,NCL,FRA,842720
4118981,157,77,8918,2015,0.0,48203.0,-1.517292,-1.033891,NER,FRA,842720
4118982,159,77,8918,2015,0.0,162606.0,-1.415451,-1.157829,NGA,FRA,842720
4118983,162,77,8918,2015,12452140.0,26423108.0,1.230104,1.27344,NLD,FRA,842720
4118984,163,77,8918,2015,121584.0,10889983.0,0.950708,0.314339,NOR,FRA,842720
4118985,166,77,8918,2015,0.0,258354.0,0.224598,0.253179,NZL,FRA,842720
4118986,167,77,8918,2015,0.0,1338339.0,-0.4699,-1.00451,OMN,FRA,842720
4118987,168,77,8918,2015,0.0,18419.0,-0.7059979999999999,0.73501,PAK,FRA,842720
4118988,169,77,8918,2015,6761.0,173753.0,0.642058,0.833392,PAN,FRA,842720
4118989,173,77,8918,2015,0.0,892886.0,-0.6007819999999999,0.32152800000000004,PER,FRA,842720
4118990,174,77,8918,2015,0.0,192246.0,0.6406270000000001,0.45770200000000005,PHL,FRA,842720
4118991,177,77,8918,2015,1315818.0,38069584.0,1.145844,1.1449280000000002,POL,FRA,842720
4118992,178,77,8918,2015,378198.0,0.0,-0.404818,-0.075235,PRK,FRA,842720
4118993,179,77,8918,2015,83329.0,6801391.0,0.561922,2.2276380000000002,PRT,FRA,842720
4118994,180,77,8918,2015,0.0,2888.0,-0.471106,-0.9431139999999999,PRY,FRA,842720
4118995,182,77,8918,2015,0.0,516317.0,-0.301696,-0.795154,PYF,FRA,842720
4118996,183,77,8918,2015,0.0,2579862.0,-0.077053,-0.9922719999999999,QAT,FRA,842720
4118997,185,77,8918,2015,0.0,4377796.0,0.946363,1.056775,ROU,FRA,842720
4118998,186,77,8918,2015,0.0,19350352.0,0.23119,0.035965,RUS,FRA,842720
4118999,187,77,8918,2015,0.0,16434.0,-0.755738,-0.4423,RWA,FRA,842720
4119000,188,77,8918,2015,0.0,4229896.0,0.5552520000000001,-0.7263229999999999,SAU,FRA,842720
4119001,190,77,8918,2015,0.0,41444.0,-1.420356,-1.218424,SDN,FRA,842720
4119002,191,77,8918,2015,0.0,924787.0,-0.708349,-0.296663,SEN,FRA,842720
4119003,192,77,8918,2015,0.0,2304631.0,2.05613,0.593065,SGP,FRA,842720
4119004,200,77,8918,2015,0.0,43418.0,1.108603,-0.356745,SPM,FRA,842720
4119005,201,77,8918,2015,0.0,1455865.0,0.457042,1.324908,SRB,FRA,842720
4119006,206,77,8918,2015,0.0,5952508.0,1.287133,0.7900560000000001,SVK,FRA,842720
4119007,207,77,8918,2015,0.0,770023.0,1.6089879999999999,0.833616,SVN,FRA,842720
4119008,208,77,8918,2015,12753808.0,1686651.0,1.8068349999999997,0.693389,SWE,FRA,842720
4119009,214,77,8918,2015,0.0,49311.0,-1.543675,-0.9703860000000001,TCD,FRA,842720
4119010,215,77,8918,2015,0.0,99252.0,-0.66925,-0.873554,TGO,FRA,842720
4119011,216,77,8918,2015,0.0,99482.0,0.965888,1.368572,THA,FRA,842720
4119012,223,77,8918,2015,17047.0,825802.0,0.140202,0.967591,TUN,FRA,842720
4119013,224,77,8918,2015,218384.0,18091810.0,0.438669,2.519632,TUR,FRA,842720
4119014,226,77,8918,2015,0.0,90370.0,-1.02395,-0.017509999999999998,TZA,FRA,842720
4119015,228,77,8918,2015,0.0,3751891.0,0.429879,0.701813,UKR,FRA,842720
4119016,230,77,8918,2015,0.0,273016.0,0.273876,-0.363695,URY,FRA,842720
4119017,231,77,8918,2015,3116649.0,22583246.0,1.720478,-0.129322,USA,FRA,842720
4119018,239,77,8918,2015,0.0,264057.0,-0.17108900000000002,1.10995,VNM,FRA,842720
4119019,246,77,8918,2015,0.0,2288058.0,0.24944699999999997,1.7573159999999999,ZAF,FRA,842720
4119020,248,77,8918,2015,0.0,4100.0,-0.838017,-0.9400270000000001,ZWE,FRA,842720
4119021,249,77,8918,2015,33361.0,14741.0,1.962832,1.214982,TWN,FRA,842720
4119022,250,77,8918,2015,272709.0,0.0,0.377283,-0.092204,ANS,FRA,842720
4119023,0,81,8918,2015,0.0,46084.0,0.8526809999999999,-0.043541,ABW,GBR,842720
4119024,2,81,8918,2015,0.0,976840.0,-1.6542,-1.2598989999999999,AGO,GBR,842720
4119025,3,81,8918,2015,0.0,50954.0,0.903682,-0.046925,AIA,GBR,842720
4119026,7,81,8918,2015,301658.0,29164520.0,0.21779600000000002,-0.0047420000000000006,ARE,GBR,842720
4119027,8,81,8918,2015,0.0,66349.0,0.116896,0.30330999999999997,ARG,GBR,842720
4119028,9,81,8918,2015,0.0,43199.0,0.037579,-0.42448800000000003,ARM,GBR,842720
4119029,13,81,8918,2015,0.0,92638.0,0.43318,-0.552045,ATG,GBR,842720
4119030,14,81,8918,2015,93726.0,26585948.0,-0.292325,-0.043489,AUS,GBR,842720
4119031,15,81,8918,2015,5565372.0,7930567.0,1.747098,-0.08026699999999999,AUT,GBR,842720
4119032,16,81,8918,2015,0.0,376219.0,-0.983347,-1.231542,AZE,GBR,842720
4119033,18,81,8918,2015,14260338.0,26171732.0,1.329866,1.100641,BEL,GBR,842720
4119034,20,81,8918,2015,0.0,126942.0,1.036306,-0.715777,BES,GBR,842720
4119035,21,81,8918,2015,0.0,72432.0,-1.085359,-1.034365,BFA,GBR,842720
4119036,23,81,8918,2015,0.0,5838348.0,0.45640699999999995,1.691455,BGR,GBR,842720
4119037,24,81,8918,2015,0.0,5532944.0,0.36650900000000003,-0.28735,BHR,GBR,842720
4119038,26,81,8918,2015,0.0,56932.0,0.355903,0.723092,BIH,GBR,842720
4119039,28,81,8918,2015,0.0,123736.0,0.672499,0.5584020000000001,BLR,GBR,842720
4119040,29,81,8918,2015,0.0,1157.0,-0.24283600000000002,-0.577408,BLZ,GBR,842720
4119041,31,81,8918,2015,0.0,48637.0,-1.051562,-1.067714,BOL,GBR,842720
4119042,32,81,8918,2015,393187.0,3233290.0,0.23656799999999997,0.688607,BRA,GBR,842720
4119043,33,81,8918,2015,0.0,73483.0,0.453689,0.039237,BRB,GBR,842720
4119044,37,81,8918,2015,0.0,4281.0,-0.14164200000000002,-1.0372059999999999,BWA,GBR,842720
4119045,38,81,8918,2015,0.0,506992.0,-0.35029,-0.6630199999999999,CAF,GBR,842720
4119046,39,81,8918,2015,15884613.0,2828184.0,0.695867,1.171676,CAN,GBR,842720
4119047,41,81,8918,2015,23584.0,3261544.0,2.306075,0.720781,CHE,GBR,842720
4119048,42,81,8918,2015,0.0,6788236.0,-0.356167,-0.47629399999999994,CHL,GBR,842720
4119049,43,81,8918,2015,10292985.0,1257749.0,1.077143,1.735757,CHN,GBR,842720
4119050,44,81,8918,2015,0.0,197598.0,-0.856142,-0.905292,CIV,GBR,842720
4119051,45,81,8918,2015,0.0,418952.0,-0.924366,-1.040721,CMR,GBR,842720
4119052,46,81,8918,2015,0.0,79490.0,-1.3921290000000002,-1.146549,COD,GBR,842720
4119053,47,81,8918,2015,0.0,180075.0,-1.294823,-1.18811,COG,GBR,842720
4119054,49,81,8918,2015,0.0,659268.0,0.156383,-0.183055,COL,GBR,842720
4119055,52,81,8918,2015,0.0,217935.0,0.24859699999999998,-0.033143,CRI,GBR,842720
4119056,57,81,8918,2015,0.0,15533.0,0.275472,-0.831835,CYM,GBR,842720
4119057,58,81,8918,2015,39498.0,949276.0,0.511225,-0.207261,CYP,GBR,842720
4119058,59,81,8918,2015,323571.0,12704337.0,1.743012,0.45424,CZE,GBR,842720
4119059,61,81,8918,2015,124809280.0,65253692.0,2.203818,-2.307561,DEU,GBR,842720
4119060,63,81,8918,2015,0.0,15323.0,0.0735,-0.44923599999999997,DMA,GBR,842720
4119061,64,81,8918,2015,210270.0,3161237.0,1.157924,1.2045629999999998,DNK,GBR,842720
4119062,65,81,8918,2015,0.0,27210.0,-0.212808,0.395873,DOM,GBR,842720
4119063,66,81,8918,2015,0.0,5215120.0,-1.54346,-1.255633,DZA,GBR,842720
4119064,67,81,8918,2015,0.0,196304.0,-0.9845959999999999,-1.075639,ECU,GBR,842720
4119065,68,81,8918,2015,0.0,1661864.0,-0.183053,1.765036,EGY,GBR,842720
4119066,71,81,8918,2015,1381785.0,13919672.0,0.8173590000000001,2.442556,ESP,GBR,842720
4119067,72,81,8918,2015,0.0,4249116.0,0.9281149999999999,1.1780389999999998,EST,GBR,842720
4119068,73,81,8918,2015,0.0,223931.0,-1.004896,-0.721019,ETH,GBR,842720
4119069,74,81,8918,2015,168419.0,2965512.0,1.597817,0.998059,FIN,GBR,842720
4119070,76,81,8918,2015,0.0,61790.0,0.268838,-0.829983,FLK,GBR,842720
4119071,77,81,8918,2015,155033152.0,117914096.0,1.479792,0.6490239999999999,FRA,GBR,842720
4119072,80,81,8918,2015,0.0,97465.0,-1.384351,-1.209873,GAB,GBR,842720
4119073,82,81,8918,2015,0.0,46736.0,-0.343663,-0.588017,GEO,GBR,842720
4119074,83,81,8918,2015,0.0,1076092.0,-0.750568,-0.690257,GHA,GBR,842720
4119075,85,81,8918,2015,0.0,3397.0,-1.288329,-1.167532,GIN,GBR,842720
4119076,90,81,8918,2015,0.0,255295.0,0.099027,1.012289,GRC,GBR,842720
4119077,96,81,8918,2015,0.0,19516.0,-1.018758,-1.056085,GUY,GBR,842720
4119078,97,81,8918,2015,0.0,122493.0,0.8255290000000001,1.8017279999999998,HKG,GBR,842720
4119079,99,81,8918,2015,0.0,5704.0,-0.578635,-0.292053,HND,GBR,842720
4119080,100,81,8918,2015,0.0,2145873.0,0.7590140000000001,1.257415,HRV,GBR,842720
4119081,102,81,8918,2015,0.0,8222837.0,1.462839,0.803258,HUN,GBR,842720
4119082,103,81,8918,2015,1074.0,284047.0,-0.145103,1.277362,IDN,GBR,842720
4119083,104,81,8918,2015,0.0,290194.0,0.24230900000000002,2.8190880000000003,IND,GBR,842720
4119084,106,81,8918,2015,47416060.0,30020350.0,1.304942,0.126431,IRL,GBR,842720
4119085,107,81,8918,2015,0.0,12001.0,-0.258946,-0.0073420000000000004,IRN,GBR,842720
4119086,108,81,8918,2015,0.0,1583512.0,-1.465803,-0.912113,IRQ,GBR,842720
4119087,109,81,8918,2015,0.0,104446.0,0.24527600000000002,-0.411616,ISL,GBR,842720
4119088,110,81,8918,2015,0.0,8059505.0,1.260071,0.545545,ISR,GBR,842720
4119089,111,81,8918,2015,23984858.0,15829140.0,1.321127,0.747046,ITA,GBR,842720
4119090,112,81,8918,2015,0.0,1011.0,-0.438267,-0.828097,JAM,GBR,842720
4119091,113,81,8918,2015,0.0,67869.0,0.121172,0.457301,JOR,GBR,842720
4119092,114,81,8918,2015,2232082.0,2896243.0,2.516133,-0.484202,JPN,GBR,842720
4119093,115,81,8918,2015,1158.0,237271.0,-0.45091499999999995,-0.652026,KAZ,GBR,842720
4119094,116,81,8918,2015,0.0,2464372.0,-0.453564,0.433325,KEN,GBR,842720
4119095,117,81,8918,2015,0.0,57440.0,0.02058,0.438692,KGZ,GBR,842720
4119096,121,81,8918,2015,11709564.0,1642951.0,1.900653,0.859406,KOR,GBR,842720
4119097,122,81,8918,2015,0.0,1095772.0,-0.352023,-1.153057,KWT,GBR,842720
4119098,124,81,8918,2015,0.0,124875.0,0.317355,1.330374,LBN,GBR,842720
4119099,126,81,8918,2015,0.0,4968.0,-1.3257219999999998,-1.260453,LBY,GBR,842720
4119100,127,81,8918,2015,0.0,16366.0,0.5410590000000001,-0.484234,LCA,GBR,842720
4119101,128,81,8918,2015,0.0,129914.0,-0.6773399999999999,0.386343,LKA,GBR,842720
4119102,130,81,8918,2015,0.0,8416454.0,0.749429,1.3659860000000001,LTU,GBR,842720
4119103,131,81,8918,2015,0.0,224783.0,1.218924,1.247152,LUX,GBR,842720
4119104,132,81,8918,2015,0.0,164795.0,0.602209,1.125357,LVA,GBR,842720
4119105,134,81,8918,2015,0.0,312368.0,-0.7554810000000001,-0.059697,MAR,GBR,842720
4119106,135,81,8918,2015,0.0,35347.0,-0.313837,-0.20393,MDA,GBR,842720
4119107,136,81,8918,2015,0.0,29351.0,-1.15947,-0.497217,MDG,GBR,842720
4119108,138,81,8918,2015,0.0,2871302.0,1.169724,0.61457,MEX,GBR,842720
4119109,140,81,8918,2015,0.0,19256.0,-0.09009600000000001,-0.147359,MKD,GBR,842720
4119110,142,81,8918,2015,3437.0,371754.0,0.880893,-0.117585,MLT,GBR,842720
4119111,144,81,8918,2015,0.0,10757.0,-0.048385000000000004,-0.150759,MNE,GBR,842720
4119112,147,81,8918,2015,0.0,375401.0,-1.293809,-1.115069,MOZ,GBR,842720
4119113,151,81,8918,2015,0.0,100254.0,-0.231762,-0.195051,MUS,GBR,842720
4119114,152,81,8918,2015,0.0,3241.0,-0.549862,-0.8753190000000001,MWI,GBR,842720
4119115,153,81,8918,2015,0.0,681136.0,1.082803,0.811615,MYS,GBR,842720
4119116,156,81,8918,2015,0.0,97283.0,-0.727911,-0.844562,NCL,GBR,842720
4119117,157,81,8918,2015,0.0,22263.0,-1.517292,-1.033891,NER,GBR,842720
4119118,159,81,8918,2015,0.0,378999.0,-1.415451,-1.157829,NGA,GBR,842720
4119119,162,81,8918,2015,29781848.0,21154020.0,1.230104,1.27344,NLD,GBR,842720
4119120,163,81,8918,2015,34332.0,1837083.0,0.950708,0.314339,NOR,GBR,842720
4119121,164,81,8918,2015,0.0,88149.0,-0.290416,0.456716,NPL,GBR,842720
4119122,166,81,8918,2015,0.0,4279028.0,0.224598,0.253179,NZL,GBR,842720
4119123,167,81,8918,2015,0.0,13897551.0,-0.4699,-1.00451,OMN,GBR,842720
4119124,168,81,8918,2015,0.0,76493.0,-0.7059979999999999,0.73501,PAK,GBR,842720
4119125,169,81,8918,2015,0.0,948725.0,0.642058,0.833392,PAN,GBR,842720
4119126,173,81,8918,2015,0.0,232737.0,-0.6007819999999999,0.32152800000000004,PER,GBR,842720
4119127,174,81,8918,2015,0.0,334695.0,0.6406270000000001,0.45770200000000005,PHL,GBR,842720
4119128,176,81,8918,2015,0.0,612822.0,-1.710939,-1.266333,PNG,GBR,842720
4119129,177,81,8918,2015,803029.0,34618648.0,1.145844,1.1449280000000002,POL,GBR,842720
4119130,179,81,8918,2015,204618.0,1444469.0,0.561922,2.2276380000000002,PRT,GBR,842720
4119131,182,81,8918,2015,0.0,12331.0,-0.301696,-0.795154,PYF,GBR,842720
4119132,183,81,8918,2015,0.0,8527914.0,-0.077053,-0.9922719999999999,QAT,GBR,842720
4119133,185,81,8918,2015,0.0,4166932.0,0.946363,1.056775,ROU,GBR,842720
4119134,186,81,8918,2015,175719.0,16938264.0,0.23119,0.035965,RUS,GBR,842720
4119135,187,81,8918,2015,0.0,203798.0,-0.755738,-0.4423,RWA,GBR,842720
4119136,188,81,8918,2015,0.0,22372576.0,0.5552520000000001,-0.7263229999999999,SAU,GBR,842720
4119137,190,81,8918,2015,0.0,102571.0,-1.420356,-1.218424,SDN,GBR,842720
4119138,191,81,8918,2015,0.0,128787.0,-0.708349,-0.296663,SEN,GBR,842720
4119139,192,81,8918,2015,386591.0,3395787.0,2.05613,0.593065,SGP,GBR,842720
4119140,194,81,8918,2015,0.0,7644.0,1.256851,-0.270048,SHN,GBR,842720
4119141,196,81,8918,2015,8069.0,57663.0,0.072324,-0.255235,SLE,GBR,842720
4119142,197,81,8918,2015,0.0,26800.0,0.05531900000000001,0.169073,SLV,GBR,842720
4119143,201,81,8918,2015,0.0,27157.0,0.457042,1.324908,SRB,GBR,842720
4119144,206,81,8918,2015,0.0,2589591.0,1.287133,0.7900560000000001,SVK,GBR,842720
4119145,207,81,8918,2015,0.0,83949.0,1.6089879999999999,0.833616,SVN,GBR,842720
4119146,208,81,8918,2015,11300754.0,1596546.0,1.8068349999999997,0.693389,SWE,GBR,842720
4119147,211,81,8918,2015,0.0,51763.0,1.017467,-0.285569,SYC,GBR,842720
4119148,212,81,8918,2015,0.0,57653.0,-0.603532,0.313216,SYR,GBR,842720
4119149,215,81,8918,2015,0.0,6023.0,-0.66925,-0.873554,TGO,GBR,842720
4119150,216,81,8918,2015,0.0,1148201.0,0.965888,1.368572,THA,GBR,842720
4119151,222,81,8918,2015,0.0,197747.0,-0.462837,-1.117621,TTO,GBR,842720
4119152,223,81,8918,2015,0.0,2618184.0,0.140202,0.967591,TUN,GBR,842720
4119153,224,81,8918,2015,56605.0,12152059.0,0.438669,2.519632,TUR,GBR,842720
4119154,226,81,8918,2015,0.0,726672.0,-1.02395,-0.017509999999999998,TZA,GBR,842720
4119155,227,81,8918,2015,0.0,46407.0,-0.611023,0.078961,UGA,GBR,842720
4119156,228,81,8918,2015,0.0,380310.0,0.429879,0.701813,UKR,GBR,842720
4119157,230,81,8918,2015,0.0,267245.0,0.273876,-0.363695,URY,GBR,842720
4119158,231,81,8918,2015,41603240.0,236643856.0,1.720478,-0.129322,USA,GBR,842720
4119159,237,81,8918,2015,0.0,92458.0,0.914493,-0.31357399999999996,VGB,GBR,842720
4119160,239,81,8918,2015,0.0,405542.0,-0.17108900000000002,1.10995,VNM,GBR,842720
4119161,246,81,8918,2015,190308.0,12680703.0,0.24944699999999997,1.7573159999999999,ZAF,GBR,842720
4119162,247,81,8918,2015,0.0,145862.0,-0.44792,-0.769586,ZMB,GBR,842720
4119163,248,81,8918,2015,0.0,39458.0,-0.838017,-0.9400270000000001,ZWE,GBR,842720
4119164,249,81,8918,2015,932769.0,112724.0,1.962832,1.214982,TWN,GBR,842720
4119165,208,91,8918,2015,474898.0,0.0,1.8068349999999997,0.693389,SWE,GRD,842720
4119166,231,91,8918,2015,38104.0,0.0,1.720478,-0.129322,USA,GRD,842720
4119167,18,93,8918,2015,73458.0,0.0,1.329866,1.100641,BEL,GTM,842720
4119168,39,93,8918,2015,52781.0,0.0,0.695867,1.171676,CAN,GTM,842720
4119169,43,93,8918,2015,969428.0,0.0,1.077143,1.735757,CHN,GTM,842720
4119170,49,93,8918,2015,166294.0,0.0,0.156383,-0.183055,COL,GTM,842720
4119171,52,93,8918,2015,8420.0,49131.0,0.24859699999999998,-0.033143,CRI,GTM,842720
4119172,61,93,8918,2015,36618.0,0.0,2.203818,-2.307561,DEU,GTM,842720
4119173,77,93,8918,2015,82857.0,0.0,1.479792,0.6490239999999999,FRA,GTM,842720
4119174,97,93,8918,2015,1250.0,0.0,0.8255290000000001,1.8017279999999998,HKG,GTM,842720
4119175,99,93,8918,2015,76862.0,11729.0,-0.578635,-0.292053,HND,GTM,842720
4119176,111,93,8918,2015,119305.0,0.0,1.321127,0.747046,ITA,GTM,842720
4119177,114,93,8918,2015,2554829.0,55647.0,2.516133,-0.484202,JPN,GTM,842720
4119178,121,93,8918,2015,281495.0,0.0,1.900653,0.859406,KOR,GTM,842720
4119179,138,93,8918,2015,30653.0,0.0,1.169724,0.61457,MEX,GTM,842720
4119180,160,93,8918,2015,31307.0,111272.0,-1.102989,-0.952276,NIC,GTM,842720
4119181,162,93,8918,2015,217460.0,0.0,1.230104,1.27344,NLD,GTM,842720
4119182,169,93,8918,2015,5758.0,0.0,0.642058,0.833392,PAN,GTM,842720
4119183,197,93,8918,2015,74657.0,80427.0,0.05531900000000001,0.169073,SLV,GTM,842720
4119184,208,93,8918,2015,967089.0,0.0,1.8068349999999997,0.693389,SWE,GTM,842720
4119185,231,93,8918,2015,3188011.0,0.0,1.720478,-0.129322,USA,GTM,842720
4119186,2,97,8918,2015,0.0,40172.0,-1.6542,-1.2598989999999999,AGO,HKG,842720
4119187,7,97,8918,2015,5195.0,0.0,0.21779600000000002,-0.0047420000000000006,ARE,HKG,842720
4119188,8,97,8918,2015,0.0,29313.0,0.116896,0.30330999999999997,ARG,HKG,842720
4119189,14,97,8918,2015,0.0,16837.0,-0.292325,-0.043489,AUS,HKG,842720
4119190,15,97,8918,2015,0.0,2489.0,1.747098,-0.08026699999999999,AUT,HKG,842720
4119191,18,97,8918,2015,0.0,354178.0,1.329866,1.100641,BEL,HKG,842720
4119192,22,97,8918,2015,0.0,20316.0,-1.088465,-0.8745360000000001,BGD,HKG,842720
4119193,32,97,8918,2015,0.0,68456.0,0.23656799999999997,0.688607,BRA,HKG,842720
4119194,34,97,8918,2015,0.0,2441.0,1.093564,-0.679211,BRN,HKG,842720
4119195,39,97,8918,2015,53728.0,74027.0,0.695867,1.171676,CAN,HKG,842720
4119196,43,97,8918,2015,9121168.0,274523.0,1.077143,1.735757,CHN,HKG,842720
4119197,46,97,8918,2015,0.0,57814.0,-1.3921290000000002,-1.146549,COD,HKG,842720
4119198,52,97,8918,2015,0.0,16875.0,0.24859699999999998,-0.033143,CRI,HKG,842720
4119199,61,97,8918,2015,132279.0,0.0,2.203818,-2.307561,DEU,HKG,842720
4119200,67,97,8918,2015,0.0,25456.0,-0.9845959999999999,-1.075639,ECU,HKG,842720
4119201,68,97,8918,2015,0.0,107252.0,-0.183053,1.765036,EGY,HKG,842720
4119202,71,97,8918,2015,0.0,113532.0,0.8173590000000001,2.442556,ESP,HKG,842720
4119203,73,97,8918,2015,0.0,35495.0,-1.004896,-0.721019,ETH,HKG,842720
4119204,77,97,8918,2015,190320.0,96729.0,1.479792,0.6490239999999999,FRA,HKG,842720
4119205,81,97,8918,2015,122493.0,0.0,1.7422990000000003,0.75838,GBR,HKG,842720
4119206,93,97,8918,2015,0.0,1250.0,-0.284403,0.525564,GTM,HKG,842720
4119207,102,97,8918,2015,0.0,14063.0,1.462839,0.803258,HUN,HKG,842720
4119208,104,97,8918,2015,0.0,4781.0,0.24230900000000002,2.8190880000000003,IND,HKG,842720
4119209,106,97,8918,2015,146959.0,0.0,1.304942,0.126431,IRL,HKG,842720
4119210,107,97,8918,2015,0.0,24050.0,-0.258946,-0.0073420000000000004,IRN,HKG,842720
4119211,111,97,8918,2015,482963.0,0.0,1.321127,0.747046,ITA,HKG,842720
4119212,114,97,8918,2015,8388010.0,21394.0,2.516133,-0.484202,JPN,HKG,842720
4119213,118,97,8918,2015,0.0,10444.0,-0.791985,-0.833046,KHM,HKG,842720
4119214,121,97,8918,2015,147335.0,40228.0,1.900653,0.859406,KOR,HKG,842720
4119215,123,97,8918,2015,0.0,2772.0,-0.927524,-0.74525,LAO,HKG,842720
4119216,133,97,8918,2015,43177.0,338005.0,0.296288,0.32009499999999996,MAC,HKG,842720
4119217,137,97,8918,2015,0.0,17412.0,-0.321571,-0.858751,MDV,HKG,842720
4119218,153,97,8918,2015,210942.0,105123.0,1.082803,0.811615,MYS,HKG,842720
4119219,155,97,8918,2015,0.0,7071.0,-0.43457399999999996,-0.665655,NAM,HKG,842720
4119220,162,97,8918,2015,1376.0,0.0,1.230104,1.27344,NLD,HKG,842720
4119221,168,97,8918,2015,0.0,18146.0,-0.7059979999999999,0.73501,PAK,HKG,842720
4119222,174,97,8918,2015,0.0,270484.0,0.6406270000000001,0.45770200000000005,PHL,HKG,842720
4119223,180,97,8918,2015,0.0,28779.0,-0.471106,-0.9431139999999999,PRY,HKG,842720
4119224,192,97,8918,2015,391360.0,152773.0,2.05613,0.593065,SGP,HKG,842720
4119225,216,97,8918,2015,0.0,6723.0,0.965888,1.368572,THA,HKG,842720
4119226,231,97,8918,2015,3589134.0,5105.0,1.720478,-0.129322,USA,HKG,842720
4119227,239,97,8918,2015,0.0,144463.0,-0.17108900000000002,1.10995,VNM,HKG,842720
4119228,246,97,8918,2015,0.0,77437.0,0.24944699999999997,1.7573159999999999,ZAF,HKG,842720
4119229,248,97,8918,2015,0.0,15124.0,-0.838017,-0.9400270000000001,ZWE,HKG,842720
4119230,18,99,8918,2015,76800.0,0.0,1.329866,1.100641,BEL,HND,842720
4119231,39,99,8918,2015,11177.0,0.0,0.695867,1.171676,CAN,HND,842720
4119232,42,99,8918,2015,0.0,2622.0,-0.356167,-0.47629399999999994,CHL,HND,842720
4119233,43,99,8918,2015,1356557.0,0.0,1.077143,1.735757,CHN,HND,842720
4119234,52,99,8918,2015,2667.0,0.0,0.24859699999999998,-0.033143,CRI,HND,842720
4119235,71,99,8918,2015,10357.0,0.0,0.8173590000000001,2.442556,ESP,HND,842720
4119236,77,99,8918,2015,13758.0,0.0,1.479792,0.6490239999999999,FRA,HND,842720
4119237,81,99,8918,2015,5704.0,0.0,1.7422990000000003,0.75838,GBR,HND,842720
4119238,93,99,8918,2015,11729.0,76862.0,-0.284403,0.525564,GTM,HND,842720
4119239,111,99,8918,2015,40807.0,0.0,1.321127,0.747046,ITA,HND,842720
4119240,114,99,8918,2015,229223.0,0.0,2.516133,-0.484202,JPN,HND,842720
4119241,121,99,8918,2015,212983.0,0.0,1.900653,0.859406,KOR,HND,842720
4119242,162,99,8918,2015,181521.0,0.0,1.230104,1.27344,NLD,HND,842720
4119243,197,99,8918,2015,1389.0,0.0,0.05531900000000001,0.169073,SLV,HND,842720
4119244,231,99,8918,2015,554601.0,4051.0,1.720478,-0.129322,USA,HND,842720
4119245,1,102,8918,2015,0.0,17614.0,-1.249655,-0.9094459999999999,AFG,HUN,842720
4119246,7,102,8918,2015,0.0,14810.0,0.21779600000000002,-0.0047420000000000006,ARE,HUN,842720
4119247,14,102,8918,2015,7873.0,0.0,-0.292325,-0.043489,AUS,HUN,842720
4119248,15,102,8918,2015,707420.0,78420.0,1.747098,-0.08026699999999999,AUT,HUN,842720
4119249,18,102,8918,2015,7850968.0,0.0,1.329866,1.100641,BEL,HUN,842720
4119250,23,102,8918,2015,174298.0,80841.0,0.45640699999999995,1.691455,BGR,HUN,842720
4119251,41,102,8918,2015,1474.0,0.0,2.306075,0.720781,CHE,HUN,842720
4119252,43,102,8918,2015,1895363.0,0.0,1.077143,1.735757,CHN,HUN,842720
4119253,59,102,8918,2015,280290.0,2250035.0,1.743012,0.45424,CZE,HUN,842720
4119254,61,102,8918,2015,15199945.0,207038.0,2.203818,-2.307561,DEU,HUN,842720
4119255,64,102,8918,2015,22857.0,0.0,1.157924,1.2045629999999998,DNK,HUN,842720
4119256,71,102,8918,2015,1506003.0,0.0,0.8173590000000001,2.442556,ESP,HUN,842720
4119257,77,102,8918,2015,8833408.0,12969.0,1.479792,0.6490239999999999,FRA,HUN,842720
4119258,81,102,8918,2015,8222837.0,0.0,1.7422990000000003,0.75838,GBR,HUN,842720
4119259,97,102,8918,2015,14063.0,0.0,0.8255290000000001,1.8017279999999998,HKG,HUN,842720
4119260,100,102,8918,2015,0.0,26872.0,0.7590140000000001,1.257415,HRV,HUN,842720
4119261,106,102,8918,2015,409990.0,16142.0,1.304942,0.126431,IRL,HUN,842720
4119262,111,102,8918,2015,3044116.0,45429.0,1.321127,0.747046,ITA,HUN,842720
4119263,114,102,8918,2015,289970.0,0.0,2.516133,-0.484202,JPN,HUN,842720
4119264,121,102,8918,2015,1228732.0,0.0,1.900653,0.859406,KOR,HUN,842720
4119265,130,102,8918,2015,10578.0,0.0,0.749429,1.3659860000000001,LTU,HUN,842720
4119266,132,102,8918,2015,0.0,12949.0,0.602209,1.125357,LVA,HUN,842720
4119267,135,102,8918,2015,0.0,3402.0,-0.313837,-0.20393,MDA,HUN,842720
4119268,140,102,8918,2015,0.0,1685.0,-0.09009600000000001,-0.147359,MKD,HUN,842720
4119269,162,102,8918,2015,1853077.0,288135.0,1.230104,1.27344,NLD,HUN,842720
4119270,177,102,8918,2015,1246051.0,0.0,1.145844,1.1449280000000002,POL,HUN,842720
4119271,179,102,8918,2015,37043.0,0.0,0.561922,2.2276380000000002,PRT,HUN,842720
4119272,185,102,8918,2015,119006.0,610525.0,0.946363,1.056775,ROU,HUN,842720
4119273,191,102,8918,2015,0.0,5244.0,-0.708349,-0.296663,SEN,HUN,842720
4119274,201,102,8918,2015,12971.0,42543.0,0.457042,1.324908,SRB,HUN,842720
4119275,206,102,8918,2015,5408640.0,295392.0,1.287133,0.7900560000000001,SVK,HUN,842720
4119276,207,102,8918,2015,204839.0,106162.0,1.6089879999999999,0.833616,SVN,HUN,842720
4119277,208,102,8918,2015,125681.0,0.0,1.8068349999999997,0.693389,SWE,HUN,842720
4119278,228,102,8918,2015,0.0,586052.0,0.429879,0.701813,UKR,HUN,842720
4119279,231,102,8918,2015,21082.0,0.0,1.720478,-0.129322,USA,HUN,842720
4119280,249,102,8918,2015,13427.0,0.0,1.962832,1.214982,TWN,HUN,842720
4119281,7,103,8918,2015,0.0,111184.0,0.21779600000000002,-0.0047420000000000006,ARE,IDN,842720
4119282,14,103,8918,2015,472376.0,28307.0,-0.292325,-0.043489,AUS,IDN,842720
4119283,18,103,8918,2015,12956.0,11714.0,1.329866,1.100641,BEL,IDN,842720
4119284,39,103,8918,2015,55367.0,0.0,0.695867,1.171676,CAN,IDN,842720
4119285,43,103,8918,2015,39180572.0,0.0,1.077143,1.735757,CHN,IDN,842720
4119286,61,103,8918,2015,638149.0,0.0,2.203818,-2.307561,DEU,IDN,842720
4119287,74,103,8918,2015,29779.0,0.0,1.597817,0.998059,FIN,IDN,842720
4119288,77,103,8918,2015,179978.0,0.0,1.479792,0.6490239999999999,FRA,IDN,842720
4119289,81,103,8918,2015,284047.0,1074.0,1.7422990000000003,0.75838,GBR,IDN,842720
4119290,104,103,8918,2015,38580.0,0.0,0.24230900000000002,2.8190880000000003,IND,IDN,842720
4119291,106,103,8918,2015,151216.0,0.0,1.304942,0.126431,IRL,IDN,842720
4119292,111,103,8918,2015,294855.0,0.0,1.321127,0.747046,ITA,IDN,842720
4119293,114,103,8918,2015,33861664.0,0.0,2.516133,-0.484202,JPN,IDN,842720
4119294,121,103,8918,2015,1734426.0,0.0,1.900653,0.859406,KOR,IDN,842720
4119295,135,103,8918,2015,0.0,848.0,-0.313837,-0.20393,MDA,IDN,842720
4119296,153,103,8918,2015,146654.0,4023.0,1.082803,0.811615,MYS,IDN,842720
4119297,162,103,8918,2015,161955.0,0.0,1.230104,1.27344,NLD,IDN,842720
4119298,188,103,8918,2015,0.0,277295.0,0.5552520000000001,-0.7263229999999999,SAU,IDN,842720
4119299,192,103,8918,2015,1645767.0,141218.0,2.05613,0.593065,SGP,IDN,842720
4119300,208,103,8918,2015,570777.0,0.0,1.8068349999999997,0.693389,SWE,IDN,842720
4119301,211,103,8918,2015,10436.0,0.0,1.017467,-0.285569,SYC,IDN,842720
4119302,216,103,8918,2015,16924.0,14837.0,0.965888,1.368572,THA,IDN,842720
4119303,220,103,8918,2015,0.0,108139.0,-0.878657,-0.9064450000000001,TLS,IDN,842720
4119304,224,103,8918,2015,157768.0,0.0,0.438669,2.519632,TUR,IDN,842720
4119305,231,103,8918,2015,2984681.0,0.0,1.720478,-0.129322,USA,IDN,842720
4119306,239,103,8918,2015,0.0,31473.0,-0.17108900000000002,1.10995,VNM,IDN,842720
4119307,249,103,8918,2015,118692.0,0.0,1.962832,1.214982,TWN,IDN,842720
4119308,2,104,8918,2015,0.0,23234.0,-1.6542,-1.2598989999999999,AGO,IND,842720
4119309,7,104,8918,2015,22927.0,205888.0,0.21779600000000002,-0.0047420000000000006,ARE,IND,842720
4119310,14,104,8918,2015,9421.0,244913.0,-0.292325,-0.043489,AUS,IND,842720
4119311,15,104,8918,2015,4766.0,0.0,1.747098,-0.08026699999999999,AUT,IND,842720
4119312,22,104,8918,2015,0.0,15438.0,-1.088465,-0.8745360000000001,BGD,IND,842720
4119313,37,104,8918,2015,0.0,6104.0,-0.14164200000000002,-1.0372059999999999,BWA,IND,842720
4119314,43,104,8918,2015,10115945.0,0.0,1.077143,1.735757,CHN,IND,842720
4119315,44,104,8918,2015,0.0,21481.0,-0.856142,-0.905292,CIV,IND,842720
4119316,46,104,8918,2015,0.0,66493.0,-1.3921290000000002,-1.146549,COD,IND,842720
4119317,55,104,8918,2015,74224.0,0.0,0.296267,-0.6313350000000001,CUW,IND,842720
4119318,61,104,8918,2015,1040453.0,0.0,2.203818,-2.307561,DEU,IND,842720
4119319,62,104,8918,2015,0.0,15959.0,-0.538942,-0.832522,DJI,IND,842720
4119320,64,104,8918,2015,68312.0,0.0,1.157924,1.2045629999999998,DNK,IND,842720
4119321,68,104,8918,2015,0.0,703756.0,-0.183053,1.765036,EGY,IND,842720
4119322,71,104,8918,2015,8041.0,0.0,0.8173590000000001,2.442556,ESP,IND,842720
4119323,73,104,8918,2015,0.0,37720.0,-1.004896,-0.721019,ETH,IND,842720
4119324,74,104,8918,2015,15631.0,0.0,1.597817,0.998059,FIN,IND,842720
4119325,77,104,8918,2015,97529.0,0.0,1.479792,0.6490239999999999,FRA,IND,842720
4119326,81,104,8918,2015,290194.0,0.0,1.7422990000000003,0.75838,GBR,IND,842720
4119327,83,104,8918,2015,0.0,57598.0,-0.750568,-0.690257,GHA,IND,842720
4119328,97,104,8918,2015,4781.0,0.0,0.8255290000000001,1.8017279999999998,HKG,IND,842720
4119329,103,104,8918,2015,0.0,38580.0,-0.145103,1.277362,IDN,IND,842720
4119330,106,104,8918,2015,188600.0,0.0,1.304942,0.126431,IRL,IND,842720
4119331,108,104,8918,2015,0.0,7701.0,-1.465803,-0.912113,IRQ,IND,842720
4119332,110,104,8918,2015,0.0,3129.0,1.260071,0.545545,ISR,IND,842720
4119333,111,104,8918,2015,1166518.0,3558.0,1.321127,0.747046,ITA,IND,842720
4119334,113,104,8918,2015,0.0,8366.0,0.121172,0.457301,JOR,IND,842720
4119335,114,104,8918,2015,743262.0,0.0,2.516133,-0.484202,JPN,IND,842720
4119336,116,104,8918,2015,0.0,83706.0,-0.453564,0.433325,KEN,IND,842720
4119337,121,104,8918,2015,822743.0,0.0,1.900653,0.859406,KOR,IND,842720
4119338,125,104,8918,2015,0.0,20174.0,-1.087459,-1.195708,LBR,IND,842720
4119339,128,104,8918,2015,0.0,15167.0,-0.6773399999999999,0.386343,LKA,IND,842720
4119340,141,104,8918,2015,0.0,17633.0,-0.744236,-0.9441860000000001,MLI,IND,842720
4119341,143,104,8918,2015,0.0,80419.0,-1.4596120000000001,-0.903904,MMR,IND,842720
4119342,147,104,8918,2015,0.0,46550.0,-1.293809,-1.115069,MOZ,IND,842720
4119343,153,104,8918,2015,16625.0,286462.0,1.082803,0.811615,MYS,IND,842720
4119344,159,104,8918,2015,0.0,431992.0,-1.415451,-1.157829,NGA,IND,842720
4119345,162,104,8918,2015,501601.0,75067.0,1.230104,1.27344,NLD,IND,842720
4119346,163,104,8918,2015,48161.0,0.0,0.950708,0.314339,NOR,IND,842720
4119347,164,104,8918,2015,0.0,117037.0,-0.290416,0.456716,NPL,IND,842720
4119348,166,104,8918,2015,0.0,809848.0,0.224598,0.253179,NZL,IND,842720
4119349,167,104,8918,2015,0.0,9103.0,-0.4699,-1.00451,OMN,IND,842720
4119350,168,104,8918,2015,0.0,8509.0,-0.7059979999999999,0.73501,PAK,IND,842720
4119351,183,104,8918,2015,0.0,170508.0,-0.077053,-0.9922719999999999,QAT,IND,842720
4119352,192,104,8918,2015,84502.0,33917.0,2.05613,0.593065,SGP,IND,842720
4119353,208,104,8918,2015,3215108.0,0.0,1.8068349999999997,0.693389,SWE,IND,842720
4119354,216,104,8918,2015,9660.0,0.0,0.965888,1.368572,THA,IND,842720
4119355,226,104,8918,2015,0.0,167569.0,-1.02395,-0.017509999999999998,TZA,IND,842720
4119356,227,104,8918,2015,0.0,5544.0,-0.611023,0.078961,UGA,IND,842720
4119357,231,104,8918,2015,4064955.0,0.0,1.720478,-0.129322,USA,IND,842720
4119358,246,104,8918,2015,9433.0,199966.0,0.24944699999999997,1.7573159999999999,ZAF,IND,842720
4119359,247,104,8918,2015,0.0,9319.0,-0.44792,-0.769586,ZMB,IND,842720
4119360,15,110,8918,2015,125399.0,0.0,1.747098,-0.08026699999999999,AUT,ISR,842720
4119361,18,110,8918,2015,525236.0,0.0,1.329866,1.100641,BEL,ISR,842720
4119362,39,110,8918,2015,82089.0,0.0,0.695867,1.171676,CAN,ISR,842720
4119363,41,110,8918,2015,812957.0,0.0,2.306075,0.720781,CHE,ISR,842720
4119364,43,110,8918,2015,6169230.0,0.0,1.077143,1.735757,CHN,ISR,842720
4119365,61,110,8918,2015,7881788.0,0.0,2.203818,-2.307561,DEU,ISR,842720
4119366,62,110,8918,2015,0.0,14000.0,-0.538942,-0.832522,DJI,ISR,842720
4119367,64,110,8918,2015,344266.0,0.0,1.157924,1.2045629999999998,DNK,ISR,842720
4119368,71,110,8918,2015,7540060.0,0.0,0.8173590000000001,2.442556,ESP,ISR,842720
4119369,74,110,8918,2015,1341252.0,0.0,1.597817,0.998059,FIN,ISR,842720
4119370,77,110,8918,2015,11626959.0,0.0,1.479792,0.6490239999999999,FRA,ISR,842720
4119371,81,110,8918,2015,8059505.0,0.0,1.7422990000000003,0.75838,GBR,ISR,842720
4119372,104,110,8918,2015,3129.0,0.0,0.24230900000000002,2.8190880000000003,IND,ISR,842720
4119373,106,110,8918,2015,261734.0,0.0,1.304942,0.126431,IRL,ISR,842720
4119374,111,110,8918,2015,1667712.0,0.0,1.321127,0.747046,ITA,ISR,842720
4119375,113,110,8918,2015,6368.0,56485.0,0.121172,0.457301,JOR,ISR,842720
4119376,114,110,8918,2015,438319.0,0.0,2.516133,-0.484202,JPN,ISR,842720
4119377,121,110,8918,2015,850934.0,0.0,1.900653,0.859406,KOR,ISR,842720
4119378,132,110,8918,2015,22314.0,0.0,0.602209,1.125357,LVA,ISR,842720
4119379,162,110,8918,2015,4835147.0,0.0,1.230104,1.27344,NLD,ISR,842720
4119380,163,110,8918,2015,45076.0,0.0,0.950708,0.314339,NOR,ISR,842720
4119381,185,110,8918,2015,86347.0,0.0,0.946363,1.056775,ROU,ISR,842720
4119382,208,110,8918,2015,1189956.0,0.0,1.8068349999999997,0.693389,SWE,ISR,842720
4119383,224,110,8918,2015,29370.0,0.0,0.438669,2.519632,TUR,ISR,842720
4119384,231,110,8918,2015,2982233.0,0.0,1.720478,-0.129322,USA,ISR,842720
4119385,249,110,8918,2015,601686.0,0.0,1.962832,1.214982,TWN,ISR,842720
4119386,2,111,8918,2015,0.0,194992.0,-1.6542,-1.2598989999999999,AGO,ITA,842720
4119387,4,111,8918,2015,2751.0,261241.0,-0.601875,-0.27003,ALB,ITA,842720
4119388,7,111,8918,2015,0.0,2733352.0,0.21779600000000002,-0.0047420000000000006,ARE,ITA,842720
4119389,8,111,8918,2015,0.0,5207178.0,0.116896,0.30330999999999997,ARG,ITA,842720
4119390,14,111,8918,2015,10979.0,9602489.0,-0.292325,-0.043489,AUS,ITA,842720
4119391,15,111,8918,2015,438899.0,2996593.0,1.747098,-0.08026699999999999,AUT,ITA,842720
4119392,16,111,8918,2015,64404.0,602774.0,-0.983347,-1.231542,AZE,ITA,842720
4119393,18,111,8918,2015,2855744.0,8838549.0,1.329866,1.100641,BEL,ITA,842720
4119394,19,111,8918,2015,0.0,543252.0,-0.5641470000000001,-0.8971020000000001,BEN,ITA,842720
4119395,21,111,8918,2015,0.0,159162.0,-1.085359,-1.034365,BFA,ITA,842720
4119396,22,111,8918,2015,20819.0,492666.0,-1.088465,-0.8745360000000001,BGD,ITA,842720
4119397,23,111,8918,2015,31704.0,3385486.0,0.45640699999999995,1.691455,BGR,ITA,842720
4119398,24,111,8918,2015,0.0,369068.0,0.36650900000000003,-0.28735,BHR,ITA,842720
4119399,26,111,8918,2015,26246.0,41965.0,0.355903,0.723092,BIH,ITA,842720
4119400,28,111,8918,2015,0.0,170008.0,0.672499,0.5584020000000001,BLR,ITA,842720
4119401,31,111,8918,2015,0.0,55686.0,-1.051562,-1.067714,BOL,ITA,842720
4119402,32,111,8918,2015,21815.0,1613931.0,0.23656799999999997,0.688607,BRA,ITA,842720
4119403,34,111,8918,2015,0.0,21336.0,1.093564,-0.679211,BRN,ITA,842720
4119404,39,111,8918,2015,71904.0,7236476.0,0.695867,1.171676,CAN,ITA,842720
4119405,41,111,8918,2015,273408.0,9541325.0,2.306075,0.720781,CHE,ITA,842720
4119406,42,111,8918,2015,0.0,3519168.0,-0.356167,-0.47629399999999994,CHL,ITA,842720
4119407,43,111,8918,2015,2213173.0,982867.0,1.077143,1.735757,CHN,ITA,842720
4119408,44,111,8918,2015,0.0,424204.0,-0.856142,-0.905292,CIV,ITA,842720
4119409,45,111,8918,2015,0.0,178940.0,-0.924366,-1.040721,CMR,ITA,842720
4119410,46,111,8918,2015,0.0,108101.0,-1.3921290000000002,-1.146549,COD,ITA,842720
4119411,47,111,8918,2015,0.0,87503.0,-1.294823,-1.18811,COG,ITA,842720
4119412,49,111,8918,2015,0.0,592917.0,0.156383,-0.183055,COL,ITA,842720
4119413,52,111,8918,2015,0.0,474559.0,0.24859699999999998,-0.033143,CRI,ITA,842720
4119414,54,111,8918,2015,0.0,1057826.0,-0.694839,-1.093439,CUB,ITA,842720
4119415,59,111,8918,2015,100208.0,6547373.0,1.743012,0.45424,CZE,ITA,842720
4119416,61,111,8918,2015,51232128.0,36046212.0,2.203818,-2.307561,DEU,ITA,842720
4119417,62,111,8918,2015,0.0,36579.0,-0.538942,-0.832522,DJI,ITA,842720
4119418,64,111,8918,2015,31689.0,8365606.0,1.157924,1.2045629999999998,DNK,ITA,842720
4119419,65,111,8918,2015,0.0,6180.0,-0.212808,0.395873,DOM,ITA,842720
4119420,66,111,8918,2015,0.0,5510188.0,-1.54346,-1.255633,DZA,ITA,842720
4119421,67,111,8918,2015,0.0,281499.0,-0.9845959999999999,-1.075639,ECU,ITA,842720
4119422,68,111,8918,2015,0.0,176084.0,-0.183053,1.765036,EGY,ITA,842720
4119423,71,111,8918,2015,932935.0,3629398.0,0.8173590000000001,2.442556,ESP,ITA,842720
4119424,72,111,8918,2015,0.0,381205.0,0.9281149999999999,1.1780389999999998,EST,ITA,842720
4119425,73,111,8918,2015,0.0,258909.0,-1.004896,-0.721019,ETH,ITA,842720
4119426,74,111,8918,2015,7838638.0,2521150.0,1.597817,0.998059,FIN,ITA,842720
4119427,77,111,8918,2015,17429252.0,57639020.0,1.479792,0.6490239999999999,FRA,ITA,842720
4119428,80,111,8918,2015,0.0,1127124.0,-1.384351,-1.209873,GAB,ITA,842720
4119429,81,111,8918,2015,15829140.0,23984858.0,1.7422990000000003,0.75838,GBR,ITA,842720
4119430,82,111,8918,2015,0.0,3492.0,-0.343663,-0.588017,GEO,ITA,842720
4119431,83,111,8918,2015,0.0,151870.0,-0.750568,-0.690257,GHA,ITA,842720
4119432,89,111,8918,2015,0.0,106602.0,-1.585577,-0.9044979999999999,GNQ,ITA,842720
4119433,90,111,8918,2015,32288.0,344832.0,0.099027,1.012289,GRC,ITA,842720
4119434,93,111,8918,2015,0.0,119305.0,-0.284403,0.525564,GTM,ITA,842720
4119435,97,111,8918,2015,0.0,482963.0,0.8255290000000001,1.8017279999999998,HKG,ITA,842720
4119436,99,111,8918,2015,0.0,40807.0,-0.578635,-0.292053,HND,ITA,842720
4119437,100,111,8918,2015,10332.0,558672.0,0.7590140000000001,1.257415,HRV,ITA,842720
4119438,102,111,8918,2015,45429.0,3044116.0,1.462839,0.803258,HUN,ITA,842720
4119439,103,111,8918,2015,0.0,294855.0,-0.145103,1.277362,IDN,ITA,842720
4119440,104,111,8918,2015,3558.0,1166518.0,0.24230900000000002,2.8190880000000003,IND,ITA,842720
4119441,106,111,8918,2015,3351963.0,463002.0,1.304942,0.126431,IRL,ITA,842720
4119442,107,111,8918,2015,0.0,189393.0,-0.258946,-0.0073420000000000004,IRN,ITA,842720
4119443,108,111,8918,2015,0.0,38940.0,-1.465803,-0.912113,IRQ,ITA,842720
4119444,109,111,8918,2015,0.0,192561.0,0.24527600000000002,-0.411616,ISL,ITA,842720
4119445,110,111,8918,2015,0.0,1667712.0,1.260071,0.545545,ISR,ITA,842720
4119446,113,111,8918,2015,0.0,1344458.0,0.121172,0.457301,JOR,ITA,842720
4119447,114,111,8918,2015,68127.0,35954.0,2.516133,-0.484202,JPN,ITA,842720
4119448,115,111,8918,2015,0.0,307445.0,-0.45091499999999995,-0.652026,KAZ,ITA,842720
4119449,116,111,8918,2015,0.0,486183.0,-0.453564,0.433325,KEN,ITA,842720
4119450,117,111,8918,2015,0.0,137938.0,0.02058,0.438692,KGZ,ITA,842720
4119451,121,111,8918,2015,1580761.0,861614.0,1.900653,0.859406,KOR,ITA,842720
4119452,122,111,8918,2015,0.0,54026.0,-0.352023,-1.153057,KWT,ITA,842720
4119453,124,111,8918,2015,0.0,119360.0,0.317355,1.330374,LBN,ITA,842720
4119454,126,111,8918,2015,0.0,740068.0,-1.3257219999999998,-1.260453,LBY,ITA,842720
4119455,130,111,8918,2015,7816.0,1646833.0,0.749429,1.3659860000000001,LTU,ITA,842720
4119456,131,111,8918,2015,0.0,591056.0,1.218924,1.247152,LUX,ITA,842720
4119457,132,111,8918,2015,15667.0,309031.0,0.602209,1.125357,LVA,ITA,842720
4119458,134,111,8918,2015,1144.0,774682.0,-0.7554810000000001,-0.059697,MAR,ITA,842720
4119459,135,111,8918,2015,0.0,47321.0,-0.313837,-0.20393,MDA,ITA,842720
4119460,136,111,8918,2015,0.0,110654.0,-1.15947,-0.497217,MDG,ITA,842720
4119461,138,111,8918,2015,0.0,1071379.0,1.169724,0.61457,MEX,ITA,842720
4119462,140,111,8918,2015,0.0,18386.0,-0.09009600000000001,-0.147359,MKD,ITA,842720
4119463,142,111,8918,2015,0.0,1517.0,0.880893,-0.117585,MLT,ITA,842720
4119464,144,111,8918,2015,0.0,8345.0,-0.048385000000000004,-0.150759,MNE,ITA,842720
4119465,147,111,8918,2015,0.0,130711.0,-1.293809,-1.115069,MOZ,ITA,842720
4119466,151,111,8918,2015,0.0,117051.0,-0.231762,-0.195051,MUS,ITA,842720
4119467,153,111,8918,2015,0.0,505203.0,1.082803,0.811615,MYS,ITA,842720
4119468,155,111,8918,2015,0.0,72077.0,-0.43457399999999996,-0.665655,NAM,ITA,842720
4119469,156,111,8918,2015,0.0,209856.0,-0.727911,-0.844562,NCL,ITA,842720
4119470,159,111,8918,2015,0.0,1148998.0,-1.415451,-1.157829,NGA,ITA,842720
4119471,162,111,8918,2015,7189714.0,25483268.0,1.230104,1.27344,NLD,ITA,842720
4119472,163,111,8918,2015,0.0,4111466.0,0.950708,0.314339,NOR,ITA,842720
4119473,166,111,8918,2015,0.0,1165142.0,0.224598,0.253179,NZL,ITA,842720
4119474,167,111,8918,2015,0.0,126086.0,-0.4699,-1.00451,OMN,ITA,842720
4119475,168,111,8918,2015,0.0,280459.0,-0.7059979999999999,0.73501,PAK,ITA,842720
4119476,169,111,8918,2015,0.0,1162974.0,0.642058,0.833392,PAN,ITA,842720
4119477,173,111,8918,2015,0.0,97515.0,-0.6007819999999999,0.32152800000000004,PER,ITA,842720
4119478,174,111,8918,2015,0.0,288156.0,0.6406270000000001,0.45770200000000005,PHL,ITA,842720
4119479,177,111,8918,2015,1276949.0,9350337.0,1.145844,1.1449280000000002,POL,ITA,842720
4119480,179,111,8918,2015,0.0,1765291.0,0.561922,2.2276380000000002,PRT,ITA,842720
4119481,180,111,8918,2015,0.0,1949.0,-0.471106,-0.9431139999999999,PRY,ITA,842720
4119482,182,111,8918,2015,0.0,141139.0,-0.301696,-0.795154,PYF,ITA,842720
4119483,183,111,8918,2015,0.0,1146150.0,-0.077053,-0.9922719999999999,QAT,ITA,842720
4119484,185,111,8918,2015,25332.0,2379138.0,0.946363,1.056775,ROU,ITA,842720
4119485,186,111,8918,2015,0.0,4992103.0,0.23119,0.035965,RUS,ITA,842720
4119486,187,111,8918,2015,0.0,37205.0,-0.755738,-0.4423,RWA,ITA,842720
4119487,188,111,8918,2015,0.0,4937684.0,0.5552520000000001,-0.7263229999999999,SAU,ITA,842720
4119488,190,111,8918,2015,0.0,113157.0,-1.420356,-1.218424,SDN,ITA,842720
4119489,191,111,8918,2015,0.0,279622.0,-0.708349,-0.296663,SEN,ITA,842720
4119490,192,111,8918,2015,0.0,830485.0,2.05613,0.593065,SGP,ITA,842720
4119491,201,111,8918,2015,65887.0,702095.0,0.457042,1.324908,SRB,ITA,842720
4119492,206,111,8918,2015,3933.0,969265.0,1.287133,0.7900560000000001,SVK,ITA,842720
4119493,207,111,8918,2015,20633.0,243318.0,1.6089879999999999,0.833616,SVN,ITA,842720
4119494,208,111,8918,2015,4313868.0,1285106.0,1.8068349999999997,0.693389,SWE,ITA,842720
4119495,212,111,8918,2015,0.0,1923.0,-0.603532,0.313216,SYR,ITA,842720
4119496,216,111,8918,2015,0.0,114306.0,0.965888,1.368572,THA,ITA,842720
4119497,219,111,8918,2015,0.0,152282.0,-1.546516,-1.315803,TKM,ITA,842720
4119498,222,111,8918,2015,0.0,2032.0,-0.462837,-1.117621,TTO,ITA,842720
4119499,223,111,8918,2015,5272.0,1977996.0,0.140202,0.967591,TUN,ITA,842720
4119500,224,111,8918,2015,33193.0,6153697.0,0.438669,2.519632,TUR,ITA,842720
4119501,226,111,8918,2015,0.0,578062.0,-1.02395,-0.017509999999999998,TZA,ITA,842720
4119502,227,111,8918,2015,0.0,238418.0,-0.611023,0.078961,UGA,ITA,842720
4119503,228,111,8918,2015,57882.0,2091644.0,0.429879,0.701813,UKR,ITA,842720
4119504,230,111,8918,2015,0.0,874003.0,0.273876,-0.363695,URY,ITA,842720
4119505,231,111,8918,2015,186278.0,17343230.0,1.720478,-0.129322,USA,ITA,842720
4119506,236,111,8918,2015,0.0,40446.0,-0.9249129999999999,-1.1877280000000001,VEN,ITA,842720
4119507,239,111,8918,2015,0.0,685227.0,-0.17108900000000002,1.10995,VNM,ITA,842720
4119508,246,111,8918,2015,0.0,6535934.0,0.24944699999999997,1.7573159999999999,ZAF,ITA,842720
4119509,249,111,8918,2015,190339.0,0.0,1.962832,1.214982,TWN,ITA,842720
4119510,32,112,8918,2015,11441.0,0.0,0.23656799999999997,0.688607,BRA,JAM,842720
4119511,39,112,8918,2015,6218.0,0.0,0.695867,1.171676,CAN,JAM,842720
4119512,43,112,8918,2015,198564.0,0.0,1.077143,1.735757,CHN,JAM,842720
4119513,52,112,8918,2015,23053.0,0.0,0.24859699999999998,-0.033143,CRI,JAM,842720
4119514,65,112,8918,2015,0.0,2358.0,-0.212808,0.395873,DOM,JAM,842720
4119515,71,112,8918,2015,12393.0,0.0,0.8173590000000001,2.442556,ESP,JAM,842720
4119516,81,112,8918,2015,1011.0,0.0,1.7422990000000003,0.75838,GBR,JAM,842720
4119517,106,112,8918,2015,31901.0,0.0,1.304942,0.126431,IRL,JAM,842720
4119518,114,112,8918,2015,169250.0,0.0,2.516133,-0.484202,JPN,JAM,842720
4119519,121,112,8918,2015,14952.0,0.0,1.900653,0.859406,KOR,JAM,842720
4119520,162,112,8918,2015,96419.0,0.0,1.230104,1.27344,NLD,JAM,842720
4119521,231,112,8918,2015,1832886.0,191835.0,1.720478,-0.129322,USA,JAM,842720
4119522,239,112,8918,2015,0.0,12241.0,-0.17108900000000002,1.10995,VNM,JAM,842720
4119523,14,113,8918,2015,21777.0,0.0,-0.292325,-0.043489,AUS,JOR,842720
4119524,15,113,8918,2015,6547.0,0.0,1.747098,-0.08026699999999999,AUT,JOR,842720
4119525,18,113,8918,2015,8923.0,0.0,1.329866,1.100641,BEL,JOR,842720
4119526,23,113,8918,2015,37696.0,0.0,0.45640699999999995,1.691455,BGR,JOR,842720
4119527,39,113,8918,2015,105006.0,0.0,0.695867,1.171676,CAN,JOR,842720
4119528,43,113,8918,2015,1596571.0,0.0,1.077143,1.735757,CHN,JOR,842720
4119529,58,113,8918,2015,14972.0,0.0,0.511225,-0.207261,CYP,JOR,842720
4119530,59,113,8918,2015,28552.0,0.0,1.743012,0.45424,CZE,JOR,842720
4119531,61,113,8918,2015,494232.0,0.0,2.203818,-2.307561,DEU,JOR,842720
4119532,64,113,8918,2015,28866.0,0.0,1.157924,1.2045629999999998,DNK,JOR,842720
4119533,68,113,8918,2015,0.0,4101.0,-0.183053,1.765036,EGY,JOR,842720
4119534,71,113,8918,2015,37879.0,0.0,0.8173590000000001,2.442556,ESP,JOR,842720
4119535,74,113,8918,2015,19085.0,0.0,1.597817,0.998059,FIN,JOR,842720
4119536,77,113,8918,2015,175602.0,0.0,1.479792,0.6490239999999999,FRA,JOR,842720
4119537,81,113,8918,2015,67869.0,0.0,1.7422990000000003,0.75838,GBR,JOR,842720
4119538,104,113,8918,2015,8366.0,0.0,0.24230900000000002,2.8190880000000003,IND,JOR,842720
4119539,106,113,8918,2015,54868.0,0.0,1.304942,0.126431,IRL,JOR,842720
4119540,110,113,8918,2015,56485.0,6368.0,1.260071,0.545545,ISR,JOR,842720
4119541,111,113,8918,2015,1344458.0,0.0,1.321127,0.747046,ITA,JOR,842720
4119542,114,113,8918,2015,1739702.0,0.0,2.516133,-0.484202,JPN,JOR,842720
4119543,121,113,8918,2015,700930.0,0.0,1.900653,0.859406,KOR,JOR,842720
4119544,122,113,8918,2015,10314.0,0.0,-0.352023,-1.153057,KWT,JOR,842720
4119545,162,113,8918,2015,312583.0,0.0,1.230104,1.27344,NLD,JOR,842720
4119546,188,113,8918,2015,0.0,12327.0,0.5552520000000001,-0.7263229999999999,SAU,JOR,842720
4119547,207,113,8918,2015,2477.0,0.0,1.6089879999999999,0.833616,SVN,JOR,842720
4119548,208,113,8918,2015,12793.0,0.0,1.8068349999999997,0.693389,SWE,JOR,842720
4119549,231,113,8918,2015,471631.0,0.0,1.720478,-0.129322,USA,JOR,842720
4119550,249,113,8918,2015,1124.0,0.0,1.962832,1.214982,TWN,JOR,842720
4119551,250,113,8918,2015,0.0,684740.0,0.377283,-0.092204,ANS,JOR,842720
4119552,2,114,8918,2015,0.0,401877.0,-1.6542,-1.2598989999999999,AGO,JPN,842720
4119553,4,114,8918,2015,0.0,13244.0,-0.601875,-0.27003,ALB,JPN,842720
4119554,7,114,8918,2015,27515.0,27371250.0,0.21779600000000002,-0.0047420000000000006,ARE,JPN,842720
4119555,8,114,8918,2015,0.0,8868679.0,0.116896,0.30330999999999997,ARG,JPN,842720
4119556,9,114,8918,2015,0.0,1493.0,0.037579,-0.42448800000000003,ARM,JPN,842720
4119557,14,114,8918,2015,16881.0,42452112.0,-0.292325,-0.043489,AUS,JPN,842720
4119558,15,114,8918,2015,24722.0,147521.0,1.747098,-0.08026699999999999,AUT,JPN,842720
4119559,16,114,8918,2015,0.0,22477.0,-0.983347,-1.231542,AZE,JPN,842720
4119560,18,114,8918,2015,55046.0,3252615.0,1.329866,1.100641,BEL,JPN,842720
4119561,22,114,8918,2015,0.0,2850641.0,-1.088465,-0.8745360000000001,BGD,JPN,842720
4119562,23,114,8918,2015,0.0,120322.0,0.45640699999999995,1.691455,BGR,JPN,842720
4119563,24,114,8918,2015,0.0,1017966.0,0.36650900000000003,-0.28735,BHR,JPN,842720
4119564,26,114,8918,2015,0.0,11108.0,0.355903,0.723092,BIH,JPN,842720
4119565,28,114,8918,2015,0.0,176322.0,0.672499,0.5584020000000001,BLR,JPN,842720
4119566,31,114,8918,2015,0.0,634269.0,-1.051562,-1.067714,BOL,JPN,842720
4119567,32,114,8918,2015,0.0,836574.0,0.23656799999999997,0.688607,BRA,JPN,842720
4119568,33,114,8918,2015,0.0,56836.0,0.453689,0.039237,BRB,JPN,842720
4119569,34,114,8918,2015,0.0,224165.0,1.093564,-0.679211,BRN,JPN,842720
4119570,37,114,8918,2015,0.0,104562.0,-0.14164200000000002,-1.0372059999999999,BWA,JPN,842720
4119571,39,114,8918,2015,7835.0,259571.0,0.695867,1.171676,CAN,JPN,842720
4119572,41,114,8918,2015,0.0,164128.0,2.306075,0.720781,CHE,JPN,842720
4119573,42,114,8918,2015,0.0,26900836.0,-0.356167,-0.47629399999999994,CHL,JPN,842720
4119574,43,114,8918,2015,680436.0,6356925.0,1.077143,1.735757,CHN,JPN,842720
4119575,44,114,8918,2015,0.0,427115.0,-0.856142,-0.905292,CIV,JPN,842720
4119576,45,114,8918,2015,0.0,252241.0,-0.924366,-1.040721,CMR,JPN,842720
4119577,46,114,8918,2015,0.0,228365.0,-1.3921290000000002,-1.146549,COD,JPN,842720
4119578,47,114,8918,2015,0.0,31804.0,-1.294823,-1.18811,COG,JPN,842720
4119579,49,114,8918,2015,0.0,3260979.0,0.156383,-0.183055,COL,JPN,842720
4119580,52,114,8918,2015,0.0,3761705.0,0.24859699999999998,-0.033143,CRI,JPN,842720
4119581,54,114,8918,2015,0.0,32965.0,-0.694839,-1.093439,CUB,JPN,842720
4119582,55,114,8918,2015,0.0,92268.0,0.296267,-0.6313350000000001,CUW,JPN,842720
4119583,58,114,8918,2015,0.0,29356.0,0.511225,-0.207261,CYP,JPN,842720
4119584,59,114,8918,2015,0.0,164269.0,1.743012,0.45424,CZE,JPN,842720
4119585,61,114,8918,2015,993229.0,2070487.0,2.203818,-2.307561,DEU,JPN,842720
4119586,62,114,8918,2015,0.0,222698.0,-0.538942,-0.832522,DJI,JPN,842720
4119587,64,114,8918,2015,0.0,30513.0,1.157924,1.2045629999999998,DNK,JPN,842720
4119588,65,114,8918,2015,0.0,593667.0,-0.212808,0.395873,DOM,JPN,842720
4119589,66,114,8918,2015,0.0,444784.0,-1.54346,-1.255633,DZA,JPN,842720
4119590,67,114,8918,2015,0.0,947580.0,-0.9845959999999999,-1.075639,ECU,JPN,842720
4119591,68,114,8918,2015,0.0,14110839.0,-0.183053,1.765036,EGY,JPN,842720
4119592,71,114,8918,2015,581572.0,450527.0,0.8173590000000001,2.442556,ESP,JPN,842720
4119593,72,114,8918,2015,0.0,173919.0,0.9281149999999999,1.1780389999999998,EST,JPN,842720
4119594,73,114,8918,2015,0.0,140190.0,-1.004896,-0.721019,ETH,JPN,842720
4119595,74,114,8918,2015,329334.0,4072.0,1.597817,0.998059,FIN,JPN,842720
4119596,75,114,8918,2015,0.0,213299.0,-0.481968,-0.201468,FJI,JPN,842720
4119597,77,114,8918,2015,53110.0,816318.0,1.479792,0.6490239999999999,FRA,JPN,842720
4119598,79,114,8918,2015,0.0,16611.0,-0.39153000000000004,-0.8570479999999999,FSM,JPN,842720
4119599,80,114,8918,2015,0.0,378318.0,-1.384351,-1.209873,GAB,JPN,842720
4119600,81,114,8918,2015,2896243.0,2232082.0,1.7422990000000003,0.75838,GBR,JPN,842720
4119601,82,114,8918,2015,0.0,95872.0,-0.343663,-0.588017,GEO,JPN,842720
4119602,83,114,8918,2015,0.0,41914.0,-0.750568,-0.690257,GHA,JPN,842720
4119603,85,114,8918,2015,0.0,65445.0,-1.288329,-1.167532,GIN,JPN,842720
4119604,87,114,8918,2015,0.0,12891.0,-0.984775,-0.877886,GMB,JPN,842720
4119605,90,114,8918,2015,0.0,785744.0,0.099027,1.012289,GRC,JPN,842720
4119606,93,114,8918,2015,55647.0,2554829.0,-0.284403,0.525564,GTM,JPN,842720
4119607,95,114,8918,2015,0.0,25949.0,0.658226,0.030897000000000004,GUM,JPN,842720
4119608,96,114,8918,2015,0.0,8367.0,-1.018758,-1.056085,GUY,JPN,842720
4119609,97,114,8918,2015,21394.0,8388010.0,0.8255290000000001,1.8017279999999998,HKG,JPN,842720
4119610,99,114,8918,2015,0.0,229223.0,-0.578635,-0.292053,HND,JPN,842720
4119611,100,114,8918,2015,0.0,18623.0,0.7590140000000001,1.257415,HRV,JPN,842720
4119612,102,114,8918,2015,0.0,289970.0,1.462839,0.803258,HUN,JPN,842720
4119613,103,114,8918,2015,0.0,33861664.0,-0.145103,1.277362,IDN,JPN,842720
4119614,104,114,8918,2015,0.0,743262.0,0.24230900000000002,2.8190880000000003,IND,JPN,842720
4119615,106,114,8918,2015,41113.0,26026.0,1.304942,0.126431,IRL,JPN,842720
4119616,107,114,8918,2015,0.0,262880.0,-0.258946,-0.0073420000000000004,IRN,JPN,842720
4119617,108,114,8918,2015,0.0,1068775.0,-1.465803,-0.912113,IRQ,JPN,842720
4119618,110,114,8918,2015,0.0,438319.0,1.260071,0.545545,ISR,JPN,842720
4119619,111,114,8918,2015,35954.0,68127.0,1.321127,0.747046,ITA,JPN,842720
4119620,112,114,8918,2015,0.0,169250.0,-0.438267,-0.828097,JAM,JPN,842720
4119621,113,114,8918,2015,0.0,1739702.0,0.121172,0.457301,JOR,JPN,842720
4119622,115,114,8918,2015,0.0,2161772.0,-0.45091499999999995,-0.652026,KAZ,JPN,842720
4119623,116,114,8918,2015,0.0,907166.0,-0.453564,0.433325,KEN,JPN,842720
4119624,117,114,8918,2015,0.0,29455.0,0.02058,0.438692,KGZ,JPN,842720
4119625,118,114,8918,2015,0.0,1157778.0,-0.791985,-0.833046,KHM,JPN,842720
4119626,121,114,8918,2015,16841.0,4746010.0,1.900653,0.859406,KOR,JPN,842720
4119627,122,114,8918,2015,0.0,4428678.0,-0.352023,-1.153057,KWT,JPN,842720
4119628,123,114,8918,2015,0.0,468262.0,-0.927524,-0.74525,LAO,JPN,842720
4119629,124,114,8918,2015,0.0,1871919.0,0.317355,1.330374,LBN,JPN,842720
4119630,125,114,8918,2015,0.0,2397.0,-1.087459,-1.195708,LBR,JPN,842720
4119631,126,114,8918,2015,0.0,321998.0,-1.3257219999999998,-1.260453,LBY,JPN,842720
4119632,128,114,8918,2015,1624.0,2901442.0,-0.6773399999999999,0.386343,LKA,JPN,842720
4119633,129,114,8918,2015,0.0,26795.0,-0.910168,-0.870865,LSO,JPN,842720
4119634,130,114,8918,2015,0.0,504966.0,0.749429,1.3659860000000001,LTU,JPN,842720
4119635,131,114,8918,2015,0.0,122971.0,1.218924,1.247152,LUX,JPN,842720
4119636,132,114,8918,2015,0.0,215402.0,0.602209,1.125357,LVA,JPN,842720
4119637,134,114,8918,2015,0.0,2122673.0,-0.7554810000000001,-0.059697,MAR,JPN,842720
4119638,135,114,8918,2015,0.0,34896.0,-0.313837,-0.20393,MDA,JPN,842720
4119639,136,114,8918,2015,0.0,1398.0,-1.15947,-0.497217,MDG,JPN,842720
4119640,137,114,8918,2015,0.0,97211.0,-0.321571,-0.858751,MDV,JPN,842720
4119641,138,114,8918,2015,0.0,14121150.0,1.169724,0.61457,MEX,JPN,842720
4119642,139,114,8918,2015,0.0,70442.0,-0.174541,-0.828616,MHL,JPN,842720
4119643,140,114,8918,2015,0.0,72844.0,-0.09009600000000001,-0.147359,MKD,JPN,842720
4119644,142,114,8918,2015,0.0,7823.0,0.880893,-0.117585,MLT,JPN,842720
4119645,143,114,8918,2015,0.0,2853085.0,-1.4596120000000001,-0.903904,MMR,JPN,842720
4119646,145,114,8918,2015,0.0,115269.0,-1.244368,-1.196677,MNG,JPN,842720
4119647,147,114,8918,2015,0.0,14718.0,-1.293809,-1.115069,MOZ,JPN,842720
4119648,148,114,8918,2015,0.0,709.0,-1.5597450000000002,-1.3209229999999998,MRT,JPN,842720
4119649,151,114,8918,2015,0.0,3448.0,-0.231762,-0.195051,MUS,JPN,842720
4119650,152,114,8918,2015,0.0,187381.0,-0.549862,-0.8753190000000001,MWI,JPN,842720
4119651,153,114,8918,2015,17274.0,49545680.0,1.082803,0.811615,MYS,JPN,842720
4119652,155,114,8918,2015,0.0,80399.0,-0.43457399999999996,-0.665655,NAM,JPN,842720
4119653,156,114,8918,2015,0.0,266946.0,-0.727911,-0.844562,NCL,JPN,842720
4119654,159,114,8918,2015,0.0,1897833.0,-1.415451,-1.157829,NGA,JPN,842720
4119655,160,114,8918,2015,0.0,892207.0,-1.102989,-0.952276,NIC,JPN,842720
4119656,162,114,8918,2015,142918.0,704362.0,1.230104,1.27344,NLD,JPN,842720
4119657,163,114,8918,2015,0.0,373966.0,0.950708,0.314339,NOR,JPN,842720
4119658,164,114,8918,2015,0.0,1855.0,-0.290416,0.456716,NPL,JPN,842720
4119659,166,114,8918,2015,0.0,10358917.0,0.224598,0.253179,NZL,JPN,842720
4119660,167,114,8918,2015,0.0,3902742.0,-0.4699,-1.00451,OMN,JPN,842720
4119661,168,114,8918,2015,0.0,4084194.0,-0.7059979999999999,0.73501,PAK,JPN,842720
4119662,169,114,8918,2015,0.0,1005088.0,0.642058,0.833392,PAN,JPN,842720
4119663,173,114,8918,2015,0.0,2480939.0,-0.6007819999999999,0.32152800000000004,PER,JPN,842720
4119664,174,114,8918,2015,0.0,15890772.0,0.6406270000000001,0.45770200000000005,PHL,JPN,842720
4119665,175,114,8918,2015,0.0,53047.0,0.353098,-0.590496,PLW,JPN,842720
4119666,176,114,8918,2015,0.0,1034430.0,-1.710939,-1.266333,PNG,JPN,842720
4119667,177,114,8918,2015,0.0,1776909.0,1.145844,1.1449280000000002,POL,JPN,842720
4119668,179,114,8918,2015,0.0,189805.0,0.561922,2.2276380000000002,PRT,JPN,842720
4119669,180,114,8918,2015,0.0,26178.0,-0.471106,-0.9431139999999999,PRY,JPN,842720
4119670,181,114,8918,2015,0.0,6976.0,0.060575,0.5649489999999999,PSE,JPN,842720
4119671,182,114,8918,2015,0.0,64389.0,-0.301696,-0.795154,PYF,JPN,842720
4119672,183,114,8918,2015,0.0,4021636.0,-0.077053,-0.9922719999999999,QAT,JPN,842720
4119673,186,114,8918,2015,0.0,23063076.0,0.23119,0.035965,RUS,JPN,842720
4119674,187,114,8918,2015,0.0,1925.0,-0.755738,-0.4423,RWA,JPN,842720
4119675,188,114,8918,2015,0.0,41824244.0,0.5552520000000001,-0.7263229999999999,SAU,JPN,842720
4119676,190,114,8918,2015,0.0,50474.0,-1.420356,-1.218424,SDN,JPN,842720
4119677,191,114,8918,2015,0.0,23678.0,-0.708349,-0.296663,SEN,JPN,842720
4119678,192,114,8918,2015,2246489.0,31523162.0,2.05613,0.593065,SGP,JPN,842720
4119679,195,114,8918,2015,0.0,85224.0,-1.167451,-0.931206,SLB,JPN,842720
4119680,197,114,8918,2015,0.0,769115.0,0.05531900000000001,0.169073,SLV,JPN,842720
4119681,201,114,8918,2015,0.0,6619.0,0.457042,1.324908,SRB,JPN,842720
4119682,205,114,8918,2015,0.0,43425.0,-0.570361,-1.005072,SUR,JPN,842720
4119683,206,114,8918,2015,0.0,5895.0,1.287133,0.7900560000000001,SVK,JPN,842720
4119684,207,114,8918,2015,0.0,65752.0,1.6089879999999999,0.833616,SVN,JPN,842720
4119685,208,114,8918,2015,1815920.0,28075.0,1.8068349999999997,0.693389,SWE,JPN,842720
4119686,211,114,8918,2015,0.0,103054.0,1.017467,-0.285569,SYC,JPN,842720
4119687,212,114,8918,2015,0.0,63087.0,-0.603532,0.313216,SYR,JPN,842720
4119688,215,114,8918,2015,0.0,60110.0,-0.66925,-0.873554,TGO,JPN,842720
4119689,216,114,8918,2015,718481.0,56441420.0,0.965888,1.368572,THA,JPN,842720
4119690,220,114,8918,2015,0.0,10132.0,-0.878657,-0.9064450000000001,TLS,JPN,842720
4119691,222,114,8918,2015,0.0,504002.0,-0.462837,-1.117621,TTO,JPN,842720
4119692,223,114,8918,2015,0.0,839952.0,0.140202,0.967591,TUN,JPN,842720
4119693,224,114,8918,2015,0.0,14040850.0,0.438669,2.519632,TUR,JPN,842720
4119694,225,114,8918,2015,0.0,246242.0,0.925609,-0.6022569999999999,TUV,JPN,842720
4119695,226,114,8918,2015,0.0,148905.0,-1.02395,-0.017509999999999998,TZA,JPN,842720
4119696,227,114,8918,2015,0.0,41298.0,-0.611023,0.078961,UGA,JPN,842720
4119697,228,114,8918,2015,0.0,946305.0,0.429879,0.701813,UKR,JPN,842720
4119698,230,114,8918,2015,0.0,194246.0,0.273876,-0.363695,URY,JPN,842720
4119699,231,114,8918,2015,1320376.0,10603497.0,1.720478,-0.129322,USA,JPN,842720
4119700,232,114,8918,2015,0.0,111093.0,-0.724966,-0.599292,UZB,JPN,842720
4119701,234,114,8918,2015,0.0,10895.0,0.087811,-0.35481999999999997,VCT,JPN,842720
4119702,236,114,8918,2015,0.0,121117.0,-0.9249129999999999,-1.1877280000000001,VEN,JPN,842720
4119703,239,114,8918,2015,62300.0,45844632.0,-0.17108900000000002,1.10995,VNM,JPN,842720
4119704,240,114,8918,2015,0.0,5206.0,-1.6531169999999997,-1.018974,VUT,JPN,842720
4119705,242,114,8918,2015,0.0,20099.0,0.351057,-0.158431,WSM,JPN,842720
4119706,243,114,8918,2015,0.0,169075.0,-1.048632,-1.10843,YEM,JPN,842720
4119707,246,114,8918,2015,0.0,22184076.0,0.24944699999999997,1.7573159999999999,ZAF,JPN,842720
4119708,247,114,8918,2015,0.0,46902.0,-0.44792,-0.769586,ZMB,JPN,842720
4119709,248,114,8918,2015,0.0,550998.0,-0.838017,-0.9400270000000001,ZWE,JPN,842720
4119710,249,114,8918,2015,46537.0,47462932.0,1.962832,1.214982,TWN,JPN,842720
4119711,0,121,8918,2015,0.0,93896.0,0.8526809999999999,-0.043541,ABW,KOR,842720
4119712,2,121,8918,2015,22339.0,343629.0,-1.6542,-1.2598989999999999,AGO,KOR,842720
4119713,7,121,8918,2015,2517.0,7591420.0,0.21779600000000002,-0.0047420000000000006,ARE,KOR,842720
4119714,8,121,8918,2015,0.0,4098519.0,0.116896,0.30330999999999997,ARG,KOR,842720
4119715,9,121,8918,2015,0.0,22342.0,0.037579,-0.42448800000000003,ARM,KOR,842720
4119716,10,121,8918,2015,0.0,24647.0,0.9878959999999999,-0.0613,ASM,KOR,842720
4119717,13,121,8918,2015,0.0,15835.0,0.43318,-0.552045,ATG,KOR,842720
4119718,14,121,8918,2015,78263.0,17236308.0,-0.292325,-0.043489,AUS,KOR,842720
4119719,15,121,8918,2015,0.0,144698.0,1.747098,-0.08026699999999999,AUT,KOR,842720
4119720,16,121,8918,2015,0.0,242914.0,-0.983347,-1.231542,AZE,KOR,842720
4119721,18,121,8918,2015,107540.0,28995970.0,1.329866,1.100641,BEL,KOR,842720
4119722,19,121,8918,2015,0.0,20197.0,-0.5641470000000001,-0.8971020000000001,BEN,KOR,842720
4119723,22,121,8918,2015,0.0,1023187.0,-1.088465,-0.8745360000000001,BGD,KOR,842720
4119724,24,121,8918,2015,0.0,1212170.0,0.36650900000000003,-0.28735,BHR,KOR,842720
4119725,26,121,8918,2015,0.0,9824.0,0.355903,0.723092,BIH,KOR,842720
4119726,31,121,8918,2015,0.0,1895.0,-1.051562,-1.067714,BOL,KOR,842720
4119727,32,121,8918,2015,0.0,3047462.0,0.23656799999999997,0.688607,BRA,KOR,842720
4119728,33,121,8918,2015,0.0,17118.0,0.453689,0.039237,BRB,KOR,842720
4119729,39,121,8918,2015,28135.0,13015906.0,0.695867,1.171676,CAN,KOR,842720
4119730,41,121,8918,2015,0.0,605949.0,2.306075,0.720781,CHE,KOR,842720
4119731,42,121,8918,2015,0.0,2952462.0,-0.356167,-0.47629399999999994,CHL,KOR,842720
4119732,43,121,8918,2015,5229136.0,1436022.0,1.077143,1.735757,CHN,KOR,842720
4119733,44,121,8918,2015,0.0,44451.0,-0.856142,-0.905292,CIV,KOR,842720
4119734,47,121,8918,2015,0.0,212100.0,-1.294823,-1.18811,COG,KOR,842720
4119735,49,121,8918,2015,0.0,1064147.0,0.156383,-0.183055,COL,KOR,842720
4119736,52,121,8918,2015,0.0,108962.0,0.24859699999999998,-0.033143,CRI,KOR,842720
4119737,54,121,8918,2015,0.0,179462.0,-0.694839,-1.093439,CUB,KOR,842720
4119738,55,121,8918,2015,0.0,40021.0,0.296267,-0.6313350000000001,CUW,KOR,842720
4119739,59,121,8918,2015,0.0,476073.0,1.743012,0.45424,CZE,KOR,842720
4119740,61,121,8918,2015,414504.0,12772029.0,2.203818,-2.307561,DEU,KOR,842720
4119741,62,121,8918,2015,0.0,1253010.0,-0.538942,-0.832522,DJI,KOR,842720
4119742,63,121,8918,2015,0.0,75653.0,0.0735,-0.44923599999999997,DMA,KOR,842720
4119743,64,121,8918,2015,0.0,196862.0,1.157924,1.2045629999999998,DNK,KOR,842720
4119744,65,121,8918,2015,0.0,122130.0,-0.212808,0.395873,DOM,KOR,842720
4119745,66,121,8918,2015,0.0,4752088.0,-1.54346,-1.255633,DZA,KOR,842720
4119746,67,121,8918,2015,0.0,436899.0,-0.9845959999999999,-1.075639,ECU,KOR,842720
4119747,68,121,8918,2015,0.0,2340787.0,-0.183053,1.765036,EGY,KOR,842720
4119748,71,121,8918,2015,0.0,183898.0,0.8173590000000001,2.442556,ESP,KOR,842720
4119749,72,121,8918,2015,0.0,447121.0,0.9281149999999999,1.1780389999999998,EST,KOR,842720
4119750,73,121,8918,2015,0.0,3503.0,-1.004896,-0.721019,ETH,KOR,842720
4119751,74,121,8918,2015,0.0,357748.0,1.597817,0.998059,FIN,KOR,842720
4119752,75,121,8918,2015,0.0,30167.0,-0.481968,-0.201468,FJI,KOR,842720
4119753,77,121,8918,2015,119002.0,722277.0,1.479792,0.6490239999999999,FRA,KOR,842720
4119754,79,121,8918,2015,0.0,4985.0,-0.39153000000000004,-0.8570479999999999,FSM,KOR,842720
4119755,80,121,8918,2015,0.0,275667.0,-1.384351,-1.209873,GAB,KOR,842720
4119756,81,121,8918,2015,1642951.0,11709564.0,1.7422990000000003,0.75838,GBR,KOR,842720
4119757,82,121,8918,2015,0.0,20967.0,-0.343663,-0.588017,GEO,KOR,842720
4119758,83,121,8918,2015,0.0,135080.0,-0.750568,-0.690257,GHA,KOR,842720
4119759,85,121,8918,2015,0.0,308110.0,-1.288329,-1.167532,GIN,KOR,842720
4119760,90,121,8918,2015,0.0,375103.0,0.099027,1.012289,GRC,KOR,842720
4119761,93,121,8918,2015,0.0,281495.0,-0.284403,0.525564,GTM,KOR,842720
4119762,95,121,8918,2015,0.0,344849.0,0.658226,0.030897000000000004,GUM,KOR,842720
4119763,96,121,8918,2015,0.0,136840.0,-1.018758,-1.056085,GUY,KOR,842720
4119764,97,121,8918,2015,40228.0,147335.0,0.8255290000000001,1.8017279999999998,HKG,KOR,842720
4119765,99,121,8918,2015,0.0,212983.0,-0.578635,-0.292053,HND,KOR,842720
4119766,100,121,8918,2015,0.0,27675.0,0.7590140000000001,1.257415,HRV,KOR,842720
4119767,102,121,8918,2015,0.0,1228732.0,1.462839,0.803258,HUN,KOR,842720
4119768,103,121,8918,2015,0.0,1734426.0,-0.145103,1.277362,IDN,KOR,842720
4119769,104,121,8918,2015,0.0,822743.0,0.24230900000000002,2.8190880000000003,IND,KOR,842720
4119770,107,121,8918,2015,0.0,8010806.0,-0.258946,-0.0073420000000000004,IRN,KOR,842720
4119771,108,121,8918,2015,4918.0,2069922.0,-1.465803,-0.912113,IRQ,KOR,842720
4119772,110,121,8918,2015,0.0,850934.0,1.260071,0.545545,ISR,KOR,842720
4119773,111,121,8918,2015,861614.0,1580761.0,1.321127,0.747046,ITA,KOR,842720
4119774,112,121,8918,2015,0.0,14952.0,-0.438267,-0.828097,JAM,KOR,842720
4119775,113,121,8918,2015,0.0,700930.0,0.121172,0.457301,JOR,KOR,842720
4119776,114,121,8918,2015,4746010.0,16841.0,2.516133,-0.484202,JPN,KOR,842720
4119777,115,121,8918,2015,0.0,88765.0,-0.45091499999999995,-0.652026,KAZ,KOR,842720
4119778,116,121,8918,2015,0.0,181830.0,-0.453564,0.433325,KEN,KOR,842720
4119779,117,121,8918,2015,0.0,5386.0,0.02058,0.438692,KGZ,KOR,842720
4119780,118,121,8918,2015,0.0,305542.0,-0.791985,-0.833046,KHM,KOR,842720
4119781,122,121,8918,2015,0.0,496968.0,-0.352023,-1.153057,KWT,KOR,842720
4119782,123,121,8918,2015,0.0,3065.0,-0.927524,-0.74525,LAO,KOR,842720
4119783,124,121,8918,2015,0.0,351280.0,0.317355,1.330374,LBN,KOR,842720
4119784,125,121,8918,2015,0.0,46592.0,-1.087459,-1.195708,LBR,KOR,842720
4119785,126,121,8918,2015,0.0,49328.0,-1.3257219999999998,-1.260453,LBY,KOR,842720
4119786,128,121,8918,2015,0.0,257531.0,-0.6773399999999999,0.386343,LKA,KOR,842720
4119787,129,121,8918,2015,0.0,26438.0,-0.910168,-0.870865,LSO,KOR,842720
4119788,130,121,8918,2015,0.0,381358.0,0.749429,1.3659860000000001,LTU,KOR,842720
4119789,134,121,8918,2015,0.0,1385553.0,-0.7554810000000001,-0.059697,MAR,KOR,842720
4119790,135,121,8918,2015,0.0,7958.0,-0.313837,-0.20393,MDA,KOR,842720
4119791,136,121,8918,2015,0.0,6971.0,-1.15947,-0.497217,MDG,KOR,842720
4119792,138,121,8918,2015,0.0,2079219.0,1.169724,0.61457,MEX,KOR,842720
4119793,139,121,8918,2015,0.0,133309.0,-0.174541,-0.828616,MHL,KOR,842720
4119794,140,121,8918,2015,0.0,88739.0,-0.09009600000000001,-0.147359,MKD,KOR,842720
4119795,142,121,8918,2015,0.0,214361.0,0.880893,-0.117585,MLT,KOR,842720
4119796,143,121,8918,2015,0.0,372645.0,-1.4596120000000001,-0.903904,MMR,KOR,842720
4119797,144,121,8918,2015,0.0,625.0,-0.048385000000000004,-0.150759,MNE,KOR,842720
4119798,145,121,8918,2015,16190.0,67898.0,-1.244368,-1.196677,MNG,KOR,842720
4119799,147,121,8918,2015,0.0,141332.0,-1.293809,-1.115069,MOZ,KOR,842720
4119800,151,121,8918,2015,0.0,67447.0,-0.231762,-0.195051,MUS,KOR,842720
4119801,153,121,8918,2015,0.0,2659765.0,1.082803,0.811615,MYS,KOR,842720
4119802,156,121,8918,2015,0.0,104766.0,-0.727911,-0.844562,NCL,KOR,842720
4119803,159,121,8918,2015,0.0,1788381.0,-1.415451,-1.157829,NGA,KOR,842720
4119804,160,121,8918,2015,0.0,398787.0,-1.102989,-0.952276,NIC,KOR,842720
4119805,162,121,8918,2015,514193.0,2508401.0,1.230104,1.27344,NLD,KOR,842720
4119806,163,121,8918,2015,0.0,1622410.0,0.950708,0.314339,NOR,KOR,842720
4119807,166,121,8918,2015,0.0,6414212.0,0.224598,0.253179,NZL,KOR,842720
4119808,167,121,8918,2015,0.0,416831.0,-0.4699,-1.00451,OMN,KOR,842720
4119809,168,121,8918,2015,0.0,498664.0,-0.7059979999999999,0.73501,PAK,KOR,842720
4119810,169,121,8918,2015,0.0,51476.0,0.642058,0.833392,PAN,KOR,842720
4119811,173,121,8918,2015,0.0,1698209.0,-0.6007819999999999,0.32152800000000004,PER,KOR,842720
4119812,174,121,8918,2015,3674.0,1836612.0,0.6406270000000001,0.45770200000000005,PHL,KOR,842720
4119813,176,121,8918,2015,0.0,147284.0,-1.710939,-1.266333,PNG,KOR,842720
4119814,177,121,8918,2015,1091024.0,5726333.0,1.145844,1.1449280000000002,POL,KOR,842720
4119815,179,121,8918,2015,0.0,313853.0,0.561922,2.2276380000000002,PRT,KOR,842720
4119816,180,121,8918,2015,0.0,174990.0,-0.471106,-0.9431139999999999,PRY,KOR,842720
4119817,182,121,8918,2015,0.0,116967.0,-0.301696,-0.795154,PYF,KOR,842720
4119818,183,121,8918,2015,0.0,3313195.0,-0.077053,-0.9922719999999999,QAT,KOR,842720
4119819,185,121,8918,2015,0.0,431977.0,0.946363,1.056775,ROU,KOR,842720
4119820,186,121,8918,2015,10916.0,3823731.0,0.23119,0.035965,RUS,KOR,842720
4119821,187,121,8918,2015,0.0,19040.0,-0.755738,-0.4423,RWA,KOR,842720
4119822,188,121,8918,2015,0.0,10589798.0,0.5552520000000001,-0.7263229999999999,SAU,KOR,842720
4119823,190,121,8918,2015,0.0,114922.0,-1.420356,-1.218424,SDN,KOR,842720
4119824,191,121,8918,2015,0.0,38256.0,-0.708349,-0.296663,SEN,KOR,842720
4119825,192,121,8918,2015,46588.0,3808878.0,2.05613,0.593065,SGP,KOR,842720
4119826,195,121,8918,2015,0.0,65724.0,-1.167451,-0.931206,SLB,KOR,842720
4119827,197,121,8918,2015,0.0,409997.0,0.05531900000000001,0.169073,SLV,KOR,842720
4119828,201,121,8918,2015,0.0,92448.0,0.457042,1.324908,SRB,KOR,842720
4119829,205,121,8918,2015,0.0,276364.0,-0.570361,-1.005072,SUR,KOR,842720
4119830,206,121,8918,2015,0.0,64711.0,1.287133,0.7900560000000001,SVK,KOR,842720
4119831,207,121,8918,2015,0.0,383922.0,1.6089879999999999,0.833616,SVN,KOR,842720
4119832,208,121,8918,2015,2127446.0,162864.0,1.8068349999999997,0.693389,SWE,KOR,842720
4119833,216,121,8918,2015,0.0,2914357.0,0.965888,1.368572,THA,KOR,842720
4119834,217,121,8918,2015,0.0,5007.0,-1.134216,-1.174245,TJK,KOR,842720
4119835,219,121,8918,2015,0.0,545229.0,-1.546516,-1.315803,TKM,KOR,842720
4119836,220,121,8918,2015,0.0,20841.0,-0.878657,-0.9064450000000001,TLS,KOR,842720
4119837,222,121,8918,2015,0.0,79676.0,-0.462837,-1.117621,TTO,KOR,842720
4119838,223,121,8918,2015,0.0,1135889.0,0.140202,0.967591,TUN,KOR,842720
4119839,224,121,8918,2015,0.0,7330834.0,0.438669,2.519632,TUR,KOR,842720
4119840,226,121,8918,2015,0.0,4320.0,-1.02395,-0.017509999999999998,TZA,KOR,842720
4119841,227,121,8918,2015,0.0,23852.0,-0.611023,0.078961,UGA,KOR,842720
4119842,228,121,8918,2015,0.0,115983.0,0.429879,0.701813,UKR,KOR,842720
4119843,230,121,8918,2015,0.0,53370.0,0.273876,-0.363695,URY,KOR,842720
4119844,231,121,8918,2015,3761444.0,127569952.0,1.720478,-0.129322,USA,KOR,842720
4119845,232,121,8918,2015,0.0,952807.0,-0.724966,-0.599292,UZB,KOR,842720
4119846,236,121,8918,2015,0.0,1812813.0,-0.9249129999999999,-1.1877280000000001,VEN,KOR,842720
4119847,239,121,8918,2015,11093.0,5191564.0,-0.17108900000000002,1.10995,VNM,KOR,842720
4119848,240,121,8918,2015,0.0,19337.0,-1.6531169999999997,-1.018974,VUT,KOR,842720
4119849,243,121,8918,2015,0.0,152195.0,-1.048632,-1.10843,YEM,KOR,842720
4119850,246,121,8918,2015,0.0,11554938.0,0.24944699999999997,1.7573159999999999,ZAF,KOR,842720
4119851,247,121,8918,2015,0.0,35704.0,-0.44792,-0.769586,ZMB,KOR,842720
4119852,249,121,8918,2015,1747306.0,277911.0,1.962832,1.214982,TWN,KOR,842720
4119853,7,122,8918,2015,661299.0,58656.0,0.21779600000000002,-0.0047420000000000006,ARE,KWT,842720
4119854,18,122,8918,2015,179725.0,0.0,1.329866,1.100641,BEL,KWT,842720
4119855,24,122,8918,2015,70578.0,0.0,0.36650900000000003,-0.28735,BHR,KWT,842720
4119856,43,122,8918,2015,3528770.0,0.0,1.077143,1.735757,CHN,KWT,842720
4119857,61,122,8918,2015,224384.0,0.0,2.203818,-2.307561,DEU,KWT,842720
4119858,77,122,8918,2015,495063.0,0.0,1.479792,0.6490239999999999,FRA,KWT,842720
4119859,81,122,8918,2015,1095772.0,0.0,1.7422990000000003,0.75838,GBR,KWT,842720
4119860,106,122,8918,2015,120103.0,0.0,1.304942,0.126431,IRL,KWT,842720
4119861,111,122,8918,2015,54026.0,0.0,1.321127,0.747046,ITA,KWT,842720
4119862,113,122,8918,2015,0.0,10314.0,0.121172,0.457301,JOR,KWT,842720
4119863,114,122,8918,2015,4428678.0,0.0,2.516133,-0.484202,JPN,KWT,842720
4119864,121,122,8918,2015,496968.0,0.0,1.900653,0.859406,KOR,KWT,842720
4119865,124,122,8918,2015,0.0,15879.0,0.317355,1.330374,LBN,KWT,842720
4119866,162,122,8918,2015,73604.0,0.0,1.230104,1.27344,NLD,KWT,842720
4119867,183,122,8918,2015,20473.0,132410.0,-0.077053,-0.9922719999999999,QAT,KWT,842720
4119868,188,122,8918,2015,36093.0,329831.0,0.5552520000000001,-0.7263229999999999,SAU,KWT,842720
4119869,208,122,8918,2015,430380.0,0.0,1.8068349999999997,0.693389,SWE,KWT,842720
4119870,224,122,8918,2015,119847.0,0.0,0.438669,2.519632,TUR,KWT,842720
4119871,231,122,8918,2015,3808232.0,0.0,1.720478,-0.129322,USA,KWT,842720
4119872,15,138,8918,2015,28529.0,0.0,1.747098,-0.08026699999999999,AUT,MEX,842720
4119873,18,138,8918,2015,140440.0,0.0,1.329866,1.100641,BEL,MEX,842720
4119874,22,138,8918,2015,0.0,14876.0,-1.088465,-0.8745360000000001,BGD,MEX,842720
4119875,29,138,8918,2015,0.0,943.0,-0.24283600000000002,-0.577408,BLZ,MEX,842720
4119876,32,138,8918,2015,861222.0,0.0,0.23656799999999997,0.688607,BRA,MEX,842720
4119877,39,138,8918,2015,282877.0,167660.0,0.695867,1.171676,CAN,MEX,842720
4119878,42,138,8918,2015,0.0,97670.0,-0.356167,-0.47629399999999994,CHL,MEX,842720
4119879,43,138,8918,2015,9248206.0,0.0,1.077143,1.735757,CHN,MEX,842720
4119880,49,138,8918,2015,267036.0,36211.0,0.156383,-0.183055,COL,MEX,842720
4119881,52,138,8918,2015,0.0,107135.0,0.24859699999999998,-0.033143,CRI,MEX,842720
4119882,61,138,8918,2015,6818487.0,0.0,2.203818,-2.307561,DEU,MEX,842720
4119883,65,138,8918,2015,0.0,3523.0,-0.212808,0.395873,DOM,MEX,842720
4119884,71,138,8918,2015,327315.0,0.0,0.8173590000000001,2.442556,ESP,MEX,842720
4119885,77,138,8918,2015,1494347.0,0.0,1.479792,0.6490239999999999,FRA,MEX,842720
4119886,81,138,8918,2015,2871302.0,0.0,1.7422990000000003,0.75838,GBR,MEX,842720
4119887,93,138,8918,2015,0.0,30653.0,-0.284403,0.525564,GTM,MEX,842720
4119888,106,138,8918,2015,3830701.0,0.0,1.304942,0.126431,IRL,MEX,842720
4119889,111,138,8918,2015,1071379.0,0.0,1.321127,0.747046,ITA,MEX,842720
4119890,114,138,8918,2015,14121150.0,0.0,2.516133,-0.484202,JPN,MEX,842720
4119891,121,138,8918,2015,2079219.0,0.0,1.900653,0.859406,KOR,MEX,842720
4119892,162,138,8918,2015,6566558.0,0.0,1.230104,1.27344,NLD,MEX,842720
4119893,173,138,8918,2015,0.0,32933.0,-0.6007819999999999,0.32152800000000004,PER,MEX,842720
4119894,197,138,8918,2015,969.0,0.0,0.05531900000000001,0.169073,SLV,MEX,842720
4119895,205,138,8918,2015,0.0,47632.0,-0.570361,-1.005072,SUR,MEX,842720
4119896,208,138,8918,2015,4763280.0,0.0,1.8068349999999997,0.693389,SWE,MEX,842720
4119897,231,138,8918,2015,257049392.0,4100782.0,1.720478,-0.129322,USA,MEX,842720
4119898,249,138,8918,2015,172813.0,0.0,1.962832,1.214982,TWN,MEX,842720
4119899,2,153,8918,2015,0.0,6865.0,-1.6542,-1.2598989999999999,AGO,MYS,842720
4119900,7,153,8918,2015,40423.0,99474.0,0.21779600000000002,-0.0047420000000000006,ARE,MYS,842720
4119901,14,153,8918,2015,243874.0,107411.0,-0.292325,-0.043489,AUS,MYS,842720
4119902,18,153,8918,2015,44181.0,64256.0,1.329866,1.100641,BEL,MYS,842720
4119903,22,153,8918,2015,0.0,3853.0,-1.088465,-0.8745360000000001,BGD,MYS,842720
4119904,34,153,8918,2015,0.0,91994.0,1.093564,-0.679211,BRN,MYS,842720
4119905,43,153,8918,2015,30314382.0,16865.0,1.077143,1.735757,CHN,MYS,842720
4119906,61,153,8918,2015,785662.0,202404.0,2.203818,-2.307561,DEU,MYS,842720
4119907,64,153,8918,2015,0.0,3386.0,1.157924,1.2045629999999998,DNK,MYS,842720
4119908,66,153,8918,2015,0.0,33394.0,-1.54346,-1.255633,DZA,MYS,842720
4119909,68,153,8918,2015,0.0,34725.0,-0.183053,1.765036,EGY,MYS,842720
4119910,71,153,8918,2015,2556.0,0.0,0.8173590000000001,2.442556,ESP,MYS,842720
4119911,77,153,8918,2015,450559.0,0.0,1.479792,0.6490239999999999,FRA,MYS,842720
4119912,80,153,8918,2015,0.0,219151.0,-1.384351,-1.209873,GAB,MYS,842720
4119913,81,153,8918,2015,681136.0,0.0,1.7422990000000003,0.75838,GBR,MYS,842720
4119914,97,153,8918,2015,105123.0,210942.0,0.8255290000000001,1.8017279999999998,HKG,MYS,842720
4119915,103,153,8918,2015,4023.0,146654.0,-0.145103,1.277362,IDN,MYS,842720
4119916,104,153,8918,2015,286462.0,16625.0,0.24230900000000002,2.8190880000000003,IND,MYS,842720
4119917,106,153,8918,2015,322982.0,0.0,1.304942,0.126431,IRL,MYS,842720
4119918,107,153,8918,2015,0.0,350811.0,-0.258946,-0.0073420000000000004,IRN,MYS,842720
4119919,111,153,8918,2015,505203.0,0.0,1.321127,0.747046,ITA,MYS,842720
4119920,114,153,8918,2015,49545680.0,17274.0,2.516133,-0.484202,JPN,MYS,842720
4119921,116,153,8918,2015,0.0,4800.0,-0.453564,0.433325,KEN,MYS,842720
4119922,118,153,8918,2015,0.0,108712.0,-0.791985,-0.833046,KHM,MYS,842720
4119923,121,153,8918,2015,2659765.0,0.0,1.900653,0.859406,KOR,MYS,842720
4119924,128,153,8918,2015,0.0,1261.0,-0.6773399999999999,0.386343,LKA,MYS,842720
4119925,137,153,8918,2015,0.0,25869.0,-0.321571,-0.858751,MDV,MYS,842720
4119926,143,153,8918,2015,0.0,170839.0,-1.4596120000000001,-0.903904,MMR,MYS,842720
4119927,159,153,8918,2015,0.0,89673.0,-1.415451,-1.157829,NGA,MYS,842720
4119928,162,153,8918,2015,2320318.0,31166.0,1.230104,1.27344,NLD,MYS,842720
4119929,166,153,8918,2015,2094.0,0.0,0.224598,0.253179,NZL,MYS,842720
4119930,167,153,8918,2015,0.0,832806.0,-0.4699,-1.00451,OMN,MYS,842720
4119931,168,153,8918,2015,0.0,1591.0,-0.7059979999999999,0.73501,PAK,MYS,842720
4119932,174,153,8918,2015,0.0,23491.0,0.6406270000000001,0.45770200000000005,PHL,MYS,842720
4119933,176,153,8918,2015,0.0,120979.0,-1.710939,-1.266333,PNG,MYS,842720
4119934,188,153,8918,2015,0.0,21733.0,0.5552520000000001,-0.7263229999999999,SAU,MYS,842720
4119935,192,153,8918,2015,1682598.0,536268.0,2.05613,0.593065,SGP,MYS,842720
4119936,208,153,8918,2015,4668.0,0.0,1.8068349999999997,0.693389,SWE,MYS,842720
4119937,216,153,8918,2015,197814.0,157512.0,0.965888,1.368572,THA,MYS,842720
4119938,231,153,8918,2015,756486.0,3725.0,1.720478,-0.129322,USA,MYS,842720
4119939,239,153,8918,2015,45951.0,45012.0,-0.17108900000000002,1.10995,VNM,MYS,842720
4119940,249,153,8918,2015,323803.0,0.0,1.962832,1.214982,TWN,MYS,842720
4119941,7,159,8918,2015,49778.0,0.0,0.21779600000000002,-0.0047420000000000006,ARE,NGA,842720
4119942,14,159,8918,2015,63031.0,0.0,-0.292325,-0.043489,AUS,NGA,842720
4119943,18,159,8918,2015,207211.0,0.0,1.329866,1.100641,BEL,NGA,842720
4119944,39,159,8918,2015,45725.0,0.0,0.695867,1.171676,CAN,NGA,842720
4119945,41,159,8918,2015,3722.0,0.0,2.306075,0.720781,CHE,NGA,842720
4119946,43,159,8918,2015,6359294.0,0.0,1.077143,1.735757,CHN,NGA,842720
4119947,45,159,8918,2015,3602.0,0.0,-0.924366,-1.040721,CMR,NGA,842720
4119948,61,159,8918,2015,350628.0,0.0,2.203818,-2.307561,DEU,NGA,842720
4119949,64,159,8918,2015,28751.0,0.0,1.157924,1.2045629999999998,DNK,NGA,842720
4119950,71,159,8918,2015,57406.0,0.0,0.8173590000000001,2.442556,ESP,NGA,842720
4119951,77,159,8918,2015,162606.0,0.0,1.479792,0.6490239999999999,FRA,NGA,842720
4119952,81,159,8918,2015,378999.0,0.0,1.7422990000000003,0.75838,GBR,NGA,842720
4119953,90,159,8918,2015,23904.0,0.0,0.099027,1.012289,GRC,NGA,842720
4119954,104,159,8918,2015,431992.0,0.0,0.24230900000000002,2.8190880000000003,IND,NGA,842720
4119955,106,159,8918,2015,64682.0,0.0,1.304942,0.126431,IRL,NGA,842720
4119956,111,159,8918,2015,1148998.0,0.0,1.321127,0.747046,ITA,NGA,842720
4119957,114,159,8918,2015,1897833.0,0.0,2.516133,-0.484202,JPN,NGA,842720
4119958,121,159,8918,2015,1788381.0,0.0,1.900653,0.859406,KOR,NGA,842720
4119959,153,159,8918,2015,89673.0,0.0,1.082803,0.811615,MYS,NGA,842720
4119960,162,159,8918,2015,845167.0,0.0,1.230104,1.27344,NLD,NGA,842720
4119961,179,159,8918,2015,45518.0,0.0,0.561922,2.2276380000000002,PRT,NGA,842720
4119962,186,159,8918,2015,4748.0,0.0,0.23119,0.035965,RUS,NGA,842720
4119963,208,159,8918,2015,582271.0,0.0,1.8068349999999997,0.693389,SWE,NGA,842720
4119964,224,159,8918,2015,35448.0,0.0,0.438669,2.519632,TUR,NGA,842720
4119965,231,159,8918,2015,1205748.0,0.0,1.720478,-0.129322,USA,NGA,842720
4119966,246,159,8918,2015,35029.0,0.0,0.24944699999999997,1.7573159999999999,ZAF,NGA,842720
4119967,43,160,8918,2015,361251.0,0.0,1.077143,1.735757,CHN,NIC,842720
4119968,52,160,8918,2015,129794.0,0.0,0.24859699999999998,-0.033143,CRI,NIC,842720
4119969,61,160,8918,2015,15318.0,0.0,2.203818,-2.307561,DEU,NIC,842720
4119970,71,160,8918,2015,1710.0,0.0,0.8173590000000001,2.442556,ESP,NIC,842720
4119971,93,160,8918,2015,111272.0,31307.0,-0.284403,0.525564,GTM,NIC,842720
4119972,114,160,8918,2015,892207.0,0.0,2.516133,-0.484202,JPN,NIC,842720
4119973,121,160,8918,2015,398787.0,0.0,1.900653,0.859406,KOR,NIC,842720
4119974,162,160,8918,2015,30689.0,0.0,1.230104,1.27344,NLD,NIC,842720
4119975,166,160,8918,2015,129504.0,0.0,0.224598,0.253179,NZL,NIC,842720
4119976,231,160,8918,2015,358988.0,0.0,1.720478,-0.129322,USA,NIC,842720
4119977,0,162,8918,2015,0.0,32234.0,0.8526809999999999,-0.043541,ABW,NLD,842720
4119978,1,162,8918,2015,0.0,31799.0,-1.249655,-0.9094459999999999,AFG,NLD,842720
4119979,2,162,8918,2015,12185.0,469529.0,-1.6542,-1.2598989999999999,AGO,NLD,842720
4119980,4,162,8918,2015,0.0,16173.0,-0.601875,-0.27003,ALB,NLD,842720
4119981,7,162,8918,2015,215734.0,6152932.0,0.21779600000000002,-0.0047420000000000006,ARE,NLD,842720
4119982,8,162,8918,2015,0.0,1142026.0,0.116896,0.30330999999999997,ARG,NLD,842720
4119983,14,162,8918,2015,0.0,21625316.0,-0.292325,-0.043489,AUS,NLD,842720
4119984,15,162,8918,2015,893084.0,2744363.0,1.747098,-0.08026699999999999,AUT,NLD,842720
4119985,16,162,8918,2015,0.0,526447.0,-0.983347,-1.231542,AZE,NLD,842720
4119986,17,162,8918,2015,0.0,95820.0,-0.993318,-1.031194,BDI,NLD,842720
4119987,18,162,8918,2015,28606806.0,28150220.0,1.329866,1.100641,BEL,NLD,842720
4119988,19,162,8918,2015,0.0,81567.0,-0.5641470000000001,-0.8971020000000001,BEN,NLD,842720
4119989,20,162,8918,2015,0.0,75134.0,1.036306,-0.715777,BES,NLD,842720
4119990,21,162,8918,2015,0.0,106588.0,-1.085359,-1.034365,BFA,NLD,842720
4119991,22,162,8918,2015,0.0,166720.0,-1.088465,-0.8745360000000001,BGD,NLD,842720
4119992,23,162,8918,2015,64334.0,1078040.0,0.45640699999999995,1.691455,BGR,NLD,842720
4119993,25,162,8918,2015,0.0,81811.0,0.669493,-0.37838099999999997,BHS,NLD,842720
4119994,26,162,8918,2015,0.0,601663.0,0.355903,0.723092,BIH,NLD,842720
4119995,28,162,8918,2015,0.0,9795.0,0.672499,0.5584020000000001,BLR,NLD,842720
4119996,31,162,8918,2015,0.0,14465.0,-1.051562,-1.067714,BOL,NLD,842720
4119997,32,162,8918,2015,50262.0,4344329.0,0.23656799999999997,0.688607,BRA,NLD,842720
4119998,39,162,8918,2015,268887.0,10359543.0,0.695867,1.171676,CAN,NLD,842720
