20019999,124,216,171,2010,844425.0,337965.0,0.415854,1.424085,LBN,THA,72
20020000,124,216,171,2011,98110.0,337134.0,0.278393,1.2962879999999999,LBN,THA,72
20020001,124,216,171,2012,0.0,187740.0,0.38759,1.446025,LBN,THA,72
20020002,124,216,171,2009,130849.0,78822.0,0.48618599999999995,1.4748620000000001,LBN,THA,72
20020003,124,216,171,2005,0.0,145407.0,0.398304,1.439764,LBN,THA,72
20020004,124,216,171,2004,52055.0,94773.0,0.32409899999999997,1.037024,LBN,THA,72
20020005,124,216,171,2016,0.0,10093.0,0.285829,1.0818139999999998,LBN,THA,72
20020006,125,216,171,2016,682437.0,0.0,-0.870345,-1.113277,LBR,THA,72
20020007,125,216,171,2013,54807.0,0.0,-0.41869399999999996,-0.9538770000000001,LBR,THA,72
20020008,125,216,171,2014,193162.0,0.0,-1.016828,-1.107983,LBR,THA,72
20020009,125,216,171,2017,997205.0,0.0,-0.355064,-0.977613,LBR,THA,72
20020010,125,216,171,2018,1723508.0,27189.0,-1.022881,-1.124718,LBR,THA,72
20020011,125,216,171,2019,674189.0,0.0,-1.288568,-1.172395,LBR,THA,72
20020012,125,216,171,2012,255550.0,0.0,-0.699557,-1.083059,LBR,THA,72
20020013,125,216,171,2010,61865.0,0.0,-0.527834,-1.045908,LBR,THA,72
20020014,125,216,171,2009,74404.0,0.0,-0.07508,-0.994632,LBR,THA,72
20020015,125,216,171,2005,236970.0,0.0,-0.6951890000000001,-1.101651,LBR,THA,72
20020016,125,216,171,1996,759448.0,0.0,-0.6975779999999999,-1.0896290000000002,LBR,THA,72
20020017,126,216,171,2007,15958344.0,71650.0,-0.8669959999999999,-1.167363,LBY,THA,72
20020018,126,216,171,2014,0.0,3632.0,-1.5943829999999999,-1.189961,LBY,THA,72
20020019,126,216,171,2010,9352021.0,1228605.0,-0.706491,-1.140822,LBY,THA,72
20020020,126,216,171,2011,13564573.0,4910.0,-1.680464,-1.148511,LBY,THA,72
20020021,126,216,171,2013,0.0,7839.0,-1.6241459999999999,-1.1817950000000002,LBY,THA,72
20020022,126,216,171,2012,14237249.0,7477.0,-3.1086240000000003,-1.185131,LBY,THA,72
20020023,126,216,171,2016,590621.0,0.0,-1.021925,-1.2316790000000002,LBY,THA,72
20020024,126,216,171,2002,1400326.0,0.0,-0.568615,-1.172261,LBY,THA,72
20020025,126,216,171,2009,0.0,673120.0,-1.196032,-1.1829,LBY,THA,72
20020026,126,216,171,2008,7649157.0,1447163.0,-1.156353,-1.133716,LBY,THA,72
20020027,126,216,171,2017,480044.0,0.0,-1.156635,-1.212561,LBY,THA,72
20020028,126,216,171,2018,0.0,87997.0,-1.608786,-1.231101,LBY,THA,72
20020029,126,216,171,2019,0.0,44239.0,-1.552842,-1.2316690000000001,LBY,THA,72
20020030,126,216,171,1999,0.0,27963.0,-0.269375,-1.145758,LBY,THA,72
20020031,126,216,171,2001,3570399.0,0.0,-0.9321459999999999,-1.198124,LBY,THA,72
20020032,126,216,171,2003,6649280.0,0.0,-0.36075999999999997,-1.110575,LBY,THA,72
20020033,126,216,171,2004,0.0,1074.0,-0.42119700000000004,-1.179463,LBY,THA,72
20020034,126,216,171,2006,0.0,13487.0,-0.518724,-1.142074,LBY,THA,72
20020035,127,216,171,2017,23264.0,0.0,0.458896,-0.149195,LCA,THA,72
20020036,127,216,171,2019,109583.0,0.0,0.21145,-0.08792699999999999,LCA,THA,72
20020037,127,216,171,2012,877708.0,0.0,0.526261,-0.10413199999999999,LCA,THA,72
20020038,127,216,171,2007,0.0,23765.0,0.7445430000000001,-0.187834,LCA,THA,72
20020039,127,216,171,2013,435382.0,0.0,0.265129,-0.5083949999999999,LCA,THA,72
20020040,127,216,171,2014,286073.0,0.0,0.29035500000000003,-0.603541,LCA,THA,72
20020041,127,216,171,2015,127154.0,0.0,0.5410590000000001,-0.484234,LCA,THA,72
20020042,127,216,171,2018,292549.0,0.0,0.18656,-0.143406,LCA,THA,72
20020043,128,216,171,2006,0.0,1849937.0,-0.573767,0.305913,LKA,THA,72
20020044,128,216,171,1999,85453.0,273588.0,-0.8875649999999999,-0.059249,LKA,THA,72
20020045,128,216,171,2002,20903.0,360523.0,-0.740927,0.023171,LKA,THA,72
20020046,128,216,171,2004,0.0,1312280.0,-0.658668,0.21912600000000002,LKA,THA,72
20020047,128,216,171,2010,40105.0,4553426.0,-0.70886,0.25216700000000003,LKA,THA,72
20020048,128,216,171,2003,0.0,702084.0,-0.618057,0.101931,LKA,THA,72
20020049,128,216,171,2009,0.0,4713147.0,-0.653836,0.174403,LKA,THA,72
20020050,128,216,171,2008,33488.0,7979217.0,-0.48245200000000005,0.295892,LKA,THA,72
20020051,128,216,171,2005,0.0,645347.0,-0.718592,0.22666,LKA,THA,72
20020052,128,216,171,2016,0.0,2300430.0,-0.562869,0.49937,LKA,THA,72
20020053,128,216,171,2017,10385.0,2608439.0,-0.46442799999999995,0.472132,LKA,THA,72
20020054,128,216,171,2018,65750.0,2618055.0,-0.544504,0.41074099999999997,LKA,THA,72
20020055,128,216,171,2019,5396.0,1621745.0,-0.592952,0.394811,LKA,THA,72
20020056,128,216,171,2020,1285.0,1807966.0,-0.48448599999999997,0.5495220000000001,LKA,THA,72
20020057,128,216,171,2000,20920.0,494317.0,-0.8783549999999999,-0.074326,LKA,THA,72
20020058,128,216,171,2011,37835.0,3815595.0,-0.559311,0.398905,LKA,THA,72
20020059,128,216,171,2013,0.0,2259625.0,-0.6521779999999999,0.41258599999999995,LKA,THA,72
20020060,128,216,171,2015,91124.0,1935907.0,-0.6773399999999999,0.386343,LKA,THA,72
20020061,128,216,171,2014,0.0,1869359.0,-0.49366899999999997,0.338686,LKA,THA,72
20020062,128,216,171,2012,59263.0,3387628.0,-0.49648100000000006,0.48185200000000006,LKA,THA,72
20020063,128,216,171,2007,0.0,2804458.0,-0.568577,0.364717,LKA,THA,72
20020064,128,216,171,2001,0.0,404506.0,-0.722434,-0.033818,LKA,THA,72
20020065,128,216,171,1996,0.0,13168.0,-0.812763,-0.188722,LKA,THA,72
20020066,128,216,171,1995,16282.0,561040.0,-0.8358030000000001,-0.29397199999999996,LKA,THA,72
20020067,128,216,171,1997,0.0,97802.0,-0.925745,-0.308559,LKA,THA,72
20020068,128,216,171,1998,0.0,696836.0,-0.933293,-0.233566,LKA,THA,72
20020069,129,216,171,2014,0.0,1015.0,-0.59647,-0.58713,LSO,THA,72
20020070,129,216,171,2005,0.0,75307.0,-1.8343599999999998,-1.077212,LSO,THA,72
20020071,129,216,171,2009,0.0,13367.0,-1.446041,-1.102158,LSO,THA,72
20020072,130,216,171,2019,0.0,78205.0,0.858456,1.364581,LTU,THA,72
20020073,130,216,171,1997,205653.0,0.0,0.377245,0.8823270000000001,LTU,THA,72
20020074,130,216,171,2018,0.0,2717.0,0.964249,1.4050200000000002,LTU,THA,72
20020075,130,216,171,2007,170620.0,1292559.0,0.604169,1.279982,LTU,THA,72
20020076,130,216,171,2013,0.0,161675.0,0.737796,1.215543,LTU,THA,72
20020077,130,216,171,2014,35674.0,97519.0,0.764495,1.3451540000000002,LTU,THA,72
20020078,130,216,171,2008,465854.0,205190.0,0.59033,0.961408,LTU,THA,72
20020079,130,216,171,2010,13156.0,74302.0,0.6390600000000001,1.144911,LTU,THA,72
20020080,130,216,171,2012,451830.0,539806.0,0.771482,1.000405,LTU,THA,72
20020081,130,216,171,2015,3332.0,36115.0,0.749429,1.3659860000000001,LTU,THA,72
20020082,130,216,171,2020,8076.0,0.0,0.9772870000000001,1.291244,LTU,THA,72
20020083,130,216,171,2011,584084.0,167662.0,0.747963,0.9759530000000001,LTU,THA,72
20020084,130,216,171,2009,0.0,60233.0,0.647736,1.150962,LTU,THA,72
20020085,130,216,171,2006,0.0,163915.0,0.44063599999999997,1.163857,LTU,THA,72
20020086,130,216,171,2005,0.0,348852.0,0.365698,0.8917370000000001,LTU,THA,72
20020087,130,216,171,2004,0.0,216084.0,0.403568,0.632707,LTU,THA,72
20020088,130,216,171,2003,0.0,46050.0,0.239608,0.517299,LTU,THA,72
20020089,130,216,171,1999,1588508.0,0.0,0.197536,0.5041899999999999,LTU,THA,72
20020090,131,216,171,2004,535324.0,0.0,1.37529,1.0172649999999999,LUX,THA,72
20020091,131,216,171,2019,3774119.0,0.0,1.234145,1.3754309999999998,LUX,THA,72
20020092,131,216,171,2018,906623.0,0.0,1.1142889999999999,1.306066,LUX,THA,72
20020093,131,216,171,2017,1074136.0,0.0,1.24064,1.298263,LUX,THA,72
20020094,131,216,171,2020,1313099.0,0.0,1.197655,1.432727,LUX,THA,72
20020095,131,216,171,2014,4322937.0,0.0,1.243845,1.155474,LUX,THA,72
20020096,131,216,171,2008,3793706.0,0.0,1.39945,1.003857,LUX,THA,72
20020097,131,216,171,2009,6781462.0,0.0,1.323336,1.026341,LUX,THA,72
20020098,131,216,171,2015,1245971.0,0.0,1.218924,1.247152,LUX,THA,72
20020099,131,216,171,2002,561219.0,0.0,1.605378,1.152973,LUX,THA,72
20020100,131,216,171,2010,169329.0,0.0,1.272127,1.1051520000000001,LUX,THA,72
20020101,131,216,171,2012,795900.0,0.0,1.131145,1.305768,LUX,THA,72
20020102,131,216,171,2013,3767372.0,0.0,1.170459,1.150327,LUX,THA,72
20020103,131,216,171,2011,1618930.0,0.0,1.1655739999999999,1.222379,LUX,THA,72
20020104,131,216,171,2016,326456.0,0.0,1.340054,1.30224,LUX,THA,72
20020105,131,216,171,2005,588777.0,0.0,1.399885,0.974292,LUX,THA,72
20020106,131,216,171,2006,752522.0,0.0,1.4345620000000001,0.8840819999999999,LUX,THA,72
20020107,131,216,171,2007,293817.0,0.0,1.390259,0.996566,LUX,THA,72
20020108,131,216,171,1999,60942.0,0.0,1.499745,1.142951,LUX,THA,72
20020109,131,216,171,2000,706751.0,0.0,1.331688,1.130817,LUX,THA,72
20020110,131,216,171,2001,623156.0,0.0,1.470895,1.149007,LUX,THA,72
20020111,131,216,171,2003,391220.0,0.0,1.444996,1.063764,LUX,THA,72
20020112,132,216,171,2014,95000.0,265778.0,0.613116,1.1899790000000001,LVA,THA,72
20020113,132,216,171,2016,0.0,13963.0,0.553592,1.19865,LVA,THA,72
20020114,132,216,171,2019,31587.0,4086.0,0.7804300000000001,1.159592,LVA,THA,72
20020115,132,216,171,2020,24549.0,0.0,0.712901,1.119907,LVA,THA,72
20020116,132,216,171,2010,988540.0,481322.0,0.6158170000000001,1.1401059999999998,LVA,THA,72
20020117,132,216,171,2012,317469.0,3773659.0,0.71433,0.9376540000000001,LVA,THA,72
20020118,132,216,171,2013,115900.0,1696965.0,0.6219439999999999,1.166749,LVA,THA,72
20020119,132,216,171,2011,340622.0,4350243.0,0.7320939999999999,1.101321,LVA,THA,72
20020120,132,216,171,2004,0.0,141070.0,0.413821,0.627853,LVA,THA,72
20020121,132,216,171,2009,29752.0,0.0,0.675643,0.99977,LVA,THA,72
20020122,132,216,171,2008,14136.0,0.0,0.655489,1.0811540000000002,LVA,THA,72
20020123,133,216,171,2013,0.0,3782.0,0.252209,0.184401,MAC,THA,72
20020124,133,216,171,2014,0.0,89958.0,0.704535,0.5856140000000001,MAC,THA,72
20020125,133,216,171,2004,0.0,1565.0,-0.351045,-0.487521,MAC,THA,72
20020126,133,216,171,2012,0.0,403.0,0.659177,0.583923,MAC,THA,72
20020127,133,216,171,2002,0.0,9011.0,-0.360172,-0.359367,MAC,THA,72
20020128,133,216,171,2001,0.0,682998.0,-0.608406,-0.521662,MAC,THA,72
20020129,133,216,171,2003,0.0,4930.0,-0.294516,-0.413828,MAC,THA,72
20020130,133,216,171,2009,0.0,19653.0,0.450395,0.6237739999999999,MAC,THA,72
20020131,133,216,171,2020,0.0,3176.0,0.464354,0.020065,MAC,THA,72
20020132,133,216,171,1996,0.0,1342861.0,-0.23007399999999997,-0.34139400000000003,MAC,THA,72
20020133,133,216,171,2006,0.0,3231.0,-0.07118200000000001,-0.228354,MAC,THA,72
20020134,133,216,171,2005,0.0,1771.0,-0.218324,-0.329027,MAC,THA,72
20020135,133,216,171,1995,0.0,259590.0,-0.149794,-0.26961799999999997,MAC,THA,72
20020136,133,216,171,1997,0.0,3044670.0,-0.238002,-0.361492,MAC,THA,72
20020137,133,216,171,1998,0.0,773798.0,-0.21838000000000002,-0.370322,MAC,THA,72
20020138,133,216,171,2007,0.0,5258.0,0.168528,-0.150411,MAC,THA,72
20020139,134,216,171,2009,199799.0,0.0,-0.48819300000000004,0.173952,MAR,THA,72
20020140,134,216,171,2011,0.0,464173.0,-0.485404,0.099828,MAR,THA,72
20020141,134,216,171,2019,0.0,553050.0,-0.747739,-0.154125,MAR,THA,72
20020142,134,216,171,2016,53185.0,98710.0,-0.772795,-0.206511,MAR,THA,72
20020143,134,216,171,2018,0.0,478782.0,-0.712775,-0.090013,MAR,THA,72
20020144,134,216,171,2017,44984.0,355950.0,-0.757236,-0.065347,MAR,THA,72
20020145,134,216,171,2007,25605.0,85365.0,-0.5846560000000001,0.10927100000000001,MAR,THA,72
20020146,134,216,171,2008,770149.0,0.0,-0.505734,-0.000516,MAR,THA,72
20020147,134,216,171,2012,0.0,73004.0,-0.536297,-0.018561,MAR,THA,72
20020148,134,216,171,2015,141215.0,0.0,-0.7554810000000001,-0.059697,MAR,THA,72
20020149,134,216,171,1999,0.0,19768.0,-0.659053,-0.142104,MAR,THA,72
20020150,134,216,171,2001,0.0,114513.0,-0.75275,-0.280397,MAR,THA,72
20020151,134,216,171,2002,0.0,761.0,-0.810467,-0.34807899999999997,MAR,THA,72
20020152,134,216,171,2020,0.0,3888698.0,-0.5208510000000001,-0.080499,MAR,THA,72
20020153,135,216,171,2018,5645.0,139.0,-0.358412,-0.271334,MDA,THA,72
20020154,135,216,171,2019,3768.0,1542.0,-0.333385,-0.35752,MDA,THA,72
20020155,135,216,171,2020,3401.0,1370.0,-0.06779199999999999,-0.240851,MDA,THA,72
20020156,135,216,171,2008,0.0,1688.0,0.096913,-0.095718,MDA,THA,72
20020157,135,216,171,2009,0.0,1756.0,0.009281999999999999,-0.039299,MDA,THA,72
20020158,135,216,171,2012,0.0,131.0,0.025301,0.36205,MDA,THA,72
20020159,135,216,171,2007,0.0,651.0,0.147801,0.13758299999999998,MDA,THA,72
20020160,135,216,171,2003,2008207.0,0.0,-0.005154,-0.26107199999999997,MDA,THA,72
20020161,135,216,171,2005,5642912.0,0.0,-0.10179400000000001,-0.152093,MDA,THA,72
20020162,135,216,171,1997,6017199.0,0.0,0.148579,-0.334685,MDA,THA,72
20020163,135,216,171,1999,1530573.0,0.0,-0.16408,-0.08062000000000001,MDA,THA,72
20020164,135,216,171,2002,3848900.0,0.0,-0.186001,-0.141598,MDA,THA,72
20020165,135,216,171,2004,7732.0,0.0,-0.155523,-0.355142,MDA,THA,72
20020166,136,216,171,2005,0.0,1322.0,-1.075232,-0.333908,MDG,THA,72
20020167,136,216,171,2017,0.0,10577.0,-1.277182,-0.6503399999999999,MDG,THA,72
20020168,136,216,171,2006,9683.0,262092.0,-1.024657,-0.393395,MDG,THA,72
20020169,136,216,171,2015,0.0,54750.0,-1.15947,-0.497217,MDG,THA,72
20020170,136,216,171,2009,0.0,180874.0,-1.0356610000000002,-0.198062,MDG,THA,72
20020171,136,216,171,2012,30558.0,84498.0,-0.9744290000000001,-0.326567,MDG,THA,72
20020172,136,216,171,2013,0.0,92782.0,-1.068565,-0.364254,MDG,THA,72
20020173,136,216,171,2014,0.0,59098.0,-1.002122,-0.44446,MDG,THA,72
20020174,136,216,171,2007,0.0,4203.0,-0.939838,-0.221205,MDG,THA,72
20020175,136,216,171,2008,4577.0,14949.0,-0.9618190000000001,-0.348841,MDG,THA,72
20020176,136,216,171,2016,0.0,15840.0,-1.2672709999999998,-0.613909,MDG,THA,72
20020177,136,216,171,2018,0.0,478480.0,-1.2144549999999998,-0.748326,MDG,THA,72
20020178,136,216,171,2019,0.0,718335.0,-1.267516,-0.733849,MDG,THA,72
20020179,136,216,171,2010,0.0,127219.0,-0.8737799999999999,-0.043717,MDG,THA,72
20020180,136,216,171,2011,27585.0,948343.0,-1.040519,-0.404883,MDG,THA,72
20020181,136,216,171,2020,0.0,123821.0,-1.206503,-0.709465,MDG,THA,72
20020182,136,216,171,2004,0.0,10758.0,-1.355542,-0.634409,MDG,THA,72
20020183,136,216,171,1995,0.0,20745.0,-1.178074,-0.6167,MDG,THA,72
20020184,136,216,171,1997,0.0,1371.0,-1.2630370000000002,-0.565295,MDG,THA,72
20020185,137,216,171,2007,0.0,2033486.0,-0.7558050000000001,-0.931211,MDV,THA,72
20020186,137,216,171,2012,0.0,1347288.0,-0.664154,-0.826418,MDV,THA,72
20020187,137,216,171,2013,0.0,2136514.0,-0.21889699999999998,-0.776392,MDV,THA,72
20020188,137,216,171,2014,0.0,2561081.0,-0.43265299999999995,-0.82696,MDV,THA,72
20020189,137,216,171,2015,0.0,908816.0,-0.321571,-0.858751,MDV,THA,72
20020190,137,216,171,2016,0.0,3151044.0,-0.79904,-0.9720840000000001,MDV,THA,72
20020191,137,216,171,2017,0.0,2066778.0,-1.100027,-0.9779479999999999,MDV,THA,72
20020192,137,216,171,2019,0.0,1777375.0,-0.37792800000000004,-0.8963059999999999,MDV,THA,72
20020193,137,216,171,1995,0.0,9996.0,-1.258938,-0.9818629999999999,MDV,THA,72
20020194,137,216,171,1996,0.0,16356.0,-1.107903,-1.016442,MDV,THA,72
20020195,137,216,171,1997,0.0,11999.0,-1.155491,-1.0362200000000001,MDV,THA,72
20020196,137,216,171,1998,0.0,21388.0,-1.4121629999999998,-1.084394,MDV,THA,72
20020197,137,216,171,1999,0.0,45105.0,-0.83783,-0.941734,MDV,THA,72
20020198,137,216,171,2000,0.0,8222.0,-1.408182,-1.099033,MDV,THA,72
20020199,137,216,171,2001,0.0,15061.0,-0.980734,-0.9785659999999999,MDV,THA,72
20020200,137,216,171,2002,0.0,26137.0,-1.3007440000000001,-1.0420120000000002,MDV,THA,72
20020201,137,216,171,2003,0.0,116028.0,-1.201352,-1.031892,MDV,THA,72
20020202,137,216,171,2004,0.0,123311.0,-0.34020700000000004,-0.817298,MDV,THA,72
20020203,137,216,171,2005,0.0,1641028.0,0.063163,-0.623409,MDV,THA,72
20020204,137,216,171,2006,0.0,2462073.0,-0.240191,-0.8320290000000001,MDV,THA,72
20020205,137,216,171,2008,0.0,2877832.0,0.037203,-0.718439,MDV,THA,72
20020206,137,216,171,2009,0.0,821928.0,-0.415182,-0.9298379999999999,MDV,THA,72
20020207,137,216,171,2010,0.0,1027559.0,-0.644859,-0.910633,MDV,THA,72
20020208,137,216,171,2011,0.0,1264216.0,-0.937469,-0.87897,MDV,THA,72
20020209,137,216,171,2018,0.0,1572668.0,-0.577527,-0.952098,MDV,THA,72
20020210,137,216,171,2020,0.0,1153693.0,-0.68914,-0.844514,MDV,THA,72
20020211,138,216,171,2004,16287275.0,227397.0,0.868684,0.85506,MEX,THA,72
20020212,138,216,171,2007,19841732.0,4334279.0,1.044746,0.605246,MEX,THA,72
20020213,138,216,171,1995,22144522.0,57289.0,0.6414300000000001,0.9697520000000001,MEX,THA,72
20020214,138,216,171,1996,18259660.0,12097.0,0.651949,0.9132170000000001,MEX,THA,72
20020215,138,216,171,2000,6224.0,1254494.0,0.6866760000000001,0.64383,MEX,THA,72
20020216,138,216,171,2001,5936.0,257837.0,0.797058,0.713234,MEX,THA,72
20020217,138,216,171,2012,1802215.0,1050316.0,1.039541,0.663349,MEX,THA,72
20020218,138,216,171,2013,14661808.0,755163.0,1.048507,0.718932,MEX,THA,72
20020219,138,216,171,2014,3861481.0,379337.0,1.0799729999999998,0.697554,MEX,THA,72
20020220,138,216,171,2015,3170214.0,588406.0,1.169724,0.61457,MEX,THA,72
20020221,138,216,171,2016,1617273.0,1652036.0,1.165638,0.6446649999999999,MEX,THA,72
20020222,138,216,171,1999,0.0,291917.0,0.581034,0.8399760000000001,MEX,THA,72
20020223,138,216,171,2003,17647803.0,201581.0,0.862509,0.756684,MEX,THA,72
20020224,138,216,171,1997,160764.0,19451.0,0.603221,0.898488,MEX,THA,72
20020225,138,216,171,2005,12119933.0,215254.0,1.046235,0.856245,MEX,THA,72
20020226,138,216,171,1998,32485.0,73484.0,0.525671,0.880649,MEX,THA,72
20020227,138,216,171,2006,2181096.0,580159.0,1.047268,0.7142270000000001,MEX,THA,72
20020228,138,216,171,2008,30233983.0,10103523.0,0.9833639999999999,0.7687069999999999,MEX,THA,72
20020229,138,216,171,2011,24430811.0,495396.0,0.9534600000000001,0.706982,MEX,THA,72
20020230,138,216,171,2009,5341887.0,4226342.0,1.061625,0.719234,MEX,THA,72
20020231,138,216,171,2010,23729592.0,554928.0,1.132664,0.675756,MEX,THA,72
20020232,138,216,171,2002,355796.0,267497.0,0.942061,0.6311260000000001,MEX,THA,72
20020233,138,216,171,2019,1139933.0,3409312.0,1.083041,0.569353,MEX,THA,72
20020234,138,216,171,2020,1494534.0,1648938.0,0.974514,0.563643,MEX,THA,72
20020235,138,216,171,2018,1673684.0,3959359.0,1.00061,0.585759,MEX,THA,72
20020236,138,216,171,2017,1358702.0,2661071.0,1.08871,0.5745279999999999,MEX,THA,72
20020237,139,216,171,2015,61330.0,0.0,-0.174541,-0.828616,MHL,THA,72
20020238,139,216,171,2011,110449.0,0.0,-0.380054,-0.73321,MHL,THA,72
20020239,139,216,171,2012,7036.0,0.0,-0.557802,-0.790155,MHL,THA,72
20020240,139,216,171,1999,10903.0,0.0,0.287285,-0.757613,MHL,THA,72
20020241,139,216,171,2013,809076.0,0.0,-0.980348,-0.8763219999999999,MHL,THA,72
20020242,140,216,171,2008,256175.0,0.0,-0.090639,-0.137401,MKD,THA,72
20020243,140,216,171,2015,0.0,277.0,-0.09009600000000001,-0.147359,MKD,THA,72
20020244,140,216,171,2014,0.0,7155.0,-0.039799,-0.05545,MKD,THA,72
20020245,140,216,171,2007,89932.0,9372.0,-0.125912,-0.009395,MKD,THA,72
20020246,140,216,171,2011,94872.0,0.0,-0.12310499999999999,0.16392,MKD,THA,72
20020247,140,216,171,2010,37270.0,0.0,-0.122842,0.407017,MKD,THA,72
20020248,140,216,171,2005,3825122.0,0.0,-0.084262,0.23169099999999998,MKD,THA,72
20020249,140,216,171,2009,4396.0,0.0,-0.14890499999999998,0.405505,MKD,THA,72
20020250,140,216,171,2016,0.0,2317.0,0.026185000000000003,-0.20027999999999999,MKD,THA,72
20020251,141,216,171,2012,0.0,1385.0,-0.592899,-0.775098,MLI,THA,72
20020252,141,216,171,2002,14872.0,0.0,-0.8948520000000001,-0.863375,MLI,THA,72
20020253,141,216,171,2005,562278.0,0.0,-0.811021,-0.77035,MLI,THA,72
20020254,141,216,171,1996,0.0,6807999.0,-0.987858,-0.9677040000000001,MLI,THA,72
20020255,141,216,171,1997,0.0,66940.0,-1.230276,-1.086769,MLI,THA,72
20020256,141,216,171,1998,0.0,3284.0,-0.8910049999999999,-0.9654870000000001,MLI,THA,72
20020257,141,216,171,1999,2463.0,0.0,-0.8019149999999999,-0.9337979999999999,MLI,THA,72
20020258,141,216,171,2001,5245.0,0.0,-0.40341,-0.626402,MLI,THA,72
20020259,142,216,171,2002,0.0,997.0,1.12245,0.019001,MLT,THA,72
20020260,142,216,171,2017,0.0,80990.0,0.999914,0.12683,MLT,THA,72
20020261,142,216,171,2010,50573.0,0.0,1.211797,-0.024923,MLT,THA,72
20020262,142,216,171,2011,343135.0,0.0,1.3001340000000001,0.22605799999999998,MLT,THA,72
20020263,142,216,171,2012,957698.0,0.0,1.023776,0.12459400000000001,MLT,THA,72
20020264,142,216,171,2016,0.0,31872.0,0.8795950000000001,-0.21689499999999998,MLT,THA,72
20020265,142,216,171,2014,24178.0,0.0,0.817013,0.0016309999999999999,MLT,THA,72
20020266,142,216,171,2004,175353.0,12819.0,1.251894,0.063827,MLT,THA,72
20020267,142,216,171,2006,21633.0,0.0,1.384411,0.093734,MLT,THA,72
20020268,142,216,171,2013,194505.0,0.0,0.8519760000000001,-0.075869,MLT,THA,72
20020269,142,216,171,2008,20347.0,0.0,1.015716,-0.065673,MLT,THA,72
20020270,142,216,171,2003,1300.0,8150.0,1.2138149999999999,-0.015687,MLT,THA,72
20020271,143,216,171,2016,195134.0,44025154.0,-1.160878,-0.6042609999999999,MMR,THA,72
20020272,143,216,171,2017,5405917.0,55599013.0,-1.051544,-0.419183,MMR,THA,72
20020273,143,216,171,2018,21353668.0,72888793.0,-0.936467,-0.223413,MMR,THA,72
20020274,143,216,171,2019,4547142.0,69236414.0,-1.196733,-0.435766,MMR,THA,72
20020275,143,216,171,2020,4148901.0,68499688.0,-0.9993569999999999,-0.298647,MMR,THA,72
20020276,143,216,171,2011,129415.0,72924651.0,-1.3557190000000001,-0.929934,MMR,THA,72
20020277,143,216,171,2012,115804.0,61143927.0,-1.219747,-0.9290229999999999,MMR,THA,72
20020278,143,216,171,2015,517171.0,49404730.0,-1.4596120000000001,-0.903904,MMR,THA,72
20020279,143,216,171,2013,256133.0,57145729.0,-1.230787,-0.737375,MMR,THA,72
20020280,143,216,171,2009,78290.0,53407019.0,-1.6459529999999998,-1.186635,MMR,THA,72
20020281,143,216,171,2010,122455.0,61385151.0,-1.480389,-1.075842,MMR,THA,72
20020282,143,216,171,2002,6742844.0,12448128.0,-1.571568,-1.131512,MMR,THA,72
20020283,143,216,171,2005,1672300.0,28272186.0,-1.506567,-1.169183,MMR,THA,72
20020284,143,216,171,2007,53810.0,44003387.0,-1.29366,-1.074733,MMR,THA,72
20020285,143,216,171,2008,619068.0,51706193.0,-1.501556,-1.1134110000000002,MMR,THA,72
20020286,143,216,171,2014,253335.0,53448039.0,-1.5332459999999999,-1.145973,MMR,THA,72
20020287,143,216,171,2001,61627.0,16565255.0,-1.5627,-1.150854,MMR,THA,72
20020288,143,216,171,2004,26138055.0,26991108.0,-1.400614,-0.947664,MMR,THA,72
20020289,143,216,171,1999,93500.0,11289176.0,-1.4991299999999999,-0.984557,MMR,THA,72
20020290,143,216,171,2000,153328.0,27359020.0,-1.504802,-1.0756860000000001,MMR,THA,72
20020291,143,216,171,2006,45974.0,30895981.0,-1.543679,-1.145623,MMR,THA,72
20020292,143,216,171,1998,0.0,9311302.0,-1.620365,-0.997957,MMR,THA,72
20020293,143,216,171,1997,0.0,9889573.0,-1.595159,-1.09562,MMR,THA,72
20020294,143,216,171,2003,15288484.0,25705555.0,-1.435123,-1.0948,MMR,THA,72
20020295,143,216,171,1995,0.0,6889855.0,-1.5669309999999999,-1.124558,MMR,THA,72
20020296,143,216,171,1996,0.0,7240456.0,-1.556357,-1.078395,MMR,THA,72
20020297,144,216,171,2008,0.0,16340.0,0.321434,-0.168212,MNE,THA,72
20020298,144,216,171,2016,0.0,1084.0,-0.005084,-0.25252199999999997,MNE,THA,72
20020299,144,216,171,2010,80879.0,0.0,0.266397,-0.02502,MNE,THA,72
20020300,144,216,171,2018,0.0,894.0,0.332495,0.124258,MNE,THA,72
20020301,144,216,171,2019,34919.0,6585.0,0.40415100000000004,0.068967,MNE,THA,72
20020302,145,216,171,2000,0.0,1278.0,-0.600593,-0.889832,MNG,THA,72
20020303,145,216,171,2013,0.0,28800.0,-1.3270950000000001,-1.144547,MNG,THA,72
20020304,145,216,171,1998,0.0,2259009.0,-0.605635,-0.9181520000000001,MNG,THA,72
20020305,145,216,171,2014,0.0,5067.0,-1.425524,-1.161949,MNG,THA,72
20020306,145,216,171,2020,0.0,973.0,-1.011938,-1.127569,MNG,THA,72
20020307,145,216,171,2015,0.0,957.0,-1.244368,-1.196677,MNG,THA,72
20020308,145,216,171,2012,0.0,16377.0,-1.2191,-1.1559549999999998,MNG,THA,72
20020309,145,216,171,1996,0.0,109437.0,-0.18177000000000001,-0.8212280000000001,MNG,THA,72
20020310,147,216,171,2008,722218.0,21578.0,-0.982727,-0.8361219999999999,MOZ,THA,72
20020311,147,216,171,2005,650514.0,0.0,-1.301283,-1.180598,MOZ,THA,72
20020312,147,216,171,2011,10181.0,0.0,-1.2069299999999998,-0.977785,MOZ,THA,72
20020313,147,216,171,2012,1801036.0,197135.0,-1.400493,-1.1536680000000001,MOZ,THA,72
20020314,147,216,171,2013,312426.0,213647.0,-1.326323,-1.050969,MOZ,THA,72
20020315,147,216,171,2014,336496.0,22804.0,-1.1993610000000001,-1.040181,MOZ,THA,72
20020316,147,216,171,2019,337430.0,39404.0,-1.264532,-1.072626,MOZ,THA,72
20020317,147,216,171,2020,318647.0,0.0,-1.1186040000000002,-0.974224,MOZ,THA,72
20020318,147,216,171,2007,357087.0,11495.0,-1.4703110000000001,-1.1915719999999999,MOZ,THA,72
20020319,147,216,171,2010,158278.0,0.0,-1.479855,-1.070518,MOZ,THA,72
20020320,147,216,171,2018,600474.0,0.0,-1.380023,-1.027817,MOZ,THA,72
20020321,147,216,171,2016,398911.0,46083.0,-1.333702,-1.116794,MOZ,THA,72
20020322,147,216,171,2004,5034.0,0.0,-1.1010790000000001,-1.0942,MOZ,THA,72
20020323,147,216,171,2017,806754.0,16531.0,-1.3882290000000002,-1.114475,MOZ,THA,72
20020324,147,216,171,2009,803090.0,19096.0,-1.0023090000000001,-0.844765,MOZ,THA,72
20020325,147,216,171,2015,337277.0,0.0,-1.293809,-1.115069,MOZ,THA,72
20020326,148,216,171,2013,312530.0,0.0,-1.950532,-1.283104,MRT,THA,72
20020327,148,216,171,2007,288495.0,0.0,-2.027741,-1.311094,MRT,THA,72
20020328,148,216,171,2010,1248486.0,0.0,-2.099882,-1.303977,MRT,THA,72
20020329,148,216,171,2011,1239935.0,0.0,-1.2593379999999998,-1.1793209999999998,MRT,THA,72
20020330,148,216,171,2012,1380195.0,0.0,-1.570474,-1.284412,MRT,THA,72
20020331,148,216,171,2014,503849.0,0.0,-1.458551,-1.225373,MRT,THA,72
20020332,148,216,171,2008,2788415.0,0.0,-2.081778,-1.274636,MRT,THA,72
20020333,148,216,171,2009,243801.0,0.0,-1.761436,-1.2898479999999999,MRT,THA,72
20020334,148,216,171,2019,579608.0,0.0,-1.711918,-1.339005,MRT,THA,72
20020335,148,216,171,2020,353644.0,0.0,-1.400894,-1.27631,MRT,THA,72
20020336,151,216,171,2018,0.0,538131.0,-0.128221,0.15049400000000002,MUS,THA,72
20020337,151,216,171,2019,0.0,413876.0,-0.15909600000000002,0.034770999999999996,MUS,THA,72
20020338,151,216,171,2009,50018.0,877475.0,-0.198194,0.067014,MUS,THA,72
20020339,151,216,171,2010,84163.0,454553.0,-0.173542,0.103727,MUS,THA,72
20020340,151,216,171,2007,92092.0,1126215.0,-0.342957,-0.129114,MUS,THA,72
20020341,151,216,171,2014,568587.0,129799.0,-0.029891,-0.12431099999999999,MUS,THA,72
20020342,151,216,171,2015,261593.0,135765.0,-0.231762,-0.195051,MUS,THA,72
20020343,151,216,171,2016,62548.0,189081.0,-0.24309899999999998,-0.084888,MUS,THA,72
20020344,151,216,171,2017,0.0,428214.0,-0.156616,0.073153,MUS,THA,72
20020345,151,216,171,2013,737965.0,489576.0,-0.158852,0.0061600000000000005,MUS,THA,72
20020346,151,216,171,2011,19389.0,435068.0,-0.09464600000000001,0.091177,MUS,THA,72
20020347,151,216,171,2020,0.0,396750.0,-0.048897,0.11543099999999999,MUS,THA,72
20020348,151,216,171,2012,181255.0,192222.0,-0.028582999999999997,0.116882,MUS,THA,72
20020349,151,216,171,2004,0.0,17605.0,-0.374754,-0.288504,MUS,THA,72
20020350,151,216,171,2006,0.0,567638.0,-0.311109,-0.07267,MUS,THA,72
20020351,151,216,171,2008,192227.0,286709.0,-0.337563,-0.144226,MUS,THA,72
20020352,151,216,171,2001,0.0,29801.0,-0.410422,-0.5868369999999999,MUS,THA,72
20020353,151,216,171,2000,0.0,17576.0,-0.412313,-0.5704140000000001,MUS,THA,72
20020354,151,216,171,2005,0.0,147372.0,-0.24565,-0.091397,MUS,THA,72
20020355,151,216,171,1995,0.0,709195.0,-0.432644,-0.574298,MUS,THA,72
20020356,151,216,171,1996,0.0,788844.0,-0.538651,-0.746274,MUS,THA,72
20020357,151,216,171,1997,0.0,555473.0,-0.49241,-0.695729,MUS,THA,72
20020358,151,216,171,2002,0.0,78982.0,-0.37937600000000005,-0.388848,MUS,THA,72
20020359,151,216,171,2003,0.0,253675.0,-0.361514,-0.29839899999999997,MUS,THA,72
20020360,152,216,171,2016,0.0,1526.0,-1.113794,-1.172385,MWI,THA,72
20020361,153,216,171,2008,206245584.0,160967986.0,0.793395,0.6141939999999999,MYS,THA,72
20020362,153,216,171,2016,197347872.0,112476721.0,1.106894,0.7452840000000001,MYS,THA,72
20020363,153,216,171,2014,126041145.0,198941176.0,1.018138,0.774649,MYS,THA,72
20020364,153,216,171,2015,164617774.0,121716508.0,1.082803,0.811615,MYS,THA,72
20020365,153,216,171,2002,21532635.0,68662660.0,0.704957,0.243398,MYS,THA,72
20020366,153,216,171,2011,223817022.0,183329046.0,0.9893290000000001,0.632079,MYS,THA,72
20020367,153,216,171,2012,170729077.0,209067096.0,0.945643,0.7526510000000001,MYS,THA,72
20020368,153,216,171,2013,140372584.0,123858919.0,0.937641,0.747496,MYS,THA,72
20020369,153,216,171,2019,390110741.0,101358806.0,1.192967,0.730971,MYS,THA,72
20020370,153,216,171,2017,188860381.0,123137881.0,1.0110139999999999,0.6840729999999999,MYS,THA,72
20020371,153,216,171,2010,155601307.0,160226906.0,0.9530780000000001,0.607456,MYS,THA,72
20020372,153,216,171,1995,7752903.0,21460511.0,0.357745,0.374284,MYS,THA,72
20020373,153,216,171,1999,19466240.0,45127625.0,0.500591,0.136149,MYS,THA,72
20020374,153,216,171,2004,60491145.0,176779758.0,0.6710050000000001,0.17807,MYS,THA,72
20020375,153,216,171,2005,87705346.0,153869316.0,0.5847439999999999,0.13176300000000002,MYS,THA,72
20020376,153,216,171,2006,123029835.0,131208448.0,0.7896569999999999,0.363625,MYS,THA,72
20020377,153,216,171,2018,294407110.0,174369024.0,1.122976,0.734109,MYS,THA,72
20020378,153,216,171,2000,14301785.0,59402377.0,0.519684,0.170286,MYS,THA,72
20020379,153,216,171,2003,34446626.0,115739160.0,0.728804,0.2168,MYS,THA,72
20020380,153,216,171,2007,230519172.0,227373673.0,0.740788,0.302155,MYS,THA,72
20020381,153,216,171,2009,134994797.0,128597969.0,0.8718229999999999,0.607429,MYS,THA,72
20020382,153,216,171,1996,14961713.0,50730840.0,0.351774,0.347262,MYS,THA,72
20020383,153,216,171,1997,8719800.0,35104592.0,0.37340999999999996,0.36853600000000003,MYS,THA,72
20020384,153,216,171,1998,15761030.0,18913643.0,0.396826,0.203792,MYS,THA,72
20020385,153,216,171,2020,257546346.0,54878069.0,1.185223,0.573439,MYS,THA,72
20020386,153,216,171,2001,14130239.0,69779768.0,0.768174,0.307033,MYS,THA,72
20020387,154,216,171,2008,0.0,4465.0,1.085932,-0.176729,MYT,THA,72
20020388,154,216,171,2009,0.0,12795.0,1.173729,-0.08655800000000001,MYT,THA,72
20020389,154,216,171,2012,0.0,7165.0,0.828673,-0.422716,MYT,THA,72
20020390,154,216,171,2011,0.0,13904.0,0.804635,-0.312227,MYT,THA,72
20020391,155,216,171,2007,83746.0,0.0,-0.588953,-0.751722,NAM,THA,72
20020392,155,216,171,2008,273865.0,0.0,-0.104196,-0.301923,NAM,THA,72
20020393,155,216,171,2009,0.0,5519.0,-0.081207,-0.075292,NAM,THA,72
20020394,155,216,171,2010,1352602.0,0.0,-0.49860299999999996,-0.6728529999999999,NAM,THA,72
20020395,155,216,171,2011,0.0,340482.0,-0.42998400000000003,-0.632233,NAM,THA,72
20020396,155,216,171,2012,0.0,606652.0,-0.232079,-0.32721300000000003,NAM,THA,72
20020397,155,216,171,2013,688895.0,774047.0,-0.308643,-0.480617,NAM,THA,72
20020398,155,216,171,2014,1120016.0,330248.0,-0.428227,-0.5632229999999999,NAM,THA,72
20020399,155,216,171,2015,0.0,108369.0,-0.43457399999999996,-0.665655,NAM,THA,72
20020400,156,216,171,2019,46170.0,762011.0,-0.342544,-0.867944,NCL,THA,72
20020401,156,216,171,2009,0.0,160003.0,1.323528,0.523435,NCL,THA,72
20020402,156,216,171,2010,0.0,119877.0,-0.42193500000000006,-0.8256610000000001,NCL,THA,72
20020403,156,216,171,2014,0.0,183622.0,-0.509789,-0.767484,NCL,THA,72
20020404,156,216,171,2007,0.0,369124.0,-0.075892,-0.8211430000000001,NCL,THA,72
20020405,156,216,171,2011,0.0,149847.0,-0.976349,-0.798691,NCL,THA,72
20020406,156,216,171,2012,0.0,152425.0,-0.635354,-0.777234,NCL,THA,72
20020407,156,216,171,2017,174416.0,0.0,-0.38216100000000003,-0.8662549999999999,NCL,THA,72
20020408,156,216,171,2018,226129.0,0.0,-0.49370299999999995,-0.865432,NCL,THA,72
20020409,156,216,171,2020,80684.0,91459.0,-0.666664,-0.88528,NCL,THA,72
20020410,156,216,171,2006,0.0,181766.0,-0.135099,-0.7618779999999999,NCL,THA,72
20020411,156,216,171,2004,0.0,261986.0,-0.49824700000000005,-0.8284239999999999,NCL,THA,72
20020412,156,216,171,2005,0.0,189383.0,0.08313200000000001,-0.691012,NCL,THA,72
20020413,156,216,171,2008,0.0,82644.0,-0.21304099999999998,-0.8147300000000001,NCL,THA,72
20020414,157,216,171,2020,2686.0,0.0,-0.62888,-0.841089,NER,THA,72
20020415,157,216,171,2014,0.0,185209.0,-0.7187,-0.80918,NER,THA,72
20020416,157,216,171,2003,318781.0,0.0,-0.199296,-0.578264,NER,THA,72
20020417,157,216,171,2002,13953.0,0.0,-0.344562,-0.304996,NER,THA,72
20020418,157,216,171,1999,110349.0,14464.0,-0.539842,-0.762977,NER,THA,72
20020419,157,216,171,2000,3168.0,20905.0,-0.7289680000000001,-0.6210100000000001,NER,THA,72
20020420,157,216,171,1995,21888.0,0.0,-0.288248,-0.592174,NER,THA,72
20020421,158,216,171,2011,906559.0,0.0,1.0037200000000002,-0.348081,NFK,THA,72
20020422,159,216,171,2015,0.0,259597.0,-1.415451,-1.157829,NGA,THA,72
20020423,159,216,171,2016,0.0,13479.0,-1.835357,-1.286597,NGA,THA,72
20020424,159,216,171,1997,0.0,12946.0,-1.615102,-1.129541,NGA,THA,72
20020425,159,216,171,2008,0.0,635670.0,-1.9809139999999998,-1.189201,NGA,THA,72
20020426,159,216,171,2009,24136.0,132011.0,-1.584051,-1.156247,NGA,THA,72
20020427,159,216,171,2010,45454.0,1674910.0,-1.887084,-1.2280229999999999,NGA,THA,72
20020428,159,216,171,2007,0.0,4423176.0,-1.746879,-1.20823,NGA,THA,72
20020429,159,216,171,2020,0.0,2228.0,-1.6399299999999999,-1.19536,NGA,THA,72
20020430,159,216,171,2018,43927.0,31947.0,-1.8238,-1.259938,NGA,THA,72
20020431,159,216,171,2013,2362290.0,23501.0,-1.745783,-1.1356680000000001,NGA,THA,72
20020432,159,216,171,2019,0.0,27805.0,-1.7383970000000002,-1.220333,NGA,THA,72
20020433,159,216,171,2017,0.0,17249.0,-1.8260919999999998,-1.276591,NGA,THA,72
20020434,159,216,171,1998,0.0,13675.0,-1.484229,-1.144092,NGA,THA,72
20020435,159,216,171,2000,26320.0,0.0,-2.164663,-1.257723,NGA,THA,72
20020436,159,216,171,2002,0.0,19956.0,-1.8315700000000001,-1.25171,NGA,THA,72
20020437,159,216,171,2003,61968.0,115243.0,-1.859176,-1.234236,NGA,THA,72
20020438,159,216,171,2011,18399.0,56449.0,-1.699286,-1.15511,NGA,THA,72
20020439,159,216,171,2014,3324.0,3987989.0,-1.2126430000000001,-1.059697,NGA,THA,72
20020440,159,216,171,2012,199775.0,6230.0,-1.760488,-1.201048,NGA,THA,72
20020441,159,216,171,2006,0.0,61042.0,-2.094353,-1.215025,NGA,THA,72
20020442,159,216,171,2004,0.0,2068.0,-2.413432,-1.3033190000000001,NGA,THA,72
20020443,159,216,171,2005,0.0,59192.0,-2.359834,-1.2772219999999999,NGA,THA,72
20020444,160,216,171,2014,717263.0,0.0,-0.938269,-0.839066,NIC,THA,72
20020445,160,216,171,2006,0.0,3441.0,-0.998825,-0.893867,NIC,THA,72
20020446,160,216,171,2017,1777255.0,0.0,-1.0502280000000002,-0.8817719999999999,NIC,THA,72
20020447,160,216,171,2018,5014778.0,0.0,-0.887282,-0.827008,NIC,THA,72
20020448,160,216,171,2019,2031409.0,0.0,-1.058553,-0.854482,NIC,THA,72
20020449,160,216,171,2008,921746.0,0.0,-0.869193,-0.676623,NIC,THA,72
20020450,160,216,171,2000,0.0,8754.0,-0.8339270000000001,-0.6658689999999999,NIC,THA,72
20020451,160,216,171,2007,41947.0,0.0,-0.924162,-0.857508,NIC,THA,72
20020452,160,216,171,2010,0.0,236962.0,-0.9387409999999999,-0.8119569999999999,NIC,THA,72
20020453,160,216,171,2009,64840.0,0.0,-0.924057,-0.809557,NIC,THA,72
20020454,160,216,171,2011,0.0,42386.0,-0.9592139999999999,-0.796108,NIC,THA,72
20020455,160,216,171,2020,1658689.0,9103.0,-0.9128809999999999,-0.746636,NIC,THA,72
20020456,162,216,171,1995,6011238.0,86661.0,1.304391,1.8819119999999998,NLD,THA,72
20020457,162,216,171,1996,9751800.0,854395.0,1.256625,1.803132,NLD,THA,72
20020458,162,216,171,1997,17194676.0,660639.0,1.267794,1.727888,NLD,THA,72
20020459,162,216,171,1998,1187515.0,906887.0,1.248469,1.683182,NLD,THA,72
20020460,162,216,171,1999,2958870.0,3326185.0,1.308776,1.574293,NLD,THA,72
20020461,162,216,171,2000,3028696.0,42420.0,1.283291,1.58901,NLD,THA,72
20020462,162,216,171,2001,10553036.0,46378.0,1.315685,1.590935,NLD,THA,72
20020463,162,216,171,2002,19667037.0,42863.0,1.206176,1.7136360000000002,NLD,THA,72
20020464,162,216,171,2003,22863688.0,303837.0,1.168453,1.7085709999999998,NLD,THA,72
20020465,162,216,171,2004,37076288.0,1415186.0,1.251808,1.586526,NLD,THA,72
20020466,162,216,171,2005,32462725.0,2330407.0,1.143533,1.614774,NLD,THA,72
20020467,162,216,171,2006,16958337.0,26904579.0,1.192134,1.450852,NLD,THA,72
20020468,162,216,171,2008,89140380.0,16382775.0,1.139475,1.385316,NLD,THA,72
20020469,162,216,171,2009,54610255.0,11398982.0,1.1914850000000001,1.3076780000000001,NLD,THA,72
20020470,162,216,171,2010,44207650.0,16779619.0,1.237998,1.1891209999999999,NLD,THA,72
20020471,162,216,171,2011,41131539.0,18349322.0,1.1655229999999999,1.410167,NLD,THA,72
20020472,162,216,171,2012,37044618.0,3128148.0,1.124582,1.374002,NLD,THA,72
20020473,162,216,171,2013,10575566.0,495411.0,1.184107,1.249557,NLD,THA,72
20020474,162,216,171,2014,10349661.0,3184043.0,1.179325,1.355071,NLD,THA,72
20020475,162,216,171,2015,5607854.0,1437516.0,1.230104,1.27344,NLD,THA,72
20020476,162,216,171,2016,12745045.0,2118817.0,1.157361,1.5188540000000001,NLD,THA,72
20020477,162,216,171,2017,10514308.0,5358482.0,1.146959,1.470869,NLD,THA,72
20020478,162,216,171,2018,8739520.0,5626698.0,1.1478899999999999,1.454758,NLD,THA,72
20020479,162,216,171,2019,9040924.0,7851552.0,1.145044,1.3523530000000001,NLD,THA,72
20020480,162,216,171,2020,11596438.0,7461702.0,1.035951,1.559401,NLD,THA,72
20020481,162,216,171,2007,56896395.0,17005064.0,1.089169,1.589641,NLD,THA,72
20020482,163,216,171,1995,3530560.0,0.0,1.019741,0.394241,NOR,THA,72
20020483,163,216,171,1996,2178220.0,277391.0,1.204869,0.303062,NOR,THA,72
20020484,163,216,171,1997,4243377.0,0.0,1.003945,0.188826,NOR,THA,72
20020485,163,216,171,1998,1289746.0,104042.0,1.1660190000000001,0.43901899999999994,NOR,THA,72
20020486,163,216,171,1999,1505434.0,0.0,1.1012959999999998,0.240184,NOR,THA,72
20020487,163,216,171,2000,1009918.0,828.0,0.988346,0.046556,NOR,THA,72
20020488,163,216,171,2001,903533.0,1581.0,0.974814,0.06512000000000001,NOR,THA,72
20020489,163,216,171,2002,658631.0,0.0,1.110882,0.17164100000000002,NOR,THA,72
20020490,163,216,171,2003,387607.0,11109.0,1.1500620000000001,0.258554,NOR,THA,72
20020491,163,216,171,2005,1194935.0,32812.0,1.0581530000000001,0.038369,NOR,THA,72
20020492,163,216,171,2019,7812491.0,20873.0,0.6957300000000001,0.181607,NOR,THA,72
20020493,163,216,171,2020,3192541.0,51534.0,0.793459,0.369766,NOR,THA,72
20020494,163,216,171,2018,1163719.0,172464.0,0.681639,0.021762,NOR,THA,72
20020495,163,216,171,2017,1846397.0,807976.0,0.73658,0.11450199999999999,NOR,THA,72
20020496,163,216,171,2008,1672540.0,274318.0,0.911428,-0.019318000000000002,NOR,THA,72
20020497,163,216,171,2007,1225018.0,184793.0,0.9829100000000001,0.100995,NOR,THA,72
20020498,163,216,171,2009,504278.0,4382.0,0.865455,0.082808,NOR,THA,72
20020499,163,216,171,2013,1588538.0,40713.0,0.892099,0.18168399999999998,NOR,THA,72
20020500,163,216,171,2014,266468.0,149340.0,0.9187049999999999,0.182685,NOR,THA,72
20020501,163,216,171,2016,1899502.0,47352.0,0.89891,0.297673,NOR,THA,72
20020502,163,216,171,2015,877336.0,1186.0,0.950708,0.314339,NOR,THA,72
20020503,163,216,171,2010,1080280.0,6036.0,0.865676,0.138757,NOR,THA,72
20020504,163,216,171,2011,3003024.0,32837.0,0.8492770000000001,0.050044,NOR,THA,72
20020505,163,216,171,2006,1720279.0,11059.0,1.0787930000000001,0.014051,NOR,THA,72
20020506,163,216,171,2012,1763486.0,13655.0,0.8613049999999999,0.12626800000000002,NOR,THA,72
20020507,163,216,171,2004,265861.0,3483.0,1.10162,0.118709,NOR,THA,72
20020508,164,216,171,2013,0.0,2041.0,-0.293669,0.677365,NPL,THA,72
20020509,164,216,171,2015,0.0,2814.0,-0.290416,0.456716,NPL,THA,72
20020510,164,216,171,2011,0.0,42529.0,-0.242299,0.801966,NPL,THA,72
20020511,164,216,171,2003,0.0,77434.0,-0.26353899999999997,1.351717,NPL,THA,72
20020512,164,216,171,2007,0.0,161717.0,-0.274255,0.513961,NPL,THA,72
20020513,164,216,171,1998,0.0,61900.0,-0.634124,-0.279031,NPL,THA,72
20020514,164,216,171,1999,0.0,340139.0,-0.421433,0.24781799999999998,NPL,THA,72
20020515,164,216,171,2000,869.0,1593071.0,-0.395304,0.104966,NPL,THA,72
20020516,164,216,171,2005,0.0,1006.0,-0.347515,0.630102,NPL,THA,72
20020517,164,216,171,2008,0.0,1663.0,-0.130718,0.59102,NPL,THA,72
20020518,164,216,171,2017,0.0,1896.0,-0.319681,0.5788220000000001,NPL,THA,72
20020519,164,216,171,2020,0.0,9335.0,-0.22803299999999999,0.25111,NPL,THA,72
20020520,164,216,171,2009,0.0,3432642.0,-0.324434,1.076908,NPL,THA,72
20020521,164,216,171,2006,0.0,1042.0,-0.29672600000000005,0.665077,NPL,THA,72
20020522,164,216,171,2001,0.0,2512654.0,-0.483749,-0.008754999999999999,NPL,THA,72
20020523,164,216,171,1996,0.0,11981.0,-0.7390100000000001,-0.647903,NPL,THA,72
20020524,165,216,171,2011,359266.0,0.0,0.548569,-0.513296,NRU,THA,72
20020525,165,216,171,1997,1244461.0,0.0,1.1610610000000001,-0.485941,NRU,THA,72
20020526,165,216,171,1999,37274.0,0.0,0.400977,-0.643049,NRU,THA,72
20020527,166,216,171,2015,7188606.0,17977259.0,0.224598,0.253179,NZL,THA,72
20020528,166,216,171,1997,2082961.0,506776.0,0.557545,0.731294,NZL,THA,72
20020529,166,216,171,2001,1182267.0,5065640.0,0.521409,0.683134,NZL,THA,72
20020530,166,216,171,2002,1537305.0,8602770.0,0.542585,0.854243,NZL,THA,72
20020531,166,216,171,2003,1687258.0,8559551.0,0.589619,0.997301,NZL,THA,72
20020532,166,216,171,2004,2925183.0,14385708.0,0.567392,0.965781,NZL,THA,72
20020533,166,216,171,2005,1501885.0,16616568.0,0.623822,0.825528,NZL,THA,72
20020534,166,216,171,2006,1536014.0,14836211.0,0.5371,0.8240209999999999,NZL,THA,72
20020535,166,216,171,2007,7473529.0,23719225.0,0.495938,0.845825,NZL,THA,72
20020536,166,216,171,2008,10315323.0,34228480.0,0.513416,0.753058,NZL,THA,72
20020537,166,216,171,2009,2312790.0,5698322.0,0.38301999999999997,0.720644,NZL,THA,72
20020538,166,216,171,2010,5436467.0,20819495.0,0.36828299999999997,0.574574,NZL,THA,72
20020539,166,216,171,2011,7661467.0,22797771.0,0.372732,0.548601,NZL,THA,72
20020540,166,216,171,2012,1187233.0,12245018.0,0.410575,0.714584,NZL,THA,72
20020541,166,216,171,2013,2461797.0,12285985.0,0.3345,0.39063000000000003,NZL,THA,72
20020542,166,216,171,2014,5647976.0,17863489.0,0.272502,0.21628699999999998,NZL,THA,72
20020543,166,216,171,2016,22243548.0,17055427.0,0.236556,0.252918,NZL,THA,72
20020544,166,216,171,2017,2581466.0,26716814.0,0.25651199999999996,0.132996,NZL,THA,72
20020545,166,216,171,2018,3024692.0,30682872.0,0.21902600000000003,0.148714,NZL,THA,72
20020546,166,216,171,2019,2562368.0,23359279.0,0.119281,0.039036,NZL,THA,72
20020547,166,216,171,2020,9131464.0,16029419.0,0.145567,0.070121,NZL,THA,72
20020548,166,216,171,1998,1885288.0,1110066.0,0.5690529999999999,0.7752060000000001,NZL,THA,72
20020549,166,216,171,1999,197123.0,5000199.0,0.592051,0.780176,NZL,THA,72
20020550,166,216,171,2000,657859.0,4424869.0,0.552858,0.8281129999999999,NZL,THA,72
20020551,166,216,171,1995,3206957.0,203167.0,0.5558270000000001,0.773271,NZL,THA,72
20020552,166,216,171,1996,3492624.0,398560.0,0.49466099999999996,0.8302879999999999,NZL,THA,72
20020553,167,216,171,2003,0.0,22436.0,-1.434873,-1.188123,OMN,THA,72
20020554,167,216,171,2005,58659.0,356711.0,-0.384571,-1.068743,OMN,THA,72
20020555,167,216,171,2006,0.0,14929.0,-0.6373989999999999,-1.092554,OMN,THA,72
20020556,167,216,171,2009,1458241.0,252958.0,-0.691918,-1.015434,OMN,THA,72
20020557,167,216,171,2010,997765.0,1790856.0,-0.487612,-0.9551379999999999,OMN,THA,72
20020558,167,216,171,2011,28071479.0,25756.0,-0.473703,-0.952491,OMN,THA,72
20020559,167,216,171,2012,0.0,110496.0,-0.869576,-1.1086850000000001,OMN,THA,72
20020560,167,216,171,1997,16407.0,0.0,-0.335834,-0.945859,OMN,THA,72
20020561,167,216,171,2004,776876.0,113416.0,-0.62946,-1.108933,OMN,THA,72
20020562,167,216,171,2013,0.0,57211.0,-0.604175,-1.0463209999999998,OMN,THA,72
20020563,167,216,171,2008,242628.0,30613.0,-0.635199,-1.027136,OMN,THA,72
20020564,167,216,171,2015,1604248.0,245906.0,-0.4699,-1.00451,OMN,THA,72
20020565,167,216,171,2018,14858963.0,155407.0,-0.548048,-0.9972989999999999,OMN,THA,72
20020566,167,216,171,2002,0.0,49170.0,-1.238769,-1.225841,OMN,THA,72
20020567,167,216,171,2019,244790628.0,124670.0,-0.40120100000000003,-0.881602,OMN,THA,72
20020568,167,216,171,1995,20534.0,0.0,-0.328853,-0.946069,OMN,THA,72
20020569,167,216,171,1996,10925.0,282450.0,-0.10243499999999998,-0.8425879999999999,OMN,THA,72
20020570,167,216,171,1998,0.0,7542.0,-0.38848499999999997,-0.898559,OMN,THA,72
20020571,167,216,171,2000,0.0,55429.0,-1.0104549999999999,-1.185999,OMN,THA,72
20020572,167,216,171,2001,0.0,19539.0,-0.909329,-1.189698,OMN,THA,72
20020573,167,216,171,2007,0.0,5071832.0,-0.5185310000000001,-1.071832,OMN,THA,72
20020574,167,216,171,2014,1841891.0,125084.0,-0.505129,-1.0051370000000002,OMN,THA,72
20020575,167,216,171,2016,376313.0,91419.0,-0.334782,-0.9107190000000001,OMN,THA,72
20020576,167,216,171,2017,18234316.0,53724.0,-0.347684,-0.884569,OMN,THA,72
20020577,167,216,171,2020,334175431.0,332428.0,-0.251371,-0.8775299999999999,OMN,THA,72
20020578,168,216,171,2015,259280.0,13452045.0,-0.7059979999999999,0.73501,PAK,THA,72
20020579,168,216,171,2017,50708.0,8762084.0,-0.698561,0.43523500000000004,PAK,THA,72
20020580,168,216,171,2006,3762.0,13054781.0,-0.449333,0.563013,PAK,THA,72
20020581,168,216,171,2009,164834.0,21034804.0,-0.514907,0.44733100000000003,PAK,THA,72
20020582,168,216,171,2011,13361.0,27060570.0,-0.729677,0.6026729999999999,PAK,THA,72
20020583,168,216,171,2019,415063.0,8796119.0,-0.6909270000000001,0.8651120000000001,PAK,THA,72
20020584,168,216,171,2020,645848.0,12247609.0,-0.52984,0.63654,PAK,THA,72
20020585,168,216,171,2003,0.0,1741181.0,-0.6659689999999999,0.137924,PAK,THA,72
20020586,168,216,171,2004,777.0,3197172.0,-0.754143,0.25995100000000004,PAK,THA,72
20020587,168,216,171,2005,0.0,8690200.0,-0.592542,0.365501,PAK,THA,72
20020588,168,216,171,2007,79631.0,29517295.0,-0.5594359999999999,0.47369300000000003,PAK,THA,72
20020589,168,216,171,2008,74239.0,14337039.0,-0.401588,0.500668,PAK,THA,72
20020590,168,216,171,2010,95827.0,19159100.0,-0.692071,0.5409010000000001,PAK,THA,72
20020591,168,216,171,2012,0.0,34534120.0,-0.633706,0.658617,PAK,THA,72
20020592,168,216,171,2013,84629.0,17081588.0,-0.75727,0.769703,PAK,THA,72
20020593,168,216,171,2014,432619.0,10967596.0,-0.672924,0.566787,PAK,THA,72
20020594,168,216,171,2016,12628.0,12690565.0,-0.7502800000000001,0.545331,PAK,THA,72
20020595,168,216,171,2018,30565.0,11177767.0,-0.64348,0.665045,PAK,THA,72
20020596,168,216,171,1999,0.0,938021.0,-1.047891,-0.525612,PAK,THA,72
20020597,168,216,171,1996,0.0,786330.0,-0.7543300000000001,-0.393654,PAK,THA,72
20020598,168,216,171,1995,2084079.0,1402930.0,-0.707965,-0.324784,PAK,THA,72
20020599,168,216,171,1997,149077.0,1288144.0,-0.882432,-0.563344,PAK,THA,72
20020600,168,216,171,1998,5835.0,2316004.0,-0.9008149999999999,-0.448942,PAK,THA,72
20020601,168,216,171,2000,0.0,1965372.0,-0.851295,-0.370618,PAK,THA,72
20020602,168,216,171,2001,2122.0,1080849.0,-0.8376520000000001,-0.378743,PAK,THA,72
20020603,168,216,171,2002,0.0,1501486.0,-0.877655,-0.322094,PAK,THA,72
20020604,169,216,171,2010,3216274.0,0.0,0.617867,0.903432,PAN,THA,72
20020605,169,216,171,2011,6791854.0,0.0,0.786135,1.061008,PAN,THA,72
20020606,169,216,171,2013,13728944.0,0.0,0.735637,1.161718,PAN,THA,72
20020607,169,216,171,2016,3665268.0,0.0,0.58773,0.654145,PAN,THA,72
20020608,169,216,171,2004,2005782.0,0.0,-0.011979,0.261315,PAN,THA,72
20020609,169,216,171,2005,4082596.0,3811.0,-0.166943,0.212196,PAN,THA,72
20020610,169,216,171,1995,15778.0,1839.0,-0.019815,0.050906,PAN,THA,72
20020611,169,216,171,1999,2383.0,0.0,0.126144,0.491986,PAN,THA,72
20020612,169,216,171,2003,0.0,88338.0,-0.050386,-0.039619999999999995,PAN,THA,72
20020613,169,216,171,2007,463781.0,0.0,0.36233899999999997,0.807669,PAN,THA,72
20020614,169,216,171,2008,7646892.0,1766.0,0.470854,0.960075,PAN,THA,72
20020615,169,216,171,2009,1655700.0,5127.0,0.629137,0.5894010000000001,PAN,THA,72
20020616,169,216,171,2012,14866496.0,3705.0,0.901366,1.245179,PAN,THA,72
20020617,169,216,171,2014,10958640.0,0.0,0.771742,0.9873190000000001,PAN,THA,72
20020618,169,216,171,2015,3890271.0,0.0,0.642058,0.833392,PAN,THA,72
20020619,169,216,171,2018,20457759.0,0.0,0.104326,-0.11611800000000001,PAN,THA,72
20020620,169,216,171,2019,23613638.0,0.0,0.00926,-0.308483,PAN,THA,72
20020621,169,216,171,2020,15716413.0,25428.0,0.590821,0.786784,PAN,THA,72
20020622,169,216,171,2017,6813715.0,11494.0,0.5520109999999999,0.788181,PAN,THA,72
20020623,173,216,171,2008,0.0,85102.0,-0.518126,0.17193599999999998,PER,THA,72
20020624,173,216,171,2009,82663.0,0.0,-0.53304,0.221183,PER,THA,72
20020625,173,216,171,2010,0.0,323032.0,-0.650327,0.162321,PER,THA,72
20020626,173,216,171,2018,1133669.0,0.0,-0.6673060000000001,-0.183315,PER,THA,72
20020627,173,216,171,2019,632008.0,61610.0,-0.76944,-0.216619,PER,THA,72
20020628,173,216,171,2020,472054.0,85213.0,-0.717014,-0.152142,PER,THA,72
20020629,173,216,171,2005,0.0,78429.0,-0.518174,0.171262,PER,THA,72
20020630,173,216,171,2006,0.0,74604.0,-0.551095,0.044295,PER,THA,72
20020631,173,216,171,2007,0.0,111539.0,-0.49716099999999996,0.02556,PER,THA,72
20020632,173,216,171,2011,0.0,394376.0,-0.455977,0.442543,PER,THA,72
20020633,173,216,171,2012,10214.0,301008.0,-0.444821,0.555188,PER,THA,72
20020634,173,216,171,2013,12443.0,13624.0,-0.573852,0.357977,PER,THA,72
20020635,173,216,171,2014,2318.0,8785.0,-0.557833,0.611826,PER,THA,72
20020636,173,216,171,2015,158587.0,29899.0,-0.6007819999999999,0.32152800000000004,PER,THA,72
20020637,173,216,171,2016,222925.0,4335.0,-0.717529,0.007845999999999999,PER,THA,72
20020638,173,216,171,2017,610144.0,0.0,-0.667658,-0.318344,PER,THA,72
20020639,173,216,171,1999,0.0,781.0,-0.367489,0.11813399999999999,PER,THA,72
20020640,173,216,171,2001,0.0,17383.0,-0.345519,0.202623,PER,THA,72
20020641,173,216,171,2003,88959.0,0.0,-0.48627,0.371354,PER,THA,72
20020642,174,216,171,2003,4233946.0,20261570.0,-0.065022,-0.195144,PHL,THA,72
20020643,174,216,171,2004,50000052.0,35057193.0,-0.076709,-0.149006,PHL,THA,72
20020644,174,216,171,2005,78680071.0,23798466.0,-0.038225999999999996,-0.057957,PHL,THA,72
20020645,174,216,171,1999,393108.0,5955104.0,-0.401903,-0.333408,PHL,THA,72
20020646,174,216,171,2000,173638.0,10382381.0,-0.279447,-0.329073,PHL,THA,72
20020647,174,216,171,2001,90342.0,6934246.0,-0.028201,-0.112349,PHL,THA,72
20020648,174,216,171,2002,1458931.0,4394606.0,0.055439999999999996,-0.179809,PHL,THA,72
20020649,174,216,171,2006,44739629.0,21423242.0,0.161994,0.036631,PHL,THA,72
20020650,174,216,171,2010,25065806.0,25376594.0,0.40418899999999996,0.102497,PHL,THA,72
20020651,174,216,171,1998,743701.0,7538023.0,-0.262725,-0.075781,PHL,THA,72
20020652,174,216,171,2007,25522446.0,85882013.0,0.032117,-0.16600499999999999,PHL,THA,72
20020653,174,216,171,2008,57227803.0,50919127.0,0.276488,-0.02957,PHL,THA,72
20020654,174,216,171,2009,17277344.0,29054379.0,0.34318000000000004,0.095375,PHL,THA,72
20020655,174,216,171,2011,44604508.0,38253161.0,0.364707,0.322626,PHL,THA,72
20020656,174,216,171,2012,24238075.0,56560518.0,0.388785,0.465275,PHL,THA,72
20020657,174,216,171,2013,21069540.0,36997414.0,0.507868,0.355403,PHL,THA,72
20020658,174,216,171,2014,19756113.0,31082181.0,0.637442,0.475883,PHL,THA,72
20020659,174,216,171,2015,15964249.0,25517692.0,0.6406270000000001,0.45770200000000005,PHL,THA,72
20020660,174,216,171,2016,8035679.0,16739162.0,0.619343,0.303981,PHL,THA,72
20020661,174,216,171,2017,20646546.0,121307511.0,0.657759,0.170061,PHL,THA,72
20020662,174,216,171,2018,18546951.0,110498342.0,0.781409,0.22126700000000002,PHL,THA,72
20020663,174,216,171,2019,4055241.0,46272662.0,0.762884,0.3318,PHL,THA,72
20020664,174,216,171,1997,834083.0,14665154.0,-0.24310900000000002,0.085784,PHL,THA,72
20020665,174,216,171,2020,3726817.0,40420792.0,0.755786,0.24693,PHL,THA,72
20020666,174,216,171,1996,10146.0,25994021.0,-0.276548,0.344986,PHL,THA,72
20020667,174,216,171,1995,43902.0,7851676.0,-0.480548,0.076564,PHL,THA,72
20020668,175,216,171,2018,0.0,1240.0,0.07495,-0.8339719999999999,PLW,THA,72
20020669,175,216,171,2007,0.0,7740.0,-0.514012,-0.878468,PLW,THA,72
20020670,176,216,171,2003,0.0,10113.0,-1.7997330000000002,-1.2110049999999999,PNG,THA,72
20020671,176,216,171,2019,42556.0,3571327.0,-1.654143,-1.249707,PNG,THA,72
20020672,176,216,171,2016,145654.0,1797489.0,-1.689987,-1.2762639999999998,PNG,THA,72
20020673,176,216,171,2017,444270.0,3087048.0,-1.788834,-1.267126,PNG,THA,72
20020674,176,216,171,2011,337879.0,8544799.0,-1.1111659999999999,-0.9458610000000001,PNG,THA,72
20020675,176,216,171,2012,428430.0,8065183.0,-1.009277,-1.039759,PNG,THA,72
20020676,176,216,171,2009,145668.0,231221.0,-1.90537,-1.2462030000000002,PNG,THA,72
20020677,176,216,171,2010,338859.0,4389987.0,-1.725138,-1.195622,PNG,THA,72
20020678,176,216,171,2015,87742.0,3653460.0,-1.710939,-1.266333,PNG,THA,72
20020679,176,216,171,2002,0.0,86286.0,-1.4572319999999999,-1.159399,PNG,THA,72
20020680,176,216,171,1998,25529.0,6040.0,-2.060952,-1.237969,PNG,THA,72
20020681,176,216,171,2004,0.0,91849.0,-1.7599200000000002,-1.219971,PNG,THA,72
20020682,176,216,171,2001,0.0,107325.0,-1.503929,-1.199463,PNG,THA,72
20020683,176,216,171,2005,0.0,244267.0,-1.6583900000000003,-1.198114,PNG,THA,72
20020684,176,216,171,2018,368053.0,5081571.0,-1.7580360000000002,-1.239492,PNG,THA,72
20020685,176,216,171,2020,93062.0,4343312.0,-1.526134,-1.191965,PNG,THA,72
20020686,176,216,171,2008,0.0,3677880.0,-1.6771330000000002,-1.18528,PNG,THA,72
20020687,176,216,171,2007,0.0,333554.0,-1.947486,-1.284269,PNG,THA,72
20020688,176,216,171,2013,12565.0,4868840.0,-1.444244,-1.144231,PNG,THA,72
20020689,176,216,171,2014,91411.0,3970487.0,-1.564904,-1.146255,PNG,THA,72
20020690,176,216,171,1999,0.0,116175.0,-1.850785,-1.256969,PNG,THA,72
20020691,176,216,171,2000,0.0,77326.0,-1.686651,-1.1906729999999999,PNG,THA,72
20020692,176,216,171,2006,0.0,321077.0,-1.89409,-1.234731,PNG,THA,72
20020693,177,216,171,2004,6985589.0,87032.0,1.019341,1.519452,POL,THA,72
20020694,177,216,171,2005,194835.0,198206.0,0.9564299999999999,1.559385,POL,THA,72
20020695,177,216,171,2006,1007514.0,614438.0,0.991927,1.474418,POL,THA,72
20020696,177,216,171,2007,3009592.0,654433.0,1.0412139999999999,1.309641,POL,THA,72
20020697,177,216,171,2011,984098.0,842124.0,1.133641,1.134203,POL,THA,72
20020698,177,216,171,2012,2235306.0,1560756.0,1.0626870000000002,1.267268,POL,THA,72
20020699,177,216,171,2017,492659.0,5909257.0,1.197417,1.092716,POL,THA,72
20020700,177,216,171,2018,298824.0,8306505.0,1.132475,1.258945,POL,THA,72
20020701,177,216,171,2020,817780.0,2238504.0,1.0227979999999999,1.4079139999999999,POL,THA,72
20020702,177,216,171,2000,6092167.0,0.0,0.862983,1.8683400000000001,POL,THA,72
20020703,177,216,171,2014,471073.0,1731222.0,1.133102,1.177165,POL,THA,72
20020704,177,216,171,2015,452121.0,2327399.0,1.145844,1.1449280000000002,POL,THA,72
20020705,177,216,171,2016,1436949.0,497182.0,1.146113,1.239532,POL,THA,72
20020706,177,216,171,2019,3434713.0,5622418.0,1.088347,1.275875,POL,THA,72
20020707,177,216,171,2008,8248633.0,429635.0,1.037287,1.244457,POL,THA,72
20020708,177,216,171,2010,7261082.0,175956.0,1.083552,1.1433719999999998,POL,THA,72
20020709,177,216,171,2009,7826366.0,308760.0,1.11055,1.069074,POL,THA,72
20020710,177,216,171,2013,485402.0,2358764.0,1.084332,1.216749,POL,THA,72
20020711,177,216,171,1995,55520050.0,3402208.0,0.76393,1.802648,POL,THA,72
20020712,177,216,171,1998,9601973.0,0.0,0.8638309999999999,1.8881299999999999,POL,THA,72
20020713,177,216,171,1999,1186218.0,0.0,0.8512700000000001,1.8975229999999998,POL,THA,72
20020714,177,216,171,2002,7187.0,7936.0,0.931642,1.721727,POL,THA,72
20020715,177,216,171,2003,3683044.0,0.0,0.966622,1.664838,POL,THA,72
20020716,177,216,171,1997,40616280.0,0.0,0.805559,1.9598520000000001,POL,THA,72
20020717,177,216,171,2001,50524.0,4860.0,0.9474540000000001,1.8408220000000002,POL,THA,72
20020718,177,216,171,1996,102826195.0,0.0,0.795489,1.9004729999999999,POL,THA,72
20020719,178,216,171,2008,2691663.0,0.0,0.6970609999999999,0.88018,PRK,THA,72
20020720,178,216,171,2016,232394.0,394516.0,-0.512374,-0.143648,PRK,THA,72
20020721,178,216,171,2018,60318.0,0.0,0.714618,0.47291700000000003,PRK,THA,72
20020722,178,216,171,2007,3885687.0,8034928.0,0.799712,0.8789370000000001,PRK,THA,72
20020723,178,216,171,2017,8383.0,0.0,-0.353642,-0.08027000000000001,PRK,THA,72
20020724,178,216,171,2010,3418653.0,4007280.0,0.348511,0.466229,PRK,THA,72
20020725,178,216,171,2011,1931839.0,2100794.0,-0.024317,-0.154781,PRK,THA,72
20020726,178,216,171,2012,170029.0,1218847.0,-0.120826,0.131138,PRK,THA,72
20020727,178,216,171,2014,6445749.0,634022.0,-0.23883000000000001,-0.009727,PRK,THA,72
20020728,178,216,171,2015,294032.0,1055510.0,-0.404818,-0.075235,PRK,THA,72
20020729,178,216,171,2009,3480381.0,0.0,0.608089,0.709831,PRK,THA,72
20020730,178,216,171,2013,2090108.0,312506.0,-0.414538,-0.22449299999999997,PRK,THA,72
20020731,178,216,171,1999,13285.0,8071.0,0.536814,0.980433,PRK,THA,72
20020732,178,216,171,2000,1853597.0,2064724.0,0.786946,1.0068290000000002,PRK,THA,72
20020733,178,216,171,2001,2882697.0,0.0,0.62773,1.010888,PRK,THA,72
20020734,178,216,171,2004,2452697.0,3515926.0,0.578991,0.781518,PRK,THA,72
20020735,178,216,171,2005,20374959.0,654505.0,0.712403,0.8739520000000001,PRK,THA,72
20020736,178,216,171,2006,7150452.0,2216790.0,0.548754,0.763313,PRK,THA,72
20020737,178,216,171,2002,1448533.0,130597.0,0.43756999999999996,0.744264,PRK,THA,72
20020738,178,216,171,2003,1054817.0,278021.0,0.7060420000000001,0.7718,PRK,THA,72
20020739,178,216,171,1998,4114.0,52028.0,0.7417239999999999,0.899826,PRK,THA,72
20020740,178,216,171,1995,0.0,35776.0,0.46509799999999996,0.645496,PRK,THA,72
20020741,179,216,171,2019,112477.0,1017114.0,0.545467,2.344447,PRT,THA,72
20020742,179,216,171,2020,153971.0,1723274.0,0.656999,2.1136470000000003,PRT,THA,72
20020743,179,216,171,2018,75647.0,803503.0,0.652628,2.211758,PRT,THA,72
20020744,179,216,171,2008,0.0,2174376.0,0.64135,2.1946939999999997,PRT,THA,72
20020745,179,216,171,2009,4660.0,1887187.0,0.559189,2.4359919999999997,PRT,THA,72
20020746,179,216,171,2010,1224.0,2512121.0,0.551149,2.437209,PRT,THA,72
20020747,179,216,171,2011,1593.0,3233669.0,0.558481,2.7056240000000003,PRT,THA,72
20020748,179,216,171,2012,1063.0,921088.0,0.648544,2.405491,PRT,THA,72
20020749,179,216,171,2013,1093.0,1073400.0,0.541454,2.5228610000000002,PRT,THA,72
20020750,179,216,171,2014,18814.0,1926367.0,0.621053,2.349644,PRT,THA,72
20020751,179,216,171,2015,75565.0,1136065.0,0.561922,2.2276380000000002,PRT,THA,72
20020752,179,216,171,2016,43797.0,882947.0,0.519621,2.254972,PRT,THA,72
20020753,179,216,171,2017,147340.0,673395.0,0.527046,2.264624,PRT,THA,72
20020754,179,216,171,1997,0.0,4557.0,0.379367,1.296551,PRT,THA,72
20020755,179,216,171,1999,0.0,3258.0,0.420538,1.379359,PRT,THA,72
20020756,179,216,171,2006,7345.0,2837215.0,0.5723630000000001,1.92303,PRT,THA,72
20020757,179,216,171,2005,2930.0,5038627.0,0.5119819999999999,1.901636,PRT,THA,72
20020758,179,216,171,2004,0.0,84403.0,0.524524,1.901139,PRT,THA,72
20020759,179,216,171,2007,0.0,13866461.0,0.621302,1.971656,PRT,THA,72
20020760,180,216,171,2008,200417.0,0.0,-0.556298,-0.9503780000000001,PRY,THA,72
20020761,180,216,171,2009,451011.0,0.0,-0.564858,-0.941735,PRY,THA,72
20020762,180,216,171,2010,58550.0,0.0,-0.553805,-0.8699450000000001,PRY,THA,72
20020763,180,216,171,2013,63196.0,0.0,-0.566239,-0.9273459999999999,PRY,THA,72
20020764,180,216,171,2014,636338.0,0.0,-0.608509,-0.930679,PRY,THA,72
20020765,180,216,171,2015,122548.0,0.0,-0.471106,-0.9431139999999999,PRY,THA,72
20020766,180,216,171,2016,246824.0,0.0,-0.660702,-1.0329979999999999,PRY,THA,72
20020767,180,216,171,2017,568797.0,0.0,-0.437741,-0.9248879999999999,PRY,THA,72
20020768,180,216,171,2018,170883.0,0.0,-0.614751,-0.952478,PRY,THA,72
20020769,180,216,171,2019,247941.0,0.0,-0.500999,-0.8635219999999999,PRY,THA,72
20020770,180,216,171,2020,223940.0,0.0,-0.45920600000000006,-0.930341,PRY,THA,72
20020771,180,216,171,2007,75289.0,0.0,-0.500617,-0.814385,PRY,THA,72
20020772,180,216,171,2011,40880.0,0.0,-0.548759,-0.877743,PRY,THA,72
20020773,182,216,171,2011,10757.0,21000.0,0.37798000000000004,-0.460049,PYF,THA,72
20020774,182,216,171,2008,1116.0,135840.0,-0.255879,-0.714841,PYF,THA,72
20020775,182,216,171,2005,0.0,41513.0,-0.46358999999999995,-0.801909,PYF,THA,72
20020776,182,216,171,2007,9564.0,60069.0,-0.72809,-0.9329620000000001,PYF,THA,72
20020777,182,216,171,2003,0.0,91342.0,-0.255707,-0.676557,PYF,THA,72
20020778,182,216,171,2004,0.0,103751.0,-0.414954,-0.773736,PYF,THA,72
20020779,182,216,171,2006,0.0,321158.0,-0.213329,-0.743599,PYF,THA,72
20020780,182,216,171,2012,112997.0,21555.0,-0.131116,-0.6672819999999999,PYF,THA,72
20020781,182,216,171,2013,398239.0,902.0,-0.146044,-0.7055359999999999,PYF,THA,72
20020782,182,216,171,2016,0.0,1038.0,0.11597400000000001,-0.657672,PYF,THA,72
20020783,182,216,171,2000,250334.0,0.0,0.01154,-0.6676880000000001,PYF,THA,72
20020784,182,216,171,2001,0.0,2042.0,-0.005456,-0.7210770000000001,PYF,THA,72
20020785,182,216,171,2009,0.0,12076.0,-0.440014,-0.835513,PYF,THA,72
20020786,182,216,171,2010,13402.0,24240.0,-0.47692700000000005,-0.8429760000000001,PYF,THA,72
20020787,183,216,171,2007,0.0,10743121.0,0.20181500000000002,-0.9898110000000001,QAT,THA,72
20020788,183,216,171,2010,0.0,558063.0,-0.346143,-1.078192,QAT,THA,72
20020789,183,216,171,2008,629334.0,4083819.0,-0.36390900000000004,-1.0045549999999999,QAT,THA,72
20020790,183,216,171,2006,0.0,2907257.0,0.055777999999999994,-1.0379049999999999,QAT,THA,72
20020791,183,216,171,2011,0.0,312677.0,-0.45851899999999995,-1.017033,QAT,THA,72
20020792,183,216,171,2013,0.0,792881.0,-0.083649,-1.013491,QAT,THA,72
20020793,183,216,171,2015,45749.0,616255.0,-0.077053,-0.9922719999999999,QAT,THA,72
20020794,183,216,171,2000,0.0,63667.0,-0.591806,-1.152123,QAT,THA,72
20020795,183,216,171,2005,0.0,1133722.0,0.2381,-1.0287979999999999,QAT,THA,72
20020796,183,216,171,2014,16766616.0,1151658.0,-0.37535599999999997,-1.0196370000000001,QAT,THA,72
20020797,183,216,171,2017,0.0,10501.0,-0.361327,-1.066869,QAT,THA,72
20020798,183,216,171,2020,4149417.0,125737.0,-0.028836,-1.0183950000000002,QAT,THA,72
20020799,183,216,171,2001,0.0,14172.0,-0.46564799999999995,-1.127634,QAT,THA,72
20020800,183,216,171,2002,0.0,79369.0,-0.306052,-1.098296,QAT,THA,72
20020801,183,216,171,2003,0.0,13358.0,-0.209042,-1.0565799999999999,QAT,THA,72
20020802,183,216,171,2009,292997.0,303432.0,-0.484947,-1.07179,QAT,THA,72
20020803,183,216,171,2019,2289024.0,225218.0,-0.064127,-1.065046,QAT,THA,72
20020804,183,216,171,2016,9163730.0,276726.0,-0.36124,-1.106629,QAT,THA,72
20020805,183,216,171,2018,20242543.0,49029.0,-0.068401,-1.014732,QAT,THA,72
20020806,183,216,171,2004,0.0,988223.0,0.21713400000000002,-1.031806,QAT,THA,72
20020807,183,216,171,2012,0.0,291038.0,-0.558014,-1.012392,QAT,THA,72
20020808,183,216,171,1996,14891.0,0.0,-0.48203500000000005,-1.117173,QAT,THA,72
20020809,185,216,171,2001,7419206.0,0.0,0.326733,1.005332,ROU,THA,72
20020810,185,216,171,2005,13662994.0,0.0,0.371288,1.095875,ROU,THA,72
20020811,185,216,171,2006,637667.0,16142.0,0.550825,1.170744,ROU,THA,72
20020812,185,216,171,2007,505954.0,2081761.0,0.69445,1.223747,ROU,THA,72
20020813,185,216,171,2008,834236.0,211532.0,0.784924,1.235527,ROU,THA,72
20020814,185,216,171,2009,5436428.0,6798.0,0.833802,1.024418,ROU,THA,72
20020815,185,216,171,2011,53328.0,97869.0,0.722,1.296655,ROU,THA,72
20020816,185,216,171,1996,18414341.0,0.0,0.612035,0.880964,ROU,THA,72
20020817,185,216,171,2016,1460788.0,0.0,1.061259,0.9878870000000001,ROU,THA,72
20020818,185,216,171,2018,4745495.0,3050.0,1.050715,1.04471,ROU,THA,72
20020819,185,216,171,2019,5174228.0,45621.0,1.044289,1.013691,ROU,THA,72
20020820,185,216,171,2020,2926991.0,32403.0,1.13426,0.9767809999999999,ROU,THA,72
20020821,185,216,171,1995,5526247.0,0.0,0.621468,1.038729,ROU,THA,72
20020822,185,216,171,1998,3410570.0,0.0,0.315392,0.961176,ROU,THA,72
20020823,185,216,171,2017,2850165.0,0.0,1.05479,0.9842219999999999,ROU,THA,72
20020824,185,216,171,2003,11501283.0,0.0,0.378379,1.0064620000000002,ROU,THA,72
20020825,185,216,171,2004,6850980.0,0.0,0.37241599999999997,1.015865,ROU,THA,72
20020826,185,216,171,2010,213283.0,70737.0,0.6483760000000001,1.200256,ROU,THA,72
20020827,185,216,171,2012,488699.0,1047.0,0.745926,1.2884719999999998,ROU,THA,72
20020828,185,216,171,2013,625267.0,24475.0,0.792035,1.225034,ROU,THA,72
20020829,185,216,171,2015,1235927.0,3930.0,0.946363,1.056775,ROU,THA,72
20020830,185,216,171,2002,1570620.0,0.0,0.29888200000000004,0.980376,ROU,THA,72
20020831,185,216,171,2014,1058123.0,82621.0,0.9112,1.188161,ROU,THA,72
20020832,185,216,171,1997,16880584.0,0.0,0.44381000000000004,1.084109,ROU,THA,72
20020833,185,216,171,1999,5220442.0,0.0,0.253874,0.8322709999999999,ROU,THA,72
20020834,185,216,171,2000,1870817.0,0.0,0.39034,0.84193,ROU,THA,72
20020835,186,216,171,2016,117895856.0,678746.0,0.252891,0.200423,RUS,THA,72
20020836,186,216,171,2004,541037264.0,159118.0,0.8952399999999999,0.172896,RUS,THA,72
20020837,186,216,171,2005,854951065.0,476119.0,0.901675,0.061595000000000004,RUS,THA,72
20020838,186,216,171,2017,94366646.0,65644.0,0.32885,0.288392,RUS,THA,72
20020839,186,216,171,1996,548202154.0,0.0,0.900185,0.47723000000000004,RUS,THA,72
20020840,186,216,171,1997,307346928.0,0.0,0.87377,0.423861,RUS,THA,72
20020841,186,216,171,1998,41226983.0,5431.0,0.93909,0.59719,RUS,THA,72
20020842,186,216,171,1999,133155567.0,0.0,0.903308,0.590858,RUS,THA,72
20020843,186,216,171,2000,131408991.0,0.0,0.976274,0.42859200000000003,RUS,THA,72
20020844,186,216,171,2001,91904840.0,23769.0,0.945816,0.35027600000000003,RUS,THA,72
20020845,186,216,171,2002,219362331.0,199134.0,1.109397,0.424229,RUS,THA,72
20020846,186,216,171,2003,238166191.0,129822.0,1.072729,0.338355,RUS,THA,72
20020847,186,216,171,2008,902841244.0,4561395.0,0.559059,-0.00886,RUS,THA,72
20020848,186,216,171,2009,575981256.0,1864189.0,0.392478,-0.20038399999999998,RUS,THA,72
20020849,186,216,171,2012,884283886.0,13930268.0,0.20625500000000002,-0.196697,RUS,THA,72
20020850,186,216,171,2013,408587223.0,11191274.0,0.481166,-0.180052,RUS,THA,72
20020851,186,216,171,2015,171914802.0,3406638.0,0.23119,0.035965,RUS,THA,72
20020852,186,216,171,2018,176887488.0,168843.0,0.21398000000000003,0.100414,RUS,THA,72
20020853,186,216,171,2020,51634474.0,169013.0,0.373882,0.42102700000000004,RUS,THA,72
20020854,186,216,171,2010,671396485.0,4367120.0,0.583996,-0.223881,RUS,THA,72
20020855,186,216,171,2011,864056883.0,17395961.0,0.47319399999999995,-0.20801599999999998,RUS,THA,72
20020856,186,216,171,2006,473461796.0,446375.0,0.801197,0.104683,RUS,THA,72
20020857,186,216,171,2007,604480447.0,1140628.0,0.5576399999999999,-0.05382000000000001,RUS,THA,72
20020858,186,216,171,2014,331207072.0,8197824.0,0.229422,-0.214856,RUS,THA,72
20020859,186,216,171,2019,237413238.0,226690.0,0.329884,0.26215,RUS,THA,72
20020860,186,216,171,1995,862936877.0,0.0,0.364437,0.171494,RUS,THA,72
20020861,187,216,171,2018,46444.0,0.0,-0.618925,-0.788172,RWA,THA,72
20020862,187,216,171,2019,16509.0,0.0,-0.812602,-0.737603,RWA,THA,72
20020863,187,216,171,1998,0.0,47725.0,-0.38756399999999996,-0.7770130000000001,RWA,THA,72
20020864,187,216,171,1995,0.0,5126.0,-0.18641,-0.6206729999999999,RWA,THA,72
20020865,188,216,171,2006,451556.0,63578559.0,0.162432,-0.853059,SAU,THA,72
20020866,188,216,171,2011,0.0,18180584.0,0.354045,-0.800028,SAU,THA,72
20020867,188,216,171,2017,1578918.0,417807.0,0.597716,-0.345049,SAU,THA,72
20020868,188,216,171,2018,174908.0,2561762.0,0.5801810000000001,-0.447514,SAU,THA,72
20020869,188,216,171,2019,3237514.0,797758.0,0.787798,-0.41350600000000004,SAU,THA,72
20020870,188,216,171,2020,19911943.0,394421.0,0.662925,-0.21661999999999998,SAU,THA,72
20020871,188,216,171,2007,7832018.0,128589537.0,0.367463,-0.8603709999999999,SAU,THA,72
20020872,188,216,171,2005,1446389.0,12472116.0,0.678873,-0.759985,SAU,THA,72
20020873,188,216,171,2013,36833179.0,18831176.0,0.626347,-0.844406,SAU,THA,72
20020874,188,216,171,2016,21636526.0,688793.0,0.394807,-0.638644,SAU,THA,72
20020875,188,216,171,2012,20792895.0,12901011.0,0.42235200000000006,-0.818584,SAU,THA,72
20020876,188,216,171,2014,0.0,2132384.0,0.5758439999999999,-0.832692,SAU,THA,72
20020877,188,216,171,2015,289343.0,2054447.0,0.5552520000000001,-0.7263229999999999,SAU,THA,72
20020878,188,216,171,2009,6363145.0,46412171.0,0.300581,-0.813199,SAU,THA,72
20020879,188,216,171,2010,0.0,73844283.0,0.46696400000000005,-0.7487520000000001,SAU,THA,72
20020880,188,216,171,2008,43742270.0,182532288.0,-0.09849400000000001,-0.8998309999999999,SAU,THA,72
20020881,188,216,171,1996,111561.0,711359.0,0.215265,-0.8577309999999999,SAU,THA,72
20020882,188,216,171,1998,38491.0,585257.0,0.521849,-0.7550899999999999,SAU,THA,72
20020883,188,216,171,2004,1152796.0,11867791.0,0.546196,-0.7014729999999999,SAU,THA,72
20020884,188,216,171,2003,82738.0,2862887.0,0.202286,-0.714691,SAU,THA,72
20020885,188,216,171,1995,780848.0,872639.0,0.401573,-0.6676529999999999,SAU,THA,72
20020886,188,216,171,1999,89591.0,3561403.0,0.553028,-0.527401,SAU,THA,72
20020887,188,216,171,2000,8666606.0,1442836.0,0.588175,-0.74197,SAU,THA,72
20020888,188,216,171,2002,5459993.0,1055167.0,0.082107,-0.843317,SAU,THA,72
20020889,188,216,171,2001,6944965.0,1110979.0,0.5370550000000001,-0.793469,SAU,THA,72
20020890,188,216,171,1997,2206568.0,1610262.0,0.015040000000000001,-0.954475,SAU,THA,72
20020891,189,216,171,2001,134283.0,0.0,0.45280200000000004,2.469852,SCG,THA,72
20020892,189,216,171,1996,1019598.0,0.0,0.786293,2.20126,SCG,THA,72
20020893,189,216,171,1997,1372874.0,0.0,0.659904,1.702849,SCG,THA,72
20020894,189,216,171,1999,1434.0,0.0,0.607596,2.222456,SCG,THA,72
20020895,189,216,171,1995,1591039.0,0.0,1.032118,1.180409,SCG,THA,72
20020896,190,216,171,2008,3949118.0,48681898.0,-2.095439,-1.263511,SDN,THA,72
20020897,190,216,171,2009,634865.0,13876418.0,-2.2948020000000002,-1.3182040000000002,SDN,THA,72
20020898,190,216,171,2010,137124.0,9111582.0,-1.9094669999999998,-1.271065,SDN,THA,72
20020899,190,216,171,2011,0.0,5512906.0,-2.1675869999999997,-1.249272,SDN,THA,72
20020900,190,216,171,2012,0.0,419416.0,-1.316171,-1.1347610000000001,SDN,THA,72
20020901,190,216,171,2013,300887.0,3558317.0,-1.254944,-1.073564,SDN,THA,72
20020902,190,216,171,2016,0.0,70514.0,-1.216141,-1.191648,SDN,THA,72
20020903,190,216,171,2017,0.0,195039.0,-1.567691,-1.257164,SDN,THA,72
20020904,190,216,171,2015,0.0,202112.0,-1.420356,-1.218424,SDN,THA,72
20020905,190,216,171,2018,0.0,30367.0,-1.278532,-1.176008,SDN,THA,72
20020906,190,216,171,1997,9797.0,40374.0,-1.300352,-1.199816,SDN,THA,72
20020907,190,216,171,2007,21246.0,71861845.0,-1.978359,-1.316172,SDN,THA,72
20020908,190,216,171,2014,0.0,1241919.0,-1.442381,-1.1155030000000001,SDN,THA,72
20020909,190,216,171,1999,0.0,18466.0,-1.321619,-1.162911,SDN,THA,72
20020910,190,216,171,1996,6039.0,0.0,-1.4146459999999998,-1.181707,SDN,THA,72
20020911,190,216,171,2000,4638.0,4295.0,-1.5105899999999999,-1.2287549999999998,SDN,THA,72
20020912,190,216,171,2002,0.0,26954.0,-1.499925,-1.228374,SDN,THA,72
20020913,190,216,171,2003,84103.0,180958.0,-1.3535059999999999,-1.1701409999999999,SDN,THA,72
20020914,190,216,171,2005,0.0,405370.0,-1.5685850000000001,-1.243433,SDN,THA,72
20020915,190,216,171,2004,0.0,99298.0,-1.5346309999999999,-1.2599559999999999,SDN,THA,72
20020916,190,216,171,2019,0.0,59454.0,-1.25579,-1.208796,SDN,THA,72
20020917,190,216,171,2006,34148.0,27392614.0,-1.873762,-1.278378,SDN,THA,72
20020918,191,216,171,2014,877175.0,0.0,-0.502607,-0.08866,SEN,THA,72
20020919,191,216,171,2016,287534.0,0.0,-0.7061270000000001,-0.46532399999999996,SEN,THA,72
20020920,191,216,171,2008,2427568.0,895477.0,-0.478024,-0.313199,SEN,THA,72
20020921,191,216,171,2013,3015334.0,14909.0,-0.523662,-0.309101,SEN,THA,72
20020922,191,216,171,2011,1945808.0,234149.0,-0.624346,-0.308052,SEN,THA,72
20020923,191,216,171,2015,0.0,25712.0,-0.708349,-0.296663,SEN,THA,72
20020924,191,216,171,2017,341835.0,0.0,-0.6722899999999999,-0.26522199999999996,SEN,THA,72
20020925,191,216,171,2018,390441.0,4253.0,-0.751378,-0.390573,SEN,THA,72
20020926,191,216,171,2019,13811.0,25331.0,-0.721992,-0.385479,SEN,THA,72
20020927,191,216,171,2012,4658538.0,7188.0,-0.458858,-0.172745,SEN,THA,72
20020928,191,216,171,2001,0.0,1096.0,-0.437779,-0.436654,SEN,THA,72
20020929,191,216,171,2006,137600.0,0.0,-0.364713,-0.183612,SEN,THA,72
20020930,191,216,171,2009,1262407.0,0.0,-0.53392,-0.415513,SEN,THA,72
20020931,191,216,171,2004,23931.0,0.0,-0.527127,-0.368631,SEN,THA,72
20020932,191,216,171,2007,43195.0,0.0,-0.20343599999999998,0.27211199999999997,SEN,THA,72
20020933,191,216,171,2010,1490331.0,0.0,-0.45445,-0.148149,SEN,THA,72
20020934,192,216,171,2001,16717126.0,28947023.0,1.364239,0.721074,SGP,THA,72
20020935,192,216,171,2002,14945432.0,27226775.0,1.481857,0.648889,SGP,THA,72
20020936,192,216,171,2011,61575171.0,139882146.0,1.849116,0.52127,SGP,THA,72
20020937,192,216,171,2014,50207844.0,90852612.0,1.867492,0.626736,SGP,THA,72
20020938,192,216,171,2018,43223763.0,88349288.0,1.914132,0.652011,SGP,THA,72
20020939,192,216,171,1999,19302684.0,25248917.0,1.355833,0.594305,SGP,THA,72
20020940,192,216,171,2000,26251749.0,32316475.0,1.3392389999999998,0.6035010000000001,SGP,THA,72
20020941,192,216,171,2012,59936176.0,127899154.0,1.685959,0.5900989999999999,SGP,THA,72
20020942,192,216,171,2013,52978114.0,124427643.0,1.915504,0.619576,SGP,THA,72
20020943,192,216,171,2015,27669530.0,54799384.0,2.05613,0.593065,SGP,THA,72
20020944,192,216,171,2017,32021269.0,52044045.0,1.884166,0.37903600000000004,SGP,THA,72
20020945,192,216,171,2016,35612523.0,50914501.0,2.089995,0.564921,SGP,THA,72
20020946,192,216,171,2005,30713381.0,61983902.0,1.601677,0.49930399999999997,SGP,THA,72
20020947,192,216,171,2020,36605023.0,30272104.0,1.948379,0.610574,SGP,THA,72
20020948,192,216,171,2008,60221414.0,146730810.0,1.844543,0.5947020000000001,SGP,THA,72
20020949,192,216,171,2009,69433817.0,60414563.0,1.9503540000000001,0.498033,SGP,THA,72
20020950,192,216,171,2010,52648144.0,99136942.0,1.8441349999999999,0.570311,SGP,THA,72
20020951,192,216,171,2019,35707104.0,62003505.0,2.0264599999999997,0.665506,SGP,THA,72
20020952,192,216,171,2003,19311585.0,33514788.0,1.5080799999999999,0.720337,SGP,THA,72
20020953,192,216,171,2006,28719001.0,70778980.0,1.5377379999999998,0.503089,SGP,THA,72
20020954,192,216,171,1995,46385574.0,54326113.0,0.747684,0.4745,SGP,THA,72
20020955,192,216,171,1996,28026891.0,51963983.0,0.8354299999999999,0.41169799999999995,SGP,THA,72
20020956,192,216,171,1997,27083756.0,72795474.0,1.01557,0.360154,SGP,THA,72
20020957,192,216,171,1998,24650086.0,75389855.0,1.0029709999999998,0.506545,SGP,THA,72
20020958,192,216,171,2004,24240258.0,50794910.0,1.6409779999999998,0.634947,SGP,THA,72
20020959,192,216,171,2007,48313558.0,148596803.0,1.608299,0.545791,SGP,THA,72
20020960,195,216,171,2013,0.0,224992.0,-0.9350860000000001,-0.877676,SLB,THA,72
20020961,195,216,171,2016,3973.0,410743.0,-0.740271,-0.881382,SLB,THA,72
20020962,195,216,171,2020,0.0,823774.0,-1.774857,-1.015981,SLB,THA,72
20020963,195,216,171,2017,0.0,362484.0,-1.153846,-0.971255,SLB,THA,72
20020964,195,216,171,2014,0.0,544570.0,-0.862089,-0.9075840000000001,SLB,THA,72
20020965,195,216,171,2007,78936.0,0.0,-1.144843,-0.956784,SLB,THA,72
20020966,195,216,171,2008,686035.0,488206.0,-1.70333,-1.027817,SLB,THA,72
20020967,195,216,171,2019,0.0,230150.0,-1.650959,-1.013001,SLB,THA,72
20020968,195,216,171,2005,0.0,107442.0,-1.5026950000000001,-0.9389040000000001,SLB,THA,72
20020969,195,216,171,2015,0.0,411641.0,-1.167451,-0.931206,SLB,THA,72
20020970,195,216,171,2018,0.0,669290.0,-1.246494,-0.998495,SLB,THA,72
20020971,195,216,171,2012,0.0,445822.0,-0.935467,-0.78338,SLB,THA,72
20020972,195,216,171,2006,0.0,420871.0,-1.501072,-0.964304,SLB,THA,72
20020973,195,216,171,2009,0.0,34784.0,-1.9380110000000002,-1.06035,SLB,THA,72
20020974,195,216,171,2010,0.0,50825.0,-1.7710650000000001,-1.033138,SLB,THA,72
20020975,195,216,171,2011,0.0,66847.0,-1.401353,-0.931205,SLB,THA,72
20020976,196,216,171,2018,607558.0,0.0,-0.06932999999999999,-0.36035300000000003,SLE,THA,72
20020977,196,216,171,2010,262648.0,0.0,-0.056713,-0.293668,SLE,THA,72
20020978,196,216,171,2017,1129989.0,0.0,-0.37777,-0.6353270000000001,SLE,THA,72
20020979,196,216,171,1999,0.0,4282.0,0.5850920000000001,-0.183443,SLE,THA,72
20020980,196,216,171,2011,332664.0,0.0,-0.35546500000000003,-0.46134899999999995,SLE,THA,72
20020981,196,216,171,2014,309332.0,0.0,-0.9228569999999999,-0.791482,SLE,THA,72
20020982,196,216,171,2019,145275.0,0.0,-0.402403,-0.639318,SLE,THA,72
20020983,196,216,171,2005,414364.0,0.0,0.510613,-0.040744,SLE,THA,72
20020984,196,216,171,2008,710104.0,0.0,0.086769,-0.22002800000000003,SLE,THA,72
20020985,196,216,171,2013,131476.0,0.0,-0.132082,-0.552921,SLE,THA,72
20020986,196,216,171,2016,369693.0,0.0,-0.184021,-0.5023920000000001,SLE,THA,72
20020987,196,216,171,2012,1324525.0,0.0,-0.6198279999999999,-0.627216,SLE,THA,72
20020988,196,216,171,2020,22960.0,26834.0,-0.122243,-0.5501010000000001,SLE,THA,72
20020989,196,216,171,2009,232447.0,0.0,0.06259400000000001,-0.273258,SLE,THA,72
20020990,196,216,171,1997,218069.0,0.0,0.181753,-0.532284,SLE,THA,72
20020991,196,216,171,1996,73544.0,0.0,0.208166,-0.386648,SLE,THA,72
20020992,196,216,171,1995,793898.0,5072.0,-0.176843,-0.565979,SLE,THA,72
20020993,197,216,171,2013,930212.0,0.0,-0.021029,0.381522,SLV,THA,72
20020994,197,216,171,2014,112755.0,0.0,0.08653999999999999,0.29088600000000003,SLV,THA,72
20020995,197,216,171,2015,425550.0,0.0,0.05531900000000001,0.169073,SLV,THA,72
20020996,197,216,171,2017,755636.0,0.0,0.113639,0.23175199999999999,SLV,THA,72
20020997,197,216,171,2018,0.0,10063.0,0.073928,0.22548600000000002,SLV,THA,72
20020998,197,216,171,2019,348108.0,0.0,0.014037,0.23216599999999998,SLV,THA,72
20020999,197,216,171,2003,5246.0,0.0,-0.251357,-0.189917,SLV,THA,72
20021000,197,216,171,2004,173526.0,19580.0,-0.20529499999999998,0.1116,SLV,THA,72
20021001,197,216,171,2005,343223.0,0.0,-0.279708,0.109346,SLV,THA,72
20021002,197,216,171,2009,13850.0,0.0,-0.19729100000000002,0.23434899999999997,SLV,THA,72
20021003,197,216,171,2010,57739.0,4896018.0,-0.101434,0.132639,SLV,THA,72
20021004,197,216,171,2007,0.0,1118317.0,-0.110573,0.184426,SLV,THA,72
20021005,197,216,171,2012,2457933.0,0.0,0.027747000000000004,0.19003399999999998,SLV,THA,72
20021006,197,216,171,1999,0.0,3030.0,-0.263572,-0.121576,SLV,THA,72
20021007,197,216,171,2000,2917.0,0.0,-0.265907,-0.141049,SLV,THA,72
20021008,197,216,171,2006,12740.0,938094.0,-0.135312,0.140874,SLV,THA,72
20021009,197,216,171,2008,1538723.0,390217.0,-0.028986,0.369501,SLV,THA,72
20021010,197,216,171,2011,4390541.0,622021.0,-0.09713200000000001,0.20772600000000002,SLV,THA,72
20021011,197,216,171,2020,476654.0,0.0,-0.003327,0.18823399999999998,SLV,THA,72
20021012,199,216,171,2018,0.0,1464.0,-1.4787370000000002,-1.050578,SOM,THA,72
20021013,199,216,171,2004,0.0,54468.0,-0.255506,-0.6988260000000001,SOM,THA,72
20021014,199,216,171,2006,0.0,78298.0,-0.8717010000000001,-0.8264969999999999,SOM,THA,72
20021015,201,216,171,2020,0.0,18025.0,0.5868399999999999,1.1187120000000002,SRB,THA,72
20021016,201,216,171,2017,31517.0,1997.0,0.541644,1.19872,SRB,THA,72
20021017,201,216,171,2019,1514786.0,2485.0,0.543913,1.210102,SRB,THA,72
20021018,201,216,171,2016,0.0,2897.0,0.501676,1.0447520000000001,SRB,THA,72
20021019,201,216,171,2018,0.0,17972.0,0.607486,1.2139389999999999,SRB,THA,72
20021020,201,216,171,2005,418705.0,0.0,0.627272,1.170525,SRB,THA,72
20021021,201,216,171,2015,0.0,606.0,0.457042,1.324908,SRB,THA,72
20021022,201,216,171,2012,0.0,5721.0,0.5927359999999999,1.507069,SRB,THA,72
20021023,201,216,171,2013,0.0,31981.0,0.5717720000000001,1.174901,SRB,THA,72
20021024,201,216,171,2014,0.0,2490.0,0.551635,1.211535,SRB,THA,72
20021025,201,216,171,2008,0.0,2787.0,0.615147,1.484149,SRB,THA,72
20021026,201,216,171,2009,0.0,1627.0,0.531766,1.477837,SRB,THA,72
20021027,201,216,171,2010,0.0,6820.0,0.561161,1.33974,SRB,THA,72
20021028,201,216,171,2007,45048.0,0.0,0.579288,1.464123,SRB,THA,72
20021029,201,216,171,2011,0.0,3030.0,0.49055699999999997,1.5601399999999999,SRB,THA,72
20021030,205,216,171,1995,2769188.0,0.0,-0.75729,-0.8253459999999999,SUR,THA,72
20021031,205,216,171,2009,53249.0,0.0,-0.580507,-1.072833,SUR,THA,72
20021032,205,216,171,2011,125421.0,0.0,-0.504897,-0.835426,SUR,THA,72
20021033,205,216,171,2012,1358922.0,3164.0,-0.45644300000000004,-0.783343,SUR,THA,72
20021034,205,216,171,2014,303383.0,0.0,-0.6333989999999999,-0.857643,SUR,THA,72
20021035,205,216,171,2015,808348.0,0.0,-0.570361,-1.005072,SUR,THA,72
20021036,205,216,171,1996,1988228.0,0.0,-0.93463,-0.797197,SUR,THA,72
20021037,205,216,171,1999,28652.0,0.0,-0.799447,-0.85055,SUR,THA,72
20021038,205,216,171,2016,714640.0,0.0,-0.7823869999999999,-1.060347,SUR,THA,72
20021039,205,216,171,2017,816867.0,0.0,-0.596432,-1.0249700000000002,SUR,THA,72
20021040,205,216,171,2019,1365177.0,0.0,-0.369004,-1.017133,SUR,THA,72
20021041,205,216,171,2005,0.0,2592.0,-0.571864,-0.851351,SUR,THA,72
20021042,205,216,171,2008,0.0,5139.0,-0.766178,-0.8888,SUR,THA,72
20021043,205,216,171,2018,673740.0,0.0,-0.798074,-1.023046,SUR,THA,72
20021044,205,216,171,2000,16047.0,0.0,-0.623625,-0.793325,SUR,THA,72
20021045,205,216,171,2020,1112481.0,0.0,-0.272244,-0.937541,SUR,THA,72
20021046,206,216,171,2013,43158.0,10080.0,1.32064,0.7519819999999999,SVK,THA,72
20021047,206,216,171,2018,9467.0,7393.0,1.3270979999999999,0.877684,SVK,THA,72
20021048,206,216,171,2008,10753.0,0.0,1.3402040000000002,0.8038770000000001,SVK,THA,72
20021049,206,216,171,2020,122716.0,47915.0,1.338026,0.825268,SVK,THA,72
20021050,206,216,171,2011,66503.0,4078.0,1.262897,0.8230569999999999,SVK,THA,72
20021051,206,216,171,2014,46247.0,0.0,1.334959,0.821253,SVK,THA,72
20021052,206,216,171,2019,40915.0,12982.0,1.39311,0.743107,SVK,THA,72
20021053,206,216,171,2010,100270.0,0.0,1.278601,0.726907,SVK,THA,72
20021054,206,216,171,2012,193871.0,0.0,1.26088,0.7704770000000001,SVK,THA,72
20021055,206,216,171,1997,2293430.0,0.0,1.200699,1.318346,SVK,THA,72
20021056,206,216,171,2005,1886618.0,12727.0,1.250608,0.9054639999999999,SVK,THA,72
20021057,206,216,171,1995,7235193.0,0.0,1.2249780000000001,1.405585,SVK,THA,72
20021058,206,216,171,2006,37829.0,0.0,1.291583,0.868317,SVK,THA,72
20021059,206,216,171,2009,188468.0,3255.0,1.231382,0.820968,SVK,THA,72
20021060,206,216,171,2015,73510.0,53688.0,1.287133,0.7900560000000001,SVK,THA,72
20021061,206,216,171,2016,30939.0,1315.0,1.273942,0.763966,SVK,THA,72
20021062,206,216,171,2017,28743.0,978.0,1.279606,0.85503,SVK,THA,72
20021063,206,216,171,1996,3395799.0,0.0,1.189398,1.29167,SVK,THA,72
20021064,206,216,171,1998,109727.0,0.0,1.202453,1.228204,SVK,THA,72
20021065,206,216,171,1999,339003.0,0.0,1.133942,1.105742,SVK,THA,72
20021066,206,216,171,2001,2502567.0,0.0,1.1732770000000001,1.088576,SVK,THA,72
20021067,206,216,171,2002,1753.0,0.0,1.1907379999999999,1.050649,SVK,THA,72
20021068,206,216,171,2003,27298.0,0.0,1.22565,0.915518,SVK,THA,72
20021069,206,216,171,2004,645628.0,0.0,1.2375120000000002,0.8777889999999999,SVK,THA,72
20021070,207,216,171,2018,1337960.0,2884987.0,1.67428,0.7703800000000001,SVN,THA,72
20021071,207,216,171,2019,430705.0,1899415.0,1.63711,0.803198,SVN,THA,72
20021072,207,216,171,2007,213858.0,83277.0,1.605767,0.692926,SVN,THA,72
20021073,207,216,171,2008,368309.0,10604.0,1.5099209999999998,0.683663,SVN,THA,72
20021074,207,216,171,2010,153692.0,61587.0,1.595473,0.7023020000000001,SVN,THA,72
20021075,207,216,171,2011,428683.0,1017.0,1.642913,0.700222,SVN,THA,72
20021076,207,216,171,2012,840769.0,44219.0,1.548381,0.699002,SVN,THA,72
20021077,207,216,171,2014,515991.0,72370.0,1.6558669999999998,0.6814399999999999,SVN,THA,72
20021078,207,216,171,2004,132781.0,0.0,1.628643,1.02381,SVN,THA,72
20021079,207,216,171,1995,521350.0,0.0,1.424606,1.490521,SVN,THA,72
20021080,207,216,171,2000,0.0,3263.0,1.493533,1.142239,SVN,THA,72
20021081,207,216,171,1996,306960.0,0.0,1.409184,1.37245,SVN,THA,72
20021082,207,216,171,2003,89726.0,0.0,1.6459840000000001,1.014191,SVN,THA,72
20021083,207,216,171,2005,255239.0,4917.0,1.583591,0.9321229999999999,SVN,THA,72
20021084,207,216,171,2006,128491.0,1429.0,1.5882370000000001,0.800719,SVN,THA,72
20021085,207,216,171,2009,204674.0,40621.0,1.548036,0.730396,SVN,THA,72
20021086,207,216,171,2017,927304.0,874658.0,1.600319,0.854305,SVN,THA,72
20021087,207,216,171,2016,780751.0,106562.0,1.6466720000000001,0.8247680000000001,SVN,THA,72
20021088,207,216,171,2013,319494.0,3833.0,1.698374,0.563082,SVN,THA,72
20021089,207,216,171,2015,335083.0,229234.0,1.6089879999999999,0.833616,SVN,THA,72
20021090,207,216,171,2020,2200863.0,1586898.0,1.570699,0.8442459999999999,SVN,THA,72
20021091,207,216,171,1998,52330.0,3301.0,1.442955,1.27214,SVN,THA,72
20021092,208,216,171,2011,27148404.0,2265743.0,1.857146,0.366159,SWE,THA,72
20021093,208,216,171,2005,35905576.0,46098.0,1.902796,0.84031,SWE,THA,72
20021094,208,216,171,2017,24503940.0,2055369.0,1.764732,0.732646,SWE,THA,72
20021095,208,216,171,2002,10868716.0,15191.0,2.128614,0.7891199999999999,SWE,THA,72
20021096,208,216,171,2003,6872827.0,3032.0,2.099224,0.799982,SWE,THA,72
20021097,208,216,171,2004,10579909.0,22961.0,2.0522080000000003,0.8326969999999999,SWE,THA,72
20021098,208,216,171,2006,17315066.0,785733.0,1.902737,0.593294,SWE,THA,72
20021099,208,216,171,2008,51532217.0,496498.0,1.866575,0.44342700000000007,SWE,THA,72
20021100,208,216,171,1996,14169271.0,1732.0,2.133781,0.9099889999999999,SWE,THA,72
20021101,208,216,171,1997,8905383.0,25282.0,2.120182,0.993078,SWE,THA,72
20021102,208,216,171,1998,3047548.0,1132142.0,2.134076,0.9259729999999999,SWE,THA,72
20021103,208,216,171,1999,3909381.0,39979.0,2.1456720000000002,0.856556,SWE,THA,72
20021104,208,216,171,2000,7710319.0,20292.0,2.168823,0.839417,SWE,THA,72
20021105,208,216,171,2001,8426263.0,119881.0,2.156845,0.784439,SWE,THA,72
20021106,208,216,171,2007,19358018.0,1115926.0,1.927244,0.498241,SWE,THA,72
20021107,208,216,171,2009,44474358.0,571134.0,1.877821,0.336565,SWE,THA,72
20021108,208,216,171,2010,38689269.0,18280.0,1.882239,0.397927,SWE,THA,72
20021109,208,216,171,2012,35249850.0,43957.0,1.78062,0.269041,SWE,THA,72
20021110,208,216,171,2013,18027099.0,322598.0,1.869421,0.228109,SWE,THA,72
20021111,208,216,171,2014,26482147.0,695809.0,1.817752,0.558474,SWE,THA,72
20021112,208,216,171,2015,24317931.0,219410.0,1.8068349999999997,0.693389,SWE,THA,72
20021113,208,216,171,2016,21800544.0,271048.0,1.785149,0.767444,SWE,THA,72
20021114,208,216,171,2018,28355410.0,247237.0,1.76361,0.766904,SWE,THA,72
20021115,208,216,171,2019,24463993.0,462879.0,1.781148,0.742037,SWE,THA,72
20021116,208,216,171,2020,17836627.0,857340.0,1.6911310000000002,0.791586,SWE,THA,72
20021117,208,216,171,1995,15288113.0,90714.0,2.246997,1.060171,SWE,THA,72
20021118,209,216,171,2008,476592.0,0.0,0.761506,0.29043,SWZ,THA,72
20021119,209,216,171,2009,171475.0,0.0,0.6420859999999999,0.060127999999999994,SWZ,THA,72
20021120,209,216,171,2004,28976.0,0.0,0.397488,-0.264855,SWZ,THA,72
20021121,209,216,171,2011,26176.0,0.0,0.169986,-0.078842,SWZ,THA,72
20021122,209,216,171,2010,170344.0,0.0,0.186142,-0.34577800000000003,SWZ,THA,72
20021123,209,216,171,2001,61573.0,0.0,0.372699,-0.287132,SWZ,THA,72
20021124,209,216,171,2020,14421.0,0.0,0.289013,-0.556212,SWZ,THA,72
20021125,209,216,171,2007,442677.0,0.0,0.9562299999999999,0.053538,SWZ,THA,72
20021126,209,216,171,2000,748498.0,0.0,0.48578000000000005,-0.200928,SWZ,THA,72
20021127,209,216,171,2005,1701564.0,0.0,0.632886,-0.045288,SWZ,THA,72
20021128,209,216,171,2003,248264.0,0.0,0.399541,-0.23342600000000002,SWZ,THA,72
20021129,209,216,171,2006,1451.0,0.0,0.750674,0.221306,SWZ,THA,72
20021130,209,216,171,2002,26664.0,0.0,0.49801599999999996,-0.139709,SWZ,THA,72
20021131,211,216,171,2014,0.0,9035.0,0.358111,-0.484879,SYC,THA,72
20021132,211,216,171,2019,32532.0,23216.0,0.024113,-0.711363,SYC,THA,72
20021133,211,216,171,2015,0.0,1147.0,1.017467,-0.285569,SYC,THA,72
20021134,211,216,171,2013,0.0,6319.0,0.270999,-0.474095,SYC,THA,72
20021135,211,216,171,2018,0.0,30973.0,0.187352,-0.693013,SYC,THA,72
20021136,211,216,171,2010,0.0,838.0,-0.075668,-0.549686,SYC,THA,72
20021137,211,216,171,2007,0.0,103018.0,-0.644497,-0.8748520000000001,SYC,THA,72
20021138,211,216,171,2006,0.0,3364.0,-0.344619,-0.796139,SYC,THA,72
20021139,211,216,171,2016,0.0,9879.0,0.441241,-0.580767,SYC,THA,72
20021140,211,216,171,2017,0.0,22221.0,0.41946000000000006,-0.523274,SYC,THA,72
20021141,211,216,171,1996,0.0,17124.0,0.239125,-0.458433,SYC,THA,72
20021142,211,216,171,1999,304417.0,0.0,0.11940999999999999,-0.7071270000000001,SYC,THA,72
20021143,211,216,171,2001,0.0,34272.0,0.065059,-0.7806489999999999,SYC,THA,72
20021144,211,216,171,2003,125542.0,0.0,-0.44341099999999994,-0.742566,SYC,THA,72
20021145,211,216,171,2004,0.0,12094.0,-0.12954100000000002,-0.713507,SYC,THA,72
20021146,211,216,171,2005,0.0,11136.0,0.153199,-0.662357,SYC,THA,72
20021147,211,216,171,2009,0.0,23164.0,-0.16046400000000002,-0.81512,SYC,THA,72
20021148,212,216,171,2009,0.0,862776.0,-0.48481199999999997,1.464509,SYR,THA,72
20021149,212,216,171,2010,0.0,2402538.0,-0.46833800000000003,1.11952,SYR,THA,72
20021150,212,216,171,2003,0.0,311822.0,-0.868749,-0.326322,SYR,THA,72
20021151,212,216,171,2005,0.0,1360500.0,-0.677037,0.107451,SYR,THA,72
20021152,212,216,171,2008,0.0,202124.0,-0.365789,0.877383,SYR,THA,72
20021153,212,216,171,2006,0.0,966736.0,-0.588695,0.532487,SYR,THA,72
20021154,212,216,171,2007,0.0,1809951.0,-0.46851899999999996,0.553396,SYR,THA,72
20021155,212,216,171,2011,0.0,1910370.0,-0.604133,0.5268970000000001,SYR,THA,72
20021156,212,216,171,2012,0.0,583696.0,-0.11197,1.916262,SYR,THA,72
20021157,212,216,171,2014,0.0,252272.0,-0.366224,0.9054719999999999,SYR,THA,72
20021158,212,216,171,2013,0.0,209504.0,-0.14343399999999998,1.077256,SYR,THA,72
20021159,212,216,171,2004,3989.0,519283.0,-0.568707,-0.034736,SYR,THA,72
20021160,212,216,171,2002,0.0,58614.0,-1.067974,-0.513309,SYR,THA,72
20021161,212,216,171,1999,0.0,13549.0,-0.996784,-0.6344069999999999,SYR,THA,72
20021162,212,216,171,1998,0.0,36217.0,-0.807312,-0.626358,SYR,THA,72
20021163,212,216,171,2000,0.0,45053.0,-1.1566969999999999,-0.783626,SYR,THA,72
20021164,212,216,171,2001,0.0,77476.0,-1.057217,-0.716331,SYR,THA,72
20021165,212,216,171,1995,41176.0,0.0,-0.8829469999999999,-0.809407,SYR,THA,72
20021166,213,216,171,2007,11345.0,0.0,0.847607,-0.055827999999999996,TCA,THA,72
20021167,215,216,171,2007,823960.0,3788.0,-0.78689,-0.806879,TGO,THA,72
20021168,215,216,171,2002,1515.0,0.0,-0.6810039999999999,-0.6286930000000001,TGO,THA,72
20021169,215,216,171,2015,10873.0,0.0,-0.66925,-0.873554,TGO,THA,72
20021170,215,216,171,2016,905219.0,0.0,-0.751382,-0.7411310000000001,TGO,THA,72
20021171,215,216,171,2017,1468750.0,985.0,-0.8957450000000001,-0.891191,TGO,THA,72
20021172,215,216,171,2018,2108870.0,0.0,-0.685084,-0.773437,TGO,THA,72
20021173,215,216,171,2019,304349.0,0.0,-0.823204,-0.819535,TGO,THA,72
20021174,215,216,171,2008,5373103.0,0.0,-0.5025689999999999,-0.747621,TGO,THA,72
20021175,215,216,171,2009,1929272.0,0.0,-0.561619,-0.759929,TGO,THA,72
20021176,215,216,171,2010,998347.0,0.0,-0.943559,-0.884336,TGO,THA,72
20021177,215,216,171,2011,1774788.0,0.0,-0.9156030000000001,-0.884099,TGO,THA,72
20021178,215,216,171,2012,4474763.0,0.0,-0.50449,-0.604672,TGO,THA,72
20021179,215,216,171,2013,3833608.0,32346.0,-0.598413,-0.49295200000000006,TGO,THA,72
20021180,215,216,171,2014,3018385.0,3916.0,-0.524103,-0.537643,TGO,THA,72
20021181,215,216,171,2006,163512.0,0.0,-0.8304020000000001,-0.678178,TGO,THA,72
20021182,217,216,171,2018,0.0,343.0,-0.757793,-1.0641209999999999,TJK,THA,72
20021183,218,216,171,2000,0.0,5100.0,0.48116400000000004,0.160799,TKL,THA,72
20021184,219,216,171,2000,0.0,1964.0,-0.99165,-1.167094,TKM,THA,72
20021185,219,216,171,2016,0.0,257378.0,-1.27494,-1.259639,TKM,THA,72
20021186,219,216,171,2017,0.0,2499.0,-1.564885,-1.274637,TKM,THA,72
20021187,220,216,171,2013,0.0,11435.0,-0.376633,-0.73677,TLS,THA,72
20021188,220,216,171,2016,0.0,10575.0,-0.737023,-0.908582,TLS,THA,72
20021189,220,216,171,2017,0.0,39352.0,-0.45426700000000003,-0.769744,TLS,THA,72
20021190,220,216,171,2002,0.0,2665.0,0.363225,-0.536718,TLS,THA,72
20021191,220,216,171,2001,0.0,2385.0,1.473822,-0.204046,TLS,THA,72
20021192,221,216,171,2019,0.0,28151.0,-0.057787,-0.671035,TON,THA,72
20021193,221,216,171,2020,0.0,181565.0,-0.79433,-0.8264100000000001,TON,THA,72
20021194,221,216,171,2007,0.0,879.0,-0.482545,-0.816512,TON,THA,72
20021195,221,216,171,2014,0.0,114662.0,-0.11129100000000001,-0.523176,TON,THA,72
20021196,221,216,171,2015,0.0,110899.0,-0.212905,-0.670721,TON,THA,72
20021197,221,216,171,2016,0.0,26747.0,-0.29545,-0.766385,TON,THA,72
20021198,221,216,171,2017,0.0,15763.0,-0.504652,-0.820577,TON,THA,72
20021199,221,216,171,2018,0.0,62737.0,0.087991,-0.5723060000000001,TON,THA,72
20021200,221,216,171,2012,0.0,35626.0,0.114173,-0.307309,TON,THA,72
20021201,221,216,171,2011,0.0,29440.0,-0.14256,-0.589116,TON,THA,72
20021202,221,216,171,2013,0.0,42230.0,0.183053,-0.345657,TON,THA,72
20021203,222,216,171,2009,357851.0,1591.0,-0.508195,-1.097365,TTO,THA,72
20021204,222,216,171,2010,937827.0,505026.0,-0.338123,-1.070239,TTO,THA,72
20021205,222,216,171,2011,5460790.0,1547.0,-0.44228,-1.031793,TTO,THA,72
20021206,222,216,171,2012,10206367.0,985.0,-0.420754,-1.0575299999999999,TTO,THA,72
20021207,222,216,171,2005,1203448.0,0.0,0.13125699999999998,-0.9324479999999999,TTO,THA,72
20021208,222,216,171,2006,806938.0,1094936.0,-0.20651399999999998,-1.024907,TTO,THA,72
20021209,222,216,171,2007,649959.0,1017226.0,-0.371347,-1.0536709999999998,TTO,THA,72
20021210,222,216,171,2008,4215182.0,119258.0,-0.44752600000000003,-1.060906,TTO,THA,72
20021211,222,216,171,2013,8024739.0,1553.0,-0.280641,-1.083332,TTO,THA,72
20021212,222,216,171,2014,13867416.0,0.0,-0.57362,-1.117545,TTO,THA,72
20021213,222,216,171,2015,3630533.0,29521.0,-0.462837,-1.117621,TTO,THA,72
20021214,222,216,171,2003,0.0,44978.0,-0.16738,-0.9820969999999999,TTO,THA,72
20021215,222,216,171,2004,294161.0,76837.0,0.00677,-0.965385,TTO,THA,72
20021216,222,216,171,2017,6242454.0,5455.0,-0.183935,-1.012153,TTO,THA,72
20021217,222,216,171,2018,16841890.0,71985.0,-0.281617,-1.009652,TTO,THA,72
20021218,222,216,171,2020,10569876.0,0.0,0.156566,-0.653656,TTO,THA,72
20021219,222,216,171,2019,14454518.0,128443.0,0.1861,-0.874604,TTO,THA,72
20021220,222,216,171,2016,2984119.0,1426.0,-0.191969,-1.028843,TTO,THA,72
20021221,223,216,171,2007,386971.0,24036.0,0.062824,0.74003,TUN,THA,72
20021222,223,216,171,2019,5604.0,665381.0,0.19601300000000002,1.159766,TUN,THA,72
20021223,223,216,171,2001,23264.0,0.0,-0.162152,0.23939699999999997,TUN,THA,72
20021224,223,216,171,2005,0.0,23441.0,-0.07273099999999999,0.671113,TUN,THA,72
20021225,223,216,171,2000,70592.0,0.0,-0.188616,0.044912,TUN,THA,72
20021226,223,216,171,2010,0.0,191756.0,0.165019,0.8882059999999999,TUN,THA,72
20021227,223,216,171,2016,0.0,83198.0,0.171791,1.062948,TUN,THA,72
20021228,223,216,171,2018,1657.0,130246.0,0.259778,1.187194,TUN,THA,72
20021229,223,216,171,2004,44787.0,0.0,-0.195751,0.335147,TUN,THA,72
20021230,223,216,171,2008,0.0,371292.0,0.084141,0.676248,TUN,THA,72
20021231,223,216,171,2009,0.0,71323.0,0.044903,0.9126120000000001,TUN,THA,72
20021232,223,216,171,2017,0.0,88607.0,0.224119,0.961772,TUN,THA,72
20021233,223,216,171,2011,0.0,337151.0,0.151221,1.1252360000000001,TUN,THA,72
20021234,223,216,171,2012,0.0,222241.0,0.24695799999999998,0.9356620000000001,TUN,THA,72
20021235,223,216,171,2013,0.0,82836.0,0.185528,1.0070700000000001,TUN,THA,72
20021236,223,216,171,2014,4615.0,134892.0,0.343449,1.118007,TUN,THA,72
20021237,223,216,171,2015,0.0,166980.0,0.140202,0.967591,TUN,THA,72
20021238,223,216,171,1999,0.0,32477.0,-0.317866,-0.102551,TUN,THA,72
20021239,224,216,171,2017,1550650.0,908064.0,0.541611,2.405872,TUR,THA,72
20021240,224,216,171,2018,29152848.0,965097.0,0.518721,2.5581419999999997,TUR,THA,72
20021241,224,216,171,2011,8895378.0,4441226.0,0.45775,2.4316259999999996,TUR,THA,72
20021242,224,216,171,2012,11072171.0,5892062.0,0.507184,2.259161,TUR,THA,72
20021243,224,216,171,2007,689118.0,7416856.0,0.41396700000000003,2.0339869999999998,TUR,THA,72
20021244,224,216,171,2005,2248502.0,11430211.0,0.226487,2.210279,TUR,THA,72
20021245,224,216,171,2009,46378678.0,1896987.0,0.384596,2.3797610000000002,TUR,THA,72
20021246,224,216,171,2010,111608685.0,2930590.0,0.359977,2.471173,TUR,THA,72
20021247,224,216,171,2019,3428224.0,736988.0,0.569408,2.364546,TUR,THA,72
20021248,224,216,171,2020,2158750.0,2675832.0,0.590472,2.619866,TUR,THA,72
20021249,224,216,171,2014,53447491.0,1580394.0,0.554761,2.385693,TUR,THA,72
20021250,224,216,171,2015,22807881.0,1297778.0,0.438669,2.519632,TUR,THA,72
20021251,224,216,171,2016,9447537.0,1088165.0,0.45364799999999994,2.478837,TUR,THA,72
20021252,224,216,171,1996,40809185.0,51264.0,0.156866,1.554023,TUR,THA,72
20021253,224,216,171,1997,45521728.0,86194.0,0.167734,1.5827870000000002,TUR,THA,72
20021254,224,216,171,1998,1406298.0,3478891.0,0.085286,1.653589,TUR,THA,72
20021255,224,216,171,1999,3117471.0,1106864.0,0.044692,1.745755,TUR,THA,72
20021256,224,216,171,2000,58850.0,3703717.0,0.191299,1.9761529999999998,TUR,THA,72
20021257,224,216,171,2001,6573149.0,2165615.0,0.188773,1.91451,TUR,THA,72
20021258,224,216,171,2008,2445742.0,10771679.0,0.44478,2.186881,TUR,THA,72
20021259,224,216,171,2013,77242482.0,3669153.0,0.42932299999999995,2.690235,TUR,THA,72
20021260,224,216,171,2006,97159.0,16829635.0,0.33971599999999996,2.193384,TUR,THA,72
20021261,224,216,171,2002,14910.0,1243695.0,0.11263699999999999,1.83925,TUR,THA,72
20021262,224,216,171,2003,52607167.0,1517870.0,0.192802,1.9855060000000002,TUR,THA,72
20021263,224,216,171,2004,39207696.0,6630780.0,0.141454,1.9463599999999999,TUR,THA,72
20021264,224,216,171,1995,62080939.0,145431.0,0.166794,1.209066,TUR,THA,72
20021265,225,216,171,2014,2513.0,0.0,1.127623,-0.482033,TUV,THA,72
20021266,226,216,171,2007,1373.0,22137.0,-0.8493959999999999,0.47116099999999994,TZA,THA,72
20021267,226,216,171,2002,12493.0,2596.0,-1.189463,-0.48640600000000006,TZA,THA,72
20021268,226,216,171,2015,13223.0,5087.0,-1.02395,-0.017509999999999998,TZA,THA,72
20021269,226,216,171,1997,0.0,22035.0,-1.368133,-0.753692,TZA,THA,72
20021270,226,216,171,2009,17294.0,13542.0,-0.822897,0.644899,TZA,THA,72
20021271,226,216,171,2008,78986.0,7680.0,-0.755692,0.8751690000000001,TZA,THA,72
20021272,226,216,171,2019,4894.0,0.0,-0.907172,0.37293899999999996,TZA,THA,72
20021273,226,216,171,2012,0.0,2764.0,-0.594481,0.770239,TZA,THA,72
20021274,226,216,171,2018,55000.0,6962.0,-0.09850700000000001,1.145606,TZA,THA,72
20021275,226,216,171,2005,20183.0,60232.0,-1.049726,0.005511,TZA,THA,72
20021276,226,216,171,2006,0.0,84839.0,-0.953097,0.159129,TZA,THA,72
20021277,226,216,171,2001,3813.0,2449.0,-1.193991,-0.49282200000000004,TZA,THA,72
20021278,226,216,171,2014,26289.0,3448.0,-1.054331,0.166345,TZA,THA,72
20021279,226,216,171,2016,22892.0,313235.0,-1.1008799999999999,-0.048319,TZA,THA,72
20021280,226,216,171,2017,38220.0,45430.0,-1.0691709999999999,0.11636800000000001,TZA,THA,72
20021281,226,216,171,2011,55722.0,1269.0,-0.751316,0.286505,TZA,THA,72
20021282,226,216,171,2000,0.0,10208.0,-1.278362,-0.615536,TZA,THA,72
20021283,226,216,171,2004,16633.0,38688.0,-1.022658,-0.007045999999999999,TZA,THA,72
20021284,226,216,171,2010,0.0,4530.0,-0.7327,0.427616,TZA,THA,72
20021285,226,216,171,2003,0.0,4004.0,-1.225217,-0.43662399999999996,TZA,THA,72
20021286,226,216,171,1999,7751.0,0.0,-1.068358,-0.54693,TZA,THA,72
20021287,226,216,171,1996,0.0,5967.0,-1.391534,-0.907436,TZA,THA,72
20021288,227,216,171,2002,12378.0,0.0,-1.038337,-0.896425,UGA,THA,72
20021289,227,216,171,2011,655.0,520.0,-0.7153,-0.062678,UGA,THA,72
20021290,227,216,171,2012,0.0,30784.0,-0.484868,0.153507,UGA,THA,72
20021291,227,216,171,2013,0.0,2107.0,-0.5462279999999999,0.200682,UGA,THA,72
20021292,227,216,171,2014,0.0,1169.0,-0.46911800000000003,0.25446599999999997,UGA,THA,72
20021293,227,216,171,1995,0.0,6458.0,-1.053037,-1.001752,UGA,THA,72
20021294,228,216,171,2009,260182937.0,259012.0,0.602688,0.830247,UKR,THA,72
20021295,228,216,171,2010,401904306.0,777339.0,0.714148,0.916267,UKR,THA,72
20021296,228,216,171,2011,198382273.0,746310.0,0.6221409999999999,0.765505,UKR,THA,72
20021297,228,216,171,2012,68969706.0,851408.0,0.590001,0.8422069999999999,UKR,THA,72
20021298,228,216,171,2013,41655139.0,363680.0,0.657729,0.9063200000000001,UKR,THA,72
20021299,228,216,171,2014,9814339.0,210917.0,0.566535,0.832267,UKR,THA,72
20021300,228,216,171,2015,204567.0,46009.0,0.429879,0.701813,UKR,THA,72
20021301,228,216,171,2016,1019639.0,10261.0,0.406901,0.637051,UKR,THA,72
20021302,228,216,171,2017,11619477.0,61024.0,0.461109,0.7826569999999999,UKR,THA,72
20021303,228,216,171,2018,16622719.0,23510.0,0.337296,0.758675,UKR,THA,72
20021304,228,216,171,2019,112531773.0,128278.0,0.303802,0.5650270000000001,UKR,THA,72
20021305,228,216,171,2020,12773845.0,114248.0,0.383736,0.531328,UKR,THA,72
20021306,228,216,171,2000,114516972.0,94820.0,0.763783,0.8563,UKR,THA,72
20021307,228,216,171,2001,143325152.0,0.0,0.8376969999999999,0.989059,UKR,THA,72
20021308,228,216,171,2002,262566669.0,20890.0,0.835485,0.872135,UKR,THA,72
20021309,228,216,171,2003,165786792.0,5112.0,0.8929389999999999,0.956685,UKR,THA,72
20021310,228,216,171,2004,250676267.0,10182.0,0.8758040000000001,0.8195879999999999,UKR,THA,72
20021311,228,216,171,2006,44580103.0,771895.0,0.7008439999999999,0.79656,UKR,THA,72
20021312,228,216,171,2007,108505051.0,7555603.0,0.7441760000000001,0.8681260000000001,UKR,THA,72
20021313,228,216,171,2008,257803741.0,1871024.0,0.59355,0.764415,UKR,THA,72
20021314,228,216,171,2005,135734918.0,85638.0,0.701846,0.687519,UKR,THA,72
20021315,228,216,171,1996,132790585.0,0.0,0.896537,0.9241459999999999,UKR,THA,72
20021316,228,216,171,1997,76932638.0,0.0,0.8502559999999999,0.956254,UKR,THA,72
20021317,228,216,171,1998,14726348.0,0.0,0.880876,0.783668,UKR,THA,72
20021318,228,216,171,1999,82353107.0,0.0,0.6242270000000001,0.742258,UKR,THA,72
20021319,228,216,171,1995,23940635.0,25423.0,0.428875,0.20489899999999997,UKR,THA,72
20021320,230,216,171,2009,0.0,4535.0,0.260419,-0.171944,URY,THA,72
20021321,230,216,171,2010,19428.0,226432.0,0.217246,-0.079733,URY,THA,72
20021322,230,216,171,2018,195968.0,0.0,-0.02056,-0.38911,URY,THA,72
20021323,230,216,171,2008,826850.0,0.0,0.376164,0.049387,URY,THA,72
20021324,230,216,171,2015,128249.0,67432.0,0.273876,-0.363695,URY,THA,72
20021325,230,216,171,2016,11082.0,0.0,0.098051,-0.45418400000000003,URY,THA,72
20021326,230,216,171,2014,801240.0,0.0,0.154034,-0.380899,URY,THA,72
20021327,230,216,171,2013,0.0,3496.0,0.20190999999999998,-0.19777999999999998,URY,THA,72
20021328,230,216,171,2017,64500.0,0.0,0.16963,-0.403006,URY,THA,72
20021329,230,216,171,2019,32503.0,0.0,-0.077549,-0.473943,URY,THA,72
20021330,230,216,171,2020,10580.0,0.0,-0.127375,-0.449032,URY,THA,72
20021331,231,216,171,1995,123113219.0,22812895.0,1.771648,1.184,USA,THA,72
20021332,231,216,171,1996,78253253.0,4550931.0,1.7110560000000001,1.125141,USA,THA,72
20021333,231,216,171,1997,32185984.0,37545267.0,1.823511,0.888084,USA,THA,72
20021334,231,216,171,1999,16769350.0,48866271.0,1.8755119999999998,0.5350729999999999,USA,THA,72
20021335,231,216,171,2000,25554988.0,129721497.0,1.8549650000000002,0.226992,USA,THA,72
20021336,231,216,171,2001,12008490.0,28565625.0,1.873674,0.168468,USA,THA,72
20021337,231,216,171,2002,26654124.0,57576117.0,1.821594,0.231296,USA,THA,72
20021338,231,216,171,2003,118913885.0,38962739.0,1.7789220000000001,0.064028,USA,THA,72
20021339,231,216,171,2005,109326393.0,94136994.0,1.718086,-0.34564,USA,THA,72
20021340,231,216,171,2006,127766109.0,247398911.0,1.666643,-0.121679,USA,THA,72
20021341,231,216,171,2007,285266727.0,236683810.0,1.612165,0.0922,USA,THA,72
20021342,231,216,171,2008,465143222.0,146936637.0,1.584278,-0.209788,USA,THA,72
20021343,231,216,171,2009,154365274.0,21954910.0,1.657663,-0.41411400000000004,USA,THA,72
20021344,231,216,171,2010,256078343.0,25578192.0,1.67573,-0.598165,USA,THA,72
20021345,231,216,171,2011,397576562.0,21535477.0,1.6884849999999998,-0.474499,USA,THA,72
20021346,231,216,171,2012,174967247.0,34810315.0,1.628377,-0.601941,USA,THA,72
20021347,231,216,171,2013,66679703.0,25110172.0,1.6639689999999998,-0.48651300000000003,USA,THA,72
20021348,231,216,171,2014,191723264.0,27214103.0,1.61227,0.068905,USA,THA,72
20021349,231,216,171,2015,107697626.0,15752572.0,1.720478,-0.129322,USA,THA,72
20021350,231,216,171,2016,119908205.0,54173631.0,1.685329,0.297536,USA,THA,72
20021351,231,216,171,2017,160024938.0,147757383.0,1.601478,0.277271,USA,THA,72
20021352,231,216,171,2018,204700031.0,97190360.0,1.585861,0.44815900000000003,USA,THA,72
20021353,231,216,171,2019,162808199.0,72088326.0,1.606808,0.3232,USA,THA,72
20021354,231,216,171,2020,222591407.0,35619646.0,1.588148,0.380904,USA,THA,72
20021355,231,216,171,1998,26778078.0,102742309.0,1.8223639999999999,0.761336,USA,THA,72
20021356,231,216,171,2004,168870878.0,114425623.0,1.7598630000000002,0.066704,USA,THA,72
20021357,232,216,171,2018,0.0,2909.0,-0.591547,-0.429982,UZB,THA,72
20021358,232,216,171,2019,0.0,21831.0,-0.5856060000000001,-0.311248,UZB,THA,72
20021359,234,216,171,2012,401130.0,0.0,0.233053,-0.292993,VCT,THA,72
20021360,234,216,171,2007,0.0,45512.0,-0.112166,-0.692679,VCT,THA,72
20021361,234,216,171,2011,21248.0,0.0,0.291718,-0.250897,VCT,THA,72
20021362,234,216,171,2014,177895.0,0.0,0.034024,-0.522492,VCT,THA,72
20021363,234,216,171,2010,0.0,102681.0,0.120821,-0.43102700000000005,VCT,THA,72
20021364,234,216,171,2006,0.0,617807.0,-0.6097060000000001,-0.8844770000000001,VCT,THA,72
20021365,234,216,171,2019,150415.0,0.0,-0.712703,-0.859416,VCT,THA,72
20021366,234,216,171,2015,59043.0,0.0,0.087811,-0.35481999999999997,VCT,THA,72
20021367,236,216,171,1996,4884542.0,2474.0,0.07086100000000001,-0.761307,VEN,THA,72
20021368,236,216,171,1999,5299923.0,0.0,0.16454100000000002,-0.691021,VEN,THA,72
20021369,236,216,171,2000,3105490.0,0.0,0.19788499999999998,-0.779957,VEN,THA,72
20021370,236,216,171,2005,358121.0,5965.0,0.248175,-0.9600629999999999,VEN,THA,72
20021371,236,216,171,2009,2794248.0,0.0,-0.5847600000000001,-1.150334,VEN,THA,72
20021372,236,216,171,2010,0.0,2864.0,-0.660844,-1.145133,VEN,THA,72
20021373,236,216,171,2011,0.0,677.0,-0.841147,-1.095636,VEN,THA,72
20021374,236,216,171,2015,0.0,1400.0,-0.9249129999999999,-1.1877280000000001,VEN,THA,72
20021375,236,216,171,1998,5504709.0,17604.0,0.288717,-0.540639,VEN,THA,72
20021376,236,216,171,2001,6753122.0,0.0,0.261158,-0.7397,VEN,THA,72
20021377,236,216,171,2002,1706082.0,0.0,0.211536,-0.715675,VEN,THA,72
20021378,236,216,171,2003,2217828.0,0.0,0.277805,-0.783697,VEN,THA,72
20021379,236,216,171,2004,115490.0,348780.0,0.048698000000000005,-0.899776,VEN,THA,72
20021380,236,216,171,2006,0.0,74129.0,-0.340972,-1.015462,VEN,THA,72
20021381,236,216,171,2008,237396.0,0.0,-0.442996,-1.0439969999999998,VEN,THA,72
20021382,236,216,171,2018,160087.0,0.0,-1.081138,-1.198717,VEN,THA,72
20021383,236,216,171,2019,342047.0,0.0,-1.318175,-1.2506110000000001,VEN,THA,72
20021384,236,216,171,2020,1301612.0,0.0,-1.058537,-1.178218,VEN,THA,72
20021385,236,216,171,2007,7611600.0,0.0,-0.231215,-0.9839200000000001,VEN,THA,72
20021386,236,216,171,1995,50365.0,0.0,0.299294,-0.635474,VEN,THA,72
20021387,237,216,171,2014,656531.0,0.0,0.484282,-0.082974,VGB,THA,72
20021388,237,216,171,2007,6559.0,0.0,0.994233,0.072526,VGB,THA,72
20021389,237,216,171,2008,37240.0,16851.0,0.775652,0.028573,VGB,THA,72
20021390,237,216,171,2010,33061.0,0.0,0.699891,-0.29630300000000004,VGB,THA,72
20021391,239,216,171,2000,82354.0,34132455.0,-0.849311,0.391474,VNM,THA,72
20021392,239,216,171,2001,39501.0,37044751.0,-0.6692130000000001,0.610992,VNM,THA,72
20021393,239,216,171,2002,67686.0,29510534.0,-0.589665,0.799874,VNM,THA,72
20021394,239,216,171,2013,247611776.0,56264483.0,-0.11426900000000001,1.399738,VNM,THA,72
20021395,239,216,171,2018,256981827.0,85328675.0,0.003069,0.9169729999999999,VNM,THA,72
20021396,239,216,171,2019,233817668.0,80519350.0,-0.048147,1.098784,VNM,THA,72
20021397,239,216,171,2008,156520239.0,213495526.0,-0.207083,1.1323370000000001,VNM,THA,72
20021398,239,216,171,2010,56020842.0,170052684.0,-0.24660500000000002,1.427235,VNM,THA,72
20021399,239,216,171,2015,232331035.0,64536212.0,-0.17108900000000002,1.10995,VNM,THA,72
20021400,239,216,171,2016,136839814.0,110386877.0,-0.10217899999999999,1.015568,VNM,THA,72
20021401,239,216,171,2009,23386341.0,183494227.0,-0.27396,1.131199,VNM,THA,72
20021402,239,216,171,2011,186512635.0,146557644.0,-0.184453,1.637207,VNM,THA,72
20021403,239,216,171,2005,4601209.0,115890410.0,-0.673618,0.766938,VNM,THA,72
20021404,239,216,171,2017,198643505.0,94475960.0,-0.009819,0.686429,VNM,THA,72
20021405,239,216,171,2003,492936.0,70326216.0,-0.633985,0.659696,VNM,THA,72
20021406,239,216,171,2007,19360232.0,381118835.0,-0.335613,1.048849,VNM,THA,72
20021407,239,216,171,2012,187439790.0,60566793.0,0.012365000000000001,1.290936,VNM,THA,72
20021408,239,216,171,2014,272271958.0,101397688.0,-0.023765,1.344416,VNM,THA,72
20021409,239,216,171,2020,399848017.0,125820826.0,0.034229,0.89099,VNM,THA,72
20021410,239,216,171,2004,2884287.0,93223316.0,-0.5270560000000001,0.8910389999999999,VNM,THA,72
20021411,239,216,171,2006,10426043.0,103861219.0,-0.342779,1.033318,VNM,THA,72
20021412,239,216,171,1998,2296.0,12104698.0,-0.9395469999999999,0.060697,VNM,THA,72
20021413,239,216,171,1999,0.0,16701900.0,-0.9824940000000001,0.115755,VNM,THA,72
20021414,239,216,171,1995,799166.0,3867154.0,-1.0462069999999999,-0.269063,VNM,THA,72
20021415,239,216,171,1996,0.0,7128287.0,-0.9336469999999999,-0.10985199999999999,VNM,THA,72
20021416,239,216,171,1997,932348.0,7546034.0,-0.93384,0.06253099999999999,VNM,THA,72
20021417,240,216,171,2016,0.0,115222.0,-1.187374,-0.9973350000000001,VUT,THA,72
20021418,240,216,171,2018,0.0,480124.0,-1.595495,-1.026155,VUT,THA,72
20021419,240,216,171,2006,0.0,128134.0,-1.166741,-0.927552,VUT,THA,72
20021420,240,216,171,2012,0.0,217894.0,-0.8367030000000001,-0.8235610000000001,VUT,THA,72
20021421,240,216,171,2015,0.0,263260.0,-1.6531169999999997,-1.018974,VUT,THA,72
20021422,240,216,171,2007,0.0,80978.0,-1.187885,-0.993107,VUT,THA,72
20021423,240,216,171,2008,0.0,124856.0,-1.1498540000000002,-0.9443299999999999,VUT,THA,72
20021424,240,216,171,2011,0.0,78018.0,-1.324335,-0.9620629999999999,VUT,THA,72
20021425,240,216,171,2013,0.0,412717.0,-0.6548689999999999,-0.811184,VUT,THA,72
20021426,240,216,171,2014,0.0,111697.0,-1.21245,-0.941493,VUT,THA,72
20021427,240,216,171,2017,0.0,279719.0,-1.223329,-1.005357,VUT,THA,72
20021428,240,216,171,2019,0.0,164135.0,-0.88634,-0.943023,VUT,THA,72
20021429,240,216,171,2020,0.0,341786.0,-1.469494,-0.991857,VUT,THA,72
20021430,240,216,171,2010,0.0,8153.0,-0.8922190000000001,-0.87134,VUT,THA,72
20021431,241,216,171,2020,0.0,1096.0,0.601576,-0.727147,WLF,THA,72
20021432,241,216,171,2004,0.0,550.0,2.1501349999999997,-0.13714200000000001,WLF,THA,72
20021433,241,216,171,2008,0.0,5859.0,0.503318,-0.708188,WLF,THA,72
20021434,241,216,171,2011,0.0,5485.0,0.512842,-0.681142,WLF,THA,72
20021435,242,216,171,2015,0.0,984631.0,0.351057,-0.158431,WSM,THA,72
20021436,242,216,171,2016,0.0,346900.0,0.576339,-0.221148,WSM,THA,72
20021437,242,216,171,2014,0.0,477293.0,0.602344,-0.051224,WSM,THA,72
20021438,242,216,171,2011,0.0,492081.0,0.9658110000000001,0.30804699999999996,WSM,THA,72
20021439,242,216,171,2019,0.0,597344.0,0.22290700000000002,-0.164178,WSM,THA,72
20021440,242,216,171,2012,2527.0,800218.0,0.537049,-0.065328,WSM,THA,72
20021441,242,216,171,2004,0.0,28218.0,-0.129153,-0.6165510000000001,WSM,THA,72
20021442,242,216,171,2006,0.0,101680.0,0.299266,-0.477783,WSM,THA,72
20021443,242,216,171,2008,421682.0,0.0,0.527804,-0.347197,WSM,THA,72
20021444,242,216,171,2013,9030.0,503538.0,0.824724,0.056441,WSM,THA,72
20021445,242,216,171,2017,0.0,598616.0,0.450726,0.050197000000000006,WSM,THA,72
20021446,242,216,171,2018,0.0,911961.0,0.336421,0.186474,WSM,THA,72
20021447,242,216,171,2020,0.0,706696.0,0.875817,-0.056116,WSM,THA,72
20021448,243,216,171,2004,0.0,599092.0,-1.15115,-1.207897,YEM,THA,72
20021449,243,216,171,2008,0.0,810007.0,-1.227495,-1.191462,YEM,THA,72
20021450,243,216,171,2006,0.0,542047.0,-1.0407110000000002,-1.13042,YEM,THA,72
20021451,243,216,171,2007,0.0,5045562.0,-1.2624600000000001,-1.2131290000000001,YEM,THA,72
20021452,243,216,171,2011,643391.0,380739.0,-1.44127,-1.242875,YEM,THA,72
20021453,243,216,171,2012,0.0,134457.0,-1.277216,-1.2331590000000001,YEM,THA,72
20021454,243,216,171,2005,0.0,1973033.0,-1.214267,-1.2094719999999999,YEM,THA,72
20021455,243,216,171,2010,0.0,7600869.0,-1.360851,-1.208826,YEM,THA,72
20021456,243,216,171,2009,0.0,6447911.0,-0.845426,-1.119091,YEM,THA,72
20021457,243,216,171,2013,257436.0,129093.0,-1.252605,-1.207324,YEM,THA,72
20021458,243,216,171,2014,3195.0,0.0,-1.2829190000000001,-1.227373,YEM,THA,72
20021459,243,216,171,2018,1653920.0,0.0,-1.3332899999999999,-1.200589,YEM,THA,72
20021460,243,216,171,2017,976089.0,0.0,-1.397594,-1.2342110000000002,YEM,THA,72
20021461,243,216,171,2020,16762.0,0.0,-1.130952,-1.137774,YEM,THA,72
20021462,243,216,171,2001,0.0,232314.0,-1.465154,-1.261615,YEM,THA,72
20021463,243,216,171,2002,0.0,275696.0,-1.233006,-1.22101,YEM,THA,72
20021464,243,216,171,2003,0.0,801985.0,-1.453584,-1.257815,YEM,THA,72
20021465,246,216,171,2010,39596574.0,26307381.0,0.327326,1.513598,ZAF,THA,72
20021466,246,216,171,2008,121018135.0,22634155.0,0.22551500000000002,1.185506,ZAF,THA,72
20021467,246,216,171,2009,64667722.0,8002392.0,0.316452,1.767795,ZAF,THA,72
20021468,246,216,171,2004,113415655.0,584902.0,0.460279,1.9736220000000002,ZAF,THA,72
20021469,246,216,171,2011,26934785.0,44031297.0,0.241792,1.353011,ZAF,THA,72
20021470,246,216,171,2012,17505021.0,30887760.0,0.284069,1.730991,ZAF,THA,72
20021471,246,216,171,2018,14438844.0,7131203.0,0.158722,1.394829,ZAF,THA,72
20021472,246,216,171,2019,5746770.0,6962199.0,0.129921,1.101027,ZAF,THA,72
20021473,246,216,171,2020,4404911.0,10489160.0,0.042099,0.923931,ZAF,THA,72
20021474,246,216,171,2005,108572536.0,1501050.0,0.484464,1.65903,ZAF,THA,72
20021475,246,216,171,2017,19145877.0,18755355.0,0.2066,1.378591,ZAF,THA,72
20021476,246,216,171,2002,78846014.0,27490.0,0.395943,2.392458,ZAF,THA,72
20021477,246,216,171,2003,72704230.0,96093.0,0.477987,2.255395,ZAF,THA,72
20021478,246,216,171,1997,65168195.0,27460.0,0.501792,1.1192440000000001,ZAF,THA,72
20021479,246,216,171,2014,21306309.0,27886066.0,0.282927,1.723214,ZAF,THA,72
20021480,246,216,171,2015,8493084.0,12471705.0,0.24944699999999997,1.7573159999999999,ZAF,THA,72
20021481,246,216,171,2013,25415193.0,35259624.0,0.380284,1.5682120000000002,ZAF,THA,72
20021482,246,216,171,2016,11771980.0,9526148.0,0.187396,1.46169,ZAF,THA,72
20021483,246,216,171,2001,72056264.0,34211.0,0.356842,2.006155,ZAF,THA,72
20021484,246,216,171,1996,48765037.0,138252.0,0.456593,1.150786,ZAF,THA,72
20021485,246,216,171,2007,203623312.0,13160215.0,0.349792,1.246052,ZAF,THA,72
20021486,246,216,171,2006,74081868.0,1991522.0,0.37964499999999995,1.466326,ZAF,THA,72
20021487,246,216,171,1995,65154140.0,158284.0,0.468112,1.039817,ZAF,THA,72
20021488,246,216,171,1998,28618711.0,280175.0,0.573958,1.3813739999999999,ZAF,THA,72
20021489,246,216,171,1999,49910134.0,1102547.0,0.543171,1.432792,ZAF,THA,72
20021490,246,216,171,2000,63370379.0,165463.0,0.5307529999999999,2.1141810000000003,ZAF,THA,72
20021491,247,216,171,1995,2572.0,0.0,-0.214763,-0.721675,ZMB,THA,72
20021492,247,216,171,1997,0.0,255927.0,-0.62183,-0.809639,ZMB,THA,72
20021493,247,216,171,1998,0.0,53712.0,-0.383126,-0.501498,ZMB,THA,72
20021494,247,216,171,2005,0.0,56480.0,-0.854234,-0.9467399999999999,ZMB,THA,72
20021495,247,216,171,2007,0.0,529524.0,-0.522838,-0.796874,ZMB,THA,72
20021496,247,216,171,2008,0.0,109272.0,-0.798489,-0.9437639999999999,ZMB,THA,72
20021497,247,216,171,2009,0.0,31615.0,-0.6423909999999999,-0.815315,ZMB,THA,72
20021498,247,216,171,2010,0.0,51331.0,-0.650686,-0.830332,ZMB,THA,72
20021499,247,216,171,2011,0.0,114355.0,-0.7599,-0.941019,ZMB,THA,72
20021500,247,216,171,2012,0.0,571474.0,-0.40962200000000004,-0.770245,ZMB,THA,72
20021501,247,216,171,2013,0.0,191590.0,-0.382129,-0.5442229999999999,ZMB,THA,72
20021502,247,216,171,2014,348892.0,102554.0,-0.664089,-0.793452,ZMB,THA,72
20021503,247,216,171,2017,139761.0,0.0,-0.8594290000000001,-1.0574459999999999,ZMB,THA,72
20021504,247,216,171,2019,20552.0,0.0,-0.629261,-0.8471489999999999,ZMB,THA,72
20021505,247,216,171,2020,373491.0,692.0,-0.9162379999999999,-0.9523940000000001,ZMB,THA,72
20021506,247,216,171,2006,0.0,32486.0,-0.5307,-0.793621,ZMB,THA,72
20021507,247,216,171,2003,4234.0,0.0,-0.678149,-0.5919449999999999,ZMB,THA,72
20021508,248,216,171,2011,0.0,2599.0,-0.858662,-0.8632719999999999,ZWE,THA,72
20021509,248,216,171,2012,0.0,2954.0,-0.8025100000000001,-0.869078,ZWE,THA,72
20021510,248,216,171,2013,14655.0,971.0,-0.828702,-0.899175,ZWE,THA,72
20021511,248,216,171,2007,0.0,793.0,-0.5271399999999999,-0.47033800000000003,ZWE,THA,72
20021512,248,216,171,2010,0.0,3974.0,-0.869909,-0.8233309999999999,ZWE,THA,72
20021513,248,216,171,2009,0.0,1571.0,-0.686822,-0.683511,ZWE,THA,72
20021514,248,216,171,1995,40120.0,0.0,-0.054752999999999996,0.326737,ZWE,THA,72
20021515,248,216,171,2000,12998.0,0.0,-0.454005,0.082856,ZWE,THA,72
20021516,248,216,171,2008,0.0,6920.0,-0.377992,-0.577244,ZWE,THA,72
20021517,248,216,171,2015,0.0,331.0,-0.838017,-0.9400270000000001,ZWE,THA,72
20021518,248,216,171,2019,156926.0,0.0,-0.9993780000000001,-1.018174,ZWE,THA,72
20021519,248,216,171,2017,373470.0,0.0,-1.101402,-1.0831680000000001,ZWE,THA,72
20021520,248,216,171,2018,169083.0,0.0,-1.181524,-1.0648520000000001,ZWE,THA,72
20021521,249,216,171,2001,107965445.0,39674798.0,1.5731700000000002,1.353159,TWN,THA,72
20021522,249,216,171,2002,109465005.0,71891606.0,1.683858,1.333601,TWN,THA,72
20021523,249,216,171,2007,395528755.0,109870099.0,1.651607,0.974649,TWN,THA,72
20021524,249,216,171,2009,337876525.0,33786851.0,1.5763120000000002,0.9567950000000001,TWN,THA,72
20021525,249,216,171,2010,515448047.0,96348637.0,1.766729,0.909335,TWN,THA,72
20021526,249,216,171,2012,665972391.0,130437249.0,1.6528,0.9437409999999999,TWN,THA,72
20021527,249,216,171,2013,650998499.0,125618123.0,1.843186,0.9432379999999999,TWN,THA,72
20021528,249,216,171,2017,504583286.0,74512625.0,2.0548290000000002,1.2552969999999999,TWN,THA,72
20021529,249,216,171,2018,506493953.0,100191448.0,2.0462540000000002,1.166636,TWN,THA,72
20021530,249,216,171,2016,538043426.0,67119873.0,2.002996,1.39485,TWN,THA,72
20021531,249,216,171,2019,493477194.0,66076212.0,2.123296,1.1786969999999999,TWN,THA,72
20021532,249,216,171,2020,359650802.0,36219707.0,2.0517060000000003,1.205431,TWN,THA,72
20021533,249,216,171,2011,641606196.0,129361807.0,1.803234,0.921233,TWN,THA,72
20021534,249,216,171,2014,606649780.0,106824231.0,1.9044189999999999,1.0595139999999998,TWN,THA,72
20021535,249,216,171,2015,525536968.0,87942434.0,1.962832,1.214982,TWN,THA,72
20021536,249,216,171,2000,118843316.0,41393321.0,1.44705,1.475122,TWN,THA,72
20021537,249,216,171,2003,119239177.0,92927795.0,1.5924040000000002,1.397843,TWN,THA,72
20021538,249,216,171,2005,261645323.0,71141287.0,1.577067,1.3218450000000002,TWN,THA,72
20021539,249,216,171,2006,276721753.0,102470767.0,1.619915,1.2289940000000001,TWN,THA,72
20021540,249,216,171,2008,502366237.0,59826147.0,1.611693,0.93875,TWN,THA,72
20021541,249,216,171,2004,196085907.0,127943946.0,1.626307,1.358315,TWN,THA,72
20021542,249,216,171,1998,102134082.0,12041563.0,1.224725,1.890322,TWN,THA,72
20021543,249,216,171,1999,116914459.0,16957257.0,1.336816,1.725334,TWN,THA,72
20021544,249,216,171,1997,161184160.0,7160004.0,1.317672,1.800561,TWN,THA,72
20021545,249,216,171,1996,108634554.0,3138160.0,1.432225,1.675389,TWN,THA,72
20021546,249,216,171,1995,120101278.0,27453777.0,1.345205,1.9337389999999999,TWN,THA,72
20021547,250,216,171,2009,58898.0,0.0,0.582246,-0.10603,ANS,THA,72
20021548,250,216,171,2008,4714861.0,0.0,0.547909,-0.5303640000000001,ANS,THA,72
20021549,250,216,171,2007,5895195.0,319181.0,0.671936,-0.284418,ANS,THA,72
20021550,250,216,171,1998,152978.0,1156.0,1.144164,1.187425,ANS,THA,72
20021551,250,216,171,1996,4325072.0,0.0,1.084978,0.901755,ANS,THA,72
20021552,250,216,171,1999,331020.0,63885.0,1.130511,0.9547379999999999,ANS,THA,72
20021553,250,216,171,1997,123692.0,0.0,1.036748,0.851626,ANS,THA,72
20021554,250,216,171,2000,216190.0,62060.0,1.195891,-0.22544,ANS,THA,72
20021555,250,216,171,2001,528977.0,0.0,1.096023,-0.33562600000000004,ANS,THA,72
20021556,250,216,171,1995,0.0,1048.0,1.034518,0.9735149999999999,ANS,THA,72
20021557,250,216,171,2005,13538964.0,0.0,0.63454,-0.41119799999999995,ANS,THA,72
20021558,250,216,171,2006,14642132.0,0.0,0.711619,-0.41880200000000006,ANS,THA,72
20021559,250,216,171,2002,7016456.0,55389.0,0.734927,-0.40114099999999997,ANS,THA,72
20021560,250,216,171,2004,0.0,76792.0,0.509382,-0.30904299999999996,ANS,THA,72
20021561,0,222,171,2010,53374.0,0.0,0.9906219999999999,0.159993,ABW,TTO,72
20021562,0,222,171,2005,0.0,163645.0,0.409159,-0.712276,ABW,TTO,72
20021563,0,222,171,2006,0.0,742673.0,0.15112799999999998,-0.752631,ABW,TTO,72
20021564,0,222,171,2007,434296.0,332245.0,-0.100145,-0.7896920000000001,ABW,TTO,72
20021565,0,222,171,2008,256626.0,0.0,-0.13050499999999998,-0.7932560000000001,ABW,TTO,72
20021566,0,222,171,2009,67208.0,24481.0,0.770077,-0.71001,ABW,TTO,72
20021567,0,222,171,2000,0.0,292131.0,0.333381,-0.7784979999999999,ABW,TTO,72
20021568,0,222,171,2001,0.0,106035.0,-0.084715,-0.844852,ABW,TTO,72
20021569,0,222,171,2002,0.0,129518.0,0.017075999999999997,-0.844024,ABW,TTO,72
20021570,0,222,171,2003,0.0,201089.0,-0.13006600000000001,-0.783431,ABW,TTO,72
20021571,0,222,171,2004,0.0,149270.0,-0.30244099999999996,-0.892926,ABW,TTO,72
20021572,0,222,171,2012,0.0,1425.0,0.262866,-0.531974,ABW,TTO,72
20021573,0,222,171,2015,155214.0,0.0,0.8526809999999999,-0.043541,ABW,TTO,72
20021574,0,222,171,2011,332851.0,0.0,-0.282585,-0.71273,ABW,TTO,72
20021575,0,222,171,1995,0.0,251672.0,-0.502999,-0.713013,ABW,TTO,72
20021576,0,222,171,1996,0.0,619861.0,-0.681487,-0.70999,ABW,TTO,72
20021577,0,222,171,1997,0.0,395746.0,-1.2908190000000002,-0.824577,ABW,TTO,72
20021578,0,222,171,1999,0.0,245129.0,-0.11568599999999998,-0.8296680000000001,ABW,TTO,72
20021579,0,222,171,1998,0.0,413139.0,0.197883,-0.726349,ABW,TTO,72
20021580,2,222,171,2017,2027.0,0.0,-1.408777,-1.215475,AGO,TTO,72
20021581,3,222,171,2000,0.0,104697.0,1.57991,0.160971,AIA,TTO,72
20021582,3,222,171,2001,0.0,203944.0,1.1659469999999998,0.12369000000000001,AIA,TTO,72
20021583,3,222,171,2002,0.0,74600.0,1.801822,0.172557,AIA,TTO,72
20021584,3,222,171,2003,0.0,6803.0,1.159575,-0.060911,AIA,TTO,72
20021585,3,222,171,2004,0.0,717548.0,1.14242,-0.061847000000000006,AIA,TTO,72
20021586,3,222,171,2006,0.0,57451.0,1.4066610000000002,-0.166941,AIA,TTO,72
20021587,3,222,171,2007,0.0,84204.0,1.204732,-0.009463,AIA,TTO,72
20021588,3,222,171,2008,0.0,5505.0,1.3673950000000001,0.124948,AIA,TTO,72
20021589,3,222,171,2013,0.0,130782.0,1.5827879999999999,0.127141,AIA,TTO,72
20021590,3,222,171,1996,0.0,57408.0,0.9183969999999999,-0.126271,AIA,TTO,72
20021591,3,222,171,1997,0.0,214650.0,1.2688760000000001,0.19008599999999998,AIA,TTO,72
20021592,3,222,171,1999,0.0,755229.0,0.9031899999999999,-0.402341,AIA,TTO,72
20021593,3,222,171,2005,0.0,10431.0,0.9438139999999999,-0.331494,AIA,TTO,72
20021594,3,222,171,1995,0.0,102099.0,1.39062,-0.102344,AIA,TTO,72
20021595,3,222,171,2014,0.0,63732.0,0.926517,-0.498487,AIA,TTO,72
20021596,3,222,171,1998,0.0,13107.0,0.8829440000000001,-0.185175,AIA,TTO,72
20021597,6,222,171,2005,349361.0,98996.0,-0.294813,-0.7054010000000001,ANT,TTO,72
20021598,6,222,171,2006,155991.0,156430.0,0.251825,-0.629035,ANT,TTO,72
20021599,6,222,171,2007,7410.0,224165.0,0.305773,-0.504676,ANT,TTO,72
20021600,6,222,171,2008,0.0,79361.0,0.31099,-0.536718,ANT,TTO,72
20021601,6,222,171,2000,271221.0,130493.0,0.47719799999999996,-0.56103,ANT,TTO,72
20021602,6,222,171,2001,106644.0,83312.0,0.260662,-0.66681,ANT,TTO,72
20021603,6,222,171,2002,683265.0,121101.0,0.346519,-0.631549,ANT,TTO,72
20021604,6,222,171,2003,68386.0,85262.0,0.108903,-0.650137,ANT,TTO,72
20021605,6,222,171,2004,134048.0,159911.0,0.726256,-0.48520699999999994,ANT,TTO,72
20021606,6,222,171,1995,72486.0,184303.0,-0.020759,-0.653863,ANT,TTO,72
20021607,6,222,171,1996,9741.0,1193213.0,0.29339,-0.572443,ANT,TTO,72
20021608,6,222,171,1997,52666.0,811469.0,0.406411,-0.46148100000000003,ANT,TTO,72
20021609,6,222,171,1999,62488.0,242388.0,0.266874,-0.5122220000000001,ANT,TTO,72
20021610,6,222,171,1998,536199.0,473998.0,0.666616,-0.224404,ANT,TTO,72
20021611,7,222,171,2013,0.0,915687.0,-0.074047,-0.585168,ARE,TTO,72
20021612,7,222,171,2020,8149.0,0.0,-0.118349,-0.789485,ARE,TTO,72
20021613,7,222,171,2017,215939.0,0.0,0.210477,0.02557,ARE,TTO,72
20021614,7,222,171,2014,0.0,785493.0,0.087775,-0.289459,ARE,TTO,72
20021615,7,222,171,2012,0.0,703429.0,0.45351499999999995,-0.285021,ARE,TTO,72
20021616,7,222,171,2007,0.0,4731.0,-0.107504,-0.44744300000000004,ARE,TTO,72
20021617,7,222,171,2015,0.0,228894.0,0.21779600000000002,-0.0047420000000000006,ARE,TTO,72
20021618,7,222,171,2011,0.0,2528692.0,0.030652,-0.450808,ARE,TTO,72
20021619,7,222,171,2005,0.0,21419.0,0.11526600000000001,-0.393171,ARE,TTO,72
20021620,7,222,171,2010,0.0,746179.0,0.29457,-0.196371,ARE,TTO,72
20021621,8,222,171,2003,15672.0,0.0,0.302073,0.49069700000000005,ARG,TTO,72
20021622,8,222,171,2004,20576.0,0.0,0.28128600000000004,0.64115,ARG,TTO,72
20021623,8,222,171,2006,634999.0,0.0,0.33055,0.665867,ARG,TTO,72
20021624,8,222,171,2007,402908.0,13494673.0,0.178214,0.5093850000000001,ARG,TTO,72
20021625,8,222,171,2008,403458.0,38838256.0,0.278837,0.496784,ARG,TTO,72
20021626,8,222,171,2009,113449.0,18651206.0,0.27637,0.611129,ARG,TTO,72
20021627,8,222,171,2010,88745.0,42731005.0,0.27458899999999997,0.597907,ARG,TTO,72
20021628,8,222,171,2012,8079.0,11277981.0,0.149423,0.5191979999999999,ARG,TTO,72
20021629,8,222,171,2014,0.0,12141128.0,0.10691500000000001,0.44860600000000006,ARG,TTO,72
20021630,8,222,171,2015,0.0,23123288.0,0.116896,0.30330999999999997,ARG,TTO,72
20021631,8,222,171,2016,8523.0,0.0,-0.132495,0.16353199999999998,ARG,TTO,72
20021632,8,222,171,2005,135290.0,0.0,0.383772,0.656866,ARG,TTO,72
20021633,8,222,171,1995,209284.0,0.0,0.245885,0.5489850000000001,ARG,TTO,72
20021634,8,222,171,1999,0.0,6934.0,0.49933500000000003,0.593879,ARG,TTO,72
20021635,8,222,171,2002,14061.0,0.0,0.284536,0.517425,ARG,TTO,72
20021636,8,222,171,1996,601287.0,0.0,0.167081,0.433612,ARG,TTO,72
20021637,12,222,171,2015,0.0,17913.0,0.7385430000000001,-0.6156,ATF,TTO,72
20021638,13,222,171,2005,457.0,1009164.0,-0.31409000000000004,-0.728541,ATG,TTO,72
20021639,13,222,171,2006,0.0,2128131.0,-0.139051,-0.780321,ATG,TTO,72
20021640,13,222,171,2000,0.0,928990.0,0.329016,-0.510285,ATG,TTO,72
20021641,13,222,171,2002,48663.0,1729154.0,0.958779,-0.56295,ATG,TTO,72
20021642,13,222,171,2004,0.0,1289020.0,0.257288,-0.645794,ATG,TTO,72
20021643,13,222,171,2007,0.0,1315480.0,0.5574899999999999,-0.125609,ATG,TTO,72
20021644,13,222,171,2009,0.0,13332287.0,0.930903,0.279441,ATG,TTO,72
20021645,13,222,171,2019,0.0,239641.0,0.391831,-0.723957,ATG,TTO,72
20021646,13,222,171,2015,0.0,280776.0,0.43318,-0.552045,ATG,TTO,72
20021647,13,222,171,2010,0.0,87585.0,1.2153129999999999,0.955838,ATG,TTO,72
20021648,13,222,171,2014,0.0,398524.0,0.169764,-0.621576,ATG,TTO,72
20021649,13,222,171,2011,5702.0,366960.0,0.257238,-0.275891,ATG,TTO,72
20021650,13,222,171,2018,0.0,163176.0,0.08520499999999999,-0.630757,ATG,TTO,72
20021651,13,222,171,2012,0.0,517030.0,0.8666520000000001,1.1798549999999999,ATG,TTO,72
20021652,13,222,171,1999,0.0,1541539.0,0.6179140000000001,0.156854,ATG,TTO,72
20021653,13,222,171,2003,0.0,1127893.0,0.014283,-0.564587,ATG,TTO,72
20021654,13,222,171,2001,25235.0,1305436.0,-0.036838,-0.6593600000000001,ATG,TTO,72
20021655,13,222,171,2008,0.0,1512809.0,1.041425,0.198248,ATG,TTO,72
20021656,13,222,171,2013,0.0,53591041.0,0.096563,-0.60577,ATG,TTO,72
20021657,13,222,171,2016,0.0,55026.0,0.19935999999999998,-0.538471,ATG,TTO,72
20021658,13,222,171,1996,0.0,1263497.0,0.408319,-0.21640700000000002,ATG,TTO,72
20021659,13,222,171,1995,8074.0,836108.0,-0.06877,-0.550291,ATG,TTO,72
20021660,13,222,171,1997,0.0,1286909.0,0.510371,-0.314213,ATG,TTO,72
20021661,13,222,171,1998,0.0,1328405.0,0.441453,-0.238813,ATG,TTO,72
20021662,14,222,171,2005,1670114.0,0.0,0.18443099999999998,0.489043,AUS,TTO,72
20021663,14,222,171,2001,7194451.0,0.0,0.29463,0.772375,AUS,TTO,72
20021664,14,222,171,2004,4890159.0,0.0,0.196641,0.8139460000000001,AUS,TTO,72
20021665,14,222,171,1998,9831924.0,59129.0,0.375317,0.8864629999999999,AUS,TTO,72
20021666,14,222,171,1999,10761100.0,0.0,0.357101,0.8857879999999999,AUS,TTO,72
20021667,14,222,171,2003,12277420.0,5313.0,0.316879,0.9409489999999999,AUS,TTO,72
20021668,14,222,171,2007,6283974.0,0.0,0.137686,0.451592,AUS,TTO,72
20021669,14,222,171,2008,3263123.0,0.0,-0.171801,-0.012588,AUS,TTO,72
20021670,14,222,171,2009,6408690.0,0.0,-0.109286,0.13586900000000002,AUS,TTO,72
20021671,14,222,171,2010,5477100.0,16415.0,-0.276442,0.062023,AUS,TTO,72
20021672,14,222,171,2011,4433493.0,0.0,-0.138148,0.002999,AUS,TTO,72
20021673,14,222,171,2012,2517654.0,0.0,-0.352742,-0.145405,AUS,TTO,72
20021674,14,222,171,2013,2995765.0,0.0,-0.31145700000000004,-0.167628,AUS,TTO,72
20021675,14,222,171,2014,3812731.0,0.0,-0.398273,-0.17128,AUS,TTO,72
20021676,14,222,171,2015,4721826.0,0.0,-0.292325,-0.043489,AUS,TTO,72
20021677,14,222,171,2016,148024.0,0.0,-0.25955300000000003,0.0011070000000000001,AUS,TTO,72
20021678,14,222,171,2017,4455113.0,0.0,-0.42427200000000004,-0.152921,AUS,TTO,72
20021679,14,222,171,2018,3886464.0,0.0,-0.29687199999999997,-0.123116,AUS,TTO,72
20021680,14,222,171,2019,9508880.0,0.0,-0.294558,-0.180198,AUS,TTO,72
20021681,14,222,171,2006,3732471.0,0.0,0.067166,0.373148,AUS,TTO,72
20021682,14,222,171,2020,5863223.0,0.0,-0.32910500000000004,-0.232963,AUS,TTO,72
20021683,14,222,171,2002,6430042.0,0.0,0.231386,0.771628,AUS,TTO,72
20021684,14,222,171,1997,1731891.0,0.0,0.428555,0.798283,AUS,TTO,72
20021685,14,222,171,2000,9643474.0,0.0,0.279804,0.9355540000000001,AUS,TTO,72
20021686,15,222,171,1995,14767.0,0.0,2.000295,0.661255,AUT,TTO,72
20021687,15,222,171,1996,182315.0,40917.0,1.9216669999999998,0.659388,AUT,TTO,72
20021688,15,222,171,1997,15165.0,0.0,1.8926189999999998,0.624346,AUT,TTO,72
20021689,15,222,171,2005,81296.0,0.0,1.808359,0.148177,AUT,TTO,72
20021690,15,222,171,1999,3652.0,0.0,1.836804,0.744312,AUT,TTO,72
20021691,15,222,171,2000,39601.0,52059.0,1.842429,0.464405,AUT,TTO,72
20021692,15,222,171,2003,39490.0,0.0,1.834977,0.408096,AUT,TTO,72
20021693,15,222,171,2004,678897.0,92132.0,1.825391,0.40553,AUT,TTO,72
20021694,15,222,171,2009,15276.0,0.0,1.651325,-0.020794,AUT,TTO,72
20021695,15,222,171,2010,3699.0,5839.0,1.724315,-0.29379099999999997,AUT,TTO,72
20021696,15,222,171,2012,1574.0,0.0,1.6092870000000001,-0.29859,AUT,TTO,72
20021697,15,222,171,2013,3643.0,0.0,1.7209240000000001,-0.286892,AUT,TTO,72
20021698,15,222,171,2014,135538.0,0.0,1.7116790000000002,-0.140232,AUT,TTO,72
20021699,15,222,171,2015,194892.0,0.0,1.747098,-0.08026699999999999,AUT,TTO,72
20021700,15,222,171,2018,441248.0,0.0,1.774488,-0.21117800000000003,AUT,TTO,72
20021701,15,222,171,2019,41015.0,0.0,1.743927,-0.076778,AUT,TTO,72
20021702,15,222,171,1998,34466.0,19684.0,1.891966,0.508137,AUT,TTO,72
20021703,15,222,171,2002,4799.0,0.0,1.8651200000000001,0.48423900000000003,AUT,TTO,72
20021704,15,222,171,2001,39680.0,0.0,1.8571650000000002,0.603191,AUT,TTO,72
20021705,18,222,171,2016,945064.0,0.0,1.3102610000000001,1.214573,BEL,TTO,72
20021706,18,222,171,2017,590745.0,0.0,1.292657,1.19571,BEL,TTO,72
20021707,18,222,171,2018,453998.0,0.0,1.270641,1.201063,BEL,TTO,72
20021708,18,222,171,2019,196277.0,0.0,1.2555969999999999,1.168642,BEL,TTO,72
20021709,18,222,171,2020,643912.0,0.0,1.204632,1.278346,BEL,TTO,72
20021710,18,222,171,1996,2839200.0,495453.0,1.549312,1.273767,BEL,TTO,72
20021711,18,222,171,2009,2082484.0,3027476.0,1.272011,1.074548,BEL,TTO,72
20021712,18,222,171,2010,1275357.0,1533657.0,1.2224270000000002,1.1276,BEL,TTO,72
20021713,18,222,171,2012,6396347.0,0.0,1.107155,1.448274,BEL,TTO,72
20021714,18,222,171,2013,5182700.0,4410577.0,1.316207,0.972601,BEL,TTO,72
20021715,18,222,171,2014,8868395.0,2874801.0,1.234156,1.226441,BEL,TTO,72
20021716,18,222,171,2015,6552542.0,4336960.0,1.329866,1.100641,BEL,TTO,72
20021717,18,222,171,1995,5921005.0,1146511.0,1.615588,1.394102,BEL,TTO,72
20021718,18,222,171,1997,7480092.0,81459.0,1.4274069999999999,1.490435,BEL,TTO,72
20021719,18,222,171,2000,1564169.0,0.0,1.403838,1.349607,BEL,TTO,72
20021720,18,222,171,2001,850076.0,111678.0,1.4328370000000001,1.408495,BEL,TTO,72
20021721,18,222,171,2002,882787.0,0.0,1.4097469999999999,1.440169,BEL,TTO,72
20021722,18,222,171,2003,1253045.0,0.0,1.361682,1.39536,BEL,TTO,72
20021723,18,222,171,2004,1831353.0,50249.0,1.350911,1.408209,BEL,TTO,72
20021724,18,222,171,2005,1786937.0,32317.0,1.275296,1.345063,BEL,TTO,72
20021725,18,222,171,2006,1180168.0,118334.0,1.2222540000000002,1.383027,BEL,TTO,72
20021726,18,222,171,2007,1916626.0,22257.0,1.2880479999999999,1.145724,BEL,TTO,72
20021727,18,222,171,2008,3421432.0,7035.0,1.297416,0.9716549999999999,BEL,TTO,72
20021728,18,222,171,2011,2802886.0,1021.0,1.221703,1.247961,BEL,TTO,72
20021729,18,222,171,1999,1510573.0,45766.0,1.512061,1.253478,BEL,TTO,72
20021730,18,222,171,1998,3604736.0,2916546.0,1.4740739999999999,1.2530430000000001,BEL,TTO,72
20021731,19,222,171,2003,0.0,1460047.0,-1.150888,-0.956203,BEN,TTO,72
20021732,19,222,171,2008,0.0,9629276.0,-1.171101,-0.9600569999999999,BEN,TTO,72
20021733,19,222,171,2009,0.0,807787.0,-0.93195,-0.813017,BEN,TTO,72
20021734,22,222,171,2007,0.0,4018112.0,-0.9436469999999999,-0.7200310000000001,BGD,TTO,72
20021735,22,222,171,2005,0.0,916532.0,-1.083754,-0.817738,BGD,TTO,72
20021736,22,222,171,2008,0.0,3304465.0,-0.852774,-0.766779,BGD,TTO,72
20021737,22,222,171,2011,0.0,75891.0,-1.074416,-0.8276370000000001,BGD,TTO,72
20021738,22,222,171,2013,0.0,11362421.0,-1.101916,-0.734646,BGD,TTO,72
20021739,22,222,171,2006,0.0,2129353.0,-1.0305309999999999,-0.80937,BGD,TTO,72
20021740,22,222,171,2009,0.0,474624.0,-1.030722,-0.860137,BGD,TTO,72
20021741,22,222,171,2010,0.0,388644.0,-0.974526,-0.76566,BGD,TTO,72
20021742,23,222,171,2011,125457.0,0.0,0.537967,1.520973,BGR,TTO,72
20021743,23,222,171,2008,102628.0,176491.0,0.44409,1.575399,BGR,TTO,72
20021744,23,222,171,1998,147061.0,0.0,0.382782,1.5844479999999999,BGR,TTO,72
20021745,23,222,171,2012,965432.0,0.0,0.5611,1.416313,BGR,TTO,72
20021746,25,222,171,2005,0.0,6954.0,0.299331,-0.641232,BHS,TTO,72
20021747,25,222,171,2009,0.0,555568.0,0.5451729999999999,-0.496575,BHS,TTO,72
20021748,25,222,171,1997,0.0,8381.0,0.874886,-0.144043,BHS,TTO,72
20021749,25,222,171,1998,251171.0,0.0,1.090167,0.25353000000000003,BHS,TTO,72
20021750,25,222,171,2000,764047.0,0.0,0.943368,0.183559,BHS,TTO,72
20021751,25,222,171,2003,199739.0,0.0,0.614422,-0.40984,BHS,TTO,72
20021752,25,222,171,2001,5253618.0,0.0,0.803267,-0.071853,BHS,TTO,72
20021753,25,222,171,1996,0.0,6240.0,0.363917,-0.380614,BHS,TTO,72
20021754,29,222,171,2005,0.0,2364394.0,-0.707427,-0.8586860000000001,BLZ,TTO,72
20021755,29,222,171,2012,1929.0,0.0,-0.403404,-0.6691159999999999,BLZ,TTO,72
20021756,29,222,171,2009,543020.0,0.0,-1.0464040000000001,-0.949774,BLZ,TTO,72
20021757,29,222,171,1999,2052.0,129480.0,-0.5603319999999999,-0.838239,BLZ,TTO,72
20021758,29,222,171,2006,0.0,30621.0,-0.584902,-0.82437,BLZ,TTO,72
20021759,29,222,171,1995,0.0,1334347.0,0.019916999999999997,-0.570529,BLZ,TTO,72
20021760,29,222,171,1996,332656.0,508857.0,-0.341173,-0.670063,BLZ,TTO,72
20021761,29,222,171,2002,0.0,1189429.0,-0.246977,-0.731156,BLZ,TTO,72
20021762,29,222,171,2003,0.0,1037268.0,-0.543555,-0.7596,BLZ,TTO,72
20021763,29,222,171,2004,0.0,896829.0,-0.355391,-0.662783,BLZ,TTO,72
20021764,29,222,171,1997,0.0,980618.0,-0.46634200000000003,-0.688645,BLZ,TTO,72
20021765,29,222,171,1998,45473.0,1350205.0,-0.103154,-0.580854,BLZ,TTO,72
20021766,29,222,171,2000,0.0,635508.0,-0.620384,-0.718677,BLZ,TTO,72
20021767,29,222,171,2001,0.0,1214632.0,-0.297981,-0.695022,BLZ,TTO,72
20021768,31,222,171,1999,0.0,423249.0,-0.398285,-0.6362,BOL,TTO,72
20021769,31,222,171,2013,0.0,310569.0,-1.039614,-0.95663,BOL,TTO,72
20021770,31,222,171,2011,0.0,2599307.0,-0.818593,-0.8701770000000001,BOL,TTO,72
20021771,31,222,171,1996,0.0,200762.0,-0.589432,-0.7781,BOL,TTO,72
20021772,31,222,171,1998,0.0,1701286.0,-0.49860699999999997,-0.748521,BOL,TTO,72
20021773,31,222,171,2002,0.0,9490.0,-0.885342,-0.819517,BOL,TTO,72
20021774,31,222,171,1997,0.0,411513.0,-0.697563,-0.8841479999999999,BOL,TTO,72
20021775,31,222,171,2012,0.0,356439.0,-0.709307,-0.813228,BOL,TTO,72
20021776,32,222,171,2009,3201872.0,3230384.0,0.35447199999999995,0.8522360000000001,BRA,TTO,72
20021777,32,222,171,2010,3935095.0,46263628.0,0.40715500000000004,0.6208100000000001,BRA,TTO,72
20021778,32,222,171,2011,419301.0,94730888.0,0.27718400000000004,0.5674319999999999,BRA,TTO,72
20021779,32,222,171,2012,982580.0,16103332.0,0.305614,0.6357189999999999,BRA,TTO,72
20021780,32,222,171,2014,1447315.0,27326217.0,0.218223,0.556921,BRA,TTO,72
20021781,32,222,171,2016,13903124.0,0.0,0.245919,0.661809,BRA,TTO,72
20021782,32,222,171,1995,575569.0,0.0,0.687171,1.188647,BRA,TTO,72
20021783,32,222,171,1996,1761146.0,0.0,0.699658,1.271724,BRA,TTO,72
20021784,32,222,171,2000,2378811.0,2387271.0,0.792556,1.219394,BRA,TTO,72
20021785,32,222,171,2001,265550.0,0.0,0.672496,1.051848,BRA,TTO,72
20021786,32,222,171,2002,2345464.0,0.0,0.677883,1.0227190000000002,BRA,TTO,72
20021787,32,222,171,2003,13576879.0,2043129.0,0.660576,1.118876,BRA,TTO,72
20021788,32,222,171,2004,16395612.0,6101018.0,0.540718,1.149065,BRA,TTO,72
20021789,32,222,171,2005,24533405.0,21304011.0,0.567638,1.139122,BRA,TTO,72
20021790,32,222,171,2006,29055435.0,26388954.0,0.633889,1.1474520000000001,BRA,TTO,72
20021791,32,222,171,2007,28349309.0,0.0,0.582859,1.137225,BRA,TTO,72
20021792,32,222,171,2008,17921887.0,77269847.0,0.444687,0.904332,BRA,TTO,72
20021793,32,222,171,2013,8468026.0,12399323.0,0.14765899999999998,0.399262,BRA,TTO,72
20021794,32,222,171,2015,2701989.0,0.0,0.23656799999999997,0.688607,BRA,TTO,72
20021795,32,222,171,2017,9415523.0,0.0,0.145224,0.483461,BRA,TTO,72
20021796,32,222,171,2018,8690478.0,0.0,0.143397,0.582092,BRA,TTO,72
20021797,32,222,171,2019,6167841.0,0.0,0.076947,0.660604,BRA,TTO,72
20021798,32,222,171,2020,1851537.0,5385.0,0.054622000000000004,0.532291,BRA,TTO,72
20021799,32,222,171,1998,1849636.0,6774088.0,0.768101,1.04589,BRA,TTO,72
20021800,32,222,171,1997,1577391.0,3796820.0,0.718336,1.203066,BRA,TTO,72
20021801,32,222,171,1999,1073152.0,3392485.0,0.762468,1.191759,BRA,TTO,72
20021802,33,222,171,1997,282389.0,4036517.0,0.896769,0.22225300000000003,BRB,TTO,72
20021803,33,222,171,1998,81741.0,6132870.0,0.888487,0.469408,BRB,TTO,72
20021804,33,222,171,2020,0.0,423827.0,0.666435,0.060089,BRB,TTO,72
20021805,33,222,171,2004,68092.0,11796308.0,0.8541559999999999,0.25895799999999997,BRB,TTO,72
20021806,33,222,171,2014,0.0,5146653.0,0.44968400000000003,-0.15268900000000002,BRB,TTO,72
20021807,33,222,171,2001,19127.0,5194919.0,0.725546,0.172345,BRB,TTO,72
20021808,33,222,171,2002,94461.0,5269968.0,0.762217,0.004367,BRB,TTO,72
20021809,33,222,171,2003,59059.0,5412684.0,0.744166,0.074191,BRB,TTO,72
20021810,33,222,171,2005,13565.0,13532656.0,0.916402,0.262466,BRB,TTO,72
20021811,33,222,171,2006,13454.0,21054423.0,0.977267,0.6046560000000001,BRB,TTO,72
20021812,33,222,171,2007,5028.0,24551084.0,1.006332,0.680391,BRB,TTO,72
20021813,33,222,171,2008,2296.0,31049857.0,0.761035,0.615472,BRB,TTO,72
20021814,33,222,171,2009,197091.0,14199329.0,0.8652620000000001,0.796057,BRB,TTO,72
20021815,33,222,171,2010,5007.0,9253097.0,0.7076140000000001,0.434993,BRB,TTO,72
20021816,33,222,171,2011,117544.0,14646434.0,0.445982,0.204672,BRB,TTO,72
20021817,33,222,171,2012,0.0,8521134.0,0.6746310000000001,0.45502700000000007,BRB,TTO,72
20021818,33,222,171,2013,0.0,9605369.0,0.6969489999999999,0.135283,BRB,TTO,72
20021819,33,222,171,2015,0.0,4622033.0,0.453689,0.039237,BRB,TTO,72
20021820,33,222,171,2016,0.0,221150.0,0.613282,0.06728200000000001,BRB,TTO,72
20021821,33,222,171,2017,0.0,265378.0,0.589793,-0.004488000000000001,BRB,TTO,72
20021822,33,222,171,2018,0.0,172624.0,0.487166,-0.129388,BRB,TTO,72
20021823,33,222,171,2019,0.0,294586.0,0.6228199999999999,-0.10803499999999999,BRB,TTO,72
20021824,33,222,171,1999,39233.0,5132075.0,0.878015,0.413308,BRB,TTO,72
20021825,33,222,171,2000,62388.0,2710870.0,0.765428,0.418063,BRB,TTO,72
20021826,33,222,171,1996,101763.0,2907712.0,0.9384979999999999,0.147479,BRB,TTO,72
20021827,33,222,171,1995,0.0,798057.0,1.055447,0.422738,BRB,TTO,72
20021828,39,222,171,2001,227448.0,59610988.0,0.971827,1.105171,CAN,TTO,72
20021829,39,222,171,2002,84514.0,71886563.0,0.9963280000000001,1.1922110000000001,CAN,TTO,72
20021830,39,222,171,2003,744593.0,50183985.0,0.9791540000000001,1.185081,CAN,TTO,72
20021831,39,222,171,2004,3022837.0,35603752.0,0.9392739999999999,1.19228,CAN,TTO,72
20021832,39,222,171,2005,1025922.0,80468229.0,0.9895149999999999,1.0437459999999998,CAN,TTO,72
20021833,39,222,171,2006,4452327.0,102409716.0,0.865685,1.1480489999999999,CAN,TTO,72
20021834,39,222,171,2007,3110618.0,29894587.0,0.77681,1.20517,CAN,TTO,72
20021835,39,222,171,2008,786967.0,63697634.0,0.684659,1.085312,CAN,TTO,72
20021836,39,222,171,2009,666155.0,35622849.0,0.6778069999999999,1.278402,CAN,TTO,72
20021837,39,222,171,2010,309732.0,86432556.0,0.752421,1.2208510000000001,CAN,TTO,72
20021838,39,222,171,2011,524381.0,64581114.0,0.754813,1.1967290000000002,CAN,TTO,72
20021839,39,222,171,2012,344871.0,48705865.0,0.693098,1.132064,CAN,TTO,72
20021840,39,222,171,2013,1440373.0,24262566.0,0.719649,1.017046,CAN,TTO,72
20021841,39,222,171,2014,404372.0,11851453.0,0.671395,1.024683,CAN,TTO,72
20021842,39,222,171,2015,154122.0,12500.0,0.695867,1.171676,CAN,TTO,72
20021843,39,222,171,2016,28036.0,439014.0,0.6579050000000001,1.12259,CAN,TTO,72
20021844,39,222,171,2017,180663.0,46398.0,0.73897,1.206402,CAN,TTO,72
20021845,39,222,171,2018,35888.0,0.0,0.666822,1.218593,CAN,TTO,72
20021846,39,222,171,2019,57367.0,0.0,0.657292,1.187872,CAN,TTO,72
20021847,39,222,171,2020,7139.0,0.0,0.609267,1.1890479999999999,CAN,TTO,72
20021848,39,222,171,2000,287492.0,23015540.0,1.056577,1.12931,CAN,TTO,72
20021849,39,222,171,1999,547935.0,19180206.0,1.083572,1.08026,CAN,TTO,72
20021850,39,222,171,1995,315087.0,5881512.0,1.077804,1.0724200000000002,CAN,TTO,72
20021851,39,222,171,1996,227944.0,3597768.0,1.155706,1.1127049999999998,CAN,TTO,72
20021852,39,222,171,1997,191272.0,8518387.0,1.109494,1.178772,CAN,TTO,72
20021853,39,222,171,1998,177937.0,11521370.0,1.077343,1.119161,CAN,TTO,72
20021854,41,222,171,2015,41715.0,136406.0,2.306075,0.720781,CHE,TTO,72
20021855,41,222,171,2014,10729.0,357712.0,2.2000919999999997,0.65398,CHE,TTO,72
20021856,41,222,171,2005,327808.0,0.0,2.0461709999999997,0.615855,CHE,TTO,72
20021857,41,222,171,2011,119415.0,0.0,2.2644029999999997,0.406131,CHE,TTO,72
20021858,41,222,171,2010,318357.0,0.0,2.1492080000000002,0.556424,CHE,TTO,72
20021859,41,222,171,2003,78520.0,7529.0,2.151037,0.711217,CHE,TTO,72
20021860,41,222,171,2004,593573.0,0.0,2.151471,0.7196279999999999,CHE,TTO,72
20021861,41,222,171,2006,259751.0,0.0,2.052534,0.515523,CHE,TTO,72
20021862,41,222,171,2007,259304.0,0.0,2.0198080000000003,0.42277200000000004,CHE,TTO,72
20021863,41,222,171,2008,396170.0,0.0,1.978404,0.368694,CHE,TTO,72
20021864,41,222,171,2009,12169.0,0.0,2.124438,0.484861,CHE,TTO,72
20021865,41,222,171,2012,755.0,89279.0,2.060769,0.562718,CHE,TTO,72
20021866,41,222,171,2013,70518.0,661243.0,2.2104470000000003,0.5403479999999999,CHE,TTO,72
20021867,41,222,171,2017,6650.0,0.0,2.2557810000000003,0.845459,CHE,TTO,72
20021868,41,222,171,1999,57363.0,0.0,2.189934,0.741428,CHE,TTO,72
20021869,41,222,171,2000,49588.0,0.0,2.197959,0.489989,CHE,TTO,72
20021870,41,222,171,2001,62744.0,0.0,2.227246,0.553956,CHE,TTO,72
20021871,41,222,171,1998,3324.0,0.0,2.252965,0.561806,CHE,TTO,72
20021872,41,222,171,1996,64986.0,0.0,2.246238,0.603288,CHE,TTO,72
20021873,41,222,171,1995,30575.0,0.0,2.1893029999999998,0.82765,CHE,TTO,72
20021874,41,222,171,1997,84563.0,0.0,2.280163,0.597819,CHE,TTO,72
20021875,42,222,171,2005,24129.0,0.0,-0.168344,-0.43438999999999994,CHL,TTO,72
20021876,42,222,171,2006,1757.0,0.0,-0.188298,-0.46778000000000003,CHL,TTO,72
20021877,42,222,171,2014,5568.0,0.0,-0.344671,-0.43380799999999997,CHL,TTO,72
20021878,42,222,171,2015,7537.0,0.0,-0.356167,-0.47629399999999994,CHL,TTO,72
20021879,42,222,171,2007,8178.0,0.0,-0.306846,-0.57431,CHL,TTO,72
20021880,42,222,171,2008,115363.0,0.0,-0.293985,-0.349554,CHL,TTO,72
20021881,42,222,171,2012,0.0,2037.0,-0.333891,-0.45610200000000006,CHL,TTO,72
20021882,42,222,171,2013,0.0,3986577.0,-0.260718,-0.38256100000000004,CHL,TTO,72
20021883,42,222,171,2001,28566.0,0.0,-0.004658,-0.002548,CHL,TTO,72
20021884,42,222,171,2003,1339.0,0.0,-0.06375900000000001,-0.156808,CHL,TTO,72
20021885,42,222,171,1996,31283.0,33288.0,-0.052811000000000004,-0.169464,CHL,TTO,72
20021886,42,222,171,1999,16845.0,0.0,0.041013,-0.111553,CHL,TTO,72
20021887,42,222,171,1995,16073.0,0.0,-0.073436,-0.192675,CHL,TTO,72
20021888,42,222,171,2004,2177.0,0.0,-0.07869,-0.33641,CHL,TTO,72
20021889,42,222,171,1998,12193.0,0.0,0.029706,-0.061149,CHL,TTO,72
20021890,43,222,171,1995,24124.0,0.0,0.387897,3.2147919999999996,CHN,TTO,72
20021891,43,222,171,1996,1444267.0,0.0,0.404422,3.061344,CHN,TTO,72
20021892,43,222,171,1997,155051.0,0.0,0.36051300000000003,3.287322,CHN,TTO,72
20021893,43,222,171,1998,1459982.0,0.0,0.3658,3.231258,CHN,TTO,72
20021894,43,222,171,1999,36407.0,0.0,0.386094,3.270089,CHN,TTO,72
20021895,43,222,171,2000,40424.0,0.0,0.478362,3.156111,CHN,TTO,72
20021896,43,222,171,2001,49298.0,2627.0,0.525171,3.092963,CHN,TTO,72
20021897,43,222,171,2002,148360.0,0.0,0.576746,2.7995520000000003,CHN,TTO,72
20021898,43,222,171,2003,24409.0,9567.0,0.579431,2.773139,CHN,TTO,72
20021899,43,222,171,2004,4202513.0,22865.0,0.581548,2.8689880000000003,CHN,TTO,72
20021900,43,222,171,2005,3317637.0,385396.0,0.608256,2.8242220000000002,CHN,TTO,72
20021901,43,222,171,2007,37813197.0,218164.0,0.801547,2.321052,CHN,TTO,72
20021902,43,222,171,2008,72750380.0,3562202.0,0.929285,1.8917259999999998,CHN,TTO,72
20021903,43,222,171,2009,15654443.0,8091618.0,0.898623,2.08703,CHN,TTO,72
20021904,43,222,171,2010,28166970.0,7549420.0,0.922493,2.0176,CHN,TTO,72
20021905,43,222,171,2011,26309213.0,27850744.0,1.072299,1.686826,CHN,TTO,72
20021906,43,222,171,2012,21371362.0,7453487.0,1.095682,1.354837,CHN,TTO,72
20021907,43,222,171,2013,20459575.0,3022013.0,1.113767,1.477496,CHN,TTO,72
20021908,43,222,171,2014,35081123.0,2529593.0,1.187557,1.222085,CHN,TTO,72
20021909,43,222,171,2015,26017853.0,1400961.0,1.077143,1.735757,CHN,TTO,72
20021910,43,222,171,2016,17025755.0,0.0,1.1073620000000002,1.723098,CHN,TTO,72
20021911,43,222,171,2017,12536725.0,0.0,1.1127790000000002,1.56869,CHN,TTO,72
20021912,43,222,171,2018,12173362.0,0.0,1.200689,1.2822,CHN,TTO,72
20021913,43,222,171,2019,8175490.0,332938.0,1.196265,1.2258870000000002,CHN,TTO,72
20021914,43,222,171,2020,5928951.0,19836482.0,1.187837,1.2237770000000001,CHN,TTO,72
20021915,43,222,171,2006,13291686.0,17001.0,0.737888,2.54966,CHN,TTO,72
20021916,44,222,171,2009,0.0,3652346.0,-0.924681,-0.801371,CIV,TTO,72
20021917,44,222,171,2003,0.0,719363.0,-0.699928,-0.723739,CIV,TTO,72
20021918,44,222,171,1998,0.0,18101.0,-0.75115,-0.753865,CIV,TTO,72
20021919,45,222,171,2009,0.0,2376577.0,-1.128734,-1.022546,CMR,TTO,72
20021920,49,222,171,1995,0.0,15087876.0,0.094335,0.13047999999999998,COL,TTO,72
20021921,49,222,171,1996,0.0,20574964.0,0.136487,0.078743,COL,TTO,72
20021922,49,222,171,1999,0.0,3951209.0,0.190667,0.136271,COL,TTO,72
20021923,49,222,171,2000,0.0,6345546.0,0.299592,0.320885,COL,TTO,72
20021924,49,222,171,2005,57683.0,8320450.0,0.077191,0.47193500000000005,COL,TTO,72
20021925,49,222,171,2007,146115.0,19209175.0,0.118341,0.557699,COL,TTO,72
20021926,49,222,171,2008,373097.0,26333261.0,0.19505699999999998,0.566189,COL,TTO,72
20021927,49,222,171,2009,366297.0,17737417.0,0.263416,0.38947,COL,TTO,72
20021928,49,222,171,2010,7343.0,20243201.0,0.097222,-0.064328,COL,TTO,72
20021929,49,222,171,2011,157578.0,18355764.0,0.14336600000000002,-0.22996,COL,TTO,72
20021930,49,222,171,2012,0.0,67198649.0,0.15523699999999999,-0.30749099999999996,COL,TTO,72
20021931,49,222,171,2013,0.0,196916632.0,0.121799,-0.388239,COL,TTO,72
20021932,49,222,171,2014,335292.0,43162856.0,0.19864500000000002,-0.378364,COL,TTO,72
20021933,49,222,171,2015,0.0,34432416.0,0.156383,-0.183055,COL,TTO,72
20021934,49,222,171,2016,1228.0,500082.0,0.10205700000000001,-0.155574,COL,TTO,72
20021935,49,222,171,1997,23054.0,18622331.0,0.190632,0.068001,COL,TTO,72
20021936,49,222,171,1998,10859.0,11419024.0,0.205004,0.13985899999999998,COL,TTO,72
20021937,49,222,171,2001,166927.0,7566342.0,0.30412,0.395913,COL,TTO,72
20021938,49,222,171,2002,0.0,3157043.0,0.345094,0.37787800000000005,COL,TTO,72
20021939,49,222,171,2003,0.0,13938292.0,0.218336,0.376869,COL,TTO,72
20021940,49,222,171,2004,0.0,15272320.0,0.033128,0.47524799999999995,COL,TTO,72
20021941,49,222,171,2006,138669.0,14970324.0,0.129887,0.44371700000000003,COL,TTO,72
20021942,52,222,171,2000,0.0,1887072.0,-0.095295,-0.189881,CRI,TTO,72
20021943,52,222,171,1995,0.0,1067075.0,-0.30094699999999996,-0.046285,CRI,TTO,72
20021944,52,222,171,1996,0.0,27477.0,-0.34219499999999997,0.12221900000000001,CRI,TTO,72
20021945,52,222,171,1997,0.0,3410083.0,-0.25974200000000003,0.196955,CRI,TTO,72
20021946,52,222,171,1998,0.0,1468968.0,-0.26046199999999997,-0.059391,CRI,TTO,72
20021947,52,222,171,2008,0.0,25336551.0,0.023962,-0.346029,CRI,TTO,72
20021948,52,222,171,2009,0.0,27249932.0,-0.142465,-0.669277,CRI,TTO,72
20021949,52,222,171,2010,0.0,92019524.0,-0.122722,-0.7062069999999999,CRI,TTO,72
20021950,52,222,171,2011,0.0,32081067.0,0.04325,-0.553193,CRI,TTO,72
20021951,52,222,171,2012,0.0,42336115.0,0.176669,-0.649094,CRI,TTO,72
20021952,52,222,171,2013,0.0,89521677.0,0.067379,-0.688217,CRI,TTO,72
20021953,52,222,171,2014,468632.0,45000092.0,0.065938,-0.687971,CRI,TTO,72
20021954,52,222,171,2015,36022.0,27089258.0,0.24859699999999998,-0.033143,CRI,TTO,72
20021955,52,222,171,2016,579757.0,11757.0,0.204591,-0.18279600000000001,CRI,TTO,72
20021956,52,222,171,2017,747104.0,0.0,0.288642,-0.056219000000000005,CRI,TTO,72
20021957,52,222,171,2018,144028.0,0.0,0.19386,0.05811,CRI,TTO,72
20021958,52,222,171,2004,15258.0,5419580.0,-0.043266000000000006,-0.376239,CRI,TTO,72
20021959,52,222,171,2006,0.0,3788000.0,0.042663,-0.376672,CRI,TTO,72
20021960,52,222,171,2007,1392827.0,17978443.0,0.001895,-0.30248600000000003,CRI,TTO,72
20021961,54,222,171,1999,0.0,3890025.0,-0.152322,-0.8734270000000001,CUB,TTO,72
20021962,54,222,171,2001,0.0,1567417.0,-0.443391,-0.9599030000000001,CUB,TTO,72
20021963,54,222,171,2002,353295.0,422367.0,-0.479213,-0.951203,CUB,TTO,72
20021964,54,222,171,2003,0.0,3522547.0,-0.391515,-0.8562120000000001,CUB,TTO,72
20021965,54,222,171,2004,2081213.0,3450884.0,-0.040541,-0.634675,CUB,TTO,72
20021966,54,222,171,2005,0.0,4085990.0,0.00695,-0.611843,CUB,TTO,72
20021967,54,222,171,2000,19353.0,3035836.0,-0.338457,-0.9391370000000001,CUB,TTO,72
20021968,54,222,171,2007,0.0,2667461.0,-0.308053,-0.8740610000000001,CUB,TTO,72
20021969,54,222,171,2009,1180335.0,1581712.0,0.188114,-0.819958,CUB,TTO,72
20021970,54,222,171,2011,0.0,1348484.0,-0.050093,-0.88759,CUB,TTO,72
20021971,54,222,171,2006,0.0,3781389.0,0.204039,-0.5183260000000001,CUB,TTO,72
20021972,54,222,171,2012,0.0,1152627.0,0.129383,-0.7444609999999999,CUB,TTO,72
20021973,54,222,171,2013,0.0,3181746.0,-0.019956,-0.7873319999999999,CUB,TTO,72
20021974,54,222,171,1997,0.0,3077722.0,-0.403192,-1.041751,CUB,TTO,72
20021975,54,222,171,1996,0.0,2970355.0,-0.555246,-1.0420479999999999,CUB,TTO,72
20021976,54,222,171,1998,0.0,3153553.0,-0.349393,-0.9927889999999999,CUB,TTO,72
20021977,54,222,171,2008,0.0,14269.0,-0.23158299999999998,-0.892943,CUB,TTO,72
20021978,55,222,171,2011,25806.0,1000.0,-0.052038,-0.69103,CUW,TTO,72
20021979,55,222,171,2014,107592.0,12482.0,-0.00902,-0.683643,CUW,TTO,72
20021980,57,222,171,2006,0.0,3516.0,0.7708189999999999,-0.648112,CYM,TTO,72
20021981,57,222,171,1995,0.0,51600.0,1.277032,0.064205,CYM,TTO,72
20021982,57,222,171,2000,107254.0,0.0,0.763021,-0.7265199999999999,CYM,TTO,72
20021983,58,222,171,2015,0.0,934.0,0.511225,-0.207261,CYP,TTO,72
20021984,59,222,171,2000,1258379.0,0.0,1.393001,1.23271,CZE,TTO,72
20021985,59,222,171,2013,128848.0,0.0,1.819653,-0.12423800000000002,CZE,TTO,72
20021986,59,222,171,2014,523235.0,0.0,1.8105830000000003,0.131131,CZE,TTO,72
20021987,59,222,171,2006,717698.0,0.0,1.564058,0.6023649999999999,CZE,TTO,72
20021988,59,222,171,2001,380943.0,0.0,1.485703,1.109305,CZE,TTO,72
20021989,59,222,171,2004,3485519.0,0.0,1.562625,0.865244,CZE,TTO,72
20021990,59,222,171,1998,806773.0,0.0,1.36345,1.408508,CZE,TTO,72
20021991,59,222,171,1999,1341529.0,0.0,1.412439,1.329385,CZE,TTO,72
20021992,59,222,171,2002,416860.0,0.0,1.550713,1.037066,CZE,TTO,72
20021993,59,222,171,2003,312858.0,0.0,1.555749,0.8662059999999999,CZE,TTO,72
20021994,59,222,171,2009,23820.0,1576.0,1.6323159999999999,0.47257200000000005,CZE,TTO,72
20021995,59,222,171,2005,128597.0,0.0,1.56768,0.6784319999999999,CZE,TTO,72
20021996,59,222,171,1997,1292529.0,0.0,1.40651,1.354695,CZE,TTO,72
20021997,59,222,171,1995,315466.0,0.0,1.375091,1.628069,CZE,TTO,72
20021998,59,222,171,1996,431914.0,0.0,1.401181,1.3094709999999998,CZE,TTO,72
20021999,61,222,171,1995,1433955.0,3982920.0,2.325385,-2.2238189999999998,DEU,TTO,72
20022000,61,222,171,1997,1670020.0,0.0,2.293936,-2.2301919999999997,DEU,TTO,72
20022001,61,222,171,1998,1429021.0,16524.0,2.334028,-2.417278,DEU,TTO,72
20022002,61,222,171,1999,1201792.0,106433.0,2.334811,-2.060502,DEU,TTO,72
20022003,61,222,171,2001,4001841.0,11309299.0,2.321375,-2.1110990000000003,DEU,TTO,72
20022004,61,222,171,2002,673977.0,19074.0,2.297691,-2.183239,DEU,TTO,72
20022005,61,222,171,2004,5261227.0,21842432.0,2.266076,-2.011139,DEU,TTO,72
20022006,61,222,171,2008,703043.0,9209306.0,2.007167,-3.256961,DEU,TTO,72
20022007,61,222,171,2009,1848107.0,14567491.0,2.056515,-3.034837,DEU,TTO,72
20022008,61,222,171,2015,3970383.0,30196832.0,2.203818,-2.307561,DEU,TTO,72
20022009,61,222,171,2018,4714854.0,6680778.0,2.109059,-2.428826,DEU,TTO,72
20022010,61,222,171,2019,3589962.0,10884151.0,2.078626,-2.124816,DEU,TTO,72
20022011,61,222,171,2007,2019497.0,2655068.0,2.114566,-2.934732,DEU,TTO,72
20022012,61,222,171,2013,6538496.0,25749136.0,2.093658,-3.4281980000000005,DEU,TTO,72
20022013,61,222,171,2014,5651437.0,25443334.0,2.052849,-2.888805,DEU,TTO,72
20022014,61,222,171,1996,1759095.0,4761773.0,2.279976,-2.572299,DEU,TTO,72
20022015,61,222,171,2000,827844.0,6180694.0,2.316177,-2.4478419999999996,DEU,TTO,72
20022016,61,222,171,2003,1290940.0,6682316.0,2.2821919999999998,-2.0985150000000004,DEU,TTO,72
20022017,61,222,171,2005,5092131.0,4192503.0,2.172479,-2.446472,DEU,TTO,72
20022018,61,222,171,2006,2338137.0,9891674.0,2.132566,-2.773669,DEU,TTO,72
20022019,61,222,171,2010,2863104.0,45292235.0,2.035672,-3.383322,DEU,TTO,72
20022020,61,222,171,2011,1248127.0,36655516.0,2.074435,-3.440815,DEU,TTO,72
20022021,61,222,171,2012,5445988.0,17061368.0,1.966247,-3.3238410000000003,DEU,TTO,72
20022022,61,222,171,2016,2620843.0,9821825.0,2.203093,-2.24919,DEU,TTO,72
20022023,61,222,171,2017,3225982.0,11191357.0,2.1149459999999998,-2.525372,DEU,TTO,72
20022024,61,222,171,2020,4372287.0,5244060.0,2.027494,-2.3646689999999997,DEU,TTO,72
20022025,63,222,171,2004,0.0,2036204.0,0.322803,-0.000479,DMA,TTO,72
20022026,63,222,171,2007,0.0,1828911.0,0.522624,0.077377,DMA,TTO,72
20022027,63,222,171,2006,0.0,2352621.0,0.10759400000000001,-0.159215,DMA,TTO,72
20022028,63,222,171,2008,0.0,3692314.0,0.424179,0.04355,DMA,TTO,72
20022029,63,222,171,2009,0.0,1071204.0,0.348966,-0.09711399999999999,DMA,TTO,72
20022030,63,222,171,2010,0.0,1098085.0,0.35578699999999996,0.13029200000000002,DMA,TTO,72
20022031,63,222,171,2012,348718.0,384888.0,0.372616,0.163026,DMA,TTO,72
20022032,63,222,171,2005,0.0,2902140.0,0.146509,-0.072638,DMA,TTO,72
20022033,63,222,171,2003,0.0,840032.0,0.11903299999999999,-0.21768200000000001,DMA,TTO,72
20022034,63,222,171,2000,0.0,1242547.0,0.780976,0.31806799999999996,DMA,TTO,72
20022035,63,222,171,1997,14608.0,1310776.0,0.795112,0.438787,DMA,TTO,72
20022036,63,222,171,1999,3814.0,1157528.0,0.808025,0.321415,DMA,TTO,72
20022037,63,222,171,1995,0.0,1177398.0,0.803902,0.307064,DMA,TTO,72
20022038,63,222,171,1996,0.0,1439956.0,0.44934399999999997,-0.023771,DMA,TTO,72
20022039,63,222,171,2013,0.0,405984.0,0.054362,-0.156703,DMA,TTO,72
20022040,63,222,171,2014,0.0,418543.0,0.294596,-0.310069,DMA,TTO,72
20022041,63,222,171,2001,0.0,800399.0,0.613251,0.226998,DMA,TTO,72
20022042,63,222,171,2015,0.0,209980.0,0.0735,-0.44923599999999997,DMA,TTO,72
20022043,63,222,171,2002,0.0,527231.0,0.196298,-0.129221,DMA,TTO,72
20022044,63,222,171,1998,0.0,2234267.0,0.822664,0.166578,DMA,TTO,72
20022045,63,222,171,2011,20049.0,3667842.0,-0.25559699999999996,-0.5345300000000001,DMA,TTO,72
20022046,64,222,171,1998,0.0,8513.0,1.225999,1.470145,DNK,TTO,72
20022047,64,222,171,2009,44552.0,0.0,1.242327,1.064709,DNK,TTO,72
20022048,64,222,171,2011,3691.0,0.0,1.156026,1.2248299999999999,DNK,TTO,72
20022049,64,222,171,2012,1856.0,0.0,1.105061,1.245377,DNK,TTO,72
20022050,64,222,171,1996,6963.0,0.0,1.443514,1.275684,DNK,TTO,72
20022051,64,222,171,1999,4040.0,3735.0,1.264405,1.469627,DNK,TTO,72
20022052,64,222,171,2000,697.0,0.0,1.230078,1.429499,DNK,TTO,72
20022053,64,222,171,2001,366.0,0.0,1.261883,1.351875,DNK,TTO,72
20022054,64,222,171,2020,18905.0,0.0,1.093217,1.2166549999999998,DNK,TTO,72
20022055,64,222,171,2008,364008.0,0.0,1.165294,1.1112440000000001,DNK,TTO,72
20022056,64,222,171,2015,6130.0,0.0,1.157924,1.2045629999999998,DNK,TTO,72
20022057,65,222,171,1996,8182.0,8954512.0,-0.596093,-0.5602060000000001,DOM,TTO,72
20022058,65,222,171,1997,37272.0,7187406.0,-0.6062850000000001,-0.648523,DOM,TTO,72
20022059,65,222,171,2002,103037.0,6873270.0,-0.46284899999999995,-0.39210100000000003,DOM,TTO,72
20022060,65,222,171,2006,100128.0,40063352.0,-0.24073699999999998,0.049093,DOM,TTO,72
20022061,65,222,171,2007,90237.0,17427439.0,-0.228756,0.004222,DOM,TTO,72
20022062,65,222,171,2008,93234.0,9911487.0,-0.167958,0.241283,DOM,TTO,72
20022063,65,222,171,2013,747585.0,83136470.0,-0.277269,0.432388,DOM,TTO,72
20022064,65,222,171,2014,378417.0,91720161.0,-0.180845,0.508512,DOM,TTO,72
20022065,65,222,171,2015,300767.0,63279482.0,-0.212808,0.395873,DOM,TTO,72
20022066,65,222,171,2016,69385.0,302917.0,-0.237382,0.295389,DOM,TTO,72
20022067,65,222,171,2017,87172.0,0.0,-0.168016,0.30840100000000004,DOM,TTO,72
20022068,65,222,171,2018,100310.0,192082.0,-0.084258,0.474872,DOM,TTO,72
20022069,65,222,171,2019,140998.0,0.0,-0.20594,0.309785,DOM,TTO,72
20022070,65,222,171,2020,19617.0,0.0,0.06500299999999999,0.2812,DOM,TTO,72
20022071,65,222,171,2004,4519324.0,15883620.0,-0.510025,-0.328257,DOM,TTO,72
20022072,65,222,171,2005,23680.0,21919101.0,-0.370894,-0.140178,DOM,TTO,72
20022073,65,222,171,2009,2222391.0,16905942.0,-0.317894,0.198926,DOM,TTO,72
20022074,65,222,171,2010,1820369.0,43659508.0,-0.245241,0.368626,DOM,TTO,72
20022075,65,222,171,2011,336526.0,98486280.0,-0.260653,0.5682010000000001,DOM,TTO,72
20022076,65,222,171,2012,2047506.0,47439595.0,-0.193432,0.590896,DOM,TTO,72
20022077,65,222,171,2003,71540.0,21601352.0,-0.46264399999999994,-0.245034,DOM,TTO,72
20022078,65,222,171,2001,213280.0,4351998.0,-0.538419,-0.48773900000000003,DOM,TTO,72
20022079,65,222,171,2000,246320.0,6116975.0,-0.544322,-0.651937,DOM,TTO,72
20022080,65,222,171,1998,21695.0,6506668.0,-0.772271,-0.765258,DOM,TTO,72
20022081,65,222,171,1999,258645.0,4967364.0,-0.60436,-0.674701,DOM,TTO,72
20022082,65,222,171,1995,0.0,1482660.0,-0.635482,-0.746526,DOM,TTO,72
20022083,66,222,171,2003,0.0,7717728.0,-1.060727,-1.142594,DZA,TTO,72
20022084,67,222,171,2009,956219.0,4422907.0,-0.92724,-0.965628,ECU,TTO,72
20022085,67,222,171,2010,329424.0,13574774.0,-0.584013,-0.743675,ECU,TTO,72
20022086,67,222,171,2011,374787.0,26940381.0,-0.8250639999999999,-0.839082,ECU,TTO,72
20022087,67,222,171,2012,268634.0,16883625.0,-0.627614,-0.764234,ECU,TTO,72
20022088,67,222,171,2013,98510.0,13756773.0,-0.86546,-0.8888389999999999,ECU,TTO,72
20022089,67,222,171,2014,357565.0,6651328.0,-1.066865,-1.052921,ECU,TTO,72
20022090,67,222,171,2015,59011.0,0.0,-0.9845959999999999,-1.075639,ECU,TTO,72
20022091,67,222,171,2017,20051.0,0.0,-0.9995850000000001,-1.086367,ECU,TTO,72
20022092,67,222,171,2019,198368.0,0.0,-1.12261,-1.094275,ECU,TTO,72
20022093,67,222,171,1999,193107.0,192355.0,-0.8875299999999999,-0.9117879999999999,ECU,TTO,72
20022094,67,222,171,2002,68325.0,22386.0,-0.976218,-0.926393,ECU,TTO,72
20022095,67,222,171,2006,488610.0,6229505.0,-0.878583,-0.9462010000000001,ECU,TTO,72
20022096,67,222,171,2007,256174.0,5910280.0,-0.820491,-0.8557879999999999,ECU,TTO,72
20022097,67,222,171,1996,115643.0,6772249.0,-1.1391200000000001,-0.992735,ECU,TTO,72
20022098,67,222,171,1997,229219.0,2798208.0,-1.1931690000000001,-1.0139690000000001,ECU,TTO,72
20022099,67,222,171,1998,475117.0,1471189.0,-0.990915,-0.9670860000000001,ECU,TTO,72
20022100,67,222,171,2000,236697.0,1037647.0,-0.883928,-0.884951,ECU,TTO,72
20022101,67,222,171,2003,25973.0,8784207.0,-0.8689370000000001,-0.889767,ECU,TTO,72
20022102,67,222,171,2005,552734.0,11923279.0,-1.029033,-1.014289,ECU,TTO,72
20022103,67,222,171,2008,380944.0,5735947.0,-0.859434,-0.972389,ECU,TTO,72
20022104,67,222,171,2001,130258.0,19373.0,-0.852642,-0.896374,ECU,TTO,72
20022105,67,222,171,2004,187152.0,1909566.0,-1.149101,-1.013619,ECU,TTO,72
20022106,67,222,171,1995,0.0,6059710.0,-0.948154,-0.9595790000000001,ECU,TTO,72
20022107,68,222,171,2010,35630.0,0.0,-0.181826,1.409465,EGY,TTO,72
20022108,68,222,171,2012,0.0,34937088.0,-0.143732,1.316722,EGY,TTO,72
20022109,68,222,171,2013,0.0,1807514.0,-0.17418,1.692641,EGY,TTO,72
20022110,68,222,171,2014,0.0,20777301.0,-0.086866,1.7419669999999998,EGY,TTO,72
20022111,68,222,171,2015,0.0,14237848.0,-0.183053,1.765036,EGY,TTO,72
20022112,71,222,171,1997,1025995.0,0.0,1.082049,2.0238650000000002,ESP,TTO,72
20022113,71,222,171,2004,665199.0,17370260.0,0.9784649999999999,2.051216,ESP,TTO,72
20022114,71,222,171,2010,41755.0,66758520.0,0.832619,2.448009,ESP,TTO,72
20022115,71,222,171,2012,22273.0,38038900.0,0.8528309999999999,2.462809,ESP,TTO,72
20022116,71,222,171,2013,2510762.0,62754025.0,0.861698,2.353993,ESP,TTO,72
20022117,71,222,171,2014,937239.0,111895918.0,0.842147,2.45692,ESP,TTO,72
20022118,71,222,171,2015,1442090.0,62163783.0,0.8173590000000001,2.442556,ESP,TTO,72
20022119,71,222,171,1999,211257.0,0.0,1.0849209999999998,1.9351180000000001,ESP,TTO,72
20022120,71,222,171,2000,2039925.0,0.0,1.098989,1.911029,ESP,TTO,72
20022121,71,222,171,2011,648330.0,142363506.0,0.8677290000000001,2.4618450000000003,ESP,TTO,72
20022122,71,222,171,2016,1042487.0,216308.0,0.765428,2.57725,ESP,TTO,72
20022123,71,222,171,2017,1146302.0,215450.0,0.734342,2.8180099999999997,ESP,TTO,72
20022124,71,222,171,2018,626168.0,290168.0,0.744825,2.919005,ESP,TTO,72
20022125,71,222,171,2019,1668544.0,166143.0,0.678454,3.007838,ESP,TTO,72
20022126,71,222,171,2020,269809.0,2615616.0,0.736657,2.731661,ESP,TTO,72
20022127,71,222,171,2008,26862.0,999254.0,0.8755649999999999,2.122164,ESP,TTO,72
20022128,71,222,171,2001,296225.0,1636702.0,1.079664,1.9842220000000002,ESP,TTO,72
20022129,71,222,171,2002,112447.0,0.0,1.012246,2.049594,ESP,TTO,72
20022130,71,222,171,2009,617015.0,6831786.0,0.9021020000000001,2.170578,ESP,TTO,72
20022131,71,222,171,1995,2773730.0,417703.0,1.144247,1.933844,ESP,TTO,72
20022132,71,222,171,1996,2869932.0,185144.0,1.105317,1.9473,ESP,TTO,72
20022133,71,222,171,1998,688457.0,1843338.0,1.051392,1.983438,ESP,TTO,72
20022134,71,222,171,2003,107012.0,17201270.0,0.960684,2.074792,ESP,TTO,72
20022135,71,222,171,2005,255177.0,5518655.0,0.9318489999999999,1.999698,ESP,TTO,72
20022136,71,222,171,2007,5252.0,3598865.0,0.914681,2.027797,ESP,TTO,72
20022137,71,222,171,2006,319115.0,307511.0,0.9091370000000001,2.068166,ESP,TTO,72
20022138,72,222,171,2005,18878.0,0.0,0.6351600000000001,1.039403,EST,TTO,72
20022139,74,222,171,1995,37785.0,0.0,2.0085740000000003,1.126816,FIN,TTO,72
20022140,74,222,171,1996,226666.0,0.0,2.0584729999999998,1.006908,FIN,TTO,72
20022141,74,222,171,1998,3111.0,0.0,2.003987,0.995725,FIN,TTO,72
20022142,74,222,171,1999,18239.0,0.0,2.095642,0.966282,FIN,TTO,72
20022143,74,222,171,2000,9781.0,0.0,2.0621419999999997,0.9090360000000001,FIN,TTO,72
20022144,74,222,171,2001,18507.0,0.0,2.069141,0.9375180000000001,FIN,TTO,72
20022145,74,222,171,2006,5400.0,0.0,1.864038,0.8193940000000001,FIN,TTO,72
20022146,74,222,171,2014,28162.0,0.0,1.626355,1.002923,FIN,TTO,72
20022147,74,222,171,2013,951.0,0.0,1.734552,0.8896940000000001,FIN,TTO,72
20022148,74,222,171,2002,81905.0,0.0,2.0234240000000003,0.979141,FIN,TTO,72
20022149,74,222,171,2003,138083.0,0.0,2.077889,0.942501,FIN,TTO,72
20022150,77,222,171,2002,303887.0,3719248.0,1.569367,0.9886360000000001,FRA,TTO,72
20022151,77,222,171,2003,230324.0,10149388.0,1.606606,0.7394149999999999,FRA,TTO,72
20022152,77,222,171,2005,442156.0,22346354.0,1.505148,0.594409,FRA,TTO,72
20022153,77,222,171,2011,209233.0,20714049.0,1.532054,0.09339299999999999,FRA,TTO,72
20022154,77,222,171,2012,1308254.0,82809452.0,1.425025,0.27534899999999995,FRA,TTO,72
20022155,77,222,171,2013,740572.0,26398466.0,1.520354,0.022874000000000002,FRA,TTO,72
20022156,77,222,171,2014,821716.0,26303681.0,1.4817790000000002,0.30995,FRA,TTO,72
20022157,77,222,171,2017,35907.0,0.0,1.398427,0.894732,FRA,TTO,72
20022158,77,222,171,1995,1127776.0,741648.0,1.768484,0.765537,FRA,TTO,72
20022159,77,222,171,1996,585058.0,4410244.0,1.69082,0.721312,FRA,TTO,72
20022160,77,222,171,1997,352803.0,14711568.0,1.69504,0.8278549999999999,FRA,TTO,72
20022161,77,222,171,1998,748823.0,12847633.0,1.707702,0.7784270000000001,FRA,TTO,72
20022162,77,222,171,1999,436699.0,10839439.0,1.72758,0.6619079999999999,FRA,TTO,72
20022163,77,222,171,2000,393976.0,8728342.0,1.674971,0.47538100000000005,FRA,TTO,72
20022164,77,222,171,2001,315206.0,6601478.0,1.653507,0.797582,FRA,TTO,72
20022165,77,222,171,2004,751662.0,12998229.0,1.6003530000000001,0.643945,FRA,TTO,72
20022166,77,222,171,2006,1133016.0,33144618.0,1.47591,0.489466,FRA,TTO,72
20022167,77,222,171,2007,3075734.0,34208374.0,1.4565350000000001,0.262845,FRA,TTO,72
20022168,77,222,171,2008,998904.0,54875962.0,1.487702,-0.223965,FRA,TTO,72
20022169,77,222,171,2009,505711.0,16321810.0,1.540346,0.090377,FRA,TTO,72
20022170,77,222,171,2010,205160.0,24443697.0,1.530027,-0.052557000000000006,FRA,TTO,72
20022171,77,222,171,2015,1135037.0,4558494.0,1.479792,0.6490239999999999,FRA,TTO,72
20022172,77,222,171,2016,92065.0,0.0,1.476437,0.911746,FRA,TTO,72
20022173,77,222,171,2018,67934.0,0.0,1.420819,0.7793770000000001,FRA,TTO,72
20022174,81,222,171,2000,4233811.0,0.0,1.957339,0.610052,GBR,TTO,72
20022175,81,222,171,2001,1653825.0,0.0,1.976894,0.685435,GBR,TTO,72
20022176,81,222,171,2003,2785907.0,69595.0,1.8712540000000002,0.706205,GBR,TTO,72
20022177,81,222,171,2004,3993637.0,72126.0,1.843506,0.684779,GBR,TTO,72
20022178,81,222,171,2005,3069386.0,4240.0,1.805023,0.425654,GBR,TTO,72
20022179,81,222,171,2006,2210042.0,2416.0,1.824154,0.614424,GBR,TTO,72
20022180,81,222,171,2007,8290905.0,0.0,1.718661,0.35525300000000004,GBR,TTO,72
20022181,81,222,171,2008,4286791.0,856.0,1.7586119999999998,0.061214,GBR,TTO,72
20022182,81,222,171,2009,2029730.0,0.0,1.7921779999999998,0.41211499999999995,GBR,TTO,72
20022183,81,222,171,2010,3051238.0,33244.0,1.828224,0.386383,GBR,TTO,72
20022184,81,222,171,2011,4017566.0,163898.0,1.8048220000000001,0.380141,GBR,TTO,72
20022185,81,222,171,2012,2961319.0,3784354.0,1.701279,0.518166,GBR,TTO,72
20022186,81,222,171,2013,2165165.0,6721.0,1.7901259999999999,0.44164,GBR,TTO,72
20022187,81,222,171,2014,3764901.0,20312.0,1.697964,0.585372,GBR,TTO,72
20022188,81,222,171,2015,3218942.0,13081.0,1.7422990000000003,0.75838,GBR,TTO,72
20022189,81,222,171,2016,1166539.0,0.0,1.6974669999999998,0.9231299999999999,GBR,TTO,72
20022190,81,222,171,2017,849742.0,0.0,1.6883119999999998,0.8347469999999999,GBR,TTO,72
20022191,81,222,171,2018,547596.0,0.0,1.693008,0.768159,GBR,TTO,72
20022192,81,222,171,2019,673010.0,7030.0,1.731106,0.717566,GBR,TTO,72
20022193,81,222,171,1995,5644907.0,185496.0,1.8656979999999999,1.107121,GBR,TTO,72
20022194,81,222,171,1996,4822778.0,76095.0,1.850284,0.883084,GBR,TTO,72
20022195,81,222,171,1997,3771935.0,61242.0,1.886353,0.783832,GBR,TTO,72
20022196,81,222,171,1998,3578927.0,2121028.0,1.906738,0.489101,GBR,TTO,72
20022197,81,222,171,1999,3393552.0,0.0,1.9523830000000002,0.771455,GBR,TTO,72
20022198,81,222,171,2002,1575493.0,34405.0,1.893177,0.831382,GBR,TTO,72
20022199,81,222,171,2020,689238.0,0.0,1.6459,0.7702640000000001,GBR,TTO,72
20022200,82,222,171,2012,3738230.0,0.0,-0.29418,-0.63162,GEO,TTO,72
20022201,82,222,171,2015,3768207.0,0.0,-0.343663,-0.588017,GEO,TTO,72
20022202,82,222,171,2011,5952918.0,0.0,-0.07754,-0.35434699999999997,GEO,TTO,72
20022203,82,222,171,2003,1975818.0,0.0,0.595485,-0.25939,GEO,TTO,72
20022204,86,222,171,1995,236918.0,3209922.0,0.563491,-0.18852,GLP,TTO,72
20022205,90,222,171,2002,0.0,20992.0,0.31858000000000003,1.47417,GRC,TTO,72
20022206,90,222,171,2003,0.0,173466.0,0.364688,1.4823959999999998,GRC,TTO,72
20022207,90,222,171,1998,0.0,14160.0,0.183835,1.1512790000000002,GRC,TTO,72
20022208,90,222,171,2006,0.0,216300.0,0.261955,1.488958,GRC,TTO,72
20022209,90,222,171,2007,0.0,21149.0,0.348709,1.674567,GRC,TTO,72
20022210,90,222,171,2008,0.0,4456.0,0.33272399999999996,1.758188,GRC,TTO,72
20022211,90,222,171,2009,1729280.0,0.0,0.2196,1.63301,GRC,TTO,72
20022212,90,222,171,2011,0.0,1199.0,0.138679,1.30044,GRC,TTO,72
20022213,90,222,171,2013,3598.0,0.0,0.18823800000000002,0.910906,GRC,TTO,72
20022214,90,222,171,2004,0.0,167634.0,0.348853,1.661656,GRC,TTO,72
20022215,91,222,171,2015,26202.0,1787445.0,0.296552,-0.335908,GRD,TTO,72
20022216,91,222,171,2004,741.0,6251648.0,0.40210100000000004,-0.382662,GRD,TTO,72
20022217,91,222,171,2007,10039.0,8994828.0,0.043229000000000004,-0.664795,GRD,TTO,72
20022218,91,222,171,1998,0.0,1829092.0,-0.249689,-0.7117,GRD,TTO,72
20022219,91,222,171,2008,7203.0,8534835.0,0.6186010000000001,-0.170518,GRD,TTO,72
20022220,91,222,171,2016,2543.0,1326625.0,0.6993729999999999,-0.250698,GRD,TTO,72
20022221,91,222,171,2019,20966.0,3119061.0,0.297653,-0.409112,GRD,TTO,72
20022222,91,222,171,2000,2768.0,1606137.0,0.26865500000000003,-0.449797,GRD,TTO,72
20022223,91,222,171,1997,0.0,2160798.0,0.24891799999999997,-0.44986499999999996,GRD,TTO,72
20022224,91,222,171,2005,202.0,10245702.0,0.18640299999999999,-0.5731930000000001,GRD,TTO,72
20022225,91,222,171,1995,46744.0,1330013.0,0.15883699999999998,-0.514984,GRD,TTO,72
20022226,91,222,171,2002,696.0,2051942.0,0.552833,-0.283761,GRD,TTO,72
20022227,91,222,171,1996,14453.0,1439112.0,0.285534,-0.37242600000000003,GRD,TTO,72
20022228,91,222,171,2009,0.0,3454979.0,0.035948,-0.586996,GRD,TTO,72
20022229,91,222,171,2001,680.0,2410870.0,-0.007888,-0.518167,GRD,TTO,72
20022230,91,222,171,1999,1251.0,2163126.0,-0.157276,-0.625791,GRD,TTO,72
20022231,91,222,171,2006,0.0,5615775.0,0.19208599999999998,-0.40781,GRD,TTO,72
20022232,91,222,171,2020,21366.0,1692488.0,0.285169,-0.284221,GRD,TTO,72
20022233,91,222,171,2018,15545.0,3175864.0,0.28333800000000003,-0.40042,GRD,TTO,72
20022234,91,222,171,2017,1169.0,1406686.0,0.384656,-0.317098,GRD,TTO,72
20022235,91,222,171,2003,0.0,2564154.0,0.3936,-0.258355,GRD,TTO,72
20022236,91,222,171,2011,0.0,3369968.0,-0.11610999999999999,-0.579971,GRD,TTO,72
20022237,91,222,171,2012,0.0,2832062.0,0.20538800000000001,-0.529008,GRD,TTO,72
20022238,91,222,171,2013,0.0,1318704.0,0.073206,-0.567926,GRD,TTO,72
20022239,91,222,171,2014,5643.0,1605985.0,-0.184151,-0.7291270000000001,GRD,TTO,72
20022240,91,222,171,2010,1537.0,2734993.0,-0.1543,-0.779396,GRD,TTO,72
20022241,93,222,171,1999,0.0,1072554.0,-0.459323,0.210247,GTM,TTO,72
20022242,93,222,171,2000,0.0,4721731.0,-0.452607,0.317698,GTM,TTO,72
20022243,93,222,171,2010,0.0,5147651.0,-0.39034,0.743521,GTM,TTO,72
20022244,93,222,171,2011,0.0,7778931.0,-0.329497,0.775369,GTM,TTO,72
20022245,93,222,171,2012,0.0,11236215.0,-0.265127,0.626089,GTM,TTO,72
20022246,93,222,171,2013,0.0,41806182.0,-0.41466499999999995,0.774788,GTM,TTO,72
20022247,93,222,171,2014,0.0,25715583.0,-0.36547199999999996,0.548894,GTM,TTO,72
20022248,93,222,171,2004,0.0,5118131.0,-0.46136000000000005,0.148122,GTM,TTO,72
20022249,93,222,171,2007,0.0,31362648.0,-0.261899,0.643437,GTM,TTO,72
20022250,93,222,171,2008,0.0,7648279.0,-0.271973,0.720486,GTM,TTO,72
20022251,93,222,171,1995,0.0,944527.0,-0.241468,0.170932,GTM,TTO,72
20022252,93,222,171,1996,1223647.0,1702598.0,-0.332901,0.23790300000000003,GTM,TTO,72
20022253,93,222,171,1997,0.0,2890778.0,-0.310042,0.2096,GTM,TTO,72
20022254,93,222,171,1998,0.0,5287706.0,-0.344999,0.155524,GTM,TTO,72
20022255,93,222,171,2001,0.0,1640315.0,-0.5089520000000001,0.216677,GTM,TTO,72
20022256,93,222,171,2002,0.0,1951223.0,-0.548834,-0.034464999999999996,GTM,TTO,72
20022257,93,222,171,2005,30965.0,17775265.0,-0.414479,0.41440200000000005,GTM,TTO,72
20022258,93,222,171,2006,0.0,7168395.0,-0.28642199999999995,0.5868439999999999,GTM,TTO,72
20022259,93,222,171,2003,0.0,4245166.0,-0.444162,0.145319,GTM,TTO,72
20022260,96,222,171,2007,0.0,10848770.0,-0.889957,-0.873185,GUY,TTO,72
20022261,96,222,171,2009,36741.0,23759121.0,-1.0557809999999999,-1.055825,GUY,TTO,72
20022262,96,222,171,2011,0.0,15274890.0,-1.079231,-1.0280989999999999,GUY,TTO,72
20022263,96,222,171,2010,53308.0,10713335.0,-1.020217,-1.0231569999999999,GUY,TTO,72
20022264,96,222,171,2017,13898.0,423652.0,-0.703271,-0.898648,GUY,TTO,72
20022265,96,222,171,1997,0.0,3309509.0,-0.7141810000000001,-0.8589030000000001,GUY,TTO,72
20022266,96,222,171,1998,0.0,3456747.0,-0.8204450000000001,-0.8914200000000001,GUY,TTO,72
20022267,96,222,171,1999,0.0,3013697.0,-0.97619,-0.8785709999999999,GUY,TTO,72
20022268,96,222,171,2000,44902.0,2914495.0,-1.127205,-0.962915,GUY,TTO,72
20022269,96,222,171,2001,966.0,3042333.0,-0.955816,-0.8593069999999999,GUY,TTO,72
20022270,96,222,171,2002,2925.0,2660864.0,-0.9485889999999999,-0.9086489999999999,GUY,TTO,72
20022271,96,222,171,2003,0.0,2718099.0,-0.59035,-0.7361340000000001,GUY,TTO,72
20022272,96,222,171,2004,30016.0,4548681.0,-1.046232,-0.985188,GUY,TTO,72
20022273,96,222,171,2005,0.0,7421528.0,-0.618542,-0.771821,GUY,TTO,72
20022274,96,222,171,2006,8966.0,12085266.0,-0.813775,-0.8000649999999999,GUY,TTO,72
20022275,96,222,171,2008,0.0,13628670.0,-1.0439530000000001,-0.962007,GUY,TTO,72
20022276,96,222,171,2018,0.0,3592672.0,-0.841458,-0.9803280000000001,GUY,TTO,72
20022277,96,222,171,2019,20905.0,1652378.0,-0.308365,-0.7833359999999999,GUY,TTO,72
20022278,96,222,171,2012,0.0,14854194.0,-0.734614,-0.8208489999999999,GUY,TTO,72
20022279,96,222,171,2013,0.0,14895507.0,-0.8555590000000001,-0.9744450000000001,GUY,TTO,72
20022280,96,222,171,2015,1321.0,7542697.0,-1.018758,-1.056085,GUY,TTO,72
20022281,96,222,171,2014,0.0,13058517.0,-1.068777,-1.038227,GUY,TTO,72
20022282,96,222,171,2016,2432.0,357200.0,-0.4755,-0.778335,GUY,TTO,72
20022283,96,222,171,2020,0.0,957292.0,-0.5874159999999999,-0.8020189999999999,GUY,TTO,72
20022284,96,222,171,1996,16058.0,5943734.0,-0.567617,-0.766822,GUY,TTO,72
20022285,96,222,171,1995,0.0,1328121.0,-0.8856,-0.8413700000000001,GUY,TTO,72
20022286,97,222,171,1996,25399.0,0.0,0.54364,2.727659,HKG,TTO,72
20022287,97,222,171,2002,3390.0,0.0,0.5701109999999999,1.989357,HKG,TTO,72
20022288,97,222,171,2011,0.0,210423.0,0.663588,1.902118,HKG,TTO,72
20022289,97,222,171,2013,14526.0,2291702.0,0.744383,1.923139,HKG,TTO,72
20022290,97,222,171,2014,27470.0,3137288.0,0.812132,1.722493,HKG,TTO,72
20022291,97,222,171,2015,40353.0,2064824.0,0.8255290000000001,1.8017279999999998,HKG,TTO,72
20022292,97,222,171,2016,0.0,583761.0,0.8029029999999999,1.477249,HKG,TTO,72
20022293,97,222,171,2017,0.0,464748.0,0.824982,1.7162220000000001,HKG,TTO,72
20022294,97,222,171,2018,0.0,613094.0,0.843677,1.656073,HKG,TTO,72
20022295,97,222,171,2019,0.0,539367.0,0.992556,1.523004,HKG,TTO,72
20022296,97,222,171,2009,0.0,16506.0,0.654964,1.98672,HKG,TTO,72
20022297,97,222,171,2005,1199.0,0.0,0.5862149999999999,2.0303459999999998,HKG,TTO,72
20022298,97,222,171,2006,0.0,1150.0,0.5776319999999999,2.076782,HKG,TTO,72
20022299,97,222,171,2012,538815.0,841052.0,0.8124979999999999,1.677497,HKG,TTO,72
20022300,97,222,171,2010,81327.0,163779.0,0.715745,1.9780259999999998,HKG,TTO,72
20022301,97,222,171,2020,0.0,62640.0,1.070483,1.183618,HKG,TTO,72
20022302,97,222,171,2008,43161.0,87196.0,0.74435,2.149616,HKG,TTO,72
20022303,97,222,171,2007,12202.0,0.0,0.639034,2.1086009999999997,HKG,TTO,72
20022304,99,222,171,1995,0.0,934121.0,-0.765536,-0.668834,HND,TTO,72
20022305,99,222,171,2012,0.0,5230208.0,-0.45962299999999995,-0.002247,HND,TTO,72
20022306,99,222,171,2015,0.0,115935.0,-0.578635,-0.292053,HND,TTO,72
20022307,99,222,171,2019,0.0,3923.0,-0.6444439999999999,-0.203443,HND,TTO,72
20022308,99,222,171,2003,0.0,1866812.0,-0.733546,-0.568585,HND,TTO,72
20022309,99,222,171,2010,0.0,3522748.0,-0.569501,-0.153122,HND,TTO,72
20022310,99,222,171,2011,2791.0,5223511.0,-0.740241,-0.311952,HND,TTO,72
20022311,99,222,171,2014,0.0,921452.0,-0.467004,0.045511,HND,TTO,72
20022312,99,222,171,2004,0.0,2161559.0,-0.75975,-0.548407,HND,TTO,72
20022313,99,222,171,2005,0.0,3253029.0,-0.731899,-0.54884,HND,TTO,72
20022314,99,222,171,2006,322841.0,2079101.0,-0.672074,-0.472138,HND,TTO,72
20022315,99,222,171,2007,0.0,16611427.0,-0.6366,-0.327447,HND,TTO,72
20022316,99,222,171,1996,16792.0,2414609.0,-0.69357,-0.48721400000000004,HND,TTO,72
20022317,99,222,171,1997,99307.0,2064642.0,-0.832161,-0.5578270000000001,HND,TTO,72
20022318,99,222,171,2002,0.0,137569.0,-0.877043,-0.658185,HND,TTO,72
20022319,99,222,171,1998,77729.0,2767816.0,-0.9326049999999999,-0.598527,HND,TTO,72
20022320,99,222,171,2013,0.0,6360730.0,-0.731431,-0.310927,HND,TTO,72
20022321,99,222,171,1999,118981.0,1942660.0,-0.8858290000000001,-0.530034,HND,TTO,72
20022322,99,222,171,2000,71029.0,1751420.0,-0.860977,-0.6851109999999999,HND,TTO,72
20022323,99,222,171,2001,276292.0,729192.0,-0.8003060000000001,-0.602097,HND,TTO,72
20022324,99,222,171,2008,0.0,7635334.0,-0.5907,-0.351317,HND,TTO,72
20022325,101,222,171,2009,0.0,2352010.0,-1.406148,-1.108465,HTI,TTO,72
20022326,101,222,171,1996,0.0,1021806.0,-0.865218,-0.723441,HTI,TTO,72
20022327,101,222,171,2008,0.0,15264921.0,-1.087836,-0.967734,HTI,TTO,72
20022328,101,222,171,2007,0.0,9976340.0,-1.070524,-1.046209,HTI,TTO,72
20022329,101,222,171,2006,0.0,6252850.0,-1.037941,-0.9475790000000001,HTI,TTO,72
20022330,101,222,171,2013,0.0,40013584.0,-1.095392,-0.957326,HTI,TTO,72
20022331,101,222,171,2014,0.0,26509102.0,-1.10887,-1.032108,HTI,TTO,72
20022332,101,222,171,2015,0.0,17287038.0,-1.288246,-1.018979,HTI,TTO,72
20022333,101,222,171,2010,0.0,2532990.0,-1.369873,-1.121801,HTI,TTO,72
20022334,101,222,171,2011,0.0,15348945.0,-1.263093,-1.086658,HTI,TTO,72
20022335,101,222,171,2003,0.0,3538706.0,-1.3761290000000002,-1.006346,HTI,TTO,72
20022336,101,222,171,2004,0.0,3938999.0,-1.348507,-0.979369,HTI,TTO,72
20022337,102,222,171,2003,90500.0,0.0,1.2003270000000001,1.091407,HUN,TTO,72
20022338,102,222,171,2005,633.0,0.0,1.3558,0.876179,HUN,TTO,72
20022339,102,222,171,1998,100646.0,0.0,0.780392,1.450701,HUN,TTO,72
20022340,103,222,171,2000,1993922.0,871106.0,-0.125831,1.7116360000000002,IDN,TTO,72
20022341,103,222,171,2004,0.0,12527292.0,-0.223644,1.719065,IDN,TTO,72
20022342,103,222,171,2005,0.0,7664672.0,-0.273208,1.5252379999999999,IDN,TTO,72
20022343,103,222,171,2010,0.0,20570425.0,-0.30878099999999997,1.07069,IDN,TTO,72
20022344,103,222,171,2015,0.0,106748.0,-0.145103,1.277362,IDN,TTO,72
20022345,103,222,171,2006,0.0,5408476.0,-0.21012399999999998,1.467838,IDN,TTO,72
20022346,103,222,171,2003,0.0,8786287.0,-0.16802,1.7252990000000001,IDN,TTO,72
20022347,103,222,171,2014,0.0,279318.0,-0.088032,1.3966459999999998,IDN,TTO,72
20022348,103,222,171,2009,0.0,16100822.0,-0.253835,1.260101,IDN,TTO,72
20022349,103,222,171,2012,0.0,18554745.0,-0.142318,1.281781,IDN,TTO,72
20022350,103,222,171,2013,0.0,367947.0,-0.216854,1.415728,IDN,TTO,72
20022351,103,222,171,2016,305160.0,181036.0,-0.158496,1.492067,IDN,TTO,72
20022352,103,222,171,2008,52219.0,45076528.0,-0.11154000000000001,1.4879850000000001,IDN,TTO,72
20022353,103,222,171,2001,0.0,460387.0,-0.167771,1.6587889999999998,IDN,TTO,72
20022354,103,222,171,2002,0.0,2861386.0,-0.10020499999999999,1.590314,IDN,TTO,72
20022355,103,222,171,2007,0.0,33234545.0,-0.192415,1.497962,IDN,TTO,72
20022356,103,222,171,2011,0.0,33510574.0,-0.234125,1.168384,IDN,TTO,72
20022357,103,222,171,1998,88608.0,0.0,-0.478253,1.350652,IDN,TTO,72
20022358,103,222,171,1999,121816.0,0.0,-0.20447,1.568505,IDN,TTO,72
20022359,104,222,171,2004,4798224.0,13109504.0,0.233348,2.790987,IND,TTO,72
20022360,104,222,171,2009,6887641.0,2656818.0,0.209867,2.254003,IND,TTO,72
20022361,104,222,171,2015,26618249.0,4681674.0,0.24230900000000002,2.8190880000000003,IND,TTO,72
20022362,104,222,171,2017,19389921.0,1960965.0,0.290576,2.726391,IND,TTO,72
20022363,104,222,171,2018,9557550.0,3174333.0,0.526015,2.448112,IND,TTO,72
20022364,104,222,171,2019,8524298.0,3334246.0,0.43196,2.661139,IND,TTO,72
20022365,104,222,171,2020,3696070.0,1298236.0,0.464674,2.838779,IND,TTO,72
20022366,104,222,171,2013,29243375.0,5519146.0,0.215356,2.3916209999999998,IND,TTO,72
20022367,104,222,171,2014,31781715.0,617913.0,0.262042,2.6305080000000003,IND,TTO,72
20022368,104,222,171,2011,19154398.0,2499283.0,0.18276199999999998,2.398765,IND,TTO,72
20022369,104,222,171,2012,13409849.0,1344250.0,0.229996,2.4815110000000002,IND,TTO,72
20022370,104,222,171,2016,11893840.0,2113058.0,0.30976,2.61043,IND,TTO,72
20022371,104,222,171,2007,7617217.0,2187807.0,0.279475,2.7514939999999997,IND,TTO,72
20022372,104,222,171,2008,15400428.0,4399046.0,0.26694,2.926023,IND,TTO,72
20022373,104,222,171,2003,586555.0,963331.0,0.33014099999999996,2.836003,IND,TTO,72
20022374,104,222,171,2005,3809593.0,645888.0,0.212108,2.817413,IND,TTO,72
20022375,104,222,171,2006,11871016.0,705685.0,0.285652,2.731318,IND,TTO,72
20022376,104,222,171,2010,14005380.0,1835555.0,0.14485599999999998,2.408913,IND,TTO,72
20022377,104,222,171,2000,351809.0,0.0,0.3961,2.553408,IND,TTO,72
20022378,104,222,171,2002,3180524.0,86582.0,0.380867,2.608955,IND,TTO,72
20022379,104,222,171,2001,653406.0,11081.0,0.349744,2.665844,IND,TTO,72
20022380,104,222,171,1997,188143.0,0.0,0.262571,2.31305,IND,TTO,72
20022381,104,222,171,1996,153725.0,0.0,0.20685599999999998,2.317622,IND,TTO,72
20022382,104,222,171,1998,312048.0,0.0,0.274308,2.316908,IND,TTO,72
20022383,104,222,171,1999,222601.0,0.0,0.29945900000000003,2.438702,IND,TTO,72
20022384,104,222,171,1995,36920.0,0.0,0.156183,1.9617380000000002,IND,TTO,72
20022385,106,222,171,1998,34558.0,0.0,1.451067,0.654442,IRL,TTO,72
20022386,106,222,171,1995,63819.0,0.0,1.349192,0.992099,IRL,TTO,72
20022387,106,222,171,1996,95978.0,0.0,1.386011,0.9232100000000001,IRL,TTO,72
20022388,106,222,171,1997,170339.0,0.0,1.471048,0.8769370000000001,IRL,TTO,72
20022389,106,222,171,1999,48457.0,0.0,1.599613,0.37233299999999997,IRL,TTO,72
20022390,106,222,171,2000,18257.0,0.0,1.546001,0.342854,IRL,TTO,72
20022391,106,222,171,2003,1968.0,0.0,1.6396130000000002,0.220599,IRL,TTO,72
20022392,106,222,171,2008,0.0,4980.0,1.693858,0.221425,IRL,TTO,72
20022393,106,222,171,2017,52228.0,0.0,1.363544,0.169211,IRL,TTO,72
20022394,106,222,171,2015,43545.0,0.0,1.304942,0.126431,IRL,TTO,72
20022395,107,222,171,2006,33366.0,0.0,-0.391023,-0.767861,IRN,TTO,72
20022396,110,222,171,2011,1983.0,0.0,1.324384,0.714611,ISR,TTO,72
20022397,110,222,171,2010,2141.0,0.0,1.215834,0.7028340000000001,ISR,TTO,72
20022398,110,222,171,2008,792.0,0.0,1.169192,0.797136,ISR,TTO,72
20022399,111,222,171,2003,9408.0,5076397.0,1.399734,1.044608,ITA,TTO,72
20022400,111,222,171,2006,657.0,0.0,1.293779,0.93995,ITA,TTO,72
20022401,111,222,171,2007,216035.0,0.0,1.3003559999999998,0.705448,ITA,TTO,72
20022402,111,222,171,2008,116410.0,3284799.0,1.308777,0.361523,ITA,TTO,72
20022403,111,222,171,2009,75109.0,1050.0,1.289,0.64549,ITA,TTO,72
20022404,111,222,171,2010,205016.0,0.0,1.272385,0.545721,ITA,TTO,72
20022405,111,222,171,2011,165699.0,9594.0,1.298751,0.48013599999999995,ITA,TTO,72
20022406,111,222,171,2012,39234.0,0.0,1.297611,0.28585900000000003,ITA,TTO,72
20022407,111,222,171,2013,1554217.0,0.0,1.289924,0.533436,ITA,TTO,72
20022408,111,222,171,2014,70357.0,0.0,1.340136,0.43931099999999995,ITA,TTO,72
20022409,111,222,171,2015,138101.0,0.0,1.321127,0.747046,ITA,TTO,72
20022410,111,222,171,2016,306084.0,0.0,1.339307,0.8549209999999999,ITA,TTO,72
20022411,111,222,171,2017,90648.0,0.0,1.34395,0.577693,ITA,TTO,72
20022412,111,222,171,2018,71614.0,0.0,1.3602530000000002,0.453607,ITA,TTO,72
20022413,111,222,171,2019,23228.0,0.0,1.25898,0.926639,ITA,TTO,72
20022414,111,222,171,2020,5212.0,0.0,1.299017,0.701797,ITA,TTO,72
20022415,111,222,171,1996,35631.0,0.0,1.4674690000000001,1.263362,ITA,TTO,72
20022416,111,222,171,1998,3325.0,0.0,1.4532209999999999,1.191124,ITA,TTO,72
20022417,111,222,171,2005,0.0,5920449.0,1.295883,1.032218,ITA,TTO,72
20022418,111,222,171,2000,1586.0,0.0,1.421124,1.112321,ITA,TTO,72
20022419,111,222,171,2001,8097.0,0.0,1.389926,1.282143,ITA,TTO,72
20022420,111,222,171,2002,6579.0,1623436.0,1.377604,1.2470510000000001,ITA,TTO,72
20022421,111,222,171,2004,37621.0,2027808.0,1.358057,1.11533,ITA,TTO,72
20022422,111,222,171,1999,26282.0,0.0,1.395253,1.3589790000000002,ITA,TTO,72
20022423,112,222,171,2004,3590.0,9452423.0,-0.64957,-0.944183,JAM,TTO,72
20022424,112,222,171,2019,1287.0,0.0,-0.18387799999999999,-0.710004,JAM,TTO,72
20022425,112,222,171,2006,10014.0,2519976.0,-0.5122720000000001,-0.9109809999999999,JAM,TTO,72
20022426,112,222,171,2011,14283.0,1904072.0,-0.162212,-0.621817,JAM,TTO,72
20022427,112,222,171,2012,24094.0,910771.0,-0.34163899999999997,-0.8008850000000001,JAM,TTO,72
20022428,112,222,171,2016,0.0,14507.0,-0.259972,-0.592114,JAM,TTO,72
20022429,112,222,171,1999,38879.0,2053940.0,-0.852468,-0.9670290000000001,JAM,TTO,72
20022430,112,222,171,2001,4173.0,1055786.0,-0.541582,-0.837248,JAM,TTO,72
20022431,112,222,171,2002,1242.0,1060255.0,-0.604813,-0.9309860000000001,JAM,TTO,72
20022432,112,222,171,2003,21512.0,3701289.0,-0.6684140000000001,-0.915817,JAM,TTO,72
20022433,112,222,171,2005,13593.0,7131473.0,-0.438717,-0.95845,JAM,TTO,72
20022434,112,222,171,2007,0.0,3448734.0,-0.466305,-0.971972,JAM,TTO,72
20022435,112,222,171,2008,3010.0,6693592.0,-0.412969,-0.9444030000000001,JAM,TTO,72
20022436,112,222,171,2009,1805.0,387942.0,-0.083743,-0.6222479999999999,JAM,TTO,72
20022437,112,222,171,2010,12670.0,1087554.0,0.041471,-0.367177,JAM,TTO,72
20022438,112,222,171,2013,18877.0,562313.0,-0.541441,-0.8448559999999999,JAM,TTO,72
20022439,112,222,171,2014,6525.0,618715.0,-0.42745299999999997,-0.7750130000000001,JAM,TTO,72
20022440,112,222,171,2015,10920.0,234090.0,-0.438267,-0.828097,JAM,TTO,72
20022441,112,222,171,1998,42447.0,1778964.0,-0.8083739999999999,-0.946183,JAM,TTO,72
20022442,112,222,171,1996,2229.0,2021859.0,-0.6344350000000001,-0.814916,JAM,TTO,72
20022443,112,222,171,1997,9760.0,3027868.0,-0.65455,-0.820413,JAM,TTO,72
20022444,112,222,171,2000,56556.0,1477002.0,-0.625061,-0.814176,JAM,TTO,72
20022445,112,222,171,1995,13457.0,0.0,-0.873925,-0.952304,JAM,TTO,72
20022446,113,222,171,2013,0.0,237540.0,0.152659,0.5889979999999999,JOR,TTO,72
20022447,114,222,171,2009,169935.0,0.0,2.306791,-0.251712,JPN,TTO,72
20022448,114,222,171,2010,21005.0,0.0,2.459723,-0.279387,JPN,TTO,72
20022449,114,222,171,2005,11596.0,0.0,2.392106,0.278652,JPN,TTO,72
20022450,114,222,171,2016,6133.0,0.0,2.574025,-0.34859,JPN,TTO,72
20022451,114,222,171,2014,23244.0,0.0,2.403165,-0.635024,JPN,TTO,72
20022452,114,222,171,2015,8077.0,7283.0,2.516133,-0.484202,JPN,TTO,72
20022453,114,222,171,2019,1962.0,0.0,2.4931509999999997,-0.558811,JPN,TTO,72
20022454,114,222,171,2000,14181.0,1853169.0,2.579611,0.464875,JPN,TTO,72
20022455,114,222,171,2001,3959.0,436976.0,2.585857,0.522663,JPN,TTO,72
20022456,114,222,171,2002,22359.0,31447.0,2.556057,0.497673,JPN,TTO,72
20022457,114,222,171,2004,192957.0,0.0,2.526624,0.452054,JPN,TTO,72
20022458,114,222,171,2006,0.0,42325.0,2.4348099999999997,0.082887,JPN,TTO,72
20022459,114,222,171,2007,23253.0,0.0,2.313259,0.186703,JPN,TTO,72
20022460,114,222,171,2008,24094.0,0.0,2.285056,0.036255,JPN,TTO,72
20022461,114,222,171,1998,0.0,182035.0,2.550442,0.718063,JPN,TTO,72
20022462,114,222,171,1995,12696.0,0.0,2.56822,0.927307,JPN,TTO,72
20022463,114,222,171,1996,0.0,5993048.0,2.615364,0.5656939999999999,JPN,TTO,72
20022464,114,222,171,1997,6652.0,0.0,2.631846,0.553144,JPN,TTO,72
20022465,114,222,171,1999,0.0,168910.0,2.541382,0.693702,JPN,TTO,72
20022466,115,222,171,2000,522304.0,0.0,-0.019137,-0.683485,KAZ,TTO,72
20022467,115,222,171,2001,399258.0,0.0,0.009714,-0.525899,KAZ,TTO,72
20022468,115,222,171,2002,133117.0,0.0,-0.065332,-0.616159,KAZ,TTO,72
20022469,115,222,171,1998,207621.0,0.0,0.245507,-0.389842,KAZ,TTO,72
20022470,115,222,171,1999,700827.0,0.0,-0.035315,-0.514845,KAZ,TTO,72
20022471,120,222,171,2016,0.0,349667.0,0.620594,-0.4305,KNA,TTO,72
20022472,120,222,171,2012,0.0,325714.0,0.788275,-0.314756,KNA,TTO,72
20022473,120,222,171,2013,0.0,149234.0,0.8500270000000001,-0.390234,KNA,TTO,72
20022474,120,222,171,2014,0.0,491402.0,0.9888950000000001,-0.28283800000000003,KNA,TTO,72
20022475,120,222,171,2015,0.0,495232.0,0.8252430000000001,-0.436662,KNA,TTO,72
20022476,120,222,171,1995,0.0,709198.0,0.45250200000000007,-0.45284399999999997,KNA,TTO,72
20022477,120,222,171,1996,0.0,804310.0,0.546384,-0.463373,KNA,TTO,72
20022478,120,222,171,2001,0.0,705929.0,0.612222,-0.440733,KNA,TTO,72
20022479,120,222,171,2006,0.0,1013692.0,0.896119,-0.309349,KNA,TTO,72
20022480,120,222,171,2017,6969.0,187330.0,0.781625,-0.405177,KNA,TTO,72
20022481,120,222,171,2000,0.0,814089.0,0.70972,-0.526818,KNA,TTO,72
20022482,120,222,171,2004,0.0,1226947.0,0.538271,-0.43505299999999997,KNA,TTO,72
20022483,120,222,171,2007,0.0,1061277.0,1.21646,-0.190821,KNA,TTO,72
20022484,120,222,171,2008,0.0,1131561.0,1.2613,-0.136295,KNA,TTO,72
20022485,120,222,171,2009,0.0,716692.0,0.9218370000000001,-0.303977,KNA,TTO,72
20022486,120,222,171,2011,0.0,398680.0,1.056175,-0.19398800000000002,KNA,TTO,72
20022487,120,222,171,2002,0.0,676917.0,0.911442,-0.26164899999999996,KNA,TTO,72
20022488,120,222,171,2010,0.0,329299.0,0.9277790000000001,-0.42824799999999996,KNA,TTO,72
20022489,120,222,171,1999,0.0,826919.0,0.670532,-0.45786400000000005,KNA,TTO,72
20022490,120,222,171,2003,0.0,559386.0,0.555154,-0.405962,KNA,TTO,72
20022491,120,222,171,1997,0.0,851212.0,0.8765370000000001,-0.268836,KNA,TTO,72
20022492,120,222,171,2005,0.0,1096536.0,0.9313739999999999,-0.44211999999999996,KNA,TTO,72
20022493,120,222,171,1998,0.0,1225000.0,0.856974,-0.416976,KNA,TTO,72
20022494,121,222,171,2012,4082881.0,5119232.0,1.632917,0.877742,KOR,TTO,72
20022495,121,222,171,1997,13941.0,0.0,1.0478290000000001,1.2874370000000002,KOR,TTO,72
20022496,121,222,171,1998,52087.0,0.0,0.999518,1.106351,KOR,TTO,72
20022497,121,222,171,1996,0.0,959362.0,0.8946940000000001,1.240424,KOR,TTO,72
20022498,121,222,171,2010,1627709.0,4721156.0,1.7118849999999999,0.762362,KOR,TTO,72
20022499,121,222,171,2000,1149002.0,0.0,1.0696700000000001,1.0182209999999998,KOR,TTO,72
20022500,121,222,171,2001,1599910.0,0.0,1.145797,1.0762399999999999,KOR,TTO,72
20022501,121,222,171,2014,5011499.0,39490354.0,1.817145,0.8394530000000001,KOR,TTO,72
20022502,121,222,171,2004,783714.0,4598219.0,1.3624690000000002,0.928342,KOR,TTO,72
20022503,121,222,171,2005,1294683.0,0.0,1.4051850000000001,0.815171,KOR,TTO,72
20022504,121,222,171,2006,877926.0,0.0,1.5384309999999999,0.766628,KOR,TTO,72
20022505,121,222,171,2007,1361807.0,155528.0,1.497359,0.726637,KOR,TTO,72
20022506,121,222,171,2008,1349969.0,2978319.0,1.491687,0.814692,KOR,TTO,72
20022507,121,222,171,2009,3108373.0,1369878.0,1.509336,0.784515,KOR,TTO,72
20022508,121,222,171,2011,9187324.0,3057355.0,1.731371,0.8306879999999999,KOR,TTO,72
20022509,121,222,171,1999,61318.0,0.0,0.92448,1.053988,KOR,TTO,72
20022510,121,222,171,2013,3365338.0,38038036.0,1.818383,0.75645,KOR,TTO,72
20022511,121,222,171,2015,5634564.0,18762266.0,1.900653,0.859406,KOR,TTO,72
20022512,121,222,171,2016,12594882.0,1703792.0,2.086184,0.724318,KOR,TTO,72
20022513,121,222,171,2017,15254900.0,289686.0,2.011263,0.783215,KOR,TTO,72
20022514,121,222,171,2018,9326233.0,141528.0,2.093866,0.764303,KOR,TTO,72
20022515,121,222,171,2019,16009494.0,839279.0,2.115482,0.696838,KOR,TTO,72
20022516,121,222,171,2020,5245872.0,464069.0,1.9703950000000001,0.800826,KOR,TTO,72
20022517,121,222,171,1995,1558.0,4954591.0,0.845175,1.2761799999999999,KOR,TTO,72
20022518,121,222,171,2002,1105609.0,0.0,1.186816,1.075947,KOR,TTO,72
20022519,121,222,171,2003,956278.0,0.0,1.2611709999999998,0.956308,KOR,TTO,72
20022520,122,222,171,1996,134544.0,0.0,-0.27174499999999996,-1.098243,KWT,TTO,72
20022521,123,222,171,2013,0.0,64278.0,-1.204446,-0.8571489999999999,LAO,TTO,72
20022522,124,222,171,2013,0.0,181328.0,0.283084,1.4289100000000001,LBN,TTO,72
20022523,127,222,171,2017,0.0,370499.0,0.458896,-0.149195,LCA,TTO,72
20022524,127,222,171,2019,0.0,88216.0,0.21145,-0.08792699999999999,LCA,TTO,72
20022525,127,222,171,2003,0.0,2170584.0,0.318385,-0.342679,LCA,TTO,72
20022526,127,222,171,2004,0.0,6159721.0,0.233152,-0.351169,LCA,TTO,72
20022527,127,222,171,2000,0.0,2347348.0,0.025498,-0.599171,LCA,TTO,72
20022528,127,222,171,2012,0.0,2079812.0,0.526261,-0.10413199999999999,LCA,TTO,72
20022529,127,222,171,2007,0.0,3948819.0,0.7445430000000001,-0.187834,LCA,TTO,72
20022530,127,222,171,2011,0.0,5527320.0,0.639295,-0.17407999999999998,LCA,TTO,72
20022531,127,222,171,2013,0.0,1120749.0,0.265129,-0.5083949999999999,LCA,TTO,72
20022532,127,222,171,2014,0.0,204806.0,0.29035500000000003,-0.603541,LCA,TTO,72
20022533,127,222,171,2015,0.0,360199.0,0.5410590000000001,-0.484234,LCA,TTO,72
20022534,127,222,171,2016,0.0,167046.0,0.397746,-0.405285,LCA,TTO,72
20022535,127,222,171,2018,0.0,78223.0,0.18656,-0.143406,LCA,TTO,72
20022536,127,222,171,2006,309.0,5641452.0,1.118348,-0.17618,LCA,TTO,72
20022537,127,222,171,1996,0.0,1836592.0,0.016224000000000002,-0.664312,LCA,TTO,72
20022538,127,222,171,1995,0.0,1983269.0,0.194177,-0.359444,LCA,TTO,72
20022539,127,222,171,2009,0.0,2650751.0,0.34839699999999996,-0.531658,LCA,TTO,72
20022540,127,222,171,1999,0.0,2788293.0,-0.129026,-0.630046,LCA,TTO,72
20022541,127,222,171,2010,0.0,2775961.0,0.446162,-0.279229,LCA,TTO,72
20022542,127,222,171,2008,940.0,6544347.0,0.42267899999999997,0.005129,LCA,TTO,72
20022543,127,222,171,1998,24936.0,1980631.0,-0.056641,-0.672786,LCA,TTO,72
20022544,127,222,171,2002,874.0,1631321.0,0.14441700000000002,-0.38146599999999997,LCA,TTO,72
20022545,127,222,171,2005,0.0,3622598.0,0.795038,-0.40244,LCA,TTO,72
20022546,127,222,171,1997,0.0,1853302.0,-0.148373,-0.516139,LCA,TTO,72
20022547,127,222,171,2001,0.0,2136510.0,0.004518,-0.5326770000000001,LCA,TTO,72
20022548,128,222,171,2013,0.0,288898.0,-0.6521779999999999,0.41258599999999995,LKA,TTO,72
20022549,131,222,171,2004,1524123.0,0.0,1.37529,1.0172649999999999,LUX,TTO,72
20022550,131,222,171,2019,1530902.0,0.0,1.234145,1.3754309999999998,LUX,TTO,72
20022551,131,222,171,2018,3720888.0,0.0,1.1142889999999999,1.306066,LUX,TTO,72
20022552,131,222,171,2017,1634061.0,0.0,1.24064,1.298263,LUX,TTO,72
20022553,131,222,171,2020,1289542.0,0.0,1.197655,1.432727,LUX,TTO,72
20022554,131,222,171,2014,7864718.0,133398.0,1.243845,1.155474,LUX,TTO,72
20022555,131,222,171,2008,49560.0,0.0,1.39945,1.003857,LUX,TTO,72
20022556,131,222,171,2009,0.0,2366838.0,1.323336,1.026341,LUX,TTO,72
20022557,131,222,171,2015,4572633.0,0.0,1.218924,1.247152,LUX,TTO,72
20022558,131,222,171,2002,547102.0,0.0,1.605378,1.152973,LUX,TTO,72
20022559,131,222,171,2010,1071660.0,10018171.0,1.272127,1.1051520000000001,LUX,TTO,72
20022560,131,222,171,2012,2398383.0,0.0,1.131145,1.305768,LUX,TTO,72
20022561,131,222,171,2013,1164304.0,0.0,1.170459,1.150327,LUX,TTO,72
20022562,131,222,171,2011,1930627.0,1755339.0,1.1655739999999999,1.222379,LUX,TTO,72
20022563,131,222,171,2016,1798390.0,0.0,1.340054,1.30224,LUX,TTO,72
20022564,131,222,171,2005,2902482.0,0.0,1.399885,0.974292,LUX,TTO,72
20022565,131,222,171,2006,714014.0,0.0,1.4345620000000001,0.8840819999999999,LUX,TTO,72
20022566,131,222,171,2007,139569.0,0.0,1.390259,0.996566,LUX,TTO,72
20022567,131,222,171,1999,393905.0,0.0,1.499745,1.142951,LUX,TTO,72
20022568,131,222,171,2000,59413.0,0.0,1.331688,1.130817,LUX,TTO,72
20022569,131,222,171,2001,362548.0,0.0,1.470895,1.149007,LUX,TTO,72
20022570,131,222,171,2003,3109942.0,0.0,1.444996,1.063764,LUX,TTO,72
20022571,132,222,171,1997,434860.0,0.0,0.398848,0.215206,LVA,TTO,72
20022572,134,222,171,2009,0.0,3605547.0,-0.48819300000000004,0.173952,MAR,TTO,72
20022573,134,222,171,2010,0.0,3929200.0,-0.5935229999999999,-0.056497000000000006,MAR,TTO,72
20022574,134,222,171,2005,2169193.0,0.0,-0.617355,-0.129666,MAR,TTO,72
20022575,134,222,171,2007,382584.0,0.0,-0.5846560000000001,0.10927100000000001,MAR,TTO,72
20022576,134,222,171,2006,2022752.0,0.0,-0.547933,0.08257300000000001,MAR,TTO,72
20022577,134,222,171,2008,147021.0,14211980.0,-0.505734,-0.000516,MAR,TTO,72
20022578,134,222,171,2003,0.0,2360245.0,-0.6842050000000001,-0.217892,MAR,TTO,72
20022579,134,222,171,2004,976040.0,0.0,-0.681556,-0.152372,MAR,TTO,72
20022580,138,222,171,2004,560402.0,68038022.0,0.868684,0.85506,MEX,TTO,72
20022581,138,222,171,2007,1608573.0,94822997.0,1.044746,0.605246,MEX,TTO,72
20022582,138,222,171,1995,1468459.0,51347036.0,0.6414300000000001,0.9697520000000001,MEX,TTO,72
20022583,138,222,171,1996,26212.0,40941909.0,0.651949,0.9132170000000001,MEX,TTO,72
20022584,138,222,171,2000,1011502.0,43990806.0,0.6866760000000001,0.64383,MEX,TTO,72
20022585,138,222,171,2001,1308339.0,7927730.0,0.797058,0.713234,MEX,TTO,72
20022586,138,222,171,2012,11581.0,12847839.0,1.039541,0.663349,MEX,TTO,72
20022587,138,222,171,2013,11930.0,530231.0,1.048507,0.718932,MEX,TTO,72
20022588,138,222,171,2014,3778.0,4091.0,1.0799729999999998,0.697554,MEX,TTO,72
20022589,138,222,171,2015,37274.0,8267768.0,1.169724,0.61457,MEX,TTO,72
20022590,138,222,171,1999,424697.0,31323974.0,0.581034,0.8399760000000001,MEX,TTO,72
20022591,138,222,171,2003,840077.0,23530358.0,0.862509,0.756684,MEX,TTO,72
20022592,138,222,171,1997,4056137.0,46959877.0,0.603221,0.898488,MEX,TTO,72
20022593,138,222,171,2005,1905283.0,81979635.0,1.046235,0.856245,MEX,TTO,72
20022594,138,222,171,1998,2266274.0,30212854.0,0.525671,0.880649,MEX,TTO,72
20022595,138,222,171,2006,432350.0,91180581.0,1.047268,0.7142270000000001,MEX,TTO,72
20022596,138,222,171,2008,644269.0,99691951.0,0.9833639999999999,0.7687069999999999,MEX,TTO,72
20022597,138,222,171,2011,1026594.0,30315210.0,0.9534600000000001,0.706982,MEX,TTO,72
20022598,138,222,171,2009,2580869.0,16908440.0,1.061625,0.719234,MEX,TTO,72
20022599,138,222,171,2010,68081.0,3469810.0,1.132664,0.675756,MEX,TTO,72
20022600,138,222,171,2002,600523.0,40804830.0,0.942061,0.6311260000000001,MEX,TTO,72
20022601,149,222,171,2015,0.0,232349.0,1.6649060000000002,-0.49319799999999997,MSR,TTO,72
20022602,149,222,171,2007,0.0,472773.0,0.952257,-0.31153800000000004,MSR,TTO,72
20022603,149,222,171,2008,2238.0,677381.0,1.375073,-0.275475,MSR,TTO,72
20022604,149,222,171,2009,497.0,163620.0,1.163257,-0.332029,MSR,TTO,72
20022605,149,222,171,2010,0.0,29598.0,1.090694,-0.45702200000000004,MSR,TTO,72
20022606,149,222,171,2012,0.0,396980.0,1.338854,-0.098053,MSR,TTO,72
20022607,149,222,171,2013,0.0,258978.0,1.610652,0.079868,MSR,TTO,72
20022608,149,222,171,2014,0.0,442697.0,0.44890399999999997,-0.46028,MSR,TTO,72
20022609,149,222,171,2004,244.0,134853.0,0.736775,-0.001405,MSR,TTO,72
20022610,149,222,171,2005,0.0,417259.0,1.266377,-0.112167,MSR,TTO,72
20022611,149,222,171,2006,0.0,1265598.0,1.300664,-0.082954,MSR,TTO,72
20022612,149,222,171,2002,0.0,113687.0,1.4188209999999999,-0.087543,MSR,TTO,72
20022613,149,222,171,1999,0.0,228342.0,1.302936,0.055571,MSR,TTO,72
20022614,149,222,171,2000,0.0,58711.0,1.168349,-0.18726199999999998,MSR,TTO,72
20022615,149,222,171,2001,0.0,120018.0,0.796292,-0.431771,MSR,TTO,72
20022616,149,222,171,2003,0.0,320866.0,0.383768,-0.320867,MSR,TTO,72
20022617,149,222,171,2011,0.0,253245.0,1.2888760000000001,-0.207486,MSR,TTO,72
20022618,149,222,171,1998,0.0,115714.0,1.244182,-0.24840700000000002,MSR,TTO,72
20022619,149,222,171,1995,0.0,51230.0,0.197655,-0.6083890000000001,MSR,TTO,72
20022620,149,222,171,1996,0.0,44440.0,0.659518,-0.540708,MSR,TTO,72
20022621,149,222,171,1997,0.0,79207.0,0.841025,-0.44752299999999995,MSR,TTO,72
20022622,150,222,171,1995,0.0,4091023.0,0.68423,-0.22968200000000003,MTQ,TTO,72
20022623,151,222,171,2009,0.0,22788350.0,-0.198194,0.067014,MUS,TTO,72
20022624,151,222,171,2010,0.0,136346960.0,-0.173542,0.103727,MUS,TTO,72
20022625,151,222,171,2014,0.0,7406450.0,-0.029891,-0.12431099999999999,MUS,TTO,72
20022626,151,222,171,2011,0.0,3590443.0,-0.09464600000000001,0.091177,MUS,TTO,72
20022627,152,222,171,1998,0.0,207317.0,-1.436242,-1.278929,MWI,TTO,72
20022628,153,222,171,2008,4873.0,1759656.0,0.793395,0.6141939999999999,MYS,TTO,72
20022629,153,222,171,2016,178842.0,0.0,1.106894,0.7452840000000001,MYS,TTO,72
20022630,153,222,171,2014,98209.0,53369.0,1.018138,0.774649,MYS,TTO,72
20022631,153,222,171,2015,33321.0,29416.0,1.082803,0.811615,MYS,TTO,72
20022632,153,222,171,2011,0.0,271490.0,0.9893290000000001,0.632079,MYS,TTO,72
20022633,153,222,171,2013,385580.0,0.0,0.937641,0.747496,MYS,TTO,72
20022634,153,222,171,2019,0.0,14170.0,1.192967,0.730971,MYS,TTO,72
20022635,153,222,171,2017,22338.0,0.0,1.0110139999999999,0.6840729999999999,MYS,TTO,72
20022636,153,222,171,2010,31750.0,59576.0,0.9530780000000001,0.607456,MYS,TTO,72
20022637,153,222,171,2006,216087.0,0.0,0.7896569999999999,0.363625,MYS,TTO,72
20022638,153,222,171,2018,24430.0,0.0,1.122976,0.734109,MYS,TTO,72
20022639,153,222,171,2003,0.0,146110.0,0.728804,0.2168,MYS,TTO,72
20022640,153,222,171,2009,10464.0,12905.0,0.8718229999999999,0.607429,MYS,TTO,72
20022641,153,222,171,1998,13082.0,0.0,0.396826,0.203792,MYS,TTO,72
20022642,153,222,171,2020,0.0,122412.0,1.185223,0.573439,MYS,TTO,72
20022643,159,222,171,2008,0.0,18012.0,-1.9809139999999998,-1.189201,NGA,TTO,72
20022644,159,222,171,2003,0.0,818038.0,-1.859176,-1.234236,NGA,TTO,72
20022645,159,222,171,2006,0.0,2094.0,-2.094353,-1.215025,NGA,TTO,72
20022646,160,222,171,1999,0.0,140535.0,-0.677654,-0.72253,NIC,TTO,72
20022647,160,222,171,2012,0.0,8314532.0,-0.754724,-0.668629,NIC,TTO,72
20022648,160,222,171,2014,0.0,5688481.0,-0.938269,-0.839066,NIC,TTO,72
20022649,160,222,171,2015,0.0,71083.0,-1.102989,-0.952276,NIC,TTO,72
20022650,160,222,171,2006,0.0,1107638.0,-0.998825,-0.893867,NIC,TTO,72
20022651,160,222,171,2013,0.0,18174486.0,-0.9277,-0.6842630000000001,NIC,TTO,72
20022652,160,222,171,2008,0.0,6261256.0,-0.869193,-0.676623,NIC,TTO,72
20022653,160,222,171,1997,0.0,2343904.0,-0.8090109999999999,-0.783853,NIC,TTO,72
20022654,160,222,171,1998,0.0,1435620.0,-0.8012199999999999,-0.749159,NIC,TTO,72
20022655,160,222,171,2005,0.0,1602968.0,-1.038332,-0.922797,NIC,TTO,72
20022656,160,222,171,2007,0.0,8306948.0,-0.924162,-0.857508,NIC,TTO,72
20022657,160,222,171,2010,0.0,4164105.0,-0.9387409999999999,-0.8119569999999999,NIC,TTO,72
20022658,160,222,171,2009,0.0,857790.0,-0.924057,-0.809557,NIC,TTO,72
20022659,160,222,171,1995,0.0,1176666.0,-0.395096,-0.559934,NIC,TTO,72
20022660,160,222,171,1996,0.0,2533851.0,-0.767799,-0.737816,NIC,TTO,72
20022661,160,222,171,2011,0.0,12278016.0,-0.9592139999999999,-0.796108,NIC,TTO,72
20022662,162,222,171,1995,848357.0,12402.0,1.304391,1.8819119999999998,NLD,TTO,72
20022663,162,222,171,1996,1220019.0,136344.0,1.256625,1.803132,NLD,TTO,72
20022664,162,222,171,1997,1943391.0,166914.0,1.267794,1.727888,NLD,TTO,72
20022665,162,222,171,1998,913732.0,13324.0,1.248469,1.683182,NLD,TTO,72
20022666,162,222,171,1999,971560.0,8615.0,1.308776,1.574293,NLD,TTO,72
20022667,162,222,171,2000,1084682.0,28576.0,1.283291,1.58901,NLD,TTO,72
20022668,162,222,171,2001,782691.0,5680.0,1.315685,1.590935,NLD,TTO,72
20022669,162,222,171,2002,1135659.0,0.0,1.206176,1.7136360000000002,NLD,TTO,72
20022670,162,222,171,2003,837345.0,15508.0,1.168453,1.7085709999999998,NLD,TTO,72
20022671,162,222,171,2004,1752741.0,381999.0,1.251808,1.586526,NLD,TTO,72
20022672,162,222,171,2005,5932560.0,71688.0,1.143533,1.614774,NLD,TTO,72
20022673,162,222,171,2006,2949163.0,823149.0,1.192134,1.450852,NLD,TTO,72
20022674,162,222,171,2008,4933436.0,719955.0,1.139475,1.385316,NLD,TTO,72
20022675,162,222,171,2009,3873349.0,292625.0,1.1914850000000001,1.3076780000000001,NLD,TTO,72
20022676,162,222,171,2010,5528554.0,649426.0,1.237998,1.1891209999999999,NLD,TTO,72
20022677,162,222,171,2011,6237751.0,269743.0,1.1655229999999999,1.410167,NLD,TTO,72
20022678,162,222,171,2012,4153462.0,512958.0,1.124582,1.374002,NLD,TTO,72
20022679,162,222,171,2013,2182961.0,511455.0,1.184107,1.249557,NLD,TTO,72
20022680,162,222,171,2014,2651007.0,21454.0,1.179325,1.355071,NLD,TTO,72
20022681,162,222,171,2015,1397792.0,47564.0,1.230104,1.27344,NLD,TTO,72
20022682,162,222,171,2016,1502957.0,137768.0,1.157361,1.5188540000000001,NLD,TTO,72
20022683,162,222,171,2017,20817.0,534764.0,1.146959,1.470869,NLD,TTO,72
20022684,162,222,171,2018,9947.0,110242.0,1.1478899999999999,1.454758,NLD,TTO,72
20022685,162,222,171,2019,7542.0,17330.0,1.145044,1.3523530000000001,NLD,TTO,72
20022686,162,222,171,2020,19308.0,193510.0,1.035951,1.559401,NLD,TTO,72
20022687,162,222,171,2007,4078773.0,221912.0,1.089169,1.589641,NLD,TTO,72
20022688,163,222,171,1997,7641.0,0.0,1.003945,0.188826,NOR,TTO,72
20022689,163,222,171,1998,10700.0,0.0,1.1660190000000001,0.43901899999999994,NOR,TTO,72
20022690,163,222,171,2019,3200.0,0.0,0.6957300000000001,0.181607,NOR,TTO,72
20022691,163,222,171,2018,1078.0,0.0,0.681639,0.021762,NOR,TTO,72
20022692,163,222,171,2017,1320.0,0.0,0.73658,0.11450199999999999,NOR,TTO,72
20022693,163,222,171,2008,21730.0,0.0,0.911428,-0.019318000000000002,NOR,TTO,72
20022694,163,222,171,2013,7414.0,0.0,0.892099,0.18168399999999998,NOR,TTO,72
20022695,163,222,171,2014,0.0,1268.0,0.9187049999999999,0.182685,NOR,TTO,72
20022696,163,222,171,2011,27919.0,0.0,0.8492770000000001,0.050044,NOR,TTO,72
20022697,163,222,171,2006,0.0,279.0,1.0787930000000001,0.014051,NOR,TTO,72
20022698,166,222,171,2005,35343.0,0.0,0.623822,0.825528,NZL,TTO,72
20022699,166,222,171,2006,68789.0,0.0,0.5371,0.8240209999999999,NZL,TTO,72
20022700,166,222,171,2007,67485.0,0.0,0.495938,0.845825,NZL,TTO,72
20022701,166,222,171,2008,206925.0,0.0,0.513416,0.753058,NZL,TTO,72
20022702,166,222,171,2009,86056.0,0.0,0.38301999999999997,0.720644,NZL,TTO,72
20022703,166,222,171,2010,64151.0,0.0,0.36828299999999997,0.574574,NZL,TTO,72
20022704,166,222,171,2011,137118.0,0.0,0.372732,0.548601,NZL,TTO,72
20022705,166,222,171,2012,183862.0,0.0,0.410575,0.714584,NZL,TTO,72
20022706,166,222,171,2013,33281.0,0.0,0.3345,0.39063000000000003,NZL,TTO,72
20022707,166,222,171,2014,32661.0,0.0,0.272502,0.21628699999999998,NZL,TTO,72
20022708,166,222,171,2016,286634.0,0.0,0.236556,0.252918,NZL,TTO,72
20022709,166,222,171,2018,126376.0,0.0,0.21902600000000003,0.148714,NZL,TTO,72
20022710,166,222,171,2019,1043654.0,0.0,0.119281,0.039036,NZL,TTO,72
20022711,166,222,171,2020,353695.0,0.0,0.145567,0.070121,NZL,TTO,72
20022712,168,222,171,2015,2356795.0,590305.0,-0.7059979999999999,0.73501,PAK,TTO,72
20022713,168,222,171,2017,1960608.0,529861.0,-0.698561,0.43523500000000004,PAK,TTO,72
20022714,168,222,171,2009,0.0,70748.0,-0.514907,0.44733100000000003,PAK,TTO,72
20022715,168,222,171,2011,0.0,37575.0,-0.729677,0.6026729999999999,PAK,TTO,72
20022716,168,222,171,2019,5383752.0,759687.0,-0.6909270000000001,0.8651120000000001,PAK,TTO,72
20022717,168,222,171,2020,545966.0,919391.0,-0.52984,0.63654,PAK,TTO,72
20022718,168,222,171,2007,0.0,3178.0,-0.5594359999999999,0.47369300000000003,PAK,TTO,72
20022719,168,222,171,2010,0.0,40078.0,-0.692071,0.5409010000000001,PAK,TTO,72
20022720,168,222,171,2012,158744.0,103574.0,-0.633706,0.658617,PAK,TTO,72
20022721,168,222,171,2013,523135.0,239161.0,-0.75727,0.769703,PAK,TTO,72
20022722,168,222,171,2014,3415756.0,518837.0,-0.672924,0.566787,PAK,TTO,72
20022723,168,222,171,2016,1003675.0,303896.0,-0.7502800000000001,0.545331,PAK,TTO,72
20022724,168,222,171,2018,1494262.0,932462.0,-0.64348,0.665045,PAK,TTO,72
20022725,168,222,171,1997,11944.0,0.0,-0.882432,-0.563344,PAK,TTO,72
20022726,169,222,171,2010,26628.0,0.0,0.617867,0.903432,PAN,TTO,72
20022727,169,222,171,2011,10525.0,3964943.0,0.786135,1.061008,PAN,TTO,72
20022728,169,222,171,2013,52457.0,7265496.0,0.735637,1.161718,PAN,TTO,72
20022729,169,222,171,2016,76426.0,0.0,0.58773,0.654145,PAN,TTO,72
20022730,169,222,171,2004,0.0,1912810.0,-0.011979,0.261315,PAN,TTO,72
20022731,169,222,171,2005,0.0,3282.0,-0.166943,0.212196,PAN,TTO,72
20022732,169,222,171,1995,0.0,302200.0,-0.019815,0.050906,PAN,TTO,72
20022733,169,222,171,1996,0.0,251026.0,-0.100537,-0.374129,PAN,TTO,72
20022734,169,222,171,1997,0.0,5699.0,-0.028676999999999998,0.00023999999999999998,PAN,TTO,72
20022735,169,222,171,2001,0.0,1209.0,0.17588199999999998,0.422505,PAN,TTO,72
20022736,169,222,171,2003,0.0,1269307.0,-0.050386,-0.039619999999999995,PAN,TTO,72
20022737,169,222,171,2006,10964.0,3175940.0,0.306664,0.638533,PAN,TTO,72
20022738,169,222,171,2007,178074.0,7637501.0,0.36233899999999997,0.807669,PAN,TTO,72
20022739,169,222,171,2008,744254.0,6334053.0,0.470854,0.960075,PAN,TTO,72
20022740,169,222,171,2009,5670.0,996910.0,0.629137,0.5894010000000001,PAN,TTO,72
20022741,169,222,171,2012,71231.0,950466.0,0.901366,1.245179,PAN,TTO,72
20022742,169,222,171,2014,107941.0,980299.0,0.771742,0.9873190000000001,PAN,TTO,72
20022743,169,222,171,2015,277136.0,0.0,0.642058,0.833392,PAN,TTO,72
20022744,169,222,171,2017,82484.0,0.0,0.5520109999999999,0.788181,PAN,TTO,72
20022745,173,222,171,1998,0.0,2565232.0,-0.35875300000000004,0.042606,PER,TTO,72
20022746,173,222,171,2000,0.0,6879616.0,-0.297619,0.194724,PER,TTO,72
20022747,173,222,171,2008,0.0,10251012.0,-0.518126,0.17193599999999998,PER,TTO,72
20022748,173,222,171,2009,0.0,2539885.0,-0.53304,0.221183,PER,TTO,72
20022749,173,222,171,2010,47907.0,20254334.0,-0.650327,0.162321,PER,TTO,72
20022750,173,222,171,2019,13793.0,0.0,-0.76944,-0.216619,PER,TTO,72
20022751,173,222,171,2020,5192.0,0.0,-0.717014,-0.152142,PER,TTO,72
20022752,173,222,171,2004,0.0,8608221.0,-0.564244,0.131232,PER,TTO,72
20022753,173,222,171,2005,4139.0,9758348.0,-0.518174,0.171262,PER,TTO,72
20022754,173,222,171,2006,0.0,522403.0,-0.551095,0.044295,PER,TTO,72
20022755,173,222,171,2007,0.0,14242412.0,-0.49716099999999996,0.02556,PER,TTO,72
20022756,173,222,171,2011,26563.0,40398569.0,-0.455977,0.442543,PER,TTO,72
20022757,173,222,171,2012,142290.0,45626605.0,-0.444821,0.555188,PER,TTO,72
20022758,173,222,171,2013,382419.0,37383543.0,-0.573852,0.357977,PER,TTO,72
20022759,173,222,171,2014,1016553.0,14552430.0,-0.557833,0.611826,PER,TTO,72
20022760,173,222,171,2015,475262.0,7782980.0,-0.6007819999999999,0.32152800000000004,PER,TTO,72
20022761,173,222,171,2016,16077.0,0.0,-0.717529,0.007845999999999999,PER,TTO,72
20022762,173,222,171,2017,8843.0,0.0,-0.667658,-0.318344,PER,TTO,72
20022763,173,222,171,1995,0.0,5352792.0,-0.263859,-0.21032800000000001,PER,TTO,72
20022764,173,222,171,1996,0.0,2263184.0,-0.43761000000000005,-0.28077399999999997,PER,TTO,72
20022765,173,222,171,1999,0.0,391534.0,-0.367489,0.11813399999999999,PER,TTO,72
20022766,173,222,171,2001,0.0,5001993.0,-0.345519,0.202623,PER,TTO,72
20022767,173,222,171,2002,0.0,4974105.0,-0.6126199999999999,0.085944,PER,TTO,72
20022768,173,222,171,2003,0.0,9999074.0,-0.48627,0.371354,PER,TTO,72
20022769,173,222,171,1997,0.0,3408430.0,-0.5023880000000001,-0.262563,PER,TTO,72
20022770,177,222,171,2004,3180208.0,0.0,1.019341,1.519452,POL,TTO,72
20022771,177,222,171,2005,2943296.0,0.0,0.9564299999999999,1.559385,POL,TTO,72
20022772,177,222,171,2006,2377637.0,0.0,0.991927,1.474418,POL,TTO,72
20022773,177,222,171,2007,511254.0,0.0,1.0412139999999999,1.309641,POL,TTO,72
20022774,177,222,171,2011,2804.0,0.0,1.133641,1.134203,POL,TTO,72
20022775,177,222,171,2000,1056612.0,0.0,0.862983,1.8683400000000001,POL,TTO,72
20022776,177,222,171,2015,4344.0,0.0,1.145844,1.1449280000000002,POL,TTO,72
20022777,177,222,171,2008,51361.0,971528.0,1.037287,1.244457,POL,TTO,72
20022778,177,222,171,2010,118290.0,0.0,1.083552,1.1433719999999998,POL,TTO,72
20022779,177,222,171,2009,477610.0,0.0,1.11055,1.069074,POL,TTO,72
20022780,177,222,171,1995,359305.0,0.0,0.76393,1.802648,POL,TTO,72
20022781,177,222,171,1998,1045734.0,0.0,0.8638309999999999,1.8881299999999999,POL,TTO,72
20022782,177,222,171,1999,1072655.0,0.0,0.8512700000000001,1.8975229999999998,POL,TTO,72
20022783,177,222,171,2002,1720404.0,0.0,0.931642,1.721727,POL,TTO,72
20022784,177,222,171,2003,2822175.0,452281.0,0.966622,1.664838,POL,TTO,72
20022785,177,222,171,1997,1310500.0,0.0,0.805559,1.9598520000000001,POL,TTO,72
20022786,177,222,171,2001,1366066.0,0.0,0.9474540000000001,1.8408220000000002,POL,TTO,72
20022787,177,222,171,1996,847811.0,0.0,0.795489,1.9004729999999999,POL,TTO,72
20022788,178,222,171,2008,18466.0,227388.0,0.6970609999999999,0.88018,PRK,TTO,72
20022789,178,222,171,2007,81405.0,33941.0,0.799712,0.8789370000000001,PRK,TTO,72
20022790,178,222,171,2010,0.0,121619.0,0.348511,0.466229,PRK,TTO,72
20022791,178,222,171,2011,0.0,8545.0,-0.024317,-0.154781,PRK,TTO,72
20022792,178,222,171,2012,25014.0,32585.0,-0.120826,0.131138,PRK,TTO,72
20022793,178,222,171,2009,32243.0,55036.0,0.608089,0.709831,PRK,TTO,72
20022794,178,222,171,1999,1327.0,0.0,0.536814,0.980433,PRK,TTO,72
20022795,178,222,171,2000,1226945.0,0.0,0.786946,1.0068290000000002,PRK,TTO,72
20022796,178,222,171,2004,300679.0,0.0,0.578991,0.781518,PRK,TTO,72
20022797,178,222,171,2005,4092.0,0.0,0.712403,0.8739520000000001,PRK,TTO,72
20022798,178,222,171,2006,36067.0,0.0,0.548754,0.763313,PRK,TTO,72
20022799,178,222,171,2002,776946.0,0.0,0.43756999999999996,0.744264,PRK,TTO,72
20022800,178,222,171,2003,3192.0,0.0,0.7060420000000001,0.7718,PRK,TTO,72
20022801,179,222,171,1998,0.0,1342198.0,0.39771999999999996,1.303603,PRT,TTO,72
20022802,179,222,171,2008,20882.0,0.0,0.64135,2.1946939999999997,PRT,TTO,72
20022803,179,222,171,2013,14210.0,0.0,0.541454,2.5228610000000002,PRT,TTO,72
20022804,179,222,171,2014,26830.0,0.0,0.621053,2.349644,PRT,TTO,72
20022805,179,222,171,2001,0.0,324472.0,0.482048,1.662123,PRT,TTO,72
20022806,183,222,171,2005,0.0,3749128.0,0.2381,-1.0287979999999999,QAT,TTO,72
20022807,183,222,171,2003,0.0,3934290.0,-0.209042,-1.0565799999999999,QAT,TTO,72
20022808,183,222,171,2004,0.0,10337432.0,0.21713400000000002,-1.031806,QAT,TTO,72
20022809,185,222,171,2001,755659.0,0.0,0.326733,1.005332,ROU,TTO,72
20022810,185,222,171,2007,4767.0,0.0,0.69445,1.223747,ROU,TTO,72
20022811,185,222,171,2011,1956.0,0.0,0.722,1.296655,ROU,TTO,72
20022812,185,222,171,2003,5526.0,0.0,0.378379,1.0064620000000002,ROU,TTO,72
20022813,185,222,171,2004,17899.0,0.0,0.37241599999999997,1.015865,ROU,TTO,72
20022814,185,222,171,2010,1313.0,0.0,0.6483760000000001,1.200256,ROU,TTO,72
20022815,185,222,171,2002,1256976.0,0.0,0.29888200000000004,0.980376,ROU,TTO,72
20022816,185,222,171,1999,508721.0,0.0,0.253874,0.8322709999999999,ROU,TTO,72
20022817,185,222,171,2000,215611.0,0.0,0.39034,0.84193,ROU,TTO,72
20022818,186,222,171,2004,10821453.0,0.0,0.8952399999999999,0.172896,RUS,TTO,72
20022819,186,222,171,2005,6316582.0,0.0,0.901675,0.061595000000000004,RUS,TTO,72
20022820,186,222,171,1996,18163.0,0.0,0.900185,0.47723000000000004,RUS,TTO,72
20022821,186,222,171,1997,159233.0,0.0,0.87377,0.423861,RUS,TTO,72
20022822,186,222,171,1998,2639015.0,0.0,0.93909,0.59719,RUS,TTO,72
20022823,186,222,171,1999,1500535.0,0.0,0.903308,0.590858,RUS,TTO,72
20022824,186,222,171,2000,4959994.0,0.0,0.976274,0.42859200000000003,RUS,TTO,72
20022825,186,222,171,2001,2788965.0,0.0,0.945816,0.35027600000000003,RUS,TTO,72
20022826,186,222,171,2002,3924875.0,0.0,1.109397,0.424229,RUS,TTO,72
20022827,186,222,171,2003,3952894.0,0.0,1.072729,0.338355,RUS,TTO,72
20022828,186,222,171,2008,533783.0,0.0,0.559059,-0.00886,RUS,TTO,72
20022829,186,222,171,2009,922680.0,0.0,0.392478,-0.20038399999999998,RUS,TTO,72
20022830,186,222,171,2012,1803640.0,0.0,0.20625500000000002,-0.196697,RUS,TTO,72
20022831,186,222,171,2013,1999322.0,0.0,0.481166,-0.180052,RUS,TTO,72
20022832,186,222,171,2015,1151772.0,0.0,0.23119,0.035965,RUS,TTO,72
20022833,186,222,171,2010,2374371.0,0.0,0.583996,-0.223881,RUS,TTO,72
20022834,186,222,171,2011,725106.0,0.0,0.47319399999999995,-0.20801599999999998,RUS,TTO,72
20022835,186,222,171,2006,2089278.0,0.0,0.801197,0.104683,RUS,TTO,72
20022836,186,222,171,2007,2442502.0,0.0,0.5576399999999999,-0.05382000000000001,RUS,TTO,72
20022837,186,222,171,2014,1955767.0,0.0,0.229422,-0.214856,RUS,TTO,72
20022838,186,222,171,1995,481111.0,0.0,0.364437,0.171494,RUS,TTO,72
20022839,188,222,171,2013,0.0,4846.0,0.626347,-0.844406,SAU,TTO,72
20022840,188,222,171,2012,0.0,1955.0,0.42235200000000006,-0.818584,SAU,TTO,72
20022841,188,222,171,2014,0.0,46060.0,0.5758439999999999,-0.832692,SAU,TTO,72
20022842,188,222,171,2015,0.0,14045.0,0.5552520000000001,-0.7263229999999999,SAU,TTO,72
20022843,188,222,171,2009,244248.0,180682.0,0.300581,-0.813199,SAU,TTO,72
20022844,188,222,171,2010,0.0,24308.0,0.46696400000000005,-0.7487520000000001,SAU,TTO,72
20022845,189,222,171,2004,4175927.0,0.0,0.628071,2.210424,SCG,TTO,72
20022846,189,222,171,2005,804710.0,0.0,0.560725,1.62105,SCG,TTO,72
20022847,191,222,171,2008,0.0,5363654.0,-0.478024,-0.313199,SEN,TTO,72
20022848,191,222,171,2003,0.0,3327080.0,-0.25203600000000004,-0.25549299999999997,SEN,TTO,72
20022849,192,222,171,2001,6225.0,0.0,1.364239,0.721074,SGP,TTO,72
20022850,192,222,171,2011,0.0,2157.0,1.849116,0.52127,SGP,TTO,72
20022851,192,222,171,2014,0.0,285921.0,1.867492,0.626736,SGP,TTO,72
20022852,192,222,171,2012,0.0,148649.0,1.685959,0.5900989999999999,SGP,TTO,72
20022853,192,222,171,2013,0.0,1136136.0,1.915504,0.619576,SGP,TTO,72
20022854,192,222,171,2015,2339.0,81626.0,2.05613,0.593065,SGP,TTO,72
20022855,192,222,171,2005,0.0,7183.0,1.601677,0.49930399999999997,SGP,TTO,72
20022856,192,222,171,2008,108318.0,1449317.0,1.844543,0.5947020000000001,SGP,TTO,72
20022857,192,222,171,2009,0.0,512539.0,1.9503540000000001,0.498033,SGP,TTO,72
20022858,192,222,171,2010,0.0,95664.0,1.8441349999999999,0.570311,SGP,TTO,72
20022859,192,222,171,2019,1379.0,0.0,2.0264599999999997,0.665506,SGP,TTO,72
20022860,192,222,171,2006,0.0,6154.0,1.5377379999999998,0.503089,SGP,TTO,72
20022861,192,222,171,1995,0.0,793736.0,0.747684,0.4745,SGP,TTO,72
20022862,192,222,171,1996,8957.0,0.0,0.8354299999999999,0.41169799999999995,SGP,TTO,72
20022863,192,222,171,2004,1226.0,3108.0,1.6409779999999998,0.634947,SGP,TTO,72
20022864,192,222,171,2007,1505.0,137714.0,1.608299,0.545791,SGP,TTO,72
20022865,196,222,171,1996,206475.0,0.0,0.208166,-0.386648,SLE,TTO,72
20022866,197,222,171,2013,441585.0,28801159.0,-0.021029,0.381522,SLV,TTO,72
20022867,197,222,171,2014,401164.0,10783928.0,0.08653999999999999,0.29088600000000003,SLV,TTO,72
20022868,197,222,171,2015,415071.0,0.0,0.05531900000000001,0.169073,SLV,TTO,72
20022869,197,222,171,2016,250148.0,9341.0,0.10397999999999999,0.25556599999999996,SLV,TTO,72
20022870,197,222,171,2017,322508.0,0.0,0.113639,0.23175199999999999,SLV,TTO,72
20022871,197,222,171,2018,492294.0,0.0,0.073928,0.22548600000000002,SLV,TTO,72
20022872,197,222,171,2019,979505.0,0.0,0.014037,0.23216599999999998,SLV,TTO,72
20022873,197,222,171,2004,0.0,790908.0,-0.20529499999999998,0.1116,SLV,TTO,72
20022874,197,222,171,2010,0.0,3386825.0,-0.101434,0.132639,SLV,TTO,72
20022875,197,222,171,2007,0.0,14573120.0,-0.110573,0.184426,SLV,TTO,72
20022876,197,222,171,2012,159214.0,7852906.0,0.027747000000000004,0.19003399999999998,SLV,TTO,72
20022877,197,222,171,1997,0.0,1298803.0,-0.09174500000000001,-0.034391000000000005,SLV,TTO,72
20022878,197,222,171,1999,0.0,129118.0,-0.263572,-0.121576,SLV,TTO,72
20022879,197,222,171,2006,0.0,637490.0,-0.135312,0.140874,SLV,TTO,72
20022880,197,222,171,2008,0.0,11864634.0,-0.028986,0.369501,SLV,TTO,72
20022881,197,222,171,2011,0.0,16373817.0,-0.09713200000000001,0.20772600000000002,SLV,TTO,72
20022882,197,222,171,2020,871746.0,0.0,-0.003327,0.18823399999999998,SLV,TTO,72
20022883,197,222,171,1995,0.0,1252257.0,-0.17119600000000001,0.027889999999999998,SLV,TTO,72
20022884,197,222,171,1998,0.0,1110632.0,-0.202965,-0.000499,SLV,TTO,72
20022885,197,222,171,1996,0.0,1804579.0,-0.24968800000000002,-0.121995,SLV,TTO,72
20022886,201,222,171,2006,26330.0,0.0,0.547824,1.5588879999999998,SRB,TTO,72
20022887,201,222,171,2008,355899.0,0.0,0.615147,1.484149,SRB,TTO,72
20022888,201,222,171,2010,2834.0,0.0,0.561161,1.33974,SRB,TTO,72
20022889,201,222,171,2007,223615.0,0.0,0.579288,1.464123,SRB,TTO,72
20022890,205,222,171,1995,0.0,121066.0,-0.75729,-0.8253459999999999,SUR,TTO,72
20022891,205,222,171,2007,0.0,8162272.0,-0.8506440000000001,-0.8898959999999999,SUR,TTO,72
20022892,205,222,171,2009,0.0,2577482.0,-0.580507,-1.072833,SUR,TTO,72
20022893,205,222,171,2010,0.0,4171303.0,-0.5734560000000001,-0.936167,SUR,TTO,72
20022894,205,222,171,2011,0.0,2299003.0,-0.504897,-0.835426,SUR,TTO,72
20022895,205,222,171,2012,16802.0,2223598.0,-0.45644300000000004,-0.783343,SUR,TTO,72
20022896,205,222,171,2013,0.0,2128241.0,-0.417865,-0.7600399999999999,SUR,TTO,72
20022897,205,222,171,2014,0.0,2609906.0,-0.6333989999999999,-0.857643,SUR,TTO,72
20022898,205,222,171,2015,0.0,484153.0,-0.570361,-1.005072,SUR,TTO,72
20022899,205,222,171,1996,3524.0,48423.0,-0.93463,-0.797197,SUR,TTO,72
20022900,205,222,171,1999,0.0,530588.0,-0.799447,-0.85055,SUR,TTO,72
20022901,205,222,171,2016,0.0,68569.0,-0.7823869999999999,-1.060347,SUR,TTO,72
20022902,205,222,171,2017,0.0,23530.0,-0.596432,-1.0249700000000002,SUR,TTO,72
20022903,205,222,171,2001,0.0,445053.0,-0.650556,-0.801128,SUR,TTO,72
20022904,205,222,171,2002,0.0,367492.0,-0.9120030000000001,-0.8871020000000001,SUR,TTO,72
20022905,205,222,171,2003,0.0,1336289.0,-0.896925,-0.88623,SUR,TTO,72
20022906,205,222,171,2004,0.0,5243824.0,-0.991433,-0.926657,SUR,TTO,72
20022907,205,222,171,2005,0.0,4608074.0,-0.571864,-0.851351,SUR,TTO,72
20022908,205,222,171,2008,0.0,12461626.0,-0.766178,-0.8888,SUR,TTO,72
20022909,205,222,171,2018,0.0,58202.0,-0.798074,-1.023046,SUR,TTO,72
20022910,205,222,171,2006,0.0,5637841.0,-0.754046,-0.872361,SUR,TTO,72
20022911,205,222,171,2000,0.0,340443.0,-0.623625,-0.793325,SUR,TTO,72
20022912,205,222,171,1997,15029.0,351796.0,-0.806946,-0.83919,SUR,TTO,72
20022913,205,222,171,1998,0.0,800304.0,-0.9914540000000001,-0.893913,SUR,TTO,72
20022914,206,222,171,2008,507796.0,0.0,1.3402040000000002,0.8038770000000001,SVK,TTO,72
20022915,206,222,171,1997,2106680.0,0.0,1.200699,1.318346,SVK,TTO,72
20022916,206,222,171,2005,1433852.0,0.0,1.250608,0.9054639999999999,SVK,TTO,72
20022917,206,222,171,1995,1174190.0,0.0,1.2249780000000001,1.405585,SVK,TTO,72
20022918,206,222,171,2006,307712.0,0.0,1.291583,0.868317,SVK,TTO,72
20022919,206,222,171,2009,128633.0,0.0,1.231382,0.820968,SVK,TTO,72
20022920,206,222,171,1996,869321.0,0.0,1.189398,1.29167,SVK,TTO,72
20022921,206,222,171,1998,466992.0,0.0,1.202453,1.228204,SVK,TTO,72
20022922,206,222,171,1999,377708.0,0.0,1.133942,1.105742,SVK,TTO,72
20022923,206,222,171,2000,233580.0,0.0,1.228151,1.112002,SVK,TTO,72
20022924,206,222,171,2001,383178.0,0.0,1.1732770000000001,1.088576,SVK,TTO,72
20022925,206,222,171,2002,301514.0,0.0,1.1907379999999999,1.050649,SVK,TTO,72
20022926,206,222,171,2003,276166.0,0.0,1.22565,0.915518,SVK,TTO,72
20022927,206,222,171,2004,393841.0,0.0,1.2375120000000002,0.8777889999999999,SVK,TTO,72
20022928,208,222,171,2005,450655.0,2815437.0,1.902796,0.84031,SWE,TTO,72
20022929,208,222,171,2002,1139796.0,0.0,2.128614,0.7891199999999999,SWE,TTO,72
20022930,208,222,171,2003,485250.0,1283072.0,2.099224,0.799982,SWE,TTO,72
20022931,208,222,171,2004,581199.0,0.0,2.0522080000000003,0.8326969999999999,SWE,TTO,72
20022932,208,222,171,2006,12831.0,0.0,1.902737,0.593294,SWE,TTO,72
20022933,208,222,171,2008,5088.0,0.0,1.866575,0.44342700000000007,SWE,TTO,72
20022934,208,222,171,1996,2472842.0,0.0,2.133781,0.9099889999999999,SWE,TTO,72
20022935,208,222,171,1997,1862501.0,0.0,2.120182,0.993078,SWE,TTO,72
20022936,208,222,171,1998,880649.0,0.0,2.134076,0.9259729999999999,SWE,TTO,72
20022937,208,222,171,1999,2285440.0,0.0,2.1456720000000002,0.856556,SWE,TTO,72
20022938,208,222,171,2000,639357.0,0.0,2.168823,0.839417,SWE,TTO,72
20022939,208,222,171,2001,1175094.0,0.0,2.156845,0.784439,SWE,TTO,72
20022940,208,222,171,2007,1258.0,0.0,1.927244,0.498241,SWE,TTO,72
20022941,208,222,171,2009,8479.0,0.0,1.877821,0.336565,SWE,TTO,72
20022942,208,222,171,2010,52316.0,0.0,1.882239,0.397927,SWE,TTO,72
20022943,208,222,171,2012,43975.0,0.0,1.78062,0.269041,SWE,TTO,72
20022944,208,222,171,2013,8324.0,0.0,1.869421,0.228109,SWE,TTO,72
20022945,208,222,171,2014,5027.0,0.0,1.817752,0.558474,SWE,TTO,72
20022946,208,222,171,2015,17666.0,0.0,1.8068349999999997,0.693389,SWE,TTO,72
20022947,208,222,171,2018,4378.0,0.0,1.76361,0.766904,SWE,TTO,72
20022948,208,222,171,2019,36926.0,0.0,1.781148,0.742037,SWE,TTO,72
20022949,208,222,171,1995,2473308.0,1575836.0,2.246997,1.060171,SWE,TTO,72
20022950,209,222,171,2011,223629.0,1470648.0,0.169986,-0.078842,SWZ,TTO,72
20022951,210,222,171,2015,0.0,1007.0,0.945973,-0.7548229999999999,SXM,TTO,72
20022952,213,222,171,2001,0.0,1796.0,0.433253,-0.23213000000000003,TCA,TTO,72
20022953,213,222,171,2000,0.0,1520.0,0.8450059999999999,-0.064875,TCA,TTO,72
20022954,213,222,171,2004,0.0,54305.0,0.51858,-0.030114,TCA,TTO,72
20022955,215,222,171,2008,0.0,2048678.0,-0.5025689999999999,-0.747621,TGO,TTO,72
20022956,215,222,171,2009,0.0,1087631.0,-0.561619,-0.759929,TGO,TTO,72
20022957,215,222,171,1997,0.0,12497.0,-0.974678,-0.8150350000000001,TGO,TTO,72
20022958,216,222,171,2003,44978.0,0.0,0.43010699999999996,1.607408,THA,TTO,72
20022959,216,222,171,2012,985.0,10206367.0,0.910957,1.294243,THA,TTO,72
20022960,216,222,171,2013,1553.0,8024739.0,0.8752139999999999,1.3798620000000001,THA,TTO,72
20022961,216,222,171,2014,0.0,13867416.0,0.977094,1.41283,THA,TTO,72
20022962,216,222,171,2015,29521.0,3630533.0,0.965888,1.368572,THA,TTO,72
20022963,216,222,171,2016,1426.0,2984119.0,1.022065,1.428082,THA,TTO,72
20022964,216,222,171,2017,5455.0,6242454.0,0.983977,1.3926020000000001,THA,TTO,72
20022965,216,222,171,2018,71985.0,16841890.0,1.053177,1.4084969999999999,THA,TTO,72
20022966,216,222,171,2005,0.0,1203448.0,0.552846,1.664665,THA,TTO,72
20022967,216,222,171,2006,1094936.0,806938.0,0.568209,1.685343,THA,TTO,72
20022968,216,222,171,2007,1017226.0,649959.0,0.711328,1.411114,THA,TTO,72
20022969,216,222,171,2009,1591.0,357851.0,0.79692,1.315501,THA,TTO,72
20022970,216,222,171,2010,505026.0,937827.0,0.748328,1.425224,THA,TTO,72
20022971,216,222,171,2004,76837.0,294161.0,0.5150359999999999,1.583019,THA,TTO,72
20022972,216,222,171,2008,119258.0,4215182.0,0.7531399999999999,1.4420620000000002,THA,TTO,72
20022973,216,222,171,2011,1547.0,5460790.0,0.889009,1.503118,THA,TTO,72
20022974,216,222,171,2019,128443.0,14454518.0,0.9744229999999999,1.401199,THA,TTO,72
20022975,216,222,171,2020,0.0,10569876.0,1.035524,1.2777180000000001,THA,TTO,72
20022976,223,222,171,1995,0.0,5805.0,-0.253792,-0.044331,TUN,TTO,72
20022977,224,222,171,2017,34232867.0,0.0,0.541611,2.405872,TUR,TTO,72
20022978,224,222,171,2018,55742418.0,0.0,0.518721,2.5581419999999997,TUR,TTO,72
20022979,224,222,171,2011,13681994.0,0.0,0.45775,2.4316259999999996,TUR,TTO,72
20022980,224,222,171,2012,19996313.0,5170624.0,0.507184,2.259161,TUR,TTO,72
20022981,224,222,171,2007,2870981.0,0.0,0.41396700000000003,2.0339869999999998,TUR,TTO,72
20022982,224,222,171,2005,201376.0,0.0,0.226487,2.210279,TUR,TTO,72
20022983,224,222,171,2009,9161496.0,0.0,0.384596,2.3797610000000002,TUR,TTO,72
20022984,224,222,171,2010,14182031.0,6070.0,0.359977,2.471173,TUR,TTO,72
20022985,224,222,171,2019,47405367.0,0.0,0.569408,2.364546,TUR,TTO,72
20022986,224,222,171,2020,40247539.0,52216.0,0.590472,2.619866,TUR,TTO,72
20022987,224,222,171,2014,36008810.0,0.0,0.554761,2.385693,TUR,TTO,72
20022988,224,222,171,2015,21155635.0,0.0,0.438669,2.519632,TUR,TTO,72
20022989,224,222,171,2016,18274776.0,0.0,0.45364799999999994,2.478837,TUR,TTO,72
20022990,224,222,171,1997,369293.0,0.0,0.167734,1.5827870000000002,TUR,TTO,72
20022991,224,222,171,1998,2256365.0,0.0,0.085286,1.653589,TUR,TTO,72
20022992,224,222,171,1999,547161.0,0.0,0.044692,1.745755,TUR,TTO,72
20022993,224,222,171,2000,250713.0,0.0,0.191299,1.9761529999999998,TUR,TTO,72
20022994,224,222,171,2001,1160932.0,0.0,0.188773,1.91451,TUR,TTO,72
20022995,224,222,171,2008,7843051.0,0.0,0.44478,2.186881,TUR,TTO,72
20022996,224,222,171,2013,31060001.0,2194118.0,0.42932299999999995,2.690235,TUR,TTO,72
20022997,224,222,171,2006,2599653.0,0.0,0.33971599999999996,2.193384,TUR,TTO,72
20022998,224,222,171,2002,220710.0,0.0,0.11263699999999999,1.83925,TUR,TTO,72
20022999,224,222,171,2003,0.0,1433617.0,0.192802,1.9855060000000002,TUR,TTO,72
20023000,224,222,171,2004,921244.0,0.0,0.141454,1.9463599999999999,TUR,TTO,72
20023001,224,222,171,1995,102996.0,0.0,0.166794,1.209066,TUR,TTO,72
20023002,227,222,171,2002,0.0,32886.0,-1.038337,-0.896425,UGA,TTO,72
20023003,227,222,171,2001,0.0,159922.0,-0.9694860000000001,-0.840592,UGA,TTO,72
20023004,227,222,171,2000,0.0,101444.0,-0.9484520000000001,-0.8246979999999999,UGA,TTO,72
20023005,228,222,171,2009,451057.0,0.0,0.602688,0.830247,UKR,TTO,72
20023006,228,222,171,2010,2951518.0,0.0,0.714148,0.916267,UKR,TTO,72
20023007,228,222,171,2011,1735236.0,0.0,0.6221409999999999,0.765505,UKR,TTO,72
20023008,228,222,171,2012,330394.0,0.0,0.590001,0.8422069999999999,UKR,TTO,72
20023009,228,222,171,2013,273103.0,0.0,0.657729,0.9063200000000001,UKR,TTO,72
20023010,228,222,171,2018,16373.0,0.0,0.337296,0.758675,UKR,TTO,72
20023011,228,222,171,2000,1856481.0,0.0,0.763783,0.8563,UKR,TTO,72
20023012,228,222,171,2001,2154463.0,0.0,0.8376969999999999,0.989059,UKR,TTO,72
20023013,228,222,171,2002,3713396.0,0.0,0.835485,0.872135,UKR,TTO,72
20023014,228,222,171,2003,2009150.0,0.0,0.8929389999999999,0.956685,UKR,TTO,72
20023015,228,222,171,2004,3411130.0,0.0,0.8758040000000001,0.8195879999999999,UKR,TTO,72
20023016,228,222,171,2006,6434562.0,0.0,0.7008439999999999,0.79656,UKR,TTO,72
20023017,228,222,171,2007,414413.0,0.0,0.7441760000000001,0.8681260000000001,UKR,TTO,72
20023018,228,222,171,2008,1044904.0,0.0,0.59355,0.764415,UKR,TTO,72
20023019,228,222,171,2005,3086799.0,0.0,0.701846,0.687519,UKR,TTO,72
20023020,228,222,171,1997,1482608.0,0.0,0.8502559999999999,0.956254,UKR,TTO,72
20023021,228,222,171,1998,1200974.0,0.0,0.880876,0.783668,UKR,TTO,72
20023022,228,222,171,1999,3524427.0,0.0,0.6242270000000001,0.742258,UKR,TTO,72
20023023,230,222,171,2008,69919.0,0.0,0.376164,0.049387,URY,TTO,72
20023024,231,222,171,1995,16147637.0,69682479.0,1.771648,1.184,USA,TTO,72
20023025,231,222,171,1996,13282400.0,131345649.0,1.7110560000000001,1.125141,USA,TTO,72
20023026,231,222,171,1997,6384522.0,138829599.0,1.823511,0.888084,USA,TTO,72
20023027,231,222,171,1999,3397418.0,85267171.0,1.8755119999999998,0.5350729999999999,USA,TTO,72
20023028,231,222,171,2000,4082304.0,64189403.0,1.8549650000000002,0.226992,USA,TTO,72
20023029,231,222,171,2001,3080421.0,82738881.0,1.873674,0.168468,USA,TTO,72
20023030,231,222,171,2002,2550706.0,100193465.0,1.821594,0.231296,USA,TTO,72
20023031,231,222,171,2003,9248213.0,92399899.0,1.7789220000000001,0.064028,USA,TTO,72
20023032,231,222,171,2005,7831991.0,161949783.0,1.718086,-0.34564,USA,TTO,72
20023033,231,222,171,2006,7833973.0,206133729.0,1.666643,-0.121679,USA,TTO,72
20023034,231,222,171,2007,14625220.0,402244333.0,1.612165,0.0922,USA,TTO,72
20023035,231,222,171,2008,21653569.0,459401649.0,1.584278,-0.209788,USA,TTO,72
20023036,231,222,171,2009,23903310.0,215693149.0,1.657663,-0.41411400000000004,USA,TTO,72
20023037,231,222,171,2010,12658062.0,434871044.0,1.67573,-0.598165,USA,TTO,72
20023038,231,222,171,2011,19203356.0,528704765.0,1.6884849999999998,-0.474499,USA,TTO,72
20023039,231,222,171,2012,8961873.0,604543326.0,1.628377,-0.601941,USA,TTO,72
20023040,231,222,171,2013,14873323.0,674510959.0,1.6639689999999998,-0.48651300000000003,USA,TTO,72
20023041,231,222,171,2014,11585619.0,702539664.0,1.61227,0.068905,USA,TTO,72
20023042,231,222,171,2015,7954108.0,394797502.0,1.720478,-0.129322,USA,TTO,72
20023043,231,222,171,2016,4749259.0,278804089.0,1.685329,0.297536,USA,TTO,72
20023044,231,222,171,2017,9997866.0,451075882.0,1.601478,0.277271,USA,TTO,72
20023045,231,222,171,2018,2586884.0,496814687.0,1.585861,0.44815900000000003,USA,TTO,72
20023046,231,222,171,2019,2711629.0,494064655.0,1.606808,0.3232,USA,TTO,72
20023047,231,222,171,2020,1744861.0,360180920.0,1.588148,0.380904,USA,TTO,72
20023048,231,222,171,1998,3160243.0,133079600.0,1.8223639999999999,0.761336,USA,TTO,72
20023049,231,222,171,2004,12775908.0,334754600.0,1.7598630000000002,0.066704,USA,TTO,72
20023050,234,222,171,2012,14962.0,4445446.0,0.233053,-0.292993,VCT,TTO,72
20023051,234,222,171,2013,2499.0,2523131.0,0.193198,-0.23631799999999997,VCT,TTO,72
20023052,234,222,171,2009,0.0,3007784.0,-0.068356,-0.6011350000000001,VCT,TTO,72
20023053,234,222,171,2007,3425.0,5613454.0,-0.112166,-0.692679,VCT,TTO,72
20023054,234,222,171,2011,21315.0,4620405.0,0.291718,-0.250897,VCT,TTO,72
20023055,234,222,171,2014,7950.0,2447046.0,0.034024,-0.522492,VCT,TTO,72
20023056,234,222,171,2010,2109.0,3188141.0,0.120821,-0.43102700000000005,VCT,TTO,72
20023057,234,222,171,2018,5145.0,291858.0,-0.274831,-0.603525,VCT,TTO,72
20023058,234,222,171,2005,9138.0,3017465.0,-0.584696,-0.842192,VCT,TTO,72
20023059,234,222,171,2006,1609.0,3652591.0,-0.6097060000000001,-0.8844770000000001,VCT,TTO,72
20023060,234,222,171,2008,0.0,6590214.0,-0.598538,-0.8798459999999999,VCT,TTO,72
20023061,234,222,171,2019,14834.0,421966.0,-0.712703,-0.859416,VCT,TTO,72
20023062,234,222,171,2002,2762.0,1045361.0,-0.340281,-0.661246,VCT,TTO,72
20023063,234,222,171,2004,20497.0,2444797.0,-0.564477,-0.8544,VCT,TTO,72
20023064,234,222,171,2000,0.0,917307.0,0.095604,-0.352013,VCT,TTO,72
20023065,234,222,171,1998,1994.0,2900518.0,0.22166,-0.331633,VCT,TTO,72
20023066,234,222,171,1997,1818.0,1908634.0,0.069461,-0.459567,VCT,TTO,72
20023067,234,222,171,1999,1956.0,1135218.0,-0.28283400000000003,-0.755695,VCT,TTO,72
20023068,234,222,171,2003,2542.0,1456803.0,-0.355758,-0.679181,VCT,TTO,72
20023069,234,222,171,1995,74673.0,915838.0,-0.369315,-0.751156,VCT,TTO,72
20023070,234,222,171,1996,5930.0,1839686.0,-0.123896,-0.5798989999999999,VCT,TTO,72
20023071,234,222,171,2001,0.0,965337.0,-0.5042,-0.7987609999999999,VCT,TTO,72
20023072,234,222,171,2017,17749.0,1247378.0,-0.040273,-0.549452,VCT,TTO,72
20023073,234,222,171,2015,0.0,2414150.0,0.087811,-0.35481999999999997,VCT,TTO,72
20023074,234,222,171,2016,0.0,1289003.0,0.157611,-0.581526,VCT,TTO,72
20023075,236,222,171,1996,953051.0,11645046.0,0.07086100000000001,-0.761307,VEN,TTO,72
20023076,236,222,171,1997,4848029.0,17394448.0,0.21363200000000002,-0.668341,VEN,TTO,72
20023077,236,222,171,1999,3733203.0,11868319.0,0.16454100000000002,-0.691021,VEN,TTO,72
20023078,236,222,171,2000,4583841.0,10698674.0,0.19788499999999998,-0.779957,VEN,TTO,72
20023079,236,222,171,2005,5368077.0,1477099.0,0.248175,-0.9600629999999999,VEN,TTO,72
20023080,236,222,171,2009,1557155.0,0.0,-0.5847600000000001,-1.150334,VEN,TTO,72
20023081,236,222,171,2010,2335157.0,3103378.0,-0.660844,-1.145133,VEN,TTO,72
20023082,236,222,171,2011,2448426.0,865341.0,-0.841147,-1.095636,VEN,TTO,72
20023083,236,222,171,2012,6694.0,8815460.0,-1.3417270000000001,-1.154304,VEN,TTO,72
20023084,236,222,171,2013,63043.0,16027426.0,-0.778172,-1.107059,VEN,TTO,72
20023085,236,222,171,2014,1813733.0,4102805.0,-0.582086,-1.081727,VEN,TTO,72
20023086,236,222,171,2015,552594.0,4781748.0,-0.9249129999999999,-1.1877280000000001,VEN,TTO,72
20023087,236,222,171,1998,2773017.0,18954179.0,0.288717,-0.540639,VEN,TTO,72
20023088,236,222,171,2001,3272932.0,10748830.0,0.261158,-0.7397,VEN,TTO,72
20023089,236,222,171,2002,1936372.0,6168926.0,0.211536,-0.715675,VEN,TTO,72
20023090,236,222,171,2003,2534441.0,2577759.0,0.277805,-0.783697,VEN,TTO,72
20023091,236,222,171,2004,4615365.0,3560230.0,0.048698000000000005,-0.899776,VEN,TTO,72
20023092,236,222,171,2006,2837017.0,1783908.0,-0.340972,-1.015462,VEN,TTO,72
20023093,236,222,171,2008,2030541.0,329296.0,-0.442996,-1.0439969999999998,VEN,TTO,72
20023094,236,222,171,2007,6143464.0,860985.0,-0.231215,-0.9839200000000001,VEN,TTO,72
20023095,236,222,171,1995,1489937.0,9700673.0,0.299294,-0.635474,VEN,TTO,72
20023096,237,222,171,2003,0.0,2792.0,0.685109,-0.20824299999999998,VGB,TTO,72
20023097,237,222,171,2014,55193.0,0.0,0.484282,-0.082974,VGB,TTO,72
20023098,237,222,171,2015,37306.0,2022.0,0.914493,-0.31357399999999996,VGB,TTO,72
20023099,237,222,171,2012,0.0,1529.0,0.6483300000000001,0.269932,VGB,TTO,72
20023100,237,222,171,2007,0.0,11309.0,0.994233,0.072526,VGB,TTO,72
20023101,237,222,171,2006,0.0,11943.0,1.05644,0.179306,VGB,TTO,72
20023102,237,222,171,2005,0.0,5001.0,0.67282,-0.329218,VGB,TTO,72
20023103,239,222,171,2013,0.0,13545127.0,-0.11426900000000001,1.399738,VNM,TTO,72
20023104,239,222,171,2008,1473049.0,1867205.0,-0.207083,1.1323370000000001,VNM,TTO,72
20023105,239,222,171,2010,0.0,12217289.0,-0.24660500000000002,1.427235,VNM,TTO,72
20023106,239,222,171,2015,20820.0,3349557.0,-0.17108900000000002,1.10995,VNM,TTO,72
20023107,239,222,171,2016,259646.0,2093690.0,-0.10217899999999999,1.015568,VNM,TTO,72
20023108,239,222,171,2009,0.0,4368430.0,-0.27396,1.131199,VNM,TTO,72
20023109,239,222,171,2011,0.0,20602978.0,-0.184453,1.637207,VNM,TTO,72
20023110,239,222,171,2017,334963.0,10083619.0,-0.009819,0.686429,VNM,TTO,72
20023111,239,222,171,2007,0.0,110252.0,-0.335613,1.048849,VNM,TTO,72
20023112,239,222,171,2012,0.0,3948463.0,0.012365000000000001,1.290936,VNM,TTO,72
20023113,239,222,171,2014,0.0,9388932.0,-0.023765,1.344416,VNM,TTO,72
20023114,239,222,171,2006,0.0,9840.0,-0.342779,1.033318,VNM,TTO,72
20023115,246,222,171,2010,1765915.0,0.0,0.327326,1.513598,ZAF,TTO,72
20023116,246,222,171,2008,0.0,18346711.0,0.22551500000000002,1.185506,ZAF,TTO,72
20023117,246,222,171,2009,2823298.0,0.0,0.316452,1.767795,ZAF,TTO,72
20023118,246,222,171,2004,484812.0,0.0,0.460279,1.9736220000000002,ZAF,TTO,72
20023119,246,222,171,2011,236577.0,0.0,0.241792,1.353011,ZAF,TTO,72
20023120,246,222,171,2012,327176.0,0.0,0.284069,1.730991,ZAF,TTO,72
20023121,246,222,171,2002,1697986.0,3066512.0,0.395943,2.392458,ZAF,TTO,72
20023122,246,222,171,2003,652445.0,0.0,0.477987,2.255395,ZAF,TTO,72
20023123,246,222,171,1997,3496190.0,0.0,0.501792,1.1192440000000001,ZAF,TTO,72
20023124,246,222,171,2014,757172.0,0.0,0.282927,1.723214,ZAF,TTO,72
20023125,246,222,171,2015,257498.0,0.0,0.24944699999999997,1.7573159999999999,ZAF,TTO,72
20023126,246,222,171,2013,749590.0,0.0,0.380284,1.5682120000000002,ZAF,TTO,72
20023127,246,222,171,2001,2877300.0,0.0,0.356842,2.006155,ZAF,TTO,72
20023128,246,222,171,1996,2096365.0,4664.0,0.456593,1.150786,ZAF,TTO,72
20023129,246,222,171,2007,0.0,3519924.0,0.349792,1.246052,ZAF,TTO,72
20023130,246,222,171,2006,199385.0,0.0,0.37964499999999995,1.466326,ZAF,TTO,72
20023131,246,222,171,1995,1934757.0,0.0,0.468112,1.039817,ZAF,TTO,72
20023132,246,222,171,1998,2353853.0,2622.0,0.573958,1.3813739999999999,ZAF,TTO,72
20023133,246,222,171,1999,1048130.0,0.0,0.543171,1.432792,ZAF,TTO,72
20023134,246,222,171,2000,1870655.0,6990678.0,0.5307529999999999,2.1141810000000003,ZAF,TTO,72
20023135,249,222,171,2001,236378.0,0.0,1.5731700000000002,1.353159,TWN,TTO,72
20023136,249,222,171,2002,323301.0,0.0,1.683858,1.333601,TWN,TTO,72
20023137,249,222,171,2007,8846411.0,6771586.0,1.651607,0.974649,TWN,TTO,72
20023138,249,222,171,2009,8390724.0,1043847.0,1.5763120000000002,0.9567950000000001,TWN,TTO,72
20023139,249,222,171,2010,5012681.0,9632756.0,1.766729,0.909335,TWN,TTO,72
20023140,249,222,171,2012,8119739.0,4812259.0,1.6528,0.9437409999999999,TWN,TTO,72
20023141,249,222,171,2013,5044301.0,9133290.0,1.843186,0.9432379999999999,TWN,TTO,72
20023142,249,222,171,2017,5783708.0,2102732.0,2.0548290000000002,1.2552969999999999,TWN,TTO,72
20023143,249,222,171,2018,7716873.0,5143664.0,2.0462540000000002,1.166636,TWN,TTO,72
20023144,249,222,171,2016,4299617.0,1534704.0,2.002996,1.39485,TWN,TTO,72
20023145,249,222,171,2019,4897694.0,2872032.0,2.123296,1.1786969999999999,TWN,TTO,72
20023146,249,222,171,2020,2705517.0,2142383.0,2.0517060000000003,1.205431,TWN,TTO,72
20023147,249,222,171,2011,6674750.0,7543873.0,1.803234,0.921233,TWN,TTO,72
20023148,249,222,171,2014,3721598.0,6621599.0,1.9044189999999999,1.0595139999999998,TWN,TTO,72
20023149,249,222,171,2015,4353749.0,3640033.0,1.962832,1.214982,TWN,TTO,72
20023150,249,222,171,2000,1077862.0,0.0,1.44705,1.475122,TWN,TTO,72
20023151,249,222,171,2003,804995.0,121248.0,1.5924040000000002,1.397843,TWN,TTO,72
20023152,249,222,171,2005,6185648.0,878362.0,1.577067,1.3218450000000002,TWN,TTO,72
20023153,249,222,171,2006,6624206.0,1920269.0,1.619915,1.2289940000000001,TWN,TTO,72
20023154,249,222,171,2008,15453400.0,7378438.0,1.611693,0.93875,TWN,TTO,72
20023155,249,222,171,2004,3726645.0,1146375.0,1.626307,1.358315,TWN,TTO,72
20023156,249,222,171,1998,59982.0,0.0,1.224725,1.890322,TWN,TTO,72
20023157,249,222,171,1999,110644.0,0.0,1.336816,1.725334,TWN,TTO,72
20023158,249,222,171,1997,7543.0,1015.0,1.317672,1.800561,TWN,TTO,72
20023159,250,222,171,2010,0.0,31015.0,0.45129600000000003,-0.223517,ANS,TTO,72
20023160,250,222,171,2011,0.0,87382.0,0.475638,-0.160135,ANS,TTO,72
20023161,250,222,171,2012,0.0,29067.0,0.385997,-0.057784,ANS,TTO,72
20023162,250,222,171,2013,13495.0,71241.0,0.628555,0.277602,ANS,TTO,72
20023163,250,222,171,2014,0.0,104148.0,0.506842,0.049545,ANS,TTO,72
20023164,250,222,171,2015,0.0,64811.0,0.377283,-0.092204,ANS,TTO,72
20023165,250,222,171,2009,0.0,34639.0,0.582246,-0.10603,ANS,TTO,72
20023166,250,222,171,2008,0.0,117616.0,0.547909,-0.5303640000000001,ANS,TTO,72
20023167,250,222,171,2007,0.0,43706.0,0.671936,-0.284418,ANS,TTO,72
20023168,250,222,171,2003,0.0,13817.0,0.45951499999999995,-0.2312,ANS,TTO,72
20023169,250,222,171,1998,0.0,9614.0,1.144164,1.187425,ANS,TTO,72
20023170,250,222,171,1996,971765.0,76451.0,1.084978,0.901755,ANS,TTO,72
20023171,250,222,171,1999,0.0,9129.0,1.130511,0.9547379999999999,ANS,TTO,72
20023172,250,222,171,1997,2455783.0,41495.0,1.036748,0.851626,ANS,TTO,72
20023173,250,222,171,2000,0.0,41650.0,1.195891,-0.22544,ANS,TTO,72
20023174,250,222,171,1995,2985422.0,664713.0,1.034518,0.9735149999999999,ANS,TTO,72
20023175,250,222,171,2005,0.0,19988.0,0.63454,-0.41119799999999995,ANS,TTO,72
20023176,250,222,171,2006,0.0,42798.0,0.711619,-0.41880200000000006,ANS,TTO,72
20023177,250,222,171,2002,0.0,30693.0,0.734927,-0.40114099999999997,ANS,TTO,72
20023178,250,222,171,2004,0.0,87117.0,0.509382,-0.30904299999999996,ANS,TTO,72
20023179,0,224,171,2018,0.0,77807.0,0.8710549999999999,0.084402,ABW,TUR,72
20023180,0,224,171,2019,0.0,316056.0,1.077214,-0.060235000000000004,ABW,TUR,72
20023181,0,224,171,2020,0.0,330455.0,0.725364,-0.244535,ABW,TUR,72
20023182,0,224,171,2017,0.0,111626.0,0.845843,0.165178,ABW,TUR,72
20023183,0,224,171,2014,0.0,30477.0,0.779539,-0.32255700000000004,ABW,TUR,72
20023184,0,224,171,2016,0.0,78216.0,0.9052,0.253571,ABW,TUR,72
20023185,0,224,171,2011,0.0,1173.0,-0.282585,-0.71273,ABW,TUR,72
20023186,1,224,171,2018,0.0,3237287.0,-1.267508,-0.8494940000000001,AFG,TUR,72
20023187,1,224,171,2019,0.0,2104496.0,-1.187576,-0.7731979999999999,AFG,TUR,72
20023188,1,224,171,2007,0.0,931414.0,-0.745981,-0.682003,AFG,TUR,72
20023189,1,224,171,2012,0.0,13904057.0,-0.711192,-1.0911629999999999,AFG,TUR,72
20023190,1,224,171,2009,0.0,3178438.0,-0.424354,-0.563383,AFG,TUR,72
20023191,1,224,171,2011,0.0,13644125.0,-0.8426809999999999,-0.640418,AFG,TUR,72
20023192,1,224,171,2010,0.0,1383964.0,-0.054633,-0.102103,AFG,TUR,72
20023193,1,224,171,2015,0.0,3236328.0,-1.249655,-0.9094459999999999,AFG,TUR,72
20023194,1,224,171,2016,0.0,2537248.0,-1.497486,-1.002342,AFG,TUR,72
20023195,1,224,171,2008,0.0,2028349.0,-0.23668000000000003,-0.344418,AFG,TUR,72
20023196,1,224,171,2013,0.0,3570343.0,-0.985727,-0.7164550000000001,AFG,TUR,72
20023197,1,224,171,2014,1477.0,1155060.0,-0.924386,-0.839385,AFG,TUR,72
20023198,1,224,171,2017,0.0,169245.0,-1.147348,-0.886799,AFG,TUR,72
20023199,1,224,171,2005,0.0,2659842.0,-0.173509,-0.42569799999999997,AFG,TUR,72
20023200,1,224,171,2020,14639.0,1486058.0,-1.178987,-0.815577,AFG,TUR,72
20023201,1,224,171,2000,0.0,23536.0,-0.19908399999999998,-0.519908,AFG,TUR,72
20023202,1,224,171,2002,0.0,29769.0,-0.262812,-0.503955,AFG,TUR,72
20023203,1,224,171,2003,0.0,529685.0,-0.421205,-0.602704,AFG,TUR,72
20023204,1,224,171,2004,0.0,1241975.0,-0.6831550000000001,-0.756696,AFG,TUR,72
20023205,1,224,171,2006,0.0,1551862.0,-0.626011,-0.6799689999999999,AFG,TUR,72
20023206,1,224,171,1998,2026.0,8195.0,-0.323818,-0.698422,AFG,TUR,72
20023207,1,224,171,1995,0.0,13529.0,-0.44388199999999994,-0.631151,AFG,TUR,72
20023208,1,224,171,1996,0.0,1760.0,-0.31642600000000004,-0.620458,AFG,TUR,72
20023209,2,224,171,2010,0.0,16396843.0,-1.3711010000000001,-1.170608,AGO,TUR,72
20023210,2,224,171,2007,415043.0,7009713.0,-1.6925709999999998,-1.1987290000000002,AGO,TUR,72
20023211,2,224,171,2012,0.0,78461828.0,-1.521092,-1.157031,AGO,TUR,72
20023212,2,224,171,2009,0.0,23566138.0,-0.809438,-1.190006,AGO,TUR,72
20023213,2,224,171,2011,42497.0,44829685.0,-1.252991,-1.132314,AGO,TUR,72
20023214,2,224,171,2015,0.0,17277379.0,-1.6542,-1.2598989999999999,AGO,TUR,72
20023215,2,224,171,2016,0.0,621958.0,-1.313517,-1.262761,AGO,TUR,72
20023216,2,224,171,2014,3666799.0,50588526.0,-1.8184900000000002,-1.149191,AGO,TUR,72
20023217,2,224,171,2013,3261781.0,54370257.0,-1.172043,-1.133735,AGO,TUR,72
20023218,2,224,171,2019,50820.0,5682886.0,-1.096127,-1.195434,AGO,TUR,72
20023219,2,224,171,2008,50492.0,84427781.0,-2.0318669999999996,-1.149931,AGO,TUR,72
20023220,2,224,171,2017,0.0,3800525.0,-1.408777,-1.215475,AGO,TUR,72
20023221,2,224,171,2018,0.0,4695242.0,-1.489191,-1.213992,AGO,TUR,72
20023222,2,224,171,2005,18273.0,134554.0,-1.647198,-1.1817790000000001,AGO,TUR,72
20023223,2,224,171,2020,0.0,4852011.0,-1.7948709999999999,-1.199555,AGO,TUR,72
20023224,2,224,171,2006,0.0,15250510.0,-2.0822979999999998,-1.176767,AGO,TUR,72
20023225,2,224,171,2000,0.0,164815.0,-1.998198,-1.205407,AGO,TUR,72
20023226,2,224,171,2001,0.0,609674.0,-1.523823,-1.214093,AGO,TUR,72
20023227,2,224,171,2002,0.0,127749.0,-2.018135,-1.222751,AGO,TUR,72
20023228,2,224,171,2003,0.0,354971.0,-1.8762919999999998,-1.176541,AGO,TUR,72
20023229,2,224,171,2004,0.0,774895.0,-0.8513709999999999,-1.173397,AGO,TUR,72
20023230,3,224,171,2007,0.0,27171.0,1.204732,-0.009463,AIA,TUR,72
20023231,3,224,171,2008,0.0,4378.0,1.3673950000000001,0.124948,AIA,TUR,72
20023232,3,224,171,2018,0.0,239426.0,1.345238,-0.050174,AIA,TUR,72
20023233,3,224,171,2019,0.0,407313.0,0.9469639999999999,-0.526437,AIA,TUR,72
20023234,3,224,171,2020,0.0,165098.0,1.453992,-0.357415,AIA,TUR,72
20023235,4,224,171,2011,108208020.0,38964036.0,-0.331435,-0.034828,ALB,TUR,72
20023236,4,224,171,2007,1756689.0,37665414.0,-0.20616700000000002,-0.016993,ALB,TUR,72
20023237,4,224,171,2014,35939696.0,25597048.0,-0.476024,-0.33978400000000003,ALB,TUR,72
20023238,4,224,171,2015,17888012.0,21869552.0,-0.601875,-0.27003,ALB,TUR,72
20023239,4,224,171,2010,72527718.0,33639067.0,-0.5316,-0.219561,ALB,TUR,72
20023240,4,224,171,2012,63437334.0,37744912.0,-0.355898,-0.017434,ALB,TUR,72
20023241,4,224,171,2013,59186023.0,28216270.0,-0.53682,-0.162391,ALB,TUR,72
20023242,4,224,171,2009,167199.0,41304433.0,-0.41612200000000005,-0.256639,ALB,TUR,72
20023243,4,224,171,2004,11075304.0,24100140.0,-0.131892,0.14985199999999999,ALB,TUR,72
20023244,4,224,171,2000,0.0,7271317.0,-0.083425,0.080963,ALB,TUR,72
20023245,4,224,171,1999,17051.0,3995775.0,-0.281783,-0.10076399999999999,ALB,TUR,72
20023246,4,224,171,2018,0.0,38887454.0,-0.456481,-0.139655,ALB,TUR,72
20023247,4,224,171,2008,8140518.0,28770932.0,-0.252894,-0.0071400000000000005,ALB,TUR,72
20023248,4,224,171,2020,1260023.0,51938490.0,-0.265229,0.059049000000000004,ALB,TUR,72
20023249,4,224,171,2006,5797537.0,27531778.0,-0.340932,-0.06302200000000001,ALB,TUR,72
20023250,4,224,171,2016,965572.0,21720289.0,-0.534645,-0.09027,ALB,TUR,72
20023251,4,224,171,2017,993448.0,19387764.0,-0.44769899999999996,-0.17193,ALB,TUR,72
20023252,4,224,171,2019,156666.0,60881735.0,-0.459614,-0.019257,ALB,TUR,72
20023253,4,224,171,2001,0.0,11058172.0,-0.054125,0.104298,ALB,TUR,72
20023254,4,224,171,2005,6487494.0,25252942.0,-0.156823,0.187042,ALB,TUR,72
20023255,4,224,171,2003,294736.0,13415980.0,-0.053595000000000004,0.166034,ALB,TUR,72
20023256,4,224,171,2002,8985.0,10166854.0,-0.127828,-0.126857,ALB,TUR,72
20023257,4,224,171,1996,337160.0,3703088.0,-0.309992,-0.039541,ALB,TUR,72
20023258,4,224,171,1995,0.0,1315066.0,-0.39273,-0.47259300000000004,ALB,TUR,72
20023259,4,224,171,1997,0.0,2407626.0,-0.32351599999999997,-0.170449,ALB,TUR,72
20023260,4,224,171,1998,0.0,3270944.0,-0.37657399999999996,-0.201006,ALB,TUR,72
20023261,6,224,171,2007,1131047.0,0.0,0.305773,-0.504676,ANT,TUR,72
20023262,6,224,171,2010,77305.0,0.0,-0.08593200000000001,-0.691395,ANT,TUR,72
20023263,6,224,171,1995,0.0,17038.0,-0.020759,-0.653863,ANT,TUR,72
20023264,6,224,171,1999,0.0,358373.0,0.266874,-0.5122220000000001,ANT,TUR,72
20023265,7,224,171,2013,12394304.0,678077093.0,-0.074047,-0.585168,ARE,TUR,72
20023266,7,224,171,2019,8405815.0,94572065.0,-0.165113,-0.8973540000000001,ARE,TUR,72
20023267,7,224,171,2020,5125268.0,67923787.0,-0.118349,-0.789485,ARE,TUR,72
20023268,7,224,171,2018,53737543.0,69343646.0,0.11804400000000001,-0.326851,ARE,TUR,72
20023269,7,224,171,2017,36619519.0,108016480.0,0.210477,0.02557,ARE,TUR,72
20023270,7,224,171,2014,6077255.0,672375233.0,0.087775,-0.289459,ARE,TUR,72
20023271,7,224,171,2016,7398392.0,451198027.0,0.11037999999999999,0.045327,ARE,TUR,72
20023272,7,224,171,2012,2376552.0,736848500.0,0.45351499999999995,-0.285021,ARE,TUR,72
20023273,7,224,171,2008,1345574.0,5329461459.0,-0.276433,-0.692392,ARE,TUR,72
20023274,7,224,171,2007,701310.0,1707908278.0,-0.107504,-0.44744300000000004,ARE,TUR,72
20023275,7,224,171,2015,5133936.0,537401873.0,0.21779600000000002,-0.0047420000000000006,ARE,TUR,72
20023276,7,224,171,2003,15836.0,377111116.0,0.049637,-0.502691,ARE,TUR,72
20023277,7,224,171,2011,14863782.0,934513716.0,0.030652,-0.450808,ARE,TUR,72
20023278,7,224,171,2005,1372014.0,902354267.0,0.11526600000000001,-0.393171,ARE,TUR,72
20023279,7,224,171,2009,191305.0,899301718.0,0.070059,-0.619075,ARE,TUR,72
20023280,7,224,171,2010,4580086.0,1221761823.0,0.29457,-0.196371,ARE,TUR,72
20023281,7,224,171,2000,844579.0,92365003.0,-0.111384,-0.490415,ARE,TUR,72
20023282,7,224,171,2002,182300.0,175623942.0,0.044683,-0.247191,ARE,TUR,72
20023283,7,224,171,2004,207334.0,591810474.0,0.1799,-0.34541900000000003,ARE,TUR,72
20023284,7,224,171,2006,30393.0,1086453004.0,0.053903999999999994,-0.735124,ARE,TUR,72
20023285,7,224,171,1999,465952.0,119652653.0,-0.21921,-0.54813,ARE,TUR,72
20023286,7,224,171,2001,129625.0,138765630.0,-0.193984,-0.457124,ARE,TUR,72
20023287,7,224,171,1995,0.0,106393733.0,-0.205166,-0.6132380000000001,ARE,TUR,72
20023288,7,224,171,1996,112102.0,110191726.0,-0.245358,-0.726695,ARE,TUR,72
20023289,7,224,171,1997,323362.0,90430643.0,-0.042154000000000004,-0.667389,ARE,TUR,72
20023290,7,224,171,1998,142226.0,96536589.0,-0.274973,-0.481405,ARE,TUR,72
20023291,8,224,171,2003,554044.0,58147.0,0.302073,0.49069700000000005,ARG,TUR,72
20023292,8,224,171,2004,841217.0,183396.0,0.28128600000000004,0.64115,ARG,TUR,72
20023293,8,224,171,2006,516753.0,3648954.0,0.33055,0.665867,ARG,TUR,72
20023294,8,224,171,2007,530500.0,5508628.0,0.178214,0.5093850000000001,ARG,TUR,72
20023295,8,224,171,2008,1086920.0,8269108.0,0.278837,0.496784,ARG,TUR,72
20023296,8,224,171,2009,301217.0,4301532.0,0.27637,0.611129,ARG,TUR,72
20023297,8,224,171,2010,328244.0,23572116.0,0.27458899999999997,0.597907,ARG,TUR,72
20023298,8,224,171,2011,42422.0,7349638.0,0.240494,0.540376,ARG,TUR,72
20023299,8,224,171,2012,744452.0,2677543.0,0.149423,0.5191979999999999,ARG,TUR,72
20023300,8,224,171,2013,2002132.0,4850605.0,0.20314300000000002,0.494062,ARG,TUR,72
20023301,8,224,171,2014,2787947.0,2816220.0,0.10691500000000001,0.44860600000000006,ARG,TUR,72
20023302,8,224,171,2015,1028257.0,3409545.0,0.116896,0.30330999999999997,ARG,TUR,72
20023303,8,224,171,2016,220543.0,5831387.0,-0.132495,0.16353199999999998,ARG,TUR,72
20023304,8,224,171,2017,137014.0,12287628.0,-0.120753,0.233375,ARG,TUR,72
20023305,8,224,171,2018,765812.0,10354458.0,-0.14316800000000002,0.14356,ARG,TUR,72
20023306,8,224,171,2019,938353.0,20265757.0,-0.136634,0.127073,ARG,TUR,72
20023307,8,224,171,2020,202249.0,20373019.0,-0.14746199999999998,0.039795,ARG,TUR,72
20023308,8,224,171,2005,776123.0,22618.0,0.383772,0.656866,ARG,TUR,72
20023309,8,224,171,2001,119663.0,125498.0,0.287698,0.547137,ARG,TUR,72
20023310,8,224,171,1995,7180169.0,59518.0,0.245885,0.5489850000000001,ARG,TUR,72
20023311,8,224,171,1997,397745.0,5429004.0,0.273654,0.495389,ARG,TUR,72
20023312,8,224,171,1998,165476.0,2223741.0,0.272015,0.45031099999999996,ARG,TUR,72
20023313,8,224,171,1999,110995.0,6213085.0,0.49933500000000003,0.593879,ARG,TUR,72
20023314,8,224,171,2000,1266077.0,748858.0,0.43928999999999996,0.6839189999999999,ARG,TUR,72
20023315,8,224,171,2002,411688.0,89723.0,0.284536,0.517425,ARG,TUR,72
20023316,8,224,171,1996,589624.0,94498.0,0.167081,0.433612,ARG,TUR,72
20023317,9,224,171,2012,0.0,26917.0,0.49142299999999994,0.033657,ARM,TUR,72
20023318,9,224,171,2013,0.0,38321.0,-0.076922,-0.5781390000000001,ARM,TUR,72
20023319,9,224,171,2014,0.0,10600077.0,-0.198322,-0.5918680000000001,ARM,TUR,72
20023320,9,224,171,2015,0.0,11670.0,0.037579,-0.42448800000000003,ARM,TUR,72
20023321,9,224,171,2020,0.0,19851.0,-0.129502,-0.671068,ARM,TUR,72
20023322,9,224,171,1999,0.0,582483.0,0.6218600000000001,-0.174906,ARM,TUR,72
20023323,9,224,171,2005,251414.0,4367443.0,0.435237,-0.436709,ARM,TUR,72
20023324,9,224,171,2019,9660.0,3515.0,-0.203986,-0.667607,ARM,TUR,72
20023325,9,224,171,2007,0.0,17186443.0,0.7169,-0.019251,ARM,TUR,72
20023326,9,224,171,2016,0.0,13402.0,-0.044982999999999995,-0.518007,ARM,TUR,72
20023327,9,224,171,2017,0.0,11897.0,-0.23846799999999999,-0.658774,ARM,TUR,72
20023328,9,224,171,2018,0.0,3137.0,-0.330516,-0.604744,ARM,TUR,72
20023329,9,224,171,1997,504073.0,0.0,1.178568,0.331529,ARM,TUR,72
20023330,9,224,171,2011,0.0,54231.0,0.543397,-0.029376999999999997,ARM,TUR,72
20023331,9,224,171,2008,795887.0,21979415.0,0.360609,-0.038343,ARM,TUR,72
20023332,9,224,171,2009,25650.0,171576.0,0.24424899999999997,-0.30152399999999996,ARM,TUR,72
20023333,9,224,171,2000,0.0,1279294.0,0.857776,-0.020538999999999998,ARM,TUR,72
20023334,9,224,171,2010,1886814.0,53110.0,0.11632,-0.417048,ARM,TUR,72
20023335,9,224,171,2006,0.0,9300578.0,0.14539100000000002,-0.558014,ARM,TUR,72
20023336,9,224,171,2001,0.0,2505932.0,0.834168,0.21458000000000002,ARM,TUR,72
20023337,9,224,171,2002,0.0,3352240.0,0.710274,-0.11309000000000001,ARM,TUR,72
20023338,9,224,171,2003,0.0,4345019.0,0.497521,-0.305788,ARM,TUR,72
20023339,9,224,171,2004,160523.0,2913910.0,0.661799,-0.140004,ARM,TUR,72
20023340,10,224,171,2019,0.0,29019.0,1.121876,0.061064999999999994,ASM,TUR,72
20023341,10,224,171,2003,0.0,12443.0,1.0088139999999999,0.096969,ASM,TUR,72
20023342,10,224,171,2017,0.0,31117.0,0.8844139999999999,-0.13786199999999998,ASM,TUR,72
20023343,11,224,171,2002,0.0,2642.0,1.281658,-0.717151,ATA,TUR,72
20023344,11,224,171,2001,0.0,20933.0,0.025889,-0.822216,ATA,TUR,72
20023345,12,224,171,2013,0.0,396833.0,0.308415,-0.683897,ATF,TUR,72
20023346,12,224,171,2015,0.0,32051.0,0.7385430000000001,-0.6156,ATF,TUR,72
20023347,12,224,171,2014,0.0,34196.0,0.8714149999999999,-0.652,ATF,TUR,72
20023348,12,224,171,2017,0.0,643787.0,0.439795,-0.78242,ATF,TUR,72
20023349,12,224,171,2020,0.0,14291.0,0.46278100000000005,-0.782172,ATF,TUR,72
20023350,13,224,171,2019,0.0,1144026.0,0.391831,-0.723957,ATG,TUR,72
20023351,13,224,171,2015,0.0,22817.0,0.43318,-0.552045,ATG,TUR,72
20023352,13,224,171,2014,0.0,8954.0,0.169764,-0.621576,ATG,TUR,72
20023353,13,224,171,2017,0.0,102252.0,0.42561099999999996,-0.42671099999999995,ATG,TUR,72
20023354,13,224,171,2018,0.0,406555.0,0.08520499999999999,-0.630757,ATG,TUR,72
20023355,13,224,171,2020,0.0,812400.0,-0.210313,-0.811104,ATG,TUR,72
20023356,13,224,171,1996,40353.0,72458.0,0.408319,-0.21640700000000002,ATG,TUR,72
20023357,13,224,171,1997,0.0,15550.0,0.510371,-0.314213,ATG,TUR,72
20023358,14,224,171,2005,2270274.0,550344.0,0.18443099999999998,0.489043,AUS,TUR,72
20023359,14,224,171,2001,2602508.0,1166333.0,0.29463,0.772375,AUS,TUR,72
20023360,14,224,171,2004,1089098.0,2909453.0,0.196641,0.8139460000000001,AUS,TUR,72
20023361,14,224,171,1998,422509.0,1637291.0,0.375317,0.8864629999999999,AUS,TUR,72
20023362,14,224,171,1999,1113972.0,1081642.0,0.357101,0.8857879999999999,AUS,TUR,72
20023363,14,224,171,2003,5089945.0,1232511.0,0.316879,0.9409489999999999,AUS,TUR,72
20023364,14,224,171,2007,422223.0,186090.0,0.137686,0.451592,AUS,TUR,72
20023365,14,224,171,2008,2072466.0,451983.0,-0.171801,-0.012588,AUS,TUR,72
20023366,14,224,171,2009,293622.0,1450523.0,-0.109286,0.13586900000000002,AUS,TUR,72
20023367,14,224,171,2010,842651.0,4591859.0,-0.276442,0.062023,AUS,TUR,72
20023368,14,224,171,2011,700736.0,8195104.0,-0.138148,0.002999,AUS,TUR,72
20023369,14,224,171,2012,696650.0,8640029.0,-0.352742,-0.145405,AUS,TUR,72
20023370,14,224,171,2013,250066.0,12390024.0,-0.31145700000000004,-0.167628,AUS,TUR,72
20023371,14,224,171,2014,193190.0,11708872.0,-0.398273,-0.17128,AUS,TUR,72
20023372,14,224,171,2015,19968.0,8452398.0,-0.292325,-0.043489,AUS,TUR,72
20023373,14,224,171,2016,428371.0,4726876.0,-0.25955300000000003,0.0011070000000000001,AUS,TUR,72
20023374,14,224,171,2017,5774087.0,19700512.0,-0.42427200000000004,-0.152921,AUS,TUR,72
20023375,14,224,171,2018,763429.0,83380824.0,-0.29687199999999997,-0.123116,AUS,TUR,72
20023376,14,224,171,2019,1426256.0,69587092.0,-0.294558,-0.180198,AUS,TUR,72
20023377,14,224,171,1995,294625.0,342848.0,0.44442,0.789292,AUS,TUR,72
20023378,14,224,171,2006,3012604.0,325401.0,0.067166,0.373148,AUS,TUR,72
20023379,14,224,171,2020,41769.0,54280564.0,-0.32910500000000004,-0.232963,AUS,TUR,72
20023380,14,224,171,1996,1284223.0,750759.0,0.369697,0.78069,AUS,TUR,72
20023381,14,224,171,2002,3514454.0,1159724.0,0.231386,0.771628,AUS,TUR,72
20023382,14,224,171,1997,33997.0,2886174.0,0.428555,0.798283,AUS,TUR,72
20023383,14,224,171,2000,1412985.0,878415.0,0.279804,0.9355540000000001,AUS,TUR,72
20023384,15,224,171,2016,68802807.0,15677835.0,1.759363,0.127262,AUT,TUR,72
20023385,15,224,171,1995,8889095.0,393951.0,2.000295,0.661255,AUT,TUR,72
20023386,15,224,171,1996,13908105.0,599109.0,1.9216669999999998,0.659388,AUT,TUR,72
20023387,15,224,171,1997,12774406.0,1284719.0,1.8926189999999998,0.624346,AUT,TUR,72
20023388,15,224,171,2005,41052223.0,18103439.0,1.808359,0.148177,AUT,TUR,72
20023389,15,224,171,1999,8316303.0,2608880.0,1.836804,0.744312,AUT,TUR,72
20023390,15,224,171,2000,12176770.0,2073330.0,1.842429,0.464405,AUT,TUR,72
20023391,15,224,171,2011,97102305.0,27571863.0,1.687634,-0.229095,AUT,TUR,72
20023392,15,224,171,2003,25694911.0,6471437.0,1.834977,0.408096,AUT,TUR,72
20023393,15,224,171,2004,45165730.0,15064326.0,1.825391,0.40553,AUT,TUR,72
20023394,15,224,171,2006,52039154.0,21594031.0,1.775669,0.192717,AUT,TUR,72
20023395,15,224,171,2007,61434105.0,36161005.0,1.730088,-0.045543,AUT,TUR,72
20023396,15,224,171,2008,82201364.0,26760020.0,1.634816,-0.078419,AUT,TUR,72
20023397,15,224,171,2009,45748881.0,5213047.0,1.651325,-0.020794,AUT,TUR,72
20023398,15,224,171,2010,81813461.0,16220190.0,1.724315,-0.29379099999999997,AUT,TUR,72
20023399,15,224,171,2012,75321510.0,26073462.0,1.6092870000000001,-0.29859,AUT,TUR,72
20023400,15,224,171,2013,112758653.0,43000779.0,1.7209240000000001,-0.286892,AUT,TUR,72
20023401,15,224,171,2014,95685527.0,28440330.0,1.7116790000000002,-0.140232,AUT,TUR,72
20023402,15,224,171,2015,79438481.0,24195894.0,1.747098,-0.08026699999999999,AUT,TUR,72
20023403,15,224,171,2017,101870032.0,11572984.0,1.728623,-0.031045999999999997,AUT,TUR,72
20023404,15,224,171,2018,125478950.0,11190353.0,1.774488,-0.21117800000000003,AUT,TUR,72
20023405,15,224,171,2019,103235872.0,7588975.0,1.743927,-0.076778,AUT,TUR,72
20023406,15,224,171,2020,117093587.0,6354276.0,1.6711310000000001,0.059096,AUT,TUR,72
20023407,15,224,171,1998,11101393.0,2202052.0,1.891966,0.508137,AUT,TUR,72
20023408,15,224,171,2002,24740308.0,4399993.0,1.8651200000000001,0.48423900000000003,AUT,TUR,72
20023409,15,224,171,2001,14333937.0,4720920.0,1.8571650000000002,0.603191,AUT,TUR,72
20023410,16,224,171,2011,449175.0,51986027.0,-1.313136,-1.189989,AZE,TUR,72
20023411,16,224,171,2013,471712.0,139546379.0,-0.9232870000000001,-1.165928,AZE,TUR,72
20023412,16,224,171,2014,371823.0,105677075.0,-0.909508,-1.165158,AZE,TUR,72
20023413,16,224,171,2015,183302.0,59046800.0,-0.983347,-1.231542,AZE,TUR,72
20023414,16,224,171,2016,2216937.0,33860709.0,-0.909744,-1.180449,AZE,TUR,72
20023415,16,224,171,2017,9779342.0,28007162.0,-1.022455,-1.199225,AZE,TUR,72
20023416,16,224,171,2018,3362350.0,33960773.0,-1.144089,-1.224327,AZE,TUR,72
20023417,16,224,171,2019,4944785.0,43631146.0,-1.005636,-1.2094209999999999,AZE,TUR,72
20023418,16,224,171,2020,2467744.0,40849579.0,-1.142366,-1.2529190000000001,AZE,TUR,72
20023419,16,224,171,1998,2210399.0,1540737.0,0.344571,-0.321203,AZE,TUR,72
20023420,16,224,171,2008,2198661.0,47126085.0,-0.7143109999999999,-1.114747,AZE,TUR,72
20023421,16,224,171,2009,97972.0,23072160.0,-1.124423,-1.228081,AZE,TUR,72
20023422,16,224,171,2000,4364409.0,862382.0,-0.08565700000000001,-0.726073,AZE,TUR,72
20023423,16,224,171,2002,0.0,1536708.0,-0.41282299999999994,-0.967931,AZE,TUR,72
20023424,16,224,171,2003,262053.0,5210273.0,-0.304606,-0.975453,AZE,TUR,72
20023425,16,224,171,2006,1803235.0,13875336.0,-0.521304,-1.035764,AZE,TUR,72
20023426,16,224,171,2007,377343.0,16859926.0,-0.897342,-1.174224,AZE,TUR,72
20023427,16,224,171,2010,88921.0,39749923.0,-1.048424,-1.2030370000000001,AZE,TUR,72
20023428,16,224,171,2012,216816.0,114007668.0,-0.827783,-1.158852,AZE,TUR,72
20023429,16,224,171,2005,2318588.0,19684380.0,-0.272611,-0.9508709999999999,AZE,TUR,72
20023430,16,224,171,2001,39071.0,815398.0,-0.6731090000000001,-1.037922,AZE,TUR,72
20023431,16,224,171,1996,400124.0,1838615.0,0.500442,-0.280796,AZE,TUR,72
20023432,16,224,171,1999,169009.0,704788.0,-0.076295,-0.742161,AZE,TUR,72
20023433,16,224,171,2004,407041.0,11347391.0,-0.393221,-0.9494440000000001,AZE,TUR,72
20023434,16,224,171,1997,236186.0,1446804.0,0.290957,-0.18282,AZE,TUR,72
20023435,16,224,171,1995,27348.0,570914.0,-0.084566,-0.839039,AZE,TUR,72
20023436,17,224,171,2011,0.0,739447.0,-0.8287049999999999,-0.774558,BDI,TUR,72
20023437,17,224,171,2006,0.0,68658.0,-0.033711,-0.48450600000000005,BDI,TUR,72
20023438,17,224,171,2007,0.0,162763.0,-0.33884899999999996,-0.661017,BDI,TUR,72
20023439,17,224,171,2008,0.0,130205.0,-0.313815,-0.539678,BDI,TUR,72
20023440,17,224,171,2009,0.0,112737.0,-0.43971099999999996,-0.575079,BDI,TUR,72
20023441,17,224,171,2012,0.0,1210833.0,-0.346028,-1.021892,BDI,TUR,72
20023442,17,224,171,2018,0.0,977152.0,-0.654964,-0.9683229999999999,BDI,TUR,72
20023443,17,224,171,2005,0.0,1991685.0,-0.7587,-0.820622,BDI,TUR,72
20023444,17,224,171,2010,0.0,1475470.0,-0.922883,-0.748675,BDI,TUR,72
20023445,17,224,171,2013,0.0,364039.0,-0.824903,-0.906436,BDI,TUR,72
20023446,17,224,171,2020,0.0,986915.0,-0.748203,-0.874817,BDI,TUR,72
20023447,17,224,171,1998,0.0,124075.0,-1.0261360000000002,-0.872906,BDI,TUR,72
20023448,17,224,171,2001,0.0,80410.0,-0.554955,-0.755333,BDI,TUR,72
20023449,17,224,171,2004,0.0,68966.0,-0.939393,-0.919969,BDI,TUR,72
20023450,17,224,171,2014,0.0,550058.0,-0.242256,-0.8567879999999999,BDI,TUR,72
20023451,17,224,171,2015,0.0,298253.0,-0.993318,-1.031194,BDI,TUR,72
20023452,17,224,171,2016,0.0,650566.0,-1.0141229999999999,-0.908808,BDI,TUR,72
20023453,17,224,171,2017,0.0,873555.0,-0.637985,-1.051277,BDI,TUR,72
20023454,17,224,171,2019,0.0,1416343.0,-0.689117,-0.9027209999999999,BDI,TUR,72
20023455,18,224,171,2016,414631893.0,59681076.0,1.3102610000000001,1.214573,BEL,TUR,72
20023456,18,224,171,2017,586412106.0,156130393.0,1.292657,1.19571,BEL,TUR,72
20023457,18,224,171,2018,718632216.0,602868906.0,1.270641,1.201063,BEL,TUR,72
20023458,18,224,171,2019,565809418.0,223443571.0,1.2555969999999999,1.168642,BEL,TUR,72
20023459,18,224,171,2020,579781612.0,294141484.0,1.204632,1.278346,BEL,TUR,72
20023460,18,224,171,1996,137467869.0,6297436.0,1.549312,1.273767,BEL,TUR,72
20023461,18,224,171,2009,638494046.0,61176808.0,1.272011,1.074548,BEL,TUR,72
20023462,18,224,171,2010,842387086.0,76533074.0,1.2224270000000002,1.1276,BEL,TUR,72
20023463,18,224,171,2012,841508346.0,70718890.0,1.107155,1.448274,BEL,TUR,72
20023464,18,224,171,2013,733315972.0,57302503.0,1.316207,0.972601,BEL,TUR,72
20023465,18,224,171,2014,824098341.0,79291607.0,1.234156,1.226441,BEL,TUR,72
20023466,18,224,171,2015,404318264.0,56258045.0,1.329866,1.100641,BEL,TUR,72
20023467,18,224,171,1995,155798864.0,15061689.0,1.615588,1.394102,BEL,TUR,72
20023468,18,224,171,1997,127636894.0,16521543.0,1.4274069999999999,1.490435,BEL,TUR,72
20023469,18,224,171,2000,91800205.0,19963868.0,1.403838,1.349607,BEL,TUR,72
20023470,18,224,171,2001,94100329.0,8790224.0,1.4328370000000001,1.408495,BEL,TUR,72
20023471,18,224,171,2002,155681021.0,5051952.0,1.4097469999999999,1.440169,BEL,TUR,72
20023472,18,224,171,2003,281105050.0,17263050.0,1.361682,1.39536,BEL,TUR,72
20023473,18,224,171,2004,360186354.0,90684374.0,1.350911,1.408209,BEL,TUR,72
20023474,18,224,171,2005,317933176.0,63906859.0,1.275296,1.345063,BEL,TUR,72
20023475,18,224,171,2006,397339436.0,55577221.0,1.2222540000000002,1.383027,BEL,TUR,72
20023476,18,224,171,2007,555420378.0,118393626.0,1.2880479999999999,1.145724,BEL,TUR,72
20023477,18,224,171,2008,780391233.0,152526437.0,1.297416,0.9716549999999999,BEL,TUR,72
20023478,18,224,171,2011,1004177924.0,134114976.0,1.221703,1.247961,BEL,TUR,72
20023479,18,224,171,1999,65808209.0,10999296.0,1.512061,1.253478,BEL,TUR,72
20023480,18,224,171,1998,112809517.0,23444553.0,1.4740739999999999,1.2530430000000001,BEL,TUR,72
20023481,19,224,171,2013,0.0,7742309.0,-0.919968,-0.90691,BEN,TUR,72
20023482,19,224,171,2002,0.0,71411.0,-0.724829,-0.705625,BEN,TUR,72
20023483,19,224,171,2014,0.0,2050487.0,-0.342225,-0.618789,BEN,TUR,72
20023484,19,224,171,2012,0.0,17083787.0,-0.981576,-0.9708200000000001,BEN,TUR,72
20023485,19,224,171,2015,0.0,1217085.0,-0.5641470000000001,-0.8971020000000001,BEN,TUR,72
20023486,19,224,171,2003,0.0,104223.0,-1.150888,-0.956203,BEN,TUR,72
20023487,19,224,171,2016,0.0,695366.0,-0.971123,-0.801574,BEN,TUR,72
20023488,19,224,171,2017,14054.0,10616443.0,-0.755027,-0.796864,BEN,TUR,72
20023489,19,224,171,2018,512477.0,4206672.0,-0.646475,-0.769808,BEN,TUR,72
20023490,19,224,171,2019,4310.0,13952813.0,-0.861242,-0.8837440000000001,BEN,TUR,72
20023491,19,224,171,2004,0.0,530020.0,-1.299345,-0.9871260000000001,BEN,TUR,72
20023492,19,224,171,2005,0.0,368497.0,-0.7930510000000001,-0.798868,BEN,TUR,72
20023493,19,224,171,2020,133131.0,19203537.0,-0.467344,-0.686191,BEN,TUR,72
20023494,19,224,171,2001,0.0,64455.0,-1.09233,-0.8276969999999999,BEN,TUR,72
20023495,19,224,171,2008,0.0,2818985.0,-1.171101,-0.9600569999999999,BEN,TUR,72
20023496,19,224,171,2009,0.0,8222437.0,-0.93195,-0.813017,BEN,TUR,72
20023497,19,224,171,2010,3606.0,4991630.0,-1.0660120000000002,-0.9961190000000001,BEN,TUR,72
20023498,19,224,171,2011,0.0,20413192.0,-1.189478,-0.8684709999999999,BEN,TUR,72
20023499,19,224,171,1999,0.0,736779.0,-1.033831,-0.858941,BEN,TUR,72
20023500,19,224,171,2007,0.0,79690.0,-1.055882,-0.880178,BEN,TUR,72
20023501,19,224,171,2006,0.0,17634.0,-0.8434360000000001,-0.798307,BEN,TUR,72
20023502,19,224,171,1998,0.0,516788.0,-0.8198,-0.8584780000000001,BEN,TUR,72
20023503,21,224,171,2019,0.0,2723546.0,-0.805181,-0.941847,BFA,TUR,72
20023504,21,224,171,2017,0.0,4553701.0,-1.100802,-1.0632110000000001,BFA,TUR,72
20023505,21,224,171,2001,0.0,31479.0,-0.291485,-0.20803000000000002,BFA,TUR,72
20023506,21,224,171,2008,0.0,2014259.0,-1.076309,-1.012701,BFA,TUR,72
20023507,21,224,171,2011,0.0,4907460.0,-1.163278,-1.002332,BFA,TUR,72
20023508,21,224,171,2012,0.0,5298607.0,-0.662994,-0.738795,BFA,TUR,72
20023509,21,224,171,2013,0.0,9920559.0,-0.9110360000000001,-0.852492,BFA,TUR,72
20023510,21,224,171,2016,0.0,3531968.0,-1.0885790000000002,-1.027005,BFA,TUR,72
20023511,21,224,171,2018,63622.0,4812473.0,-0.8835200000000001,-0.9790620000000001,BFA,TUR,72
20023512,21,224,171,2020,0.0,15639001.0,-0.7634310000000001,-0.938997,BFA,TUR,72
20023513,21,224,171,2014,0.0,4430057.0,-0.922401,-0.9554379999999999,BFA,TUR,72
20023514,21,224,171,2015,0.0,1243747.0,-1.085359,-1.034365,BFA,TUR,72
20023515,21,224,171,2009,0.0,1806537.0,-1.283807,-1.061272,BFA,TUR,72
20023516,21,224,171,2010,0.0,1643975.0,-0.625747,-0.700651,BFA,TUR,72
20023517,21,224,171,2007,0.0,228686.0,-0.960893,-0.94458,BFA,TUR,72
20023518,21,224,171,2003,0.0,597906.0,-0.9365690000000001,-0.9699409999999999,BFA,TUR,72
20023519,21,224,171,2004,986.0,752397.0,-1.000801,-1.00024,BFA,TUR,72
20023520,21,224,171,2005,0.0,831326.0,-1.193629,-1.031656,BFA,TUR,72
20023521,21,224,171,1999,0.0,5713.0,-0.386471,-0.7413109999999999,BFA,TUR,72
20023522,21,224,171,1997,9862.0,243139.0,-0.204096,-0.731299,BFA,TUR,72
20023523,21,224,171,1998,0.0,62757.0,-0.535488,-0.900509,BFA,TUR,72
20023524,21,224,171,2002,0.0,66550.0,-0.477813,-0.647148,BFA,TUR,72
20023525,21,224,171,2000,7093.0,155698.0,-0.020397,-0.32743,BFA,TUR,72
20023526,21,224,171,2006,0.0,213050.0,-0.9432020000000001,-0.969247,BFA,TUR,72
20023527,22,224,171,2001,0.0,4472274.0,-1.0406739999999999,-1.010108,BGD,TUR,72
20023528,22,224,171,1998,0.0,1310024.0,-1.130729,-1.001385,BGD,TUR,72
20023529,22,224,171,2018,0.0,187235.0,-0.899467,-0.9823719999999999,BGD,TUR,72
20023530,22,224,171,2004,0.0,4684237.0,-1.150444,-0.885333,BGD,TUR,72
20023531,22,224,171,2007,0.0,2167323.0,-0.9436469999999999,-0.7200310000000001,BGD,TUR,72
20023532,22,224,171,2016,0.0,475278.0,-1.107523,-1.065009,BGD,TUR,72
20023533,22,224,171,2005,0.0,53563551.0,-1.083754,-0.817738,BGD,TUR,72
20023534,22,224,171,2008,0.0,6965980.0,-0.852774,-0.766779,BGD,TUR,72
20023535,22,224,171,2011,0.0,61396531.0,-1.074416,-0.8276370000000001,BGD,TUR,72
20023536,22,224,171,2013,0.0,73660625.0,-1.101916,-0.734646,BGD,TUR,72
20023537,22,224,171,2015,0.0,274020.0,-1.088465,-0.8745360000000001,BGD,TUR,72
20023538,22,224,171,2019,0.0,608459.0,-1.113148,-0.9513299999999999,BGD,TUR,72
20023539,22,224,171,1995,0.0,3272279.0,-1.037175,-0.983195,BGD,TUR,72
20023540,22,224,171,1996,0.0,1884854.0,-1.060876,-1.05104,BGD,TUR,72
20023541,22,224,171,1997,0.0,364640.0,-1.027777,-1.048214,BGD,TUR,72
20023542,22,224,171,2000,0.0,29750.0,-1.037212,-0.964965,BGD,TUR,72
20023543,22,224,171,2002,0.0,44120.0,-1.134933,-1.061633,BGD,TUR,72
20023544,22,224,171,2006,0.0,11881110.0,-1.0305309999999999,-0.80937,BGD,TUR,72
20023545,22,224,171,2009,0.0,65952832.0,-1.030722,-0.860137,BGD,TUR,72
20023546,22,224,171,2010,0.0,32446615.0,-0.974526,-0.76566,BGD,TUR,72
20023547,22,224,171,2012,0.0,94670462.0,-0.8932610000000001,-0.762658,BGD,TUR,72
20023548,22,224,171,2017,0.0,498457.0,-1.016251,-0.987654,BGD,TUR,72
20023549,22,224,171,2014,20872.0,29698.0,-1.0341879999999999,-0.9614870000000001,BGD,TUR,72
20023550,22,224,171,2020,0.0,694794.0,-0.874451,-0.9031309999999999,BGD,TUR,72
20023551,23,224,171,2000,23834565.0,2743889.0,0.364708,1.66767,BGR,TUR,72
20023552,23,224,171,2011,271751928.0,79571086.0,0.537967,1.520973,BGR,TUR,72
20023553,23,224,171,1999,7899388.0,957696.0,0.311033,1.7375040000000002,BGR,TUR,72
20023554,23,224,171,2015,53759036.0,58609261.0,0.45640699999999995,1.691455,BGR,TUR,72
20023555,23,224,171,2016,60486173.0,92517812.0,0.51707,1.7329130000000001,BGR,TUR,72
20023556,23,224,171,2019,100966598.0,210647330.0,0.572997,1.863346,BGR,TUR,72
20023557,23,224,171,2020,115060527.0,176533272.0,0.6328520000000001,1.8517009999999998,BGR,TUR,72
20023558,23,224,171,2013,226826175.0,77343791.0,0.5026109999999999,1.674296,BGR,TUR,72
20023559,23,224,171,2017,114493807.0,183236220.0,0.557843,1.7221119999999999,BGR,TUR,72
20023560,23,224,171,2018,114529971.0,212384680.0,0.571226,1.836856,BGR,TUR,72
20023561,23,224,171,2007,422189199.0,251175452.0,0.43321899999999997,1.5696700000000001,BGR,TUR,72
20023562,23,224,171,2009,97712076.0,55416291.0,0.373594,1.571413,BGR,TUR,72
20023563,23,224,171,2004,206513782.0,64051777.0,0.35536,1.499182,BGR,TUR,72
20023564,23,224,171,2005,224454804.0,98276309.0,0.338438,1.495008,BGR,TUR,72
20023565,23,224,171,2006,306545112.0,125240114.0,0.414563,1.378005,BGR,TUR,72
20023566,23,224,171,1996,14047438.0,933595.0,0.544265,1.523408,BGR,TUR,72
20023567,23,224,171,2008,249453941.0,203896655.0,0.44409,1.575399,BGR,TUR,72
20023568,23,224,171,1997,12403839.0,1164505.0,0.487041,1.287344,BGR,TUR,72
20023569,23,224,171,2010,242402554.0,50156179.0,0.44973,1.445441,BGR,TUR,72
20023570,23,224,171,1998,11780059.0,837265.0,0.382782,1.5844479999999999,BGR,TUR,72
20023571,23,224,171,2012,295184911.0,74043218.0,0.5611,1.416313,BGR,TUR,72
20023572,23,224,171,2001,17673065.0,3399886.0,0.41425100000000004,1.639866,BGR,TUR,72
20023573,23,224,171,2002,57407055.0,6415450.0,0.37451100000000004,1.573517,BGR,TUR,72
20023574,23,224,171,2003,131110156.0,16894000.0,0.43308599999999997,1.7104099999999998,BGR,TUR,72
20023575,23,224,171,2014,122776946.0,85542783.0,0.579058,1.6558110000000001,BGR,TUR,72
20023576,23,224,171,1995,29963176.0,2148614.0,0.436138,1.086561,BGR,TUR,72
20023577,24,224,171,2018,122653.0,2717922.0,0.318352,-0.69221,BHR,TUR,72
20023578,24,224,171,2013,158942.0,5114859.0,0.249681,-0.6204270000000001,BHR,TUR,72
20023579,24,224,171,2014,375671.0,4826835.0,0.460168,-0.41671099999999994,BHR,TUR,72
20023580,24,224,171,2017,27596086.0,8745217.0,0.485479,-0.5348890000000001,BHR,TUR,72
20023581,24,224,171,2009,2471468.0,16208419.0,0.250645,-0.767742,BHR,TUR,72
20023582,24,224,171,2015,405765.0,20267187.0,0.36650900000000003,-0.28735,BHR,TUR,72
20023583,24,224,171,2016,15285.0,11729940.0,0.323348,-0.514446,BHR,TUR,72
20023584,24,224,171,2019,43654.0,1628756.0,0.378349,-0.621468,BHR,TUR,72
20023585,24,224,171,2006,6908.0,7098694.0,0.172724,-0.9449879999999999,BHR,TUR,72
20023586,24,224,171,2008,368448.0,250824811.0,0.335334,-0.81372,BHR,TUR,72
20023587,24,224,171,2004,0.0,20443742.0,0.045344999999999996,-1.001059,BHR,TUR,72
20023588,24,224,171,2007,112359.0,9796055.0,0.500846,-0.845449,BHR,TUR,72
20023589,24,224,171,2010,1302864.0,14022938.0,0.284356,-0.8362,BHR,TUR,72
20023590,24,224,171,2012,1214741.0,7454231.0,0.019798,-0.848549,BHR,TUR,72
20023591,24,224,171,2011,1458389.0,4380886.0,0.04085,-0.873711,BHR,TUR,72
20023592,24,224,171,2002,0.0,2272432.0,-0.146585,-1.006558,BHR,TUR,72
20023593,24,224,171,2020,16604.0,1339664.0,0.379085,-0.634111,BHR,TUR,72
20023594,24,224,171,2000,0.0,2637502.0,-0.28305,-0.854878,BHR,TUR,72
20023595,24,224,171,2001,0.0,1994887.0,-0.11008399999999999,-1.053611,BHR,TUR,72
20023596,24,224,171,2003,0.0,6433081.0,-0.10968800000000001,-1.041032,BHR,TUR,72
20023597,24,224,171,2005,0.0,10347391.0,0.19583599999999998,-0.946515,BHR,TUR,72
20023598,24,224,171,1999,0.0,2458377.0,-0.034526,-0.8887200000000001,BHR,TUR,72
20023599,24,224,171,1997,0.0,4706091.0,-0.021125,-0.914009,BHR,TUR,72
20023600,24,224,171,1998,0.0,2440977.0,-0.044219,-0.859931,BHR,TUR,72
20023601,24,224,171,1995,0.0,5573645.0,-0.239166,-0.8627950000000001,BHR,TUR,72
20023602,24,224,171,1996,0.0,1987594.0,-0.062207000000000005,-0.840398,BHR,TUR,72
20023603,25,224,171,2005,35001.0,0.0,0.299331,-0.641232,BHS,TUR,72
20023604,25,224,171,2013,0.0,59063.0,0.756732,-0.369842,BHS,TUR,72
20023605,25,224,171,2014,0.0,53411.0,0.314465,-0.60458,BHS,TUR,72
20023606,25,224,171,2015,0.0,11456.0,0.669493,-0.37838099999999997,BHS,TUR,72
20023607,25,224,171,1997,750386.0,8302895.0,0.874886,-0.144043,BHS,TUR,72
20023608,25,224,171,2000,283409.0,0.0,0.943368,0.183559,BHS,TUR,72
20023609,25,224,171,2002,143204.0,96894.0,0.641626,-0.37892800000000004,BHS,TUR,72
20023610,25,224,171,2003,23608.0,0.0,0.614422,-0.40984,BHS,TUR,72
20023611,25,224,171,2006,0.0,25593.0,0.673694,-0.519608,BHS,TUR,72
20023612,25,224,171,2001,40070.0,160541.0,0.803267,-0.071853,BHS,TUR,72
20023613,25,224,171,2017,0.0,64912.0,0.81944,-0.30649499999999996,BHS,TUR,72
20023614,25,224,171,2019,0.0,562780.0,-0.10707799999999999,-0.7419720000000001,BHS,TUR,72
20023615,25,224,171,2020,0.0,1171781.0,-0.273982,-0.7174659999999999,BHS,TUR,72
20023616,25,224,171,1995,0.0,14122.0,0.501206,-0.32106799999999996,BHS,TUR,72
20023617,26,224,171,2017,19281596.0,11865863.0,0.43245,0.726721,BIH,TUR,72
20023618,26,224,171,2018,15814295.0,21579941.0,0.526392,0.742398,BIH,TUR,72
20023619,26,224,171,2007,59530.0,11784281.0,0.46303199999999994,0.596178,BIH,TUR,72
20023620,26,224,171,2008,217506.0,11264875.0,0.480256,0.810361,BIH,TUR,72
20023621,26,224,171,2009,5520015.0,4754650.0,0.519113,0.762582,BIH,TUR,72
20023622,26,224,171,2010,3605668.0,1989217.0,0.462275,0.830405,BIH,TUR,72
20023623,26,224,171,2012,38354055.0,2387266.0,0.519844,0.794082,BIH,TUR,72
20023624,26,224,171,2013,18157362.0,5064309.0,0.46743199999999996,0.7340800000000001,BIH,TUR,72
20023625,26,224,171,2014,25987377.0,7815236.0,0.5083300000000001,0.711704,BIH,TUR,72
20023626,26,224,171,2003,0.0,95928.0,0.195667,0.347011,BIH,TUR,72
20023627,26,224,171,2019,20829361.0,27954938.0,0.6525,0.83988,BIH,TUR,72
20023628,26,224,171,2011,32868568.0,5211805.0,0.391425,0.6066600000000001,BIH,TUR,72
20023629,26,224,171,2020,14936124.0,15116352.0,0.5449470000000001,0.91781,BIH,TUR,72
20023630,26,224,171,2015,19941229.0,7871392.0,0.355903,0.723092,BIH,TUR,72
20023631,26,224,171,2016,12421459.0,6936517.0,0.47827700000000006,0.5643100000000001,BIH,TUR,72
20023632,26,224,171,2006,0.0,1239752.0,0.40788800000000003,0.562854,BIH,TUR,72
20023633,26,224,171,2002,0.0,23281.0,0.26339,0.30287,BIH,TUR,72
20023634,26,224,171,2005,40352.0,1939643.0,0.273972,0.468758,BIH,TUR,72
20023635,26,224,171,2004,335879.0,2309651.0,0.385952,0.571774,BIH,TUR,72
20023636,26,224,171,1996,0.0,1614.0,0.679466,0.730425,BIH,TUR,72
20023637,26,224,171,1997,7916.0,42661.0,0.459512,0.194939,BIH,TUR,72
20023638,26,224,171,1998,0.0,53390.0,0.290661,0.18068299999999998,BIH,TUR,72
20023639,26,224,171,2000,254872.0,4752.0,0.283451,0.31568,BIH,TUR,72
20023640,26,224,171,2001,383034.0,40416.0,0.238083,0.362643,BIH,TUR,72
20023641,26,224,171,1999,298580.0,298085.0,0.366494,0.298229,BIH,TUR,72
20023642,28,224,171,2020,16043415.0,1969004.0,0.858776,1.085652,BLR,TUR,72
20023643,28,224,171,2002,253403.0,165049.0,0.825865,1.0148979999999999,BLR,TUR,72
20023644,28,224,171,2003,157170.0,190291.0,0.847358,0.9307719999999999,BLR,TUR,72
20023645,28,224,171,2004,800900.0,80049.0,0.8553139999999999,0.703926,BLR,TUR,72
20023646,28,224,171,2009,38861465.0,660612.0,0.977663,0.549549,BLR,TUR,72
20023647,28,224,171,2019,12069665.0,1841293.0,0.7849649999999999,0.8951600000000001,BLR,TUR,72
20023648,28,224,171,2016,12090560.0,3499880.0,0.773807,0.827442,BLR,TUR,72
20023649,28,224,171,2017,34167314.0,761169.0,0.8115829999999999,0.8323459999999999,BLR,TUR,72
20023650,28,224,171,1998,256816.0,7305.0,0.9122049999999999,1.161741,BLR,TUR,72
20023651,28,224,171,1999,1072633.0,1437.0,0.7516579999999999,1.169072,BLR,TUR,72
20023652,28,224,171,2000,54964.0,20143.0,0.646336,0.8651780000000001,BLR,TUR,72
20023653,28,224,171,2001,322341.0,119881.0,0.804404,0.936773,BLR,TUR,72
20023654,28,224,171,2005,2415.0,475903.0,0.934699,0.46211800000000003,BLR,TUR,72
20023655,28,224,171,2006,950876.0,2685906.0,0.919853,0.384409,BLR,TUR,72
20023656,28,224,171,2007,12083173.0,2725156.0,1.0435889999999999,0.415603,BLR,TUR,72
20023657,28,224,171,2008,29815876.0,1129846.0,0.9869,0.38977399999999995,BLR,TUR,72
20023658,28,224,171,2010,53843209.0,1126586.0,0.969851,0.593386,BLR,TUR,72
20023659,28,224,171,2011,25436548.0,5656352.0,0.8786729999999999,0.442097,BLR,TUR,72
20023660,28,224,171,2012,78476952.0,4056419.0,1.066605,0.6785399999999999,BLR,TUR,72
20023661,28,224,171,2013,72793895.0,3224973.0,1.036923,0.864568,BLR,TUR,72
20023662,28,224,171,2014,55357902.0,2416347.0,0.874108,0.676231,BLR,TUR,72
20023663,28,224,171,2015,76329956.0,1271373.0,0.672499,0.5584020000000001,BLR,TUR,72
20023664,28,224,171,2018,31908867.0,876156.0,0.850089,0.8332870000000001,BLR,TUR,72
20023665,28,224,171,1996,3545702.0,11102.0,0.7285550000000001,0.660716,BLR,TUR,72
20023666,28,224,171,1997,8672268.0,5415.0,0.563179,0.339149,BLR,TUR,72
20023667,28,224,171,1995,1478994.0,6197.0,0.5290279999999999,0.27031700000000003,BLR,TUR,72
20023668,29,224,171,2019,0.0,2004822.0,-0.484834,-0.638616,BLZ,TUR,72
20023669,29,224,171,2005,0.0,25011.0,-0.707427,-0.8586860000000001,BLZ,TUR,72
20023670,29,224,171,2011,0.0,12732.0,-0.382684,-0.581376,BLZ,TUR,72
20023671,29,224,171,2012,0.0,12330.0,-0.403404,-0.6691159999999999,BLZ,TUR,72
20023672,29,224,171,2018,0.0,1188041.0,-0.15867699999999998,-0.6393989999999999,BLZ,TUR,72
20023673,29,224,171,2014,0.0,62124.0,-0.324446,-0.552126,BLZ,TUR,72
20023674,29,224,171,2008,363594.0,0.0,-0.922266,-0.881167,BLZ,TUR,72
20023675,29,224,171,2013,177230.0,16351.0,-0.35218299999999997,-0.508891,BLZ,TUR,72
20023676,29,224,171,2016,0.0,451683.0,-0.527601,-0.680647,BLZ,TUR,72
20023677,29,224,171,1999,0.0,233349.0,-0.5603319999999999,-0.838239,BLZ,TUR,72
20023678,29,224,171,2015,0.0,111731.0,-0.24283600000000002,-0.577408,BLZ,TUR,72
20023679,29,224,171,1998,0.0,1146246.0,-0.103154,-0.580854,BLZ,TUR,72
20023680,29,224,171,2000,0.0,312762.0,-0.620384,-0.718677,BLZ,TUR,72
20023681,29,224,171,2020,0.0,449914.0,-0.145757,-0.59123,BLZ,TUR,72
20023682,30,224,171,2017,0.0,1610.0,1.06318,-0.48345,BMU,TUR,72
20023683,31,224,171,2006,0.0,52021.0,-0.805185,-0.754091,BOL,TUR,72
20023684,31,224,171,1999,0.0,201291.0,-0.398285,-0.6362,BOL,TUR,72
20023685,31,224,171,2009,0.0,1056596.0,-0.909969,-0.8899879999999999,BOL,TUR,72
20023686,31,224,171,2017,0.0,3008968.0,-1.158425,-1.076242,BOL,TUR,72
20023687,31,224,171,2018,0.0,837707.0,-1.153953,-1.070749,BOL,TUR,72
20023688,31,224,171,2019,0.0,2195937.0,-1.012748,-0.999245,BOL,TUR,72
20023689,31,224,171,2013,0.0,3284580.0,-1.039614,-0.95663,BOL,TUR,72
20023690,31,224,171,2014,0.0,3157789.0,-1.129494,-1.030198,BOL,TUR,72
20023691,31,224,171,2010,0.0,1263833.0,-0.83736,-0.812473,BOL,TUR,72
20023692,31,224,171,2020,0.0,3027626.0,-0.835558,-0.9611350000000001,BOL,TUR,72
20023693,31,224,171,2011,0.0,485807.0,-0.818593,-0.8701770000000001,BOL,TUR,72
20023694,31,224,171,2007,0.0,427488.0,-1.021595,-0.955375,BOL,TUR,72
20023695,31,224,171,2016,0.0,2201547.0,-1.061758,-1.041501,BOL,TUR,72
20023696,31,224,171,1998,0.0,382581.0,-0.49860699999999997,-0.748521,BOL,TUR,72
20023697,31,224,171,2001,0.0,80630.0,-0.680108,-0.678143,BOL,TUR,72
20023698,31,224,171,2000,0.0,128955.0,-0.612117,-0.6797479999999999,BOL,TUR,72
20023699,31,224,171,2008,0.0,1147023.0,-0.852975,-0.88041,BOL,TUR,72
20023700,31,224,171,2002,0.0,117068.0,-0.885342,-0.819517,BOL,TUR,72
20023701,31,224,171,2003,0.0,40086.0,-0.787995,-0.7228899999999999,BOL,TUR,72
20023702,31,224,171,2012,0.0,1425476.0,-0.709307,-0.813228,BOL,TUR,72
20023703,31,224,171,2015,0.0,3462369.0,-1.051562,-1.067714,BOL,TUR,72
20023704,31,224,171,2005,0.0,1059.0,-0.968893,-0.862433,BOL,TUR,72
20023705,32,224,171,2009,17095036.0,112169813.0,0.35447199999999995,0.8522360000000001,BRA,TUR,72
20023706,32,224,171,2010,26616862.0,165373063.0,0.40715500000000004,0.6208100000000001,BRA,TUR,72
20023707,32,224,171,2011,54834603.0,220125416.0,0.27718400000000004,0.5674319999999999,BRA,TUR,72
20023708,32,224,171,2012,39286101.0,212621655.0,0.305614,0.6357189999999999,BRA,TUR,72
20023709,32,224,171,2014,162169807.0,211354009.0,0.218223,0.556921,BRA,TUR,72
20023710,32,224,171,2016,354084008.0,7675734.0,0.245919,0.661809,BRA,TUR,72
20023711,32,224,171,1995,57719271.0,169775.0,0.687171,1.188647,BRA,TUR,72
20023712,32,224,171,1996,64996833.0,512131.0,0.699658,1.271724,BRA,TUR,72
20023713,32,224,171,2000,53014275.0,548511.0,0.792556,1.219394,BRA,TUR,72
20023714,32,224,171,2001,18584665.0,578417.0,0.672496,1.051848,BRA,TUR,72
20023715,32,224,171,2002,16177820.0,277585.0,0.677883,1.0227190000000002,BRA,TUR,72
20023716,32,224,171,2003,30567307.0,864256.0,0.660576,1.118876,BRA,TUR,72
20023717,32,224,171,2004,19348535.0,1668594.0,0.540718,1.149065,BRA,TUR,72
20023718,32,224,171,2005,32998774.0,4970999.0,0.567638,1.139122,BRA,TUR,72
20023719,32,224,171,2006,33977167.0,4261780.0,0.633889,1.1474520000000001,BRA,TUR,72
20023720,32,224,171,2007,41304941.0,22388445.0,0.582859,1.137225,BRA,TUR,72
20023721,32,224,171,2008,40814224.0,31905680.0,0.444687,0.904332,BRA,TUR,72
20023722,32,224,171,2013,42143057.0,228215433.0,0.14765899999999998,0.399262,BRA,TUR,72
20023723,32,224,171,2015,310216921.0,79127938.0,0.23656799999999997,0.688607,BRA,TUR,72
20023724,32,224,171,2017,444551045.0,12918732.0,0.145224,0.483461,BRA,TUR,72
20023725,32,224,171,2018,490626489.0,37632894.0,0.143397,0.582092,BRA,TUR,72
20023726,32,224,171,2019,230906725.0,40247475.0,0.076947,0.660604,BRA,TUR,72
20023727,32,224,171,2020,170562480.0,41626923.0,0.054622000000000004,0.532291,BRA,TUR,72
20023728,32,224,171,1998,53820810.0,367800.0,0.768101,1.04589,BRA,TUR,72
20023729,32,224,171,1997,59353619.0,358577.0,0.718336,1.203066,BRA,TUR,72
20023730,32,224,171,1999,17406969.0,135100.0,0.762468,1.191759,BRA,TUR,72
20023731,33,224,171,1998,0.0,117801.0,0.888487,0.469408,BRB,TUR,72
20023732,33,224,171,2020,0.0,1505380.0,0.666435,0.060089,BRB,TUR,72
20023733,33,224,171,2014,0.0,629271.0,0.44968400000000003,-0.15268900000000002,BRB,TUR,72
20023734,33,224,171,2009,0.0,71833.0,0.8652620000000001,0.796057,BRB,TUR,72
20023735,33,224,171,2010,0.0,408313.0,0.7076140000000001,0.434993,BRB,TUR,72
20023736,33,224,171,2011,0.0,422743.0,0.445982,0.204672,BRB,TUR,72
20023737,33,224,171,2012,0.0,554140.0,0.6746310000000001,0.45502700000000007,BRB,TUR,72
20023738,33,224,171,2013,0.0,135357.0,0.6969489999999999,0.135283,BRB,TUR,72
20023739,33,224,171,2015,0.0,295365.0,0.453689,0.039237,BRB,TUR,72
20023740,33,224,171,2016,0.0,1532491.0,0.613282,0.06728200000000001,BRB,TUR,72
20023741,33,224,171,2017,0.0,1994240.0,0.589793,-0.004488000000000001,BRB,TUR,72
20023742,33,224,171,2018,0.0,1925096.0,0.487166,-0.129388,BRB,TUR,72
20023743,33,224,171,2019,0.0,1768926.0,0.6228199999999999,-0.10803499999999999,BRB,TUR,72
20023744,34,224,171,1998,0.0,1285537.0,-0.445218,-0.833083,BRN,TUR,72
20023745,34,224,171,2009,0.0,82351.0,-1.371042,-0.9792120000000001,BRN,TUR,72
20023746,34,224,171,2019,0.0,31805.0,0.9608620000000001,-0.7012619999999999,BRN,TUR,72
20023747,34,224,171,2015,0.0,1968.0,1.093564,-0.679211,BRN,TUR,72
20023748,34,224,171,2010,0.0,66362.0,0.717167,-0.764841,BRN,TUR,72
20023749,34,224,171,2011,0.0,5261202.0,-0.171775,-0.6656810000000001,BRN,TUR,72
20023750,34,224,171,2016,0.0,92097.0,0.078764,-0.8103670000000001,BRN,TUR,72
20023751,34,224,171,2017,0.0,9742.0,0.270525,-0.747949,BRN,TUR,72
20023752,34,224,171,2018,0.0,10336.0,0.562198,-0.774457,BRN,TUR,72
20023753,34,224,171,2020,0.0,18612.0,0.432569,-0.8083779999999999,BRN,TUR,72
20023754,34,224,171,2014,0.0,13259.0,0.191357,-0.683567,BRN,TUR,72
20023755,34,224,171,1997,0.0,10077249.0,-0.092276,-0.772393,BRN,TUR,72
20023756,34,224,171,1995,0.0,8857568.0,-0.979701,-0.85456,BRN,TUR,72
20023757,34,224,171,1996,0.0,20822298.0,-0.848331,-0.779511,BRN,TUR,72
20023758,35,224,171,2014,222826.0,0.0,-0.24597199999999997,-0.758838,BTN,TUR,72
20023759,35,224,171,2017,2002105.0,0.0,-0.167518,-0.7758520000000001,BTN,TUR,72
20023760,35,224,171,2020,737092.0,0.0,0.108769,-0.728705,BTN,TUR,72
20023761,35,224,171,2019,1192069.0,0.0,0.008482,-0.767876,BTN,TUR,72
20023762,35,224,171,2018,1717255.0,0.0,-0.168694,-0.77871,BTN,TUR,72
20023763,35,224,171,2016,160658.0,0.0,-0.28638,-0.8311069999999999,BTN,TUR,72
20023764,35,224,171,2015,127212.0,0.0,-0.55347,-0.8795219999999999,BTN,TUR,72
20023765,37,224,171,2017,0.0,4500.0,-0.593754,-1.166742,BWA,TUR,72
20023766,37,224,171,2019,0.0,5800.0,-0.492807,-1.152651,BWA,TUR,72
20023767,38,224,171,2014,0.0,87922.0,0.695875,0.543384,CAF,TUR,72
20023768,38,224,171,2016,0.0,4615.0,-0.43507299999999993,-0.7039300000000001,CAF,TUR,72
20023769,38,224,171,2018,0.0,34054.0,-0.041318,-0.687923,CAF,TUR,72
20023770,38,224,171,2017,0.0,235626.0,-0.289049,-0.648497,CAF,TUR,72
20023771,38,224,171,2013,0.0,32038.0,-0.268604,-0.606101,CAF,TUR,72
20023772,38,224,171,2020,0.0,43219.0,-0.48102700000000004,-0.832994,CAF,TUR,72
20023773,38,224,171,2008,0.0,49080.0,-0.387367,-0.767895,CAF,TUR,72
20023774,38,224,171,2012,0.0,283811.0,-0.264052,-0.727242,CAF,TUR,72
20023775,38,224,171,2009,0.0,238733.0,-0.5777260000000001,-0.839981,CAF,TUR,72
20023776,38,224,171,2005,0.0,11497.0,-0.18778399999999998,-0.647926,CAF,TUR,72
20023777,38,224,171,2000,0.0,14541.0,-1.222452,-0.947033,CAF,TUR,72
20023778,38,224,171,2006,0.0,4306.0,-0.768791,-0.822677,CAF,TUR,72
20023779,38,224,171,2003,0.0,4986.0,-1.342769,-0.905425,CAF,TUR,72
20023780,38,224,171,2004,0.0,3756.0,-0.683538,-0.8331770000000001,CAF,TUR,72
20023781,39,224,171,2001,156633.0,33414113.0,0.971827,1.105171,CAN,TUR,72
20023782,39,224,171,2002,3441231.0,61063293.0,0.9963280000000001,1.1922110000000001,CAN,TUR,72
20023783,39,224,171,2003,3253439.0,27233135.0,0.9791540000000001,1.185081,CAN,TUR,72
20023784,39,224,171,2004,3469876.0,100821306.0,0.9392739999999999,1.19228,CAN,TUR,72
20023785,39,224,171,2005,4525362.0,100533438.0,0.9895149999999999,1.0437459999999998,CAN,TUR,72
20023786,39,224,171,2006,31721615.0,101813088.0,0.865685,1.1480489999999999,CAN,TUR,72
20023787,39,224,171,2007,84735173.0,34903819.0,0.77681,1.20517,CAN,TUR,72
20023788,39,224,171,2008,223579158.0,44823551.0,0.684659,1.085312,CAN,TUR,72
20023789,39,224,171,2009,93461150.0,23260485.0,0.6778069999999999,1.278402,CAN,TUR,72
20023790,39,224,171,2010,25389179.0,65172999.0,0.752421,1.2208510000000001,CAN,TUR,72
20023791,39,224,171,2011,325243741.0,98097189.0,0.754813,1.1967290000000002,CAN,TUR,72
20023792,39,224,171,2012,135514658.0,244488147.0,0.693098,1.132064,CAN,TUR,72
20023793,39,224,171,2013,93574405.0,117161367.0,0.719649,1.017046,CAN,TUR,72
20023794,39,224,171,2014,103082429.0,250579591.0,0.671395,1.024683,CAN,TUR,72
20023795,39,224,171,2015,61507310.0,33307380.0,0.695867,1.171676,CAN,TUR,72
20023796,39,224,171,2016,80352867.0,36344526.0,0.6579050000000001,1.12259,CAN,TUR,72
20023797,39,224,171,2017,204662077.0,160507254.0,0.73897,1.206402,CAN,TUR,72
20023798,39,224,171,2018,259431640.0,361091760.0,0.666822,1.218593,CAN,TUR,72
20023799,39,224,171,2019,126463923.0,102742085.0,0.657292,1.187872,CAN,TUR,72
20023800,39,224,171,2020,149609572.0,48065010.0,0.609267,1.1890479999999999,CAN,TUR,72
20023801,39,224,171,2000,2258696.0,37249075.0,1.056577,1.12931,CAN,TUR,72
20023802,39,224,171,1999,568962.0,32430840.0,1.083572,1.08026,CAN,TUR,72
20023803,39,224,171,1995,10320891.0,14538008.0,1.077804,1.0724200000000002,CAN,TUR,72
20023804,39,224,171,1996,3202331.0,7120788.0,1.155706,1.1127049999999998,CAN,TUR,72
20023805,39,224,171,1997,7848830.0,23170756.0,1.109494,1.178772,CAN,TUR,72
20023806,39,224,171,1998,1228670.0,35564994.0,1.077343,1.119161,CAN,TUR,72
20023807,41,224,171,2015,15337673.0,370851.0,2.306075,0.720781,CHE,TUR,72
20023808,41,224,171,2014,16723960.0,1920358.0,2.2000919999999997,0.65398,CHE,TUR,72
20023809,41,224,171,2005,5855938.0,2658622.0,2.0461709999999997,0.615855,CHE,TUR,72
20023810,41,224,171,2011,11155340.0,1486417.0,2.2644029999999997,0.406131,CHE,TUR,72
20023811,41,224,171,2010,8492252.0,1809494.0,2.1492080000000002,0.556424,CHE,TUR,72
20023812,41,224,171,2002,2683028.0,11014977.0,2.218095,0.620946,CHE,TUR,72
20023813,41,224,171,2003,3809978.0,5055571.0,2.151037,0.711217,CHE,TUR,72
20023814,41,224,171,2004,6165828.0,5011913.0,2.151471,0.7196279999999999,CHE,TUR,72
20023815,41,224,171,2006,7020780.0,493108.0,2.052534,0.515523,CHE,TUR,72
20023816,41,224,171,2007,5431679.0,2928237.0,2.0198080000000003,0.42277200000000004,CHE,TUR,72
20023817,41,224,171,2008,7714995.0,4039482.0,1.978404,0.368694,CHE,TUR,72
20023818,41,224,171,2009,4365328.0,1600463.0,2.124438,0.484861,CHE,TUR,72
20023819,41,224,171,2012,10714195.0,1527199.0,2.060769,0.562718,CHE,TUR,72
20023820,41,224,171,2013,17859750.0,2244662.0,2.2104470000000003,0.5403479999999999,CHE,TUR,72
20023821,41,224,171,2016,14791575.0,1022239.0,2.3488689999999997,0.806291,CHE,TUR,72
20023822,41,224,171,2017,24768697.0,7405871.0,2.2557810000000003,0.845459,CHE,TUR,72
20023823,41,224,171,2018,18656813.0,1919823.0,2.2324330000000003,0.7801560000000001,CHE,TUR,72
20023824,41,224,171,2019,22379823.0,4779935.0,2.1990849999999997,0.8394229999999999,CHE,TUR,72
20023825,41,224,171,2020,14982046.0,4148671.0,2.184038,0.900965,CHE,TUR,72
20023826,41,224,171,1999,4455935.0,408699.0,2.189934,0.741428,CHE,TUR,72
20023827,41,224,171,2000,5035209.0,1676838.0,2.197959,0.489989,CHE,TUR,72
20023828,41,224,171,2001,2012105.0,244908.0,2.227246,0.553956,CHE,TUR,72
20023829,41,224,171,1998,10538014.0,3227633.0,2.252965,0.561806,CHE,TUR,72
20023830,41,224,171,1996,14206316.0,8056285.0,2.246238,0.603288,CHE,TUR,72
20023831,41,224,171,1995,16315647.0,3369851.0,2.1893029999999998,0.82765,CHE,TUR,72
20023832,41,224,171,1997,7023438.0,7988540.0,2.280163,0.597819,CHE,TUR,72
20023833,42,224,171,2005,0.0,4443278.0,-0.168344,-0.43438999999999994,CHL,TUR,72
20023834,42,224,171,2006,0.0,7182744.0,-0.188298,-0.46778000000000003,CHL,TUR,72
20023835,42,224,171,2014,920874.0,47232031.0,-0.344671,-0.43380799999999997,CHL,TUR,72
20023836,42,224,171,2015,563738.0,30186499.0,-0.356167,-0.47629399999999994,CHL,TUR,72
20023837,42,224,171,2016,0.0,45370834.0,-0.385519,-0.470495,CHL,TUR,72
20023838,42,224,171,2017,197669.0,56490519.0,-0.378693,-0.492983,CHL,TUR,72
20023839,42,224,171,2018,5649997.0,116802060.0,-0.37677,-0.49605299999999997,CHL,TUR,72
20023840,42,224,171,2019,0.0,81202826.0,-0.34416199999999997,-0.432674,CHL,TUR,72
20023841,42,224,171,2020,0.0,33278450.0,-0.307923,-0.565983,CHL,TUR,72
20023842,42,224,171,2007,0.0,2762852.0,-0.306846,-0.57431,CHL,TUR,72
20023843,42,224,171,2008,2644524.0,42326685.0,-0.293985,-0.349554,CHL,TUR,72
20023844,42,224,171,2009,2978352.0,7001991.0,-0.219521,-0.34239,CHL,TUR,72
20023845,42,224,171,2010,5453038.0,23962438.0,-0.34914,-0.459395,CHL,TUR,72
20023846,42,224,171,2011,1002945.0,29104347.0,-0.199877,-0.353009,CHL,TUR,72
20023847,42,224,171,2012,0.0,51879411.0,-0.333891,-0.45610200000000006,CHL,TUR,72
20023848,42,224,171,2013,47672.0,53223470.0,-0.260718,-0.38256100000000004,CHL,TUR,72
20023849,42,224,171,2000,0.0,5445175.0,0.068478,-0.053438,CHL,TUR,72
20023850,42,224,171,2001,0.0,5458683.0,-0.004658,-0.002548,CHL,TUR,72
20023851,42,224,171,2002,0.0,2893406.0,-0.035264,-0.101796,CHL,TUR,72
20023852,42,224,171,2003,28799.0,2266887.0,-0.06375900000000001,-0.156808,CHL,TUR,72
20023853,42,224,171,1997,0.0,1025189.0,0.002791,-0.030604000000000003,CHL,TUR,72
20023854,42,224,171,1999,0.0,2557009.0,0.041013,-0.111553,CHL,TUR,72
20023855,42,224,171,2004,52723.0,4586196.0,-0.07869,-0.33641,CHL,TUR,72
20023856,42,224,171,1998,0.0,10381309.0,0.029706,-0.061149,CHL,TUR,72
20023857,43,224,171,1995,7743856.0,19245372.0,0.387897,3.2147919999999996,CHN,TUR,72
20023858,43,224,171,1996,1174856.0,21431469.0,0.404422,3.061344,CHN,TUR,72
20023859,43,224,171,1997,7152281.0,2542938.0,0.36051300000000003,3.287322,CHN,TUR,72
20023860,43,224,171,1998,30153315.0,902947.0,0.3658,3.231258,CHN,TUR,72
20023861,43,224,171,1999,17934665.0,4183838.0,0.386094,3.270089,CHN,TUR,72
20023862,43,224,171,2000,44955908.0,37185256.0,0.478362,3.156111,CHN,TUR,72
20023863,43,224,171,2001,11620645.0,93316652.0,0.525171,3.092963,CHN,TUR,72
20023864,43,224,171,2002,7641727.0,85083076.0,0.576746,2.7995520000000003,CHN,TUR,72
20023865,43,224,171,2003,12202827.0,211294654.0,0.579431,2.773139,CHN,TUR,72
20023866,43,224,171,2004,42236730.0,87425254.0,0.581548,2.8689880000000003,CHN,TUR,72
20023867,43,224,171,2005,90557600.0,87993995.0,0.608256,2.8242220000000002,CHN,TUR,72
20023868,43,224,171,2007,380156073.0,24093854.0,0.801547,2.321052,CHN,TUR,72
20023869,43,224,171,2008,763568800.0,19447164.0,0.929285,1.8917259999999998,CHN,TUR,72
20023870,43,224,171,2009,161983009.0,83206223.0,0.898623,2.08703,CHN,TUR,72
20023871,43,224,171,2010,329361413.0,25945135.0,0.922493,2.0176,CHN,TUR,72
20023872,43,224,171,2011,364786266.0,20303985.0,1.072299,1.686826,CHN,TUR,72
20023873,43,224,171,2012,282338448.0,23051742.0,1.095682,1.354837,CHN,TUR,72
20023874,43,224,171,2013,380437356.0,24311785.0,1.113767,1.477496,CHN,TUR,72
20023875,43,224,171,2014,794687528.0,23696863.0,1.187557,1.222085,CHN,TUR,72
20023876,43,224,171,2015,1479528621.0,10011454.0,1.077143,1.735757,CHN,TUR,72
20023877,43,224,171,2016,951031474.0,39357838.0,1.1073620000000002,1.723098,CHN,TUR,72
20023878,43,224,171,2017,631979910.0,13934368.0,1.1127790000000002,1.56869,CHN,TUR,72
20023879,43,224,171,2018,663240455.0,8371124.0,1.200689,1.2822,CHN,TUR,72
20023880,43,224,171,2019,461373739.0,14197951.0,1.196265,1.2258870000000002,CHN,TUR,72
20023881,43,224,171,2020,538529941.0,75076104.0,1.187837,1.2237770000000001,CHN,TUR,72
20023882,43,224,171,2006,181001160.0,8952765.0,0.737888,2.54966,CHN,TUR,72
20023883,44,224,171,2008,16705.0,12106099.0,-0.9806040000000001,-0.730792,CIV,TUR,72
20023884,44,224,171,2009,0.0,6120467.0,-0.924681,-0.801371,CIV,TUR,72
20023885,44,224,171,2015,0.0,6799589.0,-0.856142,-0.905292,CIV,TUR,72
20023886,44,224,171,2014,0.0,11449408.0,-0.737625,-0.768728,CIV,TUR,72
20023887,44,224,171,2007,0.0,5668944.0,-0.9989110000000001,-0.867232,CIV,TUR,72
20023888,44,224,171,2006,96488.0,1964403.0,-0.8918530000000001,-0.8145819999999999,CIV,TUR,72
20023889,44,224,171,2013,2371.0,18350843.0,-0.923558,-0.866642,CIV,TUR,72
20023890,44,224,171,2016,0.0,3922528.0,-0.88415,-0.8122689999999999,CIV,TUR,72
20023891,44,224,171,2017,0.0,17189038.0,-0.784119,-0.904135,CIV,TUR,72
20023892,44,224,171,2018,0.0,18811906.0,-0.8733569999999999,-0.8443139999999999,CIV,TUR,72
20023893,44,224,171,2019,0.0,35297317.0,-0.9916719999999999,-0.960625,CIV,TUR,72
20023894,44,224,171,1999,0.0,2070002.0,-0.591892,-0.654457,CIV,TUR,72
20023895,44,224,171,2001,0.0,710101.0,-0.715949,-0.524428,CIV,TUR,72
20023896,44,224,171,2003,0.0,2452539.0,-0.699928,-0.723739,CIV,TUR,72
20023897,44,224,171,1997,0.0,253049.0,-0.685339,-0.62129,CIV,TUR,72
20023898,44,224,171,2002,0.0,2082504.0,-0.816327,-0.711765,CIV,TUR,72
20023899,44,224,171,1998,0.0,695809.0,-0.75115,-0.753865,CIV,TUR,72
20023900,44,224,171,2000,0.0,673683.0,-0.7772640000000001,-0.632181,CIV,TUR,72
20023901,44,224,171,2004,61537.0,891223.0,-0.8490979999999999,-0.754732,CIV,TUR,72
20023902,44,224,171,2005,0.0,2983359.0,-0.900386,-0.804689,CIV,TUR,72
20023903,44,224,171,2010,0.0,9432907.0,-1.256641,-0.946767,CIV,TUR,72
20023904,44,224,171,2011,0.0,26771973.0,-1.069474,-0.867439,CIV,TUR,72
20023905,44,224,171,2012,0.0,23742326.0,-0.9721879999999999,-0.837227,CIV,TUR,72
20023906,44,224,171,1995,0.0,100494.0,-0.781656,-0.74293,CIV,TUR,72
20023907,44,224,171,1996,0.0,179561.0,-0.8720459999999999,-0.7904479999999999,CIV,TUR,72
20023908,44,224,171,2020,0.0,73009279.0,-1.2299200000000001,-1.095777,CIV,TUR,72
20023909,45,224,171,2009,6068.0,8573925.0,-1.128734,-1.022546,CMR,TUR,72
20023910,45,224,171,1997,0.0,2007525.0,-1.205482,-1.015714,CMR,TUR,72
20023911,45,224,171,2001,0.0,797074.0,-1.6254879999999998,-1.212513,CMR,TUR,72
20023912,45,224,171,2002,0.0,1496090.0,-1.114477,-1.0516510000000001,CMR,TUR,72
20023913,45,224,171,2003,0.0,3197376.0,-1.254788,-1.10897,CMR,TUR,72
20023914,45,224,171,2013,21949.0,21878203.0,-0.901531,-1.027111,CMR,TUR,72
20023915,45,224,171,2014,39110.0,18411407.0,-0.6723520000000001,-0.945084,CMR,TUR,72
20023916,45,224,171,2015,0.0,6097020.0,-0.924366,-1.040721,CMR,TUR,72
20023917,45,224,171,2016,0.0,4844092.0,-1.086484,-1.0725559999999998,CMR,TUR,72
20023918,45,224,171,2017,0.0,16143570.0,-1.048569,-1.030799,CMR,TUR,72
20023919,45,224,171,2018,0.0,14623055.0,-1.366619,-1.09894,CMR,TUR,72
20023920,45,224,171,2010,0.0,15320899.0,-1.114209,-1.0127899999999999,CMR,TUR,72
20023921,45,224,171,2004,0.0,2038016.0,-1.604916,-1.217399,CMR,TUR,72
20023922,45,224,171,2007,44084.0,2787521.0,-0.821623,-0.965601,CMR,TUR,72
20023923,45,224,171,2000,0.0,1156554.0,-1.547715,-1.161125,CMR,TUR,72
20023924,45,224,171,2005,0.0,2036875.0,-1.5648739999999999,-1.210117,CMR,TUR,72
20023925,45,224,171,2011,74030.0,28694661.0,-0.7956340000000001,-0.8532790000000001,CMR,TUR,72
20023926,45,224,171,1996,0.0,94658.0,-1.4036309999999999,-1.090633,CMR,TUR,72
20023927,45,224,171,2006,424310.0,1259847.0,-1.358873,-1.1511360000000002,CMR,TUR,72
20023928,45,224,171,2008,0.0,6629802.0,-1.143808,-1.0725,CMR,TUR,72
20023929,45,224,171,2012,26577.0,34175471.0,-1.0127030000000001,-1.011776,CMR,TUR,72
20023930,45,224,171,2019,0.0,16469710.0,-1.461279,-1.214274,CMR,TUR,72
20023931,45,224,171,2020,0.0,22033692.0,-1.379365,-1.177022,CMR,TUR,72
20023932,45,224,171,1998,0.0,2987025.0,-1.8845029999999998,-1.250205,CMR,TUR,72
20023933,45,224,171,1999,0.0,2404771.0,-1.7392470000000002,-1.241373,CMR,TUR,72
20023934,46,224,171,2015,0.0,1664358.0,-1.3921290000000002,-1.146549,COD,TUR,72
20023935,46,224,171,2009,518715.0,2853765.0,-1.532165,-1.160269,COD,TUR,72
20023936,46,224,171,2011,0.0,1131950.0,-0.722957,-0.965141,COD,TUR,72
20023937,46,224,171,2012,0.0,358615.0,-1.442925,-1.170333,COD,TUR,72
20023938,46,224,171,2013,0.0,383434.0,-1.300125,-1.0708010000000001,COD,TUR,72
20023939,46,224,171,2016,0.0,335242.0,-1.136472,-1.109177,COD,TUR,72
20023940,46,224,171,2017,0.0,180363.0,-1.3960569999999999,-1.126784,COD,TUR,72
20023941,46,224,171,2018,130260.0,527486.0,-1.743034,-1.20446,COD,TUR,72
20023942,46,224,171,2019,0.0,2219480.0,-1.2685879999999998,-1.148403,COD,TUR,72
20023943,46,224,171,2020,0.0,4655576.0,-1.538455,-1.1857659999999999,COD,TUR,72
20023944,46,224,171,2010,0.0,20513.0,-1.465101,-1.139909,COD,TUR,72
20023945,46,224,171,2014,0.0,1416004.0,-1.6680240000000002,-1.1265129999999999,COD,TUR,72
20023946,46,224,171,2008,0.0,18577.0,-1.513117,-1.141895,COD,TUR,72
20023947,47,224,171,2011,0.0,15210543.0,-0.979359,-1.084589,COG,TUR,72
20023948,47,224,171,2018,0.0,2614530.0,-1.52875,-1.1869100000000001,COG,TUR,72
20023949,47,224,171,2019,0.0,9885385.0,-1.305193,-1.162808,COG,TUR,72
20023950,47,224,171,2007,0.0,1812162.0,-1.88462,-1.22688,COG,TUR,72
20023951,47,224,171,2009,0.0,4580556.0,-1.466289,-1.201249,COG,TUR,72
20023952,47,224,171,2010,0.0,4905127.0,-1.536434,-1.175338,COG,TUR,72
20023953,47,224,171,2012,0.0,19824695.0,-1.210442,-1.086805,COG,TUR,72
20023954,47,224,171,2013,0.0,16996398.0,-1.215681,-1.08679,COG,TUR,72
20023955,47,224,171,2014,0.0,22770711.0,-1.371624,-1.12468,COG,TUR,72
20023956,47,224,171,2015,0.0,12035314.0,-1.294823,-1.18811,COG,TUR,72
20023957,47,224,171,2016,0.0,3723072.0,-0.718731,-1.0663799999999999,COG,TUR,72
20023958,47,224,171,2017,0.0,2496166.0,-1.2289780000000001,-1.169368,COG,TUR,72
20023959,47,224,171,2020,0.0,9517118.0,-1.580638,-1.2020870000000001,COG,TUR,72
20023960,47,224,171,2008,86868.0,2108088.0,-2.2772799999999997,-1.216089,COG,TUR,72
20023961,47,224,171,2005,737185.0,3178238.0,-1.648425,-1.1852040000000001,COG,TUR,72
20023962,47,224,171,2004,154099.0,685547.0,-1.610222,-1.184921,COG,TUR,72
20023963,47,224,171,1999,0.0,16421.0,-1.2759120000000002,-1.1418030000000001,COG,TUR,72
20023964,47,224,171,2000,0.0,105893.0,-1.862839,-1.214684,COG,TUR,72
20023965,47,224,171,2001,0.0,111134.0,-1.482788,-1.172,COG,TUR,72
20023966,47,224,171,2002,0.0,83145.0,-1.62227,-1.202067,COG,TUR,72
20023967,47,224,171,2003,0.0,165655.0,-1.6789619999999998,-1.182557,COG,TUR,72
20023968,47,224,171,2006,0.0,1543439.0,-1.9903240000000002,-1.189925,COG,TUR,72
20023969,48,224,171,2004,0.0,245003.0,0.10636,-0.652109,COK,TUR,72
20023970,48,224,171,2016,0.0,36224.0,0.20994699999999997,-0.791095,COK,TUR,72
20023971,49,224,171,1999,0.0,328127.0,0.190667,0.136271,COL,TUR,72
20023972,49,224,171,2000,0.0,71342.0,0.299592,0.320885,COL,TUR,72
20023973,49,224,171,2005,0.0,15932.0,0.077191,0.47193500000000005,COL,TUR,72
20023974,49,224,171,2007,0.0,222362.0,0.118341,0.557699,COL,TUR,72
20023975,49,224,171,2008,0.0,215122.0,0.19505699999999998,0.566189,COL,TUR,72
20023976,49,224,171,2009,0.0,412476.0,0.263416,0.38947,COL,TUR,72
20023977,49,224,171,2010,0.0,1905422.0,0.097222,-0.064328,COL,TUR,72
20023978,49,224,171,2011,0.0,37333023.0,0.14336600000000002,-0.22996,COL,TUR,72
20023979,49,224,171,2012,0.0,60448254.0,0.15523699999999999,-0.30749099999999996,COL,TUR,72
20023980,49,224,171,2013,0.0,20862278.0,0.121799,-0.388239,COL,TUR,72
20023981,49,224,171,2014,0.0,75327845.0,0.19864500000000002,-0.378364,COL,TUR,72
20023982,49,224,171,2015,0.0,74080640.0,0.156383,-0.183055,COL,TUR,72
20023983,49,224,171,2016,0.0,69743564.0,0.10205700000000001,-0.155574,COL,TUR,72
20023984,49,224,171,2019,0.0,56248798.0,0.099936,-0.15568800000000002,COL,TUR,72
20023985,49,224,171,1997,0.0,1097095.0,0.190632,0.068001,COL,TUR,72
20023986,49,224,171,1998,0.0,2435055.0,0.205004,0.13985899999999998,COL,TUR,72
20023987,49,224,171,2001,0.0,2302614.0,0.30412,0.395913,COL,TUR,72
20023988,49,224,171,2003,0.0,620651.0,0.218336,0.376869,COL,TUR,72
20023989,49,224,171,2004,0.0,219621.0,0.033128,0.47524799999999995,COL,TUR,72
20023990,49,224,171,2006,0.0,1018564.0,0.129887,0.44371700000000003,COL,TUR,72
20023991,49,224,171,2017,0.0,53882267.0,0.208096,-0.17644300000000002,COL,TUR,72
20023992,49,224,171,2018,18464.0,78346855.0,0.20431,-0.15273699999999998,COL,TUR,72
20023993,49,224,171,2020,0.0,43967392.0,0.115954,0.104558,COL,TUR,72
20023994,50,224,171,2010,0.0,1800457.0,0.8640059999999999,-0.6108180000000001,COM,TUR,72
20023995,50,224,171,2014,0.0,2531758.0,-0.19200699999999998,-0.761303,COM,TUR,72
20023996,50,224,171,2011,23635.0,3177390.0,0.449788,-0.533709,COM,TUR,72
20023997,50,224,171,2005,0.0,787372.0,-0.6264,-0.853095,COM,TUR,72
20023998,50,224,171,2006,0.0,541127.0,-0.5214300000000001,-0.8452149999999999,COM,TUR,72
20023999,50,224,171,2018,0.0,6365652.0,-0.472937,-0.8866280000000001,COM,TUR,72
20024000,50,224,171,2020,0.0,7125703.0,-0.314278,-0.86393,COM,TUR,72
20024001,50,224,171,2001,140970.0,0.0,-0.24810700000000002,-0.832764,COM,TUR,72
20024002,50,224,171,2004,0.0,1709851.0,-0.581058,-0.8678309999999999,COM,TUR,72
20024003,50,224,171,2007,0.0,274603.0,-0.956375,-0.964842,COM,TUR,72
20024004,50,224,171,2008,0.0,1430376.0,-0.101412,-0.841565,COM,TUR,72
20024005,50,224,171,2009,0.0,1572157.0,0.080831,-0.7148760000000001,COM,TUR,72
20024006,50,224,171,2012,0.0,3073717.0,-0.044716000000000006,-0.716491,COM,TUR,72
20024007,50,224,171,2013,0.0,2955323.0,-0.326422,-0.6956640000000001,COM,TUR,72
20024008,50,224,171,2015,0.0,2818066.0,-0.551674,-0.867288,COM,TUR,72
20024009,50,224,171,2016,0.0,2623660.0,-0.520849,-0.8678040000000001,COM,TUR,72
20024010,50,224,171,2017,0.0,4004873.0,-0.880647,-0.927383,COM,TUR,72
20024011,50,224,171,2019,0.0,6045968.0,0.21475,-0.737725,COM,TUR,72
20024012,51,224,171,2020,0.0,650606.0,-0.235719,-0.746113,CPV,TUR,72
20024013,51,224,171,2014,0.0,3178055.0,-0.182368,-0.7136359999999999,CPV,TUR,72
20024014,51,224,171,2017,0.0,866859.0,-0.11722300000000001,-0.677707,CPV,TUR,72
20024015,51,224,171,2019,0.0,422527.0,-0.094961,-0.751246,CPV,TUR,72
20024016,51,224,171,2018,0.0,1189060.0,-0.319064,-0.8615659999999999,CPV,TUR,72
20024017,51,224,171,2007,0.0,3287462.0,0.289375,-0.295194,CPV,TUR,72
20024018,51,224,171,2012,0.0,1604555.0,-0.049047,-0.541215,CPV,TUR,72
20024019,51,224,171,2013,0.0,1149180.0,-0.75058,-0.8948219999999999,CPV,TUR,72
20024020,51,224,171,2009,0.0,956400.0,0.32592600000000005,-0.531697,CPV,TUR,72
20024021,51,224,171,2001,0.0,68437.0,0.063802,-0.456617,CPV,TUR,72
20024022,51,224,171,2002,0.0,1233351.0,-0.29720100000000005,-0.703051,CPV,TUR,72
20024023,51,224,171,2010,0.0,3348492.0,0.140658,-0.527468,CPV,TUR,72
20024024,51,224,171,2016,0.0,616217.0,0.264883,-0.580199,CPV,TUR,72
20024025,51,224,171,2011,0.0,1838305.0,0.006139,-0.610237,CPV,TUR,72
20024026,51,224,171,2008,0.0,7226838.0,0.16722,-0.64183,CPV,TUR,72
20024027,51,224,171,2015,0.0,2644153.0,-0.263621,-0.772158,CPV,TUR,72
20024028,51,224,171,2003,0.0,2182329.0,0.070649,-0.541279,CPV,TUR,72
20024029,51,224,171,2004,0.0,2301594.0,-0.160185,-0.729291,CPV,TUR,72
20024030,51,224,171,2006,0.0,2913513.0,0.369814,-0.414812,CPV,TUR,72
20024031,51,224,171,2000,0.0,577825.0,0.434429,-0.218505,CPV,TUR,72
20024032,52,224,171,1999,0.0,5070643.0,-0.310033,-0.299529,CRI,TUR,72
20024033,52,224,171,2000,0.0,3184408.0,-0.095295,-0.189881,CRI,TUR,72
20024034,52,224,171,2001,0.0,12416338.0,0.069458,-0.042793,CRI,TUR,72
20024035,52,224,171,1995,0.0,451456.0,-0.30094699999999996,-0.046285,CRI,TUR,72
20024036,52,224,171,1996,0.0,1052734.0,-0.34219499999999997,0.12221900000000001,CRI,TUR,72
20024037,52,224,171,1997,0.0,3465246.0,-0.25974200000000003,0.196955,CRI,TUR,72
20024038,52,224,171,1998,0.0,3782768.0,-0.26046199999999997,-0.059391,CRI,TUR,72
20024039,52,224,171,2008,0.0,454027.0,0.023962,-0.346029,CRI,TUR,72
20024040,52,224,171,2009,0.0,623120.0,-0.142465,-0.669277,CRI,TUR,72
20024041,52,224,171,2010,0.0,2229235.0,-0.122722,-0.7062069999999999,CRI,TUR,72
20024042,52,224,171,2011,0.0,3477557.0,0.04325,-0.553193,CRI,TUR,72
20024043,52,224,171,2012,4562.0,10030368.0,0.176669,-0.649094,CRI,TUR,72
20024044,52,224,171,2013,7116.0,21700288.0,0.067379,-0.688217,CRI,TUR,72
20024045,52,224,171,2014,11827.0,34926962.0,0.065938,-0.687971,CRI,TUR,72
20024046,52,224,171,2015,11075.0,34269496.0,0.24859699999999998,-0.033143,CRI,TUR,72
20024047,52,224,171,2016,0.0,32260760.0,0.204591,-0.18279600000000001,CRI,TUR,72
20024048,52,224,171,2017,11100.0,28983919.0,0.288642,-0.056219000000000005,CRI,TUR,72
20024049,52,224,171,2018,11575.0,42115366.0,0.19386,0.05811,CRI,TUR,72
20024050,52,224,171,2019,16297.0,34968253.0,0.38045,0.08960900000000001,CRI,TUR,72
20024051,52,224,171,2020,6643492.0,26550551.0,0.303849,-0.114494,CRI,TUR,72
20024052,52,224,171,2002,0.0,4494612.0,0.03619,-0.187718,CRI,TUR,72
20024053,52,224,171,2003,0.0,1787424.0,-0.193904,-0.5049680000000001,CRI,TUR,72
20024054,52,224,171,2004,0.0,2420253.0,-0.043266000000000006,-0.376239,CRI,TUR,72
20024055,52,224,171,2005,0.0,16065.0,-0.06424099999999999,-0.370622,CRI,TUR,72
20024056,52,224,171,2006,0.0,3015697.0,0.042663,-0.376672,CRI,TUR,72
20024057,52,224,171,2007,36751.0,266314.0,0.001895,-0.30248600000000003,CRI,TUR,72
20024058,54,224,171,1999,0.0,14364.0,-0.152322,-0.8734270000000001,CUB,TUR,72
20024059,54,224,171,2001,0.0,192341.0,-0.443391,-0.9599030000000001,CUB,TUR,72
20024060,54,224,171,2002,0.0,158694.0,-0.479213,-0.951203,CUB,TUR,72
20024061,54,224,171,2003,0.0,16406.0,-0.391515,-0.8562120000000001,CUB,TUR,72
20024062,54,224,171,2004,0.0,40108.0,-0.040541,-0.634675,CUB,TUR,72
20024063,54,224,171,2005,0.0,64505.0,0.00695,-0.611843,CUB,TUR,72
20024064,54,224,171,2000,0.0,12283.0,-0.338457,-0.9391370000000001,CUB,TUR,72
20024065,54,224,171,2007,0.0,1258638.0,-0.308053,-0.8740610000000001,CUB,TUR,72
20024066,54,224,171,2009,0.0,4779930.0,0.188114,-0.819958,CUB,TUR,72
20024067,54,224,171,2014,0.0,3129862.0,-0.476786,-0.952291,CUB,TUR,72
20024068,54,224,171,2015,0.0,4685421.0,-0.694839,-1.093439,CUB,TUR,72
20024069,54,224,171,2017,0.0,1984807.0,-0.77404,-1.121084,CUB,TUR,72
20024070,54,224,171,2018,0.0,10771252.0,-0.8835629999999999,-1.15678,CUB,TUR,72
20024071,54,224,171,2019,0.0,11957788.0,-0.880892,-1.141591,CUB,TUR,72
20024072,54,224,171,2011,0.0,814164.0,-0.050093,-0.88759,CUB,TUR,72
20024073,54,224,171,2006,0.0,814097.0,0.204039,-0.5183260000000001,CUB,TUR,72
20024074,54,224,171,2012,0.0,1164913.0,0.129383,-0.7444609999999999,CUB,TUR,72
20024075,54,224,171,2010,0.0,553205.0,-0.085462,-0.885019,CUB,TUR,72
20024076,54,224,171,2013,0.0,6424908.0,-0.019956,-0.7873319999999999,CUB,TUR,72
20024077,54,224,171,2016,0.0,857031.0,-0.602309,-1.0781120000000002,CUB,TUR,72
20024078,54,224,171,2020,0.0,4392603.0,-1.171456,-1.224365,CUB,TUR,72
20024079,54,224,171,1996,0.0,678625.0,-0.555246,-1.0420479999999999,CUB,TUR,72
20024080,54,224,171,1998,0.0,464699.0,-0.349393,-0.9927889999999999,CUB,TUR,72
20024081,54,224,171,2008,0.0,4749331.0,-0.23158299999999998,-0.892943,CUB,TUR,72
20024082,55,224,171,2011,0.0,32335.0,-0.052038,-0.69103,CUW,TUR,72
20024083,55,224,171,2013,0.0,255781.0,0.029981999999999998,-0.673439,CUW,TUR,72
20024084,55,224,171,2014,0.0,171863.0,-0.00902,-0.683643,CUW,TUR,72
20024085,55,224,171,2015,0.0,20547.0,0.296267,-0.6313350000000001,CUW,TUR,72
20024086,55,224,171,2016,0.0,12458.0,0.232855,-0.7864260000000001,CUW,TUR,72
20024087,57,224,171,2018,0.0,347934.0,-0.194933,-0.930874,CYM,TUR,72
20024088,57,224,171,2019,0.0,2516544.0,0.27157800000000004,-0.901875,CYM,TUR,72
20024089,57,224,171,2016,0.0,31866.0,1.045587,-0.779983,CYM,TUR,72
20024090,57,224,171,2017,0.0,8368.0,1.105397,-0.794764,CYM,TUR,72
20024091,57,224,171,2020,0.0,1941479.0,-0.007386,-0.878251,CYM,TUR,72
20024092,58,224,171,2014,0.0,82.0,0.627467,0.483725,CYP,TUR,72
20024093,58,224,171,2018,8595887.0,72437947.0,0.45442,-0.113303,CYP,TUR,72
20024094,58,224,171,2019,5259895.0,50415764.0,0.657782,0.209481,CYP,TUR,72
20024095,58,224,171,1997,532268.0,9252462.0,0.451212,0.452754,CYP,TUR,72
20024096,58,224,171,2005,1925154.0,52358899.0,0.573122,0.474224,CYP,TUR,72
20024097,58,224,171,2017,5854856.0,66940184.0,0.576982,0.279989,CYP,TUR,72
20024098,58,224,171,2006,2637428.0,59487390.0,0.708267,-0.048096,CYP,TUR,72
20024099,58,224,171,2007,6706926.0,59755964.0,0.887351,0.426331,CYP,TUR,72
20024100,58,224,171,2008,9227357.0,65130509.0,1.003211,0.712629,CYP,TUR,72
20024101,58,224,171,2009,4214282.0,30519053.0,0.934193,0.657555,CYP,TUR,72
20024102,58,224,171,2011,15059101.0,43345064.0,0.798165,0.424179,CYP,TUR,72
20024103,58,224,171,2012,10615643.0,36176392.0,0.691646,0.11984600000000001,CYP,TUR,72
20024104,58,224,171,2000,51200.0,9020865.0,0.235843,0.16877,CYP,TUR,72
20024105,58,224,171,2016,4305651.0,45714385.0,0.40822800000000004,0.07535,CYP,TUR,72
20024106,58,224,171,2020,6184122.0,39664469.0,0.5354760000000001,-0.069753,CYP,TUR,72
20024107,58,224,171,2015,3585295.0,37254167.0,0.511225,-0.207261,CYP,TUR,72
20024108,58,224,171,2010,7512951.0,36582619.0,0.8776450000000001,0.568389,CYP,TUR,72
20024109,58,224,171,2013,8312558.0,39760934.0,0.502238,0.349608,CYP,TUR,72
20024110,58,224,171,2003,518217.0,15002474.0,0.259992,0.068914,CYP,TUR,72
20024111,58,224,171,2004,1265624.0,40644429.0,0.533521,0.615939,CYP,TUR,72
20024112,58,224,171,2002,256061.0,7797860.0,0.381391,0.40265,CYP,TUR,72
20024113,58,224,171,1996,904641.0,9175958.0,0.20007,0.020590999999999998,CYP,TUR,72
20024114,58,224,171,1995,746652.0,8600730.0,0.263764,0.030358999999999997,CYP,TUR,72
20024115,58,224,171,1998,531613.0,9010231.0,0.45990600000000004,0.41840299999999997,CYP,TUR,72
20024116,58,224,171,1999,89951.0,7138995.0,0.508464,0.324706,CYP,TUR,72
20024117,58,224,171,2001,161590.0,5824820.0,0.381251,0.257802,CYP,TUR,72
20024118,59,224,171,2000,3355059.0,371221.0,1.393001,1.23271,CZE,TUR,72
20024119,59,224,171,2013,45155929.0,2326281.0,1.819653,-0.12423800000000002,CZE,TUR,72
20024120,59,224,171,2007,34944808.0,6967221.0,1.620377,0.379404,CZE,TUR,72
20024121,59,224,171,2019,23778875.0,9891511.0,1.797611,0.406708,CZE,TUR,72
20024122,59,224,171,2014,38657599.0,7032831.0,1.8105830000000003,0.131131,CZE,TUR,72
20024123,59,224,171,2015,44014881.0,8853304.0,1.743012,0.45424,CZE,TUR,72
20024124,59,224,171,2012,51266603.0,1912610.0,1.747369,-0.0932,CZE,TUR,72
20024125,59,224,171,2006,9293086.0,5735577.0,1.564058,0.6023649999999999,CZE,TUR,72
20024126,59,224,171,2011,35379330.0,6259153.0,1.737788,0.14741600000000002,CZE,TUR,72
20024127,59,224,171,2001,499791.0,210156.0,1.485703,1.109305,CZE,TUR,72
20024128,59,224,171,2004,11807949.0,942249.0,1.562625,0.865244,CZE,TUR,72
20024129,59,224,171,2016,37471781.0,12314177.0,1.823627,0.552354,CZE,TUR,72
20024130,59,224,171,1998,3463917.0,922241.0,1.36345,1.408508,CZE,TUR,72
20024131,59,224,171,1999,3079796.0,412352.0,1.412439,1.329385,CZE,TUR,72
20024132,59,224,171,2002,1024252.0,219564.0,1.550713,1.037066,CZE,TUR,72
20024133,59,224,171,2003,5030193.0,298171.0,1.555749,0.8662059999999999,CZE,TUR,72
20024134,59,224,171,2009,28690356.0,3106438.0,1.6323159999999999,0.47257200000000005,CZE,TUR,72
20024135,59,224,171,2010,67199409.0,12139313.0,1.732044,0.333934,CZE,TUR,72
20024136,59,224,171,2005,11250260.0,473076.0,1.56768,0.6784319999999999,CZE,TUR,72
20024137,59,224,171,2018,40021370.0,11254634.0,1.841016,0.220806,CZE,TUR,72
20024138,59,224,171,1997,3544331.0,80277.0,1.40651,1.354695,CZE,TUR,72
20024139,59,224,171,2017,48967340.0,9103082.0,1.7715130000000001,0.359668,CZE,TUR,72
20024140,59,224,171,2020,15048251.0,7581067.0,1.716646,0.602441,CZE,TUR,72
20024141,59,224,171,2008,42463900.0,7554234.0,1.592035,0.27983600000000003,CZE,TUR,72
20024142,59,224,171,1995,4159065.0,14482.0,1.375091,1.628069,CZE,TUR,72
20024143,59,224,171,1996,4440937.0,20696.0,1.401181,1.3094709999999998,CZE,TUR,72
20024144,61,224,171,1995,321246695.0,60814786.0,2.325385,-2.2238189999999998,DEU,TUR,72
20024145,61,224,171,1997,236285091.0,34330686.0,2.293936,-2.2301919999999997,DEU,TUR,72
20024146,61,224,171,1998,210511037.0,44615823.0,2.334028,-2.417278,DEU,TUR,72
20024147,61,224,171,1999,125068449.0,30500455.0,2.334811,-2.060502,DEU,TUR,72
20024148,61,224,171,2001,135998388.0,24973948.0,2.321375,-2.1110990000000003,DEU,TUR,72
20024149,61,224,171,2002,188687350.0,27682002.0,2.297691,-2.183239,DEU,TUR,72
20024150,61,224,171,2004,406837664.0,61341143.0,2.266076,-2.011139,DEU,TUR,72
20024151,61,224,171,2008,723895490.0,207979241.0,2.007167,-3.256961,DEU,TUR,72
20024152,61,224,171,2009,471015122.0,84390072.0,2.056515,-3.034837,DEU,TUR,72
20024153,61,224,171,2015,476278293.0,116014076.0,2.203818,-2.307561,DEU,TUR,72
20024154,61,224,171,2018,675069414.0,272357619.0,2.109059,-2.428826,DEU,TUR,72
20024155,61,224,171,2019,568961884.0,196775739.0,2.078626,-2.124816,DEU,TUR,72
20024156,61,224,171,2007,531235395.0,213817716.0,2.114566,-2.934732,DEU,TUR,72
20024157,61,224,171,2013,749185141.0,132942096.0,2.093658,-3.4281980000000005,DEU,TUR,72
20024158,61,224,171,2014,581293739.0,141255773.0,2.052849,-2.888805,DEU,TUR,72
20024159,61,224,171,1996,295133843.0,20132172.0,2.279976,-2.572299,DEU,TUR,72
20024160,61,224,171,2000,185006712.0,42744049.0,2.316177,-2.4478419999999996,DEU,TUR,72
20024161,61,224,171,2003,256031630.0,34917237.0,2.2821919999999998,-2.0985150000000004,DEU,TUR,72
20024162,61,224,171,2005,453942015.0,56026986.0,2.172479,-2.446472,DEU,TUR,72
20024163,61,224,171,2006,475694356.0,113736549.0,2.132566,-2.773669,DEU,TUR,72
20024164,61,224,171,2010,731431262.0,104357813.0,2.035672,-3.383322,DEU,TUR,72
20024165,61,224,171,2011,826801006.0,198272122.0,2.074435,-3.440815,DEU,TUR,72
20024166,61,224,171,2012,813471370.0,140706347.0,1.966247,-3.3238410000000003,DEU,TUR,72
20024167,61,224,171,2016,470393863.0,141386213.0,2.203093,-2.24919,DEU,TUR,72
20024168,61,224,171,2017,692782745.0,197891637.0,2.1149459999999998,-2.525372,DEU,TUR,72
20024169,61,224,171,2020,509251658.0,136227904.0,2.027494,-2.3646689999999997,DEU,TUR,72
20024170,62,224,171,2011,0.0,22745025.0,-0.6224529999999999,-0.7357739999999999,DJI,TUR,72
20024171,62,224,171,2012,0.0,44554170.0,-0.31072,-0.7274470000000001,DJI,TUR,72
20024172,62,224,171,2013,0.0,14788835.0,-0.412843,-0.695916,DJI,TUR,72
20024173,62,224,171,2014,0.0,5950651.0,-0.394602,-0.74178,DJI,TUR,72
20024174,62,224,171,2015,0.0,34129465.0,-0.538942,-0.832522,DJI,TUR,72
20024175,62,224,171,2019,0.0,95215903.0,-0.602334,-0.794205,DJI,TUR,72
20024176,62,224,171,2016,40740.0,15962384.0,-0.032607,-0.549622,DJI,TUR,72
20024177,62,224,171,2017,0.0,27511820.0,-0.4897,-0.7249180000000001,DJI,TUR,72
20024178,62,224,171,2018,0.0,76273264.0,-0.11008599999999999,-0.603731,DJI,TUR,72
20024179,62,224,171,2009,6379.0,16553907.0,0.062037,-0.596527,DJI,TUR,72
20024180,62,224,171,2007,0.0,19092556.0,-1.111848,-0.983348,DJI,TUR,72
20024181,62,224,171,2008,1480.0,12924244.0,-1.082951,-0.958676,DJI,TUR,72
20024182,62,224,171,2005,0.0,347023.0,0.220415,0.045086,DJI,TUR,72
20024183,62,224,171,2020,0.0,62854871.0,-0.493576,-0.808321,DJI,TUR,72
20024184,62,224,171,2003,0.0,1205159.0,-0.41648500000000005,-0.5408350000000001,DJI,TUR,72
20024185,62,224,171,2004,0.0,2487125.0,-0.12463699999999998,-0.304559,DJI,TUR,72
20024186,62,224,171,2006,22725.0,16846.0,-0.251707,-0.436792,DJI,TUR,72
20024187,62,224,171,2010,0.0,11544669.0,-0.37501799999999996,-0.727603,DJI,TUR,72
20024188,62,224,171,1998,0.0,237233.0,0.521307,-0.071371,DJI,TUR,72
20024189,62,224,171,1999,0.0,1341441.0,0.07838200000000001,-0.351435,DJI,TUR,72
20024190,62,224,171,1996,0.0,2675.0,-0.20838099999999998,-0.668964,DJI,TUR,72
20024191,62,224,171,1997,0.0,2478.0,0.398301,-0.170681,DJI,TUR,72
20024192,62,224,171,2000,0.0,107919.0,0.057164,-0.428066,DJI,TUR,72
20024193,62,224,171,2001,0.0,4819492.0,0.143467,0.14288599999999999,DJI,TUR,72
20024194,62,224,171,2002,0.0,2619987.0,0.416677,-0.052552,DJI,TUR,72
20024195,63,224,171,2016,0.0,159931.0,0.162751,-0.307303,DMA,TUR,72
20024196,63,224,171,2006,0.0,2409.0,0.10759400000000001,-0.159215,DMA,TUR,72
20024197,63,224,171,2010,0.0,1246021.0,0.35578699999999996,0.13029200000000002,DMA,TUR,72
20024198,63,224,171,2000,0.0,1610097.0,0.780976,0.31806799999999996,DMA,TUR,72
20024199,63,224,171,1999,0.0,1786722.0,0.808025,0.321415,DMA,TUR,72
20024200,63,224,171,1995,0.0,1291061.0,0.803902,0.307064,DMA,TUR,72
20024201,63,224,171,2019,0.0,788706.0,0.131177,-0.313508,DMA,TUR,72
20024202,63,224,171,2017,0.0,47166.0,0.283171,-0.22632800000000003,DMA,TUR,72
20024203,63,224,171,2001,0.0,1360988.0,0.613251,0.226998,DMA,TUR,72
20024204,63,224,171,2015,0.0,170496.0,0.0735,-0.44923599999999997,DMA,TUR,72
20024205,63,224,171,2020,0.0,351991.0,0.583288,0.012664,DMA,TUR,72
20024206,63,224,171,2018,0.0,267694.0,0.381788,0.039853,DMA,TUR,72
20024207,63,224,171,2002,0.0,607348.0,0.196298,-0.129221,DMA,TUR,72
20024208,63,224,171,1998,0.0,1383714.0,0.822664,0.166578,DMA,TUR,72
20024209,64,224,171,1995,5015534.0,8050.0,1.3800270000000001,1.489036,DNK,TUR,72
20024210,64,224,171,1998,6526285.0,51648.0,1.225999,1.470145,DNK,TUR,72
20024211,64,224,171,2009,88715062.0,1205187.0,1.242327,1.064709,DNK,TUR,72
20024212,64,224,171,2010,134195963.0,284326.0,1.082468,1.280759,DNK,TUR,72
20024213,64,224,171,2011,140754442.0,5089766.0,1.156026,1.2248299999999999,DNK,TUR,72
20024214,64,224,171,2012,153974727.0,1034963.0,1.105061,1.245377,DNK,TUR,72
20024215,64,224,171,2004,7188293.0,1857280.0,1.328968,1.262743,DNK,TUR,72
20024216,64,224,171,2019,193656054.0,2354082.0,1.0768280000000001,1.2615610000000002,DNK,TUR,72
20024217,64,224,171,1996,12412726.0,3703.0,1.443514,1.275684,DNK,TUR,72
20024218,64,224,171,1997,9815040.0,0.0,1.358279,1.420107,DNK,TUR,72
20024219,64,224,171,1999,1873370.0,38649.0,1.264405,1.469627,DNK,TUR,72
20024220,64,224,171,2000,2306158.0,273242.0,1.230078,1.429499,DNK,TUR,72
20024221,64,224,171,2001,2141432.0,458149.0,1.261883,1.351875,DNK,TUR,72
20024222,64,224,171,2002,25409438.0,58621.0,1.26594,1.225186,DNK,TUR,72
20024223,64,224,171,2003,16688933.0,59637.0,1.309564,1.245596,DNK,TUR,72
20024224,64,224,171,2005,3825563.0,3292044.0,1.210286,1.217256,DNK,TUR,72
20024225,64,224,171,2020,207581535.0,854750.0,1.093217,1.2166549999999998,DNK,TUR,72
20024226,64,224,171,2006,11895393.0,464314.0,1.2308700000000001,1.180914,DNK,TUR,72
20024227,64,224,171,2007,27661553.0,7573105.0,1.204019,1.122666,DNK,TUR,72
20024228,64,224,171,2008,176772675.0,5933791.0,1.165294,1.1112440000000001,DNK,TUR,72
20024229,64,224,171,2013,195681730.0,545017.0,1.161835,1.1788450000000001,DNK,TUR,72
20024230,64,224,171,2014,230020548.0,1085090.0,1.10869,1.245193,DNK,TUR,72
20024231,64,224,171,2015,97555435.0,2692149.0,1.157924,1.2045629999999998,DNK,TUR,72
20024232,64,224,171,2016,111524585.0,1816286.0,1.117864,1.302658,DNK,TUR,72
20024233,64,224,171,2017,158374018.0,3735081.0,1.159753,1.233914,DNK,TUR,72
20024234,64,224,171,2018,251159702.0,1482494.0,1.0945040000000001,1.3311540000000002,DNK,TUR,72
20024235,65,224,171,1996,0.0,3674999.0,-0.596093,-0.5602060000000001,DOM,TUR,72
20024236,65,224,171,2002,0.0,9548995.0,-0.46284899999999995,-0.39210100000000003,DOM,TUR,72
20024237,65,224,171,2006,7828.0,97085.0,-0.24073699999999998,0.049093,DOM,TUR,72
20024238,65,224,171,2007,0.0,203901.0,-0.228756,0.004222,DOM,TUR,72
20024239,65,224,171,2008,0.0,37954249.0,-0.167958,0.241283,DOM,TUR,72
20024240,65,224,171,2013,10886.0,18631409.0,-0.277269,0.432388,DOM,TUR,72
20024241,65,224,171,2014,61634.0,38024914.0,-0.180845,0.508512,DOM,TUR,72
20024242,65,224,171,2015,24770.0,15770120.0,-0.212808,0.395873,DOM,TUR,72
20024243,65,224,171,2016,0.0,6550551.0,-0.237382,0.295389,DOM,TUR,72
20024244,65,224,171,2017,0.0,26596841.0,-0.168016,0.30840100000000004,DOM,TUR,72
20024245,65,224,171,2018,1312.0,42313768.0,-0.084258,0.474872,DOM,TUR,72
20024246,65,224,171,2019,0.0,47259765.0,-0.20594,0.309785,DOM,TUR,72
20024247,65,224,171,2020,0.0,40557642.0,0.06500299999999999,0.2812,DOM,TUR,72
20024248,65,224,171,2004,0.0,11801015.0,-0.510025,-0.328257,DOM,TUR,72
20024249,65,224,171,2005,0.0,1993483.0,-0.370894,-0.140178,DOM,TUR,72
20024250,65,224,171,2009,0.0,12242423.0,-0.317894,0.198926,DOM,TUR,72
20024251,65,224,171,2010,0.0,19783622.0,-0.245241,0.368626,DOM,TUR,72
20024252,65,224,171,2011,2025.0,21208690.0,-0.260653,0.5682010000000001,DOM,TUR,72
20024253,65,224,171,2012,0.0,19685578.0,-0.193432,0.590896,DOM,TUR,72
20024254,65,224,171,2003,0.0,617222.0,-0.46264399999999994,-0.245034,DOM,TUR,72
20024255,65,224,171,2001,0.0,14600607.0,-0.538419,-0.48773900000000003,DOM,TUR,72
20024256,65,224,171,2000,0.0,19267469.0,-0.544322,-0.651937,DOM,TUR,72
20024257,65,224,171,1998,0.0,20543164.0,-0.772271,-0.765258,DOM,TUR,72
20024258,65,224,171,1999,0.0,16587944.0,-0.60436,-0.674701,DOM,TUR,72
20024259,65,224,171,1995,0.0,4141947.0,-0.635482,-0.746526,DOM,TUR,72
20024260,66,224,171,2002,16513670.0,74052120.0,-0.912033,-1.1731850000000001,DZA,TUR,72
20024261,66,224,171,1996,1885955.0,101920247.0,-0.33419699999999997,-1.035736,DZA,TUR,72
20024262,66,224,171,1997,541723.0,74203513.0,-0.717599,-1.126311,DZA,TUR,72
20024263,66,224,171,1998,2308251.0,117069928.0,-0.726061,-1.161031,DZA,TUR,72
20024264,66,224,171,1999,0.0,47686027.0,-0.701764,-1.175132,DZA,TUR,72
20024265,66,224,171,2009,62931369.0,123619784.0,-1.161786,-1.188669,DZA,TUR,72
20024266,66,224,171,2006,110395038.0,94564333.0,-0.489962,-1.12456,DZA,TUR,72
20024267,66,224,171,2013,0.0,57678488.0,-1.373947,-1.1523459999999999,DZA,TUR,72
20024268,66,224,171,2014,0.0,120288811.0,-1.5554649999999999,-1.1657030000000002,DZA,TUR,72
20024269,66,224,171,2015,0.0,67248282.0,-1.54346,-1.255633,DZA,TUR,72
20024270,66,224,171,2016,6627.0,73053935.0,-1.0202930000000001,-1.236642,DZA,TUR,72
20024271,66,224,171,2007,66857926.0,85455151.0,-0.9822690000000001,-1.170282,DZA,TUR,72
20024272,66,224,171,2017,42158.0,95429921.0,-0.9905579999999999,-1.1996200000000001,DZA,TUR,72
20024273,66,224,171,2011,984973.0,68122651.0,-1.36763,-1.140594,DZA,TUR,72
20024274,66,224,171,2012,0.0,58083407.0,-1.349046,-1.1601860000000002,DZA,TUR,72
20024275,66,224,171,2008,152204262.0,127038576.0,-0.556434,-1.079109,DZA,TUR,72
20024276,66,224,171,2018,9354.0,68097019.0,-1.281519,-1.22291,DZA,TUR,72
20024277,66,224,171,2019,1035968.0,167465901.0,-1.008866,-1.215228,DZA,TUR,72
20024278,66,224,171,2010,44609123.0,55898459.0,-1.00922,-1.1511040000000001,DZA,TUR,72
20024279,66,224,171,2020,33808.0,62785421.0,-1.015133,-1.243726,DZA,TUR,72
20024280,66,224,171,2001,13891.0,94841991.0,-0.663363,-1.158295,DZA,TUR,72
20024281,66,224,171,2003,21510565.0,121384956.0,-1.060727,-1.142594,DZA,TUR,72
20024282,66,224,171,2005,78822212.0,107700711.0,-0.363675,-1.117724,DZA,TUR,72
20024283,66,224,171,2000,0.0,67305316.0,-0.9169209999999999,-1.170192,DZA,TUR,72
20024284,66,224,171,2004,57426240.0,108395558.0,-0.725066,-1.163606,DZA,TUR,72
20024285,66,224,171,1995,319318.0,59815850.0,-0.555409,-1.037972,DZA,TUR,72
20024286,67,224,171,2009,0.0,1844818.0,-0.92724,-0.965628,ECU,TUR,72
20024287,67,224,171,2010,0.0,7723999.0,-0.584013,-0.743675,ECU,TUR,72
20024288,67,224,171,2011,0.0,25287917.0,-0.8250639999999999,-0.839082,ECU,TUR,72
20024289,67,224,171,2012,9593.0,24643866.0,-0.627614,-0.764234,ECU,TUR,72
20024290,67,224,171,2013,55335.0,36221558.0,-0.86546,-0.8888389999999999,ECU,TUR,72
20024291,67,224,171,2014,1928.0,35635922.0,-1.066865,-1.052921,ECU,TUR,72
20024292,67,224,171,2015,0.0,6749145.0,-0.9845959999999999,-1.075639,ECU,TUR,72
20024293,67,224,171,2016,0.0,9045548.0,-1.0860049999999999,-1.049065,ECU,TUR,72
20024294,67,224,171,2017,0.0,4304273.0,-0.9995850000000001,-1.086367,ECU,TUR,72
20024295,67,224,171,2018,0.0,6726144.0,-0.873973,-1.032841,ECU,TUR,72
20024296,67,224,171,2019,0.0,5296534.0,-1.12261,-1.094275,ECU,TUR,72
20024297,67,224,171,2020,0.0,2867363.0,-1.074185,-1.084344,ECU,TUR,72
20024298,67,224,171,1999,0.0,262315.0,-0.8875299999999999,-0.9117879999999999,ECU,TUR,72
20024299,67,224,171,2002,0.0,1335106.0,-0.976218,-0.926393,ECU,TUR,72
20024300,67,224,171,2006,0.0,16594772.0,-0.878583,-0.9462010000000001,ECU,TUR,72
20024301,67,224,171,2007,0.0,11758030.0,-0.820491,-0.8557879999999999,ECU,TUR,72
20024302,67,224,171,1996,0.0,2404301.0,-1.1391200000000001,-0.992735,ECU,TUR,72
20024303,67,224,171,1997,0.0,7437219.0,-1.1931690000000001,-1.0139690000000001,ECU,TUR,72
20024304,67,224,171,1998,0.0,2652771.0,-0.990915,-0.9670860000000001,ECU,TUR,72
20024305,67,224,171,2000,0.0,6187637.0,-0.883928,-0.884951,ECU,TUR,72
20024306,67,224,171,2003,0.0,13631.0,-0.8689370000000001,-0.889767,ECU,TUR,72
20024307,67,224,171,2005,0.0,187491.0,-1.029033,-1.014289,ECU,TUR,72
20024308,67,224,171,2008,0.0,47592974.0,-0.859434,-0.972389,ECU,TUR,72
20024309,67,224,171,2001,0.0,5813749.0,-0.852642,-0.896374,ECU,TUR,72
20024310,67,224,171,2004,0.0,19407355.0,-1.149101,-1.013619,ECU,TUR,72
20024311,67,224,171,1995,0.0,1486366.0,-0.948154,-0.9595790000000001,ECU,TUR,72
20024312,68,224,171,2007,62969805.0,149278104.0,-0.144054,0.663592,EGY,TUR,72
20024313,68,224,171,2005,7079654.0,187878789.0,-0.247748,0.492885,EGY,TUR,72
20024314,68,224,171,2006,13037027.0,105757400.0,-0.182272,0.40222399999999997,EGY,TUR,72
20024315,68,224,171,2000,141250.0,10004326.0,-0.41125900000000004,0.099833,EGY,TUR,72
20024316,68,224,171,2002,4378320.0,29876158.0,-0.377127,0.549439,EGY,TUR,72
20024317,68,224,171,2008,183085702.0,285528436.0,-0.098316,1.134642,EGY,TUR,72
20024318,68,224,171,2009,74750700.0,1255727264.0,-0.20940300000000003,1.6466290000000001,EGY,TUR,72
20024319,68,224,171,2010,66318300.0,592826510.0,-0.181826,1.409465,EGY,TUR,72
20024320,68,224,171,2011,113423041.0,752364712.0,-0.166243,1.384719,EGY,TUR,72
20024321,68,224,171,2012,74820621.0,612201557.0,-0.143732,1.316722,EGY,TUR,72
20024322,68,224,171,2013,111675291.0,359243327.0,-0.17418,1.692641,EGY,TUR,72
20024323,68,224,171,2014,60365735.0,326047229.0,-0.086866,1.7419669999999998,EGY,TUR,72
20024324,68,224,171,2019,7649191.0,588772636.0,-0.152353,1.5426309999999999,EGY,TUR,72
20024325,68,224,171,2020,3907335.0,408359688.0,-0.186095,1.6414330000000001,EGY,TUR,72
20024326,68,224,171,2015,36286259.0,482552743.0,-0.183053,1.765036,EGY,TUR,72
20024327,68,224,171,2017,47946219.0,214532017.0,-0.073436,1.829121,EGY,TUR,72
20024328,68,224,171,2018,129750749.0,298337662.0,-0.096635,1.585658,EGY,TUR,72
20024329,68,224,171,2004,10297240.0,73607208.0,-0.300563,0.41834899999999997,EGY,TUR,72
20024330,68,224,171,1997,2100164.0,14521097.0,-0.314425,0.156345,EGY,TUR,72
20024331,68,224,171,1998,27358.0,67375939.0,-0.462755,0.079802,EGY,TUR,72
20024332,68,224,171,1999,92806.0,45411012.0,-0.311879,0.300746,EGY,TUR,72
20024333,68,224,171,2001,172373.0,37675360.0,-0.373576,0.366385,EGY,TUR,72
20024334,68,224,171,1996,1503905.0,66361858.0,-0.5446409999999999,-0.229586,EGY,TUR,72
20024335,68,224,171,2016,42735740.0,476992243.0,-0.142377,1.674348,EGY,TUR,72
20024336,68,224,171,2003,26976713.0,64604418.0,-0.292923,0.465433,EGY,TUR,72
20024337,68,224,171,1995,7245526.0,17170873.0,-0.340042,-0.085601,EGY,TUR,72
20024338,69,224,171,2003,0.0,353653.0,-0.105591,-0.247614,ERI,TUR,72
20024339,69,224,171,2005,0.0,473645.0,-0.240044,-0.46946000000000004,ERI,TUR,72
20024340,69,224,171,2014,0.0,1777714.0,-2.345215,-1.051413,ERI,TUR,72
20024341,69,224,171,2015,0.0,2075965.0,-1.7745669999999998,-1.013696,ERI,TUR,72
20024342,69,224,171,2016,0.0,1545062.0,-1.479782,-1.060063,ERI,TUR,72
20024343,69,224,171,2017,0.0,223125.0,-1.4706139999999999,-1.024845,ERI,TUR,72
20024344,69,224,171,2018,0.0,2855652.0,-1.601517,-1.062162,ERI,TUR,72
20024345,69,224,171,2019,0.0,170827.0,-1.7266080000000001,-1.0303360000000001,ERI,TUR,72
20024346,69,224,171,2010,0.0,188286.0,-0.288006,-0.614999,ERI,TUR,72
20024347,69,224,171,2006,0.0,24630.0,0.216725,-0.337624,ERI,TUR,72
20024348,69,224,171,2004,0.0,2647064.0,0.48701400000000006,-0.094026,ERI,TUR,72
20024349,71,224,171,1997,48227561.0,17417795.0,1.082049,2.0238650000000002,ESP,TUR,72
20024350,71,224,171,2004,117087266.0,365452792.0,0.9784649999999999,2.051216,ESP,TUR,72
20024351,71,224,171,2010,329594800.0,147230477.0,0.832619,2.448009,ESP,TUR,72
20024352,71,224,171,2012,496413972.0,82653218.0,0.8528309999999999,2.462809,ESP,TUR,72
20024353,71,224,171,2013,483315133.0,131447344.0,0.861698,2.353993,ESP,TUR,72
20024354,71,224,171,2014,390243746.0,151049143.0,0.842147,2.45692,ESP,TUR,72
20024355,71,224,171,2015,333795544.0,137970038.0,0.8173590000000001,2.442556,ESP,TUR,72
20024356,71,224,171,1999,42305297.0,53412581.0,1.0849209999999998,1.9351180000000001,ESP,TUR,72
20024357,71,224,171,2000,53535818.0,68341905.0,1.098989,1.911029,ESP,TUR,72
20024358,71,224,171,2011,500276855.0,183957264.0,0.8677290000000001,2.4618450000000003,ESP,TUR,72
20024359,71,224,171,2016,308220860.0,189965168.0,0.765428,2.57725,ESP,TUR,72
20024360,71,224,171,2017,431694324.0,436052833.0,0.734342,2.8180099999999997,ESP,TUR,72
20024361,71,224,171,2018,387037934.0,760638737.0,0.744825,2.919005,ESP,TUR,72
20024362,71,224,171,2019,328473281.0,649951291.0,0.678454,3.007838,ESP,TUR,72
20024363,71,224,171,2020,313828070.0,525780208.0,0.736657,2.731661,ESP,TUR,72
20024364,71,224,171,2008,361006609.0,218961052.0,0.8755649999999999,2.122164,ESP,TUR,72
20024365,71,224,171,2001,59836140.0,111971043.0,1.079664,1.9842220000000002,ESP,TUR,72
20024366,71,224,171,2002,70618730.0,135542618.0,1.012246,2.049594,ESP,TUR,72
20024367,71,224,171,2009,220613855.0,73423570.0,0.9021020000000001,2.170578,ESP,TUR,72
20024368,71,224,171,1995,27841724.0,9555102.0,1.144247,1.933844,ESP,TUR,72
20024369,71,224,171,1996,39433422.0,11115554.0,1.105317,1.9473,ESP,TUR,72
20024370,71,224,171,1998,42370578.0,21041393.0,1.051392,1.983438,ESP,TUR,72
20024371,71,224,171,2003,57041460.0,195453772.0,0.960684,2.074792,ESP,TUR,72
20024372,71,224,171,2005,162669162.0,333205719.0,0.9318489999999999,1.999698,ESP,TUR,72
20024373,71,224,171,2007,229070939.0,529505862.0,0.914681,2.027797,ESP,TUR,72
20024374,71,224,171,2006,241906989.0,486012736.0,0.9091370000000001,2.068166,ESP,TUR,72
20024375,72,224,171,2013,129596142.0,1255100.0,0.8828940000000001,1.386574,EST,TUR,72
20024376,72,224,171,2014,152708292.0,1253413.0,0.9147780000000001,1.151556,EST,TUR,72
20024377,72,224,171,2015,69091765.0,1331859.0,0.9281149999999999,1.1780389999999998,EST,TUR,72
20024378,72,224,171,2016,78625711.0,471580.0,1.000418,1.154152,EST,TUR,72
20024379,72,224,171,1999,2009209.0,35355.0,0.502979,0.8847440000000001,EST,TUR,72
20024380,72,224,171,2004,21787975.0,6814879.0,0.6101840000000001,0.9520370000000001,EST,TUR,72
20024381,72,224,171,1997,15891451.0,1557.0,0.460823,0.9126700000000001,EST,TUR,72
20024382,72,224,171,1996,629624.0,0.0,0.53397,1.0877940000000001,EST,TUR,72
20024383,72,224,171,2011,208702359.0,1295464.0,0.9806790000000001,1.110449,EST,TUR,72
20024384,72,224,171,2012,190737708.0,1202498.0,0.8594450000000001,1.299628,EST,TUR,72
20024385,72,224,171,2019,79451102.0,581183.0,0.962284,1.346195,EST,TUR,72
20024386,72,224,171,1998,5871744.0,44292.0,0.53408,1.07691,EST,TUR,72
20024387,72,224,171,2017,143737688.0,515215.0,1.010985,1.289633,EST,TUR,72
20024388,72,224,171,2018,122977256.0,493579.0,0.979986,1.2365899999999999,EST,TUR,72
20024389,72,224,171,2008,212969997.0,2037916.0,0.749696,1.5173940000000001,EST,TUR,72
20024390,72,224,171,2006,56189203.0,23175391.0,0.6426350000000001,0.925003,EST,TUR,72
20024391,72,224,171,2007,138806565.0,14416279.0,0.746434,1.306397,EST,TUR,72
20024392,72,224,171,2010,114737096.0,1000820.0,0.832316,1.1844649999999999,EST,TUR,72
20024393,72,224,171,2009,62050054.0,443485.0,0.749058,1.269572,EST,TUR,72
20024394,72,224,171,2020,74660656.0,1240981.0,1.012385,1.305015,EST,TUR,72
20024395,72,224,171,2002,0.0,3247.0,0.54511,0.9135979999999999,EST,TUR,72
20024396,72,224,171,2001,0.0,8594.0,0.5746829999999999,0.9073899999999999,EST,TUR,72
20024397,72,224,171,2003,8857333.0,2785058.0,0.5913010000000001,0.8489979999999999,EST,TUR,72
20024398,72,224,171,2005,35797348.0,17617503.0,0.6351600000000001,1.039403,EST,TUR,72
20024399,72,224,171,2000,0.0,59050.0,0.358559,0.583236,EST,TUR,72
20024400,73,224,171,1999,0.0,2082136.0,-1.18759,-1.111391,ETH,TUR,72
20024401,73,224,171,2005,0.0,34224431.0,-1.287495,-1.0195940000000001,ETH,TUR,72
20024402,73,224,171,2018,0.0,138313904.0,-0.874857,-0.464958,ETH,TUR,72
20024403,73,224,171,2010,0.0,72680598.0,-1.122906,-0.840777,ETH,TUR,72
20024404,73,224,171,2011,0.0,150643492.0,-1.258175,-0.920692,ETH,TUR,72
20024405,73,224,171,2012,0.0,230385718.0,-1.134031,-0.991977,ETH,TUR,72
20024406,73,224,171,2019,0.0,224152558.0,-1.073631,-0.617885,ETH,TUR,72
20024407,73,224,171,2007,0.0,96800868.0,-1.115917,-0.821652,ETH,TUR,72
20024408,73,224,171,2008,0.0,80025693.0,-1.0084629999999999,-0.83993,ETH,TUR,72
20024409,73,224,171,2009,0.0,122628010.0,-0.967483,-0.8219,ETH,TUR,72
20024410,73,224,171,2013,0.0,171148714.0,-1.264002,-0.9594219999999999,ETH,TUR,72
20024411,73,224,171,2016,0.0,81566527.0,-1.006161,-0.756472,ETH,TUR,72
20024412,73,224,171,2017,0.0,95416157.0,-1.007413,-0.638231,ETH,TUR,72
20024413,73,224,171,1997,0.0,7989965.0,-1.239473,-1.159345,ETH,TUR,72
20024414,73,224,171,2014,5889.0,158017158.0,-1.296535,-1.045942,ETH,TUR,72
20024415,73,224,171,2015,0.0,130927344.0,-1.004896,-0.721019,ETH,TUR,72
20024416,73,224,171,2020,0.0,77645374.0,-0.952033,-0.707262,ETH,TUR,72
20024417,73,224,171,2004,0.0,27016052.0,-1.156284,-0.900874,ETH,TUR,72
20024418,73,224,171,2006,0.0,47637486.0,-0.9557180000000001,-0.9153479999999999,ETH,TUR,72
20024419,73,224,171,2000,0.0,3585762.0,-1.190677,-1.063662,ETH,TUR,72
20024420,73,224,171,2001,0.0,13325016.0,-0.999149,-0.904072,ETH,TUR,72
20024421,73,224,171,2002,0.0,10168719.0,-1.096371,-0.9566709999999999,ETH,TUR,72
20024422,73,224,171,1998,0.0,8557842.0,-1.279819,-1.158182,ETH,TUR,72
20024423,73,224,171,1995,0.0,1668654.0,-1.3387120000000001,-1.123621,ETH,TUR,72
20024424,73,224,171,2003,0.0,19813821.0,-1.1145559999999999,-0.9599620000000001,ETH,TUR,72
20024425,73,224,171,1996,0.0,6765702.0,-1.265383,-1.131925,ETH,TUR,72
20024426,74,224,171,2011,81850764.0,2657244.0,1.7488830000000002,0.890934,FIN,TUR,72
20024427,74,224,171,2012,74317893.0,3089193.0,1.58219,0.939001,FIN,TUR,72
20024428,74,224,171,2005,93457786.0,1237327.0,1.8661240000000001,0.932386,FIN,TUR,72
20024429,74,224,171,1995,11503487.0,61403.0,2.0085740000000003,1.126816,FIN,TUR,72
20024430,74,224,171,1996,26728246.0,624106.0,2.0584729999999998,1.006908,FIN,TUR,72
20024431,74,224,171,1997,24004591.0,68808.0,1.9298959999999998,1.083861,FIN,TUR,72
20024432,74,224,171,1998,22971399.0,162162.0,2.003987,0.995725,FIN,TUR,72
20024433,74,224,171,1999,11110336.0,2599334.0,2.095642,0.966282,FIN,TUR,72
20024434,74,224,171,2000,16498222.0,2489259.0,2.0621419999999997,0.9090360000000001,FIN,TUR,72
20024435,74,224,171,2001,9361997.0,449272.0,2.069141,0.9375180000000001,FIN,TUR,72
20024436,74,224,171,2006,77095018.0,1439277.0,1.864038,0.8193940000000001,FIN,TUR,72
20024437,74,224,171,2010,51494996.0,1305978.0,1.745464,0.897992,FIN,TUR,72
20024438,74,224,171,2014,105145302.0,3596172.0,1.626355,1.002923,FIN,TUR,72
20024439,74,224,171,2007,87841741.0,5939496.0,1.865502,0.7737729999999999,FIN,TUR,72
20024440,74,224,171,2009,39575293.0,1015421.0,1.8206849999999999,0.797421,FIN,TUR,72
20024441,74,224,171,2008,101552448.0,3598494.0,1.767859,0.846409,FIN,TUR,72
20024442,74,224,171,2013,83571240.0,1534803.0,1.734552,0.8896940000000001,FIN,TUR,72
20024443,74,224,171,2017,61422188.0,14709445.0,1.655957,0.962485,FIN,TUR,72
20024444,74,224,171,2018,65663456.0,18078970.0,1.61151,0.9474549999999999,FIN,TUR,72
20024445,74,224,171,2019,69465475.0,10848523.0,1.495278,1.034435,FIN,TUR,72
20024446,74,224,171,2020,117516953.0,10840336.0,1.498089,1.066223,FIN,TUR,72
20024447,74,224,171,2004,52920930.0,5763697.0,2.000218,0.9867309999999999,FIN,TUR,72
20024448,74,224,171,2002,13995150.0,172257.0,2.0234240000000003,0.979141,FIN,TUR,72
20024449,74,224,171,2015,54568243.0,4354875.0,1.597817,0.998059,FIN,TUR,72
20024450,74,224,171,2016,68790905.0,3168458.0,1.581968,1.006432,FIN,TUR,72
20024451,74,224,171,2003,38261454.0,445704.0,2.077889,0.942501,FIN,TUR,72
20024452,75,224,171,2016,0.0,762.0,-0.27171999999999996,0.172933,FJI,TUR,72
20024453,75,224,171,2018,0.0,303667.0,-0.269185,0.006362,FJI,TUR,72
20024454,75,224,171,2020,0.0,30139.0,-0.184167,-0.081888,FJI,TUR,72
20024455,75,224,171,2019,0.0,3957.0,-0.274278,-0.049333,FJI,TUR,72
20024456,75,224,171,2010,0.0,2569.0,-0.603112,-0.29135500000000003,FJI,TUR,72
20024457,75,224,171,2009,0.0,117619.0,-0.785772,-0.305228,FJI,TUR,72
20024458,77,224,171,2002,70077147.0,2076401.0,1.569367,0.9886360000000001,FRA,TUR,72
20024459,77,224,171,2003,211219570.0,6483628.0,1.606606,0.7394149999999999,FRA,TUR,72
20024460,77,224,171,2005,313025367.0,8819274.0,1.505148,0.594409,FRA,TUR,72
20024461,77,224,171,2011,658105018.0,55264069.0,1.532054,0.09339299999999999,FRA,TUR,72
20024462,77,224,171,2012,726759889.0,27750087.0,1.425025,0.27534899999999995,FRA,TUR,72
20024463,77,224,171,2013,778697218.0,41679613.0,1.520354,0.022874000000000002,FRA,TUR,72
20024464,77,224,171,2014,757149765.0,49420551.0,1.4817790000000002,0.30995,FRA,TUR,72
20024465,77,224,171,2017,675094648.0,85738604.0,1.398427,0.894732,FRA,TUR,72
20024466,77,224,171,1995,105317791.0,3079579.0,1.768484,0.765537,FRA,TUR,72
20024467,77,224,171,1996,137242712.0,2906173.0,1.69082,0.721312,FRA,TUR,72
20024468,77,224,171,1997,102801493.0,4042355.0,1.69504,0.8278549999999999,FRA,TUR,72
20024469,77,224,171,1998,74581340.0,4998270.0,1.707702,0.7784270000000001,FRA,TUR,72
20024470,77,224,171,1999,66427965.0,5745405.0,1.72758,0.6619079999999999,FRA,TUR,72
20024471,77,224,171,2000,108418225.0,6395930.0,1.674971,0.47538100000000005,FRA,TUR,72
20024472,77,224,171,2001,37784131.0,4490468.0,1.653507,0.797582,FRA,TUR,72
20024473,77,224,171,2004,235187556.0,16359713.0,1.6003530000000001,0.643945,FRA,TUR,72
20024474,77,224,171,2006,293397179.0,8878135.0,1.47591,0.489466,FRA,TUR,72
20024475,77,224,171,2007,393452842.0,20438882.0,1.4565350000000001,0.262845,FRA,TUR,72
20024476,77,224,171,2008,420514479.0,36212567.0,1.487702,-0.223965,FRA,TUR,72
20024477,77,224,171,2009,438313264.0,15325925.0,1.540346,0.090377,FRA,TUR,72
20024478,77,224,171,2010,602567335.0,15149318.0,1.530027,-0.052557000000000006,FRA,TUR,72
20024479,77,224,171,2015,458980437.0,49172505.0,1.479792,0.6490239999999999,FRA,TUR,72
20024480,77,224,171,2016,462767466.0,59073618.0,1.476437,0.911746,FRA,TUR,72
20024481,77,224,171,2019,670935992.0,103678459.0,1.380982,0.9510629999999999,FRA,TUR,72
20024482,77,224,171,2018,658204806.0,114575155.0,1.420819,0.7793770000000001,FRA,TUR,72
20024483,77,224,171,2020,594817087.0,60221090.0,1.341275,0.8991870000000001,FRA,TUR,72
20024484,78,224,171,1999,57994.0,0.0,-0.718961,-0.900609,FRO,TUR,72
20024485,80,224,171,1996,0.0,12128.0,-1.693615,-1.174433,GAB,TUR,72
20024486,80,224,171,2005,0.0,573179.0,-1.4162700000000001,-1.173227,GAB,TUR,72
20024487,80,224,171,2007,0.0,1398588.0,-1.328633,-1.165045,GAB,TUR,72
20024488,80,224,171,2009,0.0,2335948.0,-1.197711,-1.147469,GAB,TUR,72
20024489,80,224,171,2014,0.0,14828650.0,-1.625474,-1.135973,GAB,TUR,72
20024490,80,224,171,2008,0.0,3162732.0,-1.316179,-1.117633,GAB,TUR,72
20024491,80,224,171,2019,5588352.0,7968479.0,-1.08556,-1.183434,GAB,TUR,72
20024492,80,224,171,2006,0.0,599545.0,-1.6696819999999999,-1.173322,GAB,TUR,72
20024493,80,224,171,2016,0.0,2379153.0,-1.530568,-1.254999,GAB,TUR,72
20024494,80,224,171,2018,5683028.0,5681993.0,-1.4979200000000001,-1.180407,GAB,TUR,72
20024495,80,224,171,1998,0.0,84578.0,-1.122225,-1.148066,GAB,TUR,72
20024496,80,224,171,2001,0.0,35696.0,-1.063007,-1.181284,GAB,TUR,72
20024497,80,224,171,2000,0.0,116748.0,-0.7179909999999999,-1.1375170000000001,GAB,TUR,72
20024498,80,224,171,2002,0.0,76516.0,-0.830094,-1.149233,GAB,TUR,72
20024499,80,224,171,2003,0.0,114695.0,-0.92745,-1.138466,GAB,TUR,72
20024500,80,224,171,2004,0.0,381366.0,-0.700329,-1.137018,GAB,TUR,72
20024501,80,224,171,2012,1810497.0,22757567.0,-1.563872,-1.168605,GAB,TUR,72
20024502,80,224,171,2015,0.0,4356906.0,-1.384351,-1.209873,GAB,TUR,72
20024503,80,224,171,2017,579739.0,4320443.0,-1.109612,-1.177577,GAB,TUR,72
20024504,80,224,171,1997,0.0,20397.0,-1.177994,-1.134955,GAB,TUR,72
20024505,80,224,171,1999,0.0,31851.0,-1.068733,-1.178405,GAB,TUR,72
20024506,80,224,171,2010,0.0,5313647.0,-1.707175,-1.167635,GAB,TUR,72
20024507,80,224,171,2011,0.0,10755798.0,-1.093784,-1.0849659999999999,GAB,TUR,72
20024508,80,224,171,2013,0.0,20922355.0,-1.6582830000000002,-1.155302,GAB,TUR,72
20024509,80,224,171,2020,15027019.0,8693059.0,-1.6422990000000002,-1.207249,GAB,TUR,72
20024510,80,224,171,1995,0.0,1726.0,-1.445673,-1.099128,GAB,TUR,72
20024511,81,224,171,2000,37032122.0,39170643.0,1.957339,0.610052,GBR,TUR,72
20024512,81,224,171,2001,54312261.0,51456383.0,1.976894,0.685435,GBR,TUR,72
20024513,81,224,171,2003,235371912.0,69592257.0,1.8712540000000002,0.706205,GBR,TUR,72
20024514,81,224,171,2004,211236729.0,113904348.0,1.843506,0.684779,GBR,TUR,72
20024515,81,224,171,2005,267722818.0,69650703.0,1.805023,0.425654,GBR,TUR,72
20024516,81,224,171,2006,508492265.0,148301599.0,1.824154,0.614424,GBR,TUR,72
20024517,81,224,171,2007,602494716.0,315583012.0,1.718661,0.35525300000000004,GBR,TUR,72
20024518,81,224,171,2008,602760425.0,272246756.0,1.7586119999999998,0.061214,GBR,TUR,72
20024519,81,224,171,2009,314707657.0,51701455.0,1.7921779999999998,0.41211499999999995,GBR,TUR,72
20024520,81,224,171,2010,651628303.0,94006452.0,1.828224,0.386383,GBR,TUR,72
20024521,81,224,171,2011,985914725.0,118787072.0,1.8048220000000001,0.380141,GBR,TUR,72
20024522,81,224,171,2012,1118267167.0,95017207.0,1.701279,0.518166,GBR,TUR,72
20024523,81,224,171,2013,1395951990.0,136837100.0,1.7901259999999999,0.44164,GBR,TUR,72
20024524,81,224,171,2014,1331331693.0,175045181.0,1.697964,0.585372,GBR,TUR,72
20024525,81,224,171,2015,1049983658.0,120307954.0,1.7422990000000003,0.75838,GBR,TUR,72
20024526,81,224,171,2016,674505791.0,94079617.0,1.6974669999999998,0.9231299999999999,GBR,TUR,72
20024527,81,224,171,2017,1019363362.0,242551543.0,1.6883119999999998,0.8347469999999999,GBR,TUR,72
20024528,81,224,171,2018,1018902226.0,305347337.0,1.693008,0.768159,GBR,TUR,72
20024529,81,224,171,2019,659655126.0,200260187.0,1.731106,0.717566,GBR,TUR,72
20024530,81,224,171,1995,109684789.0,22693674.0,1.8656979999999999,1.107121,GBR,TUR,72
20024531,81,224,171,1996,137568873.0,19383756.0,1.850284,0.883084,GBR,TUR,72
20024532,81,224,171,1997,122494983.0,44194919.0,1.886353,0.783832,GBR,TUR,72
20024533,81,224,171,1998,90598544.0,48248577.0,1.906738,0.489101,GBR,TUR,72
20024534,81,224,171,1999,26188115.0,70286399.0,1.9523830000000002,0.771455,GBR,TUR,72
20024535,81,224,171,2002,95233601.0,48405305.0,1.893177,0.831382,GBR,TUR,72
20024536,81,224,171,2020,772820486.0,93499603.0,1.6459,0.7702640000000001,GBR,TUR,72
20024537,82,224,171,2005,149535070.0,9209447.0,0.041261,-0.530021,GEO,TUR,72
20024538,82,224,171,2017,61522952.0,36151830.0,-0.241749,-0.374727,GEO,TUR,72
20024539,82,224,171,2019,54803412.0,36594409.0,-0.057798,-0.206771,GEO,TUR,72
20024540,82,224,171,2013,61519566.0,66303344.0,-0.160691,-0.393419,GEO,TUR,72
20024541,82,224,171,2010,153156504.0,37935990.0,-0.21301399999999998,-0.48355299999999996,GEO,TUR,72
20024542,82,224,171,2012,67226105.0,74392342.0,-0.29418,-0.63162,GEO,TUR,72
20024543,82,224,171,2015,41986020.0,48848153.0,-0.343663,-0.588017,GEO,TUR,72
20024544,82,224,171,2002,76818700.0,3887907.0,0.662382,-0.124825,GEO,TUR,72
20024545,82,224,171,2006,119144436.0,13207027.0,0.076711,-0.47216099999999994,GEO,TUR,72
20024546,82,224,171,2007,170131687.0,31251889.0,0.016077,-0.386962,GEO,TUR,72
20024547,82,224,171,2011,181710681.0,46663798.0,-0.07754,-0.35434699999999997,GEO,TUR,72
20024548,82,224,171,2014,49563679.0,65936575.0,-0.254106,-0.646584,GEO,TUR,72
20024549,82,224,171,2009,170762655.0,40921582.0,0.045952,-0.381822,GEO,TUR,72
20024550,82,224,171,2020,47518009.0,48780944.0,-0.199775,-0.38684,GEO,TUR,72
20024551,82,224,171,2018,75651132.0,37647123.0,-0.049871,-0.28439899999999996,GEO,TUR,72
20024552,82,224,171,2008,279843937.0,74865849.0,-0.355095,-0.660181,GEO,TUR,72
20024553,82,224,171,2016,34403724.0,45112631.0,-0.388359,-0.51175,GEO,TUR,72
20024554,82,224,171,1999,31053087.0,1724804.0,0.50297,0.042010000000000006,GEO,TUR,72
20024555,82,224,171,1997,16338099.0,1808588.0,0.304927,-0.082,GEO,TUR,72
20024556,82,224,171,1996,7197530.0,401969.0,0.5383020000000001,0.167596,GEO,TUR,72
20024557,82,224,171,2003,159842272.0,3509483.0,0.595485,-0.25939,GEO,TUR,72
20024558,82,224,171,2004,178588043.0,5621219.0,0.381348,-0.44259,GEO,TUR,72
20024559,82,224,171,1998,14780516.0,2142423.0,0.644307,0.304707,GEO,TUR,72
20024560,82,224,171,2000,61128928.0,832698.0,0.571461,0.10845999999999999,GEO,TUR,72
20024561,82,224,171,2001,49986859.0,770596.0,0.585568,-0.047744999999999996,GEO,TUR,72
20024562,82,224,171,1995,40510176.0,41278.0,1.082754,0.059275,GEO,TUR,72
20024563,83,224,171,2000,21339.0,298042.0,-1.192608,-0.811986,GHA,TUR,72
20024564,83,224,171,2001,0.0,1172545.0,-0.961067,-0.780449,GHA,TUR,72
20024565,83,224,171,1998,0.0,488030.0,-1.215123,-1.0427620000000002,GHA,TUR,72
20024566,83,224,171,1996,0.0,52646.0,-1.035244,-0.9834129999999999,GHA,TUR,72
20024567,83,224,171,1999,0.0,2021838.0,-0.9444520000000001,-0.905826,GHA,TUR,72
20024568,83,224,171,2003,0.0,1698789.0,-1.074188,-0.7127319999999999,GHA,TUR,72
20024569,83,224,171,2011,0.0,87116371.0,-0.8627319999999999,-0.608823,GHA,TUR,72
20024570,83,224,171,2007,0.0,7840231.0,-0.906867,-0.565891,GHA,TUR,72
20024571,83,224,171,2016,0.0,4076790.0,-0.945358,-0.805301,GHA,TUR,72
20024572,83,224,171,2002,0.0,711145.0,-1.333425,-1.0709879999999998,GHA,TUR,72
20024573,83,224,171,2013,0.0,23405609.0,-0.7316010000000001,-0.5327689999999999,GHA,TUR,72
20024574,83,224,171,2014,0.0,4858189.0,-1.130226,-0.9909379999999999,GHA,TUR,72
20024575,83,224,171,2015,0.0,6175536.0,-0.750568,-0.690257,GHA,TUR,72
20024576,83,224,171,2017,0.0,19169289.0,-0.929143,-0.811439,GHA,TUR,72
20024577,83,224,171,2018,0.0,34111041.0,-0.956109,-0.861556,GHA,TUR,72
20024578,83,224,171,2019,0.0,20797586.0,-0.9581,-0.8727879999999999,GHA,TUR,72
20024579,83,224,171,2008,0.0,16997856.0,-0.9339360000000001,-0.701724,GHA,TUR,72
20024580,83,224,171,2010,0.0,32794005.0,-0.835003,-0.633731,GHA,TUR,72
20024581,83,224,171,2005,0.0,1976745.0,-1.031092,-0.820743,GHA,TUR,72
20024582,83,224,171,2009,0.0,7761188.0,-0.909436,-0.6619470000000001,GHA,TUR,72
20024583,83,224,171,2006,0.0,1883972.0,-0.9934860000000001,-0.809318,GHA,TUR,72
20024584,83,224,171,2012,0.0,58906688.0,-0.9610920000000001,-0.745232,GHA,TUR,72
20024585,83,224,171,1997,0.0,48785.0,-1.012728,-0.939893,GHA,TUR,72
20024586,83,224,171,2004,0.0,908972.0,-1.2972540000000001,-0.9967219999999999,GHA,TUR,72
20024587,83,224,171,2020,0.0,64521204.0,-0.973506,-0.9559139999999999,GHA,TUR,72
20024588,83,224,171,1995,0.0,73890.0,-1.247755,-1.070455,GHA,TUR,72
20024589,84,224,171,2013,102217.0,0.0,0.991136,-0.603793,GIB,TUR,72
20024590,84,224,171,2016,3143.0,0.0,0.8535370000000001,-0.661778,GIB,TUR,72
20024591,84,224,171,2006,0.0,82711.0,0.8370120000000001,-0.35099400000000003,GIB,TUR,72
20024592,84,224,171,2002,4769.0,0.0,0.814919,-0.205996,GIB,TUR,72
20024593,84,224,171,2004,0.0,4157.0,0.466397,-0.627153,GIB,TUR,72
20024594,85,224,171,2000,0.0,177161.0,-1.523998,-1.197719,GIN,TUR,72
20024595,85,224,171,2007,0.0,117727.0,-1.694335,-1.230744,GIN,TUR,72
20024596,85,224,171,2011,0.0,10377954.0,-1.728661,-1.193353,GIN,TUR,72
20024597,85,224,171,2012,0.0,10690831.0,-1.735487,-1.225333,GIN,TUR,72
20024598,85,224,171,2016,0.0,8318086.0,-1.474753,-1.215627,GIN,TUR,72
20024599,85,224,171,2001,0.0,278000.0,-1.5380340000000001,-1.200083,GIN,TUR,72
20024600,85,224,171,2014,0.0,18352833.0,-1.628409,-1.202473,GIN,TUR,72
20024601,85,224,171,2015,0.0,14060475.0,-1.288329,-1.167532,GIN,TUR,72
20024602,85,224,171,2009,0.0,940391.0,-1.618121,-1.2200520000000001,GIN,TUR,72
20024603,85,224,171,2018,0.0,17205037.0,-1.036697,-1.1562860000000001,GIN,TUR,72
20024604,85,224,171,2013,0.0,18590406.0,-1.1287459999999998,-1.069735,GIN,TUR,72
20024605,85,224,171,2017,0.0,13557962.0,-1.7560669999999998,-1.2747680000000001,GIN,TUR,72
20024606,85,224,171,1998,0.0,350615.0,-1.676035,-1.248894,GIN,TUR,72
20024607,85,224,171,2019,0.0,22496836.0,-1.366633,-1.196123,GIN,TUR,72
20024608,85,224,171,2008,3335.0,2688447.0,-1.530997,-1.171231,GIN,TUR,72
20024609,85,224,171,2002,0.0,379069.0,-1.85329,-1.243105,GIN,TUR,72
20024610,85,224,171,2020,0.0,11366730.0,-1.841029,-1.233167,GIN,TUR,72
20024611,85,224,171,2004,0.0,1405210.0,-1.314543,-1.155153,GIN,TUR,72
20024612,85,224,171,2005,0.0,600023.0,-1.55683,-1.200541,GIN,TUR,72
20024613,85,224,171,2006,0.0,1908447.0,-1.8376720000000002,-1.229774,GIN,TUR,72
20024614,85,224,171,1995,0.0,90817.0,-1.304768,-1.077826,GIN,TUR,72
20024615,85,224,171,1997,0.0,77054.0,-1.529401,-1.163973,GIN,TUR,72
20024616,85,224,171,2010,0.0,2366361.0,-1.6761720000000002,-1.181665,GIN,TUR,72
20024617,85,224,171,2003,0.0,381551.0,-2.14752,-1.250048,GIN,TUR,72
20024618,87,224,171,2016,0.0,6486791.0,-0.743023,-0.833044,GMB,TUR,72
20024619,87,224,171,2019,0.0,19200330.0,-1.0174450000000002,-0.790743,GMB,TUR,72
20024620,87,224,171,1999,0.0,294237.0,-0.768406,-0.764934,GMB,TUR,72
20024621,87,224,171,2010,0.0,1279340.0,-0.894757,-0.734589,GMB,TUR,72
20024622,87,224,171,2011,0.0,4726597.0,-0.621556,-0.64336,GMB,TUR,72
20024623,87,224,171,2005,0.0,997735.0,-0.223043,-0.361032,GMB,TUR,72
20024624,87,224,171,2007,0.0,1249086.0,-0.8336680000000001,-0.8261860000000001,GMB,TUR,72
20024625,87,224,171,2008,0.0,5165177.0,-0.39378,-0.509879,GMB,TUR,72
20024626,87,224,171,2009,0.0,1324255.0,-0.573979,-0.644636,GMB,TUR,72
20024627,87,224,171,2018,0.0,14760337.0,-0.85649,-0.761513,GMB,TUR,72
20024628,87,224,171,2020,0.0,16847676.0,-1.11216,-0.956471,GMB,TUR,72
20024629,87,224,171,2014,0.0,5735688.0,-0.905488,-0.7892819999999999,GMB,TUR,72
20024630,87,224,171,2015,0.0,4075590.0,-0.984775,-0.877886,GMB,TUR,72
20024631,87,224,171,2017,0.0,11261706.0,-1.161814,-0.9317190000000001,GMB,TUR,72
20024632,87,224,171,2000,0.0,9238.0,-0.468837,-0.532772,GMB,TUR,72
20024633,87,224,171,2001,0.0,100232.0,-0.160182,-0.24737399999999998,GMB,TUR,72
20024634,87,224,171,2002,0.0,254967.0,0.075971,-0.068413,GMB,TUR,72
20024635,87,224,171,2003,0.0,371373.0,-0.230541,-0.275663,GMB,TUR,72
20024636,87,224,171,2004,0.0,571307.0,-0.135943,-0.226541,GMB,TUR,72
20024637,87,224,171,2006,0.0,584590.0,-0.378539,-0.48427200000000004,GMB,TUR,72
20024638,87,224,171,2012,0.0,5042402.0,-0.488296,-0.6730510000000001,GMB,TUR,72
20024639,87,224,171,2013,0.0,5795430.0,-0.5571550000000001,-0.6860310000000001,GMB,TUR,72
20024640,88,224,171,2013,0.0,2062463.0,-2.414729,-0.9398700000000001,GNB,TUR,72
20024641,88,224,171,2015,0.0,1858565.0,-2.6546,-1.010989,GNB,TUR,72
20024642,88,224,171,2016,0.0,1667653.0,-1.671858,-1.043328,GNB,TUR,72
20024643,88,224,171,2017,0.0,213117.0,-2.418518,-0.954242,GNB,TUR,72
20024644,88,224,171,2019,0.0,795565.0,-1.9842009999999999,-1.0293379999999999,GNB,TUR,72
20024645,88,224,171,2018,0.0,1865705.0,-2.260375,-1.038929,GNB,TUR,72
20024646,88,224,171,2014,0.0,1835031.0,-1.6723700000000001,-0.896442,GNB,TUR,72
20024647,88,224,171,2012,0.0,512918.0,-1.6792029999999998,-1.0008629999999998,GNB,TUR,72
20024648,88,224,171,2020,0.0,572301.0,-1.172138,-0.944076,GNB,TUR,72
20024649,88,224,171,2009,0.0,52152.0,-0.6868890000000001,-0.9243459999999999,GNB,TUR,72
20024650,88,224,171,2005,0.0,60686.0,-1.631378,-0.9792690000000001,GNB,TUR,72
20024651,88,224,171,2011,0.0,664745.0,-0.839621,-0.6918850000000001,GNB,TUR,72
20024652,88,224,171,2003,0.0,167610.0,0.24509499999999998,-0.612725,GNB,TUR,72
20024653,89,224,171,2009,0.0,2870867.0,-1.426661,-0.9459870000000001,GNQ,TUR,72
20024654,89,224,171,2010,0.0,7776393.0,-1.077402,-0.86556,GNQ,TUR,72
20024655,89,224,171,2011,0.0,8141143.0,-1.634315,-0.7567729999999999,GNQ,TUR,72
20024656,89,224,171,2016,0.0,623585.0,-1.766286,-0.9607709999999999,GNQ,TUR,72
20024657,89,224,171,2014,0.0,7809028.0,-2.043516,-0.844701,GNQ,TUR,72
20024658,89,224,171,2007,0.0,6828610.0,-1.406911,-0.8466950000000001,GNQ,TUR,72
20024659,89,224,171,2017,0.0,180823.0,-1.735486,-0.9254180000000001,GNQ,TUR,72
20024660,89,224,171,2019,142986.0,881487.0,-1.9057680000000001,-0.968132,GNQ,TUR,72
20024661,89,224,171,2018,126163.0,524541.0,-2.017117,-0.975924,GNQ,TUR,72
20024662,89,224,171,2012,0.0,12578028.0,-1.297351,-0.926208,GNQ,TUR,72
20024663,89,224,171,2015,0.0,3443746.0,-1.585577,-0.9044979999999999,GNQ,TUR,72
20024664,89,224,171,2013,0.0,6739481.0,-1.521575,-0.814708,GNQ,TUR,72
20024665,89,224,171,2005,0.0,119957.0,-1.804466,-0.83998,GNQ,TUR,72
20024666,89,224,171,2008,537582.0,3031744.0,-1.059208,-0.843542,GNQ,TUR,72
20024667,89,224,171,2020,0.0,5286132.0,-1.5979940000000001,-0.9529340000000001,GNQ,TUR,72
20024668,89,224,171,2004,0.0,849702.0,-1.093261,-0.8802639999999999,GNQ,TUR,72
20024669,89,224,171,2006,0.0,1515389.0,-2.188173,-0.8631700000000001,GNQ,TUR,72
20024670,90,224,171,2000,4773956.0,104747482.0,0.30201300000000003,1.4171799999999999,GRC,TUR,72
20024671,90,224,171,2002,2874847.0,70916659.0,0.31858000000000003,1.47417,GRC,TUR,72
20024672,90,224,171,2003,1044757.0,121496627.0,0.364688,1.4823959999999998,GRC,TUR,72
20024673,90,224,171,1997,27222230.0,59611674.0,0.229516,1.085225,GRC,TUR,72
20024674,90,224,171,2001,1812072.0,121469683.0,0.31387600000000004,1.3614600000000001,GRC,TUR,72
20024675,90,224,171,1996,14151692.0,15593175.0,0.271386,1.042608,GRC,TUR,72
20024676,90,224,171,1998,17151213.0,90636559.0,0.183835,1.1512790000000002,GRC,TUR,72
20024677,90,224,171,1999,4306768.0,100229891.0,0.24943600000000002,1.172467,GRC,TUR,72
20024678,90,224,171,2006,9345434.0,185294170.0,0.261955,1.488958,GRC,TUR,72
20024679,90,224,171,2007,17053310.0,224760410.0,0.348709,1.674567,GRC,TUR,72
20024680,90,224,171,2008,50251054.0,290594091.0,0.33272399999999996,1.758188,GRC,TUR,72
20024681,90,224,171,2009,9359606.0,120406691.0,0.2196,1.63301,GRC,TUR,72
20024682,90,224,171,2010,27368220.0,72105960.0,0.200249,1.4640090000000001,GRC,TUR,72
20024683,90,224,171,2011,29365026.0,78533956.0,0.138679,1.30044,GRC,TUR,72
20024684,90,224,171,2012,13623655.0,47674631.0,0.20949600000000002,1.086158,GRC,TUR,72
20024685,90,224,171,2013,21128986.0,56621058.0,0.18823800000000002,0.910906,GRC,TUR,72
20024686,90,224,171,2014,20375167.0,94686763.0,0.149337,0.8560540000000001,GRC,TUR,72
20024687,90,224,171,2018,21144454.0,191599604.0,0.059539999999999996,1.0321879999999999,GRC,TUR,72
20024688,90,224,171,2019,8129047.0,156222845.0,0.08904400000000001,1.059396,GRC,TUR,72
20024689,90,224,171,2004,2808509.0,183675373.0,0.348853,1.661656,GRC,TUR,72
20024690,90,224,171,2017,11210437.0,122226785.0,0.154098,1.151038,GRC,TUR,72
20024691,90,224,171,2005,21035332.0,138928483.0,0.321907,1.7731669999999997,GRC,TUR,72
20024692,90,224,171,2016,656221.0,75520325.0,0.12153499999999999,1.126101,GRC,TUR,72
20024693,90,224,171,2015,4125152.0,51951241.0,0.099027,1.012289,GRC,TUR,72
20024694,90,224,171,2020,8876495.0,154847632.0,0.199011,1.087811,GRC,TUR,72
20024695,90,224,171,1995,17644358.0,9913395.0,0.17369,0.885756,GRC,TUR,72
20024696,91,224,171,2015,0.0,360208.0,0.296552,-0.335908,GRD,TUR,72
20024697,91,224,171,1998,0.0,193658.0,-0.249689,-0.7117,GRD,TUR,72
20024698,91,224,171,2016,0.0,271734.0,0.6993729999999999,-0.250698,GRD,TUR,72
20024699,91,224,171,2019,0.0,368781.0,0.297653,-0.409112,GRD,TUR,72
20024700,91,224,171,2020,0.0,398530.0,0.285169,-0.284221,GRD,TUR,72
20024701,91,224,171,2018,0.0,576490.0,0.28333800000000003,-0.40042,GRD,TUR,72
20024702,91,224,171,2017,0.0,243167.0,0.384656,-0.317098,GRD,TUR,72
20024703,91,224,171,2012,0.0,128677.0,0.20538800000000001,-0.529008,GRD,TUR,72
20024704,91,224,171,2013,0.0,272082.0,0.073206,-0.567926,GRD,TUR,72
20024705,93,224,171,1999,0.0,2361385.0,-0.459323,0.210247,GTM,TUR,72
20024706,93,224,171,2000,0.0,1939975.0,-0.452607,0.317698,GTM,TUR,72
20024707,93,224,171,2010,0.0,5298245.0,-0.39034,0.743521,GTM,TUR,72
20024708,93,224,171,2011,0.0,3895420.0,-0.329497,0.775369,GTM,TUR,72
20024709,93,224,171,2012,0.0,2517895.0,-0.265127,0.626089,GTM,TUR,72
20024710,93,224,171,2013,0.0,4146504.0,-0.41466499999999995,0.774788,GTM,TUR,72
20024711,93,224,171,2014,0.0,4540332.0,-0.36547199999999996,0.548894,GTM,TUR,72
20024712,93,224,171,2015,0.0,4512576.0,-0.284403,0.525564,GTM,TUR,72
20024713,93,224,171,2016,0.0,13109979.0,-0.414843,0.382162,GTM,TUR,72
20024714,93,224,171,2017,0.0,19680687.0,-0.418538,0.557454,GTM,TUR,72
20024715,93,224,171,2018,0.0,13995264.0,-0.362668,0.520826,GTM,TUR,72
20024716,93,224,171,2019,0.0,22422381.0,-0.43447299999999994,0.658475,GTM,TUR,72
20024717,93,224,171,2020,0.0,23711937.0,-0.32240100000000005,0.542048,GTM,TUR,72
20024718,93,224,171,2007,0.0,138787.0,-0.261899,0.643437,GTM,TUR,72
20024719,93,224,171,2008,0.0,3441319.0,-0.271973,0.720486,GTM,TUR,72
20024720,93,224,171,2009,0.0,1502847.0,-0.33276999999999995,0.551257,GTM,TUR,72
20024721,93,224,171,1995,0.0,1026537.0,-0.241468,0.170932,GTM,TUR,72
20024722,93,224,171,1996,0.0,882476.0,-0.332901,0.23790300000000003,GTM,TUR,72
20024723,93,224,171,1997,0.0,2310771.0,-0.310042,0.2096,GTM,TUR,72
20024724,93,224,171,1998,0.0,6320971.0,-0.344999,0.155524,GTM,TUR,72
20024725,93,224,171,2001,0.0,2011754.0,-0.5089520000000001,0.216677,GTM,TUR,72
20024726,93,224,171,2002,0.0,379417.0,-0.548834,-0.034464999999999996,GTM,TUR,72
20024727,93,224,171,2005,0.0,37653.0,-0.414479,0.41440200000000005,GTM,TUR,72
20024728,93,224,171,2003,0.0,885867.0,-0.444162,0.145319,GTM,TUR,72
20024729,96,224,171,2009,0.0,1394718.0,-1.0557809999999999,-1.055825,GUY,TUR,72
20024730,96,224,171,2011,0.0,5268148.0,-1.079231,-1.0280989999999999,GUY,TUR,72
20024731,96,224,171,2010,0.0,2835300.0,-1.020217,-1.0231569999999999,GUY,TUR,72
20024732,96,224,171,2017,0.0,15233097.0,-0.703271,-0.898648,GUY,TUR,72
20024733,96,224,171,1998,0.0,1085754.0,-0.8204450000000001,-0.8914200000000001,GUY,TUR,72
20024734,96,224,171,1999,0.0,101322.0,-0.97619,-0.8785709999999999,GUY,TUR,72
20024735,96,224,171,2000,0.0,319229.0,-1.127205,-0.962915,GUY,TUR,72
20024736,96,224,171,2001,0.0,2257382.0,-0.955816,-0.8593069999999999,GUY,TUR,72
20024737,96,224,171,2002,0.0,1142996.0,-0.9485889999999999,-0.9086489999999999,GUY,TUR,72
20024738,96,224,171,2003,0.0,710645.0,-0.59035,-0.7361340000000001,GUY,TUR,72
20024739,96,224,171,2004,0.0,14305.0,-1.046232,-0.985188,GUY,TUR,72
20024740,96,224,171,2006,0.0,105476.0,-0.813775,-0.8000649999999999,GUY,TUR,72
20024741,96,224,171,2008,8663.0,1390935.0,-1.0439530000000001,-0.962007,GUY,TUR,72
20024742,96,224,171,2018,6049.0,15315560.0,-0.841458,-0.9803280000000001,GUY,TUR,72
20024743,96,224,171,2019,0.0,16570726.0,-0.308365,-0.7833359999999999,GUY,TUR,72
20024744,96,224,171,2012,0.0,10229220.0,-0.734614,-0.8208489999999999,GUY,TUR,72
20024745,96,224,171,2013,0.0,7345938.0,-0.8555590000000001,-0.9744450000000001,GUY,TUR,72
20024746,96,224,171,2015,0.0,7162195.0,-1.018758,-1.056085,GUY,TUR,72
20024747,96,224,171,2014,372424.0,6438968.0,-1.068777,-1.038227,GUY,TUR,72
20024748,96,224,171,2016,0.0,4826469.0,-0.4755,-0.778335,GUY,TUR,72
20024749,96,224,171,2020,0.0,14368852.0,-0.5874159999999999,-0.8020189999999999,GUY,TUR,72
20024750,97,224,171,1995,728097.0,165246273.0,0.5244449999999999,2.682738,HKG,TUR,72
20024751,97,224,171,1996,940752.0,157974987.0,0.54364,2.727659,HKG,TUR,72
20024752,97,224,171,1997,95337.0,174243697.0,0.521942,2.578405,HKG,TUR,72
20024753,97,224,171,1998,672713.0,99403152.0,0.46966099999999994,2.5744029999999998,HKG,TUR,72
20024754,97,224,171,1999,26243.0,47483455.0,0.387427,2.402434,HKG,TUR,72
20024755,97,224,171,2000,23836.0,46905408.0,0.416202,2.4793950000000002,HKG,TUR,72
20024756,97,224,171,2001,266000.0,78577765.0,0.521528,2.3025,HKG,TUR,72
20024757,97,224,171,2002,20345.0,71275033.0,0.5701109999999999,1.989357,HKG,TUR,72
20024758,97,224,171,2003,84972.0,27168684.0,0.494569,2.147062,HKG,TUR,72
20024759,97,224,171,2004,161031.0,47268685.0,0.604825,2.098745,HKG,TUR,72
20024760,97,224,171,2011,448643.0,78960812.0,0.663588,1.902118,HKG,TUR,72
20024761,97,224,171,2013,182923.0,1504764.0,0.744383,1.923139,HKG,TUR,72
20024762,97,224,171,2014,763718.0,2824638.0,0.812132,1.722493,HKG,TUR,72
20024763,97,224,171,2015,2052713.0,1297755.0,0.8255290000000001,1.8017279999999998,HKG,TUR,72
20024764,97,224,171,2016,480598.0,1327376.0,0.8029029999999999,1.477249,HKG,TUR,72
20024765,97,224,171,2017,8920101.0,118258634.0,0.824982,1.7162220000000001,HKG,TUR,72
20024766,97,224,171,2018,314017.0,178298949.0,0.843677,1.656073,HKG,TUR,72
20024767,97,224,171,2019,104965.0,100127959.0,0.992556,1.523004,HKG,TUR,72
20024768,97,224,171,2009,342828.0,30276402.0,0.654964,1.98672,HKG,TUR,72
20024769,97,224,171,2005,293641.0,4750132.0,0.5862149999999999,2.0303459999999998,HKG,TUR,72
20024770,97,224,171,2006,1051781.0,662407.0,0.5776319999999999,2.076782,HKG,TUR,72
20024771,97,224,171,2012,655368.0,15169509.0,0.8124979999999999,1.677497,HKG,TUR,72
20024772,97,224,171,2010,1035816.0,8789591.0,0.715745,1.9780259999999998,HKG,TUR,72
20024773,97,224,171,2020,82343.0,253719019.0,1.070483,1.183618,HKG,TUR,72
20024774,97,224,171,2008,987630.0,19738361.0,0.74435,2.149616,HKG,TUR,72
20024775,97,224,171,2007,660932.0,10858256.0,0.639034,2.1086009999999997,HKG,TUR,72
20024776,99,224,171,2012,0.0,6998819.0,-0.45962299999999995,-0.002247,HND,TUR,72
20024777,99,224,171,2015,4227.0,2135956.0,-0.578635,-0.292053,HND,TUR,72
20024778,99,224,171,2016,4184.0,615503.0,-0.673741,-0.403777,HND,TUR,72
20024779,99,224,171,2017,6159.0,3580217.0,-0.6335689999999999,-0.334201,HND,TUR,72
20024780,99,224,171,2019,0.0,2789690.0,-0.6444439999999999,-0.203443,HND,TUR,72
20024781,99,224,171,2003,0.0,454268.0,-0.733546,-0.568585,HND,TUR,72
20024782,99,224,171,2009,917.0,2087691.0,-0.587607,-0.189167,HND,TUR,72
20024783,99,224,171,2010,0.0,2019216.0,-0.569501,-0.153122,HND,TUR,72
20024784,99,224,171,2011,0.0,2499311.0,-0.740241,-0.311952,HND,TUR,72
20024785,99,224,171,2014,130624.0,2544188.0,-0.467004,0.045511,HND,TUR,72
20024786,99,224,171,2018,5605.0,14241750.0,-0.523738,-0.193198,HND,TUR,72
20024787,99,224,171,2004,0.0,1063452.0,-0.75975,-0.548407,HND,TUR,72
20024788,99,224,171,2005,0.0,1121939.0,-0.731899,-0.54884,HND,TUR,72
20024789,99,224,171,2006,0.0,17710.0,-0.672074,-0.472138,HND,TUR,72
20024790,99,224,171,2007,0.0,168573.0,-0.6366,-0.327447,HND,TUR,72
20024791,99,224,171,1996,0.0,43608.0,-0.69357,-0.48721400000000004,HND,TUR,72
20024792,99,224,171,1997,0.0,1636483.0,-0.832161,-0.5578270000000001,HND,TUR,72
20024793,99,224,171,2002,0.0,1067798.0,-0.877043,-0.658185,HND,TUR,72
20024794,99,224,171,1998,0.0,9778822.0,-0.9326049999999999,-0.598527,HND,TUR,72
20024795,99,224,171,2013,0.0,6492284.0,-0.731431,-0.310927,HND,TUR,72
20024796,99,224,171,1999,0.0,6061333.0,-0.8858290000000001,-0.530034,HND,TUR,72
20024797,99,224,171,2000,0.0,1532252.0,-0.860977,-0.6851109999999999,HND,TUR,72
20024798,99,224,171,2001,0.0,2789508.0,-0.8003060000000001,-0.602097,HND,TUR,72
20024799,99,224,171,2008,0.0,4646914.0,-0.5907,-0.351317,HND,TUR,72
20024800,99,224,171,2020,0.0,10832747.0,-0.583329,-0.404227,HND,TUR,72
20024801,100,224,171,2010,66453643.0,970534.0,0.8276979999999999,0.97415,HRV,TUR,72
20024802,100,224,171,2004,1453535.0,3597967.0,0.6669970000000001,1.088043,HRV,TUR,72
20024803,100,224,171,1999,500364.0,2754978.0,0.572934,0.9873639999999999,HRV,TUR,72
20024804,100,224,171,2003,266096.0,773216.0,0.568394,1.230759,HRV,TUR,72
20024805,100,224,171,2006,1753280.0,2518840.0,0.755787,0.992614,HRV,TUR,72
20024806,100,224,171,2007,3423.0,46686598.0,0.7799699999999999,1.1047850000000001,HRV,TUR,72
20024807,100,224,171,2009,25893801.0,7485677.0,0.740174,1.005258,HRV,TUR,72
20024808,100,224,171,2008,16707359.0,33318024.0,0.874459,1.075102,HRV,TUR,72
20024809,100,224,171,2005,5364634.0,2797950.0,0.687937,1.059269,HRV,TUR,72
20024810,100,224,171,2020,102770083.0,14368205.0,0.876001,1.250877,HRV,TUR,72
20024811,100,224,171,2012,89238401.0,1526406.0,0.890281,1.02053,HRV,TUR,72
20024812,100,224,171,2017,33343665.0,11255593.0,0.860825,1.365445,HRV,TUR,72
20024813,100,224,171,2011,132453358.0,10634161.0,0.868294,0.9424299999999999,HRV,TUR,72
20024814,100,224,171,2013,57149683.0,2626362.0,0.898284,1.038807,HRV,TUR,72
20024815,100,224,171,2018,57241320.0,24163194.0,0.7923720000000001,1.4047209999999999,HRV,TUR,72
20024816,100,224,171,2019,53664199.0,14383921.0,0.850527,1.280845,HRV,TUR,72
20024817,100,224,171,2015,11499839.0,2089697.0,0.7590140000000001,1.257415,HRV,TUR,72
20024818,100,224,171,2014,35212922.0,6839875.0,0.804401,1.250807,HRV,TUR,72
20024819,100,224,171,2016,11442263.0,4804666.0,0.8695200000000001,1.214791,HRV,TUR,72
20024820,100,224,171,1995,0.0,3487898.0,0.75325,1.395715,HRV,TUR,72
20024821,100,224,171,1996,0.0,1843914.0,0.772706,1.1075270000000002,HRV,TUR,72
20024822,100,224,171,1998,2393072.0,1482008.0,0.692779,0.9919530000000001,HRV,TUR,72
20024823,100,224,171,2000,76498.0,529093.0,0.683921,1.0184959999999998,HRV,TUR,72
20024824,100,224,171,2001,0.0,147088.0,0.544596,0.969535,HRV,TUR,72
20024825,100,224,171,2002,0.0,73542.0,0.591276,1.030723,HRV,TUR,72
20024826,100,224,171,1997,0.0,21656.0,0.607903,1.147751,HRV,TUR,72
20024827,101,224,171,2009,0.0,5608096.0,-1.406148,-1.108465,HTI,TUR,72
20024828,101,224,171,1995,0.0,95097.0,-0.761827,-0.6020310000000001,HTI,TUR,72
20024829,101,224,171,1996,0.0,531147.0,-0.865218,-0.723441,HTI,TUR,72
20024830,101,224,171,1997,0.0,848016.0,-0.945809,-0.7246560000000001,HTI,TUR,72
20024831,101,224,171,2008,194565.0,5923622.0,-1.087836,-0.967734,HTI,TUR,72
20024832,101,224,171,2013,0.0,10999270.0,-1.095392,-0.957326,HTI,TUR,72
20024833,101,224,171,2014,0.0,7063653.0,-1.10887,-1.032108,HTI,TUR,72
20024834,101,224,171,2015,0.0,10214875.0,-1.288246,-1.018979,HTI,TUR,72
20024835,101,224,171,2016,0.0,5471473.0,-1.30976,-1.010181,HTI,TUR,72
20024836,101,224,171,2017,0.0,42899323.0,-1.0089219999999999,-0.946722,HTI,TUR,72
20024837,101,224,171,2018,0.0,51527698.0,-0.914545,-0.890601,HTI,TUR,72
20024838,101,224,171,2019,0.0,78317068.0,-1.120295,-0.967447,HTI,TUR,72
20024839,101,224,171,2012,0.0,9733627.0,-0.8495739999999999,-0.972046,HTI,TUR,72
20024840,101,224,171,2020,0.0,84694944.0,-1.028076,-0.884073,HTI,TUR,72
20024841,101,224,171,2010,0.0,2737204.0,-1.369873,-1.121801,HTI,TUR,72
20024842,101,224,171,2011,0.0,9017899.0,-1.263093,-1.086658,HTI,TUR,72
20024843,101,224,171,2002,0.0,7830326.0,-1.220251,-0.8176859999999999,HTI,TUR,72
20024844,101,224,171,2003,0.0,4350013.0,-1.3761290000000002,-1.006346,HTI,TUR,72
20024845,101,224,171,2004,0.0,2190026.0,-1.348507,-0.979369,HTI,TUR,72
20024846,101,224,171,1998,0.0,5984266.0,-1.186197,-0.925901,HTI,TUR,72
20024847,101,224,171,2000,0.0,7085194.0,-1.119661,-0.823765,HTI,TUR,72
20024848,101,224,171,2005,0.0,63516.0,-1.2804229999999999,-1.018106,HTI,TUR,72
20024849,101,224,171,1999,0.0,4824881.0,-1.321531,-0.934434,HTI,TUR,72
20024850,101,224,171,2001,0.0,8255255.0,-1.220515,-0.8502200000000001,HTI,TUR,72
20024851,102,224,171,2020,29171818.0,4581327.0,1.393152,0.878916,HUN,TUR,72
20024852,102,224,171,2009,15563063.0,3358761.0,1.397765,0.772375,HUN,TUR,72
20024853,102,224,171,2016,21426979.0,3507197.0,1.445281,0.8422209999999999,HUN,TUR,72
20024854,102,224,171,2018,17942421.0,11802297.0,1.519662,0.833092,HUN,TUR,72
20024855,102,224,171,2019,15662635.0,11720976.0,1.462102,0.809183,HUN,TUR,72
20024856,102,224,171,2017,15478350.0,5721372.0,1.4886270000000001,0.845986,HUN,TUR,72
20024857,102,224,171,2013,29105392.0,7546283.0,1.506101,0.7279220000000001,HUN,TUR,72
20024858,102,224,171,2014,25307775.0,8705649.0,1.477093,0.812869,HUN,TUR,72
20024859,102,224,171,2015,9176744.0,4241174.0,1.462839,0.803258,HUN,TUR,72
20024860,102,224,171,2008,12855522.0,16051494.0,1.3358299999999999,0.8177770000000001,HUN,TUR,72
20024861,102,224,171,2007,4703097.0,29979274.0,1.4887709999999998,0.78372,HUN,TUR,72
20024862,102,224,171,2003,4300303.0,1897681.0,1.2003270000000001,1.091407,HUN,TUR,72
20024863,102,224,171,2010,26116613.0,5142942.0,1.514225,0.740341,HUN,TUR,72
20024864,102,224,171,2011,19759440.0,7028881.0,1.486592,0.805642,HUN,TUR,72
20024865,102,224,171,2012,15017437.0,4700389.0,1.396648,0.759196,HUN,TUR,72
20024866,102,224,171,2002,3216187.0,1648034.0,1.179684,1.0574860000000001,HUN,TUR,72
20024867,102,224,171,2004,7474470.0,2970708.0,1.207082,1.019714,HUN,TUR,72
20024868,102,224,171,2005,9834498.0,2690094.0,1.3558,0.876179,HUN,TUR,72
20024869,102,224,171,1996,7913732.0,5091.0,0.790036,1.891534,HUN,TUR,72
20024870,102,224,171,1997,5027796.0,107421.0,0.746743,1.577102,HUN,TUR,72
20024871,102,224,171,1998,4060245.0,911293.0,0.780392,1.450701,HUN,TUR,72
20024872,102,224,171,2000,529550.0,1471233.0,1.045661,1.198236,HUN,TUR,72
20024873,102,224,171,1999,2562289.0,1216215.0,0.794675,1.308337,HUN,TUR,72
20024874,102,224,171,2006,3426469.0,4693566.0,1.4034309999999999,0.835144,HUN,TUR,72
20024875,102,224,171,2001,316912.0,2214831.0,1.102262,1.138016,HUN,TUR,72
20024876,102,224,171,1995,6785264.0,19016.0,0.878711,1.8200060000000002,HUN,TUR,72
20024877,103,224,171,2000,3774.0,52936.0,-0.125831,1.7116360000000002,IDN,TUR,72
20024878,103,224,171,2019,41628658.0,4466729.0,-0.141811,1.385726,IDN,TUR,72
20024879,103,224,171,2020,87291834.0,5825876.0,-0.16761700000000002,1.571009,IDN,TUR,72
20024880,103,224,171,2004,199212.0,1263112.0,-0.223644,1.719065,IDN,TUR,72
20024881,103,224,171,2005,34927.0,149704.0,-0.273208,1.5252379999999999,IDN,TUR,72
20024882,103,224,171,2010,7172123.0,15020446.0,-0.30878099999999997,1.07069,IDN,TUR,72
20024883,103,224,171,2015,1484761.0,1986105.0,-0.145103,1.277362,IDN,TUR,72
20024884,103,224,171,2006,98764.0,168650.0,-0.21012399999999998,1.467838,IDN,TUR,72
20024885,103,224,171,2003,0.0,255691.0,-0.16802,1.7252990000000001,IDN,TUR,72
20024886,103,224,171,2017,477428.0,16310719.0,-0.23641700000000002,1.188173,IDN,TUR,72
20024887,103,224,171,2014,1306154.0,656957.0,-0.088032,1.3966459999999998,IDN,TUR,72
20024888,103,224,171,2009,2231439.0,16051316.0,-0.253835,1.260101,IDN,TUR,72
20024889,103,224,171,2012,5816048.0,2210789.0,-0.142318,1.281781,IDN,TUR,72
20024890,103,224,171,2013,6935040.0,5940940.0,-0.216854,1.415728,IDN,TUR,72
20024891,103,224,171,2016,1850646.0,3126024.0,-0.158496,1.492067,IDN,TUR,72
20024892,103,224,171,2018,6474753.0,2421487.0,-0.10130499999999999,1.2414209999999999,IDN,TUR,72
20024893,103,224,171,2008,3619520.0,11889056.0,-0.11154000000000001,1.4879850000000001,IDN,TUR,72
20024894,103,224,171,2001,0.0,241341.0,-0.167771,1.6587889999999998,IDN,TUR,72
20024895,103,224,171,2002,0.0,101115.0,-0.10020499999999999,1.590314,IDN,TUR,72
20024896,103,224,171,2007,835627.0,4705452.0,-0.192415,1.497962,IDN,TUR,72
20024897,103,224,171,2011,9490027.0,3317781.0,-0.234125,1.168384,IDN,TUR,72
20024898,103,224,171,1997,0.0,3248398.0,-0.44080699999999995,1.220104,IDN,TUR,72
20024899,103,224,171,1998,1884133.0,53050.0,-0.478253,1.350652,IDN,TUR,72
20024900,103,224,171,1999,1692.0,2555.0,-0.20447,1.568505,IDN,TUR,72
20024901,103,224,171,1995,0.0,8306536.0,-0.391727,1.174727,IDN,TUR,72
20024902,103,224,171,1996,0.0,11386455.0,-0.43199899999999997,1.22074,IDN,TUR,72
20024903,104,224,171,2004,26325323.0,25622730.0,0.233348,2.790987,IND,TUR,72
20024904,104,224,171,2009,56461016.0,46352271.0,0.209867,2.254003,IND,TUR,72
20024905,104,224,171,2015,134283435.0,18042616.0,0.24230900000000002,2.8190880000000003,IND,TUR,72
20024906,104,224,171,2017,186242378.0,51922253.0,0.290576,2.726391,IND,TUR,72
20024907,104,224,171,2018,210981893.0,46570182.0,0.526015,2.448112,IND,TUR,72
20024908,104,224,171,2019,132281196.0,34749526.0,0.43196,2.661139,IND,TUR,72
20024909,104,224,171,2020,140629427.0,45448852.0,0.464674,2.838779,IND,TUR,72
20024910,104,224,171,2013,214104631.0,12311235.0,0.215356,2.3916209999999998,IND,TUR,72
20024911,104,224,171,2014,159343405.0,27141699.0,0.262042,2.6305080000000003,IND,TUR,72
20024912,104,224,171,2011,158475418.0,32911497.0,0.18276199999999998,2.398765,IND,TUR,72
20024913,104,224,171,2012,175691447.0,39107245.0,0.229996,2.4815110000000002,IND,TUR,72
20024914,104,224,171,2016,122380948.0,29910824.0,0.30976,2.61043,IND,TUR,72
20024915,104,224,171,2007,87749776.0,20247298.0,0.279475,2.7514939999999997,IND,TUR,72
20024916,104,224,171,2008,145599465.0,42613544.0,0.26694,2.926023,IND,TUR,72
20024917,104,224,171,2003,13759207.0,1757168.0,0.33014099999999996,2.836003,IND,TUR,72
20024918,104,224,171,2005,34497151.0,59680830.0,0.212108,2.817413,IND,TUR,72
20024919,104,224,171,2006,43433988.0,13690608.0,0.285652,2.731318,IND,TUR,72
20024920,104,224,171,2010,130914872.0,25866269.0,0.14485599999999998,2.408913,IND,TUR,72
20024921,104,224,171,2000,30958782.0,1943482.0,0.3961,2.553408,IND,TUR,72
20024922,104,224,171,2002,9468898.0,5501735.0,0.380867,2.608955,IND,TUR,72
20024923,104,224,171,2001,11041640.0,1946189.0,0.349744,2.665844,IND,TUR,72
20024924,104,224,171,1997,12695161.0,18345607.0,0.262571,2.31305,IND,TUR,72
20024925,104,224,171,1996,2016047.0,11614454.0,0.20685599999999998,2.317622,IND,TUR,72
20024926,104,224,171,1998,4631219.0,5572072.0,0.274308,2.316908,IND,TUR,72
20024927,104,224,171,1999,4060890.0,1353264.0,0.29945900000000003,2.438702,IND,TUR,72
20024928,104,224,171,1995,1966821.0,6859215.0,0.156183,1.9617380000000002,IND,TUR,72
20024929,106,224,171,1998,1308732.0,3005745.0,1.451067,0.654442,IRL,TUR,72
20024930,106,224,171,1995,21338.0,504570.0,1.349192,0.992099,IRL,TUR,72
20024931,106,224,171,1996,3178128.0,560069.0,1.386011,0.9232100000000001,IRL,TUR,72
20024932,106,224,171,1997,2257738.0,148433.0,1.471048,0.8769370000000001,IRL,TUR,72
20024933,106,224,171,1999,619028.0,6713306.0,1.599613,0.37233299999999997,IRL,TUR,72
20024934,106,224,171,2002,0.0,13778918.0,1.7232880000000002,0.091172,IRL,TUR,72
20024935,106,224,171,2004,14403.0,53648282.0,1.501859,0.14456,IRL,TUR,72
20024936,106,224,171,2005,261199.0,14279426.0,1.536605,0.189781,IRL,TUR,72
20024937,106,224,171,2019,315489.0,30998411.0,1.3812389999999999,-0.025366,IRL,TUR,72
20024938,106,224,171,2000,865581.0,3305503.0,1.546001,0.342854,IRL,TUR,72
20024939,106,224,171,2003,129929.0,18545349.0,1.6396130000000002,0.220599,IRL,TUR,72
20024940,106,224,171,2006,94449.0,78571771.0,1.43804,0.06463200000000001,IRL,TUR,72
20024941,106,224,171,2007,744779.0,74088414.0,1.353146,0.122832,IRL,TUR,72
20024942,106,224,171,2008,1654158.0,42820357.0,1.693858,0.221425,IRL,TUR,72
20024943,106,224,171,2011,277670.0,3477755.0,1.403182,0.290245,IRL,TUR,72
20024944,106,224,171,2016,128570.0,5880672.0,1.445238,0.07659400000000001,IRL,TUR,72
20024945,106,224,171,2017,318380.0,10515197.0,1.363544,0.169211,IRL,TUR,72
20024946,106,224,171,2020,505790.0,11639516.0,1.337791,-0.20829699999999998,IRL,TUR,72
20024947,106,224,171,2018,516506.0,35029147.0,1.262419,0.013576,IRL,TUR,72
20024948,106,224,171,2014,36679.0,4830201.0,1.2658399999999999,0.278546,IRL,TUR,72
20024949,106,224,171,2009,1249506.0,3748621.0,1.627233,0.020024,IRL,TUR,72
20024950,106,224,171,2010,143014.0,3879568.0,1.371357,0.168795,IRL,TUR,72
20024951,106,224,171,2012,527752.0,12390515.0,1.229702,0.12683599999999998,IRL,TUR,72
20024952,106,224,171,2015,149671.0,8993191.0,1.304942,0.126431,IRL,TUR,72
20024953,106,224,171,2001,14909.0,12241195.0,1.664233,0.129983,IRL,TUR,72
20024954,106,224,171,2013,91472.0,2748003.0,1.29988,0.240688,IRL,TUR,72
20024955,107,224,171,2000,1463121.0,28286507.0,-0.555558,-0.910523,IRN,TUR,72
20024956,107,224,171,2001,1746701.0,36134493.0,-0.7732479999999999,-0.8979370000000001,IRN,TUR,72
20024957,107,224,171,2002,10769732.0,34743827.0,-0.5707840000000001,-0.705612,IRN,TUR,72
20024958,107,224,171,2010,18705930.0,719008782.0,-0.609874,-0.744733,IRN,TUR,72
20024959,107,224,171,2016,79353473.0,53692004.0,-0.407368,-0.23482399999999998,IRN,TUR,72
20024960,107,224,171,2003,238588.0,60892407.0,-0.552146,-0.8668520000000001,IRN,TUR,72
20024961,107,224,171,2004,844774.0,141982036.0,-0.38210700000000003,-0.8408620000000001,IRN,TUR,72
20024962,107,224,171,2005,2170505.0,119145736.0,-0.305068,-0.804413,IRN,TUR,72
20024963,107,224,171,2006,23401301.0,69290023.0,-0.391023,-0.767861,IRN,TUR,72
20024964,107,224,171,2011,42636166.0,605768684.0,-0.915379,-0.973194,IRN,TUR,72
20024965,107,224,171,2013,68325672.0,96035245.0,-0.339172,-0.237114,IRN,TUR,72
20024966,107,224,171,2014,23443183.0,81187071.0,-0.361058,-0.312743,IRN,TUR,72
20024967,107,224,171,2015,33450120.0,65599354.0,-0.258946,-0.0073420000000000004,IRN,TUR,72
20024968,107,224,171,2017,112082135.0,78967937.0,-0.361292,-0.361813,IRN,TUR,72
20024969,107,224,171,2018,96671315.0,45439847.0,-0.389954,-0.258156,IRN,TUR,72
20024970,107,224,171,2019,303484707.0,72548982.0,-0.386813,-0.467873,IRN,TUR,72
20024971,107,224,171,1999,2361766.0,8051395.0,-0.9366620000000001,-1.147602,IRN,TUR,72
20024972,107,224,171,2008,32019505.0,205879494.0,-0.9776469999999999,-1.054475,IRN,TUR,72
20024973,107,224,171,2009,11298960.0,227850312.0,-1.185702,-1.1049360000000001,IRN,TUR,72
20024974,107,224,171,1997,71637.0,24513337.0,-0.503841,-0.9984059999999999,IRN,TUR,72
20024975,107,224,171,1998,686672.0,14412952.0,-0.6626029999999999,-1.0408959999999998,IRN,TUR,72
20024976,107,224,171,2012,32320560.0,615418212.0,-0.963881,-0.928644,IRN,TUR,72
20024977,107,224,171,1996,23741.0,48459449.0,-0.7496649999999999,-1.1173520000000001,IRN,TUR,72
20024978,107,224,171,2007,24660202.0,152677715.0,-0.797659,-1.048892,IRN,TUR,72
20024979,107,224,171,2020,59500278.0,64802153.0,-0.362286,-0.242846,IRN,TUR,72
20024980,107,224,171,1995,18646.0,8817571.0,-0.821991,-1.071013,IRN,TUR,72
20024981,108,224,171,2008,314872.0,347886369.0,-1.6604189999999999,-0.886959,IRQ,TUR,72
20024982,108,224,171,2009,110426.0,489610444.0,-1.1683270000000001,-0.9517459999999999,IRQ,TUR,72
20024983,108,224,171,2011,93337.0,850757759.0,-2.175137,-0.726975,IRQ,TUR,72
20024984,108,224,171,2010,376331.0,502694392.0,-2.1439150000000002,-0.913227,IRQ,TUR,72
20024985,108,224,171,2016,0.0,281977179.0,-2.2400029999999997,-1.017174,IRQ,TUR,72
20024986,108,224,171,2018,109475.0,211789373.0,-1.7504400000000002,-1.018699,IRQ,TUR,72
20024987,108,224,171,2019,71002.0,247085046.0,-1.593359,-0.9927860000000001,IRQ,TUR,72
20024988,108,224,171,2015,39429.0,455046089.0,-1.465803,-0.912113,IRQ,TUR,72
20024989,108,224,171,2007,435288.0,255535852.0,-1.961053,-0.8849969999999999,IRQ,TUR,72
20024990,108,224,171,2013,146545.0,1240117366.0,-2.839079,-0.8705440000000001,IRQ,TUR,72
20024991,108,224,171,2012,44736.0,1136204885.0,-2.7534509999999996,-0.812277,IRQ,TUR,72
20024992,108,224,171,2014,3555.0,667431678.0,-2.9169,-0.882023,IRQ,TUR,72
20024993,108,224,171,2017,94200.0,242008914.0,-1.515339,-0.9462950000000001,IRQ,TUR,72
20024994,108,224,171,2003,7495468.0,10873458.0,-0.398557,-0.774153,IRQ,TUR,72
20024995,108,224,171,2005,16028961.0,166906829.0,-1.021297,-0.8532549999999999,IRQ,TUR,72
20024996,108,224,171,2020,29264.0,314852037.0,-1.087158,-0.9546389999999999,IRQ,TUR,72
20024997,108,224,171,2004,59484555.0,60764363.0,-0.8852559999999999,-0.907136,IRQ,TUR,72
20024998,108,224,171,2006,180273.0,141666890.0,-2.029727,-0.8634219999999999,IRQ,TUR,72
20024999,108,224,171,1996,0.0,1814616.0,0.9485540000000001,-0.303744,IRQ,TUR,72
20025000,108,224,171,1997,0.0,100119.0,-2.248377,-0.817589,IRQ,TUR,72
20025001,108,224,171,1998,0.0,364784.0,-1.4440030000000001,-0.808689,IRQ,TUR,72
20025002,108,224,171,1995,0.0,48502.0,-0.813404,-0.7444390000000001,IRQ,TUR,72
20025003,109,224,171,2017,1029783.0,7251.0,0.386094,-0.277269,ISL,TUR,72
20025004,109,224,171,2012,550134.0,12890.0,0.368012,-0.31235599999999997,ISL,TUR,72
20025005,109,224,171,2014,93930.0,36836.0,0.127891,-0.302014,ISL,TUR,72
20025006,109,224,171,2015,69003.0,4534.0,0.24527600000000002,-0.411616,ISL,TUR,72
20025007,109,224,171,2010,4731430.0,7168.0,0.20822100000000002,-0.318294,ISL,TUR,72
20025008,109,224,171,2011,8770434.0,13134.0,0.284202,-0.23753000000000002,ISL,TUR,72
20025009,109,224,171,2009,643955.0,5357.0,0.21713200000000002,-0.371812,ISL,TUR,72
20025010,109,224,171,2013,0.0,11981.0,0.259374,-0.20413299999999998,ISL,TUR,72
20025011,109,224,171,2007,69493.0,1391001.0,0.172786,-0.380266,ISL,TUR,72
20025012,109,224,171,2016,40488.0,71580.0,0.192448,-0.37174,ISL,TUR,72
20025013,109,224,171,2018,3322461.0,15607.0,0.252338,-0.341319,ISL,TUR,72
20025014,109,224,171,2004,798556.0,24144.0,0.298844,-0.36366,ISL,TUR,72
20025015,109,224,171,2003,139560.0,10113.0,0.21902800000000003,-0.40818499999999996,ISL,TUR,72
20025016,109,224,171,2002,153350.0,0.0,0.23601999999999998,-0.34781,ISL,TUR,72
20025017,109,224,171,2008,183125.0,0.0,0.26969899999999997,-0.29915,ISL,TUR,72
20025018,109,224,171,2020,133241.0,7232.0,0.27161399999999997,-0.17819200000000002,ISL,TUR,72
20025019,109,224,171,2006,21385.0,78402.0,0.170234,-0.302203,ISL,TUR,72
20025020,109,224,171,2000,287326.0,895825.0,0.217683,-0.41136000000000006,ISL,TUR,72
20025021,109,224,171,2005,43521.0,320346.0,0.060955999999999996,-0.410998,ISL,TUR,72
20025022,109,224,171,1997,1499909.0,213461.0,0.217533,-0.405395,ISL,TUR,72
20025023,109,224,171,1999,0.0,8273.0,0.377701,-0.355798,ISL,TUR,72
20025024,109,224,171,1998,55930.0,0.0,0.18141300000000002,-0.47993500000000006,ISL,TUR,72
20025025,109,224,171,2001,230956.0,2080.0,0.032382999999999995,-0.51054,ISL,TUR,72
20025026,109,224,171,1996,78414.0,0.0,0.003558,-0.551796,ISL,TUR,72
20025027,110,224,171,2011,133246384.0,434009999.0,1.324384,0.714611,ISR,TUR,72
20025028,110,224,171,1997,2268954.0,126866515.0,1.3230030000000002,0.965016,ISR,TUR,72
20025029,110,224,171,2010,142335839.0,341174594.0,1.215834,0.7028340000000001,ISR,TUR,72
20025030,110,224,171,2012,111825274.0,452920278.0,1.344347,0.691617,ISR,TUR,72
20025031,110,224,171,2014,55255274.0,504289145.0,1.211141,0.64523,ISR,TUR,72
20025032,110,224,171,2016,27222651.0,445142257.0,1.352275,0.67584,ISR,TUR,72
20025033,110,224,171,2009,53777866.0,212891249.0,1.226438,0.816299,ISR,TUR,72
20025034,110,224,171,2003,3022254.0,201950410.0,1.157809,0.682195,ISR,TUR,72
20025035,110,224,171,2020,83209000.0,779809950.0,1.487557,0.8370920000000001,ISR,TUR,72
20025036,110,224,171,1998,2625173.0,128443052.0,1.2643739999999999,0.958475,ISR,TUR,72
20025037,110,224,171,2013,60718671.0,449965759.0,1.197241,0.633828,ISR,TUR,72
20025038,110,224,171,2004,37945342.0,298711633.0,1.250393,0.8003979999999999,ISR,TUR,72
20025039,110,224,171,2006,61377114.0,229196251.0,1.3082129999999998,0.783845,ISR,TUR,72
20025040,110,224,171,2007,64923506.0,271116809.0,1.092244,0.753984,ISR,TUR,72
20025041,110,224,171,2008,102611888.0,274037301.0,1.169192,0.797136,ISR,TUR,72
20025042,110,224,171,2015,24547888.0,331488010.0,1.260071,0.545545,ISR,TUR,72
20025043,110,224,171,2005,59418058.0,240759966.0,1.3829120000000001,0.761617,ISR,TUR,72
20025044,110,224,171,1995,340868.0,58762205.0,1.205368,1.189434,ISR,TUR,72
20025045,110,224,171,1996,118742.0,39818403.0,1.054975,1.072965,ISR,TUR,72
20025046,110,224,171,2017,32037963.0,561938956.0,1.436156,0.776574,ISR,TUR,72
20025047,110,224,171,2001,542940.0,113618957.0,1.374873,0.775594,ISR,TUR,72
20025048,110,224,171,2002,437297.0,147891860.0,1.334174,0.654331,ISR,TUR,72
20025049,110,224,171,2019,69865530.0,808366384.0,1.488686,0.823376,ISR,TUR,72
20025050,110,224,171,2018,76169533.0,470224613.0,1.355071,0.872822,ISR,TUR,72
20025051,110,224,171,2000,457646.0,95166509.0,1.251365,0.7359319999999999,ISR,TUR,72
20025052,110,224,171,1999,654235.0,121337703.0,1.342593,0.781931,ISR,TUR,72
20025053,111,224,171,2003,160889571.0,223118889.0,1.399734,1.044608,ITA,TUR,72
20025054,111,224,171,2006,291535080.0,390892967.0,1.293779,0.93995,ITA,TUR,72
20025055,111,224,171,2007,424251133.0,442698535.0,1.3003559999999998,0.705448,ITA,TUR,72
20025056,111,224,171,2008,502167986.0,352731211.0,1.308777,0.361523,ITA,TUR,72
20025057,111,224,171,2009,398963288.0,295764979.0,1.289,0.64549,ITA,TUR,72
20025058,111,224,171,2010,557056212.0,273158450.0,1.272385,0.545721,ITA,TUR,72
20025059,111,224,171,2011,568518814.0,787440589.0,1.298751,0.48013599999999995,ITA,TUR,72
20025060,111,224,171,2012,553485329.0,215342445.0,1.297611,0.28585900000000003,ITA,TUR,72
20025061,111,224,171,2013,498068539.0,396326883.0,1.289924,0.533436,ITA,TUR,72
20025062,111,224,171,2014,462237535.0,200388821.0,1.340136,0.43931099999999995,ITA,TUR,72
20025063,111,224,171,2015,419080132.0,200073917.0,1.321127,0.747046,ITA,TUR,72
20025064,111,224,171,2016,347765786.0,217581834.0,1.339307,0.8549209999999999,ITA,TUR,72
20025065,111,224,171,2017,383948210.0,544125012.0,1.34395,0.577693,ITA,TUR,72
20025066,111,224,171,2018,364595556.0,1071079894.0,1.3602530000000002,0.453607,ITA,TUR,72
20025067,111,224,171,2019,343349677.0,852696281.0,1.25898,0.926639,ITA,TUR,72
20025068,111,224,171,2020,381062513.0,648021438.0,1.299017,0.701797,ITA,TUR,72
20025069,111,224,171,1995,224898644.0,81441765.0,1.503379,1.449094,ITA,TUR,72
20025070,111,224,171,1996,202726533.0,75602978.0,1.4674690000000001,1.263362,ITA,TUR,72
20025071,111,224,171,1997,147813720.0,114507355.0,1.4860389999999999,1.235674,ITA,TUR,72
20025072,111,224,171,1998,124518622.0,139994612.0,1.4532209999999999,1.191124,ITA,TUR,72
20025073,111,224,171,2005,218264026.0,319222960.0,1.295883,1.032218,ITA,TUR,72
20025074,111,224,171,2000,113090116.0,187539819.0,1.421124,1.112321,ITA,TUR,72
20025075,111,224,171,2001,85147137.0,211965019.0,1.389926,1.282143,ITA,TUR,72
20025076,111,224,171,2002,101588074.0,107816663.0,1.377604,1.2470510000000001,ITA,TUR,72
20025077,111,224,171,2004,225582837.0,417448302.0,1.358057,1.11533,ITA,TUR,72
20025078,111,224,171,1999,70629498.0,142673467.0,1.395253,1.3589790000000002,ITA,TUR,72
20025079,112,224,171,2004,0.0,16025043.0,-0.64957,-0.944183,JAM,TUR,72
20025080,112,224,171,2018,0.0,55459290.0,-0.339328,-0.8756659999999999,JAM,TUR,72
20025081,112,224,171,2019,0.0,72201829.0,-0.18387799999999999,-0.710004,JAM,TUR,72
20025082,112,224,171,2020,0.0,59291187.0,-0.21953000000000003,-0.6944899999999999,JAM,TUR,72
20025083,112,224,171,2006,0.0,18316584.0,-0.5122720000000001,-0.9109809999999999,JAM,TUR,72
20025084,112,224,171,2011,0.0,13565165.0,-0.162212,-0.621817,JAM,TUR,72
20025085,112,224,171,2012,0.0,32277100.0,-0.34163899999999997,-0.8008850000000001,JAM,TUR,72
20025086,112,224,171,2016,0.0,966145.0,-0.259972,-0.592114,JAM,TUR,72
20025087,112,224,171,2017,0.0,38003391.0,-0.497654,-0.76481,JAM,TUR,72
20025088,112,224,171,1999,0.0,16021615.0,-0.852468,-0.9670290000000001,JAM,TUR,72
20025089,112,224,171,2001,0.0,10381897.0,-0.541582,-0.837248,JAM,TUR,72
20025090,112,224,171,2002,0.0,8914996.0,-0.604813,-0.9309860000000001,JAM,TUR,72
20025091,112,224,171,2003,0.0,12244117.0,-0.6684140000000001,-0.915817,JAM,TUR,72
20025092,112,224,171,2005,0.0,10722110.0,-0.438717,-0.95845,JAM,TUR,72
20025093,112,224,171,2007,0.0,8990417.0,-0.466305,-0.971972,JAM,TUR,72
20025094,112,224,171,2008,0.0,34026851.0,-0.412969,-0.9444030000000001,JAM,TUR,72
20025095,112,224,171,2009,0.0,12075727.0,-0.083743,-0.6222479999999999,JAM,TUR,72
20025096,112,224,171,2010,0.0,15984528.0,0.041471,-0.367177,JAM,TUR,72
20025097,112,224,171,2013,0.0,27490013.0,-0.541441,-0.8448559999999999,JAM,TUR,72
20025098,112,224,171,2014,0.0,36841420.0,-0.42745299999999997,-0.7750130000000001,JAM,TUR,72
20025099,112,224,171,2015,0.0,6391546.0,-0.438267,-0.828097,JAM,TUR,72
20025100,112,224,171,1998,0.0,12737166.0,-0.8083739999999999,-0.946183,JAM,TUR,72
20025101,112,224,171,1996,0.0,11064133.0,-0.6344350000000001,-0.814916,JAM,TUR,72
20025102,112,224,171,1997,0.0,12368777.0,-0.65455,-0.820413,JAM,TUR,72
20025103,112,224,171,2000,0.0,11845382.0,-0.625061,-0.814176,JAM,TUR,72
20025104,112,224,171,1995,0.0,16814988.0,-0.873925,-0.952304,JAM,TUR,72
20025105,113,224,171,2015,702798.0,18964988.0,0.121172,0.457301,JOR,TUR,72
20025106,113,224,171,2016,134396.0,31576403.0,-0.0115,0.045625,JOR,TUR,72
20025107,113,224,171,2017,422972.0,25889538.0,0.020035,0.295415,JOR,TUR,72
20025108,113,224,171,2018,175573.0,24128741.0,-0.086895,0.283829,JOR,TUR,72
20025109,113,224,171,2019,0.0,37219986.0,-0.003529,0.255816,JOR,TUR,72
20025110,113,224,171,2020,42141.0,39677677.0,-0.060384,0.139902,JOR,TUR,72
20025111,113,224,171,2012,0.0,56696699.0,0.24909099999999998,0.489624,JOR,TUR,72
20025112,113,224,171,2014,2646.0,19039550.0,0.210208,0.48732299999999995,JOR,TUR,72
20025113,113,224,171,2013,1222147.0,35245067.0,0.152659,0.5889979999999999,JOR,TUR,72
20025114,113,224,171,2004,0.0,26626201.0,0.152989,0.385845,JOR,TUR,72
20025115,113,224,171,1997,0.0,15226929.0,0.49456300000000003,0.33966,JOR,TUR,72
20025116,113,224,171,1998,0.0,4659102.0,0.403009,-0.076366,JOR,TUR,72
20025117,113,224,171,1999,0.0,2803489.0,0.475995,0.514447,JOR,TUR,72
20025118,113,224,171,2000,0.0,9291426.0,0.495354,1.233005,JOR,TUR,72
20025119,113,224,171,2001,3322.0,9342916.0,0.375134,0.581558,JOR,TUR,72
20025120,113,224,171,2002,0.0,6372830.0,0.24197600000000002,0.196635,JOR,TUR,72
20025121,113,224,171,2005,19290.0,43196857.0,0.21925799999999998,0.371165,JOR,TUR,72
20025122,113,224,171,2007,0.0,21242791.0,0.228433,0.5984550000000001,JOR,TUR,72
20025123,113,224,171,1995,0.0,76269057.0,0.666542,0.326785,JOR,TUR,72
20025124,113,224,171,2003,66373.0,11435464.0,0.12295,0.377031,JOR,TUR,72
20025125,113,224,171,2006,0.0,16862339.0,0.166718,0.331248,JOR,TUR,72
20025126,113,224,171,2008,180121.0,27518653.0,0.255463,0.45844799999999997,JOR,TUR,72
20025127,113,224,171,2009,195364.0,54016181.0,0.21374899999999997,0.423774,JOR,TUR,72
20025128,113,224,171,2010,37789.0,29841808.0,0.251702,0.522758,JOR,TUR,72
20025129,113,224,171,2011,0.0,66904900.0,0.231605,0.47049399999999997,JOR,TUR,72
20025130,113,224,171,1996,0.0,31145795.0,0.12203499999999999,-0.41859399999999997,JOR,TUR,72
20025131,114,224,171,2009,47771822.0,1048844.0,2.306791,-0.251712,JPN,TUR,72
20025132,114,224,171,2010,82335082.0,6410119.0,2.459723,-0.279387,JPN,TUR,72
20025133,114,224,171,2011,268024395.0,4663506.0,2.516395,-0.534301,JPN,TUR,72
20025134,114,224,171,2012,307367885.0,1536028.0,2.359022,-0.553565,JPN,TUR,72
20025135,114,224,171,2005,31284058.0,1140858.0,2.392106,0.278652,JPN,TUR,72
20025136,114,224,171,2016,182635435.0,3706655.0,2.574025,-0.34859,JPN,TUR,72
20025137,114,224,171,2014,142794668.0,8347395.0,2.403165,-0.635024,JPN,TUR,72
20025138,114,224,171,2015,186837602.0,2455209.0,2.516133,-0.484202,JPN,TUR,72
20025139,114,224,171,2017,117097246.0,11531289.0,2.4510419999999997,-0.277357,JPN,TUR,72
20025140,114,224,171,2018,148236712.0,18789234.0,2.514533,-0.416074,JPN,TUR,72
20025141,114,224,171,2020,253663467.0,11491491.0,2.405659,-0.38169000000000003,JPN,TUR,72
20025142,114,224,171,2019,198839415.0,17286194.0,2.4931509999999997,-0.558811,JPN,TUR,72
20025143,114,224,171,2000,25661425.0,2120470.0,2.579611,0.464875,JPN,TUR,72
20025144,114,224,171,2001,3529598.0,285607.0,2.585857,0.522663,JPN,TUR,72
20025145,114,224,171,2002,12415502.0,391210.0,2.556057,0.497673,JPN,TUR,72
20025146,114,224,171,2003,20477632.0,535684.0,2.4686630000000003,0.48072600000000004,JPN,TUR,72
20025147,114,224,171,2004,24610265.0,241521.0,2.526624,0.452054,JPN,TUR,72
20025148,114,224,171,2006,37757882.0,700418.0,2.4348099999999997,0.082887,JPN,TUR,72
20025149,114,224,171,2007,49193147.0,1817588.0,2.313259,0.186703,JPN,TUR,72
20025150,114,224,171,2008,49414395.0,459123.0,2.285056,0.036255,JPN,TUR,72
20025151,114,224,171,1998,17927592.0,5455494.0,2.550442,0.718063,JPN,TUR,72
20025152,114,224,171,1995,14264338.0,55363554.0,2.56822,0.927307,JPN,TUR,72
20025153,114,224,171,1996,16089881.0,21232431.0,2.615364,0.5656939999999999,JPN,TUR,72
20025154,114,224,171,1997,13724063.0,12163190.0,2.631846,0.553144,JPN,TUR,72
20025155,114,224,171,1999,19161151.0,1837667.0,2.541382,0.693702,JPN,TUR,72
20025156,114,224,171,2013,144760736.0,6982651.0,2.3993130000000003,-0.564768,JPN,TUR,72
20025157,115,224,171,2010,220298818.0,1139117.0,-0.6278020000000001,-0.8419760000000001,KAZ,TUR,72
20025158,115,224,171,2004,29298784.0,3624132.0,-0.09288300000000001,-0.537664,KAZ,TUR,72
20025159,115,224,171,2005,31049977.0,2139240.0,-0.06211900000000001,-0.641976,KAZ,TUR,72
20025160,115,224,171,2008,87057834.0,7746279.0,-0.43055200000000005,-0.6852590000000001,KAZ,TUR,72
20025161,115,224,171,2009,170643873.0,4568040.0,-0.6547970000000001,-0.772256,KAZ,TUR,72
20025162,115,224,171,2011,71230431.0,1819240.0,-0.514687,-0.775671,KAZ,TUR,72
20025163,115,224,171,2012,201338153.0,1604042.0,-0.191363,-0.452845,KAZ,TUR,72
20025164,115,224,171,2014,12831222.0,2249003.0,-0.210431,-0.574075,KAZ,TUR,72
20025165,115,224,171,2015,2179778.0,3090350.0,-0.45091499999999995,-0.652026,KAZ,TUR,72
20025166,115,224,171,2016,25776590.0,2232173.0,-0.376397,-0.553639,KAZ,TUR,72
20025167,115,224,171,2017,5469591.0,1662440.0,-0.394316,-0.5485979999999999,KAZ,TUR,72
20025168,115,224,171,2018,7099215.0,2363017.0,-0.483862,-0.667417,KAZ,TUR,72
20025169,115,224,171,2019,2225731.0,4424162.0,-0.26529400000000003,-0.523479,KAZ,TUR,72
20025170,115,224,171,2020,7057072.0,2457358.0,-0.48361899999999997,-0.626675,KAZ,TUR,72
20025171,115,224,171,2007,36339499.0,11816108.0,-0.171218,-0.630279,KAZ,TUR,72
20025172,115,224,171,2000,35529688.0,300914.0,-0.019137,-0.683485,KAZ,TUR,72
20025173,115,224,171,2001,8522842.0,595821.0,0.009714,-0.525899,KAZ,TUR,72
20025174,115,224,171,2002,6061287.0,748200.0,-0.065332,-0.616159,KAZ,TUR,72
20025175,115,224,171,2003,3417071.0,1192171.0,-0.156326,-0.62092,KAZ,TUR,72
20025176,115,224,171,2006,76051136.0,5646699.0,0.038229,-0.579421,KAZ,TUR,72
20025177,115,224,171,2013,53081247.0,2598204.0,-0.680678,-0.83347,KAZ,TUR,72
20025178,115,224,171,1998,74233166.0,472927.0,0.245507,-0.389842,KAZ,TUR,72
20025179,115,224,171,1997,46083890.0,406660.0,0.44044300000000003,-0.10249000000000001,KAZ,TUR,72
20025180,115,224,171,1999,13053838.0,1145289.0,-0.035315,-0.514845,KAZ,TUR,72
20025181,115,224,171,1995,22168021.0,171852.0,0.280262,-0.285508,KAZ,TUR,72
20025182,115,224,171,1996,10969749.0,117411.0,0.48902799999999996,0.154932,KAZ,TUR,72
20025183,116,224,171,2018,0.0,5948261.0,-0.32707800000000004,0.71009,KEN,TUR,72
20025184,116,224,171,2019,113360.0,22947072.0,-0.406684,0.8588969999999999,KEN,TUR,72
20025185,116,224,171,2020,0.0,16389089.0,-0.496446,0.562476,KEN,TUR,72
20025186,116,224,171,2010,0.0,15597131.0,-0.387187,1.010443,KEN,TUR,72
20025187,116,224,171,2003,0.0,1185006.0,-0.3531,0.582992,KEN,TUR,72
20025188,116,224,171,2004,0.0,1132291.0,-0.503694,0.410495,KEN,TUR,72
20025189,116,224,171,2005,0.0,1006660.0,-0.507389,0.769896,KEN,TUR,72
20025190,116,224,171,2006,0.0,2084761.0,-0.38287899999999997,1.060286,KEN,TUR,72
20025191,116,224,171,2008,4753.0,12298654.0,-0.284528,0.9378610000000001,KEN,TUR,72
20025192,116,224,171,2015,0.0,4513285.0,-0.453564,0.433325,KEN,TUR,72
20025193,116,224,171,2007,0.0,3132524.0,-0.44365299999999996,0.858692,KEN,TUR,72
20025194,116,224,171,2009,0.0,12229071.0,-0.26477399999999995,0.932587,KEN,TUR,72
20025195,116,224,171,2013,0.0,24851976.0,-0.448112,0.8672719999999999,KEN,TUR,72
20025196,116,224,171,2016,0.0,3862891.0,-0.535616,0.520101,KEN,TUR,72
20025197,116,224,171,2000,0.0,824286.0,-0.537967,0.011763,KEN,TUR,72
20025198,116,224,171,2001,0.0,54171.0,-0.529388,0.092271,KEN,TUR,72
20025199,116,224,171,2002,0.0,199279.0,-0.555812,0.169204,KEN,TUR,72
20025200,116,224,171,2011,0.0,99536948.0,-0.48319300000000004,0.346927,KEN,TUR,72
20025201,116,224,171,2017,0.0,3497083.0,-0.579541,0.511926,KEN,TUR,72
20025202,116,224,171,2014,0.0,4439045.0,-0.487058,0.307288,KEN,TUR,72
20025203,116,224,171,1997,0.0,1253454.0,-0.399028,0.196115,KEN,TUR,72
20025204,116,224,171,2012,0.0,38470486.0,-0.35581599999999997,0.29003,KEN,TUR,72
20025205,116,224,171,1998,0.0,2201210.0,-0.434978,0.10193300000000001,KEN,TUR,72
20025206,116,224,171,1999,0.0,2776111.0,-0.336125,0.43983999999999995,KEN,TUR,72
20025207,117,224,171,2003,0.0,112547.0,0.25359699999999996,0.24101199999999998,KGZ,TUR,72
20025208,117,224,171,2004,153170.0,738222.0,0.005121,0.176652,KGZ,TUR,72
20025209,117,224,171,2008,17816.0,1367236.0,-0.287826,-0.11858699999999998,KGZ,TUR,72
20025210,117,224,171,2010,52600.0,201010.0,-0.48426400000000003,-0.169443,KGZ,TUR,72
20025211,117,224,171,2012,6758.0,1890109.0,-0.12369000000000001,0.22339,KGZ,TUR,72
20025212,117,224,171,2016,0.0,73606.0,0.010529,0.287462,KGZ,TUR,72
20025213,117,224,171,2017,0.0,90597.0,-0.11530599999999999,0.264752,KGZ,TUR,72
20025214,117,224,171,2011,7476.0,310137.0,-0.323348,0.164469,KGZ,TUR,72
20025215,117,224,171,1995,70298.0,59484.0,0.361272,0.047797000000000006,KGZ,TUR,72
20025216,117,224,171,1996,0.0,62064.0,0.350901,0.529512,KGZ,TUR,72
20025217,117,224,171,2000,0.0,97529.0,0.365421,0.333017,KGZ,TUR,72
20025218,117,224,171,2001,0.0,99603.0,0.23332199999999997,0.256019,KGZ,TUR,72
20025219,117,224,171,2002,0.0,72509.0,0.081807,0.16872,KGZ,TUR,72
20025220,117,224,171,2005,0.0,304929.0,-0.197277,0.169736,KGZ,TUR,72
20025221,117,224,171,2006,6692.0,492006.0,-0.034069,0.136694,KGZ,TUR,72
20025222,117,224,171,2007,23983.0,800310.0,-0.190437,-0.23665999999999998,KGZ,TUR,72
20025223,117,224,171,2009,0.0,381762.0,-0.251815,0.144822,KGZ,TUR,72
20025224,117,224,171,2015,0.0,145546.0,0.02058,0.438692,KGZ,TUR,72
20025225,117,224,171,2018,98393.0,195259.0,-0.141491,0.33161,KGZ,TUR,72
20025226,117,224,171,2014,0.0,535544.0,-0.31942600000000004,-0.012454,KGZ,TUR,72
20025227,117,224,171,2013,11216.0,1114852.0,-0.1035,0.339914,KGZ,TUR,72
20025228,117,224,171,2019,0.0,166011.0,-0.297072,0.306611,KGZ,TUR,72
20025229,117,224,171,2020,0.0,130647.0,-0.117317,0.36644,KGZ,TUR,72
20025230,117,224,171,1998,466973.0,44905.0,0.11446500000000001,-0.24638000000000002,KGZ,TUR,72
20025231,117,224,171,1997,0.0,37110.0,0.023634,-0.194868,KGZ,TUR,72
20025232,117,224,171,1999,0.0,35082.0,-0.152916,-0.33076300000000003,KGZ,TUR,72
20025233,118,224,171,2018,0.0,138561.0,-0.45740299999999995,-0.575966,KHM,TUR,72
20025234,118,224,171,2020,0.0,6645.0,-0.602562,-0.505135,KHM,TUR,72
20025235,118,224,171,2010,0.0,1062.0,-1.158906,-1.019906,KHM,TUR,72
20025236,118,224,171,2012,89026.0,0.0,-0.979144,-1.014426,KHM,TUR,72
20025237,118,224,171,2013,0.0,16419.0,-1.054758,-0.872352,KHM,TUR,72
20025238,118,224,171,2014,0.0,4332.0,-0.84072,-0.8307040000000001,KHM,TUR,72
20025239,118,224,171,2015,0.0,41516.0,-0.791985,-0.833046,KHM,TUR,72
20025240,118,224,171,2005,3684874.0,0.0,-1.423555,-1.177331,KHM,TUR,72
20025241,118,224,171,2019,0.0,14385.0,-0.7499359999999999,-0.627125,KHM,TUR,72
20025242,118,224,171,2002,100198.0,0.0,-1.231783,-1.1518700000000002,KHM,TUR,72
20025243,120,224,171,2012,0.0,55445.0,0.788275,-0.314756,KNA,TUR,72
20025244,120,224,171,2015,0.0,24287.0,0.8252430000000001,-0.436662,KNA,TUR,72
20025245,120,224,171,2017,0.0,126924.0,0.781625,-0.405177,KNA,TUR,72
20025246,121,224,171,2012,293541863.0,8174209.0,1.632917,0.877742,KOR,TUR,72
20025247,121,224,171,1997,8791964.0,13974931.0,1.0478290000000001,1.2874370000000002,KOR,TUR,72
20025248,121,224,171,1998,59276648.0,0.0,0.999518,1.106351,KOR,TUR,72
20025249,121,224,171,1996,6707648.0,43276739.0,0.8946940000000001,1.240424,KOR,TUR,72
20025250,121,224,171,2010,292636891.0,5945658.0,1.7118849999999999,0.762362,KOR,TUR,72
20025251,121,224,171,2000,11561818.0,264094.0,1.0696700000000001,1.0182209999999998,KOR,TUR,72
20025252,121,224,171,2001,30301766.0,378079.0,1.145797,1.0762399999999999,KOR,TUR,72
20025253,121,224,171,2014,671751036.0,18909266.0,1.817145,0.8394530000000001,KOR,TUR,72
20025254,121,224,171,2004,45111831.0,8029995.0,1.3624690000000002,0.928342,KOR,TUR,72
20025255,121,224,171,2005,67151166.0,130758.0,1.4051850000000001,0.815171,KOR,TUR,72
20025256,121,224,171,2006,102464287.0,1079412.0,1.5384309999999999,0.766628,KOR,TUR,72
20025257,121,224,171,2007,234047876.0,1186643.0,1.497359,0.726637,KOR,TUR,72
20025258,121,224,171,2008,322604933.0,266936.0,1.491687,0.814692,KOR,TUR,72
20025259,121,224,171,2009,230988711.0,18026607.0,1.509336,0.784515,KOR,TUR,72
20025260,121,224,171,2011,353707015.0,23814311.0,1.731371,0.8306879999999999,KOR,TUR,72
20025261,121,224,171,1999,41901644.0,5374455.0,0.92448,1.053988,KOR,TUR,72
20025262,121,224,171,2013,431301963.0,10794073.0,1.818383,0.75645,KOR,TUR,72
20025263,121,224,171,2015,930923498.0,10085969.0,1.900653,0.859406,KOR,TUR,72
20025264,121,224,171,2016,779384562.0,7156428.0,2.086184,0.724318,KOR,TUR,72
20025265,121,224,171,2017,842368336.0,8887217.0,2.011263,0.783215,KOR,TUR,72
20025266,121,224,171,2018,820216178.0,11666406.0,2.093866,0.764303,KOR,TUR,72
20025267,121,224,171,2019,757526271.0,12480806.0,2.115482,0.696838,KOR,TUR,72
20025268,121,224,171,2020,786285707.0,13445347.0,1.9703950000000001,0.800826,KOR,TUR,72
20025269,121,224,171,1995,16026030.0,50512971.0,0.845175,1.2761799999999999,KOR,TUR,72
20025270,121,224,171,2002,16862114.0,1728256.0,1.186816,1.075947,KOR,TUR,72
20025271,121,224,171,2003,60736822.0,3509810.0,1.2611709999999998,0.956308,KOR,TUR,72
20025272,122,224,171,2018,296234.0,13065114.0,-0.668802,-1.154012,KWT,TUR,72
20025273,122,224,171,2011,35593.0,110525770.0,-0.898582,-1.09893,KWT,TUR,72
20025274,122,224,171,2020,323093.0,9027928.0,-0.072977,-1.090017,KWT,TUR,72
20025275,122,224,171,2015,0.0,90020931.0,-0.352023,-1.153057,KWT,TUR,72
20025276,122,224,171,2017,488796.0,12860948.0,-0.229821,-1.128482,KWT,TUR,72
20025277,122,224,171,2013,108830.0,51072737.0,-0.536384,-1.08382,KWT,TUR,72
20025278,122,224,171,2014,0.0,96915993.0,-0.769616,-1.10667,KWT,TUR,72
20025279,122,224,171,2016,169880.0,54346471.0,-0.31188,-1.1438620000000002,KWT,TUR,72
20025280,122,224,171,2019,402039.0,14468398.0,0.081686,-1.087259,KWT,TUR,72
20025281,122,224,171,2003,0.0,74937299.0,-0.7943640000000001,-1.1529770000000001,KWT,TUR,72
20025282,122,224,171,2004,0.0,141291568.0,-0.481908,-1.172081,KWT,TUR,72
20025283,122,224,171,2006,69209.0,104579949.0,-0.589823,-1.142795,KWT,TUR,72
20025284,122,224,171,2007,115501.0,85623345.0,-0.8265030000000001,-1.166243,KWT,TUR,72
20025285,122,224,171,2008,1108.0,347592464.0,-1.401297,-1.142945,KWT,TUR,72
20025286,122,224,171,2009,0.0,51593345.0,-1.386993,-1.203527,KWT,TUR,72
20025287,122,224,171,2010,282481.0,245324242.0,0.067373,-1.0822120000000002,KWT,TUR,72
20025288,122,224,171,2000,0.0,22854618.0,-0.6112270000000001,-1.149326,KWT,TUR,72
20025289,122,224,171,2002,0.0,59255872.0,-0.6629550000000001,-1.157214,KWT,TUR,72
20025290,122,224,171,2012,0.0,59247899.0,-0.7931600000000001,-1.096005,KWT,TUR,72
20025291,122,224,171,1999,0.0,37576228.0,0.028312999999999998,-1.0742770000000001,KWT,TUR,72
20025292,122,224,171,2001,0.0,34272520.0,-0.8197,-1.183758,KWT,TUR,72
20025293,122,224,171,2005,0.0,71323665.0,0.259466,-1.023932,KWT,TUR,72
20025294,122,224,171,1997,0.0,56918284.0,-0.660185,-1.1410129999999998,KWT,TUR,72
20025295,122,224,171,1998,0.0,30404053.0,0.037029,-1.054761,KWT,TUR,72
20025296,122,224,171,1995,0.0,55813660.0,-0.226273,-1.02354,KWT,TUR,72
20025297,122,224,171,1996,0.0,45505213.0,-0.27174499999999996,-1.098243,KWT,TUR,72
20025298,123,224,171,2013,0.0,120345.0,-1.204446,-0.8571489999999999,LAO,TUR,72
20025299,124,224,171,2019,57237.0,145348824.0,0.26155700000000004,1.062317,LBN,TUR,72
20025300,124,224,171,1997,11526915.0,2629396.0,0.334291,0.783104,LBN,TUR,72
20025301,124,224,171,2001,6804726.0,5927231.0,0.165355,0.988008,LBN,TUR,72
20025302,124,224,171,2003,44462096.0,3941833.0,0.261687,1.053856,LBN,TUR,72
20025303,124,224,171,1998,10392962.0,5385416.0,0.23803200000000002,0.9927860000000001,LBN,TUR,72
20025304,124,224,171,2000,10532396.0,5630454.0,0.24766100000000002,0.85467,LBN,TUR,72
20025305,124,224,171,2014,96190988.0,56938290.0,0.308677,1.7564490000000001,LBN,TUR,72
20025306,124,224,171,2013,147883681.0,118315704.0,0.283084,1.4289100000000001,LBN,TUR,72
20025307,124,224,171,2017,107837469.0,78302274.0,0.266847,1.117621,LBN,TUR,72
20025308,124,224,171,2007,80602932.0,42861090.0,0.47468,1.775191,LBN,TUR,72
20025309,124,224,171,1999,5587470.0,3278148.0,0.264151,0.767188,LBN,TUR,72
20025310,124,224,171,2002,15406440.0,4695535.0,0.2729,1.254232,LBN,TUR,72
20025311,124,224,171,2006,83485911.0,6924719.0,0.3861,1.586183,LBN,TUR,72
20025312,124,224,171,2008,134801008.0,176649432.0,0.46133100000000005,1.4598149999999999,LBN,TUR,72
20025313,124,224,171,2015,47559345.0,39421192.0,0.317355,1.330374,LBN,TUR,72
20025314,124,224,171,2018,95545094.0,117829501.0,0.270554,0.9995149999999999,LBN,TUR,72
20025315,124,224,171,2020,17000.0,115551557.0,0.35459,1.067965,LBN,TUR,72
20025316,124,224,171,2010,191055089.0,117778346.0,0.415854,1.424085,LBN,TUR,72
20025317,124,224,171,2011,207882418.0,273281499.0,0.278393,1.2962879999999999,LBN,TUR,72
20025318,124,224,171,2012,133962889.0,260988396.0,0.38759,1.446025,LBN,TUR,72
20025319,124,224,171,2009,84969506.0,98159893.0,0.48618599999999995,1.4748620000000001,LBN,TUR,72
20025320,124,224,171,2005,98314124.0,6374512.0,0.398304,1.439764,LBN,TUR,72
20025321,124,224,171,2004,104706420.0,6120563.0,0.32409899999999997,1.037024,LBN,TUR,72
20025322,124,224,171,2016,44986484.0,38361323.0,0.285829,1.0818139999999998,LBN,TUR,72
20025323,124,224,171,1996,19721179.0,10969685.0,-0.051973,0.002154,LBN,TUR,72
20025324,124,224,171,1995,14352045.0,8500266.0,0.027416000000000003,0.327795,LBN,TUR,72
20025325,125,224,171,2016,0.0,4888298.0,-0.870345,-1.113277,LBR,TUR,72
20025326,125,224,171,2007,583493.0,1296209.0,-0.866643,-1.124112,LBR,TUR,72
20025327,125,224,171,2013,0.0,11313145.0,-0.41869399999999996,-0.9538770000000001,LBR,TUR,72
20025328,125,224,171,2014,62926.0,9938014.0,-1.016828,-1.107983,LBR,TUR,72
20025329,125,224,171,2017,0.0,8603590.0,-0.355064,-0.977613,LBR,TUR,72
20025330,125,224,171,2018,0.0,12822888.0,-1.022881,-1.124718,LBR,TUR,72
20025331,125,224,171,2019,0.0,10668322.0,-1.288568,-1.172395,LBR,TUR,72
20025332,125,224,171,2012,35321.0,13344399.0,-0.699557,-1.083059,LBR,TUR,72
20025333,125,224,171,2010,0.0,7873883.0,-0.527834,-1.045908,LBR,TUR,72
20025334,125,224,171,2015,0.0,6378039.0,-1.087459,-1.195708,LBR,TUR,72
20025335,125,224,171,2009,0.0,4543072.0,-0.07508,-0.994632,LBR,TUR,72
20025336,125,224,171,2011,0.0,12927271.0,-0.318463,-0.9367489999999999,LBR,TUR,72
20025337,125,224,171,2006,1916018.0,36069.0,-0.679188,-1.0969389999999999,LBR,TUR,72
20025338,125,224,171,2020,0.0,8004677.0,-1.614715,-1.185446,LBR,TUR,72
20025339,125,224,171,2005,0.0,180158.0,-0.6951890000000001,-1.101651,LBR,TUR,72
20025340,125,224,171,2008,0.0,4722291.0,-0.20785900000000002,-0.9568030000000001,LBR,TUR,72
20025341,125,224,171,2004,589947.0,7531.0,0.016191,-1.070051,LBR,TUR,72
20025342,125,224,171,1996,1117508.0,0.0,-0.6975779999999999,-1.0896290000000002,LBR,TUR,72
20025343,125,224,171,1997,202331.0,0.0,-0.468764,-1.087005,LBR,TUR,72
20025344,125,224,171,2003,0.0,1018981.0,0.026117,-1.03888,LBR,TUR,72
20025345,125,224,171,1998,718152.0,25001.0,-0.41130600000000006,-1.096049,LBR,TUR,72
20025346,125,224,171,2000,0.0,6925.0,-0.603775,-1.132357,LBR,TUR,72
20025347,126,224,171,2007,13344414.0,24789349.0,-0.8669959999999999,-1.167363,LBY,TUR,72
20025348,126,224,171,2014,3226926.0,232641354.0,-1.5943829999999999,-1.189961,LBY,TUR,72
20025349,126,224,171,2015,13330392.0,80500380.0,-1.3257219999999998,-1.260453,LBY,TUR,72
20025350,126,224,171,2010,45107468.0,423212196.0,-0.706491,-1.140822,LBY,TUR,72
20025351,126,224,171,2011,5071983.0,53190701.0,-1.680464,-1.148511,LBY,TUR,72
20025352,126,224,171,2013,11450168.0,391290360.0,-1.6241459999999999,-1.1817950000000002,LBY,TUR,72
20025353,126,224,171,2012,59326804.0,332794135.0,-3.1086240000000003,-1.185131,LBY,TUR,72
20025354,126,224,171,2005,6303419.0,6042931.0,-0.159698,-1.126737,LBY,TUR,72
20025355,126,224,171,2016,34107871.0,38531625.0,-1.021925,-1.2316790000000002,LBY,TUR,72
20025356,126,224,171,2002,3475852.0,4094709.0,-0.568615,-1.172261,LBY,TUR,72
20025357,126,224,171,2009,3141089.0,351096693.0,-1.196032,-1.1829,LBY,TUR,72
20025358,126,224,171,2008,2429784.0,67494688.0,-1.156353,-1.133716,LBY,TUR,72
20025359,126,224,171,2000,1330314.0,2150011.0,-0.49665200000000004,-1.130641,LBY,TUR,72
20025360,126,224,171,2017,78162148.0,31728685.0,-1.156635,-1.212561,LBY,TUR,72
20025361,126,224,171,2018,65288133.0,80606970.0,-1.608786,-1.231101,LBY,TUR,72
20025362,126,224,171,2019,99523137.0,65982613.0,-1.552842,-1.2316690000000001,LBY,TUR,72
20025363,126,224,171,2020,167193837.0,41514056.0,-1.0431840000000001,-1.187957,LBY,TUR,72
20025364,126,224,171,1999,491703.0,5562653.0,-0.269375,-1.145758,LBY,TUR,72
20025365,126,224,171,2001,0.0,2780087.0,-0.9321459999999999,-1.198124,LBY,TUR,72
20025366,126,224,171,2003,1114971.0,7384555.0,-0.36075999999999997,-1.110575,LBY,TUR,72
20025367,126,224,171,2004,3268558.0,1603389.0,-0.42119700000000004,-1.179463,LBY,TUR,72
20025368,126,224,171,2006,677043.0,5677098.0,-0.518724,-1.142074,LBY,TUR,72
20025369,126,224,171,1996,0.0,10288678.0,-0.588489,-1.138552,LBY,TUR,72
20025370,126,224,171,1997,0.0,7150126.0,-0.49745600000000006,-1.126254,LBY,TUR,72
20025371,126,224,171,1995,0.0,5318226.0,-0.353547,-1.019464,LBY,TUR,72
20025372,126,224,171,1998,648613.0,3982376.0,-0.303379,-1.1347180000000001,LBY,TUR,72
20025373,127,224,171,2017,0.0,1292193.0,0.458896,-0.149195,LCA,TUR,72
20025374,127,224,171,2019,0.0,1856186.0,0.21145,-0.08792699999999999,LCA,TUR,72
20025375,127,224,171,2012,0.0,65238.0,0.526261,-0.10413199999999999,LCA,TUR,72
20025376,127,224,171,2013,0.0,499780.0,0.265129,-0.5083949999999999,LCA,TUR,72
20025377,127,224,171,2014,0.0,361553.0,0.29035500000000003,-0.603541,LCA,TUR,72
20025378,127,224,171,2015,0.0,722951.0,0.5410590000000001,-0.484234,LCA,TUR,72
20025379,127,224,171,2016,37274.0,715239.0,0.397746,-0.405285,LCA,TUR,72
20025380,127,224,171,2018,0.0,2039903.0,0.18656,-0.143406,LCA,TUR,72
20025381,127,224,171,2020,0.0,1302036.0,0.044785000000000005,-0.59519,LCA,TUR,72
20025382,128,224,171,2006,0.0,623642.0,-0.573767,0.305913,LKA,TUR,72
20025383,128,224,171,1999,0.0,3210816.0,-0.8875649999999999,-0.059249,LKA,TUR,72
20025384,128,224,171,2004,0.0,4384845.0,-0.658668,0.21912600000000002,LKA,TUR,72
20025385,128,224,171,2010,0.0,7016264.0,-0.70886,0.25216700000000003,LKA,TUR,72
20025386,128,224,171,2003,0.0,6054.0,-0.618057,0.101931,LKA,TUR,72
20025387,128,224,171,2009,0.0,8555422.0,-0.653836,0.174403,LKA,TUR,72
20025388,128,224,171,2008,0.0,89095.0,-0.48245200000000005,0.295892,LKA,TUR,72
20025389,128,224,171,2005,0.0,4922950.0,-0.718592,0.22666,LKA,TUR,72
20025390,128,224,171,2016,0.0,926938.0,-0.562869,0.49937,LKA,TUR,72
20025391,128,224,171,2017,0.0,2677175.0,-0.46442799999999995,0.472132,LKA,TUR,72
20025392,128,224,171,2018,0.0,47044696.0,-0.544504,0.41074099999999997,LKA,TUR,72
20025393,128,224,171,2019,0.0,3580287.0,-0.592952,0.394811,LKA,TUR,72
20025394,128,224,171,2020,0.0,3436294.0,-0.48448599999999997,0.5495220000000001,LKA,TUR,72
20025395,128,224,171,2000,0.0,2408742.0,-0.8783549999999999,-0.074326,LKA,TUR,72
20025396,128,224,171,2011,0.0,11827478.0,-0.559311,0.398905,LKA,TUR,72
20025397,128,224,171,2013,0.0,1385122.0,-0.6521779999999999,0.41258599999999995,LKA,TUR,72
20025398,128,224,171,2015,0.0,556692.0,-0.6773399999999999,0.386343,LKA,TUR,72
20025399,128,224,171,2014,0.0,538918.0,-0.49366899999999997,0.338686,LKA,TUR,72
20025400,128,224,171,2012,0.0,5074932.0,-0.49648100000000006,0.48185200000000006,LKA,TUR,72
20025401,128,224,171,2007,0.0,338658.0,-0.568577,0.364717,LKA,TUR,72
20025402,128,224,171,2001,0.0,3303789.0,-0.722434,-0.033818,LKA,TUR,72
20025403,128,224,171,1996,0.0,3005.0,-0.812763,-0.188722,LKA,TUR,72
20025404,128,224,171,1997,0.0,31883.0,-0.925745,-0.308559,LKA,TUR,72
20025405,130,224,171,2019,157397688.0,2848385.0,0.858456,1.364581,LTU,TUR,72
20025406,130,224,171,1997,1027302.0,979.0,0.377245,0.8823270000000001,LTU,TUR,72
20025407,130,224,171,2018,241312954.0,3347250.0,0.964249,1.4050200000000002,LTU,TUR,72
20025408,130,224,171,2007,64290943.0,16302182.0,0.604169,1.279982,LTU,TUR,72
20025409,130,224,171,2013,105971548.0,1129544.0,0.737796,1.215543,LTU,TUR,72
20025410,130,224,171,2014,133106929.0,1845203.0,0.764495,1.3451540000000002,LTU,TUR,72
20025411,130,224,171,1996,1290381.0,0.0,0.40520500000000004,0.9465950000000001,LTU,TUR,72
20025412,130,224,171,2002,3775833.0,100561.0,0.23102399999999998,0.586078,LTU,TUR,72
20025413,130,224,171,2008,124700656.0,3180527.0,0.59033,0.961408,LTU,TUR,72
20025414,130,224,171,2010,41583352.0,494477.0,0.6390600000000001,1.144911,LTU,TUR,72
20025415,130,224,171,2012,67041735.0,2533284.0,0.771482,1.000405,LTU,TUR,72
20025416,130,224,171,2015,109885604.0,1279596.0,0.749429,1.3659860000000001,LTU,TUR,72
20025417,130,224,171,2016,96646595.0,1724430.0,0.706929,1.419432,LTU,TUR,72
20025418,130,224,171,2017,237993621.0,5080113.0,0.855858,1.447717,LTU,TUR,72
20025419,130,224,171,2020,252132421.0,4534485.0,0.9772870000000001,1.291244,LTU,TUR,72
20025420,130,224,171,1998,3958681.0,18308.0,0.27073,0.692656,LTU,TUR,72
20025421,130,224,171,2011,63180129.0,3270476.0,0.747963,0.9759530000000001,LTU,TUR,72
20025422,130,224,171,2009,26386266.0,774279.0,0.647736,1.150962,LTU,TUR,72
20025423,130,224,171,2006,53430003.0,597949.0,0.44063599999999997,1.163857,LTU,TUR,72
20025424,130,224,171,2005,31067074.0,302367.0,0.365698,0.8917370000000001,LTU,TUR,72
20025425,130,224,171,2004,32689123.0,1261169.0,0.403568,0.632707,LTU,TUR,72
20025426,130,224,171,2001,1717973.0,47041.0,0.15706900000000001,0.416663,LTU,TUR,72
20025427,130,224,171,2003,4875697.0,231864.0,0.239608,0.517299,LTU,TUR,72
20025428,130,224,171,1999,28679.0,348911.0,0.197536,0.5041899999999999,LTU,TUR,72
20025429,130,224,171,2000,0.0,9729.0,0.22596799999999997,0.550341,LTU,TUR,72
20025430,131,224,171,2004,20763971.0,590951.0,1.37529,1.0172649999999999,LUX,TUR,72
20025431,131,224,171,2019,17674925.0,50598.0,1.234145,1.3754309999999998,LUX,TUR,72
20025432,131,224,171,2018,52190347.0,58977.0,1.1142889999999999,1.306066,LUX,TUR,72
20025433,131,224,171,2017,28702021.0,22114.0,1.24064,1.298263,LUX,TUR,72
20025434,131,224,171,2020,14080777.0,427736.0,1.197655,1.432727,LUX,TUR,72
20025435,131,224,171,2014,51914154.0,82859.0,1.243845,1.155474,LUX,TUR,72
20025436,131,224,171,2008,33424593.0,1001941.0,1.39945,1.003857,LUX,TUR,72
20025437,131,224,171,2009,12364012.0,94974.0,1.323336,1.026341,LUX,TUR,72
20025438,131,224,171,2015,31890155.0,250029.0,1.218924,1.247152,LUX,TUR,72
20025439,131,224,171,2002,4212595.0,63514.0,1.605378,1.152973,LUX,TUR,72
20025440,131,224,171,2010,26762873.0,19868.0,1.272127,1.1051520000000001,LUX,TUR,72
20025441,131,224,171,2012,52764410.0,842248.0,1.131145,1.305768,LUX,TUR,72
20025442,131,224,171,2013,45206505.0,110398.0,1.170459,1.150327,LUX,TUR,72
20025443,131,224,171,2011,40794842.0,112114.0,1.1655739999999999,1.222379,LUX,TUR,72
20025444,131,224,171,2016,39525394.0,26250.0,1.340054,1.30224,LUX,TUR,72
20025445,131,224,171,2005,27406541.0,401547.0,1.399885,0.974292,LUX,TUR,72
20025446,131,224,171,2006,29008265.0,313216.0,1.4345620000000001,0.8840819999999999,LUX,TUR,72
20025447,131,224,171,2007,39733064.0,559618.0,1.390259,0.996566,LUX,TUR,72
20025448,131,224,171,1999,3329525.0,0.0,1.499745,1.142951,LUX,TUR,72
20025449,131,224,171,2000,3047613.0,261848.0,1.331688,1.130817,LUX,TUR,72
20025450,131,224,171,2001,3549070.0,10735.0,1.470895,1.149007,LUX,TUR,72
20025451,131,224,171,2003,5539940.0,26763.0,1.444996,1.063764,LUX,TUR,72
20025452,132,224,171,2014,111233885.0,552998.0,0.613116,1.1899790000000001,LVA,TUR,72
20025453,132,224,171,2015,33731952.0,659603.0,0.602209,1.125357,LVA,TUR,72
20025454,132,224,171,2016,37059418.0,751554.0,0.553592,1.19865,LVA,TUR,72
20025455,132,224,171,2017,50654768.0,2965212.0,0.684555,1.3208030000000002,LVA,TUR,72
20025456,132,224,171,2018,75527532.0,2200517.0,0.707168,1.294297,LVA,TUR,72
20025457,132,224,171,2019,76328348.0,2717027.0,0.7804300000000001,1.159592,LVA,TUR,72
20025458,132,224,171,2020,57036069.0,3867540.0,0.712901,1.119907,LVA,TUR,72
20025459,132,224,171,1995,809414.0,0.0,0.25453400000000004,0.174809,LVA,TUR,72
20025460,132,224,171,2010,19354639.0,101396.0,0.6158170000000001,1.1401059999999998,LVA,TUR,72
20025461,132,224,171,2012,128315354.0,1037006.0,0.71433,0.9376540000000001,LVA,TUR,72
20025462,132,224,171,2013,139625983.0,1942948.0,0.6219439999999999,1.166749,LVA,TUR,72
20025463,132,224,171,2011,77586456.0,716407.0,0.7320939999999999,1.101321,LVA,TUR,72
20025464,132,224,171,2003,28341.0,282959.0,0.520772,0.5631689999999999,LVA,TUR,72
20025465,132,224,171,2000,0.0,113843.0,0.392514,0.212175,LVA,TUR,72
20025466,132,224,171,1996,102915.0,886.0,0.33418600000000004,0.1615,LVA,TUR,72
20025467,132,224,171,1997,17600.0,3487.0,0.398848,0.215206,LVA,TUR,72
20025468,132,224,171,1998,8021.0,30961.0,0.322473,0.388421,LVA,TUR,72
20025469,132,224,171,1999,3115.0,73625.0,0.20633600000000002,0.324171,LVA,TUR,72
20025470,132,224,171,2001,0.0,160931.0,0.404136,0.461009,LVA,TUR,72
20025471,132,224,171,2002,0.0,159765.0,0.45210200000000006,0.515388,LVA,TUR,72
20025472,132,224,171,2004,45518.0,438452.0,0.413821,0.627853,LVA,TUR,72
20025473,132,224,171,2005,1352191.0,3111984.0,0.439697,0.690283,LVA,TUR,72
20025474,132,224,171,2006,6291312.0,412560.0,0.531375,0.9414170000000001,LVA,TUR,72
20025475,132,224,171,2007,1824880.0,8455289.0,0.61459,0.985358,LVA,TUR,72
20025476,132,224,171,2009,17789944.0,120124.0,0.675643,0.99977,LVA,TUR,72
20025477,132,224,171,2008,12224790.0,1605491.0,0.655489,1.0811540000000002,LVA,TUR,72
20025478,133,224,171,2014,0.0,1609.0,0.704535,0.5856140000000001,MAC,TUR,72
20025479,133,224,171,2018,0.0,151895.0,0.44520299999999996,0.042491,MAC,TUR,72
20025480,133,224,171,2004,0.0,246759.0,-0.351045,-0.487521,MAC,TUR,72
20025481,133,224,171,2012,0.0,8149.0,0.659177,0.583923,MAC,TUR,72
20025482,133,224,171,2002,0.0,571271.0,-0.360172,-0.359367,MAC,TUR,72
20025483,133,224,171,2001,0.0,121493.0,-0.608406,-0.521662,MAC,TUR,72
20025484,133,224,171,2000,0.0,78635.0,-0.370575,-0.47639499999999996,MAC,TUR,72
20025485,133,224,171,2003,0.0,439206.0,-0.294516,-0.413828,MAC,TUR,72
20025486,133,224,171,2008,0.0,33721.0,0.352633,0.219317,MAC,TUR,72
20025487,133,224,171,2011,0.0,37588.0,0.511015,0.560905,MAC,TUR,72
20025488,133,224,171,2020,0.0,709421.0,0.464354,0.020065,MAC,TUR,72
20025489,133,224,171,1996,0.0,1778584.0,-0.23007399999999997,-0.34139400000000003,MAC,TUR,72
20025490,133,224,171,2006,0.0,21115.0,-0.07118200000000001,-0.228354,MAC,TUR,72
20025491,133,224,171,2005,0.0,74570.0,-0.218324,-0.329027,MAC,TUR,72
20025492,133,224,171,1995,0.0,2543772.0,-0.149794,-0.26961799999999997,MAC,TUR,72
20025493,134,224,171,2009,9793982.0,140909829.0,-0.48819300000000004,0.173952,MAR,TUR,72
20025494,134,224,171,2011,9051786.0,225963755.0,-0.485404,0.099828,MAR,TUR,72
20025495,134,224,171,2014,32437.0,262483234.0,-0.574034,0.065788,MAR,TUR,72
20025496,134,224,171,2019,226229.0,319573917.0,-0.747739,-0.154125,MAR,TUR,72
20025497,134,224,171,2010,33895514.0,145803287.0,-0.5935229999999999,-0.056497000000000006,MAR,TUR,72
20025498,134,224,171,2016,785904.0,142497077.0,-0.772795,-0.206511,MAR,TUR,72
20025499,134,224,171,2018,1401451.0,237403950.0,-0.712775,-0.090013,MAR,TUR,72
20025500,134,224,171,2005,37026571.0,120943795.0,-0.617355,-0.129666,MAR,TUR,72
20025501,134,224,171,2017,1961823.0,170179176.0,-0.757236,-0.065347,MAR,TUR,72
20025502,134,224,171,2007,34278025.0,297356853.0,-0.5846560000000001,0.10927100000000001,MAR,TUR,72
20025503,134,224,171,2013,5460145.0,188713380.0,-0.6494260000000001,-0.035075999999999996,MAR,TUR,72
20025504,134,224,171,1996,0.0,10472401.0,-0.67314,-0.241242,MAR,TUR,72
20025505,134,224,171,2006,40967971.0,283034108.0,-0.547933,0.08257300000000001,MAR,TUR,72
20025506,134,224,171,2008,33491948.0,419556351.0,-0.505734,-0.000516,MAR,TUR,72
20025507,134,224,171,2012,354839.0,140904751.0,-0.536297,-0.018561,MAR,TUR,72
20025508,134,224,171,2015,50545.0,214799059.0,-0.7554810000000001,-0.059697,MAR,TUR,72
20025509,134,224,171,1997,130890.0,10310425.0,-0.649616,-0.260554,MAR,TUR,72
20025510,134,224,171,1998,7939.0,22556213.0,-0.7299479999999999,-0.23758200000000002,MAR,TUR,72
20025511,134,224,171,1999,2559.0,21978990.0,-0.659053,-0.142104,MAR,TUR,72
20025512,134,224,171,2000,1083842.0,11625558.0,-0.664836,-0.282415,MAR,TUR,72
20025513,134,224,171,2001,0.0,12370395.0,-0.75275,-0.280397,MAR,TUR,72
20025514,134,224,171,2002,184523.0,19973655.0,-0.810467,-0.34807899999999997,MAR,TUR,72
20025515,134,224,171,2003,4462884.0,27509517.0,-0.6842050000000001,-0.217892,MAR,TUR,72
20025516,134,224,171,2004,22614130.0,118389849.0,-0.681556,-0.152372,MAR,TUR,72
20025517,134,224,171,2020,59372.0,281616181.0,-0.5208510000000001,-0.080499,MAR,TUR,72
20025518,134,224,171,1995,0.0,29330054.0,-0.6481210000000001,-0.22345,MAR,TUR,72
20025519,135,224,171,2018,2782.0,1515459.0,-0.358412,-0.271334,MDA,TUR,72
20025520,135,224,171,2019,0.0,1591935.0,-0.333385,-0.35752,MDA,TUR,72
20025521,135,224,171,2020,5243889.0,3807840.0,-0.06779199999999999,-0.240851,MDA,TUR,72
20025522,135,224,171,2008,12328016.0,1383883.0,0.096913,-0.095718,MDA,TUR,72
20025523,135,224,171,2009,1927111.0,471269.0,0.009281999999999999,-0.039299,MDA,TUR,72
20025524,135,224,171,2010,16747759.0,645991.0,-0.116797,0.037801,MDA,TUR,72
20025525,135,224,171,2011,38469264.0,918623.0,-0.225556,0.28622,MDA,TUR,72
20025526,135,224,171,2012,11463849.0,1241828.0,0.025301,0.36205,MDA,TUR,72
20025527,135,224,171,2013,45525256.0,1048504.0,-0.016235,0.132104,MDA,TUR,72
20025528,135,224,171,2017,0.0,1363737.0,-0.24909,-0.181213,MDA,TUR,72
20025529,135,224,171,2001,0.0,14998.0,-0.024822,-0.15323399999999998,MDA,TUR,72
20025530,135,224,171,2007,5420644.0,3766957.0,0.147801,0.13758299999999998,MDA,TUR,72
20025531,135,224,171,2003,2265708.0,90459.0,-0.005154,-0.26107199999999997,MDA,TUR,72
20025532,135,224,171,2005,11349021.0,255719.0,-0.10179400000000001,-0.152093,MDA,TUR,72
20025533,135,224,171,2000,5159.0,48472.0,0.069239,0.02855,MDA,TUR,72
20025534,135,224,171,2006,5067035.0,508868.0,-0.017707,0.135305,MDA,TUR,72
20025535,135,224,171,1995,786235.0,33132.0,0.394058,0.124474,MDA,TUR,72
20025536,135,224,171,1996,2542692.0,309406.0,0.198427,0.026004000000000003,MDA,TUR,72
20025537,135,224,171,2016,28101.0,1262779.0,-0.340932,-0.2839,MDA,TUR,72
20025538,135,224,171,1997,1626352.0,0.0,0.148579,-0.334685,MDA,TUR,72
20025539,135,224,171,1998,1116906.0,18889.0,-0.112783,-0.276584,MDA,TUR,72
20025540,135,224,171,1999,926847.0,15701.0,-0.16408,-0.08062000000000001,MDA,TUR,72
20025541,135,224,171,2002,201613.0,45965.0,-0.186001,-0.141598,MDA,TUR,72
20025542,135,224,171,2004,11795783.0,162382.0,-0.155523,-0.355142,MDA,TUR,72
20025543,135,224,171,2014,1481226.0,1451788.0,-0.10438199999999999,-0.093194,MDA,TUR,72
20025544,135,224,171,2015,35409.0,1007942.0,-0.313837,-0.20393,MDA,TUR,72
20025545,136,224,171,2005,0.0,3238238.0,-1.075232,-0.333908,MDG,TUR,72
20025546,136,224,171,2017,0.0,21603571.0,-1.277182,-0.6503399999999999,MDG,TUR,72
20025547,136,224,171,2006,0.0,887029.0,-1.024657,-0.393395,MDG,TUR,72
20025548,136,224,171,2015,0.0,19664060.0,-1.15947,-0.497217,MDG,TUR,72
20025549,136,224,171,2009,0.0,8829549.0,-1.0356610000000002,-0.198062,MDG,TUR,72
20025550,136,224,171,2012,0.0,21929969.0,-0.9744290000000001,-0.326567,MDG,TUR,72
20025551,136,224,171,2013,0.0,29062275.0,-1.068565,-0.364254,MDG,TUR,72
20025552,136,224,171,2014,0.0,28296534.0,-1.002122,-0.44446,MDG,TUR,72
20025553,136,224,171,2003,0.0,2528803.0,-1.254758,-0.622696,MDG,TUR,72
20025554,136,224,171,2007,0.0,1635233.0,-0.939838,-0.221205,MDG,TUR,72
20025555,136,224,171,2008,0.0,8963670.0,-0.9618190000000001,-0.348841,MDG,TUR,72
20025556,136,224,171,2016,0.0,19436645.0,-1.2672709999999998,-0.613909,MDG,TUR,72
20025557,136,224,171,2018,0.0,31376651.0,-1.2144549999999998,-0.748326,MDG,TUR,72
20025558,136,224,171,2019,0.0,27511285.0,-1.267516,-0.733849,MDG,TUR,72
20025559,136,224,171,2000,0.0,2960225.0,-1.045792,-0.386997,MDG,TUR,72
20025560,136,224,171,2010,0.0,10739012.0,-0.8737799999999999,-0.043717,MDG,TUR,72
20025561,136,224,171,2011,0.0,26431377.0,-1.040519,-0.404883,MDG,TUR,72
20025562,136,224,171,2020,936.0,21379817.0,-1.206503,-0.709465,MDG,TUR,72
20025563,136,224,171,2004,963172.0,8110833.0,-1.355542,-0.634409,MDG,TUR,72
20025564,136,224,171,2001,0.0,269510.0,-1.247531,-0.637093,MDG,TUR,72
20025565,136,224,171,1998,0.0,1617056.0,-1.2600639999999999,-0.566983,MDG,TUR,72
20025566,136,224,171,2002,0.0,807641.0,-1.120167,-0.43338699999999997,MDG,TUR,72
20025567,136,224,171,1999,0.0,1695514.0,-1.186653,-0.5059279999999999,MDG,TUR,72
20025568,137,224,171,2012,0.0,4420469.0,-0.664154,-0.826418,MDV,TUR,72
20025569,137,224,171,2013,0.0,2012767.0,-0.21889699999999998,-0.776392,MDV,TUR,72
20025570,137,224,171,2014,0.0,2346622.0,-0.43265299999999995,-0.82696,MDV,TUR,72
20025571,137,224,171,2015,0.0,5689985.0,-0.321571,-0.858751,MDV,TUR,72
20025572,137,224,171,2016,0.0,5721361.0,-0.79904,-0.9720840000000001,MDV,TUR,72
20025573,137,224,171,2017,0.0,6094905.0,-1.100027,-0.9779479999999999,MDV,TUR,72
20025574,137,224,171,2019,0.0,8444895.0,-0.37792800000000004,-0.8963059999999999,MDV,TUR,72
20025575,137,224,171,2003,0.0,61462.0,-1.201352,-1.031892,MDV,TUR,72
20025576,137,224,171,2005,0.0,6062.0,0.063163,-0.623409,MDV,TUR,72
20025577,137,224,171,2006,0.0,146610.0,-0.240191,-0.8320290000000001,MDV,TUR,72
20025578,137,224,171,2010,0.0,866079.0,-0.644859,-0.910633,MDV,TUR,72
20025579,137,224,171,2011,0.0,1821803.0,-0.937469,-0.87897,MDV,TUR,72
20025580,137,224,171,2018,0.0,11483612.0,-0.577527,-0.952098,MDV,TUR,72
20025581,137,224,171,2020,0.0,3817799.0,-0.68914,-0.844514,MDV,TUR,72
20025582,138,224,171,2004,0.0,12807258.0,0.868684,0.85506,MEX,TUR,72
20025583,138,224,171,2007,508458.0,537525.0,1.044746,0.605246,MEX,TUR,72
20025584,138,224,171,1995,108503.0,586942.0,0.6414300000000001,0.9697520000000001,MEX,TUR,72
20025585,138,224,171,1996,44212.0,1811265.0,0.651949,0.9132170000000001,MEX,TUR,72
20025586,138,224,171,2000,704224.0,5787710.0,0.6866760000000001,0.64383,MEX,TUR,72
20025587,138,224,171,2001,74220.0,12329889.0,0.797058,0.713234,MEX,TUR,72
20025588,138,224,171,2012,580082.0,12316052.0,1.039541,0.663349,MEX,TUR,72
20025589,138,224,171,2013,1033636.0,14185606.0,1.048507,0.718932,MEX,TUR,72
20025590,138,224,171,2014,315002.0,17100541.0,1.0799729999999998,0.697554,MEX,TUR,72
20025591,138,224,171,2015,165046.0,21858780.0,1.169724,0.61457,MEX,TUR,72
20025592,138,224,171,2016,75285.0,29190831.0,1.165638,0.6446649999999999,MEX,TUR,72
20025593,138,224,171,1999,0.0,2238886.0,0.581034,0.8399760000000001,MEX,TUR,72
20025594,138,224,171,2003,631101.0,1112748.0,0.862509,0.756684,MEX,TUR,72
20025595,138,224,171,1997,0.0,1251503.0,0.603221,0.898488,MEX,TUR,72
20025596,138,224,171,2005,671914.0,15531760.0,1.046235,0.856245,MEX,TUR,72
20025597,138,224,171,1998,6699819.0,4398310.0,0.525671,0.880649,MEX,TUR,72
20025598,138,224,171,2006,909235.0,6831862.0,1.047268,0.7142270000000001,MEX,TUR,72
20025599,138,224,171,2008,1760417.0,1202034.0,0.9833639999999999,0.7687069999999999,MEX,TUR,72
20025600,138,224,171,2011,412369.0,5323269.0,0.9534600000000001,0.706982,MEX,TUR,72
20025601,138,224,171,2009,265813.0,8124943.0,1.061625,0.719234,MEX,TUR,72
20025602,138,224,171,2010,1257916.0,1759057.0,1.132664,0.675756,MEX,TUR,72
20025603,138,224,171,2002,0.0,18053393.0,0.942061,0.6311260000000001,MEX,TUR,72
20025604,138,224,171,2019,198971.0,33095509.0,1.083041,0.569353,MEX,TUR,72
20025605,138,224,171,2020,948421.0,15628251.0,0.974514,0.563643,MEX,TUR,72
20025606,138,224,171,2018,124955.0,40041833.0,1.00061,0.585759,MEX,TUR,72
20025607,138,224,171,2017,651409.0,40763557.0,1.08871,0.5745279999999999,MEX,TUR,72
20025608,139,224,171,2019,0.0,122470.0,-0.592066,-0.900875,MHL,TUR,72
20025609,139,224,171,2018,0.0,100585.0,0.03022,-0.7880520000000001,MHL,TUR,72
20025610,139,224,171,2016,0.0,31614.0,0.073567,-0.808307,MHL,TUR,72
20025611,139,224,171,2017,0.0,88088.0,-0.057511,-0.80248,MHL,TUR,72
20025612,139,224,171,2020,0.0,99386.0,-0.23666700000000002,-0.822276,MHL,TUR,72
20025613,139,224,171,2008,0.0,190869.0,-1.092352,-0.9263600000000001,MHL,TUR,72
20025614,140,224,171,2008,6798134.0,8892596.0,-0.090639,-0.137401,MKD,TUR,72
20025615,140,224,171,2015,28810394.0,9053938.0,-0.09009600000000001,-0.147359,MKD,TUR,72
20025616,140,224,171,2014,25088145.0,15580779.0,-0.039799,-0.05545,MKD,TUR,72
20025617,140,224,171,2012,26490715.0,6485210.0,-0.010966,0.160996,MKD,TUR,72
20025618,140,224,171,1997,1738599.0,2145901.0,0.26327399999999995,0.704879,MKD,TUR,72
20025619,140,224,171,2007,27514812.0,8463230.0,-0.125912,-0.009395,MKD,TUR,72
20025620,140,224,171,2011,43196489.0,7008892.0,-0.12310499999999999,0.16392,MKD,TUR,72
20025621,140,224,171,2013,25781329.0,6416379.0,-0.10859400000000001,0.155229,MKD,TUR,72
20025622,140,224,171,2010,22756282.0,4120549.0,-0.122842,0.407017,MKD,TUR,72
20025623,140,224,171,1995,1873292.0,492598.0,0.34174,0.648467,MKD,TUR,72
20025624,140,224,171,1996,2276621.0,345391.0,0.316133,0.933068,MKD,TUR,72
20025625,140,224,171,1998,1634561.0,791029.0,0.102559,0.591468,MKD,TUR,72
20025626,140,224,171,1999,1612107.0,998265.0,0.053132000000000006,0.43408,MKD,TUR,72
20025627,140,224,171,2000,748477.0,1041845.0,0.13176600000000002,0.407194,MKD,TUR,72
20025628,140,224,171,2001,276797.0,1026511.0,0.033097,0.43516499999999997,MKD,TUR,72
20025629,140,224,171,2002,699339.0,1078540.0,-0.030274000000000002,0.359317,MKD,TUR,72
20025630,140,224,171,2003,10597868.0,1448299.0,-0.017632,0.225394,MKD,TUR,72
20025631,140,224,171,2004,36356970.0,3484285.0,-0.091013,0.190649,MKD,TUR,72
20025632,140,224,171,2005,33976219.0,4497025.0,-0.084262,0.23169099999999998,MKD,TUR,72
20025633,140,224,171,2006,33904109.0,3030678.0,-0.21336,0.17674700000000002,MKD,TUR,72
20025634,140,224,171,2009,16185361.0,4662121.0,-0.14890499999999998,0.405505,MKD,TUR,72
20025635,140,224,171,2016,22209242.0,8128352.0,0.026185000000000003,-0.20027999999999999,MKD,TUR,72
20025636,140,224,171,2017,31462801.0,5462723.0,-0.0292,-0.377156,MKD,TUR,72
20025637,140,224,171,2018,39897432.0,12070695.0,0.079976,-0.20256,MKD,TUR,72
20025638,140,224,171,2019,31617062.0,9351054.0,0.050624,-0.11143299999999999,MKD,TUR,72
20025639,140,224,171,2020,41047755.0,9813280.0,0.147947,-0.11116500000000001,MKD,TUR,72
20025640,141,224,171,2016,132894.0,1936023.0,-0.584863,-0.74131,MLI,TUR,72
20025641,141,224,171,2014,0.0,3482899.0,-1.199063,-1.05497,MLI,TUR,72
20025642,141,224,171,2012,80193.0,8179275.0,-0.592899,-0.775098,MLI,TUR,72
20025643,141,224,171,2010,42714.0,4149072.0,-0.585496,-0.655841,MLI,TUR,72
20025644,141,224,171,2015,0.0,630333.0,-0.744236,-0.9441860000000001,MLI,TUR,72
20025645,141,224,171,2018,69875.0,8719701.0,-0.49666499999999997,-0.7189909999999999,MLI,TUR,72
20025646,141,224,171,2000,0.0,473562.0,-0.5546409999999999,-0.633603,MLI,TUR,72
20025647,141,224,171,2002,0.0,1374720.0,-0.8948520000000001,-0.863375,MLI,TUR,72
20025648,141,224,171,2004,0.0,2383449.0,-0.6905100000000001,-0.9162459999999999,MLI,TUR,72
20025649,141,224,171,2017,0.0,3162965.0,-0.5927899999999999,-0.707245,MLI,TUR,72
20025650,141,224,171,2005,0.0,2781139.0,-0.811021,-0.77035,MLI,TUR,72
20025651,141,224,171,2011,167654.0,5269807.0,-0.6778109999999999,-0.653211,MLI,TUR,72
20025652,141,224,171,2013,0.0,1009947.0,-1.183671,-1.069504,MLI,TUR,72
20025653,141,224,171,2008,0.0,1936171.0,-0.274267,-0.51084,MLI,TUR,72
20025654,141,224,171,2007,0.0,2809194.0,-0.672822,-0.687913,MLI,TUR,72
20025655,141,224,171,2006,0.0,1805401.0,-0.503462,-0.778836,MLI,TUR,72
20025656,141,224,171,2003,0.0,1090901.0,-0.786411,-0.879049,MLI,TUR,72
20025657,141,224,171,2019,498020.0,6021623.0,-0.381732,-0.606313,MLI,TUR,72
20025658,141,224,171,2020,0.0,9571599.0,-1.309505,-1.1745079999999999,MLI,TUR,72
20025659,141,224,171,1998,0.0,9361.0,-0.8910049999999999,-0.9654870000000001,MLI,TUR,72
20025660,141,224,171,1999,0.0,353939.0,-0.8019149999999999,-0.9337979999999999,MLI,TUR,72
20025661,141,224,171,2001,0.0,942857.0,-0.40341,-0.626402,MLI,TUR,72
20025662,141,224,171,2009,0.0,590307.0,-0.84835,-0.780324,MLI,TUR,72
20025663,142,224,171,2002,17653.0,6252938.0,1.12245,0.019001,MLT,TUR,72
20025664,142,224,171,2005,4725548.0,10564099.0,1.298938,0.13206600000000002,MLT,TUR,72
20025665,142,224,171,2017,14964529.0,6474260.0,0.999914,0.12683,MLT,TUR,72
20025666,142,224,171,1996,660494.0,4401086.0,0.8825440000000001,0.066541,MLT,TUR,72
20025667,142,224,171,1995,0.0,5794273.0,0.842519,0.11882899999999999,MLT,TUR,72
20025668,142,224,171,1998,501817.0,5972593.0,0.919593,-0.071451,MLT,TUR,72
20025669,142,224,171,2009,8701280.0,4192869.0,1.233965,-0.016763,MLT,TUR,72
20025670,142,224,171,2010,14843550.0,7845674.0,1.211797,-0.024923,MLT,TUR,72
20025671,142,224,171,2011,20682990.0,7463798.0,1.3001340000000001,0.22605799999999998,MLT,TUR,72
20025672,142,224,171,2012,16454681.0,3136820.0,1.023776,0.12459400000000001,MLT,TUR,72
20025673,142,224,171,2015,7427009.0,5037189.0,0.880893,-0.117585,MLT,TUR,72
20025674,142,224,171,2016,13951817.0,5446517.0,0.8795950000000001,-0.21689499999999998,MLT,TUR,72
20025675,142,224,171,2007,7564700.0,13829008.0,1.184569,-0.046376,MLT,TUR,72
20025676,142,224,171,2018,12818446.0,12049603.0,0.9621219999999999,0.257289,MLT,TUR,72
20025677,142,224,171,2019,14581484.0,3262782.0,0.893992,0.25255500000000003,MLT,TUR,72
20025678,142,224,171,2014,13514735.0,6274425.0,0.817013,0.0016309999999999999,MLT,TUR,72
20025679,142,224,171,2004,1664256.0,12231334.0,1.251894,0.063827,MLT,TUR,72
20025680,142,224,171,2006,2381720.0,10979346.0,1.384411,0.093734,MLT,TUR,72
20025681,142,224,171,2013,10920481.0,4496249.0,0.8519760000000001,-0.075869,MLT,TUR,72
20025682,142,224,171,2020,14667798.0,1025674.0,0.9159309999999999,0.24442199999999997,MLT,TUR,72
20025683,142,224,171,2008,15261712.0,8167456.0,1.015716,-0.065673,MLT,TUR,72
20025684,142,224,171,2001,731744.0,6007518.0,1.065032,-0.065239,MLT,TUR,72
20025685,142,224,171,2003,1214196.0,7743479.0,1.2138149999999999,-0.015687,MLT,TUR,72
20025686,142,224,171,1999,8321.0,4291382.0,0.9998450000000001,0.009412,MLT,TUR,72
20025687,142,224,171,1997,690014.0,5110425.0,0.936998,0.062266999999999996,MLT,TUR,72
20025688,142,224,171,2000,628875.0,6589005.0,1.106517,-0.05459,MLT,TUR,72
20025689,143,224,171,2016,0.0,42226.0,-1.160878,-0.6042609999999999,MMR,TUR,72
20025690,143,224,171,2017,0.0,5534778.0,-1.051544,-0.419183,MMR,TUR,72
20025691,143,224,171,2018,0.0,34728594.0,-0.936467,-0.223413,MMR,TUR,72
20025692,143,224,171,2019,0.0,12455797.0,-1.196733,-0.435766,MMR,TUR,72
20025693,143,224,171,2020,0.0,17995626.0,-0.9993569999999999,-0.298647,MMR,TUR,72
20025694,143,224,171,2011,0.0,9751236.0,-1.3557190000000001,-0.929934,MMR,TUR,72
20025695,143,224,171,2015,0.0,56538.0,-1.4596120000000001,-0.903904,MMR,TUR,72
20025696,143,224,171,2013,0.0,2563.0,-1.230787,-0.737375,MMR,TUR,72
20025697,143,224,171,2009,0.0,11205978.0,-1.6459529999999998,-1.186635,MMR,TUR,72
20025698,143,224,171,2010,0.0,15134746.0,-1.480389,-1.075842,MMR,TUR,72
20025699,143,224,171,2002,0.0,367617.0,-1.571568,-1.131512,MMR,TUR,72
20025700,143,224,171,2014,0.0,3645.0,-1.5332459999999999,-1.145973,MMR,TUR,72
20025701,143,224,171,1997,0.0,1780718.0,-1.595159,-1.09562,MMR,TUR,72
20025702,143,224,171,1995,0.0,387311.0,-1.5669309999999999,-1.124558,MMR,TUR,72
20025703,143,224,171,1996,0.0,28449535.0,-1.556357,-1.078395,MMR,TUR,72
20025704,144,224,171,2008,739959.0,382275.0,0.321434,-0.168212,MNE,TUR,72
20025705,144,224,171,2017,10252350.0,989110.0,0.201739,-0.23111399999999999,MNE,TUR,72
20025706,144,224,171,2009,4085995.0,1124193.0,0.19963499999999998,-0.073107,MNE,TUR,72
20025707,144,224,171,2007,145545.0,92451.0,0.250006,-0.154908,MNE,TUR,72
20025708,144,224,171,2015,788877.0,1222103.0,-0.048385000000000004,-0.150759,MNE,TUR,72
20025709,144,224,171,2016,3012336.0,984808.0,-0.005084,-0.25252199999999997,MNE,TUR,72
20025710,144,224,171,2010,5590754.0,91165.0,0.266397,-0.02502,MNE,TUR,72
20025711,144,224,171,2011,13724182.0,208368.0,0.149559,0.024935,MNE,TUR,72
20025712,144,224,171,2006,544961.0,43114.0,0.130773,-0.24674699999999997,MNE,TUR,72
20025713,144,224,171,2012,14499899.0,755681.0,-0.059409000000000003,-0.328183,MNE,TUR,72
20025714,144,224,171,2014,6244180.0,373802.0,-0.17039100000000001,-0.21762399999999998,MNE,TUR,72
20025715,144,224,171,2018,4935352.0,598842.0,0.332495,0.124258,MNE,TUR,72
20025716,144,224,171,2019,5671249.0,1569263.0,0.40415100000000004,0.068967,MNE,TUR,72
20025717,144,224,171,2020,3760118.0,3213778.0,0.355595,0.140822,MNE,TUR,72
20025718,144,224,171,2013,10633967.0,268990.0,-0.054454999999999996,-0.164875,MNE,TUR,72
20025719,145,224,171,2007,0.0,5809.0,-1.0688790000000001,-1.1115709999999999,MNG,TUR,72
20025720,145,224,171,2016,0.0,8748.0,-0.811142,-1.013252,MNG,TUR,72
20025721,145,224,171,2000,0.0,743226.0,-0.600593,-0.889832,MNG,TUR,72
20025722,145,224,171,2011,0.0,7449.0,-1.0869389999999999,-1.107693,MNG,TUR,72
20025723,145,224,171,2013,0.0,61165.0,-1.3270950000000001,-1.144547,MNG,TUR,72
20025724,145,224,171,1998,0.0,1633.0,-0.605635,-0.9181520000000001,MNG,TUR,72
20025725,145,224,171,2019,0.0,725293.0,-1.1612049999999998,-1.1615739999999999,MNG,TUR,72
20025726,145,224,171,2017,0.0,9875.0,-0.933737,-1.1195620000000002,MNG,TUR,72
20025727,145,224,171,2020,0.0,127517.0,-1.011938,-1.127569,MNG,TUR,72
20025728,145,224,171,1999,0.0,3207.0,-0.557761,-0.8596280000000001,MNG,TUR,72
20025729,145,224,171,2001,0.0,3678.0,-0.691001,-0.9284180000000001,MNG,TUR,72
20025730,145,224,171,2003,0.0,8464.0,-0.9747620000000001,-1.026308,MNG,TUR,72
20025731,145,224,171,2012,0.0,37430.0,-1.2191,-1.1559549999999998,MNG,TUR,72
20025732,145,224,171,2002,0.0,8046.0,-0.895827,-0.9913799999999999,MNG,TUR,72
20025733,147,224,171,2006,0.0,244222.0,-1.0250629999999998,-1.067359,MOZ,TUR,72
20025734,147,224,171,2008,0.0,750766.0,-0.982727,-0.8361219999999999,MOZ,TUR,72
20025735,147,224,171,2005,0.0,385817.0,-1.301283,-1.180598,MOZ,TUR,72
20025736,147,224,171,2011,0.0,9015012.0,-1.2069299999999998,-0.977785,MOZ,TUR,72
20025737,147,224,171,2012,0.0,11498941.0,-1.400493,-1.1536680000000001,MOZ,TUR,72
20025738,147,224,171,2013,0.0,16297420.0,-1.326323,-1.050969,MOZ,TUR,72
20025739,147,224,171,2014,3331984.0,12747387.0,-1.1993610000000001,-1.040181,MOZ,TUR,72
20025740,147,224,171,2019,0.0,8951572.0,-1.264532,-1.072626,MOZ,TUR,72
20025741,147,224,171,2020,0.0,8701631.0,-1.1186040000000002,-0.974224,MOZ,TUR,72
20025742,147,224,171,2007,0.0,1480129.0,-1.4703110000000001,-1.1915719999999999,MOZ,TUR,72
20025743,147,224,171,2010,0.0,5533578.0,-1.479855,-1.070518,MOZ,TUR,72
20025744,147,224,171,2018,0.0,4816779.0,-1.380023,-1.027817,MOZ,TUR,72
20025745,147,224,171,2016,0.0,2075889.0,-1.333702,-1.116794,MOZ,TUR,72
20025746,147,224,171,2004,0.0,336526.0,-1.1010790000000001,-1.0942,MOZ,TUR,72
20025747,147,224,171,2017,0.0,2985781.0,-1.3882290000000002,-1.114475,MOZ,TUR,72
20025748,147,224,171,2000,0.0,117331.0,-0.637021,-0.748197,MOZ,TUR,72
20025749,147,224,171,2009,0.0,945192.0,-1.0023090000000001,-0.844765,MOZ,TUR,72
20025750,147,224,171,2015,4099946.0,10003615.0,-1.293809,-1.115069,MOZ,TUR,72
20025751,147,224,171,1998,0.0,786234.0,-0.6813279999999999,-0.916391,MOZ,TUR,72
20025752,147,224,171,1999,0.0,1027110.0,-0.35994699999999996,-0.725301,MOZ,TUR,72
20025753,148,224,171,2013,0.0,34776290.0,-1.950532,-1.283104,MRT,TUR,72
20025754,148,224,171,2007,5478892.0,410321.0,-2.027741,-1.311094,MRT,TUR,72
20025755,148,224,171,2010,0.0,1441842.0,-2.099882,-1.303977,MRT,TUR,72
20025756,148,224,171,2011,3135704.0,32261713.0,-1.2593379999999998,-1.1793209999999998,MRT,TUR,72
20025757,148,224,171,2012,42728.0,33927980.0,-1.570474,-1.284412,MRT,TUR,72
20025758,148,224,171,2014,773149.0,19390398.0,-1.458551,-1.225373,MRT,TUR,72
20025759,148,224,171,2015,149673.0,11887971.0,-1.5597450000000002,-1.3209229999999998,MRT,TUR,72
20025760,148,224,171,2008,5780001.0,1657023.0,-2.081778,-1.274636,MRT,TUR,72
20025761,148,224,171,2009,14594.0,1512783.0,-1.761436,-1.2898479999999999,MRT,TUR,72
20025762,148,224,171,2016,0.0,11486808.0,-1.542265,-1.318586,MRT,TUR,72
20025763,148,224,171,2017,3361.0,34085522.0,-1.634533,-1.330819,MRT,TUR,72
20025764,148,224,171,2018,0.0,22406358.0,-1.511361,-1.296003,MRT,TUR,72
20025765,148,224,171,2019,0.0,18668538.0,-1.711918,-1.339005,MRT,TUR,72
20025766,148,224,171,2020,0.0,15005226.0,-1.400894,-1.27631,MRT,TUR,72
20025767,148,224,171,2004,719328.0,1086474.0,-1.6173959999999998,-1.2925719999999998,MRT,TUR,72
20025768,148,224,171,2006,0.0,752189.0,-1.72422,-1.2414399999999999,MRT,TUR,72
20025769,148,224,171,2003,309650.0,550919.0,-1.069232,-1.184061,MRT,TUR,72
20025770,148,224,171,2005,0.0,2510080.0,-1.5391629999999998,-1.260424,MRT,TUR,72
20025771,148,224,171,2001,0.0,948071.0,-1.187271,-1.240445,MRT,TUR,72
20025772,148,224,171,2000,0.0,817159.0,-1.461442,-1.230634,MRT,TUR,72
20025773,148,224,171,2002,0.0,621547.0,-1.27671,-1.218472,MRT,TUR,72
20025774,148,224,171,1997,0.0,298313.0,-1.7012040000000002,-1.2302799999999998,MRT,TUR,72
20025775,148,224,171,1999,0.0,64646.0,-1.198078,-1.229277,MRT,TUR,72
20025776,149,224,171,2002,3791.0,0.0,1.4188209999999999,-0.087543,MSR,TUR,72
20025777,149,224,171,2003,10016.0,0.0,0.383768,-0.320867,MSR,TUR,72
20025778,151,224,171,2018,0.0,26894985.0,-0.128221,0.15049400000000002,MUS,TUR,72
20025779,151,224,171,2019,0.0,29655620.0,-0.15909600000000002,0.034770999999999996,MUS,TUR,72
20025780,151,224,171,2009,117599.0,3696268.0,-0.198194,0.067014,MUS,TUR,72
20025781,151,224,171,2010,0.0,4703169.0,-0.173542,0.103727,MUS,TUR,72
20025782,151,224,171,2007,0.0,3140544.0,-0.342957,-0.129114,MUS,TUR,72
20025783,151,224,171,2014,0.0,13030237.0,-0.029891,-0.12431099999999999,MUS,TUR,72
20025784,151,224,171,2015,0.0,9178711.0,-0.231762,-0.195051,MUS,TUR,72
20025785,151,224,171,2016,0.0,6372292.0,-0.24309899999999998,-0.084888,MUS,TUR,72
20025786,151,224,171,2017,0.0,16208932.0,-0.156616,0.073153,MUS,TUR,72
20025787,151,224,171,2013,0.0,16567770.0,-0.158852,0.0061600000000000005,MUS,TUR,72
20025788,151,224,171,2011,33618.0,13692305.0,-0.09464600000000001,0.091177,MUS,TUR,72
20025789,151,224,171,2020,44851.0,21865520.0,-0.048897,0.11543099999999999,MUS,TUR,72
20025790,151,224,171,2012,78897.0,13741363.0,-0.028582999999999997,0.116882,MUS,TUR,72
20025791,151,224,171,2004,0.0,154584.0,-0.374754,-0.288504,MUS,TUR,72
20025792,151,224,171,2006,0.0,223011.0,-0.311109,-0.07267,MUS,TUR,72
20025793,151,224,171,2008,0.0,5901723.0,-0.337563,-0.144226,MUS,TUR,72
20025794,151,224,171,2001,0.0,8141.0,-0.410422,-0.5868369999999999,MUS,TUR,72
20025795,151,224,171,2000,0.0,231693.0,-0.412313,-0.5704140000000001,MUS,TUR,72
20025796,151,224,171,2005,0.0,356998.0,-0.24565,-0.091397,MUS,TUR,72
20025797,151,224,171,1998,0.0,7293.0,-0.621599,-0.755795,MUS,TUR,72
20025798,151,224,171,1999,0.0,325651.0,-0.5713729999999999,-0.696416,MUS,TUR,72
20025799,151,224,171,2002,0.0,8062.0,-0.37937600000000005,-0.388848,MUS,TUR,72
20025800,151,224,171,2003,0.0,21920.0,-0.361514,-0.29839899999999997,MUS,TUR,72
20025801,152,224,171,2018,0.0,24371.0,-0.7015979999999999,-0.9293680000000001,MWI,TUR,72
20025802,152,224,171,2019,0.0,1979.0,-1.0178479999999999,-1.1028879999999999,MWI,TUR,72
20025803,152,224,171,2007,0.0,7251.0,-1.348692,-1.134002,MWI,TUR,72
20025804,152,224,171,2017,0.0,1978.0,-0.761995,-0.8897729999999999,MWI,TUR,72
20025805,152,224,171,2020,0.0,529939.0,-1.122433,-1.106831,MWI,TUR,72
20025806,152,224,171,2011,0.0,74170.0,-1.100291,-0.982559,MWI,TUR,72
20025807,152,224,171,2010,0.0,3118.0,-0.821839,-0.9153870000000001,MWI,TUR,72
20025808,152,224,171,2012,0.0,235676.0,-1.210016,-1.172806,MWI,TUR,72
20025809,152,224,171,2013,0.0,7590.0,-0.8992120000000001,-0.862175,MWI,TUR,72
20025810,152,224,171,2015,0.0,53905.0,-0.549862,-0.8753190000000001,MWI,TUR,72
20025811,152,224,171,2009,0.0,27928.0,-1.571672,-1.244864,MWI,TUR,72
20025812,153,224,171,2008,4612612.0,2578615.0,0.793395,0.6141939999999999,MYS,TUR,72
20025813,153,224,171,2016,26439949.0,8518620.0,1.106894,0.7452840000000001,MYS,TUR,72
20025814,153,224,171,2014,8844384.0,20479406.0,1.018138,0.774649,MYS,TUR,72
20025815,153,224,171,2015,8411101.0,6956310.0,1.082803,0.811615,MYS,TUR,72
20025816,153,224,171,2002,45088.0,5652780.0,0.704957,0.243398,MYS,TUR,72
20025817,153,224,171,2011,12178907.0,29014043.0,0.9893290000000001,0.632079,MYS,TUR,72
20025818,153,224,171,2012,3361038.0,27379658.0,0.945643,0.7526510000000001,MYS,TUR,72
20025819,153,224,171,2013,7153688.0,32478599.0,0.937641,0.747496,MYS,TUR,72
20025820,153,224,171,2019,27624664.0,103674505.0,1.192967,0.730971,MYS,TUR,72
20025821,153,224,171,2017,77428052.0,67860211.0,1.0110139999999999,0.6840729999999999,MYS,TUR,72
20025822,153,224,171,2010,6213105.0,15362419.0,0.9530780000000001,0.607456,MYS,TUR,72
20025823,153,224,171,1995,9203.0,55565077.0,0.357745,0.374284,MYS,TUR,72
20025824,153,224,171,1999,0.0,2692427.0,0.500591,0.136149,MYS,TUR,72
20025825,153,224,171,2004,365677.0,319331.0,0.6710050000000001,0.17807,MYS,TUR,72
20025826,153,224,171,2005,15702.0,764488.0,0.5847439999999999,0.13176300000000002,MYS,TUR,72
20025827,153,224,171,2006,604719.0,854838.0,0.7896569999999999,0.363625,MYS,TUR,72
20025828,153,224,171,2018,66882772.0,128705760.0,1.122976,0.734109,MYS,TUR,72
20025829,153,224,171,2000,231689.0,256626.0,0.519684,0.170286,MYS,TUR,72
20025830,153,224,171,2003,0.0,38770.0,0.728804,0.2168,MYS,TUR,72
20025831,153,224,171,2007,865402.0,841328.0,0.740788,0.302155,MYS,TUR,72
20025832,153,224,171,2009,3436567.0,27810038.0,0.8718229999999999,0.607429,MYS,TUR,72
20025833,153,224,171,1996,331224.0,65395904.0,0.351774,0.347262,MYS,TUR,72
20025834,153,224,171,1997,0.0,58200204.0,0.37340999999999996,0.36853600000000003,MYS,TUR,72
20025835,153,224,171,1998,0.0,1109253.0,0.396826,0.203792,MYS,TUR,72
20025836,153,224,171,2020,43041932.0,82472836.0,1.185223,0.573439,MYS,TUR,72
20025837,153,224,171,2001,20439.0,90704.0,0.768174,0.307033,MYS,TUR,72
20025838,154,224,171,2005,0.0,120332.0,1.428791,0.258694,MYT,TUR,72
20025839,154,224,171,2006,0.0,31799.0,1.1370049999999998,0.131896,MYT,TUR,72
20025840,154,224,171,2007,0.0,79393.0,0.9008879999999999,-0.209565,MYT,TUR,72
20025841,154,224,171,2008,0.0,1927825.0,1.085932,-0.176729,MYT,TUR,72
20025842,154,224,171,2009,0.0,1754923.0,1.173729,-0.08655800000000001,MYT,TUR,72
20025843,154,224,171,2004,0.0,375649.0,1.179671,0.016149,MYT,TUR,72
20025844,154,224,171,2012,0.0,2576577.0,0.828673,-0.422716,MYT,TUR,72
20025845,154,224,171,2010,0.0,1420486.0,1.371744,-0.072045,MYT,TUR,72
20025846,154,224,171,2011,0.0,2337808.0,0.804635,-0.312227,MYT,TUR,72
20025847,154,224,171,2013,0.0,4977370.0,0.9851690000000001,-0.504069,MYT,TUR,72
20025848,155,224,171,2010,0.0,10613.0,-0.49860299999999996,-0.6728529999999999,NAM,TUR,72
20025849,155,224,171,2012,0.0,816270.0,-0.232079,-0.32721300000000003,NAM,TUR,72
20025850,155,224,171,2013,0.0,98923.0,-0.308643,-0.480617,NAM,TUR,72
20025851,155,224,171,2014,0.0,3426.0,-0.428227,-0.5632229999999999,NAM,TUR,72
20025852,155,224,171,2020,0.0,380427.0,-0.664967,-0.74835,NAM,TUR,72
20025853,156,224,171,2019,0.0,248601.0,-0.342544,-0.867944,NCL,TUR,72
20025854,156,224,171,2015,0.0,337839.0,-0.727911,-0.844562,NCL,TUR,72
20025855,156,224,171,2013,0.0,28350.0,-0.136052,-0.703913,NCL,TUR,72
20025856,156,224,171,2014,0.0,172355.0,-0.509789,-0.767484,NCL,TUR,72
20025857,156,224,171,2011,0.0,26894.0,-0.976349,-0.798691,NCL,TUR,72
20025858,156,224,171,2012,0.0,75723.0,-0.635354,-0.777234,NCL,TUR,72
20025859,156,224,171,2016,0.0,415596.0,-0.9910389999999999,-0.9463940000000001,NCL,TUR,72
20025860,156,224,171,2017,0.0,345466.0,-0.38216100000000003,-0.8662549999999999,NCL,TUR,72
20025861,156,224,171,2018,0.0,714768.0,-0.49370299999999995,-0.865432,NCL,TUR,72
20025862,156,224,171,2020,0.0,418783.0,-0.666664,-0.88528,NCL,TUR,72
20025863,156,224,171,2005,0.0,59613.0,0.08313200000000001,-0.691012,NCL,TUR,72
20025864,157,224,171,2010,0.0,400484.0,-0.829902,-0.826152,NER,TUR,72
20025865,157,224,171,2011,0.0,650926.0,-0.85208,-0.731996,NER,TUR,72
20025866,157,224,171,2012,0.0,1085088.0,-1.165676,-1.099113,NER,TUR,72
20025867,157,224,171,2008,0.0,237742.0,-0.677687,-0.75195,NER,TUR,72
20025868,157,224,171,2020,0.0,711393.0,-0.62888,-0.841089,NER,TUR,72
20025869,157,224,171,2019,0.0,851199.0,-0.345047,-0.792769,NER,TUR,72
20025870,157,224,171,2013,0.0,2980815.0,-1.268738,-0.942256,NER,TUR,72
20025871,157,224,171,2004,0.0,2768.0,-0.8203799999999999,-0.7488,NER,TUR,72
20025872,157,224,171,2018,0.0,696745.0,-0.633115,-0.839564,NER,TUR,72
20025873,157,224,171,2014,0.0,495022.0,-0.7187,-0.80918,NER,TUR,72
20025874,157,224,171,2015,0.0,725650.0,-1.517292,-1.033891,NER,TUR,72
20025875,157,224,171,2016,336.0,442284.0,-0.973057,-0.953672,NER,TUR,72
20025876,157,224,171,2017,0.0,832319.0,-1.250156,-0.995524,NER,TUR,72
20025877,157,224,171,2003,0.0,153881.0,-0.199296,-0.578264,NER,TUR,72
20025878,157,224,171,2006,0.0,220842.0,-0.554188,-0.708255,NER,TUR,72
20025879,157,224,171,2009,0.0,843093.0,-1.306036,-0.956361,NER,TUR,72
20025880,157,224,171,2002,0.0,99917.0,-0.344562,-0.304996,NER,TUR,72
20025881,157,224,171,2007,0.0,288289.0,-0.287155,-0.577325,NER,TUR,72
20025882,157,224,171,2001,0.0,344311.0,-0.22368600000000002,-0.464156,NER,TUR,72
20025883,157,224,171,2005,0.0,59378.0,-0.32664299999999996,-0.619282,NER,TUR,72
20025884,157,224,171,1999,0.0,85110.0,-0.539842,-0.762977,NER,TUR,72
20025885,157,224,171,1998,0.0,26947.0,-0.373314,-0.592306,NER,TUR,72
20025886,157,224,171,2000,0.0,85858.0,-0.7289680000000001,-0.6210100000000001,NER,TUR,72
20025887,159,224,171,2015,6462.0,17519751.0,-1.415451,-1.157829,NGA,TUR,72
20025888,159,224,171,2016,9008.0,10481668.0,-1.835357,-1.286597,NGA,TUR,72
20025889,159,224,171,2001,0.0,13610448.0,-1.966439,-1.2724520000000001,NGA,TUR,72
20025890,159,224,171,1997,0.0,488004.0,-1.615102,-1.129541,NGA,TUR,72
20025891,159,224,171,2008,0.0,71187953.0,-1.9809139999999998,-1.189201,NGA,TUR,72
20025892,159,224,171,2009,0.0,42417049.0,-1.584051,-1.156247,NGA,TUR,72
20025893,159,224,171,2010,0.0,48162983.0,-1.887084,-1.2280229999999999,NGA,TUR,72
20025894,159,224,171,2007,0.0,21296446.0,-1.746879,-1.20823,NGA,TUR,72
20025895,159,224,171,2020,0.0,25667722.0,-1.6399299999999999,-1.19536,NGA,TUR,72
20025896,159,224,171,2018,0.0,27929816.0,-1.8238,-1.259938,NGA,TUR,72
20025897,159,224,171,1999,0.0,10686501.0,-1.9312080000000003,-1.279733,NGA,TUR,72
20025898,159,224,171,2013,1029.0,63396055.0,-1.745783,-1.1356680000000001,NGA,TUR,72
20025899,159,224,171,2019,0.0,24966761.0,-1.7383970000000002,-1.220333,NGA,TUR,72
20025900,159,224,171,2017,0.0,19287994.0,-1.8260919999999998,-1.276591,NGA,TUR,72
20025901,159,224,171,1998,0.0,3558575.0,-1.484229,-1.144092,NGA,TUR,72
20025902,159,224,171,2000,0.0,11299388.0,-2.164663,-1.257723,NGA,TUR,72
20025903,159,224,171,2002,0.0,6306964.0,-1.8315700000000001,-1.25171,NGA,TUR,72
20025904,159,224,171,2003,0.0,5365962.0,-1.859176,-1.234236,NGA,TUR,72
20025905,159,224,171,2011,0.0,53978188.0,-1.699286,-1.15511,NGA,TUR,72
20025906,159,224,171,2014,0.0,36776752.0,-1.2126430000000001,-1.059697,NGA,TUR,72
20025907,159,224,171,2012,0.0,137936123.0,-1.760488,-1.201048,NGA,TUR,72
20025908,159,224,171,2006,0.0,11996071.0,-2.094353,-1.215025,NGA,TUR,72
20025909,159,224,171,2004,0.0,5040722.0,-2.413432,-1.3033190000000001,NGA,TUR,72
20025910,159,224,171,2005,0.0,19555360.0,-2.359834,-1.2772219999999999,NGA,TUR,72
20025911,159,224,171,1995,0.0,70467.0,-2.108206,-1.2017520000000002,NGA,TUR,72
20025912,160,224,171,1999,0.0,1412355.0,-0.677654,-0.72253,NIC,TUR,72
20025913,160,224,171,2012,0.0,5326478.0,-0.754724,-0.668629,NIC,TUR,72
20025914,160,224,171,2014,0.0,886951.0,-0.938269,-0.839066,NIC,TUR,72
20025915,160,224,171,2015,0.0,631849.0,-1.102989,-0.952276,NIC,TUR,72
20025916,160,224,171,2001,0.0,1227611.0,-0.8917430000000001,-0.713179,NIC,TUR,72
20025917,160,224,171,2002,0.0,48940.0,-0.677398,-0.564472,NIC,TUR,72
20025918,160,224,171,2016,0.0,182036.0,-1.0387389999999999,-0.998977,NIC,TUR,72
20025919,160,224,171,2017,0.0,4774684.0,-1.0502280000000002,-0.8817719999999999,NIC,TUR,72
20025920,160,224,171,2018,0.0,9280113.0,-0.887282,-0.827008,NIC,TUR,72
20025921,160,224,171,2013,0.0,3646326.0,-0.9277,-0.6842630000000001,NIC,TUR,72
20025922,160,224,171,2019,0.0,6919695.0,-1.058553,-0.854482,NIC,TUR,72
20025923,160,224,171,2008,0.0,803246.0,-0.869193,-0.676623,NIC,TUR,72
20025924,160,224,171,1997,0.0,54389.0,-0.8090109999999999,-0.783853,NIC,TUR,72
20025925,160,224,171,1998,0.0,49191.0,-0.8012199999999999,-0.749159,NIC,TUR,72
20025926,160,224,171,2000,0.0,1735043.0,-0.8339270000000001,-0.6658689999999999,NIC,TUR,72
20025927,160,224,171,2005,0.0,603996.0,-1.038332,-0.922797,NIC,TUR,72
20025928,160,224,171,2007,0.0,61589.0,-0.924162,-0.857508,NIC,TUR,72
20025929,160,224,171,2010,0.0,271979.0,-0.9387409999999999,-0.8119569999999999,NIC,TUR,72
20025930,160,224,171,2009,0.0,832129.0,-0.924057,-0.809557,NIC,TUR,72
20025931,160,224,171,1996,4081.0,0.0,-0.767799,-0.737816,NIC,TUR,72
20025932,160,224,171,2003,0.0,1456.0,-0.8661459999999999,-0.8661690000000001,NIC,TUR,72
20025933,160,224,171,2004,0.0,1677825.0,-0.9789479999999999,-0.8374219999999999,NIC,TUR,72
20025934,160,224,171,2011,0.0,3144278.0,-0.9592139999999999,-0.796108,NIC,TUR,72
20025935,160,224,171,2020,0.0,5897516.0,-0.9128809999999999,-0.746636,NIC,TUR,72
20025936,162,224,171,1995,211985299.0,35965334.0,1.304391,1.8819119999999998,NLD,TUR,72
20025937,162,224,171,1996,187449717.0,25436288.0,1.256625,1.803132,NLD,TUR,72
20025938,162,224,171,1997,184409504.0,40166449.0,1.267794,1.727888,NLD,TUR,72
20025939,162,224,171,1998,63934895.0,31993799.0,1.248469,1.683182,NLD,TUR,72
20025940,162,224,171,1999,68080984.0,48387173.0,1.308776,1.574293,NLD,TUR,72
20025941,162,224,171,2000,100861048.0,48283593.0,1.283291,1.58901,NLD,TUR,72
20025942,162,224,171,2001,87039666.0,38119656.0,1.315685,1.590935,NLD,TUR,72
20025943,162,224,171,2002,109709600.0,30965879.0,1.206176,1.7136360000000002,NLD,TUR,72
20025944,162,224,171,2003,187594161.0,54378538.0,1.168453,1.7085709999999998,NLD,TUR,72
20025945,162,224,171,2004,179440861.0,122986732.0,1.251808,1.586526,NLD,TUR,72
20025946,162,224,171,2005,281136924.0,68564859.0,1.143533,1.614774,NLD,TUR,72
20025947,162,224,171,2006,265394467.0,146416861.0,1.192134,1.450852,NLD,TUR,72
20025948,162,224,171,2008,578391153.0,174236309.0,1.139475,1.385316,NLD,TUR,72
20025949,162,224,171,2009,534558659.0,91075031.0,1.1914850000000001,1.3076780000000001,NLD,TUR,72
20025950,162,224,171,2010,775809494.0,145556090.0,1.237998,1.1891209999999999,NLD,TUR,72
20025951,162,224,171,2011,860344558.0,171357426.0,1.1655229999999999,1.410167,NLD,TUR,72
20025952,162,224,171,2012,931457160.0,106655592.0,1.124582,1.374002,NLD,TUR,72
20025953,162,224,171,2013,686678414.0,171589855.0,1.184107,1.249557,NLD,TUR,72
20025954,162,224,171,2014,649764437.0,222302111.0,1.179325,1.355071,NLD,TUR,72
20025955,162,224,171,2015,469706873.0,122466433.0,1.230104,1.27344,NLD,TUR,72
20025956,162,224,171,2016,626366821.0,172533089.0,1.157361,1.5188540000000001,NLD,TUR,72
20025957,162,224,171,2017,978458402.0,243498436.0,1.146959,1.470869,NLD,TUR,72
20025958,162,224,171,2018,1000953689.0,380796442.0,1.1478899999999999,1.454758,NLD,TUR,72
20025959,162,224,171,2019,1023417624.0,221035009.0,1.145044,1.3523530000000001,NLD,TUR,72
20025960,162,224,171,2020,982836935.0,200951969.0,1.035951,1.559401,NLD,TUR,72
20025961,162,224,171,2007,583822186.0,208173069.0,1.089169,1.589641,NLD,TUR,72
20025962,163,224,171,1995,5089387.0,3194450.0,1.019741,0.394241,NOR,TUR,72
20025963,163,224,171,1996,4391328.0,910423.0,1.204869,0.303062,NOR,TUR,72
20025964,163,224,171,1997,5514718.0,9510.0,1.003945,0.188826,NOR,TUR,72
20025965,163,224,171,1998,3773736.0,943461.0,1.1660190000000001,0.43901899999999994,NOR,TUR,72
20025966,163,224,171,1999,4087938.0,139416.0,1.1012959999999998,0.240184,NOR,TUR,72
20025967,163,224,171,2000,3933374.0,2569856.0,0.988346,0.046556,NOR,TUR,72
20025968,163,224,171,2001,2675333.0,51496.0,0.974814,0.06512000000000001,NOR,TUR,72
20025969,163,224,171,2002,5915074.0,1506268.0,1.110882,0.17164100000000002,NOR,TUR,72
20025970,163,224,171,2003,7826311.0,814218.0,1.1500620000000001,0.258554,NOR,TUR,72
20025971,163,224,171,2005,12903747.0,3829812.0,1.0581530000000001,0.038369,NOR,TUR,72
20025972,163,224,171,2019,65061204.0,4914654.0,0.6957300000000001,0.181607,NOR,TUR,72
20025973,163,224,171,2020,44742108.0,7972186.0,0.793459,0.369766,NOR,TUR,72
20025974,163,224,171,2018,46103198.0,5981010.0,0.681639,0.021762,NOR,TUR,72
20025975,163,224,171,2017,22567170.0,7395137.0,0.73658,0.11450199999999999,NOR,TUR,72
20025976,163,224,171,2008,15423185.0,173549.0,0.911428,-0.019318000000000002,NOR,TUR,72
20025977,163,224,171,2007,10982822.0,128225.0,0.9829100000000001,0.100995,NOR,TUR,72
20025978,163,224,171,2009,8874412.0,345387.0,0.865455,0.082808,NOR,TUR,72
20025979,163,224,171,2013,32793958.0,4496275.0,0.892099,0.18168399999999998,NOR,TUR,72
20025980,163,224,171,2014,27748216.0,3564988.0,0.9187049999999999,0.182685,NOR,TUR,72
20025981,163,224,171,2016,28605589.0,3473030.0,0.89891,0.297673,NOR,TUR,72
20025982,163,224,171,2015,29248940.0,3204287.0,0.950708,0.314339,NOR,TUR,72
20025983,163,224,171,2010,15603130.0,1158766.0,0.865676,0.138757,NOR,TUR,72
20025984,163,224,171,2011,34197455.0,2017904.0,0.8492770000000001,0.050044,NOR,TUR,72
20025985,163,224,171,2006,11569893.0,64778.0,1.0787930000000001,0.014051,NOR,TUR,72
20025986,163,224,171,2012,21054774.0,2807893.0,0.8613049999999999,0.12626800000000002,NOR,TUR,72
20025987,163,224,171,2004,7465879.0,9448633.0,1.10162,0.118709,NOR,TUR,72
20025988,164,224,171,2007,0.0,2979.0,-0.274255,0.513961,NPL,TUR,72
20025989,164,224,171,2000,0.0,431269.0,-0.395304,0.104966,NPL,TUR,72
20025990,164,224,171,2005,0.0,2648748.0,-0.347515,0.630102,NPL,TUR,72
20025991,164,224,171,2009,0.0,239694.0,-0.324434,1.076908,NPL,TUR,72
20025992,164,224,171,2006,0.0,173840.0,-0.29672600000000005,0.665077,NPL,TUR,72
20025993,166,224,171,2015,0.0,215225.0,0.224598,0.253179,NZL,TUR,72
20025994,166,224,171,1997,0.0,46599.0,0.557545,0.731294,NZL,TUR,72
20025995,166,224,171,2001,0.0,202557.0,0.521409,0.683134,NZL,TUR,72
20025996,166,224,171,2002,0.0,88112.0,0.542585,0.854243,NZL,TUR,72
20025997,166,224,171,2003,0.0,64798.0,0.589619,0.997301,NZL,TUR,72
20025998,166,224,171,2004,0.0,87237.0,0.567392,0.965781,NZL,TUR,72
20025999,166,224,171,2005,0.0,52223.0,0.623822,0.825528,NZL,TUR,72
20026000,166,224,171,2006,0.0,2171.0,0.5371,0.8240209999999999,NZL,TUR,72
20026001,166,224,171,2007,0.0,55040.0,0.495938,0.845825,NZL,TUR,72
20026002,166,224,171,2008,48917.0,57606.0,0.513416,0.753058,NZL,TUR,72
20026003,166,224,171,2009,82254.0,191684.0,0.38301999999999997,0.720644,NZL,TUR,72
20026004,166,224,171,2010,37230.0,713493.0,0.36828299999999997,0.574574,NZL,TUR,72
20026005,166,224,171,2011,19262.0,962722.0,0.372732,0.548601,NZL,TUR,72
20026006,166,224,171,2012,4849.0,458611.0,0.410575,0.714584,NZL,TUR,72
20026007,166,224,171,2013,0.0,401629.0,0.3345,0.39063000000000003,NZL,TUR,72
20026008,166,224,171,2014,0.0,364024.0,0.272502,0.21628699999999998,NZL,TUR,72
20026009,166,224,171,2016,34000.0,759828.0,0.236556,0.252918,NZL,TUR,72
20026010,166,224,171,2017,0.0,1513460.0,0.25651199999999996,0.132996,NZL,TUR,72
20026011,166,224,171,2018,0.0,1305495.0,0.21902600000000003,0.148714,NZL,TUR,72
20026012,166,224,171,2019,0.0,1252389.0,0.119281,0.039036,NZL,TUR,72
20026013,166,224,171,2020,0.0,1198877.0,0.145567,0.070121,NZL,TUR,72
20026014,166,224,171,1998,0.0,48712.0,0.5690529999999999,0.7752060000000001,NZL,TUR,72
20026015,166,224,171,1999,0.0,137516.0,0.592051,0.780176,NZL,TUR,72
20026016,166,224,171,2000,0.0,418859.0,0.552858,0.8281129999999999,NZL,TUR,72
20026017,166,224,171,1995,8983.0,0.0,0.5558270000000001,0.773271,NZL,TUR,72
20026018,166,224,171,1996,0.0,30131.0,0.49466099999999996,0.8302879999999999,NZL,TUR,72
20026019,167,224,171,2003,0.0,4731787.0,-1.434873,-1.188123,OMN,TUR,72
20026020,167,224,171,2005,0.0,14821352.0,-0.384571,-1.068743,OMN,TUR,72
20026021,167,224,171,2006,239357.0,12429494.0,-0.6373989999999999,-1.092554,OMN,TUR,72
20026022,167,224,171,2009,0.0,30359256.0,-0.691918,-1.015434,OMN,TUR,72
20026023,167,224,171,2010,0.0,37969077.0,-0.487612,-0.9551379999999999,OMN,TUR,72
20026024,167,224,171,2011,126684.0,38902470.0,-0.473703,-0.952491,OMN,TUR,72
20026025,167,224,171,2012,99557.0,53896909.0,-0.869576,-1.1086850000000001,OMN,TUR,72
20026026,167,224,171,1997,0.0,7221236.0,-0.335834,-0.945859,OMN,TUR,72
20026027,167,224,171,2004,0.0,7913892.0,-0.62946,-1.108933,OMN,TUR,72
20026028,167,224,171,2013,250151.0,78715799.0,-0.604175,-1.0463209999999998,OMN,TUR,72
20026029,167,224,171,2008,0.0,93810238.0,-0.635199,-1.027136,OMN,TUR,72
20026030,167,224,171,2015,36489.0,68295494.0,-0.4699,-1.00451,OMN,TUR,72
20026031,167,224,171,2018,3217.0,11589070.0,-0.548048,-0.9972989999999999,OMN,TUR,72
20026032,167,224,171,2002,0.0,9500166.0,-1.238769,-1.225841,OMN,TUR,72
20026033,167,224,171,2019,7878046.0,10683108.0,-0.40120100000000003,-0.881602,OMN,TUR,72
20026034,167,224,171,1995,0.0,4008783.0,-0.328853,-0.946069,OMN,TUR,72
20026035,167,224,171,1996,0.0,13192729.0,-0.10243499999999998,-0.8425879999999999,OMN,TUR,72
20026036,167,224,171,1998,0.0,7072342.0,-0.38848499999999997,-0.898559,OMN,TUR,72
20026037,167,224,171,1999,0.0,13033427.0,-0.6801510000000001,-1.146403,OMN,TUR,72
20026038,167,224,171,2000,0.0,10892635.0,-1.0104549999999999,-1.185999,OMN,TUR,72
20026039,167,224,171,2001,0.0,13165529.0,-0.909329,-1.189698,OMN,TUR,72
20026040,167,224,171,2007,0.0,36325237.0,-0.5185310000000001,-1.071832,OMN,TUR,72
20026041,167,224,171,2014,233044.0,78792827.0,-0.505129,-1.0051370000000002,OMN,TUR,72
20026042,167,224,171,2016,0.0,62522877.0,-0.334782,-0.9107190000000001,OMN,TUR,72
20026043,167,224,171,2017,14658.0,14449306.0,-0.347684,-0.884569,OMN,TUR,72
20026044,167,224,171,2020,203010.0,14877064.0,-0.251371,-0.8775299999999999,OMN,TUR,72
20026045,168,224,171,2015,0.0,2576749.0,-0.7059979999999999,0.73501,PAK,TUR,72
20026046,168,224,171,2017,1647.0,8697716.0,-0.698561,0.43523500000000004,PAK,TUR,72
20026047,168,224,171,2006,0.0,5938066.0,-0.449333,0.563013,PAK,TUR,72
20026048,168,224,171,2009,0.0,14227721.0,-0.514907,0.44733100000000003,PAK,TUR,72
20026049,168,224,171,2011,0.0,11388210.0,-0.729677,0.6026729999999999,PAK,TUR,72
20026050,168,224,171,2019,2304.0,44840483.0,-0.6909270000000001,0.8651120000000001,PAK,TUR,72
20026051,168,224,171,2020,16360.0,65538436.0,-0.52984,0.63654,PAK,TUR,72
20026052,168,224,171,2003,39083.0,2812942.0,-0.6659689999999999,0.137924,PAK,TUR,72
20026053,168,224,171,2004,302958.0,2383914.0,-0.754143,0.25995100000000004,PAK,TUR,72
20026054,168,224,171,2005,0.0,22156384.0,-0.592542,0.365501,PAK,TUR,72
20026055,168,224,171,2007,5612.0,3596987.0,-0.5594359999999999,0.47369300000000003,PAK,TUR,72
20026056,168,224,171,2008,1035.0,3734822.0,-0.401588,0.500668,PAK,TUR,72
20026057,168,224,171,2010,0.0,9432049.0,-0.692071,0.5409010000000001,PAK,TUR,72
20026058,168,224,171,2012,1782.0,7358217.0,-0.633706,0.658617,PAK,TUR,72
20026059,168,224,171,2013,9970.0,4032471.0,-0.75727,0.769703,PAK,TUR,72
20026060,168,224,171,2014,3989.0,6908642.0,-0.672924,0.566787,PAK,TUR,72
20026061,168,224,171,2016,0.0,3322831.0,-0.7502800000000001,0.545331,PAK,TUR,72
20026062,168,224,171,2018,64454.0,11850350.0,-0.64348,0.665045,PAK,TUR,72
20026063,168,224,171,1999,0.0,10939450.0,-1.047891,-0.525612,PAK,TUR,72
20026064,168,224,171,1996,0.0,746788.0,-0.7543300000000001,-0.393654,PAK,TUR,72
20026065,168,224,171,1995,0.0,359000.0,-0.707965,-0.324784,PAK,TUR,72
20026066,168,224,171,1997,0.0,3874768.0,-0.882432,-0.563344,PAK,TUR,72
20026067,168,224,171,1998,0.0,2160039.0,-0.9008149999999999,-0.448942,PAK,TUR,72
20026068,168,224,171,2000,0.0,185690.0,-0.851295,-0.370618,PAK,TUR,72
20026069,168,224,171,2001,0.0,430122.0,-0.8376520000000001,-0.378743,PAK,TUR,72
20026070,168,224,171,2002,1583.0,1174688.0,-0.877655,-0.322094,PAK,TUR,72
20026071,169,224,171,2010,0.0,40808491.0,0.617867,0.903432,PAN,TUR,72
20026072,169,224,171,2011,0.0,83532289.0,0.786135,1.061008,PAN,TUR,72
20026073,169,224,171,2013,0.0,91779092.0,0.735637,1.161718,PAN,TUR,72
20026074,169,224,171,2016,0.0,7745212.0,0.58773,0.654145,PAN,TUR,72
20026075,169,224,171,2004,0.0,4592076.0,-0.011979,0.261315,PAN,TUR,72
20026076,169,224,171,1995,0.0,1488748.0,-0.019815,0.050906,PAN,TUR,72
20026077,169,224,171,1996,243940.0,2981814.0,-0.100537,-0.374129,PAN,TUR,72
20026078,169,224,171,1997,0.0,6964891.0,-0.028676999999999998,0.00023999999999999998,PAN,TUR,72
20026079,169,224,171,1998,494046.0,4284756.0,0.010123,0.5677949999999999,PAN,TUR,72
20026080,169,224,171,1999,773810.0,7259015.0,0.126144,0.491986,PAN,TUR,72
20026081,169,224,171,2000,3700821.0,4766261.0,0.2095,0.525942,PAN,TUR,72
20026082,169,224,171,2001,0.0,3914561.0,0.17588199999999998,0.422505,PAN,TUR,72
20026083,169,224,171,2002,0.0,2030189.0,0.134759,0.234258,PAN,TUR,72
20026084,169,224,171,2007,0.0,615765.0,0.36233899999999997,0.807669,PAN,TUR,72
20026085,169,224,171,2008,0.0,47594234.0,0.470854,0.960075,PAN,TUR,72
20026086,169,224,171,2009,0.0,19848660.0,0.629137,0.5894010000000001,PAN,TUR,72
20026087,169,224,171,2012,0.0,104140284.0,0.901366,1.245179,PAN,TUR,72
20026088,169,224,171,2014,40206.0,23147233.0,0.771742,0.9873190000000001,PAN,TUR,72
20026089,169,224,171,2015,0.0,9714190.0,0.642058,0.833392,PAN,TUR,72
20026090,169,224,171,2018,0.0,92752893.0,0.104326,-0.11611800000000001,PAN,TUR,72
20026091,169,224,171,2019,0.0,78482406.0,0.00926,-0.308483,PAN,TUR,72
20026092,169,224,171,2020,0.0,27531503.0,0.590821,0.786784,PAN,TUR,72
20026093,169,224,171,2017,0.0,68609114.0,0.5520109999999999,0.788181,PAN,TUR,72
20026094,173,224,171,1998,0.0,1954882.0,-0.35875300000000004,0.042606,PER,TUR,72
20026095,173,224,171,2000,0.0,934561.0,-0.297619,0.194724,PER,TUR,72
20026096,173,224,171,2008,0.0,90801633.0,-0.518126,0.17193599999999998,PER,TUR,72
20026097,173,224,171,2009,0.0,45532975.0,-0.53304,0.221183,PER,TUR,72
20026098,173,224,171,2010,0.0,127170723.0,-0.650327,0.162321,PER,TUR,72
20026099,173,224,171,2018,0.0,58968300.0,-0.6673060000000001,-0.183315,PER,TUR,72
20026100,173,224,171,2019,0.0,51004237.0,-0.76944,-0.216619,PER,TUR,72
20026101,173,224,171,2020,0.0,115392016.0,-0.717014,-0.152142,PER,TUR,72
20026102,173,224,171,2005,0.0,20624.0,-0.518174,0.171262,PER,TUR,72
20026103,173,224,171,2006,0.0,114231.0,-0.551095,0.044295,PER,TUR,72
20026104,173,224,171,2007,0.0,45986.0,-0.49716099999999996,0.02556,PER,TUR,72
20026105,173,224,171,2011,0.0,232357672.0,-0.455977,0.442543,PER,TUR,72
20026106,173,224,171,2012,0.0,198850210.0,-0.444821,0.555188,PER,TUR,72
20026107,173,224,171,2013,0.0,211198192.0,-0.573852,0.357977,PER,TUR,72
20026108,173,224,171,2014,0.0,211090242.0,-0.557833,0.611826,PER,TUR,72
20026109,173,224,171,2015,0.0,129993308.0,-0.6007819999999999,0.32152800000000004,PER,TUR,72
20026110,173,224,171,2016,0.0,23124789.0,-0.717529,0.007845999999999999,PER,TUR,72
20026111,173,224,171,2017,0.0,30196890.0,-0.667658,-0.318344,PER,TUR,72
20026112,173,224,171,1995,0.0,12208661.0,-0.263859,-0.21032800000000001,PER,TUR,72
20026113,173,224,171,1996,0.0,705695.0,-0.43761000000000005,-0.28077399999999997,PER,TUR,72
20026114,173,224,171,1999,0.0,389456.0,-0.367489,0.11813399999999999,PER,TUR,72
20026115,173,224,171,2001,0.0,2608400.0,-0.345519,0.202623,PER,TUR,72
20026116,173,224,171,2002,0.0,6696816.0,-0.6126199999999999,0.085944,PER,TUR,72
20026117,173,224,171,2003,0.0,3322502.0,-0.48627,0.371354,PER,TUR,72
20026118,173,224,171,1997,0.0,2228272.0,-0.5023880000000001,-0.262563,PER,TUR,72
20026119,174,224,171,2003,0.0,3554332.0,-0.065022,-0.195144,PHL,TUR,72
20026120,174,224,171,2004,0.0,66889.0,-0.076709,-0.149006,PHL,TUR,72
20026121,174,224,171,2005,0.0,91012.0,-0.038225999999999996,-0.057957,PHL,TUR,72
20026122,174,224,171,1999,0.0,1839585.0,-0.401903,-0.333408,PHL,TUR,72
20026123,174,224,171,2000,0.0,46414.0,-0.279447,-0.329073,PHL,TUR,72
20026124,174,224,171,2001,0.0,109934.0,-0.028201,-0.112349,PHL,TUR,72
20026125,174,224,171,2002,0.0,220152.0,0.055439999999999996,-0.179809,PHL,TUR,72
20026126,174,224,171,2006,26260828.0,40878.0,0.161994,0.036631,PHL,TUR,72
20026127,174,224,171,2010,6738729.0,447713.0,0.40418899999999996,0.102497,PHL,TUR,72
20026128,174,224,171,1998,0.0,5996.0,-0.262725,-0.075781,PHL,TUR,72
20026129,174,224,171,2007,14396481.0,187411.0,0.032117,-0.16600499999999999,PHL,TUR,72
20026130,174,224,171,2008,14717655.0,34893232.0,0.276488,-0.02957,PHL,TUR,72
20026131,174,224,171,2009,3396687.0,14113142.0,0.34318000000000004,0.095375,PHL,TUR,72
20026132,174,224,171,2011,493086.0,368323.0,0.364707,0.322626,PHL,TUR,72
20026133,174,224,171,2012,0.0,701357.0,0.388785,0.465275,PHL,TUR,72
20026134,174,224,171,2013,0.0,635040.0,0.507868,0.355403,PHL,TUR,72
20026135,174,224,171,2014,0.0,372650.0,0.637442,0.475883,PHL,TUR,72
20026136,174,224,171,2015,0.0,160855.0,0.6406270000000001,0.45770200000000005,PHL,TUR,72
20026137,174,224,171,2016,5843.0,258962.0,0.619343,0.303981,PHL,TUR,72
20026138,174,224,171,2017,5458.0,2137122.0,0.657759,0.170061,PHL,TUR,72
20026139,174,224,171,2018,0.0,57837264.0,0.781409,0.22126700000000002,PHL,TUR,72
20026140,174,224,171,2019,2032.0,8476992.0,0.762884,0.3318,PHL,TUR,72
20026141,174,224,171,1997,0.0,14121670.0,-0.24310900000000002,0.085784,PHL,TUR,72
20026142,174,224,171,2020,3202.0,580818.0,0.755786,0.24693,PHL,TUR,72
20026143,174,224,171,1996,0.0,32832467.0,-0.276548,0.344986,PHL,TUR,72
20026144,174,224,171,1995,0.0,20276969.0,-0.480548,0.076564,PHL,TUR,72
20026145,176,224,171,2019,0.0,161583.0,-1.654143,-1.249707,PNG,TUR,72
20026146,176,224,171,2017,0.0,507700.0,-1.788834,-1.267126,PNG,TUR,72
20026147,176,224,171,2011,0.0,4248.0,-1.1111659999999999,-0.9458610000000001,PNG,TUR,72
20026148,176,224,171,2012,0.0,498745.0,-1.009277,-1.039759,PNG,TUR,72
20026149,176,224,171,2018,0.0,238371.0,-1.7580360000000002,-1.239492,PNG,TUR,72
20026150,176,224,171,2020,0.0,292936.0,-1.526134,-1.191965,PNG,TUR,72
20026151,176,224,171,2013,0.0,103376.0,-1.444244,-1.144231,PNG,TUR,72
20026152,177,224,171,2004,59546456.0,4454897.0,1.019341,1.519452,POL,TUR,72
20026153,177,224,171,2005,57090492.0,3566411.0,0.9564299999999999,1.559385,POL,TUR,72
20026154,177,224,171,2006,55249013.0,15747982.0,0.991927,1.474418,POL,TUR,72
20026155,177,224,171,2007,49204853.0,58468989.0,1.0412139999999999,1.309641,POL,TUR,72
20026156,177,224,171,2011,51199550.0,16882054.0,1.133641,1.134203,POL,TUR,72
20026157,177,224,171,2012,96843375.0,6226192.0,1.0626870000000002,1.267268,POL,TUR,72
20026158,177,224,171,2017,89959466.0,57373443.0,1.197417,1.092716,POL,TUR,72
20026159,177,224,171,2018,74066355.0,62583288.0,1.132475,1.258945,POL,TUR,72
20026160,177,224,171,2020,113432777.0,59958842.0,1.0227979999999999,1.4079139999999999,POL,TUR,72
20026161,177,224,171,2000,275536.0,1477691.0,0.862983,1.8683400000000001,POL,TUR,72
20026162,177,224,171,2014,24799694.0,50529776.0,1.133102,1.177165,POL,TUR,72
20026163,177,224,171,2015,18955436.0,49903390.0,1.145844,1.1449280000000002,POL,TUR,72
20026164,177,224,171,2016,8593167.0,32144087.0,1.146113,1.239532,POL,TUR,72
20026165,177,224,171,2019,89991281.0,73672536.0,1.088347,1.275875,POL,TUR,72
20026166,177,224,171,2008,37071585.0,26083988.0,1.037287,1.244457,POL,TUR,72
20026167,177,224,171,2010,85784510.0,8455968.0,1.083552,1.1433719999999998,POL,TUR,72
20026168,177,224,171,2009,63848363.0,11491511.0,1.11055,1.069074,POL,TUR,72
20026169,177,224,171,2013,42650952.0,16817876.0,1.084332,1.216749,POL,TUR,72
20026170,177,224,171,1995,1870616.0,0.0,0.76393,1.802648,POL,TUR,72
20026171,177,224,171,1998,5417244.0,54768.0,0.8638309999999999,1.8881299999999999,POL,TUR,72
20026172,177,224,171,1999,2368938.0,7579852.0,0.8512700000000001,1.8975229999999998,POL,TUR,72
20026173,177,224,171,2002,8391235.0,2859404.0,0.931642,1.721727,POL,TUR,72
20026174,177,224,171,2003,24015730.0,3333103.0,0.966622,1.664838,POL,TUR,72
20026175,177,224,171,1997,8787728.0,19774.0,0.805559,1.9598520000000001,POL,TUR,72
20026176,177,224,171,2001,793910.0,2767000.0,0.9474540000000001,1.8408220000000002,POL,TUR,72
20026177,177,224,171,1996,11647277.0,251898.0,0.795489,1.9004729999999999,POL,TUR,72
20026178,178,224,171,2007,120068.0,92545.0,0.799712,0.8789370000000001,PRK,TUR,72
20026179,178,224,171,2010,2474568.0,0.0,0.348511,0.466229,PRK,TUR,72
20026180,178,224,171,2011,584984.0,0.0,-0.024317,-0.154781,PRK,TUR,72
20026181,178,224,171,2012,933561.0,0.0,-0.120826,0.131138,PRK,TUR,72
20026182,178,224,171,2014,326785.0,0.0,-0.23883000000000001,-0.009727,PRK,TUR,72
20026183,178,224,171,2015,110542.0,0.0,-0.404818,-0.075235,PRK,TUR,72
20026184,178,224,171,2009,0.0,1753447.0,0.608089,0.709831,PRK,TUR,72
20026185,178,224,171,2013,2031228.0,0.0,-0.414538,-0.22449299999999997,PRK,TUR,72
20026186,178,224,171,1999,106557.0,0.0,0.536814,0.980433,PRK,TUR,72
20026187,178,224,171,2001,103870.0,0.0,0.62773,1.010888,PRK,TUR,72
20026188,178,224,171,2005,17419.0,0.0,0.712403,0.8739520000000001,PRK,TUR,72
20026189,178,224,171,2006,2371.0,0.0,0.548754,0.763313,PRK,TUR,72
20026190,178,224,171,2002,259333.0,0.0,0.43756999999999996,0.744264,PRK,TUR,72
20026191,178,224,171,2003,85892.0,0.0,0.7060420000000001,0.7718,PRK,TUR,72
20026192,178,224,171,1998,268206.0,0.0,0.7417239999999999,0.899826,PRK,TUR,72
20026193,178,224,171,1995,4410.0,3644030.0,0.46509799999999996,0.645496,PRK,TUR,72
20026194,179,224,171,2019,1999392.0,196337844.0,0.545467,2.344447,PRT,TUR,72
20026195,179,224,171,2020,515773.0,123888055.0,0.656999,2.1136470000000003,PRT,TUR,72
20026196,179,224,171,2018,2814320.0,206312698.0,0.652628,2.211758,PRT,TUR,72
20026197,179,224,171,1996,6138059.0,4572848.0,0.39343,1.170144,PRT,TUR,72
20026198,179,224,171,1995,69042.0,6078586.0,0.412677,1.254009,PRT,TUR,72
20026199,179,224,171,1998,2001082.0,14883562.0,0.39771999999999996,1.303603,PRT,TUR,72
20026200,179,224,171,2000,3375480.0,26287225.0,0.547816,1.70635,PRT,TUR,72
20026201,179,224,171,2002,2764586.0,42864031.0,0.484407,1.6500080000000001,PRT,TUR,72
20026202,179,224,171,2003,1204973.0,66918582.0,0.471376,1.647303,PRT,TUR,72
20026203,179,224,171,2008,1523455.0,85316659.0,0.64135,2.1946939999999997,PRT,TUR,72
20026204,179,224,171,2009,3992897.0,29271498.0,0.559189,2.4359919999999997,PRT,TUR,72
20026205,179,224,171,2010,1178027.0,28187516.0,0.551149,2.437209,PRT,TUR,72
20026206,179,224,171,2011,1007745.0,26552824.0,0.558481,2.7056240000000003,PRT,TUR,72
20026207,179,224,171,2012,523538.0,28043632.0,0.648544,2.405491,PRT,TUR,72
20026208,179,224,171,2013,3582006.0,130686131.0,0.541454,2.5228610000000002,PRT,TUR,72
20026209,179,224,171,2014,4226279.0,50284916.0,0.621053,2.349644,PRT,TUR,72
20026210,179,224,171,2015,2771728.0,50664002.0,0.561922,2.2276380000000002,PRT,TUR,72
20026211,179,224,171,2016,5962259.0,65876428.0,0.519621,2.254972,PRT,TUR,72
20026212,179,224,171,2017,5216203.0,97657558.0,0.527046,2.264624,PRT,TUR,72
20026213,179,224,171,1997,527006.0,9212857.0,0.379367,1.296551,PRT,TUR,72
20026214,179,224,171,1999,4191734.0,31011755.0,0.420538,1.379359,PRT,TUR,72
20026215,179,224,171,2006,2162519.0,183554020.0,0.5723630000000001,1.92303,PRT,TUR,72
20026216,179,224,171,2001,1867029.0,53049993.0,0.482048,1.662123,PRT,TUR,72
20026217,179,224,171,2005,1466290.0,87354321.0,0.5119819999999999,1.901636,PRT,TUR,72
20026218,179,224,171,2004,1111783.0,86547265.0,0.524524,1.901139,PRT,TUR,72
20026219,179,224,171,2007,1663862.0,176819429.0,0.621302,1.971656,PRT,TUR,72
20026220,180,224,171,2008,0.0,19627.0,-0.556298,-0.9503780000000001,PRY,TUR,72
20026221,180,224,171,2009,0.0,2609386.0,-0.564858,-0.941735,PRY,TUR,72
20026222,180,224,171,2010,0.0,13563400.0,-0.553805,-0.8699450000000001,PRY,TUR,72
20026223,180,224,171,2012,0.0,4793164.0,-0.497895,-0.9197299999999999,PRY,TUR,72
20026224,180,224,171,2013,0.0,7708683.0,-0.566239,-0.9273459999999999,PRY,TUR,72
20026225,180,224,171,2014,0.0,14055253.0,-0.608509,-0.930679,PRY,TUR,72
20026226,180,224,171,2015,0.0,4246929.0,-0.471106,-0.9431139999999999,PRY,TUR,72
20026227,180,224,171,2016,0.0,3086776.0,-0.660702,-1.0329979999999999,PRY,TUR,72
20026228,180,224,171,2017,0.0,7809913.0,-0.437741,-0.9248879999999999,PRY,TUR,72
20026229,180,224,171,2018,0.0,10015815.0,-0.614751,-0.952478,PRY,TUR,72
20026230,180,224,171,2019,0.0,20761146.0,-0.500999,-0.8635219999999999,PRY,TUR,72
20026231,180,224,171,2020,0.0,24582311.0,-0.45920600000000006,-0.930341,PRY,TUR,72
20026232,180,224,171,2007,0.0,2174.0,-0.500617,-0.814385,PRY,TUR,72
20026233,180,224,171,2011,0.0,9977353.0,-0.548759,-0.877743,PRY,TUR,72
20026234,181,224,171,2017,0.0,36355279.0,0.11852,0.609241,PSE,TUR,72
20026235,181,224,171,2013,0.0,22691415.0,0.072979,0.7099260000000001,PSE,TUR,72
20026236,181,224,171,2016,0.0,30360234.0,-0.067187,0.535972,PSE,TUR,72
20026237,181,224,171,2014,0.0,22980782.0,0.030643,0.601905,PSE,TUR,72
20026238,181,224,171,2015,0.0,19277813.0,0.060575,0.5649489999999999,PSE,TUR,72
20026239,181,224,171,2007,10306.0,4872543.0,0.16788499999999998,0.689805,PSE,TUR,72
20026240,181,224,171,2020,0.0,30107917.0,0.162235,0.828319,PSE,TUR,72
20026241,181,224,171,2005,0.0,5566.0,0.12721400000000002,-0.38598699999999997,PSE,TUR,72
20026242,181,224,171,2008,0.0,1744175.0,0.19076300000000002,1.019001,PSE,TUR,72
20026243,181,224,171,2019,0.0,27406716.0,0.05640800000000001,0.708102,PSE,TUR,72
20026244,181,224,171,2011,0.0,16204647.0,0.07902999999999999,0.550277,PSE,TUR,72
20026245,181,224,171,2010,0.0,12018369.0,0.12470099999999999,0.576382,PSE,TUR,72
20026246,181,224,171,2012,0.0,5504189.0,0.219288,0.620059,PSE,TUR,72
20026247,181,224,171,2018,0.0,33764065.0,0.096402,0.735946,PSE,TUR,72
20026248,181,224,171,2009,0.0,9407855.0,0.119192,0.6390680000000001,PSE,TUR,72
20026249,181,224,171,2006,58155.0,0.0,-0.03464,-0.487188,PSE,TUR,72
20026250,181,224,171,2003,0.0,1202.0,0.657296,0.220183,PSE,TUR,72
20026251,181,224,171,2001,0.0,1746103.0,0.60735,-0.027356000000000002,PSE,TUR,72
20026252,181,224,171,2002,0.0,962612.0,0.394636,-0.286194,PSE,TUR,72
20026253,182,224,171,2011,0.0,32352.0,0.37798000000000004,-0.460049,PYF,TUR,72
20026254,182,224,171,2020,0.0,1020917.0,0.640838,-0.11156300000000001,PYF,TUR,72
20026255,182,224,171,2019,0.0,2138703.0,0.30119,-0.39213000000000003,PYF,TUR,72
20026256,182,224,171,2017,0.0,839480.0,-0.1278,-0.748387,PYF,TUR,72
20026257,182,224,171,2012,0.0,22109.0,-0.131116,-0.6672819999999999,PYF,TUR,72
20026258,182,224,171,2013,0.0,39480.0,-0.146044,-0.7055359999999999,PYF,TUR,72
20026259,182,224,171,2018,0.0,1623301.0,0.21430300000000002,-0.484076,PYF,TUR,72
20026260,182,224,171,2016,0.0,684965.0,0.11597400000000001,-0.657672,PYF,TUR,72
20026261,182,224,171,2009,0.0,9942.0,-0.440014,-0.835513,PYF,TUR,72
20026262,182,224,171,2010,0.0,8513.0,-0.47692700000000005,-0.8429760000000001,PYF,TUR,72
20026263,182,224,171,2014,0.0,118134.0,0.008831,-0.6268279999999999,PYF,TUR,72
20026264,182,224,171,2015,0.0,352341.0,-0.301696,-0.795154,PYF,TUR,72
20026265,183,224,171,2007,0.0,313274829.0,0.20181500000000002,-0.9898110000000001,QAT,TUR,72
20026266,183,224,171,2010,1148.0,8296723.0,-0.346143,-1.078192,QAT,TUR,72
20026267,183,224,171,2008,19256.0,602591486.0,-0.36390900000000004,-1.0045549999999999,QAT,TUR,72
20026268,183,224,171,2006,12935.0,243240711.0,0.055777999999999994,-1.0379049999999999,QAT,TUR,72
20026269,183,224,171,2011,11018939.0,12177736.0,-0.45851899999999995,-1.017033,QAT,TUR,72
20026270,183,224,171,2013,0.0,5192870.0,-0.083649,-1.013491,QAT,TUR,72
20026271,183,224,171,2015,0.0,4087032.0,-0.077053,-0.9922719999999999,QAT,TUR,72
20026272,183,224,171,2000,0.0,588673.0,-0.591806,-1.152123,QAT,TUR,72
20026273,183,224,171,2005,13086.0,26413276.0,0.2381,-1.0287979999999999,QAT,TUR,72
20026274,183,224,171,2014,29616.0,3319119.0,-0.37535599999999997,-1.0196370000000001,QAT,TUR,72
20026275,183,224,171,2017,0.0,8509713.0,-0.361327,-1.066869,QAT,TUR,72
20026276,183,224,171,2020,32400.0,30339717.0,-0.028836,-1.0183950000000002,QAT,TUR,72
20026277,183,224,171,2001,0.0,835347.0,-0.46564799999999995,-1.127634,QAT,TUR,72
20026278,183,224,171,2002,0.0,908338.0,-0.306052,-1.098296,QAT,TUR,72
20026279,183,224,171,2003,0.0,1187499.0,-0.209042,-1.0565799999999999,QAT,TUR,72
20026280,183,224,171,2009,5351.0,9150573.0,-0.484947,-1.07179,QAT,TUR,72
20026281,183,224,171,2019,48871.0,32979498.0,-0.064127,-1.065046,QAT,TUR,72
20026282,183,224,171,2016,0.0,2922490.0,-0.36124,-1.106629,QAT,TUR,72
20026283,183,224,171,2018,4802264.0,26692387.0,-0.068401,-1.014732,QAT,TUR,72
20026284,183,224,171,2004,0.0,1145420.0,0.21713400000000002,-1.031806,QAT,TUR,72
20026285,183,224,171,2012,0.0,38783874.0,-0.558014,-1.012392,QAT,TUR,72
20026286,183,224,171,1996,0.0,459659.0,-0.48203500000000005,-1.117173,QAT,TUR,72
20026287,183,224,171,1995,0.0,1700.0,-0.721352,-1.0827799999999999,QAT,TUR,72
20026288,185,224,171,2001,149612794.0,21502053.0,0.326733,1.005332,ROU,TUR,72
20026289,185,224,171,2005,968348522.0,116518858.0,0.371288,1.095875,ROU,TUR,72
20026290,185,224,171,2006,989114007.0,193114307.0,0.550825,1.170744,ROU,TUR,72
20026291,185,224,171,2007,1336866043.0,477910961.0,0.69445,1.223747,ROU,TUR,72
20026292,185,224,171,2008,1503467955.0,698665936.0,0.784924,1.235527,ROU,TUR,72
20026293,185,224,171,2009,909732877.0,198825683.0,0.833802,1.024418,ROU,TUR,72
20026294,185,224,171,2011,1559885122.0,268032325.0,0.722,1.296655,ROU,TUR,72
20026295,185,224,171,1996,16762799.0,4287506.0,0.612035,0.880964,ROU,TUR,72
20026296,185,224,171,2016,350480400.0,222160642.0,1.061259,0.9878870000000001,ROU,TUR,72
20026297,185,224,171,2018,378752932.0,460708102.0,1.050715,1.04471,ROU,TUR,72
20026298,185,224,171,2019,448448203.0,374157555.0,1.044289,1.013691,ROU,TUR,72
20026299,185,224,171,2020,470778828.0,255876649.0,1.13426,0.9767809999999999,ROU,TUR,72
20026300,185,224,171,1995,27325933.0,2080912.0,0.621468,1.038729,ROU,TUR,72
20026301,185,224,171,1998,61359981.0,5166317.0,0.315392,0.961176,ROU,TUR,72
20026302,185,224,171,2017,421857300.0,322072671.0,1.05479,0.9842219999999999,ROU,TUR,72
20026303,185,224,171,2003,412262674.0,33516528.0,0.378379,1.0064620000000002,ROU,TUR,72
20026304,185,224,171,2004,709008481.0,60359630.0,0.37241599999999997,1.015865,ROU,TUR,72
20026305,185,224,171,2010,1469014095.0,208318936.0,0.6483760000000001,1.200256,ROU,TUR,72
20026306,185,224,171,2012,1130948199.0,239268473.0,0.745926,1.2884719999999998,ROU,TUR,72
20026307,185,224,171,2013,1041335379.0,230406458.0,0.792035,1.225034,ROU,TUR,72
20026308,185,224,171,2015,424939647.0,180440697.0,0.946363,1.056775,ROU,TUR,72
20026309,185,224,171,2002,253093585.0,16487401.0,0.29888200000000004,0.980376,ROU,TUR,72
20026310,185,224,171,2014,683178112.0,253338505.0,0.9112,1.188161,ROU,TUR,72
20026311,185,224,171,1997,25297827.0,4953132.0,0.44381000000000004,1.084109,ROU,TUR,72
20026312,185,224,171,1999,123333657.0,6587445.0,0.253874,0.8322709999999999,ROU,TUR,72
20026313,185,224,171,2000,234826211.0,11821116.0,0.39034,0.84193,ROU,TUR,72
20026314,186,224,171,2016,2313431054.0,15825445.0,0.252891,0.200423,RUS,TUR,72
20026315,186,224,171,2004,1743248118.0,11394768.0,0.8952399999999999,0.172896,RUS,TUR,72
20026316,186,224,171,2005,2030053402.0,32873024.0,0.901675,0.061595000000000004,RUS,TUR,72
20026317,186,224,171,2017,3296331980.0,32904085.0,0.32885,0.288392,RUS,TUR,72
20026318,186,224,171,1996,333841053.0,3453316.0,0.900185,0.47723000000000004,RUS,TUR,72
20026319,186,224,171,1997,480272297.0,1840438.0,0.87377,0.423861,RUS,TUR,72
20026320,186,224,171,1998,454960725.0,4255566.0,0.93909,0.59719,RUS,TUR,72
20026321,186,224,171,1999,464739876.0,1707476.0,0.903308,0.590858,RUS,TUR,72
20026322,186,224,171,2000,589738370.0,3500888.0,0.976274,0.42859200000000003,RUS,TUR,72
20026323,186,224,171,2001,376608307.0,1221891.0,0.945816,0.35027600000000003,RUS,TUR,72
20026324,186,224,171,2002,482430105.0,1555573.0,1.109397,0.424229,RUS,TUR,72
20026325,186,224,171,2003,771635853.0,3460064.0,1.072729,0.338355,RUS,TUR,72
20026326,186,224,171,2008,3944558022.0,37660194.0,0.559059,-0.00886,RUS,TUR,72
20026327,186,224,171,2009,1547885605.0,21002387.0,0.392478,-0.20038399999999998,RUS,TUR,72
20026328,186,224,171,2012,2248904079.0,192950873.0,0.20625500000000002,-0.196697,RUS,TUR,72
20026329,186,224,171,2013,2673008246.0,137920188.0,0.481166,-0.180052,RUS,TUR,72
20026330,186,224,171,2015,2391730116.0,32741677.0,0.23119,0.035965,RUS,TUR,72
20026331,186,224,171,2018,3345809823.0,35851803.0,0.21398000000000003,0.100414,RUS,TUR,72
20026332,186,224,171,2020,2267480744.0,26505661.0,0.373882,0.42102700000000004,RUS,TUR,72
20026333,186,224,171,2010,1796621809.0,32061776.0,0.583996,-0.223881,RUS,TUR,72
20026334,186,224,171,2011,2499635539.0,66081362.0,0.47319399999999995,-0.20801599999999998,RUS,TUR,72
20026335,186,224,171,2006,2636711116.0,60129405.0,0.801197,0.104683,RUS,TUR,72
20026336,186,224,171,2007,3028576073.0,171988368.0,0.5576399999999999,-0.05382000000000001,RUS,TUR,72
20026337,186,224,171,2014,2322286564.0,118889526.0,0.229422,-0.214856,RUS,TUR,72
20026338,186,224,171,2019,2145275864.0,28409542.0,0.329884,0.26215,RUS,TUR,72
20026339,186,224,171,1995,340584632.0,1909425.0,0.364437,0.171494,RUS,TUR,72
20026340,187,224,171,2017,0.0,1004195.0,-0.7610319999999999,-0.680251,RWA,TUR,72
20026341,187,224,171,2018,0.0,217851.0,-0.618925,-0.788172,RWA,TUR,72
20026342,187,224,171,2019,0.0,1099592.0,-0.812602,-0.737603,RWA,TUR,72
20026343,187,224,171,2009,0.0,437243.0,-0.31001599999999996,-0.5382170000000001,RWA,TUR,72
20026344,187,224,171,2003,0.0,104639.0,-0.99513,-0.852476,RWA,TUR,72
20026345,187,224,171,2006,0.0,2950.0,-0.032827999999999996,-0.42937600000000004,RWA,TUR,72
20026346,187,224,171,2004,0.0,6471.0,-1.3952870000000002,-0.950857,RWA,TUR,72
20026347,187,224,171,2010,0.0,281564.0,-0.6033350000000001,-0.524881,RWA,TUR,72
20026348,187,224,171,1999,0.0,116415.0,-0.747449,-0.832043,RWA,TUR,72
20026349,187,224,171,2016,0.0,1295757.0,-0.5802149999999999,-0.568327,RWA,TUR,72
20026350,187,224,171,2020,0.0,95972.0,-0.923618,-0.975133,RWA,TUR,72
20026351,187,224,171,1998,0.0,199897.0,-0.38756399999999996,-0.7770130000000001,RWA,TUR,72
20026352,187,224,171,2001,0.0,99393.0,-1.260879,-0.861347,RWA,TUR,72
20026353,187,224,171,2011,0.0,579863.0,-0.684475,-0.690734,RWA,TUR,72
20026354,187,224,171,2012,0.0,2461289.0,-0.672906,-0.72154,RWA,TUR,72
20026355,187,224,171,2013,0.0,1106929.0,-0.490519,-0.48427700000000007,RWA,TUR,72
20026356,187,224,171,2014,0.0,1527650.0,-0.5692659999999999,-0.447859,RWA,TUR,72
20026357,187,224,171,2015,0.0,1570345.0,-0.755738,-0.4423,RWA,TUR,72
20026358,187,224,171,2000,171119.0,0.0,-0.346668,-0.7081270000000001,RWA,TUR,72
20026359,188,224,171,2006,286589.0,168291668.0,0.162432,-0.853059,SAU,TUR,72
20026360,188,224,171,2011,2141573.0,754751855.0,0.354045,-0.800028,SAU,TUR,72
20026361,188,224,171,2017,6275635.0,81705178.0,0.597716,-0.345049,SAU,TUR,72
20026362,188,224,171,2018,43290738.0,44351475.0,0.5801810000000001,-0.447514,SAU,TUR,72
20026363,188,224,171,2019,421705.0,184284452.0,0.787798,-0.41350600000000004,SAU,TUR,72
20026364,188,224,171,2020,25133.0,66681694.0,0.662925,-0.21661999999999998,SAU,TUR,72
20026365,188,224,171,2007,535451.0,219832332.0,0.367463,-0.8603709999999999,SAU,TUR,72
20026366,188,224,171,2005,73020.0,210086727.0,0.678873,-0.759985,SAU,TUR,72
20026367,188,224,171,2013,407711.0,789956882.0,0.626347,-0.844406,SAU,TUR,72
20026368,188,224,171,2016,444295.0,101324817.0,0.394807,-0.638644,SAU,TUR,72
20026369,188,224,171,2012,1710099.0,1391703490.0,0.42235200000000006,-0.818584,SAU,TUR,72
20026370,188,224,171,2014,180948.0,206968621.0,0.5758439999999999,-0.832692,SAU,TUR,72
20026371,188,224,171,2015,327430.0,144379223.0,0.5552520000000001,-0.7263229999999999,SAU,TUR,72
20026372,188,224,171,2009,169059.0,449742489.0,0.300581,-0.813199,SAU,TUR,72
20026373,188,224,171,2010,3740122.0,905170150.0,0.46696400000000005,-0.7487520000000001,SAU,TUR,72
20026374,188,224,171,2008,6826745.0,794096876.0,-0.09849400000000001,-0.8998309999999999,SAU,TUR,72
20026375,188,224,171,1996,194838.0,72633521.0,0.215265,-0.8577309999999999,SAU,TUR,72
20026376,188,224,171,1998,1868.0,83001925.0,0.521849,-0.7550899999999999,SAU,TUR,72
20026377,188,224,171,2004,329336.0,148248480.0,0.546196,-0.7014729999999999,SAU,TUR,72
20026378,188,224,171,2003,41731.0,96848903.0,0.202286,-0.714691,SAU,TUR,72
20026379,188,224,171,1995,0.0,116864453.0,0.401573,-0.6676529999999999,SAU,TUR,72
20026380,188,224,171,1999,0.0,17147885.0,0.553028,-0.527401,SAU,TUR,72
20026381,188,224,171,2000,3506299.0,5390843.0,0.588175,-0.74197,SAU,TUR,72
20026382,188,224,171,2002,0.0,68015430.0,0.082107,-0.843317,SAU,TUR,72
20026383,188,224,171,2001,39585.0,61242699.0,0.5370550000000001,-0.793469,SAU,TUR,72
20026384,188,224,171,1997,0.0,66394386.0,0.015040000000000001,-0.954475,SAU,TUR,72
20026385,189,224,171,2004,50070511.0,3774016.0,0.628071,2.210424,SCG,TUR,72
20026386,189,224,171,1998,0.0,625523.0,0.603733,1.535453,SCG,TUR,72
20026387,189,224,171,2001,825155.0,1089567.0,0.45280200000000004,2.469852,SCG,TUR,72
20026388,189,224,171,1996,0.0,180756.0,0.786293,2.20126,SCG,TUR,72
20026389,189,224,171,2000,779695.0,679876.0,0.609133,2.278384,SCG,TUR,72
20026390,189,224,171,2002,4538971.0,1108765.0,0.55781,2.135925,SCG,TUR,72
20026391,189,224,171,2003,19681091.0,3003025.0,0.575326,1.627894,SCG,TUR,72
20026392,189,224,171,2005,67201053.0,7511708.0,0.560725,1.62105,SCG,TUR,72
20026393,189,224,171,1997,468854.0,520828.0,0.659904,1.702849,SCG,TUR,72
20026394,189,224,171,1999,0.0,775733.0,0.607596,2.222456,SCG,TUR,72
20026395,190,224,171,2008,0.0,25067290.0,-2.095439,-1.263511,SDN,TUR,72
20026396,190,224,171,2009,0.0,42019374.0,-2.2948020000000002,-1.3182040000000002,SDN,TUR,72
20026397,190,224,171,2010,0.0,27040795.0,-1.9094669999999998,-1.271065,SDN,TUR,72
20026398,190,224,171,2011,0.0,43425460.0,-2.1675869999999997,-1.249272,SDN,TUR,72
20026399,190,224,171,2012,0.0,73853124.0,-1.316171,-1.1347610000000001,SDN,TUR,72
20026400,190,224,171,2013,0.0,7396579.0,-1.254944,-1.073564,SDN,TUR,72
20026401,190,224,171,2016,0.0,3696490.0,-1.216141,-1.191648,SDN,TUR,72
20026402,190,224,171,2017,0.0,6785525.0,-1.567691,-1.257164,SDN,TUR,72
20026403,190,224,171,2015,20890.0,3950161.0,-1.420356,-1.218424,SDN,TUR,72
20026404,190,224,171,2018,0.0,4766298.0,-1.278532,-1.176008,SDN,TUR,72
20026405,190,224,171,1997,0.0,10285013.0,-1.300352,-1.199816,SDN,TUR,72
20026406,190,224,171,2007,0.0,14945506.0,-1.978359,-1.316172,SDN,TUR,72
20026407,190,224,171,2014,0.0,5906282.0,-1.442381,-1.1155030000000001,SDN,TUR,72
20026408,190,224,171,1998,0.0,9713391.0,-1.034858,-1.089854,SDN,TUR,72
20026409,190,224,171,1999,0.0,7292832.0,-1.321619,-1.162911,SDN,TUR,72
20026410,190,224,171,1996,0.0,10596712.0,-1.4146459999999998,-1.181707,SDN,TUR,72
20026411,190,224,171,2000,0.0,6305733.0,-1.5105899999999999,-1.2287549999999998,SDN,TUR,72
20026412,190,224,171,2002,0.0,7739225.0,-1.499925,-1.228374,SDN,TUR,72
20026413,190,224,171,2003,0.0,21758706.0,-1.3535059999999999,-1.1701409999999999,SDN,TUR,72
20026414,190,224,171,2005,0.0,66667882.0,-1.5685850000000001,-1.243433,SDN,TUR,72
20026415,190,224,171,2004,221925.0,26026956.0,-1.5346309999999999,-1.2599559999999999,SDN,TUR,72
20026416,190,224,171,2019,0.0,5965287.0,-1.25579,-1.208796,SDN,TUR,72
20026417,190,224,171,1995,0.0,8890712.0,-0.776567,-0.963823,SDN,TUR,72
20026418,190,224,171,2001,0.0,18172435.0,-1.6325180000000001,-1.263267,SDN,TUR,72
20026419,190,224,171,2006,0.0,49257059.0,-1.873762,-1.278378,SDN,TUR,72
20026420,190,224,171,2020,0.0,13188347.0,-1.380126,-1.280657,SDN,TUR,72
20026421,191,224,171,1997,0.0,10195.0,-0.606205,-0.727753,SEN,TUR,72
20026422,191,224,171,2014,0.0,24250764.0,-0.502607,-0.08866,SEN,TUR,72
20026423,191,224,171,2016,0.0,39631178.0,-0.7061270000000001,-0.46532399999999996,SEN,TUR,72
20026424,191,224,171,2008,515675.0,34967295.0,-0.478024,-0.313199,SEN,TUR,72
20026425,191,224,171,2013,35706.0,35850681.0,-0.523662,-0.309101,SEN,TUR,72
20026426,191,224,171,2011,0.0,78877476.0,-0.624346,-0.308052,SEN,TUR,72
20026427,191,224,171,2015,0.0,28453782.0,-0.708349,-0.296663,SEN,TUR,72
20026428,191,224,171,2017,0.0,61865112.0,-0.6722899999999999,-0.26522199999999996,SEN,TUR,72
20026429,191,224,171,2018,0.0,78010550.0,-0.751378,-0.390573,SEN,TUR,72
20026430,191,224,171,2019,0.0,98559363.0,-0.721992,-0.385479,SEN,TUR,72
20026431,191,224,171,2020,14424.0,113046739.0,-0.634185,-0.398728,SEN,TUR,72
20026432,191,224,171,2012,0.0,54350293.0,-0.458858,-0.172745,SEN,TUR,72
20026433,191,224,171,2001,0.0,2289565.0,-0.437779,-0.436654,SEN,TUR,72
20026434,191,224,171,2006,0.0,4192189.0,-0.364713,-0.183612,SEN,TUR,72
20026435,191,224,171,2009,0.0,12746083.0,-0.53392,-0.415513,SEN,TUR,72
20026436,191,224,171,2003,0.0,6111668.0,-0.25203600000000004,-0.25549299999999997,SEN,TUR,72
20026437,191,224,171,2004,0.0,4696888.0,-0.527127,-0.368631,SEN,TUR,72
20026438,191,224,171,2005,0.0,2864933.0,-0.279715,-0.231985,SEN,TUR,72
20026439,191,224,171,2007,6574.0,6393646.0,-0.20343599999999998,0.27211199999999997,SEN,TUR,72
20026440,191,224,171,2010,0.0,22142564.0,-0.45445,-0.148149,SEN,TUR,72
20026441,191,224,171,2002,0.0,2713181.0,-0.43679700000000005,-0.484176,SEN,TUR,72
20026442,191,224,171,1996,0.0,3971.0,-0.619785,-0.712171,SEN,TUR,72
20026443,191,224,171,1999,0.0,1263213.0,-0.472473,-0.462562,SEN,TUR,72
20026444,191,224,171,2000,0.0,1153813.0,-0.46170100000000003,-0.435547,SEN,TUR,72
20026445,191,224,171,1998,0.0,1077206.0,-0.416955,-0.449216,SEN,TUR,72
20026446,192,224,171,2001,368715.0,62918952.0,1.364239,0.721074,SGP,TUR,72
20026447,192,224,171,2002,901410.0,63499693.0,1.481857,0.648889,SGP,TUR,72
20026448,192,224,171,2011,5506825.0,410091940.0,1.849116,0.52127,SGP,TUR,72
20026449,192,224,171,2014,1097903.0,14219016.0,1.867492,0.626736,SGP,TUR,72
20026450,192,224,171,2018,895253.0,227360131.0,1.914132,0.652011,SGP,TUR,72
20026451,192,224,171,1999,440254.0,103775363.0,1.355833,0.594305,SGP,TUR,72
20026452,192,224,171,2000,224309.0,77656219.0,1.3392389999999998,0.6035010000000001,SGP,TUR,72
20026453,192,224,171,2012,3890883.0,97152968.0,1.685959,0.5900989999999999,SGP,TUR,72
20026454,192,224,171,2013,4741681.0,43562586.0,1.915504,0.619576,SGP,TUR,72
20026455,192,224,171,2015,425770.0,5985389.0,2.05613,0.593065,SGP,TUR,72
20026456,192,224,171,2017,2045063.0,216544787.0,1.884166,0.37903600000000004,SGP,TUR,72
20026457,192,224,171,2016,646799.0,5536038.0,2.089995,0.564921,SGP,TUR,72
20026458,192,224,171,2005,2761236.0,5194765.0,1.601677,0.49930399999999997,SGP,TUR,72
20026459,192,224,171,2020,155333.0,147177717.0,1.948379,0.610574,SGP,TUR,72
20026460,192,224,171,2008,2946825.0,209358145.0,1.844543,0.5947020000000001,SGP,TUR,72
20026461,192,224,171,2009,5514378.0,170268548.0,1.9503540000000001,0.498033,SGP,TUR,72
20026462,192,224,171,2010,10909451.0,183242054.0,1.8441349999999999,0.570311,SGP,TUR,72
20026463,192,224,171,2019,206720.0,346231385.0,2.0264599999999997,0.665506,SGP,TUR,72
20026464,192,224,171,2003,427662.0,50922515.0,1.5080799999999999,0.720337,SGP,TUR,72
20026465,192,224,171,2006,5202503.0,6238214.0,1.5377379999999998,0.503089,SGP,TUR,72
20026466,192,224,171,1995,42664.0,107125395.0,0.747684,0.4745,SGP,TUR,72
20026467,192,224,171,1996,890726.0,197575936.0,0.8354299999999999,0.41169799999999995,SGP,TUR,72
20026468,192,224,171,1997,75280.0,312504598.0,1.01557,0.360154,SGP,TUR,72
20026469,192,224,171,1998,3015608.0,99418397.0,1.0029709999999998,0.506545,SGP,TUR,72
20026470,192,224,171,2004,1990254.0,12976684.0,1.6409779999999998,0.634947,SGP,TUR,72
20026471,192,224,171,2007,3427509.0,40034886.0,1.608299,0.545791,SGP,TUR,72
20026472,194,224,171,2020,0.0,19074.0,1.4857989999999999,-0.43997700000000006,SHN,TUR,72
20026473,195,224,171,2019,0.0,30973.0,-1.650959,-1.013001,SLB,TUR,72
20026474,196,224,171,2018,0.0,19289855.0,-0.06932999999999999,-0.36035300000000003,SLE,TUR,72
20026475,196,224,171,2010,0.0,8167822.0,-0.056713,-0.293668,SLE,TUR,72
20026476,196,224,171,2017,0.0,14515622.0,-0.37777,-0.6353270000000001,SLE,TUR,72
20026477,196,224,171,2011,0.0,9997783.0,-0.35546500000000003,-0.46134899999999995,SLE,TUR,72
20026478,196,224,171,2014,0.0,15280723.0,-0.9228569999999999,-0.791482,SLE,TUR,72
20026479,196,224,171,2019,0.0,18615335.0,-0.402403,-0.639318,SLE,TUR,72
20026480,196,224,171,2005,0.0,1293372.0,0.510613,-0.040744,SLE,TUR,72
20026481,196,224,171,2008,0.0,2396067.0,0.086769,-0.22002800000000003,SLE,TUR,72
20026482,196,224,171,2013,0.0,17487644.0,-0.132082,-0.552921,SLE,TUR,72
20026483,196,224,171,2015,0.0,13840032.0,0.072324,-0.255235,SLE,TUR,72
20026484,196,224,171,2016,0.0,11520784.0,-0.184021,-0.5023920000000001,SLE,TUR,72
20026485,196,224,171,2007,43652.0,313961.0,-0.021377,-0.31765,SLE,TUR,72
20026486,196,224,171,2012,0.0,16470764.0,-0.6198279999999999,-0.627216,SLE,TUR,72
20026487,196,224,171,2020,0.0,22468269.0,-0.122243,-0.5501010000000001,SLE,TUR,72
20026488,196,224,171,2003,0.0,39492.0,0.129923,-0.19926300000000002,SLE,TUR,72
20026489,196,224,171,2001,0.0,152871.0,0.331949,0.186253,SLE,TUR,72
20026490,196,224,171,2004,0.0,935625.0,0.48757399999999995,-0.0064659999999999995,SLE,TUR,72
20026491,196,224,171,2006,0.0,152922.0,0.518163,-0.032742,SLE,TUR,72
20026492,196,224,171,2009,0.0,5223201.0,0.06259400000000001,-0.273258,SLE,TUR,72
20026493,196,224,171,1997,0.0,428799.0,0.181753,-0.532284,SLE,TUR,72
20026494,196,224,171,1998,0.0,914610.0,0.11786300000000001,-0.45481499999999997,SLE,TUR,72
20026495,197,224,171,2013,0.0,282669.0,-0.021029,0.381522,SLV,TUR,72
20026496,197,224,171,2014,0.0,80937.0,0.08653999999999999,0.29088600000000003,SLV,TUR,72
20026497,197,224,171,2015,0.0,301244.0,0.05531900000000001,0.169073,SLV,TUR,72
20026498,197,224,171,2016,6043.0,284919.0,0.10397999999999999,0.25556599999999996,SLV,TUR,72
20026499,197,224,171,2017,0.0,17119432.0,0.113639,0.23175199999999999,SLV,TUR,72
20026500,197,224,171,2018,0.0,7216852.0,0.073928,0.22548600000000002,SLV,TUR,72
20026501,197,224,171,2019,0.0,730817.0,0.014037,0.23216599999999998,SLV,TUR,72
20026502,197,224,171,2002,0.0,242669.0,-0.280138,-0.099225,SLV,TUR,72
20026503,197,224,171,2003,0.0,9388.0,-0.251357,-0.189917,SLV,TUR,72
20026504,197,224,171,2009,0.0,23711.0,-0.19729100000000002,0.23434899999999997,SLV,TUR,72
20026505,197,224,171,2010,0.0,86189.0,-0.101434,0.132639,SLV,TUR,72
20026506,197,224,171,2012,0.0,214791.0,0.027747000000000004,0.19003399999999998,SLV,TUR,72
20026507,197,224,171,1999,0.0,493371.0,-0.263572,-0.121576,SLV,TUR,72
20026508,197,224,171,2000,0.0,202124.0,-0.265907,-0.141049,SLV,TUR,72
20026509,197,224,171,2001,0.0,2664714.0,-0.181554,-0.031294,SLV,TUR,72
20026510,197,224,171,2006,0.0,995913.0,-0.135312,0.140874,SLV,TUR,72
20026511,197,224,171,2008,0.0,49041.0,-0.028986,0.369501,SLV,TUR,72
20026512,197,224,171,2011,0.0,65367.0,-0.09713200000000001,0.20772600000000002,SLV,TUR,72
20026513,197,224,171,2020,0.0,7425581.0,-0.003327,0.18823399999999998,SLV,TUR,72
20026514,197,224,171,1995,0.0,41551.0,-0.17119600000000001,0.027889999999999998,SLV,TUR,72
20026515,197,224,171,1998,0.0,418852.0,-0.202965,-0.000499,SLV,TUR,72
20026516,199,224,171,2012,0.0,1001184.0,-1.104662,-1.134201,SOM,TUR,72
20026517,199,224,171,2011,0.0,827319.0,-1.509242,-0.8817309999999999,SOM,TUR,72
20026518,199,224,171,2017,0.0,3895324.0,-1.2313479999999999,-1.063879,SOM,TUR,72
20026519,199,224,171,2005,0.0,846024.0,-0.9431440000000001,-0.9065350000000001,SOM,TUR,72
20026520,199,224,171,2013,0.0,1905485.0,-1.194368,-0.915163,SOM,TUR,72
20026521,199,224,171,2014,0.0,3980563.0,-1.41991,-1.010693,SOM,TUR,72
20026522,199,224,171,2015,0.0,3381770.0,-1.716689,-1.078134,SOM,TUR,72
20026523,199,224,171,2016,0.0,4762266.0,-1.429439,-1.006612,SOM,TUR,72
20026524,199,224,171,2019,0.0,31267351.0,-1.046802,-0.961166,SOM,TUR,72
20026525,199,224,171,2020,0.0,20312759.0,-1.26219,-1.0055180000000001,SOM,TUR,72
20026526,199,224,171,2018,0.0,32129764.0,-1.4787370000000002,-1.050578,SOM,TUR,72
20026527,199,224,171,2010,0.0,205772.0,-1.6843569999999999,-1.064691,SOM,TUR,72
20026528,201,224,171,2020,13696797.0,64528505.0,0.5868399999999999,1.1187120000000002,SRB,TUR,72
20026529,201,224,171,2017,30191819.0,17854955.0,0.541644,1.19872,SRB,TUR,72
20026530,201,224,171,2019,30838452.0,41662902.0,0.543913,1.210102,SRB,TUR,72
20026531,201,224,171,2016,20573595.0,17625753.0,0.501676,1.0447520000000001,SRB,TUR,72
20026532,201,224,171,2018,15967056.0,25820777.0,0.607486,1.2139389999999999,SRB,TUR,72
20026533,201,224,171,2005,33374162.0,3031203.0,0.627272,1.170525,SRB,TUR,72
20026534,201,224,171,2006,12887511.0,4419490.0,0.547824,1.5588879999999998,SRB,TUR,72
20026535,201,224,171,2015,40148587.0,14276865.0,0.457042,1.324908,SRB,TUR,72
20026536,201,224,171,2012,47785800.0,9355401.0,0.5927359999999999,1.507069,SRB,TUR,72
20026537,201,224,171,2013,50409249.0,17464082.0,0.5717720000000001,1.174901,SRB,TUR,72
20026538,201,224,171,2014,73648598.0,16995035.0,0.551635,1.211535,SRB,TUR,72
20026539,201,224,171,2008,4398266.0,19467716.0,0.615147,1.484149,SRB,TUR,72
20026540,201,224,171,2009,10815810.0,9510425.0,0.531766,1.477837,SRB,TUR,72
20026541,201,224,171,2010,23388282.0,8723918.0,0.561161,1.33974,SRB,TUR,72
20026542,201,224,171,2007,11957720.0,20491007.0,0.579288,1.464123,SRB,TUR,72
20026543,201,224,171,2011,50103895.0,8606139.0,0.49055699999999997,1.5601399999999999,SRB,TUR,72
20026544,202,224,171,2019,0.0,31951.0,-1.8098990000000001,-1.0067979999999999,SSD,TUR,72
20026545,202,224,171,2020,0.0,82351.0,-1.948366,-0.9899879999999999,SSD,TUR,72
20026546,203,224,171,2009,0.0,192819.0,0.370989,-0.518133,STP,TUR,72
20026547,203,224,171,2007,0.0,20075.0,0.739933,-0.19098199999999999,STP,TUR,72
20026548,203,224,171,2016,0.0,128391.0,0.27849,-0.670342,STP,TUR,72
20026549,203,224,171,2017,0.0,1278.0,0.531107,-0.43282200000000004,STP,TUR,72
20026550,203,224,171,2018,0.0,239862.0,1.426999,-0.039189999999999996,STP,TUR,72
20026551,203,224,171,2019,0.0,321084.0,0.8287889999999999,-0.345114,STP,TUR,72
20026552,203,224,171,2014,0.0,27231.0,1.172431,-0.024141,STP,TUR,72
20026553,203,224,171,2013,0.0,214456.0,0.8999219999999999,-0.101662,STP,TUR,72
20026554,203,224,171,2020,0.0,315410.0,0.327507,-0.46483,STP,TUR,72
20026555,205,224,171,2007,0.0,1062336.0,-0.8506440000000001,-0.8898959999999999,SUR,TUR,72
20026556,205,224,171,2009,0.0,579074.0,-0.580507,-1.072833,SUR,TUR,72
20026557,205,224,171,2010,0.0,248843.0,-0.5734560000000001,-0.936167,SUR,TUR,72
20026558,205,224,171,2011,0.0,1505218.0,-0.504897,-0.835426,SUR,TUR,72
20026559,205,224,171,2012,0.0,750638.0,-0.45644300000000004,-0.783343,SUR,TUR,72
20026560,205,224,171,2013,0.0,708824.0,-0.417865,-0.7600399999999999,SUR,TUR,72
20026561,205,224,171,2014,0.0,4225140.0,-0.6333989999999999,-0.857643,SUR,TUR,72
20026562,205,224,171,2015,0.0,7150287.0,-0.570361,-1.005072,SUR,TUR,72
20026563,205,224,171,1999,0.0,1594783.0,-0.799447,-0.85055,SUR,TUR,72
20026564,205,224,171,2016,0.0,771547.0,-0.7823869999999999,-1.060347,SUR,TUR,72
20026565,205,224,171,2017,0.0,1539250.0,-0.596432,-1.0249700000000002,SUR,TUR,72
20026566,205,224,171,2019,0.0,4992400.0,-0.369004,-1.017133,SUR,TUR,72
20026567,205,224,171,2001,0.0,269217.0,-0.650556,-0.801128,SUR,TUR,72
20026568,205,224,171,2002,0.0,552227.0,-0.9120030000000001,-0.8871020000000001,SUR,TUR,72
20026569,205,224,171,2004,0.0,44513.0,-0.991433,-0.926657,SUR,TUR,72
20026570,205,224,171,2005,0.0,536429.0,-0.571864,-0.851351,SUR,TUR,72
20026571,205,224,171,2008,0.0,1014188.0,-0.766178,-0.8888,SUR,TUR,72
20026572,205,224,171,2018,0.0,3419916.0,-0.798074,-1.023046,SUR,TUR,72
20026573,205,224,171,2006,0.0,426716.0,-0.754046,-0.872361,SUR,TUR,72
20026574,205,224,171,2020,0.0,6120158.0,-0.272244,-0.937541,SUR,TUR,72
20026575,205,224,171,1998,0.0,763071.0,-0.9914540000000001,-0.893913,SUR,TUR,72
20026576,206,224,171,2013,202144966.0,1130490.0,1.32064,0.7519819999999999,SVK,TUR,72
20026577,206,224,171,2018,43910879.0,5163612.0,1.3270979999999999,0.877684,SVK,TUR,72
20026578,206,224,171,2008,281960310.0,8089519.0,1.3402040000000002,0.8038770000000001,SVK,TUR,72
20026579,206,224,171,2020,27176227.0,2781940.0,1.338026,0.825268,SVK,TUR,72
20026580,206,224,171,2011,119864849.0,2206760.0,1.262897,0.8230569999999999,SVK,TUR,72
20026581,206,224,171,2014,142280389.0,1789382.0,1.334959,0.821253,SVK,TUR,72
20026582,206,224,171,2019,31117872.0,1534470.0,1.39311,0.743107,SVK,TUR,72
20026583,206,224,171,2010,156705061.0,3997231.0,1.278601,0.726907,SVK,TUR,72
20026584,206,224,171,2012,140807644.0,463482.0,1.26088,0.7704770000000001,SVK,TUR,72
20026585,206,224,171,1997,4541287.0,76055.0,1.200699,1.318346,SVK,TUR,72
20026586,206,224,171,2005,151470090.0,210570.0,1.250608,0.9054639999999999,SVK,TUR,72
20026587,206,224,171,1995,10909015.0,40058.0,1.2249780000000001,1.405585,SVK,TUR,72
20026588,206,224,171,2006,146136801.0,1864862.0,1.291583,0.868317,SVK,TUR,72
20026589,206,224,171,2007,210207628.0,8475500.0,1.358301,0.79655,SVK,TUR,72
20026590,206,224,171,2009,136151185.0,1548174.0,1.231382,0.820968,SVK,TUR,72
20026591,206,224,171,2015,50746579.0,1905808.0,1.287133,0.7900560000000001,SVK,TUR,72
20026592,206,224,171,2016,77291441.0,2566795.0,1.273942,0.763966,SVK,TUR,72
20026593,206,224,171,2017,61318512.0,6012703.0,1.279606,0.85503,SVK,TUR,72
20026594,206,224,171,1996,2465608.0,241459.0,1.189398,1.29167,SVK,TUR,72
20026595,206,224,171,1998,4286138.0,249795.0,1.202453,1.228204,SVK,TUR,72
20026596,206,224,171,1999,19844288.0,211106.0,1.133942,1.105742,SVK,TUR,72
20026597,206,224,171,2000,17979870.0,606382.0,1.228151,1.112002,SVK,TUR,72
20026598,206,224,171,2001,22449367.0,401553.0,1.1732770000000001,1.088576,SVK,TUR,72
20026599,206,224,171,2002,69239563.0,176848.0,1.1907379999999999,1.050649,SVK,TUR,72
20026600,206,224,171,2003,109975187.0,1672044.0,1.22565,0.915518,SVK,TUR,72
20026601,206,224,171,2004,86450593.0,1367038.0,1.2375120000000002,0.8777889999999999,SVK,TUR,72
20026602,207,224,171,2018,17441098.0,35542678.0,1.67428,0.7703800000000001,SVN,TUR,72
20026603,207,224,171,2019,19828419.0,45379421.0,1.63711,0.803198,SVN,TUR,72
20026604,207,224,171,2007,16444204.0,20646821.0,1.605767,0.692926,SVN,TUR,72
20026605,207,224,171,2008,10399529.0,10209265.0,1.5099209999999998,0.683663,SVN,TUR,72
20026606,207,224,171,2010,24349959.0,4468667.0,1.595473,0.7023020000000001,SVN,TUR,72
20026607,207,224,171,2011,16802325.0,7281940.0,1.642913,0.700222,SVN,TUR,72
20026608,207,224,171,2012,24122549.0,3311508.0,1.548381,0.699002,SVN,TUR,72
20026609,207,224,171,2014,16921189.0,5958412.0,1.6558669999999998,0.6814399999999999,SVN,TUR,72
20026610,207,224,171,2004,4954049.0,11787849.0,1.628643,1.02381,SVN,TUR,72
20026611,207,224,171,1995,8014611.0,58705.0,1.424606,1.490521,SVN,TUR,72
20026612,207,224,171,2000,1656654.0,377266.0,1.493533,1.142239,SVN,TUR,72
20026613,207,224,171,1996,492305.0,2224.0,1.409184,1.37245,SVN,TUR,72
20026614,207,224,171,1999,1404996.0,118468.0,1.447589,1.284414,SVN,TUR,72
20026615,207,224,171,2003,2038050.0,3252488.0,1.6459840000000001,1.014191,SVN,TUR,72
20026616,207,224,171,1997,1035298.0,45616.0,1.435765,1.348897,SVN,TUR,72
20026617,207,224,171,2002,3364160.0,641109.0,1.5643770000000001,1.043862,SVN,TUR,72
20026618,207,224,171,2005,8252650.0,3598784.0,1.583591,0.9321229999999999,SVN,TUR,72
20026619,207,224,171,2006,7331518.0,5970074.0,1.5882370000000001,0.800719,SVN,TUR,72
20026620,207,224,171,2009,15709983.0,1351514.0,1.548036,0.730396,SVN,TUR,72
20026621,207,224,171,2017,19719223.0,23641408.0,1.600319,0.854305,SVN,TUR,72
20026622,207,224,171,2016,12152431.0,14183248.0,1.6466720000000001,0.8247680000000001,SVN,TUR,72
20026623,207,224,171,2013,13614450.0,5164736.0,1.698374,0.563082,SVN,TUR,72
20026624,207,224,171,2015,16248014.0,13072777.0,1.6089879999999999,0.833616,SVN,TUR,72
20026625,207,224,171,2020,20399302.0,20193856.0,1.570699,0.8442459999999999,SVN,TUR,72
20026626,207,224,171,1998,868139.0,278104.0,1.442955,1.27214,SVN,TUR,72
20026627,207,224,171,2001,2179297.0,2148359.0,1.5074370000000001,1.1370040000000001,SVN,TUR,72
20026628,208,224,171,2011,292217072.0,9100540.0,1.857146,0.366159,SWE,TUR,72
20026629,208,224,171,2005,48572966.0,1747870.0,1.902796,0.84031,SWE,TUR,72
20026630,208,224,171,2017,211100036.0,25907724.0,1.764732,0.732646,SWE,TUR,72
20026631,208,224,171,2002,19153452.0,643819.0,2.128614,0.7891199999999999,SWE,TUR,72
20026632,208,224,171,2003,33336312.0,1150564.0,2.099224,0.799982,SWE,TUR,72
20026633,208,224,171,2004,37566045.0,822888.0,2.0522080000000003,0.8326969999999999,SWE,TUR,72
20026634,208,224,171,2006,75268679.0,581424.0,1.902737,0.593294,SWE,TUR,72
20026635,208,224,171,2008,137002263.0,1877890.0,1.866575,0.44342700000000007,SWE,TUR,72
20026636,208,224,171,1996,26296221.0,281201.0,2.133781,0.9099889999999999,SWE,TUR,72
20026637,208,224,171,1997,26157105.0,1719587.0,2.120182,0.993078,SWE,TUR,72
20026638,208,224,171,1998,19122733.0,2554556.0,2.134076,0.9259729999999999,SWE,TUR,72
20026639,208,224,171,1999,11147720.0,3274602.0,2.1456720000000002,0.856556,SWE,TUR,72
20026640,208,224,171,2000,14963240.0,3052450.0,2.168823,0.839417,SWE,TUR,72
20026641,208,224,171,2001,15473657.0,1311607.0,2.156845,0.784439,SWE,TUR,72
20026642,208,224,171,2007,106827720.0,1060901.0,1.927244,0.498241,SWE,TUR,72
20026643,208,224,171,2009,83428915.0,615344.0,1.877821,0.336565,SWE,TUR,72
20026644,208,224,171,2010,182784304.0,1104835.0,1.882239,0.397927,SWE,TUR,72
20026645,208,224,171,2012,382861172.0,3916556.0,1.78062,0.269041,SWE,TUR,72
20026646,208,224,171,2013,325579413.0,10536912.0,1.869421,0.228109,SWE,TUR,72
20026647,208,224,171,2014,202328432.0,15553142.0,1.817752,0.558474,SWE,TUR,72
20026648,208,224,171,2015,141635257.0,12196546.0,1.8068349999999997,0.693389,SWE,TUR,72
20026649,208,224,171,2016,144452886.0,7111443.0,1.785149,0.767444,SWE,TUR,72
20026650,208,224,171,2018,209787313.0,35744448.0,1.76361,0.766904,SWE,TUR,72
20026651,208,224,171,2019,199800828.0,20901027.0,1.781148,0.742037,SWE,TUR,72
20026652,208,224,171,2020,198317943.0,11407611.0,1.6911310000000002,0.791586,SWE,TUR,72
20026653,208,224,171,1995,22619049.0,7880.0,2.246997,1.060171,SWE,TUR,72
20026654,209,224,171,2013,0.0,1103841.0,0.109267,-0.275005,SWZ,TUR,72
20026655,209,224,171,2014,0.0,146351.0,0.22972199999999998,-0.365564,SWZ,TUR,72
20026656,211,224,171,2011,0.0,5092568.0,0.287017,-0.5136850000000001,SYC,TUR,72
20026657,211,224,171,2014,0.0,2681931.0,0.358111,-0.484879,SYC,TUR,72
20026658,211,224,171,2019,0.0,2702826.0,0.024113,-0.711363,SYC,TUR,72
20026659,211,224,171,2015,0.0,2276503.0,1.017467,-0.285569,SYC,TUR,72
20026660,211,224,171,2013,0.0,3722587.0,0.270999,-0.474095,SYC,TUR,72
20026661,211,224,171,2018,0.0,2434024.0,0.187352,-0.693013,SYC,TUR,72
20026662,211,224,171,2010,0.0,1332246.0,-0.075668,-0.549686,SYC,TUR,72
20026663,211,224,171,2007,0.0,144139.0,-0.644497,-0.8748520000000001,SYC,TUR,72
20026664,211,224,171,2012,0.0,2319657.0,0.034894999999999995,-0.497121,SYC,TUR,72
20026665,211,224,171,2006,0.0,379066.0,-0.344619,-0.796139,SYC,TUR,72
20026666,211,224,171,2008,0.0,953619.0,0.29189699999999996,-0.47472600000000004,SYC,TUR,72
20026667,211,224,171,2016,0.0,1846564.0,0.441241,-0.580767,SYC,TUR,72
20026668,211,224,171,2017,0.0,1579520.0,0.41946000000000006,-0.523274,SYC,TUR,72
20026669,211,224,171,2020,0.0,3437390.0,0.185747,-0.695441,SYC,TUR,72
20026670,211,224,171,2005,0.0,48784.0,0.153199,-0.662357,SYC,TUR,72
20026671,211,224,171,2009,0.0,242506.0,-0.16046400000000002,-0.81512,SYC,TUR,72
20026672,212,224,171,2009,2122258.0,125784034.0,-0.48481199999999997,1.464509,SYR,TUR,72
20026673,212,224,171,2010,2109322.0,108996178.0,-0.46833800000000003,1.11952,SYR,TUR,72
20026674,212,224,171,2003,6365456.0,27539559.0,-0.868749,-0.326322,SYR,TUR,72
20026675,212,224,171,2005,3293095.0,31840699.0,-0.677037,0.107451,SYR,TUR,72
20026676,212,224,171,2008,1557180.0,105903778.0,-0.365789,0.877383,SYR,TUR,72
20026677,212,224,171,2006,1998175.0,39443668.0,-0.588695,0.532487,SYR,TUR,72
20026678,212,224,171,2007,2907471.0,49703564.0,-0.46851899999999996,0.553396,SYR,TUR,72
20026679,212,224,171,2011,2825800.0,280440647.0,-0.604133,0.5268970000000001,SYR,TUR,72
20026680,212,224,171,2012,2652644.0,10410756.0,-0.11197,1.916262,SYR,TUR,72
20026681,212,224,171,2014,0.0,70101644.0,-0.366224,0.9054719999999999,SYR,TUR,72
20026682,212,224,171,2013,244561.0,21858486.0,-0.14343399999999998,1.077256,SYR,TUR,72
20026683,212,224,171,2015,0.0,73300995.0,-0.603532,0.313216,SYR,TUR,72
20026684,212,224,171,2004,5938747.0,24807551.0,-0.568707,-0.034736,SYR,TUR,72
20026685,212,224,171,2016,0.0,59174412.0,-0.746222,0.179918,SYR,TUR,72
20026686,212,224,171,2002,0.0,10487766.0,-1.067974,-0.513309,SYR,TUR,72
20026687,212,224,171,1999,0.0,5905890.0,-0.996784,-0.6344069999999999,SYR,TUR,72
20026688,212,224,171,1997,6122.0,13912099.0,-1.046433,-0.9678620000000001,SYR,TUR,72
20026689,212,224,171,1998,0.0,10119989.0,-0.807312,-0.626358,SYR,TUR,72
20026690,212,224,171,1996,0.0,19119569.0,-1.100666,-0.90038,SYR,TUR,72
20026691,212,224,171,2000,0.0,2177381.0,-1.1566969999999999,-0.783626,SYR,TUR,72
20026692,212,224,171,2001,0.0,26148882.0,-1.057217,-0.716331,SYR,TUR,72
20026693,212,224,171,2017,54336.0,58773505.0,-0.660905,0.345462,SYR,TUR,72
20026694,212,224,171,2018,0.0,58576276.0,-0.6836760000000001,0.554563,SYR,TUR,72
20026695,212,224,171,2019,25953.0,90217775.0,-0.67825,0.385416,SYR,TUR,72
20026696,212,224,171,2020,254039.0,69392162.0,-0.579237,0.391392,SYR,TUR,72
20026697,212,224,171,1995,0.0,29773799.0,-0.8829469999999999,-0.809407,SYR,TUR,72
20026698,213,224,171,2018,0.0,721656.0,0.915309,-0.1886,TCA,TUR,72
20026699,213,224,171,2019,0.0,598803.0,0.729377,-0.28097300000000003,TCA,TUR,72
20026700,213,224,171,2020,0.0,256587.0,0.820773,-0.246383,TCA,TUR,72
20026701,214,224,171,2018,0.0,194422.0,-1.845707,-1.032018,TCD,TUR,72
20026702,214,224,171,2017,0.0,263490.0,-2.263503,-1.00147,TCD,TUR,72
20026703,214,224,171,2014,0.0,5919757.0,-2.012048,-0.921558,TCD,TUR,72
20026704,214,224,171,2015,0.0,566781.0,-1.543675,-0.9703860000000001,TCD,TUR,72
20026705,214,224,171,2016,0.0,171687.0,-2.7867189999999997,-1.035452,TCD,TUR,72
20026706,214,224,171,2019,0.0,163222.0,-2.636669,-1.033665,TCD,TUR,72
20026707,214,224,171,2020,0.0,943225.0,-2.862755,-1.0123090000000001,TCD,TUR,72
20026708,214,224,171,2012,0.0,2407189.0,-2.067077,-0.987223,TCD,TUR,72
20026709,214,224,171,2013,0.0,1259668.0,-2.800677,-0.9466969999999999,TCD,TUR,72
20026710,214,224,171,2008,0.0,954424.0,-2.837417,-0.927269,TCD,TUR,72
20026711,214,224,171,2007,0.0,45209.0,-2.544742,-0.928218,TCD,TUR,72
20026712,214,224,171,2006,0.0,950536.0,-3.0579419999999997,-0.8926649999999999,TCD,TUR,72
20026713,214,224,171,2009,0.0,1967882.0,-1.294648,-0.9645020000000001,TCD,TUR,72
20026714,214,224,171,2010,0.0,480655.0,0.035565,-0.759857,TCD,TUR,72
20026715,214,224,171,2011,0.0,1098373.0,-2.368546,-0.814948,TCD,TUR,72
20026716,214,224,171,2001,0.0,110152.0,-0.655004,-0.872215,TCD,TUR,72
20026717,215,224,171,2007,0.0,2298936.0,-0.78689,-0.806879,TGO,TUR,72
20026718,215,224,171,2002,0.0,1157811.0,-0.6810039999999999,-0.6286930000000001,TGO,TUR,72
20026719,215,224,171,2015,0.0,1837758.0,-0.66925,-0.873554,TGO,TUR,72
20026720,215,224,171,2016,0.0,2375696.0,-0.751382,-0.7411310000000001,TGO,TUR,72
20026721,215,224,171,2017,0.0,8819627.0,-0.8957450000000001,-0.891191,TGO,TUR,72
20026722,215,224,171,2018,0.0,6491586.0,-0.685084,-0.773437,TGO,TUR,72
20026723,215,224,171,2019,0.0,10358970.0,-0.823204,-0.819535,TGO,TUR,72
20026724,215,224,171,2020,0.0,25168099.0,-0.719535,-0.746202,TGO,TUR,72
20026725,215,224,171,2003,0.0,220743.0,-0.5058590000000001,-0.520586,TGO,TUR,72
20026726,215,224,171,2008,0.0,2690816.0,-0.5025689999999999,-0.747621,TGO,TUR,72
20026727,215,224,171,2009,0.0,4787619.0,-0.561619,-0.759929,TGO,TUR,72
20026728,215,224,171,2010,1463476.0,8995155.0,-0.943559,-0.884336,TGO,TUR,72
20026729,215,224,171,2011,0.0,16640826.0,-0.9156030000000001,-0.884099,TGO,TUR,72
20026730,215,224,171,2012,0.0,15282513.0,-0.50449,-0.604672,TGO,TUR,72
20026731,215,224,171,2013,0.0,5538455.0,-0.598413,-0.49295200000000006,TGO,TUR,72
20026732,215,224,171,2014,0.0,3254338.0,-0.524103,-0.537643,TGO,TUR,72
20026733,215,224,171,1998,0.0,312892.0,-0.8338540000000001,-0.8437020000000001,TGO,TUR,72
20026734,215,224,171,2005,0.0,158875.0,-0.745209,-0.455725,TGO,TUR,72
20026735,215,224,171,1997,0.0,1510356.0,-0.974678,-0.8150350000000001,TGO,TUR,72
20026736,215,224,171,1999,0.0,80722.0,-0.583782,-0.6632279999999999,TGO,TUR,72
20026737,215,224,171,2000,0.0,14894.0,-0.799952,-0.63056,TGO,TUR,72
20026738,215,224,171,2001,0.0,573023.0,-0.758725,-0.577004,TGO,TUR,72
20026739,215,224,171,2004,0.0,808119.0,-0.6788270000000001,-0.482984,TGO,TUR,72
20026740,216,224,171,2002,1243695.0,14910.0,0.432041,1.627953,THA,TUR,72
20026741,216,224,171,2003,1517870.0,52607167.0,0.43010699999999996,1.607408,THA,TUR,72
20026742,216,224,171,2012,5892062.0,11072171.0,0.910957,1.294243,THA,TUR,72
20026743,216,224,171,2013,3669153.0,77242482.0,0.8752139999999999,1.3798620000000001,THA,TUR,72
20026744,216,224,171,2014,1580394.0,53447491.0,0.977094,1.41283,THA,TUR,72
20026745,216,224,171,2015,1297778.0,22807881.0,0.965888,1.368572,THA,TUR,72
20026746,216,224,171,2016,1088165.0,9447537.0,1.022065,1.428082,THA,TUR,72
20026747,216,224,171,2017,908064.0,1550650.0,0.983977,1.3926020000000001,THA,TUR,72
20026748,216,224,171,2018,965097.0,29152848.0,1.053177,1.4084969999999999,THA,TUR,72
20026749,216,224,171,2005,11430211.0,2248502.0,0.552846,1.664665,THA,TUR,72
20026750,216,224,171,2006,16829635.0,97159.0,0.568209,1.685343,THA,TUR,72
20026751,216,224,171,2007,7416856.0,689118.0,0.711328,1.411114,THA,TUR,72
20026752,216,224,171,2009,1896987.0,46378678.0,0.79692,1.315501,THA,TUR,72
20026753,216,224,171,2010,2930590.0,111608685.0,0.748328,1.425224,THA,TUR,72
20026754,216,224,171,1996,51264.0,40809185.0,0.10120599999999999,1.351967,THA,TUR,72
20026755,216,224,171,2000,3703717.0,58850.0,0.301195,1.577338,THA,TUR,72
20026756,216,224,171,2001,2165615.0,6573149.0,0.37555900000000003,1.498267,THA,TUR,72
20026757,216,224,171,2004,6630780.0,39207696.0,0.5150359999999999,1.583019,THA,TUR,72
20026758,216,224,171,2008,10771679.0,2445742.0,0.7531399999999999,1.4420620000000002,THA,TUR,72
20026759,216,224,171,2011,4441226.0,8895378.0,0.889009,1.503118,THA,TUR,72
20026760,216,224,171,2019,736988.0,3428224.0,0.9744229999999999,1.401199,THA,TUR,72
20026761,216,224,171,2020,2675832.0,2158750.0,1.035524,1.2777180000000001,THA,TUR,72
20026762,216,224,171,1999,1106864.0,3117471.0,0.20451,1.513533,THA,TUR,72
20026763,216,224,171,1997,86194.0,45521728.0,0.084875,1.41931,THA,TUR,72
20026764,216,224,171,1998,3478891.0,1406298.0,0.128633,1.484142,THA,TUR,72
20026765,216,224,171,1995,145431.0,62080939.0,0.174522,1.608058,THA,TUR,72
20026766,217,224,171,2016,0.0,252898.0,-1.0791549999999999,-1.137941,TJK,TUR,72
20026767,217,224,171,2018,0.0,228339.0,-0.757793,-1.0641209999999999,TJK,TUR,72
20026768,217,224,171,2019,0.0,590228.0,-0.7940020000000001,-1.075605,TJK,TUR,72
20026769,217,224,171,2020,0.0,826485.0,-0.73744,-1.0706950000000002,TJK,TUR,72
20026770,217,224,171,2008,0.0,478225.0,-0.8988010000000001,-1.126157,TJK,TUR,72
20026771,217,224,171,2009,0.0,150852.0,-1.0237319999999999,-1.1837950000000002,TJK,TUR,72
20026772,217,224,171,2010,0.0,96635.0,-1.054317,-1.074198,TJK,TUR,72
20026773,217,224,171,2015,0.0,187199.0,-1.134216,-1.174245,TJK,TUR,72
20026774,217,224,171,2011,0.0,198030.0,-0.975877,-1.021684,TJK,TUR,72
20026775,217,224,171,2013,0.0,1850848.0,-1.2512889999999999,-1.16402,TJK,TUR,72
20026776,217,224,171,2012,0.0,1910747.0,-1.384684,-1.208425,TJK,TUR,72
20026777,217,224,171,2014,0.0,458930.0,-0.706823,-0.993756,TJK,TUR,72
20026778,217,224,171,2017,0.0,294719.0,-0.938366,-1.092714,TJK,TUR,72
20026779,217,224,171,2005,0.0,343612.0,-0.725111,-1.049776,TJK,TUR,72
20026780,217,224,171,2007,0.0,833865.0,-1.0092379999999999,-1.185964,TJK,TUR,72
20026781,217,224,171,2002,0.0,19988.0,-0.798754,-1.025902,TJK,TUR,72
20026782,217,224,171,2004,0.0,1068331.0,-0.608564,-1.021599,TJK,TUR,72
20026783,217,224,171,2003,0.0,797176.0,-0.6187520000000001,-1.0438969999999999,TJK,TUR,72
20026784,217,224,171,2006,0.0,262476.0,-1.071326,-1.158325,TJK,TUR,72
20026785,217,224,171,2001,0.0,8968.0,-0.833482,-1.062054,TJK,TUR,72
20026786,217,224,171,1995,0.0,1752.0,0.0068189999999999995,-0.7594350000000001,TJK,TUR,72
20026787,217,224,171,1999,0.0,2924.0,-0.752378,-1.0268389999999998,TJK,TUR,72
20026788,217,224,171,2000,520875.0,8880.0,-0.7225600000000001,-1.036219,TJK,TUR,72
20026789,217,224,171,1997,253305.0,0.0,-0.350646,-0.835419,TJK,TUR,72
20026790,217,224,171,1998,0.0,14619.0,-0.577873,-0.9368139999999999,TJK,TUR,72
20026791,219,224,171,1999,0.0,1382043.0,-0.8982180000000001,-1.132358,TKM,TUR,72
20026792,219,224,171,2000,1435.0,1185079.0,-0.99165,-1.167094,TKM,TUR,72
20026793,219,224,171,2008,0.0,99318882.0,-1.094592,-1.166598,TKM,TUR,72
20026794,219,224,171,2015,0.0,32492316.0,-1.546516,-1.315803,TKM,TUR,72
20026795,219,224,171,2016,0.0,45550030.0,-1.27494,-1.259639,TKM,TUR,72
20026796,219,224,171,2018,0.0,7661199.0,-1.0081209999999998,-1.190796,TKM,TUR,72
20026797,219,224,171,2019,0.0,19867779.0,-0.9725950000000001,-1.16562,TKM,TUR,72
20026798,219,224,171,2009,0.0,45563225.0,-1.060378,-1.17279,TKM,TUR,72
20026799,219,224,171,2010,0.0,75335424.0,-1.161458,-1.191589,TKM,TUR,72
20026800,219,224,171,2011,0.0,98500872.0,-1.549495,-1.202504,TKM,TUR,72
20026801,219,224,171,2007,0.0,39016081.0,-1.16715,-1.213064,TKM,TUR,72
20026802,219,224,171,2017,16174.0,26513071.0,-1.564885,-1.274637,TKM,TUR,72
20026803,219,224,171,2001,0.0,1823893.0,-1.24627,-1.2760209999999998,TKM,TUR,72
20026804,219,224,171,2003,0.0,5101486.0,-1.223295,-1.250217,TKM,TUR,72
20026805,219,224,171,2004,3385037.0,14954525.0,-0.9705790000000001,-1.212523,TKM,TUR,72
20026806,219,224,171,2005,782379.0,2533292.0,-1.146736,-1.2376129999999999,TKM,TUR,72
20026807,219,224,171,2006,0.0,9745724.0,-1.155861,-1.200933,TKM,TUR,72
20026808,219,224,171,2012,11395.0,120542332.0,-1.668555,-1.24627,TKM,TUR,72
20026809,219,224,171,2014,0.0,61022062.0,-1.217897,-1.184131,TKM,TUR,72
20026810,219,224,171,2020,0.0,23898023.0,-0.949525,-1.147622,TKM,TUR,72
20026811,219,224,171,2013,2086.0,97419473.0,-1.6186770000000001,-1.2210969999999999,TKM,TUR,72
20026812,219,224,171,1995,1237129.0,627706.0,-0.882984,-1.088854,TKM,TUR,72
20026813,219,224,171,1997,653664.0,509959.0,-0.554162,-1.042607,TKM,TUR,72
20026814,219,224,171,2002,0.0,1337140.0,-1.035248,-1.191624,TKM,TUR,72
20026815,219,224,171,1996,1564912.0,512065.0,-0.756087,-1.160548,TKM,TUR,72
20026816,219,224,171,1998,530826.0,650009.0,-0.379934,-0.878598,TKM,TUR,72
20026817,222,224,171,2009,0.0,9161496.0,-0.508195,-1.097365,TTO,TUR,72
20026818,222,224,171,2010,6070.0,14182031.0,-0.338123,-1.070239,TTO,TUR,72
20026819,222,224,171,2011,0.0,13681994.0,-0.44228,-1.031793,TTO,TUR,72
20026820,222,224,171,2012,5170624.0,19996313.0,-0.420754,-1.0575299999999999,TTO,TUR,72
20026821,222,224,171,1995,0.0,102996.0,0.254658,-0.496058,TTO,TUR,72
20026822,222,224,171,1997,0.0,369293.0,0.28791,-0.38322399999999995,TTO,TUR,72
20026823,222,224,171,1998,0.0,2256365.0,0.273917,-0.453996,TTO,TUR,72
20026824,222,224,171,1999,0.0,547161.0,0.258046,-0.562956,TTO,TUR,72
20026825,222,224,171,2000,0.0,250713.0,-0.035037,-0.862433,TTO,TUR,72
20026826,222,224,171,2001,0.0,1160932.0,0.178256,-0.709126,TTO,TUR,72
20026827,222,224,171,2005,0.0,201376.0,0.13125699999999998,-0.9324479999999999,TTO,TUR,72
20026828,222,224,171,2006,0.0,2599653.0,-0.20651399999999998,-1.024907,TTO,TUR,72
20026829,222,224,171,2007,0.0,2870981.0,-0.371347,-1.0536709999999998,TTO,TUR,72
20026830,222,224,171,2008,0.0,7843051.0,-0.44752600000000003,-1.060906,TTO,TUR,72
20026831,222,224,171,2013,2194118.0,31060001.0,-0.280641,-1.083332,TTO,TUR,72
20026832,222,224,171,2014,0.0,36008810.0,-0.57362,-1.117545,TTO,TUR,72
20026833,222,224,171,2015,0.0,21155635.0,-0.462837,-1.117621,TTO,TUR,72
20026834,222,224,171,2003,1433617.0,0.0,-0.16738,-0.9820969999999999,TTO,TUR,72
20026835,222,224,171,2002,0.0,220710.0,0.074907,-0.8203879999999999,TTO,TUR,72
20026836,222,224,171,2004,0.0,921244.0,0.00677,-0.965385,TTO,TUR,72
20026837,222,224,171,2017,0.0,34232867.0,-0.183935,-1.012153,TTO,TUR,72
20026838,222,224,171,2018,0.0,55742418.0,-0.281617,-1.009652,TTO,TUR,72
20026839,222,224,171,2020,52216.0,40247539.0,0.156566,-0.653656,TTO,TUR,72
20026840,222,224,171,2019,0.0,47405367.0,0.1861,-0.874604,TTO,TUR,72
20026841,222,224,171,2016,0.0,18274776.0,-0.191969,-1.028843,TTO,TUR,72
20026842,223,224,171,2003,7643036.0,62067328.0,-0.14845999999999998,0.255092,TUN,TUR,72
20026843,223,224,171,2007,11894045.0,131111756.0,0.062824,0.74003,TUN,TUR,72
20026844,223,224,171,2019,7890961.0,129221434.0,0.19601300000000002,1.159766,TUN,TUR,72
20026845,223,224,171,2001,2623971.0,10458973.0,-0.162152,0.23939699999999997,TUN,TUR,72
20026846,223,224,171,2005,2001471.0,96180190.0,-0.07273099999999999,0.671113,TUN,TUR,72
20026847,223,224,171,2000,1776210.0,10412512.0,-0.188616,0.044912,TUN,TUR,72
20026848,223,224,171,2002,6456032.0,10422161.0,-0.221951,0.325506,TUN,TUR,72
20026849,223,224,171,2010,9776711.0,117085561.0,0.165019,0.8882059999999999,TUN,TUR,72
20026850,223,224,171,2016,3406632.0,119551002.0,0.171791,1.062948,TUN,TUR,72
20026851,223,224,171,2018,10049850.0,254965497.0,0.259778,1.187194,TUN,TUR,72
20026852,223,224,171,2006,3222875.0,55079482.0,-0.013636,0.804752,TUN,TUR,72
20026853,223,224,171,2004,5133426.0,106886269.0,-0.195751,0.335147,TUN,TUR,72
20026854,223,224,171,2008,7822626.0,141355960.0,0.084141,0.676248,TUN,TUR,72
20026855,223,224,171,2009,0.0,48573494.0,0.044903,0.9126120000000001,TUN,TUR,72
20026856,223,224,171,2017,12928943.0,201047620.0,0.224119,0.961772,TUN,TUR,72
20026857,223,224,171,2011,2851553.0,117681639.0,0.151221,1.1252360000000001,TUN,TUR,72
20026858,223,224,171,2012,0.0,52839079.0,0.24695799999999998,0.9356620000000001,TUN,TUR,72
20026859,223,224,171,2013,731286.0,66100857.0,0.185528,1.0070700000000001,TUN,TUR,72
20026860,223,224,171,2014,32384.0,58071278.0,0.343449,1.118007,TUN,TUR,72
20026861,223,224,171,2015,4494031.0,64451724.0,0.140202,0.967591,TUN,TUR,72
20026862,223,224,171,1998,1700615.0,17659688.0,-0.21677,-0.08694299999999999,TUN,TUR,72
20026863,223,224,171,1995,65081.0,14899330.0,-0.253792,-0.044331,TUN,TUR,72
20026864,223,224,171,1996,0.0,32777235.0,-0.28546,-0.089051,TUN,TUR,72
20026865,223,224,171,2020,10023907.0,98202617.0,0.220298,0.454477,TUN,TUR,72
20026866,223,224,171,1997,443003.0,13358436.0,-0.24073899999999998,-0.146818,TUN,TUR,72
20026867,223,224,171,1999,149105.0,12698673.0,-0.317866,-0.102551,TUN,TUR,72
20026868,226,224,171,2007,0.0,5343523.0,-0.8493959999999999,0.47116099999999994,TZA,TUR,72
20026869,226,224,171,2002,0.0,41593.0,-1.189463,-0.48640600000000006,TZA,TUR,72
20026870,226,224,171,2015,194636.0,13464440.0,-1.02395,-0.017509999999999998,TZA,TUR,72
20026871,226,224,171,1997,0.0,403604.0,-1.368133,-0.753692,TZA,TUR,72
20026872,226,224,171,2009,0.0,9309035.0,-0.822897,0.644899,TZA,TUR,72
20026873,226,224,171,2008,0.0,16743851.0,-0.755692,0.8751690000000001,TZA,TUR,72
20026874,226,224,171,2019,0.0,21096725.0,-0.907172,0.37293899999999996,TZA,TUR,72
20026875,226,224,171,2012,80263.0,39551635.0,-0.594481,0.770239,TZA,TUR,72
20026876,226,224,171,2018,0.0,18029373.0,-0.09850700000000001,1.145606,TZA,TUR,72
20026877,226,224,171,2005,0.0,204802.0,-1.049726,0.005511,TZA,TUR,72
20026878,226,224,171,2006,0.0,661814.0,-0.953097,0.159129,TZA,TUR,72
20026879,226,224,171,2001,0.0,408493.0,-1.193991,-0.49282200000000004,TZA,TUR,72
20026880,226,224,171,2013,0.0,33083373.0,-0.9306770000000001,0.273489,TZA,TUR,72
20026881,226,224,171,2014,0.0,14646585.0,-1.054331,0.166345,TZA,TUR,72
20026882,226,224,171,2016,0.0,6503858.0,-1.1008799999999999,-0.048319,TZA,TUR,72
20026883,226,224,171,2017,0.0,16334042.0,-1.0691709999999999,0.11636800000000001,TZA,TUR,72
20026884,226,224,171,2011,0.0,62556173.0,-0.751316,0.286505,TZA,TUR,72
20026885,226,224,171,1998,0.0,1489805.0,-0.972823,-0.428149,TZA,TUR,72
20026886,226,224,171,2000,0.0,1622622.0,-1.278362,-0.615536,TZA,TUR,72
20026887,226,224,171,2004,0.0,5243.0,-1.022658,-0.007045999999999999,TZA,TUR,72
20026888,226,224,171,2010,111263.0,21214139.0,-0.7327,0.427616,TZA,TUR,72
20026889,226,224,171,2020,6777822.0,17072657.0,-1.024,-0.023909,TZA,TUR,72
20026890,226,224,171,2003,0.0,980539.0,-1.225217,-0.43662399999999996,TZA,TUR,72
20026891,226,224,171,1995,0.0,1052621.0,-1.219949,-0.8698969999999999,TZA,TUR,72
20026892,226,224,171,1999,0.0,1561064.0,-1.068358,-0.54693,TZA,TUR,72
20026893,226,224,171,1996,0.0,14799.0,-1.391534,-0.907436,TZA,TUR,72
20026894,227,224,171,2019,0.0,4076040.0,-0.639476,0.148255,UGA,TUR,72
20026895,227,224,171,2010,0.0,3692665.0,-0.48061400000000004,0.187001,UGA,TUR,72
20026896,227,224,171,2007,0.0,378518.0,-0.900559,-0.42071400000000003,UGA,TUR,72
20026897,227,224,171,2017,0.0,782007.0,-0.6831020000000001,-0.046838,UGA,TUR,72
20026898,227,224,171,2004,19980.0,734217.0,-0.914733,-0.554346,UGA,TUR,72
20026899,227,224,171,2008,0.0,1272771.0,-0.653885,-0.035455,UGA,TUR,72
20026900,227,224,171,2011,0.0,2851104.0,-0.7153,-0.062678,UGA,TUR,72
20026901,227,224,171,2005,0.0,465557.0,-0.896567,-0.645536,UGA,TUR,72
20026902,227,224,171,2006,0.0,502229.0,-0.702511,-0.43976099999999996,UGA,TUR,72
20026903,227,224,171,2009,0.0,5524770.0,-0.573707,-0.036203,UGA,TUR,72
20026904,227,224,171,2012,0.0,5982353.0,-0.484868,0.153507,UGA,TUR,72
20026905,227,224,171,2013,0.0,2492006.0,-0.5462279999999999,0.200682,UGA,TUR,72
20026906,227,224,171,2014,0.0,1322553.0,-0.46911800000000003,0.25446599999999997,UGA,TUR,72
20026907,227,224,171,2015,0.0,895145.0,-0.611023,0.078961,UGA,TUR,72
20026908,227,224,171,2016,17493.0,919735.0,-0.37745300000000004,0.525303,UGA,TUR,72
20026909,227,224,171,2018,0.0,976250.0,-0.621049,-0.061448,UGA,TUR,72
20026910,227,224,171,2020,0.0,1835306.0,-0.55156,-0.019136,UGA,TUR,72
20026911,227,224,171,1998,0.0,30525.0,-0.996762,-1.01326,UGA,TUR,72
20026912,227,224,171,2003,0.0,323220.0,-0.895193,-0.712039,UGA,TUR,72
20026913,228,224,171,2009,1415909445.0,10007735.0,0.602688,0.830247,UKR,TUR,72
20026914,228,224,171,2010,1828780162.0,25829868.0,0.714148,0.916267,UKR,TUR,72
20026915,228,224,171,2011,2016407580.0,58016854.0,0.6221409999999999,0.765505,UKR,TUR,72
20026916,228,224,171,2012,2172475948.0,73896883.0,0.590001,0.8422069999999999,UKR,TUR,72
20026917,228,224,171,2013,2210356958.0,65993494.0,0.657729,0.9063200000000001,UKR,TUR,72
20026918,228,224,171,2014,2188731915.0,32379124.0,0.566535,0.832267,UKR,TUR,72
20026919,228,224,171,2015,1463970436.0,24436247.0,0.429879,0.701813,UKR,TUR,72
20026920,228,224,171,2016,1031455022.0,31509175.0,0.406901,0.637051,UKR,TUR,72
20026921,228,224,171,2017,1081708229.0,57802809.0,0.461109,0.7826569999999999,UKR,TUR,72
20026922,228,224,171,2018,1106481119.0,93403522.0,0.337296,0.758675,UKR,TUR,72
20026923,228,224,171,2019,769325697.0,155250051.0,0.303802,0.5650270000000001,UKR,TUR,72
20026924,228,224,171,2020,957358983.0,119520344.0,0.383736,0.531328,UKR,TUR,72
20026925,228,224,171,2000,541303426.0,529801.0,0.763783,0.8563,UKR,TUR,72
20026926,228,224,171,2001,321666977.0,1378887.0,0.8376969999999999,0.989059,UKR,TUR,72
20026927,228,224,171,2002,395451687.0,573611.0,0.835485,0.872135,UKR,TUR,72
20026928,228,224,171,2003,534776831.0,1397135.0,0.8929389999999999,0.956685,UKR,TUR,72
20026929,228,224,171,2004,1290494048.0,6907857.0,0.8758040000000001,0.8195879999999999,UKR,TUR,72
20026930,228,224,171,2006,1529515207.0,19487052.0,0.7008439999999999,0.79656,UKR,TUR,72
20026931,228,224,171,2007,2446066568.0,42664899.0,0.7441760000000001,0.8681260000000001,UKR,TUR,72
20026932,228,224,171,2008,3324845616.0,33178080.0,0.59355,0.764415,UKR,TUR,72
20026933,228,224,171,2005,1274953344.0,5918631.0,0.701846,0.687519,UKR,TUR,72
20026934,228,224,171,1996,362494918.0,552037.0,0.896537,0.9241459999999999,UKR,TUR,72
20026935,228,224,171,1997,583946358.0,1052364.0,0.8502559999999999,0.956254,UKR,TUR,72
20026936,228,224,171,1998,562727687.0,118834.0,0.880876,0.783668,UKR,TUR,72
20026937,228,224,171,1999,415782803.0,455956.0,0.6242270000000001,0.742258,UKR,TUR,72
20026938,228,224,171,1995,487348629.0,85780.0,0.428875,0.20489899999999997,UKR,TUR,72
20026939,229,224,171,2004,1518906.0,0.0,0.407876,-0.478498,UMI,TUR,72
20026940,229,224,171,2003,4410284.0,0.0,0.169425,-0.604107,UMI,TUR,72
20026941,230,224,171,1999,0.0,349042.0,0.26815700000000003,0.307394,URY,TUR,72
20026942,230,224,171,2006,0.0,293015.0,0.234384,0.118878,URY,TUR,72
20026943,230,224,171,2007,0.0,1116163.0,0.184883,0.207788,URY,TUR,72
20026944,230,224,171,2009,0.0,2878963.0,0.260419,-0.171944,URY,TUR,72
20026945,230,224,171,2010,28560.0,7555125.0,0.217246,-0.079733,URY,TUR,72
20026946,230,224,171,2011,0.0,10565801.0,0.313195,0.042866,URY,TUR,72
20026947,230,224,171,2012,0.0,14743681.0,0.207742,-0.101484,URY,TUR,72
20026948,230,224,171,2018,0.0,8538236.0,-0.02056,-0.38911,URY,TUR,72
20026949,230,224,171,2003,0.0,35804.0,0.19792200000000001,0.243104,URY,TUR,72
20026950,230,224,171,2008,0.0,3414238.0,0.376164,0.049387,URY,TUR,72
20026951,230,224,171,2015,0.0,12881561.0,0.273876,-0.363695,URY,TUR,72
20026952,230,224,171,2016,0.0,7224135.0,0.098051,-0.45418400000000003,URY,TUR,72
20026953,230,224,171,2014,0.0,13326073.0,0.154034,-0.380899,URY,TUR,72
20026954,230,224,171,2002,0.0,4039.0,0.300502,0.16817000000000001,URY,TUR,72
20026955,230,224,171,2004,0.0,84234.0,0.151633,0.121776,URY,TUR,72
20026956,230,224,171,2005,0.0,161626.0,0.305842,0.271262,URY,TUR,72
20026957,230,224,171,2013,0.0,13918920.0,0.20190999999999998,-0.19777999999999998,URY,TUR,72
20026958,230,224,171,2017,0.0,12851256.0,0.16963,-0.403006,URY,TUR,72
20026959,230,224,171,2019,0.0,5991741.0,-0.077549,-0.473943,URY,TUR,72
20026960,230,224,171,2020,0.0,8754865.0,-0.127375,-0.449032,URY,TUR,72
20026961,230,224,171,1996,25337.0,0.0,0.171541,0.313934,URY,TUR,72
20026962,230,224,171,1998,0.0,12771.0,0.323022,0.293694,URY,TUR,72
20026963,230,224,171,2000,0.0,13903.0,0.30753600000000003,0.290506,URY,TUR,72
20026964,230,224,171,2001,0.0,5291.0,0.36029,0.298869,URY,TUR,72
20026965,230,224,171,1995,17664.0,0.0,0.45133900000000005,0.50831,URY,TUR,72
20026966,231,224,171,1995,199623417.0,170981449.0,1.771648,1.184,USA,TUR,72
20026967,231,224,171,1996,113113108.0,112903311.0,1.7110560000000001,1.125141,USA,TUR,72
20026968,231,224,171,1997,78347197.0,189735550.0,1.823511,0.888084,USA,TUR,72
20026969,231,224,171,1999,28655714.0,100130039.0,1.8755119999999998,0.5350729999999999,USA,TUR,72
20026970,231,224,171,2000,11715537.0,149297308.0,1.8549650000000002,0.226992,USA,TUR,72
20026971,231,224,171,2001,40712158.0,182000079.0,1.873674,0.168468,USA,TUR,72
20026972,231,224,171,2002,47910299.0,258537202.0,1.821594,0.231296,USA,TUR,72
20026973,231,224,171,2003,83670285.0,185897552.0,1.7789220000000001,0.064028,USA,TUR,72
20026974,231,224,171,2005,313164107.0,423343380.0,1.718086,-0.34564,USA,TUR,72
20026975,231,224,171,2006,584982557.0,770741129.0,1.666643,-0.121679,USA,TUR,72
20026976,231,224,171,2007,920629126.0,238376891.0,1.612165,0.0922,USA,TUR,72
20026977,231,224,171,2008,2046499797.0,503958063.0,1.584278,-0.209788,USA,TUR,72
20026978,231,224,171,2009,908601013.0,159006033.0,1.657663,-0.41411400000000004,USA,TUR,72
20026979,231,224,171,2010,1532641648.0,238482783.0,1.67573,-0.598165,USA,TUR,72
20026980,231,224,171,2011,2234841805.0,410901867.0,1.6884849999999998,-0.474499,USA,TUR,72
20026981,231,224,171,2012,2311386434.0,588285245.0,1.628377,-0.601941,USA,TUR,72
20026982,231,224,171,2013,1823502527.0,446977306.0,1.6639689999999998,-0.48651300000000003,USA,TUR,72
20026983,231,224,171,2014,1268061933.0,998320777.0,1.61227,0.068905,USA,TUR,72
20026984,231,224,171,2015,833638005.0,900167483.0,1.720478,-0.129322,USA,TUR,72
20026985,231,224,171,2016,593630808.0,855556406.0,1.685329,0.297536,USA,TUR,72
20026986,231,224,171,2017,931228594.0,907058731.0,1.601478,0.277271,USA,TUR,72
20026987,231,224,171,2018,992854023.0,542921665.0,1.585861,0.44815900000000003,USA,TUR,72
20026988,231,224,171,2019,936478979.0,102169425.0,1.606808,0.3232,USA,TUR,72
20026989,231,224,171,2020,895936797.0,256321466.0,1.588148,0.380904,USA,TUR,72
20026990,231,224,171,1998,61551087.0,149497854.0,1.8223639999999999,0.761336,USA,TUR,72
20026991,231,224,171,2004,142608481.0,827990521.0,1.7598630000000002,0.066704,USA,TUR,72
20026992,232,224,171,2018,5811192.0,9071673.0,-0.591547,-0.429982,UZB,TUR,72
20026993,232,224,171,2019,0.0,8362807.0,-0.5856060000000001,-0.311248,UZB,TUR,72
20026994,232,224,171,2020,11460.0,5610856.0,-0.309411,0.071414,UZB,TUR,72
20026995,232,224,171,2017,4440756.0,8464232.0,-0.407169,-0.264942,UZB,TUR,72
20026996,232,224,171,2008,0.0,2578530.0,-0.470184,-0.773163,UZB,TUR,72
20026997,232,224,171,2009,0.0,1138428.0,-0.6115470000000001,-0.710622,UZB,TUR,72
20026998,232,224,171,2010,0.0,2550606.0,-0.704097,-0.655055,UZB,TUR,72
20026999,232,224,171,2015,0.0,1736082.0,-0.724966,-0.599292,UZB,TUR,72
20027000,232,224,171,2016,0.0,1804132.0,-0.703465,-0.493036,UZB,TUR,72
20027001,232,224,171,2011,0.0,3328939.0,-0.785878,-0.663918,UZB,TUR,72
20027002,232,224,171,2006,13094.0,682914.0,-0.457759,-0.784626,UZB,TUR,72
20027003,232,224,171,2001,0.0,596911.0,-0.395913,-0.6454449999999999,UZB,TUR,72
20027004,232,224,171,2007,0.0,2856470.0,-0.540449,-0.799454,UZB,TUR,72
20027005,232,224,171,2012,0.0,1688768.0,-0.5875670000000001,-0.549863,UZB,TUR,72
20027006,232,224,171,2013,0.0,5275225.0,-0.748212,-0.567268,UZB,TUR,72
20027007,232,224,171,2014,0.0,2248662.0,-0.407623,-0.37150700000000003,UZB,TUR,72
20027008,232,224,171,2005,0.0,1180165.0,-0.357031,-0.730797,UZB,TUR,72
20027009,232,224,171,2002,0.0,664405.0,-0.379765,-0.5965159999999999,UZB,TUR,72
20027010,232,224,171,2003,0.0,787325.0,-0.285978,-0.703334,UZB,TUR,72
20027011,232,224,171,2004,0.0,681404.0,-0.50605,-0.824691,UZB,TUR,72
20027012,232,224,171,1996,0.0,1010324.0,-0.17393499999999998,-0.727476,UZB,TUR,72
20027013,232,224,171,2000,209853.0,177236.0,-0.405531,-0.598955,UZB,TUR,72
20027014,232,224,171,1995,0.0,152223.0,-0.29740900000000003,-0.9456190000000001,UZB,TUR,72
20027015,232,224,171,1997,0.0,1294562.0,-0.26560700000000004,-0.870447,UZB,TUR,72
20027016,232,224,171,1999,0.0,470037.0,-0.43066499999999996,-0.767428,UZB,TUR,72
20027017,232,224,171,1998,0.0,1621781.0,-0.283425,-0.7488520000000001,UZB,TUR,72
20027018,234,224,171,2012,0.0,242863.0,0.233053,-0.292993,VCT,TUR,72
20027019,234,224,171,2013,0.0,459872.0,0.193198,-0.23631799999999997,VCT,TUR,72
20027020,234,224,171,2009,0.0,396397.0,-0.068356,-0.6011350000000001,VCT,TUR,72
20027021,234,224,171,2011,0.0,1414072.0,0.291718,-0.250897,VCT,TUR,72
20027022,234,224,171,2014,0.0,172036.0,0.034024,-0.522492,VCT,TUR,72
20027023,234,224,171,2018,0.0,478100.0,-0.274831,-0.603525,VCT,TUR,72
20027024,234,224,171,2006,0.0,8380.0,-0.6097060000000001,-0.8844770000000001,VCT,TUR,72
20027025,234,224,171,2008,0.0,206010.0,-0.598538,-0.8798459999999999,VCT,TUR,72
20027026,234,224,171,2019,0.0,961455.0,-0.712703,-0.859416,VCT,TUR,72
20027027,234,224,171,1999,0.0,230586.0,-0.28283400000000003,-0.755695,VCT,TUR,72
20027028,234,224,171,1996,0.0,218500.0,-0.123896,-0.5798989999999999,VCT,TUR,72
20027029,234,224,171,2017,0.0,715450.0,-0.040273,-0.549452,VCT,TUR,72
20027030,234,224,171,2015,0.0,983959.0,0.087811,-0.35481999999999997,VCT,TUR,72
20027031,234,224,171,2020,0.0,836624.0,-0.8252809999999999,-0.89407,VCT,TUR,72
20027032,234,224,171,2016,0.0,602840.0,0.157611,-0.581526,VCT,TUR,72
20027033,236,224,171,1996,3085564.0,0.0,0.07086100000000001,-0.761307,VEN,TUR,72
20027034,236,224,171,1997,573902.0,5762.0,0.21363200000000002,-0.668341,VEN,TUR,72
20027035,236,224,171,1999,867827.0,855005.0,0.16454100000000002,-0.691021,VEN,TUR,72
20027036,236,224,171,2000,448734.0,284776.0,0.19788499999999998,-0.779957,VEN,TUR,72
20027037,236,224,171,2005,0.0,570267.0,0.248175,-0.9600629999999999,VEN,TUR,72
20027038,236,224,171,2009,0.0,412056.0,-0.5847600000000001,-1.150334,VEN,TUR,72
20027039,236,224,171,2010,27963058.0,1693235.0,-0.660844,-1.145133,VEN,TUR,72
20027040,236,224,171,2011,0.0,27669276.0,-0.841147,-1.095636,VEN,TUR,72
20027041,236,224,171,2012,8293370.0,47183454.0,-1.3417270000000001,-1.154304,VEN,TUR,72
20027042,236,224,171,2013,58737146.0,3565379.0,-0.778172,-1.107059,VEN,TUR,72
20027043,236,224,171,2014,0.0,10124761.0,-0.582086,-1.081727,VEN,TUR,72
20027044,236,224,171,2015,15465373.0,2271459.0,-0.9249129999999999,-1.1877280000000001,VEN,TUR,72
20027045,236,224,171,2017,43841649.0,634142.0,-0.8874559999999999,-1.178752,VEN,TUR,72
20027046,236,224,171,1998,957676.0,949695.0,0.288717,-0.540639,VEN,TUR,72
20027047,236,224,171,2001,0.0,3826618.0,0.261158,-0.7397,VEN,TUR,72
20027048,236,224,171,2002,0.0,1371729.0,0.211536,-0.715675,VEN,TUR,72
20027049,236,224,171,2003,0.0,1889661.0,0.277805,-0.783697,VEN,TUR,72
20027050,236,224,171,2004,0.0,484567.0,0.048698000000000005,-0.899776,VEN,TUR,72
20027051,236,224,171,2006,0.0,1558132.0,-0.340972,-1.015462,VEN,TUR,72
20027052,236,224,171,2008,399907.0,531562.0,-0.442996,-1.0439969999999998,VEN,TUR,72
20027053,236,224,171,2016,20196687.0,372564.0,-0.844669,-1.164315,VEN,TUR,72
20027054,236,224,171,2018,37748890.0,849326.0,-1.081138,-1.198717,VEN,TUR,72
20027055,236,224,171,2019,11530554.0,135383.0,-1.318175,-1.2506110000000001,VEN,TUR,72
20027056,236,224,171,2020,40128736.0,931962.0,-1.058537,-1.178218,VEN,TUR,72
20027057,236,224,171,2007,13882340.0,3088947.0,-0.231215,-0.9839200000000001,VEN,TUR,72
20027058,237,224,171,2003,74591.0,883866.0,0.685109,-0.20824299999999998,VGB,TUR,72
20027059,237,224,171,2014,601839.0,1036059.0,0.484282,-0.082974,VGB,TUR,72
20027060,237,224,171,2016,2665.0,0.0,0.566815,-0.43181800000000004,VGB,TUR,72
20027061,237,224,171,2011,0.0,2347720.0,0.780217,-0.010428,VGB,TUR,72
20027062,237,224,171,2013,0.0,1028741.0,0.616863,-0.314222,VGB,TUR,72
20027063,237,224,171,2015,0.0,349109.0,0.914493,-0.31357399999999996,VGB,TUR,72
20027064,237,224,171,2018,0.0,115986.0,0.995964,-0.167496,VGB,TUR,72
20027065,237,224,171,2017,0.0,2090251.0,0.768,-0.257912,VGB,TUR,72
20027066,237,224,171,2009,0.0,2565.0,0.903839,0.093044,VGB,TUR,72
20027067,237,224,171,2019,0.0,614670.0,1.145175,-0.41776199999999997,VGB,TUR,72
20027068,237,224,171,2004,0.0,2675285.0,0.597043,-0.348742,VGB,TUR,72
20027069,237,224,171,2001,25193.0,2140290.0,0.759566,-0.16636099999999998,VGB,TUR,72
20027070,237,224,171,2006,0.0,1063320.0,1.05644,0.179306,VGB,TUR,72
20027071,237,224,171,2005,2295699.0,278657.0,0.67282,-0.329218,VGB,TUR,72
20027072,237,224,171,2020,0.0,241574.0,1.342215,-0.501111,VGB,TUR,72
20027073,237,224,171,2000,0.0,895803.0,1.06873,0.090886,VGB,TUR,72
20027074,237,224,171,2002,0.0,2683.0,1.022393,-0.23957399999999998,VGB,TUR,72
20027075,237,224,171,2010,0.0,100828.0,0.699891,-0.29630300000000004,VGB,TUR,72
20027076,237,224,171,1998,872155.0,0.0,1.06785,-0.03292,VGB,TUR,72
20027077,239,224,171,2000,0.0,8137.0,-0.849311,0.391474,VNM,TUR,72
20027078,239,224,171,2002,0.0,9888297.0,-0.589665,0.799874,VNM,TUR,72
20027079,239,224,171,2013,10776318.0,370528.0,-0.11426900000000001,1.399738,VNM,TUR,72
20027080,239,224,171,2018,3855238.0,2207659.0,0.003069,0.9169729999999999,VNM,TUR,72
20027081,239,224,171,2019,3341250.0,36832777.0,-0.048147,1.098784,VNM,TUR,72
20027082,239,224,171,2008,85287314.0,52864578.0,-0.207083,1.1323370000000001,VNM,TUR,72
20027083,239,224,171,2010,11530374.0,15997974.0,-0.24660500000000002,1.427235,VNM,TUR,72
20027084,239,224,171,2015,21815616.0,785207.0,-0.17108900000000002,1.10995,VNM,TUR,72
20027085,239,224,171,2016,5612772.0,1176290.0,-0.10217899999999999,1.015568,VNM,TUR,72
20027086,239,224,171,2009,4740199.0,100753976.0,-0.27396,1.131199,VNM,TUR,72
20027087,239,224,171,2011,22066685.0,5526084.0,-0.184453,1.637207,VNM,TUR,72
20027088,239,224,171,2005,17410.0,0.0,-0.673618,0.766938,VNM,TUR,72
20027089,239,224,171,2017,3738829.0,1288969.0,-0.009819,0.686429,VNM,TUR,72
20027090,239,224,171,2003,0.0,59483.0,-0.633985,0.659696,VNM,TUR,72
20027091,239,224,171,2007,2210542.0,3257741.0,-0.335613,1.048849,VNM,TUR,72
20027092,239,224,171,2012,18576232.0,9101568.0,0.012365000000000001,1.290936,VNM,TUR,72
20027093,239,224,171,2014,15649736.0,1012367.0,-0.023765,1.344416,VNM,TUR,72
20027094,239,224,171,2020,1693777.0,3355880.0,0.034229,0.89099,VNM,TUR,72
20027095,239,224,171,2004,0.0,2776110.0,-0.5270560000000001,0.8910389999999999,VNM,TUR,72
20027096,239,224,171,2006,0.0,772410.0,-0.342779,1.033318,VNM,TUR,72
20027097,239,224,171,1999,0.0,1466944.0,-0.9824940000000001,0.115755,VNM,TUR,72
20027098,239,224,171,1995,0.0,14300233.0,-1.0462069999999999,-0.269063,VNM,TUR,72
20027099,239,224,171,1996,0.0,23464513.0,-0.9336469999999999,-0.10985199999999999,VNM,TUR,72
20027100,239,224,171,1997,0.0,14554148.0,-0.93384,0.06253099999999999,VNM,TUR,72
20027101,240,224,171,2016,0.0,48695.0,-1.187374,-0.9973350000000001,VUT,TUR,72
20027102,240,224,171,2018,0.0,32107.0,-1.595495,-1.026155,VUT,TUR,72
20027103,240,224,171,2015,0.0,68422.0,-1.6531169999999997,-1.018974,VUT,TUR,72
20027104,240,224,171,2017,0.0,69013.0,-1.223329,-1.005357,VUT,TUR,72
20027105,240,224,171,2019,0.0,26040.0,-0.88634,-0.943023,VUT,TUR,72
20027106,241,224,171,2019,0.0,13379.0,2.073123,-0.6077170000000001,WLF,TUR,72
20027107,241,224,171,2020,0.0,38516.0,0.601576,-0.727147,WLF,TUR,72
20027108,242,224,171,2019,0.0,55306.0,0.22290700000000002,-0.164178,WSM,TUR,72
20027109,242,224,171,2018,0.0,20207.0,0.336421,0.186474,WSM,TUR,72
20027110,243,224,171,2004,16264.0,154064631.0,-1.15115,-1.207897,YEM,TUR,72
20027111,243,224,171,2008,8001.0,250621031.0,-1.227495,-1.191462,YEM,TUR,72
20027112,243,224,171,2006,0.0,117657671.0,-1.0407110000000002,-1.13042,YEM,TUR,72
20027113,243,224,171,2007,0.0,164792618.0,-1.2624600000000001,-1.2131290000000001,YEM,TUR,72
20027114,243,224,171,2011,0.0,169859655.0,-1.44127,-1.242875,YEM,TUR,72
20027115,243,224,171,2012,27582.0,341268525.0,-1.277216,-1.2331590000000001,YEM,TUR,72
20027116,243,224,171,2005,9884.0,132532926.0,-1.214267,-1.2094719999999999,YEM,TUR,72
20027117,243,224,171,2010,4454.0,199440386.0,-1.360851,-1.208826,YEM,TUR,72
20027118,243,224,171,2009,0.0,266401329.0,-0.845426,-1.119091,YEM,TUR,72
20027119,243,224,171,2013,5859.0,408303423.0,-1.252605,-1.207324,YEM,TUR,72
20027120,243,224,171,2015,6795601.0,186617178.0,-1.048632,-1.10843,YEM,TUR,72
20027121,243,224,171,2019,0.0,535512810.0,-1.4367860000000001,-1.262101,YEM,TUR,72
20027122,243,224,171,2014,5388550.0,438089081.0,-1.2829190000000001,-1.227373,YEM,TUR,72
20027123,243,224,171,2018,278710.0,468838022.0,-1.3332899999999999,-1.200589,YEM,TUR,72
20027124,243,224,171,2017,0.0,336884900.0,-1.397594,-1.2342110000000002,YEM,TUR,72
20027125,243,224,171,2020,0.0,404254539.0,-1.130952,-1.137774,YEM,TUR,72
20027126,243,224,171,2016,0.0,232573336.0,-1.232675,-1.205963,YEM,TUR,72
20027127,243,224,171,1999,0.0,54970390.0,-1.746447,-1.296571,YEM,TUR,72
20027128,243,224,171,2000,0.0,42928389.0,-1.74462,-1.26072,YEM,TUR,72
20027129,243,224,171,2001,0.0,71289816.0,-1.465154,-1.261615,YEM,TUR,72
20027130,243,224,171,2002,0.0,72588787.0,-1.233006,-1.22101,YEM,TUR,72
20027131,243,224,171,2003,0.0,107390870.0,-1.453584,-1.257815,YEM,TUR,72
20027132,243,224,171,1995,338582.0,60054778.0,-1.302346,-1.135961,YEM,TUR,72
20027133,243,224,171,1996,622834.0,57786431.0,-1.304556,-1.200523,YEM,TUR,72
20027134,243,224,171,1997,0.0,62227243.0,-1.7204130000000002,-1.242057,YEM,TUR,72
20027135,243,224,171,1998,0.0,39566524.0,-1.458683,-1.263139,YEM,TUR,72
20027136,246,224,171,2010,41828208.0,2844315.0,0.327326,1.513598,ZAF,TUR,72
20027137,246,224,171,2008,26211612.0,24035638.0,0.22551500000000002,1.185506,ZAF,TUR,72
20027138,246,224,171,2009,18614563.0,724530.0,0.316452,1.767795,ZAF,TUR,72
20027139,246,224,171,2004,20108575.0,1131625.0,0.460279,1.9736220000000002,ZAF,TUR,72
20027140,246,224,171,2011,40779472.0,45624063.0,0.241792,1.353011,ZAF,TUR,72
20027141,246,224,171,2012,49230644.0,9554386.0,0.284069,1.730991,ZAF,TUR,72
20027142,246,224,171,2018,36705936.0,6675116.0,0.158722,1.394829,ZAF,TUR,72
20027143,246,224,171,2019,31109916.0,13813504.0,0.129921,1.101027,ZAF,TUR,72
20027144,246,224,171,2020,25821563.0,55085343.0,0.042099,0.923931,ZAF,TUR,72
20027145,246,224,171,2005,20531978.0,4099362.0,0.484464,1.65903,ZAF,TUR,72
20027146,246,224,171,2017,15187676.0,11762642.0,0.2066,1.378591,ZAF,TUR,72
20027147,246,224,171,2002,11320865.0,2012066.0,0.395943,2.392458,ZAF,TUR,72
20027148,246,224,171,2003,13747303.0,1347614.0,0.477987,2.255395,ZAF,TUR,72
20027149,246,224,171,1997,11055286.0,616418.0,0.501792,1.1192440000000001,ZAF,TUR,72
20027150,246,224,171,2014,90293801.0,17001041.0,0.282927,1.723214,ZAF,TUR,72
20027151,246,224,171,2015,74168018.0,9977316.0,0.24944699999999997,1.7573159999999999,ZAF,TUR,72
20027152,246,224,171,2013,86450931.0,20508254.0,0.380284,1.5682120000000002,ZAF,TUR,72
20027153,246,224,171,2016,15276883.0,10547569.0,0.187396,1.46169,ZAF,TUR,72
20027154,246,224,171,2001,6270267.0,552413.0,0.356842,2.006155,ZAF,TUR,72
20027155,246,224,171,1996,12389125.0,2958690.0,0.456593,1.150786,ZAF,TUR,72
20027156,246,224,171,2007,28634536.0,2630673.0,0.349792,1.246052,ZAF,TUR,72
20027157,246,224,171,2006,29425527.0,12276302.0,0.37964499999999995,1.466326,ZAF,TUR,72
20027158,246,224,171,1995,21534357.0,2749583.0,0.468112,1.039817,ZAF,TUR,72
20027159,246,224,171,1998,17471949.0,446183.0,0.573958,1.3813739999999999,ZAF,TUR,72
20027160,246,224,171,1999,25592446.0,533775.0,0.543171,1.432792,ZAF,TUR,72
20027161,246,224,171,2000,15719773.0,2416333.0,0.5307529999999999,2.1141810000000003,ZAF,TUR,72
20027162,247,224,171,2004,98697.0,0.0,-0.9972190000000001,-0.853986,ZMB,TUR,72
20027163,247,224,171,2005,16655.0,57240.0,-0.854234,-0.9467399999999999,ZMB,TUR,72
20027164,247,224,171,2008,0.0,1951519.0,-0.798489,-0.9437639999999999,ZMB,TUR,72
20027165,247,224,171,2009,0.0,9281.0,-0.6423909999999999,-0.815315,ZMB,TUR,72
20027166,247,224,171,2010,29304.0,22670.0,-0.650686,-0.830332,ZMB,TUR,72
20027167,247,224,171,2011,0.0,16923.0,-0.7599,-0.941019,ZMB,TUR,72
20027168,247,224,171,2012,0.0,311576.0,-0.40962200000000004,-0.770245,ZMB,TUR,72
20027169,247,224,171,2013,0.0,14364.0,-0.382129,-0.5442229999999999,ZMB,TUR,72
20027170,247,224,171,2014,0.0,9466.0,-0.664089,-0.793452,ZMB,TUR,72
20027171,247,224,171,2015,0.0,14937.0,-0.44792,-0.769586,ZMB,TUR,72
20027172,247,224,171,2016,58117.0,30882.0,-0.632437,-0.968817,ZMB,TUR,72
20027173,247,224,171,2017,1313423.0,16519.0,-0.8594290000000001,-1.0574459999999999,ZMB,TUR,72
20027174,247,224,171,2018,292911.0,7097.0,-0.736064,-0.93958,ZMB,TUR,72
20027175,247,224,171,2019,229450.0,141855.0,-0.629261,-0.8471489999999999,ZMB,TUR,72
20027176,247,224,171,2020,0.0,208546.0,-0.9162379999999999,-0.9523940000000001,ZMB,TUR,72
20027177,247,224,171,2006,0.0,29420.0,-0.5307,-0.793621,ZMB,TUR,72
20027178,248,224,171,2012,0.0,67878.0,-0.8025100000000001,-0.869078,ZWE,TUR,72
20027179,248,224,171,2007,447843.0,18253.0,-0.5271399999999999,-0.47033800000000003,ZWE,TUR,72
20027180,248,224,171,1995,0.0,18821.0,-0.054752999999999996,0.326737,ZWE,TUR,72
20027181,248,224,171,2000,0.0,37464.0,-0.454005,0.082856,ZWE,TUR,72
20027182,248,224,171,2004,0.0,14132.0,-0.560593,-0.091112,ZWE,TUR,72
20027183,248,224,171,2005,21184.0,19822.0,-0.559266,-0.395637,ZWE,TUR,72
20027184,248,224,171,2006,378880.0,16889.0,-0.41825500000000004,-0.55313,ZWE,TUR,72
20027185,248,224,171,2008,366671.0,0.0,-0.377992,-0.577244,ZWE,TUR,72
20027186,248,224,171,2015,0.0,9300.0,-0.838017,-0.9400270000000001,ZWE,TUR,72
20027187,248,224,171,2019,2920257.0,393127.0,-0.9993780000000001,-1.018174,ZWE,TUR,72
20027188,248,224,171,2017,15961.0,3223.0,-1.101402,-1.0831680000000001,ZWE,TUR,72
20027189,248,224,171,2016,0.0,44335.0,-1.083532,-1.0016610000000001,ZWE,TUR,72
20027190,248,224,171,2001,0.0,89214.0,-0.6321829999999999,-0.453671,ZWE,TUR,72
20027191,248,224,171,2018,0.0,11327.0,-1.181524,-1.0648520000000001,ZWE,TUR,72
20027192,248,224,171,2020,378341.0,153300.0,-1.039532,-1.12853,ZWE,TUR,72
20027193,248,224,171,1997,0.0,28576.0,-0.36357399999999995,-0.449161,ZWE,TUR,72
20027194,248,224,171,1996,0.0,56903.0,-0.393769,-0.34379,ZWE,TUR,72
20027195,248,224,171,2003,41085.0,14699.0,-0.366539,-0.18906199999999998,ZWE,TUR,72
20027196,249,224,171,2001,811382.0,24559384.0,1.5731700000000002,1.353159,TWN,TUR,72
20027197,249,224,171,2002,1866626.0,180342264.0,1.683858,1.333601,TWN,TUR,72
20027198,249,224,171,2007,133362554.0,10959941.0,1.651607,0.974649,TWN,TUR,72
20027199,249,224,171,2009,112158460.0,44919774.0,1.5763120000000002,0.9567950000000001,TWN,TUR,72
20027200,249,224,171,2010,152638778.0,37835241.0,1.766729,0.909335,TWN,TUR,72
20027201,249,224,171,2012,177787249.0,11130454.0,1.6528,0.9437409999999999,TWN,TUR,72
20027202,249,224,171,2013,188625528.0,9303745.0,1.843186,0.9432379999999999,TWN,TUR,72
20027203,249,224,171,2017,84502475.0,11849871.0,2.0548290000000002,1.2552969999999999,TWN,TUR,72
20027204,249,224,171,2018,86746749.0,28980412.0,2.0462540000000002,1.166636,TWN,TUR,72
20027205,249,224,171,2016,82511252.0,5864448.0,2.002996,1.39485,TWN,TUR,72
20027206,249,224,171,2019,68228128.0,34938165.0,2.123296,1.1786969999999999,TWN,TUR,72
20027207,249,224,171,2020,57527148.0,21594523.0,2.0517060000000003,1.205431,TWN,TUR,72
20027208,249,224,171,2011,192656383.0,29851643.0,1.803234,0.921233,TWN,TUR,72
20027209,249,224,171,2014,141529833.0,5158748.0,1.9044189999999999,1.0595139999999998,TWN,TUR,72
20027210,249,224,171,2015,121821058.0,4773441.0,1.962832,1.214982,TWN,TUR,72
20027211,249,224,171,2000,1934046.0,27766317.0,1.44705,1.475122,TWN,TUR,72
20027212,249,224,171,2003,3905751.0,79127189.0,1.5924040000000002,1.397843,TWN,TUR,72
20027213,249,224,171,2005,18166932.0,8841543.0,1.577067,1.3218450000000002,TWN,TUR,72
20027214,249,224,171,2006,68108104.0,385126.0,1.619915,1.2289940000000001,TWN,TUR,72
20027215,249,224,171,2008,129289780.0,10559207.0,1.611693,0.93875,TWN,TUR,72
20027216,249,224,171,2004,6594562.0,108305742.0,1.626307,1.358315,TWN,TUR,72
20027217,249,224,171,1998,2075120.0,932445.0,1.224725,1.890322,TWN,TUR,72
20027218,249,224,171,1999,493752.0,1217797.0,1.336816,1.725334,TWN,TUR,72
20027219,249,224,171,1997,1496999.0,18144335.0,1.317672,1.800561,TWN,TUR,72
20027220,249,224,171,1996,1719476.0,12317887.0,1.432225,1.675389,TWN,TUR,72
20027221,249,224,171,1995,4472093.0,89475201.0,1.345205,1.9337389999999999,TWN,TUR,72
20027222,250,224,171,2010,24775165.0,79137653.0,0.45129600000000003,-0.223517,ANS,TUR,72
20027223,250,224,171,2011,28168602.0,130410915.0,0.475638,-0.160135,ANS,TUR,72
20027224,250,224,171,2012,25969588.0,114962526.0,0.385997,-0.057784,ANS,TUR,72
20027225,250,224,171,2013,22896426.0,151293831.0,0.628555,0.277602,ANS,TUR,72
20027226,250,224,171,2014,20746057.0,186917533.0,0.506842,0.049545,ANS,TUR,72
20027227,250,224,171,2015,404937.0,5009.0,0.377283,-0.092204,ANS,TUR,72
20027228,250,224,171,2016,101152.0,63064.0,0.773312,-0.015385,ANS,TUR,72
20027229,250,224,171,2017,0.0,312986.0,0.72523,-0.205046,ANS,TUR,72
20027230,250,224,171,2018,188492.0,440200.0,0.809991,-0.368737,ANS,TUR,72
20027231,250,224,171,2019,0.0,7678.0,0.8996129999999999,-0.152746,ANS,TUR,72
20027232,250,224,171,2020,4774503.0,52809.0,0.866041,-0.371104,ANS,TUR,72
20027233,250,224,171,2009,17198488.0,51783504.0,0.582246,-0.10603,ANS,TUR,72
20027234,250,224,171,2008,18241903.0,84348055.0,0.547909,-0.5303640000000001,ANS,TUR,72
20027235,250,224,171,2007,9069259.0,63637449.0,0.671936,-0.284418,ANS,TUR,72
20027236,250,224,171,2003,1973554.0,12557500.0,0.45951499999999995,-0.2312,ANS,TUR,72
20027237,250,224,171,1998,2500148.0,10201553.0,1.144164,1.187425,ANS,TUR,72
20027238,250,224,171,1996,3362548.0,8973016.0,1.084978,0.901755,ANS,TUR,72
20027239,250,224,171,1999,1584354.0,20248863.0,1.130511,0.9547379999999999,ANS,TUR,72
20027240,250,224,171,1997,5779714.0,3244550.0,1.036748,0.851626,ANS,TUR,72
20027241,250,224,171,2000,2837480.0,31722405.0,1.195891,-0.22544,ANS,TUR,72
20027242,250,224,171,2001,2805514.0,51389780.0,1.096023,-0.33562600000000004,ANS,TUR,72
20027243,250,224,171,1995,10061449.0,4097508.0,1.034518,0.9735149999999999,ANS,TUR,72
20027244,250,224,171,2005,1586907.0,22984147.0,0.63454,-0.41119799999999995,ANS,TUR,72
20027245,250,224,171,2006,2703665.0,49001069.0,0.711619,-0.41880200000000006,ANS,TUR,72
20027246,250,224,171,2002,1646558.0,44240055.0,0.734927,-0.40114099999999997,ANS,TUR,72
20027247,250,224,171,2004,953004.0,14863637.0,0.509382,-0.30904299999999996,ANS,TUR,72
20027248,2,230,171,2007,0.0,2212750.0,-1.6925709999999998,-1.1987290000000002,AGO,URY,72
20027249,7,230,171,2019,4053.0,0.0,-0.165113,-0.8973540000000001,ARE,URY,72
20027250,7,230,171,2018,26858.0,0.0,0.11804400000000001,-0.326851,ARE,URY,72
20027251,7,230,171,2017,96540.0,0.0,0.210477,0.02557,ARE,URY,72
20027252,7,230,171,2016,20170.0,0.0,0.11037999999999999,0.045327,ARE,URY,72
20027253,7,230,171,2012,48034.0,0.0,0.45351499999999995,-0.285021,ARE,URY,72
20027254,7,230,171,2015,3317.0,13603.0,0.21779600000000002,-0.0047420000000000006,ARE,URY,72
20027255,7,230,171,2011,123544.0,0.0,0.030652,-0.450808,ARE,URY,72
20027256,7,230,171,2005,0.0,3031.0,0.11526600000000001,-0.393171,ARE,URY,72
20027257,8,230,171,2003,13144879.0,598731.0,0.302073,0.49069700000000005,ARG,URY,72
20027258,8,230,171,2004,30157617.0,2863352.0,0.28128600000000004,0.64115,ARG,URY,72
20027259,8,230,171,2006,47180763.0,1597136.0,0.33055,0.665867,ARG,URY,72
20027260,8,230,171,2007,52972302.0,5887164.0,0.178214,0.5093850000000001,ARG,URY,72
20027261,8,230,171,2008,76945807.0,10884650.0,0.278837,0.496784,ARG,URY,72
20027262,8,230,171,2009,33037057.0,379458.0,0.27637,0.611129,ARG,URY,72
20027263,8,230,171,2010,47553980.0,770019.0,0.27458899999999997,0.597907,ARG,URY,72
20027264,8,230,171,2011,59174515.0,717262.0,0.240494,0.540376,ARG,URY,72
20027265,8,230,171,2012,42542889.0,142449.0,0.149423,0.5191979999999999,ARG,URY,72
20027266,8,230,171,2013,34197681.0,10903.0,0.20314300000000002,0.494062,ARG,URY,72
20027267,8,230,171,2014,27335486.0,0.0,0.10691500000000001,0.44860600000000006,ARG,URY,72
20027268,8,230,171,2015,18711977.0,4682.0,0.116896,0.30330999999999997,ARG,URY,72
20027269,8,230,171,2016,11762495.0,0.0,-0.132495,0.16353199999999998,ARG,URY,72
20027270,8,230,171,2017,14396236.0,11831370.0,-0.120753,0.233375,ARG,URY,72
20027271,8,230,171,2018,20292402.0,3166651.0,-0.14316800000000002,0.14356,ARG,URY,72
20027272,8,230,171,2019,24288656.0,744806.0,-0.136634,0.127073,ARG,URY,72
20027273,8,230,171,2020,19297117.0,67349.0,-0.14746199999999998,0.039795,ARG,URY,72
20027274,8,230,171,2005,36571192.0,4743277.0,0.383772,0.656866,ARG,URY,72
20027275,8,230,171,2001,12860829.0,863871.0,0.287698,0.547137,ARG,URY,72
20027276,8,230,171,1995,22065084.0,1403237.0,0.245885,0.5489850000000001,ARG,URY,72
20027277,8,230,171,1997,24695570.0,1163032.0,0.273654,0.495389,ARG,URY,72
20027278,8,230,171,1998,22711731.0,1175438.0,0.272015,0.45031099999999996,ARG,URY,72
20027279,8,230,171,1999,18594235.0,464165.0,0.49933500000000003,0.593879,ARG,URY,72
20027280,8,230,171,2000,17678364.0,774537.0,0.43928999999999996,0.6839189999999999,ARG,URY,72
20027281,8,230,171,2002,9448768.0,533333.0,0.284536,0.517425,ARG,URY,72
20027282,8,230,171,1996,23378916.0,1929367.0,0.167081,0.433612,ARG,URY,72
20027283,14,230,171,2005,324623.0,0.0,0.18443099999999998,0.489043,AUS,URY,72
20027284,14,230,171,2001,1254561.0,0.0,0.29463,0.772375,AUS,URY,72
20027285,14,230,171,2004,220340.0,0.0,0.196641,0.8139460000000001,AUS,URY,72
20027286,14,230,171,1998,1977734.0,0.0,0.375317,0.8864629999999999,AUS,URY,72
20027287,14,230,171,1999,1500945.0,0.0,0.357101,0.8857879999999999,AUS,URY,72
20027288,14,230,171,2003,206973.0,0.0,0.316879,0.9409489999999999,AUS,URY,72
20027289,14,230,171,2007,2084658.0,0.0,0.137686,0.451592,AUS,URY,72
20027290,14,230,171,2008,3242232.0,0.0,-0.171801,-0.012588,AUS,URY,72
20027291,14,230,171,2009,1617930.0,0.0,-0.109286,0.13586900000000002,AUS,URY,72
20027292,14,230,171,2010,3296582.0,0.0,-0.276442,0.062023,AUS,URY,72
20027293,14,230,171,2011,3853252.0,0.0,-0.138148,0.002999,AUS,URY,72
20027294,14,230,171,2012,655152.0,0.0,-0.352742,-0.145405,AUS,URY,72
20027295,14,230,171,2013,1014814.0,0.0,-0.31145700000000004,-0.167628,AUS,URY,72
20027296,14,230,171,2014,821132.0,0.0,-0.398273,-0.17128,AUS,URY,72
20027297,14,230,171,2015,491566.0,0.0,-0.292325,-0.043489,AUS,URY,72
20027298,14,230,171,2016,473899.0,0.0,-0.25955300000000003,0.0011070000000000001,AUS,URY,72
20027299,14,230,171,2017,301504.0,0.0,-0.42427200000000004,-0.152921,AUS,URY,72
20027300,14,230,171,2018,1307894.0,0.0,-0.29687199999999997,-0.123116,AUS,URY,72
20027301,14,230,171,2019,2018258.0,0.0,-0.294558,-0.180198,AUS,URY,72
20027302,14,230,171,2006,1271146.0,0.0,0.067166,0.373148,AUS,URY,72
20027303,14,230,171,2020,1057689.0,0.0,-0.32910500000000004,-0.232963,AUS,URY,72
20027304,14,230,171,2002,776186.0,0.0,0.231386,0.771628,AUS,URY,72
20027305,14,230,171,2000,2250754.0,0.0,0.279804,0.9355540000000001,AUS,URY,72
20027306,15,230,171,2016,21134.0,0.0,1.759363,0.127262,AUT,URY,72
20027307,15,230,171,1995,72131.0,0.0,2.000295,0.661255,AUT,URY,72
20027308,15,230,171,1996,65368.0,0.0,1.9216669999999998,0.659388,AUT,URY,72
20027309,15,230,171,1997,55688.0,0.0,1.8926189999999998,0.624346,AUT,URY,72
20027310,15,230,171,2005,41531.0,0.0,1.808359,0.148177,AUT,URY,72
20027311,15,230,171,1999,16401.0,0.0,1.836804,0.744312,AUT,URY,72
20027312,15,230,171,2000,54737.0,0.0,1.842429,0.464405,AUT,URY,72
20027313,15,230,171,2011,123391.0,0.0,1.687634,-0.229095,AUT,URY,72
20027314,15,230,171,2003,47340.0,0.0,1.834977,0.408096,AUT,URY,72
20027315,15,230,171,2004,63600.0,0.0,1.825391,0.40553,AUT,URY,72
20027316,15,230,171,2006,319829.0,0.0,1.775669,0.192717,AUT,URY,72
20027317,15,230,171,2007,95851.0,0.0,1.730088,-0.045543,AUT,URY,72
20027318,15,230,171,2008,606844.0,0.0,1.634816,-0.078419,AUT,URY,72
20027319,15,230,171,2009,103107.0,0.0,1.651325,-0.020794,AUT,URY,72
20027320,15,230,171,2010,79849.0,0.0,1.724315,-0.29379099999999997,AUT,URY,72
20027321,15,230,171,2012,560004.0,0.0,1.6092870000000001,-0.29859,AUT,URY,72
20027322,15,230,171,2013,83756.0,0.0,1.7209240000000001,-0.286892,AUT,URY,72
20027323,15,230,171,2014,514318.0,0.0,1.7116790000000002,-0.140232,AUT,URY,72
20027324,15,230,171,2015,75446.0,0.0,1.747098,-0.08026699999999999,AUT,URY,72
20027325,15,230,171,2017,18019.0,29060.0,1.728623,-0.031045999999999997,AUT,URY,72
20027326,15,230,171,2018,19521.0,0.0,1.774488,-0.21117800000000003,AUT,URY,72
20027327,15,230,171,2019,77080.0,0.0,1.743927,-0.076778,AUT,URY,72
20027328,15,230,171,2020,1103.0,0.0,1.6711310000000001,0.059096,AUT,URY,72
20027329,15,230,171,1998,56723.0,0.0,1.891966,0.508137,AUT,URY,72
20027330,15,230,171,2001,40355.0,2418.0,1.8571650000000002,0.603191,AUT,URY,72
20027331,18,230,171,2016,514839.0,0.0,1.3102610000000001,1.214573,BEL,URY,72
20027332,18,230,171,2017,176736.0,0.0,1.292657,1.19571,BEL,URY,72
20027333,18,230,171,2018,670483.0,0.0,1.270641,1.201063,BEL,URY,72
20027334,18,230,171,2019,142513.0,0.0,1.2555969999999999,1.168642,BEL,URY,72
20027335,18,230,171,2020,374165.0,0.0,1.204632,1.278346,BEL,URY,72
20027336,18,230,171,1996,276721.0,0.0,1.549312,1.273767,BEL,URY,72
20027337,18,230,171,2009,159396.0,0.0,1.272011,1.074548,BEL,URY,72
20027338,18,230,171,2010,501608.0,0.0,1.2224270000000002,1.1276,BEL,URY,72
20027339,18,230,171,2012,535413.0,0.0,1.107155,1.448274,BEL,URY,72
20027340,18,230,171,2013,789641.0,0.0,1.316207,0.972601,BEL,URY,72
20027341,18,230,171,2014,692722.0,43967.0,1.234156,1.226441,BEL,URY,72
20027342,18,230,171,2015,968624.0,0.0,1.329866,1.100641,BEL,URY,72
20027343,18,230,171,1995,693366.0,0.0,1.615588,1.394102,BEL,URY,72
20027344,18,230,171,1997,850003.0,0.0,1.4274069999999999,1.490435,BEL,URY,72
20027345,18,230,171,2000,74841.0,0.0,1.403838,1.349607,BEL,URY,72
20027346,18,230,171,2001,298218.0,0.0,1.4328370000000001,1.408495,BEL,URY,72
20027347,18,230,171,2002,46500.0,0.0,1.4097469999999999,1.440169,BEL,URY,72
20027348,18,230,171,2003,49985.0,0.0,1.361682,1.39536,BEL,URY,72
20027349,18,230,171,2004,129135.0,0.0,1.350911,1.408209,BEL,URY,72
20027350,18,230,171,2005,311284.0,0.0,1.275296,1.345063,BEL,URY,72
20027351,18,230,171,2006,800801.0,0.0,1.2222540000000002,1.383027,BEL,URY,72
20027352,18,230,171,2007,76859.0,0.0,1.2880479999999999,1.145724,BEL,URY,72
20027353,18,230,171,2008,444564.0,0.0,1.297416,0.9716549999999999,BEL,URY,72
20027354,18,230,171,2011,151324.0,0.0,1.221703,1.247961,BEL,URY,72
20027355,18,230,171,1999,515534.0,0.0,1.512061,1.253478,BEL,URY,72
20027356,18,230,171,1998,204628.0,0.0,1.4740739999999999,1.2530430000000001,BEL,URY,72
20027357,30,230,171,2014,0.0,24787.0,1.217808,-0.16376300000000002,BMU,URY,72
20027358,31,230,171,2006,0.0,8109.0,-0.805185,-0.754091,BOL,URY,72
20027359,31,230,171,2009,0.0,30198.0,-0.909969,-0.8899879999999999,BOL,URY,72
20027360,31,230,171,2019,0.0,1044.0,-1.012748,-0.999245,BOL,URY,72
20027361,31,230,171,2013,0.0,2760.0,-1.039614,-0.95663,BOL,URY,72
20027362,31,230,171,2014,0.0,47658.0,-1.129494,-1.030198,BOL,URY,72
20027363,31,230,171,2010,0.0,24626.0,-0.83736,-0.812473,BOL,URY,72
20027364,31,230,171,2011,0.0,10535.0,-0.818593,-0.8701770000000001,BOL,URY,72
20027365,31,230,171,2007,0.0,3552.0,-1.021595,-0.955375,BOL,URY,72
20027366,31,230,171,2008,0.0,27536.0,-0.852975,-0.88041,BOL,URY,72
20027367,31,230,171,2012,0.0,16246.0,-0.709307,-0.813228,BOL,URY,72
20027368,31,230,171,2015,0.0,20804.0,-1.051562,-1.067714,BOL,URY,72
20027369,32,230,171,2009,27795393.0,2471895.0,0.35447199999999995,0.8522360000000001,BRA,URY,72
20027370,32,230,171,2010,21756768.0,836238.0,0.40715500000000004,0.6208100000000001,BRA,URY,72
20027371,32,230,171,2011,48796969.0,230845.0,0.27718400000000004,0.5674319999999999,BRA,URY,72
20027372,32,230,171,2012,70894184.0,487469.0,0.305614,0.6357189999999999,BRA,URY,72
20027373,32,230,171,2014,15004959.0,117366.0,0.218223,0.556921,BRA,URY,72
20027374,32,230,171,2016,25022245.0,28047.0,0.245919,0.661809,BRA,URY,72
20027375,32,230,171,1995,28035991.0,1270470.0,0.687171,1.188647,BRA,URY,72
20027376,32,230,171,1996,27398371.0,2549790.0,0.699658,1.271724,BRA,URY,72
20027377,32,230,171,2000,14589724.0,2338406.0,0.792556,1.219394,BRA,URY,72
20027378,32,230,171,2001,13145052.0,1366170.0,0.672496,1.051848,BRA,URY,72
20027379,32,230,171,2002,6446973.0,804970.0,0.677883,1.0227190000000002,BRA,URY,72
20027380,32,230,171,2003,8270204.0,672606.0,0.660576,1.118876,BRA,URY,72
20027381,32,230,171,2004,22444537.0,3032168.0,0.540718,1.149065,BRA,URY,72
20027382,32,230,171,2005,19805002.0,3308307.0,0.567638,1.139122,BRA,URY,72
20027383,32,230,171,2006,34532005.0,4185374.0,0.633889,1.1474520000000001,BRA,URY,72
20027384,32,230,171,2007,24214846.0,5035788.0,0.582859,1.137225,BRA,URY,72
20027385,32,230,171,2008,42337026.0,4805319.0,0.444687,0.904332,BRA,URY,72
20027386,32,230,171,2013,32074833.0,362837.0,0.14765899999999998,0.399262,BRA,URY,72
20027387,32,230,171,2015,21800669.0,88824.0,0.23656799999999997,0.688607,BRA,URY,72
20027388,32,230,171,2017,40920792.0,92584.0,0.145224,0.483461,BRA,URY,72
20027389,32,230,171,2018,68834367.0,514433.0,0.143397,0.582092,BRA,URY,72
20027390,32,230,171,2019,51903204.0,306874.0,0.076947,0.660604,BRA,URY,72
20027391,32,230,171,2020,71175774.0,241476.0,0.054622000000000004,0.532291,BRA,URY,72
20027392,32,230,171,1998,30504938.0,3996847.0,0.768101,1.04589,BRA,URY,72
20027393,32,230,171,1997,24173303.0,3307010.0,0.718336,1.203066,BRA,URY,72
20027394,32,230,171,1999,12385763.0,1925855.0,0.762468,1.191759,BRA,URY,72
20027395,39,230,171,2001,192822.0,0.0,0.971827,1.105171,CAN,URY,72
20027396,39,230,171,2002,16689.0,0.0,0.9963280000000001,1.1922110000000001,CAN,URY,72
20027397,39,230,171,2003,68012.0,0.0,0.9791540000000001,1.185081,CAN,URY,72
20027398,39,230,171,2004,135319.0,0.0,0.9392739999999999,1.19228,CAN,URY,72
20027399,39,230,171,2005,180495.0,0.0,0.9895149999999999,1.0437459999999998,CAN,URY,72
20027400,39,230,171,2006,37676.0,1251.0,0.865685,1.1480489999999999,CAN,URY,72
20027401,39,230,171,2007,1006559.0,5536.0,0.77681,1.20517,CAN,URY,72
20027402,39,230,171,2008,4957147.0,2570.0,0.684659,1.085312,CAN,URY,72
20027403,39,230,171,2009,1754407.0,0.0,0.6778069999999999,1.278402,CAN,URY,72
20027404,39,230,171,2010,1962814.0,0.0,0.752421,1.2208510000000001,CAN,URY,72
20027405,39,230,171,2011,1451712.0,39498.0,0.754813,1.1967290000000002,CAN,URY,72
20027406,39,230,171,2012,334505.0,0.0,0.693098,1.132064,CAN,URY,72
20027407,39,230,171,2013,90535.0,0.0,0.719649,1.017046,CAN,URY,72
20027408,39,230,171,2016,1379.0,0.0,0.6579050000000001,1.12259,CAN,URY,72
20027409,39,230,171,2017,1578938.0,17901.0,0.73897,1.206402,CAN,URY,72
20027410,39,230,171,2018,741708.0,0.0,0.666822,1.218593,CAN,URY,72
20027411,39,230,171,2019,1441.0,0.0,0.657292,1.187872,CAN,URY,72
20027412,39,230,171,2020,12507.0,0.0,0.609267,1.1890479999999999,CAN,URY,72
20027413,39,230,171,2000,228893.0,0.0,1.056577,1.12931,CAN,URY,72
20027414,39,230,171,1999,226903.0,0.0,1.083572,1.08026,CAN,URY,72
20027415,39,230,171,1995,578358.0,0.0,1.077804,1.0724200000000002,CAN,URY,72
20027416,39,230,171,1996,622871.0,2705.0,1.155706,1.1127049999999998,CAN,URY,72
20027417,39,230,171,1997,336822.0,0.0,1.109494,1.178772,CAN,URY,72
20027418,39,230,171,1998,401679.0,0.0,1.077343,1.119161,CAN,URY,72
20027419,41,230,171,2015,149380.0,0.0,2.306075,0.720781,CHE,URY,72
20027420,41,230,171,2014,12183.0,0.0,2.2000919999999997,0.65398,CHE,URY,72
20027421,41,230,171,2011,341674.0,0.0,2.2644029999999997,0.406131,CHE,URY,72
20027422,41,230,171,2010,356614.0,0.0,2.1492080000000002,0.556424,CHE,URY,72
20027423,41,230,171,2003,54587.0,0.0,2.151037,0.711217,CHE,URY,72
20027424,41,230,171,2004,4389.0,0.0,2.151471,0.7196279999999999,CHE,URY,72
20027425,41,230,171,2006,2444.0,0.0,2.052534,0.515523,CHE,URY,72
20027426,41,230,171,2012,12332.0,0.0,2.060769,0.562718,CHE,URY,72
20027427,41,230,171,2013,122775.0,0.0,2.2104470000000003,0.5403479999999999,CHE,URY,72
20027428,41,230,171,2016,28982.0,0.0,2.3488689999999997,0.806291,CHE,URY,72
20027429,41,230,171,2017,3486.0,0.0,2.2557810000000003,0.845459,CHE,URY,72
20027430,41,230,171,2018,6397.0,0.0,2.2324330000000003,0.7801560000000001,CHE,URY,72
20027431,41,230,171,2019,7390.0,0.0,2.1990849999999997,0.8394229999999999,CHE,URY,72
20027432,41,230,171,2020,18628.0,0.0,2.184038,0.900965,CHE,URY,72
20027433,41,230,171,1999,16139.0,0.0,2.189934,0.741428,CHE,URY,72
20027434,41,230,171,2000,37383.0,0.0,2.197959,0.489989,CHE,URY,72
20027435,41,230,171,2001,9015.0,0.0,2.227246,0.553956,CHE,URY,72
20027436,41,230,171,1998,35682.0,0.0,2.252965,0.561806,CHE,URY,72
20027437,41,230,171,1996,21620.0,0.0,2.246238,0.603288,CHE,URY,72
20027438,41,230,171,1995,5374.0,0.0,2.1893029999999998,0.82765,CHE,URY,72
20027439,41,230,171,1997,16219.0,0.0,2.280163,0.597819,CHE,URY,72
20027440,42,230,171,2005,1591271.0,0.0,-0.168344,-0.43438999999999994,CHL,URY,72
20027441,42,230,171,2006,1091186.0,0.0,-0.188298,-0.46778000000000003,CHL,URY,72
20027442,42,230,171,2014,753571.0,0.0,-0.344671,-0.43380799999999997,CHL,URY,72
20027443,42,230,171,2015,811568.0,0.0,-0.356167,-0.47629399999999994,CHL,URY,72
20027444,42,230,171,2016,578084.0,0.0,-0.385519,-0.470495,CHL,URY,72
20027445,42,230,171,2017,626630.0,3990.0,-0.378693,-0.492983,CHL,URY,72
20027446,42,230,171,2018,662670.0,5266.0,-0.37677,-0.49605299999999997,CHL,URY,72
20027447,42,230,171,2019,388083.0,0.0,-0.34416199999999997,-0.432674,CHL,URY,72
20027448,42,230,171,2020,365205.0,10086.0,-0.307923,-0.565983,CHL,URY,72
20027449,42,230,171,2007,1454022.0,2814.0,-0.306846,-0.57431,CHL,URY,72
20027450,42,230,171,2008,2339806.0,0.0,-0.293985,-0.349554,CHL,URY,72
20027451,42,230,171,2009,1020500.0,45214.0,-0.219521,-0.34239,CHL,URY,72
20027452,42,230,171,2010,1540027.0,0.0,-0.34914,-0.459395,CHL,URY,72
20027453,42,230,171,2011,1154730.0,0.0,-0.199877,-0.353009,CHL,URY,72
20027454,42,230,171,2012,814722.0,0.0,-0.333891,-0.45610200000000006,CHL,URY,72
20027455,42,230,171,2013,1127351.0,0.0,-0.260718,-0.38256100000000004,CHL,URY,72
20027456,42,230,171,2000,1015570.0,21479.0,0.068478,-0.053438,CHL,URY,72
20027457,42,230,171,2001,386570.0,29191.0,-0.004658,-0.002548,CHL,URY,72
20027458,42,230,171,2002,79187.0,24259.0,-0.035264,-0.101796,CHL,URY,72
20027459,42,230,171,2003,902734.0,984.0,-0.06375900000000001,-0.156808,CHL,URY,72
20027460,42,230,171,1997,1592764.0,0.0,0.002791,-0.030604000000000003,CHL,URY,72
20027461,42,230,171,1996,361723.0,0.0,-0.052811000000000004,-0.169464,CHL,URY,72
20027462,42,230,171,1999,1415421.0,0.0,0.041013,-0.111553,CHL,URY,72
20027463,42,230,171,1995,468008.0,0.0,-0.073436,-0.192675,CHL,URY,72
20027464,42,230,171,2004,220388.0,0.0,-0.07869,-0.33641,CHL,URY,72
20027465,42,230,171,1998,931244.0,0.0,0.029706,-0.061149,CHL,URY,72
20027466,43,230,171,1996,928.0,0.0,0.404422,3.061344,CHN,URY,72
20027467,43,230,171,1998,15842.0,0.0,0.3658,3.231258,CHN,URY,72
20027468,43,230,171,1999,56339.0,0.0,0.386094,3.270089,CHN,URY,72
20027469,43,230,171,2000,71135.0,4591.0,0.478362,3.156111,CHN,URY,72
20027470,43,230,171,2001,69506.0,0.0,0.525171,3.092963,CHN,URY,72
20027471,43,230,171,2002,31493.0,29608.0,0.576746,2.7995520000000003,CHN,URY,72
20027472,43,230,171,2003,13494.0,21195.0,0.579431,2.773139,CHN,URY,72
20027473,43,230,171,2004,46797.0,0.0,0.581548,2.8689880000000003,CHN,URY,72
20027474,43,230,171,2005,260887.0,81423.0,0.608256,2.8242220000000002,CHN,URY,72
20027475,43,230,171,2007,3182822.0,0.0,0.801547,2.321052,CHN,URY,72
20027476,43,230,171,2008,4182395.0,0.0,0.929285,1.8917259999999998,CHN,URY,72
20027477,43,230,171,2009,2844255.0,37444.0,0.898623,2.08703,CHN,URY,72
20027478,43,230,171,2010,6344644.0,19177.0,0.922493,2.0176,CHN,URY,72
20027479,43,230,171,2011,10130175.0,44942.0,1.072299,1.686826,CHN,URY,72
20027480,43,230,171,2012,11114000.0,610894.0,1.095682,1.354837,CHN,URY,72
20027481,43,230,171,2013,21311256.0,0.0,1.113767,1.477496,CHN,URY,72
20027482,43,230,171,2014,29319534.0,0.0,1.187557,1.222085,CHN,URY,72
20027483,43,230,171,2015,26089322.0,0.0,1.077143,1.735757,CHN,URY,72
20027484,43,230,171,2016,18122923.0,20215.0,1.1073620000000002,1.723098,CHN,URY,72
20027485,43,230,171,2017,14787911.0,60934.0,1.1127790000000002,1.56869,CHN,URY,72
20027486,43,230,171,2018,17380635.0,77110.0,1.200689,1.2822,CHN,URY,72
20027487,43,230,171,2019,21849635.0,30201.0,1.196265,1.2258870000000002,CHN,URY,72
20027488,43,230,171,2020,25848263.0,0.0,1.187837,1.2237770000000001,CHN,URY,72
20027489,43,230,171,2006,1969595.0,46473.0,0.737888,2.54966,CHN,URY,72
20027490,44,230,171,2013,0.0,24187.0,-0.923558,-0.866642,CIV,URY,72
20027491,46,230,171,2015,303.0,0.0,-1.3921290000000002,-1.146549,COD,URY,72
20027492,49,230,171,2009,248439.0,0.0,0.263416,0.38947,COL,URY,72
20027493,49,230,171,2010,38384.0,41216.0,0.097222,-0.064328,COL,URY,72
20027494,49,230,171,2011,3426.0,664654.0,0.14336600000000002,-0.22996,COL,URY,72
20027495,49,230,171,2013,29370.0,0.0,0.121799,-0.388239,COL,URY,72
20027496,49,230,171,2014,3743.0,177753.0,0.19864500000000002,-0.378364,COL,URY,72
20027497,49,230,171,2015,21055.0,34018.0,0.156383,-0.183055,COL,URY,72
20027498,49,230,171,2016,41786.0,1005.0,0.10205700000000001,-0.155574,COL,URY,72
20027499,49,230,171,2019,72271.0,785674.0,0.099936,-0.15568800000000002,COL,URY,72
20027500,49,230,171,2001,0.0,43189.0,0.30412,0.395913,COL,URY,72
20027501,49,230,171,2003,0.0,6811.0,0.218336,0.376869,COL,URY,72
20027502,49,230,171,2004,0.0,18473.0,0.033128,0.47524799999999995,COL,URY,72
20027503,49,230,171,2006,0.0,2533.0,0.129887,0.44371700000000003,COL,URY,72
20027504,49,230,171,2017,80374.0,66806.0,0.208096,-0.17644300000000002,COL,URY,72
20027505,49,230,171,2018,48240.0,0.0,0.20431,-0.15273699999999998,COL,URY,72
20027506,49,230,171,2020,10542.0,107891.0,0.115954,0.104558,COL,URY,72
20027507,52,230,171,2009,0.0,54381.0,-0.142465,-0.669277,CRI,URY,72
20027508,52,230,171,2012,0.0,75037.0,0.176669,-0.649094,CRI,URY,72
20027509,52,230,171,2017,0.0,74138.0,0.288642,-0.056219000000000005,CRI,URY,72
20027510,54,230,171,1999,0.0,6323.0,-0.152322,-0.8734270000000001,CUB,URY,72
20027511,59,230,171,2000,479819.0,0.0,1.393001,1.23271,CZE,URY,72
20027512,59,230,171,2019,2221.0,0.0,1.797611,0.406708,CZE,URY,72
20027513,59,230,171,2014,139029.0,0.0,1.8105830000000003,0.131131,CZE,URY,72
20027514,59,230,171,2015,58067.0,0.0,1.743012,0.45424,CZE,URY,72
20027515,59,230,171,2012,7313.0,0.0,1.747369,-0.0932,CZE,URY,72
20027516,59,230,171,2011,2326.0,0.0,1.737788,0.14741600000000002,CZE,URY,72
20027517,59,230,171,2001,63452.0,0.0,1.485703,1.109305,CZE,URY,72
20027518,59,230,171,1998,356235.0,0.0,1.36345,1.408508,CZE,URY,72
20027519,59,230,171,1999,304951.0,0.0,1.412439,1.329385,CZE,URY,72
20027520,59,230,171,2002,62107.0,0.0,1.550713,1.037066,CZE,URY,72
20027521,59,230,171,2003,7387.0,0.0,1.555749,0.8662059999999999,CZE,URY,72
20027522,59,230,171,2009,42428.0,0.0,1.6323159999999999,0.47257200000000005,CZE,URY,72
20027523,59,230,171,2010,31218.0,0.0,1.732044,0.333934,CZE,URY,72
20027524,59,230,171,1997,333475.0,0.0,1.40651,1.354695,CZE,URY,72
20027525,59,230,171,2017,21620.0,0.0,1.7715130000000001,0.359668,CZE,URY,72
20027526,59,230,171,2020,12476.0,0.0,1.716646,0.602441,CZE,URY,72
20027527,59,230,171,2008,28022.0,0.0,1.592035,0.27983600000000003,CZE,URY,72
20027528,59,230,171,1995,469462.0,0.0,1.375091,1.628069,CZE,URY,72
20027529,59,230,171,1996,686759.0,0.0,1.401181,1.3094709999999998,CZE,URY,72
20027530,61,230,171,1995,602357.0,211696.0,2.325385,-2.2238189999999998,DEU,URY,72
20027531,61,230,171,1997,2162724.0,1067.0,2.293936,-2.2301919999999997,DEU,URY,72
20027532,61,230,171,1998,565047.0,0.0,2.334028,-2.417278,DEU,URY,72
20027533,61,230,171,1999,786507.0,0.0,2.334811,-2.060502,DEU,URY,72
20027534,61,230,171,2001,586386.0,0.0,2.321375,-2.1110990000000003,DEU,URY,72
20027535,61,230,171,2002,378965.0,0.0,2.297691,-2.183239,DEU,URY,72
20027536,61,230,171,2004,59700.0,0.0,2.266076,-2.011139,DEU,URY,72
20027537,61,230,171,2008,158931.0,25547.0,2.007167,-3.256961,DEU,URY,72
20027538,61,230,171,2009,244315.0,38530.0,2.056515,-3.034837,DEU,URY,72
20027539,61,230,171,2015,668069.0,23190.0,2.203818,-2.307561,DEU,URY,72
20027540,61,230,171,2018,391142.0,0.0,2.109059,-2.428826,DEU,URY,72
20027541,61,230,171,2019,230248.0,0.0,2.078626,-2.124816,DEU,URY,72
20027542,61,230,171,2007,103155.0,1511.0,2.114566,-2.934732,DEU,URY,72
20027543,61,230,171,2013,300176.0,0.0,2.093658,-3.4281980000000005,DEU,URY,72
20027544,61,230,171,2014,503805.0,5876.0,2.052849,-2.888805,DEU,URY,72
20027545,61,230,171,1996,3062857.0,573681.0,2.279976,-2.572299,DEU,URY,72
20027546,61,230,171,2000,825191.0,0.0,2.316177,-2.4478419999999996,DEU,URY,72
20027547,61,230,171,2003,157229.0,0.0,2.2821919999999998,-2.0985150000000004,DEU,URY,72
20027548,61,230,171,2005,167229.0,0.0,2.172479,-2.446472,DEU,URY,72
20027549,61,230,171,2006,1151922.0,0.0,2.132566,-2.773669,DEU,URY,72
20027550,61,230,171,2010,228160.0,38272.0,2.035672,-3.383322,DEU,URY,72
20027551,61,230,171,2011,592625.0,32200.0,2.074435,-3.440815,DEU,URY,72
20027552,61,230,171,2012,339083.0,3976.0,1.966247,-3.3238410000000003,DEU,URY,72
20027553,61,230,171,2016,667295.0,8918.0,2.203093,-2.24919,DEU,URY,72
20027554,61,230,171,2017,1287229.0,86213.0,2.1149459999999998,-2.525372,DEU,URY,72
20027555,61,230,171,2020,688416.0,4410.0,2.027494,-2.3646689999999997,DEU,URY,72
20027556,64,230,171,2010,1543.0,0.0,1.082468,1.280759,DNK,URY,72
20027557,64,230,171,2011,1888.0,0.0,1.156026,1.2248299999999999,DNK,URY,72
20027558,64,230,171,2012,19429.0,0.0,1.105061,1.245377,DNK,URY,72
20027559,64,230,171,2019,7927.0,0.0,1.0768280000000001,1.2615610000000002,DNK,URY,72
20027560,64,230,171,1999,2669.0,0.0,1.264405,1.469627,DNK,URY,72
20027561,64,230,171,2000,3678.0,0.0,1.230078,1.429499,DNK,URY,72
20027562,64,230,171,2001,4122.0,0.0,1.261883,1.351875,DNK,URY,72
20027563,64,230,171,2020,6908.0,0.0,1.093217,1.2166549999999998,DNK,URY,72
20027564,64,230,171,2006,1818.0,0.0,1.2308700000000001,1.180914,DNK,URY,72
20027565,64,230,171,2007,7621.0,0.0,1.204019,1.122666,DNK,URY,72
20027566,64,230,171,2008,7927.0,0.0,1.165294,1.1112440000000001,DNK,URY,72
20027567,64,230,171,2013,2422.0,0.0,1.161835,1.1788450000000001,DNK,URY,72
20027568,64,230,171,2014,1378.0,0.0,1.10869,1.245193,DNK,URY,72
20027569,64,230,171,2015,5129.0,0.0,1.157924,1.2045629999999998,DNK,URY,72
20027570,64,230,171,2018,1399.0,0.0,1.0945040000000001,1.3311540000000002,DNK,URY,72
20027571,65,230,171,1996,85289.0,0.0,-0.596093,-0.5602060000000001,DOM,URY,72
20027572,65,230,171,2008,51796.0,0.0,-0.167958,0.241283,DOM,URY,72
20027573,65,230,171,2009,0.0,34710.0,-0.317894,0.198926,DOM,URY,72
20027574,67,230,171,2009,0.0,1712588.0,-0.92724,-0.965628,ECU,URY,72
20027575,67,230,171,2010,0.0,240835.0,-0.584013,-0.743675,ECU,URY,72
20027576,67,230,171,2011,14756.0,0.0,-0.8250639999999999,-0.839082,ECU,URY,72
20027577,67,230,171,2012,3909.0,0.0,-0.627614,-0.764234,ECU,URY,72
20027578,67,230,171,2013,2301.0,959659.0,-0.86546,-0.8888389999999999,ECU,URY,72
20027579,67,230,171,2014,69777.0,0.0,-1.066865,-1.052921,ECU,URY,72
20027580,67,230,171,2015,65836.0,0.0,-0.9845959999999999,-1.075639,ECU,URY,72
20027581,67,230,171,2016,64075.0,0.0,-1.0860049999999999,-1.049065,ECU,URY,72
20027582,67,230,171,2017,0.0,1830.0,-0.9995850000000001,-1.086367,ECU,URY,72
20027583,67,230,171,2018,0.0,1060.0,-0.873973,-1.032841,ECU,URY,72
20027584,67,230,171,2019,73820.0,5021.0,-1.12261,-1.094275,ECU,URY,72
20027585,67,230,171,2008,0.0,976504.0,-0.859434,-0.972389,ECU,URY,72
20027586,67,230,171,2004,0.0,130243.0,-1.149101,-1.013619,ECU,URY,72
20027587,68,230,171,2005,0.0,15774.0,-0.247748,0.492885,EGY,URY,72
20027588,68,230,171,2000,0.0,59322.0,-0.41125900000000004,0.099833,EGY,URY,72
20027589,68,230,171,2014,4778.0,0.0,-0.086866,1.7419669999999998,EGY,URY,72
20027590,68,230,171,2019,37064.0,0.0,-0.152353,1.5426309999999999,EGY,URY,72
20027591,68,230,171,2020,49856.0,0.0,-0.186095,1.6414330000000001,EGY,URY,72
20027592,68,230,171,2015,2690.0,0.0,-0.183053,1.765036,EGY,URY,72
20027593,68,230,171,1999,0.0,105349.0,-0.311879,0.300746,EGY,URY,72
20027594,68,230,171,2016,799.0,0.0,-0.142377,1.674348,EGY,URY,72
20027595,71,230,171,1997,309167.0,0.0,1.082049,2.0238650000000002,ESP,URY,72
20027596,71,230,171,2004,294711.0,0.0,0.9784649999999999,2.051216,ESP,URY,72
20027597,71,230,171,2010,3002446.0,3231.0,0.832619,2.448009,ESP,URY,72
20027598,71,230,171,2012,1840750.0,236471.0,0.8528309999999999,2.462809,ESP,URY,72
20027599,71,230,171,2013,2970366.0,619823.0,0.861698,2.353993,ESP,URY,72
20027600,71,230,171,2014,2651878.0,685918.0,0.842147,2.45692,ESP,URY,72
20027601,71,230,171,2015,2931832.0,475961.0,0.8173590000000001,2.442556,ESP,URY,72
20027602,71,230,171,1999,802002.0,0.0,1.0849209999999998,1.9351180000000001,ESP,URY,72
20027603,71,230,171,2000,391944.0,0.0,1.098989,1.911029,ESP,URY,72
20027604,71,230,171,2011,2320667.0,23717.0,0.8677290000000001,2.4618450000000003,ESP,URY,72
20027605,71,230,171,2016,3168251.0,549076.0,0.765428,2.57725,ESP,URY,72
20027606,71,230,171,2017,1550432.0,362177.0,0.734342,2.8180099999999997,ESP,URY,72
20027607,71,230,171,2018,1117377.0,513801.0,0.744825,2.919005,ESP,URY,72
20027608,71,230,171,2019,1308720.0,600103.0,0.678454,3.007838,ESP,URY,72
20027609,71,230,171,2020,1471994.0,762792.0,0.736657,2.731661,ESP,URY,72
20027610,71,230,171,2008,583992.0,0.0,0.8755649999999999,2.122164,ESP,URY,72
20027611,71,230,171,2001,421574.0,0.0,1.079664,1.9842220000000002,ESP,URY,72
20027612,71,230,171,2002,310972.0,0.0,1.012246,2.049594,ESP,URY,72
20027613,71,230,171,2009,1240009.0,10322.0,0.9021020000000001,2.170578,ESP,URY,72
20027614,71,230,171,1995,593798.0,0.0,1.144247,1.933844,ESP,URY,72
20027615,71,230,171,1996,1359128.0,0.0,1.105317,1.9473,ESP,URY,72
20027616,71,230,171,1998,513312.0,0.0,1.051392,1.983438,ESP,URY,72
20027617,71,230,171,2003,148156.0,0.0,0.960684,2.074792,ESP,URY,72
20027618,71,230,171,2005,639685.0,0.0,0.9318489999999999,1.999698,ESP,URY,72
20027619,71,230,171,2007,1243366.0,16984.0,0.914681,2.027797,ESP,URY,72
20027620,71,230,171,2006,1158818.0,2776.0,0.9091370000000001,2.068166,ESP,URY,72
20027621,74,230,171,2011,33136.0,0.0,1.7488830000000002,0.890934,FIN,URY,72
20027622,74,230,171,2012,812739.0,0.0,1.58219,0.939001,FIN,URY,72
20027623,74,230,171,2005,264441.0,0.0,1.8661240000000001,0.932386,FIN,URY,72
20027624,74,230,171,1995,25327.0,0.0,2.0085740000000003,1.126816,FIN,URY,72
20027625,74,230,171,1996,72334.0,0.0,2.0584729999999998,1.006908,FIN,URY,72
20027626,74,230,171,1997,294826.0,0.0,1.9298959999999998,1.083861,FIN,URY,72
20027627,74,230,171,1998,1109664.0,0.0,2.003987,0.995725,FIN,URY,72
20027628,74,230,171,1999,198032.0,0.0,2.095642,0.966282,FIN,URY,72
20027629,74,230,171,2000,295046.0,0.0,2.0621419999999997,0.9090360000000001,FIN,URY,72
20027630,74,230,171,2001,135254.0,0.0,2.069141,0.9375180000000001,FIN,URY,72
20027631,74,230,171,2006,234770.0,0.0,1.864038,0.8193940000000001,FIN,URY,72
20027632,74,230,171,2010,16875.0,0.0,1.745464,0.897992,FIN,URY,72
20027633,74,230,171,2014,681650.0,0.0,1.626355,1.002923,FIN,URY,72
20027634,74,230,171,2007,1187056.0,0.0,1.865502,0.7737729999999999,FIN,URY,72
20027635,74,230,171,2009,2997.0,0.0,1.8206849999999999,0.797421,FIN,URY,72
20027636,74,230,171,2008,61834.0,177645.0,1.767859,0.846409,FIN,URY,72
20027637,74,230,171,2013,818737.0,0.0,1.734552,0.8896940000000001,FIN,URY,72
20027638,74,230,171,2017,17910.0,0.0,1.655957,0.962485,FIN,URY,72
20027639,74,230,171,2018,107684.0,0.0,1.61151,0.9474549999999999,FIN,URY,72
20027640,74,230,171,2019,42891.0,0.0,1.495278,1.034435,FIN,URY,72
20027641,74,230,171,2020,39293.0,0.0,1.498089,1.066223,FIN,URY,72
20027642,74,230,171,2004,191189.0,0.0,2.000218,0.9867309999999999,FIN,URY,72
20027643,74,230,171,2002,39853.0,0.0,2.0234240000000003,0.979141,FIN,URY,72
20027644,74,230,171,2015,67046.0,0.0,1.597817,0.998059,FIN,URY,72
20027645,74,230,171,2016,9225.0,0.0,1.581968,1.006432,FIN,URY,72
20027646,74,230,171,2003,40405.0,0.0,2.077889,0.942501,FIN,URY,72
20027647,77,230,171,2002,2602596.0,0.0,1.569367,0.9886360000000001,FRA,URY,72
20027648,77,230,171,2003,3806563.0,29984.0,1.606606,0.7394149999999999,FRA,URY,72
20027649,77,230,171,2005,4123738.0,0.0,1.505148,0.594409,FRA,URY,72
20027650,77,230,171,2011,211869.0,0.0,1.532054,0.09339299999999999,FRA,URY,72
20027651,77,230,171,2012,924613.0,0.0,1.425025,0.27534899999999995,FRA,URY,72
20027652,77,230,171,2013,480943.0,0.0,1.520354,0.022874000000000002,FRA,URY,72
20027653,77,230,171,2014,652245.0,0.0,1.4817790000000002,0.30995,FRA,URY,72
20027654,77,230,171,2017,100346.0,0.0,1.398427,0.894732,FRA,URY,72
20027655,77,230,171,1995,770882.0,0.0,1.768484,0.765537,FRA,URY,72
20027656,77,230,171,1996,947809.0,0.0,1.69082,0.721312,FRA,URY,72
20027657,77,230,171,1997,4116473.0,0.0,1.69504,0.8278549999999999,FRA,URY,72
20027658,77,230,171,1998,3550138.0,0.0,1.707702,0.7784270000000001,FRA,URY,72
20027659,77,230,171,1999,163662.0,0.0,1.72758,0.6619079999999999,FRA,URY,72
20027660,77,230,171,2000,958465.0,0.0,1.674971,0.47538100000000005,FRA,URY,72
20027661,77,230,171,2001,4324792.0,0.0,1.653507,0.797582,FRA,URY,72
20027662,77,230,171,2004,4428055.0,0.0,1.6003530000000001,0.643945,FRA,URY,72
20027663,77,230,171,2006,1817753.0,1895.0,1.47591,0.489466,FRA,URY,72
20027664,77,230,171,2007,487981.0,0.0,1.4565350000000001,0.262845,FRA,URY,72
20027665,77,230,171,2008,150673.0,0.0,1.487702,-0.223965,FRA,URY,72
20027666,77,230,171,2009,1158171.0,0.0,1.540346,0.090377,FRA,URY,72
20027667,77,230,171,2010,688667.0,0.0,1.530027,-0.052557000000000006,FRA,URY,72
20027668,77,230,171,2015,238180.0,0.0,1.479792,0.6490239999999999,FRA,URY,72
20027669,77,230,171,2016,463652.0,0.0,1.476437,0.911746,FRA,URY,72
20027670,77,230,171,2019,260716.0,0.0,1.380982,0.9510629999999999,FRA,URY,72
20027671,77,230,171,2018,1429795.0,0.0,1.420819,0.7793770000000001,FRA,URY,72
20027672,77,230,171,2020,766687.0,0.0,1.341275,0.8991870000000001,FRA,URY,72
20027673,81,230,171,2000,12479.0,22177.0,1.957339,0.610052,GBR,URY,72
20027674,81,230,171,2001,51175.0,0.0,1.976894,0.685435,GBR,URY,72
20027675,81,230,171,2003,76194.0,34276.0,1.8712540000000002,0.706205,GBR,URY,72
20027676,81,230,171,2004,66742.0,0.0,1.843506,0.684779,GBR,URY,72
20027677,81,230,171,2005,16970.0,57578.0,1.805023,0.425654,GBR,URY,72
20027678,81,230,171,2006,78245.0,0.0,1.824154,0.614424,GBR,URY,72
20027679,81,230,171,2007,92960.0,6860.0,1.718661,0.35525300000000004,GBR,URY,72
20027680,81,230,171,2008,78168.0,58596.0,1.7586119999999998,0.061214,GBR,URY,72
20027681,81,230,171,2009,102170.0,0.0,1.7921779999999998,0.41211499999999995,GBR,URY,72
20027682,81,230,171,2010,59132.0,4910.0,1.828224,0.386383,GBR,URY,72
20027683,81,230,171,2011,92005.0,4832.0,1.8048220000000001,0.380141,GBR,URY,72
20027684,81,230,171,2012,22922.0,184242.0,1.701279,0.518166,GBR,URY,72
20027685,81,230,171,2013,35810.0,0.0,1.7901259999999999,0.44164,GBR,URY,72
20027686,81,230,171,2014,93347.0,1052.0,1.697964,0.585372,GBR,URY,72
20027687,81,230,171,2015,11595.0,28415.0,1.7422990000000003,0.75838,GBR,URY,72
20027688,81,230,171,2016,4291.0,9620.0,1.6974669999999998,0.9231299999999999,GBR,URY,72
20027689,81,230,171,2017,2898.0,2093.0,1.6883119999999998,0.8347469999999999,GBR,URY,72
20027690,81,230,171,2018,58041.0,19105.0,1.693008,0.768159,GBR,URY,72
20027691,81,230,171,2019,21372.0,12073.0,1.731106,0.717566,GBR,URY,72
20027692,81,230,171,1995,2223177.0,17817.0,1.8656979999999999,1.107121,GBR,URY,72
20027693,81,230,171,1996,1958392.0,0.0,1.850284,0.883084,GBR,URY,72
20027694,81,230,171,1997,866447.0,0.0,1.886353,0.783832,GBR,URY,72
20027695,81,230,171,1998,369415.0,0.0,1.906738,0.489101,GBR,URY,72
20027696,81,230,171,1999,126410.0,0.0,1.9523830000000002,0.771455,GBR,URY,72
20027697,81,230,171,2002,3263.0,0.0,1.893177,0.831382,GBR,URY,72
20027698,81,230,171,2020,0.0,2901.0,1.6459,0.7702640000000001,GBR,URY,72
20027699,82,230,171,2019,637015.0,0.0,-0.057798,-0.206771,GEO,URY,72
20027700,82,230,171,2013,910589.0,0.0,-0.160691,-0.393419,GEO,URY,72
20027701,82,230,171,2015,399747.0,0.0,-0.343663,-0.588017,GEO,URY,72
20027702,82,230,171,2014,796961.0,0.0,-0.254106,-0.646584,GEO,URY,72
20027703,82,230,171,2020,461863.0,0.0,-0.199775,-0.38684,GEO,URY,72
20027704,82,230,171,2018,614847.0,0.0,-0.049871,-0.28439899999999996,GEO,URY,72
20027705,82,230,171,2016,359603.0,0.0,-0.388359,-0.51175,GEO,URY,72
20027706,83,230,171,2000,190643.0,0.0,-1.192608,-0.811986,GHA,URY,72
20027707,83,230,171,2002,0.0,13951.0,-1.333425,-1.0709879999999998,GHA,URY,72
20027708,90,230,171,1999,20546.0,0.0,0.24943600000000002,1.172467,GRC,URY,72
20027709,90,230,171,2018,11722.0,0.0,0.059539999999999996,1.0321879999999999,GRC,URY,72
20027710,90,230,171,2019,10700.0,0.0,0.08904400000000001,1.059396,GRC,URY,72
20027711,90,230,171,2004,58287.0,0.0,0.348853,1.661656,GRC,URY,72
20027712,90,230,171,2005,46180.0,0.0,0.321907,1.7731669999999997,GRC,URY,72
20027713,90,230,171,2015,12973.0,0.0,0.099027,1.012289,GRC,URY,72
20027714,90,230,171,2020,5266.0,0.0,0.199011,1.087811,GRC,URY,72
20027715,93,230,171,2015,0.0,864.0,-0.284403,0.525564,GTM,URY,72
20027716,93,230,171,2016,50108.0,1142.0,-0.414843,0.382162,GTM,URY,72
20027717,93,230,171,2017,60491.0,0.0,-0.418538,0.557454,GTM,URY,72
20027718,93,230,171,2019,59280.0,0.0,-0.43447299999999994,0.658475,GTM,URY,72
20027719,93,230,171,2004,0.0,2980306.0,-0.46136000000000005,0.148122,GTM,URY,72
20027720,93,230,171,2003,0.0,1319981.0,-0.444162,0.145319,GTM,URY,72
20027721,97,230,171,1995,11826.0,40643.0,0.5244449999999999,2.682738,HKG,URY,72
20027722,97,230,171,1996,0.0,16905.0,0.54364,2.727659,HKG,URY,72
20027723,97,230,171,1997,0.0,43052.0,0.521942,2.578405,HKG,URY,72
20027724,97,230,171,1998,0.0,52758.0,0.46966099999999994,2.5744029999999998,HKG,URY,72
20027725,97,230,171,2002,0.0,64500.0,0.5701109999999999,1.989357,HKG,URY,72
20027726,97,230,171,2003,0.0,3047.0,0.494569,2.147062,HKG,URY,72
20027727,97,230,171,2011,25204.0,0.0,0.663588,1.902118,HKG,URY,72
20027728,97,230,171,2013,833953.0,0.0,0.744383,1.923139,HKG,URY,72
20027729,97,230,171,2014,559523.0,0.0,0.812132,1.722493,HKG,URY,72
20027730,97,230,171,2015,154885.0,0.0,0.8255290000000001,1.8017279999999998,HKG,URY,72
20027731,97,230,171,2016,212216.0,5433.0,0.8029029999999999,1.477249,HKG,URY,72
20027732,97,230,171,2017,321490.0,19841.0,0.824982,1.7162220000000001,HKG,URY,72
20027733,97,230,171,2018,80789.0,0.0,0.843677,1.656073,HKG,URY,72
20027734,97,230,171,2019,229909.0,28847.0,0.992556,1.523004,HKG,URY,72
20027735,97,230,171,2009,0.0,33954.0,0.654964,1.98672,HKG,URY,72
20027736,97,230,171,2005,0.0,37924.0,0.5862149999999999,2.0303459999999998,HKG,URY,72
20027737,97,230,171,2006,214455.0,0.0,0.5776319999999999,2.076782,HKG,URY,72
20027738,97,230,171,2012,125361.0,0.0,0.8124979999999999,1.677497,HKG,URY,72
20027739,97,230,171,2010,1767.0,0.0,0.715745,1.9780259999999998,HKG,URY,72
20027740,97,230,171,2020,71434.0,0.0,1.070483,1.183618,HKG,URY,72
20027741,97,230,171,2008,50783.0,0.0,0.74435,2.149616,HKG,URY,72
20027742,97,230,171,2007,25528.0,2146.0,0.639034,2.1086009999999997,HKG,URY,72
20027743,99,230,171,2015,15697.0,0.0,-0.578635,-0.292053,HND,URY,72
20027744,99,230,171,2017,20868.0,0.0,-0.6335689999999999,-0.334201,HND,URY,72
20027745,99,230,171,2011,0.0,2533.0,-0.740241,-0.311952,HND,URY,72
20027746,100,230,171,2020,5781.0,0.0,0.876001,1.250877,HRV,URY,72
20027747,100,230,171,2017,20507.0,0.0,0.860825,1.365445,HRV,URY,72
20027748,100,230,171,2019,9309.0,0.0,0.850527,1.280845,HRV,URY,72
20027749,100,230,171,2015,0.0,531969.0,0.7590140000000001,1.257415,HRV,URY,72
20027750,102,230,171,2017,4286.0,0.0,1.4886270000000001,0.845986,HUN,URY,72
20027751,102,230,171,2013,3394.0,0.0,1.506101,0.7279220000000001,HUN,URY,72
20027752,102,230,171,2007,37558.0,0.0,1.4887709999999998,0.78372,HUN,URY,72
20027753,103,230,171,2005,1095.0,0.0,-0.273208,1.5252379999999999,IDN,URY,72
20027754,103,230,171,2010,1916.0,0.0,-0.30878099999999997,1.07069,IDN,URY,72
20027755,103,230,171,2015,7628.0,0.0,-0.145103,1.277362,IDN,URY,72
20027756,103,230,171,2017,112971.0,0.0,-0.23641700000000002,1.188173,IDN,URY,72
20027757,103,230,171,2009,31940.0,39999.0,-0.253835,1.260101,IDN,URY,72
20027758,103,230,171,2012,116849.0,151187.0,-0.142318,1.281781,IDN,URY,72
20027759,103,230,171,2013,0.0,1471.0,-0.216854,1.415728,IDN,URY,72
20027760,103,230,171,2016,80793.0,0.0,-0.158496,1.492067,IDN,URY,72
20027761,103,230,171,2008,110599.0,0.0,-0.11154000000000001,1.4879850000000001,IDN,URY,72
20027762,103,230,171,2007,128537.0,48850.0,-0.192415,1.497962,IDN,URY,72
20027763,103,230,171,1999,34389.0,0.0,-0.20447,1.568505,IDN,URY,72
20027764,104,230,171,2004,379496.0,0.0,0.233348,2.790987,IND,URY,72
20027765,104,230,171,2009,1086681.0,11460.0,0.209867,2.254003,IND,URY,72
20027766,104,230,171,2015,3664734.0,794972.0,0.24230900000000002,2.8190880000000003,IND,URY,72
20027767,104,230,171,2017,6181759.0,884994.0,0.290576,2.726391,IND,URY,72
20027768,104,230,171,2018,5136639.0,868017.0,0.526015,2.448112,IND,URY,72
20027769,104,230,171,2019,2166225.0,825648.0,0.43196,2.661139,IND,URY,72
20027770,104,230,171,2020,2374808.0,576986.0,0.464674,2.838779,IND,URY,72
20027771,104,230,171,2013,2786949.0,828153.0,0.215356,2.3916209999999998,IND,URY,72
20027772,104,230,171,2014,2562874.0,260053.0,0.262042,2.6305080000000003,IND,URY,72
20027773,104,230,171,2011,1239144.0,2303683.0,0.18276199999999998,2.398765,IND,URY,72
20027774,104,230,171,2012,1720400.0,64346.0,0.229996,2.4815110000000002,IND,URY,72
20027775,104,230,171,2016,3820028.0,656326.0,0.30976,2.61043,IND,URY,72
20027776,104,230,171,2007,842532.0,0.0,0.279475,2.7514939999999997,IND,URY,72
20027777,104,230,171,2008,1180261.0,0.0,0.26694,2.926023,IND,URY,72
20027778,104,230,171,2003,207367.0,0.0,0.33014099999999996,2.836003,IND,URY,72
20027779,104,230,171,2005,639725.0,0.0,0.212108,2.817413,IND,URY,72
20027780,104,230,171,2006,407160.0,0.0,0.285652,2.731318,IND,URY,72
20027781,104,230,171,2010,1625025.0,0.0,0.14485599999999998,2.408913,IND,URY,72
20027782,104,230,171,2000,537150.0,0.0,0.3961,2.553408,IND,URY,72
20027783,104,230,171,2002,296093.0,0.0,0.380867,2.608955,IND,URY,72
20027784,104,230,171,2001,484914.0,0.0,0.349744,2.665844,IND,URY,72
20027785,104,230,171,1997,71397.0,0.0,0.262571,2.31305,IND,URY,72
20027786,104,230,171,1998,431841.0,0.0,0.274308,2.316908,IND,URY,72
20027787,104,230,171,1999,201255.0,6147.0,0.29945900000000003,2.438702,IND,URY,72
20027788,107,230,171,2017,3707.0,0.0,-0.361292,-0.361813,IRN,URY,72
20027789,110,230,171,2011,547579.0,0.0,1.324384,0.714611,ISR,URY,72
20027790,110,230,171,2010,262097.0,0.0,1.215834,0.7028340000000001,ISR,URY,72
20027791,110,230,171,2012,444606.0,0.0,1.344347,0.691617,ISR,URY,72
20027792,110,230,171,2009,199057.0,0.0,1.226438,0.816299,ISR,URY,72
20027793,110,230,171,2003,17752.0,0.0,1.157809,0.682195,ISR,URY,72
20027794,110,230,171,2013,17596.0,0.0,1.197241,0.633828,ISR,URY,72
20027795,110,230,171,2004,2898.0,0.0,1.250393,0.8003979999999999,ISR,URY,72
20027796,110,230,171,2007,5610.0,0.0,1.092244,0.753984,ISR,URY,72
20027797,110,230,171,2005,6182.0,24562.0,1.3829120000000001,0.761617,ISR,URY,72
20027798,110,230,171,2017,1244.0,0.0,1.436156,0.776574,ISR,URY,72
20027799,110,230,171,2002,650.0,24802.0,1.334174,0.654331,ISR,URY,72
20027800,110,230,171,2019,23512.0,0.0,1.488686,0.823376,ISR,URY,72
20027801,110,230,171,2018,13580.0,0.0,1.355071,0.872822,ISR,URY,72
20027802,110,230,171,2000,1893.0,0.0,1.251365,0.7359319999999999,ISR,URY,72
20027803,110,230,171,1999,5938.0,15741.0,1.342593,0.781931,ISR,URY,72
20027804,111,230,171,2003,175813.0,0.0,1.399734,1.044608,ITA,URY,72
20027805,111,230,171,2006,327264.0,0.0,1.293779,0.93995,ITA,URY,72
20027806,111,230,171,2007,97018.0,15665.0,1.3003559999999998,0.705448,ITA,URY,72
20027807,111,230,171,2008,77844.0,112172.0,1.308777,0.361523,ITA,URY,72
20027808,111,230,171,2009,346629.0,0.0,1.289,0.64549,ITA,URY,72
20027809,111,230,171,2010,1167508.0,0.0,1.272385,0.545721,ITA,URY,72
20027810,111,230,171,2011,2173664.0,0.0,1.298751,0.48013599999999995,ITA,URY,72
20027811,111,230,171,2012,1690797.0,0.0,1.297611,0.28585900000000003,ITA,URY,72
20027812,111,230,171,2013,1683507.0,6732.0,1.289924,0.533436,ITA,URY,72
20027813,111,230,171,2014,1928107.0,36133.0,1.340136,0.43931099999999995,ITA,URY,72
20027814,111,230,171,2015,321803.0,0.0,1.321127,0.747046,ITA,URY,72
20027815,111,230,171,2016,421043.0,0.0,1.339307,0.8549209999999999,ITA,URY,72
20027816,111,230,171,2017,435077.0,0.0,1.34395,0.577693,ITA,URY,72
20027817,111,230,171,2018,290863.0,0.0,1.3602530000000002,0.453607,ITA,URY,72
20027818,111,230,171,2019,446232.0,0.0,1.25898,0.926639,ITA,URY,72
20027819,111,230,171,2020,743980.0,82671.0,1.299017,0.701797,ITA,URY,72
20027820,111,230,171,1995,248391.0,0.0,1.503379,1.449094,ITA,URY,72
20027821,111,230,171,1996,900886.0,120642.0,1.4674690000000001,1.263362,ITA,URY,72
20027822,111,230,171,1997,737486.0,0.0,1.4860389999999999,1.235674,ITA,URY,72
20027823,111,230,171,1998,255393.0,0.0,1.4532209999999999,1.191124,ITA,URY,72
20027824,111,230,171,2005,2157465.0,785671.0,1.295883,1.032218,ITA,URY,72
20027825,111,230,171,2000,857976.0,0.0,1.421124,1.112321,ITA,URY,72
20027826,111,230,171,2001,212376.0,0.0,1.389926,1.282143,ITA,URY,72
20027827,111,230,171,2002,37376.0,0.0,1.377604,1.2470510000000001,ITA,URY,72
20027828,111,230,171,2004,946205.0,0.0,1.358057,1.11533,ITA,URY,72
20027829,111,230,171,1999,269625.0,0.0,1.395253,1.3589790000000002,ITA,URY,72
20027830,112,230,171,2001,0.0,19771.0,-0.541582,-0.837248,JAM,URY,72
20027831,113,230,171,2020,9760.0,0.0,-0.060384,0.139902,JOR,URY,72
20027832,113,230,171,2011,53678.0,0.0,0.231605,0.47049399999999997,JOR,URY,72
20027833,114,230,171,2009,230180.0,0.0,2.306791,-0.251712,JPN,URY,72
20027834,114,230,171,2010,6022.0,0.0,2.459723,-0.279387,JPN,URY,72
20027835,114,230,171,2011,309855.0,0.0,2.516395,-0.534301,JPN,URY,72
20027836,114,230,171,2012,75331.0,0.0,2.359022,-0.553565,JPN,URY,72
20027837,114,230,171,2005,52794.0,0.0,2.392106,0.278652,JPN,URY,72
20027838,114,230,171,2016,51680.0,0.0,2.574025,-0.34859,JPN,URY,72
20027839,114,230,171,2014,564777.0,0.0,2.403165,-0.635024,JPN,URY,72
20027840,114,230,171,2015,356585.0,0.0,2.516133,-0.484202,JPN,URY,72
20027841,114,230,171,2017,25995.0,0.0,2.4510419999999997,-0.277357,JPN,URY,72
20027842,114,230,171,2018,106008.0,0.0,2.514533,-0.416074,JPN,URY,72
20027843,114,230,171,2020,70252.0,0.0,2.405659,-0.38169000000000003,JPN,URY,72
20027844,114,230,171,2019,43464.0,0.0,2.4931509999999997,-0.558811,JPN,URY,72
20027845,114,230,171,2000,10245.0,0.0,2.579611,0.464875,JPN,URY,72
20027846,114,230,171,2002,79128.0,0.0,2.556057,0.497673,JPN,URY,72
20027847,114,230,171,2003,134091.0,0.0,2.4686630000000003,0.48072600000000004,JPN,URY,72
20027848,114,230,171,2004,4526.0,0.0,2.526624,0.452054,JPN,URY,72
20027849,114,230,171,2008,4770.0,0.0,2.285056,0.036255,JPN,URY,72
20027850,114,230,171,1998,842801.0,0.0,2.550442,0.718063,JPN,URY,72
20027851,114,230,171,1995,275542.0,0.0,2.56822,0.927307,JPN,URY,72
20027852,114,230,171,1996,266594.0,0.0,2.615364,0.5656939999999999,JPN,URY,72
20027853,114,230,171,1997,795205.0,0.0,2.631846,0.553144,JPN,URY,72
20027854,114,230,171,1999,38651.0,0.0,2.541382,0.693702,JPN,URY,72
20027855,114,230,171,2013,15342.0,0.0,2.3993130000000003,-0.564768,JPN,URY,72
20027856,116,230,171,2004,0.0,161617.0,-0.503694,0.410495,KEN,URY,72
20027857,121,230,171,2012,22899620.0,210113.0,1.632917,0.877742,KOR,URY,72
20027858,121,230,171,1997,9050.0,0.0,1.0478290000000001,1.2874370000000002,KOR,URY,72
20027859,121,230,171,1998,78693.0,0.0,0.999518,1.106351,KOR,URY,72
20027860,121,230,171,1996,3303.0,0.0,0.8946940000000001,1.240424,KOR,URY,72
20027861,121,230,171,2010,16063922.0,96671.0,1.7118849999999999,0.762362,KOR,URY,72
20027862,121,230,171,2000,37646.0,0.0,1.0696700000000001,1.0182209999999998,KOR,URY,72
20027863,121,230,171,2001,47153.0,357655.0,1.145797,1.0762399999999999,KOR,URY,72
20027864,121,230,171,2014,31432392.0,379557.0,1.817145,0.8394530000000001,KOR,URY,72
20027865,121,230,171,2004,1848518.0,134174.0,1.3624690000000002,0.928342,KOR,URY,72
20027866,121,230,171,2005,1176.0,0.0,1.4051850000000001,0.815171,KOR,URY,72
20027867,121,230,171,2006,6760580.0,0.0,1.5384309999999999,0.766628,KOR,URY,72
20027868,121,230,171,2007,14249554.0,0.0,1.497359,0.726637,KOR,URY,72
20027869,121,230,171,2008,20288416.0,175041.0,1.491687,0.814692,KOR,URY,72
20027870,121,230,171,2009,5770470.0,0.0,1.509336,0.784515,KOR,URY,72
20027871,121,230,171,2011,24050355.0,162326.0,1.731371,0.8306879999999999,KOR,URY,72
20027872,121,230,171,1999,97940.0,0.0,0.92448,1.053988,KOR,URY,72
20027873,121,230,171,2013,32595981.0,63096.0,1.818383,0.75645,KOR,URY,72
20027874,121,230,171,2015,15730782.0,296826.0,1.900653,0.859406,KOR,URY,72
20027875,121,230,171,2016,13643643.0,3800.0,2.086184,0.724318,KOR,URY,72
20027876,121,230,171,2017,19712729.0,0.0,2.011263,0.783215,KOR,URY,72
20027877,121,230,171,2018,16660974.0,0.0,2.093866,0.764303,KOR,URY,72
20027878,121,230,171,2019,10660544.0,0.0,2.115482,0.696838,KOR,URY,72
20027879,121,230,171,2020,6114318.0,67066.0,1.9703950000000001,0.800826,KOR,URY,72
20027880,121,230,171,1995,38827.0,0.0,0.845175,1.2761799999999999,KOR,URY,72
20027881,121,230,171,2002,2933.0,0.0,1.186816,1.075947,KOR,URY,72
20027882,121,230,171,2003,2018.0,0.0,1.2611709999999998,0.956308,KOR,URY,72
20027883,131,230,171,2019,212820.0,0.0,1.234145,1.3754309999999998,LUX,URY,72
20027884,131,230,171,2018,349038.0,0.0,1.1142889999999999,1.306066,LUX,URY,72
20027885,131,230,171,2017,46838.0,0.0,1.24064,1.298263,LUX,URY,72
20027886,131,230,171,2020,11356.0,0.0,1.197655,1.432727,LUX,URY,72
20027887,131,230,171,2008,21459.0,0.0,1.39945,1.003857,LUX,URY,72
20027888,131,230,171,2009,32555.0,0.0,1.323336,1.026341,LUX,URY,72
20027889,131,230,171,2002,34976.0,0.0,1.605378,1.152973,LUX,URY,72
20027890,131,230,171,2010,11402.0,0.0,1.272127,1.1051520000000001,LUX,URY,72
20027891,131,230,171,2012,17566.0,0.0,1.131145,1.305768,LUX,URY,72
20027892,131,230,171,2013,5775.0,0.0,1.170459,1.150327,LUX,URY,72
20027893,131,230,171,2016,35504.0,0.0,1.340054,1.30224,LUX,URY,72
20027894,131,230,171,2000,327928.0,0.0,1.331688,1.130817,LUX,URY,72
20027895,131,230,171,2001,676610.0,0.0,1.470895,1.149007,LUX,URY,72
20027896,136,230,171,2009,0.0,2788.0,-1.0356610000000002,-0.198062,MDG,URY,72
20027897,138,230,171,2004,514.0,744470.0,0.868684,0.85506,MEX,URY,72
20027898,138,230,171,2007,185173.0,35269.0,1.044746,0.605246,MEX,URY,72
20027899,138,230,171,1995,1712160.0,0.0,0.6414300000000001,0.9697520000000001,MEX,URY,72
20027900,138,230,171,1996,383524.0,0.0,0.651949,0.9132170000000001,MEX,URY,72
20027901,138,230,171,2000,117691.0,4298.0,0.6866760000000001,0.64383,MEX,URY,72
20027902,138,230,171,2001,3184.0,46906.0,0.797058,0.713234,MEX,URY,72
20027903,138,230,171,2012,17493490.0,0.0,1.039541,0.663349,MEX,URY,72
20027904,138,230,171,2013,25673156.0,80818.0,1.048507,0.718932,MEX,URY,72
20027905,138,230,171,2014,15053455.0,0.0,1.0799729999999998,0.697554,MEX,URY,72
20027906,138,230,171,2015,8500994.0,0.0,1.169724,0.61457,MEX,URY,72
20027907,138,230,171,2016,1196142.0,0.0,1.165638,0.6446649999999999,MEX,URY,72
20027908,138,230,171,1999,214619.0,5293.0,0.581034,0.8399760000000001,MEX,URY,72
20027909,138,230,171,2003,49834.0,165446.0,0.862509,0.756684,MEX,URY,72
20027910,138,230,171,1997,512525.0,0.0,0.603221,0.898488,MEX,URY,72
20027911,138,230,171,2005,47146.0,0.0,1.046235,0.856245,MEX,URY,72
20027912,138,230,171,1998,318474.0,33524.0,0.525671,0.880649,MEX,URY,72
20027913,138,230,171,2006,268005.0,468866.0,1.047268,0.7142270000000001,MEX,URY,72
20027914,138,230,171,2008,1929361.0,0.0,0.9833639999999999,0.7687069999999999,MEX,URY,72
20027915,138,230,171,2011,17724799.0,0.0,0.9534600000000001,0.706982,MEX,URY,72
20027916,138,230,171,2009,1116158.0,0.0,1.061625,0.719234,MEX,URY,72
20027917,138,230,171,2010,2404320.0,0.0,1.132664,0.675756,MEX,URY,72
20027918,138,230,171,2002,86126.0,8349.0,0.942061,0.6311260000000001,MEX,URY,72
20027919,138,230,171,2019,1745912.0,26563.0,1.083041,0.569353,MEX,URY,72
20027920,138,230,171,2020,2085002.0,12605.0,0.974514,0.563643,MEX,URY,72
20027921,138,230,171,2018,2430384.0,731.0,1.00061,0.585759,MEX,URY,72
20027922,138,230,171,2017,529485.0,0.0,1.08871,0.5745279999999999,MEX,URY,72
20027923,141,230,171,2010,0.0,121249.0,-0.585496,-0.655841,MLI,URY,72
20027924,148,230,171,2017,0.0,1118130.0,-1.634533,-1.330819,MRT,URY,72
20027925,153,230,171,2008,11797.0,0.0,0.793395,0.6141939999999999,MYS,URY,72
20027926,153,230,171,2016,47415.0,0.0,1.106894,0.7452840000000001,MYS,URY,72
20027927,153,230,171,2014,8919.0,0.0,1.018138,0.774649,MYS,URY,72
20027928,153,230,171,2015,3680.0,14532.0,1.082803,0.811615,MYS,URY,72
20027929,153,230,171,2011,6710.0,0.0,0.9893290000000001,0.632079,MYS,URY,72
20027930,153,230,171,2012,1209.0,0.0,0.945643,0.7526510000000001,MYS,URY,72
20027931,153,230,171,2013,8980.0,0.0,0.937641,0.747496,MYS,URY,72
20027932,153,230,171,2017,3168.0,0.0,1.0110139999999999,0.6840729999999999,MYS,URY,72
20027933,153,230,171,2010,4672.0,0.0,0.9530780000000001,0.607456,MYS,URY,72
20027934,153,230,171,2006,13352.0,47962.0,0.7896569999999999,0.363625,MYS,URY,72
20027935,153,230,171,2018,0.0,1077.0,1.122976,0.734109,MYS,URY,72
20027936,153,230,171,2007,4883.0,0.0,0.740788,0.302155,MYS,URY,72
20027937,153,230,171,2009,3396.0,0.0,0.8718229999999999,0.607429,MYS,URY,72
20027938,153,230,171,2020,0.0,67731.0,1.185223,0.573439,MYS,URY,72
20027939,159,230,171,2009,0.0,317059.0,-1.584051,-1.156247,NGA,URY,72
20027940,162,230,171,1995,123819.0,0.0,1.304391,1.8819119999999998,NLD,URY,72
20027941,162,230,171,1996,193002.0,143076.0,1.256625,1.803132,NLD,URY,72
20027942,162,230,171,1997,94172.0,0.0,1.267794,1.727888,NLD,URY,72
20027943,162,230,171,1998,216033.0,17292.0,1.248469,1.683182,NLD,URY,72
20027944,162,230,171,1999,187124.0,0.0,1.308776,1.574293,NLD,URY,72
20027945,162,230,171,2000,40498.0,0.0,1.283291,1.58901,NLD,URY,72
20027946,162,230,171,2001,0.0,16089.0,1.315685,1.590935,NLD,URY,72
20027947,162,230,171,2002,56247.0,66452.0,1.206176,1.7136360000000002,NLD,URY,72
20027948,162,230,171,2003,29055.0,139879.0,1.168453,1.7085709999999998,NLD,URY,72
20027949,162,230,171,2004,246441.0,16517.0,1.251808,1.586526,NLD,URY,72
20027950,162,230,171,2005,570294.0,0.0,1.143533,1.614774,NLD,URY,72
20027951,162,230,171,2006,734026.0,73644.0,1.192134,1.450852,NLD,URY,72
20027952,162,230,171,2008,389815.0,44407.0,1.139475,1.385316,NLD,URY,72
20027953,162,230,171,2009,162436.0,18583.0,1.1914850000000001,1.3076780000000001,NLD,URY,72
20027954,162,230,171,2011,11179.0,287132.0,1.1655229999999999,1.410167,NLD,URY,72
20027955,162,230,171,2012,732629.0,150989.0,1.124582,1.374002,NLD,URY,72
20027956,162,230,171,2013,763432.0,0.0,1.184107,1.249557,NLD,URY,72
20027957,162,230,171,2014,2475802.0,46167.0,1.179325,1.355071,NLD,URY,72
20027958,162,230,171,2015,90416.0,80800.0,1.230104,1.27344,NLD,URY,72
20027959,162,230,171,2016,223898.0,119466.0,1.157361,1.5188540000000001,NLD,URY,72
20027960,162,230,171,2017,1063673.0,608525.0,1.146959,1.470869,NLD,URY,72
20027961,162,230,171,2018,124144.0,303670.0,1.1478899999999999,1.454758,NLD,URY,72
20027962,162,230,171,2019,19181.0,364204.0,1.145044,1.3523530000000001,NLD,URY,72
20027963,162,230,171,2020,439812.0,184539.0,1.035951,1.559401,NLD,URY,72
20027964,162,230,171,2007,1158442.0,65176.0,1.089169,1.589641,NLD,URY,72
20027965,163,230,171,2019,8296.0,0.0,0.6957300000000001,0.181607,NOR,URY,72
20027966,163,230,171,2020,3796.0,0.0,0.793459,0.369766,NOR,URY,72
20027967,163,230,171,2018,0.0,33633.0,0.681639,0.021762,NOR,URY,72
20027968,163,230,171,2014,117021.0,0.0,0.9187049999999999,0.182685,NOR,URY,72
20027969,163,230,171,2012,33355.0,0.0,0.8613049999999999,0.12626800000000002,NOR,URY,72
20027970,166,230,171,1997,10007.0,0.0,0.557545,0.731294,NZL,URY,72
20027971,166,230,171,2001,970.0,0.0,0.521409,0.683134,NZL,URY,72
20027972,166,230,171,2004,954.0,0.0,0.567392,0.965781,NZL,URY,72
20027973,166,230,171,2009,14050.0,0.0,0.38301999999999997,0.720644,NZL,URY,72
20027974,166,230,171,2010,4190.0,0.0,0.36828299999999997,0.574574,NZL,URY,72
20027975,166,230,171,2011,28604.0,0.0,0.372732,0.548601,NZL,URY,72
20027976,166,230,171,2012,298463.0,0.0,0.410575,0.714584,NZL,URY,72
20027977,166,230,171,2016,82594.0,0.0,0.236556,0.252918,NZL,URY,72
20027978,166,230,171,2018,390985.0,0.0,0.21902600000000003,0.148714,NZL,URY,72
20027979,166,230,171,2019,29546.0,0.0,0.119281,0.039036,NZL,URY,72
20027980,166,230,171,1998,0.0,30663.0,0.5690529999999999,0.7752060000000001,NZL,URY,72
20027981,166,230,171,2000,3843.0,0.0,0.552858,0.8281129999999999,NZL,URY,72
20027982,167,230,171,2001,0.0,1781.0,-0.909329,-1.189698,OMN,URY,72
20027983,168,230,171,2019,0.0,8821.0,-0.6909270000000001,0.8651120000000001,PAK,URY,72
20027984,168,230,171,2020,0.0,10337.0,-0.52984,0.63654,PAK,URY,72
20027985,168,230,171,2003,0.0,11029.0,-0.6659689999999999,0.137924,PAK,URY,72
20027986,168,230,171,2018,0.0,26132.0,-0.64348,0.665045,PAK,URY,72
20027987,169,230,171,2010,2420.0,0.0,0.617867,0.903432,PAN,URY,72
20027988,169,230,171,2011,491.0,86292.0,0.786135,1.061008,PAN,URY,72
20027989,169,230,171,2013,1638.0,0.0,0.735637,1.161718,PAN,URY,72
20027990,169,230,171,2016,6424.0,0.0,0.58773,0.654145,PAN,URY,72
20027991,169,230,171,2007,120887.0,0.0,0.36233899999999997,0.807669,PAN,URY,72
20027992,169,230,171,2008,53376.0,2964.0,0.470854,0.960075,PAN,URY,72
20027993,169,230,171,2009,1162.0,0.0,0.629137,0.5894010000000001,PAN,URY,72
20027994,169,230,171,2012,787.0,0.0,0.901366,1.245179,PAN,URY,72
20027995,169,230,171,2014,238.0,0.0,0.771742,0.9873190000000001,PAN,URY,72
20027996,169,230,171,2017,1483.0,0.0,0.5520109999999999,0.788181,PAN,URY,72
20027997,173,230,171,2000,0.0,29487.0,-0.297619,0.194724,PER,URY,72
20027998,173,230,171,2009,301250.0,0.0,-0.53304,0.221183,PER,URY,72
20027999,173,230,171,2010,27310.0,0.0,-0.650327,0.162321,PER,URY,72
20028000,173,230,171,2018,360022.0,0.0,-0.6673060000000001,-0.183315,PER,URY,72
20028001,173,230,171,2019,350375.0,0.0,-0.76944,-0.216619,PER,URY,72
20028002,173,230,171,2020,560214.0,21963.0,-0.717014,-0.152142,PER,URY,72
20028003,173,230,171,2004,0.0,4315.0,-0.564244,0.131232,PER,URY,72
20028004,173,230,171,2011,8015.0,0.0,-0.455977,0.442543,PER,URY,72
20028005,173,230,171,2012,4066.0,0.0,-0.444821,0.555188,PER,URY,72
20028006,173,230,171,2013,5451.0,0.0,-0.573852,0.357977,PER,URY,72
20028007,173,230,171,2014,23920.0,0.0,-0.557833,0.611826,PER,URY,72
20028008,173,230,171,2015,8960.0,52232.0,-0.6007819999999999,0.32152800000000004,PER,URY,72
20028009,173,230,171,2016,0.0,2308574.0,-0.717529,0.007845999999999999,PER,URY,72
20028010,173,230,171,2017,107163.0,0.0,-0.667658,-0.318344,PER,URY,72
20028011,177,230,171,2004,1217681.0,0.0,1.019341,1.519452,POL,URY,72
20028012,177,230,171,2005,1573719.0,0.0,0.9564299999999999,1.559385,POL,URY,72
20028013,177,230,171,2006,1659873.0,0.0,0.991927,1.474418,POL,URY,72
20028014,177,230,171,2007,1936890.0,0.0,1.0412139999999999,1.309641,POL,URY,72
20028015,177,230,171,2011,22456.0,0.0,1.133641,1.134203,POL,URY,72
20028016,177,230,171,2012,12534.0,0.0,1.0626870000000002,1.267268,POL,URY,72
20028017,177,230,171,2018,3772.0,0.0,1.132475,1.258945,POL,URY,72
20028018,177,230,171,2000,1057800.0,0.0,0.862983,1.8683400000000001,POL,URY,72
20028019,177,230,171,2014,19463.0,0.0,1.133102,1.177165,POL,URY,72
20028020,177,230,171,2016,6250.0,0.0,1.146113,1.239532,POL,URY,72
20028021,177,230,171,2019,5030.0,0.0,1.088347,1.275875,POL,URY,72
20028022,177,230,171,2008,3138428.0,0.0,1.037287,1.244457,POL,URY,72
20028023,177,230,171,2010,795570.0,0.0,1.083552,1.1433719999999998,POL,URY,72
20028024,177,230,171,2009,857047.0,0.0,1.11055,1.069074,POL,URY,72
20028025,177,230,171,1995,1432026.0,1207959.0,0.76393,1.802648,POL,URY,72
20028026,177,230,171,1998,1756055.0,0.0,0.8638309999999999,1.8881299999999999,POL,URY,72
20028027,177,230,171,1999,835475.0,0.0,0.8512700000000001,1.8975229999999998,POL,URY,72
20028028,177,230,171,2002,109973.0,0.0,0.931642,1.721727,POL,URY,72
20028029,177,230,171,2003,487094.0,0.0,0.966622,1.664838,POL,URY,72
20028030,177,230,171,1997,1038122.0,0.0,0.805559,1.9598520000000001,POL,URY,72
20028031,177,230,171,2001,928710.0,0.0,0.9474540000000001,1.8408220000000002,POL,URY,72
20028032,177,230,171,1996,1187580.0,0.0,0.795489,1.9004729999999999,POL,URY,72
20028033,178,230,171,2010,60490.0,0.0,0.348511,0.466229,PRK,URY,72
20028034,178,230,171,2012,179686.0,0.0,-0.120826,0.131138,PRK,URY,72
20028035,178,230,171,2009,39460.0,0.0,0.608089,0.709831,PRK,URY,72
20028036,179,230,171,2019,441072.0,0.0,0.545467,2.344447,PRT,URY,72
20028037,179,230,171,2020,303482.0,0.0,0.656999,2.1136470000000003,PRT,URY,72
20028038,179,230,171,2018,41911.0,0.0,0.652628,2.211758,PRT,URY,72
20028039,179,230,171,2000,1037.0,0.0,0.547816,1.70635,PRT,URY,72
20028040,179,230,171,2008,299.0,0.0,0.64135,2.1946939999999997,PRT,URY,72
20028041,179,230,171,2009,67757.0,0.0,0.559189,2.4359919999999997,PRT,URY,72
20028042,179,230,171,2010,60900.0,0.0,0.551149,2.437209,PRT,URY,72
20028043,179,230,171,2011,771.0,0.0,0.558481,2.7056240000000003,PRT,URY,72
20028044,179,230,171,2012,134758.0,0.0,0.648544,2.405491,PRT,URY,72
20028045,179,230,171,2013,29075.0,0.0,0.541454,2.5228610000000002,PRT,URY,72
20028046,179,230,171,2014,102793.0,0.0,0.621053,2.349644,PRT,URY,72
20028047,179,230,171,2015,96857.0,0.0,0.561922,2.2276380000000002,PRT,URY,72
20028048,179,230,171,2016,33469.0,0.0,0.519621,2.254972,PRT,URY,72
20028049,179,230,171,2017,121031.0,0.0,0.527046,2.264624,PRT,URY,72
20028050,179,230,171,2001,897.0,0.0,0.482048,1.662123,PRT,URY,72
20028051,179,230,171,2007,5158.0,0.0,0.621302,1.971656,PRT,URY,72
20028052,180,230,171,2001,70225.0,70513.0,-0.68893,-0.9326690000000001,PRY,URY,72
20028053,180,230,171,2006,674246.0,20338.0,-0.520435,-0.7839119999999999,PRY,URY,72
20028054,180,230,171,2008,2092310.0,265723.0,-0.556298,-0.9503780000000001,PRY,URY,72
20028055,180,230,171,2009,69245.0,236756.0,-0.564858,-0.941735,PRY,URY,72
20028056,180,230,171,2010,0.0,270461.0,-0.553805,-0.8699450000000001,PRY,URY,72
20028057,180,230,171,2012,34373.0,537273.0,-0.497895,-0.9197299999999999,PRY,URY,72
20028058,180,230,171,2013,79738.0,16667.0,-0.566239,-0.9273459999999999,PRY,URY,72
20028059,180,230,171,2014,0.0,42996.0,-0.608509,-0.930679,PRY,URY,72
20028060,180,230,171,2015,13034.0,1044.0,-0.471106,-0.9431139999999999,PRY,URY,72
20028061,180,230,171,2016,0.0,229613.0,-0.660702,-1.0329979999999999,PRY,URY,72
20028062,180,230,171,2017,23653.0,13745.0,-0.437741,-0.9248879999999999,PRY,URY,72
20028063,180,230,171,2018,20082.0,42410.0,-0.614751,-0.952478,PRY,URY,72
20028064,180,230,171,2019,229530.0,17739.0,-0.500999,-0.8635219999999999,PRY,URY,72
20028065,180,230,171,2020,267826.0,4456.0,-0.45920600000000006,-0.930341,PRY,URY,72
20028066,180,230,171,2002,163820.0,152344.0,-0.614282,-0.963832,PRY,URY,72
20028067,180,230,171,2003,100732.0,118825.0,-0.607733,-0.8577879999999999,PRY,URY,72
20028068,180,230,171,2004,188886.0,59473.0,-0.64574,-0.978875,PRY,URY,72
20028069,180,230,171,2005,610556.0,0.0,-0.7109880000000001,-0.8740680000000001,PRY,URY,72
20028070,180,230,171,2007,875643.0,0.0,-0.500617,-0.814385,PRY,URY,72
20028071,180,230,171,2011,303585.0,2522239.0,-0.548759,-0.877743,PRY,URY,72
20028072,180,230,171,1996,573110.0,72132.0,-0.506178,-0.712851,PRY,URY,72
20028073,180,230,171,2000,56076.0,45757.0,-0.774476,-0.980039,PRY,URY,72
20028074,180,230,171,1995,969496.0,0.0,-0.283544,-0.640898,PRY,URY,72
20028075,180,230,171,1997,1724742.0,0.0,-0.44951,-0.818817,PRY,URY,72
20028076,180,230,171,1998,168166.0,0.0,-0.204539,-0.766486,PRY,URY,72
20028077,180,230,171,1999,2432.0,0.0,-0.541387,-0.863967,PRY,URY,72
20028078,185,230,171,2006,114936.0,0.0,0.550825,1.170744,ROU,URY,72
20028079,185,230,171,2007,223613.0,0.0,0.69445,1.223747,ROU,URY,72
20028080,185,230,171,2016,57531.0,0.0,1.061259,0.9878870000000001,ROU,URY,72
20028081,185,230,171,2018,64943.0,0.0,1.050715,1.04471,ROU,URY,72
20028082,185,230,171,2019,101675.0,0.0,1.044289,1.013691,ROU,URY,72
20028083,185,230,171,2020,70445.0,1395.0,1.13426,0.9767809999999999,ROU,URY,72
20028084,185,230,171,2017,318172.0,0.0,1.05479,0.9842219999999999,ROU,URY,72
20028085,185,230,171,2003,888688.0,0.0,0.378379,1.0064620000000002,ROU,URY,72
20028086,185,230,171,2012,87747.0,0.0,0.745926,1.2884719999999998,ROU,URY,72
20028087,185,230,171,2013,21995.0,0.0,0.792035,1.225034,ROU,URY,72
20028088,185,230,171,2015,30421.0,0.0,0.946363,1.056775,ROU,URY,72
20028089,185,230,171,2002,1171077.0,0.0,0.29888200000000004,0.980376,ROU,URY,72
20028090,185,230,171,2014,26719.0,0.0,0.9112,1.188161,ROU,URY,72
20028091,185,230,171,1999,14459.0,0.0,0.253874,0.8322709999999999,ROU,URY,72
20028092,186,230,171,2016,64578.0,0.0,0.252891,0.200423,RUS,URY,72
20028093,186,230,171,2004,35952.0,0.0,0.8952399999999999,0.172896,RUS,URY,72
20028094,186,230,171,2005,13229.0,0.0,0.901675,0.061595000000000004,RUS,URY,72
20028095,186,230,171,2017,229659.0,0.0,0.32885,0.288392,RUS,URY,72
20028096,186,230,171,1998,474359.0,0.0,0.93909,0.59719,RUS,URY,72
20028097,186,230,171,1999,971124.0,0.0,0.903308,0.590858,RUS,URY,72
20028098,186,230,171,2000,303872.0,0.0,0.976274,0.42859200000000003,RUS,URY,72
20028099,186,230,171,2001,716820.0,0.0,0.945816,0.35027600000000003,RUS,URY,72
20028100,186,230,171,2002,299922.0,0.0,1.109397,0.424229,RUS,URY,72
20028101,186,230,171,2003,44926.0,0.0,1.072729,0.338355,RUS,URY,72
20028102,186,230,171,2009,795254.0,0.0,0.392478,-0.20038399999999998,RUS,URY,72
20028103,186,230,171,2012,1086498.0,0.0,0.20625500000000002,-0.196697,RUS,URY,72
20028104,186,230,171,2013,2006894.0,22797.0,0.481166,-0.180052,RUS,URY,72
20028105,186,230,171,2015,336101.0,0.0,0.23119,0.035965,RUS,URY,72
20028106,186,230,171,2018,202612.0,0.0,0.21398000000000003,0.100414,RUS,URY,72
20028107,186,230,171,2020,12731.0,0.0,0.373882,0.42102700000000004,RUS,URY,72
20028108,186,230,171,2010,917464.0,0.0,0.583996,-0.223881,RUS,URY,72
20028109,186,230,171,2011,1373050.0,0.0,0.47319399999999995,-0.20801599999999998,RUS,URY,72
20028110,186,230,171,2007,19934.0,0.0,0.5576399999999999,-0.05382000000000001,RUS,URY,72
20028111,186,230,171,2014,599296.0,0.0,0.229422,-0.214856,RUS,URY,72
20028112,186,230,171,2019,7672.0,0.0,0.329884,0.26215,RUS,URY,72
20028113,192,230,171,2014,702.0,0.0,1.867492,0.626736,SGP,URY,72
20028114,192,230,171,2018,85566.0,0.0,1.914132,0.652011,SGP,URY,72
20028115,192,230,171,2016,0.0,17667.0,2.089995,0.564921,SGP,URY,72
20028116,192,230,171,1996,0.0,851.0,0.8354299999999999,0.41169799999999995,SGP,URY,72
20028117,192,230,171,2007,0.0,1945.0,1.608299,0.545791,SGP,URY,72
20028118,197,230,171,2004,0.0,82349.0,-0.20529499999999998,0.1116,SLV,URY,72
20028119,197,230,171,2011,26355.0,0.0,-0.09713200000000001,0.20772600000000002,SLV,URY,72
20028120,197,230,171,2020,0.0,57986.0,-0.003327,0.18823399999999998,SLV,URY,72
20028121,201,230,171,2020,0.0,2690.0,0.5868399999999999,1.1187120000000002,SRB,URY,72
20028122,206,230,171,1995,5936.0,0.0,1.2249780000000001,1.405585,SVK,URY,72
20028123,207,230,171,2018,4269.0,2167.0,1.67428,0.7703800000000001,SVN,URY,72
20028124,207,230,171,2019,3323.0,9000.0,1.63711,0.803198,SVN,URY,72
20028125,207,230,171,2014,0.0,1889.0,1.6558669999999998,0.6814399999999999,SVN,URY,72
20028126,207,230,171,2017,0.0,1204.0,1.600319,0.854305,SVN,URY,72
20028127,207,230,171,2016,6887.0,0.0,1.6466720000000001,0.8247680000000001,SVN,URY,72
20028128,207,230,171,2015,21001.0,805.0,1.6089879999999999,0.833616,SVN,URY,72
20028129,207,230,171,2020,6149.0,1643.0,1.570699,0.8442459999999999,SVN,URY,72
20028130,208,230,171,2011,555719.0,0.0,1.857146,0.366159,SWE,URY,72
20028131,208,230,171,2005,270967.0,0.0,1.902796,0.84031,SWE,URY,72
20028132,208,230,171,2017,2493223.0,0.0,1.764732,0.732646,SWE,URY,72
20028133,208,230,171,2002,35727.0,0.0,2.128614,0.7891199999999999,SWE,URY,72
20028134,208,230,171,2003,49784.0,0.0,2.099224,0.799982,SWE,URY,72
20028135,208,230,171,2004,175454.0,0.0,2.0522080000000003,0.8326969999999999,SWE,URY,72
20028136,208,230,171,2006,509408.0,0.0,1.902737,0.593294,SWE,URY,72
20028137,208,230,171,2008,246217.0,0.0,1.866575,0.44342700000000007,SWE,URY,72
20028138,208,230,171,1996,282745.0,0.0,2.133781,0.9099889999999999,SWE,URY,72
20028139,208,230,171,1997,138497.0,0.0,2.120182,0.993078,SWE,URY,72
20028140,208,230,171,1998,36852.0,0.0,2.134076,0.9259729999999999,SWE,URY,72
20028141,208,230,171,1999,317490.0,0.0,2.1456720000000002,0.856556,SWE,URY,72
20028142,208,230,171,2000,189492.0,0.0,2.168823,0.839417,SWE,URY,72
20028143,208,230,171,2001,257312.0,0.0,2.156845,0.784439,SWE,URY,72
20028144,208,230,171,2007,239150.0,0.0,1.927244,0.498241,SWE,URY,72
20028145,208,230,171,2009,163044.0,0.0,1.877821,0.336565,SWE,URY,72
20028146,208,230,171,2010,103118.0,0.0,1.882239,0.397927,SWE,URY,72
20028147,208,230,171,2012,143520.0,0.0,1.78062,0.269041,SWE,URY,72
20028148,208,230,171,2013,465809.0,0.0,1.869421,0.228109,SWE,URY,72
20028149,208,230,171,2014,2084296.0,0.0,1.817752,0.558474,SWE,URY,72
20028150,208,230,171,2015,2201820.0,0.0,1.8068349999999997,0.693389,SWE,URY,72
20028151,208,230,171,2016,2267686.0,0.0,1.785149,0.767444,SWE,URY,72
20028152,208,230,171,2018,1548164.0,0.0,1.76361,0.766904,SWE,URY,72
20028153,208,230,171,2019,1341527.0,0.0,1.781148,0.742037,SWE,URY,72
20028154,208,230,171,2020,1415515.0,0.0,1.6911310000000002,0.791586,SWE,URY,72
20028155,208,230,171,1995,53052.0,0.0,2.246997,1.060171,SWE,URY,72
20028156,216,230,171,2013,3496.0,0.0,0.8752139999999999,1.3798620000000001,THA,URY,72
20028157,216,230,171,2014,0.0,801240.0,0.977094,1.41283,THA,URY,72
20028158,216,230,171,2015,67432.0,128249.0,0.965888,1.368572,THA,URY,72
20028159,216,230,171,2016,0.0,11082.0,1.022065,1.428082,THA,URY,72
20028160,216,230,171,2017,0.0,64500.0,0.983977,1.3926020000000001,THA,URY,72
20028161,216,230,171,2018,0.0,195968.0,1.053177,1.4084969999999999,THA,URY,72
20028162,216,230,171,2009,4535.0,0.0,0.79692,1.315501,THA,URY,72
20028163,216,230,171,2010,226432.0,19428.0,0.748328,1.425224,THA,URY,72
20028164,216,230,171,2008,0.0,826850.0,0.7531399999999999,1.4420620000000002,THA,URY,72
20028165,216,230,171,2019,0.0,32503.0,0.9744229999999999,1.401199,THA,URY,72
20028166,216,230,171,2020,0.0,10580.0,1.035524,1.2777180000000001,THA,URY,72
20028167,222,230,171,2008,0.0,69919.0,-0.44752600000000003,-1.060906,TTO,URY,72
20028168,224,230,171,2017,12851256.0,0.0,0.541611,2.405872,TUR,URY,72
20028169,224,230,171,2018,8538236.0,0.0,0.518721,2.5581419999999997,TUR,URY,72
20028170,224,230,171,2011,10565801.0,0.0,0.45775,2.4316259999999996,TUR,URY,72
20028171,224,230,171,2012,14743681.0,0.0,0.507184,2.259161,TUR,URY,72
20028172,224,230,171,2007,1116163.0,0.0,0.41396700000000003,2.0339869999999998,TUR,URY,72
20028173,224,230,171,2005,161626.0,0.0,0.226487,2.210279,TUR,URY,72
20028174,224,230,171,2009,2878963.0,0.0,0.384596,2.3797610000000002,TUR,URY,72
20028175,224,230,171,2010,7555125.0,28560.0,0.359977,2.471173,TUR,URY,72
20028176,224,230,171,2019,5991741.0,0.0,0.569408,2.364546,TUR,URY,72
20028177,224,230,171,2020,8754865.0,0.0,0.590472,2.619866,TUR,URY,72
20028178,224,230,171,2014,13326073.0,0.0,0.554761,2.385693,TUR,URY,72
20028179,224,230,171,2015,12881561.0,0.0,0.438669,2.519632,TUR,URY,72
20028180,224,230,171,2016,7224135.0,0.0,0.45364799999999994,2.478837,TUR,URY,72
20028181,224,230,171,1996,0.0,25337.0,0.156866,1.554023,TUR,URY,72
20028182,224,230,171,1998,12771.0,0.0,0.085286,1.653589,TUR,URY,72
20028183,224,230,171,1999,349042.0,0.0,0.044692,1.745755,TUR,URY,72
20028184,224,230,171,2000,13903.0,0.0,0.191299,1.9761529999999998,TUR,URY,72
20028185,224,230,171,2001,5291.0,0.0,0.188773,1.91451,TUR,URY,72
20028186,224,230,171,2008,3414238.0,0.0,0.44478,2.186881,TUR,URY,72
20028187,224,230,171,2013,13918920.0,0.0,0.42932299999999995,2.690235,TUR,URY,72
20028188,224,230,171,2006,293015.0,0.0,0.33971599999999996,2.193384,TUR,URY,72
20028189,224,230,171,2002,4039.0,0.0,0.11263699999999999,1.83925,TUR,URY,72
20028190,224,230,171,2003,35804.0,0.0,0.192802,1.9855060000000002,TUR,URY,72
20028191,224,230,171,2004,84234.0,0.0,0.141454,1.9463599999999999,TUR,URY,72
20028192,224,230,171,1995,0.0,17664.0,0.166794,1.209066,TUR,URY,72
20028193,228,230,171,2010,145584.0,0.0,0.714148,0.916267,UKR,URY,72
20028194,228,230,171,2012,57311.0,0.0,0.590001,0.8422069999999999,UKR,URY,72
20028195,228,230,171,2017,19799.0,0.0,0.461109,0.7826569999999999,UKR,URY,72
20028196,228,230,171,2018,169698.0,0.0,0.337296,0.758675,UKR,URY,72
20028197,228,230,171,2020,121495.0,0.0,0.383736,0.531328,UKR,URY,72
20028198,228,230,171,2006,74850.0,0.0,0.7008439999999999,0.79656,UKR,URY,72
20028199,228,230,171,2007,1137058.0,0.0,0.7441760000000001,0.8681260000000001,UKR,URY,72
20028200,228,230,171,2008,548183.0,0.0,0.59355,0.764415,UKR,URY,72
20028201,231,230,171,1995,1118683.0,0.0,1.771648,1.184,USA,URY,72
20028202,231,230,171,1996,661018.0,0.0,1.7110560000000001,1.125141,USA,URY,72
20028203,231,230,171,1997,4725980.0,35144.0,1.823511,0.888084,USA,URY,72
20028204,231,230,171,1999,1495521.0,0.0,1.8755119999999998,0.5350729999999999,USA,URY,72
20028205,231,230,171,2000,8567604.0,0.0,1.8549650000000002,0.226992,USA,URY,72
20028206,231,230,171,2001,3524018.0,0.0,1.873674,0.168468,USA,URY,72
20028207,231,230,171,2002,5608684.0,403342.0,1.821594,0.231296,USA,URY,72
20028208,231,230,171,2003,1217042.0,3071098.0,1.7789220000000001,0.064028,USA,URY,72
20028209,231,230,171,2005,6900985.0,12335.0,1.718086,-0.34564,USA,URY,72
20028210,231,230,171,2006,5666866.0,13148.0,1.666643,-0.121679,USA,URY,72
20028211,231,230,171,2007,2073009.0,0.0,1.612165,0.0922,USA,URY,72
20028212,231,230,171,2008,738617.0,0.0,1.584278,-0.209788,USA,URY,72
20028213,231,230,171,2009,6732867.0,14014.0,1.657663,-0.41411400000000004,USA,URY,72
20028214,231,230,171,2010,2074385.0,0.0,1.67573,-0.598165,USA,URY,72
20028215,231,230,171,2011,2454524.0,0.0,1.6884849999999998,-0.474499,USA,URY,72
20028216,231,230,171,2012,727970.0,26848.0,1.628377,-0.601941,USA,URY,72
20028217,231,230,171,2013,1882241.0,0.0,1.6639689999999998,-0.48651300000000003,USA,URY,72
20028218,231,230,171,2014,922152.0,107069.0,1.61227,0.068905,USA,URY,72
20028219,231,230,171,2015,427517.0,107875.0,1.720478,-0.129322,USA,URY,72
20028220,231,230,171,2016,635553.0,0.0,1.685329,0.297536,USA,URY,72
20028221,231,230,171,2017,4371559.0,62231.0,1.601478,0.277271,USA,URY,72
20028222,231,230,171,2018,213368.0,0.0,1.585861,0.44815900000000003,USA,URY,72
20028223,231,230,171,2019,356631.0,0.0,1.606808,0.3232,USA,URY,72
20028224,231,230,171,2020,287969.0,5472.0,1.588148,0.380904,USA,URY,72
20028225,231,230,171,1998,13684645.0,0.0,1.8223639999999999,0.761336,USA,URY,72
20028226,231,230,171,2004,1246830.0,1260974.0,1.7598630000000002,0.066704,USA,URY,72
20028227,236,230,171,1996,57953.0,0.0,0.07086100000000001,-0.761307,VEN,URY,72
20028228,236,230,171,2005,8429.0,0.0,0.248175,-0.9600629999999999,VEN,URY,72
20028229,236,230,171,2009,58367.0,0.0,-0.5847600000000001,-1.150334,VEN,URY,72
20028230,236,230,171,2010,14601.0,0.0,-0.660844,-1.145133,VEN,URY,72
20028231,236,230,171,2011,67840.0,0.0,-0.841147,-1.095636,VEN,URY,72
20028232,236,230,171,2013,49493.0,0.0,-0.778172,-1.107059,VEN,URY,72
20028233,236,230,171,2014,27111.0,0.0,-0.582086,-1.081727,VEN,URY,72
20028234,236,230,171,2015,49500.0,0.0,-0.9249129999999999,-1.1877280000000001,VEN,URY,72
20028235,236,230,171,1998,4530.0,0.0,0.288717,-0.540639,VEN,URY,72
20028236,236,230,171,2001,0.0,209266.0,0.261158,-0.7397,VEN,URY,72
20028237,236,230,171,2002,0.0,8450.0,0.211536,-0.715675,VEN,URY,72
20028238,236,230,171,2004,0.0,19440.0,0.048698000000000005,-0.899776,VEN,URY,72
20028239,236,230,171,2006,124400.0,0.0,-0.340972,-1.015462,VEN,URY,72
20028240,236,230,171,2008,85824.0,0.0,-0.442996,-1.0439969999999998,VEN,URY,72
20028241,236,230,171,2016,20675.0,0.0,-0.844669,-1.164315,VEN,URY,72
20028242,236,230,171,2007,2604.0,0.0,-0.231215,-0.9839200000000001,VEN,URY,72
20028243,237,230,171,2008,47607.0,0.0,0.775652,0.028573,VGB,URY,72
20028244,239,230,171,2013,0.0,428482.0,-0.11426900000000001,1.399738,VNM,URY,72
20028245,239,230,171,2018,60431.0,0.0,0.003069,0.9169729999999999,VNM,URY,72
20028246,239,230,171,2008,0.0,208218.0,-0.207083,1.1323370000000001,VNM,URY,72
20028247,239,230,171,2015,0.0,213310.0,-0.17108900000000002,1.10995,VNM,URY,72
20028248,239,230,171,2016,33343.0,0.0,-0.10217899999999999,1.015568,VNM,URY,72
20028249,239,230,171,2009,0.0,114210.0,-0.27396,1.131199,VNM,URY,72
20028250,239,230,171,2011,0.0,1891568.0,-0.184453,1.637207,VNM,URY,72
20028251,239,230,171,2007,0.0,206359.0,-0.335613,1.048849,VNM,URY,72
20028252,239,230,171,2012,0.0,812661.0,0.012365000000000001,1.290936,VNM,URY,72
20028253,239,230,171,2014,0.0,467476.0,-0.023765,1.344416,VNM,URY,72
20028254,246,230,171,2010,386153.0,0.0,0.327326,1.513598,ZAF,URY,72
20028255,246,230,171,2008,1647853.0,0.0,0.22551500000000002,1.185506,ZAF,URY,72
20028256,246,230,171,2009,1205300.0,0.0,0.316452,1.767795,ZAF,URY,72
20028257,246,230,171,2004,287419.0,0.0,0.460279,1.9736220000000002,ZAF,URY,72
20028258,246,230,171,2011,369785.0,0.0,0.241792,1.353011,ZAF,URY,72
20028259,246,230,171,2012,781455.0,0.0,0.284069,1.730991,ZAF,URY,72
20028260,246,230,171,2018,1930390.0,0.0,0.158722,1.394829,ZAF,URY,72
20028261,246,230,171,2019,865891.0,0.0,0.129921,1.101027,ZAF,URY,72
20028262,246,230,171,2020,421333.0,0.0,0.042099,0.923931,ZAF,URY,72
20028263,246,230,171,2005,650337.0,6055.0,0.484464,1.65903,ZAF,URY,72
20028264,246,230,171,2017,6903176.0,0.0,0.2066,1.378591,ZAF,URY,72
20028265,246,230,171,2002,177736.0,0.0,0.395943,2.392458,ZAF,URY,72
20028266,246,230,171,2003,149745.0,0.0,0.477987,2.255395,ZAF,URY,72
20028267,246,230,171,1997,790837.0,0.0,0.501792,1.1192440000000001,ZAF,URY,72
20028268,246,230,171,2014,341472.0,0.0,0.282927,1.723214,ZAF,URY,72
20028269,246,230,171,2015,122089.0,0.0,0.24944699999999997,1.7573159999999999,ZAF,URY,72
20028270,246,230,171,2013,733833.0,0.0,0.380284,1.5682120000000002,ZAF,URY,72
20028271,246,230,171,2016,2115124.0,0.0,0.187396,1.46169,ZAF,URY,72
20028272,246,230,171,2001,1000144.0,21387.0,0.356842,2.006155,ZAF,URY,72
20028273,246,230,171,1996,1316202.0,0.0,0.456593,1.150786,ZAF,URY,72
20028274,246,230,171,2007,1153192.0,0.0,0.349792,1.246052,ZAF,URY,72
20028275,246,230,171,2006,1160005.0,0.0,0.37964499999999995,1.466326,ZAF,URY,72
20028276,246,230,171,1995,644742.0,0.0,0.468112,1.039817,ZAF,URY,72
20028277,246,230,171,1998,933000.0,0.0,0.573958,1.3813739999999999,ZAF,URY,72
20028278,246,230,171,1999,1127384.0,0.0,0.543171,1.432792,ZAF,URY,72
20028279,246,230,171,2000,516970.0,0.0,0.5307529999999999,2.1141810000000003,ZAF,URY,72
20028280,249,230,171,2001,82899.0,0.0,1.5731700000000002,1.353159,TWN,URY,72
20028281,249,230,171,2002,51601.0,0.0,1.683858,1.333601,TWN,URY,72
20028282,249,230,171,2007,1780205.0,0.0,1.651607,0.974649,TWN,URY,72
20028283,249,230,171,2009,1061202.0,0.0,1.5763120000000002,0.9567950000000001,TWN,URY,72
20028284,249,230,171,2010,1465066.0,57733.0,1.766729,0.909335,TWN,URY,72
20028285,249,230,171,2012,1276206.0,888595.0,1.6528,0.9437409999999999,TWN,URY,72
20028286,249,230,171,2013,1440591.0,258070.0,1.843186,0.9432379999999999,TWN,URY,72
20028287,249,230,171,2017,1479278.0,65846.0,2.0548290000000002,1.2552969999999999,TWN,URY,72
20028288,249,230,171,2018,1864250.0,0.0,2.0462540000000002,1.166636,TWN,URY,72
20028289,249,230,171,2016,867743.0,130326.0,2.002996,1.39485,TWN,URY,72
20028290,249,230,171,2019,1553887.0,33978.0,2.123296,1.1786969999999999,TWN,URY,72
20028291,249,230,171,2020,1257412.0,0.0,2.0517060000000003,1.205431,TWN,URY,72
20028292,249,230,171,2011,1472861.0,860622.0,1.803234,0.921233,TWN,URY,72
20028293,249,230,171,2014,1378563.0,213449.0,1.9044189999999999,1.0595139999999998,TWN,URY,72
20028294,249,230,171,2015,1346639.0,198679.0,1.962832,1.214982,TWN,URY,72
20028295,249,230,171,2000,39703.0,0.0,1.44705,1.475122,TWN,URY,72
20028296,249,230,171,2003,78429.0,0.0,1.5924040000000002,1.397843,TWN,URY,72
20028297,249,230,171,2005,191214.0,0.0,1.577067,1.3218450000000002,TWN,URY,72
20028298,249,230,171,2006,1221499.0,322524.0,1.619915,1.2289940000000001,TWN,URY,72
20028299,249,230,171,2008,3612225.0,42262.0,1.611693,0.93875,TWN,URY,72
20028300,249,230,171,2004,161216.0,90288.0,1.626307,1.358315,TWN,URY,72
20028301,249,230,171,1998,65410.0,0.0,1.224725,1.890322,TWN,URY,72
20028302,249,230,171,1999,26713.0,0.0,1.336816,1.725334,TWN,URY,72
20028303,250,230,171,2010,49691.0,0.0,0.45129600000000003,-0.223517,ANS,URY,72
20028304,250,230,171,2011,17264.0,1697.0,0.475638,-0.160135,ANS,URY,72
20028305,250,230,171,2012,121014.0,0.0,0.385997,-0.057784,ANS,URY,72
20028306,250,230,171,2013,305143.0,0.0,0.628555,0.277602,ANS,URY,72
20028307,250,230,171,2014,487713.0,0.0,0.506842,0.049545,ANS,URY,72
20028308,250,230,171,2015,144389.0,0.0,0.377283,-0.092204,ANS,URY,72
20028309,250,230,171,2016,4533.0,2075.0,0.773312,-0.015385,ANS,URY,72
20028310,250,230,171,2017,26024.0,9250.0,0.72523,-0.205046,ANS,URY,72
20028311,250,230,171,2018,1474.0,25159.0,0.809991,-0.368737,ANS,URY,72
20028312,250,230,171,2019,554742.0,45714.0,0.8996129999999999,-0.152746,ANS,URY,72
20028313,250,230,171,2020,340647.0,162851.0,0.866041,-0.371104,ANS,URY,72
20028314,250,230,171,2009,77599.0,0.0,0.582246,-0.10603,ANS,URY,72
20028315,250,230,171,2008,481133.0,2355.0,0.547909,-0.5303640000000001,ANS,URY,72
20028316,250,230,171,2007,93224.0,0.0,0.671936,-0.284418,ANS,URY,72
20028317,250,230,171,2003,0.0,75522.0,0.45951499999999995,-0.2312,ANS,URY,72
20028318,250,230,171,1998,41285.0,0.0,1.144164,1.187425,ANS,URY,72
20028319,250,230,171,1996,45475.0,60333.0,1.084978,0.901755,ANS,URY,72
20028320,250,230,171,1999,159707.0,0.0,1.130511,0.9547379999999999,ANS,URY,72
20028321,250,230,171,1995,65501.0,64410.0,1.034518,0.9735149999999999,ANS,URY,72
20028322,250,230,171,2005,61639.0,3101.0,0.63454,-0.41119799999999995,ANS,URY,72
20028323,250,230,171,2006,158942.0,0.0,0.711619,-0.41880200000000006,ANS,URY,72
20028324,250,230,171,2002,26407.0,0.0,0.734927,-0.40114099999999997,ANS,URY,72
20028325,250,230,171,2004,0.0,33053.0,0.509382,-0.30904299999999996,ANS,URY,72
20028326,0,231,171,2018,2365.0,586627.0,0.8710549999999999,0.084402,ABW,USA,72
20028327,0,231,171,2019,0.0,1905551.0,1.077214,-0.060235000000000004,ABW,USA,72
20028328,0,231,171,2010,151524.0,483171.0,0.9906219999999999,0.159993,ABW,USA,72
20028329,0,231,171,2005,0.0,1551186.0,0.409159,-0.712276,ABW,USA,72
20028330,0,231,171,2006,0.0,1959835.0,0.15112799999999998,-0.752631,ABW,USA,72
20028331,0,231,171,2007,107404.0,789720.0,-0.100145,-0.7896920000000001,ABW,USA,72
20028332,0,231,171,2008,284813.0,2474459.0,-0.13050499999999998,-0.7932560000000001,ABW,USA,72
20028333,0,231,171,2009,0.0,1273930.0,0.770077,-0.71001,ABW,USA,72
20028334,0,231,171,2000,72007.0,171036.0,0.333381,-0.7784979999999999,ABW,USA,72
20028335,0,231,171,2001,26318.0,223228.0,-0.084715,-0.844852,ABW,USA,72
20028336,0,231,171,2002,27919.0,708195.0,0.017075999999999997,-0.844024,ABW,USA,72
20028337,0,231,171,2003,687045.0,263300.0,-0.13006600000000001,-0.783431,ABW,USA,72
20028338,0,231,171,2004,1560402.0,1341203.0,-0.30244099999999996,-0.892926,ABW,USA,72
20028339,0,231,171,2013,51168.0,1197804.0,0.913235,-0.149061,ABW,USA,72
20028340,0,231,171,2020,0.0,1577985.0,0.725364,-0.244535,ABW,USA,72
20028341,0,231,171,2017,3434.0,561025.0,0.845843,0.165178,ABW,USA,72
20028342,0,231,171,2014,190148.0,1197621.0,0.779539,-0.32255700000000004,ABW,USA,72
20028343,0,231,171,2016,0.0,1202984.0,0.9052,0.253571,ABW,USA,72
20028344,0,231,171,2012,40372.0,2090361.0,0.262866,-0.531974,ABW,USA,72
20028345,0,231,171,2015,305871.0,1348713.0,0.8526809999999999,-0.043541,ABW,USA,72
20028346,0,231,171,2011,42264.0,5172351.0,-0.282585,-0.71273,ABW,USA,72
20028347,0,231,171,1995,0.0,213422.0,-0.502999,-0.713013,ABW,USA,72
20028348,0,231,171,1996,52321.0,348812.0,-0.681487,-0.70999,ABW,USA,72
20028349,0,231,171,1997,105949.0,91913.0,-1.2908190000000002,-0.824577,ABW,USA,72
20028350,0,231,171,1999,0.0,332496.0,-0.11568599999999998,-0.8296680000000001,ABW,USA,72
20028351,0,231,171,1998,13620.0,326933.0,0.197883,-0.726349,ABW,USA,72
20028352,1,231,171,2018,0.0,646009.0,-1.267508,-0.8494940000000001,AFG,USA,72
20028353,1,231,171,2019,0.0,404416.0,-1.187576,-0.7731979999999999,AFG,USA,72
20028354,1,231,171,2007,0.0,55584.0,-0.745981,-0.682003,AFG,USA,72
20028355,1,231,171,2012,0.0,1285173.0,-0.711192,-1.0911629999999999,AFG,USA,72
20028356,1,231,171,2009,0.0,645987.0,-0.424354,-0.563383,AFG,USA,72
20028357,1,231,171,2011,0.0,2257494.0,-0.8426809999999999,-0.640418,AFG,USA,72
20028358,1,231,171,2010,0.0,3014837.0,-0.054633,-0.102103,AFG,USA,72
20028359,1,231,171,2015,0.0,21757.0,-1.249655,-0.9094459999999999,AFG,USA,72
20028360,1,231,171,2016,0.0,5025521.0,-1.497486,-1.002342,AFG,USA,72
20028361,1,231,171,2008,0.0,1001096.0,-0.23668000000000003,-0.344418,AFG,USA,72
20028362,1,231,171,2013,0.0,605351.0,-0.985727,-0.7164550000000001,AFG,USA,72
20028363,1,231,171,2014,0.0,112055.0,-0.924386,-0.839385,AFG,USA,72
20028364,1,231,171,2017,0.0,106045.0,-1.147348,-0.886799,AFG,USA,72
20028365,1,231,171,2005,0.0,82236.0,-0.173509,-0.42569799999999997,AFG,USA,72
20028366,1,231,171,2020,0.0,296876.0,-1.178987,-0.815577,AFG,USA,72
20028367,1,231,171,2000,0.0,8000.0,-0.19908399999999998,-0.519908,AFG,USA,72
20028368,1,231,171,2002,0.0,10598.0,-0.262812,-0.503955,AFG,USA,72
20028369,1,231,171,2004,0.0,168095.0,-0.6831550000000001,-0.756696,AFG,USA,72
20028370,1,231,171,2006,0.0,135013.0,-0.626011,-0.6799689999999999,AFG,USA,72
20028371,1,231,171,1998,0.0,249626.0,-0.323818,-0.698422,AFG,USA,72
20028372,1,231,171,2001,0.0,7014.0,-0.033686,-0.46412700000000007,AFG,USA,72
20028373,1,231,171,1996,0.0,266198.0,-0.31642600000000004,-0.620458,AFG,USA,72
20028374,1,231,171,1997,15574.0,210009.0,0.019025999999999998,-0.351461,AFG,USA,72
20028375,2,231,171,2010,0.0,5328418.0,-1.3711010000000001,-1.170608,AGO,USA,72
20028376,2,231,171,2007,0.0,4045515.0,-1.6925709999999998,-1.1987290000000002,AGO,USA,72
20028377,2,231,171,2012,0.0,3151170.0,-1.521092,-1.157031,AGO,USA,72
20028378,2,231,171,2009,0.0,8354519.0,-0.809438,-1.190006,AGO,USA,72
20028379,2,231,171,2011,0.0,5911201.0,-1.252991,-1.132314,AGO,USA,72
20028380,2,231,171,2015,1209.0,5556506.0,-1.6542,-1.2598989999999999,AGO,USA,72
20028381,2,231,171,2016,88916.0,1059143.0,-1.313517,-1.262761,AGO,USA,72
20028382,2,231,171,2014,0.0,4863418.0,-1.8184900000000002,-1.149191,AGO,USA,72
20028383,2,231,171,2013,0.0,3615440.0,-1.172043,-1.133735,AGO,USA,72
20028384,2,231,171,2019,0.0,338531.0,-1.096127,-1.195434,AGO,USA,72
20028385,2,231,171,2008,0.0,8299712.0,-2.0318669999999996,-1.149931,AGO,USA,72
20028386,2,231,171,2017,0.0,320594.0,-1.408777,-1.215475,AGO,USA,72
20028387,2,231,171,2018,132236.0,972438.0,-1.489191,-1.213992,AGO,USA,72
20028388,2,231,171,2005,0.0,72704.0,-1.647198,-1.1817790000000001,AGO,USA,72
20028389,2,231,171,2020,0.0,1070212.0,-1.7948709999999999,-1.199555,AGO,USA,72
20028390,2,231,171,2006,0.0,253206.0,-2.0822979999999998,-1.176767,AGO,USA,72
20028391,2,231,171,1995,0.0,899852.0,-2.2342459999999997,-1.1147639999999999,AGO,USA,72
20028392,2,231,171,1997,0.0,1448220.0,-1.574236,-1.1722219999999999,AGO,USA,72
20028393,2,231,171,1998,0.0,1049745.0,-1.679223,-1.213275,AGO,USA,72
20028394,2,231,171,1999,0.0,1065538.0,-1.383262,-1.20434,AGO,USA,72
20028395,2,231,171,2000,0.0,140389.0,-1.998198,-1.205407,AGO,USA,72
20028396,2,231,171,2001,0.0,11970.0,-1.523823,-1.214093,AGO,USA,72
20028397,2,231,171,2002,0.0,162420.0,-2.018135,-1.222751,AGO,USA,72
20028398,2,231,171,2003,0.0,264438.0,-1.8762919999999998,-1.176541,AGO,USA,72
20028399,2,231,171,2004,0.0,627502.0,-0.8513709999999999,-1.173397,AGO,USA,72
20028400,2,231,171,1996,0.0,533158.0,-2.3109900000000003,-1.172849,AGO,USA,72
20028401,3,231,171,2000,2433.0,279689.0,1.57991,0.160971,AIA,USA,72
20028402,3,231,171,2001,1946.0,73694.0,1.1659469999999998,0.12369000000000001,AIA,USA,72
20028403,3,231,171,2002,0.0,36024.0,1.801822,0.172557,AIA,USA,72
20028404,3,231,171,2003,0.0,97047.0,1.159575,-0.060911,AIA,USA,72
20028405,3,231,171,2004,0.0,83380.0,1.14242,-0.061847000000000006,AIA,USA,72
20028406,3,231,171,2006,0.0,1084890.0,1.4066610000000002,-0.166941,AIA,USA,72
20028407,3,231,171,2007,0.0,2483238.0,1.204732,-0.009463,AIA,USA,72
20028408,3,231,171,2008,0.0,3073791.0,1.3673950000000001,0.124948,AIA,USA,72
20028409,3,231,171,2013,5272.0,588073.0,1.5827879999999999,0.127141,AIA,USA,72
20028410,3,231,171,2017,17910.0,544701.0,1.0311569999999999,-0.098749,AIA,USA,72
20028411,3,231,171,2012,34980.0,573778.0,1.300748,0.187379,AIA,USA,72
20028412,3,231,171,1996,0.0,176586.0,0.9183969999999999,-0.126271,AIA,USA,72
20028413,3,231,171,2016,23224.0,672349.0,1.0810790000000001,-0.20086400000000001,AIA,USA,72
20028414,3,231,171,2018,34564.0,1205063.0,1.345238,-0.050174,AIA,USA,72
20028415,3,231,171,1997,0.0,295403.0,1.2688760000000001,0.19008599999999998,AIA,USA,72
20028416,3,231,171,1999,12880.0,178430.0,0.9031899999999999,-0.402341,AIA,USA,72
20028417,3,231,171,2005,0.0,94785.0,0.9438139999999999,-0.331494,AIA,USA,72
20028418,3,231,171,2009,0.0,235892.0,1.5343360000000001,-0.035211,AIA,USA,72
20028419,3,231,171,2010,0.0,354771.0,1.127307,0.035098000000000004,AIA,USA,72
20028420,3,231,171,2011,7103.0,605474.0,1.3921459999999999,0.126905,AIA,USA,72
20028421,3,231,171,2019,41752.0,281505.0,0.9469639999999999,-0.526437,AIA,USA,72
20028422,3,231,171,1995,0.0,531000.0,1.39062,-0.102344,AIA,USA,72
20028423,3,231,171,2014,18833.0,791801.0,0.926517,-0.498487,AIA,USA,72
20028424,3,231,171,1998,0.0,283163.0,0.8829440000000001,-0.185175,AIA,USA,72
20028425,3,231,171,2015,6016.0,722429.0,0.903682,-0.046925,AIA,USA,72
20028426,3,231,171,2020,26605.0,525954.0,1.453992,-0.357415,AIA,USA,72
20028427,4,231,171,2011,9747138.0,187391.0,-0.331435,-0.034828,ALB,USA,72
20028428,4,231,171,2007,0.0,609361.0,-0.20616700000000002,-0.016993,ALB,USA,72
20028429,4,231,171,2014,2160984.0,0.0,-0.476024,-0.33978400000000003,ALB,USA,72
20028430,4,231,171,2015,3781254.0,0.0,-0.601875,-0.27003,ALB,USA,72
20028431,4,231,171,2010,15071834.0,29214.0,-0.5316,-0.219561,ALB,USA,72
20028432,4,231,171,2012,3749372.0,193732.0,-0.355898,-0.017434,ALB,USA,72
20028433,4,231,171,2013,1793162.0,17236.0,-0.53682,-0.162391,ALB,USA,72
20028434,4,231,171,2009,639046.0,155038.0,-0.41612200000000005,-0.256639,ALB,USA,72
20028435,4,231,171,2004,0.0,154723.0,-0.131892,0.14985199999999999,ALB,USA,72
20028436,4,231,171,1999,1425078.0,0.0,-0.281783,-0.10076399999999999,ALB,USA,72
20028437,4,231,171,2018,26164830.0,0.0,-0.456481,-0.139655,ALB,USA,72
20028438,4,231,171,2008,0.0,469352.0,-0.252894,-0.0071400000000000005,ALB,USA,72
20028439,4,231,171,2020,3597361.0,6972.0,-0.265229,0.059049000000000004,ALB,USA,72
20028440,4,231,171,2006,0.0,404752.0,-0.340932,-0.06302200000000001,ALB,USA,72
20028441,4,231,171,2016,1642003.0,0.0,-0.534645,-0.09027,ALB,USA,72
20028442,4,231,171,2017,10932846.0,12543.0,-0.44769899999999996,-0.17193,ALB,USA,72
20028443,4,231,171,2019,12943555.0,0.0,-0.459614,-0.019257,ALB,USA,72
20028444,4,231,171,2001,0.0,8645.0,-0.054125,0.104298,ALB,USA,72
20028445,4,231,171,2005,0.0,168419.0,-0.156823,0.187042,ALB,USA,72
20028446,4,231,171,2003,0.0,4236.0,-0.053595000000000004,0.166034,ALB,USA,72
20028447,4,231,171,1996,3995028.0,0.0,-0.309992,-0.039541,ALB,USA,72
20028448,4,231,171,1995,4648004.0,0.0,-0.39273,-0.47259300000000004,ALB,USA,72
20028449,4,231,171,1997,1057998.0,0.0,-0.32351599999999997,-0.170449,ALB,USA,72
20028450,5,231,171,2009,0.0,5657.0,1.002767,0.6733,AND,USA,72
20028451,5,231,171,2004,0.0,72801.0,1.268618,0.835359,AND,USA,72
20028452,5,231,171,2005,0.0,21000.0,0.990216,0.430967,AND,USA,72
20028453,5,231,171,2003,0.0,8257.0,1.0901319999999999,0.618693,AND,USA,72
20028454,5,231,171,2017,0.0,20750.0,1.097505,0.480863,AND,USA,72
20028455,5,231,171,2018,0.0,19079.0,0.975648,0.525437,AND,USA,72
20028456,5,231,171,2015,0.0,133308.0,0.850153,0.383793,AND,USA,72
20028457,5,231,171,2012,0.0,5598.0,0.978527,0.521579,AND,USA,72
20028458,6,231,171,2005,0.0,1808791.0,-0.294813,-0.7054010000000001,ANT,USA,72
20028459,6,231,171,2006,2681.0,4969636.0,0.251825,-0.629035,ANT,USA,72
20028460,6,231,171,2007,0.0,9003728.0,0.305773,-0.504676,ANT,USA,72
20028461,6,231,171,2008,2664009.0,6820595.0,0.31099,-0.536718,ANT,USA,72
20028462,6,231,171,2009,145482.0,1675083.0,0.351025,-0.699817,ANT,USA,72
20028463,6,231,171,2000,541638.0,444990.0,0.47719799999999996,-0.56103,ANT,USA,72
20028464,6,231,171,2001,0.0,461309.0,0.260662,-0.66681,ANT,USA,72
20028465,6,231,171,2002,5979.0,709478.0,0.346519,-0.631549,ANT,USA,72
20028466,6,231,171,2003,15750.0,706260.0,0.108903,-0.650137,ANT,USA,72
20028467,6,231,171,2004,1572231.0,215222.0,0.726256,-0.48520699999999994,ANT,USA,72
20028468,6,231,171,1995,5167.0,2192453.0,-0.020759,-0.653863,ANT,USA,72
20028469,6,231,171,1996,4238.0,3008132.0,0.29339,-0.572443,ANT,USA,72
20028470,6,231,171,1997,11842.0,1487399.0,0.406411,-0.46148100000000003,ANT,USA,72
20028471,6,231,171,1999,423033.0,1389875.0,0.266874,-0.5122220000000001,ANT,USA,72
20028472,6,231,171,1998,746897.0,1315063.0,0.666616,-0.224404,ANT,USA,72
20028473,7,231,171,2013,17707299.0,29153553.0,-0.074047,-0.585168,ARE,USA,72
20028474,7,231,171,2019,96775420.0,30560704.0,-0.165113,-0.8973540000000001,ARE,USA,72
20028475,7,231,171,2020,84259864.0,28555861.0,-0.118349,-0.789485,ARE,USA,72
20028476,7,231,171,2018,135052859.0,22700480.0,0.11804400000000001,-0.326851,ARE,USA,72
20028477,7,231,171,2017,129097644.0,20509731.0,0.210477,0.02557,ARE,USA,72
20028478,7,231,171,2014,19374997.0,39463112.0,0.087775,-0.289459,ARE,USA,72
20028479,7,231,171,2016,70069807.0,23954590.0,0.11037999999999999,0.045327,ARE,USA,72
20028480,7,231,171,2012,8496810.0,38066678.0,0.45351499999999995,-0.285021,ARE,USA,72
20028481,7,231,171,2008,8833599.0,56170915.0,-0.276433,-0.692392,ARE,USA,72
20028482,7,231,171,2007,5117120.0,41410140.0,-0.107504,-0.44744300000000004,ARE,USA,72
20028483,7,231,171,2015,33940107.0,38470031.0,0.21779600000000002,-0.0047420000000000006,ARE,USA,72
20028484,7,231,171,2003,565736.0,6029377.0,0.049637,-0.502691,ARE,USA,72
20028485,7,231,171,2011,5926754.0,43462569.0,0.030652,-0.450808,ARE,USA,72
20028486,7,231,171,2005,4743529.0,18064933.0,0.11526600000000001,-0.393171,ARE,USA,72
20028487,7,231,171,2009,2510259.0,24423411.0,0.070059,-0.619075,ARE,USA,72
20028488,7,231,171,2010,3953823.0,42739136.0,0.29457,-0.196371,ARE,USA,72
20028489,7,231,171,2000,7065747.0,3981099.0,-0.111384,-0.490415,ARE,USA,72
20028490,7,231,171,2002,335563.0,3782972.0,0.044683,-0.247191,ARE,USA,72
20028491,7,231,171,2004,1263836.0,9425639.0,0.1799,-0.34541900000000003,ARE,USA,72
20028492,7,231,171,2006,7284962.0,20014528.0,0.053903999999999994,-0.735124,ARE,USA,72
20028493,7,231,171,1999,1913485.0,3814558.0,-0.21921,-0.54813,ARE,USA,72
20028494,7,231,171,2001,1749138.0,6960863.0,-0.193984,-0.457124,ARE,USA,72
20028495,7,231,171,1995,57451.0,5628332.0,-0.205166,-0.6132380000000001,ARE,USA,72
20028496,7,231,171,1996,837855.0,7900084.0,-0.245358,-0.726695,ARE,USA,72
20028497,7,231,171,1997,3354508.0,3004955.0,-0.042154000000000004,-0.667389,ARE,USA,72
20028498,7,231,171,1998,3698122.0,6925994.0,-0.274973,-0.481405,ARE,USA,72
20028499,8,231,171,2003,88525811.0,4940551.0,0.302073,0.49069700000000005,ARG,USA,72
20028500,8,231,171,2004,143957397.0,5874242.0,0.28128600000000004,0.64115,ARG,USA,72
20028501,8,231,171,2006,87275123.0,11045997.0,0.33055,0.665867,ARG,USA,72
20028502,8,231,171,2007,31928934.0,13777967.0,0.178214,0.5093850000000001,ARG,USA,72
20028503,8,231,171,2008,23226162.0,21121638.0,0.278837,0.496784,ARG,USA,72
20028504,8,231,171,2009,62672051.0,24644428.0,0.27637,0.611129,ARG,USA,72
20028505,8,231,171,2010,17689038.0,20702844.0,0.27458899999999997,0.597907,ARG,USA,72
20028506,8,231,171,2011,13368320.0,17062519.0,0.240494,0.540376,ARG,USA,72
20028507,8,231,171,2012,10423476.0,12167884.0,0.149423,0.5191979999999999,ARG,USA,72
20028508,8,231,171,2013,15695163.0,9310628.0,0.20314300000000002,0.494062,ARG,USA,72
20028509,8,231,171,2014,8110841.0,8565276.0,0.10691500000000001,0.44860600000000006,ARG,USA,72
20028510,8,231,171,2015,10986227.0,21680632.0,0.116896,0.30330999999999997,ARG,USA,72
20028511,8,231,171,2016,16556292.0,14915301.0,-0.132495,0.16353199999999998,ARG,USA,72
20028512,8,231,171,2017,12292476.0,19952975.0,-0.120753,0.233375,ARG,USA,72
20028513,8,231,171,2018,8273175.0,23528035.0,-0.14316800000000002,0.14356,ARG,USA,72
20028514,8,231,171,2019,15871298.0,17277614.0,-0.136634,0.127073,ARG,USA,72
20028515,8,231,171,2020,6314477.0,13975599.0,-0.14746199999999998,0.039795,ARG,USA,72
20028516,8,231,171,2005,140035552.0,11255569.0,0.383772,0.656866,ARG,USA,72
20028517,8,231,171,2001,83611227.0,8665807.0,0.287698,0.547137,ARG,USA,72
20028518,8,231,171,1995,55393732.0,11093104.0,0.245885,0.5489850000000001,ARG,USA,72
20028519,8,231,171,1997,66791431.0,12364021.0,0.273654,0.495389,ARG,USA,72
20028520,8,231,171,1998,74559248.0,18807638.0,0.272015,0.45031099999999996,ARG,USA,72
20028521,8,231,171,1999,118376830.0,13420339.0,0.49933500000000003,0.593879,ARG,USA,72
20028522,8,231,171,2000,109956472.0,6680566.0,0.43928999999999996,0.6839189999999999,ARG,USA,72
20028523,8,231,171,2002,85163089.0,2887786.0,0.284536,0.517425,ARG,USA,72
20028524,8,231,171,1996,52639847.0,10024215.0,0.167081,0.433612,ARG,USA,72
20028525,9,231,171,2012,515920.0,0.0,0.49142299999999994,0.033657,ARM,USA,72
20028526,9,231,171,2013,60705.0,28286.0,-0.076922,-0.5781390000000001,ARM,USA,72
20028527,9,231,171,2014,306849.0,16728.0,-0.198322,-0.5918680000000001,ARM,USA,72
20028528,9,231,171,2015,0.0,24735.0,0.037579,-0.42448800000000003,ARM,USA,72
20028529,9,231,171,1999,4925.0,1030.0,0.6218600000000001,-0.174906,ARM,USA,72
20028530,9,231,171,2005,0.0,2135225.0,0.435237,-0.436709,ARM,USA,72
20028531,9,231,171,2019,0.0,45022.0,-0.203986,-0.667607,ARM,USA,72
20028532,9,231,171,2016,0.0,44582.0,-0.044982999999999995,-0.518007,ARM,USA,72
20028533,9,231,171,2017,0.0,37798.0,-0.23846799999999999,-0.658774,ARM,USA,72
20028534,9,231,171,2018,0.0,13372.0,-0.330516,-0.604744,ARM,USA,72
20028535,9,231,171,1997,85571.0,214990.0,1.178568,0.331529,ARM,USA,72
20028536,9,231,171,2011,1216885.0,4209.0,0.543397,-0.029376999999999997,ARM,USA,72
20028537,9,231,171,2008,0.0,16606.0,0.360609,-0.038343,ARM,USA,72
20028538,9,231,171,2009,17991.0,0.0,0.24424899999999997,-0.30152399999999996,ARM,USA,72
20028539,9,231,171,2000,21822.0,72799.0,0.857776,-0.020538999999999998,ARM,USA,72
20028540,9,231,171,2010,489837.0,50181.0,0.11632,-0.417048,ARM,USA,72
20028541,9,231,171,2006,0.0,32616.0,0.14539100000000002,-0.558014,ARM,USA,72
20028542,9,231,171,2001,240021.0,27485.0,0.834168,0.21458000000000002,ARM,USA,72
20028543,9,231,171,2002,279994.0,20091.0,0.710274,-0.11309000000000001,ARM,USA,72
20028544,9,231,171,2003,539560.0,772978.0,0.497521,-0.305788,ARM,USA,72
20028545,9,231,171,2004,139443.0,749709.0,0.661799,-0.140004,ARM,USA,72
20028546,9,231,171,1995,5635.0,15896.0,0.254546,-0.851535,ARM,USA,72
20028547,12,231,171,2015,0.0,2518.0,0.7385430000000001,-0.6156,ATF,USA,72
20028548,13,231,171,2005,53587.0,842367.0,-0.31409000000000004,-0.728541,ATG,USA,72
20028549,13,231,171,2006,49367.0,2638919.0,-0.139051,-0.780321,ATG,USA,72
20028550,13,231,171,2000,25388.0,586618.0,0.329016,-0.510285,ATG,USA,72
20028551,13,231,171,2002,2215.0,1024336.0,0.958779,-0.56295,ATG,USA,72
20028552,13,231,171,2004,8591.0,669106.0,0.257288,-0.645794,ATG,USA,72
20028553,13,231,171,2007,135171.0,2637316.0,0.5574899999999999,-0.125609,ATG,USA,72
20028554,13,231,171,2009,55502.0,1451478.0,0.930903,0.279441,ATG,USA,72
20028555,13,231,171,2019,64135.0,845151.0,0.391831,-0.723957,ATG,USA,72
20028556,13,231,171,2015,51785.0,548021.0,0.43318,-0.552045,ATG,USA,72
20028557,13,231,171,2010,64706.0,725064.0,1.2153129999999999,0.955838,ATG,USA,72
20028558,13,231,171,2014,40462.0,939136.0,0.169764,-0.621576,ATG,USA,72
20028559,13,231,171,2011,30156.0,832757.0,0.257238,-0.275891,ATG,USA,72
20028560,13,231,171,2017,45511.0,964677.0,0.42561099999999996,-0.42671099999999995,ATG,USA,72
20028561,13,231,171,2018,57207.0,2481953.0,0.08520499999999999,-0.630757,ATG,USA,72
20028562,13,231,171,2012,44432.0,728371.0,0.8666520000000001,1.1798549999999999,ATG,USA,72
20028563,13,231,171,1999,39552.0,1289742.0,0.6179140000000001,0.156854,ATG,USA,72
20028564,13,231,171,2003,0.0,1789997.0,0.014283,-0.564587,ATG,USA,72
20028565,13,231,171,2001,0.0,501024.0,-0.036838,-0.6593600000000001,ATG,USA,72
20028566,13,231,171,2008,23229.0,2491887.0,1.041425,0.198248,ATG,USA,72
20028567,13,231,171,2013,22861.0,907639.0,0.096563,-0.60577,ATG,USA,72
20028568,13,231,171,2016,27957.0,895090.0,0.19935999999999998,-0.538471,ATG,USA,72
20028569,13,231,171,2020,10881.0,371027.0,-0.210313,-0.811104,ATG,USA,72
20028570,13,231,171,1996,10062.0,295262.0,0.408319,-0.21640700000000002,ATG,USA,72
20028571,13,231,171,1995,0.0,377288.0,-0.06877,-0.550291,ATG,USA,72
20028572,13,231,171,1997,0.0,116003.0,0.510371,-0.314213,ATG,USA,72
20028573,13,231,171,1998,6194.0,33251.0,0.441453,-0.238813,ATG,USA,72
20028574,14,231,171,2005,223907669.0,23148769.0,0.18443099999999998,0.489043,AUS,USA,72
20028575,14,231,171,2001,142491051.0,9327765.0,0.29463,0.772375,AUS,USA,72
20028576,14,231,171,2004,239086642.0,12263140.0,0.196641,0.8139460000000001,AUS,USA,72
20028577,14,231,171,1998,282504286.0,17087727.0,0.375317,0.8864629999999999,AUS,USA,72
20028578,14,231,171,1999,241659526.0,12545001.0,0.357101,0.8857879999999999,AUS,USA,72
20028579,14,231,171,2003,147637604.0,11658257.0,0.316879,0.9409489999999999,AUS,USA,72
20028580,14,231,171,2007,374169771.0,19717361.0,0.137686,0.451592,AUS,USA,72
20028581,14,231,171,2008,489775093.0,25884547.0,-0.171801,-0.012588,AUS,USA,72
20028582,14,231,171,2009,155161652.0,20521201.0,-0.109286,0.13586900000000002,AUS,USA,72
20028583,14,231,171,2010,299938173.0,29537931.0,-0.276442,0.062023,AUS,USA,72
20028584,14,231,171,2011,494919451.0,40829801.0,-0.138148,0.002999,AUS,USA,72
20028585,14,231,171,2012,192843114.0,33048895.0,-0.352742,-0.145405,AUS,USA,72
20028586,14,231,171,2013,155805881.0,19889532.0,-0.31145700000000004,-0.167628,AUS,USA,72
20028587,14,231,171,2014,234721470.0,23190562.0,-0.398273,-0.17128,AUS,USA,72
20028588,14,231,171,2015,213213919.0,35580712.0,-0.292325,-0.043489,AUS,USA,72
20028589,14,231,171,2016,178075353.0,22421647.0,-0.25955300000000003,0.0011070000000000001,AUS,USA,72
20028590,14,231,171,2017,309561304.0,21842805.0,-0.42427200000000004,-0.152921,AUS,USA,72
20028591,14,231,171,2018,359802094.0,22116696.0,-0.29687199999999997,-0.123116,AUS,USA,72
20028592,14,231,171,2019,345605250.0,20951685.0,-0.294558,-0.180198,AUS,USA,72
20028593,14,231,171,1995,158364245.0,21231688.0,0.44442,0.789292,AUS,USA,72
20028594,14,231,171,2006,427767267.0,15062809.0,0.067166,0.373148,AUS,USA,72
20028595,14,231,171,2020,255527021.0,46065024.0,-0.32910500000000004,-0.232963,AUS,USA,72
20028596,14,231,171,1996,227637924.0,25144691.0,0.369697,0.78069,AUS,USA,72
20028597,14,231,171,2002,143204452.0,7747467.0,0.231386,0.771628,AUS,USA,72
20028598,14,231,171,1997,214382541.0,28636252.0,0.428555,0.798283,AUS,USA,72
20028599,14,231,171,2000,204307497.0,15161513.0,0.279804,0.9355540000000001,AUS,USA,72
20028600,15,231,171,2016,153486257.0,6337605.0,1.759363,0.127262,AUT,USA,72
20028601,15,231,171,1995,42296784.0,1290322.0,2.000295,0.661255,AUT,USA,72
20028602,15,231,171,1996,43205906.0,2588111.0,1.9216669999999998,0.659388,AUT,USA,72
20028603,15,231,171,1997,48460685.0,2247694.0,1.8926189999999998,0.624346,AUT,USA,72
20028604,15,231,171,2005,166166019.0,5890000.0,1.808359,0.148177,AUT,USA,72
20028605,15,231,171,1999,48513808.0,4054864.0,1.836804,0.744312,AUT,USA,72
20028606,15,231,171,2000,51099408.0,4989809.0,1.842429,0.464405,AUT,USA,72
20028607,15,231,171,2011,173552436.0,10070564.0,1.687634,-0.229095,AUT,USA,72
20028608,15,231,171,2003,56720852.0,4566186.0,1.834977,0.408096,AUT,USA,72
20028609,15,231,171,2004,84800158.0,11484300.0,1.825391,0.40553,AUT,USA,72
20028610,15,231,171,2006,149783564.0,15816176.0,1.775669,0.192717,AUT,USA,72
20028611,15,231,171,2007,149012505.0,16957782.0,1.730088,-0.045543,AUT,USA,72
20028612,15,231,171,2008,141213242.0,12280283.0,1.634816,-0.078419,AUT,USA,72
20028613,15,231,171,2009,67836723.0,7381359.0,1.651325,-0.020794,AUT,USA,72
20028614,15,231,171,2010,97372471.0,10172311.0,1.724315,-0.29379099999999997,AUT,USA,72
20028615,15,231,171,2012,167423870.0,15934485.0,1.6092870000000001,-0.29859,AUT,USA,72
20028616,15,231,171,2013,156627174.0,10400943.0,1.7209240000000001,-0.286892,AUT,USA,72
20028617,15,231,171,2014,192351247.0,17315115.0,1.7116790000000002,-0.140232,AUT,USA,72
20028618,15,231,171,2015,157054379.0,14974975.0,1.747098,-0.08026699999999999,AUT,USA,72
20028619,15,231,171,2017,235515026.0,60636704.0,1.728623,-0.031045999999999997,AUT,USA,72
20028620,15,231,171,2018,330510716.0,33012584.0,1.774488,-0.21117800000000003,AUT,USA,72
20028621,15,231,171,2019,242960595.0,73782252.0,1.743927,-0.076778,AUT,USA,72
20028622,15,231,171,2020,184338004.0,37791081.0,1.6711310000000001,0.059096,AUT,USA,72
20028623,15,231,171,1998,65341746.0,3517945.0,1.891966,0.508137,AUT,USA,72
20028624,15,231,171,2002,48590331.0,2576391.0,1.8651200000000001,0.48423900000000003,AUT,USA,72
20028625,15,231,171,2001,45957509.0,3027133.0,1.8571650000000002,0.603191,AUT,USA,72
20028626,16,231,171,2011,0.0,42502.0,-1.313136,-1.189989,AZE,USA,72
20028627,16,231,171,2013,0.0,75807.0,-0.9232870000000001,-1.165928,AZE,USA,72
20028628,16,231,171,2014,0.0,172625.0,-0.909508,-1.165158,AZE,USA,72
20028629,16,231,171,2015,113123.0,663343.0,-0.983347,-1.231542,AZE,USA,72
20028630,16,231,171,2016,0.0,44031.0,-0.909744,-1.180449,AZE,USA,72
20028631,16,231,171,2017,0.0,34065.0,-1.022455,-1.199225,AZE,USA,72
20028632,16,231,171,2018,0.0,67499.0,-1.144089,-1.224327,AZE,USA,72
20028633,16,231,171,2019,29014.0,239406.0,-1.005636,-1.2094209999999999,AZE,USA,72
20028634,16,231,171,2020,0.0,42532.0,-1.142366,-1.2529190000000001,AZE,USA,72
20028635,16,231,171,1998,0.0,94071.0,0.344571,-0.321203,AZE,USA,72
20028636,16,231,171,2008,0.0,31773.0,-0.7143109999999999,-1.114747,AZE,USA,72
20028637,16,231,171,2009,0.0,7350.0,-1.124423,-1.228081,AZE,USA,72
20028638,16,231,171,2002,0.0,13403.0,-0.41282299999999994,-0.967931,AZE,USA,72
20028639,16,231,171,2003,0.0,33474.0,-0.304606,-0.975453,AZE,USA,72
20028640,16,231,171,2006,0.0,46938.0,-0.521304,-1.035764,AZE,USA,72
20028641,16,231,171,2007,0.0,138943.0,-0.897342,-1.174224,AZE,USA,72
20028642,16,231,171,2010,0.0,45955.0,-1.048424,-1.2030370000000001,AZE,USA,72
20028643,16,231,171,2012,1772042.0,65659.0,-0.827783,-1.158852,AZE,USA,72
20028644,16,231,171,2005,22164.0,225357.0,-0.272611,-0.9508709999999999,AZE,USA,72
20028645,16,231,171,2001,0.0,9063.0,-0.6731090000000001,-1.037922,AZE,USA,72
20028646,16,231,171,1996,0.0,127922.0,0.500442,-0.280796,AZE,USA,72
20028647,16,231,171,1999,0.0,1331.0,-0.076295,-0.742161,AZE,USA,72
20028648,16,231,171,2004,0.0,205779.0,-0.393221,-0.9494440000000001,AZE,USA,72
20028649,16,231,171,1997,0.0,137434.0,0.290957,-0.18282,AZE,USA,72
20028650,16,231,171,1995,0.0,5039.0,-0.084566,-0.839039,AZE,USA,72
20028651,17,231,171,2011,0.0,339472.0,-0.8287049999999999,-0.774558,BDI,USA,72
20028652,17,231,171,2006,0.0,55435.0,-0.033711,-0.48450600000000005,BDI,USA,72
20028653,17,231,171,2007,0.0,9833.0,-0.33884899999999996,-0.661017,BDI,USA,72
20028654,17,231,171,2009,0.0,2089.0,-0.43971099999999996,-0.575079,BDI,USA,72
20028655,17,231,171,2012,0.0,46425.0,-0.346028,-1.021892,BDI,USA,72
20028656,17,231,171,2005,0.0,2342.0,-0.7587,-0.820622,BDI,USA,72
20028657,17,231,171,2010,0.0,54151.0,-0.922883,-0.748675,BDI,USA,72
20028658,17,231,171,2013,0.0,296860.0,-0.824903,-0.906436,BDI,USA,72
20028659,17,231,171,1995,0.0,8319.0,-1.435347,-0.9015,BDI,USA,72
20028660,17,231,171,1998,0.0,3415.0,-1.0261360000000002,-0.872906,BDI,USA,72
20028661,17,231,171,2000,0.0,666.0,-1.262913,-0.923889,BDI,USA,72
20028662,18,231,171,2016,203989440.0,128694719.0,1.3102610000000001,1.214573,BEL,USA,72
20028663,18,231,171,2017,178522825.0,141739507.0,1.292657,1.19571,BEL,USA,72
20028664,18,231,171,2018,294945406.0,117848317.0,1.270641,1.201063,BEL,USA,72
20028665,18,231,171,2019,205823959.0,99919290.0,1.2555969999999999,1.168642,BEL,USA,72
20028666,18,231,171,2020,118041535.0,72542170.0,1.204632,1.278346,BEL,USA,72
20028667,18,231,171,1996,329138114.0,59790758.0,1.549312,1.273767,BEL,USA,72
20028668,18,231,171,2009,156546872.0,177915858.0,1.272011,1.074548,BEL,USA,72
20028669,18,231,171,2010,184458653.0,230019606.0,1.2224270000000002,1.1276,BEL,USA,72
20028670,18,231,171,2012,242234349.0,187896958.0,1.107155,1.448274,BEL,USA,72
20028671,18,231,171,2013,217316989.0,153185212.0,1.316207,0.972601,BEL,USA,72
20028672,18,231,171,2014,305731099.0,174991237.0,1.234156,1.226441,BEL,USA,72
20028673,18,231,171,2015,147060859.0,165303759.0,1.329866,1.100641,BEL,USA,72
20028674,18,231,171,1995,228543508.0,53195466.0,1.615588,1.394102,BEL,USA,72
20028675,18,231,171,1997,289163946.0,72808042.0,1.4274069999999999,1.490435,BEL,USA,72
20028676,18,231,171,2000,287667580.0,71854826.0,1.403838,1.349607,BEL,USA,72
20028677,18,231,171,2001,224617764.0,85976729.0,1.4328370000000001,1.408495,BEL,USA,72
20028678,18,231,171,2002,219342190.0,89181336.0,1.4097469999999999,1.440169,BEL,USA,72
20028679,18,231,171,2003,147324416.0,86499329.0,1.361682,1.39536,BEL,USA,72
20028680,18,231,171,2004,348154013.0,116156004.0,1.350911,1.408209,BEL,USA,72
20028681,18,231,171,2005,370376798.0,123552197.0,1.275296,1.345063,BEL,USA,72
20028682,18,231,171,2006,431741027.0,183911274.0,1.2222540000000002,1.383027,BEL,USA,72
20028683,18,231,171,2007,452304291.0,298987102.0,1.2880479999999999,1.145724,BEL,USA,72
20028684,18,231,171,2008,306514520.0,378866025.0,1.297416,0.9716549999999999,BEL,USA,72
20028685,18,231,171,2011,240712172.0,249390201.0,1.221703,1.247961,BEL,USA,72
20028686,18,231,171,1999,249150434.0,41593511.0,1.512061,1.253478,BEL,USA,72
20028687,18,231,171,1998,281366303.0,76979895.0,1.4740739999999999,1.2530430000000001,BEL,USA,72
20028688,19,231,171,2013,0.0,31218.0,-0.919968,-0.90691,BEN,USA,72
20028689,19,231,171,2014,0.0,1815874.0,-0.342225,-0.618789,BEN,USA,72
20028690,19,231,171,2015,0.0,19426.0,-0.5641470000000001,-0.8971020000000001,BEN,USA,72
20028691,19,231,171,2003,0.0,2088.0,-1.150888,-0.956203,BEN,USA,72
20028692,19,231,171,2016,0.0,84478.0,-0.971123,-0.801574,BEN,USA,72
20028693,19,231,171,2017,1239.0,5399.0,-0.755027,-0.796864,BEN,USA,72
20028694,19,231,171,2018,0.0,60535.0,-0.646475,-0.769808,BEN,USA,72
20028695,19,231,171,2005,912.0,0.0,-0.7930510000000001,-0.798868,BEN,USA,72
20028696,19,231,171,2010,0.0,9863.0,-1.0660120000000002,-0.9961190000000001,BEN,USA,72
20028697,19,231,171,2011,0.0,6696098.0,-1.189478,-0.8684709999999999,BEN,USA,72
20028698,19,231,171,1999,0.0,1100.0,-1.033831,-0.858941,BEN,USA,72
20028699,19,231,171,2007,0.0,109880.0,-1.055882,-0.880178,BEN,USA,72
20028700,19,231,171,1998,0.0,17034.0,-0.8198,-0.8584780000000001,BEN,USA,72
20028701,19,231,171,2000,0.0,6907.0,-0.9513729999999999,-0.806106,BEN,USA,72
20028702,21,231,171,2019,0.0,12341.0,-0.805181,-0.941847,BFA,USA,72
20028703,21,231,171,2017,0.0,3727.0,-1.100802,-1.0632110000000001,BFA,USA,72
20028704,21,231,171,2008,0.0,2417.0,-1.076309,-1.012701,BFA,USA,72
20028705,21,231,171,2011,0.0,16077.0,-1.163278,-1.002332,BFA,USA,72
20028706,21,231,171,2012,0.0,90110.0,-0.662994,-0.738795,BFA,USA,72
20028707,21,231,171,2013,13574.0,269956.0,-0.9110360000000001,-0.852492,BFA,USA,72
20028708,21,231,171,2016,0.0,13184.0,-1.0885790000000002,-1.027005,BFA,USA,72
20028709,21,231,171,2018,0.0,47825.0,-0.8835200000000001,-0.9790620000000001,BFA,USA,72
20028710,21,231,171,2020,0.0,25694.0,-0.7634310000000001,-0.938997,BFA,USA,72
20028711,21,231,171,2014,0.0,63886.0,-0.922401,-0.9554379999999999,BFA,USA,72
20028712,21,231,171,2015,0.0,133737.0,-1.085359,-1.034365,BFA,USA,72
20028713,21,231,171,2009,0.0,38703.0,-1.283807,-1.061272,BFA,USA,72
20028714,21,231,171,2010,0.0,147176.0,-0.625747,-0.700651,BFA,USA,72
20028715,21,231,171,2007,0.0,11641.0,-0.960893,-0.94458,BFA,USA,72
20028716,21,231,171,1999,0.0,55728.0,-0.386471,-0.7413109999999999,BFA,USA,72
20028717,21,231,171,1997,0.0,18802.0,-0.204096,-0.731299,BFA,USA,72
20028718,21,231,171,1998,0.0,3752.0,-0.535488,-0.900509,BFA,USA,72
20028719,21,231,171,2002,0.0,2125.0,-0.477813,-0.647148,BFA,USA,72
20028720,21,231,171,1995,0.0,13294.0,-0.695354,-0.902185,BFA,USA,72
20028721,22,231,171,2001,0.0,845859.0,-1.0406739999999999,-1.010108,BGD,USA,72
20028722,22,231,171,2003,231979.0,1985832.0,-1.168404,-1.035782,BGD,USA,72
20028723,22,231,171,1998,0.0,1415468.0,-1.130729,-1.001385,BGD,USA,72
20028724,22,231,171,2018,129974.0,294072675.0,-0.899467,-0.9823719999999999,BGD,USA,72
20028725,22,231,171,2004,206968.0,3265732.0,-1.150444,-0.885333,BGD,USA,72
20028726,22,231,171,2007,325282.0,34700443.0,-0.9436469999999999,-0.7200310000000001,BGD,USA,72
20028727,22,231,171,2016,0.0,70882409.0,-1.107523,-1.065009,BGD,USA,72
20028728,22,231,171,2005,5667.0,19465624.0,-1.083754,-0.817738,BGD,USA,72
20028729,22,231,171,2008,0.0,41949116.0,-0.852774,-0.766779,BGD,USA,72
20028730,22,231,171,2011,320699.0,38795652.0,-1.074416,-0.8276370000000001,BGD,USA,72
20028731,22,231,171,2013,319713.0,39517199.0,-1.101916,-0.734646,BGD,USA,72
20028732,22,231,171,2015,0.0,38313065.0,-1.088465,-0.8745360000000001,BGD,USA,72
20028733,22,231,171,2019,0.0,317721752.0,-1.113148,-0.9513299999999999,BGD,USA,72
20028734,22,231,171,1995,0.0,1744666.0,-1.037175,-0.983195,BGD,USA,72
20028735,22,231,171,1996,0.0,2111156.0,-1.060876,-1.05104,BGD,USA,72
20028736,22,231,171,1997,2862.0,2566729.0,-1.027777,-1.048214,BGD,USA,72
20028737,22,231,171,2000,0.0,679215.0,-1.037212,-0.964965,BGD,USA,72
20028738,22,231,171,2002,2800.0,1037361.0,-1.134933,-1.061633,BGD,USA,72
20028739,22,231,171,2006,92404.0,17298567.0,-1.0305309999999999,-0.80937,BGD,USA,72
20028740,22,231,171,2009,0.0,32711061.0,-1.030722,-0.860137,BGD,USA,72
20028741,22,231,171,2010,148723.0,28149630.0,-0.974526,-0.76566,BGD,USA,72
20028742,22,231,171,2012,0.0,59434125.0,-0.8932610000000001,-0.762658,BGD,USA,72
20028743,22,231,171,2017,0.0,187861872.0,-1.016251,-0.987654,BGD,USA,72
20028744,22,231,171,2014,0.0,20192251.0,-1.0341879999999999,-0.9614870000000001,BGD,USA,72
20028745,22,231,171,2020,0.0,362803077.0,-0.874451,-0.9031309999999999,BGD,USA,72
20028746,22,231,171,1999,0.0,602856.0,-1.258857,-1.140375,BGD,USA,72
20028747,23,231,171,2000,5908373.0,564614.0,0.364708,1.66767,BGR,USA,72
20028748,23,231,171,2011,0.0,1094717.0,0.537967,1.520973,BGR,USA,72
20028749,23,231,171,1999,3233143.0,300433.0,0.311033,1.7375040000000002,BGR,USA,72
20028750,23,231,171,2015,2330772.0,918664.0,0.45640699999999995,1.691455,BGR,USA,72
20028751,23,231,171,2016,1319753.0,357014.0,0.51707,1.7329130000000001,BGR,USA,72
20028752,23,231,171,2019,31910279.0,1067998.0,0.572997,1.863346,BGR,USA,72
20028753,23,231,171,2020,112327.0,27357.0,0.6328520000000001,1.8517009999999998,BGR,USA,72
20028754,23,231,171,2013,269879.0,611176.0,0.5026109999999999,1.674296,BGR,USA,72
20028755,23,231,171,2017,110155.0,477904.0,0.557843,1.7221119999999999,BGR,USA,72
20028756,23,231,171,2018,25192963.0,510340.0,0.571226,1.836856,BGR,USA,72
20028757,23,231,171,2007,1536515.0,669507.0,0.43321899999999997,1.5696700000000001,BGR,USA,72
20028758,23,231,171,2009,3703.0,1698129.0,0.373594,1.571413,BGR,USA,72
20028759,23,231,171,2004,77659250.0,143394.0,0.35536,1.499182,BGR,USA,72
20028760,23,231,171,2005,37363487.0,418151.0,0.338438,1.495008,BGR,USA,72
20028761,23,231,171,2006,81834209.0,562994.0,0.414563,1.378005,BGR,USA,72
20028762,23,231,171,1996,4501905.0,26597.0,0.544265,1.523408,BGR,USA,72
20028763,23,231,171,2008,3319502.0,2685043.0,0.44409,1.575399,BGR,USA,72
20028764,23,231,171,1997,15572075.0,30732.0,0.487041,1.287344,BGR,USA,72
20028765,23,231,171,2010,81219.0,168642.0,0.44973,1.445441,BGR,USA,72
20028766,23,231,171,1998,8171754.0,39748.0,0.382782,1.5844479999999999,BGR,USA,72
20028767,23,231,171,2012,203968.0,1035232.0,0.5611,1.416313,BGR,USA,72
20028768,23,231,171,2001,12817428.0,257240.0,0.41425100000000004,1.639866,BGR,USA,72
20028769,23,231,171,2002,28247631.0,153749.0,0.37451100000000004,1.573517,BGR,USA,72
20028770,23,231,171,2003,33961436.0,443992.0,0.43308599999999997,1.7104099999999998,BGR,USA,72
20028771,23,231,171,2014,16060160.0,733213.0,0.579058,1.6558110000000001,BGR,USA,72
20028772,23,231,171,1995,13672068.0,0.0,0.436138,1.086561,BGR,USA,72
20028773,24,231,171,2018,80694.0,1212920.0,0.318352,-0.69221,BHR,USA,72
20028774,24,231,171,2013,2033964.0,607174.0,0.249681,-0.6204270000000001,BHR,USA,72
20028775,24,231,171,2014,2911056.0,467991.0,0.460168,-0.41671099999999994,BHR,USA,72
20028776,24,231,171,2017,127951.0,482775.0,0.485479,-0.5348890000000001,BHR,USA,72
20028777,24,231,171,2009,3842187.0,1560990.0,0.250645,-0.767742,BHR,USA,72
20028778,24,231,171,2015,1522682.0,577940.0,0.36650900000000003,-0.28735,BHR,USA,72
20028779,24,231,171,2016,34459.0,301180.0,0.323348,-0.514446,BHR,USA,72
20028780,24,231,171,2019,27550.0,752646.0,0.378349,-0.621468,BHR,USA,72
20028781,24,231,171,2006,14038.0,487408.0,0.172724,-0.9449879999999999,BHR,USA,72
20028782,24,231,171,2008,2714251.0,12073609.0,0.335334,-0.81372,BHR,USA,72
20028783,24,231,171,2004,311441.0,219895.0,0.045344999999999996,-1.001059,BHR,USA,72
20028784,24,231,171,2007,69593.0,659939.0,0.500846,-0.845449,BHR,USA,72
20028785,24,231,171,2010,2230342.0,1078593.0,0.284356,-0.8362,BHR,USA,72
20028786,24,231,171,2012,379578.0,894341.0,0.019798,-0.848549,BHR,USA,72
20028787,24,231,171,2011,569490.0,3334557.0,0.04085,-0.873711,BHR,USA,72
20028788,24,231,171,2002,0.0,531681.0,-0.146585,-1.006558,BHR,USA,72
20028789,24,231,171,2020,19396.0,91128.0,0.379085,-0.634111,BHR,USA,72
20028790,24,231,171,2000,20923.0,164749.0,-0.28305,-0.854878,BHR,USA,72
20028791,24,231,171,2001,3124.0,71574.0,-0.11008399999999999,-1.053611,BHR,USA,72
20028792,24,231,171,2003,43379.0,1180364.0,-0.10968800000000001,-1.041032,BHR,USA,72
20028793,24,231,171,2005,0.0,312471.0,0.19583599999999998,-0.946515,BHR,USA,72
20028794,24,231,171,1999,0.0,64791.0,-0.034526,-0.8887200000000001,BHR,USA,72
20028795,24,231,171,1997,0.0,677404.0,-0.021125,-0.914009,BHR,USA,72
20028796,24,231,171,1998,8831.0,51064.0,-0.044219,-0.859931,BHR,USA,72
20028797,24,231,171,1995,0.0,318512.0,-0.239166,-0.8627950000000001,BHR,USA,72
20028798,24,231,171,1996,4137.0,433570.0,-0.062207000000000005,-0.840398,BHR,USA,72
20028799,25,231,171,2004,424183.0,15409522.0,0.620432,-0.513724,BHS,USA,72
20028800,25,231,171,2005,407634.0,24850774.0,0.299331,-0.641232,BHS,USA,72
20028801,25,231,171,2007,3287694.0,26290398.0,0.502698,-0.538612,BHS,USA,72
20028802,25,231,171,2009,2434967.0,20456490.0,0.5451729999999999,-0.496575,BHS,USA,72
20028803,25,231,171,2010,5804737.0,12934610.0,0.495262,-0.6198779999999999,BHS,USA,72
20028804,25,231,171,2011,4982626.0,36350108.0,0.320669,-0.531655,BHS,USA,72
20028805,25,231,171,2012,2227665.0,45940227.0,0.49453800000000003,-0.405956,BHS,USA,72
20028806,25,231,171,2013,1281298.0,21377128.0,0.756732,-0.369842,BHS,USA,72
20028807,25,231,171,2014,1041420.0,20950468.0,0.314465,-0.60458,BHS,USA,72
20028808,25,231,171,2015,668613.0,16449899.0,0.669493,-0.37838099999999997,BHS,USA,72
20028809,25,231,171,2016,398040.0,17328982.0,0.605834,-0.430958,BHS,USA,72
20028810,25,231,171,1997,44251.0,9035557.0,0.874886,-0.144043,BHS,USA,72
20028811,25,231,171,1998,84365.0,6314308.0,1.090167,0.25353000000000003,BHS,USA,72
20028812,25,231,171,1999,23629.0,6802767.0,0.91869,-0.152588,BHS,USA,72
20028813,25,231,171,2000,86412.0,8749094.0,0.943368,0.183559,BHS,USA,72
20028814,25,231,171,2002,7214421.0,13532705.0,0.641626,-0.37892800000000004,BHS,USA,72
20028815,25,231,171,2003,527404.0,8142775.0,0.614422,-0.40984,BHS,USA,72
20028816,25,231,171,2006,707295.0,29902314.0,0.673694,-0.519608,BHS,USA,72
20028817,25,231,171,2001,570604.0,11130431.0,0.803267,-0.071853,BHS,USA,72
20028818,25,231,171,2017,1023215.0,18234417.0,0.81944,-0.30649499999999996,BHS,USA,72
20028819,25,231,171,2018,1054715.0,18787093.0,0.532998,-0.394906,BHS,USA,72
20028820,25,231,171,2008,8133084.0,26379763.0,0.470359,-0.5418890000000001,BHS,USA,72
20028821,25,231,171,2019,362164.0,18155348.0,-0.10707799999999999,-0.7419720000000001,BHS,USA,72
20028822,25,231,171,2020,84285.0,12924318.0,-0.273982,-0.7174659999999999,BHS,USA,72
20028823,25,231,171,1996,109725.0,6134539.0,0.363917,-0.380614,BHS,USA,72
20028824,25,231,171,1995,151430.0,4896681.0,0.501206,-0.32106799999999996,BHS,USA,72
20028825,26,231,171,2017,492169.0,1586.0,0.43245,0.726721,BIH,USA,72
20028826,26,231,171,2018,238108.0,11180.0,0.526392,0.742398,BIH,USA,72
20028827,26,231,171,2007,0.0,179038.0,0.46303199999999994,0.596178,BIH,USA,72
20028828,26,231,171,2008,0.0,235086.0,0.480256,0.810361,BIH,USA,72
20028829,26,231,171,2009,0.0,187532.0,0.519113,0.762582,BIH,USA,72
20028830,26,231,171,2010,0.0,35830.0,0.462275,0.830405,BIH,USA,72
20028831,26,231,171,2012,0.0,2419.0,0.519844,0.794082,BIH,USA,72
20028832,26,231,171,2013,0.0,77684.0,0.46743199999999996,0.7340800000000001,BIH,USA,72
20028833,26,231,171,2014,25289.0,5103.0,0.5083300000000001,0.711704,BIH,USA,72
20028834,26,231,171,2003,0.0,308087.0,0.195667,0.347011,BIH,USA,72
20028835,26,231,171,2019,109490.0,24467.0,0.6525,0.83988,BIH,USA,72
20028836,26,231,171,2011,0.0,29029.0,0.391425,0.6066600000000001,BIH,USA,72
20028837,26,231,171,2020,415502.0,1905.0,0.5449470000000001,0.91781,BIH,USA,72
20028838,26,231,171,2015,80864.0,8903.0,0.355903,0.723092,BIH,USA,72
20028839,26,231,171,2016,98806.0,6535.0,0.47827700000000006,0.5643100000000001,BIH,USA,72
20028840,26,231,171,2006,0.0,1008343.0,0.40788800000000003,0.562854,BIH,USA,72
20028841,26,231,171,2002,0.0,44621.0,0.26339,0.30287,BIH,USA,72
20028842,26,231,171,2005,1458.0,755847.0,0.273972,0.468758,BIH,USA,72
20028843,26,231,171,2004,0.0,864103.0,0.385952,0.571774,BIH,USA,72
20028844,26,231,171,1997,33570.0,1378805.0,0.459512,0.194939,BIH,USA,72
20028845,26,231,171,2000,63080.0,0.0,0.283451,0.31568,BIH,USA,72
20028846,26,231,171,2001,0.0,12055.0,0.238083,0.362643,BIH,USA,72
20028847,28,231,171,2020,1595130.0,25453.0,0.858776,1.085652,BLR,USA,72
20028848,28,231,171,2002,11168607.0,1453.0,0.825865,1.0148979999999999,BLR,USA,72
20028849,28,231,171,2003,5921089.0,2714.0,0.847358,0.9307719999999999,BLR,USA,72
20028850,28,231,171,2004,11302452.0,20908.0,0.8553139999999999,0.703926,BLR,USA,72
20028851,28,231,171,2009,7486405.0,49099.0,0.977663,0.549549,BLR,USA,72
20028852,28,231,171,2019,2284544.0,43909.0,0.7849649999999999,0.8951600000000001,BLR,USA,72
20028853,28,231,171,2016,13813623.0,4546.0,0.773807,0.827442,BLR,USA,72
20028854,28,231,171,2017,15224724.0,7741.0,0.8115829999999999,0.8323459999999999,BLR,USA,72
20028855,28,231,171,1998,8642313.0,533.0,0.9122049999999999,1.161741,BLR,USA,72
20028856,28,231,171,1999,17885317.0,0.0,0.7516579999999999,1.169072,BLR,USA,72
20028857,28,231,171,2000,25585220.0,47484.0,0.646336,0.8651780000000001,BLR,USA,72
20028858,28,231,171,2001,8636650.0,16031.0,0.804404,0.936773,BLR,USA,72
20028859,28,231,171,2005,21837833.0,113177.0,0.934699,0.46211800000000003,BLR,USA,72
20028860,28,231,171,2006,10385952.0,924991.0,0.919853,0.384409,BLR,USA,72
20028861,28,231,171,2007,9763519.0,966181.0,1.0435889999999999,0.415603,BLR,USA,72
20028862,28,231,171,2008,10048756.0,882152.0,0.9869,0.38977399999999995,BLR,USA,72
20028863,28,231,171,2010,10899890.0,659813.0,0.969851,0.593386,BLR,USA,72
20028864,28,231,171,2011,17675309.0,865589.0,0.8786729999999999,0.442097,BLR,USA,72
20028865,28,231,171,2012,13599076.0,323045.0,1.066605,0.6785399999999999,BLR,USA,72
20028866,28,231,171,2013,9731720.0,196265.0,1.036923,0.864568,BLR,USA,72
20028867,28,231,171,2014,12965674.0,0.0,0.874108,0.676231,BLR,USA,72
20028868,28,231,171,2015,12865876.0,2689.0,0.672499,0.5584020000000001,BLR,USA,72
20028869,28,231,171,2018,10241512.0,18837.0,0.850089,0.8332870000000001,BLR,USA,72
20028870,28,231,171,1996,364824.0,0.0,0.7285550000000001,0.660716,BLR,USA,72
20028871,28,231,171,1997,934618.0,0.0,0.563179,0.339149,BLR,USA,72
20028872,28,231,171,1995,434314.0,21437.0,0.5290279999999999,0.27031700000000003,BLR,USA,72
20028873,29,231,171,2019,47281.0,964436.0,-0.484834,-0.638616,BLZ,USA,72
20028874,29,231,171,2005,14536.0,1310805.0,-0.707427,-0.8586860000000001,BLZ,USA,72
20028875,29,231,171,2007,10745.0,1254343.0,-0.17825,-0.562535,BLZ,USA,72
20028876,29,231,171,2011,0.0,1307571.0,-0.382684,-0.581376,BLZ,USA,72
20028877,29,231,171,2012,8384.0,1496535.0,-0.403404,-0.6691159999999999,BLZ,USA,72
20028878,29,231,171,2018,43474.0,1215838.0,-0.15867699999999998,-0.6393989999999999,BLZ,USA,72
20028879,29,231,171,2009,0.0,1540307.0,-1.0464040000000001,-0.949774,BLZ,USA,72
20028880,29,231,171,2014,69209.0,1231298.0,-0.324446,-0.552126,BLZ,USA,72
20028881,29,231,171,2008,0.0,3139822.0,-0.922266,-0.881167,BLZ,USA,72
20028882,29,231,171,2013,21869.0,1933634.0,-0.35218299999999997,-0.508891,BLZ,USA,72
20028883,29,231,171,2016,6033.0,1229997.0,-0.527601,-0.680647,BLZ,USA,72
20028884,29,231,171,1999,180682.0,721750.0,-0.5603319999999999,-0.838239,BLZ,USA,72
20028885,29,231,171,2006,14023.0,2017849.0,-0.584902,-0.82437,BLZ,USA,72
20028886,29,231,171,2015,27244.0,1285134.0,-0.24283600000000002,-0.577408,BLZ,USA,72
20028887,29,231,171,1995,4645.0,868129.0,0.019916999999999997,-0.570529,BLZ,USA,72
20028888,29,231,171,1996,12433.0,887691.0,-0.341173,-0.670063,BLZ,USA,72
20028889,29,231,171,2002,0.0,1581466.0,-0.246977,-0.731156,BLZ,USA,72
20028890,29,231,171,2003,0.0,2486299.0,-0.543555,-0.7596,BLZ,USA,72
20028891,29,231,171,2004,11545.0,2548814.0,-0.355391,-0.662783,BLZ,USA,72
20028892,29,231,171,1997,6426.0,770599.0,-0.46634200000000003,-0.688645,BLZ,USA,72
20028893,29,231,171,1998,0.0,1316953.0,-0.103154,-0.580854,BLZ,USA,72
20028894,29,231,171,2000,0.0,1197711.0,-0.620384,-0.718677,BLZ,USA,72
20028895,29,231,171,2001,0.0,1770246.0,-0.297981,-0.695022,BLZ,USA,72
20028896,29,231,171,2010,0.0,3716188.0,-0.559172,-0.739977,BLZ,USA,72
20028897,29,231,171,2017,20066.0,1518597.0,-0.284062,-0.711108,BLZ,USA,72
20028898,29,231,171,2020,38894.0,1371528.0,-0.145757,-0.59123,BLZ,USA,72
20028899,30,231,171,1995,0.0,579533.0,0.897532,-0.394633,BMU,USA,72
20028900,30,231,171,1997,0.0,348906.0,1.069048,-0.35702399999999995,BMU,USA,72
20028901,30,231,171,2013,169426.0,2335170.0,1.087677,-0.452984,BMU,USA,72
20028902,30,231,171,2009,0.0,3537324.0,0.917207,-0.654219,BMU,USA,72
20028903,30,231,171,2018,0.0,3151540.0,0.42484399999999994,-0.70587,BMU,USA,72
20028904,30,231,171,2019,2581.0,4003739.0,0.875265,-0.498062,BMU,USA,72
20028905,30,231,171,1998,0.0,964801.0,0.900948,-0.340868,BMU,USA,72
20028906,30,231,171,1999,0.0,613018.0,0.659772,-0.357746,BMU,USA,72
20028907,30,231,171,2010,0.0,2740168.0,0.46139300000000005,-0.6651590000000001,BMU,USA,72
20028908,30,231,171,2005,0.0,1879860.0,0.324479,-0.701032,BMU,USA,72
20028909,30,231,171,2006,0.0,1971271.0,0.491259,-0.603062,BMU,USA,72
20028910,30,231,171,2007,0.0,2595732.0,0.598129,-0.635616,BMU,USA,72
20028911,30,231,171,2008,44030.0,2693069.0,-0.037808999999999995,-0.766089,BMU,USA,72
20028912,30,231,171,2017,61436.0,1868890.0,1.06318,-0.48345,BMU,USA,72
20028913,30,231,171,2016,107512.0,1671933.0,0.913218,-0.62813,BMU,USA,72
20028914,30,231,171,2020,4722.0,1691068.0,0.6924859999999999,-0.623079,BMU,USA,72
20028915,30,231,171,2014,67074.0,1169469.0,1.217808,-0.16376300000000002,BMU,USA,72
20028916,30,231,171,2012,102052.0,3063287.0,1.037882,-0.260067,BMU,USA,72
20028917,30,231,171,2015,72890.0,1469690.0,0.974592,-0.636426,BMU,USA,72
20028918,30,231,171,2011,0.0,3333834.0,0.576438,-0.48277299999999995,BMU,USA,72
20028919,30,231,171,2001,0.0,729390.0,1.1006129999999998,-0.5565329999999999,BMU,USA,72
20028920,30,231,171,2002,0.0,785621.0,1.129,-0.476633,BMU,USA,72
20028921,30,231,171,2003,0.0,622584.0,0.9966459999999999,-0.5183270000000001,BMU,USA,72
20028922,30,231,171,2004,0.0,1288194.0,1.024248,-0.499122,BMU,USA,72
20028923,30,231,171,1996,0.0,693908.0,1.037215,-0.408235,BMU,USA,72
20028924,30,231,171,2000,0.0,486628.0,0.9415100000000001,-0.466488,BMU,USA,72
20028925,31,231,171,2006,256422.0,273538.0,-0.805185,-0.754091,BOL,USA,72
20028926,31,231,171,1999,0.0,224735.0,-0.398285,-0.6362,BOL,USA,72
20028927,31,231,171,2009,0.0,538534.0,-0.909969,-0.8899879999999999,BOL,USA,72
20028928,31,231,171,2017,130220.0,1460443.0,-1.158425,-1.076242,BOL,USA,72
20028929,31,231,171,2018,742477.0,654466.0,-1.153953,-1.070749,BOL,USA,72
20028930,31,231,171,2019,337027.0,732491.0,-1.012748,-0.999245,BOL,USA,72
20028931,31,231,171,2013,40630.0,3960687.0,-1.039614,-0.95663,BOL,USA,72
20028932,31,231,171,2014,247342.0,3333577.0,-1.129494,-1.030198,BOL,USA,72
20028933,31,231,171,2010,8269.0,4144932.0,-0.83736,-0.812473,BOL,USA,72
20028934,31,231,171,2020,59105.0,229330.0,-0.835558,-0.9611350000000001,BOL,USA,72
20028935,31,231,171,2011,50325.0,2654943.0,-0.818593,-0.8701770000000001,BOL,USA,72
20028936,31,231,171,2007,0.0,534519.0,-1.021595,-0.955375,BOL,USA,72
20028937,31,231,171,2016,75368.0,2383813.0,-1.061758,-1.041501,BOL,USA,72
20028938,31,231,171,2004,0.0,282639.0,-0.9288489999999999,-0.929884,BOL,USA,72
20028939,31,231,171,1995,0.0,463563.0,-0.440583,-0.688389,BOL,USA,72
20028940,31,231,171,1996,0.0,361340.0,-0.589432,-0.7781,BOL,USA,72
20028941,31,231,171,1998,0.0,1569922.0,-0.49860699999999997,-0.748521,BOL,USA,72
20028942,31,231,171,2001,12526.0,351303.0,-0.680108,-0.678143,BOL,USA,72
20028943,31,231,171,2000,3146.0,94486.0,-0.612117,-0.6797479999999999,BOL,USA,72
20028944,31,231,171,2008,0.0,404935.0,-0.852975,-0.88041,BOL,USA,72
20028945,31,231,171,2002,40202.0,477464.0,-0.885342,-0.819517,BOL,USA,72
20028946,31,231,171,1997,5821.0,343912.0,-0.697563,-0.8841479999999999,BOL,USA,72
20028947,31,231,171,2003,3726.0,83747.0,-0.787995,-0.7228899999999999,BOL,USA,72
20028948,31,231,171,2012,2869478.0,3129905.0,-0.709307,-0.813228,BOL,USA,72
20028949,31,231,171,2015,39216.0,3268956.0,-1.051562,-1.067714,BOL,USA,72
20028950,31,231,171,2005,9986.0,150304.0,-0.968893,-0.862433,BOL,USA,72
20028951,32,231,171,2009,834995971.0,162957326.0,0.35447199999999995,0.8522360000000001,BRA,USA,72
20028952,32,231,171,2010,1270284556.0,175388158.0,0.40715500000000004,0.6208100000000001,BRA,USA,72
20028953,32,231,171,2011,2969887346.0,201871460.0,0.27718400000000004,0.5674319999999999,BRA,USA,72
20028954,32,231,171,2012,3009859446.0,225678739.0,0.305614,0.6357189999999999,BRA,USA,72
20028955,32,231,171,2014,3081781058.0,108331683.0,0.218223,0.556921,BRA,USA,72
20028956,32,231,171,2016,1819759550.0,91233004.0,0.245919,0.661809,BRA,USA,72
20028957,32,231,171,1995,954692186.0,29622169.0,0.687171,1.188647,BRA,USA,72
20028958,32,231,171,1996,1119631441.0,29247334.0,0.699658,1.271724,BRA,USA,72
20028959,32,231,171,2000,1111392369.0,27799101.0,0.792556,1.219394,BRA,USA,72
20028960,32,231,171,2001,903481838.0,25613369.0,0.672496,1.051848,BRA,USA,72
20028961,32,231,171,2002,1040989162.0,19993688.0,0.677883,1.0227190000000002,BRA,USA,72
20028962,32,231,171,2003,962089413.0,27486747.0,0.660576,1.118876,BRA,USA,72
20028963,32,231,171,2004,2092315906.0,44608265.0,0.540718,1.149065,BRA,USA,72
20028964,32,231,171,2005,2367834450.0,52443629.0,0.567638,1.139122,BRA,USA,72
20028965,32,231,171,2006,2409914590.0,69116972.0,0.633889,1.1474520000000001,BRA,USA,72
20028966,32,231,171,2007,2359909826.0,116868330.0,0.582859,1.137225,BRA,USA,72
20028967,32,231,171,2008,2795458316.0,397993203.0,0.444687,0.904332,BRA,USA,72
20028968,32,231,171,2013,2586792317.0,120283066.0,0.14765899999999998,0.399262,BRA,USA,72
20028969,32,231,171,2015,2554265038.0,108479164.0,0.23656799999999997,0.688607,BRA,USA,72
20028970,32,231,171,2017,2471488443.0,107543363.0,0.145224,0.483461,BRA,USA,72
20028971,32,231,171,2018,2918523171.0,129791403.0,0.143397,0.582092,BRA,USA,72
20028972,32,231,171,2019,3004825314.0,99367120.0,0.076947,0.660604,BRA,USA,72
20028973,32,231,171,2020,1817593703.0,86532379.0,0.054622000000000004,0.532291,BRA,USA,72
20028974,32,231,171,1998,969895415.0,32891135.0,0.768101,1.04589,BRA,USA,72
20028975,32,231,171,1997,929327331.0,39686949.0,0.718336,1.203066,BRA,USA,72
20028976,32,231,171,1999,952887199.0,21932586.0,0.762468,1.191759,BRA,USA,72
20028977,33,231,171,1997,364601.0,1435668.0,0.896769,0.22225300000000003,BRB,USA,72
20028978,33,231,171,1998,283653.0,1284915.0,0.888487,0.469408,BRB,USA,72
20028979,33,231,171,2020,252899.0,1594030.0,0.666435,0.060089,BRB,USA,72
20028980,33,231,171,2004,19519.0,1133549.0,0.8541559999999999,0.25895799999999997,BRB,USA,72
20028981,33,231,171,2014,114442.0,2445438.0,0.44968400000000003,-0.15268900000000002,BRB,USA,72
20028982,33,231,171,2001,129561.0,415161.0,0.725546,0.172345,BRB,USA,72
20028983,33,231,171,2002,62948.0,589919.0,0.762217,0.004367,BRB,USA,72
20028984,33,231,171,2003,101713.0,673558.0,0.744166,0.074191,BRB,USA,72
20028985,33,231,171,2005,19352.0,1136981.0,0.916402,0.262466,BRB,USA,72
20028986,33,231,171,2006,26422.0,1716107.0,0.977267,0.6046560000000001,BRB,USA,72
20028987,33,231,171,2007,7273.0,2083164.0,1.006332,0.680391,BRB,USA,72
20028988,33,231,171,2008,61326.0,5867766.0,0.761035,0.615472,BRB,USA,72
20028989,33,231,171,2009,14740.0,2376308.0,0.8652620000000001,0.796057,BRB,USA,72
20028990,33,231,171,2010,46402.0,2554244.0,0.7076140000000001,0.434993,BRB,USA,72
20028991,33,231,171,2011,197848.0,3224565.0,0.445982,0.204672,BRB,USA,72
20028992,33,231,171,2012,309567.0,1144286.0,0.6746310000000001,0.45502700000000007,BRB,USA,72
20028993,33,231,171,2013,189648.0,1335347.0,0.6969489999999999,0.135283,BRB,USA,72
20028994,33,231,171,2015,13419.0,2512883.0,0.453689,0.039237,BRB,USA,72
20028995,33,231,171,2016,48044.0,1563048.0,0.613282,0.06728200000000001,BRB,USA,72
20028996,33,231,171,2017,131435.0,2929800.0,0.589793,-0.004488000000000001,BRB,USA,72
20028997,33,231,171,2018,182221.0,2094128.0,0.487166,-0.129388,BRB,USA,72
20028998,33,231,171,2019,22725.0,1814755.0,0.6228199999999999,-0.10803499999999999,BRB,USA,72
20028999,33,231,171,1999,246000.0,1143517.0,0.878015,0.413308,BRB,USA,72
20029000,33,231,171,2000,309093.0,853052.0,0.765428,0.418063,BRB,USA,72
20029001,33,231,171,1996,0.0,471048.0,0.9384979999999999,0.147479,BRB,USA,72
20029002,33,231,171,1995,0.0,1110414.0,1.055447,0.422738,BRB,USA,72
20029003,34,231,171,1998,0.0,155900.0,-0.445218,-0.833083,BRN,USA,72
20029004,34,231,171,2009,4848.0,289996.0,-1.371042,-0.9792120000000001,BRN,USA,72
20029005,34,231,171,2019,0.0,33696.0,0.9608620000000001,-0.7012619999999999,BRN,USA,72
20029006,34,231,171,2007,7811.0,1981498.0,-1.118219,-0.924797,BRN,USA,72
20029007,34,231,171,2013,0.0,661562.0,-0.866827,-0.795995,BRN,USA,72
20029008,34,231,171,2015,3871.0,51537.0,1.093564,-0.679211,BRN,USA,72
20029009,34,231,171,2008,0.0,268704.0,-1.7609099999999998,-0.8835959999999999,BRN,USA,72
20029010,34,231,171,2004,0.0,49208.0,-1.271325,-1.03277,BRN,USA,72
20029011,34,231,171,2006,6647.0,165743.0,-1.331831,-0.9170940000000001,BRN,USA,72
20029012,34,231,171,2010,0.0,137632.0,0.717167,-0.764841,BRN,USA,72
20029013,34,231,171,2011,0.0,162208.0,-0.171775,-0.6656810000000001,BRN,USA,72
20029014,34,231,171,2012,0.0,514064.0,-2.758339,-0.931008,BRN,USA,72
20029015,34,231,171,2016,0.0,80718.0,0.078764,-0.8103670000000001,BRN,USA,72
20029016,34,231,171,2017,0.0,71251.0,0.270525,-0.747949,BRN,USA,72
20029017,34,231,171,2018,1275.0,145417.0,0.562198,-0.774457,BRN,USA,72
20029018,34,231,171,2002,0.0,70273.0,-1.7894169999999998,-1.034672,BRN,USA,72
20029019,34,231,171,2003,0.0,151154.0,-1.342738,-0.978633,BRN,USA,72
20029020,34,231,171,2020,0.0,112914.0,0.432569,-0.8083779999999999,BRN,USA,72
20029021,34,231,171,2014,3057.0,172200.0,0.191357,-0.683567,BRN,USA,72
20029022,34,231,171,1997,0.0,1160483.0,-0.092276,-0.772393,BRN,USA,72
20029023,34,231,171,2001,0.0,108471.0,-0.8654209999999999,-0.930599,BRN,USA,72
20029024,34,231,171,1995,0.0,47513.0,-0.979701,-0.85456,BRN,USA,72
20029025,34,231,171,1996,0.0,363088.0,-0.848331,-0.779511,BRN,USA,72
20029026,34,231,171,2000,0.0,99780.0,-1.603399,-1.027332,BRN,USA,72
20029027,35,231,171,2014,122205.0,2998.0,-0.24597199999999997,-0.758838,BTN,USA,72
20029028,35,231,171,2017,647158.0,0.0,-0.167518,-0.7758520000000001,BTN,USA,72
20029029,35,231,171,2020,32928.0,12113.0,0.108769,-0.728705,BTN,USA,72
20029030,35,231,171,2019,0.0,32032.0,0.008482,-0.767876,BTN,USA,72
20029031,35,231,171,2010,0.0,13880.0,-0.10866300000000001,-0.5950270000000001,BTN,USA,72
20029032,35,231,171,2005,17949.0,0.0,0.0036079999999999997,-0.483849,BTN,USA,72
20029033,35,231,171,2015,329148.0,0.0,-0.55347,-0.8795219999999999,BTN,USA,72
20029034,35,231,171,2013,82000.0,0.0,-0.065218,-0.787495,BTN,USA,72
20029035,35,231,171,1998,527407.0,0.0,0.003229,-0.582997,BTN,USA,72
20029036,37,231,171,2007,0.0,22252.0,-0.8557239999999999,-1.1712989999999999,BWA,USA,72
20029037,37,231,171,2011,0.0,177354.0,-0.48782600000000004,-1.051639,BWA,USA,72
20029038,37,231,171,2012,0.0,7623.0,-0.424469,-1.043248,BWA,USA,72
20029039,37,231,171,2013,0.0,160966.0,-0.46761499999999995,-1.0842040000000002,BWA,USA,72
20029040,37,231,171,2014,45806.0,30137.0,-0.60221,-1.104578,BWA,USA,72
20029041,37,231,171,2015,0.0,11424.0,-0.14164200000000002,-1.0372059999999999,BWA,USA,72
20029042,37,231,171,2017,0.0,4121.0,-0.593754,-1.166742,BWA,USA,72
20029043,37,231,171,2018,0.0,765.0,-0.8339610000000001,-1.184307,BWA,USA,72
20029044,37,231,171,2002,8465.0,690028.0,-0.14025,-1.018399,BWA,USA,72
20029045,37,231,171,2004,0.0,18550.0,-0.8574229999999999,-1.191754,BWA,USA,72
20029046,37,231,171,2008,0.0,120713.0,-0.191616,-0.848397,BWA,USA,72
20029047,37,231,171,2009,0.0,1890.0,-0.008142,-0.599115,BWA,USA,72
20029048,37,231,171,2010,0.0,1952.0,-0.181373,-0.714376,BWA,USA,72
20029049,37,231,171,2005,0.0,8727.0,-0.857577,-1.1514229999999999,BWA,USA,72
20029050,38,231,171,2019,0.0,62592.0,-0.027091000000000004,-0.7267899999999999,CAF,USA,72
20029051,38,231,171,2011,0.0,123703.0,-0.318191,-0.68375,CAF,USA,72
20029052,38,231,171,2015,0.0,41447.0,-0.35029,-0.6630199999999999,CAF,USA,72
20029053,38,231,171,1998,0.0,888.0,-0.64861,-0.771349,CAF,USA,72
20029054,38,231,171,2000,0.0,10117.0,-1.222452,-0.947033,CAF,USA,72
20029055,38,231,171,2002,0.0,11234.0,-0.45315200000000005,-0.764876,CAF,USA,72
20029056,38,231,171,2003,0.0,21032.0,-1.342769,-0.905425,CAF,USA,72
20029057,38,231,171,1997,944.0,0.0,-1.192158,-0.902408,CAF,USA,72
20029058,38,231,171,1999,0.0,2384.0,-1.079509,-0.9015489999999999,CAF,USA,72
20029059,38,231,171,2004,0.0,7284.0,-0.683538,-0.8331770000000001,CAF,USA,72
20029060,39,231,171,2001,1972598010.0,1980855884.0,0.971827,1.105171,CAN,USA,72
20029061,39,231,171,2002,2526255847.0,2121096505.0,0.9963280000000001,1.1922110000000001,CAN,USA,72
20029062,39,231,171,2003,2578784347.0,2316235565.0,0.9791540000000001,1.185081,CAN,USA,72
20029063,39,231,171,2004,3648551073.0,3602837205.0,0.9392739999999999,1.19228,CAN,USA,72
20029064,39,231,171,2005,4087674253.0,4665213676.0,0.9895149999999999,1.0437459999999998,CAN,USA,72
20029065,39,231,171,2006,4530057411.0,4995795167.0,0.865685,1.1480489999999999,CAN,USA,72
20029066,39,231,171,2007,4821864096.0,5636792316.0,0.77681,1.20517,CAN,USA,72
20029067,39,231,171,2008,6583370155.0,6784326182.0,0.684659,1.085312,CAN,USA,72
20029068,39,231,171,2009,3358405472.0,3932969286.0,0.6778069999999999,1.278402,CAN,USA,72
20029069,39,231,171,2010,5498478182.0,6065486871.0,0.752421,1.2208510000000001,CAN,USA,72
20029070,39,231,171,2011,6050957522.0,6780001523.0,0.754813,1.1967290000000002,CAN,USA,72
20029071,39,231,171,2012,5736599147.0,6569441006.0,0.693098,1.132064,CAN,USA,72
20029072,39,231,171,2013,5230818108.0,5932812424.0,0.719649,1.017046,CAN,USA,72
20029073,39,231,171,2014,5908930603.0,6146922286.0,0.671395,1.024683,CAN,USA,72
20029074,39,231,171,2015,4567964533.0,4548544505.0,0.695867,1.171676,CAN,USA,72
20029075,39,231,171,2016,4297574750.0,4146972693.0,0.6579050000000001,1.12259,CAN,USA,72
20029076,39,231,171,2017,5367345019.0,4843594492.0,0.73897,1.206402,CAN,USA,72
20029077,39,231,171,2018,5910067489.0,4507817510.0,0.666822,1.218593,CAN,USA,72
20029078,39,231,171,2019,4876657238.0,3547750629.0,0.657292,1.187872,CAN,USA,72
20029079,39,231,171,2020,4479844273.0,3014245379.0,0.609267,1.1890479999999999,CAN,USA,72
20029080,39,231,171,2000,2319813494.0,2335473601.0,1.056577,1.12931,CAN,USA,72
20029081,39,231,171,1999,2375836381.0,2137659980.0,1.083572,1.08026,CAN,USA,72
20029082,39,231,171,1995,2495870465.0,1798547326.0,1.077804,1.0724200000000002,CAN,USA,72
20029083,39,231,171,1996,2619110563.0,1679157342.0,1.155706,1.1127049999999998,CAN,USA,72
20029084,39,231,171,1997,2643797809.0,2162388714.0,1.109494,1.178772,CAN,USA,72
20029085,39,231,171,1998,2574115967.0,2003355013.0,1.077343,1.119161,CAN,USA,72
20029086,40,231,171,1996,0.0,14044.0,0.26213400000000003,-0.584997,CCK,USA,72
20029087,41,231,171,2015,22149417.0,13150136.0,2.306075,0.720781,CHE,USA,72
20029088,41,231,171,2014,17526600.0,17909694.0,2.2000919999999997,0.65398,CHE,USA,72
20029089,41,231,171,2005,22483926.0,6410230.0,2.0461709999999997,0.615855,CHE,USA,72
20029090,41,231,171,2011,52123014.0,24464505.0,2.2644029999999997,0.406131,CHE,USA,72
20029091,41,231,171,2010,18312212.0,16506975.0,2.1492080000000002,0.556424,CHE,USA,72
20029092,41,231,171,2002,16066272.0,12898998.0,2.218095,0.620946,CHE,USA,72
20029093,41,231,171,2003,16456352.0,7053803.0,2.151037,0.711217,CHE,USA,72
20029094,41,231,171,2004,15053699.0,8134092.0,2.151471,0.7196279999999999,CHE,USA,72
20029095,41,231,171,2006,30385018.0,9299143.0,2.052534,0.515523,CHE,USA,72
20029096,41,231,171,2007,33786879.0,16539368.0,2.0198080000000003,0.42277200000000004,CHE,USA,72
20029097,41,231,171,2008,25450627.0,42879131.0,1.978404,0.368694,CHE,USA,72
20029098,41,231,171,2009,13142873.0,25425204.0,2.124438,0.484861,CHE,USA,72
20029099,41,231,171,2012,54116982.0,20533052.0,2.060769,0.562718,CHE,USA,72
20029100,41,231,171,2013,15717001.0,15130958.0,2.2104470000000003,0.5403479999999999,CHE,USA,72
20029101,41,231,171,2016,27006060.0,8647882.0,2.3488689999999997,0.806291,CHE,USA,72
20029102,41,231,171,2017,20133925.0,17880719.0,2.2557810000000003,0.845459,CHE,USA,72
20029103,41,231,171,2018,25867954.0,10830685.0,2.2324330000000003,0.7801560000000001,CHE,USA,72
20029104,41,231,171,2019,18715167.0,8515071.0,2.1990849999999997,0.8394229999999999,CHE,USA,72
20029105,41,231,171,2020,14011605.0,7888675.0,2.184038,0.900965,CHE,USA,72
20029106,41,231,171,1999,53894245.0,11937015.0,2.189934,0.741428,CHE,USA,72
20029107,41,231,171,2000,37034189.0,22039786.0,2.197959,0.489989,CHE,USA,72
20029108,41,231,171,2001,16834902.0,11124463.0,2.227246,0.553956,CHE,USA,72
20029109,41,231,171,1998,37362935.0,10130088.0,2.252965,0.561806,CHE,USA,72
20029110,41,231,171,1996,17599533.0,12941808.0,2.246238,0.603288,CHE,USA,72
20029111,41,231,171,1995,17912504.0,13579925.0,2.1893029999999998,0.82765,CHE,USA,72
20029112,41,231,171,1997,31776504.0,10438999.0,2.280163,0.597819,CHE,USA,72
20029113,42,231,171,2005,30872942.0,30753999.0,-0.168344,-0.43438999999999994,CHL,USA,72
20029114,42,231,171,2006,41970543.0,13794438.0,-0.188298,-0.46778000000000003,CHL,USA,72
20029115,42,231,171,2014,95677290.0,12461269.0,-0.344671,-0.43380799999999997,CHL,USA,72
20029116,42,231,171,2015,12822025.0,13706113.0,-0.356167,-0.47629399999999994,CHL,USA,72
20029117,42,231,171,2016,22993359.0,11154186.0,-0.385519,-0.470495,CHL,USA,72
20029118,42,231,171,2017,36135460.0,15317915.0,-0.378693,-0.492983,CHL,USA,72
20029119,42,231,171,2018,117289169.0,16031142.0,-0.37677,-0.49605299999999997,CHL,USA,72
20029120,42,231,171,2019,82199650.0,25114228.0,-0.34416199999999997,-0.432674,CHL,USA,72
20029121,42,231,171,2020,64494172.0,10266286.0,-0.307923,-0.565983,CHL,USA,72
20029122,42,231,171,2007,77559724.0,41775351.0,-0.306846,-0.57431,CHL,USA,72
20029123,42,231,171,2008,97795736.0,47771364.0,-0.293985,-0.349554,CHL,USA,72
20029124,42,231,171,2009,34362924.0,23818827.0,-0.219521,-0.34239,CHL,USA,72
20029125,42,231,171,2010,71931500.0,41842006.0,-0.34914,-0.459395,CHL,USA,72
20029126,42,231,171,2011,78273989.0,32274302.0,-0.199877,-0.353009,CHL,USA,72
20029127,42,231,171,2012,116643203.0,32387969.0,-0.333891,-0.45610200000000006,CHL,USA,72
20029128,42,231,171,2013,75043589.0,31631792.0,-0.260718,-0.38256100000000004,CHL,USA,72
20029129,42,231,171,2000,11916100.0,10544002.0,0.068478,-0.053438,CHL,USA,72
20029130,42,231,171,2001,4208543.0,9509691.0,-0.004658,-0.002548,CHL,USA,72
20029131,42,231,171,2002,18142855.0,5338441.0,-0.035264,-0.101796,CHL,USA,72
20029132,42,231,171,2003,13548640.0,6824801.0,-0.06375900000000001,-0.156808,CHL,USA,72
20029133,42,231,171,1997,6014582.0,29213711.0,0.002791,-0.030604000000000003,CHL,USA,72
20029134,42,231,171,1996,11967920.0,26333517.0,-0.052811000000000004,-0.169464,CHL,USA,72
20029135,42,231,171,1999,11113711.0,7098193.0,0.041013,-0.111553,CHL,USA,72
20029136,42,231,171,1995,22033004.0,24279497.0,-0.073436,-0.192675,CHL,USA,72
20029137,42,231,171,2004,12904652.0,12195556.0,-0.07869,-0.33641,CHL,USA,72
20029138,42,231,171,1998,15173728.0,17710198.0,0.029706,-0.061149,CHL,USA,72
20029139,43,231,171,1995,216908679.0,143408442.0,0.387897,3.2147919999999996,CHN,USA,72
20029140,43,231,171,1996,199158492.0,74131406.0,0.404422,3.061344,CHN,USA,72
20029141,43,231,171,1997,187859336.0,78686858.0,0.36051300000000003,3.287322,CHN,USA,72
20029142,43,231,171,1998,227569764.0,94335588.0,0.3658,3.231258,CHN,USA,72
20029143,43,231,171,1999,199245297.0,135591008.0,0.386094,3.270089,CHN,USA,72
20029144,43,231,171,2000,364644374.0,259153872.0,0.478362,3.156111,CHN,USA,72
20029145,43,231,171,2001,174351267.0,448374038.0,0.525171,3.092963,CHN,USA,72
20029146,43,231,171,2002,217608951.0,476627009.0,0.576746,2.7995520000000003,CHN,USA,72
20029147,43,231,171,2003,208281386.0,1061155888.0,0.579431,2.773139,CHN,USA,72
20029148,43,231,171,2004,952216479.0,1055353615.0,0.581548,2.8689880000000003,CHN,USA,72
20029149,43,231,171,2005,1057404707.0,1516514775.0,0.608256,2.8242220000000002,CHN,USA,72
20029150,43,231,171,2007,1827783642.0,2123894417.0,0.801547,2.321052,CHN,USA,72
20029151,43,231,171,2008,2469058565.0,2325107506.0,0.929285,1.8917259999999998,CHN,USA,72
20029152,43,231,171,2009,437546252.0,2577939278.0,0.898623,2.08703,CHN,USA,72
20029153,43,231,171,2010,906083018.0,1817539860.0,0.922493,2.0176,CHN,USA,72
20029154,43,231,171,2011,1370407727.0,2364252370.0,1.072299,1.686826,CHN,USA,72
20029155,43,231,171,2012,1367156528.0,1455333842.0,1.095682,1.354837,CHN,USA,72
20029156,43,231,171,2013,1334753183.0,1254606012.0,1.113767,1.477496,CHN,USA,72
20029157,43,231,171,2014,2254732210.0,891407716.0,1.187557,1.222085,CHN,USA,72
20029158,43,231,171,2015,1592822972.0,780278105.0,1.077143,1.735757,CHN,USA,72
20029159,43,231,171,2016,545106448.0,750916784.0,1.1073620000000002,1.723098,CHN,USA,72
20029160,43,231,171,2017,557429945.0,913729486.0,1.1127790000000002,1.56869,CHN,USA,72
20029161,43,231,171,2018,591758597.0,491008538.0,1.200689,1.2822,CHN,USA,72
20029162,43,231,171,2019,455718555.0,247235523.0,1.196265,1.2258870000000002,CHN,USA,72
20029163,43,231,171,2020,349004003.0,427778485.0,1.187837,1.2237770000000001,CHN,USA,72
20029164,43,231,171,2006,1985603423.0,1732472160.0,0.737888,2.54966,CHN,USA,72
20029165,44,231,171,2008,0.0,215573.0,-0.9806040000000001,-0.730792,CIV,USA,72
20029166,44,231,171,2009,0.0,35455.0,-0.924681,-0.801371,CIV,USA,72
20029167,44,231,171,2015,0.0,407824.0,-0.856142,-0.905292,CIV,USA,72
20029168,44,231,171,2014,0.0,195365.0,-0.737625,-0.768728,CIV,USA,72
20029169,44,231,171,2007,0.0,56287.0,-0.9989110000000001,-0.867232,CIV,USA,72
20029170,44,231,171,2006,0.0,514390.0,-0.8918530000000001,-0.8145819999999999,CIV,USA,72
20029171,44,231,171,2013,0.0,271086.0,-0.923558,-0.866642,CIV,USA,72
20029172,44,231,171,2016,2351.0,311566.0,-0.88415,-0.8122689999999999,CIV,USA,72
20029173,44,231,171,2017,0.0,425692.0,-0.784119,-0.904135,CIV,USA,72
20029174,44,231,171,2018,0.0,379642.0,-0.8733569999999999,-0.8443139999999999,CIV,USA,72
20029175,44,231,171,2019,0.0,49109.0,-0.9916719999999999,-0.960625,CIV,USA,72
20029176,44,231,171,1999,0.0,76893.0,-0.591892,-0.654457,CIV,USA,72
20029177,44,231,171,2001,0.0,9610.0,-0.715949,-0.524428,CIV,USA,72
20029178,44,231,171,2003,0.0,68031.0,-0.699928,-0.723739,CIV,USA,72
20029179,44,231,171,1997,0.0,46027.0,-0.685339,-0.62129,CIV,USA,72
20029180,44,231,171,2002,0.0,50512.0,-0.816327,-0.711765,CIV,USA,72
20029181,44,231,171,1998,0.0,19138.0,-0.75115,-0.753865,CIV,USA,72
20029182,44,231,171,2000,0.0,32590.0,-0.7772640000000001,-0.632181,CIV,USA,72
20029183,44,231,171,2004,0.0,37687.0,-0.8490979999999999,-0.754732,CIV,USA,72
20029184,44,231,171,2005,1559.0,839915.0,-0.900386,-0.804689,CIV,USA,72
20029185,44,231,171,2010,0.0,64201.0,-1.256641,-0.946767,CIV,USA,72
20029186,44,231,171,2011,0.0,13449.0,-1.069474,-0.867439,CIV,USA,72
20029187,44,231,171,2012,0.0,18996.0,-0.9721879999999999,-0.837227,CIV,USA,72
20029188,44,231,171,1995,213622.0,222372.0,-0.781656,-0.74293,CIV,USA,72
20029189,44,231,171,1996,0.0,71981.0,-0.8720459999999999,-0.7904479999999999,CIV,USA,72
20029190,44,231,171,2020,0.0,91056.0,-1.2299200000000001,-1.095777,CIV,USA,72
20029191,45,231,171,2009,0.0,38732.0,-1.128734,-1.022546,CMR,USA,72
20029192,45,231,171,1997,0.0,51023.0,-1.205482,-1.015714,CMR,USA,72
20029193,45,231,171,2001,2162.0,141498.0,-1.6254879999999998,-1.212513,CMR,USA,72
20029194,45,231,171,2002,0.0,143691.0,-1.114477,-1.0516510000000001,CMR,USA,72
20029195,45,231,171,2003,5626.0,94069.0,-1.254788,-1.10897,CMR,USA,72
20029196,45,231,171,2013,0.0,670773.0,-0.901531,-1.027111,CMR,USA,72
20029197,45,231,171,2014,2294.0,650722.0,-0.6723520000000001,-0.945084,CMR,USA,72
20029198,45,231,171,2015,0.0,855317.0,-0.924366,-1.040721,CMR,USA,72
20029199,45,231,171,2016,0.0,515155.0,-1.086484,-1.0725559999999998,CMR,USA,72
20029200,45,231,171,2017,0.0,256461.0,-1.048569,-1.030799,CMR,USA,72
20029201,45,231,171,2018,0.0,169721.0,-1.366619,-1.09894,CMR,USA,72
20029202,45,231,171,1995,0.0,18964.0,-1.121716,-0.9758020000000001,CMR,USA,72
20029203,45,231,171,2010,19959.0,134291.0,-1.114209,-1.0127899999999999,CMR,USA,72
20029204,45,231,171,2004,0.0,57253.0,-1.604916,-1.217399,CMR,USA,72
20029205,45,231,171,2007,0.0,316153.0,-0.821623,-0.965601,CMR,USA,72
20029206,45,231,171,2000,0.0,23470.0,-1.547715,-1.161125,CMR,USA,72
20029207,45,231,171,2005,0.0,211277.0,-1.5648739999999999,-1.210117,CMR,USA,72
20029208,45,231,171,2011,0.0,202195.0,-0.7956340000000001,-0.8532790000000001,CMR,USA,72
20029209,45,231,171,1996,0.0,83053.0,-1.4036309999999999,-1.090633,CMR,USA,72
20029210,45,231,171,2006,0.0,19668.0,-1.358873,-1.1511360000000002,CMR,USA,72
20029211,45,231,171,2008,0.0,40146.0,-1.143808,-1.0725,CMR,USA,72
20029212,45,231,171,2012,32205.0,246116.0,-1.0127030000000001,-1.011776,CMR,USA,72
20029213,45,231,171,2019,0.0,72178.0,-1.461279,-1.214274,CMR,USA,72
20029214,45,231,171,1998,0.0,44029.0,-1.8845029999999998,-1.250205,CMR,USA,72
20029215,45,231,171,1999,0.0,125513.0,-1.7392470000000002,-1.241373,CMR,USA,72
20029216,46,231,171,2015,0.0,236778.0,-1.3921290000000002,-1.146549,COD,USA,72
20029217,46,231,171,2009,0.0,23860.0,-1.532165,-1.160269,COD,USA,72
20029218,46,231,171,2012,0.0,5025.0,-1.442925,-1.170333,COD,USA,72
20029219,46,231,171,2016,0.0,57901.0,-1.136472,-1.109177,COD,USA,72
20029220,46,231,171,2017,0.0,6487.0,-1.3960569999999999,-1.126784,COD,USA,72
20029221,46,231,171,2018,0.0,4370.0,-1.743034,-1.20446,COD,USA,72
20029222,46,231,171,2019,0.0,13285.0,-1.2685879999999998,-1.148403,COD,USA,72
20029223,46,231,171,2020,0.0,18013.0,-1.538455,-1.1857659999999999,COD,USA,72
20029224,46,231,171,2010,0.0,63934.0,-1.465101,-1.139909,COD,USA,72
20029225,46,231,171,2014,0.0,50730.0,-1.6680240000000002,-1.1265129999999999,COD,USA,72
20029226,46,231,171,1995,0.0,1041016.0,-1.4672459999999998,-1.0777139999999998,COD,USA,72
20029227,46,231,171,1996,0.0,50415.0,-1.2167,-1.086508,COD,USA,72
20029228,46,231,171,1997,0.0,106373.0,-1.274443,-1.073668,COD,USA,72
20029229,46,231,171,2002,0.0,57484.0,-1.2657370000000001,-1.108659,COD,USA,72
20029230,46,231,171,2006,0.0,83412.0,-1.542137,-1.086494,COD,USA,72
20029231,46,231,171,2008,0.0,41863.0,-1.513117,-1.141895,COD,USA,72
20029232,46,231,171,1998,0.0,10477.0,-1.753881,-1.201073,COD,USA,72
20029233,46,231,171,1999,0.0,2735.0,-1.4871290000000001,-1.1859620000000002,COD,USA,72
20029234,47,231,171,2011,0.0,142715.0,-0.979359,-1.084589,COG,USA,72
20029235,47,231,171,2018,18644.0,147804.0,-1.52875,-1.1869100000000001,COG,USA,72
20029236,47,231,171,2019,0.0,231027.0,-1.305193,-1.162808,COG,USA,72
20029237,47,231,171,2007,0.0,174254.0,-1.88462,-1.22688,COG,USA,72
20029238,47,231,171,2009,0.0,51564.0,-1.466289,-1.201249,COG,USA,72
20029239,47,231,171,2010,0.0,142956.0,-1.536434,-1.175338,COG,USA,72
20029240,47,231,171,2012,1532.0,1403714.0,-1.210442,-1.086805,COG,USA,72
20029241,47,231,171,2013,0.0,145762.0,-1.215681,-1.08679,COG,USA,72
20029242,47,231,171,2014,0.0,316000.0,-1.371624,-1.12468,COG,USA,72
20029243,47,231,171,2015,0.0,30947.0,-1.294823,-1.18811,COG,USA,72
20029244,47,231,171,2016,0.0,49690.0,-0.718731,-1.0663799999999999,COG,USA,72
20029245,47,231,171,2017,0.0,95492.0,-1.2289780000000001,-1.169368,COG,USA,72
20029246,47,231,171,1995,0.0,38623.0,-0.648521,-1.0392190000000001,COG,USA,72
20029247,47,231,171,2020,0.0,147057.0,-1.580638,-1.2020870000000001,COG,USA,72
20029248,47,231,171,2008,0.0,325735.0,-2.2772799999999997,-1.216089,COG,USA,72
20029249,47,231,171,2005,0.0,19311.0,-1.648425,-1.1852040000000001,COG,USA,72
20029250,47,231,171,2004,0.0,2868.0,-1.610222,-1.184921,COG,USA,72
20029251,47,231,171,1997,0.0,14512.0,-1.58904,-1.1557979999999999,COG,USA,72
20029252,47,231,171,1998,0.0,22899.0,-1.404207,-1.133436,COG,USA,72
20029253,47,231,171,1999,0.0,5315.0,-1.2759120000000002,-1.1418030000000001,COG,USA,72
20029254,47,231,171,2000,0.0,52915.0,-1.862839,-1.214684,COG,USA,72
20029255,47,231,171,2002,0.0,8736.0,-1.62227,-1.202067,COG,USA,72
20029256,47,231,171,2003,0.0,17328.0,-1.6789619999999998,-1.182557,COG,USA,72
20029257,47,231,171,2006,0.0,3980.0,-1.9903240000000002,-1.189925,COG,USA,72
20029258,48,231,171,2011,0.0,19764.0,0.053038,-0.521486,COK,USA,72
20029259,48,231,171,2005,22380.0,0.0,0.039373000000000005,-0.649169,COK,USA,72
20029260,48,231,171,2008,0.0,11054.0,0.49011400000000005,-0.550991,COK,USA,72
20029261,48,231,171,2009,0.0,8118.0,0.291299,-0.477813,COK,USA,72
20029262,49,231,171,1995,18637064.0,25204372.0,0.094335,0.13047999999999998,COL,USA,72
20029263,49,231,171,1996,10634958.0,21794539.0,0.136487,0.078743,COL,USA,72
20029264,49,231,171,1999,14141952.0,9969365.0,0.190667,0.136271,COL,USA,72
20029265,49,231,171,2000,21742988.0,8149593.0,0.299592,0.320885,COL,USA,72
20029266,49,231,171,2005,55273017.0,49844699.0,0.077191,0.47193500000000005,COL,USA,72
20029267,49,231,171,2007,145371481.0,80307640.0,0.118341,0.557699,COL,USA,72
20029268,49,231,171,2008,76854790.0,184094591.0,0.19505699999999998,0.566189,COL,USA,72
20029269,49,231,171,2009,60637263.0,35184676.0,0.263416,0.38947,COL,USA,72
20029270,49,231,171,2010,110938920.0,69090902.0,0.097222,-0.064328,COL,USA,72
20029271,49,231,171,2011,65219746.0,85595859.0,0.14336600000000002,-0.22996,COL,USA,72
20029272,49,231,171,2012,76968344.0,92041755.0,0.15523699999999999,-0.30749099999999996,COL,USA,72
20029273,49,231,171,2013,47205848.0,75144904.0,0.121799,-0.388239,COL,USA,72
20029274,49,231,171,2014,121265996.0,41977213.0,0.19864500000000002,-0.378364,COL,USA,72
20029275,49,231,171,2015,33446901.0,36516919.0,0.156383,-0.183055,COL,USA,72
20029276,49,231,171,2016,26384627.0,14379408.0,0.10205700000000001,-0.155574,COL,USA,72
20029277,49,231,171,2019,7398767.0,43743857.0,0.099936,-0.15568800000000002,COL,USA,72
20029278,49,231,171,1997,12373220.0,16260926.0,0.190632,0.068001,COL,USA,72
20029279,49,231,171,1998,15696419.0,12614665.0,0.205004,0.13985899999999998,COL,USA,72
20029280,49,231,171,2001,12610189.0,8634607.0,0.30412,0.395913,COL,USA,72
20029281,49,231,171,2002,19637633.0,8936834.0,0.345094,0.37787800000000005,COL,USA,72
20029282,49,231,171,2003,28494696.0,20202268.0,0.218336,0.376869,COL,USA,72
20029283,49,231,171,2004,50172588.0,21432985.0,0.033128,0.47524799999999995,COL,USA,72
20029284,49,231,171,2006,84694889.0,64864507.0,0.129887,0.44371700000000003,COL,USA,72
20029285,49,231,171,2017,35583082.0,21678455.0,0.208096,-0.17644300000000002,COL,USA,72
20029286,49,231,171,2018,28343086.0,21851789.0,0.20431,-0.15273699999999998,COL,USA,72
20029287,49,231,171,2020,1412990.0,8624173.0,0.115954,0.104558,COL,USA,72
20029288,51,231,171,2017,0.0,7057.0,-0.11722300000000001,-0.677707,CPV,USA,72
20029289,51,231,171,2009,891.0,2598.0,0.32592600000000005,-0.531697,CPV,USA,72
20029290,51,231,171,2010,0.0,5771.0,0.140658,-0.527468,CPV,USA,72
20029291,51,231,171,2016,0.0,2921.0,0.264883,-0.580199,CPV,USA,72
20029292,51,231,171,2011,0.0,3540.0,0.006139,-0.610237,CPV,USA,72
20029293,51,231,171,2015,0.0,6982.0,-0.263621,-0.772158,CPV,USA,72
20029294,51,231,171,1998,0.0,81494.0,0.61526,-0.455517,CPV,USA,72
20029295,51,231,171,2000,0.0,14162.0,0.434429,-0.218505,CPV,USA,72
20029296,52,231,171,1999,1004913.0,10292297.0,-0.310033,-0.299529,CRI,USA,72
20029297,52,231,171,2000,2500529.0,6828668.0,-0.095295,-0.189881,CRI,USA,72
20029298,52,231,171,2001,1961453.0,7809091.0,0.069458,-0.042793,CRI,USA,72
20029299,52,231,171,1995,57280.0,6967439.0,-0.30094699999999996,-0.046285,CRI,USA,72
20029300,52,231,171,1996,183871.0,10290506.0,-0.34219499999999997,0.12221900000000001,CRI,USA,72
20029301,52,231,171,1997,719275.0,9974978.0,-0.25974200000000003,0.196955,CRI,USA,72
20029302,52,231,171,1998,651873.0,13036926.0,-0.26046199999999997,-0.059391,CRI,USA,72
20029303,52,231,171,2008,4492307.0,44319393.0,0.023962,-0.346029,CRI,USA,72
20029304,52,231,171,2009,1575668.0,20788936.0,-0.142465,-0.669277,CRI,USA,72
20029305,52,231,171,2010,2460369.0,21806985.0,-0.122722,-0.7062069999999999,CRI,USA,72
20029306,52,231,171,2011,2349914.0,42985377.0,0.04325,-0.553193,CRI,USA,72
20029307,52,231,171,2012,3239196.0,64364523.0,0.176669,-0.649094,CRI,USA,72
20029308,52,231,171,2013,3841456.0,65055422.0,0.067379,-0.688217,CRI,USA,72
20029309,52,231,171,2014,4399585.0,33954414.0,0.065938,-0.687971,CRI,USA,72
20029310,52,231,171,2015,3863863.0,29706783.0,0.24859699999999998,-0.033143,CRI,USA,72
20029311,52,231,171,2016,7285329.0,26978419.0,0.204591,-0.18279600000000001,CRI,USA,72
20029312,52,231,171,2017,32922616.0,32739280.0,0.288642,-0.056219000000000005,CRI,USA,72
20029313,52,231,171,2018,14553756.0,28794263.0,0.19386,0.05811,CRI,USA,72
20029314,52,231,171,2019,10058767.0,32656284.0,0.38045,0.08960900000000001,CRI,USA,72
20029315,52,231,171,2020,12218529.0,29020231.0,0.303849,-0.114494,CRI,USA,72
20029316,52,231,171,2002,3783732.0,5554721.0,0.03619,-0.187718,CRI,USA,72
20029317,52,231,171,2003,2374647.0,10202250.0,-0.193904,-0.5049680000000001,CRI,USA,72
20029318,52,231,171,2004,3622761.0,12513577.0,-0.043266000000000006,-0.376239,CRI,USA,72
20029319,52,231,171,2005,4652011.0,16512303.0,-0.06424099999999999,-0.370622,CRI,USA,72
20029320,52,231,171,2006,4245667.0,11661484.0,0.042663,-0.376672,CRI,USA,72
20029321,52,231,171,2007,4427342.0,16995002.0,0.001895,-0.30248600000000003,CRI,USA,72
20029322,54,231,171,2019,0.0,54000.0,-0.880892,-1.141591,CUB,USA,72
20029323,54,231,171,2006,0.0,6368.0,0.204039,-0.5183260000000001,CUB,USA,72
20029324,55,231,171,2011,0.0,226722.0,-0.052038,-0.69103,CUW,USA,72
20029325,55,231,171,2012,0.0,888135.0,0.233821,-0.6050260000000001,CUW,USA,72
20029326,55,231,171,2013,489419.0,1134990.0,0.029981999999999998,-0.673439,CUW,USA,72
20029327,55,231,171,2014,195589.0,416235.0,-0.00902,-0.683643,CUW,USA,72
20029328,55,231,171,2020,53035.0,347916.0,0.543866,0.190664,CUW,USA,72
20029329,55,231,171,2015,42901.0,591161.0,0.296267,-0.6313350000000001,CUW,USA,72
20029330,55,231,171,2016,7028.0,373620.0,0.232855,-0.7864260000000001,CUW,USA,72
20029331,55,231,171,2017,177268.0,140171.0,0.161139,-0.591701,CUW,USA,72
20029332,55,231,171,2018,24102.0,511432.0,0.8093,-0.325347,CUW,USA,72
20029333,55,231,171,2019,17680.0,229574.0,0.808621,-0.225196,CUW,USA,72
20029334,56,231,171,2004,0.0,9574.0,0.590055,-0.721742,CXR,USA,72
20029335,56,231,171,2007,0.0,6334.0,1.550877,-0.177793,CXR,USA,72
20029336,56,231,171,2008,0.0,5607.0,1.184962,-0.607034,CXR,USA,72
20029337,56,231,171,2010,0.0,207155.0,1.1423379999999999,-0.560075,CXR,USA,72
20029338,56,231,171,2011,527045.0,35000.0,1.020805,-0.485573,CXR,USA,72
20029339,56,231,171,2018,0.0,11025.0,0.449025,-0.7264149999999999,CXR,USA,72
20029340,56,231,171,2019,0.0,105768.0,1.097952,-0.513787,CXR,USA,72
20029341,57,231,171,2018,406146.0,3420952.0,-0.194933,-0.930874,CYM,USA,72
20029342,57,231,171,2019,730148.0,2298448.0,0.27157800000000004,-0.901875,CYM,USA,72
20029343,57,231,171,2013,462120.0,2312404.0,0.391996,-0.73249,CYM,USA,72
20029344,57,231,171,2007,2155240.0,16840120.0,0.532926,-0.54101,CYM,USA,72
20029345,57,231,171,2010,618816.0,2081702.0,1.2142959999999998,-0.6487430000000001,CYM,USA,72
20029346,57,231,171,2011,2084151.0,4446705.0,0.665662,-0.678581,CYM,USA,72
20029347,57,231,171,2012,1588723.0,1931199.0,1.172677,-0.616959,CYM,USA,72
20029348,57,231,171,2014,1883780.0,4635815.0,1.199562,-0.66969,CYM,USA,72
20029349,57,231,171,2015,125378.0,3814892.0,0.275472,-0.831835,CYM,USA,72
20029350,57,231,171,2016,6364.0,3203652.0,1.045587,-0.779983,CYM,USA,72
20029351,57,231,171,2017,358915.0,3332635.0,1.105397,-0.794764,CYM,USA,72
20029352,57,231,171,2020,374785.0,4306828.0,-0.007386,-0.878251,CYM,USA,72
20029353,57,231,171,2009,36772.0,7139562.0,0.805117,-0.684305,CYM,USA,72
20029354,57,231,171,2001,2418.0,1963640.0,0.611577,-0.6532939999999999,CYM,USA,72
20029355,57,231,171,2002,0.0,4016518.0,0.7098220000000001,-0.633359,CYM,USA,72
20029356,57,231,171,2003,0.0,8026047.0,0.308768,-0.690944,CYM,USA,72
20029357,57,231,171,2004,1797756.0,10730017.0,0.349925,-0.794084,CYM,USA,72
20029358,57,231,171,2005,2070601.0,14762054.0,0.363006,-0.734404,CYM,USA,72
20029359,57,231,171,2006,1372682.0,13634062.0,0.7708189999999999,-0.648112,CYM,USA,72
20029360,57,231,171,2008,0.0,17426328.0,0.862348,-0.708601,CYM,USA,72
20029361,57,231,171,1995,0.0,1338934.0,1.277032,0.064205,CYM,USA,72
20029362,57,231,171,1996,527602.0,1437537.0,0.532622,-0.428501,CYM,USA,72
20029363,57,231,171,1997,0.0,1701296.0,0.504191,-0.512525,CYM,USA,72
20029364,57,231,171,1999,0.0,1475536.0,0.909416,-0.6302800000000001,CYM,USA,72
20029365,57,231,171,2000,0.0,1336037.0,0.763021,-0.7265199999999999,CYM,USA,72
20029366,57,231,171,1998,1304540.0,1343504.0,0.924544,-0.39263899999999996,CYM,USA,72
20029367,58,231,171,2014,60208.0,1402400.0,0.627467,0.483725,CYP,USA,72
20029368,58,231,171,2018,153623.0,196503.0,0.45442,-0.113303,CYP,USA,72
20029369,58,231,171,2019,166727.0,39534.0,0.657782,0.209481,CYP,USA,72
20029370,58,231,171,1997,0.0,37036.0,0.451212,0.452754,CYP,USA,72
20029371,58,231,171,2005,87389.0,2400.0,0.573122,0.474224,CYP,USA,72
20029372,58,231,171,2017,172634.0,47676.0,0.576982,0.279989,CYP,USA,72
20029373,58,231,171,2006,488126.0,109925.0,0.708267,-0.048096,CYP,USA,72
20029374,58,231,171,2007,51890.0,20851.0,0.887351,0.426331,CYP,USA,72
20029375,58,231,171,2008,32762.0,144467.0,1.003211,0.712629,CYP,USA,72
20029376,58,231,171,2009,0.0,225572.0,0.934193,0.657555,CYP,USA,72
20029377,58,231,171,2011,0.0,403464.0,0.798165,0.424179,CYP,USA,72
20029378,58,231,171,2012,0.0,445269.0,0.691646,0.11984600000000001,CYP,USA,72
20029379,58,231,171,2000,0.0,89700.0,0.235843,0.16877,CYP,USA,72
20029380,58,231,171,2016,0.0,13642.0,0.40822800000000004,0.07535,CYP,USA,72
20029381,58,231,171,2020,0.0,169085.0,0.5354760000000001,-0.069753,CYP,USA,72
20029382,58,231,171,2015,77794.0,5019.0,0.511225,-0.207261,CYP,USA,72
20029383,58,231,171,2010,0.0,888454.0,0.8776450000000001,0.568389,CYP,USA,72
20029384,58,231,171,2013,14955.0,255417.0,0.502238,0.349608,CYP,USA,72
20029385,58,231,171,2003,4438.0,115692.0,0.259992,0.068914,CYP,USA,72
20029386,58,231,171,2004,0.0,7585.0,0.533521,0.615939,CYP,USA,72
20029387,58,231,171,2002,0.0,124231.0,0.381391,0.40265,CYP,USA,72
20029388,58,231,171,1996,0.0,48641.0,0.20007,0.020590999999999998,CYP,USA,72
20029389,58,231,171,1995,263915.0,32231.0,0.263764,0.030358999999999997,CYP,USA,72
20029390,58,231,171,1998,1780448.0,101960.0,0.45990600000000004,0.41840299999999997,CYP,USA,72
20029391,58,231,171,1999,0.0,97954.0,0.508464,0.324706,CYP,USA,72
20029392,58,231,171,2001,0.0,51884.0,0.381251,0.257802,CYP,USA,72
20029393,59,231,171,2000,27752529.0,2032156.0,1.393001,1.23271,CZE,USA,72
20029394,59,231,171,2013,78193861.0,3948514.0,1.819653,-0.12423800000000002,CZE,USA,72
20029395,59,231,171,2007,65085218.0,9705874.0,1.620377,0.379404,CZE,USA,72
20029396,59,231,171,2019,70558964.0,3565722.0,1.797611,0.406708,CZE,USA,72
20029397,59,231,171,2014,84555055.0,4302188.0,1.8105830000000003,0.131131,CZE,USA,72
20029398,59,231,171,2015,54309232.0,4177608.0,1.743012,0.45424,CZE,USA,72
20029399,59,231,171,2012,124369030.0,5840502.0,1.747369,-0.0932,CZE,USA,72
20029400,59,231,171,2006,116732484.0,5927965.0,1.564058,0.6023649999999999,CZE,USA,72
20029401,59,231,171,2011,59775504.0,9396061.0,1.737788,0.14741600000000002,CZE,USA,72
20029402,59,231,171,2001,37284299.0,1740944.0,1.485703,1.109305,CZE,USA,72
20029403,59,231,171,2004,77729935.0,1582622.0,1.562625,0.865244,CZE,USA,72
20029404,59,231,171,2016,34346586.0,3286543.0,1.823627,0.552354,CZE,USA,72
20029405,59,231,171,1998,31619106.0,657367.0,1.36345,1.408508,CZE,USA,72
20029406,59,231,171,1999,13945660.0,580348.0,1.412439,1.329385,CZE,USA,72
20029407,59,231,171,2002,77686606.0,988693.0,1.550713,1.037066,CZE,USA,72
20029408,59,231,171,2003,47511874.0,1177965.0,1.555749,0.8662059999999999,CZE,USA,72
20029409,59,231,171,2009,17542177.0,5375256.0,1.6323159999999999,0.47257200000000005,CZE,USA,72
20029410,59,231,171,2010,21969953.0,7563762.0,1.732044,0.333934,CZE,USA,72
20029411,59,231,171,2005,108462073.0,2163630.0,1.56768,0.6784319999999999,CZE,USA,72
20029412,59,231,171,2018,77741949.0,9301664.0,1.841016,0.220806,CZE,USA,72
20029413,59,231,171,1997,34885507.0,453114.0,1.40651,1.354695,CZE,USA,72
20029414,59,231,171,2017,45600058.0,6509992.0,1.7715130000000001,0.359668,CZE,USA,72
20029415,59,231,171,2020,24388378.0,2852687.0,1.716646,0.602441,CZE,USA,72
20029416,59,231,171,2008,45100936.0,9367558.0,1.592035,0.27983600000000003,CZE,USA,72
20029417,59,231,171,1995,29708051.0,369644.0,1.375091,1.628069,CZE,USA,72
20029418,59,231,171,1996,32273868.0,281448.0,1.401181,1.3094709999999998,CZE,USA,72
20029419,61,231,171,1995,857468683.0,88665642.0,2.325385,-2.2238189999999998,DEU,USA,72
20029420,61,231,171,1997,921282833.0,58848741.0,2.293936,-2.2301919999999997,DEU,USA,72
20029421,61,231,171,1998,776365580.0,60880243.0,2.334028,-2.417278,DEU,USA,72
20029422,61,231,171,1999,728665946.0,60955788.0,2.334811,-2.060502,DEU,USA,72
20029423,61,231,171,2001,639327117.0,101021140.0,2.321375,-2.1110990000000003,DEU,USA,72
20029424,61,231,171,2002,557643564.0,71455138.0,2.297691,-2.183239,DEU,USA,72
20029425,61,231,171,2004,948109886.0,111189661.0,2.266076,-2.011139,DEU,USA,72
20029426,61,231,171,2008,1047990656.0,259202682.0,2.007167,-3.256961,DEU,USA,72
20029427,61,231,171,2009,474393627.0,131902074.0,2.056515,-3.034837,DEU,USA,72
20029428,61,231,171,2015,1121209874.0,179008540.0,2.203818,-2.307561,DEU,USA,72
20029429,61,231,171,2018,1206628074.0,191413142.0,2.109059,-2.428826,DEU,USA,72
20029430,61,231,171,2019,775453227.0,141339158.0,2.078626,-2.124816,DEU,USA,72
20029431,61,231,171,2007,1002529647.0,260332634.0,2.114566,-2.934732,DEU,USA,72
20029432,61,231,171,2013,993214467.0,194361895.0,2.093658,-3.4281980000000005,DEU,USA,72
20029433,61,231,171,2014,1134890296.0,213591076.0,2.052849,-2.888805,DEU,USA,72
20029434,61,231,171,1996,1041937449.0,53153069.0,2.279976,-2.572299,DEU,USA,72
20029435,61,231,171,2000,803396700.0,110093233.0,2.316177,-2.4478419999999996,DEU,USA,72
20029436,61,231,171,2003,637594107.0,95219626.0,2.2821919999999998,-2.0985150000000004,DEU,USA,72
20029437,61,231,171,2005,997431393.0,183542121.0,2.172479,-2.446472,DEU,USA,72
20029438,61,231,171,2006,1013874423.0,171362045.0,2.132566,-2.773669,DEU,USA,72
20029439,61,231,171,2010,967462269.0,230394106.0,2.035672,-3.383322,DEU,USA,72
20029440,61,231,171,2011,1148853693.0,269049230.0,2.074435,-3.440815,DEU,USA,72
20029441,61,231,171,2012,1173310981.0,212509230.0,1.966247,-3.3238410000000003,DEU,USA,72
20029442,61,231,171,2016,957177255.0,149454875.0,2.203093,-2.24919,DEU,USA,72
20029443,61,231,171,2017,1179565551.0,166377487.0,2.1149459999999998,-2.525372,DEU,USA,72
20029444,61,231,171,2020,658818132.0,95366622.0,2.027494,-2.3646689999999997,DEU,USA,72
20029445,62,231,171,2012,0.0,9000.0,-0.31072,-0.7274470000000001,DJI,USA,72
20029446,62,231,171,2013,0.0,192851.0,-0.412843,-0.695916,DJI,USA,72
20029447,62,231,171,2014,0.0,96322.0,-0.394602,-0.74178,DJI,USA,72
20029448,62,231,171,2015,0.0,7310.0,-0.538942,-0.832522,DJI,USA,72
20029449,62,231,171,2019,0.0,72954.0,-0.602334,-0.794205,DJI,USA,72
20029450,62,231,171,2016,0.0,32254.0,-0.032607,-0.549622,DJI,USA,72
20029451,62,231,171,2009,0.0,1316079.0,0.062037,-0.596527,DJI,USA,72
20029452,62,231,171,2007,0.0,216658.0,-1.111848,-0.983348,DJI,USA,72
20029453,62,231,171,2008,0.0,3600.0,-1.082951,-0.958676,DJI,USA,72
20029454,62,231,171,2020,0.0,34229.0,-0.493576,-0.808321,DJI,USA,72
20029455,62,231,171,2010,0.0,78641.0,-0.37501799999999996,-0.727603,DJI,USA,72
20029456,63,231,171,2004,0.0,145063.0,0.322803,-0.000479,DMA,USA,72
20029457,63,231,171,2016,0.0,163781.0,0.162751,-0.307303,DMA,USA,72
20029458,63,231,171,2007,0.0,737263.0,0.522624,0.077377,DMA,USA,72
20029459,63,231,171,2006,0.0,149546.0,0.10759400000000001,-0.159215,DMA,USA,72
20029460,63,231,171,2008,0.0,4345462.0,0.424179,0.04355,DMA,USA,72
20029461,63,231,171,2009,0.0,531954.0,0.348966,-0.09711399999999999,DMA,USA,72
20029462,63,231,171,2010,0.0,725418.0,0.35578699999999996,0.13029200000000002,DMA,USA,72
20029463,63,231,171,2012,0.0,1080859.0,0.372616,0.163026,DMA,USA,72
20029464,63,231,171,2005,0.0,159137.0,0.146509,-0.072638,DMA,USA,72
20029465,63,231,171,2003,0.0,84080.0,0.11903299999999999,-0.21768200000000001,DMA,USA,72
20029466,63,231,171,2000,0.0,23502.0,0.780976,0.31806799999999996,DMA,USA,72
20029467,63,231,171,1997,0.0,32116.0,0.795112,0.438787,DMA,USA,72
20029468,63,231,171,1999,7691.0,73007.0,0.808025,0.321415,DMA,USA,72
20029469,63,231,171,1995,1693.0,93578.0,0.803902,0.307064,DMA,USA,72
20029470,63,231,171,1996,0.0,118227.0,0.44934399999999997,-0.023771,DMA,USA,72
20029471,63,231,171,2019,31470.0,104133.0,0.131177,-0.313508,DMA,USA,72
20029472,63,231,171,2013,0.0,172143.0,0.054362,-0.156703,DMA,USA,72
20029473,63,231,171,2014,0.0,19939.0,0.294596,-0.310069,DMA,USA,72
20029474,63,231,171,2017,0.0,36802.0,0.283171,-0.22632800000000003,DMA,USA,72
20029475,63,231,171,2001,0.0,139883.0,0.613251,0.226998,DMA,USA,72
20029476,63,231,171,2015,0.0,49931.0,0.0735,-0.44923599999999997,DMA,USA,72
20029477,63,231,171,2020,0.0,237731.0,0.583288,0.012664,DMA,USA,72
20029478,63,231,171,2018,0.0,260075.0,0.381788,0.039853,DMA,USA,72
20029479,63,231,171,2002,11285.0,65569.0,0.196298,-0.129221,DMA,USA,72
20029480,63,231,171,1998,0.0,2881.0,0.822664,0.166578,DMA,USA,72
20029481,63,231,171,2011,0.0,57541.0,-0.25559699999999996,-0.5345300000000001,DMA,USA,72
20029482,64,231,171,1995,1761430.0,658548.0,1.3800270000000001,1.489036,DNK,USA,72
20029483,64,231,171,1998,3291570.0,1316669.0,1.225999,1.470145,DNK,USA,72
20029484,64,231,171,2009,7587895.0,2725017.0,1.242327,1.064709,DNK,USA,72
20029485,64,231,171,2010,6546429.0,6005308.0,1.082468,1.280759,DNK,USA,72
20029486,64,231,171,2011,16620961.0,5359729.0,1.156026,1.2248299999999999,DNK,USA,72
20029487,64,231,171,2012,10517062.0,11831988.0,1.105061,1.245377,DNK,USA,72
20029488,64,231,171,2004,29026252.0,1456006.0,1.328968,1.262743,DNK,USA,72
20029489,64,231,171,2019,10505269.0,6802651.0,1.0768280000000001,1.2615610000000002,DNK,USA,72
20029490,64,231,171,1996,4992763.0,729040.0,1.443514,1.275684,DNK,USA,72
20029491,64,231,171,1997,3254257.0,1230698.0,1.358279,1.420107,DNK,USA,72
20029492,64,231,171,1999,2610441.0,4672965.0,1.264405,1.469627,DNK,USA,72
20029493,64,231,171,2000,6455819.0,4723161.0,1.230078,1.429499,DNK,USA,72
20029494,64,231,171,2001,9399879.0,2772450.0,1.261883,1.351875,DNK,USA,72
20029495,64,231,171,2002,11582985.0,2233797.0,1.26594,1.225186,DNK,USA,72
20029496,64,231,171,2003,7146847.0,1634591.0,1.309564,1.245596,DNK,USA,72
20029497,64,231,171,2005,10633943.0,3605794.0,1.210286,1.217256,DNK,USA,72
20029498,64,231,171,2020,4056883.0,5776675.0,1.093217,1.2166549999999998,DNK,USA,72
20029499,64,231,171,2006,26175981.0,3366458.0,1.2308700000000001,1.180914,DNK,USA,72
20029500,64,231,171,2007,1879813.0,3754161.0,1.204019,1.122666,DNK,USA,72
20029501,64,231,171,2008,14695572.0,11831777.0,1.165294,1.1112440000000001,DNK,USA,72
20029502,64,231,171,2013,7137876.0,7479831.0,1.161835,1.1788450000000001,DNK,USA,72
20029503,64,231,171,2014,13803292.0,11317735.0,1.10869,1.245193,DNK,USA,72
20029504,64,231,171,2015,11858451.0,8346024.0,1.157924,1.2045629999999998,DNK,USA,72
20029505,64,231,171,2016,7389163.0,11459893.0,1.117864,1.302658,DNK,USA,72
20029506,64,231,171,2017,15906281.0,6659089.0,1.159753,1.233914,DNK,USA,72
20029507,64,231,171,2018,11359979.0,6574718.0,1.0945040000000001,1.3311540000000002,DNK,USA,72
20029508,65,231,171,1996,62807373.0,9737739.0,-0.596093,-0.5602060000000001,DOM,USA,72
20029509,65,231,171,1997,51081569.0,6253112.0,-0.6062850000000001,-0.648523,DOM,USA,72
20029510,65,231,171,2002,68562325.0,11576858.0,-0.46284899999999995,-0.39210100000000003,DOM,USA,72
20029511,65,231,171,2006,220662744.0,32563492.0,-0.24073699999999998,0.049093,DOM,USA,72
20029512,65,231,171,2007,307802717.0,33666276.0,-0.228756,0.004222,DOM,USA,72
20029513,65,231,171,2008,177379678.0,69536072.0,-0.167958,0.241283,DOM,USA,72
20029514,65,231,171,2013,58936513.0,132753345.0,-0.277269,0.432388,DOM,USA,72
20029515,65,231,171,2014,21797234.0,84156768.0,-0.180845,0.508512,DOM,USA,72
20029516,65,231,171,2015,10670873.0,87174471.0,-0.212808,0.395873,DOM,USA,72
20029517,65,231,171,2016,16377957.0,34930830.0,-0.237382,0.295389,DOM,USA,72
20029518,65,231,171,2017,69547299.0,29619023.0,-0.168016,0.30840100000000004,DOM,USA,72
20029519,65,231,171,2018,128372259.0,48250986.0,-0.084258,0.474872,DOM,USA,72
20029520,65,231,171,2019,69599399.0,39774998.0,-0.20594,0.309785,DOM,USA,72
20029521,65,231,171,2020,77548787.0,35739550.0,0.06500299999999999,0.2812,DOM,USA,72
20029522,65,231,171,2004,143090132.0,12232501.0,-0.510025,-0.328257,DOM,USA,72
20029523,65,231,171,2005,128547700.0,15895331.0,-0.370894,-0.140178,DOM,USA,72
20029524,65,231,171,2009,19692420.0,80805477.0,-0.317894,0.198926,DOM,USA,72
20029525,65,231,171,2010,19078157.0,148655189.0,-0.245241,0.368626,DOM,USA,72
20029526,65,231,171,2011,115306577.0,167015290.0,-0.260653,0.5682010000000001,DOM,USA,72
20029527,65,231,171,2012,60832569.0,171327390.0,-0.193432,0.590896,DOM,USA,72
20029528,65,231,171,2003,94952875.0,25182256.0,-0.46264399999999994,-0.245034,DOM,USA,72
20029529,65,231,171,2001,33580645.0,11752557.0,-0.538419,-0.48773900000000003,DOM,USA,72
20029530,65,231,171,2000,80730246.0,9553230.0,-0.544322,-0.651937,DOM,USA,72
20029531,65,231,171,1998,32265653.0,7791740.0,-0.772271,-0.765258,DOM,USA,72
20029532,65,231,171,1999,47189879.0,6413054.0,-0.60436,-0.674701,DOM,USA,72
20029533,65,231,171,1995,59322599.0,9379947.0,-0.635482,-0.746526,DOM,USA,72
20029534,66,231,171,2002,3684274.0,225727.0,-0.912033,-1.1731850000000001,DZA,USA,72
20029535,66,231,171,1996,22944.0,1412768.0,-0.33419699999999997,-1.035736,DZA,USA,72
20029536,66,231,171,1997,0.0,704909.0,-0.717599,-1.126311,DZA,USA,72
20029537,66,231,171,1998,5670.0,132585.0,-0.726061,-1.161031,DZA,USA,72
20029538,66,231,171,1999,0.0,137897.0,-0.701764,-1.175132,DZA,USA,72
20029539,66,231,171,2009,0.0,2073682.0,-1.161786,-1.188669,DZA,USA,72
20029540,66,231,171,2006,0.0,283741.0,-0.489962,-1.12456,DZA,USA,72
20029541,66,231,171,2013,0.0,313008.0,-1.373947,-1.1523459999999999,DZA,USA,72
20029542,66,231,171,2014,0.0,461001.0,-1.5554649999999999,-1.1657030000000002,DZA,USA,72
20029543,66,231,171,2015,0.0,347287.0,-1.54346,-1.255633,DZA,USA,72
20029544,66,231,171,2016,0.0,3706761.0,-1.0202930000000001,-1.236642,DZA,USA,72
20029545,66,231,171,2007,582287.0,1038434.0,-0.9822690000000001,-1.170282,DZA,USA,72
20029546,66,231,171,2017,0.0,2759010.0,-0.9905579999999999,-1.1996200000000001,DZA,USA,72
20029547,66,231,171,2011,0.0,5564009.0,-1.36763,-1.140594,DZA,USA,72
20029548,66,231,171,2012,0.0,1258426.0,-1.349046,-1.1601860000000002,DZA,USA,72
20029549,66,231,171,2008,1522421.0,1620194.0,-0.556434,-1.079109,DZA,USA,72
20029550,66,231,171,2018,0.0,41804920.0,-1.281519,-1.22291,DZA,USA,72
20029551,66,231,171,2019,32007315.0,31930.0,-1.008866,-1.215228,DZA,USA,72
20029552,66,231,171,2010,0.0,449859.0,-1.00922,-1.1511040000000001,DZA,USA,72
20029553,66,231,171,2020,3460305.0,122377.0,-1.015133,-1.243726,DZA,USA,72
20029554,66,231,171,2001,0.0,495463.0,-0.663363,-1.158295,DZA,USA,72
20029555,66,231,171,2003,0.0,110910.0,-1.060727,-1.142594,DZA,USA,72
20029556,66,231,171,2005,1403612.0,637165.0,-0.363675,-1.117724,DZA,USA,72
20029557,66,231,171,2000,332048.0,805238.0,-0.9169209999999999,-1.170192,DZA,USA,72
20029558,66,231,171,2004,532521.0,169709.0,-0.725066,-1.163606,DZA,USA,72
20029559,66,231,171,1995,0.0,2332176.0,-0.555409,-1.037972,DZA,USA,72
20029560,67,231,171,2009,310109.0,53134395.0,-0.92724,-0.965628,ECU,USA,72
20029561,67,231,171,2010,1334133.0,80563448.0,-0.584013,-0.743675,ECU,USA,72
20029562,67,231,171,2011,2093431.0,121019369.0,-0.8250639999999999,-0.839082,ECU,USA,72
20029563,67,231,171,2012,1305654.0,36515419.0,-0.627614,-0.764234,ECU,USA,72
20029564,67,231,171,2013,211233.0,96670130.0,-0.86546,-0.8888389999999999,ECU,USA,72
20029565,67,231,171,2014,1345414.0,61750956.0,-1.066865,-1.052921,ECU,USA,72
20029566,67,231,171,2015,260647.0,27377484.0,-0.9845959999999999,-1.075639,ECU,USA,72
20029567,67,231,171,2016,62930.0,13871337.0,-1.0860049999999999,-1.049065,ECU,USA,72
20029568,67,231,171,2017,975029.0,48788333.0,-0.9995850000000001,-1.086367,ECU,USA,72
20029569,67,231,171,2018,1737649.0,51835438.0,-0.873973,-1.032841,ECU,USA,72
20029570,67,231,171,2019,557213.0,34403524.0,-1.12261,-1.094275,ECU,USA,72
20029571,67,231,171,2020,470603.0,25786261.0,-1.074185,-1.084344,ECU,USA,72
20029572,67,231,171,1999,976880.0,3045783.0,-0.8875299999999999,-0.9117879999999999,ECU,USA,72
20029573,67,231,171,2002,1100990.0,3840308.0,-0.976218,-0.926393,ECU,USA,72
20029574,67,231,171,2006,1161885.0,5259420.0,-0.878583,-0.9462010000000001,ECU,USA,72
20029575,67,231,171,2007,1287831.0,27519683.0,-0.820491,-0.8557879999999999,ECU,USA,72
20029576,67,231,171,1996,292344.0,6203149.0,-1.1391200000000001,-0.992735,ECU,USA,72
20029577,67,231,171,1997,855836.0,7259473.0,-1.1931690000000001,-1.0139690000000001,ECU,USA,72
20029578,67,231,171,1998,371426.0,13239597.0,-0.990915,-0.9670860000000001,ECU,USA,72
20029579,67,231,171,2000,827320.0,2514959.0,-0.883928,-0.884951,ECU,USA,72
20029580,67,231,171,2003,1026437.0,3457243.0,-0.8689370000000001,-0.889767,ECU,USA,72
20029581,67,231,171,2005,1221098.0,8329920.0,-1.029033,-1.014289,ECU,USA,72
20029582,67,231,171,2008,800467.0,116173481.0,-0.859434,-0.972389,ECU,USA,72
20029583,67,231,171,2001,724702.0,4155690.0,-0.852642,-0.896374,ECU,USA,72
20029584,67,231,171,2004,1784707.0,3425263.0,-1.149101,-1.013619,ECU,USA,72
20029585,67,231,171,1995,524813.0,13222893.0,-0.948154,-0.9595790000000001,ECU,USA,72
20029586,68,231,171,2007,27726784.0,148368707.0,-0.144054,0.663592,EGY,USA,72
20029587,68,231,171,2005,124577175.0,51762869.0,-0.247748,0.492885,EGY,USA,72
20029588,68,231,171,2006,398148623.0,99457356.0,-0.182272,0.40222399999999997,EGY,USA,72
20029589,68,231,171,2000,10220983.0,6447490.0,-0.41125900000000004,0.099833,EGY,USA,72
20029590,68,231,171,2002,94167090.0,8109450.0,-0.377127,0.549439,EGY,USA,72
20029591,68,231,171,2008,768348.0,377875987.0,-0.098316,1.134642,EGY,USA,72
20029592,68,231,171,2009,2107903.0,105939560.0,-0.20940300000000003,1.6466290000000001,EGY,USA,72
20029593,68,231,171,2010,1171679.0,266386507.0,-0.181826,1.409465,EGY,USA,72
20029594,68,231,171,2011,1555131.0,348978114.0,-0.166243,1.384719,EGY,USA,72
20029595,68,231,171,2012,2532486.0,192963339.0,-0.143732,1.316722,EGY,USA,72
20029596,68,231,171,2013,1560855.0,300110627.0,-0.17418,1.692641,EGY,USA,72
20029597,68,231,171,2014,11883748.0,318942399.0,-0.086866,1.7419669999999998,EGY,USA,72
20029598,68,231,171,2019,62881991.0,100038085.0,-0.152353,1.5426309999999999,EGY,USA,72
20029599,68,231,171,2020,13809747.0,87217334.0,-0.186095,1.6414330000000001,EGY,USA,72
20029600,68,231,171,2015,1318306.0,55535758.0,-0.183053,1.765036,EGY,USA,72
20029601,68,231,171,2017,86071096.0,117252078.0,-0.073436,1.829121,EGY,USA,72
20029602,68,231,171,2018,79444570.0,257370947.0,-0.096635,1.585658,EGY,USA,72
20029603,68,231,171,2004,266223584.0,14451096.0,-0.300563,0.41834899999999997,EGY,USA,72
20029604,68,231,171,1997,16450190.0,14430550.0,-0.314425,0.156345,EGY,USA,72
20029605,68,231,171,1998,22491467.0,11086863.0,-0.462755,0.079802,EGY,USA,72
20029606,68,231,171,1999,10231745.0,8164318.0,-0.311879,0.300746,EGY,USA,72
20029607,68,231,171,2001,20645941.0,5296305.0,-0.373576,0.366385,EGY,USA,72
20029608,68,231,171,1996,16306492.0,9976634.0,-0.5446409999999999,-0.229586,EGY,USA,72
20029609,68,231,171,2016,8896842.0,30235834.0,-0.142377,1.674348,EGY,USA,72
20029610,68,231,171,2003,78925042.0,5603430.0,-0.292923,0.465433,EGY,USA,72
20029611,68,231,171,1995,23889077.0,12569912.0,-0.340042,-0.085601,EGY,USA,72
20029612,69,231,171,2016,0.0,29311.0,-1.479782,-1.060063,ERI,USA,72
20029613,69,231,171,2017,0.0,14670.0,-1.4706139999999999,-1.024845,ERI,USA,72
20029614,69,231,171,2018,0.0,15692.0,-1.601517,-1.062162,ERI,USA,72
20029615,69,231,171,1996,0.0,14382.0,-0.31049499999999997,-0.656459,ERI,USA,72
20029616,69,231,171,2001,0.0,128040.0,0.617376,-0.33233,ERI,USA,72
20029617,69,231,171,1998,0.0,10458.0,0.05984400000000001,-0.508051,ERI,USA,72
20029618,71,231,171,1997,348094939.0,56262392.0,1.082049,2.0238650000000002,ESP,USA,72
20029619,71,231,171,2004,263261872.0,45080413.0,0.9784649999999999,2.051216,ESP,USA,72
20029620,71,231,171,2010,127244031.0,87565060.0,0.832619,2.448009,ESP,USA,72
20029621,71,231,171,2012,155744082.0,77453342.0,0.8528309999999999,2.462809,ESP,USA,72
20029622,71,231,171,2013,135864478.0,59986729.0,0.861698,2.353993,ESP,USA,72
20029623,71,231,171,2014,226448494.0,67006459.0,0.842147,2.45692,ESP,USA,72
20029624,71,231,171,2015,191572714.0,75433468.0,0.8173590000000001,2.442556,ESP,USA,72
20029625,71,231,171,1999,258146455.0,28129961.0,1.0849209999999998,1.9351180000000001,ESP,USA,72
20029626,71,231,171,2000,320446502.0,26217302.0,1.098989,1.911029,ESP,USA,72
20029627,71,231,171,2011,173106773.0,138103564.0,0.8677290000000001,2.4618450000000003,ESP,USA,72
20029628,71,231,171,2016,152794175.0,17113906.0,0.765428,2.57725,ESP,USA,72
20029629,71,231,171,2017,224650006.0,75729585.0,0.734342,2.8180099999999997,ESP,USA,72
20029630,71,231,171,2018,246484143.0,54264057.0,0.744825,2.919005,ESP,USA,72
20029631,71,231,171,2019,164921059.0,51742317.0,0.678454,3.007838,ESP,USA,72
20029632,71,231,171,2020,116362145.0,42698870.0,0.736657,2.731661,ESP,USA,72
20029633,71,231,171,2008,148651193.0,194447577.0,0.8755649999999999,2.122164,ESP,USA,72
20029634,71,231,171,2001,240315176.0,9027481.0,1.079664,1.9842220000000002,ESP,USA,72
20029635,71,231,171,2002,157070911.0,42171047.0,1.012246,2.049594,ESP,USA,72
20029636,71,231,171,2009,64110038.0,59202841.0,0.9021020000000001,2.170578,ESP,USA,72
20029637,71,231,171,1995,258886659.0,220466042.0,1.144247,1.933844,ESP,USA,72
20029638,71,231,171,1996,270152228.0,81105507.0,1.105317,1.9473,ESP,USA,72
20029639,71,231,171,1998,282795024.0,56178095.0,1.051392,1.983438,ESP,USA,72
20029640,71,231,171,2003,137859397.0,91176180.0,0.960684,2.074792,ESP,USA,72
20029641,71,231,171,2005,235663570.0,59670498.0,0.9318489999999999,1.999698,ESP,USA,72
20029642,71,231,171,2007,115390916.0,294430189.0,0.914681,2.027797,ESP,USA,72
20029643,71,231,171,2006,234283077.0,73415767.0,0.9091370000000001,2.068166,ESP,USA,72
20029644,72,231,171,2013,24300.0,269291.0,0.8828940000000001,1.386574,EST,USA,72
20029645,72,231,171,2014,637115.0,453119.0,0.9147780000000001,1.151556,EST,USA,72
20029646,72,231,171,2015,912791.0,342009.0,0.9281149999999999,1.1780389999999998,EST,USA,72
20029647,72,231,171,2016,917537.0,175066.0,1.000418,1.154152,EST,USA,72
20029648,72,231,171,1999,1482769.0,96871.0,0.502979,0.8847440000000001,EST,USA,72
20029649,72,231,171,2004,33685437.0,13396350.0,0.6101840000000001,0.9520370000000001,EST,USA,72
20029650,72,231,171,1997,7965252.0,21855.0,0.460823,0.9126700000000001,EST,USA,72
20029651,72,231,171,1996,4143467.0,10239.0,0.53397,1.0877940000000001,EST,USA,72
20029652,72,231,171,2011,603396.0,655875.0,0.9806790000000001,1.110449,EST,USA,72
20029653,72,231,171,2012,532985.0,422192.0,0.8594450000000001,1.299628,EST,USA,72
20029654,72,231,171,2019,794038.0,577689.0,0.962284,1.346195,EST,USA,72
20029655,72,231,171,1995,4562160.0,34352.0,0.530041,1.134288,EST,USA,72
20029656,72,231,171,1998,10322178.0,892467.0,0.53408,1.07691,EST,USA,72
20029657,72,231,171,2017,2039574.0,248293.0,1.010985,1.289633,EST,USA,72
20029658,72,231,171,2018,305496.0,623336.0,0.979986,1.2365899999999999,EST,USA,72
20029659,72,231,171,2008,495529.0,7312118.0,0.749696,1.5173940000000001,EST,USA,72
20029660,72,231,171,2006,5559316.0,821588.0,0.6426350000000001,0.925003,EST,USA,72
20029661,72,231,171,2007,389565.0,11006487.0,0.746434,1.306397,EST,USA,72
20029662,72,231,171,2010,762582.0,562099.0,0.832316,1.1844649999999999,EST,USA,72
20029663,72,231,171,2009,250116.0,672923.0,0.749058,1.269572,EST,USA,72
20029664,72,231,171,2020,1586872.0,568776.0,1.012385,1.305015,EST,USA,72
20029665,72,231,171,2002,614495.0,138643.0,0.54511,0.9135979999999999,EST,USA,72
20029666,72,231,171,2001,497266.0,124832.0,0.5746829999999999,0.9073899999999999,EST,USA,72
20029667,72,231,171,2003,8146110.0,31098700.0,0.5913010000000001,0.8489979999999999,EST,USA,72
20029668,72,231,171,2005,6761454.0,21904998.0,0.6351600000000001,1.039403,EST,USA,72
20029669,72,231,171,2000,769883.0,0.0,0.358559,0.583236,EST,USA,72
20029670,73,231,171,1999,0.0,10365.0,-1.18759,-1.111391,ETH,USA,72
20029671,73,231,171,2005,12109.0,1100110.0,-1.287495,-1.0195940000000001,ETH,USA,72
20029672,73,231,171,2018,0.0,46584.0,-0.874857,-0.464958,ETH,USA,72
20029673,73,231,171,2010,0.0,69441.0,-1.122906,-0.840777,ETH,USA,72
20029674,73,231,171,2011,0.0,34832.0,-1.258175,-0.920692,ETH,USA,72
20029675,73,231,171,2012,0.0,129299.0,-1.134031,-0.991977,ETH,USA,72
20029676,73,231,171,2019,0.0,45311.0,-1.073631,-0.617885,ETH,USA,72
20029677,73,231,171,2007,0.0,36989.0,-1.115917,-0.821652,ETH,USA,72
20029678,73,231,171,2008,0.0,825148.0,-1.0084629999999999,-0.83993,ETH,USA,72
20029679,73,231,171,2009,2468.0,139032.0,-0.967483,-0.8219,ETH,USA,72
20029680,73,231,171,2013,0.0,1602775.0,-1.264002,-0.9594219999999999,ETH,USA,72
20029681,73,231,171,2016,4413.0,18578.0,-1.006161,-0.756472,ETH,USA,72
20029682,73,231,171,2017,0.0,51914.0,-1.007413,-0.638231,ETH,USA,72
20029683,73,231,171,1997,0.0,642657.0,-1.239473,-1.159345,ETH,USA,72
20029684,73,231,171,2014,0.0,93450.0,-1.296535,-1.045942,ETH,USA,72
20029685,73,231,171,2015,0.0,47949.0,-1.004896,-0.721019,ETH,USA,72
20029686,73,231,171,2020,0.0,3816.0,-0.952033,-0.707262,ETH,USA,72
20029687,73,231,171,2004,0.0,354605.0,-1.156284,-0.900874,ETH,USA,72
20029688,73,231,171,2006,0.0,178053.0,-0.9557180000000001,-0.9153479999999999,ETH,USA,72
20029689,73,231,171,2000,0.0,110111.0,-1.190677,-1.063662,ETH,USA,72
20029690,73,231,171,2001,0.0,8608.0,-0.999149,-0.904072,ETH,USA,72
20029691,73,231,171,1998,0.0,20978.0,-1.279819,-1.158182,ETH,USA,72
20029692,73,231,171,1995,0.0,1338.0,-1.3387120000000001,-1.123621,ETH,USA,72
20029693,73,231,171,2003,0.0,472877.0,-1.1145559999999999,-0.9599620000000001,ETH,USA,72
20029694,73,231,171,1996,0.0,105051.0,-1.265383,-1.131925,ETH,USA,72
20029695,74,231,171,2011,47000616.0,141829657.0,1.7488830000000002,0.890934,FIN,USA,72
20029696,74,231,171,2012,71715610.0,50277781.0,1.58219,0.939001,FIN,USA,72
20029697,74,231,171,2005,79055078.0,105225577.0,1.8661240000000001,0.932386,FIN,USA,72
20029698,74,231,171,1995,67132427.0,4726394.0,2.0085740000000003,1.126816,FIN,USA,72
20029699,74,231,171,1996,101047532.0,3563984.0,2.0584729999999998,1.006908,FIN,USA,72
20029700,74,231,171,1997,53826211.0,2996823.0,1.9298959999999998,1.083861,FIN,USA,72
20029701,74,231,171,1998,65099095.0,2712684.0,2.003987,0.995725,FIN,USA,72
20029702,74,231,171,1999,73092159.0,1874811.0,2.095642,0.966282,FIN,USA,72
20029703,74,231,171,2000,52965974.0,1778902.0,2.0621419999999997,0.9090360000000001,FIN,USA,72
20029704,74,231,171,2001,35886676.0,2812808.0,2.069141,0.9375180000000001,FIN,USA,72
20029705,74,231,171,2006,84854038.0,74191752.0,1.864038,0.8193940000000001,FIN,USA,72
20029706,74,231,171,2010,77956880.0,112691043.0,1.745464,0.897992,FIN,USA,72
20029707,74,231,171,2014,167157495.0,17870108.0,1.626355,1.002923,FIN,USA,72
20029708,74,231,171,2007,61420620.0,128300592.0,1.865502,0.7737729999999999,FIN,USA,72
20029709,74,231,171,2009,50908218.0,46095782.0,1.8206849999999999,0.797421,FIN,USA,72
20029710,74,231,171,2008,78153031.0,111769420.0,1.767859,0.846409,FIN,USA,72
20029711,74,231,171,2013,123954315.0,23786660.0,1.734552,0.8896940000000001,FIN,USA,72
20029712,74,231,171,2017,118555875.0,1954136.0,1.655957,0.962485,FIN,USA,72
20029713,74,231,171,2018,109925641.0,11347628.0,1.61151,0.9474549999999999,FIN,USA,72
20029714,74,231,171,2019,65877095.0,7096961.0,1.495278,1.034435,FIN,USA,72
20029715,74,231,171,2020,100343295.0,1729604.0,1.498089,1.066223,FIN,USA,72
20029716,74,231,171,2004,65347950.0,123934478.0,2.000218,0.9867309999999999,FIN,USA,72
20029717,74,231,171,2002,36181605.0,5220518.0,2.0234240000000003,0.979141,FIN,USA,72
20029718,74,231,171,2015,93342563.0,19970056.0,1.597817,0.998059,FIN,USA,72
20029719,74,231,171,2016,101790847.0,3101482.0,1.581968,1.006432,FIN,USA,72
20029720,74,231,171,2003,28735144.0,72126847.0,2.077889,0.942501,FIN,USA,72
20029721,75,231,171,2000,0.0,45044.0,-0.804605,-0.21037899999999998,FJI,USA,72
20029722,75,231,171,2006,0.0,66548.0,-0.6554949999999999,-0.098284,FJI,USA,72
20029723,75,231,171,2014,0.0,61516.0,-0.306346,-0.07688500000000001,FJI,USA,72
20029724,75,231,171,2013,0.0,15535.0,-0.5203369999999999,-0.122405,FJI,USA,72
20029725,75,231,171,2015,0.0,51212.0,-0.481968,-0.201468,FJI,USA,72
20029726,75,231,171,2016,0.0,18181.0,-0.27171999999999996,0.172933,FJI,USA,72
20029727,75,231,171,2017,0.0,15718.0,-0.278276,-0.033997,FJI,USA,72
20029728,75,231,171,2018,0.0,10732.0,-0.269185,0.006362,FJI,USA,72
20029729,75,231,171,2020,0.0,810.0,-0.184167,-0.081888,FJI,USA,72
20029730,75,231,171,2019,0.0,105587.0,-0.274278,-0.049333,FJI,USA,72
20029731,75,231,171,2010,1025.0,333377.0,-0.603112,-0.29135500000000003,FJI,USA,72
20029732,75,231,171,2011,0.0,95757.0,-0.434356,-0.010863,FJI,USA,72
20029733,75,231,171,2012,1897.0,4601.0,-0.315227,0.118598,FJI,USA,72
20029734,75,231,171,2008,0.0,90124.0,-0.756592,-0.27005,FJI,USA,72
20029735,75,231,171,2002,0.0,125330.0,-0.588136,-0.242883,FJI,USA,72
20029736,75,231,171,2003,0.0,844.0,-0.6865640000000001,-0.326977,FJI,USA,72
20029737,75,231,171,2004,0.0,1338.0,-0.8870969999999999,-0.287427,FJI,USA,72
20029738,75,231,171,2005,0.0,701138.0,-0.649999,-0.189992,FJI,USA,72
20029739,75,231,171,2007,0.0,253380.0,-0.506992,0.033250999999999996,FJI,USA,72
20029740,75,231,171,2009,0.0,9012.0,-0.785772,-0.305228,FJI,USA,72
20029741,75,231,171,2001,0.0,13747.0,-0.954702,-0.602761,FJI,USA,72
20029742,75,231,171,1995,0.0,32445.0,-0.998257,-0.9565629999999999,FJI,USA,72
20029743,75,231,171,1996,0.0,67409.0,-0.7977,-0.9271879999999999,FJI,USA,72
20029744,75,231,171,1998,0.0,22794.0,-1.069747,-0.965333,FJI,USA,72
20029745,75,231,171,1997,0.0,77874.0,-0.9404020000000001,-0.8833989999999999,FJI,USA,72
20029746,76,231,171,1998,13122.0,0.0,0.816912,-0.515321,FLK,USA,72
20029747,76,231,171,2012,0.0,13910.0,-1.251161,-0.8249569999999999,FLK,USA,72
20029748,77,231,171,2002,287294372.0,36406117.0,1.569367,0.9886360000000001,FRA,USA,72
20029749,77,231,171,2003,260855603.0,35213414.0,1.606606,0.7394149999999999,FRA,USA,72
20029750,77,231,171,2005,521757950.0,63185595.0,1.505148,0.594409,FRA,USA,72
20029751,77,231,171,2011,459710354.0,93940030.0,1.532054,0.09339299999999999,FRA,USA,72
20029752,77,231,171,2012,398639648.0,91796687.0,1.425025,0.27534899999999995,FRA,USA,72
20029753,77,231,171,2013,415521807.0,77800338.0,1.520354,0.022874000000000002,FRA,USA,72
20029754,77,231,171,2014,546321044.0,76094728.0,1.4817790000000002,0.30995,FRA,USA,72
20029755,77,231,171,2017,420649682.0,75639547.0,1.398427,0.894732,FRA,USA,72
20029756,77,231,171,1995,544034931.0,38306458.0,1.768484,0.765537,FRA,USA,72
20029757,77,231,171,1996,667245176.0,29527800.0,1.69082,0.721312,FRA,USA,72
20029758,77,231,171,1997,555038458.0,42298971.0,1.69504,0.8278549999999999,FRA,USA,72
20029759,77,231,171,1998,557566652.0,43051534.0,1.707702,0.7784270000000001,FRA,USA,72
20029760,77,231,171,1999,464751761.0,42627012.0,1.72758,0.6619079999999999,FRA,USA,72
20029761,77,231,171,2000,648584662.0,49822428.0,1.674971,0.47538100000000005,FRA,USA,72
20029762,77,231,171,2001,368807258.0,52062171.0,1.653507,0.797582,FRA,USA,72
20029763,77,231,171,2004,429880453.0,27549535.0,1.6003530000000001,0.643945,FRA,USA,72
20029764,77,231,171,2006,537075490.0,71076876.0,1.47591,0.489466,FRA,USA,72
20029765,77,231,171,2007,478631828.0,91598771.0,1.4565350000000001,0.262845,FRA,USA,72
20029766,77,231,171,2008,404496868.0,107334782.0,1.487702,-0.223965,FRA,USA,72
20029767,77,231,171,2009,216028802.0,50424893.0,1.540346,0.090377,FRA,USA,72
20029768,77,231,171,2010,357410499.0,64654312.0,1.530027,-0.052557000000000006,FRA,USA,72
20029769,77,231,171,2015,487998216.0,68438049.0,1.479792,0.6490239999999999,FRA,USA,72
20029770,77,231,171,2016,374765389.0,45668625.0,1.476437,0.911746,FRA,USA,72
20029771,77,231,171,2019,248977691.0,59686295.0,1.380982,0.9510629999999999,FRA,USA,72
20029772,77,231,171,2018,405169842.0,55063345.0,1.420819,0.7793770000000001,FRA,USA,72
20029773,77,231,171,2020,145224805.0,55040280.0,1.341275,0.8991870000000001,FRA,USA,72
20029774,78,231,171,2005,0.0,611.0,-1.164102,-0.934409,FRO,USA,72
20029775,78,231,171,2006,1979.0,0.0,-0.117631,-0.69352,FRO,USA,72
20029776,78,231,171,2001,0.0,16268.0,-1.004972,-0.9456030000000001,FRO,USA,72
20029777,78,231,171,1996,0.0,10439.0,-0.252693,-0.714691,FRO,USA,72
20029778,78,231,171,1999,0.0,56566.0,-0.718961,-0.900609,FRO,USA,72
20029779,78,231,171,2010,0.0,36000.0,-1.158567,-0.99413,FRO,USA,72
20029780,79,231,171,2019,0.0,181779.0,-1.11436,-0.9806819999999999,FSM,USA,72
20029781,79,231,171,2013,0.0,449132.0,-0.234314,-0.8260700000000001,FSM,USA,72
20029782,79,231,171,2003,0.0,97469.0,-1.370191,-1.028812,FSM,USA,72
20029783,79,231,171,2006,0.0,63951.0,-0.883972,-0.8817209999999999,FSM,USA,72
20029784,79,231,171,2007,0.0,71817.0,-0.528725,-0.883342,FSM,USA,72
20029785,79,231,171,2008,0.0,610976.0,-0.744394,-0.930508,FSM,USA,72
20029786,79,231,171,2000,0.0,85078.0,-1.6284100000000001,-1.074629,FSM,USA,72
20029787,79,231,171,2001,0.0,41792.0,-1.7531240000000001,-1.081697,FSM,USA,72
20029788,79,231,171,2002,0.0,73397.0,-1.511888,-1.054948,FSM,USA,72
20029789,79,231,171,2004,0.0,111977.0,-1.647605,-1.093832,FSM,USA,72
20029790,79,231,171,2005,0.0,36686.0,-1.386996,-0.9737610000000001,FSM,USA,72
20029791,79,231,171,2009,0.0,234699.0,-1.011055,-0.983978,FSM,USA,72
20029792,79,231,171,2016,0.0,577996.0,-0.86156,-0.969134,FSM,USA,72
20029793,79,231,171,2017,0.0,366636.0,-1.106905,-0.952936,FSM,USA,72
20029794,79,231,171,1995,0.0,204099.0,-1.764116,-0.971993,FSM,USA,72
20029795,79,231,171,1998,0.0,46253.0,-1.8257740000000002,-1.104982,FSM,USA,72
20029796,79,231,171,2010,0.0,369685.0,-1.2914889999999999,-1.0153450000000002,FSM,USA,72
20029797,79,231,171,2011,0.0,260719.0,-0.882574,-0.8780530000000001,FSM,USA,72
20029798,79,231,171,2012,0.0,284169.0,-0.8024789999999999,-0.873287,FSM,USA,72
20029799,79,231,171,1996,0.0,21253.0,-1.798209,-1.044117,FSM,USA,72
20029800,79,231,171,1997,0.0,33064.0,-1.275105,-1.046722,FSM,USA,72
20029801,79,231,171,2014,0.0,103686.0,-0.32643099999999997,-0.8248049999999999,FSM,USA,72
20029802,79,231,171,2015,0.0,58973.0,-0.39153000000000004,-0.8570479999999999,FSM,USA,72
20029803,80,231,171,1996,0.0,6143.0,-1.693615,-1.174433,GAB,USA,72
20029804,80,231,171,2005,23570.0,97515.0,-1.4162700000000001,-1.173227,GAB,USA,72
20029805,80,231,171,2007,39871.0,153621.0,-1.328633,-1.165045,GAB,USA,72
20029806,80,231,171,2009,37792.0,222400.0,-1.197711,-1.147469,GAB,USA,72
20029807,80,231,171,2014,0.0,1727805.0,-1.625474,-1.135973,GAB,USA,72
20029808,80,231,171,2008,8211.0,338949.0,-1.316179,-1.117633,GAB,USA,72
20029809,80,231,171,2019,0.0,20453.0,-1.08556,-1.183434,GAB,USA,72
20029810,80,231,171,2006,12719.0,24840.0,-1.6696819999999999,-1.173322,GAB,USA,72
20029811,80,231,171,2016,175019.0,309420.0,-1.530568,-1.254999,GAB,USA,72
20029812,80,231,171,2018,0.0,111364.0,-1.4979200000000001,-1.180407,GAB,USA,72
20029813,80,231,171,1998,1022.0,52004.0,-1.122225,-1.148066,GAB,USA,72
20029814,80,231,171,2001,9004.0,23922.0,-1.063007,-1.181284,GAB,USA,72
20029815,80,231,171,2000,0.0,30670.0,-0.7179909999999999,-1.1375170000000001,GAB,USA,72
20029816,80,231,171,2003,0.0,46528.0,-0.92745,-1.138466,GAB,USA,72
20029817,80,231,171,2004,50905.0,159196.0,-0.700329,-1.137018,GAB,USA,72
20029818,80,231,171,2012,0.0,170426.0,-1.563872,-1.168605,GAB,USA,72
20029819,80,231,171,2015,0.0,208974.0,-1.384351,-1.209873,GAB,USA,72
20029820,80,231,171,2017,0.0,21024.0,-1.109612,-1.177577,GAB,USA,72
20029821,80,231,171,1997,0.0,100065.0,-1.177994,-1.134955,GAB,USA,72
20029822,80,231,171,1999,0.0,1159.0,-1.068733,-1.178405,GAB,USA,72
20029823,80,231,171,2010,0.0,119049.0,-1.707175,-1.167635,GAB,USA,72
20029824,80,231,171,2011,0.0,194278.0,-1.093784,-1.0849659999999999,GAB,USA,72
20029825,80,231,171,2013,0.0,67773.0,-1.6582830000000002,-1.155302,GAB,USA,72
20029826,80,231,171,2020,0.0,7065.0,-1.6422990000000002,-1.207249,GAB,USA,72
20029827,81,231,171,2000,456823940.0,111703646.0,1.957339,0.610052,GBR,USA,72
20029828,81,231,171,2001,352954288.0,86598709.0,1.976894,0.685435,GBR,USA,72
20029829,81,231,171,2003,397672695.0,78653036.0,1.8712540000000002,0.706205,GBR,USA,72
20029830,81,231,171,2004,768212375.0,93720804.0,1.843506,0.684779,GBR,USA,72
20029831,81,231,171,2005,687749482.0,103473698.0,1.805023,0.425654,GBR,USA,72
20029832,81,231,171,2006,859362282.0,126584778.0,1.824154,0.614424,GBR,USA,72
20029833,81,231,171,2007,719490692.0,205669444.0,1.718661,0.35525300000000004,GBR,USA,72
20029834,81,231,171,2008,823221359.0,207924498.0,1.7586119999999998,0.061214,GBR,USA,72
20029835,81,231,171,2009,335634007.0,98398566.0,1.7921779999999998,0.41211499999999995,GBR,USA,72
20029836,81,231,171,2010,582402126.0,116632405.0,1.828224,0.386383,GBR,USA,72
20029837,81,231,171,2011,759569529.0,189091702.0,1.8048220000000001,0.380141,GBR,USA,72
20029838,81,231,171,2012,666589218.0,196381432.0,1.701279,0.518166,GBR,USA,72
20029839,81,231,171,2013,635311227.0,123078847.0,1.7901259999999999,0.44164,GBR,USA,72
20029840,81,231,171,2014,1244968280.0,112183773.0,1.697964,0.585372,GBR,USA,72
20029841,81,231,171,2015,698567077.0,102132710.0,1.7422990000000003,0.75838,GBR,USA,72
20029842,81,231,171,2016,429619881.0,89958098.0,1.6974669999999998,0.9231299999999999,GBR,USA,72
20029843,81,231,171,2017,572493135.0,93336171.0,1.6883119999999998,0.8347469999999999,GBR,USA,72
20029844,81,231,171,2018,425810053.0,97316840.0,1.693008,0.768159,GBR,USA,72
20029845,81,231,171,2019,303829273.0,106768316.0,1.731106,0.717566,GBR,USA,72
20029846,81,231,171,1995,455388975.0,80306063.0,1.8656979999999999,1.107121,GBR,USA,72
20029847,81,231,171,1996,462899066.0,81266757.0,1.850284,0.883084,GBR,USA,72
20029848,81,231,171,1997,450339355.0,105797137.0,1.886353,0.783832,GBR,USA,72
20029849,81,231,171,1998,490329845.0,101030454.0,1.906738,0.489101,GBR,USA,72
20029850,81,231,171,1999,444486409.0,82865361.0,1.9523830000000002,0.771455,GBR,USA,72
20029851,81,231,171,2002,333712449.0,75039517.0,1.893177,0.831382,GBR,USA,72
20029852,81,231,171,2020,285886095.0,71589169.0,1.6459,0.7702640000000001,GBR,USA,72
20029853,82,231,171,2005,7947456.0,289823.0,0.041261,-0.530021,GEO,USA,72
20029854,82,231,171,2017,76594382.0,113445.0,-0.241749,-0.374727,GEO,USA,72
20029855,82,231,171,2019,87600368.0,37376.0,-0.057798,-0.206771,GEO,USA,72
20029856,82,231,171,2013,85630432.0,18029.0,-0.160691,-0.393419,GEO,USA,72
20029857,82,231,171,2010,88006297.0,535182.0,-0.21301399999999998,-0.48355299999999996,GEO,USA,72
20029858,82,231,171,2012,96432664.0,1437135.0,-0.29418,-0.63162,GEO,USA,72
20029859,82,231,171,2015,74406341.0,195076.0,-0.343663,-0.588017,GEO,USA,72
20029860,82,231,171,2002,5144102.0,72037.0,0.662382,-0.124825,GEO,USA,72
20029861,82,231,171,2006,28756487.0,551376.0,0.076711,-0.47216099999999994,GEO,USA,72
20029862,82,231,171,2007,58086303.0,20282.0,0.016077,-0.386962,GEO,USA,72
20029863,82,231,171,2011,97761835.0,69821.0,-0.07754,-0.35434699999999997,GEO,USA,72
20029864,82,231,171,2014,119833227.0,84636.0,-0.254106,-0.646584,GEO,USA,72
20029865,82,231,171,2009,11664442.0,18023.0,0.045952,-0.381822,GEO,USA,72
20029866,82,231,171,2020,71934298.0,189766.0,-0.199775,-0.38684,GEO,USA,72
20029867,82,231,171,2018,120764322.0,44845.0,-0.049871,-0.28439899999999996,GEO,USA,72
20029868,82,231,171,2008,108740180.0,467285.0,-0.355095,-0.660181,GEO,USA,72
20029869,82,231,171,2016,47864088.0,191326.0,-0.388359,-0.51175,GEO,USA,72
20029870,82,231,171,1999,4386519.0,127178.0,0.50297,0.042010000000000006,GEO,USA,72
20029871,82,231,171,1997,2754178.0,22117.0,0.304927,-0.082,GEO,USA,72
20029872,82,231,171,1996,1501190.0,12078.0,0.5383020000000001,0.167596,GEO,USA,72
20029873,82,231,171,2003,8868916.0,15850.0,0.595485,-0.25939,GEO,USA,72
20029874,82,231,171,2004,34208947.0,65386.0,0.381348,-0.44259,GEO,USA,72
20029875,82,231,171,1998,8165346.0,16839.0,0.644307,0.304707,GEO,USA,72
20029876,82,231,171,2000,2599718.0,0.0,0.571461,0.10845999999999999,GEO,USA,72
20029877,82,231,171,2001,1642092.0,129627.0,0.585568,-0.047744999999999996,GEO,USA,72
20029878,82,231,171,1995,7616311.0,0.0,1.082754,0.059275,GEO,USA,72
20029879,83,231,171,2000,7523.0,1598472.0,-1.192608,-0.811986,GHA,USA,72
20029880,83,231,171,2001,15951.0,1893164.0,-0.961067,-0.780449,GHA,USA,72
20029881,83,231,171,1998,11051.0,956961.0,-1.215123,-1.0427620000000002,GHA,USA,72
20029882,83,231,171,1996,132378.0,1629049.0,-1.035244,-0.9834129999999999,GHA,USA,72
20029883,83,231,171,1999,0.0,1826797.0,-0.9444520000000001,-0.905826,GHA,USA,72
20029884,83,231,171,2003,4310.0,777508.0,-1.074188,-0.7127319999999999,GHA,USA,72
20029885,83,231,171,2011,4058.0,16625291.0,-0.8627319999999999,-0.608823,GHA,USA,72
20029886,83,231,171,2007,0.0,853840.0,-0.906867,-0.565891,GHA,USA,72
20029887,83,231,171,2016,0.0,10238304.0,-0.945358,-0.805301,GHA,USA,72
20029888,83,231,171,2002,0.0,2736028.0,-1.333425,-1.0709879999999998,GHA,USA,72
20029889,83,231,171,2013,0.0,14521231.0,-0.7316010000000001,-0.5327689999999999,GHA,USA,72
20029890,83,231,171,2014,0.0,6494541.0,-1.130226,-0.9909379999999999,GHA,USA,72
20029891,83,231,171,2015,1140.0,3553073.0,-0.750568,-0.690257,GHA,USA,72
20029892,83,231,171,2017,11729.0,3181522.0,-0.929143,-0.811439,GHA,USA,72
20029893,83,231,171,2018,0.0,1386640.0,-0.956109,-0.861556,GHA,USA,72
20029894,83,231,171,2019,11272.0,1026057.0,-0.9581,-0.8727879999999999,GHA,USA,72
20029895,83,231,171,2008,72680.0,1008619.0,-0.9339360000000001,-0.701724,GHA,USA,72
20029896,83,231,171,2010,0.0,1333220.0,-0.835003,-0.633731,GHA,USA,72
20029897,83,231,171,2005,0.0,1222300.0,-1.031092,-0.820743,GHA,USA,72
20029898,83,231,171,2009,0.0,2108911.0,-0.909436,-0.6619470000000001,GHA,USA,72
20029899,83,231,171,2006,0.0,1462149.0,-0.9934860000000001,-0.809318,GHA,USA,72
20029900,83,231,171,2012,56358.0,55274938.0,-0.9610920000000001,-0.745232,GHA,USA,72
20029901,83,231,171,1997,5612.0,914592.0,-1.012728,-0.939893,GHA,USA,72
20029902,83,231,171,2004,0.0,42923.0,-1.2972540000000001,-0.9967219999999999,GHA,USA,72
20029903,83,231,171,2020,0.0,947799.0,-0.973506,-0.9559139999999999,GHA,USA,72
20029904,83,231,171,1995,0.0,737471.0,-1.247755,-1.070455,GHA,USA,72
20029905,84,231,171,2007,0.0,42651.0,0.794616,-0.287001,GIB,USA,72
20029906,84,231,171,2009,0.0,163019.0,0.9646979999999999,-0.461183,GIB,USA,72
20029907,84,231,171,2010,0.0,6920.0,0.570018,-0.585911,GIB,USA,72
20029908,84,231,171,2017,0.0,6290.0,0.767836,-0.725273,GIB,USA,72
20029909,84,231,171,2008,0.0,328683.0,0.938815,-0.361914,GIB,USA,72
20029910,85,231,171,2000,0.0,9284.0,-1.523998,-1.197719,GIN,USA,72
20029911,85,231,171,2007,0.0,11930.0,-1.694335,-1.230744,GIN,USA,72
20029912,85,231,171,2011,0.0,34779.0,-1.728661,-1.193353,GIN,USA,72
20029913,85,231,171,2012,0.0,41480.0,-1.735487,-1.225333,GIN,USA,72
20029914,85,231,171,2016,0.0,6843.0,-1.474753,-1.215627,GIN,USA,72
20029915,85,231,171,2001,0.0,180467.0,-1.5380340000000001,-1.200083,GIN,USA,72
20029916,85,231,171,2014,0.0,107925.0,-1.628409,-1.202473,GIN,USA,72
20029917,85,231,171,2015,0.0,1003005.0,-1.288329,-1.167532,GIN,USA,72
20029918,85,231,171,2009,0.0,416507.0,-1.618121,-1.2200520000000001,GIN,USA,72
20029919,85,231,171,2018,0.0,655094.0,-1.036697,-1.1562860000000001,GIN,USA,72
20029920,85,231,171,2013,0.0,17982.0,-1.1287459999999998,-1.069735,GIN,USA,72
20029921,85,231,171,2017,0.0,3537.0,-1.7560669999999998,-1.2747680000000001,GIN,USA,72
20029922,85,231,171,1998,0.0,165085.0,-1.676035,-1.248894,GIN,USA,72
20029923,85,231,171,2019,0.0,54353.0,-1.366633,-1.196123,GIN,USA,72
20029924,85,231,171,2008,0.0,819210.0,-1.530997,-1.171231,GIN,USA,72
20029925,85,231,171,2002,2260.0,628802.0,-1.85329,-1.243105,GIN,USA,72
20029926,85,231,171,1996,0.0,56715.0,-1.2641930000000001,-1.1317409999999999,GIN,USA,72
20029927,85,231,171,2020,0.0,7200.0,-1.841029,-1.233167,GIN,USA,72
20029928,85,231,171,1999,0.0,126600.0,-1.950321,-1.269807,GIN,USA,72
20029929,85,231,171,2004,0.0,27727.0,-1.314543,-1.155153,GIN,USA,72
20029930,85,231,171,2005,0.0,171648.0,-1.55683,-1.200541,GIN,USA,72
20029931,85,231,171,2006,0.0,114772.0,-1.8376720000000002,-1.229774,GIN,USA,72
20029932,85,231,171,1995,0.0,91767.0,-1.304768,-1.077826,GIN,USA,72
20029933,85,231,171,1997,0.0,67627.0,-1.529401,-1.163973,GIN,USA,72
20029934,86,231,171,1995,0.0,626160.0,0.563491,-0.18852,GLP,USA,72
20029935,87,231,171,1997,0.0,3499.0,-0.6977300000000001,-0.7753720000000001,GMB,USA,72
20029936,87,231,171,2019,0.0,65966.0,-1.0174450000000002,-0.790743,GMB,USA,72
20029937,87,231,171,1999,0.0,6407.0,-0.768406,-0.764934,GMB,USA,72
20029938,87,231,171,2010,12832.0,1610.0,-0.894757,-0.734589,GMB,USA,72
20029939,87,231,171,2011,0.0,14853.0,-0.621556,-0.64336,GMB,USA,72
20029940,87,231,171,2005,0.0,9530.0,-0.223043,-0.361032,GMB,USA,72
20029941,87,231,171,2007,0.0,71295.0,-0.8336680000000001,-0.8261860000000001,GMB,USA,72
20029942,87,231,171,2008,37226.0,45348.0,-0.39378,-0.509879,GMB,USA,72
20029943,87,231,171,2018,0.0,8239.0,-0.85649,-0.761513,GMB,USA,72
20029944,87,231,171,2014,2109.0,70070.0,-0.905488,-0.7892819999999999,GMB,USA,72
20029945,87,231,171,2015,0.0,3251.0,-0.984775,-0.877886,GMB,USA,72
20029946,87,231,171,1996,0.0,72406.0,-1.028677,-0.8440540000000001,GMB,USA,72
20029947,87,231,171,2000,0.0,222347.0,-0.468837,-0.532772,GMB,USA,72
20029948,87,231,171,2002,0.0,4684.0,0.075971,-0.068413,GMB,USA,72
20029949,87,231,171,2004,0.0,174794.0,-0.135943,-0.226541,GMB,USA,72
20029950,87,231,171,2006,0.0,15719.0,-0.378539,-0.48427200000000004,GMB,USA,72
20029951,87,231,171,2013,5262.0,0.0,-0.5571550000000001,-0.6860310000000001,GMB,USA,72
20029952,87,231,171,1995,0.0,1539.0,-0.605221,-0.700982,GMB,USA,72
20029953,89,231,171,2009,0.0,1098605.0,-1.426661,-0.9459870000000001,GNQ,USA,72
20029954,89,231,171,2010,0.0,331592.0,-1.077402,-0.86556,GNQ,USA,72
20029955,89,231,171,2011,0.0,717404.0,-1.634315,-0.7567729999999999,GNQ,USA,72
20029956,89,231,171,2016,0.0,351729.0,-1.766286,-0.9607709999999999,GNQ,USA,72
20029957,89,231,171,2014,0.0,1222839.0,-2.043516,-0.844701,GNQ,USA,72
20029958,89,231,171,2007,0.0,176123.0,-1.406911,-0.8466950000000001,GNQ,USA,72
20029959,89,231,171,2017,0.0,772553.0,-1.735486,-0.9254180000000001,GNQ,USA,72
20029960,89,231,171,2019,0.0,733371.0,-1.9057680000000001,-0.968132,GNQ,USA,72
20029961,89,231,171,2018,0.0,501287.0,-2.017117,-0.975924,GNQ,USA,72
20029962,89,231,171,2012,0.0,361327.0,-1.297351,-0.926208,GNQ,USA,72
20029963,89,231,171,2015,0.0,353750.0,-1.585577,-0.9044979999999999,GNQ,USA,72
20029964,89,231,171,2013,0.0,395481.0,-1.521575,-0.814708,GNQ,USA,72
20029965,89,231,171,2005,0.0,125526.0,-1.804466,-0.83998,GNQ,USA,72
20029966,89,231,171,2008,0.0,387620.0,-1.059208,-0.843542,GNQ,USA,72
20029967,89,231,171,2020,0.0,851281.0,-1.5979940000000001,-0.9529340000000001,GNQ,USA,72
20029968,89,231,171,2002,0.0,425355.0,-2.3567560000000003,-0.88686,GNQ,USA,72
20029969,89,231,171,2003,0.0,4922745.0,-2.4406529999999997,-0.821155,GNQ,USA,72
20029970,89,231,171,2004,0.0,354139.0,-1.093261,-0.8802639999999999,GNQ,USA,72
20029971,89,231,171,2006,0.0,208955.0,-2.188173,-0.8631700000000001,GNQ,USA,72
20029972,89,231,171,2001,0.0,14607.0,-2.0882959999999997,-0.921539,GNQ,USA,72
20029973,89,231,171,1995,0.0,56843.0,-2.276493,-0.847433,GNQ,USA,72
20029974,89,231,171,1996,0.0,6654.0,-1.832253,-0.7935300000000001,GNQ,USA,72
20029975,89,231,171,1997,0.0,9183.0,-1.447242,-0.830466,GNQ,USA,72
20029976,89,231,171,2000,0.0,36893.0,-2.387934,-0.9495290000000001,GNQ,USA,72
20029977,89,231,171,1998,0.0,103083.0,-2.5150919999999997,-0.9077930000000001,GNQ,USA,72
20029978,89,231,171,1999,0.0,101205.0,-1.390101,-0.91989,GNQ,USA,72
20029979,90,231,171,2000,15742033.0,1607007.0,0.30201300000000003,1.4171799999999999,GRC,USA,72
20029980,90,231,171,2002,8473984.0,388468.0,0.31858000000000003,1.47417,GRC,USA,72
20029981,90,231,171,2003,11485274.0,1609071.0,0.364688,1.4823959999999998,GRC,USA,72
20029982,90,231,171,1997,27351241.0,1563052.0,0.229516,1.085225,GRC,USA,72
20029983,90,231,171,2001,8230286.0,3375056.0,0.31387600000000004,1.3614600000000001,GRC,USA,72
20029984,90,231,171,1996,32749707.0,7682758.0,0.271386,1.042608,GRC,USA,72
20029985,90,231,171,1998,19861864.0,533408.0,0.183835,1.1512790000000002,GRC,USA,72
20029986,90,231,171,1999,21990445.0,176120.0,0.24943600000000002,1.172467,GRC,USA,72
20029987,90,231,171,2006,28975353.0,51804417.0,0.261955,1.488958,GRC,USA,72
20029988,90,231,171,2007,9180498.0,94128526.0,0.348709,1.674567,GRC,USA,72
20029989,90,231,171,2008,2740989.0,116033402.0,0.33272399999999996,1.758188,GRC,USA,72
20029990,90,231,171,2009,2716101.0,52022325.0,0.2196,1.63301,GRC,USA,72
20029991,90,231,171,2010,517179.0,18289869.0,0.200249,1.4640090000000001,GRC,USA,72
20029992,90,231,171,2011,3043725.0,14258095.0,0.138679,1.30044,GRC,USA,72
20029993,90,231,171,2012,8470232.0,4016404.0,0.20949600000000002,1.086158,GRC,USA,72
20029994,90,231,171,2013,1134689.0,1698654.0,0.18823800000000002,0.910906,GRC,USA,72
20029995,90,231,171,2014,3167644.0,407684.0,0.149337,0.8560540000000001,GRC,USA,72
20029996,90,231,171,2018,26805063.0,40022693.0,0.059539999999999996,1.0321879999999999,GRC,USA,72
20029997,90,231,171,2019,13291390.0,44009589.0,0.08904400000000001,1.059396,GRC,USA,72
20029998,90,231,171,2004,24763827.0,575016.0,0.348853,1.661656,GRC,USA,72
