8159999,230,18,139,2014,297646.0,849309.0,0.154034,-0.380899,URY,BEL,40
8160000,230,18,139,2002,86767.0,610258.0,0.300502,0.16817000000000001,URY,BEL,40
8160001,230,18,139,2004,141039.0,705001.0,0.151633,0.121776,URY,BEL,40
8160002,230,18,139,2005,0.0,712812.0,0.305842,0.271262,URY,BEL,40
8160003,230,18,139,2013,1403.0,1182292.0,0.20190999999999998,-0.19777999999999998,URY,BEL,40
8160004,230,18,139,2017,0.0,498530.0,0.16963,-0.403006,URY,BEL,40
8160005,230,18,139,2019,15525.0,398449.0,-0.077549,-0.473943,URY,BEL,40
8160006,230,18,139,2020,18658.0,376445.0,-0.127375,-0.449032,URY,BEL,40
8160007,230,18,139,1996,0.0,170029.0,0.171541,0.313934,URY,BEL,40
8160008,230,18,139,1997,1995.0,552517.0,0.226228,0.29183400000000004,URY,BEL,40
8160009,230,18,139,1998,0.0,448622.0,0.323022,0.293694,URY,BEL,40
8160010,230,18,139,2000,0.0,947151.0,0.30753600000000003,0.290506,URY,BEL,40
8160011,230,18,139,2001,2598.0,343978.0,0.36029,0.298869,URY,BEL,40
8160012,230,18,139,1995,0.0,78004.0,0.45133900000000005,0.50831,URY,BEL,40
8160013,231,18,139,1995,262754753.0,51322754.0,1.771648,1.184,USA,BEL,40
8160014,231,18,139,1996,296754385.0,53866691.0,1.7110560000000001,1.125141,USA,BEL,40
8160015,231,18,139,1997,289769540.0,61427834.0,1.823511,0.888084,USA,BEL,40
8160016,231,18,139,1999,288820573.0,69430183.0,1.8755119999999998,0.5350729999999999,USA,BEL,40
8160017,231,18,139,2000,378440629.0,78920750.0,1.8549650000000002,0.226992,USA,BEL,40
8160018,231,18,139,2001,389981625.0,61512997.0,1.873674,0.168468,USA,BEL,40
8160019,231,18,139,2002,315627503.0,60177226.0,1.821594,0.231296,USA,BEL,40
8160020,231,18,139,2003,285226710.0,57617690.0,1.7789220000000001,0.064028,USA,BEL,40
8160021,231,18,139,2005,304782363.0,41501039.0,1.718086,-0.34564,USA,BEL,40
8160022,231,18,139,2006,394116303.0,35374189.0,1.666643,-0.121679,USA,BEL,40
8160023,231,18,139,2007,439828493.0,40091509.0,1.612165,0.0922,USA,BEL,40
8160024,231,18,139,2008,321488066.0,35986249.0,1.584278,-0.209788,USA,BEL,40
8160025,231,18,139,2009,207363547.0,25649455.0,1.657663,-0.41411400000000004,USA,BEL,40
8160026,231,18,139,2010,339365274.0,38630035.0,1.67573,-0.598165,USA,BEL,40
8160027,231,18,139,2011,462598792.0,49872221.0,1.6884849999999998,-0.474499,USA,BEL,40
8160028,231,18,139,2012,440586349.0,44132787.0,1.628377,-0.601941,USA,BEL,40
8160029,231,18,139,2013,406898758.0,53935205.0,1.6639689999999998,-0.48651300000000003,USA,BEL,40
8160030,231,18,139,2014,491921970.0,49614539.0,1.61227,0.068905,USA,BEL,40
8160031,231,18,139,2015,362574765.0,53289116.0,1.720478,-0.129322,USA,BEL,40
8160032,231,18,139,2016,376580474.0,57776312.0,1.685329,0.297536,USA,BEL,40
8160033,231,18,139,2017,404222928.0,45396660.0,1.601478,0.277271,USA,BEL,40
8160034,231,18,139,2018,441183008.0,38859393.0,1.585861,0.44815900000000003,USA,BEL,40
8160035,231,18,139,2019,353517063.0,63185336.0,1.606808,0.3232,USA,BEL,40
8160036,231,18,139,2020,330131071.0,64936794.0,1.588148,0.380904,USA,BEL,40
8160037,231,18,139,1998,312596755.0,72563000.0,1.8223639999999999,0.761336,USA,BEL,40
8160038,231,18,139,2004,295830924.0,63448306.0,1.7598630000000002,0.066704,USA,BEL,40
8160039,232,18,139,2018,0.0,3593565.0,-0.591547,-0.429982,UZB,BEL,40
8160040,232,18,139,2019,0.0,4249948.0,-0.5856060000000001,-0.311248,UZB,BEL,40
8160041,232,18,139,2020,0.0,3837582.0,-0.309411,0.071414,UZB,BEL,40
8160042,232,18,139,2017,0.0,2557071.0,-0.407169,-0.264942,UZB,BEL,40
8160043,232,18,139,2008,0.0,93270.0,-0.470184,-0.773163,UZB,BEL,40
8160044,232,18,139,2009,0.0,233282.0,-0.6115470000000001,-0.710622,UZB,BEL,40
8160045,232,18,139,2010,0.0,82346.0,-0.704097,-0.655055,UZB,BEL,40
8160046,232,18,139,2015,0.0,777418.0,-0.724966,-0.599292,UZB,BEL,40
8160047,232,18,139,2016,0.0,1308729.0,-0.703465,-0.493036,UZB,BEL,40
8160048,232,18,139,2011,0.0,37745.0,-0.785878,-0.663918,UZB,BEL,40
8160049,232,18,139,2006,0.0,138791.0,-0.457759,-0.784626,UZB,BEL,40
8160050,232,18,139,2001,0.0,188000.0,-0.395913,-0.6454449999999999,UZB,BEL,40
8160051,232,18,139,2007,0.0,259278.0,-0.540449,-0.799454,UZB,BEL,40
8160052,232,18,139,2012,0.0,521805.0,-0.5875670000000001,-0.549863,UZB,BEL,40
8160053,232,18,139,2013,0.0,397005.0,-0.748212,-0.567268,UZB,BEL,40
8160054,232,18,139,2014,0.0,1475957.0,-0.407623,-0.37150700000000003,UZB,BEL,40
8160055,232,18,139,2005,0.0,177490.0,-0.357031,-0.730797,UZB,BEL,40
8160056,232,18,139,2002,0.0,163256.0,-0.379765,-0.5965159999999999,UZB,BEL,40
8160057,232,18,139,2003,0.0,127563.0,-0.285978,-0.703334,UZB,BEL,40
8160058,232,18,139,2004,0.0,49682.0,-0.50605,-0.824691,UZB,BEL,40
8160059,232,18,139,1996,0.0,11033.0,-0.17393499999999998,-0.727476,UZB,BEL,40
8160060,232,18,139,2000,0.0,154797.0,-0.405531,-0.598955,UZB,BEL,40
8160061,232,18,139,1995,0.0,33754.0,-0.29740900000000003,-0.9456190000000001,UZB,BEL,40
8160062,232,18,139,1997,0.0,11299.0,-0.26560700000000004,-0.870447,UZB,BEL,40
8160063,232,18,139,1999,0.0,400656.0,-0.43066499999999996,-0.767428,UZB,BEL,40
8160064,232,18,139,1998,0.0,176876.0,-0.283425,-0.7488520000000001,UZB,BEL,40
8160065,233,18,139,2008,0.0,9118.0,0.74952,-0.38421900000000003,VAT,BEL,40
8160066,234,18,139,2007,0.0,7137.0,-0.112166,-0.692679,VCT,BEL,40
8160067,234,18,139,2010,0.0,4538.0,0.120821,-0.43102700000000005,VCT,BEL,40
8160068,234,18,139,2005,0.0,8562.0,-0.584696,-0.842192,VCT,BEL,40
8160069,234,18,139,2006,0.0,21401.0,-0.6097060000000001,-0.8844770000000001,VCT,BEL,40
8160070,234,18,139,2008,0.0,3780.0,-0.598538,-0.8798459999999999,VCT,BEL,40
8160071,234,18,139,2004,0.0,15161.0,-0.564477,-0.8544,VCT,BEL,40
8160072,234,18,139,1999,0.0,9299.0,-0.28283400000000003,-0.755695,VCT,BEL,40
8160073,234,18,139,2003,0.0,12691.0,-0.355758,-0.679181,VCT,BEL,40
8160074,234,18,139,2001,0.0,2742.0,-0.5042,-0.7987609999999999,VCT,BEL,40
8160075,234,18,139,2016,0.0,674.0,0.157611,-0.581526,VCT,BEL,40
8160076,236,18,139,1996,49125.0,1194656.0,0.07086100000000001,-0.761307,VEN,BEL,40
8160077,236,18,139,1997,0.0,970671.0,0.21363200000000002,-0.668341,VEN,BEL,40
8160078,236,18,139,1999,0.0,797063.0,0.16454100000000002,-0.691021,VEN,BEL,40
8160079,236,18,139,2000,290756.0,566688.0,0.19788499999999998,-0.779957,VEN,BEL,40
8160080,236,18,139,2005,16839.0,1971906.0,0.248175,-0.9600629999999999,VEN,BEL,40
8160081,236,18,139,2009,23088.0,1516565.0,-0.5847600000000001,-1.150334,VEN,BEL,40
8160082,236,18,139,2010,0.0,2995531.0,-0.660844,-1.145133,VEN,BEL,40
8160083,236,18,139,2011,20879.0,1756140.0,-0.841147,-1.095636,VEN,BEL,40
8160084,236,18,139,2012,22762.0,7949786.0,-1.3417270000000001,-1.154304,VEN,BEL,40
8160085,236,18,139,2013,55014.0,2601002.0,-0.778172,-1.107059,VEN,BEL,40
8160086,236,18,139,2014,0.0,351189.0,-0.582086,-1.081727,VEN,BEL,40
8160087,236,18,139,2015,0.0,445034.0,-0.9249129999999999,-1.1877280000000001,VEN,BEL,40
8160088,236,18,139,2017,0.0,104695.0,-0.8874559999999999,-1.178752,VEN,BEL,40
8160089,236,18,139,1998,43698.0,643050.0,0.288717,-0.540639,VEN,BEL,40
8160090,236,18,139,2001,28207.0,377629.0,0.261158,-0.7397,VEN,BEL,40
8160091,236,18,139,2002,85786.0,618927.0,0.211536,-0.715675,VEN,BEL,40
8160092,236,18,139,2003,0.0,895933.0,0.277805,-0.783697,VEN,BEL,40
8160093,236,18,139,2004,0.0,1274796.0,0.048698000000000005,-0.899776,VEN,BEL,40
8160094,236,18,139,2006,0.0,2458573.0,-0.340972,-1.015462,VEN,BEL,40
8160095,236,18,139,2008,37283.0,2977759.0,-0.442996,-1.0439969999999998,VEN,BEL,40
8160096,236,18,139,2016,0.0,365547.0,-0.844669,-1.164315,VEN,BEL,40
8160097,236,18,139,2018,0.0,149721.0,-1.081138,-1.198717,VEN,BEL,40
8160098,236,18,139,2019,0.0,67508.0,-1.318175,-1.2506110000000001,VEN,BEL,40
8160099,236,18,139,2020,0.0,161762.0,-1.058537,-1.178218,VEN,BEL,40
8160100,236,18,139,2007,36048.0,4701589.0,-0.231215,-0.9839200000000001,VEN,BEL,40
8160101,236,18,139,1995,2283.0,479830.0,0.299294,-0.635474,VEN,BEL,40
8160102,237,18,139,2014,46098.0,97968.0,0.484282,-0.082974,VGB,BEL,40
8160103,237,18,139,2011,153284.0,0.0,0.780217,-0.010428,VGB,BEL,40
8160104,237,18,139,2013,272077.0,143179.0,0.616863,-0.314222,VGB,BEL,40
8160105,237,18,139,2012,0.0,74352.0,0.6483300000000001,0.269932,VGB,BEL,40
8160106,237,18,139,2009,0.0,19787.0,0.903839,0.093044,VGB,BEL,40
8160107,237,18,139,2004,0.0,280514.0,0.597043,-0.348742,VGB,BEL,40
8160108,237,18,139,2007,0.0,91274.0,0.994233,0.072526,VGB,BEL,40
8160109,239,18,139,2000,1079361.0,128770.0,-0.849311,0.391474,VNM,BEL,40
8160110,239,18,139,2001,1898397.0,56585.0,-0.6692130000000001,0.610992,VNM,BEL,40
8160111,239,18,139,2002,2509090.0,139983.0,-0.589665,0.799874,VNM,BEL,40
8160112,239,18,139,2013,14178611.0,3849789.0,-0.11426900000000001,1.399738,VNM,BEL,40
8160113,239,18,139,2018,15450644.0,1794681.0,0.003069,0.9169729999999999,VNM,BEL,40
8160114,239,18,139,2019,11268877.0,2610918.0,-0.048147,1.098784,VNM,BEL,40
8160115,239,18,139,2008,13650865.0,1244360.0,-0.207083,1.1323370000000001,VNM,BEL,40
8160116,239,18,139,2010,13505237.0,1925641.0,-0.24660500000000002,1.427235,VNM,BEL,40
8160117,239,18,139,2015,10151506.0,2309361.0,-0.17108900000000002,1.10995,VNM,BEL,40
8160118,239,18,139,2016,23597302.0,1064184.0,-0.10217899999999999,1.015568,VNM,BEL,40
8160119,239,18,139,2009,7083264.0,706142.0,-0.27396,1.131199,VNM,BEL,40
8160120,239,18,139,2011,18244071.0,1602646.0,-0.184453,1.637207,VNM,BEL,40
8160121,239,18,139,2005,17765909.0,769715.0,-0.673618,0.766938,VNM,BEL,40
8160122,239,18,139,2017,37818671.0,2196607.0,-0.009819,0.686429,VNM,BEL,40
8160123,239,18,139,2003,4095374.0,255595.0,-0.633985,0.659696,VNM,BEL,40
8160124,239,18,139,2007,12297765.0,827591.0,-0.335613,1.048849,VNM,BEL,40
8160125,239,18,139,2012,14542380.0,1260973.0,0.012365000000000001,1.290936,VNM,BEL,40
8160126,239,18,139,2014,12782464.0,3449167.0,-0.023765,1.344416,VNM,BEL,40
8160127,239,18,139,2020,12881838.0,2480447.0,0.034229,0.89099,VNM,BEL,40
8160128,239,18,139,2004,6955649.0,707639.0,-0.5270560000000001,0.8910389999999999,VNM,BEL,40
8160129,239,18,139,2006,20323326.0,1076830.0,-0.342779,1.033318,VNM,BEL,40
8160130,239,18,139,1998,537848.0,134544.0,-0.9395469999999999,0.060697,VNM,BEL,40
8160131,239,18,139,1999,901489.0,184645.0,-0.9824940000000001,0.115755,VNM,BEL,40
8160132,239,18,139,1995,106666.0,4298.0,-1.0462069999999999,-0.269063,VNM,BEL,40
8160133,239,18,139,1996,333286.0,10539.0,-0.9336469999999999,-0.10985199999999999,VNM,BEL,40
8160134,239,18,139,1997,698201.0,91771.0,-0.93384,0.06253099999999999,VNM,BEL,40
8160135,241,18,139,2019,0.0,4156.0,2.073123,-0.6077170000000001,WLF,BEL,40
8160136,241,18,139,2004,0.0,1338.0,2.1501349999999997,-0.13714200000000001,WLF,BEL,40
8160137,242,18,139,2014,0.0,15290.0,0.602344,-0.051224,WSM,BEL,40
8160138,243,18,139,2004,38352.0,305670.0,-1.15115,-1.207897,YEM,BEL,40
8160139,243,18,139,2008,179552.0,852683.0,-1.227495,-1.191462,YEM,BEL,40
8160140,243,18,139,2006,131270.0,343552.0,-1.0407110000000002,-1.13042,YEM,BEL,40
8160141,243,18,139,2007,176767.0,682366.0,-1.2624600000000001,-1.2131290000000001,YEM,BEL,40
8160142,243,18,139,2011,6557.0,401972.0,-1.44127,-1.242875,YEM,BEL,40
8160143,243,18,139,2012,26132.0,561382.0,-1.277216,-1.2331590000000001,YEM,BEL,40
8160144,243,18,139,2005,33146.0,469092.0,-1.214267,-1.2094719999999999,YEM,BEL,40
8160145,243,18,139,2010,15758.0,394386.0,-1.360851,-1.208826,YEM,BEL,40
8160146,243,18,139,2009,14276.0,545845.0,-0.845426,-1.119091,YEM,BEL,40
8160147,243,18,139,2013,41051.0,479133.0,-1.252605,-1.207324,YEM,BEL,40
8160148,243,18,139,2015,0.0,85943.0,-1.048632,-1.10843,YEM,BEL,40
8160149,243,18,139,2019,0.0,99106.0,-1.4367860000000001,-1.262101,YEM,BEL,40
8160150,243,18,139,2014,9987.0,455752.0,-1.2829190000000001,-1.227373,YEM,BEL,40
8160151,243,18,139,2018,0.0,71729.0,-1.3332899999999999,-1.200589,YEM,BEL,40
8160152,243,18,139,2017,0.0,113208.0,-1.397594,-1.2342110000000002,YEM,BEL,40
8160153,243,18,139,2020,0.0,52499.0,-1.130952,-1.137774,YEM,BEL,40
8160154,243,18,139,2016,0.0,72822.0,-1.232675,-1.205963,YEM,BEL,40
8160155,243,18,139,1999,18506.0,32223.0,-1.746447,-1.296571,YEM,BEL,40
8160156,243,18,139,2000,108257.0,106948.0,-1.74462,-1.26072,YEM,BEL,40
8160157,243,18,139,2001,23021.0,229667.0,-1.465154,-1.261615,YEM,BEL,40
8160158,243,18,139,2002,23593.0,366540.0,-1.233006,-1.22101,YEM,BEL,40
8160159,243,18,139,2003,51091.0,297569.0,-1.453584,-1.257815,YEM,BEL,40
8160160,243,18,139,1995,29004.0,9328.0,-1.302346,-1.135961,YEM,BEL,40
8160161,243,18,139,1996,34577.0,16095.0,-1.304556,-1.200523,YEM,BEL,40
8160162,243,18,139,1997,38069.0,81421.0,-1.7204130000000002,-1.242057,YEM,BEL,40
8160163,243,18,139,1998,33856.0,194359.0,-1.458683,-1.263139,YEM,BEL,40
8160164,246,18,139,2010,7582478.0,17998578.0,0.327326,1.513598,ZAF,BEL,40
8160165,246,18,139,2008,21844544.0,17390777.0,0.22551500000000002,1.185506,ZAF,BEL,40
8160166,246,18,139,2009,7482302.0,12222486.0,0.316452,1.767795,ZAF,BEL,40
8160167,246,18,139,2004,8962786.0,7392519.0,0.460279,1.9736220000000002,ZAF,BEL,40
8160168,246,18,139,2011,20737245.0,19850320.0,0.241792,1.353011,ZAF,BEL,40
8160169,246,18,139,2012,10791528.0,20669044.0,0.284069,1.730991,ZAF,BEL,40
8160170,246,18,139,2018,27025076.0,15070813.0,0.158722,1.394829,ZAF,BEL,40
8160171,246,18,139,2019,17840228.0,12728652.0,0.129921,1.101027,ZAF,BEL,40
8160172,246,18,139,2020,14552345.0,9623824.0,0.042099,0.923931,ZAF,BEL,40
8160173,246,18,139,2005,12170586.0,8556082.0,0.484464,1.65903,ZAF,BEL,40
8160174,246,18,139,2017,19778056.0,12713082.0,0.2066,1.378591,ZAF,BEL,40
8160175,246,18,139,2002,3266108.0,5130369.0,0.395943,2.392458,ZAF,BEL,40
8160176,246,18,139,2003,4563595.0,5714147.0,0.477987,2.255395,ZAF,BEL,40
8160177,246,18,139,1997,2013725.0,5188423.0,0.501792,1.1192440000000001,ZAF,BEL,40
8160178,246,18,139,2014,10611657.0,17726920.0,0.282927,1.723214,ZAF,BEL,40
8160179,246,18,139,2015,5240126.0,12392470.0,0.24944699999999997,1.7573159999999999,ZAF,BEL,40
8160180,246,18,139,2013,12601179.0,18935519.0,0.380284,1.5682120000000002,ZAF,BEL,40
8160181,246,18,139,2016,6188811.0,10896759.0,0.187396,1.46169,ZAF,BEL,40
8160182,246,18,139,2001,2910064.0,4842983.0,0.356842,2.006155,ZAF,BEL,40
8160183,246,18,139,1996,1611485.0,7512565.0,0.456593,1.150786,ZAF,BEL,40
8160184,246,18,139,2007,9004200.0,12894295.0,0.349792,1.246052,ZAF,BEL,40
8160185,246,18,139,2006,11980706.0,11919338.0,0.37964499999999995,1.466326,ZAF,BEL,40
8160186,246,18,139,1995,1394958.0,7776191.0,0.468112,1.039817,ZAF,BEL,40
8160187,246,18,139,1998,3494051.0,7520967.0,0.573958,1.3813739999999999,ZAF,BEL,40
8160188,246,18,139,1999,2547253.0,4772719.0,0.543171,1.432792,ZAF,BEL,40
8160189,246,18,139,2000,2688304.0,4698392.0,0.5307529999999999,2.1141810000000003,ZAF,BEL,40
8160190,247,18,139,1995,0.0,102876.0,-0.214763,-0.721675,ZMB,BEL,40
8160191,247,18,139,1997,0.0,277692.0,-0.62183,-0.809639,ZMB,BEL,40
8160192,247,18,139,1998,0.0,1028651.0,-0.383126,-0.501498,ZMB,BEL,40
8160193,247,18,139,2004,0.0,118474.0,-0.9972190000000001,-0.853986,ZMB,BEL,40
8160194,247,18,139,2005,0.0,69080.0,-0.854234,-0.9467399999999999,ZMB,BEL,40
8160195,247,18,139,2007,0.0,196620.0,-0.522838,-0.796874,ZMB,BEL,40
8160196,247,18,139,2008,0.0,358393.0,-0.798489,-0.9437639999999999,ZMB,BEL,40
8160197,247,18,139,2009,0.0,466710.0,-0.6423909999999999,-0.815315,ZMB,BEL,40
8160198,247,18,139,2010,0.0,36113.0,-0.650686,-0.830332,ZMB,BEL,40
8160199,247,18,139,2011,0.0,295348.0,-0.7599,-0.941019,ZMB,BEL,40
8160200,247,18,139,2012,0.0,217767.0,-0.40962200000000004,-0.770245,ZMB,BEL,40
8160201,247,18,139,2013,6622.0,130522.0,-0.382129,-0.5442229999999999,ZMB,BEL,40
8160202,247,18,139,2014,1229.0,152707.0,-0.664089,-0.793452,ZMB,BEL,40
8160203,247,18,139,2015,1593.0,144794.0,-0.44792,-0.769586,ZMB,BEL,40
8160204,247,18,139,2016,0.0,471255.0,-0.632437,-0.968817,ZMB,BEL,40
8160205,247,18,139,2017,0.0,372625.0,-0.8594290000000001,-1.0574459999999999,ZMB,BEL,40
8160206,247,18,139,2018,0.0,356304.0,-0.736064,-0.93958,ZMB,BEL,40
8160207,247,18,139,2019,33217.0,199428.0,-0.629261,-0.8471489999999999,ZMB,BEL,40
8160208,247,18,139,2020,56746.0,309713.0,-0.9162379999999999,-0.9523940000000001,ZMB,BEL,40
8160209,247,18,139,1996,0.0,157459.0,-0.340956,-0.714009,ZMB,BEL,40
8160210,247,18,139,1999,0.0,461202.0,-0.388446,-0.47129099999999996,ZMB,BEL,40
8160211,247,18,139,2000,5203.0,51488.0,-0.761877,-0.6588510000000001,ZMB,BEL,40
8160212,247,18,139,2002,0.0,8222.0,-0.654686,-0.545346,ZMB,BEL,40
8160213,247,18,139,2006,0.0,165399.0,-0.5307,-0.793621,ZMB,BEL,40
8160214,247,18,139,2003,0.0,22262.0,-0.678149,-0.5919449999999999,ZMB,BEL,40
8160215,247,18,139,2001,0.0,12495.0,-0.731193,-0.706978,ZMB,BEL,40
8160216,248,18,139,2011,0.0,84014.0,-0.858662,-0.8632719999999999,ZWE,BEL,40
8160217,248,18,139,2012,0.0,62820.0,-0.8025100000000001,-0.869078,ZWE,BEL,40
8160218,248,18,139,2013,0.0,51441.0,-0.828702,-0.899175,ZWE,BEL,40
8160219,248,18,139,2007,0.0,83328.0,-0.5271399999999999,-0.47033800000000003,ZWE,BEL,40
8160220,248,18,139,2010,0.0,100003.0,-0.869909,-0.8233309999999999,ZWE,BEL,40
8160221,248,18,139,2009,0.0,127884.0,-0.686822,-0.683511,ZWE,BEL,40
8160222,248,18,139,1995,0.0,180866.0,-0.054752999999999996,0.326737,ZWE,BEL,40
8160223,248,18,139,2000,0.0,86283.0,-0.454005,0.082856,ZWE,BEL,40
8160224,248,18,139,2002,0.0,153309.0,-0.309483,0.271457,ZWE,BEL,40
8160225,248,18,139,2004,0.0,53602.0,-0.560593,-0.091112,ZWE,BEL,40
8160226,248,18,139,2005,3654.0,102585.0,-0.559266,-0.395637,ZWE,BEL,40
8160227,248,18,139,2006,0.0,106988.0,-0.41825500000000004,-0.55313,ZWE,BEL,40
8160228,248,18,139,2008,0.0,114325.0,-0.377992,-0.577244,ZWE,BEL,40
8160229,248,18,139,2014,0.0,70265.0,-0.821369,-0.864232,ZWE,BEL,40
8160230,248,18,139,2015,0.0,11142.0,-0.838017,-0.9400270000000001,ZWE,BEL,40
8160231,248,18,139,2019,0.0,12483.0,-0.9993780000000001,-1.018174,ZWE,BEL,40
8160232,248,18,139,2017,0.0,18937.0,-1.101402,-1.0831680000000001,ZWE,BEL,40
8160233,248,18,139,2016,0.0,94706.0,-1.083532,-1.0016610000000001,ZWE,BEL,40
8160234,248,18,139,2001,0.0,169324.0,-0.6321829999999999,-0.453671,ZWE,BEL,40
8160235,248,18,139,2018,0.0,20064.0,-1.181524,-1.0648520000000001,ZWE,BEL,40
8160236,248,18,139,2020,0.0,8144.0,-1.039532,-1.12853,ZWE,BEL,40
8160237,248,18,139,1997,0.0,392557.0,-0.36357399999999995,-0.449161,ZWE,BEL,40
8160238,248,18,139,1996,0.0,317061.0,-0.393769,-0.34379,ZWE,BEL,40
8160239,248,18,139,1999,0.0,65761.0,-0.320533,-0.180527,ZWE,BEL,40
8160240,248,18,139,1998,0.0,289742.0,-0.49939399999999995,-0.430733,ZWE,BEL,40
8160241,248,18,139,2003,0.0,237710.0,-0.366539,-0.18906199999999998,ZWE,BEL,40
8160242,249,18,139,2001,5374667.0,3504529.0,1.5731700000000002,1.353159,TWN,BEL,40
8160243,249,18,139,2002,4471540.0,3681717.0,1.683858,1.333601,TWN,BEL,40
8160244,249,18,139,2007,10895394.0,8528551.0,1.651607,0.974649,TWN,BEL,40
8160245,249,18,139,2009,11140666.0,6260478.0,1.5763120000000002,0.9567950000000001,TWN,BEL,40
8160246,249,18,139,2010,15739058.0,12661713.0,1.766729,0.909335,TWN,BEL,40
8160247,249,18,139,2012,17184023.0,9685648.0,1.6528,0.9437409999999999,TWN,BEL,40
8160248,249,18,139,2013,16206139.0,14658008.0,1.843186,0.9432379999999999,TWN,BEL,40
8160249,249,18,139,2017,14834709.0,4660032.0,2.0548290000000002,1.2552969999999999,TWN,BEL,40
8160250,249,18,139,2018,14275982.0,6655605.0,2.0462540000000002,1.166636,TWN,BEL,40
8160251,249,18,139,2016,7330988.0,3703351.0,2.002996,1.39485,TWN,BEL,40
8160252,249,18,139,2019,14899050.0,5600946.0,2.123296,1.1786969999999999,TWN,BEL,40
8160253,249,18,139,2020,14199704.0,8063555.0,2.0517060000000003,1.205431,TWN,BEL,40
8160254,249,18,139,2011,19155712.0,6834259.0,1.803234,0.921233,TWN,BEL,40
8160255,249,18,139,2014,16099958.0,10002326.0,1.9044189999999999,1.0595139999999998,TWN,BEL,40
8160256,249,18,139,2015,13140427.0,3336548.0,1.962832,1.214982,TWN,BEL,40
8160257,249,18,139,2000,7511165.0,3387322.0,1.44705,1.475122,TWN,BEL,40
8160258,249,18,139,2003,5576818.0,3375041.0,1.5924040000000002,1.397843,TWN,BEL,40
8160259,249,18,139,2005,5437503.0,7322042.0,1.577067,1.3218450000000002,TWN,BEL,40
8160260,249,18,139,2006,7843876.0,7973481.0,1.619915,1.2289940000000001,TWN,BEL,40
8160261,249,18,139,2008,23903652.0,7886125.0,1.611693,0.93875,TWN,BEL,40
8160262,249,18,139,2004,7792188.0,5803404.0,1.626307,1.358315,TWN,BEL,40
8160263,249,18,139,1998,13295066.0,3522373.0,1.224725,1.890322,TWN,BEL,40
8160264,249,18,139,1999,8891400.0,3407402.0,1.336816,1.725334,TWN,BEL,40
8160265,249,18,139,1997,11557348.0,2898993.0,1.317672,1.800561,TWN,BEL,40
8160266,249,18,139,1996,6084892.0,2135147.0,1.432225,1.675389,TWN,BEL,40
8160267,249,18,139,1995,7886570.0,1427553.0,1.345205,1.9337389999999999,TWN,BEL,40
8160268,250,18,139,2010,0.0,129436.0,0.45129600000000003,-0.223517,ANS,BEL,40
8160269,250,18,139,2011,0.0,2627295.0,0.475638,-0.160135,ANS,BEL,40
8160270,250,18,139,2012,0.0,121326.0,0.385997,-0.057784,ANS,BEL,40
8160271,250,18,139,2013,11938.0,213019.0,0.628555,0.277602,ANS,BEL,40
8160272,250,18,139,2014,3210.0,338439.0,0.506842,0.049545,ANS,BEL,40
8160273,250,18,139,2015,51868.0,233683.0,0.377283,-0.092204,ANS,BEL,40
8160274,250,18,139,2016,291170.0,286843.0,0.773312,-0.015385,ANS,BEL,40
8160275,250,18,139,2017,6720.0,311692.0,0.72523,-0.205046,ANS,BEL,40
8160276,250,18,139,2018,0.0,702489.0,0.809991,-0.368737,ANS,BEL,40
8160277,250,18,139,2019,215343.0,858139.0,0.8996129999999999,-0.152746,ANS,BEL,40
8160278,250,18,139,2020,9687.0,176283.0,0.866041,-0.371104,ANS,BEL,40
8160279,250,18,139,2009,0.0,36104.0,0.582246,-0.10603,ANS,BEL,40
8160280,250,18,139,2008,0.0,162345.0,0.547909,-0.5303640000000001,ANS,BEL,40
8160281,250,18,139,2007,0.0,120656.0,0.671936,-0.284418,ANS,BEL,40
8160282,250,18,139,2003,0.0,172117.0,0.45951499999999995,-0.2312,ANS,BEL,40
8160283,250,18,139,1998,0.0,81917.0,1.144164,1.187425,ANS,BEL,40
8160284,250,18,139,1996,8111.0,419959.0,1.084978,0.901755,ANS,BEL,40
8160285,250,18,139,1999,622832.0,41314.0,1.130511,0.9547379999999999,ANS,BEL,40
8160286,250,18,139,1997,0.0,178296.0,1.036748,0.851626,ANS,BEL,40
8160287,250,18,139,2000,0.0,133941.0,1.195891,-0.22544,ANS,BEL,40
8160288,250,18,139,2001,0.0,153474.0,1.096023,-0.33562600000000004,ANS,BEL,40
8160289,250,18,139,1995,1304311.0,1338824.0,1.034518,0.9735149999999999,ANS,BEL,40
8160290,250,18,139,2005,0.0,424122.0,0.63454,-0.41119799999999995,ANS,BEL,40
8160291,250,18,139,2006,0.0,98851.0,0.711619,-0.41880200000000006,ANS,BEL,40
8160292,250,18,139,2002,0.0,228532.0,0.734927,-0.40114099999999997,ANS,BEL,40
8160293,250,18,139,2004,0.0,79801.0,0.509382,-0.30904299999999996,ANS,BEL,40
8160294,1,23,139,2007,0.0,1738.0,-0.745981,-0.682003,AFG,BGR,40
8160295,1,23,139,2012,0.0,2686.0,-0.711192,-1.0911629999999999,AFG,BGR,40
8160296,1,23,139,2011,0.0,8660.0,-0.8426809999999999,-0.640418,AFG,BGR,40
8160297,1,23,139,2010,0.0,3086.0,-0.054633,-0.102103,AFG,BGR,40
8160298,1,23,139,2013,0.0,9078.0,-0.985727,-0.7164550000000001,AFG,BGR,40
8160299,1,23,139,2014,0.0,1119.0,-0.924386,-0.839385,AFG,BGR,40
8160300,1,23,139,2020,0.0,5766.0,-1.178987,-0.815577,AFG,BGR,40
8160301,1,23,139,2000,0.0,4224.0,-0.19908399999999998,-0.519908,AFG,BGR,40
8160302,1,23,139,2006,0.0,35259.0,-0.626011,-0.6799689999999999,AFG,BGR,40
8160303,1,23,139,1997,18914.0,0.0,0.019025999999999998,-0.351461,AFG,BGR,40
8160304,2,23,139,2010,0.0,2879.0,-1.3711010000000001,-1.170608,AGO,BGR,40
8160305,2,23,139,2012,0.0,5154.0,-1.521092,-1.157031,AGO,BGR,40
8160306,2,23,139,2009,0.0,2687.0,-0.809438,-1.190006,AGO,BGR,40
8160307,2,23,139,2011,0.0,17404.0,-1.252991,-1.132314,AGO,BGR,40
8160308,2,23,139,2015,0.0,1072.0,-1.6542,-1.2598989999999999,AGO,BGR,40
8160309,2,23,139,2016,0.0,353.0,-1.313517,-1.262761,AGO,BGR,40
8160310,2,23,139,2019,0.0,583.0,-1.096127,-1.195434,AGO,BGR,40
8160311,2,23,139,1999,0.0,1423.0,-1.383262,-1.20434,AGO,BGR,40
8160312,2,23,139,2001,0.0,2549.0,-1.523823,-1.214093,AGO,BGR,40
8160313,4,23,139,2011,6977.0,45780.0,-0.331435,-0.034828,ALB,BGR,40
8160314,4,23,139,2007,0.0,143558.0,-0.20616700000000002,-0.016993,ALB,BGR,40
8160315,4,23,139,2014,0.0,301635.0,-0.476024,-0.33978400000000003,ALB,BGR,40
8160316,4,23,139,2015,0.0,245290.0,-0.601875,-0.27003,ALB,BGR,40
8160317,4,23,139,2010,0.0,181229.0,-0.5316,-0.219561,ALB,BGR,40
8160318,4,23,139,2012,0.0,34080.0,-0.355898,-0.017434,ALB,BGR,40
8160319,4,23,139,2013,17459.0,138670.0,-0.53682,-0.162391,ALB,BGR,40
8160320,4,23,139,2009,0.0,129009.0,-0.41612200000000005,-0.256639,ALB,BGR,40
8160321,4,23,139,2004,0.0,242047.0,-0.131892,0.14985199999999999,ALB,BGR,40
8160322,4,23,139,2000,0.0,399837.0,-0.083425,0.080963,ALB,BGR,40
8160323,4,23,139,1999,0.0,391379.0,-0.281783,-0.10076399999999999,ALB,BGR,40
8160324,4,23,139,2018,17143.0,300488.0,-0.456481,-0.139655,ALB,BGR,40
8160325,4,23,139,2008,8975.0,192748.0,-0.252894,-0.0071400000000000005,ALB,BGR,40
8160326,4,23,139,2020,15785.0,413525.0,-0.265229,0.059049000000000004,ALB,BGR,40
8160327,4,23,139,2006,0.0,91763.0,-0.340932,-0.06302200000000001,ALB,BGR,40
8160328,4,23,139,2016,17028.0,209435.0,-0.534645,-0.09027,ALB,BGR,40
8160329,4,23,139,2017,8420.0,231977.0,-0.44769899999999996,-0.17193,ALB,BGR,40
8160330,4,23,139,2019,22017.0,365093.0,-0.459614,-0.019257,ALB,BGR,40
8160331,4,23,139,2001,0.0,208557.0,-0.054125,0.104298,ALB,BGR,40
8160332,4,23,139,2005,0.0,288406.0,-0.156823,0.187042,ALB,BGR,40
8160333,4,23,139,2003,0.0,194451.0,-0.053595000000000004,0.166034,ALB,BGR,40
8160334,4,23,139,2002,0.0,221549.0,-0.127828,-0.126857,ALB,BGR,40
8160335,4,23,139,1996,0.0,364405.0,-0.309992,-0.039541,ALB,BGR,40
8160336,4,23,139,1997,0.0,365337.0,-0.32351599999999997,-0.170449,ALB,BGR,40
8160337,4,23,139,1998,0.0,452079.0,-0.37657399999999996,-0.201006,ALB,BGR,40
8160338,6,23,139,2007,0.0,1262.0,0.305773,-0.504676,ANT,BGR,40
8160339,6,23,139,2008,48684.0,0.0,0.31099,-0.536718,ANT,BGR,40
8160340,6,23,139,2009,2712.0,0.0,0.351025,-0.699817,ANT,BGR,40
8160341,7,23,139,2013,62744.0,322809.0,-0.074047,-0.585168,ARE,BGR,40
8160342,7,23,139,2019,185820.0,287634.0,-0.165113,-0.8973540000000001,ARE,BGR,40
8160343,7,23,139,2020,283844.0,565702.0,-0.118349,-0.789485,ARE,BGR,40
8160344,7,23,139,2018,116082.0,666227.0,0.11804400000000001,-0.326851,ARE,BGR,40
8160345,7,23,139,2017,85158.0,128228.0,0.210477,0.02557,ARE,BGR,40
8160346,7,23,139,2014,71324.0,131312.0,0.087775,-0.289459,ARE,BGR,40
8160347,7,23,139,2016,60042.0,51350.0,0.11037999999999999,0.045327,ARE,BGR,40
8160348,7,23,139,2012,94514.0,327906.0,0.45351499999999995,-0.285021,ARE,BGR,40
8160349,7,23,139,2008,180488.0,154226.0,-0.276433,-0.692392,ARE,BGR,40
8160350,7,23,139,2007,167013.0,45907.0,-0.107504,-0.44744300000000004,ARE,BGR,40
8160351,7,23,139,2015,76108.0,182251.0,0.21779600000000002,-0.0047420000000000006,ARE,BGR,40
8160352,7,23,139,2003,71443.0,14429.0,0.049637,-0.502691,ARE,BGR,40
8160353,7,23,139,2011,84213.0,155724.0,0.030652,-0.450808,ARE,BGR,40
8160354,7,23,139,2005,100199.0,15709.0,0.11526600000000001,-0.393171,ARE,BGR,40
8160355,7,23,139,2009,45577.0,265124.0,0.070059,-0.619075,ARE,BGR,40
8160356,7,23,139,2010,298343.0,54791.0,0.29457,-0.196371,ARE,BGR,40
8160357,7,23,139,2000,63897.0,0.0,-0.111384,-0.490415,ARE,BGR,40
8160358,7,23,139,2002,34149.0,14261.0,0.044683,-0.247191,ARE,BGR,40
8160359,7,23,139,2004,73347.0,1622.0,0.1799,-0.34541900000000003,ARE,BGR,40
8160360,7,23,139,2006,84648.0,110725.0,0.053903999999999994,-0.735124,ARE,BGR,40
8160361,7,23,139,1999,90029.0,29947.0,-0.21921,-0.54813,ARE,BGR,40
8160362,7,23,139,2001,152034.0,0.0,-0.193984,-0.457124,ARE,BGR,40
8160363,7,23,139,1996,5256.0,1740.0,-0.245358,-0.726695,ARE,BGR,40
8160364,7,23,139,1997,21243.0,3800.0,-0.042154000000000004,-0.667389,ARE,BGR,40
8160365,7,23,139,1998,11115.0,45266.0,-0.274973,-0.481405,ARE,BGR,40
8160366,8,23,139,2003,2385.0,280400.0,0.302073,0.49069700000000005,ARG,BGR,40
8160367,8,23,139,2004,69746.0,405249.0,0.28128600000000004,0.64115,ARG,BGR,40
8160368,8,23,139,2006,85196.0,918702.0,0.33055,0.665867,ARG,BGR,40
8160369,8,23,139,2007,67592.0,222524.0,0.178214,0.5093850000000001,ARG,BGR,40
8160370,8,23,139,2008,70848.0,109571.0,0.278837,0.496784,ARG,BGR,40
8160371,8,23,139,2009,12809.0,35201.0,0.27637,0.611129,ARG,BGR,40
8160372,8,23,139,2010,0.0,1927.0,0.27458899999999997,0.597907,ARG,BGR,40
8160373,8,23,139,2011,2403.0,6783.0,0.240494,0.540376,ARG,BGR,40
8160374,8,23,139,2012,92615.0,5209.0,0.149423,0.5191979999999999,ARG,BGR,40
8160375,8,23,139,2013,45650.0,1226.0,0.20314300000000002,0.494062,ARG,BGR,40
8160376,8,23,139,2014,2741.0,3040.0,0.10691500000000001,0.44860600000000006,ARG,BGR,40
8160377,8,23,139,2015,0.0,6539.0,0.116896,0.30330999999999997,ARG,BGR,40
8160378,8,23,139,2016,0.0,327786.0,-0.132495,0.16353199999999998,ARG,BGR,40
8160379,8,23,139,2017,2673.0,887640.0,-0.120753,0.233375,ARG,BGR,40
8160380,8,23,139,2018,811.0,654206.0,-0.14316800000000002,0.14356,ARG,BGR,40
8160381,8,23,139,2019,6542.0,430770.0,-0.136634,0.127073,ARG,BGR,40
8160382,8,23,139,2020,6992.0,321175.0,-0.14746199999999998,0.039795,ARG,BGR,40
8160383,8,23,139,2005,66179.0,227985.0,0.383772,0.656866,ARG,BGR,40
8160384,8,23,139,2001,4583.0,31588.0,0.287698,0.547137,ARG,BGR,40
8160385,8,23,139,1997,0.0,23581.0,0.273654,0.495389,ARG,BGR,40
8160386,8,23,139,1998,0.0,47908.0,0.272015,0.45031099999999996,ARG,BGR,40
8160387,8,23,139,1999,0.0,739.0,0.49933500000000003,0.593879,ARG,BGR,40
8160388,8,23,139,2000,780.0,5353.0,0.43928999999999996,0.6839189999999999,ARG,BGR,40
8160389,8,23,139,2002,3484.0,0.0,0.284536,0.517425,ARG,BGR,40
8160390,8,23,139,1996,0.0,950.0,0.167081,0.433612,ARG,BGR,40
8160391,9,23,139,2012,0.0,134502.0,0.49142299999999994,0.033657,ARM,BGR,40
8160392,9,23,139,2013,0.0,174553.0,-0.076922,-0.5781390000000001,ARM,BGR,40
8160393,9,23,139,2014,0.0,785996.0,-0.198322,-0.5918680000000001,ARM,BGR,40
8160394,9,23,139,2015,470.0,134920.0,0.037579,-0.42448800000000003,ARM,BGR,40
8160395,9,23,139,2020,0.0,342757.0,-0.129502,-0.671068,ARM,BGR,40
8160396,9,23,139,1999,0.0,8540.0,0.6218600000000001,-0.174906,ARM,BGR,40
8160397,9,23,139,2005,0.0,19208.0,0.435237,-0.436709,ARM,BGR,40
8160398,9,23,139,2019,2985.0,79775.0,-0.203986,-0.667607,ARM,BGR,40
8160399,9,23,139,2007,0.0,17984.0,0.7169,-0.019251,ARM,BGR,40
8160400,9,23,139,2016,214.0,36407.0,-0.044982999999999995,-0.518007,ARM,BGR,40
8160401,9,23,139,2017,638.0,2178500.0,-0.23846799999999999,-0.658774,ARM,BGR,40
8160402,9,23,139,2018,0.0,47000.0,-0.330516,-0.604744,ARM,BGR,40
8160403,9,23,139,1997,0.0,9117.0,1.178568,0.331529,ARM,BGR,40
8160404,9,23,139,2011,0.0,151248.0,0.543397,-0.029376999999999997,ARM,BGR,40
8160405,9,23,139,2008,0.0,180861.0,0.360609,-0.038343,ARM,BGR,40
8160406,9,23,139,2009,0.0,69580.0,0.24424899999999997,-0.30152399999999996,ARM,BGR,40
8160407,9,23,139,2000,0.0,1049.0,0.857776,-0.020538999999999998,ARM,BGR,40
8160408,9,23,139,2010,0.0,42513.0,0.11632,-0.417048,ARM,BGR,40
8160409,9,23,139,2006,4941.0,28663.0,0.14539100000000002,-0.558014,ARM,BGR,40
8160410,9,23,139,2001,0.0,1721.0,0.834168,0.21458000000000002,ARM,BGR,40
8160411,9,23,139,2002,0.0,31971.0,0.710274,-0.11309000000000001,ARM,BGR,40
8160412,9,23,139,2003,55491.0,57677.0,0.497521,-0.305788,ARM,BGR,40
8160413,9,23,139,2004,52886.0,78395.0,0.661799,-0.140004,ARM,BGR,40
8160414,9,23,139,1996,0.0,3126.0,0.8798090000000001,0.05873300000000001,ARM,BGR,40
8160415,9,23,139,1998,0.0,4605.0,0.848252,-0.159457,ARM,BGR,40
8160416,13,23,139,2005,0.0,1605.0,-0.31409000000000004,-0.728541,ATG,BGR,40
8160417,13,23,139,2006,0.0,55849.0,-0.139051,-0.780321,ATG,BGR,40
8160418,13,23,139,2004,0.0,1461.0,0.257288,-0.645794,ATG,BGR,40
8160419,13,23,139,2007,0.0,30827.0,0.5574899999999999,-0.125609,ATG,BGR,40
8160420,13,23,139,2008,0.0,4199.0,1.041425,0.198248,ATG,BGR,40
8160421,14,23,139,2005,64028.0,478686.0,0.18443099999999998,0.489043,AUS,BGR,40
8160422,14,23,139,2001,0.0,80080.0,0.29463,0.772375,AUS,BGR,40
8160423,14,23,139,2004,21588.0,327041.0,0.196641,0.8139460000000001,AUS,BGR,40
8160424,14,23,139,1998,0.0,72567.0,0.375317,0.8864629999999999,AUS,BGR,40
8160425,14,23,139,1999,19611.0,3602.0,0.357101,0.8857879999999999,AUS,BGR,40
8160426,14,23,139,2003,3002.0,216068.0,0.316879,0.9409489999999999,AUS,BGR,40
8160427,14,23,139,2007,156688.0,143006.0,0.137686,0.451592,AUS,BGR,40
8160428,14,23,139,2008,482449.0,49630.0,-0.171801,-0.012588,AUS,BGR,40
8160429,14,23,139,2009,37898.0,14969.0,-0.109286,0.13586900000000002,AUS,BGR,40
8160430,14,23,139,2010,197571.0,25634.0,-0.276442,0.062023,AUS,BGR,40
8160431,14,23,139,2011,140204.0,255193.0,-0.138148,0.002999,AUS,BGR,40
8160432,14,23,139,2012,76208.0,265222.0,-0.352742,-0.145405,AUS,BGR,40
8160433,14,23,139,2013,47505.0,90433.0,-0.31145700000000004,-0.167628,AUS,BGR,40
8160434,14,23,139,2014,45431.0,122944.0,-0.398273,-0.17128,AUS,BGR,40
8160435,14,23,139,2015,6540.0,113235.0,-0.292325,-0.043489,AUS,BGR,40
8160436,14,23,139,2016,67734.0,166347.0,-0.25955300000000003,0.0011070000000000001,AUS,BGR,40
8160437,14,23,139,2017,2002.0,191274.0,-0.42427200000000004,-0.152921,AUS,BGR,40
8160438,14,23,139,2018,6276.0,279552.0,-0.29687199999999997,-0.123116,AUS,BGR,40
8160439,14,23,139,2019,3339.0,507784.0,-0.294558,-0.180198,AUS,BGR,40
8160440,14,23,139,1995,0.0,16144.0,0.44442,0.789292,AUS,BGR,40
8160441,14,23,139,2006,65239.0,421880.0,0.067166,0.373148,AUS,BGR,40
8160442,14,23,139,2020,115909.0,279880.0,-0.32910500000000004,-0.232963,AUS,BGR,40
8160443,14,23,139,1996,2001.0,22535.0,0.369697,0.78069,AUS,BGR,40
8160444,14,23,139,2002,0.0,225183.0,0.231386,0.771628,AUS,BGR,40
8160445,14,23,139,1997,5656.0,140307.0,0.428555,0.798283,AUS,BGR,40
8160446,14,23,139,2000,594.0,16969.0,0.279804,0.9355540000000001,AUS,BGR,40
8160447,15,23,139,2016,3396375.0,1011654.0,1.759363,0.127262,AUT,BGR,40
8160448,15,23,139,1995,1757169.0,150807.0,2.000295,0.661255,AUT,BGR,40
8160449,15,23,139,1996,3442341.0,1459303.0,1.9216669999999998,0.659388,AUT,BGR,40
8160450,15,23,139,1997,5230650.0,2451709.0,1.8926189999999998,0.624346,AUT,BGR,40
8160451,15,23,139,2005,8700375.0,12226350.0,1.808359,0.148177,AUT,BGR,40
8160452,15,23,139,1999,5852001.0,2643369.0,1.836804,0.744312,AUT,BGR,40
8160453,15,23,139,2000,2875473.0,3195535.0,1.842429,0.464405,AUT,BGR,40
8160454,15,23,139,2011,5593196.0,12988161.0,1.687634,-0.229095,AUT,BGR,40
8160455,15,23,139,2003,3767497.0,8003820.0,1.834977,0.408096,AUT,BGR,40
8160456,15,23,139,2004,5488822.0,7417801.0,1.825391,0.40553,AUT,BGR,40
8160457,15,23,139,2006,9058421.0,8671133.0,1.775669,0.192717,AUT,BGR,40
8160458,15,23,139,2007,9214869.0,6959945.0,1.730088,-0.045543,AUT,BGR,40
8160459,15,23,139,2008,7608207.0,3581321.0,1.634816,-0.078419,AUT,BGR,40
8160460,15,23,139,2009,6168089.0,412928.0,1.651325,-0.020794,AUT,BGR,40
8160461,15,23,139,2010,4637992.0,1815906.0,1.724315,-0.29379099999999997,AUT,BGR,40
8160462,15,23,139,2012,5404443.0,2168687.0,1.6092870000000001,-0.29859,AUT,BGR,40
8160463,15,23,139,2013,6307795.0,243357.0,1.7209240000000001,-0.286892,AUT,BGR,40
8160464,15,23,139,2014,5025234.0,669024.0,1.7116790000000002,-0.140232,AUT,BGR,40
8160465,15,23,139,2015,3984206.0,924899.0,1.747098,-0.08026699999999999,AUT,BGR,40
8160466,15,23,139,2017,3780437.0,1227233.0,1.728623,-0.031045999999999997,AUT,BGR,40
8160467,15,23,139,2018,3916840.0,1466979.0,1.774488,-0.21117800000000003,AUT,BGR,40
8160468,15,23,139,2019,2887864.0,2785896.0,1.743927,-0.076778,AUT,BGR,40
8160469,15,23,139,2020,2976782.0,2910717.0,1.6711310000000001,0.059096,AUT,BGR,40
8160470,15,23,139,1998,7186106.0,4962149.0,1.891966,0.508137,AUT,BGR,40
8160471,15,23,139,2002,3736142.0,6293010.0,1.8651200000000001,0.48423900000000003,AUT,BGR,40
8160472,15,23,139,2001,2656248.0,3856147.0,1.8571650000000002,0.603191,AUT,BGR,40
8160473,16,23,139,2011,0.0,14563.0,-1.313136,-1.189989,AZE,BGR,40
8160474,16,23,139,2013,0.0,101345.0,-0.9232870000000001,-1.165928,AZE,BGR,40
8160475,16,23,139,2014,0.0,63655.0,-0.909508,-1.165158,AZE,BGR,40
8160476,16,23,139,2015,0.0,48502.0,-0.983347,-1.231542,AZE,BGR,40
8160477,16,23,139,2016,0.0,27847.0,-0.909744,-1.180449,AZE,BGR,40
8160478,16,23,139,2017,0.0,38875.0,-1.022455,-1.199225,AZE,BGR,40
8160479,16,23,139,2018,0.0,23117.0,-1.144089,-1.224327,AZE,BGR,40
8160480,16,23,139,2019,0.0,41842.0,-1.005636,-1.2094209999999999,AZE,BGR,40
8160481,16,23,139,2020,0.0,31680.0,-1.142366,-1.2529190000000001,AZE,BGR,40
8160482,16,23,139,2008,0.0,150435.0,-0.7143109999999999,-1.114747,AZE,BGR,40
8160483,16,23,139,2009,0.0,13605.0,-1.124423,-1.228081,AZE,BGR,40
8160484,16,23,139,2000,0.0,3592.0,-0.08565700000000001,-0.726073,AZE,BGR,40
8160485,16,23,139,2002,14243.0,0.0,-0.41282299999999994,-0.967931,AZE,BGR,40
8160486,16,23,139,2003,0.0,4515.0,-0.304606,-0.975453,AZE,BGR,40
8160487,16,23,139,2006,0.0,108749.0,-0.521304,-1.035764,AZE,BGR,40
8160488,16,23,139,2007,0.0,94391.0,-0.897342,-1.174224,AZE,BGR,40
8160489,16,23,139,2010,0.0,59045.0,-1.048424,-1.2030370000000001,AZE,BGR,40
8160490,16,23,139,2012,0.0,101210.0,-0.827783,-1.158852,AZE,BGR,40
8160491,16,23,139,2005,0.0,16655.0,-0.272611,-0.9508709999999999,AZE,BGR,40
8160492,16,23,139,2001,0.0,4003.0,-0.6731090000000001,-1.037922,AZE,BGR,40
8160493,16,23,139,1996,0.0,11934.0,0.500442,-0.280796,AZE,BGR,40
8160494,16,23,139,2004,0.0,21394.0,-0.393221,-0.9494440000000001,AZE,BGR,40
8160495,16,23,139,1997,8947.0,10455.0,0.290957,-0.18282,AZE,BGR,40
8160496,18,23,139,2016,11157331.0,1156655.0,1.3102610000000001,1.214573,BEL,BGR,40
8160497,18,23,139,2017,12338276.0,2094445.0,1.292657,1.19571,BEL,BGR,40
8160498,18,23,139,2018,16039699.0,5162874.0,1.270641,1.201063,BEL,BGR,40
8160499,18,23,139,2019,12919370.0,7562016.0,1.2555969999999999,1.168642,BEL,BGR,40
8160500,18,23,139,2020,10740285.0,11564212.0,1.204632,1.278346,BEL,BGR,40
8160501,18,23,139,1996,1021859.0,2559033.0,1.549312,1.273767,BEL,BGR,40
8160502,18,23,139,2009,5692129.0,1725399.0,1.272011,1.074548,BEL,BGR,40
8160503,18,23,139,2010,5458791.0,2157887.0,1.2224270000000002,1.1276,BEL,BGR,40
8160504,18,23,139,2012,6692204.0,1697307.0,1.107155,1.448274,BEL,BGR,40
8160505,18,23,139,2013,7063195.0,2458081.0,1.316207,0.972601,BEL,BGR,40
8160506,18,23,139,2014,7592247.0,2113002.0,1.234156,1.226441,BEL,BGR,40
8160507,18,23,139,2015,8581686.0,1134649.0,1.329866,1.100641,BEL,BGR,40
8160508,18,23,139,1995,1661908.0,7692096.0,1.615588,1.394102,BEL,BGR,40
8160509,18,23,139,1997,665291.0,2918883.0,1.4274069999999999,1.490435,BEL,BGR,40
8160510,18,23,139,2000,898374.0,8621767.0,1.403838,1.349607,BEL,BGR,40
8160511,18,23,139,2001,1574007.0,7704092.0,1.4328370000000001,1.408495,BEL,BGR,40
8160512,18,23,139,2002,1051426.0,7748757.0,1.4097469999999999,1.440169,BEL,BGR,40
8160513,18,23,139,2003,1384268.0,6296098.0,1.361682,1.39536,BEL,BGR,40
8160514,18,23,139,2004,2137803.0,6339499.0,1.350911,1.408209,BEL,BGR,40
8160515,18,23,139,2005,2854835.0,8479396.0,1.275296,1.345063,BEL,BGR,40
8160516,18,23,139,2006,3382120.0,8084342.0,1.2222540000000002,1.383027,BEL,BGR,40
8160517,18,23,139,2007,6253856.0,8286675.0,1.2880479999999999,1.145724,BEL,BGR,40
8160518,18,23,139,2008,8267378.0,3945491.0,1.297416,0.9716549999999999,BEL,BGR,40
8160519,18,23,139,2011,7018733.0,930020.0,1.221703,1.247961,BEL,BGR,40
8160520,18,23,139,1999,1632897.0,9714019.0,1.512061,1.253478,BEL,BGR,40
8160521,18,23,139,1998,2575388.0,4985139.0,1.4740739999999999,1.2530430000000001,BEL,BGR,40
8160522,19,23,139,2019,0.0,6589.0,-0.861242,-0.8837440000000001,BEN,BGR,40
8160523,19,23,139,2006,0.0,6402.0,-0.8434360000000001,-0.798307,BEN,BGR,40
8160524,21,23,139,2017,0.0,2334.0,-1.100802,-1.0632110000000001,BFA,BGR,40
8160525,21,23,139,2011,0.0,318.0,-1.163278,-1.002332,BFA,BGR,40
8160526,21,23,139,2016,0.0,1988.0,-1.0885790000000002,-1.027005,BFA,BGR,40
8160527,21,23,139,2018,0.0,1279.0,-0.8835200000000001,-0.9790620000000001,BFA,BGR,40
8160528,21,23,139,2015,0.0,1340.0,-1.085359,-1.034365,BFA,BGR,40
8160529,21,23,139,2004,0.0,4737.0,-1.000801,-1.00024,BFA,BGR,40
8160530,22,23,139,2007,0.0,13146.0,-0.9436469999999999,-0.7200310000000001,BGD,BGR,40
8160531,22,23,139,2008,0.0,3630.0,-0.852774,-0.766779,BGD,BGR,40
8160532,22,23,139,2011,0.0,1446.0,-1.074416,-0.8276370000000001,BGD,BGR,40
8160533,22,23,139,2019,0.0,3861.0,-1.113148,-0.9513299999999999,BGD,BGR,40
8160534,22,23,139,1997,0.0,7507.0,-1.027777,-1.048214,BGD,BGR,40
8160535,22,23,139,2000,0.0,706.0,-1.037212,-0.964965,BGD,BGR,40
8160536,22,23,139,2009,0.0,8845.0,-1.030722,-0.860137,BGD,BGR,40
8160537,22,23,139,2010,3453.0,0.0,-0.974526,-0.76566,BGD,BGR,40
8160538,22,23,139,2012,0.0,12142.0,-0.8932610000000001,-0.762658,BGD,BGR,40
8160539,24,23,139,2018,0.0,844.0,0.318352,-0.69221,BHR,BGR,40
8160540,24,23,139,2014,0.0,1239.0,0.460168,-0.41671099999999994,BHR,BGR,40
8160541,24,23,139,2017,0.0,5014.0,0.485479,-0.5348890000000001,BHR,BGR,40
8160542,24,23,139,2015,0.0,733.0,0.36650900000000003,-0.28735,BHR,BGR,40
8160543,24,23,139,2016,0.0,63950.0,0.323348,-0.514446,BHR,BGR,40
8160544,24,23,139,2019,0.0,21826.0,0.378349,-0.621468,BHR,BGR,40
8160545,24,23,139,2006,0.0,3370.0,0.172724,-0.9449879999999999,BHR,BGR,40
8160546,24,23,139,2008,0.0,2778.0,0.335334,-0.81372,BHR,BGR,40
8160547,24,23,139,2004,0.0,9788.0,0.045344999999999996,-1.001059,BHR,BGR,40
8160548,24,23,139,2007,0.0,2502.0,0.500846,-0.845449,BHR,BGR,40
8160549,24,23,139,2012,0.0,4276.0,0.019798,-0.848549,BHR,BGR,40
8160550,24,23,139,2002,0.0,12169.0,-0.146585,-1.006558,BHR,BGR,40
8160551,24,23,139,2020,0.0,1207.0,0.379085,-0.634111,BHR,BGR,40
8160552,24,23,139,2003,0.0,20028.0,-0.10968800000000001,-1.041032,BHR,BGR,40
8160553,24,23,139,2005,0.0,497.0,0.19583599999999998,-0.946515,BHR,BGR,40
8160554,25,23,139,2005,0.0,3680.0,0.299331,-0.641232,BHS,BGR,40
8160555,25,23,139,2007,0.0,3437.0,0.502698,-0.538612,BHS,BGR,40
8160556,25,23,139,2002,0.0,2335.0,0.641626,-0.37892800000000004,BHS,BGR,40
8160557,25,23,139,2006,0.0,1217.0,0.673694,-0.519608,BHS,BGR,40
8160558,25,23,139,2008,0.0,4120.0,0.470359,-0.5418890000000001,BHS,BGR,40
8160559,26,23,139,2017,180118.0,234733.0,0.43245,0.726721,BIH,BGR,40
8160560,26,23,139,2018,6249.0,157035.0,0.526392,0.742398,BIH,BGR,40
8160561,26,23,139,2007,1796.0,21209.0,0.46303199999999994,0.596178,BIH,BGR,40
8160562,26,23,139,2008,0.0,45181.0,0.480256,0.810361,BIH,BGR,40
8160563,26,23,139,2009,0.0,65699.0,0.519113,0.762582,BIH,BGR,40
8160564,26,23,139,2010,0.0,117160.0,0.462275,0.830405,BIH,BGR,40
8160565,26,23,139,2012,4405.0,133002.0,0.519844,0.794082,BIH,BGR,40
8160566,26,23,139,2013,0.0,215894.0,0.46743199999999996,0.7340800000000001,BIH,BGR,40
8160567,26,23,139,2014,0.0,237372.0,0.5083300000000001,0.711704,BIH,BGR,40
8160568,26,23,139,2003,1775.0,18246.0,0.195667,0.347011,BIH,BGR,40
8160569,26,23,139,2019,3917.0,137264.0,0.6525,0.83988,BIH,BGR,40
8160570,26,23,139,2011,0.0,112856.0,0.391425,0.6066600000000001,BIH,BGR,40
8160571,26,23,139,2020,44109.0,528875.0,0.5449470000000001,0.91781,BIH,BGR,40
8160572,26,23,139,2015,0.0,177896.0,0.355903,0.723092,BIH,BGR,40
8160573,26,23,139,2016,0.0,211017.0,0.47827700000000006,0.5643100000000001,BIH,BGR,40
8160574,26,23,139,2006,2295.0,196554.0,0.40788800000000003,0.562854,BIH,BGR,40
8160575,26,23,139,2002,2014.0,23871.0,0.26339,0.30287,BIH,BGR,40
8160576,26,23,139,2005,9310.0,71047.0,0.273972,0.468758,BIH,BGR,40
8160577,26,23,139,2004,6284.0,53308.0,0.385952,0.571774,BIH,BGR,40
8160578,26,23,139,1996,0.0,3807.0,0.679466,0.730425,BIH,BGR,40
8160579,26,23,139,1997,115506.0,21910.0,0.459512,0.194939,BIH,BGR,40
8160580,26,23,139,1998,0.0,18395.0,0.290661,0.18068299999999998,BIH,BGR,40
8160581,26,23,139,2000,0.0,52303.0,0.283451,0.31568,BIH,BGR,40
8160582,26,23,139,2001,0.0,28618.0,0.238083,0.362643,BIH,BGR,40
8160583,26,23,139,1999,0.0,38342.0,0.366494,0.298229,BIH,BGR,40
8160584,28,23,139,2020,7347042.0,273260.0,0.858776,1.085652,BLR,BGR,40
8160585,28,23,139,2002,336651.0,517701.0,0.825865,1.0148979999999999,BLR,BGR,40
8160586,28,23,139,2003,408063.0,29428.0,0.847358,0.9307719999999999,BLR,BGR,40
8160587,28,23,139,2004,1340444.0,49853.0,0.8553139999999999,0.703926,BLR,BGR,40
8160588,28,23,139,2009,3897460.0,209899.0,0.977663,0.549549,BLR,BGR,40
8160589,28,23,139,2019,7476725.0,209568.0,0.7849649999999999,0.8951600000000001,BLR,BGR,40
8160590,28,23,139,2016,3241919.0,75401.0,0.773807,0.827442,BLR,BGR,40
8160591,28,23,139,2017,4565315.0,124017.0,0.8115829999999999,0.8323459999999999,BLR,BGR,40
8160592,28,23,139,1998,1458210.0,213402.0,0.9122049999999999,1.161741,BLR,BGR,40
8160593,28,23,139,1999,1843660.0,199337.0,0.7516579999999999,1.169072,BLR,BGR,40
8160594,28,23,139,2000,620455.0,144861.0,0.646336,0.8651780000000001,BLR,BGR,40
8160595,28,23,139,2001,569813.0,132463.0,0.804404,0.936773,BLR,BGR,40
8160596,28,23,139,2005,1420737.0,24787.0,0.934699,0.46211800000000003,BLR,BGR,40
8160597,28,23,139,2006,4256551.0,135402.0,0.919853,0.384409,BLR,BGR,40
8160598,28,23,139,2007,4789845.0,137433.0,1.0435889999999999,0.415603,BLR,BGR,40
8160599,28,23,139,2008,5468533.0,119974.0,0.9869,0.38977399999999995,BLR,BGR,40
8160600,28,23,139,2010,5381688.0,154583.0,0.969851,0.593386,BLR,BGR,40
8160601,28,23,139,2011,6151326.0,95458.0,0.8786729999999999,0.442097,BLR,BGR,40
8160602,28,23,139,2012,10571051.0,368439.0,1.066605,0.6785399999999999,BLR,BGR,40
8160603,28,23,139,2013,7708116.0,238517.0,1.036923,0.864568,BLR,BGR,40
8160604,28,23,139,2014,6244799.0,376603.0,0.874108,0.676231,BLR,BGR,40
8160605,28,23,139,2015,4124773.0,49939.0,0.672499,0.5584020000000001,BLR,BGR,40
8160606,28,23,139,2018,8668959.0,221892.0,0.850089,0.8332870000000001,BLR,BGR,40
8160607,28,23,139,1996,1702784.0,160863.0,0.7285550000000001,0.660716,BLR,BGR,40
8160608,28,23,139,1997,2474538.0,203049.0,0.563179,0.339149,BLR,BGR,40
8160609,29,23,139,2018,0.0,47180.0,-0.15867699999999998,-0.6393989999999999,BLZ,BGR,40
8160610,29,23,139,2008,0.0,2713.0,-0.922266,-0.881167,BLZ,BGR,40
8160611,29,23,139,2006,0.0,1186.0,-0.584902,-0.82437,BLZ,BGR,40
8160612,31,23,139,2017,0.0,12867.0,-1.158425,-1.076242,BOL,BGR,40
8160613,31,23,139,2018,0.0,16657.0,-1.153953,-1.070749,BOL,BGR,40
8160614,31,23,139,2014,0.0,8098.0,-1.129494,-1.030198,BOL,BGR,40
8160615,32,23,139,2009,843647.0,131469.0,0.35447199999999995,0.8522360000000001,BRA,BGR,40
8160616,32,23,139,2010,1419834.0,122278.0,0.40715500000000004,0.6208100000000001,BRA,BGR,40
8160617,32,23,139,2011,1118840.0,41975.0,0.27718400000000004,0.5674319999999999,BRA,BGR,40
8160618,32,23,139,2012,692781.0,6933.0,0.305614,0.6357189999999999,BRA,BGR,40
8160619,32,23,139,2014,268491.0,46805.0,0.218223,0.556921,BRA,BGR,40
8160620,32,23,139,2016,200167.0,419810.0,0.245919,0.661809,BRA,BGR,40
8160621,32,23,139,1995,0.0,15525.0,0.687171,1.188647,BRA,BGR,40
8160622,32,23,139,1996,48951.0,9238.0,0.699658,1.271724,BRA,BGR,40
8160623,32,23,139,2000,26479.0,0.0,0.792556,1.219394,BRA,BGR,40
8160624,32,23,139,2001,46632.0,0.0,0.672496,1.051848,BRA,BGR,40
8160625,32,23,139,2002,26764.0,0.0,0.677883,1.0227190000000002,BRA,BGR,40
8160626,32,23,139,2003,117952.0,0.0,0.660576,1.118876,BRA,BGR,40
8160627,32,23,139,2004,170939.0,0.0,0.540718,1.149065,BRA,BGR,40
8160628,32,23,139,2005,491307.0,1251.0,0.567638,1.139122,BRA,BGR,40
8160629,32,23,139,2006,707860.0,2348.0,0.633889,1.1474520000000001,BRA,BGR,40
8160630,32,23,139,2007,898064.0,52198.0,0.582859,1.137225,BRA,BGR,40
8160631,32,23,139,2008,1374425.0,126468.0,0.444687,0.904332,BRA,BGR,40
8160632,32,23,139,2013,396731.0,30266.0,0.14765899999999998,0.399262,BRA,BGR,40
8160633,32,23,139,2015,272609.0,411601.0,0.23656799999999997,0.688607,BRA,BGR,40
8160634,32,23,139,2017,167498.0,856220.0,0.145224,0.483461,BRA,BGR,40
8160635,32,23,139,2018,122043.0,793092.0,0.143397,0.582092,BRA,BGR,40
8160636,32,23,139,2019,268225.0,993706.0,0.076947,0.660604,BRA,BGR,40
8160637,32,23,139,2020,374299.0,145198.0,0.054622000000000004,0.532291,BRA,BGR,40
8160638,32,23,139,1998,32971.0,0.0,0.768101,1.04589,BRA,BGR,40
8160639,32,23,139,1997,3309.0,72316.0,0.718336,1.203066,BRA,BGR,40
8160640,32,23,139,1999,11858.0,0.0,0.762468,1.191759,BRA,BGR,40
8160641,33,23,139,2009,0.0,1779.0,0.8652620000000001,0.796057,BRB,BGR,40
8160642,33,23,139,2019,0.0,2086.0,0.6228199999999999,-0.10803499999999999,BRB,BGR,40
8160643,39,23,139,2001,7704.0,4654.0,0.971827,1.105171,CAN,BGR,40
8160644,39,23,139,2002,2031.0,0.0,0.9963280000000001,1.1922110000000001,CAN,BGR,40
8160645,39,23,139,2003,27780.0,30967.0,0.9791540000000001,1.185081,CAN,BGR,40
8160646,39,23,139,2004,189321.0,60859.0,0.9392739999999999,1.19228,CAN,BGR,40
8160647,39,23,139,2005,170039.0,108484.0,0.9895149999999999,1.0437459999999998,CAN,BGR,40
8160648,39,23,139,2006,133175.0,134042.0,0.865685,1.1480489999999999,CAN,BGR,40
8160649,39,23,139,2007,111640.0,145544.0,0.77681,1.20517,CAN,BGR,40
8160650,39,23,139,2008,238867.0,139069.0,0.684659,1.085312,CAN,BGR,40
8160651,39,23,139,2009,110890.0,61833.0,0.6778069999999999,1.278402,CAN,BGR,40
8160652,39,23,139,2010,25385.0,59322.0,0.752421,1.2208510000000001,CAN,BGR,40
8160653,39,23,139,2011,35821.0,482054.0,0.754813,1.1967290000000002,CAN,BGR,40
8160654,39,23,139,2012,19728.0,371165.0,0.693098,1.132064,CAN,BGR,40
8160655,39,23,139,2013,16312.0,337790.0,0.719649,1.017046,CAN,BGR,40
8160656,39,23,139,2014,20455.0,270725.0,0.671395,1.024683,CAN,BGR,40
8160657,39,23,139,2015,44799.0,299469.0,0.695867,1.171676,CAN,BGR,40
8160658,39,23,139,2016,137618.0,279626.0,0.6579050000000001,1.12259,CAN,BGR,40
8160659,39,23,139,2017,25181.0,153399.0,0.73897,1.206402,CAN,BGR,40
8160660,39,23,139,2018,16596.0,234063.0,0.666822,1.218593,CAN,BGR,40
8160661,39,23,139,2019,46241.0,180560.0,0.657292,1.187872,CAN,BGR,40
8160662,39,23,139,2020,20657.0,66388.0,0.609267,1.1890479999999999,CAN,BGR,40
8160663,39,23,139,2000,1907.0,2983.0,1.056577,1.12931,CAN,BGR,40
8160664,39,23,139,1999,5874.0,819.0,1.083572,1.08026,CAN,BGR,40
8160665,39,23,139,1995,5923.0,0.0,1.077804,1.0724200000000002,CAN,BGR,40
8160666,39,23,139,1996,0.0,3810.0,1.155706,1.1127049999999998,CAN,BGR,40
8160667,39,23,139,1997,955.0,11504.0,1.109494,1.178772,CAN,BGR,40
8160668,39,23,139,1998,6585.0,2941.0,1.077343,1.119161,CAN,BGR,40
8160669,41,23,139,2015,329757.0,293596.0,2.306075,0.720781,CHE,BGR,40
8160670,41,23,139,2014,424674.0,231285.0,2.2000919999999997,0.65398,CHE,BGR,40
8160671,41,23,139,2005,210274.0,235616.0,2.0461709999999997,0.615855,CHE,BGR,40
8160672,41,23,139,2011,346490.0,17149.0,2.2644029999999997,0.406131,CHE,BGR,40
8160673,41,23,139,2010,580244.0,44206.0,2.1492080000000002,0.556424,CHE,BGR,40
8160674,41,23,139,2002,119909.0,164896.0,2.218095,0.620946,CHE,BGR,40
8160675,41,23,139,2003,191094.0,44027.0,2.151037,0.711217,CHE,BGR,40
8160676,41,23,139,2004,172922.0,58909.0,2.151471,0.7196279999999999,CHE,BGR,40
8160677,41,23,139,2006,322290.0,229002.0,2.052534,0.515523,CHE,BGR,40
8160678,41,23,139,2007,270871.0,97596.0,2.0198080000000003,0.42277200000000004,CHE,BGR,40
8160679,41,23,139,2008,410972.0,65167.0,1.978404,0.368694,CHE,BGR,40
8160680,41,23,139,2009,190268.0,32192.0,2.124438,0.484861,CHE,BGR,40
8160681,41,23,139,2012,426945.0,114311.0,2.060769,0.562718,CHE,BGR,40
8160682,41,23,139,2013,425220.0,79672.0,2.2104470000000003,0.5403479999999999,CHE,BGR,40
8160683,41,23,139,2016,423233.0,305057.0,2.3488689999999997,0.806291,CHE,BGR,40
8160684,41,23,139,2017,450617.0,582385.0,2.2557810000000003,0.845459,CHE,BGR,40
8160685,41,23,139,2018,827264.0,1384496.0,2.2324330000000003,0.7801560000000001,CHE,BGR,40
8160686,41,23,139,2019,788747.0,1313445.0,2.1990849999999997,0.8394229999999999,CHE,BGR,40
8160687,41,23,139,2020,650089.0,1613399.0,2.184038,0.900965,CHE,BGR,40
8160688,41,23,139,1999,308675.0,6165.0,2.189934,0.741428,CHE,BGR,40
8160689,41,23,139,2000,112540.0,18755.0,2.197959,0.489989,CHE,BGR,40
8160690,41,23,139,2001,69942.0,24031.0,2.227246,0.553956,CHE,BGR,40
8160691,41,23,139,1998,829345.0,11319.0,2.252965,0.561806,CHE,BGR,40
8160692,41,23,139,1996,312909.0,110057.0,2.246238,0.603288,CHE,BGR,40
8160693,41,23,139,1995,321508.0,0.0,2.1893029999999998,0.82765,CHE,BGR,40
8160694,41,23,139,1997,429583.0,55684.0,2.280163,0.597819,CHE,BGR,40
8160695,42,23,139,2005,0.0,5555.0,-0.168344,-0.43438999999999994,CHL,BGR,40
8160696,42,23,139,2006,0.0,5331.0,-0.188298,-0.46778000000000003,CHL,BGR,40
8160697,42,23,139,2014,0.0,12236.0,-0.344671,-0.43380799999999997,CHL,BGR,40
8160698,42,23,139,2015,0.0,892.0,-0.356167,-0.47629399999999994,CHL,BGR,40
8160699,42,23,139,2016,0.0,26680.0,-0.385519,-0.470495,CHL,BGR,40
8160700,42,23,139,2017,222357.0,267678.0,-0.378693,-0.492983,CHL,BGR,40
8160701,42,23,139,2018,8624.0,581646.0,-0.37677,-0.49605299999999997,CHL,BGR,40
8160702,42,23,139,2019,0.0,374740.0,-0.34416199999999997,-0.432674,CHL,BGR,40
8160703,42,23,139,2020,0.0,476138.0,-0.307923,-0.565983,CHL,BGR,40
8160704,42,23,139,2007,0.0,17276.0,-0.306846,-0.57431,CHL,BGR,40
8160705,42,23,139,2008,0.0,56670.0,-0.293985,-0.349554,CHL,BGR,40
8160706,42,23,139,2011,0.0,2692.0,-0.199877,-0.353009,CHL,BGR,40
8160707,42,23,139,2012,0.0,3490.0,-0.333891,-0.45610200000000006,CHL,BGR,40
8160708,42,23,139,2003,0.0,2991.0,-0.06375900000000001,-0.156808,CHL,BGR,40
8160709,42,23,139,1999,0.0,688.0,0.041013,-0.111553,CHL,BGR,40
8160710,42,23,139,2004,5809.0,3948.0,-0.07869,-0.33641,CHL,BGR,40
8160711,43,23,139,1995,72864.0,46519.0,0.387897,3.2147919999999996,CHN,BGR,40
8160712,43,23,139,1996,39521.0,26065.0,0.404422,3.061344,CHN,BGR,40
8160713,43,23,139,1997,60128.0,310114.0,0.36051300000000003,3.287322,CHN,BGR,40
8160714,43,23,139,1998,221333.0,0.0,0.3658,3.231258,CHN,BGR,40
8160715,43,23,139,1999,221481.0,0.0,0.386094,3.270089,CHN,BGR,40
8160716,43,23,139,2000,283137.0,0.0,0.478362,3.156111,CHN,BGR,40
8160717,43,23,139,2001,339002.0,9805.0,0.525171,3.092963,CHN,BGR,40
8160718,43,23,139,2002,599038.0,47739.0,0.576746,2.7995520000000003,CHN,BGR,40
8160719,43,23,139,2003,937169.0,1391.0,0.579431,2.773139,CHN,BGR,40
8160720,43,23,139,2004,1242173.0,290041.0,0.581548,2.8689880000000003,CHN,BGR,40
8160721,43,23,139,2005,2794877.0,158119.0,0.608256,2.8242220000000002,CHN,BGR,40
8160722,43,23,139,2007,8501890.0,253204.0,0.801547,2.321052,CHN,BGR,40
8160723,43,23,139,2008,12108183.0,377260.0,0.929285,1.8917259999999998,CHN,BGR,40
8160724,43,23,139,2009,7291546.0,763490.0,0.898623,2.08703,CHN,BGR,40
8160725,43,23,139,2010,9543518.0,2474599.0,0.922493,2.0176,CHN,BGR,40
8160726,43,23,139,2011,11950918.0,3093073.0,1.072299,1.686826,CHN,BGR,40
8160727,43,23,139,2012,12520281.0,2162664.0,1.095682,1.354837,CHN,BGR,40
8160728,43,23,139,2013,13995374.0,3279789.0,1.113767,1.477496,CHN,BGR,40
8160729,43,23,139,2014,19502946.0,2687071.0,1.187557,1.222085,CHN,BGR,40
8160730,43,23,139,2015,16758497.0,1734425.0,1.077143,1.735757,CHN,BGR,40
8160731,43,23,139,2016,19125498.0,1163245.0,1.1073620000000002,1.723098,CHN,BGR,40
8160732,43,23,139,2017,24194329.0,1881378.0,1.1127790000000002,1.56869,CHN,BGR,40
8160733,43,23,139,2018,20028484.0,2140811.0,1.200689,1.2822,CHN,BGR,40
8160734,43,23,139,2019,19671899.0,2645317.0,1.196265,1.2258870000000002,CHN,BGR,40
8160735,43,23,139,2020,20597226.0,1617005.0,1.187837,1.2237770000000001,CHN,BGR,40
8160736,43,23,139,2006,5158164.0,258472.0,0.737888,2.54966,CHN,BGR,40
8160737,44,23,139,2009,51952.0,0.0,-0.924681,-0.801371,CIV,BGR,40
8160738,44,23,139,2015,126839.0,1492.0,-0.856142,-0.905292,CIV,BGR,40
8160739,44,23,139,2014,219164.0,0.0,-0.737625,-0.768728,CIV,BGR,40
8160740,44,23,139,2007,49942.0,5324.0,-0.9989110000000001,-0.867232,CIV,BGR,40
8160741,44,23,139,2006,80436.0,7056.0,-0.8918530000000001,-0.8145819999999999,CIV,BGR,40
8160742,44,23,139,2013,129367.0,12044.0,-0.923558,-0.866642,CIV,BGR,40
8160743,44,23,139,2016,59493.0,862.0,-0.88415,-0.8122689999999999,CIV,BGR,40
8160744,44,23,139,2017,927134.0,0.0,-0.784119,-0.904135,CIV,BGR,40
8160745,44,23,139,2018,377066.0,0.0,-0.8733569999999999,-0.8443139999999999,CIV,BGR,40
8160746,44,23,139,2019,286883.0,46125.0,-0.9916719999999999,-0.960625,CIV,BGR,40
8160747,44,23,139,2001,4242.0,0.0,-0.715949,-0.524428,CIV,BGR,40
8160748,44,23,139,2004,0.0,16507.0,-0.8490979999999999,-0.754732,CIV,BGR,40
8160749,44,23,139,2005,28322.0,0.0,-0.900386,-0.804689,CIV,BGR,40
8160750,44,23,139,2010,137029.0,0.0,-1.256641,-0.946767,CIV,BGR,40
8160751,44,23,139,2011,169156.0,779.0,-1.069474,-0.867439,CIV,BGR,40
8160752,44,23,139,2012,316801.0,0.0,-0.9721879999999999,-0.837227,CIV,BGR,40
8160753,44,23,139,1995,0.0,4259.0,-0.781656,-0.74293,CIV,BGR,40
8160754,44,23,139,1996,30456.0,4245.0,-0.8720459999999999,-0.7904479999999999,CIV,BGR,40
8160755,44,23,139,2020,476163.0,3120.0,-1.2299200000000001,-1.095777,CIV,BGR,40
8160756,45,23,139,2009,20942.0,0.0,-1.128734,-1.022546,CMR,BGR,40
8160757,45,23,139,2013,83690.0,0.0,-0.901531,-1.027111,CMR,BGR,40
8160758,45,23,139,2014,80223.0,0.0,-0.6723520000000001,-0.945084,CMR,BGR,40
8160759,45,23,139,2018,12688.0,0.0,-1.366619,-1.09894,CMR,BGR,40
8160760,45,23,139,1995,0.0,16891.0,-1.121716,-0.9758020000000001,CMR,BGR,40
8160761,45,23,139,2010,40841.0,0.0,-1.114209,-1.0127899999999999,CMR,BGR,40
8160762,45,23,139,2011,121112.0,0.0,-0.7956340000000001,-0.8532790000000001,CMR,BGR,40
8160763,45,23,139,2006,0.0,160299.0,-1.358873,-1.1511360000000002,CMR,BGR,40
8160764,45,23,139,2012,40337.0,0.0,-1.0127030000000001,-1.011776,CMR,BGR,40
8160765,46,23,139,2018,0.0,6109.0,-1.743034,-1.20446,COD,BGR,40
8160766,46,23,139,2008,130288.0,0.0,-1.513117,-1.141895,COD,BGR,40
8160767,47,23,139,2009,0.0,1120.0,-1.466289,-1.201249,COG,BGR,40
8160768,47,23,139,2010,0.0,1039.0,-1.536434,-1.175338,COG,BGR,40
8160769,47,23,139,2008,35445.0,0.0,-2.2772799999999997,-1.216089,COG,BGR,40
8160770,47,23,139,2006,6419.0,0.0,-1.9903240000000002,-1.189925,COG,BGR,40
8160771,49,23,139,1996,5080.0,1446.0,0.136487,0.078743,COL,BGR,40
8160772,49,23,139,2000,0.0,1789.0,0.299592,0.320885,COL,BGR,40
8160773,49,23,139,2007,1845.0,0.0,0.118341,0.557699,COL,BGR,40
8160774,49,23,139,2008,0.0,5389.0,0.19505699999999998,0.566189,COL,BGR,40
8160775,49,23,139,2012,0.0,2915.0,0.15523699999999999,-0.30749099999999996,COL,BGR,40
8160776,49,23,139,2014,0.0,1351.0,0.19864500000000002,-0.378364,COL,BGR,40
8160777,49,23,139,2015,0.0,3330.0,0.156383,-0.183055,COL,BGR,40
8160778,49,23,139,2016,0.0,2044.0,0.10205700000000001,-0.155574,COL,BGR,40
8160779,49,23,139,2019,1764.0,8627.0,0.099936,-0.15568800000000002,COL,BGR,40
8160780,49,23,139,2002,0.0,8854.0,0.345094,0.37787800000000005,COL,BGR,40
8160781,49,23,139,2004,0.0,1069.0,0.033128,0.47524799999999995,COL,BGR,40
8160782,49,23,139,2006,1153.0,0.0,0.129887,0.44371700000000003,COL,BGR,40
8160783,49,23,139,2017,0.0,63046.0,0.208096,-0.17644300000000002,COL,BGR,40
8160784,49,23,139,2018,0.0,96467.0,0.20431,-0.15273699999999998,COL,BGR,40
8160785,49,23,139,2020,0.0,8678.0,0.115954,0.104558,COL,BGR,40
8160786,50,23,139,2007,0.0,1358.0,-0.956375,-0.964842,COM,BGR,40
8160787,50,23,139,2008,0.0,3016.0,-0.101412,-0.841565,COM,BGR,40
8160788,52,23,139,2001,0.0,27845.0,0.069458,-0.042793,CRI,BGR,40
8160789,52,23,139,2008,193492.0,0.0,0.023962,-0.346029,CRI,BGR,40
8160790,52,23,139,2011,0.0,563.0,0.04325,-0.553193,CRI,BGR,40
8160791,52,23,139,2017,0.0,926.0,0.288642,-0.056219000000000005,CRI,BGR,40
8160792,52,23,139,2002,0.0,27456.0,0.03619,-0.187718,CRI,BGR,40
8160793,52,23,139,2007,787109.0,0.0,0.001895,-0.30248600000000003,CRI,BGR,40
8160794,54,23,139,1999,5837.0,5727.0,-0.152322,-0.8734270000000001,CUB,BGR,40
8160795,54,23,139,2001,0.0,1609.0,-0.443391,-0.9599030000000001,CUB,BGR,40
8160796,54,23,139,2002,0.0,2650.0,-0.479213,-0.951203,CUB,BGR,40
8160797,54,23,139,2004,0.0,1293.0,-0.040541,-0.634675,CUB,BGR,40
8160798,54,23,139,2005,0.0,1385.0,0.00695,-0.611843,CUB,BGR,40
8160799,54,23,139,2007,0.0,42324.0,-0.308053,-0.8740610000000001,CUB,BGR,40
8160800,54,23,139,2009,0.0,55972.0,0.188114,-0.819958,CUB,BGR,40
8160801,54,23,139,2014,0.0,34873.0,-0.476786,-0.952291,CUB,BGR,40
8160802,54,23,139,2015,0.0,9581.0,-0.694839,-1.093439,CUB,BGR,40
8160803,54,23,139,2017,0.0,1847.0,-0.77404,-1.121084,CUB,BGR,40
8160804,54,23,139,2018,0.0,2828381.0,-0.8835629999999999,-1.15678,CUB,BGR,40
8160805,54,23,139,2019,0.0,2833.0,-0.880892,-1.141591,CUB,BGR,40
8160806,54,23,139,2011,0.0,54256.0,-0.050093,-0.88759,CUB,BGR,40
8160807,54,23,139,2006,0.0,4657.0,0.204039,-0.5183260000000001,CUB,BGR,40
8160808,54,23,139,2012,0.0,4076.0,0.129383,-0.7444609999999999,CUB,BGR,40
8160809,54,23,139,2010,0.0,20991.0,-0.085462,-0.885019,CUB,BGR,40
8160810,54,23,139,2013,0.0,24620.0,-0.019956,-0.7873319999999999,CUB,BGR,40
8160811,54,23,139,2016,0.0,2704.0,-0.602309,-1.0781120000000002,CUB,BGR,40
8160812,54,23,139,2020,0.0,660352.0,-1.171456,-1.224365,CUB,BGR,40
8160813,54,23,139,1996,0.0,13915.0,-0.555246,-1.0420479999999999,CUB,BGR,40
8160814,54,23,139,2008,0.0,81390.0,-0.23158299999999998,-0.892943,CUB,BGR,40
8160815,58,23,139,2014,40199.0,130677.0,0.627467,0.483725,CYP,BGR,40
8160816,58,23,139,2018,12158.0,129510.0,0.45442,-0.113303,CYP,BGR,40
8160817,58,23,139,2019,22494.0,90169.0,0.657782,0.209481,CYP,BGR,40
8160818,58,23,139,1997,105392.0,620611.0,0.451212,0.452754,CYP,BGR,40
8160819,58,23,139,2005,8688.0,6210.0,0.573122,0.474224,CYP,BGR,40
8160820,58,23,139,2017,31236.0,31075.0,0.576982,0.279989,CYP,BGR,40
8160821,58,23,139,2006,0.0,207872.0,0.708267,-0.048096,CYP,BGR,40
8160822,58,23,139,2007,25543.0,61929.0,0.887351,0.426331,CYP,BGR,40
8160823,58,23,139,2008,0.0,88112.0,1.003211,0.712629,CYP,BGR,40
8160824,58,23,139,2009,7788.0,14135.0,0.934193,0.657555,CYP,BGR,40
8160825,58,23,139,2011,0.0,6361.0,0.798165,0.424179,CYP,BGR,40
8160826,58,23,139,2012,12297.0,8831.0,0.691646,0.11984600000000001,CYP,BGR,40
8160827,58,23,139,2000,5870.0,47682.0,0.235843,0.16877,CYP,BGR,40
8160828,58,23,139,2016,41586.0,80535.0,0.40822800000000004,0.07535,CYP,BGR,40
8160829,58,23,139,2020,0.0,133934.0,0.5354760000000001,-0.069753,CYP,BGR,40
8160830,58,23,139,2015,29085.0,49457.0,0.511225,-0.207261,CYP,BGR,40
8160831,58,23,139,2010,0.0,16299.0,0.8776450000000001,0.568389,CYP,BGR,40
8160832,58,23,139,2013,130453.0,377245.0,0.502238,0.349608,CYP,BGR,40
8160833,58,23,139,2003,9677.0,6542.0,0.259992,0.068914,CYP,BGR,40
8160834,58,23,139,2004,12798.0,6130.0,0.533521,0.615939,CYP,BGR,40
8160835,58,23,139,2002,11913.0,7559.0,0.381391,0.40265,CYP,BGR,40
8160836,58,23,139,1996,127117.0,328961.0,0.20007,0.020590999999999998,CYP,BGR,40
8160837,58,23,139,1995,0.0,37058.0,0.263764,0.030358999999999997,CYP,BGR,40
8160838,58,23,139,1998,0.0,139778.0,0.45990600000000004,0.41840299999999997,CYP,BGR,40
8160839,58,23,139,1999,9645.0,5577.0,0.508464,0.324706,CYP,BGR,40
8160840,58,23,139,2001,7966.0,6299.0,0.381251,0.257802,CYP,BGR,40
8160841,59,23,139,2000,5437742.0,482423.0,1.393001,1.23271,CZE,BGR,40
8160842,59,23,139,2013,9503649.0,5021151.0,1.819653,-0.12423800000000002,CZE,BGR,40
8160843,59,23,139,2007,13684443.0,3482498.0,1.620377,0.379404,CZE,BGR,40
8160844,59,23,139,2019,6499342.0,26041807.0,1.797611,0.406708,CZE,BGR,40
8160845,59,23,139,2014,8027589.0,12059242.0,1.8105830000000003,0.131131,CZE,BGR,40
8160846,59,23,139,2015,7495885.0,9159566.0,1.743012,0.45424,CZE,BGR,40
8160847,59,23,139,2012,10870873.0,1396792.0,1.747369,-0.0932,CZE,BGR,40
8160848,59,23,139,2006,17829592.0,4337698.0,1.564058,0.6023649999999999,CZE,BGR,40
8160849,59,23,139,2011,14842458.0,1807524.0,1.737788,0.14741600000000002,CZE,BGR,40
8160850,59,23,139,2001,5428093.0,777822.0,1.485703,1.109305,CZE,BGR,40
8160851,59,23,139,2004,11880886.0,2046311.0,1.562625,0.865244,CZE,BGR,40
8160852,59,23,139,2016,6431270.0,11171503.0,1.823627,0.552354,CZE,BGR,40
8160853,59,23,139,1998,8173364.0,69944.0,1.36345,1.408508,CZE,BGR,40
8160854,59,23,139,1999,7711302.0,616366.0,1.412439,1.329385,CZE,BGR,40
8160855,59,23,139,2002,5839154.0,1068332.0,1.550713,1.037066,CZE,BGR,40
8160856,59,23,139,2003,5558458.0,1387648.0,1.555749,0.8662059999999999,CZE,BGR,40
8160857,59,23,139,2009,9071757.0,1489911.0,1.6323159999999999,0.47257200000000005,CZE,BGR,40
8160858,59,23,139,2010,9116655.0,1420822.0,1.732044,0.333934,CZE,BGR,40
8160859,59,23,139,2005,14640905.0,3267219.0,1.56768,0.6784319999999999,CZE,BGR,40
8160860,59,23,139,2018,9399212.0,20149343.0,1.841016,0.220806,CZE,BGR,40
8160861,59,23,139,1997,2180983.0,133664.0,1.40651,1.354695,CZE,BGR,40
8160862,59,23,139,2017,7017673.0,16632087.0,1.7715130000000001,0.359668,CZE,BGR,40
8160863,59,23,139,2020,6245400.0,24226743.0,1.716646,0.602441,CZE,BGR,40
8160864,59,23,139,2008,17221888.0,2555253.0,1.592035,0.27983600000000003,CZE,BGR,40
8160865,59,23,139,1995,3045730.0,13884.0,1.375091,1.628069,CZE,BGR,40
8160866,59,23,139,1996,2100983.0,86083.0,1.401181,1.3094709999999998,CZE,BGR,40
8160867,61,23,139,1995,4745735.0,3651895.0,2.325385,-2.2238189999999998,DEU,BGR,40
8160868,61,23,139,1997,6784516.0,2896213.0,2.293936,-2.2301919999999997,DEU,BGR,40
8160869,61,23,139,1998,8655077.0,4318419.0,2.334028,-2.417278,DEU,BGR,40
8160870,61,23,139,1999,8201781.0,1964287.0,2.334811,-2.060502,DEU,BGR,40
8160871,61,23,139,2001,8912991.0,1028335.0,2.321375,-2.1110990000000003,DEU,BGR,40
8160872,61,23,139,2002,8039870.0,874223.0,2.297691,-2.183239,DEU,BGR,40
8160873,61,23,139,2004,15241862.0,1032518.0,2.266076,-2.011139,DEU,BGR,40
8160874,61,23,139,2008,32553328.0,19378465.0,2.007167,-3.256961,DEU,BGR,40
8160875,61,23,139,2009,16784782.0,27328572.0,2.056515,-3.034837,DEU,BGR,40
8160876,61,23,139,2015,40994763.0,57535908.0,2.203818,-2.307561,DEU,BGR,40
8160877,61,23,139,2018,54894824.0,108271663.0,2.109059,-2.428826,DEU,BGR,40
8160878,61,23,139,2019,48877051.0,74253660.0,2.078626,-2.124816,DEU,BGR,40
8160879,61,23,139,2007,18900671.0,8323164.0,2.114566,-2.934732,DEU,BGR,40
8160880,61,23,139,2013,41951785.0,38983419.0,2.093658,-3.4281980000000005,DEU,BGR,40
8160881,61,23,139,2014,44177273.0,68293354.0,2.052849,-2.888805,DEU,BGR,40
8160882,61,23,139,1996,5556759.0,4010833.0,2.279976,-2.572299,DEU,BGR,40
8160883,61,23,139,2000,6167690.0,967247.0,2.316177,-2.4478419999999996,DEU,BGR,40
8160884,61,23,139,2003,13687573.0,1140153.0,2.2821919999999998,-2.0985150000000004,DEU,BGR,40
8160885,61,23,139,2005,17779972.0,3858947.0,2.172479,-2.446472,DEU,BGR,40
8160886,61,23,139,2006,19346750.0,6028601.0,2.132566,-2.773669,DEU,BGR,40
8160887,61,23,139,2010,37024053.0,23122598.0,2.035672,-3.383322,DEU,BGR,40
8160888,61,23,139,2011,41826991.0,28613194.0,2.074435,-3.440815,DEU,BGR,40
8160889,61,23,139,2012,37233975.0,20808713.0,1.966247,-3.3238410000000003,DEU,BGR,40
8160890,61,23,139,2016,42258614.0,74321842.0,2.203093,-2.24919,DEU,BGR,40
8160891,61,23,139,2017,45354048.0,79773299.0,2.1149459999999998,-2.525372,DEU,BGR,40
8160892,61,23,139,2020,52031772.0,80229085.0,2.027494,-2.3646689999999997,DEU,BGR,40
8160893,64,23,139,1995,14580.0,979722.0,1.3800270000000001,1.489036,DNK,BGR,40
8160894,64,23,139,1998,88259.0,229054.0,1.225999,1.470145,DNK,BGR,40
8160895,64,23,139,2009,158778.0,1054290.0,1.242327,1.064709,DNK,BGR,40
8160896,64,23,139,2010,350831.0,532711.0,1.082468,1.280759,DNK,BGR,40
8160897,64,23,139,2011,148173.0,318801.0,1.156026,1.2248299999999999,DNK,BGR,40
8160898,64,23,139,2012,204260.0,121808.0,1.105061,1.245377,DNK,BGR,40
8160899,64,23,139,2004,246842.0,519155.0,1.328968,1.262743,DNK,BGR,40
8160900,64,23,139,2019,332705.0,276419.0,1.0768280000000001,1.2615610000000002,DNK,BGR,40
8160901,64,23,139,1996,28037.0,1036486.0,1.443514,1.275684,DNK,BGR,40
8160902,64,23,139,1997,44326.0,365384.0,1.358279,1.420107,DNK,BGR,40
8160903,64,23,139,1999,95145.0,261913.0,1.264405,1.469627,DNK,BGR,40
8160904,64,23,139,2000,161280.0,175977.0,1.230078,1.429499,DNK,BGR,40
8160905,64,23,139,2001,201614.0,169626.0,1.261883,1.351875,DNK,BGR,40
8160906,64,23,139,2002,234695.0,189859.0,1.26594,1.225186,DNK,BGR,40
8160907,64,23,139,2003,334239.0,360169.0,1.309564,1.245596,DNK,BGR,40
8160908,64,23,139,2005,290935.0,538629.0,1.210286,1.217256,DNK,BGR,40
8160909,64,23,139,2020,308403.0,443111.0,1.093217,1.2166549999999998,DNK,BGR,40
8160910,64,23,139,2006,188505.0,235230.0,1.2308700000000001,1.180914,DNK,BGR,40
8160911,64,23,139,2007,252800.0,88791.0,1.204019,1.122666,DNK,BGR,40
8160912,64,23,139,2008,259779.0,18732.0,1.165294,1.1112440000000001,DNK,BGR,40
8160913,64,23,139,2013,175670.0,111958.0,1.161835,1.1788450000000001,DNK,BGR,40
8160914,64,23,139,2014,374126.0,523539.0,1.10869,1.245193,DNK,BGR,40
8160915,64,23,139,2015,350719.0,302432.0,1.157924,1.2045629999999998,DNK,BGR,40
8160916,64,23,139,2016,169997.0,949246.0,1.117864,1.302658,DNK,BGR,40
8160917,64,23,139,2017,216457.0,636894.0,1.159753,1.233914,DNK,BGR,40
8160918,64,23,139,2018,400438.0,347863.0,1.0945040000000001,1.3311540000000002,DNK,BGR,40
8160919,65,23,139,2013,0.0,1252.0,-0.277269,0.432388,DOM,BGR,40
8160920,65,23,139,2014,0.0,2312.0,-0.180845,0.508512,DOM,BGR,40
8160921,65,23,139,2015,0.0,1518.0,-0.212808,0.395873,DOM,BGR,40
8160922,65,23,139,2016,0.0,7176.0,-0.237382,0.295389,DOM,BGR,40
8160923,65,23,139,2017,0.0,21033.0,-0.168016,0.30840100000000004,DOM,BGR,40
8160924,65,23,139,2018,0.0,25221.0,-0.084258,0.474872,DOM,BGR,40
8160925,65,23,139,2019,0.0,12231.0,-0.20594,0.309785,DOM,BGR,40
8160926,65,23,139,2020,0.0,18174.0,0.06500299999999999,0.2812,DOM,BGR,40
8160927,65,23,139,2004,0.0,901.0,-0.510025,-0.328257,DOM,BGR,40
8160928,65,23,139,2009,5491.0,0.0,-0.317894,0.198926,DOM,BGR,40
8160929,66,23,139,2002,1155.0,44464.0,-0.912033,-1.1731850000000001,DZA,BGR,40
8160930,66,23,139,1996,10786.0,279199.0,-0.33419699999999997,-1.035736,DZA,BGR,40
8160931,66,23,139,1997,1484.0,47062.0,-0.717599,-1.126311,DZA,BGR,40
8160932,66,23,139,1998,0.0,29993.0,-0.726061,-1.161031,DZA,BGR,40
8160933,66,23,139,1999,0.0,40846.0,-0.701764,-1.175132,DZA,BGR,40
8160934,66,23,139,2009,0.0,5504.0,-1.161786,-1.188669,DZA,BGR,40
8160935,66,23,139,2006,0.0,3295.0,-0.489962,-1.12456,DZA,BGR,40
8160936,66,23,139,2013,0.0,14450.0,-1.373947,-1.1523459999999999,DZA,BGR,40
8160937,66,23,139,2014,0.0,31513.0,-1.5554649999999999,-1.1657030000000002,DZA,BGR,40
8160938,66,23,139,2015,0.0,9843.0,-1.54346,-1.255633,DZA,BGR,40
8160939,66,23,139,2016,0.0,11498.0,-1.0202930000000001,-1.236642,DZA,BGR,40
8160940,66,23,139,2007,0.0,13533.0,-0.9822690000000001,-1.170282,DZA,BGR,40
8160941,66,23,139,2017,0.0,19790.0,-0.9905579999999999,-1.1996200000000001,DZA,BGR,40
8160942,66,23,139,2011,0.0,191382.0,-1.36763,-1.140594,DZA,BGR,40
8160943,66,23,139,2012,0.0,5913.0,-1.349046,-1.1601860000000002,DZA,BGR,40
8160944,66,23,139,2008,0.0,11634.0,-0.556434,-1.079109,DZA,BGR,40
8160945,66,23,139,2010,0.0,5451.0,-1.00922,-1.1511040000000001,DZA,BGR,40
8160946,66,23,139,2020,0.0,24444.0,-1.015133,-1.243726,DZA,BGR,40
8160947,66,23,139,2001,0.0,21491.0,-0.663363,-1.158295,DZA,BGR,40
8160948,66,23,139,2003,0.0,58609.0,-1.060727,-1.142594,DZA,BGR,40
8160949,66,23,139,2005,0.0,14688.0,-0.363675,-1.117724,DZA,BGR,40
8160950,66,23,139,2000,0.0,19857.0,-0.9169209999999999,-1.170192,DZA,BGR,40
8160951,66,23,139,2004,0.0,17270.0,-0.725066,-1.163606,DZA,BGR,40
8160952,66,23,139,1995,12769.0,299131.0,-0.555409,-1.037972,DZA,BGR,40
8160953,67,23,139,2009,0.0,1521.0,-0.92724,-0.965628,ECU,BGR,40
8160954,67,23,139,2011,0.0,859.0,-0.8250639999999999,-0.839082,ECU,BGR,40
8160955,67,23,139,2012,0.0,18527.0,-0.627614,-0.764234,ECU,BGR,40
8160956,67,23,139,2014,0.0,1047.0,-1.066865,-1.052921,ECU,BGR,40
8160957,67,23,139,2015,0.0,896.0,-0.9845959999999999,-1.075639,ECU,BGR,40
8160958,67,23,139,2018,0.0,5139.0,-0.873973,-1.032841,ECU,BGR,40
8160959,67,23,139,2019,0.0,3678.0,-1.12261,-1.094275,ECU,BGR,40
8160960,67,23,139,2020,0.0,4276.0,-1.074185,-1.084344,ECU,BGR,40
8160961,67,23,139,2007,4869.0,5026.0,-0.820491,-0.8557879999999999,ECU,BGR,40
8160962,67,23,139,1997,0.0,19517.0,-1.1931690000000001,-1.0139690000000001,ECU,BGR,40
8160963,67,23,139,2008,0.0,10223.0,-0.859434,-0.972389,ECU,BGR,40
8160964,67,23,139,2004,0.0,1002.0,-1.149101,-1.013619,ECU,BGR,40
8160965,68,23,139,2007,156197.0,894379.0,-0.144054,0.663592,EGY,BGR,40
8160966,68,23,139,2005,0.0,1103391.0,-0.247748,0.492885,EGY,BGR,40
8160967,68,23,139,2006,136068.0,1216715.0,-0.182272,0.40222399999999997,EGY,BGR,40
8160968,68,23,139,2000,0.0,76261.0,-0.41125900000000004,0.099833,EGY,BGR,40
8160969,68,23,139,2002,0.0,153789.0,-0.377127,0.549439,EGY,BGR,40
8160970,68,23,139,2008,97614.0,479742.0,-0.098316,1.134642,EGY,BGR,40
8160971,68,23,139,2009,86327.0,286980.0,-0.20940300000000003,1.6466290000000001,EGY,BGR,40
8160972,68,23,139,2010,0.0,426770.0,-0.181826,1.409465,EGY,BGR,40
8160973,68,23,139,2011,0.0,410133.0,-0.166243,1.384719,EGY,BGR,40
8160974,68,23,139,2012,2219.0,676685.0,-0.143732,1.316722,EGY,BGR,40
8160975,68,23,139,2013,0.0,412116.0,-0.17418,1.692641,EGY,BGR,40
8160976,68,23,139,2014,0.0,232390.0,-0.086866,1.7419669999999998,EGY,BGR,40
8160977,68,23,139,2019,464455.0,107025.0,-0.152353,1.5426309999999999,EGY,BGR,40
8160978,68,23,139,2020,246804.0,150125.0,-0.186095,1.6414330000000001,EGY,BGR,40
8160979,68,23,139,2015,734.0,139376.0,-0.183053,1.765036,EGY,BGR,40
8160980,68,23,139,2017,0.0,39552.0,-0.073436,1.829121,EGY,BGR,40
8160981,68,23,139,2018,0.0,108885.0,-0.096635,1.585658,EGY,BGR,40
8160982,68,23,139,2004,0.0,1157882.0,-0.300563,0.41834899999999997,EGY,BGR,40
8160983,68,23,139,1997,0.0,141825.0,-0.314425,0.156345,EGY,BGR,40
8160984,68,23,139,1998,0.0,176691.0,-0.462755,0.079802,EGY,BGR,40
8160985,68,23,139,1999,0.0,156061.0,-0.311879,0.300746,EGY,BGR,40
8160986,68,23,139,2001,0.0,139071.0,-0.373576,0.366385,EGY,BGR,40
8160987,68,23,139,1996,0.0,21069.0,-0.5446409999999999,-0.229586,EGY,BGR,40
8160988,68,23,139,2016,0.0,26088.0,-0.142377,1.674348,EGY,BGR,40
8160989,68,23,139,2003,0.0,694037.0,-0.292923,0.465433,EGY,BGR,40
8160990,68,23,139,1995,0.0,5762.0,-0.340042,-0.085601,EGY,BGR,40
8160991,71,23,139,1997,225088.0,1351617.0,1.082049,2.0238650000000002,ESP,BGR,40
8160992,71,23,139,2004,3744837.0,1832717.0,0.9784649999999999,2.051216,ESP,BGR,40
8160993,71,23,139,2010,6962226.0,15042207.0,0.832619,2.448009,ESP,BGR,40
8160994,71,23,139,2012,8234439.0,19680815.0,0.8528309999999999,2.462809,ESP,BGR,40
8160995,71,23,139,2013,9789341.0,23226114.0,0.861698,2.353993,ESP,BGR,40
8160996,71,23,139,2014,10680953.0,22701422.0,0.842147,2.45692,ESP,BGR,40
8160997,71,23,139,2015,9556854.0,19872479.0,0.8173590000000001,2.442556,ESP,BGR,40
8160998,71,23,139,1999,509818.0,719021.0,1.0849209999999998,1.9351180000000001,ESP,BGR,40
8160999,71,23,139,2000,2160258.0,699415.0,1.098989,1.911029,ESP,BGR,40
8161000,71,23,139,2011,12677532.0,17790858.0,0.8677290000000001,2.4618450000000003,ESP,BGR,40
8161001,71,23,139,2016,10867314.0,19413345.0,0.765428,2.57725,ESP,BGR,40
8161002,71,23,139,2017,11418185.0,25106274.0,0.734342,2.8180099999999997,ESP,BGR,40
8161003,71,23,139,2018,8150743.0,20333600.0,0.744825,2.919005,ESP,BGR,40
8161004,71,23,139,2019,6469873.0,22641646.0,0.678454,3.007838,ESP,BGR,40
8161005,71,23,139,2020,10755762.0,28939234.0,0.736657,2.731661,ESP,BGR,40
8161006,71,23,139,2008,8936323.0,7543054.0,0.8755649999999999,2.122164,ESP,BGR,40
8161007,71,23,139,2001,2629144.0,886357.0,1.079664,1.9842220000000002,ESP,BGR,40
8161008,71,23,139,2002,4208580.0,1105424.0,1.012246,2.049594,ESP,BGR,40
8161009,71,23,139,2009,6237831.0,11619429.0,0.9021020000000001,2.170578,ESP,BGR,40
8161010,71,23,139,1995,885661.0,1441916.0,1.144247,1.933844,ESP,BGR,40
8161011,71,23,139,1996,287621.0,1557449.0,1.105317,1.9473,ESP,BGR,40
8161012,71,23,139,1998,660689.0,996336.0,1.051392,1.983438,ESP,BGR,40
8161013,71,23,139,2003,4545697.0,1369819.0,0.960684,2.074792,ESP,BGR,40
8161014,71,23,139,2005,3225274.0,4081417.0,0.9318489999999999,1.999698,ESP,BGR,40
8161015,71,23,139,2007,7661133.0,6260449.0,0.914681,2.027797,ESP,BGR,40
8161016,71,23,139,2006,3575068.0,3936200.0,0.9091370000000001,2.068166,ESP,BGR,40
8161017,72,23,139,2013,130758.0,7456.0,0.8828940000000001,1.386574,EST,BGR,40
8161018,72,23,139,2014,57889.0,40724.0,0.9147780000000001,1.151556,EST,BGR,40
8161019,72,23,139,2015,33873.0,56735.0,0.9281149999999999,1.1780389999999998,EST,BGR,40
8161020,72,23,139,2016,101861.0,403292.0,1.000418,1.154152,EST,BGR,40
8161021,72,23,139,1999,18350.0,19117.0,0.502979,0.8847440000000001,EST,BGR,40
8161022,72,23,139,2004,1188.0,4709.0,0.6101840000000001,0.9520370000000001,EST,BGR,40
8161023,72,23,139,1997,0.0,30738.0,0.460823,0.9126700000000001,EST,BGR,40
8161024,72,23,139,1996,0.0,16370.0,0.53397,1.0877940000000001,EST,BGR,40
8161025,72,23,139,2011,298513.0,1468818.0,0.9806790000000001,1.110449,EST,BGR,40
8161026,72,23,139,2012,112185.0,0.0,0.8594450000000001,1.299628,EST,BGR,40
8161027,72,23,139,2019,174448.0,369682.0,0.962284,1.346195,EST,BGR,40
8161028,72,23,139,1995,0.0,2736.0,0.530041,1.134288,EST,BGR,40
8161029,72,23,139,1998,57774.0,15473.0,0.53408,1.07691,EST,BGR,40
8161030,72,23,139,2017,204014.0,96626.0,1.010985,1.289633,EST,BGR,40
8161031,72,23,139,2018,196256.0,333764.0,0.979986,1.2365899999999999,EST,BGR,40
8161032,72,23,139,2008,4070.0,55122.0,0.749696,1.5173940000000001,EST,BGR,40
8161033,72,23,139,2006,2902.0,772.0,0.6426350000000001,0.925003,EST,BGR,40
8161034,72,23,139,2007,3562.0,8763.0,0.746434,1.306397,EST,BGR,40
8161035,72,23,139,2010,18701.0,1384478.0,0.832316,1.1844649999999999,EST,BGR,40
8161036,72,23,139,2009,2061.0,304844.0,0.749058,1.269572,EST,BGR,40
8161037,72,23,139,2020,88143.0,138722.0,1.012385,1.305015,EST,BGR,40
8161038,72,23,139,2002,1695.0,10676.0,0.54511,0.9135979999999999,EST,BGR,40
8161039,72,23,139,2001,8529.0,8221.0,0.5746829999999999,0.9073899999999999,EST,BGR,40
8161040,72,23,139,2003,1412.0,6599.0,0.5913010000000001,0.8489979999999999,EST,BGR,40
8161041,72,23,139,2005,5603.0,4185.0,0.6351600000000001,1.039403,EST,BGR,40
8161042,72,23,139,2000,10601.0,8389.0,0.358559,0.583236,EST,BGR,40
8161043,73,23,139,1999,0.0,722.0,-1.18759,-1.111391,ETH,BGR,40
8161044,73,23,139,2005,0.0,3426.0,-1.287495,-1.0195940000000001,ETH,BGR,40
8161045,73,23,139,2018,0.0,26809.0,-0.874857,-0.464958,ETH,BGR,40
8161046,73,23,139,2011,0.0,2040.0,-1.258175,-0.920692,ETH,BGR,40
8161047,73,23,139,2012,2239.0,22012.0,-1.134031,-0.991977,ETH,BGR,40
8161048,73,23,139,2007,0.0,1018.0,-1.115917,-0.821652,ETH,BGR,40
8161049,73,23,139,2008,0.0,275.0,-1.0084629999999999,-0.83993,ETH,BGR,40
8161050,73,23,139,2009,0.0,422.0,-0.967483,-0.8219,ETH,BGR,40
8161051,73,23,139,2013,0.0,1465.0,-1.264002,-0.9594219999999999,ETH,BGR,40
8161052,73,23,139,2017,0.0,3279.0,-1.007413,-0.638231,ETH,BGR,40
8161053,73,23,139,1997,0.0,1982.0,-1.239473,-1.159345,ETH,BGR,40
8161054,73,23,139,2014,0.0,7204.0,-1.296535,-1.045942,ETH,BGR,40
8161055,73,23,139,2015,0.0,5733.0,-1.004896,-0.721019,ETH,BGR,40
8161056,73,23,139,2020,0.0,9332.0,-0.952033,-0.707262,ETH,BGR,40
8161057,73,23,139,2004,0.0,2051.0,-1.156284,-0.900874,ETH,BGR,40
8161058,73,23,139,2000,626.0,0.0,-1.190677,-1.063662,ETH,BGR,40
8161059,73,23,139,2002,1050.0,0.0,-1.096371,-0.9566709999999999,ETH,BGR,40
8161060,73,23,139,1998,0.0,1987.0,-1.279819,-1.158182,ETH,BGR,40
8161061,73,23,139,2003,0.0,1026.0,-1.1145559999999999,-0.9599620000000001,ETH,BGR,40
8161062,74,23,139,2011,1345834.0,825146.0,1.7488830000000002,0.890934,FIN,BGR,40
8161063,74,23,139,2012,1641087.0,115165.0,1.58219,0.939001,FIN,BGR,40
8161064,74,23,139,2005,116898.0,606316.0,1.8661240000000001,0.932386,FIN,BGR,40
8161065,74,23,139,1995,42505.0,30174.0,2.0085740000000003,1.126816,FIN,BGR,40
8161066,74,23,139,1996,19409.0,74116.0,2.0584729999999998,1.006908,FIN,BGR,40
8161067,74,23,139,1997,87333.0,168200.0,1.9298959999999998,1.083861,FIN,BGR,40
8161068,74,23,139,1998,46779.0,137788.0,2.003987,0.995725,FIN,BGR,40
8161069,74,23,139,1999,495427.0,80406.0,2.095642,0.966282,FIN,BGR,40
8161070,74,23,139,2000,655180.0,91834.0,2.0621419999999997,0.9090360000000001,FIN,BGR,40
8161071,74,23,139,2001,597764.0,146333.0,2.069141,0.9375180000000001,FIN,BGR,40
8161072,74,23,139,2006,263940.0,1013013.0,1.864038,0.8193940000000001,FIN,BGR,40
8161073,74,23,139,2010,1488344.0,1248792.0,1.745464,0.897992,FIN,BGR,40
8161074,74,23,139,2014,1153366.0,164923.0,1.626355,1.002923,FIN,BGR,40
8161075,74,23,139,2007,913633.0,845795.0,1.865502,0.7737729999999999,FIN,BGR,40
8161076,74,23,139,2009,1946619.0,230726.0,1.8206849999999999,0.797421,FIN,BGR,40
8161077,74,23,139,2008,3695012.0,1290789.0,1.767859,0.846409,FIN,BGR,40
8161078,74,23,139,2013,1533415.0,112459.0,1.734552,0.8896940000000001,FIN,BGR,40
8161079,74,23,139,2017,636334.0,1667017.0,1.655957,0.962485,FIN,BGR,40
8161080,74,23,139,2018,445542.0,1813964.0,1.61151,0.9474549999999999,FIN,BGR,40
8161081,74,23,139,2019,441300.0,1188735.0,1.495278,1.034435,FIN,BGR,40
8161082,74,23,139,2020,492561.0,1071682.0,1.498089,1.066223,FIN,BGR,40
8161083,74,23,139,2004,182406.0,313197.0,2.000218,0.9867309999999999,FIN,BGR,40
8161084,74,23,139,2002,938308.0,123406.0,2.0234240000000003,0.979141,FIN,BGR,40
8161085,74,23,139,2015,770452.0,251289.0,1.597817,0.998059,FIN,BGR,40
8161086,74,23,139,2016,845919.0,320438.0,1.581968,1.006432,FIN,BGR,40
8161087,74,23,139,2003,912617.0,267183.0,2.077889,0.942501,FIN,BGR,40
8161088,75,23,139,2014,0.0,6674.0,-0.306346,-0.07688500000000001,FJI,BGR,40
8161089,76,23,139,2008,41485.0,0.0,-1.0724,-0.9330379999999999,FLK,BGR,40
8161090,77,23,139,2002,4578440.0,203480.0,1.569367,0.9886360000000001,FRA,BGR,40
8161091,77,23,139,2003,2657412.0,807438.0,1.606606,0.7394149999999999,FRA,BGR,40
8161092,77,23,139,2005,2325231.0,1151608.0,1.505148,0.594409,FRA,BGR,40
8161093,77,23,139,2011,4627413.0,1142844.0,1.532054,0.09339299999999999,FRA,BGR,40
8161094,77,23,139,2012,5324976.0,2164503.0,1.425025,0.27534899999999995,FRA,BGR,40
8161095,77,23,139,2013,5753921.0,1622380.0,1.520354,0.022874000000000002,FRA,BGR,40
8161096,77,23,139,2014,5156985.0,2721628.0,1.4817790000000002,0.30995,FRA,BGR,40
8161097,77,23,139,2017,9092589.0,5985447.0,1.398427,0.894732,FRA,BGR,40
8161098,77,23,139,1995,1920372.0,1066716.0,1.768484,0.765537,FRA,BGR,40
8161099,77,23,139,1996,1722456.0,330296.0,1.69082,0.721312,FRA,BGR,40
8161100,77,23,139,1997,934115.0,25871.0,1.69504,0.8278549999999999,FRA,BGR,40
8161101,77,23,139,1998,905907.0,100572.0,1.707702,0.7784270000000001,FRA,BGR,40
8161102,77,23,139,1999,1422484.0,40924.0,1.72758,0.6619079999999999,FRA,BGR,40
8161103,77,23,139,2000,980653.0,145267.0,1.674971,0.47538100000000005,FRA,BGR,40
8161104,77,23,139,2001,3281463.0,156893.0,1.653507,0.797582,FRA,BGR,40
8161105,77,23,139,2004,2118769.0,1371991.0,1.6003530000000001,0.643945,FRA,BGR,40
8161106,77,23,139,2006,3353026.0,875305.0,1.47591,0.489466,FRA,BGR,40
8161107,77,23,139,2007,7810100.0,1447475.0,1.4565350000000001,0.262845,FRA,BGR,40
8161108,77,23,139,2008,6527810.0,1433813.0,1.487702,-0.223965,FRA,BGR,40
8161109,77,23,139,2009,5178755.0,1502872.0,1.540346,0.090377,FRA,BGR,40
8161110,77,23,139,2010,5728937.0,1228086.0,1.530027,-0.052557000000000006,FRA,BGR,40
8161111,77,23,139,2015,4800936.0,4605521.0,1.479792,0.6490239999999999,FRA,BGR,40
8161112,77,23,139,2016,5336426.0,4892643.0,1.476437,0.911746,FRA,BGR,40
8161113,77,23,139,2019,8280664.0,11548970.0,1.380982,0.9510629999999999,FRA,BGR,40
8161114,77,23,139,2018,9167949.0,7961995.0,1.420819,0.7793770000000001,FRA,BGR,40
8161115,77,23,139,2020,7530957.0,13627514.0,1.341275,0.8991870000000001,FRA,BGR,40
8161116,78,23,139,2008,0.0,11980.0,-0.576205,-0.886117,FRO,BGR,40
8161117,80,23,139,2005,0.0,2129.0,-1.4162700000000001,-1.173227,GAB,BGR,40
8161118,80,23,139,2008,0.0,1866.0,-1.316179,-1.117633,GAB,BGR,40
8161119,81,23,139,2000,880398.0,2275700.0,1.957339,0.610052,GBR,BGR,40
8161120,81,23,139,2001,966524.0,2035203.0,1.976894,0.685435,GBR,BGR,40
8161121,81,23,139,2003,1188134.0,794229.0,1.8712540000000002,0.706205,GBR,BGR,40
8161122,81,23,139,2004,1445632.0,1532167.0,1.843506,0.684779,GBR,BGR,40
8161123,81,23,139,2005,1618412.0,1558514.0,1.805023,0.425654,GBR,BGR,40
8161124,81,23,139,2006,2112461.0,2028213.0,1.824154,0.614424,GBR,BGR,40
8161125,81,23,139,2007,1766562.0,3370314.0,1.718661,0.35525300000000004,GBR,BGR,40
8161126,81,23,139,2008,2590508.0,1974511.0,1.7586119999999998,0.061214,GBR,BGR,40
8161127,81,23,139,2009,1005034.0,2772752.0,1.7921779999999998,0.41211499999999995,GBR,BGR,40
8161128,81,23,139,2010,1549044.0,4462694.0,1.828224,0.386383,GBR,BGR,40
8161129,81,23,139,2011,2361621.0,5183759.0,1.8048220000000001,0.380141,GBR,BGR,40
8161130,81,23,139,2012,1798401.0,2902365.0,1.701279,0.518166,GBR,BGR,40
8161131,81,23,139,2013,2096418.0,3017149.0,1.7901259999999999,0.44164,GBR,BGR,40
8161132,81,23,139,2014,2645916.0,2875719.0,1.697964,0.585372,GBR,BGR,40
8161133,81,23,139,2015,2168914.0,3690157.0,1.7422990000000003,0.75838,GBR,BGR,40
8161134,81,23,139,2016,2058093.0,8037761.0,1.6974669999999998,0.9231299999999999,GBR,BGR,40
8161135,81,23,139,2017,1555042.0,9880741.0,1.6883119999999998,0.8347469999999999,GBR,BGR,40
8161136,81,23,139,2018,2173579.0,6312609.0,1.693008,0.768159,GBR,BGR,40
8161137,81,23,139,2019,1619786.0,12445476.0,1.731106,0.717566,GBR,BGR,40
8161138,81,23,139,1995,324727.0,3219528.0,1.8656979999999999,1.107121,GBR,BGR,40
8161139,81,23,139,1996,921624.0,6371619.0,1.850284,0.883084,GBR,BGR,40
8161140,81,23,139,1997,749686.0,2627408.0,1.886353,0.783832,GBR,BGR,40
8161141,81,23,139,1998,1462272.0,3966286.0,1.906738,0.489101,GBR,BGR,40
8161142,81,23,139,1999,1093381.0,1751747.0,1.9523830000000002,0.771455,GBR,BGR,40
8161143,81,23,139,2002,1436485.0,1889143.0,1.893177,0.831382,GBR,BGR,40
8161144,81,23,139,2020,1335388.0,10206195.0,1.6459,0.7702640000000001,GBR,BGR,40
8161145,82,23,139,2005,0.0,26340.0,0.041261,-0.530021,GEO,BGR,40
8161146,82,23,139,2017,0.0,516037.0,-0.241749,-0.374727,GEO,BGR,40
8161147,82,23,139,2019,21459.0,1108136.0,-0.057798,-0.206771,GEO,BGR,40
8161148,82,23,139,2013,4355.0,411839.0,-0.160691,-0.393419,GEO,BGR,40
8161149,82,23,139,2010,2376.0,177159.0,-0.21301399999999998,-0.48355299999999996,GEO,BGR,40
8161150,82,23,139,2012,0.0,558807.0,-0.29418,-0.63162,GEO,BGR,40
8161151,82,23,139,2015,0.0,245089.0,-0.343663,-0.588017,GEO,BGR,40
8161152,82,23,139,2002,0.0,18337.0,0.662382,-0.124825,GEO,BGR,40
8161153,82,23,139,2006,0.0,211930.0,0.076711,-0.47216099999999994,GEO,BGR,40
8161154,82,23,139,2007,0.0,106200.0,0.016077,-0.386962,GEO,BGR,40
8161155,82,23,139,2011,7033.0,190423.0,-0.07754,-0.35434699999999997,GEO,BGR,40
8161156,82,23,139,2014,14561.0,297068.0,-0.254106,-0.646584,GEO,BGR,40
8161157,82,23,139,2009,1401.0,87058.0,0.045952,-0.381822,GEO,BGR,40
8161158,82,23,139,2020,59219.0,932192.0,-0.199775,-0.38684,GEO,BGR,40
8161159,82,23,139,2018,2630.0,676740.0,-0.049871,-0.28439899999999996,GEO,BGR,40
8161160,82,23,139,2008,0.0,93129.0,-0.355095,-0.660181,GEO,BGR,40
8161161,82,23,139,2016,423250.0,366989.0,-0.388359,-0.51175,GEO,BGR,40
8161162,82,23,139,1999,0.0,26978.0,0.50297,0.042010000000000006,GEO,BGR,40
8161163,82,23,139,1997,0.0,99474.0,0.304927,-0.082,GEO,BGR,40
8161164,82,23,139,1996,0.0,103736.0,0.5383020000000001,0.167596,GEO,BGR,40
8161165,82,23,139,2003,0.0,114281.0,0.595485,-0.25939,GEO,BGR,40
8161166,82,23,139,2004,0.0,55068.0,0.381348,-0.44259,GEO,BGR,40
8161167,82,23,139,1998,0.0,16471.0,0.644307,0.304707,GEO,BGR,40
8161168,82,23,139,2000,0.0,20047.0,0.571461,0.10845999999999999,GEO,BGR,40
8161169,82,23,139,2001,0.0,137344.0,0.585568,-0.047744999999999996,GEO,BGR,40
8161170,83,23,139,2016,0.0,74952.0,-0.945358,-0.805301,GHA,BGR,40
8161171,83,23,139,2018,26458.0,0.0,-0.956109,-0.861556,GHA,BGR,40
8161172,83,23,139,2019,33698.0,775.0,-0.9581,-0.8727879999999999,GHA,BGR,40
8161173,83,23,139,2009,29949.0,0.0,-0.909436,-0.6619470000000001,GHA,BGR,40
8161174,83,23,139,2020,73451.0,0.0,-0.973506,-0.9559139999999999,GHA,BGR,40
8161175,84,23,139,2007,0.0,1024.0,0.794616,-0.287001,GIB,BGR,40
8161176,85,23,139,2012,0.0,1298.0,-1.735487,-1.225333,GIN,BGR,40
8161177,85,23,139,2016,0.0,5661.0,-1.474753,-1.215627,GIN,BGR,40
8161178,85,23,139,2008,0.0,2856.0,-1.530997,-1.171231,GIN,BGR,40
8161179,87,23,139,2019,0.0,1203.0,-1.0174450000000002,-0.790743,GMB,BGR,40
8161180,87,23,139,2020,0.0,1709.0,-1.11216,-0.956471,GMB,BGR,40
8161181,87,23,139,2003,3029.0,0.0,-0.230541,-0.275663,GMB,BGR,40
8161182,89,23,139,2014,0.0,2706.0,-2.043516,-0.844701,GNQ,BGR,40
8161183,90,23,139,2000,3348498.0,1468456.0,0.30201300000000003,1.4171799999999999,GRC,BGR,40
8161184,90,23,139,2002,510315.0,2356142.0,0.31858000000000003,1.47417,GRC,BGR,40
8161185,90,23,139,2003,1288024.0,5171294.0,0.364688,1.4823959999999998,GRC,BGR,40
8161186,90,23,139,1997,2124731.0,3639685.0,0.229516,1.085225,GRC,BGR,40
8161187,90,23,139,2001,3269379.0,1668616.0,0.31387600000000004,1.3614600000000001,GRC,BGR,40
8161188,90,23,139,1996,3574623.0,3737120.0,0.271386,1.042608,GRC,BGR,40
8161189,90,23,139,1998,2523872.0,2750730.0,0.183835,1.1512790000000002,GRC,BGR,40
8161190,90,23,139,1999,2564986.0,1863474.0,0.24943600000000002,1.172467,GRC,BGR,40
8161191,90,23,139,2006,2633630.0,7336092.0,0.261955,1.488958,GRC,BGR,40
8161192,90,23,139,2007,4643620.0,5767614.0,0.348709,1.674567,GRC,BGR,40
8161193,90,23,139,2008,4473679.0,4805861.0,0.33272399999999996,1.758188,GRC,BGR,40
8161194,90,23,139,2009,3510103.0,2671236.0,0.2196,1.63301,GRC,BGR,40
8161195,90,23,139,2010,5549708.0,3296247.0,0.200249,1.4640090000000001,GRC,BGR,40
8161196,90,23,139,2011,8688403.0,4878395.0,0.138679,1.30044,GRC,BGR,40
8161197,90,23,139,2012,6775382.0,4643492.0,0.20949600000000002,1.086158,GRC,BGR,40
8161198,90,23,139,2013,18353512.0,24332303.0,0.18823800000000002,0.910906,GRC,BGR,40
8161199,90,23,139,2014,6184871.0,10893119.0,0.149337,0.8560540000000001,GRC,BGR,40
8161200,90,23,139,2018,6540979.0,9899237.0,0.059539999999999996,1.0321879999999999,GRC,BGR,40
8161201,90,23,139,2019,11645217.0,10272684.0,0.08904400000000001,1.059396,GRC,BGR,40
8161202,90,23,139,2004,2686586.0,5213872.0,0.348853,1.661656,GRC,BGR,40
8161203,90,23,139,2017,6272552.0,9175660.0,0.154098,1.151038,GRC,BGR,40
8161204,90,23,139,2005,2013673.0,4610181.0,0.321907,1.7731669999999997,GRC,BGR,40
8161205,90,23,139,2016,4430128.0,8502399.0,0.12153499999999999,1.126101,GRC,BGR,40
8161206,90,23,139,2015,5204365.0,7880943.0,0.099027,1.012289,GRC,BGR,40
8161207,90,23,139,2020,6138644.0,13567617.0,0.199011,1.087811,GRC,BGR,40
8161208,90,23,139,1995,4826867.0,3428076.0,0.17369,0.885756,GRC,BGR,40
8161209,92,23,139,1998,0.0,1157.0,-1.011085,-0.8786809999999999,GRL,BGR,40
8161210,93,23,139,2012,15314.0,0.0,-0.265127,0.626089,GTM,BGR,40
8161211,93,23,139,2014,11718.0,2249.0,-0.36547199999999996,0.548894,GTM,BGR,40
8161212,93,23,139,2015,0.0,1989.0,-0.284403,0.525564,GTM,BGR,40
8161213,93,23,139,2009,0.0,5450.0,-0.33276999999999995,0.551257,GTM,BGR,40
8161214,93,23,139,1996,0.0,13939.0,-0.332901,0.23790300000000003,GTM,BGR,40
8161215,96,23,139,2017,0.0,33650.0,-0.703271,-0.898648,GUY,BGR,40
8161216,96,23,139,2005,879.0,0.0,-0.618542,-0.771821,GUY,BGR,40
8161217,96,23,139,2019,0.0,64455.0,-0.308365,-0.7833359999999999,GUY,BGR,40
8161218,96,23,139,2016,0.0,42602.0,-0.4755,-0.778335,GUY,BGR,40
8161219,96,23,139,2020,0.0,48089.0,-0.5874159999999999,-0.8020189999999999,GUY,BGR,40
8161220,97,23,139,1996,8909.0,21839.0,0.54364,2.727659,HKG,BGR,40
8161221,97,23,139,1997,1916.0,0.0,0.521942,2.578405,HKG,BGR,40
8161222,97,23,139,1998,46300.0,0.0,0.46966099999999994,2.5744029999999998,HKG,BGR,40
8161223,97,23,139,1999,60862.0,689.0,0.387427,2.402434,HKG,BGR,40
8161224,97,23,139,2000,69312.0,0.0,0.416202,2.4793950000000002,HKG,BGR,40
8161225,97,23,139,2001,84993.0,0.0,0.521528,2.3025,HKG,BGR,40
8161226,97,23,139,2002,152034.0,4066.0,0.5701109999999999,1.989357,HKG,BGR,40
8161227,97,23,139,2003,95440.0,3327.0,0.494569,2.147062,HKG,BGR,40
8161228,97,23,139,2004,56319.0,12228.0,0.604825,2.098745,HKG,BGR,40
8161229,97,23,139,2011,236955.0,9392.0,0.663588,1.902118,HKG,BGR,40
8161230,97,23,139,2013,130909.0,0.0,0.744383,1.923139,HKG,BGR,40
8161231,97,23,139,2014,546550.0,0.0,0.812132,1.722493,HKG,BGR,40
8161232,97,23,139,2015,220743.0,11772.0,0.8255290000000001,1.8017279999999998,HKG,BGR,40
8161233,97,23,139,2016,300537.0,5017.0,0.8029029999999999,1.477249,HKG,BGR,40
8161234,97,23,139,2017,531525.0,4310.0,0.824982,1.7162220000000001,HKG,BGR,40
8161235,97,23,139,2018,590793.0,47958.0,0.843677,1.656073,HKG,BGR,40
8161236,97,23,139,2019,794882.0,24397.0,0.992556,1.523004,HKG,BGR,40
8161237,97,23,139,2009,33399.0,0.0,0.654964,1.98672,HKG,BGR,40
8161238,97,23,139,2005,39741.0,24673.0,0.5862149999999999,2.0303459999999998,HKG,BGR,40
8161239,97,23,139,2006,88814.0,178945.0,0.5776319999999999,2.076782,HKG,BGR,40
8161240,97,23,139,2012,165899.0,0.0,0.8124979999999999,1.677497,HKG,BGR,40
8161241,97,23,139,2010,339508.0,0.0,0.715745,1.9780259999999998,HKG,BGR,40
8161242,97,23,139,2020,577666.0,105871.0,1.070483,1.183618,HKG,BGR,40
8161243,97,23,139,2008,75930.0,5787.0,0.74435,2.149616,HKG,BGR,40
8161244,97,23,139,2007,70829.0,0.0,0.639034,2.1086009999999997,HKG,BGR,40
8161245,99,23,139,2015,0.0,1430.0,-0.578635,-0.292053,HND,BGR,40
8161246,99,23,139,2016,0.0,3847.0,-0.673741,-0.403777,HND,BGR,40
8161247,99,23,139,2017,0.0,2995.0,-0.6335689999999999,-0.334201,HND,BGR,40
8161248,99,23,139,2019,0.0,2984.0,-0.6444439999999999,-0.203443,HND,BGR,40
8161249,99,23,139,2009,44470.0,69176.0,-0.587607,-0.189167,HND,BGR,40
8161250,99,23,139,2018,0.0,1661.0,-0.523738,-0.193198,HND,BGR,40
8161251,99,23,139,2005,0.0,53902.0,-0.731899,-0.54884,HND,BGR,40
8161252,99,23,139,2006,0.0,108887.0,-0.672074,-0.472138,HND,BGR,40
8161253,99,23,139,2007,0.0,76421.0,-0.6366,-0.327447,HND,BGR,40
8161254,99,23,139,1998,0.0,1007.0,-0.9326049999999999,-0.598527,HND,BGR,40
8161255,100,23,139,2010,15238.0,312677.0,0.8276979999999999,0.97415,HRV,BGR,40
8161256,100,23,139,2004,9687.0,33316.0,0.6669970000000001,1.088043,HRV,BGR,40
8161257,100,23,139,1999,0.0,5590.0,0.572934,0.9873639999999999,HRV,BGR,40
8161258,100,23,139,2003,17388.0,15817.0,0.568394,1.230759,HRV,BGR,40
8161259,100,23,139,2006,95219.0,237874.0,0.755787,0.992614,HRV,BGR,40
8161260,100,23,139,2007,134273.0,104735.0,0.7799699999999999,1.1047850000000001,HRV,BGR,40
8161261,100,23,139,2009,28966.0,215572.0,0.740174,1.005258,HRV,BGR,40
8161262,100,23,139,2008,82468.0,120538.0,0.874459,1.075102,HRV,BGR,40
8161263,100,23,139,2005,29035.0,21324.0,0.687937,1.059269,HRV,BGR,40
8161264,100,23,139,2020,113149.0,1335564.0,0.876001,1.250877,HRV,BGR,40
8161265,100,23,139,2012,4232.0,124038.0,0.890281,1.02053,HRV,BGR,40
8161266,100,23,139,2017,87610.0,497765.0,0.860825,1.365445,HRV,BGR,40
8161267,100,23,139,2011,28711.0,162731.0,0.868294,0.9424299999999999,HRV,BGR,40
8161268,100,23,139,2013,14811.0,331346.0,0.898284,1.038807,HRV,BGR,40
8161269,100,23,139,2018,60912.0,960068.0,0.7923720000000001,1.4047209999999999,HRV,BGR,40
8161270,100,23,139,2019,29988.0,958198.0,0.850527,1.280845,HRV,BGR,40
8161271,100,23,139,2015,31106.0,481962.0,0.7590140000000001,1.257415,HRV,BGR,40
8161272,100,23,139,2014,25413.0,377512.0,0.804401,1.250807,HRV,BGR,40
8161273,100,23,139,2016,23728.0,361503.0,0.8695200000000001,1.214791,HRV,BGR,40
8161274,100,23,139,1995,0.0,1670.0,0.75325,1.395715,HRV,BGR,40
8161275,100,23,139,2000,0.0,6917.0,0.683921,1.0184959999999998,HRV,BGR,40
8161276,100,23,139,2001,0.0,4788.0,0.544596,0.969535,HRV,BGR,40
8161277,100,23,139,2002,0.0,18278.0,0.591276,1.030723,HRV,BGR,40
8161278,100,23,139,1997,1708.0,0.0,0.607903,1.147751,HRV,BGR,40
8161279,102,23,139,2020,14421576.0,9141548.0,1.393152,0.878916,HUN,BGR,40
8161280,102,23,139,2009,16082346.0,726473.0,1.397765,0.772375,HUN,BGR,40
8161281,102,23,139,2016,18622587.0,8844468.0,1.445281,0.8422209999999999,HUN,BGR,40
8161282,102,23,139,2018,18885687.0,11069948.0,1.519662,0.833092,HUN,BGR,40
8161283,102,23,139,2019,17631261.0,10037058.0,1.462102,0.809183,HUN,BGR,40
8161284,102,23,139,2017,20839559.0,9355267.0,1.4886270000000001,0.845986,HUN,BGR,40
8161285,102,23,139,2013,22831547.0,5676933.0,1.506101,0.7279220000000001,HUN,BGR,40
8161286,102,23,139,2014,24198542.0,12492202.0,1.477093,0.812869,HUN,BGR,40
8161287,102,23,139,2015,21616779.0,16105950.0,1.462839,0.803258,HUN,BGR,40
8161288,102,23,139,2008,37697034.0,583341.0,1.3358299999999999,0.8177770000000001,HUN,BGR,40
8161289,102,23,139,2007,24759697.0,1554093.0,1.4887709999999998,0.78372,HUN,BGR,40
8161290,102,23,139,2003,9061390.0,310191.0,1.2003270000000001,1.091407,HUN,BGR,40
8161291,102,23,139,2010,18257760.0,1782761.0,1.514225,0.740341,HUN,BGR,40
8161292,102,23,139,2011,21851587.0,1092835.0,1.486592,0.805642,HUN,BGR,40
8161293,102,23,139,2012,22454160.0,2689949.0,1.396648,0.759196,HUN,BGR,40
8161294,102,23,139,2002,5075920.0,919198.0,1.179684,1.0574860000000001,HUN,BGR,40
8161295,102,23,139,2004,11998874.0,383280.0,1.207082,1.019714,HUN,BGR,40
8161296,102,23,139,2005,14608410.0,791926.0,1.3558,0.876179,HUN,BGR,40
8161297,102,23,139,1996,550091.0,1147367.0,0.790036,1.891534,HUN,BGR,40
8161298,102,23,139,1997,400493.0,1113794.0,0.746743,1.577102,HUN,BGR,40
8161299,102,23,139,1998,706611.0,1418003.0,0.780392,1.450701,HUN,BGR,40
8161300,102,23,139,2000,727846.0,1438911.0,1.045661,1.198236,HUN,BGR,40
8161301,102,23,139,1999,370576.0,1600797.0,0.794675,1.308337,HUN,BGR,40
8161302,102,23,139,2006,16162993.0,492981.0,1.4034309999999999,0.835144,HUN,BGR,40
8161303,102,23,139,2001,1898146.0,1739748.0,1.102262,1.138016,HUN,BGR,40
8161304,102,23,139,1995,370000.0,1287000.0,0.878711,1.8200060000000002,HUN,BGR,40
8161305,103,23,139,2000,168511.0,19659.0,-0.125831,1.7116360000000002,IDN,BGR,40
8161306,103,23,139,2019,7462340.0,16024.0,-0.141811,1.385726,IDN,BGR,40
8161307,103,23,139,2020,11121464.0,23773.0,-0.16761700000000002,1.571009,IDN,BGR,40
8161308,103,23,139,2004,505737.0,1165.0,-0.223644,1.719065,IDN,BGR,40
8161309,103,23,139,2005,318112.0,0.0,-0.273208,1.5252379999999999,IDN,BGR,40
8161310,103,23,139,2010,11292690.0,0.0,-0.30878099999999997,1.07069,IDN,BGR,40
8161311,103,23,139,2015,6499725.0,1943.0,-0.145103,1.277362,IDN,BGR,40
8161312,103,23,139,2006,240519.0,361520.0,-0.21012399999999998,1.467838,IDN,BGR,40
8161313,103,23,139,2003,342885.0,2447.0,-0.16802,1.7252990000000001,IDN,BGR,40
8161314,103,23,139,2017,15106736.0,31132.0,-0.23641700000000002,1.188173,IDN,BGR,40
8161315,103,23,139,2014,7391081.0,8895.0,-0.088032,1.3966459999999998,IDN,BGR,40
8161316,103,23,139,2009,3423271.0,1012.0,-0.253835,1.260101,IDN,BGR,40
8161317,103,23,139,2012,7637128.0,5450.0,-0.142318,1.281781,IDN,BGR,40
8161318,103,23,139,2013,7400741.0,4330.0,-0.216854,1.415728,IDN,BGR,40
8161319,103,23,139,2016,6406641.0,7779.0,-0.158496,1.492067,IDN,BGR,40
8161320,103,23,139,2018,12072547.0,11094.0,-0.10130499999999999,1.2414209999999999,IDN,BGR,40
8161321,103,23,139,2008,1847162.0,51597.0,-0.11154000000000001,1.4879850000000001,IDN,BGR,40
8161322,103,23,139,2001,176888.0,2274.0,-0.167771,1.6587889999999998,IDN,BGR,40
8161323,103,23,139,2002,78868.0,0.0,-0.10020499999999999,1.590314,IDN,BGR,40
8161324,103,23,139,2007,289021.0,266291.0,-0.192415,1.497962,IDN,BGR,40
8161325,103,23,139,2011,13472596.0,14922.0,-0.234125,1.168384,IDN,BGR,40
8161326,103,23,139,1997,771142.0,66348.0,-0.44080699999999995,1.220104,IDN,BGR,40
8161327,103,23,139,1998,842589.0,2380.0,-0.478253,1.350652,IDN,BGR,40
8161328,103,23,139,1999,411140.0,5478.0,-0.20447,1.568505,IDN,BGR,40
8161329,103,23,139,1995,186009.0,650585.0,-0.391727,1.174727,IDN,BGR,40
8161330,103,23,139,1996,363967.0,32551.0,-0.43199899999999997,1.22074,IDN,BGR,40
8161331,104,23,139,2004,842555.0,0.0,0.233348,2.790987,IND,BGR,40
8161332,104,23,139,2009,478142.0,53571.0,0.209867,2.254003,IND,BGR,40
8161333,104,23,139,2015,1437034.0,161038.0,0.24230900000000002,2.8190880000000003,IND,BGR,40
8161334,104,23,139,2017,3510716.0,123647.0,0.290576,2.726391,IND,BGR,40
8161335,104,23,139,2018,3877615.0,60763.0,0.526015,2.448112,IND,BGR,40
8161336,104,23,139,2019,3817562.0,54774.0,0.43196,2.661139,IND,BGR,40
8161337,104,23,139,2020,4608723.0,75871.0,0.464674,2.838779,IND,BGR,40
8161338,104,23,139,2013,1385913.0,5502.0,0.215356,2.3916209999999998,IND,BGR,40
8161339,104,23,139,2014,1485023.0,5914.0,0.262042,2.6305080000000003,IND,BGR,40
8161340,104,23,139,2011,1282857.0,14105.0,0.18276199999999998,2.398765,IND,BGR,40
8161341,104,23,139,2012,962119.0,8338.0,0.229996,2.4815110000000002,IND,BGR,40
8161342,104,23,139,2016,2418750.0,264288.0,0.30976,2.61043,IND,BGR,40
8161343,104,23,139,2007,1034168.0,43697.0,0.279475,2.7514939999999997,IND,BGR,40
8161344,104,23,139,2008,903912.0,37038.0,0.26694,2.926023,IND,BGR,40
8161345,104,23,139,2003,62152.0,753.0,0.33014099999999996,2.836003,IND,BGR,40
8161346,104,23,139,2005,570418.0,0.0,0.212108,2.817413,IND,BGR,40
8161347,104,23,139,2006,1085854.0,165701.0,0.285652,2.731318,IND,BGR,40
8161348,104,23,139,2010,762340.0,73835.0,0.14485599999999998,2.408913,IND,BGR,40
8161349,104,23,139,2000,12578.0,4273.0,0.3961,2.553408,IND,BGR,40
8161350,104,23,139,2002,135023.0,0.0,0.380867,2.608955,IND,BGR,40
8161351,104,23,139,2001,46451.0,0.0,0.349744,2.665844,IND,BGR,40
8161352,104,23,139,1997,0.0,3285.0,0.262571,2.31305,IND,BGR,40
8161353,104,23,139,1996,19983.0,0.0,0.20685599999999998,2.317622,IND,BGR,40
8161354,104,23,139,1998,430.0,580.0,0.274308,2.316908,IND,BGR,40
8161355,104,23,139,1999,77132.0,5384.0,0.29945900000000003,2.438702,IND,BGR,40
8161356,104,23,139,1995,1219.0,0.0,0.156183,1.9617380000000002,IND,BGR,40
8161357,106,23,139,1998,0.0,1479.0,1.451067,0.654442,IRL,BGR,40
8161358,106,23,139,1995,1605.0,0.0,1.349192,0.992099,IRL,BGR,40
8161359,106,23,139,1996,19280.0,0.0,1.386011,0.9232100000000001,IRL,BGR,40
8161360,106,23,139,1997,0.0,3211.0,1.471048,0.8769370000000001,IRL,BGR,40
8161361,106,23,139,1999,3831.0,20960.0,1.599613,0.37233299999999997,IRL,BGR,40
8161362,106,23,139,2002,3398.0,3603.0,1.7232880000000002,0.091172,IRL,BGR,40
8161363,106,23,139,2004,18088.0,3539.0,1.501859,0.14456,IRL,BGR,40
8161364,106,23,139,2005,21699.0,0.0,1.536605,0.189781,IRL,BGR,40
8161365,106,23,139,2019,177181.0,25611.0,1.3812389999999999,-0.025366,IRL,BGR,40
8161366,106,23,139,2000,1423.0,8152.0,1.546001,0.342854,IRL,BGR,40
8161367,106,23,139,2003,6814.0,5061.0,1.6396130000000002,0.220599,IRL,BGR,40
8161368,106,23,139,2006,30614.0,22578.0,1.43804,0.06463200000000001,IRL,BGR,40
8161369,106,23,139,2007,3749.0,6272.0,1.353146,0.122832,IRL,BGR,40
8161370,106,23,139,2008,3792.0,3559.0,1.693858,0.221425,IRL,BGR,40
8161371,106,23,139,2011,55460.0,60325.0,1.403182,0.290245,IRL,BGR,40
8161372,106,23,139,2016,46901.0,4424.0,1.445238,0.07659400000000001,IRL,BGR,40
8161373,106,23,139,2017,214570.0,48623.0,1.363544,0.169211,IRL,BGR,40
8161374,106,23,139,2020,176363.0,54940.0,1.337791,-0.20829699999999998,IRL,BGR,40
8161375,106,23,139,2018,303592.0,53732.0,1.262419,0.013576,IRL,BGR,40
8161376,106,23,139,2014,69646.0,114464.0,1.2658399999999999,0.278546,IRL,BGR,40
8161377,106,23,139,2009,9791.0,0.0,1.627233,0.020024,IRL,BGR,40
8161378,106,23,139,2010,15520.0,0.0,1.371357,0.168795,IRL,BGR,40
8161379,106,23,139,2012,26159.0,21147.0,1.229702,0.12683599999999998,IRL,BGR,40
8161380,106,23,139,2015,64243.0,67635.0,1.304942,0.126431,IRL,BGR,40
8161381,106,23,139,2001,4008.0,6155.0,1.664233,0.129983,IRL,BGR,40
8161382,106,23,139,2013,176660.0,48961.0,1.29988,0.240688,IRL,BGR,40
8161383,107,23,139,2000,3797.0,322598.0,-0.555558,-0.910523,IRN,BGR,40
8161384,107,23,139,2001,31797.0,33815.0,-0.7732479999999999,-0.8979370000000001,IRN,BGR,40
8161385,107,23,139,2002,0.0,78292.0,-0.5707840000000001,-0.705612,IRN,BGR,40
8161386,107,23,139,2010,0.0,69726.0,-0.609874,-0.744733,IRN,BGR,40
8161387,107,23,139,2016,0.0,210933.0,-0.407368,-0.23482399999999998,IRN,BGR,40
8161388,107,23,139,2003,35634.0,62700.0,-0.552146,-0.8668520000000001,IRN,BGR,40
8161389,107,23,139,2004,0.0,76713.0,-0.38210700000000003,-0.8408620000000001,IRN,BGR,40
8161390,107,23,139,2005,0.0,7952.0,-0.305068,-0.804413,IRN,BGR,40
8161391,107,23,139,2006,0.0,240154.0,-0.391023,-0.767861,IRN,BGR,40
8161392,107,23,139,2011,0.0,59267.0,-0.915379,-0.973194,IRN,BGR,40
8161393,107,23,139,2013,0.0,10706.0,-0.339172,-0.237114,IRN,BGR,40
8161394,107,23,139,2014,0.0,352977.0,-0.361058,-0.312743,IRN,BGR,40
8161395,107,23,139,2015,0.0,320733.0,-0.258946,-0.0073420000000000004,IRN,BGR,40
8161396,107,23,139,2017,0.0,492837.0,-0.361292,-0.361813,IRN,BGR,40
8161397,107,23,139,2018,0.0,21328.0,-0.389954,-0.258156,IRN,BGR,40
8161398,107,23,139,2019,4478.0,147771.0,-0.386813,-0.467873,IRN,BGR,40
8161399,107,23,139,1999,0.0,184459.0,-0.9366620000000001,-1.147602,IRN,BGR,40
8161400,107,23,139,2008,0.0,39048.0,-0.9776469999999999,-1.054475,IRN,BGR,40
8161401,107,23,139,2009,28073.0,22400.0,-1.185702,-1.1049360000000001,IRN,BGR,40
8161402,107,23,139,1997,0.0,64552.0,-0.503841,-0.9984059999999999,IRN,BGR,40
8161403,107,23,139,1998,0.0,135572.0,-0.6626029999999999,-1.0408959999999998,IRN,BGR,40
8161404,107,23,139,2012,0.0,13140.0,-0.963881,-0.928644,IRN,BGR,40
8161405,107,23,139,2007,0.0,55886.0,-0.797659,-1.048892,IRN,BGR,40
8161406,107,23,139,2020,0.0,132518.0,-0.362286,-0.242846,IRN,BGR,40
8161407,108,23,139,2010,0.0,4998.0,-2.1439150000000002,-0.913227,IRQ,BGR,40
8161408,108,23,139,2016,0.0,17586.0,-2.2400029999999997,-1.017174,IRQ,BGR,40
8161409,108,23,139,2019,0.0,32303.0,-1.593359,-0.9927860000000001,IRQ,BGR,40
8161410,108,23,139,2015,0.0,13178.0,-1.465803,-0.912113,IRQ,BGR,40
8161411,108,23,139,2013,0.0,2799.0,-2.839079,-0.8705440000000001,IRQ,BGR,40
8161412,108,23,139,2012,0.0,7023.0,-2.7534509999999996,-0.812277,IRQ,BGR,40
8161413,108,23,139,2014,0.0,1000.0,-2.9169,-0.882023,IRQ,BGR,40
8161414,108,23,139,2005,0.0,9818.0,-1.021297,-0.8532549999999999,IRQ,BGR,40
8161415,108,23,139,2020,0.0,2964.0,-1.087158,-0.9546389999999999,IRQ,BGR,40
8161416,108,23,139,2004,0.0,4831.0,-0.8852559999999999,-0.907136,IRQ,BGR,40
8161417,109,23,139,2017,0.0,5281.0,0.386094,-0.277269,ISL,BGR,40
8161418,109,23,139,2012,0.0,513.0,0.368012,-0.31235599999999997,ISL,BGR,40
8161419,109,23,139,2015,0.0,1327.0,0.24527600000000002,-0.411616,ISL,BGR,40
8161420,109,23,139,2010,0.0,301.0,0.20822100000000002,-0.318294,ISL,BGR,40
8161421,109,23,139,2011,0.0,1125.0,0.284202,-0.23753000000000002,ISL,BGR,40
8161422,109,23,139,2009,0.0,5473.0,0.21713200000000002,-0.371812,ISL,BGR,40
8161423,109,23,139,2013,0.0,580.0,0.259374,-0.20413299999999998,ISL,BGR,40
8161424,109,23,139,2019,0.0,48637.0,0.378873,-0.162129,ISL,BGR,40
8161425,109,23,139,2007,0.0,1713.0,0.172786,-0.380266,ISL,BGR,40
8161426,109,23,139,2018,0.0,1236.0,0.252338,-0.341319,ISL,BGR,40
8161427,109,23,139,2003,0.0,1243.0,0.21902800000000003,-0.40818499999999996,ISL,BGR,40
8161428,109,23,139,2002,32778.0,0.0,0.23601999999999998,-0.34781,ISL,BGR,40
8161429,109,23,139,2008,0.0,352.0,0.26969899999999997,-0.29915,ISL,BGR,40
8161430,109,23,139,2020,0.0,11849.0,0.27161399999999997,-0.17819200000000002,ISL,BGR,40
8161431,109,23,139,2006,0.0,132.0,0.170234,-0.302203,ISL,BGR,40
8161432,109,23,139,1997,7932.0,0.0,0.217533,-0.405395,ISL,BGR,40
8161433,109,23,139,1998,1609.0,0.0,0.18141300000000002,-0.47993500000000006,ISL,BGR,40
8161434,109,23,139,1996,2758.0,2135.0,0.003558,-0.551796,ISL,BGR,40
8161435,109,23,139,1995,0.0,4808.0,0.161331,-0.45210100000000003,ISL,BGR,40
8161436,110,23,139,2011,771275.0,182537.0,1.324384,0.714611,ISR,BGR,40
8161437,110,23,139,1997,9164.0,0.0,1.3230030000000002,0.965016,ISR,BGR,40
8161438,110,23,139,2010,470504.0,104205.0,1.215834,0.7028340000000001,ISR,BGR,40
8161439,110,23,139,2012,989618.0,80411.0,1.344347,0.691617,ISR,BGR,40
8161440,110,23,139,2014,1310042.0,88976.0,1.211141,0.64523,ISR,BGR,40
8161441,110,23,139,2016,846267.0,178345.0,1.352275,0.67584,ISR,BGR,40
8161442,110,23,139,2009,300054.0,104182.0,1.226438,0.816299,ISR,BGR,40
8161443,110,23,139,2003,86108.0,46107.0,1.157809,0.682195,ISR,BGR,40
8161444,110,23,139,2020,1138246.0,352138.0,1.487557,0.8370920000000001,ISR,BGR,40
8161445,110,23,139,1998,25216.0,0.0,1.2643739999999999,0.958475,ISR,BGR,40
8161446,110,23,139,2013,1213198.0,88789.0,1.197241,0.633828,ISR,BGR,40
8161447,110,23,139,2004,86129.0,43488.0,1.250393,0.8003979999999999,ISR,BGR,40
8161448,110,23,139,2006,184589.0,710850.0,1.3082129999999998,0.783845,ISR,BGR,40
8161449,110,23,139,2007,175801.0,343742.0,1.092244,0.753984,ISR,BGR,40
8161450,110,23,139,2008,181086.0,26568.0,1.169192,0.797136,ISR,BGR,40
8161451,110,23,139,2015,676628.0,133409.0,1.260071,0.545545,ISR,BGR,40
8161452,110,23,139,2005,121273.0,193184.0,1.3829120000000001,0.761617,ISR,BGR,40
8161453,110,23,139,1996,2949.0,1112.0,1.054975,1.072965,ISR,BGR,40
8161454,110,23,139,2017,759204.0,324728.0,1.436156,0.776574,ISR,BGR,40
8161455,110,23,139,2001,37701.0,55596.0,1.374873,0.775594,ISR,BGR,40
8161456,110,23,139,2002,101336.0,5835.0,1.334174,0.654331,ISR,BGR,40
8161457,110,23,139,2019,1095558.0,272772.0,1.488686,0.823376,ISR,BGR,40
8161458,110,23,139,2018,992431.0,364899.0,1.355071,0.872822,ISR,BGR,40
8161459,110,23,139,2000,25772.0,65418.0,1.251365,0.7359319999999999,ISR,BGR,40
8161460,110,23,139,1999,30142.0,21842.0,1.342593,0.781931,ISR,BGR,40
8161461,111,23,139,2003,5598719.0,13305269.0,1.399734,1.044608,ITA,BGR,40
8161462,111,23,139,2006,8083521.0,16077038.0,1.293779,0.93995,ITA,BGR,40
8161463,111,23,139,2007,12421640.0,14278768.0,1.3003559999999998,0.705448,ITA,BGR,40
8161464,111,23,139,2008,16867970.0,14143768.0,1.308777,0.361523,ITA,BGR,40
8161465,111,23,139,2009,14007349.0,8762441.0,1.289,0.64549,ITA,BGR,40
8161466,111,23,139,2010,10649012.0,7480807.0,1.272385,0.545721,ITA,BGR,40
8161467,111,23,139,2011,12810455.0,10043851.0,1.298751,0.48013599999999995,ITA,BGR,40
8161468,111,23,139,2012,12744494.0,11452187.0,1.297611,0.28585900000000003,ITA,BGR,40
8161469,111,23,139,2013,15086912.0,9928206.0,1.289924,0.533436,ITA,BGR,40
8161470,111,23,139,2014,16394790.0,8626283.0,1.340136,0.43931099999999995,ITA,BGR,40
8161471,111,23,139,2015,18651197.0,13837010.0,1.321127,0.747046,ITA,BGR,40
8161472,111,23,139,2016,19876215.0,12087107.0,1.339307,0.8549209999999999,ITA,BGR,40
8161473,111,23,139,2017,27151964.0,21301681.0,1.34395,0.577693,ITA,BGR,40
8161474,111,23,139,2018,30039587.0,17711108.0,1.3602530000000002,0.453607,ITA,BGR,40
8161475,111,23,139,2019,21046098.0,15763257.0,1.25898,0.926639,ITA,BGR,40
8161476,111,23,139,2020,17924181.0,13426760.0,1.299017,0.701797,ITA,BGR,40
8161477,111,23,139,1995,2655150.0,11524228.0,1.503379,1.449094,ITA,BGR,40
8161478,111,23,139,1996,3993251.0,11849348.0,1.4674690000000001,1.263362,ITA,BGR,40
8161479,111,23,139,1997,3117661.0,9105192.0,1.4860389999999999,1.235674,ITA,BGR,40
8161480,111,23,139,1998,4262013.0,11140518.0,1.4532209999999999,1.191124,ITA,BGR,40
8161481,111,23,139,2005,6218985.0,12739672.0,1.295883,1.032218,ITA,BGR,40
8161482,111,23,139,2000,3673999.0,11095221.0,1.421124,1.112321,ITA,BGR,40
8161483,111,23,139,2001,3996620.0,8873263.0,1.389926,1.282143,ITA,BGR,40
8161484,111,23,139,2002,4810447.0,9662244.0,1.377604,1.2470510000000001,ITA,BGR,40
8161485,111,23,139,2004,5499935.0,13766484.0,1.358057,1.11533,ITA,BGR,40
8161486,111,23,139,1999,3879119.0,11273641.0,1.395253,1.3589790000000002,ITA,BGR,40
8161487,112,23,139,2006,0.0,10454.0,-0.5122720000000001,-0.9109809999999999,JAM,BGR,40
8161488,112,23,139,2016,0.0,1533.0,-0.259972,-0.592114,JAM,BGR,40
8161489,113,23,139,2016,1227.0,2264.0,-0.0115,0.045625,JOR,BGR,40
8161490,113,23,139,2018,0.0,3159.0,-0.086895,0.283829,JOR,BGR,40
8161491,113,23,139,2020,0.0,8358.0,-0.060384,0.139902,JOR,BGR,40
8161492,113,23,139,2012,0.0,10466.0,0.24909099999999998,0.489624,JOR,BGR,40
8161493,113,23,139,2014,0.0,8393.0,0.210208,0.48732299999999995,JOR,BGR,40
8161494,113,23,139,2013,0.0,3914.0,0.152659,0.5889979999999999,JOR,BGR,40
8161495,113,23,139,1998,0.0,34905.0,0.403009,-0.076366,JOR,BGR,40
8161496,113,23,139,1999,0.0,83877.0,0.475995,0.514447,JOR,BGR,40
8161497,113,23,139,2000,0.0,45068.0,0.495354,1.233005,JOR,BGR,40
8161498,113,23,139,2001,8472.0,0.0,0.375134,0.581558,JOR,BGR,40
8161499,113,23,139,2002,0.0,8576.0,0.24197600000000002,0.196635,JOR,BGR,40
8161500,113,23,139,2007,4078.0,0.0,0.228433,0.5984550000000001,JOR,BGR,40
8161501,113,23,139,2006,2340.0,0.0,0.166718,0.331248,JOR,BGR,40
8161502,113,23,139,2008,0.0,4926.0,0.255463,0.45844799999999997,JOR,BGR,40
8161503,113,23,139,2009,0.0,5314.0,0.21374899999999997,0.423774,JOR,BGR,40
8161504,113,23,139,2010,1675.0,101497.0,0.251702,0.522758,JOR,BGR,40
8161505,113,23,139,2011,0.0,3666.0,0.231605,0.47049399999999997,JOR,BGR,40
8161506,113,23,139,1996,8118.0,0.0,0.12203499999999999,-0.41859399999999997,JOR,BGR,40
8161507,114,23,139,2009,1472758.0,2734.0,2.306791,-0.251712,JPN,BGR,40
8161508,114,23,139,2010,1304892.0,2893.0,2.459723,-0.279387,JPN,BGR,40
8161509,114,23,139,2011,1097868.0,0.0,2.516395,-0.534301,JPN,BGR,40
8161510,114,23,139,2012,1385580.0,0.0,2.359022,-0.553565,JPN,BGR,40
8161511,114,23,139,2005,517932.0,29158.0,2.392106,0.278652,JPN,BGR,40
8161512,114,23,139,2016,1062567.0,1289.0,2.574025,-0.34859,JPN,BGR,40
8161513,114,23,139,2014,986089.0,2908.0,2.403165,-0.635024,JPN,BGR,40
8161514,114,23,139,2015,1084943.0,1477.0,2.516133,-0.484202,JPN,BGR,40
8161515,114,23,139,2017,838570.0,1616.0,2.4510419999999997,-0.277357,JPN,BGR,40
8161516,114,23,139,2018,905152.0,12174.0,2.514533,-0.416074,JPN,BGR,40
8161517,114,23,139,2020,968198.0,28022.0,2.405659,-0.38169000000000003,JPN,BGR,40
8161518,114,23,139,2019,978461.0,40968.0,2.4931509999999997,-0.558811,JPN,BGR,40
8161519,114,23,139,2000,421081.0,0.0,2.579611,0.464875,JPN,BGR,40
8161520,114,23,139,2001,474187.0,0.0,2.585857,0.522663,JPN,BGR,40
8161521,114,23,139,2002,441993.0,0.0,2.556057,0.497673,JPN,BGR,40
8161522,114,23,139,2003,233647.0,0.0,2.4686630000000003,0.48072600000000004,JPN,BGR,40
8161523,114,23,139,2004,431233.0,0.0,2.526624,0.452054,JPN,BGR,40
8161524,114,23,139,2006,1325239.0,0.0,2.4348099999999997,0.082887,JPN,BGR,40
8161525,114,23,139,2007,1202792.0,4022.0,2.313259,0.186703,JPN,BGR,40
8161526,114,23,139,2008,967235.0,29687.0,2.285056,0.036255,JPN,BGR,40
8161527,114,23,139,1998,944115.0,0.0,2.550442,0.718063,JPN,BGR,40
8161528,114,23,139,1995,14447.0,16400.0,2.56822,0.927307,JPN,BGR,40
8161529,114,23,139,1996,101522.0,0.0,2.615364,0.5656939999999999,JPN,BGR,40
8161530,114,23,139,1997,308838.0,0.0,2.631846,0.553144,JPN,BGR,40
8161531,114,23,139,1999,1428695.0,0.0,2.541382,0.693702,JPN,BGR,40
8161532,114,23,139,2013,1740820.0,0.0,2.3993130000000003,-0.564768,JPN,BGR,40
8161533,115,23,139,2010,0.0,116233.0,-0.6278020000000001,-0.8419760000000001,KAZ,BGR,40
8161534,115,23,139,2004,0.0,50155.0,-0.09288300000000001,-0.537664,KAZ,BGR,40
8161535,115,23,139,2005,65415.0,62865.0,-0.06211900000000001,-0.641976,KAZ,BGR,40
8161536,115,23,139,2008,0.0,146702.0,-0.43055200000000005,-0.6852590000000001,KAZ,BGR,40
8161537,115,23,139,2009,0.0,184822.0,-0.6547970000000001,-0.772256,KAZ,BGR,40
8161538,115,23,139,2011,0.0,307716.0,-0.514687,-0.775671,KAZ,BGR,40
8161539,115,23,139,2012,0.0,399001.0,-0.191363,-0.452845,KAZ,BGR,40
8161540,115,23,139,2014,0.0,192229.0,-0.210431,-0.574075,KAZ,BGR,40
8161541,115,23,139,2015,3355.0,179755.0,-0.45091499999999995,-0.652026,KAZ,BGR,40
8161542,115,23,139,2016,0.0,41591.0,-0.376397,-0.553639,KAZ,BGR,40
8161543,115,23,139,2017,0.0,119222.0,-0.394316,-0.5485979999999999,KAZ,BGR,40
8161544,115,23,139,2018,0.0,134348.0,-0.483862,-0.667417,KAZ,BGR,40
8161545,115,23,139,2019,2277.0,79077.0,-0.26529400000000003,-0.523479,KAZ,BGR,40
8161546,115,23,139,2020,2209.0,74460.0,-0.48361899999999997,-0.626675,KAZ,BGR,40
8161547,115,23,139,2007,0.0,155161.0,-0.171218,-0.630279,KAZ,BGR,40
8161548,115,23,139,2000,0.0,9907.0,-0.019137,-0.683485,KAZ,BGR,40
8161549,115,23,139,2001,0.0,26776.0,0.009714,-0.525899,KAZ,BGR,40
8161550,115,23,139,2002,0.0,40532.0,-0.065332,-0.616159,KAZ,BGR,40
8161551,115,23,139,2003,0.0,83250.0,-0.156326,-0.62092,KAZ,BGR,40
8161552,115,23,139,2006,4469.0,211204.0,0.038229,-0.579421,KAZ,BGR,40
8161553,115,23,139,2013,0.0,311816.0,-0.680678,-0.83347,KAZ,BGR,40
8161554,115,23,139,1998,0.0,23203.0,0.245507,-0.389842,KAZ,BGR,40
8161555,115,23,139,1997,0.0,27357.0,0.44044300000000003,-0.10249000000000001,KAZ,BGR,40
8161556,115,23,139,1999,0.0,5526.0,-0.035315,-0.514845,KAZ,BGR,40
8161557,115,23,139,1996,0.0,164023.0,0.48902799999999996,0.154932,KAZ,BGR,40
8161558,116,23,139,2018,0.0,3764.0,-0.32707800000000004,0.71009,KEN,BGR,40
8161559,116,23,139,2019,0.0,1747.0,-0.406684,0.8588969999999999,KEN,BGR,40
8161560,116,23,139,2020,0.0,1276.0,-0.496446,0.562476,KEN,BGR,40
8161561,116,23,139,2003,0.0,6168.0,-0.3531,0.582992,KEN,BGR,40
8161562,116,23,139,2005,0.0,3610.0,-0.507389,0.769896,KEN,BGR,40
8161563,116,23,139,2006,0.0,23874.0,-0.38287899999999997,1.060286,KEN,BGR,40
8161564,116,23,139,2001,0.0,10075.0,-0.529388,0.092271,KEN,BGR,40
8161565,116,23,139,2002,0.0,754.0,-0.555812,0.169204,KEN,BGR,40
8161566,116,23,139,2017,0.0,3100.0,-0.579541,0.511926,KEN,BGR,40
8161567,116,23,139,1998,0.0,25813.0,-0.434978,0.10193300000000001,KEN,BGR,40
8161568,117,23,139,2010,0.0,891.0,-0.48426400000000003,-0.169443,KGZ,BGR,40
8161569,117,23,139,2016,0.0,1284.0,0.010529,0.287462,KGZ,BGR,40
8161570,117,23,139,2017,0.0,1204.0,-0.11530599999999999,0.264752,KGZ,BGR,40
8161571,117,23,139,2000,0.0,3081.0,0.365421,0.333017,KGZ,BGR,40
8161572,117,23,139,2001,0.0,3316.0,0.23332199999999997,0.256019,KGZ,BGR,40
8161573,117,23,139,2002,6542.0,2582.0,0.081807,0.16872,KGZ,BGR,40
8161574,117,23,139,2007,0.0,1914.0,-0.190437,-0.23665999999999998,KGZ,BGR,40
8161575,117,23,139,2009,0.0,1141.0,-0.251815,0.144822,KGZ,BGR,40
8161576,117,23,139,2018,0.0,5364.0,-0.141491,0.33161,KGZ,BGR,40
8161577,117,23,139,2014,0.0,1189.0,-0.31942600000000004,-0.012454,KGZ,BGR,40
8161578,117,23,139,2013,0.0,1410.0,-0.1035,0.339914,KGZ,BGR,40
8161579,117,23,139,2019,0.0,473.0,-0.297072,0.306611,KGZ,BGR,40
8161580,117,23,139,2020,0.0,553.0,-0.117317,0.36644,KGZ,BGR,40
8161581,117,23,139,1998,0.0,8574.0,0.11446500000000001,-0.24638000000000002,KGZ,BGR,40
8161582,118,23,139,2008,0.0,3839.0,-1.064815,-1.098892,KHM,BGR,40
8161583,118,23,139,2020,0.0,6674.0,-0.602562,-0.505135,KHM,BGR,40
8161584,118,23,139,2001,0.0,1202.0,-1.231058,-1.154536,KHM,BGR,40
8161585,118,23,139,1999,0.0,1061.0,-1.5727360000000001,-1.2731629999999998,KHM,BGR,40
8161586,121,23,139,2012,1461647.0,582675.0,1.632917,0.877742,KOR,BGR,40
8161587,121,23,139,1997,532908.0,0.0,1.0478290000000001,1.2874370000000002,KOR,BGR,40
8161588,121,23,139,1998,287294.0,114130.0,0.999518,1.106351,KOR,BGR,40
8161589,121,23,139,1996,3085435.0,36736.0,0.8946940000000001,1.240424,KOR,BGR,40
8161590,121,23,139,2010,2490349.0,238928.0,1.7118849999999999,0.762362,KOR,BGR,40
8161591,121,23,139,2000,236956.0,13001.0,1.0696700000000001,1.0182209999999998,KOR,BGR,40
8161592,121,23,139,2001,191896.0,0.0,1.145797,1.0762399999999999,KOR,BGR,40
8161593,121,23,139,2014,2224748.0,409662.0,1.817145,0.8394530000000001,KOR,BGR,40
8161594,121,23,139,2004,1251076.0,12245.0,1.3624690000000002,0.928342,KOR,BGR,40
8161595,121,23,139,2005,1407612.0,0.0,1.4051850000000001,0.815171,KOR,BGR,40
8161596,121,23,139,2006,1811973.0,176292.0,1.5384309999999999,0.766628,KOR,BGR,40
8161597,121,23,139,2007,2213802.0,55609.0,1.497359,0.726637,KOR,BGR,40
8161598,121,23,139,2008,1235888.0,146306.0,1.491687,0.814692,KOR,BGR,40
8161599,121,23,139,2009,1016090.0,136739.0,1.509336,0.784515,KOR,BGR,40
8161600,121,23,139,2011,3595808.0,370260.0,1.731371,0.8306879999999999,KOR,BGR,40
8161601,121,23,139,1999,243387.0,24894.0,0.92448,1.053988,KOR,BGR,40
8161602,121,23,139,2013,2000146.0,420399.0,1.818383,0.75645,KOR,BGR,40
8161603,121,23,139,2015,3981625.0,690634.0,1.900653,0.859406,KOR,BGR,40
8161604,121,23,139,2016,5908547.0,432315.0,2.086184,0.724318,KOR,BGR,40
8161605,121,23,139,2017,5317611.0,279452.0,2.011263,0.783215,KOR,BGR,40
8161606,121,23,139,2018,5751716.0,771823.0,2.093866,0.764303,KOR,BGR,40
8161607,121,23,139,2019,6007193.0,1707260.0,2.115482,0.696838,KOR,BGR,40
8161608,121,23,139,2020,6581850.0,724557.0,1.9703950000000001,0.800826,KOR,BGR,40
8161609,121,23,139,1995,1139442.0,14165.0,0.845175,1.2761799999999999,KOR,BGR,40
8161610,121,23,139,2002,199107.0,0.0,1.186816,1.075947,KOR,BGR,40
8161611,121,23,139,2003,740682.0,0.0,1.2611709999999998,0.956308,KOR,BGR,40
8161612,122,23,139,2018,0.0,21393.0,-0.668802,-1.154012,KWT,BGR,40
8161613,122,23,139,2011,0.0,3191.0,-0.898582,-1.09893,KWT,BGR,40
8161614,122,23,139,2020,0.0,15878.0,-0.072977,-1.090017,KWT,BGR,40
8161615,122,23,139,2015,0.0,8880.0,-0.352023,-1.153057,KWT,BGR,40
8161616,122,23,139,2017,0.0,17123.0,-0.229821,-1.128482,KWT,BGR,40
8161617,122,23,139,2013,0.0,15287.0,-0.536384,-1.08382,KWT,BGR,40
8161618,122,23,139,2014,0.0,10719.0,-0.769616,-1.10667,KWT,BGR,40
8161619,122,23,139,2016,0.0,8213.0,-0.31188,-1.1438620000000002,KWT,BGR,40
8161620,122,23,139,2019,0.0,15774.0,0.081686,-1.087259,KWT,BGR,40
8161621,122,23,139,2003,0.0,7566.0,-0.7943640000000001,-1.1529770000000001,KWT,BGR,40
8161622,122,23,139,2004,0.0,555.0,-0.481908,-1.172081,KWT,BGR,40
8161623,122,23,139,2006,3209.0,1649.0,-0.589823,-1.142795,KWT,BGR,40
8161624,122,23,139,2007,0.0,44636.0,-0.8265030000000001,-1.166243,KWT,BGR,40
8161625,122,23,139,2008,965.0,53213.0,-1.401297,-1.142945,KWT,BGR,40
8161626,122,23,139,2010,0.0,4016.0,0.067373,-1.0822120000000002,KWT,BGR,40
8161627,122,23,139,2000,0.0,3582.0,-0.6112270000000001,-1.149326,KWT,BGR,40
8161628,122,23,139,2001,0.0,682.0,-0.8197,-1.183758,KWT,BGR,40
8161629,124,23,139,2019,24072.0,29588.0,0.26155700000000004,1.062317,LBN,BGR,40
8161630,124,23,139,1997,9825.0,0.0,0.334291,0.783104,LBN,BGR,40
8161631,124,23,139,2001,769.0,9985.0,0.165355,0.988008,LBN,BGR,40
8161632,124,23,139,2003,23151.0,9613.0,0.261687,1.053856,LBN,BGR,40
8161633,124,23,139,1998,3145.0,15181.0,0.23803200000000002,0.9927860000000001,LBN,BGR,40
8161634,124,23,139,2000,0.0,13743.0,0.24766100000000002,0.85467,LBN,BGR,40
8161635,124,23,139,2014,12960.0,109484.0,0.308677,1.7564490000000001,LBN,BGR,40
8161636,124,23,139,2013,5438.0,46528.0,0.283084,1.4289100000000001,LBN,BGR,40
8161637,124,23,139,2017,4413.0,19750.0,0.266847,1.117621,LBN,BGR,40
8161638,124,23,139,2007,0.0,41542.0,0.47468,1.775191,LBN,BGR,40
8161639,124,23,139,1999,2483.0,11612.0,0.264151,0.767188,LBN,BGR,40
8161640,124,23,139,2002,25020.0,30108.0,0.2729,1.254232,LBN,BGR,40
8161641,124,23,139,2008,17857.0,22864.0,0.46133100000000005,1.4598149999999999,LBN,BGR,40
8161642,124,23,139,2015,21955.0,67000.0,0.317355,1.330374,LBN,BGR,40
8161643,124,23,139,2018,25116.0,102497.0,0.270554,0.9995149999999999,LBN,BGR,40
8161644,124,23,139,2020,0.0,7072.0,0.35459,1.067965,LBN,BGR,40
8161645,124,23,139,2010,12408.0,62388.0,0.415854,1.424085,LBN,BGR,40
8161646,124,23,139,2011,3579.0,93032.0,0.278393,1.2962879999999999,LBN,BGR,40
8161647,124,23,139,2012,5704.0,33218.0,0.38759,1.446025,LBN,BGR,40
8161648,124,23,139,2009,11808.0,160411.0,0.48618599999999995,1.4748620000000001,LBN,BGR,40
8161649,124,23,139,2005,630.0,27374.0,0.398304,1.439764,LBN,BGR,40
8161650,124,23,139,2004,14807.0,19200.0,0.32409899999999997,1.037024,LBN,BGR,40
8161651,124,23,139,2016,15750.0,20190.0,0.285829,1.0818139999999998,LBN,BGR,40
8161652,124,23,139,1996,14416.0,22314.0,-0.051973,0.002154,LBN,BGR,40
8161653,125,23,139,2007,0.0,19991.0,-0.866643,-1.124112,LBR,BGR,40
8161654,125,23,139,2017,0.0,1951.0,-0.355064,-0.977613,LBR,BGR,40
8161655,125,23,139,2006,0.0,38880.0,-0.679188,-1.0969389999999999,LBR,BGR,40
8161656,125,23,139,2005,0.0,3912.0,-0.6951890000000001,-1.101651,LBR,BGR,40
8161657,125,23,139,2008,0.0,6105.0,-0.20785900000000002,-0.9568030000000001,LBR,BGR,40
8161658,125,23,139,2004,0.0,1376.0,0.016191,-1.070051,LBR,BGR,40
8161659,125,23,139,2003,0.0,6871.0,0.026117,-1.03888,LBR,BGR,40
8161660,125,23,139,1998,0.0,2975.0,-0.41130600000000006,-1.096049,LBR,BGR,40
8161661,125,23,139,2001,0.0,1760.0,-0.49036,-1.126565,LBR,BGR,40
8161662,126,23,139,2007,0.0,11236.0,-0.8669959999999999,-1.167363,LBY,BGR,40
8161663,126,23,139,2010,0.0,5501.0,-0.706491,-1.140822,LBY,BGR,40
8161664,126,23,139,2012,0.0,2842.0,-3.1086240000000003,-1.185131,LBY,BGR,40
8161665,126,23,139,2005,0.0,7213.0,-0.159698,-1.126737,LBY,BGR,40
8161666,126,23,139,2002,0.0,1565.0,-0.568615,-1.172261,LBY,BGR,40
8161667,126,23,139,2009,0.0,35529.0,-1.196032,-1.1829,LBY,BGR,40
8161668,126,23,139,2008,0.0,875.0,-1.156353,-1.133716,LBY,BGR,40
8161669,126,23,139,2017,0.0,1334.0,-1.156635,-1.212561,LBY,BGR,40
8161670,126,23,139,2020,0.0,3173.0,-1.0431840000000001,-1.187957,LBY,BGR,40
8161671,126,23,139,2006,0.0,40862.0,-0.518724,-1.142074,LBY,BGR,40
8161672,126,23,139,1996,0.0,1595.0,-0.588489,-1.138552,LBY,BGR,40
8161673,126,23,139,1997,0.0,43690.0,-0.49745600000000006,-1.126254,LBY,BGR,40
8161674,126,23,139,1998,0.0,6820.0,-0.303379,-1.1347180000000001,LBY,BGR,40
8161675,128,23,139,2006,229884.0,212359.0,-0.573767,0.305913,LKA,BGR,40
8161676,128,23,139,1999,148790.0,0.0,-0.8875649999999999,-0.059249,LKA,BGR,40
8161677,128,23,139,2002,72083.0,1142.0,-0.740927,0.023171,LKA,BGR,40
8161678,128,23,139,2004,110625.0,0.0,-0.658668,0.21912600000000002,LKA,BGR,40
8161679,128,23,139,2010,311817.0,0.0,-0.70886,0.25216700000000003,LKA,BGR,40
8161680,128,23,139,2003,66153.0,11384.0,-0.618057,0.101931,LKA,BGR,40
8161681,128,23,139,2009,168352.0,0.0,-0.653836,0.174403,LKA,BGR,40
8161682,128,23,139,2008,300882.0,0.0,-0.48245200000000005,0.295892,LKA,BGR,40
8161683,128,23,139,2005,217262.0,18285.0,-0.718592,0.22666,LKA,BGR,40
8161684,128,23,139,2016,208067.0,11737.0,-0.562869,0.49937,LKA,BGR,40
8161685,128,23,139,2017,173508.0,0.0,-0.46442799999999995,0.472132,LKA,BGR,40
8161686,128,23,139,2018,145466.0,0.0,-0.544504,0.41074099999999997,LKA,BGR,40
8161687,128,23,139,2019,291451.0,12380.0,-0.592952,0.394811,LKA,BGR,40
8161688,128,23,139,2020,227415.0,2181.0,-0.48448599999999997,0.5495220000000001,LKA,BGR,40
8161689,128,23,139,2000,21557.0,1118.0,-0.8783549999999999,-0.074326,LKA,BGR,40
8161690,128,23,139,2011,87958.0,2360.0,-0.559311,0.398905,LKA,BGR,40
8161691,128,23,139,2013,371027.0,0.0,-0.6521779999999999,0.41258599999999995,LKA,BGR,40
8161692,128,23,139,2015,222825.0,0.0,-0.6773399999999999,0.386343,LKA,BGR,40
8161693,128,23,139,2014,225368.0,0.0,-0.49366899999999997,0.338686,LKA,BGR,40
8161694,128,23,139,2012,205172.0,44358.0,-0.49648100000000006,0.48185200000000006,LKA,BGR,40
8161695,128,23,139,2007,447650.0,5659.0,-0.568577,0.364717,LKA,BGR,40
8161696,128,23,139,2001,79839.0,1894.0,-0.722434,-0.033818,LKA,BGR,40
8161697,128,23,139,1996,20987.0,49224.0,-0.812763,-0.188722,LKA,BGR,40
8161698,128,23,139,1997,145517.0,75179.0,-0.925745,-0.308559,LKA,BGR,40
8161699,128,23,139,1998,360977.0,0.0,-0.933293,-0.233566,LKA,BGR,40
8161700,130,23,139,2019,860055.0,109424.0,0.858456,1.364581,LTU,BGR,40
8161701,130,23,139,1997,6344.0,222396.0,0.377245,0.8823270000000001,LTU,BGR,40
8161702,130,23,139,2018,468535.0,90475.0,0.964249,1.4050200000000002,LTU,BGR,40
8161703,130,23,139,2007,5265.0,5178.0,0.604169,1.279982,LTU,BGR,40
8161704,130,23,139,2013,150977.0,29727.0,0.737796,1.215543,LTU,BGR,40
8161705,130,23,139,2014,271836.0,109815.0,0.764495,1.3451540000000002,LTU,BGR,40
8161706,130,23,139,1996,0.0,174006.0,0.40520500000000004,0.9465950000000001,LTU,BGR,40
8161707,130,23,139,2002,0.0,226596.0,0.23102399999999998,0.586078,LTU,BGR,40
8161708,130,23,139,2008,43588.0,32063.0,0.59033,0.961408,LTU,BGR,40
8161709,130,23,139,2010,25378.0,7104.0,0.6390600000000001,1.144911,LTU,BGR,40
8161710,130,23,139,2012,132690.0,27195.0,0.771482,1.000405,LTU,BGR,40
8161711,130,23,139,2015,1030742.0,50754.0,0.749429,1.3659860000000001,LTU,BGR,40
8161712,130,23,139,2016,2158623.0,436214.0,0.706929,1.419432,LTU,BGR,40
8161713,130,23,139,2017,369701.0,486690.0,0.855858,1.447717,LTU,BGR,40
8161714,130,23,139,2020,1143001.0,91401.0,0.9772870000000001,1.291244,LTU,BGR,40
8161715,130,23,139,1998,0.0,118759.0,0.27073,0.692656,LTU,BGR,40
8161716,130,23,139,2011,59176.0,12512.0,0.747963,0.9759530000000001,LTU,BGR,40
8161717,130,23,139,2009,25051.0,29261.0,0.647736,1.150962,LTU,BGR,40
8161718,130,23,139,2006,50298.0,63227.0,0.44063599999999997,1.163857,LTU,BGR,40
8161719,130,23,139,2005,5065.0,46172.0,0.365698,0.8917370000000001,LTU,BGR,40
8161720,130,23,139,2004,1495.0,29398.0,0.403568,0.632707,LTU,BGR,40
8161721,130,23,139,2001,3114.0,86141.0,0.15706900000000001,0.416663,LTU,BGR,40
8161722,130,23,139,2003,0.0,65475.0,0.239608,0.517299,LTU,BGR,40
8161723,130,23,139,1999,0.0,87926.0,0.197536,0.5041899999999999,LTU,BGR,40
8161724,130,23,139,2000,0.0,48518.0,0.22596799999999997,0.550341,LTU,BGR,40
8161725,130,23,139,1995,0.0,192478.0,0.41220500000000004,0.966966,LTU,BGR,40
8161726,131,23,139,2004,605928.0,0.0,1.37529,1.0172649999999999,LUX,BGR,40
8161727,131,23,139,2019,804386.0,2309.0,1.234145,1.3754309999999998,LUX,BGR,40
8161728,131,23,139,2018,650611.0,18458.0,1.1142889999999999,1.306066,LUX,BGR,40
8161729,131,23,139,2017,303216.0,5416.0,1.24064,1.298263,LUX,BGR,40
8161730,131,23,139,2020,2714579.0,16112.0,1.197655,1.432727,LUX,BGR,40
8161731,131,23,139,2014,817823.0,0.0,1.243845,1.155474,LUX,BGR,40
8161732,131,23,139,2008,2082329.0,0.0,1.39945,1.003857,LUX,BGR,40
8161733,131,23,139,2009,969322.0,0.0,1.323336,1.026341,LUX,BGR,40
8161734,131,23,139,2015,520910.0,0.0,1.218924,1.247152,LUX,BGR,40
8161735,131,23,139,2002,188828.0,0.0,1.605378,1.152973,LUX,BGR,40
8161736,131,23,139,2010,315812.0,0.0,1.272127,1.1051520000000001,LUX,BGR,40
8161737,131,23,139,2012,3016876.0,0.0,1.131145,1.305768,LUX,BGR,40
8161738,131,23,139,2013,3167491.0,0.0,1.170459,1.150327,LUX,BGR,40
8161739,131,23,139,2011,2047855.0,0.0,1.1655739999999999,1.222379,LUX,BGR,40
8161740,131,23,139,2016,212188.0,0.0,1.340054,1.30224,LUX,BGR,40
8161741,131,23,139,2005,925691.0,0.0,1.399885,0.974292,LUX,BGR,40
8161742,131,23,139,2006,810262.0,0.0,1.4345620000000001,0.8840819999999999,LUX,BGR,40
8161743,131,23,139,2007,1321302.0,2102.0,1.390259,0.996566,LUX,BGR,40
8161744,131,23,139,1999,112920.0,0.0,1.499745,1.142951,LUX,BGR,40
8161745,131,23,139,2000,86715.0,0.0,1.331688,1.130817,LUX,BGR,40
8161746,131,23,139,2001,122877.0,59484.0,1.470895,1.149007,LUX,BGR,40
8161747,131,23,139,2003,325949.0,0.0,1.444996,1.063764,LUX,BGR,40
8161748,132,23,139,2014,31627.0,73902.0,0.613116,1.1899790000000001,LVA,BGR,40
8161749,132,23,139,2015,31033.0,94635.0,0.602209,1.125357,LVA,BGR,40
8161750,132,23,139,2016,30707.0,97297.0,0.553592,1.19865,LVA,BGR,40
8161751,132,23,139,2017,19681.0,201338.0,0.684555,1.3208030000000002,LVA,BGR,40
8161752,132,23,139,2018,133238.0,89558.0,0.707168,1.294297,LVA,BGR,40
8161753,132,23,139,2019,247162.0,124874.0,0.7804300000000001,1.159592,LVA,BGR,40
8161754,132,23,139,2020,114261.0,92096.0,0.712901,1.119907,LVA,BGR,40
8161755,132,23,139,1995,0.0,38868.0,0.25453400000000004,0.174809,LVA,BGR,40
8161756,132,23,139,2010,16960.0,40160.0,0.6158170000000001,1.1401059999999998,LVA,BGR,40
8161757,132,23,139,2012,250066.0,18887.0,0.71433,0.9376540000000001,LVA,BGR,40
8161758,132,23,139,2013,117555.0,24963.0,0.6219439999999999,1.166749,LVA,BGR,40
8161759,132,23,139,2011,429813.0,95125.0,0.7320939999999999,1.101321,LVA,BGR,40
8161760,132,23,139,2003,1422.0,16030.0,0.520772,0.5631689999999999,LVA,BGR,40
8161761,132,23,139,2000,0.0,29820.0,0.392514,0.212175,LVA,BGR,40
8161762,132,23,139,1996,0.0,72906.0,0.33418600000000004,0.1615,LVA,BGR,40
8161763,132,23,139,1997,0.0,69771.0,0.398848,0.215206,LVA,BGR,40
8161764,132,23,139,1998,0.0,80678.0,0.322473,0.388421,LVA,BGR,40
8161765,132,23,139,1999,1400.0,64501.0,0.20633600000000002,0.324171,LVA,BGR,40
8161766,132,23,139,2001,1975.0,12892.0,0.404136,0.461009,LVA,BGR,40
8161767,132,23,139,2002,0.0,14879.0,0.45210200000000006,0.515388,LVA,BGR,40
8161768,132,23,139,2004,1644.0,11087.0,0.413821,0.627853,LVA,BGR,40
8161769,132,23,139,2005,44402.0,13423.0,0.439697,0.690283,LVA,BGR,40
8161770,132,23,139,2006,0.0,18269.0,0.531375,0.9414170000000001,LVA,BGR,40
8161771,132,23,139,2007,658.0,8491.0,0.61459,0.985358,LVA,BGR,40
8161772,132,23,139,2009,17727.0,3910.0,0.675643,0.99977,LVA,BGR,40
8161773,132,23,139,2008,5288.0,0.0,0.655489,1.0811540000000002,LVA,BGR,40
8161774,134,23,139,2011,954.0,5406.0,-0.485404,0.099828,MAR,BGR,40
8161775,134,23,139,2014,11989.0,132424.0,-0.574034,0.065788,MAR,BGR,40
8161776,134,23,139,2019,111855.0,37507.0,-0.747739,-0.154125,MAR,BGR,40
8161777,134,23,139,2010,2036.0,1245.0,-0.5935229999999999,-0.056497000000000006,MAR,BGR,40
8161778,134,23,139,2016,1893.0,6182.0,-0.772795,-0.206511,MAR,BGR,40
8161779,134,23,139,2018,49212.0,198833.0,-0.712775,-0.090013,MAR,BGR,40
8161780,134,23,139,2005,1015.0,14068.0,-0.617355,-0.129666,MAR,BGR,40
8161781,134,23,139,2017,0.0,15433.0,-0.757236,-0.065347,MAR,BGR,40
8161782,134,23,139,2007,0.0,11108.0,-0.5846560000000001,0.10927100000000001,MAR,BGR,40
8161783,134,23,139,2013,0.0,144300.0,-0.6494260000000001,-0.035075999999999996,MAR,BGR,40
8161784,134,23,139,1996,1012.0,0.0,-0.67314,-0.241242,MAR,BGR,40
8161785,134,23,139,2006,2694.0,45211.0,-0.547933,0.08257300000000001,MAR,BGR,40
8161786,134,23,139,2008,3542.0,0.0,-0.505734,-0.000516,MAR,BGR,40
8161787,134,23,139,2012,0.0,27535.0,-0.536297,-0.018561,MAR,BGR,40
8161788,134,23,139,2015,9661.0,193932.0,-0.7554810000000001,-0.059697,MAR,BGR,40
8161789,134,23,139,1997,1932.0,1298.0,-0.649616,-0.260554,MAR,BGR,40
8161790,134,23,139,1998,19126.0,9887.0,-0.7299479999999999,-0.23758200000000002,MAR,BGR,40
8161791,134,23,139,1999,19573.0,0.0,-0.659053,-0.142104,MAR,BGR,40
8161792,134,23,139,2000,5539.0,1585.0,-0.664836,-0.282415,MAR,BGR,40
8161793,134,23,139,2001,2315.0,4451.0,-0.75275,-0.280397,MAR,BGR,40
8161794,134,23,139,2002,0.0,9629.0,-0.810467,-0.34807899999999997,MAR,BGR,40
8161795,134,23,139,2003,0.0,11567.0,-0.6842050000000001,-0.217892,MAR,BGR,40
8161796,134,23,139,2004,0.0,3672.0,-0.681556,-0.152372,MAR,BGR,40
8161797,134,23,139,2020,162926.0,5141.0,-0.5208510000000001,-0.080499,MAR,BGR,40
8161798,135,23,139,2018,0.0,122847.0,-0.358412,-0.271334,MDA,BGR,40
8161799,135,23,139,2019,1162.0,206615.0,-0.333385,-0.35752,MDA,BGR,40
8161800,135,23,139,2020,1202.0,165526.0,-0.06779199999999999,-0.240851,MDA,BGR,40
8161801,135,23,139,2008,10371.0,1743482.0,0.096913,-0.095718,MDA,BGR,40
8161802,135,23,139,2009,0.0,1648971.0,0.009281999999999999,-0.039299,MDA,BGR,40
8161803,135,23,139,2010,0.0,1316112.0,-0.116797,0.037801,MDA,BGR,40
8161804,135,23,139,2011,0.0,516433.0,-0.225556,0.28622,MDA,BGR,40
8161805,135,23,139,2012,1587.0,306628.0,0.025301,0.36205,MDA,BGR,40
8161806,135,23,139,2013,8466.0,343203.0,-0.016235,0.132104,MDA,BGR,40
8161807,135,23,139,2017,0.0,162408.0,-0.24909,-0.181213,MDA,BGR,40
8161808,135,23,139,2001,2240.0,22338.0,-0.024822,-0.15323399999999998,MDA,BGR,40
8161809,135,23,139,2007,0.0,2329505.0,0.147801,0.13758299999999998,MDA,BGR,40
8161810,135,23,139,2003,0.0,102087.0,-0.005154,-0.26107199999999997,MDA,BGR,40
8161811,135,23,139,2005,0.0,157989.0,-0.10179400000000001,-0.152093,MDA,BGR,40
8161812,135,23,139,2000,1623.0,20079.0,0.069239,0.02855,MDA,BGR,40
8161813,135,23,139,2006,0.0,246483.0,-0.017707,0.135305,MDA,BGR,40
8161814,135,23,139,1995,66650.0,160313.0,0.394058,0.124474,MDA,BGR,40
8161815,135,23,139,1996,13685.0,418710.0,0.198427,0.026004000000000003,MDA,BGR,40
8161816,135,23,139,2016,3637.0,589952.0,-0.340932,-0.2839,MDA,BGR,40
8161817,135,23,139,1997,6592.0,231048.0,0.148579,-0.334685,MDA,BGR,40
8161818,135,23,139,1998,1726.0,141553.0,-0.112783,-0.276584,MDA,BGR,40
8161819,135,23,139,1999,36756.0,50276.0,-0.16408,-0.08062000000000001,MDA,BGR,40
8161820,135,23,139,2002,0.0,37742.0,-0.186001,-0.141598,MDA,BGR,40
8161821,135,23,139,2004,23576.0,127803.0,-0.155523,-0.355142,MDA,BGR,40
8161822,135,23,139,2014,0.0,159597.0,-0.10438199999999999,-0.093194,MDA,BGR,40
8161823,135,23,139,2015,0.0,230997.0,-0.313837,-0.20393,MDA,BGR,40
8161824,136,23,139,2017,0.0,1162.0,-1.277182,-0.6503399999999999,MDG,BGR,40
8161825,136,23,139,2006,0.0,3222.0,-1.024657,-0.393395,MDG,BGR,40
8161826,136,23,139,2012,0.0,3591.0,-0.9744290000000001,-0.326567,MDG,BGR,40
8161827,136,23,139,2018,0.0,1267.0,-1.2144549999999998,-0.748326,MDG,BGR,40
8161828,136,23,139,2010,0.0,1360.0,-0.8737799999999999,-0.043717,MDG,BGR,40
8161829,137,23,139,2016,0.0,1401.0,-0.79904,-0.9720840000000001,MDV,BGR,40
8161830,138,23,139,2004,49827.0,120803.0,0.868684,0.85506,MEX,BGR,40
8161831,138,23,139,2007,214054.0,2851.0,1.044746,0.605246,MEX,BGR,40
8161832,138,23,139,1996,996.0,0.0,0.651949,0.9132170000000001,MEX,BGR,40
8161833,138,23,139,2000,2736.0,2819.0,0.6866760000000001,0.64383,MEX,BGR,40
8161834,138,23,139,2001,2738.0,23438.0,0.797058,0.713234,MEX,BGR,40
8161835,138,23,139,2012,0.0,6688255.0,1.039541,0.663349,MEX,BGR,40
8161836,138,23,139,2013,4889.0,8171477.0,1.048507,0.718932,MEX,BGR,40
8161837,138,23,139,2014,4578.0,6400992.0,1.0799729999999998,0.697554,MEX,BGR,40
8161838,138,23,139,2015,6035.0,4508251.0,1.169724,0.61457,MEX,BGR,40
8161839,138,23,139,2016,0.0,1968679.0,1.165638,0.6446649999999999,MEX,BGR,40
8161840,138,23,139,1999,1744.0,0.0,0.581034,0.8399760000000001,MEX,BGR,40
8161841,138,23,139,2003,40932.0,100635.0,0.862509,0.756684,MEX,BGR,40
8161842,138,23,139,1997,910.0,23077.0,0.603221,0.898488,MEX,BGR,40
8161843,138,23,139,2005,52967.0,97298.0,1.046235,0.856245,MEX,BGR,40
8161844,138,23,139,1998,842.0,0.0,0.525671,0.880649,MEX,BGR,40
8161845,138,23,139,2006,66448.0,67219.0,1.047268,0.7142270000000001,MEX,BGR,40
8161846,138,23,139,2008,165495.0,3725.0,0.9833639999999999,0.7687069999999999,MEX,BGR,40
8161847,138,23,139,2011,90696.0,4436969.0,0.9534600000000001,0.706982,MEX,BGR,40
8161848,138,23,139,2009,158752.0,16824.0,1.061625,0.719234,MEX,BGR,40
8161849,138,23,139,2010,4927.0,188013.0,1.132664,0.675756,MEX,BGR,40
8161850,138,23,139,2002,20833.0,58759.0,0.942061,0.6311260000000001,MEX,BGR,40
8161851,138,23,139,2019,21423.0,3769506.0,1.083041,0.569353,MEX,BGR,40
8161852,138,23,139,2020,6358.0,1229081.0,0.974514,0.563643,MEX,BGR,40
8161853,138,23,139,2018,0.0,4860856.0,1.00061,0.585759,MEX,BGR,40
8161854,138,23,139,2017,9826.0,3543835.0,1.08871,0.5745279999999999,MEX,BGR,40
8161855,139,23,139,2015,0.0,10116.0,-0.174541,-0.828616,MHL,BGR,40
8161856,139,23,139,2014,0.0,2571.0,-0.22505,-0.803084,MHL,BGR,40
8161857,139,23,139,2018,0.0,4116.0,0.03022,-0.7880520000000001,MHL,BGR,40
8161858,139,23,139,2004,0.0,2579.0,-0.088716,-0.7905449999999999,MHL,BGR,40
8161859,140,23,139,2008,24905.0,2153338.0,-0.090639,-0.137401,MKD,BGR,40
8161860,140,23,139,2015,416358.0,4701949.0,-0.09009600000000001,-0.147359,MKD,BGR,40
8161861,140,23,139,2014,503581.0,5538376.0,-0.039799,-0.05545,MKD,BGR,40
8161862,140,23,139,2012,62143.0,6904852.0,-0.010966,0.160996,MKD,BGR,40
8161863,140,23,139,1997,110716.0,950706.0,0.26327399999999995,0.704879,MKD,BGR,40
8161864,140,23,139,2007,33318.0,1209141.0,-0.125912,-0.009395,MKD,BGR,40
8161865,140,23,139,2011,102354.0,5139603.0,-0.12310499999999999,0.16392,MKD,BGR,40
8161866,140,23,139,2013,404786.0,6447796.0,-0.10859400000000001,0.155229,MKD,BGR,40
8161867,140,23,139,2010,134249.0,3542505.0,-0.122842,0.407017,MKD,BGR,40
8161868,140,23,139,1995,3837075.0,2016830.0,0.34174,0.648467,MKD,BGR,40
8161869,140,23,139,1996,285324.0,2018370.0,0.316133,0.933068,MKD,BGR,40
8161870,140,23,139,1998,45308.0,1713143.0,0.102559,0.591468,MKD,BGR,40
8161871,140,23,139,1999,55789.0,573792.0,0.053132000000000006,0.43408,MKD,BGR,40
8161872,140,23,139,2000,61918.0,1425939.0,0.13176600000000002,0.407194,MKD,BGR,40
8161873,140,23,139,2001,80830.0,1327342.0,0.033097,0.43516499999999997,MKD,BGR,40
8161874,140,23,139,2002,65611.0,948431.0,-0.030274000000000002,0.359317,MKD,BGR,40
8161875,140,23,139,2003,20429.0,529463.0,-0.017632,0.225394,MKD,BGR,40
8161876,140,23,139,2004,15105.0,1335319.0,-0.091013,0.190649,MKD,BGR,40
8161877,140,23,139,2005,68112.0,1689207.0,-0.084262,0.23169099999999998,MKD,BGR,40
8161878,140,23,139,2006,32566.0,1290829.0,-0.21336,0.17674700000000002,MKD,BGR,40
8161879,140,23,139,2009,19239.0,3384548.0,-0.14890499999999998,0.405505,MKD,BGR,40
8161880,140,23,139,2016,420171.0,4643568.0,0.026185000000000003,-0.20027999999999999,MKD,BGR,40
8161881,140,23,139,2017,435525.0,5126561.0,-0.0292,-0.377156,MKD,BGR,40
8161882,140,23,139,2018,579288.0,3419363.0,0.079976,-0.20256,MKD,BGR,40
8161883,140,23,139,2019,504519.0,3636782.0,0.050624,-0.11143299999999999,MKD,BGR,40
8161884,140,23,139,2020,589936.0,2554457.0,0.147947,-0.11116500000000001,MKD,BGR,40
8161885,141,23,139,2012,0.0,5550.0,-0.592899,-0.775098,MLI,BGR,40
8161886,142,23,139,2002,0.0,6394.0,1.12245,0.019001,MLT,BGR,40
8161887,142,23,139,2005,1782.0,9559.0,1.298938,0.13206600000000002,MLT,BGR,40
8161888,142,23,139,2017,2002.0,1375.0,0.999914,0.12683,MLT,BGR,40
8161889,142,23,139,1996,0.0,3853.0,0.8825440000000001,0.066541,MLT,BGR,40
8161890,142,23,139,1998,0.0,12730.0,0.919593,-0.071451,MLT,BGR,40
8161891,142,23,139,2009,10822.0,62294.0,1.233965,-0.016763,MLT,BGR,40
8161892,142,23,139,2010,3347.0,70485.0,1.211797,-0.024923,MLT,BGR,40
8161893,142,23,139,2011,954.0,104829.0,1.3001340000000001,0.22605799999999998,MLT,BGR,40
8161894,142,23,139,2012,0.0,11320.0,1.023776,0.12459400000000001,MLT,BGR,40
8161895,142,23,139,2015,5376.0,0.0,0.880893,-0.117585,MLT,BGR,40
8161896,142,23,139,2016,1244.0,25847.0,0.8795950000000001,-0.21689499999999998,MLT,BGR,40
8161897,142,23,139,2007,2683.0,124173.0,1.184569,-0.046376,MLT,BGR,40
8161898,142,23,139,2018,32621.0,6654.0,0.9621219999999999,0.257289,MLT,BGR,40
8161899,142,23,139,2019,25770.0,4139.0,0.893992,0.25255500000000003,MLT,BGR,40
8161900,142,23,139,2014,1895.0,41032.0,0.817013,0.0016309999999999999,MLT,BGR,40
8161901,142,23,139,2004,0.0,7072.0,1.251894,0.063827,MLT,BGR,40
8161902,142,23,139,2006,0.0,14862.0,1.384411,0.093734,MLT,BGR,40
8161903,142,23,139,2013,355061.0,16762.0,0.8519760000000001,-0.075869,MLT,BGR,40
8161904,142,23,139,2020,40065.0,10019.0,0.9159309999999999,0.24442199999999997,MLT,BGR,40
8161905,142,23,139,2008,2595.0,88252.0,1.015716,-0.065673,MLT,BGR,40
8161906,142,23,139,2001,1272.0,14433.0,1.065032,-0.065239,MLT,BGR,40
8161907,142,23,139,2003,5657.0,25667.0,1.2138149999999999,-0.015687,MLT,BGR,40
8161908,142,23,139,1999,0.0,14474.0,0.9998450000000001,0.009412,MLT,BGR,40
8161909,142,23,139,1997,0.0,16890.0,0.936998,0.062266999999999996,MLT,BGR,40
8161910,142,23,139,2000,0.0,6887.0,1.106517,-0.05459,MLT,BGR,40
8161911,143,23,139,2017,0.0,3115.0,-1.051544,-0.419183,MMR,BGR,40
8161912,143,23,139,2020,0.0,932.0,-0.9993569999999999,-0.298647,MMR,BGR,40
8161913,144,23,139,2008,0.0,44034.0,0.321434,-0.168212,MNE,BGR,40
8161914,144,23,139,2017,13020.0,76434.0,0.201739,-0.23111399999999999,MNE,BGR,40
8161915,144,23,139,2009,0.0,8765.0,0.19963499999999998,-0.073107,MNE,BGR,40
8161916,144,23,139,2007,27045.0,1955.0,0.250006,-0.154908,MNE,BGR,40
8161917,144,23,139,2015,0.0,173188.0,-0.048385000000000004,-0.150759,MNE,BGR,40
8161918,144,23,139,2016,1579.0,153927.0,-0.005084,-0.25252199999999997,MNE,BGR,40
8161919,144,23,139,2010,0.0,67229.0,0.266397,-0.02502,MNE,BGR,40
8161920,144,23,139,2011,0.0,44949.0,0.149559,0.024935,MNE,BGR,40
8161921,144,23,139,2006,0.0,86010.0,0.130773,-0.24674699999999997,MNE,BGR,40
8161922,144,23,139,2012,0.0,66046.0,-0.059409000000000003,-0.328183,MNE,BGR,40
8161923,144,23,139,2014,8983.0,239304.0,-0.17039100000000001,-0.21762399999999998,MNE,BGR,40
8161924,144,23,139,2018,0.0,78078.0,0.332495,0.124258,MNE,BGR,40
8161925,144,23,139,2019,0.0,57330.0,0.40415100000000004,0.068967,MNE,BGR,40
8161926,144,23,139,2020,0.0,40830.0,0.355595,0.140822,MNE,BGR,40
8161927,144,23,139,2013,0.0,150021.0,-0.054454999999999996,-0.164875,MNE,BGR,40
8161928,145,23,139,2016,0.0,4378.0,-0.811142,-1.013252,MNG,BGR,40
8161929,145,23,139,2013,0.0,1390.0,-1.3270950000000001,-1.144547,MNG,BGR,40
8161930,145,23,139,2019,0.0,983.0,-1.1612049999999998,-1.1615739999999999,MNG,BGR,40
8161931,145,23,139,2014,0.0,794.0,-1.425524,-1.161949,MNG,BGR,40
8161932,145,23,139,2018,0.0,8694.0,-0.934398,-1.125105,MNG,BGR,40
8161933,145,23,139,2017,0.0,3756.0,-0.933737,-1.1195620000000002,MNG,BGR,40
8161934,145,23,139,2020,0.0,6560.0,-1.011938,-1.127569,MNG,BGR,40
8161935,145,23,139,1996,0.0,44783.0,-0.18177000000000001,-0.8212280000000001,MNG,BGR,40
8161936,147,23,139,2006,0.0,1330.0,-1.0250629999999998,-1.067359,MOZ,BGR,40
8161937,147,23,139,2011,0.0,1199.0,-1.2069299999999998,-0.977785,MOZ,BGR,40
8161938,147,23,139,2012,0.0,14807.0,-1.400493,-1.1536680000000001,MOZ,BGR,40
8161939,147,23,139,2013,0.0,1206.0,-1.326323,-1.050969,MOZ,BGR,40
8161940,147,23,139,2019,0.0,1977.0,-1.264532,-1.072626,MOZ,BGR,40
8161941,147,23,139,2020,0.0,545.0,-1.1186040000000002,-0.974224,MOZ,BGR,40
8161942,147,23,139,2007,0.0,1593.0,-1.4703110000000001,-1.1915719999999999,MOZ,BGR,40
8161943,147,23,139,2010,0.0,2346.0,-1.479855,-1.070518,MOZ,BGR,40
8161944,147,23,139,2018,0.0,4505.0,-1.380023,-1.027817,MOZ,BGR,40
8161945,147,23,139,2017,0.0,1837.0,-1.3882290000000002,-1.114475,MOZ,BGR,40
8161946,148,23,139,2013,0.0,1807.0,-1.950532,-1.283104,MRT,BGR,40
8161947,148,23,139,2020,0.0,1039.0,-1.400894,-1.27631,MRT,BGR,40
8161948,148,23,139,2003,0.0,6189.0,-1.069232,-1.184061,MRT,BGR,40
8161949,148,23,139,2002,0.0,21693.0,-1.27671,-1.218472,MRT,BGR,40
8161950,151,23,139,2018,42918.0,0.0,-0.128221,0.15049400000000002,MUS,BGR,40
8161951,151,23,139,2016,0.0,756.0,-0.24309899999999998,-0.084888,MUS,BGR,40
8161952,151,23,139,2017,0.0,6214.0,-0.156616,0.073153,MUS,BGR,40
8161953,152,23,139,2008,1000.0,0.0,-1.387548,-1.184696,MWI,BGR,40
8161954,153,23,139,2008,7652960.0,45241.0,0.793395,0.6141939999999999,MYS,BGR,40
8161955,153,23,139,2016,5889363.0,28702.0,1.106894,0.7452840000000001,MYS,BGR,40
8161956,153,23,139,2014,4881381.0,35690.0,1.018138,0.774649,MYS,BGR,40
8161957,153,23,139,2015,4403538.0,11162.0,1.082803,0.811615,MYS,BGR,40
8161958,153,23,139,2002,595326.0,13988.0,0.704957,0.243398,MYS,BGR,40
8161959,153,23,139,2011,7889615.0,0.0,0.9893290000000001,0.632079,MYS,BGR,40
8161960,153,23,139,2012,4015858.0,8031.0,0.945643,0.7526510000000001,MYS,BGR,40
8161961,153,23,139,2013,6911079.0,14380.0,0.937641,0.747496,MYS,BGR,40
8161962,153,23,139,2019,7937621.0,12794.0,1.192967,0.730971,MYS,BGR,40
8161963,153,23,139,2017,5516191.0,46612.0,1.0110139999999999,0.6840729999999999,MYS,BGR,40
8161964,153,23,139,2010,5013623.0,7003.0,0.9530780000000001,0.607456,MYS,BGR,40
8161965,153,23,139,1995,526393.0,102530.0,0.357745,0.374284,MYS,BGR,40
8161966,153,23,139,1999,391926.0,0.0,0.500591,0.136149,MYS,BGR,40
8161967,153,23,139,2004,748935.0,74304.0,0.6710050000000001,0.17807,MYS,BGR,40
8161968,153,23,139,2005,1507015.0,17325.0,0.5847439999999999,0.13176300000000002,MYS,BGR,40
8161969,153,23,139,2006,886542.0,0.0,0.7896569999999999,0.363625,MYS,BGR,40
8161970,153,23,139,2018,6274379.0,84831.0,1.122976,0.734109,MYS,BGR,40
8161971,153,23,139,2000,513108.0,45780.0,0.519684,0.170286,MYS,BGR,40
8161972,153,23,139,2003,906204.0,21066.0,0.728804,0.2168,MYS,BGR,40
8161973,153,23,139,2007,1361361.0,63728.0,0.740788,0.302155,MYS,BGR,40
8161974,153,23,139,2009,2488779.0,0.0,0.8718229999999999,0.607429,MYS,BGR,40
8161975,153,23,139,1996,724286.0,41615.0,0.351774,0.347262,MYS,BGR,40
8161976,153,23,139,1997,372359.0,96839.0,0.37340999999999996,0.36853600000000003,MYS,BGR,40
8161977,153,23,139,1998,718688.0,0.0,0.396826,0.203792,MYS,BGR,40
8161978,153,23,139,2020,10088204.0,11742.0,1.185223,0.573439,MYS,BGR,40
8161979,153,23,139,2001,674488.0,18665.0,0.768174,0.307033,MYS,BGR,40
8161980,155,23,139,2009,2663.0,0.0,-0.081207,-0.075292,NAM,BGR,40
8161981,155,23,139,2018,0.0,1084.0,-0.668091,-0.779938,NAM,BGR,40
8161982,155,23,139,2019,0.0,2202.0,-0.545575,-0.744274,NAM,BGR,40
8161983,155,23,139,2020,0.0,2186.0,-0.664967,-0.74835,NAM,BGR,40
8161984,157,23,139,2016,0.0,2422.0,-0.973057,-0.953672,NER,BGR,40
8161985,159,23,139,2015,0.0,1571.0,-1.415451,-1.157829,NGA,BGR,40
8161986,159,23,139,2016,0.0,9996.0,-1.835357,-1.286597,NGA,BGR,40
8161987,159,23,139,2001,0.0,3658.0,-1.966439,-1.2724520000000001,NGA,BGR,40
8161988,159,23,139,1997,0.0,9263.0,-1.615102,-1.129541,NGA,BGR,40
8161989,159,23,139,2008,271214.0,0.0,-1.9809139999999998,-1.189201,NGA,BGR,40
8161990,159,23,139,2009,24912.0,33237.0,-1.584051,-1.156247,NGA,BGR,40
8161991,159,23,139,2010,0.0,30712.0,-1.887084,-1.2280229999999999,NGA,BGR,40
8161992,159,23,139,2007,0.0,1668.0,-1.746879,-1.20823,NGA,BGR,40
8161993,159,23,139,2020,125935.0,13151.0,-1.6399299999999999,-1.19536,NGA,BGR,40
8161994,159,23,139,2018,0.0,480.0,-1.8238,-1.259938,NGA,BGR,40
8161995,159,23,139,1999,0.0,3295.0,-1.9312080000000003,-1.279733,NGA,BGR,40
8161996,159,23,139,2013,0.0,1209.0,-1.745783,-1.1356680000000001,NGA,BGR,40
8161997,159,23,139,2019,0.0,20857.0,-1.7383970000000002,-1.220333,NGA,BGR,40
8161998,159,23,139,2017,99146.0,0.0,-1.8260919999999998,-1.276591,NGA,BGR,40
8161999,159,23,139,1998,0.0,93303.0,-1.484229,-1.144092,NGA,BGR,40
8162000,159,23,139,2000,0.0,185793.0,-2.164663,-1.257723,NGA,BGR,40
8162001,159,23,139,2002,0.0,6247.0,-1.8315700000000001,-1.25171,NGA,BGR,40
8162002,159,23,139,2003,0.0,4389.0,-1.859176,-1.234236,NGA,BGR,40
8162003,159,23,139,2014,0.0,11841.0,-1.2126430000000001,-1.059697,NGA,BGR,40
8162004,159,23,139,2012,0.0,10749.0,-1.760488,-1.201048,NGA,BGR,40
8162005,159,23,139,2006,59051.0,2781.0,-2.094353,-1.215025,NGA,BGR,40
8162006,159,23,139,2005,41075.0,19149.0,-2.359834,-1.2772219999999999,NGA,BGR,40
8162007,159,23,139,1996,15163.0,18837.0,-1.813359,-1.1967,NGA,BGR,40
8162008,160,23,139,2018,0.0,822.0,-0.887282,-0.827008,NIC,BGR,40
8162009,160,23,139,2009,16527.0,0.0,-0.924057,-0.809557,NIC,BGR,40
8162010,162,23,139,1995,300993.0,1082137.0,1.304391,1.8819119999999998,NLD,BGR,40
8162011,162,23,139,1996,720945.0,1286595.0,1.256625,1.803132,NLD,BGR,40
8162012,162,23,139,1997,1121832.0,1545263.0,1.267794,1.727888,NLD,BGR,40
8162013,162,23,139,1998,1856386.0,2068986.0,1.248469,1.683182,NLD,BGR,40
8162014,162,23,139,1999,2605462.0,4031699.0,1.308776,1.574293,NLD,BGR,40
8162015,162,23,139,2000,2091670.0,3088335.0,1.283291,1.58901,NLD,BGR,40
8162016,162,23,139,2001,1777464.0,2939213.0,1.315685,1.590935,NLD,BGR,40
8162017,162,23,139,2002,2800806.0,4041684.0,1.206176,1.7136360000000002,NLD,BGR,40
8162018,162,23,139,2003,4927896.0,3873509.0,1.168453,1.7085709999999998,NLD,BGR,40
8162019,162,23,139,2004,12489985.0,5445993.0,1.251808,1.586526,NLD,BGR,40
8162020,162,23,139,2005,7694866.0,4486880.0,1.143533,1.614774,NLD,BGR,40
8162021,162,23,139,2006,8075993.0,7336320.0,1.192134,1.450852,NLD,BGR,40
8162022,162,23,139,2008,13963272.0,12325602.0,1.139475,1.385316,NLD,BGR,40
8162023,162,23,139,2009,6942147.0,8939168.0,1.1914850000000001,1.3076780000000001,NLD,BGR,40
8162024,162,23,139,2010,7712610.0,8754997.0,1.237998,1.1891209999999999,NLD,BGR,40
8162025,162,23,139,2011,11852280.0,13341189.0,1.1655229999999999,1.410167,NLD,BGR,40
8162026,162,23,139,2012,12167345.0,9431519.0,1.124582,1.374002,NLD,BGR,40
8162027,162,23,139,2013,12806313.0,14151175.0,1.184107,1.249557,NLD,BGR,40
8162028,162,23,139,2014,14381061.0,14964864.0,1.179325,1.355071,NLD,BGR,40
8162029,162,23,139,2015,11697122.0,10406984.0,1.230104,1.27344,NLD,BGR,40
8162030,162,23,139,2016,14616375.0,7607587.0,1.157361,1.5188540000000001,NLD,BGR,40
8162031,162,23,139,2017,18049601.0,13042603.0,1.146959,1.470869,NLD,BGR,40
8162032,162,23,139,2018,22257497.0,15844675.0,1.1478899999999999,1.454758,NLD,BGR,40
8162033,162,23,139,2019,22276223.0,9757284.0,1.145044,1.3523530000000001,NLD,BGR,40
8162034,162,23,139,2020,17243399.0,9043195.0,1.035951,1.559401,NLD,BGR,40
8162035,162,23,139,2007,10079890.0,7226935.0,1.089169,1.589641,NLD,BGR,40
8162036,163,23,139,1995,8725.0,91695.0,1.019741,0.394241,NOR,BGR,40
8162037,163,23,139,1996,63796.0,159616.0,1.204869,0.303062,NOR,BGR,40
8162038,163,23,139,1997,5139.0,209379.0,1.003945,0.188826,NOR,BGR,40
8162039,163,23,139,1998,21128.0,128503.0,1.1660190000000001,0.43901899999999994,NOR,BGR,40
8162040,163,23,139,1999,38876.0,103914.0,1.1012959999999998,0.240184,NOR,BGR,40
8162041,163,23,139,2000,44390.0,131612.0,0.988346,0.046556,NOR,BGR,40
8162042,163,23,139,2001,41859.0,98182.0,0.974814,0.06512000000000001,NOR,BGR,40
8162043,163,23,139,2002,8665.0,86975.0,1.110882,0.17164100000000002,NOR,BGR,40
8162044,163,23,139,2003,60934.0,31089.0,1.1500620000000001,0.258554,NOR,BGR,40
8162045,163,23,139,2005,72399.0,816473.0,1.0581530000000001,0.038369,NOR,BGR,40
8162046,163,23,139,2019,17821.0,211502.0,0.6957300000000001,0.181607,NOR,BGR,40
8162047,163,23,139,2020,48141.0,106162.0,0.793459,0.369766,NOR,BGR,40
8162048,163,23,139,2018,23197.0,143286.0,0.681639,0.021762,NOR,BGR,40
8162049,163,23,139,2017,20718.0,95950.0,0.73658,0.11450199999999999,NOR,BGR,40
8162050,163,23,139,2008,5929105.0,276916.0,0.911428,-0.019318000000000002,NOR,BGR,40
8162051,163,23,139,2007,18515.0,232789.0,0.9829100000000001,0.100995,NOR,BGR,40
8162052,163,23,139,2009,194668.0,298452.0,0.865455,0.082808,NOR,BGR,40
8162053,163,23,139,2013,21484.0,17121.0,0.892099,0.18168399999999998,NOR,BGR,40
8162054,163,23,139,2014,20457.0,96588.0,0.9187049999999999,0.182685,NOR,BGR,40
8162055,163,23,139,2016,13677.0,50767.0,0.89891,0.297673,NOR,BGR,40
8162056,163,23,139,2015,17147.0,26461.0,0.950708,0.314339,NOR,BGR,40
8162057,163,23,139,2010,38927.0,7819.0,0.865676,0.138757,NOR,BGR,40
8162058,163,23,139,2011,2334.0,1955.0,0.8492770000000001,0.050044,NOR,BGR,40
8162059,163,23,139,2006,98209.0,822037.0,1.0787930000000001,0.014051,NOR,BGR,40
8162060,163,23,139,2012,18397.0,26163.0,0.8613049999999999,0.12626800000000002,NOR,BGR,40
8162061,163,23,139,2004,18745.0,216923.0,1.10162,0.118709,NOR,BGR,40
8162062,164,23,139,2018,0.0,704.0,-0.252837,0.999258,NPL,BGR,40
8162063,166,23,139,2015,2990.0,2385.0,0.224598,0.253179,NZL,BGR,40
8162064,166,23,139,2002,0.0,4471.0,0.542585,0.854243,NZL,BGR,40
8162065,166,23,139,2003,23493.0,0.0,0.589619,0.997301,NZL,BGR,40
8162066,166,23,139,2004,7296.0,32684.0,0.567392,0.965781,NZL,BGR,40
8162067,166,23,139,2005,0.0,35857.0,0.623822,0.825528,NZL,BGR,40
8162068,166,23,139,2006,0.0,140589.0,0.5371,0.8240209999999999,NZL,BGR,40
8162069,166,23,139,2007,0.0,12625.0,0.495938,0.845825,NZL,BGR,40
8162070,166,23,139,2008,2268.0,0.0,0.513416,0.753058,NZL,BGR,40
8162071,166,23,139,2012,0.0,3289.0,0.410575,0.714584,NZL,BGR,40
8162072,166,23,139,2013,0.0,1427.0,0.3345,0.39063000000000003,NZL,BGR,40
8162073,166,23,139,2014,0.0,3508.0,0.272502,0.21628699999999998,NZL,BGR,40
8162074,166,23,139,2016,1905.0,1315.0,0.236556,0.252918,NZL,BGR,40
8162075,166,23,139,2017,0.0,6669.0,0.25651199999999996,0.132996,NZL,BGR,40
8162076,166,23,139,2018,0.0,9759.0,0.21902600000000003,0.148714,NZL,BGR,40
8162077,166,23,139,2019,0.0,12771.0,0.119281,0.039036,NZL,BGR,40
8162078,166,23,139,2020,1293.0,12148.0,0.145567,0.070121,NZL,BGR,40
8162079,167,23,139,2010,0.0,8638.0,-0.487612,-0.9551379999999999,OMN,BGR,40
8162080,167,23,139,2012,0.0,42041.0,-0.869576,-1.1086850000000001,OMN,BGR,40
8162081,167,23,139,2013,0.0,24333.0,-0.604175,-1.0463209999999998,OMN,BGR,40
8162082,167,23,139,2015,0.0,108924.0,-0.4699,-1.00451,OMN,BGR,40
8162083,167,23,139,2018,10355.0,12764.0,-0.548048,-0.9972989999999999,OMN,BGR,40
8162084,167,23,139,2019,116409.0,8003.0,-0.40120100000000003,-0.881602,OMN,BGR,40
8162085,167,23,139,2014,0.0,14931.0,-0.505129,-1.0051370000000002,OMN,BGR,40
8162086,167,23,139,2016,0.0,2260.0,-0.334782,-0.9107190000000001,OMN,BGR,40
8162087,167,23,139,2017,0.0,2012.0,-0.347684,-0.884569,OMN,BGR,40
8162088,167,23,139,2020,90966.0,4876.0,-0.251371,-0.8775299999999999,OMN,BGR,40
8162089,168,23,139,2015,4950.0,5724.0,-0.7059979999999999,0.73501,PAK,BGR,40
8162090,168,23,139,2017,2048.0,11720.0,-0.698561,0.43523500000000004,PAK,BGR,40
8162091,168,23,139,2006,10217.0,0.0,-0.449333,0.563013,PAK,BGR,40
8162092,168,23,139,2011,6627.0,0.0,-0.729677,0.6026729999999999,PAK,BGR,40
8162093,168,23,139,2019,0.0,22923.0,-0.6909270000000001,0.8651120000000001,PAK,BGR,40
8162094,168,23,139,2020,16560.0,1625.0,-0.52984,0.63654,PAK,BGR,40
8162095,168,23,139,2004,1176.0,59154.0,-0.754143,0.25995100000000004,PAK,BGR,40
8162096,168,23,139,2005,4658.0,64336.0,-0.592542,0.365501,PAK,BGR,40
8162097,168,23,139,2008,0.0,1679.0,-0.401588,0.500668,PAK,BGR,40
8162098,168,23,139,2010,2951.0,0.0,-0.692071,0.5409010000000001,PAK,BGR,40
8162099,168,23,139,2012,4857.0,0.0,-0.633706,0.658617,PAK,BGR,40
8162100,168,23,139,2013,3021.0,12944.0,-0.75727,0.769703,PAK,BGR,40
8162101,168,23,139,2014,0.0,13858.0,-0.672924,0.566787,PAK,BGR,40
8162102,168,23,139,2016,6133.0,0.0,-0.7502800000000001,0.545331,PAK,BGR,40
8162103,168,23,139,2018,0.0,1211.0,-0.64348,0.665045,PAK,BGR,40
8162104,168,23,139,1999,0.0,23354.0,-1.047891,-0.525612,PAK,BGR,40
8162105,168,23,139,2000,0.0,50700.0,-0.851295,-0.370618,PAK,BGR,40
8162106,168,23,139,2001,0.0,1827.0,-0.8376520000000001,-0.378743,PAK,BGR,40
8162107,169,23,139,2010,0.0,1263.0,0.617867,0.903432,PAN,BGR,40
8162108,169,23,139,2011,0.0,2542.0,0.786135,1.061008,PAN,BGR,40
8162109,169,23,139,2016,0.0,2474.0,0.58773,0.654145,PAN,BGR,40
8162110,169,23,139,2004,0.0,3794.0,-0.011979,0.261315,PAN,BGR,40
8162111,169,23,139,2005,0.0,7303.0,-0.166943,0.212196,PAN,BGR,40
8162112,169,23,139,1999,0.0,1068.0,0.126144,0.491986,PAN,BGR,40
8162113,169,23,139,2000,0.0,2676.0,0.2095,0.525942,PAN,BGR,40
8162114,169,23,139,2001,0.0,4082.0,0.17588199999999998,0.422505,PAN,BGR,40
8162115,169,23,139,2002,0.0,6364.0,0.134759,0.234258,PAN,BGR,40
8162116,169,23,139,2006,0.0,3995.0,0.306664,0.638533,PAN,BGR,40
8162117,169,23,139,2007,0.0,12265.0,0.36233899999999997,0.807669,PAN,BGR,40
8162118,169,23,139,2008,0.0,6180.0,0.470854,0.960075,PAN,BGR,40
8162119,169,23,139,2014,0.0,3152.0,0.771742,0.9873190000000001,PAN,BGR,40
8162120,169,23,139,2015,0.0,1885.0,0.642058,0.833392,PAN,BGR,40
8162121,169,23,139,2019,0.0,2725.0,0.00926,-0.308483,PAN,BGR,40
8162122,169,23,139,2017,0.0,5021.0,0.5520109999999999,0.788181,PAN,BGR,40
8162123,171,23,139,2009,37692.0,0.0,0.779567,-0.458002,PCN,BGR,40
8162124,173,23,139,2008,0.0,2432.0,-0.518126,0.17193599999999998,PER,BGR,40
8162125,173,23,139,2018,0.0,17446.0,-0.6673060000000001,-0.183315,PER,BGR,40
8162126,173,23,139,2019,0.0,23326.0,-0.76944,-0.216619,PER,BGR,40
8162127,173,23,139,2020,0.0,22872.0,-0.717014,-0.152142,PER,BGR,40
8162128,173,23,139,2007,0.0,1586.0,-0.49716099999999996,0.02556,PER,BGR,40
8162129,173,23,139,2012,0.0,1798.0,-0.444821,0.555188,PER,BGR,40
8162130,173,23,139,2013,0.0,2021.0,-0.573852,0.357977,PER,BGR,40
8162131,173,23,139,2014,0.0,6157.0,-0.557833,0.611826,PER,BGR,40
8162132,173,23,139,2015,0.0,5128.0,-0.6007819999999999,0.32152800000000004,PER,BGR,40
8162133,173,23,139,2016,0.0,4635.0,-0.717529,0.007845999999999999,PER,BGR,40
8162134,173,23,139,2017,0.0,10732.0,-0.667658,-0.318344,PER,BGR,40
8162135,174,23,139,2003,6101.0,0.0,-0.065022,-0.195144,PHL,BGR,40
8162136,174,23,139,2004,6063.0,0.0,-0.076709,-0.149006,PHL,BGR,40
8162137,174,23,139,2005,11850.0,0.0,-0.038225999999999996,-0.057957,PHL,BGR,40
8162138,174,23,139,2006,26766.0,0.0,0.161994,0.036631,PHL,BGR,40
8162139,174,23,139,2010,53813.0,0.0,0.40418899999999996,0.102497,PHL,BGR,40
8162140,174,23,139,2007,63917.0,0.0,0.032117,-0.16600499999999999,PHL,BGR,40
8162141,174,23,139,2008,129328.0,0.0,0.276488,-0.02957,PHL,BGR,40
8162142,174,23,139,2009,96408.0,0.0,0.34318000000000004,0.095375,PHL,BGR,40
8162143,174,23,139,2011,68519.0,0.0,0.364707,0.322626,PHL,BGR,40
8162144,174,23,139,2012,113609.0,0.0,0.388785,0.465275,PHL,BGR,40
8162145,174,23,139,2013,188388.0,1292.0,0.507868,0.355403,PHL,BGR,40
8162146,174,23,139,2014,272717.0,0.0,0.637442,0.475883,PHL,BGR,40
8162147,174,23,139,2015,196424.0,0.0,0.6406270000000001,0.45770200000000005,PHL,BGR,40
8162148,174,23,139,2016,105333.0,10390.0,0.619343,0.303981,PHL,BGR,40
8162149,174,23,139,2017,88158.0,8081.0,0.657759,0.170061,PHL,BGR,40
8162150,174,23,139,2018,102499.0,3927.0,0.781409,0.22126700000000002,PHL,BGR,40
8162151,174,23,139,2019,390639.0,12619.0,0.762884,0.3318,PHL,BGR,40
8162152,174,23,139,2020,417704.0,918.0,0.755786,0.24693,PHL,BGR,40
8162153,174,23,139,1996,52136.0,0.0,-0.276548,0.344986,PHL,BGR,40
8162154,176,23,139,1998,20046.0,0.0,-2.060952,-1.237969,PNG,BGR,40
8162155,177,23,139,2004,6515279.0,321196.0,1.019341,1.519452,POL,BGR,40
8162156,177,23,139,2005,8056853.0,1970225.0,0.9564299999999999,1.559385,POL,BGR,40
8162157,177,23,139,2006,10628285.0,1844653.0,0.991927,1.474418,POL,BGR,40
8162158,177,23,139,2007,7081103.0,2987891.0,1.0412139999999999,1.309641,POL,BGR,40
8162159,177,23,139,2011,12443037.0,18890776.0,1.133641,1.134203,POL,BGR,40
8162160,177,23,139,2012,14087592.0,17159575.0,1.0626870000000002,1.267268,POL,BGR,40
8162161,177,23,139,2017,15969717.0,25724269.0,1.197417,1.092716,POL,BGR,40
8162162,177,23,139,2018,21255742.0,19983832.0,1.132475,1.258945,POL,BGR,40
8162163,177,23,139,2020,23701474.0,14376089.0,1.0227979999999999,1.4079139999999999,POL,BGR,40
8162164,177,23,139,2000,856312.0,181450.0,0.862983,1.8683400000000001,POL,BGR,40
8162165,177,23,139,2014,12817191.0,21334694.0,1.133102,1.177165,POL,BGR,40
8162166,177,23,139,2015,11557634.0,18359160.0,1.145844,1.1449280000000002,POL,BGR,40
8162167,177,23,139,2016,10736589.0,26324140.0,1.146113,1.239532,POL,BGR,40
8162168,177,23,139,2019,19464558.0,17870858.0,1.088347,1.275875,POL,BGR,40
8162169,177,23,139,2008,13613701.0,3368812.0,1.037287,1.244457,POL,BGR,40
8162170,177,23,139,2010,8235181.0,10183936.0,1.083552,1.1433719999999998,POL,BGR,40
8162171,177,23,139,2009,6296053.0,3542680.0,1.11055,1.069074,POL,BGR,40
8162172,177,23,139,2013,16427249.0,19386214.0,1.084332,1.216749,POL,BGR,40
8162173,177,23,139,1995,828799.0,223395.0,0.76393,1.802648,POL,BGR,40
8162174,177,23,139,1998,1416742.0,368947.0,0.8638309999999999,1.8881299999999999,POL,BGR,40
8162175,177,23,139,1999,1272593.0,238964.0,0.8512700000000001,1.8975229999999998,POL,BGR,40
8162176,177,23,139,2002,3326536.0,168990.0,0.931642,1.721727,POL,BGR,40
8162177,177,23,139,2003,3456236.0,158009.0,0.966622,1.664838,POL,BGR,40
8162178,177,23,139,1997,914372.0,357904.0,0.805559,1.9598520000000001,POL,BGR,40
8162179,177,23,139,2001,1757847.0,176098.0,0.9474540000000001,1.8408220000000002,POL,BGR,40
8162180,177,23,139,1996,813812.0,307202.0,0.795489,1.9004729999999999,POL,BGR,40
8162181,178,23,139,2008,18053.0,0.0,0.6970609999999999,0.88018,PRK,BGR,40
8162182,178,23,139,2009,24883.0,0.0,0.608089,0.709831,PRK,BGR,40
8162183,178,23,139,1999,86334.0,0.0,0.536814,0.980433,PRK,BGR,40
8162184,178,23,139,2004,15622.0,0.0,0.578991,0.781518,PRK,BGR,40
8162185,178,23,139,2006,15683.0,0.0,0.548754,0.763313,PRK,BGR,40
8162186,178,23,139,2003,11713.0,0.0,0.7060420000000001,0.7718,PRK,BGR,40
8162187,178,23,139,1996,51372.0,19248.0,0.725014,1.20189,PRK,BGR,40
8162188,178,23,139,1998,36287.0,2384.0,0.7417239999999999,0.899826,PRK,BGR,40
8162189,178,23,139,1997,0.0,94479.0,0.701604,0.649257,PRK,BGR,40
8162190,179,23,139,2019,910376.0,4021686.0,0.545467,2.344447,PRT,BGR,40
8162191,179,23,139,2020,1627351.0,3962307.0,0.656999,2.1136470000000003,PRT,BGR,40
8162192,179,23,139,2018,968978.0,3641807.0,0.652628,2.211758,PRT,BGR,40
8162193,179,23,139,1996,1671.0,0.0,0.39343,1.170144,PRT,BGR,40
8162194,179,23,139,1995,0.0,177168.0,0.412677,1.254009,PRT,BGR,40
8162195,179,23,139,1998,21001.0,0.0,0.39771999999999996,1.303603,PRT,BGR,40
8162196,179,23,139,2000,105084.0,0.0,0.547816,1.70635,PRT,BGR,40
8162197,179,23,139,2002,110342.0,11910.0,0.484407,1.6500080000000001,PRT,BGR,40
8162198,179,23,139,2003,92000.0,25771.0,0.471376,1.647303,PRT,BGR,40
8162199,179,23,139,2008,1375790.0,177944.0,0.64135,2.1946939999999997,PRT,BGR,40
8162200,179,23,139,2009,487356.0,4411.0,0.559189,2.4359919999999997,PRT,BGR,40
8162201,179,23,139,2010,336978.0,17976.0,0.551149,2.437209,PRT,BGR,40
8162202,179,23,139,2011,482084.0,50900.0,0.558481,2.7056240000000003,PRT,BGR,40
8162203,179,23,139,2012,734529.0,17498.0,0.648544,2.405491,PRT,BGR,40
8162204,179,23,139,2013,1272132.0,93957.0,0.541454,2.5228610000000002,PRT,BGR,40
8162205,179,23,139,2014,1366959.0,102161.0,0.621053,2.349644,PRT,BGR,40
8162206,179,23,139,2015,1706923.0,351563.0,0.561922,2.2276380000000002,PRT,BGR,40
8162207,179,23,139,2016,648556.0,287184.0,0.519621,2.254972,PRT,BGR,40
8162208,179,23,139,2017,940476.0,861310.0,0.527046,2.264624,PRT,BGR,40
8162209,179,23,139,1997,3094.0,29989.0,0.379367,1.296551,PRT,BGR,40
8162210,179,23,139,1999,55282.0,0.0,0.420538,1.379359,PRT,BGR,40
8162211,179,23,139,2006,268214.0,515634.0,0.5723630000000001,1.92303,PRT,BGR,40
8162212,179,23,139,2001,107524.0,12246.0,0.482048,1.662123,PRT,BGR,40
8162213,179,23,139,2005,80340.0,0.0,0.5119819999999999,1.901636,PRT,BGR,40
8162214,179,23,139,2004,245360.0,13257.0,0.524524,1.901139,PRT,BGR,40
8162215,179,23,139,2007,2081831.0,177701.0,0.621302,1.971656,PRT,BGR,40
8162216,180,23,139,2015,0.0,1263.0,-0.471106,-0.9431139999999999,PRY,BGR,40
8162217,180,23,139,2017,0.0,11640.0,-0.437741,-0.9248879999999999,PRY,BGR,40
8162218,180,23,139,2020,0.0,2351.0,-0.45920600000000006,-0.930341,PRY,BGR,40
8162219,180,23,139,1998,0.0,31869.0,-0.204539,-0.766486,PRY,BGR,40
8162220,181,23,139,2017,0.0,3908.0,0.11852,0.609241,PSE,BGR,40
8162221,181,23,139,2020,0.0,9647.0,0.162235,0.828319,PSE,BGR,40
8162222,181,23,139,2019,0.0,5890.0,0.05640800000000001,0.708102,PSE,BGR,40
8162223,181,23,139,2018,0.0,548.0,0.096402,0.735946,PSE,BGR,40
8162224,182,23,139,2019,0.0,1512.0,0.30119,-0.39213000000000003,PYF,BGR,40
8162225,183,23,139,2007,0.0,10956.0,0.20181500000000002,-0.9898110000000001,QAT,BGR,40
8162226,183,23,139,2010,0.0,22265.0,-0.346143,-1.078192,QAT,BGR,40
8162227,183,23,139,2008,0.0,17858.0,-0.36390900000000004,-1.0045549999999999,QAT,BGR,40
8162228,183,23,139,2011,0.0,18777.0,-0.45851899999999995,-1.017033,QAT,BGR,40
8162229,183,23,139,2013,0.0,2966.0,-0.083649,-1.013491,QAT,BGR,40
8162230,183,23,139,2015,0.0,10741.0,-0.077053,-0.9922719999999999,QAT,BGR,40
8162231,183,23,139,2000,0.0,517.0,-0.591806,-1.152123,QAT,BGR,40
8162232,183,23,139,2014,0.0,29303.0,-0.37535599999999997,-1.0196370000000001,QAT,BGR,40
8162233,183,23,139,2017,0.0,4160.0,-0.361327,-1.066869,QAT,BGR,40
8162234,183,23,139,2020,0.0,8718.0,-0.028836,-1.0183950000000002,QAT,BGR,40
8162235,183,23,139,2003,0.0,1442.0,-0.209042,-1.0565799999999999,QAT,BGR,40
8162236,183,23,139,2009,0.0,28480.0,-0.484947,-1.07179,QAT,BGR,40
8162237,183,23,139,2019,0.0,19072.0,-0.064127,-1.065046,QAT,BGR,40
8162238,183,23,139,2016,0.0,13158.0,-0.36124,-1.106629,QAT,BGR,40
8162239,183,23,139,2018,0.0,68143.0,-0.068401,-1.014732,QAT,BGR,40
8162240,183,23,139,2012,0.0,16015.0,-0.558014,-1.012392,QAT,BGR,40
8162241,185,23,139,2001,248441.0,2400583.0,0.326733,1.005332,ROU,BGR,40
8162242,185,23,139,2005,1855334.0,5407739.0,0.371288,1.095875,ROU,BGR,40
8162243,185,23,139,2006,3001879.0,5010272.0,0.550825,1.170744,ROU,BGR,40
8162244,185,23,139,2007,15600113.0,8235582.0,0.69445,1.223747,ROU,BGR,40
8162245,185,23,139,2008,16545099.0,6192079.0,0.784924,1.235527,ROU,BGR,40
8162246,185,23,139,2009,10335226.0,3891206.0,0.833802,1.024418,ROU,BGR,40
8162247,185,23,139,2011,56092793.0,9496343.0,0.722,1.296655,ROU,BGR,40
8162248,185,23,139,1996,641710.0,1454474.0,0.612035,0.880964,ROU,BGR,40
8162249,185,23,139,2016,60653592.0,9050155.0,1.061259,0.9878870000000001,ROU,BGR,40
8162250,185,23,139,2018,55760029.0,14148635.0,1.050715,1.04471,ROU,BGR,40
8162251,185,23,139,2019,55044580.0,18969650.0,1.044289,1.013691,ROU,BGR,40
8162252,185,23,139,2020,45811045.0,23024830.0,1.13426,0.9767809999999999,ROU,BGR,40
8162253,185,23,139,1995,1160000.0,2730000.0,0.621468,1.038729,ROU,BGR,40
8162254,185,23,139,1998,209137.0,833738.0,0.315392,0.961176,ROU,BGR,40
8162255,185,23,139,2017,47012822.0,8549009.0,1.05479,0.9842219999999999,ROU,BGR,40
8162256,185,23,139,2003,789278.0,2102678.0,0.378379,1.0064620000000002,ROU,BGR,40
8162257,185,23,139,2004,1114670.0,4181583.0,0.37241599999999997,1.015865,ROU,BGR,40
8162258,185,23,139,2010,46024374.0,5091847.0,0.6483760000000001,1.200256,ROU,BGR,40
8162259,185,23,139,2012,56995275.0,8792767.0,0.745926,1.2884719999999998,ROU,BGR,40
8162260,185,23,139,2013,57178871.0,7723684.0,0.792035,1.225034,ROU,BGR,40
8162261,185,23,139,2015,51555525.0,7012980.0,0.946363,1.056775,ROU,BGR,40
8162262,185,23,139,2002,434687.0,1982428.0,0.29888200000000004,0.980376,ROU,BGR,40
8162263,185,23,139,2014,55532775.0,9742577.0,0.9112,1.188161,ROU,BGR,40
8162264,185,23,139,1997,397977.0,1190132.0,0.44381000000000004,1.084109,ROU,BGR,40
8162265,185,23,139,1999,199877.0,910479.0,0.253874,0.8322709999999999,ROU,BGR,40
8162266,185,23,139,2000,360686.0,1061728.0,0.39034,0.84193,ROU,BGR,40
8162267,186,23,139,2016,16490586.0,8706911.0,0.252891,0.200423,RUS,BGR,40
8162268,186,23,139,2004,5489528.0,674794.0,0.8952399999999999,0.172896,RUS,BGR,40
8162269,186,23,139,2005,12097471.0,1060624.0,0.901675,0.061595000000000004,RUS,BGR,40
8162270,186,23,139,2017,21801396.0,4561732.0,0.32885,0.288392,RUS,BGR,40
8162271,186,23,139,1996,9388423.0,1428156.0,0.900185,0.47723000000000004,RUS,BGR,40
8162272,186,23,139,1997,6160895.0,1372203.0,0.87377,0.423861,RUS,BGR,40
8162273,186,23,139,1998,5657358.0,688252.0,0.93909,0.59719,RUS,BGR,40
8162274,186,23,139,1999,7377289.0,1626571.0,0.903308,0.590858,RUS,BGR,40
8162275,186,23,139,2000,5100117.0,908365.0,0.976274,0.42859200000000003,RUS,BGR,40
8162276,186,23,139,2001,5215149.0,392882.0,0.945816,0.35027600000000003,RUS,BGR,40
8162277,186,23,139,2002,5764019.0,509516.0,1.109397,0.424229,RUS,BGR,40
8162278,186,23,139,2003,7121463.0,587113.0,1.072729,0.338355,RUS,BGR,40
8162279,186,23,139,2008,9890415.0,2315767.0,0.559059,-0.00886,RUS,BGR,40
8162280,186,23,139,2009,5155912.0,2165723.0,0.392478,-0.20038399999999998,RUS,BGR,40
8162281,186,23,139,2012,9210073.0,5798189.0,0.20625500000000002,-0.196697,RUS,BGR,40
8162282,186,23,139,2013,13055967.0,5746695.0,0.481166,-0.180052,RUS,BGR,40
8162283,186,23,139,2015,11670440.0,4314846.0,0.23119,0.035965,RUS,BGR,40
8162284,186,23,139,2018,13835007.0,5149627.0,0.21398000000000003,0.100414,RUS,BGR,40
8162285,186,23,139,2020,9303475.0,5437765.0,0.373882,0.42102700000000004,RUS,BGR,40
8162286,186,23,139,2010,6266988.0,3866596.0,0.583996,-0.223881,RUS,BGR,40
8162287,186,23,139,2011,10652923.0,4127212.0,0.47319399999999995,-0.20801599999999998,RUS,BGR,40
8162288,186,23,139,2006,8708856.0,1328694.0,0.801197,0.104683,RUS,BGR,40
8162289,186,23,139,2007,9369897.0,2595883.0,0.5576399999999999,-0.05382000000000001,RUS,BGR,40
8162290,186,23,139,2014,10526673.0,5069218.0,0.229422,-0.214856,RUS,BGR,40
8162291,186,23,139,2019,12933176.0,5842878.0,0.329884,0.26215,RUS,BGR,40
8162292,188,23,139,2006,15774.0,79792.0,0.162432,-0.853059,SAU,BGR,40
8162293,188,23,139,2011,285636.0,23777.0,0.354045,-0.800028,SAU,BGR,40
8162294,188,23,139,2017,2428.0,60677.0,0.597716,-0.345049,SAU,BGR,40
8162295,188,23,139,2018,0.0,29957.0,0.5801810000000001,-0.447514,SAU,BGR,40
8162296,188,23,139,2019,77763.0,87633.0,0.787798,-0.41350600000000004,SAU,BGR,40
8162297,188,23,139,2020,10154.0,369984.0,0.662925,-0.21661999999999998,SAU,BGR,40
8162298,188,23,139,2007,0.0,28335.0,0.367463,-0.8603709999999999,SAU,BGR,40
8162299,188,23,139,2005,0.0,43495.0,0.678873,-0.759985,SAU,BGR,40
8162300,188,23,139,2013,0.0,218253.0,0.626347,-0.844406,SAU,BGR,40
8162301,188,23,139,2016,0.0,23941.0,0.394807,-0.638644,SAU,BGR,40
8162302,188,23,139,2012,0.0,162218.0,0.42235200000000006,-0.818584,SAU,BGR,40
8162303,188,23,139,2014,0.0,74717.0,0.5758439999999999,-0.832692,SAU,BGR,40
8162304,188,23,139,2015,0.0,120128.0,0.5552520000000001,-0.7263229999999999,SAU,BGR,40
8162305,188,23,139,2009,0.0,65945.0,0.300581,-0.813199,SAU,BGR,40
8162306,188,23,139,2010,281511.0,34138.0,0.46696400000000005,-0.7487520000000001,SAU,BGR,40
8162307,188,23,139,2008,0.0,53056.0,-0.09849400000000001,-0.8998309999999999,SAU,BGR,40
8162308,188,23,139,2003,0.0,18199.0,0.202286,-0.714691,SAU,BGR,40
8162309,188,23,139,1999,0.0,2222.0,0.553028,-0.527401,SAU,BGR,40
8162310,189,23,139,2004,2012606.0,2003096.0,0.628071,2.210424,SCG,BGR,40
8162311,189,23,139,1998,2251001.0,3153735.0,0.603733,1.535453,SCG,BGR,40
8162312,189,23,139,2001,652930.0,1338661.0,0.45280200000000004,2.469852,SCG,BGR,40
8162313,189,23,139,1996,3004539.0,4823067.0,0.786293,2.20126,SCG,BGR,40
8162314,189,23,139,2000,680424.0,1775433.0,0.609133,2.278384,SCG,BGR,40
8162315,189,23,139,2002,768826.0,1726487.0,0.55781,2.135925,SCG,BGR,40
8162316,189,23,139,2003,1141686.0,2266974.0,0.575326,1.627894,SCG,BGR,40
8162317,189,23,139,2005,2271985.0,3585392.0,0.560725,1.62105,SCG,BGR,40
8162318,189,23,139,1997,2279210.0,3061882.0,0.659904,1.702849,SCG,BGR,40
8162319,189,23,139,1999,657756.0,571786.0,0.607596,2.222456,SCG,BGR,40
8162320,190,23,139,2008,0.0,732.0,-2.095439,-1.263511,SDN,BGR,40
8162321,190,23,139,2009,0.0,5452.0,-2.2948020000000002,-1.3182040000000002,SDN,BGR,40
8162322,190,23,139,2011,0.0,1254.0,-2.1675869999999997,-1.249272,SDN,BGR,40
8162323,190,23,139,2013,0.0,2174.0,-1.254944,-1.073564,SDN,BGR,40
8162324,190,23,139,2016,0.0,1980.0,-1.216141,-1.191648,SDN,BGR,40
8162325,190,23,139,2015,0.0,11291.0,-1.420356,-1.218424,SDN,BGR,40
8162326,190,23,139,1997,0.0,53044.0,-1.300352,-1.199816,SDN,BGR,40
8162327,190,23,139,2007,0.0,307.0,-1.978359,-1.316172,SDN,BGR,40
8162328,190,23,139,1998,0.0,53823.0,-1.034858,-1.089854,SDN,BGR,40
8162329,190,23,139,1996,0.0,5566.0,-1.4146459999999998,-1.181707,SDN,BGR,40
8162330,190,23,139,2000,0.0,47458.0,-1.5105899999999999,-1.2287549999999998,SDN,BGR,40
8162331,190,23,139,2002,0.0,6467.0,-1.499925,-1.228374,SDN,BGR,40
8162332,190,23,139,2003,0.0,747.0,-1.3535059999999999,-1.1701409999999999,SDN,BGR,40
8162333,190,23,139,2005,0.0,1278.0,-1.5685850000000001,-1.243433,SDN,BGR,40
8162334,190,23,139,2004,0.0,1786.0,-1.5346309999999999,-1.2599559999999999,SDN,BGR,40
8162335,190,23,139,2019,0.0,15428.0,-1.25579,-1.208796,SDN,BGR,40
8162336,190,23,139,1995,0.0,9691.0,-0.776567,-0.963823,SDN,BGR,40
8162337,190,23,139,2001,0.0,13962.0,-1.6325180000000001,-1.263267,SDN,BGR,40
8162338,191,23,139,2016,0.0,6775.0,-0.7061270000000001,-0.46532399999999996,SEN,BGR,40
8162339,191,23,139,2013,0.0,3408.0,-0.523662,-0.309101,SEN,BGR,40
8162340,191,23,139,2011,0.0,15632.0,-0.624346,-0.308052,SEN,BGR,40
8162341,191,23,139,2015,0.0,4570.0,-0.708349,-0.296663,SEN,BGR,40
8162342,191,23,139,2017,0.0,1297.0,-0.6722899999999999,-0.26522199999999996,SEN,BGR,40
8162343,191,23,139,2018,0.0,785.0,-0.751378,-0.390573,SEN,BGR,40
8162344,191,23,139,2019,0.0,306.0,-0.721992,-0.385479,SEN,BGR,40
8162345,191,23,139,2012,0.0,3116.0,-0.458858,-0.172745,SEN,BGR,40
8162346,191,23,139,1996,0.0,17607.0,-0.619785,-0.712171,SEN,BGR,40
8162347,192,23,139,2001,0.0,1495.0,1.364239,0.721074,SGP,BGR,40
8162348,192,23,139,2002,0.0,9105.0,1.481857,0.648889,SGP,BGR,40
8162349,192,23,139,2011,44083.0,105510.0,1.849116,0.52127,SGP,BGR,40
8162350,192,23,139,2014,156525.0,81090.0,1.867492,0.626736,SGP,BGR,40
8162351,192,23,139,2018,11045.0,156993.0,1.914132,0.652011,SGP,BGR,40
8162352,192,23,139,1999,26989.0,2803.0,1.355833,0.594305,SGP,BGR,40
8162353,192,23,139,2012,132404.0,241130.0,1.685959,0.5900989999999999,SGP,BGR,40
8162354,192,23,139,2013,14375.0,234196.0,1.915504,0.619576,SGP,BGR,40
8162355,192,23,139,2015,294024.0,8696.0,2.05613,0.593065,SGP,BGR,40
8162356,192,23,139,2017,482619.0,125813.0,1.884166,0.37903600000000004,SGP,BGR,40
8162357,192,23,139,2016,749736.0,82433.0,2.089995,0.564921,SGP,BGR,40
8162358,192,23,139,2005,24856.0,2058.0,1.601677,0.49930399999999997,SGP,BGR,40
8162359,192,23,139,2020,10100.0,55473.0,1.948379,0.610574,SGP,BGR,40
8162360,192,23,139,2008,110415.0,6281.0,1.844543,0.5947020000000001,SGP,BGR,40
8162361,192,23,139,2009,131855.0,0.0,1.9503540000000001,0.498033,SGP,BGR,40
8162362,192,23,139,2010,13686.0,3877.0,1.8441349999999999,0.570311,SGP,BGR,40
8162363,192,23,139,2019,44881.0,120411.0,2.0264599999999997,0.665506,SGP,BGR,40
8162364,192,23,139,2003,15416.0,21565.0,1.5080799999999999,0.720337,SGP,BGR,40
8162365,192,23,139,2006,153189.0,0.0,1.5377379999999998,0.503089,SGP,BGR,40
8162366,192,23,139,1995,223748.0,0.0,0.747684,0.4745,SGP,BGR,40
8162367,192,23,139,1996,377557.0,94282.0,0.8354299999999999,0.41169799999999995,SGP,BGR,40
8162368,192,23,139,1997,331380.0,9587.0,1.01557,0.360154,SGP,BGR,40
8162369,192,23,139,1998,107031.0,90397.0,1.0029709999999998,0.506545,SGP,BGR,40
8162370,192,23,139,2004,18184.0,6768.0,1.6409779999999998,0.634947,SGP,BGR,40
8162371,192,23,139,2007,55063.0,6499.0,1.608299,0.545791,SGP,BGR,40
8162372,195,23,139,2007,102704.0,0.0,-1.144843,-0.956784,SLB,BGR,40
8162373,196,23,139,2018,0.0,1003.0,-0.06932999999999999,-0.36035300000000003,SLE,BGR,40
8162374,196,23,139,2008,0.0,3627.0,0.086769,-0.22002800000000003,SLE,BGR,40
8162375,197,23,139,2014,0.0,2133.0,0.08653999999999999,0.29088600000000003,SLV,BGR,40
8162376,197,23,139,2018,0.0,13262.0,0.073928,0.22548600000000002,SLV,BGR,40
8162377,197,23,139,2019,0.0,1571.0,0.014037,0.23216599999999998,SLV,BGR,40
8162378,198,23,139,2007,8957.0,0.0,1.078776,0.36204899999999995,SMR,BGR,40
8162379,198,23,139,2008,56126.0,0.0,1.40611,0.6159720000000001,SMR,BGR,40
8162380,198,23,139,2009,19031.0,0.0,1.221869,0.351498,SMR,BGR,40
8162381,201,23,139,2020,15991823.0,11120814.0,0.5868399999999999,1.1187120000000002,SRB,BGR,40
8162382,201,23,139,2017,17924593.0,13079792.0,0.541644,1.19872,SRB,BGR,40
8162383,201,23,139,2019,22018504.0,12098436.0,0.543913,1.210102,SRB,BGR,40
8162384,201,23,139,2016,9115459.0,9856661.0,0.501676,1.0447520000000001,SRB,BGR,40
8162385,201,23,139,2018,15493646.0,12117396.0,0.607486,1.2139389999999999,SRB,BGR,40
8162386,201,23,139,2005,3155205.0,1102493.0,0.627272,1.170525,SRB,BGR,40
8162387,201,23,139,2006,4088610.0,3431313.0,0.547824,1.5588879999999998,SRB,BGR,40
8162388,201,23,139,2015,3865095.0,9491507.0,0.457042,1.324908,SRB,BGR,40
8162389,201,23,139,2012,1329877.0,4619434.0,0.5927359999999999,1.507069,SRB,BGR,40
8162390,201,23,139,2013,2054362.0,13906364.0,0.5717720000000001,1.174901,SRB,BGR,40
8162391,201,23,139,2014,2261693.0,11885038.0,0.551635,1.211535,SRB,BGR,40
8162392,201,23,139,2008,10746429.0,3264311.0,0.615147,1.484149,SRB,BGR,40
8162393,201,23,139,2009,6457314.0,1615437.0,0.531766,1.477837,SRB,BGR,40
8162394,201,23,139,2010,4193815.0,2077154.0,0.561161,1.33974,SRB,BGR,40
8162395,201,23,139,2007,8955919.0,6137075.0,0.579288,1.464123,SRB,BGR,40
8162396,201,23,139,2011,2961208.0,2102179.0,0.49055699999999997,1.5601399999999999,SRB,BGR,40
8162397,206,23,139,2013,14211944.0,725997.0,1.32064,0.7519819999999999,SVK,BGR,40
8162398,206,23,139,2018,5079355.0,2056488.0,1.3270979999999999,0.877684,SVK,BGR,40
8162399,206,23,139,2008,8699332.0,588129.0,1.3402040000000002,0.8038770000000001,SVK,BGR,40
8162400,206,23,139,2020,2343098.0,683038.0,1.338026,0.825268,SVK,BGR,40
8162401,206,23,139,2011,7756882.0,596718.0,1.262897,0.8230569999999999,SVK,BGR,40
8162402,206,23,139,2014,14378309.0,312031.0,1.334959,0.821253,SVK,BGR,40
8162403,206,23,139,2019,7081783.0,1009559.0,1.39311,0.743107,SVK,BGR,40
8162404,206,23,139,2010,5806078.0,432842.0,1.278601,0.726907,SVK,BGR,40
8162405,206,23,139,2012,8842494.0,441374.0,1.26088,0.7704770000000001,SVK,BGR,40
8162406,206,23,139,1997,4589641.0,1553846.0,1.200699,1.318346,SVK,BGR,40
8162407,206,23,139,2005,6529629.0,741642.0,1.250608,0.9054639999999999,SVK,BGR,40
8162408,206,23,139,1995,3406537.0,119599.0,1.2249780000000001,1.405585,SVK,BGR,40
8162409,206,23,139,2006,6057772.0,182067.0,1.291583,0.868317,SVK,BGR,40
8162410,206,23,139,2007,5955736.0,440338.0,1.358301,0.79655,SVK,BGR,40
8162411,206,23,139,2009,6056878.0,466888.0,1.231382,0.820968,SVK,BGR,40
8162412,206,23,139,2015,9846610.0,408944.0,1.287133,0.7900560000000001,SVK,BGR,40
8162413,206,23,139,2016,7496873.0,806619.0,1.273942,0.763966,SVK,BGR,40
8162414,206,23,139,2017,4661570.0,1862986.0,1.279606,0.85503,SVK,BGR,40
8162415,206,23,139,1996,2975354.0,1928669.0,1.189398,1.29167,SVK,BGR,40
8162416,206,23,139,1998,4578074.0,860171.0,1.202453,1.228204,SVK,BGR,40
8162417,206,23,139,1999,4445110.0,357228.0,1.133942,1.105742,SVK,BGR,40
8162418,206,23,139,2000,4166494.0,78206.0,1.228151,1.112002,SVK,BGR,40
8162419,206,23,139,2001,3086965.0,815508.0,1.1732770000000001,1.088576,SVK,BGR,40
8162420,206,23,139,2002,3278475.0,721348.0,1.1907379999999999,1.050649,SVK,BGR,40
8162421,206,23,139,2003,3327328.0,813935.0,1.22565,0.915518,SVK,BGR,40
8162422,206,23,139,2004,7390807.0,748284.0,1.2375120000000002,0.8777889999999999,SVK,BGR,40
8162423,207,23,139,2018,6324544.0,386874.0,1.67428,0.7703800000000001,SVN,BGR,40
8162424,207,23,139,2019,5293866.0,1332303.0,1.63711,0.803198,SVN,BGR,40
8162425,207,23,139,2007,2757036.0,124415.0,1.605767,0.692926,SVN,BGR,40
8162426,207,23,139,2008,2666764.0,134952.0,1.5099209999999998,0.683663,SVN,BGR,40
8162427,207,23,139,2010,1287074.0,153284.0,1.595473,0.7023020000000001,SVN,BGR,40
8162428,207,23,139,2011,2032671.0,302419.0,1.642913,0.700222,SVN,BGR,40
8162429,207,23,139,2012,2192815.0,147464.0,1.548381,0.699002,SVN,BGR,40
8162430,207,23,139,2014,2169080.0,542570.0,1.6558669999999998,0.6814399999999999,SVN,BGR,40
8162431,207,23,139,2004,1514012.0,85488.0,1.628643,1.02381,SVN,BGR,40
8162432,207,23,139,1995,146818.0,0.0,1.424606,1.490521,SVN,BGR,40
8162433,207,23,139,2000,496762.0,108044.0,1.493533,1.142239,SVN,BGR,40
8162434,207,23,139,1996,443505.0,512948.0,1.409184,1.37245,SVN,BGR,40
8162435,207,23,139,1999,590179.0,25317.0,1.447589,1.284414,SVN,BGR,40
8162436,207,23,139,2003,963688.0,219659.0,1.6459840000000001,1.014191,SVN,BGR,40
8162437,207,23,139,1997,384566.0,156284.0,1.435765,1.348897,SVN,BGR,40
8162438,207,23,139,2002,560346.0,12250.0,1.5643770000000001,1.043862,SVN,BGR,40
8162439,207,23,139,2005,2267363.0,77471.0,1.583591,0.9321229999999999,SVN,BGR,40
8162440,207,23,139,2006,2176330.0,124983.0,1.5882370000000001,0.800719,SVN,BGR,40
8162441,207,23,139,2009,1591235.0,78577.0,1.548036,0.730396,SVN,BGR,40
8162442,207,23,139,2017,3726784.0,1404040.0,1.600319,0.854305,SVN,BGR,40
8162443,207,23,139,2016,1826749.0,384778.0,1.6466720000000001,0.8247680000000001,SVN,BGR,40
8162444,207,23,139,2013,1699536.0,625460.0,1.698374,0.563082,SVN,BGR,40
8162445,207,23,139,2015,1103333.0,341415.0,1.6089879999999999,0.833616,SVN,BGR,40
8162446,207,23,139,2020,6514431.0,1818879.0,1.570699,0.8442459999999999,SVN,BGR,40
8162447,207,23,139,1998,429090.0,52444.0,1.442955,1.27214,SVN,BGR,40
8162448,207,23,139,2001,479445.0,20778.0,1.5074370000000001,1.1370040000000001,SVN,BGR,40
8162449,208,23,139,2011,866024.0,69667.0,1.857146,0.366159,SWE,BGR,40
8162450,208,23,139,2005,688650.0,15325.0,1.902796,0.84031,SWE,BGR,40
8162451,208,23,139,2017,1186932.0,13431913.0,1.764732,0.732646,SWE,BGR,40
8162452,208,23,139,2002,385638.0,1972.0,2.128614,0.7891199999999999,SWE,BGR,40
8162453,208,23,139,2003,101397.0,0.0,2.099224,0.799982,SWE,BGR,40
8162454,208,23,139,2004,671639.0,2019.0,2.0522080000000003,0.8326969999999999,SWE,BGR,40
8162455,208,23,139,2006,616705.0,12529.0,1.902737,0.593294,SWE,BGR,40
8162456,208,23,139,2008,351733.0,103031.0,1.866575,0.44342700000000007,SWE,BGR,40
8162457,208,23,139,1996,1040637.0,14014.0,2.133781,0.9099889999999999,SWE,BGR,40
8162458,208,23,139,1997,1682596.0,0.0,2.120182,0.993078,SWE,BGR,40
8162459,208,23,139,1998,160463.0,884.0,2.134076,0.9259729999999999,SWE,BGR,40
8162460,208,23,139,1999,643113.0,0.0,2.1456720000000002,0.856556,SWE,BGR,40
8162461,208,23,139,2000,789196.0,3689.0,2.168823,0.839417,SWE,BGR,40
8162462,208,23,139,2001,576620.0,2925.0,2.156845,0.784439,SWE,BGR,40
8162463,208,23,139,2007,230838.0,10728.0,1.927244,0.498241,SWE,BGR,40
8162464,208,23,139,2009,209004.0,22598.0,1.877821,0.336565,SWE,BGR,40
8162465,208,23,139,2010,204481.0,228567.0,1.882239,0.397927,SWE,BGR,40
8162466,208,23,139,2012,2166806.0,42207.0,1.78062,0.269041,SWE,BGR,40
8162467,208,23,139,2013,1180130.0,204385.0,1.869421,0.228109,SWE,BGR,40
8162468,208,23,139,2014,1479779.0,366182.0,1.817752,0.558474,SWE,BGR,40
8162469,208,23,139,2015,830997.0,3687182.0,1.8068349999999997,0.693389,SWE,BGR,40
8162470,208,23,139,2016,1163213.0,9847340.0,1.785149,0.767444,SWE,BGR,40
8162471,208,23,139,2018,1626857.0,17155445.0,1.76361,0.766904,SWE,BGR,40
8162472,208,23,139,2019,2227006.0,17982012.0,1.781148,0.742037,SWE,BGR,40
8162473,208,23,139,2020,1468587.0,18140991.0,1.6911310000000002,0.791586,SWE,BGR,40
8162474,208,23,139,1995,3530528.0,0.0,2.246997,1.060171,SWE,BGR,40
8162475,211,23,139,2017,0.0,2839.0,0.41946000000000006,-0.523274,SYC,BGR,40
8162476,211,23,139,2000,0.0,2541.0,-0.310244,-0.8293209999999999,SYC,BGR,40
8162477,212,23,139,2009,15939.0,38361.0,-0.48481199999999997,1.464509,SYR,BGR,40
8162478,212,23,139,2010,6899.0,30613.0,-0.46833800000000003,1.11952,SYR,BGR,40
8162479,212,23,139,2003,17335.0,0.0,-0.868749,-0.326322,SYR,BGR,40
8162480,212,23,139,2005,2650.0,134011.0,-0.677037,0.107451,SYR,BGR,40
8162481,212,23,139,2008,1259.0,196505.0,-0.365789,0.877383,SYR,BGR,40
8162482,212,23,139,2006,14233.0,115098.0,-0.588695,0.532487,SYR,BGR,40
8162483,212,23,139,2007,2817.0,75758.0,-0.46851899999999996,0.553396,SYR,BGR,40
8162484,212,23,139,2011,2227.0,179124.0,-0.604133,0.5268970000000001,SYR,BGR,40
8162485,212,23,139,2012,1901.0,56219.0,-0.11197,1.916262,SYR,BGR,40
8162486,212,23,139,2004,6004.0,58921.0,-0.568707,-0.034736,SYR,BGR,40
8162487,212,23,139,2002,22901.0,14841.0,-1.067974,-0.513309,SYR,BGR,40
8162488,212,23,139,1999,16223.0,303980.0,-0.996784,-0.6344069999999999,SYR,BGR,40
8162489,212,23,139,1997,2533.0,401126.0,-1.046433,-0.9678620000000001,SYR,BGR,40
8162490,212,23,139,1998,7327.0,397951.0,-0.807312,-0.626358,SYR,BGR,40
8162491,212,23,139,1996,1497.0,365679.0,-1.100666,-0.90038,SYR,BGR,40
8162492,212,23,139,2000,20411.0,125417.0,-1.1566969999999999,-0.783626,SYR,BGR,40
8162493,212,23,139,2001,2368.0,33440.0,-1.057217,-0.716331,SYR,BGR,40
8162494,212,23,139,2018,0.0,1001.0,-0.6836760000000001,0.554563,SYR,BGR,40
8162495,215,23,139,2016,0.0,14121.0,-0.751382,-0.7411310000000001,TGO,BGR,40
8162496,215,23,139,2017,0.0,6237.0,-0.8957450000000001,-0.891191,TGO,BGR,40
8162497,215,23,139,2020,0.0,3311.0,-0.719535,-0.746202,TGO,BGR,40
8162498,215,23,139,2013,0.0,1516.0,-0.598413,-0.49295200000000006,TGO,BGR,40
8162499,215,23,139,2014,0.0,7058.0,-0.524103,-0.537643,TGO,BGR,40
8162500,215,23,139,2005,0.0,27779.0,-0.745209,-0.455725,TGO,BGR,40
8162501,216,23,139,2002,311362.0,949.0,0.432041,1.627953,THA,BGR,40
8162502,216,23,139,2003,292656.0,710.0,0.43010699999999996,1.607408,THA,BGR,40
8162503,216,23,139,2012,8689790.0,49075.0,0.910957,1.294243,THA,BGR,40
8162504,216,23,139,2013,6821462.0,28850.0,0.8752139999999999,1.3798620000000001,THA,BGR,40
8162505,216,23,139,2014,6912567.0,131853.0,0.977094,1.41283,THA,BGR,40
8162506,216,23,139,2015,7649733.0,36623.0,0.965888,1.368572,THA,BGR,40
8162507,216,23,139,2016,7193974.0,30333.0,1.022065,1.428082,THA,BGR,40
8162508,216,23,139,2017,9332217.0,61089.0,0.983977,1.3926020000000001,THA,BGR,40
8162509,216,23,139,2018,11850504.0,277864.0,1.053177,1.4084969999999999,THA,BGR,40
8162510,216,23,139,2005,660661.0,20312.0,0.552846,1.664665,THA,BGR,40
8162511,216,23,139,2006,902759.0,14149.0,0.568209,1.685343,THA,BGR,40
8162512,216,23,139,2007,1463398.0,1678.0,0.711328,1.411114,THA,BGR,40
8162513,216,23,139,2009,1752957.0,8799.0,0.79692,1.315501,THA,BGR,40
8162514,216,23,139,2010,6567940.0,13596.0,0.748328,1.425224,THA,BGR,40
8162515,216,23,139,1996,259512.0,131910.0,0.10120599999999999,1.351967,THA,BGR,40
8162516,216,23,139,2000,351238.0,0.0,0.301195,1.577338,THA,BGR,40
8162517,216,23,139,2001,398442.0,65596.0,0.37555900000000003,1.498267,THA,BGR,40
8162518,216,23,139,2004,460857.0,947.0,0.5150359999999999,1.583019,THA,BGR,40
8162519,216,23,139,2008,1955928.0,1404.0,0.7531399999999999,1.4420620000000002,THA,BGR,40
8162520,216,23,139,2011,14978791.0,55705.0,0.889009,1.503118,THA,BGR,40
8162521,216,23,139,2019,13241626.0,77932.0,0.9744229999999999,1.401199,THA,BGR,40
8162522,216,23,139,2020,10831336.0,100004.0,1.035524,1.2777180000000001,THA,BGR,40
8162523,216,23,139,1999,164027.0,9167.0,0.20451,1.513533,THA,BGR,40
8162524,216,23,139,1997,197538.0,195058.0,0.084875,1.41931,THA,BGR,40
8162525,216,23,139,1998,305290.0,21111.0,0.128633,1.484142,THA,BGR,40
8162526,216,23,139,1995,372155.0,211750.0,0.174522,1.608058,THA,BGR,40
8162527,217,23,139,2006,0.0,16865.0,-1.071326,-1.158325,TJK,BGR,40
8162528,217,23,139,2001,0.0,1430.0,-0.833482,-1.062054,TJK,BGR,40
8162529,217,23,139,1998,0.0,3599.0,-0.577873,-0.9368139999999999,TJK,BGR,40
8162530,219,23,139,1999,0.0,568.0,-0.8982180000000001,-1.132358,TKM,BGR,40
8162531,219,23,139,2015,0.0,26562.0,-1.546516,-1.315803,TKM,BGR,40
8162532,219,23,139,1996,0.0,2103.0,-0.756087,-1.160548,TKM,BGR,40
8162533,219,23,139,1998,0.0,2246.0,-0.379934,-0.878598,TKM,BGR,40
8162534,222,23,139,2007,0.0,1407.0,-0.371347,-1.0536709999999998,TTO,BGR,40
8162535,223,23,139,2003,3280.0,40008.0,-0.14845999999999998,0.255092,TUN,BGR,40
8162536,223,23,139,2007,3891.0,99778.0,0.062824,0.74003,TUN,BGR,40
8162537,223,23,139,2019,0.0,9649.0,0.19601300000000002,1.159766,TUN,BGR,40
8162538,223,23,139,2001,1400.0,39309.0,-0.162152,0.23939699999999997,TUN,BGR,40
8162539,223,23,139,2005,10998.0,55548.0,-0.07273099999999999,0.671113,TUN,BGR,40
8162540,223,23,139,2000,2383.0,8246.0,-0.188616,0.044912,TUN,BGR,40
8162541,223,23,139,2002,3451.0,20987.0,-0.221951,0.325506,TUN,BGR,40
8162542,223,23,139,2010,0.0,17142.0,0.165019,0.8882059999999999,TUN,BGR,40
8162543,223,23,139,2016,4297.0,13528.0,0.171791,1.062948,TUN,BGR,40
8162544,223,23,139,2018,930.0,19046.0,0.259778,1.187194,TUN,BGR,40
8162545,223,23,139,2006,7709.0,51704.0,-0.013636,0.804752,TUN,BGR,40
8162546,223,23,139,2004,15311.0,43804.0,-0.195751,0.335147,TUN,BGR,40
8162547,223,23,139,2008,0.0,44243.0,0.084141,0.676248,TUN,BGR,40
8162548,223,23,139,2009,0.0,1512.0,0.044903,0.9126120000000001,TUN,BGR,40
8162549,223,23,139,2017,3323.0,9842.0,0.224119,0.961772,TUN,BGR,40
8162550,223,23,139,2011,0.0,12302.0,0.151221,1.1252360000000001,TUN,BGR,40
8162551,223,23,139,2012,0.0,6296.0,0.24695799999999998,0.9356620000000001,TUN,BGR,40
8162552,223,23,139,2013,0.0,6436.0,0.185528,1.0070700000000001,TUN,BGR,40
8162553,223,23,139,2014,0.0,18728.0,0.343449,1.118007,TUN,BGR,40
8162554,223,23,139,2015,2777.0,7051.0,0.140202,0.967591,TUN,BGR,40
8162555,223,23,139,1998,0.0,141515.0,-0.21677,-0.08694299999999999,TUN,BGR,40
8162556,223,23,139,1995,0.0,5754.0,-0.253792,-0.044331,TUN,BGR,40
8162557,223,23,139,1996,0.0,3177.0,-0.28546,-0.089051,TUN,BGR,40
8162558,223,23,139,2020,0.0,1478.0,0.220298,0.454477,TUN,BGR,40
8162559,223,23,139,1997,0.0,61676.0,-0.24073899999999998,-0.146818,TUN,BGR,40
8162560,223,23,139,1999,0.0,17593.0,-0.317866,-0.102551,TUN,BGR,40
8162561,224,23,139,2017,84018874.0,12540593.0,0.541611,2.405872,TUR,BGR,40
8162562,224,23,139,2018,59349994.0,9576673.0,0.518721,2.5581419999999997,TUR,BGR,40
8162563,224,23,139,2011,39109969.0,4651043.0,0.45775,2.4316259999999996,TUR,BGR,40
8162564,224,23,139,2012,47874818.0,5986200.0,0.507184,2.259161,TUR,BGR,40
8162565,224,23,139,2007,24239771.0,6383284.0,0.41396700000000003,2.0339869999999998,TUR,BGR,40
8162566,224,23,139,2005,9345991.0,3676872.0,0.226487,2.210279,TUR,BGR,40
8162567,224,23,139,2009,20200846.0,2601315.0,0.384596,2.3797610000000002,TUR,BGR,40
8162568,224,23,139,2010,29498746.0,2881821.0,0.359977,2.471173,TUR,BGR,40
8162569,224,23,139,2019,68956918.0,8492145.0,0.569408,2.364546,TUR,BGR,40
8162570,224,23,139,2020,69112270.0,9178021.0,0.590472,2.619866,TUR,BGR,40
8162571,224,23,139,2014,98456510.0,10612518.0,0.554761,2.385693,TUR,BGR,40
8162572,224,23,139,2015,67335472.0,12059057.0,0.438669,2.519632,TUR,BGR,40
8162573,224,23,139,2016,76326592.0,13697525.0,0.45364799999999994,2.478837,TUR,BGR,40
8162574,224,23,139,1996,466646.0,1633584.0,0.156866,1.554023,TUR,BGR,40
8162575,224,23,139,1997,414055.0,1994439.0,0.167734,1.5827870000000002,TUR,BGR,40
8162576,224,23,139,1998,200571.0,1632744.0,0.085286,1.653589,TUR,BGR,40
8162577,224,23,139,1999,539637.0,797553.0,0.044692,1.745755,TUR,BGR,40
8162578,224,23,139,2000,1148822.0,497151.0,0.191299,1.9761529999999998,TUR,BGR,40
8162579,224,23,139,2001,2052916.0,251345.0,0.188773,1.91451,TUR,BGR,40
8162580,224,23,139,2008,23847893.0,5956252.0,0.44478,2.186881,TUR,BGR,40
8162581,224,23,139,2013,74019352.0,8493084.0,0.42932299999999995,2.690235,TUR,BGR,40
8162582,224,23,139,2006,16701748.0,5499993.0,0.33971599999999996,2.193384,TUR,BGR,40
8162583,224,23,139,2002,2809633.0,531015.0,0.11263699999999999,1.83925,TUR,BGR,40
8162584,224,23,139,2003,4609956.0,1349461.0,0.192802,1.9855060000000002,TUR,BGR,40
8162585,224,23,139,2004,6787541.0,2825092.0,0.141454,1.9463599999999999,TUR,BGR,40
8162586,224,23,139,1995,539496.0,571540.0,0.166794,1.209066,TUR,BGR,40
8162587,225,23,139,2006,0.0,1283.0,0.9635290000000001,-0.314963,TUV,BGR,40
8162588,226,23,139,1997,0.0,4254.0,-1.368133,-0.753692,TZA,BGR,40
8162589,226,23,139,2009,0.0,51507.0,-0.822897,0.644899,TZA,BGR,40
8162590,226,23,139,2012,0.0,2847.0,-0.594481,0.770239,TZA,BGR,40
8162591,226,23,139,2018,0.0,996.0,-0.09850700000000001,1.145606,TZA,BGR,40
8162592,226,23,139,2011,0.0,5381.0,-0.751316,0.286505,TZA,BGR,40
8162593,226,23,139,2020,0.0,7734.0,-1.024,-0.023909,TZA,BGR,40
8162594,226,23,139,2003,0.0,631.0,-1.225217,-0.43662399999999996,TZA,BGR,40
8162595,226,23,139,1996,0.0,41401.0,-1.391534,-0.907436,TZA,BGR,40
8162596,227,23,139,2019,0.0,4344.0,-0.639476,0.148255,UGA,BGR,40
8162597,227,23,139,2010,0.0,1137.0,-0.48061400000000004,0.187001,UGA,BGR,40
8162598,227,23,139,2009,0.0,2861.0,-0.573707,-0.036203,UGA,BGR,40
8162599,227,23,139,2012,0.0,929.0,-0.484868,0.153507,UGA,BGR,40
8162600,227,23,139,2018,0.0,1045.0,-0.621049,-0.061448,UGA,BGR,40
8162601,227,23,139,1998,0.0,2617.0,-0.996762,-1.01326,UGA,BGR,40
8162602,228,23,139,2009,3469640.0,1590164.0,0.602688,0.830247,UKR,BGR,40
8162603,228,23,139,2010,2328395.0,801798.0,0.714148,0.916267,UKR,BGR,40
8162604,228,23,139,2011,1242272.0,1744965.0,0.6221409999999999,0.765505,UKR,BGR,40
8162605,228,23,139,2012,1741151.0,2484166.0,0.590001,0.8422069999999999,UKR,BGR,40
8162606,228,23,139,2013,4002931.0,3059813.0,0.657729,0.9063200000000001,UKR,BGR,40
8162607,228,23,139,2014,2337378.0,1253039.0,0.566535,0.832267,UKR,BGR,40
8162608,228,23,139,2015,844896.0,1090959.0,0.429879,0.701813,UKR,BGR,40
8162609,228,23,139,2016,1209790.0,1591957.0,0.406901,0.637051,UKR,BGR,40
8162610,228,23,139,2017,1389013.0,2193809.0,0.461109,0.7826569999999999,UKR,BGR,40
8162611,228,23,139,2018,1460778.0,1624582.0,0.337296,0.758675,UKR,BGR,40
8162612,228,23,139,2019,1489847.0,1180673.0,0.303802,0.5650270000000001,UKR,BGR,40
8162613,228,23,139,2020,1060846.0,1994211.0,0.383736,0.531328,UKR,BGR,40
8162614,228,23,139,2000,691795.0,534665.0,0.763783,0.8563,UKR,BGR,40
8162615,228,23,139,2001,315483.0,561597.0,0.8376969999999999,0.989059,UKR,BGR,40
8162616,228,23,139,2002,887184.0,1209225.0,0.835485,0.872135,UKR,BGR,40
8162617,228,23,139,2003,985954.0,1022354.0,0.8929389999999999,0.956685,UKR,BGR,40
8162618,228,23,139,2004,2141138.0,1267071.0,0.8758040000000001,0.8195879999999999,UKR,BGR,40
8162619,228,23,139,2006,3371993.0,617527.0,0.7008439999999999,0.79656,UKR,BGR,40
8162620,228,23,139,2007,4482315.0,2679993.0,0.7441760000000001,0.8681260000000001,UKR,BGR,40
8162621,228,23,139,2008,5538291.0,2317694.0,0.59355,0.764415,UKR,BGR,40
8162622,228,23,139,2005,2834512.0,714403.0,0.701846,0.687519,UKR,BGR,40
8162623,228,23,139,1996,2278414.0,5028785.0,0.896537,0.9241459999999999,UKR,BGR,40
8162624,228,23,139,1997,2859190.0,2046577.0,0.8502559999999999,0.956254,UKR,BGR,40
8162625,228,23,139,1998,4176112.0,3356159.0,0.880876,0.783668,UKR,BGR,40
8162626,228,23,139,1999,1592950.0,1442384.0,0.6242270000000001,0.742258,UKR,BGR,40
8162627,230,23,139,2018,0.0,1392.0,-0.02056,-0.38911,URY,BGR,40
8162628,230,23,139,2015,0.0,1090.0,0.273876,-0.363695,URY,BGR,40
8162629,230,23,139,2016,0.0,710.0,0.098051,-0.45418400000000003,URY,BGR,40
8162630,230,23,139,2017,0.0,1794.0,0.16963,-0.403006,URY,BGR,40
8162631,230,23,139,2019,0.0,973.0,-0.077549,-0.473943,URY,BGR,40
8162632,230,23,139,2020,0.0,1063.0,-0.127375,-0.449032,URY,BGR,40
8162633,231,23,139,1995,369756.0,439125.0,1.771648,1.184,USA,BGR,40
8162634,231,23,139,1996,606200.0,45262.0,1.7110560000000001,1.125141,USA,BGR,40
8162635,231,23,139,1997,245908.0,43323.0,1.823511,0.888084,USA,BGR,40
8162636,231,23,139,1999,906307.0,799226.0,1.8755119999999998,0.5350729999999999,USA,BGR,40
8162637,231,23,139,2000,4241813.0,1344010.0,1.8549650000000002,0.226992,USA,BGR,40
8162638,231,23,139,2001,944898.0,1679078.0,1.873674,0.168468,USA,BGR,40
8162639,231,23,139,2002,483578.0,2738214.0,1.821594,0.231296,USA,BGR,40
8162640,231,23,139,2003,1334075.0,1881642.0,1.7789220000000001,0.064028,USA,BGR,40
8162641,231,23,139,2005,926023.0,2298994.0,1.718086,-0.34564,USA,BGR,40
8162642,231,23,139,2006,1092789.0,867715.0,1.666643,-0.121679,USA,BGR,40
8162643,231,23,139,2007,2369847.0,1415896.0,1.612165,0.0922,USA,BGR,40
8162644,231,23,139,2008,1513949.0,798048.0,1.584278,-0.209788,USA,BGR,40
8162645,231,23,139,2009,696272.0,664108.0,1.657663,-0.41411400000000004,USA,BGR,40
8162646,231,23,139,2010,514517.0,2427815.0,1.67573,-0.598165,USA,BGR,40
8162647,231,23,139,2011,744297.0,4627674.0,1.6884849999999998,-0.474499,USA,BGR,40
8162648,231,23,139,2012,4281672.0,4422175.0,1.628377,-0.601941,USA,BGR,40
8162649,231,23,139,2013,890382.0,3937936.0,1.6639689999999998,-0.48651300000000003,USA,BGR,40
8162650,231,23,139,2014,543401.0,8531462.0,1.61227,0.068905,USA,BGR,40
8162651,231,23,139,2015,427177.0,8172824.0,1.720478,-0.129322,USA,BGR,40
8162652,231,23,139,2016,1401697.0,6905597.0,1.685329,0.297536,USA,BGR,40
8162653,231,23,139,2017,639924.0,4697540.0,1.601478,0.277271,USA,BGR,40
8162654,231,23,139,2018,1936543.0,4680041.0,1.585861,0.44815900000000003,USA,BGR,40
8162655,231,23,139,2019,1822162.0,2856840.0,1.606808,0.3232,USA,BGR,40
8162656,231,23,139,2020,1516261.0,2048011.0,1.588148,0.380904,USA,BGR,40
8162657,231,23,139,1998,344083.0,121115.0,1.8223639999999999,0.761336,USA,BGR,40
8162658,231,23,139,2004,818704.0,1738086.0,1.7598630000000002,0.066704,USA,BGR,40
8162659,232,23,139,2018,0.0,16078.0,-0.591547,-0.429982,UZB,BGR,40
8162660,232,23,139,2019,0.0,26664.0,-0.5856060000000001,-0.311248,UZB,BGR,40
8162661,232,23,139,2020,0.0,15543.0,-0.309411,0.071414,UZB,BGR,40
8162662,232,23,139,2008,0.0,85638.0,-0.470184,-0.773163,UZB,BGR,40
8162663,232,23,139,2009,4916.0,0.0,-0.6115470000000001,-0.710622,UZB,BGR,40
8162664,232,23,139,2006,0.0,9761.0,-0.457759,-0.784626,UZB,BGR,40
8162665,232,23,139,2001,0.0,22014.0,-0.395913,-0.6454449999999999,UZB,BGR,40
8162666,232,23,139,2007,0.0,13245.0,-0.540449,-0.799454,UZB,BGR,40
8162667,232,23,139,2013,0.0,17336.0,-0.748212,-0.567268,UZB,BGR,40
8162668,232,23,139,2014,0.0,7896.0,-0.407623,-0.37150700000000003,UZB,BGR,40
8162669,232,23,139,2005,0.0,6022.0,-0.357031,-0.730797,UZB,BGR,40
8162670,232,23,139,2002,0.0,5378.0,-0.379765,-0.5965159999999999,UZB,BGR,40
8162671,232,23,139,2003,0.0,2302.0,-0.285978,-0.703334,UZB,BGR,40
8162672,232,23,139,2004,0.0,4506.0,-0.50605,-0.824691,UZB,BGR,40
8162673,232,23,139,1996,0.0,3202.0,-0.17393499999999998,-0.727476,UZB,BGR,40
8162674,232,23,139,1999,0.0,2122.0,-0.43066499999999996,-0.767428,UZB,BGR,40
8162675,232,23,139,1998,0.0,21436.0,-0.283425,-0.7488520000000001,UZB,BGR,40
8162676,234,23,139,2012,0.0,2460.0,0.233053,-0.292993,VCT,BGR,40
8162677,234,23,139,2013,0.0,22767.0,0.193198,-0.23631799999999997,VCT,BGR,40
8162678,234,23,139,2009,0.0,2975.0,-0.068356,-0.6011350000000001,VCT,BGR,40
8162679,234,23,139,2007,0.0,46298.0,-0.112166,-0.692679,VCT,BGR,40
8162680,234,23,139,2010,0.0,3958.0,0.120821,-0.43102700000000005,VCT,BGR,40
8162681,234,23,139,2005,0.0,19558.0,-0.584696,-0.842192,VCT,BGR,40
8162682,234,23,139,2006,0.0,85197.0,-0.6097060000000001,-0.8844770000000001,VCT,BGR,40
8162683,234,23,139,2008,0.0,26630.0,-0.598538,-0.8798459999999999,VCT,BGR,40
8162684,234,23,139,2002,0.0,3916.0,-0.340281,-0.661246,VCT,BGR,40
8162685,234,23,139,2004,0.0,5763.0,-0.564477,-0.8544,VCT,BGR,40
8162686,234,23,139,2000,0.0,1276.0,0.095604,-0.352013,VCT,BGR,40
8162687,234,23,139,1998,0.0,2576.0,0.22166,-0.331633,VCT,BGR,40
8162688,234,23,139,1997,0.0,3040.0,0.069461,-0.459567,VCT,BGR,40
8162689,234,23,139,1999,0.0,5055.0,-0.28283400000000003,-0.755695,VCT,BGR,40
8162690,234,23,139,2003,0.0,2704.0,-0.355758,-0.679181,VCT,BGR,40
8162691,234,23,139,2001,0.0,1239.0,-0.5042,-0.7987609999999999,VCT,BGR,40
8162692,236,23,139,1996,101081.0,0.0,0.07086100000000001,-0.761307,VEN,BGR,40
8162693,236,23,139,2010,0.0,2538.0,-0.660844,-1.145133,VEN,BGR,40
8162694,236,23,139,1998,19612.0,0.0,0.288717,-0.540639,VEN,BGR,40
8162695,236,23,139,2001,1057.0,0.0,0.261158,-0.7397,VEN,BGR,40
8162696,236,23,139,2003,0.0,23989.0,0.277805,-0.783697,VEN,BGR,40
8162697,236,23,139,2006,11261.0,0.0,-0.340972,-1.015462,VEN,BGR,40
8162698,236,23,139,2008,5483.0,662.0,-0.442996,-1.0439969999999998,VEN,BGR,40
8162699,236,23,139,2016,0.0,192032.0,-0.844669,-1.164315,VEN,BGR,40
8162700,236,23,139,2007,2956.0,0.0,-0.231215,-0.9839200000000001,VEN,BGR,40
8162701,237,23,139,2014,30759.0,0.0,0.484282,-0.082974,VGB,BGR,40
8162702,237,23,139,1998,0.0,1126.0,1.06785,-0.03292,VGB,BGR,40
8162703,239,23,139,2000,52247.0,0.0,-0.849311,0.391474,VNM,BGR,40
8162704,239,23,139,2001,83835.0,0.0,-0.6692130000000001,0.610992,VNM,BGR,40
8162705,239,23,139,2002,96375.0,0.0,-0.589665,0.799874,VNM,BGR,40
8162706,239,23,139,2013,3653028.0,7808.0,-0.11426900000000001,1.399738,VNM,BGR,40
8162707,239,23,139,2018,4451977.0,11173.0,0.003069,0.9169729999999999,VNM,BGR,40
8162708,239,23,139,2019,5187584.0,14261.0,-0.048147,1.098784,VNM,BGR,40
8162709,239,23,139,2008,1458963.0,72420.0,-0.207083,1.1323370000000001,VNM,BGR,40
8162710,239,23,139,2010,2539692.0,0.0,-0.24660500000000002,1.427235,VNM,BGR,40
8162711,239,23,139,2015,3368541.0,15796.0,-0.17108900000000002,1.10995,VNM,BGR,40
8162712,239,23,139,2016,3302218.0,22244.0,-0.10217899999999999,1.015568,VNM,BGR,40
8162713,239,23,139,2009,1840421.0,0.0,-0.27396,1.131199,VNM,BGR,40
8162714,239,23,139,2011,3780197.0,0.0,-0.184453,1.637207,VNM,BGR,40
8162715,239,23,139,2005,40228.0,0.0,-0.673618,0.766938,VNM,BGR,40
8162716,239,23,139,2017,3142607.0,9177.0,-0.009819,0.686429,VNM,BGR,40
8162717,239,23,139,2003,18182.0,2729.0,-0.633985,0.659696,VNM,BGR,40
8162718,239,23,139,2007,827672.0,58399.0,-0.335613,1.048849,VNM,BGR,40
8162719,239,23,139,2012,4555098.0,0.0,0.012365000000000001,1.290936,VNM,BGR,40
8162720,239,23,139,2014,3364549.0,17837.0,-0.023765,1.344416,VNM,BGR,40
8162721,239,23,139,2020,6644565.0,5936.0,0.034229,0.89099,VNM,BGR,40
8162722,239,23,139,2004,61436.0,878.0,-0.5270560000000001,0.8910389999999999,VNM,BGR,40
8162723,239,23,139,2006,47129.0,0.0,-0.342779,1.033318,VNM,BGR,40
8162724,239,23,139,1996,50568.0,0.0,-0.9336469999999999,-0.10985199999999999,VNM,BGR,40
8162725,239,23,139,1997,37285.0,0.0,-0.93384,0.06253099999999999,VNM,BGR,40
8162726,243,23,139,2008,0.0,18428.0,-1.227495,-1.191462,YEM,BGR,40
8162727,243,23,139,2007,0.0,624.0,-1.2624600000000001,-1.2131290000000001,YEM,BGR,40
8162728,246,23,139,2010,0.0,6019.0,0.327326,1.513598,ZAF,BGR,40
8162729,246,23,139,2008,42831.0,81345.0,0.22551500000000002,1.185506,ZAF,BGR,40
8162730,246,23,139,2009,24777.0,4587.0,0.316452,1.767795,ZAF,BGR,40
8162731,246,23,139,2004,29815.0,7989.0,0.460279,1.9736220000000002,ZAF,BGR,40
8162732,246,23,139,2011,20373.0,20591.0,0.241792,1.353011,ZAF,BGR,40
8162733,246,23,139,2012,63652.0,12048.0,0.284069,1.730991,ZAF,BGR,40
8162734,246,23,139,2018,0.0,86104.0,0.158722,1.394829,ZAF,BGR,40
8162735,246,23,139,2019,1603.0,80635.0,0.129921,1.101027,ZAF,BGR,40
8162736,246,23,139,2020,213636.0,54553.0,0.042099,0.923931,ZAF,BGR,40
8162737,246,23,139,2005,90500.0,26478.0,0.484464,1.65903,ZAF,BGR,40
8162738,246,23,139,2017,4179.0,114027.0,0.2066,1.378591,ZAF,BGR,40
8162739,246,23,139,2002,9589.0,0.0,0.395943,2.392458,ZAF,BGR,40
8162740,246,23,139,2003,32456.0,0.0,0.477987,2.255395,ZAF,BGR,40
8162741,246,23,139,1997,178792.0,23583.0,0.501792,1.1192440000000001,ZAF,BGR,40
8162742,246,23,139,2014,56310.0,34181.0,0.282927,1.723214,ZAF,BGR,40
8162743,246,23,139,2015,30874.0,27570.0,0.24944699999999997,1.7573159999999999,ZAF,BGR,40
8162744,246,23,139,2013,0.0,22069.0,0.380284,1.5682120000000002,ZAF,BGR,40
8162745,246,23,139,2016,0.0,48540.0,0.187396,1.46169,ZAF,BGR,40
8162746,246,23,139,2001,95289.0,220535.0,0.356842,2.006155,ZAF,BGR,40
8162747,246,23,139,1996,0.0,39161.0,0.456593,1.150786,ZAF,BGR,40
8162748,246,23,139,2007,232255.0,42579.0,0.349792,1.246052,ZAF,BGR,40
8162749,246,23,139,2006,83848.0,21230.0,0.37964499999999995,1.466326,ZAF,BGR,40
8162750,246,23,139,1995,8175.0,0.0,0.468112,1.039817,ZAF,BGR,40
8162751,246,23,139,1998,13220.0,0.0,0.573958,1.3813739999999999,ZAF,BGR,40
8162752,246,23,139,1999,10727.0,0.0,0.543171,1.432792,ZAF,BGR,40
8162753,246,23,139,2000,13870.0,22807.0,0.5307529999999999,2.1141810000000003,ZAF,BGR,40
8162754,247,23,139,2015,0.0,1881.0,-0.44792,-0.769586,ZMB,BGR,40
8162755,247,23,139,2016,0.0,6135.0,-0.632437,-0.968817,ZMB,BGR,40
8162756,247,23,139,2017,0.0,787.0,-0.8594290000000001,-1.0574459999999999,ZMB,BGR,40
8162757,248,23,139,2012,0.0,2058.0,-0.8025100000000001,-0.869078,ZWE,BGR,40
8162758,248,23,139,2013,0.0,726.0,-0.828702,-0.899175,ZWE,BGR,40
8162759,248,23,139,2007,0.0,8659.0,-0.5271399999999999,-0.47033800000000003,ZWE,BGR,40
8162760,248,23,139,2010,0.0,1025.0,-0.869909,-0.8233309999999999,ZWE,BGR,40
8162761,248,23,139,2009,0.0,5208.0,-0.686822,-0.683511,ZWE,BGR,40
8162762,248,23,139,2004,0.0,1620.0,-0.560593,-0.091112,ZWE,BGR,40
8162763,248,23,139,2005,0.0,2279.0,-0.559266,-0.395637,ZWE,BGR,40
8162764,248,23,139,2008,0.0,5825.0,-0.377992,-0.577244,ZWE,BGR,40
8162765,248,23,139,2016,0.0,1620.0,-1.083532,-1.0016610000000001,ZWE,BGR,40
8162766,248,23,139,2018,0.0,1055.0,-1.181524,-1.0648520000000001,ZWE,BGR,40
8162767,249,23,139,2001,83755.0,0.0,1.5731700000000002,1.353159,TWN,BGR,40
8162768,249,23,139,2002,78309.0,0.0,1.683858,1.333601,TWN,BGR,40
8162769,249,23,139,2007,920001.0,0.0,1.651607,0.974649,TWN,BGR,40
8162770,249,23,139,2009,1103439.0,14205.0,1.5763120000000002,0.9567950000000001,TWN,BGR,40
8162771,249,23,139,2010,784943.0,0.0,1.766729,0.909335,TWN,BGR,40
8162772,249,23,139,2012,901874.0,92280.0,1.6528,0.9437409999999999,TWN,BGR,40
8162773,249,23,139,2013,809458.0,53350.0,1.843186,0.9432379999999999,TWN,BGR,40
8162774,249,23,139,2017,674051.0,17040.0,2.0548290000000002,1.2552969999999999,TWN,BGR,40
8162775,249,23,139,2018,821506.0,29435.0,2.0462540000000002,1.166636,TWN,BGR,40
8162776,249,23,139,2016,558728.0,6030.0,2.002996,1.39485,TWN,BGR,40
8162777,249,23,139,2019,1205561.0,51139.0,2.123296,1.1786969999999999,TWN,BGR,40
8162778,249,23,139,2020,885960.0,47117.0,2.0517060000000003,1.205431,TWN,BGR,40
8162779,249,23,139,2011,717381.0,30180.0,1.803234,0.921233,TWN,BGR,40
8162780,249,23,139,2014,512291.0,4407.0,1.9044189999999999,1.0595139999999998,TWN,BGR,40
8162781,249,23,139,2015,464178.0,10143.0,1.962832,1.214982,TWN,BGR,40
8162782,249,23,139,2000,79563.0,34959.0,1.44705,1.475122,TWN,BGR,40
8162783,249,23,139,2003,121411.0,0.0,1.5924040000000002,1.397843,TWN,BGR,40
8162784,249,23,139,2005,500127.0,0.0,1.577067,1.3218450000000002,TWN,BGR,40
8162785,249,23,139,2006,611212.0,13896.0,1.619915,1.2289940000000001,TWN,BGR,40
8162786,249,23,139,2008,1252376.0,2459.0,1.611693,0.93875,TWN,BGR,40
8162787,249,23,139,2004,156703.0,0.0,1.626307,1.358315,TWN,BGR,40
8162788,249,23,139,1998,400623.0,2664.0,1.224725,1.890322,TWN,BGR,40
8162789,249,23,139,1999,104390.0,0.0,1.336816,1.725334,TWN,BGR,40
8162790,249,23,139,1997,15300.0,10812.0,1.317672,1.800561,TWN,BGR,40
8162791,249,23,139,1996,56523.0,0.0,1.432225,1.675389,TWN,BGR,40
8162792,250,23,139,2012,5712.0,4342.0,0.385997,-0.057784,ANS,BGR,40
8162793,250,23,139,2014,1900.0,0.0,0.506842,0.049545,ANS,BGR,40
8162794,250,23,139,2015,28709.0,0.0,0.377283,-0.092204,ANS,BGR,40
8162795,250,23,139,2016,0.0,219230.0,0.773312,-0.015385,ANS,BGR,40
8162796,250,23,139,2017,0.0,15003.0,0.72523,-0.205046,ANS,BGR,40
8162797,250,23,139,2019,4287.0,190576.0,0.8996129999999999,-0.152746,ANS,BGR,40
8162798,250,23,139,2020,0.0,40819.0,0.866041,-0.371104,ANS,BGR,40
8162799,250,23,139,2003,18022.0,1940910.0,0.45951499999999995,-0.2312,ANS,BGR,40
8162800,250,23,139,1998,72753.0,49110.0,1.144164,1.187425,ANS,BGR,40
8162801,250,23,139,1996,12847.0,2691541.0,1.084978,0.901755,ANS,BGR,40
8162802,250,23,139,1997,300059.0,1359908.0,1.036748,0.851626,ANS,BGR,40
8162803,250,23,139,2000,147358.0,1042937.0,1.195891,-0.22544,ANS,BGR,40
8162804,250,23,139,2001,181713.0,1833796.0,1.096023,-0.33562600000000004,ANS,BGR,40
8162805,250,23,139,2005,31915.0,3048907.0,0.63454,-0.41119799999999995,ANS,BGR,40
8162806,250,23,139,2006,0.0,7440.0,0.711619,-0.41880200000000006,ANS,BGR,40
8162807,250,23,139,2002,5592.0,1225001.0,0.734927,-0.40114099999999997,ANS,BGR,40
8162808,250,23,139,2004,156925.0,2204010.0,0.509382,-0.30904299999999996,ANS,BGR,40
8162809,4,24,139,2019,1371.0,0.0,-0.459614,-0.019257,ALB,BHR,40
8162810,7,24,139,2013,1624123.0,1304848.0,-0.074047,-0.585168,ARE,BHR,40
8162811,7,24,139,2019,12345852.0,11014700.0,-0.165113,-0.8973540000000001,ARE,BHR,40
8162812,7,24,139,2020,20207262.0,6584142.0,-0.118349,-0.789485,ARE,BHR,40
8162813,7,24,139,2018,12487780.0,2145910.0,0.11804400000000001,-0.326851,ARE,BHR,40
8162814,7,24,139,2017,9623649.0,1073557.0,0.210477,0.02557,ARE,BHR,40
8162815,7,24,139,2014,1925620.0,1779568.0,0.087775,-0.289459,ARE,BHR,40
8162816,7,24,139,2016,10086705.0,1049626.0,0.11037999999999999,0.045327,ARE,BHR,40
8162817,7,24,139,2012,39647745.0,3965835.0,0.45351499999999995,-0.285021,ARE,BHR,40
8162818,7,24,139,2008,1166054.0,1962254.0,-0.276433,-0.692392,ARE,BHR,40
8162819,7,24,139,2007,882972.0,1049612.0,-0.107504,-0.44744300000000004,ARE,BHR,40
8162820,7,24,139,2015,8326175.0,1546529.0,0.21779600000000002,-0.0047420000000000006,ARE,BHR,40
8162821,7,24,139,2003,231873.0,416271.0,0.049637,-0.502691,ARE,BHR,40
8162822,7,24,139,2011,1021182.0,3104242.0,0.030652,-0.450808,ARE,BHR,40
8162823,7,24,139,2005,836457.0,160284.0,0.11526600000000001,-0.393171,ARE,BHR,40
8162824,7,24,139,2009,924704.0,2475955.0,0.070059,-0.619075,ARE,BHR,40
8162825,7,24,139,2010,447513.0,1998428.0,0.29457,-0.196371,ARE,BHR,40
8162826,7,24,139,2000,191800.0,352244.0,-0.111384,-0.490415,ARE,BHR,40
8162827,7,24,139,2002,74466.0,390463.0,0.044683,-0.247191,ARE,BHR,40
8162828,7,24,139,2004,424418.0,281502.0,0.1799,-0.34541900000000003,ARE,BHR,40
8162829,7,24,139,2006,648135.0,189002.0,0.053903999999999994,-0.735124,ARE,BHR,40
8162830,7,24,139,2001,66414.0,405606.0,-0.193984,-0.457124,ARE,BHR,40
8162831,8,24,139,2003,33734.0,0.0,0.302073,0.49069700000000005,ARG,BHR,40
8162832,8,24,139,2004,60762.0,0.0,0.28128600000000004,0.64115,ARG,BHR,40
8162833,8,24,139,2006,62859.0,0.0,0.33055,0.665867,ARG,BHR,40
8162834,8,24,139,2007,19535.0,0.0,0.178214,0.5093850000000001,ARG,BHR,40
8162835,8,24,139,2008,19425.0,0.0,0.278837,0.496784,ARG,BHR,40
8162836,8,24,139,2013,2275.0,0.0,0.20314300000000002,0.494062,ARG,BHR,40
8162837,8,24,139,2014,858.0,0.0,0.10691500000000001,0.44860600000000006,ARG,BHR,40
8162838,8,24,139,2019,2440.0,0.0,-0.136634,0.127073,ARG,BHR,40
8162839,8,24,139,2005,48493.0,0.0,0.383772,0.656866,ARG,BHR,40
8162840,8,24,139,2000,40199.0,0.0,0.43928999999999996,0.6839189999999999,ARG,BHR,40
8162841,8,24,139,2002,15248.0,0.0,0.284536,0.517425,ARG,BHR,40
8162842,14,24,139,2005,23274.0,0.0,0.18443099999999998,0.489043,AUS,BHR,40
8162843,14,24,139,2001,7172.0,0.0,0.29463,0.772375,AUS,BHR,40
8162844,14,24,139,2004,16762.0,0.0,0.196641,0.8139460000000001,AUS,BHR,40
8162845,14,24,139,1998,13596.0,0.0,0.375317,0.8864629999999999,AUS,BHR,40
8162846,14,24,139,1999,11495.0,0.0,0.357101,0.8857879999999999,AUS,BHR,40
8162847,14,24,139,2003,16115.0,0.0,0.316879,0.9409489999999999,AUS,BHR,40
8162848,14,24,139,2007,8677.0,0.0,0.137686,0.451592,AUS,BHR,40
8162849,14,24,139,2008,21816.0,0.0,-0.171801,-0.012588,AUS,BHR,40
8162850,14,24,139,2009,18488.0,2749.0,-0.109286,0.13586900000000002,AUS,BHR,40
8162851,14,24,139,2010,15623.0,0.0,-0.276442,0.062023,AUS,BHR,40
8162852,14,24,139,2011,14697.0,965.0,-0.138148,0.002999,AUS,BHR,40
8162853,14,24,139,2012,15836.0,37391.0,-0.352742,-0.145405,AUS,BHR,40
8162854,14,24,139,2013,53305.0,0.0,-0.31145700000000004,-0.167628,AUS,BHR,40
8162855,14,24,139,2014,74598.0,0.0,-0.398273,-0.17128,AUS,BHR,40
8162856,14,24,139,2015,20495.0,57526.0,-0.292325,-0.043489,AUS,BHR,40
8162857,14,24,139,2016,83241.0,0.0,-0.25955300000000003,0.0011070000000000001,AUS,BHR,40
8162858,14,24,139,2017,108527.0,13488.0,-0.42427200000000004,-0.152921,AUS,BHR,40
8162859,14,24,139,2018,55163.0,46174.0,-0.29687199999999997,-0.123116,AUS,BHR,40
8162860,14,24,139,2019,35539.0,7667.0,-0.294558,-0.180198,AUS,BHR,40
8162861,14,24,139,2006,37467.0,0.0,0.067166,0.373148,AUS,BHR,40
8162862,14,24,139,2020,89971.0,0.0,-0.32910500000000004,-0.232963,AUS,BHR,40
8162863,14,24,139,1996,5145.0,0.0,0.369697,0.78069,AUS,BHR,40
8162864,14,24,139,2002,12661.0,0.0,0.231386,0.771628,AUS,BHR,40
8162865,14,24,139,1997,1620.0,0.0,0.428555,0.798283,AUS,BHR,40
8162866,14,24,139,2000,6139.0,0.0,0.279804,0.9355540000000001,AUS,BHR,40
8162867,15,24,139,2016,139052.0,9501.0,1.759363,0.127262,AUT,BHR,40
8162868,15,24,139,1995,16715.0,0.0,2.000295,0.661255,AUT,BHR,40
8162869,15,24,139,1996,67750.0,0.0,1.9216669999999998,0.659388,AUT,BHR,40
8162870,15,24,139,1997,122062.0,0.0,1.8926189999999998,0.624346,AUT,BHR,40
8162871,15,24,139,2005,24581.0,0.0,1.808359,0.148177,AUT,BHR,40
8162872,15,24,139,1999,37586.0,0.0,1.836804,0.744312,AUT,BHR,40
8162873,15,24,139,2000,31238.0,0.0,1.842429,0.464405,AUT,BHR,40
8162874,15,24,139,2011,365380.0,15486.0,1.687634,-0.229095,AUT,BHR,40
8162875,15,24,139,2003,34184.0,0.0,1.834977,0.408096,AUT,BHR,40
8162876,15,24,139,2004,53901.0,0.0,1.825391,0.40553,AUT,BHR,40
8162877,15,24,139,2006,85460.0,0.0,1.775669,0.192717,AUT,BHR,40
8162878,15,24,139,2007,109446.0,1349.0,1.730088,-0.045543,AUT,BHR,40
8162879,15,24,139,2008,390620.0,2146.0,1.634816,-0.078419,AUT,BHR,40
8162880,15,24,139,2009,304879.0,0.0,1.651325,-0.020794,AUT,BHR,40
8162881,15,24,139,2010,600941.0,0.0,1.724315,-0.29379099999999997,AUT,BHR,40
8162882,15,24,139,2012,678262.0,6927.0,1.6092870000000001,-0.29859,AUT,BHR,40
8162883,15,24,139,2013,530157.0,2997.0,1.7209240000000001,-0.286892,AUT,BHR,40
8162884,15,24,139,2014,388261.0,12141.0,1.7116790000000002,-0.140232,AUT,BHR,40
8162885,15,24,139,2015,117066.0,18336.0,1.747098,-0.08026699999999999,AUT,BHR,40
8162886,15,24,139,2017,100203.0,5335.0,1.728623,-0.031045999999999997,AUT,BHR,40
8162887,15,24,139,2018,82596.0,4635.0,1.774488,-0.21117800000000003,AUT,BHR,40
8162888,15,24,139,2019,71500.0,0.0,1.743927,-0.076778,AUT,BHR,40
8162889,15,24,139,2020,68590.0,6068.0,1.6711310000000001,0.059096,AUT,BHR,40
8162890,15,24,139,1998,75059.0,0.0,1.891966,0.508137,AUT,BHR,40
8162891,15,24,139,2002,39290.0,0.0,1.8651200000000001,0.48423900000000003,AUT,BHR,40
8162892,15,24,139,2001,33032.0,0.0,1.8571650000000002,0.603191,AUT,BHR,40
8162893,16,24,139,2013,0.0,9733.0,-0.9232870000000001,-1.165928,AZE,BHR,40
8162894,16,24,139,2016,0.0,1116.0,-0.909744,-1.180449,AZE,BHR,40
8162895,16,24,139,2019,0.0,205805.0,-1.005636,-1.2094209999999999,AZE,BHR,40
8162896,16,24,139,2020,0.0,74993.0,-1.142366,-1.2529190000000001,AZE,BHR,40
8162897,18,24,139,2016,467969.0,0.0,1.3102610000000001,1.214573,BEL,BHR,40
8162898,18,24,139,2017,264265.0,6547.0,1.292657,1.19571,BEL,BHR,40
8162899,18,24,139,2018,449554.0,62628.0,1.270641,1.201063,BEL,BHR,40
8162900,18,24,139,2019,382278.0,12123.0,1.2555969999999999,1.168642,BEL,BHR,40
8162901,18,24,139,2020,599232.0,0.0,1.204632,1.278346,BEL,BHR,40
8162902,18,24,139,1996,146293.0,5994194.0,1.549312,1.273767,BEL,BHR,40
8162903,18,24,139,2009,394078.0,49518.0,1.272011,1.074548,BEL,BHR,40
8162904,18,24,139,2010,545413.0,840.0,1.2224270000000002,1.1276,BEL,BHR,40
8162905,18,24,139,2012,300701.0,44916.0,1.107155,1.448274,BEL,BHR,40
8162906,18,24,139,2013,693721.0,56407.0,1.316207,0.972601,BEL,BHR,40
8162907,18,24,139,2014,622397.0,5524.0,1.234156,1.226441,BEL,BHR,40
8162908,18,24,139,2015,255481.0,146702.0,1.329866,1.100641,BEL,BHR,40
8162909,18,24,139,1995,399794.0,4028275.0,1.615588,1.394102,BEL,BHR,40
8162910,18,24,139,1997,239363.0,3355445.0,1.4274069999999999,1.490435,BEL,BHR,40
8162911,18,24,139,2000,140215.0,1920666.0,1.403838,1.349607,BEL,BHR,40
8162912,18,24,139,2001,72329.0,2181470.0,1.4328370000000001,1.408495,BEL,BHR,40
8162913,18,24,139,2002,71768.0,1107778.0,1.4097469999999999,1.440169,BEL,BHR,40
8162914,18,24,139,2003,283782.0,373554.0,1.361682,1.39536,BEL,BHR,40
8162915,18,24,139,2004,101510.0,733299.0,1.350911,1.408209,BEL,BHR,40
8162916,18,24,139,2005,192966.0,1286358.0,1.275296,1.345063,BEL,BHR,40
8162917,18,24,139,2006,475211.0,375551.0,1.2222540000000002,1.383027,BEL,BHR,40
8162918,18,24,139,2007,519079.0,1716202.0,1.2880479999999999,1.145724,BEL,BHR,40
8162919,18,24,139,2008,522916.0,86563.0,1.297416,0.9716549999999999,BEL,BHR,40
8162920,18,24,139,2011,378569.0,125209.0,1.221703,1.247961,BEL,BHR,40
8162921,18,24,139,1999,103067.0,7919119.0,1.512061,1.253478,BEL,BHR,40
8162922,18,24,139,1998,138573.0,2276715.0,1.4740739999999999,1.2530430000000001,BEL,BHR,40
8162923,22,24,139,2003,1442.0,0.0,-1.168404,-1.035782,BGD,BHR,40
8162924,22,24,139,2018,0.0,8084.0,-0.899467,-0.9823719999999999,BGD,BHR,40
8162925,22,24,139,2007,0.0,8957.0,-0.9436469999999999,-0.7200310000000001,BGD,BHR,40
8162926,22,24,139,2005,3588.0,0.0,-1.083754,-0.817738,BGD,BHR,40
8162927,22,24,139,2011,11210.0,1111.0,-1.074416,-0.8276370000000001,BGD,BHR,40
8162928,22,24,139,2013,1080.0,0.0,-1.101916,-0.734646,BGD,BHR,40
8162929,22,24,139,2015,1888.0,0.0,-1.088465,-0.8745360000000001,BGD,BHR,40
8162930,22,24,139,2019,8856.0,15156.0,-1.113148,-0.9513299999999999,BGD,BHR,40
8162931,22,24,139,2006,0.0,12926.0,-1.0305309999999999,-0.80937,BGD,BHR,40
8162932,22,24,139,2009,0.0,7366.0,-1.030722,-0.860137,BGD,BHR,40
8162933,22,24,139,2010,0.0,19481.0,-0.974526,-0.76566,BGD,BHR,40
8162934,22,24,139,2012,0.0,49218.0,-0.8932610000000001,-0.762658,BGD,BHR,40
8162935,22,24,139,2017,1738.0,56370.0,-1.016251,-0.987654,BGD,BHR,40
8162936,23,24,139,2015,733.0,0.0,0.45640699999999995,1.691455,BGR,BHR,40
8162937,23,24,139,2016,63950.0,0.0,0.51707,1.7329130000000001,BGR,BHR,40
8162938,23,24,139,2019,21826.0,0.0,0.572997,1.863346,BGR,BHR,40
8162939,23,24,139,2020,1207.0,0.0,0.6328520000000001,1.8517009999999998,BGR,BHR,40
8162940,23,24,139,2017,5014.0,0.0,0.557843,1.7221119999999999,BGR,BHR,40
8162941,23,24,139,2018,844.0,0.0,0.571226,1.836856,BGR,BHR,40
8162942,23,24,139,2007,2502.0,0.0,0.43321899999999997,1.5696700000000001,BGR,BHR,40
8162943,23,24,139,2004,9788.0,0.0,0.35536,1.499182,BGR,BHR,40
8162944,23,24,139,2005,497.0,0.0,0.338438,1.495008,BGR,BHR,40
8162945,23,24,139,2006,3370.0,0.0,0.414563,1.378005,BGR,BHR,40
8162946,23,24,139,2008,2778.0,0.0,0.44409,1.575399,BGR,BHR,40
8162947,23,24,139,2012,4276.0,0.0,0.5611,1.416313,BGR,BHR,40
8162948,23,24,139,2002,12169.0,0.0,0.37451100000000004,1.573517,BGR,BHR,40
8162949,23,24,139,2003,20028.0,0.0,0.43308599999999997,1.7104099999999998,BGR,BHR,40
8162950,23,24,139,2014,1239.0,0.0,0.579058,1.6558110000000001,BGR,BHR,40
8162951,28,24,139,2016,27973.0,0.0,0.773807,0.827442,BLR,BHR,40
8162952,28,24,139,2017,21279.0,0.0,0.8115829999999999,0.8323459999999999,BLR,BHR,40
8162953,28,24,139,2013,39543.0,0.0,1.036923,0.864568,BLR,BHR,40
8162954,29,24,139,2017,1396.0,0.0,-0.284062,-0.711108,BLZ,BHR,40
8162955,31,24,139,2017,3809.0,0.0,-1.158425,-1.076242,BOL,BHR,40
8162956,32,24,139,2009,221306.0,0.0,0.35447199999999995,0.8522360000000001,BRA,BHR,40
8162957,32,24,139,2010,260847.0,0.0,0.40715500000000004,0.6208100000000001,BRA,BHR,40
8162958,32,24,139,2011,266327.0,0.0,0.27718400000000004,0.5674319999999999,BRA,BHR,40
8162959,32,24,139,2012,309955.0,0.0,0.305614,0.6357189999999999,BRA,BHR,40
8162960,32,24,139,2014,308361.0,42478.0,0.218223,0.556921,BRA,BHR,40
8162961,32,24,139,2016,549195.0,0.0,0.245919,0.661809,BRA,BHR,40
8162962,32,24,139,1995,69785.0,0.0,0.687171,1.188647,BRA,BHR,40
8162963,32,24,139,1996,155248.0,0.0,0.699658,1.271724,BRA,BHR,40
8162964,32,24,139,2000,453449.0,0.0,0.792556,1.219394,BRA,BHR,40
8162965,32,24,139,2001,312503.0,0.0,0.672496,1.051848,BRA,BHR,40
8162966,32,24,139,2002,510724.0,0.0,0.677883,1.0227190000000002,BRA,BHR,40
8162967,32,24,139,2003,393172.0,0.0,0.660576,1.118876,BRA,BHR,40
8162968,32,24,139,2004,418025.0,0.0,0.540718,1.149065,BRA,BHR,40
8162969,32,24,139,2005,440175.0,0.0,0.567638,1.139122,BRA,BHR,40
8162970,32,24,139,2006,368223.0,6670.0,0.633889,1.1474520000000001,BRA,BHR,40
8162971,32,24,139,2007,408907.0,0.0,0.582859,1.137225,BRA,BHR,40
8162972,32,24,139,2008,202160.0,0.0,0.444687,0.904332,BRA,BHR,40
8162973,32,24,139,2013,325659.0,175824.0,0.14765899999999998,0.399262,BRA,BHR,40
8162974,32,24,139,2015,641460.0,653.0,0.23656799999999997,0.688607,BRA,BHR,40
8162975,32,24,139,2017,422803.0,0.0,0.145224,0.483461,BRA,BHR,40
8162976,32,24,139,2018,239079.0,0.0,0.143397,0.582092,BRA,BHR,40
8162977,32,24,139,2019,177173.0,0.0,0.076947,0.660604,BRA,BHR,40
8162978,32,24,139,2020,250717.0,0.0,0.054622000000000004,0.532291,BRA,BHR,40
8162979,32,24,139,1998,888322.0,0.0,0.768101,1.04589,BRA,BHR,40
8162980,32,24,139,1997,138430.0,0.0,0.718336,1.203066,BRA,BHR,40
8162981,32,24,139,1999,358240.0,0.0,0.762468,1.191759,BRA,BHR,40
8162982,39,24,139,2001,19781.0,0.0,0.971827,1.105171,CAN,BHR,40
8162983,39,24,139,2002,67420.0,0.0,0.9963280000000001,1.1922110000000001,CAN,BHR,40
8162984,39,24,139,2003,64007.0,0.0,0.9791540000000001,1.185081,CAN,BHR,40
8162985,39,24,139,2004,79551.0,0.0,0.9392739999999999,1.19228,CAN,BHR,40
8162986,39,24,139,2005,48792.0,0.0,0.9895149999999999,1.0437459999999998,CAN,BHR,40
8162987,39,24,139,2006,59435.0,0.0,0.865685,1.1480489999999999,CAN,BHR,40
8162988,39,24,139,2007,208071.0,0.0,0.77681,1.20517,CAN,BHR,40
8162989,39,24,139,2008,133972.0,0.0,0.684659,1.085312,CAN,BHR,40
8162990,39,24,139,2009,107801.0,0.0,0.6778069999999999,1.278402,CAN,BHR,40
8162991,39,24,139,2010,114664.0,0.0,0.752421,1.2208510000000001,CAN,BHR,40
8162992,39,24,139,2011,531993.0,0.0,0.754813,1.1967290000000002,CAN,BHR,40
8162993,39,24,139,2012,515953.0,0.0,0.693098,1.132064,CAN,BHR,40
8162994,39,24,139,2013,185241.0,0.0,0.719649,1.017046,CAN,BHR,40
8162995,39,24,139,2014,175883.0,0.0,0.671395,1.024683,CAN,BHR,40
8162996,39,24,139,2015,110530.0,0.0,0.695867,1.171676,CAN,BHR,40
8162997,39,24,139,2016,110266.0,6102.0,0.6579050000000001,1.12259,CAN,BHR,40
8162998,39,24,139,2017,145004.0,0.0,0.73897,1.206402,CAN,BHR,40
8162999,39,24,139,2018,301491.0,0.0,0.666822,1.218593,CAN,BHR,40
8163000,39,24,139,2019,651909.0,0.0,0.657292,1.187872,CAN,BHR,40
8163001,39,24,139,2020,189690.0,0.0,0.609267,1.1890479999999999,CAN,BHR,40
8163002,39,24,139,2000,19113.0,0.0,1.056577,1.12931,CAN,BHR,40
8163003,39,24,139,1999,49547.0,0.0,1.083572,1.08026,CAN,BHR,40
8163004,39,24,139,1995,2009.0,0.0,1.077804,1.0724200000000002,CAN,BHR,40
8163005,39,24,139,1996,6489.0,0.0,1.155706,1.1127049999999998,CAN,BHR,40
8163006,39,24,139,1998,4871.0,0.0,1.077343,1.119161,CAN,BHR,40
8163007,41,24,139,2015,104670.0,0.0,2.306075,0.720781,CHE,BHR,40
8163008,41,24,139,2014,91899.0,2957.0,2.2000919999999997,0.65398,CHE,BHR,40
8163009,41,24,139,2005,54899.0,0.0,2.0461709999999997,0.615855,CHE,BHR,40
8163010,41,24,139,2011,68973.0,0.0,2.2644029999999997,0.406131,CHE,BHR,40
8163011,41,24,139,2010,46932.0,0.0,2.1492080000000002,0.556424,CHE,BHR,40
8163012,41,24,139,2002,32749.0,0.0,2.218095,0.620946,CHE,BHR,40
8163013,41,24,139,2003,23057.0,0.0,2.151037,0.711217,CHE,BHR,40
8163014,41,24,139,2004,60583.0,0.0,2.151471,0.7196279999999999,CHE,BHR,40
8163015,41,24,139,2006,70520.0,0.0,2.052534,0.515523,CHE,BHR,40
8163016,41,24,139,2007,161327.0,4677.0,2.0198080000000003,0.42277200000000004,CHE,BHR,40
8163017,41,24,139,2008,90087.0,1052.0,1.978404,0.368694,CHE,BHR,40
8163018,41,24,139,2009,74422.0,1180.0,2.124438,0.484861,CHE,BHR,40
8163019,41,24,139,2012,164775.0,0.0,2.060769,0.562718,CHE,BHR,40
8163020,41,24,139,2013,379906.0,37691.0,2.2104470000000003,0.5403479999999999,CHE,BHR,40
8163021,41,24,139,2016,144171.0,5123.0,2.3488689999999997,0.806291,CHE,BHR,40
8163022,41,24,139,2017,67058.0,0.0,2.2557810000000003,0.845459,CHE,BHR,40
8163023,41,24,139,2018,122747.0,0.0,2.2324330000000003,0.7801560000000001,CHE,BHR,40
8163024,41,24,139,2019,105802.0,0.0,2.1990849999999997,0.8394229999999999,CHE,BHR,40
8163025,41,24,139,2020,57877.0,0.0,2.184038,0.900965,CHE,BHR,40
8163026,41,24,139,1999,8913.0,0.0,2.189934,0.741428,CHE,BHR,40
8163027,41,24,139,2000,38262.0,0.0,2.197959,0.489989,CHE,BHR,40
8163028,41,24,139,2001,26793.0,0.0,2.227246,0.553956,CHE,BHR,40
8163029,41,24,139,1998,21672.0,0.0,2.252965,0.561806,CHE,BHR,40
8163030,41,24,139,1996,202572.0,0.0,2.246238,0.603288,CHE,BHR,40
8163031,41,24,139,1995,21653.0,0.0,2.1893029999999998,0.82765,CHE,BHR,40
8163032,41,24,139,1997,10058.0,0.0,2.280163,0.597819,CHE,BHR,40
8163033,42,24,139,2014,5610.0,0.0,-0.344671,-0.43380799999999997,CHL,BHR,40
8163034,42,24,139,2015,9565.0,0.0,-0.356167,-0.47629399999999994,CHL,BHR,40
8163035,42,24,139,2016,23504.0,0.0,-0.385519,-0.470495,CHL,BHR,40
8163036,42,24,139,2017,16546.0,0.0,-0.378693,-0.492983,CHL,BHR,40
8163037,42,24,139,2018,13501.0,0.0,-0.37677,-0.49605299999999997,CHL,BHR,40
8163038,42,24,139,2019,4663.0,0.0,-0.34416199999999997,-0.432674,CHL,BHR,40
8163039,42,24,139,2008,1041.0,1277.0,-0.293985,-0.349554,CHL,BHR,40
8163040,42,24,139,2011,12021.0,0.0,-0.199877,-0.353009,CHL,BHR,40
8163041,43,24,139,1995,70354.0,0.0,0.387897,3.2147919999999996,CHN,BHR,40
8163042,43,24,139,1996,409016.0,0.0,0.404422,3.061344,CHN,BHR,40
8163043,43,24,139,1997,456347.0,0.0,0.36051300000000003,3.287322,CHN,BHR,40
8163044,43,24,139,1998,364523.0,0.0,0.3658,3.231258,CHN,BHR,40
8163045,43,24,139,1999,304971.0,0.0,0.386094,3.270089,CHN,BHR,40
8163046,43,24,139,2000,525245.0,0.0,0.478362,3.156111,CHN,BHR,40
8163047,43,24,139,2001,511405.0,0.0,0.525171,3.092963,CHN,BHR,40
8163048,43,24,139,2002,796734.0,0.0,0.576746,2.7995520000000003,CHN,BHR,40
8163049,43,24,139,2003,1145632.0,0.0,0.579431,2.773139,CHN,BHR,40
8163050,43,24,139,2004,2381083.0,1142.0,0.581548,2.8689880000000003,CHN,BHR,40
8163051,43,24,139,2005,2092016.0,1419.0,0.608256,2.8242220000000002,CHN,BHR,40
8163052,43,24,139,2007,5776016.0,0.0,0.801547,2.321052,CHN,BHR,40
8163053,43,24,139,2008,6935204.0,0.0,0.929285,1.8917259999999998,CHN,BHR,40
8163054,43,24,139,2009,5299018.0,0.0,0.898623,2.08703,CHN,BHR,40
8163055,43,24,139,2010,6865266.0,6389.0,0.922493,2.0176,CHN,BHR,40
8163056,43,24,139,2011,11110950.0,12322.0,1.072299,1.686826,CHN,BHR,40
8163057,43,24,139,2012,14095584.0,4468.0,1.095682,1.354837,CHN,BHR,40
8163058,43,24,139,2013,13676685.0,0.0,1.113767,1.477496,CHN,BHR,40
8163059,43,24,139,2014,13573998.0,0.0,1.187557,1.222085,CHN,BHR,40
8163060,43,24,139,2015,13072352.0,0.0,1.077143,1.735757,CHN,BHR,40
8163061,43,24,139,2016,11938748.0,12694.0,1.1073620000000002,1.723098,CHN,BHR,40
8163062,43,24,139,2017,14734629.0,0.0,1.1127790000000002,1.56869,CHN,BHR,40
8163063,43,24,139,2018,13215416.0,0.0,1.200689,1.2822,CHN,BHR,40
8163064,43,24,139,2019,16598954.0,0.0,1.196265,1.2258870000000002,CHN,BHR,40
8163065,43,24,139,2020,20484234.0,0.0,1.187837,1.2237770000000001,CHN,BHR,40
8163066,43,24,139,2006,3526658.0,0.0,0.737888,2.54966,CHN,BHR,40
8163067,44,24,139,2015,0.0,2350.0,-0.856142,-0.905292,CIV,BHR,40
8163068,45,24,139,2013,7837.0,0.0,-0.901531,-1.027111,CMR,BHR,40
8163069,47,24,139,2020,1323.0,0.0,-1.580638,-1.2020870000000001,COG,BHR,40
8163070,49,24,139,2014,1987.0,0.0,0.19864500000000002,-0.378364,COL,BHR,40
8163071,49,24,139,2015,2393.0,0.0,0.156383,-0.183055,COL,BHR,40
8163072,52,24,139,2008,3205.0,0.0,0.023962,-0.346029,CRI,BHR,40
8163073,52,24,139,2014,1675.0,0.0,0.065938,-0.687971,CRI,BHR,40
8163074,52,24,139,2015,1064.0,0.0,0.24859699999999998,-0.033143,CRI,BHR,40
8163075,52,24,139,2016,1702.0,0.0,0.204591,-0.18279600000000001,CRI,BHR,40
8163076,52,24,139,2017,863.0,0.0,0.288642,-0.056219000000000005,CRI,BHR,40
8163077,58,24,139,2014,2607.0,0.0,0.627467,0.483725,CYP,BHR,40
8163078,58,24,139,2019,4321.0,0.0,0.657782,0.209481,CYP,BHR,40
8163079,58,24,139,2005,0.0,2444.0,0.573122,0.474224,CYP,BHR,40
8163080,58,24,139,2017,0.0,765.0,0.576982,0.279989,CYP,BHR,40
8163081,58,24,139,2006,0.0,21041.0,0.708267,-0.048096,CYP,BHR,40
8163082,58,24,139,2007,1095.0,13883.0,0.887351,0.426331,CYP,BHR,40
8163083,58,24,139,2000,4204.0,0.0,0.235843,0.16877,CYP,BHR,40
8163084,58,24,139,2016,6695.0,0.0,0.40822800000000004,0.07535,CYP,BHR,40
8163085,58,24,139,2020,2020.0,0.0,0.5354760000000001,-0.069753,CYP,BHR,40
8163086,58,24,139,2015,981.0,0.0,0.511225,-0.207261,CYP,BHR,40
8163087,58,24,139,2010,4480.0,0.0,0.8776450000000001,0.568389,CYP,BHR,40
8163088,59,24,139,2000,19217.0,0.0,1.393001,1.23271,CZE,BHR,40
8163089,59,24,139,2013,95297.0,0.0,1.819653,-0.12423800000000002,CZE,BHR,40
8163090,59,24,139,2007,121458.0,0.0,1.620377,0.379404,CZE,BHR,40
8163091,59,24,139,2019,150317.0,0.0,1.797611,0.406708,CZE,BHR,40
8163092,59,24,139,2014,137951.0,0.0,1.8105830000000003,0.131131,CZE,BHR,40
8163093,59,24,139,2015,170914.0,0.0,1.743012,0.45424,CZE,BHR,40
8163094,59,24,139,2012,150784.0,0.0,1.747369,-0.0932,CZE,BHR,40
8163095,59,24,139,2006,101907.0,0.0,1.564058,0.6023649999999999,CZE,BHR,40
8163096,59,24,139,2011,267166.0,0.0,1.737788,0.14741600000000002,CZE,BHR,40
8163097,59,24,139,2001,63299.0,0.0,1.485703,1.109305,CZE,BHR,40
8163098,59,24,139,2004,105057.0,0.0,1.562625,0.865244,CZE,BHR,40
8163099,59,24,139,2016,187075.0,0.0,1.823627,0.552354,CZE,BHR,40
8163100,59,24,139,1998,26765.0,0.0,1.36345,1.408508,CZE,BHR,40
8163101,59,24,139,1999,5303.0,0.0,1.412439,1.329385,CZE,BHR,40
8163102,59,24,139,2002,40327.0,0.0,1.550713,1.037066,CZE,BHR,40
8163103,59,24,139,2003,52613.0,0.0,1.555749,0.8662059999999999,CZE,BHR,40
8163104,59,24,139,2009,233294.0,0.0,1.6323159999999999,0.47257200000000005,CZE,BHR,40
8163105,59,24,139,2010,43462.0,0.0,1.732044,0.333934,CZE,BHR,40
8163106,59,24,139,2005,101800.0,0.0,1.56768,0.6784319999999999,CZE,BHR,40
8163107,59,24,139,2018,180968.0,0.0,1.841016,0.220806,CZE,BHR,40
8163108,59,24,139,1997,60213.0,0.0,1.40651,1.354695,CZE,BHR,40
8163109,59,24,139,2017,228525.0,0.0,1.7715130000000001,0.359668,CZE,BHR,40
8163110,59,24,139,2020,251242.0,0.0,1.716646,0.602441,CZE,BHR,40
8163111,59,24,139,2008,59956.0,0.0,1.592035,0.27983600000000003,CZE,BHR,40
8163112,59,24,139,1996,42496.0,0.0,1.401181,1.3094709999999998,CZE,BHR,40
8163113,61,24,139,1995,2273683.0,53756.0,2.325385,-2.2238189999999998,DEU,BHR,40
8163114,61,24,139,1997,3132423.0,0.0,2.293936,-2.2301919999999997,DEU,BHR,40
8163115,61,24,139,1998,5529409.0,0.0,2.334028,-2.417278,DEU,BHR,40
8163116,61,24,139,1999,5499764.0,0.0,2.334811,-2.060502,DEU,BHR,40
8163117,61,24,139,2001,3590195.0,40685.0,2.321375,-2.1110990000000003,DEU,BHR,40
8163118,61,24,139,2002,1751502.0,3040.0,2.297691,-2.183239,DEU,BHR,40
8163119,61,24,139,2004,1332471.0,30170.0,2.266076,-2.011139,DEU,BHR,40
8163120,61,24,139,2008,3440268.0,22947.0,2.007167,-3.256961,DEU,BHR,40
8163121,61,24,139,2009,2633885.0,0.0,2.056515,-3.034837,DEU,BHR,40
8163122,61,24,139,2015,4167113.0,12517.0,2.203818,-2.307561,DEU,BHR,40
8163123,61,24,139,2018,6706413.0,33284.0,2.109059,-2.428826,DEU,BHR,40
8163124,61,24,139,2019,6341255.0,0.0,2.078626,-2.124816,DEU,BHR,40
8163125,61,24,139,2007,2810573.0,1694.0,2.114566,-2.934732,DEU,BHR,40
8163126,61,24,139,2013,3567605.0,13201.0,2.093658,-3.4281980000000005,DEU,BHR,40
8163127,61,24,139,2014,3790080.0,22584.0,2.052849,-2.888805,DEU,BHR,40
8163128,61,24,139,1996,2188930.0,210735.0,2.279976,-2.572299,DEU,BHR,40
8163129,61,24,139,2000,2866890.0,22293.0,2.316177,-2.4478419999999996,DEU,BHR,40
8163130,61,24,139,2003,1458474.0,0.0,2.2821919999999998,-2.0985150000000004,DEU,BHR,40
8163131,61,24,139,2005,1653343.0,1736.0,2.172479,-2.446472,DEU,BHR,40
8163132,61,24,139,2006,1500366.0,1751.0,2.132566,-2.773669,DEU,BHR,40
8163133,61,24,139,2010,2886838.0,0.0,2.035672,-3.383322,DEU,BHR,40
8163134,61,24,139,2011,3763474.0,27342.0,2.074435,-3.440815,DEU,BHR,40
8163135,61,24,139,2012,3443890.0,44105.0,1.966247,-3.3238410000000003,DEU,BHR,40
8163136,61,24,139,2016,5351881.0,1056646.0,2.203093,-2.24919,DEU,BHR,40
8163137,61,24,139,2017,3546536.0,5342.0,2.1149459999999998,-2.525372,DEU,BHR,40
8163138,62,24,139,2017,0.0,3465.0,-0.4897,-0.7249180000000001,DJI,BHR,40
8163139,62,24,139,2018,0.0,5001.0,-0.11008599999999999,-0.603731,DJI,BHR,40
8163140,64,24,139,1995,9417.0,0.0,1.3800270000000001,1.489036,DNK,BHR,40
8163141,64,24,139,1998,12991.0,0.0,1.225999,1.470145,DNK,BHR,40
8163142,64,24,139,2009,8039.0,0.0,1.242327,1.064709,DNK,BHR,40
8163143,64,24,139,2010,25831.0,0.0,1.082468,1.280759,DNK,BHR,40
8163144,64,24,139,2011,43428.0,0.0,1.156026,1.2248299999999999,DNK,BHR,40
8163145,64,24,139,2012,32843.0,0.0,1.105061,1.245377,DNK,BHR,40
8163146,64,24,139,2004,63890.0,0.0,1.328968,1.262743,DNK,BHR,40
8163147,64,24,139,2019,46878.0,3713.0,1.0768280000000001,1.2615610000000002,DNK,BHR,40
8163148,64,24,139,1996,26367.0,0.0,1.443514,1.275684,DNK,BHR,40
8163149,64,24,139,1997,22127.0,0.0,1.358279,1.420107,DNK,BHR,40
8163150,64,24,139,1999,13093.0,0.0,1.264405,1.469627,DNK,BHR,40
8163151,64,24,139,2000,51508.0,0.0,1.230078,1.429499,DNK,BHR,40
8163152,64,24,139,2001,15512.0,1614.0,1.261883,1.351875,DNK,BHR,40
8163153,64,24,139,2002,38469.0,2317.0,1.26594,1.225186,DNK,BHR,40
8163154,64,24,139,2003,26760.0,0.0,1.309564,1.245596,DNK,BHR,40
8163155,64,24,139,2005,55491.0,0.0,1.210286,1.217256,DNK,BHR,40
8163156,64,24,139,2020,115508.0,0.0,1.093217,1.2166549999999998,DNK,BHR,40
8163157,64,24,139,2006,8689.0,1442.0,1.2308700000000001,1.180914,DNK,BHR,40
8163158,64,24,139,2007,58549.0,0.0,1.204019,1.122666,DNK,BHR,40
8163159,64,24,139,2008,51465.0,0.0,1.165294,1.1112440000000001,DNK,BHR,40
8163160,64,24,139,2013,24911.0,0.0,1.161835,1.1788450000000001,DNK,BHR,40
8163161,64,24,139,2014,35053.0,1782.0,1.10869,1.245193,DNK,BHR,40
8163162,64,24,139,2015,57314.0,7856.0,1.157924,1.2045629999999998,DNK,BHR,40
8163163,64,24,139,2016,69405.0,1009.0,1.117864,1.302658,DNK,BHR,40
8163164,64,24,139,2017,61594.0,0.0,1.159753,1.233914,DNK,BHR,40
8163165,64,24,139,2018,45959.0,0.0,1.0945040000000001,1.3311540000000002,DNK,BHR,40
8163166,66,24,139,2015,0.0,2094.0,-1.54346,-1.255633,DZA,BHR,40
8163167,66,24,139,2011,0.0,163729.0,-1.36763,-1.140594,DZA,BHR,40
8163168,66,24,139,2012,12792.0,0.0,-1.349046,-1.1601860000000002,DZA,BHR,40
8163169,66,24,139,2008,0.0,3303.0,-0.556434,-1.079109,DZA,BHR,40
8163170,66,24,139,2010,6666.0,206593.0,-1.00922,-1.1511040000000001,DZA,BHR,40
8163171,66,24,139,2001,0.0,1907.0,-0.663363,-1.158295,DZA,BHR,40
8163172,67,24,139,2012,3492.0,0.0,-0.627614,-0.764234,ECU,BHR,40
8163173,67,24,139,2015,4484.0,0.0,-0.9845959999999999,-1.075639,ECU,BHR,40
8163174,67,24,139,2019,5164.0,0.0,-1.12261,-1.094275,ECU,BHR,40
8163175,68,24,139,2007,258211.0,16319.0,-0.144054,0.663592,EGY,BHR,40
8163176,68,24,139,2005,240053.0,0.0,-0.247748,0.492885,EGY,BHR,40
8163177,68,24,139,2006,347603.0,0.0,-0.182272,0.40222399999999997,EGY,BHR,40
8163178,68,24,139,2000,89070.0,0.0,-0.41125900000000004,0.099833,EGY,BHR,40
8163179,68,24,139,2002,234942.0,60095.0,-0.377127,0.549439,EGY,BHR,40
8163180,68,24,139,2008,662291.0,21804.0,-0.098316,1.134642,EGY,BHR,40
8163181,68,24,139,2009,350275.0,147107.0,-0.20940300000000003,1.6466290000000001,EGY,BHR,40
8163182,68,24,139,2010,181560.0,257848.0,-0.181826,1.409465,EGY,BHR,40
8163183,68,24,139,2011,571932.0,530725.0,-0.166243,1.384719,EGY,BHR,40
8163184,68,24,139,2012,352988.0,201790.0,-0.143732,1.316722,EGY,BHR,40
8163185,68,24,139,2013,519915.0,32820.0,-0.17418,1.692641,EGY,BHR,40
8163186,68,24,139,2014,224001.0,0.0,-0.086866,1.7419669999999998,EGY,BHR,40
8163187,68,24,139,2019,342941.0,2231.0,-0.152353,1.5426309999999999,EGY,BHR,40
8163188,68,24,139,2020,315104.0,2345.0,-0.186095,1.6414330000000001,EGY,BHR,40
8163189,68,24,139,2015,424041.0,3498.0,-0.183053,1.765036,EGY,BHR,40
8163190,68,24,139,2017,664004.0,0.0,-0.073436,1.829121,EGY,BHR,40
8163191,68,24,139,2018,479948.0,1396.0,-0.096635,1.585658,EGY,BHR,40
8163192,68,24,139,2004,171092.0,0.0,-0.300563,0.41834899999999997,EGY,BHR,40
8163193,68,24,139,1998,69702.0,0.0,-0.462755,0.079802,EGY,BHR,40
8163194,68,24,139,1999,74865.0,0.0,-0.311879,0.300746,EGY,BHR,40
8163195,68,24,139,2001,108657.0,0.0,-0.373576,0.366385,EGY,BHR,40
8163196,68,24,139,1996,2977.0,0.0,-0.5446409999999999,-0.229586,EGY,BHR,40
8163197,68,24,139,2016,542402.0,7948.0,-0.142377,1.674348,EGY,BHR,40
8163198,68,24,139,2003,140373.0,0.0,-0.292923,0.465433,EGY,BHR,40
8163199,71,24,139,1997,18389.0,0.0,1.082049,2.0238650000000002,ESP,BHR,40
8163200,71,24,139,2004,176461.0,0.0,0.9784649999999999,2.051216,ESP,BHR,40
8163201,71,24,139,2010,504722.0,0.0,0.832619,2.448009,ESP,BHR,40
8163202,71,24,139,2012,476534.0,0.0,0.8528309999999999,2.462809,ESP,BHR,40
8163203,71,24,139,2013,179950.0,0.0,0.861698,2.353993,ESP,BHR,40
8163204,71,24,139,2014,497102.0,0.0,0.842147,2.45692,ESP,BHR,40
8163205,71,24,139,2015,431341.0,1292.0,0.8173590000000001,2.442556,ESP,BHR,40
8163206,71,24,139,1999,5458.0,0.0,1.0849209999999998,1.9351180000000001,ESP,BHR,40
8163207,71,24,139,2000,258951.0,0.0,1.098989,1.911029,ESP,BHR,40
8163208,71,24,139,2011,193117.0,0.0,0.8677290000000001,2.4618450000000003,ESP,BHR,40
8163209,71,24,139,2016,569244.0,59381.0,0.765428,2.57725,ESP,BHR,40
8163210,71,24,139,2017,545750.0,96149.0,0.734342,2.8180099999999997,ESP,BHR,40
8163211,71,24,139,2018,250011.0,0.0,0.744825,2.919005,ESP,BHR,40
8163212,71,24,139,2019,361459.0,0.0,0.678454,3.007838,ESP,BHR,40
8163213,71,24,139,2020,489469.0,0.0,0.736657,2.731661,ESP,BHR,40
8163214,71,24,139,2008,571652.0,0.0,0.8755649999999999,2.122164,ESP,BHR,40
8163215,71,24,139,2001,225420.0,0.0,1.079664,1.9842220000000002,ESP,BHR,40
8163216,71,24,139,2002,359122.0,0.0,1.012246,2.049594,ESP,BHR,40
8163217,71,24,139,2009,179247.0,0.0,0.9021020000000001,2.170578,ESP,BHR,40
8163218,71,24,139,1995,128013.0,0.0,1.144247,1.933844,ESP,BHR,40
8163219,71,24,139,1996,72804.0,0.0,1.105317,1.9473,ESP,BHR,40
8163220,71,24,139,1998,2552.0,0.0,1.051392,1.983438,ESP,BHR,40
8163221,71,24,139,2003,292937.0,0.0,0.960684,2.074792,ESP,BHR,40
8163222,71,24,139,2005,383429.0,0.0,0.9318489999999999,1.999698,ESP,BHR,40
8163223,71,24,139,2007,246827.0,0.0,0.914681,2.027797,ESP,BHR,40
8163224,71,24,139,2006,391074.0,0.0,0.9091370000000001,2.068166,ESP,BHR,40
8163225,72,24,139,2013,11402.0,0.0,0.8828940000000001,1.386574,EST,BHR,40
8163226,72,24,139,2014,7662.0,0.0,0.9147780000000001,1.151556,EST,BHR,40
8163227,72,24,139,2015,4009.0,0.0,0.9281149999999999,1.1780389999999998,EST,BHR,40
8163228,72,24,139,2016,8292.0,0.0,1.000418,1.154152,EST,BHR,40
8163229,72,24,139,2019,2166.0,0.0,0.962284,1.346195,EST,BHR,40
8163230,72,24,139,2017,26542.0,0.0,1.010985,1.289633,EST,BHR,40
8163231,72,24,139,2018,5225.0,0.0,0.979986,1.2365899999999999,EST,BHR,40
8163232,72,24,139,2020,2323.0,0.0,1.012385,1.305015,EST,BHR,40
8163233,73,24,139,2018,0.0,36538.0,-0.874857,-0.464958,ETH,BHR,40
8163234,73,24,139,2010,0.0,15072.0,-1.122906,-0.840777,ETH,BHR,40
8163235,73,24,139,2011,0.0,16857.0,-1.258175,-0.920692,ETH,BHR,40
8163236,73,24,139,2012,3083.0,0.0,-1.134031,-0.991977,ETH,BHR,40
8163237,73,24,139,2019,0.0,45628.0,-1.073631,-0.617885,ETH,BHR,40
8163238,73,24,139,2016,0.0,864.0,-1.006161,-0.756472,ETH,BHR,40
8163239,73,24,139,2017,0.0,35548.0,-1.007413,-0.638231,ETH,BHR,40
8163240,73,24,139,2014,0.0,336597.0,-1.296535,-1.045942,ETH,BHR,40
8163241,73,24,139,2015,0.0,135022.0,-1.004896,-0.721019,ETH,BHR,40
8163242,73,24,139,2020,0.0,24698.0,-0.952033,-0.707262,ETH,BHR,40
8163243,74,24,139,2011,10510.0,0.0,1.7488830000000002,0.890934,FIN,BHR,40
8163244,74,24,139,2012,5513.0,0.0,1.58219,0.939001,FIN,BHR,40
8163245,74,24,139,2005,38656.0,0.0,1.8661240000000001,0.932386,FIN,BHR,40
8163246,74,24,139,1995,2486.0,0.0,2.0085740000000003,1.126816,FIN,BHR,40
8163247,74,24,139,1997,35281.0,0.0,1.9298959999999998,1.083861,FIN,BHR,40
8163248,74,24,139,2001,2942.0,0.0,2.069141,0.9375180000000001,FIN,BHR,40
8163249,74,24,139,2006,6858.0,0.0,1.864038,0.8193940000000001,FIN,BHR,40
8163250,74,24,139,2010,39040.0,0.0,1.745464,0.897992,FIN,BHR,40
8163251,74,24,139,2014,46566.0,0.0,1.626355,1.002923,FIN,BHR,40
8163252,74,24,139,2007,186799.0,0.0,1.865502,0.7737729999999999,FIN,BHR,40
8163253,74,24,139,2009,9729.0,0.0,1.8206849999999999,0.797421,FIN,BHR,40
8163254,74,24,139,2008,10644.0,8450.0,1.767859,0.846409,FIN,BHR,40
8163255,74,24,139,2013,205475.0,0.0,1.734552,0.8896940000000001,FIN,BHR,40
8163256,74,24,139,2017,6420.0,0.0,1.655957,0.962485,FIN,BHR,40
8163257,74,24,139,2018,46972.0,0.0,1.61151,0.9474549999999999,FIN,BHR,40
8163258,74,24,139,2019,12436.0,0.0,1.495278,1.034435,FIN,BHR,40
8163259,74,24,139,2020,1442.0,0.0,1.498089,1.066223,FIN,BHR,40
8163260,74,24,139,2015,5206.0,0.0,1.597817,0.998059,FIN,BHR,40
8163261,74,24,139,2016,9073.0,0.0,1.581968,1.006432,FIN,BHR,40
8163262,74,24,139,2003,1822.0,0.0,2.077889,0.942501,FIN,BHR,40
8163263,77,24,139,2002,278344.0,0.0,1.569367,0.9886360000000001,FRA,BHR,40
8163264,77,24,139,2003,943914.0,0.0,1.606606,0.7394149999999999,FRA,BHR,40
8163265,77,24,139,2005,1228045.0,0.0,1.505148,0.594409,FRA,BHR,40
8163266,77,24,139,2011,2482153.0,398783.0,1.532054,0.09339299999999999,FRA,BHR,40
8163267,77,24,139,2012,3688548.0,1105482.0,1.425025,0.27534899999999995,FRA,BHR,40
8163268,77,24,139,2013,2658527.0,939494.0,1.520354,0.022874000000000002,FRA,BHR,40
8163269,77,24,139,2014,2311742.0,2078643.0,1.4817790000000002,0.30995,FRA,BHR,40
8163270,77,24,139,2017,1476797.0,2530028.0,1.398427,0.894732,FRA,BHR,40
8163271,77,24,139,1995,358233.0,0.0,1.768484,0.765537,FRA,BHR,40
8163272,77,24,139,1996,1657255.0,0.0,1.69082,0.721312,FRA,BHR,40
8163273,77,24,139,1997,149373.0,0.0,1.69504,0.8278549999999999,FRA,BHR,40
8163274,77,24,139,1998,375833.0,0.0,1.707702,0.7784270000000001,FRA,BHR,40
8163275,77,24,139,1999,79384.0,0.0,1.72758,0.6619079999999999,FRA,BHR,40
8163276,77,24,139,2000,443880.0,0.0,1.674971,0.47538100000000005,FRA,BHR,40
8163277,77,24,139,2001,416487.0,0.0,1.653507,0.797582,FRA,BHR,40
8163278,77,24,139,2004,865771.0,5618.0,1.6003530000000001,0.643945,FRA,BHR,40
8163279,77,24,139,2006,539676.0,334436.0,1.47591,0.489466,FRA,BHR,40
8163280,77,24,139,2007,1848179.0,161424.0,1.4565350000000001,0.262845,FRA,BHR,40
8163281,77,24,139,2008,2136774.0,148711.0,1.487702,-0.223965,FRA,BHR,40
8163282,77,24,139,2009,1958896.0,343093.0,1.540346,0.090377,FRA,BHR,40
8163283,77,24,139,2010,2099088.0,412624.0,1.530027,-0.052557000000000006,FRA,BHR,40
8163284,77,24,139,2015,2168130.0,2066750.0,1.479792,0.6490239999999999,FRA,BHR,40
8163285,77,24,139,2016,1482096.0,1436138.0,1.476437,0.911746,FRA,BHR,40
8163286,77,24,139,2019,2293388.0,2216132.0,1.380982,0.9510629999999999,FRA,BHR,40
8163287,77,24,139,2018,1692934.0,2065305.0,1.420819,0.7793770000000001,FRA,BHR,40
8163288,77,24,139,2020,2124240.0,247626.0,1.341275,0.8991870000000001,FRA,BHR,40
8163289,81,24,139,2000,1231483.0,11639.0,1.957339,0.610052,GBR,BHR,40
8163290,81,24,139,2001,948727.0,132748.0,1.976894,0.685435,GBR,BHR,40
8163291,81,24,139,2003,1168533.0,0.0,1.8712540000000002,0.706205,GBR,BHR,40
8163292,81,24,139,2004,922978.0,135686.0,1.843506,0.684779,GBR,BHR,40
8163293,81,24,139,2005,1123854.0,0.0,1.805023,0.425654,GBR,BHR,40
8163294,81,24,139,2006,1354501.0,16291.0,1.824154,0.614424,GBR,BHR,40
8163295,81,24,139,2007,1798588.0,30336.0,1.718661,0.35525300000000004,GBR,BHR,40
8163296,81,24,139,2008,1829427.0,36127.0,1.7586119999999998,0.061214,GBR,BHR,40
8163297,81,24,139,2009,1571192.0,39312.0,1.7921779999999998,0.41211499999999995,GBR,BHR,40
8163298,81,24,139,2010,1376014.0,1825.0,1.828224,0.386383,GBR,BHR,40
8163299,81,24,139,2011,1821342.0,278867.0,1.8048220000000001,0.380141,GBR,BHR,40
8163300,81,24,139,2012,1651231.0,48415.0,1.701279,0.518166,GBR,BHR,40
8163301,81,24,139,2013,1807472.0,16125.0,1.7901259999999999,0.44164,GBR,BHR,40
8163302,81,24,139,2014,2803353.0,19864.0,1.697964,0.585372,GBR,BHR,40
8163303,81,24,139,2015,1768898.0,1138349.0,1.7422990000000003,0.75838,GBR,BHR,40
8163304,81,24,139,2016,1214135.0,1329170.0,1.6974669999999998,0.9231299999999999,GBR,BHR,40
8163305,81,24,139,2017,1922271.0,569355.0,1.6883119999999998,0.8347469999999999,GBR,BHR,40
8163306,81,24,139,2018,1592423.0,233689.0,1.693008,0.768159,GBR,BHR,40
8163307,81,24,139,2019,1552250.0,42962.0,1.731106,0.717566,GBR,BHR,40
8163308,81,24,139,1995,1181475.0,38263.0,1.8656979999999999,1.107121,GBR,BHR,40
8163309,81,24,139,1996,696474.0,2925.0,1.850284,0.883084,GBR,BHR,40
8163310,81,24,139,1997,1228369.0,53583.0,1.886353,0.783832,GBR,BHR,40
8163311,81,24,139,1998,2322954.0,4857.0,1.906738,0.489101,GBR,BHR,40
8163312,81,24,139,1999,842328.0,1197.0,1.9523830000000002,0.771455,GBR,BHR,40
8163313,81,24,139,2002,817497.0,85196.0,1.893177,0.831382,GBR,BHR,40
8163314,81,24,139,2020,1809486.0,2855.0,1.6459,0.7702640000000001,GBR,BHR,40
8163315,82,24,139,2017,11234.0,0.0,-0.241749,-0.374727,GEO,BHR,40
8163316,82,24,139,2014,3895.0,0.0,-0.254106,-0.646584,GEO,BHR,40
8163317,82,24,139,2018,1582.0,0.0,-0.049871,-0.28439899999999996,GEO,BHR,40
8163318,83,24,139,2001,0.0,2019.0,-0.961067,-0.780449,GHA,BHR,40
8163319,83,24,139,2003,0.0,1164.0,-1.074188,-0.7127319999999999,GHA,BHR,40
8163320,83,24,139,2018,0.0,30213.0,-0.956109,-0.861556,GHA,BHR,40
8163321,83,24,139,2019,0.0,23526.0,-0.9581,-0.8727879999999999,GHA,BHR,40
8163322,83,24,139,2005,0.0,6768.0,-1.031092,-0.820743,GHA,BHR,40
8163323,83,24,139,2009,0.0,7359.0,-0.909436,-0.6619470000000001,GHA,BHR,40
8163324,90,24,139,2002,2739.0,13241.0,0.31858000000000003,1.47417,GRC,BHR,40
8163325,90,24,139,1997,24424.0,0.0,0.229516,1.085225,GRC,BHR,40
8163326,90,24,139,2001,0.0,31401.0,0.31387600000000004,1.3614600000000001,GRC,BHR,40
8163327,90,24,139,2006,1007.0,0.0,0.261955,1.488958,GRC,BHR,40
8163328,90,24,139,2007,2136.0,0.0,0.348709,1.674567,GRC,BHR,40
8163329,90,24,139,2008,46836.0,0.0,0.33272399999999996,1.758188,GRC,BHR,40
8163330,90,24,139,2009,90506.0,0.0,0.2196,1.63301,GRC,BHR,40
8163331,90,24,139,2012,37772.0,0.0,0.20949600000000002,1.086158,GRC,BHR,40
8163332,90,24,139,2013,12901.0,0.0,0.18823800000000002,0.910906,GRC,BHR,40
8163333,90,24,139,2014,1211.0,7296.0,0.149337,0.8560540000000001,GRC,BHR,40
8163334,90,24,139,2018,29076.0,0.0,0.059539999999999996,1.0321879999999999,GRC,BHR,40
8163335,90,24,139,2019,16165.0,23605.0,0.08904400000000001,1.059396,GRC,BHR,40
8163336,90,24,139,2004,13668.0,0.0,0.348853,1.661656,GRC,BHR,40
8163337,90,24,139,2017,2742.0,0.0,0.154098,1.151038,GRC,BHR,40
8163338,90,24,139,2016,13370.0,0.0,0.12153499999999999,1.126101,GRC,BHR,40
8163339,90,24,139,2015,5851.0,0.0,0.099027,1.012289,GRC,BHR,40
8163340,90,24,139,2020,23457.0,0.0,0.199011,1.087811,GRC,BHR,40
8163341,90,24,139,1995,15017.0,0.0,0.17369,0.885756,GRC,BHR,40
8163342,92,24,139,2014,3084.0,0.0,-1.168495,-0.93096,GRL,BHR,40
8163343,93,24,139,2009,1256.0,0.0,-0.33276999999999995,0.551257,GTM,BHR,40
8163344,97,24,139,1995,8792.0,0.0,0.5244449999999999,2.682738,HKG,BHR,40
8163345,97,24,139,1996,3947.0,0.0,0.54364,2.727659,HKG,BHR,40
8163346,97,24,139,1997,5501.0,0.0,0.521942,2.578405,HKG,BHR,40
8163347,97,24,139,2000,118824.0,0.0,0.416202,2.4793950000000002,HKG,BHR,40
8163348,97,24,139,2001,65248.0,0.0,0.521528,2.3025,HKG,BHR,40
8163349,97,24,139,2002,63314.0,0.0,0.5701109999999999,1.989357,HKG,BHR,40
8163350,97,24,139,2003,23983.0,0.0,0.494569,2.147062,HKG,BHR,40
8163351,97,24,139,2004,41837.0,0.0,0.604825,2.098745,HKG,BHR,40
8163352,97,24,139,2011,43543.0,0.0,0.663588,1.902118,HKG,BHR,40
8163353,97,24,139,2013,9466.0,48919.0,0.744383,1.923139,HKG,BHR,40
8163354,97,24,139,2014,58159.0,16921.0,0.812132,1.722493,HKG,BHR,40
8163355,97,24,139,2015,3506.0,0.0,0.8255290000000001,1.8017279999999998,HKG,BHR,40
8163356,97,24,139,2016,11149.0,16354.0,0.8029029999999999,1.477249,HKG,BHR,40
8163357,97,24,139,2017,17313.0,54645.0,0.824982,1.7162220000000001,HKG,BHR,40
8163358,97,24,139,2018,2475.0,146218.0,0.843677,1.656073,HKG,BHR,40
8163359,97,24,139,2019,25359.0,432209.0,0.992556,1.523004,HKG,BHR,40
8163360,97,24,139,2009,46892.0,0.0,0.654964,1.98672,HKG,BHR,40
8163361,97,24,139,2005,32866.0,0.0,0.5862149999999999,2.0303459999999998,HKG,BHR,40
8163362,97,24,139,2006,32442.0,4604.0,0.5776319999999999,2.076782,HKG,BHR,40
8163363,97,24,139,2012,27952.0,29555.0,0.8124979999999999,1.677497,HKG,BHR,40
8163364,97,24,139,2010,34638.0,7429.0,0.715745,1.9780259999999998,HKG,BHR,40
8163365,97,24,139,2020,13652.0,0.0,1.070483,1.183618,HKG,BHR,40
8163366,97,24,139,2008,13933.0,2341.0,0.74435,2.149616,HKG,BHR,40
8163367,97,24,139,2007,15156.0,0.0,0.639034,2.1086009999999997,HKG,BHR,40
8163368,99,24,139,2013,2546.0,0.0,-0.731431,-0.310927,HND,BHR,40
8163369,100,24,139,2005,4019.0,0.0,0.687937,1.059269,HRV,BHR,40
8163370,100,24,139,2020,7294.0,0.0,0.876001,1.250877,HRV,BHR,40
8163371,100,24,139,2013,2084.0,0.0,0.898284,1.038807,HRV,BHR,40
8163372,100,24,139,2018,5000.0,0.0,0.7923720000000001,1.4047209999999999,HRV,BHR,40
8163373,100,24,139,2019,23519.0,0.0,0.850527,1.280845,HRV,BHR,40
8163374,100,24,139,2016,2868.0,0.0,0.8695200000000001,1.214791,HRV,BHR,40
8163375,102,24,139,2020,225248.0,0.0,1.393152,0.878916,HUN,BHR,40
8163376,102,24,139,2009,8245.0,0.0,1.397765,0.772375,HUN,BHR,40
8163377,102,24,139,2016,244947.0,0.0,1.445281,0.8422209999999999,HUN,BHR,40
8163378,102,24,139,2018,434081.0,0.0,1.519662,0.833092,HUN,BHR,40
8163379,102,24,139,2019,840490.0,0.0,1.462102,0.809183,HUN,BHR,40
8163380,102,24,139,2017,137979.0,0.0,1.4886270000000001,0.845986,HUN,BHR,40
8163381,102,24,139,2013,355444.0,0.0,1.506101,0.7279220000000001,HUN,BHR,40
8163382,102,24,139,2014,285526.0,0.0,1.477093,0.812869,HUN,BHR,40
8163383,102,24,139,2015,266203.0,0.0,1.462839,0.803258,HUN,BHR,40
8163384,102,24,139,2008,35277.0,0.0,1.3358299999999999,0.8177770000000001,HUN,BHR,40
8163385,102,24,139,2007,16238.0,0.0,1.4887709999999998,0.78372,HUN,BHR,40
8163386,102,24,139,2010,4280.0,0.0,1.514225,0.740341,HUN,BHR,40
8163387,102,24,139,2011,321735.0,0.0,1.486592,0.805642,HUN,BHR,40
8163388,102,24,139,2012,220231.0,0.0,1.396648,0.759196,HUN,BHR,40
8163389,102,24,139,2004,3932.0,0.0,1.207082,1.019714,HUN,BHR,40
8163390,102,24,139,2005,1902.0,0.0,1.3558,0.876179,HUN,BHR,40
8163391,102,24,139,1998,29000.0,0.0,0.780392,1.450701,HUN,BHR,40
8163392,102,24,139,2000,19890.0,1001.0,1.045661,1.198236,HUN,BHR,40
8163393,102,24,139,2006,12427.0,0.0,1.4034309999999999,0.835144,HUN,BHR,40
8163394,102,24,139,2001,7105.0,0.0,1.102262,1.138016,HUN,BHR,40
8163395,103,24,139,2000,318597.0,0.0,-0.125831,1.7116360000000002,IDN,BHR,40
8163396,103,24,139,2019,513984.0,0.0,-0.141811,1.385726,IDN,BHR,40
8163397,103,24,139,2020,244699.0,0.0,-0.16761700000000002,1.571009,IDN,BHR,40
8163398,103,24,139,2004,481123.0,0.0,-0.223644,1.719065,IDN,BHR,40
8163399,103,24,139,2005,470165.0,0.0,-0.273208,1.5252379999999999,IDN,BHR,40
8163400,103,24,139,2010,796231.0,0.0,-0.30878099999999997,1.07069,IDN,BHR,40
8163401,103,24,139,2015,534076.0,0.0,-0.145103,1.277362,IDN,BHR,40
8163402,103,24,139,2006,500030.0,0.0,-0.21012399999999998,1.467838,IDN,BHR,40
8163403,103,24,139,2003,293726.0,0.0,-0.16802,1.7252990000000001,IDN,BHR,40
8163404,103,24,139,2017,667692.0,0.0,-0.23641700000000002,1.188173,IDN,BHR,40
8163405,103,24,139,2014,607539.0,0.0,-0.088032,1.3966459999999998,IDN,BHR,40
8163406,103,24,139,2009,428750.0,0.0,-0.253835,1.260101,IDN,BHR,40
8163407,103,24,139,2012,566513.0,0.0,-0.142318,1.281781,IDN,BHR,40
8163408,103,24,139,2013,541594.0,1531.0,-0.216854,1.415728,IDN,BHR,40
8163409,103,24,139,2016,534630.0,0.0,-0.158496,1.492067,IDN,BHR,40
8163410,103,24,139,2018,592512.0,0.0,-0.10130499999999999,1.2414209999999999,IDN,BHR,40
8163411,103,24,139,2008,557816.0,19795.0,-0.11154000000000001,1.4879850000000001,IDN,BHR,40
8163412,103,24,139,2001,433858.0,0.0,-0.167771,1.6587889999999998,IDN,BHR,40
8163413,103,24,139,2002,444184.0,0.0,-0.10020499999999999,1.590314,IDN,BHR,40
8163414,103,24,139,2007,935451.0,0.0,-0.192415,1.497962,IDN,BHR,40
8163415,103,24,139,2011,601411.0,0.0,-0.234125,1.168384,IDN,BHR,40
8163416,103,24,139,1997,482110.0,0.0,-0.44080699999999995,1.220104,IDN,BHR,40
8163417,103,24,139,1998,602868.0,0.0,-0.478253,1.350652,IDN,BHR,40
8163418,103,24,139,1999,577004.0,0.0,-0.20447,1.568505,IDN,BHR,40
8163419,103,24,139,1995,557862.0,0.0,-0.391727,1.174727,IDN,BHR,40
8163420,103,24,139,1996,613553.0,0.0,-0.43199899999999997,1.22074,IDN,BHR,40
8163421,104,24,139,2004,1362835.0,8810.0,0.233348,2.790987,IND,BHR,40
8163422,104,24,139,2009,1832861.0,273882.0,0.209867,2.254003,IND,BHR,40
8163423,104,24,139,2015,2666566.0,24259.0,0.24230900000000002,2.8190880000000003,IND,BHR,40
8163424,104,24,139,2017,3886943.0,99630.0,0.290576,2.726391,IND,BHR,40
8163425,104,24,139,2018,3468084.0,54686.0,0.526015,2.448112,IND,BHR,40
8163426,104,24,139,2019,4358608.0,165629.0,0.43196,2.661139,IND,BHR,40
8163427,104,24,139,2020,5383376.0,152062.0,0.464674,2.838779,IND,BHR,40
8163428,104,24,139,2013,3410443.0,23276.0,0.215356,2.3916209999999998,IND,BHR,40
8163429,104,24,139,2014,3076603.0,6450.0,0.262042,2.6305080000000003,IND,BHR,40
8163430,104,24,139,2011,2369271.0,249060.0,0.18276199999999998,2.398765,IND,BHR,40
8163431,104,24,139,2012,4316228.0,523783.0,0.229996,2.4815110000000002,IND,BHR,40
8163432,104,24,139,2016,2561706.0,20464.0,0.30976,2.61043,IND,BHR,40
8163433,104,24,139,2007,2010317.0,10260.0,0.279475,2.7514939999999997,IND,BHR,40
8163434,104,24,139,2008,3132294.0,105950.0,0.26694,2.926023,IND,BHR,40
8163435,104,24,139,2003,1119131.0,1228.0,0.33014099999999996,2.836003,IND,BHR,40
8163436,104,24,139,2005,2293972.0,86616.0,0.212108,2.817413,IND,BHR,40
8163437,104,24,139,2006,1467096.0,14397.0,0.285652,2.731318,IND,BHR,40
8163438,104,24,139,2010,2450031.0,82145.0,0.14485599999999998,2.408913,IND,BHR,40
8163439,104,24,139,2000,919676.0,78246.0,0.3961,2.553408,IND,BHR,40
8163440,104,24,139,2002,1067960.0,2620.0,0.380867,2.608955,IND,BHR,40
8163441,104,24,139,2001,761260.0,10391.0,0.349744,2.665844,IND,BHR,40
8163442,104,24,139,1997,753690.0,0.0,0.262571,2.31305,IND,BHR,40
8163443,104,24,139,1996,977359.0,12494.0,0.20685599999999998,2.317622,IND,BHR,40
8163444,104,24,139,1998,922094.0,0.0,0.274308,2.316908,IND,BHR,40
8163445,104,24,139,1999,963552.0,104419.0,0.29945900000000003,2.438702,IND,BHR,40
8163446,104,24,139,1995,1048823.0,0.0,0.156183,1.9617380000000002,IND,BHR,40
8163447,106,24,139,1998,7546.0,0.0,1.451067,0.654442,IRL,BHR,40
8163448,106,24,139,1996,8924.0,0.0,1.386011,0.9232100000000001,IRL,BHR,40
8163449,106,24,139,1999,1460.0,0.0,1.599613,0.37233299999999997,IRL,BHR,40
8163450,106,24,139,2002,9636.0,7768.0,1.7232880000000002,0.091172,IRL,BHR,40
8163451,106,24,139,2004,4908.0,0.0,1.501859,0.14456,IRL,BHR,40
8163452,106,24,139,2005,30923.0,0.0,1.536605,0.189781,IRL,BHR,40
8163453,106,24,139,2019,77106.0,0.0,1.3812389999999999,-0.025366,IRL,BHR,40
8163454,106,24,139,2000,15286.0,0.0,1.546001,0.342854,IRL,BHR,40
8163455,106,24,139,2003,6103.0,0.0,1.6396130000000002,0.220599,IRL,BHR,40
8163456,106,24,139,2006,15079.0,0.0,1.43804,0.06463200000000001,IRL,BHR,40
8163457,106,24,139,2007,12952.0,0.0,1.353146,0.122832,IRL,BHR,40
8163458,106,24,139,2008,29208.0,0.0,1.693858,0.221425,IRL,BHR,40
8163459,106,24,139,2011,20276.0,0.0,1.403182,0.290245,IRL,BHR,40
8163460,106,24,139,2016,31638.0,0.0,1.445238,0.07659400000000001,IRL,BHR,40
8163461,106,24,139,2017,43760.0,0.0,1.363544,0.169211,IRL,BHR,40
8163462,106,24,139,2020,4258.0,0.0,1.337791,-0.20829699999999998,IRL,BHR,40
8163463,106,24,139,2018,96825.0,0.0,1.262419,0.013576,IRL,BHR,40
8163464,106,24,139,2014,63189.0,0.0,1.2658399999999999,0.278546,IRL,BHR,40
8163465,106,24,139,2009,8455.0,0.0,1.627233,0.020024,IRL,BHR,40
8163466,106,24,139,2010,15959.0,0.0,1.371357,0.168795,IRL,BHR,40
8163467,106,24,139,2012,13502.0,0.0,1.229702,0.12683599999999998,IRL,BHR,40
8163468,106,24,139,2015,32953.0,0.0,1.304942,0.126431,IRL,BHR,40
8163469,106,24,139,2001,7221.0,0.0,1.664233,0.129983,IRL,BHR,40
8163470,106,24,139,2013,68441.0,682.0,1.29988,0.240688,IRL,BHR,40
8163471,107,24,139,2000,1014928.0,0.0,-0.555558,-0.910523,IRN,BHR,40
8163472,107,24,139,2001,826215.0,0.0,-0.7732479999999999,-0.8979370000000001,IRN,BHR,40
8163473,107,24,139,2002,64893.0,14579.0,-0.5707840000000001,-0.705612,IRN,BHR,40
8163474,107,24,139,2010,6652.0,261428.0,-0.609874,-0.744733,IRN,BHR,40
8163475,107,24,139,2016,2835.0,0.0,-0.407368,-0.23482399999999998,IRN,BHR,40
8163476,107,24,139,2003,1269.0,0.0,-0.552146,-0.8668520000000001,IRN,BHR,40
8163477,107,24,139,2004,5302.0,0.0,-0.38210700000000003,-0.8408620000000001,IRN,BHR,40
8163478,107,24,139,2006,0.0,141744.0,-0.391023,-0.767861,IRN,BHR,40
8163479,107,24,139,2011,0.0,123951.0,-0.915379,-0.973194,IRN,BHR,40
8163480,107,24,139,2013,0.0,219502.0,-0.339172,-0.237114,IRN,BHR,40
8163481,107,24,139,2014,0.0,411856.0,-0.361058,-0.312743,IRN,BHR,40
8163482,107,24,139,2015,5992.0,0.0,-0.258946,-0.0073420000000000004,IRN,BHR,40
8163483,107,24,139,2017,0.0,60582.0,-0.361292,-0.361813,IRN,BHR,40
8163484,107,24,139,2018,0.0,129953.0,-0.389954,-0.258156,IRN,BHR,40
8163485,107,24,139,2019,1077.0,0.0,-0.386813,-0.467873,IRN,BHR,40
8163486,107,24,139,1999,122369.0,33013.0,-0.9366620000000001,-1.147602,IRN,BHR,40
8163487,107,24,139,2008,3290.0,417162.0,-0.9776469999999999,-1.054475,IRN,BHR,40
8163488,107,24,139,2009,2134.0,252255.0,-1.185702,-1.1049360000000001,IRN,BHR,40
8163489,107,24,139,1997,9348.0,0.0,-0.503841,-0.9984059999999999,IRN,BHR,40
8163490,107,24,139,1998,75907.0,0.0,-0.6626029999999999,-1.0408959999999998,IRN,BHR,40
8163491,107,24,139,2012,2653.0,148287.0,-0.963881,-0.928644,IRN,BHR,40
8163492,107,24,139,2007,0.0,289398.0,-0.797659,-1.048892,IRN,BHR,40
8163493,108,24,139,2008,0.0,3311405.0,-1.6604189999999999,-0.886959,IRQ,BHR,40
8163494,108,24,139,2009,0.0,4022032.0,-1.1683270000000001,-0.9517459999999999,IRQ,BHR,40
8163495,108,24,139,2011,0.0,897003.0,-2.175137,-0.726975,IRQ,BHR,40
8163496,108,24,139,2010,0.0,767221.0,-2.1439150000000002,-0.913227,IRQ,BHR,40
8163497,108,24,139,2016,0.0,160510.0,-2.2400029999999997,-1.017174,IRQ,BHR,40
8163498,108,24,139,2019,0.0,37139.0,-1.593359,-0.9927860000000001,IRQ,BHR,40
8163499,108,24,139,2015,0.0,424459.0,-1.465803,-0.912113,IRQ,BHR,40
8163500,108,24,139,2007,0.0,852355.0,-1.961053,-0.8849969999999999,IRQ,BHR,40
8163501,108,24,139,2013,0.0,1214049.0,-2.839079,-0.8705440000000001,IRQ,BHR,40
8163502,108,24,139,2012,0.0,838333.0,-2.7534509999999996,-0.812277,IRQ,BHR,40
8163503,108,24,139,2017,0.0,48657.0,-1.515339,-0.9462950000000001,IRQ,BHR,40
8163504,109,24,139,2007,3849.0,0.0,0.172786,-0.380266,ISL,BHR,40
8163505,109,24,139,2006,5259.0,0.0,0.170234,-0.302203,ISL,BHR,40
8163506,109,24,139,2005,5218.0,0.0,0.060955999999999996,-0.410998,ISL,BHR,40
8163507,111,24,139,2003,507706.0,0.0,1.399734,1.044608,ITA,BHR,40
8163508,111,24,139,2006,1346814.0,265133.0,1.293779,0.93995,ITA,BHR,40
8163509,111,24,139,2007,1043732.0,0.0,1.3003559999999998,0.705448,ITA,BHR,40
8163510,111,24,139,2008,2054984.0,270323.0,1.308777,0.361523,ITA,BHR,40
8163511,111,24,139,2009,1114386.0,207774.0,1.289,0.64549,ITA,BHR,40
8163512,111,24,139,2010,1026082.0,207164.0,1.272385,0.545721,ITA,BHR,40
8163513,111,24,139,2011,1528850.0,60266.0,1.298751,0.48013599999999995,ITA,BHR,40
8163514,111,24,139,2012,1276138.0,3534.0,1.297611,0.28585900000000003,ITA,BHR,40
8163515,111,24,139,2013,990386.0,2405.0,1.289924,0.533436,ITA,BHR,40
8163516,111,24,139,2014,975140.0,16316.0,1.340136,0.43931099999999995,ITA,BHR,40
8163517,111,24,139,2015,933306.0,166068.0,1.321127,0.747046,ITA,BHR,40
8163518,111,24,139,2016,725317.0,323453.0,1.339307,0.8549209999999999,ITA,BHR,40
8163519,111,24,139,2017,920295.0,98228.0,1.34395,0.577693,ITA,BHR,40
8163520,111,24,139,2018,1398942.0,150893.0,1.3602530000000002,0.453607,ITA,BHR,40
8163521,111,24,139,2019,811368.0,39449.0,1.25898,0.926639,ITA,BHR,40
8163522,111,24,139,2020,1510182.0,0.0,1.299017,0.701797,ITA,BHR,40
8163523,111,24,139,1995,325202.0,76444.0,1.503379,1.449094,ITA,BHR,40
8163524,111,24,139,1996,207928.0,20832.0,1.4674690000000001,1.263362,ITA,BHR,40
8163525,111,24,139,1997,221671.0,0.0,1.4860389999999999,1.235674,ITA,BHR,40
8163526,111,24,139,1998,176884.0,0.0,1.4532209999999999,1.191124,ITA,BHR,40
8163527,111,24,139,2005,527808.0,0.0,1.295883,1.032218,ITA,BHR,40
8163528,111,24,139,2000,988821.0,3001.0,1.421124,1.112321,ITA,BHR,40
8163529,111,24,139,2001,272437.0,0.0,1.389926,1.282143,ITA,BHR,40
8163530,111,24,139,2002,510669.0,0.0,1.377604,1.2470510000000001,ITA,BHR,40
8163531,111,24,139,2004,871865.0,0.0,1.358057,1.11533,ITA,BHR,40
8163532,111,24,139,1999,147717.0,19539.0,1.395253,1.3589790000000002,ITA,BHR,40
8163533,112,24,139,2010,90538.0,0.0,0.041471,-0.367177,JAM,BHR,40
8163534,113,24,139,2015,7870.0,0.0,0.121172,0.457301,JOR,BHR,40
8163535,113,24,139,2017,1098.0,1110.0,0.020035,0.295415,JOR,BHR,40
8163536,113,24,139,2018,0.0,2162.0,-0.086895,0.283829,JOR,BHR,40
8163537,113,24,139,2019,3155.0,145679.0,-0.003529,0.255816,JOR,BHR,40
8163538,113,24,139,2020,0.0,96562.0,-0.060384,0.139902,JOR,BHR,40
8163539,113,24,139,2012,0.0,9435.0,0.24909099999999998,0.489624,JOR,BHR,40
8163540,113,24,139,2014,0.0,962.0,0.210208,0.48732299999999995,JOR,BHR,40
8163541,113,24,139,2013,0.0,4764.0,0.152659,0.5889979999999999,JOR,BHR,40
8163542,113,24,139,2004,19314.0,8662.0,0.152989,0.385845,JOR,BHR,40
8163543,113,24,139,1999,6045.0,0.0,0.475995,0.514447,JOR,BHR,40
8163544,113,24,139,2001,12214.0,946.0,0.375134,0.581558,JOR,BHR,40
8163545,113,24,139,2002,4861.0,1576.0,0.24197600000000002,0.196635,JOR,BHR,40
8163546,113,24,139,2005,1169.0,9864.0,0.21925799999999998,0.371165,JOR,BHR,40
8163547,113,24,139,2003,1106.0,2686.0,0.12295,0.377031,JOR,BHR,40
8163548,113,24,139,2006,7070.0,10577.0,0.166718,0.331248,JOR,BHR,40
8163549,113,24,139,2009,2397.0,0.0,0.21374899999999997,0.423774,JOR,BHR,40
8163550,113,24,139,2010,6464.0,0.0,0.251702,0.522758,JOR,BHR,40
8163551,113,24,139,2011,7251.0,0.0,0.231605,0.47049399999999997,JOR,BHR,40
8163552,114,24,139,2009,10562623.0,68468.0,2.306791,-0.251712,JPN,BHR,40
8163553,114,24,139,2010,9511415.0,85725.0,2.459723,-0.279387,JPN,BHR,40
8163554,114,24,139,2011,15427866.0,24270.0,2.516395,-0.534301,JPN,BHR,40
8163555,114,24,139,2012,15877956.0,0.0,2.359022,-0.553565,JPN,BHR,40
8163556,114,24,139,2005,4948462.0,26395.0,2.392106,0.278652,JPN,BHR,40
8163557,114,24,139,2016,8308450.0,0.0,2.574025,-0.34859,JPN,BHR,40
8163558,114,24,139,2014,13342769.0,0.0,2.403165,-0.635024,JPN,BHR,40
8163559,114,24,139,2015,11047329.0,14911.0,2.516133,-0.484202,JPN,BHR,40
8163560,114,24,139,2017,11380701.0,16919.0,2.4510419999999997,-0.277357,JPN,BHR,40
8163561,114,24,139,2018,9354140.0,16098.0,2.514533,-0.416074,JPN,BHR,40
8163562,114,24,139,2020,9867303.0,0.0,2.405659,-0.38169000000000003,JPN,BHR,40
8163563,114,24,139,2019,9582941.0,0.0,2.4931509999999997,-0.558811,JPN,BHR,40
8163564,114,24,139,2000,2536434.0,9847.0,2.579611,0.464875,JPN,BHR,40
8163565,114,24,139,2001,1996701.0,17440.0,2.585857,0.522663,JPN,BHR,40
8163566,114,24,139,2002,2604164.0,22722.0,2.556057,0.497673,JPN,BHR,40
8163567,114,24,139,2003,2724791.0,7420.0,2.4686630000000003,0.48072600000000004,JPN,BHR,40
8163568,114,24,139,2004,2903766.0,13666.0,2.526624,0.452054,JPN,BHR,40
8163569,114,24,139,2006,5951723.0,21862.0,2.4348099999999997,0.082887,JPN,BHR,40
8163570,114,24,139,2007,7950139.0,0.0,2.313259,0.186703,JPN,BHR,40
8163571,114,24,139,2008,17490446.0,49268.0,2.285056,0.036255,JPN,BHR,40
8163572,114,24,139,1998,5589982.0,29668.0,2.550442,0.718063,JPN,BHR,40
8163573,114,24,139,1995,7190525.0,20262.0,2.56822,0.927307,JPN,BHR,40
8163574,114,24,139,1996,9878796.0,37977.0,2.615364,0.5656939999999999,JPN,BHR,40
8163575,114,24,139,1997,7662522.0,39297.0,2.631846,0.553144,JPN,BHR,40
8163576,114,24,139,1999,2501770.0,43276.0,2.541382,0.693702,JPN,BHR,40
8163577,114,24,139,2013,15316446.0,0.0,2.3993130000000003,-0.564768,JPN,BHR,40
8163578,115,24,139,2018,1505.0,0.0,-0.483862,-0.667417,KAZ,BHR,40
8163579,115,24,139,2019,7830.0,0.0,-0.26529400000000003,-0.523479,KAZ,BHR,40
8163580,115,24,139,2006,0.0,5050.0,0.038229,-0.579421,KAZ,BHR,40
8163581,116,24,139,2018,0.0,956973.0,-0.32707800000000004,0.71009,KEN,BHR,40
8163582,116,24,139,2019,3783.0,817904.0,-0.406684,0.8588969999999999,KEN,BHR,40
8163583,116,24,139,2010,0.0,2198.0,-0.387187,1.010443,KEN,BHR,40
8163584,116,24,139,2004,0.0,18948.0,-0.503694,0.410495,KEN,BHR,40
8163585,116,24,139,2005,0.0,5265.0,-0.507389,0.769896,KEN,BHR,40
8163586,116,24,139,2006,0.0,23203.0,-0.38287899999999997,1.060286,KEN,BHR,40
8163587,116,24,139,2015,0.0,148215.0,-0.453564,0.433325,KEN,BHR,40
8163588,116,24,139,2007,0.0,11815.0,-0.44365299999999996,0.858692,KEN,BHR,40
8163589,116,24,139,2009,0.0,33126.0,-0.26477399999999995,0.932587,KEN,BHR,40
8163590,116,24,139,2013,0.0,5783.0,-0.448112,0.8672719999999999,KEN,BHR,40
8163591,116,24,139,2016,52372.0,12416.0,-0.535616,0.520101,KEN,BHR,40
8163592,116,24,139,2001,0.0,11459.0,-0.529388,0.092271,KEN,BHR,40
8163593,116,24,139,2011,0.0,204704.0,-0.48319300000000004,0.346927,KEN,BHR,40
8163594,116,24,139,2017,0.0,7614.0,-0.579541,0.511926,KEN,BHR,40
8163595,116,24,139,2014,39661.0,0.0,-0.487058,0.307288,KEN,BHR,40
8163596,116,24,139,1997,0.0,18904.0,-0.399028,0.196115,KEN,BHR,40
8163597,116,24,139,2012,0.0,91976.0,-0.35581599999999997,0.29003,KEN,BHR,40
8163598,116,24,139,1998,0.0,12316.0,-0.434978,0.10193300000000001,KEN,BHR,40
8163599,118,24,139,2011,69385.0,0.0,-1.162858,-1.103539,KHM,BHR,40
8163600,118,24,139,2013,25953.0,0.0,-1.054758,-0.872352,KHM,BHR,40
8163601,118,24,139,2017,1215.0,0.0,-0.656325,-0.622167,KHM,BHR,40
8163602,118,24,139,2014,1034.0,0.0,-0.84072,-0.8307040000000001,KHM,BHR,40
8163603,118,24,139,2015,1899.0,0.0,-0.791985,-0.833046,KHM,BHR,40
8163604,118,24,139,2016,3618.0,0.0,-0.8365239999999999,-0.794615,KHM,BHR,40
8163605,118,24,139,2019,3216.0,0.0,-0.7499359999999999,-0.627125,KHM,BHR,40
8163606,121,24,139,2012,6286080.0,0.0,1.632917,0.877742,KOR,BHR,40
8163607,121,24,139,1997,2338588.0,0.0,1.0478290000000001,1.2874370000000002,KOR,BHR,40
8163608,121,24,139,1998,2564698.0,4201.0,0.999518,1.106351,KOR,BHR,40
8163609,121,24,139,1996,3515927.0,0.0,0.8946940000000001,1.240424,KOR,BHR,40
8163610,121,24,139,2010,3487179.0,0.0,1.7118849999999999,0.762362,KOR,BHR,40
8163611,121,24,139,2000,1452570.0,0.0,1.0696700000000001,1.0182209999999998,KOR,BHR,40
8163612,121,24,139,2001,1417141.0,0.0,1.145797,1.0762399999999999,KOR,BHR,40
8163613,121,24,139,2014,5386369.0,0.0,1.817145,0.8394530000000001,KOR,BHR,40
8163614,121,24,139,2004,1428547.0,1100.0,1.3624690000000002,0.928342,KOR,BHR,40
8163615,121,24,139,2005,1829368.0,0.0,1.4051850000000001,0.815171,KOR,BHR,40
8163616,121,24,139,2006,1582204.0,0.0,1.5384309999999999,0.766628,KOR,BHR,40
8163617,121,24,139,2007,2994056.0,0.0,1.497359,0.726637,KOR,BHR,40
8163618,121,24,139,2008,4929489.0,17148.0,1.491687,0.814692,KOR,BHR,40
8163619,121,24,139,2009,3446836.0,0.0,1.509336,0.784515,KOR,BHR,40
8163620,121,24,139,2011,3583242.0,0.0,1.731371,0.8306879999999999,KOR,BHR,40
8163621,121,24,139,1999,2455145.0,0.0,0.92448,1.053988,KOR,BHR,40
8163622,121,24,139,2013,3084640.0,12996.0,1.818383,0.75645,KOR,BHR,40
8163623,121,24,139,2015,2195751.0,0.0,1.900653,0.859406,KOR,BHR,40
8163624,121,24,139,2016,3352736.0,0.0,2.086184,0.724318,KOR,BHR,40
8163625,121,24,139,2017,2326626.0,0.0,2.011263,0.783215,KOR,BHR,40
8163626,121,24,139,2018,3535585.0,0.0,2.093866,0.764303,KOR,BHR,40
8163627,121,24,139,2019,2551257.0,0.0,2.115482,0.696838,KOR,BHR,40
8163628,121,24,139,2020,2625351.0,0.0,1.9703950000000001,0.800826,KOR,BHR,40
8163629,121,24,139,1995,2141712.0,0.0,0.845175,1.2761799999999999,KOR,BHR,40
8163630,121,24,139,2002,954037.0,0.0,1.186816,1.075947,KOR,BHR,40
8163631,121,24,139,2003,1010201.0,0.0,1.2611709999999998,0.956308,KOR,BHR,40
8163632,122,24,139,2018,240635.0,407273.0,-0.668802,-1.154012,KWT,BHR,40
8163633,122,24,139,2011,176135.0,264017.0,-0.898582,-1.09893,KWT,BHR,40
8163634,122,24,139,2020,202220.0,2720313.0,-0.072977,-1.090017,KWT,BHR,40
8163635,122,24,139,2015,619170.0,89060.0,-0.352023,-1.153057,KWT,BHR,40
8163636,122,24,139,2017,436622.0,206153.0,-0.229821,-1.128482,KWT,BHR,40
8163637,122,24,139,2013,16198.0,134947.0,-0.536384,-1.08382,KWT,BHR,40
8163638,122,24,139,2014,125401.0,160340.0,-0.769616,-1.10667,KWT,BHR,40
8163639,122,24,139,2016,517321.0,218246.0,-0.31188,-1.1438620000000002,KWT,BHR,40
8163640,122,24,139,2019,70851.0,1394137.0,0.081686,-1.087259,KWT,BHR,40
8163641,122,24,139,2003,71508.0,34861.0,-0.7943640000000001,-1.1529770000000001,KWT,BHR,40
8163642,122,24,139,2004,34509.0,53139.0,-0.481908,-1.172081,KWT,BHR,40
8163643,122,24,139,2006,57788.0,44185.0,-0.589823,-1.142795,KWT,BHR,40
8163644,122,24,139,2007,182650.0,99167.0,-0.8265030000000001,-1.166243,KWT,BHR,40
8163645,122,24,139,2008,157076.0,603132.0,-1.401297,-1.142945,KWT,BHR,40
8163646,122,24,139,2009,71851.0,372984.0,-1.386993,-1.203527,KWT,BHR,40
8163647,122,24,139,2010,264361.0,181122.0,0.067373,-1.0822120000000002,KWT,BHR,40
8163648,122,24,139,2000,14563.0,21358.0,-0.6112270000000001,-1.149326,KWT,BHR,40
8163649,122,24,139,2002,33072.0,24620.0,-0.6629550000000001,-1.157214,KWT,BHR,40
8163650,122,24,139,2012,32970.0,182797.0,-0.7931600000000001,-1.096005,KWT,BHR,40
8163651,122,24,139,2001,15288.0,20920.0,-0.8197,-1.183758,KWT,BHR,40
8163652,122,24,139,2005,3413.0,57340.0,0.259466,-1.023932,KWT,BHR,40
8163653,124,24,139,2019,19797.0,0.0,0.26155700000000004,1.062317,LBN,BHR,40
8163654,124,24,139,1997,6007.0,1289.0,0.334291,0.783104,LBN,BHR,40
8163655,124,24,139,2001,10224.0,0.0,0.165355,0.988008,LBN,BHR,40
8163656,124,24,139,2003,16347.0,0.0,0.261687,1.053856,LBN,BHR,40
8163657,124,24,139,1998,2001.0,0.0,0.23803200000000002,0.9927860000000001,LBN,BHR,40
8163658,124,24,139,2000,2205.0,0.0,0.24766100000000002,0.85467,LBN,BHR,40
8163659,124,24,139,2014,26175.0,0.0,0.308677,1.7564490000000001,LBN,BHR,40
8163660,124,24,139,2013,6411.0,5664.0,0.283084,1.4289100000000001,LBN,BHR,40
8163661,124,24,139,2017,6529.0,27908.0,0.266847,1.117621,LBN,BHR,40
8163662,124,24,139,2007,70218.0,0.0,0.47468,1.775191,LBN,BHR,40
8163663,124,24,139,1999,3323.0,0.0,0.264151,0.767188,LBN,BHR,40
8163664,124,24,139,2002,8315.0,0.0,0.2729,1.254232,LBN,BHR,40
8163665,124,24,139,2006,20616.0,0.0,0.3861,1.586183,LBN,BHR,40
8163666,124,24,139,2008,54009.0,0.0,0.46133100000000005,1.4598149999999999,LBN,BHR,40
8163667,124,24,139,2015,21228.0,1031.0,0.317355,1.330374,LBN,BHR,40
8163668,124,24,139,2018,18652.0,0.0,0.270554,0.9995149999999999,LBN,BHR,40
8163669,124,24,139,2020,21303.0,0.0,0.35459,1.067965,LBN,BHR,40
8163670,124,24,139,2010,16135.0,0.0,0.415854,1.424085,LBN,BHR,40
8163671,124,24,139,2011,31635.0,0.0,0.278393,1.2962879999999999,LBN,BHR,40
8163672,124,24,139,2012,16369.0,0.0,0.38759,1.446025,LBN,BHR,40
8163673,124,24,139,2009,28418.0,0.0,0.48618599999999995,1.4748620000000001,LBN,BHR,40
8163674,124,24,139,2005,23181.0,0.0,0.398304,1.439764,LBN,BHR,40
8163675,124,24,139,2004,21908.0,0.0,0.32409899999999997,1.037024,LBN,BHR,40
8163676,124,24,139,2016,9295.0,0.0,0.285829,1.0818139999999998,LBN,BHR,40
8163677,125,24,139,2016,0.0,12614.0,-0.870345,-1.113277,LBR,BHR,40
8163678,125,24,139,2014,0.0,4479.0,-1.016828,-1.107983,LBR,BHR,40
8163679,125,24,139,2018,0.0,12463.0,-1.022881,-1.124718,LBR,BHR,40
8163680,125,24,139,2019,0.0,1395.0,-1.288568,-1.172395,LBR,BHR,40
8163681,125,24,139,2012,0.0,1755.0,-0.699557,-1.083059,LBR,BHR,40
8163682,125,24,139,2015,0.0,14801.0,-1.087459,-1.195708,LBR,BHR,40
8163683,126,24,139,2015,0.0,197824.0,-1.3257219999999998,-1.260453,LBY,BHR,40
8163684,126,24,139,2010,0.0,189826.0,-0.706491,-1.140822,LBY,BHR,40
8163685,126,24,139,2011,0.0,65449.0,-1.680464,-1.148511,LBY,BHR,40
8163686,126,24,139,2013,0.0,269950.0,-1.6241459999999999,-1.1817950000000002,LBY,BHR,40
8163687,126,24,139,2012,0.0,1986475.0,-3.1086240000000003,-1.185131,LBY,BHR,40
8163688,126,24,139,2009,0.0,64996.0,-1.196032,-1.1829,LBY,BHR,40
8163689,128,24,139,2006,114421.0,27835.0,-0.573767,0.305913,LKA,BHR,40
8163690,128,24,139,2002,48655.0,0.0,-0.740927,0.023171,LKA,BHR,40
8163691,128,24,139,2004,165346.0,19347.0,-0.658668,0.21912600000000002,LKA,BHR,40
8163692,128,24,139,2010,140044.0,635.0,-0.70886,0.25216700000000003,LKA,BHR,40
8163693,128,24,139,2003,157874.0,0.0,-0.618057,0.101931,LKA,BHR,40
8163694,128,24,139,2009,227289.0,2715.0,-0.653836,0.174403,LKA,BHR,40
8163695,128,24,139,2008,244103.0,39102.0,-0.48245200000000005,0.295892,LKA,BHR,40
8163696,128,24,139,2005,110428.0,11175.0,-0.718592,0.22666,LKA,BHR,40
8163697,128,24,139,2016,476769.0,0.0,-0.562869,0.49937,LKA,BHR,40
8163698,128,24,139,2017,746512.0,2964.0,-0.46442799999999995,0.472132,LKA,BHR,40
8163699,128,24,139,2018,748090.0,12302.0,-0.544504,0.41074099999999997,LKA,BHR,40
8163700,128,24,139,2019,565977.0,0.0,-0.592952,0.394811,LKA,BHR,40
8163701,128,24,139,2020,779762.0,0.0,-0.48448599999999997,0.5495220000000001,LKA,BHR,40
8163702,128,24,139,2000,23301.0,0.0,-0.8783549999999999,-0.074326,LKA,BHR,40
8163703,128,24,139,2011,183054.0,3336.0,-0.559311,0.398905,LKA,BHR,40
8163704,128,24,139,2013,540260.0,3849.0,-0.6521779999999999,0.41258599999999995,LKA,BHR,40
8163705,128,24,139,2015,455316.0,0.0,-0.6773399999999999,0.386343,LKA,BHR,40
8163706,128,24,139,2014,592889.0,0.0,-0.49366899999999997,0.338686,LKA,BHR,40
8163707,128,24,139,2012,471215.0,0.0,-0.49648100000000006,0.48185200000000006,LKA,BHR,40
8163708,128,24,139,2007,145007.0,53716.0,-0.568577,0.364717,LKA,BHR,40
8163709,128,24,139,2001,25487.0,4963.0,-0.722434,-0.033818,LKA,BHR,40
8163710,130,24,139,2018,4621.0,0.0,0.964249,1.4050200000000002,LTU,BHR,40
8163711,130,24,139,2016,933.0,0.0,0.706929,1.419432,LTU,BHR,40
8163712,131,24,139,2004,88770.0,0.0,1.37529,1.0172649999999999,LUX,BHR,40
8163713,131,24,139,2019,31261.0,0.0,1.234145,1.3754309999999998,LUX,BHR,40
8163714,131,24,139,2018,35753.0,0.0,1.1142889999999999,1.306066,LUX,BHR,40
8163715,131,24,139,2017,88444.0,0.0,1.24064,1.298263,LUX,BHR,40
8163716,131,24,139,2020,17236.0,0.0,1.197655,1.432727,LUX,BHR,40
8163717,131,24,139,2014,121281.0,0.0,1.243845,1.155474,LUX,BHR,40
8163718,131,24,139,2008,305144.0,0.0,1.39945,1.003857,LUX,BHR,40
8163719,131,24,139,2009,111173.0,0.0,1.323336,1.026341,LUX,BHR,40
8163720,131,24,139,2015,50180.0,0.0,1.218924,1.247152,LUX,BHR,40
8163721,131,24,139,2002,14808.0,0.0,1.605378,1.152973,LUX,BHR,40
8163722,131,24,139,2010,24310.0,0.0,1.272127,1.1051520000000001,LUX,BHR,40
8163723,131,24,139,2012,34536.0,0.0,1.131145,1.305768,LUX,BHR,40
8163724,131,24,139,2013,39635.0,0.0,1.170459,1.150327,LUX,BHR,40
8163725,131,24,139,2011,1345.0,0.0,1.1655739999999999,1.222379,LUX,BHR,40
8163726,131,24,139,2016,71890.0,0.0,1.340054,1.30224,LUX,BHR,40
8163727,131,24,139,2005,6867.0,0.0,1.399885,0.974292,LUX,BHR,40
8163728,131,24,139,2006,111164.0,0.0,1.4345620000000001,0.8840819999999999,LUX,BHR,40
8163729,131,24,139,2007,29928.0,0.0,1.390259,0.996566,LUX,BHR,40
8163730,131,24,139,1999,144693.0,0.0,1.499745,1.142951,LUX,BHR,40
8163731,131,24,139,2001,5428.0,0.0,1.470895,1.149007,LUX,BHR,40
8163732,131,24,139,2003,8224.0,0.0,1.444996,1.063764,LUX,BHR,40
8163733,132,24,139,2017,10851.0,0.0,0.684555,1.3208030000000002,LVA,BHR,40
8163734,132,24,139,2018,2224.0,0.0,0.707168,1.294297,LVA,BHR,40
8163735,132,24,139,2019,6700.0,0.0,0.7804300000000001,1.159592,LVA,BHR,40
8163736,132,24,139,2020,10209.0,0.0,0.712901,1.119907,LVA,BHR,40
8163737,134,24,139,2014,1016.0,0.0,-0.574034,0.065788,MAR,BHR,40
8163738,134,24,139,2019,0.0,5203.0,-0.747739,-0.154125,MAR,BHR,40
8163739,134,24,139,2018,5729.0,0.0,-0.712775,-0.090013,MAR,BHR,40
8163740,134,24,139,2017,5949.0,0.0,-0.757236,-0.065347,MAR,BHR,40
8163741,134,24,139,2007,2192.0,0.0,-0.5846560000000001,0.10927100000000001,MAR,BHR,40
8163742,134,24,139,2013,8866.0,0.0,-0.6494260000000001,-0.035075999999999996,MAR,BHR,40
8163743,134,24,139,2003,23600.0,0.0,-0.6842050000000001,-0.217892,MAR,BHR,40
8163744,134,24,139,2004,9233.0,0.0,-0.681556,-0.152372,MAR,BHR,40
8163745,137,24,139,2008,21223.0,0.0,0.037203,-0.718439,MDV,BHR,40
8163746,138,24,139,2004,127744.0,0.0,0.868684,0.85506,MEX,BHR,40
8163747,138,24,139,2007,3764.0,0.0,1.044746,0.605246,MEX,BHR,40
8163748,138,24,139,2000,4644.0,0.0,0.6866760000000001,0.64383,MEX,BHR,40
8163749,138,24,139,2001,3624.0,0.0,0.797058,0.713234,MEX,BHR,40
8163750,138,24,139,2012,24625.0,0.0,1.039541,0.663349,MEX,BHR,40
8163751,138,24,139,2013,47601.0,0.0,1.048507,0.718932,MEX,BHR,40
8163752,138,24,139,2014,150215.0,0.0,1.0799729999999998,0.697554,MEX,BHR,40
8163753,138,24,139,2015,215821.0,0.0,1.169724,0.61457,MEX,BHR,40
8163754,138,24,139,2016,231390.0,0.0,1.165638,0.6446649999999999,MEX,BHR,40
8163755,138,24,139,2005,13551.0,0.0,1.046235,0.856245,MEX,BHR,40
8163756,138,24,139,2006,4710.0,0.0,1.047268,0.7142270000000001,MEX,BHR,40
8163757,138,24,139,2008,13503.0,0.0,0.9833639999999999,0.7687069999999999,MEX,BHR,40
8163758,138,24,139,2011,28412.0,0.0,0.9534600000000001,0.706982,MEX,BHR,40
8163759,138,24,139,2009,13437.0,0.0,1.061625,0.719234,MEX,BHR,40
8163760,138,24,139,2010,73999.0,0.0,1.132664,0.675756,MEX,BHR,40
8163761,138,24,139,2002,733.0,0.0,0.942061,0.6311260000000001,MEX,BHR,40
8163762,138,24,139,2019,328786.0,0.0,1.083041,0.569353,MEX,BHR,40
8163763,138,24,139,2018,257880.0,0.0,1.00061,0.585759,MEX,BHR,40
8163764,138,24,139,2017,311293.0,0.0,1.08871,0.5745279999999999,MEX,BHR,40
8163765,139,24,139,2015,0.0,4582.0,-0.174541,-0.828616,MHL,BHR,40
8163766,139,24,139,2016,0.0,16263.0,0.073567,-0.808307,MHL,BHR,40
8163767,140,24,139,2019,1277.0,0.0,0.050624,-0.11143299999999999,MKD,BHR,40
8163768,141,24,139,2015,11222.0,0.0,-0.744236,-0.9441860000000001,MLI,BHR,40
8163769,142,24,139,2017,10213.0,0.0,0.999914,0.12683,MLT,BHR,40
8163770,142,24,139,2009,1173.0,0.0,1.233965,-0.016763,MLT,BHR,40
8163771,142,24,139,2015,22440.0,0.0,0.880893,-0.117585,MLT,BHR,40
8163772,142,24,139,2016,17143.0,1549.0,0.8795950000000001,-0.21689499999999998,MLT,BHR,40
8163773,142,24,139,2018,5124.0,0.0,0.9621219999999999,0.257289,MLT,BHR,40
8163774,142,24,139,2019,15466.0,0.0,0.893992,0.25255500000000003,MLT,BHR,40
8163775,142,24,139,2013,2969.0,0.0,0.8519760000000001,-0.075869,MLT,BHR,40
8163776,142,24,139,2001,1690.0,0.0,1.065032,-0.065239,MLT,BHR,40
8163777,147,24,139,2011,0.0,65894.0,-1.2069299999999998,-0.977785,MOZ,BHR,40
8163778,147,24,139,2016,0.0,767.0,-1.333702,-1.116794,MOZ,BHR,40
8163779,151,24,139,2018,0.0,4204.0,-0.128221,0.15049400000000002,MUS,BHR,40
8163780,151,24,139,2019,0.0,29709.0,-0.15909600000000002,0.034770999999999996,MUS,BHR,40
8163781,151,24,139,2020,0.0,67823.0,-0.048897,0.11543099999999999,MUS,BHR,40
8163782,153,24,139,2008,1690473.0,2907.0,0.793395,0.6141939999999999,MYS,BHR,40
8163783,153,24,139,2016,1260557.0,161293.0,1.106894,0.7452840000000001,MYS,BHR,40
8163784,153,24,139,2014,1248174.0,2978.0,1.018138,0.774649,MYS,BHR,40
8163785,153,24,139,2015,1337243.0,17929.0,1.082803,0.811615,MYS,BHR,40
8163786,153,24,139,2002,423486.0,0.0,0.704957,0.243398,MYS,BHR,40
8163787,153,24,139,2011,1101948.0,50991.0,0.9893290000000001,0.632079,MYS,BHR,40
8163788,153,24,139,2012,1055093.0,7977.0,0.945643,0.7526510000000001,MYS,BHR,40
8163789,153,24,139,2013,1516549.0,9916.0,0.937641,0.747496,MYS,BHR,40
8163790,153,24,139,2019,1721299.0,7592.0,1.192967,0.730971,MYS,BHR,40
8163791,153,24,139,2017,1211713.0,6958.0,1.0110139999999999,0.6840729999999999,MYS,BHR,40
8163792,153,24,139,2010,1139004.0,77999.0,0.9530780000000001,0.607456,MYS,BHR,40
8163793,153,24,139,1995,255416.0,0.0,0.357745,0.374284,MYS,BHR,40
8163794,153,24,139,1999,333756.0,0.0,0.500591,0.136149,MYS,BHR,40
8163795,153,24,139,2004,433063.0,0.0,0.6710050000000001,0.17807,MYS,BHR,40
8163796,153,24,139,2005,614320.0,0.0,0.5847439999999999,0.13176300000000002,MYS,BHR,40
8163797,153,24,139,2006,606583.0,0.0,0.7896569999999999,0.363625,MYS,BHR,40
8163798,153,24,139,2018,1521974.0,5017.0,1.122976,0.734109,MYS,BHR,40
8163799,153,24,139,2000,548941.0,0.0,0.519684,0.170286,MYS,BHR,40
8163800,153,24,139,2003,479573.0,0.0,0.728804,0.2168,MYS,BHR,40
8163801,153,24,139,2007,908576.0,0.0,0.740788,0.302155,MYS,BHR,40
8163802,153,24,139,2009,747769.0,0.0,0.8718229999999999,0.607429,MYS,BHR,40
8163803,153,24,139,1996,365344.0,8102.0,0.351774,0.347262,MYS,BHR,40
8163804,153,24,139,1997,483499.0,0.0,0.37340999999999996,0.36853600000000003,MYS,BHR,40
8163805,153,24,139,1998,338643.0,0.0,0.396826,0.203792,MYS,BHR,40
8163806,153,24,139,2020,3310872.0,1771.0,1.185223,0.573439,MYS,BHR,40
8163807,153,24,139,2001,345243.0,10116.0,0.768174,0.307033,MYS,BHR,40
8163808,159,24,139,2008,47008.0,0.0,-1.9809139999999998,-1.189201,NGA,BHR,40
8163809,159,24,139,2009,416816.0,113852.0,-1.584051,-1.156247,NGA,BHR,40
8163810,159,24,139,2010,94229.0,48832.0,-1.887084,-1.2280229999999999,NGA,BHR,40
8163811,159,24,139,2020,0.0,36221.0,-1.6399299999999999,-1.19536,NGA,BHR,40
8163812,159,24,139,2019,0.0,86246.0,-1.7383970000000002,-1.220333,NGA,BHR,40
8163813,159,24,139,2011,378517.0,15303.0,-1.699286,-1.15511,NGA,BHR,40
8163814,159,24,139,2012,0.0,13305.0,-1.760488,-1.201048,NGA,BHR,40
8163815,162,24,139,1995,732467.0,5395946.0,1.304391,1.8819119999999998,NLD,BHR,40
8163816,162,24,139,1996,1030772.0,3375603.0,1.256625,1.803132,NLD,BHR,40
8163817,162,24,139,1997,971211.0,1469562.0,1.267794,1.727888,NLD,BHR,40
8163818,162,24,139,1998,333266.0,3452250.0,1.248469,1.683182,NLD,BHR,40
8163819,162,24,139,1999,1058647.0,152051.0,1.308776,1.574293,NLD,BHR,40
8163820,162,24,139,2000,1161952.0,0.0,1.283291,1.58901,NLD,BHR,40
8163821,162,24,139,2001,1700769.0,122786.0,1.315685,1.590935,NLD,BHR,40
8163822,162,24,139,2002,1466310.0,852953.0,1.206176,1.7136360000000002,NLD,BHR,40
8163823,162,24,139,2003,2382545.0,416517.0,1.168453,1.7085709999999998,NLD,BHR,40
8163824,162,24,139,2004,3188101.0,782801.0,1.251808,1.586526,NLD,BHR,40
8163825,162,24,139,2005,1128961.0,2005305.0,1.143533,1.614774,NLD,BHR,40
8163826,162,24,139,2006,585004.0,2296338.0,1.192134,1.450852,NLD,BHR,40
8163827,162,24,139,2008,2326989.0,205597.0,1.139475,1.385316,NLD,BHR,40
8163828,162,24,139,2009,1355423.0,278183.0,1.1914850000000001,1.3076780000000001,NLD,BHR,40
8163829,162,24,139,2010,917551.0,99710.0,1.237998,1.1891209999999999,NLD,BHR,40
8163830,162,24,139,2011,1263257.0,53046.0,1.1655229999999999,1.410167,NLD,BHR,40
8163831,162,24,139,2012,1527482.0,318337.0,1.124582,1.374002,NLD,BHR,40
8163832,162,24,139,2013,1543053.0,97680.0,1.184107,1.249557,NLD,BHR,40
8163833,162,24,139,2014,1670025.0,0.0,1.179325,1.355071,NLD,BHR,40
8163834,162,24,139,2015,1092645.0,343853.0,1.230104,1.27344,NLD,BHR,40
8163835,162,24,139,2016,1358884.0,288904.0,1.157361,1.5188540000000001,NLD,BHR,40
8163836,162,24,139,2017,1016962.0,529703.0,1.146959,1.470869,NLD,BHR,40
8163837,162,24,139,2018,1046456.0,943076.0,1.1478899999999999,1.454758,NLD,BHR,40
8163838,162,24,139,2019,1153844.0,1407269.0,1.145044,1.3523530000000001,NLD,BHR,40
8163839,162,24,139,2020,834419.0,611295.0,1.035951,1.559401,NLD,BHR,40
8163840,162,24,139,2007,1056416.0,518700.0,1.089169,1.589641,NLD,BHR,40
8163841,163,24,139,1995,29319.0,0.0,1.019741,0.394241,NOR,BHR,40
8163842,163,24,139,1996,47211.0,0.0,1.204869,0.303062,NOR,BHR,40
8163843,163,24,139,1997,1653.0,0.0,1.003945,0.188826,NOR,BHR,40
8163844,163,24,139,1999,1357.0,0.0,1.1012959999999998,0.240184,NOR,BHR,40
8163845,163,24,139,2000,16621.0,0.0,0.988346,0.046556,NOR,BHR,40
8163846,163,24,139,2001,4754.0,0.0,0.974814,0.06512000000000001,NOR,BHR,40
8163847,163,24,139,2002,1699.0,0.0,1.110882,0.17164100000000002,NOR,BHR,40
8163848,163,24,139,2003,24032.0,0.0,1.1500620000000001,0.258554,NOR,BHR,40
8163849,163,24,139,2005,8291.0,0.0,1.0581530000000001,0.038369,NOR,BHR,40
8163850,163,24,139,2019,7989.0,0.0,0.6957300000000001,0.181607,NOR,BHR,40
8163851,163,24,139,2020,22896.0,0.0,0.793459,0.369766,NOR,BHR,40
8163852,163,24,139,2018,18679.0,0.0,0.681639,0.021762,NOR,BHR,40
8163853,163,24,139,2017,54154.0,0.0,0.73658,0.11450199999999999,NOR,BHR,40
8163854,163,24,139,2008,28759.0,0.0,0.911428,-0.019318000000000002,NOR,BHR,40
8163855,163,24,139,2007,50521.0,0.0,0.9829100000000001,0.100995,NOR,BHR,40
8163856,163,24,139,2009,28032.0,0.0,0.865455,0.082808,NOR,BHR,40
8163857,163,24,139,2013,53996.0,1012.0,0.892099,0.18168399999999998,NOR,BHR,40
8163858,163,24,139,2014,239260.0,3102.0,0.9187049999999999,0.182685,NOR,BHR,40
8163859,163,24,139,2016,2216.0,0.0,0.89891,0.297673,NOR,BHR,40
8163860,163,24,139,2015,21580.0,4472.0,0.950708,0.314339,NOR,BHR,40
8163861,163,24,139,2010,13424.0,0.0,0.865676,0.138757,NOR,BHR,40
8163862,163,24,139,2011,10600.0,0.0,0.8492770000000001,0.050044,NOR,BHR,40
8163863,163,24,139,2006,11311.0,0.0,1.0787930000000001,0.014051,NOR,BHR,40
8163864,163,24,139,2012,33240.0,973.0,0.8613049999999999,0.12626800000000002,NOR,BHR,40
8163865,163,24,139,2004,19551.0,0.0,1.10162,0.118709,NOR,BHR,40
8163866,164,24,139,2011,0.0,1823.0,-0.242299,0.801966,NPL,BHR,40
8163867,164,24,139,2010,0.0,12152.0,-0.23753400000000002,0.7957390000000001,NPL,BHR,40
8163868,166,24,139,2002,1734.0,0.0,0.542585,0.854243,NZL,BHR,40
8163869,166,24,139,2003,4811.0,0.0,0.589619,0.997301,NZL,BHR,40
8163870,166,24,139,2005,5875.0,0.0,0.623822,0.825528,NZL,BHR,40
8163871,166,24,139,2007,22328.0,0.0,0.495938,0.845825,NZL,BHR,40
8163872,166,24,139,2008,5743.0,0.0,0.513416,0.753058,NZL,BHR,40
8163873,166,24,139,2016,8399.0,0.0,0.236556,0.252918,NZL,BHR,40
8163874,166,24,139,2017,7882.0,0.0,0.25651199999999996,0.132996,NZL,BHR,40
8163875,166,24,139,2018,1373.0,3908.0,0.21902600000000003,0.148714,NZL,BHR,40
8163876,166,24,139,1998,1390.0,0.0,0.5690529999999999,0.7752060000000001,NZL,BHR,40
8163877,167,24,139,2003,0.0,2655.0,-1.434873,-1.188123,OMN,BHR,40
8163878,167,24,139,2005,140056.0,118283.0,-0.384571,-1.068743,OMN,BHR,40
8163879,167,24,139,2006,7271.0,17929.0,-0.6373989999999999,-1.092554,OMN,BHR,40
8163880,167,24,139,2009,23400.0,291616.0,-0.691918,-1.015434,OMN,BHR,40
8163881,167,24,139,2010,44159.0,16199.0,-0.487612,-0.9551379999999999,OMN,BHR,40
8163882,167,24,139,2011,38283.0,101949.0,-0.473703,-0.952491,OMN,BHR,40
8163883,167,24,139,2012,0.0,44620.0,-0.869576,-1.1086850000000001,OMN,BHR,40
8163884,167,24,139,2004,190152.0,38810.0,-0.62946,-1.108933,OMN,BHR,40
8163885,167,24,139,2013,692551.0,7543.0,-0.604175,-1.0463209999999998,OMN,BHR,40
8163886,167,24,139,2008,43128.0,136167.0,-0.635199,-1.027136,OMN,BHR,40
8163887,167,24,139,2015,839371.0,160966.0,-0.4699,-1.00451,OMN,BHR,40
8163888,167,24,139,2018,399913.0,400588.0,-0.548048,-0.9972989999999999,OMN,BHR,40
8163889,167,24,139,2002,24469.0,0.0,-1.238769,-1.225841,OMN,BHR,40
8163890,167,24,139,2019,101956.0,1114604.0,-0.40120100000000003,-0.881602,OMN,BHR,40
8163891,167,24,139,1996,5774.0,0.0,-0.10243499999999998,-0.8425879999999999,OMN,BHR,40
8163892,167,24,139,1998,0.0,3984.0,-0.38848499999999997,-0.898559,OMN,BHR,40
8163893,167,24,139,1999,0.0,36953.0,-0.6801510000000001,-1.146403,OMN,BHR,40
8163894,167,24,139,2000,16227.0,37627.0,-1.0104549999999999,-1.185999,OMN,BHR,40
8163895,167,24,139,2001,34645.0,783.0,-0.909329,-1.189698,OMN,BHR,40
8163896,167,24,139,2007,31497.0,64000.0,-0.5185310000000001,-1.071832,OMN,BHR,40
8163897,167,24,139,2014,400524.0,27702.0,-0.505129,-1.0051370000000002,OMN,BHR,40
8163898,167,24,139,2016,137779.0,263158.0,-0.334782,-0.9107190000000001,OMN,BHR,40
8163899,167,24,139,2017,358440.0,1030016.0,-0.347684,-0.884569,OMN,BHR,40
8163900,168,24,139,2015,53258.0,33156.0,-0.7059979999999999,0.73501,PAK,BHR,40
8163901,168,24,139,2017,107712.0,2912.0,-0.698561,0.43523500000000004,PAK,BHR,40
8163902,168,24,139,2006,39695.0,0.0,-0.449333,0.563013,PAK,BHR,40
8163903,168,24,139,2009,42895.0,2009.0,-0.514907,0.44733100000000003,PAK,BHR,40
8163904,168,24,139,2011,77995.0,6759.0,-0.729677,0.6026729999999999,PAK,BHR,40
8163905,168,24,139,2019,20276.0,5146.0,-0.6909270000000001,0.8651120000000001,PAK,BHR,40
8163906,168,24,139,2020,8614.0,49625.0,-0.52984,0.63654,PAK,BHR,40
8163907,168,24,139,2003,16766.0,0.0,-0.6659689999999999,0.137924,PAK,BHR,40
8163908,168,24,139,2004,14861.0,0.0,-0.754143,0.25995100000000004,PAK,BHR,40
8163909,168,24,139,2005,48976.0,23643.0,-0.592542,0.365501,PAK,BHR,40
8163910,168,24,139,2007,60069.0,0.0,-0.5594359999999999,0.47369300000000003,PAK,BHR,40
8163911,168,24,139,2008,46687.0,0.0,-0.401588,0.500668,PAK,BHR,40
8163912,168,24,139,2010,27766.0,4599.0,-0.692071,0.5409010000000001,PAK,BHR,40
8163913,168,24,139,2012,57634.0,9985.0,-0.633706,0.658617,PAK,BHR,40
8163914,168,24,139,2013,12846.0,39148.0,-0.75727,0.769703,PAK,BHR,40
8163915,168,24,139,2014,111726.0,1876.0,-0.672924,0.566787,PAK,BHR,40
8163916,168,24,139,2016,115782.0,67489.0,-0.7502800000000001,0.545331,PAK,BHR,40
8163917,168,24,139,2018,42222.0,3753.0,-0.64348,0.665045,PAK,BHR,40
8163918,168,24,139,2000,12360.0,12248.0,-0.851295,-0.370618,PAK,BHR,40
8163919,168,24,139,2001,41939.0,0.0,-0.8376520000000001,-0.378743,PAK,BHR,40
8163920,168,24,139,2002,15371.0,0.0,-0.877655,-0.322094,PAK,BHR,40
8163921,169,24,139,2011,1046.0,0.0,0.786135,1.061008,PAN,BHR,40
8163922,169,24,139,2013,0.0,5949.0,0.735637,1.161718,PAN,BHR,40
8163923,169,24,139,2014,0.0,8511.0,0.771742,0.9873190000000001,PAN,BHR,40
8163924,169,24,139,2015,0.0,1893.0,0.642058,0.833392,PAN,BHR,40
8163925,169,24,139,2018,0.0,14518.0,0.104326,-0.11611800000000001,PAN,BHR,40
8163926,174,24,139,2005,16780.0,0.0,-0.038225999999999996,-0.057957,PHL,BHR,40
8163927,174,24,139,1999,9786.0,0.0,-0.401903,-0.333408,PHL,BHR,40
8163928,174,24,139,2000,11248.0,0.0,-0.279447,-0.329073,PHL,BHR,40
8163929,174,24,139,2001,13470.0,4609.0,-0.028201,-0.112349,PHL,BHR,40
8163930,174,24,139,2002,3467.0,0.0,0.055439999999999996,-0.179809,PHL,BHR,40
8163931,174,24,139,2006,14022.0,0.0,0.161994,0.036631,PHL,BHR,40
8163932,174,24,139,2010,2066.0,1853.0,0.40418899999999996,0.102497,PHL,BHR,40
8163933,174,24,139,1998,1636.0,4670.0,-0.262725,-0.075781,PHL,BHR,40
8163934,174,24,139,2007,24166.0,0.0,0.032117,-0.16600499999999999,PHL,BHR,40
8163935,174,24,139,2008,16566.0,0.0,0.276488,-0.02957,PHL,BHR,40
8163936,174,24,139,2011,1722.0,0.0,0.364707,0.322626,PHL,BHR,40
8163937,174,24,139,2012,24867.0,13970.0,0.388785,0.465275,PHL,BHR,40
8163938,174,24,139,2013,14718.0,130017.0,0.507868,0.355403,PHL,BHR,40
8163939,174,24,139,2014,55166.0,12439.0,0.637442,0.475883,PHL,BHR,40
8163940,174,24,139,2015,15525.0,0.0,0.6406270000000001,0.45770200000000005,PHL,BHR,40
8163941,174,24,139,2016,4481.0,0.0,0.619343,0.303981,PHL,BHR,40
8163942,174,24,139,2017,3733.0,0.0,0.657759,0.170061,PHL,BHR,40
8163943,174,24,139,2018,23394.0,0.0,0.781409,0.22126700000000002,PHL,BHR,40
8163944,174,24,139,2019,30500.0,0.0,0.762884,0.3318,PHL,BHR,40
8163945,174,24,139,2020,119697.0,0.0,0.755786,0.24693,PHL,BHR,40
8163946,176,24,139,2011,0.0,5741.0,-1.1111659999999999,-0.9458610000000001,PNG,BHR,40
8163947,176,24,139,2004,0.0,1328.0,-1.7599200000000002,-1.219971,PNG,BHR,40
8163948,177,24,139,2004,50537.0,0.0,1.019341,1.519452,POL,BHR,40
8163949,177,24,139,2005,67548.0,0.0,0.9564299999999999,1.559385,POL,BHR,40
8163950,177,24,139,2006,22711.0,0.0,0.991927,1.474418,POL,BHR,40
8163951,177,24,139,2007,18916.0,0.0,1.0412139999999999,1.309641,POL,BHR,40
8163952,177,24,139,2011,47110.0,0.0,1.133641,1.134203,POL,BHR,40
8163953,177,24,139,2012,203452.0,0.0,1.0626870000000002,1.267268,POL,BHR,40
8163954,177,24,139,2017,331788.0,9578.0,1.197417,1.092716,POL,BHR,40
8163955,177,24,139,2018,250239.0,17660.0,1.132475,1.258945,POL,BHR,40
8163956,177,24,139,2020,318870.0,0.0,1.0227979999999999,1.4079139999999999,POL,BHR,40
8163957,177,24,139,2000,503.0,0.0,0.862983,1.8683400000000001,POL,BHR,40
8163958,177,24,139,2014,96943.0,0.0,1.133102,1.177165,POL,BHR,40
8163959,177,24,139,2015,240301.0,0.0,1.145844,1.1449280000000002,POL,BHR,40
8163960,177,24,139,2016,239801.0,0.0,1.146113,1.239532,POL,BHR,40
8163961,177,24,139,2019,302646.0,0.0,1.088347,1.275875,POL,BHR,40
8163962,177,24,139,2008,94643.0,0.0,1.037287,1.244457,POL,BHR,40
8163963,177,24,139,2010,346201.0,0.0,1.083552,1.1433719999999998,POL,BHR,40
8163964,177,24,139,2009,164150.0,0.0,1.11055,1.069074,POL,BHR,40
8163965,177,24,139,2013,59433.0,0.0,1.084332,1.216749,POL,BHR,40
8163966,177,24,139,2002,17311.0,0.0,0.931642,1.721727,POL,BHR,40
8163967,177,24,139,2003,12053.0,0.0,0.966622,1.664838,POL,BHR,40
8163968,177,24,139,2001,9482.0,0.0,0.9474540000000001,1.8408220000000002,POL,BHR,40
8163969,178,24,139,2015,1383.0,0.0,-0.404818,-0.075235,PRK,BHR,40
8163970,178,24,139,2001,3106.0,0.0,0.62773,1.010888,PRK,BHR,40
8163971,179,24,139,2019,65505.0,0.0,0.545467,2.344447,PRT,BHR,40
8163972,179,24,139,2020,100897.0,0.0,0.656999,2.1136470000000003,PRT,BHR,40
8163973,179,24,139,2018,93689.0,637.0,0.652628,2.211758,PRT,BHR,40
8163974,179,24,139,1996,1475.0,0.0,0.39343,1.170144,PRT,BHR,40
8163975,179,24,139,1995,2324.0,0.0,0.412677,1.254009,PRT,BHR,40
8163976,179,24,139,2002,1412.0,0.0,0.484407,1.6500080000000001,PRT,BHR,40
8163977,179,24,139,2003,5437.0,0.0,0.471376,1.647303,PRT,BHR,40
8163978,179,24,139,2008,3316.0,0.0,0.64135,2.1946939999999997,PRT,BHR,40
8163979,179,24,139,2009,20931.0,0.0,0.559189,2.4359919999999997,PRT,BHR,40
8163980,179,24,139,2010,30404.0,0.0,0.551149,2.437209,PRT,BHR,40
8163981,179,24,139,2011,64810.0,0.0,0.558481,2.7056240000000003,PRT,BHR,40
8163982,179,24,139,2012,53210.0,0.0,0.648544,2.405491,PRT,BHR,40
8163983,179,24,139,2013,15464.0,0.0,0.541454,2.5228610000000002,PRT,BHR,40
8163984,179,24,139,2014,66125.0,0.0,0.621053,2.349644,PRT,BHR,40
8163985,179,24,139,2015,160092.0,30181.0,0.561922,2.2276380000000002,PRT,BHR,40
8163986,179,24,139,2016,82379.0,0.0,0.519621,2.254972,PRT,BHR,40
8163987,179,24,139,2017,91297.0,0.0,0.527046,2.264624,PRT,BHR,40
8163988,179,24,139,1999,0.0,17405.0,0.420538,1.379359,PRT,BHR,40
8163989,179,24,139,2006,7781.0,0.0,0.5723630000000001,1.92303,PRT,BHR,40
8163990,179,24,139,2005,6524.0,0.0,0.5119819999999999,1.901636,PRT,BHR,40
8163991,179,24,139,2004,37160.0,0.0,0.524524,1.901139,PRT,BHR,40
8163992,179,24,139,2007,2267.0,0.0,0.621302,1.971656,PRT,BHR,40
8163993,182,24,139,2014,19230.0,0.0,0.008831,-0.6268279999999999,PYF,BHR,40
8163994,183,24,139,2007,35274.0,219155.0,0.20181500000000002,-0.9898110000000001,QAT,BHR,40
8163995,183,24,139,2010,4014.0,2556154.0,-0.346143,-1.078192,QAT,BHR,40
8163996,183,24,139,2008,3759.0,341605.0,-0.36390900000000004,-1.0045549999999999,QAT,BHR,40
8163997,183,24,139,2006,10202.0,61624.0,0.055777999999999994,-1.0379049999999999,QAT,BHR,40
8163998,183,24,139,2011,20038.0,516700.0,-0.45851899999999995,-1.017033,QAT,BHR,40
8163999,183,24,139,2013,9418.0,1542586.0,-0.083649,-1.013491,QAT,BHR,40
8164000,183,24,139,2015,33982.0,1251411.0,-0.077053,-0.9922719999999999,QAT,BHR,40
8164001,183,24,139,2000,5576.0,34539.0,-0.591806,-1.152123,QAT,BHR,40
8164002,183,24,139,2005,4643.0,19867.0,0.2381,-1.0287979999999999,QAT,BHR,40
8164003,183,24,139,2014,8863.0,1311206.0,-0.37535599999999997,-1.0196370000000001,QAT,BHR,40
8164004,183,24,139,2017,0.0,896451.0,-0.361327,-1.066869,QAT,BHR,40
8164005,183,24,139,2001,0.0,19866.0,-0.46564799999999995,-1.127634,QAT,BHR,40
8164006,183,24,139,2002,36695.0,25911.0,-0.306052,-1.098296,QAT,BHR,40
8164007,183,24,139,2003,7709.0,21799.0,-0.209042,-1.0565799999999999,QAT,BHR,40
8164008,183,24,139,2009,87209.0,460369.0,-0.484947,-1.07179,QAT,BHR,40
8164009,183,24,139,2016,0.0,2708531.0,-0.36124,-1.106629,QAT,BHR,40
8164010,183,24,139,2004,51225.0,15906.0,0.21713400000000002,-1.031806,QAT,BHR,40
8164011,183,24,139,2012,9473.0,471652.0,-0.558014,-1.012392,QAT,BHR,40
8164012,185,24,139,2005,32285.0,0.0,0.371288,1.095875,ROU,BHR,40
8164013,185,24,139,2006,828.0,0.0,0.550825,1.170744,ROU,BHR,40
8164014,185,24,139,2007,60788.0,0.0,0.69445,1.223747,ROU,BHR,40
8164015,185,24,139,2008,155964.0,0.0,0.784924,1.235527,ROU,BHR,40
8164016,185,24,139,2009,127176.0,0.0,0.833802,1.024418,ROU,BHR,40
8164017,185,24,139,2011,169566.0,0.0,0.722,1.296655,ROU,BHR,40
8164018,185,24,139,2016,262608.0,0.0,1.061259,0.9878870000000001,ROU,BHR,40
8164019,185,24,139,2018,776261.0,0.0,1.050715,1.04471,ROU,BHR,40
8164020,185,24,139,2019,1028974.0,7896.0,1.044289,1.013691,ROU,BHR,40
8164021,185,24,139,2020,2070141.0,397426.0,1.13426,0.9767809999999999,ROU,BHR,40
8164022,185,24,139,2017,531149.0,0.0,1.05479,0.9842219999999999,ROU,BHR,40
8164023,185,24,139,2003,2514.0,0.0,0.378379,1.0064620000000002,ROU,BHR,40
8164024,185,24,139,2004,17214.0,0.0,0.37241599999999997,1.015865,ROU,BHR,40
8164025,185,24,139,2010,122628.0,0.0,0.6483760000000001,1.200256,ROU,BHR,40
8164026,185,24,139,2012,147679.0,0.0,0.745926,1.2884719999999998,ROU,BHR,40
8164027,185,24,139,2013,166028.0,0.0,0.792035,1.225034,ROU,BHR,40
8164028,185,24,139,2015,198290.0,0.0,0.946363,1.056775,ROU,BHR,40
8164029,185,24,139,2014,314213.0,0.0,0.9112,1.188161,ROU,BHR,40
8164030,186,24,139,2016,21031.0,0.0,0.252891,0.200423,RUS,BHR,40
8164031,186,24,139,2017,33959.0,677.0,0.32885,0.288392,RUS,BHR,40
8164032,186,24,139,2003,8620.0,0.0,1.072729,0.338355,RUS,BHR,40
8164033,186,24,139,2009,6617.0,0.0,0.392478,-0.20038399999999998,RUS,BHR,40
8164034,186,24,139,2012,7173.0,6067.0,0.20625500000000002,-0.196697,RUS,BHR,40
8164035,186,24,139,2013,48976.0,0.0,0.481166,-0.180052,RUS,BHR,40
8164036,186,24,139,2015,68431.0,0.0,0.23119,0.035965,RUS,BHR,40
8164037,186,24,139,2018,85578.0,0.0,0.21398000000000003,0.100414,RUS,BHR,40
8164038,186,24,139,2020,113159.0,0.0,0.373882,0.42102700000000004,RUS,BHR,40
8164039,186,24,139,2010,820.0,0.0,0.583996,-0.223881,RUS,BHR,40
8164040,186,24,139,2011,676.0,0.0,0.47319399999999995,-0.20801599999999998,RUS,BHR,40
8164041,186,24,139,2007,15567.0,1932.0,0.5576399999999999,-0.05382000000000001,RUS,BHR,40
8164042,186,24,139,2014,221385.0,0.0,0.229422,-0.214856,RUS,BHR,40
8164043,186,24,139,2019,80237.0,0.0,0.329884,0.26215,RUS,BHR,40
8164044,187,24,139,2014,0.0,1261.0,-0.5692659999999999,-0.447859,RWA,BHR,40
8164045,188,24,139,2006,1270428.0,926589.0,0.162432,-0.853059,SAU,BHR,40
8164046,188,24,139,2011,1309150.0,2368570.0,0.354045,-0.800028,SAU,BHR,40
8164047,188,24,139,2017,2046585.0,2605049.0,0.597716,-0.345049,SAU,BHR,40
8164048,188,24,139,2018,2648402.0,3439839.0,0.5801810000000001,-0.447514,SAU,BHR,40
8164049,188,24,139,2019,794075.0,5510590.0,0.787798,-0.41350600000000004,SAU,BHR,40
8164050,188,24,139,2020,2865827.0,3199889.0,0.662925,-0.21661999999999998,SAU,BHR,40
8164051,188,24,139,2007,794111.0,1040394.0,0.367463,-0.8603709999999999,SAU,BHR,40
8164052,188,24,139,2005,747442.0,950407.0,0.678873,-0.759985,SAU,BHR,40
8164053,188,24,139,2013,986953.0,7853249.0,0.626347,-0.844406,SAU,BHR,40
8164054,188,24,139,2016,1012125.0,2909883.0,0.394807,-0.638644,SAU,BHR,40
8164055,188,24,139,2012,1077304.0,4376599.0,0.42235200000000006,-0.818584,SAU,BHR,40
8164056,188,24,139,2014,878929.0,6619777.0,0.5758439999999999,-0.832692,SAU,BHR,40
8164057,188,24,139,2015,1378455.0,6372921.0,0.5552520000000001,-0.7263229999999999,SAU,BHR,40
8164058,188,24,139,2009,1418796.0,1605739.0,0.300581,-0.813199,SAU,BHR,40
8164059,188,24,139,2010,1155871.0,2172347.0,0.46696400000000005,-0.7487520000000001,SAU,BHR,40
8164060,188,24,139,2008,1129875.0,1889441.0,-0.09849400000000001,-0.8998309999999999,SAU,BHR,40
8164061,188,24,139,1996,2169031.0,116677.0,0.215265,-0.8577309999999999,SAU,BHR,40
8164062,188,24,139,1998,455145.0,113225.0,0.521849,-0.7550899999999999,SAU,BHR,40
8164063,188,24,139,2004,863616.0,1923533.0,0.546196,-0.7014729999999999,SAU,BHR,40
8164064,188,24,139,2003,481986.0,651396.0,0.202286,-0.714691,SAU,BHR,40
8164065,188,24,139,1995,1424321.0,55920.0,0.401573,-0.6676529999999999,SAU,BHR,40
8164066,188,24,139,1999,0.0,288012.0,0.553028,-0.527401,SAU,BHR,40
8164067,188,24,139,2000,314098.0,184807.0,0.588175,-0.74197,SAU,BHR,40
8164068,188,24,139,2002,221519.0,540439.0,0.082107,-0.843317,SAU,BHR,40
8164069,188,24,139,2001,228576.0,349857.0,0.5370550000000001,-0.793469,SAU,BHR,40
8164070,189,24,139,2003,13647.0,0.0,0.575326,1.627894,SCG,BHR,40
8164071,189,24,139,2005,1500.0,0.0,0.560725,1.62105,SCG,BHR,40
8164072,190,24,139,2008,0.0,1862.0,-2.095439,-1.263511,SDN,BHR,40
8164073,190,24,139,2011,0.0,48330.0,-2.1675869999999997,-1.249272,SDN,BHR,40
8164074,190,24,139,2013,997.0,87536.0,-1.254944,-1.073564,SDN,BHR,40
8164075,190,24,139,2016,0.0,6781.0,-1.216141,-1.191648,SDN,BHR,40
8164076,190,24,139,2017,0.0,8967.0,-1.567691,-1.257164,SDN,BHR,40
8164077,190,24,139,2018,0.0,3746.0,-1.278532,-1.176008,SDN,BHR,40
8164078,190,24,139,2007,0.0,13459.0,-1.978359,-1.316172,SDN,BHR,40
8164079,190,24,139,2014,0.0,22540.0,-1.442381,-1.1155030000000001,SDN,BHR,40
8164080,190,24,139,2000,0.0,2101.0,-1.5105899999999999,-1.2287549999999998,SDN,BHR,40
8164081,190,24,139,2003,0.0,7574.0,-1.3535059999999999,-1.1701409999999999,SDN,BHR,40
8164082,190,24,139,2005,0.0,46161.0,-1.5685850000000001,-1.243433,SDN,BHR,40
8164083,190,24,139,2004,0.0,22995.0,-1.5346309999999999,-1.2599559999999999,SDN,BHR,40
8164084,190,24,139,2019,0.0,14627.0,-1.25579,-1.208796,SDN,BHR,40
8164085,190,24,139,2006,0.0,26921.0,-1.873762,-1.278378,SDN,BHR,40
8164086,191,24,139,2016,0.0,2877.0,-0.7061270000000001,-0.46532399999999996,SEN,BHR,40
8164087,191,24,139,2015,0.0,5512.0,-0.708349,-0.296663,SEN,BHR,40
8164088,191,24,139,2017,1399.0,0.0,-0.6722899999999999,-0.26522199999999996,SEN,BHR,40
8164089,191,24,139,2020,0.0,9383.0,-0.634185,-0.398728,SEN,BHR,40
8164090,191,24,139,2012,8346.0,0.0,-0.458858,-0.172745,SEN,BHR,40
8164091,191,24,139,2001,0.0,12837.0,-0.437779,-0.436654,SEN,BHR,40
8164092,191,24,139,2003,0.0,43393.0,-0.25203600000000004,-0.25549299999999997,SEN,BHR,40
8164093,191,24,139,2002,0.0,29657.0,-0.43679700000000005,-0.484176,SEN,BHR,40
8164094,192,24,139,2001,220820.0,0.0,1.364239,0.721074,SGP,BHR,40
8164095,192,24,139,2002,129630.0,0.0,1.481857,0.648889,SGP,BHR,40
8164096,192,24,139,2011,762629.0,60747.0,1.849116,0.52127,SGP,BHR,40
8164097,192,24,139,2014,104950.0,72920.0,1.867492,0.626736,SGP,BHR,40
8164098,192,24,139,2018,114701.0,174147.0,1.914132,0.652011,SGP,BHR,40
8164099,192,24,139,1999,197861.0,0.0,1.355833,0.594305,SGP,BHR,40
8164100,192,24,139,2000,81096.0,2515.0,1.3392389999999998,0.6035010000000001,SGP,BHR,40
8164101,192,24,139,2012,271667.0,26232.0,1.685959,0.5900989999999999,SGP,BHR,40
8164102,192,24,139,2013,107333.0,112601.0,1.915504,0.619576,SGP,BHR,40
8164103,192,24,139,2015,55404.0,195468.0,2.05613,0.593065,SGP,BHR,40
8164104,192,24,139,2017,77569.0,335238.0,1.884166,0.37903600000000004,SGP,BHR,40
8164105,192,24,139,2016,64240.0,208587.0,2.089995,0.564921,SGP,BHR,40
8164106,192,24,139,2005,133025.0,7731.0,1.601677,0.49930399999999997,SGP,BHR,40
8164107,192,24,139,2020,182750.0,0.0,1.948379,0.610574,SGP,BHR,40
8164108,192,24,139,2008,114090.0,3729.0,1.844543,0.5947020000000001,SGP,BHR,40
8164109,192,24,139,2009,159692.0,0.0,1.9503540000000001,0.498033,SGP,BHR,40
8164110,192,24,139,2010,748435.0,45128.0,1.8441349999999999,0.570311,SGP,BHR,40
8164111,192,24,139,2019,120141.0,231232.0,2.0264599999999997,0.665506,SGP,BHR,40
8164112,192,24,139,2003,116995.0,8467.0,1.5080799999999999,0.720337,SGP,BHR,40
8164113,192,24,139,2006,58935.0,81732.0,1.5377379999999998,0.503089,SGP,BHR,40
8164114,192,24,139,1995,142752.0,0.0,0.747684,0.4745,SGP,BHR,40
8164115,192,24,139,1996,167924.0,0.0,0.8354299999999999,0.41169799999999995,SGP,BHR,40
8164116,192,24,139,1997,319829.0,0.0,1.01557,0.360154,SGP,BHR,40
8164117,192,24,139,1998,215693.0,0.0,1.0029709999999998,0.506545,SGP,BHR,40
8164118,192,24,139,2004,105383.0,32723.0,1.6409779999999998,0.634947,SGP,BHR,40
8164119,192,24,139,2007,427478.0,170496.0,1.608299,0.545791,SGP,BHR,40
8164120,194,24,139,2014,21991.0,0.0,1.125419,-0.183407,SHN,BHR,40
8164121,196,24,139,2017,3076.0,0.0,-0.37777,-0.6353270000000001,SLE,BHR,40
8164122,196,24,139,2014,22199.0,0.0,-0.9228569999999999,-0.791482,SLE,BHR,40
8164123,196,24,139,2019,1342.0,0.0,-0.402403,-0.639318,SLE,BHR,40
8164124,196,24,139,2015,8311.0,0.0,0.072324,-0.255235,SLE,BHR,40
8164125,196,24,139,2016,28078.0,0.0,-0.184021,-0.5023920000000001,SLE,BHR,40
8164126,201,24,139,2020,420355.0,0.0,0.5868399999999999,1.1187120000000002,SRB,BHR,40
8164127,201,24,139,2017,11120.0,0.0,0.541644,1.19872,SRB,BHR,40
8164128,201,24,139,2019,364074.0,0.0,0.543913,1.210102,SRB,BHR,40
8164129,201,24,139,2018,145037.0,0.0,0.607486,1.2139389999999999,SRB,BHR,40
8164130,201,24,139,2006,5654.0,0.0,0.547824,1.5588879999999998,SRB,BHR,40
8164131,201,24,139,2012,7108.0,0.0,0.5927359999999999,1.507069,SRB,BHR,40
8164132,201,24,139,2013,382261.0,0.0,0.5717720000000001,1.174901,SRB,BHR,40
8164133,201,24,139,2011,4517.0,0.0,0.49055699999999997,1.5601399999999999,SRB,BHR,40
8164134,205,24,139,2014,1181.0,0.0,-0.6333989999999999,-0.857643,SUR,BHR,40
8164135,206,24,139,2013,36321.0,0.0,1.32064,0.7519819999999999,SVK,BHR,40
8164136,206,24,139,2018,44413.0,0.0,1.3270979999999999,0.877684,SVK,BHR,40
8164137,206,24,139,2020,3042.0,0.0,1.338026,0.825268,SVK,BHR,40
8164138,206,24,139,2011,81732.0,0.0,1.262897,0.8230569999999999,SVK,BHR,40
8164139,206,24,139,2014,45510.0,1366.0,1.334959,0.821253,SVK,BHR,40
8164140,206,24,139,2019,65704.0,0.0,1.39311,0.743107,SVK,BHR,40
8164141,206,24,139,2012,20376.0,0.0,1.26088,0.7704770000000001,SVK,BHR,40
8164142,206,24,139,1995,407108.0,0.0,1.2249780000000001,1.405585,SVK,BHR,40
8164143,206,24,139,2006,1125.0,0.0,1.291583,0.868317,SVK,BHR,40
8164144,206,24,139,2007,730.0,0.0,1.358301,0.79655,SVK,BHR,40
8164145,206,24,139,2009,2724.0,0.0,1.231382,0.820968,SVK,BHR,40
8164146,206,24,139,2015,26992.0,0.0,1.287133,0.7900560000000001,SVK,BHR,40
8164147,206,24,139,2016,41380.0,0.0,1.273942,0.763966,SVK,BHR,40
8164148,206,24,139,2017,90414.0,0.0,1.279606,0.85503,SVK,BHR,40
8164149,206,24,139,1996,1013591.0,0.0,1.189398,1.29167,SVK,BHR,40
8164150,206,24,139,1999,159186.0,0.0,1.133942,1.105742,SVK,BHR,40
8164151,206,24,139,2001,24184.0,0.0,1.1732770000000001,1.088576,SVK,BHR,40
8164152,206,24,139,2002,58594.0,0.0,1.1907379999999999,1.050649,SVK,BHR,40
8164153,206,24,139,2003,25035.0,0.0,1.22565,0.915518,SVK,BHR,40
8164154,206,24,139,2004,22477.0,0.0,1.2375120000000002,0.8777889999999999,SVK,BHR,40
8164155,207,24,139,2018,73943.0,0.0,1.67428,0.7703800000000001,SVN,BHR,40
8164156,207,24,139,2019,23838.0,1400.0,1.63711,0.803198,SVN,BHR,40
8164157,207,24,139,2007,67051.0,0.0,1.605767,0.692926,SVN,BHR,40
8164158,207,24,139,2008,167793.0,0.0,1.5099209999999998,0.683663,SVN,BHR,40
8164159,207,24,139,2010,35478.0,0.0,1.595473,0.7023020000000001,SVN,BHR,40
8164160,207,24,139,2011,15284.0,0.0,1.642913,0.700222,SVN,BHR,40
8164161,207,24,139,2012,17634.0,0.0,1.548381,0.699002,SVN,BHR,40
8164162,207,24,139,2014,41714.0,0.0,1.6558669999999998,0.6814399999999999,SVN,BHR,40
8164163,207,24,139,2004,11697.0,0.0,1.628643,1.02381,SVN,BHR,40
8164164,207,24,139,2000,715.0,0.0,1.493533,1.142239,SVN,BHR,40
8164165,207,24,139,2003,38848.0,0.0,1.6459840000000001,1.014191,SVN,BHR,40
8164166,207,24,139,2002,32371.0,0.0,1.5643770000000001,1.043862,SVN,BHR,40
8164167,207,24,139,2005,1638.0,0.0,1.583591,0.9321229999999999,SVN,BHR,40
8164168,207,24,139,2006,46295.0,0.0,1.5882370000000001,0.800719,SVN,BHR,40
8164169,207,24,139,2009,169010.0,0.0,1.548036,0.730396,SVN,BHR,40
8164170,207,24,139,2017,272458.0,0.0,1.600319,0.854305,SVN,BHR,40
8164171,207,24,139,2016,21388.0,0.0,1.6466720000000001,0.8247680000000001,SVN,BHR,40
8164172,207,24,139,2013,36467.0,0.0,1.698374,0.563082,SVN,BHR,40
8164173,207,24,139,2015,6719.0,0.0,1.6089879999999999,0.833616,SVN,BHR,40
8164174,207,24,139,2020,43554.0,0.0,1.570699,0.8442459999999999,SVN,BHR,40
8164175,207,24,139,2001,27293.0,0.0,1.5074370000000001,1.1370040000000001,SVN,BHR,40
8164176,208,24,139,2011,181326.0,4758.0,1.857146,0.366159,SWE,BHR,40
8164177,208,24,139,2005,76539.0,0.0,1.902796,0.84031,SWE,BHR,40
8164178,208,24,139,2017,96734.0,28482.0,1.764732,0.732646,SWE,BHR,40
8164179,208,24,139,2002,52026.0,0.0,2.128614,0.7891199999999999,SWE,BHR,40
8164180,208,24,139,2003,46598.0,0.0,2.099224,0.799982,SWE,BHR,40
8164181,208,24,139,2004,74375.0,2532.0,2.0522080000000003,0.8326969999999999,SWE,BHR,40
8164182,208,24,139,2006,154402.0,0.0,1.902737,0.593294,SWE,BHR,40
8164183,208,24,139,2008,204462.0,0.0,1.866575,0.44342700000000007,SWE,BHR,40
8164184,208,24,139,1996,69323.0,0.0,2.133781,0.9099889999999999,SWE,BHR,40
8164185,208,24,139,1997,39087.0,4468.0,2.120182,0.993078,SWE,BHR,40
8164186,208,24,139,1998,29597.0,0.0,2.134076,0.9259729999999999,SWE,BHR,40
8164187,208,24,139,1999,40211.0,0.0,2.1456720000000002,0.856556,SWE,BHR,40
8164188,208,24,139,2000,45842.0,0.0,2.168823,0.839417,SWE,BHR,40
8164189,208,24,139,2001,109770.0,0.0,2.156845,0.784439,SWE,BHR,40
8164190,208,24,139,2007,148831.0,0.0,1.927244,0.498241,SWE,BHR,40
8164191,208,24,139,2009,236827.0,1178.0,1.877821,0.336565,SWE,BHR,40
8164192,208,24,139,2010,198376.0,0.0,1.882239,0.397927,SWE,BHR,40
8164193,208,24,139,2012,87907.0,0.0,1.78062,0.269041,SWE,BHR,40
8164194,208,24,139,2013,102714.0,0.0,1.869421,0.228109,SWE,BHR,40
8164195,208,24,139,2014,175298.0,3203.0,1.817752,0.558474,SWE,BHR,40
8164196,208,24,139,2015,201001.0,3608.0,1.8068349999999997,0.693389,SWE,BHR,40
8164197,208,24,139,2016,106030.0,0.0,1.785149,0.767444,SWE,BHR,40
8164198,208,24,139,2018,144176.0,24170.0,1.76361,0.766904,SWE,BHR,40
8164199,208,24,139,2019,213713.0,0.0,1.781148,0.742037,SWE,BHR,40
8164200,208,24,139,2020,71068.0,0.0,1.6911310000000002,0.791586,SWE,BHR,40
8164201,208,24,139,1995,177860.0,0.0,2.246997,1.060171,SWE,BHR,40
8164202,209,24,139,2014,0.0,9972.0,0.22972199999999998,-0.365564,SWZ,BHR,40
8164203,211,24,139,2019,0.0,112712.0,0.024113,-0.711363,SYC,BHR,40
8164204,212,24,139,2009,0.0,7018.0,-0.48481199999999997,1.464509,SYR,BHR,40
8164205,212,24,139,2008,1872.0,989.0,-0.365789,0.877383,SYR,BHR,40
8164206,212,24,139,2006,0.0,3314.0,-0.588695,0.532487,SYR,BHR,40
8164207,212,24,139,2015,2505.0,0.0,-0.603532,0.313216,SYR,BHR,40
8164208,216,24,139,2002,212957.0,0.0,0.432041,1.627953,THA,BHR,40
8164209,216,24,139,2003,162809.0,0.0,0.43010699999999996,1.607408,THA,BHR,40
8164210,216,24,139,2012,1928192.0,3890.0,0.910957,1.294243,THA,BHR,40
8164211,216,24,139,2013,2501060.0,0.0,0.8752139999999999,1.3798620000000001,THA,BHR,40
8164212,216,24,139,2014,1815635.0,0.0,0.977094,1.41283,THA,BHR,40
8164213,216,24,139,2015,2108270.0,0.0,0.965888,1.368572,THA,BHR,40
8164214,216,24,139,2016,2329577.0,0.0,1.022065,1.428082,THA,BHR,40
8164215,216,24,139,2017,2302466.0,0.0,0.983977,1.3926020000000001,THA,BHR,40
8164216,216,24,139,2018,2008481.0,0.0,1.053177,1.4084969999999999,THA,BHR,40
8164217,216,24,139,2005,202774.0,0.0,0.552846,1.664665,THA,BHR,40
8164218,216,24,139,2006,250597.0,0.0,0.568209,1.685343,THA,BHR,40
8164219,216,24,139,2007,247759.0,1011.0,0.711328,1.411114,THA,BHR,40
8164220,216,24,139,2009,813846.0,0.0,0.79692,1.315501,THA,BHR,40
8164221,216,24,139,2010,1271345.0,50972.0,0.748328,1.425224,THA,BHR,40
8164222,216,24,139,1996,417816.0,1676.0,0.10120599999999999,1.351967,THA,BHR,40
8164223,216,24,139,2000,231137.0,0.0,0.301195,1.577338,THA,BHR,40
8164224,216,24,139,2001,345551.0,0.0,0.37555900000000003,1.498267,THA,BHR,40
8164225,216,24,139,2004,101797.0,0.0,0.5150359999999999,1.583019,THA,BHR,40
8164226,216,24,139,2008,736424.0,0.0,0.7531399999999999,1.4420620000000002,THA,BHR,40
8164227,216,24,139,2011,1867155.0,0.0,0.889009,1.503118,THA,BHR,40
8164228,216,24,139,2019,2702915.0,2871.0,0.9744229999999999,1.401199,THA,BHR,40
8164229,216,24,139,2020,1835015.0,1026.0,1.035524,1.2777180000000001,THA,BHR,40
8164230,216,24,139,1999,515252.0,0.0,0.20451,1.513533,THA,BHR,40
8164231,216,24,139,1997,216354.0,0.0,0.084875,1.41931,THA,BHR,40
8164232,216,24,139,1998,435597.0,24635.0,0.128633,1.484142,THA,BHR,40
8164233,216,24,139,1995,315195.0,0.0,0.174522,1.608058,THA,BHR,40
8164234,218,24,139,2013,11929.0,0.0,0.39178,0.035406,TKL,BHR,40
8164235,218,24,139,2016,11331.0,0.0,0.243821,0.018425,TKL,BHR,40
8164236,223,24,139,2007,260891.0,0.0,0.062824,0.74003,TUN,BHR,40
8164237,223,24,139,2019,1176.0,5340.0,0.19601300000000002,1.159766,TUN,BHR,40
8164238,223,24,139,2005,269971.0,0.0,-0.07273099999999999,0.671113,TUN,BHR,40
8164239,223,24,139,2016,1667.0,0.0,0.171791,1.062948,TUN,BHR,40
8164240,223,24,139,2018,3077.0,0.0,0.259778,1.187194,TUN,BHR,40
8164241,223,24,139,2006,389453.0,0.0,-0.013636,0.804752,TUN,BHR,40
8164242,223,24,139,2017,5355.0,0.0,0.224119,0.961772,TUN,BHR,40
8164243,223,24,139,2011,117670.0,0.0,0.151221,1.1252360000000001,TUN,BHR,40
8164244,223,24,139,2012,134365.0,0.0,0.24695799999999998,0.9356620000000001,TUN,BHR,40
8164245,224,24,139,2017,723997.0,0.0,0.541611,2.405872,TUR,BHR,40
8164246,224,24,139,2018,656200.0,17835.0,0.518721,2.5581419999999997,TUR,BHR,40
8164247,224,24,139,2011,696600.0,43856.0,0.45775,2.4316259999999996,TUR,BHR,40
8164248,224,24,139,2012,1236155.0,0.0,0.507184,2.259161,TUR,BHR,40
8164249,224,24,139,2007,1107848.0,0.0,0.41396700000000003,2.0339869999999998,TUR,BHR,40
8164250,224,24,139,2005,926202.0,0.0,0.226487,2.210279,TUR,BHR,40
8164251,224,24,139,2009,605235.0,1058.0,0.384596,2.3797610000000002,TUR,BHR,40
8164252,224,24,139,2010,876338.0,0.0,0.359977,2.471173,TUR,BHR,40
8164253,224,24,139,2019,692751.0,26919.0,0.569408,2.364546,TUR,BHR,40
8164254,224,24,139,2020,754416.0,1852.0,0.590472,2.619866,TUR,BHR,40
8164255,224,24,139,2014,2782772.0,0.0,0.554761,2.385693,TUR,BHR,40
8164256,224,24,139,2015,1878796.0,8281.0,0.438669,2.519632,TUR,BHR,40
8164257,224,24,139,2016,1334287.0,316905.0,0.45364799999999994,2.478837,TUR,BHR,40
8164258,224,24,139,1996,591658.0,0.0,0.156866,1.554023,TUR,BHR,40
8164259,224,24,139,1997,243765.0,0.0,0.167734,1.5827870000000002,TUR,BHR,40
8164260,224,24,139,1998,178462.0,0.0,0.085286,1.653589,TUR,BHR,40
8164261,224,24,139,1999,158543.0,0.0,0.044692,1.745755,TUR,BHR,40
8164262,224,24,139,2000,102983.0,0.0,0.191299,1.9761529999999998,TUR,BHR,40
8164263,224,24,139,2001,115834.0,0.0,0.188773,1.91451,TUR,BHR,40
8164264,224,24,139,2008,973762.0,0.0,0.44478,2.186881,TUR,BHR,40
8164265,224,24,139,2013,2349432.0,1526.0,0.42932299999999995,2.690235,TUR,BHR,40
8164266,224,24,139,2006,515426.0,1448.0,0.33971599999999996,2.193384,TUR,BHR,40
8164267,224,24,139,2002,230139.0,0.0,0.11263699999999999,1.83925,TUR,BHR,40
8164268,224,24,139,2003,471137.0,0.0,0.192802,1.9855060000000002,TUR,BHR,40
8164269,224,24,139,2004,390371.0,0.0,0.141454,1.9463599999999999,TUR,BHR,40
8164270,224,24,139,1995,810042.0,0.0,0.166794,1.209066,TUR,BHR,40
8164271,226,24,139,1997,0.0,1829.0,-1.368133,-0.753692,TZA,BHR,40
8164272,226,24,139,2009,9490.0,0.0,-0.822897,0.644899,TZA,BHR,40
8164273,226,24,139,2019,0.0,16810.0,-0.907172,0.37293899999999996,TZA,BHR,40
8164274,226,24,139,2012,0.0,132472.0,-0.594481,0.770239,TZA,BHR,40
8164275,226,24,139,2013,0.0,96931.0,-0.9306770000000001,0.273489,TZA,BHR,40
8164276,226,24,139,2014,0.0,30177.0,-1.054331,0.166345,TZA,BHR,40
8164277,226,24,139,2011,0.0,54274.0,-0.751316,0.286505,TZA,BHR,40
8164278,226,24,139,2004,0.0,1830.0,-1.022658,-0.007045999999999999,TZA,BHR,40
8164279,226,24,139,2020,0.0,1314.0,-1.024,-0.023909,TZA,BHR,40
8164280,227,24,139,2019,0.0,900.0,-0.639476,0.148255,UGA,BHR,40
8164281,227,24,139,2008,0.0,3638.0,-0.653885,-0.035455,UGA,BHR,40
8164282,227,24,139,2020,0.0,26296.0,-0.55156,-0.019136,UGA,BHR,40
8164283,228,24,139,2009,429.0,0.0,0.602688,0.830247,UKR,BHR,40
8164284,228,24,139,2012,2270.0,0.0,0.590001,0.8422069999999999,UKR,BHR,40
8164285,228,24,139,2013,2350.0,0.0,0.657729,0.9063200000000001,UKR,BHR,40
8164286,228,24,139,2014,14569.0,0.0,0.566535,0.832267,UKR,BHR,40
8164287,228,24,139,2015,2092.0,0.0,0.429879,0.701813,UKR,BHR,40
8164288,228,24,139,2016,8971.0,0.0,0.406901,0.637051,UKR,BHR,40
8164289,228,24,139,2017,687.0,0.0,0.461109,0.7826569999999999,UKR,BHR,40
8164290,228,24,139,2018,1933.0,0.0,0.337296,0.758675,UKR,BHR,40
8164291,228,24,139,2019,1661.0,0.0,0.303802,0.5650270000000001,UKR,BHR,40
8164292,228,24,139,2007,820.0,0.0,0.7441760000000001,0.8681260000000001,UKR,BHR,40
8164293,231,24,139,1995,629930.0,2112.0,1.771648,1.184,USA,BHR,40
8164294,231,24,139,1996,881423.0,0.0,1.7110560000000001,1.125141,USA,BHR,40
8164295,231,24,139,1997,441983.0,0.0,1.823511,0.888084,USA,BHR,40
8164296,231,24,139,1999,398498.0,0.0,1.8755119999999998,0.5350729999999999,USA,BHR,40
8164297,231,24,139,2000,504426.0,0.0,1.8549650000000002,0.226992,USA,BHR,40
8164298,231,24,139,2001,546195.0,0.0,1.873674,0.168468,USA,BHR,40
8164299,231,24,139,2002,1040759.0,9718.0,1.821594,0.231296,USA,BHR,40
8164300,231,24,139,2003,499912.0,2047.0,1.7789220000000001,0.064028,USA,BHR,40
8164301,231,24,139,2005,1009258.0,0.0,1.718086,-0.34564,USA,BHR,40
8164302,231,24,139,2006,571599.0,1813.0,1.666643,-0.121679,USA,BHR,40
8164303,231,24,139,2007,1486017.0,32214.0,1.612165,0.0922,USA,BHR,40
8164304,231,24,139,2008,2040116.0,34880.0,1.584278,-0.209788,USA,BHR,40
8164305,231,24,139,2009,2341491.0,0.0,1.657663,-0.41411400000000004,USA,BHR,40
8164306,231,24,139,2010,1589758.0,14266.0,1.67573,-0.598165,USA,BHR,40
8164307,231,24,139,2011,3276369.0,259105.0,1.6884849999999998,-0.474499,USA,BHR,40
8164308,231,24,139,2012,2816004.0,29203.0,1.628377,-0.601941,USA,BHR,40
8164309,231,24,139,2013,3126040.0,121221.0,1.6639689999999998,-0.48651300000000003,USA,BHR,40
8164310,231,24,139,2014,3736803.0,48858.0,1.61227,0.068905,USA,BHR,40
8164311,231,24,139,2015,3111416.0,42168.0,1.720478,-0.129322,USA,BHR,40
8164312,231,24,139,2016,2963630.0,1149.0,1.685329,0.297536,USA,BHR,40
8164313,231,24,139,2017,4025114.0,11429.0,1.601478,0.277271,USA,BHR,40
8164314,231,24,139,2018,4288506.0,22147.0,1.585861,0.44815900000000003,USA,BHR,40
8164315,231,24,139,2019,3677181.0,18103.0,1.606808,0.3232,USA,BHR,40
8164316,231,24,139,2020,2672432.0,0.0,1.588148,0.380904,USA,BHR,40
8164317,231,24,139,1998,325040.0,0.0,1.8223639999999999,0.761336,USA,BHR,40
8164318,231,24,139,2004,436257.0,17962.0,1.7598630000000002,0.066704,USA,BHR,40
8164319,232,24,139,2017,0.0,17663.0,-0.407169,-0.264942,UZB,BHR,40
8164320,236,24,139,2014,3449.0,0.0,-0.582086,-1.081727,VEN,BHR,40
8164321,236,24,139,2003,13500.0,0.0,0.277805,-0.783697,VEN,BHR,40
8164322,239,24,139,2013,709.0,0.0,-0.11426900000000001,1.399738,VNM,BHR,40
8164323,239,24,139,2018,89799.0,0.0,0.003069,0.9169729999999999,VNM,BHR,40
8164324,239,24,139,2019,168684.0,0.0,-0.048147,1.098784,VNM,BHR,40
8164325,239,24,139,2010,21765.0,0.0,-0.24660500000000002,1.427235,VNM,BHR,40
8164326,239,24,139,2015,102181.0,0.0,-0.17108900000000002,1.10995,VNM,BHR,40
8164327,239,24,139,2016,53657.0,0.0,-0.10217899999999999,1.015568,VNM,BHR,40
8164328,239,24,139,2009,8165.0,0.0,-0.27396,1.131199,VNM,BHR,40
8164329,239,24,139,2011,14189.0,0.0,-0.184453,1.637207,VNM,BHR,40
8164330,239,24,139,2005,11049.0,0.0,-0.673618,0.766938,VNM,BHR,40
8164331,239,24,139,2017,133836.0,0.0,-0.009819,0.686429,VNM,BHR,40
8164332,239,24,139,2003,7350.0,0.0,-0.633985,0.659696,VNM,BHR,40
8164333,239,24,139,2007,23059.0,0.0,-0.335613,1.048849,VNM,BHR,40
8164334,239,24,139,2012,85236.0,0.0,0.012365000000000001,1.290936,VNM,BHR,40
8164335,239,24,139,2014,64693.0,0.0,-0.023765,1.344416,VNM,BHR,40
8164336,239,24,139,2004,19437.0,0.0,-0.5270560000000001,0.8910389999999999,VNM,BHR,40
8164337,239,24,139,2006,30238.0,12362.0,-0.342779,1.033318,VNM,BHR,40
8164338,243,24,139,2008,0.0,2053.0,-1.227495,-1.191462,YEM,BHR,40
8164339,243,24,139,2007,0.0,5005.0,-1.2624600000000001,-1.2131290000000001,YEM,BHR,40
8164340,243,24,139,2019,0.0,1370.0,-1.4367860000000001,-1.262101,YEM,BHR,40
8164341,243,24,139,2017,0.0,5659.0,-1.397594,-1.2342110000000002,YEM,BHR,40
8164342,243,24,139,2016,0.0,43772.0,-1.232675,-1.205963,YEM,BHR,40
8164343,246,24,139,2010,25039.0,0.0,0.327326,1.513598,ZAF,BHR,40
8164344,246,24,139,2008,49800.0,0.0,0.22551500000000002,1.185506,ZAF,BHR,40
8164345,246,24,139,2009,26859.0,0.0,0.316452,1.767795,ZAF,BHR,40
8164346,246,24,139,2004,25719.0,0.0,0.460279,1.9736220000000002,ZAF,BHR,40
8164347,246,24,139,2011,13028.0,0.0,0.241792,1.353011,ZAF,BHR,40
8164348,246,24,139,2012,49591.0,0.0,0.284069,1.730991,ZAF,BHR,40
8164349,246,24,139,2018,133189.0,6325.0,0.158722,1.394829,ZAF,BHR,40
8164350,246,24,139,2019,99648.0,30689.0,0.129921,1.101027,ZAF,BHR,40
8164351,246,24,139,2020,6129.0,136802.0,0.042099,0.923931,ZAF,BHR,40
8164352,246,24,139,2005,38101.0,0.0,0.484464,1.65903,ZAF,BHR,40
8164353,246,24,139,2017,85169.0,1236.0,0.2066,1.378591,ZAF,BHR,40
8164354,246,24,139,2002,259081.0,0.0,0.395943,2.392458,ZAF,BHR,40
8164355,246,24,139,2003,9173.0,2410.0,0.477987,2.255395,ZAF,BHR,40
8164356,246,24,139,2014,4886.0,0.0,0.282927,1.723214,ZAF,BHR,40
8164357,246,24,139,2015,33132.0,0.0,0.24944699999999997,1.7573159999999999,ZAF,BHR,40
8164358,246,24,139,2013,37133.0,0.0,0.380284,1.5682120000000002,ZAF,BHR,40
8164359,246,24,139,2016,21679.0,0.0,0.187396,1.46169,ZAF,BHR,40
8164360,246,24,139,2001,23653.0,0.0,0.356842,2.006155,ZAF,BHR,40
8164361,246,24,139,2007,7893.0,0.0,0.349792,1.246052,ZAF,BHR,40
8164362,246,24,139,1995,43944.0,0.0,0.468112,1.039817,ZAF,BHR,40
8164363,246,24,139,1998,3641.0,0.0,0.573958,1.3813739999999999,ZAF,BHR,40
8164364,246,24,139,2000,9563.0,0.0,0.5307529999999999,2.1141810000000003,ZAF,BHR,40
8164365,248,24,139,2011,0.0,27674.0,-0.858662,-0.8632719999999999,ZWE,BHR,40
8164366,249,24,139,2001,145295.0,0.0,1.5731700000000002,1.353159,TWN,BHR,40
8164367,249,24,139,2002,322709.0,0.0,1.683858,1.333601,TWN,BHR,40
8164368,249,24,139,2007,502489.0,0.0,1.651607,0.974649,TWN,BHR,40
8164369,249,24,139,2009,485701.0,0.0,1.5763120000000002,0.9567950000000001,TWN,BHR,40
8164370,249,24,139,2010,628848.0,0.0,1.766729,0.909335,TWN,BHR,40
8164371,249,24,139,2012,744193.0,0.0,1.6528,0.9437409999999999,TWN,BHR,40
8164372,249,24,139,2013,573171.0,0.0,1.843186,0.9432379999999999,TWN,BHR,40
8164373,249,24,139,2017,594390.0,0.0,2.0548290000000002,1.2552969999999999,TWN,BHR,40
8164374,249,24,139,2018,492919.0,0.0,2.0462540000000002,1.166636,TWN,BHR,40
8164375,249,24,139,2016,530136.0,0.0,2.002996,1.39485,TWN,BHR,40
8164376,249,24,139,2019,386925.0,0.0,2.123296,1.1786969999999999,TWN,BHR,40
8164377,249,24,139,2020,268166.0,0.0,2.0517060000000003,1.205431,TWN,BHR,40
8164378,249,24,139,2011,618115.0,0.0,1.803234,0.921233,TWN,BHR,40
8164379,249,24,139,2014,975192.0,0.0,1.9044189999999999,1.0595139999999998,TWN,BHR,40
8164380,249,24,139,2015,756433.0,0.0,1.962832,1.214982,TWN,BHR,40
8164381,249,24,139,2000,217121.0,0.0,1.44705,1.475122,TWN,BHR,40
8164382,249,24,139,2003,185374.0,0.0,1.5924040000000002,1.397843,TWN,BHR,40
8164383,249,24,139,2005,315295.0,0.0,1.577067,1.3218450000000002,TWN,BHR,40
8164384,249,24,139,2006,394951.0,0.0,1.619915,1.2289940000000001,TWN,BHR,40
8164385,249,24,139,2008,653845.0,0.0,1.611693,0.93875,TWN,BHR,40
8164386,249,24,139,2004,185808.0,0.0,1.626307,1.358315,TWN,BHR,40
8164387,249,24,139,1998,318710.0,0.0,1.224725,1.890322,TWN,BHR,40
8164388,249,24,139,1999,321158.0,0.0,1.336816,1.725334,TWN,BHR,40
8164389,249,24,139,1997,346600.0,0.0,1.317672,1.800561,TWN,BHR,40
8164390,250,24,139,2010,0.0,7800.0,0.45129600000000003,-0.223517,ANS,BHR,40
8164391,250,24,139,2011,0.0,37810.0,0.475638,-0.160135,ANS,BHR,40
8164392,250,24,139,2012,0.0,2277.0,0.385997,-0.057784,ANS,BHR,40
8164393,250,24,139,2013,63971.0,12276.0,0.628555,0.277602,ANS,BHR,40
8164394,250,24,139,2014,139917.0,5806.0,0.506842,0.049545,ANS,BHR,40
8164395,250,24,139,2015,158719.0,1529.0,0.377283,-0.092204,ANS,BHR,40
8164396,250,24,139,2016,22522.0,10875.0,0.773312,-0.015385,ANS,BHR,40
8164397,250,24,139,2017,141795.0,34791.0,0.72523,-0.205046,ANS,BHR,40
8164398,250,24,139,2018,120932.0,44860.0,0.809991,-0.368737,ANS,BHR,40
8164399,250,24,139,2019,119016.0,1136851.0,0.8996129999999999,-0.152746,ANS,BHR,40
8164400,250,24,139,2009,0.0,14976.0,0.582246,-0.10603,ANS,BHR,40
8164401,250,24,139,2008,1585.0,13849.0,0.547909,-0.5303640000000001,ANS,BHR,40
8164402,250,24,139,2007,0.0,23375.0,0.671936,-0.284418,ANS,BHR,40
8164403,250,24,139,2003,13287.0,15694.0,0.45951499999999995,-0.2312,ANS,BHR,40
8164404,250,24,139,2000,0.0,531.0,1.195891,-0.22544,ANS,BHR,40
8164405,250,24,139,2001,13453.0,15957.0,1.096023,-0.33562600000000004,ANS,BHR,40
8164406,250,24,139,2005,0.0,12117.0,0.63454,-0.41119799999999995,ANS,BHR,40
8164407,250,24,139,2006,0.0,17460.0,0.711619,-0.41880200000000006,ANS,BHR,40
8164408,250,24,139,2002,7419.0,8798.0,0.734927,-0.40114099999999997,ANS,BHR,40
8164409,0,32,139,2018,0.0,110656.0,0.8710549999999999,0.084402,ABW,BRA,40
8164410,0,32,139,2019,0.0,219809.0,1.077214,-0.060235000000000004,ABW,BRA,40
8164411,0,32,139,2010,0.0,161264.0,0.9906219999999999,0.159993,ABW,BRA,40
8164412,0,32,139,2005,0.0,9479.0,0.409159,-0.712276,ABW,BRA,40
8164413,0,32,139,2006,0.0,12456.0,0.15112799999999998,-0.752631,ABW,BRA,40
8164414,0,32,139,2007,0.0,340207.0,-0.100145,-0.7896920000000001,ABW,BRA,40
8164415,0,32,139,2008,0.0,515485.0,-0.13050499999999998,-0.7932560000000001,ABW,BRA,40
8164416,0,32,139,2009,0.0,142003.0,0.770077,-0.71001,ABW,BRA,40
8164417,0,32,139,2000,0.0,118522.0,0.333381,-0.7784979999999999,ABW,BRA,40
8164418,0,32,139,2001,0.0,17991.0,-0.084715,-0.844852,ABW,BRA,40
8164419,0,32,139,2002,0.0,9773.0,0.017075999999999997,-0.844024,ABW,BRA,40
8164420,0,32,139,2003,0.0,14796.0,-0.13006600000000001,-0.783431,ABW,BRA,40
8164421,0,32,139,2013,0.0,131227.0,0.913235,-0.149061,ABW,BRA,40
8164422,0,32,139,2020,0.0,47061.0,0.725364,-0.244535,ABW,BRA,40
8164423,0,32,139,2017,0.0,56711.0,0.845843,0.165178,ABW,BRA,40
8164424,0,32,139,2014,0.0,156800.0,0.779539,-0.32255700000000004,ABW,BRA,40
8164425,0,32,139,2016,0.0,53949.0,0.9052,0.253571,ABW,BRA,40
8164426,0,32,139,2012,0.0,232648.0,0.262866,-0.531974,ABW,BRA,40
8164427,0,32,139,2015,0.0,85283.0,0.8526809999999999,-0.043541,ABW,BRA,40
8164428,0,32,139,2011,0.0,173059.0,-0.282585,-0.71273,ABW,BRA,40
8164429,0,32,139,1996,0.0,26469.0,-0.681487,-0.70999,ABW,BRA,40
8164430,1,32,139,2018,4121.0,47442.0,-1.267508,-0.8494940000000001,AFG,BRA,40
8164431,1,32,139,2019,17785.0,0.0,-1.187576,-0.7731979999999999,AFG,BRA,40
8164432,1,32,139,2009,0.0,75020.0,-0.424354,-0.563383,AFG,BRA,40
8164433,1,32,139,2011,0.0,100126.0,-0.8426809999999999,-0.640418,AFG,BRA,40
8164434,1,32,139,2010,0.0,569.0,-0.054633,-0.102103,AFG,BRA,40
8164435,1,32,139,2015,0.0,19450.0,-1.249655,-0.9094459999999999,AFG,BRA,40
8164436,1,32,139,2008,0.0,222717.0,-0.23668000000000003,-0.344418,AFG,BRA,40
8164437,1,32,139,2014,20470.0,0.0,-0.924386,-0.839385,AFG,BRA,40
8164438,1,32,139,2005,10165.0,0.0,-0.173509,-0.42569799999999997,AFG,BRA,40
8164439,1,32,139,2020,14907.0,0.0,-1.178987,-0.815577,AFG,BRA,40
8164440,1,32,139,2000,29084.0,0.0,-0.19908399999999998,-0.519908,AFG,BRA,40
8164441,1,32,139,2006,1317.0,0.0,-0.626011,-0.6799689999999999,AFG,BRA,40
8164442,1,32,139,1998,8042.0,0.0,-0.323818,-0.698422,AFG,BRA,40
8164443,1,32,139,2001,8419.0,0.0,-0.033686,-0.46412700000000007,AFG,BRA,40
8164444,1,32,139,1997,23160.0,0.0,0.019025999999999998,-0.351461,AFG,BRA,40
8164445,2,32,139,2010,0.0,1978962.0,-1.3711010000000001,-1.170608,AGO,BRA,40
8164446,2,32,139,2007,0.0,3874901.0,-1.6925709999999998,-1.1987290000000002,AGO,BRA,40
8164447,2,32,139,2012,0.0,3834668.0,-1.521092,-1.157031,AGO,BRA,40
8164448,2,32,139,2009,0.0,5972553.0,-0.809438,-1.190006,AGO,BRA,40
8164449,2,32,139,2011,0.0,5032474.0,-1.252991,-1.132314,AGO,BRA,40
8164450,2,32,139,2015,268413.0,2682031.0,-1.6542,-1.2598989999999999,AGO,BRA,40
8164451,2,32,139,2016,156671.0,2167120.0,-1.313517,-1.262761,AGO,BRA,40
8164452,2,32,139,2014,0.0,5126083.0,-1.8184900000000002,-1.149191,AGO,BRA,40
8164453,2,32,139,2013,0.0,4634005.0,-1.172043,-1.133735,AGO,BRA,40
8164454,2,32,139,2019,0.0,854327.0,-1.096127,-1.195434,AGO,BRA,40
8164455,2,32,139,2008,0.0,11350391.0,-2.0318669999999996,-1.149931,AGO,BRA,40
8164456,2,32,139,2017,11075.0,4806979.0,-1.408777,-1.215475,AGO,BRA,40
8164457,2,32,139,2018,736.0,1100357.0,-1.489191,-1.213992,AGO,BRA,40
8164458,2,32,139,2005,0.0,1561623.0,-1.647198,-1.1817790000000001,AGO,BRA,40
8164459,2,32,139,2020,0.0,468286.0,-1.7948709999999999,-1.199555,AGO,BRA,40
8164460,2,32,139,2006,0.0,2419951.0,-2.0822979999999998,-1.176767,AGO,BRA,40
8164461,2,32,139,1995,0.0,261826.0,-2.2342459999999997,-1.1147639999999999,AGO,BRA,40
8164462,2,32,139,1997,0.0,581363.0,-1.574236,-1.1722219999999999,AGO,BRA,40
8164463,2,32,139,1998,0.0,894915.0,-1.679223,-1.213275,AGO,BRA,40
8164464,2,32,139,1999,0.0,403695.0,-1.383262,-1.20434,AGO,BRA,40
8164465,2,32,139,2000,0.0,924105.0,-1.998198,-1.205407,AGO,BRA,40
8164466,2,32,139,2001,0.0,1639602.0,-1.523823,-1.214093,AGO,BRA,40
8164467,2,32,139,2002,0.0,1389545.0,-2.018135,-1.222751,AGO,BRA,40
8164468,2,32,139,2003,0.0,2771331.0,-1.8762919999999998,-1.176541,AGO,BRA,40
8164469,2,32,139,2004,0.0,3752732.0,-0.8513709999999999,-1.173397,AGO,BRA,40
8164470,2,32,139,1996,0.0,164494.0,-2.3109900000000003,-1.172849,AGO,BRA,40
8164471,3,32,139,2010,0.0,65944.0,1.127307,0.035098000000000004,AIA,BRA,40
8164472,4,32,139,2011,0.0,7309.0,-0.331435,-0.034828,ALB,BRA,40
8164473,4,32,139,2007,0.0,65140.0,-0.20616700000000002,-0.016993,ALB,BRA,40
8164474,4,32,139,2015,0.0,8079.0,-0.601875,-0.27003,ALB,BRA,40
8164475,4,32,139,2010,0.0,14132.0,-0.5316,-0.219561,ALB,BRA,40
8164476,4,32,139,2012,0.0,11895.0,-0.355898,-0.017434,ALB,BRA,40
8164477,4,32,139,2009,0.0,20079.0,-0.41612200000000005,-0.256639,ALB,BRA,40
8164478,4,32,139,2004,23663.0,1971.0,-0.131892,0.14985199999999999,ALB,BRA,40
8164479,4,32,139,2018,83806.0,192085.0,-0.456481,-0.139655,ALB,BRA,40
8164480,4,32,139,2008,0.0,24954.0,-0.252894,-0.0071400000000000005,ALB,BRA,40
8164481,4,32,139,2020,1391.0,7853.0,-0.265229,0.059049000000000004,ALB,BRA,40
8164482,4,32,139,2006,0.0,1418.0,-0.340932,-0.06302200000000001,ALB,BRA,40
8164483,4,32,139,2016,0.0,24260.0,-0.534645,-0.09027,ALB,BRA,40
8164484,4,32,139,2017,0.0,5963.0,-0.44769899999999996,-0.17193,ALB,BRA,40
8164485,4,32,139,2019,7444.0,82218.0,-0.459614,-0.019257,ALB,BRA,40
8164486,4,32,139,2005,0.0,1561.0,-0.156823,0.187042,ALB,BRA,40
8164487,4,32,139,2003,56420.0,0.0,-0.053595000000000004,0.166034,ALB,BRA,40
8164488,5,32,139,2019,0.0,1568.0,0.776042,0.167417,AND,BRA,40
8164489,6,32,139,2005,0.0,33785.0,-0.294813,-0.7054010000000001,ANT,BRA,40
8164490,6,32,139,2006,5335.0,6347.0,0.251825,-0.629035,ANT,BRA,40
8164491,6,32,139,2007,2378.0,62393.0,0.305773,-0.504676,ANT,BRA,40
8164492,6,32,139,2008,0.0,20493.0,0.31099,-0.536718,ANT,BRA,40
8164493,6,32,139,2009,0.0,173322.0,0.351025,-0.699817,ANT,BRA,40
8164494,6,32,139,2010,5334.0,271111.0,-0.08593200000000001,-0.691395,ANT,BRA,40
8164495,6,32,139,2000,0.0,63773.0,0.47719799999999996,-0.56103,ANT,BRA,40
8164496,6,32,139,2001,3010.0,17649.0,0.260662,-0.66681,ANT,BRA,40
8164497,6,32,139,2002,2382.0,12053.0,0.346519,-0.631549,ANT,BRA,40
8164498,6,32,139,2003,2158.0,2829.0,0.108903,-0.650137,ANT,BRA,40
8164499,6,32,139,2004,0.0,4086.0,0.726256,-0.48520699999999994,ANT,BRA,40
8164500,6,32,139,1995,0.0,79701.0,-0.020759,-0.653863,ANT,BRA,40
8164501,6,32,139,1996,0.0,60970.0,0.29339,-0.572443,ANT,BRA,40
8164502,6,32,139,1997,0.0,5628.0,0.406411,-0.46148100000000003,ANT,BRA,40
8164503,6,32,139,1999,6841.0,41193.0,0.266874,-0.5122220000000001,ANT,BRA,40
8164504,6,32,139,1998,0.0,25911.0,0.666616,-0.224404,ANT,BRA,40
8164505,7,32,139,2013,1903864.0,8541874.0,-0.074047,-0.585168,ARE,BRA,40
8164506,7,32,139,2019,780008.0,5682624.0,-0.165113,-0.8973540000000001,ARE,BRA,40
8164507,7,32,139,2020,205272.0,3043164.0,-0.118349,-0.789485,ARE,BRA,40
8164508,7,32,139,2018,283295.0,6834135.0,0.11804400000000001,-0.326851,ARE,BRA,40
8164509,7,32,139,2017,186856.0,6996426.0,0.210477,0.02557,ARE,BRA,40
8164510,7,32,139,2014,1612874.0,11840094.0,0.087775,-0.289459,ARE,BRA,40
8164511,7,32,139,2016,633356.0,9664745.0,0.11037999999999999,0.045327,ARE,BRA,40
8164512,7,32,139,2012,1442672.0,8571870.0,0.45351499999999995,-0.285021,ARE,BRA,40
8164513,7,32,139,2008,183423.0,4961756.0,-0.276433,-0.692392,ARE,BRA,40
8164514,7,32,139,2007,103622.0,3593296.0,-0.107504,-0.44744300000000004,ARE,BRA,40
8164515,7,32,139,2015,847722.0,6436803.0,0.21779600000000002,-0.0047420000000000006,ARE,BRA,40
8164516,7,32,139,2003,6868.0,3137913.0,0.049637,-0.502691,ARE,BRA,40
8164517,7,32,139,2011,273811.0,6834002.0,0.030652,-0.450808,ARE,BRA,40
8164518,7,32,139,2005,22795.0,3307913.0,0.11526600000000001,-0.393171,ARE,BRA,40
8164519,7,32,139,2009,133270.0,4551298.0,0.070059,-0.619075,ARE,BRA,40
8164520,7,32,139,2010,122926.0,5508761.0,0.29457,-0.196371,ARE,BRA,40
8164521,7,32,139,2000,11926.0,2740319.0,-0.111384,-0.490415,ARE,BRA,40
8164522,7,32,139,2002,6189.0,1826056.0,0.044683,-0.247191,ARE,BRA,40
8164523,7,32,139,2004,5821.0,2612399.0,0.1799,-0.34541900000000003,ARE,BRA,40
8164524,7,32,139,2006,17279.0,6115009.0,0.053903999999999994,-0.735124,ARE,BRA,40
8164525,7,32,139,1999,9511.0,1458650.0,-0.21921,-0.54813,ARE,BRA,40
8164526,7,32,139,2001,0.0,1703342.0,-0.193984,-0.457124,ARE,BRA,40
8164527,7,32,139,1995,0.0,6774465.0,-0.205166,-0.6132380000000001,ARE,BRA,40
8164528,7,32,139,1996,0.0,6999288.0,-0.245358,-0.726695,ARE,BRA,40
8164529,7,32,139,1997,4962.0,2463928.0,-0.042154000000000004,-0.667389,ARE,BRA,40
8164530,7,32,139,1998,0.0,2488307.0,-0.274973,-0.481405,ARE,BRA,40
8164531,8,32,139,2003,70373776.0,163535352.0,0.302073,0.49069700000000005,ARG,BRA,40
8164532,8,32,139,2004,90042846.0,177133105.0,0.28128600000000004,0.64115,ARG,BRA,40
8164533,8,32,139,2006,158686392.0,258899263.0,0.33055,0.665867,ARG,BRA,40
8164534,8,32,139,2007,189802287.0,336635521.0,0.178214,0.5093850000000001,ARG,BRA,40
8164535,8,32,139,2008,231439646.0,394649592.0,0.278837,0.496784,ARG,BRA,40
8164536,8,32,139,2009,218511606.0,271452771.0,0.27637,0.611129,ARG,BRA,40
8164537,8,32,139,2010,264876919.0,446948649.0,0.27458899999999997,0.597907,ARG,BRA,40
8164538,8,32,139,2011,283715714.0,595617998.0,0.240494,0.540376,ARG,BRA,40
8164539,8,32,139,2012,260437945.0,470678825.0,0.149423,0.5191979999999999,ARG,BRA,40
8164540,8,32,139,2013,248947304.0,530968985.0,0.20314300000000002,0.494062,ARG,BRA,40
8164541,8,32,139,2014,212700257.0,431306958.0,0.10691500000000001,0.44860600000000006,ARG,BRA,40
8164542,8,32,139,2015,138956913.0,386708944.0,0.116896,0.30330999999999997,ARG,BRA,40
8164543,8,32,139,2016,167078409.0,393128663.0,-0.132495,0.16353199999999998,ARG,BRA,40
8164544,8,32,139,2017,202899543.0,461556285.0,-0.120753,0.233375,ARG,BRA,40
8164545,8,32,139,2018,134320228.0,387070876.0,-0.14316800000000002,0.14356,ARG,BRA,40
8164546,8,32,139,2019,149085650.0,343359822.0,-0.136634,0.127073,ARG,BRA,40
8164547,8,32,139,2020,84237497.0,267429569.0,-0.14746199999999998,0.039795,ARG,BRA,40
8164548,8,32,139,2005,139747384.0,217380607.0,0.383772,0.656866,ARG,BRA,40
8164549,8,32,139,2001,72536657.0,112357330.0,0.287698,0.547137,ARG,BRA,40
8164550,8,32,139,1995,58842115.0,96366484.0,0.245885,0.5489850000000001,ARG,BRA,40
8164551,8,32,139,1997,74666395.0,160624978.0,0.273654,0.495389,ARG,BRA,40
8164552,8,32,139,1998,76928338.0,142031784.0,0.272015,0.45031099999999996,ARG,BRA,40
8164553,8,32,139,1999,48013443.0,119782278.0,0.49933500000000003,0.593879,ARG,BRA,40
8164554,8,32,139,2000,65505945.0,145166383.0,0.43928999999999996,0.6839189999999999,ARG,BRA,40
8164555,8,32,139,2002,76340785.0,84832863.0,0.284536,0.517425,ARG,BRA,40
8164556,8,32,139,1996,63249135.0,129385048.0,0.167081,0.433612,ARG,BRA,40
8164557,9,32,139,2012,0.0,3909.0,0.49142299999999994,0.033657,ARM,BRA,40
8164558,9,32,139,2013,0.0,8254.0,-0.076922,-0.5781390000000001,ARM,BRA,40
8164559,9,32,139,2014,0.0,14384.0,-0.198322,-0.5918680000000001,ARM,BRA,40
8164560,9,32,139,2015,0.0,1009.0,0.037579,-0.42448800000000003,ARM,BRA,40
8164561,9,32,139,2020,0.0,29832.0,-0.129502,-0.671068,ARM,BRA,40
8164562,9,32,139,2005,0.0,18276.0,0.435237,-0.436709,ARM,BRA,40
8164563,9,32,139,2019,0.0,19196.0,-0.203986,-0.667607,ARM,BRA,40
8164564,9,32,139,2007,56512.0,28576.0,0.7169,-0.019251,ARM,BRA,40
8164565,9,32,139,2016,0.0,8425.0,-0.044982999999999995,-0.518007,ARM,BRA,40
8164566,9,32,139,2017,0.0,16508.0,-0.23846799999999999,-0.658774,ARM,BRA,40
8164567,9,32,139,2018,0.0,60942.0,-0.330516,-0.604744,ARM,BRA,40
8164568,9,32,139,2011,0.0,3369.0,0.543397,-0.029376999999999997,ARM,BRA,40
8164569,9,32,139,2008,170922.0,10462.0,0.360609,-0.038343,ARM,BRA,40
8164570,9,32,139,2009,0.0,5747.0,0.24424899999999997,-0.30152399999999996,ARM,BRA,40
8164571,9,32,139,2010,8978.0,36332.0,0.11632,-0.417048,ARM,BRA,40
8164572,9,32,139,2006,111106.0,40812.0,0.14539100000000002,-0.558014,ARM,BRA,40
8164573,9,32,139,2004,0.0,40998.0,0.661799,-0.140004,ARM,BRA,40
8164574,10,32,139,2019,0.0,373564.0,1.121876,0.061064999999999994,ASM,BRA,40
8164575,10,32,139,2020,0.0,1259550.0,1.135613,-0.247052,ASM,BRA,40
8164576,10,32,139,2014,3092.0,0.0,0.795219,-0.217498,ASM,BRA,40
8164577,11,32,139,2019,0.0,5047.0,1.444007,-0.373372,ATA,BRA,40
8164578,11,32,139,2020,0.0,2445.0,1.05679,-0.5454140000000001,ATA,BRA,40
8164579,13,32,139,2009,0.0,13842.0,0.930903,0.279441,ATG,BRA,40
8164580,13,32,139,2019,1310.0,186307.0,0.391831,-0.723957,ATG,BRA,40
8164581,13,32,139,2010,0.0,17287.0,1.2153129999999999,0.955838,ATG,BRA,40
8164582,13,32,139,2018,0.0,1305.0,0.08520499999999999,-0.630757,ATG,BRA,40
8164583,13,32,139,1999,0.0,94228.0,0.6179140000000001,0.156854,ATG,BRA,40
8164584,13,32,139,2001,0.0,3646.0,-0.036838,-0.6593600000000001,ATG,BRA,40
8164585,13,32,139,2008,0.0,16273.0,1.041425,0.198248,ATG,BRA,40
8164586,13,32,139,2020,0.0,2333.0,-0.210313,-0.811104,ATG,BRA,40
8164587,13,32,139,1996,0.0,73028.0,0.408319,-0.21640700000000002,ATG,BRA,40
8164588,13,32,139,1995,0.0,213709.0,-0.06877,-0.550291,ATG,BRA,40
8164589,13,32,139,1997,1805.0,76809.0,0.510371,-0.314213,ATG,BRA,40
8164590,13,32,139,1998,0.0,158802.0,0.441453,-0.238813,ATG,BRA,40
8164591,14,32,139,2005,1136160.0,13682482.0,0.18443099999999998,0.489043,AUS,BRA,40
8164592,14,32,139,2001,220589.0,7660284.0,0.29463,0.772375,AUS,BRA,40
8164593,14,32,139,2004,648015.0,10314760.0,0.196641,0.8139460000000001,AUS,BRA,40
8164594,14,32,139,1998,276218.0,3409104.0,0.375317,0.8864629999999999,AUS,BRA,40
8164595,14,32,139,1999,290595.0,4761174.0,0.357101,0.8857879999999999,AUS,BRA,40
8164596,14,32,139,2003,302975.0,9051155.0,0.316879,0.9409489999999999,AUS,BRA,40
8164597,14,32,139,2007,2095986.0,18016132.0,0.137686,0.451592,AUS,BRA,40
8164598,14,32,139,2008,1479255.0,19789904.0,-0.171801,-0.012588,AUS,BRA,40
8164599,14,32,139,2009,819272.0,20185407.0,-0.109286,0.13586900000000002,AUS,BRA,40
8164600,14,32,139,2010,513472.0,27722320.0,-0.276442,0.062023,AUS,BRA,40
8164601,14,32,139,2011,433740.0,37891874.0,-0.138148,0.002999,AUS,BRA,40
8164602,14,32,139,2012,549391.0,43578278.0,-0.352742,-0.145405,AUS,BRA,40
8164603,14,32,139,2013,473307.0,18962877.0,-0.31145700000000004,-0.167628,AUS,BRA,40
8164604,14,32,139,2014,271653.0,11526976.0,-0.398273,-0.17128,AUS,BRA,40
8164605,14,32,139,2015,242448.0,11124959.0,-0.292325,-0.043489,AUS,BRA,40
8164606,14,32,139,2016,336407.0,10759933.0,-0.25955300000000003,0.0011070000000000001,AUS,BRA,40
8164607,14,32,139,2017,2556691.0,12261897.0,-0.42427200000000004,-0.152921,AUS,BRA,40
8164608,14,32,139,2018,382580.0,13997621.0,-0.29687199999999997,-0.123116,AUS,BRA,40
8164609,14,32,139,2019,3567870.0,20689113.0,-0.294558,-0.180198,AUS,BRA,40
8164610,14,32,139,1995,28647.0,7610866.0,0.44442,0.789292,AUS,BRA,40
8164611,14,32,139,2006,1027403.0,16727477.0,0.067166,0.373148,AUS,BRA,40
8164612,14,32,139,2020,5963305.0,14085354.0,-0.32910500000000004,-0.232963,AUS,BRA,40
8164613,14,32,139,1996,232330.0,6290278.0,0.369697,0.78069,AUS,BRA,40
8164614,14,32,139,2002,360825.0,9407623.0,0.231386,0.771628,AUS,BRA,40
8164615,14,32,139,1997,951230.0,4065809.0,0.428555,0.798283,AUS,BRA,40
8164616,14,32,139,2000,834985.0,5211190.0,0.279804,0.9355540000000001,AUS,BRA,40
8164617,15,32,139,2016,1569224.0,1126154.0,1.759363,0.127262,AUT,BRA,40
8164618,15,32,139,1995,373340.0,390980.0,2.000295,0.661255,AUT,BRA,40
8164619,15,32,139,1996,230145.0,770555.0,1.9216669999999998,0.659388,AUT,BRA,40
8164620,15,32,139,1997,322116.0,90298.0,1.8926189999999998,0.624346,AUT,BRA,40
8164621,15,32,139,2005,1688388.0,446759.0,1.808359,0.148177,AUT,BRA,40
8164622,15,32,139,1999,2485344.0,253961.0,1.836804,0.744312,AUT,BRA,40
8164623,15,32,139,2000,2236873.0,452620.0,1.842429,0.464405,AUT,BRA,40
8164624,15,32,139,2011,3222624.0,2787426.0,1.687634,-0.229095,AUT,BRA,40
8164625,15,32,139,2003,650741.0,388468.0,1.834977,0.408096,AUT,BRA,40
8164626,15,32,139,2004,1234828.0,269559.0,1.825391,0.40553,AUT,BRA,40
8164627,15,32,139,2006,2807376.0,467706.0,1.775669,0.192717,AUT,BRA,40
8164628,15,32,139,2007,2954727.0,1604485.0,1.730088,-0.045543,AUT,BRA,40
8164629,15,32,139,2008,2272376.0,2576016.0,1.634816,-0.078419,AUT,BRA,40
8164630,15,32,139,2009,1847996.0,1739805.0,1.651325,-0.020794,AUT,BRA,40
8164631,15,32,139,2010,1947634.0,1665852.0,1.724315,-0.29379099999999997,AUT,BRA,40
8164632,15,32,139,2012,2847819.0,1031537.0,1.6092870000000001,-0.29859,AUT,BRA,40
8164633,15,32,139,2013,2726259.0,1540654.0,1.7209240000000001,-0.286892,AUT,BRA,40
8164634,15,32,139,2014,2251045.0,1495654.0,1.7116790000000002,-0.140232,AUT,BRA,40
8164635,15,32,139,2015,1825326.0,1136323.0,1.747098,-0.08026699999999999,AUT,BRA,40
8164636,15,32,139,2017,2643049.0,564703.0,1.728623,-0.031045999999999997,AUT,BRA,40
8164637,15,32,139,2018,2600120.0,1024096.0,1.774488,-0.21117800000000003,AUT,BRA,40
8164638,15,32,139,2019,2429901.0,728103.0,1.743927,-0.076778,AUT,BRA,40
8164639,15,32,139,2020,2646204.0,578825.0,1.6711310000000001,0.059096,AUT,BRA,40
8164640,15,32,139,1998,1861101.0,206004.0,1.891966,0.508137,AUT,BRA,40
8164641,15,32,139,2002,1252335.0,330885.0,1.8651200000000001,0.48423900000000003,AUT,BRA,40
8164642,15,32,139,2001,2852191.0,279353.0,1.8571650000000002,0.603191,AUT,BRA,40
8164643,16,32,139,2013,0.0,1456.0,-0.9232870000000001,-1.165928,AZE,BRA,40
8164644,16,32,139,2014,0.0,454.0,-0.909508,-1.165158,AZE,BRA,40
8164645,16,32,139,2015,0.0,7805.0,-0.983347,-1.231542,AZE,BRA,40
8164646,16,32,139,2016,0.0,3745.0,-0.909744,-1.180449,AZE,BRA,40
8164647,16,32,139,2017,0.0,45059.0,-1.022455,-1.199225,AZE,BRA,40
8164648,16,32,139,2018,0.0,8781.0,-1.144089,-1.224327,AZE,BRA,40
8164649,16,32,139,2019,0.0,6599.0,-1.005636,-1.2094209999999999,AZE,BRA,40
8164650,16,32,139,2020,0.0,4375.0,-1.142366,-1.2529190000000001,AZE,BRA,40
8164651,16,32,139,2009,0.0,3677.0,-1.124423,-1.228081,AZE,BRA,40
8164652,16,32,139,2006,11569.0,0.0,-0.521304,-1.035764,AZE,BRA,40
8164653,16,32,139,2010,0.0,746.0,-1.048424,-1.2030370000000001,AZE,BRA,40
8164654,16,32,139,2012,0.0,242.0,-0.827783,-1.158852,AZE,BRA,40
8164655,16,32,139,2005,0.0,16563.0,-0.272611,-0.9508709999999999,AZE,BRA,40
8164656,16,32,139,1999,0.0,12194.0,-0.076295,-0.742161,AZE,BRA,40
8164657,16,32,139,2004,0.0,12859.0,-0.393221,-0.9494440000000001,AZE,BRA,40
8164658,17,32,139,2011,0.0,11938.0,-0.8287049999999999,-0.774558,BDI,BRA,40
8164659,17,32,139,2006,0.0,94893.0,-0.033711,-0.48450600000000005,BDI,BRA,40
8164660,17,32,139,2007,0.0,136479.0,-0.33884899999999996,-0.661017,BDI,BRA,40
8164661,17,32,139,2008,0.0,14887.0,-0.313815,-0.539678,BDI,BRA,40
8164662,17,32,139,2009,0.0,75094.0,-0.43971099999999996,-0.575079,BDI,BRA,40
8164663,17,32,139,2012,0.0,104384.0,-0.346028,-1.021892,BDI,BRA,40
8164664,17,32,139,2005,0.0,80262.0,-0.7587,-0.820622,BDI,BRA,40
8164665,17,32,139,2010,0.0,36831.0,-0.922883,-0.748675,BDI,BRA,40
8164666,17,32,139,2013,0.0,50237.0,-0.824903,-0.906436,BDI,BRA,40
8164667,17,32,139,2020,0.0,36660.0,-0.748203,-0.874817,BDI,BRA,40
8164668,17,32,139,1996,0.0,5640.0,-0.955951,-0.8721180000000001,BDI,BRA,40
8164669,17,32,139,1995,0.0,42076.0,-1.435347,-0.9015,BDI,BRA,40
8164670,17,32,139,2002,0.0,80220.0,-0.333602,-0.648837,BDI,BRA,40
8164671,17,32,139,2003,0.0,28023.0,-0.550138,-0.759304,BDI,BRA,40
8164672,17,32,139,2004,0.0,52609.0,-0.939393,-0.919969,BDI,BRA,40
8164673,17,32,139,2014,0.0,17766.0,-0.242256,-0.8567879999999999,BDI,BRA,40
8164674,17,32,139,2015,0.0,106984.0,-0.993318,-1.031194,BDI,BRA,40
8164675,17,32,139,2017,0.0,8814.0,-0.637985,-1.051277,BDI,BRA,40
8164676,17,32,139,2019,0.0,45975.0,-0.689117,-0.9027209999999999,BDI,BRA,40
8164677,18,32,139,2016,24462009.0,8870570.0,1.3102610000000001,1.214573,BEL,BRA,40
8164678,18,32,139,2017,39297705.0,12451208.0,1.292657,1.19571,BEL,BRA,40
8164679,18,32,139,2018,60144073.0,9419078.0,1.270641,1.201063,BEL,BRA,40
8164680,18,32,139,2019,64347995.0,7326550.0,1.2555969999999999,1.168642,BEL,BRA,40
8164681,18,32,139,2020,50568392.0,5022856.0,1.204632,1.278346,BEL,BRA,40
8164682,18,32,139,1996,8409436.0,3904414.0,1.549312,1.273767,BEL,BRA,40
8164683,18,32,139,2009,8270941.0,35283321.0,1.272011,1.074548,BEL,BRA,40
8164684,18,32,139,2010,19170915.0,24160834.0,1.2224270000000002,1.1276,BEL,BRA,40
8164685,18,32,139,2012,26442807.0,14442600.0,1.107155,1.448274,BEL,BRA,40
8164686,18,32,139,2013,56463477.0,11974981.0,1.316207,0.972601,BEL,BRA,40
8164687,18,32,139,2014,49013151.0,14917100.0,1.234156,1.226441,BEL,BRA,40
8164688,18,32,139,2015,20488206.0,9287274.0,1.329866,1.100641,BEL,BRA,40
8164689,18,32,139,1995,6756407.0,6768148.0,1.615588,1.394102,BEL,BRA,40
8164690,18,32,139,1997,7870470.0,3188285.0,1.4274069999999999,1.490435,BEL,BRA,40
8164691,18,32,139,2000,7849548.0,4042980.0,1.403838,1.349607,BEL,BRA,40
8164692,18,32,139,2001,7195762.0,6313113.0,1.4328370000000001,1.408495,BEL,BRA,40
8164693,18,32,139,2002,5998846.0,9183430.0,1.4097469999999999,1.440169,BEL,BRA,40
8164694,18,32,139,2003,5732495.0,8714474.0,1.361682,1.39536,BEL,BRA,40
8164695,18,32,139,2004,6626977.0,4967151.0,1.350911,1.408209,BEL,BRA,40
8164696,18,32,139,2005,7405273.0,6023497.0,1.275296,1.345063,BEL,BRA,40
8164697,18,32,139,2006,7241346.0,9904056.0,1.2222540000000002,1.383027,BEL,BRA,40
8164698,18,32,139,2007,13061089.0,17114615.0,1.2880479999999999,1.145724,BEL,BRA,40
8164699,18,32,139,2008,12458869.0,25196549.0,1.297416,0.9716549999999999,BEL,BRA,40
8164700,18,32,139,2011,32986965.0,19370593.0,1.221703,1.247961,BEL,BRA,40
8164701,18,32,139,1999,8678540.0,4573121.0,1.512061,1.253478,BEL,BRA,40
8164702,18,32,139,1998,7907246.0,4564952.0,1.4740739999999999,1.2530430000000001,BEL,BRA,40
8164703,19,32,139,2013,0.0,1124048.0,-0.919968,-0.90691,BEN,BRA,40
8164704,19,32,139,2002,0.0,43442.0,-0.724829,-0.705625,BEN,BRA,40
8164705,19,32,139,2014,0.0,392589.0,-0.342225,-0.618789,BEN,BRA,40
8164706,19,32,139,2012,0.0,901373.0,-0.981576,-0.9708200000000001,BEN,BRA,40
8164707,19,32,139,2015,0.0,64449.0,-0.5641470000000001,-0.8971020000000001,BEN,BRA,40
8164708,19,32,139,2003,0.0,171266.0,-1.150888,-0.956203,BEN,BRA,40
8164709,19,32,139,2016,0.0,143777.0,-0.971123,-0.801574,BEN,BRA,40
8164710,19,32,139,2018,0.0,8284.0,-0.646475,-0.769808,BEN,BRA,40
8164711,19,32,139,2019,0.0,118519.0,-0.861242,-0.8837440000000001,BEN,BRA,40
8164712,19,32,139,2004,0.0,38775.0,-1.299345,-0.9871260000000001,BEN,BRA,40
8164713,19,32,139,2005,0.0,85966.0,-0.7930510000000001,-0.798868,BEN,BRA,40
8164714,19,32,139,2020,0.0,1120191.0,-0.467344,-0.686191,BEN,BRA,40
8164715,19,32,139,2001,0.0,89355.0,-1.09233,-0.8276969999999999,BEN,BRA,40
8164716,19,32,139,2008,0.0,39304.0,-1.171101,-0.9600569999999999,BEN,BRA,40
8164717,19,32,139,2009,0.0,74176.0,-0.93195,-0.813017,BEN,BRA,40
8164718,19,32,139,2010,0.0,184431.0,-1.0660120000000002,-0.9961190000000001,BEN,BRA,40
8164719,19,32,139,2011,0.0,29568.0,-1.189478,-0.8684709999999999,BEN,BRA,40
8164720,19,32,139,1999,0.0,93850.0,-1.033831,-0.858941,BEN,BRA,40
8164721,19,32,139,2007,0.0,87042.0,-1.055882,-0.880178,BEN,BRA,40
8164722,19,32,139,2006,0.0,89312.0,-0.8434360000000001,-0.798307,BEN,BRA,40
8164723,19,32,139,1998,0.0,39603.0,-0.8198,-0.8584780000000001,BEN,BRA,40
8164724,19,32,139,2000,0.0,474577.0,-0.9513729999999999,-0.806106,BEN,BRA,40
8164725,19,32,139,1996,0.0,43995.0,-1.0032729999999999,-0.794779,BEN,BRA,40
8164726,19,32,139,1995,0.0,78031.0,-1.142708,-0.9045280000000001,BEN,BRA,40
8164727,21,32,139,2019,0.0,181099.0,-0.805181,-0.941847,BFA,BRA,40
8164728,21,32,139,2017,0.0,719972.0,-1.100802,-1.0632110000000001,BFA,BRA,40
8164729,21,32,139,2001,0.0,112786.0,-0.291485,-0.20803000000000002,BFA,BRA,40
8164730,21,32,139,2008,0.0,21056.0,-1.076309,-1.012701,BFA,BRA,40
8164731,21,32,139,2011,0.0,53147.0,-1.163278,-1.002332,BFA,BRA,40
8164732,21,32,139,2012,0.0,129054.0,-0.662994,-0.738795,BFA,BRA,40
8164733,21,32,139,2013,0.0,93305.0,-0.9110360000000001,-0.852492,BFA,BRA,40
8164734,21,32,139,2016,0.0,60082.0,-1.0885790000000002,-1.027005,BFA,BRA,40
8164735,21,32,139,2018,0.0,532477.0,-0.8835200000000001,-0.9790620000000001,BFA,BRA,40
8164736,21,32,139,2020,0.0,31454.0,-0.7634310000000001,-0.938997,BFA,BRA,40
8164737,21,32,139,2014,0.0,73730.0,-0.922401,-0.9554379999999999,BFA,BRA,40
8164738,21,32,139,2015,0.0,2304.0,-1.085359,-1.034365,BFA,BRA,40
8164739,21,32,139,2009,0.0,9280.0,-1.283807,-1.061272,BFA,BRA,40
8164740,21,32,139,2010,0.0,296418.0,-0.625747,-0.700651,BFA,BRA,40
8164741,21,32,139,2007,0.0,15022.0,-0.960893,-0.94458,BFA,BRA,40
8164742,21,32,139,2003,0.0,220741.0,-0.9365690000000001,-0.9699409999999999,BFA,BRA,40
8164743,21,32,139,2004,0.0,192917.0,-1.000801,-1.00024,BFA,BRA,40
8164744,21,32,139,2005,0.0,125354.0,-1.193629,-1.031656,BFA,BRA,40
8164745,21,32,139,1999,0.0,28184.0,-0.386471,-0.7413109999999999,BFA,BRA,40
8164746,21,32,139,1997,0.0,657.0,-0.204096,-0.731299,BFA,BRA,40
8164747,21,32,139,1998,0.0,30530.0,-0.535488,-0.900509,BFA,BRA,40
8164748,21,32,139,2002,0.0,88285.0,-0.477813,-0.647148,BFA,BRA,40
8164749,21,32,139,2000,0.0,79606.0,-0.020397,-0.32743,BFA,BRA,40
8164750,21,32,139,2006,0.0,50873.0,-0.9432020000000001,-0.969247,BFA,BRA,40
8164751,21,32,139,1996,0.0,6721.0,-0.680996,-0.863442,BFA,BRA,40
8164752,21,32,139,1995,0.0,11407.0,-0.695354,-0.902185,BFA,BRA,40
8164753,22,32,139,2001,0.0,29566.0,-1.0406739999999999,-1.010108,BGD,BRA,40
8164754,22,32,139,2003,0.0,185969.0,-1.168404,-1.035782,BGD,BRA,40
8164755,22,32,139,1998,0.0,1468.0,-1.130729,-1.001385,BGD,BRA,40
8164756,22,32,139,2004,0.0,245072.0,-1.150444,-0.885333,BGD,BRA,40
8164757,22,32,139,2007,0.0,15600.0,-0.9436469999999999,-0.7200310000000001,BGD,BRA,40
8164758,22,32,139,2016,57273.0,69269.0,-1.107523,-1.065009,BGD,BRA,40
8164759,22,32,139,2005,0.0,105854.0,-1.083754,-0.817738,BGD,BRA,40
8164760,22,32,139,2008,0.0,2208.0,-0.852774,-0.766779,BGD,BRA,40
8164761,22,32,139,2011,1411.0,0.0,-1.074416,-0.8276370000000001,BGD,BRA,40
8164762,22,32,139,2013,15497.0,967.0,-1.101916,-0.734646,BGD,BRA,40
8164763,22,32,139,2015,108686.0,137334.0,-1.088465,-0.8745360000000001,BGD,BRA,40
8164764,22,32,139,2019,0.0,15235.0,-1.113148,-0.9513299999999999,BGD,BRA,40
8164765,22,32,139,1996,0.0,17087.0,-1.060876,-1.05104,BGD,BRA,40
8164766,22,32,139,1997,0.0,12127.0,-1.027777,-1.048214,BGD,BRA,40
8164767,22,32,139,2000,0.0,95735.0,-1.037212,-0.964965,BGD,BRA,40
8164768,22,32,139,2002,0.0,35169.0,-1.134933,-1.061633,BGD,BRA,40
8164769,22,32,139,2006,0.0,20604.0,-1.0305309999999999,-0.80937,BGD,BRA,40
8164770,22,32,139,2009,101838.0,2144.0,-1.030722,-0.860137,BGD,BRA,40
8164771,22,32,139,2010,31437.0,3448.0,-0.974526,-0.76566,BGD,BRA,40
8164772,22,32,139,2012,0.0,4729.0,-0.8932610000000001,-0.762658,BGD,BRA,40
8164773,22,32,139,2017,0.0,60991.0,-1.016251,-0.987654,BGD,BRA,40
8164774,22,32,139,2014,53014.0,0.0,-1.0341879999999999,-0.9614870000000001,BGD,BRA,40
8164775,22,32,139,2020,0.0,14482.0,-0.874451,-0.9031309999999999,BGD,BRA,40
8164776,22,32,139,1999,0.0,83853.0,-1.258857,-1.140375,BGD,BRA,40
8164777,23,32,139,2000,0.0,26479.0,0.364708,1.66767,BGR,BRA,40
8164778,23,32,139,2011,41975.0,1118840.0,0.537967,1.520973,BGR,BRA,40
8164779,23,32,139,1999,0.0,11858.0,0.311033,1.7375040000000002,BGR,BRA,40
8164780,23,32,139,2015,411601.0,272609.0,0.45640699999999995,1.691455,BGR,BRA,40
8164781,23,32,139,2016,419810.0,200167.0,0.51707,1.7329130000000001,BGR,BRA,40
8164782,23,32,139,2019,993706.0,268225.0,0.572997,1.863346,BGR,BRA,40
8164783,23,32,139,2020,145198.0,374299.0,0.6328520000000001,1.8517009999999998,BGR,BRA,40
8164784,23,32,139,2013,30266.0,396731.0,0.5026109999999999,1.674296,BGR,BRA,40
8164785,23,32,139,2017,856220.0,167498.0,0.557843,1.7221119999999999,BGR,BRA,40
8164786,23,32,139,2018,793092.0,122043.0,0.571226,1.836856,BGR,BRA,40
8164787,23,32,139,2007,52198.0,898064.0,0.43321899999999997,1.5696700000000001,BGR,BRA,40
8164788,23,32,139,2009,131469.0,843647.0,0.373594,1.571413,BGR,BRA,40
8164789,23,32,139,2004,0.0,170939.0,0.35536,1.499182,BGR,BRA,40
8164790,23,32,139,2005,1251.0,491307.0,0.338438,1.495008,BGR,BRA,40
8164791,23,32,139,2006,2348.0,707860.0,0.414563,1.378005,BGR,BRA,40
8164792,23,32,139,1996,9238.0,48951.0,0.544265,1.523408,BGR,BRA,40
8164793,23,32,139,2008,126468.0,1374425.0,0.44409,1.575399,BGR,BRA,40
8164794,23,32,139,1997,72316.0,3309.0,0.487041,1.287344,BGR,BRA,40
8164795,23,32,139,2010,122278.0,1419834.0,0.44973,1.445441,BGR,BRA,40
8164796,23,32,139,1998,0.0,32971.0,0.382782,1.5844479999999999,BGR,BRA,40
8164797,23,32,139,2012,6933.0,692781.0,0.5611,1.416313,BGR,BRA,40
8164798,23,32,139,2001,0.0,46632.0,0.41425100000000004,1.639866,BGR,BRA,40
8164799,23,32,139,2002,0.0,26764.0,0.37451100000000004,1.573517,BGR,BRA,40
8164800,23,32,139,2003,0.0,117952.0,0.43308599999999997,1.7104099999999998,BGR,BRA,40
8164801,23,32,139,2014,46805.0,268491.0,0.579058,1.6558110000000001,BGR,BRA,40
8164802,23,32,139,1995,15525.0,0.0,0.436138,1.086561,BGR,BRA,40
8164803,24,32,139,2018,0.0,239079.0,0.318352,-0.69221,BHR,BRA,40
8164804,24,32,139,2013,175824.0,325659.0,0.249681,-0.6204270000000001,BHR,BRA,40
8164805,24,32,139,2014,42478.0,308361.0,0.460168,-0.41671099999999994,BHR,BRA,40
8164806,24,32,139,2017,0.0,422803.0,0.485479,-0.5348890000000001,BHR,BRA,40
8164807,24,32,139,2009,0.0,221306.0,0.250645,-0.767742,BHR,BRA,40
8164808,24,32,139,2015,653.0,641460.0,0.36650900000000003,-0.28735,BHR,BRA,40
8164809,24,32,139,2016,0.0,549195.0,0.323348,-0.514446,BHR,BRA,40
8164810,24,32,139,2019,0.0,177173.0,0.378349,-0.621468,BHR,BRA,40
8164811,24,32,139,2006,6670.0,368223.0,0.172724,-0.9449879999999999,BHR,BRA,40
8164812,24,32,139,2008,0.0,202160.0,0.335334,-0.81372,BHR,BRA,40
8164813,24,32,139,2004,0.0,418025.0,0.045344999999999996,-1.001059,BHR,BRA,40
8164814,24,32,139,2007,0.0,408907.0,0.500846,-0.845449,BHR,BRA,40
8164815,24,32,139,2010,0.0,260847.0,0.284356,-0.8362,BHR,BRA,40
8164816,24,32,139,2012,0.0,309955.0,0.019798,-0.848549,BHR,BRA,40
8164817,24,32,139,2011,0.0,266327.0,0.04085,-0.873711,BHR,BRA,40
8164818,24,32,139,2002,0.0,510724.0,-0.146585,-1.006558,BHR,BRA,40
8164819,24,32,139,2020,0.0,250717.0,0.379085,-0.634111,BHR,BRA,40
8164820,24,32,139,2000,0.0,453449.0,-0.28305,-0.854878,BHR,BRA,40
8164821,24,32,139,2001,0.0,312503.0,-0.11008399999999999,-1.053611,BHR,BRA,40
8164822,24,32,139,2003,0.0,393172.0,-0.10968800000000001,-1.041032,BHR,BRA,40
8164823,24,32,139,2005,0.0,440175.0,0.19583599999999998,-0.946515,BHR,BRA,40
8164824,24,32,139,1999,0.0,358240.0,-0.034526,-0.8887200000000001,BHR,BRA,40
8164825,24,32,139,1997,0.0,138430.0,-0.021125,-0.914009,BHR,BRA,40
8164826,24,32,139,1998,0.0,888322.0,-0.044219,-0.859931,BHR,BRA,40
8164827,24,32,139,1995,0.0,69785.0,-0.239166,-0.8627950000000001,BHR,BRA,40
8164828,24,32,139,1996,0.0,155248.0,-0.062207000000000005,-0.840398,BHR,BRA,40
8164829,25,32,139,2004,28891.0,20783.0,0.620432,-0.513724,BHS,BRA,40
8164830,25,32,139,2005,2465071.0,18868.0,0.299331,-0.641232,BHS,BRA,40
8164831,25,32,139,2007,3553.0,0.0,0.502698,-0.538612,BHS,BRA,40
8164832,25,32,139,2009,16318.0,92352.0,0.5451729999999999,-0.496575,BHS,BRA,40
8164833,25,32,139,2010,1192.0,10339.0,0.495262,-0.6198779999999999,BHS,BRA,40
8164834,25,32,139,2011,0.0,9421.0,0.320669,-0.531655,BHS,BRA,40
8164835,25,32,139,2012,0.0,9161.0,0.49453800000000003,-0.405956,BHS,BRA,40
8164836,25,32,139,2013,792.0,2072.0,0.756732,-0.369842,BHS,BRA,40
8164837,25,32,139,2015,6755.0,4013.0,0.669493,-0.37838099999999997,BHS,BRA,40
8164838,25,32,139,2016,0.0,2816.0,0.605834,-0.430958,BHS,BRA,40
8164839,25,32,139,1997,2241.0,8939.0,0.874886,-0.144043,BHS,BRA,40
8164840,25,32,139,1998,3833.0,0.0,1.090167,0.25353000000000003,BHS,BRA,40
8164841,25,32,139,1999,0.0,2290.0,0.91869,-0.152588,BHS,BRA,40
8164842,25,32,139,2000,0.0,3866.0,0.943368,0.183559,BHS,BRA,40
8164843,25,32,139,2002,0.0,67143.0,0.641626,-0.37892800000000004,BHS,BRA,40
8164844,25,32,139,2003,1146.0,26900.0,0.614422,-0.40984,BHS,BRA,40
8164845,25,32,139,2006,3511.0,17811.0,0.673694,-0.519608,BHS,BRA,40
8164846,25,32,139,2001,1019.0,302664.0,0.803267,-0.071853,BHS,BRA,40
8164847,25,32,139,2017,0.0,16137.0,0.81944,-0.30649499999999996,BHS,BRA,40
8164848,25,32,139,2018,0.0,19029.0,0.532998,-0.394906,BHS,BRA,40
8164849,25,32,139,2008,25288.0,4988.0,0.470359,-0.5418890000000001,BHS,BRA,40
8164850,25,32,139,2019,0.0,1020.0,-0.10707799999999999,-0.7419720000000001,BHS,BRA,40
8164851,25,32,139,2020,0.0,16078.0,-0.273982,-0.7174659999999999,BHS,BRA,40
8164852,25,32,139,1996,0.0,2015.0,0.363917,-0.380614,BHS,BRA,40
8164853,25,32,139,1995,0.0,74846.0,0.501206,-0.32106799999999996,BHS,BRA,40
8164854,26,32,139,2017,0.0,4971.0,0.43245,0.726721,BIH,BRA,40
8164855,26,32,139,2018,0.0,2388.0,0.526392,0.742398,BIH,BRA,40
8164856,26,32,139,2007,0.0,75051.0,0.46303199999999994,0.596178,BIH,BRA,40
8164857,26,32,139,2008,0.0,89409.0,0.480256,0.810361,BIH,BRA,40
8164858,26,32,139,2009,0.0,127786.0,0.519113,0.762582,BIH,BRA,40
8164859,26,32,139,2010,17120.0,37409.0,0.462275,0.830405,BIH,BRA,40
8164860,26,32,139,2012,0.0,17505.0,0.519844,0.794082,BIH,BRA,40
8164861,26,32,139,2013,0.0,9391.0,0.46743199999999996,0.7340800000000001,BIH,BRA,40
8164862,26,32,139,2014,0.0,4499.0,0.5083300000000001,0.711704,BIH,BRA,40
8164863,26,32,139,2003,0.0,35466.0,0.195667,0.347011,BIH,BRA,40
8164864,26,32,139,2019,1322.0,3925.0,0.6525,0.83988,BIH,BRA,40
8164865,26,32,139,2011,0.0,20527.0,0.391425,0.6066600000000001,BIH,BRA,40
8164866,26,32,139,2020,4360.0,1825.0,0.5449470000000001,0.91781,BIH,BRA,40
8164867,26,32,139,2015,0.0,1274.0,0.355903,0.723092,BIH,BRA,40
8164868,26,32,139,2016,0.0,5479.0,0.47827700000000006,0.5643100000000001,BIH,BRA,40
8164869,26,32,139,2006,0.0,103452.0,0.40788800000000003,0.562854,BIH,BRA,40
8164870,26,32,139,2005,0.0,1831.0,0.273972,0.468758,BIH,BRA,40
8164871,26,32,139,2004,0.0,3678.0,0.385952,0.571774,BIH,BRA,40
8164872,28,32,139,2020,233288.0,210892.0,0.858776,1.085652,BLR,BRA,40
8164873,28,32,139,2002,160289.0,321.0,0.825865,1.0148979999999999,BLR,BRA,40
8164874,28,32,139,2003,261209.0,3825.0,0.847358,0.9307719999999999,BLR,BRA,40
8164875,28,32,139,2004,201515.0,24699.0,0.8553139999999999,0.703926,BLR,BRA,40
8164876,28,32,139,2009,6054229.0,61528.0,0.977663,0.549549,BLR,BRA,40
8164877,28,32,139,2019,169727.0,325007.0,0.7849649999999999,0.8951600000000001,BLR,BRA,40
8164878,28,32,139,2016,14348.0,29462.0,0.773807,0.827442,BLR,BRA,40
8164879,28,32,139,2017,158934.0,50053.0,0.8115829999999999,0.8323459999999999,BLR,BRA,40
8164880,28,32,139,1998,77461.0,2117.0,0.9122049999999999,1.161741,BLR,BRA,40
8164881,28,32,139,1999,42581.0,282.0,0.7516579999999999,1.169072,BLR,BRA,40
8164882,28,32,139,2000,157351.0,2986.0,0.646336,0.8651780000000001,BLR,BRA,40
8164883,28,32,139,2001,134857.0,493.0,0.804404,0.936773,BLR,BRA,40
8164884,28,32,139,2005,570141.0,9751.0,0.934699,0.46211800000000003,BLR,BRA,40
8164885,28,32,139,2006,2855052.0,30422.0,0.919853,0.384409,BLR,BRA,40
8164886,28,32,139,2007,24885448.0,144910.0,1.0435889999999999,0.415603,BLR,BRA,40
8164887,28,32,139,2008,30475074.0,227185.0,0.9869,0.38977399999999995,BLR,BRA,40
8164888,28,32,139,2010,15615666.0,419761.0,0.969851,0.593386,BLR,BRA,40
8164889,28,32,139,2011,14985731.0,283243.0,0.8786729999999999,0.442097,BLR,BRA,40
8164890,28,32,139,2012,8281277.0,502742.0,1.066605,0.6785399999999999,BLR,BRA,40
8164891,28,32,139,2013,2948607.0,236913.0,1.036923,0.864568,BLR,BRA,40
8164892,28,32,139,2014,911982.0,26130.0,0.874108,0.676231,BLR,BRA,40
8164893,28,32,139,2015,46421.0,29913.0,0.672499,0.5584020000000001,BLR,BRA,40
8164894,28,32,139,2018,584270.0,403420.0,0.850089,0.8332870000000001,BLR,BRA,40
8164895,28,32,139,1996,2487.0,0.0,0.7285550000000001,0.660716,BLR,BRA,40
8164896,29,32,139,2019,0.0,55883.0,-0.484834,-0.638616,BLZ,BRA,40
8164897,29,32,139,2005,0.0,7201.0,-0.707427,-0.8586860000000001,BLZ,BRA,40
8164898,29,32,139,2007,0.0,651525.0,-0.17825,-0.562535,BLZ,BRA,40
8164899,29,32,139,2011,0.0,935944.0,-0.382684,-0.581376,BLZ,BRA,40
8164900,29,32,139,2012,4504.0,166030.0,-0.403404,-0.6691159999999999,BLZ,BRA,40
8164901,29,32,139,2018,0.0,64499.0,-0.15867699999999998,-0.6393989999999999,BLZ,BRA,40
8164902,29,32,139,2009,0.0,280781.0,-1.0464040000000001,-0.949774,BLZ,BRA,40
8164903,29,32,139,2014,0.0,54806.0,-0.324446,-0.552126,BLZ,BRA,40
8164904,29,32,139,2008,0.0,489882.0,-0.922266,-0.881167,BLZ,BRA,40
8164905,29,32,139,2013,6468.0,494821.0,-0.35218299999999997,-0.508891,BLZ,BRA,40
8164906,29,32,139,2016,0.0,220729.0,-0.527601,-0.680647,BLZ,BRA,40
8164907,29,32,139,1999,0.0,7666.0,-0.5603319999999999,-0.838239,BLZ,BRA,40
8164908,29,32,139,2006,0.0,52848.0,-0.584902,-0.82437,BLZ,BRA,40
8164909,29,32,139,2015,25354.0,172438.0,-0.24283600000000002,-0.577408,BLZ,BRA,40
8164910,29,32,139,1995,0.0,1390.0,0.019916999999999997,-0.570529,BLZ,BRA,40
8164911,29,32,139,1996,0.0,18886.0,-0.341173,-0.670063,BLZ,BRA,40
8164912,29,32,139,2003,0.0,1279.0,-0.543555,-0.7596,BLZ,BRA,40
8164913,29,32,139,2004,0.0,1053.0,-0.355391,-0.662783,BLZ,BRA,40
8164914,29,32,139,2000,10470.0,2772.0,-0.620384,-0.718677,BLZ,BRA,40
8164915,29,32,139,2001,3139.0,0.0,-0.297981,-0.695022,BLZ,BRA,40
8164916,29,32,139,2010,0.0,177092.0,-0.559172,-0.739977,BLZ,BRA,40
8164917,29,32,139,2017,0.0,126844.0,-0.284062,-0.711108,BLZ,BRA,40
8164918,29,32,139,2020,0.0,23932.0,-0.145757,-0.59123,BLZ,BRA,40
8164919,30,32,139,1995,0.0,24915.0,0.897532,-0.394633,BMU,BRA,40
8164920,30,32,139,1997,0.0,37483.0,1.069048,-0.35702399999999995,BMU,BRA,40
8164921,30,32,139,2009,0.0,2699.0,0.917207,-0.654219,BMU,BRA,40
8164922,30,32,139,1998,0.0,51675.0,0.900948,-0.340868,BMU,BRA,40
8164923,30,32,139,1999,0.0,21655.0,0.659772,-0.357746,BMU,BRA,40
8164924,30,32,139,2010,0.0,107757.0,0.46139300000000005,-0.6651590000000001,BMU,BRA,40
8164925,30,32,139,2005,0.0,1514.0,0.324479,-0.701032,BMU,BRA,40
8164926,30,32,139,2006,0.0,37083.0,0.491259,-0.603062,BMU,BRA,40
8164927,30,32,139,2007,0.0,3247.0,0.598129,-0.635616,BMU,BRA,40
8164928,30,32,139,2008,0.0,44781.0,-0.037808999999999995,-0.766089,BMU,BRA,40
8164929,30,32,139,2016,0.0,8033.0,0.913218,-0.62813,BMU,BRA,40
8164930,30,32,139,2020,0.0,1324.0,0.6924859999999999,-0.623079,BMU,BRA,40
8164931,30,32,139,2012,0.0,1467.0,1.037882,-0.260067,BMU,BRA,40
8164932,30,32,139,2002,0.0,14027.0,1.129,-0.476633,BMU,BRA,40
8164933,30,32,139,2003,0.0,1490.0,0.9966459999999999,-0.5183270000000001,BMU,BRA,40
8164934,30,32,139,1996,0.0,34907.0,1.037215,-0.408235,BMU,BRA,40
8164935,30,32,139,2000,0.0,2698.0,0.9415100000000001,-0.466488,BMU,BRA,40
8164936,31,32,139,2006,982.0,20090728.0,-0.805185,-0.754091,BOL,BRA,40
8164937,31,32,139,1999,2323.0,21390601.0,-0.398285,-0.6362,BOL,BRA,40
8164938,31,32,139,2009,3013.0,15635223.0,-0.909969,-0.8899879999999999,BOL,BRA,40
8164939,31,32,139,2017,5878.0,14564752.0,-1.158425,-1.076242,BOL,BRA,40
8164940,31,32,139,2018,26493.0,13951054.0,-1.153953,-1.070749,BOL,BRA,40
8164941,31,32,139,2019,2192.0,13311473.0,-1.012748,-0.999245,BOL,BRA,40
8164942,31,32,139,2013,7287.0,24560748.0,-1.039614,-0.95663,BOL,BRA,40
8164943,31,32,139,2014,10996.0,25858598.0,-1.129494,-1.030198,BOL,BRA,40
8164944,31,32,139,2010,1065.0,18979596.0,-0.83736,-0.812473,BOL,BRA,40
8164945,31,32,139,2020,3799.0,10191656.0,-0.835558,-0.9611350000000001,BOL,BRA,40
8164946,31,32,139,2011,23883.0,22345886.0,-0.818593,-0.8701770000000001,BOL,BRA,40
8164947,31,32,139,2007,0.0,27987080.0,-1.021595,-0.955375,BOL,BRA,40
8164948,31,32,139,2016,5377.0,14681140.0,-1.061758,-1.041501,BOL,BRA,40
8164949,31,32,139,2004,3581.0,12672355.0,-0.9288489999999999,-0.929884,BOL,BRA,40
8164950,31,32,139,1995,188230.0,25872926.0,-0.440583,-0.688389,BOL,BRA,40
8164951,31,32,139,1996,68861.0,32608302.0,-0.589432,-0.7781,BOL,BRA,40
8164952,31,32,139,1998,12087.0,25618042.0,-0.49860699999999997,-0.748521,BOL,BRA,40
8164953,31,32,139,2001,0.0,16614511.0,-0.680108,-0.678143,BOL,BRA,40
8164954,31,32,139,2000,6619.0,28592292.0,-0.612117,-0.6797479999999999,BOL,BRA,40
8164955,31,32,139,2008,0.0,23909905.0,-0.852975,-0.88041,BOL,BRA,40
8164956,31,32,139,2002,11358.0,13782841.0,-0.885342,-0.819517,BOL,BRA,40
8164957,31,32,139,1997,0.0,30974711.0,-0.697563,-0.8841479999999999,BOL,BRA,40
8164958,31,32,139,2003,0.0,8913545.0,-0.787995,-0.7228899999999999,BOL,BRA,40
8164959,31,32,139,2012,9354.0,22590122.0,-0.709307,-0.813228,BOL,BRA,40
8164960,31,32,139,2015,23785.0,18059866.0,-1.051562,-1.067714,BOL,BRA,40
8164961,31,32,139,2005,0.0,19180651.0,-0.968893,-0.862433,BOL,BRA,40
8164962,33,32,139,1997,0.0,296394.0,0.896769,0.22225300000000003,BRB,BRA,40
8164963,33,32,139,1998,11941.0,334667.0,0.888487,0.469408,BRB,BRA,40
8164964,33,32,139,2020,0.0,196111.0,0.666435,0.060089,BRB,BRA,40
8164965,33,32,139,2004,0.0,132236.0,0.8541559999999999,0.25895799999999997,BRB,BRA,40
8164966,33,32,139,2014,0.0,227675.0,0.44968400000000003,-0.15268900000000002,BRB,BRA,40
8164967,33,32,139,2001,0.0,206077.0,0.725546,0.172345,BRB,BRA,40
8164968,33,32,139,2002,0.0,248657.0,0.762217,0.004367,BRB,BRA,40
8164969,33,32,139,2003,0.0,231339.0,0.744166,0.074191,BRB,BRA,40
8164970,33,32,139,2005,0.0,202513.0,0.916402,0.262466,BRB,BRA,40
8164971,33,32,139,2006,0.0,220920.0,0.977267,0.6046560000000001,BRB,BRA,40
8164972,33,32,139,2007,0.0,804539.0,1.006332,0.680391,BRB,BRA,40
8164973,33,32,139,2008,0.0,508547.0,0.761035,0.615472,BRB,BRA,40
8164974,33,32,139,2009,0.0,484061.0,0.8652620000000001,0.796057,BRB,BRA,40
8164975,33,32,139,2010,35175.0,497840.0,0.7076140000000001,0.434993,BRB,BRA,40
8164976,33,32,139,2011,2166.0,339834.0,0.445982,0.204672,BRB,BRA,40
8164977,33,32,139,2012,0.0,540366.0,0.6746310000000001,0.45502700000000007,BRB,BRA,40
8164978,33,32,139,2013,0.0,300085.0,0.6969489999999999,0.135283,BRB,BRA,40
8164979,33,32,139,2015,13240.0,175204.0,0.453689,0.039237,BRB,BRA,40
8164980,33,32,139,2016,0.0,246881.0,0.613282,0.06728200000000001,BRB,BRA,40
8164981,33,32,139,2017,0.0,393049.0,0.589793,-0.004488000000000001,BRB,BRA,40
8164982,33,32,139,2018,0.0,276790.0,0.487166,-0.129388,BRB,BRA,40
8164983,33,32,139,2019,0.0,289794.0,0.6228199999999999,-0.10803499999999999,BRB,BRA,40
8164984,33,32,139,1999,0.0,205737.0,0.878015,0.413308,BRB,BRA,40
8164985,33,32,139,2000,0.0,88915.0,0.765428,0.418063,BRB,BRA,40
8164986,33,32,139,1996,0.0,357577.0,0.9384979999999999,0.147479,BRB,BRA,40
8164987,33,32,139,1995,4588.0,290517.0,1.055447,0.422738,BRB,BRA,40
8164988,34,32,139,2009,0.0,16727.0,-1.371042,-0.9792120000000001,BRN,BRA,40
8164989,34,32,139,2019,0.0,1079.0,0.9608620000000001,-0.7012619999999999,BRN,BRA,40
8164990,34,32,139,2007,0.0,393.0,-1.118219,-0.924797,BRN,BRA,40
8164991,34,32,139,2013,0.0,4747.0,-0.866827,-0.795995,BRN,BRA,40
8164992,34,32,139,2015,0.0,5382.0,1.093564,-0.679211,BRN,BRA,40
8164993,34,32,139,2008,0.0,21069.0,-1.7609099999999998,-0.8835959999999999,BRN,BRA,40
8164994,34,32,139,2006,5594.0,1941.0,-1.331831,-0.9170940000000001,BRN,BRA,40
8164995,34,32,139,2010,0.0,9844.0,0.717167,-0.764841,BRN,BRA,40
8164996,34,32,139,2011,0.0,5989.0,-0.171775,-0.6656810000000001,BRN,BRA,40
8164997,34,32,139,2012,0.0,4872.0,-2.758339,-0.931008,BRN,BRA,40
8164998,34,32,139,2016,0.0,928.0,0.078764,-0.8103670000000001,BRN,BRA,40
8164999,34,32,139,2017,0.0,12745.0,0.270525,-0.747949,BRN,BRA,40
8165000,34,32,139,2018,0.0,20899.0,0.562198,-0.774457,BRN,BRA,40
8165001,34,32,139,2003,0.0,5679.0,-1.342738,-0.978633,BRN,BRA,40
8165002,34,32,139,2020,0.0,6296.0,0.432569,-0.8083779999999999,BRN,BRA,40
8165003,34,32,139,2014,5892.0,9898.0,0.191357,-0.683567,BRN,BRA,40
8165004,37,32,139,2007,0.0,714727.0,-0.8557239999999999,-1.1712989999999999,BWA,BRA,40
8165005,37,32,139,2011,0.0,31363.0,-0.48782600000000004,-1.051639,BWA,BRA,40
8165006,37,32,139,2016,0.0,47055.0,-0.9927739999999999,-1.260391,BWA,BRA,40
8165007,37,32,139,2018,0.0,1625.0,-0.8339610000000001,-1.184307,BWA,BRA,40
8165008,37,32,139,2019,0.0,1431.0,-0.492807,-1.152651,BWA,BRA,40
8165009,37,32,139,2003,0.0,11394.0,-0.517317,-1.1125770000000001,BWA,BRA,40
8165010,37,32,139,2004,0.0,179425.0,-0.8574229999999999,-1.191754,BWA,BRA,40
8165011,37,32,139,2008,0.0,966494.0,-0.191616,-0.848397,BWA,BRA,40
8165012,37,32,139,2009,0.0,70222.0,-0.008142,-0.599115,BWA,BRA,40
8165013,37,32,139,2010,0.0,18236.0,-0.181373,-0.714376,BWA,BRA,40
8165014,37,32,139,2020,0.0,983.0,-0.8696219999999999,-1.195627,BWA,BRA,40
8165015,37,32,139,2006,0.0,1012858.0,-1.0541459999999998,-1.179286,BWA,BRA,40
8165016,37,32,139,2005,0.0,950714.0,-0.857577,-1.1514229999999999,BWA,BRA,40
8165017,38,32,139,2014,0.0,1426.0,0.695875,0.543384,CAF,BRA,40
8165018,38,32,139,2018,0.0,3885.0,-0.041318,-0.687923,CAF,BRA,40
8165019,38,32,139,2011,0.0,1351.0,-0.318191,-0.68375,CAF,BRA,40
8165020,38,32,139,2017,0.0,1479.0,-0.289049,-0.648497,CAF,BRA,40
8165021,38,32,139,2013,0.0,23396.0,-0.268604,-0.606101,CAF,BRA,40
8165022,38,32,139,2007,0.0,3724.0,-0.252459,-0.783634,CAF,BRA,40
8165023,38,32,139,2012,0.0,296.0,-0.264052,-0.727242,CAF,BRA,40
8165024,38,32,139,2010,0.0,6195.0,0.062649,-0.6461779999999999,CAF,BRA,40
8165025,38,32,139,2005,0.0,2393.0,-0.18778399999999998,-0.647926,CAF,BRA,40
8165026,38,32,139,2001,0.0,1704.0,-0.682897,-0.8083140000000001,CAF,BRA,40
8165027,38,32,139,2004,70609.0,0.0,-0.683538,-0.8331770000000001,CAF,BRA,40
8165028,39,32,139,2001,4084760.0,10621126.0,0.971827,1.105171,CAN,BRA,40
8165029,39,32,139,2002,9478145.0,14249037.0,0.9963280000000001,1.1922110000000001,CAN,BRA,40
8165030,39,32,139,2003,9970382.0,12360983.0,0.9791540000000001,1.185081,CAN,BRA,40
8165031,39,32,139,2004,13747542.0,11089303.0,0.9392739999999999,1.19228,CAN,BRA,40
8165032,39,32,139,2005,11443246.0,11621736.0,0.9895149999999999,1.0437459999999998,CAN,BRA,40
8165033,39,32,139,2006,11545753.0,16332932.0,0.865685,1.1480489999999999,CAN,BRA,40
8165034,39,32,139,2007,16045436.0,23803338.0,0.77681,1.20517,CAN,BRA,40
8165035,39,32,139,2008,25740614.0,30140586.0,0.684659,1.085312,CAN,BRA,40
8165036,39,32,139,2009,8694975.0,23272257.0,0.6778069999999999,1.278402,CAN,BRA,40
8165037,39,32,139,2010,15673348.0,25597113.0,0.752421,1.2208510000000001,CAN,BRA,40
8165038,39,32,139,2011,17276795.0,30024623.0,0.754813,1.1967290000000002,CAN,BRA,40
8165039,39,32,139,2012,13008904.0,28218153.0,0.693098,1.132064,CAN,BRA,40
8165040,39,32,139,2013,8956702.0,18739617.0,0.719649,1.017046,CAN,BRA,40
8165041,39,32,139,2014,7137522.0,20704839.0,0.671395,1.024683,CAN,BRA,40
8165042,39,32,139,2015,2674333.0,18527779.0,0.695867,1.171676,CAN,BRA,40
8165043,39,32,139,2016,4443844.0,17803050.0,0.6579050000000001,1.12259,CAN,BRA,40
8165044,39,32,139,2017,11303303.0,29038755.0,0.73897,1.206402,CAN,BRA,40
8165045,39,32,139,2018,5354645.0,24812720.0,0.666822,1.218593,CAN,BRA,40
8165046,39,32,139,2019,3463084.0,28924612.0,0.657292,1.187872,CAN,BRA,40
8165047,39,32,139,2020,2583613.0,23072497.0,0.609267,1.1890479999999999,CAN,BRA,40
8165048,39,32,139,2000,6695389.0,9065422.0,1.056577,1.12931,CAN,BRA,40
8165049,39,32,139,1999,2957615.0,11916920.0,1.083572,1.08026,CAN,BRA,40
8165050,39,32,139,1995,9690044.0,4768005.0,1.077804,1.0724200000000002,CAN,BRA,40
8165051,39,32,139,1996,7213430.0,3889728.0,1.155706,1.1127049999999998,CAN,BRA,40
8165052,39,32,139,1997,6661265.0,6438694.0,1.109494,1.178772,CAN,BRA,40
8165053,39,32,139,1998,5050530.0,9586467.0,1.077343,1.119161,CAN,BRA,40
8165054,40,32,139,2014,0.0,35473.0,0.8426629999999999,-0.258254,CCK,BRA,40
8165055,40,32,139,2020,3807.0,0.0,1.373165,0.070636,CCK,BRA,40
8165056,41,32,139,2015,7254198.0,1079292.0,2.306075,0.720781,CHE,BRA,40
8165057,41,32,139,2014,8882477.0,3426892.0,2.2000919999999997,0.65398,CHE,BRA,40
8165058,41,32,139,2005,2569453.0,703786.0,2.0461709999999997,0.615855,CHE,BRA,40
8165059,41,32,139,2011,8122814.0,867132.0,2.2644029999999997,0.406131,CHE,BRA,40
8165060,41,32,139,2010,6319810.0,991635.0,2.1492080000000002,0.556424,CHE,BRA,40
8165061,41,32,139,2002,1724452.0,465036.0,2.218095,0.620946,CHE,BRA,40
8165062,41,32,139,2003,1661359.0,538475.0,2.151037,0.711217,CHE,BRA,40
8165063,41,32,139,2004,1963692.0,521421.0,2.151471,0.7196279999999999,CHE,BRA,40
8165064,41,32,139,2006,3157653.0,2915260.0,2.052534,0.515523,CHE,BRA,40
8165065,41,32,139,2007,4300267.0,1078911.0,2.0198080000000003,0.42277200000000004,CHE,BRA,40
8165066,41,32,139,2008,6123777.0,1736901.0,1.978404,0.368694,CHE,BRA,40
8165067,41,32,139,2009,8832612.0,780256.0,2.124438,0.484861,CHE,BRA,40
8165068,41,32,139,2012,6056845.0,1177424.0,2.060769,0.562718,CHE,BRA,40
8165069,41,32,139,2013,10846974.0,854994.0,2.2104470000000003,0.5403479999999999,CHE,BRA,40
8165070,41,32,139,2016,4625674.0,1135619.0,2.3488689999999997,0.806291,CHE,BRA,40
8165071,41,32,139,2017,4893439.0,767358.0,2.2557810000000003,0.845459,CHE,BRA,40
8165072,41,32,139,2018,3916453.0,1270768.0,2.2324330000000003,0.7801560000000001,CHE,BRA,40
8165073,41,32,139,2019,3677087.0,1981816.0,2.1990849999999997,0.8394229999999999,CHE,BRA,40
8165074,41,32,139,2020,3468614.0,536479.0,2.184038,0.900965,CHE,BRA,40
8165075,41,32,139,1999,872786.0,785798.0,2.189934,0.741428,CHE,BRA,40
8165076,41,32,139,2000,1411515.0,145490.0,2.197959,0.489989,CHE,BRA,40
8165077,41,32,139,2001,2047154.0,496535.0,2.227246,0.553956,CHE,BRA,40
8165078,41,32,139,1998,1968668.0,430214.0,2.252965,0.561806,CHE,BRA,40
8165079,41,32,139,1996,1761006.0,707328.0,2.246238,0.603288,CHE,BRA,40
8165080,41,32,139,1995,1465951.0,409550.0,2.1893029999999998,0.82765,CHE,BRA,40
8165081,41,32,139,1997,2210869.0,710038.0,2.280163,0.597819,CHE,BRA,40
8165082,42,32,139,2005,13450837.0,60677476.0,-0.168344,-0.43438999999999994,CHL,BRA,40
8165083,42,32,139,2006,6312820.0,63140688.0,-0.188298,-0.46778000000000003,CHL,BRA,40
8165084,42,32,139,2014,2207326.0,69084246.0,-0.344671,-0.43380799999999997,CHL,BRA,40
8165085,42,32,139,2015,2155764.0,66115536.0,-0.356167,-0.47629399999999994,CHL,BRA,40
8165086,42,32,139,2016,5155678.0,64857976.0,-0.385519,-0.470495,CHL,BRA,40
8165087,42,32,139,2017,1868081.0,59047138.0,-0.378693,-0.492983,CHL,BRA,40
8165088,42,32,139,2018,882874.0,73320328.0,-0.37677,-0.49605299999999997,CHL,BRA,40
8165089,42,32,139,2019,3389097.0,57418209.0,-0.34416199999999997,-0.432674,CHL,BRA,40
8165090,42,32,139,2020,1526937.0,58858312.0,-0.307923,-0.565983,CHL,BRA,40
8165091,42,32,139,2007,10761118.0,71484773.0,-0.306846,-0.57431,CHL,BRA,40
8165092,42,32,139,2008,17197865.0,73771510.0,-0.293985,-0.349554,CHL,BRA,40
8165093,42,32,139,2009,29046433.0,66624321.0,-0.219521,-0.34239,CHL,BRA,40
8165094,42,32,139,2010,36213204.0,81892146.0,-0.34914,-0.459395,CHL,BRA,40
8165095,42,32,139,2011,37608732.0,105639511.0,-0.199877,-0.353009,CHL,BRA,40
8165096,42,32,139,2012,6225185.0,102281654.0,-0.333891,-0.45610200000000006,CHL,BRA,40
8165097,42,32,139,2013,1224224.0,94401852.0,-0.260718,-0.38256100000000004,CHL,BRA,40
8165098,42,32,139,2000,3530250.0,34055507.0,0.068478,-0.053438,CHL,BRA,40
8165099,42,32,139,2001,5437809.0,39310647.0,-0.004658,-0.002548,CHL,BRA,40
8165100,42,32,139,2002,2905756.0,40439787.0,-0.035264,-0.101796,CHL,BRA,40
8165101,42,32,139,2003,1869054.0,43278123.0,-0.06375900000000001,-0.156808,CHL,BRA,40
8165102,42,32,139,1997,1114545.0,45767992.0,0.002791,-0.030604000000000003,CHL,BRA,40
8165103,42,32,139,1996,975419.0,34098400.0,-0.052811000000000004,-0.169464,CHL,BRA,40
8165104,42,32,139,1999,452139.0,29616023.0,0.041013,-0.111553,CHL,BRA,40
8165105,42,32,139,1995,4317525.0,37467579.0,-0.073436,-0.192675,CHL,BRA,40
8165106,42,32,139,2004,8155374.0,52963292.0,-0.07869,-0.33641,CHL,BRA,40
8165107,42,32,139,1998,503778.0,34622928.0,0.029706,-0.061149,CHL,BRA,40
8165108,43,32,139,1995,12110152.0,4030152.0,0.387897,3.2147919999999996,CHN,BRA,40
8165109,43,32,139,1996,11331680.0,6100538.0,0.404422,3.061344,CHN,BRA,40
8165110,43,32,139,1997,8852474.0,3945421.0,0.36051300000000003,3.287322,CHN,BRA,40
8165111,43,32,139,1998,9481721.0,1253322.0,0.3658,3.231258,CHN,BRA,40
8165112,43,32,139,1999,6560629.0,1945930.0,0.386094,3.270089,CHN,BRA,40
8165113,43,32,139,2000,16740876.0,2413938.0,0.478362,3.156111,CHN,BRA,40
8165114,43,32,139,2001,12802847.0,3520756.0,0.525171,3.092963,CHN,BRA,40
8165115,43,32,139,2002,6696045.0,5818629.0,0.576746,2.7995520000000003,CHN,BRA,40
8165116,43,32,139,2003,11889089.0,10666832.0,0.579431,2.773139,CHN,BRA,40
8165117,43,32,139,2004,27615937.0,9825210.0,0.581548,2.8689880000000003,CHN,BRA,40
8165118,43,32,139,2005,62393852.0,22230330.0,0.608256,2.8242220000000002,CHN,BRA,40
8165119,43,32,139,2007,173054096.0,52359629.0,0.801547,2.321052,CHN,BRA,40
8165120,43,32,139,2008,288738831.0,42474452.0,0.929285,1.8917259999999998,CHN,BRA,40
8165121,43,32,139,2009,126465874.0,32666378.0,0.898623,2.08703,CHN,BRA,40
8165122,43,32,139,2010,358768512.0,25819827.0,0.922493,2.0176,CHN,BRA,40
8165123,43,32,139,2011,560960749.0,29870017.0,1.072299,1.686826,CHN,BRA,40
8165124,43,32,139,2012,512714773.0,26363174.0,1.095682,1.354837,CHN,BRA,40
8165125,43,32,139,2013,563930822.0,28242946.0,1.113767,1.477496,CHN,BRA,40
8165126,43,32,139,2014,499701780.0,17713976.0,1.187557,1.222085,CHN,BRA,40
8165127,43,32,139,2015,334809078.0,20663280.0,1.077143,1.735757,CHN,BRA,40
8165128,43,32,139,2016,295970446.0,21696580.0,1.1073620000000002,1.723098,CHN,BRA,40
8165129,43,32,139,2017,458087110.0,32214376.0,1.1127790000000002,1.56869,CHN,BRA,40
8165130,43,32,139,2018,419472674.0,23284405.0,1.200689,1.2822,CHN,BRA,40
8165131,43,32,139,2019,480088985.0,31121744.0,1.196265,1.2258870000000002,CHN,BRA,40
8165132,43,32,139,2020,434948808.0,18400581.0,1.187837,1.2237770000000001,CHN,BRA,40
8165133,43,32,139,2006,100622404.0,29837811.0,0.737888,2.54966,CHN,BRA,40
8165134,44,32,139,2008,6989640.0,300100.0,-0.9806040000000001,-0.730792,CIV,BRA,40
8165135,44,32,139,2009,5708254.0,1096534.0,-0.924681,-0.801371,CIV,BRA,40
8165136,44,32,139,2015,15507055.0,877710.0,-0.856142,-0.905292,CIV,BRA,40
8165137,44,32,139,2014,17413477.0,1680918.0,-0.737625,-0.768728,CIV,BRA,40
8165138,44,32,139,2007,6209830.0,721273.0,-0.9989110000000001,-0.867232,CIV,BRA,40
8165139,44,32,139,2006,540502.0,776581.0,-0.8918530000000001,-0.8145819999999999,CIV,BRA,40
8165140,44,32,139,2013,16385030.0,2244338.0,-0.923558,-0.866642,CIV,BRA,40
8165141,44,32,139,2016,16754891.0,1826445.0,-0.88415,-0.8122689999999999,CIV,BRA,40
8165142,44,32,139,2017,25191247.0,2555679.0,-0.784119,-0.904135,CIV,BRA,40
8165143,44,32,139,2018,26436849.0,2939666.0,-0.8733569999999999,-0.8443139999999999,CIV,BRA,40
8165144,44,32,139,2019,22970566.0,1143683.0,-0.9916719999999999,-0.960625,CIV,BRA,40
8165145,44,32,139,1999,729.0,1411026.0,-0.591892,-0.654457,CIV,BRA,40
8165146,44,32,139,2001,0.0,619723.0,-0.715949,-0.524428,CIV,BRA,40
8165147,44,32,139,2003,263422.0,616936.0,-0.699928,-0.723739,CIV,BRA,40
8165148,44,32,139,1997,0.0,546447.0,-0.685339,-0.62129,CIV,BRA,40
8165149,44,32,139,2002,2738.0,613250.0,-0.816327,-0.711765,CIV,BRA,40
8165150,44,32,139,1998,0.0,1028814.0,-0.75115,-0.753865,CIV,BRA,40
8165151,44,32,139,2000,0.0,948801.0,-0.7772640000000001,-0.632181,CIV,BRA,40
8165152,44,32,139,2004,439848.0,531346.0,-0.8490979999999999,-0.754732,CIV,BRA,40
8165153,44,32,139,2005,222579.0,597495.0,-0.900386,-0.804689,CIV,BRA,40
8165154,44,32,139,2010,15306878.0,945821.0,-1.256641,-0.946767,CIV,BRA,40
8165155,44,32,139,2011,4563824.0,932663.0,-1.069474,-0.867439,CIV,BRA,40
8165156,44,32,139,2012,11298641.0,1444215.0,-0.9721879999999999,-0.837227,CIV,BRA,40
8165157,44,32,139,1995,0.0,618221.0,-0.781656,-0.74293,CIV,BRA,40
8165158,44,32,139,1996,24142.0,898233.0,-0.8720459999999999,-0.7904479999999999,CIV,BRA,40
8165159,44,32,139,2020,13919179.0,266070.0,-1.2299200000000001,-1.095777,CIV,BRA,40
8165160,45,32,139,2009,2687776.0,2290017.0,-1.128734,-1.022546,CMR,BRA,40
8165161,45,32,139,1997,0.0,261015.0,-1.205482,-1.015714,CMR,BRA,40
8165162,45,32,139,2001,0.0,811763.0,-1.6254879999999998,-1.212513,CMR,BRA,40
8165163,45,32,139,2002,62704.0,828785.0,-1.114477,-1.0516510000000001,CMR,BRA,40
8165164,45,32,139,2003,0.0,1798153.0,-1.254788,-1.10897,CMR,BRA,40
8165165,45,32,139,2013,1945239.0,494905.0,-0.901531,-1.027111,CMR,BRA,40
8165166,45,32,139,2014,546275.0,499888.0,-0.6723520000000001,-0.945084,CMR,BRA,40
8165167,45,32,139,2015,1085637.0,487760.0,-0.924366,-1.040721,CMR,BRA,40
8165168,45,32,139,2016,138612.0,475512.0,-1.086484,-1.0725559999999998,CMR,BRA,40
8165169,45,32,139,2017,130832.0,553427.0,-1.048569,-1.030799,CMR,BRA,40
8165170,45,32,139,2018,79794.0,379421.0,-1.366619,-1.09894,CMR,BRA,40
8165171,45,32,139,1995,25622.0,260910.0,-1.121716,-0.9758020000000001,CMR,BRA,40
8165172,45,32,139,2010,2959719.0,990081.0,-1.114209,-1.0127899999999999,CMR,BRA,40
8165173,45,32,139,2004,176814.0,922883.0,-1.604916,-1.217399,CMR,BRA,40
8165174,45,32,139,2007,1169695.0,1175247.0,-0.821623,-0.965601,CMR,BRA,40
8165175,45,32,139,2000,0.0,509231.0,-1.547715,-1.161125,CMR,BRA,40
8165176,45,32,139,2005,196610.0,972942.0,-1.5648739999999999,-1.210117,CMR,BRA,40
8165177,45,32,139,2011,2540296.0,1207592.0,-0.7956340000000001,-0.8532790000000001,CMR,BRA,40
8165178,45,32,139,1996,0.0,117131.0,-1.4036309999999999,-1.090633,CMR,BRA,40
8165179,45,32,139,2006,0.0,1178198.0,-1.358873,-1.1511360000000002,CMR,BRA,40
8165180,45,32,139,2008,974546.0,802519.0,-1.143808,-1.0725,CMR,BRA,40
8165181,45,32,139,2012,2810316.0,699362.0,-1.0127030000000001,-1.011776,CMR,BRA,40
8165182,45,32,139,2019,755389.0,282982.0,-1.461279,-1.214274,CMR,BRA,40
8165183,45,32,139,2020,1572207.0,327248.0,-1.379365,-1.177022,CMR,BRA,40
8165184,45,32,139,1998,0.0,331133.0,-1.8845029999999998,-1.250205,CMR,BRA,40
8165185,45,32,139,1999,0.0,924160.0,-1.7392470000000002,-1.241373,CMR,BRA,40
8165186,46,32,139,2015,0.0,856632.0,-1.3921290000000002,-1.146549,COD,BRA,40
8165187,46,32,139,2009,0.0,12879.0,-1.532165,-1.160269,COD,BRA,40
8165188,46,32,139,2011,0.0,5184.0,-0.722957,-0.965141,COD,BRA,40
8165189,46,32,139,2012,0.0,17263.0,-1.442925,-1.170333,COD,BRA,40
8165190,46,32,139,2013,0.0,16979.0,-1.300125,-1.0708010000000001,COD,BRA,40
8165191,46,32,139,2016,0.0,479220.0,-1.136472,-1.109177,COD,BRA,40
8165192,46,32,139,2017,0.0,299714.0,-1.3960569999999999,-1.126784,COD,BRA,40
8165193,46,32,139,2018,0.0,599689.0,-1.743034,-1.20446,COD,BRA,40
8165194,46,32,139,2019,0.0,298552.0,-1.2685879999999998,-1.148403,COD,BRA,40
8165195,46,32,139,2020,0.0,2837202.0,-1.538455,-1.1857659999999999,COD,BRA,40
8165196,46,32,139,2010,62593.0,4937.0,-1.465101,-1.139909,COD,BRA,40
8165197,46,32,139,2007,2445.0,1156.0,-1.507664,-1.111844,COD,BRA,40
8165198,46,32,139,1995,0.0,59221.0,-1.4672459999999998,-1.0777139999999998,COD,BRA,40
8165199,46,32,139,2005,4390.0,4063.0,-1.7843189999999998,-1.155135,COD,BRA,40
8165200,46,32,139,1996,0.0,88898.0,-1.2167,-1.086508,COD,BRA,40
8165201,46,32,139,1997,0.0,6011.0,-1.274443,-1.073668,COD,BRA,40
8165202,46,32,139,2001,0.0,44134.0,-1.421643,-1.154007,COD,BRA,40
8165203,46,32,139,2002,1282.0,0.0,-1.2657370000000001,-1.108659,COD,BRA,40
8165204,46,32,139,2003,0.0,23598.0,-1.366232,-1.0778860000000001,COD,BRA,40
8165205,46,32,139,2004,34748.0,0.0,-1.405291,-1.108962,COD,BRA,40
8165206,46,32,139,2006,0.0,2129.0,-1.542137,-1.086494,COD,BRA,40
8165207,46,32,139,2008,0.0,5038.0,-1.513117,-1.141895,COD,BRA,40
8165208,47,32,139,2011,0.0,22609.0,-0.979359,-1.084589,COG,BRA,40
8165209,47,32,139,2018,0.0,31977.0,-1.52875,-1.1869100000000001,COG,BRA,40
8165210,47,32,139,2019,0.0,249377.0,-1.305193,-1.162808,COG,BRA,40
8165211,47,32,139,2007,0.0,389859.0,-1.88462,-1.22688,COG,BRA,40
8165212,47,32,139,2009,0.0,391373.0,-1.466289,-1.201249,COG,BRA,40
8165213,47,32,139,2010,251.0,147159.0,-1.536434,-1.175338,COG,BRA,40
8165214,47,32,139,2012,0.0,163696.0,-1.210442,-1.086805,COG,BRA,40
8165215,47,32,139,2013,0.0,108851.0,-1.215681,-1.08679,COG,BRA,40
8165216,47,32,139,2014,0.0,181945.0,-1.371624,-1.12468,COG,BRA,40
8165217,47,32,139,2015,0.0,340050.0,-1.294823,-1.18811,COG,BRA,40
8165218,47,32,139,2016,0.0,27743.0,-0.718731,-1.0663799999999999,COG,BRA,40
8165219,47,32,139,2017,0.0,53141.0,-1.2289780000000001,-1.169368,COG,BRA,40
8165220,47,32,139,1995,0.0,163611.0,-0.648521,-1.0392190000000001,COG,BRA,40
8165221,47,32,139,2020,0.0,679175.0,-1.580638,-1.2020870000000001,COG,BRA,40
8165222,47,32,139,2008,0.0,27380.0,-2.2772799999999997,-1.216089,COG,BRA,40
8165223,47,32,139,2005,0.0,69246.0,-1.648425,-1.1852040000000001,COG,BRA,40
8165224,47,32,139,2004,0.0,29017.0,-1.610222,-1.184921,COG,BRA,40
8165225,47,32,139,1997,0.0,97243.0,-1.58904,-1.1557979999999999,COG,BRA,40
8165226,47,32,139,1998,0.0,153445.0,-1.404207,-1.133436,COG,BRA,40
8165227,47,32,139,1999,0.0,97140.0,-1.2759120000000002,-1.1418030000000001,COG,BRA,40
8165228,47,32,139,2000,0.0,58942.0,-1.862839,-1.214684,COG,BRA,40
8165229,47,32,139,2001,0.0,80159.0,-1.482788,-1.172,COG,BRA,40
8165230,47,32,139,2002,0.0,210667.0,-1.62227,-1.202067,COG,BRA,40
8165231,47,32,139,2003,0.0,77509.0,-1.6789619999999998,-1.182557,COG,BRA,40
8165232,47,32,139,2006,0.0,229271.0,-1.9903240000000002,-1.189925,COG,BRA,40
8165233,47,32,139,1996,0.0,190187.0,-1.522142,-1.165936,COG,BRA,40
8165234,49,32,139,1995,1919964.0,18198414.0,0.094335,0.13047999999999998,COL,BRA,40
8165235,49,32,139,1996,1333319.0,16077602.0,0.136487,0.078743,COL,BRA,40
8165236,49,32,139,1999,5685567.0,14760510.0,0.190667,0.136271,COL,BRA,40
8165237,49,32,139,2000,19065315.0,30812782.0,0.299592,0.320885,COL,BRA,40
8165238,49,32,139,2005,12146641.0,52765187.0,0.077191,0.47193500000000005,COL,BRA,40
8165239,49,32,139,2007,29629093.0,78032605.0,0.118341,0.557699,COL,BRA,40
8165240,49,32,139,2008,55919250.0,77876371.0,0.19505699999999998,0.566189,COL,BRA,40
8165241,49,32,139,2009,45721445.0,75534251.0,0.263416,0.38947,COL,BRA,40
8165242,49,32,139,2010,83446515.0,82410137.0,0.097222,-0.064328,COL,BRA,40
8165243,49,32,139,2011,86906571.0,101077638.0,0.14336600000000002,-0.22996,COL,BRA,40
8165244,49,32,139,2012,58504211.0,108262010.0,0.15523699999999999,-0.30749099999999996,COL,BRA,40
8165245,49,32,139,2013,61840197.0,100620541.0,0.121799,-0.388239,COL,BRA,40
8165246,49,32,139,2014,22820348.0,124041748.0,0.19864500000000002,-0.378364,COL,BRA,40
8165247,49,32,139,2015,9795870.0,129167843.0,0.156383,-0.183055,COL,BRA,40
8165248,49,32,139,2016,4364343.0,117244593.0,0.10205700000000001,-0.155574,COL,BRA,40
8165249,49,32,139,2019,16482019.0,89463409.0,0.099936,-0.15568800000000002,COL,BRA,40
8165250,49,32,139,1997,374193.0,17302081.0,0.190632,0.068001,COL,BRA,40
8165251,49,32,139,1998,430724.0,17620856.0,0.205004,0.13985899999999998,COL,BRA,40
8165252,49,32,139,2001,15441340.0,32136923.0,0.30412,0.395913,COL,BRA,40
8165253,49,32,139,2002,6905903.0,31420157.0,0.345094,0.37787800000000005,COL,BRA,40
8165254,49,32,139,2003,7830911.0,31801821.0,0.218336,0.376869,COL,BRA,40
8165255,49,32,139,2004,9412212.0,44994505.0,0.033128,0.47524799999999995,COL,BRA,40
8165256,49,32,139,2006,16652761.0,69472312.0,0.129887,0.44371700000000003,COL,BRA,40
8165257,49,32,139,2017,7407547.0,111513073.0,0.208096,-0.17644300000000002,COL,BRA,40
8165258,49,32,139,2018,27029898.0,99882415.0,0.20431,-0.15273699999999998,COL,BRA,40
8165259,49,32,139,2020,10492740.0,60670336.0,0.115954,0.104558,COL,BRA,40
8165260,51,32,139,2020,0.0,9265.0,-0.235719,-0.746113,CPV,BRA,40
8165261,51,32,139,2017,0.0,23648.0,-0.11722300000000001,-0.677707,CPV,BRA,40
8165262,51,32,139,2019,0.0,19575.0,-0.094961,-0.751246,CPV,BRA,40
8165263,51,32,139,2018,0.0,19097.0,-0.319064,-0.8615659999999999,CPV,BRA,40
8165264,51,32,139,2007,0.0,767852.0,0.289375,-0.295194,CPV,BRA,40
8165265,51,32,139,2012,2759706.0,445952.0,-0.049047,-0.541215,CPV,BRA,40
8165266,51,32,139,2013,2708360.0,365822.0,-0.75058,-0.8948219999999999,CPV,BRA,40
8165267,51,32,139,2009,1811293.0,1784108.0,0.32592600000000005,-0.531697,CPV,BRA,40
8165268,51,32,139,2001,0.0,933189.0,0.063802,-0.456617,CPV,BRA,40
8165269,51,32,139,2002,0.0,651954.0,-0.29720100000000005,-0.703051,CPV,BRA,40
8165270,51,32,139,2010,2659682.0,917851.0,0.140658,-0.527468,CPV,BRA,40
8165271,51,32,139,1997,0.0,4592.0,1.154102,-0.255423,CPV,BRA,40
8165272,51,32,139,2011,2720810.0,637707.0,0.006139,-0.610237,CPV,BRA,40
8165273,51,32,139,2008,1089811.0,411184.0,0.16722,-0.64183,CPV,BRA,40
8165274,51,32,139,2015,0.0,124026.0,-0.263621,-0.772158,CPV,BRA,40
8165275,51,32,139,2003,0.0,1078312.0,0.070649,-0.541279,CPV,BRA,40
8165276,51,32,139,2004,0.0,632769.0,-0.160185,-0.729291,CPV,BRA,40
8165277,51,32,139,2005,74121.0,688801.0,0.12126400000000001,-0.44637899999999997,CPV,BRA,40
8165278,51,32,139,2006,43001.0,725266.0,0.369814,-0.414812,CPV,BRA,40
8165279,51,32,139,1996,0.0,30285.0,0.247925,-0.512776,CPV,BRA,40
8165280,51,32,139,1998,0.0,1825.0,0.61526,-0.455517,CPV,BRA,40
8165281,51,32,139,1999,0.0,11731.0,0.783048,-0.442508,CPV,BRA,40
8165282,51,32,139,2000,0.0,477990.0,0.434429,-0.218505,CPV,BRA,40
8165283,52,32,139,1999,291515.0,1111838.0,-0.310033,-0.299529,CRI,BRA,40
8165284,52,32,139,2000,435849.0,1938665.0,-0.095295,-0.189881,CRI,BRA,40
8165285,52,32,139,2001,539452.0,4006502.0,0.069458,-0.042793,CRI,BRA,40
8165286,52,32,139,1995,0.0,902448.0,-0.30094699999999996,-0.046285,CRI,BRA,40
8165287,52,32,139,1996,0.0,807165.0,-0.34219499999999997,0.12221900000000001,CRI,BRA,40
8165288,52,32,139,1997,59135.0,961422.0,-0.25974200000000003,0.196955,CRI,BRA,40
8165289,52,32,139,1998,161484.0,928379.0,-0.26046199999999997,-0.059391,CRI,BRA,40
8165290,52,32,139,2008,6865906.0,16804981.0,0.023962,-0.346029,CRI,BRA,40
8165291,52,32,139,2009,4671571.0,11965478.0,-0.142465,-0.669277,CRI,BRA,40
8165292,52,32,139,2010,6125207.0,17525145.0,-0.122722,-0.7062069999999999,CRI,BRA,40
8165293,52,32,139,2011,5494669.0,22565437.0,0.04325,-0.553193,CRI,BRA,40
8165294,52,32,139,2012,6140454.0,19561133.0,0.176669,-0.649094,CRI,BRA,40
8165295,52,32,139,2013,6049894.0,13816755.0,0.067379,-0.688217,CRI,BRA,40
8165296,52,32,139,2014,5491448.0,11628117.0,0.065938,-0.687971,CRI,BRA,40
8165297,52,32,139,2015,4147658.0,15219265.0,0.24859699999999998,-0.033143,CRI,BRA,40
8165298,52,32,139,2016,3285529.0,14437671.0,0.204591,-0.18279600000000001,CRI,BRA,40
8165299,52,32,139,2017,4644902.0,13278484.0,0.288642,-0.056219000000000005,CRI,BRA,40
8165300,52,32,139,2018,4423919.0,10260051.0,0.19386,0.05811,CRI,BRA,40
8165301,52,32,139,2019,4671455.0,4674562.0,0.38045,0.08960900000000001,CRI,BRA,40
8165302,52,32,139,2020,5110773.0,4479815.0,0.303849,-0.114494,CRI,BRA,40
8165303,52,32,139,2002,829632.0,4898942.0,0.03619,-0.187718,CRI,BRA,40
8165304,52,32,139,2003,643563.0,6869115.0,-0.193904,-0.5049680000000001,CRI,BRA,40
8165305,52,32,139,2004,1395674.0,6104662.0,-0.043266000000000006,-0.376239,CRI,BRA,40
8165306,52,32,139,2005,1096872.0,14049257.0,-0.06424099999999999,-0.370622,CRI,BRA,40
8165307,52,32,139,2006,1686423.0,11166393.0,0.042663,-0.376672,CRI,BRA,40
8165308,52,32,139,2007,2056114.0,8556223.0,0.001895,-0.30248600000000003,CRI,BRA,40
8165309,54,32,139,1999,0.0,257097.0,-0.152322,-0.8734270000000001,CUB,BRA,40
8165310,54,32,139,2001,0.0,435219.0,-0.443391,-0.9599030000000001,CUB,BRA,40
8165311,54,32,139,2002,0.0,525194.0,-0.479213,-0.951203,CUB,BRA,40
8165312,54,32,139,2003,0.0,1006761.0,-0.391515,-0.8562120000000001,CUB,BRA,40
8165313,54,32,139,2004,0.0,554050.0,-0.040541,-0.634675,CUB,BRA,40
8165314,54,32,139,2005,0.0,728451.0,0.00695,-0.611843,CUB,BRA,40
8165315,54,32,139,2000,0.0,200435.0,-0.338457,-0.9391370000000001,CUB,BRA,40
8165316,54,32,139,2007,0.0,2908854.0,-0.308053,-0.8740610000000001,CUB,BRA,40
8165317,54,32,139,2009,0.0,1136162.0,0.188114,-0.819958,CUB,BRA,40
8165318,54,32,139,2014,0.0,8168816.0,-0.476786,-0.952291,CUB,BRA,40
8165319,54,32,139,2015,0.0,2831862.0,-0.694839,-1.093439,CUB,BRA,40
8165320,54,32,139,2017,0.0,1624599.0,-0.77404,-1.121084,CUB,BRA,40
8165321,54,32,139,2018,0.0,2969014.0,-0.8835629999999999,-1.15678,CUB,BRA,40
8165322,54,32,139,2019,0.0,3010407.0,-0.880892,-1.141591,CUB,BRA,40
8165323,54,32,139,2011,0.0,4199815.0,-0.050093,-0.88759,CUB,BRA,40
8165324,54,32,139,2006,0.0,1342398.0,0.204039,-0.5183260000000001,CUB,BRA,40
8165325,54,32,139,2012,0.0,11050530.0,0.129383,-0.7444609999999999,CUB,BRA,40
8165326,54,32,139,2010,0.0,1804115.0,-0.085462,-0.885019,CUB,BRA,40
8165327,54,32,139,2013,0.0,7147022.0,-0.019956,-0.7873319999999999,CUB,BRA,40
8165328,54,32,139,2016,0.0,3052908.0,-0.602309,-1.0781120000000002,CUB,BRA,40
8165329,54,32,139,2020,0.0,768916.0,-1.171456,-1.224365,CUB,BRA,40
8165330,54,32,139,1997,0.0,195119.0,-0.403192,-1.041751,CUB,BRA,40
8165331,54,32,139,1995,28102.0,168673.0,-0.315644,-0.8812110000000001,CUB,BRA,40
8165332,54,32,139,1996,0.0,71731.0,-0.555246,-1.0420479999999999,CUB,BRA,40
8165333,54,32,139,1998,0.0,226273.0,-0.349393,-0.9927889999999999,CUB,BRA,40
8165334,54,32,139,2008,0.0,4484854.0,-0.23158299999999998,-0.892943,CUB,BRA,40
8165335,55,32,139,2011,23670.0,189581.0,-0.052038,-0.69103,CUW,BRA,40
8165336,55,32,139,2012,4294.0,149237.0,0.233821,-0.6050260000000001,CUW,BRA,40
8165337,55,32,139,2013,0.0,168995.0,0.029981999999999998,-0.673439,CUW,BRA,40
8165338,55,32,139,2014,0.0,364715.0,-0.00902,-0.683643,CUW,BRA,40
8165339,55,32,139,2020,0.0,14304.0,0.543866,0.190664,CUW,BRA,40
8165340,55,32,139,2015,0.0,15899.0,0.296267,-0.6313350000000001,CUW,BRA,40
8165341,55,32,139,2016,25579.0,108072.0,0.232855,-0.7864260000000001,CUW,BRA,40
8165342,55,32,139,2017,24048.0,159752.0,0.161139,-0.591701,CUW,BRA,40
8165343,55,32,139,2018,0.0,32547.0,0.8093,-0.325347,CUW,BRA,40
8165344,55,32,139,2019,0.0,16483.0,0.808621,-0.225196,CUW,BRA,40
8165345,57,32,139,2018,1541.0,20709.0,-0.194933,-0.930874,CYM,BRA,40
8165346,57,32,139,2019,0.0,98428.0,0.27157800000000004,-0.901875,CYM,BRA,40
8165347,57,32,139,2013,0.0,3581.0,0.391996,-0.73249,CYM,BRA,40
8165348,57,32,139,2007,30837.0,101732.0,0.532926,-0.54101,CYM,BRA,40
8165349,57,32,139,2010,0.0,73297.0,1.2142959999999998,-0.6487430000000001,CYM,BRA,40
8165350,57,32,139,2011,0.0,120026.0,0.665662,-0.678581,CYM,BRA,40
8165351,57,32,139,2012,3050.0,97031.0,1.172677,-0.616959,CYM,BRA,40
8165352,57,32,139,2015,0.0,5065.0,0.275472,-0.831835,CYM,BRA,40
8165353,57,32,139,2017,0.0,16361.0,1.105397,-0.794764,CYM,BRA,40
8165354,57,32,139,2020,0.0,12611.0,-0.007386,-0.878251,CYM,BRA,40
8165355,57,32,139,2009,0.0,47677.0,0.805117,-0.684305,CYM,BRA,40
8165356,57,32,139,2001,38979.0,0.0,0.611577,-0.6532939999999999,CYM,BRA,40
8165357,57,32,139,2002,29573.0,14470.0,0.7098220000000001,-0.633359,CYM,BRA,40
8165358,57,32,139,2003,3008.0,0.0,0.308768,-0.690944,CYM,BRA,40
8165359,57,32,139,2004,79704.0,0.0,0.349925,-0.794084,CYM,BRA,40
8165360,57,32,139,2005,106616.0,0.0,0.363006,-0.734404,CYM,BRA,40
8165361,57,32,139,2006,0.0,60785.0,0.7708189999999999,-0.648112,CYM,BRA,40
8165362,57,32,139,2008,41184.0,15529.0,0.862348,-0.708601,CYM,BRA,40
8165363,57,32,139,1995,10759.0,39912.0,1.277032,0.064205,CYM,BRA,40
8165364,57,32,139,1996,11821.0,86785.0,0.532622,-0.428501,CYM,BRA,40
8165365,57,32,139,1997,9568.0,88828.0,0.504191,-0.512525,CYM,BRA,40
8165366,57,32,139,1999,0.0,17519.0,0.909416,-0.6302800000000001,CYM,BRA,40
8165367,57,32,139,1998,34415.0,34361.0,0.924544,-0.39263899999999996,CYM,BRA,40
8165368,58,32,139,2018,1852.0,28028.0,0.45442,-0.113303,CYP,BRA,40
8165369,58,32,139,2019,25911.0,32873.0,0.657782,0.209481,CYP,BRA,40
8165370,58,32,139,1997,0.0,56177.0,0.451212,0.452754,CYP,BRA,40
8165371,58,32,139,2005,4648.0,385500.0,0.573122,0.474224,CYP,BRA,40
8165372,58,32,139,2006,0.0,181675.0,0.708267,-0.048096,CYP,BRA,40
8165373,58,32,139,2007,1800.0,142161.0,0.887351,0.426331,CYP,BRA,40
8165374,58,32,139,2008,1183.0,328564.0,1.003211,0.712629,CYP,BRA,40
8165375,58,32,139,2009,0.0,154682.0,0.934193,0.657555,CYP,BRA,40
8165376,58,32,139,2011,0.0,218207.0,0.798165,0.424179,CYP,BRA,40
8165377,58,32,139,2012,0.0,35284.0,0.691646,0.11984600000000001,CYP,BRA,40
8165378,58,32,139,2000,0.0,117718.0,0.235843,0.16877,CYP,BRA,40
8165379,58,32,139,2016,0.0,5662.0,0.40822800000000004,0.07535,CYP,BRA,40
8165380,58,32,139,2020,47408.0,16361.0,0.5354760000000001,-0.069753,CYP,BRA,40
8165381,58,32,139,2010,0.0,95944.0,0.8776450000000001,0.568389,CYP,BRA,40
8165382,58,32,139,2013,4912.0,12834.0,0.502238,0.349608,CYP,BRA,40
8165383,58,32,139,2003,3179.0,174017.0,0.259992,0.068914,CYP,BRA,40
8165384,58,32,139,2004,0.0,242371.0,0.533521,0.615939,CYP,BRA,40
8165385,58,32,139,2002,0.0,54680.0,0.381391,0.40265,CYP,BRA,40
8165386,58,32,139,1996,0.0,53129.0,0.20007,0.020590999999999998,CYP,BRA,40
8165387,58,32,139,1995,0.0,139346.0,0.263764,0.030358999999999997,CYP,BRA,40
8165388,58,32,139,1998,0.0,44386.0,0.45990600000000004,0.41840299999999997,CYP,BRA,40
8165389,58,32,139,1999,0.0,179913.0,0.508464,0.324706,CYP,BRA,40
8165390,58,32,139,2001,0.0,270465.0,0.381251,0.257802,CYP,BRA,40
8165391,59,32,139,2000,458890.0,65853.0,1.393001,1.23271,CZE,BRA,40
8165392,59,32,139,2013,28592297.0,482598.0,1.819653,-0.12423800000000002,CZE,BRA,40
8165393,59,32,139,2007,6119761.0,279708.0,1.620377,0.379404,CZE,BRA,40
8165394,59,32,139,2019,23689247.0,482955.0,1.797611,0.406708,CZE,BRA,40
8165395,59,32,139,2014,27042953.0,352814.0,1.8105830000000003,0.131131,CZE,BRA,40
8165396,59,32,139,2015,16587161.0,212176.0,1.743012,0.45424,CZE,BRA,40
8165397,59,32,139,2012,28007882.0,692397.0,1.747369,-0.0932,CZE,BRA,40
8165398,59,32,139,2006,5738200.0,340346.0,1.564058,0.6023649999999999,CZE,BRA,40
8165399,59,32,139,2011,14276168.0,864696.0,1.737788,0.14741600000000002,CZE,BRA,40
8165400,59,32,139,2001,982754.0,104146.0,1.485703,1.109305,CZE,BRA,40
8165401,59,32,139,2004,1676058.0,526938.0,1.562625,0.865244,CZE,BRA,40
8165402,59,32,139,2016,19376968.0,96738.0,1.823627,0.552354,CZE,BRA,40
8165403,59,32,139,1998,621021.0,65649.0,1.36345,1.408508,CZE,BRA,40
8165404,59,32,139,1999,407077.0,55799.0,1.412439,1.329385,CZE,BRA,40
8165405,59,32,139,2002,1067792.0,101342.0,1.550713,1.037066,CZE,BRA,40
8165406,59,32,139,2003,1183832.0,166487.0,1.555749,0.8662059999999999,CZE,BRA,40
8165407,59,32,139,2009,10155539.0,398109.0,1.6323159999999999,0.47257200000000005,CZE,BRA,40
8165408,59,32,139,2010,11541447.0,404968.0,1.732044,0.333934,CZE,BRA,40
8165409,59,32,139,2005,3090278.0,349299.0,1.56768,0.6784319999999999,CZE,BRA,40
8165410,59,32,139,2018,17176936.0,909123.0,1.841016,0.220806,CZE,BRA,40
8165411,59,32,139,1997,1763447.0,47890.0,1.40651,1.354695,CZE,BRA,40
8165412,59,32,139,2017,20649296.0,738472.0,1.7715130000000001,0.359668,CZE,BRA,40
8165413,59,32,139,2020,27175023.0,387825.0,1.716646,0.602441,CZE,BRA,40
8165414,59,32,139,2008,12207605.0,388620.0,1.592035,0.27983600000000003,CZE,BRA,40
8165415,59,32,139,1995,1224969.0,28504.0,1.375091,1.628069,CZE,BRA,40
8165416,59,32,139,1996,1258671.0,14469.0,1.401181,1.3094709999999998,CZE,BRA,40
8165417,61,32,139,1995,37108967.0,18041379.0,2.325385,-2.2238189999999998,DEU,BRA,40
8165418,61,32,139,1997,60517342.0,15145837.0,2.293936,-2.2301919999999997,DEU,BRA,40
8165419,61,32,139,1998,48535978.0,18165223.0,2.334028,-2.417278,DEU,BRA,40
8165420,61,32,139,1999,47599526.0,18455810.0,2.334811,-2.060502,DEU,BRA,40
8165421,61,32,139,2001,62520624.0,22165317.0,2.321375,-2.1110990000000003,DEU,BRA,40
8165422,61,32,139,2002,56508802.0,17834702.0,2.297691,-2.183239,DEU,BRA,40
8165423,61,32,139,2004,71810000.0,31853043.0,2.266076,-2.011139,DEU,BRA,40
8165424,61,32,139,2008,147076833.0,44042978.0,2.007167,-3.256961,DEU,BRA,40
8165425,61,32,139,2009,113453246.0,27619324.0,2.056515,-3.034837,DEU,BRA,40
8165426,61,32,139,2015,131341733.0,25844306.0,2.203818,-2.307561,DEU,BRA,40
8165427,61,32,139,2018,173669371.0,32762612.0,2.109059,-2.428826,DEU,BRA,40
8165428,61,32,139,2019,155464238.0,29013502.0,2.078626,-2.124816,DEU,BRA,40
8165429,61,32,139,2007,141082625.0,38251714.0,2.114566,-2.934732,DEU,BRA,40
8165430,61,32,139,2013,199351581.0,35852338.0,2.093658,-3.4281980000000005,DEU,BRA,40
8165431,61,32,139,2014,188285536.0,32219316.0,2.052849,-2.888805,DEU,BRA,40
8165432,61,32,139,1996,48925824.0,18144347.0,2.279976,-2.572299,DEU,BRA,40
8165433,61,32,139,2000,59638401.0,24474643.0,2.316177,-2.4478419999999996,DEU,BRA,40
8165434,61,32,139,2003,61303792.0,24553428.0,2.2821919999999998,-2.0985150000000004,DEU,BRA,40
8165435,61,32,139,2005,112454976.0,36257886.0,2.172479,-2.446472,DEU,BRA,40
8165436,61,32,139,2006,99457212.0,35404083.0,2.132566,-2.773669,DEU,BRA,40
8165437,61,32,139,2010,148018259.0,36751813.0,2.035672,-3.383322,DEU,BRA,40
8165438,61,32,139,2011,166158057.0,47859085.0,2.074435,-3.440815,DEU,BRA,40
8165439,61,32,139,2012,175695994.0,37405326.0,1.966247,-3.3238410000000003,DEU,BRA,40
8165440,61,32,139,2016,123018644.0,27977193.0,2.203093,-2.24919,DEU,BRA,40
8165441,61,32,139,2017,160908554.0,26890097.0,2.1149459999999998,-2.525372,DEU,BRA,40
8165442,61,32,139,2020,129863413.0,22393454.0,2.027494,-2.3646689999999997,DEU,BRA,40
8165443,62,32,139,2012,0.0,348717.0,-0.31072,-0.7274470000000001,DJI,BRA,40
8165444,62,32,139,2013,0.0,158859.0,-0.412843,-0.695916,DJI,BRA,40
8165445,62,32,139,2014,0.0,318282.0,-0.394602,-0.74178,DJI,BRA,40
8165446,62,32,139,2015,0.0,136052.0,-0.538942,-0.832522,DJI,BRA,40
8165447,62,32,139,2019,0.0,158059.0,-0.602334,-0.794205,DJI,BRA,40
8165448,62,32,139,2016,0.0,220367.0,-0.032607,-0.549622,DJI,BRA,40
8165449,62,32,139,2017,0.0,91378.0,-0.4897,-0.7249180000000001,DJI,BRA,40
8165450,62,32,139,2009,0.0,6339.0,0.062037,-0.596527,DJI,BRA,40
8165451,62,32,139,2007,0.0,94913.0,-1.111848,-0.983348,DJI,BRA,40
8165452,62,32,139,2008,0.0,52321.0,-1.082951,-0.958676,DJI,BRA,40
8165453,62,32,139,2005,0.0,17010.0,0.220415,0.045086,DJI,BRA,40
8165454,62,32,139,2020,0.0,60255.0,-0.493576,-0.808321,DJI,BRA,40
8165455,62,32,139,2004,0.0,8139.0,-0.12463699999999998,-0.304559,DJI,BRA,40
8165456,62,32,139,2006,0.0,11708.0,-0.251707,-0.436792,DJI,BRA,40
8165457,62,32,139,1999,0.0,12570.0,0.07838200000000001,-0.351435,DJI,BRA,40
8165458,62,32,139,2002,0.0,22065.0,0.416677,-0.052552,DJI,BRA,40
8165459,63,32,139,2004,0.0,18852.0,0.322803,-0.000479,DMA,BRA,40
8165460,63,32,139,2007,0.0,23381.0,0.522624,0.077377,DMA,BRA,40
8165461,63,32,139,2008,0.0,43690.0,0.424179,0.04355,DMA,BRA,40
8165462,63,32,139,2009,0.0,24887.0,0.348966,-0.09711399999999999,DMA,BRA,40
8165463,63,32,139,2010,0.0,97654.0,0.35578699999999996,0.13029200000000002,DMA,BRA,40
8165464,63,32,139,2003,0.0,38081.0,0.11903299999999999,-0.21768200000000001,DMA,BRA,40
8165465,63,32,139,2000,0.0,5011.0,0.780976,0.31806799999999996,DMA,BRA,40
8165466,63,32,139,1999,0.0,38035.0,0.808025,0.321415,DMA,BRA,40
8165467,63,32,139,1996,0.0,27457.0,0.44934399999999997,-0.023771,DMA,BRA,40
8165468,63,32,139,2019,0.0,28084.0,0.131177,-0.313508,DMA,BRA,40
8165469,63,32,139,2013,0.0,374092.0,0.054362,-0.156703,DMA,BRA,40
8165470,63,32,139,2014,0.0,396368.0,0.294596,-0.310069,DMA,BRA,40
8165471,63,32,139,2017,0.0,15103.0,0.283171,-0.22632800000000003,DMA,BRA,40
8165472,63,32,139,2001,0.0,34067.0,0.613251,0.226998,DMA,BRA,40
8165473,63,32,139,2002,0.0,13034.0,0.196298,-0.129221,DMA,BRA,40
8165474,63,32,139,1998,0.0,69762.0,0.822664,0.166578,DMA,BRA,40
8165475,64,32,139,1995,60709.0,531066.0,1.3800270000000001,1.489036,DNK,BRA,40
8165476,64,32,139,1998,429311.0,147410.0,1.225999,1.470145,DNK,BRA,40
8165477,64,32,139,2009,1578414.0,445261.0,1.242327,1.064709,DNK,BRA,40
8165478,64,32,139,2010,1120122.0,87832.0,1.082468,1.280759,DNK,BRA,40
8165479,64,32,139,2011,732921.0,42565.0,1.156026,1.2248299999999999,DNK,BRA,40
8165480,64,32,139,2012,639471.0,11846.0,1.105061,1.245377,DNK,BRA,40
8165481,64,32,139,2004,580725.0,161297.0,1.328968,1.262743,DNK,BRA,40
8165482,64,32,139,2019,1126005.0,89534.0,1.0768280000000001,1.2615610000000002,DNK,BRA,40
8165483,64,32,139,1996,181420.0,397523.0,1.443514,1.275684,DNK,BRA,40
8165484,64,32,139,1997,211555.0,365276.0,1.358279,1.420107,DNK,BRA,40
8165485,64,32,139,1999,429922.0,841681.0,1.264405,1.469627,DNK,BRA,40
8165486,64,32,139,2000,295750.0,616080.0,1.230078,1.429499,DNK,BRA,40
8165487,64,32,139,2001,440294.0,166362.0,1.261883,1.351875,DNK,BRA,40
8165488,64,32,139,2002,364920.0,168421.0,1.26594,1.225186,DNK,BRA,40
8165489,64,32,139,2003,577289.0,179141.0,1.309564,1.245596,DNK,BRA,40
8165490,64,32,139,2005,807516.0,163680.0,1.210286,1.217256,DNK,BRA,40
8165491,64,32,139,2020,1391860.0,84889.0,1.093217,1.2166549999999998,DNK,BRA,40
8165492,64,32,139,2006,861061.0,243153.0,1.2308700000000001,1.180914,DNK,BRA,40
8165493,64,32,139,2007,1890758.0,321573.0,1.204019,1.122666,DNK,BRA,40
8165494,64,32,139,2008,2178610.0,791886.0,1.165294,1.1112440000000001,DNK,BRA,40
8165495,64,32,139,2013,2276272.0,25737.0,1.161835,1.1788450000000001,DNK,BRA,40
8165496,64,32,139,2014,2671800.0,48863.0,1.10869,1.245193,DNK,BRA,40
8165497,64,32,139,2015,1129685.0,62887.0,1.157924,1.2045629999999998,DNK,BRA,40
8165498,64,32,139,2016,823513.0,95333.0,1.117864,1.302658,DNK,BRA,40
8165499,64,32,139,2017,954638.0,62840.0,1.159753,1.233914,DNK,BRA,40
8165500,64,32,139,2018,1102548.0,86709.0,1.0945040000000001,1.3311540000000002,DNK,BRA,40
8165501,65,32,139,1996,0.0,1448446.0,-0.596093,-0.5602060000000001,DOM,BRA,40
8165502,65,32,139,1997,147368.0,928889.0,-0.6062850000000001,-0.648523,DOM,BRA,40
8165503,65,32,139,2002,0.0,2867659.0,-0.46284899999999995,-0.39210100000000003,DOM,BRA,40
8165504,65,32,139,2006,0.0,4662325.0,-0.24073699999999998,0.049093,DOM,BRA,40
8165505,65,32,139,2007,0.0,4809091.0,-0.228756,0.004222,DOM,BRA,40
8165506,65,32,139,2008,7458.0,4207161.0,-0.167958,0.241283,DOM,BRA,40
8165507,65,32,139,2013,0.0,3883709.0,-0.277269,0.432388,DOM,BRA,40
8165508,65,32,139,2014,14567.0,2419801.0,-0.180845,0.508512,DOM,BRA,40
8165509,65,32,139,2015,6237.0,2926937.0,-0.212808,0.395873,DOM,BRA,40
8165510,65,32,139,2016,3723.0,4425307.0,-0.237382,0.295389,DOM,BRA,40
8165511,65,32,139,2017,8110.0,4588729.0,-0.168016,0.30840100000000004,DOM,BRA,40
8165512,65,32,139,2018,30874.0,3361489.0,-0.084258,0.474872,DOM,BRA,40
8165513,65,32,139,2019,0.0,3395416.0,-0.20594,0.309785,DOM,BRA,40
8165514,65,32,139,2020,0.0,2499152.0,0.06500299999999999,0.2812,DOM,BRA,40
8165515,65,32,139,2004,0.0,3454937.0,-0.510025,-0.328257,DOM,BRA,40
8165516,65,32,139,2005,0.0,4085529.0,-0.370894,-0.140178,DOM,BRA,40
8165517,65,32,139,2009,1438.0,3327201.0,-0.317894,0.198926,DOM,BRA,40
8165518,65,32,139,2010,0.0,4798286.0,-0.245241,0.368626,DOM,BRA,40
8165519,65,32,139,2011,0.0,6883441.0,-0.260653,0.5682010000000001,DOM,BRA,40
8165520,65,32,139,2012,0.0,4050959.0,-0.193432,0.590896,DOM,BRA,40
8165521,65,32,139,2003,0.0,2724919.0,-0.46264399999999994,-0.245034,DOM,BRA,40
8165522,65,32,139,2001,0.0,2417344.0,-0.538419,-0.48773900000000003,DOM,BRA,40
8165523,65,32,139,2000,0.0,1735969.0,-0.544322,-0.651937,DOM,BRA,40
8165524,65,32,139,1998,0.0,1218526.0,-0.772271,-0.765258,DOM,BRA,40
8165525,65,32,139,1999,0.0,1430458.0,-0.60436,-0.674701,DOM,BRA,40
8165526,65,32,139,1995,0.0,1354017.0,-0.635482,-0.746526,DOM,BRA,40
8165527,66,32,139,2002,0.0,90247.0,-0.912033,-1.1731850000000001,DZA,BRA,40
8165528,66,32,139,1996,0.0,28620.0,-0.33419699999999997,-1.035736,DZA,BRA,40
8165529,66,32,139,1997,0.0,86036.0,-0.717599,-1.126311,DZA,BRA,40
8165530,66,32,139,1998,0.0,591349.0,-0.726061,-1.161031,DZA,BRA,40
8165531,66,32,139,1999,0.0,715638.0,-0.701764,-1.175132,DZA,BRA,40
8165532,66,32,139,2009,39066.0,783617.0,-1.161786,-1.188669,DZA,BRA,40
8165533,66,32,139,2006,40532.0,281124.0,-0.489962,-1.12456,DZA,BRA,40
8165534,66,32,139,2013,0.0,1625469.0,-1.373947,-1.1523459999999999,DZA,BRA,40
8165535,66,32,139,2014,0.0,966140.0,-1.5554649999999999,-1.1657030000000002,DZA,BRA,40
8165536,66,32,139,2015,0.0,1211821.0,-1.54346,-1.255633,DZA,BRA,40
8165537,66,32,139,2016,0.0,999856.0,-1.0202930000000001,-1.236642,DZA,BRA,40
8165538,66,32,139,2007,255423.0,333821.0,-0.9822690000000001,-1.170282,DZA,BRA,40
8165539,66,32,139,2017,0.0,565360.0,-0.9905579999999999,-1.1996200000000001,DZA,BRA,40
8165540,66,32,139,2011,0.0,537213.0,-1.36763,-1.140594,DZA,BRA,40
8165541,66,32,139,2012,0.0,1273239.0,-1.349046,-1.1601860000000002,DZA,BRA,40
8165542,66,32,139,2008,453036.0,184154.0,-0.556434,-1.079109,DZA,BRA,40
8165543,66,32,139,2018,0.0,864171.0,-1.281519,-1.22291,DZA,BRA,40
8165544,66,32,139,2019,0.0,1022110.0,-1.008866,-1.215228,DZA,BRA,40
8165545,66,32,139,2010,0.0,344680.0,-1.00922,-1.1511040000000001,DZA,BRA,40
8165546,66,32,139,2020,389090.0,545835.0,-1.015133,-1.243726,DZA,BRA,40
8165547,66,32,139,2001,0.0,110621.0,-0.663363,-1.158295,DZA,BRA,40
8165548,66,32,139,2003,0.0,104826.0,-1.060727,-1.142594,DZA,BRA,40
8165549,66,32,139,2005,0.0,318237.0,-0.363675,-1.117724,DZA,BRA,40
8165550,66,32,139,2000,0.0,162205.0,-0.9169209999999999,-1.170192,DZA,BRA,40
8165551,66,32,139,2004,0.0,126063.0,-0.725066,-1.163606,DZA,BRA,40
8165552,66,32,139,1995,0.0,175442.0,-0.555409,-1.037972,DZA,BRA,40
8165553,67,32,139,2009,13041.0,13858857.0,-0.92724,-0.965628,ECU,BRA,40
8165554,67,32,139,2010,129180.0,20749281.0,-0.584013,-0.743675,ECU,BRA,40
8165555,67,32,139,2011,45637.0,23083370.0,-0.8250639999999999,-0.839082,ECU,BRA,40
8165556,67,32,139,2012,42802.0,23689783.0,-0.627614,-0.764234,ECU,BRA,40
8165557,67,32,139,2013,136620.0,21469602.0,-0.86546,-0.8888389999999999,ECU,BRA,40
8165558,67,32,139,2014,10780.0,26134668.0,-1.066865,-1.052921,ECU,BRA,40
8165559,67,32,139,2015,22718.0,16378782.0,-0.9845959999999999,-1.075639,ECU,BRA,40
8165560,67,32,139,2016,4255.0,14919351.0,-1.0860049999999999,-1.049065,ECU,BRA,40
8165561,67,32,139,2017,4910.0,20846662.0,-0.9995850000000001,-1.086367,ECU,BRA,40
8165562,67,32,139,2018,38006.0,16240728.0,-0.873973,-1.032841,ECU,BRA,40
8165563,67,32,139,2019,10954.0,15378577.0,-1.12261,-1.094275,ECU,BRA,40
8165564,67,32,139,2020,47112.0,10632453.0,-1.074185,-1.084344,ECU,BRA,40
8165565,67,32,139,1999,84148.0,1216191.0,-0.8875299999999999,-0.9117879999999999,ECU,BRA,40
8165566,67,32,139,2002,0.0,5181289.0,-0.976218,-0.926393,ECU,BRA,40
8165567,67,32,139,2006,2115.0,9004685.0,-0.878583,-0.9462010000000001,ECU,BRA,40
8165568,67,32,139,2007,0.0,13064521.0,-0.820491,-0.8557879999999999,ECU,BRA,40
8165569,67,32,139,1996,961151.0,829489.0,-1.1391200000000001,-0.992735,ECU,BRA,40
8165570,67,32,139,1997,384602.0,1883080.0,-1.1931690000000001,-1.0139690000000001,ECU,BRA,40
8165571,67,32,139,1998,180103.0,1639942.0,-0.990915,-0.9670860000000001,ECU,BRA,40
8165572,67,32,139,2000,0.0,2382879.0,-0.883928,-0.884951,ECU,BRA,40
8165573,67,32,139,2003,57559.0,3906701.0,-0.8689370000000001,-0.889767,ECU,BRA,40
8165574,67,32,139,2005,38028.0,7500549.0,-1.029033,-1.014289,ECU,BRA,40
8165575,67,32,139,2008,2916.0,15591776.0,-0.859434,-0.972389,ECU,BRA,40
8165576,67,32,139,2001,0.0,3819648.0,-0.852642,-0.896374,ECU,BRA,40
8165577,67,32,139,2004,15449.0,5171692.0,-1.149101,-1.013619,ECU,BRA,40
8165578,67,32,139,1995,1362726.0,1384360.0,-0.948154,-0.9595790000000001,ECU,BRA,40
8165579,68,32,139,2007,162520.0,5654385.0,-0.144054,0.663592,EGY,BRA,40
8165580,68,32,139,2005,1312.0,5719917.0,-0.247748,0.492885,EGY,BRA,40
8165581,68,32,139,2006,28542.0,5873577.0,-0.182272,0.40222399999999997,EGY,BRA,40
8165582,68,32,139,2000,0.0,2835353.0,-0.41125900000000004,0.099833,EGY,BRA,40
8165583,68,32,139,2002,10506.0,4234330.0,-0.377127,0.549439,EGY,BRA,40
8165584,68,32,139,2008,238345.0,3283946.0,-0.098316,1.134642,EGY,BRA,40
8165585,68,32,139,2009,445994.0,4782371.0,-0.20940300000000003,1.6466290000000001,EGY,BRA,40
8165586,68,32,139,2010,3700472.0,3452795.0,-0.181826,1.409465,EGY,BRA,40
8165587,68,32,139,2011,10104452.0,4301063.0,-0.166243,1.384719,EGY,BRA,40
8165588,68,32,139,2012,6881801.0,5917771.0,-0.143732,1.316722,EGY,BRA,40
8165589,68,32,139,2013,9757503.0,5625535.0,-0.17418,1.692641,EGY,BRA,40
8165590,68,32,139,2014,8384962.0,3376153.0,-0.086866,1.7419669999999998,EGY,BRA,40
8165591,68,32,139,2019,479453.0,2986400.0,-0.152353,1.5426309999999999,EGY,BRA,40
8165592,68,32,139,2020,11174.0,2682099.0,-0.186095,1.6414330000000001,EGY,BRA,40
8165593,68,32,139,2015,1885215.0,3873359.0,-0.183053,1.765036,EGY,BRA,40
8165594,68,32,139,2017,513535.0,3632712.0,-0.073436,1.829121,EGY,BRA,40
8165595,68,32,139,2018,1092212.0,1905072.0,-0.096635,1.585658,EGY,BRA,40
8165596,68,32,139,2004,0.0,7401123.0,-0.300563,0.41834899999999997,EGY,BRA,40
8165597,68,32,139,1997,0.0,1733045.0,-0.314425,0.156345,EGY,BRA,40
8165598,68,32,139,1998,11870.0,1613252.0,-0.462755,0.079802,EGY,BRA,40
8165599,68,32,139,1999,0.0,1786034.0,-0.311879,0.300746,EGY,BRA,40
8165600,68,32,139,2001,52234.0,3170584.0,-0.373576,0.366385,EGY,BRA,40
8165601,68,32,139,1996,0.0,3624438.0,-0.5446409999999999,-0.229586,EGY,BRA,40
8165602,68,32,139,2016,546428.0,3980760.0,-0.142377,1.674348,EGY,BRA,40
8165603,68,32,139,2003,5402.0,4216832.0,-0.292923,0.465433,EGY,BRA,40
8165604,68,32,139,1995,0.0,3026503.0,-0.340042,-0.085601,EGY,BRA,40
8165605,69,32,139,2009,0.0,1421.0,0.081675,-0.37700100000000003,ERI,BRA,40
8165606,69,32,139,2007,0.0,3336.0,-0.905408,-0.908877,ERI,BRA,40
8165607,71,32,139,1997,24168152.0,4807763.0,1.082049,2.0238650000000002,ESP,BRA,40
8165608,71,32,139,2004,21198911.0,11897519.0,0.9784649999999999,2.051216,ESP,BRA,40
8165609,71,32,139,2010,90106700.0,10783009.0,0.832619,2.448009,ESP,BRA,40
8165610,71,32,139,2012,44538411.0,11054021.0,0.8528309999999999,2.462809,ESP,BRA,40
8165611,71,32,139,2013,92937247.0,10648087.0,0.861698,2.353993,ESP,BRA,40
8165612,71,32,139,2014,75862046.0,9878943.0,0.842147,2.45692,ESP,BRA,40
8165613,71,32,139,2015,37891708.0,13865119.0,0.8173590000000001,2.442556,ESP,BRA,40
8165614,71,32,139,1999,9569185.0,12914082.0,1.0849209999999998,1.9351180000000001,ESP,BRA,40
8165615,71,32,139,2000,23774108.0,8668920.0,1.098989,1.911029,ESP,BRA,40
8165616,71,32,139,2011,91188713.0,14088732.0,0.8677290000000001,2.4618450000000003,ESP,BRA,40
8165617,71,32,139,2016,28539818.0,8360881.0,0.765428,2.57725,ESP,BRA,40
8165618,71,32,139,2017,22333307.0,11516061.0,0.734342,2.8180099999999997,ESP,BRA,40
8165619,71,32,139,2018,25727844.0,13168692.0,0.744825,2.919005,ESP,BRA,40
8165620,71,32,139,2019,25791046.0,10666968.0,0.678454,3.007838,ESP,BRA,40
8165621,71,32,139,2020,34379124.0,9137770.0,0.736657,2.731661,ESP,BRA,40
8165622,71,32,139,2008,52967388.0,18592624.0,0.8755649999999999,2.122164,ESP,BRA,40
8165623,71,32,139,2001,17469751.0,5155075.0,1.079664,1.9842220000000002,ESP,BRA,40
8165624,71,32,139,2002,9028835.0,7536640.0,1.012246,2.049594,ESP,BRA,40
8165625,71,32,139,2009,27787567.0,9693283.0,0.9021020000000001,2.170578,ESP,BRA,40
8165626,71,32,139,1995,4602148.0,8130993.0,1.144247,1.933844,ESP,BRA,40
8165627,71,32,139,1996,11982687.0,5520730.0,1.105317,1.9473,ESP,BRA,40
8165628,71,32,139,1998,17067139.0,8402289.0,1.051392,1.983438,ESP,BRA,40
8165629,71,32,139,2003,10551060.0,11232991.0,0.960684,2.074792,ESP,BRA,40
8165630,71,32,139,2005,22079522.0,14333251.0,0.9318489999999999,1.999698,ESP,BRA,40
8165631,71,32,139,2007,29120220.0,18108720.0,0.914681,2.027797,ESP,BRA,40
8165632,71,32,139,2006,24564253.0,17198996.0,0.9091370000000001,2.068166,ESP,BRA,40
8165633,72,32,139,2013,4174904.0,20783.0,0.8828940000000001,1.386574,EST,BRA,40
8165634,72,32,139,2014,2476701.0,55689.0,0.9147780000000001,1.151556,EST,BRA,40
8165635,72,32,139,2015,390004.0,19832.0,0.9281149999999999,1.1780389999999998,EST,BRA,40
8165636,72,32,139,2016,706677.0,10698.0,1.000418,1.154152,EST,BRA,40
8165637,72,32,139,1999,341236.0,66829.0,0.502979,0.8847440000000001,EST,BRA,40
8165638,72,32,139,2004,51027.0,62338.0,0.6101840000000001,0.9520370000000001,EST,BRA,40
8165639,72,32,139,1997,4496.0,15434.0,0.460823,0.9126700000000001,EST,BRA,40
8165640,72,32,139,1996,0.0,9006.0,0.53397,1.0877940000000001,EST,BRA,40
8165641,72,32,139,2011,1023963.0,16944.0,0.9806790000000001,1.110449,EST,BRA,40
8165642,72,32,139,2012,5546773.0,4819.0,0.8594450000000001,1.299628,EST,BRA,40
8165643,72,32,139,2019,304279.0,13590.0,0.962284,1.346195,EST,BRA,40
8165644,72,32,139,1995,0.0,3576.0,0.530041,1.134288,EST,BRA,40
8165645,72,32,139,1998,638081.0,8201.0,0.53408,1.07691,EST,BRA,40
8165646,72,32,139,2017,837969.0,8670.0,1.010985,1.289633,EST,BRA,40
8165647,72,32,139,2018,197621.0,15877.0,0.979986,1.2365899999999999,EST,BRA,40
8165648,72,32,139,2008,407031.0,171857.0,0.749696,1.5173940000000001,EST,BRA,40
8165649,72,32,139,2006,127017.0,126753.0,0.6426350000000001,0.925003,EST,BRA,40
8165650,72,32,139,2007,128567.0,305337.0,0.746434,1.306397,EST,BRA,40
8165651,72,32,139,2010,580038.0,5839.0,0.832316,1.1844649999999999,EST,BRA,40
8165652,72,32,139,2009,409370.0,103188.0,0.749058,1.269572,EST,BRA,40
8165653,72,32,139,2020,280179.0,30876.0,1.012385,1.305015,EST,BRA,40
8165654,72,32,139,2002,9156.0,76049.0,0.54511,0.9135979999999999,EST,BRA,40
8165655,72,32,139,2001,1073.0,46554.0,0.5746829999999999,0.9073899999999999,EST,BRA,40
8165656,72,32,139,2003,16122.0,63218.0,0.5913010000000001,0.8489979999999999,EST,BRA,40
8165657,72,32,139,2005,137212.0,107085.0,0.6351600000000001,1.039403,EST,BRA,40
8165658,72,32,139,2000,0.0,55866.0,0.358559,0.583236,EST,BRA,40
8165659,73,32,139,1999,0.0,501868.0,-1.18759,-1.111391,ETH,BRA,40
8165660,73,32,139,2005,0.0,444862.0,-1.287495,-1.0195940000000001,ETH,BRA,40
8165661,73,32,139,2018,0.0,261698.0,-0.874857,-0.464958,ETH,BRA,40
8165662,73,32,139,2010,0.0,233372.0,-1.122906,-0.840777,ETH,BRA,40
8165663,73,32,139,2011,0.0,268632.0,-1.258175,-0.920692,ETH,BRA,40
8165664,73,32,139,2012,0.0,514333.0,-1.134031,-0.991977,ETH,BRA,40
8165665,73,32,139,2019,0.0,69860.0,-1.073631,-0.617885,ETH,BRA,40
8165666,73,32,139,2007,0.0,144479.0,-1.115917,-0.821652,ETH,BRA,40
8165667,73,32,139,2008,0.0,184842.0,-1.0084629999999999,-0.83993,ETH,BRA,40
8165668,73,32,139,2009,0.0,1621221.0,-0.967483,-0.8219,ETH,BRA,40
8165669,73,32,139,2013,0.0,798779.0,-1.264002,-0.9594219999999999,ETH,BRA,40
8165670,73,32,139,2016,0.0,281496.0,-1.006161,-0.756472,ETH,BRA,40
8165671,73,32,139,2017,0.0,175299.0,-1.007413,-0.638231,ETH,BRA,40
8165672,73,32,139,1997,0.0,118800.0,-1.239473,-1.159345,ETH,BRA,40
8165673,73,32,139,2014,0.0,178484.0,-1.296535,-1.045942,ETH,BRA,40
8165674,73,32,139,2015,0.0,345593.0,-1.004896,-0.721019,ETH,BRA,40
8165675,73,32,139,2020,0.0,94576.0,-0.952033,-0.707262,ETH,BRA,40
8165676,73,32,139,2004,0.0,242211.0,-1.156284,-0.900874,ETH,BRA,40
8165677,73,32,139,2006,0.0,550025.0,-0.9557180000000001,-0.9153479999999999,ETH,BRA,40
8165678,73,32,139,2000,0.0,228448.0,-1.190677,-1.063662,ETH,BRA,40
8165679,73,32,139,2001,0.0,551998.0,-0.999149,-0.904072,ETH,BRA,40
8165680,73,32,139,2002,0.0,535566.0,-1.096371,-0.9566709999999999,ETH,BRA,40
8165681,73,32,139,1998,0.0,1117775.0,-1.279819,-1.158182,ETH,BRA,40
8165682,73,32,139,1995,0.0,16575.0,-1.3387120000000001,-1.123621,ETH,BRA,40
8165683,73,32,139,2003,0.0,508335.0,-1.1145559999999999,-0.9599620000000001,ETH,BRA,40
8165684,73,32,139,1996,0.0,10885.0,-1.265383,-1.131925,ETH,BRA,40
8165685,74,32,139,2011,5324947.0,269681.0,1.7488830000000002,0.890934,FIN,BRA,40
8165686,74,32,139,2012,6462624.0,245204.0,1.58219,0.939001,FIN,BRA,40
8165687,74,32,139,2005,1367167.0,342101.0,1.8661240000000001,0.932386,FIN,BRA,40
8165688,74,32,139,1995,122535.0,758814.0,2.0085740000000003,1.126816,FIN,BRA,40
8165689,74,32,139,1996,427874.0,716525.0,2.0584729999999998,1.006908,FIN,BRA,40
8165690,74,32,139,1997,430758.0,206523.0,1.9298959999999998,1.083861,FIN,BRA,40
8165691,74,32,139,1998,495093.0,160079.0,2.003987,0.995725,FIN,BRA,40
8165692,74,32,139,1999,554405.0,177290.0,2.095642,0.966282,FIN,BRA,40
8165693,74,32,139,2000,711641.0,913135.0,2.0621419999999997,0.9090360000000001,FIN,BRA,40
8165694,74,32,139,2001,717803.0,603057.0,2.069141,0.9375180000000001,FIN,BRA,40
8165695,74,32,139,2006,1355923.0,314834.0,1.864038,0.8193940000000001,FIN,BRA,40
8165696,74,32,139,2010,4146089.0,219952.0,1.745464,0.897992,FIN,BRA,40
8165697,74,32,139,2014,4650340.0,265955.0,1.626355,1.002923,FIN,BRA,40
8165698,74,32,139,2007,2448824.0,468663.0,1.865502,0.7737729999999999,FIN,BRA,40
8165699,74,32,139,2009,2737668.0,454493.0,1.8206849999999999,0.797421,FIN,BRA,40
8165700,74,32,139,2008,3656941.0,485258.0,1.767859,0.846409,FIN,BRA,40
8165701,74,32,139,2013,4119254.0,519065.0,1.734552,0.8896940000000001,FIN,BRA,40
8165702,74,32,139,2017,4893833.0,73127.0,1.655957,0.962485,FIN,BRA,40
8165703,74,32,139,2018,6800595.0,618794.0,1.61151,0.9474549999999999,FIN,BRA,40
8165704,74,32,139,2019,2405794.0,453045.0,1.495278,1.034435,FIN,BRA,40
8165705,74,32,139,2020,2332573.0,331689.0,1.498089,1.066223,FIN,BRA,40
8165706,74,32,139,2004,1169521.0,462420.0,2.000218,0.9867309999999999,FIN,BRA,40
8165707,74,32,139,2002,810905.0,430375.0,2.0234240000000003,0.979141,FIN,BRA,40
8165708,74,32,139,2015,2854338.0,212384.0,1.597817,0.998059,FIN,BRA,40
8165709,74,32,139,2016,2154472.0,105532.0,1.581968,1.006432,FIN,BRA,40
8165710,74,32,139,2003,1154920.0,819108.0,2.077889,0.942501,FIN,BRA,40
8165711,75,32,139,2006,0.0,6020.0,-0.6554949999999999,-0.098284,FJI,BRA,40
8165712,75,32,139,2014,0.0,1408.0,-0.306346,-0.07688500000000001,FJI,BRA,40
8165713,75,32,139,2010,0.0,33616.0,-0.603112,-0.29135500000000003,FJI,BRA,40
8165714,75,32,139,2011,0.0,71481.0,-0.434356,-0.010863,FJI,BRA,40
8165715,75,32,139,2012,0.0,82121.0,-0.315227,0.118598,FJI,BRA,40
8165716,75,32,139,2004,0.0,10554.0,-0.8870969999999999,-0.287427,FJI,BRA,40
8165717,75,32,139,1995,0.0,2998.0,-0.998257,-0.9565629999999999,FJI,BRA,40
8165718,75,32,139,1998,0.0,8129.0,-1.069747,-0.965333,FJI,BRA,40
8165719,77,32,139,2002,38273003.0,19406958.0,1.569367,0.9886360000000001,FRA,BRA,40
8165720,77,32,139,2003,43277756.0,27775493.0,1.606606,0.7394149999999999,FRA,BRA,40
8165721,77,32,139,2005,50837637.0,46025044.0,1.505148,0.594409,FRA,BRA,40
8165722,77,32,139,2011,102252018.0,31630480.0,1.532054,0.09339299999999999,FRA,BRA,40
8165723,77,32,139,2012,101562573.0,18033720.0,1.425025,0.27534899999999995,FRA,BRA,40
8165724,77,32,139,2013,121897820.0,10286232.0,1.520354,0.022874000000000002,FRA,BRA,40
8165725,77,32,139,2014,101396194.0,9875280.0,1.4817790000000002,0.30995,FRA,BRA,40
8165726,77,32,139,2017,57868789.0,8242111.0,1.398427,0.894732,FRA,BRA,40
8165727,77,32,139,1995,26322014.0,6397811.0,1.768484,0.765537,FRA,BRA,40
8165728,77,32,139,1996,46651244.0,5808668.0,1.69082,0.721312,FRA,BRA,40
8165729,77,32,139,1997,31229438.0,10620310.0,1.69504,0.8278549999999999,FRA,BRA,40
8165730,77,32,139,1998,39892363.0,10273024.0,1.707702,0.7784270000000001,FRA,BRA,40
8165731,77,32,139,1999,36971217.0,13394197.0,1.72758,0.6619079999999999,FRA,BRA,40
8165732,77,32,139,2000,38781860.0,14937510.0,1.674971,0.47538100000000005,FRA,BRA,40
8165733,77,32,139,2001,39699717.0,12707290.0,1.653507,0.797582,FRA,BRA,40
8165734,77,32,139,2004,55235028.0,29790642.0,1.6003530000000001,0.643945,FRA,BRA,40
8165735,77,32,139,2006,67214150.0,69464531.0,1.47591,0.489466,FRA,BRA,40
8165736,77,32,139,2007,75892742.0,96200313.0,1.4565350000000001,0.262845,FRA,BRA,40
8165737,77,32,139,2008,78900895.0,107580582.0,1.487702,-0.223965,FRA,BRA,40
8165738,77,32,139,2009,52647176.0,51174887.0,1.540346,0.090377,FRA,BRA,40
8165739,77,32,139,2010,95505246.0,32846744.0,1.530027,-0.052557000000000006,FRA,BRA,40
8165740,77,32,139,2015,71077220.0,12256314.0,1.479792,0.6490239999999999,FRA,BRA,40
8165741,77,32,139,2016,53275515.0,8433254.0,1.476437,0.911746,FRA,BRA,40
8165742,77,32,139,2019,45567623.0,9858653.0,1.380982,0.9510629999999999,FRA,BRA,40
8165743,77,32,139,2018,50978496.0,8449270.0,1.420819,0.7793770000000001,FRA,BRA,40
8165744,77,32,139,2020,38780081.0,7248170.0,1.341275,0.8991870000000001,FRA,BRA,40
8165745,78,32,139,2009,0.0,234.0,-0.437934,-0.8733879999999999,FRO,BRA,40
8165746,78,32,139,1998,0.0,10263.0,-0.6159899999999999,-0.828198,FRO,BRA,40
8165747,80,32,139,1996,0.0,125538.0,-1.693615,-1.174433,GAB,BRA,40
8165748,80,32,139,2005,0.0,170518.0,-1.4162700000000001,-1.173227,GAB,BRA,40
8165749,80,32,139,2007,0.0,242812.0,-1.328633,-1.165045,GAB,BRA,40
8165750,80,32,139,2009,0.0,787505.0,-1.197711,-1.147469,GAB,BRA,40
8165751,80,32,139,2014,0.0,409275.0,-1.625474,-1.135973,GAB,BRA,40
8165752,80,32,139,2008,0.0,219142.0,-1.316179,-1.117633,GAB,BRA,40
8165753,80,32,139,2019,0.0,511221.0,-1.08556,-1.183434,GAB,BRA,40
8165754,80,32,139,2006,0.0,1087625.0,-1.6696819999999999,-1.173322,GAB,BRA,40
8165755,80,32,139,2016,0.0,100646.0,-1.530568,-1.254999,GAB,BRA,40
8165756,80,32,139,2018,0.0,630143.0,-1.4979200000000001,-1.180407,GAB,BRA,40
8165757,80,32,139,1998,0.0,255351.0,-1.122225,-1.148066,GAB,BRA,40
8165758,80,32,139,2001,0.0,403619.0,-1.063007,-1.181284,GAB,BRA,40
8165759,80,32,139,2000,0.0,353159.0,-0.7179909999999999,-1.1375170000000001,GAB,BRA,40
8165760,80,32,139,2002,0.0,274656.0,-0.830094,-1.149233,GAB,BRA,40
8165761,80,32,139,2003,0.0,128798.0,-0.92745,-1.138466,GAB,BRA,40
8165762,80,32,139,2004,0.0,60419.0,-0.700329,-1.137018,GAB,BRA,40
8165763,80,32,139,2012,0.0,148624.0,-1.563872,-1.168605,GAB,BRA,40
8165764,80,32,139,2015,0.0,101912.0,-1.384351,-1.209873,GAB,BRA,40
8165765,80,32,139,2017,0.0,162466.0,-1.109612,-1.177577,GAB,BRA,40
8165766,80,32,139,1997,0.0,162030.0,-1.177994,-1.134955,GAB,BRA,40
8165767,80,32,139,1999,0.0,221305.0,-1.068733,-1.178405,GAB,BRA,40
8165768,80,32,139,2010,0.0,284195.0,-1.707175,-1.167635,GAB,BRA,40
8165769,80,32,139,2011,0.0,273910.0,-1.093784,-1.0849659999999999,GAB,BRA,40
8165770,80,32,139,2013,0.0,330651.0,-1.6582830000000002,-1.155302,GAB,BRA,40
8165771,80,32,139,2020,0.0,85633.0,-1.6422990000000002,-1.207249,GAB,BRA,40
8165772,80,32,139,1995,0.0,156942.0,-1.445673,-1.099128,GAB,BRA,40
8165773,81,32,139,2000,17145741.0,5987971.0,1.957339,0.610052,GBR,BRA,40
8165774,81,32,139,2001,14144858.0,7076937.0,1.976894,0.685435,GBR,BRA,40
8165775,81,32,139,2003,27366813.0,8670182.0,1.8712540000000002,0.706205,GBR,BRA,40
8165776,81,32,139,2004,40549452.0,9901765.0,1.843506,0.684779,GBR,BRA,40
8165777,81,32,139,2005,27809614.0,11308115.0,1.805023,0.425654,GBR,BRA,40
8165778,81,32,139,2006,15082993.0,8053318.0,1.824154,0.614424,GBR,BRA,40
8165779,81,32,139,2007,40708525.0,6783137.0,1.718661,0.35525300000000004,GBR,BRA,40
8165780,81,32,139,2008,70761767.0,9503557.0,1.7586119999999998,0.061214,GBR,BRA,40
8165781,81,32,139,2009,36393796.0,4387601.0,1.7921779999999998,0.41211499999999995,GBR,BRA,40
8165782,81,32,139,2010,23698241.0,6298086.0,1.828224,0.386383,GBR,BRA,40
8165783,81,32,139,2011,27008684.0,12055833.0,1.8048220000000001,0.380141,GBR,BRA,40
8165784,81,32,139,2012,28924545.0,7861576.0,1.701279,0.518166,GBR,BRA,40
8165785,81,32,139,2013,48814115.0,3886499.0,1.7901259999999999,0.44164,GBR,BRA,40
8165786,81,32,139,2014,38610945.0,6289169.0,1.697964,0.585372,GBR,BRA,40
8165787,81,32,139,2015,29134465.0,5496645.0,1.7422990000000003,0.75838,GBR,BRA,40
8165788,81,32,139,2016,40123235.0,2238066.0,1.6974669999999998,0.9231299999999999,GBR,BRA,40
8165789,81,32,139,2017,24915880.0,2265545.0,1.6883119999999998,0.8347469999999999,GBR,BRA,40
8165790,81,32,139,2018,24115173.0,3406232.0,1.693008,0.768159,GBR,BRA,40
8165791,81,32,139,2019,28824541.0,5104335.0,1.731106,0.717566,GBR,BRA,40
8165792,81,32,139,1995,9095750.0,24055078.0,1.8656979999999999,1.107121,GBR,BRA,40
8165793,81,32,139,1996,11684821.0,15236822.0,1.850284,0.883084,GBR,BRA,40
8165794,81,32,139,1997,19554436.0,13355217.0,1.886353,0.783832,GBR,BRA,40
8165795,81,32,139,1998,18600866.0,14351037.0,1.906738,0.489101,GBR,BRA,40
8165796,81,32,139,1999,17001109.0,14210017.0,1.9523830000000002,0.771455,GBR,BRA,40
8165797,81,32,139,2002,13720743.0,9647853.0,1.893177,0.831382,GBR,BRA,40
8165798,81,32,139,2020,24155171.0,6984271.0,1.6459,0.7702640000000001,GBR,BRA,40
8165799,82,32,139,2005,22036.0,12401.0,0.041261,-0.530021,GEO,BRA,40
8165800,82,32,139,2017,15889.0,0.0,-0.241749,-0.374727,GEO,BRA,40
8165801,82,32,139,2013,3774.0,0.0,-0.160691,-0.393419,GEO,BRA,40
8165802,82,32,139,2010,8593.0,35050.0,-0.21301399999999998,-0.48355299999999996,GEO,BRA,40
8165803,82,32,139,2015,829.0,0.0,-0.343663,-0.588017,GEO,BRA,40
8165804,82,32,139,2006,2604.0,15985.0,0.076711,-0.47216099999999994,GEO,BRA,40
8165805,82,32,139,2007,20479.0,78561.0,0.016077,-0.386962,GEO,BRA,40
8165806,82,32,139,2014,7488.0,5757.0,-0.254106,-0.646584,GEO,BRA,40
8165807,82,32,139,2009,6793.0,0.0,0.045952,-0.381822,GEO,BRA,40
8165808,82,32,139,2008,7210.0,0.0,-0.355095,-0.660181,GEO,BRA,40
8165809,82,32,139,2016,19178.0,0.0,-0.388359,-0.51175,GEO,BRA,40
8165810,82,32,139,2003,30821.0,18500.0,0.595485,-0.25939,GEO,BRA,40
8165811,82,32,139,2004,5534.0,9643.0,0.381348,-0.44259,GEO,BRA,40
8165812,82,32,139,2001,4820.0,0.0,0.585568,-0.047744999999999996,GEO,BRA,40
8165813,83,32,139,2000,0.0,434327.0,-1.192608,-0.811986,GHA,BRA,40
8165814,83,32,139,2001,0.0,108314.0,-0.961067,-0.780449,GHA,BRA,40
8165815,83,32,139,1998,192.0,504123.0,-1.215123,-1.0427620000000002,GHA,BRA,40
8165816,83,32,139,1996,0.0,1086233.0,-1.035244,-0.9834129999999999,GHA,BRA,40
8165817,83,32,139,1999,0.0,421204.0,-0.9444520000000001,-0.905826,GHA,BRA,40
8165818,83,32,139,2003,0.0,1059726.0,-1.074188,-0.7127319999999999,GHA,BRA,40
8165819,83,32,139,2011,0.0,2779482.0,-0.8627319999999999,-0.608823,GHA,BRA,40
8165820,83,32,139,2007,0.0,445286.0,-0.906867,-0.565891,GHA,BRA,40
8165821,83,32,139,2016,13142.0,1995480.0,-0.945358,-0.805301,GHA,BRA,40
8165822,83,32,139,2002,0.0,463399.0,-1.333425,-1.0709879999999998,GHA,BRA,40
8165823,83,32,139,2013,18916.0,876162.0,-0.7316010000000001,-0.5327689999999999,GHA,BRA,40
8165824,83,32,139,2014,6684.0,2101373.0,-1.130226,-0.9909379999999999,GHA,BRA,40
8165825,83,32,139,2015,0.0,978198.0,-0.750568,-0.690257,GHA,BRA,40
8165826,83,32,139,2017,47300.0,4278803.0,-0.929143,-0.811439,GHA,BRA,40
8165827,83,32,139,2018,35176.0,2920404.0,-0.956109,-0.861556,GHA,BRA,40
8165828,83,32,139,2019,59190.0,2834597.0,-0.9581,-0.8727879999999999,GHA,BRA,40
8165829,83,32,139,2008,94549.0,935629.0,-0.9339360000000001,-0.701724,GHA,BRA,40
8165830,83,32,139,2010,0.0,2198535.0,-0.835003,-0.633731,GHA,BRA,40
8165831,83,32,139,2005,125770.0,1607641.0,-1.031092,-0.820743,GHA,BRA,40
8165832,83,32,139,2009,55075.0,2819282.0,-0.909436,-0.6619470000000001,GHA,BRA,40
8165833,83,32,139,2006,0.0,754855.0,-0.9934860000000001,-0.809318,GHA,BRA,40
8165834,83,32,139,2012,0.0,1390158.0,-0.9610920000000001,-0.745232,GHA,BRA,40
8165835,83,32,139,1997,0.0,603230.0,-1.012728,-0.939893,GHA,BRA,40
8165836,83,32,139,2004,0.0,1549048.0,-1.2972540000000001,-0.9967219999999999,GHA,BRA,40
8165837,83,32,139,2020,44560.0,1926881.0,-0.973506,-0.9559139999999999,GHA,BRA,40
8165838,83,32,139,1995,0.0,1749486.0,-1.247755,-1.070455,GHA,BRA,40
8165839,84,32,139,2009,0.0,20761.0,0.9646979999999999,-0.461183,GIB,BRA,40
8165840,84,32,139,2008,0.0,20857.0,0.938815,-0.361914,GIB,BRA,40
8165841,85,32,139,2000,0.0,89374.0,-1.523998,-1.197719,GIN,BRA,40
8165842,85,32,139,2007,0.0,66638.0,-1.694335,-1.230744,GIN,BRA,40
8165843,85,32,139,2011,0.0,32906.0,-1.728661,-1.193353,GIN,BRA,40
8165844,85,32,139,2012,0.0,10630.0,-1.735487,-1.225333,GIN,BRA,40
8165845,85,32,139,2001,0.0,22023.0,-1.5380340000000001,-1.200083,GIN,BRA,40
8165846,85,32,139,2014,83234.0,826467.0,-1.628409,-1.202473,GIN,BRA,40
8165847,85,32,139,2015,134831.0,8470.0,-1.288329,-1.167532,GIN,BRA,40
8165848,85,32,139,2009,0.0,10744.0,-1.618121,-1.2200520000000001,GIN,BRA,40
8165849,85,32,139,2018,1701926.0,0.0,-1.036697,-1.1562860000000001,GIN,BRA,40
8165850,85,32,139,2013,0.0,18484.0,-1.1287459999999998,-1.069735,GIN,BRA,40
8165851,85,32,139,2017,1036311.0,0.0,-1.7560669999999998,-1.2747680000000001,GIN,BRA,40
8165852,85,32,139,1998,0.0,90835.0,-1.676035,-1.248894,GIN,BRA,40
8165853,85,32,139,2019,128349.0,898986.0,-1.366633,-1.196123,GIN,BRA,40
8165854,85,32,139,2008,0.0,30766.0,-1.530997,-1.171231,GIN,BRA,40
8165855,85,32,139,2002,0.0,13175.0,-1.85329,-1.243105,GIN,BRA,40
8165856,85,32,139,1996,0.0,213222.0,-1.2641930000000001,-1.1317409999999999,GIN,BRA,40
8165857,85,32,139,2020,268283.0,1565810.0,-1.841029,-1.233167,GIN,BRA,40
8165858,85,32,139,1999,0.0,38286.0,-1.950321,-1.269807,GIN,BRA,40
8165859,85,32,139,2004,0.0,17271.0,-1.314543,-1.155153,GIN,BRA,40
8165860,85,32,139,2005,0.0,52598.0,-1.55683,-1.200541,GIN,BRA,40
8165861,85,32,139,2006,0.0,9032.0,-1.8376720000000002,-1.229774,GIN,BRA,40
8165862,85,32,139,1995,0.0,180221.0,-1.304768,-1.077826,GIN,BRA,40
8165863,85,32,139,1997,0.0,267743.0,-1.529401,-1.163973,GIN,BRA,40
8165864,85,32,139,2010,0.0,2543.0,-1.6761720000000002,-1.181665,GIN,BRA,40
8165865,85,32,139,2003,0.0,10150.0,-2.14752,-1.250048,GIN,BRA,40
8165866,86,32,139,1995,0.0,56770.0,0.563491,-0.18852,GLP,BRA,40
8165867,87,32,139,1999,0.0,8144.0,-0.768406,-0.764934,GMB,BRA,40
8165868,87,32,139,2018,0.0,7746.0,-0.85649,-0.761513,GMB,BRA,40
8165869,87,32,139,1996,0.0,16551.0,-1.028677,-0.8440540000000001,GMB,BRA,40
8165870,87,32,139,2003,0.0,9535.0,-0.230541,-0.275663,GMB,BRA,40
8165871,88,32,139,2015,0.0,8119.0,-2.6546,-1.010989,GNB,BRA,40
8165872,88,32,139,2017,0.0,5022.0,-2.418518,-0.954242,GNB,BRA,40
8165873,88,32,139,2020,0.0,1182.0,-1.172138,-0.944076,GNB,BRA,40
8165874,88,32,139,2005,0.0,18182.0,-1.631378,-0.9792690000000001,GNB,BRA,40
8165875,88,32,139,1996,0.0,54435.0,-1.853188,-0.8371649999999999,GNB,BRA,40
8165876,88,32,139,1997,0.0,89458.0,-1.9366400000000001,-1.000259,GNB,BRA,40
8165877,89,32,139,2009,0.0,821181.0,-1.426661,-0.9459870000000001,GNQ,BRA,40
8165878,89,32,139,2010,0.0,1059923.0,-1.077402,-0.86556,GNQ,BRA,40
8165879,89,32,139,2011,0.0,3949567.0,-1.634315,-0.7567729999999999,GNQ,BRA,40
8165880,89,32,139,2016,0.0,391119.0,-1.766286,-0.9607709999999999,GNQ,BRA,40
8165881,89,32,139,2014,1686.0,1893897.0,-2.043516,-0.844701,GNQ,BRA,40
8165882,89,32,139,2007,0.0,153586.0,-1.406911,-0.8466950000000001,GNQ,BRA,40
8165883,89,32,139,2017,0.0,40083.0,-1.735486,-0.9254180000000001,GNQ,BRA,40
8165884,89,32,139,2019,0.0,22994.0,-1.9057680000000001,-0.968132,GNQ,BRA,40
8165885,89,32,139,2018,0.0,6672.0,-2.017117,-0.975924,GNQ,BRA,40
8165886,89,32,139,2012,0.0,3395995.0,-1.297351,-0.926208,GNQ,BRA,40
8165887,89,32,139,2015,2754.0,843009.0,-1.585577,-0.9044979999999999,GNQ,BRA,40
8165888,89,32,139,2013,0.0,1317492.0,-1.521575,-0.814708,GNQ,BRA,40
8165889,89,32,139,2008,0.0,501180.0,-1.059208,-0.843542,GNQ,BRA,40
8165890,89,32,139,2002,0.0,69051.0,-2.3567560000000003,-0.88686,GNQ,BRA,40
8165891,89,32,139,2003,0.0,102922.0,-2.4406529999999997,-0.821155,GNQ,BRA,40
8165892,89,32,139,2004,0.0,34196.0,-1.093261,-0.8802639999999999,GNQ,BRA,40
8165893,89,32,139,2006,0.0,176563.0,-2.188173,-0.8631700000000001,GNQ,BRA,40
8165894,89,32,139,2000,0.0,16856.0,-2.387934,-0.9495290000000001,GNQ,BRA,40
8165895,90,32,139,2000,0.0,1543659.0,0.30201300000000003,1.4171799999999999,GRC,BRA,40
8165896,90,32,139,2002,235315.0,1222603.0,0.31858000000000003,1.47417,GRC,BRA,40
8165897,90,32,139,2003,1464767.0,1580884.0,0.364688,1.4823959999999998,GRC,BRA,40
8165898,90,32,139,1997,483084.0,1589436.0,0.229516,1.085225,GRC,BRA,40
8165899,90,32,139,2001,1249833.0,981104.0,0.31387600000000004,1.3614600000000001,GRC,BRA,40
8165900,90,32,139,1996,147698.0,2655657.0,0.271386,1.042608,GRC,BRA,40
8165901,90,32,139,1998,1028789.0,2721551.0,0.183835,1.1512790000000002,GRC,BRA,40
8165902,90,32,139,1999,246646.0,1539795.0,0.24943600000000002,1.172467,GRC,BRA,40
8165903,90,32,139,2006,6823893.0,1111140.0,0.261955,1.488958,GRC,BRA,40
8165904,90,32,139,2007,7166673.0,1547074.0,0.348709,1.674567,GRC,BRA,40
8165905,90,32,139,2008,14281605.0,1648884.0,0.33272399999999996,1.758188,GRC,BRA,40
8165906,90,32,139,2009,5078620.0,1520049.0,0.2196,1.63301,GRC,BRA,40
8165907,90,32,139,2010,830614.0,803200.0,0.200249,1.4640090000000001,GRC,BRA,40
8165908,90,32,139,2011,2498607.0,1203708.0,0.138679,1.30044,GRC,BRA,40
8165909,90,32,139,2012,2038129.0,794613.0,0.20949600000000002,1.086158,GRC,BRA,40
8165910,90,32,139,2013,451025.0,1171531.0,0.18823800000000002,0.910906,GRC,BRA,40
8165911,90,32,139,2014,73114.0,1243039.0,0.149337,0.8560540000000001,GRC,BRA,40
8165912,90,32,139,2018,8294.0,520100.0,0.059539999999999996,1.0321879999999999,GRC,BRA,40
8165913,90,32,139,2019,16953.0,556219.0,0.08904400000000001,1.059396,GRC,BRA,40
8165914,90,32,139,2004,74862.0,863186.0,0.348853,1.661656,GRC,BRA,40
8165915,90,32,139,2017,16610.0,566736.0,0.154098,1.151038,GRC,BRA,40
8165916,90,32,139,2005,5664759.0,659929.0,0.321907,1.7731669999999997,GRC,BRA,40
8165917,90,32,139,2016,15562.0,825477.0,0.12153499999999999,1.126101,GRC,BRA,40
8165918,90,32,139,2015,695319.0,965280.0,0.099027,1.012289,GRC,BRA,40
8165919,90,32,139,2020,3568.0,561581.0,0.199011,1.087811,GRC,BRA,40
8165920,90,32,139,1995,81316.0,1609455.0,0.17369,0.885756,GRC,BRA,40
8165921,91,32,139,2015,0.0,4022.0,0.296552,-0.335908,GRD,BRA,40
8165922,91,32,139,2004,0.0,51928.0,0.40210100000000004,-0.382662,GRD,BRA,40
8165923,91,32,139,2007,0.0,38998.0,0.043229000000000004,-0.664795,GRD,BRA,40
8165924,91,32,139,1998,0.0,37231.0,-0.249689,-0.7117,GRD,BRA,40
8165925,91,32,139,2008,0.0,66804.0,0.6186010000000001,-0.170518,GRD,BRA,40
8165926,91,32,139,2019,0.0,1707.0,0.297653,-0.409112,GRD,BRA,40
8165927,91,32,139,2000,0.0,37171.0,0.26865500000000003,-0.449797,GRD,BRA,40
8165928,91,32,139,1997,0.0,27973.0,0.24891799999999997,-0.44986499999999996,GRD,BRA,40
8165929,91,32,139,2005,0.0,44951.0,0.18640299999999999,-0.5731930000000001,GRD,BRA,40
8165930,91,32,139,1995,0.0,17378.0,0.15883699999999998,-0.514984,GRD,BRA,40
8165931,91,32,139,2002,0.0,48965.0,0.552833,-0.283761,GRD,BRA,40
8165932,91,32,139,1996,0.0,23942.0,0.285534,-0.37242600000000003,GRD,BRA,40
8165933,91,32,139,2009,0.0,30619.0,0.035948,-0.586996,GRD,BRA,40
8165934,91,32,139,2001,0.0,39382.0,-0.007888,-0.518167,GRD,BRA,40
8165935,91,32,139,1999,0.0,38140.0,-0.157276,-0.625791,GRD,BRA,40
8165936,91,32,139,2006,0.0,80253.0,0.19208599999999998,-0.40781,GRD,BRA,40
8165937,91,32,139,2020,0.0,6589.0,0.285169,-0.284221,GRD,BRA,40
8165938,91,32,139,2018,0.0,1595.0,0.28333800000000003,-0.40042,GRD,BRA,40
8165939,91,32,139,2003,0.0,49016.0,0.3936,-0.258355,GRD,BRA,40
8165940,91,32,139,2010,0.0,24023.0,-0.1543,-0.779396,GRD,BRA,40
8165941,92,32,139,2009,0.0,1773.0,-1.29302,-1.024092,GRL,BRA,40
8165942,93,32,139,1999,27071.0,1271042.0,-0.459323,0.210247,GTM,BRA,40
8165943,93,32,139,2000,140412.0,1548986.0,-0.452607,0.317698,GTM,BRA,40
8165944,93,32,139,2010,1396804.0,8172686.0,-0.39034,0.743521,GTM,BRA,40
8165945,93,32,139,2011,8224533.0,6167656.0,-0.329497,0.775369,GTM,BRA,40
8165946,93,32,139,2012,3861082.0,5117842.0,-0.265127,0.626089,GTM,BRA,40
8165947,93,32,139,2013,6239225.0,5076100.0,-0.41466499999999995,0.774788,GTM,BRA,40
8165948,93,32,139,2014,2717073.0,4979080.0,-0.36547199999999996,0.548894,GTM,BRA,40
8165949,93,32,139,2015,2796901.0,4710040.0,-0.284403,0.525564,GTM,BRA,40
8165950,93,32,139,2016,9901065.0,5261749.0,-0.414843,0.382162,GTM,BRA,40
8165951,93,32,139,2017,6172964.0,4923719.0,-0.418538,0.557454,GTM,BRA,40
8165952,93,32,139,2018,7957316.0,5293092.0,-0.362668,0.520826,GTM,BRA,40
8165953,93,32,139,2019,7864533.0,5048737.0,-0.43447299999999994,0.658475,GTM,BRA,40
8165954,93,32,139,2020,14840953.0,3627984.0,-0.32240100000000005,0.542048,GTM,BRA,40
8165955,93,32,139,2004,14104.0,6043906.0,-0.46136000000000005,0.148122,GTM,BRA,40
8165956,93,32,139,2007,5716405.0,10753997.0,-0.261899,0.643437,GTM,BRA,40
8165957,93,32,139,2008,7010545.0,9407683.0,-0.271973,0.720486,GTM,BRA,40
8165958,93,32,139,2009,4009183.0,5728160.0,-0.33276999999999995,0.551257,GTM,BRA,40
8165959,93,32,139,1995,22490.0,1462810.0,-0.241468,0.170932,GTM,BRA,40
8165960,93,32,139,1996,34683.0,671200.0,-0.332901,0.23790300000000003,GTM,BRA,40
8165961,93,32,139,1997,24461.0,997425.0,-0.310042,0.2096,GTM,BRA,40
8165962,93,32,139,1998,4529.0,1677387.0,-0.344999,0.155524,GTM,BRA,40
8165963,93,32,139,2001,52157.0,1582561.0,-0.5089520000000001,0.216677,GTM,BRA,40
8165964,93,32,139,2002,83467.0,3276736.0,-0.548834,-0.034464999999999996,GTM,BRA,40
8165965,93,32,139,2005,209363.0,7484991.0,-0.414479,0.41440200000000005,GTM,BRA,40
8165966,93,32,139,2006,293163.0,11238302.0,-0.28642199999999995,0.5868439999999999,GTM,BRA,40
8165967,93,32,139,2003,40392.0,5186016.0,-0.444162,0.145319,GTM,BRA,40
8165968,94,32,139,1995,0.0,108696.0,1.1777959999999998,-0.052863,GUF,BRA,40
8165969,95,32,139,2019,0.0,18553.0,0.12159400000000001,-0.657729,GUM,BRA,40
8165970,95,32,139,2000,0.0,64417.0,-0.432621,-0.897784,GUM,BRA,40
8165971,95,32,139,2001,0.0,116465.0,-0.228818,-0.8545719999999999,GUM,BRA,40
8165972,95,32,139,2002,0.0,64785.0,-0.516203,-0.803461,GUM,BRA,40
8165973,95,32,139,2003,0.0,85474.0,-0.139991,-0.570695,GUM,BRA,40
8165974,95,32,139,2004,0.0,163670.0,0.13034500000000002,-0.40525700000000003,GUM,BRA,40
8165975,95,32,139,2005,0.0,117695.0,0.10963699999999998,-0.44295,GUM,BRA,40
8165976,95,32,139,2006,0.0,16806.0,0.385261,-0.26928,GUM,BRA,40
8165977,95,32,139,2007,0.0,67213.0,0.571674,-0.282353,GUM,BRA,40
8165978,96,32,139,2007,0.0,508403.0,-0.889957,-0.873185,GUY,BRA,40
8165979,96,32,139,2009,16187.0,528831.0,-1.0557809999999999,-1.055825,GUY,BRA,40
8165980,96,32,139,2011,0.0,882589.0,-1.079231,-1.0280989999999999,GUY,BRA,40
8165981,96,32,139,2010,0.0,656464.0,-1.020217,-1.0231569999999999,GUY,BRA,40
8165982,96,32,139,2017,0.0,497134.0,-0.703271,-0.898648,GUY,BRA,40
8165983,96,32,139,1997,0.0,250509.0,-0.7141810000000001,-0.8589030000000001,GUY,BRA,40
8165984,96,32,139,1998,0.0,110061.0,-0.8204450000000001,-0.8914200000000001,GUY,BRA,40
8165985,96,32,139,1999,0.0,114178.0,-0.97619,-0.8785709999999999,GUY,BRA,40
8165986,96,32,139,2000,0.0,150463.0,-1.127205,-0.962915,GUY,BRA,40
8165987,96,32,139,2001,0.0,87741.0,-0.955816,-0.8593069999999999,GUY,BRA,40
8165988,96,32,139,2002,0.0,137532.0,-0.9485889999999999,-0.9086489999999999,GUY,BRA,40
8165989,96,32,139,2003,1533.0,129115.0,-0.59035,-0.7361340000000001,GUY,BRA,40
8165990,96,32,139,2004,0.0,158147.0,-1.046232,-0.985188,GUY,BRA,40
8165991,96,32,139,2005,0.0,212632.0,-0.618542,-0.771821,GUY,BRA,40
8165992,96,32,139,2006,0.0,258067.0,-0.813775,-0.8000649999999999,GUY,BRA,40
8165993,96,32,139,2008,0.0,416697.0,-1.0439530000000001,-0.962007,GUY,BRA,40
8165994,96,32,139,2018,0.0,512005.0,-0.841458,-0.9803280000000001,GUY,BRA,40
8165995,96,32,139,2019,17254.0,531877.0,-0.308365,-0.7833359999999999,GUY,BRA,40
8165996,96,32,139,2012,0.0,1008340.0,-0.734614,-0.8208489999999999,GUY,BRA,40
8165997,96,32,139,2013,0.0,870601.0,-0.8555590000000001,-0.9744450000000001,GUY,BRA,40
8165998,96,32,139,2015,5429.0,438150.0,-1.018758,-1.056085,GUY,BRA,40
8165999,96,32,139,2014,0.0,724817.0,-1.068777,-1.038227,GUY,BRA,40
8166000,96,32,139,2016,0.0,747463.0,-0.4755,-0.778335,GUY,BRA,40
8166001,96,32,139,2020,0.0,507620.0,-0.5874159999999999,-0.8020189999999999,GUY,BRA,40
8166002,96,32,139,1996,0.0,75042.0,-0.567617,-0.766822,GUY,BRA,40
8166003,96,32,139,1995,0.0,278465.0,-0.8856,-0.8413700000000001,GUY,BRA,40
8166004,97,32,139,1995,6292693.0,2532476.0,0.5244449999999999,2.682738,HKG,BRA,40
8166005,97,32,139,1996,1468425.0,1879279.0,0.54364,2.727659,HKG,BRA,40
8166006,97,32,139,1997,2413771.0,1389854.0,0.521942,2.578405,HKG,BRA,40
8166007,97,32,139,1998,2667129.0,2028982.0,0.46966099999999994,2.5744029999999998,HKG,BRA,40
8166008,97,32,139,1999,1236117.0,1484545.0,0.387427,2.402434,HKG,BRA,40
8166009,97,32,139,2000,1580438.0,1711592.0,0.416202,2.4793950000000002,HKG,BRA,40
8166010,97,32,139,2001,1113414.0,1608658.0,0.521528,2.3025,HKG,BRA,40
8166011,97,32,139,2002,1523767.0,2482993.0,0.5701109999999999,1.989357,HKG,BRA,40
8166012,97,32,139,2003,853946.0,2561174.0,0.494569,2.147062,HKG,BRA,40
8166013,97,32,139,2004,573854.0,2867195.0,0.604825,2.098745,HKG,BRA,40
8166014,97,32,139,2011,2885469.0,5224220.0,0.663588,1.902118,HKG,BRA,40
8166015,97,32,139,2013,3023926.0,2609448.0,0.744383,1.923139,HKG,BRA,40
8166016,97,32,139,2014,3776499.0,2208956.0,0.812132,1.722493,HKG,BRA,40
8166017,97,32,139,2015,3294176.0,1633378.0,0.8255290000000001,1.8017279999999998,HKG,BRA,40
8166018,97,32,139,2016,4211877.0,2896821.0,0.8029029999999999,1.477249,HKG,BRA,40
8166019,97,32,139,2017,4582351.0,7655269.0,0.824982,1.7162220000000001,HKG,BRA,40
8166020,97,32,139,2018,7158647.0,1455749.0,0.843677,1.656073,HKG,BRA,40
8166021,97,32,139,2019,7055183.0,905594.0,0.992556,1.523004,HKG,BRA,40
8166022,97,32,139,2009,1061521.0,4217978.0,0.654964,1.98672,HKG,BRA,40
8166023,97,32,139,2005,916116.0,10855909.0,0.5862149999999999,2.0303459999999998,HKG,BRA,40
8166024,97,32,139,2006,1205916.0,8771786.0,0.5776319999999999,2.076782,HKG,BRA,40
8166025,97,32,139,2012,2715439.0,4766360.0,0.8124979999999999,1.677497,HKG,BRA,40
8166026,97,32,139,2010,2341432.0,4031559.0,0.715745,1.9780259999999998,HKG,BRA,40
8166027,97,32,139,2020,8300611.0,1090277.0,1.070483,1.183618,HKG,BRA,40
8166028,97,32,139,2008,1638030.0,13214823.0,0.74435,2.149616,HKG,BRA,40
8166029,97,32,139,2007,755725.0,9759192.0,0.639034,2.1086009999999997,HKG,BRA,40
8166030,99,32,139,1995,0.0,220028.0,-0.765536,-0.668834,HND,BRA,40
8166031,99,32,139,2012,15823.0,1273562.0,-0.45962299999999995,-0.002247,HND,BRA,40
8166032,99,32,139,2015,25790.0,1667387.0,-0.578635,-0.292053,HND,BRA,40
8166033,99,32,139,2016,13556.0,2845958.0,-0.673741,-0.403777,HND,BRA,40
8166034,99,32,139,2017,2949.0,2267847.0,-0.6335689999999999,-0.334201,HND,BRA,40
8166035,99,32,139,2019,0.0,1662291.0,-0.6444439999999999,-0.203443,HND,BRA,40
8166036,99,32,139,2003,0.0,777238.0,-0.733546,-0.568585,HND,BRA,40
8166037,99,32,139,2009,0.0,513784.0,-0.587607,-0.189167,HND,BRA,40
8166038,99,32,139,2010,756.0,1002375.0,-0.569501,-0.153122,HND,BRA,40
8166039,99,32,139,2011,10850.0,927141.0,-0.740241,-0.311952,HND,BRA,40
8166040,99,32,139,2014,53025.0,1442707.0,-0.467004,0.045511,HND,BRA,40
8166041,99,32,139,2018,6979.0,2037765.0,-0.523738,-0.193198,HND,BRA,40
8166042,99,32,139,2004,0.0,829123.0,-0.75975,-0.548407,HND,BRA,40
8166043,99,32,139,2005,0.0,1711406.0,-0.731899,-0.54884,HND,BRA,40
8166044,99,32,139,2006,0.0,790584.0,-0.672074,-0.472138,HND,BRA,40
8166045,99,32,139,2007,9762.0,1335049.0,-0.6366,-0.327447,HND,BRA,40
8166046,99,32,139,1996,0.0,237441.0,-0.69357,-0.48721400000000004,HND,BRA,40
8166047,99,32,139,1997,2133.0,244944.0,-0.832161,-0.5578270000000001,HND,BRA,40
8166048,99,32,139,2002,70956.0,950432.0,-0.877043,-0.658185,HND,BRA,40
8166049,99,32,139,1998,0.0,327264.0,-0.9326049999999999,-0.598527,HND,BRA,40
8166050,99,32,139,2013,0.0,1071618.0,-0.731431,-0.310927,HND,BRA,40
8166051,99,32,139,1999,0.0,440176.0,-0.8858290000000001,-0.530034,HND,BRA,40
8166052,99,32,139,2000,0.0,562943.0,-0.860977,-0.6851109999999999,HND,BRA,40
8166053,99,32,139,2001,0.0,753920.0,-0.8003060000000001,-0.602097,HND,BRA,40
8166054,99,32,139,2008,0.0,1183516.0,-0.5907,-0.351317,HND,BRA,40
8166055,99,32,139,2020,3054.0,1374028.0,-0.583329,-0.404227,HND,BRA,40
8166056,100,32,139,2010,74975.0,633322.0,0.8276979999999999,0.97415,HRV,BRA,40
8166057,100,32,139,2004,0.0,286066.0,0.6669970000000001,1.088043,HRV,BRA,40
8166058,100,32,139,1999,0.0,457255.0,0.572934,0.9873639999999999,HRV,BRA,40
8166059,100,32,139,2003,0.0,249556.0,0.568394,1.230759,HRV,BRA,40
8166060,100,32,139,2006,0.0,356009.0,0.755787,0.992614,HRV,BRA,40
8166061,100,32,139,2007,0.0,569650.0,0.7799699999999999,1.1047850000000001,HRV,BRA,40
8166062,100,32,139,2009,0.0,729176.0,0.740174,1.005258,HRV,BRA,40
8166063,100,32,139,2008,1357.0,986205.0,0.874459,1.075102,HRV,BRA,40
8166064,100,32,139,2005,47127.0,295609.0,0.687937,1.059269,HRV,BRA,40
8166065,100,32,139,2020,7784.0,1768.0,0.876001,1.250877,HRV,BRA,40
8166066,100,32,139,2012,2295.0,433748.0,0.890281,1.02053,HRV,BRA,40
8166067,100,32,139,2017,6724.0,2922.0,0.860825,1.365445,HRV,BRA,40
8166068,100,32,139,2011,221573.0,557087.0,0.868294,0.9424299999999999,HRV,BRA,40
8166069,100,32,139,2013,1678.0,23810.0,0.898284,1.038807,HRV,BRA,40
8166070,100,32,139,2018,6118.0,4916.0,0.7923720000000001,1.4047209999999999,HRV,BRA,40
8166071,100,32,139,2019,8377.0,2537.0,0.850527,1.280845,HRV,BRA,40
8166072,100,32,139,2015,6775.0,3336.0,0.7590140000000001,1.257415,HRV,BRA,40
8166073,100,32,139,2014,6822.0,945926.0,0.804401,1.250807,HRV,BRA,40
8166074,100,32,139,2016,1116.0,3568.0,0.8695200000000001,1.214791,HRV,BRA,40
8166075,100,32,139,1995,0.0,3854.0,0.75325,1.395715,HRV,BRA,40
8166076,100,32,139,1996,0.0,182390.0,0.772706,1.1075270000000002,HRV,BRA,40
8166077,100,32,139,1998,0.0,221456.0,0.692779,0.9919530000000001,HRV,BRA,40
8166078,100,32,139,2000,0.0,29723.0,0.683921,1.0184959999999998,HRV,BRA,40
8166079,100,32,139,2001,1509.0,62107.0,0.544596,0.969535,HRV,BRA,40
8166080,100,32,139,2002,0.0,114449.0,0.591276,1.030723,HRV,BRA,40
8166081,100,32,139,1997,0.0,101606.0,0.607903,1.147751,HRV,BRA,40
8166082,101,32,139,2009,0.0,327240.0,-1.406148,-1.108465,HTI,BRA,40
8166083,101,32,139,1995,5111.0,74045.0,-0.761827,-0.6020310000000001,HTI,BRA,40
8166084,101,32,139,1996,0.0,74299.0,-0.865218,-0.723441,HTI,BRA,40
8166085,101,32,139,1997,0.0,83254.0,-0.945809,-0.7246560000000001,HTI,BRA,40
8166086,101,32,139,2008,0.0,364035.0,-1.087836,-0.967734,HTI,BRA,40
8166087,101,32,139,2007,0.0,339507.0,-1.070524,-1.046209,HTI,BRA,40
8166088,101,32,139,2006,0.0,21702.0,-1.037941,-0.9475790000000001,HTI,BRA,40
8166089,101,32,139,2013,0.0,230043.0,-1.095392,-0.957326,HTI,BRA,40
8166090,101,32,139,2014,0.0,375278.0,-1.10887,-1.032108,HTI,BRA,40
8166091,101,32,139,2015,0.0,171358.0,-1.288246,-1.018979,HTI,BRA,40
8166092,101,32,139,2016,0.0,211420.0,-1.30976,-1.010181,HTI,BRA,40
8166093,101,32,139,2017,0.0,331785.0,-1.0089219999999999,-0.946722,HTI,BRA,40
8166094,101,32,139,2018,0.0,92646.0,-0.914545,-0.890601,HTI,BRA,40
8166095,101,32,139,2019,0.0,161092.0,-1.120295,-0.967447,HTI,BRA,40
8166096,101,32,139,2012,0.0,175773.0,-0.8495739999999999,-0.972046,HTI,BRA,40
8166097,101,32,139,2020,0.0,411382.0,-1.028076,-0.884073,HTI,BRA,40
8166098,101,32,139,2010,0.0,369012.0,-1.369873,-1.121801,HTI,BRA,40
8166099,101,32,139,2011,0.0,545322.0,-1.263093,-1.086658,HTI,BRA,40
8166100,101,32,139,2002,0.0,52398.0,-1.220251,-0.8176859999999999,HTI,BRA,40
8166101,101,32,139,2003,0.0,13236.0,-1.3761290000000002,-1.006346,HTI,BRA,40
8166102,101,32,139,2004,0.0,16540.0,-1.348507,-0.979369,HTI,BRA,40
8166103,101,32,139,1998,0.0,66843.0,-1.186197,-0.925901,HTI,BRA,40
8166104,101,32,139,2000,0.0,138593.0,-1.119661,-0.823765,HTI,BRA,40
8166105,101,32,139,2005,0.0,142932.0,-1.2804229999999999,-1.018106,HTI,BRA,40
8166106,101,32,139,1999,0.0,77995.0,-1.321531,-0.934434,HTI,BRA,40
8166107,101,32,139,2001,0.0,40825.0,-1.220515,-0.8502200000000001,HTI,BRA,40
8166108,102,32,139,2020,10760121.0,6535.0,1.393152,0.878916,HUN,BRA,40
8166109,102,32,139,2009,4435542.0,909944.0,1.397765,0.772375,HUN,BRA,40
8166110,102,32,139,2016,16097975.0,13715.0,1.445281,0.8422209999999999,HUN,BRA,40
8166111,102,32,139,2018,18269707.0,8431.0,1.519662,0.833092,HUN,BRA,40
8166112,102,32,139,2019,18924567.0,51659.0,1.462102,0.809183,HUN,BRA,40
8166113,102,32,139,2017,13611890.0,11088.0,1.4886270000000001,0.845986,HUN,BRA,40
8166114,102,32,139,2013,21715081.0,62616.0,1.506101,0.7279220000000001,HUN,BRA,40
8166115,102,32,139,2014,18864954.0,33396.0,1.477093,0.812869,HUN,BRA,40
8166116,102,32,139,2015,17154230.0,134957.0,1.462839,0.803258,HUN,BRA,40
8166117,102,32,139,2008,5484837.0,1588119.0,1.3358299999999999,0.8177770000000001,HUN,BRA,40
8166118,102,32,139,2007,1865346.0,784354.0,1.4887709999999998,0.78372,HUN,BRA,40
8166119,102,32,139,2003,373760.0,214498.0,1.2003270000000001,1.091407,HUN,BRA,40
8166120,102,32,139,2010,9694799.0,270663.0,1.514225,0.740341,HUN,BRA,40
8166121,102,32,139,2011,13728460.0,42430.0,1.486592,0.805642,HUN,BRA,40
8166122,102,32,139,2012,25100477.0,42650.0,1.396648,0.759196,HUN,BRA,40
8166123,102,32,139,2002,182095.0,131993.0,1.179684,1.0574860000000001,HUN,BRA,40
8166124,102,32,139,2004,917314.0,350516.0,1.207082,1.019714,HUN,BRA,40
8166125,102,32,139,2005,1261695.0,1048841.0,1.3558,0.876179,HUN,BRA,40
8166126,102,32,139,1996,303764.0,154215.0,0.790036,1.891534,HUN,BRA,40
8166127,102,32,139,1997,631859.0,174708.0,0.746743,1.577102,HUN,BRA,40
8166128,102,32,139,1998,148947.0,139991.0,0.780392,1.450701,HUN,BRA,40
8166129,102,32,139,2000,282452.0,219427.0,1.045661,1.198236,HUN,BRA,40
8166130,102,32,139,1999,157405.0,77150.0,0.794675,1.308337,HUN,BRA,40
8166131,102,32,139,2006,1159214.0,1096087.0,1.4034309999999999,0.835144,HUN,BRA,40
8166132,102,32,139,2001,204013.0,163546.0,1.102262,1.138016,HUN,BRA,40
8166133,102,32,139,1995,1303445.0,72909.0,0.878711,1.8200060000000002,HUN,BRA,40
8166134,103,32,139,2000,27800465.0,2269031.0,-0.125831,1.7116360000000002,IDN,BRA,40
8166135,103,32,139,2019,154262282.0,8943403.0,-0.141811,1.385726,IDN,BRA,40
8166136,103,32,139,2020,109181356.0,6632465.0,-0.16761700000000002,1.571009,IDN,BRA,40
8166137,103,32,139,2004,63855279.0,4160374.0,-0.223644,1.719065,IDN,BRA,40
8166138,103,32,139,2005,85553638.0,2080511.0,-0.273208,1.5252379999999999,IDN,BRA,40
8166139,103,32,139,2010,480538108.0,14577674.0,-0.30878099999999997,1.07069,IDN,BRA,40
8166140,103,32,139,2015,153734718.0,7306105.0,-0.145103,1.277362,IDN,BRA,40
8166141,103,32,139,2006,162387261.0,2035507.0,-0.21012399999999998,1.467838,IDN,BRA,40
8166142,103,32,139,2003,57481068.0,5092498.0,-0.16802,1.7252990000000001,IDN,BRA,40
8166143,103,32,139,2017,192392137.0,15842418.0,-0.23641700000000002,1.188173,IDN,BRA,40
8166144,103,32,139,2014,218615790.0,7045786.0,-0.088032,1.3966459999999998,IDN,BRA,40
8166145,103,32,139,2009,135498950.0,5282077.0,-0.253835,1.260101,IDN,BRA,40
8166146,103,32,139,2012,238930985.0,33046635.0,-0.142318,1.281781,IDN,BRA,40
8166147,103,32,139,2013,266375328.0,11052797.0,-0.216854,1.415728,IDN,BRA,40
8166148,103,32,139,2016,148877835.0,8500477.0,-0.158496,1.492067,IDN,BRA,40
8166149,103,32,139,2018,180075685.0,13021954.0,-0.10130499999999999,1.2414209999999999,IDN,BRA,40
8166150,103,32,139,2008,188879207.0,4846560.0,-0.11154000000000001,1.4879850000000001,IDN,BRA,40
8166151,103,32,139,2001,27890744.0,1817767.0,-0.167771,1.6587889999999998,IDN,BRA,40
8166152,103,32,139,2002,30394931.0,3525597.0,-0.10020499999999999,1.590314,IDN,BRA,40
8166153,103,32,139,2007,146813312.0,1857025.0,-0.192415,1.497962,IDN,BRA,40
8166154,103,32,139,2011,496835231.0,16042766.0,-0.234125,1.168384,IDN,BRA,40
8166155,103,32,139,1997,54092483.0,655283.0,-0.44080699999999995,1.220104,IDN,BRA,40
8166156,103,32,139,1998,35556514.0,481811.0,-0.478253,1.350652,IDN,BRA,40
8166157,103,32,139,1999,15480268.0,957238.0,-0.20447,1.568505,IDN,BRA,40
8166158,103,32,139,1995,19726471.0,1285703.0,-0.391727,1.174727,IDN,BRA,40
8166159,103,32,139,1996,52987184.0,620311.0,-0.43199899999999997,1.22074,IDN,BRA,40
8166160,104,32,139,2004,6518299.0,13196954.0,0.233348,2.790987,IND,BRA,40
8166161,104,32,139,2009,17427679.0,18301963.0,0.209867,2.254003,IND,BRA,40
8166162,104,32,139,2015,65619267.0,17573683.0,0.24230900000000002,2.8190880000000003,IND,BRA,40
8166163,104,32,139,2017,86243511.0,24715698.0,0.290576,2.726391,IND,BRA,40
8166164,104,32,139,2018,79954537.0,17040145.0,0.526015,2.448112,IND,BRA,40
8166165,104,32,139,2019,99592028.0,12254072.0,0.43196,2.661139,IND,BRA,40
8166166,104,32,139,2020,76538872.0,9755888.0,0.464674,2.838779,IND,BRA,40
8166167,104,32,139,2013,101436499.0,12563448.0,0.215356,2.3916209999999998,IND,BRA,40
8166168,104,32,139,2014,99127565.0,17834104.0,0.262042,2.6305080000000003,IND,BRA,40
8166169,104,32,139,2011,58081178.0,17056561.0,0.18276199999999998,2.398765,IND,BRA,40
8166170,104,32,139,2012,62972001.0,32695820.0,0.229996,2.4815110000000002,IND,BRA,40
8166171,104,32,139,2016,28416296.0,9256297.0,0.30976,2.61043,IND,BRA,40
8166172,104,32,139,2007,10216025.0,10562156.0,0.279475,2.7514939999999997,IND,BRA,40
8166173,104,32,139,2008,26523907.0,10635231.0,0.26694,2.926023,IND,BRA,40
8166174,104,32,139,2003,5929563.0,8538224.0,0.33014099999999996,2.836003,IND,BRA,40
8166175,104,32,139,2005,11243016.0,13263510.0,0.212108,2.817413,IND,BRA,40
8166176,104,32,139,2006,14494957.0,21024619.0,0.285652,2.731318,IND,BRA,40
8166177,104,32,139,2010,30692702.0,14990789.0,0.14485599999999998,2.408913,IND,BRA,40
8166178,104,32,139,2000,6209144.0,4037605.0,0.3961,2.553408,IND,BRA,40
8166179,104,32,139,2002,5606660.0,5892525.0,0.380867,2.608955,IND,BRA,40
8166180,104,32,139,2001,3304075.0,1759766.0,0.349744,2.665844,IND,BRA,40
8166181,104,32,139,1997,3454424.0,408566.0,0.262571,2.31305,IND,BRA,40
8166182,104,32,139,1996,2313393.0,651502.0,0.20685599999999998,2.317622,IND,BRA,40
8166183,104,32,139,1998,5072156.0,220663.0,0.274308,2.316908,IND,BRA,40
8166184,104,32,139,1999,2015620.0,2257067.0,0.29945900000000003,2.438702,IND,BRA,40
8166185,104,32,139,1995,1464319.0,265933.0,0.156183,1.9617380000000002,IND,BRA,40
8166186,106,32,139,1998,325018.0,42006.0,1.451067,0.654442,IRL,BRA,40
8166187,106,32,139,1995,991145.0,46625.0,1.349192,0.992099,IRL,BRA,40
8166188,106,32,139,1996,1249604.0,141070.0,1.386011,0.9232100000000001,IRL,BRA,40
8166189,106,32,139,1997,1017081.0,72085.0,1.471048,0.8769370000000001,IRL,BRA,40
8166190,106,32,139,1999,946374.0,31265.0,1.599613,0.37233299999999997,IRL,BRA,40
8166191,106,32,139,2002,5030398.0,57580.0,1.7232880000000002,0.091172,IRL,BRA,40
8166192,106,32,139,2004,7437373.0,169592.0,1.501859,0.14456,IRL,BRA,40
8166193,106,32,139,2005,2551539.0,90198.0,1.536605,0.189781,IRL,BRA,40
8166194,106,32,139,2019,795840.0,234680.0,1.3812389999999999,-0.025366,IRL,BRA,40
8166195,106,32,139,2000,1902347.0,49994.0,1.546001,0.342854,IRL,BRA,40
8166196,106,32,139,2003,6203394.0,89667.0,1.6396130000000002,0.220599,IRL,BRA,40
8166197,106,32,139,2006,827537.0,168626.0,1.43804,0.06463200000000001,IRL,BRA,40
8166198,106,32,139,2007,1336891.0,216058.0,1.353146,0.122832,IRL,BRA,40
8166199,106,32,139,2008,819448.0,28039.0,1.693858,0.221425,IRL,BRA,40
8166200,106,32,139,2011,712905.0,6363.0,1.403182,0.290245,IRL,BRA,40
8166201,106,32,139,2016,1309453.0,18594.0,1.445238,0.07659400000000001,IRL,BRA,40
8166202,106,32,139,2017,2503843.0,53455.0,1.363544,0.169211,IRL,BRA,40
8166203,106,32,139,2020,746134.0,72086.0,1.337791,-0.20829699999999998,IRL,BRA,40
8166204,106,32,139,2018,1810125.0,36500.0,1.262419,0.013576,IRL,BRA,40
8166205,106,32,139,2014,581032.0,18473.0,1.2658399999999999,0.278546,IRL,BRA,40
8166206,106,32,139,2009,555629.0,132111.0,1.627233,0.020024,IRL,BRA,40
8166207,106,32,139,2010,653750.0,2213.0,1.371357,0.168795,IRL,BRA,40
8166208,106,32,139,2012,662993.0,2569.0,1.229702,0.12683599999999998,IRL,BRA,40
8166209,106,32,139,2015,759450.0,47555.0,1.304942,0.126431,IRL,BRA,40
8166210,106,32,139,2001,5568246.0,319711.0,1.664233,0.129983,IRL,BRA,40
8166211,106,32,139,2013,531455.0,110413.0,1.29988,0.240688,IRL,BRA,40
8166212,107,32,139,2000,732320.0,524470.0,-0.555558,-0.910523,IRN,BRA,40
8166213,107,32,139,2001,233387.0,92483.0,-0.7732479999999999,-0.8979370000000001,IRN,BRA,40
8166214,107,32,139,2002,12780.0,395578.0,-0.5707840000000001,-0.705612,IRN,BRA,40
8166215,107,32,139,2010,2133971.0,1673056.0,-0.609874,-0.744733,IRN,BRA,40
8166216,107,32,139,2016,1307255.0,989031.0,-0.407368,-0.23482399999999998,IRN,BRA,40
8166217,107,32,139,2003,90343.0,847169.0,-0.552146,-0.8668520000000001,IRN,BRA,40
8166218,107,32,139,2004,94452.0,965211.0,-0.38210700000000003,-0.8408620000000001,IRN,BRA,40
8166219,107,32,139,2005,0.0,1635398.0,-0.305068,-0.804413,IRN,BRA,40
8166220,107,32,139,2006,116063.0,1566927.0,-0.391023,-0.767861,IRN,BRA,40
8166221,107,32,139,2011,122159.0,189495.0,-0.915379,-0.973194,IRN,BRA,40
8166222,107,32,139,2013,0.0,6861.0,-0.339172,-0.237114,IRN,BRA,40
8166223,107,32,139,2014,0.0,16932.0,-0.361058,-0.312743,IRN,BRA,40
8166224,107,32,139,2015,435814.0,79186.0,-0.258946,-0.0073420000000000004,IRN,BRA,40
8166225,107,32,139,2017,691445.0,893472.0,-0.361292,-0.361813,IRN,BRA,40
8166226,107,32,139,2018,193074.0,1766652.0,-0.389954,-0.258156,IRN,BRA,40
8166227,107,32,139,1999,760749.0,877224.0,-0.9366620000000001,-1.147602,IRN,BRA,40
8166228,107,32,139,2008,272452.0,1155231.0,-0.9776469999999999,-1.054475,IRN,BRA,40
8166229,107,32,139,2009,147744.0,4452246.0,-1.185702,-1.1049360000000001,IRN,BRA,40
8166230,107,32,139,1997,4775.0,240200.0,-0.503841,-0.9984059999999999,IRN,BRA,40
8166231,107,32,139,1998,427838.0,356876.0,-0.6626029999999999,-1.0408959999999998,IRN,BRA,40
8166232,107,32,139,2012,814258.0,5997.0,-0.963881,-0.928644,IRN,BRA,40
8166233,107,32,139,1996,0.0,829036.0,-0.7496649999999999,-1.1173520000000001,IRN,BRA,40
8166234,107,32,139,2007,0.0,1134412.0,-0.797659,-1.048892,IRN,BRA,40
8166235,107,32,139,1995,0.0,17773.0,-0.821991,-1.071013,IRN,BRA,40
8166236,108,32,139,2018,0.0,45752.0,-1.7504400000000002,-1.018699,IRQ,BRA,40
8166237,108,32,139,2019,0.0,99687.0,-1.593359,-0.9927860000000001,IRQ,BRA,40
8166238,108,32,139,2015,0.0,2814.0,-1.465803,-0.912113,IRQ,BRA,40
8166239,108,32,139,2007,0.0,24734.0,-1.961053,-0.8849969999999999,IRQ,BRA,40
8166240,108,32,139,2014,0.0,114572.0,-2.9169,-0.882023,IRQ,BRA,40
8166241,108,32,139,2017,0.0,16760.0,-1.515339,-0.9462950000000001,IRQ,BRA,40
8166242,108,32,139,2000,0.0,73301.0,-1.8568259999999999,-0.902459,IRQ,BRA,40
8166243,108,32,139,2001,0.0,36985.0,-1.115465,-0.883028,IRQ,BRA,40
8166244,108,32,139,2002,0.0,49242.0,-0.397477,-0.811214,IRQ,BRA,40
8166245,108,32,139,1997,0.0,10677.0,-2.248377,-0.817589,IRQ,BRA,40
8166246,108,32,139,1998,0.0,465101.0,-1.4440030000000001,-0.808689,IRQ,BRA,40
8166247,108,32,139,1999,0.0,59958.0,-1.8954950000000002,-0.883983,IRQ,BRA,40
8166248,109,32,139,2017,0.0,94644.0,0.386094,-0.277269,ISL,BRA,40
8166249,109,32,139,2012,0.0,8319.0,0.368012,-0.31235599999999997,ISL,BRA,40
8166250,109,32,139,2014,0.0,30765.0,0.127891,-0.302014,ISL,BRA,40
8166251,109,32,139,2015,0.0,19232.0,0.24527600000000002,-0.411616,ISL,BRA,40
8166252,109,32,139,2010,4290.0,20699.0,0.20822100000000002,-0.318294,ISL,BRA,40
8166253,109,32,139,2011,0.0,38183.0,0.284202,-0.23753000000000002,ISL,BRA,40
8166254,109,32,139,2009,2459.0,2463.0,0.21713200000000002,-0.371812,ISL,BRA,40
8166255,109,32,139,2013,0.0,28650.0,0.259374,-0.20413299999999998,ISL,BRA,40
8166256,109,32,139,2019,1424.0,86366.0,0.378873,-0.162129,ISL,BRA,40
8166257,109,32,139,2007,0.0,5281.0,0.172786,-0.380266,ISL,BRA,40
8166258,109,32,139,2016,0.0,53950.0,0.192448,-0.37174,ISL,BRA,40
8166259,109,32,139,2018,1360.0,72560.0,0.252338,-0.341319,ISL,BRA,40
8166260,109,32,139,2004,17186.0,26375.0,0.298844,-0.36366,ISL,BRA,40
8166261,109,32,139,2003,0.0,4348.0,0.21902800000000003,-0.40818499999999996,ISL,BRA,40
8166262,109,32,139,2002,0.0,7748.0,0.23601999999999998,-0.34781,ISL,BRA,40
8166263,109,32,139,2008,0.0,32675.0,0.26969899999999997,-0.29915,ISL,BRA,40
8166264,109,32,139,2020,0.0,119236.0,0.27161399999999997,-0.17819200000000002,ISL,BRA,40
8166265,109,32,139,2006,0.0,10633.0,0.170234,-0.302203,ISL,BRA,40
8166266,109,32,139,2000,0.0,6883.0,0.217683,-0.41136000000000006,ISL,BRA,40
8166267,109,32,139,2005,0.0,16701.0,0.060955999999999996,-0.410998,ISL,BRA,40
8166268,109,32,139,1997,0.0,720.0,0.217533,-0.405395,ISL,BRA,40
8166269,109,32,139,1999,22027.0,3371.0,0.377701,-0.355798,ISL,BRA,40
8166270,109,32,139,1998,22928.0,19285.0,0.18141300000000002,-0.47993500000000006,ISL,BRA,40
8166271,109,32,139,2001,0.0,9980.0,0.032382999999999995,-0.51054,ISL,BRA,40
8166272,109,32,139,1996,0.0,6382.0,0.003558,-0.551796,ISL,BRA,40
8166273,109,32,139,1995,0.0,7755.0,0.161331,-0.45210100000000003,ISL,BRA,40
8166274,110,32,139,2011,3908399.0,3167135.0,1.324384,0.714611,ISR,BRA,40
8166275,110,32,139,1997,172236.0,91080.0,1.3230030000000002,0.965016,ISR,BRA,40
8166276,110,32,139,2010,4364629.0,667946.0,1.215834,0.7028340000000001,ISR,BRA,40
8166277,110,32,139,2012,3690403.0,1540714.0,1.344347,0.691617,ISR,BRA,40
8166278,110,32,139,2014,2723699.0,1142918.0,1.211141,0.64523,ISR,BRA,40
8166279,110,32,139,2016,475350.0,1725160.0,1.352275,0.67584,ISR,BRA,40
8166280,110,32,139,2009,2473381.0,2639127.0,1.226438,0.816299,ISR,BRA,40
8166281,110,32,139,2003,3285172.0,839888.0,1.157809,0.682195,ISR,BRA,40
8166282,110,32,139,2020,372325.0,5713147.0,1.487557,0.8370920000000001,ISR,BRA,40
8166283,110,32,139,1998,392199.0,624963.0,1.2643739999999999,0.958475,ISR,BRA,40
8166284,110,32,139,2013,3321452.0,1226297.0,1.197241,0.633828,ISR,BRA,40
8166285,110,32,139,2004,6236354.0,918737.0,1.250393,0.8003979999999999,ISR,BRA,40
8166286,110,32,139,2006,1453388.0,1567786.0,1.3082129999999998,0.783845,ISR,BRA,40
8166287,110,32,139,2007,2199704.0,1960433.0,1.092244,0.753984,ISR,BRA,40
8166288,110,32,139,2008,2908928.0,1180937.0,1.169192,0.797136,ISR,BRA,40
8166289,110,32,139,2015,638773.0,1759969.0,1.260071,0.545545,ISR,BRA,40
8166290,110,32,139,2005,1970489.0,949262.0,1.3829120000000001,0.761617,ISR,BRA,40
8166291,110,32,139,1995,733187.0,441985.0,1.205368,1.189434,ISR,BRA,40
8166292,110,32,139,1996,44655.0,21738.0,1.054975,1.072965,ISR,BRA,40
8166293,110,32,139,2017,635146.0,1405635.0,1.436156,0.776574,ISR,BRA,40
8166294,110,32,139,2001,896344.0,607392.0,1.374873,0.775594,ISR,BRA,40
8166295,110,32,139,2002,861762.0,915115.0,1.334174,0.654331,ISR,BRA,40
8166296,110,32,139,2019,437011.0,1279381.0,1.488686,0.823376,ISR,BRA,40
8166297,110,32,139,2018,504470.0,952281.0,1.355071,0.872822,ISR,BRA,40
8166298,110,32,139,2000,1065389.0,576690.0,1.251365,0.7359319999999999,ISR,BRA,40
8166299,110,32,139,1999,1218025.0,1028960.0,1.342593,0.781931,ISR,BRA,40
8166300,111,32,139,2003,25041747.0,30827436.0,1.399734,1.044608,ITA,BRA,40
8166301,111,32,139,2006,33520922.0,41563154.0,1.293779,0.93995,ITA,BRA,40
8166302,111,32,139,2007,36589177.0,41412823.0,1.3003559999999998,0.705448,ITA,BRA,40
8166303,111,32,139,2008,49866323.0,36134649.0,1.308777,0.361523,ITA,BRA,40
8166304,111,32,139,2009,27514609.0,19094272.0,1.289,0.64549,ITA,BRA,40
8166305,111,32,139,2010,59729589.0,21761457.0,1.272385,0.545721,ITA,BRA,40
8166306,111,32,139,2011,77675887.0,18076954.0,1.298751,0.48013599999999995,ITA,BRA,40
8166307,111,32,139,2012,73892001.0,16464019.0,1.297611,0.28585900000000003,ITA,BRA,40
8166308,111,32,139,2013,76904194.0,19926774.0,1.289924,0.533436,ITA,BRA,40
8166309,111,32,139,2014,71236619.0,30424936.0,1.340136,0.43931099999999995,ITA,BRA,40
8166310,111,32,139,2015,45766676.0,23214955.0,1.321127,0.747046,ITA,BRA,40
8166311,111,32,139,2016,51084551.0,21538700.0,1.339307,0.8549209999999999,ITA,BRA,40
8166312,111,32,139,2017,63750742.0,18677693.0,1.34395,0.577693,ITA,BRA,40
8166313,111,32,139,2018,57326462.0,25003856.0,1.3602530000000002,0.453607,ITA,BRA,40
8166314,111,32,139,2019,57999468.0,19753650.0,1.25898,0.926639,ITA,BRA,40
8166315,111,32,139,2020,59242871.0,10768024.0,1.299017,0.701797,ITA,BRA,40
8166316,111,32,139,1995,21935296.0,26122897.0,1.503379,1.449094,ITA,BRA,40
8166317,111,32,139,1996,32424497.0,23951491.0,1.4674690000000001,1.263362,ITA,BRA,40
8166318,111,32,139,1997,41486837.0,18012325.0,1.4860389999999999,1.235674,ITA,BRA,40
8166319,111,32,139,1998,36433889.0,23155492.0,1.4532209999999999,1.191124,ITA,BRA,40
8166320,111,32,139,2005,33302685.0,38529860.0,1.295883,1.032218,ITA,BRA,40
8166321,111,32,139,2000,35057593.0,22656807.0,1.421124,1.112321,ITA,BRA,40
8166322,111,32,139,2001,27059914.0,19775242.0,1.389926,1.282143,ITA,BRA,40
8166323,111,32,139,2002,23782665.0,26419962.0,1.377604,1.2470510000000001,ITA,BRA,40
8166324,111,32,139,2004,33741957.0,31591003.0,1.358057,1.11533,ITA,BRA,40
8166325,111,32,139,1999,28780635.0,24189616.0,1.395253,1.3589790000000002,ITA,BRA,40
8166326,112,32,139,2004,0.0,1564139.0,-0.64957,-0.944183,JAM,BRA,40
8166327,112,32,139,2018,0.0,377971.0,-0.339328,-0.8756659999999999,JAM,BRA,40
8166328,112,32,139,2019,0.0,525166.0,-0.18387799999999999,-0.710004,JAM,BRA,40
8166329,112,32,139,2020,0.0,308358.0,-0.21953000000000003,-0.6944899999999999,JAM,BRA,40
8166330,112,32,139,2006,0.0,2713467.0,-0.5122720000000001,-0.9109809999999999,JAM,BRA,40
8166331,112,32,139,2011,0.0,206006.0,-0.162212,-0.621817,JAM,BRA,40
8166332,112,32,139,2012,1174.0,166625.0,-0.34163899999999997,-0.8008850000000001,JAM,BRA,40
8166333,112,32,139,2016,0.0,210541.0,-0.259972,-0.592114,JAM,BRA,40
8166334,112,32,139,2017,0.0,191991.0,-0.497654,-0.76481,JAM,BRA,40
8166335,112,32,139,1999,0.0,1210995.0,-0.852468,-0.9670290000000001,JAM,BRA,40
8166336,112,32,139,2001,0.0,1602006.0,-0.541582,-0.837248,JAM,BRA,40
8166337,112,32,139,2002,0.0,1564082.0,-0.604813,-0.9309860000000001,JAM,BRA,40
8166338,112,32,139,2003,0.0,1982734.0,-0.6684140000000001,-0.915817,JAM,BRA,40
8166339,112,32,139,2005,0.0,2487379.0,-0.438717,-0.95845,JAM,BRA,40
8166340,112,32,139,2007,2554.0,2002487.0,-0.466305,-0.971972,JAM,BRA,40
8166341,112,32,139,2008,0.0,1743834.0,-0.412969,-0.9444030000000001,JAM,BRA,40
8166342,112,32,139,2009,0.0,337578.0,-0.083743,-0.6222479999999999,JAM,BRA,40
8166343,112,32,139,2010,6612.0,268297.0,0.041471,-0.367177,JAM,BRA,40
8166344,112,32,139,2013,0.0,66368.0,-0.541441,-0.8448559999999999,JAM,BRA,40
8166345,112,32,139,2014,0.0,11223.0,-0.42745299999999997,-0.7750130000000001,JAM,BRA,40
8166346,112,32,139,2015,0.0,70463.0,-0.438267,-0.828097,JAM,BRA,40
8166347,112,32,139,1998,0.0,939055.0,-0.8083739999999999,-0.946183,JAM,BRA,40
8166348,112,32,139,1996,0.0,1492968.0,-0.6344350000000001,-0.814916,JAM,BRA,40
8166349,112,32,139,1997,0.0,1165343.0,-0.65455,-0.820413,JAM,BRA,40
8166350,112,32,139,2000,0.0,1660138.0,-0.625061,-0.814176,JAM,BRA,40
8166351,112,32,139,1995,0.0,2636476.0,-0.873925,-0.952304,JAM,BRA,40
8166352,113,32,139,2015,0.0,169766.0,0.121172,0.457301,JOR,BRA,40
8166353,113,32,139,2016,0.0,183726.0,-0.0115,0.045625,JOR,BRA,40
8166354,113,32,139,2017,0.0,349516.0,0.020035,0.295415,JOR,BRA,40
8166355,113,32,139,2018,0.0,228324.0,-0.086895,0.283829,JOR,BRA,40
8166356,113,32,139,2019,0.0,215538.0,-0.003529,0.255816,JOR,BRA,40
8166357,113,32,139,2020,0.0,302612.0,-0.060384,0.139902,JOR,BRA,40
8166358,113,32,139,2012,0.0,549405.0,0.24909099999999998,0.489624,JOR,BRA,40
8166359,113,32,139,2014,0.0,112532.0,0.210208,0.48732299999999995,JOR,BRA,40
8166360,113,32,139,2013,0.0,346103.0,0.152659,0.5889979999999999,JOR,BRA,40
8166361,113,32,139,2004,0.0,528504.0,0.152989,0.385845,JOR,BRA,40
8166362,113,32,139,1997,0.0,220721.0,0.49456300000000003,0.33966,JOR,BRA,40
8166363,113,32,139,1998,0.0,388846.0,0.403009,-0.076366,JOR,BRA,40
8166364,113,32,139,1999,0.0,506802.0,0.475995,0.514447,JOR,BRA,40
8166365,113,32,139,2000,0.0,349669.0,0.495354,1.233005,JOR,BRA,40
8166366,113,32,139,2001,0.0,119170.0,0.375134,0.581558,JOR,BRA,40
8166367,113,32,139,2002,0.0,216742.0,0.24197600000000002,0.196635,JOR,BRA,40
8166368,113,32,139,2005,0.0,494543.0,0.21925799999999998,0.371165,JOR,BRA,40
8166369,113,32,139,2007,0.0,1159747.0,0.228433,0.5984550000000001,JOR,BRA,40
8166370,113,32,139,1995,0.0,352190.0,0.666542,0.326785,JOR,BRA,40
8166371,113,32,139,2003,0.0,381931.0,0.12295,0.377031,JOR,BRA,40
8166372,113,32,139,2006,0.0,453843.0,0.166718,0.331248,JOR,BRA,40
8166373,113,32,139,2008,0.0,820690.0,0.255463,0.45844799999999997,JOR,BRA,40
8166374,113,32,139,2009,0.0,235175.0,0.21374899999999997,0.423774,JOR,BRA,40
8166375,113,32,139,2010,0.0,102625.0,0.251702,0.522758,JOR,BRA,40
8166376,113,32,139,2011,0.0,151209.0,0.231605,0.47049399999999997,JOR,BRA,40
8166377,113,32,139,1996,0.0,250159.0,0.12203499999999999,-0.41859399999999997,JOR,BRA,40
8166378,114,32,139,2009,137123524.0,5818685.0,2.306791,-0.251712,JPN,BRA,40
8166379,114,32,139,2010,206497780.0,11664758.0,2.459723,-0.279387,JPN,BRA,40
8166380,114,32,139,2011,262815498.0,12395834.0,2.516395,-0.534301,JPN,BRA,40
8166381,114,32,139,2012,242521107.0,12217076.0,2.359022,-0.553565,JPN,BRA,40
8166382,114,32,139,2005,65172506.0,3911428.0,2.392106,0.278652,JPN,BRA,40
8166383,114,32,139,2016,86945983.0,6266139.0,2.574025,-0.34859,JPN,BRA,40
8166384,114,32,139,2014,171413754.0,5732089.0,2.403165,-0.635024,JPN,BRA,40
8166385,114,32,139,2015,126865361.0,3476310.0,2.516133,-0.484202,JPN,BRA,40
8166386,114,32,139,2017,129019503.0,8562027.0,2.4510419999999997,-0.277357,JPN,BRA,40
8166387,114,32,139,2018,136743873.0,9026304.0,2.514533,-0.416074,JPN,BRA,40
8166388,114,32,139,2020,86130165.0,7086309.0,2.405659,-0.38169000000000003,JPN,BRA,40
8166389,114,32,139,2019,123778121.0,9370047.0,2.4931509999999997,-0.558811,JPN,BRA,40
8166390,114,32,139,2000,55981081.0,11068114.0,2.579611,0.464875,JPN,BRA,40
8166391,114,32,139,2001,44400154.0,11899138.0,2.585857,0.522663,JPN,BRA,40
8166392,114,32,139,2002,37986123.0,11238892.0,2.556057,0.497673,JPN,BRA,40
8166393,114,32,139,2003,40929345.0,15469283.0,2.4686630000000003,0.48072600000000004,JPN,BRA,40
8166394,114,32,139,2004,53124861.0,10942969.0,2.526624,0.452054,JPN,BRA,40
8166395,114,32,139,2006,89979088.0,4473957.0,2.4348099999999997,0.082887,JPN,BRA,40
8166396,114,32,139,2007,125948255.0,6625556.0,2.313259,0.186703,JPN,BRA,40
8166397,114,32,139,2008,170610856.0,6952809.0,2.285056,0.036255,JPN,BRA,40
8166398,114,32,139,1998,56001476.0,1454381.0,2.550442,0.718063,JPN,BRA,40
8166399,114,32,139,1995,52296075.0,5653168.0,2.56822,0.927307,JPN,BRA,40
8166400,114,32,139,1996,45290405.0,1838757.0,2.615364,0.5656939999999999,JPN,BRA,40
8166401,114,32,139,1997,56862510.0,1735232.0,2.631846,0.553144,JPN,BRA,40
8166402,114,32,139,1999,40299496.0,5410851.0,2.541382,0.693702,JPN,BRA,40
8166403,114,32,139,2013,217457633.0,9356161.0,2.3993130000000003,-0.564768,JPN,BRA,40
8166404,115,32,139,2010,0.0,118545.0,-0.6278020000000001,-0.8419760000000001,KAZ,BRA,40
8166405,115,32,139,2004,969.0,104704.0,-0.09288300000000001,-0.537664,KAZ,BRA,40
8166406,115,32,139,2005,0.0,253797.0,-0.06211900000000001,-0.641976,KAZ,BRA,40
8166407,115,32,139,2008,0.0,40615.0,-0.43055200000000005,-0.6852590000000001,KAZ,BRA,40
8166408,115,32,139,2009,0.0,69455.0,-0.6547970000000001,-0.772256,KAZ,BRA,40
8166409,115,32,139,2011,0.0,83333.0,-0.514687,-0.775671,KAZ,BRA,40
8166410,115,32,139,2012,242457.0,263982.0,-0.191363,-0.452845,KAZ,BRA,40
8166411,115,32,139,2014,81100.0,37630.0,-0.210431,-0.574075,KAZ,BRA,40
8166412,115,32,139,2015,61574.0,14195.0,-0.45091499999999995,-0.652026,KAZ,BRA,40
8166413,115,32,139,2016,108497.0,3178.0,-0.376397,-0.553639,KAZ,BRA,40
8166414,115,32,139,2017,78376.0,10192.0,-0.394316,-0.5485979999999999,KAZ,BRA,40
8166415,115,32,139,2018,13477.0,313984.0,-0.483862,-0.667417,KAZ,BRA,40
8166416,115,32,139,2019,0.0,73908.0,-0.26529400000000003,-0.523479,KAZ,BRA,40
8166417,115,32,139,2020,0.0,121253.0,-0.48361899999999997,-0.626675,KAZ,BRA,40
8166418,115,32,139,2007,0.0,63222.0,-0.171218,-0.630279,KAZ,BRA,40
8166419,115,32,139,2001,0.0,669.0,0.009714,-0.525899,KAZ,BRA,40
8166420,115,32,139,2002,0.0,6573.0,-0.065332,-0.616159,KAZ,BRA,40
8166421,115,32,139,2003,0.0,15221.0,-0.156326,-0.62092,KAZ,BRA,40
8166422,115,32,139,2006,0.0,79022.0,0.038229,-0.579421,KAZ,BRA,40
8166423,115,32,139,2013,616124.0,289245.0,-0.680678,-0.83347,KAZ,BRA,40
8166424,116,32,139,2018,32509.0,1064453.0,-0.32707800000000004,0.71009,KEN,BRA,40
8166425,116,32,139,2019,20250.0,1239047.0,-0.406684,0.8588969999999999,KEN,BRA,40
8166426,116,32,139,2020,10932.0,615902.0,-0.496446,0.562476,KEN,BRA,40
8166427,116,32,139,2010,0.0,2393490.0,-0.387187,1.010443,KEN,BRA,40
8166428,116,32,139,2003,0.0,389566.0,-0.3531,0.582992,KEN,BRA,40
8166429,116,32,139,2004,0.0,427405.0,-0.503694,0.410495,KEN,BRA,40
8166430,116,32,139,2005,0.0,956523.0,-0.507389,0.769896,KEN,BRA,40
8166431,116,32,139,2006,0.0,1640876.0,-0.38287899999999997,1.060286,KEN,BRA,40
8166432,116,32,139,2008,0.0,1395749.0,-0.284528,0.9378610000000001,KEN,BRA,40
8166433,116,32,139,2015,0.0,1003692.0,-0.453564,0.433325,KEN,BRA,40
8166434,116,32,139,2007,0.0,1866458.0,-0.44365299999999996,0.858692,KEN,BRA,40
8166435,116,32,139,2009,0.0,2038382.0,-0.26477399999999995,0.932587,KEN,BRA,40
8166436,116,32,139,2013,2557.0,1107576.0,-0.448112,0.8672719999999999,KEN,BRA,40
8166437,116,32,139,2016,1149.0,1555272.0,-0.535616,0.520101,KEN,BRA,40
8166438,116,32,139,2000,0.0,114797.0,-0.537967,0.011763,KEN,BRA,40
8166439,116,32,139,2001,0.0,109349.0,-0.529388,0.092271,KEN,BRA,40
8166440,116,32,139,2002,0.0,196128.0,-0.555812,0.169204,KEN,BRA,40
8166441,116,32,139,2011,0.0,1848171.0,-0.48319300000000004,0.346927,KEN,BRA,40
8166442,116,32,139,2017,15064.0,1370436.0,-0.579541,0.511926,KEN,BRA,40
8166443,116,32,139,2014,1604.0,822109.0,-0.487058,0.307288,KEN,BRA,40
8166444,116,32,139,1997,0.0,429275.0,-0.399028,0.196115,KEN,BRA,40
8166445,116,32,139,2012,0.0,1896746.0,-0.35581599999999997,0.29003,KEN,BRA,40
8166446,116,32,139,1998,0.0,606488.0,-0.434978,0.10193300000000001,KEN,BRA,40
8166447,116,32,139,1999,0.0,226029.0,-0.336125,0.43983999999999995,KEN,BRA,40
8166448,116,32,139,1995,0.0,57272.0,-0.303773,0.111305,KEN,BRA,40
8166449,116,32,139,1996,0.0,86691.0,-0.468322,-0.017625,KEN,BRA,40
8166450,117,32,139,2004,0.0,119440.0,0.005121,0.176652,KGZ,BRA,40
8166451,117,32,139,2010,1256.0,0.0,-0.48426400000000003,-0.169443,KGZ,BRA,40
8166452,117,32,139,2012,0.0,10703.0,-0.12369000000000001,0.22339,KGZ,BRA,40
8166453,117,32,139,2016,0.0,228.0,0.010529,0.287462,KGZ,BRA,40
8166454,117,32,139,2017,0.0,1556.0,-0.11530599999999999,0.264752,KGZ,BRA,40
8166455,117,32,139,2011,66115.0,8100.0,-0.323348,0.164469,KGZ,BRA,40
8166456,117,32,139,2001,0.0,898.0,0.23332199999999997,0.256019,KGZ,BRA,40
8166457,117,32,139,2005,0.0,179801.0,-0.197277,0.169736,KGZ,BRA,40
8166458,117,32,139,2006,0.0,37245.0,-0.034069,0.136694,KGZ,BRA,40
8166459,117,32,139,2007,0.0,23079.0,-0.190437,-0.23665999999999998,KGZ,BRA,40
8166460,117,32,139,2015,0.0,5433.0,0.02058,0.438692,KGZ,BRA,40
8166461,117,32,139,2018,0.0,50.0,-0.141491,0.33161,KGZ,BRA,40
8166462,117,32,139,2014,0.0,17037.0,-0.31942600000000004,-0.012454,KGZ,BRA,40
8166463,117,32,139,2013,0.0,8696.0,-0.1035,0.339914,KGZ,BRA,40
8166464,117,32,139,2020,0.0,94036.0,-0.117317,0.36644,KGZ,BRA,40
8166465,118,32,139,2000,261456.0,0.0,-1.172428,-1.0914139999999999,KHM,BRA,40
8166466,118,32,139,2018,199022.0,18924.0,-0.45740299999999995,-0.575966,KHM,BRA,40
8166467,118,32,139,2011,41735.0,0.0,-1.162858,-1.103539,KHM,BRA,40
8166468,118,32,139,2020,143054.0,11430.0,-0.602562,-0.505135,KHM,BRA,40
8166469,118,32,139,2010,49684.0,0.0,-1.158906,-1.019906,KHM,BRA,40
8166470,118,32,139,2012,101585.0,78638.0,-0.979144,-1.014426,KHM,BRA,40
8166471,118,32,139,2013,147586.0,61191.0,-1.054758,-0.872352,KHM,BRA,40
8166472,118,32,139,2017,75219.0,145937.0,-0.656325,-0.622167,KHM,BRA,40
8166473,118,32,139,2009,17696.0,0.0,-1.194288,-1.09924,KHM,BRA,40
8166474,118,32,139,2014,189796.0,74083.0,-0.84072,-0.8307040000000001,KHM,BRA,40
8166475,118,32,139,2015,39455.0,102102.0,-0.791985,-0.833046,KHM,BRA,40
8166476,118,32,139,2016,72821.0,114021.0,-0.8365239999999999,-0.794615,KHM,BRA,40
8166477,118,32,139,2005,14067.0,0.0,-1.423555,-1.177331,KHM,BRA,40
8166478,118,32,139,2019,182730.0,22356.0,-0.7499359999999999,-0.627125,KHM,BRA,40
8166479,118,32,139,2002,18355.0,0.0,-1.231783,-1.1518700000000002,KHM,BRA,40
8166480,118,32,139,2001,90130.0,0.0,-1.231058,-1.154536,KHM,BRA,40
8166481,118,32,139,2004,102810.0,0.0,-1.4676209999999998,-1.1972639999999999,KHM,BRA,40
8166482,118,32,139,1998,17740.0,0.0,-1.626686,-1.307157,KHM,BRA,40
8166483,118,32,139,1999,187054.0,0.0,-1.5727360000000001,-1.2731629999999998,KHM,BRA,40
8166484,118,32,139,1997,126309.0,0.0,-1.458246,-1.243995,KHM,BRA,40
8166485,118,32,139,1996,161511.0,0.0,-1.110741,-1.089434,KHM,BRA,40
8166486,119,32,139,2011,170526.0,0.0,0.129038,-0.670175,KIR,BRA,40
8166487,120,32,139,2012,0.0,5710.0,0.788275,-0.314756,KNA,BRA,40
8166488,120,32,139,2014,0.0,2596.0,0.9888950000000001,-0.28283800000000003,KNA,BRA,40
8166489,120,32,139,2001,0.0,4684.0,0.612222,-0.440733,KNA,BRA,40
8166490,120,32,139,2006,0.0,58789.0,0.896119,-0.309349,KNA,BRA,40
8166491,120,32,139,2004,0.0,32308.0,0.538271,-0.43505299999999997,KNA,BRA,40
8166492,120,32,139,2007,0.0,62772.0,1.21646,-0.190821,KNA,BRA,40
8166493,120,32,139,2008,0.0,67573.0,1.2613,-0.136295,KNA,BRA,40
8166494,120,32,139,2009,0.0,69618.0,0.9218370000000001,-0.303977,KNA,BRA,40
8166495,120,32,139,2011,0.0,46568.0,1.056175,-0.19398800000000002,KNA,BRA,40
8166496,120,32,139,2002,0.0,21546.0,0.911442,-0.26164899999999996,KNA,BRA,40
8166497,120,32,139,2010,0.0,50993.0,0.9277790000000001,-0.42824799999999996,KNA,BRA,40
8166498,120,32,139,2003,0.0,10932.0,0.555154,-0.405962,KNA,BRA,40
8166499,120,32,139,2005,0.0,52449.0,0.9313739999999999,-0.44211999999999996,KNA,BRA,40
8166500,120,32,139,2019,0.0,61662.0,0.739775,-0.644166,KNA,BRA,40
8166501,120,32,139,2020,0.0,10418.0,0.955462,-0.487217,KNA,BRA,40
8166502,121,32,139,2012,222275855.0,2452438.0,1.632917,0.877742,KOR,BRA,40
8166503,121,32,139,1997,91721864.0,2858153.0,1.0478290000000001,1.2874370000000002,KOR,BRA,40
8166504,121,32,139,1998,114655087.0,1395085.0,0.999518,1.106351,KOR,BRA,40
8166505,121,32,139,1996,62101847.0,2122273.0,0.8946940000000001,1.240424,KOR,BRA,40
8166506,121,32,139,2010,145680246.0,2209621.0,1.7118849999999999,0.762362,KOR,BRA,40
8166507,121,32,139,2000,104621966.0,1289220.0,1.0696700000000001,1.0182209999999998,KOR,BRA,40
8166508,121,32,139,2001,76785305.0,1435225.0,1.145797,1.0762399999999999,KOR,BRA,40
8166509,121,32,139,2014,153025110.0,1751015.0,1.817145,0.8394530000000001,KOR,BRA,40
8166510,121,32,139,2004,35630765.0,1246107.0,1.3624690000000002,0.928342,KOR,BRA,40
8166511,121,32,139,2005,61636352.0,1489549.0,1.4051850000000001,0.815171,KOR,BRA,40
8166512,121,32,139,2006,67847206.0,1788362.0,1.5384309999999999,0.766628,KOR,BRA,40
8166513,121,32,139,2007,65541378.0,2766915.0,1.497359,0.726637,KOR,BRA,40
8166514,121,32,139,2008,125437249.0,2760220.0,1.491687,0.814692,KOR,BRA,40
8166515,121,32,139,2009,106061503.0,6858928.0,1.509336,0.784515,KOR,BRA,40
8166516,121,32,139,2011,199775495.0,3339119.0,1.731371,0.8306879999999999,KOR,BRA,40
8166517,121,32,139,1999,85542365.0,1926668.0,0.92448,1.053988,KOR,BRA,40
8166518,121,32,139,2013,186538114.0,2487429.0,1.818383,0.75645,KOR,BRA,40
8166519,121,32,139,2015,85097448.0,3669844.0,1.900653,0.859406,KOR,BRA,40
8166520,121,32,139,2016,68196774.0,1686796.0,2.086184,0.724318,KOR,BRA,40
8166521,121,32,139,2017,77316293.0,1658652.0,2.011263,0.783215,KOR,BRA,40
8166522,121,32,139,2018,57618322.0,2796479.0,2.093866,0.764303,KOR,BRA,40
8166523,121,32,139,2019,46719362.0,3270743.0,2.115482,0.696838,KOR,BRA,40
8166524,121,32,139,2020,32549630.0,2941191.0,1.9703950000000001,0.800826,KOR,BRA,40
8166525,121,32,139,1995,45890653.0,1444278.0,0.845175,1.2761799999999999,KOR,BRA,40
8166526,121,32,139,2002,33296623.0,1972154.0,1.186816,1.075947,KOR,BRA,40
8166527,121,32,139,2003,25209957.0,2759233.0,1.2611709999999998,0.956308,KOR,BRA,40
8166528,122,32,139,2018,0.0,661121.0,-0.668802,-1.154012,KWT,BRA,40
8166529,122,32,139,2011,0.0,1757460.0,-0.898582,-1.09893,KWT,BRA,40
8166530,122,32,139,2020,0.0,659871.0,-0.072977,-1.090017,KWT,BRA,40
8166531,122,32,139,2015,0.0,1104728.0,-0.352023,-1.153057,KWT,BRA,40
8166532,122,32,139,2017,0.0,1288887.0,-0.229821,-1.128482,KWT,BRA,40
8166533,122,32,139,2013,0.0,1797677.0,-0.536384,-1.08382,KWT,BRA,40
8166534,122,32,139,2014,3840.0,2115526.0,-0.769616,-1.10667,KWT,BRA,40
8166535,122,32,139,2016,0.0,955423.0,-0.31188,-1.1438620000000002,KWT,BRA,40
8166536,122,32,139,2019,0.0,562547.0,0.081686,-1.087259,KWT,BRA,40
8166537,122,32,139,2003,0.0,482656.0,-0.7943640000000001,-1.1529770000000001,KWT,BRA,40
8166538,122,32,139,2004,0.0,526619.0,-0.481908,-1.172081,KWT,BRA,40
8166539,122,32,139,2006,0.0,1035832.0,-0.589823,-1.142795,KWT,BRA,40
8166540,122,32,139,2007,0.0,1875928.0,-0.8265030000000001,-1.166243,KWT,BRA,40
8166541,122,32,139,2008,14194.0,567354.0,-1.401297,-1.142945,KWT,BRA,40
8166542,122,32,139,2009,0.0,932488.0,-1.386993,-1.203527,KWT,BRA,40
8166543,122,32,139,2010,0.0,1172827.0,0.067373,-1.0822120000000002,KWT,BRA,40
8166544,122,32,139,2000,0.0,360276.0,-0.6112270000000001,-1.149326,KWT,BRA,40
8166545,122,32,139,2002,0.0,294028.0,-0.6629550000000001,-1.157214,KWT,BRA,40
8166546,122,32,139,2012,0.0,1401249.0,-0.7931600000000001,-1.096005,KWT,BRA,40
8166547,122,32,139,2001,0.0,267001.0,-0.8197,-1.183758,KWT,BRA,40
8166548,122,32,139,2005,0.0,1817689.0,0.259466,-1.023932,KWT,BRA,40
8166549,122,32,139,1995,0.0,929688.0,-0.226273,-1.02354,KWT,BRA,40
8166550,123,32,139,2020,0.0,7705.0,-0.741151,-0.689088,LAO,BRA,40
8166551,123,32,139,2015,0.0,101229.0,-0.927524,-0.74525,LAO,BRA,40
8166552,123,32,139,2005,0.0,20342.0,-1.2717379999999998,-1.030638,LAO,BRA,40
8166553,123,32,139,2004,0.0,184678.0,-1.274622,-1.082807,LAO,BRA,40
8166554,123,32,139,2003,0.0,203010.0,-1.251741,-1.14364,LAO,BRA,40
8166555,124,32,139,2019,0.0,209218.0,0.26155700000000004,1.062317,LBN,BRA,40
8166556,124,32,139,1997,0.0,290472.0,0.334291,0.783104,LBN,BRA,40
8166557,124,32,139,2001,0.0,424483.0,0.165355,0.988008,LBN,BRA,40
8166558,124,32,139,2003,0.0,438702.0,0.261687,1.053856,LBN,BRA,40
8166559,124,32,139,1998,0.0,421334.0,0.23803200000000002,0.9927860000000001,LBN,BRA,40
8166560,124,32,139,2000,0.0,802540.0,0.24766100000000002,0.85467,LBN,BRA,40
8166561,124,32,139,2014,0.0,272110.0,0.308677,1.7564490000000001,LBN,BRA,40
8166562,124,32,139,2013,0.0,355987.0,0.283084,1.4289100000000001,LBN,BRA,40
8166563,124,32,139,2017,0.0,162002.0,0.266847,1.117621,LBN,BRA,40
8166564,124,32,139,2007,0.0,375941.0,0.47468,1.775191,LBN,BRA,40
8166565,124,32,139,1999,0.0,965988.0,0.264151,0.767188,LBN,BRA,40
8166566,124,32,139,2002,0.0,222420.0,0.2729,1.254232,LBN,BRA,40
8166567,124,32,139,2006,0.0,346765.0,0.3861,1.586183,LBN,BRA,40
8166568,124,32,139,2008,4805.0,674754.0,0.46133100000000005,1.4598149999999999,LBN,BRA,40
8166569,124,32,139,2015,0.0,136098.0,0.317355,1.330374,LBN,BRA,40
8166570,124,32,139,2018,0.0,224088.0,0.270554,0.9995149999999999,LBN,BRA,40
8166571,124,32,139,2020,0.0,61655.0,0.35459,1.067965,LBN,BRA,40
8166572,124,32,139,2010,0.0,349555.0,0.415854,1.424085,LBN,BRA,40
8166573,124,32,139,2011,0.0,308312.0,0.278393,1.2962879999999999,LBN,BRA,40
8166574,124,32,139,2012,0.0,132405.0,0.38759,1.446025,LBN,BRA,40
8166575,124,32,139,2009,0.0,315551.0,0.48618599999999995,1.4748620000000001,LBN,BRA,40
8166576,124,32,139,2005,0.0,500831.0,0.398304,1.439764,LBN,BRA,40
8166577,124,32,139,2004,0.0,180940.0,0.32409899999999997,1.037024,LBN,BRA,40
8166578,124,32,139,2016,0.0,173312.0,0.285829,1.0818139999999998,LBN,BRA,40
8166579,124,32,139,1996,17635.0,325286.0,-0.051973,0.002154,LBN,BRA,40
8166580,124,32,139,1995,0.0,84055.0,0.027416000000000003,0.327795,LBN,BRA,40
8166581,125,32,139,2016,0.0,15253.0,-0.870345,-1.113277,LBR,BRA,40
8166582,125,32,139,2007,0.0,76778.0,-0.866643,-1.124112,LBR,BRA,40
8166583,125,32,139,2013,3445661.0,93914.0,-0.41869399999999996,-0.9538770000000001,LBR,BRA,40
8166584,125,32,139,2014,1513203.0,201211.0,-1.016828,-1.107983,LBR,BRA,40
8166585,125,32,139,2017,2077564.0,91386.0,-0.355064,-0.977613,LBR,BRA,40
8166586,125,32,139,2018,1000262.0,72232.0,-1.022881,-1.124718,LBR,BRA,40
8166587,125,32,139,2019,2023880.0,86137.0,-1.288568,-1.172395,LBR,BRA,40
8166588,125,32,139,2012,2863140.0,72112.0,-0.699557,-1.083059,LBR,BRA,40
8166589,125,32,139,2010,1848031.0,50797.0,-0.527834,-1.045908,LBR,BRA,40
8166590,125,32,139,2015,2404003.0,97784.0,-1.087459,-1.195708,LBR,BRA,40
8166591,125,32,139,2009,178066.0,130864.0,-0.07508,-0.994632,LBR,BRA,40
8166592,125,32,139,2011,2241298.0,31174.0,-0.318463,-0.9367489999999999,LBR,BRA,40
8166593,125,32,139,2006,0.0,113606.0,-0.679188,-1.0969389999999999,LBR,BRA,40
8166594,125,32,139,2020,309509.0,55975.0,-1.614715,-1.185446,LBR,BRA,40
8166595,125,32,139,2005,0.0,94769.0,-0.6951890000000001,-1.101651,LBR,BRA,40
8166596,125,32,139,2008,0.0,20506.0,-0.20785900000000002,-0.9568030000000001,LBR,BRA,40
8166597,125,32,139,2004,0.0,45260.0,0.016191,-1.070051,LBR,BRA,40
8166598,125,32,139,1996,0.0,56080.0,-0.6975779999999999,-1.0896290000000002,LBR,BRA,40
8166599,125,32,139,1995,0.0,10082.0,-0.683329,-1.058242,LBR,BRA,40
8166600,125,32,139,2002,0.0,33783.0,-0.508416,-1.121658,LBR,BRA,40
8166601,125,32,139,2003,0.0,51639.0,0.026117,-1.03888,LBR,BRA,40
8166602,125,32,139,1999,0.0,136725.0,0.08996799999999999,-1.014859,LBR,BRA,40
8166603,125,32,139,1998,0.0,48184.0,-0.41130600000000006,-1.096049,LBR,BRA,40
8166604,125,32,139,2000,0.0,163782.0,-0.603775,-1.132357,LBR,BRA,40
8166605,125,32,139,2001,0.0,81949.0,-0.49036,-1.126565,LBR,BRA,40
8166606,126,32,139,2007,0.0,558994.0,-0.8669959999999999,-1.167363,LBY,BRA,40
8166607,126,32,139,2014,0.0,39564.0,-1.5943829999999999,-1.189961,LBY,BRA,40
8166608,126,32,139,2015,0.0,51372.0,-1.3257219999999998,-1.260453,LBY,BRA,40
8166609,126,32,139,2010,0.0,408965.0,-0.706491,-1.140822,LBY,BRA,40
8166610,126,32,139,2011,0.0,1358.0,-1.680464,-1.148511,LBY,BRA,40
8166611,126,32,139,2012,0.0,122038.0,-3.1086240000000003,-1.185131,LBY,BRA,40
8166612,126,32,139,2005,0.0,1171113.0,-0.159698,-1.126737,LBY,BRA,40
8166613,126,32,139,2002,0.0,45340.0,-0.568615,-1.172261,LBY,BRA,40
8166614,126,32,139,2009,0.0,215144.0,-1.196032,-1.1829,LBY,BRA,40
8166615,126,32,139,2008,0.0,1910060.0,-1.156353,-1.133716,LBY,BRA,40
8166616,126,32,139,2000,0.0,1353915.0,-0.49665200000000004,-1.130641,LBY,BRA,40
8166617,126,32,139,2018,0.0,4056.0,-1.608786,-1.231101,LBY,BRA,40
8166618,126,32,139,2019,0.0,1322.0,-1.552842,-1.2316690000000001,LBY,BRA,40
8166619,126,32,139,2020,0.0,1178.0,-1.0431840000000001,-1.187957,LBY,BRA,40
8166620,126,32,139,1999,0.0,27292.0,-0.269375,-1.145758,LBY,BRA,40
8166621,126,32,139,2001,0.0,40425.0,-0.9321459999999999,-1.198124,LBY,BRA,40
8166622,126,32,139,2003,0.0,44541.0,-0.36075999999999997,-1.110575,LBY,BRA,40
8166623,126,32,139,2004,0.0,238095.0,-0.42119700000000004,-1.179463,LBY,BRA,40
8166624,126,32,139,2006,0.0,174130.0,-0.518724,-1.142074,LBY,BRA,40
8166625,126,32,139,1996,0.0,520017.0,-0.588489,-1.138552,LBY,BRA,40
8166626,126,32,139,1997,0.0,179015.0,-0.49745600000000006,-1.126254,LBY,BRA,40
8166627,126,32,139,1995,0.0,275221.0,-0.353547,-1.019464,LBY,BRA,40
8166628,126,32,139,1998,0.0,464830.0,-0.303379,-1.1347180000000001,LBY,BRA,40
8166629,127,32,139,2017,0.0,2735.0,0.458896,-0.149195,LCA,BRA,40
8166630,127,32,139,2019,0.0,12343.0,0.21145,-0.08792699999999999,LCA,BRA,40
8166631,127,32,139,2003,0.0,25601.0,0.318385,-0.342679,LCA,BRA,40
8166632,127,32,139,2004,0.0,22214.0,0.233152,-0.351169,LCA,BRA,40
8166633,127,32,139,2000,0.0,78285.0,0.025498,-0.599171,LCA,BRA,40
8166634,127,32,139,2014,0.0,10752.0,0.29035500000000003,-0.603541,LCA,BRA,40
8166635,127,32,139,2015,0.0,2915.0,0.5410590000000001,-0.484234,LCA,BRA,40
8166636,127,32,139,2018,0.0,3025.0,0.18656,-0.143406,LCA,BRA,40
8166637,127,32,139,2006,0.0,25706.0,1.118348,-0.17618,LCA,BRA,40
8166638,127,32,139,1996,0.0,74132.0,0.016224000000000002,-0.664312,LCA,BRA,40
8166639,127,32,139,1995,0.0,95188.0,0.194177,-0.359444,LCA,BRA,40
8166640,127,32,139,2009,0.0,6056.0,0.34839699999999996,-0.531658,LCA,BRA,40
8166641,127,32,139,1999,0.0,41731.0,-0.129026,-0.630046,LCA,BRA,40
8166642,127,32,139,2008,0.0,2299.0,0.42267899999999997,0.005129,LCA,BRA,40
8166643,127,32,139,1998,0.0,94139.0,-0.056641,-0.672786,LCA,BRA,40
8166644,127,32,139,2002,0.0,7961.0,0.14441700000000002,-0.38146599999999997,LCA,BRA,40
8166645,127,32,139,2005,0.0,27642.0,0.795038,-0.40244,LCA,BRA,40
8166646,127,32,139,1997,0.0,92992.0,-0.148373,-0.516139,LCA,BRA,40
8166647,127,32,139,2001,0.0,15754.0,0.004518,-0.5326770000000001,LCA,BRA,40
8166648,128,32,139,2006,5183009.0,693923.0,-0.573767,0.305913,LKA,BRA,40
8166649,128,32,139,1999,679339.0,81975.0,-0.8875649999999999,-0.059249,LKA,BRA,40
8166650,128,32,139,2002,822615.0,31921.0,-0.740927,0.023171,LKA,BRA,40
8166651,128,32,139,2004,2658532.0,93629.0,-0.658668,0.21912600000000002,LKA,BRA,40
8166652,128,32,139,2010,14922189.0,1354695.0,-0.70886,0.25216700000000003,LKA,BRA,40
8166653,128,32,139,2003,1515554.0,42147.0,-0.618057,0.101931,LKA,BRA,40
8166654,128,32,139,2009,7601609.0,333076.0,-0.653836,0.174403,LKA,BRA,40
8166655,128,32,139,2008,12339900.0,978247.0,-0.48245200000000005,0.295892,LKA,BRA,40
8166656,128,32,139,2005,3886871.0,612050.0,-0.718592,0.22666,LKA,BRA,40
8166657,128,32,139,2016,18904687.0,4894974.0,-0.562869,0.49937,LKA,BRA,40
8166658,128,32,139,2017,23168010.0,7375300.0,-0.46442799999999995,0.472132,LKA,BRA,40
8166659,128,32,139,2018,21166394.0,3571206.0,-0.544504,0.41074099999999997,LKA,BRA,40
8166660,128,32,139,2019,20211518.0,5830902.0,-0.592952,0.394811,LKA,BRA,40
8166661,128,32,139,2020,19530008.0,4925834.0,-0.48448599999999997,0.5495220000000001,LKA,BRA,40
8166662,128,32,139,2000,1085803.0,80579.0,-0.8783549999999999,-0.074326,LKA,BRA,40
8166663,128,32,139,2011,18328198.0,4223067.0,-0.559311,0.398905,LKA,BRA,40
8166664,128,32,139,2013,35008740.0,3439949.0,-0.6521779999999999,0.41258599999999995,LKA,BRA,40
8166665,128,32,139,2015,20455308.0,2072122.0,-0.6773399999999999,0.386343,LKA,BRA,40
8166666,128,32,139,2014,19178397.0,1685868.0,-0.49366899999999997,0.338686,LKA,BRA,40
8166667,128,32,139,2012,17937909.0,3090038.0,-0.49648100000000006,0.48185200000000006,LKA,BRA,40
8166668,128,32,139,2007,7924184.0,1098531.0,-0.568577,0.364717,LKA,BRA,40
8166669,128,32,139,2001,847412.0,38213.0,-0.722434,-0.033818,LKA,BRA,40
8166670,128,32,139,1996,726717.0,2967.0,-0.812763,-0.188722,LKA,BRA,40
8166671,128,32,139,1995,396519.0,2299.0,-0.8358030000000001,-0.29397199999999996,LKA,BRA,40
8166672,128,32,139,1997,921095.0,1122.0,-0.925745,-0.308559,LKA,BRA,40
8166673,128,32,139,1998,682092.0,29131.0,-0.933293,-0.233566,LKA,BRA,40
8166674,130,32,139,2019,88924.0,8717.0,0.858456,1.364581,LTU,BRA,40
8166675,130,32,139,2018,295781.0,0.0,0.964249,1.4050200000000002,LTU,BRA,40
8166676,130,32,139,2007,0.0,15037.0,0.604169,1.279982,LTU,BRA,40
8166677,130,32,139,2013,252891.0,1829.0,0.737796,1.215543,LTU,BRA,40
8166678,130,32,139,2014,161755.0,0.0,0.764495,1.3451540000000002,LTU,BRA,40
8166679,130,32,139,2002,0.0,108935.0,0.23102399999999998,0.586078,LTU,BRA,40
8166680,130,32,139,2008,0.0,19059.0,0.59033,0.961408,LTU,BRA,40
8166681,130,32,139,2010,46647.0,0.0,0.6390600000000001,1.144911,LTU,BRA,40
8166682,130,32,139,2012,159092.0,523331.0,0.771482,1.000405,LTU,BRA,40
8166683,130,32,139,2015,205543.0,5581.0,0.749429,1.3659860000000001,LTU,BRA,40
8166684,130,32,139,2016,234221.0,1252.0,0.706929,1.419432,LTU,BRA,40
8166685,130,32,139,2017,400285.0,3515.0,0.855858,1.447717,LTU,BRA,40
8166686,130,32,139,2020,149817.0,1186.0,0.9772870000000001,1.291244,LTU,BRA,40
8166687,130,32,139,2011,232884.0,310324.0,0.747963,0.9759530000000001,LTU,BRA,40
8166688,130,32,139,2009,16348.0,1672.0,0.647736,1.150962,LTU,BRA,40
8166689,130,32,139,2006,394.0,27167.0,0.44063599999999997,1.163857,LTU,BRA,40
8166690,130,32,139,2005,1668.0,5603.0,0.365698,0.8917370000000001,LTU,BRA,40
8166691,130,32,139,2004,1124.0,17481.0,0.403568,0.632707,LTU,BRA,40
8166692,130,32,139,2001,0.0,120350.0,0.15706900000000001,0.416663,LTU,BRA,40
8166693,130,32,139,2003,0.0,70747.0,0.239608,0.517299,LTU,BRA,40
8166694,130,32,139,2000,0.0,236195.0,0.22596799999999997,0.550341,LTU,BRA,40
8166695,131,32,139,2004,38193.0,345665.0,1.37529,1.0172649999999999,LUX,BRA,40
8166696,131,32,139,2019,689090.0,373344.0,1.234145,1.3754309999999998,LUX,BRA,40
8166697,131,32,139,2018,4380921.0,416668.0,1.1142889999999999,1.306066,LUX,BRA,40
8166698,131,32,139,2017,3674811.0,733619.0,1.24064,1.298263,LUX,BRA,40
8166699,131,32,139,2020,717477.0,267945.0,1.197655,1.432727,LUX,BRA,40
8166700,131,32,139,2014,2248605.0,103715.0,1.243845,1.155474,LUX,BRA,40
8166701,131,32,139,2008,518930.0,741266.0,1.39945,1.003857,LUX,BRA,40
8166702,131,32,139,2009,794992.0,344175.0,1.323336,1.026341,LUX,BRA,40
8166703,131,32,139,2015,1375345.0,93308.0,1.218924,1.247152,LUX,BRA,40
8166704,131,32,139,2002,66533.0,96254.0,1.605378,1.152973,LUX,BRA,40
8166705,131,32,139,2010,840568.0,680076.0,1.272127,1.1051520000000001,LUX,BRA,40
8166706,131,32,139,2012,1730201.0,345844.0,1.131145,1.305768,LUX,BRA,40
8166707,131,32,139,2013,3122025.0,1321153.0,1.170459,1.150327,LUX,BRA,40
8166708,131,32,139,2011,2718870.0,964924.0,1.1655739999999999,1.222379,LUX,BRA,40
8166709,131,32,139,2016,1983509.0,121239.0,1.340054,1.30224,LUX,BRA,40
8166710,131,32,139,2005,69199.0,676233.0,1.399885,0.974292,LUX,BRA,40
8166711,131,32,139,2006,374949.0,455930.0,1.4345620000000001,0.8840819999999999,LUX,BRA,40
8166712,131,32,139,2007,524987.0,1274076.0,1.390259,0.996566,LUX,BRA,40
8166713,131,32,139,1999,198106.0,553787.0,1.499745,1.142951,LUX,BRA,40
8166714,131,32,139,2000,130385.0,447489.0,1.331688,1.130817,LUX,BRA,40
8166715,131,32,139,2001,47353.0,154322.0,1.470895,1.149007,LUX,BRA,40
8166716,131,32,139,2003,82620.0,352656.0,1.444996,1.063764,LUX,BRA,40
8166717,132,32,139,2014,25677.0,20945.0,0.613116,1.1899790000000001,LVA,BRA,40
8166718,132,32,139,2015,36098.0,0.0,0.602209,1.125357,LVA,BRA,40
8166719,132,32,139,2016,32082.0,0.0,0.553592,1.19865,LVA,BRA,40
8166720,132,32,139,2017,46880.0,0.0,0.684555,1.3208030000000002,LVA,BRA,40
8166721,132,32,139,2018,64643.0,0.0,0.707168,1.294297,LVA,BRA,40
8166722,132,32,139,2019,54649.0,12528.0,0.7804300000000001,1.159592,LVA,BRA,40
8166723,132,32,139,2020,32254.0,1724602.0,0.712901,1.119907,LVA,BRA,40
8166724,132,32,139,2010,34927.0,0.0,0.6158170000000001,1.1401059999999998,LVA,BRA,40
8166725,132,32,139,2012,120907.0,3062.0,0.71433,0.9376540000000001,LVA,BRA,40
8166726,132,32,139,2013,38133.0,9639.0,0.6219439999999999,1.166749,LVA,BRA,40
8166727,132,32,139,2011,89564.0,0.0,0.7320939999999999,1.101321,LVA,BRA,40
8166728,132,32,139,2003,0.0,27988.0,0.520772,0.5631689999999999,LVA,BRA,40
8166729,132,32,139,2000,0.0,14617.0,0.392514,0.212175,LVA,BRA,40
8166730,132,32,139,1997,0.0,1448.0,0.398848,0.215206,LVA,BRA,40
8166731,132,32,139,1999,0.0,68905.0,0.20633600000000002,0.324171,LVA,BRA,40
8166732,132,32,139,2001,0.0,24605.0,0.404136,0.461009,LVA,BRA,40
8166733,132,32,139,2004,1143.0,25046.0,0.413821,0.627853,LVA,BRA,40
8166734,132,32,139,2005,0.0,25436.0,0.439697,0.690283,LVA,BRA,40
8166735,132,32,139,2006,391.0,0.0,0.531375,0.9414170000000001,LVA,BRA,40
8166736,132,32,139,2007,3012.0,0.0,0.61459,0.985358,LVA,BRA,40
8166737,132,32,139,2009,1554.0,0.0,0.675643,0.99977,LVA,BRA,40
8166738,132,32,139,2008,7938.0,11792.0,0.655489,1.0811540000000002,LVA,BRA,40
8166739,133,32,139,2019,60140.0,19059.0,0.397984,-0.061689,MAC,BRA,40
8166740,133,32,139,2013,6883.0,0.0,0.252209,0.184401,MAC,BRA,40
8166741,133,32,139,2014,2883.0,0.0,0.704535,0.5856140000000001,MAC,BRA,40
8166742,133,32,139,2018,0.0,19905.0,0.44520299999999996,0.042491,MAC,BRA,40
8166743,133,32,139,2004,0.0,158.0,-0.351045,-0.487521,MAC,BRA,40
8166744,133,32,139,2002,0.0,972.0,-0.360172,-0.359367,MAC,BRA,40
8166745,133,32,139,2001,0.0,2568.0,-0.608406,-0.521662,MAC,BRA,40
8166746,133,32,139,2008,0.0,353.0,0.352633,0.219317,MAC,BRA,40
8166747,133,32,139,2011,0.0,1976.0,0.511015,0.560905,MAC,BRA,40
8166748,133,32,139,2016,111702.0,258.0,0.534935,0.185542,MAC,BRA,40
8166749,133,32,139,2020,12579.0,0.0,0.464354,0.020065,MAC,BRA,40
8166750,133,32,139,2017,0.0,27579.0,0.264006,-0.11028099999999999,MAC,BRA,40
8166751,133,32,139,1996,0.0,3203.0,-0.23007399999999997,-0.34139400000000003,MAC,BRA,40
8166752,133,32,139,2006,0.0,848.0,-0.07118200000000001,-0.228354,MAC,BRA,40
8166753,133,32,139,2005,2541.0,1695.0,-0.218324,-0.329027,MAC,BRA,40
8166754,133,32,139,1995,0.0,573.0,-0.149794,-0.26961799999999997,MAC,BRA,40
8166755,133,32,139,1997,0.0,1841.0,-0.238002,-0.361492,MAC,BRA,40
8166756,133,32,139,1998,0.0,6967.0,-0.21838000000000002,-0.370322,MAC,BRA,40
8166757,133,32,139,2007,0.0,1546.0,0.168528,-0.150411,MAC,BRA,40
8166758,134,32,139,2009,14222.0,1959304.0,-0.48819300000000004,0.173952,MAR,BRA,40
8166759,134,32,139,2011,6167.0,797191.0,-0.485404,0.099828,MAR,BRA,40
8166760,134,32,139,2014,13350.0,1175009.0,-0.574034,0.065788,MAR,BRA,40
8166761,134,32,139,2019,48480.0,1206447.0,-0.747739,-0.154125,MAR,BRA,40
8166762,134,32,139,2010,76770.0,1009186.0,-0.5935229999999999,-0.056497000000000006,MAR,BRA,40
8166763,134,32,139,2016,27478.0,1311308.0,-0.772795,-0.206511,MAR,BRA,40
8166764,134,32,139,2018,64965.0,1165663.0,-0.712775,-0.090013,MAR,BRA,40
8166765,134,32,139,2005,20125.0,1626761.0,-0.617355,-0.129666,MAR,BRA,40
8166766,134,32,139,2017,62486.0,1314648.0,-0.757236,-0.065347,MAR,BRA,40
8166767,134,32,139,2007,19261.0,2214693.0,-0.5846560000000001,0.10927100000000001,MAR,BRA,40
8166768,134,32,139,2013,4352.0,1397633.0,-0.6494260000000001,-0.035075999999999996,MAR,BRA,40
8166769,134,32,139,1996,0.0,933608.0,-0.67314,-0.241242,MAR,BRA,40
8166770,134,32,139,2006,12226.0,1094681.0,-0.547933,0.08257300000000001,MAR,BRA,40
8166771,134,32,139,2008,26355.0,921917.0,-0.505734,-0.000516,MAR,BRA,40
8166772,134,32,139,2012,3059.0,753829.0,-0.536297,-0.018561,MAR,BRA,40
8166773,134,32,139,2015,26165.0,809909.0,-0.7554810000000001,-0.059697,MAR,BRA,40
8166774,134,32,139,1997,0.0,930826.0,-0.649616,-0.260554,MAR,BRA,40
8166775,134,32,139,1998,0.0,1153349.0,-0.7299479999999999,-0.23758200000000002,MAR,BRA,40
8166776,134,32,139,1999,0.0,1825126.0,-0.659053,-0.142104,MAR,BRA,40
8166777,134,32,139,2000,0.0,2072155.0,-0.664836,-0.282415,MAR,BRA,40
8166778,134,32,139,2001,0.0,1593533.0,-0.75275,-0.280397,MAR,BRA,40
8166779,134,32,139,2002,0.0,1621646.0,-0.810467,-0.34807899999999997,MAR,BRA,40
8166780,134,32,139,2003,1655.0,1299329.0,-0.6842050000000001,-0.217892,MAR,BRA,40
8166781,134,32,139,2004,4874.0,2210564.0,-0.681556,-0.152372,MAR,BRA,40
8166782,134,32,139,2020,86499.0,602099.0,-0.5208510000000001,-0.080499,MAR,BRA,40
8166783,134,32,139,1995,0.0,935599.0,-0.6481210000000001,-0.22345,MAR,BRA,40
8166784,135,32,139,2018,0.0,98521.0,-0.358412,-0.271334,MDA,BRA,40
8166785,135,32,139,2019,0.0,62484.0,-0.333385,-0.35752,MDA,BRA,40
8166786,135,32,139,2020,0.0,46408.0,-0.06779199999999999,-0.240851,MDA,BRA,40
8166787,135,32,139,2008,0.0,135795.0,0.096913,-0.095718,MDA,BRA,40
8166788,135,32,139,2009,0.0,94119.0,0.009281999999999999,-0.039299,MDA,BRA,40
8166789,135,32,139,2010,8587.0,148863.0,-0.116797,0.037801,MDA,BRA,40
8166790,135,32,139,2011,0.0,56304.0,-0.225556,0.28622,MDA,BRA,40
8166791,135,32,139,2012,0.0,41402.0,0.025301,0.36205,MDA,BRA,40
8166792,135,32,139,2013,0.0,85672.0,-0.016235,0.132104,MDA,BRA,40
8166793,135,32,139,2017,0.0,56768.0,-0.24909,-0.181213,MDA,BRA,40
8166794,135,32,139,2001,0.0,634.0,-0.024822,-0.15323399999999998,MDA,BRA,40
8166795,135,32,139,2007,0.0,106525.0,0.147801,0.13758299999999998,MDA,BRA,40
8166796,135,32,139,2003,0.0,554.0,-0.005154,-0.26107199999999997,MDA,BRA,40
8166797,135,32,139,2005,0.0,10255.0,-0.10179400000000001,-0.152093,MDA,BRA,40
8166798,135,32,139,2006,0.0,31006.0,-0.017707,0.135305,MDA,BRA,40
8166799,135,32,139,2016,0.0,36229.0,-0.340932,-0.2839,MDA,BRA,40
8166800,135,32,139,2004,0.0,6772.0,-0.155523,-0.355142,MDA,BRA,40
8166801,135,32,139,2014,0.0,71708.0,-0.10438199999999999,-0.093194,MDA,BRA,40
8166802,135,32,139,2015,0.0,34441.0,-0.313837,-0.20393,MDA,BRA,40
8166803,136,32,139,2005,0.0,118427.0,-1.075232,-0.333908,MDG,BRA,40
8166804,136,32,139,2017,0.0,419462.0,-1.277182,-0.6503399999999999,MDG,BRA,40
8166805,136,32,139,2006,0.0,207164.0,-1.024657,-0.393395,MDG,BRA,40
8166806,136,32,139,2015,0.0,538252.0,-1.15947,-0.497217,MDG,BRA,40
8166807,136,32,139,2009,0.0,253997.0,-1.0356610000000002,-0.198062,MDG,BRA,40
8166808,136,32,139,2012,0.0,375544.0,-0.9744290000000001,-0.326567,MDG,BRA,40
8166809,136,32,139,2013,0.0,541531.0,-1.068565,-0.364254,MDG,BRA,40
8166810,136,32,139,2014,0.0,567280.0,-1.002122,-0.44446,MDG,BRA,40
8166811,136,32,139,2003,0.0,269738.0,-1.254758,-0.622696,MDG,BRA,40
8166812,136,32,139,2007,0.0,274323.0,-0.939838,-0.221205,MDG,BRA,40
8166813,136,32,139,2008,0.0,229988.0,-0.9618190000000001,-0.348841,MDG,BRA,40
8166814,136,32,139,2016,0.0,319954.0,-1.2672709999999998,-0.613909,MDG,BRA,40
8166815,136,32,139,2018,0.0,297849.0,-1.2144549999999998,-0.748326,MDG,BRA,40
8166816,136,32,139,2019,0.0,635481.0,-1.267516,-0.733849,MDG,BRA,40
8166817,136,32,139,2000,0.0,64209.0,-1.045792,-0.386997,MDG,BRA,40
8166818,136,32,139,2010,0.0,340076.0,-0.8737799999999999,-0.043717,MDG,BRA,40
8166819,136,32,139,2011,0.0,116994.0,-1.040519,-0.404883,MDG,BRA,40
8166820,136,32,139,2020,0.0,80612.0,-1.206503,-0.709465,MDG,BRA,40
8166821,136,32,139,2004,0.0,341644.0,-1.355542,-0.634409,MDG,BRA,40
8166822,136,32,139,2001,0.0,237395.0,-1.247531,-0.637093,MDG,BRA,40
8166823,136,32,139,1998,0.0,161877.0,-1.2600639999999999,-0.566983,MDG,BRA,40
8166824,136,32,139,2002,0.0,52907.0,-1.120167,-0.43338699999999997,MDG,BRA,40
8166825,136,32,139,1995,0.0,8786.0,-1.178074,-0.6167,MDG,BRA,40
8166826,136,32,139,1996,0.0,65833.0,-1.213619,-0.606686,MDG,BRA,40
8166827,136,32,139,1997,0.0,53556.0,-1.2630370000000002,-0.565295,MDG,BRA,40
8166828,136,32,139,1999,0.0,182586.0,-1.186653,-0.5059279999999999,MDG,BRA,40
8166829,138,32,139,2004,4940334.0,63524968.0,0.868684,0.85506,MEX,BRA,40
8166830,138,32,139,2007,8997149.0,177181572.0,1.044746,0.605246,MEX,BRA,40
8166831,138,32,139,1995,11978184.0,7868207.0,0.6414300000000001,0.9697520000000001,MEX,BRA,40
8166832,138,32,139,1996,10030895.0,6393497.0,0.651949,0.9132170000000001,MEX,BRA,40
8166833,138,32,139,2000,3568328.0,17179694.0,0.6866760000000001,0.64383,MEX,BRA,40
8166834,138,32,139,2001,5739951.0,34586274.0,0.797058,0.713234,MEX,BRA,40
8166835,138,32,139,2012,75227945.0,153001030.0,1.039541,0.663349,MEX,BRA,40
8166836,138,32,139,2013,88038706.0,124027657.0,1.048507,0.718932,MEX,BRA,40
8166837,138,32,139,2014,55653957.0,111544029.0,1.0799729999999998,0.697554,MEX,BRA,40
8166838,138,32,139,2015,46368050.0,105733345.0,1.169724,0.61457,MEX,BRA,40
8166839,138,32,139,2016,30164468.0,119435871.0,1.165638,0.6446649999999999,MEX,BRA,40
8166840,138,32,139,1999,3745943.0,10563237.0,0.581034,0.8399760000000001,MEX,BRA,40
8166841,138,32,139,2003,2818111.0,47229657.0,0.862509,0.756684,MEX,BRA,40
8166842,138,32,139,1997,4029925.0,6620673.0,0.603221,0.898488,MEX,BRA,40
8166843,138,32,139,2005,6005973.0,87074648.0,1.046235,0.856245,MEX,BRA,40
8166844,138,32,139,1998,2812723.0,6646466.0,0.525671,0.880649,MEX,BRA,40
8166845,138,32,139,2006,3409012.0,138001830.0,1.047268,0.7142270000000001,MEX,BRA,40
8166846,138,32,139,2008,14984918.0,195262576.0,0.9833639999999999,0.7687069999999999,MEX,BRA,40
8166847,138,32,139,2011,57487053.0,142482340.0,0.9534600000000001,0.706982,MEX,BRA,40
8166848,138,32,139,2009,14011310.0,133053391.0,1.061625,0.719234,MEX,BRA,40
8166849,138,32,139,2010,50300437.0,143293834.0,1.132664,0.675756,MEX,BRA,40
8166850,138,32,139,2002,2643509.0,38626365.0,0.942061,0.6311260000000001,MEX,BRA,40
8166851,138,32,139,2019,60961464.0,85575153.0,1.083041,0.569353,MEX,BRA,40
8166852,138,32,139,2020,52592876.0,76841077.0,0.974514,0.563643,MEX,BRA,40
8166853,138,32,139,2018,75531556.0,113452020.0,1.00061,0.585759,MEX,BRA,40
8166854,138,32,139,2017,63707506.0,124891423.0,1.08871,0.5745279999999999,MEX,BRA,40
8166855,139,32,139,2019,0.0,20965.0,-0.592066,-0.900875,MHL,BRA,40
8166856,139,32,139,2018,0.0,4870.0,0.03022,-0.7880520000000001,MHL,BRA,40
8166857,139,32,139,2020,0.0,37725.0,-0.23666700000000002,-0.822276,MHL,BRA,40
8166858,140,32,139,2008,0.0,34498.0,-0.090639,-0.137401,MKD,BRA,40
8166859,140,32,139,2015,0.0,27631.0,-0.09009600000000001,-0.147359,MKD,BRA,40
8166860,140,32,139,2014,885.0,44207.0,-0.039799,-0.05545,MKD,BRA,40
8166861,140,32,139,2012,0.0,27749.0,-0.010966,0.160996,MKD,BRA,40
8166862,140,32,139,2007,0.0,31966.0,-0.125912,-0.009395,MKD,BRA,40
8166863,140,32,139,2011,0.0,53103.0,-0.12310499999999999,0.16392,MKD,BRA,40
8166864,140,32,139,2013,0.0,42027.0,-0.10859400000000001,0.155229,MKD,BRA,40
8166865,140,32,139,2010,0.0,45590.0,-0.122842,0.407017,MKD,BRA,40
8166866,140,32,139,1999,0.0,859.0,0.053132000000000006,0.43408,MKD,BRA,40
8166867,140,32,139,2002,0.0,6187.0,-0.030274000000000002,0.359317,MKD,BRA,40
8166868,140,32,139,2003,0.0,3852.0,-0.017632,0.225394,MKD,BRA,40
8166869,140,32,139,2004,0.0,6267.0,-0.091013,0.190649,MKD,BRA,40
8166870,140,32,139,2005,0.0,14158.0,-0.084262,0.23169099999999998,MKD,BRA,40
8166871,140,32,139,2006,0.0,35195.0,-0.21336,0.17674700000000002,MKD,BRA,40
8166872,140,32,139,2009,0.0,71476.0,-0.14890499999999998,0.405505,MKD,BRA,40
8166873,140,32,139,2016,0.0,29712.0,0.026185000000000003,-0.20027999999999999,MKD,BRA,40
8166874,140,32,139,2017,0.0,39191.0,-0.0292,-0.377156,MKD,BRA,40
8166875,140,32,139,2018,0.0,32840.0,0.079976,-0.20256,MKD,BRA,40
8166876,140,32,139,2019,0.0,57987.0,0.050624,-0.11143299999999999,MKD,BRA,40
8166877,140,32,139,2020,0.0,39534.0,0.147947,-0.11116500000000001,MKD,BRA,40
8166878,141,32,139,2016,0.0,1153528.0,-0.584863,-0.74131,MLI,BRA,40
8166879,141,32,139,2012,0.0,126462.0,-0.592899,-0.775098,MLI,BRA,40
8166880,141,32,139,2010,0.0,543562.0,-0.585496,-0.655841,MLI,BRA,40
8166881,141,32,139,2015,0.0,533632.0,-0.744236,-0.9441860000000001,MLI,BRA,40
8166882,141,32,139,2018,0.0,789497.0,-0.49666499999999997,-0.7189909999999999,MLI,BRA,40
8166883,141,32,139,2000,0.0,355313.0,-0.5546409999999999,-0.633603,MLI,BRA,40
8166884,141,32,139,2002,0.0,51656.0,-0.8948520000000001,-0.863375,MLI,BRA,40
8166885,141,32,139,2004,0.0,20763.0,-0.6905100000000001,-0.9162459999999999,MLI,BRA,40
8166886,141,32,139,2017,0.0,199532.0,-0.5927899999999999,-0.707245,MLI,BRA,40
8166887,141,32,139,2011,0.0,713791.0,-0.6778109999999999,-0.653211,MLI,BRA,40
8166888,141,32,139,2008,0.0,249643.0,-0.274267,-0.51084,MLI,BRA,40
8166889,141,32,139,2007,0.0,22966.0,-0.672822,-0.687913,MLI,BRA,40
8166890,141,32,139,1996,0.0,45293.0,-0.987858,-0.9677040000000001,MLI,BRA,40
8166891,141,32,139,2006,0.0,22255.0,-0.503462,-0.778836,MLI,BRA,40
8166892,141,32,139,2003,0.0,10932.0,-0.786411,-0.879049,MLI,BRA,40
8166893,141,32,139,2019,15925.0,902252.0,-0.381732,-0.606313,MLI,BRA,40
8166894,141,32,139,1997,0.0,3082.0,-1.230276,-1.086769,MLI,BRA,40
8166895,141,32,139,2020,0.0,4610.0,-1.309505,-1.1745079999999999,MLI,BRA,40
8166896,141,32,139,1998,0.0,1643.0,-0.8910049999999999,-0.9654870000000001,MLI,BRA,40
8166897,141,32,139,1999,0.0,6352.0,-0.8019149999999999,-0.9337979999999999,MLI,BRA,40
8166898,141,32,139,2001,0.0,45330.0,-0.40341,-0.626402,MLI,BRA,40
8166899,141,32,139,2009,0.0,308992.0,-0.84835,-0.780324,MLI,BRA,40
8166900,142,32,139,2002,546804.0,16169.0,1.12245,0.019001,MLT,BRA,40
8166901,142,32,139,2005,165010.0,6485.0,1.298938,0.13206600000000002,MLT,BRA,40
8166902,142,32,139,2017,459212.0,0.0,0.999914,0.12683,MLT,BRA,40
8166903,142,32,139,1996,18408.0,28935.0,0.8825440000000001,0.066541,MLT,BRA,40
8166904,142,32,139,1995,0.0,41587.0,0.842519,0.11882899999999999,MLT,BRA,40
8166905,142,32,139,1998,342916.0,14789.0,0.919593,-0.071451,MLT,BRA,40
8166906,142,32,139,2009,618914.0,0.0,1.233965,-0.016763,MLT,BRA,40
8166907,142,32,139,2010,852598.0,1062.0,1.211797,-0.024923,MLT,BRA,40
8166908,142,32,139,2011,785102.0,0.0,1.3001340000000001,0.22605799999999998,MLT,BRA,40
8166909,142,32,139,2012,517578.0,0.0,1.023776,0.12459400000000001,MLT,BRA,40
8166910,142,32,139,2015,373373.0,13626.0,0.880893,-0.117585,MLT,BRA,40
8166911,142,32,139,2016,308473.0,0.0,0.8795950000000001,-0.21689499999999998,MLT,BRA,40
8166912,142,32,139,2007,418747.0,3061.0,1.184569,-0.046376,MLT,BRA,40
8166913,142,32,139,2018,315761.0,3613.0,0.9621219999999999,0.257289,MLT,BRA,40
8166914,142,32,139,2019,1426241.0,4951.0,0.893992,0.25255500000000003,MLT,BRA,40
8166915,142,32,139,2014,604732.0,20110.0,0.817013,0.0016309999999999999,MLT,BRA,40
8166916,142,32,139,2004,425675.0,10962.0,1.251894,0.063827,MLT,BRA,40
8166917,142,32,139,2006,377750.0,4686.0,1.384411,0.093734,MLT,BRA,40
8166918,142,32,139,2013,742257.0,1596.0,0.8519760000000001,-0.075869,MLT,BRA,40
8166919,142,32,139,2020,2262732.0,5891.0,0.9159309999999999,0.24442199999999997,MLT,BRA,40
8166920,142,32,139,2008,568164.0,23452.0,1.015716,-0.065673,MLT,BRA,40
8166921,142,32,139,2001,320251.0,49997.0,1.065032,-0.065239,MLT,BRA,40
8166922,142,32,139,2003,419362.0,31049.0,1.2138149999999999,-0.015687,MLT,BRA,40
8166923,142,32,139,1999,479533.0,20735.0,0.9998450000000001,0.009412,MLT,BRA,40
8166924,142,32,139,1997,78000.0,8152.0,0.936998,0.062266999999999996,MLT,BRA,40
8166925,142,32,139,2000,946663.0,62073.0,1.106517,-0.05459,MLT,BRA,40
8166926,143,32,139,2016,0.0,825740.0,-1.160878,-0.6042609999999999,MMR,BRA,40
8166927,143,32,139,2017,0.0,384949.0,-1.051544,-0.419183,MMR,BRA,40
8166928,143,32,139,2018,2367148.0,1143757.0,-0.936467,-0.223413,MMR,BRA,40
8166929,143,32,139,2019,4746467.0,3052813.0,-1.196733,-0.435766,MMR,BRA,40
8166930,143,32,139,2020,3862605.0,1129928.0,-0.9993569999999999,-0.298647,MMR,BRA,40
8166931,143,32,139,2011,0.0,474636.0,-1.3557190000000001,-0.929934,MMR,BRA,40
8166932,143,32,139,2012,0.0,9126.0,-1.219747,-0.9290229999999999,MMR,BRA,40
8166933,143,32,139,2015,25736.0,690183.0,-1.4596120000000001,-0.903904,MMR,BRA,40
8166934,143,32,139,2013,0.0,92585.0,-1.230787,-0.737375,MMR,BRA,40
8166935,143,32,139,2009,0.0,37101.0,-1.6459529999999998,-1.186635,MMR,BRA,40
8166936,143,32,139,2010,0.0,158696.0,-1.480389,-1.075842,MMR,BRA,40
8166937,143,32,139,2002,0.0,43777.0,-1.571568,-1.131512,MMR,BRA,40
8166938,143,32,139,2005,0.0,91563.0,-1.506567,-1.169183,MMR,BRA,40
8166939,143,32,139,2007,0.0,25192.0,-1.29366,-1.074733,MMR,BRA,40
8166940,143,32,139,2008,0.0,5454.0,-1.501556,-1.1134110000000002,MMR,BRA,40
8166941,143,32,139,2014,0.0,46191.0,-1.5332459999999999,-1.145973,MMR,BRA,40
8166942,143,32,139,2004,0.0,77930.0,-1.400614,-0.947664,MMR,BRA,40
8166943,143,32,139,2006,0.0,43373.0,-1.543679,-1.145623,MMR,BRA,40
8166944,143,32,139,2003,0.0,99165.0,-1.435123,-1.0948,MMR,BRA,40
8166945,143,32,139,1995,0.0,3979.0,-1.5669309999999999,-1.124558,MMR,BRA,40
8166946,144,32,139,2008,0.0,42069.0,0.321434,-0.168212,MNE,BRA,40
8166947,144,32,139,2017,0.0,12141.0,0.201739,-0.23111399999999999,MNE,BRA,40
8166948,144,32,139,2009,0.0,36574.0,0.19963499999999998,-0.073107,MNE,BRA,40
8166949,144,32,139,2007,0.0,9990.0,0.250006,-0.154908,MNE,BRA,40
8166950,144,32,139,2015,0.0,13720.0,-0.048385000000000004,-0.150759,MNE,BRA,40
8166951,144,32,139,2016,0.0,13875.0,-0.005084,-0.25252199999999997,MNE,BRA,40
8166952,144,32,139,2010,0.0,21387.0,0.266397,-0.02502,MNE,BRA,40
8166953,144,32,139,2011,0.0,15527.0,0.149559,0.024935,MNE,BRA,40
8166954,144,32,139,2012,0.0,13588.0,-0.059409000000000003,-0.328183,MNE,BRA,40
8166955,144,32,139,2014,0.0,14334.0,-0.17039100000000001,-0.21762399999999998,MNE,BRA,40
8166956,144,32,139,2018,0.0,11380.0,0.332495,0.124258,MNE,BRA,40
8166957,144,32,139,2019,0.0,10253.0,0.40415100000000004,0.068967,MNE,BRA,40
8166958,144,32,139,2020,0.0,11016.0,0.355595,0.140822,MNE,BRA,40
8166959,144,32,139,2013,0.0,21510.0,-0.054454999999999996,-0.164875,MNE,BRA,40
8166960,145,32,139,2007,0.0,23346.0,-1.0688790000000001,-1.1115709999999999,MNG,BRA,40
8166961,145,32,139,2016,0.0,173810.0,-0.811142,-1.013252,MNG,BRA,40
8166962,145,32,139,2013,0.0,420700.0,-1.3270950000000001,-1.144547,MNG,BRA,40
8166963,145,32,139,2019,1854.0,247183.0,-1.1612049999999998,-1.1615739999999999,MNG,BRA,40
8166964,145,32,139,2014,0.0,463359.0,-1.425524,-1.161949,MNG,BRA,40
8166965,145,32,139,2018,0.0,474817.0,-0.934398,-1.125105,MNG,BRA,40
8166966,145,32,139,2017,0.0,2133303.0,-0.933737,-1.1195620000000002,MNG,BRA,40
8166967,145,32,139,2020,0.0,414951.0,-1.011938,-1.127569,MNG,BRA,40
8166968,145,32,139,2015,0.0,103585.0,-1.244368,-1.196677,MNG,BRA,40
8166969,145,32,139,2006,0.0,707.0,-1.147217,-1.0734709999999998,MNG,BRA,40
8166970,145,32,139,2008,0.0,110778.0,-1.13585,-1.1076190000000001,MNG,BRA,40
8166971,147,32,139,2006,0.0,766812.0,-1.0250629999999998,-1.067359,MOZ,BRA,40
8166972,147,32,139,2008,0.0,485129.0,-0.982727,-0.8361219999999999,MOZ,BRA,40
8166973,147,32,139,2005,0.0,506396.0,-1.301283,-1.180598,MOZ,BRA,40
8166974,147,32,139,2011,0.0,4271088.0,-1.2069299999999998,-0.977785,MOZ,BRA,40
8166975,147,32,139,2012,0.0,3643991.0,-1.400493,-1.1536680000000001,MOZ,BRA,40
8166976,147,32,139,2013,0.0,385774.0,-1.326323,-1.050969,MOZ,BRA,40
8166977,147,32,139,2014,0.0,217769.0,-1.1993610000000001,-1.040181,MOZ,BRA,40
8166978,147,32,139,2019,0.0,1040714.0,-1.264532,-1.072626,MOZ,BRA,40
8166979,147,32,139,2020,0.0,1370309.0,-1.1186040000000002,-0.974224,MOZ,BRA,40
8166980,147,32,139,2007,0.0,609133.0,-1.4703110000000001,-1.1915719999999999,MOZ,BRA,40
8166981,147,32,139,2010,0.0,566167.0,-1.479855,-1.070518,MOZ,BRA,40
8166982,147,32,139,2018,0.0,1846866.0,-1.380023,-1.027817,MOZ,BRA,40
8166983,147,32,139,2016,0.0,186761.0,-1.333702,-1.116794,MOZ,BRA,40
8166984,147,32,139,2004,0.0,268932.0,-1.1010790000000001,-1.0942,MOZ,BRA,40
8166985,147,32,139,2017,0.0,3132332.0,-1.3882290000000002,-1.114475,MOZ,BRA,40
8166986,147,32,139,2000,0.0,38660.0,-0.637021,-0.748197,MOZ,BRA,40
8166987,147,32,139,2003,0.0,133436.0,-1.188243,-1.123693,MOZ,BRA,40
8166988,147,32,139,2009,0.0,314557.0,-1.0023090000000001,-0.844765,MOZ,BRA,40
8166989,147,32,139,2015,0.0,528698.0,-1.293809,-1.115069,MOZ,BRA,40
8166990,147,32,139,2002,0.0,36882.0,-0.947259,-1.047883,MOZ,BRA,40
8166991,147,32,139,1995,0.0,39036.0,-1.031627,-1.02484,MOZ,BRA,40
8166992,147,32,139,1996,0.0,48843.0,-1.331264,-1.1260270000000001,MOZ,BRA,40
8166993,147,32,139,1997,0.0,15774.0,-0.8600620000000001,-0.9672270000000001,MOZ,BRA,40
8166994,147,32,139,1998,0.0,171153.0,-0.6813279999999999,-0.916391,MOZ,BRA,40
8166995,147,32,139,1999,0.0,83690.0,-0.35994699999999996,-0.725301,MOZ,BRA,40
8166996,148,32,139,2013,0.0,661450.0,-1.950532,-1.283104,MRT,BRA,40
8166997,148,32,139,2007,0.0,15869.0,-2.027741,-1.311094,MRT,BRA,40
8166998,148,32,139,2010,0.0,257877.0,-2.099882,-1.303977,MRT,BRA,40
8166999,148,32,139,2011,0.0,1116426.0,-1.2593379999999998,-1.1793209999999998,MRT,BRA,40
8167000,148,32,139,2012,0.0,2431881.0,-1.570474,-1.284412,MRT,BRA,40
8167001,148,32,139,2014,0.0,1574134.0,-1.458551,-1.225373,MRT,BRA,40
8167002,148,32,139,2015,0.0,744104.0,-1.5597450000000002,-1.3209229999999998,MRT,BRA,40
8167003,148,32,139,2008,0.0,732.0,-2.081778,-1.274636,MRT,BRA,40
8167004,148,32,139,2009,0.0,72997.0,-1.761436,-1.2898479999999999,MRT,BRA,40
8167005,148,32,139,2016,0.0,1082953.0,-1.542265,-1.318586,MRT,BRA,40
8167006,148,32,139,2017,0.0,1238559.0,-1.634533,-1.330819,MRT,BRA,40
8167007,148,32,139,2018,0.0,1393912.0,-1.511361,-1.296003,MRT,BRA,40
8167008,148,32,139,2019,0.0,792559.0,-1.711918,-1.339005,MRT,BRA,40
8167009,148,32,139,2020,0.0,216125.0,-1.400894,-1.27631,MRT,BRA,40
8167010,148,32,139,2004,0.0,175652.0,-1.6173959999999998,-1.2925719999999998,MRT,BRA,40
8167011,148,32,139,2006,0.0,23335.0,-1.72422,-1.2414399999999999,MRT,BRA,40
8167012,148,32,139,2003,0.0,133164.0,-1.069232,-1.184061,MRT,BRA,40
8167013,148,32,139,2005,0.0,3168.0,-1.5391629999999998,-1.260424,MRT,BRA,40
8167014,148,32,139,2001,0.0,32714.0,-1.187271,-1.240445,MRT,BRA,40
8167015,148,32,139,2000,0.0,53770.0,-1.461442,-1.230634,MRT,BRA,40
8167016,148,32,139,1999,0.0,35250.0,-1.198078,-1.229277,MRT,BRA,40
8167017,150,32,139,1995,0.0,314214.0,0.68423,-0.22968200000000003,MTQ,BRA,40
8167018,151,32,139,2018,0.0,58243.0,-0.128221,0.15049400000000002,MUS,BRA,40
8167019,151,32,139,2019,0.0,64936.0,-0.15909600000000002,0.034770999999999996,MUS,BRA,40
8167020,151,32,139,2009,0.0,68675.0,-0.198194,0.067014,MUS,BRA,40
8167021,151,32,139,2010,0.0,133592.0,-0.173542,0.103727,MUS,BRA,40
8167022,151,32,139,2007,0.0,130777.0,-0.342957,-0.129114,MUS,BRA,40
8167023,151,32,139,2014,0.0,50233.0,-0.029891,-0.12431099999999999,MUS,BRA,40
8167024,151,32,139,2015,4049.0,97889.0,-0.231762,-0.195051,MUS,BRA,40
8167025,151,32,139,2016,4217.0,61024.0,-0.24309899999999998,-0.084888,MUS,BRA,40
8167026,151,32,139,2017,0.0,123717.0,-0.156616,0.073153,MUS,BRA,40
8167027,151,32,139,2013,2525.0,69443.0,-0.158852,0.0061600000000000005,MUS,BRA,40
8167028,151,32,139,2011,69073.0,58957.0,-0.09464600000000001,0.091177,MUS,BRA,40
8167029,151,32,139,2020,0.0,78230.0,-0.048897,0.11543099999999999,MUS,BRA,40
8167030,151,32,139,2012,62208.0,122515.0,-0.028582999999999997,0.116882,MUS,BRA,40
8167031,151,32,139,2004,29067.0,51879.0,-0.374754,-0.288504,MUS,BRA,40
8167032,151,32,139,2006,0.0,101004.0,-0.311109,-0.07267,MUS,BRA,40
8167033,151,32,139,2008,256437.0,54483.0,-0.337563,-0.144226,MUS,BRA,40
8167034,151,32,139,2001,0.0,63161.0,-0.410422,-0.5868369999999999,MUS,BRA,40
8167035,151,32,139,2000,0.0,50978.0,-0.412313,-0.5704140000000001,MUS,BRA,40
8167036,151,32,139,2005,21005.0,98344.0,-0.24565,-0.091397,MUS,BRA,40
8167037,151,32,139,1995,0.0,88374.0,-0.432644,-0.574298,MUS,BRA,40
8167038,151,32,139,1996,0.0,13532.0,-0.538651,-0.746274,MUS,BRA,40
8167039,151,32,139,1997,0.0,46977.0,-0.49241,-0.695729,MUS,BRA,40
8167040,151,32,139,1998,0.0,25737.0,-0.621599,-0.755795,MUS,BRA,40
8167041,151,32,139,1999,7577.0,67364.0,-0.5713729999999999,-0.696416,MUS,BRA,40
8167042,151,32,139,2002,0.0,169761.0,-0.37937600000000005,-0.388848,MUS,BRA,40
8167043,151,32,139,2003,0.0,197708.0,-0.361514,-0.29839899999999997,MUS,BRA,40
8167044,152,32,139,1998,0.0,51348.0,-1.436242,-1.278929,MWI,BRA,40
8167045,152,32,139,2018,0.0,29454.0,-0.7015979999999999,-0.9293680000000001,MWI,BRA,40
8167046,152,32,139,2019,0.0,46097.0,-1.0178479999999999,-1.1028879999999999,MWI,BRA,40
8167047,152,32,139,2004,0.0,61028.0,-1.592983,-1.252423,MWI,BRA,40
8167048,152,32,139,2007,0.0,631844.0,-1.348692,-1.134002,MWI,BRA,40
8167049,152,32,139,1997,0.0,20799.0,-1.24261,-1.1258860000000002,MWI,BRA,40
8167050,152,32,139,2017,47226.0,30310.0,-0.761995,-0.8897729999999999,MWI,BRA,40
8167051,152,32,139,2020,0.0,38887.0,-1.122433,-1.106831,MWI,BRA,40
8167052,152,32,139,2002,0.0,3659.0,-1.441416,-1.214651,MWI,BRA,40
8167053,152,32,139,2011,0.0,239545.0,-1.100291,-0.982559,MWI,BRA,40
8167054,152,32,139,2005,0.0,23417.0,-1.4769379999999999,-1.220782,MWI,BRA,40
8167055,152,32,139,1995,0.0,357.0,-1.1277709999999999,-1.0603049999999998,MWI,BRA,40
8167056,152,32,139,2006,0.0,87944.0,-1.145132,-1.0946209999999998,MWI,BRA,40
8167057,152,32,139,2001,0.0,3165.0,-1.388716,-1.116315,MWI,BRA,40
8167058,152,32,139,2008,0.0,102207.0,-1.387548,-1.184696,MWI,BRA,40
8167059,152,32,139,2010,0.0,286484.0,-0.821839,-0.9153870000000001,MWI,BRA,40
8167060,152,32,139,2012,0.0,177872.0,-1.210016,-1.172806,MWI,BRA,40
8167061,152,32,139,2013,0.0,81535.0,-0.8992120000000001,-0.862175,MWI,BRA,40
8167062,152,32,139,2014,0.0,133606.0,-0.494204,-0.751903,MWI,BRA,40
8167063,152,32,139,2015,0.0,56159.0,-0.549862,-0.8753190000000001,MWI,BRA,40
8167064,152,32,139,2016,0.0,17264.0,-1.113794,-1.172385,MWI,BRA,40
8167065,152,32,139,1999,0.0,2023.0,-1.319572,-1.199031,MWI,BRA,40
8167066,152,32,139,2003,0.0,72981.0,-1.48079,-1.235645,MWI,BRA,40
8167067,152,32,139,2009,0.0,378286.0,-1.571672,-1.244864,MWI,BRA,40
8167068,152,32,139,2000,0.0,11612.0,-1.138855,-1.0394510000000001,MWI,BRA,40
8167069,153,32,139,2008,178508356.0,5375763.0,0.793395,0.6141939999999999,MYS,BRA,40
8167070,153,32,139,2016,149266922.0,6214968.0,1.106894,0.7452840000000001,MYS,BRA,40
8167071,153,32,139,2014,204974086.0,8715390.0,1.018138,0.774649,MYS,BRA,40
8167072,153,32,139,2015,167518653.0,6291616.0,1.082803,0.811615,MYS,BRA,40
8167073,153,32,139,2002,44026223.0,895192.0,0.704957,0.243398,MYS,BRA,40
8167074,153,32,139,2011,272736041.0,6718232.0,0.9893290000000001,0.632079,MYS,BRA,40
8167075,153,32,139,2012,235563275.0,8259444.0,0.945643,0.7526510000000001,MYS,BRA,40
8167076,153,32,139,2013,256025451.0,10037934.0,0.937641,0.747496,MYS,BRA,40
8167077,153,32,139,2019,163312763.0,22201888.0,1.192967,0.730971,MYS,BRA,40
8167078,153,32,139,2017,167760920.0,13766044.0,1.0110139999999999,0.6840729999999999,MYS,BRA,40
8167079,153,32,139,2010,237201486.0,4510562.0,0.9530780000000001,0.607456,MYS,BRA,40
8167080,153,32,139,1995,53447110.0,670454.0,0.357745,0.374284,MYS,BRA,40
8167081,153,32,139,1999,45241561.0,708215.0,0.500591,0.136149,MYS,BRA,40
8167082,153,32,139,2004,82263488.0,1509668.0,0.6710050000000001,0.17807,MYS,BRA,40
8167083,153,32,139,2005,92552503.0,1618665.0,0.5847439999999999,0.13176300000000002,MYS,BRA,40
8167084,153,32,139,2006,152524890.0,2337106.0,0.7896569999999999,0.363625,MYS,BRA,40
8167085,153,32,139,2018,161737487.0,15799304.0,1.122976,0.734109,MYS,BRA,40
8167086,153,32,139,2000,39224636.0,821479.0,0.519684,0.170286,MYS,BRA,40
8167087,153,32,139,2003,54685067.0,1022196.0,0.728804,0.2168,MYS,BRA,40
8167088,153,32,139,2007,170314492.0,5143460.0,0.740788,0.302155,MYS,BRA,40
8167089,153,32,139,2009,163810792.0,3125007.0,0.8718229999999999,0.607429,MYS,BRA,40
8167090,153,32,139,1996,76730144.0,714043.0,0.351774,0.347262,MYS,BRA,40
8167091,153,32,139,1997,68338817.0,1182525.0,0.37340999999999996,0.36853600000000003,MYS,BRA,40
8167092,153,32,139,1998,62814288.0,170807.0,0.396826,0.203792,MYS,BRA,40
8167093,153,32,139,2020,212592765.0,23294221.0,1.185223,0.573439,MYS,BRA,40
8167094,153,32,139,2001,38530344.0,772117.0,0.768174,0.307033,MYS,BRA,40
8167095,154,32,139,2002,0.0,16775.0,0.34587399999999996,-0.537626,MYT,BRA,40
8167096,154,32,139,2006,0.0,10259.0,1.1370049999999998,0.131896,MYT,BRA,40
8167097,154,32,139,2007,0.0,8739.0,0.9008879999999999,-0.209565,MYT,BRA,40
8167098,154,32,139,2008,0.0,8052.0,1.085932,-0.176729,MYT,BRA,40
8167099,154,32,139,2009,0.0,32133.0,1.173729,-0.08655800000000001,MYT,BRA,40
8167100,154,32,139,2004,0.0,7482.0,1.179671,0.016149,MYT,BRA,40
8167101,154,32,139,2001,0.0,9048.0,1.4633260000000001,-0.114532,MYT,BRA,40
8167102,154,32,139,2003,0.0,5607.0,0.8645370000000001,-0.101347,MYT,BRA,40
8167103,154,32,139,2000,0.0,2256.0,1.167946,-0.33195,MYT,BRA,40
8167104,155,32,139,2002,0.0,30441.0,-0.314161,-0.521778,NAM,BRA,40
8167105,155,32,139,2003,0.0,1603.0,-0.24004499999999998,-0.39565900000000004,NAM,BRA,40
8167106,155,32,139,2004,0.0,24904.0,-0.40995299999999996,-0.550272,NAM,BRA,40
8167107,155,32,139,2005,0.0,1488.0,-0.381972,-0.405269,NAM,BRA,40
8167108,155,32,139,2006,0.0,5267.0,-0.515361,-0.8027350000000001,NAM,BRA,40
8167109,155,32,139,2007,0.0,8748.0,-0.588953,-0.751722,NAM,BRA,40
8167110,155,32,139,2008,0.0,3128.0,-0.104196,-0.301923,NAM,BRA,40
8167111,155,32,139,2009,0.0,75854.0,-0.081207,-0.075292,NAM,BRA,40
8167112,155,32,139,2010,0.0,9096.0,-0.49860299999999996,-0.6728529999999999,NAM,BRA,40
8167113,155,32,139,2011,0.0,5535.0,-0.42998400000000003,-0.632233,NAM,BRA,40
8167114,155,32,139,2012,0.0,164203.0,-0.232079,-0.32721300000000003,NAM,BRA,40
8167115,155,32,139,2013,0.0,412778.0,-0.308643,-0.480617,NAM,BRA,40
8167116,155,32,139,2014,0.0,87685.0,-0.428227,-0.5632229999999999,NAM,BRA,40
8167117,155,32,139,2015,0.0,5749.0,-0.43457399999999996,-0.665655,NAM,BRA,40
8167118,155,32,139,2016,0.0,177764.0,-0.6256689999999999,-0.8612219999999999,NAM,BRA,40
8167119,155,32,139,2017,0.0,551248.0,-0.5221060000000001,-0.7365079999999999,NAM,BRA,40
8167120,155,32,139,2018,0.0,209669.0,-0.668091,-0.779938,NAM,BRA,40
8167121,155,32,139,2019,0.0,327079.0,-0.545575,-0.744274,NAM,BRA,40
8167122,155,32,139,2020,24617.0,526451.0,-0.664967,-0.74835,NAM,BRA,40
8167123,156,32,139,2019,0.0,1334447.0,-0.342544,-0.867944,NCL,BRA,40
8167124,156,32,139,2015,0.0,759428.0,-0.727911,-0.844562,NCL,BRA,40
8167125,156,32,139,2009,0.0,133286.0,1.323528,0.523435,NCL,BRA,40
8167126,156,32,139,2010,0.0,744986.0,-0.42193500000000006,-0.8256610000000001,NCL,BRA,40
8167127,156,32,139,2013,0.0,169205.0,-0.136052,-0.703913,NCL,BRA,40
8167128,156,32,139,2014,0.0,1480036.0,-0.509789,-0.767484,NCL,BRA,40
8167129,156,32,139,2007,0.0,34219.0,-0.075892,-0.8211430000000001,NCL,BRA,40
8167130,156,32,139,2011,0.0,623345.0,-0.976349,-0.798691,NCL,BRA,40
8167131,156,32,139,2012,0.0,310612.0,-0.635354,-0.777234,NCL,BRA,40
8167132,156,32,139,2016,0.0,631038.0,-0.9910389999999999,-0.9463940000000001,NCL,BRA,40
8167133,156,32,139,2017,0.0,686025.0,-0.38216100000000003,-0.8662549999999999,NCL,BRA,40
8167134,156,32,139,2018,0.0,2215517.0,-0.49370299999999995,-0.865432,NCL,BRA,40
8167135,156,32,139,2020,0.0,439239.0,-0.666664,-0.88528,NCL,BRA,40
8167136,156,32,139,2002,0.0,44431.0,-0.292646,-0.823263,NCL,BRA,40
8167137,156,32,139,2006,0.0,67923.0,-0.135099,-0.7618779999999999,NCL,BRA,40
8167138,156,32,139,2003,0.0,21022.0,-0.344934,-0.776632,NCL,BRA,40
8167139,156,32,139,2004,0.0,156574.0,-0.49824700000000005,-0.8284239999999999,NCL,BRA,40
8167140,156,32,139,2005,0.0,54768.0,0.08313200000000001,-0.691012,NCL,BRA,40
8167141,156,32,139,2008,0.0,151514.0,-0.21304099999999998,-0.8147300000000001,NCL,BRA,40
8167142,156,32,139,1999,0.0,503.0,-0.079579,-0.777079,NCL,BRA,40
8167143,156,32,139,2000,0.0,1383.0,0.034618,-0.7699729999999999,NCL,BRA,40
8167144,156,32,139,1995,0.0,6167.0,-1.326035,-0.826058,NCL,BRA,40
8167145,156,32,139,1996,0.0,3639.0,-0.951583,-0.785157,NCL,BRA,40
8167146,156,32,139,2001,0.0,17120.0,-0.837087,-0.9207040000000001,NCL,BRA,40
8167147,157,32,139,2010,0.0,51438.0,-0.829902,-0.826152,NER,BRA,40
8167148,157,32,139,2011,0.0,46567.0,-0.85208,-0.731996,NER,BRA,40
8167149,157,32,139,2012,0.0,61368.0,-1.165676,-1.099113,NER,BRA,40
8167150,157,32,139,2008,0.0,910.0,-0.677687,-0.75195,NER,BRA,40
8167151,157,32,139,2020,0.0,28606.0,-0.62888,-0.841089,NER,BRA,40
8167152,157,32,139,2019,0.0,101462.0,-0.345047,-0.792769,NER,BRA,40
8167153,157,32,139,2013,0.0,1243.0,-1.268738,-0.942256,NER,BRA,40
8167154,157,32,139,2014,99.0,27952.0,-0.7187,-0.80918,NER,BRA,40
8167155,157,32,139,2015,0.0,1737.0,-1.517292,-1.033891,NER,BRA,40
8167156,157,32,139,2016,0.0,14149.0,-0.973057,-0.953672,NER,BRA,40
8167157,157,32,139,2017,0.0,21407.0,-1.250156,-0.995524,NER,BRA,40
8167158,157,32,139,2006,0.0,16845.0,-0.554188,-0.708255,NER,BRA,40
8167159,157,32,139,2009,0.0,52284.0,-1.306036,-0.956361,NER,BRA,40
8167160,157,32,139,2007,0.0,4948.0,-0.287155,-0.577325,NER,BRA,40
8167161,157,32,139,2005,0.0,98.0,-0.32664299999999996,-0.619282,NER,BRA,40
8167162,157,32,139,1997,0.0,2443.0,-0.322358,-0.63647,NER,BRA,40
8167163,157,32,139,1999,0.0,17118.0,-0.539842,-0.762977,NER,BRA,40
8167164,157,32,139,1998,0.0,26621.0,-0.373314,-0.592306,NER,BRA,40
8167165,157,32,139,1995,0.0,1896.0,-0.288248,-0.592174,NER,BRA,40
8167166,158,32,139,2004,0.0,447623.0,0.664846,-0.649984,NFK,BRA,40
8167167,159,32,139,2015,0.0,440841.0,-1.415451,-1.157829,NGA,BRA,40
8167168,159,32,139,2016,0.0,421389.0,-1.835357,-1.286597,NGA,BRA,40
8167169,159,32,139,2001,0.0,4043891.0,-1.966439,-1.2724520000000001,NGA,BRA,40
8167170,159,32,139,1997,51452.0,2117674.0,-1.615102,-1.129541,NGA,BRA,40
8167171,159,32,139,2008,144874.0,5802135.0,-1.9809139999999998,-1.189201,NGA,BRA,40
8167172,159,32,139,2009,367715.0,1964942.0,-1.584051,-1.156247,NGA,BRA,40
8167173,159,32,139,2010,193019.0,2989010.0,-1.887084,-1.2280229999999999,NGA,BRA,40
8167174,159,32,139,2007,300402.0,2670612.0,-1.746879,-1.20823,NGA,BRA,40
8167175,159,32,139,2020,22531.0,643899.0,-1.6399299999999999,-1.19536,NGA,BRA,40
8167176,159,32,139,2018,0.0,1501067.0,-1.8238,-1.259938,NGA,BRA,40
8167177,159,32,139,1999,0.0,4102651.0,-1.9312080000000003,-1.279733,NGA,BRA,40
8167178,159,32,139,2013,3186374.0,7900665.0,-1.745783,-1.1356680000000001,NGA,BRA,40
8167179,159,32,139,2019,22816.0,565087.0,-1.7383970000000002,-1.220333,NGA,BRA,40
8167180,159,32,139,2017,1069.0,1562114.0,-1.8260919999999998,-1.276591,NGA,BRA,40
8167181,159,32,139,1998,11361.0,2063597.0,-1.484229,-1.144092,NGA,BRA,40
8167182,159,32,139,2000,0.0,3678168.0,-2.164663,-1.257723,NGA,BRA,40
8167183,159,32,139,2002,2897.0,4690448.0,-1.8315700000000001,-1.25171,NGA,BRA,40
8167184,159,32,139,2003,1231.0,4822130.0,-1.859176,-1.234236,NGA,BRA,40
8167185,159,32,139,2011,2907040.0,3437842.0,-1.699286,-1.15511,NGA,BRA,40
8167186,159,32,139,2014,717274.0,725898.0,-1.2126430000000001,-1.059697,NGA,BRA,40
8167187,159,32,139,2012,65521336.0,2349832.0,-1.760488,-1.201048,NGA,BRA,40
8167188,159,32,139,2006,0.0,6699642.0,-2.094353,-1.215025,NGA,BRA,40
8167189,159,32,139,2004,0.0,3893143.0,-2.413432,-1.3033190000000001,NGA,BRA,40
8167190,159,32,139,2005,2668.0,5896332.0,-2.359834,-1.2772219999999999,NGA,BRA,40
8167191,159,32,139,1996,269091.0,1439261.0,-1.813359,-1.1967,NGA,BRA,40
8167192,159,32,139,1995,142914.0,721791.0,-2.108206,-1.2017520000000002,NGA,BRA,40
8167193,160,32,139,1999,0.0,95995.0,-0.677654,-0.72253,NIC,BRA,40
8167194,160,32,139,2012,109762.0,1831546.0,-0.754724,-0.668629,NIC,BRA,40
8167195,160,32,139,2014,0.0,1165806.0,-0.938269,-0.839066,NIC,BRA,40
8167196,160,32,139,2015,0.0,2083244.0,-1.102989,-0.952276,NIC,BRA,40
8167197,160,32,139,2006,0.0,526580.0,-0.998825,-0.893867,NIC,BRA,40
8167198,160,32,139,2001,0.0,116239.0,-0.8917430000000001,-0.713179,NIC,BRA,40
8167199,160,32,139,2002,0.0,111906.0,-0.677398,-0.564472,NIC,BRA,40
8167200,160,32,139,2016,0.0,1832863.0,-1.0387389999999999,-0.998977,NIC,BRA,40
8167201,160,32,139,2017,0.0,2395246.0,-1.0502280000000002,-0.8817719999999999,NIC,BRA,40
8167202,160,32,139,2018,0.0,1480070.0,-0.887282,-0.827008,NIC,BRA,40
8167203,160,32,139,2013,11865.0,959297.0,-0.9277,-0.6842630000000001,NIC,BRA,40
8167204,160,32,139,2019,8905.0,1899966.0,-1.058553,-0.854482,NIC,BRA,40
8167205,160,32,139,2008,0.0,538975.0,-0.869193,-0.676623,NIC,BRA,40
8167206,160,32,139,1997,0.0,39374.0,-0.8090109999999999,-0.783853,NIC,BRA,40
8167207,160,32,139,1998,0.0,73721.0,-0.8012199999999999,-0.749159,NIC,BRA,40
8167208,160,32,139,2000,0.0,106743.0,-0.8339270000000001,-0.6658689999999999,NIC,BRA,40
8167209,160,32,139,2005,0.0,1671316.0,-1.038332,-0.922797,NIC,BRA,40
8167210,160,32,139,2007,0.0,562667.0,-0.924162,-0.857508,NIC,BRA,40
8167211,160,32,139,2010,0.0,554347.0,-0.9387409999999999,-0.8119569999999999,NIC,BRA,40
8167212,160,32,139,2009,0.0,387180.0,-0.924057,-0.809557,NIC,BRA,40
8167213,160,32,139,1995,0.0,139819.0,-0.395096,-0.559934,NIC,BRA,40
8167214,160,32,139,1996,0.0,40809.0,-0.767799,-0.737816,NIC,BRA,40
8167215,160,32,139,2003,0.0,360501.0,-0.8661459999999999,-0.8661690000000001,NIC,BRA,40
8167216,160,32,139,2004,0.0,174318.0,-0.9789479999999999,-0.8374219999999999,NIC,BRA,40
8167217,160,32,139,2011,0.0,1815009.0,-0.9592139999999999,-0.796108,NIC,BRA,40
8167218,160,32,139,2020,0.0,996786.0,-0.9128809999999999,-0.746636,NIC,BRA,40
8167219,161,32,139,2016,0.0,1155.0,1.666675,-0.198755,NIU,BRA,40
8167220,161,32,139,2015,0.0,1627.0,1.7121400000000002,-0.072287,NIU,BRA,40
8167221,162,32,139,1995,10972396.0,4809820.0,1.304391,1.8819119999999998,NLD,BRA,40
8167222,162,32,139,1996,4384914.0,12374066.0,1.256625,1.803132,NLD,BRA,40
8167223,162,32,139,1997,4190458.0,9430949.0,1.267794,1.727888,NLD,BRA,40
8167224,162,32,139,1998,1651655.0,13616966.0,1.248469,1.683182,NLD,BRA,40
8167225,162,32,139,1999,2517376.0,8840728.0,1.308776,1.574293,NLD,BRA,40
8167226,162,32,139,2000,5409857.0,11546321.0,1.283291,1.58901,NLD,BRA,40
8167227,162,32,139,2001,7327216.0,8176363.0,1.315685,1.590935,NLD,BRA,40
8167228,162,32,139,2002,6709700.0,17939899.0,1.206176,1.7136360000000002,NLD,BRA,40
8167229,162,32,139,2003,9944684.0,20778670.0,1.168453,1.7085709999999998,NLD,BRA,40
8167230,162,32,139,2004,15755052.0,23078989.0,1.251808,1.586526,NLD,BRA,40
8167231,162,32,139,2005,19369554.0,26675503.0,1.143533,1.614774,NLD,BRA,40
8167232,162,32,139,2006,25442772.0,36446464.0,1.192134,1.450852,NLD,BRA,40
8167233,162,32,139,2008,17666779.0,36721760.0,1.139475,1.385316,NLD,BRA,40
8167234,162,32,139,2009,12854929.0,30268377.0,1.1914850000000001,1.3076780000000001,NLD,BRA,40
8167235,162,32,139,2010,13488394.0,31952917.0,1.237998,1.1891209999999999,NLD,BRA,40
8167236,162,32,139,2011,20776673.0,50765504.0,1.1655229999999999,1.410167,NLD,BRA,40
8167237,162,32,139,2012,20395317.0,44116005.0,1.124582,1.374002,NLD,BRA,40
8167238,162,32,139,2013,14687507.0,18996890.0,1.184107,1.249557,NLD,BRA,40
8167239,162,32,139,2014,13183521.0,26698443.0,1.179325,1.355071,NLD,BRA,40
8167240,162,32,139,2015,11075944.0,18653174.0,1.230104,1.27344,NLD,BRA,40
8167241,162,32,139,2016,8488749.0,15043748.0,1.157361,1.5188540000000001,NLD,BRA,40
8167242,162,32,139,2017,8911017.0,10480365.0,1.146959,1.470869,NLD,BRA,40
8167243,162,32,139,2018,8060768.0,10256902.0,1.1478899999999999,1.454758,NLD,BRA,40
8167244,162,32,139,2019,7787402.0,14257046.0,1.145044,1.3523530000000001,NLD,BRA,40
8167245,162,32,139,2020,8101271.0,18903208.0,1.035951,1.559401,NLD,BRA,40
8167246,162,32,139,2007,22914069.0,44407453.0,1.089169,1.589641,NLD,BRA,40
8167247,163,32,139,1995,301780.0,186987.0,1.019741,0.394241,NOR,BRA,40
8167248,163,32,139,1996,1503077.0,150830.0,1.204869,0.303062,NOR,BRA,40
8167249,163,32,139,1997,890959.0,157763.0,1.003945,0.188826,NOR,BRA,40
8167250,163,32,139,1998,993505.0,198869.0,1.1660190000000001,0.43901899999999994,NOR,BRA,40
8167251,163,32,139,1999,663800.0,129219.0,1.1012959999999998,0.240184,NOR,BRA,40
8167252,163,32,139,2000,712321.0,122439.0,0.988346,0.046556,NOR,BRA,40
8167253,163,32,139,2001,586178.0,181932.0,0.974814,0.06512000000000001,NOR,BRA,40
8167254,163,32,139,2002,1337506.0,140278.0,1.110882,0.17164100000000002,NOR,BRA,40
8167255,163,32,139,2003,811417.0,156166.0,1.1500620000000001,0.258554,NOR,BRA,40
8167256,163,32,139,2005,631077.0,295557.0,1.0581530000000001,0.038369,NOR,BRA,40
8167257,163,32,139,2019,1058262.0,281535.0,0.6957300000000001,0.181607,NOR,BRA,40
8167258,163,32,139,2020,1552925.0,311039.0,0.793459,0.369766,NOR,BRA,40
8167259,163,32,139,2018,1029735.0,300619.0,0.681639,0.021762,NOR,BRA,40
8167260,163,32,139,2017,1035219.0,135615.0,0.73658,0.11450199999999999,NOR,BRA,40
8167261,163,32,139,2008,926009.0,606627.0,0.911428,-0.019318000000000002,NOR,BRA,40
8167262,163,32,139,2007,772775.0,743450.0,0.9829100000000001,0.100995,NOR,BRA,40
8167263,163,32,139,2009,815169.0,688713.0,0.865455,0.082808,NOR,BRA,40
8167264,163,32,139,2013,2040873.0,1526210.0,0.892099,0.18168399999999998,NOR,BRA,40
8167265,163,32,139,2014,2171560.0,352169.0,0.9187049999999999,0.182685,NOR,BRA,40
8167266,163,32,139,2016,1136189.0,102139.0,0.89891,0.297673,NOR,BRA,40
8167267,163,32,139,2015,1245533.0,128398.0,0.950708,0.314339,NOR,BRA,40
8167268,163,32,139,2010,1992168.0,193488.0,0.865676,0.138757,NOR,BRA,40
8167269,163,32,139,2011,1189115.0,355613.0,0.8492770000000001,0.050044,NOR,BRA,40
8167270,163,32,139,2006,690067.0,249330.0,1.0787930000000001,0.014051,NOR,BRA,40
8167271,163,32,139,2012,1464965.0,1786865.0,0.8613049999999999,0.12626800000000002,NOR,BRA,40
8167272,163,32,139,2004,407522.0,179995.0,1.10162,0.118709,NOR,BRA,40
8167273,164,32,139,2018,0.0,5386.0,-0.252837,0.999258,NPL,BRA,40
8167274,164,32,139,2014,0.0,723.0,-0.11988199999999999,0.655883,NPL,BRA,40
8167275,164,32,139,2015,0.0,1476.0,-0.290416,0.456716,NPL,BRA,40
8167276,164,32,139,2016,0.0,59.0,-0.37595500000000004,0.475239,NPL,BRA,40
8167277,164,32,139,2003,0.0,3428.0,-0.26353899999999997,1.351717,NPL,BRA,40
8167278,164,32,139,2019,0.0,723.0,-0.23868000000000003,0.42732299999999995,NPL,BRA,40
8167279,164,32,139,2017,0.0,32094.0,-0.319681,0.5788220000000001,NPL,BRA,40
8167280,164,32,139,2009,0.0,950.0,-0.324434,1.076908,NPL,BRA,40
8167281,164,32,139,2002,0.0,1443.0,-0.216428,0.44377700000000003,NPL,BRA,40
8167282,166,32,139,2015,294242.0,1358412.0,0.224598,0.253179,NZL,BRA,40
8167283,166,32,139,1997,8581.0,195534.0,0.557545,0.731294,NZL,BRA,40
8167284,166,32,139,2001,31442.0,299115.0,0.521409,0.683134,NZL,BRA,40
8167285,166,32,139,2002,29498.0,609742.0,0.542585,0.854243,NZL,BRA,40
8167286,166,32,139,2003,21226.0,1424386.0,0.589619,0.997301,NZL,BRA,40
8167287,166,32,139,2004,15334.0,593878.0,0.567392,0.965781,NZL,BRA,40
8167288,166,32,139,2005,50291.0,531665.0,0.623822,0.825528,NZL,BRA,40
8167289,166,32,139,2006,51342.0,538148.0,0.5371,0.8240209999999999,NZL,BRA,40
8167290,166,32,139,2007,56434.0,623900.0,0.495938,0.845825,NZL,BRA,40
8167291,166,32,139,2008,104318.0,1053306.0,0.513416,0.753058,NZL,BRA,40
8167292,166,32,139,2009,58502.0,622608.0,0.38301999999999997,0.720644,NZL,BRA,40
8167293,166,32,139,2010,43946.0,892275.0,0.36828299999999997,0.574574,NZL,BRA,40
8167294,166,32,139,2011,118890.0,2143319.0,0.372732,0.548601,NZL,BRA,40
8167295,166,32,139,2012,270952.0,1389177.0,0.410575,0.714584,NZL,BRA,40
8167296,166,32,139,2013,228674.0,1852042.0,0.3345,0.39063000000000003,NZL,BRA,40
8167297,166,32,139,2014,301740.0,1218967.0,0.272502,0.21628699999999998,NZL,BRA,40
8167298,166,32,139,2016,208533.0,1101937.0,0.236556,0.252918,NZL,BRA,40
8167299,166,32,139,2017,224632.0,921056.0,0.25651199999999996,0.132996,NZL,BRA,40
8167300,166,32,139,2018,135756.0,2029833.0,0.21902600000000003,0.148714,NZL,BRA,40
8167301,166,32,139,2019,223297.0,1960998.0,0.119281,0.039036,NZL,BRA,40
8167302,166,32,139,2020,99386.0,1967193.0,0.145567,0.070121,NZL,BRA,40
8167303,166,32,139,1998,14078.0,84647.0,0.5690529999999999,0.7752060000000001,NZL,BRA,40
8167304,166,32,139,1999,9205.0,226646.0,0.592051,0.780176,NZL,BRA,40
8167305,166,32,139,2000,17976.0,239767.0,0.552858,0.8281129999999999,NZL,BRA,40
8167306,166,32,139,1995,22091.0,461647.0,0.5558270000000001,0.773271,NZL,BRA,40
8167307,166,32,139,1996,21910.0,332989.0,0.49466099999999996,0.8302879999999999,NZL,BRA,40
8167308,167,32,139,2003,0.0,131430.0,-1.434873,-1.188123,OMN,BRA,40
8167309,167,32,139,2005,0.0,54598.0,-0.384571,-1.068743,OMN,BRA,40
8167310,167,32,139,2006,0.0,157496.0,-0.6373989999999999,-1.092554,OMN,BRA,40
8167311,167,32,139,2009,0.0,369166.0,-0.691918,-1.015434,OMN,BRA,40
8167312,167,32,139,2010,0.0,465129.0,-0.487612,-0.9551379999999999,OMN,BRA,40
8167313,167,32,139,2011,0.0,723374.0,-0.473703,-0.952491,OMN,BRA,40
8167314,167,32,139,2012,0.0,178552.0,-0.869576,-1.1086850000000001,OMN,BRA,40
8167315,167,32,139,1997,0.0,85811.0,-0.335834,-0.945859,OMN,BRA,40
8167316,167,32,139,2004,0.0,71718.0,-0.62946,-1.108933,OMN,BRA,40
8167317,167,32,139,2013,0.0,605067.0,-0.604175,-1.0463209999999998,OMN,BRA,40
8167318,167,32,139,2008,0.0,22190.0,-0.635199,-1.027136,OMN,BRA,40
8167319,167,32,139,2015,0.0,1068672.0,-0.4699,-1.00451,OMN,BRA,40
8167320,167,32,139,2018,0.0,1107076.0,-0.548048,-0.9972989999999999,OMN,BRA,40
8167321,167,32,139,2002,0.0,124521.0,-1.238769,-1.225841,OMN,BRA,40
8167322,167,32,139,2019,0.0,2115452.0,-0.40120100000000003,-0.881602,OMN,BRA,40
8167323,167,32,139,1995,0.0,363076.0,-0.328853,-0.946069,OMN,BRA,40
8167324,167,32,139,1996,0.0,844684.0,-0.10243499999999998,-0.8425879999999999,OMN,BRA,40
8167325,167,32,139,1998,0.0,152144.0,-0.38848499999999997,-0.898559,OMN,BRA,40
8167326,167,32,139,1999,0.0,123140.0,-0.6801510000000001,-1.146403,OMN,BRA,40
8167327,167,32,139,2000,0.0,186052.0,-1.0104549999999999,-1.185999,OMN,BRA,40
8167328,167,32,139,2001,0.0,96013.0,-0.909329,-1.189698,OMN,BRA,40
8167329,167,32,139,2007,0.0,191882.0,-0.5185310000000001,-1.071832,OMN,BRA,40
8167330,167,32,139,2014,0.0,471681.0,-0.505129,-1.0051370000000002,OMN,BRA,40
8167331,167,32,139,2016,0.0,673287.0,-0.334782,-0.9107190000000001,OMN,BRA,40
8167332,167,32,139,2017,678.0,789020.0,-0.347684,-0.884569,OMN,BRA,40
8167333,167,32,139,2020,1006.0,1412367.0,-0.251371,-0.8775299999999999,OMN,BRA,40
8167334,168,32,139,2015,795532.0,1941265.0,-0.7059979999999999,0.73501,PAK,BRA,40
8167335,168,32,139,2017,481575.0,5585095.0,-0.698561,0.43523500000000004,PAK,BRA,40
8167336,168,32,139,2006,816754.0,1578653.0,-0.449333,0.563013,PAK,BRA,40
8167337,168,32,139,2009,162261.0,5679448.0,-0.514907,0.44733100000000003,PAK,BRA,40
8167338,168,32,139,2011,189053.0,2553469.0,-0.729677,0.6026729999999999,PAK,BRA,40
8167339,168,32,139,2019,1314943.0,2534667.0,-0.6909270000000001,0.8651120000000001,PAK,BRA,40
8167340,168,32,139,2020,1379823.0,2615457.0,-0.52984,0.63654,PAK,BRA,40
8167341,168,32,139,2003,0.0,2381417.0,-0.6659689999999999,0.137924,PAK,BRA,40
8167342,168,32,139,2004,11176.0,2882477.0,-0.754143,0.25995100000000004,PAK,BRA,40
8167343,168,32,139,2005,435886.0,2977554.0,-0.592542,0.365501,PAK,BRA,40
8167344,168,32,139,2007,265709.0,2743002.0,-0.5594359999999999,0.47369300000000003,PAK,BRA,40
8167345,168,32,139,2008,388428.0,851705.0,-0.401588,0.500668,PAK,BRA,40
8167346,168,32,139,2010,237342.0,736234.0,-0.692071,0.5409010000000001,PAK,BRA,40
8167347,168,32,139,2012,188647.0,2079416.0,-0.633706,0.658617,PAK,BRA,40
8167348,168,32,139,2013,812066.0,2343568.0,-0.75727,0.769703,PAK,BRA,40
8167349,168,32,139,2014,1784768.0,1122448.0,-0.672924,0.566787,PAK,BRA,40
8167350,168,32,139,2016,559505.0,3050059.0,-0.7502800000000001,0.545331,PAK,BRA,40
8167351,168,32,139,2018,1609032.0,2408448.0,-0.64348,0.665045,PAK,BRA,40
8167352,168,32,139,1999,0.0,1092311.0,-1.047891,-0.525612,PAK,BRA,40
8167353,168,32,139,1996,0.0,890030.0,-0.7543300000000001,-0.393654,PAK,BRA,40
8167354,168,32,139,1995,0.0,336225.0,-0.707965,-0.324784,PAK,BRA,40
8167355,168,32,139,1997,4284.0,1671385.0,-0.882432,-0.563344,PAK,BRA,40
8167356,168,32,139,1998,1705.0,1117026.0,-0.9008149999999999,-0.448942,PAK,BRA,40
8167357,168,32,139,2000,0.0,661193.0,-0.851295,-0.370618,PAK,BRA,40
8167358,168,32,139,2001,0.0,955534.0,-0.8376520000000001,-0.378743,PAK,BRA,40
8167359,168,32,139,2002,0.0,1377375.0,-0.877655,-0.322094,PAK,BRA,40
8167360,169,32,139,2010,172714.0,7248735.0,0.617867,0.903432,PAN,BRA,40
8167361,169,32,139,2011,275915.0,11649276.0,0.786135,1.061008,PAN,BRA,40
8167362,169,32,139,2013,39378.0,7871660.0,0.735637,1.161718,PAN,BRA,40
8167363,169,32,139,2016,37645.0,12440988.0,0.58773,0.654145,PAN,BRA,40
8167364,169,32,139,2004,1491.0,3764775.0,-0.011979,0.261315,PAN,BRA,40
8167365,169,32,139,2005,1088498.0,4054121.0,-0.166943,0.212196,PAN,BRA,40
8167366,169,32,139,1995,697966.0,512854.0,-0.019815,0.050906,PAN,BRA,40
8167367,169,32,139,1996,20175.0,714358.0,-0.100537,-0.374129,PAN,BRA,40
8167368,169,32,139,1997,80707.0,576408.0,-0.028676999999999998,0.00023999999999999998,PAN,BRA,40
8167369,169,32,139,1998,70765.0,541895.0,0.010123,0.5677949999999999,PAN,BRA,40
8167370,169,32,139,1999,15484.0,436661.0,0.126144,0.491986,PAN,BRA,40
8167371,169,32,139,2000,13036.0,427447.0,0.2095,0.525942,PAN,BRA,40
8167372,169,32,139,2001,1059.0,1574967.0,0.17588199999999998,0.422505,PAN,BRA,40
8167373,169,32,139,2002,5365.0,3387024.0,0.134759,0.234258,PAN,BRA,40
8167374,169,32,139,2003,0.0,3178678.0,-0.050386,-0.039619999999999995,PAN,BRA,40
8167375,169,32,139,2006,18860.0,3826471.0,0.306664,0.638533,PAN,BRA,40
8167376,169,32,139,2007,6944.0,3940939.0,0.36233899999999997,0.807669,PAN,BRA,40
8167377,169,32,139,2008,57797.0,3539880.0,0.470854,0.960075,PAN,BRA,40
8167378,169,32,139,2009,13101.0,2422987.0,0.629137,0.5894010000000001,PAN,BRA,40
8167379,169,32,139,2012,194838.0,21625297.0,0.901366,1.245179,PAN,BRA,40
8167380,169,32,139,2014,53762.0,12938191.0,0.771742,0.9873190000000001,PAN,BRA,40
8167381,169,32,139,2015,57129.0,15743658.0,0.642058,0.833392,PAN,BRA,40
8167382,169,32,139,2018,0.0,9804861.0,0.104326,-0.11611800000000001,PAN,BRA,40
8167383,169,32,139,2019,0.0,11999337.0,0.00926,-0.308483,PAN,BRA,40
8167384,169,32,139,2020,17917.0,8831280.0,0.590821,0.786784,PAN,BRA,40
8167385,169,32,139,2017,645427.0,10071695.0,0.5520109999999999,0.788181,PAN,BRA,40
8167386,173,32,139,1998,0.0,9823732.0,-0.35875300000000004,0.042606,PER,BRA,40
8167387,173,32,139,2000,210225.0,9825383.0,-0.297619,0.194724,PER,BRA,40
8167388,173,32,139,2008,1838282.0,36116850.0,-0.518126,0.17193599999999998,PER,BRA,40
8167389,173,32,139,2009,317720.0,32084014.0,-0.53304,0.221183,PER,BRA,40
8167390,173,32,139,2010,1139654.0,39314627.0,-0.650327,0.162321,PER,BRA,40
8167391,173,32,139,2018,1009594.0,31254329.0,-0.6673060000000001,-0.183315,PER,BRA,40
8167392,173,32,139,2019,1074631.0,34188071.0,-0.76944,-0.216619,PER,BRA,40
8167393,173,32,139,2020,684409.0,25746336.0,-0.717014,-0.152142,PER,BRA,40
8167394,173,32,139,2004,333438.0,11064476.0,-0.564244,0.131232,PER,BRA,40
8167395,173,32,139,2005,331935.0,16852973.0,-0.518174,0.171262,PER,BRA,40
8167396,173,32,139,2006,524896.0,21291875.0,-0.551095,0.044295,PER,BRA,40
8167397,173,32,139,2007,884125.0,30336521.0,-0.49716099999999996,0.02556,PER,BRA,40
8167398,173,32,139,2011,5223547.0,58112840.0,-0.455977,0.442543,PER,BRA,40
8167399,173,32,139,2012,11355435.0,60486409.0,-0.444821,0.555188,PER,BRA,40
8167400,173,32,139,2013,5931042.0,50606328.0,-0.573852,0.357977,PER,BRA,40
8167401,173,32,139,2014,8100716.0,44052071.0,-0.557833,0.611826,PER,BRA,40
8167402,173,32,139,2015,4851082.0,42062766.0,-0.6007819999999999,0.32152800000000004,PER,BRA,40
8167403,173,32,139,2016,1702293.0,38934641.0,-0.717529,0.007845999999999999,PER,BRA,40
8167404,173,32,139,2017,1266322.0,40533024.0,-0.667658,-0.318344,PER,BRA,40
8167405,173,32,139,1995,1061.0,8496698.0,-0.263859,-0.21032800000000001,PER,BRA,40
8167406,173,32,139,1996,8460.0,6426758.0,-0.43761000000000005,-0.28077399999999997,PER,BRA,40
8167407,173,32,139,1999,22376.0,8663064.0,-0.367489,0.11813399999999999,PER,BRA,40
8167408,173,32,139,2001,372114.0,10297464.0,-0.345519,0.202623,PER,BRA,40
8167409,173,32,139,2002,466034.0,12335108.0,-0.6126199999999999,0.085944,PER,BRA,40
8167410,173,32,139,2003,281621.0,11061496.0,-0.48627,0.371354,PER,BRA,40
8167411,173,32,139,1997,4597.0,7086939.0,-0.5023880000000001,-0.262563,PER,BRA,40
8167412,174,32,139,2003,693852.0,765722.0,-0.065022,-0.195144,PHL,BRA,40
8167413,174,32,139,2004,1831772.0,533698.0,-0.076709,-0.149006,PHL,BRA,40
8167414,174,32,139,2005,2305606.0,1022311.0,-0.038225999999999996,-0.057957,PHL,BRA,40
8167415,174,32,139,1999,62074.0,415959.0,-0.401903,-0.333408,PHL,BRA,40
8167416,174,32,139,2000,196902.0,356891.0,-0.279447,-0.329073,PHL,BRA,40
8167417,174,32,139,2001,237642.0,446301.0,-0.028201,-0.112349,PHL,BRA,40
8167418,174,32,139,2002,447063.0,502185.0,0.055439999999999996,-0.179809,PHL,BRA,40
8167419,174,32,139,2006,3044853.0,1046899.0,0.161994,0.036631,PHL,BRA,40
8167420,174,32,139,2010,4080813.0,1377262.0,0.40418899999999996,0.102497,PHL,BRA,40
8167421,174,32,139,1998,1687091.0,95532.0,-0.262725,-0.075781,PHL,BRA,40
8167422,174,32,139,2007,3835192.0,1187546.0,0.032117,-0.16600499999999999,PHL,BRA,40
8167423,174,32,139,2008,3828883.0,383577.0,0.276488,-0.02957,PHL,BRA,40
8167424,174,32,139,2009,3351447.0,628599.0,0.34318000000000004,0.095375,PHL,BRA,40
8167425,174,32,139,2011,3353560.0,397876.0,0.364707,0.322626,PHL,BRA,40
8167426,174,32,139,2012,5428830.0,2343306.0,0.388785,0.465275,PHL,BRA,40
8167427,174,32,139,2013,4758909.0,2479652.0,0.507868,0.355403,PHL,BRA,40
8167428,174,32,139,2014,4139846.0,2927140.0,0.637442,0.475883,PHL,BRA,40
8167429,174,32,139,2015,4064102.0,1738192.0,0.6406270000000001,0.45770200000000005,PHL,BRA,40
8167430,174,32,139,2016,1755973.0,1686797.0,0.619343,0.303981,PHL,BRA,40
8167431,174,32,139,2017,1000160.0,1788535.0,0.657759,0.170061,PHL,BRA,40
8167432,174,32,139,2018,1210396.0,1177104.0,0.781409,0.22126700000000002,PHL,BRA,40
8167433,174,32,139,2019,1690597.0,1282012.0,0.762884,0.3318,PHL,BRA,40
8167434,174,32,139,1997,1782416.0,996538.0,-0.24310900000000002,0.085784,PHL,BRA,40
8167435,174,32,139,2020,1524357.0,402545.0,0.755786,0.24693,PHL,BRA,40
8167436,174,32,139,1996,102684.0,782357.0,-0.276548,0.344986,PHL,BRA,40
8167437,174,32,139,1995,0.0,838016.0,-0.480548,0.076564,PHL,BRA,40
8167438,176,32,139,2003,0.0,5960.0,-1.7997330000000002,-1.2110049999999999,PNG,BRA,40
8167439,176,32,139,2019,0.0,4450.0,-1.654143,-1.249707,PNG,BRA,40
8167440,176,32,139,2016,0.0,50951.0,-1.689987,-1.2762639999999998,PNG,BRA,40
8167441,176,32,139,2017,0.0,73260.0,-1.788834,-1.267126,PNG,BRA,40
8167442,176,32,139,2011,0.0,17772.0,-1.1111659999999999,-0.9458610000000001,PNG,BRA,40
8167443,176,32,139,2012,0.0,169387.0,-1.009277,-1.039759,PNG,BRA,40
8167444,176,32,139,2015,0.0,241536.0,-1.710939,-1.266333,PNG,BRA,40
8167445,176,32,139,1998,0.0,717.0,-2.060952,-1.237969,PNG,BRA,40
8167446,176,32,139,2004,0.0,5437.0,-1.7599200000000002,-1.219971,PNG,BRA,40
8167447,176,32,139,2018,0.0,44116.0,-1.7580360000000002,-1.239492,PNG,BRA,40
8167448,176,32,139,2020,0.0,77479.0,-1.526134,-1.191965,PNG,BRA,40
8167449,176,32,139,2013,0.0,71160.0,-1.444244,-1.144231,PNG,BRA,40
8167450,176,32,139,2014,0.0,127435.0,-1.564904,-1.146255,PNG,BRA,40
8167451,176,32,139,1995,0.0,2692.0,-2.387352,-1.200933,PNG,BRA,40
8167452,176,32,139,1996,0.0,25689.0,-2.120746,-1.2199879999999999,PNG,BRA,40
8167453,177,32,139,2004,4888822.0,524412.0,1.019341,1.519452,POL,BRA,40
8167454,177,32,139,2005,4802147.0,1178322.0,0.9564299999999999,1.559385,POL,BRA,40
8167455,177,32,139,2006,3286272.0,1854736.0,0.991927,1.474418,POL,BRA,40
8167456,177,32,139,2007,5504536.0,3058227.0,1.0412139999999999,1.309641,POL,BRA,40
8167457,177,32,139,2011,18221194.0,1865681.0,1.133641,1.134203,POL,BRA,40
8167458,177,32,139,2012,22596468.0,3571416.0,1.0626870000000002,1.267268,POL,BRA,40
8167459,177,32,139,2017,47415835.0,3338898.0,1.197417,1.092716,POL,BRA,40
8167460,177,32,139,2018,43549357.0,2735567.0,1.132475,1.258945,POL,BRA,40
8167461,177,32,139,2020,39734033.0,1415032.0,1.0227979999999999,1.4079139999999999,POL,BRA,40
8167462,177,32,139,2000,4217624.0,705480.0,0.862983,1.8683400000000001,POL,BRA,40
8167463,177,32,139,2014,47677322.0,2309345.0,1.133102,1.177165,POL,BRA,40
8167464,177,32,139,2015,24313876.0,2994791.0,1.145844,1.1449280000000002,POL,BRA,40
8167465,177,32,139,2016,26491699.0,3237357.0,1.146113,1.239532,POL,BRA,40
8167466,177,32,139,2019,34827034.0,3173797.0,1.088347,1.275875,POL,BRA,40
8167467,177,32,139,2008,7997182.0,3620415.0,1.037287,1.244457,POL,BRA,40
8167468,177,32,139,2010,12653471.0,2362273.0,1.083552,1.1433719999999998,POL,BRA,40
8167469,177,32,139,2009,7557246.0,2738481.0,1.11055,1.069074,POL,BRA,40
8167470,177,32,139,2013,45824064.0,4182685.0,1.084332,1.216749,POL,BRA,40
8167471,177,32,139,1995,492852.0,209747.0,0.76393,1.802648,POL,BRA,40
8167472,177,32,139,1998,1626146.0,4746585.0,0.8638309999999999,1.8881299999999999,POL,BRA,40
8167473,177,32,139,1999,2357246.0,1273848.0,0.8512700000000001,1.8975229999999998,POL,BRA,40
8167474,177,32,139,2002,5182609.0,479019.0,0.931642,1.721727,POL,BRA,40
8167475,177,32,139,2003,4945620.0,395506.0,0.966622,1.664838,POL,BRA,40
8167476,177,32,139,1997,66916.0,4699920.0,0.805559,1.9598520000000001,POL,BRA,40
8167477,177,32,139,2001,4700939.0,709844.0,0.9474540000000001,1.8408220000000002,POL,BRA,40
8167478,177,32,139,1996,392359.0,511401.0,0.795489,1.9004729999999999,POL,BRA,40
8167479,178,32,139,2008,5489933.0,218078.0,0.6970609999999999,0.88018,PRK,BRA,40
8167480,178,32,139,2016,72572.0,0.0,-0.512374,-0.143648,PRK,BRA,40
8167481,178,32,139,2007,1728845.0,137095.0,0.799712,0.8789370000000001,PRK,BRA,40
8167482,178,32,139,2017,5769.0,0.0,-0.353642,-0.08027000000000001,PRK,BRA,40
8167483,178,32,139,2019,0.0,1502.0,1.049447,0.46940699999999996,PRK,BRA,40
8167484,178,32,139,2010,6044665.0,20154.0,0.348511,0.466229,PRK,BRA,40
8167485,178,32,139,2011,1547435.0,0.0,-0.024317,-0.154781,PRK,BRA,40
8167486,178,32,139,2012,67976.0,16663.0,-0.120826,0.131138,PRK,BRA,40
8167487,178,32,139,2014,493328.0,0.0,-0.23883000000000001,-0.009727,PRK,BRA,40
8167488,178,32,139,2015,42528.0,58056.0,-0.404818,-0.075235,PRK,BRA,40
8167489,178,32,139,2009,6575172.0,55837.0,0.608089,0.709831,PRK,BRA,40
8167490,178,32,139,2013,455195.0,1500.0,-0.414538,-0.22449299999999997,PRK,BRA,40
8167491,178,32,139,1999,3598551.0,0.0,0.536814,0.980433,PRK,BRA,40
8167492,178,32,139,2000,1567467.0,16218.0,0.786946,1.0068290000000002,PRK,BRA,40
8167493,178,32,139,2001,554233.0,0.0,0.62773,1.010888,PRK,BRA,40
8167494,178,32,139,2004,967542.0,312316.0,0.578991,0.781518,PRK,BRA,40
8167495,178,32,139,2005,3417875.0,58977.0,0.712403,0.8739520000000001,PRK,BRA,40
8167496,178,32,139,2006,3331771.0,90737.0,0.548754,0.763313,PRK,BRA,40
8167497,178,32,139,2002,799141.0,53747.0,0.43756999999999996,0.744264,PRK,BRA,40
8167498,178,32,139,2003,1569549.0,1471289.0,0.7060420000000001,0.7718,PRK,BRA,40
8167499,178,32,139,1996,46252.0,5718.0,0.725014,1.20189,PRK,BRA,40
8167500,178,32,139,1998,5096080.0,0.0,0.7417239999999999,0.899826,PRK,BRA,40
8167501,178,32,139,1997,2006737.0,4408.0,0.701604,0.649257,PRK,BRA,40
8167502,178,32,139,1995,35988.0,44558.0,0.46509799999999996,0.645496,PRK,BRA,40
8167503,179,32,139,2019,2995548.0,2312926.0,0.545467,2.344447,PRT,BRA,40
8167504,179,32,139,2020,1716377.0,1679680.0,0.656999,2.1136470000000003,PRT,BRA,40
8167505,179,32,139,2018,6708534.0,1585188.0,0.652628,2.211758,PRT,BRA,40
8167506,179,32,139,1996,1423946.0,2861745.0,0.39343,1.170144,PRT,BRA,40
8167507,179,32,139,1995,659590.0,5113166.0,0.412677,1.254009,PRT,BRA,40
8167508,179,32,139,1998,2807865.0,1474026.0,0.39771999999999996,1.303603,PRT,BRA,40
8167509,179,32,139,2000,2043383.0,966132.0,0.547816,1.70635,PRT,BRA,40
8167510,179,32,139,2002,769093.0,1454855.0,0.484407,1.6500080000000001,PRT,BRA,40
8167511,179,32,139,2003,1231832.0,2439995.0,0.471376,1.647303,PRT,BRA,40
8167512,179,32,139,2008,1710681.0,1684131.0,0.64135,2.1946939999999997,PRT,BRA,40
8167513,179,32,139,2009,1450713.0,455454.0,0.559189,2.4359919999999997,PRT,BRA,40
8167514,179,32,139,2010,1996481.0,399468.0,0.551149,2.437209,PRT,BRA,40
8167515,179,32,139,2011,3259463.0,472330.0,0.558481,2.7056240000000003,PRT,BRA,40
8167516,179,32,139,2012,3996913.0,392512.0,0.648544,2.405491,PRT,BRA,40
8167517,179,32,139,2013,5215629.0,2162961.0,0.541454,2.5228610000000002,PRT,BRA,40
8167518,179,32,139,2014,4019510.0,694674.0,0.621053,2.349644,PRT,BRA,40
8167519,179,32,139,2015,3565753.0,924977.0,0.561922,2.2276380000000002,PRT,BRA,40
8167520,179,32,139,2016,3316725.0,745694.0,0.519621,2.254972,PRT,BRA,40
8167521,179,32,139,2017,8669953.0,1575764.0,0.527046,2.264624,PRT,BRA,40
8167522,179,32,139,1997,2592706.0,1607032.0,0.379367,1.296551,PRT,BRA,40
8167523,179,32,139,1999,1444213.0,1591007.0,0.420538,1.379359,PRT,BRA,40
8167524,179,32,139,2006,2540259.0,1674177.0,0.5723630000000001,1.92303,PRT,BRA,40
8167525,179,32,139,2001,1532470.0,1389702.0,0.482048,1.662123,PRT,BRA,40
8167526,179,32,139,2005,1421760.0,2895281.0,0.5119819999999999,1.901636,PRT,BRA,40
8167527,179,32,139,2004,794934.0,2637638.0,0.524524,1.901139,PRT,BRA,40
8167528,179,32,139,2007,2840474.0,2020725.0,0.621302,1.971656,PRT,BRA,40
8167529,180,32,139,2001,50582.0,37129831.0,-0.68893,-0.9326690000000001,PRY,BRA,40
8167530,180,32,139,2006,728075.0,72297274.0,-0.520435,-0.7839119999999999,PRY,BRA,40
8167531,180,32,139,2008,5845172.0,89155110.0,-0.556298,-0.9503780000000001,PRY,BRA,40
8167532,180,32,139,2009,4650619.0,59829842.0,-0.564858,-0.941735,PRY,BRA,40
8167533,180,32,139,2010,18374783.0,86847727.0,-0.553805,-0.8699450000000001,PRY,BRA,40
8167534,180,32,139,2012,6183601.0,77638964.0,-0.497895,-0.9197299999999999,PRY,BRA,40
8167535,180,32,139,2013,1518021.0,84060997.0,-0.566239,-0.9273459999999999,PRY,BRA,40
8167536,180,32,139,2014,707867.0,76917783.0,-0.608509,-0.930679,PRY,BRA,40
8167537,180,32,139,2015,1312844.0,45357225.0,-0.471106,-0.9431139999999999,PRY,BRA,40
8167538,180,32,139,2016,1203821.0,42998719.0,-0.660702,-1.0329979999999999,PRY,BRA,40
8167539,180,32,139,2017,343445.0,59574142.0,-0.437741,-0.9248879999999999,PRY,BRA,40
8167540,180,32,139,2018,783169.0,51686042.0,-0.614751,-0.952478,PRY,BRA,40
8167541,180,32,139,2019,855761.0,46067966.0,-0.500999,-0.8635219999999999,PRY,BRA,40
8167542,180,32,139,2020,470403.0,33795569.0,-0.45920600000000006,-0.930341,PRY,BRA,40
8167543,180,32,139,2002,25159.0,42423758.0,-0.614282,-0.963832,PRY,BRA,40
8167544,180,32,139,2003,264821.0,58974923.0,-0.607733,-0.8577879999999999,PRY,BRA,40
8167545,180,32,139,2004,305454.0,62267043.0,-0.64574,-0.978875,PRY,BRA,40
8167546,180,32,139,2005,717193.0,64341273.0,-0.7109880000000001,-0.8740680000000001,PRY,BRA,40
8167547,180,32,139,2007,14061035.0,84155692.0,-0.500617,-0.814385,PRY,BRA,40
8167548,180,32,139,2011,7626386.0,105138554.0,-0.548759,-0.877743,PRY,BRA,40
8167549,180,32,139,1996,10468576.0,110139670.0,-0.506178,-0.712851,PRY,BRA,40
8167550,180,32,139,2000,143839.0,36955616.0,-0.774476,-0.980039,PRY,BRA,40
8167551,180,32,139,1995,3298534.0,86934898.0,-0.283544,-0.640898,PRY,BRA,40
8167552,180,32,139,1997,1035660.0,97324461.0,-0.44951,-0.818817,PRY,BRA,40
8167553,180,32,139,1998,758609.0,79676913.0,-0.204539,-0.766486,PRY,BRA,40
8167554,180,32,139,1999,517768.0,35525069.0,-0.541387,-0.863967,PRY,BRA,40
8167555,181,32,139,2017,0.0,1153.0,0.11852,0.609241,PSE,BRA,40
8167556,181,32,139,2013,0.0,996.0,0.072979,0.7099260000000001,PSE,BRA,40
8167557,181,32,139,2016,0.0,102025.0,-0.067187,0.535972,PSE,BRA,40
8167558,181,32,139,2007,0.0,7545.0,0.16788499999999998,0.689805,PSE,BRA,40
8167559,181,32,139,2020,0.0,115233.0,0.162235,0.828319,PSE,BRA,40
8167560,181,32,139,2008,0.0,1145.0,0.19076300000000002,1.019001,PSE,BRA,40
8167561,181,32,139,2019,0.0,537209.0,0.05640800000000001,0.708102,PSE,BRA,40
8167562,181,32,139,2011,0.0,1264.0,0.07902999999999999,0.550277,PSE,BRA,40
8167563,181,32,139,2010,0.0,10899.0,0.12470099999999999,0.576382,PSE,BRA,40
8167564,181,32,139,2012,0.0,1668.0,0.219288,0.620059,PSE,BRA,40
8167565,181,32,139,2018,0.0,7484.0,0.096402,0.735946,PSE,BRA,40
8167566,181,32,139,2009,0.0,8723.0,0.119192,0.6390680000000001,PSE,BRA,40
8167567,182,32,139,2011,0.0,11513.0,0.37798000000000004,-0.460049,PYF,BRA,40
8167568,182,32,139,2008,0.0,14314.0,-0.255879,-0.714841,PYF,BRA,40
8167569,182,32,139,2005,0.0,14627.0,-0.46358999999999995,-0.801909,PYF,BRA,40
8167570,182,32,139,2007,0.0,20508.0,-0.72809,-0.9329620000000001,PYF,BRA,40
8167571,182,32,139,2003,0.0,27614.0,-0.255707,-0.676557,PYF,BRA,40
8167572,182,32,139,2004,0.0,18735.0,-0.414954,-0.773736,PYF,BRA,40
8167573,182,32,139,2006,0.0,35387.0,-0.213329,-0.743599,PYF,BRA,40
8167574,182,32,139,2020,0.0,3453.0,0.640838,-0.11156300000000001,PYF,BRA,40
8167575,182,32,139,2019,0.0,3883.0,0.30119,-0.39213000000000003,PYF,BRA,40
8167576,182,32,139,2017,0.0,3628.0,-0.1278,-0.748387,PYF,BRA,40
8167577,182,32,139,2012,0.0,23594.0,-0.131116,-0.6672819999999999,PYF,BRA,40
8167578,182,32,139,2013,0.0,24319.0,-0.146044,-0.7055359999999999,PYF,BRA,40
8167579,182,32,139,2018,0.0,5670.0,0.21430300000000002,-0.484076,PYF,BRA,40
8167580,182,32,139,2016,0.0,4398.0,0.11597400000000001,-0.657672,PYF,BRA,40
8167581,182,32,139,1997,0.0,656.0,0.333947,-0.5391560000000001,PYF,BRA,40
8167582,182,32,139,1999,0.0,593.0,0.281327,-0.624142,PYF,BRA,40
8167583,182,32,139,2000,0.0,4723.0,0.01154,-0.6676880000000001,PYF,BRA,40
8167584,182,32,139,2001,0.0,2665.0,-0.005456,-0.7210770000000001,PYF,BRA,40
8167585,182,32,139,2009,0.0,13304.0,-0.440014,-0.835513,PYF,BRA,40
8167586,182,32,139,2002,0.0,18164.0,0.042936,-0.7421840000000001,PYF,BRA,40
8167587,182,32,139,2010,0.0,15334.0,-0.47692700000000005,-0.8429760000000001,PYF,BRA,40
8167588,182,32,139,2014,0.0,7905.0,0.008831,-0.6268279999999999,PYF,BRA,40
8167589,182,32,139,2015,0.0,13121.0,-0.301696,-0.795154,PYF,BRA,40
8167590,182,32,139,1995,74674.0,0.0,-0.33641,-0.696238,PYF,BRA,40
8167591,182,32,139,1996,0.0,1735.0,0.845308,-0.31763,PYF,BRA,40
8167592,183,32,139,2007,12770.0,550903.0,0.20181500000000002,-0.9898110000000001,QAT,BRA,40
8167593,183,32,139,2010,0.0,734433.0,-0.346143,-1.078192,QAT,BRA,40
8167594,183,32,139,2008,0.0,309004.0,-0.36390900000000004,-1.0045549999999999,QAT,BRA,40
8167595,183,32,139,2006,0.0,404588.0,0.055777999999999994,-1.0379049999999999,QAT,BRA,40
8167596,183,32,139,2011,0.0,237875.0,-0.45851899999999995,-1.017033,QAT,BRA,40
8167597,183,32,139,2013,658.0,262041.0,-0.083649,-1.013491,QAT,BRA,40
8167598,183,32,139,2015,0.0,513109.0,-0.077053,-0.9922719999999999,QAT,BRA,40
8167599,183,32,139,2000,0.0,322532.0,-0.591806,-1.152123,QAT,BRA,40
8167600,183,32,139,2005,227288.0,428897.0,0.2381,-1.0287979999999999,QAT,BRA,40
8167601,183,32,139,2014,0.0,262238.0,-0.37535599999999997,-1.0196370000000001,QAT,BRA,40
8167602,183,32,139,2017,0.0,526131.0,-0.361327,-1.066869,QAT,BRA,40
8167603,183,32,139,2020,0.0,393016.0,-0.028836,-1.0183950000000002,QAT,BRA,40
8167604,183,32,139,2001,0.0,534319.0,-0.46564799999999995,-1.127634,QAT,BRA,40
8167605,183,32,139,2002,0.0,640153.0,-0.306052,-1.098296,QAT,BRA,40
8167606,183,32,139,2003,0.0,668186.0,-0.209042,-1.0565799999999999,QAT,BRA,40
8167607,183,32,139,2009,0.0,479378.0,-0.484947,-1.07179,QAT,BRA,40
8167608,183,32,139,2019,0.0,559582.0,-0.064127,-1.065046,QAT,BRA,40
8167609,183,32,139,2016,0.0,732562.0,-0.36124,-1.106629,QAT,BRA,40
8167610,183,32,139,2018,0.0,443708.0,-0.068401,-1.014732,QAT,BRA,40
8167611,183,32,139,2004,0.0,369353.0,0.21713400000000002,-1.031806,QAT,BRA,40
8167612,183,32,139,2012,1566.0,104208.0,-0.558014,-1.012392,QAT,BRA,40
8167613,183,32,139,1999,0.0,141504.0,-0.593308,-1.18811,QAT,BRA,40
8167614,183,32,139,1998,0.0,234097.0,-1.047819,-1.226928,QAT,BRA,40
8167615,183,32,139,1996,0.0,102459.0,-0.48203500000000005,-1.117173,QAT,BRA,40
8167616,183,32,139,1997,0.0,185030.0,-1.0874469999999998,-1.204852,QAT,BRA,40
8167617,183,32,139,1995,0.0,384874.0,-0.721352,-1.0827799999999999,QAT,BRA,40
8167618,184,32,139,1995,0.0,48523.0,0.728825,-0.178569,REU,BRA,40
8167619,185,32,139,2001,575553.0,340914.0,0.326733,1.005332,ROU,BRA,40
8167620,185,32,139,2005,432143.0,924055.0,0.371288,1.095875,ROU,BRA,40
8167621,185,32,139,2006,1263804.0,782467.0,0.550825,1.170744,ROU,BRA,40
8167622,185,32,139,2007,599408.0,429350.0,0.69445,1.223747,ROU,BRA,40
8167623,185,32,139,2008,6666583.0,412012.0,0.784924,1.235527,ROU,BRA,40
8167624,185,32,139,2009,2991297.0,1044304.0,0.833802,1.024418,ROU,BRA,40
8167625,185,32,139,2011,10489453.0,2042744.0,0.722,1.296655,ROU,BRA,40
8167626,185,32,139,1996,51769.0,1731.0,0.612035,0.880964,ROU,BRA,40
8167627,185,32,139,2016,6127525.0,652578.0,1.061259,0.9878870000000001,ROU,BRA,40
8167628,185,32,139,2018,9067005.0,592965.0,1.050715,1.04471,ROU,BRA,40
8167629,185,32,139,2019,7944810.0,199915.0,1.044289,1.013691,ROU,BRA,40
8167630,185,32,139,2020,6110984.0,62481.0,1.13426,0.9767809999999999,ROU,BRA,40
8167631,185,32,139,1995,121514.0,0.0,0.621468,1.038729,ROU,BRA,40
8167632,185,32,139,1998,412064.0,68723.0,0.315392,0.961176,ROU,BRA,40
8167633,185,32,139,2017,8246343.0,611604.0,1.05479,0.9842219999999999,ROU,BRA,40
8167634,185,32,139,2003,564904.0,507292.0,0.378379,1.0064620000000002,ROU,BRA,40
8167635,185,32,139,2004,140156.0,669673.0,0.37241599999999997,1.015865,ROU,BRA,40
8167636,185,32,139,2010,5426521.0,693258.0,0.6483760000000001,1.200256,ROU,BRA,40
8167637,185,32,139,2012,18151010.0,2021303.0,0.745926,1.2884719999999998,ROU,BRA,40
8167638,185,32,139,2013,22488007.0,917244.0,0.792035,1.225034,ROU,BRA,40
8167639,185,32,139,2015,8876681.0,828302.0,0.946363,1.056775,ROU,BRA,40
8167640,185,32,139,2002,295794.0,278577.0,0.29888200000000004,0.980376,ROU,BRA,40
8167641,185,32,139,2014,12929640.0,1542407.0,0.9112,1.188161,ROU,BRA,40
8167642,185,32,139,1997,58269.0,15027.0,0.44381000000000004,1.084109,ROU,BRA,40
8167643,185,32,139,1999,35452.0,70244.0,0.253874,0.8322709999999999,ROU,BRA,40
8167644,185,32,139,2000,631528.0,220463.0,0.39034,0.84193,ROU,BRA,40
8167645,186,32,139,2016,46479363.0,1949686.0,0.252891,0.200423,RUS,BRA,40
8167646,186,32,139,2004,5697371.0,1788609.0,0.8952399999999999,0.172896,RUS,BRA,40
8167647,186,32,139,2005,10426875.0,1747646.0,0.901675,0.061595000000000004,RUS,BRA,40
8167648,186,32,139,2017,55209473.0,1885188.0,0.32885,0.288392,RUS,BRA,40
8167649,186,32,139,1996,53356.0,3789074.0,0.900185,0.47723000000000004,RUS,BRA,40
8167650,186,32,139,1997,1522620.0,618712.0,0.87377,0.423861,RUS,BRA,40
8167651,186,32,139,1998,1618495.0,1364356.0,0.93909,0.59719,RUS,BRA,40
8167652,186,32,139,1999,2883114.0,366973.0,0.903308,0.590858,RUS,BRA,40
8167653,186,32,139,2000,3468906.0,965936.0,0.976274,0.42859200000000003,RUS,BRA,40
8167654,186,32,139,2001,2075590.0,1274184.0,0.945816,0.35027600000000003,RUS,BRA,40
8167655,186,32,139,2002,2753459.0,1110623.0,1.109397,0.424229,RUS,BRA,40
8167656,186,32,139,2003,3155199.0,1365590.0,1.072729,0.338355,RUS,BRA,40
8167657,186,32,139,2008,42323324.0,3488331.0,0.559059,-0.00886,RUS,BRA,40
8167658,186,32,139,2009,31270380.0,2331936.0,0.392478,-0.20038399999999998,RUS,BRA,40
8167659,186,32,139,2012,107494146.0,2292061.0,0.20625500000000002,-0.196697,RUS,BRA,40
8167660,186,32,139,2013,96364936.0,3193362.0,0.481166,-0.180052,RUS,BRA,40
8167661,186,32,139,2015,67516594.0,1785962.0,0.23119,0.035965,RUS,BRA,40
8167662,186,32,139,2018,61903295.0,1209294.0,0.21398000000000003,0.100414,RUS,BRA,40
8167663,186,32,139,2020,43117010.0,6783746.0,0.373882,0.42102700000000004,RUS,BRA,40
8167664,186,32,139,2010,65244778.0,821889.0,0.583996,-0.223881,RUS,BRA,40
8167665,186,32,139,2011,119811836.0,2727057.0,0.47319399999999995,-0.20801599999999998,RUS,BRA,40
8167666,186,32,139,2006,15385307.0,2632623.0,0.801197,0.104683,RUS,BRA,40
8167667,186,32,139,2007,27849509.0,2141995.0,0.5576399999999999,-0.05382000000000001,RUS,BRA,40
8167668,186,32,139,2014,77920552.0,4142509.0,0.229422,-0.214856,RUS,BRA,40
8167669,186,32,139,2019,63434485.0,3127328.0,0.329884,0.26215,RUS,BRA,40
8167670,186,32,139,1995,109280.0,1414170.0,0.364437,0.171494,RUS,BRA,40
8167671,187,32,139,2017,0.0,66.0,-0.7610319999999999,-0.680251,RWA,BRA,40
8167672,187,32,139,2018,0.0,413.0,-0.618925,-0.788172,RWA,BRA,40
8167673,187,32,139,2019,0.0,1765.0,-0.812602,-0.737603,RWA,BRA,40
8167674,187,32,139,2003,0.0,48596.0,-0.99513,-0.852476,RWA,BRA,40
8167675,187,32,139,2006,0.0,21582.0,-0.032827999999999996,-0.42937600000000004,RWA,BRA,40
8167676,187,32,139,2010,0.0,2047.0,-0.6033350000000001,-0.524881,RWA,BRA,40
8167677,187,32,139,1996,0.0,8780.0,0.07343,-0.520246,RWA,BRA,40
8167678,187,32,139,2016,0.0,1546.0,-0.5802149999999999,-0.568327,RWA,BRA,40
8167679,187,32,139,2020,0.0,1180.0,-0.923618,-0.975133,RWA,BRA,40
8167680,187,32,139,2011,0.0,448.0,-0.684475,-0.690734,RWA,BRA,40
8167681,187,32,139,2013,0.0,107.0,-0.490519,-0.48427700000000007,RWA,BRA,40
8167682,187,32,139,2014,0.0,561.0,-0.5692659999999999,-0.447859,RWA,BRA,40
8167683,188,32,139,2006,20736.0,3845212.0,0.162432,-0.853059,SAU,BRA,40
8167684,188,32,139,2011,840711.0,3401277.0,0.354045,-0.800028,SAU,BRA,40
8167685,188,32,139,2017,159124.0,6104676.0,0.597716,-0.345049,SAU,BRA,40
8167686,188,32,139,2018,2273589.0,4986479.0,0.5801810000000001,-0.447514,SAU,BRA,40
8167687,188,32,139,2019,1661169.0,5105024.0,0.787798,-0.41350600000000004,SAU,BRA,40
8167688,188,32,139,2020,2768084.0,1971017.0,0.662925,-0.21661999999999998,SAU,BRA,40
8167689,188,32,139,2007,179554.0,3517068.0,0.367463,-0.8603709999999999,SAU,BRA,40
8167690,188,32,139,2005,0.0,4423395.0,0.678873,-0.759985,SAU,BRA,40
8167691,188,32,139,2013,496522.0,4137482.0,0.626347,-0.844406,SAU,BRA,40
8167692,188,32,139,2016,586003.0,6152447.0,0.394807,-0.638644,SAU,BRA,40
8167693,188,32,139,2012,334367.0,5728734.0,0.42235200000000006,-0.818584,SAU,BRA,40
8167694,188,32,139,2014,707350.0,8508531.0,0.5758439999999999,-0.832692,SAU,BRA,40
8167695,188,32,139,2015,1640393.0,8775847.0,0.5552520000000001,-0.7263229999999999,SAU,BRA,40
8167696,188,32,139,2009,1667701.0,4571907.0,0.300581,-0.813199,SAU,BRA,40
8167697,188,32,139,2010,199526.0,3860058.0,0.46696400000000005,-0.7487520000000001,SAU,BRA,40
8167698,188,32,139,2008,498358.0,3245173.0,-0.09849400000000001,-0.8998309999999999,SAU,BRA,40
8167699,188,32,139,1996,0.0,1544048.0,0.215265,-0.8577309999999999,SAU,BRA,40
8167700,188,32,139,1998,0.0,2553203.0,0.521849,-0.7550899999999999,SAU,BRA,40
8167701,188,32,139,2004,0.0,3162980.0,0.546196,-0.7014729999999999,SAU,BRA,40
8167702,188,32,139,2003,1110.0,1816456.0,0.202286,-0.714691,SAU,BRA,40
8167703,188,32,139,1995,0.0,3320546.0,0.401573,-0.6676529999999999,SAU,BRA,40
8167704,188,32,139,1999,0.0,2111608.0,0.553028,-0.527401,SAU,BRA,40
8167705,188,32,139,2000,0.0,2905050.0,0.588175,-0.74197,SAU,BRA,40
8167706,188,32,139,2002,0.0,1350259.0,0.082107,-0.843317,SAU,BRA,40
8167707,188,32,139,2001,0.0,1888803.0,0.5370550000000001,-0.793469,SAU,BRA,40
8167708,188,32,139,1997,0.0,1778434.0,0.015040000000000001,-0.954475,SAU,BRA,40
8167709,189,32,139,2004,108771.0,20728.0,0.628071,2.210424,SCG,BRA,40
8167710,189,32,139,1998,570882.0,4257.0,0.603733,1.535453,SCG,BRA,40
8167711,189,32,139,2001,127594.0,2929.0,0.45280200000000004,2.469852,SCG,BRA,40
8167712,189,32,139,1996,26088.0,0.0,0.786293,2.20126,SCG,BRA,40
8167713,189,32,139,2000,187241.0,0.0,0.609133,2.278384,SCG,BRA,40
8167714,189,32,139,2002,0.0,5080.0,0.55781,2.135925,SCG,BRA,40
8167715,189,32,139,2003,223934.0,9729.0,0.575326,1.627894,SCG,BRA,40
8167716,189,32,139,2005,9660.0,2352.0,0.560725,1.62105,SCG,BRA,40
8167717,189,32,139,1997,4253310.0,0.0,0.659904,1.702849,SCG,BRA,40
8167718,190,32,139,2008,0.0,124364.0,-2.095439,-1.263511,SDN,BRA,40
8167719,190,32,139,2009,0.0,622456.0,-2.2948020000000002,-1.3182040000000002,SDN,BRA,40
8167720,190,32,139,2010,0.0,475458.0,-1.9094669999999998,-1.271065,SDN,BRA,40
8167721,190,32,139,2011,0.0,272785.0,-2.1675869999999997,-1.249272,SDN,BRA,40
8167722,190,32,139,2012,0.0,33414.0,-1.316171,-1.1347610000000001,SDN,BRA,40
8167723,190,32,139,2013,0.0,254035.0,-1.254944,-1.073564,SDN,BRA,40
8167724,190,32,139,2016,0.0,381527.0,-1.216141,-1.191648,SDN,BRA,40
8167725,190,32,139,2017,0.0,170631.0,-1.567691,-1.257164,SDN,BRA,40
8167726,190,32,139,2015,0.0,161470.0,-1.420356,-1.218424,SDN,BRA,40
8167727,190,32,139,2018,0.0,192567.0,-1.278532,-1.176008,SDN,BRA,40
8167728,190,32,139,2007,0.0,141682.0,-1.978359,-1.316172,SDN,BRA,40
8167729,190,32,139,2014,0.0,353054.0,-1.442381,-1.1155030000000001,SDN,BRA,40
8167730,190,32,139,2000,0.0,15232.0,-1.5105899999999999,-1.2287549999999998,SDN,BRA,40
8167731,190,32,139,2002,0.0,15339.0,-1.499925,-1.228374,SDN,BRA,40
8167732,190,32,139,2003,0.0,68855.0,-1.3535059999999999,-1.1701409999999999,SDN,BRA,40
8167733,190,32,139,2005,0.0,138639.0,-1.5685850000000001,-1.243433,SDN,BRA,40
8167734,190,32,139,2004,0.0,191413.0,-1.5346309999999999,-1.2599559999999999,SDN,BRA,40
8167735,190,32,139,2019,0.0,136582.0,-1.25579,-1.208796,SDN,BRA,40
8167736,190,32,139,2001,0.0,21325.0,-1.6325180000000001,-1.263267,SDN,BRA,40
8167737,190,32,139,2006,0.0,75838.0,-1.873762,-1.278378,SDN,BRA,40
8167738,190,32,139,2020,0.0,470239.0,-1.380126,-1.280657,SDN,BRA,40
8167739,191,32,139,1997,0.0,112530.0,-0.606205,-0.727753,SEN,BRA,40
8167740,191,32,139,2014,0.0,602805.0,-0.502607,-0.08866,SEN,BRA,40
8167741,191,32,139,2016,0.0,2112140.0,-0.7061270000000001,-0.46532399999999996,SEN,BRA,40
8167742,191,32,139,2008,0.0,391243.0,-0.478024,-0.313199,SEN,BRA,40
8167743,191,32,139,2013,0.0,3091224.0,-0.523662,-0.309101,SEN,BRA,40
8167744,191,32,139,2011,0.0,1265039.0,-0.624346,-0.308052,SEN,BRA,40
8167745,191,32,139,2015,0.0,1166310.0,-0.708349,-0.296663,SEN,BRA,40
8167746,191,32,139,2017,0.0,2164124.0,-0.6722899999999999,-0.26522199999999996,SEN,BRA,40
8167747,191,32,139,2018,0.0,3043725.0,-0.751378,-0.390573,SEN,BRA,40
8167748,191,32,139,2019,0.0,3111394.0,-0.721992,-0.385479,SEN,BRA,40
8167749,191,32,139,2020,2168.0,7226598.0,-0.634185,-0.398728,SEN,BRA,40
8167750,191,32,139,2012,0.0,2503325.0,-0.458858,-0.172745,SEN,BRA,40
8167751,191,32,139,2001,0.0,272818.0,-0.437779,-0.436654,SEN,BRA,40
8167752,191,32,139,2006,0.0,95489.0,-0.364713,-0.183612,SEN,BRA,40
8167753,191,32,139,2009,0.0,931384.0,-0.53392,-0.415513,SEN,BRA,40
8167754,191,32,139,2003,0.0,276592.0,-0.25203600000000004,-0.25549299999999997,SEN,BRA,40
8167755,191,32,139,2004,0.0,372766.0,-0.527127,-0.368631,SEN,BRA,40
8167756,191,32,139,2005,0.0,483898.0,-0.279715,-0.231985,SEN,BRA,40
8167757,191,32,139,2007,0.0,162698.0,-0.20343599999999998,0.27211199999999997,SEN,BRA,40
8167758,191,32,139,2010,0.0,1352786.0,-0.45445,-0.148149,SEN,BRA,40
8167759,191,32,139,2002,0.0,260409.0,-0.43679700000000005,-0.484176,SEN,BRA,40
8167760,191,32,139,1996,0.0,222353.0,-0.619785,-0.712171,SEN,BRA,40
8167761,191,32,139,1999,0.0,389280.0,-0.472473,-0.462562,SEN,BRA,40
8167762,191,32,139,2000,0.0,271864.0,-0.46170100000000003,-0.435547,SEN,BRA,40
8167763,191,32,139,1998,0.0,410332.0,-0.416955,-0.449216,SEN,BRA,40
8167764,191,32,139,1995,0.0,99702.0,-0.94962,-0.970988,SEN,BRA,40
8167765,192,32,139,2001,8087914.0,953612.0,1.364239,0.721074,SGP,BRA,40
8167766,192,32,139,2002,6231591.0,1913020.0,1.481857,0.648889,SGP,BRA,40
8167767,192,32,139,2011,12980193.0,32121285.0,1.849116,0.52127,SGP,BRA,40
8167768,192,32,139,2014,14830439.0,11815802.0,1.867492,0.626736,SGP,BRA,40
8167769,192,32,139,2018,15194252.0,9881830.0,1.914132,0.652011,SGP,BRA,40
8167770,192,32,139,1999,9340785.0,1046460.0,1.355833,0.594305,SGP,BRA,40
8167771,192,32,139,2000,11794952.0,1532470.0,1.3392389999999998,0.6035010000000001,SGP,BRA,40
8167772,192,32,139,2012,17456356.0,40592320.0,1.685959,0.5900989999999999,SGP,BRA,40
8167773,192,32,139,2013,8390816.0,20021764.0,1.915504,0.619576,SGP,BRA,40
8167774,192,32,139,2015,14362622.0,9934540.0,2.05613,0.593065,SGP,BRA,40
8167775,192,32,139,2017,17334482.0,9879168.0,1.884166,0.37903600000000004,SGP,BRA,40
8167776,192,32,139,2016,13655810.0,6046894.0,2.089995,0.564921,SGP,BRA,40
8167777,192,32,139,2005,6220966.0,3696104.0,1.601677,0.49930399999999997,SGP,BRA,40
8167778,192,32,139,2020,9369502.0,3221524.0,1.948379,0.610574,SGP,BRA,40
8167779,192,32,139,2008,10234968.0,7763175.0,1.844543,0.5947020000000001,SGP,BRA,40
8167780,192,32,139,2009,6275414.0,16896989.0,1.9503540000000001,0.498033,SGP,BRA,40
8167781,192,32,139,2010,15375140.0,36150482.0,1.8441349999999999,0.570311,SGP,BRA,40
8167782,192,32,139,2019,11554736.0,15186970.0,2.0264599999999997,0.665506,SGP,BRA,40
8167783,192,32,139,2003,6875454.0,1504468.0,1.5080799999999999,0.720337,SGP,BRA,40
8167784,192,32,139,2006,6516587.0,5430713.0,1.5377379999999998,0.503089,SGP,BRA,40
8167785,192,32,139,1995,103099651.0,1657735.0,0.747684,0.4745,SGP,BRA,40
8167786,192,32,139,1996,19960048.0,1030301.0,0.8354299999999999,0.41169799999999995,SGP,BRA,40
8167787,192,32,139,1997,13958355.0,1732695.0,1.01557,0.360154,SGP,BRA,40
8167788,192,32,139,1998,13257235.0,488126.0,1.0029709999999998,0.506545,SGP,BRA,40
8167789,192,32,139,2004,4948281.0,1940364.0,1.6409779999999998,0.634947,SGP,BRA,40
8167790,192,32,139,2007,11408915.0,8262481.0,1.608299,0.545791,SGP,BRA,40
8167791,196,32,139,2018,0.0,14102.0,-0.06932999999999999,-0.36035300000000003,SLE,BRA,40
8167792,196,32,139,2010,0.0,1263.0,-0.056713,-0.293668,SLE,BRA,40
8167793,196,32,139,2017,0.0,767600.0,-0.37777,-0.6353270000000001,SLE,BRA,40
8167794,196,32,139,2011,0.0,589403.0,-0.35546500000000003,-0.46134899999999995,SLE,BRA,40
8167795,196,32,139,2014,0.0,2482553.0,-0.9228569999999999,-0.791482,SLE,BRA,40
8167796,196,32,139,2002,0.0,13385.0,0.397488,-0.027672000000000002,SLE,BRA,40
8167797,196,32,139,2005,0.0,25974.0,0.510613,-0.040744,SLE,BRA,40
8167798,196,32,139,2013,0.0,189988.0,-0.132082,-0.552921,SLE,BRA,40
8167799,196,32,139,2015,0.0,37591.0,0.072324,-0.255235,SLE,BRA,40
8167800,196,32,139,2016,0.0,34686.0,-0.184021,-0.5023920000000001,SLE,BRA,40
8167801,196,32,139,2007,0.0,15646.0,-0.021377,-0.31765,SLE,BRA,40
8167802,196,32,139,2012,0.0,1096320.0,-0.6198279999999999,-0.627216,SLE,BRA,40
8167803,196,32,139,2003,0.0,9912.0,0.129923,-0.19926300000000002,SLE,BRA,40
8167804,196,32,139,2001,0.0,32220.0,0.331949,0.186253,SLE,BRA,40
8167805,196,32,139,2004,0.0,17072.0,0.48757399999999995,-0.0064659999999999995,SLE,BRA,40
8167806,196,32,139,2006,0.0,54969.0,0.518163,-0.032742,SLE,BRA,40
8167807,196,32,139,2009,0.0,22204.0,0.06259400000000001,-0.273258,SLE,BRA,40
8167808,196,32,139,1996,0.0,25931.0,0.208166,-0.386648,SLE,BRA,40
8167809,197,32,139,2013,0.0,1761303.0,-0.021029,0.381522,SLV,BRA,40
8167810,197,32,139,2014,0.0,1804289.0,0.08653999999999999,0.29088600000000003,SLV,BRA,40
8167811,197,32,139,2015,0.0,1979430.0,0.05531900000000001,0.169073,SLV,BRA,40
8167812,197,32,139,2016,4914.0,1451077.0,0.10397999999999999,0.25556599999999996,SLV,BRA,40
8167813,197,32,139,2017,2666.0,1393253.0,0.113639,0.23175199999999999,SLV,BRA,40
8167814,197,32,139,2018,0.0,1100154.0,0.073928,0.22548600000000002,SLV,BRA,40
8167815,197,32,139,2019,18822.0,1515977.0,0.014037,0.23216599999999998,SLV,BRA,40
8167816,197,32,139,2002,0.0,835819.0,-0.280138,-0.099225,SLV,BRA,40
8167817,197,32,139,2003,0.0,788450.0,-0.251357,-0.189917,SLV,BRA,40
8167818,197,32,139,2004,0.0,701965.0,-0.20529499999999998,0.1116,SLV,BRA,40
8167819,197,32,139,2005,0.0,769505.0,-0.279708,0.109346,SLV,BRA,40
8167820,197,32,139,2009,0.0,4934383.0,-0.19729100000000002,0.23434899999999997,SLV,BRA,40
8167821,197,32,139,2010,0.0,2553005.0,-0.101434,0.132639,SLV,BRA,40
8167822,197,32,139,2007,0.0,1686371.0,-0.110573,0.184426,SLV,BRA,40
8167823,197,32,139,2012,0.0,1656633.0,0.027747000000000004,0.19003399999999998,SLV,BRA,40
8167824,197,32,139,1997,0.0,650999.0,-0.09174500000000001,-0.034391000000000005,SLV,BRA,40
8167825,197,32,139,1999,0.0,368679.0,-0.263572,-0.121576,SLV,BRA,40
8167826,197,32,139,2000,853.0,655066.0,-0.265907,-0.141049,SLV,BRA,40
8167827,197,32,139,2001,0.0,635951.0,-0.181554,-0.031294,SLV,BRA,40
8167828,197,32,139,2006,0.0,1272172.0,-0.135312,0.140874,SLV,BRA,40
8167829,197,32,139,2008,0.0,1585987.0,-0.028986,0.369501,SLV,BRA,40
8167830,197,32,139,2011,0.0,2039193.0,-0.09713200000000001,0.20772600000000002,SLV,BRA,40
8167831,197,32,139,2020,0.0,1134095.0,-0.003327,0.18823399999999998,SLV,BRA,40
8167832,197,32,139,1995,0.0,537484.0,-0.17119600000000001,0.027889999999999998,SLV,BRA,40
8167833,197,32,139,1998,0.0,761501.0,-0.202965,-0.000499,SLV,BRA,40
8167834,197,32,139,1996,0.0,427502.0,-0.24968800000000002,-0.121995,SLV,BRA,40
8167835,198,32,139,2018,5528.0,0.0,1.1064260000000001,0.566218,SMR,BRA,40
8167836,198,32,139,2010,1233.0,0.0,1.0115299999999998,0.29852399999999996,SMR,BRA,40
8167837,198,32,139,2014,2184.0,0.0,0.9675090000000001,0.582902,SMR,BRA,40
8167838,198,32,139,2016,4365.0,0.0,1.086646,0.58939,SMR,BRA,40
8167839,198,32,139,2019,2939.0,12816.0,1.144691,0.7038989999999999,SMR,BRA,40
8167840,198,32,139,2017,3748.0,0.0,0.984548,0.6116199999999999,SMR,BRA,40
8167841,199,32,139,2005,0.0,18433.0,-0.9431440000000001,-0.9065350000000001,SOM,BRA,40
8167842,199,32,139,2020,0.0,260337.0,-1.26219,-1.0055180000000001,SOM,BRA,40
8167843,199,32,139,2003,0.0,10836.0,-0.319096,-0.649003,SOM,BRA,40
8167844,199,32,139,2006,0.0,35754.0,-0.8717010000000001,-0.8264969999999999,SOM,BRA,40
8167845,201,32,139,2020,3001405.0,72504.0,0.5868399999999999,1.1187120000000002,SRB,BRA,40
8167846,201,32,139,2017,9002030.0,167285.0,0.541644,1.19872,SRB,BRA,40
8167847,201,32,139,2019,4697311.0,194228.0,0.543913,1.210102,SRB,BRA,40
8167848,201,32,139,2016,4144560.0,142780.0,0.501676,1.0447520000000001,SRB,BRA,40
8167849,201,32,139,2018,7577110.0,362984.0,0.607486,1.2139389999999999,SRB,BRA,40
8167850,201,32,139,2005,45139.0,75970.0,0.627272,1.170525,SRB,BRA,40
8167851,201,32,139,2006,27936.0,45793.0,0.547824,1.5588879999999998,SRB,BRA,40
8167852,201,32,139,2015,4866801.0,201383.0,0.457042,1.324908,SRB,BRA,40
8167853,201,32,139,2012,1114167.0,41646.0,0.5927359999999999,1.507069,SRB,BRA,40
8167854,201,32,139,2013,6239009.0,697639.0,0.5717720000000001,1.174901,SRB,BRA,40
8167855,201,32,139,2014,5378669.0,129092.0,0.551635,1.211535,SRB,BRA,40
8167856,201,32,139,2008,352654.0,212383.0,0.615147,1.484149,SRB,BRA,40
8167857,201,32,139,2009,178624.0,167656.0,0.531766,1.477837,SRB,BRA,40
8167858,201,32,139,2010,570114.0,113204.0,0.561161,1.33974,SRB,BRA,40
8167859,201,32,139,2007,51394.0,141790.0,0.579288,1.464123,SRB,BRA,40
8167860,201,32,139,2011,1517759.0,56390.0,0.49055699999999997,1.5601399999999999,SRB,BRA,40
8167861,202,32,139,2020,0.0,1539.0,-1.948366,-0.9899879999999999,SSD,BRA,40
8167862,203,32,139,2010,0.0,6000.0,0.676596,-0.145275,STP,BRA,40
8167863,203,32,139,2006,0.0,3672.0,0.805511,-0.19645,STP,BRA,40
8167864,203,32,139,2018,0.0,13319.0,1.426999,-0.039189999999999996,STP,BRA,40
8167865,203,32,139,2003,0.0,1187.0,1.046084,-0.183027,STP,BRA,40
8167866,203,32,139,2020,0.0,38832.0,0.327507,-0.46483,STP,BRA,40
8167867,205,32,139,1995,1817.0,87244.0,-0.75729,-0.8253459999999999,SUR,BRA,40
8167868,205,32,139,2007,6519.0,280118.0,-0.8506440000000001,-0.8898959999999999,SUR,BRA,40
8167869,205,32,139,2009,2177.0,339857.0,-0.580507,-1.072833,SUR,BRA,40
8167870,205,32,139,2010,2347.0,336578.0,-0.5734560000000001,-0.936167,SUR,BRA,40
8167871,205,32,139,2011,410.0,353476.0,-0.504897,-0.835426,SUR,BRA,40
8167872,205,32,139,2012,289.0,365027.0,-0.45644300000000004,-0.783343,SUR,BRA,40
8167873,205,32,139,2013,0.0,255273.0,-0.417865,-0.7600399999999999,SUR,BRA,40
8167874,205,32,139,2014,626.0,690034.0,-0.6333989999999999,-0.857643,SUR,BRA,40
8167875,205,32,139,2015,0.0,198484.0,-0.570361,-1.005072,SUR,BRA,40
8167876,205,32,139,1996,0.0,148159.0,-0.93463,-0.797197,SUR,BRA,40
8167877,205,32,139,1999,0.0,50268.0,-0.799447,-0.85055,SUR,BRA,40
8167878,205,32,139,2016,0.0,138736.0,-0.7823869999999999,-1.060347,SUR,BRA,40
8167879,205,32,139,2017,0.0,293849.0,-0.596432,-1.0249700000000002,SUR,BRA,40
8167880,205,32,139,2019,981.0,317927.0,-0.369004,-1.017133,SUR,BRA,40
8167881,205,32,139,2001,0.0,14861.0,-0.650556,-0.801128,SUR,BRA,40
8167882,205,32,139,2002,0.0,74319.0,-0.9120030000000001,-0.8871020000000001,SUR,BRA,40
8167883,205,32,139,2003,0.0,31046.0,-0.896925,-0.88623,SUR,BRA,40
8167884,205,32,139,2004,8359.0,74590.0,-0.991433,-0.926657,SUR,BRA,40
8167885,205,32,139,2005,0.0,90610.0,-0.571864,-0.851351,SUR,BRA,40
8167886,205,32,139,2008,0.0,255200.0,-0.766178,-0.8888,SUR,BRA,40
8167887,205,32,139,2018,0.0,272955.0,-0.798074,-1.023046,SUR,BRA,40
8167888,205,32,139,2006,3094.0,116575.0,-0.754046,-0.872361,SUR,BRA,40
8167889,205,32,139,2000,0.0,28501.0,-0.623625,-0.793325,SUR,BRA,40
8167890,205,32,139,2020,0.0,3211844.0,-0.272244,-0.937541,SUR,BRA,40
8167891,205,32,139,1997,0.0,348739.0,-0.806946,-0.83919,SUR,BRA,40
8167892,205,32,139,1998,0.0,243163.0,-0.9914540000000001,-0.893913,SUR,BRA,40
8167893,206,32,139,2013,8874305.0,186353.0,1.32064,0.7519819999999999,SVK,BRA,40
8167894,206,32,139,2018,2799453.0,106722.0,1.3270979999999999,0.877684,SVK,BRA,40
8167895,206,32,139,2008,2730442.0,163567.0,1.3402040000000002,0.8038770000000001,SVK,BRA,40
8167896,206,32,139,2020,2364976.0,116522.0,1.338026,0.825268,SVK,BRA,40
8167897,206,32,139,2011,5962667.0,218215.0,1.262897,0.8230569999999999,SVK,BRA,40
8167898,206,32,139,2014,2122827.0,1676589.0,1.334959,0.821253,SVK,BRA,40
8167899,206,32,139,2019,3052676.0,127660.0,1.39311,0.743107,SVK,BRA,40
8167900,206,32,139,2010,9480923.0,153127.0,1.278601,0.726907,SVK,BRA,40
8167901,206,32,139,2012,2836172.0,115116.0,1.26088,0.7704770000000001,SVK,BRA,40
8167902,206,32,139,1997,261368.0,3119.0,1.200699,1.318346,SVK,BRA,40
8167903,206,32,139,2005,1855610.0,412706.0,1.250608,0.9054639999999999,SVK,BRA,40
8167904,206,32,139,1995,90026.0,26828.0,1.2249780000000001,1.405585,SVK,BRA,40
8167905,206,32,139,2006,1823002.0,682046.0,1.291583,0.868317,SVK,BRA,40
8167906,206,32,139,2007,1887341.0,579810.0,1.358301,0.79655,SVK,BRA,40
8167907,206,32,139,2009,910674.0,242805.0,1.231382,0.820968,SVK,BRA,40
8167908,206,32,139,2015,1336837.0,34493.0,1.287133,0.7900560000000001,SVK,BRA,40
8167909,206,32,139,2016,1568086.0,46915.0,1.273942,0.763966,SVK,BRA,40
8167910,206,32,139,2017,2186074.0,357291.0,1.279606,0.85503,SVK,BRA,40
8167911,206,32,139,1996,391305.0,0.0,1.189398,1.29167,SVK,BRA,40
8167912,206,32,139,1998,426328.0,82427.0,1.202453,1.228204,SVK,BRA,40
8167913,206,32,139,1999,150794.0,158922.0,1.133942,1.105742,SVK,BRA,40
8167914,206,32,139,2000,47632.0,46043.0,1.228151,1.112002,SVK,BRA,40
8167915,206,32,139,2001,170117.0,48256.0,1.1732770000000001,1.088576,SVK,BRA,40
8167916,206,32,139,2002,619564.0,43434.0,1.1907379999999999,1.050649,SVK,BRA,40
8167917,206,32,139,2003,953319.0,97009.0,1.22565,0.915518,SVK,BRA,40
8167918,206,32,139,2004,1161264.0,220095.0,1.2375120000000002,0.8777889999999999,SVK,BRA,40
8167919,207,32,139,2018,1131033.0,2736498.0,1.67428,0.7703800000000001,SVN,BRA,40
8167920,207,32,139,2019,741144.0,3745944.0,1.63711,0.803198,SVN,BRA,40
8167921,207,32,139,2007,914507.0,2267170.0,1.605767,0.692926,SVN,BRA,40
8167922,207,32,139,2008,797105.0,3473066.0,1.5099209999999998,0.683663,SVN,BRA,40
8167923,207,32,139,2010,580819.0,2835037.0,1.595473,0.7023020000000001,SVN,BRA,40
8167924,207,32,139,2011,866286.0,5009415.0,1.642913,0.700222,SVN,BRA,40
8167925,207,32,139,2012,962876.0,4863762.0,1.548381,0.699002,SVN,BRA,40
8167926,207,32,139,2014,1987096.0,436108.0,1.6558669999999998,0.6814399999999999,SVN,BRA,40
8167927,207,32,139,2004,491525.0,436668.0,1.628643,1.02381,SVN,BRA,40
8167928,207,32,139,1995,97507.0,0.0,1.424606,1.490521,SVN,BRA,40
8167929,207,32,139,2000,298182.0,100521.0,1.493533,1.142239,SVN,BRA,40
8167930,207,32,139,1996,0.0,17994.0,1.409184,1.37245,SVN,BRA,40
8167931,207,32,139,1999,46844.0,47095.0,1.447589,1.284414,SVN,BRA,40
8167932,207,32,139,2003,368743.0,245121.0,1.6459840000000001,1.014191,SVN,BRA,40
8167933,207,32,139,1997,21180.0,15675.0,1.435765,1.348897,SVN,BRA,40
8167934,207,32,139,2002,324447.0,205394.0,1.5643770000000001,1.043862,SVN,BRA,40
8167935,207,32,139,2005,493869.0,920528.0,1.583591,0.9321229999999999,SVN,BRA,40
8167936,207,32,139,2006,762550.0,1672216.0,1.5882370000000001,0.800719,SVN,BRA,40
8167937,207,32,139,2009,663477.0,2220919.0,1.548036,0.730396,SVN,BRA,40
8167938,207,32,139,2017,971776.0,2279957.0,1.600319,0.854305,SVN,BRA,40
8167939,207,32,139,2016,940789.0,1686260.0,1.6466720000000001,0.8247680000000001,SVN,BRA,40
8167940,207,32,139,2013,1718707.0,3753447.0,1.698374,0.563082,SVN,BRA,40
8167941,207,32,139,2015,1593385.0,1744721.0,1.6089879999999999,0.833616,SVN,BRA,40
8167942,207,32,139,2020,486025.0,2679667.0,1.570699,0.8442459999999999,SVN,BRA,40
8167943,207,32,139,1998,64253.0,34533.0,1.442955,1.27214,SVN,BRA,40
8167944,207,32,139,2001,252236.0,86504.0,1.5074370000000001,1.1370040000000001,SVN,BRA,40
8167945,208,32,139,2011,21833436.0,1428390.0,1.857146,0.366159,SWE,BRA,40
8167946,208,32,139,2005,11706716.0,1692264.0,1.902796,0.84031,SWE,BRA,40
8167947,208,32,139,2017,9488468.0,1980166.0,1.764732,0.732646,SWE,BRA,40
8167948,208,32,139,2002,5788064.0,920453.0,2.128614,0.7891199999999999,SWE,BRA,40
8167949,208,32,139,2003,7430090.0,1317384.0,2.099224,0.799982,SWE,BRA,40
8167950,208,32,139,2004,7934061.0,1547881.0,2.0522080000000003,0.8326969999999999,SWE,BRA,40
8167951,208,32,139,2006,15833947.0,2160365.0,1.902737,0.593294,SWE,BRA,40
8167952,208,32,139,2008,23097109.0,998417.0,1.866575,0.44342700000000007,SWE,BRA,40
8167953,208,32,139,1996,1841393.0,954380.0,2.133781,0.9099889999999999,SWE,BRA,40
8167954,208,32,139,1997,4036969.0,864857.0,2.120182,0.993078,SWE,BRA,40
8167955,208,32,139,1998,5129347.0,1013753.0,2.134076,0.9259729999999999,SWE,BRA,40
8167956,208,32,139,1999,3155041.0,1200591.0,2.1456720000000002,0.856556,SWE,BRA,40
8167957,208,32,139,2000,4742906.0,1085386.0,2.168823,0.839417,SWE,BRA,40
8167958,208,32,139,2001,3966718.0,978432.0,2.156845,0.784439,SWE,BRA,40
8167959,208,32,139,2007,22607445.0,2101303.0,1.927244,0.498241,SWE,BRA,40
8167960,208,32,139,2009,10398022.0,1176252.0,1.877821,0.336565,SWE,BRA,40
8167961,208,32,139,2010,19275173.0,954724.0,1.882239,0.397927,SWE,BRA,40
8167962,208,32,139,2012,21370961.0,2475336.0,1.78062,0.269041,SWE,BRA,40
8167963,208,32,139,2013,22597776.0,937013.0,1.869421,0.228109,SWE,BRA,40
8167964,208,32,139,2014,18348311.0,1384038.0,1.817752,0.558474,SWE,BRA,40
8167965,208,32,139,2015,11086526.0,1127785.0,1.8068349999999997,0.693389,SWE,BRA,40
8167966,208,32,139,2016,8845999.0,1426948.0,1.785149,0.767444,SWE,BRA,40
8167967,208,32,139,2018,11905717.0,570624.0,1.76361,0.766904,SWE,BRA,40
8167968,208,32,139,2019,10225158.0,635531.0,1.781148,0.742037,SWE,BRA,40
8167969,208,32,139,2020,9088427.0,504132.0,1.6911310000000002,0.791586,SWE,BRA,40
8167970,208,32,139,1995,2198129.0,629306.0,2.246997,1.060171,SWE,BRA,40
8167971,209,32,139,2019,0.0,764.0,0.087181,-0.760434,SWZ,BRA,40
8167972,209,32,139,2013,4526.0,0.0,0.109267,-0.275005,SWZ,BRA,40
8167973,209,32,139,2017,2182.0,0.0,0.126066,-0.551203,SWZ,BRA,40
8167974,210,32,139,2019,0.0,14665.0,0.8903719999999999,0.116156,SXM,BRA,40
8167975,211,32,139,2014,0.0,2128.0,0.358111,-0.484879,SYC,BRA,40
8167976,211,32,139,2019,0.0,980.0,0.024113,-0.711363,SYC,BRA,40
8167977,211,32,139,2015,73992.0,1330.0,1.017467,-0.285569,SYC,BRA,40
8167978,211,32,139,2010,0.0,2094.0,-0.075668,-0.549686,SYC,BRA,40
8167979,211,32,139,2012,0.0,1688.0,0.034894999999999995,-0.497121,SYC,BRA,40
8167980,211,32,139,2016,26110.0,699.0,0.441241,-0.580767,SYC,BRA,40
8167981,211,32,139,2017,2684.0,990.0,0.41946000000000006,-0.523274,SYC,BRA,40
8167982,211,32,139,1995,0.0,12640.0,-0.103343,-0.57371,SYC,BRA,40
8167983,212,32,139,2009,0.0,152937.0,-0.48481199999999997,1.464509,SYR,BRA,40
8167984,212,32,139,2010,0.0,383959.0,-0.46833800000000003,1.11952,SYR,BRA,40
8167985,212,32,139,2003,0.0,379730.0,-0.868749,-0.326322,SYR,BRA,40
8167986,212,32,139,2005,0.0,486701.0,-0.677037,0.107451,SYR,BRA,40
8167987,212,32,139,2008,0.0,624948.0,-0.365789,0.877383,SYR,BRA,40
8167988,212,32,139,2006,0.0,432501.0,-0.588695,0.532487,SYR,BRA,40
8167989,212,32,139,2007,0.0,980495.0,-0.46851899999999996,0.553396,SYR,BRA,40
8167990,212,32,139,2011,0.0,209448.0,-0.604133,0.5268970000000001,SYR,BRA,40
8167991,212,32,139,2012,0.0,15472.0,-0.11197,1.916262,SYR,BRA,40
8167992,212,32,139,2014,0.0,1082.0,-0.366224,0.9054719999999999,SYR,BRA,40
8167993,212,32,139,2013,0.0,1000.0,-0.14343399999999998,1.077256,SYR,BRA,40
8167994,212,32,139,2015,0.0,12024.0,-0.603532,0.313216,SYR,BRA,40
8167995,212,32,139,2004,0.0,666794.0,-0.568707,-0.034736,SYR,BRA,40
8167996,212,32,139,2016,0.0,139184.0,-0.746222,0.179918,SYR,BRA,40
8167997,212,32,139,2002,0.0,297938.0,-1.067974,-0.513309,SYR,BRA,40
8167998,212,32,139,1999,0.0,346686.0,-0.996784,-0.6344069999999999,SYR,BRA,40
8167999,212,32,139,1997,0.0,501734.0,-1.046433,-0.9678620000000001,SYR,BRA,40
8168000,212,32,139,1998,0.0,542734.0,-0.807312,-0.626358,SYR,BRA,40
8168001,212,32,139,1996,0.0,336095.0,-1.100666,-0.90038,SYR,BRA,40
8168002,212,32,139,2000,0.0,526036.0,-1.1566969999999999,-0.783626,SYR,BRA,40
8168003,212,32,139,2001,0.0,827882.0,-1.057217,-0.716331,SYR,BRA,40
8168004,212,32,139,2017,0.0,40443.0,-0.660905,0.345462,SYR,BRA,40
8168005,212,32,139,2018,0.0,144367.0,-0.6836760000000001,0.554563,SYR,BRA,40
8168006,212,32,139,2019,2327.0,426328.0,-0.67825,0.385416,SYR,BRA,40
8168007,212,32,139,2020,0.0,340362.0,-0.579237,0.391392,SYR,BRA,40
8168008,212,32,139,1995,0.0,219712.0,-0.8829469999999999,-0.809407,SYR,BRA,40
8168009,213,32,139,2019,0.0,14090.0,0.729377,-0.28097300000000003,TCA,BRA,40
8168010,214,32,139,2016,0.0,336295.0,-2.7867189999999997,-1.035452,TCD,BRA,40
8168011,214,32,139,2005,0.0,17707.0,-1.927016,-0.876934,TCD,BRA,40
8168012,214,32,139,2003,0.0,226336.0,-0.263238,-0.6801189999999999,TCD,BRA,40
8168013,215,32,139,2007,0.0,94578.0,-0.78689,-0.806879,TGO,BRA,40
8168014,215,32,139,2002,0.0,19701.0,-0.6810039999999999,-0.6286930000000001,TGO,BRA,40
8168015,215,32,139,2015,0.0,50595.0,-0.66925,-0.873554,TGO,BRA,40
8168016,215,32,139,2016,0.0,342538.0,-0.751382,-0.7411310000000001,TGO,BRA,40
8168017,215,32,139,2017,0.0,54528.0,-0.8957450000000001,-0.891191,TGO,BRA,40
8168018,215,32,139,2018,0.0,39263.0,-0.685084,-0.773437,TGO,BRA,40
8168019,215,32,139,2019,0.0,6453.0,-0.823204,-0.819535,TGO,BRA,40
8168020,215,32,139,2020,0.0,763862.0,-0.719535,-0.746202,TGO,BRA,40
8168021,215,32,139,2003,0.0,80161.0,-0.5058590000000001,-0.520586,TGO,BRA,40
8168022,215,32,139,2008,0.0,76667.0,-0.5025689999999999,-0.747621,TGO,BRA,40
8168023,215,32,139,2009,0.0,1353.0,-0.561619,-0.759929,TGO,BRA,40
8168024,215,32,139,2011,0.0,9902.0,-0.9156030000000001,-0.884099,TGO,BRA,40
8168025,215,32,139,2012,0.0,609047.0,-0.50449,-0.604672,TGO,BRA,40
8168026,215,32,139,2013,0.0,56895.0,-0.598413,-0.49295200000000006,TGO,BRA,40
8168027,215,32,139,2014,0.0,35539.0,-0.524103,-0.537643,TGO,BRA,40
8168028,215,32,139,1996,0.0,18318.0,-0.9070459999999999,-0.7702399999999999,TGO,BRA,40
8168029,215,32,139,1995,0.0,12409.0,-0.962727,-0.873151,TGO,BRA,40
8168030,215,32,139,1998,0.0,19999.0,-0.8338540000000001,-0.8437020000000001,TGO,BRA,40
8168031,215,32,139,2005,0.0,27041.0,-0.745209,-0.455725,TGO,BRA,40
8168032,215,32,139,1997,0.0,11457.0,-0.974678,-0.8150350000000001,TGO,BRA,40
8168033,215,32,139,1999,0.0,79457.0,-0.583782,-0.6632279999999999,TGO,BRA,40
8168034,215,32,139,2000,0.0,11472.0,-0.799952,-0.63056,TGO,BRA,40
8168035,215,32,139,2001,0.0,14570.0,-0.758725,-0.577004,TGO,BRA,40
8168036,215,32,139,2004,0.0,6844.0,-0.6788270000000001,-0.482984,TGO,BRA,40
8168037,215,32,139,2006,0.0,93326.0,-0.8304020000000001,-0.678178,TGO,BRA,40
8168038,216,32,139,2002,47242449.0,1493423.0,0.432041,1.627953,THA,BRA,40
8168039,216,32,139,2003,78217180.0,1313392.0,0.43010699999999996,1.607408,THA,BRA,40
8168040,216,32,139,2012,344328491.0,28531194.0,0.910957,1.294243,THA,BRA,40
8168041,216,32,139,2013,356464891.0,21355348.0,0.8752139999999999,1.3798620000000001,THA,BRA,40
8168042,216,32,139,2014,269839281.0,26318511.0,0.977094,1.41283,THA,BRA,40
8168043,216,32,139,2015,175594859.0,19897435.0,0.965888,1.368572,THA,BRA,40
8168044,216,32,139,2016,171707382.0,26143886.0,1.022065,1.428082,THA,BRA,40
8168045,216,32,139,2017,219509675.0,17391598.0,0.983977,1.3926020000000001,THA,BRA,40
8168046,216,32,139,2018,201712803.0,12722135.0,1.053177,1.4084969999999999,THA,BRA,40
8168047,216,32,139,2005,131936342.0,2166849.0,0.552846,1.664665,THA,BRA,40
8168048,216,32,139,2006,211077888.0,2654257.0,0.568209,1.685343,THA,BRA,40
8168049,216,32,139,2007,253102188.0,3402095.0,0.711328,1.411114,THA,BRA,40
8168050,216,32,139,2009,152775361.0,14421697.0,0.79692,1.315501,THA,BRA,40
8168051,216,32,139,2010,402321310.0,9588339.0,0.748328,1.425224,THA,BRA,40
8168052,216,32,139,1996,30225177.0,2917689.0,0.10120599999999999,1.351967,THA,BRA,40
8168053,216,32,139,2000,38232865.0,916206.0,0.301195,1.577338,THA,BRA,40
8168054,216,32,139,2001,33931310.0,952264.0,0.37555900000000003,1.498267,THA,BRA,40
8168055,216,32,139,2004,113334194.0,1528976.0,0.5150359999999999,1.583019,THA,BRA,40
8168056,216,32,139,2008,285467572.0,10679387.0,0.7531399999999999,1.4420620000000002,THA,BRA,40
8168057,216,32,139,2011,513207587.0,20048892.0,0.889009,1.503118,THA,BRA,40
8168058,216,32,139,2019,205620477.0,10647096.0,0.9744229999999999,1.401199,THA,BRA,40
8168059,216,32,139,2020,203624722.0,14022715.0,1.035524,1.2777180000000001,THA,BRA,40
8168060,216,32,139,1999,25124655.0,712750.0,0.20451,1.513533,THA,BRA,40
8168061,216,32,139,1997,23563752.0,1069880.0,0.084875,1.41931,THA,BRA,40
8168062,216,32,139,1998,24564173.0,359058.0,0.128633,1.484142,THA,BRA,40
8168063,216,32,139,1995,23835211.0,2426107.0,0.174522,1.608058,THA,BRA,40
8168064,217,32,139,2018,0.0,5407.0,-0.757793,-1.0641209999999999,TJK,BRA,40
8168065,217,32,139,2019,0.0,3481.0,-0.7940020000000001,-1.075605,TJK,BRA,40
8168066,217,32,139,2009,114426.0,0.0,-1.0237319999999999,-1.1837950000000002,TJK,BRA,40
8168067,218,32,139,2018,10496.0,0.0,0.404658,-0.10286300000000001,TKL,BRA,40
8168068,218,32,139,2012,14966.0,0.0,0.563088,0.35384099999999996,TKL,BRA,40
8168069,218,32,139,2013,37598.0,0.0,0.39178,0.035406,TKL,BRA,40
8168070,218,32,139,2015,1567.0,0.0,0.48658500000000005,0.131537,TKL,BRA,40
8168071,218,32,139,2016,6630.0,0.0,0.243821,0.018425,TKL,BRA,40
8168072,218,32,139,2010,7124.0,0.0,0.389761,0.18912,TKL,BRA,40
8168073,218,32,139,2014,22150.0,0.0,0.5539350000000001,0.12801300000000002,TKL,BRA,40
8168074,218,32,139,2009,4754.0,0.0,0.5357,0.021527,TKL,BRA,40
8168075,218,32,139,2011,20595.0,0.0,0.319389,0.087049,TKL,BRA,40
8168076,218,32,139,2019,20528.0,0.0,0.49747600000000003,0.238225,TKL,BRA,40
8168077,218,32,139,2020,20106.0,0.0,0.7393069999999999,-0.190609,TKL,BRA,40
8168078,218,32,139,2017,7096.0,0.0,0.302394,-0.35394499999999995,TKL,BRA,40
8168079,219,32,139,2019,0.0,4810.0,-0.9725950000000001,-1.16562,TKM,BRA,40
8168080,220,32,139,2017,0.0,1547.0,-0.45426700000000003,-0.769744,TLS,BRA,40
8168081,220,32,139,2008,0.0,1378.0,0.75476,-0.594643,TLS,BRA,40
8168082,222,32,139,2009,30841.0,553671.0,-0.508195,-1.097365,TTO,BRA,40
8168083,222,32,139,2010,12504.0,1093334.0,-0.338123,-1.070239,TTO,BRA,40
8168084,222,32,139,2011,2427.0,309313.0,-0.44228,-1.031793,TTO,BRA,40
8168085,222,32,139,2012,27063.0,374762.0,-0.420754,-1.0575299999999999,TTO,BRA,40
8168086,222,32,139,1995,0.0,757997.0,0.254658,-0.496058,TTO,BRA,40
8168087,222,32,139,1996,0.0,515726.0,0.19111,-0.488382,TTO,BRA,40
8168088,222,32,139,1997,0.0,1159786.0,0.28791,-0.38322399999999995,TTO,BRA,40
8168089,222,32,139,1998,0.0,389656.0,0.273917,-0.453996,TTO,BRA,40
8168090,222,32,139,1999,0.0,274636.0,0.258046,-0.562956,TTO,BRA,40
8168091,222,32,139,2000,0.0,394682.0,-0.035037,-0.862433,TTO,BRA,40
8168092,222,32,139,2001,0.0,827661.0,0.178256,-0.709126,TTO,BRA,40
8168093,222,32,139,2005,0.0,512891.0,0.13125699999999998,-0.9324479999999999,TTO,BRA,40
8168094,222,32,139,2006,0.0,760358.0,-0.20651399999999998,-1.024907,TTO,BRA,40
8168095,222,32,139,2007,5476.0,1399715.0,-0.371347,-1.0536709999999998,TTO,BRA,40
8168096,222,32,139,2008,0.0,737618.0,-0.44752600000000003,-1.060906,TTO,BRA,40
8168097,222,32,139,2013,0.0,572520.0,-0.280641,-1.083332,TTO,BRA,40
8168098,222,32,139,2014,22939.0,284591.0,-0.57362,-1.117545,TTO,BRA,40
8168099,222,32,139,2015,1887.0,244008.0,-0.462837,-1.117621,TTO,BRA,40
8168100,222,32,139,2003,0.0,1372375.0,-0.16738,-0.9820969999999999,TTO,BRA,40
8168101,222,32,139,2002,0.0,974028.0,0.074907,-0.8203879999999999,TTO,BRA,40
8168102,222,32,139,2004,0.0,527835.0,0.00677,-0.965385,TTO,BRA,40
8168103,222,32,139,2017,0.0,690954.0,-0.183935,-1.012153,TTO,BRA,40
8168104,222,32,139,2018,0.0,842604.0,-0.281617,-1.009652,TTO,BRA,40
8168105,222,32,139,2020,3522.0,739012.0,0.156566,-0.653656,TTO,BRA,40
8168106,222,32,139,2019,0.0,803694.0,0.1861,-0.874604,TTO,BRA,40
8168107,222,32,139,2016,0.0,585913.0,-0.191969,-1.028843,TTO,BRA,40
8168108,223,32,139,2003,31620.0,346644.0,-0.14845999999999998,0.255092,TUN,BRA,40
8168109,223,32,139,2007,150103.0,295226.0,0.062824,0.74003,TUN,BRA,40
8168110,223,32,139,2019,175540.0,288591.0,0.19601300000000002,1.159766,TUN,BRA,40
8168111,223,32,139,2001,6281.0,77431.0,-0.162152,0.23939699999999997,TUN,BRA,40
8168112,223,32,139,2005,214290.0,286502.0,-0.07273099999999999,0.671113,TUN,BRA,40
8168113,223,32,139,2000,14143.0,36061.0,-0.188616,0.044912,TUN,BRA,40
8168114,223,32,139,2002,17002.0,130885.0,-0.221951,0.325506,TUN,BRA,40
8168115,223,32,139,2010,248158.0,118473.0,0.165019,0.8882059999999999,TUN,BRA,40
8168116,223,32,139,2016,258250.0,163053.0,0.171791,1.062948,TUN,BRA,40
8168117,223,32,139,2018,167354.0,286976.0,0.259778,1.187194,TUN,BRA,40
8168118,223,32,139,2006,194175.0,171615.0,-0.013636,0.804752,TUN,BRA,40
8168119,223,32,139,2004,73502.0,142057.0,-0.195751,0.335147,TUN,BRA,40
8168120,223,32,139,2008,232320.0,324885.0,0.084141,0.676248,TUN,BRA,40
8168121,223,32,139,2009,199576.0,139095.0,0.044903,0.9126120000000001,TUN,BRA,40
8168122,223,32,139,2017,214329.0,661427.0,0.224119,0.961772,TUN,BRA,40
8168123,223,32,139,2011,206737.0,131105.0,0.151221,1.1252360000000001,TUN,BRA,40
8168124,223,32,139,2012,133338.0,72161.0,0.24695799999999998,0.9356620000000001,TUN,BRA,40
8168125,223,32,139,2013,413615.0,258018.0,0.185528,1.0070700000000001,TUN,BRA,40
8168126,223,32,139,2014,587287.0,164256.0,0.343449,1.118007,TUN,BRA,40
8168127,223,32,139,2015,321250.0,145751.0,0.140202,0.967591,TUN,BRA,40
8168128,223,32,139,1998,0.0,247661.0,-0.21677,-0.08694299999999999,TUN,BRA,40
8168129,223,32,139,1995,0.0,1945448.0,-0.253792,-0.044331,TUN,BRA,40
8168130,223,32,139,1996,0.0,157503.0,-0.28546,-0.089051,TUN,BRA,40
8168131,223,32,139,2020,93970.0,137910.0,0.220298,0.454477,TUN,BRA,40
8168132,223,32,139,1997,0.0,124149.0,-0.24073899999999998,-0.146818,TUN,BRA,40
8168133,223,32,139,1999,14592.0,145886.0,-0.317866,-0.102551,TUN,BRA,40
8168134,224,32,139,2017,10727630.0,14392460.0,0.541611,2.405872,TUR,BRA,40
8168135,224,32,139,2018,8258354.0,11734307.0,0.518721,2.5581419999999997,TUR,BRA,40
8168136,224,32,139,2011,22542735.0,11132486.0,0.45775,2.4316259999999996,TUR,BRA,40
8168137,224,32,139,2012,20419047.0,14834417.0,0.507184,2.259161,TUR,BRA,40
8168138,224,32,139,2007,5355671.0,18117102.0,0.41396700000000003,2.0339869999999998,TUR,BRA,40
8168139,224,32,139,2005,4653167.0,12826597.0,0.226487,2.210279,TUR,BRA,40
8168140,224,32,139,2009,7496135.0,8285414.0,0.384596,2.3797610000000002,TUR,BRA,40
8168141,224,32,139,2010,15613198.0,12467369.0,0.359977,2.471173,TUR,BRA,40
8168142,224,32,139,2019,5934490.0,6010414.0,0.569408,2.364546,TUR,BRA,40
8168143,224,32,139,2020,5409895.0,5556842.0,0.590472,2.619866,TUR,BRA,40
8168144,224,32,139,2014,34610257.0,11421246.0,0.554761,2.385693,TUR,BRA,40
8168145,224,32,139,2015,12188767.0,8979300.0,0.438669,2.519632,TUR,BRA,40
8168146,224,32,139,2016,6907930.0,8215766.0,0.45364799999999994,2.478837,TUR,BRA,40
8168147,224,32,139,1996,254180.0,1085278.0,0.156866,1.554023,TUR,BRA,40
8168148,224,32,139,1997,466577.0,1573609.0,0.167734,1.5827870000000002,TUR,BRA,40
8168149,224,32,139,1998,817664.0,6231747.0,0.085286,1.653589,TUR,BRA,40
8168150,224,32,139,1999,877070.0,5080241.0,0.044692,1.745755,TUR,BRA,40
8168151,224,32,139,2000,677794.0,4961816.0,0.191299,1.9761529999999998,TUR,BRA,40
8168152,224,32,139,2001,1980447.0,2040494.0,0.188773,1.91451,TUR,BRA,40
8168153,224,32,139,2008,17949924.0,14800246.0,0.44478,2.186881,TUR,BRA,40
8168154,224,32,139,2013,23478604.0,16217477.0,0.42932299999999995,2.690235,TUR,BRA,40
8168155,224,32,139,2006,1635095.0,12504120.0,0.33971599999999996,2.193384,TUR,BRA,40
8168156,224,32,139,2002,495418.0,4581089.0,0.11263699999999999,1.83925,TUR,BRA,40
8168157,224,32,139,2003,2022274.0,6640904.0,0.192802,1.9855060000000002,TUR,BRA,40
8168158,224,32,139,2004,4584934.0,6861402.0,0.141454,1.9463599999999999,TUR,BRA,40
8168159,224,32,139,1995,102328.0,821566.0,0.166794,1.209066,TUR,BRA,40
8168160,225,32,139,2013,77913.0,0.0,0.002879,-0.779308,TUV,BRA,40
8168161,226,32,139,2007,0.0,532327.0,-0.8493959999999999,0.47116099999999994,TZA,BRA,40
8168162,226,32,139,2002,0.0,50848.0,-1.189463,-0.48640600000000006,TZA,BRA,40
8168163,226,32,139,2015,0.0,942026.0,-1.02395,-0.017509999999999998,TZA,BRA,40
8168164,226,32,139,1997,0.0,4950.0,-1.368133,-0.753692,TZA,BRA,40
8168165,226,32,139,2009,0.0,884121.0,-0.822897,0.644899,TZA,BRA,40
8168166,226,32,139,2008,0.0,493686.0,-0.755692,0.8751690000000001,TZA,BRA,40
8168167,226,32,139,2019,0.0,1008049.0,-0.907172,0.37293899999999996,TZA,BRA,40
8168168,226,32,139,2012,0.0,3245330.0,-0.594481,0.770239,TZA,BRA,40
8168169,226,32,139,2018,0.0,792890.0,-0.09850700000000001,1.145606,TZA,BRA,40
8168170,226,32,139,2005,0.0,365433.0,-1.049726,0.005511,TZA,BRA,40
8168171,226,32,139,2006,0.0,386215.0,-0.953097,0.159129,TZA,BRA,40
8168172,226,32,139,2001,0.0,27469.0,-1.193991,-0.49282200000000004,TZA,BRA,40
8168173,226,32,139,2013,0.0,2414772.0,-0.9306770000000001,0.273489,TZA,BRA,40
8168174,226,32,139,2014,0.0,2249031.0,-1.054331,0.166345,TZA,BRA,40
8168175,226,32,139,2016,0.0,820901.0,-1.1008799999999999,-0.048319,TZA,BRA,40
8168176,226,32,139,2017,0.0,672373.0,-1.0691709999999999,0.11636800000000001,TZA,BRA,40
8168177,226,32,139,2011,0.0,2422708.0,-0.751316,0.286505,TZA,BRA,40
8168178,226,32,139,1998,0.0,59635.0,-0.972823,-0.428149,TZA,BRA,40
8168179,226,32,139,2000,0.0,7589.0,-1.278362,-0.615536,TZA,BRA,40
8168180,226,32,139,2004,4007.0,250552.0,-1.022658,-0.007045999999999999,TZA,BRA,40
8168181,226,32,139,2010,0.0,1856256.0,-0.7327,0.427616,TZA,BRA,40
8168182,226,32,139,2020,0.0,1588589.0,-1.024,-0.023909,TZA,BRA,40
8168183,226,32,139,2003,0.0,46618.0,-1.225217,-0.43662399999999996,TZA,BRA,40
8168184,226,32,139,1995,25906.0,0.0,-1.219949,-0.8698969999999999,TZA,BRA,40
8168185,226,32,139,1999,0.0,19004.0,-1.068358,-0.54693,TZA,BRA,40
8168186,226,32,139,1996,0.0,4821.0,-1.391534,-0.907436,TZA,BRA,40
8168187,227,32,139,2019,0.0,235165.0,-0.639476,0.148255,UGA,BRA,40
8168188,227,32,139,2010,0.0,69883.0,-0.48061400000000004,0.187001,UGA,BRA,40
8168189,227,32,139,2007,0.0,599354.0,-0.900559,-0.42071400000000003,UGA,BRA,40
8168190,227,32,139,2017,0.0,156379.0,-0.6831020000000001,-0.046838,UGA,BRA,40
8168191,227,32,139,2002,0.0,726273.0,-1.038337,-0.896425,UGA,BRA,40
8168192,227,32,139,2004,0.0,376868.0,-0.914733,-0.554346,UGA,BRA,40
8168193,227,32,139,2008,0.0,201466.0,-0.653885,-0.035455,UGA,BRA,40
8168194,227,32,139,2011,0.0,250047.0,-0.7153,-0.062678,UGA,BRA,40
8168195,227,32,139,2005,0.0,478174.0,-0.896567,-0.645536,UGA,BRA,40
8168196,227,32,139,2006,0.0,293524.0,-0.702511,-0.43976099999999996,UGA,BRA,40
8168197,227,32,139,2009,0.0,62281.0,-0.573707,-0.036203,UGA,BRA,40
8168198,227,32,139,2012,0.0,216767.0,-0.484868,0.153507,UGA,BRA,40
8168199,227,32,139,2013,0.0,138220.0,-0.5462279999999999,0.200682,UGA,BRA,40
8168200,227,32,139,2014,0.0,437072.0,-0.46911800000000003,0.25446599999999997,UGA,BRA,40
8168201,227,32,139,2015,0.0,571536.0,-0.611023,0.078961,UGA,BRA,40
8168202,227,32,139,2016,0.0,207788.0,-0.37745300000000004,0.525303,UGA,BRA,40
8168203,227,32,139,2018,0.0,164263.0,-0.621049,-0.061448,UGA,BRA,40
8168204,227,32,139,2020,0.0,164579.0,-0.55156,-0.019136,UGA,BRA,40
8168205,227,32,139,2001,0.0,110689.0,-0.9694860000000001,-0.840592,UGA,BRA,40
8168206,227,32,139,1998,0.0,24066.0,-0.996762,-1.01326,UGA,BRA,40
8168207,227,32,139,1995,0.0,14390.0,-1.053037,-1.001752,UGA,BRA,40
8168208,227,32,139,1996,0.0,38013.0,-0.931124,-0.925523,UGA,BRA,40
8168209,227,32,139,2000,0.0,69483.0,-0.9484520000000001,-0.8246979999999999,UGA,BRA,40
8168210,227,32,139,2003,0.0,423091.0,-0.895193,-0.712039,UGA,BRA,40
8168211,227,32,139,1999,0.0,9723.0,-1.359508,-1.170077,UGA,BRA,40
8168212,228,32,139,2009,754836.0,312431.0,0.602688,0.830247,UKR,BRA,40
8168213,228,32,139,2010,11114988.0,499517.0,0.714148,0.916267,UKR,BRA,40
8168214,228,32,139,2011,12416498.0,152964.0,0.6221409999999999,0.765505,UKR,BRA,40
8168215,228,32,139,2012,6991273.0,356621.0,0.590001,0.8422069999999999,UKR,BRA,40
8168216,228,32,139,2013,12268978.0,1645471.0,0.657729,0.9063200000000001,UKR,BRA,40
8168217,228,32,139,2014,4549665.0,357091.0,0.566535,0.832267,UKR,BRA,40
8168218,228,32,139,2015,769280.0,556921.0,0.429879,0.701813,UKR,BRA,40
8168219,228,32,139,2016,16875.0,340430.0,0.406901,0.637051,UKR,BRA,40
8168220,228,32,139,2017,5622.0,365907.0,0.461109,0.7826569999999999,UKR,BRA,40
8168221,228,32,139,2018,46610.0,309747.0,0.337296,0.758675,UKR,BRA,40
8168222,228,32,139,2019,19031.0,403350.0,0.303802,0.5650270000000001,UKR,BRA,40
8168223,228,32,139,2020,26538.0,419449.0,0.383736,0.531328,UKR,BRA,40
8168224,228,32,139,2000,0.0,21353.0,0.763783,0.8563,UKR,BRA,40
8168225,228,32,139,2001,0.0,22725.0,0.8376969999999999,0.989059,UKR,BRA,40
8168226,228,32,139,2002,0.0,62425.0,0.835485,0.872135,UKR,BRA,40
8168227,228,32,139,2003,0.0,110422.0,0.8929389999999999,0.956685,UKR,BRA,40
8168228,228,32,139,2004,0.0,370863.0,0.8758040000000001,0.8195879999999999,UKR,BRA,40
8168229,228,32,139,2006,41236.0,193685.0,0.7008439999999999,0.79656,UKR,BRA,40
8168230,228,32,139,2007,2724441.0,161281.0,0.7441760000000001,0.8681260000000001,UKR,BRA,40
8168231,228,32,139,2008,73953.0,407287.0,0.59355,0.764415,UKR,BRA,40
8168232,228,32,139,2005,0.0,266628.0,0.701846,0.687519,UKR,BRA,40
8168233,228,32,139,1996,0.0,1085686.0,0.896537,0.9241459999999999,UKR,BRA,40
8168234,228,32,139,1997,0.0,1501608.0,0.8502559999999999,0.956254,UKR,BRA,40
8168235,228,32,139,1998,0.0,9875.0,0.880876,0.783668,UKR,BRA,40
8168236,228,32,139,1999,0.0,2352.0,0.6242270000000001,0.742258,UKR,BRA,40
8168237,228,32,139,1995,44882.0,0.0,0.428875,0.20489899999999997,UKR,BRA,40
8168238,229,32,139,2017,76425.0,0.0,1.501854,0.552625,UMI,BRA,40
8168239,229,32,139,2020,235073.0,0.0,1.9827860000000002,0.689049,UMI,BRA,40
8168240,230,32,139,1999,30363595.0,15891674.0,0.26815700000000003,0.307394,URY,BRA,40
8168241,230,32,139,2006,44610092.0,28546776.0,0.234384,0.118878,URY,BRA,40
8168242,230,32,139,2007,50962702.0,41549051.0,0.184883,0.207788,URY,BRA,40
8168243,230,32,139,2009,46912566.0,26763626.0,0.260419,-0.171944,URY,BRA,40
8168244,230,32,139,2010,84491501.0,39858800.0,0.217246,-0.079733,URY,BRA,40
8168245,230,32,139,2011,112826629.0,50328962.0,0.313195,0.042866,URY,BRA,40
8168246,230,32,139,2012,114162555.0,38363180.0,0.207742,-0.101484,URY,BRA,40
8168247,230,32,139,2018,36992993.0,21856240.0,-0.02056,-0.38911,URY,BRA,40
8168248,230,32,139,2003,26680761.0,13369165.0,0.19792200000000001,0.243104,URY,BRA,40
8168249,230,32,139,2008,64801319.0,42354453.0,0.376164,0.049387,URY,BRA,40
8168250,230,32,139,2015,68799534.0,27250604.0,0.273876,-0.363695,URY,BRA,40
8168251,230,32,139,2016,42892406.0,20730629.0,0.098051,-0.45418400000000003,URY,BRA,40
8168252,230,32,139,2014,104459431.0,37832621.0,0.154034,-0.380899,URY,BRA,40
8168253,230,32,139,2002,25002140.0,10774874.0,0.300502,0.16817000000000001,URY,BRA,40
8168254,230,32,139,2004,32922331.0,20061047.0,0.151633,0.121776,URY,BRA,40
8168255,230,32,139,2005,34175697.0,21941678.0,0.305842,0.271262,URY,BRA,40
8168256,230,32,139,2013,122358884.0,43284449.0,0.20190999999999998,-0.19777999999999998,URY,BRA,40
8168257,230,32,139,2017,46047407.0,25005549.0,0.16963,-0.403006,URY,BRA,40
8168258,230,32,139,2019,24026934.0,22506738.0,-0.077549,-0.473943,URY,BRA,40
8168259,230,32,139,2020,4529136.0,18594921.0,-0.127375,-0.449032,URY,BRA,40
8168260,230,32,139,1996,32719996.0,15003504.0,0.171541,0.313934,URY,BRA,40
8168261,230,32,139,1997,33415563.0,21382809.0,0.226228,0.29183400000000004,URY,BRA,40
8168262,230,32,139,1998,31530554.0,20671928.0,0.323022,0.293694,URY,BRA,40
8168263,230,32,139,2000,28723457.0,16186181.0,0.30753600000000003,0.290506,URY,BRA,40
8168264,230,32,139,2001,28320287.0,13897505.0,0.36029,0.298869,URY,BRA,40
8168265,230,32,139,1995,37171456.0,15271859.0,0.45133900000000005,0.50831,URY,BRA,40
8168266,231,32,139,1995,151366631.0,154745499.0,1.771648,1.184,USA,BRA,40
8168267,231,32,139,1996,164325686.0,165409805.0,1.7110560000000001,1.125141,USA,BRA,40
8168268,231,32,139,1997,171732499.0,152266091.0,1.823511,0.888084,USA,BRA,40
8168269,231,32,139,1999,108092429.0,217071950.0,1.8755119999999998,0.5350729999999999,USA,BRA,40
8168270,231,32,139,2000,141010284.0,188831385.0,1.8549650000000002,0.226992,USA,BRA,40
8168271,231,32,139,2001,124300134.0,155044602.0,1.873674,0.168468,USA,BRA,40
8168272,231,32,139,2002,120895506.0,176227229.0,1.821594,0.231296,USA,BRA,40
8168273,231,32,139,2003,149646974.0,224939033.0,1.7789220000000001,0.064028,USA,BRA,40
8168274,231,32,139,2005,186302832.0,324528424.0,1.718086,-0.34564,USA,BRA,40
8168275,231,32,139,2006,258777483.0,331937283.0,1.666643,-0.121679,USA,BRA,40
8168276,231,32,139,2007,354910627.0,410608646.0,1.612165,0.0922,USA,BRA,40
8168277,231,32,139,2008,419700379.0,432812011.0,1.584278,-0.209788,USA,BRA,40
8168278,231,32,139,2009,293270111.0,328074872.0,1.657663,-0.41411400000000004,USA,BRA,40
8168279,231,32,139,2010,494278658.0,433237404.0,1.67573,-0.598165,USA,BRA,40
8168280,231,32,139,2011,637595098.0,509706207.0,1.6884849999999998,-0.474499,USA,BRA,40
8168281,231,32,139,2012,651791137.0,478380190.0,1.628377,-0.601941,USA,BRA,40
8168282,231,32,139,2013,604242712.0,312344158.0,1.6639689999999998,-0.48651300000000003,USA,BRA,40
8168283,231,32,139,2014,545416464.0,328687146.0,1.61227,0.068905,USA,BRA,40
8168284,231,32,139,2015,440565647.0,295004687.0,1.720478,-0.129322,USA,BRA,40
8168285,231,32,139,2016,364875305.0,332874496.0,1.685329,0.297536,USA,BRA,40
8168286,231,32,139,2017,434087568.0,381221089.0,1.601478,0.277271,USA,BRA,40
8168287,231,32,139,2018,465484771.0,413766098.0,1.585861,0.44815900000000003,USA,BRA,40
8168288,231,32,139,2019,396807049.0,414057649.0,1.606808,0.3232,USA,BRA,40
8168289,231,32,139,2020,349275214.0,301397162.0,1.588148,0.380904,USA,BRA,40
8168290,231,32,139,1998,150253764.0,170289456.0,1.8223639999999999,0.761336,USA,BRA,40
8168291,231,32,139,2004,176093720.0,250843255.0,1.7598630000000002,0.066704,USA,BRA,40
8168292,232,32,139,2018,0.0,475914.0,-0.591547,-0.429982,UZB,BRA,40
8168293,232,32,139,2019,5831.0,253228.0,-0.5856060000000001,-0.311248,UZB,BRA,40
8168294,232,32,139,2020,0.0,236313.0,-0.309411,0.071414,UZB,BRA,40
8168295,232,32,139,2017,0.0,3933.0,-0.407169,-0.264942,UZB,BRA,40
8168296,232,32,139,2015,0.0,80332.0,-0.724966,-0.599292,UZB,BRA,40
8168297,232,32,139,2016,0.0,3079.0,-0.703465,-0.493036,UZB,BRA,40
8168298,232,32,139,2012,0.0,584890.0,-0.5875670000000001,-0.549863,UZB,BRA,40
8168299,232,32,139,2013,0.0,400067.0,-0.748212,-0.567268,UZB,BRA,40
8168300,232,32,139,2014,0.0,284880.0,-0.407623,-0.37150700000000003,UZB,BRA,40
8168301,232,32,139,1997,0.0,48335.0,-0.26560700000000004,-0.870447,UZB,BRA,40
8168302,232,32,139,1999,0.0,23248.0,-0.43066499999999996,-0.767428,UZB,BRA,40
8168303,234,32,139,2009,0.0,6882.0,-0.068356,-0.6011350000000001,VCT,BRA,40
8168304,234,32,139,2007,0.0,3929.0,-0.112166,-0.692679,VCT,BRA,40
8168305,234,32,139,2014,0.0,1145.0,0.034024,-0.522492,VCT,BRA,40
8168306,234,32,139,2005,0.0,3176.0,-0.584696,-0.842192,VCT,BRA,40
8168307,234,32,139,2006,0.0,777.0,-0.6097060000000001,-0.8844770000000001,VCT,BRA,40
8168308,234,32,139,2008,0.0,8763.0,-0.598538,-0.8798459999999999,VCT,BRA,40
8168309,234,32,139,2002,0.0,50601.0,-0.340281,-0.661246,VCT,BRA,40
8168310,234,32,139,2000,0.0,6591.0,0.095604,-0.352013,VCT,BRA,40
8168311,234,32,139,1998,0.0,12516.0,0.22166,-0.331633,VCT,BRA,40
8168312,234,32,139,1997,0.0,8965.0,0.069461,-0.459567,VCT,BRA,40
8168313,234,32,139,2003,0.0,6835.0,-0.355758,-0.679181,VCT,BRA,40
8168314,234,32,139,1995,0.0,23226.0,-0.369315,-0.751156,VCT,BRA,40
8168315,234,32,139,1996,0.0,52389.0,-0.123896,-0.5798989999999999,VCT,BRA,40
8168316,234,32,139,2001,0.0,4626.0,-0.5042,-0.7987609999999999,VCT,BRA,40
8168317,236,32,139,1996,3209590.0,21580242.0,0.07086100000000001,-0.761307,VEN,BRA,40
8168318,236,32,139,1997,2965460.0,26996860.0,0.21363200000000002,-0.668341,VEN,BRA,40
8168319,236,32,139,1999,3194266.0,20768635.0,0.16454100000000002,-0.691021,VEN,BRA,40
8168320,236,32,139,2000,4554098.0,32708260.0,0.19788499999999998,-0.779957,VEN,BRA,40
8168321,236,32,139,2005,1438070.0,71370386.0,0.248175,-0.9600629999999999,VEN,BRA,40
8168322,236,32,139,2009,2427501.0,131180143.0,-0.5847600000000001,-1.150334,VEN,BRA,40
8168323,236,32,139,2010,4522792.0,152121459.0,-0.660844,-1.145133,VEN,BRA,40
8168324,236,32,139,2011,4963557.0,231086718.0,-0.841147,-1.095636,VEN,BRA,40
8168325,236,32,139,2012,4617102.0,239621929.0,-1.3417270000000001,-1.154304,VEN,BRA,40
8168326,236,32,139,2013,4742778.0,140218470.0,-0.778172,-1.107059,VEN,BRA,40
8168327,236,32,139,2014,2953128.0,146380330.0,-0.582086,-1.081727,VEN,BRA,40
8168328,236,32,139,2015,1019802.0,61606622.0,-0.9249129999999999,-1.1877280000000001,VEN,BRA,40
8168329,236,32,139,2017,1538353.0,7340006.0,-0.8874559999999999,-1.178752,VEN,BRA,40
8168330,236,32,139,1998,4086855.0,21109337.0,0.288717,-0.540639,VEN,BRA,40
8168331,236,32,139,2001,8395227.0,42655449.0,0.261158,-0.7397,VEN,BRA,40
8168332,236,32,139,2002,7446320.0,26348960.0,0.211536,-0.715675,VEN,BRA,40
8168333,236,32,139,2003,6777108.0,31264861.0,0.277805,-0.783697,VEN,BRA,40
8168334,236,32,139,2004,7063213.0,57307190.0,0.048698000000000005,-0.899776,VEN,BRA,40
8168335,236,32,139,2006,2156022.0,101132869.0,-0.340972,-1.015462,VEN,BRA,40
8168336,236,32,139,2008,1689932.0,157115604.0,-0.442996,-1.0439969999999998,VEN,BRA,40
8168337,236,32,139,2016,859076.0,24483017.0,-0.844669,-1.164315,VEN,BRA,40
8168338,236,32,139,2018,2088431.0,6128442.0,-1.081138,-1.198717,VEN,BRA,40
8168339,236,32,139,2019,631973.0,5859614.0,-1.318175,-1.2506110000000001,VEN,BRA,40
8168340,236,32,139,2020,601478.0,1356663.0,-1.058537,-1.178218,VEN,BRA,40
8168341,236,32,139,2007,6584035.0,123395372.0,-0.231215,-0.9839200000000001,VEN,BRA,40
8168342,236,32,139,1995,1302103.0,24746352.0,0.299294,-0.635474,VEN,BRA,40
8168343,237,32,139,2003,0.0,37020.0,0.685109,-0.20824299999999998,VGB,BRA,40
8168344,237,32,139,2014,50801.0,0.0,0.484282,-0.082974,VGB,BRA,40
8168345,237,32,139,2011,27920.0,0.0,0.780217,-0.010428,VGB,BRA,40
8168346,237,32,139,2013,204691.0,0.0,0.616863,-0.314222,VGB,BRA,40
8168347,237,32,139,2018,1628.0,1320.0,0.995964,-0.167496,VGB,BRA,40
8168348,237,32,139,2009,1472.0,131006.0,0.903839,0.093044,VGB,BRA,40
8168349,237,32,139,2019,0.0,41916.0,1.145175,-0.41776199999999997,VGB,BRA,40
8168350,237,32,139,2004,0.0,132316.0,0.597043,-0.348742,VGB,BRA,40
8168351,237,32,139,2001,3011.0,28192.0,0.759566,-0.16636099999999998,VGB,BRA,40
8168352,237,32,139,2008,1356.0,2065.0,0.775652,0.028573,VGB,BRA,40
8168353,237,32,139,2006,0.0,2071.0,1.05644,0.179306,VGB,BRA,40
8168354,237,32,139,2005,9091.0,112795.0,0.67282,-0.329218,VGB,BRA,40
8168355,237,32,139,2020,0.0,13858.0,1.342215,-0.501111,VGB,BRA,40
8168356,237,32,139,2000,40333.0,0.0,1.06873,0.090886,VGB,BRA,40
8168357,237,32,139,2002,0.0,298382.0,1.022393,-0.23957399999999998,VGB,BRA,40
8168358,237,32,139,2010,1594.0,0.0,0.699891,-0.29630300000000004,VGB,BRA,40
8168359,237,32,139,1999,10279.0,0.0,0.876099,-0.289157,VGB,BRA,40
8168360,237,32,139,1998,404684.0,0.0,1.06785,-0.03292,VGB,BRA,40
8168361,237,32,139,1997,830558.0,34279.0,0.5966060000000001,-0.381473,VGB,BRA,40
8168362,237,32,139,1996,0.0,7607.0,0.602529,-0.280171,VGB,BRA,40
8168363,237,32,139,1995,47923.0,0.0,0.799784,-0.287329,VGB,BRA,40
8168364,239,32,139,2000,2152864.0,2407.0,-0.849311,0.391474,VNM,BRA,40
8168365,239,32,139,2001,2710458.0,934.0,-0.6692130000000001,0.610992,VNM,BRA,40
8168366,239,32,139,2002,2980378.0,12946.0,-0.589665,0.799874,VNM,BRA,40
8168367,239,32,139,2013,52708934.0,15962594.0,-0.11426900000000001,1.399738,VNM,BRA,40
8168368,239,32,139,2018,60918561.0,5215841.0,0.003069,0.9169729999999999,VNM,BRA,40
8168369,239,32,139,2019,59913180.0,11292213.0,-0.048147,1.098784,VNM,BRA,40
8168370,239,32,139,2008,15629207.0,2055160.0,-0.207083,1.1323370000000001,VNM,BRA,40
8168371,239,32,139,2010,39868639.0,4740505.0,-0.24660500000000002,1.427235,VNM,BRA,40
8168372,239,32,139,2015,44481606.0,11493443.0,-0.17108900000000002,1.10995,VNM,BRA,40
8168373,239,32,139,2016,41011591.0,4925087.0,-0.10217899999999999,1.015568,VNM,BRA,40
8168374,239,32,139,2009,17698640.0,2744796.0,-0.27396,1.131199,VNM,BRA,40
8168375,239,32,139,2011,44103897.0,3212614.0,-0.184453,1.637207,VNM,BRA,40
8168376,239,32,139,2005,4162165.0,323356.0,-0.673618,0.766938,VNM,BRA,40
8168377,239,32,139,2017,58740553.0,4905610.0,-0.009819,0.686429,VNM,BRA,40
8168378,239,32,139,2003,4321114.0,42980.0,-0.633985,0.659696,VNM,BRA,40
8168379,239,32,139,2007,12453745.0,837512.0,-0.335613,1.048849,VNM,BRA,40
8168380,239,32,139,2012,38331929.0,6689586.0,0.012365000000000001,1.290936,VNM,BRA,40
8168381,239,32,139,2014,51689425.0,16686297.0,-0.023765,1.344416,VNM,BRA,40
8168382,239,32,139,2020,50134653.0,2956766.0,0.034229,0.89099,VNM,BRA,40
8168383,239,32,139,2004,3664977.0,3114.0,-0.5270560000000001,0.8910389999999999,VNM,BRA,40
8168384,239,32,139,2006,7286672.0,631198.0,-0.342779,1.033318,VNM,BRA,40
8168385,239,32,139,1998,1025157.0,93273.0,-0.9395469999999999,0.060697,VNM,BRA,40
8168386,239,32,139,1999,1675291.0,0.0,-0.9824940000000001,0.115755,VNM,BRA,40
8168387,239,32,139,1996,340601.0,47720.0,-0.9336469999999999,-0.10985199999999999,VNM,BRA,40
8168388,239,32,139,1997,1068435.0,23131.0,-0.93384,0.06253099999999999,VNM,BRA,40
8168389,242,32,139,2014,0.0,2107164.0,0.602344,-0.051224,WSM,BRA,40
8168390,242,32,139,2019,1685.0,0.0,0.22290700000000002,-0.164178,WSM,BRA,40
8168391,242,32,139,2018,11656.0,0.0,0.336421,0.186474,WSM,BRA,40
8168392,242,32,139,2020,6666.0,0.0,0.875817,-0.056116,WSM,BRA,40
8168393,243,32,139,2004,0.0,181603.0,-1.15115,-1.207897,YEM,BRA,40
8168394,243,32,139,2008,19280.0,316696.0,-1.227495,-1.191462,YEM,BRA,40
8168395,243,32,139,2006,283.0,356084.0,-1.0407110000000002,-1.13042,YEM,BRA,40
8168396,243,32,139,2007,0.0,431259.0,-1.2624600000000001,-1.2131290000000001,YEM,BRA,40
8168397,243,32,139,2011,0.0,180949.0,-1.44127,-1.242875,YEM,BRA,40
8168398,243,32,139,2012,0.0,969809.0,-1.277216,-1.2331590000000001,YEM,BRA,40
8168399,243,32,139,2005,0.0,149442.0,-1.214267,-1.2094719999999999,YEM,BRA,40
8168400,243,32,139,2010,0.0,563841.0,-1.360851,-1.208826,YEM,BRA,40
8168401,243,32,139,2009,0.0,1168830.0,-0.845426,-1.119091,YEM,BRA,40
8168402,243,32,139,2013,0.0,1227496.0,-1.252605,-1.207324,YEM,BRA,40
8168403,243,32,139,2015,0.0,283442.0,-1.048632,-1.10843,YEM,BRA,40
8168404,243,32,139,2019,0.0,74947.0,-1.4367860000000001,-1.262101,YEM,BRA,40
8168405,243,32,139,2014,0.0,227356.0,-1.2829190000000001,-1.227373,YEM,BRA,40
8168406,243,32,139,2017,0.0,3947.0,-1.397594,-1.2342110000000002,YEM,BRA,40
8168407,243,32,139,2020,0.0,106257.0,-1.130952,-1.137774,YEM,BRA,40
8168408,243,32,139,2016,0.0,96781.0,-1.232675,-1.205963,YEM,BRA,40
8168409,243,32,139,1999,0.0,197817.0,-1.746447,-1.296571,YEM,BRA,40
8168410,243,32,139,2000,0.0,286836.0,-1.74462,-1.26072,YEM,BRA,40
8168411,243,32,139,2001,0.0,423488.0,-1.465154,-1.261615,YEM,BRA,40
8168412,243,32,139,2002,0.0,96979.0,-1.233006,-1.22101,YEM,BRA,40
8168413,243,32,139,2003,0.0,1011003.0,-1.453584,-1.257815,YEM,BRA,40
8168414,243,32,139,1996,0.0,672006.0,-1.304556,-1.200523,YEM,BRA,40
8168415,243,32,139,1997,0.0,156732.0,-1.7204130000000002,-1.242057,YEM,BRA,40
8168416,243,32,139,1998,0.0,318391.0,-1.458683,-1.263139,YEM,BRA,40
8168417,246,32,139,2010,11381914.0,11439022.0,0.327326,1.513598,ZAF,BRA,40
8168418,246,32,139,2008,878219.0,11820150.0,0.22551500000000002,1.185506,ZAF,BRA,40
8168419,246,32,139,2009,4393242.0,11785954.0,0.316452,1.767795,ZAF,BRA,40
8168420,246,32,139,2004,708538.0,6580849.0,0.460279,1.9736220000000002,ZAF,BRA,40
8168421,246,32,139,2011,21816806.0,17943455.0,0.241792,1.353011,ZAF,BRA,40
8168422,246,32,139,2012,13204089.0,18132048.0,0.284069,1.730991,ZAF,BRA,40
8168423,246,32,139,2018,1337143.0,14173431.0,0.158722,1.394829,ZAF,BRA,40
8168424,246,32,139,2019,923245.0,16065065.0,0.129921,1.101027,ZAF,BRA,40
8168425,246,32,139,2020,430967.0,10788785.0,0.042099,0.923931,ZAF,BRA,40
8168426,246,32,139,2005,840042.0,10447863.0,0.484464,1.65903,ZAF,BRA,40
8168427,246,32,139,2017,2489958.0,13800407.0,0.2066,1.378591,ZAF,BRA,40
8168428,246,32,139,2002,649725.0,4177319.0,0.395943,2.392458,ZAF,BRA,40
8168429,246,32,139,2003,743415.0,6712918.0,0.477987,2.255395,ZAF,BRA,40
8168430,246,32,139,1997,1459414.0,3809984.0,0.501792,1.1192440000000001,ZAF,BRA,40
8168431,246,32,139,2014,2673684.0,13978105.0,0.282927,1.723214,ZAF,BRA,40
8168432,246,32,139,2015,1631807.0,11242073.0,0.24944699999999997,1.7573159999999999,ZAF,BRA,40
8168433,246,32,139,2013,11725198.0,18923310.0,0.380284,1.5682120000000002,ZAF,BRA,40
8168434,246,32,139,2016,6634840.0,13499846.0,0.187396,1.46169,ZAF,BRA,40
8168435,246,32,139,2001,1199170.0,3325781.0,0.356842,2.006155,ZAF,BRA,40
8168436,246,32,139,1996,1073505.0,3140935.0,0.456593,1.150786,ZAF,BRA,40
8168437,246,32,139,2007,997258.0,9316024.0,0.349792,1.246052,ZAF,BRA,40
8168438,246,32,139,2006,1695387.0,10640959.0,0.37964499999999995,1.466326,ZAF,BRA,40
8168439,246,32,139,1995,731039.0,4422515.0,0.468112,1.039817,ZAF,BRA,40
8168440,246,32,139,1998,1026034.0,2274143.0,0.573958,1.3813739999999999,ZAF,BRA,40
8168441,246,32,139,1999,285666.0,2254603.0,0.543171,1.432792,ZAF,BRA,40
8168442,246,32,139,2000,631434.0,3141927.0,0.5307529999999999,2.1141810000000003,ZAF,BRA,40
8168443,247,32,139,1995,0.0,24708.0,-0.214763,-0.721675,ZMB,BRA,40
8168444,247,32,139,1997,0.0,917.0,-0.62183,-0.809639,ZMB,BRA,40
8168445,247,32,139,1998,0.0,684.0,-0.383126,-0.501498,ZMB,BRA,40
8168446,247,32,139,2004,0.0,213854.0,-0.9972190000000001,-0.853986,ZMB,BRA,40
8168447,247,32,139,2005,0.0,427881.0,-0.854234,-0.9467399999999999,ZMB,BRA,40
8168448,247,32,139,2007,0.0,537098.0,-0.522838,-0.796874,ZMB,BRA,40
8168449,247,32,139,2008,0.0,550225.0,-0.798489,-0.9437639999999999,ZMB,BRA,40
8168450,247,32,139,2009,0.0,722707.0,-0.6423909999999999,-0.815315,ZMB,BRA,40
8168451,247,32,139,2010,0.0,252781.0,-0.650686,-0.830332,ZMB,BRA,40
8168452,247,32,139,2011,0.0,361746.0,-0.7599,-0.941019,ZMB,BRA,40
8168453,247,32,139,2012,0.0,1369164.0,-0.40962200000000004,-0.770245,ZMB,BRA,40
8168454,247,32,139,2013,0.0,231683.0,-0.382129,-0.5442229999999999,ZMB,BRA,40
8168455,247,32,139,2014,0.0,232432.0,-0.664089,-0.793452,ZMB,BRA,40
8168456,247,32,139,2015,413411.0,950393.0,-0.44792,-0.769586,ZMB,BRA,40
8168457,247,32,139,2016,0.0,2216349.0,-0.632437,-0.968817,ZMB,BRA,40
8168458,247,32,139,2017,0.0,2844817.0,-0.8594290000000001,-1.0574459999999999,ZMB,BRA,40
8168459,247,32,139,2018,11686.0,1649668.0,-0.736064,-0.93958,ZMB,BRA,40
8168460,247,32,139,2019,0.0,617832.0,-0.629261,-0.8471489999999999,ZMB,BRA,40
8168461,247,32,139,2020,0.0,225214.0,-0.9162379999999999,-0.9523940000000001,ZMB,BRA,40
8168462,247,32,139,2000,0.0,9246.0,-0.761877,-0.6588510000000001,ZMB,BRA,40
8168463,247,32,139,2006,0.0,380268.0,-0.5307,-0.793621,ZMB,BRA,40
8168464,247,32,139,2003,0.0,125839.0,-0.678149,-0.5919449999999999,ZMB,BRA,40
8168465,247,32,139,2001,0.0,6625.0,-0.731193,-0.706978,ZMB,BRA,40
8168466,248,32,139,2011,1742.0,58954.0,-0.858662,-0.8632719999999999,ZWE,BRA,40
8168467,248,32,139,2012,0.0,107849.0,-0.8025100000000001,-0.869078,ZWE,BRA,40
8168468,248,32,139,2013,0.0,31438.0,-0.828702,-0.899175,ZWE,BRA,40
8168469,248,32,139,2007,0.0,124917.0,-0.5271399999999999,-0.47033800000000003,ZWE,BRA,40
8168470,248,32,139,2010,0.0,39934.0,-0.869909,-0.8233309999999999,ZWE,BRA,40
8168471,248,32,139,2009,47443.0,58089.0,-0.686822,-0.683511,ZWE,BRA,40
8168472,248,32,139,1995,0.0,333112.0,-0.054752999999999996,0.326737,ZWE,BRA,40
8168473,248,32,139,2002,0.0,10899.0,-0.309483,0.271457,ZWE,BRA,40
8168474,248,32,139,2004,0.0,76087.0,-0.560593,-0.091112,ZWE,BRA,40
8168475,248,32,139,2005,0.0,29651.0,-0.559266,-0.395637,ZWE,BRA,40
8168476,248,32,139,2006,0.0,15390.0,-0.41825500000000004,-0.55313,ZWE,BRA,40
8168477,248,32,139,2008,0.0,14715.0,-0.377992,-0.577244,ZWE,BRA,40
8168478,248,32,139,2014,0.0,92057.0,-0.821369,-0.864232,ZWE,BRA,40
8168479,248,32,139,2015,0.0,16628.0,-0.838017,-0.9400270000000001,ZWE,BRA,40
8168480,248,32,139,2019,0.0,61219.0,-0.9993780000000001,-1.018174,ZWE,BRA,40
8168481,248,32,139,2017,0.0,13093.0,-1.101402,-1.0831680000000001,ZWE,BRA,40
8168482,248,32,139,2016,0.0,23744.0,-1.083532,-1.0016610000000001,ZWE,BRA,40
8168483,248,32,139,2001,0.0,10498.0,-0.6321829999999999,-0.453671,ZWE,BRA,40
8168484,248,32,139,2018,0.0,32848.0,-1.181524,-1.0648520000000001,ZWE,BRA,40
8168485,248,32,139,2020,0.0,21459.0,-1.039532,-1.12853,ZWE,BRA,40
8168486,248,32,139,1997,0.0,674874.0,-0.36357399999999995,-0.449161,ZWE,BRA,40
8168487,248,32,139,1996,0.0,285107.0,-0.393769,-0.34379,ZWE,BRA,40
8168488,248,32,139,1999,0.0,116372.0,-0.320533,-0.180527,ZWE,BRA,40
8168489,248,32,139,1998,0.0,786403.0,-0.49939399999999995,-0.430733,ZWE,BRA,40
8168490,248,32,139,2003,0.0,2214.0,-0.366539,-0.18906199999999998,ZWE,BRA,40
8168491,249,32,139,2001,4975065.0,1352175.0,1.5731700000000002,1.353159,TWN,BRA,40
8168492,249,32,139,2002,3868860.0,1179699.0,1.683858,1.333601,TWN,BRA,40
8168493,249,32,139,2007,15785258.0,3474989.0,1.651607,0.974649,TWN,BRA,40
8168494,249,32,139,2009,29950862.0,5110135.0,1.5763120000000002,0.9567950000000001,TWN,BRA,40
8168495,249,32,139,2010,58967945.0,20130445.0,1.766729,0.909335,TWN,BRA,40
8168496,249,32,139,2012,69956690.0,10478396.0,1.6528,0.9437409999999999,TWN,BRA,40
8168497,249,32,139,2013,54233852.0,4532989.0,1.843186,0.9432379999999999,TWN,BRA,40
8168498,249,32,139,2017,20453955.0,4281600.0,2.0548290000000002,1.2552969999999999,TWN,BRA,40
8168499,249,32,139,2018,26360665.0,1563132.0,2.0462540000000002,1.166636,TWN,BRA,40
8168500,249,32,139,2016,20176964.0,2938197.0,2.002996,1.39485,TWN,BRA,40
8168501,249,32,139,2019,25521979.0,1873144.0,2.123296,1.1786969999999999,TWN,BRA,40
8168502,249,32,139,2020,24443200.0,2126142.0,2.0517060000000003,1.205431,TWN,BRA,40
8168503,249,32,139,2011,72193572.0,5213698.0,1.803234,0.921233,TWN,BRA,40
8168504,249,32,139,2014,29273290.0,2480476.0,1.9044189999999999,1.0595139999999998,TWN,BRA,40
8168505,249,32,139,2015,19065658.0,2135877.0,1.962832,1.214982,TWN,BRA,40
8168506,249,32,139,2000,6408855.0,1672833.0,1.44705,1.475122,TWN,BRA,40
8168507,249,32,139,2003,4057649.0,2465173.0,1.5924040000000002,1.397843,TWN,BRA,40
8168508,249,32,139,2005,7904241.0,2311529.0,1.577067,1.3218450000000002,TWN,BRA,40
8168509,249,32,139,2006,8592811.0,1439934.0,1.619915,1.2289940000000001,TWN,BRA,40
8168510,249,32,139,2008,26301358.0,2217937.0,1.611693,0.93875,TWN,BRA,40
8168511,249,32,139,2004,7664346.0,2959285.0,1.626307,1.358315,TWN,BRA,40
8168512,249,32,139,1998,5469245.0,849066.0,1.224725,1.890322,TWN,BRA,40
8168513,249,32,139,1999,3777880.0,2004585.0,1.336816,1.725334,TWN,BRA,40
8168514,249,32,139,1997,10936434.0,2665682.0,1.317672,1.800561,TWN,BRA,40
8168515,249,32,139,1996,7559731.0,3690983.0,1.432225,1.675389,TWN,BRA,40
8168516,249,32,139,1995,7986880.0,4375071.0,1.345205,1.9337389999999999,TWN,BRA,40
8168517,250,32,139,2012,781883.0,0.0,0.385997,-0.057784,ANS,BRA,40
8168518,250,32,139,2013,915229.0,0.0,0.628555,0.277602,ANS,BRA,40
8168519,250,32,139,2015,7463606.0,0.0,0.377283,-0.092204,ANS,BRA,40
8168520,250,32,139,2016,3512318.0,0.0,0.773312,-0.015385,ANS,BRA,40
8168521,250,32,139,2017,479988.0,0.0,0.72523,-0.205046,ANS,BRA,40
8168522,250,32,139,2018,757948.0,0.0,0.809991,-0.368737,ANS,BRA,40
8168523,250,32,139,2019,627573.0,0.0,0.8996129999999999,-0.152746,ANS,BRA,40
8168524,250,32,139,2020,843293.0,0.0,0.866041,-0.371104,ANS,BRA,40
8168525,250,32,139,1998,1482843.0,284221.0,1.144164,1.187425,ANS,BRA,40
8168526,250,32,139,1996,946236.0,49698.0,1.084978,0.901755,ANS,BRA,40
8168527,250,32,139,1999,309410.0,229070.0,1.130511,0.9547379999999999,ANS,BRA,40
8168528,250,32,139,1997,1748267.0,63356.0,1.036748,0.851626,ANS,BRA,40
8168529,250,32,139,1995,1370796.0,47598.0,1.034518,0.9735149999999999,ANS,BRA,40
8168530,250,32,139,2004,5787.0,0.0,0.509382,-0.30904299999999996,ANS,BRA,40
8168531,0,33,139,2008,0.0,4236.0,-0.13050499999999998,-0.7932560000000001,ABW,BRB,40
8168532,0,33,139,1998,0.0,14613.0,0.197883,-0.726349,ABW,BRB,40
8168533,2,33,139,2007,0.0,2889.0,-1.6925709999999998,-1.1987290000000002,AGO,BRB,40
8168534,3,33,139,2013,0.0,3576.0,1.5827879999999999,0.127141,AIA,BRB,40
8168535,3,33,139,2016,0.0,3197.0,1.0810790000000001,-0.20086400000000001,AIA,BRB,40
8168536,3,33,139,2014,0.0,15605.0,0.926517,-0.498487,AIA,BRB,40
8168537,3,33,139,2015,0.0,1106.0,0.903682,-0.046925,AIA,BRB,40
8168538,3,33,139,2020,0.0,1252.0,1.453992,-0.357415,AIA,BRB,40
8168539,6,33,139,2006,54185.0,528.0,0.251825,-0.629035,ANT,BRB,40
8168540,6,33,139,2007,1241.0,0.0,0.305773,-0.504676,ANT,BRB,40
8168541,6,33,139,2008,0.0,1303.0,0.31099,-0.536718,ANT,BRB,40
8168542,6,33,139,2009,1276.0,0.0,0.351025,-0.699817,ANT,BRB,40
8168543,7,33,139,2019,4138.0,0.0,-0.165113,-0.8973540000000001,ARE,BRB,40
8168544,7,33,139,2020,21332.0,0.0,-0.118349,-0.789485,ARE,BRB,40
8168545,7,33,139,2018,1397.0,0.0,0.11804400000000001,-0.326851,ARE,BRB,40
8168546,7,33,139,2017,645.0,0.0,0.210477,0.02557,ARE,BRB,40
8168547,8,33,139,2003,1172.0,0.0,0.302073,0.49069700000000005,ARG,BRB,40
8168548,8,33,139,2004,11604.0,0.0,0.28128600000000004,0.64115,ARG,BRB,40
8168549,8,33,139,2006,12498.0,0.0,0.33055,0.665867,ARG,BRB,40
8168550,8,33,139,2007,22381.0,0.0,0.178214,0.5093850000000001,ARG,BRB,40
8168551,8,33,139,2008,4284.0,0.0,0.278837,0.496784,ARG,BRB,40
8168552,8,33,139,2010,5463.0,0.0,0.27458899999999997,0.597907,ARG,BRB,40
8168553,8,33,139,2011,1355.0,0.0,0.240494,0.540376,ARG,BRB,40
8168554,8,33,139,2014,4039.0,0.0,0.10691500000000001,0.44860600000000006,ARG,BRB,40
8168555,8,33,139,2018,496.0,0.0,-0.14316800000000002,0.14356,ARG,BRB,40
8168556,8,33,139,2005,3648.0,0.0,0.383772,0.656866,ARG,BRB,40
8168557,8,33,139,2001,2167.0,0.0,0.287698,0.547137,ARG,BRB,40
8168558,8,33,139,1995,14281.0,0.0,0.245885,0.5489850000000001,ARG,BRB,40
8168559,8,33,139,1997,11326.0,0.0,0.273654,0.495389,ARG,BRB,40
8168560,8,33,139,2000,55470.0,0.0,0.43928999999999996,0.6839189999999999,ARG,BRB,40
8168561,8,33,139,1996,51388.0,0.0,0.167081,0.433612,ARG,BRB,40
8168562,9,33,139,2007,0.0,23744.0,0.7169,-0.019251,ARM,BRB,40
8168563,9,33,139,2008,0.0,118670.0,0.360609,-0.038343,ARM,BRB,40
8168564,13,33,139,2005,0.0,15176.0,-0.31409000000000004,-0.728541,ATG,BRB,40
8168565,13,33,139,2006,0.0,20703.0,-0.139051,-0.780321,ATG,BRB,40
8168566,13,33,139,2000,195.0,26100.0,0.329016,-0.510285,ATG,BRB,40
8168567,13,33,139,2002,0.0,15104.0,0.958779,-0.56295,ATG,BRB,40
8168568,13,33,139,2004,1681.0,2275.0,0.257288,-0.645794,ATG,BRB,40
8168569,13,33,139,2007,0.0,12339.0,0.5574899999999999,-0.125609,ATG,BRB,40
8168570,13,33,139,2009,100.0,11422.0,0.930903,0.279441,ATG,BRB,40
8168571,13,33,139,2019,0.0,41570.0,0.391831,-0.723957,ATG,BRB,40
8168572,13,33,139,2015,0.0,35159.0,0.43318,-0.552045,ATG,BRB,40
8168573,13,33,139,2010,0.0,44664.0,1.2153129999999999,0.955838,ATG,BRB,40
8168574,13,33,139,2014,0.0,86865.0,0.169764,-0.621576,ATG,BRB,40
8168575,13,33,139,2011,0.0,63631.0,0.257238,-0.275891,ATG,BRB,40
8168576,13,33,139,2017,0.0,302007.0,0.42561099999999996,-0.42671099999999995,ATG,BRB,40
8168577,13,33,139,2018,0.0,72242.0,0.08520499999999999,-0.630757,ATG,BRB,40
8168578,13,33,139,2012,0.0,58179.0,0.8666520000000001,1.1798549999999999,ATG,BRB,40
8168579,13,33,139,1999,0.0,13323.0,0.6179140000000001,0.156854,ATG,BRB,40
8168580,13,33,139,2003,0.0,22816.0,0.014283,-0.564587,ATG,BRB,40
8168581,13,33,139,2001,0.0,21876.0,-0.036838,-0.6593600000000001,ATG,BRB,40
8168582,13,33,139,2008,0.0,42677.0,1.041425,0.198248,ATG,BRB,40
8168583,13,33,139,2013,0.0,85819.0,0.096563,-0.60577,ATG,BRB,40
8168584,13,33,139,2016,0.0,153363.0,0.19935999999999998,-0.538471,ATG,BRB,40
8168585,13,33,139,2020,0.0,65295.0,-0.210313,-0.811104,ATG,BRB,40
8168586,13,33,139,1997,0.0,42668.0,0.510371,-0.314213,ATG,BRB,40
8168587,13,33,139,1998,0.0,37442.0,0.441453,-0.238813,ATG,BRB,40
8168588,14,33,139,1998,2956.0,0.0,0.375317,0.8864629999999999,AUS,BRB,40
8168589,14,33,139,1999,4360.0,0.0,0.357101,0.8857879999999999,AUS,BRB,40
8168590,14,33,139,2007,1753.0,0.0,0.137686,0.451592,AUS,BRB,40
8168591,14,33,139,2008,6001.0,2922.0,-0.171801,-0.012588,AUS,BRB,40
8168592,14,33,139,2010,7568.0,0.0,-0.276442,0.062023,AUS,BRB,40
8168593,14,33,139,2011,1672.0,0.0,-0.138148,0.002999,AUS,BRB,40
8168594,14,33,139,2013,0.0,40520.0,-0.31145700000000004,-0.167628,AUS,BRB,40
8168595,14,33,139,2014,0.0,63781.0,-0.398273,-0.17128,AUS,BRB,40
8168596,14,33,139,2015,10606.0,0.0,-0.292325,-0.043489,AUS,BRB,40
8168597,14,33,139,2016,988.0,7760.0,-0.25955300000000003,0.0011070000000000001,AUS,BRB,40
8168598,14,33,139,2017,463.0,0.0,-0.42427200000000004,-0.152921,AUS,BRB,40
8168599,14,33,139,2019,4224.0,0.0,-0.294558,-0.180198,AUS,BRB,40
8168600,14,33,139,2006,2581.0,0.0,0.067166,0.373148,AUS,BRB,40
8168601,14,33,139,1997,1159.0,0.0,0.428555,0.798283,AUS,BRB,40
8168602,14,33,139,2000,6587.0,0.0,0.279804,0.9355540000000001,AUS,BRB,40
8168603,15,33,139,2016,2014.0,0.0,1.759363,0.127262,AUT,BRB,40
8168604,15,33,139,1995,5369.0,0.0,2.000295,0.661255,AUT,BRB,40
8168605,15,33,139,1996,0.0,1452.0,1.9216669999999998,0.659388,AUT,BRB,40
8168606,15,33,139,1999,584.0,21916.0,1.836804,0.744312,AUT,BRB,40
8168607,15,33,139,2000,2084.0,0.0,1.842429,0.464405,AUT,BRB,40
8168608,15,33,139,2011,3608.0,0.0,1.687634,-0.229095,AUT,BRB,40
8168609,15,33,139,2003,1280.0,0.0,1.834977,0.408096,AUT,BRB,40
8168610,15,33,139,2004,5070.0,0.0,1.825391,0.40553,AUT,BRB,40
8168611,15,33,139,2007,0.0,1815.0,1.730088,-0.045543,AUT,BRB,40
8168612,15,33,139,2008,2627.0,0.0,1.634816,-0.078419,AUT,BRB,40
8168613,15,33,139,2009,7100.0,0.0,1.651325,-0.020794,AUT,BRB,40
8168614,15,33,139,2012,1249.0,0.0,1.6092870000000001,-0.29859,AUT,BRB,40
8168615,15,33,139,2013,778.0,0.0,1.7209240000000001,-0.286892,AUT,BRB,40
8168616,15,33,139,2014,719.0,0.0,1.7116790000000002,-0.140232,AUT,BRB,40
8168617,15,33,139,2017,1227.0,0.0,1.728623,-0.031045999999999997,AUT,BRB,40
8168618,15,33,139,2018,1428.0,0.0,1.774488,-0.21117800000000003,AUT,BRB,40
8168619,15,33,139,2019,833.0,0.0,1.743927,-0.076778,AUT,BRB,40
8168620,15,33,139,2020,14220.0,0.0,1.6711310000000001,0.059096,AUT,BRB,40
8168621,15,33,139,1998,1179.0,4680.0,1.891966,0.508137,AUT,BRB,40
8168622,15,33,139,2001,24712.0,1600.0,1.8571650000000002,0.603191,AUT,BRB,40
8168623,18,33,139,2016,1229.0,0.0,1.3102610000000001,1.214573,BEL,BRB,40
8168624,18,33,139,2017,728.0,0.0,1.292657,1.19571,BEL,BRB,40
8168625,18,33,139,2018,1000.0,0.0,1.270641,1.201063,BEL,BRB,40
8168626,18,33,139,2020,9486.0,0.0,1.204632,1.278346,BEL,BRB,40
8168627,18,33,139,2009,12496.0,0.0,1.272011,1.074548,BEL,BRB,40
8168628,18,33,139,2010,13457.0,0.0,1.2224270000000002,1.1276,BEL,BRB,40
8168629,18,33,139,2012,11903.0,1155.0,1.107155,1.448274,BEL,BRB,40
8168630,18,33,139,2013,23750.0,0.0,1.316207,0.972601,BEL,BRB,40
8168631,18,33,139,2014,12733.0,0.0,1.234156,1.226441,BEL,BRB,40
8168632,18,33,139,2015,7852.0,0.0,1.329866,1.100641,BEL,BRB,40
8168633,18,33,139,1995,1460.0,0.0,1.615588,1.394102,BEL,BRB,40
8168634,18,33,139,1997,747.0,0.0,1.4274069999999999,1.490435,BEL,BRB,40
8168635,18,33,139,2000,29403.0,0.0,1.403838,1.349607,BEL,BRB,40
8168636,18,33,139,2001,7033.0,0.0,1.4328370000000001,1.408495,BEL,BRB,40
8168637,18,33,139,2002,66196.0,0.0,1.4097469999999999,1.440169,BEL,BRB,40
8168638,18,33,139,2003,44786.0,0.0,1.361682,1.39536,BEL,BRB,40
8168639,18,33,139,2004,15020.0,0.0,1.350911,1.408209,BEL,BRB,40
8168640,18,33,139,2005,4163.0,0.0,1.275296,1.345063,BEL,BRB,40
8168641,18,33,139,2006,30402.0,0.0,1.2222540000000002,1.383027,BEL,BRB,40
8168642,18,33,139,2007,17324.0,0.0,1.2880479999999999,1.145724,BEL,BRB,40
8168643,18,33,139,2008,16497.0,0.0,1.297416,0.9716549999999999,BEL,BRB,40
8168644,18,33,139,2011,44868.0,0.0,1.221703,1.247961,BEL,BRB,40
8168645,18,33,139,1999,14144.0,0.0,1.512061,1.253478,BEL,BRB,40
8168646,18,33,139,1998,736.0,0.0,1.4740739999999999,1.2530430000000001,BEL,BRB,40
8168647,23,33,139,2019,2086.0,0.0,0.572997,1.863346,BGR,BRB,40
8168648,23,33,139,2009,1779.0,0.0,0.373594,1.571413,BGR,BRB,40
8168649,25,33,139,2004,0.0,836.0,0.620432,-0.513724,BHS,BRB,40
8168650,25,33,139,2007,0.0,2383.0,0.502698,-0.538612,BHS,BRB,40
8168651,25,33,139,2010,0.0,1297.0,0.495262,-0.6198779999999999,BHS,BRB,40
8168652,25,33,139,2013,0.0,2826.0,0.756732,-0.369842,BHS,BRB,40
8168653,25,33,139,2014,0.0,1157.0,0.314465,-0.60458,BHS,BRB,40
8168654,25,33,139,2015,0.0,16362.0,0.669493,-0.37838099999999997,BHS,BRB,40
8168655,25,33,139,2016,0.0,9805.0,0.605834,-0.430958,BHS,BRB,40
8168656,25,33,139,1997,0.0,666.0,0.874886,-0.144043,BHS,BRB,40
8168657,25,33,139,2003,0.0,1990.0,0.614422,-0.40984,BHS,BRB,40
8168658,25,33,139,2006,0.0,592.0,0.673694,-0.519608,BHS,BRB,40
8168659,25,33,139,2001,0.0,1562.0,0.803267,-0.071853,BHS,BRB,40
8168660,25,33,139,2017,0.0,1563.0,0.81944,-0.30649499999999996,BHS,BRB,40
8168661,25,33,139,2018,0.0,2583.0,0.532998,-0.394906,BHS,BRB,40
8168662,25,33,139,2019,0.0,2589.0,-0.10707799999999999,-0.7419720000000001,BHS,BRB,40
8168663,25,33,139,2020,0.0,17686.0,-0.273982,-0.7174659999999999,BHS,BRB,40
8168664,28,33,139,2008,375700.0,0.0,0.9869,0.38977399999999995,BLR,BRB,40
8168665,28,33,139,2011,3927.0,0.0,0.8786729999999999,0.442097,BLR,BRB,40
8168666,29,33,139,2012,0.0,750.0,-0.403404,-0.6691159999999999,BLZ,BRB,40
8168667,29,33,139,2010,0.0,950.0,-0.559172,-0.739977,BLZ,BRB,40
8168668,29,33,139,2020,0.0,1364.0,-0.145757,-0.59123,BLZ,BRB,40
8168669,30,33,139,2018,0.0,7145.0,0.42484399999999994,-0.70587,BMU,BRB,40
8168670,30,33,139,2019,0.0,4178.0,0.875265,-0.498062,BMU,BRB,40
8168671,30,33,139,2008,0.0,902.0,-0.037808999999999995,-0.766089,BMU,BRB,40
8168672,30,33,139,2017,0.0,1417.0,1.06318,-0.48345,BMU,BRB,40
8168673,30,33,139,2016,0.0,976.0,0.913218,-0.62813,BMU,BRB,40
8168674,30,33,139,2020,0.0,2358.0,0.6924859999999999,-0.623079,BMU,BRB,40
8168675,32,33,139,2009,484061.0,0.0,0.35447199999999995,0.8522360000000001,BRA,BRB,40
8168676,32,33,139,2010,497840.0,35175.0,0.40715500000000004,0.6208100000000001,BRA,BRB,40
8168677,32,33,139,2011,339834.0,2166.0,0.27718400000000004,0.5674319999999999,BRA,BRB,40
8168678,32,33,139,2012,540366.0,0.0,0.305614,0.6357189999999999,BRA,BRB,40
8168679,32,33,139,2014,227675.0,0.0,0.218223,0.556921,BRA,BRB,40
8168680,32,33,139,2016,246881.0,0.0,0.245919,0.661809,BRA,BRB,40
8168681,32,33,139,1995,290517.0,4588.0,0.687171,1.188647,BRA,BRB,40
8168682,32,33,139,1996,357577.0,0.0,0.699658,1.271724,BRA,BRB,40
8168683,32,33,139,2000,88915.0,0.0,0.792556,1.219394,BRA,BRB,40
8168684,32,33,139,2001,206077.0,0.0,0.672496,1.051848,BRA,BRB,40
8168685,32,33,139,2002,248657.0,0.0,0.677883,1.0227190000000002,BRA,BRB,40
8168686,32,33,139,2003,231339.0,0.0,0.660576,1.118876,BRA,BRB,40
8168687,32,33,139,2004,132236.0,0.0,0.540718,1.149065,BRA,BRB,40
8168688,32,33,139,2005,202513.0,0.0,0.567638,1.139122,BRA,BRB,40
8168689,32,33,139,2006,220920.0,0.0,0.633889,1.1474520000000001,BRA,BRB,40
8168690,32,33,139,2007,804539.0,0.0,0.582859,1.137225,BRA,BRB,40
8168691,32,33,139,2008,508547.0,0.0,0.444687,0.904332,BRA,BRB,40
8168692,32,33,139,2013,300085.0,0.0,0.14765899999999998,0.399262,BRA,BRB,40
8168693,32,33,139,2015,175204.0,13240.0,0.23656799999999997,0.688607,BRA,BRB,40
8168694,32,33,139,2017,393049.0,0.0,0.145224,0.483461,BRA,BRB,40
8168695,32,33,139,2018,276790.0,0.0,0.143397,0.582092,BRA,BRB,40
8168696,32,33,139,2019,289794.0,0.0,0.076947,0.660604,BRA,BRB,40
8168697,32,33,139,2020,196111.0,0.0,0.054622000000000004,0.532291,BRA,BRB,40
8168698,32,33,139,1998,334667.0,11941.0,0.768101,1.04589,BRA,BRB,40
8168699,32,33,139,1997,296394.0,0.0,0.718336,1.203066,BRA,BRB,40
8168700,32,33,139,1999,205737.0,0.0,0.762468,1.191759,BRA,BRB,40
8168701,39,33,139,2001,144835.0,0.0,0.971827,1.105171,CAN,BRB,40
8168702,39,33,139,2002,106783.0,0.0,0.9963280000000001,1.1922110000000001,CAN,BRB,40
8168703,39,33,139,2003,212965.0,0.0,0.9791540000000001,1.185081,CAN,BRB,40
8168704,39,33,139,2004,179424.0,1234.0,0.9392739999999999,1.19228,CAN,BRB,40
8168705,39,33,139,2005,183408.0,0.0,0.9895149999999999,1.0437459999999998,CAN,BRB,40
8168706,39,33,139,2006,644663.0,65119.0,0.865685,1.1480489999999999,CAN,BRB,40
8168707,39,33,139,2007,374996.0,0.0,0.77681,1.20517,CAN,BRB,40
8168708,39,33,139,2008,193029.0,0.0,0.684659,1.085312,CAN,BRB,40
8168709,39,33,139,2009,87165.0,0.0,0.6778069999999999,1.278402,CAN,BRB,40
8168710,39,33,139,2010,138588.0,1480.0,0.752421,1.2208510000000001,CAN,BRB,40
8168711,39,33,139,2011,256006.0,0.0,0.754813,1.1967290000000002,CAN,BRB,40
8168712,39,33,139,2012,383924.0,856.0,0.693098,1.132064,CAN,BRB,40
8168713,39,33,139,2013,438994.0,0.0,0.719649,1.017046,CAN,BRB,40
8168714,39,33,139,2014,238909.0,0.0,0.671395,1.024683,CAN,BRB,40
8168715,39,33,139,2015,124765.0,0.0,0.695867,1.171676,CAN,BRB,40
8168716,39,33,139,2016,126192.0,0.0,0.6579050000000001,1.12259,CAN,BRB,40
8168717,39,33,139,2017,103075.0,0.0,0.73897,1.206402,CAN,BRB,40
8168718,39,33,139,2018,87885.0,0.0,0.666822,1.218593,CAN,BRB,40
8168719,39,33,139,2019,47243.0,0.0,0.657292,1.187872,CAN,BRB,40
8168720,39,33,139,2020,101942.0,0.0,0.609267,1.1890479999999999,CAN,BRB,40
8168721,39,33,139,2000,167086.0,1116.0,1.056577,1.12931,CAN,BRB,40
8168722,39,33,139,1999,360185.0,0.0,1.083572,1.08026,CAN,BRB,40
8168723,39,33,139,1995,18896.0,0.0,1.077804,1.0724200000000002,CAN,BRB,40
8168724,39,33,139,1996,25085.0,0.0,1.155706,1.1127049999999998,CAN,BRB,40
8168725,39,33,139,1997,147255.0,25124.0,1.109494,1.178772,CAN,BRB,40
8168726,39,33,139,1998,155133.0,0.0,1.077343,1.119161,CAN,BRB,40
8168727,41,33,139,2015,5245.0,0.0,2.306075,0.720781,CHE,BRB,40
8168728,41,33,139,2014,7175.0,0.0,2.2000919999999997,0.65398,CHE,BRB,40
8168729,41,33,139,2005,3073.0,518.0,2.0461709999999997,0.615855,CHE,BRB,40
8168730,41,33,139,2011,4417.0,2570.0,2.2644029999999997,0.406131,CHE,BRB,40
8168731,41,33,139,2010,2529.0,0.0,2.1492080000000002,0.556424,CHE,BRB,40
8168732,41,33,139,2002,23719.0,0.0,2.218095,0.620946,CHE,BRB,40
8168733,41,33,139,2003,13109.0,0.0,2.151037,0.711217,CHE,BRB,40
8168734,41,33,139,2004,7108.0,0.0,2.151471,0.7196279999999999,CHE,BRB,40
8168735,41,33,139,2006,5534.0,1139.0,2.052534,0.515523,CHE,BRB,40
8168736,41,33,139,2007,13704.0,0.0,2.0198080000000003,0.42277200000000004,CHE,BRB,40
8168737,41,33,139,2008,6024.0,0.0,1.978404,0.368694,CHE,BRB,40
8168738,41,33,139,2009,4661.0,0.0,2.124438,0.484861,CHE,BRB,40
8168739,41,33,139,2012,3844.0,0.0,2.060769,0.562718,CHE,BRB,40
8168740,41,33,139,2013,2628.0,0.0,2.2104470000000003,0.5403479999999999,CHE,BRB,40
8168741,41,33,139,2016,2851.0,0.0,2.3488689999999997,0.806291,CHE,BRB,40
8168742,41,33,139,2017,9279.0,0.0,2.2557810000000003,0.845459,CHE,BRB,40
8168743,41,33,139,2018,1422.0,0.0,2.2324330000000003,0.7801560000000001,CHE,BRB,40
8168744,41,33,139,2019,28642.0,0.0,2.1990849999999997,0.8394229999999999,CHE,BRB,40
8168745,41,33,139,1999,345.0,0.0,2.189934,0.741428,CHE,BRB,40
8168746,41,33,139,2000,1821.0,0.0,2.197959,0.489989,CHE,BRB,40
8168747,41,33,139,2001,5206.0,0.0,2.227246,0.553956,CHE,BRB,40
8168748,41,33,139,1998,7545.0,0.0,2.252965,0.561806,CHE,BRB,40
8168749,41,33,139,1996,4732.0,0.0,2.246238,0.603288,CHE,BRB,40
8168750,41,33,139,1995,5572.0,0.0,2.1893029999999998,0.82765,CHE,BRB,40
8168751,41,33,139,1997,26482.0,0.0,2.280163,0.597819,CHE,BRB,40
8168752,42,33,139,2005,23102.0,0.0,-0.168344,-0.43438999999999994,CHL,BRB,40
8168753,42,33,139,2006,30262.0,0.0,-0.188298,-0.46778000000000003,CHL,BRB,40
8168754,42,33,139,2016,2600.0,0.0,-0.385519,-0.470495,CHL,BRB,40
8168755,42,33,139,2017,13533.0,0.0,-0.378693,-0.492983,CHL,BRB,40
8168756,42,33,139,2007,18396.0,0.0,-0.306846,-0.57431,CHL,BRB,40
8168757,42,33,139,2008,18529.0,0.0,-0.293985,-0.349554,CHL,BRB,40
8168758,42,33,139,2009,34613.0,0.0,-0.219521,-0.34239,CHL,BRB,40
8168759,42,33,139,2010,16866.0,0.0,-0.34914,-0.459395,CHL,BRB,40
8168760,42,33,139,2011,2808.0,0.0,-0.199877,-0.353009,CHL,BRB,40
8168761,42,33,139,2012,11756.0,0.0,-0.333891,-0.45610200000000006,CHL,BRB,40
8168762,42,33,139,2013,10444.0,0.0,-0.260718,-0.38256100000000004,CHL,BRB,40
8168763,42,33,139,2000,25776.0,0.0,0.068478,-0.053438,CHL,BRB,40
8168764,42,33,139,2001,44762.0,0.0,-0.004658,-0.002548,CHL,BRB,40
8168765,42,33,139,2002,33644.0,0.0,-0.035264,-0.101796,CHL,BRB,40
8168766,42,33,139,2003,30981.0,0.0,-0.06375900000000001,-0.156808,CHL,BRB,40
8168767,42,33,139,1997,32356.0,0.0,0.002791,-0.030604000000000003,CHL,BRB,40
8168768,42,33,139,1996,48001.0,0.0,-0.052811000000000004,-0.169464,CHL,BRB,40
8168769,42,33,139,1999,32562.0,0.0,0.041013,-0.111553,CHL,BRB,40
8168770,42,33,139,2004,32650.0,0.0,-0.07869,-0.33641,CHL,BRB,40
8168771,42,33,139,1998,44301.0,0.0,0.029706,-0.061149,CHL,BRB,40
8168772,43,33,139,1995,108047.0,0.0,0.387897,3.2147919999999996,CHN,BRB,40
8168773,43,33,139,1996,37468.0,0.0,0.404422,3.061344,CHN,BRB,40
8168774,43,33,139,1997,5876.0,0.0,0.36051300000000003,3.287322,CHN,BRB,40
8168775,43,33,139,1998,30485.0,0.0,0.3658,3.231258,CHN,BRB,40
8168776,43,33,139,1999,22620.0,0.0,0.386094,3.270089,CHN,BRB,40
8168777,43,33,139,2000,44542.0,0.0,0.478362,3.156111,CHN,BRB,40
8168778,43,33,139,2001,133867.0,0.0,0.525171,3.092963,CHN,BRB,40
8168779,43,33,139,2002,177924.0,0.0,0.576746,2.7995520000000003,CHN,BRB,40
8168780,43,33,139,2003,184814.0,0.0,0.579431,2.773139,CHN,BRB,40
8168781,43,33,139,2004,292678.0,0.0,0.581548,2.8689880000000003,CHN,BRB,40
8168782,43,33,139,2005,519019.0,0.0,0.608256,2.8242220000000002,CHN,BRB,40
8168783,43,33,139,2007,826503.0,0.0,0.801547,2.321052,CHN,BRB,40
8168784,43,33,139,2008,808437.0,0.0,0.929285,1.8917259999999998,CHN,BRB,40
8168785,43,33,139,2009,1013545.0,0.0,0.898623,2.08703,CHN,BRB,40
8168786,43,33,139,2010,1396367.0,0.0,0.922493,2.0176,CHN,BRB,40
8168787,43,33,139,2011,3671211.0,0.0,1.072299,1.686826,CHN,BRB,40
8168788,43,33,139,2012,3716712.0,0.0,1.095682,1.354837,CHN,BRB,40
8168789,43,33,139,2013,2141080.0,2738.0,1.113767,1.477496,CHN,BRB,40
8168790,43,33,139,2014,2070680.0,0.0,1.187557,1.222085,CHN,BRB,40
8168791,43,33,139,2015,2585056.0,0.0,1.077143,1.735757,CHN,BRB,40
8168792,43,33,139,2016,1813743.0,0.0,1.1073620000000002,1.723098,CHN,BRB,40
8168793,43,33,139,2017,2237791.0,0.0,1.1127790000000002,1.56869,CHN,BRB,40
8168794,43,33,139,2018,2206754.0,0.0,1.200689,1.2822,CHN,BRB,40
8168795,43,33,139,2019,2448122.0,0.0,1.196265,1.2258870000000002,CHN,BRB,40
8168796,43,33,139,2020,1675882.0,0.0,1.187837,1.2237770000000001,CHN,BRB,40
8168797,43,33,139,2006,816070.0,0.0,0.737888,2.54966,CHN,BRB,40
8168798,45,33,139,2007,342909.0,0.0,-0.821623,-0.965601,CMR,BRB,40
8168799,49,33,139,1999,20103.0,0.0,0.190667,0.136271,COL,BRB,40
8168800,49,33,139,2000,14802.0,0.0,0.299592,0.320885,COL,BRB,40
8168801,49,33,139,2005,35785.0,0.0,0.077191,0.47193500000000005,COL,BRB,40
8168802,49,33,139,2007,66937.0,0.0,0.118341,0.557699,COL,BRB,40
8168803,49,33,139,2008,51885.0,0.0,0.19505699999999998,0.566189,COL,BRB,40
8168804,49,33,139,2009,61460.0,0.0,0.263416,0.38947,COL,BRB,40
8168805,49,33,139,2010,114818.0,0.0,0.097222,-0.064328,COL,BRB,40
8168806,49,33,139,2011,58784.0,0.0,0.14336600000000002,-0.22996,COL,BRB,40
8168807,49,33,139,2012,42323.0,0.0,0.15523699999999999,-0.30749099999999996,COL,BRB,40
8168808,49,33,139,2013,37865.0,1553.0,0.121799,-0.388239,COL,BRB,40
8168809,49,33,139,2014,45460.0,5239.0,0.19864500000000002,-0.378364,COL,BRB,40
8168810,49,33,139,2015,35518.0,8024.0,0.156383,-0.183055,COL,BRB,40
8168811,49,33,139,2016,5101.0,0.0,0.10205700000000001,-0.155574,COL,BRB,40
8168812,49,33,139,2019,11988.0,0.0,0.099936,-0.15568800000000002,COL,BRB,40
8168813,49,33,139,1998,3660.0,0.0,0.205004,0.13985899999999998,COL,BRB,40
8168814,49,33,139,2001,23156.0,0.0,0.30412,0.395913,COL,BRB,40
8168815,49,33,139,2002,12626.0,0.0,0.345094,0.37787800000000005,COL,BRB,40
8168816,49,33,139,2003,48348.0,0.0,0.218336,0.376869,COL,BRB,40
8168817,49,33,139,2004,39671.0,0.0,0.033128,0.47524799999999995,COL,BRB,40
8168818,49,33,139,2006,47803.0,0.0,0.129887,0.44371700000000003,COL,BRB,40
8168819,49,33,139,2017,4262.0,0.0,0.208096,-0.17644300000000002,COL,BRB,40
8168820,49,33,139,2018,5472.0,0.0,0.20431,-0.15273699999999998,COL,BRB,40
8168821,49,33,139,2020,16614.0,0.0,0.115954,0.104558,COL,BRB,40
8168822,52,33,139,2000,1909.0,0.0,-0.095295,-0.189881,CRI,BRB,40
8168823,52,33,139,2001,20151.0,0.0,0.069458,-0.042793,CRI,BRB,40
8168824,52,33,139,2008,123368.0,0.0,0.023962,-0.346029,CRI,BRB,40
8168825,52,33,139,2009,231047.0,0.0,-0.142465,-0.669277,CRI,BRB,40
8168826,52,33,139,2010,98072.0,0.0,-0.122722,-0.7062069999999999,CRI,BRB,40
8168827,52,33,139,2011,121138.0,0.0,0.04325,-0.553193,CRI,BRB,40
8168828,52,33,139,2012,138041.0,0.0,0.176669,-0.649094,CRI,BRB,40
8168829,52,33,139,2013,136836.0,0.0,0.067379,-0.688217,CRI,BRB,40
8168830,52,33,139,2014,150277.0,0.0,0.065938,-0.687971,CRI,BRB,40
8168831,52,33,139,2015,282653.0,112057.0,0.24859699999999998,-0.033143,CRI,BRB,40
8168832,52,33,139,2016,168121.0,0.0,0.204591,-0.18279600000000001,CRI,BRB,40
8168833,52,33,139,2017,264264.0,0.0,0.288642,-0.056219000000000005,CRI,BRB,40
8168834,52,33,139,2018,137674.0,0.0,0.19386,0.05811,CRI,BRB,40
8168835,52,33,139,2019,230105.0,0.0,0.38045,0.08960900000000001,CRI,BRB,40
8168836,52,33,139,2020,223803.0,0.0,0.303849,-0.114494,CRI,BRB,40
8168837,52,33,139,2002,12707.0,0.0,0.03619,-0.187718,CRI,BRB,40
8168838,52,33,139,2003,97472.0,37044.0,-0.193904,-0.5049680000000001,CRI,BRB,40
8168839,52,33,139,2004,119609.0,0.0,-0.043266000000000006,-0.376239,CRI,BRB,40
8168840,52,33,139,2005,158474.0,0.0,-0.06424099999999999,-0.370622,CRI,BRB,40
8168841,52,33,139,2006,306278.0,0.0,0.042663,-0.376672,CRI,BRB,40
8168842,52,33,139,2007,351063.0,0.0,0.001895,-0.30248600000000003,CRI,BRB,40
8168843,54,33,139,2005,0.0,62848.0,0.00695,-0.611843,CUB,BRB,40
8168844,55,33,139,2011,1411.0,0.0,-0.052038,-0.69103,CUW,BRB,40
8168845,55,33,139,2012,1973.0,0.0,0.233821,-0.6050260000000001,CUW,BRB,40
8168846,55,33,139,2013,1712.0,0.0,0.029981999999999998,-0.673439,CUW,BRB,40
8168847,55,33,139,2020,28016.0,0.0,0.543866,0.190664,CUW,BRB,40
8168848,55,33,139,2015,3536.0,0.0,0.296267,-0.6313350000000001,CUW,BRB,40
8168849,55,33,139,2017,2145.0,0.0,0.161139,-0.591701,CUW,BRB,40
8168850,55,33,139,2018,1252.0,0.0,0.8093,-0.325347,CUW,BRB,40
8168851,55,33,139,2019,2860.0,0.0,0.808621,-0.225196,CUW,BRB,40
8168852,57,33,139,2020,0.0,34379.0,-0.007386,-0.878251,CYM,BRB,40
8168853,57,33,139,2001,0.0,4007.0,0.611577,-0.6532939999999999,CYM,BRB,40
8168854,57,33,139,2002,0.0,43682.0,0.7098220000000001,-0.633359,CYM,BRB,40
8168855,57,33,139,2003,0.0,2756.0,0.308768,-0.690944,CYM,BRB,40
8168856,57,33,139,2004,0.0,3985.0,0.349925,-0.794084,CYM,BRB,40
8168857,57,33,139,2008,0.0,1685.0,0.862348,-0.708601,CYM,BRB,40
8168858,59,33,139,2000,49902.0,0.0,1.393001,1.23271,CZE,BRB,40
8168859,59,33,139,2007,8256.0,0.0,1.620377,0.379404,CZE,BRB,40
8168860,59,33,139,2014,0.0,1260.0,1.8105830000000003,0.131131,CZE,BRB,40
8168861,59,33,139,2015,459.0,1191.0,1.743012,0.45424,CZE,BRB,40
8168862,59,33,139,2006,11581.0,0.0,1.564058,0.6023649999999999,CZE,BRB,40
8168863,59,33,139,2001,54996.0,0.0,1.485703,1.109305,CZE,BRB,40
8168864,59,33,139,2004,37436.0,0.0,1.562625,0.865244,CZE,BRB,40
8168865,59,33,139,2016,1012.0,0.0,1.823627,0.552354,CZE,BRB,40
8168866,59,33,139,1998,18828.0,0.0,1.36345,1.408508,CZE,BRB,40
8168867,59,33,139,1999,21772.0,0.0,1.412439,1.329385,CZE,BRB,40
8168868,59,33,139,2002,65212.0,0.0,1.550713,1.037066,CZE,BRB,40
8168869,59,33,139,2003,58444.0,0.0,1.555749,0.8662059999999999,CZE,BRB,40
8168870,59,33,139,2009,3121.0,0.0,1.6323159999999999,0.47257200000000005,CZE,BRB,40
8168871,59,33,139,2005,20014.0,0.0,1.56768,0.6784319999999999,CZE,BRB,40
8168872,59,33,139,1997,30072.0,0.0,1.40651,1.354695,CZE,BRB,40
8168873,59,33,139,2017,1592.0,0.0,1.7715130000000001,0.359668,CZE,BRB,40
8168874,59,33,139,2008,9936.0,0.0,1.592035,0.27983600000000003,CZE,BRB,40
8168875,61,33,139,1995,102771.0,0.0,2.325385,-2.2238189999999998,DEU,BRB,40
8168876,61,33,139,1997,82260.0,0.0,2.293936,-2.2301919999999997,DEU,BRB,40
8168877,61,33,139,1998,92176.0,0.0,2.334028,-2.417278,DEU,BRB,40
8168878,61,33,139,1999,92844.0,2144.0,2.334811,-2.060502,DEU,BRB,40
8168879,61,33,139,2001,234088.0,0.0,2.321375,-2.1110990000000003,DEU,BRB,40
8168880,61,33,139,2002,98520.0,3126.0,2.297691,-2.183239,DEU,BRB,40
8168881,61,33,139,2004,279053.0,0.0,2.266076,-2.011139,DEU,BRB,40
8168882,61,33,139,2008,289881.0,0.0,2.007167,-3.256961,DEU,BRB,40
8168883,61,33,139,2009,231446.0,0.0,2.056515,-3.034837,DEU,BRB,40
8168884,61,33,139,2015,199263.0,0.0,2.203818,-2.307561,DEU,BRB,40
8168885,61,33,139,2018,270699.0,1340250.0,2.109059,-2.428826,DEU,BRB,40
8168886,61,33,139,2019,276817.0,58330.0,2.078626,-2.124816,DEU,BRB,40
8168887,61,33,139,2007,242986.0,0.0,2.114566,-2.934732,DEU,BRB,40
8168888,61,33,139,2013,183139.0,0.0,2.093658,-3.4281980000000005,DEU,BRB,40
8168889,61,33,139,2014,157141.0,0.0,2.052849,-2.888805,DEU,BRB,40
8168890,61,33,139,1996,50738.0,0.0,2.279976,-2.572299,DEU,BRB,40
8168891,61,33,139,2000,91678.0,6215.0,2.316177,-2.4478419999999996,DEU,BRB,40
8168892,61,33,139,2003,120868.0,0.0,2.2821919999999998,-2.0985150000000004,DEU,BRB,40
8168893,61,33,139,2005,244058.0,0.0,2.172479,-2.446472,DEU,BRB,40
8168894,61,33,139,2006,255939.0,0.0,2.132566,-2.773669,DEU,BRB,40
8168895,61,33,139,2010,123746.0,0.0,2.035672,-3.383322,DEU,BRB,40
8168896,61,33,139,2011,117413.0,0.0,2.074435,-3.440815,DEU,BRB,40
8168897,61,33,139,2012,437936.0,0.0,1.966247,-3.3238410000000003,DEU,BRB,40
8168898,61,33,139,2016,164977.0,1347.0,2.203093,-2.24919,DEU,BRB,40
8168899,61,33,139,2017,242781.0,0.0,2.1149459999999998,-2.525372,DEU,BRB,40
8168900,61,33,139,2020,100467.0,0.0,2.027494,-2.3646689999999997,DEU,BRB,40
8168901,63,33,139,2004,0.0,3116.0,0.322803,-0.000479,DMA,BRB,40
8168902,63,33,139,2016,0.0,59564.0,0.162751,-0.307303,DMA,BRB,40
8168903,63,33,139,2007,0.0,2289.0,0.522624,0.077377,DMA,BRB,40
8168904,63,33,139,2006,0.0,2197.0,0.10759400000000001,-0.159215,DMA,BRB,40
8168905,63,33,139,2008,3662.0,24570.0,0.424179,0.04355,DMA,BRB,40
8168906,63,33,139,2009,0.0,18068.0,0.348966,-0.09711399999999999,DMA,BRB,40
8168907,63,33,139,2010,0.0,12676.0,0.35578699999999996,0.13029200000000002,DMA,BRB,40
8168908,63,33,139,2012,871.0,28065.0,0.372616,0.163026,DMA,BRB,40
8168909,63,33,139,2005,0.0,2367.0,0.146509,-0.072638,DMA,BRB,40
8168910,63,33,139,2003,0.0,12796.0,0.11903299999999999,-0.21768200000000001,DMA,BRB,40
8168911,63,33,139,2000,0.0,7953.0,0.780976,0.31806799999999996,DMA,BRB,40
8168912,63,33,139,1997,0.0,10994.0,0.795112,0.438787,DMA,BRB,40
8168913,63,33,139,1999,0.0,7671.0,0.808025,0.321415,DMA,BRB,40
8168914,63,33,139,1996,0.0,2328.0,0.44934399999999997,-0.023771,DMA,BRB,40
8168915,63,33,139,2019,0.0,37013.0,0.131177,-0.313508,DMA,BRB,40
8168916,63,33,139,2013,0.0,77154.0,0.054362,-0.156703,DMA,BRB,40
8168917,63,33,139,2014,0.0,123758.0,0.294596,-0.310069,DMA,BRB,40
8168918,63,33,139,2017,0.0,62513.0,0.283171,-0.22632800000000003,DMA,BRB,40
8168919,63,33,139,2001,0.0,5182.0,0.613251,0.226998,DMA,BRB,40
8168920,63,33,139,2015,0.0,49502.0,0.0735,-0.44923599999999997,DMA,BRB,40
8168921,63,33,139,2020,0.0,57415.0,0.583288,0.012664,DMA,BRB,40
8168922,63,33,139,2018,0.0,71190.0,0.381788,0.039853,DMA,BRB,40
8168923,63,33,139,2002,0.0,1968.0,0.196298,-0.129221,DMA,BRB,40
8168924,63,33,139,1998,0.0,14329.0,0.822664,0.166578,DMA,BRB,40
8168925,63,33,139,2011,0.0,21932.0,-0.25559699999999996,-0.5345300000000001,DMA,BRB,40
8168926,64,33,139,1998,13984.0,0.0,1.225999,1.470145,DNK,BRB,40
8168927,64,33,139,2009,2338.0,0.0,1.242327,1.064709,DNK,BRB,40
8168928,64,33,139,2010,4721.0,0.0,1.082468,1.280759,DNK,BRB,40
8168929,64,33,139,2011,4909.0,0.0,1.156026,1.2248299999999999,DNK,BRB,40
8168930,64,33,139,2012,1256.0,0.0,1.105061,1.245377,DNK,BRB,40
8168931,64,33,139,2004,14179.0,0.0,1.328968,1.262743,DNK,BRB,40
8168932,64,33,139,2019,27596.0,0.0,1.0768280000000001,1.2615610000000002,DNK,BRB,40
8168933,64,33,139,1996,5664.0,0.0,1.443514,1.275684,DNK,BRB,40
8168934,64,33,139,1997,6378.0,0.0,1.358279,1.420107,DNK,BRB,40
8168935,64,33,139,1999,10190.0,0.0,1.264405,1.469627,DNK,BRB,40
8168936,64,33,139,2000,1713.0,0.0,1.230078,1.429499,DNK,BRB,40
8168937,64,33,139,2001,3622.0,0.0,1.261883,1.351875,DNK,BRB,40
8168938,64,33,139,2002,9226.0,0.0,1.26594,1.225186,DNK,BRB,40
8168939,64,33,139,2003,10789.0,0.0,1.309564,1.245596,DNK,BRB,40
8168940,64,33,139,2005,5599.0,0.0,1.210286,1.217256,DNK,BRB,40
8168941,64,33,139,2020,3050.0,0.0,1.093217,1.2166549999999998,DNK,BRB,40
8168942,64,33,139,2006,21236.0,0.0,1.2308700000000001,1.180914,DNK,BRB,40
8168943,64,33,139,2007,5326.0,0.0,1.204019,1.122666,DNK,BRB,40
8168944,64,33,139,2008,4354.0,0.0,1.165294,1.1112440000000001,DNK,BRB,40
8168945,64,33,139,2013,3929.0,0.0,1.161835,1.1788450000000001,DNK,BRB,40
8168946,64,33,139,2014,14418.0,0.0,1.10869,1.245193,DNK,BRB,40
8168947,64,33,139,2015,16603.0,0.0,1.157924,1.2045629999999998,DNK,BRB,40
8168948,64,33,139,2016,6187.0,0.0,1.117864,1.302658,DNK,BRB,40
8168949,64,33,139,2017,23417.0,0.0,1.159753,1.233914,DNK,BRB,40
8168950,64,33,139,2018,46541.0,0.0,1.0945040000000001,1.3311540000000002,DNK,BRB,40
8168951,65,33,139,2006,0.0,19700.0,-0.24073699999999998,0.049093,DOM,BRB,40
8168952,65,33,139,2007,0.0,24406.0,-0.228756,0.004222,DOM,BRB,40
8168953,65,33,139,2014,0.0,1816.0,-0.180845,0.508512,DOM,BRB,40
8168954,65,33,139,2016,945.0,0.0,-0.237382,0.295389,DOM,BRB,40
8168955,65,33,139,2018,789.0,0.0,-0.084258,0.474872,DOM,BRB,40
8168956,65,33,139,2019,1316.0,0.0,-0.20594,0.309785,DOM,BRB,40
8168957,65,33,139,2020,865.0,0.0,0.06500299999999999,0.2812,DOM,BRB,40
8168958,65,33,139,2005,0.0,2175.0,-0.370894,-0.140178,DOM,BRB,40
8168959,65,33,139,2009,0.0,1927.0,-0.317894,0.198926,DOM,BRB,40
8168960,65,33,139,2010,0.0,20474.0,-0.245241,0.368626,DOM,BRB,40
8168961,67,33,139,2001,686.0,0.0,-0.852642,-0.896374,ECU,BRB,40
8168962,71,33,139,1997,50057.0,0.0,1.082049,2.0238650000000002,ESP,BRB,40
8168963,71,33,139,2004,54328.0,0.0,0.9784649999999999,2.051216,ESP,BRB,40
8168964,71,33,139,2010,33029.0,0.0,0.832619,2.448009,ESP,BRB,40
8168965,71,33,139,2012,1347.0,0.0,0.8528309999999999,2.462809,ESP,BRB,40
8168966,71,33,139,2013,0.0,15119.0,0.861698,2.353993,ESP,BRB,40
8168967,71,33,139,2014,2079.0,0.0,0.842147,2.45692,ESP,BRB,40
8168968,71,33,139,2015,2206.0,0.0,0.8173590000000001,2.442556,ESP,BRB,40
8168969,71,33,139,1999,29110.0,0.0,1.0849209999999998,1.9351180000000001,ESP,BRB,40
8168970,71,33,139,2000,24205.0,0.0,1.098989,1.911029,ESP,BRB,40
8168971,71,33,139,2011,36013.0,0.0,0.8677290000000001,2.4618450000000003,ESP,BRB,40
8168972,71,33,139,2016,2287.0,0.0,0.765428,2.57725,ESP,BRB,40
8168973,71,33,139,2017,2747.0,0.0,0.734342,2.8180099999999997,ESP,BRB,40
8168974,71,33,139,2018,4564.0,0.0,0.744825,2.919005,ESP,BRB,40
8168975,71,33,139,2019,5234.0,0.0,0.678454,3.007838,ESP,BRB,40
8168976,71,33,139,2020,3149.0,0.0,0.736657,2.731661,ESP,BRB,40
8168977,71,33,139,2008,46499.0,0.0,0.8755649999999999,2.122164,ESP,BRB,40
8168978,71,33,139,2001,36603.0,0.0,1.079664,1.9842220000000002,ESP,BRB,40
8168979,71,33,139,2002,62504.0,23109.0,1.012246,2.049594,ESP,BRB,40
8168980,71,33,139,2009,9025.0,0.0,0.9021020000000001,2.170578,ESP,BRB,40
8168981,71,33,139,1995,36109.0,0.0,1.144247,1.933844,ESP,BRB,40
8168982,71,33,139,1996,49761.0,0.0,1.105317,1.9473,ESP,BRB,40
8168983,71,33,139,1998,52602.0,0.0,1.051392,1.983438,ESP,BRB,40
8168984,71,33,139,2003,50147.0,0.0,0.960684,2.074792,ESP,BRB,40
8168985,71,33,139,2005,42118.0,0.0,0.9318489999999999,1.999698,ESP,BRB,40
8168986,71,33,139,2007,20609.0,0.0,0.914681,2.027797,ESP,BRB,40
8168987,71,33,139,2006,44066.0,0.0,0.9091370000000001,2.068166,ESP,BRB,40
8168988,72,33,139,2000,9976.0,0.0,0.358559,0.583236,EST,BRB,40
8168989,74,33,139,2005,3879.0,0.0,1.8661240000000001,0.932386,FIN,BRB,40
8168990,74,33,139,1997,9158.0,0.0,1.9298959999999998,1.083861,FIN,BRB,40
8168991,74,33,139,2000,656.0,0.0,2.0621419999999997,0.9090360000000001,FIN,BRB,40
8168992,74,33,139,2006,560.0,0.0,1.864038,0.8193940000000001,FIN,BRB,40
8168993,74,33,139,2010,1017.0,0.0,1.745464,0.897992,FIN,BRB,40
8168994,74,33,139,2007,1179.0,0.0,1.865502,0.7737729999999999,FIN,BRB,40
8168995,74,33,139,2013,1928.0,0.0,1.734552,0.8896940000000001,FIN,BRB,40
8168996,74,33,139,2017,1414.0,0.0,1.655957,0.962485,FIN,BRB,40
8168997,74,33,139,2004,3023.0,0.0,2.000218,0.9867309999999999,FIN,BRB,40
8168998,74,33,139,2003,671.0,0.0,2.077889,0.942501,FIN,BRB,40
8168999,77,33,139,2002,152162.0,0.0,1.569367,0.9886360000000001,FRA,BRB,40
8169000,77,33,139,2003,167331.0,6142.0,1.606606,0.7394149999999999,FRA,BRB,40
8169001,77,33,139,2005,203695.0,2233.0,1.505148,0.594409,FRA,BRB,40
8169002,77,33,139,2011,57746.0,0.0,1.532054,0.09339299999999999,FRA,BRB,40
8169003,77,33,139,2012,100368.0,0.0,1.425025,0.27534899999999995,FRA,BRB,40
8169004,77,33,139,2013,26037.0,35611.0,1.520354,0.022874000000000002,FRA,BRB,40
8169005,77,33,139,2014,60998.0,0.0,1.4817790000000002,0.30995,FRA,BRB,40
8169006,77,33,139,2017,19568.0,0.0,1.398427,0.894732,FRA,BRB,40
8169007,77,33,139,1997,91015.0,0.0,1.69504,0.8278549999999999,FRA,BRB,40
8169008,77,33,139,1998,77088.0,0.0,1.707702,0.7784270000000001,FRA,BRB,40
8169009,77,33,139,1999,97796.0,0.0,1.72758,0.6619079999999999,FRA,BRB,40
8169010,77,33,139,2000,63507.0,6532.0,1.674971,0.47538100000000005,FRA,BRB,40
8169011,77,33,139,2001,136094.0,4984.0,1.653507,0.797582,FRA,BRB,40
8169012,77,33,139,2004,169045.0,5058.0,1.6003530000000001,0.643945,FRA,BRB,40
8169013,77,33,139,2006,127921.0,908.0,1.47591,0.489466,FRA,BRB,40
8169014,77,33,139,2007,72410.0,0.0,1.4565350000000001,0.262845,FRA,BRB,40
8169015,77,33,139,2008,49395.0,0.0,1.487702,-0.223965,FRA,BRB,40
8169016,77,33,139,2009,55948.0,0.0,1.540346,0.090377,FRA,BRB,40
8169017,77,33,139,2010,52819.0,0.0,1.530027,-0.052557000000000006,FRA,BRB,40
8169018,77,33,139,2015,7534.0,1487.0,1.479792,0.6490239999999999,FRA,BRB,40
8169019,77,33,139,2016,21413.0,0.0,1.476437,0.911746,FRA,BRB,40
8169020,77,33,139,2019,12541.0,5134.0,1.380982,0.9510629999999999,FRA,BRB,40
8169021,77,33,139,2018,13804.0,5901.0,1.420819,0.7793770000000001,FRA,BRB,40
8169022,77,33,139,2020,5754.0,0.0,1.341275,0.8991870000000001,FRA,BRB,40
8169023,81,33,139,2000,316828.0,0.0,1.957339,0.610052,GBR,BRB,40
8169024,81,33,139,2001,440877.0,3691.0,1.976894,0.685435,GBR,BRB,40
8169025,81,33,139,2003,816451.0,0.0,1.8712540000000002,0.706205,GBR,BRB,40
8169026,81,33,139,2004,576775.0,21119.0,1.843506,0.684779,GBR,BRB,40
8169027,81,33,139,2005,537746.0,0.0,1.805023,0.425654,GBR,BRB,40
8169028,81,33,139,2006,668298.0,1755.0,1.824154,0.614424,GBR,BRB,40
8169029,81,33,139,2007,757849.0,1882.0,1.718661,0.35525300000000004,GBR,BRB,40
8169030,81,33,139,2008,537755.0,5582.0,1.7586119999999998,0.061214,GBR,BRB,40
8169031,81,33,139,2009,561735.0,0.0,1.7921779999999998,0.41211499999999995,GBR,BRB,40
8169032,81,33,139,2010,535161.0,0.0,1.828224,0.386383,GBR,BRB,40
8169033,81,33,139,2011,674551.0,1573.0,1.8048220000000001,0.380141,GBR,BRB,40
8169034,81,33,139,2012,337588.0,0.0,1.701279,0.518166,GBR,BRB,40
8169035,81,33,139,2013,358458.0,3775.0,1.7901259999999999,0.44164,GBR,BRB,40
8169036,81,33,139,2014,363787.0,0.0,1.697964,0.585372,GBR,BRB,40
8169037,81,33,139,2015,323920.0,5745.0,1.7422990000000003,0.75838,GBR,BRB,40
8169038,81,33,139,2016,287961.0,4742.0,1.6974669999999998,0.9231299999999999,GBR,BRB,40
8169039,81,33,139,2017,417741.0,0.0,1.6883119999999998,0.8347469999999999,GBR,BRB,40
8169040,81,33,139,2018,303322.0,3152.0,1.693008,0.768159,GBR,BRB,40
8169041,81,33,139,2019,375817.0,1216.0,1.731106,0.717566,GBR,BRB,40
8169042,81,33,139,1995,392154.0,0.0,1.8656979999999999,1.107121,GBR,BRB,40
8169043,81,33,139,1996,416079.0,0.0,1.850284,0.883084,GBR,BRB,40
8169044,81,33,139,1997,511072.0,1621.0,1.886353,0.783832,GBR,BRB,40
8169045,81,33,139,1998,468563.0,5193.0,1.906738,0.489101,GBR,BRB,40
8169046,81,33,139,1999,436166.0,13162.0,1.9523830000000002,0.771455,GBR,BRB,40
8169047,81,33,139,2002,546522.0,0.0,1.893177,0.831382,GBR,BRB,40
8169048,81,33,139,2020,509808.0,0.0,1.6459,0.7702640000000001,GBR,BRB,40
8169049,90,33,139,2003,6909.0,0.0,0.364688,1.4823959999999998,GRC,BRB,40
8169050,90,33,139,2008,3985.0,0.0,0.33272399999999996,1.758188,GRC,BRB,40
8169051,91,33,139,2015,0.0,116856.0,0.296552,-0.335908,GRD,BRB,40
8169052,91,33,139,2004,0.0,2174.0,0.40210100000000004,-0.382662,GRD,BRB,40
8169053,91,33,139,2007,0.0,7112.0,0.043229000000000004,-0.664795,GRD,BRB,40
8169054,91,33,139,1998,0.0,16079.0,-0.249689,-0.7117,GRD,BRB,40
8169055,91,33,139,2008,0.0,32698.0,0.6186010000000001,-0.170518,GRD,BRB,40
8169056,91,33,139,2016,0.0,301935.0,0.6993729999999999,-0.250698,GRD,BRB,40
8169057,91,33,139,2019,0.0,62660.0,0.297653,-0.409112,GRD,BRB,40
8169058,91,33,139,2000,0.0,22756.0,0.26865500000000003,-0.449797,GRD,BRB,40
8169059,91,33,139,1997,0.0,9798.0,0.24891799999999997,-0.44986499999999996,GRD,BRB,40
8169060,91,33,139,2005,0.0,3996.0,0.18640299999999999,-0.5731930000000001,GRD,BRB,40
8169061,91,33,139,2002,0.0,4127.0,0.552833,-0.283761,GRD,BRB,40
8169062,91,33,139,1996,0.0,6107.0,0.285534,-0.37242600000000003,GRD,BRB,40
8169063,91,33,139,2009,0.0,31062.0,0.035948,-0.586996,GRD,BRB,40
8169064,91,33,139,2001,0.0,3836.0,-0.007888,-0.518167,GRD,BRB,40
8169065,91,33,139,1999,0.0,21386.0,-0.157276,-0.625791,GRD,BRB,40
8169066,91,33,139,2006,0.0,3502.0,0.19208599999999998,-0.40781,GRD,BRB,40
8169067,91,33,139,2020,2102.0,840860.0,0.285169,-0.284221,GRD,BRB,40
8169068,91,33,139,2018,0.0,113464.0,0.28333800000000003,-0.40042,GRD,BRB,40
8169069,91,33,139,2017,0.0,107392.0,0.384656,-0.317098,GRD,BRB,40
8169070,91,33,139,2003,0.0,6989.0,0.3936,-0.258355,GRD,BRB,40
8169071,91,33,139,2011,0.0,47981.0,-0.11610999999999999,-0.579971,GRD,BRB,40
8169072,91,33,139,2012,0.0,138048.0,0.20538800000000001,-0.529008,GRD,BRB,40
8169073,91,33,139,2013,0.0,230806.0,0.073206,-0.567926,GRD,BRB,40
8169074,91,33,139,2014,0.0,110042.0,-0.184151,-0.7291270000000001,GRD,BRB,40
8169075,91,33,139,2010,0.0,67471.0,-0.1543,-0.779396,GRD,BRB,40
8169076,93,33,139,2000,14641.0,0.0,-0.452607,0.317698,GTM,BRB,40
8169077,93,33,139,2010,84327.0,0.0,-0.39034,0.743521,GTM,BRB,40
8169078,93,33,139,2004,2077.0,0.0,-0.46136000000000005,0.148122,GTM,BRB,40
8169079,93,33,139,2007,8357.0,0.0,-0.261899,0.643437,GTM,BRB,40
8169080,93,33,139,2009,114033.0,0.0,-0.33276999999999995,0.551257,GTM,BRB,40
8169081,93,33,139,2001,14306.0,0.0,-0.5089520000000001,0.216677,GTM,BRB,40
8169082,93,33,139,2002,4836.0,0.0,-0.548834,-0.034464999999999996,GTM,BRB,40
8169083,93,33,139,2005,1796.0,0.0,-0.414479,0.41440200000000005,GTM,BRB,40
8169084,93,33,139,2003,1087.0,0.0,-0.444162,0.145319,GTM,BRB,40
8169085,96,33,139,2007,1697.0,2961.0,-0.889957,-0.873185,GUY,BRB,40
8169086,96,33,139,2009,11929.0,1547.0,-1.0557809999999999,-1.055825,GUY,BRB,40
8169087,96,33,139,2011,0.0,3644.0,-1.079231,-1.0280989999999999,GUY,BRB,40
8169088,96,33,139,2010,0.0,3000.0,-1.020217,-1.0231569999999999,GUY,BRB,40
8169089,96,33,139,1997,0.0,14258.0,-0.7141810000000001,-0.8589030000000001,GUY,BRB,40
8169090,96,33,139,1998,0.0,4583.0,-0.8204450000000001,-0.8914200000000001,GUY,BRB,40
8169091,96,33,139,1999,5156.0,25394.0,-0.97619,-0.8785709999999999,GUY,BRB,40
8169092,96,33,139,2000,0.0,4975.0,-1.127205,-0.962915,GUY,BRB,40
8169093,96,33,139,2001,0.0,6777.0,-0.955816,-0.8593069999999999,GUY,BRB,40
8169094,96,33,139,2002,0.0,17801.0,-0.9485889999999999,-0.9086489999999999,GUY,BRB,40
8169095,96,33,139,2003,0.0,35242.0,-0.59035,-0.7361340000000001,GUY,BRB,40
8169096,96,33,139,2004,6831.0,0.0,-1.046232,-0.985188,GUY,BRB,40
8169097,96,33,139,2006,1114.0,0.0,-0.813775,-0.8000649999999999,GUY,BRB,40
8169098,96,33,139,2008,0.0,12297.0,-1.0439530000000001,-0.962007,GUY,BRB,40
8169099,96,33,139,2013,44649.0,8191.0,-0.8555590000000001,-0.9744450000000001,GUY,BRB,40
8169100,96,33,139,2014,0.0,2497.0,-1.068777,-1.038227,GUY,BRB,40
8169101,96,33,139,2016,0.0,2029.0,-0.4755,-0.778335,GUY,BRB,40
8169102,96,33,139,2020,0.0,1631.0,-0.5874159999999999,-0.8020189999999999,GUY,BRB,40
8169103,97,33,139,1995,4986.0,0.0,0.5244449999999999,2.682738,HKG,BRB,40
8169104,97,33,139,1996,9742.0,0.0,0.54364,2.727659,HKG,BRB,40
8169105,97,33,139,1997,1634.0,0.0,0.521942,2.578405,HKG,BRB,40
8169106,97,33,139,1998,17904.0,0.0,0.46966099999999994,2.5744029999999998,HKG,BRB,40
8169107,97,33,139,1999,4465.0,0.0,0.387427,2.402434,HKG,BRB,40
8169108,97,33,139,2000,8274.0,0.0,0.416202,2.4793950000000002,HKG,BRB,40
8169109,97,33,139,2001,4435.0,0.0,0.521528,2.3025,HKG,BRB,40
8169110,97,33,139,2002,11836.0,0.0,0.5701109999999999,1.989357,HKG,BRB,40
8169111,97,33,139,2003,11761.0,0.0,0.494569,2.147062,HKG,BRB,40
8169112,97,33,139,2004,21024.0,0.0,0.604825,2.098745,HKG,BRB,40
8169113,97,33,139,2011,2434.0,0.0,0.663588,1.902118,HKG,BRB,40
8169114,97,33,139,2013,7790.0,0.0,0.744383,1.923139,HKG,BRB,40
8169115,97,33,139,2014,81816.0,0.0,0.812132,1.722493,HKG,BRB,40
8169116,97,33,139,2015,34916.0,0.0,0.8255290000000001,1.8017279999999998,HKG,BRB,40
8169117,97,33,139,2016,36223.0,0.0,0.8029029999999999,1.477249,HKG,BRB,40
8169118,97,33,139,2017,2515.0,0.0,0.824982,1.7162220000000001,HKG,BRB,40
8169119,97,33,139,2018,5762.0,0.0,0.843677,1.656073,HKG,BRB,40
8169120,97,33,139,2019,1963.0,0.0,0.992556,1.523004,HKG,BRB,40
8169121,97,33,139,2009,2898.0,0.0,0.654964,1.98672,HKG,BRB,40
8169122,97,33,139,2005,10246.0,0.0,0.5862149999999999,2.0303459999999998,HKG,BRB,40
8169123,97,33,139,2006,7714.0,0.0,0.5776319999999999,2.076782,HKG,BRB,40
8169124,97,33,139,2012,7445.0,0.0,0.8124979999999999,1.677497,HKG,BRB,40
8169125,97,33,139,2010,2196.0,0.0,0.715745,1.9780259999999998,HKG,BRB,40
8169126,97,33,139,2020,18488.0,0.0,1.070483,1.183618,HKG,BRB,40
8169127,97,33,139,2008,3837.0,0.0,0.74435,2.149616,HKG,BRB,40
8169128,97,33,139,2007,9937.0,0.0,0.639034,2.1086009999999997,HKG,BRB,40
8169129,99,33,139,2007,0.0,2896.0,-0.6366,-0.327447,HND,BRB,40
8169130,102,33,139,2020,12499.0,0.0,1.393152,0.878916,HUN,BRB,40
8169131,102,33,139,2009,5119.0,0.0,1.397765,0.772375,HUN,BRB,40
8169132,102,33,139,2016,1930.0,0.0,1.445281,0.8422209999999999,HUN,BRB,40
8169133,102,33,139,2019,4125.0,0.0,1.462102,0.809183,HUN,BRB,40
8169134,102,33,139,2008,8836.0,0.0,1.3358299999999999,0.8177770000000001,HUN,BRB,40
8169135,102,33,139,2007,2461.0,0.0,1.4887709999999998,0.78372,HUN,BRB,40
8169136,102,33,139,2005,22087.0,0.0,1.3558,0.876179,HUN,BRB,40
8169137,102,33,139,2000,4003.0,0.0,1.045661,1.198236,HUN,BRB,40
8169138,102,33,139,2006,6022.0,0.0,1.4034309999999999,0.835144,HUN,BRB,40
8169139,103,33,139,2000,21914.0,0.0,-0.125831,1.7116360000000002,IDN,BRB,40
8169140,103,33,139,2019,30235.0,0.0,-0.141811,1.385726,IDN,BRB,40
8169141,103,33,139,2020,5367.0,0.0,-0.16761700000000002,1.571009,IDN,BRB,40
8169142,103,33,139,2004,109577.0,0.0,-0.223644,1.719065,IDN,BRB,40
8169143,103,33,139,2005,121206.0,0.0,-0.273208,1.5252379999999999,IDN,BRB,40
8169144,103,33,139,2010,100287.0,0.0,-0.30878099999999997,1.07069,IDN,BRB,40
8169145,103,33,139,2015,83554.0,0.0,-0.145103,1.277362,IDN,BRB,40
8169146,103,33,139,2006,144468.0,0.0,-0.21012399999999998,1.467838,IDN,BRB,40
8169147,103,33,139,2003,62838.0,0.0,-0.16802,1.7252990000000001,IDN,BRB,40
8169148,103,33,139,2017,84867.0,0.0,-0.23641700000000002,1.188173,IDN,BRB,40
8169149,103,33,139,2014,81856.0,0.0,-0.088032,1.3966459999999998,IDN,BRB,40
8169150,103,33,139,2009,64239.0,0.0,-0.253835,1.260101,IDN,BRB,40
8169151,103,33,139,2012,80128.0,0.0,-0.142318,1.281781,IDN,BRB,40
8169152,103,33,139,2013,78331.0,0.0,-0.216854,1.415728,IDN,BRB,40
8169153,103,33,139,2016,75857.0,0.0,-0.158496,1.492067,IDN,BRB,40
8169154,103,33,139,2018,29046.0,0.0,-0.10130499999999999,1.2414209999999999,IDN,BRB,40
8169155,103,33,139,2008,173557.0,0.0,-0.11154000000000001,1.4879850000000001,IDN,BRB,40
8169156,103,33,139,2001,54127.0,0.0,-0.167771,1.6587889999999998,IDN,BRB,40
8169157,103,33,139,2002,32315.0,0.0,-0.10020499999999999,1.590314,IDN,BRB,40
8169158,103,33,139,2007,107849.0,0.0,-0.192415,1.497962,IDN,BRB,40
8169159,103,33,139,2011,54186.0,0.0,-0.234125,1.168384,IDN,BRB,40
8169160,103,33,139,1997,9241.0,0.0,-0.44080699999999995,1.220104,IDN,BRB,40
8169161,103,33,139,1998,26553.0,0.0,-0.478253,1.350652,IDN,BRB,40
8169162,103,33,139,1999,22947.0,0.0,-0.20447,1.568505,IDN,BRB,40
8169163,104,33,139,2004,2122.0,0.0,0.233348,2.790987,IND,BRB,40
8169164,104,33,139,2009,177340.0,0.0,0.209867,2.254003,IND,BRB,40
8169165,104,33,139,2015,24204.0,0.0,0.24230900000000002,2.8190880000000003,IND,BRB,40
8169166,104,33,139,2017,83958.0,0.0,0.290576,2.726391,IND,BRB,40
8169167,104,33,139,2018,69560.0,0.0,0.526015,2.448112,IND,BRB,40
8169168,104,33,139,2019,93047.0,0.0,0.43196,2.661139,IND,BRB,40
8169169,104,33,139,2020,77605.0,0.0,0.464674,2.838779,IND,BRB,40
8169170,104,33,139,2013,98693.0,0.0,0.215356,2.3916209999999998,IND,BRB,40
8169171,104,33,139,2014,40969.0,0.0,0.262042,2.6305080000000003,IND,BRB,40
8169172,104,33,139,2011,116892.0,0.0,0.18276199999999998,2.398765,IND,BRB,40
8169173,104,33,139,2012,125280.0,0.0,0.229996,2.4815110000000002,IND,BRB,40
8169174,104,33,139,2016,71685.0,0.0,0.30976,2.61043,IND,BRB,40
8169175,104,33,139,2007,18461.0,0.0,0.279475,2.7514939999999997,IND,BRB,40
8169176,104,33,139,2008,47947.0,0.0,0.26694,2.926023,IND,BRB,40
8169177,104,33,139,2003,12074.0,0.0,0.33014099999999996,2.836003,IND,BRB,40
8169178,104,33,139,2005,18332.0,0.0,0.212108,2.817413,IND,BRB,40
8169179,104,33,139,2006,13249.0,0.0,0.285652,2.731318,IND,BRB,40
8169180,104,33,139,2010,85661.0,0.0,0.14485599999999998,2.408913,IND,BRB,40
8169181,104,33,139,2000,14810.0,0.0,0.3961,2.553408,IND,BRB,40
8169182,104,33,139,2002,23275.0,0.0,0.380867,2.608955,IND,BRB,40
8169183,104,33,139,2001,20981.0,0.0,0.349744,2.665844,IND,BRB,40
8169184,104,33,139,1997,2599.0,0.0,0.262571,2.31305,IND,BRB,40
8169185,104,33,139,1998,21911.0,0.0,0.274308,2.316908,IND,BRB,40
8169186,104,33,139,1999,45346.0,0.0,0.29945900000000003,2.438702,IND,BRB,40
8169187,106,33,139,1999,1841.0,0.0,1.599613,0.37233299999999997,IRL,BRB,40
8169188,106,33,139,2002,4075.0,0.0,1.7232880000000002,0.091172,IRL,BRB,40
8169189,106,33,139,2004,7045.0,0.0,1.501859,0.14456,IRL,BRB,40
8169190,106,33,139,2005,8964.0,0.0,1.536605,0.189781,IRL,BRB,40
8169191,106,33,139,2019,6364.0,0.0,1.3812389999999999,-0.025366,IRL,BRB,40
8169192,106,33,139,2000,2878.0,0.0,1.546001,0.342854,IRL,BRB,40
8169193,106,33,139,2003,3212.0,0.0,1.6396130000000002,0.220599,IRL,BRB,40
8169194,106,33,139,2006,5686.0,0.0,1.43804,0.06463200000000001,IRL,BRB,40
8169195,106,33,139,2007,1206.0,0.0,1.353146,0.122832,IRL,BRB,40
8169196,106,33,139,2011,2998.0,0.0,1.403182,0.290245,IRL,BRB,40
8169197,106,33,139,2016,1506.0,0.0,1.445238,0.07659400000000001,IRL,BRB,40
8169198,106,33,139,2017,1128.0,0.0,1.363544,0.169211,IRL,BRB,40
8169199,106,33,139,2020,2145.0,0.0,1.337791,-0.20829699999999998,IRL,BRB,40
8169200,106,33,139,2014,3799.0,0.0,1.2658399999999999,0.278546,IRL,BRB,40
8169201,106,33,139,2010,409.0,0.0,1.371357,0.168795,IRL,BRB,40
8169202,106,33,139,2012,2285.0,0.0,1.229702,0.12683599999999998,IRL,BRB,40
8169203,106,33,139,2015,1815.0,0.0,1.304942,0.126431,IRL,BRB,40
8169204,106,33,139,2001,561.0,0.0,1.664233,0.129983,IRL,BRB,40
8169205,106,33,139,2013,7114.0,0.0,1.29988,0.240688,IRL,BRB,40
8169206,109,33,139,1998,3501.0,0.0,0.18141300000000002,-0.47993500000000006,ISL,BRB,40
8169207,110,33,139,2011,439.0,0.0,1.324384,0.714611,ISR,BRB,40
8169208,110,33,139,1997,9935.0,0.0,1.3230030000000002,0.965016,ISR,BRB,40
8169209,110,33,139,2012,744.0,0.0,1.344347,0.691617,ISR,BRB,40
8169210,110,33,139,2014,1609.0,0.0,1.211141,0.64523,ISR,BRB,40
8169211,110,33,139,2003,3365.0,0.0,1.157809,0.682195,ISR,BRB,40
8169212,110,33,139,2020,805.0,0.0,1.487557,0.8370920000000001,ISR,BRB,40
8169213,110,33,139,1998,2600.0,0.0,1.2643739999999999,0.958475,ISR,BRB,40
8169214,110,33,139,2005,976.0,0.0,1.3829120000000001,0.761617,ISR,BRB,40
8169215,110,33,139,2001,368.0,0.0,1.374873,0.775594,ISR,BRB,40
8169216,110,33,139,2002,4368.0,0.0,1.334174,0.654331,ISR,BRB,40
8169217,110,33,139,2000,1420.0,0.0,1.251365,0.7359319999999999,ISR,BRB,40
8169218,110,33,139,1999,451.0,0.0,1.342593,0.781931,ISR,BRB,40
8169219,111,33,139,2003,41007.0,0.0,1.399734,1.044608,ITA,BRB,40
8169220,111,33,139,2006,56491.0,0.0,1.293779,0.93995,ITA,BRB,40
8169221,111,33,139,2007,76717.0,0.0,1.3003559999999998,0.705448,ITA,BRB,40
8169222,111,33,139,2008,33363.0,0.0,1.308777,0.361523,ITA,BRB,40
8169223,111,33,139,2009,36827.0,0.0,1.289,0.64549,ITA,BRB,40
8169224,111,33,139,2010,36162.0,0.0,1.272385,0.545721,ITA,BRB,40
8169225,111,33,139,2011,22366.0,0.0,1.298751,0.48013599999999995,ITA,BRB,40
8169226,111,33,139,2012,9467.0,0.0,1.297611,0.28585900000000003,ITA,BRB,40
8169227,111,33,139,2013,4386.0,0.0,1.289924,0.533436,ITA,BRB,40
8169228,111,33,139,2014,34886.0,0.0,1.340136,0.43931099999999995,ITA,BRB,40
8169229,111,33,139,2015,52584.0,0.0,1.321127,0.747046,ITA,BRB,40
8169230,111,33,139,2016,13872.0,0.0,1.339307,0.8549209999999999,ITA,BRB,40
8169231,111,33,139,2017,51265.0,1795.0,1.34395,0.577693,ITA,BRB,40
8169232,111,33,139,2018,12719.0,1034.0,1.3602530000000002,0.453607,ITA,BRB,40
8169233,111,33,139,2019,46721.0,0.0,1.25898,0.926639,ITA,BRB,40
8169234,111,33,139,2020,2353.0,0.0,1.299017,0.701797,ITA,BRB,40
8169235,111,33,139,1995,51365.0,18488.0,1.503379,1.449094,ITA,BRB,40
8169236,111,33,139,1996,42896.0,0.0,1.4674690000000001,1.263362,ITA,BRB,40
8169237,111,33,139,1997,158547.0,0.0,1.4860389999999999,1.235674,ITA,BRB,40
8169238,111,33,139,1998,182801.0,0.0,1.4532209999999999,1.191124,ITA,BRB,40
8169239,111,33,139,2005,45779.0,0.0,1.295883,1.032218,ITA,BRB,40
8169240,111,33,139,2000,49557.0,0.0,1.421124,1.112321,ITA,BRB,40
8169241,111,33,139,2001,53986.0,0.0,1.389926,1.282143,ITA,BRB,40
8169242,111,33,139,2002,44424.0,0.0,1.377604,1.2470510000000001,ITA,BRB,40
8169243,111,33,139,2004,62407.0,0.0,1.358057,1.11533,ITA,BRB,40
8169244,111,33,139,1999,87502.0,0.0,1.395253,1.3589790000000002,ITA,BRB,40
8169245,112,33,139,2004,552419.0,0.0,-0.64957,-0.944183,JAM,BRB,40
8169246,112,33,139,2018,42645.0,4891.0,-0.339328,-0.8756659999999999,JAM,BRB,40
8169247,112,33,139,2019,32271.0,31538.0,-0.18387799999999999,-0.710004,JAM,BRB,40
8169248,112,33,139,2020,29559.0,22701.0,-0.21953000000000003,-0.6944899999999999,JAM,BRB,40
8169249,112,33,139,2006,584726.0,760.0,-0.5122720000000001,-0.9109809999999999,JAM,BRB,40
8169250,112,33,139,2011,12276.0,0.0,-0.162212,-0.621817,JAM,BRB,40
8169251,112,33,139,2012,35082.0,0.0,-0.34163899999999997,-0.8008850000000001,JAM,BRB,40
8169252,112,33,139,2016,36480.0,14243.0,-0.259972,-0.592114,JAM,BRB,40
8169253,112,33,139,2017,23773.0,0.0,-0.497654,-0.76481,JAM,BRB,40
8169254,112,33,139,1999,16477.0,0.0,-0.852468,-0.9670290000000001,JAM,BRB,40
8169255,112,33,139,2001,454504.0,30010.0,-0.541582,-0.837248,JAM,BRB,40
8169256,112,33,139,2002,539980.0,12287.0,-0.604813,-0.9309860000000001,JAM,BRB,40
8169257,112,33,139,2003,373505.0,1058.0,-0.6684140000000001,-0.915817,JAM,BRB,40
8169258,112,33,139,2005,752679.0,0.0,-0.438717,-0.95845,JAM,BRB,40
8169259,112,33,139,2007,696862.0,1041.0,-0.466305,-0.971972,JAM,BRB,40
8169260,112,33,139,2008,382479.0,0.0,-0.412969,-0.9444030000000001,JAM,BRB,40
8169261,112,33,139,2009,18076.0,1136.0,-0.083743,-0.6222479999999999,JAM,BRB,40
8169262,112,33,139,2010,30914.0,1559.0,0.041471,-0.367177,JAM,BRB,40
8169263,112,33,139,2013,12946.0,6636.0,-0.541441,-0.8448559999999999,JAM,BRB,40
8169264,112,33,139,2014,18067.0,0.0,-0.42745299999999997,-0.7750130000000001,JAM,BRB,40
8169265,112,33,139,2015,36277.0,3594.0,-0.438267,-0.828097,JAM,BRB,40
8169266,112,33,139,1998,9698.0,0.0,-0.8083739999999999,-0.946183,JAM,BRB,40
8169267,112,33,139,1996,345265.0,0.0,-0.6344350000000001,-0.814916,JAM,BRB,40
8169268,112,33,139,1997,57772.0,1684.0,-0.65455,-0.820413,JAM,BRB,40
8169269,112,33,139,2000,149171.0,19442.0,-0.625061,-0.814176,JAM,BRB,40
8169270,114,33,139,2009,786530.0,0.0,2.306791,-0.251712,JPN,BRB,40
8169271,114,33,139,2010,511470.0,0.0,2.459723,-0.279387,JPN,BRB,40
8169272,114,33,139,2011,678136.0,0.0,2.516395,-0.534301,JPN,BRB,40
8169273,114,33,139,2012,296642.0,0.0,2.359022,-0.553565,JPN,BRB,40
8169274,114,33,139,2005,698691.0,0.0,2.392106,0.278652,JPN,BRB,40
8169275,114,33,139,2016,292760.0,0.0,2.574025,-0.34859,JPN,BRB,40
8169276,114,33,139,2014,310312.0,0.0,2.403165,-0.635024,JPN,BRB,40
8169277,114,33,139,2015,254057.0,0.0,2.516133,-0.484202,JPN,BRB,40
8169278,114,33,139,2017,241576.0,0.0,2.4510419999999997,-0.277357,JPN,BRB,40
8169279,114,33,139,2018,220222.0,0.0,2.514533,-0.416074,JPN,BRB,40
8169280,114,33,139,2020,314042.0,0.0,2.405659,-0.38169000000000003,JPN,BRB,40
8169281,114,33,139,2019,368514.0,0.0,2.4931509999999997,-0.558811,JPN,BRB,40
8169282,114,33,139,2000,690822.0,15.0,2.579611,0.464875,JPN,BRB,40
8169283,114,33,139,2001,521280.0,0.0,2.585857,0.522663,JPN,BRB,40
8169284,114,33,139,2002,626980.0,0.0,2.556057,0.497673,JPN,BRB,40
8169285,114,33,139,2003,594110.0,2570.0,2.4686630000000003,0.48072600000000004,JPN,BRB,40
8169286,114,33,139,2004,575152.0,0.0,2.526624,0.452054,JPN,BRB,40
8169287,114,33,139,2006,596359.0,0.0,2.4348099999999997,0.082887,JPN,BRB,40
8169288,114,33,139,2007,743689.0,0.0,2.313259,0.186703,JPN,BRB,40
8169289,114,33,139,2008,628085.0,0.0,2.285056,0.036255,JPN,BRB,40
8169290,114,33,139,1998,519486.0,0.0,2.550442,0.718063,JPN,BRB,40
8169291,114,33,139,1995,231054.0,0.0,2.56822,0.927307,JPN,BRB,40
8169292,114,33,139,1996,183330.0,0.0,2.615364,0.5656939999999999,JPN,BRB,40
8169293,114,33,139,1997,638773.0,0.0,2.631846,0.553144,JPN,BRB,40
8169294,114,33,139,1999,328942.0,0.0,2.541382,0.693702,JPN,BRB,40
8169295,114,33,139,2013,314480.0,0.0,2.3993130000000003,-0.564768,JPN,BRB,40
8169296,119,33,139,2001,13883.0,0.0,1.070549,-0.712515,KIR,BRB,40
8169297,120,33,139,2016,0.0,13128.0,0.620594,-0.4305,KNA,BRB,40
8169298,120,33,139,2012,0.0,2796.0,0.788275,-0.314756,KNA,BRB,40
8169299,120,33,139,2013,0.0,68758.0,0.8500270000000001,-0.390234,KNA,BRB,40
8169300,120,33,139,2014,0.0,10559.0,0.9888950000000001,-0.28283800000000003,KNA,BRB,40
8169301,120,33,139,2015,0.0,30504.0,0.8252430000000001,-0.436662,KNA,BRB,40
8169302,120,33,139,1996,0.0,2810.0,0.546384,-0.463373,KNA,BRB,40
8169303,120,33,139,2001,0.0,4722.0,0.612222,-0.440733,KNA,BRB,40
8169304,120,33,139,2017,0.0,17612.0,0.781625,-0.405177,KNA,BRB,40
8169305,120,33,139,2000,0.0,8573.0,0.70972,-0.526818,KNA,BRB,40
8169306,120,33,139,2004,0.0,17896.0,0.538271,-0.43505299999999997,KNA,BRB,40
8169307,120,33,139,2007,0.0,1304.0,1.21646,-0.190821,KNA,BRB,40
8169308,120,33,139,2008,0.0,5798.0,1.2613,-0.136295,KNA,BRB,40
8169309,120,33,139,2009,0.0,11435.0,0.9218370000000001,-0.303977,KNA,BRB,40
8169310,120,33,139,2011,0.0,8852.0,1.056175,-0.19398800000000002,KNA,BRB,40
8169311,120,33,139,2002,0.0,13865.0,0.911442,-0.26164899999999996,KNA,BRB,40
8169312,120,33,139,2010,0.0,5282.0,0.9277790000000001,-0.42824799999999996,KNA,BRB,40
8169313,120,33,139,1999,0.0,13204.0,0.670532,-0.45786400000000005,KNA,BRB,40
8169314,120,33,139,2003,0.0,6416.0,0.555154,-0.405962,KNA,BRB,40
8169315,120,33,139,1997,0.0,5224.0,0.8765370000000001,-0.268836,KNA,BRB,40
8169316,120,33,139,2005,0.0,4805.0,0.9313739999999999,-0.44211999999999996,KNA,BRB,40
8169317,120,33,139,2018,0.0,4421.0,0.315069,-0.689573,KNA,BRB,40
8169318,120,33,139,2019,0.0,11729.0,0.739775,-0.644166,KNA,BRB,40
8169319,120,33,139,2020,0.0,15596.0,0.955462,-0.487217,KNA,BRB,40
8169320,120,33,139,1998,0.0,4930.0,0.856974,-0.416976,KNA,BRB,40
8169321,121,33,139,2012,468974.0,0.0,1.632917,0.877742,KOR,BRB,40
8169322,121,33,139,1997,886232.0,0.0,1.0478290000000001,1.2874370000000002,KOR,BRB,40
8169323,121,33,139,1998,1181878.0,0.0,0.999518,1.106351,KOR,BRB,40
8169324,121,33,139,1996,843940.0,0.0,0.8946940000000001,1.240424,KOR,BRB,40
8169325,121,33,139,2010,994921.0,0.0,1.7118849999999999,0.762362,KOR,BRB,40
8169326,121,33,139,2000,990144.0,0.0,1.0696700000000001,1.0182209999999998,KOR,BRB,40
8169327,121,33,139,2001,901832.0,0.0,1.145797,1.0762399999999999,KOR,BRB,40
8169328,121,33,139,2014,343603.0,0.0,1.817145,0.8394530000000001,KOR,BRB,40
8169329,121,33,139,2004,477112.0,0.0,1.3624690000000002,0.928342,KOR,BRB,40
8169330,121,33,139,2005,1052278.0,0.0,1.4051850000000001,0.815171,KOR,BRB,40
8169331,121,33,139,2006,989483.0,0.0,1.5384309999999999,0.766628,KOR,BRB,40
8169332,121,33,139,2007,1324719.0,0.0,1.497359,0.726637,KOR,BRB,40
8169333,121,33,139,2008,1167732.0,0.0,1.491687,0.814692,KOR,BRB,40
8169334,121,33,139,2009,897061.0,0.0,1.509336,0.784515,KOR,BRB,40
8169335,121,33,139,2011,400510.0,0.0,1.731371,0.8306879999999999,KOR,BRB,40
8169336,121,33,139,1999,1085974.0,0.0,0.92448,1.053988,KOR,BRB,40
8169337,121,33,139,2013,392391.0,0.0,1.818383,0.75645,KOR,BRB,40
8169338,121,33,139,2015,351515.0,0.0,1.900653,0.859406,KOR,BRB,40
8169339,121,33,139,2016,364549.0,0.0,2.086184,0.724318,KOR,BRB,40
8169340,121,33,139,2017,288433.0,0.0,2.011263,0.783215,KOR,BRB,40
8169341,121,33,139,2018,124531.0,0.0,2.093866,0.764303,KOR,BRB,40
8169342,121,33,139,2019,174486.0,0.0,2.115482,0.696838,KOR,BRB,40
8169343,121,33,139,2020,8488.0,0.0,1.9703950000000001,0.800826,KOR,BRB,40
8169344,121,33,139,1995,421116.0,0.0,0.845175,1.2761799999999999,KOR,BRB,40
8169345,121,33,139,2002,605190.0,0.0,1.186816,1.075947,KOR,BRB,40
8169346,121,33,139,2003,890323.0,0.0,1.2611709999999998,0.956308,KOR,BRB,40
8169347,127,33,139,2017,2968.0,143226.0,0.458896,-0.149195,LCA,BRB,40
8169348,127,33,139,2019,4695.0,54889.0,0.21145,-0.08792699999999999,LCA,BRB,40
8169349,127,33,139,2003,0.0,55620.0,0.318385,-0.342679,LCA,BRB,40
8169350,127,33,139,2004,0.0,13843.0,0.233152,-0.351169,LCA,BRB,40
8169351,127,33,139,2000,0.0,35691.0,0.025498,-0.599171,LCA,BRB,40
8169352,127,33,139,2012,0.0,61688.0,0.526261,-0.10413199999999999,LCA,BRB,40
8169353,127,33,139,2007,0.0,58078.0,0.7445430000000001,-0.187834,LCA,BRB,40
8169354,127,33,139,2011,0.0,77677.0,0.639295,-0.17407999999999998,LCA,BRB,40
8169355,127,33,139,2013,0.0,177639.0,0.265129,-0.5083949999999999,LCA,BRB,40
8169356,127,33,139,2014,2427.0,232292.0,0.29035500000000003,-0.603541,LCA,BRB,40
8169357,127,33,139,2015,0.0,199972.0,0.5410590000000001,-0.484234,LCA,BRB,40
8169358,127,33,139,2016,0.0,217185.0,0.397746,-0.405285,LCA,BRB,40
8169359,127,33,139,2018,850.0,61884.0,0.18656,-0.143406,LCA,BRB,40
8169360,127,33,139,2006,1047.0,37573.0,1.118348,-0.17618,LCA,BRB,40
8169361,127,33,139,1995,0.0,1856.0,0.194177,-0.359444,LCA,BRB,40
8169362,127,33,139,2009,1793.0,113621.0,0.34839699999999996,-0.531658,LCA,BRB,40
8169363,127,33,139,1999,0.0,47742.0,-0.129026,-0.630046,LCA,BRB,40
8169364,127,33,139,2010,0.0,88096.0,0.446162,-0.279229,LCA,BRB,40
8169365,127,33,139,2008,0.0,67158.0,0.42267899999999997,0.005129,LCA,BRB,40
8169366,127,33,139,2020,0.0,191665.0,0.044785000000000005,-0.59519,LCA,BRB,40
8169367,127,33,139,1998,0.0,29163.0,-0.056641,-0.672786,LCA,BRB,40
8169368,127,33,139,2002,0.0,49218.0,0.14441700000000002,-0.38146599999999997,LCA,BRB,40
8169369,127,33,139,2005,0.0,15336.0,0.795038,-0.40244,LCA,BRB,40
8169370,127,33,139,1997,0.0,16525.0,-0.148373,-0.516139,LCA,BRB,40
8169371,127,33,139,2001,0.0,21316.0,0.004518,-0.5326770000000001,LCA,BRB,40
8169372,128,33,139,2016,971.0,0.0,-0.562869,0.49937,LKA,BRB,40
8169373,128,33,139,2017,2077.0,0.0,-0.46442799999999995,0.472132,LKA,BRB,40
8169374,128,33,139,2018,4436.0,0.0,-0.544504,0.41074099999999997,LKA,BRB,40
8169375,128,33,139,2019,1267.0,0.0,-0.592952,0.394811,LKA,BRB,40
8169376,128,33,139,2011,1463.0,0.0,-0.559311,0.398905,LKA,BRB,40
8169377,128,33,139,2013,1577.0,0.0,-0.6521779999999999,0.41258599999999995,LKA,BRB,40
8169378,128,33,139,2015,1722.0,0.0,-0.6773399999999999,0.386343,LKA,BRB,40
8169379,128,33,139,2012,1221.0,0.0,-0.49648100000000006,0.48185200000000006,LKA,BRB,40
8169380,128,33,139,2001,2619.0,0.0,-0.722434,-0.033818,LKA,BRB,40
8169381,128,33,139,1997,5272.0,0.0,-0.925745,-0.308559,LKA,BRB,40
8169382,130,33,139,2020,9708.0,0.0,0.9772870000000001,1.291244,LTU,BRB,40
8169383,131,33,139,2020,14834.0,0.0,1.197655,1.432727,LUX,BRB,40
8169384,131,33,139,2008,0.0,1869.0,1.39945,1.003857,LUX,BRB,40
8169385,131,33,139,2015,34465.0,0.0,1.218924,1.247152,LUX,BRB,40
8169386,131,33,139,2005,374.0,0.0,1.399885,0.974292,LUX,BRB,40
8169387,138,33,139,2004,3820.0,1242.0,0.868684,0.85506,MEX,BRB,40
8169388,138,33,139,2007,15335.0,0.0,1.044746,0.605246,MEX,BRB,40
8169389,138,33,139,2000,2895.0,0.0,0.6866760000000001,0.64383,MEX,BRB,40
8169390,138,33,139,2001,10084.0,1856.0,0.797058,0.713234,MEX,BRB,40
8169391,138,33,139,2012,52954.0,0.0,1.039541,0.663349,MEX,BRB,40
8169392,138,33,139,2013,49477.0,2681.0,1.048507,0.718932,MEX,BRB,40
8169393,138,33,139,2014,4812.0,0.0,1.0799729999999998,0.697554,MEX,BRB,40
8169394,138,33,139,2015,11608.0,0.0,1.169724,0.61457,MEX,BRB,40
8169395,138,33,139,2016,13856.0,0.0,1.165638,0.6446649999999999,MEX,BRB,40
8169396,138,33,139,1999,18794.0,2037.0,0.581034,0.8399760000000001,MEX,BRB,40
8169397,138,33,139,2003,3629.0,0.0,0.862509,0.756684,MEX,BRB,40
8169398,138,33,139,1997,2689.0,3518.0,0.603221,0.898488,MEX,BRB,40
8169399,138,33,139,2005,21851.0,0.0,1.046235,0.856245,MEX,BRB,40
8169400,138,33,139,2006,22569.0,0.0,1.047268,0.7142270000000001,MEX,BRB,40
8169401,138,33,139,2008,19319.0,0.0,0.9833639999999999,0.7687069999999999,MEX,BRB,40
8169402,138,33,139,2011,45045.0,4998.0,0.9534600000000001,0.706982,MEX,BRB,40
8169403,138,33,139,2009,50563.0,0.0,1.061625,0.719234,MEX,BRB,40
8169404,138,33,139,2010,31670.0,1241.0,1.132664,0.675756,MEX,BRB,40
8169405,138,33,139,2002,13402.0,0.0,0.942061,0.6311260000000001,MEX,BRB,40
8169406,138,33,139,2019,18640.0,0.0,1.083041,0.569353,MEX,BRB,40
8169407,138,33,139,2020,75955.0,0.0,0.974514,0.563643,MEX,BRB,40
8169408,138,33,139,2018,11390.0,0.0,1.00061,0.585759,MEX,BRB,40
8169409,138,33,139,2017,13515.0,0.0,1.08871,0.5745279999999999,MEX,BRB,40
8169410,149,33,139,2008,0.0,1513.0,1.375073,-0.275475,MSR,BRB,40
8169411,149,33,139,2009,0.0,2451.0,1.163257,-0.332029,MSR,BRB,40
8169412,149,33,139,2003,0.0,1571.0,0.383768,-0.320867,MSR,BRB,40
8169413,149,33,139,1998,0.0,4615.0,1.244182,-0.24840700000000002,MSR,BRB,40
8169414,153,33,139,2008,86704.0,0.0,0.793395,0.6141939999999999,MYS,BRB,40
8169415,153,33,139,2016,208671.0,0.0,1.106894,0.7452840000000001,MYS,BRB,40
8169416,153,33,139,2014,393727.0,0.0,1.018138,0.774649,MYS,BRB,40
8169417,153,33,139,2015,185527.0,0.0,1.082803,0.811615,MYS,BRB,40
8169418,153,33,139,2002,84744.0,0.0,0.704957,0.243398,MYS,BRB,40
8169419,153,33,139,2011,135957.0,0.0,0.9893290000000001,0.632079,MYS,BRB,40
8169420,153,33,139,2012,160644.0,7466.0,0.945643,0.7526510000000001,MYS,BRB,40
8169421,153,33,139,2013,244857.0,2733.0,0.937641,0.747496,MYS,BRB,40
8169422,153,33,139,2019,510009.0,0.0,1.192967,0.730971,MYS,BRB,40
8169423,153,33,139,2017,212166.0,0.0,1.0110139999999999,0.6840729999999999,MYS,BRB,40
8169424,153,33,139,2010,205152.0,0.0,0.9530780000000001,0.607456,MYS,BRB,40
8169425,153,33,139,1995,34087.0,0.0,0.357745,0.374284,MYS,BRB,40
8169426,153,33,139,1999,84567.0,0.0,0.500591,0.136149,MYS,BRB,40
8169427,153,33,139,2004,61073.0,0.0,0.6710050000000001,0.17807,MYS,BRB,40
8169428,153,33,139,2005,82309.0,0.0,0.5847439999999999,0.13176300000000002,MYS,BRB,40
8169429,153,33,139,2006,46148.0,0.0,0.7896569999999999,0.363625,MYS,BRB,40
8169430,153,33,139,2018,525799.0,0.0,1.122976,0.734109,MYS,BRB,40
8169431,153,33,139,2000,108349.0,0.0,0.519684,0.170286,MYS,BRB,40
8169432,153,33,139,2003,46338.0,0.0,0.728804,0.2168,MYS,BRB,40
8169433,153,33,139,2007,57346.0,0.0,0.740788,0.302155,MYS,BRB,40
8169434,153,33,139,2009,68053.0,0.0,0.8718229999999999,0.607429,MYS,BRB,40
8169435,153,33,139,1996,98961.0,0.0,0.351774,0.347262,MYS,BRB,40
8169436,153,33,139,1997,45453.0,0.0,0.37340999999999996,0.36853600000000003,MYS,BRB,40
8169437,153,33,139,1998,49935.0,0.0,0.396826,0.203792,MYS,BRB,40
8169438,153,33,139,2020,583452.0,0.0,1.185223,0.573439,MYS,BRB,40
8169439,153,33,139,2001,114816.0,0.0,0.768174,0.307033,MYS,BRB,40
8169440,159,33,139,2001,0.0,2377.0,-1.966439,-1.2724520000000001,NGA,BRB,40
8169441,159,33,139,2008,3844596.0,4382969.0,-1.9809139999999998,-1.189201,NGA,BRB,40
8169442,159,33,139,2009,2650676.0,1869863.0,-1.584051,-1.156247,NGA,BRB,40
8169443,159,33,139,2010,3446644.0,2345084.0,-1.887084,-1.2280229999999999,NGA,BRB,40
8169444,159,33,139,2011,40686025.0,617167.0,-1.699286,-1.15511,NGA,BRB,40
8169445,159,33,139,2012,151062080.0,518101.0,-1.760488,-1.201048,NGA,BRB,40
8169446,159,33,139,1996,0.0,115421.0,-1.813359,-1.1967,NGA,BRB,40
8169447,162,33,139,1995,119188.0,0.0,1.304391,1.8819119999999998,NLD,BRB,40
8169448,162,33,139,1996,130045.0,0.0,1.256625,1.803132,NLD,BRB,40
8169449,162,33,139,1997,265832.0,0.0,1.267794,1.727888,NLD,BRB,40
8169450,162,33,139,1998,30951.0,0.0,1.248469,1.683182,NLD,BRB,40
8169451,162,33,139,1999,92673.0,0.0,1.308776,1.574293,NLD,BRB,40
8169452,162,33,139,2000,124688.0,0.0,1.283291,1.58901,NLD,BRB,40
8169453,162,33,139,2001,160752.0,0.0,1.315685,1.590935,NLD,BRB,40
8169454,162,33,139,2002,179290.0,0.0,1.206176,1.7136360000000002,NLD,BRB,40
8169455,162,33,139,2003,297703.0,0.0,1.168453,1.7085709999999998,NLD,BRB,40
8169456,162,33,139,2004,248024.0,0.0,1.251808,1.586526,NLD,BRB,40
8169457,162,33,139,2005,25107.0,0.0,1.143533,1.614774,NLD,BRB,40
8169458,162,33,139,2006,167299.0,0.0,1.192134,1.450852,NLD,BRB,40
8169459,162,33,139,2008,273268.0,0.0,1.139475,1.385316,NLD,BRB,40
8169460,162,33,139,2009,185937.0,0.0,1.1914850000000001,1.3076780000000001,NLD,BRB,40
8169461,162,33,139,2010,172569.0,0.0,1.237998,1.1891209999999999,NLD,BRB,40
8169462,162,33,139,2011,117254.0,0.0,1.1655229999999999,1.410167,NLD,BRB,40
8169463,162,33,139,2012,231733.0,0.0,1.124582,1.374002,NLD,BRB,40
8169464,162,33,139,2013,68753.0,0.0,1.184107,1.249557,NLD,BRB,40
8169465,162,33,139,2014,11021.0,0.0,1.179325,1.355071,NLD,BRB,40
8169466,162,33,139,2015,27264.0,0.0,1.230104,1.27344,NLD,BRB,40
8169467,162,33,139,2016,42951.0,50087.0,1.157361,1.5188540000000001,NLD,BRB,40
8169468,162,33,139,2017,30765.0,2712.0,1.146959,1.470869,NLD,BRB,40
8169469,162,33,139,2018,57834.0,306600.0,1.1478899999999999,1.454758,NLD,BRB,40
8169470,162,33,139,2019,27778.0,0.0,1.145044,1.3523530000000001,NLD,BRB,40
8169471,162,33,139,2020,18978.0,0.0,1.035951,1.559401,NLD,BRB,40
8169472,162,33,139,2007,118721.0,0.0,1.089169,1.589641,NLD,BRB,40
8169473,163,33,139,2001,18615.0,0.0,0.974814,0.06512000000000001,NOR,BRB,40
8169474,163,33,139,2002,749.0,0.0,1.110882,0.17164100000000002,NOR,BRB,40
8169475,163,33,139,2003,15196.0,0.0,1.1500620000000001,0.258554,NOR,BRB,40
8169476,163,33,139,2005,26000.0,0.0,1.0581530000000001,0.038369,NOR,BRB,40
8169477,163,33,139,2019,3377.0,0.0,0.6957300000000001,0.181607,NOR,BRB,40
8169478,163,33,139,2020,5567.0,0.0,0.793459,0.369766,NOR,BRB,40
8169479,163,33,139,2008,21972.0,0.0,0.911428,-0.019318000000000002,NOR,BRB,40
8169480,163,33,139,2007,14350.0,0.0,0.9829100000000001,0.100995,NOR,BRB,40
8169481,163,33,139,2009,1191.0,0.0,0.865455,0.082808,NOR,BRB,40
8169482,163,33,139,2010,44092.0,0.0,0.865676,0.138757,NOR,BRB,40
8169483,163,33,139,2006,11789.0,0.0,1.0787930000000001,0.014051,NOR,BRB,40
8169484,163,33,139,2004,19986.0,0.0,1.10162,0.118709,NOR,BRB,40
8169485,166,33,139,2015,4982.0,0.0,0.224598,0.253179,NZL,BRB,40
8169486,166,33,139,2003,2145.0,0.0,0.589619,0.997301,NZL,BRB,40
8169487,166,33,139,2006,2305.0,0.0,0.5371,0.8240209999999999,NZL,BRB,40
8169488,166,33,139,2007,4707.0,0.0,0.495938,0.845825,NZL,BRB,40
8169489,166,33,139,2008,16264.0,0.0,0.513416,0.753058,NZL,BRB,40
8169490,166,33,139,2009,6822.0,0.0,0.38301999999999997,0.720644,NZL,BRB,40
8169491,166,33,139,2011,1122.0,0.0,0.372732,0.548601,NZL,BRB,40
8169492,166,33,139,2013,5968.0,0.0,0.3345,0.39063000000000003,NZL,BRB,40
8169493,166,33,139,2019,1319.0,0.0,0.119281,0.039036,NZL,BRB,40
8169494,168,33,139,2020,1288.0,0.0,-0.52984,0.63654,PAK,BRB,40
8169495,168,33,139,2013,3448.0,0.0,-0.75727,0.769703,PAK,BRB,40
8169496,168,33,139,2014,2564.0,0.0,-0.672924,0.566787,PAK,BRB,40
8169497,168,33,139,2016,1823.0,0.0,-0.7502800000000001,0.545331,PAK,BRB,40
8169498,168,33,139,2018,5534.0,0.0,-0.64348,0.665045,PAK,BRB,40
8169499,169,33,139,2010,79008.0,0.0,0.617867,0.903432,PAN,BRB,40
8169500,169,33,139,2011,648735.0,0.0,0.786135,1.061008,PAN,BRB,40
8169501,169,33,139,2013,97175.0,0.0,0.735637,1.161718,PAN,BRB,40
8169502,169,33,139,2016,215671.0,0.0,0.58773,0.654145,PAN,BRB,40
8169503,169,33,139,2004,684.0,0.0,-0.011979,0.261315,PAN,BRB,40
8169504,169,33,139,2005,339.0,6385.0,-0.166943,0.212196,PAN,BRB,40
8169505,169,33,139,2000,265.0,0.0,0.2095,0.525942,PAN,BRB,40
8169506,169,33,139,2003,295.0,0.0,-0.050386,-0.039619999999999995,PAN,BRB,40
8169507,169,33,139,2006,30498.0,0.0,0.306664,0.638533,PAN,BRB,40
8169508,169,33,139,2007,40426.0,0.0,0.36233899999999997,0.807669,PAN,BRB,40
8169509,169,33,139,2008,147297.0,0.0,0.470854,0.960075,PAN,BRB,40
8169510,169,33,139,2009,49425.0,0.0,0.629137,0.5894010000000001,PAN,BRB,40
8169511,169,33,139,2012,88392.0,0.0,0.901366,1.245179,PAN,BRB,40
8169512,169,33,139,2014,28200.0,0.0,0.771742,0.9873190000000001,PAN,BRB,40
8169513,169,33,139,2015,32618.0,0.0,0.642058,0.833392,PAN,BRB,40
8169514,169,33,139,2018,21847.0,0.0,0.104326,-0.11611800000000001,PAN,BRB,40
8169515,169,33,139,2019,11475.0,0.0,0.00926,-0.308483,PAN,BRB,40
8169516,169,33,139,2020,415191.0,0.0,0.590821,0.786784,PAN,BRB,40
8169517,169,33,139,2017,44055.0,0.0,0.5520109999999999,0.788181,PAN,BRB,40
8169518,173,33,139,2008,15638.0,0.0,-0.518126,0.17193599999999998,PER,BRB,40
8169519,173,33,139,2009,13352.0,0.0,-0.53304,0.221183,PER,BRB,40
8169520,173,33,139,2010,22373.0,0.0,-0.650327,0.162321,PER,BRB,40
8169521,173,33,139,2018,100730.0,0.0,-0.6673060000000001,-0.183315,PER,BRB,40
8169522,173,33,139,2019,42580.0,0.0,-0.76944,-0.216619,PER,BRB,40
8169523,173,33,139,2020,34738.0,0.0,-0.717014,-0.152142,PER,BRB,40
8169524,173,33,139,2004,5495.0,0.0,-0.564244,0.131232,PER,BRB,40
8169525,173,33,139,2005,21974.0,0.0,-0.518174,0.171262,PER,BRB,40
8169526,173,33,139,2006,25832.0,0.0,-0.551095,0.044295,PER,BRB,40
8169527,173,33,139,2007,18592.0,0.0,-0.49716099999999996,0.02556,PER,BRB,40
8169528,173,33,139,2011,46324.0,0.0,-0.455977,0.442543,PER,BRB,40
8169529,173,33,139,2012,61114.0,0.0,-0.444821,0.555188,PER,BRB,40
8169530,173,33,139,2013,44326.0,0.0,-0.573852,0.357977,PER,BRB,40
8169531,173,33,139,2014,24129.0,0.0,-0.557833,0.611826,PER,BRB,40
8169532,173,33,139,2015,23107.0,0.0,-0.6007819999999999,0.32152800000000004,PER,BRB,40
8169533,173,33,139,2016,13339.0,0.0,-0.717529,0.007845999999999999,PER,BRB,40
8169534,173,33,139,2017,64961.0,0.0,-0.667658,-0.318344,PER,BRB,40
8169535,173,33,139,2003,2962.0,0.0,-0.48627,0.371354,PER,BRB,40
8169536,174,33,139,2003,32436.0,0.0,-0.065022,-0.195144,PHL,BRB,40
8169537,174,33,139,2004,35674.0,0.0,-0.076709,-0.149006,PHL,BRB,40
8169538,174,33,139,2005,14149.0,0.0,-0.038225999999999996,-0.057957,PHL,BRB,40
8169539,174,33,139,1999,19005.0,0.0,-0.401903,-0.333408,PHL,BRB,40
8169540,174,33,139,2000,11882.0,0.0,-0.279447,-0.329073,PHL,BRB,40
8169541,174,33,139,2001,7828.0,0.0,-0.028201,-0.112349,PHL,BRB,40
8169542,174,33,139,2006,7763.0,0.0,0.161994,0.036631,PHL,BRB,40
8169543,174,33,139,2007,3272.0,0.0,0.032117,-0.16600499999999999,PHL,BRB,40
8169544,174,33,139,2008,1529.0,0.0,0.276488,-0.02957,PHL,BRB,40
8169545,174,33,139,2009,208.0,0.0,0.34318000000000004,0.095375,PHL,BRB,40
8169546,177,33,139,2005,1677.0,0.0,0.9564299999999999,1.559385,POL,BRB,40
8169547,177,33,139,2006,13727.0,0.0,0.991927,1.474418,POL,BRB,40
8169548,177,33,139,2007,8182.0,0.0,1.0412139999999999,1.309641,POL,BRB,40
8169549,177,33,139,2011,6166.0,0.0,1.133641,1.134203,POL,BRB,40
8169550,177,33,139,2012,52640.0,0.0,1.0626870000000002,1.267268,POL,BRB,40
8169551,177,33,139,2017,30015.0,0.0,1.197417,1.092716,POL,BRB,40
8169552,177,33,139,2018,18328.0,0.0,1.132475,1.258945,POL,BRB,40
8169553,177,33,139,2000,972.0,0.0,0.862983,1.8683400000000001,POL,BRB,40
8169554,177,33,139,2014,5237.0,0.0,1.133102,1.177165,POL,BRB,40
8169555,177,33,139,2015,2162.0,0.0,1.145844,1.1449280000000002,POL,BRB,40
8169556,177,33,139,2016,14856.0,0.0,1.146113,1.239532,POL,BRB,40
8169557,177,33,139,2019,15456.0,0.0,1.088347,1.275875,POL,BRB,40
8169558,177,33,139,2010,8900.0,0.0,1.083552,1.1433719999999998,POL,BRB,40
8169559,177,33,139,2009,3986.0,0.0,1.11055,1.069074,POL,BRB,40
8169560,177,33,139,2013,36197.0,0.0,1.084332,1.216749,POL,BRB,40
8169561,177,33,139,1999,2224.0,0.0,0.8512700000000001,1.8975229999999998,POL,BRB,40
8169562,177,33,139,2001,10082.0,0.0,0.9474540000000001,1.8408220000000002,POL,BRB,40
8169563,178,33,139,2008,17847.0,0.0,0.6970609999999999,0.88018,PRK,BRB,40
8169564,178,33,139,2018,1903.0,0.0,0.714618,0.47291700000000003,PRK,BRB,40
8169565,178,33,139,2007,1450.0,0.0,0.799712,0.8789370000000001,PRK,BRB,40
8169566,178,33,139,2017,38775.0,0.0,-0.353642,-0.08027000000000001,PRK,BRB,40
8169567,178,33,139,2009,55290.0,0.0,0.608089,0.709831,PRK,BRB,40
8169568,178,33,139,2005,35239.0,0.0,0.712403,0.8739520000000001,PRK,BRB,40
8169569,178,33,139,2006,62274.0,0.0,0.548754,0.763313,PRK,BRB,40
8169570,178,33,139,2020,5807.0,0.0,1.162417,0.494306,PRK,BRB,40
8169571,179,33,139,1998,13972.0,0.0,0.39771999999999996,1.303603,PRT,BRB,40
8169572,179,33,139,2000,2826.0,0.0,0.547816,1.70635,PRT,BRB,40
8169573,179,33,139,2002,24739.0,0.0,0.484407,1.6500080000000001,PRT,BRB,40
8169574,179,33,139,2003,2052.0,15236.0,0.471376,1.647303,PRT,BRB,40
8169575,179,33,139,2008,2079.0,0.0,0.64135,2.1946939999999997,PRT,BRB,40
8169576,179,33,139,2009,1614.0,0.0,0.559189,2.4359919999999997,PRT,BRB,40
8169577,179,33,139,2011,1341.0,0.0,0.558481,2.7056240000000003,PRT,BRB,40
8169578,179,33,139,2012,786.0,0.0,0.648544,2.405491,PRT,BRB,40
8169579,179,33,139,2013,779.0,0.0,0.541454,2.5228610000000002,PRT,BRB,40
8169580,179,33,139,2014,1412.0,0.0,0.621053,2.349644,PRT,BRB,40
8169581,179,33,139,1997,8628.0,0.0,0.379367,1.296551,PRT,BRB,40
8169582,179,33,139,1999,1337.0,0.0,0.420538,1.379359,PRT,BRB,40
8169583,179,33,139,2006,716.0,0.0,0.5723630000000001,1.92303,PRT,BRB,40
8169584,179,33,139,2001,1236.0,0.0,0.482048,1.662123,PRT,BRB,40
8169585,179,33,139,2004,1020.0,0.0,0.524524,1.901139,PRT,BRB,40
8169586,185,33,139,2006,2115.0,0.0,0.550825,1.170744,ROU,BRB,40
8169587,185,33,139,2007,3710.0,0.0,0.69445,1.223747,ROU,BRB,40
8169588,185,33,139,2008,1494.0,0.0,0.784924,1.235527,ROU,BRB,40
8169589,186,33,139,1999,10982.0,0.0,0.903308,0.590858,RUS,BRB,40
8169590,186,33,139,2008,1521.0,0.0,0.559059,-0.00886,RUS,BRB,40
8169591,186,33,139,2014,0.0,1814.0,0.229422,-0.214856,RUS,BRB,40
8169592,188,33,139,2018,0.0,16339.0,0.5801810000000001,-0.447514,SAU,BRB,40
8169593,192,33,139,2002,1178.0,0.0,1.481857,0.648889,SGP,BRB,40
8169594,192,33,139,2011,26707.0,0.0,1.849116,0.52127,SGP,BRB,40
8169595,192,33,139,2014,8222.0,0.0,1.867492,0.626736,SGP,BRB,40
8169596,192,33,139,2018,3946.0,0.0,1.914132,0.652011,SGP,BRB,40
8169597,192,33,139,1999,20555.0,0.0,1.355833,0.594305,SGP,BRB,40
8169598,192,33,139,2000,15850.0,0.0,1.3392389999999998,0.6035010000000001,SGP,BRB,40
8169599,192,33,139,2012,31081.0,0.0,1.685959,0.5900989999999999,SGP,BRB,40
8169600,192,33,139,2013,25008.0,0.0,1.915504,0.619576,SGP,BRB,40
8169601,192,33,139,2015,6734.0,0.0,2.05613,0.593065,SGP,BRB,40
8169602,192,33,139,2017,10561.0,6983.0,1.884166,0.37903600000000004,SGP,BRB,40
8169603,192,33,139,2016,2276.0,0.0,2.089995,0.564921,SGP,BRB,40
8169604,192,33,139,2005,1947.0,0.0,1.601677,0.49930399999999997,SGP,BRB,40
8169605,192,33,139,2020,9950.0,0.0,1.948379,0.610574,SGP,BRB,40
8169606,192,33,139,2008,3265.0,0.0,1.844543,0.5947020000000001,SGP,BRB,40
8169607,192,33,139,2009,8968.0,0.0,1.9503540000000001,0.498033,SGP,BRB,40
8169608,192,33,139,2010,25993.0,0.0,1.8441349999999999,0.570311,SGP,BRB,40
8169609,192,33,139,2019,23656.0,0.0,2.0264599999999997,0.665506,SGP,BRB,40
8169610,192,33,139,2006,1181.0,0.0,1.5377379999999998,0.503089,SGP,BRB,40
8169611,192,33,139,2004,1420.0,0.0,1.6409779999999998,0.634947,SGP,BRB,40
8169612,192,33,139,2007,1361.0,0.0,1.608299,0.545791,SGP,BRB,40
8169613,194,33,139,2005,1312.0,0.0,1.225797,-0.014991999999999998,SHN,BRB,40
8169614,194,33,139,1999,1068.0,0.0,1.401577,-0.029898,SHN,BRB,40
8169615,194,33,139,2000,1723.0,0.0,1.385622,0.113301,SHN,BRB,40
8169616,194,33,139,2003,5326.0,0.0,0.9663959999999999,0.042493,SHN,BRB,40
8169617,194,33,139,2002,1573.0,0.0,1.4834459999999998,0.014774,SHN,BRB,40
8169618,194,33,139,2001,2129.0,0.0,1.112486,-0.248761,SHN,BRB,40
8169619,194,33,139,1998,8926.0,0.0,1.217565,0.012991999999999998,SHN,BRB,40
8169620,197,33,139,2015,40652.0,0.0,0.05531900000000001,0.169073,SLV,BRB,40
8169621,205,33,139,2010,0.0,38257.0,-0.5734560000000001,-0.936167,SUR,BRB,40
8169622,205,33,139,2012,0.0,832.0,-0.45644300000000004,-0.783343,SUR,BRB,40
8169623,205,33,139,1999,0.0,2035.0,-0.799447,-0.85055,SUR,BRB,40
8169624,205,33,139,2017,2328.0,0.0,-0.596432,-1.0249700000000002,SUR,BRB,40
8169625,205,33,139,2019,3778.0,1171.0,-0.369004,-1.017133,SUR,BRB,40
8169626,205,33,139,2001,0.0,1309.0,-0.650556,-0.801128,SUR,BRB,40
8169627,205,33,139,2002,0.0,10782.0,-0.9120030000000001,-0.8871020000000001,SUR,BRB,40
8169628,205,33,139,2003,0.0,9047.0,-0.896925,-0.88623,SUR,BRB,40
8169629,205,33,139,2000,0.0,1878.0,-0.623625,-0.793325,SUR,BRB,40
8169630,206,33,139,2014,0.0,4064.0,1.334959,0.821253,SVK,BRB,40
8169631,206,33,139,2001,2942.0,0.0,1.1732770000000001,1.088576,SVK,BRB,40
8169632,207,33,139,2018,6429.0,0.0,1.67428,0.7703800000000001,SVN,BRB,40
8169633,207,33,139,2007,0.0,402048.0,1.605767,0.692926,SVN,BRB,40
8169634,207,33,139,2004,0.0,107953.0,1.628643,1.02381,SVN,BRB,40
8169635,207,33,139,2005,0.0,200246.0,1.583591,0.9321229999999999,SVN,BRB,40
8169636,207,33,139,2006,3440.0,269867.0,1.5882370000000001,0.800719,SVN,BRB,40
8169637,207,33,139,2017,13730.0,0.0,1.600319,0.854305,SVN,BRB,40
8169638,207,33,139,2013,2062.0,0.0,1.698374,0.563082,SVN,BRB,40
8169639,208,33,139,2011,19234.0,0.0,1.857146,0.366159,SWE,BRB,40
8169640,208,33,139,2005,13548.0,0.0,1.902796,0.84031,SWE,BRB,40
8169641,208,33,139,2017,6877.0,0.0,1.764732,0.732646,SWE,BRB,40
8169642,208,33,139,2002,20157.0,0.0,2.128614,0.7891199999999999,SWE,BRB,40
8169643,208,33,139,2003,6998.0,0.0,2.099224,0.799982,SWE,BRB,40
8169644,208,33,139,2004,6842.0,0.0,2.0522080000000003,0.8326969999999999,SWE,BRB,40
8169645,208,33,139,2006,15295.0,0.0,1.902737,0.593294,SWE,BRB,40
8169646,208,33,139,2008,70317.0,0.0,1.866575,0.44342700000000007,SWE,BRB,40
8169647,208,33,139,1996,1465.0,0.0,2.133781,0.9099889999999999,SWE,BRB,40
8169648,208,33,139,1997,3279.0,0.0,2.120182,0.993078,SWE,BRB,40
8169649,208,33,139,1998,2030.0,0.0,2.134076,0.9259729999999999,SWE,BRB,40
8169650,208,33,139,2000,891.0,0.0,2.168823,0.839417,SWE,BRB,40
8169651,208,33,139,2001,10022.0,0.0,2.156845,0.784439,SWE,BRB,40
8169652,208,33,139,2007,9438.0,0.0,1.927244,0.498241,SWE,BRB,40
8169653,208,33,139,2009,8939.0,0.0,1.877821,0.336565,SWE,BRB,40
8169654,208,33,139,2010,9565.0,0.0,1.882239,0.397927,SWE,BRB,40
8169655,208,33,139,2012,4211.0,0.0,1.78062,0.269041,SWE,BRB,40
8169656,208,33,139,2013,1229.0,0.0,1.869421,0.228109,SWE,BRB,40
8169657,208,33,139,2014,75277.0,0.0,1.817752,0.558474,SWE,BRB,40
8169658,208,33,139,2015,7353.0,0.0,1.8068349999999997,0.693389,SWE,BRB,40
8169659,208,33,139,2016,2892.0,0.0,1.785149,0.767444,SWE,BRB,40
8169660,208,33,139,2018,7579.0,0.0,1.76361,0.766904,SWE,BRB,40
8169661,208,33,139,2019,10889.0,0.0,1.781148,0.742037,SWE,BRB,40
8169662,208,33,139,2020,16033.0,0.0,1.6911310000000002,0.791586,SWE,BRB,40
8169663,210,33,139,2017,0.0,1397.0,0.892698,-0.795854,SXM,BRB,40
8169664,210,33,139,2018,0.0,3188.0,1.115443,-0.661118,SXM,BRB,40
8169665,210,33,139,2014,0.0,1242.0,0.6489020000000001,-0.646605,SXM,BRB,40
8169666,213,33,139,2008,0.0,1690.0,0.952044,0.23326100000000002,TCA,BRB,40
8169667,213,33,139,2020,0.0,2265.0,0.820773,-0.246383,TCA,BRB,40
8169668,216,33,139,2002,66568.0,64320.0,0.432041,1.627953,THA,BRB,40
8169669,216,33,139,2003,90848.0,0.0,0.43010699999999996,1.607408,THA,BRB,40
8169670,216,33,139,2012,157695.0,0.0,0.910957,1.294243,THA,BRB,40
8169671,216,33,139,2013,89250.0,0.0,0.8752139999999999,1.3798620000000001,THA,BRB,40
8169672,216,33,139,2014,129318.0,0.0,0.977094,1.41283,THA,BRB,40
8169673,216,33,139,2015,81008.0,0.0,0.965888,1.368572,THA,BRB,40
8169674,216,33,139,2016,97180.0,0.0,1.022065,1.428082,THA,BRB,40
8169675,216,33,139,2017,161286.0,0.0,0.983977,1.3926020000000001,THA,BRB,40
8169676,216,33,139,2018,211136.0,0.0,1.053177,1.4084969999999999,THA,BRB,40
8169677,216,33,139,2005,147967.0,0.0,0.552846,1.664665,THA,BRB,40
8169678,216,33,139,2006,129830.0,0.0,0.568209,1.685343,THA,BRB,40
8169679,216,33,139,2007,213276.0,0.0,0.711328,1.411114,THA,BRB,40
8169680,216,33,139,2009,139879.0,0.0,0.79692,1.315501,THA,BRB,40
8169681,216,33,139,2010,88954.0,0.0,0.748328,1.425224,THA,BRB,40
8169682,216,33,139,1996,70234.0,0.0,0.10120599999999999,1.351967,THA,BRB,40
8169683,216,33,139,2000,91876.0,0.0,0.301195,1.577338,THA,BRB,40
8169684,216,33,139,2001,69836.0,0.0,0.37555900000000003,1.498267,THA,BRB,40
8169685,216,33,139,2004,63630.0,0.0,0.5150359999999999,1.583019,THA,BRB,40
8169686,216,33,139,2008,126000.0,0.0,0.7531399999999999,1.4420620000000002,THA,BRB,40
8169687,216,33,139,2011,92731.0,0.0,0.889009,1.503118,THA,BRB,40
8169688,216,33,139,2019,289564.0,0.0,0.9744229999999999,1.401199,THA,BRB,40
8169689,216,33,139,2020,292203.0,0.0,1.035524,1.2777180000000001,THA,BRB,40
8169690,216,33,139,1999,50848.0,0.0,0.20451,1.513533,THA,BRB,40
8169691,216,33,139,1997,196962.0,0.0,0.084875,1.41931,THA,BRB,40
8169692,216,33,139,1998,22202.0,0.0,0.128633,1.484142,THA,BRB,40
8169693,216,33,139,1995,48377.0,0.0,0.174522,1.608058,THA,BRB,40
8169694,222,33,139,2009,58816.0,3629.0,-0.508195,-1.097365,TTO,BRB,40
8169695,222,33,139,2010,77843.0,9766.0,-0.338123,-1.070239,TTO,BRB,40
8169696,222,33,139,2011,67807.0,7887.0,-0.44228,-1.031793,TTO,BRB,40
8169697,222,33,139,2012,163805.0,13637.0,-0.420754,-1.0575299999999999,TTO,BRB,40
8169698,222,33,139,1995,93571.0,0.0,0.254658,-0.496058,TTO,BRB,40
8169699,222,33,139,1996,7067.0,0.0,0.19111,-0.488382,TTO,BRB,40
8169700,222,33,139,1997,11586.0,23524.0,0.28791,-0.38322399999999995,TTO,BRB,40
8169701,222,33,139,1998,38431.0,6716.0,0.273917,-0.453996,TTO,BRB,40
8169702,222,33,139,1999,25630.0,1329.0,0.258046,-0.562956,TTO,BRB,40
8169703,222,33,139,2000,18783.0,0.0,-0.035037,-0.862433,TTO,BRB,40
8169704,222,33,139,2001,60658.0,0.0,0.178256,-0.709126,TTO,BRB,40
8169705,222,33,139,2005,40425.0,8002.0,0.13125699999999998,-0.9324479999999999,TTO,BRB,40
8169706,222,33,139,2006,36569.0,10268.0,-0.20651399999999998,-1.024907,TTO,BRB,40
8169707,222,33,139,2007,54743.0,9021.0,-0.371347,-1.0536709999999998,TTO,BRB,40
8169708,222,33,139,2008,58355.0,17018.0,-0.44752600000000003,-1.060906,TTO,BRB,40
8169709,222,33,139,2013,62556.0,3687.0,-0.280641,-1.083332,TTO,BRB,40
8169710,222,33,139,2014,72260.0,10303.0,-0.57362,-1.117545,TTO,BRB,40
8169711,222,33,139,2015,59876.0,2752.0,-0.462837,-1.117621,TTO,BRB,40
8169712,222,33,139,2003,27602.0,20536.0,-0.16738,-0.9820969999999999,TTO,BRB,40
8169713,222,33,139,2002,36978.0,42195.0,0.074907,-0.8203879999999999,TTO,BRB,40
8169714,222,33,139,2004,49973.0,1777.0,0.00677,-0.965385,TTO,BRB,40
8169715,222,33,139,2017,16027.0,0.0,-0.183935,-1.012153,TTO,BRB,40
8169716,222,33,139,2018,11350.0,0.0,-0.281617,-1.009652,TTO,BRB,40
8169717,222,33,139,2020,190650.0,7958.0,0.156566,-0.653656,TTO,BRB,40
8169718,222,33,139,2019,17274.0,0.0,0.1861,-0.874604,TTO,BRB,40
8169719,222,33,139,2016,16780.0,10164.0,-0.191969,-1.028843,TTO,BRB,40
8169720,224,33,139,2017,15751.0,0.0,0.541611,2.405872,TUR,BRB,40
8169721,224,33,139,2018,11962.0,0.0,0.518721,2.5581419999999997,TUR,BRB,40
8169722,224,33,139,2011,1480.0,0.0,0.45775,2.4316259999999996,TUR,BRB,40
8169723,224,33,139,2007,36347.0,0.0,0.41396700000000003,2.0339869999999998,TUR,BRB,40
8169724,224,33,139,2005,10006.0,0.0,0.226487,2.210279,TUR,BRB,40
8169725,224,33,139,2009,7444.0,0.0,0.384596,2.3797610000000002,TUR,BRB,40
8169726,224,33,139,2010,3988.0,0.0,0.359977,2.471173,TUR,BRB,40
8169727,224,33,139,2019,16709.0,0.0,0.569408,2.364546,TUR,BRB,40
8169728,224,33,139,2020,28451.0,0.0,0.590472,2.619866,TUR,BRB,40
8169729,224,33,139,2014,9543.0,0.0,0.554761,2.385693,TUR,BRB,40
8169730,224,33,139,2015,10413.0,0.0,0.438669,2.519632,TUR,BRB,40
8169731,224,33,139,2016,5575.0,0.0,0.45364799999999994,2.478837,TUR,BRB,40
8169732,224,33,139,1997,33568.0,0.0,0.167734,1.5827870000000002,TUR,BRB,40
8169733,224,33,139,1998,68147.0,0.0,0.085286,1.653589,TUR,BRB,40
8169734,224,33,139,2000,7923.0,0.0,0.191299,1.9761529999999998,TUR,BRB,40
8169735,224,33,139,2001,3335.0,0.0,0.188773,1.91451,TUR,BRB,40
8169736,224,33,139,2008,28937.0,0.0,0.44478,2.186881,TUR,BRB,40
8169737,224,33,139,2013,1741.0,0.0,0.42932299999999995,2.690235,TUR,BRB,40
8169738,224,33,139,2006,51841.0,0.0,0.33971599999999996,2.193384,TUR,BRB,40
8169739,224,33,139,2002,15436.0,0.0,0.11263699999999999,1.83925,TUR,BRB,40
8169740,224,33,139,2003,6236.0,0.0,0.192802,1.9855060000000002,TUR,BRB,40
8169741,224,33,139,2004,10507.0,0.0,0.141454,1.9463599999999999,TUR,BRB,40
8169742,228,33,139,2011,1055.0,0.0,0.6221409999999999,0.765505,UKR,BRB,40
8169743,228,33,139,2006,2619.0,0.0,0.7008439999999999,0.79656,UKR,BRB,40
8169744,228,33,139,2007,3463.0,0.0,0.7441760000000001,0.8681260000000001,UKR,BRB,40
8169745,228,33,139,2005,5471.0,0.0,0.701846,0.687519,UKR,BRB,40
8169746,231,33,139,1995,1082362.0,0.0,1.771648,1.184,USA,BRB,40
8169747,231,33,139,1996,766468.0,0.0,1.7110560000000001,1.125141,USA,BRB,40
8169748,231,33,139,1997,1760994.0,6744.0,1.823511,0.888084,USA,BRB,40
8169749,231,33,139,1999,1668832.0,16078.0,1.8755119999999998,0.5350729999999999,USA,BRB,40
8169750,231,33,139,2000,1299943.0,23547.0,1.8549650000000002,0.226992,USA,BRB,40
8169751,231,33,139,2001,2030689.0,2069.0,1.873674,0.168468,USA,BRB,40
8169752,231,33,139,2002,830628.0,14632.0,1.821594,0.231296,USA,BRB,40
8169753,231,33,139,2003,1103864.0,21169.0,1.7789220000000001,0.064028,USA,BRB,40
8169754,231,33,139,2005,1987398.0,5180.0,1.718086,-0.34564,USA,BRB,40
8169755,231,33,139,2006,2023942.0,26315.0,1.666643,-0.121679,USA,BRB,40
8169756,231,33,139,2007,3270693.0,17911.0,1.612165,0.0922,USA,BRB,40
8169757,231,33,139,2008,2824819.0,11495.0,1.584278,-0.209788,USA,BRB,40
8169758,231,33,139,2009,1566617.0,2294.0,1.657663,-0.41411400000000004,USA,BRB,40
8169759,231,33,139,2010,2154728.0,2588.0,1.67573,-0.598165,USA,BRB,40
8169760,231,33,139,2011,2507638.0,18529.0,1.6884849999999998,-0.474499,USA,BRB,40
8169761,231,33,139,2012,2058382.0,8970.0,1.628377,-0.601941,USA,BRB,40
8169762,231,33,139,2013,2704643.0,3992.0,1.6639689999999998,-0.48651300000000003,USA,BRB,40
8169763,231,33,139,2014,3675173.0,11996.0,1.61227,0.068905,USA,BRB,40
8169764,231,33,139,2015,4374538.0,55670.0,1.720478,-0.129322,USA,BRB,40
8169765,231,33,139,2016,2472520.0,30551.0,1.685329,0.297536,USA,BRB,40
8169766,231,33,139,2017,2643258.0,44887.0,1.601478,0.277271,USA,BRB,40
8169767,231,33,139,2018,2386191.0,37965.0,1.585861,0.44815900000000003,USA,BRB,40
8169768,231,33,139,2019,2363206.0,5791.0,1.606808,0.3232,USA,BRB,40
8169769,231,33,139,2020,2350509.0,157992.0,1.588148,0.380904,USA,BRB,40
8169770,231,33,139,1998,1789703.0,200340.0,1.8223639999999999,0.761336,USA,BRB,40
8169771,231,33,139,2004,1441075.0,33623.0,1.7598630000000002,0.066704,USA,BRB,40
8169772,234,33,139,2012,2271.0,41456.0,0.233053,-0.292993,VCT,BRB,40
8169773,234,33,139,2013,0.0,67712.0,0.193198,-0.23631799999999997,VCT,BRB,40
8169774,234,33,139,2009,3201.0,28979.0,-0.068356,-0.6011350000000001,VCT,BRB,40
8169775,234,33,139,2007,0.0,25126.0,-0.112166,-0.692679,VCT,BRB,40
8169776,234,33,139,2011,0.0,31905.0,0.291718,-0.250897,VCT,BRB,40
8169777,234,33,139,2014,5071.0,113610.0,0.034024,-0.522492,VCT,BRB,40
8169778,234,33,139,2010,0.0,25990.0,0.120821,-0.43102700000000005,VCT,BRB,40
8169779,234,33,139,2018,0.0,108909.0,-0.274831,-0.603525,VCT,BRB,40
8169780,234,33,139,2005,0.0,6361.0,-0.584696,-0.842192,VCT,BRB,40
8169781,234,33,139,2006,886.0,54254.0,-0.6097060000000001,-0.8844770000000001,VCT,BRB,40
8169782,234,33,139,2008,3141.0,41134.0,-0.598538,-0.8798459999999999,VCT,BRB,40
8169783,234,33,139,2019,0.0,40725.0,-0.712703,-0.859416,VCT,BRB,40
8169784,234,33,139,2002,1837.0,13293.0,-0.340281,-0.661246,VCT,BRB,40
8169785,234,33,139,2004,0.0,3406.0,-0.564477,-0.8544,VCT,BRB,40
8169786,234,33,139,2000,0.0,33261.0,0.095604,-0.352013,VCT,BRB,40
8169787,234,33,139,1998,0.0,78616.0,0.22166,-0.331633,VCT,BRB,40
8169788,234,33,139,1997,0.0,32781.0,0.069461,-0.459567,VCT,BRB,40
8169789,234,33,139,1999,0.0,37656.0,-0.28283400000000003,-0.755695,VCT,BRB,40
8169790,234,33,139,2003,0.0,25766.0,-0.355758,-0.679181,VCT,BRB,40
8169791,234,33,139,1995,0.0,3798.0,-0.369315,-0.751156,VCT,BRB,40
8169792,234,33,139,2001,0.0,19001.0,-0.5042,-0.7987609999999999,VCT,BRB,40
8169793,234,33,139,2017,3880.0,87776.0,-0.040273,-0.549452,VCT,BRB,40
8169794,234,33,139,2015,0.0,92974.0,0.087811,-0.35481999999999997,VCT,BRB,40
8169795,234,33,139,2020,0.0,128723.0,-0.8252809999999999,-0.89407,VCT,BRB,40
8169796,234,33,139,2016,5617.0,87263.0,0.157611,-0.581526,VCT,BRB,40
8169797,236,33,139,1997,24092.0,5211.0,0.21363200000000002,-0.668341,VEN,BRB,40
8169798,236,33,139,1999,35825.0,0.0,0.16454100000000002,-0.691021,VEN,BRB,40
8169799,236,33,139,2000,8072.0,0.0,0.19788499999999998,-0.779957,VEN,BRB,40
8169800,236,33,139,2005,10828.0,0.0,0.248175,-0.9600629999999999,VEN,BRB,40
8169801,236,33,139,2009,0.0,22747.0,-0.5847600000000001,-1.150334,VEN,BRB,40
8169802,236,33,139,2010,0.0,19711.0,-0.660844,-1.145133,VEN,BRB,40
8169803,236,33,139,2011,0.0,35048.0,-0.841147,-1.095636,VEN,BRB,40
8169804,236,33,139,2012,0.0,3426.0,-1.3417270000000001,-1.154304,VEN,BRB,40
8169805,236,33,139,2013,0.0,10643.0,-0.778172,-1.107059,VEN,BRB,40
8169806,236,33,139,1998,69793.0,0.0,0.288717,-0.540639,VEN,BRB,40
8169807,236,33,139,2001,7509.0,0.0,0.261158,-0.7397,VEN,BRB,40
8169808,236,33,139,2003,4246.0,0.0,0.277805,-0.783697,VEN,BRB,40
8169809,236,33,139,2004,23433.0,0.0,0.048698000000000005,-0.899776,VEN,BRB,40
8169810,236,33,139,2006,606.0,0.0,-0.340972,-1.015462,VEN,BRB,40
8169811,236,33,139,2008,0.0,52345.0,-0.442996,-1.0439969999999998,VEN,BRB,40
8169812,236,33,139,2007,6004.0,102442.0,-0.231215,-0.9839200000000001,VEN,BRB,40
8169813,237,33,139,2014,0.0,5113.0,0.484282,-0.082974,VGB,BRB,40
8169814,237,33,139,2016,0.0,3224.0,0.566815,-0.43181800000000004,VGB,BRB,40
8169815,237,33,139,2011,0.0,4147.0,0.780217,-0.010428,VGB,BRB,40
8169816,237,33,139,2013,0.0,10983.0,0.616863,-0.314222,VGB,BRB,40
8169817,237,33,139,2015,0.0,6258.0,0.914493,-0.31357399999999996,VGB,BRB,40
8169818,237,33,139,2017,0.0,7125.0,0.768,-0.257912,VGB,BRB,40
8169819,237,33,139,2012,0.0,3676.0,0.6483300000000001,0.269932,VGB,BRB,40
8169820,237,33,139,2009,0.0,1446.0,0.903839,0.093044,VGB,BRB,40
8169821,237,33,139,2019,0.0,1533.0,1.145175,-0.41776199999999997,VGB,BRB,40
8169822,237,33,139,2001,0.0,5018.0,0.759566,-0.16636099999999998,VGB,BRB,40
8169823,237,33,139,2008,0.0,3424.0,0.775652,0.028573,VGB,BRB,40
8169824,237,33,139,2002,0.0,2080.0,1.022393,-0.23957399999999998,VGB,BRB,40
8169825,237,33,139,1999,0.0,7352.0,0.876099,-0.289157,VGB,BRB,40
8169826,237,33,139,1998,0.0,3503.0,1.06785,-0.03292,VGB,BRB,40
8169827,237,33,139,1997,0.0,5155.0,0.5966060000000001,-0.381473,VGB,BRB,40
8169828,239,33,139,2018,1176.0,0.0,0.003069,0.9169729999999999,VNM,BRB,40
8169829,239,33,139,2019,1120.0,0.0,-0.048147,1.098784,VNM,BRB,40
8169830,239,33,139,2008,0.0,1273.0,-0.207083,1.1323370000000001,VNM,BRB,40
8169831,239,33,139,2010,1125.0,0.0,-0.24660500000000002,1.427235,VNM,BRB,40
8169832,239,33,139,2009,3330.0,0.0,-0.27396,1.131199,VNM,BRB,40
8169833,239,33,139,2011,2759.0,0.0,-0.184453,1.637207,VNM,BRB,40
8169834,239,33,139,2012,1318.0,0.0,0.012365000000000001,1.290936,VNM,BRB,40
8169835,246,33,139,2008,1332.0,0.0,0.22551500000000002,1.185506,ZAF,BRB,40
8169836,246,33,139,2004,4532.0,0.0,0.460279,1.9736220000000002,ZAF,BRB,40
8169837,246,33,139,2012,2444.0,0.0,0.284069,1.730991,ZAF,BRB,40
8169838,246,33,139,2018,7369.0,0.0,0.158722,1.394829,ZAF,BRB,40
8169839,246,33,139,2020,1370.0,0.0,0.042099,0.923931,ZAF,BRB,40
8169840,246,33,139,2005,40839.0,0.0,0.484464,1.65903,ZAF,BRB,40
8169841,246,33,139,2002,16448.0,0.0,0.395943,2.392458,ZAF,BRB,40
8169842,246,33,139,2003,11671.0,0.0,0.477987,2.255395,ZAF,BRB,40
8169843,246,33,139,2007,16589.0,0.0,0.349792,1.246052,ZAF,BRB,40
8169844,246,33,139,2006,54218.0,0.0,0.37964499999999995,1.466326,ZAF,BRB,40
8169845,249,33,139,2001,70606.0,0.0,1.5731700000000002,1.353159,TWN,BRB,40
8169846,249,33,139,2002,57023.0,0.0,1.683858,1.333601,TWN,BRB,40
8169847,249,33,139,2007,272318.0,0.0,1.651607,0.974649,TWN,BRB,40
8169848,249,33,139,2009,234395.0,0.0,1.5763120000000002,0.9567950000000001,TWN,BRB,40
8169849,249,33,139,2010,212897.0,0.0,1.766729,0.909335,TWN,BRB,40
8169850,249,33,139,2012,225161.0,0.0,1.6528,0.9437409999999999,TWN,BRB,40
8169851,249,33,139,2013,177582.0,0.0,1.843186,0.9432379999999999,TWN,BRB,40
8169852,249,33,139,2017,126738.0,0.0,2.0548290000000002,1.2552969999999999,TWN,BRB,40
8169853,249,33,139,2018,124408.0,0.0,2.0462540000000002,1.166636,TWN,BRB,40
8169854,249,33,139,2016,182565.0,0.0,2.002996,1.39485,TWN,BRB,40
8169855,249,33,139,2019,161565.0,0.0,2.123296,1.1786969999999999,TWN,BRB,40
8169856,249,33,139,2020,130035.0,0.0,2.0517060000000003,1.205431,TWN,BRB,40
8169857,249,33,139,2011,249472.0,0.0,1.803234,0.921233,TWN,BRB,40
8169858,249,33,139,2014,163511.0,0.0,1.9044189999999999,1.0595139999999998,TWN,BRB,40
8169859,249,33,139,2015,169007.0,0.0,1.962832,1.214982,TWN,BRB,40
8169860,249,33,139,2000,79487.0,0.0,1.44705,1.475122,TWN,BRB,40
8169861,249,33,139,2003,139044.0,0.0,1.5924040000000002,1.397843,TWN,BRB,40
8169862,249,33,139,2005,336426.0,0.0,1.577067,1.3218450000000002,TWN,BRB,40
8169863,249,33,139,2006,230662.0,0.0,1.619915,1.2289940000000001,TWN,BRB,40
8169864,249,33,139,2008,219219.0,0.0,1.611693,0.93875,TWN,BRB,40
8169865,249,33,139,2004,216184.0,0.0,1.626307,1.358315,TWN,BRB,40
8169866,249,33,139,1998,49462.0,0.0,1.224725,1.890322,TWN,BRB,40
8169867,249,33,139,1999,73107.0,0.0,1.336816,1.725334,TWN,BRB,40
8169868,249,33,139,1997,146478.0,0.0,1.317672,1.800561,TWN,BRB,40
8169869,250,33,139,2020,2163.0,0.0,0.866041,-0.371104,ANS,BRB,40
8169870,250,33,139,1998,37634.0,0.0,1.144164,1.187425,ANS,BRB,40
8169871,250,33,139,1999,31264.0,1283.0,1.130511,0.9547379999999999,ANS,BRB,40
8169872,250,33,139,1997,22709.0,4376.0,1.036748,0.851626,ANS,BRB,40
8169873,0,39,139,2018,0.0,3402.0,0.8710549999999999,0.084402,ABW,CAN,40
8169874,0,39,139,2019,0.0,11512.0,1.077214,-0.060235000000000004,ABW,CAN,40
8169875,0,39,139,2010,0.0,28892.0,0.9906219999999999,0.159993,ABW,CAN,40
8169876,0,39,139,2005,0.0,20227.0,0.409159,-0.712276,ABW,CAN,40
8169877,0,39,139,2006,0.0,13967.0,0.15112799999999998,-0.752631,ABW,CAN,40
8169878,0,39,139,2007,0.0,2648.0,-0.100145,-0.7896920000000001,ABW,CAN,40
8169879,0,39,139,2008,0.0,4624.0,-0.13050499999999998,-0.7932560000000001,ABW,CAN,40
8169880,0,39,139,2009,0.0,31382.0,0.770077,-0.71001,ABW,CAN,40
8169881,0,39,139,2013,0.0,6728.0,0.913235,-0.149061,ABW,CAN,40
8169882,0,39,139,2020,0.0,141210.0,0.725364,-0.244535,ABW,CAN,40
8169883,0,39,139,2017,0.0,99601.0,0.845843,0.165178,ABW,CAN,40
8169884,0,39,139,2014,0.0,16878.0,0.779539,-0.32255700000000004,ABW,CAN,40
8169885,0,39,139,2016,0.0,9804.0,0.9052,0.253571,ABW,CAN,40
8169886,0,39,139,2012,0.0,63432.0,0.262866,-0.531974,ABW,CAN,40
8169887,0,39,139,2015,0.0,41928.0,0.8526809999999999,-0.043541,ABW,CAN,40
8169888,0,39,139,2011,0.0,34244.0,-0.282585,-0.71273,ABW,CAN,40
8169889,1,39,139,2018,0.0,1909.0,-1.267508,-0.8494940000000001,AFG,CAN,40
8169890,1,39,139,2019,3254.0,0.0,-1.187576,-0.7731979999999999,AFG,CAN,40
8169891,1,39,139,2007,1998.0,63466.0,-0.745981,-0.682003,AFG,CAN,40
8169892,1,39,139,2012,0.0,45004.0,-0.711192,-1.0911629999999999,AFG,CAN,40
8169893,1,39,139,2009,5875.0,67260.0,-0.424354,-0.563383,AFG,CAN,40
8169894,1,39,139,2011,3766.0,47530.0,-0.8426809999999999,-0.640418,AFG,CAN,40
8169895,1,39,139,2010,0.0,91252.0,-0.054633,-0.102103,AFG,CAN,40
8169896,1,39,139,2015,0.0,2662.0,-1.249655,-0.9094459999999999,AFG,CAN,40
8169897,1,39,139,2008,0.0,88595.0,-0.23668000000000003,-0.344418,AFG,CAN,40
8169898,1,39,139,2013,0.0,44551.0,-0.985727,-0.7164550000000001,AFG,CAN,40
8169899,1,39,139,2014,0.0,9203.0,-0.924386,-0.839385,AFG,CAN,40
8169900,1,39,139,2017,15090.0,21649.0,-1.147348,-0.886799,AFG,CAN,40
8169901,1,39,139,2020,2592.0,0.0,-1.178987,-0.815577,AFG,CAN,40
8169902,1,39,139,2003,0.0,9781.0,-0.421205,-0.602704,AFG,CAN,40
8169903,1,39,139,2004,0.0,3589.0,-0.6831550000000001,-0.756696,AFG,CAN,40
8169904,1,39,139,2006,0.0,4898.0,-0.626011,-0.6799689999999999,AFG,CAN,40
8169905,1,39,139,1995,0.0,5539.0,-0.44388199999999994,-0.631151,AFG,CAN,40
8169906,2,39,139,2010,0.0,154284.0,-1.3711010000000001,-1.170608,AGO,CAN,40
8169907,2,39,139,2007,0.0,130467.0,-1.6925709999999998,-1.1987290000000002,AGO,CAN,40
8169908,2,39,139,2012,0.0,241053.0,-1.521092,-1.157031,AGO,CAN,40
8169909,2,39,139,2009,0.0,114637.0,-0.809438,-1.190006,AGO,CAN,40
8169910,2,39,139,2011,0.0,71929.0,-1.252991,-1.132314,AGO,CAN,40
8169911,2,39,139,2015,4419.0,77433.0,-1.6542,-1.2598989999999999,AGO,CAN,40
8169912,2,39,139,2016,0.0,24529.0,-1.313517,-1.262761,AGO,CAN,40
8169913,2,39,139,2014,0.0,102769.0,-1.8184900000000002,-1.149191,AGO,CAN,40
8169914,2,39,139,2013,0.0,200280.0,-1.172043,-1.133735,AGO,CAN,40
8169915,2,39,139,2019,1826.0,18203.0,-1.096127,-1.195434,AGO,CAN,40
8169916,2,39,139,2008,0.0,188806.0,-2.0318669999999996,-1.149931,AGO,CAN,40
8169917,2,39,139,2017,4317.0,268815.0,-1.408777,-1.215475,AGO,CAN,40
8169918,2,39,139,2018,933.0,163706.0,-1.489191,-1.213992,AGO,CAN,40
8169919,2,39,139,2005,153843.0,63213.0,-1.647198,-1.1817790000000001,AGO,CAN,40
8169920,2,39,139,2020,0.0,16527.0,-1.7948709999999999,-1.199555,AGO,CAN,40
8169921,2,39,139,2006,0.0,29853.0,-2.0822979999999998,-1.176767,AGO,CAN,40
8169922,2,39,139,2001,0.0,5607.0,-1.523823,-1.214093,AGO,CAN,40
8169923,2,39,139,2002,0.0,21923.0,-2.018135,-1.222751,AGO,CAN,40
8169924,2,39,139,2003,0.0,47423.0,-1.8762919999999998,-1.176541,AGO,CAN,40
8169925,2,39,139,2004,0.0,74906.0,-0.8513709999999999,-1.173397,AGO,CAN,40
8169926,3,39,139,2002,0.0,1497.0,1.801822,0.172557,AIA,CAN,40
8169927,3,39,139,2004,0.0,56879.0,1.14242,-0.061847000000000006,AIA,CAN,40
8169928,3,39,139,2006,0.0,1490.0,1.4066610000000002,-0.166941,AIA,CAN,40
8169929,3,39,139,2007,0.0,1055.0,1.204732,-0.009463,AIA,CAN,40
8169930,3,39,139,2013,0.0,10404.0,1.5827879999999999,0.127141,AIA,CAN,40
8169931,3,39,139,2005,0.0,2678.0,0.9438139999999999,-0.331494,AIA,CAN,40
8169932,3,39,139,2019,2266.0,0.0,0.9469639999999999,-0.526437,AIA,CAN,40
8169933,4,39,139,2011,5114.0,529469.0,-0.331435,-0.034828,ALB,CAN,40
8169934,4,39,139,2007,1214.0,35834.0,-0.20616700000000002,-0.016993,ALB,CAN,40
8169935,4,39,139,2014,994.0,361110.0,-0.476024,-0.33978400000000003,ALB,CAN,40
8169936,4,39,139,2015,2962.0,151110.0,-0.601875,-0.27003,ALB,CAN,40
8169937,4,39,139,2010,0.0,203213.0,-0.5316,-0.219561,ALB,CAN,40
8169938,4,39,139,2012,0.0,667259.0,-0.355898,-0.017434,ALB,CAN,40
8169939,4,39,139,2013,1585.0,422207.0,-0.53682,-0.162391,ALB,CAN,40
8169940,4,39,139,2009,0.0,192031.0,-0.41612200000000005,-0.256639,ALB,CAN,40
8169941,4,39,139,2004,5371.0,0.0,-0.131892,0.14985199999999999,ALB,CAN,40
8169942,4,39,139,2018,6591.0,96568.0,-0.456481,-0.139655,ALB,CAN,40
8169943,4,39,139,2008,1228.0,242028.0,-0.252894,-0.0071400000000000005,ALB,CAN,40
8169944,4,39,139,2020,19318.0,22271.0,-0.265229,0.059049000000000004,ALB,CAN,40
8169945,4,39,139,2006,0.0,196016.0,-0.340932,-0.06302200000000001,ALB,CAN,40
8169946,4,39,139,2016,3166.0,16709.0,-0.534645,-0.09027,ALB,CAN,40
8169947,4,39,139,2017,7411.0,51899.0,-0.44769899999999996,-0.17193,ALB,CAN,40
8169948,4,39,139,2019,14198.0,62105.0,-0.459614,-0.019257,ALB,CAN,40
8169949,4,39,139,2001,0.0,2970.0,-0.054125,0.104298,ALB,CAN,40
8169950,4,39,139,2005,0.0,16211.0,-0.156823,0.187042,ALB,CAN,40
8169951,4,39,139,2003,0.0,3728.0,-0.053595000000000004,0.166034,ALB,CAN,40
8169952,5,39,139,2019,0.0,1131.0,0.776042,0.167417,AND,CAN,40
8169953,5,39,139,2009,3012.0,0.0,1.002767,0.6733,AND,CAN,40
8169954,5,39,139,2008,0.0,548.0,0.971109,0.749296,AND,CAN,40
8169955,5,39,139,2003,0.0,600.0,1.0901319999999999,0.618693,AND,CAN,40
8169956,5,39,139,2016,2268.0,0.0,1.06885,0.519109,AND,CAN,40
8169957,5,39,139,2017,0.0,785.0,1.097505,0.480863,AND,CAN,40
8169958,5,39,139,2015,2151.0,0.0,0.850153,0.383793,AND,CAN,40
8169959,6,39,139,2005,0.0,50390.0,-0.294813,-0.7054010000000001,ANT,CAN,40
8169960,6,39,139,2006,0.0,65722.0,0.251825,-0.629035,ANT,CAN,40
8169961,6,39,139,2007,0.0,96629.0,0.305773,-0.504676,ANT,CAN,40
8169962,6,39,139,2008,0.0,105844.0,0.31099,-0.536718,ANT,CAN,40
8169963,6,39,139,2009,0.0,32470.0,0.351025,-0.699817,ANT,CAN,40
8169964,6,39,139,2010,0.0,42682.0,-0.08593200000000001,-0.691395,ANT,CAN,40
8169965,6,39,139,2000,0.0,7092.0,0.47719799999999996,-0.56103,ANT,CAN,40
8169966,6,39,139,2001,11420.0,18339.0,0.260662,-0.66681,ANT,CAN,40
8169967,6,39,139,2002,4865.0,95594.0,0.346519,-0.631549,ANT,CAN,40
8169968,6,39,139,2003,0.0,8998.0,0.108903,-0.650137,ANT,CAN,40
8169969,6,39,139,2004,44329.0,0.0,0.726256,-0.48520699999999994,ANT,CAN,40
8169970,6,39,139,1995,22021.0,28054.0,-0.020759,-0.653863,ANT,CAN,40
8169971,6,39,139,1996,0.0,301490.0,0.29339,-0.572443,ANT,CAN,40
8169972,6,39,139,1997,0.0,138778.0,0.406411,-0.46148100000000003,ANT,CAN,40
8169973,6,39,139,1999,0.0,18574.0,0.266874,-0.5122220000000001,ANT,CAN,40
8169974,6,39,139,1998,0.0,37179.0,0.666616,-0.224404,ANT,CAN,40
8169975,7,39,139,2013,599593.0,4442009.0,-0.074047,-0.585168,ARE,CAN,40
8169976,7,39,139,2019,581296.0,5363924.0,-0.165113,-0.8973540000000001,ARE,CAN,40
8169977,7,39,139,2020,642546.0,3584174.0,-0.118349,-0.789485,ARE,CAN,40
8169978,7,39,139,2018,520177.0,2918121.0,0.11804400000000001,-0.326851,ARE,CAN,40
8169979,7,39,139,2017,418925.0,3077748.0,0.210477,0.02557,ARE,CAN,40
8169980,7,39,139,2014,546668.0,4120154.0,0.087775,-0.289459,ARE,CAN,40
8169981,7,39,139,2016,376251.0,4335190.0,0.11037999999999999,0.045327,ARE,CAN,40
8169982,7,39,139,2012,807279.0,4633568.0,0.45351499999999995,-0.285021,ARE,CAN,40
8169983,7,39,139,2008,553515.0,3760465.0,-0.276433,-0.692392,ARE,CAN,40
8169984,7,39,139,2007,158301.0,3818300.0,-0.107504,-0.44744300000000004,ARE,CAN,40
8169985,7,39,139,2015,722730.0,5155150.0,0.21779600000000002,-0.0047420000000000006,ARE,CAN,40
8169986,7,39,139,2003,145641.0,1210957.0,0.049637,-0.502691,ARE,CAN,40
8169987,7,39,139,2011,154019.0,5120022.0,0.030652,-0.450808,ARE,CAN,40
8169988,7,39,139,2005,273643.0,1460263.0,0.11526600000000001,-0.393171,ARE,CAN,40
8169989,7,39,139,2009,184114.0,2388235.0,0.070059,-0.619075,ARE,CAN,40
8169990,7,39,139,2010,123397.0,2641922.0,0.29457,-0.196371,ARE,CAN,40
8169991,7,39,139,2000,55100.0,866946.0,-0.111384,-0.490415,ARE,CAN,40
8169992,7,39,139,2002,137829.0,2028379.0,0.044683,-0.247191,ARE,CAN,40
8169993,7,39,139,2004,92610.0,1592369.0,0.1799,-0.34541900000000003,ARE,CAN,40
8169994,7,39,139,2006,483597.0,1642167.0,0.053903999999999994,-0.735124,ARE,CAN,40
8169995,7,39,139,1999,29517.0,453959.0,-0.21921,-0.54813,ARE,CAN,40
8169996,7,39,139,2001,130466.0,1826215.0,-0.193984,-0.457124,ARE,CAN,40
8169997,7,39,139,1995,57100.0,1353045.0,-0.205166,-0.6132380000000001,ARE,CAN,40
8169998,7,39,139,1996,100859.0,220398.0,-0.245358,-0.726695,ARE,CAN,40
