1879999,64,112,1313,2006.0,8500.0,0.0,1.25209,1.133206,DNK,JAM,7788
1880000,65,112,1313,2006.0,1969.0,0.0,0.044542,0.178998,DOM,JAM,7788
1880001,71,112,1313,2006.0,80384.0,0.0,0.9909459999999999,1.785809,ESP,JAM,7788
1880002,74,112,1313,2006.0,1949.0,12988.0,1.8630220000000002,0.87172,FIN,JAM,7788
1880003,77,112,1313,2006.0,1043730.0,0.0,1.499686,0.16705699999999998,FRA,JAM,7788
1880004,81,112,1313,2006.0,178014.0,0.0,1.8509779999999998,0.674074,GBR,JAM,7788
1880005,97,112,1313,2006.0,5489.0,0.0,0.63347,1.276634,HKG,JAM,7788
1880006,99,112,1313,2006.0,1683.0,0.0,-0.520217,-0.41097399999999995,HND,JAM,7788
1880007,104,112,1313,2006.0,205372.0,0.0,0.202078,2.594677,IND,JAM,7788
1880008,110,112,1313,2006.0,33746.0,0.0,1.286738,0.8783610000000001,ISR,JAM,7788
1880009,111,112,1313,2006.0,154034.0,0.0,1.416017,0.161859,ITA,JAM,7788
1880010,114,112,1313,2006.0,16587.0,0.0,2.442213,-0.046222000000000006,JPN,JAM,7788
1880011,138,112,1313,2006.0,20664.0,0.0,1.2996729999999999,0.655941,MEX,JAM,7788
1880012,153,112,1313,2006.0,27127.0,9281.0,0.9497270000000001,0.324179,MYS,JAM,7788
1880013,162,112,1313,2006.0,1214.0,0.0,1.115718,1.4743680000000001,NLD,JAM,7788
1880014,169,112,1313,2006.0,4810.0,0.0,0.511845,0.7560560000000001,PAN,JAM,7788
1880015,178,112,1313,2006.0,1975.0,0.0,0.649384,1.069006,PRK,JAM,7788
1880016,188,112,1313,2006.0,0.0,17428.0,-0.094152,-0.921106,SAU,JAM,7788
1880017,206,112,1313,2006.0,0.0,1184.0,1.3569950000000002,0.8663290000000001,SVK,JAM,7788
1880018,208,112,1313,2006.0,3141.0,0.0,1.921461,0.478688,SWE,JAM,7788
1880019,213,112,1313,2006.0,0.0,6098.0,0.445758,0.01026,TCA,JAM,7788
1880020,216,112,1313,2006.0,1808.0,0.0,0.73283,1.419023,THA,JAM,7788
1880021,222,112,1313,2006.0,0.0,3994.0,-0.346992,-1.03502,TTO,JAM,7788
1880022,231,112,1313,2006.0,3056449.0,33578.0,1.616918,-0.429924,USA,JAM,7788
1880023,249,112,1313,2006.0,28396.0,0.0,1.6683169999999998,1.230621,TWN,JAM,7788
1880024,1,114,1313,2006.0,0.0,1951.0,-0.906723,-0.6810039999999999,AFG,JPN,7788
1880025,2,114,1313,2006.0,0.0,14001.0,-2.2010959999999997,-1.189215,AGO,JPN,7788
1880026,5,114,1313,2006.0,0.0,7981.0,0.986957,0.458078,AND,JPN,7788
1880027,6,114,1313,2006.0,0.0,75552.0,0.0063100000000000005,-0.61161,ANT,JPN,7788
1880028,7,114,1313,2006.0,18392.0,10971719.0,-0.12063900000000001,-0.817929,ARE,JPN,7788
1880029,8,114,1313,2006.0,165897.0,5976872.0,0.076917,1.06231,ARG,JPN,7788
1880030,9,114,1313,2006.0,0.0,3423.0,-0.044726999999999996,-0.486043,ARM,JPN,7788
1880031,14,114,1313,2006.0,12938805.0,41849644.0,-0.183265,0.564314,AUS,JPN,7788
1880032,15,114,1313,2006.0,1101981.0,30067860.0,1.772588,-0.008943000000000001,AUT,JPN,7788
1880033,16,114,1313,2006.0,0.0,1036813.0,-0.949606,-1.099346,AZE,JPN,7788
1880034,17,114,1313,2006.0,0.0,3740.0,-0.139211,-0.558193,BDI,JPN,7788
1880035,18,114,1313,2006.0,7290394.0,139417280.0,1.234224,1.308065,BEL,JPN,7788
1880036,21,114,1313,2006.0,0.0,2957.0,-0.81399,-0.972464,BFA,JPN,7788
1880037,22,114,1313,2006.0,926771.0,13880288.0,-0.776517,-0.874408,BGD,JPN,7788
1880038,23,114,1313,2006.0,220034.0,1642625.0,0.490234,1.581841,BGR,JPN,7788
1880039,24,114,1313,2006.0,0.0,3790286.0,-0.220239,-1.07936,BHR,JPN,7788
1880040,25,114,1313,2006.0,0.0,39648.0,0.23525900000000002,-0.725657,BHS,JPN,7788
1880041,26,114,1313,2006.0,0.0,1441.0,0.543053,0.68971,BIH,JPN,7788
1880042,28,114,1313,2006.0,0.0,155892.0,0.948306,0.702786,BLR,JPN,7788
1880043,30,114,1313,2006.0,0.0,8827.0,-0.14324,-0.814511,BMU,JPN,7788
1880044,31,114,1313,2006.0,0.0,77265.0,-0.9174540000000001,-0.8314729999999999,BOL,JPN,7788
1880045,32,114,1313,2006.0,197161.0,35913060.0,0.622959,1.413527,BRA,JPN,7788
1880046,33,114,1313,2006.0,0.0,16260.0,0.689051,0.416818,BRB,JPN,7788
1880047,34,114,1313,2006.0,0.0,308575.0,-0.933665,-0.929327,BRN,JPN,7788
1880048,39,114,1313,2006.0,18585076.0,50079600.0,0.806511,1.466573,CAN,JPN,7788
1880049,41,114,1313,2006.0,30172486.0,14912214.0,2.038668,0.46319,CHE,JPN,7788
1880050,42,114,1313,2006.0,0.0,1173273.0,-0.193151,-0.46637,CHL,JPN,7788
1880051,43,114,1313,2006.0,855281472.0,2660086016.0,0.842242,1.7392740000000002,CHN,JPN,7788
1880052,44,114,1313,2006.0,0.0,9145.0,-0.9293,-0.853074,CIV,JPN,7788
1880053,45,114,1313,2006.0,17092.0,18811.0,-1.570753,-1.22499,CMR,JPN,7788
1880054,46,114,1313,2006.0,0.0,5639.0,-1.334582,-1.119781,COD,JPN,7788
1880055,49,114,1313,2006.0,0.0,763853.0,0.162228,0.550616,COL,JPN,7788
1880056,50,114,1313,2006.0,0.0,3055.0,0.007926,-0.792838,COM,JPN,7788
1880057,52,114,1313,2006.0,323836.0,7611820.0,0.07128999999999999,-0.24274400000000002,CRI,JPN,7788
1880058,54,114,1313,2006.0,370198.0,466582.0,0.207314,-0.473224,CUB,JPN,7788
1880059,58,114,1313,2006.0,7335.0,74314.0,0.728916,0.023954,CYP,JPN,7788
1880060,59,114,1313,2006.0,5072300.0,33737180.0,1.6478549999999998,0.095131,CZE,JPN,7788
1880061,61,114,1313,2006.0,186633552.0,606899200.0,2.135679,-2.933329,DEU,JPN,7788
1880062,62,114,1313,2006.0,0.0,3232.0,-0.360761,-0.261373,DJI,JPN,7788
1880063,63,114,1313,2006.0,13724.0,0.0,0.203098,-0.09402999999999999,DMA,JPN,7788
1880064,64,114,1313,2006.0,3022036.0,2422804.0,1.25209,1.133206,DNK,JPN,7788
1880065,65,114,1313,2006.0,396439.0,138439.0,0.044542,0.178998,DOM,JPN,7788
1880066,66,114,1313,2006.0,0.0,1169473.0,-1.079717,-1.153102,DZA,JPN,7788
1880067,67,114,1313,2006.0,0.0,1097164.0,-0.9617209999999999,-0.936366,ECU,JPN,7788
1880068,68,114,1313,2006.0,142253.0,5789014.0,-0.305058,0.294265,EGY,JPN,7788
1880069,71,114,1313,2006.0,19380330.0,30570276.0,0.9909459999999999,1.785809,ESP,JPN,7788
1880070,72,114,1313,2006.0,59379.0,9638488.0,0.737979,1.1881950000000001,EST,JPN,7788
1880071,73,114,1313,2006.0,0.0,72766.0,-1.129189,-0.953627,ETH,JPN,7788
1880072,74,114,1313,2006.0,6878056.0,105055560.0,1.8630220000000002,0.87172,FIN,JPN,7788
1880073,75,114,1313,2006.0,0.0,31461.0,-0.527165,-0.17746900000000002,FJI,JPN,7788
1880074,77,114,1313,2006.0,20786008.0,85898944.0,1.499686,0.16705699999999998,FRA,JPN,7788
1880075,78,114,1313,2006.0,0.0,24849.0,-0.111228,-0.776069,FRO,JPN,7788
1880076,79,114,1313,2006.0,0.0,35274.0,-0.787116,-0.9517690000000001,FSM,JPN,7788
1880077,80,114,1313,2006.0,0.0,2635.0,-1.2162620000000002,-1.141485,GAB,JPN,7788
1880078,81,114,1313,2006.0,105049552.0,157443232.0,1.8509779999999998,0.674074,GBR,JPN,7788
1880079,82,114,1313,2006.0,0.0,6178.0,-0.152929,-0.438435,GEO,JPN,7788
1880080,83,114,1313,2006.0,0.0,27941.0,-0.9211739999999999,-0.738322,GHA,JPN,7788
1880081,84,114,1313,2006.0,0.0,6085.0,0.519846,-0.43742600000000004,GIB,JPN,7788
1880082,85,114,1313,2006.0,0.0,9101.0,-1.526825,-1.191811,GIN,JPN,7788
1880083,90,114,1313,2006.0,63925.0,681715.0,0.183748,1.582167,GRC,JPN,7788
1880084,93,114,1313,2006.0,0.0,86944.0,-0.179628,0.671552,GTM,JPN,7788
1880085,95,114,1313,2006.0,0.0,1153189.0,0.29584299999999997,-0.324191,GUM,JPN,7788
1880086,96,114,1313,2006.0,0.0,3202.0,-0.637993,-0.880094,GUY,JPN,7788
1880087,97,114,1313,2006.0,34893132.0,1325397120.0,0.63347,1.276634,HKG,JPN,7788
1880088,99,114,1313,2006.0,0.0,53428.0,-0.520217,-0.41097399999999995,HND,JPN,7788
1880089,100,114,1313,2006.0,0.0,192526.0,0.866511,1.217552,HRV,JPN,7788
1880090,101,114,1313,2006.0,0.0,1848.0,-0.8555889999999999,-1.017282,HTI,JPN,7788
1880091,102,114,1313,2006.0,2582826.0,123828504.0,1.469539,0.8546090000000001,HUN,JPN,7788
1880092,103,114,1313,2006.0,58813756.0,74020216.0,0.0036969999999999998,1.703498,IDN,JPN,7788
1880093,104,114,1313,2006.0,1403108.0,41616376.0,0.202078,2.594677,IND,JPN,7788
1880094,106,114,1313,2006.0,979965.0,5878149.0,1.501322,0.161375,IRL,JPN,7788
1880095,107,114,1313,2006.0,0.0,18714188.0,-0.755814,-0.9279059999999999,IRN,JPN,7788
1880096,108,114,1313,2006.0,0.0,365373.0,-2.3271330000000003,-0.992934,IRQ,JPN,7788
1880097,109,114,1313,2006.0,1856.0,4948054.0,0.06816699999999999,-0.36412,ISL,JPN,7788
1880098,110,114,1313,2006.0,12377806.0,11079063.0,1.286738,0.8783610000000001,ISR,JPN,7788
1880099,111,114,1313,2006.0,11844669.0,57643680.0,1.416017,0.161859,ITA,JPN,7788
1880100,112,114,1313,2006.0,0.0,16587.0,-0.280417,-0.9436829999999999,JAM,JPN,7788
1880101,113,114,1313,2006.0,0.0,496037.0,0.31143899999999997,0.428361,JOR,JPN,7788
1880102,115,114,1313,2006.0,0.0,92365.0,-0.18694000000000002,-0.468758,KAZ,JPN,7788
1880103,116,114,1313,2006.0,2970.0,106681.0,-0.402762,0.89869,KEN,JPN,7788
1880104,117,114,1313,2006.0,0.0,35101.0,-0.091973,0.331995,KGZ,JPN,7788
1880105,118,114,1313,2006.0,0.0,189330.0,-0.841936,-1.038648,KHM,JPN,7788
1880106,119,114,1313,2006.0,0.0,2141.0,0.328888,-0.628654,KIR,JPN,7788
1880107,121,114,1313,2006.0,745792064.0,1048888256.0,1.588589,0.799507,KOR,JPN,7788
1880108,122,114,1313,2006.0,3561.0,2931942.0,-1.506818,-1.193717,KWT,JPN,7788
1880109,123,114,1313,2006.0,0.0,4392.0,-0.8422700000000001,-1.000073,LAO,JPN,7788
1880110,124,114,1313,2006.0,0.0,268562.0,0.450113,1.7365119999999998,LBN,JPN,7788
1880111,125,114,1313,2006.0,0.0,43971.0,-1.0431270000000001,-1.1084829999999999,LBR,JPN,7788
1880112,126,114,1313,2006.0,0.0,67649.0,-0.7543529999999999,-1.123674,LBY,JPN,7788
1880113,127,114,1313,2006.0,0.0,2127.0,0.990517,-0.100522,LCA,JPN,7788
1880114,128,114,1313,2006.0,739433.0,1408013.0,-0.37725,0.245153,LKA,JPN,7788
1880115,130,114,1313,2006.0,5074.0,5484292.0,0.553669,1.252767,LTU,JPN,7788
1880116,131,114,1313,2006.0,21160.0,21051348.0,1.285123,0.999081,LUX,JPN,7788
1880117,132,114,1313,2006.0,12509.0,246827.0,0.548453,1.027836,LVA,JPN,7788
1880118,133,114,1313,2006.0,310475.0,417114.0,0.120923,-0.266158,MAC,JPN,7788
1880119,134,114,1313,2006.0,0.0,1689945.0,-0.41821499999999995,0.175231,MAR,JPN,7788
1880120,136,114,1313,2006.0,0.0,9476.0,-0.772571,-0.521647,MDG,JPN,7788
1880121,137,114,1313,2006.0,0.0,8752.0,-0.21327600000000002,-0.8216959999999999,MDV,JPN,7788
1880122,138,114,1313,2006.0,16630260.0,67048784.0,1.2996729999999999,0.655941,MEX,JPN,7788
1880123,139,114,1313,2006.0,0.0,23163.0,-0.932843,-0.956528,MHL,JPN,7788
1880124,140,114,1313,2006.0,0.0,1756.0,-0.098526,0.423279,MKD,JPN,7788
1880125,141,114,1313,2006.0,1049.0,0.0,-0.588006,-0.687707,MLI,JPN,7788
1880126,142,114,1313,2006.0,5030.0,44335.0,1.5366819999999999,0.301101,MLT,JPN,7788
1880127,143,114,1313,2006.0,55739.0,310418.0,-1.203184,-1.081708,MMR,JPN,7788
1880128,144,114,1313,2006.0,0.0,5636.0,0.057147,-0.145592,MNE,JPN,7788
1880129,145,114,1313,2006.0,31943.0,85231.0,-0.806932,-1.01265,MNG,JPN,7788
1880130,146,114,1313,2006.0,0.0,539391.0,0.349612,-0.233961,MNP,JPN,7788
1880131,147,114,1313,2006.0,0.0,8026545.0,-1.199074,-1.031059,MOZ,JPN,7788
1880132,148,114,1313,2006.0,0.0,6368.0,-1.729545,-1.284734,MRT,JPN,7788
1880133,151,114,1313,2006.0,0.0,51890.0,-0.214308,-0.140502,MUS,JPN,7788
1880134,152,114,1313,2006.0,0.0,2003.0,-0.822168,-0.8834860000000001,MWI,JPN,7788
1880135,153,114,1313,2006.0,153408448.0,372180800.0,0.9497270000000001,0.324179,MYS,JPN,7788
1880136,154,114,1313,2006.0,0.0,3633.0,1.459222,0.528891,MYT,JPN,7788
1880137,155,114,1313,2006.0,0.0,1379.0,-0.425389,-0.690279,NAM,JPN,7788
1880138,156,114,1313,2006.0,0.0,180613.0,-0.42703900000000006,-0.840608,NCL,JPN,7788
1880139,159,114,1313,2006.0,0.0,181179.0,-2.088278,-1.224464,NGA,JPN,7788
1880140,160,114,1313,2006.0,0.0,28727.0,-0.9416120000000001,-0.888491,NIC,JPN,7788
1880141,162,114,1313,2006.0,20300062.0,236484576.0,1.115718,1.4743680000000001,NLD,JPN,7788
1880142,163,114,1313,2006.0,3317458.0,6183444.0,0.621685,-0.280378,NOR,JPN,7788
1880143,164,114,1313,2006.0,0.0,19029.0,-0.0014349999999999999,0.804425,NPL,JPN,7788
1880144,166,114,1313,2006.0,16321037.0,6489964.0,0.40442100000000003,0.821033,NZL,JPN,7788
1880145,167,114,1313,2006.0,0.0,1119230.0,-0.871816,-1.184985,OMN,JPN,7788
1880146,168,114,1313,2006.0,0.0,3563068.0,-0.500494,0.334983,PAK,JPN,7788
1880147,169,114,1313,2006.0,0.0,1650227.0,0.511845,0.7560560000000001,PAN,JPN,7788
1880148,173,114,1313,2006.0,0.0,413487.0,-0.523516,-0.15574100000000002,PER,JPN,7788
1880149,174,114,1313,2006.0,204143232.0,207379456.0,0.32715,-0.15929200000000002,PHL,JPN,7788
1880150,176,114,1313,2006.0,0.0,31638.0,-1.754684,-1.235725,PNG,JPN,7788
1880151,177,114,1313,2006.0,284569.0,10522862.0,1.0576860000000001,1.283664,POL,JPN,7788
1880152,178,114,1313,2006.0,0.0,1114838.0,0.649384,1.069006,PRK,JPN,7788
1880153,179,114,1313,2006.0,224137.0,7563412.0,0.695569,1.7476200000000002,PRT,JPN,7788
1880154,180,114,1313,2006.0,0.0,58742.0,-0.49234399999999995,-0.547616,PRY,JPN,7788
1880155,182,114,1313,2006.0,0.0,55842.0,-0.2789,-0.847551,PYF,JPN,7788
1880156,183,114,1313,2006.0,1986.0,8272442.0,-0.467699,-1.062471,QAT,JPN,7788
1880157,185,114,1313,2006.0,51202.0,2944552.0,0.733232,1.2149,ROU,JPN,7788
1880158,186,114,1313,2006.0,1044852.0,11792383.0,0.311252,-0.093895,RUS,JPN,7788
1880159,188,114,1313,2006.0,2726.0,11845106.0,-0.094152,-0.921106,SAU,JPN,7788
1880160,190,114,1313,2006.0,0.0,674105.0,-1.727355,-1.278714,SDN,JPN,7788
1880161,191,114,1313,2006.0,11866.0,6532.0,-0.548758,-0.152572,SEN,JPN,7788
1880162,192,114,1313,2006.0,65204164.0,740631488.0,1.670134,0.43955600000000006,SGP,JPN,7788
1880163,195,114,1313,2006.0,0.0,5269.0,-1.1616959999999998,-1.026145,SLB,JPN,7788
1880164,197,114,1313,2006.0,15825.0,412633.0,-0.127317,0.189904,SLV,JPN,7788
1880165,201,114,1313,2006.0,3157.0,96172.0,0.581078,1.5831600000000001,SRB,JPN,7788
1880166,205,114,1313,2006.0,0.0,9226.0,-0.703184,-1.0310979999999998,SUR,JPN,7788
1880167,206,114,1313,2006.0,364410.0,10204503.0,1.3569950000000002,0.8663290000000001,SVK,JPN,7788
1880168,207,114,1313,2006.0,51039.0,564016.0,1.562187,0.612624,SVN,JPN,7788
1880169,208,114,1313,2006.0,6716518.0,33008958.0,1.921461,0.478688,SWE,JPN,7788
1880170,211,114,1313,2006.0,0.0,2397.0,-0.45782,-0.822773,SYC,JPN,7788
1880171,212,114,1313,2006.0,0.0,123468.0,-0.49903100000000006,0.362867,SYR,JPN,7788
1880172,216,114,1313,2006.0,253099840.0,435352352.0,0.73283,1.419023,THA,JPN,7788
1880173,219,114,1313,2006.0,0.0,7675.0,-1.014047,-1.1895149999999999,TKM,JPN,7788
1880174,221,114,1313,2006.0,0.0,2312.0,-0.385793,-0.736392,TON,JPN,7788
1880175,222,114,1313,2006.0,0.0,66751.0,-0.346992,-1.03502,TTO,JPN,7788
1880176,223,114,1313,2006.0,35864.0,703120.0,0.140257,0.528918,TUN,JPN,7788
1880177,224,114,1313,2006.0,281515.0,48355108.0,0.41471,2.138217,TUR,JPN,7788
1880178,226,114,1313,2006.0,0.0,43675.0,-0.804761,0.6328729999999999,TZA,JPN,7788
1880179,227,114,1313,2006.0,0.0,78587.0,-0.789284,-0.161216,UGA,JPN,7788
1880180,228,114,1313,2006.0,22928.0,2087032.0,0.598325,1.225485,UKR,JPN,7788
1880181,230,114,1313,2006.0,0.0,156090.0,0.047764999999999995,0.23831100000000002,URY,JPN,7788
1880182,231,114,1313,2006.0,827918784.0,1549947648.0,1.616918,-0.429924,USA,JPN,7788
1880183,232,114,1313,2006.0,12839.0,52386.0,-0.508594,-0.7682720000000001,UZB,JPN,7788
1880184,234,114,1313,2006.0,0.0,2419.0,-0.51151,-0.8950620000000001,VCT,JPN,7788
1880185,236,114,1313,2006.0,0.0,21134584.0,-0.5559649999999999,-0.9988299999999999,VEN,JPN,7788
1880186,239,114,1313,2006.0,10511050.0,26942948.0,-0.089404,0.986066,VNM,JPN,7788
1880187,242,114,1313,2006.0,0.0,79593.0,0.246788,-0.474416,WSM,JPN,7788
1880188,243,114,1313,2006.0,74636.0,85692.0,-1.070559,-1.1655389999999999,YEM,JPN,7788
1880189,246,114,1313,2006.0,1107010.0,9818188.0,0.18317,1.675934,ZAF,JPN,7788
1880190,247,114,1313,2006.0,0.0,2291.0,-0.8819040000000001,-0.990542,ZMB,JPN,7788
1880191,248,114,1313,2006.0,0.0,3355.0,-0.354477,-0.273037,ZWE,JPN,7788
1880192,249,114,1313,2006.0,198122240.0,1201261440.0,1.6683169999999998,1.230621,TWN,JPN,7788
1880193,250,114,1313,2006.0,0.0,19023.0,0.202525,-0.46324499999999996,ANS,JPN,7788
1880194,14,118,1313,2006.0,67002.0,0.0,-0.183265,0.564314,AUS,KHM,7788
1880195,15,118,1313,2006.0,20111.0,0.0,1.772588,-0.008943000000000001,AUT,KHM,7788
1880196,18,118,1313,2006.0,1868.0,0.0,1.234224,1.308065,BEL,KHM,7788
1880197,39,118,1313,2006.0,12296.0,0.0,0.806511,1.466573,CAN,KHM,7788
1880198,41,118,1313,2006.0,1099.0,0.0,2.038668,0.46319,CHE,KHM,7788
1880199,43,118,1313,2006.0,380158.0,0.0,0.842242,1.7392740000000002,CHN,KHM,7788
1880200,59,118,1313,2006.0,4312.0,1143.0,1.6478549999999998,0.095131,CZE,KHM,7788
1880201,61,118,1313,2006.0,109622.0,0.0,2.135679,-2.933329,DEU,KHM,7788
1880202,64,118,1313,2006.0,6765.0,0.0,1.25209,1.133206,DNK,KHM,7788
1880203,71,118,1313,2006.0,1645.0,0.0,0.9909459999999999,1.785809,ESP,KHM,7788
1880204,74,118,1313,2006.0,1712.0,0.0,1.8630220000000002,0.87172,FIN,KHM,7788
1880205,77,118,1313,2006.0,31926.0,1799.0,1.499686,0.16705699999999998,FRA,KHM,7788
1880206,81,118,1313,2006.0,25465.0,0.0,1.8509779999999998,0.674074,GBR,KHM,7788
1880207,97,118,1313,2006.0,90723.0,0.0,0.63347,1.276634,HKG,KHM,7788
1880208,111,118,1313,2006.0,132567.0,0.0,1.416017,0.161859,ITA,KHM,7788
1880209,114,118,1313,2006.0,189330.0,0.0,2.442213,-0.046222000000000006,JPN,KHM,7788
1880210,121,118,1313,2006.0,182116.0,0.0,1.588589,0.799507,KOR,KHM,7788
1880211,128,118,1313,2006.0,13029.0,0.0,-0.37725,0.245153,LKA,KHM,7788
1880212,153,118,1313,2006.0,33131.0,2128.0,0.9497270000000001,0.324179,MYS,KHM,7788
1880213,162,118,1313,2006.0,2589.0,0.0,1.115718,1.4743680000000001,NLD,KHM,7788
1880214,186,118,1313,2006.0,55384.0,0.0,0.311252,-0.093895,RUS,KHM,7788
1880215,192,118,1313,2006.0,635679.0,0.0,1.670134,0.43955600000000006,SGP,KHM,7788
1880216,216,118,1313,2006.0,919976.0,0.0,0.73283,1.419023,THA,KHM,7788
1880217,231,118,1313,2006.0,38840.0,62793.0,1.616918,-0.429924,USA,KHM,7788
1880218,239,118,1313,2006.0,127299.0,0.0,-0.089404,0.986066,VNM,KHM,7788
1880219,249,118,1313,2006.0,361368.0,0.0,1.6683169999999998,1.230621,TWN,KHM,7788
1880220,2,121,1313,2006.0,0.0,1517262.0,-2.2010959999999997,-1.189215,AGO,KOR,7788
1880221,4,121,1313,2006.0,0.0,5625.0,-0.310731,-0.01222,ALB,KOR,7788
1880222,5,121,1313,2006.0,0.0,3587.0,0.986957,0.458078,AND,KOR,7788
1880223,6,121,1313,2006.0,0.0,3572.0,0.0063100000000000005,-0.61161,ANT,KOR,7788
1880224,7,121,1313,2006.0,117293.0,7888109.0,-0.12063900000000001,-0.817929,ARE,KOR,7788
1880225,8,121,1313,2006.0,8915.0,2003106.0,0.076917,1.06231,ARG,KOR,7788
1880226,9,121,1313,2006.0,0.0,24969.0,-0.044726999999999996,-0.486043,ARM,KOR,7788
1880227,10,121,1313,2006.0,46432.0,0.0,0.6149600000000001,-0.467811,ASM,KOR,7788
1880228,14,121,1313,2006.0,7064297.0,5028374.0,-0.183265,0.564314,AUS,KOR,7788
1880229,15,121,1313,2006.0,2843502.0,1560784.0,1.772588,-0.008943000000000001,AUT,KOR,7788
1880230,16,121,1313,2006.0,0.0,23940.0,-0.949606,-1.099346,AZE,KOR,7788
1880231,18,121,1313,2006.0,7656238.0,14464314.0,1.234224,1.308065,BEL,KOR,7788
1880232,19,121,1313,2006.0,0.0,41099.0,-1.093919,-0.9748319999999999,BEN,KOR,7788
1880233,22,121,1313,2006.0,36090.0,417488.0,-0.776517,-0.874408,BGD,KOR,7788
1880234,23,121,1313,2006.0,88057.0,432921.0,0.490234,1.581841,BGR,KOR,7788
1880235,24,121,1313,2006.0,0.0,133614.0,-0.220239,-1.07936,BHR,KOR,7788
1880236,26,121,1313,2006.0,0.0,11474.0,0.543053,0.68971,BIH,KOR,7788
1880237,28,121,1313,2006.0,37763.0,146552.0,0.948306,0.702786,BLR,KOR,7788
1880238,31,121,1313,2006.0,0.0,6832.0,-0.9174540000000001,-0.8314729999999999,BOL,KOR,7788
1880239,32,121,1313,2006.0,1178268.0,23587048.0,0.622959,1.413527,BRA,KOR,7788
1880240,33,121,1313,2006.0,0.0,3090.0,0.689051,0.416818,BRB,KOR,7788
1880241,34,121,1313,2006.0,0.0,6566.0,-0.933665,-0.929327,BRN,KOR,7788
1880242,37,121,1313,2006.0,0.0,35290.0,-0.958566,-1.202559,BWA,KOR,7788
1880243,39,121,1313,2006.0,40060096.0,8943213.0,0.806511,1.466573,CAN,KOR,7788
1880244,41,121,1313,2006.0,12730751.0,2554077.0,2.038668,0.46319,CHE,KOR,7788
1880245,42,121,1313,2006.0,4131.0,444130.0,-0.193151,-0.46637,CHL,KOR,7788
1880246,43,121,1313,2006.0,788731904.0,1445415808.0,0.842242,1.7392740000000002,CHN,KOR,7788
1880247,44,121,1313,2006.0,0.0,14709.0,-0.9293,-0.853074,CIV,KOR,7788
1880248,45,121,1313,2006.0,35828.0,0.0,-1.570753,-1.22499,CMR,KOR,7788
1880249,47,121,1313,2006.0,0.0,1037.0,-1.8919540000000001,-1.272166,COG,KOR,7788
1880250,49,121,1313,2006.0,0.0,398090.0,0.162228,0.550616,COL,KOR,7788
1880251,52,121,1313,2006.0,2187441.0,44033.0,0.07128999999999999,-0.24274400000000002,CRI,KOR,7788
1880252,54,121,1313,2006.0,0.0,15469.0,0.207314,-0.473224,CUB,KOR,7788
1880253,58,121,1313,2006.0,8640.0,80577.0,0.728916,0.023954,CYP,KOR,7788
1880254,59,121,1313,2006.0,4696076.0,1086021.0,1.6478549999999998,0.095131,CZE,KOR,7788
1880255,61,121,1313,2006.0,170657456.0,570210752.0,2.135679,-2.933329,DEU,KOR,7788
1880256,63,121,1313,2006.0,0.0,5978.0,0.203098,-0.09402999999999999,DMA,KOR,7788
1880257,64,121,1313,2006.0,1732052.0,1055931.0,1.25209,1.133206,DNK,KOR,7788
1880258,65,121,1313,2006.0,89507.0,41335.0,0.044542,0.178998,DOM,KOR,7788
1880259,66,121,1313,2006.0,4013.0,375374.0,-1.079717,-1.153102,DZA,KOR,7788
1880260,67,121,1313,2006.0,1502.0,605216.0,-0.9617209999999999,-0.936366,ECU,KOR,7788
1880261,68,121,1313,2006.0,8225.0,2883870.0,-0.305058,0.294265,EGY,KOR,7788
1880262,71,121,1313,2006.0,3203053.0,5287904.0,0.9909459999999999,1.785809,ESP,KOR,7788
1880263,72,121,1313,2006.0,2147.0,174898.0,0.737979,1.1881950000000001,EST,KOR,7788
1880264,73,121,1313,2006.0,0.0,12153.0,-1.129189,-0.953627,ETH,KOR,7788
1880265,74,121,1313,2006.0,3750270.0,3922335.0,1.8630220000000002,0.87172,FIN,KOR,7788
1880266,75,121,1313,2006.0,0.0,2533.0,-0.527165,-0.17746900000000002,FJI,KOR,7788
1880267,77,121,1313,2006.0,24334296.0,15929882.0,1.499686,0.16705699999999998,FRA,KOR,7788
1880268,81,121,1313,2006.0,64234492.0,52804672.0,1.8509779999999998,0.674074,GBR,KOR,7788
1880269,82,121,1313,2006.0,38325.0,86140.0,-0.152929,-0.438435,GEO,KOR,7788
1880270,83,121,1313,2006.0,0.0,11913.0,-0.9211739999999999,-0.738322,GHA,KOR,7788
1880271,85,121,1313,2006.0,0.0,1476.0,-1.526825,-1.191811,GIN,KOR,7788
1880272,90,121,1313,2006.0,102876.0,341557.0,0.183748,1.582167,GRC,KOR,7788
1880273,93,121,1313,2006.0,0.0,682378.0,-0.179628,0.671552,GTM,KOR,7788
1880274,95,121,1313,2006.0,2322.0,11992.0,0.29584299999999997,-0.324191,GUM,KOR,7788
1880275,97,121,1313,2006.0,114939712.0,1570937216.0,0.63347,1.276634,HKG,KOR,7788
1880276,99,121,1313,2006.0,0.0,67199.0,-0.520217,-0.41097399999999995,HND,KOR,7788
1880277,100,121,1313,2006.0,0.0,761668.0,0.866511,1.217552,HRV,KOR,7788
1880278,102,121,1313,2006.0,1022499.0,25045438.0,1.469539,0.8546090000000001,HUN,KOR,7788
1880279,103,121,1313,2006.0,8634289.0,22059902.0,0.0036969999999999998,1.703498,IDN,KOR,7788
1880280,104,121,1313,2006.0,8496917.0,13626084.0,0.202078,2.594677,IND,KOR,7788
1880281,106,121,1313,2006.0,3691720.0,74216608.0,1.501322,0.161375,IRL,KOR,7788
1880282,107,121,1313,2006.0,0.0,1864934.0,-0.755814,-0.9279059999999999,IRN,KOR,7788
1880283,108,121,1313,2006.0,0.0,23803.0,-2.3271330000000003,-0.992934,IRQ,KOR,7788
1880284,109,121,1313,2006.0,8462.0,21469.0,0.06816699999999999,-0.36412,ISL,KOR,7788
1880285,110,121,1313,2006.0,16205540.0,10411669.0,1.286738,0.8783610000000001,ISR,KOR,7788
1880286,111,121,1313,2006.0,7127571.0,25883942.0,1.416017,0.161859,ITA,KOR,7788
1880287,113,121,1313,2006.0,0.0,81492.0,0.31143899999999997,0.428361,JOR,KOR,7788
1880288,114,121,1313,2006.0,1048888256.0,745792064.0,2.442213,-0.046222000000000006,JPN,KOR,7788
1880289,115,121,1313,2006.0,0.0,285625.0,-0.18694000000000002,-0.468758,KAZ,KOR,7788
1880290,116,121,1313,2006.0,0.0,7070.0,-0.402762,0.89869,KEN,KOR,7788
1880291,117,121,1313,2006.0,11720.0,8166.0,-0.091973,0.331995,KGZ,KOR,7788
1880292,118,121,1313,2006.0,0.0,182116.0,-0.841936,-1.038648,KHM,KOR,7788
1880293,122,121,1313,2006.0,44127.0,889698.0,-1.506818,-1.193717,KWT,KOR,7788
1880294,123,121,1313,2006.0,0.0,15559.0,-0.8422700000000001,-1.000073,LAO,KOR,7788
1880295,124,121,1313,2006.0,0.0,258663.0,0.450113,1.7365119999999998,LBN,KOR,7788
1880296,126,121,1313,2006.0,0.0,169672.0,-0.7543529999999999,-1.123674,LBY,KOR,7788
1880297,128,121,1313,2006.0,6595.0,476094.0,-0.37725,0.245153,LKA,KOR,7788
1880298,130,121,1313,2006.0,1488.0,284103.0,0.553669,1.252767,LTU,KOR,7788
1880299,131,121,1313,2006.0,82458.0,6185.0,1.285123,0.999081,LUX,KOR,7788
1880300,132,121,1313,2006.0,16796.0,574687.0,0.548453,1.027836,LVA,KOR,7788
1880301,133,121,1313,2006.0,14823.0,54983.0,0.120923,-0.266158,MAC,KOR,7788
1880302,134,121,1313,2006.0,8662.0,509278.0,-0.41821499999999995,0.175231,MAR,KOR,7788
1880303,135,121,1313,2006.0,0.0,5723.0,0.043632,0.21129299999999998,MDA,KOR,7788
1880304,136,121,1313,2006.0,0.0,1434.0,-0.772571,-0.521647,MDG,KOR,7788
1880305,137,121,1313,2006.0,0.0,48969.0,-0.21327600000000002,-0.8216959999999999,MDV,KOR,7788
1880306,138,121,1313,2006.0,5183340.0,25706522.0,1.2996729999999999,0.655941,MEX,KOR,7788
1880307,140,121,1313,2006.0,0.0,7729.0,-0.098526,0.423279,MKD,KOR,7788
1880308,141,121,1313,2006.0,0.0,36556.0,-0.588006,-0.687707,MLI,KOR,7788
1880309,142,121,1313,2006.0,3611.0,36614.0,1.5366819999999999,0.301101,MLT,KOR,7788
1880310,143,121,1313,2006.0,0.0,17032.0,-1.203184,-1.081708,MMR,KOR,7788
1880311,144,121,1313,2006.0,0.0,1637.0,0.057147,-0.145592,MNE,KOR,7788
1880312,145,121,1313,2006.0,0.0,1021352.0,-0.806932,-1.01265,MNG,KOR,7788
1880313,151,121,1313,2006.0,56432.0,34561.0,-0.214308,-0.140502,MUS,KOR,7788
1880314,153,121,1313,2006.0,92229096.0,20307954.0,0.9497270000000001,0.324179,MYS,KOR,7788
1880315,156,121,1313,2006.0,0.0,3482.0,-0.42703900000000006,-0.840608,NCL,KOR,7788
1880316,159,121,1313,2006.0,0.0,676198.0,-2.088278,-1.224464,NGA,KOR,7788
1880317,160,121,1313,2006.0,0.0,39695.0,-0.9416120000000001,-0.888491,NIC,KOR,7788
1880318,162,121,1313,2006.0,6074503.0,15303572.0,1.115718,1.4743680000000001,NLD,KOR,7788
1880319,163,121,1313,2006.0,4575370.0,802598.0,0.621685,-0.280378,NOR,KOR,7788
1880320,164,121,1313,2006.0,0.0,4628.0,-0.0014349999999999999,0.804425,NPL,KOR,7788
1880321,166,121,1313,2006.0,211973.0,228627.0,0.40442100000000003,0.821033,NZL,KOR,7788
1880322,167,121,1313,2006.0,0.0,67695.0,-0.871816,-1.184985,OMN,KOR,7788
1880323,168,121,1313,2006.0,0.0,919577.0,-0.500494,0.334983,PAK,KOR,7788
1880324,169,121,1313,2006.0,9830.0,634285.0,0.511845,0.7560560000000001,PAN,KOR,7788
1880325,173,121,1313,2006.0,170828.0,183290.0,-0.523516,-0.15574100000000002,PER,KOR,7788
1880326,174,121,1313,2006.0,142373168.0,46037740.0,0.32715,-0.15929200000000002,PHL,KOR,7788
1880327,177,121,1313,2006.0,306871.0,7325344.0,1.0576860000000001,1.283664,POL,KOR,7788
1880328,179,121,1313,2006.0,1550429.0,1050626.0,0.695569,1.7476200000000002,PRT,KOR,7788
1880329,180,121,1313,2006.0,0.0,35307.0,-0.49234399999999995,-0.547616,PRY,KOR,7788
1880330,181,121,1313,2006.0,91807.0,0.0,-0.043153,-0.421504,PSE,KOR,7788
1880331,182,121,1313,2006.0,0.0,172891.0,-0.2789,-0.847551,PYF,KOR,7788
1880332,183,121,1313,2006.0,0.0,3760896.0,-0.467699,-1.062471,QAT,KOR,7788
1880333,185,121,1313,2006.0,0.0,966938.0,0.733232,1.2149,ROU,KOR,7788
1880334,186,121,1313,2006.0,3529270.0,3253119.0,0.311252,-0.093895,RUS,KOR,7788
1880335,188,121,1313,2006.0,4985.0,5500340.0,-0.094152,-0.921106,SAU,KOR,7788
1880336,190,121,1313,2006.0,0.0,134939.0,-1.727355,-1.278714,SDN,KOR,7788
1880337,191,121,1313,2006.0,0.0,14355.0,-0.548758,-0.152572,SEN,KOR,7788
1880338,192,121,1313,2006.0,164898224.0,239425888.0,1.670134,0.43955600000000006,SGP,KOR,7788
1880339,196,121,1313,2006.0,2431.0,35442.0,0.23031999999999997,-0.114212,SLE,KOR,7788
1880340,197,121,1313,2006.0,369216.0,29832.0,-0.127317,0.189904,SLV,KOR,7788
1880341,201,121,1313,2006.0,0.0,178287.0,0.581078,1.5831600000000001,SRB,KOR,7788
1880342,206,121,1313,2006.0,178010.0,6885950.0,1.3569950000000002,0.8663290000000001,SVK,KOR,7788
1880343,207,121,1313,2006.0,32037.0,455561.0,1.562187,0.612624,SVN,KOR,7788
1880344,208,121,1313,2006.0,15544371.0,1516288.0,1.921461,0.478688,SWE,KOR,7788
1880345,209,121,1313,2006.0,57300.0,113682.0,0.8177369999999999,0.302106,SWZ,KOR,7788
1880346,212,121,1313,2006.0,2045.0,345455.0,-0.49903100000000006,0.362867,SYR,KOR,7788
1880347,216,121,1313,2006.0,35631508.0,20553134.0,0.73283,1.419023,THA,KOR,7788
1880348,222,121,1313,2006.0,0.0,5912.0,-0.346992,-1.03502,TTO,KOR,7788
1880349,223,121,1313,2006.0,380251.0,741707.0,0.140257,0.528918,TUN,KOR,7788
1880350,224,121,1313,2006.0,200429.0,36005652.0,0.41471,2.138217,TUR,KOR,7788
1880351,226,121,1313,2006.0,4313.0,0.0,-0.804761,0.6328729999999999,TZA,KOR,7788
1880352,227,121,1313,2006.0,0.0,7341.0,-0.789284,-0.161216,UGA,KOR,7788
1880353,228,121,1313,2006.0,6064.0,119085.0,0.598325,1.225485,UKR,KOR,7788
1880354,230,121,1313,2006.0,0.0,119792.0,0.047764999999999995,0.23831100000000002,URY,KOR,7788
1880355,231,121,1313,2006.0,598967488.0,389681600.0,1.616918,-0.429924,USA,KOR,7788
1880356,232,121,1313,2006.0,0.0,94541.0,-0.508594,-0.7682720000000001,UZB,KOR,7788
1880357,236,121,1313,2006.0,0.0,619186.0,-0.5559649999999999,-0.9988299999999999,VEN,KOR,7788
1880358,239,121,1313,2006.0,4964492.0,8531720.0,-0.089404,0.986066,VNM,KOR,7788
1880359,243,121,1313,2006.0,19229.0,87515.0,-1.070559,-1.1655389999999999,YEM,KOR,7788
1880360,246,121,1313,2006.0,1540184.0,2888098.0,0.18317,1.675934,ZAF,KOR,7788
1880361,249,121,1313,2006.0,186285296.0,711614400.0,1.6683169999999998,1.230621,TWN,KOR,7788
1880362,250,121,1313,2006.0,19709.0,13265.0,0.202525,-0.46324499999999996,ANS,KOR,7788
1880363,7,128,1313,2006.0,118558.0,0.0,-0.12063900000000001,-0.817929,ARE,LKA,7788
1880364,14,128,1313,2006.0,253903.0,3936.0,-0.183265,0.564314,AUS,LKA,7788
1880365,15,128,1313,2006.0,8611.0,1565.0,1.772588,-0.008943000000000001,AUT,LKA,7788
1880366,18,128,1313,2006.0,62033.0,0.0,1.234224,1.308065,BEL,LKA,7788
1880367,22,128,1313,2006.0,0.0,1272.0,-0.776517,-0.874408,BGD,LKA,7788
1880368,32,128,1313,2006.0,3228.0,0.0,0.622959,1.413527,BRA,LKA,7788
1880369,39,128,1313,2006.0,175716.0,0.0,0.806511,1.466573,CAN,LKA,7788
1880370,41,128,1313,2006.0,544819.0,1225671.0,2.038668,0.46319,CHE,LKA,7788
1880371,43,128,1313,2006.0,1377610.0,270704.0,0.842242,1.7392740000000002,CHN,LKA,7788
1880372,59,128,1313,2006.0,7592.0,0.0,1.6478549999999998,0.095131,CZE,LKA,7788
1880373,61,128,1313,2006.0,2256839.0,456028.0,2.135679,-2.933329,DEU,LKA,7788
1880374,64,128,1313,2006.0,93802.0,138697.0,1.25209,1.133206,DNK,LKA,7788
1880375,71,128,1313,2006.0,53910.0,0.0,0.9909459999999999,1.785809,ESP,LKA,7788
1880376,74,128,1313,2006.0,16146.0,0.0,1.8630220000000002,0.87172,FIN,LKA,7788
1880377,77,128,1313,2006.0,227556.0,2734.0,1.499686,0.16705699999999998,FRA,LKA,7788
1880378,81,128,1313,2006.0,1194386.0,6928.0,1.8509779999999998,0.674074,GBR,LKA,7788
1880379,90,128,1313,2006.0,2347.0,0.0,0.183748,1.582167,GRC,LKA,7788
1880380,97,128,1313,2006.0,317440.0,1874.0,0.63347,1.276634,HKG,LKA,7788
1880381,103,128,1313,2006.0,107773.0,0.0,0.0036969999999999998,1.703498,IDN,LKA,7788
1880382,104,128,1313,2006.0,848341.0,0.0,0.202078,2.594677,IND,LKA,7788
1880383,107,128,1313,2006.0,51714.0,0.0,-0.755814,-0.9279059999999999,IRN,LKA,7788
1880384,110,128,1313,2006.0,0.0,49789.0,1.286738,0.8783610000000001,ISR,LKA,7788
1880385,111,128,1313,2006.0,245035.0,0.0,1.416017,0.161859,ITA,LKA,7788
1880386,113,128,1313,2006.0,0.0,52802.0,0.31143899999999997,0.428361,JOR,LKA,7788
1880387,114,128,1313,2006.0,1408013.0,739433.0,2.442213,-0.046222000000000006,JPN,LKA,7788
1880388,118,128,1313,2006.0,0.0,13029.0,-0.841936,-1.038648,KHM,LKA,7788
1880389,121,128,1313,2006.0,476094.0,6595.0,1.588589,0.799507,KOR,LKA,7788
1880390,130,128,1313,2006.0,1183.0,0.0,0.553669,1.252767,LTU,LKA,7788
1880391,137,128,1313,2006.0,0.0,19978.0,-0.21327600000000002,-0.8216959999999999,MDV,LKA,7788
1880392,138,128,1313,2006.0,0.0,4436.0,1.2996729999999999,0.655941,MEX,LKA,7788
1880393,153,128,1313,2006.0,60379.0,1789.0,0.9497270000000001,0.324179,MYS,LKA,7788
1880394,162,128,1313,2006.0,3477664.0,0.0,1.115718,1.4743680000000001,NLD,LKA,7788
1880395,163,128,1313,2006.0,20425.0,0.0,0.621685,-0.280378,NOR,LKA,7788
1880396,166,128,1313,2006.0,28471.0,0.0,0.40442100000000003,0.821033,NZL,LKA,7788
1880397,168,128,1313,2006.0,7377.0,0.0,-0.500494,0.334983,PAK,LKA,7788
1880398,177,128,1313,2006.0,4243.0,0.0,1.0576860000000001,1.283664,POL,LKA,7788
1880399,186,128,1313,2006.0,10036.0,0.0,0.311252,-0.093895,RUS,LKA,7788
1880400,188,128,1313,2006.0,0.0,1717.0,-0.094152,-0.921106,SAU,LKA,7788
1880401,192,128,1313,2006.0,2531458.0,31361.0,1.670134,0.43955600000000006,SGP,LKA,7788
1880402,208,128,1313,2006.0,444308.0,46713.0,1.921461,0.478688,SWE,LKA,7788
1880403,216,128,1313,2006.0,34496.0,705940.0,0.73283,1.419023,THA,LKA,7788
1880404,224,128,1313,2006.0,84207.0,0.0,0.41471,2.138217,TUR,LKA,7788
1880405,231,128,1313,2006.0,586507.0,63775.0,1.616918,-0.429924,USA,LKA,7788
1880406,249,128,1313,2006.0,330979.0,0.0,1.6683169999999998,1.230621,TWN,LKA,7788
1880407,0,138,1313,2006.0,123821.0,13229.0,-0.353579,-0.852273,ABW,MEX,7788
1880408,1,138,1313,2006.0,5633.0,0.0,-0.906723,-0.6810039999999999,AFG,MEX,7788
1880409,4,138,1313,2006.0,16648.0,0.0,-0.310731,-0.01222,ALB,MEX,7788
1880410,6,138,1313,2006.0,3600.0,37737.0,0.0063100000000000005,-0.61161,ANT,MEX,7788
1880411,7,138,1313,2006.0,12250.0,0.0,-0.12063900000000001,-0.817929,ARE,MEX,7788
1880412,8,138,1313,2006.0,776381.0,3515041.0,0.076917,1.06231,ARG,MEX,7788
1880413,13,138,1313,2006.0,218804.0,0.0,-0.49273500000000003,-0.92522,ATG,MEX,7788
1880414,14,138,1313,2006.0,7337982.0,4482945.0,-0.183265,0.564314,AUS,MEX,7788
1880415,15,138,1313,2006.0,2386954.0,208094.0,1.772588,-0.008943000000000001,AUT,MEX,7788
1880416,16,138,1313,2006.0,0.0,6594.0,-0.949606,-1.099346,AZE,MEX,7788
1880417,18,138,1313,2006.0,3599938.0,9608572.0,1.234224,1.308065,BEL,MEX,7788
1880418,22,138,1313,2006.0,1119.0,1068.0,-0.776517,-0.874408,BGD,MEX,7788
1880419,23,138,1313,2006.0,123559.0,66915.0,0.490234,1.581841,BGR,MEX,7788
1880420,25,138,1313,2006.0,0.0,1136.0,0.23525900000000002,-0.725657,BHS,MEX,7788
1880421,26,138,1313,2006.0,1022.0,0.0,0.543053,0.68971,BIH,MEX,7788
1880422,28,138,1313,2006.0,0.0,1998.0,0.948306,0.702786,BLR,MEX,7788
1880423,29,138,1313,2006.0,33035.0,0.0,-0.275783,-0.6653439999999999,BLZ,MEX,7788
1880424,31,138,1313,2006.0,0.0,296542.0,-0.9174540000000001,-0.8314729999999999,BOL,MEX,7788
1880425,32,138,1313,2006.0,7367942.0,6882801.0,0.622959,1.413527,BRA,MEX,7788
1880426,33,138,1313,2006.0,33599.0,20175.0,0.689051,0.416818,BRB,MEX,7788
1880427,38,138,1313,2006.0,1859.0,0.0,-0.444701,-0.774726,CAF,MEX,7788
1880428,39,138,1313,2006.0,8252347.0,49226232.0,0.806511,1.466573,CAN,MEX,7788
1880429,41,138,1313,2006.0,2645961.0,1011932.0,2.038668,0.46319,CHE,MEX,7788
1880430,42,138,1313,2006.0,25956.0,5150262.0,-0.193151,-0.46637,CHL,MEX,7788
1880431,43,138,1313,2006.0,82507432.0,116085448.0,0.842242,1.7392740000000002,CHN,MEX,7788
1880432,49,138,1313,2006.0,209563.0,3255066.0,0.162228,0.550616,COL,MEX,7788
1880433,52,138,1313,2006.0,77742.0,1690283.0,0.07128999999999999,-0.24274400000000002,CRI,MEX,7788
1880434,54,138,1313,2006.0,1028.0,426677.0,0.207314,-0.473224,CUB,MEX,7788
1880435,59,138,1313,2006.0,6764829.0,3169329.0,1.6478549999999998,0.095131,CZE,MEX,7788
1880436,61,138,1313,2006.0,45574520.0,20946664.0,2.135679,-2.933329,DEU,MEX,7788
1880437,63,138,1313,2006.0,67159.0,0.0,0.203098,-0.09402999999999999,DMA,MEX,7788
1880438,64,138,1313,2006.0,290538.0,170787.0,1.25209,1.133206,DNK,MEX,7788
1880439,65,138,1313,2006.0,2312413.0,314443.0,0.044542,0.178998,DOM,MEX,7788
1880440,66,138,1313,2006.0,0.0,8257.0,-1.079717,-1.153102,DZA,MEX,7788
1880441,67,138,1313,2006.0,57949.0,799808.0,-0.9617209999999999,-0.936366,ECU,MEX,7788
1880442,68,138,1313,2006.0,8129.0,6740.0,-0.305058,0.294265,EGY,MEX,7788
1880443,71,138,1313,2006.0,46804460.0,17690216.0,0.9909459999999999,1.785809,ESP,MEX,7788
1880444,72,138,1313,2006.0,34710.0,194076.0,0.737979,1.1881950000000001,EST,MEX,7788
1880445,73,138,1313,2006.0,1390.0,0.0,-1.129189,-0.953627,ETH,MEX,7788
1880446,74,138,1313,2006.0,828414.0,963333.0,1.8630220000000002,0.87172,FIN,MEX,7788
1880447,75,138,1313,2006.0,2214.0,0.0,-0.527165,-0.17746900000000002,FJI,MEX,7788
1880448,77,138,1313,2006.0,20500352.0,23674222.0,1.499686,0.16705699999999998,FRA,MEX,7788
1880449,81,138,1313,2006.0,5256700.0,6719501.0,1.8509779999999998,0.674074,GBR,MEX,7788
1880450,82,138,1313,2006.0,16446.0,0.0,-0.152929,-0.438435,GEO,MEX,7788
1880451,90,138,1313,2006.0,4437.0,0.0,0.183748,1.582167,GRC,MEX,7788
1880452,93,138,1313,2006.0,4222.0,2403997.0,-0.179628,0.671552,GTM,MEX,7788
1880453,97,138,1313,2006.0,15830219.0,709213.0,0.63347,1.276634,HKG,MEX,7788
1880454,99,138,1313,2006.0,6161.0,215355.0,-0.520217,-0.41097399999999995,HND,MEX,7788
1880455,100,138,1313,2006.0,826628.0,39740.0,0.866511,1.217552,HRV,MEX,7788
1880456,101,138,1313,2006.0,2024.0,0.0,-0.8555889999999999,-1.017282,HTI,MEX,7788
1880457,102,138,1313,2006.0,3297669.0,1950689.0,1.469539,0.8546090000000001,HUN,MEX,7788
1880458,103,138,1313,2006.0,5306200.0,20331.0,0.0036969999999999998,1.703498,IDN,MEX,7788
1880459,104,138,1313,2006.0,3919684.0,1155110.0,0.202078,2.594677,IND,MEX,7788
1880460,106,138,1313,2006.0,2465491.0,3605740.0,1.501322,0.161375,IRL,MEX,7788
1880461,107,138,1313,2006.0,3219.0,1405618.0,-0.755814,-0.9279059999999999,IRN,MEX,7788
1880462,109,138,1313,2006.0,1054789.0,0.0,0.06816699999999999,-0.36412,ISL,MEX,7788
1880463,110,138,1313,2006.0,10224109.0,103219.0,1.286738,0.8783610000000001,ISR,MEX,7788
1880464,111,138,1313,2006.0,8559338.0,3708734.0,1.416017,0.161859,ITA,MEX,7788
1880465,112,138,1313,2006.0,0.0,20664.0,-0.280417,-0.9436829999999999,JAM,MEX,7788
1880466,113,138,1313,2006.0,0.0,12186.0,0.31143899999999997,0.428361,JOR,MEX,7788
1880467,114,138,1313,2006.0,67048784.0,16630260.0,2.442213,-0.046222000000000006,JPN,MEX,7788
1880468,115,138,1313,2006.0,0.0,137360.0,-0.18694000000000002,-0.468758,KAZ,MEX,7788
1880469,120,138,1313,2006.0,4261.0,0.0,1.3110979999999999,-0.061185,KNA,MEX,7788
1880470,121,138,1313,2006.0,25706522.0,5183340.0,1.588589,0.799507,KOR,MEX,7788
1880471,122,138,1313,2006.0,0.0,77179.0,-1.506818,-1.193717,KWT,MEX,7788
1880472,124,138,1313,2006.0,0.0,8217.0,0.450113,1.7365119999999998,LBN,MEX,7788
1880473,125,138,1313,2006.0,7736.0,0.0,-1.0431270000000001,-1.1084829999999999,LBR,MEX,7788
1880474,126,138,1313,2006.0,354135.0,0.0,-0.7543529999999999,-1.123674,LBY,MEX,7788
1880475,127,138,1313,2006.0,2402.0,0.0,0.990517,-0.100522,LCA,MEX,7788
1880476,128,138,1313,2006.0,4436.0,0.0,-0.37725,0.245153,LKA,MEX,7788
1880477,130,138,1313,2006.0,12189.0,2314.0,0.553669,1.252767,LTU,MEX,7788
1880478,131,138,1313,2006.0,38327.0,145238.0,1.285123,0.999081,LUX,MEX,7788
1880479,133,138,1313,2006.0,48475.0,0.0,0.120923,-0.266158,MAC,MEX,7788
1880480,134,138,1313,2006.0,39087.0,40438.0,-0.41821499999999995,0.175231,MAR,MEX,7788
1880481,135,138,1313,2006.0,4066.0,0.0,0.043632,0.21129299999999998,MDA,MEX,7788
1880482,140,138,1313,2006.0,0.0,4347.0,-0.098526,0.423279,MKD,MEX,7788
1880483,141,138,1313,2006.0,104204.0,0.0,-0.588006,-0.687707,MLI,MEX,7788
1880484,142,138,1313,2006.0,2591.0,0.0,1.5366819999999999,0.301101,MLT,MEX,7788
1880485,144,138,1313,2006.0,0.0,16734.0,0.057147,-0.145592,MNE,MEX,7788
1880486,146,138,1313,2006.0,1246.0,0.0,0.349612,-0.233961,MNP,MEX,7788
1880487,151,138,1313,2006.0,0.0,2054.0,-0.214308,-0.140502,MUS,MEX,7788
1880488,153,138,1313,2006.0,29930880.0,10352530.0,0.9497270000000001,0.324179,MYS,MEX,7788
1880489,155,138,1313,2006.0,33927.0,0.0,-0.425389,-0.690279,NAM,MEX,7788
1880490,160,138,1313,2006.0,1440.0,236737.0,-0.9416120000000001,-0.888491,NIC,MEX,7788
1880491,162,138,1313,2006.0,627374.0,5612115.0,1.115718,1.4743680000000001,NLD,MEX,7788
1880492,163,138,1313,2006.0,101986.0,581164.0,0.621685,-0.280378,NOR,MEX,7788
1880493,164,138,1313,2006.0,8105.0,0.0,-0.0014349999999999999,0.804425,NPL,MEX,7788
1880494,166,138,1313,2006.0,293442.0,560950.0,0.40442100000000003,0.821033,NZL,MEX,7788
1880495,167,138,1313,2006.0,0.0,6287.0,-0.871816,-1.184985,OMN,MEX,7788
1880496,168,138,1313,2006.0,66361.0,0.0,-0.500494,0.334983,PAK,MEX,7788
1880497,169,138,1313,2006.0,606470.0,590992.0,0.511845,0.7560560000000001,PAN,MEX,7788
1880498,173,138,1313,2006.0,0.0,1567313.0,-0.523516,-0.15574100000000002,PER,MEX,7788
1880499,174,138,1313,2006.0,10035845.0,65916.0,0.32715,-0.15929200000000002,PHL,MEX,7788
1880500,177,138,1313,2006.0,464759.0,1596067.0,1.0576860000000001,1.283664,POL,MEX,7788
1880501,178,138,1313,2006.0,481384.0,105440.0,0.649384,1.069006,PRK,MEX,7788
1880502,179,138,1313,2006.0,2072776.0,53039.0,0.695569,1.7476200000000002,PRT,MEX,7788
1880503,180,138,1313,2006.0,0.0,2575.0,-0.49234399999999995,-0.547616,PRY,MEX,7788
1880504,183,138,1313,2006.0,0.0,100480.0,-0.467699,-1.062471,QAT,MEX,7788
1880505,185,138,1313,2006.0,16489.0,1879941.0,0.733232,1.2149,ROU,MEX,7788
1880506,186,138,1313,2006.0,34025.0,100374.0,0.311252,-0.093895,RUS,MEX,7788
1880507,188,138,1313,2006.0,42441.0,323209.0,-0.094152,-0.921106,SAU,MEX,7788
1880508,191,138,1313,2006.0,4941.0,0.0,-0.548758,-0.152572,SEN,MEX,7788
1880509,192,138,1313,2006.0,19473656.0,6439800.0,1.670134,0.43955600000000006,SGP,MEX,7788
1880510,197,138,1313,2006.0,4641901.0,932414.0,-0.127317,0.189904,SLV,MEX,7788
1880511,200,138,1313,2006.0,47490.0,0.0,-0.053702,-0.754733,SPM,MEX,7788
1880512,201,138,1313,2006.0,1234.0,73069.0,0.581078,1.5831600000000001,SRB,MEX,7788
1880513,205,138,1313,2006.0,1076.0,0.0,-0.703184,-1.0310979999999998,SUR,MEX,7788
1880514,206,138,1313,2006.0,184152.0,280660.0,1.3569950000000002,0.8663290000000001,SVK,MEX,7788
1880515,207,138,1313,2006.0,139506.0,75383.0,1.562187,0.612624,SVN,MEX,7788
1880516,208,138,1313,2006.0,1778162.0,78788.0,1.921461,0.478688,SWE,MEX,7788
1880517,209,138,1313,2006.0,23156.0,0.0,0.8177369999999999,0.302106,SWZ,MEX,7788
1880518,212,138,1313,2006.0,12023.0,0.0,-0.49903100000000006,0.362867,SYR,MEX,7788
1880519,213,138,1313,2006.0,36236.0,0.0,0.445758,0.01026,TCA,MEX,7788
1880520,216,138,1313,2006.0,8796713.0,6160789.0,0.73283,1.419023,THA,MEX,7788
1880521,222,138,1313,2006.0,0.0,10237.0,-0.346992,-1.03502,TTO,MEX,7788
1880522,223,138,1313,2006.0,29865.0,7907.0,0.140257,0.528918,TUN,MEX,7788
1880523,224,138,1313,2006.0,16676.0,1398463.0,0.41471,2.138217,TUR,MEX,7788
1880524,228,138,1313,2006.0,104486.0,46582.0,0.598325,1.225485,UKR,MEX,7788
1880525,230,138,1313,2006.0,23839.0,113938.0,0.047764999999999995,0.23831100000000002,URY,MEX,7788
1880526,231,138,1313,2006.0,1540469376.0,2036119296.0,1.616918,-0.429924,USA,MEX,7788
1880527,236,138,1313,2006.0,215072.0,5001164.0,-0.5559649999999999,-0.9988299999999999,VEN,MEX,7788
1880528,239,138,1313,2006.0,109088.0,0.0,-0.089404,0.986066,VNM,MEX,7788
1880529,243,138,1313,2006.0,1199.0,0.0,-1.070559,-1.1655389999999999,YEM,MEX,7788
1880530,246,138,1313,2006.0,236721.0,1344927.0,0.18317,1.675934,ZAF,MEX,7788
1880531,247,138,1313,2006.0,7293.0,0.0,-0.8819040000000001,-0.990542,ZMB,MEX,7788
1880532,249,138,1313,2006.0,117955312.0,12150157.0,1.6683169999999998,1.230621,TWN,MEX,7788
1880533,250,138,1313,2006.0,393439.0,2622.0,0.202525,-0.46324499999999996,ANS,MEX,7788
1880534,2,153,1313,2006.0,0.0,1364.0,-2.2010959999999997,-1.189215,AGO,MYS,7788
1880535,5,153,1313,2006.0,70599.0,0.0,0.986957,0.458078,AND,MYS,7788
1880536,7,153,1313,2006.0,11595.0,27198588.0,-0.12063900000000001,-0.817929,ARE,MYS,7788
1880537,8,153,1313,2006.0,16734.0,2207224.0,0.076917,1.06231,ARG,MYS,7788
1880538,14,153,1313,2006.0,4149505.0,6252844.0,-0.183265,0.564314,AUS,MYS,7788
1880539,15,153,1313,2006.0,6242467.0,2131348.0,1.772588,-0.008943000000000001,AUT,MYS,7788
1880540,16,153,1313,2006.0,0.0,8704.0,-0.949606,-1.099346,AZE,MYS,7788
1880541,18,153,1313,2006.0,933931.0,28018708.0,1.234224,1.308065,BEL,MYS,7788
1880542,19,153,1313,2006.0,0.0,1494.0,-1.093919,-0.9748319999999999,BEN,MYS,7788
1880543,22,153,1313,2006.0,0.0,534819.0,-0.776517,-0.874408,BGD,MYS,7788
1880544,23,153,1313,2006.0,4231.0,159736.0,0.490234,1.581841,BGR,MYS,7788
1880545,24,153,1313,2006.0,0.0,522033.0,-0.220239,-1.07936,BHR,MYS,7788
1880546,26,153,1313,2006.0,0.0,3172.0,0.543053,0.68971,BIH,MYS,7788
1880547,28,153,1313,2006.0,0.0,63516.0,0.948306,0.702786,BLR,MYS,7788
1880548,31,153,1313,2006.0,0.0,11340.0,-0.9174540000000001,-0.8314729999999999,BOL,MYS,7788
1880549,32,153,1313,2006.0,910434.0,7408475.0,0.622959,1.413527,BRA,MYS,7788
1880550,33,153,1313,2006.0,0.0,1103.0,0.689051,0.416818,BRB,MYS,7788
1880551,34,153,1313,2006.0,59033.0,133713.0,-0.933665,-0.929327,BRN,MYS,7788
1880552,39,153,1313,2006.0,2204092.0,9110404.0,0.806511,1.466573,CAN,MYS,7788
1880553,41,153,1313,2006.0,8683333.0,17255522.0,2.038668,0.46319,CHE,MYS,7788
1880554,42,153,1313,2006.0,3902.0,581788.0,-0.193151,-0.46637,CHL,MYS,7788
1880555,43,153,1313,2006.0,136835824.0,228008928.0,0.842242,1.7392740000000002,CHN,MYS,7788
1880556,44,153,1313,2006.0,52219.0,0.0,-0.9293,-0.853074,CIV,MYS,7788
1880557,45,153,1313,2006.0,1395.0,0.0,-1.570753,-1.22499,CMR,MYS,7788
1880558,49,153,1313,2006.0,0.0,23858.0,0.162228,0.550616,COL,MYS,7788
1880559,52,153,1313,2006.0,116142.0,80116.0,0.07128999999999999,-0.24274400000000002,CRI,MYS,7788
1880560,54,153,1313,2006.0,0.0,9301.0,0.207314,-0.473224,CUB,MYS,7788
1880561,58,153,1313,2006.0,0.0,37372.0,0.728916,0.023954,CYP,MYS,7788
1880562,59,153,1313,2006.0,3511816.0,5098572.0,1.6478549999999998,0.095131,CZE,MYS,7788
1880563,61,153,1313,2006.0,28980710.0,49960172.0,2.135679,-2.933329,DEU,MYS,7788
1880564,64,153,1313,2006.0,241844.0,2207546.0,1.25209,1.133206,DNK,MYS,7788
1880565,65,153,1313,2006.0,33868.0,61210.0,0.044542,0.178998,DOM,MYS,7788
1880566,66,153,1313,2006.0,0.0,58620.0,-1.079717,-1.153102,DZA,MYS,7788
1880567,67,153,1313,2006.0,4591.0,12000.0,-0.9617209999999999,-0.936366,ECU,MYS,7788
1880568,68,153,1313,2006.0,2184.0,119813.0,-0.305058,0.294265,EGY,MYS,7788
1880569,71,153,1313,2006.0,9079900.0,9263025.0,0.9909459999999999,1.785809,ESP,MYS,7788
1880570,72,153,1313,2006.0,106721.0,284077.0,0.737979,1.1881950000000001,EST,MYS,7788
1880571,74,153,1313,2006.0,658559.0,2651734.0,1.8630220000000002,0.87172,FIN,MYS,7788
1880572,75,153,1313,2006.0,0.0,2742.0,-0.527165,-0.17746900000000002,FJI,MYS,7788
1880573,77,153,1313,2006.0,12298689.0,16155246.0,1.499686,0.16705699999999998,FRA,MYS,7788
1880574,81,153,1313,2006.0,17517836.0,57512508.0,1.8509779999999998,0.674074,GBR,MYS,7788
1880575,83,153,1313,2006.0,0.0,7321.0,-0.9211739999999999,-0.738322,GHA,MYS,7788
1880576,90,153,1313,2006.0,12132.0,65381.0,0.183748,1.582167,GRC,MYS,7788
1880577,93,153,1313,2006.0,0.0,33108.0,-0.179628,0.671552,GTM,MYS,7788
1880578,95,153,1313,2006.0,0.0,2044.0,0.29584299999999997,-0.324191,GUM,MYS,7788
1880579,96,153,1313,2006.0,3932.0,7833.0,-0.637993,-0.880094,GUY,MYS,7788
1880580,97,153,1313,2006.0,128021704.0,183424608.0,0.63347,1.276634,HKG,MYS,7788
1880581,100,153,1313,2006.0,0.0,84202.0,0.866511,1.217552,HRV,MYS,7788
1880582,102,153,1313,2006.0,1598763.0,1782456.0,1.469539,0.8546090000000001,HUN,MYS,7788
1880583,103,153,1313,2006.0,24762212.0,22394542.0,0.0036969999999999998,1.703498,IDN,MYS,7788
1880584,104,153,1313,2006.0,1732608.0,12313002.0,0.202078,2.594677,IND,MYS,7788
1880585,106,153,1313,2006.0,884570.0,5538632.0,1.501322,0.161375,IRL,MYS,7788
1880586,107,153,1313,2006.0,134307.0,378048.0,-0.755814,-0.9279059999999999,IRN,MYS,7788
1880587,109,153,1313,2006.0,0.0,14745.0,0.06816699999999999,-0.36412,ISL,MYS,7788
1880588,110,153,1313,2006.0,73000.0,3683446.0,1.286738,0.8783610000000001,ISR,MYS,7788
1880589,111,153,1313,2006.0,4325898.0,8612688.0,1.416017,0.161859,ITA,MYS,7788
1880590,112,153,1313,2006.0,9281.0,27127.0,-0.280417,-0.9436829999999999,JAM,MYS,7788
1880591,113,153,1313,2006.0,5010.0,242829.0,0.31143899999999997,0.428361,JOR,MYS,7788
1880592,114,153,1313,2006.0,372180800.0,153408448.0,2.442213,-0.046222000000000006,JPN,MYS,7788
1880593,115,153,1313,2006.0,0.0,47009.0,-0.18694000000000002,-0.468758,KAZ,MYS,7788
1880594,116,153,1313,2006.0,76794.0,58923.0,-0.402762,0.89869,KEN,MYS,7788
1880595,118,153,1313,2006.0,2128.0,33131.0,-0.841936,-1.038648,KHM,MYS,7788
1880596,121,153,1313,2006.0,20307954.0,92229096.0,1.588589,0.799507,KOR,MYS,7788
1880597,122,153,1313,2006.0,0.0,1642809.0,-1.506818,-1.193717,KWT,MYS,7788
1880598,124,153,1313,2006.0,0.0,15878.0,0.450113,1.7365119999999998,LBN,MYS,7788
1880599,128,153,1313,2006.0,1789.0,60379.0,-0.37725,0.245153,LKA,MYS,7788
1880600,130,153,1313,2006.0,3997.0,24598.0,0.553669,1.252767,LTU,MYS,7788
1880601,131,153,1313,2006.0,6539.0,1929.0,1.285123,0.999081,LUX,MYS,7788
1880602,132,153,1313,2006.0,6542.0,7491.0,0.548453,1.027836,LVA,MYS,7788
1880603,133,153,1313,2006.0,0.0,1991.0,0.120923,-0.266158,MAC,MYS,7788
1880604,134,153,1313,2006.0,21303.0,1687927.0,-0.41821499999999995,0.175231,MAR,MYS,7788
1880605,137,153,1313,2006.0,0.0,53648.0,-0.21327600000000002,-0.8216959999999999,MDV,MYS,7788
1880606,138,153,1313,2006.0,10352530.0,29930880.0,1.2996729999999999,0.655941,MEX,MYS,7788
1880607,142,153,1313,2006.0,106819.0,15875.0,1.5366819999999999,0.301101,MLT,MYS,7788
1880608,143,153,1313,2006.0,0.0,8236.0,-1.203184,-1.081708,MMR,MYS,7788
1880609,144,153,1313,2006.0,0.0,7254.0,0.057147,-0.145592,MNE,MYS,7788
1880610,145,153,1313,2006.0,0.0,40871.0,-0.806932,-1.01265,MNG,MYS,7788
1880611,151,153,1313,2006.0,0.0,508236.0,-0.214308,-0.140502,MUS,MYS,7788
1880612,156,153,1313,2006.0,0.0,36214.0,-0.42703900000000006,-0.840608,NCL,MYS,7788
1880613,159,153,1313,2006.0,0.0,554128.0,-2.088278,-1.224464,NGA,MYS,7788
1880614,160,153,1313,2006.0,3099.0,0.0,-0.9416120000000001,-0.888491,NIC,MYS,7788
1880615,162,153,1313,2006.0,3979811.0,54434980.0,1.115718,1.4743680000000001,NLD,MYS,7788
1880616,163,153,1313,2006.0,207257.0,194132.0,0.621685,-0.280378,NOR,MYS,7788
1880617,166,153,1313,2006.0,924510.0,1494088.0,0.40442100000000003,0.821033,NZL,MYS,7788
1880618,167,153,1313,2006.0,0.0,27806.0,-0.871816,-1.184985,OMN,MYS,7788
1880619,168,153,1313,2006.0,0.0,639093.0,-0.500494,0.334983,PAK,MYS,7788
1880620,169,153,1313,2006.0,0.0,3502092.0,0.511845,0.7560560000000001,PAN,MYS,7788
1880621,173,153,1313,2006.0,0.0,439382.0,-0.523516,-0.15574100000000002,PER,MYS,7788
1880622,174,153,1313,2006.0,41654940.0,22728750.0,0.32715,-0.15929200000000002,PHL,MYS,7788
1880623,176,153,1313,2006.0,0.0,45100.0,-1.754684,-1.235725,PNG,MYS,7788
1880624,177,153,1313,2006.0,183058.0,1309471.0,1.0576860000000001,1.283664,POL,MYS,7788
1880625,178,153,1313,2006.0,153921.0,0.0,0.649384,1.069006,PRK,MYS,7788
1880626,179,153,1313,2006.0,4053898.0,1160735.0,0.695569,1.7476200000000002,PRT,MYS,7788
1880627,180,153,1313,2006.0,8690.0,57219.0,-0.49234399999999995,-0.547616,PRY,MYS,7788
1880628,182,153,1313,2006.0,0.0,16988.0,-0.2789,-0.847551,PYF,MYS,7788
1880629,183,153,1313,2006.0,12085.0,809382.0,-0.467699,-1.062471,QAT,MYS,7788
1880630,185,153,1313,2006.0,64904.0,319737.0,0.733232,1.2149,ROU,MYS,7788
1880631,186,153,1313,2006.0,222143.0,949185.0,0.311252,-0.093895,RUS,MYS,7788
1880632,188,153,1313,2006.0,4192.0,8128498.0,-0.094152,-0.921106,SAU,MYS,7788
1880633,190,153,1313,2006.0,8032.0,128781.0,-1.727355,-1.278714,SDN,MYS,7788
1880634,192,153,1313,2006.0,509759232.0,233130608.0,1.670134,0.43955600000000006,SGP,MYS,7788
1880635,196,153,1313,2006.0,20625.0,38769.0,0.23031999999999997,-0.114212,SLE,MYS,7788
1880636,197,153,1313,2006.0,383481.0,189285.0,-0.127317,0.189904,SLV,MYS,7788
1880637,201,153,1313,2006.0,0.0,45620.0,0.581078,1.5831600000000001,SRB,MYS,7788
1880638,206,153,1313,2006.0,61384.0,2719025.0,1.3569950000000002,0.8663290000000001,SVK,MYS,7788
1880639,207,153,1313,2006.0,164681.0,59216.0,1.562187,0.612624,SVN,MYS,7788
1880640,208,153,1313,2006.0,2609926.0,1315860.0,1.921461,0.478688,SWE,MYS,7788
1880641,209,153,1313,2006.0,748602.0,0.0,0.8177369999999999,0.302106,SWZ,MYS,7788
1880642,212,153,1313,2006.0,4172.0,1892.0,-0.49903100000000006,0.362867,SYR,MYS,7788
1880643,216,153,1313,2006.0,126178152.0,89279304.0,0.73283,1.419023,THA,MYS,7788
1880644,223,153,1313,2006.0,0.0,124267.0,0.140257,0.528918,TUN,MYS,7788
1880645,224,153,1313,2006.0,13012.0,6629153.0,0.41471,2.138217,TUR,MYS,7788
1880646,226,153,1313,2006.0,0.0,1291.0,-0.804761,0.6328729999999999,TZA,MYS,7788
1880647,227,153,1313,2006.0,0.0,10745.0,-0.789284,-0.161216,UGA,MYS,7788
1880648,228,153,1313,2006.0,24729.0,318777.0,0.598325,1.225485,UKR,MYS,7788
1880649,230,153,1313,2006.0,0.0,10266.0,0.047764999999999995,0.23831100000000002,URY,MYS,7788
1880650,231,153,1313,2006.0,257914992.0,130132960.0,1.616918,-0.429924,USA,MYS,7788
1880651,236,153,1313,2006.0,0.0,136710.0,-0.5559649999999999,-0.9988299999999999,VEN,MYS,7788
1880652,237,153,1313,2006.0,11150.0,0.0,0.937218,0.16353,VGB,MYS,7788
1880653,239,153,1313,2006.0,2175973.0,6508825.0,-0.089404,0.986066,VNM,MYS,7788
1880654,243,153,1313,2006.0,0.0,50412.0,-1.070559,-1.1655389999999999,YEM,MYS,7788
1880655,246,153,1313,2006.0,1096907.0,6668894.0,0.18317,1.675934,ZAF,MYS,7788
1880656,248,153,1313,2006.0,0.0,1097.0,-0.354477,-0.273037,ZWE,MYS,7788
1880657,249,153,1313,2006.0,132469168.0,53432932.0,1.6683169999999998,1.230621,TWN,MYS,7788
1880658,250,153,1313,2006.0,58967132.0,4507420.0,0.202525,-0.46324499999999996,ANS,MYS,7788
1880659,8,160,1313,2006.0,24450.0,0.0,0.076917,1.06231,ARG,NIC,7788
1880660,14,160,1313,2006.0,55363.0,0.0,-0.183265,0.564314,AUS,NIC,7788
1880661,15,160,1313,2006.0,94970.0,0.0,1.772588,-0.008943000000000001,AUT,NIC,7788
1880662,18,160,1313,2006.0,8490.0,0.0,1.234224,1.308065,BEL,NIC,7788
1880663,32,160,1313,2006.0,49002.0,0.0,0.622959,1.413527,BRA,NIC,7788
1880664,39,160,1313,2006.0,35165.0,0.0,0.806511,1.466573,CAN,NIC,7788
1880665,41,160,1313,2006.0,10680.0,0.0,2.038668,0.46319,CHE,NIC,7788
1880666,42,160,1313,2006.0,5934.0,0.0,-0.193151,-0.46637,CHL,NIC,7788
1880667,43,160,1313,2006.0,190945.0,1788.0,0.842242,1.7392740000000002,CHN,NIC,7788
1880668,49,160,1313,2006.0,1529.0,6440.0,0.162228,0.550616,COL,NIC,7788
1880669,52,160,1313,2006.0,294501.0,11483.0,0.07128999999999999,-0.24274400000000002,CRI,NIC,7788
1880670,54,160,1313,2006.0,11945.0,0.0,0.207314,-0.473224,CUB,NIC,7788
1880671,61,160,1313,2006.0,331644.0,24533.0,2.135679,-2.933329,DEU,NIC,7788
1880672,65,160,1313,2006.0,9099.0,0.0,0.044542,0.178998,DOM,NIC,7788
1880673,71,160,1313,2006.0,25663.0,0.0,0.9909459999999999,1.785809,ESP,NIC,7788
1880674,74,160,1313,2006.0,5716.0,0.0,1.8630220000000002,0.87172,FIN,NIC,7788
1880675,77,160,1313,2006.0,4419.0,0.0,1.499686,0.16705699999999998,FRA,NIC,7788
1880676,81,160,1313,2006.0,29771.0,6070.0,1.8509779999999998,0.674074,GBR,NIC,7788
1880677,93,160,1313,2006.0,8864.0,1658.0,-0.179628,0.671552,GTM,NIC,7788
1880678,97,160,1313,2006.0,24758.0,4279.0,0.63347,1.276634,HKG,NIC,7788
1880679,99,160,1313,2006.0,33176.0,0.0,-0.520217,-0.41097399999999995,HND,NIC,7788
1880680,102,160,1313,2006.0,2727.0,0.0,1.469539,0.8546090000000001,HUN,NIC,7788
1880681,103,160,1313,2006.0,14167.0,0.0,0.0036969999999999998,1.703498,IDN,NIC,7788
1880682,104,160,1313,2006.0,5906.0,0.0,0.202078,2.594677,IND,NIC,7788
1880683,110,160,1313,2006.0,16828.0,0.0,1.286738,0.8783610000000001,ISR,NIC,7788
1880684,111,160,1313,2006.0,37382.0,0.0,1.416017,0.161859,ITA,NIC,7788
1880685,114,160,1313,2006.0,28727.0,0.0,2.442213,-0.046222000000000006,JPN,NIC,7788
1880686,121,160,1313,2006.0,39695.0,0.0,1.588589,0.799507,KOR,NIC,7788
1880687,138,160,1313,2006.0,236737.0,1440.0,1.2996729999999999,0.655941,MEX,NIC,7788
1880688,153,160,1313,2006.0,0.0,3099.0,0.9497270000000001,0.324179,MYS,NIC,7788
1880689,166,160,1313,2006.0,2729.0,0.0,0.40442100000000003,0.821033,NZL,NIC,7788
1880690,169,160,1313,2006.0,24421.0,0.0,0.511845,0.7560560000000001,PAN,NIC,7788
1880691,173,160,1313,2006.0,2440.0,0.0,-0.523516,-0.15574100000000002,PER,NIC,7788
1880692,186,160,1313,2006.0,6539.0,0.0,0.311252,-0.093895,RUS,NIC,7788
1880693,197,160,1313,2006.0,13303.0,0.0,-0.127317,0.189904,SLV,NIC,7788
1880694,208,160,1313,2006.0,0.0,3741.0,1.921461,0.478688,SWE,NIC,7788
1880695,231,160,1313,2006.0,1372279.0,88977.0,1.616918,-0.429924,USA,NIC,7788
1880696,236,160,1313,2006.0,0.0,5006.0,-0.5559649999999999,-0.9988299999999999,VEN,NIC,7788
1880697,246,160,1313,2006.0,1187.0,0.0,0.18317,1.675934,ZAF,NIC,7788
1880698,249,160,1313,2006.0,44855.0,0.0,1.6683169999999998,1.230621,TWN,NIC,7788
1880699,0,162,1313,2006.0,8794.0,60303.0,-0.353579,-0.852273,ABW,NLD,7788
1880700,1,162,1313,2006.0,0.0,1256.0,-0.906723,-0.6810039999999999,AFG,NLD,7788
1880701,2,162,1313,2006.0,0.0,11307.0,-2.2010959999999997,-1.189215,AGO,NLD,7788
1880702,4,162,1313,2006.0,0.0,59388.0,-0.310731,-0.01222,ALB,NLD,7788
1880703,5,162,1313,2006.0,58557.0,37949.0,0.986957,0.458078,AND,NLD,7788
1880704,6,162,1313,2006.0,5130.0,1162710.0,0.0063100000000000005,-0.61161,ANT,NLD,7788
1880705,7,162,1313,2006.0,244619.0,7467608.0,-0.12063900000000001,-0.817929,ARE,NLD,7788
1880706,8,162,1313,2006.0,15758.0,289474.0,0.076917,1.06231,ARG,NLD,7788
1880707,9,162,1313,2006.0,0.0,33925.0,-0.044726999999999996,-0.486043,ARM,NLD,7788
1880708,13,162,1313,2006.0,0.0,22314.0,-0.49273500000000003,-0.92522,ATG,NLD,7788
1880709,14,162,1313,2006.0,5060008.0,2863318.0,-0.183265,0.564314,AUS,NLD,7788
1880710,15,162,1313,2006.0,18485512.0,16125320.0,1.772588,-0.008943000000000001,AUT,NLD,7788
1880711,16,162,1313,2006.0,0.0,465088.0,-0.949606,-1.099346,AZE,NLD,7788
1880712,17,162,1313,2006.0,0.0,77010.0,-0.139211,-0.558193,BDI,NLD,7788
1880713,18,162,1313,2006.0,87616392.0,94755264.0,1.234224,1.308065,BEL,NLD,7788
1880714,19,162,1313,2006.0,0.0,14755.0,-1.093919,-0.9748319999999999,BEN,NLD,7788
1880715,21,162,1313,2006.0,13348.0,7538.0,-0.81399,-0.972464,BFA,NLD,7788
1880716,22,162,1313,2006.0,0.0,70717.0,-0.776517,-0.874408,BGD,NLD,7788
1880717,23,162,1313,2006.0,73585.0,2165639.0,0.490234,1.581841,BGR,NLD,7788
1880718,24,162,1313,2006.0,0.0,550427.0,-0.220239,-1.07936,BHR,NLD,7788
1880719,25,162,1313,2006.0,0.0,3683.0,0.23525900000000002,-0.725657,BHS,NLD,7788
1880720,26,162,1313,2006.0,7014.0,237667.0,0.543053,0.68971,BIH,NLD,7788
1880721,28,162,1313,2006.0,0.0,429917.0,0.948306,0.702786,BLR,NLD,7788
1880722,29,162,1313,2006.0,0.0,6856.0,-0.275783,-0.6653439999999999,BLZ,NLD,7788
1880723,30,162,1313,2006.0,0.0,20101.0,-0.14324,-0.814511,BMU,NLD,7788
1880724,32,162,1313,2006.0,1437102.0,2205081.0,0.622959,1.413527,BRA,NLD,7788
1880725,33,162,1313,2006.0,1773.0,3375.0,0.689051,0.416818,BRB,NLD,7788
1880726,34,162,1313,2006.0,0.0,7330.0,-0.933665,-0.929327,BRN,NLD,7788
1880727,36,162,1313,2006.0,1085.0,0.0,0.96762,-0.6537569999999999,BVT,NLD,7788
1880728,37,162,1313,2006.0,0.0,2070.0,-0.958566,-1.202559,BWA,NLD,7788
1880729,38,162,1313,2006.0,0.0,8737.0,-0.444701,-0.774726,CAF,NLD,7788
1880730,39,162,1313,2006.0,8456189.0,2779388.0,0.806511,1.466573,CAN,NLD,7788
1880731,40,162,1313,2006.0,0.0,3769.0,1.7676450000000001,0.344057,CCK,NLD,7788
1880732,41,162,1313,2006.0,8131887.0,19378474.0,2.038668,0.46319,CHE,NLD,7788
1880733,42,162,1313,2006.0,215594.0,385794.0,-0.193151,-0.46637,CHL,NLD,7788
1880734,43,162,1313,2006.0,206446016.0,22532146.0,0.842242,1.7392740000000002,CHN,NLD,7788
1880735,44,162,1313,2006.0,228089.0,259486.0,-0.9293,-0.853074,CIV,NLD,7788
1880736,45,162,1313,2006.0,0.0,43037.0,-1.570753,-1.22499,CMR,NLD,7788
1880737,47,162,1313,2006.0,0.0,13820.0,-1.8919540000000001,-1.272166,COG,NLD,7788
1880738,49,162,1313,2006.0,0.0,528685.0,0.162228,0.550616,COL,NLD,7788
1880739,51,162,1313,2006.0,0.0,4643.0,0.402348,-0.355768,CPV,NLD,7788
1880740,52,162,1313,2006.0,1326817.0,194724.0,0.07128999999999999,-0.24274400000000002,CRI,NLD,7788
1880741,54,162,1313,2006.0,0.0,174949.0,0.207314,-0.473224,CUB,NLD,7788
1880742,57,162,1313,2006.0,0.0,18845.0,0.5082720000000001,-0.674142,CYM,NLD,7788
1880743,58,162,1313,2006.0,36846.0,529572.0,0.728916,0.023954,CYP,NLD,7788
1880744,59,162,1313,2006.0,19323502.0,23901798.0,1.6478549999999998,0.095131,CZE,NLD,7788
1880745,61,162,1313,2006.0,292958688.0,320079232.0,2.135679,-2.933329,DEU,NLD,7788
1880746,64,162,1313,2006.0,9705401.0,25582788.0,1.25209,1.133206,DNK,NLD,7788
1880747,65,162,1313,2006.0,903296.0,23601.0,0.044542,0.178998,DOM,NLD,7788
1880748,66,162,1313,2006.0,1212.0,159038.0,-1.079717,-1.153102,DZA,NLD,7788
1880749,67,162,1313,2006.0,2328.0,108099.0,-0.9617209999999999,-0.936366,ECU,NLD,7788
1880750,68,162,1313,2006.0,25041.0,1882943.0,-0.305058,0.294265,EGY,NLD,7788
1880751,71,162,1313,2006.0,10159273.0,87641992.0,0.9909459999999999,1.785809,ESP,NLD,7788
1880752,72,162,1313,2006.0,461711.0,6000865.0,0.737979,1.1881950000000001,EST,NLD,7788
1880753,73,162,1313,2006.0,3946.0,22187.0,-1.129189,-0.953627,ETH,NLD,7788
1880754,74,162,1313,2006.0,11177582.0,34998616.0,1.8630220000000002,0.87172,FIN,NLD,7788
1880755,77,162,1313,2006.0,47042940.0,158938048.0,1.499686,0.16705699999999998,FRA,NLD,7788
1880756,78,162,1313,2006.0,0.0,43536.0,-0.111228,-0.776069,FRO,NLD,7788
1880757,80,162,1313,2006.0,0.0,84405.0,-1.2162620000000002,-1.141485,GAB,NLD,7788
1880758,81,162,1313,2006.0,141433744.0,203711488.0,1.8509779999999998,0.674074,GBR,NLD,7788
1880759,82,162,1313,2006.0,3201.0,149320.0,-0.152929,-0.438435,GEO,NLD,7788
1880760,83,162,1313,2006.0,0.0,334157.0,-0.9211739999999999,-0.738322,GHA,NLD,7788
1880761,84,162,1313,2006.0,0.0,17589.0,0.519846,-0.43742600000000004,GIB,NLD,7788
1880762,85,162,1313,2006.0,0.0,6073.0,-1.526825,-1.191811,GIN,NLD,7788
1880763,87,162,1313,2006.0,0.0,34054.0,-0.234454,-0.43427899999999997,GMB,NLD,7788
1880764,89,162,1313,2006.0,2179.0,1256.0,-2.448721,-0.949732,GNQ,NLD,7788
1880765,90,162,1313,2006.0,1811812.0,10612208.0,0.183748,1.582167,GRC,NLD,7788
1880766,91,162,1313,2006.0,3847.0,0.0,0.174862,-0.27636700000000003,GRD,NLD,7788
1880767,92,162,1313,2006.0,0.0,16173.0,-0.744987,-0.9686020000000001,GRL,NLD,7788
1880768,93,162,1313,2006.0,0.0,32527.0,-0.179628,0.671552,GTM,NLD,7788
1880769,96,162,1313,2006.0,0.0,2734.0,-0.637993,-0.880094,GUY,NLD,7788
1880770,97,162,1313,2006.0,38611756.0,6567872.0,0.63347,1.276634,HKG,NLD,7788
1880771,99,162,1313,2006.0,0.0,19698.0,-0.520217,-0.41097399999999995,HND,NLD,7788
1880772,100,162,1313,2006.0,173322.0,2751783.0,0.866511,1.217552,HRV,NLD,7788
1880773,102,162,1313,2006.0,7464601.0,65354056.0,1.469539,0.8546090000000001,HUN,NLD,7788
1880774,103,162,1313,2006.0,3152320.0,1564059.0,0.0036969999999999998,1.703498,IDN,NLD,7788
1880775,104,162,1313,2006.0,12131346.0,2278744.0,0.202078,2.594677,IND,NLD,7788
1880776,106,162,1313,2006.0,98156024.0,16873926.0,1.501322,0.161375,IRL,NLD,7788
1880777,107,162,1313,2006.0,31980.0,1420572.0,-0.755814,-0.9279059999999999,IRN,NLD,7788
1880778,108,162,1313,2006.0,30564.0,136941.0,-2.3271330000000003,-0.992934,IRQ,NLD,7788
1880779,109,162,1313,2006.0,86637.0,114795760.0,0.06816699999999999,-0.36412,ISL,NLD,7788
1880780,110,162,1313,2006.0,9517950.0,8207992.0,1.286738,0.8783610000000001,ISR,NLD,7788
1880781,111,162,1313,2006.0,29329366.0,122159328.0,1.416017,0.161859,ITA,NLD,7788
1880782,112,162,1313,2006.0,0.0,1214.0,-0.280417,-0.9436829999999999,JAM,NLD,7788
1880783,113,162,1313,2006.0,12535.0,869318.0,0.31143899999999997,0.428361,JOR,NLD,7788
1880784,114,162,1313,2006.0,236484576.0,20300062.0,2.442213,-0.046222000000000006,JPN,NLD,7788
1880785,115,162,1313,2006.0,17238.0,1981287.0,-0.18694000000000002,-0.468758,KAZ,NLD,7788
1880786,116,162,1313,2006.0,0.0,313552.0,-0.402762,0.89869,KEN,NLD,7788
1880787,117,162,1313,2006.0,0.0,246460.0,-0.091973,0.331995,KGZ,NLD,7788
1880788,118,162,1313,2006.0,0.0,2589.0,-0.841936,-1.038648,KHM,NLD,7788
1880789,120,162,1313,2006.0,0.0,41347.0,1.3110979999999999,-0.061185,KNA,NLD,7788
1880790,121,162,1313,2006.0,15303572.0,6074503.0,1.588589,0.799507,KOR,NLD,7788
1880791,122,162,1313,2006.0,5196.0,971251.0,-1.506818,-1.193717,KWT,NLD,7788
1880792,124,162,1313,2006.0,4438.0,1027633.0,0.450113,1.7365119999999998,LBN,NLD,7788
1880793,126,162,1313,2006.0,0.0,42714.0,-0.7543529999999999,-1.123674,LBY,NLD,7788
1880794,127,162,1313,2006.0,0.0,29793.0,0.990517,-0.100522,LCA,NLD,7788
1880795,128,162,1313,2006.0,0.0,3477664.0,-0.37725,0.245153,LKA,NLD,7788
1880796,130,162,1313,2006.0,77139.0,3724565.0,0.553669,1.252767,LTU,NLD,7788
1880797,131,162,1313,2006.0,421399.0,4467144.0,1.285123,0.999081,LUX,NLD,7788
1880798,132,162,1313,2006.0,27461.0,5323111.0,0.548453,1.027836,LVA,NLD,7788
1880799,133,162,1313,2006.0,2584466.0,23388.0,0.120923,-0.266158,MAC,NLD,7788
1880800,134,162,1313,2006.0,45172.0,2366455.0,-0.41821499999999995,0.175231,MAR,NLD,7788
1880801,135,162,1313,2006.0,0.0,17641.0,0.043632,0.21129299999999998,MDA,NLD,7788
1880802,136,162,1313,2006.0,0.0,4632.0,-0.772571,-0.521647,MDG,NLD,7788
1880803,137,162,1313,2006.0,0.0,3291.0,-0.21327600000000002,-0.8216959999999999,MDV,NLD,7788
1880804,138,162,1313,2006.0,5612115.0,627374.0,1.2996729999999999,0.655941,MEX,NLD,7788
1880805,140,162,1313,2006.0,2036.0,214204.0,-0.098526,0.423279,MKD,NLD,7788
1880806,141,162,1313,2006.0,0.0,2104.0,-0.588006,-0.687707,MLI,NLD,7788
1880807,142,162,1313,2006.0,29974.0,2653244.0,1.5366819999999999,0.301101,MLT,NLD,7788
1880808,144,162,1313,2006.0,6131.0,981500.0,0.057147,-0.145592,MNE,NLD,7788
1880809,145,162,1313,2006.0,0.0,2569.0,-0.806932,-1.01265,MNG,NLD,7788
1880810,146,162,1313,2006.0,0.0,1256.0,0.349612,-0.233961,MNP,NLD,7788
1880811,147,162,1313,2006.0,0.0,2785.0,-1.199074,-1.031059,MOZ,NLD,7788
1880812,148,162,1313,2006.0,0.0,21081.0,-1.729545,-1.284734,MRT,NLD,7788
1880813,151,162,1313,2006.0,16852.0,112060.0,-0.214308,-0.140502,MUS,NLD,7788
1880814,153,162,1313,2006.0,54434980.0,3979811.0,0.9497270000000001,0.324179,MYS,NLD,7788
1880815,155,162,1313,2006.0,7811.0,12417.0,-0.425389,-0.690279,NAM,NLD,7788
1880816,156,162,1313,2006.0,0.0,7424.0,-0.42703900000000006,-0.840608,NCL,NLD,7788
1880817,157,162,1313,2006.0,0.0,6064.0,-0.52447,-0.641225,NER,NLD,7788
1880818,159,162,1313,2006.0,22819.0,820238.0,-2.088278,-1.224464,NGA,NLD,7788
1880819,163,162,1313,2006.0,5683794.0,172971936.0,0.621685,-0.280378,NOR,NLD,7788
1880820,166,162,1313,2006.0,3884520.0,749239.0,0.40442100000000003,0.821033,NZL,NLD,7788
1880821,167,162,1313,2006.0,0.0,248350.0,-0.871816,-1.184985,OMN,NLD,7788
1880822,168,162,1313,2006.0,1114.0,351338.0,-0.500494,0.334983,PAK,NLD,7788
1880823,169,162,1313,2006.0,0.0,22364.0,0.511845,0.7560560000000001,PAN,NLD,7788
1880824,173,162,1313,2006.0,34613.0,23198.0,-0.523516,-0.15574100000000002,PER,NLD,7788
1880825,174,162,1313,2006.0,22303708.0,5350693.0,0.32715,-0.15929200000000002,PHL,NLD,7788
1880826,176,162,1313,2006.0,42212.0,43972.0,-1.754684,-1.235725,PNG,NLD,7788
1880827,177,162,1313,2006.0,20113996.0,34004132.0,1.0576860000000001,1.283664,POL,NLD,7788
1880828,178,162,1313,2006.0,0.0,212322.0,0.649384,1.069006,PRK,NLD,7788
1880829,179,162,1313,2006.0,14071562.0,14770756.0,0.695569,1.7476200000000002,PRT,NLD,7788
1880830,180,162,1313,2006.0,0.0,7714.0,-0.49234399999999995,-0.547616,PRY,NLD,7788
1880831,181,162,1313,2006.0,0.0,1256.0,-0.043153,-0.421504,PSE,NLD,7788
1880832,182,162,1313,2006.0,0.0,10044.0,-0.2789,-0.847551,PYF,NLD,7788
1880833,183,162,1313,2006.0,46958.0,1630376.0,-0.467699,-1.062471,QAT,NLD,7788
1880834,185,162,1313,2006.0,195577.0,6596682.0,0.733232,1.2149,ROU,NLD,7788
1880835,186,162,1313,2006.0,760459.0,36446760.0,0.311252,-0.093895,RUS,NLD,7788
1880836,187,162,1313,2006.0,0.0,5520.0,0.190864,-0.346779,RWA,NLD,7788
1880837,188,162,1313,2006.0,206144.0,8817914.0,-0.094152,-0.921106,SAU,NLD,7788
1880838,190,162,1313,2006.0,40678.0,283804.0,-1.727355,-1.278714,SDN,NLD,7788
1880839,191,162,1313,2006.0,0.0,34609.0,-0.548758,-0.152572,SEN,NLD,7788
1880840,192,162,1313,2006.0,19063108.0,12118839.0,1.670134,0.43955600000000006,SGP,NLD,7788
1880841,194,162,1313,2006.0,0.0,7538.0,1.622882,0.310727,SHN,NLD,7788
1880842,197,162,1313,2006.0,6845.0,66762.0,-0.127317,0.189904,SLV,NLD,7788
1880843,198,162,1313,2006.0,0.0,15076.0,1.259491,0.47043999999999997,SMR,NLD,7788
1880844,201,162,1313,2006.0,0.0,103569.0,0.581078,1.5831600000000001,SRB,NLD,7788
1880845,205,162,1313,2006.0,25202.0,68878.0,-0.703184,-1.0310979999999998,SUR,NLD,7788
1880846,206,162,1313,2006.0,47615.0,7350885.0,1.3569950000000002,0.8663290000000001,SVK,NLD,7788
1880847,207,162,1313,2006.0,412673.0,1728494.0,1.562187,0.612624,SVN,NLD,7788
1880848,208,162,1313,2006.0,15786057.0,36784216.0,1.921461,0.478688,SWE,NLD,7788
1880849,209,162,1313,2006.0,0.0,1244.0,0.8177369999999999,0.302106,SWZ,NLD,7788
1880850,211,162,1313,2006.0,0.0,103548.0,-0.45782,-0.822773,SYC,NLD,7788
1880851,212,162,1313,2006.0,3188.0,108271.0,-0.49903100000000006,0.362867,SYR,NLD,7788
1880852,214,162,1313,2006.0,0.0,7538.0,-2.842809,-0.9798959999999999,TCD,NLD,7788
1880853,215,162,1313,2006.0,0.0,6282.0,-0.81795,-0.567823,TGO,NLD,7788
1880854,216,162,1313,2006.0,17941762.0,2810974.0,0.73283,1.419023,THA,NLD,7788
1880855,219,162,1313,2006.0,0.0,155785.0,-1.014047,-1.1895149999999999,TKM,NLD,7788
1880856,222,162,1313,2006.0,2428.0,60356.0,-0.346992,-1.03502,TTO,NLD,7788
1880857,223,162,1313,2006.0,178655.0,213880.0,0.140257,0.528918,TUN,NLD,7788
1880858,224,162,1313,2006.0,1049877.0,33577400.0,0.41471,2.138217,TUR,NLD,7788
1880859,226,162,1313,2006.0,0.0,29425.0,-0.804761,0.6328729999999999,TZA,NLD,7788
1880860,227,162,1313,2006.0,0.0,273425.0,-0.789284,-0.161216,UGA,NLD,7788
1880861,228,162,1313,2006.0,827762.0,4529176.0,0.598325,1.225485,UKR,NLD,7788
1880862,230,162,1313,2006.0,0.0,25564.0,0.047764999999999995,0.23831100000000002,URY,NLD,7788
1880863,231,162,1313,2006.0,283148064.0,52618556.0,1.616918,-0.429924,USA,NLD,7788
1880864,232,162,1313,2006.0,0.0,26383.0,-0.508594,-0.7682720000000001,UZB,NLD,7788
1880865,236,162,1313,2006.0,2318.0,135887.0,-0.5559649999999999,-0.9988299999999999,VEN,NLD,7788
1880866,237,162,1313,2006.0,0.0,3769.0,0.937218,0.16353,VGB,NLD,7788
1880867,239,162,1313,2006.0,1588775.0,139217.0,-0.089404,0.986066,VNM,NLD,7788
1880868,243,162,1313,2006.0,0.0,102575.0,-1.070559,-1.1655389999999999,YEM,NLD,7788
1880869,246,162,1313,2006.0,947175.0,10684731.0,0.18317,1.675934,ZAF,NLD,7788
1880870,247,162,1313,2006.0,0.0,24106.0,-0.8819040000000001,-0.990542,ZMB,NLD,7788
1880871,248,162,1313,2006.0,0.0,52280.0,-0.354477,-0.273037,ZWE,NLD,7788
1880872,249,162,1313,2006.0,159391872.0,23528482.0,1.6683169999999998,1.230621,TWN,NLD,7788
1880873,250,162,1313,2006.0,104796.0,871629.0,0.202525,-0.46324499999999996,ANS,NLD,7788
1880874,6,166,1313,2006.0,0.0,16745.0,0.0063100000000000005,-0.61161,ANT,NZL,7788
1880875,7,166,1313,2006.0,0.0,149772.0,-0.12063900000000001,-0.817929,ARE,NZL,7788
1880876,8,166,1313,2006.0,2544.0,5426.0,0.076917,1.06231,ARG,NZL,7788
1880877,10,166,1313,2006.0,0.0,18778.0,0.6149600000000001,-0.467811,ASM,NZL,7788
1880878,14,166,1313,2006.0,26584450.0,21150734.0,-0.183265,0.564314,AUS,NZL,7788
1880879,15,166,1313,2006.0,129605.0,43578.0,1.772588,-0.008943000000000001,AUT,NZL,7788
1880880,18,166,1313,2006.0,500243.0,32476.0,1.234224,1.308065,BEL,NZL,7788
1880881,23,166,1313,2006.0,14971.0,3643.0,0.490234,1.581841,BGR,NZL,7788
1880882,24,166,1313,2006.0,0.0,72366.0,-0.220239,-1.07936,BHR,NZL,7788
1880883,31,166,1313,2006.0,0.0,1135.0,-0.9174540000000001,-0.8314729999999999,BOL,NZL,7788
1880884,32,166,1313,2006.0,11110.0,200830.0,0.622959,1.413527,BRA,NZL,7788
1880885,34,166,1313,2006.0,0.0,23919.0,-0.933665,-0.929327,BRN,NZL,7788
1880886,39,166,1313,2006.0,3029704.0,1573816.0,0.806511,1.466573,CAN,NZL,7788
1880887,41,166,1313,2006.0,1135122.0,314518.0,2.038668,0.46319,CHE,NZL,7788
1880888,42,166,1313,2006.0,1426.0,473858.0,-0.193151,-0.46637,CHL,NZL,7788
1880889,43,166,1313,2006.0,5842285.0,897554.0,0.842242,1.7392740000000002,CHN,NZL,7788
1880890,48,166,1313,2006.0,0.0,112514.0,0.939005,-0.057276,COK,NZL,7788
1880891,49,166,1313,2006.0,0.0,623831.0,0.162228,0.550616,COL,NZL,7788
1880892,52,166,1313,2006.0,0.0,14906.0,0.07128999999999999,-0.24274400000000002,CRI,NZL,7788
1880893,54,166,1313,2006.0,0.0,3309.0,0.207314,-0.473224,CUB,NZL,7788
1880894,59,166,1313,2006.0,157293.0,59344.0,1.6478549999999998,0.095131,CZE,NZL,7788
1880895,61,166,1313,2006.0,4389298.0,1397786.0,2.135679,-2.933329,DEU,NZL,7788
1880896,64,166,1313,2006.0,394085.0,260611.0,1.25209,1.133206,DNK,NZL,7788
1880897,65,166,1313,2006.0,22265.0,0.0,0.044542,0.178998,DOM,NZL,7788
1880898,67,166,1313,2006.0,0.0,90595.0,-0.9617209999999999,-0.936366,ECU,NZL,7788
1880899,68,166,1313,2006.0,0.0,26975.0,-0.305058,0.294265,EGY,NZL,7788
1880900,71,166,1313,2006.0,93451.0,180121.0,0.9909459999999999,1.785809,ESP,NZL,7788
1880901,72,166,1313,2006.0,7024.0,147435.0,0.737979,1.1881950000000001,EST,NZL,7788
1880902,74,166,1313,2006.0,408423.0,53418.0,1.8630220000000002,0.87172,FIN,NZL,7788
1880903,75,166,1313,2006.0,11192.0,846030.0,-0.527165,-0.17746900000000002,FJI,NZL,7788
1880904,76,166,1313,2006.0,0.0,1291.0,-0.24481799999999998,-0.882251,FLK,NZL,7788
1880905,77,166,1313,2006.0,3084260.0,397034.0,1.499686,0.16705699999999998,FRA,NZL,7788
1880906,78,166,1313,2006.0,0.0,2248.0,-0.111228,-0.776069,FRO,NZL,7788
1880907,81,166,1313,2006.0,4880686.0,4579736.0,1.8509779999999998,0.674074,GBR,NZL,7788
1880908,83,166,1313,2006.0,0.0,14487.0,-0.9211739999999999,-0.738322,GHA,NZL,7788
1880909,87,166,1313,2006.0,0.0,9318.0,-0.234454,-0.43427899999999997,GMB,NZL,7788
1880910,90,166,1313,2006.0,0.0,53882.0,0.183748,1.582167,GRC,NZL,7788
1880911,93,166,1313,2006.0,0.0,1368.0,-0.179628,0.671552,GTM,NZL,7788
1880912,95,166,1313,2006.0,0.0,9902.0,0.29584299999999997,-0.324191,GUM,NZL,7788
1880913,97,166,1313,2006.0,3685562.0,1879991.0,0.63347,1.276634,HKG,NZL,7788
1880914,100,166,1313,2006.0,0.0,4265.0,0.866511,1.217552,HRV,NZL,7788
1880915,102,166,1313,2006.0,22899.0,64822.0,1.469539,0.8546090000000001,HUN,NZL,7788
1880916,103,166,1313,2006.0,96311.0,150318.0,0.0036969999999999998,1.703498,IDN,NZL,7788
1880917,104,166,1313,2006.0,348312.0,188727.0,0.202078,2.594677,IND,NZL,7788
1880918,106,166,1313,2006.0,1151945.0,820136.0,1.501322,0.161375,IRL,NZL,7788
1880919,107,166,1313,2006.0,0.0,30166.0,-0.755814,-0.9279059999999999,IRN,NZL,7788
1880920,109,166,1313,2006.0,6921.0,17725.0,0.06816699999999999,-0.36412,ISL,NZL,7788
1880921,110,166,1313,2006.0,721375.0,171889.0,1.286738,0.8783610000000001,ISR,NZL,7788
1880922,111,166,1313,2006.0,909720.0,200698.0,1.416017,0.161859,ITA,NZL,7788
1880923,113,166,1313,2006.0,0.0,4977.0,0.31143899999999997,0.428361,JOR,NZL,7788
1880924,114,166,1313,2006.0,6489964.0,16321037.0,2.442213,-0.046222000000000006,JPN,NZL,7788
1880925,116,166,1313,2006.0,0.0,47995.0,-0.402762,0.89869,KEN,NZL,7788
1880926,121,166,1313,2006.0,228627.0,211973.0,1.588589,0.799507,KOR,NZL,7788
1880927,122,166,1313,2006.0,27403.0,3813.0,-1.506818,-1.193717,KWT,NZL,7788
1880928,124,166,1313,2006.0,0.0,3881.0,0.450113,1.7365119999999998,LBN,NZL,7788
1880929,126,166,1313,2006.0,0.0,3074.0,-0.7543529999999999,-1.123674,LBY,NZL,7788
1880930,128,166,1313,2006.0,0.0,28471.0,-0.37725,0.245153,LKA,NZL,7788
1880931,130,166,1313,2006.0,0.0,1531.0,0.553669,1.252767,LTU,NZL,7788
1880932,131,166,1313,2006.0,11424.0,0.0,1.285123,0.999081,LUX,NZL,7788
1880933,133,166,1313,2006.0,9067.0,0.0,0.120923,-0.266158,MAC,NZL,7788
1880934,134,166,1313,2006.0,2041.0,0.0,-0.41821499999999995,0.175231,MAR,NZL,7788
1880935,138,166,1313,2006.0,560950.0,293442.0,1.2996729999999999,0.655941,MEX,NZL,7788
1880936,142,166,1313,2006.0,0.0,6892.0,1.5366819999999999,0.301101,MLT,NZL,7788
1880937,144,166,1313,2006.0,0.0,46525.0,0.057147,-0.145592,MNE,NZL,7788
1880938,145,166,1313,2006.0,0.0,2298.0,-0.806932,-1.01265,MNG,NZL,7788
1880939,151,166,1313,2006.0,0.0,17756.0,-0.214308,-0.140502,MUS,NZL,7788
1880940,152,166,1313,2006.0,0.0,1897.0,-0.822168,-0.8834860000000001,MWI,NZL,7788
1880941,153,166,1313,2006.0,1494088.0,924510.0,0.9497270000000001,0.324179,MYS,NZL,7788
1880942,156,166,1313,2006.0,3010.0,40977.0,-0.42703900000000006,-0.840608,NCL,NZL,7788
1880943,158,166,1313,2006.0,0.0,1422.0,1.094697,-0.420333,NFK,NZL,7788
1880944,160,166,1313,2006.0,0.0,2729.0,-0.9416120000000001,-0.888491,NIC,NZL,7788
1880945,161,166,1313,2006.0,0.0,4628.0,1.184747,-0.013041,NIU,NZL,7788
1880946,162,166,1313,2006.0,749239.0,3884520.0,1.115718,1.4743680000000001,NLD,NZL,7788
1880947,163,166,1313,2006.0,149792.0,18635.0,0.621685,-0.280378,NOR,NZL,7788
1880948,167,166,1313,2006.0,0.0,12839.0,-0.871816,-1.184985,OMN,NZL,7788
1880949,168,166,1313,2006.0,0.0,30590.0,-0.500494,0.334983,PAK,NZL,7788
1880950,169,166,1313,2006.0,0.0,11859.0,0.511845,0.7560560000000001,PAN,NZL,7788
1880951,173,166,1313,2006.0,0.0,20588.0,-0.523516,-0.15574100000000002,PER,NZL,7788
1880952,174,166,1313,2006.0,114762.0,62553.0,0.32715,-0.15929200000000002,PHL,NZL,7788
1880953,176,166,1313,2006.0,0.0,26578.0,-1.754684,-1.235725,PNG,NZL,7788
1880954,177,166,1313,2006.0,3410.0,2677.0,1.0576860000000001,1.283664,POL,NZL,7788
1880955,179,166,1313,2006.0,52432.0,42220.0,0.695569,1.7476200000000002,PRT,NZL,7788
1880956,180,166,1313,2006.0,0.0,8815.0,-0.49234399999999995,-0.547616,PRY,NZL,7788
1880957,182,166,1313,2006.0,0.0,76785.0,-0.2789,-0.847551,PYF,NZL,7788
1880958,183,166,1313,2006.0,0.0,23252.0,-0.467699,-1.062471,QAT,NZL,7788
1880959,185,166,1313,2006.0,17958.0,17574.0,0.733232,1.2149,ROU,NZL,7788
1880960,186,166,1313,2006.0,9083.0,5814.0,0.311252,-0.093895,RUS,NZL,7788
1880961,188,166,1313,2006.0,0.0,44306.0,-0.094152,-0.921106,SAU,NZL,7788
1880962,192,166,1313,2006.0,6587116.0,4953712.0,1.670134,0.43955600000000006,SGP,NZL,7788
1880963,195,166,1313,2006.0,0.0,59100.0,-1.1616959999999998,-1.026145,SLB,NZL,7788
1880964,197,166,1313,2006.0,2062.0,0.0,-0.127317,0.189904,SLV,NZL,7788
1880965,206,166,1313,2006.0,22879.0,35785.0,1.3569950000000002,0.8663290000000001,SVK,NZL,7788
1880966,207,166,1313,2006.0,10367.0,5235.0,1.562187,0.612624,SVN,NZL,7788
1880967,208,166,1313,2006.0,237772.0,230193.0,1.921461,0.478688,SWE,NZL,7788
1880968,216,166,1313,2006.0,9606153.0,318399.0,0.73283,1.419023,THA,NZL,7788
1880969,221,166,1313,2006.0,0.0,97538.0,-0.385793,-0.736392,TON,NZL,7788
1880970,224,166,1313,2006.0,6145.0,28120.0,0.41471,2.138217,TUR,NZL,7788
1880971,226,166,1313,2006.0,0.0,7205.0,-0.804761,0.6328729999999999,TZA,NZL,7788
1880972,230,166,1313,2006.0,0.0,7234.0,0.047764999999999995,0.23831100000000002,URY,NZL,7788
1880973,231,166,1313,2006.0,13828082.0,26272546.0,1.616918,-0.429924,USA,NZL,7788
1880974,236,166,1313,2006.0,0.0,138081.0,-0.5559649999999999,-0.9988299999999999,VEN,NZL,7788
1880975,239,166,1313,2006.0,3086.0,9346.0,-0.089404,0.986066,VNM,NZL,7788
1880976,240,166,1313,2006.0,0.0,106893.0,-0.960584,-0.971794,VUT,NZL,7788
1880977,242,166,1313,2006.0,0.0,116829.0,0.246788,-0.474416,WSM,NZL,7788
1880978,243,166,1313,2006.0,0.0,1472.0,-1.070559,-1.1655389999999999,YEM,NZL,7788
1880979,246,166,1313,2006.0,199709.0,929604.0,0.18317,1.675934,ZAF,NZL,7788
1880980,247,166,1313,2006.0,0.0,6911.0,-0.8819040000000001,-0.990542,ZMB,NZL,7788
1880981,249,166,1313,2006.0,4419145.0,829047.0,1.6683169999999998,1.230621,TWN,NZL,7788
1880982,250,166,1313,2006.0,2148408.0,0.0,0.202525,-0.46324499999999996,ANS,NZL,7788
1880983,1,168,1313,2006.0,2531.0,62298.0,-0.906723,-0.6810039999999999,AFG,PAK,7788
1880984,7,168,1313,2006.0,768911.0,50238.0,-0.12063900000000001,-0.817929,ARE,PAK,7788
1880985,8,168,1313,2006.0,18603.0,0.0,0.076917,1.06231,ARG,PAK,7788
1880986,14,168,1313,2006.0,170638.0,183871.0,-0.183265,0.564314,AUS,PAK,7788
1880987,15,168,1313,2006.0,369099.0,0.0,1.772588,-0.008943000000000001,AUT,PAK,7788
1880988,18,168,1313,2006.0,195373.0,19395.0,1.234224,1.308065,BEL,PAK,7788
1880989,22,168,1313,2006.0,57720.0,1452.0,-0.776517,-0.874408,BGD,PAK,7788
1880990,23,168,1313,2006.0,9896.0,0.0,0.490234,1.581841,BGR,PAK,7788
1880991,32,168,1313,2006.0,1056.0,8989.0,0.622959,1.413527,BRA,PAK,7788
1880992,39,168,1313,2006.0,320979.0,20261.0,0.806511,1.466573,CAN,PAK,7788
1880993,41,168,1313,2006.0,2069826.0,0.0,2.038668,0.46319,CHE,PAK,7788
1880994,43,168,1313,2006.0,14392979.0,4390.0,0.842242,1.7392740000000002,CHN,PAK,7788
1880995,44,168,1313,2006.0,0.0,14476.0,-0.9293,-0.853074,CIV,PAK,7788
1880996,59,168,1313,2006.0,268993.0,0.0,1.6478549999999998,0.095131,CZE,PAK,7788
1880997,61,168,1313,2006.0,3100553.0,53847.0,2.135679,-2.933329,DEU,PAK,7788
1880998,64,168,1313,2006.0,41116.0,0.0,1.25209,1.133206,DNK,PAK,7788
1880999,68,168,1313,2006.0,0.0,55733.0,-0.305058,0.294265,EGY,PAK,7788
1881000,71,168,1313,2006.0,76534.0,3420.0,0.9909459999999999,1.785809,ESP,PAK,7788
1881001,74,168,1313,2006.0,310026.0,42811.0,1.8630220000000002,0.87172,FIN,PAK,7788
1881002,77,168,1313,2006.0,948077.0,1001.0,1.499686,0.16705699999999998,FRA,PAK,7788
1881003,81,168,1313,2006.0,1786235.0,52221.0,1.8509779999999998,0.674074,GBR,PAK,7788
1881004,83,168,1313,2006.0,0.0,31381.0,-0.9211739999999999,-0.738322,GHA,PAK,7788
1881005,90,168,1313,2006.0,36834.0,0.0,0.183748,1.582167,GRC,PAK,7788
1881006,97,168,1313,2006.0,1242347.0,0.0,0.63347,1.276634,HKG,PAK,7788
1881007,103,168,1313,2006.0,198085.0,28687.0,0.0036969999999999998,1.703498,IDN,PAK,7788
1881008,104,168,1313,2006.0,173772.0,18447.0,0.202078,2.594677,IND,PAK,7788
1881009,106,168,1313,2006.0,67408.0,0.0,1.501322,0.161375,IRL,PAK,7788
1881010,111,168,1313,2006.0,7201310.0,154837.0,1.416017,0.161859,ITA,PAK,7788
1881011,113,168,1313,2006.0,0.0,40385.0,0.31143899999999997,0.428361,JOR,PAK,7788
1881012,114,168,1313,2006.0,3563068.0,0.0,2.442213,-0.046222000000000006,JPN,PAK,7788
1881013,121,168,1313,2006.0,919577.0,0.0,1.588589,0.799507,KOR,PAK,7788
1881014,122,168,1313,2006.0,0.0,95908.0,-1.506818,-1.193717,KWT,PAK,7788
1881015,124,168,1313,2006.0,7898.0,12464.0,0.450113,1.7365119999999998,LBN,PAK,7788
1881016,128,168,1313,2006.0,0.0,7377.0,-0.37725,0.245153,LKA,PAK,7788
1881017,130,168,1313,2006.0,7999.0,0.0,0.553669,1.252767,LTU,PAK,7788
1881018,131,168,1313,2006.0,10243.0,0.0,1.285123,0.999081,LUX,PAK,7788
1881019,138,168,1313,2006.0,0.0,66361.0,1.2996729999999999,0.655941,MEX,PAK,7788
1881020,153,168,1313,2006.0,639093.0,0.0,0.9497270000000001,0.324179,MYS,PAK,7788
1881021,159,168,1313,2006.0,1727.0,0.0,-2.088278,-1.224464,NGA,PAK,7788
1881022,162,168,1313,2006.0,351338.0,1114.0,1.115718,1.4743680000000001,NLD,PAK,7788
1881023,163,168,1313,2006.0,8169.0,0.0,0.621685,-0.280378,NOR,PAK,7788
1881024,166,168,1313,2006.0,30590.0,0.0,0.40442100000000003,0.821033,NZL,PAK,7788
1881025,174,168,1313,2006.0,41273.0,0.0,0.32715,-0.15929200000000002,PHL,PAK,7788
1881026,177,168,1313,2006.0,11782.0,0.0,1.0576860000000001,1.283664,POL,PAK,7788
1881027,178,168,1313,2006.0,5423.0,0.0,0.649384,1.069006,PRK,PAK,7788
1881028,183,168,1313,2006.0,0.0,19836.0,-0.467699,-1.062471,QAT,PAK,7788
1881029,185,168,1313,2006.0,6295.0,1347.0,0.733232,1.2149,ROU,PAK,7788
1881030,186,168,1313,2006.0,34605.0,0.0,0.311252,-0.093895,RUS,PAK,7788
1881031,188,168,1313,2006.0,233701.0,457697.0,-0.094152,-0.921106,SAU,PAK,7788
1881032,190,168,1313,2006.0,13437.0,2484.0,-1.727355,-1.278714,SDN,PAK,7788
1881033,192,168,1313,2006.0,1599596.0,2105.0,1.670134,0.43955600000000006,SGP,PAK,7788
1881034,207,168,1313,2006.0,39416.0,0.0,1.562187,0.612624,SVN,PAK,7788
1881035,208,168,1313,2006.0,223086.0,0.0,1.921461,0.478688,SWE,PAK,7788
1881036,216,168,1313,2006.0,4188507.0,0.0,0.73283,1.419023,THA,PAK,7788
1881037,224,168,1313,2006.0,92820.0,0.0,0.41471,2.138217,TUR,PAK,7788
1881038,226,168,1313,2006.0,0.0,56523.0,-0.804761,0.6328729999999999,TZA,PAK,7788
1881039,228,168,1313,2006.0,20957.0,0.0,0.598325,1.225485,UKR,PAK,7788
1881040,231,168,1313,2006.0,4682642.0,529160.0,1.616918,-0.429924,USA,PAK,7788
1881041,239,168,1313,2006.0,113386.0,0.0,-0.089404,0.986066,VNM,PAK,7788
1881042,243,168,1313,2006.0,0.0,66533.0,-1.070559,-1.1655389999999999,YEM,PAK,7788
1881043,246,168,1313,2006.0,155449.0,0.0,0.18317,1.675934,ZAF,PAK,7788
1881044,249,168,1313,2006.0,1468814.0,0.0,1.6683169999999998,1.230621,TWN,PAK,7788
1881045,250,168,1313,2006.0,88744.0,0.0,0.202525,-0.46324499999999996,ANS,PAK,7788
1881046,0,169,1313,2006.0,0.0,3128.0,-0.353579,-0.852273,ABW,PAN,7788
1881047,6,169,1313,2006.0,0.0,26661.0,0.0063100000000000005,-0.61161,ANT,PAN,7788
1881048,8,169,1313,2006.0,18785.0,0.0,0.076917,1.06231,ARG,PAN,7788
1881049,14,169,1313,2006.0,2045.0,23178.0,-0.183265,0.564314,AUS,PAN,7788
1881050,15,169,1313,2006.0,1984.0,0.0,1.772588,-0.008943000000000001,AUT,PAN,7788
1881051,18,169,1313,2006.0,619473.0,11665.0,1.234224,1.308065,BEL,PAN,7788
1881052,25,169,1313,2006.0,0.0,14384.0,0.23525900000000002,-0.725657,BHS,PAN,7788
1881053,29,169,1313,2006.0,0.0,10010.0,-0.275783,-0.6653439999999999,BLZ,PAN,7788
1881054,31,169,1313,2006.0,0.0,26547.0,-0.9174540000000001,-0.8314729999999999,BOL,PAN,7788
1881055,32,169,1313,2006.0,62649.0,7969.0,0.622959,1.413527,BRA,PAN,7788
1881056,33,169,1313,2006.0,0.0,3571.0,0.689051,0.416818,BRB,PAN,7788
1881057,39,169,1313,2006.0,361207.0,1389.0,0.806511,1.466573,CAN,PAN,7788
1881058,41,169,1313,2006.0,1553.0,0.0,2.038668,0.46319,CHE,PAN,7788
1881059,42,169,1313,2006.0,6054.0,76458.0,-0.193151,-0.46637,CHL,PAN,7788
1881060,43,169,1313,2006.0,2474428.0,0.0,0.842242,1.7392740000000002,CHN,PAN,7788
1881061,49,169,1313,2006.0,96003.0,235680.0,0.162228,0.550616,COL,PAN,7788
1881062,52,169,1313,2006.0,284825.0,288665.0,0.07128999999999999,-0.24274400000000002,CRI,PAN,7788
1881063,54,169,1313,2006.0,0.0,1184820.0,0.207314,-0.473224,CUB,PAN,7788
1881064,61,169,1313,2006.0,2144078.0,0.0,2.135679,-2.933329,DEU,PAN,7788
1881065,63,169,1313,2006.0,0.0,5152.0,0.203098,-0.09402999999999999,DMA,PAN,7788
1881066,65,169,1313,2006.0,0.0,226979.0,0.044542,0.178998,DOM,PAN,7788
1881067,67,169,1313,2006.0,6337.0,250803.0,-0.9617209999999999,-0.936366,ECU,PAN,7788
1881068,71,169,1313,2006.0,72665.0,5636.0,0.9909459999999999,1.785809,ESP,PAN,7788
1881069,72,169,1313,2006.0,2801.0,0.0,0.737979,1.1881950000000001,EST,PAN,7788
1881070,74,169,1313,2006.0,334782.0,0.0,1.8630220000000002,0.87172,FIN,PAN,7788
1881071,77,169,1313,2006.0,87665.0,8945.0,1.499686,0.16705699999999998,FRA,PAN,7788
1881072,81,169,1313,2006.0,100060.0,1451.0,1.8509779999999998,0.674074,GBR,PAN,7788
1881073,90,169,1313,2006.0,5547.0,0.0,0.183748,1.582167,GRC,PAN,7788
1881074,93,169,1313,2006.0,13409.0,281295.0,-0.179628,0.671552,GTM,PAN,7788
1881075,96,169,1313,2006.0,0.0,2699.0,-0.637993,-0.880094,GUY,PAN,7788
1881076,97,169,1313,2006.0,503123.0,0.0,0.63347,1.276634,HKG,PAN,7788
1881077,99,169,1313,2006.0,3420.0,208264.0,-0.520217,-0.41097399999999995,HND,PAN,7788
1881078,101,169,1313,2006.0,0.0,7021.0,-0.8555889999999999,-1.017282,HTI,PAN,7788
1881079,103,169,1313,2006.0,22646.0,0.0,0.0036969999999999998,1.703498,IDN,PAN,7788
1881080,104,169,1313,2006.0,0.0,2342.0,0.202078,2.594677,IND,PAN,7788
1881081,110,169,1313,2006.0,40052.0,0.0,1.286738,0.8783610000000001,ISR,PAN,7788
1881082,111,169,1313,2006.0,80394.0,5207.0,1.416017,0.161859,ITA,PAN,7788
1881083,112,169,1313,2006.0,0.0,4810.0,-0.280417,-0.9436829999999999,JAM,PAN,7788
1881084,114,169,1313,2006.0,1650227.0,0.0,2.442213,-0.046222000000000006,JPN,PAN,7788
1881085,121,169,1313,2006.0,634285.0,9830.0,1.588589,0.799507,KOR,PAN,7788
1881086,138,169,1313,2006.0,590992.0,606470.0,1.2996729999999999,0.655941,MEX,PAN,7788
1881087,145,169,1313,2006.0,0.0,1502.0,-0.806932,-1.01265,MNG,PAN,7788
1881088,153,169,1313,2006.0,3502092.0,0.0,0.9497270000000001,0.324179,MYS,PAN,7788
1881089,160,169,1313,2006.0,0.0,24421.0,-0.9416120000000001,-0.888491,NIC,PAN,7788
1881090,162,169,1313,2006.0,22364.0,0.0,1.115718,1.4743680000000001,NLD,PAN,7788
1881091,163,169,1313,2006.0,30100.0,1492.0,0.621685,-0.280378,NOR,PAN,7788
1881092,166,169,1313,2006.0,11859.0,0.0,0.40442100000000003,0.821033,NZL,PAN,7788
1881093,173,169,1313,2006.0,0.0,29661.0,-0.523516,-0.15574100000000002,PER,PAN,7788
1881094,177,169,1313,2006.0,4590.0,0.0,1.0576860000000001,1.283664,POL,PAN,7788
1881095,179,169,1313,2006.0,1102.0,0.0,0.695569,1.7476200000000002,PRT,PAN,7788
1881096,180,169,1313,2006.0,0.0,2898.0,-0.49234399999999995,-0.547616,PRY,PAN,7788
1881097,183,169,1313,2006.0,8453.0,0.0,-0.467699,-1.062471,QAT,PAN,7788
1881098,192,169,1313,2006.0,48961.0,0.0,1.670134,0.43955600000000006,SGP,PAN,7788
1881099,197,169,1313,2006.0,1101.0,330819.0,-0.127317,0.189904,SLV,PAN,7788
1881100,205,169,1313,2006.0,0.0,1063.0,-0.703184,-1.0310979999999998,SUR,PAN,7788
1881101,208,169,1313,2006.0,10506.0,0.0,1.921461,0.478688,SWE,PAN,7788
1881102,222,169,1313,2006.0,0.0,15180.0,-0.346992,-1.03502,TTO,PAN,7788
1881103,230,169,1313,2006.0,0.0,2969.0,0.047764999999999995,0.23831100000000002,URY,PAN,7788
1881104,231,169,1313,2006.0,5844315.0,32796.0,1.616918,-0.429924,USA,PAN,7788
1881105,236,169,1313,2006.0,7472.0,1445618.0,-0.5559649999999999,-0.9988299999999999,VEN,PAN,7788
1881106,249,169,1313,2006.0,187138.0,0.0,1.6683169999999998,1.230621,TWN,PAN,7788
1881107,250,169,1313,2006.0,0.0,50441.0,0.202525,-0.46324499999999996,ANS,PAN,7788
1881108,6,173,1313,2006.0,0.0,2903.0,0.0063100000000000005,-0.61161,ANT,PER,7788
1881109,8,173,1313,2006.0,548012.0,1327.0,0.076917,1.06231,ARG,PER,7788
1881110,14,173,1313,2006.0,97937.0,1454.0,-0.183265,0.564314,AUS,PER,7788
1881111,15,173,1313,2006.0,34303.0,0.0,1.772588,-0.008943000000000001,AUT,PER,7788
1881112,18,173,1313,2006.0,239965.0,0.0,1.234224,1.308065,BEL,PER,7788
1881113,28,173,1313,2006.0,1011.0,0.0,0.948306,0.702786,BLR,PER,7788
1881114,31,173,1313,2006.0,31136.0,42021.0,-0.9174540000000001,-0.8314729999999999,BOL,PER,7788
1881115,32,173,1313,2006.0,1425130.0,0.0,0.622959,1.413527,BRA,PER,7788
1881116,39,173,1313,2006.0,1218048.0,3605.0,0.806511,1.466573,CAN,PER,7788
1881117,41,173,1313,2006.0,73672.0,0.0,2.038668,0.46319,CHE,PER,7788
1881118,42,173,1313,2006.0,1034847.0,165337.0,-0.193151,-0.46637,CHL,PER,7788
1881119,43,173,1313,2006.0,5952926.0,11977.0,0.842242,1.7392740000000002,CHN,PER,7788
1881120,49,173,1313,2006.0,367031.0,27657.0,0.162228,0.550616,COL,PER,7788
1881121,52,173,1313,2006.0,0.0,12351.0,0.07128999999999999,-0.24274400000000002,CRI,PER,7788
1881122,59,173,1313,2006.0,26903.0,0.0,1.6478549999999998,0.095131,CZE,PER,7788
1881123,61,173,1313,2006.0,1448654.0,1561.0,2.135679,-2.933329,DEU,PER,7788
1881124,64,173,1313,2006.0,110418.0,0.0,1.25209,1.133206,DNK,PER,7788
1881125,65,173,1313,2006.0,233810.0,1434.0,0.044542,0.178998,DOM,PER,7788
1881126,67,173,1313,2006.0,4663.0,73026.0,-0.9617209999999999,-0.936366,ECU,PER,7788
1881127,71,173,1313,2006.0,338498.0,0.0,0.9909459999999999,1.785809,ESP,PER,7788
1881128,74,173,1313,2006.0,84301.0,0.0,1.8630220000000002,0.87172,FIN,PER,7788
1881129,77,173,1313,2006.0,394348.0,4922.0,1.499686,0.16705699999999998,FRA,PER,7788
1881130,81,173,1313,2006.0,348464.0,20377.0,1.8509779999999998,0.674074,GBR,PER,7788
1881131,93,173,1313,2006.0,0.0,2340.0,-0.179628,0.671552,GTM,PER,7788
1881132,97,173,1313,2006.0,100455.0,0.0,0.63347,1.276634,HKG,PER,7788
1881133,99,173,1313,2006.0,3698.0,0.0,-0.520217,-0.41097399999999995,HND,PER,7788
1881134,102,173,1313,2006.0,10481.0,0.0,1.469539,0.8546090000000001,HUN,PER,7788
1881135,103,173,1313,2006.0,110536.0,0.0,0.0036969999999999998,1.703498,IDN,PER,7788
1881136,104,173,1313,2006.0,23908.0,0.0,0.202078,2.594677,IND,PER,7788
1881137,106,173,1313,2006.0,312995.0,10179.0,1.501322,0.161375,IRL,PER,7788
1881138,110,173,1313,2006.0,504621.0,237785.0,1.286738,0.8783610000000001,ISR,PER,7788
1881139,111,173,1313,2006.0,651293.0,1374.0,1.416017,0.161859,ITA,PER,7788
1881140,114,173,1313,2006.0,413487.0,0.0,2.442213,-0.046222000000000006,JPN,PER,7788
1881141,121,173,1313,2006.0,183290.0,170828.0,1.588589,0.799507,KOR,PER,7788
1881142,130,173,1313,2006.0,2844.0,0.0,0.553669,1.252767,LTU,PER,7788
1881143,131,173,1313,2006.0,1281.0,0.0,1.285123,0.999081,LUX,PER,7788
1881144,138,173,1313,2006.0,1567313.0,0.0,1.2996729999999999,0.655941,MEX,PER,7788
1881145,153,173,1313,2006.0,439382.0,0.0,0.9497270000000001,0.324179,MYS,PER,7788
1881146,160,173,1313,2006.0,0.0,2440.0,-0.9416120000000001,-0.888491,NIC,PER,7788
1881147,162,173,1313,2006.0,23198.0,34613.0,1.115718,1.4743680000000001,NLD,PER,7788
1881148,163,173,1313,2006.0,13242.0,0.0,0.621685,-0.280378,NOR,PER,7788
1881149,166,173,1313,2006.0,20588.0,0.0,0.40442100000000003,0.821033,NZL,PER,7788
1881150,169,173,1313,2006.0,29661.0,0.0,0.511845,0.7560560000000001,PAN,PER,7788
1881151,177,173,1313,2006.0,42403.0,0.0,1.0576860000000001,1.283664,POL,PER,7788
1881152,179,173,1313,2006.0,2901.0,0.0,0.695569,1.7476200000000002,PRT,PER,7788
1881153,186,173,1313,2006.0,61444.0,0.0,0.311252,-0.093895,RUS,PER,7788
1881154,192,173,1313,2006.0,27154.0,5742.0,1.670134,0.43955600000000006,SGP,PER,7788
1881155,197,173,1313,2006.0,0.0,25628.0,-0.127317,0.189904,SLV,PER,7788
1881156,207,173,1313,2006.0,10617.0,0.0,1.562187,0.612624,SVN,PER,7788
1881157,208,173,1313,2006.0,420050.0,0.0,1.921461,0.478688,SWE,PER,7788
1881158,216,173,1313,2006.0,117539.0,0.0,0.73283,1.419023,THA,PER,7788
1881159,224,173,1313,2006.0,5568.0,0.0,0.41471,2.138217,TUR,PER,7788
1881160,228,173,1313,2006.0,4730.0,0.0,0.598325,1.225485,UKR,PER,7788
1881161,230,173,1313,2006.0,2420.0,0.0,0.047764999999999995,0.23831100000000002,URY,PER,7788
1881162,231,173,1313,2006.0,9428578.0,46192.0,1.616918,-0.429924,USA,PER,7788
1881163,236,173,1313,2006.0,0.0,147874.0,-0.5559649999999999,-0.9988299999999999,VEN,PER,7788
1881164,246,173,1313,2006.0,87336.0,0.0,0.18317,1.675934,ZAF,PER,7788
1881165,249,173,1313,2006.0,1120103.0,0.0,1.6683169999999998,1.230621,TWN,PER,7788
1881166,250,173,1313,2006.0,0.0,1251.0,0.202525,-0.46324499999999996,ANS,PER,7788
1881167,5,174,1313,2006.0,0.0,2947.0,0.986957,0.458078,AND,PHL,7788
1881168,7,174,1313,2006.0,0.0,5852.0,-0.12063900000000001,-0.817929,ARE,PHL,7788
1881169,8,174,1313,2006.0,4728.0,416839.0,0.076917,1.06231,ARG,PHL,7788
1881170,14,174,1313,2006.0,338575.0,218225.0,-0.183265,0.564314,AUS,PHL,7788
1881171,15,174,1313,2006.0,772663.0,226542.0,1.772588,-0.008943000000000001,AUT,PHL,7788
1881172,18,174,1313,2006.0,4078168.0,233333.0,1.234224,1.308065,BEL,PHL,7788
1881173,22,174,1313,2006.0,0.0,3237.0,-0.776517,-0.874408,BGD,PHL,7788
1881174,23,174,1313,2006.0,0.0,3566.0,0.490234,1.581841,BGR,PHL,7788
1881175,32,174,1313,2006.0,676310.0,461764.0,0.622959,1.413527,BRA,PHL,7788
1881176,34,174,1313,2006.0,0.0,45020.0,-0.933665,-0.929327,BRN,PHL,7788
1881177,39,174,1313,2006.0,1194950.0,1660811.0,0.806511,1.466573,CAN,PHL,7788
1881178,41,174,1313,2006.0,449818.0,39506.0,2.038668,0.46319,CHE,PHL,7788
1881179,42,174,1313,2006.0,29527.0,0.0,-0.193151,-0.46637,CHL,PHL,7788
1881180,43,174,1313,2006.0,37654756.0,161855424.0,0.842242,1.7392740000000002,CHN,PHL,7788
1881181,49,174,1313,2006.0,0.0,42567.0,0.162228,0.550616,COL,PHL,7788
1881182,52,174,1313,2006.0,8168.0,4644.0,0.07128999999999999,-0.24274400000000002,CRI,PHL,7788
1881183,59,174,1313,2006.0,581988.0,67847.0,1.6478549999999998,0.095131,CZE,PHL,7788
1881184,61,174,1313,2006.0,16899528.0,62418716.0,2.135679,-2.933329,DEU,PHL,7788
1881185,64,174,1313,2006.0,57161.0,465704.0,1.25209,1.133206,DNK,PHL,7788
1881186,71,174,1313,2006.0,270009.0,409976.0,0.9909459999999999,1.785809,ESP,PHL,7788
1881187,72,174,1313,2006.0,0.0,1242833.0,0.737979,1.1881950000000001,EST,PHL,7788
1881188,74,174,1313,2006.0,160856.0,18181266.0,1.8630220000000002,0.87172,FIN,PHL,7788
1881189,77,174,1313,2006.0,11529433.0,2802974.0,1.499686,0.16705699999999998,FRA,PHL,7788
1881190,79,174,1313,2006.0,0.0,4572.0,-0.787116,-0.9517690000000001,FSM,PHL,7788
1881191,81,174,1313,2006.0,4787940.0,1222501.0,1.8509779999999998,0.674074,GBR,PHL,7788
1881192,97,174,1313,2006.0,27715788.0,106526736.0,0.63347,1.276634,HKG,PHL,7788
1881193,100,174,1313,2006.0,4421.0,14499.0,0.866511,1.217552,HRV,PHL,7788
1881194,102,174,1313,2006.0,202258.0,25175548.0,1.469539,0.8546090000000001,HUN,PHL,7788
1881195,103,174,1313,2006.0,5255002.0,683008.0,0.0036969999999999998,1.703498,IDN,PHL,7788
1881196,104,174,1313,2006.0,1415092.0,614820.0,0.202078,2.594677,IND,PHL,7788
1881197,106,174,1313,2006.0,106575.0,17798.0,1.501322,0.161375,IRL,PHL,7788
1881198,107,174,1313,2006.0,0.0,152537.0,-0.755814,-0.9279059999999999,IRN,PHL,7788
1881199,110,174,1313,2006.0,569480.0,212057.0,1.286738,0.8783610000000001,ISR,PHL,7788
1881200,111,174,1313,2006.0,1748752.0,544166.0,1.416017,0.161859,ITA,PHL,7788
1881201,114,174,1313,2006.0,207379456.0,204143232.0,2.442213,-0.046222000000000006,JPN,PHL,7788
1881202,121,174,1313,2006.0,46037740.0,142373168.0,1.588589,0.799507,KOR,PHL,7788
1881203,122,174,1313,2006.0,0.0,16092.0,-1.506818,-1.193717,KWT,PHL,7788
1881204,130,174,1313,2006.0,0.0,1097.0,0.553669,1.252767,LTU,PHL,7788
1881205,133,174,1313,2006.0,9677.0,0.0,0.120923,-0.266158,MAC,PHL,7788
1881206,137,174,1313,2006.0,0.0,1067.0,-0.21327600000000002,-0.8216959999999999,MDV,PHL,7788
1881207,138,174,1313,2006.0,65916.0,10035845.0,1.2996729999999999,0.655941,MEX,PHL,7788
1881208,147,174,1313,2006.0,2032.0,0.0,-1.199074,-1.031059,MOZ,PHL,7788
1881209,153,174,1313,2006.0,22728750.0,41654940.0,0.9497270000000001,0.324179,MYS,PHL,7788
1881210,156,174,1313,2006.0,0.0,1508.0,-0.42703900000000006,-0.840608,NCL,PHL,7788
1881211,162,174,1313,2006.0,5350693.0,22303708.0,1.115718,1.4743680000000001,NLD,PHL,7788
1881212,163,174,1313,2006.0,7629.0,64834.0,0.621685,-0.280378,NOR,PHL,7788
1881213,166,174,1313,2006.0,62553.0,114762.0,0.40442100000000003,0.821033,NZL,PHL,7788
1881214,168,174,1313,2006.0,0.0,41273.0,-0.500494,0.334983,PAK,PHL,7788
1881215,176,174,1313,2006.0,0.0,282734.0,-1.754684,-1.235725,PNG,PHL,7788
1881216,177,174,1313,2006.0,2696.0,3199854.0,1.0576860000000001,1.283664,POL,PHL,7788
1881217,179,174,1313,2006.0,588607.0,81404.0,0.695569,1.7476200000000002,PRT,PHL,7788
1881218,182,174,1313,2006.0,0.0,3654.0,-0.2789,-0.847551,PYF,PHL,7788
1881219,185,174,1313,2006.0,0.0,78186.0,0.733232,1.2149,ROU,PHL,7788
1881220,186,174,1313,2006.0,43077.0,29352.0,0.311252,-0.093895,RUS,PHL,7788
1881221,192,174,1313,2006.0,83049440.0,31290102.0,1.670134,0.43955600000000006,SGP,PHL,7788
1881222,197,174,1313,2006.0,0.0,3523.0,-0.127317,0.189904,SLV,PHL,7788
1881223,201,174,1313,2006.0,0.0,10230.0,0.581078,1.5831600000000001,SRB,PHL,7788
1881224,206,174,1313,2006.0,214650.0,8027.0,1.3569950000000002,0.8663290000000001,SVK,PHL,7788
1881225,207,174,1313,2006.0,0.0,77897.0,1.562187,0.612624,SVN,PHL,7788
1881226,208,174,1313,2006.0,401044.0,517271.0,1.921461,0.478688,SWE,PHL,7788
1881227,212,174,1313,2006.0,0.0,3646.0,-0.49903100000000006,0.362867,SYR,PHL,7788
1881228,216,174,1313,2006.0,5156421.0,14008054.0,0.73283,1.419023,THA,PHL,7788
1881229,223,174,1313,2006.0,0.0,1662.0,0.140257,0.528918,TUN,PHL,7788
1881230,224,174,1313,2006.0,3810.0,643931.0,0.41471,2.138217,TUR,PHL,7788
1881231,231,174,1313,2006.0,25743772.0,44460876.0,1.616918,-0.429924,USA,PHL,7788
1881232,239,174,1313,2006.0,764902.0,21836.0,-0.089404,0.986066,VNM,PHL,7788
1881233,246,174,1313,2006.0,84142.0,411933.0,0.18317,1.675934,ZAF,PHL,7788
1881234,249,174,1313,2006.0,27521488.0,62923584.0,1.6683169999999998,1.230621,TWN,PHL,7788
1881235,4,177,1313,2006.0,0.0,1186.0,-0.310731,-0.01222,ALB,POL,7788
1881236,5,177,1313,2006.0,2201.0,0.0,0.986957,0.458078,AND,POL,7788
1881237,6,177,1313,2006.0,1174.0,0.0,0.0063100000000000005,-0.61161,ANT,POL,7788
1881238,7,177,1313,2006.0,39256.0,2313577.0,-0.12063900000000001,-0.817929,ARE,POL,7788
1881239,8,177,1313,2006.0,152977.0,557306.0,0.076917,1.06231,ARG,POL,7788
1881240,9,177,1313,2006.0,0.0,20805.0,-0.044726999999999996,-0.486043,ARM,POL,7788
1881241,14,177,1313,2006.0,470678.0,2958365.0,-0.183265,0.564314,AUS,POL,7788
1881242,15,177,1313,2006.0,9313929.0,473058.0,1.772588,-0.008943000000000001,AUT,POL,7788
1881243,16,177,1313,2006.0,0.0,66772.0,-0.949606,-1.099346,AZE,POL,7788
1881244,18,177,1313,2006.0,8040878.0,11541647.0,1.234224,1.308065,BEL,POL,7788
1881245,23,177,1313,2006.0,191628.0,3301884.0,0.490234,1.581841,BGR,POL,7788
1881246,24,177,1313,2006.0,0.0,536870.0,-0.220239,-1.07936,BHR,POL,7788
1881247,26,177,1313,2006.0,0.0,1325232.0,0.543053,0.68971,BIH,POL,7788
1881248,28,177,1313,2006.0,31816.0,1519989.0,0.948306,0.702786,BLR,POL,7788
1881249,32,177,1313,2006.0,442334.0,9118410.0,0.622959,1.413527,BRA,POL,7788
1881250,39,177,1313,2006.0,4331562.0,658891.0,0.806511,1.466573,CAN,POL,7788
1881251,41,177,1313,2006.0,4875130.0,752502.0,2.038668,0.46319,CHE,POL,7788
1881252,42,177,1313,2006.0,0.0,7942.0,-0.193151,-0.46637,CHL,POL,7788
1881253,43,177,1313,2006.0,19988196.0,3412181.0,0.842242,1.7392740000000002,CHN,POL,7788
1881254,45,177,1313,2006.0,0.0,135419.0,-1.570753,-1.22499,CMR,POL,7788
1881255,49,177,1313,2006.0,0.0,281842.0,0.162228,0.550616,COL,POL,7788
1881256,52,177,1313,2006.0,0.0,25553.0,0.07128999999999999,-0.24274400000000002,CRI,POL,7788
1881257,58,177,1313,2006.0,0.0,319376.0,0.728916,0.023954,CYP,POL,7788
1881258,59,177,1313,2006.0,13888188.0,8802174.0,1.6478549999999998,0.095131,CZE,POL,7788
1881259,61,177,1313,2006.0,212012384.0,51896752.0,2.135679,-2.933329,DEU,POL,7788
1881260,64,177,1313,2006.0,3518501.0,423906.0,1.25209,1.133206,DNK,POL,7788
1881261,65,177,1313,2006.0,151750.0,171489.0,0.044542,0.178998,DOM,POL,7788
1881262,66,177,1313,2006.0,0.0,7274.0,-1.079717,-1.153102,DZA,POL,7788
1881263,67,177,1313,2006.0,7781.0,21517.0,-0.9617209999999999,-0.936366,ECU,POL,7788
1881264,68,177,1313,2006.0,0.0,2988098.0,-0.305058,0.294265,EGY,POL,7788
1881265,71,177,1313,2006.0,2871426.0,4769206.0,0.9909459999999999,1.785809,ESP,POL,7788
1881266,72,177,1313,2006.0,821662.0,898541.0,0.737979,1.1881950000000001,EST,POL,7788
1881267,73,177,1313,2006.0,0.0,7064.0,-1.129189,-0.953627,ETH,POL,7788
1881268,74,177,1313,2006.0,2895628.0,541951.0,1.8630220000000002,0.87172,FIN,POL,7788
1881269,77,177,1313,2006.0,12309684.0,10174533.0,1.499686,0.16705699999999998,FRA,POL,7788
1881270,78,177,1313,2006.0,0.0,1312.0,-0.111228,-0.776069,FRO,POL,7788
1881271,80,177,1313,2006.0,7674.0,0.0,-1.2162620000000002,-1.141485,GAB,POL,7788
1881272,81,177,1313,2006.0,22828174.0,3242649.0,1.8509779999999998,0.674074,GBR,POL,7788
1881273,82,177,1313,2006.0,0.0,77678.0,-0.152929,-0.438435,GEO,POL,7788
1881274,83,177,1313,2006.0,0.0,53102.0,-0.9211739999999999,-0.738322,GHA,POL,7788
1881275,90,177,1313,2006.0,425711.0,3327267.0,0.183748,1.582167,GRC,POL,7788
1881276,93,177,1313,2006.0,0.0,16927.0,-0.179628,0.671552,GTM,POL,7788
1881277,97,177,1313,2006.0,5109874.0,236323.0,0.63347,1.276634,HKG,POL,7788
1881278,100,177,1313,2006.0,220855.0,1011217.0,0.866511,1.217552,HRV,POL,7788
1881279,102,177,1313,2006.0,5659685.0,3130572.0,1.469539,0.8546090000000001,HUN,POL,7788
1881280,103,177,1313,2006.0,1185052.0,285359.0,0.0036969999999999998,1.703498,IDN,POL,7788
1881281,104,177,1313,2006.0,606028.0,1066270.0,0.202078,2.594677,IND,POL,7788
1881282,106,177,1313,2006.0,3386321.0,528719.0,1.501322,0.161375,IRL,POL,7788
1881283,107,177,1313,2006.0,8845.0,1094313.0,-0.755814,-0.9279059999999999,IRN,POL,7788
1881284,109,177,1313,2006.0,17864.0,3475724.0,0.06816699999999999,-0.36412,ISL,POL,7788
1881285,110,177,1313,2006.0,7795814.0,483386.0,1.286738,0.8783610000000001,ISR,POL,7788
1881286,111,177,1313,2006.0,46615564.0,3334619.0,1.416017,0.161859,ITA,POL,7788
1881287,113,177,1313,2006.0,0.0,1013598.0,0.31143899999999997,0.428361,JOR,POL,7788
1881288,114,177,1313,2006.0,10522862.0,284569.0,2.442213,-0.046222000000000006,JPN,POL,7788
1881289,115,177,1313,2006.0,0.0,358680.0,-0.18694000000000002,-0.468758,KAZ,POL,7788
1881290,121,177,1313,2006.0,7325344.0,306871.0,1.588589,0.799507,KOR,POL,7788
1881291,122,177,1313,2006.0,0.0,192910.0,-1.506818,-1.193717,KWT,POL,7788
1881292,123,177,1313,2006.0,2721.0,7846.0,-0.8422700000000001,-1.000073,LAO,POL,7788
1881293,124,177,1313,2006.0,0.0,30700.0,0.450113,1.7365119999999998,LBN,POL,7788
1881294,126,177,1313,2006.0,0.0,2491.0,-0.7543529999999999,-1.123674,LBY,POL,7788
1881295,128,177,1313,2006.0,0.0,4243.0,-0.37725,0.245153,LKA,POL,7788
1881296,130,177,1313,2006.0,990642.0,4907040.0,0.553669,1.252767,LTU,POL,7788
1881297,131,177,1313,2006.0,83198.0,961255.0,1.285123,0.999081,LUX,POL,7788
1881298,132,177,1313,2006.0,750301.0,1399778.0,0.548453,1.027836,LVA,POL,7788
1881299,134,177,1313,2006.0,7524.0,3829.0,-0.41821499999999995,0.175231,MAR,POL,7788
1881300,135,177,1313,2006.0,0.0,195167.0,0.043632,0.21129299999999998,MDA,POL,7788
1881301,138,177,1313,2006.0,1596067.0,464759.0,1.2996729999999999,0.655941,MEX,POL,7788
1881302,140,177,1313,2006.0,0.0,89156.0,-0.098526,0.423279,MKD,POL,7788
1881303,142,177,1313,2006.0,0.0,14915.0,1.5366819999999999,0.301101,MLT,POL,7788
1881304,144,177,1313,2006.0,51516.0,1170695.0,0.057147,-0.145592,MNE,POL,7788
1881305,145,177,1313,2006.0,0.0,259515.0,-0.806932,-1.01265,MNG,POL,7788
1881306,151,177,1313,2006.0,0.0,8167.0,-0.214308,-0.140502,MUS,POL,7788
1881307,153,177,1313,2006.0,1309471.0,183058.0,0.9497270000000001,0.324179,MYS,POL,7788
1881308,159,177,1313,2006.0,0.0,5570.0,-2.088278,-1.224464,NGA,POL,7788
1881309,162,177,1313,2006.0,34004132.0,20113996.0,1.115718,1.4743680000000001,NLD,POL,7788
1881310,163,177,1313,2006.0,1605847.0,6711824.0,0.621685,-0.280378,NOR,POL,7788
1881311,166,177,1313,2006.0,2677.0,3410.0,0.40442100000000003,0.821033,NZL,POL,7788
1881312,167,177,1313,2006.0,1812.0,2508.0,-0.871816,-1.184985,OMN,POL,7788
1881313,168,177,1313,2006.0,0.0,11782.0,-0.500494,0.334983,PAK,POL,7788
1881314,169,177,1313,2006.0,0.0,4590.0,0.511845,0.7560560000000001,PAN,POL,7788
1881315,173,177,1313,2006.0,0.0,42403.0,-0.523516,-0.15574100000000002,PER,POL,7788
1881316,174,177,1313,2006.0,3199854.0,2696.0,0.32715,-0.15929200000000002,PHL,POL,7788
1881317,178,177,1313,2006.0,20525.0,0.0,0.649384,1.069006,PRK,POL,7788
1881318,179,177,1313,2006.0,3768980.0,109670.0,0.695569,1.7476200000000002,PRT,POL,7788
1881319,183,177,1313,2006.0,0.0,26058.0,-0.467699,-1.062471,QAT,POL,7788
1881320,185,177,1313,2006.0,153468.0,4151864.0,0.733232,1.2149,ROU,POL,7788
1881321,186,177,1313,2006.0,5581570.0,11752516.0,0.311252,-0.093895,RUS,POL,7788
1881322,188,177,1313,2006.0,5150.0,354898.0,-0.094152,-0.921106,SAU,POL,7788
1881323,192,177,1313,2006.0,2836968.0,80607.0,1.670134,0.43955600000000006,SGP,POL,7788
1881324,197,177,1313,2006.0,133539.0,6602.0,-0.127317,0.189904,SLV,POL,7788
1881325,201,177,1313,2006.0,1800.0,162810.0,0.581078,1.5831600000000001,SRB,POL,7788
1881326,206,177,1313,2006.0,1701021.0,5862066.0,1.3569950000000002,0.8663290000000001,SVK,POL,7788
1881327,207,177,1313,2006.0,2562966.0,667186.0,1.562187,0.612624,SVN,POL,7788
1881328,208,177,1313,2006.0,7267503.0,9126888.0,1.921461,0.478688,SWE,POL,7788
1881329,212,177,1313,2006.0,0.0,543677.0,-0.49903100000000006,0.362867,SYR,POL,7788
1881330,216,177,1313,2006.0,2363118.0,1019876.0,0.73283,1.419023,THA,POL,7788
1881331,219,177,1313,2006.0,0.0,1959.0,-1.014047,-1.1895149999999999,TKM,POL,7788
1881332,223,177,1313,2006.0,4455681.0,54891.0,0.140257,0.528918,TUN,POL,7788
1881333,224,177,1313,2006.0,280522.0,3433356.0,0.41471,2.138217,TUR,POL,7788
1881334,228,177,1313,2006.0,351427.0,7690708.0,0.598325,1.225485,UKR,POL,7788
1881335,231,177,1313,2006.0,9431253.0,6432152.0,1.616918,-0.429924,USA,POL,7788
1881336,232,177,1313,2006.0,0.0,4236.0,-0.508594,-0.7682720000000001,UZB,POL,7788
1881337,236,177,1313,2006.0,0.0,4156868.0,-0.5559649999999999,-0.9988299999999999,VEN,POL,7788
1881338,237,177,1313,2006.0,0.0,1129.0,0.937218,0.16353,VGB,POL,7788
1881339,239,177,1313,2006.0,1714711.0,259957.0,-0.089404,0.986066,VNM,POL,7788
1881340,246,177,1313,2006.0,129045.0,55134.0,0.18317,1.675934,ZAF,POL,7788
1881341,249,177,1313,2006.0,93630400.0,160611.0,1.6683169999999998,1.230621,TWN,POL,7788
1881342,250,177,1313,2006.0,779110.0,185906.0,0.202525,-0.46324499999999996,ANS,POL,7788
1881343,8,180,1313,2006.0,553535.0,0.0,0.076917,1.06231,ARG,PRY,7788
1881344,14,180,1313,2006.0,16251.0,0.0,-0.183265,0.564314,AUS,PRY,7788
1881345,15,180,1313,2006.0,9271.0,0.0,1.772588,-0.008943000000000001,AUT,PRY,7788
1881346,32,180,1313,2006.0,1274423.0,0.0,0.622959,1.413527,BRA,PRY,7788
1881347,39,180,1313,2006.0,23003.0,0.0,0.806511,1.466573,CAN,PRY,7788
1881348,41,180,1313,2006.0,77572.0,0.0,2.038668,0.46319,CHE,PRY,7788
1881349,42,180,1313,2006.0,1085.0,0.0,-0.193151,-0.46637,CHL,PRY,7788
1881350,43,180,1313,2006.0,783015.0,0.0,0.842242,1.7392740000000002,CHN,PRY,7788
1881351,61,180,1313,2006.0,232933.0,6296.0,2.135679,-2.933329,DEU,PRY,7788
1881352,64,180,1313,2006.0,4052.0,0.0,1.25209,1.133206,DNK,PRY,7788
1881353,67,180,1313,2006.0,2450.0,0.0,-0.9617209999999999,-0.936366,ECU,PRY,7788
1881354,71,180,1313,2006.0,32448.0,0.0,0.9909459999999999,1.785809,ESP,PRY,7788
1881355,74,180,1313,2006.0,1532.0,0.0,1.8630220000000002,0.87172,FIN,PRY,7788
1881356,77,180,1313,2006.0,87305.0,0.0,1.499686,0.16705699999999998,FRA,PRY,7788
1881357,81,180,1313,2006.0,18987.0,0.0,1.8509779999999998,0.674074,GBR,PRY,7788
1881358,97,180,1313,2006.0,243916.0,0.0,0.63347,1.276634,HKG,PRY,7788
1881359,102,180,1313,2006.0,2058.0,0.0,1.469539,0.8546090000000001,HUN,PRY,7788
1881360,103,180,1313,2006.0,1174.0,0.0,0.0036969999999999998,1.703498,IDN,PRY,7788
1881361,110,180,1313,2006.0,21640.0,0.0,1.286738,0.8783610000000001,ISR,PRY,7788
1881362,111,180,1313,2006.0,35500.0,0.0,1.416017,0.161859,ITA,PRY,7788
1881363,114,180,1313,2006.0,58742.0,0.0,2.442213,-0.046222000000000006,JPN,PRY,7788
1881364,121,180,1313,2006.0,35307.0,0.0,1.588589,0.799507,KOR,PRY,7788
1881365,138,180,1313,2006.0,2575.0,0.0,1.2996729999999999,0.655941,MEX,PRY,7788
1881366,153,180,1313,2006.0,57219.0,8690.0,0.9497270000000001,0.324179,MYS,PRY,7788
1881367,162,180,1313,2006.0,7714.0,0.0,1.115718,1.4743680000000001,NLD,PRY,7788
1881368,166,180,1313,2006.0,8815.0,0.0,0.40442100000000003,0.821033,NZL,PRY,7788
1881369,169,180,1313,2006.0,2898.0,0.0,0.511845,0.7560560000000001,PAN,PRY,7788
1881370,178,180,1313,2006.0,45180.0,0.0,0.649384,1.069006,PRK,PRY,7788
1881371,179,180,1313,2006.0,3873.0,0.0,0.695569,1.7476200000000002,PRT,PRY,7788
1881372,208,180,1313,2006.0,1493.0,0.0,1.921461,0.478688,SWE,PRY,7788
1881373,216,180,1313,2006.0,1191.0,0.0,0.73283,1.419023,THA,PRY,7788
1881374,230,180,1313,2006.0,10562.0,0.0,0.047764999999999995,0.23831100000000002,URY,PRY,7788
1881375,231,180,1313,2006.0,954960.0,24289.0,1.616918,-0.429924,USA,PRY,7788
1881376,246,180,1313,2006.0,2067.0,0.0,0.18317,1.675934,ZAF,PRY,7788
1881377,249,180,1313,2006.0,903785.0,0.0,1.6683169999999998,1.230621,TWN,PRY,7788
1881378,0,183,1313,2006.0,15246.0,0.0,-0.353579,-0.852273,ABW,QAT,7788
1881379,7,183,1313,2006.0,917421.0,45851.0,-0.12063900000000001,-0.817929,ARE,QAT,7788
1881380,14,183,1313,2006.0,344726.0,318648.0,-0.183265,0.564314,AUS,QAT,7788
1881381,15,183,1313,2006.0,161687.0,26138.0,1.772588,-0.008943000000000001,AUT,QAT,7788
1881382,16,183,1313,2006.0,23211.0,0.0,-0.949606,-1.099346,AZE,QAT,7788
1881383,18,183,1313,2006.0,2634112.0,0.0,1.234224,1.308065,BEL,QAT,7788
1881384,23,183,1313,2006.0,4312.0,0.0,0.490234,1.581841,BGR,QAT,7788
1881385,24,183,1313,2006.0,0.0,22978.0,-0.220239,-1.07936,BHR,QAT,7788
1881386,32,183,1313,2006.0,2297.0,0.0,0.622959,1.413527,BRA,QAT,7788
1881387,39,183,1313,2006.0,1263923.0,7607.0,0.806511,1.466573,CAN,QAT,7788
1881388,41,183,1313,2006.0,5911106.0,1393.0,2.038668,0.46319,CHE,QAT,7788
1881389,43,183,1313,2006.0,407247.0,10750.0,0.842242,1.7392740000000002,CHN,QAT,7788
1881390,58,183,1313,2006.0,8800.0,0.0,0.728916,0.023954,CYP,QAT,7788
1881391,59,183,1313,2006.0,289492.0,0.0,1.6478549999999998,0.095131,CZE,QAT,7788
1881392,61,183,1313,2006.0,4422170.0,307470.0,2.135679,-2.933329,DEU,QAT,7788
1881393,64,183,1313,2006.0,173695.0,0.0,1.25209,1.133206,DNK,QAT,7788
1881394,68,183,1313,2006.0,3207.0,0.0,-0.305058,0.294265,EGY,QAT,7788
1881395,71,183,1313,2006.0,498408.0,0.0,0.9909459999999999,1.785809,ESP,QAT,7788
1881396,74,183,1313,2006.0,240278.0,0.0,1.8630220000000002,0.87172,FIN,QAT,7788
1881397,77,183,1313,2006.0,21930974.0,74685.0,1.499686,0.16705699999999998,FRA,QAT,7788
1881398,81,183,1313,2006.0,9067762.0,86783.0,1.8509779999999998,0.674074,GBR,QAT,7788
1881399,90,183,1313,2006.0,24830.0,0.0,0.183748,1.582167,GRC,QAT,7788
1881400,97,183,1313,2006.0,8197.0,0.0,0.63347,1.276634,HKG,QAT,7788
1881401,102,183,1313,2006.0,5894.0,3170.0,1.469539,0.8546090000000001,HUN,QAT,7788
1881402,103,183,1313,2006.0,22580.0,0.0,0.0036969999999999998,1.703498,IDN,QAT,7788
1881403,104,183,1313,2006.0,8268198.0,25762.0,0.202078,2.594677,IND,QAT,7788
1881404,106,183,1313,2006.0,7307.0,0.0,1.501322,0.161375,IRL,QAT,7788
1881405,107,183,1313,2006.0,0.0,9745.0,-0.755814,-0.9279059999999999,IRN,QAT,7788
1881406,111,183,1313,2006.0,4402314.0,5643.0,1.416017,0.161859,ITA,QAT,7788
1881407,113,183,1313,2006.0,0.0,3832.0,0.31143899999999997,0.428361,JOR,QAT,7788
1881408,114,183,1313,2006.0,8272442.0,1986.0,2.442213,-0.046222000000000006,JPN,QAT,7788
1881409,121,183,1313,2006.0,3760896.0,0.0,1.588589,0.799507,KOR,QAT,7788
1881410,122,183,1313,2006.0,44934.0,4592.0,-1.506818,-1.193717,KWT,QAT,7788
1881411,124,183,1313,2006.0,11322.0,0.0,0.450113,1.7365119999999998,LBN,QAT,7788
1881412,138,183,1313,2006.0,100480.0,0.0,1.2996729999999999,0.655941,MEX,QAT,7788
1881413,153,183,1313,2006.0,809382.0,12085.0,0.9497270000000001,0.324179,MYS,QAT,7788
1881414,162,183,1313,2006.0,1630376.0,46958.0,1.115718,1.4743680000000001,NLD,QAT,7788
1881415,163,183,1313,2006.0,1742498.0,9823.0,0.621685,-0.280378,NOR,QAT,7788
1881416,166,183,1313,2006.0,23252.0,0.0,0.40442100000000003,0.821033,NZL,QAT,7788
1881417,167,183,1313,2006.0,79327.0,2169.0,-0.871816,-1.184985,OMN,QAT,7788
1881418,168,183,1313,2006.0,19836.0,0.0,-0.500494,0.334983,PAK,QAT,7788
1881419,169,183,1313,2006.0,0.0,8453.0,0.511845,0.7560560000000001,PAN,QAT,7788
1881420,177,183,1313,2006.0,26058.0,0.0,1.0576860000000001,1.283664,POL,QAT,7788
1881421,178,183,1313,2006.0,39801.0,0.0,0.649384,1.069006,PRK,QAT,7788
1881422,179,183,1313,2006.0,76877.0,0.0,0.695569,1.7476200000000002,PRT,QAT,7788
1881423,185,183,1313,2006.0,3216.0,0.0,0.733232,1.2149,ROU,QAT,7788
1881424,188,183,1313,2006.0,237822.0,40580.0,-0.094152,-0.921106,SAU,QAT,7788
1881425,190,183,1313,2006.0,0.0,7087.0,-1.727355,-1.278714,SDN,QAT,7788
1881426,192,183,1313,2006.0,4745647.0,23641.0,1.670134,0.43955600000000006,SGP,QAT,7788
1881427,207,183,1313,2006.0,5393.0,0.0,1.562187,0.612624,SVN,QAT,7788
1881428,208,183,1313,2006.0,823129.0,12855.0,1.921461,0.478688,SWE,QAT,7788
1881429,212,183,1313,2006.0,2560.0,0.0,-0.49903100000000006,0.362867,SYR,QAT,7788
1881430,216,183,1313,2006.0,82651.0,0.0,0.73283,1.419023,THA,QAT,7788
1881431,224,183,1313,2006.0,268714.0,0.0,0.41471,2.138217,TUR,QAT,7788
1881432,231,183,1313,2006.0,8430712.0,3960.0,1.616918,-0.429924,USA,QAT,7788
1881433,246,183,1313,2006.0,24743.0,0.0,0.18317,1.675934,ZAF,QAT,7788
1881434,249,183,1313,2006.0,975476.0,0.0,1.6683169999999998,1.230621,TWN,QAT,7788
1881435,4,185,1313,2006.0,0.0,163670.0,-0.310731,-0.01222,ALB,ROU,7788
1881436,7,185,1313,2006.0,5100.0,6460.0,-0.12063900000000001,-0.817929,ARE,ROU,7788
1881437,14,185,1313,2006.0,109988.0,3674.0,-0.183265,0.564314,AUS,ROU,7788
1881438,15,185,1313,2006.0,12552831.0,1752635.0,1.772588,-0.008943000000000001,AUT,ROU,7788
1881439,18,185,1313,2006.0,10427975.0,13722968.0,1.234224,1.308065,BEL,ROU,7788
1881440,23,185,1313,2006.0,1066314.0,434707.0,0.490234,1.581841,BGR,ROU,7788
1881441,26,185,1313,2006.0,0.0,3042.0,0.543053,0.68971,BIH,ROU,7788
1881442,28,185,1313,2006.0,1383.0,0.0,0.948306,0.702786,BLR,ROU,7788
1881443,32,185,1313,2006.0,1583510.0,245904.0,0.622959,1.413527,BRA,ROU,7788
1881444,39,185,1313,2006.0,2058986.0,8146.0,0.806511,1.466573,CAN,ROU,7788
1881445,41,185,1313,2006.0,3396644.0,4757113.0,2.038668,0.46319,CHE,ROU,7788
1881446,43,185,1313,2006.0,5392532.0,462501.0,0.842242,1.7392740000000002,CHN,ROU,7788
1881447,46,185,1313,2006.0,0.0,10136.0,-1.334582,-1.119781,COD,ROU,7788
1881448,52,185,1313,2006.0,12075.0,0.0,0.07128999999999999,-0.24274400000000002,CRI,ROU,7788
1881449,58,185,1313,2006.0,0.0,1684.0,0.728916,0.023954,CYP,ROU,7788
1881450,59,185,1313,2006.0,3571849.0,1187089.0,1.6478549999999998,0.095131,CZE,ROU,7788
1881451,61,185,1313,2006.0,67625080.0,56063292.0,2.135679,-2.933329,DEU,ROU,7788
1881452,64,185,1313,2006.0,466540.0,0.0,1.25209,1.133206,DNK,ROU,7788
1881453,66,185,1313,2006.0,0.0,91030.0,-1.079717,-1.153102,DZA,ROU,7788
1881454,68,185,1313,2006.0,0.0,39508.0,-0.305058,0.294265,EGY,ROU,7788
1881455,71,185,1313,2006.0,6112498.0,475088.0,0.9909459999999999,1.785809,ESP,ROU,7788
1881456,72,185,1313,2006.0,366902.0,51774.0,0.737979,1.1881950000000001,EST,ROU,7788
1881457,74,185,1313,2006.0,485025.0,136974.0,1.8630220000000002,0.87172,FIN,ROU,7788
1881458,77,185,1313,2006.0,5829893.0,1328864.0,1.499686,0.16705699999999998,FRA,ROU,7788
1881459,81,185,1313,2006.0,19159382.0,32018184.0,1.8509779999999998,0.674074,GBR,ROU,7788
1881460,82,185,1313,2006.0,0.0,3395.0,-0.152929,-0.438435,GEO,ROU,7788
1881461,90,185,1313,2006.0,1596273.0,267534.0,0.183748,1.582167,GRC,ROU,7788
1881462,97,185,1313,2006.0,791178.0,371006.0,0.63347,1.276634,HKG,ROU,7788
1881463,100,185,1313,2006.0,451966.0,183110.0,0.866511,1.217552,HRV,ROU,7788
1881464,102,185,1313,2006.0,16529478.0,1245605.0,1.469539,0.8546090000000001,HUN,ROU,7788
1881465,103,185,1313,2006.0,646336.0,42821.0,0.0036969999999999998,1.703498,IDN,ROU,7788
1881466,104,185,1313,2006.0,365129.0,11285.0,0.202078,2.594677,IND,ROU,7788
1881467,106,185,1313,2006.0,1415871.0,92687.0,1.501322,0.161375,IRL,ROU,7788
1881468,107,185,1313,2006.0,181978.0,1712921.0,-0.755814,-0.9279059999999999,IRN,ROU,7788
1881469,109,185,1313,2006.0,4803.0,0.0,0.06816699999999999,-0.36412,ISL,ROU,7788
1881470,110,185,1313,2006.0,4814605.0,657869.0,1.286738,0.8783610000000001,ISR,ROU,7788
1881471,111,185,1313,2006.0,52405664.0,41923776.0,1.416017,0.161859,ITA,ROU,7788
1881472,113,185,1313,2006.0,0.0,1209.0,0.31143899999999997,0.428361,JOR,ROU,7788
1881473,114,185,1313,2006.0,2944552.0,51202.0,2.442213,-0.046222000000000006,JPN,ROU,7788
1881474,115,185,1313,2006.0,0.0,2039.0,-0.18694000000000002,-0.468758,KAZ,ROU,7788
1881475,121,185,1313,2006.0,966938.0,0.0,1.588589,0.799507,KOR,ROU,7788
1881476,122,185,1313,2006.0,0.0,11868.0,-1.506818,-1.193717,KWT,ROU,7788
1881477,124,185,1313,2006.0,1951.0,18009.0,0.450113,1.7365119999999998,LBN,ROU,7788
1881478,126,185,1313,2006.0,0.0,221504.0,-0.7543529999999999,-1.123674,LBY,ROU,7788
1881479,130,185,1313,2006.0,15236.0,0.0,0.553669,1.252767,LTU,ROU,7788
1881480,131,185,1313,2006.0,136905.0,0.0,1.285123,0.999081,LUX,ROU,7788
1881481,135,185,1313,2006.0,27822.0,228593.0,0.043632,0.21129299999999998,MDA,ROU,7788
1881482,138,185,1313,2006.0,1879941.0,16489.0,1.2996729999999999,0.655941,MEX,ROU,7788
1881483,142,185,1313,2006.0,14869.0,41768.0,1.5366819999999999,0.301101,MLT,ROU,7788
1881484,153,185,1313,2006.0,319737.0,64904.0,0.9497270000000001,0.324179,MYS,ROU,7788
1881485,162,185,1313,2006.0,6596682.0,195577.0,1.115718,1.4743680000000001,NLD,ROU,7788
1881486,163,185,1313,2006.0,235911.0,1484688.0,0.621685,-0.280378,NOR,ROU,7788
1881487,166,185,1313,2006.0,17574.0,17958.0,0.40442100000000003,0.821033,NZL,ROU,7788
1881488,168,185,1313,2006.0,1347.0,6295.0,-0.500494,0.334983,PAK,ROU,7788
1881489,174,185,1313,2006.0,78186.0,0.0,0.32715,-0.15929200000000002,PHL,ROU,7788
1881490,177,185,1313,2006.0,4151864.0,153468.0,1.0576860000000001,1.283664,POL,ROU,7788
1881491,179,185,1313,2006.0,590103.0,2139.0,0.695569,1.7476200000000002,PRT,ROU,7788
1881492,182,185,1313,2006.0,0.0,8030.0,-0.2789,-0.847551,PYF,ROU,7788
1881493,183,185,1313,2006.0,0.0,3216.0,-0.467699,-1.062471,QAT,ROU,7788
1881494,186,185,1313,2006.0,51580.0,315645.0,0.311252,-0.093895,RUS,ROU,7788
1881495,190,185,1313,2006.0,0.0,1449.0,-1.727355,-1.278714,SDN,ROU,7788
1881496,192,185,1313,2006.0,445959.0,284767.0,1.670134,0.43955600000000006,SGP,ROU,7788
1881497,197,185,1313,2006.0,198854.0,0.0,-0.127317,0.189904,SLV,ROU,7788
1881498,201,185,1313,2006.0,29898.0,84694.0,0.581078,1.5831600000000001,SRB,ROU,7788
1881499,206,185,1313,2006.0,358029.0,4837845.0,1.3569950000000002,0.8663290000000001,SVK,ROU,7788
1881500,207,185,1313,2006.0,170773.0,72827.0,1.562187,0.612624,SVN,ROU,7788
1881501,208,185,1313,2006.0,3509488.0,353348.0,1.921461,0.478688,SWE,ROU,7788
1881502,212,185,1313,2006.0,0.0,1011.0,-0.49903100000000006,0.362867,SYR,ROU,7788
1881503,216,185,1313,2006.0,347820.0,1963602.0,0.73283,1.419023,THA,ROU,7788
1881504,223,185,1313,2006.0,3458.0,10697.0,0.140257,0.528918,TUN,ROU,7788
1881505,224,185,1313,2006.0,4777916.0,731059.0,0.41471,2.138217,TUR,ROU,7788
1881506,228,185,1313,2006.0,567331.0,86603.0,0.598325,1.225485,UKR,ROU,7788
1881507,231,185,1313,2006.0,3642593.0,1262928.0,1.616918,-0.429924,USA,ROU,7788
1881508,234,185,1313,2006.0,0.0,4238.0,-0.51151,-0.8950620000000001,VCT,ROU,7788
1881509,236,185,1313,2006.0,0.0,364418.0,-0.5559649999999999,-0.9988299999999999,VEN,ROU,7788
1881510,239,185,1313,2006.0,6167.0,3906.0,-0.089404,0.986066,VNM,ROU,7788
1881511,246,185,1313,2006.0,213253.0,9616.0,0.18317,1.675934,ZAF,ROU,7788
1881512,249,185,1313,2006.0,1730858.0,255134.0,1.6683169999999998,1.230621,TWN,ROU,7788
1881513,250,185,1313,2006.0,1190213.0,1204.0,0.202525,-0.46324499999999996,ANS,ROU,7788
1881514,7,188,1313,2006.0,714156.0,241140.0,-0.12063900000000001,-0.817929,ARE,SAU,7788
1881515,14,188,1313,2006.0,489099.0,6096.0,-0.183265,0.564314,AUS,SAU,7788
1881516,15,188,1313,2006.0,1509181.0,0.0,1.772588,-0.008943000000000001,AUT,SAU,7788
1881517,16,188,1313,2006.0,0.0,3236.0,-0.949606,-1.099346,AZE,SAU,7788
1881518,18,188,1313,2006.0,666090.0,3998844.0,1.234224,1.308065,BEL,SAU,7788
1881519,23,188,1313,2006.0,66138.0,6123.0,0.490234,1.581841,BGR,SAU,7788
1881520,24,188,1313,2006.0,279476.0,461740.0,-0.220239,-1.07936,BHR,SAU,7788
1881521,32,188,1313,2006.0,123214.0,0.0,0.622959,1.413527,BRA,SAU,7788
1881522,39,188,1313,2006.0,1178432.0,0.0,0.806511,1.466573,CAN,SAU,7788
1881523,41,188,1313,2006.0,2415357.0,59703.0,2.038668,0.46319,CHE,SAU,7788
1881524,43,188,1313,2006.0,10640670.0,0.0,0.842242,1.7392740000000002,CHN,SAU,7788
1881525,49,188,1313,2006.0,40949.0,0.0,0.162228,0.550616,COL,SAU,7788
1881526,58,188,1313,2006.0,9167.0,3987.0,0.728916,0.023954,CYP,SAU,7788
1881527,59,188,1313,2006.0,133416.0,1456.0,1.6478549999999998,0.095131,CZE,SAU,7788
1881528,61,188,1313,2006.0,20929370.0,64270.0,2.135679,-2.933329,DEU,SAU,7788
1881529,62,188,1313,2006.0,0.0,3325.0,-0.360761,-0.261373,DJI,SAU,7788
1881530,64,188,1313,2006.0,417819.0,0.0,1.25209,1.133206,DNK,SAU,7788
1881531,68,188,1313,2006.0,201606.0,267976.0,-0.305058,0.294265,EGY,SAU,7788
1881532,71,188,1313,2006.0,7517365.0,2685.0,0.9909459999999999,1.785809,ESP,SAU,7788
1881533,73,188,1313,2006.0,0.0,15886.0,-1.129189,-0.953627,ETH,SAU,7788
1881534,74,188,1313,2006.0,12451339.0,1008.0,1.8630220000000002,0.87172,FIN,SAU,7788
1881535,77,188,1313,2006.0,4727723.0,99669.0,1.499686,0.16705699999999998,FRA,SAU,7788
1881536,81,188,1313,2006.0,29870474.0,237233.0,1.8509779999999998,0.674074,GBR,SAU,7788
1881537,90,188,1313,2006.0,1943606.0,0.0,0.183748,1.582167,GRC,SAU,7788
1881538,97,188,1313,2006.0,248610.0,0.0,0.63347,1.276634,HKG,SAU,7788
1881539,100,188,1313,2006.0,2148.0,0.0,0.866511,1.217552,HRV,SAU,7788
1881540,102,188,1313,2006.0,99329.0,0.0,1.469539,0.8546090000000001,HUN,SAU,7788
1881541,103,188,1313,2006.0,2032.0,0.0,0.0036969999999999998,1.703498,IDN,SAU,7788
1881542,104,188,1313,2006.0,5548064.0,1037152.0,0.202078,2.594677,IND,SAU,7788
1881543,106,188,1313,2006.0,264876.0,3148.0,1.501322,0.161375,IRL,SAU,7788
1881544,107,188,1313,2006.0,23991.0,0.0,-0.755814,-0.9279059999999999,IRN,SAU,7788
1881545,108,188,1313,2006.0,0.0,1027571.0,-2.3271330000000003,-0.992934,IRQ,SAU,7788
1881546,111,188,1313,2006.0,8954046.0,51274.0,1.416017,0.161859,ITA,SAU,7788
1881547,112,188,1313,2006.0,17428.0,0.0,-0.280417,-0.9436829999999999,JAM,SAU,7788
1881548,113,188,1313,2006.0,26285.0,257333.0,0.31143899999999997,0.428361,JOR,SAU,7788
1881549,114,188,1313,2006.0,11845106.0,2726.0,2.442213,-0.046222000000000006,JPN,SAU,7788
1881550,116,188,1313,2006.0,0.0,16346.0,-0.402762,0.89869,KEN,SAU,7788
1881551,121,188,1313,2006.0,5500340.0,4985.0,1.588589,0.799507,KOR,SAU,7788
1881552,122,188,1313,2006.0,131003.0,1190332.0,-1.506818,-1.193717,KWT,SAU,7788
1881553,123,188,1313,2006.0,15408.0,0.0,-0.8422700000000001,-1.000073,LAO,SAU,7788
1881554,124,188,1313,2006.0,32043.0,24109.0,0.450113,1.7365119999999998,LBN,SAU,7788
1881555,126,188,1313,2006.0,0.0,1161162.0,-0.7543529999999999,-1.123674,LBY,SAU,7788
1881556,128,188,1313,2006.0,1717.0,0.0,-0.37725,0.245153,LKA,SAU,7788
1881557,138,188,1313,2006.0,323209.0,42441.0,1.2996729999999999,0.655941,MEX,SAU,7788
1881558,153,188,1313,2006.0,8128498.0,4192.0,0.9497270000000001,0.324179,MYS,SAU,7788
1881559,162,188,1313,2006.0,8817914.0,206144.0,1.115718,1.4743680000000001,NLD,SAU,7788
1881560,163,188,1313,2006.0,49405.0,0.0,0.621685,-0.280378,NOR,SAU,7788
1881561,166,188,1313,2006.0,44306.0,0.0,0.40442100000000003,0.821033,NZL,SAU,7788
1881562,167,188,1313,2006.0,0.0,11106.0,-0.871816,-1.184985,OMN,SAU,7788
1881563,168,188,1313,2006.0,457697.0,233701.0,-0.500494,0.334983,PAK,SAU,7788
1881564,177,188,1313,2006.0,354898.0,5150.0,1.0576860000000001,1.283664,POL,SAU,7788
1881565,178,188,1313,2006.0,43082.0,0.0,0.649384,1.069006,PRK,SAU,7788
1881566,179,188,1313,2006.0,59347.0,0.0,0.695569,1.7476200000000002,PRT,SAU,7788
1881567,183,188,1313,2006.0,40580.0,237822.0,-0.467699,-1.062471,QAT,SAU,7788
1881568,186,188,1313,2006.0,319479.0,0.0,0.311252,-0.093895,RUS,SAU,7788
1881569,190,188,1313,2006.0,0.0,844386.0,-1.727355,-1.278714,SDN,SAU,7788
1881570,192,188,1313,2006.0,1120492.0,0.0,1.670134,0.43955600000000006,SGP,SAU,7788
1881571,199,188,1313,2006.0,0.0,26714.0,-1.042322,-0.957206,SOM,SAU,7788
1881572,201,188,1313,2006.0,1107.0,0.0,0.581078,1.5831600000000001,SRB,SAU,7788
1881573,206,188,1313,2006.0,12014.0,1421.0,1.3569950000000002,0.8663290000000001,SVK,SAU,7788
1881574,207,188,1313,2006.0,100020.0,0.0,1.562187,0.612624,SVN,SAU,7788
1881575,208,188,1313,2006.0,2490843.0,15779.0,1.921461,0.478688,SWE,SAU,7788
1881576,212,188,1313,2006.0,0.0,956245.0,-0.49903100000000006,0.362867,SYR,SAU,7788
1881577,216,188,1313,2006.0,867974.0,37653.0,0.73283,1.419023,THA,SAU,7788
1881578,224,188,1313,2006.0,1053299.0,20616.0,0.41471,2.138217,TUR,SAU,7788
1881579,226,188,1313,2006.0,0.0,3946.0,-0.804761,0.6328729999999999,TZA,SAU,7788
1881580,228,188,1313,2006.0,1661.0,0.0,0.598325,1.225485,UKR,SAU,7788
1881581,231,188,1313,2006.0,54542316.0,181486.0,1.616918,-0.429924,USA,SAU,7788
1881582,236,188,1313,2006.0,0.0,2523.0,-0.5559649999999999,-0.9988299999999999,VEN,SAU,7788
1881583,243,188,1313,2006.0,0.0,61225.0,-1.070559,-1.1655389999999999,YEM,SAU,7788
1881584,246,188,1313,2006.0,1698949.0,1468.0,0.18317,1.675934,ZAF,SAU,7788
1881585,249,188,1313,2006.0,2948466.0,3825.0,1.6683169999999998,1.230621,TWN,SAU,7788
1881586,250,188,1313,2006.0,3592309.0,0.0,0.202525,-0.46324499999999996,ANS,SAU,7788
1881587,8,197,1313,2006.0,10317.0,0.0,0.076917,1.06231,ARG,SLV,7788
1881588,14,197,1313,2006.0,1469.0,83277.0,-0.183265,0.564314,AUS,SLV,7788
1881589,15,197,1313,2006.0,4076.0,387393.0,1.772588,-0.008943000000000001,AUT,SLV,7788
1881590,18,197,1313,2006.0,84275.0,9316.0,1.234224,1.308065,BEL,SLV,7788
1881591,32,197,1313,2006.0,286324.0,271973.0,0.622959,1.413527,BRA,SLV,7788
1881592,39,197,1313,2006.0,60971.0,1851980.0,0.806511,1.466573,CAN,SLV,7788
1881593,41,197,1313,2006.0,67554.0,0.0,2.038668,0.46319,CHE,SLV,7788
1881594,42,197,1313,2006.0,1874.0,0.0,-0.193151,-0.46637,CHL,SLV,7788
1881595,43,197,1313,2006.0,616428.0,1151711.0,0.842242,1.7392740000000002,CHN,SLV,7788
1881596,49,197,1313,2006.0,82193.0,15204.0,0.162228,0.550616,COL,SLV,7788
1881597,52,197,1313,2006.0,163955.0,32857.0,0.07128999999999999,-0.24274400000000002,CRI,SLV,7788
1881598,54,197,1313,2006.0,0.0,2947.0,0.207314,-0.473224,CUB,SLV,7788
1881599,59,197,1313,2006.0,26796.0,7983270.0,1.6478549999999998,0.095131,CZE,SLV,7788
1881600,61,197,1313,2006.0,509710.0,578577.0,2.135679,-2.933329,DEU,SLV,7788
1881601,64,197,1313,2006.0,1719.0,0.0,1.25209,1.133206,DNK,SLV,7788
1881602,65,197,1313,2006.0,0.0,11949.0,0.044542,0.178998,DOM,SLV,7788
1881603,67,197,1313,2006.0,23712.0,0.0,-0.9617209999999999,-0.936366,ECU,SLV,7788
1881604,71,197,1313,2006.0,143235.0,634160.0,0.9909459999999999,1.785809,ESP,SLV,7788
1881605,74,197,1313,2006.0,101017.0,83386.0,1.8630220000000002,0.87172,FIN,SLV,7788
1881606,77,197,1313,2006.0,393659.0,315786.0,1.499686,0.16705699999999998,FRA,SLV,7788
1881607,81,197,1313,2006.0,78228.0,775337.0,1.8509779999999998,0.674074,GBR,SLV,7788
1881608,93,197,1313,2006.0,141700.0,199649.0,-0.179628,0.671552,GTM,SLV,7788
1881609,97,197,1313,2006.0,56000.0,26448620.0,0.63347,1.276634,HKG,SLV,7788
1881610,99,197,1313,2006.0,19706.0,84996.0,-0.520217,-0.41097399999999995,HND,SLV,7788
1881611,101,197,1313,2006.0,0.0,31054.0,-0.8555889999999999,-1.017282,HTI,SLV,7788
1881612,102,197,1313,2006.0,5427.0,0.0,1.469539,0.8546090000000001,HUN,SLV,7788
1881613,104,197,1313,2006.0,0.0,8624.0,0.202078,2.594677,IND,SLV,7788
1881614,106,197,1313,2006.0,0.0,7564.0,1.501322,0.161375,IRL,SLV,7788
1881615,110,197,1313,2006.0,51155.0,0.0,1.286738,0.8783610000000001,ISR,SLV,7788
1881616,111,197,1313,2006.0,884311.0,0.0,1.416017,0.161859,ITA,SLV,7788
1881617,114,197,1313,2006.0,412633.0,15825.0,2.442213,-0.046222000000000006,JPN,SLV,7788
1881618,121,197,1313,2006.0,29832.0,369216.0,1.588589,0.799507,KOR,SLV,7788
1881619,131,197,1313,2006.0,1734.0,0.0,1.285123,0.999081,LUX,SLV,7788
1881620,138,197,1313,2006.0,932414.0,4641901.0,1.2996729999999999,0.655941,MEX,SLV,7788
1881621,153,197,1313,2006.0,189285.0,383481.0,0.9497270000000001,0.324179,MYS,SLV,7788
1881622,160,197,1313,2006.0,0.0,13303.0,-0.9416120000000001,-0.888491,NIC,SLV,7788
1881623,162,197,1313,2006.0,66762.0,6845.0,1.115718,1.4743680000000001,NLD,SLV,7788
1881624,163,197,1313,2006.0,0.0,72047.0,0.621685,-0.280378,NOR,SLV,7788
1881625,166,197,1313,2006.0,0.0,2062.0,0.40442100000000003,0.821033,NZL,SLV,7788
1881626,169,197,1313,2006.0,330819.0,1101.0,0.511845,0.7560560000000001,PAN,SLV,7788
1881627,173,197,1313,2006.0,25628.0,0.0,-0.523516,-0.15574100000000002,PER,SLV,7788
1881628,174,197,1313,2006.0,3523.0,0.0,0.32715,-0.15929200000000002,PHL,SLV,7788
1881629,177,197,1313,2006.0,6602.0,133539.0,1.0576860000000001,1.283664,POL,SLV,7788
1881630,178,197,1313,2006.0,4767.0,0.0,0.649384,1.069006,PRK,SLV,7788
1881631,179,197,1313,2006.0,10769.0,0.0,0.695569,1.7476200000000002,PRT,SLV,7788
1881632,185,197,1313,2006.0,0.0,198854.0,0.733232,1.2149,ROU,SLV,7788
1881633,186,197,1313,2006.0,0.0,26442.0,0.311252,-0.093895,RUS,SLV,7788
1881634,192,197,1313,2006.0,1427.0,8591886.0,1.670134,0.43955600000000006,SGP,SLV,7788
1881635,206,197,1313,2006.0,0.0,2276.0,1.3569950000000002,0.8663290000000001,SVK,SLV,7788
1881636,207,197,1313,2006.0,0.0,6644.0,1.562187,0.612624,SVN,SLV,7788
1881637,208,197,1313,2006.0,383088.0,0.0,1.921461,0.478688,SWE,SLV,7788
1881638,216,197,1313,2006.0,1073.0,54440.0,0.73283,1.419023,THA,SLV,7788
1881639,224,197,1313,2006.0,0.0,14938.0,0.41471,2.138217,TUR,SLV,7788
1881640,230,197,1313,2006.0,7830.0,0.0,0.047764999999999995,0.23831100000000002,URY,SLV,7788
1881641,231,197,1313,2006.0,43831128.0,21514572.0,1.616918,-0.429924,USA,SLV,7788
1881642,236,197,1313,2006.0,2758.0,0.0,-0.5559649999999999,-0.9988299999999999,VEN,SLV,7788
1881643,246,197,1313,2006.0,0.0,42504.0,0.18317,1.675934,ZAF,SLV,7788
1881644,249,197,1313,2006.0,791908.0,395830.0,1.6683169999999998,1.230621,TWN,SLV,7788
1881645,14,205,1313,2006.0,43971.0,0.0,-0.183265,0.564314,AUS,SUR,7788
1881646,32,205,1313,2006.0,0.0,114119.0,0.622959,1.413527,BRA,SUR,7788
1881647,39,205,1313,2006.0,7341.0,0.0,0.806511,1.466573,CAN,SUR,7788
1881648,41,205,1313,2006.0,1875.0,0.0,2.038668,0.46319,CHE,SUR,7788
1881649,43,205,1313,2006.0,54884.0,0.0,0.842242,1.7392740000000002,CHN,SUR,7788
1881650,61,205,1313,2006.0,37304.0,0.0,2.135679,-2.933329,DEU,SUR,7788
1881651,81,205,1313,2006.0,4898.0,0.0,1.8509779999999998,0.674074,GBR,SUR,7788
1881652,104,205,1313,2006.0,478235.0,0.0,0.202078,2.594677,IND,SUR,7788
1881653,106,205,1313,2006.0,275872.0,0.0,1.501322,0.161375,IRL,SUR,7788
1881654,111,205,1313,2006.0,64084.0,0.0,1.416017,0.161859,ITA,SUR,7788
1881655,114,205,1313,2006.0,9226.0,0.0,2.442213,-0.046222000000000006,JPN,SUR,7788
1881656,138,205,1313,2006.0,0.0,1076.0,1.2996729999999999,0.655941,MEX,SUR,7788
1881657,162,205,1313,2006.0,68878.0,25202.0,1.115718,1.4743680000000001,NLD,SUR,7788
1881658,169,205,1313,2006.0,1063.0,0.0,0.511845,0.7560560000000001,PAN,SUR,7788
1881659,222,205,1313,2006.0,1339.0,0.0,-0.346992,-1.03502,TTO,SUR,7788
1881660,224,205,1313,2006.0,10998.0,0.0,0.41471,2.138217,TUR,SUR,7788
1881661,231,205,1313,2006.0,1120664.0,4587.0,1.616918,-0.429924,USA,SUR,7788
1881662,246,205,1313,2006.0,3031.0,0.0,0.18317,1.675934,ZAF,SUR,7788
1881663,249,205,1313,2006.0,1422.0,0.0,1.6683169999999998,1.230621,TWN,SUR,7788
1881664,2,208,1313,2006.0,0.0,58432.0,-2.2010959999999997,-1.189215,AGO,SWE,7788
1881665,6,208,1313,2006.0,0.0,135815.0,0.0063100000000000005,-0.61161,ANT,SWE,7788
1881666,7,208,1313,2006.0,96320.0,8623238.0,-0.12063900000000001,-0.817929,ARE,SWE,7788
1881667,8,208,1313,2006.0,8559.0,363969.0,0.076917,1.06231,ARG,SWE,7788
1881668,9,208,1313,2006.0,0.0,220829.0,-0.044726999999999996,-0.486043,ARM,SWE,7788
1881669,14,208,1313,2006.0,758351.0,5080598.0,-0.183265,0.564314,AUS,SWE,7788
1881670,15,208,1313,2006.0,6224736.0,6231448.0,1.772588,-0.008943000000000001,AUT,SWE,7788
1881671,16,208,1313,2006.0,0.0,231441.0,-0.949606,-1.099346,AZE,SWE,7788
1881672,18,208,1313,2006.0,10427384.0,7634863.0,1.234224,1.308065,BEL,SWE,7788
1881673,22,208,1313,2006.0,99921.0,283355.0,-0.776517,-0.874408,BGD,SWE,7788
1881674,23,208,1313,2006.0,1078841.0,1731836.0,0.490234,1.581841,BGR,SWE,7788
1881675,24,208,1313,2006.0,0.0,61840.0,-0.220239,-1.07936,BHR,SWE,7788
1881676,25,208,1313,2006.0,0.0,17119.0,0.23525900000000002,-0.725657,BHS,SWE,7788
1881677,26,208,1313,2006.0,0.0,111233.0,0.543053,0.68971,BIH,SWE,7788
1881678,28,208,1313,2006.0,0.0,82263.0,0.948306,0.702786,BLR,SWE,7788
1881679,31,208,1313,2006.0,0.0,18096.0,-0.9174540000000001,-0.8314729999999999,BOL,SWE,7788
1881680,32,208,1313,2006.0,188912.0,3073906.0,0.622959,1.413527,BRA,SWE,7788
1881681,33,208,1313,2006.0,0.0,3261.0,0.689051,0.416818,BRB,SWE,7788
1881682,34,208,1313,2006.0,0.0,9524.0,-0.933665,-0.929327,BRN,SWE,7788
1881683,35,208,1313,2006.0,0.0,1663.0,-0.041116,-0.547545,BTN,SWE,7788
1881684,39,208,1313,2006.0,4473715.0,3435130.0,0.806511,1.466573,CAN,SWE,7788
1881685,41,208,1313,2006.0,11004663.0,6091720.0,2.038668,0.46319,CHE,SWE,7788
1881686,42,208,1313,2006.0,196615.0,2743575.0,-0.193151,-0.46637,CHL,SWE,7788
1881687,43,208,1313,2006.0,21582480.0,25105208.0,0.842242,1.7392740000000002,CHN,SWE,7788
1881688,44,208,1313,2006.0,0.0,3651.0,-0.9293,-0.853074,CIV,SWE,7788
1881689,45,208,1313,2006.0,0.0,4168.0,-1.570753,-1.22499,CMR,SWE,7788
1881690,47,208,1313,2006.0,0.0,116470.0,-1.8919540000000001,-1.272166,COG,SWE,7788
1881691,49,208,1313,2006.0,0.0,516703.0,0.162228,0.550616,COL,SWE,7788
1881692,52,208,1313,2006.0,2908.0,13778.0,0.07128999999999999,-0.24274400000000002,CRI,SWE,7788
1881693,54,208,1313,2006.0,0.0,20219.0,0.207314,-0.473224,CUB,SWE,7788
1881694,58,208,1313,2006.0,25681.0,49655.0,0.728916,0.023954,CYP,SWE,7788
1881695,59,208,1313,2006.0,6631338.0,890037.0,1.6478549999999998,0.095131,CZE,SWE,7788
1881696,61,208,1313,2006.0,195028304.0,41450200.0,2.135679,-2.933329,DEU,SWE,7788
1881697,62,208,1313,2006.0,0.0,35514.0,-0.360761,-0.261373,DJI,SWE,7788
1881698,64,208,1313,2006.0,17883632.0,32041106.0,1.25209,1.133206,DNK,SWE,7788
1881699,65,208,1313,2006.0,0.0,257888.0,0.044542,0.178998,DOM,SWE,7788
1881700,66,208,1313,2006.0,0.0,87469.0,-1.079717,-1.153102,DZA,SWE,7788
1881701,67,208,1313,2006.0,0.0,541349.0,-0.9617209999999999,-0.936366,ECU,SWE,7788
1881702,68,208,1313,2006.0,7352.0,1463573.0,-0.305058,0.294265,EGY,SWE,7788
1881703,71,208,1313,2006.0,5940237.0,12228684.0,0.9909459999999999,1.785809,ESP,SWE,7788
1881704,72,208,1313,2006.0,3100160.0,4927470.0,0.737979,1.1881950000000001,EST,SWE,7788
1881705,73,208,1313,2006.0,0.0,4106.0,-1.129189,-0.953627,ETH,SWE,7788
1881706,74,208,1313,2006.0,21689844.0,37440832.0,1.8630220000000002,0.87172,FIN,SWE,7788
1881707,77,208,1313,2006.0,17761940.0,13797138.0,1.499686,0.16705699999999998,FRA,SWE,7788
1881708,78,208,1313,2006.0,6407.0,25785.0,-0.111228,-0.776069,FRO,SWE,7788
1881709,80,208,1313,2006.0,0.0,12045.0,-1.2162620000000002,-1.141485,GAB,SWE,7788
1881710,81,208,1313,2006.0,65511436.0,27154128.0,1.8509779999999998,0.674074,GBR,SWE,7788
1881711,82,208,1313,2006.0,0.0,5472.0,-0.152929,-0.438435,GEO,SWE,7788
1881712,83,208,1313,2006.0,0.0,7230.0,-0.9211739999999999,-0.738322,GHA,SWE,7788
1881713,90,208,1313,2006.0,1484032.0,3128309.0,0.183748,1.582167,GRC,SWE,7788
1881714,92,208,1313,2006.0,0.0,21094.0,-0.744987,-0.9686020000000001,GRL,SWE,7788
1881715,93,208,1313,2006.0,0.0,40533.0,-0.179628,0.671552,GTM,SWE,7788
1881716,97,208,1313,2006.0,17048224.0,3866464.0,0.63347,1.276634,HKG,SWE,7788
1881717,99,208,1313,2006.0,0.0,1881.0,-0.520217,-0.41097399999999995,HND,SWE,7788
1881718,100,208,1313,2006.0,136175.0,1103421.0,0.866511,1.217552,HRV,SWE,7788
1881719,102,208,1313,2006.0,18791968.0,3948474.0,1.469539,0.8546090000000001,HUN,SWE,7788
1881720,103,208,1313,2006.0,790688.0,550918.0,0.0036969999999999998,1.703498,IDN,SWE,7788
1881721,104,208,1313,2006.0,2435346.0,811884.0,0.202078,2.594677,IND,SWE,7788
1881722,106,208,1313,2006.0,5311929.0,3358546.0,1.501322,0.161375,IRL,SWE,7788
1881723,107,208,1313,2006.0,351329.0,1251114.0,-0.755814,-0.9279059999999999,IRN,SWE,7788
1881724,108,208,1313,2006.0,0.0,66437.0,-2.3271330000000003,-0.992934,IRQ,SWE,7788
1881725,109,208,1313,2006.0,28391.0,464323.0,0.06816699999999999,-0.36412,ISL,SWE,7788
1881726,110,208,1313,2006.0,5099604.0,883239.0,1.286738,0.8783610000000001,ISR,SWE,7788
1881727,111,208,1313,2006.0,21793366.0,16880360.0,1.416017,0.161859,ITA,SWE,7788
1881728,112,208,1313,2006.0,0.0,3141.0,-0.280417,-0.9436829999999999,JAM,SWE,7788
1881729,113,208,1313,2006.0,0.0,1110219.0,0.31143899999999997,0.428361,JOR,SWE,7788
1881730,114,208,1313,2006.0,33008958.0,6716518.0,2.442213,-0.046222000000000006,JPN,SWE,7788
1881731,115,208,1313,2006.0,0.0,925472.0,-0.18694000000000002,-0.468758,KAZ,SWE,7788
1881732,116,208,1313,2006.0,0.0,68066.0,-0.402762,0.89869,KEN,SWE,7788
1881733,121,208,1313,2006.0,1516288.0,15544371.0,1.588589,0.799507,KOR,SWE,7788
1881734,122,208,1313,2006.0,26561.0,2040717.0,-1.506818,-1.193717,KWT,SWE,7788
1881735,124,208,1313,2006.0,81396.0,132083.0,0.450113,1.7365119999999998,LBN,SWE,7788
1881736,126,208,1313,2006.0,0.0,5026.0,-0.7543529999999999,-1.123674,LBY,SWE,7788
1881737,128,208,1313,2006.0,46713.0,444308.0,-0.37725,0.245153,LKA,SWE,7788
1881738,130,208,1313,2006.0,6065674.0,6606718.0,0.553669,1.252767,LTU,SWE,7788
1881739,131,208,1313,2006.0,102907.0,26697.0,1.285123,0.999081,LUX,SWE,7788
1881740,132,208,1313,2006.0,401028.0,941193.0,0.548453,1.027836,LVA,SWE,7788
1881741,133,208,1313,2006.0,0.0,2593.0,0.120923,-0.266158,MAC,SWE,7788
1881742,134,208,1313,2006.0,0.0,414239.0,-0.41821499999999995,0.175231,MAR,SWE,7788
1881743,135,208,1313,2006.0,18730.0,144516.0,0.043632,0.21129299999999998,MDA,SWE,7788
1881744,137,208,1313,2006.0,0.0,11725.0,-0.21327600000000002,-0.8216959999999999,MDV,SWE,7788
1881745,138,208,1313,2006.0,78788.0,1778162.0,1.2996729999999999,0.655941,MEX,SWE,7788
1881746,140,208,1313,2006.0,5431.0,337559.0,-0.098526,0.423279,MKD,SWE,7788
1881747,141,208,1313,2006.0,0.0,121945.0,-0.588006,-0.687707,MLI,SWE,7788
1881748,142,208,1313,2006.0,0.0,378576.0,1.5366819999999999,0.301101,MLT,SWE,7788
1881749,143,208,1313,2006.0,0.0,169843.0,-1.203184,-1.081708,MMR,SWE,7788
1881750,144,208,1313,2006.0,0.0,41763.0,0.057147,-0.145592,MNE,SWE,7788
1881751,145,208,1313,2006.0,0.0,1668.0,-0.806932,-1.01265,MNG,SWE,7788
1881752,147,208,1313,2006.0,0.0,2180.0,-1.199074,-1.031059,MOZ,SWE,7788
1881753,151,208,1313,2006.0,0.0,1809.0,-0.214308,-0.140502,MUS,SWE,7788
1881754,152,208,1313,2006.0,23249.0,45648.0,-0.822168,-0.8834860000000001,MWI,SWE,7788
1881755,153,208,1313,2006.0,1315860.0,2609926.0,0.9497270000000001,0.324179,MYS,SWE,7788
1881756,155,208,1313,2006.0,0.0,1215.0,-0.425389,-0.690279,NAM,SWE,7788
1881757,156,208,1313,2006.0,0.0,3056.0,-0.42703900000000006,-0.840608,NCL,SWE,7788
1881758,159,208,1313,2006.0,0.0,16484.0,-2.088278,-1.224464,NGA,SWE,7788
1881759,160,208,1313,2006.0,3741.0,0.0,-0.9416120000000001,-0.888491,NIC,SWE,7788
1881760,162,208,1313,2006.0,36784216.0,15786057.0,1.115718,1.4743680000000001,NLD,SWE,7788
1881761,163,208,1313,2006.0,24141930.0,46563372.0,0.621685,-0.280378,NOR,SWE,7788
1881762,166,208,1313,2006.0,230193.0,237772.0,0.40442100000000003,0.821033,NZL,SWE,7788
1881763,167,208,1313,2006.0,45806.0,6035.0,-0.871816,-1.184985,OMN,SWE,7788
1881764,168,208,1313,2006.0,0.0,223086.0,-0.500494,0.334983,PAK,SWE,7788
1881765,169,208,1313,2006.0,0.0,10506.0,0.511845,0.7560560000000001,PAN,SWE,7788
1881766,173,208,1313,2006.0,0.0,420050.0,-0.523516,-0.15574100000000002,PER,SWE,7788
1881767,174,208,1313,2006.0,517271.0,401044.0,0.32715,-0.15929200000000002,PHL,SWE,7788
1881768,177,208,1313,2006.0,9126888.0,7267503.0,1.0576860000000001,1.283664,POL,SWE,7788
1881769,179,208,1313,2006.0,2217140.0,2478898.0,0.695569,1.7476200000000002,PRT,SWE,7788
1881770,180,208,1313,2006.0,0.0,1493.0,-0.49234399999999995,-0.547616,PRY,SWE,7788
1881771,182,208,1313,2006.0,0.0,10816.0,-0.2789,-0.847551,PYF,SWE,7788
1881772,183,208,1313,2006.0,12855.0,823129.0,-0.467699,-1.062471,QAT,SWE,7788
1881773,185,208,1313,2006.0,353348.0,3509488.0,0.733232,1.2149,ROU,SWE,7788
1881774,186,208,1313,2006.0,1916902.0,14979221.0,0.311252,-0.093895,RUS,SWE,7788
1881775,188,208,1313,2006.0,15779.0,2490843.0,-0.094152,-0.921106,SAU,SWE,7788
1881776,190,208,1313,2006.0,0.0,29201.0,-1.727355,-1.278714,SDN,SWE,7788
1881777,191,208,1313,2006.0,0.0,3608.0,-0.548758,-0.152572,SEN,SWE,7788
1881778,192,208,1313,2006.0,6733038.0,4912508.0,1.670134,0.43955600000000006,SGP,SWE,7788
1881779,196,208,1313,2006.0,0.0,15534.0,0.23031999999999997,-0.114212,SLE,SWE,7788
1881780,197,208,1313,2006.0,0.0,383088.0,-0.127317,0.189904,SLV,SWE,7788
1881781,201,208,1313,2006.0,87015.0,86230.0,0.581078,1.5831600000000001,SRB,SWE,7788
1881782,206,208,1313,2006.0,2581400.0,842441.0,1.3569950000000002,0.8663290000000001,SVK,SWE,7788
1881783,207,208,1313,2006.0,623189.0,2114016.0,1.562187,0.612624,SVN,SWE,7788
1881784,212,208,1313,2006.0,0.0,1055457.0,-0.49903100000000006,0.362867,SYR,SWE,7788
1881785,216,208,1313,2006.0,7184388.0,3330981.0,0.73283,1.419023,THA,SWE,7788
1881786,217,208,1313,2006.0,0.0,2852.0,-0.9646819999999999,-1.166964,TJK,SWE,7788
1881787,222,208,1313,2006.0,0.0,17782.0,-0.346992,-1.03502,TTO,SWE,7788
1881788,223,208,1313,2006.0,25322.0,134773.0,0.140257,0.528918,TUN,SWE,7788
1881789,224,208,1313,2006.0,203634.0,6452400.0,0.41471,2.138217,TUR,SWE,7788
1881790,226,208,1313,2006.0,7497.0,345855.0,-0.804761,0.6328729999999999,TZA,SWE,7788
1881791,227,208,1313,2006.0,0.0,8022.0,-0.789284,-0.161216,UGA,SWE,7788
1881792,228,208,1313,2006.0,3372.0,2430572.0,0.598325,1.225485,UKR,SWE,7788
1881793,230,208,1313,2006.0,31435.0,20673.0,0.047764999999999995,0.23831100000000002,URY,SWE,7788
1881794,231,208,1313,2006.0,33261806.0,37233888.0,1.616918,-0.429924,USA,SWE,7788
1881795,236,208,1313,2006.0,0.0,1238194.0,-0.5559649999999999,-0.9988299999999999,VEN,SWE,7788
1881796,239,208,1313,2006.0,2849.0,1059505.0,-0.089404,0.986066,VNM,SWE,7788
1881797,243,208,1313,2006.0,0.0,4127.0,-1.070559,-1.1655389999999999,YEM,SWE,7788
1881798,246,208,1313,2006.0,587794.0,1392271.0,0.18317,1.675934,ZAF,SWE,7788
1881799,247,208,1313,2006.0,0.0,33569.0,-0.8819040000000001,-0.990542,ZMB,SWE,7788
1881800,248,208,1313,2006.0,0.0,3124.0,-0.354477,-0.273037,ZWE,SWE,7788
1881801,249,208,1313,2006.0,7057063.0,4124341.0,1.6683169999999998,1.230621,TWN,SWE,7788
1881802,5,216,1313,2006.0,7490.0,1808.0,0.986957,0.458078,AND,THA,7788
1881803,6,216,1313,2006.0,0.0,1233342.0,0.0063100000000000005,-0.61161,ANT,THA,7788
1881804,7,216,1313,2006.0,86107.0,203497.0,-0.12063900000000001,-0.817929,ARE,THA,7788
1881805,8,216,1313,2006.0,59717.0,3838148.0,0.076917,1.06231,ARG,THA,7788
1881806,13,216,1313,2006.0,1155.0,0.0,-0.49273500000000003,-0.92522,ATG,THA,7788
1881807,14,216,1313,2006.0,3470694.0,5637987.0,-0.183265,0.564314,AUS,THA,7788
1881808,15,216,1313,2006.0,3554542.0,595125.0,1.772588,-0.008943000000000001,AUT,THA,7788
1881809,18,216,1313,2006.0,1262746.0,923659.0,1.234224,1.308065,BEL,THA,7788
1881810,22,216,1313,2006.0,0.0,596995.0,-0.776517,-0.874408,BGD,THA,7788
1881811,23,216,1313,2006.0,14498.0,16109.0,0.490234,1.581841,BGR,THA,7788
1881812,24,216,1313,2006.0,0.0,78619.0,-0.220239,-1.07936,BHR,THA,7788
1881813,28,216,1313,2006.0,0.0,19810.0,0.948306,0.702786,BLR,THA,7788
1881814,31,216,1313,2006.0,0.0,6073.0,-0.9174540000000001,-0.8314729999999999,BOL,THA,7788
1881815,32,216,1313,2006.0,346503.0,5242609.0,0.622959,1.413527,BRA,THA,7788
1881816,34,216,1313,2006.0,7110.0,11021.0,-0.933665,-0.929327,BRN,THA,7788
1881817,39,216,1313,2006.0,1842877.0,4006979.0,0.806511,1.466573,CAN,THA,7788
1881818,41,216,1313,2006.0,2283442.0,17661272.0,2.038668,0.46319,CHE,THA,7788
1881819,42,216,1313,2006.0,1291.0,8103.0,-0.193151,-0.46637,CHL,THA,7788
1881820,43,216,1313,2006.0,109547920.0,171728848.0,0.842242,1.7392740000000002,CHN,THA,7788
1881821,44,216,1313,2006.0,64727.0,10974.0,-0.9293,-0.853074,CIV,THA,7788
1881822,45,216,1313,2006.0,7199.0,0.0,-1.570753,-1.22499,CMR,THA,7788
1881823,48,216,1313,2006.0,0.0,13881.0,0.939005,-0.057276,COK,THA,7788
1881824,49,216,1313,2006.0,0.0,66562.0,0.162228,0.550616,COL,THA,7788
1881825,52,216,1313,2006.0,1395359.0,15623.0,0.07128999999999999,-0.24274400000000002,CRI,THA,7788
1881826,58,216,1313,2006.0,2398.0,12208.0,0.728916,0.023954,CYP,THA,7788
1881827,59,216,1313,2006.0,2644124.0,6514360.0,1.6478549999999998,0.095131,CZE,THA,7788
1881828,61,216,1313,2006.0,20308090.0,44857020.0,2.135679,-2.933329,DEU,THA,7788
1881829,64,216,1313,2006.0,3410512.0,4526167.0,1.25209,1.133206,DNK,THA,7788
1881830,65,216,1313,2006.0,27524.0,0.0,0.044542,0.178998,DOM,THA,7788
1881831,66,216,1313,2006.0,0.0,1475.0,-1.079717,-1.153102,DZA,THA,7788
1881832,67,216,1313,2006.0,0.0,15095.0,-0.9617209999999999,-0.936366,ECU,THA,7788
1881833,68,216,1313,2006.0,0.0,596001.0,-0.305058,0.294265,EGY,THA,7788
1881834,71,216,1313,2006.0,7985958.0,7057600.0,0.9909459999999999,1.785809,ESP,THA,7788
1881835,72,216,1313,2006.0,1234.0,172176.0,0.737979,1.1881950000000001,EST,THA,7788
1881836,73,216,1313,2006.0,0.0,14268.0,-1.129189,-0.953627,ETH,THA,7788
1881837,74,216,1313,2006.0,617495.0,55113332.0,1.8630220000000002,0.87172,FIN,THA,7788
1881838,75,216,1313,2006.0,0.0,5949.0,-0.527165,-0.17746900000000002,FJI,THA,7788
1881839,77,216,1313,2006.0,3718455.0,16076228.0,1.499686,0.16705699999999998,FRA,THA,7788
1881840,80,216,1313,2006.0,26310.0,0.0,-1.2162620000000002,-1.141485,GAB,THA,7788
1881841,81,216,1313,2006.0,8638013.0,28351678.0,1.8509779999999998,0.674074,GBR,THA,7788
1881842,82,216,1313,2006.0,6603.0,6505.0,-0.152929,-0.438435,GEO,THA,7788
1881843,83,216,1313,2006.0,0.0,6796.0,-0.9211739999999999,-0.738322,GHA,THA,7788
1881844,87,216,1313,2006.0,5047.0,0.0,-0.234454,-0.43427899999999997,GMB,THA,7788
1881845,90,216,1313,2006.0,11324.0,7950.0,0.183748,1.582167,GRC,THA,7788
1881846,95,216,1313,2006.0,0.0,1170.0,0.29584299999999997,-0.324191,GUM,THA,7788
1881847,97,216,1313,2006.0,45066096.0,128316864.0,0.63347,1.276634,HKG,THA,7788
1881848,99,216,1313,2006.0,0.0,3237.0,-0.520217,-0.41097399999999995,HND,THA,7788
1881849,100,216,1313,2006.0,10321.0,17333.0,0.866511,1.217552,HRV,THA,7788
1881850,102,216,1313,2006.0,726220.0,22052726.0,1.469539,0.8546090000000001,HUN,THA,7788
1881851,103,216,1313,2006.0,21694448.0,9688014.0,0.0036969999999999998,1.703498,IDN,THA,7788
1881852,104,216,1313,2006.0,2748387.0,5597586.0,0.202078,2.594677,IND,THA,7788
1881853,106,216,1313,2006.0,519158.0,67248336.0,1.501322,0.161375,IRL,THA,7788
1881854,107,216,1313,2006.0,10288.0,15640.0,-0.755814,-0.9279059999999999,IRN,THA,7788
1881855,109,216,1313,2006.0,5078.0,5109.0,0.06816699999999999,-0.36412,ISL,THA,7788
1881856,110,216,1313,2006.0,2140555.0,188032.0,1.286738,0.8783610000000001,ISR,THA,7788
1881857,111,216,1313,2006.0,4497031.0,6730802.0,1.416017,0.161859,ITA,THA,7788
1881858,112,216,1313,2006.0,0.0,1808.0,-0.280417,-0.9436829999999999,JAM,THA,7788
1881859,113,216,1313,2006.0,0.0,25076.0,0.31143899999999997,0.428361,JOR,THA,7788
1881860,114,216,1313,2006.0,435352352.0,253099840.0,2.442213,-0.046222000000000006,JPN,THA,7788
1881861,115,216,1313,2006.0,0.0,113325.0,-0.18694000000000002,-0.468758,KAZ,THA,7788
1881862,116,216,1313,2006.0,2101.0,3792.0,-0.402762,0.89869,KEN,THA,7788
1881863,118,216,1313,2006.0,0.0,919976.0,-0.841936,-1.038648,KHM,THA,7788
1881864,121,216,1313,2006.0,20553134.0,35631508.0,1.588589,0.799507,KOR,THA,7788
1881865,122,216,1313,2006.0,0.0,88377.0,-1.506818,-1.193717,KWT,THA,7788
1881866,123,216,1313,2006.0,1001.0,757012.0,-0.8422700000000001,-1.000073,LAO,THA,7788
1881867,124,216,1313,2006.0,0.0,47805.0,0.450113,1.7365119999999998,LBN,THA,7788
1881868,128,216,1313,2006.0,705940.0,34496.0,-0.37725,0.245153,LKA,THA,7788
1881869,130,216,1313,2006.0,29901.0,32126.0,0.553669,1.252767,LTU,THA,7788
1881870,133,216,1313,2006.0,132281.0,0.0,0.120923,-0.266158,MAC,THA,7788
1881871,134,216,1313,2006.0,192687.0,10308.0,-0.41821499999999995,0.175231,MAR,THA,7788
1881872,136,216,1313,2006.0,0.0,2293.0,-0.772571,-0.521647,MDG,THA,7788
1881873,137,216,1313,2006.0,0.0,65810.0,-0.21327600000000002,-0.8216959999999999,MDV,THA,7788
1881874,138,216,1313,2006.0,6160789.0,8796713.0,1.2996729999999999,0.655941,MEX,THA,7788
1881875,139,216,1313,2006.0,8517.0,0.0,-0.932843,-0.956528,MHL,THA,7788
1881876,140,216,1313,2006.0,0.0,4072.0,-0.098526,0.423279,MKD,THA,7788
1881877,141,216,1313,2006.0,10434.0,0.0,-0.588006,-0.687707,MLI,THA,7788
1881878,142,216,1313,2006.0,27108.0,4976.0,1.5366819999999999,0.301101,MLT,THA,7788
1881879,143,216,1313,2006.0,0.0,399316.0,-1.203184,-1.081708,MMR,THA,7788
1881880,151,216,1313,2006.0,0.0,11462.0,-0.214308,-0.140502,MUS,THA,7788
1881881,153,216,1313,2006.0,89279304.0,126178152.0,0.9497270000000001,0.324179,MYS,THA,7788
1881882,156,216,1313,2006.0,0.0,14280.0,-0.42703900000000006,-0.840608,NCL,THA,7788
1881883,157,216,1313,2006.0,0.0,9748.0,-0.52447,-0.641225,NER,THA,7788
1881884,162,216,1313,2006.0,2810974.0,17941762.0,1.115718,1.4743680000000001,NLD,THA,7788
1881885,163,216,1313,2006.0,961424.0,4695608.0,0.621685,-0.280378,NOR,THA,7788
1881886,164,216,1313,2006.0,0.0,13152.0,-0.0014349999999999999,0.804425,NPL,THA,7788
1881887,166,216,1313,2006.0,318399.0,9606153.0,0.40442100000000003,0.821033,NZL,THA,7788
1881888,167,216,1313,2006.0,0.0,42346.0,-0.871816,-1.184985,OMN,THA,7788
1881889,168,216,1313,2006.0,0.0,4188507.0,-0.500494,0.334983,PAK,THA,7788
1881890,173,216,1313,2006.0,0.0,117539.0,-0.523516,-0.15574100000000002,PER,THA,7788
1881891,174,216,1313,2006.0,14008054.0,5156421.0,0.32715,-0.15929200000000002,PHL,THA,7788
1881892,177,216,1313,2006.0,1019876.0,2363118.0,1.0576860000000001,1.283664,POL,THA,7788
1881893,178,216,1313,2006.0,47614.0,5079290.0,0.649384,1.069006,PRK,THA,7788
1881894,179,216,1313,2006.0,486784.0,86567.0,0.695569,1.7476200000000002,PRT,THA,7788
1881895,180,216,1313,2006.0,0.0,1191.0,-0.49234399999999995,-0.547616,PRY,THA,7788
1881896,182,216,1313,2006.0,0.0,14722.0,-0.2789,-0.847551,PYF,THA,7788
1881897,183,216,1313,2006.0,0.0,82651.0,-0.467699,-1.062471,QAT,THA,7788
1881898,185,216,1313,2006.0,1963602.0,347820.0,0.733232,1.2149,ROU,THA,7788
1881899,186,216,1313,2006.0,580162.0,2657162.0,0.311252,-0.093895,RUS,THA,7788
1881900,188,216,1313,2006.0,37653.0,867974.0,-0.094152,-0.921106,SAU,THA,7788
1881901,190,216,1313,2006.0,0.0,5905.0,-1.727355,-1.278714,SDN,THA,7788
1881902,192,216,1313,2006.0,179680608.0,138226000.0,1.670134,0.43955600000000006,SGP,THA,7788
1881903,195,216,1313,2006.0,0.0,25784.0,-1.1616959999999998,-1.026145,SLB,THA,7788
1881904,197,216,1313,2006.0,54440.0,1073.0,-0.127317,0.189904,SLV,THA,7788
1881905,201,216,1313,2006.0,0.0,3475.0,0.581078,1.5831600000000001,SRB,THA,7788
1881906,206,216,1313,2006.0,109222.0,889989.0,1.3569950000000002,0.8663290000000001,SVK,THA,7788
1881907,207,216,1313,2006.0,720867.0,62682.0,1.562187,0.612624,SVN,THA,7788
1881908,208,216,1313,2006.0,3330981.0,7184388.0,1.921461,0.478688,SWE,THA,7788
1881909,209,216,1313,2006.0,74423.0,1466.0,0.8177369999999999,0.302106,SWZ,THA,7788
1881910,211,216,1313,2006.0,0.0,1527.0,-0.45782,-0.822773,SYC,THA,7788
1881911,218,216,1313,2006.0,3331.0,0.0,0.45866,0.642893,TKL,THA,7788
1881912,222,216,1313,2006.0,0.0,8624.0,-0.346992,-1.03502,TTO,THA,7788
1881913,223,216,1313,2006.0,10630.0,82601.0,0.140257,0.528918,TUN,THA,7788
1881914,224,216,1313,2006.0,26446.0,383383.0,0.41471,2.138217,TUR,THA,7788
1881915,226,216,1313,2006.0,0.0,13314.0,-0.804761,0.6328729999999999,TZA,THA,7788
1881916,228,216,1313,2006.0,42809.0,4950.0,0.598325,1.225485,UKR,THA,7788
1881917,230,216,1313,2006.0,0.0,13426.0,0.047764999999999995,0.23831100000000002,URY,THA,7788
1881918,231,216,1313,2006.0,42988736.0,169726080.0,1.616918,-0.429924,USA,THA,7788
1881919,236,216,1313,2006.0,0.0,431686.0,-0.5559649999999999,-0.9988299999999999,VEN,THA,7788
1881920,239,216,1313,2006.0,1878328.0,4826839.0,-0.089404,0.986066,VNM,THA,7788
1881921,246,216,1313,2006.0,690511.0,5586862.0,0.18317,1.675934,ZAF,THA,7788
1881922,249,216,1313,2006.0,110938608.0,55731292.0,1.6683169999999998,1.230621,TWN,THA,7788
1881923,250,216,1313,2006.0,10822.0,0.0,0.202525,-0.46324499999999996,ANS,THA,7788
1881924,3,222,1313,2006.0,0.0,2712.0,1.2846959999999998,-0.19459100000000001,AIA,TTO,7788
1881925,6,222,1313,2006.0,5286.0,0.0,0.0063100000000000005,-0.61161,ANT,TTO,7788
1881926,13,222,1313,2006.0,0.0,49838.0,-0.49273500000000003,-0.92522,ATG,TTO,7788
1881927,14,222,1313,2006.0,14520.0,0.0,-0.183265,0.564314,AUS,TTO,7788
1881928,15,222,1313,2006.0,6352.0,0.0,1.772588,-0.008943000000000001,AUT,TTO,7788
1881929,25,222,1313,2006.0,0.0,5428.0,0.23525900000000002,-0.725657,BHS,TTO,7788
1881930,32,222,1313,2006.0,11847.0,0.0,0.622959,1.413527,BRA,TTO,7788
1881931,33,222,1313,2006.0,0.0,1967.0,0.689051,0.416818,BRB,TTO,7788
1881932,39,222,1313,2006.0,236930.0,18097.0,0.806511,1.466573,CAN,TTO,7788
1881933,41,222,1313,2006.0,1613.0,22541.0,2.038668,0.46319,CHE,TTO,7788
1881934,43,222,1313,2006.0,662914.0,2703.0,0.842242,1.7392740000000002,CHN,TTO,7788
1881935,52,222,1313,2006.0,8609.0,0.0,0.07128999999999999,-0.24274400000000002,CRI,TTO,7788
1881936,59,222,1313,2006.0,1847.0,0.0,1.6478549999999998,0.095131,CZE,TTO,7788
1881937,61,222,1313,2006.0,302965.0,81371.0,2.135679,-2.933329,DEU,TTO,7788
1881938,64,222,1313,2006.0,20560.0,0.0,1.25209,1.133206,DNK,TTO,7788
1881939,71,222,1313,2006.0,338045.0,0.0,0.9909459999999999,1.785809,ESP,TTO,7788
1881940,74,222,1313,2006.0,2023.0,0.0,1.8630220000000002,0.87172,FIN,TTO,7788
1881941,77,222,1313,2006.0,20278.0,1188.0,1.499686,0.16705699999999998,FRA,TTO,7788
1881942,81,222,1313,2006.0,433745.0,1415.0,1.8509779999999998,0.674074,GBR,TTO,7788
1881943,91,222,1313,2006.0,0.0,6829.0,0.174862,-0.27636700000000003,GRD,TTO,7788
1881944,96,222,1313,2006.0,0.0,26199.0,-0.637993,-0.880094,GUY,TTO,7788
1881945,97,222,1313,2006.0,16609.0,0.0,0.63347,1.276634,HKG,TTO,7788
1881946,103,222,1313,2006.0,12811.0,0.0,0.0036969999999999998,1.703498,IDN,TTO,7788
1881947,104,222,1313,2006.0,2996896.0,0.0,0.202078,2.594677,IND,TTO,7788
1881948,110,222,1313,2006.0,17136.0,0.0,1.286738,0.8783610000000001,ISR,TTO,7788
1881949,111,222,1313,2006.0,144085.0,0.0,1.416017,0.161859,ITA,TTO,7788
1881950,112,222,1313,2006.0,3994.0,0.0,-0.280417,-0.9436829999999999,JAM,TTO,7788
1881951,114,222,1313,2006.0,66751.0,0.0,2.442213,-0.046222000000000006,JPN,TTO,7788
1881952,120,222,1313,2006.0,0.0,1608.0,1.3110979999999999,-0.061185,KNA,TTO,7788
1881953,121,222,1313,2006.0,5912.0,0.0,1.588589,0.799507,KOR,TTO,7788
1881954,127,222,1313,2006.0,0.0,4001.0,0.990517,-0.100522,LCA,TTO,7788
1881955,138,222,1313,2006.0,10237.0,0.0,1.2996729999999999,0.655941,MEX,TTO,7788
1881956,162,222,1313,2006.0,60356.0,2428.0,1.115718,1.4743680000000001,NLD,TTO,7788
1881957,163,222,1313,2006.0,265153.0,0.0,0.621685,-0.280378,NOR,TTO,7788
1881958,169,222,1313,2006.0,15180.0,0.0,0.511845,0.7560560000000001,PAN,TTO,7788
1881959,178,222,1313,2006.0,4648.0,0.0,0.649384,1.069006,PRK,TTO,7788
1881960,192,222,1313,2006.0,37843.0,8235.0,1.670134,0.43955600000000006,SGP,TTO,7788
1881961,205,222,1313,2006.0,0.0,1339.0,-0.703184,-1.0310979999999998,SUR,TTO,7788
1881962,208,222,1313,2006.0,17782.0,0.0,1.921461,0.478688,SWE,TTO,7788
1881963,216,222,1313,2006.0,8624.0,0.0,0.73283,1.419023,THA,TTO,7788
1881964,231,222,1313,2006.0,11371087.0,301016.0,1.616918,-0.429924,USA,TTO,7788
1881965,234,222,1313,2006.0,0.0,4226.0,-0.51151,-0.8950620000000001,VCT,TTO,7788
1881966,236,222,1313,2006.0,0.0,4873.0,-0.5559649999999999,-0.9988299999999999,VEN,TTO,7788
1881967,246,222,1313,2006.0,8386.0,0.0,0.18317,1.675934,ZAF,TTO,7788
1881968,249,222,1313,2006.0,574680.0,6619.0,1.6683169999999998,1.230621,TWN,TTO,7788
1881969,250,222,1313,2006.0,1483.0,0.0,0.202525,-0.46324499999999996,ANS,TTO,7788
1881970,1,224,1313,2006.0,0.0,274763.0,-0.906723,-0.6810039999999999,AFG,TUR,7788
1881971,4,224,1313,2006.0,4348.0,99678.0,-0.310731,-0.01222,ALB,TUR,7788
1881972,7,224,1313,2006.0,108804.0,1002604.0,-0.12063900000000001,-0.817929,ARE,TUR,7788
1881973,8,224,1313,2006.0,48301.0,5078.0,0.076917,1.06231,ARG,TUR,7788
1881974,9,224,1313,2006.0,0.0,1157.0,-0.044726999999999996,-0.486043,ARM,TUR,7788
1881975,14,224,1313,2006.0,904984.0,24107.0,-0.183265,0.564314,AUS,TUR,7788
1881976,15,224,1313,2006.0,6295943.0,165408.0,1.772588,-0.008943000000000001,AUT,TUR,7788
1881977,16,224,1313,2006.0,0.0,627367.0,-0.949606,-1.099346,AZE,TUR,7788
1881978,18,224,1313,2006.0,6993610.0,215865.0,1.234224,1.308065,BEL,TUR,7788
1881979,22,224,1313,2006.0,0.0,84696.0,-0.776517,-0.874408,BGD,TUR,7788
1881980,23,224,1313,2006.0,1317527.0,640098.0,0.490234,1.581841,BGR,TUR,7788
1881981,24,224,1313,2006.0,0.0,68135.0,-0.220239,-1.07936,BHR,TUR,7788
1881982,25,224,1313,2006.0,94612.0,0.0,0.23525900000000002,-0.725657,BHS,TUR,7788
1881983,26,224,1313,2006.0,1765.0,66989.0,0.543053,0.68971,BIH,TUR,7788
1881984,28,224,1313,2006.0,3545.0,2059.0,0.948306,0.702786,BLR,TUR,7788
1881985,32,224,1313,2006.0,1131454.0,3008.0,0.622959,1.413527,BRA,TUR,7788
1881986,39,224,1313,2006.0,3960420.0,92334.0,0.806511,1.466573,CAN,TUR,7788
1881987,41,224,1313,2006.0,3558186.0,174925.0,2.038668,0.46319,CHE,TUR,7788
1881988,43,224,1313,2006.0,101526624.0,2061494.0,0.842242,1.7392740000000002,CHN,TUR,7788
1881989,44,224,1313,2006.0,0.0,25058.0,-0.9293,-0.853074,CIV,TUR,7788
1881990,45,224,1313,2006.0,0.0,1547.0,-1.570753,-1.22499,CMR,TUR,7788
1881991,47,224,1313,2006.0,0.0,8754.0,-1.8919540000000001,-1.272166,COG,TUR,7788
1881992,49,224,1313,2006.0,0.0,9547.0,0.162228,0.550616,COL,TUR,7788
1881993,54,224,1313,2006.0,0.0,32089.0,0.207314,-0.473224,CUB,TUR,7788
1881994,58,224,1313,2006.0,0.0,1070244.0,0.728916,0.023954,CYP,TUR,7788
1881995,59,224,1313,2006.0,2392226.0,197049.0,1.6478549999999998,0.095131,CZE,TUR,7788
1881996,61,224,1313,2006.0,173342960.0,4402574.0,2.135679,-2.933329,DEU,TUR,7788
1881997,64,224,1313,2006.0,1467882.0,363002.0,1.25209,1.133206,DNK,TUR,7788
1881998,65,224,1313,2006.0,130188.0,0.0,0.044542,0.178998,DOM,TUR,7788
1881999,66,224,1313,2006.0,0.0,228511.0,-1.079717,-1.153102,DZA,TUR,7788
1882000,68,224,1313,2006.0,0.0,643537.0,-0.305058,0.294265,EGY,TUR,7788
1882001,71,224,1313,2006.0,11609736.0,1680299.0,0.9909459999999999,1.785809,ESP,TUR,7788
1882002,72,224,1313,2006.0,10631.0,21122.0,0.737979,1.1881950000000001,EST,TUR,7788
1882003,73,224,1313,2006.0,0.0,26458.0,-1.129189,-0.953627,ETH,TUR,7788
1882004,74,224,1313,2006.0,2093362.0,56913.0,1.8630220000000002,0.87172,FIN,TUR,7788
1882005,77,224,1313,2006.0,26141260.0,1246304.0,1.499686,0.16705699999999998,FRA,TUR,7788
1882006,81,224,1313,2006.0,21637676.0,2078060.0,1.8509779999999998,0.674074,GBR,TUR,7788
1882007,82,224,1313,2006.0,22838.0,384219.0,-0.152929,-0.438435,GEO,TUR,7788
1882008,83,224,1313,2006.0,0.0,37243.0,-0.9211739999999999,-0.738322,GHA,TUR,7788
1882009,87,224,1313,2006.0,0.0,1934.0,-0.234454,-0.43427899999999997,GMB,TUR,7788
1882010,89,224,1313,2006.0,0.0,43791.0,-2.448721,-0.949732,GNQ,TUR,7788
1882011,90,224,1313,2006.0,242661.0,1423908.0,0.183748,1.582167,GRC,TUR,7788
1882012,97,224,1313,2006.0,3418916.0,164064.0,0.63347,1.276634,HKG,TUR,7788
1882013,100,224,1313,2006.0,21211.0,73306.0,0.866511,1.217552,HRV,TUR,7788
1882014,102,224,1313,2006.0,3118550.0,613948.0,1.469539,0.8546090000000001,HUN,TUR,7788
1882015,103,224,1313,2006.0,1075535.0,2114.0,0.0036969999999999998,1.703498,IDN,TUR,7788
1882016,104,224,1313,2006.0,7592973.0,318855.0,0.202078,2.594677,IND,TUR,7788
1882017,106,224,1313,2006.0,2884789.0,86064.0,1.501322,0.161375,IRL,TUR,7788
1882018,107,224,1313,2006.0,165990.0,713777.0,-0.755814,-0.9279059999999999,IRN,TUR,7788
1882019,108,224,1313,2006.0,25460.0,2234246.0,-2.3271330000000003,-0.992934,IRQ,TUR,7788
1882020,109,224,1313,2006.0,15114.0,5734.0,0.06816699999999999,-0.36412,ISL,TUR,7788
1882021,110,224,1313,2006.0,7981361.0,301900.0,1.286738,0.8783610000000001,ISR,TUR,7788
1882022,111,224,1313,2006.0,40743156.0,3226185.0,1.416017,0.161859,ITA,TUR,7788
1882023,113,224,1313,2006.0,0.0,200420.0,0.31143899999999997,0.428361,JOR,TUR,7788
1882024,114,224,1313,2006.0,48355108.0,281515.0,2.442213,-0.046222000000000006,JPN,TUR,7788
1882025,115,224,1313,2006.0,0.0,1432999.0,-0.18694000000000002,-0.468758,KAZ,TUR,7788
1882026,116,224,1313,2006.0,0.0,11288.0,-0.402762,0.89869,KEN,TUR,7788
1882027,117,224,1313,2006.0,0.0,67946.0,-0.091973,0.331995,KGZ,TUR,7788
1882028,121,224,1313,2006.0,36005652.0,200429.0,1.588589,0.799507,KOR,TUR,7788
1882029,122,224,1313,2006.0,0.0,83168.0,-1.506818,-1.193717,KWT,TUR,7788
1882030,124,224,1313,2006.0,0.0,40231.0,0.450113,1.7365119999999998,LBN,TUR,7788
1882031,126,224,1313,2006.0,0.0,93808.0,-0.7543529999999999,-1.123674,LBY,TUR,7788
1882032,128,224,1313,2006.0,0.0,84207.0,-0.37725,0.245153,LKA,TUR,7788
1882033,130,224,1313,2006.0,0.0,75594.0,0.553669,1.252767,LTU,TUR,7788
1882034,131,224,1313,2006.0,1130962.0,1659.0,1.285123,0.999081,LUX,TUR,7788
1882035,132,224,1313,2006.0,0.0,67157.0,0.548453,1.027836,LVA,TUR,7788
1882036,133,224,1313,2006.0,2205.0,0.0,0.120923,-0.266158,MAC,TUR,7788
1882037,134,224,1313,2006.0,0.0,216907.0,-0.41821499999999995,0.175231,MAR,TUR,7788
1882038,135,224,1313,2006.0,0.0,35976.0,0.043632,0.21129299999999998,MDA,TUR,7788
1882039,138,224,1313,2006.0,1398463.0,16676.0,1.2996729999999999,0.655941,MEX,TUR,7788
1882040,140,224,1313,2006.0,0.0,75325.0,-0.098526,0.423279,MKD,TUR,7788
1882041,142,224,1313,2006.0,295626.0,26810.0,1.5366819999999999,0.301101,MLT,TUR,7788
1882042,151,224,1313,2006.0,0.0,1971.0,-0.214308,-0.140502,MUS,TUR,7788
1882043,153,224,1313,2006.0,6629153.0,13012.0,0.9497270000000001,0.324179,MYS,TUR,7788
1882044,155,224,1313,2006.0,1846.0,0.0,-0.425389,-0.690279,NAM,TUR,7788
1882045,159,224,1313,2006.0,0.0,3322.0,-2.088278,-1.224464,NGA,TUR,7788
1882046,162,224,1313,2006.0,33577400.0,1049877.0,1.115718,1.4743680000000001,NLD,TUR,7788
1882047,163,224,1313,2006.0,856203.0,58003.0,0.621685,-0.280378,NOR,TUR,7788
1882048,166,224,1313,2006.0,28120.0,6145.0,0.40442100000000003,0.821033,NZL,TUR,7788
1882049,167,224,1313,2006.0,0.0,42643.0,-0.871816,-1.184985,OMN,TUR,7788
1882050,168,224,1313,2006.0,0.0,92820.0,-0.500494,0.334983,PAK,TUR,7788
1882051,173,224,1313,2006.0,0.0,5568.0,-0.523516,-0.15574100000000002,PER,TUR,7788
1882052,174,224,1313,2006.0,643931.0,3810.0,0.32715,-0.15929200000000002,PHL,TUR,7788
1882053,177,224,1313,2006.0,3433356.0,280522.0,1.0576860000000001,1.283664,POL,TUR,7788
1882054,178,224,1313,2006.0,71956.0,0.0,0.649384,1.069006,PRK,TUR,7788
1882055,179,224,1313,2006.0,367589.0,61196.0,0.695569,1.7476200000000002,PRT,TUR,7788
1882056,183,224,1313,2006.0,0.0,268714.0,-0.467699,-1.062471,QAT,TUR,7788
1882057,185,224,1313,2006.0,731059.0,4777916.0,0.733232,1.2149,ROU,TUR,7788
1882058,186,224,1313,2006.0,5640775.0,1891974.0,0.311252,-0.093895,RUS,TUR,7788
1882059,188,224,1313,2006.0,20616.0,1053299.0,-0.094152,-0.921106,SAU,TUR,7788
1882060,190,224,1313,2006.0,0.0,258225.0,-1.727355,-1.278714,SDN,TUR,7788
1882061,192,224,1313,2006.0,2808513.0,531741.0,1.670134,0.43955600000000006,SGP,TUR,7788
1882062,197,224,1313,2006.0,14938.0,0.0,-0.127317,0.189904,SLV,TUR,7788
1882063,201,224,1313,2006.0,0.0,91835.0,0.581078,1.5831600000000001,SRB,TUR,7788
1882064,205,224,1313,2006.0,0.0,10998.0,-0.703184,-1.0310979999999998,SUR,TUR,7788
1882065,206,224,1313,2006.0,105954.0,20758.0,1.3569950000000002,0.8663290000000001,SVK,TUR,7788
1882066,207,224,1313,2006.0,4978470.0,29919.0,1.562187,0.612624,SVN,TUR,7788
1882067,208,224,1313,2006.0,6452400.0,203634.0,1.921461,0.478688,SWE,TUR,7788
1882068,209,224,1313,2006.0,3248.0,0.0,0.8177369999999999,0.302106,SWZ,TUR,7788
1882069,212,224,1313,2006.0,0.0,286400.0,-0.49903100000000006,0.362867,SYR,TUR,7788
1882070,216,224,1313,2006.0,383383.0,26446.0,0.73283,1.419023,THA,TUR,7788
1882071,217,224,1313,2006.0,0.0,217533.0,-0.9646819999999999,-1.166964,TJK,TUR,7788
1882072,219,224,1313,2006.0,0.0,430522.0,-1.014047,-1.1895149999999999,TKM,TUR,7788
1882073,223,224,1313,2006.0,44410.0,373383.0,0.140257,0.528918,TUN,TUR,7788
1882074,226,224,1313,2006.0,0.0,12456.0,-0.804761,0.6328729999999999,TZA,TUR,7788
1882075,227,224,1313,2006.0,0.0,1790.0,-0.789284,-0.161216,UGA,TUR,7788
1882076,228,224,1313,2006.0,97684.0,173303.0,0.598325,1.225485,UKR,TUR,7788
1882077,231,224,1313,2006.0,18252034.0,518756.0,1.616918,-0.429924,USA,TUR,7788
1882078,232,224,1313,2006.0,0.0,58121.0,-0.508594,-0.7682720000000001,UZB,TUR,7788
1882079,239,224,1313,2006.0,2504750.0,17813.0,-0.089404,0.986066,VNM,TUR,7788
1882080,243,224,1313,2006.0,0.0,18066.0,-1.070559,-1.1655389999999999,YEM,TUR,7788
1882081,246,224,1313,2006.0,3717453.0,149059.0,0.18317,1.675934,ZAF,TUR,7788
1882082,249,224,1313,2006.0,227535680.0,892425.0,1.6683169999999998,1.230621,TWN,TUR,7788
1882083,250,224,1313,2006.0,77340.0,3412482.0,0.202525,-0.46324499999999996,ANS,TUR,7788
1882084,6,230,1313,2006.0,0.0,4614.0,0.0063100000000000005,-0.61161,ANT,URY,7788
1882085,8,230,1313,2006.0,867310.0,44866.0,0.076917,1.06231,ARG,URY,7788
1882086,14,230,1313,2006.0,41799.0,0.0,-0.183265,0.564314,AUS,URY,7788
1882087,15,230,1313,2006.0,16143.0,0.0,1.772588,-0.008943000000000001,AUT,URY,7788
1882088,18,230,1313,2006.0,233447.0,0.0,1.234224,1.308065,BEL,URY,7788
1882089,31,230,1313,2006.0,0.0,15524.0,-0.9174540000000001,-0.8314729999999999,BOL,URY,7788
1882090,32,230,1313,2006.0,1886390.0,128244.0,0.622959,1.413527,BRA,URY,7788
1882091,39,230,1313,2006.0,182634.0,13418.0,0.806511,1.466573,CAN,URY,7788
1882092,41,230,1313,2006.0,63471.0,0.0,2.038668,0.46319,CHE,URY,7788
1882093,42,230,1313,2006.0,51990.0,18457.0,-0.193151,-0.46637,CHL,URY,7788
1882094,43,230,1313,2006.0,488951.0,0.0,0.842242,1.7392740000000002,CHN,URY,7788
1882095,59,230,1313,2006.0,2943.0,0.0,1.6478549999999998,0.095131,CZE,URY,7788
1882096,61,230,1313,2006.0,374502.0,7840.0,2.135679,-2.933329,DEU,URY,7788
1882097,64,230,1313,2006.0,32661.0,0.0,1.25209,1.133206,DNK,URY,7788
1882098,67,230,1313,2006.0,0.0,2713.0,-0.9617209999999999,-0.936366,ECU,URY,7788
1882099,71,230,1313,2006.0,651552.0,5906.0,0.9909459999999999,1.785809,ESP,URY,7788
1882100,74,230,1313,2006.0,3976926.0,0.0,1.8630220000000002,0.87172,FIN,URY,7788
1882101,77,230,1313,2006.0,176651.0,0.0,1.499686,0.16705699999999998,FRA,URY,7788
1882102,81,230,1313,2006.0,91025.0,6608.0,1.8509779999999998,0.674074,GBR,URY,7788
1882103,93,230,1313,2006.0,0.0,7205.0,-0.179628,0.671552,GTM,URY,7788
1882104,97,230,1313,2006.0,212805.0,0.0,0.63347,1.276634,HKG,URY,7788
1882105,99,230,1313,2006.0,0.0,13296.0,-0.520217,-0.41097399999999995,HND,URY,7788
1882106,102,230,1313,2006.0,9654.0,0.0,1.469539,0.8546090000000001,HUN,URY,7788
1882107,103,230,1313,2006.0,7167.0,0.0,0.0036969999999999998,1.703498,IDN,URY,7788
1882108,104,230,1313,2006.0,1563.0,0.0,0.202078,2.594677,IND,URY,7788
1882109,110,230,1313,2006.0,131700.0,0.0,1.286738,0.8783610000000001,ISR,URY,7788
1882110,111,230,1313,2006.0,267328.0,1989.0,1.416017,0.161859,ITA,URY,7788
1882111,114,230,1313,2006.0,156090.0,0.0,2.442213,-0.046222000000000006,JPN,URY,7788
1882112,121,230,1313,2006.0,119792.0,0.0,1.588589,0.799507,KOR,URY,7788
1882113,138,230,1313,2006.0,113938.0,23839.0,1.2996729999999999,0.655941,MEX,URY,7788
1882114,153,230,1313,2006.0,10266.0,0.0,0.9497270000000001,0.324179,MYS,URY,7788
1882115,162,230,1313,2006.0,25564.0,0.0,1.115718,1.4743680000000001,NLD,URY,7788
1882116,163,230,1313,2006.0,19533.0,0.0,0.621685,-0.280378,NOR,URY,7788
1882117,166,230,1313,2006.0,7234.0,0.0,0.40442100000000003,0.821033,NZL,URY,7788
1882118,169,230,1313,2006.0,2969.0,0.0,0.511845,0.7560560000000001,PAN,URY,7788
1882119,173,230,1313,2006.0,0.0,2420.0,-0.523516,-0.15574100000000002,PER,URY,7788
1882120,179,230,1313,2006.0,4617.0,0.0,0.695569,1.7476200000000002,PRT,URY,7788
1882121,180,230,1313,2006.0,0.0,10562.0,-0.49234399999999995,-0.547616,PRY,URY,7788
1882122,192,230,1313,2006.0,10875.0,0.0,1.670134,0.43955600000000006,SGP,URY,7788
1882123,197,230,1313,2006.0,0.0,7830.0,-0.127317,0.189904,SLV,URY,7788
1882124,208,230,1313,2006.0,20673.0,31435.0,1.921461,0.478688,SWE,URY,7788
1882125,216,230,1313,2006.0,13426.0,0.0,0.73283,1.419023,THA,URY,7788
1882126,231,230,1313,2006.0,1877703.0,67452.0,1.616918,-0.429924,USA,URY,7788
1882127,236,230,1313,2006.0,0.0,26766.0,-0.5559649999999999,-0.9988299999999999,VEN,URY,7788
1882128,246,230,1313,2006.0,14628.0,1895.0,0.18317,1.675934,ZAF,URY,7788
1882129,249,230,1313,2006.0,342992.0,0.0,1.6683169999999998,1.230621,TWN,URY,7788
1882130,250,230,1313,2006.0,0.0,2181.0,0.202525,-0.46324499999999996,ANS,URY,7788
1882131,0,231,1313,2006.0,19473.0,684061.0,-0.353579,-0.852273,ABW,USA,7788
1882132,1,231,1313,2006.0,3978.0,1506733.0,-0.906723,-0.6810039999999999,AFG,USA,7788
1882133,2,231,1313,2006.0,4166.0,1517613.0,-2.2010959999999997,-1.189215,AGO,USA,7788
1882134,3,231,1313,2006.0,27061.0,211022.0,1.2846959999999998,-0.19459100000000001,AIA,USA,7788
1882135,4,231,1313,2006.0,42448.0,51916.0,-0.310731,-0.01222,ALB,USA,7788
1882136,5,231,1313,2006.0,0.0,69109.0,0.986957,0.458078,AND,USA,7788
1882137,6,231,1313,2006.0,172826.0,7739831.0,0.0063100000000000005,-0.61161,ANT,USA,7788
1882138,7,231,1313,2006.0,560999.0,58785252.0,-0.12063900000000001,-0.817929,ARE,USA,7788
1882139,8,231,1313,2006.0,241979.0,26907630.0,0.076917,1.06231,ARG,USA,7788
1882140,9,231,1313,2006.0,0.0,753390.0,-0.044726999999999996,-0.486043,ARM,USA,7788
1882141,13,231,1313,2006.0,102816.0,1016576.0,-0.49273500000000003,-0.92522,ATG,USA,7788
1882142,14,231,1313,2006.0,24688518.0,130357824.0,-0.183265,0.564314,AUS,USA,7788
1882143,15,231,1313,2006.0,16313177.0,47868728.0,1.772588,-0.008943000000000001,AUT,USA,7788
1882144,16,231,1313,2006.0,0.0,337315.0,-0.949606,-1.099346,AZE,USA,7788
1882145,17,231,1313,2006.0,0.0,10175.0,-0.139211,-0.558193,BDI,USA,7788
1882146,18,231,1313,2006.0,47922988.0,43277204.0,1.234224,1.308065,BEL,USA,7788
1882147,19,231,1313,2006.0,0.0,51459.0,-1.093919,-0.9748319999999999,BEN,USA,7788
1882148,21,231,1313,2006.0,0.0,11274.0,-0.81399,-0.972464,BFA,USA,7788
1882149,22,231,1313,2006.0,82250.0,885024.0,-0.776517,-0.874408,BGD,USA,7788
1882150,23,231,1313,2006.0,1532318.0,1652666.0,0.490234,1.581841,BGR,USA,7788
1882151,24,231,1313,2006.0,0.0,2078974.0,-0.220239,-1.07936,BHR,USA,7788
1882152,25,231,1313,2006.0,2754984.0,16641513.0,0.23525900000000002,-0.725657,BHS,USA,7788
1882153,26,231,1313,2006.0,1600.0,131391.0,0.543053,0.68971,BIH,USA,7788
1882154,28,231,1313,2006.0,123011.0,270365.0,0.948306,0.702786,BLR,USA,7788
1882155,29,231,1313,2006.0,542830.0,2536517.0,-0.275783,-0.6653439999999999,BLZ,USA,7788
1882156,30,231,1313,2006.0,14453.0,1704347.0,-0.14324,-0.814511,BMU,USA,7788
1882157,31,231,1313,2006.0,9910.0,647083.0,-0.9174540000000001,-0.8314729999999999,BOL,USA,7788
1882158,32,231,1313,2006.0,24437918.0,111637392.0,0.622959,1.413527,BRA,USA,7788
1882159,33,231,1313,2006.0,42881.0,2645407.0,0.689051,0.416818,BRB,USA,7788
1882160,34,231,1313,2006.0,79881.0,98138.0,-0.933665,-0.929327,BRN,USA,7788
1882161,35,231,1313,2006.0,0.0,6243.0,-0.041116,-0.547545,BTN,USA,7788
1882162,37,231,1313,2006.0,6297.0,142661.0,-0.958566,-1.202559,BWA,USA,7788
1882163,38,231,1313,2006.0,0.0,28086.0,-0.444701,-0.774726,CAF,USA,7788
1882164,39,231,1313,2006.0,798773696.0,839661760.0,0.806511,1.466573,CAN,USA,7788
1882165,40,231,1313,2006.0,30613.0,0.0,1.7676450000000001,0.344057,CCK,USA,7788
1882166,41,231,1313,2006.0,104438376.0,56274316.0,2.038668,0.46319,CHE,USA,7788
1882167,42,231,1313,2006.0,194015.0,26879128.0,-0.193151,-0.46637,CHL,USA,7788
1882168,43,231,1313,2006.0,1450039424.0,641796608.0,0.842242,1.7392740000000002,CHN,USA,7788
1882169,44,231,1313,2006.0,1143.0,283750.0,-0.9293,-0.853074,CIV,USA,7788
1882170,45,231,1313,2006.0,15704.0,291291.0,-1.570753,-1.22499,CMR,USA,7788
1882171,46,231,1313,2006.0,0.0,78684.0,-1.334582,-1.119781,COD,USA,7788
1882172,47,231,1313,2006.0,3584.0,179802.0,-1.8919540000000001,-1.272166,COG,USA,7788
1882173,49,231,1313,2006.0,488796.0,30139914.0,0.162228,0.550616,COL,USA,7788
1882174,50,231,1313,2006.0,0.0,7010.0,0.007926,-0.792838,COM,USA,7788
1882175,51,231,1313,2006.0,0.0,129680.0,0.402348,-0.355768,CPV,USA,7788
1882176,52,231,1313,2006.0,3224528.0,28665860.0,0.07128999999999999,-0.24274400000000002,CRI,USA,7788
1882177,57,231,1313,2006.0,0.0,4279416.0,0.5082720000000001,-0.674142,CYM,USA,7788
1882178,58,231,1313,2006.0,61571.0,634953.0,0.728916,0.023954,CYP,USA,7788
1882179,59,231,1313,2006.0,48188012.0,25235858.0,1.6478549999999998,0.095131,CZE,USA,7788
1882180,61,231,1313,2006.0,790200320.0,434292992.0,2.135679,-2.933329,DEU,USA,7788
1882181,62,231,1313,2006.0,0.0,149100.0,-0.360761,-0.261373,DJI,USA,7788
1882182,63,231,1313,2006.0,0.0,122741.0,0.203098,-0.09402999999999999,DMA,USA,7788
1882183,64,231,1313,2006.0,13080936.0,22382216.0,1.25209,1.133206,DNK,USA,7788
1882184,65,231,1313,2006.0,53285944.0,49784752.0,0.044542,0.178998,DOM,USA,7788
1882185,66,231,1313,2006.0,1891.0,3380368.0,-1.079717,-1.153102,DZA,USA,7788
1882186,67,231,1313,2006.0,363926.0,13851505.0,-0.9617209999999999,-0.936366,ECU,USA,7788
1882187,68,231,1313,2006.0,97794.0,12866634.0,-0.305058,0.294265,EGY,USA,7788
1882188,69,231,1313,2006.0,0.0,7247.0,0.312248,-0.046676999999999996,ERI,USA,7788
1882189,71,231,1313,2006.0,179537728.0,47598316.0,0.9909459999999999,1.785809,ESP,USA,7788
1882190,72,231,1313,2006.0,813980.0,1094438.0,0.737979,1.1881950000000001,EST,USA,7788
1882191,73,231,1313,2006.0,0.0,337763.0,-1.129189,-0.953627,ETH,USA,7788
1882192,74,231,1313,2006.0,21074050.0,20739936.0,1.8630220000000002,0.87172,FIN,USA,7788
1882193,75,231,1313,2006.0,17497.0,86087.0,-0.527165,-0.17746900000000002,FJI,USA,7788
1882194,77,231,1313,2006.0,87483632.0,220162176.0,1.499686,0.16705699999999998,FRA,USA,7788
1882195,78,231,1313,2006.0,0.0,11645.0,-0.111228,-0.776069,FRO,USA,7788
1882196,79,231,1313,2006.0,0.0,92189.0,-0.787116,-0.9517690000000001,FSM,USA,7788
1882197,80,231,1313,2006.0,14422.0,342990.0,-1.2162620000000002,-1.141485,GAB,USA,7788
1882198,81,231,1313,2006.0,540433216.0,312313760.0,1.8509779999999998,0.674074,GBR,USA,7788
1882199,82,231,1313,2006.0,1761.0,319794.0,-0.152929,-0.438435,GEO,USA,7788
1882200,83,231,1313,2006.0,0.0,701503.0,-0.9211739999999999,-0.738322,GHA,USA,7788
1882201,84,231,1313,2006.0,9448.0,33078.0,0.519846,-0.43742600000000004,GIB,USA,7788
1882202,85,231,1313,2006.0,0.0,66142.0,-1.526825,-1.191811,GIN,USA,7788
1882203,87,231,1313,2006.0,0.0,12545.0,-0.234454,-0.43427899999999997,GMB,USA,7788
1882204,89,231,1313,2006.0,0.0,1133532.0,-2.448721,-0.949732,GNQ,USA,7788
1882205,90,231,1313,2006.0,395470.0,5353460.0,0.183748,1.582167,GRC,USA,7788
1882206,91,231,1313,2006.0,1703.0,197941.0,0.174862,-0.27636700000000003,GRD,USA,7788
1882207,92,231,1313,2006.0,0.0,4339.0,-0.744987,-0.9686020000000001,GRL,USA,7788
1882208,93,231,1313,2006.0,51770.0,8837069.0,-0.179628,0.671552,GTM,USA,7788
1882209,96,231,1313,2006.0,9110.0,447359.0,-0.637993,-0.880094,GUY,USA,7788
1882210,97,231,1313,2006.0,64102364.0,344824128.0,0.63347,1.276634,HKG,USA,7788
1882211,99,231,1313,2006.0,26569.0,5301244.0,-0.520217,-0.41097399999999995,HND,USA,7788
1882212,100,231,1313,2006.0,1328339.0,942778.0,0.866511,1.217552,HRV,USA,7788
1882213,101,231,1313,2006.0,2509.0,1638407.0,-0.8555889999999999,-1.017282,HTI,USA,7788
1882214,102,231,1313,2006.0,7331856.0,9290265.0,1.469539,0.8546090000000001,HUN,USA,7788
1882215,103,231,1313,2006.0,44965224.0,4232506.0,0.0036969999999999998,1.703498,IDN,USA,7788
1882216,104,231,1313,2006.0,38405216.0,84598320.0,0.202078,2.594677,IND,USA,7788
1882217,105,231,1313,2006.0,2447.0,0.0,1.252631,0.188665,IOT,USA,7788
1882218,106,231,1313,2006.0,15618224.0,97477888.0,1.501322,0.161375,IRL,USA,7788
1882219,108,231,1313,2006.0,4098.0,8992146.0,-2.3271330000000003,-0.992934,IRQ,USA,7788
1882220,109,231,1313,2006.0,22594.0,5791566.0,0.06816699999999999,-0.36412,ISL,USA,7788
1882221,110,231,1313,2006.0,121285824.0,134588336.0,1.286738,0.8783610000000001,ISR,USA,7788
1882222,111,231,1313,2006.0,63007944.0,88286288.0,1.416017,0.161859,ITA,USA,7788
1882223,112,231,1313,2006.0,33578.0,3056449.0,-0.280417,-0.9436829999999999,JAM,USA,7788
1882224,113,231,1313,2006.0,80428.0,1160922.0,0.31143899999999997,0.428361,JOR,USA,7788
1882225,114,231,1313,2006.0,1549947648.0,827918784.0,2.442213,-0.046222000000000006,JPN,USA,7788
1882226,115,231,1313,2006.0,0.0,3852102.0,-0.18694000000000002,-0.468758,KAZ,USA,7788
1882227,116,231,1313,2006.0,150361.0,2089616.0,-0.402762,0.89869,KEN,USA,7788
1882228,117,231,1313,2006.0,0.0,241286.0,-0.091973,0.331995,KGZ,USA,7788
1882229,118,231,1313,2006.0,62793.0,38840.0,-0.841936,-1.038648,KHM,USA,7788
1882230,119,231,1313,2006.0,0.0,1992.0,0.328888,-0.628654,KIR,USA,7788
1882231,120,231,1313,2006.0,228058.0,27835712.0,1.3110979999999999,-0.061185,KNA,USA,7788
1882232,121,231,1313,2006.0,389681600.0,598967488.0,1.588589,0.799507,KOR,USA,7788
1882233,122,231,1313,2006.0,34225.0,9582048.0,-1.506818,-1.193717,KWT,USA,7788
1882234,123,231,1313,2006.0,0.0,8392.0,-0.8422700000000001,-1.000073,LAO,USA,7788
1882235,124,231,1313,2006.0,28475.0,1878804.0,0.450113,1.7365119999999998,LBN,USA,7788
1882236,125,231,1313,2006.0,0.0,54021.0,-1.0431270000000001,-1.1084829999999999,LBR,USA,7788
1882237,126,231,1313,2006.0,0.0,638875.0,-0.7543529999999999,-1.123674,LBY,USA,7788
1882238,127,231,1313,2006.0,21407.0,323714.0,0.990517,-0.100522,LCA,USA,7788
1882239,128,231,1313,2006.0,63775.0,586507.0,-0.37725,0.245153,LKA,USA,7788
1882240,129,231,1313,2006.0,0.0,5848.0,-0.366838,-0.889863,LSO,USA,7788
1882241,130,231,1313,2006.0,489636.0,1121877.0,0.553669,1.252767,LTU,USA,7788
1882242,131,231,1313,2006.0,227624.0,1887193.0,1.285123,0.999081,LUX,USA,7788
1882243,132,231,1313,2006.0,312961.0,1662903.0,0.548453,1.027836,LVA,USA,7788
1882244,133,231,1313,2006.0,633606.0,3272782.0,0.120923,-0.266158,MAC,USA,7788
1882245,134,231,1313,2006.0,38890.0,1666864.0,-0.41821499999999995,0.175231,MAR,USA,7788
1882246,135,231,1313,2006.0,1264683.0,127955.0,0.043632,0.21129299999999998,MDA,USA,7788
1882247,136,231,1313,2006.0,0.0,92203.0,-0.772571,-0.521647,MDG,USA,7788
1882248,137,231,1313,2006.0,0.0,71819.0,-0.21327600000000002,-0.8216959999999999,MDV,USA,7788
1882249,138,231,1313,2006.0,2036119296.0,1540469376.0,1.2996729999999999,0.655941,MEX,USA,7788
1882250,139,231,1313,2006.0,0.0,11434.0,-0.932843,-0.956528,MHL,USA,7788
1882251,140,231,1313,2006.0,1536.0,202231.0,-0.098526,0.423279,MKD,USA,7788
1882252,141,231,1313,2006.0,42741.0,202564.0,-0.588006,-0.687707,MLI,USA,7788
1882253,142,231,1313,2006.0,650457.0,788832.0,1.5366819999999999,0.301101,MLT,USA,7788
1882254,143,231,1313,2006.0,0.0,67965.0,-1.203184,-1.081708,MMR,USA,7788
1882255,144,231,1313,2006.0,0.0,84608.0,0.057147,-0.145592,MNE,USA,7788
1882256,145,231,1313,2006.0,23834.0,58642.0,-0.806932,-1.01265,MNG,USA,7788
1882257,147,231,1313,2006.0,0.0,84071.0,-1.199074,-1.031059,MOZ,USA,7788
1882258,148,231,1313,2006.0,4205.0,191316.0,-1.729545,-1.284734,MRT,USA,7788
1882259,149,231,1313,2006.0,0.0,65475.0,1.547316,0.364813,MSR,USA,7788
1882260,151,231,1313,2006.0,87594.0,173840.0,-0.214308,-0.140502,MUS,USA,7788
1882261,152,231,1313,2006.0,0.0,39928.0,-0.822168,-0.8834860000000001,MWI,USA,7788
1882262,153,231,1313,2006.0,130132960.0,257914992.0,0.9497270000000001,0.324179,MYS,USA,7788
1882263,155,231,1313,2006.0,0.0,359914.0,-0.425389,-0.690279,NAM,USA,7788
1882264,156,231,1313,2006.0,11366.0,88653.0,-0.42703900000000006,-0.840608,NCL,USA,7788
1882265,157,231,1313,2006.0,4878.0,18078.0,-0.52447,-0.641225,NER,USA,7788
1882266,159,231,1313,2006.0,37259.0,3153833.0,-2.088278,-1.224464,NGA,USA,7788
1882267,160,231,1313,2006.0,88977.0,1372279.0,-0.9416120000000001,-0.888491,NIC,USA,7788
1882268,161,231,1313,2006.0,0.0,20008.0,1.184747,-0.013041,NIU,USA,7788
1882269,162,231,1313,2006.0,52618556.0,283148064.0,1.115718,1.4743680000000001,NLD,USA,7788
1882270,163,231,1313,2006.0,4080862.0,11469402.0,0.621685,-0.280378,NOR,USA,7788
1882271,164,231,1313,2006.0,0.0,168290.0,-0.0014349999999999999,0.804425,NPL,USA,7788
1882272,165,231,1313,2006.0,0.0,6589.0,1.1942110000000001,0.391737,NRU,USA,7788
1882273,166,231,1313,2006.0,26272546.0,13828082.0,0.40442100000000003,0.821033,NZL,USA,7788
1882274,167,231,1313,2006.0,8859.0,2049376.0,-0.871816,-1.184985,OMN,USA,7788
1882275,168,231,1313,2006.0,529160.0,4682642.0,-0.500494,0.334983,PAK,USA,7788
1882276,169,231,1313,2006.0,32796.0,5844315.0,0.511845,0.7560560000000001,PAN,USA,7788
1882277,173,231,1313,2006.0,46192.0,9428578.0,-0.523516,-0.15574100000000002,PER,USA,7788
1882278,174,231,1313,2006.0,44460876.0,25743772.0,0.32715,-0.15929200000000002,PHL,USA,7788
1882279,175,231,1313,2006.0,0.0,302852.0,-0.84083,-0.969767,PLW,USA,7788
1882280,176,231,1313,2006.0,11252.0,458371.0,-1.754684,-1.235725,PNG,USA,7788
1882281,177,231,1313,2006.0,6432152.0,9431253.0,1.0576860000000001,1.283664,POL,USA,7788
1882282,179,231,1313,2006.0,7985144.0,6212882.0,0.695569,1.7476200000000002,PRT,USA,7788
1882283,180,231,1313,2006.0,24289.0,954960.0,-0.49234399999999995,-0.547616,PRY,USA,7788
1882284,181,231,1313,2006.0,0.0,82251.0,-0.043153,-0.421504,PSE,USA,7788
1882285,182,231,1313,2006.0,4807.0,381854.0,-0.2789,-0.847551,PYF,USA,7788
1882286,183,231,1313,2006.0,3960.0,8430712.0,-0.467699,-1.062471,QAT,USA,7788
1882287,185,231,1313,2006.0,1262928.0,3642593.0,0.733232,1.2149,ROU,USA,7788
1882288,186,231,1313,2006.0,7322194.0,29889954.0,0.311252,-0.093895,RUS,USA,7788
1882289,187,231,1313,2006.0,0.0,95277.0,0.190864,-0.346779,RWA,USA,7788
1882290,188,231,1313,2006.0,181486.0,54542316.0,-0.094152,-0.921106,SAU,USA,7788
1882291,191,231,1313,2006.0,245569.0,241989.0,-0.548758,-0.152572,SEN,USA,7788
1882292,192,231,1313,2006.0,114571384.0,710178304.0,1.670134,0.43955600000000006,SGP,USA,7788
1882293,194,231,1313,2006.0,6889.0,23000.0,1.622882,0.310727,SHN,USA,7788
1882294,195,231,1313,2006.0,0.0,90000.0,-1.1616959999999998,-1.026145,SLB,USA,7788
1882295,196,231,1313,2006.0,59600.0,148359.0,0.23031999999999997,-0.114212,SLE,USA,7788
1882296,197,231,1313,2006.0,21514572.0,43831128.0,-0.127317,0.189904,SLV,USA,7788
1882297,198,231,1313,2006.0,0.0,3072.0,1.259491,0.47043999999999997,SMR,USA,7788
1882298,199,231,1313,2006.0,0.0,152305.0,-1.042322,-0.957206,SOM,USA,7788
1882299,201,231,1313,2006.0,38190.0,821526.0,0.581078,1.5831600000000001,SRB,USA,7788
1882300,203,231,1313,2006.0,0.0,4206.0,1.061292,-0.052414999999999996,STP,USA,7788
1882301,205,231,1313,2006.0,4587.0,1120664.0,-0.703184,-1.0310979999999998,SUR,USA,7788
1882302,206,231,1313,2006.0,427195.0,2482219.0,1.3569950000000002,0.8663290000000001,SVK,USA,7788
1882303,207,231,1313,2006.0,783323.0,1260346.0,1.562187,0.612624,SVN,USA,7788
1882304,208,231,1313,2006.0,37233888.0,33261806.0,1.921461,0.478688,SWE,USA,7788
1882305,209,231,1313,2006.0,1833.0,48414.0,0.8177369999999999,0.302106,SWZ,USA,7788
1882306,211,231,1313,2006.0,9564.0,41728.0,-0.45782,-0.822773,SYC,USA,7788
1882307,212,231,1313,2006.0,0.0,958064.0,-0.49903100000000006,0.362867,SYR,USA,7788
1882308,213,231,1313,2006.0,0.0,1472605.0,0.445758,0.01026,TCA,USA,7788
1882309,214,231,1313,2006.0,0.0,140859.0,-2.842809,-0.9798959999999999,TCD,USA,7788
1882310,215,231,1313,2006.0,0.0,88546.0,-0.81795,-0.567823,TGO,USA,7788
1882311,216,231,1313,2006.0,169726080.0,42988736.0,0.73283,1.419023,THA,USA,7788
1882312,217,231,1313,2006.0,0.0,47785.0,-0.9646819999999999,-1.166964,TJK,USA,7788
1882313,218,231,1313,2006.0,0.0,7357625.0,0.45866,0.642893,TKL,USA,7788
1882314,219,231,1313,2006.0,0.0,37958.0,-1.014047,-1.1895149999999999,TKM,USA,7788
1882315,220,231,1313,2006.0,0.0,137728.0,-0.23011700000000002,-0.7975770000000001,TLS,USA,7788
1882316,221,231,1313,2006.0,32193.0,3599.0,-0.385793,-0.736392,TON,USA,7788
1882317,222,231,1313,2006.0,301016.0,11371087.0,-0.346992,-1.03502,TTO,USA,7788
1882318,223,231,1313,2006.0,893793.0,734458.0,0.140257,0.528918,TUN,USA,7788
1882319,224,231,1313,2006.0,518756.0,18252034.0,0.41471,2.138217,TUR,USA,7788
1882320,226,231,1313,2006.0,3433.0,440460.0,-0.804761,0.6328729999999999,TZA,USA,7788
1882321,227,231,1313,2006.0,0.0,162734.0,-0.789284,-0.161216,UGA,USA,7788
1882322,228,231,1313,2006.0,1170194.0,1811630.0,0.598325,1.225485,UKR,USA,7788
1882323,230,231,1313,2006.0,67452.0,1877703.0,0.047764999999999995,0.23831100000000002,URY,USA,7788
1882324,232,231,1313,2006.0,0.0,59647.0,-0.508594,-0.7682720000000001,UZB,USA,7788
1882325,234,231,1313,2006.0,0.0,686667.0,-0.51151,-0.8950620000000001,VCT,USA,7788
1882326,236,231,1313,2006.0,331160.0,48319816.0,-0.5559649999999999,-0.9988299999999999,VEN,USA,7788
1882327,237,231,1313,2006.0,8265.0,673013.0,0.937218,0.16353,VGB,USA,7788
1882328,239,231,1313,2006.0,3371486.0,6377144.0,-0.089404,0.986066,VNM,USA,7788
1882329,240,231,1313,2006.0,0.0,14208.0,-0.960584,-0.971794,VUT,USA,7788
1882330,242,231,1313,2006.0,0.0,47651.0,0.246788,-0.474416,WSM,USA,7788
1882331,243,231,1313,2006.0,0.0,229273.0,-1.070559,-1.1655389999999999,YEM,USA,7788
1882332,246,231,1313,2006.0,7477709.0,16725359.0,0.18317,1.675934,ZAF,USA,7788
1882333,247,231,1313,2006.0,0.0,175479.0,-0.8819040000000001,-0.990542,ZMB,USA,7788
1882334,248,231,1313,2006.0,4165.0,19283.0,-0.354477,-0.273037,ZWE,USA,7788
1882335,249,231,1313,2006.0,414039136.0,684044672.0,1.6683169999999998,1.230621,TWN,USA,7788
1882336,6,236,1313,2006.0,104866.0,40288.0,0.0063100000000000005,-0.61161,ANT,VEN,7788
1882337,8,236,1313,2006.0,762770.0,27842.0,0.076917,1.06231,ARG,VEN,7788
1882338,14,236,1313,2006.0,28017.0,0.0,-0.183265,0.564314,AUS,VEN,7788
1882339,15,236,1313,2006.0,1085191.0,1522.0,1.772588,-0.008943000000000001,AUT,VEN,7788
1882340,18,236,1313,2006.0,3723885.0,0.0,1.234224,1.308065,BEL,VEN,7788
1882341,23,236,1313,2006.0,11284.0,0.0,0.490234,1.581841,BGR,VEN,7788
1882342,31,236,1313,2006.0,0.0,9262.0,-0.9174540000000001,-0.8314729999999999,BOL,VEN,7788
1882343,32,236,1313,2006.0,9154755.0,0.0,0.622959,1.413527,BRA,VEN,7788
1882344,39,236,1313,2006.0,741046.0,0.0,0.806511,1.466573,CAN,VEN,7788
1882345,41,236,1313,2006.0,244397.0,0.0,2.038668,0.46319,CHE,VEN,7788
1882346,42,236,1313,2006.0,33939.0,1410.0,-0.193151,-0.46637,CHL,VEN,7788
1882347,43,236,1313,2006.0,5340002.0,82361.0,0.842242,1.7392740000000002,CHN,VEN,7788
1882348,49,236,1313,2006.0,713725.0,99103.0,0.162228,0.550616,COL,VEN,7788
1882349,52,236,1313,2006.0,1611.0,1223.0,0.07128999999999999,-0.24274400000000002,CRI,VEN,7788
1882350,54,236,1313,2006.0,238147.0,0.0,0.207314,-0.473224,CUB,VEN,7788
1882351,59,236,1313,2006.0,14516.0,0.0,1.6478549999999998,0.095131,CZE,VEN,7788
1882352,61,236,1313,2006.0,9291393.0,17862.0,2.135679,-2.933329,DEU,VEN,7788
1882353,64,236,1313,2006.0,930276.0,1965.0,1.25209,1.133206,DNK,VEN,7788
1882354,65,236,1313,2006.0,150433.0,0.0,0.044542,0.178998,DOM,VEN,7788
1882355,67,236,1313,2006.0,13518464.0,124010.0,-0.9617209999999999,-0.936366,ECU,VEN,7788
1882356,71,236,1313,2006.0,8077661.0,7066.0,0.9909459999999999,1.785809,ESP,VEN,7788
1882357,74,236,1313,2006.0,42970.0,0.0,1.8630220000000002,0.87172,FIN,VEN,7788
1882358,77,236,1313,2006.0,17579644.0,8704.0,1.499686,0.16705699999999998,FRA,VEN,7788
1882359,81,236,1313,2006.0,2388858.0,0.0,1.8509779999999998,0.674074,GBR,VEN,7788
1882360,96,236,1313,2006.0,0.0,1004.0,-0.637993,-0.880094,GUY,VEN,7788
1882361,97,236,1313,2006.0,360650.0,0.0,0.63347,1.276634,HKG,VEN,7788
1882362,102,236,1313,2006.0,9777.0,1225.0,1.469539,0.8546090000000001,HUN,VEN,7788
1882363,103,236,1313,2006.0,18217.0,0.0,0.0036969999999999998,1.703498,IDN,VEN,7788
1882364,104,236,1313,2006.0,3322416.0,0.0,0.202078,2.594677,IND,VEN,7788
1882365,106,236,1313,2006.0,88701.0,0.0,1.501322,0.161375,IRL,VEN,7788
1882366,107,236,1313,2006.0,9503.0,0.0,-0.755814,-0.9279059999999999,IRN,VEN,7788
1882367,110,236,1313,2006.0,168765.0,0.0,1.286738,0.8783610000000001,ISR,VEN,7788
1882368,111,236,1313,2006.0,6939180.0,20413.0,1.416017,0.161859,ITA,VEN,7788
1882369,114,236,1313,2006.0,21134584.0,0.0,2.442213,-0.046222000000000006,JPN,VEN,7788
1882370,121,236,1313,2006.0,619186.0,0.0,1.588589,0.799507,KOR,VEN,7788
1882371,138,236,1313,2006.0,5001164.0,215072.0,1.2996729999999999,0.655941,MEX,VEN,7788
1882372,153,236,1313,2006.0,136710.0,0.0,0.9497270000000001,0.324179,MYS,VEN,7788
1882373,160,236,1313,2006.0,5006.0,0.0,-0.9416120000000001,-0.888491,NIC,VEN,7788
1882374,162,236,1313,2006.0,135887.0,2318.0,1.115718,1.4743680000000001,NLD,VEN,7788
1882375,163,236,1313,2006.0,132090.0,1893.0,0.621685,-0.280378,NOR,VEN,7788
1882376,166,236,1313,2006.0,138081.0,0.0,0.40442100000000003,0.821033,NZL,VEN,7788
1882377,169,236,1313,2006.0,1445618.0,7472.0,0.511845,0.7560560000000001,PAN,VEN,7788
1882378,173,236,1313,2006.0,147874.0,0.0,-0.523516,-0.15574100000000002,PER,VEN,7788
1882379,177,236,1313,2006.0,4156868.0,0.0,1.0576860000000001,1.283664,POL,VEN,7788
1882380,185,236,1313,2006.0,364418.0,0.0,0.733232,1.2149,ROU,VEN,7788
1882381,186,236,1313,2006.0,339024.0,0.0,0.311252,-0.093895,RUS,VEN,7788
1882382,187,236,1313,2006.0,83783.0,0.0,0.190864,-0.346779,RWA,VEN,7788
1882383,188,236,1313,2006.0,2523.0,0.0,-0.094152,-0.921106,SAU,VEN,7788
1882384,192,236,1313,2006.0,59954.0,2351.0,1.670134,0.43955600000000006,SGP,VEN,7788
1882385,197,236,1313,2006.0,0.0,2758.0,-0.127317,0.189904,SLV,VEN,7788
1882386,208,236,1313,2006.0,1238194.0,0.0,1.921461,0.478688,SWE,VEN,7788
1882387,216,236,1313,2006.0,431686.0,0.0,0.73283,1.419023,THA,VEN,7788
1882388,222,236,1313,2006.0,4873.0,0.0,-0.346992,-1.03502,TTO,VEN,7788
1882389,230,236,1313,2006.0,26766.0,0.0,0.047764999999999995,0.23831100000000002,URY,VEN,7788
1882390,231,236,1313,2006.0,48319816.0,331160.0,1.616918,-0.429924,USA,VEN,7788
1882391,239,236,1313,2006.0,1195.0,0.0,-0.089404,0.986066,VNM,VEN,7788
1882392,246,236,1313,2006.0,194650.0,0.0,0.18317,1.675934,ZAF,VEN,7788
1882393,249,236,1313,2006.0,3302634.0,0.0,1.6683169999999998,1.230621,TWN,VEN,7788
1882394,0,243,1313,2006.0,156435.0,0.0,-0.353579,-0.852273,ABW,YEM,7788
1882395,7,243,1313,2006.0,127814.0,0.0,-0.12063900000000001,-0.817929,ARE,YEM,7788
1882396,15,243,1313,2006.0,5515.0,0.0,1.772588,-0.008943000000000001,AUT,YEM,7788
1882397,18,243,1313,2006.0,20325.0,0.0,1.234224,1.308065,BEL,YEM,7788
1882398,39,243,1313,2006.0,233135.0,0.0,0.806511,1.466573,CAN,YEM,7788
1882399,41,243,1313,2006.0,2764.0,0.0,2.038668,0.46319,CHE,YEM,7788
1882400,43,243,1313,2006.0,568284.0,0.0,0.842242,1.7392740000000002,CHN,YEM,7788
1882401,59,243,1313,2006.0,6461.0,0.0,1.6478549999999998,0.095131,CZE,YEM,7788
1882402,61,243,1313,2006.0,696142.0,5344.0,2.135679,-2.933329,DEU,YEM,7788
1882403,68,243,1313,2006.0,5596.0,0.0,-0.305058,0.294265,EGY,YEM,7788
1882404,71,243,1313,2006.0,79322.0,0.0,0.9909459999999999,1.785809,ESP,YEM,7788
1882405,77,243,1313,2006.0,216442.0,0.0,1.499686,0.16705699999999998,FRA,YEM,7788
1882406,81,243,1313,2006.0,267442.0,0.0,1.8509779999999998,0.674074,GBR,YEM,7788
1882407,90,243,1313,2006.0,1795.0,0.0,0.183748,1.582167,GRC,YEM,7788
1882408,97,243,1313,2006.0,65046.0,0.0,0.63347,1.276634,HKG,YEM,7788
1882409,103,243,1313,2006.0,11048.0,0.0,0.0036969999999999998,1.703498,IDN,YEM,7788
1882410,104,243,1313,2006.0,184536.0,0.0,0.202078,2.594677,IND,YEM,7788
1882411,111,243,1313,2006.0,373373.0,0.0,1.416017,0.161859,ITA,YEM,7788
1882412,113,243,1313,2006.0,14523.0,0.0,0.31143899999999997,0.428361,JOR,YEM,7788
1882413,114,243,1313,2006.0,85692.0,74636.0,2.442213,-0.046222000000000006,JPN,YEM,7788
1882414,121,243,1313,2006.0,87515.0,19229.0,1.588589,0.799507,KOR,YEM,7788
1882415,124,243,1313,2006.0,16923.0,0.0,0.450113,1.7365119999999998,LBN,YEM,7788
1882416,138,243,1313,2006.0,0.0,1199.0,1.2996729999999999,0.655941,MEX,YEM,7788
1882417,153,243,1313,2006.0,50412.0,0.0,0.9497270000000001,0.324179,MYS,YEM,7788
1882418,162,243,1313,2006.0,102575.0,0.0,1.115718,1.4743680000000001,NLD,YEM,7788
1882419,166,243,1313,2006.0,1472.0,0.0,0.40442100000000003,0.821033,NZL,YEM,7788
1882420,168,243,1313,2006.0,66533.0,0.0,-0.500494,0.334983,PAK,YEM,7788
1882421,186,243,1313,2006.0,0.0,2648.0,0.311252,-0.093895,RUS,YEM,7788
1882422,188,243,1313,2006.0,61225.0,0.0,-0.094152,-0.921106,SAU,YEM,7788
1882423,190,243,1313,2006.0,0.0,5730.0,-1.727355,-1.278714,SDN,YEM,7788
1882424,192,243,1313,2006.0,130363.0,20863.0,1.670134,0.43955600000000006,SGP,YEM,7788
1882425,206,243,1313,2006.0,287750.0,0.0,1.3569950000000002,0.8663290000000001,SVK,YEM,7788
1882426,208,243,1313,2006.0,4127.0,0.0,1.921461,0.478688,SWE,YEM,7788
1882427,224,243,1313,2006.0,18066.0,0.0,0.41471,2.138217,TUR,YEM,7788
1882428,231,243,1313,2006.0,229273.0,0.0,1.616918,-0.429924,USA,YEM,7788
1882429,246,243,1313,2006.0,6891.0,0.0,0.18317,1.675934,ZAF,YEM,7788
1882430,249,243,1313,2006.0,33350.0,0.0,1.6683169999999998,1.230621,TWN,YEM,7788
1882431,250,243,1313,2006.0,755758.0,4516.0,0.202525,-0.46324499999999996,ANS,YEM,7788
1882432,2,249,1313,2006.0,0.0,19748.0,-2.2010959999999997,-1.189215,AGO,TWN,7788
1882433,4,249,1313,2006.0,0.0,10953.0,-0.310731,-0.01222,ALB,TWN,7788
1882434,5,249,1313,2006.0,0.0,6626.0,0.986957,0.458078,AND,TWN,7788
1882435,6,249,1313,2006.0,0.0,5682.0,0.0063100000000000005,-0.61161,ANT,TWN,7788
1882436,7,249,1313,2006.0,20773.0,15428091.0,-0.12063900000000001,-0.817929,ARE,TWN,7788
1882437,8,249,1313,2006.0,103593.0,8257418.0,0.076917,1.06231,ARG,TWN,7788
1882438,9,249,1313,2006.0,0.0,10680.0,-0.044726999999999996,-0.486043,ARM,TWN,7788
1882439,10,249,1313,2006.0,0.0,4922.0,0.6149600000000001,-0.467811,ASM,TWN,7788
1882440,14,249,1313,2006.0,3150576.0,20179832.0,-0.183265,0.564314,AUS,TWN,7788
1882441,15,249,1313,2006.0,29959826.0,112506488.0,1.772588,-0.008943000000000001,AUT,TWN,7788
1882442,16,249,1313,2006.0,0.0,24568.0,-0.949606,-1.099346,AZE,TWN,7788
1882443,18,249,1313,2006.0,3117274.0,6974812.0,1.234224,1.308065,BEL,TWN,7788
1882444,19,249,1313,2006.0,0.0,5893.0,-1.093919,-0.9748319999999999,BEN,TWN,7788
1882445,22,249,1313,2006.0,11609.0,377918.0,-0.776517,-0.874408,BGD,TWN,7788
1882446,23,249,1313,2006.0,3145.0,941095.0,0.490234,1.581841,BGR,TWN,7788
1882447,24,249,1313,2006.0,0.0,81467.0,-0.220239,-1.07936,BHR,TWN,7788
1882448,25,249,1313,2006.0,39433.0,0.0,0.23525900000000002,-0.725657,BHS,TWN,7788
1882449,26,249,1313,2006.0,0.0,12234.0,0.543053,0.68971,BIH,TWN,7788
1882450,28,249,1313,2006.0,21513.0,475956.0,0.948306,0.702786,BLR,TWN,7788
1882451,29,249,1313,2006.0,0.0,10064.0,-0.275783,-0.6653439999999999,BLZ,TWN,7788
1882452,30,249,1313,2006.0,0.0,7624.0,-0.14324,-0.814511,BMU,TWN,7788
1882453,31,249,1313,2006.0,0.0,72374.0,-0.9174540000000001,-0.8314729999999999,BOL,TWN,7788
1882454,32,249,1313,2006.0,444886.0,38333656.0,0.622959,1.413527,BRA,TWN,7788
1882455,33,249,1313,2006.0,6444.0,6096.0,0.689051,0.416818,BRB,TWN,7788
1882456,34,249,1313,2006.0,1537.0,56576.0,-0.933665,-0.929327,BRN,TWN,7788
1882457,37,249,1313,2006.0,0.0,3625.0,-0.958566,-1.202559,BWA,TWN,7788
1882458,39,249,1313,2006.0,2803536.0,24741722.0,0.806511,1.466573,CAN,TWN,7788
1882459,41,249,1313,2006.0,35006492.0,8208822.0,2.038668,0.46319,CHE,TWN,7788
1882460,42,249,1313,2006.0,3961.0,2923693.0,-0.193151,-0.46637,CHL,TWN,7788
1882461,43,249,1313,2006.0,338576992.0,1235619712.0,0.842242,1.7392740000000002,CHN,TWN,7788
1882462,44,249,1313,2006.0,0.0,52116.0,-0.9293,-0.853074,CIV,TWN,7788
1882463,45,249,1313,2006.0,0.0,3660.0,-1.570753,-1.22499,CMR,TWN,7788
1882464,46,249,1313,2006.0,0.0,140649.0,-1.334582,-1.119781,COD,TWN,7788
1882465,49,249,1313,2006.0,16512.0,730446.0,0.162228,0.550616,COL,TWN,7788
1882466,52,249,1313,2006.0,20135.0,389702.0,0.07128999999999999,-0.24274400000000002,CRI,TWN,7788
1882467,54,249,1313,2006.0,14890.0,12206.0,0.207314,-0.473224,CUB,TWN,7788
1882468,57,249,1313,2006.0,149149.0,0.0,0.5082720000000001,-0.674142,CYM,TWN,7788
1882469,58,249,1313,2006.0,0.0,238961.0,0.728916,0.023954,CYP,TWN,7788
1882470,59,249,1313,2006.0,3733023.0,53127488.0,1.6478549999999998,0.095131,CZE,TWN,7788
1882471,61,249,1313,2006.0,182596224.0,311313120.0,2.135679,-2.933329,DEU,TWN,7788
1882472,63,249,1313,2006.0,0.0,3881.0,0.203098,-0.09402999999999999,DMA,TWN,7788
1882473,64,249,1313,2006.0,726806.0,8787780.0,1.25209,1.133206,DNK,TWN,7788
1882474,65,249,1313,2006.0,1234.0,395205.0,0.044542,0.178998,DOM,TWN,7788
1882475,66,249,1313,2006.0,0.0,388051.0,-1.079717,-1.153102,DZA,TWN,7788
1882476,67,249,1313,2006.0,0.0,260139.0,-0.9617209999999999,-0.936366,ECU,TWN,7788
1882477,68,249,1313,2006.0,6293.0,1625440.0,-0.305058,0.294265,EGY,TWN,7788
1882478,71,249,1313,2006.0,9637618.0,30297404.0,0.9909459999999999,1.785809,ESP,TWN,7788
1882479,72,249,1313,2006.0,30530.0,1136230.0,0.737979,1.1881950000000001,EST,TWN,7788
1882480,73,249,1313,2006.0,0.0,10418.0,-1.129189,-0.953627,ETH,TWN,7788
1882481,74,249,1313,2006.0,1950790.0,33646352.0,1.8630220000000002,0.87172,FIN,TWN,7788
1882482,75,249,1313,2006.0,0.0,36300.0,-0.527165,-0.17746900000000002,FJI,TWN,7788
1882483,77,249,1313,2006.0,6891281.0,28859116.0,1.499686,0.16705699999999998,FRA,TWN,7788
1882484,81,249,1313,2006.0,46928812.0,212703536.0,1.8509779999999998,0.674074,GBR,TWN,7788
1882485,82,249,1313,2006.0,0.0,74013.0,-0.152929,-0.438435,GEO,TWN,7788
1882486,83,249,1313,2006.0,0.0,47743.0,-0.9211739999999999,-0.738322,GHA,TWN,7788
1882487,85,249,1313,2006.0,0.0,1924.0,-1.526825,-1.191811,GIN,TWN,7788
1882488,87,249,1313,2006.0,0.0,23201.0,-0.234454,-0.43427899999999997,GMB,TWN,7788
1882489,90,249,1313,2006.0,44928.0,2045793.0,0.183748,1.582167,GRC,TWN,7788
1882490,93,249,1313,2006.0,0.0,169747.0,-0.179628,0.671552,GTM,TWN,7788
1882491,95,249,1313,2006.0,0.0,16235.0,0.29584299999999997,-0.324191,GUM,TWN,7788
1882492,97,249,1313,2006.0,90748920.0,2125937664.0,0.63347,1.276634,HKG,TWN,7788
1882493,99,249,1313,2006.0,0.0,58857.0,-0.520217,-0.41097399999999995,HND,TWN,7788
1882494,100,249,1313,2006.0,8444.0,403804.0,0.866511,1.217552,HRV,TWN,7788
1882495,102,249,1313,2006.0,3051442.0,150073088.0,1.469539,0.8546090000000001,HUN,TWN,7788
1882496,103,249,1313,2006.0,16499946.0,19345090.0,0.0036969999999999998,1.703498,IDN,TWN,7788
1882497,104,249,1313,2006.0,2916898.0,16048542.0,0.202078,2.594677,IND,TWN,7788
1882498,106,249,1313,2006.0,523523.0,8011892.0,1.501322,0.161375,IRL,TWN,7788
1882499,107,249,1313,2006.0,74253.0,3974982.0,-0.755814,-0.9279059999999999,IRN,TWN,7788
1882500,108,249,1313,2006.0,0.0,5218.0,-2.3271330000000003,-0.992934,IRQ,TWN,7788
1882501,109,249,1313,2006.0,2865.0,47657.0,0.06816699999999999,-0.36412,ISL,TWN,7788
1882502,110,249,1313,2006.0,5307466.0,9683472.0,1.286738,0.8783610000000001,ISR,TWN,7788
1882503,111,249,1313,2006.0,9190626.0,31685286.0,1.416017,0.161859,ITA,TWN,7788
1882504,112,249,1313,2006.0,0.0,28396.0,-0.280417,-0.9436829999999999,JAM,TWN,7788
1882505,113,249,1313,2006.0,0.0,435538.0,0.31143899999999997,0.428361,JOR,TWN,7788
1882506,114,249,1313,2006.0,1201261440.0,198122240.0,2.442213,-0.046222000000000006,JPN,TWN,7788
1882507,115,249,1313,2006.0,0.0,172517.0,-0.18694000000000002,-0.468758,KAZ,TWN,7788
1882508,116,249,1313,2006.0,0.0,692644.0,-0.402762,0.89869,KEN,TWN,7788
1882509,117,249,1313,2006.0,0.0,1188.0,-0.091973,0.331995,KGZ,TWN,7788
1882510,118,249,1313,2006.0,0.0,361368.0,-0.841936,-1.038648,KHM,TWN,7788
1882511,119,249,1313,2006.0,0.0,2772.0,0.328888,-0.628654,KIR,TWN,7788
1882512,120,249,1313,2006.0,0.0,18597.0,1.3110979999999999,-0.061185,KNA,TWN,7788
1882513,121,249,1313,2006.0,711614400.0,186285296.0,1.588589,0.799507,KOR,TWN,7788
1882514,122,249,1313,2006.0,0.0,389163.0,-1.506818,-1.193717,KWT,TWN,7788
1882515,124,249,1313,2006.0,73394.0,463225.0,0.450113,1.7365119999999998,LBN,TWN,7788
1882516,125,249,1313,2006.0,0.0,11495.0,-1.0431270000000001,-1.1084829999999999,LBR,TWN,7788
1882517,126,249,1313,2006.0,0.0,463515.0,-0.7543529999999999,-1.123674,LBY,TWN,7788
1882518,127,249,1313,2006.0,0.0,1107.0,0.990517,-0.100522,LCA,TWN,7788
1882519,128,249,1313,2006.0,0.0,330979.0,-0.37725,0.245153,LKA,TWN,7788
1882520,129,249,1313,2006.0,0.0,21408.0,-0.366838,-0.889863,LSO,TWN,7788
1882521,130,249,1313,2006.0,2503.0,10044020.0,0.553669,1.252767,LTU,TWN,7788
1882522,131,249,1313,2006.0,292004.0,3665675.0,1.285123,0.999081,LUX,TWN,7788
1882523,132,249,1313,2006.0,0.0,1323528.0,0.548453,1.027836,LVA,TWN,7788
1882524,133,249,1313,2006.0,303065.0,6011190.0,0.120923,-0.266158,MAC,TWN,7788
1882525,134,249,1313,2006.0,17206.0,495239.0,-0.41821499999999995,0.175231,MAR,TWN,7788
1882526,135,249,1313,2006.0,0.0,53393.0,0.043632,0.21129299999999998,MDA,TWN,7788
1882527,136,249,1313,2006.0,0.0,4216.0,-0.772571,-0.521647,MDG,TWN,7788
1882528,137,249,1313,2006.0,0.0,12453.0,-0.21327600000000002,-0.8216959999999999,MDV,TWN,7788
1882529,138,249,1313,2006.0,12150157.0,117955312.0,1.2996729999999999,0.655941,MEX,TWN,7788
1882530,139,249,1313,2006.0,0.0,5503.0,-0.932843,-0.956528,MHL,TWN,7788
1882531,140,249,1313,2006.0,0.0,33702.0,-0.098526,0.423279,MKD,TWN,7788
1882532,141,249,1313,2006.0,5775.0,0.0,-0.588006,-0.687707,MLI,TWN,7788
1882533,142,249,1313,2006.0,283502.0,108194.0,1.5366819999999999,0.301101,MLT,TWN,7788
1882534,143,249,1313,2006.0,0.0,22534.0,-1.203184,-1.081708,MMR,TWN,7788
1882535,144,249,1313,2006.0,0.0,30892.0,0.057147,-0.145592,MNE,TWN,7788
1882536,145,249,1313,2006.0,0.0,34572.0,-0.806932,-1.01265,MNG,TWN,7788
1882537,146,249,1313,2006.0,0.0,27175.0,0.349612,-0.233961,MNP,TWN,7788
1882538,147,249,1313,2006.0,0.0,2718.0,-1.199074,-1.031059,MOZ,TWN,7788
1882539,151,249,1313,2006.0,0.0,340790.0,-0.214308,-0.140502,MUS,TWN,7788
1882540,152,249,1313,2006.0,0.0,4394.0,-0.822168,-0.8834860000000001,MWI,TWN,7788
1882541,153,249,1313,2006.0,53432932.0,132469168.0,0.9497270000000001,0.324179,MYS,TWN,7788
1882542,155,249,1313,2006.0,0.0,85090.0,-0.425389,-0.690279,NAM,TWN,7788
1882543,156,249,1313,2006.0,0.0,49881.0,-0.42703900000000006,-0.840608,NCL,TWN,7788
1882544,159,249,1313,2006.0,0.0,215444.0,-2.088278,-1.224464,NGA,TWN,7788
1882545,160,249,1313,2006.0,0.0,44855.0,-0.9416120000000001,-0.888491,NIC,TWN,7788
1882546,162,249,1313,2006.0,23528482.0,159391872.0,1.115718,1.4743680000000001,NLD,TWN,7788
1882547,163,249,1313,2006.0,189601.0,2010119.0,0.621685,-0.280378,NOR,TWN,7788
1882548,164,249,1313,2006.0,0.0,16630.0,-0.0014349999999999999,0.804425,NPL,TWN,7788
1882549,166,249,1313,2006.0,829047.0,4419145.0,0.40442100000000003,0.821033,NZL,TWN,7788
1882550,167,249,1313,2006.0,0.0,70860.0,-0.871816,-1.184985,OMN,TWN,7788
1882551,168,249,1313,2006.0,0.0,1468814.0,-0.500494,0.334983,PAK,TWN,7788
1882552,169,249,1313,2006.0,0.0,187138.0,0.511845,0.7560560000000001,PAN,TWN,7788
1882553,173,249,1313,2006.0,0.0,1120103.0,-0.523516,-0.15574100000000002,PER,TWN,7788
1882554,174,249,1313,2006.0,62923584.0,27521488.0,0.32715,-0.15929200000000002,PHL,TWN,7788
1882555,175,249,1313,2006.0,0.0,45669.0,-0.84083,-0.969767,PLW,TWN,7788
1882556,176,249,1313,2006.0,0.0,9197.0,-1.754684,-1.235725,PNG,TWN,7788
1882557,177,249,1313,2006.0,160611.0,93630400.0,1.0576860000000001,1.283664,POL,TWN,7788
1882558,178,249,1313,2006.0,0.0,9572.0,0.649384,1.069006,PRK,TWN,7788
1882559,179,249,1313,2006.0,782748.0,899878.0,0.695569,1.7476200000000002,PRT,TWN,7788
1882560,180,249,1313,2006.0,0.0,903785.0,-0.49234399999999995,-0.547616,PRY,TWN,7788
1882561,182,249,1313,2006.0,0.0,61152.0,-0.2789,-0.847551,PYF,TWN,7788
1882562,183,249,1313,2006.0,0.0,975476.0,-0.467699,-1.062471,QAT,TWN,7788
1882563,185,249,1313,2006.0,255134.0,1730858.0,0.733232,1.2149,ROU,TWN,7788
1882564,186,249,1313,2006.0,33498.0,19009138.0,0.311252,-0.093895,RUS,TWN,7788
1882565,188,249,1313,2006.0,3825.0,2948466.0,-0.094152,-0.921106,SAU,TWN,7788
1882566,190,249,1313,2006.0,0.0,24292.0,-1.727355,-1.278714,SDN,TWN,7788
1882567,191,249,1313,2006.0,0.0,17737.0,-0.548758,-0.152572,SEN,TWN,7788
1882568,192,249,1313,2006.0,36852864.0,107222832.0,1.670134,0.43955600000000006,SGP,TWN,7788
1882569,197,249,1313,2006.0,395830.0,791908.0,-0.127317,0.189904,SLV,TWN,7788
1882570,201,249,1313,2006.0,0.0,135010.0,0.581078,1.5831600000000001,SRB,TWN,7788
1882571,205,249,1313,2006.0,0.0,1422.0,-0.703184,-1.0310979999999998,SUR,TWN,7788
1882572,206,249,1313,2006.0,76147.0,229529152.0,1.3569950000000002,0.8663290000000001,SVK,TWN,7788
1882573,207,249,1313,2006.0,1766828.0,714054.0,1.562187,0.612624,SVN,TWN,7788
1882574,208,249,1313,2006.0,4124341.0,7057063.0,1.921461,0.478688,SWE,TWN,7788
1882575,209,249,1313,2006.0,0.0,3914.0,0.8177369999999999,0.302106,SWZ,TWN,7788
1882576,212,249,1313,2006.0,1410.0,76791.0,-0.49903100000000006,0.362867,SYR,TWN,7788
1882577,216,249,1313,2006.0,55731292.0,110938608.0,0.73283,1.419023,THA,TWN,7788
1882578,221,249,1313,2006.0,0.0,1089.0,-0.385793,-0.736392,TON,TWN,7788
1882579,222,249,1313,2006.0,6619.0,574680.0,-0.346992,-1.03502,TTO,TWN,7788
1882580,223,249,1313,2006.0,7784.0,225443.0,0.140257,0.528918,TUN,TWN,7788
1882581,224,249,1313,2006.0,892425.0,227535680.0,0.41471,2.138217,TUR,TWN,7788
1882582,226,249,1313,2006.0,0.0,6197.0,-0.804761,0.6328729999999999,TZA,TWN,7788
1882583,227,249,1313,2006.0,3600.0,12785.0,-0.789284,-0.161216,UGA,TWN,7788
1882584,228,249,1313,2006.0,11579.0,4782663.0,0.598325,1.225485,UKR,TWN,7788
1882585,230,249,1313,2006.0,0.0,342992.0,0.047764999999999995,0.23831100000000002,URY,TWN,7788
1882586,231,249,1313,2006.0,684044672.0,414039136.0,1.616918,-0.429924,USA,TWN,7788
1882587,232,249,1313,2006.0,0.0,16866.0,-0.508594,-0.7682720000000001,UZB,TWN,7788
1882588,234,249,1313,2006.0,0.0,4610.0,-0.51151,-0.8950620000000001,VCT,TWN,7788
1882589,236,249,1313,2006.0,0.0,3302634.0,-0.5559649999999999,-0.9988299999999999,VEN,TWN,7788
1882590,237,249,1313,2006.0,130526.0,462798.0,0.937218,0.16353,VGB,TWN,7788
1882591,239,249,1313,2006.0,6423434.0,20910502.0,-0.089404,0.986066,VNM,TWN,7788
1882592,242,249,1313,2006.0,53219.0,363769.0,0.246788,-0.474416,WSM,TWN,7788
1882593,243,249,1313,2006.0,0.0,33350.0,-1.070559,-1.1655389999999999,YEM,TWN,7788
1882594,246,249,1313,2006.0,225119.0,6404422.0,0.18317,1.675934,ZAF,TWN,7788
1882595,247,249,1313,2006.0,0.0,2762.0,-0.8819040000000001,-0.990542,ZMB,TWN,7788
1882596,248,249,1313,2006.0,1739.0,78379.0,-0.354477,-0.273037,ZWE,TWN,7788
1882597,250,249,1313,2006.0,30541318.0,84593.0,0.202525,-0.46324499999999996,ANS,TWN,7788
1882598,9,7,1313,2006.0,0.0,11129.0,-0.044726999999999996,-0.486043,ARM,ARE,7788
1882599,14,7,1313,2006.0,2142069.0,1042.0,-0.183265,0.564314,AUS,ARE,7788
1882600,15,7,1313,2006.0,720531.0,2337.0,1.772588,-0.008943000000000001,AUT,ARE,7788
1882601,16,7,1313,2006.0,16935.0,1033477.0,-0.949606,-1.099346,AZE,ARE,7788
1882602,17,7,1313,2006.0,0.0,19395.0,-0.139211,-0.558193,BDI,ARE,7788
1882603,18,7,1313,2006.0,3762314.0,262036.0,1.234224,1.308065,BEL,ARE,7788
1882604,22,7,1313,2006.0,0.0,96353.0,-0.776517,-0.874408,BGD,ARE,7788
1882605,23,7,1313,2006.0,114582.0,117418.0,0.490234,1.581841,BGR,ARE,7788
1882606,24,7,1313,2006.0,31790.0,68237.0,-0.220239,-1.07936,BHR,ARE,7788
1882607,32,7,1313,2006.0,171043.0,3955.0,0.622959,1.413527,BRA,ARE,7788
1882608,39,7,1313,2006.0,2060471.0,40392.0,0.806511,1.466573,CAN,ARE,7788
1882609,41,7,1313,2006.0,5841329.0,54650.0,2.038668,0.46319,CHE,ARE,7788
1882610,42,7,1313,2006.0,0.0,1717.0,-0.193151,-0.46637,CHL,ARE,7788
1882611,43,7,1313,2006.0,54265036.0,56490.0,0.842242,1.7392740000000002,CHN,ARE,7788
1882612,44,7,1313,2006.0,0.0,50905.0,-0.9293,-0.853074,CIV,ARE,7788
1882613,45,7,1313,2006.0,0.0,63585.0,-1.570753,-1.22499,CMR,ARE,7788
1882614,49,7,1313,2006.0,0.0,218573.0,0.162228,0.550616,COL,ARE,7788
1882615,50,7,1313,2006.0,0.0,11754.0,0.007926,-0.792838,COM,ARE,7788
1882616,58,7,1313,2006.0,13454.0,107630.0,0.728916,0.023954,CYP,ARE,7788
1882617,59,7,1313,2006.0,115805.0,0.0,1.6478549999999998,0.095131,CZE,ARE,7788
1882618,61,7,1313,2006.0,33552092.0,4518570.0,2.135679,-2.933329,DEU,ARE,7788
1882619,64,7,1313,2006.0,935229.0,1682.0,1.25209,1.133206,DNK,ARE,7788
1882620,65,7,1313,2006.0,198615.0,0.0,0.044542,0.178998,DOM,ARE,7788
1882621,66,7,1313,2006.0,0.0,152576.0,-1.079717,-1.153102,DZA,ARE,7788
1882622,68,7,1313,2006.0,0.0,343614.0,-0.305058,0.294265,EGY,ARE,7788
1882623,71,7,1313,2006.0,3388861.0,73445.0,0.9909459999999999,1.785809,ESP,ARE,7788
1882624,73,7,1313,2006.0,0.0,136473.0,-1.129189,-0.953627,ETH,ARE,7788
1882625,74,7,1313,2006.0,1944220.0,283362.0,1.8630220000000002,0.87172,FIN,ARE,7788
1882626,77,7,1313,2006.0,16971382.0,18192.0,1.499686,0.16705699999999998,FRA,ARE,7788
1882627,80,7,1313,2006.0,0.0,12692.0,-1.2162620000000002,-1.141485,GAB,ARE,7788
1882628,81,7,1313,2006.0,47957476.0,1571646.0,1.8509779999999998,0.674074,GBR,ARE,7788
1882629,82,7,1313,2006.0,0.0,96570.0,-0.152929,-0.438435,GEO,ARE,7788
1882630,83,7,1313,2006.0,0.0,47152.0,-0.9211739999999999,-0.738322,GHA,ARE,7788
1882631,85,7,1313,2006.0,0.0,13974.0,-1.526825,-1.191811,GIN,ARE,7788
1882632,90,7,1313,2006.0,271184.0,83096.0,0.183748,1.582167,GRC,ARE,7788
1882633,97,7,1313,2006.0,6071464.0,576742.0,0.63347,1.276634,HKG,ARE,7788
1882634,100,7,1313,2006.0,24185.0,0.0,0.866511,1.217552,HRV,ARE,7788
1882635,102,7,1313,2006.0,390761.0,4735.0,1.469539,0.8546090000000001,HUN,ARE,7788
1882636,103,7,1313,2006.0,158914.0,23051.0,0.0036969999999999998,1.703498,IDN,ARE,7788
1882637,104,7,1313,2006.0,4809692.0,3921461.0,0.202078,2.594677,IND,ARE,7788
1882638,106,7,1313,2006.0,2146173.0,25104.0,1.501322,0.161375,IRL,ARE,7788
1882639,107,7,1313,2006.0,30453.0,0.0,-0.755814,-0.9279059999999999,IRN,ARE,7788
1882640,110,7,1313,2006.0,60000.0,0.0,1.286738,0.8783610000000001,ISR,ARE,7788
1882641,111,7,1313,2006.0,11342325.0,188054.0,1.416017,0.161859,ITA,ARE,7788
1882642,113,7,1313,2006.0,21630.0,10747.0,0.31143899999999997,0.428361,JOR,ARE,7788
1882643,114,7,1313,2006.0,10971719.0,18392.0,2.442213,-0.046222000000000006,JPN,ARE,7788
1882644,115,7,1313,2006.0,9050.0,70849.0,-0.18694000000000002,-0.468758,KAZ,ARE,7788
1882645,116,7,1313,2006.0,0.0,122289.0,-0.402762,0.89869,KEN,ARE,7788
1882646,121,7,1313,2006.0,7888109.0,117293.0,1.588589,0.799507,KOR,ARE,7788
1882647,122,7,1313,2006.0,381896.0,308669.0,-1.506818,-1.193717,KWT,ARE,7788
1882648,124,7,1313,2006.0,876438.0,0.0,0.450113,1.7365119999999998,LBN,ARE,7788
1882649,128,7,1313,2006.0,0.0,118558.0,-0.37725,0.245153,LKA,ARE,7788
1882650,130,7,1313,2006.0,16198.0,24504.0,0.553669,1.252767,LTU,ARE,7788
1882651,132,7,1313,2006.0,1330.0,12953.0,0.548453,1.027836,LVA,ARE,7788
1882652,134,7,1313,2006.0,0.0,39227.0,-0.41821499999999995,0.175231,MAR,ARE,7788
1882653,135,7,1313,2006.0,0.0,2106.0,0.043632,0.21129299999999998,MDA,ARE,7788
1882654,137,7,1313,2006.0,0.0,13063.0,-0.21327600000000002,-0.8216959999999999,MDV,ARE,7788
1882655,138,7,1313,2006.0,0.0,12250.0,1.2996729999999999,0.655941,MEX,ARE,7788
1882656,140,7,1313,2006.0,0.0,10004.0,-0.098526,0.423279,MKD,ARE,7788
1882657,141,7,1313,2006.0,0.0,2730.0,-0.588006,-0.687707,MLI,ARE,7788
1882658,142,7,1313,2006.0,0.0,1480.0,1.5366819999999999,0.301101,MLT,ARE,7788
1882659,147,7,1313,2006.0,0.0,7500.0,-1.199074,-1.031059,MOZ,ARE,7788
1882660,151,7,1313,2006.0,0.0,1184.0,-0.214308,-0.140502,MUS,ARE,7788
1882661,152,7,1313,2006.0,13064.0,24558.0,-0.822168,-0.8834860000000001,MWI,ARE,7788
1882662,153,7,1313,2006.0,27198588.0,11595.0,0.9497270000000001,0.324179,MYS,ARE,7788
1882663,155,7,1313,2006.0,0.0,5798.0,-0.425389,-0.690279,NAM,ARE,7788
1882664,159,7,1313,2006.0,0.0,30652.0,-2.088278,-1.224464,NGA,ARE,7788
1882665,162,7,1313,2006.0,7467608.0,244619.0,1.115718,1.4743680000000001,NLD,ARE,7788
1882666,163,7,1313,2006.0,3418559.0,12122.0,0.621685,-0.280378,NOR,ARE,7788
1882667,166,7,1313,2006.0,149772.0,0.0,0.40442100000000003,0.821033,NZL,ARE,7788
1882668,167,7,1313,2006.0,0.0,4457542.0,-0.871816,-1.184985,OMN,ARE,7788
1882669,168,7,1313,2006.0,50238.0,768911.0,-0.500494,0.334983,PAK,ARE,7788
1882670,174,7,1313,2006.0,5852.0,0.0,0.32715,-0.15929200000000002,PHL,ARE,7788
1882671,177,7,1313,2006.0,2313577.0,39256.0,1.0576860000000001,1.283664,POL,ARE,7788
1882672,179,7,1313,2006.0,46909.0,0.0,0.695569,1.7476200000000002,PRT,ARE,7788
1882673,183,7,1313,2006.0,45851.0,917421.0,-0.467699,-1.062471,QAT,ARE,7788
1882674,185,7,1313,2006.0,6460.0,5100.0,0.733232,1.2149,ROU,ARE,7788
1882675,186,7,1313,2006.0,121892.0,4073075.0,0.311252,-0.093895,RUS,ARE,7788
1882676,187,7,1313,2006.0,0.0,189740.0,0.190864,-0.346779,RWA,ARE,7788
1882677,188,7,1313,2006.0,241140.0,714156.0,-0.094152,-0.921106,SAU,ARE,7788
1882678,190,7,1313,2006.0,0.0,234634.0,-1.727355,-1.278714,SDN,ARE,7788
1882679,191,7,1313,2006.0,22710.0,24270.0,-0.548758,-0.152572,SEN,ARE,7788
1882680,192,7,1313,2006.0,6025117.0,274206.0,1.670134,0.43955600000000006,SGP,ARE,7788
1882681,201,7,1313,2006.0,4281.0,0.0,0.581078,1.5831600000000001,SRB,ARE,7788
1882682,206,7,1313,2006.0,6481.0,1088.0,1.3569950000000002,0.8663290000000001,SVK,ARE,7788
1882683,207,7,1313,2006.0,7824.0,0.0,1.562187,0.612624,SVN,ARE,7788
1882684,208,7,1313,2006.0,8623238.0,96320.0,1.921461,0.478688,SWE,ARE,7788
1882685,211,7,1313,2006.0,1282.0,4671.0,-0.45782,-0.822773,SYC,ARE,7788
1882686,212,7,1313,2006.0,0.0,7891.0,-0.49903100000000006,0.362867,SYR,ARE,7788
1882687,216,7,1313,2006.0,203497.0,86107.0,0.73283,1.419023,THA,ARE,7788
1882688,224,7,1313,2006.0,1002604.0,108804.0,0.41471,2.138217,TUR,ARE,7788
1882689,226,7,1313,2006.0,0.0,150416.0,-0.804761,0.6328729999999999,TZA,ARE,7788
1882690,227,7,1313,2006.0,0.0,90508.0,-0.789284,-0.161216,UGA,ARE,7788
1882691,228,7,1313,2006.0,90875.0,116448.0,0.598325,1.225485,UKR,ARE,7788
1882692,231,7,1313,2006.0,58785252.0,560999.0,1.616918,-0.429924,USA,ARE,7788
1882693,239,7,1313,2006.0,22482.0,3045.0,-0.089404,0.986066,VNM,ARE,7788
1882694,243,7,1313,2006.0,0.0,127814.0,-1.070559,-1.1655389999999999,YEM,ARE,7788
1882695,246,7,1313,2006.0,222813.0,119781.0,0.18317,1.675934,ZAF,ARE,7788
1882696,247,7,1313,2006.0,0.0,20574.0,-0.8819040000000001,-0.990542,ZMB,ARE,7788
1882697,248,7,1313,2006.0,0.0,9148.0,-0.354477,-0.273037,ZWE,ARE,7788
1882698,249,7,1313,2006.0,15428091.0,20773.0,1.6683169999999998,1.230621,TWN,ARE,7788
1882699,1,14,1313,2006.0,0.0,215992.0,-0.906723,-0.6810039999999999,AFG,AUS,7788
1882700,2,14,1313,2006.0,0.0,36427.0,-2.2010959999999997,-1.189215,AGO,AUS,7788
1882701,4,14,1313,2006.0,0.0,3211.0,-0.310731,-0.01222,ALB,AUS,7788
1882702,6,14,1313,2006.0,0.0,3173.0,0.0063100000000000005,-0.61161,ANT,AUS,7788
1882703,7,14,1313,2006.0,1042.0,2142069.0,-0.12063900000000001,-0.817929,ARE,AUS,7788
1882704,8,14,1313,2006.0,2891.0,16167.0,0.076917,1.06231,ARG,AUS,7788
1882705,9,14,1313,2006.0,0.0,8132.0,-0.044726999999999996,-0.486043,ARM,AUS,7788
1882706,10,14,1313,2006.0,0.0,2169.0,0.6149600000000001,-0.467811,ASM,AUS,7788
1882707,11,14,1313,2006.0,0.0,3402.0,1.782976,-0.146927,ATA,AUS,7788
1882708,13,14,1313,2006.0,0.0,1694.0,-0.49273500000000003,-0.92522,ATG,AUS,7788
1882709,15,14,1313,2006.0,2824261.0,198103.0,1.772588,-0.008943000000000001,AUT,AUS,7788
1882710,16,14,1313,2006.0,0.0,9301.0,-0.949606,-1.099346,AZE,AUS,7788
1882711,18,14,1313,2006.0,7227719.0,551694.0,1.234224,1.308065,BEL,AUS,7788
1882712,22,14,1313,2006.0,0.0,151824.0,-0.776517,-0.874408,BGD,AUS,7788
1882713,23,14,1313,2006.0,203966.0,96523.0,0.490234,1.581841,BGR,AUS,7788
1882714,24,14,1313,2006.0,0.0,51383.0,-0.220239,-1.07936,BHR,AUS,7788
1882715,25,14,1313,2006.0,0.0,5478.0,0.23525900000000002,-0.725657,BHS,AUS,7788
1882716,26,14,1313,2006.0,0.0,2293.0,0.543053,0.68971,BIH,AUS,7788
1882717,30,14,1313,2006.0,0.0,3353.0,-0.14324,-0.814511,BMU,AUS,7788
1882718,31,14,1313,2006.0,47761.0,7434.0,-0.9174540000000001,-0.8314729999999999,BOL,AUS,7788
1882719,32,14,1313,2006.0,204851.0,939790.0,0.622959,1.413527,BRA,AUS,7788
1882720,34,14,1313,2006.0,46068.0,48003.0,-0.933665,-0.929327,BRN,AUS,7788
1882721,37,14,1313,2006.0,0.0,12815.0,-0.958566,-1.202559,BWA,AUS,7788
1882722,39,14,1313,2006.0,39600416.0,4139360.0,0.806511,1.466573,CAN,AUS,7788
1882723,40,14,1313,2006.0,0.0,12023.0,1.7676450000000001,0.344057,CCK,AUS,7788
1882724,41,14,1313,2006.0,3597349.0,194217.0,2.038668,0.46319,CHE,AUS,7788
1882725,42,14,1313,2006.0,20703.0,274451.0,-0.193151,-0.46637,CHL,AUS,7788
1882726,43,14,1313,2006.0,42281652.0,8527417.0,0.842242,1.7392740000000002,CHN,AUS,7788
1882727,44,14,1313,2006.0,1051.0,35670.0,-0.9293,-0.853074,CIV,AUS,7788
1882728,48,14,1313,2006.0,0.0,7555.0,0.939005,-0.057276,COK,AUS,7788
1882729,49,14,1313,2006.0,0.0,125185.0,0.162228,0.550616,COL,AUS,7788
1882730,52,14,1313,2006.0,1830.0,7030.0,0.07128999999999999,-0.24274400000000002,CRI,AUS,7788
1882731,54,14,1313,2006.0,0.0,3583.0,0.207314,-0.473224,CUB,AUS,7788
1882732,56,14,1313,2006.0,0.0,562121.0,1.19774,-0.372852,CXR,AUS,7788
1882733,58,14,1313,2006.0,0.0,111561.0,0.728916,0.023954,CYP,AUS,7788
1882734,59,14,1313,2006.0,1438153.0,132677.0,1.6478549999999998,0.095131,CZE,AUS,7788
1882735,61,14,1313,2006.0,46971816.0,7321624.0,2.135679,-2.933329,DEU,AUS,7788
1882736,62,14,1313,2006.0,0.0,136208.0,-0.360761,-0.261373,DJI,AUS,7788
1882737,64,14,1313,2006.0,2959174.0,578855.0,1.25209,1.133206,DNK,AUS,7788
1882738,65,14,1313,2006.0,1039051.0,1104.0,0.044542,0.178998,DOM,AUS,7788
1882739,67,14,1313,2006.0,0.0,162357.0,-0.9617209999999999,-0.936366,ECU,AUS,7788
1882740,68,14,1313,2006.0,0.0,82429.0,-0.305058,0.294265,EGY,AUS,7788
1882741,69,14,1313,2006.0,0.0,13339.0,0.312248,-0.046676999999999996,ERI,AUS,7788
1882742,71,14,1313,2006.0,22677730.0,1658201.0,0.9909459999999999,1.785809,ESP,AUS,7788
1882743,72,14,1313,2006.0,743337.0,92054.0,0.737979,1.1881950000000001,EST,AUS,7788
1882744,73,14,1313,2006.0,0.0,303128.0,-1.129189,-0.953627,ETH,AUS,7788
1882745,74,14,1313,2006.0,3561313.0,249364.0,1.8630220000000002,0.87172,FIN,AUS,7788
1882746,75,14,1313,2006.0,62637.0,860003.0,-0.527165,-0.17746900000000002,FJI,AUS,7788
1882747,76,14,1313,2006.0,0.0,3950.0,-0.24481799999999998,-0.882251,FLK,AUS,7788
1882748,77,14,1313,2006.0,28205066.0,4638292.0,1.499686,0.16705699999999998,FRA,AUS,7788
1882749,81,14,1313,2006.0,47873248.0,25939800.0,1.8509779999999998,0.674074,GBR,AUS,7788
1882750,82,14,1313,2006.0,2882.0,2459.0,-0.152929,-0.438435,GEO,AUS,7788
1882751,83,14,1313,2006.0,0.0,265722.0,-0.9211739999999999,-0.738322,GHA,AUS,7788
1882752,85,14,1313,2006.0,0.0,157512.0,-1.526825,-1.191811,GIN,AUS,7788
1882753,90,14,1313,2006.0,5215.0,304648.0,0.183748,1.582167,GRC,AUS,7788
1882754,93,14,1313,2006.0,0.0,1815.0,-0.179628,0.671552,GTM,AUS,7788
1882755,95,14,1313,2006.0,1390.0,30339.0,0.29584299999999997,-0.324191,GUM,AUS,7788
1882756,97,14,1313,2006.0,13876791.0,6369446.0,0.63347,1.276634,HKG,AUS,7788
1882757,100,14,1313,2006.0,5018.0,18488.0,0.866511,1.217552,HRV,AUS,7788
1882758,102,14,1313,2006.0,1417447.0,67744.0,1.469539,0.8546090000000001,HUN,AUS,7788
1882759,103,14,1313,2006.0,2260589.0,3578333.0,0.0036969999999999998,1.703498,IDN,AUS,7788
1882760,104,14,1313,2006.0,1524505.0,1678414.0,0.202078,2.594677,IND,AUS,7788
1882761,106,14,1313,2006.0,9136468.0,1833632.0,1.501322,0.161375,IRL,AUS,7788
1882762,107,14,1313,2006.0,33030.0,50181.0,-0.755814,-0.9279059999999999,IRN,AUS,7788
1882763,108,14,1313,2006.0,6937.0,6170566.0,-2.3271330000000003,-0.992934,IRQ,AUS,7788
1882764,109,14,1313,2006.0,22713.0,75595.0,0.06816699999999999,-0.36412,ISL,AUS,7788
1882765,110,14,1313,2006.0,9067691.0,289333.0,1.286738,0.8783610000000001,ISR,AUS,7788
1882766,111,14,1313,2006.0,10309931.0,744218.0,1.416017,0.161859,ITA,AUS,7788
1882767,112,14,1313,2006.0,0.0,22037.0,-0.280417,-0.9436829999999999,JAM,AUS,7788
1882768,113,14,1313,2006.0,0.0,292830.0,0.31143899999999997,0.428361,JOR,AUS,7788
1882769,114,14,1313,2006.0,41849644.0,12938805.0,2.442213,-0.046222000000000006,JPN,AUS,7788
1882770,115,14,1313,2006.0,39938.0,11832.0,-0.18694000000000002,-0.468758,KAZ,AUS,7788
1882771,116,14,1313,2006.0,0.0,309170.0,-0.402762,0.89869,KEN,AUS,7788
1882772,118,14,1313,2006.0,0.0,67002.0,-0.841936,-1.038648,KHM,AUS,7788
1882773,119,14,1313,2006.0,0.0,9081.0,0.328888,-0.628654,KIR,AUS,7788
1882774,121,14,1313,2006.0,5028374.0,7064297.0,1.588589,0.799507,KOR,AUS,7788
1882775,122,14,1313,2006.0,0.0,328364.0,-1.506818,-1.193717,KWT,AUS,7788
1882776,123,14,1313,2006.0,0.0,171398.0,-0.8422700000000001,-1.000073,LAO,AUS,7788
1882777,124,14,1313,2006.0,0.0,216741.0,0.450113,1.7365119999999998,LBN,AUS,7788
1882778,126,14,1313,2006.0,0.0,42575.0,-0.7543529999999999,-1.123674,LBY,AUS,7788
1882779,128,14,1313,2006.0,3936.0,253903.0,-0.37725,0.245153,LKA,AUS,7788
1882780,130,14,1313,2006.0,327417.0,189751.0,0.553669,1.252767,LTU,AUS,7788
1882781,131,14,1313,2006.0,0.0,20588.0,1.285123,0.999081,LUX,AUS,7788
1882782,133,14,1313,2006.0,14054.0,67171.0,0.120923,-0.266158,MAC,AUS,7788
1882783,134,14,1313,2006.0,0.0,126861.0,-0.41821499999999995,0.175231,MAR,AUS,7788
1882784,136,14,1313,2006.0,0.0,2961.0,-0.772571,-0.521647,MDG,AUS,7788
1882785,137,14,1313,2006.0,0.0,36344.0,-0.21327600000000002,-0.8216959999999999,MDV,AUS,7788
1882786,138,14,1313,2006.0,4482945.0,7337982.0,1.2996729999999999,0.655941,MEX,AUS,7788
1882787,139,14,1313,2006.0,0.0,19283.0,-0.932843,-0.956528,MHL,AUS,7788
1882788,140,14,1313,2006.0,0.0,1826.0,-0.098526,0.423279,MKD,AUS,7788
1882789,141,14,1313,2006.0,32259.0,9676.0,-0.588006,-0.687707,MLI,AUS,7788
1882790,142,14,1313,2006.0,2156106.0,9867.0,1.5366819999999999,0.301101,MLT,AUS,7788
1882791,143,14,1313,2006.0,0.0,17192.0,-1.203184,-1.081708,MMR,AUS,7788
1882792,144,14,1313,2006.0,0.0,9784.0,0.057147,-0.145592,MNE,AUS,7788
1882793,145,14,1313,2006.0,2906.0,256635.0,-0.806932,-1.01265,MNG,AUS,7788
1882794,147,14,1313,2006.0,0.0,2283.0,-1.199074,-1.031059,MOZ,AUS,7788
1882795,148,14,1313,2006.0,0.0,5667.0,-1.729545,-1.284734,MRT,AUS,7788
1882796,151,14,1313,2006.0,0.0,35046.0,-0.214308,-0.140502,MUS,AUS,7788
1882797,153,14,1313,2006.0,6252844.0,4149505.0,0.9497270000000001,0.324179,MYS,AUS,7788
1882798,154,14,1313,2006.0,0.0,2717.0,1.459222,0.528891,MYT,AUS,7788
1882799,155,14,1313,2006.0,1514.0,2339.0,-0.425389,-0.690279,NAM,AUS,7788
1882800,156,14,1313,2006.0,2253.0,609953.0,-0.42703900000000006,-0.840608,NCL,AUS,7788
1882801,157,14,1313,2006.0,16579.0,130139.0,-0.52447,-0.641225,NER,AUS,7788
1882802,158,14,1313,2006.0,0.0,25797.0,1.094697,-0.420333,NFK,AUS,7788
1882803,159,14,1313,2006.0,0.0,1139.0,-2.088278,-1.224464,NGA,AUS,7788
1882804,160,14,1313,2006.0,0.0,55363.0,-0.9416120000000001,-0.888491,NIC,AUS,7788
1882805,161,14,1313,2006.0,0.0,20589.0,1.184747,-0.013041,NIU,AUS,7788
1882806,162,14,1313,2006.0,2863318.0,5060008.0,1.115718,1.4743680000000001,NLD,AUS,7788
1882807,163,14,1313,2006.0,3040268.0,316278.0,0.621685,-0.280378,NOR,AUS,7788
1882808,165,14,1313,2006.0,0.0,33733.0,1.1942110000000001,0.391737,NRU,AUS,7788
1882809,166,14,1313,2006.0,21150734.0,26584450.0,0.40442100000000003,0.821033,NZL,AUS,7788
1882810,167,14,1313,2006.0,11175.0,94066.0,-0.871816,-1.184985,OMN,AUS,7788
1882811,168,14,1313,2006.0,183871.0,170638.0,-0.500494,0.334983,PAK,AUS,7788
1882812,169,14,1313,2006.0,23178.0,2045.0,0.511845,0.7560560000000001,PAN,AUS,7788
1882813,173,14,1313,2006.0,1454.0,97937.0,-0.523516,-0.15574100000000002,PER,AUS,7788
1882814,174,14,1313,2006.0,218225.0,338575.0,0.32715,-0.15929200000000002,PHL,AUS,7788
1882815,175,14,1313,2006.0,0.0,8088.0,-0.84083,-0.969767,PLW,AUS,7788
1882816,176,14,1313,2006.0,47740.0,3898540.0,-1.754684,-1.235725,PNG,AUS,7788
1882817,177,14,1313,2006.0,2958365.0,470678.0,1.0576860000000001,1.283664,POL,AUS,7788
1882818,178,14,1313,2006.0,1988.0,0.0,0.649384,1.069006,PRK,AUS,7788
1882819,179,14,1313,2006.0,648194.0,198594.0,0.695569,1.7476200000000002,PRT,AUS,7788
1882820,180,14,1313,2006.0,0.0,16251.0,-0.49234399999999995,-0.547616,PRY,AUS,7788
1882821,182,14,1313,2006.0,15405.0,48710.0,-0.2789,-0.847551,PYF,AUS,7788
1882822,183,14,1313,2006.0,318648.0,344726.0,-0.467699,-1.062471,QAT,AUS,7788
1882823,185,14,1313,2006.0,3674.0,109988.0,0.733232,1.2149,ROU,AUS,7788
1882824,186,14,1313,2006.0,903941.0,63051.0,0.311252,-0.093895,RUS,AUS,7788
1882825,188,14,1313,2006.0,6096.0,489099.0,-0.094152,-0.921106,SAU,AUS,7788
1882826,190,14,1313,2006.0,0.0,3176653.0,-1.727355,-1.278714,SDN,AUS,7788
1882827,191,14,1313,2006.0,0.0,169577.0,-0.548758,-0.152572,SEN,AUS,7788
1882828,192,14,1313,2006.0,15017897.0,7295282.0,1.670134,0.43955600000000006,SGP,AUS,7788
1882829,195,14,1313,2006.0,0.0,206964.0,-1.1616959999999998,-1.026145,SLB,AUS,7788
1882830,197,14,1313,2006.0,83277.0,1469.0,-0.127317,0.189904,SLV,AUS,7788
1882831,199,14,1313,2006.0,0.0,15547.0,-1.042322,-0.957206,SOM,AUS,7788
1882832,201,14,1313,2006.0,87398.0,3643.0,0.581078,1.5831600000000001,SRB,AUS,7788
1882833,205,14,1313,2006.0,0.0,43971.0,-0.703184,-1.0310979999999998,SUR,AUS,7788
1882834,206,14,1313,2006.0,13182.0,7635.0,1.3569950000000002,0.8663290000000001,SVK,AUS,7788
1882835,207,14,1313,2006.0,38966.0,28380.0,1.562187,0.612624,SVN,AUS,7788
1882836,208,14,1313,2006.0,5080598.0,758351.0,1.921461,0.478688,SWE,AUS,7788
1882837,211,14,1313,2006.0,1068.0,1537.0,-0.45782,-0.822773,SYC,AUS,7788
1882838,212,14,1313,2006.0,0.0,11940.0,-0.49903100000000006,0.362867,SYR,AUS,7788
1882839,216,14,1313,2006.0,5637987.0,3470694.0,0.73283,1.419023,THA,AUS,7788
1882840,217,14,1313,2006.0,0.0,2268.0,-0.9646819999999999,-1.166964,TJK,AUS,7788
1882841,220,14,1313,2006.0,0.0,13557.0,-0.23011700000000002,-0.7975770000000001,TLS,AUS,7788
1882842,221,14,1313,2006.0,0.0,20043.0,-0.385793,-0.736392,TON,AUS,7788
1882843,222,14,1313,2006.0,0.0,14520.0,-0.346992,-1.03502,TTO,AUS,7788
1882844,223,14,1313,2006.0,349927.0,12632.0,0.140257,0.528918,TUN,AUS,7788
1882845,224,14,1313,2006.0,24107.0,904984.0,0.41471,2.138217,TUR,AUS,7788
1882846,226,14,1313,2006.0,0.0,18805.0,-0.804761,0.6328729999999999,TZA,AUS,7788
1882847,227,14,1313,2006.0,0.0,24783.0,-0.789284,-0.161216,UGA,AUS,7788
1882848,228,14,1313,2006.0,38865.0,4749.0,0.598325,1.225485,UKR,AUS,7788
1882849,230,14,1313,2006.0,0.0,41799.0,0.047764999999999995,0.23831100000000002,URY,AUS,7788
1882850,231,14,1313,2006.0,130357824.0,24688518.0,1.616918,-0.429924,USA,AUS,7788
1882851,236,14,1313,2006.0,0.0,28017.0,-0.5559649999999999,-0.9988299999999999,VEN,AUS,7788
1882852,239,14,1313,2006.0,132406.0,1292399.0,-0.089404,0.986066,VNM,AUS,7788
1882853,240,14,1313,2006.0,0.0,147475.0,-0.960584,-0.971794,VUT,AUS,7788
1882854,241,14,1313,2006.0,0.0,2851.0,1.6795650000000002,-0.092971,WLF,AUS,7788
1882855,242,14,1313,2006.0,6812.0,259040.0,0.246788,-0.474416,WSM,AUS,7788
1882856,246,14,1313,2006.0,2794723.0,2993557.0,0.18317,1.675934,ZAF,AUS,7788
1882857,247,14,1313,2006.0,5760.0,51227.0,-0.8819040000000001,-0.990542,ZMB,AUS,7788
1882858,249,14,1313,2006.0,20179832.0,3150576.0,1.6683169999999998,1.230621,TWN,AUS,7788
1882859,250,14,1313,2006.0,0.0,41148.0,0.202525,-0.46324499999999996,ANS,AUS,7788
1882860,3,16,1313,2006.0,639385.0,0.0,1.2846959999999998,-0.19459100000000001,AIA,AZE,7788
1882861,7,16,1313,2006.0,1033477.0,16935.0,-0.12063900000000001,-0.817929,ARE,AZE,7788
1882862,14,16,1313,2006.0,9301.0,0.0,-0.183265,0.564314,AUS,AZE,7788
1882863,15,16,1313,2006.0,160677.0,0.0,1.772588,-0.008943000000000001,AUT,AZE,7788
1882864,18,16,1313,2006.0,419602.0,0.0,1.234224,1.308065,BEL,AZE,7788
1882865,23,16,1313,2006.0,12708.0,0.0,0.490234,1.581841,BGR,AZE,7788
1882866,39,16,1313,2006.0,6572.0,0.0,0.806511,1.466573,CAN,AZE,7788
1882867,41,16,1313,2006.0,87793.0,0.0,2.038668,0.46319,CHE,AZE,7788
1882868,43,16,1313,2006.0,604460.0,8446.0,0.842242,1.7392740000000002,CHN,AZE,7788
1882869,59,16,1313,2006.0,16518.0,0.0,1.6478549999999998,0.095131,CZE,AZE,7788
1882870,61,16,1313,2006.0,1074840.0,3585.0,2.135679,-2.933329,DEU,AZE,7788
1882871,64,16,1313,2006.0,87616.0,0.0,1.25209,1.133206,DNK,AZE,7788
1882872,72,16,1313,2006.0,1001.0,0.0,0.737979,1.1881950000000001,EST,AZE,7788
1882873,74,16,1313,2006.0,15830.0,0.0,1.8630220000000002,0.87172,FIN,AZE,7788
1882874,77,16,1313,2006.0,511312.0,4530.0,1.499686,0.16705699999999998,FRA,AZE,7788
1882875,81,16,1313,2006.0,1992925.0,0.0,1.8509779999999998,0.674074,GBR,AZE,7788
1882876,82,16,1313,2006.0,0.0,88806.0,-0.152929,-0.438435,GEO,AZE,7788
1882877,100,16,1313,2006.0,9757.0,0.0,0.866511,1.217552,HRV,AZE,7788
1882878,102,16,1313,2006.0,7699.0,0.0,1.469539,0.8546090000000001,HUN,AZE,7788
1882879,104,16,1313,2006.0,4503.0,0.0,0.202078,2.594677,IND,AZE,7788
1882880,106,16,1313,2006.0,8540.0,0.0,1.501322,0.161375,IRL,AZE,7788
1882881,110,16,1313,2006.0,3854989.0,0.0,1.286738,0.8783610000000001,ISR,AZE,7788
1882882,111,16,1313,2006.0,91824.0,0.0,1.416017,0.161859,ITA,AZE,7788
1882883,114,16,1313,2006.0,1036813.0,0.0,2.442213,-0.046222000000000006,JPN,AZE,7788
1882884,115,16,1313,2006.0,1382.0,2682.0,-0.18694000000000002,-0.468758,KAZ,AZE,7788
1882885,121,16,1313,2006.0,23940.0,0.0,1.588589,0.799507,KOR,AZE,7788
1882886,130,16,1313,2006.0,116329.0,0.0,0.553669,1.252767,LTU,AZE,7788
1882887,132,16,1313,2006.0,5699.0,0.0,0.548453,1.027836,LVA,AZE,7788
1882888,138,16,1313,2006.0,6594.0,0.0,1.2996729999999999,0.655941,MEX,AZE,7788
1882889,153,16,1313,2006.0,8704.0,0.0,0.9497270000000001,0.324179,MYS,AZE,7788
1882890,162,16,1313,2006.0,465088.0,0.0,1.115718,1.4743680000000001,NLD,AZE,7788
1882891,163,16,1313,2006.0,467015.0,4046.0,0.621685,-0.280378,NOR,AZE,7788
1882892,177,16,1313,2006.0,66772.0,0.0,1.0576860000000001,1.283664,POL,AZE,7788
1882893,183,16,1313,2006.0,0.0,23211.0,-0.467699,-1.062471,QAT,AZE,7788
1882894,186,16,1313,2006.0,9664084.0,4415.0,0.311252,-0.093895,RUS,AZE,7788
1882895,188,16,1313,2006.0,3236.0,0.0,-0.094152,-0.921106,SAU,AZE,7788
1882896,192,16,1313,2006.0,15750.0,0.0,1.670134,0.43955600000000006,SGP,AZE,7788
1882897,208,16,1313,2006.0,231441.0,0.0,1.921461,0.478688,SWE,AZE,7788
1882898,224,16,1313,2006.0,627367.0,0.0,0.41471,2.138217,TUR,AZE,7788
1882899,228,16,1313,2006.0,2738771.0,0.0,0.598325,1.225485,UKR,AZE,7788
1882900,231,16,1313,2006.0,337315.0,0.0,1.616918,-0.429924,USA,AZE,7788
1882901,249,16,1313,2006.0,24568.0,0.0,1.6683169999999998,1.230621,TWN,AZE,7788
1882902,7,22,1313,2006.0,96353.0,0.0,-0.12063900000000001,-0.817929,ARE,BGD,7788
1882903,14,22,1313,2006.0,151824.0,0.0,-0.183265,0.564314,AUS,BGD,7788
1882904,15,22,1313,2006.0,88404.0,0.0,1.772588,-0.008943000000000001,AUT,BGD,7788
1882905,18,22,1313,2006.0,142872.0,0.0,1.234224,1.308065,BEL,BGD,7788
1882906,23,22,1313,2006.0,12622.0,2204.0,0.490234,1.581841,BGR,BGD,7788
1882907,24,22,1313,2006.0,0.0,2783.0,-0.220239,-1.07936,BHR,BGD,7788
1882908,39,22,1313,2006.0,744072.0,5625.0,0.806511,1.466573,CAN,BGD,7788
1882909,41,22,1313,2006.0,44008.0,21896.0,2.038668,0.46319,CHE,BGD,7788
1882910,43,22,1313,2006.0,2711948.0,0.0,0.842242,1.7392740000000002,CHN,BGD,7788
1882911,44,22,1313,2006.0,6568.0,31234.0,-0.9293,-0.853074,CIV,BGD,7788
1882912,45,22,1313,2006.0,0.0,24258.0,-1.570753,-1.22499,CMR,BGD,7788
1882913,59,22,1313,2006.0,101480.0,0.0,1.6478549999999998,0.095131,CZE,BGD,7788
1882914,61,22,1313,2006.0,864352.0,119377.0,2.135679,-2.933329,DEU,BGD,7788
1882915,64,22,1313,2006.0,30609.0,19998.0,1.25209,1.133206,DNK,BGD,7788
1882916,68,22,1313,2006.0,0.0,22758.0,-0.305058,0.294265,EGY,BGD,7788
1882917,71,22,1313,2006.0,59665.0,3662.0,0.9909459999999999,1.785809,ESP,BGD,7788
1882918,74,22,1313,2006.0,170407.0,4693.0,1.8630220000000002,0.87172,FIN,BGD,7788
1882919,77,22,1313,2006.0,8997.0,43292.0,1.499686,0.16705699999999998,FRA,BGD,7788
1882920,81,22,1313,2006.0,825510.0,1171.0,1.8509779999999998,0.674074,GBR,BGD,7788
1882921,90,22,1313,2006.0,0.0,3352.0,0.183748,1.582167,GRC,BGD,7788
1882922,97,22,1313,2006.0,1085709.0,4637.0,0.63347,1.276634,HKG,BGD,7788
1882923,104,22,1313,2006.0,4267864.0,31700.0,0.202078,2.594677,IND,BGD,7788
1882924,106,22,1313,2006.0,0.0,144021.0,1.501322,0.161375,IRL,BGD,7788
1882925,107,22,1313,2006.0,0.0,25620.0,-0.755814,-0.9279059999999999,IRN,BGD,7788
1882926,111,22,1313,2006.0,483487.0,0.0,1.416017,0.161859,ITA,BGD,7788
1882927,114,22,1313,2006.0,13880288.0,926771.0,2.442213,-0.046222000000000006,JPN,BGD,7788
1882928,121,22,1313,2006.0,417488.0,36090.0,1.588589,0.799507,KOR,BGD,7788
1882929,128,22,1313,2006.0,1272.0,0.0,-0.37725,0.245153,LKA,BGD,7788
1882930,130,22,1313,2006.0,7262.0,0.0,0.553669,1.252767,LTU,BGD,7788
1882931,138,22,1313,2006.0,1068.0,1119.0,1.2996729999999999,0.655941,MEX,BGD,7788
1882932,141,22,1313,2006.0,0.0,43803.0,-0.588006,-0.687707,MLI,BGD,7788
1882933,153,22,1313,2006.0,534819.0,0.0,0.9497270000000001,0.324179,MYS,BGD,7788
1882934,162,22,1313,2006.0,70717.0,0.0,1.115718,1.4743680000000001,NLD,BGD,7788
1882935,168,22,1313,2006.0,1452.0,57720.0,-0.500494,0.334983,PAK,BGD,7788
1882936,174,22,1313,2006.0,3237.0,0.0,0.32715,-0.15929200000000002,PHL,BGD,7788
1882937,186,22,1313,2006.0,43161.0,0.0,0.311252,-0.093895,RUS,BGD,7788
1882938,192,22,1313,2006.0,2791331.0,11360.0,1.670134,0.43955600000000006,SGP,BGD,7788
1882939,206,22,1313,2006.0,6959.0,0.0,1.3569950000000002,0.8663290000000001,SVK,BGD,7788
1882940,208,22,1313,2006.0,283355.0,99921.0,1.921461,0.478688,SWE,BGD,7788
1882941,209,22,1313,2006.0,1311.0,0.0,0.8177369999999999,0.302106,SWZ,BGD,7788
1882942,216,22,1313,2006.0,596995.0,0.0,0.73283,1.419023,THA,BGD,7788
1882943,224,22,1313,2006.0,84696.0,0.0,0.41471,2.138217,TUR,BGD,7788
1882944,228,22,1313,2006.0,12747.0,0.0,0.598325,1.225485,UKR,BGD,7788
1882945,231,22,1313,2006.0,885024.0,82250.0,1.616918,-0.429924,USA,BGD,7788
1882946,246,22,1313,2006.0,0.0,3133.0,0.18317,1.675934,ZAF,BGD,7788
1882947,249,22,1313,2006.0,377918.0,11609.0,1.6683169999999998,1.230621,TWN,BGD,7788
1882948,250,22,1313,2006.0,43800.0,30330.0,0.202525,-0.46324499999999996,ANS,BGD,7788
1882949,4,23,1313,2006.0,0.0,35838.0,-0.310731,-0.01222,ALB,BGR,7788
1882950,7,23,1313,2006.0,117418.0,114582.0,-0.12063900000000001,-0.817929,ARE,BGR,7788
1882951,9,23,1313,2006.0,0.0,51916.0,-0.044726999999999996,-0.486043,ARM,BGR,7788
1882952,14,23,1313,2006.0,96523.0,203966.0,-0.183265,0.564314,AUS,BGR,7788
1882953,15,23,1313,2006.0,3797918.0,847778.0,1.772588,-0.008943000000000001,AUT,BGR,7788
1882954,16,23,1313,2006.0,0.0,12708.0,-0.949606,-1.099346,AZE,BGR,7788
1882955,18,23,1313,2006.0,684196.0,154343.0,1.234224,1.308065,BEL,BGR,7788
1882956,22,23,1313,2006.0,2204.0,12622.0,-0.776517,-0.874408,BGD,BGR,7788
1882957,26,23,1313,2006.0,0.0,190827.0,0.543053,0.68971,BIH,BGR,7788
1882958,28,23,1313,2006.0,2100.0,37410.0,0.948306,0.702786,BLR,BGR,7788
1882959,32,23,1313,2006.0,190720.0,75610.0,0.622959,1.413527,BRA,BGR,7788
1882960,39,23,1313,2006.0,1722376.0,205941.0,0.806511,1.466573,CAN,BGR,7788
1882961,41,23,1313,2006.0,485741.0,361674.0,2.038668,0.46319,CHE,BGR,7788
1882962,43,23,1313,2006.0,2597765.0,1554040.0,0.842242,1.7392740000000002,CHN,BGR,7788
1882963,49,23,1313,2006.0,0.0,16127.0,0.162228,0.550616,COL,BGR,7788
1882964,54,23,1313,2006.0,0.0,9269.0,0.207314,-0.473224,CUB,BGR,7788
1882965,58,23,1313,2006.0,4731.0,19834.0,0.728916,0.023954,CYP,BGR,7788
1882966,59,23,1313,2006.0,1238550.0,112425.0,1.6478549999999998,0.095131,CZE,BGR,7788
1882967,61,23,1313,2006.0,16836548.0,1461424.0,2.135679,-2.933329,DEU,BGR,7788
1882968,64,23,1313,2006.0,131978.0,29575.0,1.25209,1.133206,DNK,BGR,7788
1882969,65,23,1313,2006.0,10368.0,0.0,0.044542,0.178998,DOM,BGR,7788
1882970,66,23,1313,2006.0,0.0,218400.0,-1.079717,-1.153102,DZA,BGR,7788
1882971,68,23,1313,2006.0,0.0,51168.0,-0.305058,0.294265,EGY,BGR,7788
1882972,71,23,1313,2006.0,2016340.0,575359.0,0.9909459999999999,1.785809,ESP,BGR,7788
1882973,72,23,1313,2006.0,4851.0,34790.0,0.737979,1.1881950000000001,EST,BGR,7788
1882974,74,23,1313,2006.0,279438.0,340273.0,1.8630220000000002,0.87172,FIN,BGR,7788
1882975,77,23,1313,2006.0,1129496.0,487096.0,1.499686,0.16705699999999998,FRA,BGR,7788
1882976,81,23,1313,2006.0,4926896.0,1037889.0,1.8509779999999998,0.674074,GBR,BGR,7788
1882977,82,23,1313,2006.0,0.0,2583.0,-0.152929,-0.438435,GEO,BGR,7788
1882978,90,23,1313,2006.0,2238484.0,187554.0,0.183748,1.582167,GRC,BGR,7788
1882979,97,23,1313,2006.0,898186.0,56903.0,0.63347,1.276634,HKG,BGR,7788
1882980,100,23,1313,2006.0,107862.0,12145.0,0.866511,1.217552,HRV,BGR,7788
1882981,102,23,1313,2006.0,843417.0,219986.0,1.469539,0.8546090000000001,HUN,BGR,7788
1882982,103,23,1313,2006.0,47254.0,0.0,0.0036969999999999998,1.703498,IDN,BGR,7788
1882983,104,23,1313,2006.0,307743.0,38396.0,0.202078,2.594677,IND,BGR,7788
1882984,106,23,1313,2006.0,225439.0,4730.0,1.501322,0.161375,IRL,BGR,7788
1882985,107,23,1313,2006.0,0.0,155172.0,-0.755814,-0.9279059999999999,IRN,BGR,7788
1882986,110,23,1313,2006.0,789943.0,149422.0,1.286738,0.8783610000000001,ISR,BGR,7788
1882987,111,23,1313,2006.0,23745574.0,17131412.0,1.416017,0.161859,ITA,BGR,7788
1882988,113,23,1313,2006.0,3811.0,2196.0,0.31143899999999997,0.428361,JOR,BGR,7788
1882989,114,23,1313,2006.0,1642625.0,220034.0,2.442213,-0.046222000000000006,JPN,BGR,7788
1882990,115,23,1313,2006.0,0.0,18374.0,-0.18694000000000002,-0.468758,KAZ,BGR,7788
1882991,116,23,1313,2006.0,0.0,1701.0,-0.402762,0.89869,KEN,BGR,7788
1882992,121,23,1313,2006.0,432921.0,88057.0,1.588589,0.799507,KOR,BGR,7788
1882993,122,23,1313,2006.0,0.0,23999.0,-1.506818,-1.193717,KWT,BGR,7788
1882994,124,23,1313,2006.0,0.0,65744.0,0.450113,1.7365119999999998,LBN,BGR,7788
1882995,125,23,1313,2006.0,0.0,1548.0,-1.0431270000000001,-1.1084829999999999,LBR,BGR,7788
1882996,126,23,1313,2006.0,0.0,58357.0,-0.7543529999999999,-1.123674,LBY,BGR,7788
1882997,130,23,1313,2006.0,13286.0,230171.0,0.553669,1.252767,LTU,BGR,7788
1882998,131,23,1313,2006.0,16186.0,24081.0,1.285123,0.999081,LUX,BGR,7788
1882999,132,23,1313,2006.0,0.0,135107.0,0.548453,1.027836,LVA,BGR,7788
1883000,134,23,1313,2006.0,0.0,18562.0,-0.41821499999999995,0.175231,MAR,BGR,7788
1883001,135,23,1313,2006.0,0.0,40433.0,0.043632,0.21129299999999998,MDA,BGR,7788
1883002,138,23,1313,2006.0,66915.0,123559.0,1.2996729999999999,0.655941,MEX,BGR,7788
1883003,140,23,1313,2006.0,34699.0,311561.0,-0.098526,0.423279,MKD,BGR,7788
1883004,142,23,1313,2006.0,1278.0,20159.0,1.5366819999999999,0.301101,MLT,BGR,7788
1883005,144,23,1313,2006.0,0.0,2538.0,0.057147,-0.145592,MNE,BGR,7788
1883006,153,23,1313,2006.0,159736.0,4231.0,0.9497270000000001,0.324179,MYS,BGR,7788
1883007,159,23,1313,2006.0,0.0,12112.0,-2.088278,-1.224464,NGA,BGR,7788
1883008,162,23,1313,2006.0,2165639.0,73585.0,1.115718,1.4743680000000001,NLD,BGR,7788
1883009,163,23,1313,2006.0,39975.0,77189.0,0.621685,-0.280378,NOR,BGR,7788
1883010,166,23,1313,2006.0,3643.0,14971.0,0.40442100000000003,0.821033,NZL,BGR,7788
1883011,168,23,1313,2006.0,0.0,9896.0,-0.500494,0.334983,PAK,BGR,7788
1883012,174,23,1313,2006.0,3566.0,0.0,0.32715,-0.15929200000000002,PHL,BGR,7788
1883013,177,23,1313,2006.0,3301884.0,191628.0,1.0576860000000001,1.283664,POL,BGR,7788
1883014,178,23,1313,2006.0,28797.0,0.0,0.649384,1.069006,PRK,BGR,7788
1883015,179,23,1313,2006.0,66408.0,398414.0,0.695569,1.7476200000000002,PRT,BGR,7788
1883016,183,23,1313,2006.0,0.0,4312.0,-0.467699,-1.062471,QAT,BGR,7788
1883017,185,23,1313,2006.0,434707.0,1066314.0,0.733232,1.2149,ROU,BGR,7788
1883018,186,23,1313,2006.0,261963.0,478586.0,0.311252,-0.093895,RUS,BGR,7788
1883019,188,23,1313,2006.0,6123.0,66138.0,-0.094152,-0.921106,SAU,BGR,7788
1883020,190,23,1313,2006.0,0.0,4935.0,-1.727355,-1.278714,SDN,BGR,7788
1883021,192,23,1313,2006.0,56455.0,4971.0,1.670134,0.43955600000000006,SGP,BGR,7788
1883022,201,23,1313,2006.0,27155.0,1003958.0,0.581078,1.5831600000000001,SRB,BGR,7788
1883023,206,23,1313,2006.0,461204.0,620028.0,1.3569950000000002,0.8663290000000001,SVK,BGR,7788
1883024,207,23,1313,2006.0,50754.0,89116.0,1.562187,0.612624,SVN,BGR,7788
1883025,208,23,1313,2006.0,1731836.0,1078841.0,1.921461,0.478688,SWE,BGR,7788
1883026,212,23,1313,2006.0,0.0,18723.0,-0.49903100000000006,0.362867,SYR,BGR,7788
1883027,216,23,1313,2006.0,16109.0,14498.0,0.73283,1.419023,THA,BGR,7788
1883028,223,23,1313,2006.0,4383.0,92395.0,0.140257,0.528918,TUN,BGR,7788
1883029,224,23,1313,2006.0,640098.0,1317527.0,0.41471,2.138217,TUR,BGR,7788
1883030,228,23,1313,2006.0,290336.0,841176.0,0.598325,1.225485,UKR,BGR,7788
1883031,231,23,1313,2006.0,1652666.0,1532318.0,1.616918,-0.429924,USA,BGR,7788
1883032,234,23,1313,2006.0,0.0,1565.0,-0.51151,-0.8950620000000001,VCT,BGR,7788
1883033,236,23,1313,2006.0,0.0,11284.0,-0.5559649999999999,-0.9988299999999999,VEN,BGR,7788
1883034,239,23,1313,2006.0,1522.0,116315.0,-0.089404,0.986066,VNM,BGR,7788
1883035,246,23,1313,2006.0,99194.0,34328.0,0.18317,1.675934,ZAF,BGR,7788
1883036,249,23,1313,2006.0,941095.0,3145.0,1.6683169999999998,1.230621,TWN,BGR,7788
1883037,250,23,1313,2006.0,0.0,3512.0,0.202525,-0.46324499999999996,ANS,BGR,7788
1883038,7,24,1313,2006.0,68237.0,31790.0,-0.12063900000000001,-0.817929,ARE,BHR,7788
1883039,14,24,1313,2006.0,51383.0,0.0,-0.183265,0.564314,AUS,BHR,7788
1883040,15,24,1313,2006.0,14695.0,0.0,1.772588,-0.008943000000000001,AUT,BHR,7788
1883041,18,24,1313,2006.0,500600.0,0.0,1.234224,1.308065,BEL,BHR,7788
1883042,22,24,1313,2006.0,2783.0,0.0,-0.776517,-0.874408,BGD,BHR,7788
1883043,32,24,1313,2006.0,1271.0,0.0,0.622959,1.413527,BRA,BHR,7788
1883044,39,24,1313,2006.0,73532.0,3135.0,0.806511,1.466573,CAN,BHR,7788
1883045,41,24,1313,2006.0,29554.0,0.0,2.038668,0.46319,CHE,BHR,7788
1883046,43,24,1313,2006.0,974322.0,0.0,0.842242,1.7392740000000002,CHN,BHR,7788
1883047,59,24,1313,2006.0,8158.0,0.0,1.6478549999999998,0.095131,CZE,BHR,7788
1883048,61,24,1313,2006.0,6723995.0,560358.0,2.135679,-2.933329,DEU,BHR,7788
1883049,64,24,1313,2006.0,10384.0,0.0,1.25209,1.133206,DNK,BHR,7788
1883050,71,24,1313,2006.0,18393.0,0.0,0.9909459999999999,1.785809,ESP,BHR,7788
1883051,74,24,1313,2006.0,8332.0,0.0,1.8630220000000002,0.87172,FIN,BHR,7788
1883052,77,24,1313,2006.0,4534886.0,2693.0,1.499686,0.16705699999999998,FRA,BHR,7788
1883053,81,24,1313,2006.0,6717850.0,301011.0,1.8509779999999998,0.674074,GBR,BHR,7788
1883054,90,24,1313,2006.0,23901.0,0.0,0.183748,1.582167,GRC,BHR,7788
1883055,97,24,1313,2006.0,217604.0,0.0,0.63347,1.276634,HKG,BHR,7788
1883056,102,24,1313,2006.0,16902.0,0.0,1.469539,0.8546090000000001,HUN,BHR,7788
1883057,104,24,1313,2006.0,599687.0,23073.0,0.202078,2.594677,IND,BHR,7788
1883058,106,24,1313,2006.0,21908.0,0.0,1.501322,0.161375,IRL,BHR,7788
1883059,111,24,1313,2006.0,407486.0,0.0,1.416017,0.161859,ITA,BHR,7788
1883060,114,24,1313,2006.0,3790286.0,0.0,2.442213,-0.046222000000000006,JPN,BHR,7788
1883061,116,24,1313,2006.0,3495.0,0.0,-0.402762,0.89869,KEN,BHR,7788
1883062,121,24,1313,2006.0,133614.0,0.0,1.588589,0.799507,KOR,BHR,7788
1883063,122,24,1313,2006.0,39070.0,2488.0,-1.506818,-1.193717,KWT,BHR,7788
1883064,124,24,1313,2006.0,11937.0,0.0,0.450113,1.7365119999999998,LBN,BHR,7788
1883065,142,24,1313,2006.0,1308.0,0.0,1.5366819999999999,0.301101,MLT,BHR,7788
1883066,153,24,1313,2006.0,522033.0,0.0,0.9497270000000001,0.324179,MYS,BHR,7788
1883067,162,24,1313,2006.0,550427.0,0.0,1.115718,1.4743680000000001,NLD,BHR,7788
1883068,163,24,1313,2006.0,232100.0,0.0,0.621685,-0.280378,NOR,BHR,7788
1883069,166,24,1313,2006.0,72366.0,0.0,0.40442100000000003,0.821033,NZL,BHR,7788
1883070,177,24,1313,2006.0,536870.0,0.0,1.0576860000000001,1.283664,POL,BHR,7788
1883071,179,24,1313,2006.0,4841.0,0.0,0.695569,1.7476200000000002,PRT,BHR,7788
1883072,183,24,1313,2006.0,22978.0,0.0,-0.467699,-1.062471,QAT,BHR,7788
1883073,186,24,1313,2006.0,12468.0,0.0,0.311252,-0.093895,RUS,BHR,7788
1883074,188,24,1313,2006.0,461740.0,279476.0,-0.094152,-0.921106,SAU,BHR,7788
1883075,192,24,1313,2006.0,466915.0,9194.0,1.670134,0.43955600000000006,SGP,BHR,7788
1883076,208,24,1313,2006.0,61840.0,0.0,1.921461,0.478688,SWE,BHR,7788
1883077,216,24,1313,2006.0,78619.0,0.0,0.73283,1.419023,THA,BHR,7788
1883078,224,24,1313,2006.0,68135.0,0.0,0.41471,2.138217,TUR,BHR,7788
1883079,231,24,1313,2006.0,2078974.0,0.0,1.616918,-0.429924,USA,BHR,7788
1883080,246,24,1313,2006.0,15001.0,0.0,0.18317,1.675934,ZAF,BHR,7788
1883081,249,24,1313,2006.0,81467.0,0.0,1.6683169999999998,1.230621,TWN,BHR,7788
1883082,9,28,1313,2006.0,19217.0,0.0,-0.044726999999999996,-0.486043,ARM,BLR,7788
1883083,15,28,1313,2006.0,423395.0,0.0,1.772588,-0.008943000000000001,AUT,BLR,7788
1883084,18,28,1313,2006.0,16853.0,0.0,1.234224,1.308065,BEL,BLR,7788
1883085,23,28,1313,2006.0,37410.0,2100.0,0.490234,1.581841,BGR,BLR,7788
1883086,32,28,1313,2006.0,5656.0,0.0,0.622959,1.413527,BRA,BLR,7788
1883087,39,28,1313,2006.0,28377.0,0.0,0.806511,1.466573,CAN,BLR,7788
1883088,41,28,1313,2006.0,663811.0,0.0,2.038668,0.46319,CHE,BLR,7788
1883089,43,28,1313,2006.0,1490728.0,20201.0,0.842242,1.7392740000000002,CHN,BLR,7788
1883090,59,28,1313,2006.0,2721595.0,3477.0,1.6478549999999998,0.095131,CZE,BLR,7788
1883091,61,28,1313,2006.0,11417158.0,1857114.0,2.135679,-2.933329,DEU,BLR,7788
1883092,64,28,1313,2006.0,72097.0,0.0,1.25209,1.133206,DNK,BLR,7788
1883093,65,28,1313,2006.0,4490.0,0.0,0.044542,0.178998,DOM,BLR,7788
1883094,66,28,1313,2006.0,0.0,1416.0,-1.079717,-1.153102,DZA,BLR,7788
1883095,71,28,1313,2006.0,3606827.0,0.0,0.9909459999999999,1.785809,ESP,BLR,7788
1883096,72,28,1313,2006.0,118038.0,2445.0,0.737979,1.1881950000000001,EST,BLR,7788
1883097,73,28,1313,2006.0,0.0,2266.0,-1.129189,-0.953627,ETH,BLR,7788
1883098,74,28,1313,2006.0,40602.0,0.0,1.8630220000000002,0.87172,FIN,BLR,7788
1883099,77,28,1313,2006.0,88879.0,93722.0,1.499686,0.16705699999999998,FRA,BLR,7788
1883100,81,28,1313,2006.0,238575.0,0.0,1.8509779999999998,0.674074,GBR,BLR,7788
1883101,82,28,1313,2006.0,0.0,6979.0,-0.152929,-0.438435,GEO,BLR,7788
1883102,83,28,1313,2006.0,0.0,1113.0,-0.9211739999999999,-0.738322,GHA,BLR,7788
1883103,97,28,1313,2006.0,143636.0,6809.0,0.63347,1.276634,HKG,BLR,7788
1883104,100,28,1313,2006.0,10043.0,0.0,0.866511,1.217552,HRV,BLR,7788
1883105,102,28,1313,2006.0,1065417.0,1049.0,1.469539,0.8546090000000001,HUN,BLR,7788
1883106,104,28,1313,2006.0,35968.0,24474.0,0.202078,2.594677,IND,BLR,7788
1883107,106,28,1313,2006.0,8875.0,0.0,1.501322,0.161375,IRL,BLR,7788
1883108,110,28,1313,2006.0,79359.0,0.0,1.286738,0.8783610000000001,ISR,BLR,7788
1883109,111,28,1313,2006.0,828903.0,5657.0,1.416017,0.161859,ITA,BLR,7788
1883110,114,28,1313,2006.0,155892.0,0.0,2.442213,-0.046222000000000006,JPN,BLR,7788
1883111,115,28,1313,2006.0,8535.0,715164.0,-0.18694000000000002,-0.468758,KAZ,BLR,7788
1883112,117,28,1313,2006.0,0.0,10215.0,-0.091973,0.331995,KGZ,BLR,7788
1883113,121,28,1313,2006.0,146552.0,37763.0,1.588589,0.799507,KOR,BLR,7788
1883114,130,28,1313,2006.0,2444636.0,173677.0,0.553669,1.252767,LTU,BLR,7788
1883115,132,28,1313,2006.0,220193.0,646487.0,0.548453,1.027836,LVA,BLR,7788
1883116,135,28,1313,2006.0,0.0,14239.0,0.043632,0.21129299999999998,MDA,BLR,7788
1883117,138,28,1313,2006.0,1998.0,0.0,1.2996729999999999,0.655941,MEX,BLR,7788
1883118,153,28,1313,2006.0,63516.0,0.0,0.9497270000000001,0.324179,MYS,BLR,7788
1883119,162,28,1313,2006.0,429917.0,0.0,1.115718,1.4743680000000001,NLD,BLR,7788
1883120,173,28,1313,2006.0,0.0,1011.0,-0.523516,-0.15574100000000002,PER,BLR,7788
1883121,177,28,1313,2006.0,1519989.0,31816.0,1.0576860000000001,1.283664,POL,BLR,7788
1883122,179,28,1313,2006.0,2689.0,0.0,0.695569,1.7476200000000002,PRT,BLR,7788
1883123,185,28,1313,2006.0,0.0,1383.0,0.733232,1.2149,ROU,BLR,7788
1883124,186,28,1313,2006.0,20310594.0,4694106.0,0.311252,-0.093895,RUS,BLR,7788
1883125,192,28,1313,2006.0,1134.0,4962.0,1.670134,0.43955600000000006,SGP,BLR,7788
1883126,201,28,1313,2006.0,0.0,1652.0,0.581078,1.5831600000000001,SRB,BLR,7788
1883127,206,28,1313,2006.0,17143.0,15177.0,1.3569950000000002,0.8663290000000001,SVK,BLR,7788
1883128,207,28,1313,2006.0,1016406.0,0.0,1.562187,0.612624,SVN,BLR,7788
1883129,208,28,1313,2006.0,82263.0,0.0,1.921461,0.478688,SWE,BLR,7788
1883130,216,28,1313,2006.0,19810.0,0.0,0.73283,1.419023,THA,BLR,7788
1883131,217,28,1313,2006.0,0.0,10913.0,-0.9646819999999999,-1.166964,TJK,BLR,7788
1883132,224,28,1313,2006.0,2059.0,3545.0,0.41471,2.138217,TUR,BLR,7788
1883133,228,28,1313,2006.0,2273147.0,500625.0,0.598325,1.225485,UKR,BLR,7788
1883134,231,28,1313,2006.0,270365.0,123011.0,1.616918,-0.429924,USA,BLR,7788
1883135,249,28,1313,2006.0,475956.0,21513.0,1.6683169999999998,1.230621,TWN,BLR,7788
1883136,7,58,1313,2006.0,107630.0,13454.0,-0.12063900000000001,-0.817929,ARE,CYP,7788
1883137,14,58,1313,2006.0,111561.0,0.0,-0.183265,0.564314,AUS,CYP,7788
1883138,15,58,1313,2006.0,34194.0,0.0,1.772588,-0.008943000000000001,AUT,CYP,7788
1883139,18,58,1313,2006.0,619121.0,0.0,1.234224,1.308065,BEL,CYP,7788
1883140,23,58,1313,2006.0,19834.0,4731.0,0.490234,1.581841,BGR,CYP,7788
1883141,26,58,1313,2006.0,2065.0,0.0,0.543053,0.68971,BIH,CYP,7788
1883142,39,58,1313,2006.0,238313.0,0.0,0.806511,1.466573,CAN,CYP,7788
1883143,41,58,1313,2006.0,100220.0,1829.0,2.038668,0.46319,CHE,CYP,7788
1883144,43,58,1313,2006.0,385671.0,66165.0,0.842242,1.7392740000000002,CHN,CYP,7788
1883145,59,58,1313,2006.0,150798.0,5164.0,1.6478549999999998,0.095131,CZE,CYP,7788
1883146,61,58,1313,2006.0,1687778.0,3638.0,2.135679,-2.933329,DEU,CYP,7788
1883147,64,58,1313,2006.0,221094.0,0.0,1.25209,1.133206,DNK,CYP,7788
1883148,68,58,1313,2006.0,0.0,2490.0,-0.305058,0.294265,EGY,CYP,7788
1883149,71,58,1313,2006.0,242257.0,102690.0,0.9909459999999999,1.785809,ESP,CYP,7788
1883150,72,58,1313,2006.0,138899.0,0.0,0.737979,1.1881950000000001,EST,CYP,7788
1883151,74,58,1313,2006.0,10933.0,0.0,1.8630220000000002,0.87172,FIN,CYP,7788
1883152,77,58,1313,2006.0,5409574.0,6566.0,1.499686,0.16705699999999998,FRA,CYP,7788
1883153,81,58,1313,2006.0,4791276.0,97771.0,1.8509779999999998,0.674074,GBR,CYP,7788
1883154,90,58,1313,2006.0,2001680.0,128670.0,0.183748,1.582167,GRC,CYP,7788
1883155,97,58,1313,2006.0,121645.0,0.0,0.63347,1.276634,HKG,CYP,7788
1883156,100,58,1313,2006.0,0.0,3134.0,0.866511,1.217552,HRV,CYP,7788
1883157,102,58,1313,2006.0,36227.0,0.0,1.469539,0.8546090000000001,HUN,CYP,7788
1883158,104,58,1313,2006.0,11863.0,0.0,0.202078,2.594677,IND,CYP,7788
1883159,106,58,1313,2006.0,81141.0,1016.0,1.501322,0.161375,IRL,CYP,7788
1883160,107,58,1313,2006.0,86720.0,0.0,-0.755814,-0.9279059999999999,IRN,CYP,7788
1883161,110,58,1313,2006.0,698103.0,87262.0,1.286738,0.8783610000000001,ISR,CYP,7788
1883162,111,58,1313,2006.0,1152338.0,1862.0,1.416017,0.161859,ITA,CYP,7788
1883163,113,58,1313,2006.0,1487.0,10412.0,0.31143899999999997,0.428361,JOR,CYP,7788
1883164,114,58,1313,2006.0,74314.0,7335.0,2.442213,-0.046222000000000006,JPN,CYP,7788
1883165,121,58,1313,2006.0,80577.0,8640.0,1.588589,0.799507,KOR,CYP,7788
1883166,124,58,1313,2006.0,14398.0,19383.0,0.450113,1.7365119999999998,LBN,CYP,7788
1883167,130,58,1313,2006.0,7149.0,0.0,0.553669,1.252767,LTU,CYP,7788
1883168,131,58,1313,2006.0,4347.0,0.0,1.285123,0.999081,LUX,CYP,7788
1883169,142,58,1313,2006.0,0.0,4759.0,1.5366819999999999,0.301101,MLT,CYP,7788
1883170,153,58,1313,2006.0,37372.0,0.0,0.9497270000000001,0.324179,MYS,CYP,7788
1883171,162,58,1313,2006.0,529572.0,36846.0,1.115718,1.4743680000000001,NLD,CYP,7788
1883172,163,58,1313,2006.0,117877.0,0.0,0.621685,-0.280378,NOR,CYP,7788
1883173,177,58,1313,2006.0,319376.0,0.0,1.0576860000000001,1.283664,POL,CYP,7788
1883174,183,58,1313,2006.0,0.0,8800.0,-0.467699,-1.062471,QAT,CYP,7788
1883175,185,58,1313,2006.0,1684.0,0.0,0.733232,1.2149,ROU,CYP,7788
1883176,186,58,1313,2006.0,17507.0,8211.0,0.311252,-0.093895,RUS,CYP,7788
1883177,188,58,1313,2006.0,3987.0,9167.0,-0.094152,-0.921106,SAU,CYP,7788
1883178,192,58,1313,2006.0,17143.0,0.0,1.670134,0.43955600000000006,SGP,CYP,7788
1883179,201,58,1313,2006.0,8278.0,17844.0,0.581078,1.5831600000000001,SRB,CYP,7788
1883180,208,58,1313,2006.0,49655.0,25681.0,1.921461,0.478688,SWE,CYP,7788
1883181,212,58,1313,2006.0,0.0,10074.0,-0.49903100000000006,0.362867,SYR,CYP,7788
1883182,216,58,1313,2006.0,12208.0,2398.0,0.73283,1.419023,THA,CYP,7788
1883183,224,58,1313,2006.0,1070244.0,0.0,0.41471,2.138217,TUR,CYP,7788
1883184,231,58,1313,2006.0,634953.0,61571.0,1.616918,-0.429924,USA,CYP,7788
1883185,246,58,1313,2006.0,18079.0,0.0,0.18317,1.675934,ZAF,CYP,7788
1883186,249,58,1313,2006.0,238961.0,0.0,1.6683169999999998,1.230621,TWN,CYP,7788
1883187,250,58,1313,2006.0,0.0,3162.0,0.202525,-0.46324499999999996,ANS,CYP,7788
1883188,7,68,1313,2006.0,343614.0,0.0,-0.12063900000000001,-0.817929,ARE,EGY,7788
1883189,8,68,1313,2006.0,33803.0,0.0,0.076917,1.06231,ARG,EGY,7788
1883190,14,68,1313,2006.0,82429.0,0.0,-0.183265,0.564314,AUS,EGY,7788
1883191,15,68,1313,2006.0,396431.0,8665.0,1.772588,-0.008943000000000001,AUT,EGY,7788
1883192,18,68,1313,2006.0,1050187.0,0.0,1.234224,1.308065,BEL,EGY,7788
1883193,22,68,1313,2006.0,22758.0,0.0,-0.776517,-0.874408,BGD,EGY,7788
1883194,23,68,1313,2006.0,51168.0,0.0,0.490234,1.581841,BGR,EGY,7788
1883195,32,68,1313,2006.0,34913.0,0.0,0.622959,1.413527,BRA,EGY,7788
1883196,39,68,1313,2006.0,1875120.0,13400418.0,0.806511,1.466573,CAN,EGY,7788
1883197,41,68,1313,2006.0,811887.0,2816.0,2.038668,0.46319,CHE,EGY,7788
1883198,42,68,1313,2006.0,17834.0,8346.0,-0.193151,-0.46637,CHL,EGY,7788
1883199,43,68,1313,2006.0,12391697.0,0.0,0.842242,1.7392740000000002,CHN,EGY,7788
1883200,58,68,1313,2006.0,2490.0,0.0,0.728916,0.023954,CYP,EGY,7788
1883201,59,68,1313,2006.0,143481.0,0.0,1.6478549999999998,0.095131,CZE,EGY,7788
1883202,61,68,1313,2006.0,13898268.0,433564.0,2.135679,-2.933329,DEU,EGY,7788
1883203,64,68,1313,2006.0,59412.0,0.0,1.25209,1.133206,DNK,EGY,7788
1883204,66,68,1313,2006.0,0.0,136619.0,-1.079717,-1.153102,DZA,EGY,7788
1883205,71,68,1313,2006.0,24306422.0,7814.0,0.9909459999999999,1.785809,ESP,EGY,7788
1883206,74,68,1313,2006.0,216906.0,0.0,1.8630220000000002,0.87172,FIN,EGY,7788
1883207,77,68,1313,2006.0,8908596.0,85597.0,1.499686,0.16705699999999998,FRA,EGY,7788
1883208,81,68,1313,2006.0,7240452.0,63337.0,1.8509779999999998,0.674074,GBR,EGY,7788
1883209,87,68,1313,2006.0,0.0,96909.0,-0.234454,-0.43427899999999997,GMB,EGY,7788
1883210,90,68,1313,2006.0,189207.0,8818.0,0.183748,1.582167,GRC,EGY,7788
1883211,97,68,1313,2006.0,521766.0,3448.0,0.63347,1.276634,HKG,EGY,7788
1883212,100,68,1313,2006.0,3571.0,0.0,0.866511,1.217552,HRV,EGY,7788
1883213,102,68,1313,2006.0,23515.0,0.0,1.469539,0.8546090000000001,HUN,EGY,7788
1883214,103,68,1313,2006.0,137173.0,0.0,0.0036969999999999998,1.703498,IDN,EGY,7788
1883215,104,68,1313,2006.0,6673328.0,0.0,0.202078,2.594677,IND,EGY,7788
1883216,106,68,1313,2006.0,171872.0,0.0,1.501322,0.161375,IRL,EGY,7788
1883217,108,68,1313,2006.0,6734.0,0.0,-2.3271330000000003,-0.992934,IRQ,EGY,7788
1883218,111,68,1313,2006.0,12478196.0,137348.0,1.416017,0.161859,ITA,EGY,7788
1883219,113,68,1313,2006.0,23067.0,5181.0,0.31143899999999997,0.428361,JOR,EGY,7788
1883220,114,68,1313,2006.0,5789014.0,142253.0,2.442213,-0.046222000000000006,JPN,EGY,7788
1883221,116,68,1313,2006.0,0.0,4995.0,-0.402762,0.89869,KEN,EGY,7788
1883222,121,68,1313,2006.0,2883870.0,8225.0,1.588589,0.799507,KOR,EGY,7788
1883223,122,68,1313,2006.0,0.0,4794.0,-1.506818,-1.193717,KWT,EGY,7788
1883224,124,68,1313,2006.0,22273.0,36056.0,0.450113,1.7365119999999998,LBN,EGY,7788
1883225,126,68,1313,2006.0,35899.0,0.0,-0.7543529999999999,-1.123674,LBY,EGY,7788
1883226,130,68,1313,2006.0,6461.0,0.0,0.553669,1.252767,LTU,EGY,7788
1883227,134,68,1313,2006.0,0.0,2651.0,-0.41821499999999995,0.175231,MAR,EGY,7788
1883228,138,68,1313,2006.0,6740.0,8129.0,1.2996729999999999,0.655941,MEX,EGY,7788
1883229,142,68,1313,2006.0,1560.0,0.0,1.5366819999999999,0.301101,MLT,EGY,7788
1883230,153,68,1313,2006.0,119813.0,2184.0,0.9497270000000001,0.324179,MYS,EGY,7788
1883231,162,68,1313,2006.0,1882943.0,25041.0,1.115718,1.4743680000000001,NLD,EGY,7788
1883232,163,68,1313,2006.0,162407.0,17038.0,0.621685,-0.280378,NOR,EGY,7788
1883233,166,68,1313,2006.0,26975.0,0.0,0.40442100000000003,0.821033,NZL,EGY,7788
1883234,167,68,1313,2006.0,10593.0,3871.0,-0.871816,-1.184985,OMN,EGY,7788
1883235,168,68,1313,2006.0,55733.0,0.0,-0.500494,0.334983,PAK,EGY,7788
1883236,177,68,1313,2006.0,2988098.0,0.0,1.0576860000000001,1.283664,POL,EGY,7788
1883237,183,68,1313,2006.0,0.0,3207.0,-0.467699,-1.062471,QAT,EGY,7788
1883238,185,68,1313,2006.0,39508.0,0.0,0.733232,1.2149,ROU,EGY,7788
1883239,186,68,1313,2006.0,117976.0,20997.0,0.311252,-0.093895,RUS,EGY,7788
1883240,188,68,1313,2006.0,267976.0,201606.0,-0.094152,-0.921106,SAU,EGY,7788
1883241,190,68,1313,2006.0,0.0,756055.0,-1.727355,-1.278714,SDN,EGY,7788
1883242,192,68,1313,2006.0,911276.0,0.0,1.670134,0.43955600000000006,SGP,EGY,7788
1883243,206,68,1313,2006.0,44275.0,3861.0,1.3569950000000002,0.8663290000000001,SVK,EGY,7788
1883244,207,68,1313,2006.0,136784.0,0.0,1.562187,0.612624,SVN,EGY,7788
1883245,208,68,1313,2006.0,1463573.0,7352.0,1.921461,0.478688,SWE,EGY,7788
1883246,212,68,1313,2006.0,17924.0,12730.0,-0.49903100000000006,0.362867,SYR,EGY,7788
1883247,216,68,1313,2006.0,596001.0,0.0,0.73283,1.419023,THA,EGY,7788
1883248,223,68,1313,2006.0,15420.0,99953.0,0.140257,0.528918,TUN,EGY,7788
1883249,224,68,1313,2006.0,643537.0,0.0,0.41471,2.138217,TUR,EGY,7788
1883250,226,68,1313,2006.0,1283.0,21832.0,-0.804761,0.6328729999999999,TZA,EGY,7788
1883251,228,68,1313,2006.0,1595994.0,0.0,0.598325,1.225485,UKR,EGY,7788
1883252,231,68,1313,2006.0,12866634.0,97794.0,1.616918,-0.429924,USA,EGY,7788
1883253,240,68,1313,2006.0,1365.0,0.0,-0.960584,-0.971794,VUT,EGY,7788
1883254,243,68,1313,2006.0,0.0,5596.0,-1.070559,-1.1655389999999999,YEM,EGY,7788
1883255,246,68,1313,2006.0,73557.0,0.0,0.18317,1.675934,ZAF,EGY,7788
1883256,249,68,1313,2006.0,1625440.0,6293.0,1.6683169999999998,1.230621,TWN,EGY,7788
1883257,250,68,1313,2006.0,873465.0,0.0,0.202525,-0.46324499999999996,ANS,EGY,7788
1883258,8,72,1313,2006.0,0.0,1225.0,0.076917,1.06231,ARG,EST,7788
1883259,14,72,1313,2006.0,92054.0,743337.0,-0.183265,0.564314,AUS,EST,7788
1883260,15,72,1313,2006.0,575779.0,32049.0,1.772588,-0.008943000000000001,AUT,EST,7788
1883261,16,72,1313,2006.0,0.0,1001.0,-0.949606,-1.099346,AZE,EST,7788
1883262,18,72,1313,2006.0,1344977.0,277677.0,1.234224,1.308065,BEL,EST,7788
1883263,23,72,1313,2006.0,34790.0,4851.0,0.490234,1.581841,BGR,EST,7788
1883264,26,72,1313,2006.0,0.0,1605.0,0.543053,0.68971,BIH,EST,7788
1883265,28,72,1313,2006.0,2445.0,118038.0,0.948306,0.702786,BLR,EST,7788
1883266,29,72,1313,2006.0,0.0,26059.0,-0.275783,-0.6653439999999999,BLZ,EST,7788
1883267,32,72,1313,2006.0,181230.0,2632.0,0.622959,1.413527,BRA,EST,7788
1883268,39,72,1313,2006.0,316056.0,860115.0,0.806511,1.466573,CAN,EST,7788
1883269,41,72,1313,2006.0,298394.0,4975.0,2.038668,0.46319,CHE,EST,7788
1883270,42,72,1313,2006.0,0.0,130001.0,-0.193151,-0.46637,CHL,EST,7788
1883271,43,72,1313,2006.0,3679986.0,350263.0,0.842242,1.7392740000000002,CHN,EST,7788
1883272,49,72,1313,2006.0,0.0,3633.0,0.162228,0.550616,COL,EST,7788
1883273,58,72,1313,2006.0,0.0,138899.0,0.728916,0.023954,CYP,EST,7788
1883274,59,72,1313,2006.0,3634462.0,4203.0,1.6478549999999998,0.095131,CZE,EST,7788
1883275,61,72,1313,2006.0,20162112.0,1081453.0,2.135679,-2.933329,DEU,EST,7788
1883276,64,72,1313,2006.0,1282101.0,149354.0,1.25209,1.133206,DNK,EST,7788
1883277,67,72,1313,2006.0,2241.0,0.0,-0.9617209999999999,-0.936366,ECU,EST,7788
1883278,71,72,1313,2006.0,969915.0,0.0,0.9909459999999999,1.785809,ESP,EST,7788
1883279,74,72,1313,2006.0,8444364.0,11361151.0,1.8630220000000002,0.87172,FIN,EST,7788
1883280,77,72,1313,2006.0,435268.0,49033.0,1.499686,0.16705699999999998,FRA,EST,7788
1883281,81,72,1313,2006.0,5121877.0,206252.0,1.8509779999999998,0.674074,GBR,EST,7788
1883282,82,72,1313,2006.0,5605.0,0.0,-0.152929,-0.438435,GEO,EST,7788
1883283,90,72,1313,2006.0,103450.0,76972.0,0.183748,1.582167,GRC,EST,7788
1883284,97,72,1313,2006.0,322906.0,171848.0,0.63347,1.276634,HKG,EST,7788
1883285,100,72,1313,2006.0,3632.0,70067.0,0.866511,1.217552,HRV,EST,7788
1883286,102,72,1313,2006.0,1026399.0,468510.0,1.469539,0.8546090000000001,HUN,EST,7788
1883287,103,72,1313,2006.0,37846.0,3270.0,0.0036969999999999998,1.703498,IDN,EST,7788
1883288,104,72,1313,2006.0,770957.0,4573.0,0.202078,2.594677,IND,EST,7788
1883289,106,72,1313,2006.0,400759.0,0.0,1.501322,0.161375,IRL,EST,7788
1883290,110,72,1313,2006.0,143185.0,92530.0,1.286738,0.8783610000000001,ISR,EST,7788
1883291,111,72,1313,2006.0,6580366.0,134200.0,1.416017,0.161859,ITA,EST,7788
1883292,114,72,1313,2006.0,9638488.0,59379.0,2.442213,-0.046222000000000006,JPN,EST,7788
1883293,115,72,1313,2006.0,0.0,308208.0,-0.18694000000000002,-0.468758,KAZ,EST,7788
1883294,117,72,1313,2006.0,0.0,6904.0,-0.091973,0.331995,KGZ,EST,7788
1883295,121,72,1313,2006.0,174898.0,2147.0,1.588589,0.799507,KOR,EST,7788
1883296,130,72,1313,2006.0,1118032.0,1276810.0,0.553669,1.252767,LTU,EST,7788
1883297,131,72,1313,2006.0,256173.0,0.0,1.285123,0.999081,LUX,EST,7788
1883298,132,72,1313,2006.0,591053.0,2554178.0,0.548453,1.027836,LVA,EST,7788
1883299,135,72,1313,2006.0,0.0,1299.0,0.043632,0.21129299999999998,MDA,EST,7788
1883300,138,72,1313,2006.0,194076.0,34710.0,1.2996729999999999,0.655941,MEX,EST,7788
1883301,153,72,1313,2006.0,284077.0,106721.0,0.9497270000000001,0.324179,MYS,EST,7788
1883302,162,72,1313,2006.0,6000865.0,461711.0,1.115718,1.4743680000000001,NLD,EST,7788
1883303,163,72,1313,2006.0,2670146.0,1462312.0,0.621685,-0.280378,NOR,EST,7788
1883304,166,72,1313,2006.0,147435.0,7024.0,0.40442100000000003,0.821033,NZL,EST,7788
1883305,169,72,1313,2006.0,0.0,2801.0,0.511845,0.7560560000000001,PAN,EST,7788
1883306,174,72,1313,2006.0,1242833.0,0.0,0.32715,-0.15929200000000002,PHL,EST,7788
1883307,177,72,1313,2006.0,898541.0,821662.0,1.0576860000000001,1.283664,POL,EST,7788
1883308,178,72,1313,2006.0,2078.0,0.0,0.649384,1.069006,PRK,EST,7788
1883309,179,72,1313,2006.0,455291.0,1381.0,0.695569,1.7476200000000002,PRT,EST,7788
1883310,185,72,1313,2006.0,51774.0,366902.0,0.733232,1.2149,ROU,EST,7788
1883311,186,72,1313,2006.0,367686.0,2261365.0,0.311252,-0.093895,RUS,EST,7788
1883312,192,72,1313,2006.0,87478.0,59191.0,1.670134,0.43955600000000006,SGP,EST,7788
1883313,201,72,1313,2006.0,0.0,23497.0,0.581078,1.5831600000000001,SRB,EST,7788
1883314,206,72,1313,2006.0,38096.0,0.0,1.3569950000000002,0.8663290000000001,SVK,EST,7788
1883315,207,72,1313,2006.0,16285.0,24532.0,1.562187,0.612624,SVN,EST,7788
1883316,208,72,1313,2006.0,4927470.0,3100160.0,1.921461,0.478688,SWE,EST,7788
1883317,212,72,1313,2006.0,2393.0,0.0,-0.49903100000000006,0.362867,SYR,EST,7788
1883318,216,72,1313,2006.0,172176.0,1234.0,0.73283,1.419023,THA,EST,7788
1883319,223,72,1313,2006.0,2775.0,0.0,0.140257,0.528918,TUN,EST,7788
1883320,224,72,1313,2006.0,21122.0,10631.0,0.41471,2.138217,TUR,EST,7788
1883321,228,72,1313,2006.0,348199.0,423748.0,0.598325,1.225485,UKR,EST,7788
1883322,231,72,1313,2006.0,1094438.0,813980.0,1.616918,-0.429924,USA,EST,7788
1883323,232,72,1313,2006.0,0.0,63515.0,-0.508594,-0.7682720000000001,UZB,EST,7788
1883324,246,72,1313,2006.0,5121.0,1408763.0,0.18317,1.675934,ZAF,EST,7788
1883325,249,72,1313,2006.0,1136230.0,30530.0,1.6683169999999998,1.230621,TWN,EST,7788
1883326,250,72,1313,2006.0,1334501.0,0.0,0.202525,-0.46324499999999996,ANS,EST,7788
1883327,7,82,1313,2006.0,96570.0,0.0,-0.12063900000000001,-0.817929,ARE,GEO,7788
1883328,9,82,1313,2006.0,0.0,5574.0,-0.044726999999999996,-0.486043,ARM,GEO,7788
1883329,14,82,1313,2006.0,2459.0,2882.0,-0.183265,0.564314,AUS,GEO,7788
1883330,15,82,1313,2006.0,60153.0,0.0,1.772588,-0.008943000000000001,AUT,GEO,7788
1883331,16,82,1313,2006.0,88806.0,0.0,-0.949606,-1.099346,AZE,GEO,7788
1883332,17,82,1313,2006.0,0.0,42659.0,-0.139211,-0.558193,BDI,GEO,7788
1883333,18,82,1313,2006.0,12297.0,0.0,1.234224,1.308065,BEL,GEO,7788
1883334,23,82,1313,2006.0,2583.0,0.0,0.490234,1.581841,BGR,GEO,7788
1883335,28,82,1313,2006.0,6979.0,0.0,0.948306,0.702786,BLR,GEO,7788
1883336,39,82,1313,2006.0,118387.0,0.0,0.806511,1.466573,CAN,GEO,7788
1883337,41,82,1313,2006.0,2447.0,0.0,2.038668,0.46319,CHE,GEO,7788
1883338,43,82,1313,2006.0,339503.0,3912.0,0.842242,1.7392740000000002,CHN,GEO,7788
1883339,59,82,1313,2006.0,110823.0,0.0,1.6478549999999998,0.095131,CZE,GEO,7788
1883340,61,82,1313,2006.0,662970.0,7172.0,2.135679,-2.933329,DEU,GEO,7788
1883341,64,82,1313,2006.0,36746.0,0.0,1.25209,1.133206,DNK,GEO,7788
1883342,71,82,1313,2006.0,58752.0,0.0,0.9909459999999999,1.785809,ESP,GEO,7788
1883343,72,82,1313,2006.0,0.0,5605.0,0.737979,1.1881950000000001,EST,GEO,7788
1883344,74,82,1313,2006.0,271381.0,5120.0,1.8630220000000002,0.87172,FIN,GEO,7788
1883345,77,82,1313,2006.0,37963.0,13254.0,1.499686,0.16705699999999998,FRA,GEO,7788
1883346,81,82,1313,2006.0,430325.0,3632.0,1.8509779999999998,0.674074,GBR,GEO,7788
1883347,97,82,1313,2006.0,19288.0,0.0,0.63347,1.276634,HKG,GEO,7788
1883348,102,82,1313,2006.0,20608.0,0.0,1.469539,0.8546090000000001,HUN,GEO,7788
1883349,104,82,1313,2006.0,20243.0,9102.0,0.202078,2.594677,IND,GEO,7788
1883350,106,82,1313,2006.0,1369.0,0.0,1.501322,0.161375,IRL,GEO,7788
1883351,107,82,1313,2006.0,1004.0,0.0,-0.755814,-0.9279059999999999,IRN,GEO,7788
1883352,110,82,1313,2006.0,167058.0,0.0,1.286738,0.8783610000000001,ISR,GEO,7788
1883353,111,82,1313,2006.0,689513.0,0.0,1.416017,0.161859,ITA,GEO,7788
1883354,114,82,1313,2006.0,6178.0,0.0,2.442213,-0.046222000000000006,JPN,GEO,7788
1883355,115,82,1313,2006.0,0.0,1374.0,-0.18694000000000002,-0.468758,KAZ,GEO,7788
1883356,121,82,1313,2006.0,86140.0,38325.0,1.588589,0.799507,KOR,GEO,7788
1883357,130,82,1313,2006.0,42673.0,0.0,0.553669,1.252767,LTU,GEO,7788
1883358,132,82,1313,2006.0,10326.0,0.0,0.548453,1.027836,LVA,GEO,7788
1883359,138,82,1313,2006.0,0.0,16446.0,1.2996729999999999,0.655941,MEX,GEO,7788
1883360,162,82,1313,2006.0,149320.0,3201.0,1.115718,1.4743680000000001,NLD,GEO,7788
1883361,163,82,1313,2006.0,293186.0,0.0,0.621685,-0.280378,NOR,GEO,7788
1883362,177,82,1313,2006.0,77678.0,0.0,1.0576860000000001,1.283664,POL,GEO,7788
1883363,185,82,1313,2006.0,3395.0,0.0,0.733232,1.2149,ROU,GEO,7788
1883364,186,82,1313,2006.0,333631.0,19904.0,0.311252,-0.093895,RUS,GEO,7788
1883365,207,82,1313,2006.0,15086.0,0.0,1.562187,0.612624,SVN,GEO,7788
1883366,208,82,1313,2006.0,5472.0,0.0,1.921461,0.478688,SWE,GEO,7788
1883367,216,82,1313,2006.0,6505.0,6603.0,0.73283,1.419023,THA,GEO,7788
1883368,224,82,1313,2006.0,384219.0,22838.0,0.41471,2.138217,TUR,GEO,7788
1883369,228,82,1313,2006.0,1271667.0,13126.0,0.598325,1.225485,UKR,GEO,7788
1883370,231,82,1313,2006.0,319794.0,1761.0,1.616918,-0.429924,USA,GEO,7788
1883371,246,82,1313,2006.0,15163.0,0.0,0.18317,1.675934,ZAF,GEO,7788
1883372,249,82,1313,2006.0,74013.0,0.0,1.6683169999999998,1.230621,TWN,GEO,7788
1883373,4,100,1313,2006.0,0.0,39235.0,-0.310731,-0.01222,ALB,HRV,7788
1883374,7,100,1313,2006.0,0.0,24185.0,-0.12063900000000001,-0.817929,ARE,HRV,7788
1883375,8,100,1313,2006.0,0.0,1245.0,0.076917,1.06231,ARG,HRV,7788
1883376,14,100,1313,2006.0,18488.0,5018.0,-0.183265,0.564314,AUS,HRV,7788
1883377,15,100,1313,2006.0,78453336.0,82758376.0,1.772588,-0.008943000000000001,AUT,HRV,7788
1883378,16,100,1313,2006.0,0.0,9757.0,-0.949606,-1.099346,AZE,HRV,7788
1883379,18,100,1313,2006.0,633516.0,8239.0,1.234224,1.308065,BEL,HRV,7788
1883380,19,100,1313,2006.0,0.0,8045.0,-1.093919,-0.9748319999999999,BEN,HRV,7788
1883381,23,100,1313,2006.0,12145.0,107862.0,0.490234,1.581841,BGR,HRV,7788
1883382,26,100,1313,2006.0,257613.0,1888858.0,0.543053,0.68971,BIH,HRV,7788
1883383,28,100,1313,2006.0,0.0,10043.0,0.948306,0.702786,BLR,HRV,7788
1883384,32,100,1313,2006.0,29659.0,0.0,0.622959,1.413527,BRA,HRV,7788
1883385,39,100,1313,2006.0,538531.0,0.0,0.806511,1.466573,CAN,HRV,7788
1883386,41,100,1313,2006.0,1284572.0,44257.0,2.038668,0.46319,CHE,HRV,7788
1883387,42,100,1313,2006.0,0.0,28778.0,-0.193151,-0.46637,CHL,HRV,7788
1883388,43,100,1313,2006.0,897857.0,5326.0,0.842242,1.7392740000000002,CHN,HRV,7788
1883389,45,100,1313,2006.0,2602.0,0.0,-1.570753,-1.22499,CMR,HRV,7788
1883390,52,100,1313,2006.0,39909.0,8918.0,0.07128999999999999,-0.24274400000000002,CRI,HRV,7788
1883391,58,100,1313,2006.0,3134.0,0.0,0.728916,0.023954,CYP,HRV,7788
1883392,59,100,1313,2006.0,1511936.0,9150.0,1.6478549999999998,0.095131,CZE,HRV,7788
1883393,61,100,1313,2006.0,27833266.0,1732126.0,2.135679,-2.933329,DEU,HRV,7788
1883394,64,100,1313,2006.0,354353.0,23429.0,1.25209,1.133206,DNK,HRV,7788
1883395,65,100,1313,2006.0,16324.0,0.0,0.044542,0.178998,DOM,HRV,7788
1883396,66,100,1313,2006.0,0.0,141827.0,-1.079717,-1.153102,DZA,HRV,7788
1883397,68,100,1313,2006.0,0.0,3571.0,-0.305058,0.294265,EGY,HRV,7788
1883398,71,100,1313,2006.0,409594.0,330061.0,0.9909459999999999,1.785809,ESP,HRV,7788
1883399,72,100,1313,2006.0,70067.0,3632.0,0.737979,1.1881950000000001,EST,HRV,7788
1883400,74,100,1313,2006.0,221512.0,87925.0,1.8630220000000002,0.87172,FIN,HRV,7788
1883401,77,100,1313,2006.0,2274266.0,895260.0,1.499686,0.16705699999999998,FRA,HRV,7788
1883402,81,100,1313,2006.0,2737865.0,33744.0,1.8509779999999998,0.674074,GBR,HRV,7788
1883403,83,100,1313,2006.0,0.0,1646.0,-0.9211739999999999,-0.738322,GHA,HRV,7788
1883404,90,100,1313,2006.0,43479.0,11189.0,0.183748,1.582167,GRC,HRV,7788
1883405,97,100,1313,2006.0,269087.0,0.0,0.63347,1.276634,HKG,HRV,7788
1883406,102,100,1313,2006.0,1522901.0,36853.0,1.469539,0.8546090000000001,HUN,HRV,7788
1883407,103,100,1313,2006.0,41436.0,0.0,0.0036969999999999998,1.703498,IDN,HRV,7788
1883408,104,100,1313,2006.0,20364.0,30843.0,0.202078,2.594677,IND,HRV,7788
1883409,106,100,1313,2006.0,221756.0,7685.0,1.501322,0.161375,IRL,HRV,7788
1883410,107,100,1313,2006.0,0.0,1151.0,-0.755814,-0.9279059999999999,IRN,HRV,7788
1883411,110,100,1313,2006.0,480500.0,22941.0,1.286738,0.8783610000000001,ISR,HRV,7788
1883412,111,100,1313,2006.0,14097410.0,7974308.0,1.416017,0.161859,ITA,HRV,7788
1883413,113,100,1313,2006.0,0.0,9258.0,0.31143899999999997,0.428361,JOR,HRV,7788
1883414,114,100,1313,2006.0,192526.0,0.0,2.442213,-0.046222000000000006,JPN,HRV,7788
1883415,121,100,1313,2006.0,761668.0,0.0,1.588589,0.799507,KOR,HRV,7788
1883416,130,100,1313,2006.0,95827.0,2682.0,0.553669,1.252767,LTU,HRV,7788
1883417,131,100,1313,2006.0,6133.0,20638.0,1.285123,0.999081,LUX,HRV,7788
1883418,132,100,1313,2006.0,37098.0,0.0,0.548453,1.027836,LVA,HRV,7788
1883419,133,100,1313,2006.0,25177.0,0.0,0.120923,-0.266158,MAC,HRV,7788
1883420,138,100,1313,2006.0,39740.0,826628.0,1.2996729999999999,0.655941,MEX,HRV,7788
1883421,140,100,1313,2006.0,0.0,89176.0,-0.098526,0.423279,MKD,HRV,7788
1883422,142,100,1313,2006.0,154327.0,0.0,1.5366819999999999,0.301101,MLT,HRV,7788
1883423,144,100,1313,2006.0,0.0,45769.0,0.057147,-0.145592,MNE,HRV,7788
1883424,153,100,1313,2006.0,84202.0,0.0,0.9497270000000001,0.324179,MYS,HRV,7788
1883425,162,100,1313,2006.0,2751783.0,173322.0,1.115718,1.4743680000000001,NLD,HRV,7788
1883426,163,100,1313,2006.0,971668.0,49975.0,0.621685,-0.280378,NOR,HRV,7788
1883427,164,100,1313,2006.0,2489.0,0.0,-0.0014349999999999999,0.804425,NPL,HRV,7788
1883428,166,100,1313,2006.0,4265.0,0.0,0.40442100000000003,0.821033,NZL,HRV,7788
1883429,174,100,1313,2006.0,14499.0,4421.0,0.32715,-0.15929200000000002,PHL,HRV,7788
1883430,177,100,1313,2006.0,1011217.0,220855.0,1.0576860000000001,1.283664,POL,HRV,7788
1883431,178,100,1313,2006.0,1419.0,0.0,0.649384,1.069006,PRK,HRV,7788
1883432,179,100,1313,2006.0,28894.0,25289.0,0.695569,1.7476200000000002,PRT,HRV,7788
1883433,185,100,1313,2006.0,183110.0,451966.0,0.733232,1.2149,ROU,HRV,7788
1883434,186,100,1313,2006.0,83847.0,143105.0,0.311252,-0.093895,RUS,HRV,7788
1883435,188,100,1313,2006.0,0.0,2148.0,-0.094152,-0.921106,SAU,HRV,7788
1883436,191,100,1313,2006.0,1826.0,0.0,-0.548758,-0.152572,SEN,HRV,7788
1883437,192,100,1313,2006.0,19747.0,16381.0,1.670134,0.43955600000000006,SGP,HRV,7788
1883438,201,100,1313,2006.0,309915.0,1323114.0,0.581078,1.5831600000000001,SRB,HRV,7788
1883439,206,100,1313,2006.0,41276.0,34989.0,1.3569950000000002,0.8663290000000001,SVK,HRV,7788
1883440,207,100,1313,2006.0,3128911.0,482826.0,1.562187,0.612624,SVN,HRV,7788
1883441,208,100,1313,2006.0,1103421.0,136175.0,1.921461,0.478688,SWE,HRV,7788
1883442,212,100,1313,2006.0,0.0,3127.0,-0.49903100000000006,0.362867,SYR,HRV,7788
1883443,216,100,1313,2006.0,17333.0,10321.0,0.73283,1.419023,THA,HRV,7788
1883444,223,100,1313,2006.0,20607.0,0.0,0.140257,0.528918,TUN,HRV,7788
1883445,224,100,1313,2006.0,73306.0,21211.0,0.41471,2.138217,TUR,HRV,7788
1883446,228,100,1313,2006.0,2262.0,1731404.0,0.598325,1.225485,UKR,HRV,7788
1883447,231,100,1313,2006.0,942778.0,1328339.0,1.616918,-0.429924,USA,HRV,7788
1883448,237,100,1313,2006.0,3540.0,3094.0,0.937218,0.16353,VGB,HRV,7788
1883449,246,100,1313,2006.0,37678.0,16417.0,0.18317,1.675934,ZAF,HRV,7788
1883450,249,100,1313,2006.0,403804.0,8444.0,1.6683169999999998,1.230621,TWN,HRV,7788
1883451,1,102,1313,2006.0,0.0,1000.0,-0.906723,-0.6810039999999999,AFG,HUN,7788
1883452,4,102,1313,2006.0,0.0,23915.0,-0.310731,-0.01222,ALB,HUN,7788
1883453,7,102,1313,2006.0,4735.0,390761.0,-0.12063900000000001,-0.817929,ARE,HUN,7788
1883454,8,102,1313,2006.0,0.0,66664.0,0.076917,1.06231,ARG,HUN,7788
1883455,9,102,1313,2006.0,0.0,1184.0,-0.044726999999999996,-0.486043,ARM,HUN,7788
1883456,14,102,1313,2006.0,67744.0,1417447.0,-0.183265,0.564314,AUS,HUN,7788
1883457,15,102,1313,2006.0,39046372.0,17692516.0,1.772588,-0.008943000000000001,AUT,HUN,7788
1883458,16,102,1313,2006.0,0.0,7699.0,-0.949606,-1.099346,AZE,HUN,7788
1883459,18,102,1313,2006.0,28211092.0,6172680.0,1.234224,1.308065,BEL,HUN,7788
1883460,23,102,1313,2006.0,219986.0,843417.0,0.490234,1.581841,BGR,HUN,7788
1883461,24,102,1313,2006.0,0.0,16902.0,-0.220239,-1.07936,BHR,HUN,7788
1883462,25,102,1313,2006.0,14082.0,0.0,0.23525900000000002,-0.725657,BHS,HUN,7788
1883463,26,102,1313,2006.0,0.0,417206.0,0.543053,0.68971,BIH,HUN,7788
1883464,28,102,1313,2006.0,1049.0,1065417.0,0.948306,0.702786,BLR,HUN,7788
1883465,31,102,1313,2006.0,0.0,12688.0,-0.9174540000000001,-0.8314729999999999,BOL,HUN,7788
1883466,32,102,1313,2006.0,102693.0,3302743.0,0.622959,1.413527,BRA,HUN,7788
1883467,33,102,1313,2006.0,0.0,3102.0,0.689051,0.416818,BRB,HUN,7788
1883468,39,102,1313,2006.0,5179958.0,222893.0,0.806511,1.466573,CAN,HUN,7788
1883469,41,102,1313,2006.0,2494062.0,4686871.0,2.038668,0.46319,CHE,HUN,7788
1883470,42,102,1313,2006.0,0.0,67391.0,-0.193151,-0.46637,CHL,HUN,7788
1883471,43,102,1313,2006.0,45912584.0,25312610.0,0.842242,1.7392740000000002,CHN,HUN,7788
1883472,44,102,1313,2006.0,0.0,247827.0,-0.9293,-0.853074,CIV,HUN,7788
1883473,49,102,1313,2006.0,0.0,25901.0,0.162228,0.550616,COL,HUN,7788
1883474,52,102,1313,2006.0,0.0,59573.0,0.07128999999999999,-0.24274400000000002,CRI,HUN,7788
1883475,54,102,1313,2006.0,0.0,5797.0,0.207314,-0.473224,CUB,HUN,7788
1883476,57,102,1313,2006.0,0.0,4000.0,0.5082720000000001,-0.674142,CYM,HUN,7788
1883477,58,102,1313,2006.0,0.0,36227.0,0.728916,0.023954,CYP,HUN,7788
1883478,59,102,1313,2006.0,21774702.0,14851425.0,1.6478549999999998,0.095131,CZE,HUN,7788
1883479,61,102,1313,2006.0,337287552.0,278977728.0,2.135679,-2.933329,DEU,HUN,7788
1883480,64,102,1313,2006.0,1550911.0,2418062.0,1.25209,1.133206,DNK,HUN,7788
1883481,65,102,1313,2006.0,0.0,2031.0,0.044542,0.178998,DOM,HUN,7788
1883482,66,102,1313,2006.0,0.0,164282.0,-1.079717,-1.153102,DZA,HUN,7788
1883483,67,102,1313,2006.0,0.0,12942.0,-0.9617209999999999,-0.936366,ECU,HUN,7788
1883484,68,102,1313,2006.0,0.0,23515.0,-0.305058,0.294265,EGY,HUN,7788
1883485,71,102,1313,2006.0,3754377.0,6906131.0,0.9909459999999999,1.785809,ESP,HUN,7788
1883486,72,102,1313,2006.0,468510.0,1026399.0,0.737979,1.1881950000000001,EST,HUN,7788
1883487,74,102,1313,2006.0,3974224.0,7378472.0,1.8630220000000002,0.87172,FIN,HUN,7788
1883488,77,102,1313,2006.0,24918300.0,18577310.0,1.499686,0.16705699999999998,FRA,HUN,7788
1883489,81,102,1313,2006.0,59604324.0,15921374.0,1.8509779999999998,0.674074,GBR,HUN,7788
1883490,82,102,1313,2006.0,0.0,20608.0,-0.152929,-0.438435,GEO,HUN,7788
1883491,90,102,1313,2006.0,815828.0,661890.0,0.183748,1.582167,GRC,HUN,7788
1883492,93,102,1313,2006.0,0.0,13838.0,-0.179628,0.671552,GTM,HUN,7788
1883493,97,102,1313,2006.0,114956704.0,2898012.0,0.63347,1.276634,HKG,HUN,7788
1883494,100,102,1313,2006.0,36853.0,1522901.0,0.866511,1.217552,HRV,HUN,7788
1883495,103,102,1313,2006.0,1143310.0,0.0,0.0036969999999999998,1.703498,IDN,HUN,7788
1883496,104,102,1313,2006.0,834634.0,833661.0,0.202078,2.594677,IND,HUN,7788
1883497,106,102,1313,2006.0,997979.0,998890.0,1.501322,0.161375,IRL,HUN,7788
1883498,109,102,1313,2006.0,0.0,5389.0,0.06816699999999999,-0.36412,ISL,HUN,7788
1883499,110,102,1313,2006.0,2087394.0,1868839.0,1.286738,0.8783610000000001,ISR,HUN,7788
1883500,111,102,1313,2006.0,25471090.0,15733248.0,1.416017,0.161859,ITA,HUN,7788
1883501,113,102,1313,2006.0,0.0,41704.0,0.31143899999999997,0.428361,JOR,HUN,7788
1883502,114,102,1313,2006.0,123828504.0,2582826.0,2.442213,-0.046222000000000006,JPN,HUN,7788
1883503,115,102,1313,2006.0,0.0,117555.0,-0.18694000000000002,-0.468758,KAZ,HUN,7788
1883504,121,102,1313,2006.0,25045438.0,1022499.0,1.588589,0.799507,KOR,HUN,7788
1883505,122,102,1313,2006.0,0.0,25466.0,-1.506818,-1.193717,KWT,HUN,7788
1883506,124,102,1313,2006.0,0.0,60353.0,0.450113,1.7365119999999998,LBN,HUN,7788
1883507,130,102,1313,2006.0,77561.0,262535.0,0.553669,1.252767,LTU,HUN,7788
1883508,131,102,1313,2006.0,649787.0,3278.0,1.285123,0.999081,LUX,HUN,7788
1883509,132,102,1313,2006.0,18034.0,75948.0,0.548453,1.027836,LVA,HUN,7788
1883510,133,102,1313,2006.0,27405.0,0.0,0.120923,-0.266158,MAC,HUN,7788
1883511,134,102,1313,2006.0,3332.0,32464.0,-0.41821499999999995,0.175231,MAR,HUN,7788
1883512,135,102,1313,2006.0,0.0,13522.0,0.043632,0.21129299999999998,MDA,HUN,7788
1883513,138,102,1313,2006.0,1950689.0,3297669.0,1.2996729999999999,0.655941,MEX,HUN,7788
1883514,140,102,1313,2006.0,0.0,76877.0,-0.098526,0.423279,MKD,HUN,7788
1883515,142,102,1313,2006.0,0.0,109532.0,1.5366819999999999,0.301101,MLT,HUN,7788
1883516,144,102,1313,2006.0,0.0,5280.0,0.057147,-0.145592,MNE,HUN,7788
1883517,145,102,1313,2006.0,0.0,1897.0,-0.806932,-1.01265,MNG,HUN,7788
1883518,151,102,1313,2006.0,0.0,1990.0,-0.214308,-0.140502,MUS,HUN,7788
1883519,153,102,1313,2006.0,1782456.0,1598763.0,0.9497270000000001,0.324179,MYS,HUN,7788
1883520,159,102,1313,2006.0,0.0,14160.0,-2.088278,-1.224464,NGA,HUN,7788
1883521,160,102,1313,2006.0,0.0,2727.0,-0.9416120000000001,-0.888491,NIC,HUN,7788
1883522,162,102,1313,2006.0,65354056.0,7464601.0,1.115718,1.4743680000000001,NLD,HUN,7788
1883523,163,102,1313,2006.0,179364.0,307343.0,0.621685,-0.280378,NOR,HUN,7788
1883524,166,102,1313,2006.0,64822.0,22899.0,0.40442100000000003,0.821033,NZL,HUN,7788
1883525,173,102,1313,2006.0,0.0,10481.0,-0.523516,-0.15574100000000002,PER,HUN,7788
1883526,174,102,1313,2006.0,25175548.0,202258.0,0.32715,-0.15929200000000002,PHL,HUN,7788
1883527,177,102,1313,2006.0,3130572.0,5659685.0,1.0576860000000001,1.283664,POL,HUN,7788
1883528,179,102,1313,2006.0,5501990.0,2582992.0,0.695569,1.7476200000000002,PRT,HUN,7788
1883529,180,102,1313,2006.0,0.0,2058.0,-0.49234399999999995,-0.547616,PRY,HUN,7788
1883530,182,102,1313,2006.0,0.0,1838.0,-0.2789,-0.847551,PYF,HUN,7788
1883531,183,102,1313,2006.0,3170.0,5894.0,-0.467699,-1.062471,QAT,HUN,7788
1883532,185,102,1313,2006.0,1245605.0,16529478.0,0.733232,1.2149,ROU,HUN,7788
1883533,186,102,1313,2006.0,145686.0,1152055.0,0.311252,-0.093895,RUS,HUN,7788
1883534,187,102,1313,2006.0,0.0,3234.0,0.190864,-0.346779,RWA,HUN,7788
1883535,188,102,1313,2006.0,0.0,99329.0,-0.094152,-0.921106,SAU,HUN,7788
1883536,192,102,1313,2006.0,9105512.0,1564750.0,1.670134,0.43955600000000006,SGP,HUN,7788
1883537,197,102,1313,2006.0,0.0,5427.0,-0.127317,0.189904,SLV,HUN,7788
1883538,201,102,1313,2006.0,27316.0,958266.0,0.581078,1.5831600000000001,SRB,HUN,7788
1883539,206,102,1313,2006.0,4330362.0,10342551.0,1.3569950000000002,0.8663290000000001,SVK,HUN,7788
1883540,207,102,1313,2006.0,819547.0,766191.0,1.562187,0.612624,SVN,HUN,7788
1883541,208,102,1313,2006.0,3948474.0,18791968.0,1.921461,0.478688,SWE,HUN,7788
1883542,211,102,1313,2006.0,0.0,12849.0,-0.45782,-0.822773,SYC,HUN,7788
1883543,212,102,1313,2006.0,0.0,582520.0,-0.49903100000000006,0.362867,SYR,HUN,7788
1883544,215,102,1313,2006.0,0.0,18000.0,-0.81795,-0.567823,TGO,HUN,7788
1883545,216,102,1313,2006.0,22052726.0,726220.0,0.73283,1.419023,THA,HUN,7788
1883546,223,102,1313,2006.0,19757.0,731418.0,0.140257,0.528918,TUN,HUN,7788
1883547,224,102,1313,2006.0,613948.0,3118550.0,0.41471,2.138217,TUR,HUN,7788
1883548,226,102,1313,2006.0,0.0,1780.0,-0.804761,0.6328729999999999,TZA,HUN,7788
1883549,228,102,1313,2006.0,3134086.0,12735818.0,0.598325,1.225485,UKR,HUN,7788
1883550,230,102,1313,2006.0,0.0,9654.0,0.047764999999999995,0.23831100000000002,URY,HUN,7788
1883551,231,102,1313,2006.0,9290265.0,7331856.0,1.616918,-0.429924,USA,HUN,7788
1883552,232,102,1313,2006.0,7217295.0,0.0,-0.508594,-0.7682720000000001,UZB,HUN,7788
1883553,236,102,1313,2006.0,1225.0,9777.0,-0.5559649999999999,-0.9988299999999999,VEN,HUN,7788
1883554,237,102,1313,2006.0,1673.0,3000.0,0.937218,0.16353,VGB,HUN,7788
1883555,239,102,1313,2006.0,22630.0,0.0,-0.089404,0.986066,VNM,HUN,7788
1883556,246,102,1313,2006.0,175831.0,251128.0,0.18317,1.675934,ZAF,HUN,7788
1883557,249,102,1313,2006.0,150073088.0,3051442.0,1.6683169999999998,1.230621,TWN,HUN,7788
1883558,250,102,1313,2006.0,5266338.0,0.0,0.202525,-0.46324499999999996,ANS,HUN,7788
1883559,1,107,1313,2006.0,0.0,3160.0,-0.906723,-0.6810039999999999,AFG,IRN,7788
1883560,7,107,1313,2006.0,0.0,30453.0,-0.12063900000000001,-0.817929,ARE,IRN,7788
1883561,8,107,1313,2006.0,3317.0,0.0,0.076917,1.06231,ARG,IRN,7788
1883562,9,107,1313,2006.0,0.0,38366.0,-0.044726999999999996,-0.486043,ARM,IRN,7788
1883563,14,107,1313,2006.0,50181.0,33030.0,-0.183265,0.564314,AUS,IRN,7788
1883564,15,107,1313,2006.0,1073436.0,32496.0,1.772588,-0.008943000000000001,AUT,IRN,7788
1883565,18,107,1313,2006.0,1556733.0,0.0,1.234224,1.308065,BEL,IRN,7788
1883566,22,107,1313,2006.0,25620.0,0.0,-0.776517,-0.874408,BGD,IRN,7788
1883567,23,107,1313,2006.0,155172.0,0.0,0.490234,1.581841,BGR,IRN,7788
1883568,32,107,1313,2006.0,103992.0,0.0,0.622959,1.413527,BRA,IRN,7788
1883569,39,107,1313,2006.0,1277533.0,107973.0,0.806511,1.466573,CAN,IRN,7788
1883570,41,107,1313,2006.0,2803261.0,4665.0,2.038668,0.46319,CHE,IRN,7788
1883571,42,107,1313,2006.0,0.0,2434.0,-0.193151,-0.46637,CHL,IRN,7788
1883572,43,107,1313,2006.0,37901272.0,19134.0,0.842242,1.7392740000000002,CHN,IRN,7788
1883573,58,107,1313,2006.0,0.0,86720.0,0.728916,0.023954,CYP,IRN,7788
1883574,59,107,1313,2006.0,87499.0,61003.0,1.6478549999999998,0.095131,CZE,IRN,7788
1883575,61,107,1313,2006.0,16378339.0,754204.0,2.135679,-2.933329,DEU,IRN,7788
1883576,64,107,1313,2006.0,352812.0,0.0,1.25209,1.133206,DNK,IRN,7788
1883577,71,107,1313,2006.0,22826566.0,1639.0,0.9909459999999999,1.785809,ESP,IRN,7788
1883578,74,107,1313,2006.0,458325.0,0.0,1.8630220000000002,0.87172,FIN,IRN,7788
1883579,77,107,1313,2006.0,8885688.0,113903.0,1.499686,0.16705699999999998,FRA,IRN,7788
1883580,81,107,1313,2006.0,8701183.0,241919.0,1.8509779999999998,0.674074,GBR,IRN,7788
1883581,82,107,1313,2006.0,0.0,1004.0,-0.152929,-0.438435,GEO,IRN,7788
1883582,90,107,1313,2006.0,59891.0,0.0,0.183748,1.582167,GRC,IRN,7788
1883583,97,107,1313,2006.0,1494690.0,41604.0,0.63347,1.276634,HKG,IRN,7788
1883584,100,107,1313,2006.0,1151.0,0.0,0.866511,1.217552,HRV,IRN,7788
1883585,103,107,1313,2006.0,75527.0,13393.0,0.0036969999999999998,1.703498,IDN,IRN,7788
1883586,104,107,1313,2006.0,26925016.0,36319.0,0.202078,2.594677,IND,IRN,7788
1883587,106,107,1313,2006.0,1003.0,0.0,1.501322,0.161375,IRL,IRN,7788
1883588,108,107,1313,2006.0,0.0,696683.0,-2.3271330000000003,-0.992934,IRQ,IRN,7788
1883589,111,107,1313,2006.0,14743644.0,442312.0,1.416017,0.161859,ITA,IRN,7788
1883590,114,107,1313,2006.0,18714188.0,0.0,2.442213,-0.046222000000000006,JPN,IRN,7788
1883591,115,107,1313,2006.0,0.0,216249.0,-0.18694000000000002,-0.468758,KAZ,IRN,7788
1883592,116,107,1313,2006.0,0.0,6947.0,-0.402762,0.89869,KEN,IRN,7788
1883593,117,107,1313,2006.0,6118.0,0.0,-0.091973,0.331995,KGZ,IRN,7788
1883594,121,107,1313,2006.0,1864934.0,0.0,1.588589,0.799507,KOR,IRN,7788
1883595,122,107,1313,2006.0,0.0,175876.0,-1.506818,-1.193717,KWT,IRN,7788
1883596,124,107,1313,2006.0,96153.0,6629.0,0.450113,1.7365119999999998,LBN,IRN,7788
1883597,128,107,1313,2006.0,0.0,51714.0,-0.37725,0.245153,LKA,IRN,7788
1883598,130,107,1313,2006.0,2115.0,0.0,0.553669,1.252767,LTU,IRN,7788
1883599,131,107,1313,2006.0,4200.0,0.0,1.285123,0.999081,LUX,IRN,7788
1883600,138,107,1313,2006.0,1405618.0,3219.0,1.2996729999999999,0.655941,MEX,IRN,7788
1883601,153,107,1313,2006.0,378048.0,134307.0,0.9497270000000001,0.324179,MYS,IRN,7788
1883602,162,107,1313,2006.0,1420572.0,31980.0,1.115718,1.4743680000000001,NLD,IRN,7788
1883603,163,107,1313,2006.0,402549.0,18341.0,0.621685,-0.280378,NOR,IRN,7788
1883604,166,107,1313,2006.0,30166.0,0.0,0.40442100000000003,0.821033,NZL,IRN,7788
1883605,174,107,1313,2006.0,152537.0,0.0,0.32715,-0.15929200000000002,PHL,IRN,7788
1883606,177,107,1313,2006.0,1094313.0,8845.0,1.0576860000000001,1.283664,POL,IRN,7788
1883607,179,107,1313,2006.0,21959.0,0.0,0.695569,1.7476200000000002,PRT,IRN,7788
1883608,183,107,1313,2006.0,9745.0,0.0,-0.467699,-1.062471,QAT,IRN,7788
1883609,185,107,1313,2006.0,1712921.0,181978.0,0.733232,1.2149,ROU,IRN,7788
1883610,186,107,1313,2006.0,2644912.0,38202.0,0.311252,-0.093895,RUS,IRN,7788
1883611,187,107,1313,2006.0,0.0,5276.0,0.190864,-0.346779,RWA,IRN,7788
1883612,188,107,1313,2006.0,0.0,23991.0,-0.094152,-0.921106,SAU,IRN,7788
1883613,190,107,1313,2006.0,0.0,23862.0,-1.727355,-1.278714,SDN,IRN,7788
1883614,191,107,1313,2006.0,14219.0,0.0,-0.548758,-0.152572,SEN,IRN,7788
1883615,192,107,1313,2006.0,3061204.0,14261.0,1.670134,0.43955600000000006,SGP,IRN,7788
1883616,201,107,1313,2006.0,0.0,5870.0,0.581078,1.5831600000000001,SRB,IRN,7788
1883617,207,107,1313,2006.0,1176378.0,0.0,1.562187,0.612624,SVN,IRN,7788
1883618,208,107,1313,2006.0,1251114.0,351329.0,1.921461,0.478688,SWE,IRN,7788
1883619,212,107,1313,2006.0,0.0,1264119.0,-0.49903100000000006,0.362867,SYR,IRN,7788
1883620,216,107,1313,2006.0,15640.0,10288.0,0.73283,1.419023,THA,IRN,7788
1883621,219,107,1313,2006.0,0.0,186121.0,-1.014047,-1.1895149999999999,TKM,IRN,7788
1883622,224,107,1313,2006.0,713777.0,165990.0,0.41471,2.138217,TUR,IRN,7788
1883623,228,107,1313,2006.0,118050.0,13483.0,0.598325,1.225485,UKR,IRN,7788
1883624,236,107,1313,2006.0,0.0,9503.0,-0.5559649999999999,-0.9988299999999999,VEN,IRN,7788
1883625,239,107,1313,2006.0,2760.0,0.0,-0.089404,0.986066,VNM,IRN,7788
1883626,246,107,1313,2006.0,331865.0,0.0,0.18317,1.675934,ZAF,IRN,7788
1883627,249,107,1313,2006.0,3974982.0,74253.0,1.6683169999999998,1.230621,TWN,IRN,7788
1883628,250,107,1313,2006.0,2172.0,0.0,0.202525,-0.46324499999999996,ANS,IRN,7788
1883629,7,113,1313,2006.0,10747.0,21630.0,-0.12063900000000001,-0.817929,ARE,JOR,7788
1883630,8,113,1313,2006.0,1734.0,0.0,0.076917,1.06231,ARG,JOR,7788
1883631,14,113,1313,2006.0,292830.0,0.0,-0.183265,0.564314,AUS,JOR,7788
1883632,15,113,1313,2006.0,166801.0,0.0,1.772588,-0.008943000000000001,AUT,JOR,7788
1883633,18,113,1313,2006.0,492206.0,0.0,1.234224,1.308065,BEL,JOR,7788
1883634,23,113,1313,2006.0,2196.0,3811.0,0.490234,1.581841,BGR,JOR,7788
1883635,32,113,1313,2006.0,8468.0,0.0,0.622959,1.413527,BRA,JOR,7788
1883636,39,113,1313,2006.0,651364.0,1770.0,0.806511,1.466573,CAN,JOR,7788
1883637,41,113,1313,2006.0,157734.0,2598.0,2.038668,0.46319,CHE,JOR,7788
1883638,43,113,1313,2006.0,2442504.0,0.0,0.842242,1.7392740000000002,CHN,JOR,7788
1883639,58,113,1313,2006.0,10412.0,1487.0,0.728916,0.023954,CYP,JOR,7788
1883640,59,113,1313,2006.0,48547.0,0.0,1.6478549999999998,0.095131,CZE,JOR,7788
1883641,61,113,1313,2006.0,1774874.0,23733.0,2.135679,-2.933329,DEU,JOR,7788
1883642,62,113,1313,2006.0,0.0,1604.0,-0.360761,-0.261373,DJI,JOR,7788
1883643,64,113,1313,2006.0,32102.0,0.0,1.25209,1.133206,DNK,JOR,7788
1883644,68,113,1313,2006.0,5181.0,23067.0,-0.305058,0.294265,EGY,JOR,7788
1883645,71,113,1313,2006.0,163225.0,0.0,0.9909459999999999,1.785809,ESP,JOR,7788
1883646,74,113,1313,2006.0,62517.0,0.0,1.8630220000000002,0.87172,FIN,JOR,7788
1883647,77,113,1313,2006.0,686251.0,4785.0,1.499686,0.16705699999999998,FRA,JOR,7788
1883648,81,113,1313,2006.0,3307490.0,70734.0,1.8509779999999998,0.674074,GBR,JOR,7788
1883649,90,113,1313,2006.0,20519.0,0.0,0.183748,1.582167,GRC,JOR,7788
1883650,97,113,1313,2006.0,427326.0,0.0,0.63347,1.276634,HKG,JOR,7788
1883651,100,113,1313,2006.0,9258.0,0.0,0.866511,1.217552,HRV,JOR,7788
1883652,102,113,1313,2006.0,41704.0,0.0,1.469539,0.8546090000000001,HUN,JOR,7788
1883653,103,113,1313,2006.0,8256.0,0.0,0.0036969999999999998,1.703498,IDN,JOR,7788
1883654,104,113,1313,2006.0,52267.0,0.0,0.202078,2.594677,IND,JOR,7788
1883655,106,113,1313,2006.0,18016.0,0.0,1.501322,0.161375,IRL,JOR,7788
1883656,108,113,1313,2006.0,0.0,245590.0,-2.3271330000000003,-0.992934,IRQ,JOR,7788
1883657,110,113,1313,2006.0,41758.0,18270.0,1.286738,0.8783610000000001,ISR,JOR,7788
1883658,111,113,1313,2006.0,652716.0,0.0,1.416017,0.161859,ITA,JOR,7788
1883659,114,113,1313,2006.0,496037.0,0.0,2.442213,-0.046222000000000006,JPN,JOR,7788
1883660,121,113,1313,2006.0,81492.0,0.0,1.588589,0.799507,KOR,JOR,7788
1883661,122,113,1313,2006.0,11658.0,864948.0,-1.506818,-1.193717,KWT,JOR,7788
1883662,124,113,1313,2006.0,267889.0,66214.0,0.450113,1.7365119999999998,LBN,JOR,7788
1883663,126,113,1313,2006.0,0.0,41235.0,-0.7543529999999999,-1.123674,LBY,JOR,7788
1883664,128,113,1313,2006.0,52802.0,0.0,-0.37725,0.245153,LKA,JOR,7788
1883665,138,113,1313,2006.0,12186.0,0.0,1.2996729999999999,0.655941,MEX,JOR,7788
1883666,153,113,1313,2006.0,242829.0,5010.0,0.9497270000000001,0.324179,MYS,JOR,7788
1883667,162,113,1313,2006.0,869318.0,12535.0,1.115718,1.4743680000000001,NLD,JOR,7788
1883668,166,113,1313,2006.0,4977.0,0.0,0.40442100000000003,0.821033,NZL,JOR,7788
1883669,167,113,1313,2006.0,0.0,6111.0,-0.871816,-1.184985,OMN,JOR,7788
1883670,168,113,1313,2006.0,40385.0,0.0,-0.500494,0.334983,PAK,JOR,7788
1883671,177,113,1313,2006.0,1013598.0,0.0,1.0576860000000001,1.283664,POL,JOR,7788
1883672,179,113,1313,2006.0,122295.0,0.0,0.695569,1.7476200000000002,PRT,JOR,7788
1883673,181,113,1313,2006.0,0.0,1500.0,-0.043153,-0.421504,PSE,JOR,7788
1883674,183,113,1313,2006.0,3832.0,0.0,-0.467699,-1.062471,QAT,JOR,7788
1883675,185,113,1313,2006.0,1209.0,0.0,0.733232,1.2149,ROU,JOR,7788
1883676,186,113,1313,2006.0,45276.0,0.0,0.311252,-0.093895,RUS,JOR,7788
1883677,188,113,1313,2006.0,257333.0,26285.0,-0.094152,-0.921106,SAU,JOR,7788
1883678,190,113,1313,2006.0,0.0,5989.0,-1.727355,-1.278714,SDN,JOR,7788
1883679,192,113,1313,2006.0,8888.0,0.0,1.670134,0.43955600000000006,SGP,JOR,7788
1883680,207,113,1313,2006.0,2948.0,0.0,1.562187,0.612624,SVN,JOR,7788
1883681,208,113,1313,2006.0,1110219.0,0.0,1.921461,0.478688,SWE,JOR,7788
1883682,212,113,1313,2006.0,40261.0,60249.0,-0.49903100000000006,0.362867,SYR,JOR,7788
1883683,216,113,1313,2006.0,25076.0,0.0,0.73283,1.419023,THA,JOR,7788
1883684,224,113,1313,2006.0,200420.0,0.0,0.41471,2.138217,TUR,JOR,7788
1883685,231,113,1313,2006.0,1160922.0,80428.0,1.616918,-0.429924,USA,JOR,7788
1883686,243,113,1313,2006.0,0.0,14523.0,-1.070559,-1.1655389999999999,YEM,JOR,7788
1883687,246,113,1313,2006.0,152248.0,0.0,0.18317,1.675934,ZAF,JOR,7788
1883688,249,113,1313,2006.0,435538.0,0.0,1.6683169999999998,1.230621,TWN,JOR,7788
1883689,250,113,1313,2006.0,0.0,2140918.0,0.202525,-0.46324499999999996,ANS,JOR,7788
1883690,7,115,1313,2006.0,70849.0,9050.0,-0.12063900000000001,-0.817929,ARE,KAZ,7788
1883691,14,115,1313,2006.0,11832.0,39938.0,-0.183265,0.564314,AUS,KAZ,7788
1883692,15,115,1313,2006.0,562800.0,0.0,1.772588,-0.008943000000000001,AUT,KAZ,7788
1883693,16,115,1313,2006.0,2682.0,1382.0,-0.949606,-1.099346,AZE,KAZ,7788
1883694,18,115,1313,2006.0,298566.0,3068.0,1.234224,1.308065,BEL,KAZ,7788
1883695,23,115,1313,2006.0,18374.0,0.0,0.490234,1.581841,BGR,KAZ,7788
1883696,28,115,1313,2006.0,715164.0,8535.0,0.948306,0.702786,BLR,KAZ,7788
1883697,32,115,1313,2006.0,9470.0,1204.0,0.622959,1.413527,BRA,KAZ,7788
1883698,39,115,1313,2006.0,559394.0,0.0,0.806511,1.466573,CAN,KAZ,7788
1883699,41,115,1313,2006.0,221412.0,0.0,2.038668,0.46319,CHE,KAZ,7788
1883700,43,115,1313,2006.0,7554498.0,2556.0,0.842242,1.7392740000000002,CHN,KAZ,7788
1883701,59,115,1313,2006.0,221497.0,0.0,1.6478549999999998,0.095131,CZE,KAZ,7788
1883702,61,115,1313,2006.0,6093580.0,17788.0,2.135679,-2.933329,DEU,KAZ,7788
1883703,64,115,1313,2006.0,15223.0,2345.0,1.25209,1.133206,DNK,KAZ,7788
1883704,71,115,1313,2006.0,33324.0,0.0,0.9909459999999999,1.785809,ESP,KAZ,7788
1883705,72,115,1313,2006.0,308208.0,0.0,0.737979,1.1881950000000001,EST,KAZ,7788
1883706,74,115,1313,2006.0,284985.0,0.0,1.8630220000000002,0.87172,FIN,KAZ,7788
1883707,77,115,1313,2006.0,1337481.0,33904.0,1.499686,0.16705699999999998,FRA,KAZ,7788
1883708,81,115,1313,2006.0,2092782.0,57552.0,1.8509779999999998,0.674074,GBR,KAZ,7788
1883709,82,115,1313,2006.0,1374.0,0.0,-0.152929,-0.438435,GEO,KAZ,7788
1883710,97,115,1313,2006.0,47048.0,0.0,0.63347,1.276634,HKG,KAZ,7788
1883711,102,115,1313,2006.0,117555.0,0.0,1.469539,0.8546090000000001,HUN,KAZ,7788
1883712,104,115,1313,2006.0,30166.0,0.0,0.202078,2.594677,IND,KAZ,7788
1883713,106,115,1313,2006.0,158050.0,0.0,1.501322,0.161375,IRL,KAZ,7788
1883714,107,115,1313,2006.0,216249.0,0.0,-0.755814,-0.9279059999999999,IRN,KAZ,7788
1883715,110,115,1313,2006.0,384503.0,0.0,1.286738,0.8783610000000001,ISR,KAZ,7788
1883716,111,115,1313,2006.0,835892.0,0.0,1.416017,0.161859,ITA,KAZ,7788
1883717,114,115,1313,2006.0,92365.0,0.0,2.442213,-0.046222000000000006,JPN,KAZ,7788
1883718,117,115,1313,2006.0,0.0,48801.0,-0.091973,0.331995,KGZ,KAZ,7788
1883719,121,115,1313,2006.0,285625.0,0.0,1.588589,0.799507,KOR,KAZ,7788
1883720,130,115,1313,2006.0,668621.0,0.0,0.553669,1.252767,LTU,KAZ,7788
1883721,131,115,1313,2006.0,29576.0,0.0,1.285123,0.999081,LUX,KAZ,7788
1883722,132,115,1313,2006.0,743832.0,0.0,0.548453,1.027836,LVA,KAZ,7788
1883723,138,115,1313,2006.0,137360.0,0.0,1.2996729999999999,0.655941,MEX,KAZ,7788
1883724,153,115,1313,2006.0,47009.0,0.0,0.9497270000000001,0.324179,MYS,KAZ,7788
1883725,162,115,1313,2006.0,1981287.0,17238.0,1.115718,1.4743680000000001,NLD,KAZ,7788
1883726,163,115,1313,2006.0,237728.0,22690.0,0.621685,-0.280378,NOR,KAZ,7788
1883727,177,115,1313,2006.0,358680.0,0.0,1.0576860000000001,1.283664,POL,KAZ,7788
1883728,185,115,1313,2006.0,2039.0,0.0,0.733232,1.2149,ROU,KAZ,7788
1883729,186,115,1313,2006.0,34483476.0,2657771.0,0.311252,-0.093895,RUS,KAZ,7788
1883730,192,115,1313,2006.0,58088.0,1940.0,1.670134,0.43955600000000006,SGP,KAZ,7788
1883731,206,115,1313,2006.0,80885.0,0.0,1.3569950000000002,0.8663290000000001,SVK,KAZ,7788
1883732,207,115,1313,2006.0,38211.0,0.0,1.562187,0.612624,SVN,KAZ,7788
1883733,208,115,1313,2006.0,925472.0,0.0,1.921461,0.478688,SWE,KAZ,7788
1883734,216,115,1313,2006.0,113325.0,0.0,0.73283,1.419023,THA,KAZ,7788
1883735,217,115,1313,2006.0,0.0,51309.0,-0.9646819999999999,-1.166964,TJK,KAZ,7788
1883736,224,115,1313,2006.0,1432999.0,0.0,0.41471,2.138217,TUR,KAZ,7788
1883737,228,115,1313,2006.0,3347328.0,152593.0,0.598325,1.225485,UKR,KAZ,7788
1883738,231,115,1313,2006.0,3852102.0,0.0,1.616918,-0.429924,USA,KAZ,7788
1883739,232,115,1313,2006.0,0.0,62439.0,-0.508594,-0.7682720000000001,UZB,KAZ,7788
1883740,237,115,1313,2006.0,45907.0,0.0,0.937218,0.16353,VGB,KAZ,7788
1883741,246,115,1313,2006.0,2693.0,0.0,0.18317,1.675934,ZAF,KAZ,7788
1883742,249,115,1313,2006.0,172517.0,0.0,1.6683169999999998,1.230621,TWN,KAZ,7788
1883743,7,116,1313,2006.0,122289.0,0.0,-0.12063900000000001,-0.817929,ARE,KEN,7788
1883744,14,116,1313,2006.0,309170.0,0.0,-0.183265,0.564314,AUS,KEN,7788
1883745,15,116,1313,2006.0,14071.0,0.0,1.772588,-0.008943000000000001,AUT,KEN,7788
1883746,17,116,1313,2006.0,142306.0,418604.0,-0.139211,-0.558193,BDI,KEN,7788
1883747,18,116,1313,2006.0,57177.0,0.0,1.234224,1.308065,BEL,KEN,7788
1883748,23,116,1313,2006.0,1701.0,0.0,0.490234,1.581841,BGR,KEN,7788
1883749,24,116,1313,2006.0,0.0,3495.0,-0.220239,-1.07936,BHR,KEN,7788
1883750,32,116,1313,2006.0,2775.0,0.0,0.622959,1.413527,BRA,KEN,7788
1883751,39,116,1313,2006.0,94066.0,0.0,0.806511,1.466573,CAN,KEN,7788
1883752,41,116,1313,2006.0,9008.0,0.0,2.038668,0.46319,CHE,KEN,7788
1883753,43,116,1313,2006.0,507208.0,0.0,0.842242,1.7392740000000002,CHN,KEN,7788
1883754,45,116,1313,2006.0,0.0,1475.0,-1.570753,-1.22499,CMR,KEN,7788
1883755,59,116,1313,2006.0,5109.0,0.0,1.6478549999999998,0.095131,CZE,KEN,7788
1883756,61,116,1313,2006.0,754488.0,37049.0,2.135679,-2.933329,DEU,KEN,7788
1883757,64,116,1313,2006.0,10054.0,0.0,1.25209,1.133206,DNK,KEN,7788
1883758,68,116,1313,2006.0,4995.0,0.0,-0.305058,0.294265,EGY,KEN,7788
1883759,71,116,1313,2006.0,184647.0,0.0,0.9909459999999999,1.785809,ESP,KEN,7788
1883760,77,116,1313,2006.0,180877.0,10307.0,1.499686,0.16705699999999998,FRA,KEN,7788
1883761,81,116,1313,2006.0,2840440.0,65065.0,1.8509779999999998,0.674074,GBR,KEN,7788
1883762,97,116,1313,2006.0,32626.0,0.0,0.63347,1.276634,HKG,KEN,7788
1883763,104,116,1313,2006.0,233604.0,1839.0,0.202078,2.594677,IND,KEN,7788
1883764,107,116,1313,2006.0,6947.0,0.0,-0.755814,-0.9279059999999999,IRN,KEN,7788
1883765,109,116,1313,2006.0,2622.0,0.0,0.06816699999999999,-0.36412,ISL,KEN,7788
1883766,110,116,1313,2006.0,141224.0,0.0,1.286738,0.8783610000000001,ISR,KEN,7788
1883767,111,116,1313,2006.0,346118.0,117539.0,1.416017,0.161859,ITA,KEN,7788
1883768,114,116,1313,2006.0,106681.0,2970.0,2.442213,-0.046222000000000006,JPN,KEN,7788
1883769,121,116,1313,2006.0,7070.0,0.0,1.588589,0.799507,KOR,KEN,7788
1883770,130,116,1313,2006.0,1268.0,0.0,0.553669,1.252767,LTU,KEN,7788
1883771,132,116,1313,2006.0,3242.0,0.0,0.548453,1.027836,LVA,KEN,7788
1883772,153,116,1313,2006.0,58923.0,76794.0,0.9497270000000001,0.324179,MYS,KEN,7788
1883773,162,116,1313,2006.0,313552.0,0.0,1.115718,1.4743680000000001,NLD,KEN,7788
1883774,163,116,1313,2006.0,216639.0,0.0,0.621685,-0.280378,NOR,KEN,7788
1883775,166,116,1313,2006.0,47995.0,0.0,0.40442100000000003,0.821033,NZL,KEN,7788
1883776,187,116,1313,2006.0,0.0,42884.0,0.190864,-0.346779,RWA,KEN,7788
1883777,188,116,1313,2006.0,16346.0,0.0,-0.094152,-0.921106,SAU,KEN,7788
1883778,190,116,1313,2006.0,0.0,82205.0,-1.727355,-1.278714,SDN,KEN,7788
1883779,192,116,1313,2006.0,85137.0,0.0,1.670134,0.43955600000000006,SGP,KEN,7788
1883780,199,116,1313,2006.0,0.0,3241.0,-1.042322,-0.957206,SOM,KEN,7788
1883781,208,116,1313,2006.0,68066.0,0.0,1.921461,0.478688,SWE,KEN,7788
1883782,216,116,1313,2006.0,3792.0,2101.0,0.73283,1.419023,THA,KEN,7788
1883783,224,116,1313,2006.0,11288.0,0.0,0.41471,2.138217,TUR,KEN,7788
1883784,226,116,1313,2006.0,15298.0,95735.0,-0.804761,0.6328729999999999,TZA,KEN,7788
1883785,227,116,1313,2006.0,1867.0,33192.0,-0.789284,-0.161216,UGA,KEN,7788
1883786,228,116,1313,2006.0,1460.0,0.0,0.598325,1.225485,UKR,KEN,7788
1883787,231,116,1313,2006.0,2089616.0,150361.0,1.616918,-0.429924,USA,KEN,7788
1883788,246,116,1313,2006.0,1545728.0,2948.0,0.18317,1.675934,ZAF,KEN,7788
1883789,249,116,1313,2006.0,692644.0,0.0,1.6683169999999998,1.230621,TWN,KEN,7788
1883790,15,117,1313,2006.0,1031.0,0.0,1.772588,-0.008943000000000001,AUT,KGZ,7788
1883791,28,117,1313,2006.0,10215.0,0.0,0.948306,0.702786,BLR,KGZ,7788
1883792,39,117,1313,2006.0,20271.0,0.0,0.806511,1.466573,CAN,KGZ,7788
1883793,41,117,1313,2006.0,1432.0,0.0,2.038668,0.46319,CHE,KGZ,7788
1883794,43,117,1313,2006.0,44030.0,0.0,0.842242,1.7392740000000002,CHN,KGZ,7788
1883795,61,117,1313,2006.0,79642.0,52458.0,2.135679,-2.933329,DEU,KGZ,7788
1883796,64,117,1313,2006.0,3203.0,0.0,1.25209,1.133206,DNK,KGZ,7788
1883797,72,117,1313,2006.0,6904.0,0.0,0.737979,1.1881950000000001,EST,KGZ,7788
1883798,74,117,1313,2006.0,160462.0,0.0,1.8630220000000002,0.87172,FIN,KGZ,7788
1883799,81,117,1313,2006.0,4279.0,0.0,1.8509779999999998,0.674074,GBR,KGZ,7788
1883800,104,117,1313,2006.0,1337.0,0.0,0.202078,2.594677,IND,KGZ,7788
1883801,107,117,1313,2006.0,0.0,6118.0,-0.755814,-0.9279059999999999,IRN,KGZ,7788
1883802,111,117,1313,2006.0,19157.0,0.0,1.416017,0.161859,ITA,KGZ,7788
1883803,114,117,1313,2006.0,35101.0,0.0,2.442213,-0.046222000000000006,JPN,KGZ,7788
1883804,115,117,1313,2006.0,48801.0,0.0,-0.18694000000000002,-0.468758,KAZ,KGZ,7788
1883805,121,117,1313,2006.0,8166.0,11720.0,1.588589,0.799507,KOR,KGZ,7788
1883806,130,117,1313,2006.0,1056.0,0.0,0.553669,1.252767,LTU,KGZ,7788
1883807,132,117,1313,2006.0,2940.0,0.0,0.548453,1.027836,LVA,KGZ,7788
1883808,162,117,1313,2006.0,246460.0,0.0,1.115718,1.4743680000000001,NLD,KGZ,7788
1883809,186,117,1313,2006.0,273755.0,131156.0,0.311252,-0.093895,RUS,KGZ,7788
1883810,224,117,1313,2006.0,67946.0,0.0,0.41471,2.138217,TUR,KGZ,7788
1883811,228,117,1313,2006.0,24970.0,0.0,0.598325,1.225485,UKR,KGZ,7788
1883812,231,117,1313,2006.0,241286.0,0.0,1.616918,-0.429924,USA,KGZ,7788
1883813,249,117,1313,2006.0,1188.0,0.0,1.6683169999999998,1.230621,TWN,KGZ,7788
1883814,7,122,1313,2006.0,308669.0,381896.0,-0.12063900000000001,-0.817929,ARE,KWT,7788
1883815,14,122,1313,2006.0,328364.0,0.0,-0.183265,0.564314,AUS,KWT,7788
1883816,15,122,1313,2006.0,1073306.0,0.0,1.772588,-0.008943000000000001,AUT,KWT,7788
1883817,18,122,1313,2006.0,1942868.0,16435.0,1.234224,1.308065,BEL,KWT,7788
1883818,23,122,1313,2006.0,23999.0,0.0,0.490234,1.581841,BGR,KWT,7788
1883819,24,122,1313,2006.0,2488.0,39070.0,-0.220239,-1.07936,BHR,KWT,7788
1883820,32,122,1313,2006.0,25545.0,0.0,0.622959,1.413527,BRA,KWT,7788
1883821,39,122,1313,2006.0,522229.0,2527.0,0.806511,1.466573,CAN,KWT,7788
1883822,41,122,1313,2006.0,430788.0,3379.0,2.038668,0.46319,CHE,KWT,7788
1883823,43,122,1313,2006.0,2612022.0,10126.0,0.842242,1.7392740000000002,CHN,KWT,7788
1883824,59,122,1313,2006.0,28019.0,0.0,1.6478549999999998,0.095131,CZE,KWT,7788
1883825,61,122,1313,2006.0,3463454.0,9416.0,2.135679,-2.933329,DEU,KWT,7788
1883826,64,122,1313,2006.0,52512.0,0.0,1.25209,1.133206,DNK,KWT,7788
1883827,65,122,1313,2006.0,10406.0,0.0,0.044542,0.178998,DOM,KWT,7788
1883828,68,122,1313,2006.0,4794.0,0.0,-0.305058,0.294265,EGY,KWT,7788
1883829,71,122,1313,2006.0,184434.0,0.0,0.9909459999999999,1.785809,ESP,KWT,7788
1883830,74,122,1313,2006.0,21731.0,0.0,1.8630220000000002,0.87172,FIN,KWT,7788
1883831,77,122,1313,2006.0,1474868.0,0.0,1.499686,0.16705699999999998,FRA,KWT,7788
1883832,81,122,1313,2006.0,5042648.0,71258.0,1.8509779999999998,0.674074,GBR,KWT,7788
1883833,90,122,1313,2006.0,9676.0,0.0,0.183748,1.582167,GRC,KWT,7788
1883834,97,122,1313,2006.0,194954.0,0.0,0.63347,1.276634,HKG,KWT,7788
1883835,102,122,1313,2006.0,25466.0,0.0,1.469539,0.8546090000000001,HUN,KWT,7788
1883836,103,122,1313,2006.0,9087.0,0.0,0.0036969999999999998,1.703498,IDN,KWT,7788
1883837,104,122,1313,2006.0,1524603.0,42137.0,0.202078,2.594677,IND,KWT,7788
1883838,106,122,1313,2006.0,125883.0,0.0,1.501322,0.161375,IRL,KWT,7788
1883839,107,122,1313,2006.0,175876.0,0.0,-0.755814,-0.9279059999999999,IRN,KWT,7788
1883840,108,122,1313,2006.0,0.0,354212.0,-2.3271330000000003,-0.992934,IRQ,KWT,7788
1883841,110,122,1313,2006.0,59000.0,0.0,1.286738,0.8783610000000001,ISR,KWT,7788
1883842,111,122,1313,2006.0,563517.0,1249.0,1.416017,0.161859,ITA,KWT,7788
1883843,113,122,1313,2006.0,864948.0,11658.0,0.31143899999999997,0.428361,JOR,KWT,7788
1883844,114,122,1313,2006.0,2931942.0,3561.0,2.442213,-0.046222000000000006,JPN,KWT,7788
1883845,121,122,1313,2006.0,889698.0,44127.0,1.588589,0.799507,KOR,KWT,7788
1883846,124,122,1313,2006.0,364312.0,0.0,0.450113,1.7365119999999998,LBN,KWT,7788
1883847,138,122,1313,2006.0,77179.0,0.0,1.2996729999999999,0.655941,MEX,KWT,7788
1883848,153,122,1313,2006.0,1642809.0,0.0,0.9497270000000001,0.324179,MYS,KWT,7788
1883849,162,122,1313,2006.0,971251.0,5196.0,1.115718,1.4743680000000001,NLD,KWT,7788
1883850,163,122,1313,2006.0,236626.0,0.0,0.621685,-0.280378,NOR,KWT,7788
1883851,166,122,1313,2006.0,3813.0,27403.0,0.40442100000000003,0.821033,NZL,KWT,7788
1883852,167,122,1313,2006.0,9311.0,0.0,-0.871816,-1.184985,OMN,KWT,7788
1883853,168,122,1313,2006.0,95908.0,0.0,-0.500494,0.334983,PAK,KWT,7788
1883854,174,122,1313,2006.0,16092.0,0.0,0.32715,-0.15929200000000002,PHL,KWT,7788
1883855,177,122,1313,2006.0,192910.0,0.0,1.0576860000000001,1.283664,POL,KWT,7788
1883856,179,122,1313,2006.0,22133.0,0.0,0.695569,1.7476200000000002,PRT,KWT,7788
1883857,183,122,1313,2006.0,4592.0,44934.0,-0.467699,-1.062471,QAT,KWT,7788
1883858,185,122,1313,2006.0,11868.0,0.0,0.733232,1.2149,ROU,KWT,7788
1883859,188,122,1313,2006.0,1190332.0,131003.0,-0.094152,-0.921106,SAU,KWT,7788
1883860,192,122,1313,2006.0,944653.0,7099.0,1.670134,0.43955600000000006,SGP,KWT,7788
1883861,206,122,1313,2006.0,4510.0,0.0,1.3569950000000002,0.8663290000000001,SVK,KWT,7788
1883862,208,122,1313,2006.0,2040717.0,26561.0,1.921461,0.478688,SWE,KWT,7788
1883863,212,122,1313,2006.0,3779.0,0.0,-0.49903100000000006,0.362867,SYR,KWT,7788
1883864,216,122,1313,2006.0,88377.0,0.0,0.73283,1.419023,THA,KWT,7788
1883865,223,122,1313,2006.0,46362.0,0.0,0.140257,0.528918,TUN,KWT,7788
1883866,224,122,1313,2006.0,83168.0,0.0,0.41471,2.138217,TUR,KWT,7788
1883867,231,122,1313,2006.0,9582048.0,34225.0,1.616918,-0.429924,USA,KWT,7788
1883868,246,122,1313,2006.0,148913.0,0.0,0.18317,1.675934,ZAF,KWT,7788
1883869,249,122,1313,2006.0,389163.0,0.0,1.6683169999999998,1.230621,TWN,KWT,7788
1883870,250,122,1313,2006.0,11541.0,0.0,0.202525,-0.46324499999999996,ANS,KWT,7788
1883871,7,124,1313,2006.0,0.0,876438.0,-0.12063900000000001,-0.817929,ARE,LBN,7788
1883872,9,124,1313,2006.0,0.0,12176.0,-0.044726999999999996,-0.486043,ARM,LBN,7788
1883873,14,124,1313,2006.0,216741.0,0.0,-0.183265,0.564314,AUS,LBN,7788
1883874,15,124,1313,2006.0,28595.0,0.0,1.772588,-0.008943000000000001,AUT,LBN,7788
1883875,18,124,1313,2006.0,493942.0,23875.0,1.234224,1.308065,BEL,LBN,7788
1883876,19,124,1313,2006.0,0.0,2179.0,-1.093919,-0.9748319999999999,BEN,LBN,7788
1883877,21,124,1313,2006.0,0.0,1242.0,-0.81399,-0.972464,BFA,LBN,7788
1883878,23,124,1313,2006.0,65744.0,0.0,0.490234,1.581841,BGR,LBN,7788
1883879,24,124,1313,2006.0,0.0,11937.0,-0.220239,-1.07936,BHR,LBN,7788
1883880,32,124,1313,2006.0,2979.0,0.0,0.622959,1.413527,BRA,LBN,7788
1883881,38,124,1313,2006.0,0.0,28754.0,-0.444701,-0.774726,CAF,LBN,7788
1883882,39,124,1313,2006.0,351430.0,0.0,0.806511,1.466573,CAN,LBN,7788
1883883,41,124,1313,2006.0,736389.0,0.0,2.038668,0.46319,CHE,LBN,7788
1883884,43,124,1313,2006.0,1605412.0,0.0,0.842242,1.7392740000000002,CHN,LBN,7788
1883885,44,124,1313,2006.0,0.0,1308.0,-0.9293,-0.853074,CIV,LBN,7788
1883886,47,124,1313,2006.0,0.0,19800.0,-1.8919540000000001,-1.272166,COG,LBN,7788
1883887,58,124,1313,2006.0,19383.0,14398.0,0.728916,0.023954,CYP,LBN,7788
1883888,59,124,1313,2006.0,67143.0,0.0,1.6478549999999998,0.095131,CZE,LBN,7788
1883889,61,124,1313,2006.0,1677393.0,24072.0,2.135679,-2.933329,DEU,LBN,7788
1883890,64,124,1313,2006.0,57246.0,4095.0,1.25209,1.133206,DNK,LBN,7788
1883891,65,124,1313,2006.0,1376.0,0.0,0.044542,0.178998,DOM,LBN,7788
1883892,66,124,1313,2006.0,0.0,145269.0,-1.079717,-1.153102,DZA,LBN,7788
1883893,68,124,1313,2006.0,36056.0,22273.0,-0.305058,0.294265,EGY,LBN,7788
1883894,71,124,1313,2006.0,675840.0,86077.0,0.9909459999999999,1.785809,ESP,LBN,7788
1883895,73,124,1313,2006.0,0.0,7111.0,-1.129189,-0.953627,ETH,LBN,7788
1883896,74,124,1313,2006.0,34738.0,0.0,1.8630220000000002,0.87172,FIN,LBN,7788
1883897,77,124,1313,2006.0,433228.0,71728.0,1.499686,0.16705699999999998,FRA,LBN,7788
1883898,81,124,1313,2006.0,2732020.0,764999.0,1.8509779999999998,0.674074,GBR,LBN,7788
1883899,83,124,1313,2006.0,0.0,13723.0,-0.9211739999999999,-0.738322,GHA,LBN,7788
1883900,85,124,1313,2006.0,0.0,141587.0,-1.526825,-1.191811,GIN,LBN,7788
1883901,89,124,1313,2006.0,0.0,6669.0,-2.448721,-0.949732,GNQ,LBN,7788
1883902,90,124,1313,2006.0,66600.0,0.0,0.183748,1.582167,GRC,LBN,7788
1883903,97,124,1313,2006.0,75717.0,4124.0,0.63347,1.276634,HKG,LBN,7788
1883904,102,124,1313,2006.0,60353.0,0.0,1.469539,0.8546090000000001,HUN,LBN,7788
1883905,103,124,1313,2006.0,28583.0,0.0,0.0036969999999999998,1.703498,IDN,LBN,7788
1883906,104,124,1313,2006.0,18536.0,0.0,0.202078,2.594677,IND,LBN,7788
1883907,106,124,1313,2006.0,145493.0,0.0,1.501322,0.161375,IRL,LBN,7788
1883908,107,124,1313,2006.0,6629.0,96153.0,-0.755814,-0.9279059999999999,IRN,LBN,7788
1883909,108,124,1313,2006.0,0.0,52003.0,-2.3271330000000003,-0.992934,IRQ,LBN,7788
1883910,111,124,1313,2006.0,1082644.0,10960.0,1.416017,0.161859,ITA,LBN,7788
1883911,113,124,1313,2006.0,66214.0,267889.0,0.31143899999999997,0.428361,JOR,LBN,7788
1883912,114,124,1313,2006.0,268562.0,0.0,2.442213,-0.046222000000000006,JPN,LBN,7788
1883913,121,124,1313,2006.0,258663.0,0.0,1.588589,0.799507,KOR,LBN,7788
1883914,122,124,1313,2006.0,0.0,364312.0,-1.506818,-1.193717,KWT,LBN,7788
1883915,125,124,1313,2006.0,0.0,2343.0,-1.0431270000000001,-1.1084829999999999,LBR,LBN,7788
1883916,132,124,1313,2006.0,2293.0,0.0,0.548453,1.027836,LVA,LBN,7788
1883917,138,124,1313,2006.0,8217.0,0.0,1.2996729999999999,0.655941,MEX,LBN,7788
1883918,141,124,1313,2006.0,0.0,1634.0,-0.588006,-0.687707,MLI,LBN,7788
1883919,153,124,1313,2006.0,15878.0,0.0,0.9497270000000001,0.324179,MYS,LBN,7788
1883920,159,124,1313,2006.0,0.0,75023.0,-2.088278,-1.224464,NGA,LBN,7788
1883921,162,124,1313,2006.0,1027633.0,4438.0,1.115718,1.4743680000000001,NLD,LBN,7788
1883922,163,124,1313,2006.0,74081.0,0.0,0.621685,-0.280378,NOR,LBN,7788
1883923,166,124,1313,2006.0,3881.0,0.0,0.40442100000000003,0.821033,NZL,LBN,7788
1883924,168,124,1313,2006.0,12464.0,7898.0,-0.500494,0.334983,PAK,LBN,7788
1883925,177,124,1313,2006.0,30700.0,0.0,1.0576860000000001,1.283664,POL,LBN,7788
1883926,178,124,1313,2006.0,18104.0,0.0,0.649384,1.069006,PRK,LBN,7788
1883927,179,124,1313,2006.0,8670.0,0.0,0.695569,1.7476200000000002,PRT,LBN,7788
1883928,183,124,1313,2006.0,0.0,11322.0,-0.467699,-1.062471,QAT,LBN,7788
1883929,185,124,1313,2006.0,18009.0,1951.0,0.733232,1.2149,ROU,LBN,7788
1883930,186,124,1313,2006.0,11672.0,0.0,0.311252,-0.093895,RUS,LBN,7788
1883931,188,124,1313,2006.0,24109.0,32043.0,-0.094152,-0.921106,SAU,LBN,7788
1883932,190,124,1313,2006.0,0.0,99512.0,-1.727355,-1.278714,SDN,LBN,7788
1883933,191,124,1313,2006.0,0.0,2947.0,-0.548758,-0.152572,SEN,LBN,7788
1883934,192,124,1313,2006.0,446354.0,0.0,1.670134,0.43955600000000006,SGP,LBN,7788
1883935,201,124,1313,2006.0,3188.0,0.0,0.581078,1.5831600000000001,SRB,LBN,7788
1883936,207,124,1313,2006.0,31820.0,0.0,1.562187,0.612624,SVN,LBN,7788
1883937,208,124,1313,2006.0,132083.0,81396.0,1.921461,0.478688,SWE,LBN,7788
1883938,212,124,1313,2006.0,1627.0,192770.0,-0.49903100000000006,0.362867,SYR,LBN,7788
1883939,216,124,1313,2006.0,47805.0,0.0,0.73283,1.419023,THA,LBN,7788
1883940,219,124,1313,2006.0,0.0,4176.0,-1.014047,-1.1895149999999999,TKM,LBN,7788
1883941,224,124,1313,2006.0,40231.0,0.0,0.41471,2.138217,TUR,LBN,7788
1883942,226,124,1313,2006.0,0.0,2175.0,-0.804761,0.6328729999999999,TZA,LBN,7788
1883943,231,124,1313,2006.0,1878804.0,28475.0,1.616918,-0.429924,USA,LBN,7788
1883944,243,124,1313,2006.0,0.0,16923.0,-1.070559,-1.1655389999999999,YEM,LBN,7788
1883945,246,124,1313,2006.0,11821.0,0.0,0.18317,1.675934,ZAF,LBN,7788
1883946,249,124,1313,2006.0,463225.0,73394.0,1.6683169999999998,1.230621,TWN,LBN,7788
1883947,250,124,1313,2006.0,0.0,9862.0,0.202525,-0.46324499999999996,ANS,LBN,7788
1883948,2,130,1313,2006.0,0.0,3157.0,-2.2010959999999997,-1.189215,AGO,LTU,7788
1883949,7,130,1313,2006.0,24504.0,16198.0,-0.12063900000000001,-0.817929,ARE,LTU,7788
1883950,8,130,1313,2006.0,4396.0,0.0,0.076917,1.06231,ARG,LTU,7788
1883951,9,130,1313,2006.0,0.0,13587.0,-0.044726999999999996,-0.486043,ARM,LTU,7788
1883952,14,130,1313,2006.0,189751.0,327417.0,-0.183265,0.564314,AUS,LTU,7788
1883953,15,130,1313,2006.0,4311597.0,52060.0,1.772588,-0.008943000000000001,AUT,LTU,7788
1883954,16,130,1313,2006.0,0.0,116329.0,-0.949606,-1.099346,AZE,LTU,7788
1883955,18,130,1313,2006.0,1507005.0,43136.0,1.234224,1.308065,BEL,LTU,7788
1883956,22,130,1313,2006.0,0.0,7262.0,-0.776517,-0.874408,BGD,LTU,7788
1883957,23,130,1313,2006.0,230171.0,13286.0,0.490234,1.581841,BGR,LTU,7788
1883958,28,130,1313,2006.0,173677.0,2444636.0,0.948306,0.702786,BLR,LTU,7788
1883959,32,130,1313,2006.0,4625333.0,1135.0,0.622959,1.413527,BRA,LTU,7788
1883960,39,130,1313,2006.0,2939838.0,315681.0,0.806511,1.466573,CAN,LTU,7788
1883961,41,130,1313,2006.0,126572.0,14926.0,2.038668,0.46319,CHE,LTU,7788
1883962,42,130,1313,2006.0,0.0,2589.0,-0.193151,-0.46637,CHL,LTU,7788
1883963,43,130,1313,2006.0,3874205.0,28832.0,0.842242,1.7392740000000002,CHN,LTU,7788
1883964,58,130,1313,2006.0,0.0,7149.0,0.728916,0.023954,CYP,LTU,7788
1883965,59,130,1313,2006.0,1705416.0,30829.0,1.6478549999999998,0.095131,CZE,LTU,7788
1883966,61,130,1313,2006.0,21667186.0,434199.0,2.135679,-2.933329,DEU,LTU,7788
1883967,64,130,1313,2006.0,2482990.0,790228.0,1.25209,1.133206,DNK,LTU,7788
1883968,66,130,1313,2006.0,0.0,1299.0,-1.079717,-1.153102,DZA,LTU,7788
1883969,68,130,1313,2006.0,0.0,6461.0,-0.305058,0.294265,EGY,LTU,7788
1883970,71,130,1313,2006.0,2980602.0,345654.0,0.9909459999999999,1.785809,ESP,LTU,7788
1883971,72,130,1313,2006.0,1276810.0,1118032.0,0.737979,1.1881950000000001,EST,LTU,7788
1883972,74,130,1313,2006.0,650354.0,417022.0,1.8630220000000002,0.87172,FIN,LTU,7788
1883973,77,130,1313,2006.0,936156.0,158693.0,1.499686,0.16705699999999998,FRA,LTU,7788
1883974,81,130,1313,2006.0,4042233.0,493725.0,1.8509779999999998,0.674074,GBR,LTU,7788
1883975,82,130,1313,2006.0,0.0,42673.0,-0.152929,-0.438435,GEO,LTU,7788
1883976,90,130,1313,2006.0,403778.0,8014.0,0.183748,1.582167,GRC,LTU,7788
1883977,97,130,1313,2006.0,117637.0,24896.0,0.63347,1.276634,HKG,LTU,7788
1883978,100,130,1313,2006.0,2682.0,95827.0,0.866511,1.217552,HRV,LTU,7788
1883979,102,130,1313,2006.0,262535.0,77561.0,1.469539,0.8546090000000001,HUN,LTU,7788
1883980,104,130,1313,2006.0,142173.0,17356.0,0.202078,2.594677,IND,LTU,7788
1883981,106,130,1313,2006.0,56339.0,2333.0,1.501322,0.161375,IRL,LTU,7788
1883982,107,130,1313,2006.0,0.0,2115.0,-0.755814,-0.9279059999999999,IRN,LTU,7788
1883983,109,130,1313,2006.0,18372.0,2547.0,0.06816699999999999,-0.36412,ISL,LTU,7788
1883984,110,130,1313,2006.0,172155.0,4877.0,1.286738,0.8783610000000001,ISR,LTU,7788
1883985,111,130,1313,2006.0,2464088.0,322117.0,1.416017,0.161859,ITA,LTU,7788
1883986,114,130,1313,2006.0,5484292.0,5074.0,2.442213,-0.046222000000000006,JPN,LTU,7788
1883987,115,130,1313,2006.0,0.0,668621.0,-0.18694000000000002,-0.468758,KAZ,LTU,7788
1883988,116,130,1313,2006.0,0.0,1268.0,-0.402762,0.89869,KEN,LTU,7788
1883989,117,130,1313,2006.0,0.0,1056.0,-0.091973,0.331995,KGZ,LTU,7788
1883990,121,130,1313,2006.0,284103.0,1488.0,1.588589,0.799507,KOR,LTU,7788
1883991,128,130,1313,2006.0,0.0,1183.0,-0.37725,0.245153,LKA,LTU,7788
1883992,131,130,1313,2006.0,138612.0,0.0,1.285123,0.999081,LUX,LTU,7788
1883993,132,130,1313,2006.0,1439192.0,3210880.0,0.548453,1.027836,LVA,LTU,7788
1883994,135,130,1313,2006.0,0.0,24524.0,0.043632,0.21129299999999998,MDA,LTU,7788
1883995,138,130,1313,2006.0,2314.0,12189.0,1.2996729999999999,0.655941,MEX,LTU,7788
1883996,140,130,1313,2006.0,0.0,1466.0,-0.098526,0.423279,MKD,LTU,7788
1883997,151,130,1313,2006.0,0.0,2043.0,-0.214308,-0.140502,MUS,LTU,7788
1883998,153,130,1313,2006.0,24598.0,3997.0,0.9497270000000001,0.324179,MYS,LTU,7788
1883999,162,130,1313,2006.0,3724565.0,77139.0,1.115718,1.4743680000000001,NLD,LTU,7788
1884000,163,130,1313,2006.0,5193045.0,16490866.0,0.621685,-0.280378,NOR,LTU,7788
1884001,166,130,1313,2006.0,1531.0,0.0,0.40442100000000003,0.821033,NZL,LTU,7788
1884002,168,130,1313,2006.0,0.0,7999.0,-0.500494,0.334983,PAK,LTU,7788
1884003,173,130,1313,2006.0,0.0,2844.0,-0.523516,-0.15574100000000002,PER,LTU,7788
1884004,174,130,1313,2006.0,1097.0,0.0,0.32715,-0.15929200000000002,PHL,LTU,7788
1884005,177,130,1313,2006.0,4907040.0,990642.0,1.0576860000000001,1.283664,POL,LTU,7788
1884006,179,130,1313,2006.0,85811.0,20342.0,0.695569,1.7476200000000002,PRT,LTU,7788
1884007,185,130,1313,2006.0,0.0,15236.0,0.733232,1.2149,ROU,LTU,7788
1884008,186,130,1313,2006.0,5023528.0,29875964.0,0.311252,-0.093895,RUS,LTU,7788
1884009,192,130,1313,2006.0,9010.0,47238.0,1.670134,0.43955600000000006,SGP,LTU,7788
1884010,201,130,1313,2006.0,0.0,6737.0,0.581078,1.5831600000000001,SRB,LTU,7788
1884011,206,130,1313,2006.0,890695.0,10353.0,1.3569950000000002,0.8663290000000001,SVK,LTU,7788
1884012,207,130,1313,2006.0,20551.0,148753.0,1.562187,0.612624,SVN,LTU,7788
1884013,208,130,1313,2006.0,6606718.0,6065674.0,1.921461,0.478688,SWE,LTU,7788
1884014,216,130,1313,2006.0,32126.0,29901.0,0.73283,1.419023,THA,LTU,7788
1884015,224,130,1313,2006.0,75594.0,0.0,0.41471,2.138217,TUR,LTU,7788
1884016,228,130,1313,2006.0,204530.0,4095412.0,0.598325,1.225485,UKR,LTU,7788
1884017,231,130,1313,2006.0,1121877.0,489636.0,1.616918,-0.429924,USA,LTU,7788
1884018,239,130,1313,2006.0,0.0,5956.0,-0.089404,0.986066,VNM,LTU,7788
1884019,246,130,1313,2006.0,0.0,12707.0,0.18317,1.675934,ZAF,LTU,7788
1884020,249,130,1313,2006.0,10044020.0,2503.0,1.6683169999999998,1.230621,TWN,LTU,7788
1884021,14,131,1313,2006.0,20588.0,0.0,-0.183265,0.564314,AUS,LUX,7788
1884022,15,131,1313,2006.0,813827.0,209292.0,1.772588,-0.008943000000000001,AUT,LUX,7788
1884023,18,131,1313,2006.0,7807764.0,2286441.0,1.234224,1.308065,BEL,LUX,7788
1884024,23,131,1313,2006.0,24081.0,16186.0,0.490234,1.581841,BGR,LUX,7788
1884025,26,131,1313,2006.0,0.0,35169.0,0.543053,0.68971,BIH,LUX,7788
1884026,32,131,1313,2006.0,1190.0,21342.0,0.622959,1.413527,BRA,LUX,7788
1884027,39,131,1313,2006.0,674471.0,8775.0,0.806511,1.466573,CAN,LUX,7788
1884028,41,131,1313,2006.0,517108.0,697663.0,2.038668,0.46319,CHE,LUX,7788
1884029,42,131,1313,2006.0,0.0,4200.0,-0.193151,-0.46637,CHL,LUX,7788
1884030,43,131,1313,2006.0,264843.0,37906.0,0.842242,1.7392740000000002,CHN,LUX,7788
1884031,51,131,1313,2006.0,0.0,4665.0,0.402348,-0.355768,CPV,LUX,7788
1884032,58,131,1313,2006.0,0.0,4347.0,0.728916,0.023954,CYP,LUX,7788
1884033,59,131,1313,2006.0,115810.0,858105.0,1.6478549999999998,0.095131,CZE,LUX,7788
1884034,61,131,1313,2006.0,19540716.0,1692036.0,2.135679,-2.933329,DEU,LUX,7788
1884035,64,131,1313,2006.0,179663.0,76592.0,1.25209,1.133206,DNK,LUX,7788
1884036,66,131,1313,2006.0,0.0,133630.0,-1.079717,-1.153102,DZA,LUX,7788
1884037,71,131,1313,2006.0,6238796.0,970700.0,0.9909459999999999,1.785809,ESP,LUX,7788
1884038,72,131,1313,2006.0,0.0,256173.0,0.737979,1.1881950000000001,EST,LUX,7788
1884039,74,131,1313,2006.0,66029.0,87081.0,1.8630220000000002,0.87172,FIN,LUX,7788
1884040,77,131,1313,2006.0,4964512.0,3501376.0,1.499686,0.16705699999999998,FRA,LUX,7788
1884041,81,131,1313,2006.0,1386462.0,672034.0,1.8509779999999998,0.674074,GBR,LUX,7788
1884042,90,131,1313,2006.0,0.0,253706.0,0.183748,1.582167,GRC,LUX,7788
1884043,97,131,1313,2006.0,568150.0,33708.0,0.63347,1.276634,HKG,LUX,7788
1884044,100,131,1313,2006.0,20638.0,6133.0,0.866511,1.217552,HRV,LUX,7788
1884045,102,131,1313,2006.0,3278.0,649787.0,1.469539,0.8546090000000001,HUN,LUX,7788
1884046,104,131,1313,2006.0,73286.0,0.0,0.202078,2.594677,IND,LUX,7788
1884047,106,131,1313,2006.0,77197.0,1414.0,1.501322,0.161375,IRL,LUX,7788
1884048,107,131,1313,2006.0,0.0,4200.0,-0.755814,-0.9279059999999999,IRN,LUX,7788
1884049,109,131,1313,2006.0,1334.0,1091.0,0.06816699999999999,-0.36412,ISL,LUX,7788
1884050,110,131,1313,2006.0,2968.0,3320.0,1.286738,0.8783610000000001,ISR,LUX,7788
1884051,111,131,1313,2006.0,1182217.0,829762.0,1.416017,0.161859,ITA,LUX,7788
1884052,114,131,1313,2006.0,21051348.0,21160.0,2.442213,-0.046222000000000006,JPN,LUX,7788
1884053,115,131,1313,2006.0,0.0,29576.0,-0.18694000000000002,-0.468758,KAZ,LUX,7788
1884054,121,131,1313,2006.0,6185.0,82458.0,1.588589,0.799507,KOR,LUX,7788
1884055,130,131,1313,2006.0,0.0,138612.0,0.553669,1.252767,LTU,LUX,7788
1884056,132,131,1313,2006.0,0.0,103266.0,0.548453,1.027836,LVA,LUX,7788
1884057,134,131,1313,2006.0,0.0,71631.0,-0.41821499999999995,0.175231,MAR,LUX,7788
1884058,138,131,1313,2006.0,145238.0,38327.0,1.2996729999999999,0.655941,MEX,LUX,7788
1884059,144,131,1313,2006.0,0.0,17842.0,0.057147,-0.145592,MNE,LUX,7788
1884060,153,131,1313,2006.0,1929.0,6539.0,0.9497270000000001,0.324179,MYS,LUX,7788
1884061,162,131,1313,2006.0,4467144.0,421399.0,1.115718,1.4743680000000001,NLD,LUX,7788
1884062,163,131,1313,2006.0,7102.0,36811.0,0.621685,-0.280378,NOR,LUX,7788
1884063,166,131,1313,2006.0,0.0,11424.0,0.40442100000000003,0.821033,NZL,LUX,7788
1884064,168,131,1313,2006.0,0.0,10243.0,-0.500494,0.334983,PAK,LUX,7788
1884065,173,131,1313,2006.0,0.0,1281.0,-0.523516,-0.15574100000000002,PER,LUX,7788
1884066,177,131,1313,2006.0,961255.0,83198.0,1.0576860000000001,1.283664,POL,LUX,7788
1884067,179,131,1313,2006.0,121042.0,51260.0,0.695569,1.7476200000000002,PRT,LUX,7788
1884068,185,131,1313,2006.0,0.0,136905.0,0.733232,1.2149,ROU,LUX,7788
1884069,186,131,1313,2006.0,133628.0,36271.0,0.311252,-0.093895,RUS,LUX,7788
1884070,192,131,1313,2006.0,12952478.0,21804.0,1.670134,0.43955600000000006,SGP,LUX,7788
1884071,197,131,1313,2006.0,0.0,1734.0,-0.127317,0.189904,SLV,LUX,7788
1884072,201,131,1313,2006.0,0.0,6935.0,0.581078,1.5831600000000001,SRB,LUX,7788
1884073,206,131,1313,2006.0,0.0,51293.0,1.3569950000000002,0.8663290000000001,SVK,LUX,7788
1884074,207,131,1313,2006.0,0.0,48079.0,1.562187,0.612624,SVN,LUX,7788
1884075,208,131,1313,2006.0,26697.0,102907.0,1.921461,0.478688,SWE,LUX,7788
1884076,223,131,1313,2006.0,0.0,22572.0,0.140257,0.528918,TUN,LUX,7788
1884077,224,131,1313,2006.0,1659.0,1130962.0,0.41471,2.138217,TUR,LUX,7788
1884078,228,131,1313,2006.0,0.0,82366.0,0.598325,1.225485,UKR,LUX,7788
1884079,231,131,1313,2006.0,1887193.0,227624.0,1.616918,-0.429924,USA,LUX,7788
1884080,246,131,1313,2006.0,0.0,42182.0,0.18317,1.675934,ZAF,LUX,7788
1884081,249,131,1313,2006.0,3665675.0,292004.0,1.6683169999999998,1.230621,TWN,LUX,7788
1884082,250,131,1313,2006.0,4989.0,0.0,0.202525,-0.46324499999999996,ANS,LUX,7788
1884083,7,132,1313,2006.0,12953.0,1330.0,-0.12063900000000001,-0.817929,ARE,LVA,7788
1884084,8,132,1313,2006.0,7015.0,7195.0,0.076917,1.06231,ARG,LVA,7788
1884085,9,132,1313,2006.0,0.0,2270.0,-0.044726999999999996,-0.486043,ARM,LVA,7788
1884086,13,132,1313,2006.0,0.0,3287.0,-0.49273500000000003,-0.92522,ATG,LVA,7788
1884087,15,132,1313,2006.0,240537.0,0.0,1.772588,-0.008943000000000001,AUT,LVA,7788
1884088,16,132,1313,2006.0,0.0,5699.0,-0.949606,-1.099346,AZE,LVA,7788
1884089,18,132,1313,2006.0,304753.0,0.0,1.234224,1.308065,BEL,LVA,7788
1884090,23,132,1313,2006.0,135107.0,0.0,0.490234,1.581841,BGR,LVA,7788
1884091,28,132,1313,2006.0,646487.0,220193.0,0.948306,0.702786,BLR,LVA,7788
1884092,29,132,1313,2006.0,0.0,11897.0,-0.275783,-0.6653439999999999,BLZ,LVA,7788
1884093,39,132,1313,2006.0,351320.0,7140.0,0.806511,1.466573,CAN,LVA,7788
1884094,41,132,1313,2006.0,128121.0,4967.0,2.038668,0.46319,CHE,LVA,7788
1884095,43,132,1313,2006.0,1528332.0,10075.0,0.842242,1.7392740000000002,CHN,LVA,7788
1884096,59,132,1313,2006.0,327056.0,14576.0,1.6478549999999998,0.095131,CZE,LVA,7788
1884097,61,132,1313,2006.0,12633786.0,502428.0,2.135679,-2.933329,DEU,LVA,7788
1884098,63,132,1313,2006.0,0.0,2409.0,0.203098,-0.09402999999999999,DMA,LVA,7788
1884099,64,132,1313,2006.0,191290.0,45176.0,1.25209,1.133206,DNK,LVA,7788
1884100,71,132,1313,2006.0,111643.0,0.0,0.9909459999999999,1.785809,ESP,LVA,7788
1884101,72,132,1313,2006.0,2554178.0,591053.0,0.737979,1.1881950000000001,EST,LVA,7788
1884102,74,132,1313,2006.0,933628.0,6810.0,1.8630220000000002,0.87172,FIN,LVA,7788
1884103,77,132,1313,2006.0,521499.0,0.0,1.499686,0.16705699999999998,FRA,LVA,7788
1884104,81,132,1313,2006.0,2300904.0,44474.0,1.8509779999999998,0.674074,GBR,LVA,7788
1884105,82,132,1313,2006.0,0.0,10326.0,-0.152929,-0.438435,GEO,LVA,7788
1884106,90,132,1313,2006.0,83486.0,0.0,0.183748,1.582167,GRC,LVA,7788
1884107,97,132,1313,2006.0,234498.0,1918.0,0.63347,1.276634,HKG,LVA,7788
1884108,100,132,1313,2006.0,0.0,37098.0,0.866511,1.217552,HRV,LVA,7788
1884109,102,132,1313,2006.0,75948.0,18034.0,1.469539,0.8546090000000001,HUN,LVA,7788
1884110,106,132,1313,2006.0,22540.0,0.0,1.501322,0.161375,IRL,LVA,7788
1884111,110,132,1313,2006.0,860608.0,9575.0,1.286738,0.8783610000000001,ISR,LVA,7788
1884112,111,132,1313,2006.0,3490302.0,0.0,1.416017,0.161859,ITA,LVA,7788
1884113,114,132,1313,2006.0,246827.0,12509.0,2.442213,-0.046222000000000006,JPN,LVA,7788
1884114,115,132,1313,2006.0,0.0,743832.0,-0.18694000000000002,-0.468758,KAZ,LVA,7788
1884115,116,132,1313,2006.0,0.0,3242.0,-0.402762,0.89869,KEN,LVA,7788
1884116,117,132,1313,2006.0,0.0,2940.0,-0.091973,0.331995,KGZ,LVA,7788
1884117,121,132,1313,2006.0,574687.0,16796.0,1.588589,0.799507,KOR,LVA,7788
1884118,124,132,1313,2006.0,0.0,2293.0,0.450113,1.7365119999999998,LBN,LVA,7788
1884119,125,132,1313,2006.0,0.0,1595.0,-1.0431270000000001,-1.1084829999999999,LBR,LVA,7788
1884120,130,132,1313,2006.0,3210880.0,1439192.0,0.553669,1.252767,LTU,LVA,7788
1884121,131,132,1313,2006.0,103266.0,0.0,1.285123,0.999081,LUX,LVA,7788
1884122,134,132,1313,2006.0,0.0,7181.0,-0.41821499999999995,0.175231,MAR,LVA,7788
1884123,135,132,1313,2006.0,0.0,4453.0,0.043632,0.21129299999999998,MDA,LVA,7788
1884124,153,132,1313,2006.0,7491.0,6542.0,0.9497270000000001,0.324179,MYS,LVA,7788
1884125,162,132,1313,2006.0,5323111.0,27461.0,1.115718,1.4743680000000001,NLD,LVA,7788
1884126,163,132,1313,2006.0,410822.0,208006.0,0.621685,-0.280378,NOR,LVA,7788
1884127,177,132,1313,2006.0,1399778.0,750301.0,1.0576860000000001,1.283664,POL,LVA,7788
1884128,179,132,1313,2006.0,119890.0,0.0,0.695569,1.7476200000000002,PRT,LVA,7788
1884129,186,132,1313,2006.0,1528023.0,2606830.0,0.311252,-0.093895,RUS,LVA,7788
1884130,192,132,1313,2006.0,153156.0,31673.0,1.670134,0.43955600000000006,SGP,LVA,7788
1884131,206,132,1313,2006.0,362371.0,0.0,1.3569950000000002,0.8663290000000001,SVK,LVA,7788
1884132,207,132,1313,2006.0,20445.0,0.0,1.562187,0.612624,SVN,LVA,7788
1884133,208,132,1313,2006.0,941193.0,401028.0,1.921461,0.478688,SWE,LVA,7788
1884134,224,132,1313,2006.0,67157.0,0.0,0.41471,2.138217,TUR,LVA,7788
1884135,228,132,1313,2006.0,1705232.0,2451749.0,0.598325,1.225485,UKR,LVA,7788
1884136,231,132,1313,2006.0,1662903.0,312961.0,1.616918,-0.429924,USA,LVA,7788
1884137,234,132,1313,2006.0,0.0,7051.0,-0.51151,-0.8950620000000001,VCT,LVA,7788
1884138,239,132,1313,2006.0,0.0,7407.0,-0.089404,0.986066,VNM,LVA,7788
1884139,249,132,1313,2006.0,1323528.0,0.0,1.6683169999999998,1.230621,TWN,LVA,7788
1884140,250,132,1313,2006.0,0.0,1704.0,0.202525,-0.46324499999999996,ANS,LVA,7788
1884141,7,147,1313,2006.0,7500.0,0.0,-0.12063900000000001,-0.817929,ARE,MOZ,7788
1884142,14,147,1313,2006.0,2283.0,0.0,-0.183265,0.564314,AUS,MOZ,7788
1884143,15,147,1313,2006.0,3161.0,0.0,1.772588,-0.008943000000000001,AUT,MOZ,7788
1884144,18,147,1313,2006.0,13237.0,0.0,1.234224,1.308065,BEL,MOZ,7788
1884145,32,147,1313,2006.0,1556.0,0.0,0.622959,1.413527,BRA,MOZ,7788
1884146,39,147,1313,2006.0,198940.0,0.0,0.806511,1.466573,CAN,MOZ,7788
1884147,43,147,1313,2006.0,125922.0,0.0,0.842242,1.7392740000000002,CHN,MOZ,7788
1884148,61,147,1313,2006.0,120452.0,0.0,2.135679,-2.933329,DEU,MOZ,7788
1884149,64,147,1313,2006.0,0.0,5208.0,1.25209,1.133206,DNK,MOZ,7788
1884150,71,147,1313,2006.0,12396.0,0.0,0.9909459999999999,1.785809,ESP,MOZ,7788
1884151,74,147,1313,2006.0,2253.0,0.0,1.8630220000000002,0.87172,FIN,MOZ,7788
1884152,77,147,1313,2006.0,3428339.0,0.0,1.499686,0.16705699999999998,FRA,MOZ,7788
1884153,81,147,1313,2006.0,74749.0,10717.0,1.8509779999999998,0.674074,GBR,MOZ,7788
1884154,104,147,1313,2006.0,54094.0,0.0,0.202078,2.594677,IND,MOZ,7788
1884155,111,147,1313,2006.0,99391.0,0.0,1.416017,0.161859,ITA,MOZ,7788
1884156,114,147,1313,2006.0,8026545.0,0.0,2.442213,-0.046222000000000006,JPN,MOZ,7788
1884157,152,147,1313,2006.0,1460.0,0.0,-0.822168,-0.8834860000000001,MWI,MOZ,7788
1884158,162,147,1313,2006.0,2785.0,0.0,1.115718,1.4743680000000001,NLD,MOZ,7788
1884159,163,147,1313,2006.0,2039.0,0.0,0.621685,-0.280378,NOR,MOZ,7788
1884160,174,147,1313,2006.0,0.0,2032.0,0.32715,-0.15929200000000002,PHL,MOZ,7788
1884161,179,147,1313,2006.0,176489.0,1080.0,0.695569,1.7476200000000002,PRT,MOZ,7788
1884162,208,147,1313,2006.0,2180.0,0.0,1.921461,0.478688,SWE,MOZ,7788
1884163,226,147,1313,2006.0,0.0,3997.0,-0.804761,0.6328729999999999,TZA,MOZ,7788
1884164,231,147,1313,2006.0,84071.0,0.0,1.616918,-0.429924,USA,MOZ,7788
1884165,246,147,1313,2006.0,1361733.0,63006.0,0.18317,1.675934,ZAF,MOZ,7788
1884166,247,147,1313,2006.0,1075.0,0.0,-0.8819040000000001,-0.990542,ZMB,MOZ,7788
1884167,248,147,1313,2006.0,1092.0,0.0,-0.354477,-0.273037,ZWE,MOZ,7788
1884168,249,147,1313,2006.0,2718.0,0.0,1.6683169999999998,1.230621,TWN,MOZ,7788
1884169,250,147,1313,2006.0,0.0,13567.0,0.202525,-0.46324499999999996,ANS,MOZ,7788
1884170,1,163,1313,2006.0,0.0,1883546.0,-0.906723,-0.6810039999999999,AFG,NOR,7788
1884171,2,163,1313,2006.0,17922.0,334467.0,-2.2010959999999997,-1.189215,AGO,NOR,7788
1884172,4,163,1313,2006.0,0.0,11889.0,-0.310731,-0.01222,ALB,NOR,7788
1884173,6,163,1313,2006.0,0.0,5604.0,0.0063100000000000005,-0.61161,ANT,NOR,7788
1884174,7,163,1313,2006.0,12122.0,3418559.0,-0.12063900000000001,-0.817929,ARE,NOR,7788
1884175,8,163,1313,2006.0,2057.0,41793.0,0.076917,1.06231,ARG,NOR,7788
1884176,14,163,1313,2006.0,316278.0,3040268.0,-0.183265,0.564314,AUS,NOR,7788
1884177,15,163,1313,2006.0,1759306.0,206799.0,1.772588,-0.008943000000000001,AUT,NOR,7788
1884178,16,163,1313,2006.0,4046.0,467015.0,-0.949606,-1.099346,AZE,NOR,7788
1884179,18,163,1313,2006.0,3695889.0,616000.0,1.234224,1.308065,BEL,NOR,7788
1884180,23,163,1313,2006.0,77189.0,39975.0,0.490234,1.581841,BGR,NOR,7788
1884181,24,163,1313,2006.0,0.0,232100.0,-0.220239,-1.07936,BHR,NOR,7788
1884182,25,163,1313,2006.0,9948.0,0.0,0.23525900000000002,-0.725657,BHS,NOR,7788
1884183,26,163,1313,2006.0,1780.0,47194.0,0.543053,0.68971,BIH,NOR,7788
1884184,32,163,1313,2006.0,66559.0,2575082.0,0.622959,1.413527,BRA,NOR,7788
1884185,33,163,1313,2006.0,0.0,42302.0,0.689051,0.416818,BRB,NOR,7788
1884186,34,163,1313,2006.0,0.0,33047.0,-0.933665,-0.929327,BRN,NOR,7788
1884187,37,163,1313,2006.0,0.0,315136.0,-0.958566,-1.202559,BWA,NOR,7788
1884188,39,163,1313,2006.0,1924842.0,447110.0,0.806511,1.466573,CAN,NOR,7788
1884189,41,163,1313,2006.0,4080923.0,166680.0,2.038668,0.46319,CHE,NOR,7788
1884190,42,163,1313,2006.0,3112.0,204839.0,-0.193151,-0.46637,CHL,NOR,7788
1884191,43,163,1313,2006.0,2840485.0,10132893.0,0.842242,1.7392740000000002,CHN,NOR,7788
1884192,44,163,1313,2006.0,0.0,8376.0,-0.9293,-0.853074,CIV,NOR,7788
1884193,45,163,1313,2006.0,0.0,10280.0,-1.570753,-1.22499,CMR,NOR,7788
1884194,47,163,1313,2006.0,0.0,16330.0,-1.8919540000000001,-1.272166,COG,NOR,7788
1884195,49,163,1313,2006.0,0.0,54586.0,0.162228,0.550616,COL,NOR,7788
1884196,52,163,1313,2006.0,2994.0,1511.0,0.07128999999999999,-0.24274400000000002,CRI,NOR,7788
1884197,54,163,1313,2006.0,8587.0,6191.0,0.207314,-0.473224,CUB,NOR,7788
1884198,58,163,1313,2006.0,0.0,117877.0,0.728916,0.023954,CYP,NOR,7788
1884199,59,163,1313,2006.0,2481481.0,108446.0,1.6478549999999998,0.095131,CZE,NOR,7788
1884200,61,163,1313,2006.0,71392424.0,3963628.0,2.135679,-2.933329,DEU,NOR,7788
1884201,64,163,1313,2006.0,9911436.0,6274395.0,1.25209,1.133206,DNK,NOR,7788
1884202,65,163,1313,2006.0,101639.0,1212.0,0.044542,0.178998,DOM,NOR,7788
1884203,66,163,1313,2006.0,0.0,4278.0,-1.079717,-1.153102,DZA,NOR,7788
1884204,67,163,1313,2006.0,0.0,2363.0,-0.9617209999999999,-0.936366,ECU,NOR,7788
1884205,68,163,1313,2006.0,17038.0,162407.0,-0.305058,0.294265,EGY,NOR,7788
1884206,71,163,1313,2006.0,5418772.0,9455985.0,0.9909459999999999,1.785809,ESP,NOR,7788
1884207,72,163,1313,2006.0,1462312.0,2670146.0,0.737979,1.1881950000000001,EST,NOR,7788
1884208,73,163,1313,2006.0,0.0,1811.0,-1.129189,-0.953627,ETH,NOR,7788
1884209,74,163,1313,2006.0,7125648.0,3413110.0,1.8630220000000002,0.87172,FIN,NOR,7788
1884210,77,163,1313,2006.0,23600548.0,847333.0,1.499686,0.16705699999999998,FRA,NOR,7788
1884211,78,163,1313,2006.0,4269.0,123604.0,-0.111228,-0.776069,FRO,NOR,7788
1884212,80,163,1313,2006.0,0.0,107566.0,-1.2162620000000002,-1.141485,GAB,NOR,7788
1884213,81,163,1313,2006.0,28556322.0,8830345.0,1.8509779999999998,0.674074,GBR,NOR,7788
1884214,82,163,1313,2006.0,0.0,293186.0,-0.152929,-0.438435,GEO,NOR,7788
1884215,83,163,1313,2006.0,0.0,28367.0,-0.9211739999999999,-0.738322,GHA,NOR,7788
1884216,84,163,1313,2006.0,0.0,6386.0,0.519846,-0.43742600000000004,GIB,NOR,7788
1884217,89,163,1313,2006.0,0.0,4288.0,-2.448721,-0.949732,GNQ,NOR,7788
1884218,90,163,1313,2006.0,287716.0,591459.0,0.183748,1.582167,GRC,NOR,7788
1884219,92,163,1313,2006.0,0.0,73960.0,-0.744987,-0.9686020000000001,GRL,NOR,7788
1884220,93,163,1313,2006.0,0.0,21011.0,-0.179628,0.671552,GTM,NOR,7788
1884221,95,163,1313,2006.0,0.0,3628.0,0.29584299999999997,-0.324191,GUM,NOR,7788
1884222,97,163,1313,2006.0,2489744.0,575796.0,0.63347,1.276634,HKG,NOR,7788
1884223,99,163,1313,2006.0,0.0,1082.0,-0.520217,-0.41097399999999995,HND,NOR,7788
1884224,100,163,1313,2006.0,49975.0,971668.0,0.866511,1.217552,HRV,NOR,7788
1884225,102,163,1313,2006.0,307343.0,179364.0,1.469539,0.8546090000000001,HUN,NOR,7788
1884226,103,163,1313,2006.0,187326.0,6013.0,0.0036969999999999998,1.703498,IDN,NOR,7788
1884227,104,163,1313,2006.0,569616.0,1082768.0,0.202078,2.594677,IND,NOR,7788
1884228,106,163,1313,2006.0,2321819.0,975902.0,1.501322,0.161375,IRL,NOR,7788
1884229,107,163,1313,2006.0,18341.0,402549.0,-0.755814,-0.9279059999999999,IRN,NOR,7788
1884230,109,163,1313,2006.0,40585.0,6256677.0,0.06816699999999999,-0.36412,ISL,NOR,7788
1884231,110,163,1313,2006.0,5889764.0,265063.0,1.286738,0.8783610000000001,ISR,NOR,7788
1884232,111,163,1313,2006.0,6285424.0,2223903.0,1.416017,0.161859,ITA,NOR,7788
1884233,114,163,1313,2006.0,6183444.0,3317458.0,2.442213,-0.046222000000000006,JPN,NOR,7788
1884234,115,163,1313,2006.0,22690.0,237728.0,-0.18694000000000002,-0.468758,KAZ,NOR,7788
1884235,116,163,1313,2006.0,0.0,216639.0,-0.402762,0.89869,KEN,NOR,7788
1884236,121,163,1313,2006.0,802598.0,4575370.0,1.588589,0.799507,KOR,NOR,7788
1884237,122,163,1313,2006.0,0.0,236626.0,-1.506818,-1.193717,KWT,NOR,7788
1884238,124,163,1313,2006.0,0.0,74081.0,0.450113,1.7365119999999998,LBN,NOR,7788
1884239,126,163,1313,2006.0,0.0,1908.0,-0.7543529999999999,-1.123674,LBY,NOR,7788
1884240,128,163,1313,2006.0,0.0,20425.0,-0.37725,0.245153,LKA,NOR,7788
1884241,130,163,1313,2006.0,16490866.0,5193045.0,0.553669,1.252767,LTU,NOR,7788
1884242,131,163,1313,2006.0,36811.0,7102.0,1.285123,0.999081,LUX,NOR,7788
1884243,132,163,1313,2006.0,208006.0,410822.0,0.548453,1.027836,LVA,NOR,7788
1884244,134,163,1313,2006.0,0.0,17735.0,-0.41821499999999995,0.175231,MAR,NOR,7788
1884245,138,163,1313,2006.0,581164.0,101986.0,1.2996729999999999,0.655941,MEX,NOR,7788
1884246,142,163,1313,2006.0,0.0,113762.0,1.5366819999999999,0.301101,MLT,NOR,7788
1884247,147,163,1313,2006.0,0.0,2039.0,-1.199074,-1.031059,MOZ,NOR,7788
1884248,148,163,1313,2006.0,0.0,13663.0,-1.729545,-1.284734,MRT,NOR,7788
1884249,151,163,1313,2006.0,0.0,4071.0,-0.214308,-0.140502,MUS,NOR,7788
1884250,153,163,1313,2006.0,194132.0,207257.0,0.9497270000000001,0.324179,MYS,NOR,7788
1884251,155,163,1313,2006.0,4934.0,86872.0,-0.425389,-0.690279,NAM,NOR,7788
1884252,157,163,1313,2006.0,0.0,6754.0,-0.52447,-0.641225,NER,NOR,7788
1884253,159,163,1313,2006.0,0.0,176126.0,-2.088278,-1.224464,NGA,NOR,7788
1884254,162,163,1313,2006.0,172971936.0,5683794.0,1.115718,1.4743680000000001,NLD,NOR,7788
1884255,164,163,1313,2006.0,0.0,2573.0,-0.0014349999999999999,0.804425,NPL,NOR,7788
1884256,166,163,1313,2006.0,18635.0,149792.0,0.40442100000000003,0.821033,NZL,NOR,7788
1884257,167,163,1313,2006.0,0.0,4177.0,-0.871816,-1.184985,OMN,NOR,7788
1884258,168,163,1313,2006.0,0.0,8169.0,-0.500494,0.334983,PAK,NOR,7788
1884259,169,163,1313,2006.0,1492.0,30100.0,0.511845,0.7560560000000001,PAN,NOR,7788
1884260,173,163,1313,2006.0,0.0,13242.0,-0.523516,-0.15574100000000002,PER,NOR,7788
1884261,174,163,1313,2006.0,64834.0,7629.0,0.32715,-0.15929200000000002,PHL,NOR,7788
1884262,177,163,1313,2006.0,6711824.0,1605847.0,1.0576860000000001,1.283664,POL,NOR,7788
1884263,179,163,1313,2006.0,185464.0,139418.0,0.695569,1.7476200000000002,PRT,NOR,7788
1884264,182,163,1313,2006.0,0.0,3743.0,-0.2789,-0.847551,PYF,NOR,7788
1884265,183,163,1313,2006.0,9823.0,1742498.0,-0.467699,-1.062471,QAT,NOR,7788
1884266,185,163,1313,2006.0,1484688.0,235911.0,0.733232,1.2149,ROU,NOR,7788
1884267,186,163,1313,2006.0,306180.0,3103626.0,0.311252,-0.093895,RUS,NOR,7788
1884268,188,163,1313,2006.0,0.0,49405.0,-0.094152,-0.921106,SAU,NOR,7788
1884269,190,163,1313,2006.0,0.0,92540.0,-1.727355,-1.278714,SDN,NOR,7788
1884270,191,163,1313,2006.0,0.0,1496.0,-0.548758,-0.152572,SEN,NOR,7788
1884271,192,163,1313,2006.0,913545.0,5403536.0,1.670134,0.43955600000000006,SGP,NOR,7788
1884272,197,163,1313,2006.0,72047.0,0.0,-0.127317,0.189904,SLV,NOR,7788
1884273,201,163,1313,2006.0,1348.0,10210.0,0.581078,1.5831600000000001,SRB,NOR,7788
1884274,206,163,1313,2006.0,463279.0,30204.0,1.3569950000000002,0.8663290000000001,SVK,NOR,7788
1884275,207,163,1313,2006.0,15314.0,18116.0,1.562187,0.612624,SVN,NOR,7788
1884276,208,163,1313,2006.0,46563372.0,24141930.0,1.921461,0.478688,SWE,NOR,7788
1884277,211,163,1313,2006.0,0.0,13915.0,-0.45782,-0.822773,SYC,NOR,7788
1884278,212,163,1313,2006.0,1197.0,12689.0,-0.49903100000000006,0.362867,SYR,NOR,7788
1884279,215,163,1313,2006.0,0.0,2089.0,-0.81795,-0.567823,TGO,NOR,7788
1884280,216,163,1313,2006.0,4695608.0,961424.0,0.73283,1.419023,THA,NOR,7788
1884281,222,163,1313,2006.0,0.0,265153.0,-0.346992,-1.03502,TTO,NOR,7788
1884282,223,163,1313,2006.0,20057.0,89526.0,0.140257,0.528918,TUN,NOR,7788
1884283,224,163,1313,2006.0,58003.0,856203.0,0.41471,2.138217,TUR,NOR,7788
1884284,226,163,1313,2006.0,0.0,10275.0,-0.804761,0.6328729999999999,TZA,NOR,7788
1884285,227,163,1313,2006.0,0.0,4097.0,-0.789284,-0.161216,UGA,NOR,7788
1884286,228,163,1313,2006.0,12720.0,69909.0,0.598325,1.225485,UKR,NOR,7788
1884287,230,163,1313,2006.0,0.0,19533.0,0.047764999999999995,0.23831100000000002,URY,NOR,7788
1884288,231,163,1313,2006.0,11469402.0,4080862.0,1.616918,-0.429924,USA,NOR,7788
1884289,236,163,1313,2006.0,1893.0,132090.0,-0.5559649999999999,-0.9988299999999999,VEN,NOR,7788
1884290,239,163,1313,2006.0,0.0,3464.0,-0.089404,0.986066,VNM,NOR,7788
1884291,246,163,1313,2006.0,10286.0,537922.0,0.18317,1.675934,ZAF,NOR,7788
1884292,247,163,1313,2006.0,0.0,2801.0,-0.8819040000000001,-0.990542,ZMB,NOR,7788
1884293,249,163,1313,2006.0,2010119.0,189601.0,1.6683169999999998,1.230621,TWN,NOR,7788
1884294,7,167,1313,2006.0,4457542.0,0.0,-0.12063900000000001,-0.817929,ARE,OMN,7788
1884295,14,167,1313,2006.0,94066.0,11175.0,-0.183265,0.564314,AUS,OMN,7788
1884296,18,167,1313,2006.0,120604.0,0.0,1.234224,1.308065,BEL,OMN,7788
1884297,32,167,1313,2006.0,3609.0,0.0,0.622959,1.413527,BRA,OMN,7788
1884298,39,167,1313,2006.0,189507.0,0.0,0.806511,1.466573,CAN,OMN,7788
1884299,41,167,1313,2006.0,173666.0,0.0,2.038668,0.46319,CHE,OMN,7788
1884300,43,167,1313,2006.0,824474.0,0.0,0.842242,1.7392740000000002,CHN,OMN,7788
1884301,59,167,1313,2006.0,40522.0,0.0,1.6478549999999998,0.095131,CZE,OMN,7788
1884302,61,167,1313,2006.0,1681327.0,26573.0,2.135679,-2.933329,DEU,OMN,7788
1884303,64,167,1313,2006.0,3158.0,0.0,1.25209,1.133206,DNK,OMN,7788
1884304,68,167,1313,2006.0,3871.0,10593.0,-0.305058,0.294265,EGY,OMN,7788
1884305,71,167,1313,2006.0,54851.0,0.0,0.9909459999999999,1.785809,ESP,OMN,7788
1884306,74,167,1313,2006.0,54496.0,0.0,1.8630220000000002,0.87172,FIN,OMN,7788
1884307,77,167,1313,2006.0,2083342.0,3558.0,1.499686,0.16705699999999998,FRA,OMN,7788
1884308,81,167,1313,2006.0,3861877.0,283040.0,1.8509779999999998,0.674074,GBR,OMN,7788
1884309,97,167,1313,2006.0,104665.0,0.0,0.63347,1.276634,HKG,OMN,7788
1884310,104,167,1313,2006.0,371734.0,75716.0,0.202078,2.594677,IND,OMN,7788
1884311,106,167,1313,2006.0,219551.0,0.0,1.501322,0.161375,IRL,OMN,7788
1884312,111,167,1313,2006.0,536405.0,9812.0,1.416017,0.161859,ITA,OMN,7788
1884313,113,167,1313,2006.0,6111.0,0.0,0.31143899999999997,0.428361,JOR,OMN,7788
1884314,114,167,1313,2006.0,1119230.0,0.0,2.442213,-0.046222000000000006,JPN,OMN,7788
1884315,121,167,1313,2006.0,67695.0,0.0,1.588589,0.799507,KOR,OMN,7788
1884316,122,167,1313,2006.0,0.0,9311.0,-1.506818,-1.193717,KWT,OMN,7788
1884317,138,167,1313,2006.0,6287.0,0.0,1.2996729999999999,0.655941,MEX,OMN,7788
1884318,153,167,1313,2006.0,27806.0,0.0,0.9497270000000001,0.324179,MYS,OMN,7788
1884319,162,167,1313,2006.0,248350.0,0.0,1.115718,1.4743680000000001,NLD,OMN,7788
1884320,163,167,1313,2006.0,4177.0,0.0,0.621685,-0.280378,NOR,OMN,7788
1884321,166,167,1313,2006.0,12839.0,0.0,0.40442100000000003,0.821033,NZL,OMN,7788
1884322,177,167,1313,2006.0,2508.0,1812.0,1.0576860000000001,1.283664,POL,OMN,7788
1884323,183,167,1313,2006.0,2169.0,79327.0,-0.467699,-1.062471,QAT,OMN,7788
1884324,188,167,1313,2006.0,11106.0,0.0,-0.094152,-0.921106,SAU,OMN,7788
1884325,192,167,1313,2006.0,16406.0,1780.0,1.670134,0.43955600000000006,SGP,OMN,7788
1884326,208,167,1313,2006.0,6035.0,45806.0,1.921461,0.478688,SWE,OMN,7788
1884327,212,167,1313,2006.0,1816.0,0.0,-0.49903100000000006,0.362867,SYR,OMN,7788
1884328,216,167,1313,2006.0,42346.0,0.0,0.73283,1.419023,THA,OMN,7788
1884329,224,167,1313,2006.0,42643.0,0.0,0.41471,2.138217,TUR,OMN,7788
1884330,231,167,1313,2006.0,2049376.0,8859.0,1.616918,-0.429924,USA,OMN,7788
1884331,246,167,1313,2006.0,72141.0,0.0,0.18317,1.675934,ZAF,OMN,7788
1884332,249,167,1313,2006.0,70860.0,0.0,1.6683169999999998,1.230621,TWN,OMN,7788
1884333,2,179,1313,2006.0,1402.0,4951738.0,-2.2010959999999997,-1.189215,AGO,PRT,7788
1884334,6,179,1313,2006.0,0.0,1443.0,0.0063100000000000005,-0.61161,ANT,PRT,7788
1884335,7,179,1313,2006.0,0.0,46909.0,-0.12063900000000001,-0.817929,ARE,PRT,7788
1884336,8,179,1313,2006.0,3831.0,113598.0,0.076917,1.06231,ARG,PRT,7788
1884337,13,179,1313,2006.0,0.0,12112.0,-0.49273500000000003,-0.92522,ATG,PRT,7788
1884338,14,179,1313,2006.0,198594.0,648194.0,-0.183265,0.564314,AUS,PRT,7788
1884339,15,179,1313,2006.0,1215111.0,1847903.0,1.772588,-0.008943000000000001,AUT,PRT,7788
1884340,18,179,1313,2006.0,8986215.0,2333982.0,1.234224,1.308065,BEL,PRT,7788
1884341,23,179,1313,2006.0,398414.0,66408.0,0.490234,1.581841,BGR,PRT,7788
1884342,24,179,1313,2006.0,0.0,4841.0,-0.220239,-1.07936,BHR,PRT,7788
1884343,26,179,1313,2006.0,0.0,1982.0,0.543053,0.68971,BIH,PRT,7788
1884344,28,179,1313,2006.0,0.0,2689.0,0.948306,0.702786,BLR,PRT,7788
1884345,32,179,1313,2006.0,361197.0,691411.0,0.622959,1.413527,BRA,PRT,7788
1884346,39,179,1313,2006.0,1530477.0,201962.0,0.806511,1.466573,CAN,PRT,7788
1884347,41,179,1313,2006.0,1565526.0,1022475.0,2.038668,0.46319,CHE,PRT,7788
1884348,42,179,1313,2006.0,0.0,10171.0,-0.193151,-0.46637,CHL,PRT,7788
1884349,43,179,1313,2006.0,6053634.0,10296000.0,0.842242,1.7392740000000002,CHN,PRT,7788
1884350,44,179,1313,2006.0,0.0,1168.0,-0.9293,-0.853074,CIV,PRT,7788
1884351,51,179,1313,2006.0,17132.0,629604.0,0.402348,-0.355768,CPV,PRT,7788
1884352,52,179,1313,2006.0,2465.0,1948.0,0.07128999999999999,-0.24274400000000002,CRI,PRT,7788
1884353,59,179,1313,2006.0,1972786.0,573226.0,1.6478549999999998,0.095131,CZE,PRT,7788
1884354,61,179,1313,2006.0,109506872.0,61783132.0,2.135679,-2.933329,DEU,PRT,7788
1884355,64,179,1313,2006.0,710450.0,618683.0,1.25209,1.133206,DNK,PRT,7788
1884356,71,179,1313,2006.0,53016124.0,36521888.0,0.9909459999999999,1.785809,ESP,PRT,7788
1884357,72,179,1313,2006.0,1381.0,455291.0,0.737979,1.1881950000000001,EST,PRT,7788
1884358,73,179,1313,2006.0,0.0,12733.0,-1.129189,-0.953627,ETH,PRT,7788
1884359,74,179,1313,2006.0,805229.0,686822.0,1.8630220000000002,0.87172,FIN,PRT,7788
1884360,77,179,1313,2006.0,12890014.0,16002741.0,1.499686,0.16705699999999998,FRA,PRT,7788
1884361,81,179,1313,2006.0,17194208.0,8387376.0,1.8509779999999998,0.674074,GBR,PRT,7788
1884362,83,179,1313,2006.0,0.0,1377.0,-0.9211739999999999,-0.738322,GHA,PRT,7788
1884363,88,179,1313,2006.0,0.0,34531.0,-0.773687,-0.804,GNB,PRT,7788
1884364,90,179,1313,2006.0,1810686.0,10107.0,0.183748,1.582167,GRC,PRT,7788
1884365,97,179,1313,2006.0,1415343.0,13997089.0,0.63347,1.276634,HKG,PRT,7788
1884366,100,179,1313,2006.0,25289.0,28894.0,0.866511,1.217552,HRV,PRT,7788
1884367,101,179,1313,2006.0,0.0,46195.0,-0.8555889999999999,-1.017282,HTI,PRT,7788
1884368,102,179,1313,2006.0,2582992.0,5501990.0,1.469539,0.8546090000000001,HUN,PRT,7788
1884369,103,179,1313,2006.0,32162.0,3011.0,0.0036969999999999998,1.703498,IDN,PRT,7788
1884370,104,179,1313,2006.0,4439820.0,305886.0,0.202078,2.594677,IND,PRT,7788
1884371,106,179,1313,2006.0,1152445.0,96746.0,1.501322,0.161375,IRL,PRT,7788
1884372,107,179,1313,2006.0,0.0,21959.0,-0.755814,-0.9279059999999999,IRN,PRT,7788
1884373,109,179,1313,2006.0,0.0,80205.0,0.06816699999999999,-0.36412,ISL,PRT,7788
1884374,110,179,1313,2006.0,1301201.0,2198180.0,1.286738,0.8783610000000001,ISR,PRT,7788
1884375,111,179,1313,2006.0,15660449.0,1348541.0,1.416017,0.161859,ITA,PRT,7788
1884376,113,179,1313,2006.0,0.0,122295.0,0.31143899999999997,0.428361,JOR,PRT,7788
1884377,114,179,1313,2006.0,7563412.0,224137.0,2.442213,-0.046222000000000006,JPN,PRT,7788
1884378,121,179,1313,2006.0,1050626.0,1550429.0,1.588589,0.799507,KOR,PRT,7788
1884379,122,179,1313,2006.0,0.0,22133.0,-1.506818,-1.193717,KWT,PRT,7788
1884380,124,179,1313,2006.0,0.0,8670.0,0.450113,1.7365119999999998,LBN,PRT,7788
1884381,130,179,1313,2006.0,20342.0,85811.0,0.553669,1.252767,LTU,PRT,7788
1884382,131,179,1313,2006.0,51260.0,121042.0,1.285123,0.999081,LUX,PRT,7788
1884383,132,179,1313,2006.0,0.0,119890.0,0.548453,1.027836,LVA,PRT,7788
1884384,133,179,1313,2006.0,10559.0,637773.0,0.120923,-0.266158,MAC,PRT,7788
1884385,134,179,1313,2006.0,166349.0,2894084.0,-0.41821499999999995,0.175231,MAR,PRT,7788
1884386,137,179,1313,2006.0,0.0,3249.0,-0.21327600000000002,-0.8216959999999999,MDV,PRT,7788
1884387,138,179,1313,2006.0,53039.0,2072776.0,1.2996729999999999,0.655941,MEX,PRT,7788
1884388,142,179,1313,2006.0,0.0,4108.0,1.5366819999999999,0.301101,MLT,PRT,7788
1884389,147,179,1313,2006.0,1080.0,176489.0,-1.199074,-1.031059,MOZ,PRT,7788
1884390,151,179,1313,2006.0,0.0,7392.0,-0.214308,-0.140502,MUS,PRT,7788
1884391,153,179,1313,2006.0,1160735.0,4053898.0,0.9497270000000001,0.324179,MYS,PRT,7788
1884392,156,179,1313,2006.0,0.0,5097.0,-0.42703900000000006,-0.840608,NCL,PRT,7788
1884393,162,179,1313,2006.0,14770756.0,14071562.0,1.115718,1.4743680000000001,NLD,PRT,7788
1884394,163,179,1313,2006.0,139418.0,185464.0,0.621685,-0.280378,NOR,PRT,7788
1884395,166,179,1313,2006.0,42220.0,52432.0,0.40442100000000003,0.821033,NZL,PRT,7788
1884396,169,179,1313,2006.0,0.0,1102.0,0.511845,0.7560560000000001,PAN,PRT,7788
1884397,173,179,1313,2006.0,0.0,2901.0,-0.523516,-0.15574100000000002,PER,PRT,7788
1884398,174,179,1313,2006.0,81404.0,588607.0,0.32715,-0.15929200000000002,PHL,PRT,7788
1884399,177,179,1313,2006.0,109670.0,3768980.0,1.0576860000000001,1.283664,POL,PRT,7788
1884400,180,179,1313,2006.0,0.0,3873.0,-0.49234399999999995,-0.547616,PRY,PRT,7788
1884401,182,179,1313,2006.0,0.0,5756.0,-0.2789,-0.847551,PYF,PRT,7788
1884402,183,179,1313,2006.0,0.0,76877.0,-0.467699,-1.062471,QAT,PRT,7788
1884403,185,179,1313,2006.0,2139.0,590103.0,0.733232,1.2149,ROU,PRT,7788
1884404,186,179,1313,2006.0,0.0,254993.0,0.311252,-0.093895,RUS,PRT,7788
1884405,188,179,1313,2006.0,0.0,59347.0,-0.094152,-0.921106,SAU,PRT,7788
1884406,192,179,1313,2006.0,636197.0,26136974.0,1.670134,0.43955600000000006,SGP,PRT,7788
1884407,197,179,1313,2006.0,0.0,10769.0,-0.127317,0.189904,SLV,PRT,7788
1884408,201,179,1313,2006.0,1057.0,38194.0,0.581078,1.5831600000000001,SRB,PRT,7788
1884409,203,179,1313,2006.0,1995.0,32819.0,1.061292,-0.052414999999999996,STP,PRT,7788
1884410,206,179,1313,2006.0,9241.0,24473.0,1.3569950000000002,0.8663290000000001,SVK,PRT,7788
1884411,207,179,1313,2006.0,404327.0,179012.0,1.562187,0.612624,SVN,PRT,7788
1884412,208,179,1313,2006.0,2478898.0,2217140.0,1.921461,0.478688,SWE,PRT,7788
1884413,216,179,1313,2006.0,86567.0,486784.0,0.73283,1.419023,THA,PRT,7788
1884414,223,179,1313,2006.0,1231302.0,28673.0,0.140257,0.528918,TUN,PRT,7788
1884415,224,179,1313,2006.0,61196.0,367589.0,0.41471,2.138217,TUR,PRT,7788
1884416,227,179,1313,2006.0,0.0,1033.0,-0.789284,-0.161216,UGA,PRT,7788
1884417,228,179,1313,2006.0,0.0,118517.0,0.598325,1.225485,UKR,PRT,7788
1884418,230,179,1313,2006.0,0.0,4617.0,0.047764999999999995,0.23831100000000002,URY,PRT,7788
1884419,231,179,1313,2006.0,6212882.0,7985144.0,1.616918,-0.429924,USA,PRT,7788
1884420,239,179,1313,2006.0,0.0,5354.0,-0.089404,0.986066,VNM,PRT,7788
1884421,246,179,1313,2006.0,347970.0,319788.0,0.18317,1.675934,ZAF,PRT,7788
1884422,249,179,1313,2006.0,899878.0,782748.0,1.6683169999999998,1.230621,TWN,PRT,7788
1884423,250,179,1313,2006.0,0.0,94650.0,0.202525,-0.46324499999999996,ANS,PRT,7788
1884424,1,186,1313,2006.0,0.0,4151.0,-0.906723,-0.6810039999999999,AFG,RUS,7788
1884425,2,186,1313,2006.0,0.0,143713.0,-2.2010959999999997,-1.189215,AGO,RUS,7788
1884426,4,186,1313,2006.0,0.0,237878.0,-0.310731,-0.01222,ALB,RUS,7788
1884427,7,186,1313,2006.0,4073075.0,121892.0,-0.12063900000000001,-0.817929,ARE,RUS,7788
1884428,8,186,1313,2006.0,0.0,11698.0,0.076917,1.06231,ARG,RUS,7788
1884429,9,186,1313,2006.0,38925.0,274498.0,-0.044726999999999996,-0.486043,ARM,RUS,7788
1884430,14,186,1313,2006.0,63051.0,903941.0,-0.183265,0.564314,AUS,RUS,7788
1884431,15,186,1313,2006.0,12862895.0,462649.0,1.772588,-0.008943000000000001,AUT,RUS,7788
1884432,16,186,1313,2006.0,4415.0,9664084.0,-0.949606,-1.099346,AZE,RUS,7788
1884433,18,186,1313,2006.0,11906538.0,270333.0,1.234224,1.308065,BEL,RUS,7788
1884434,22,186,1313,2006.0,0.0,43161.0,-0.776517,-0.874408,BGD,RUS,7788
1884435,23,186,1313,2006.0,478586.0,261963.0,0.490234,1.581841,BGR,RUS,7788
1884436,24,186,1313,2006.0,0.0,12468.0,-0.220239,-1.07936,BHR,RUS,7788
1884437,25,186,1313,2006.0,2268.0,0.0,0.23525900000000002,-0.725657,BHS,RUS,7788
1884438,26,186,1313,2006.0,0.0,1011580.0,0.543053,0.68971,BIH,RUS,7788
1884439,28,186,1313,2006.0,4694106.0,20310594.0,0.948306,0.702786,BLR,RUS,7788
1884440,32,186,1313,2006.0,3060392.0,2420825.0,0.622959,1.413527,BRA,RUS,7788
1884441,39,186,1313,2006.0,1988665.0,3343544.0,0.806511,1.466573,CAN,RUS,7788
1884442,41,186,1313,2006.0,4784830.0,1351028.0,2.038668,0.46319,CHE,RUS,7788
1884443,42,186,1313,2006.0,0.0,40558.0,-0.193151,-0.46637,CHL,RUS,7788
1884444,43,186,1313,2006.0,110255816.0,5540082.0,0.842242,1.7392740000000002,CHN,RUS,7788
1884445,44,186,1313,2006.0,1586.0,0.0,-0.9293,-0.853074,CIV,RUS,7788
1884446,46,186,1313,2006.0,0.0,2540.0,-1.334582,-1.119781,COD,RUS,7788
1884447,49,186,1313,2006.0,0.0,55104.0,0.162228,0.550616,COL,RUS,7788
1884448,54,186,1313,2006.0,0.0,690124.0,0.207314,-0.473224,CUB,RUS,7788
1884449,58,186,1313,2006.0,8211.0,17507.0,0.728916,0.023954,CYP,RUS,7788
1884450,59,186,1313,2006.0,7779898.0,2648515.0,1.6478549999999998,0.095131,CZE,RUS,7788
1884451,61,186,1313,2006.0,154457520.0,23193806.0,2.135679,-2.933329,DEU,RUS,7788
1884452,64,186,1313,2006.0,3425416.0,25101.0,1.25209,1.133206,DNK,RUS,7788
1884453,65,186,1313,2006.0,0.0,2831.0,0.044542,0.178998,DOM,RUS,7788
1884454,66,186,1313,2006.0,0.0,58880.0,-1.079717,-1.153102,DZA,RUS,7788
1884455,68,186,1313,2006.0,20997.0,117976.0,-0.305058,0.294265,EGY,RUS,7788
1884456,71,186,1313,2006.0,16118739.0,3287492.0,0.9909459999999999,1.785809,ESP,RUS,7788
1884457,72,186,1313,2006.0,2261365.0,367686.0,0.737979,1.1881950000000001,EST,RUS,7788
1884458,73,186,1313,2006.0,0.0,10891.0,-1.129189,-0.953627,ETH,RUS,7788
1884459,74,186,1313,2006.0,17016984.0,1414975.0,1.8630220000000002,0.87172,FIN,RUS,7788
1884460,77,186,1313,2006.0,5972474.0,3462047.0,1.499686,0.16705699999999998,FRA,RUS,7788
1884461,81,186,1313,2006.0,30776130.0,1809822.0,1.8509779999999998,0.674074,GBR,RUS,7788
1884462,82,186,1313,2006.0,19904.0,333631.0,-0.152929,-0.438435,GEO,RUS,7788
1884463,83,186,1313,2006.0,0.0,8129.0,-0.9211739999999999,-0.738322,GHA,RUS,7788
1884464,84,186,1313,2006.0,0.0,34001.0,0.519846,-0.43742600000000004,GIB,RUS,7788
1884465,90,186,1313,2006.0,273879.0,146567.0,0.183748,1.582167,GRC,RUS,7788
1884466,97,186,1313,2006.0,3919856.0,1579379.0,0.63347,1.276634,HKG,RUS,7788
1884467,100,186,1313,2006.0,143105.0,83847.0,0.866511,1.217552,HRV,RUS,7788
1884468,102,186,1313,2006.0,1152055.0,145686.0,1.469539,0.8546090000000001,HUN,RUS,7788
1884469,103,186,1313,2006.0,241397.0,0.0,0.0036969999999999998,1.703498,IDN,RUS,7788
1884470,104,186,1313,2006.0,770124.0,19989248.0,0.202078,2.594677,IND,RUS,7788
1884471,106,186,1313,2006.0,1032358.0,0.0,1.501322,0.161375,IRL,RUS,7788
1884472,107,186,1313,2006.0,38202.0,2644912.0,-0.755814,-0.9279059999999999,IRN,RUS,7788
1884473,108,186,1313,2006.0,0.0,76685.0,-2.3271330000000003,-0.992934,IRQ,RUS,7788
1884474,109,186,1313,2006.0,85586.0,0.0,0.06816699999999999,-0.36412,ISL,RUS,7788
1884475,110,186,1313,2006.0,3348842.0,575092.0,1.286738,0.8783610000000001,ISR,RUS,7788
1884476,111,186,1313,2006.0,39121716.0,3066744.0,1.416017,0.161859,ITA,RUS,7788
1884477,113,186,1313,2006.0,0.0,45276.0,0.31143899999999997,0.428361,JOR,RUS,7788
1884478,114,186,1313,2006.0,11792383.0,1044852.0,2.442213,-0.046222000000000006,JPN,RUS,7788
1884479,115,186,1313,2006.0,2657771.0,34483476.0,-0.18694000000000002,-0.468758,KAZ,RUS,7788
1884480,117,186,1313,2006.0,131156.0,273755.0,-0.091973,0.331995,KGZ,RUS,7788
1884481,118,186,1313,2006.0,0.0,55384.0,-0.841936,-1.038648,KHM,RUS,7788
1884482,121,186,1313,2006.0,3253119.0,3529270.0,1.588589,0.799507,KOR,RUS,7788
1884483,124,186,1313,2006.0,0.0,11672.0,0.450113,1.7365119999999998,LBN,RUS,7788
1884484,125,186,1313,2006.0,7940.0,20624.0,-1.0431270000000001,-1.1084829999999999,LBR,RUS,7788
1884485,126,186,1313,2006.0,0.0,100122.0,-0.7543529999999999,-1.123674,LBY,RUS,7788
1884486,128,186,1313,2006.0,0.0,10036.0,-0.37725,0.245153,LKA,RUS,7788
1884487,130,186,1313,2006.0,29875964.0,5023528.0,0.553669,1.252767,LTU,RUS,7788
1884488,131,186,1313,2006.0,36271.0,133628.0,1.285123,0.999081,LUX,RUS,7788
1884489,132,186,1313,2006.0,2606830.0,1528023.0,0.548453,1.027836,LVA,RUS,7788
1884490,134,186,1313,2006.0,0.0,449324.0,-0.41821499999999995,0.175231,MAR,RUS,7788
1884491,135,186,1313,2006.0,269700.0,274583.0,0.043632,0.21129299999999998,MDA,RUS,7788
1884492,138,186,1313,2006.0,100374.0,34025.0,1.2996729999999999,0.655941,MEX,RUS,7788
1884493,144,186,1313,2006.0,0.0,1387768.0,0.057147,-0.145592,MNE,RUS,7788
1884494,145,186,1313,2006.0,0.0,686075.0,-0.806932,-1.01265,MNG,RUS,7788
1884495,151,186,1313,2006.0,0.0,1459.0,-0.214308,-0.140502,MUS,RUS,7788
1884496,153,186,1313,2006.0,949185.0,222143.0,0.9497270000000001,0.324179,MYS,RUS,7788
1884497,155,186,1313,2006.0,0.0,2839.0,-0.425389,-0.690279,NAM,RUS,7788
1884498,159,186,1313,2006.0,0.0,1979.0,-2.088278,-1.224464,NGA,RUS,7788
1884499,160,186,1313,2006.0,0.0,6539.0,-0.9416120000000001,-0.888491,NIC,RUS,7788
1884500,162,186,1313,2006.0,36446760.0,760459.0,1.115718,1.4743680000000001,NLD,RUS,7788
1884501,163,186,1313,2006.0,3103626.0,306180.0,0.621685,-0.280378,NOR,RUS,7788
1884502,164,186,1313,2006.0,0.0,250325.0,-0.0014349999999999999,0.804425,NPL,RUS,7788
1884503,166,186,1313,2006.0,5814.0,9083.0,0.40442100000000003,0.821033,NZL,RUS,7788
1884504,168,186,1313,2006.0,0.0,34605.0,-0.500494,0.334983,PAK,RUS,7788
1884505,173,186,1313,2006.0,0.0,61444.0,-0.523516,-0.15574100000000002,PER,RUS,7788
1884506,174,186,1313,2006.0,29352.0,43077.0,0.32715,-0.15929200000000002,PHL,RUS,7788
1884507,177,186,1313,2006.0,11752516.0,5581570.0,1.0576860000000001,1.283664,POL,RUS,7788
1884508,178,186,1313,2006.0,55775.0,312733.0,0.649384,1.069006,PRK,RUS,7788
1884509,179,186,1313,2006.0,254993.0,0.0,0.695569,1.7476200000000002,PRT,RUS,7788
1884510,185,186,1313,2006.0,315645.0,51580.0,0.733232,1.2149,ROU,RUS,7788
1884511,188,186,1313,2006.0,0.0,319479.0,-0.094152,-0.921106,SAU,RUS,7788
1884512,190,186,1313,2006.0,6613.0,173155.0,-1.727355,-1.278714,SDN,RUS,7788
1884513,191,186,1313,2006.0,0.0,59492.0,-0.548758,-0.152572,SEN,RUS,7788
1884514,192,186,1313,2006.0,429110.0,222166.0,1.670134,0.43955600000000006,SGP,RUS,7788
1884515,197,186,1313,2006.0,26442.0,0.0,-0.127317,0.189904,SLV,RUS,7788
1884516,201,186,1313,2006.0,18504.0,484423.0,0.581078,1.5831600000000001,SRB,RUS,7788
1884517,206,186,1313,2006.0,291856.0,3088644.0,1.3569950000000002,0.8663290000000001,SVK,RUS,7788
1884518,207,186,1313,2006.0,193417.0,363054.0,1.562187,0.612624,SVN,RUS,7788
1884519,208,186,1313,2006.0,14979221.0,1916902.0,1.921461,0.478688,SWE,RUS,7788
1884520,212,186,1313,2006.0,1283.0,317809.0,-0.49903100000000006,0.362867,SYR,RUS,7788
1884521,216,186,1313,2006.0,2657162.0,580162.0,0.73283,1.419023,THA,RUS,7788
1884522,217,186,1313,2006.0,0.0,453320.0,-0.9646819999999999,-1.166964,TJK,RUS,7788
1884523,219,186,1313,2006.0,0.0,57755.0,-1.014047,-1.1895149999999999,TKM,RUS,7788
1884524,223,186,1313,2006.0,1861.0,9770.0,0.140257,0.528918,TUN,RUS,7788
1884525,224,186,1313,2006.0,1891974.0,5640775.0,0.41471,2.138217,TUR,RUS,7788
1884526,227,186,1313,2006.0,0.0,54878.0,-0.789284,-0.161216,UGA,RUS,7788
1884527,228,186,1313,2006.0,33784140.0,14249778.0,0.598325,1.225485,UKR,RUS,7788
1884528,231,186,1313,2006.0,29889954.0,7322194.0,1.616918,-0.429924,USA,RUS,7788
1884529,232,186,1313,2006.0,23261.0,4506770.0,-0.508594,-0.7682720000000001,UZB,RUS,7788
1884530,236,186,1313,2006.0,0.0,339024.0,-0.5559649999999999,-0.9988299999999999,VEN,RUS,7788
1884531,237,186,1313,2006.0,108733.0,0.0,0.937218,0.16353,VGB,RUS,7788
1884532,239,186,1313,2006.0,2962.0,310036.0,-0.089404,0.986066,VNM,RUS,7788
1884533,243,186,1313,2006.0,2648.0,0.0,-1.070559,-1.1655389999999999,YEM,RUS,7788
1884534,246,186,1313,2006.0,63944.0,85571.0,0.18317,1.675934,ZAF,RUS,7788
1884535,249,186,1313,2006.0,19009138.0,33498.0,1.6683169999999998,1.230621,TWN,RUS,7788
1884536,250,186,1313,2006.0,106772.0,0.0,0.202525,-0.46324499999999996,ANS,RUS,7788
1884537,1,192,1313,2006.0,0.0,7897.0,-0.906723,-0.6810039999999999,AFG,SGP,7788
1884538,2,192,1313,2006.0,24317.0,0.0,-2.2010959999999997,-1.189215,AGO,SGP,7788
1884539,6,192,1313,2006.0,0.0,19709.0,0.0063100000000000005,-0.61161,ANT,SGP,7788
1884540,7,192,1313,2006.0,274206.0,6025117.0,-0.12063900000000001,-0.817929,ARE,SGP,7788
1884541,8,192,1313,2006.0,359058.0,616291.0,0.076917,1.06231,ARG,SGP,7788
1884542,14,192,1313,2006.0,7295282.0,15017897.0,-0.183265,0.564314,AUS,SGP,7788
1884543,15,192,1313,2006.0,5832746.0,4253945.0,1.772588,-0.008943000000000001,AUT,SGP,7788
1884544,16,192,1313,2006.0,0.0,15750.0,-0.949606,-1.099346,AZE,SGP,7788
1884545,18,192,1313,2006.0,3872268.0,1776286.0,1.234224,1.308065,BEL,SGP,7788
1884546,22,192,1313,2006.0,11360.0,2791331.0,-0.776517,-0.874408,BGD,SGP,7788
1884547,23,192,1313,2006.0,4971.0,56455.0,0.490234,1.581841,BGR,SGP,7788
1884548,24,192,1313,2006.0,9194.0,466915.0,-0.220239,-1.07936,BHR,SGP,7788
1884549,26,192,1313,2006.0,0.0,10053.0,0.543053,0.68971,BIH,SGP,7788
1884550,28,192,1313,2006.0,4962.0,1134.0,0.948306,0.702786,BLR,SGP,7788
1884551,31,192,1313,2006.0,0.0,6062.0,-0.9174540000000001,-0.8314729999999999,BOL,SGP,7788
1884552,32,192,1313,2006.0,3489119.0,10587975.0,0.622959,1.413527,BRA,SGP,7788
1884553,33,192,1313,2006.0,7403.0,0.0,0.689051,0.416818,BRB,SGP,7788
1884554,34,192,1313,2006.0,82393.0,3354247.0,-0.933665,-0.929327,BRN,SGP,7788
1884555,35,192,1313,2006.0,0.0,9520.0,-0.041116,-0.547545,BTN,SGP,7788
1884556,37,192,1313,2006.0,0.0,15932.0,-0.958566,-1.202559,BWA,SGP,7788
1884557,39,192,1313,2006.0,5901830.0,1551008.0,0.806511,1.466573,CAN,SGP,7788
1884558,41,192,1313,2006.0,14398744.0,2380864.0,2.038668,0.46319,CHE,SGP,7788
1884559,42,192,1313,2006.0,0.0,209478.0,-0.193151,-0.46637,CHL,SGP,7788
1884560,43,192,1313,2006.0,200940624.0,178099424.0,0.842242,1.7392740000000002,CHN,SGP,7788
1884561,44,192,1313,2006.0,0.0,4664.0,-0.9293,-0.853074,CIV,SGP,7788
1884562,45,192,1313,2006.0,0.0,7446.0,-1.570753,-1.22499,CMR,SGP,7788
1884563,49,192,1313,2006.0,0.0,12480.0,0.162228,0.550616,COL,SGP,7788
1884564,50,192,1313,2006.0,0.0,3248.0,0.007926,-0.792838,COM,SGP,7788
1884565,52,192,1313,2006.0,928220.0,23464.0,0.07128999999999999,-0.24274400000000002,CRI,SGP,7788
1884566,54,192,1313,2006.0,0.0,43417.0,0.207314,-0.473224,CUB,SGP,7788
1884567,58,192,1313,2006.0,0.0,17143.0,0.728916,0.023954,CYP,SGP,7788
1884568,59,192,1313,2006.0,36070344.0,5005839.0,1.6478549999999998,0.095131,CZE,SGP,7788
1884569,61,192,1313,2006.0,66714204.0,67600384.0,2.135679,-2.933329,DEU,SGP,7788
1884570,62,192,1313,2006.0,0.0,55757.0,-0.360761,-0.261373,DJI,SGP,7788
1884571,64,192,1313,2006.0,1769455.0,721617.0,1.25209,1.133206,DNK,SGP,7788
1884572,65,192,1313,2006.0,953520.0,0.0,0.044542,0.178998,DOM,SGP,7788
1884573,66,192,1313,2006.0,0.0,46106.0,-1.079717,-1.153102,DZA,SGP,7788
1884574,67,192,1313,2006.0,1131.0,2360.0,-0.9617209999999999,-0.936366,ECU,SGP,7788
1884575,68,192,1313,2006.0,0.0,911276.0,-0.305058,0.294265,EGY,SGP,7788
1884576,71,192,1313,2006.0,2547861.0,1101968.0,0.9909459999999999,1.785809,ESP,SGP,7788
1884577,72,192,1313,2006.0,59191.0,87478.0,0.737979,1.1881950000000001,EST,SGP,7788
1884578,73,192,1313,2006.0,0.0,1055.0,-1.129189,-0.953627,ETH,SGP,7788
1884579,74,192,1313,2006.0,11792297.0,4338884.0,1.8630220000000002,0.87172,FIN,SGP,7788
1884580,75,192,1313,2006.0,0.0,639533.0,-0.527165,-0.17746900000000002,FJI,SGP,7788
1884581,77,192,1313,2006.0,15313526.0,5916146.0,1.499686,0.16705699999999998,FRA,SGP,7788
1884582,79,192,1313,2006.0,0.0,21720.0,-0.787116,-0.9517690000000001,FSM,SGP,7788
1884583,80,192,1313,2006.0,0.0,4075.0,-1.2162620000000002,-1.141485,GAB,SGP,7788
1884584,81,192,1313,2006.0,51797220.0,13676281.0,1.8509779999999998,0.674074,GBR,SGP,7788
1884585,83,192,1313,2006.0,0.0,31545.0,-0.9211739999999999,-0.738322,GHA,SGP,7788
1884586,85,192,1313,2006.0,0.0,5012.0,-1.526825,-1.191811,GIN,SGP,7788
1884587,90,192,1313,2006.0,14250.0,120023.0,0.183748,1.582167,GRC,SGP,7788
1884588,95,192,1313,2006.0,312070.0,45455.0,0.29584299999999997,-0.324191,GUM,SGP,7788
1884589,96,192,1313,2006.0,0.0,9295.0,-0.637993,-0.880094,GUY,SGP,7788
1884590,97,192,1313,2006.0,64289920.0,246093984.0,0.63347,1.276634,HKG,SGP,7788
1884591,100,192,1313,2006.0,16381.0,19747.0,0.866511,1.217552,HRV,SGP,7788
1884592,102,192,1313,2006.0,1564750.0,9105512.0,1.469539,0.8546090000000001,HUN,SGP,7788
1884593,103,192,1313,2006.0,203529392.0,151735040.0,0.0036969999999999998,1.703498,IDN,SGP,7788
1884594,104,192,1313,2006.0,12091471.0,51752112.0,0.202078,2.594677,IND,SGP,7788
1884595,106,192,1313,2006.0,2789386.0,5364472.0,1.501322,0.161375,IRL,SGP,7788
1884596,107,192,1313,2006.0,14261.0,3061204.0,-0.755814,-0.9279059999999999,IRN,SGP,7788
1884597,110,192,1313,2006.0,34560352.0,4108446.0,1.286738,0.8783610000000001,ISR,SGP,7788
1884598,111,192,1313,2006.0,14856126.0,3729570.0,1.416017,0.161859,ITA,SGP,7788
1884599,113,192,1313,2006.0,0.0,8888.0,0.31143899999999997,0.428361,JOR,SGP,7788
1884600,114,192,1313,2006.0,740631488.0,65204164.0,2.442213,-0.046222000000000006,JPN,SGP,7788
1884601,115,192,1313,2006.0,1940.0,58088.0,-0.18694000000000002,-0.468758,KAZ,SGP,7788
1884602,116,192,1313,2006.0,0.0,85137.0,-0.402762,0.89869,KEN,SGP,7788
1884603,118,192,1313,2006.0,0.0,635679.0,-0.841936,-1.038648,KHM,SGP,7788
1884604,121,192,1313,2006.0,239425888.0,164898224.0,1.588589,0.799507,KOR,SGP,7788
1884605,122,192,1313,2006.0,7099.0,944653.0,-1.506818,-1.193717,KWT,SGP,7788
1884606,123,192,1313,2006.0,0.0,5312.0,-0.8422700000000001,-1.000073,LAO,SGP,7788
1884607,124,192,1313,2006.0,0.0,446354.0,0.450113,1.7365119999999998,LBN,SGP,7788
1884608,126,192,1313,2006.0,0.0,102171.0,-0.7543529999999999,-1.123674,LBY,SGP,7788
1884609,128,192,1313,2006.0,31361.0,2531458.0,-0.37725,0.245153,LKA,SGP,7788
1884610,130,192,1313,2006.0,47238.0,9010.0,0.553669,1.252767,LTU,SGP,7788
1884611,131,192,1313,2006.0,21804.0,12952478.0,1.285123,0.999081,LUX,SGP,7788
1884612,132,192,1313,2006.0,31673.0,153156.0,0.548453,1.027836,LVA,SGP,7788
1884613,133,192,1313,2006.0,245084.0,129849.0,0.120923,-0.266158,MAC,SGP,7788
1884614,134,192,1313,2006.0,408930.0,4321394.0,-0.41821499999999995,0.175231,MAR,SGP,7788
1884615,136,192,1313,2006.0,0.0,44128.0,-0.772571,-0.521647,MDG,SGP,7788
1884616,137,192,1313,2006.0,2647.0,1089626.0,-0.21327600000000002,-0.8216959999999999,MDV,SGP,7788
1884617,138,192,1313,2006.0,6439800.0,19473656.0,1.2996729999999999,0.655941,MEX,SGP,7788
1884618,139,192,1313,2006.0,18092.0,2538.0,-0.932843,-0.956528,MHL,SGP,7788
1884619,142,192,1313,2006.0,40804.0,8877209.0,1.5366819999999999,0.301101,MLT,SGP,7788
1884620,143,192,1313,2006.0,0.0,1094136.0,-1.203184,-1.081708,MMR,SGP,7788
1884621,145,192,1313,2006.0,6257.0,53310.0,-0.806932,-1.01265,MNG,SGP,7788
1884622,146,192,1313,2006.0,0.0,5614.0,0.349612,-0.233961,MNP,SGP,7788
1884623,151,192,1313,2006.0,0.0,428559.0,-0.214308,-0.140502,MUS,SGP,7788
1884624,153,192,1313,2006.0,233130608.0,509759232.0,0.9497270000000001,0.324179,MYS,SGP,7788
1884625,156,192,1313,2006.0,0.0,30783.0,-0.42703900000000006,-0.840608,NCL,SGP,7788
1884626,159,192,1313,2006.0,0.0,761270.0,-2.088278,-1.224464,NGA,SGP,7788
1884627,162,192,1313,2006.0,12118839.0,19063108.0,1.115718,1.4743680000000001,NLD,SGP,7788
1884628,163,192,1313,2006.0,5403536.0,913545.0,0.621685,-0.280378,NOR,SGP,7788
1884629,164,192,1313,2006.0,0.0,26634.0,-0.0014349999999999999,0.804425,NPL,SGP,7788
1884630,166,192,1313,2006.0,4953712.0,6587116.0,0.40442100000000003,0.821033,NZL,SGP,7788
1884631,167,192,1313,2006.0,1780.0,16406.0,-0.871816,-1.184985,OMN,SGP,7788
1884632,168,192,1313,2006.0,2105.0,1599596.0,-0.500494,0.334983,PAK,SGP,7788
1884633,169,192,1313,2006.0,0.0,48961.0,0.511845,0.7560560000000001,PAN,SGP,7788
1884634,173,192,1313,2006.0,5742.0,27154.0,-0.523516,-0.15574100000000002,PER,SGP,7788
1884635,174,192,1313,2006.0,31290102.0,83049440.0,0.32715,-0.15929200000000002,PHL,SGP,7788
1884636,176,192,1313,2006.0,8841.0,200938.0,-1.754684,-1.235725,PNG,SGP,7788
1884637,177,192,1313,2006.0,80607.0,2836968.0,1.0576860000000001,1.283664,POL,SGP,7788
1884638,178,192,1313,2006.0,0.0,12013.0,0.649384,1.069006,PRK,SGP,7788
1884639,179,192,1313,2006.0,26136974.0,636197.0,0.695569,1.7476200000000002,PRT,SGP,7788
1884640,182,192,1313,2006.0,5883.0,17008.0,-0.2789,-0.847551,PYF,SGP,7788
1884641,183,192,1313,2006.0,23641.0,4745647.0,-0.467699,-1.062471,QAT,SGP,7788
1884642,185,192,1313,2006.0,284767.0,445959.0,0.733232,1.2149,ROU,SGP,7788
1884643,186,192,1313,2006.0,222166.0,429110.0,0.311252,-0.093895,RUS,SGP,7788
1884644,188,192,1313,2006.0,0.0,1120492.0,-0.094152,-0.921106,SAU,SGP,7788
1884645,190,192,1313,2006.0,0.0,203003.0,-1.727355,-1.278714,SDN,SGP,7788
1884646,191,192,1313,2006.0,174286.0,0.0,-0.548758,-0.152572,SEN,SGP,7788
1884647,195,192,1313,2006.0,0.0,4465.0,-1.1616959999999998,-1.026145,SLB,SGP,7788
1884648,197,192,1313,2006.0,8591886.0,1427.0,-0.127317,0.189904,SLV,SGP,7788
1884649,201,192,1313,2006.0,0.0,41673.0,0.581078,1.5831600000000001,SRB,SGP,7788
1884650,206,192,1313,2006.0,458111.0,2281659.0,1.3569950000000002,0.8663290000000001,SVK,SGP,7788
1884651,207,192,1313,2006.0,150182.0,263313.0,1.562187,0.612624,SVN,SGP,7788
1884652,208,192,1313,2006.0,4912508.0,6733038.0,1.921461,0.478688,SWE,SGP,7788
1884653,211,192,1313,2006.0,0.0,266834.0,-0.45782,-0.822773,SYC,SGP,7788
1884654,212,192,1313,2006.0,0.0,3222.0,-0.49903100000000006,0.362867,SYR,SGP,7788
1884655,216,192,1313,2006.0,138226000.0,179680608.0,0.73283,1.419023,THA,SGP,7788
1884656,222,192,1313,2006.0,8235.0,37843.0,-0.346992,-1.03502,TTO,SGP,7788
1884657,223,192,1313,2006.0,3285.0,46714.0,0.140257,0.528918,TUN,SGP,7788
1884658,224,192,1313,2006.0,531741.0,2808513.0,0.41471,2.138217,TUR,SGP,7788
1884659,227,192,1313,2006.0,0.0,10191.0,-0.789284,-0.161216,UGA,SGP,7788
1884660,228,192,1313,2006.0,27109.0,96729.0,0.598325,1.225485,UKR,SGP,7788
1884661,230,192,1313,2006.0,0.0,10875.0,0.047764999999999995,0.23831100000000002,URY,SGP,7788
1884662,231,192,1313,2006.0,710178304.0,114571384.0,1.616918,-0.429924,USA,SGP,7788
1884663,236,192,1313,2006.0,2351.0,59954.0,-0.5559649999999999,-0.9988299999999999,VEN,SGP,7788
1884664,239,192,1313,2006.0,998718.0,25259622.0,-0.089404,0.986066,VNM,SGP,7788
1884665,240,192,1313,2006.0,0.0,1257.0,-0.960584,-0.971794,VUT,SGP,7788
1884666,242,192,1313,2006.0,0.0,39477.0,0.246788,-0.474416,WSM,SGP,7788
1884667,243,192,1313,2006.0,20863.0,130363.0,-1.070559,-1.1655389999999999,YEM,SGP,7788
1884668,246,192,1313,2006.0,338577.0,953498.0,0.18317,1.675934,ZAF,SGP,7788
1884669,247,192,1313,2006.0,0.0,21230.0,-0.8819040000000001,-0.990542,ZMB,SGP,7788
1884670,248,192,1313,2006.0,0.0,119046.0,-0.354477,-0.273037,ZWE,SGP,7788
1884671,249,192,1313,2006.0,107222832.0,36852864.0,1.6683169999999998,1.230621,TWN,SGP,7788
1884672,250,192,1313,2006.0,462601.0,2486581.0,0.202525,-0.46324499999999996,ANS,SGP,7788
1884673,4,201,1313,2006.0,4824.0,13510.0,-0.310731,-0.01222,ALB,SRB,7788
1884674,7,201,1313,2006.0,0.0,4281.0,-0.12063900000000001,-0.817929,ARE,SRB,7788
1884675,14,201,1313,2006.0,3643.0,87398.0,-0.183265,0.564314,AUS,SRB,7788
1884676,15,201,1313,2006.0,3593593.0,510345.0,1.772588,-0.008943000000000001,AUT,SRB,7788
1884677,18,201,1313,2006.0,1114843.0,24988.0,1.234224,1.308065,BEL,SRB,7788
1884678,23,201,1313,2006.0,1003958.0,27155.0,0.490234,1.581841,BGR,SRB,7788
1884679,26,201,1313,2006.0,252810.0,791175.0,0.543053,0.68971,BIH,SRB,7788
1884680,28,201,1313,2006.0,1652.0,0.0,0.948306,0.702786,BLR,SRB,7788
1884681,32,201,1313,2006.0,2660.0,0.0,0.622959,1.413527,BRA,SRB,7788
1884682,39,201,1313,2006.0,346804.0,12488.0,0.806511,1.466573,CAN,SRB,7788
1884683,41,201,1313,2006.0,636629.0,195926.0,2.038668,0.46319,CHE,SRB,7788
1884684,43,201,1313,2006.0,664808.0,5176.0,0.842242,1.7392740000000002,CHN,SRB,7788
1884685,58,201,1313,2006.0,17844.0,8278.0,0.728916,0.023954,CYP,SRB,7788
1884686,59,201,1313,2006.0,1057115.0,55318.0,1.6478549999999998,0.095131,CZE,SRB,7788
1884687,61,201,1313,2006.0,8274244.0,529732.0,2.135679,-2.933329,DEU,SRB,7788
1884688,64,201,1313,2006.0,165346.0,0.0,1.25209,1.133206,DNK,SRB,7788
1884689,65,201,1313,2006.0,35608.0,0.0,0.044542,0.178998,DOM,SRB,7788
1884690,71,201,1313,2006.0,458846.0,506377.0,0.9909459999999999,1.785809,ESP,SRB,7788
1884691,72,201,1313,2006.0,23497.0,0.0,0.737979,1.1881950000000001,EST,SRB,7788
1884692,74,201,1313,2006.0,8399.0,2270.0,1.8630220000000002,0.87172,FIN,SRB,7788
1884693,77,201,1313,2006.0,276039.0,311106.0,1.499686,0.16705699999999998,FRA,SRB,7788
1884694,81,201,1313,2006.0,701404.0,15532.0,1.8509779999999998,0.674074,GBR,SRB,7788
1884695,90,201,1313,2006.0,120147.0,2867.0,0.183748,1.582167,GRC,SRB,7788
1884696,97,201,1313,2006.0,424221.0,0.0,0.63347,1.276634,HKG,SRB,7788
1884697,100,201,1313,2006.0,1323114.0,309915.0,0.866511,1.217552,HRV,SRB,7788
1884698,102,201,1313,2006.0,958266.0,27316.0,1.469539,0.8546090000000001,HUN,SRB,7788
1884699,103,201,1313,2006.0,12899.0,0.0,0.0036969999999999998,1.703498,IDN,SRB,7788
1884700,104,201,1313,2006.0,2970.0,8762.0,0.202078,2.594677,IND,SRB,7788
1884701,106,201,1313,2006.0,50787.0,24147.0,1.501322,0.161375,IRL,SRB,7788
1884702,107,201,1313,2006.0,5870.0,0.0,-0.755814,-0.9279059999999999,IRN,SRB,7788
1884703,110,201,1313,2006.0,296870.0,3648.0,1.286738,0.8783610000000001,ISR,SRB,7788
1884704,111,201,1313,2006.0,3317182.0,102568.0,1.416017,0.161859,ITA,SRB,7788
1884705,114,201,1313,2006.0,96172.0,3157.0,2.442213,-0.046222000000000006,JPN,SRB,7788
1884706,121,201,1313,2006.0,178287.0,0.0,1.588589,0.799507,KOR,SRB,7788
1884707,124,201,1313,2006.0,0.0,3188.0,0.450113,1.7365119999999998,LBN,SRB,7788
1884708,126,201,1313,2006.0,0.0,26727.0,-0.7543529999999999,-1.123674,LBY,SRB,7788
1884709,130,201,1313,2006.0,6737.0,0.0,0.553669,1.252767,LTU,SRB,7788
1884710,131,201,1313,2006.0,6935.0,0.0,1.285123,0.999081,LUX,SRB,7788
1884711,138,201,1313,2006.0,73069.0,1234.0,1.2996729999999999,0.655941,MEX,SRB,7788
1884712,140,201,1313,2006.0,26142.0,155146.0,-0.098526,0.423279,MKD,SRB,7788
1884713,142,201,1313,2006.0,33588.0,0.0,1.5366819999999999,0.301101,MLT,SRB,7788
1884714,144,201,1313,2006.0,72968.0,925916.0,0.057147,-0.145592,MNE,SRB,7788
1884715,153,201,1313,2006.0,45620.0,0.0,0.9497270000000001,0.324179,MYS,SRB,7788
1884716,159,201,1313,2006.0,0.0,3458.0,-2.088278,-1.224464,NGA,SRB,7788
1884717,162,201,1313,2006.0,103569.0,0.0,1.115718,1.4743680000000001,NLD,SRB,7788
1884718,163,201,1313,2006.0,10210.0,1348.0,0.621685,-0.280378,NOR,SRB,7788
1884719,174,201,1313,2006.0,10230.0,0.0,0.32715,-0.15929200000000002,PHL,SRB,7788
1884720,177,201,1313,2006.0,162810.0,1800.0,1.0576860000000001,1.283664,POL,SRB,7788
1884721,178,201,1313,2006.0,14684.0,0.0,0.649384,1.069006,PRK,SRB,7788
1884722,179,201,1313,2006.0,38194.0,1057.0,0.695569,1.7476200000000002,PRT,SRB,7788
1884723,185,201,1313,2006.0,84694.0,29898.0,0.733232,1.2149,ROU,SRB,7788
1884724,186,201,1313,2006.0,484423.0,18504.0,0.311252,-0.093895,RUS,SRB,7788
1884725,188,201,1313,2006.0,0.0,1107.0,-0.094152,-0.921106,SAU,SRB,7788
1884726,192,201,1313,2006.0,41673.0,0.0,1.670134,0.43955600000000006,SGP,SRB,7788
1884727,206,201,1313,2006.0,60923.0,20717.0,1.3569950000000002,0.8663290000000001,SVK,SRB,7788
1884728,207,201,1313,2006.0,2694052.0,764552.0,1.562187,0.612624,SVN,SRB,7788
1884729,208,201,1313,2006.0,86230.0,87015.0,1.921461,0.478688,SWE,SRB,7788
1884730,216,201,1313,2006.0,3475.0,0.0,0.73283,1.419023,THA,SRB,7788
1884731,224,201,1313,2006.0,91835.0,0.0,0.41471,2.138217,TUR,SRB,7788
1884732,228,201,1313,2006.0,30235.0,10641.0,0.598325,1.225485,UKR,SRB,7788
1884733,231,201,1313,2006.0,821526.0,38190.0,1.616918,-0.429924,USA,SRB,7788
1884734,237,201,1313,2006.0,0.0,1192.0,0.937218,0.16353,VGB,SRB,7788
1884735,239,201,1313,2006.0,3752.0,0.0,-0.089404,0.986066,VNM,SRB,7788
1884736,246,201,1313,2006.0,0.0,1815.0,0.18317,1.675934,ZAF,SRB,7788
1884737,249,201,1313,2006.0,135010.0,0.0,1.6683169999999998,1.230621,TWN,SRB,7788
1884738,250,201,1313,2006.0,6866022.0,4210.0,0.202525,-0.46324499999999996,ANS,SRB,7788
1884739,7,206,1313,2006.0,1088.0,6481.0,-0.12063900000000001,-0.817929,ARE,SVK,7788
1884740,9,206,1313,2006.0,0.0,14280.0,-0.044726999999999996,-0.486043,ARM,SVK,7788
1884741,14,206,1313,2006.0,7635.0,13182.0,-0.183265,0.564314,AUS,SVK,7788
1884742,15,206,1313,2006.0,8772414.0,6012502.0,1.772588,-0.008943000000000001,AUT,SVK,7788
1884743,18,206,1313,2006.0,2145034.0,116261.0,1.234224,1.308065,BEL,SVK,7788
1884744,22,206,1313,2006.0,0.0,6959.0,-0.776517,-0.874408,BGD,SVK,7788
1884745,23,206,1313,2006.0,620028.0,461204.0,0.490234,1.581841,BGR,SVK,7788
1884746,26,206,1313,2006.0,0.0,3847.0,0.543053,0.68971,BIH,SVK,7788
1884747,28,206,1313,2006.0,15177.0,17143.0,0.948306,0.702786,BLR,SVK,7788
1884748,32,206,1313,2006.0,199091.0,27637.0,0.622959,1.413527,BRA,SVK,7788
1884749,39,206,1313,2006.0,549791.0,14539.0,0.806511,1.466573,CAN,SVK,7788
1884750,41,206,1313,2006.0,1993141.0,791197.0,2.038668,0.46319,CHE,SVK,7788
1884751,42,206,1313,2006.0,0.0,5060.0,-0.193151,-0.46637,CHL,SVK,7788
1884752,43,206,1313,2006.0,6303018.0,486460.0,0.842242,1.7392740000000002,CHN,SVK,7788
1884753,49,206,1313,2006.0,0.0,11704.0,0.162228,0.550616,COL,SVK,7788
1884754,54,206,1313,2006.0,2695.0,0.0,0.207314,-0.473224,CUB,SVK,7788
1884755,59,206,1313,2006.0,36449084.0,11954770.0,1.6478549999999998,0.095131,CZE,SVK,7788
1884756,61,206,1313,2006.0,330903072.0,23920694.0,2.135679,-2.933329,DEU,SVK,7788
1884757,64,206,1313,2006.0,251171.0,89597.0,1.25209,1.133206,DNK,SVK,7788
1884758,65,206,1313,2006.0,16365.0,0.0,0.044542,0.178998,DOM,SVK,7788
1884759,68,206,1313,2006.0,3861.0,44275.0,-0.305058,0.294265,EGY,SVK,7788
1884760,71,206,1313,2006.0,6445411.0,129414.0,0.9909459999999999,1.785809,ESP,SVK,7788
1884761,72,206,1313,2006.0,0.0,38096.0,0.737979,1.1881950000000001,EST,SVK,7788
1884762,73,206,1313,2006.0,0.0,6575.0,-1.129189,-0.953627,ETH,SVK,7788
1884763,74,206,1313,2006.0,188236.0,8175.0,1.8630220000000002,0.87172,FIN,SVK,7788
1884764,77,206,1313,2006.0,4833533.0,1560266.0,1.499686,0.16705699999999998,FRA,SVK,7788
1884765,81,206,1313,2006.0,3342103.0,944301.0,1.8509779999999998,0.674074,GBR,SVK,7788
1884766,90,206,1313,2006.0,1134.0,1100845.0,0.183748,1.582167,GRC,SVK,7788
1884767,97,206,1313,2006.0,545916.0,150845.0,0.63347,1.276634,HKG,SVK,7788
1884768,100,206,1313,2006.0,34989.0,41276.0,0.866511,1.217552,HRV,SVK,7788
1884769,102,206,1313,2006.0,10342551.0,4330362.0,1.469539,0.8546090000000001,HUN,SVK,7788
1884770,103,206,1313,2006.0,838255.0,4458.0,0.0036969999999999998,1.703498,IDN,SVK,7788
1884771,104,206,1313,2006.0,98034.0,36647.0,0.202078,2.594677,IND,SVK,7788
1884772,106,206,1313,2006.0,1346709.0,1083.0,1.501322,0.161375,IRL,SVK,7788
1884773,109,206,1313,2006.0,0.0,4927.0,0.06816699999999999,-0.36412,ISL,SVK,7788
1884774,110,206,1313,2006.0,1003467.0,97755.0,1.286738,0.8783610000000001,ISR,SVK,7788
1884775,111,206,1313,2006.0,12545511.0,4289918.0,1.416017,0.161859,ITA,SVK,7788
1884776,112,206,1313,2006.0,1184.0,0.0,-0.280417,-0.9436829999999999,JAM,SVK,7788
1884777,114,206,1313,2006.0,10204503.0,364410.0,2.442213,-0.046222000000000006,JPN,SVK,7788
1884778,115,206,1313,2006.0,0.0,80885.0,-0.18694000000000002,-0.468758,KAZ,SVK,7788
1884779,121,206,1313,2006.0,6885950.0,178010.0,1.588589,0.799507,KOR,SVK,7788
1884780,122,206,1313,2006.0,0.0,4510.0,-1.506818,-1.193717,KWT,SVK,7788
1884781,126,206,1313,2006.0,0.0,3898.0,-0.7543529999999999,-1.123674,LBY,SVK,7788
1884782,130,206,1313,2006.0,10353.0,890695.0,0.553669,1.252767,LTU,SVK,7788
1884783,131,206,1313,2006.0,51293.0,0.0,1.285123,0.999081,LUX,SVK,7788
1884784,132,206,1313,2006.0,0.0,362371.0,0.548453,1.027836,LVA,SVK,7788
1884785,134,206,1313,2006.0,2943.0,0.0,-0.41821499999999995,0.175231,MAR,SVK,7788
1884786,135,206,1313,2006.0,0.0,15453.0,0.043632,0.21129299999999998,MDA,SVK,7788
1884787,138,206,1313,2006.0,280660.0,184152.0,1.2996729999999999,0.655941,MEX,SVK,7788
1884788,140,206,1313,2006.0,0.0,8902.0,-0.098526,0.423279,MKD,SVK,7788
1884789,142,206,1313,2006.0,0.0,8690.0,1.5366819999999999,0.301101,MLT,SVK,7788
1884790,153,206,1313,2006.0,2719025.0,61384.0,0.9497270000000001,0.324179,MYS,SVK,7788
1884791,162,206,1313,2006.0,7350885.0,47615.0,1.115718,1.4743680000000001,NLD,SVK,7788
1884792,163,206,1313,2006.0,30204.0,463279.0,0.621685,-0.280378,NOR,SVK,7788
1884793,166,206,1313,2006.0,35785.0,22879.0,0.40442100000000003,0.821033,NZL,SVK,7788
1884794,174,206,1313,2006.0,8027.0,214650.0,0.32715,-0.15929200000000002,PHL,SVK,7788
1884795,177,206,1313,2006.0,5862066.0,1701021.0,1.0576860000000001,1.283664,POL,SVK,7788
1884796,179,206,1313,2006.0,24473.0,9241.0,0.695569,1.7476200000000002,PRT,SVK,7788
1884797,185,206,1313,2006.0,4837845.0,358029.0,0.733232,1.2149,ROU,SVK,7788
1884798,186,206,1313,2006.0,3088644.0,291856.0,0.311252,-0.093895,RUS,SVK,7788
1884799,188,206,1313,2006.0,1421.0,12014.0,-0.094152,-0.921106,SAU,SVK,7788
1884800,192,206,1313,2006.0,2281659.0,458111.0,1.670134,0.43955600000000006,SGP,SVK,7788
1884801,197,206,1313,2006.0,2276.0,0.0,-0.127317,0.189904,SLV,SVK,7788
1884802,201,206,1313,2006.0,20717.0,60923.0,0.581078,1.5831600000000001,SRB,SVK,7788
1884803,207,206,1313,2006.0,1472552.0,1319244.0,1.562187,0.612624,SVN,SVK,7788
1884804,208,206,1313,2006.0,842441.0,2581400.0,1.921461,0.478688,SWE,SVK,7788
1884805,212,206,1313,2006.0,0.0,9366.0,-0.49903100000000006,0.362867,SYR,SVK,7788
1884806,216,206,1313,2006.0,889989.0,109222.0,0.73283,1.419023,THA,SVK,7788
1884807,224,206,1313,2006.0,20758.0,105954.0,0.41471,2.138217,TUR,SVK,7788
1884808,228,206,1313,2006.0,24707.0,2461231.0,0.598325,1.225485,UKR,SVK,7788
1884809,231,206,1313,2006.0,2482219.0,427195.0,1.616918,-0.429924,USA,SVK,7788
1884810,237,206,1313,2006.0,0.0,1890.0,0.937218,0.16353,VGB,SVK,7788
1884811,239,206,1313,2006.0,4166.0,0.0,-0.089404,0.986066,VNM,SVK,7788
1884812,243,206,1313,2006.0,0.0,287750.0,-1.070559,-1.1655389999999999,YEM,SVK,7788
1884813,246,206,1313,2006.0,21604.0,7312.0,0.18317,1.675934,ZAF,SVK,7788
1884814,249,206,1313,2006.0,229529152.0,76147.0,1.6683169999999998,1.230621,TWN,SVK,7788
1884815,250,206,1313,2006.0,25389992.0,5969.0,0.202525,-0.46324499999999996,ANS,SVK,7788
1884816,4,207,1313,2006.0,0.0,9210.0,-0.310731,-0.01222,ALB,SVN,7788
1884817,6,207,1313,2006.0,0.0,4716.0,0.0063100000000000005,-0.61161,ANT,SVN,7788
1884818,7,207,1313,2006.0,0.0,7824.0,-0.12063900000000001,-0.817929,ARE,SVN,7788
1884819,8,207,1313,2006.0,2999.0,3981.0,0.076917,1.06231,ARG,SVN,7788
1884820,9,207,1313,2006.0,0.0,4257.0,-0.044726999999999996,-0.486043,ARM,SVN,7788
1884821,14,207,1313,2006.0,28380.0,38966.0,-0.183265,0.564314,AUS,SVN,7788
1884822,15,207,1313,2006.0,13101843.0,1783090.0,1.772588,-0.008943000000000001,AUT,SVN,7788
1884823,18,207,1313,2006.0,2614355.0,123509.0,1.234224,1.308065,BEL,SVN,7788
1884824,19,207,1313,2006.0,6978.0,0.0,-1.093919,-0.9748319999999999,BEN,SVN,7788
1884825,23,207,1313,2006.0,89116.0,50754.0,0.490234,1.581841,BGR,SVN,7788
1884826,26,207,1313,2006.0,117434.0,2371751.0,0.543053,0.68971,BIH,SVN,7788
1884827,28,207,1313,2006.0,0.0,1016406.0,0.948306,0.702786,BLR,SVN,7788
1884828,32,207,1313,2006.0,50857.0,241740.0,0.622959,1.413527,BRA,SVN,7788
1884829,39,207,1313,2006.0,241908.0,64575.0,0.806511,1.466573,CAN,SVN,7788
1884830,41,207,1313,2006.0,580730.0,2507506.0,2.038668,0.46319,CHE,SVN,7788
1884831,43,207,1313,2006.0,2516050.0,4002723.0,0.842242,1.7392740000000002,CHN,SVN,7788
1884832,49,207,1313,2006.0,0.0,72576.0,0.162228,0.550616,COL,SVN,7788
1884833,52,207,1313,2006.0,2872.0,0.0,0.07128999999999999,-0.24274400000000002,CRI,SVN,7788
1884834,59,207,1313,2006.0,676654.0,3416522.0,1.6478549999999998,0.095131,CZE,SVN,7788
1884835,61,207,1313,2006.0,28319118.0,21519170.0,2.135679,-2.933329,DEU,SVN,7788
1884836,64,207,1313,2006.0,303443.0,94504.0,1.25209,1.133206,DNK,SVN,7788
1884837,65,207,1313,2006.0,15784.0,0.0,0.044542,0.178998,DOM,SVN,7788
1884838,66,207,1313,2006.0,0.0,3723.0,-1.079717,-1.153102,DZA,SVN,7788
1884839,67,207,1313,2006.0,0.0,24104.0,-0.9617209999999999,-0.936366,ECU,SVN,7788
1884840,68,207,1313,2006.0,0.0,136784.0,-0.305058,0.294265,EGY,SVN,7788
1884841,71,207,1313,2006.0,1275624.0,2703931.0,0.9909459999999999,1.785809,ESP,SVN,7788
1884842,72,207,1313,2006.0,24532.0,16285.0,0.737979,1.1881950000000001,EST,SVN,7788
1884843,74,207,1313,2006.0,232043.0,240509.0,1.8630220000000002,0.87172,FIN,SVN,7788
1884844,77,207,1313,2006.0,3786675.0,2298858.0,1.499686,0.16705699999999998,FRA,SVN,7788
1884845,81,207,1313,2006.0,3846275.0,2066121.0,1.8509779999999998,0.674074,GBR,SVN,7788
1884846,82,207,1313,2006.0,0.0,15086.0,-0.152929,-0.438435,GEO,SVN,7788
1884847,90,207,1313,2006.0,14421.0,42797.0,0.183748,1.582167,GRC,SVN,7788
1884848,93,207,1313,2006.0,0.0,2014.0,-0.179628,0.671552,GTM,SVN,7788
1884849,97,207,1313,2006.0,558282.0,3861892.0,0.63347,1.276634,HKG,SVN,7788
1884850,100,207,1313,2006.0,482826.0,3128911.0,0.866511,1.217552,HRV,SVN,7788
1884851,102,207,1313,2006.0,766191.0,819547.0,1.469539,0.8546090000000001,HUN,SVN,7788
1884852,103,207,1313,2006.0,75009.0,5648.0,0.0036969999999999998,1.703498,IDN,SVN,7788
1884853,104,207,1313,2006.0,372614.0,1835884.0,0.202078,2.594677,IND,SVN,7788
1884854,106,207,1313,2006.0,1689707.0,10011.0,1.501322,0.161375,IRL,SVN,7788
1884855,107,207,1313,2006.0,0.0,1176378.0,-0.755814,-0.9279059999999999,IRN,SVN,7788
1884856,109,207,1313,2006.0,0.0,3614.0,0.06816699999999999,-0.36412,ISL,SVN,7788
1884857,110,207,1313,2006.0,621804.0,54229.0,1.286738,0.8783610000000001,ISR,SVN,7788
1884858,111,207,1313,2006.0,8030452.0,7808828.0,1.416017,0.161859,ITA,SVN,7788
1884859,113,207,1313,2006.0,0.0,2948.0,0.31143899999999997,0.428361,JOR,SVN,7788
1884860,114,207,1313,2006.0,564016.0,51039.0,2.442213,-0.046222000000000006,JPN,SVN,7788
1884861,115,207,1313,2006.0,0.0,38211.0,-0.18694000000000002,-0.468758,KAZ,SVN,7788
1884862,121,207,1313,2006.0,455561.0,32037.0,1.588589,0.799507,KOR,SVN,7788
1884863,124,207,1313,2006.0,0.0,31820.0,0.450113,1.7365119999999998,LBN,SVN,7788
1884864,130,207,1313,2006.0,148753.0,20551.0,0.553669,1.252767,LTU,SVN,7788
1884865,131,207,1313,2006.0,48079.0,0.0,1.285123,0.999081,LUX,SVN,7788
1884866,132,207,1313,2006.0,0.0,20445.0,0.548453,1.027836,LVA,SVN,7788
1884867,134,207,1313,2006.0,0.0,393484.0,-0.41821499999999995,0.175231,MAR,SVN,7788
1884868,135,207,1313,2006.0,0.0,1488.0,0.043632,0.21129299999999998,MDA,SVN,7788
1884869,138,207,1313,2006.0,75383.0,139506.0,1.2996729999999999,0.655941,MEX,SVN,7788
1884870,140,207,1313,2006.0,1163.0,556943.0,-0.098526,0.423279,MKD,SVN,7788
1884871,142,207,1313,2006.0,0.0,2439.0,1.5366819999999999,0.301101,MLT,SVN,7788
1884872,144,207,1313,2006.0,0.0,193892.0,0.057147,-0.145592,MNE,SVN,7788
1884873,153,207,1313,2006.0,59216.0,164681.0,0.9497270000000001,0.324179,MYS,SVN,7788
1884874,162,207,1313,2006.0,1728494.0,412673.0,1.115718,1.4743680000000001,NLD,SVN,7788
1884875,163,207,1313,2006.0,18116.0,15314.0,0.621685,-0.280378,NOR,SVN,7788
1884876,166,207,1313,2006.0,5235.0,10367.0,0.40442100000000003,0.821033,NZL,SVN,7788
1884877,168,207,1313,2006.0,0.0,39416.0,-0.500494,0.334983,PAK,SVN,7788
1884878,173,207,1313,2006.0,0.0,10617.0,-0.523516,-0.15574100000000002,PER,SVN,7788
1884879,174,207,1313,2006.0,77897.0,0.0,0.32715,-0.15929200000000002,PHL,SVN,7788
1884880,177,207,1313,2006.0,667186.0,2562966.0,1.0576860000000001,1.283664,POL,SVN,7788
1884881,178,207,1313,2006.0,103515.0,0.0,0.649384,1.069006,PRK,SVN,7788
1884882,179,207,1313,2006.0,179012.0,404327.0,0.695569,1.7476200000000002,PRT,SVN,7788
1884883,183,207,1313,2006.0,0.0,5393.0,-0.467699,-1.062471,QAT,SVN,7788
1884884,185,207,1313,2006.0,72827.0,170773.0,0.733232,1.2149,ROU,SVN,7788
1884885,186,207,1313,2006.0,363054.0,193417.0,0.311252,-0.093895,RUS,SVN,7788
1884886,188,207,1313,2006.0,0.0,100020.0,-0.094152,-0.921106,SAU,SVN,7788
1884887,192,207,1313,2006.0,263313.0,150182.0,1.670134,0.43955600000000006,SGP,SVN,7788
1884888,197,207,1313,2006.0,6644.0,0.0,-0.127317,0.189904,SLV,SVN,7788
1884889,201,207,1313,2006.0,764552.0,2694052.0,0.581078,1.5831600000000001,SRB,SVN,7788
1884890,206,207,1313,2006.0,1319244.0,1472552.0,1.3569950000000002,0.8663290000000001,SVK,SVN,7788
1884891,208,207,1313,2006.0,2114016.0,623189.0,1.921461,0.478688,SWE,SVN,7788
1884892,216,207,1313,2006.0,62682.0,720867.0,0.73283,1.419023,THA,SVN,7788
1884893,223,207,1313,2006.0,4023.0,186135.0,0.140257,0.528918,TUN,SVN,7788
1884894,224,207,1313,2006.0,29919.0,4978470.0,0.41471,2.138217,TUR,SVN,7788
1884895,228,207,1313,2006.0,1627.0,28396.0,0.598325,1.225485,UKR,SVN,7788
1884896,231,207,1313,2006.0,1260346.0,783323.0,1.616918,-0.429924,USA,SVN,7788
1884897,239,207,1313,2006.0,9203.0,0.0,-0.089404,0.986066,VNM,SVN,7788
1884898,246,207,1313,2006.0,39179.0,163904.0,0.18317,1.675934,ZAF,SVN,7788
1884899,249,207,1313,2006.0,714054.0,1766828.0,1.6683169999999998,1.230621,TWN,SVN,7788
1884900,250,207,1313,2006.0,2025009.0,0.0,0.202525,-0.46324499999999996,ANS,SVN,7788
1884901,7,212,1313,2006.0,7891.0,0.0,-0.12063900000000001,-0.817929,ARE,SYR,7788
1884902,8,212,1313,2006.0,74716.0,0.0,0.076917,1.06231,ARG,SYR,7788
1884903,14,212,1313,2006.0,11940.0,0.0,-0.183265,0.564314,AUS,SYR,7788
1884904,15,212,1313,2006.0,15347.0,0.0,1.772588,-0.008943000000000001,AUT,SYR,7788
1884905,18,212,1313,2006.0,43728.0,0.0,1.234224,1.308065,BEL,SYR,7788
1884906,23,212,1313,2006.0,18723.0,0.0,0.490234,1.581841,BGR,SYR,7788
1884907,32,212,1313,2006.0,4396.0,0.0,0.622959,1.413527,BRA,SYR,7788
1884908,39,212,1313,2006.0,87004.0,0.0,0.806511,1.466573,CAN,SYR,7788
1884909,41,212,1313,2006.0,348129.0,0.0,2.038668,0.46319,CHE,SYR,7788
1884910,43,212,1313,2006.0,9490281.0,0.0,0.842242,1.7392740000000002,CHN,SYR,7788
1884911,58,212,1313,2006.0,10074.0,0.0,0.728916,0.023954,CYP,SYR,7788
1884912,59,212,1313,2006.0,749268.0,0.0,1.6478549999999998,0.095131,CZE,SYR,7788
1884913,61,212,1313,2006.0,2528300.0,8244.0,2.135679,-2.933329,DEU,SYR,7788
1884914,64,212,1313,2006.0,14395.0,0.0,1.25209,1.133206,DNK,SYR,7788
1884915,68,212,1313,2006.0,12730.0,17924.0,-0.305058,0.294265,EGY,SYR,7788
1884916,71,212,1313,2006.0,217022.0,0.0,0.9909459999999999,1.785809,ESP,SYR,7788
1884917,72,212,1313,2006.0,0.0,2393.0,0.737979,1.1881950000000001,EST,SYR,7788
1884918,77,212,1313,2006.0,7326398.0,0.0,1.499686,0.16705699999999998,FRA,SYR,7788
1884919,81,212,1313,2006.0,1057319.0,17794.0,1.8509779999999998,0.674074,GBR,SYR,7788
1884920,90,212,1313,2006.0,5872.0,0.0,0.183748,1.582167,GRC,SYR,7788
1884921,97,212,1313,2006.0,245169.0,0.0,0.63347,1.276634,HKG,SYR,7788
1884922,100,212,1313,2006.0,3127.0,0.0,0.866511,1.217552,HRV,SYR,7788
1884923,102,212,1313,2006.0,582520.0,0.0,1.469539,0.8546090000000001,HUN,SYR,7788
1884924,104,212,1313,2006.0,797684.0,0.0,0.202078,2.594677,IND,SYR,7788
1884925,107,212,1313,2006.0,1264119.0,0.0,-0.755814,-0.9279059999999999,IRN,SYR,7788
1884926,108,212,1313,2006.0,0.0,317097.0,-2.3271330000000003,-0.992934,IRQ,SYR,7788
1884927,111,212,1313,2006.0,1415348.0,2085.0,1.416017,0.161859,ITA,SYR,7788
1884928,113,212,1313,2006.0,60249.0,40261.0,0.31143899999999997,0.428361,JOR,SYR,7788
1884929,114,212,1313,2006.0,123468.0,0.0,2.442213,-0.046222000000000006,JPN,SYR,7788
1884930,121,212,1313,2006.0,345455.0,2045.0,1.588589,0.799507,KOR,SYR,7788
1884931,122,212,1313,2006.0,0.0,3779.0,-1.506818,-1.193717,KWT,SYR,7788
1884932,124,212,1313,2006.0,192770.0,1627.0,0.450113,1.7365119999999998,LBN,SYR,7788
1884933,138,212,1313,2006.0,0.0,12023.0,1.2996729999999999,0.655941,MEX,SYR,7788
1884934,153,212,1313,2006.0,1892.0,4172.0,0.9497270000000001,0.324179,MYS,SYR,7788
1884935,162,212,1313,2006.0,108271.0,3188.0,1.115718,1.4743680000000001,NLD,SYR,7788
1884936,163,212,1313,2006.0,12689.0,1197.0,0.621685,-0.280378,NOR,SYR,7788
1884937,167,212,1313,2006.0,0.0,1816.0,-0.871816,-1.184985,OMN,SYR,7788
1884938,174,212,1313,2006.0,3646.0,0.0,0.32715,-0.15929200000000002,PHL,SYR,7788
1884939,177,212,1313,2006.0,543677.0,0.0,1.0576860000000001,1.283664,POL,SYR,7788
1884940,183,212,1313,2006.0,0.0,2560.0,-0.467699,-1.062471,QAT,SYR,7788
1884941,185,212,1313,2006.0,1011.0,0.0,0.733232,1.2149,ROU,SYR,7788
1884942,186,212,1313,2006.0,317809.0,1283.0,0.311252,-0.093895,RUS,SYR,7788
1884943,188,212,1313,2006.0,956245.0,0.0,-0.094152,-0.921106,SAU,SYR,7788
1884944,190,212,1313,2006.0,0.0,4684.0,-1.727355,-1.278714,SDN,SYR,7788
1884945,192,212,1313,2006.0,3222.0,0.0,1.670134,0.43955600000000006,SGP,SYR,7788
1884946,206,212,1313,2006.0,9366.0,0.0,1.3569950000000002,0.8663290000000001,SVK,SYR,7788
1884947,208,212,1313,2006.0,1055457.0,0.0,1.921461,0.478688,SWE,SYR,7788
1884948,224,212,1313,2006.0,286400.0,0.0,0.41471,2.138217,TUR,SYR,7788
1884949,228,212,1313,2006.0,1067.0,0.0,0.598325,1.225485,UKR,SYR,7788
1884950,231,212,1313,2006.0,958064.0,0.0,1.616918,-0.429924,USA,SYR,7788
1884951,249,212,1313,2006.0,76791.0,1410.0,1.6683169999999998,1.230621,TWN,SYR,7788
1884952,250,212,1313,2006.0,730755.0,0.0,0.202525,-0.46324499999999996,ANS,SYR,7788
1884953,8,223,1313,2006.0,1096.0,0.0,0.076917,1.06231,ARG,TUN,7788
1884954,14,223,1313,2006.0,12632.0,349927.0,-0.183265,0.564314,AUS,TUN,7788
1884955,15,223,1313,2006.0,182860.0,86195.0,1.772588,-0.008943000000000001,AUT,TUN,7788
1884956,18,223,1313,2006.0,301774.0,6621393.0,1.234224,1.308065,BEL,TUN,7788
1884957,19,223,1313,2006.0,0.0,4055.0,-1.093919,-0.9748319999999999,BEN,TUN,7788
1884958,21,223,1313,2006.0,0.0,1823.0,-0.81399,-0.972464,BFA,TUN,7788
1884959,23,223,1313,2006.0,92395.0,4383.0,0.490234,1.581841,BGR,TUN,7788
1884960,26,223,1313,2006.0,0.0,1381.0,0.543053,0.68971,BIH,TUN,7788
1884961,32,223,1313,2006.0,6578.0,538705.0,0.622959,1.413527,BRA,TUN,7788
1884962,39,223,1313,2006.0,4073374.0,195191.0,0.806511,1.466573,CAN,TUN,7788
1884963,41,223,1313,2006.0,2475012.0,524337.0,2.038668,0.46319,CHE,TUN,7788
1884964,42,223,1313,2006.0,6454.0,2203.0,-0.193151,-0.46637,CHL,TUN,7788
1884965,43,223,1313,2006.0,4290452.0,3038074.0,0.842242,1.7392740000000002,CHN,TUN,7788
1884966,59,223,1313,2006.0,502403.0,26654.0,1.6478549999999998,0.095131,CZE,TUN,7788
1884967,61,223,1313,2006.0,19943860.0,32865196.0,2.135679,-2.933329,DEU,TUN,7788
1884968,64,223,1313,2006.0,28943.0,0.0,1.25209,1.133206,DNK,TUN,7788
1884969,66,223,1313,2006.0,0.0,85365.0,-1.079717,-1.153102,DZA,TUN,7788
1884970,68,223,1313,2006.0,99953.0,15420.0,-0.305058,0.294265,EGY,TUN,7788
1884971,71,223,1313,2006.0,723960.0,10084022.0,0.9909459999999999,1.785809,ESP,TUN,7788
1884972,72,223,1313,2006.0,0.0,2775.0,0.737979,1.1881950000000001,EST,TUN,7788
1884973,73,223,1313,2006.0,0.0,9237.0,-1.129189,-0.953627,ETH,TUN,7788
1884974,74,223,1313,2006.0,15164.0,48004.0,1.8630220000000002,0.87172,FIN,TUN,7788
1884975,77,223,1313,2006.0,27252650.0,79725400.0,1.499686,0.16705699999999998,FRA,TUN,7788
1884976,81,223,1313,2006.0,635766.0,647176.0,1.8509779999999998,0.674074,GBR,TUN,7788
1884977,90,223,1313,2006.0,30458.0,0.0,0.183748,1.582167,GRC,TUN,7788
1884978,97,223,1313,2006.0,56505.0,0.0,0.63347,1.276634,HKG,TUN,7788
1884979,100,223,1313,2006.0,0.0,20607.0,0.866511,1.217552,HRV,TUN,7788
1884980,102,223,1313,2006.0,731418.0,19757.0,1.469539,0.8546090000000001,HUN,TUN,7788
1884981,103,223,1313,2006.0,27612.0,0.0,0.0036969999999999998,1.703498,IDN,TUN,7788
1884982,104,223,1313,2006.0,267649.0,46758.0,0.202078,2.594677,IND,TUN,7788
1884983,106,223,1313,2006.0,119747.0,61508.0,1.501322,0.161375,IRL,TUN,7788
1884984,111,223,1313,2006.0,4269738.0,343047.0,1.416017,0.161859,ITA,TUN,7788
1884985,114,223,1313,2006.0,703120.0,35864.0,2.442213,-0.046222000000000006,JPN,TUN,7788
1884986,121,223,1313,2006.0,741707.0,380251.0,1.588589,0.799507,KOR,TUN,7788
1884987,122,223,1313,2006.0,0.0,46362.0,-1.506818,-1.193717,KWT,TUN,7788
1884988,126,223,1313,2006.0,0.0,433855.0,-0.7543529999999999,-1.123674,LBY,TUN,7788
1884989,131,223,1313,2006.0,22572.0,0.0,1.285123,0.999081,LUX,TUN,7788
1884990,134,223,1313,2006.0,80952.0,19522.0,-0.41821499999999995,0.175231,MAR,TUN,7788
1884991,138,223,1313,2006.0,7907.0,29865.0,1.2996729999999999,0.655941,MEX,TUN,7788
1884992,141,223,1313,2006.0,0.0,7025.0,-0.588006,-0.687707,MLI,TUN,7788
1884993,142,223,1313,2006.0,13972.0,0.0,1.5366819999999999,0.301101,MLT,TUN,7788
1884994,151,223,1313,2006.0,0.0,1606.0,-0.214308,-0.140502,MUS,TUN,7788
1884995,153,223,1313,2006.0,124267.0,0.0,0.9497270000000001,0.324179,MYS,TUN,7788
1884996,162,223,1313,2006.0,213880.0,178655.0,1.115718,1.4743680000000001,NLD,TUN,7788
1884997,163,223,1313,2006.0,89526.0,20057.0,0.621685,-0.280378,NOR,TUN,7788
1884998,174,223,1313,2006.0,1662.0,0.0,0.32715,-0.15929200000000002,PHL,TUN,7788
1884999,177,223,1313,2006.0,54891.0,4455681.0,1.0576860000000001,1.283664,POL,TUN,7788
1885000,178,223,1313,2006.0,15351.0,0.0,0.649384,1.069006,PRK,TUN,7788
1885001,179,223,1313,2006.0,28673.0,1231302.0,0.695569,1.7476200000000002,PRT,TUN,7788
1885002,185,223,1313,2006.0,10697.0,3458.0,0.733232,1.2149,ROU,TUN,7788
1885003,186,223,1313,2006.0,9770.0,1861.0,0.311252,-0.093895,RUS,TUN,7788
1885004,192,223,1313,2006.0,46714.0,3285.0,1.670134,0.43955600000000006,SGP,TUN,7788
1885005,207,223,1313,2006.0,186135.0,4023.0,1.562187,0.612624,SVN,TUN,7788
1885006,208,223,1313,2006.0,134773.0,25322.0,1.921461,0.478688,SWE,TUN,7788
1885007,213,223,1313,2006.0,2245.0,0.0,0.445758,0.01026,TCA,TUN,7788
1885008,216,223,1313,2006.0,82601.0,10630.0,0.73283,1.419023,THA,TUN,7788
1885009,224,223,1313,2006.0,373383.0,44410.0,0.41471,2.138217,TUR,TUN,7788
1885010,228,223,1313,2006.0,0.0,3734.0,0.598325,1.225485,UKR,TUN,7788
1885011,231,223,1313,2006.0,734458.0,893793.0,1.616918,-0.429924,USA,TUN,7788
1885012,246,223,1313,2006.0,2992.0,537002.0,0.18317,1.675934,ZAF,TUN,7788
1885013,249,223,1313,2006.0,225443.0,7784.0,1.6683169999999998,1.230621,TWN,TUN,7788
1885014,250,223,1313,2006.0,26740.0,75911.0,0.202525,-0.46324499999999996,ANS,TUN,7788
1885015,7,228,1313,2006.0,116448.0,90875.0,-0.12063900000000001,-0.817929,ARE,UKR,7788
1885016,9,228,1313,2006.0,0.0,566904.0,-0.044726999999999996,-0.486043,ARM,UKR,7788
1885017,14,228,1313,2006.0,4749.0,38865.0,-0.183265,0.564314,AUS,UKR,7788
1885018,15,228,1313,2006.0,3774626.0,337311.0,1.772588,-0.008943000000000001,AUT,UKR,7788
1885019,16,228,1313,2006.0,0.0,2738771.0,-0.949606,-1.099346,AZE,UKR,7788
1885020,18,228,1313,2006.0,1044356.0,10189.0,1.234224,1.308065,BEL,UKR,7788
1885021,22,228,1313,2006.0,0.0,12747.0,-0.776517,-0.874408,BGD,UKR,7788
1885022,23,228,1313,2006.0,841176.0,290336.0,0.490234,1.581841,BGR,UKR,7788
1885023,26,228,1313,2006.0,0.0,14438.0,0.543053,0.68971,BIH,UKR,7788
1885024,28,228,1313,2006.0,500625.0,2273147.0,0.948306,0.702786,BLR,UKR,7788
1885025,32,228,1313,2006.0,18357.0,0.0,0.622959,1.413527,BRA,UKR,7788
1885026,33,228,1313,2006.0,0.0,6267.0,0.689051,0.416818,BRB,UKR,7788
1885027,39,228,1313,2006.0,323480.0,0.0,0.806511,1.466573,CAN,UKR,7788
1885028,41,228,1313,2006.0,1102408.0,0.0,2.038668,0.46319,CHE,UKR,7788
1885029,43,228,1313,2006.0,9243113.0,1830123.0,0.842242,1.7392740000000002,CHN,UKR,7788
1885030,54,228,1313,2006.0,0.0,2534.0,0.207314,-0.473224,CUB,UKR,7788
1885031,59,228,1313,2006.0,2404868.0,212131.0,1.6478549999999998,0.095131,CZE,UKR,7788
1885032,61,228,1313,2006.0,35100884.0,822095.0,2.135679,-2.933329,DEU,UKR,7788
1885033,64,228,1313,2006.0,348934.0,3883.0,1.25209,1.133206,DNK,UKR,7788
1885034,66,228,1313,2006.0,0.0,25039.0,-1.079717,-1.153102,DZA,UKR,7788
1885035,68,228,1313,2006.0,0.0,1595994.0,-0.305058,0.294265,EGY,UKR,7788
1885036,71,228,1313,2006.0,1393175.0,66602.0,0.9909459999999999,1.785809,ESP,UKR,7788
1885037,72,228,1313,2006.0,423748.0,348199.0,0.737979,1.1881950000000001,EST,UKR,7788
1885038,73,228,1313,2006.0,0.0,48645.0,-1.129189,-0.953627,ETH,UKR,7788
1885039,74,228,1313,2006.0,4974576.0,0.0,1.8630220000000002,0.87172,FIN,UKR,7788
1885040,77,228,1313,2006.0,589876.0,73507.0,1.499686,0.16705699999999998,FRA,UKR,7788
1885041,81,228,1313,2006.0,3000653.0,35863.0,1.8509779999999998,0.674074,GBR,UKR,7788
1885042,82,228,1313,2006.0,13126.0,1271667.0,-0.152929,-0.438435,GEO,UKR,7788
1885043,90,228,1313,2006.0,0.0,3864.0,0.183748,1.582167,GRC,UKR,7788
1885044,97,228,1313,2006.0,755007.0,1069.0,0.63347,1.276634,HKG,UKR,7788
1885045,100,228,1313,2006.0,1731404.0,2262.0,0.866511,1.217552,HRV,UKR,7788
1885046,102,228,1313,2006.0,12735818.0,3134086.0,1.469539,0.8546090000000001,HUN,UKR,7788
1885047,103,228,1313,2006.0,120194.0,0.0,0.0036969999999999998,1.703498,IDN,UKR,7788
1885048,104,228,1313,2006.0,326302.0,925147.0,0.202078,2.594677,IND,UKR,7788
1885049,106,228,1313,2006.0,58701.0,0.0,1.501322,0.161375,IRL,UKR,7788
1885050,107,228,1313,2006.0,13483.0,118050.0,-0.755814,-0.9279059999999999,IRN,UKR,7788
1885051,110,228,1313,2006.0,657894.0,546478.0,1.286738,0.8783610000000001,ISR,UKR,7788
1885052,111,228,1313,2006.0,2639726.0,150910.0,1.416017,0.161859,ITA,UKR,7788
1885053,114,228,1313,2006.0,2087032.0,22928.0,2.442213,-0.046222000000000006,JPN,UKR,7788
1885054,115,228,1313,2006.0,152593.0,3347328.0,-0.18694000000000002,-0.468758,KAZ,UKR,7788
1885055,116,228,1313,2006.0,0.0,1460.0,-0.402762,0.89869,KEN,UKR,7788
1885056,117,228,1313,2006.0,0.0,24970.0,-0.091973,0.331995,KGZ,UKR,7788
1885057,121,228,1313,2006.0,119085.0,6064.0,1.588589,0.799507,KOR,UKR,7788
1885058,126,228,1313,2006.0,0.0,3557.0,-0.7543529999999999,-1.123674,LBY,UKR,7788
1885059,130,228,1313,2006.0,4095412.0,204530.0,0.553669,1.252767,LTU,UKR,7788
1885060,131,228,1313,2006.0,82366.0,0.0,1.285123,0.999081,LUX,UKR,7788
1885061,132,228,1313,2006.0,2451749.0,1705232.0,0.548453,1.027836,LVA,UKR,7788
1885062,135,228,1313,2006.0,32609.0,3580891.0,0.043632,0.21129299999999998,MDA,UKR,7788
1885063,138,228,1313,2006.0,46582.0,104486.0,1.2996729999999999,0.655941,MEX,UKR,7788
1885064,140,228,1313,2006.0,0.0,1552661.0,-0.098526,0.423279,MKD,UKR,7788
1885065,142,228,1313,2006.0,1922.0,0.0,1.5366819999999999,0.301101,MLT,UKR,7788
1885066,145,228,1313,2006.0,0.0,10597.0,-0.806932,-1.01265,MNG,UKR,7788
1885067,153,228,1313,2006.0,318777.0,24729.0,0.9497270000000001,0.324179,MYS,UKR,7788
1885068,162,228,1313,2006.0,4529176.0,827762.0,1.115718,1.4743680000000001,NLD,UKR,7788
1885069,163,228,1313,2006.0,69909.0,12720.0,0.621685,-0.280378,NOR,UKR,7788
1885070,168,228,1313,2006.0,0.0,20957.0,-0.500494,0.334983,PAK,UKR,7788
1885071,173,228,1313,2006.0,0.0,4730.0,-0.523516,-0.15574100000000002,PER,UKR,7788
1885072,177,228,1313,2006.0,7690708.0,351427.0,1.0576860000000001,1.283664,POL,UKR,7788
1885073,178,228,1313,2006.0,1615.0,0.0,0.649384,1.069006,PRK,UKR,7788
1885074,179,228,1313,2006.0,118517.0,0.0,0.695569,1.7476200000000002,PRT,UKR,7788
1885075,185,228,1313,2006.0,86603.0,567331.0,0.733232,1.2149,ROU,UKR,7788
1885076,186,228,1313,2006.0,14249778.0,33784140.0,0.311252,-0.093895,RUS,UKR,7788
1885077,188,228,1313,2006.0,0.0,1661.0,-0.094152,-0.921106,SAU,UKR,7788
1885078,192,228,1313,2006.0,96729.0,27109.0,1.670134,0.43955600000000006,SGP,UKR,7788
1885079,201,228,1313,2006.0,10641.0,30235.0,0.581078,1.5831600000000001,SRB,UKR,7788
1885080,206,228,1313,2006.0,2461231.0,24707.0,1.3569950000000002,0.8663290000000001,SVK,UKR,7788
1885081,207,228,1313,2006.0,28396.0,1627.0,1.562187,0.612624,SVN,UKR,7788
1885082,208,228,1313,2006.0,2430572.0,3372.0,1.921461,0.478688,SWE,UKR,7788
1885083,212,228,1313,2006.0,0.0,1067.0,-0.49903100000000006,0.362867,SYR,UKR,7788
1885084,214,228,1313,2006.0,0.0,2489.0,-2.842809,-0.9798959999999999,TCD,UKR,7788
1885085,216,228,1313,2006.0,4950.0,42809.0,0.73283,1.419023,THA,UKR,7788
1885086,217,228,1313,2006.0,0.0,2533288.0,-0.9646819999999999,-1.166964,TJK,UKR,7788
1885087,219,228,1313,2006.0,0.0,390430.0,-1.014047,-1.1895149999999999,TKM,UKR,7788
1885088,223,228,1313,2006.0,3734.0,0.0,0.140257,0.528918,TUN,UKR,7788
1885089,224,228,1313,2006.0,173303.0,97684.0,0.41471,2.138217,TUR,UKR,7788
1885090,231,228,1313,2006.0,1811630.0,1170194.0,1.616918,-0.429924,USA,UKR,7788
1885091,232,228,1313,2006.0,0.0,493566.0,-0.508594,-0.7682720000000001,UZB,UKR,7788
1885092,239,228,1313,2006.0,0.0,101410.0,-0.089404,0.986066,VNM,UKR,7788
1885093,246,228,1313,2006.0,5193.0,8624.0,0.18317,1.675934,ZAF,UKR,7788
1885094,249,228,1313,2006.0,4782663.0,11579.0,1.6683169999999998,1.230621,TWN,UKR,7788
1885095,250,228,1313,2006.0,9198.0,24014.0,0.202525,-0.46324499999999996,ANS,UKR,7788
1885096,1,246,1313,2006.0,0.0,99501.0,-0.906723,-0.6810039999999999,AFG,ZAF,7788
1885097,2,246,1313,2006.0,5779.0,2145564.0,-2.2010959999999997,-1.189215,AGO,ZAF,7788
1885098,5,246,1313,2006.0,0.0,3139.0,0.986957,0.458078,AND,ZAF,7788
1885099,7,246,1313,2006.0,119781.0,222813.0,-0.12063900000000001,-0.817929,ARE,ZAF,7788
1885100,8,246,1313,2006.0,29303.0,316072.0,0.076917,1.06231,ARG,ZAF,7788
1885101,13,246,1313,2006.0,4472.0,0.0,-0.49273500000000003,-0.92522,ATG,ZAF,7788
1885102,14,246,1313,2006.0,2993557.0,2794723.0,-0.183265,0.564314,AUS,ZAF,7788
1885103,15,246,1313,2006.0,2272448.0,39193.0,1.772588,-0.008943000000000001,AUT,ZAF,7788
1885104,17,246,1313,2006.0,0.0,36666.0,-0.139211,-0.558193,BDI,ZAF,7788
1885105,18,246,1313,2006.0,2264072.0,2293815.0,1.234224,1.308065,BEL,ZAF,7788
1885106,19,246,1313,2006.0,2731.0,1257.0,-1.093919,-0.9748319999999999,BEN,ZAF,7788
1885107,22,246,1313,2006.0,3133.0,0.0,-0.776517,-0.874408,BGD,ZAF,7788
1885108,23,246,1313,2006.0,34328.0,99194.0,0.490234,1.581841,BGR,ZAF,7788
1885109,24,246,1313,2006.0,0.0,15001.0,-0.220239,-1.07936,BHR,ZAF,7788
1885110,25,246,1313,2006.0,98986.0,0.0,0.23525900000000002,-0.725657,BHS,ZAF,7788
1885111,32,246,1313,2006.0,604245.0,201365.0,0.622959,1.413527,BRA,ZAF,7788
1885112,33,246,1313,2006.0,0.0,17469.0,0.689051,0.416818,BRB,ZAF,7788
1885113,37,246,1313,2006.0,61876.0,5732894.0,-0.958566,-1.202559,BWA,ZAF,7788
1885114,38,246,1313,2006.0,0.0,2024.0,-0.444701,-0.774726,CAF,ZAF,7788
1885115,39,246,1313,2006.0,11023299.0,2905710.0,0.806511,1.466573,CAN,ZAF,7788
1885116,41,246,1313,2006.0,7533122.0,79484.0,2.038668,0.46319,CHE,ZAF,7788
1885117,42,246,1313,2006.0,24542.0,417762.0,-0.193151,-0.46637,CHL,ZAF,7788
1885118,43,246,1313,2006.0,17004388.0,641246.0,0.842242,1.7392740000000002,CHN,ZAF,7788
1885119,44,246,1313,2006.0,0.0,102941.0,-0.9293,-0.853074,CIV,ZAF,7788
1885120,45,246,1313,2006.0,0.0,185506.0,-1.570753,-1.22499,CMR,ZAF,7788
1885121,46,246,1313,2006.0,0.0,525492.0,-1.334582,-1.119781,COD,ZAF,7788
1885122,47,246,1313,2006.0,40663.0,97669.0,-1.8919540000000001,-1.272166,COG,ZAF,7788
1885123,49,246,1313,2006.0,0.0,20013.0,0.162228,0.550616,COL,ZAF,7788
1885124,50,246,1313,2006.0,0.0,2698.0,0.007926,-0.792838,COM,ZAF,7788
1885125,52,246,1313,2006.0,138125.0,0.0,0.07128999999999999,-0.24274400000000002,CRI,ZAF,7788
1885126,58,246,1313,2006.0,0.0,18079.0,0.728916,0.023954,CYP,ZAF,7788
1885127,59,246,1313,2006.0,543222.0,8021796.0,1.6478549999999998,0.095131,CZE,ZAF,7788
1885128,61,246,1313,2006.0,64170256.0,1643026.0,2.135679,-2.933329,DEU,ZAF,7788
1885129,64,246,1313,2006.0,420240.0,46089.0,1.25209,1.133206,DNK,ZAF,7788
1885130,65,246,1313,2006.0,272076.0,0.0,0.044542,0.178998,DOM,ZAF,7788
1885131,66,246,1313,2006.0,1525.0,70607.0,-1.079717,-1.153102,DZA,ZAF,7788
1885132,67,246,1313,2006.0,1204.0,10965.0,-0.9617209999999999,-0.936366,ECU,ZAF,7788
1885133,68,246,1313,2006.0,0.0,73557.0,-0.305058,0.294265,EGY,ZAF,7788
1885134,71,246,1313,2006.0,2772570.0,2325533.0,0.9909459999999999,1.785809,ESP,ZAF,7788
1885135,72,246,1313,2006.0,1408763.0,5121.0,0.737979,1.1881950000000001,EST,ZAF,7788
1885136,73,246,1313,2006.0,0.0,49930.0,-1.129189,-0.953627,ETH,ZAF,7788
1885137,74,246,1313,2006.0,1222529.0,41579.0,1.8630220000000002,0.87172,FIN,ZAF,7788
1885138,75,246,1313,2006.0,0.0,3179.0,-0.527165,-0.17746900000000002,FJI,ZAF,7788
1885139,77,246,1313,2006.0,11087109.0,1650558.0,1.499686,0.16705699999999998,FRA,ZAF,7788
1885140,78,246,1313,2006.0,3110.0,0.0,-0.111228,-0.776069,FRO,ZAF,7788
1885141,80,246,1313,2006.0,0.0,26442.0,-1.2162620000000002,-1.141485,GAB,ZAF,7788
1885142,81,246,1313,2006.0,35862812.0,14997584.0,1.8509779999999998,0.674074,GBR,ZAF,7788
1885143,82,246,1313,2006.0,0.0,15163.0,-0.152929,-0.438435,GEO,ZAF,7788
1885144,83,246,1313,2006.0,0.0,1020095.0,-0.9211739999999999,-0.738322,GHA,ZAF,7788
1885145,85,246,1313,2006.0,5370.0,173114.0,-1.526825,-1.191811,GIN,ZAF,7788
1885146,87,246,1313,2006.0,0.0,334552.0,-0.234454,-0.43427899999999997,GMB,ZAF,7788
1885147,89,246,1313,2006.0,0.0,4901.0,-2.448721,-0.949732,GNQ,ZAF,7788
1885148,90,246,1313,2006.0,2307.0,305853.0,0.183748,1.582167,GRC,ZAF,7788
1885149,97,246,1313,2006.0,3950030.0,554120.0,0.63347,1.276634,HKG,ZAF,7788
1885150,100,246,1313,2006.0,16417.0,37678.0,0.866511,1.217552,HRV,ZAF,7788
1885151,102,246,1313,2006.0,251128.0,175831.0,1.469539,0.8546090000000001,HUN,ZAF,7788
1885152,103,246,1313,2006.0,226924.0,2005606.0,0.0036969999999999998,1.703498,IDN,ZAF,7788
1885153,104,246,1313,2006.0,5170714.0,1841282.0,0.202078,2.594677,IND,ZAF,7788
1885154,106,246,1313,2006.0,2119327.0,279960.0,1.501322,0.161375,IRL,ZAF,7788
1885155,107,246,1313,2006.0,0.0,331865.0,-0.755814,-0.9279059999999999,IRN,ZAF,7788
1885156,108,246,1313,2006.0,0.0,524977.0,-2.3271330000000003,-0.992934,IRQ,ZAF,7788
1885157,109,246,1313,2006.0,62044.0,0.0,0.06816699999999999,-0.36412,ISL,ZAF,7788
1885158,110,246,1313,2006.0,5468954.0,563100.0,1.286738,0.8783610000000001,ISR,ZAF,7788
1885159,111,246,1313,2006.0,4933004.0,3911308.0,1.416017,0.161859,ITA,ZAF,7788
1885160,113,246,1313,2006.0,0.0,152248.0,0.31143899999999997,0.428361,JOR,ZAF,7788
1885161,114,246,1313,2006.0,9818188.0,1107010.0,2.442213,-0.046222000000000006,JPN,ZAF,7788
1885162,115,246,1313,2006.0,0.0,2693.0,-0.18694000000000002,-0.468758,KAZ,ZAF,7788
1885163,116,246,1313,2006.0,2948.0,1545728.0,-0.402762,0.89869,KEN,ZAF,7788
1885164,121,246,1313,2006.0,2888098.0,1540184.0,1.588589,0.799507,KOR,ZAF,7788
1885165,122,246,1313,2006.0,0.0,148913.0,-1.506818,-1.193717,KWT,ZAF,7788
1885166,124,246,1313,2006.0,0.0,11821.0,0.450113,1.7365119999999998,LBN,ZAF,7788
1885167,125,246,1313,2006.0,0.0,4928.0,-1.0431270000000001,-1.1084829999999999,LBR,ZAF,7788
1885168,126,246,1313,2006.0,0.0,1177.0,-0.7543529999999999,-1.123674,LBY,ZAF,7788
1885169,130,246,1313,2006.0,12707.0,0.0,0.553669,1.252767,LTU,ZAF,7788
1885170,131,246,1313,2006.0,42182.0,0.0,1.285123,0.999081,LUX,ZAF,7788
1885171,133,246,1313,2006.0,1140.0,0.0,0.120923,-0.266158,MAC,ZAF,7788
1885172,134,246,1313,2006.0,0.0,3029.0,-0.41821499999999995,0.175231,MAR,ZAF,7788
1885173,136,246,1313,2006.0,0.0,81684.0,-0.772571,-0.521647,MDG,ZAF,7788
1885174,137,246,1313,2006.0,0.0,4353.0,-0.21327600000000002,-0.8216959999999999,MDV,ZAF,7788
1885175,138,246,1313,2006.0,1344927.0,236721.0,1.2996729999999999,0.655941,MEX,ZAF,7788
1885176,139,246,1313,2006.0,0.0,4549.0,-0.932843,-0.956528,MHL,ZAF,7788
1885177,140,246,1313,2006.0,0.0,2651.0,-0.098526,0.423279,MKD,ZAF,7788
1885178,141,246,1313,2006.0,0.0,173016.0,-0.588006,-0.687707,MLI,ZAF,7788
1885179,147,246,1313,2006.0,63006.0,1361733.0,-1.199074,-1.031059,MOZ,ZAF,7788
1885180,148,246,1313,2006.0,0.0,7499.0,-1.729545,-1.284734,MRT,ZAF,7788
1885181,151,246,1313,2006.0,3248.0,921533.0,-0.214308,-0.140502,MUS,ZAF,7788
1885182,152,246,1313,2006.0,6295.0,536543.0,-0.822168,-0.8834860000000001,MWI,ZAF,7788
1885183,153,246,1313,2006.0,6668894.0,1096907.0,0.9497270000000001,0.324179,MYS,ZAF,7788
1885184,154,246,1313,2006.0,0.0,4813.0,1.459222,0.528891,MYT,ZAF,7788
1885185,155,246,1313,2006.0,126891.0,7939738.0,-0.425389,-0.690279,NAM,ZAF,7788
1885186,156,246,1313,2006.0,0.0,2213.0,-0.42703900000000006,-0.840608,NCL,ZAF,7788
1885187,157,246,1313,2006.0,0.0,21981.0,-0.52447,-0.641225,NER,ZAF,7788
1885188,159,246,1313,2006.0,52965.0,2805885.0,-2.088278,-1.224464,NGA,ZAF,7788
1885189,160,246,1313,2006.0,0.0,1187.0,-0.9416120000000001,-0.888491,NIC,ZAF,7788
1885190,162,246,1313,2006.0,10684731.0,947175.0,1.115718,1.4743680000000001,NLD,ZAF,7788
1885191,163,246,1313,2006.0,537922.0,10286.0,0.621685,-0.280378,NOR,ZAF,7788
1885192,166,246,1313,2006.0,929604.0,199709.0,0.40442100000000003,0.821033,NZL,ZAF,7788
1885193,167,246,1313,2006.0,0.0,72141.0,-0.871816,-1.184985,OMN,ZAF,7788
1885194,168,246,1313,2006.0,0.0,155449.0,-0.500494,0.334983,PAK,ZAF,7788
1885195,173,246,1313,2006.0,0.0,87336.0,-0.523516,-0.15574100000000002,PER,ZAF,7788
1885196,174,246,1313,2006.0,411933.0,84142.0,0.32715,-0.15929200000000002,PHL,ZAF,7788
1885197,177,246,1313,2006.0,55134.0,129045.0,1.0576860000000001,1.283664,POL,ZAF,7788
1885198,179,246,1313,2006.0,319788.0,347970.0,0.695569,1.7476200000000002,PRT,ZAF,7788
1885199,180,246,1313,2006.0,0.0,2067.0,-0.49234399999999995,-0.547616,PRY,ZAF,7788
1885200,183,246,1313,2006.0,0.0,24743.0,-0.467699,-1.062471,QAT,ZAF,7788
1885201,185,246,1313,2006.0,9616.0,213253.0,0.733232,1.2149,ROU,ZAF,7788
1885202,186,246,1313,2006.0,85571.0,63944.0,0.311252,-0.093895,RUS,ZAF,7788
1885203,187,246,1313,2006.0,0.0,225276.0,0.190864,-0.346779,RWA,ZAF,7788
1885204,188,246,1313,2006.0,1468.0,1698949.0,-0.094152,-0.921106,SAU,ZAF,7788
1885205,190,246,1313,2006.0,0.0,7557120.0,-1.727355,-1.278714,SDN,ZAF,7788
1885206,191,246,1313,2006.0,0.0,15288.0,-0.548758,-0.152572,SEN,ZAF,7788
1885207,192,246,1313,2006.0,953498.0,338577.0,1.670134,0.43955600000000006,SGP,ZAF,7788
1885208,194,246,1313,2006.0,0.0,2159.0,1.622882,0.310727,SHN,ZAF,7788
1885209,196,246,1313,2006.0,0.0,100074.0,0.23031999999999997,-0.114212,SLE,ZAF,7788
1885210,197,246,1313,2006.0,42504.0,0.0,-0.127317,0.189904,SLV,ZAF,7788
1885211,201,246,1313,2006.0,1815.0,0.0,0.581078,1.5831600000000001,SRB,ZAF,7788
1885212,203,246,1313,2006.0,0.0,2135.0,1.061292,-0.052414999999999996,STP,ZAF,7788
1885213,205,246,1313,2006.0,0.0,3031.0,-0.703184,-1.0310979999999998,SUR,ZAF,7788
1885214,206,246,1313,2006.0,7312.0,21604.0,1.3569950000000002,0.8663290000000001,SVK,ZAF,7788
1885215,207,246,1313,2006.0,163904.0,39179.0,1.562187,0.612624,SVN,ZAF,7788
1885216,208,246,1313,2006.0,1392271.0,587794.0,1.921461,0.478688,SWE,ZAF,7788
1885217,209,246,1313,2006.0,2526.0,2284972.0,0.8177369999999999,0.302106,SWZ,ZAF,7788
1885218,211,246,1313,2006.0,0.0,100895.0,-0.45782,-0.822773,SYC,ZAF,7788
1885219,214,246,1313,2006.0,0.0,537172.0,-2.842809,-0.9798959999999999,TCD,ZAF,7788
1885220,215,246,1313,2006.0,0.0,10364.0,-0.81795,-0.567823,TGO,ZAF,7788
1885221,216,246,1313,2006.0,5586862.0,690511.0,0.73283,1.419023,THA,ZAF,7788
1885222,222,246,1313,2006.0,0.0,8386.0,-0.346992,-1.03502,TTO,ZAF,7788
1885223,223,246,1313,2006.0,537002.0,2992.0,0.140257,0.528918,TUN,ZAF,7788
1885224,224,246,1313,2006.0,149059.0,3717453.0,0.41471,2.138217,TUR,ZAF,7788
1885225,226,246,1313,2006.0,4776.0,1992845.0,-0.804761,0.6328729999999999,TZA,ZAF,7788
1885226,227,246,1313,2006.0,3917.0,254079.0,-0.789284,-0.161216,UGA,ZAF,7788
1885227,228,246,1313,2006.0,8624.0,5193.0,0.598325,1.225485,UKR,ZAF,7788
1885228,230,246,1313,2006.0,1895.0,14628.0,0.047764999999999995,0.23831100000000002,URY,ZAF,7788
1885229,231,246,1313,2006.0,16725359.0,7477709.0,1.616918,-0.429924,USA,ZAF,7788
1885230,236,246,1313,2006.0,0.0,194650.0,-0.5559649999999999,-0.9988299999999999,VEN,ZAF,7788
1885231,239,246,1313,2006.0,49330.0,53501.0,-0.089404,0.986066,VNM,ZAF,7788
1885232,243,246,1313,2006.0,0.0,6891.0,-1.070559,-1.1655389999999999,YEM,ZAF,7788
1885233,247,246,1313,2006.0,69472.0,3357420.0,-0.8819040000000001,-0.990542,ZMB,ZAF,7788
1885234,248,246,1313,2006.0,28195.0,2953775.0,-0.354477,-0.273037,ZWE,ZAF,7788
1885235,249,246,1313,2006.0,6404422.0,225119.0,1.6683169999999998,1.230621,TWN,ZAF,7788
1885236,250,246,1313,2006.0,1130972.0,62598.0,0.202525,-0.46324499999999996,ANS,ZAF,7788
1885237,14,37,1313,2006.0,12815.0,0.0,-0.183265,0.564314,AUS,BWA,7788
1885238,15,37,1313,2006.0,17650.0,0.0,1.772588,-0.008943000000000001,AUT,BWA,7788
1885239,39,37,1313,2006.0,65065.0,0.0,0.806511,1.466573,CAN,BWA,7788
1885240,43,37,1313,2006.0,15834.0,0.0,0.842242,1.7392740000000002,CHN,BWA,7788
1885241,61,37,1313,2006.0,62305.0,73325.0,2.135679,-2.933329,DEU,BWA,7788
1885242,77,37,1313,2006.0,30327.0,0.0,1.499686,0.16705699999999998,FRA,BWA,7788
1885243,81,37,1313,2006.0,312091.0,101677.0,1.8509779999999998,0.674074,GBR,BWA,7788
1885244,104,37,1313,2006.0,62080.0,0.0,0.202078,2.594677,IND,BWA,7788
1885245,110,37,1313,2006.0,165490.0,0.0,1.286738,0.8783610000000001,ISR,BWA,7788
1885246,111,37,1313,2006.0,2827.0,0.0,1.416017,0.161859,ITA,BWA,7788
1885247,121,37,1313,2006.0,35290.0,0.0,1.588589,0.799507,KOR,BWA,7788
1885248,155,37,1313,2006.0,1834.0,0.0,-0.425389,-0.690279,NAM,BWA,7788
1885249,162,37,1313,2006.0,2070.0,0.0,1.115718,1.4743680000000001,NLD,BWA,7788
1885250,163,37,1313,2006.0,315136.0,0.0,0.621685,-0.280378,NOR,BWA,7788
1885251,192,37,1313,2006.0,15932.0,0.0,1.670134,0.43955600000000006,SGP,BWA,7788
1885252,231,37,1313,2006.0,142661.0,6297.0,1.616918,-0.429924,USA,BWA,7788
1885253,246,37,1313,2006.0,5732894.0,61876.0,0.18317,1.675934,ZAF,BWA,7788
1885254,247,37,1313,2006.0,0.0,46942.0,-0.8819040000000001,-0.990542,ZMB,BWA,7788
1885255,248,37,1313,2006.0,0.0,6363.0,-0.354477,-0.273037,ZWE,BWA,7788
1885256,249,37,1313,2006.0,3625.0,0.0,1.6683169999999998,1.230621,TWN,BWA,7788
1885257,7,44,1313,2006.0,50905.0,0.0,-0.12063900000000001,-0.817929,ARE,CIV,7788
1885258,14,44,1313,2006.0,35670.0,1051.0,-0.183265,0.564314,AUS,CIV,7788
1885259,15,44,1313,2006.0,11344.0,0.0,1.772588,-0.008943000000000001,AUT,CIV,7788
1885260,18,44,1313,2006.0,69302.0,0.0,1.234224,1.308065,BEL,CIV,7788
1885261,21,44,1313,2006.0,0.0,2872.0,-0.81399,-0.972464,BFA,CIV,7788
1885262,22,44,1313,2006.0,31234.0,6568.0,-0.776517,-0.874408,BGD,CIV,7788
1885263,32,44,1313,2006.0,23315.0,0.0,0.622959,1.413527,BRA,CIV,7788
1885264,39,44,1313,2006.0,6353.0,0.0,0.806511,1.466573,CAN,CIV,7788
1885265,41,44,1313,2006.0,10553.0,0.0,2.038668,0.46319,CHE,CIV,7788
1885266,43,44,1313,2006.0,110151.0,0.0,0.842242,1.7392740000000002,CHN,CIV,7788
1885267,45,44,1313,2006.0,0.0,1167.0,-1.570753,-1.22499,CMR,CIV,7788
1885268,59,44,1313,2006.0,4095.0,0.0,1.6478549999999998,0.095131,CZE,CIV,7788
1885269,61,44,1313,2006.0,167951.0,1712.0,2.135679,-2.933329,DEU,CIV,7788
1885270,64,44,1313,2006.0,56063.0,0.0,1.25209,1.133206,DNK,CIV,7788
1885271,71,44,1313,2006.0,102850.0,0.0,0.9909459999999999,1.785809,ESP,CIV,7788
1885272,74,44,1313,2006.0,39993.0,0.0,1.8630220000000002,0.87172,FIN,CIV,7788
1885273,77,44,1313,2006.0,1633586.0,3749.0,1.499686,0.16705699999999998,FRA,CIV,7788
1885274,81,44,1313,2006.0,265212.0,74054.0,1.8509779999999998,0.674074,GBR,CIV,7788
1885275,83,44,1313,2006.0,0.0,4203.0,-0.9211739999999999,-0.738322,GHA,CIV,7788
1885276,97,44,1313,2006.0,3139.0,0.0,0.63347,1.276634,HKG,CIV,7788
1885277,102,44,1313,2006.0,247827.0,0.0,1.469539,0.8546090000000001,HUN,CIV,7788
1885278,104,44,1313,2006.0,32696.0,0.0,0.202078,2.594677,IND,CIV,7788
1885279,106,44,1313,2006.0,4173.0,0.0,1.501322,0.161375,IRL,CIV,7788
1885280,110,44,1313,2006.0,10480.0,0.0,1.286738,0.8783610000000001,ISR,CIV,7788
1885281,111,44,1313,2006.0,239377.0,0.0,1.416017,0.161859,ITA,CIV,7788
1885282,114,44,1313,2006.0,9145.0,0.0,2.442213,-0.046222000000000006,JPN,CIV,7788
1885283,121,44,1313,2006.0,14709.0,0.0,1.588589,0.799507,KOR,CIV,7788
1885284,124,44,1313,2006.0,1308.0,0.0,0.450113,1.7365119999999998,LBN,CIV,7788
1885285,134,44,1313,2006.0,1019.0,0.0,-0.41821499999999995,0.175231,MAR,CIV,7788
1885286,141,44,1313,2006.0,0.0,2213.0,-0.588006,-0.687707,MLI,CIV,7788
1885287,153,44,1313,2006.0,0.0,52219.0,0.9497270000000001,0.324179,MYS,CIV,7788
1885288,159,44,1313,2006.0,2617.0,0.0,-2.088278,-1.224464,NGA,CIV,7788
1885289,162,44,1313,2006.0,259486.0,228089.0,1.115718,1.4743680000000001,NLD,CIV,7788
1885290,163,44,1313,2006.0,8376.0,0.0,0.621685,-0.280378,NOR,CIV,7788
1885291,168,44,1313,2006.0,14476.0,0.0,-0.500494,0.334983,PAK,CIV,7788
1885292,179,44,1313,2006.0,1168.0,0.0,0.695569,1.7476200000000002,PRT,CIV,7788
1885293,186,44,1313,2006.0,0.0,1586.0,0.311252,-0.093895,RUS,CIV,7788
1885294,192,44,1313,2006.0,4664.0,0.0,1.670134,0.43955600000000006,SGP,CIV,7788
1885295,208,44,1313,2006.0,3651.0,0.0,1.921461,0.478688,SWE,CIV,7788
1885296,216,44,1313,2006.0,10974.0,64727.0,0.73283,1.419023,THA,CIV,7788
1885297,224,44,1313,2006.0,25058.0,0.0,0.41471,2.138217,TUR,CIV,7788
1885298,231,44,1313,2006.0,283750.0,1143.0,1.616918,-0.429924,USA,CIV,7788
1885299,246,44,1313,2006.0,102941.0,0.0,0.18317,1.675934,ZAF,CIV,7788
1885300,249,44,1313,2006.0,52116.0,0.0,1.6683169999999998,1.230621,TWN,CIV,7788
1885301,250,44,1313,2006.0,2302.0,0.0,0.202525,-0.46324499999999996,ANS,CIV,7788
1885302,7,45,1313,2006.0,63585.0,0.0,-0.12063900000000001,-0.817929,ARE,CMR,7788
1885303,8,45,1313,2006.0,4457.0,0.0,0.076917,1.06231,ARG,CMR,7788
1885304,15,45,1313,2006.0,11953.0,0.0,1.772588,-0.008943000000000001,AUT,CMR,7788
1885305,18,45,1313,2006.0,33817.0,0.0,1.234224,1.308065,BEL,CMR,7788
1885306,22,45,1313,2006.0,24258.0,0.0,-0.776517,-0.874408,BGD,CMR,7788
1885307,38,45,1313,2006.0,0.0,5041.0,-0.444701,-0.774726,CAF,CMR,7788
1885308,39,45,1313,2006.0,33424.0,1056.0,0.806511,1.466573,CAN,CMR,7788
1885309,41,45,1313,2006.0,31841.0,0.0,2.038668,0.46319,CHE,CMR,7788
1885310,43,45,1313,2006.0,168799.0,0.0,0.842242,1.7392740000000002,CHN,CMR,7788
1885311,44,45,1313,2006.0,1167.0,0.0,-0.9293,-0.853074,CIV,CMR,7788
1885312,47,45,1313,2006.0,0.0,1624.0,-1.8919540000000001,-1.272166,COG,CMR,7788
1885313,61,45,1313,2006.0,324762.0,11115.0,2.135679,-2.933329,DEU,CMR,7788
1885314,71,45,1313,2006.0,27861.0,0.0,0.9909459999999999,1.785809,ESP,CMR,7788
1885315,77,45,1313,2006.0,4268649.0,20923.0,1.499686,0.16705699999999998,FRA,CMR,7788
1885316,80,45,1313,2006.0,0.0,2030.0,-1.2162620000000002,-1.141485,GAB,CMR,7788
1885317,81,45,1313,2006.0,47896.0,2138.0,1.8509779999999998,0.674074,GBR,CMR,7788
1885318,89,45,1313,2006.0,0.0,5202.0,-2.448721,-0.949732,GNQ,CMR,7788
1885319,90,45,1313,2006.0,1385.0,0.0,0.183748,1.582167,GRC,CMR,7788
1885320,97,45,1313,2006.0,6354.0,0.0,0.63347,1.276634,HKG,CMR,7788
1885321,100,45,1313,2006.0,0.0,2602.0,0.866511,1.217552,HRV,CMR,7788
1885322,103,45,1313,2006.0,86157.0,0.0,0.0036969999999999998,1.703498,IDN,CMR,7788
1885323,104,45,1313,2006.0,113093.0,0.0,0.202078,2.594677,IND,CMR,7788
1885324,106,45,1313,2006.0,4688.0,0.0,1.501322,0.161375,IRL,CMR,7788
1885325,111,45,1313,2006.0,213650.0,3932.0,1.416017,0.161859,ITA,CMR,7788
1885326,114,45,1313,2006.0,18811.0,17092.0,2.442213,-0.046222000000000006,JPN,CMR,7788
1885327,116,45,1313,2006.0,1475.0,0.0,-0.402762,0.89869,KEN,CMR,7788
1885328,121,45,1313,2006.0,0.0,35828.0,1.588589,0.799507,KOR,CMR,7788
1885329,134,45,1313,2006.0,11548.0,0.0,-0.41821499999999995,0.175231,MAR,CMR,7788
1885330,153,45,1313,2006.0,0.0,1395.0,0.9497270000000001,0.324179,MYS,CMR,7788
1885331,159,45,1313,2006.0,2021.0,0.0,-2.088278,-1.224464,NGA,CMR,7788
1885332,162,45,1313,2006.0,43037.0,0.0,1.115718,1.4743680000000001,NLD,CMR,7788
1885333,163,45,1313,2006.0,10280.0,0.0,0.621685,-0.280378,NOR,CMR,7788
1885334,177,45,1313,2006.0,135419.0,0.0,1.0576860000000001,1.283664,POL,CMR,7788
1885335,191,45,1313,2006.0,2310.0,0.0,-0.548758,-0.152572,SEN,CMR,7788
1885336,192,45,1313,2006.0,7446.0,0.0,1.670134,0.43955600000000006,SGP,CMR,7788
1885337,208,45,1313,2006.0,4168.0,0.0,1.921461,0.478688,SWE,CMR,7788
1885338,216,45,1313,2006.0,0.0,7199.0,0.73283,1.419023,THA,CMR,7788
1885339,224,45,1313,2006.0,1547.0,0.0,0.41471,2.138217,TUR,CMR,7788
1885340,231,45,1313,2006.0,291291.0,15704.0,1.616918,-0.429924,USA,CMR,7788
1885341,246,45,1313,2006.0,185506.0,0.0,0.18317,1.675934,ZAF,CMR,7788
1885342,249,45,1313,2006.0,3660.0,0.0,1.6683169999999998,1.230621,TWN,CMR,7788
1885343,250,45,1313,2006.0,2997.0,0.0,0.202525,-0.46324499999999996,ANS,CMR,7788
1885344,8,54,1313,2006.0,8953.0,0.0,0.076917,1.06231,ARG,CUB,7788
1885345,14,54,1313,2006.0,3583.0,0.0,-0.183265,0.564314,AUS,CUB,7788
1885346,15,54,1313,2006.0,414516.0,0.0,1.772588,-0.008943000000000001,AUT,CUB,7788
1885347,18,54,1313,2006.0,9632.0,0.0,1.234224,1.308065,BEL,CUB,7788
1885348,23,54,1313,2006.0,9269.0,0.0,0.490234,1.581841,BGR,CUB,7788
1885349,31,54,1313,2006.0,0.0,4888.0,-0.9174540000000001,-0.8314729999999999,BOL,CUB,7788
1885350,32,54,1313,2006.0,177769.0,0.0,0.622959,1.413527,BRA,CUB,7788
1885351,39,54,1313,2006.0,3211914.0,9381.0,0.806511,1.466573,CAN,CUB,7788
1885352,41,54,1313,2006.0,9070.0,14316.0,2.038668,0.46319,CHE,CUB,7788
1885353,42,54,1313,2006.0,1235.0,0.0,-0.193151,-0.46637,CHL,CUB,7788
1885354,43,54,1313,2006.0,1043354.0,22989.0,0.842242,1.7392740000000002,CHN,CUB,7788
1885355,49,54,1313,2006.0,3081.0,0.0,0.162228,0.550616,COL,CUB,7788
1885356,52,54,1313,2006.0,43672.0,0.0,0.07128999999999999,-0.24274400000000002,CRI,CUB,7788
1885357,59,54,1313,2006.0,25760.0,0.0,1.6478549999999998,0.095131,CZE,CUB,7788
1885358,61,54,1313,2006.0,947909.0,4066.0,2.135679,-2.933329,DEU,CUB,7788
1885359,63,54,1313,2006.0,0.0,9148.0,0.203098,-0.09402999999999999,DMA,CUB,7788
1885360,64,54,1313,2006.0,20137.0,0.0,1.25209,1.133206,DNK,CUB,7788
1885361,65,54,1313,2006.0,2615.0,0.0,0.044542,0.178998,DOM,CUB,7788
1885362,71,54,1313,2006.0,2596448.0,14602.0,0.9909459999999999,1.785809,ESP,CUB,7788
1885363,77,54,1313,2006.0,73792.0,0.0,1.499686,0.16705699999999998,FRA,CUB,7788
1885364,81,54,1313,2006.0,221020.0,0.0,1.8509779999999998,0.674074,GBR,CUB,7788
1885365,97,54,1313,2006.0,38010.0,0.0,0.63347,1.276634,HKG,CUB,7788
1885366,99,54,1313,2006.0,0.0,23993.0,-0.520217,-0.41097399999999995,HND,CUB,7788
1885367,102,54,1313,2006.0,5797.0,0.0,1.469539,0.8546090000000001,HUN,CUB,7788
1885368,110,54,1313,2006.0,114556.0,0.0,1.286738,0.8783610000000001,ISR,CUB,7788
1885369,111,54,1313,2006.0,1753149.0,5992.0,1.416017,0.161859,ITA,CUB,7788
1885370,112,54,1313,2006.0,120408.0,0.0,-0.280417,-0.9436829999999999,JAM,CUB,7788
1885371,114,54,1313,2006.0,466582.0,370198.0,2.442213,-0.046222000000000006,JPN,CUB,7788
1885372,121,54,1313,2006.0,15469.0,0.0,1.588589,0.799507,KOR,CUB,7788
1885373,138,54,1313,2006.0,426677.0,1028.0,1.2996729999999999,0.655941,MEX,CUB,7788
1885374,153,54,1313,2006.0,9301.0,0.0,0.9497270000000001,0.324179,MYS,CUB,7788
1885375,160,54,1313,2006.0,0.0,11945.0,-0.9416120000000001,-0.888491,NIC,CUB,7788
1885376,162,54,1313,2006.0,174949.0,0.0,1.115718,1.4743680000000001,NLD,CUB,7788
1885377,163,54,1313,2006.0,6191.0,8587.0,0.621685,-0.280378,NOR,CUB,7788
1885378,166,54,1313,2006.0,3309.0,0.0,0.40442100000000003,0.821033,NZL,CUB,7788
1885379,169,54,1313,2006.0,1184820.0,0.0,0.511845,0.7560560000000001,PAN,CUB,7788
1885380,178,54,1313,2006.0,12371.0,0.0,0.649384,1.069006,PRK,CUB,7788
1885381,186,54,1313,2006.0,690124.0,0.0,0.311252,-0.093895,RUS,CUB,7788
1885382,192,54,1313,2006.0,43417.0,0.0,1.670134,0.43955600000000006,SGP,CUB,7788
1885383,197,54,1313,2006.0,2947.0,0.0,-0.127317,0.189904,SLV,CUB,7788
1885384,206,54,1313,2006.0,0.0,2695.0,1.3569950000000002,0.8663290000000001,SVK,CUB,7788
1885385,208,54,1313,2006.0,20219.0,0.0,1.921461,0.478688,SWE,CUB,7788
1885386,224,54,1313,2006.0,32089.0,0.0,0.41471,2.138217,TUR,CUB,7788
1885387,228,54,1313,2006.0,2534.0,0.0,0.598325,1.225485,UKR,CUB,7788
1885388,236,54,1313,2006.0,0.0,238147.0,-0.5559649999999999,-0.9988299999999999,VEN,CUB,7788
1885389,249,54,1313,2006.0,12206.0,14890.0,1.6683169999999998,1.230621,TWN,CUB,7788
1885390,5,66,1313,2006.0,4115.0,0.0,0.986957,0.458078,AND,DZA,7788
1885391,7,66,1313,2006.0,152576.0,0.0,-0.12063900000000001,-0.817929,ARE,DZA,7788
1885392,8,66,1313,2006.0,10918.0,0.0,0.076917,1.06231,ARG,DZA,7788
1885393,15,66,1313,2006.0,299968.0,0.0,1.772588,-0.008943000000000001,AUT,DZA,7788
1885394,18,66,1313,2006.0,3464626.0,0.0,1.234224,1.308065,BEL,DZA,7788
1885395,23,66,1313,2006.0,218400.0,0.0,0.490234,1.581841,BGR,DZA,7788
1885396,28,66,1313,2006.0,1416.0,0.0,0.948306,0.702786,BLR,DZA,7788
1885397,32,66,1313,2006.0,19445.0,0.0,0.622959,1.413527,BRA,DZA,7788
1885398,39,66,1313,2006.0,778059.0,0.0,0.806511,1.466573,CAN,DZA,7788
1885399,41,66,1313,2006.0,1936887.0,0.0,2.038668,0.46319,CHE,DZA,7788
1885400,43,66,1313,2006.0,4042024.0,14788.0,0.842242,1.7392740000000002,CHN,DZA,7788
1885401,59,66,1313,2006.0,18160.0,0.0,1.6478549999999998,0.095131,CZE,DZA,7788
1885402,61,66,1313,2006.0,5279996.0,0.0,2.135679,-2.933329,DEU,DZA,7788
1885403,64,66,1313,2006.0,292642.0,0.0,1.25209,1.133206,DNK,DZA,7788
1885404,68,66,1313,2006.0,136619.0,0.0,-0.305058,0.294265,EGY,DZA,7788
1885405,71,66,1313,2006.0,1364277.0,0.0,0.9909459999999999,1.785809,ESP,DZA,7788
1885406,74,66,1313,2006.0,106183.0,0.0,1.8630220000000002,0.87172,FIN,DZA,7788
1885407,77,66,1313,2006.0,9398243.0,4995.0,1.499686,0.16705699999999998,FRA,DZA,7788
1885408,81,66,1313,2006.0,1791639.0,12180.0,1.8509779999999998,0.674074,GBR,DZA,7788
1885409,90,66,1313,2006.0,31615.0,0.0,0.183748,1.582167,GRC,DZA,7788
1885410,97,66,1313,2006.0,57516.0,0.0,0.63347,1.276634,HKG,DZA,7788
1885411,100,66,1313,2006.0,141827.0,0.0,0.866511,1.217552,HRV,DZA,7788
1885412,102,66,1313,2006.0,164282.0,0.0,1.469539,0.8546090000000001,HUN,DZA,7788
1885413,103,66,1313,2006.0,32759.0,0.0,0.0036969999999999998,1.703498,IDN,DZA,7788
1885414,104,66,1313,2006.0,12485.0,0.0,0.202078,2.594677,IND,DZA,7788
1885415,106,66,1313,2006.0,381840.0,0.0,1.501322,0.161375,IRL,DZA,7788
1885416,111,66,1313,2006.0,3520768.0,1044.0,1.416017,0.161859,ITA,DZA,7788
1885417,114,66,1313,2006.0,1169473.0,0.0,2.442213,-0.046222000000000006,JPN,DZA,7788
1885418,121,66,1313,2006.0,375374.0,4013.0,1.588589,0.799507,KOR,DZA,7788
1885419,124,66,1313,2006.0,145269.0,0.0,0.450113,1.7365119999999998,LBN,DZA,7788
1885420,130,66,1313,2006.0,1299.0,0.0,0.553669,1.252767,LTU,DZA,7788
1885421,131,66,1313,2006.0,133630.0,0.0,1.285123,0.999081,LUX,DZA,7788
1885422,134,66,1313,2006.0,32224.0,0.0,-0.41821499999999995,0.175231,MAR,DZA,7788
1885423,138,66,1313,2006.0,8257.0,0.0,1.2996729999999999,0.655941,MEX,DZA,7788
1885424,153,66,1313,2006.0,58620.0,0.0,0.9497270000000001,0.324179,MYS,DZA,7788
1885425,162,66,1313,2006.0,159038.0,1212.0,1.115718,1.4743680000000001,NLD,DZA,7788
1885426,163,66,1313,2006.0,4278.0,0.0,0.621685,-0.280378,NOR,DZA,7788
1885427,177,66,1313,2006.0,7274.0,0.0,1.0576860000000001,1.283664,POL,DZA,7788
1885428,185,66,1313,2006.0,91030.0,0.0,0.733232,1.2149,ROU,DZA,7788
1885429,186,66,1313,2006.0,58880.0,0.0,0.311252,-0.093895,RUS,DZA,7788
1885430,192,66,1313,2006.0,46106.0,0.0,1.670134,0.43955600000000006,SGP,DZA,7788
1885431,207,66,1313,2006.0,3723.0,0.0,1.562187,0.612624,SVN,DZA,7788
1885432,208,66,1313,2006.0,87469.0,0.0,1.921461,0.478688,SWE,DZA,7788
1885433,209,66,1313,2006.0,860873.0,0.0,0.8177369999999999,0.302106,SWZ,DZA,7788
1885434,216,66,1313,2006.0,1475.0,0.0,0.73283,1.419023,THA,DZA,7788
1885435,217,66,1313,2006.0,2976.0,0.0,-0.9646819999999999,-1.166964,TJK,DZA,7788
1885436,223,66,1313,2006.0,85365.0,0.0,0.140257,0.528918,TUN,DZA,7788
1885437,224,66,1313,2006.0,228511.0,0.0,0.41471,2.138217,TUR,DZA,7788
1885438,228,66,1313,2006.0,25039.0,0.0,0.598325,1.225485,UKR,DZA,7788
1885439,231,66,1313,2006.0,3380368.0,1891.0,1.616918,-0.429924,USA,DZA,7788
1885440,246,66,1313,2006.0,70607.0,1525.0,0.18317,1.675934,ZAF,DZA,7788
1885441,249,66,1313,2006.0,388051.0,0.0,1.6683169999999998,1.230621,TWN,DZA,7788
1885442,250,66,1313,2006.0,235270.0,0.0,0.202525,-0.46324499999999996,ANS,DZA,7788
1885443,7,80,1313,2006.0,12692.0,0.0,-0.12063900000000001,-0.817929,ARE,GAB,7788
1885444,15,80,1313,2006.0,55354.0,0.0,1.772588,-0.008943000000000001,AUT,GAB,7788
1885445,18,80,1313,2006.0,60082.0,2377.0,1.234224,1.308065,BEL,GAB,7788
1885446,39,80,1313,2006.0,27376.0,0.0,0.806511,1.466573,CAN,GAB,7788
1885447,41,80,1313,2006.0,3379.0,0.0,2.038668,0.46319,CHE,GAB,7788
1885448,43,80,1313,2006.0,623780.0,0.0,0.842242,1.7392740000000002,CHN,GAB,7788
1885449,45,80,1313,2006.0,2030.0,0.0,-1.570753,-1.22499,CMR,GAB,7788
1885450,47,80,1313,2006.0,2254.0,6142.0,-1.8919540000000001,-1.272166,COG,GAB,7788
1885451,61,80,1313,2006.0,133800.0,0.0,2.135679,-2.933329,DEU,GAB,7788
1885452,64,80,1313,2006.0,2080.0,0.0,1.25209,1.133206,DNK,GAB,7788
1885453,71,80,1313,2006.0,16181.0,0.0,0.9909459999999999,1.785809,ESP,GAB,7788
1885454,77,80,1313,2006.0,2354028.0,23104.0,1.499686,0.16705699999999998,FRA,GAB,7788
1885455,81,80,1313,2006.0,173507.0,1224.0,1.8509779999999998,0.674074,GBR,GAB,7788
1885456,97,80,1313,2006.0,0.0,4294.0,0.63347,1.276634,HKG,GAB,7788
1885457,104,80,1313,2006.0,1076.0,0.0,0.202078,2.594677,IND,GAB,7788
1885458,106,80,1313,2006.0,0.0,4395.0,1.501322,0.161375,IRL,GAB,7788
1885459,111,80,1313,2006.0,37504.0,0.0,1.416017,0.161859,ITA,GAB,7788
1885460,114,80,1313,2006.0,2635.0,0.0,2.442213,-0.046222000000000006,JPN,GAB,7788
1885461,134,80,1313,2006.0,1031.0,0.0,-0.41821499999999995,0.175231,MAR,GAB,7788
1885462,162,80,1313,2006.0,84405.0,0.0,1.115718,1.4743680000000001,NLD,GAB,7788
1885463,163,80,1313,2006.0,107566.0,0.0,0.621685,-0.280378,NOR,GAB,7788
1885464,177,80,1313,2006.0,0.0,7674.0,1.0576860000000001,1.283664,POL,GAB,7788
1885465,192,80,1313,2006.0,4075.0,0.0,1.670134,0.43955600000000006,SGP,GAB,7788
1885466,208,80,1313,2006.0,12045.0,0.0,1.921461,0.478688,SWE,GAB,7788
1885467,216,80,1313,2006.0,0.0,26310.0,0.73283,1.419023,THA,GAB,7788
1885468,231,80,1313,2006.0,342990.0,14422.0,1.616918,-0.429924,USA,GAB,7788
1885469,246,80,1313,2006.0,26442.0,0.0,0.18317,1.675934,ZAF,GAB,7788
1885470,7,83,1313,2006.0,47152.0,0.0,-0.12063900000000001,-0.817929,ARE,GHA,7788
1885471,14,83,1313,2006.0,265722.0,0.0,-0.183265,0.564314,AUS,GHA,7788
1885472,15,83,1313,2006.0,87363.0,0.0,1.772588,-0.008943000000000001,AUT,GHA,7788
1885473,18,83,1313,2006.0,407449.0,9595.0,1.234224,1.308065,BEL,GHA,7788
1885474,28,83,1313,2006.0,1113.0,0.0,0.948306,0.702786,BLR,GHA,7788
1885475,39,83,1313,2006.0,32927.0,0.0,0.806511,1.466573,CAN,GHA,7788
1885476,41,83,1313,2006.0,26048.0,0.0,2.038668,0.46319,CHE,GHA,7788
1885477,43,83,1313,2006.0,2304874.0,0.0,0.842242,1.7392740000000002,CHN,GHA,7788
1885478,44,83,1313,2006.0,4203.0,0.0,-0.9293,-0.853074,CIV,GHA,7788
1885479,59,83,1313,2006.0,75760.0,0.0,1.6478549999999998,0.095131,CZE,GHA,7788
1885480,61,83,1313,2006.0,592786.0,6696.0,2.135679,-2.933329,DEU,GHA,7788
1885481,64,83,1313,2006.0,19621.0,0.0,1.25209,1.133206,DNK,GHA,7788
1885482,71,83,1313,2006.0,31206.0,11138.0,0.9909459999999999,1.785809,ESP,GHA,7788
1885483,74,83,1313,2006.0,53867.0,0.0,1.8630220000000002,0.87172,FIN,GHA,7788
1885484,77,83,1313,2006.0,766258.0,0.0,1.499686,0.16705699999999998,FRA,GHA,7788
1885485,81,83,1313,2006.0,12176489.0,5167.0,1.8509779999999998,0.674074,GBR,GHA,7788
1885486,90,83,1313,2006.0,1640.0,0.0,0.183748,1.582167,GRC,GHA,7788
1885487,97,83,1313,2006.0,13481.0,0.0,0.63347,1.276634,HKG,GHA,7788
1885488,100,83,1313,2006.0,1646.0,0.0,0.866511,1.217552,HRV,GHA,7788
1885489,104,83,1313,2006.0,114875.0,0.0,0.202078,2.594677,IND,GHA,7788
1885490,106,83,1313,2006.0,7830.0,0.0,1.501322,0.161375,IRL,GHA,7788
1885491,110,83,1313,2006.0,265813.0,1523.0,1.286738,0.8783610000000001,ISR,GHA,7788
1885492,111,83,1313,2006.0,92725.0,0.0,1.416017,0.161859,ITA,GHA,7788
1885493,114,83,1313,2006.0,27941.0,0.0,2.442213,-0.046222000000000006,JPN,GHA,7788
1885494,121,83,1313,2006.0,11913.0,0.0,1.588589,0.799507,KOR,GHA,7788
1885495,124,83,1313,2006.0,13723.0,0.0,0.450113,1.7365119999999998,LBN,GHA,7788
1885496,134,83,1313,2006.0,6398.0,0.0,-0.41821499999999995,0.175231,MAR,GHA,7788
1885497,153,83,1313,2006.0,7321.0,0.0,0.9497270000000001,0.324179,MYS,GHA,7788
1885498,162,83,1313,2006.0,334157.0,0.0,1.115718,1.4743680000000001,NLD,GHA,7788
1885499,163,83,1313,2006.0,28367.0,0.0,0.621685,-0.280378,NOR,GHA,7788
1885500,166,83,1313,2006.0,14487.0,0.0,0.40442100000000003,0.821033,NZL,GHA,7788
1885501,168,83,1313,2006.0,31381.0,0.0,-0.500494,0.334983,PAK,GHA,7788
1885502,177,83,1313,2006.0,53102.0,0.0,1.0576860000000001,1.283664,POL,GHA,7788
1885503,179,83,1313,2006.0,1377.0,0.0,0.695569,1.7476200000000002,PRT,GHA,7788
1885504,186,83,1313,2006.0,8129.0,0.0,0.311252,-0.093895,RUS,GHA,7788
1885505,192,83,1313,2006.0,31545.0,0.0,1.670134,0.43955600000000006,SGP,GHA,7788
1885506,208,83,1313,2006.0,7230.0,0.0,1.921461,0.478688,SWE,GHA,7788
1885507,216,83,1313,2006.0,6796.0,0.0,0.73283,1.419023,THA,GHA,7788
1885508,224,83,1313,2006.0,37243.0,0.0,0.41471,2.138217,TUR,GHA,7788
1885509,231,83,1313,2006.0,701503.0,0.0,1.616918,-0.429924,USA,GHA,7788
1885510,246,83,1313,2006.0,1020095.0,0.0,0.18317,1.675934,ZAF,GHA,7788
1885511,249,83,1313,2006.0,47743.0,0.0,1.6683169999999998,1.230621,TWN,GHA,7788
1885512,7,134,1313,2006.0,39227.0,0.0,-0.12063900000000001,-0.817929,ARE,MAR,7788
1885513,14,134,1313,2006.0,126861.0,0.0,-0.183265,0.564314,AUS,MAR,7788
1885514,15,134,1313,2006.0,257804.0,1360.0,1.772588,-0.008943000000000001,AUT,MAR,7788
1885515,18,134,1313,2006.0,1221441.0,2621.0,1.234224,1.308065,BEL,MAR,7788
1885516,19,134,1313,2006.0,0.0,10433.0,-1.093919,-0.9748319999999999,BEN,MAR,7788
1885517,21,134,1313,2006.0,0.0,5519.0,-0.81399,-0.972464,BFA,MAR,7788
1885518,23,134,1313,2006.0,18562.0,0.0,0.490234,1.581841,BGR,MAR,7788
1885519,32,134,1313,2006.0,139190.0,65204.0,0.622959,1.413527,BRA,MAR,7788
1885520,39,134,1313,2006.0,75364.0,11489.0,0.806511,1.466573,CAN,MAR,7788
1885521,41,134,1313,2006.0,463850.0,0.0,2.038668,0.46319,CHE,MAR,7788
1885522,43,134,1313,2006.0,6576626.0,37414.0,0.842242,1.7392740000000002,CHN,MAR,7788
1885523,44,134,1313,2006.0,0.0,1019.0,-0.9293,-0.853074,CIV,MAR,7788
1885524,45,134,1313,2006.0,0.0,11548.0,-1.570753,-1.22499,CMR,MAR,7788
1885525,47,134,1313,2006.0,0.0,5025.0,-1.8919540000000001,-1.272166,COG,MAR,7788
1885526,59,134,1313,2006.0,62964.0,1159.0,1.6478549999999998,0.095131,CZE,MAR,7788
1885527,61,134,1313,2006.0,2835700.0,91638.0,2.135679,-2.933329,DEU,MAR,7788
1885528,64,134,1313,2006.0,81838.0,0.0,1.25209,1.133206,DNK,MAR,7788
1885529,65,134,1313,2006.0,1847.0,0.0,0.044542,0.178998,DOM,MAR,7788
1885530,66,134,1313,2006.0,0.0,32224.0,-1.079717,-1.153102,DZA,MAR,7788
1885531,68,134,1313,2006.0,2651.0,0.0,-0.305058,0.294265,EGY,MAR,7788
1885532,71,134,1313,2006.0,47389620.0,16001726.0,0.9909459999999999,1.785809,ESP,MAR,7788
1885533,74,134,1313,2006.0,51048.0,468741.0,1.8630220000000002,0.87172,FIN,MAR,7788
1885534,77,134,1313,2006.0,30546476.0,9237540.0,1.499686,0.16705699999999998,FRA,MAR,7788
1885535,80,134,1313,2006.0,0.0,1031.0,-1.2162620000000002,-1.141485,GAB,MAR,7788
1885536,81,134,1313,2006.0,866175.0,50745.0,1.8509779999999998,0.674074,GBR,MAR,7788
1885537,83,134,1313,2006.0,0.0,6398.0,-0.9211739999999999,-0.738322,GHA,MAR,7788
1885538,85,134,1313,2006.0,0.0,3534.0,-1.526825,-1.191811,GIN,MAR,7788
1885539,89,134,1313,2006.0,0.0,3285.0,-2.448721,-0.949732,GNQ,MAR,7788
1885540,90,134,1313,2006.0,35287.0,0.0,0.183748,1.582167,GRC,MAR,7788
1885541,97,134,1313,2006.0,404739.0,177158.0,0.63347,1.276634,HKG,MAR,7788
1885542,102,134,1313,2006.0,32464.0,3332.0,1.469539,0.8546090000000001,HUN,MAR,7788
1885543,103,134,1313,2006.0,437269.0,0.0,0.0036969999999999998,1.703498,IDN,MAR,7788
1885544,104,134,1313,2006.0,326397.0,64897.0,0.202078,2.594677,IND,MAR,7788
1885545,106,134,1313,2006.0,484322.0,0.0,1.501322,0.161375,IRL,MAR,7788
1885546,111,134,1313,2006.0,3237364.0,73543.0,1.416017,0.161859,ITA,MAR,7788
1885547,114,134,1313,2006.0,1689945.0,0.0,2.442213,-0.046222000000000006,JPN,MAR,7788
1885548,121,134,1313,2006.0,509278.0,8662.0,1.588589,0.799507,KOR,MAR,7788
1885549,126,134,1313,2006.0,0.0,23148.0,-0.7543529999999999,-1.123674,LBY,MAR,7788
1885550,131,134,1313,2006.0,71631.0,0.0,1.285123,0.999081,LUX,MAR,7788
1885551,132,134,1313,2006.0,7181.0,0.0,0.548453,1.027836,LVA,MAR,7788
1885552,138,134,1313,2006.0,40438.0,39087.0,1.2996729999999999,0.655941,MEX,MAR,7788
1885553,141,134,1313,2006.0,0.0,86974.0,-0.588006,-0.687707,MLI,MAR,7788
1885554,148,134,1313,2006.0,0.0,13446.0,-1.729545,-1.284734,MRT,MAR,7788
1885555,153,134,1313,2006.0,1687927.0,21303.0,0.9497270000000001,0.324179,MYS,MAR,7788
1885556,159,134,1313,2006.0,0.0,1795.0,-2.088278,-1.224464,NGA,MAR,7788
1885557,162,134,1313,2006.0,2366455.0,45172.0,1.115718,1.4743680000000001,NLD,MAR,7788
1885558,163,134,1313,2006.0,17735.0,0.0,0.621685,-0.280378,NOR,MAR,7788
1885559,166,134,1313,2006.0,0.0,2041.0,0.40442100000000003,0.821033,NZL,MAR,7788
1885560,177,134,1313,2006.0,3829.0,7524.0,1.0576860000000001,1.283664,POL,MAR,7788
1885561,179,134,1313,2006.0,2894084.0,166349.0,0.695569,1.7476200000000002,PRT,MAR,7788
1885562,186,134,1313,2006.0,449324.0,0.0,0.311252,-0.093895,RUS,MAR,7788
1885563,191,134,1313,2006.0,0.0,79552.0,-0.548758,-0.152572,SEN,MAR,7788
1885564,192,134,1313,2006.0,4321394.0,408930.0,1.670134,0.43955600000000006,SGP,MAR,7788
1885565,206,134,1313,2006.0,0.0,2943.0,1.3569950000000002,0.8663290000000001,SVK,MAR,7788
1885566,207,134,1313,2006.0,393484.0,0.0,1.562187,0.612624,SVN,MAR,7788
1885567,208,134,1313,2006.0,414239.0,0.0,1.921461,0.478688,SWE,MAR,7788
1885568,214,134,1313,2006.0,0.0,6663.0,-2.842809,-0.9798959999999999,TCD,MAR,7788
1885569,215,134,1313,2006.0,0.0,20745.0,-0.81795,-0.567823,TGO,MAR,7788
1885570,216,134,1313,2006.0,10308.0,192687.0,0.73283,1.419023,THA,MAR,7788
1885571,223,134,1313,2006.0,19522.0,80952.0,0.140257,0.528918,TUN,MAR,7788
1885572,224,134,1313,2006.0,216907.0,0.0,0.41471,2.138217,TUR,MAR,7788
1885573,231,134,1313,2006.0,1666864.0,38890.0,1.616918,-0.429924,USA,MAR,7788
1885574,246,134,1313,2006.0,3029.0,0.0,0.18317,1.675934,ZAF,MAR,7788
1885575,249,134,1313,2006.0,495239.0,17206.0,1.6683169999999998,1.230621,TWN,MAR,7788
1885576,14,136,1313,2006.0,2961.0,0.0,-0.183265,0.564314,AUS,MDG,7788
1885577,15,136,1313,2006.0,3266.0,0.0,1.772588,-0.008943000000000001,AUT,MDG,7788
1885578,18,136,1313,2006.0,537902.0,0.0,1.234224,1.308065,BEL,MDG,7788
1885579,39,136,1313,2006.0,0.0,3476.0,0.806511,1.466573,CAN,MDG,7788
1885580,41,136,1313,2006.0,11529.0,0.0,2.038668,0.46319,CHE,MDG,7788
1885581,43,136,1313,2006.0,86707.0,5533.0,0.842242,1.7392740000000002,CHN,MDG,7788
1885582,61,136,1313,2006.0,146704.0,0.0,2.135679,-2.933329,DEU,MDG,7788
1885583,71,136,1313,2006.0,17514.0,3392.0,0.9909459999999999,1.785809,ESP,MDG,7788
1885584,77,136,1313,2006.0,697129.0,185103.0,1.499686,0.16705699999999998,FRA,MDG,7788
1885585,81,136,1313,2006.0,10747.0,22979.0,1.8509779999999998,0.674074,GBR,MDG,7788
1885586,90,136,1313,2006.0,0.0,7403.0,0.183748,1.582167,GRC,MDG,7788
1885587,97,136,1313,2006.0,25711.0,1094.0,0.63347,1.276634,HKG,MDG,7788
1885588,104,136,1313,2006.0,102608.0,0.0,0.202078,2.594677,IND,MDG,7788
1885589,110,136,1313,2006.0,96326.0,0.0,1.286738,0.8783610000000001,ISR,MDG,7788
1885590,111,136,1313,2006.0,47109.0,0.0,1.416017,0.161859,ITA,MDG,7788
1885591,114,136,1313,2006.0,9476.0,0.0,2.442213,-0.046222000000000006,JPN,MDG,7788
1885592,121,136,1313,2006.0,1434.0,0.0,1.588589,0.799507,KOR,MDG,7788
1885593,151,136,1313,2006.0,15856.0,0.0,-0.214308,-0.140502,MUS,MDG,7788
1885594,162,136,1313,2006.0,4632.0,0.0,1.115718,1.4743680000000001,NLD,MDG,7788
1885595,192,136,1313,2006.0,44128.0,0.0,1.670134,0.43955600000000006,SGP,MDG,7788
1885596,216,136,1313,2006.0,2293.0,0.0,0.73283,1.419023,THA,MDG,7788
1885597,231,136,1313,2006.0,92203.0,0.0,1.616918,-0.429924,USA,MDG,7788
1885598,246,136,1313,2006.0,81684.0,0.0,0.18317,1.675934,ZAF,MDG,7788
1885599,249,136,1313,2006.0,4216.0,0.0,1.6683169999999998,1.230621,TWN,MDG,7788
1885600,250,136,1313,2006.0,303061.0,10669.0,0.202525,-0.46324499999999996,ANS,MDG,7788
1885601,7,142,1313,2006.0,1480.0,0.0,-0.12063900000000001,-0.817929,ARE,MLT,7788
1885602,14,142,1313,2006.0,9867.0,2156106.0,-0.183265,0.564314,AUS,MLT,7788
1885603,15,142,1313,2006.0,186314.0,18032.0,1.772588,-0.008943000000000001,AUT,MLT,7788
1885604,18,142,1313,2006.0,71567.0,43832.0,1.234224,1.308065,BEL,MLT,7788
1885605,23,142,1313,2006.0,20159.0,1278.0,0.490234,1.581841,BGR,MLT,7788
1885606,24,142,1313,2006.0,0.0,1308.0,-0.220239,-1.07936,BHR,MLT,7788
1885607,32,142,1313,2006.0,0.0,21041.0,0.622959,1.413527,BRA,MLT,7788
1885608,39,142,1313,2006.0,11005.0,20990.0,0.806511,1.466573,CAN,MLT,7788
1885609,41,142,1313,2006.0,54662.0,18112.0,2.038668,0.46319,CHE,MLT,7788
1885610,43,142,1313,2006.0,261685.0,71982.0,0.842242,1.7392740000000002,CHN,MLT,7788
1885611,58,142,1313,2006.0,4759.0,0.0,0.728916,0.023954,CYP,MLT,7788
1885612,59,142,1313,2006.0,78691.0,282341.0,1.6478549999999998,0.095131,CZE,MLT,7788
1885613,61,142,1313,2006.0,3601982.0,4079881.0,2.135679,-2.933329,DEU,MLT,7788
1885614,64,142,1313,2006.0,611805.0,0.0,1.25209,1.133206,DNK,MLT,7788
1885615,68,142,1313,2006.0,0.0,1560.0,-0.305058,0.294265,EGY,MLT,7788
1885616,71,142,1313,2006.0,301693.0,0.0,0.9909459999999999,1.785809,ESP,MLT,7788
1885617,74,142,1313,2006.0,3090.0,0.0,1.8630220000000002,0.87172,FIN,MLT,7788
1885618,77,142,1313,2006.0,5581078.0,84940.0,1.499686,0.16705699999999998,FRA,MLT,7788
1885619,81,142,1313,2006.0,2728326.0,22279.0,1.8509779999999998,0.674074,GBR,MLT,7788
1885620,90,142,1313,2006.0,16975.0,6634.0,0.183748,1.582167,GRC,MLT,7788
1885621,97,142,1313,2006.0,58632.0,27864.0,0.63347,1.276634,HKG,MLT,7788
1885622,100,142,1313,2006.0,0.0,154327.0,0.866511,1.217552,HRV,MLT,7788
1885623,102,142,1313,2006.0,109532.0,0.0,1.469539,0.8546090000000001,HUN,MLT,7788
1885624,103,142,1313,2006.0,7733.0,0.0,0.0036969999999999998,1.703498,IDN,MLT,7788
1885625,104,142,1313,2006.0,169375.0,0.0,0.202078,2.594677,IND,MLT,7788
1885626,106,142,1313,2006.0,10250.0,2839.0,1.501322,0.161375,IRL,MLT,7788
1885627,110,142,1313,2006.0,17663.0,1136.0,1.286738,0.8783610000000001,ISR,MLT,7788
1885628,111,142,1313,2006.0,3592292.0,552396.0,1.416017,0.161859,ITA,MLT,7788
1885629,114,142,1313,2006.0,44335.0,5030.0,2.442213,-0.046222000000000006,JPN,MLT,7788
1885630,121,142,1313,2006.0,36614.0,3611.0,1.588589,0.799507,KOR,MLT,7788
1885631,126,142,1313,2006.0,0.0,699021.0,-0.7543529999999999,-1.123674,LBY,MLT,7788
1885632,138,142,1313,2006.0,0.0,2591.0,1.2996729999999999,0.655941,MEX,MLT,7788
1885633,153,142,1313,2006.0,15875.0,106819.0,0.9497270000000001,0.324179,MYS,MLT,7788
1885634,162,142,1313,2006.0,2653244.0,29974.0,1.115718,1.4743680000000001,NLD,MLT,7788
1885635,163,142,1313,2006.0,113762.0,0.0,0.621685,-0.280378,NOR,MLT,7788
1885636,166,142,1313,2006.0,6892.0,0.0,0.40442100000000003,0.821033,NZL,MLT,7788
1885637,177,142,1313,2006.0,14915.0,0.0,1.0576860000000001,1.283664,POL,MLT,7788
1885638,179,142,1313,2006.0,4108.0,0.0,0.695569,1.7476200000000002,PRT,MLT,7788
1885639,185,142,1313,2006.0,41768.0,14869.0,0.733232,1.2149,ROU,MLT,7788
1885640,192,142,1313,2006.0,8877209.0,40804.0,1.670134,0.43955600000000006,SGP,MLT,7788
1885641,201,142,1313,2006.0,0.0,33588.0,0.581078,1.5831600000000001,SRB,MLT,7788
1885642,206,142,1313,2006.0,8690.0,0.0,1.3569950000000002,0.8663290000000001,SVK,MLT,7788
1885643,207,142,1313,2006.0,2439.0,0.0,1.562187,0.612624,SVN,MLT,7788
1885644,208,142,1313,2006.0,378576.0,0.0,1.921461,0.478688,SWE,MLT,7788
1885645,216,142,1313,2006.0,4976.0,27108.0,0.73283,1.419023,THA,MLT,7788
1885646,223,142,1313,2006.0,0.0,13972.0,0.140257,0.528918,TUN,MLT,7788
1885647,224,142,1313,2006.0,26810.0,295626.0,0.41471,2.138217,TUR,MLT,7788
1885648,228,142,1313,2006.0,0.0,1922.0,0.598325,1.225485,UKR,MLT,7788
1885649,231,142,1313,2006.0,788832.0,650457.0,1.616918,-0.429924,USA,MLT,7788
1885650,249,142,1313,2006.0,108194.0,283502.0,1.6683169999999998,1.230621,TWN,MLT,7788
1885651,14,148,1313,2006.0,5667.0,0.0,-0.183265,0.564314,AUS,MRT,7788
1885652,18,148,1313,2006.0,3510.0,0.0,1.234224,1.308065,BEL,MRT,7788
1885653,32,148,1313,2006.0,1020.0,0.0,0.622959,1.413527,BRA,MRT,7788
1885654,39,148,1313,2006.0,1903.0,0.0,0.806511,1.466573,CAN,MRT,7788
1885655,43,148,1313,2006.0,26665.0,0.0,0.842242,1.7392740000000002,CHN,MRT,7788
1885656,61,148,1313,2006.0,26402.0,0.0,2.135679,-2.933329,DEU,MRT,7788
1885657,71,148,1313,2006.0,163216.0,0.0,0.9909459999999999,1.785809,ESP,MRT,7788
1885658,77,148,1313,2006.0,668864.0,2275.0,1.499686,0.16705699999999998,FRA,MRT,7788
1885659,81,148,1313,2006.0,1846.0,15972.0,1.8509779999999998,0.674074,GBR,MRT,7788
1885660,111,148,1313,2006.0,19607.0,2088.0,1.416017,0.161859,ITA,MRT,7788
1885661,114,148,1313,2006.0,6368.0,0.0,2.442213,-0.046222000000000006,JPN,MRT,7788
1885662,134,148,1313,2006.0,13446.0,0.0,-0.41821499999999995,0.175231,MAR,MRT,7788
1885663,162,148,1313,2006.0,21081.0,0.0,1.115718,1.4743680000000001,NLD,MRT,7788
1885664,163,148,1313,2006.0,13663.0,0.0,0.621685,-0.280378,NOR,MRT,7788
1885665,191,148,1313,2006.0,4482.0,0.0,-0.548758,-0.152572,SEN,MRT,7788
1885666,231,148,1313,2006.0,191316.0,4205.0,1.616918,-0.429924,USA,MRT,7788
1885667,246,148,1313,2006.0,7499.0,0.0,0.18317,1.675934,ZAF,MRT,7788
1885668,250,148,1313,2006.0,3978.0,0.0,0.202525,-0.46324499999999996,ANS,MRT,7788
1885669,7,151,1313,2006.0,1184.0,0.0,-0.12063900000000001,-0.817929,ARE,MUS,7788
1885670,14,151,1313,2006.0,35046.0,0.0,-0.183265,0.564314,AUS,MUS,7788
1885671,15,151,1313,2006.0,4688.0,0.0,1.772588,-0.008943000000000001,AUT,MUS,7788
1885672,18,151,1313,2006.0,10082.0,0.0,1.234224,1.308065,BEL,MUS,7788
1885673,39,151,1313,2006.0,23068.0,0.0,0.806511,1.466573,CAN,MUS,7788
1885674,41,151,1313,2006.0,62919.0,0.0,2.038668,0.46319,CHE,MUS,7788
1885675,43,151,1313,2006.0,241027.0,0.0,0.842242,1.7392740000000002,CHN,MUS,7788
1885676,59,151,1313,2006.0,13197.0,1301.0,1.6478549999999998,0.095131,CZE,MUS,7788
1885677,61,151,1313,2006.0,309343.0,2193.0,2.135679,-2.933329,DEU,MUS,7788
1885678,64,151,1313,2006.0,4423.0,13458.0,1.25209,1.133206,DNK,MUS,7788
1885679,71,151,1313,2006.0,40299.0,0.0,0.9909459999999999,1.785809,ESP,MUS,7788
1885680,74,151,1313,2006.0,93641.0,0.0,1.8630220000000002,0.87172,FIN,MUS,7788
1885681,77,151,1313,2006.0,550727.0,254657.0,1.499686,0.16705699999999998,FRA,MUS,7788
1885682,81,151,1313,2006.0,2030061.0,127612.0,1.8509779999999998,0.674074,GBR,MUS,7788
1885683,97,151,1313,2006.0,186141.0,0.0,0.63347,1.276634,HKG,MUS,7788
1885684,102,151,1313,2006.0,1990.0,0.0,1.469539,0.8546090000000001,HUN,MUS,7788
1885685,103,151,1313,2006.0,13813.0,0.0,0.0036969999999999998,1.703498,IDN,MUS,7788
1885686,104,151,1313,2006.0,151352.0,318071.0,0.202078,2.594677,IND,MUS,7788
1885687,106,151,1313,2006.0,1862.0,0.0,1.501322,0.161375,IRL,MUS,7788
1885688,110,151,1313,2006.0,18730.0,0.0,1.286738,0.8783610000000001,ISR,MUS,7788
1885689,111,151,1313,2006.0,346624.0,31247.0,1.416017,0.161859,ITA,MUS,7788
1885690,114,151,1313,2006.0,51890.0,0.0,2.442213,-0.046222000000000006,JPN,MUS,7788
1885691,121,151,1313,2006.0,34561.0,56432.0,1.588589,0.799507,KOR,MUS,7788
1885692,130,151,1313,2006.0,2043.0,0.0,0.553669,1.252767,LTU,MUS,7788
1885693,136,151,1313,2006.0,0.0,15856.0,-0.772571,-0.521647,MDG,MUS,7788
1885694,138,151,1313,2006.0,2054.0,0.0,1.2996729999999999,0.655941,MEX,MUS,7788
1885695,153,151,1313,2006.0,508236.0,0.0,0.9497270000000001,0.324179,MYS,MUS,7788
1885696,155,151,1313,2006.0,0.0,2815.0,-0.425389,-0.690279,NAM,MUS,7788
1885697,162,151,1313,2006.0,112060.0,16852.0,1.115718,1.4743680000000001,NLD,MUS,7788
1885698,163,151,1313,2006.0,4071.0,0.0,0.621685,-0.280378,NOR,MUS,7788
1885699,166,151,1313,2006.0,17756.0,0.0,0.40442100000000003,0.821033,NZL,MUS,7788
1885700,177,151,1313,2006.0,8167.0,0.0,1.0576860000000001,1.283664,POL,MUS,7788
1885701,179,151,1313,2006.0,7392.0,0.0,0.695569,1.7476200000000002,PRT,MUS,7788
1885702,186,151,1313,2006.0,1459.0,0.0,0.311252,-0.093895,RUS,MUS,7788
1885703,192,151,1313,2006.0,428559.0,0.0,1.670134,0.43955600000000006,SGP,MUS,7788
1885704,208,151,1313,2006.0,1809.0,0.0,1.921461,0.478688,SWE,MUS,7788
1885705,211,151,1313,2006.0,0.0,7778.0,-0.45782,-0.822773,SYC,MUS,7788
1885706,216,151,1313,2006.0,11462.0,0.0,0.73283,1.419023,THA,MUS,7788
1885707,223,151,1313,2006.0,1606.0,0.0,0.140257,0.528918,TUN,MUS,7788
1885708,224,151,1313,2006.0,1971.0,0.0,0.41471,2.138217,TUR,MUS,7788
1885709,226,151,1313,2006.0,0.0,33667.0,-0.804761,0.6328729999999999,TZA,MUS,7788
1885710,231,151,1313,2006.0,173840.0,87594.0,1.616918,-0.429924,USA,MUS,7788
1885711,239,151,1313,2006.0,1167.0,0.0,-0.089404,0.986066,VNM,MUS,7788
1885712,246,151,1313,2006.0,921533.0,3248.0,0.18317,1.675934,ZAF,MUS,7788
1885713,247,151,1313,2006.0,0.0,13415.0,-0.8819040000000001,-0.990542,ZMB,MUS,7788
1885714,249,151,1313,2006.0,340790.0,0.0,1.6683169999999998,1.230621,TWN,MUS,7788
1885715,2,155,1313,2006.0,0.0,65451.0,-2.2010959999999997,-1.189215,AGO,NAM,7788
1885716,7,155,1313,2006.0,5798.0,0.0,-0.12063900000000001,-0.817929,ARE,NAM,7788
1885717,14,155,1313,2006.0,2339.0,1514.0,-0.183265,0.564314,AUS,NAM,7788
1885718,37,155,1313,2006.0,0.0,1834.0,-0.958566,-1.202559,BWA,NAM,7788
1885719,39,155,1313,2006.0,8196.0,3192.0,0.806511,1.466573,CAN,NAM,7788
1885720,41,155,1313,2006.0,68399.0,0.0,2.038668,0.46319,CHE,NAM,7788
1885721,43,155,1313,2006.0,25788.0,2448.0,0.842242,1.7392740000000002,CHN,NAM,7788
1885722,61,155,1313,2006.0,276080.0,1141.0,2.135679,-2.933329,DEU,NAM,7788
1885723,64,155,1313,2006.0,4864.0,0.0,1.25209,1.133206,DNK,NAM,7788
1885724,71,155,1313,2006.0,22433.0,2471.0,0.9909459999999999,1.785809,ESP,NAM,7788
1885725,74,155,1313,2006.0,3099.0,0.0,1.8630220000000002,0.87172,FIN,NAM,7788
1885726,77,155,1313,2006.0,132415.0,10456.0,1.499686,0.16705699999999998,FRA,NAM,7788
1885727,81,155,1313,2006.0,93182.0,0.0,1.8509779999999998,0.674074,GBR,NAM,7788
1885728,97,155,1313,2006.0,5940.0,0.0,0.63347,1.276634,HKG,NAM,7788
1885729,103,155,1313,2006.0,12971.0,0.0,0.0036969999999999998,1.703498,IDN,NAM,7788
1885730,106,155,1313,2006.0,13058.0,0.0,1.501322,0.161375,IRL,NAM,7788
1885731,109,155,1313,2006.0,6983.0,0.0,0.06816699999999999,-0.36412,ISL,NAM,7788
1885732,110,155,1313,2006.0,48636.0,3883.0,1.286738,0.8783610000000001,ISR,NAM,7788
1885733,111,155,1313,2006.0,27179.0,0.0,1.416017,0.161859,ITA,NAM,7788
1885734,114,155,1313,2006.0,1379.0,0.0,2.442213,-0.046222000000000006,JPN,NAM,7788
1885735,133,155,1313,2006.0,144536.0,0.0,0.120923,-0.266158,MAC,NAM,7788
1885736,138,155,1313,2006.0,0.0,33927.0,1.2996729999999999,0.655941,MEX,NAM,7788
1885737,151,155,1313,2006.0,2815.0,0.0,-0.214308,-0.140502,MUS,NAM,7788
1885738,162,155,1313,2006.0,12417.0,7811.0,1.115718,1.4743680000000001,NLD,NAM,7788
1885739,163,155,1313,2006.0,86872.0,4934.0,0.621685,-0.280378,NOR,NAM,7788
1885740,186,155,1313,2006.0,2839.0,0.0,0.311252,-0.093895,RUS,NAM,7788
1885741,208,155,1313,2006.0,1215.0,0.0,1.921461,0.478688,SWE,NAM,7788
1885742,224,155,1313,2006.0,0.0,1846.0,0.41471,2.138217,TUR,NAM,7788
1885743,231,155,1313,2006.0,359914.0,0.0,1.616918,-0.429924,USA,NAM,7788
1885744,246,155,1313,2006.0,7939738.0,126891.0,0.18317,1.675934,ZAF,NAM,7788
1885745,249,155,1313,2006.0,85090.0,0.0,1.6683169999999998,1.230621,TWN,NAM,7788
1885746,5,159,1313,2006.0,134230.0,0.0,0.986957,0.458078,AND,NGA,7788
1885747,7,159,1313,2006.0,30652.0,0.0,-0.12063900000000001,-0.817929,ARE,NGA,7788
1885748,14,159,1313,2006.0,1139.0,0.0,-0.183265,0.564314,AUS,NGA,7788
1885749,15,159,1313,2006.0,215229.0,2062.0,1.772588,-0.008943000000000001,AUT,NGA,7788
1885750,18,159,1313,2006.0,2055637.0,0.0,1.234224,1.308065,BEL,NGA,7788
1885751,23,159,1313,2006.0,12112.0,0.0,0.490234,1.581841,BGR,NGA,7788
1885752,32,159,1313,2006.0,7446.0,0.0,0.622959,1.413527,BRA,NGA,7788
1885753,39,159,1313,2006.0,116570.0,0.0,0.806511,1.466573,CAN,NGA,7788
1885754,41,159,1313,2006.0,59173.0,0.0,2.038668,0.46319,CHE,NGA,7788
1885755,43,159,1313,2006.0,4244529.0,0.0,0.842242,1.7392740000000002,CHN,NGA,7788
1885756,44,159,1313,2006.0,0.0,2617.0,-0.9293,-0.853074,CIV,NGA,7788
1885757,45,159,1313,2006.0,0.0,2021.0,-1.570753,-1.22499,CMR,NGA,7788
1885758,59,159,1313,2006.0,15964.0,3645.0,1.6478549999999998,0.095131,CZE,NGA,7788
1885759,61,159,1313,2006.0,3326853.0,59489.0,2.135679,-2.933329,DEU,NGA,7788
1885760,64,159,1313,2006.0,949666.0,0.0,1.25209,1.133206,DNK,NGA,7788
1885761,71,159,1313,2006.0,1281650.0,1628.0,0.9909459999999999,1.785809,ESP,NGA,7788
1885762,74,159,1313,2006.0,36876.0,0.0,1.8630220000000002,0.87172,FIN,NGA,7788
1885763,77,159,1313,2006.0,835108.0,32648.0,1.499686,0.16705699999999998,FRA,NGA,7788
1885764,78,159,1313,2006.0,8454.0,0.0,-0.111228,-0.776069,FRO,NGA,7788
1885765,81,159,1313,2006.0,4058259.0,332273.0,1.8509779999999998,0.674074,GBR,NGA,7788
1885766,90,159,1313,2006.0,8216.0,0.0,0.183748,1.582167,GRC,NGA,7788
1885767,97,159,1313,2006.0,40879.0,0.0,0.63347,1.276634,HKG,NGA,7788
1885768,102,159,1313,2006.0,14160.0,0.0,1.469539,0.8546090000000001,HUN,NGA,7788
1885769,103,159,1313,2006.0,37824.0,0.0,0.0036969999999999998,1.703498,IDN,NGA,7788
1885770,104,159,1313,2006.0,1588804.0,0.0,0.202078,2.594677,IND,NGA,7788
1885771,106,159,1313,2006.0,11542.0,0.0,1.501322,0.161375,IRL,NGA,7788
1885772,110,159,1313,2006.0,357457.0,0.0,1.286738,0.8783610000000001,ISR,NGA,7788
1885773,111,159,1313,2006.0,3350774.0,5371.0,1.416017,0.161859,ITA,NGA,7788
1885774,114,159,1313,2006.0,181179.0,0.0,2.442213,-0.046222000000000006,JPN,NGA,7788
1885775,121,159,1313,2006.0,676198.0,0.0,1.588589,0.799507,KOR,NGA,7788
1885776,124,159,1313,2006.0,75023.0,0.0,0.450113,1.7365119999999998,LBN,NGA,7788
1885777,134,159,1313,2006.0,1795.0,0.0,-0.41821499999999995,0.175231,MAR,NGA,7788
1885778,153,159,1313,2006.0,554128.0,0.0,0.9497270000000001,0.324179,MYS,NGA,7788
1885779,162,159,1313,2006.0,820238.0,22819.0,1.115718,1.4743680000000001,NLD,NGA,7788
1885780,163,159,1313,2006.0,176126.0,0.0,0.621685,-0.280378,NOR,NGA,7788
1885781,168,159,1313,2006.0,0.0,1727.0,-0.500494,0.334983,PAK,NGA,7788
1885782,177,159,1313,2006.0,5570.0,0.0,1.0576860000000001,1.283664,POL,NGA,7788
1885783,186,159,1313,2006.0,1979.0,0.0,0.311252,-0.093895,RUS,NGA,7788
1885784,192,159,1313,2006.0,761270.0,0.0,1.670134,0.43955600000000006,SGP,NGA,7788
1885785,199,159,1313,2006.0,155088.0,0.0,-1.042322,-0.957206,SOM,NGA,7788
1885786,201,159,1313,2006.0,3458.0,0.0,0.581078,1.5831600000000001,SRB,NGA,7788
1885787,208,159,1313,2006.0,16484.0,0.0,1.921461,0.478688,SWE,NGA,7788
1885788,224,159,1313,2006.0,3322.0,0.0,0.41471,2.138217,TUR,NGA,7788
1885789,231,159,1313,2006.0,3153833.0,37259.0,1.616918,-0.429924,USA,NGA,7788
1885790,239,159,1313,2006.0,3685.0,0.0,-0.089404,0.986066,VNM,NGA,7788
1885791,246,159,1313,2006.0,2805885.0,52965.0,0.18317,1.675934,ZAF,NGA,7788
1885792,249,159,1313,2006.0,215444.0,0.0,1.6683169999999998,1.230621,TWN,NGA,7788
1885793,7,191,1313,2006.0,24270.0,22710.0,-0.12063900000000001,-0.817929,ARE,SEN,7788
1885794,14,191,1313,2006.0,169577.0,0.0,-0.183265,0.564314,AUS,SEN,7788
1885795,15,191,1313,2006.0,2367.0,0.0,1.772588,-0.008943000000000001,AUT,SEN,7788
1885796,18,191,1313,2006.0,315052.0,4386.0,1.234224,1.308065,BEL,SEN,7788
1885797,38,191,1313,2006.0,0.0,3877.0,-0.444701,-0.774726,CAF,SEN,7788
1885798,39,191,1313,2006.0,19757.0,0.0,0.806511,1.466573,CAN,SEN,7788
1885799,41,191,1313,2006.0,16176.0,0.0,2.038668,0.46319,CHE,SEN,7788
1885800,43,191,1313,2006.0,144175.0,0.0,0.842242,1.7392740000000002,CHN,SEN,7788
1885801,45,191,1313,2006.0,0.0,2310.0,-1.570753,-1.22499,CMR,SEN,7788
1885802,51,191,1313,2006.0,0.0,4173.0,0.402348,-0.355768,CPV,SEN,7788
1885803,59,191,1313,2006.0,7664.0,0.0,1.6478549999999998,0.095131,CZE,SEN,7788
1885804,61,191,1313,2006.0,210419.0,0.0,2.135679,-2.933329,DEU,SEN,7788
1885805,64,191,1313,2006.0,2949.0,10515.0,1.25209,1.133206,DNK,SEN,7788
1885806,71,191,1313,2006.0,162865.0,0.0,0.9909459999999999,1.785809,ESP,SEN,7788
1885807,74,191,1313,2006.0,155057.0,3683.0,1.8630220000000002,0.87172,FIN,SEN,7788
1885808,77,191,1313,2006.0,1826796.0,14818.0,1.499686,0.16705699999999998,FRA,SEN,7788
1885809,81,191,1313,2006.0,768037.0,113632.0,1.8509779999999998,0.674074,GBR,SEN,7788
1885810,87,191,1313,2006.0,0.0,7556.0,-0.234454,-0.43427899999999997,GMB,SEN,7788
1885811,88,191,1313,2006.0,0.0,20625.0,-0.773687,-0.804,GNB,SEN,7788
1885812,97,191,1313,2006.0,7026.0,0.0,0.63347,1.276634,HKG,SEN,7788
1885813,100,191,1313,2006.0,0.0,1826.0,0.866511,1.217552,HRV,SEN,7788
1885814,103,191,1313,2006.0,84142.0,0.0,0.0036969999999999998,1.703498,IDN,SEN,7788
1885815,104,191,1313,2006.0,116280.0,23199.0,0.202078,2.594677,IND,SEN,7788
1885816,106,191,1313,2006.0,0.0,32290.0,1.501322,0.161375,IRL,SEN,7788
1885817,107,191,1313,2006.0,0.0,14219.0,-0.755814,-0.9279059999999999,IRN,SEN,7788
1885818,110,191,1313,2006.0,18590.0,0.0,1.286738,0.8783610000000001,ISR,SEN,7788
1885819,111,191,1313,2006.0,165715.0,1817.0,1.416017,0.161859,ITA,SEN,7788
1885820,114,191,1313,2006.0,6532.0,11866.0,2.442213,-0.046222000000000006,JPN,SEN,7788
1885821,121,191,1313,2006.0,14355.0,0.0,1.588589,0.799507,KOR,SEN,7788
1885822,124,191,1313,2006.0,2947.0,0.0,0.450113,1.7365119999999998,LBN,SEN,7788
1885823,134,191,1313,2006.0,79552.0,0.0,-0.41821499999999995,0.175231,MAR,SEN,7788
1885824,138,191,1313,2006.0,0.0,4941.0,1.2996729999999999,0.655941,MEX,SEN,7788
1885825,141,191,1313,2006.0,0.0,132268.0,-0.588006,-0.687707,MLI,SEN,7788
1885826,148,191,1313,2006.0,0.0,4482.0,-1.729545,-1.284734,MRT,SEN,7788
1885827,162,191,1313,2006.0,34609.0,0.0,1.115718,1.4743680000000001,NLD,SEN,7788
1885828,163,191,1313,2006.0,1496.0,0.0,0.621685,-0.280378,NOR,SEN,7788
1885829,186,191,1313,2006.0,59492.0,0.0,0.311252,-0.093895,RUS,SEN,7788
1885830,192,191,1313,2006.0,0.0,174286.0,1.670134,0.43955600000000006,SGP,SEN,7788
1885831,208,191,1313,2006.0,3608.0,0.0,1.921461,0.478688,SWE,SEN,7788
1885832,231,191,1313,2006.0,241989.0,245569.0,1.616918,-0.429924,USA,SEN,7788
1885833,239,191,1313,2006.0,0.0,3813.0,-0.089404,0.986066,VNM,SEN,7788
1885834,246,191,1313,2006.0,15288.0,0.0,0.18317,1.675934,ZAF,SEN,7788
1885835,249,191,1313,2006.0,17737.0,0.0,1.6683169999999998,1.230621,TWN,SEN,7788
1885836,179,203,1313,2006.0,32819.0,1995.0,0.695569,1.7476200000000002,PRT,STP,7788
1885837,231,203,1313,2006.0,4206.0,0.0,1.616918,-0.429924,USA,STP,7788
1885838,246,203,1313,2006.0,2135.0,0.0,0.18317,1.675934,ZAF,STP,7788
1885839,7,226,1313,2006.0,150416.0,0.0,-0.12063900000000001,-0.817929,ARE,TZA,7788
1885840,14,226,1313,2006.0,18805.0,0.0,-0.183265,0.564314,AUS,TZA,7788
1885841,18,226,1313,2006.0,81524.0,0.0,1.234224,1.308065,BEL,TZA,7788
1885842,39,226,1313,2006.0,66960.0,0.0,0.806511,1.466573,CAN,TZA,7788
1885843,41,226,1313,2006.0,3870.0,0.0,2.038668,0.46319,CHE,TZA,7788
1885844,43,226,1313,2006.0,798792.0,0.0,0.842242,1.7392740000000002,CHN,TZA,7788
1885845,47,226,1313,2006.0,2333.0,0.0,-1.8919540000000001,-1.272166,COG,TZA,7788
1885846,59,226,1313,2006.0,4271.0,0.0,1.6478549999999998,0.095131,CZE,TZA,7788
1885847,61,226,1313,2006.0,1173858.0,0.0,2.135679,-2.933329,DEU,TZA,7788
1885848,64,226,1313,2006.0,25224.0,0.0,1.25209,1.133206,DNK,TZA,7788
1885849,68,226,1313,2006.0,21832.0,1283.0,-0.305058,0.294265,EGY,TZA,7788
1885850,71,226,1313,2006.0,1702.0,0.0,0.9909459999999999,1.785809,ESP,TZA,7788
1885851,74,226,1313,2006.0,6841.0,0.0,1.8630220000000002,0.87172,FIN,TZA,7788
1885852,77,226,1313,2006.0,22556.0,0.0,1.499686,0.16705699999999998,FRA,TZA,7788
1885853,81,226,1313,2006.0,2024131.0,5479.0,1.8509779999999998,0.674074,GBR,TZA,7788
1885854,102,226,1313,2006.0,1780.0,0.0,1.469539,0.8546090000000001,HUN,TZA,7788
1885855,104,226,1313,2006.0,494750.0,5650.0,0.202078,2.594677,IND,TZA,7788
1885856,106,226,1313,2006.0,4540.0,0.0,1.501322,0.161375,IRL,TZA,7788
1885857,110,226,1313,2006.0,50985.0,0.0,1.286738,0.8783610000000001,ISR,TZA,7788
1885858,111,226,1313,2006.0,270470.0,0.0,1.416017,0.161859,ITA,TZA,7788
1885859,114,226,1313,2006.0,43675.0,0.0,2.442213,-0.046222000000000006,JPN,TZA,7788
1885860,116,226,1313,2006.0,95735.0,15298.0,-0.402762,0.89869,KEN,TZA,7788
1885861,121,226,1313,2006.0,0.0,4313.0,1.588589,0.799507,KOR,TZA,7788
1885862,124,226,1313,2006.0,2175.0,0.0,0.450113,1.7365119999999998,LBN,TZA,7788
1885863,147,226,1313,2006.0,3997.0,0.0,-1.199074,-1.031059,MOZ,TZA,7788
1885864,151,226,1313,2006.0,33667.0,0.0,-0.214308,-0.140502,MUS,TZA,7788
1885865,152,226,1313,2006.0,0.0,4857.0,-0.822168,-0.8834860000000001,MWI,TZA,7788
1885866,153,226,1313,2006.0,1291.0,0.0,0.9497270000000001,0.324179,MYS,TZA,7788
1885867,162,226,1313,2006.0,29425.0,0.0,1.115718,1.4743680000000001,NLD,TZA,7788
1885868,163,226,1313,2006.0,10275.0,0.0,0.621685,-0.280378,NOR,TZA,7788
1885869,166,226,1313,2006.0,7205.0,0.0,0.40442100000000003,0.821033,NZL,TZA,7788
1885870,168,226,1313,2006.0,56523.0,0.0,-0.500494,0.334983,PAK,TZA,7788
1885871,188,226,1313,2006.0,3946.0,0.0,-0.094152,-0.921106,SAU,TZA,7788
1885872,208,226,1313,2006.0,345855.0,7497.0,1.921461,0.478688,SWE,TZA,7788
1885873,216,226,1313,2006.0,13314.0,0.0,0.73283,1.419023,THA,TZA,7788
1885874,224,226,1313,2006.0,12456.0,0.0,0.41471,2.138217,TUR,TZA,7788
1885875,227,226,1313,2006.0,0.0,5223.0,-0.789284,-0.161216,UGA,TZA,7788
1885876,231,226,1313,2006.0,440460.0,3433.0,1.616918,-0.429924,USA,TZA,7788
1885877,246,226,1313,2006.0,1992845.0,4776.0,0.18317,1.675934,ZAF,TZA,7788
1885878,247,226,1313,2006.0,0.0,82120.0,-0.8819040000000001,-0.990542,ZMB,TZA,7788
1885879,249,226,1313,2006.0,6197.0,0.0,1.6683169999999998,1.230621,TWN,TZA,7788
1885880,7,227,1313,2006.0,90508.0,0.0,-0.12063900000000001,-0.817929,ARE,UGA,7788
1885881,14,227,1313,2006.0,24783.0,0.0,-0.183265,0.564314,AUS,UGA,7788
1885882,18,227,1313,2006.0,15894.0,0.0,1.234224,1.308065,BEL,UGA,7788
1885883,39,227,1313,2006.0,10075.0,0.0,0.806511,1.466573,CAN,UGA,7788
1885884,41,227,1313,2006.0,15874.0,0.0,2.038668,0.46319,CHE,UGA,7788
1885885,43,227,1313,2006.0,76844.0,0.0,0.842242,1.7392740000000002,CHN,UGA,7788
1885886,46,227,1313,2006.0,0.0,6111.0,-1.334582,-1.119781,COD,UGA,7788
1885887,59,227,1313,2006.0,2372.0,0.0,1.6478549999999998,0.095131,CZE,UGA,7788
1885888,61,227,1313,2006.0,144170.0,4742.0,2.135679,-2.933329,DEU,UGA,7788
1885889,64,227,1313,2006.0,2791.0,0.0,1.25209,1.133206,DNK,UGA,7788
1885890,71,227,1313,2006.0,19087.0,0.0,0.9909459999999999,1.785809,ESP,UGA,7788
1885891,77,227,1313,2006.0,40096.0,0.0,1.499686,0.16705699999999998,FRA,UGA,7788
1885892,81,227,1313,2006.0,547397.0,6476.0,1.8509779999999998,0.674074,GBR,UGA,7788
1885893,97,227,1313,2006.0,14093.0,0.0,0.63347,1.276634,HKG,UGA,7788
1885894,104,227,1313,2006.0,169447.0,0.0,0.202078,2.594677,IND,UGA,7788
1885895,106,227,1313,2006.0,3570.0,0.0,1.501322,0.161375,IRL,UGA,7788
1885896,109,227,1313,2006.0,162680.0,0.0,0.06816699999999999,-0.36412,ISL,UGA,7788
1885897,110,227,1313,2006.0,213817.0,0.0,1.286738,0.8783610000000001,ISR,UGA,7788
1885898,111,227,1313,2006.0,19193.0,0.0,1.416017,0.161859,ITA,UGA,7788
1885899,114,227,1313,2006.0,78587.0,0.0,2.442213,-0.046222000000000006,JPN,UGA,7788
1885900,116,227,1313,2006.0,33192.0,1867.0,-0.402762,0.89869,KEN,UGA,7788
1885901,121,227,1313,2006.0,7341.0,0.0,1.588589,0.799507,KOR,UGA,7788
1885902,153,227,1313,2006.0,10745.0,0.0,0.9497270000000001,0.324179,MYS,UGA,7788
1885903,162,227,1313,2006.0,273425.0,0.0,1.115718,1.4743680000000001,NLD,UGA,7788
1885904,163,227,1313,2006.0,4097.0,0.0,0.621685,-0.280378,NOR,UGA,7788
1885905,179,227,1313,2006.0,1033.0,0.0,0.695569,1.7476200000000002,PRT,UGA,7788
1885906,186,227,1313,2006.0,54878.0,0.0,0.311252,-0.093895,RUS,UGA,7788
1885907,192,227,1313,2006.0,10191.0,0.0,1.670134,0.43955600000000006,SGP,UGA,7788
1885908,208,227,1313,2006.0,8022.0,0.0,1.921461,0.478688,SWE,UGA,7788
1885909,224,227,1313,2006.0,1790.0,0.0,0.41471,2.138217,TUR,UGA,7788
1885910,226,227,1313,2006.0,5223.0,0.0,-0.804761,0.6328729999999999,TZA,UGA,7788
1885911,231,227,1313,2006.0,162734.0,0.0,1.616918,-0.429924,USA,UGA,7788
1885912,246,227,1313,2006.0,254079.0,3917.0,0.18317,1.675934,ZAF,UGA,7788
1885913,249,227,1313,2006.0,12785.0,3600.0,1.6683169999999998,1.230621,TWN,UGA,7788
1885914,7,239,1313,2006.0,3045.0,22482.0,-0.12063900000000001,-0.817929,ARE,VNM,7788
1885915,8,239,1313,2006.0,1011.0,20454.0,0.076917,1.06231,ARG,VNM,7788
1885916,14,239,1313,2006.0,1292399.0,132406.0,-0.183265,0.564314,AUS,VNM,7788
1885917,15,239,1313,2006.0,66425.0,33818.0,1.772588,-0.008943000000000001,AUT,VNM,7788
1885918,18,239,1313,2006.0,161001.0,0.0,1.234224,1.308065,BEL,VNM,7788
1885919,23,239,1313,2006.0,116315.0,1522.0,0.490234,1.581841,BGR,VNM,7788
1885920,32,239,1313,2006.0,0.0,18676.0,0.622959,1.413527,BRA,VNM,7788
1885921,39,239,1313,2006.0,247760.0,208178.0,0.806511,1.466573,CAN,VNM,7788
1885922,41,239,1313,2006.0,149029.0,244113.0,2.038668,0.46319,CHE,VNM,7788
1885923,42,239,1313,2006.0,1787.0,0.0,-0.193151,-0.46637,CHL,VNM,7788
1885924,43,239,1313,2006.0,30745658.0,2219855.0,0.842242,1.7392740000000002,CHN,VNM,7788
1885925,59,239,1313,2006.0,157770.0,39374.0,1.6478549999999998,0.095131,CZE,VNM,7788
1885926,61,239,1313,2006.0,3161260.0,414576.0,2.135679,-2.933329,DEU,VNM,7788
1885927,64,239,1313,2006.0,613533.0,20310.0,1.25209,1.133206,DNK,VNM,7788
1885928,71,239,1313,2006.0,1194529.0,1237987.0,0.9909459999999999,1.785809,ESP,VNM,7788
1885929,74,239,1313,2006.0,169667.0,1212.0,1.8630220000000002,0.87172,FIN,VNM,7788
1885930,77,239,1313,2006.0,1042967.0,457514.0,1.499686,0.16705699999999998,FRA,VNM,7788
1885931,81,239,1313,2006.0,711823.0,4024008.0,1.8509779999999998,0.674074,GBR,VNM,7788
1885932,97,239,1313,2006.0,8677621.0,495741.0,0.63347,1.276634,HKG,VNM,7788
1885933,102,239,1313,2006.0,0.0,22630.0,1.469539,0.8546090000000001,HUN,VNM,7788
1885934,103,239,1313,2006.0,1032116.0,1772018.0,0.0036969999999999998,1.703498,IDN,VNM,7788
1885935,104,239,1313,2006.0,911253.0,56509.0,0.202078,2.594677,IND,VNM,7788
1885936,106,239,1313,2006.0,15830.0,0.0,1.501322,0.161375,IRL,VNM,7788
1885937,107,239,1313,2006.0,0.0,2760.0,-0.755814,-0.9279059999999999,IRN,VNM,7788
1885938,110,239,1313,2006.0,314316.0,0.0,1.286738,0.8783610000000001,ISR,VNM,7788
1885939,111,239,1313,2006.0,1366655.0,3111444.0,1.416017,0.161859,ITA,VNM,7788
1885940,114,239,1313,2006.0,26942948.0,10511050.0,2.442213,-0.046222000000000006,JPN,VNM,7788
1885941,118,239,1313,2006.0,0.0,127299.0,-0.841936,-1.038648,KHM,VNM,7788
1885942,121,239,1313,2006.0,8531720.0,4964492.0,1.588589,0.799507,KOR,VNM,7788
1885943,123,239,1313,2006.0,0.0,19222.0,-0.8422700000000001,-1.000073,LAO,VNM,7788
1885944,130,239,1313,2006.0,5956.0,0.0,0.553669,1.252767,LTU,VNM,7788
1885945,132,239,1313,2006.0,7407.0,0.0,0.548453,1.027836,LVA,VNM,7788
1885946,138,239,1313,2006.0,0.0,109088.0,1.2996729999999999,0.655941,MEX,VNM,7788
1885947,151,239,1313,2006.0,0.0,1167.0,-0.214308,-0.140502,MUS,VNM,7788
1885948,153,239,1313,2006.0,6508825.0,2175973.0,0.9497270000000001,0.324179,MYS,VNM,7788
1885949,159,239,1313,2006.0,0.0,3685.0,-2.088278,-1.224464,NGA,VNM,7788
1885950,162,239,1313,2006.0,139217.0,1588775.0,1.115718,1.4743680000000001,NLD,VNM,7788
1885951,163,239,1313,2006.0,3464.0,0.0,0.621685,-0.280378,NOR,VNM,7788
1885952,166,239,1313,2006.0,9346.0,3086.0,0.40442100000000003,0.821033,NZL,VNM,7788
1885953,168,239,1313,2006.0,0.0,113386.0,-0.500494,0.334983,PAK,VNM,7788
1885954,174,239,1313,2006.0,21836.0,764902.0,0.32715,-0.15929200000000002,PHL,VNM,7788
1885955,177,239,1313,2006.0,259957.0,1714711.0,1.0576860000000001,1.283664,POL,VNM,7788
1885956,179,239,1313,2006.0,5354.0,0.0,0.695569,1.7476200000000002,PRT,VNM,7788
1885957,182,239,1313,2006.0,0.0,4219.0,-0.2789,-0.847551,PYF,VNM,7788
1885958,185,239,1313,2006.0,3906.0,6167.0,0.733232,1.2149,ROU,VNM,7788
1885959,186,239,1313,2006.0,310036.0,2962.0,0.311252,-0.093895,RUS,VNM,7788
1885960,191,239,1313,2006.0,3813.0,0.0,-0.548758,-0.152572,SEN,VNM,7788
1885961,192,239,1313,2006.0,25259622.0,998718.0,1.670134,0.43955600000000006,SGP,VNM,7788
1885962,201,239,1313,2006.0,0.0,3752.0,0.581078,1.5831600000000001,SRB,VNM,7788
1885963,206,239,1313,2006.0,0.0,4166.0,1.3569950000000002,0.8663290000000001,SVK,VNM,7788
1885964,207,239,1313,2006.0,0.0,9203.0,1.562187,0.612624,SVN,VNM,7788
1885965,208,239,1313,2006.0,1059505.0,2849.0,1.921461,0.478688,SWE,VNM,7788
1885966,216,239,1313,2006.0,4826839.0,1878328.0,0.73283,1.419023,THA,VNM,7788
1885967,224,239,1313,2006.0,17813.0,2504750.0,0.41471,2.138217,TUR,VNM,7788
1885968,228,239,1313,2006.0,101410.0,0.0,0.598325,1.225485,UKR,VNM,7788
1885969,231,239,1313,2006.0,6377144.0,3371486.0,1.616918,-0.429924,USA,VNM,7788
1885970,236,239,1313,2006.0,0.0,1195.0,-0.5559649999999999,-0.9988299999999999,VEN,VNM,7788
1885971,246,239,1313,2006.0,53501.0,49330.0,0.18317,1.675934,ZAF,VNM,7788
1885972,249,239,1313,2006.0,20910502.0,6423434.0,1.6683169999999998,1.230621,TWN,VNM,7788
1885973,7,247,1313,2006.0,20574.0,0.0,-0.12063900000000001,-0.817929,ARE,ZMB,7788
1885974,14,247,1313,2006.0,51227.0,5760.0,-0.183265,0.564314,AUS,ZMB,7788
1885975,15,247,1313,2006.0,3398.0,0.0,1.772588,-0.008943000000000001,AUT,ZMB,7788
1885976,18,247,1313,2006.0,351915.0,0.0,1.234224,1.308065,BEL,ZMB,7788
1885977,37,247,1313,2006.0,46942.0,0.0,-0.958566,-1.202559,BWA,ZMB,7788
1885978,39,247,1313,2006.0,72205.0,1732.0,0.806511,1.466573,CAN,ZMB,7788
1885979,41,247,1313,2006.0,3453.0,0.0,2.038668,0.46319,CHE,ZMB,7788
1885980,43,247,1313,2006.0,232012.0,0.0,0.842242,1.7392740000000002,CHN,ZMB,7788
1885981,46,247,1313,2006.0,0.0,74825.0,-1.334582,-1.119781,COD,ZMB,7788
1885982,61,247,1313,2006.0,74455.0,0.0,2.135679,-2.933329,DEU,ZMB,7788
1885983,64,247,1313,2006.0,1303.0,0.0,1.25209,1.133206,DNK,ZMB,7788
1885984,74,247,1313,2006.0,24780.0,0.0,1.8630220000000002,0.87172,FIN,ZMB,7788
1885985,77,247,1313,2006.0,4252.0,0.0,1.499686,0.16705699999999998,FRA,ZMB,7788
1885986,81,247,1313,2006.0,715227.0,0.0,1.8509779999999998,0.674074,GBR,ZMB,7788
1885987,104,247,1313,2006.0,102457.0,0.0,0.202078,2.594677,IND,ZMB,7788
1885988,110,247,1313,2006.0,1045.0,0.0,1.286738,0.8783610000000001,ISR,ZMB,7788
1885989,111,247,1313,2006.0,4608.0,0.0,1.416017,0.161859,ITA,ZMB,7788
1885990,114,247,1313,2006.0,2291.0,0.0,2.442213,-0.046222000000000006,JPN,ZMB,7788
1885991,138,247,1313,2006.0,0.0,7293.0,1.2996729999999999,0.655941,MEX,ZMB,7788
1885992,147,247,1313,2006.0,0.0,1075.0,-1.199074,-1.031059,MOZ,ZMB,7788
1885993,151,247,1313,2006.0,13415.0,0.0,-0.214308,-0.140502,MUS,ZMB,7788
1885994,152,247,1313,2006.0,0.0,1833.0,-0.822168,-0.8834860000000001,MWI,ZMB,7788
1885995,162,247,1313,2006.0,24106.0,0.0,1.115718,1.4743680000000001,NLD,ZMB,7788
1885996,163,247,1313,2006.0,2801.0,0.0,0.621685,-0.280378,NOR,ZMB,7788
1885997,166,247,1313,2006.0,6911.0,0.0,0.40442100000000003,0.821033,NZL,ZMB,7788
1885998,192,247,1313,2006.0,21230.0,0.0,1.670134,0.43955600000000006,SGP,ZMB,7788
1885999,208,247,1313,2006.0,33569.0,0.0,1.921461,0.478688,SWE,ZMB,7788
1886000,226,247,1313,2006.0,82120.0,0.0,-0.804761,0.6328729999999999,TZA,ZMB,7788
1886001,231,247,1313,2006.0,175479.0,0.0,1.616918,-0.429924,USA,ZMB,7788
1886002,246,247,1313,2006.0,3357420.0,69472.0,0.18317,1.675934,ZAF,ZMB,7788
1886003,248,247,1313,2006.0,66152.0,0.0,-0.354477,-0.273037,ZWE,ZMB,7788
1886004,249,247,1313,2006.0,2762.0,0.0,1.6683169999999998,1.230621,TWN,ZMB,7788
1886005,5,248,1313,2006.0,1336.0,0.0,0.986957,0.458078,AND,ZWE,7788
1886006,7,248,1313,2006.0,9148.0,0.0,-0.12063900000000001,-0.817929,ARE,ZWE,7788
1886007,15,248,1313,2006.0,4640.0,169186.0,1.772588,-0.008943000000000001,AUT,ZWE,7788
1886008,18,248,1313,2006.0,41457.0,0.0,1.234224,1.308065,BEL,ZWE,7788
1886009,37,248,1313,2006.0,6363.0,0.0,-0.958566,-1.202559,BWA,ZWE,7788
1886010,43,248,1313,2006.0,93169.0,0.0,0.842242,1.7392740000000002,CHN,ZWE,7788
1886011,59,248,1313,2006.0,1869.0,0.0,1.6478549999999998,0.095131,CZE,ZWE,7788
1886012,61,248,1313,2006.0,82493.0,0.0,2.135679,-2.933329,DEU,ZWE,7788
1886013,74,248,1313,2006.0,4280.0,0.0,1.8630220000000002,0.87172,FIN,ZWE,7788
1886014,77,248,1313,2006.0,18201.0,0.0,1.499686,0.16705699999999998,FRA,ZWE,7788
1886015,81,248,1313,2006.0,104423.0,47786.0,1.8509779999999998,0.674074,GBR,ZWE,7788
1886016,104,248,1313,2006.0,92491.0,0.0,0.202078,2.594677,IND,ZWE,7788
1886017,106,248,1313,2006.0,7394.0,0.0,1.501322,0.161375,IRL,ZWE,7788
1886018,111,248,1313,2006.0,6979.0,0.0,1.416017,0.161859,ITA,ZWE,7788
1886019,114,248,1313,2006.0,3355.0,0.0,2.442213,-0.046222000000000006,JPN,ZWE,7788
1886020,147,248,1313,2006.0,0.0,1092.0,-1.199074,-1.031059,MOZ,ZWE,7788
1886021,152,248,1313,2006.0,0.0,4042.0,-0.822168,-0.8834860000000001,MWI,ZWE,7788
1886022,153,248,1313,2006.0,1097.0,0.0,0.9497270000000001,0.324179,MYS,ZWE,7788
1886023,162,248,1313,2006.0,52280.0,0.0,1.115718,1.4743680000000001,NLD,ZWE,7788
1886024,192,248,1313,2006.0,119046.0,0.0,1.670134,0.43955600000000006,SGP,ZWE,7788
1886025,208,248,1313,2006.0,3124.0,0.0,1.921461,0.478688,SWE,ZWE,7788
1886026,231,248,1313,2006.0,19283.0,4165.0,1.616918,-0.429924,USA,ZWE,7788
1886027,246,248,1313,2006.0,2953775.0,28195.0,0.18317,1.675934,ZAF,ZWE,7788
1886028,247,248,1313,2006.0,0.0,66152.0,-0.8819040000000001,-0.990542,ZMB,ZWE,7788
1886029,249,248,1313,2006.0,78379.0,1739.0,1.6683169999999998,1.230621,TWN,ZWE,7788
1886030,14,26,1313,2006.0,2293.0,0.0,-0.183265,0.564314,AUS,BIH,7788
1886031,15,26,1313,2006.0,1079246.0,36607.0,1.772588,-0.008943000000000001,AUT,BIH,7788
1886032,18,26,1313,2006.0,15125.0,0.0,1.234224,1.308065,BEL,BIH,7788
1886033,23,26,1313,2006.0,190827.0,0.0,0.490234,1.581841,BGR,BIH,7788
1886034,39,26,1313,2006.0,326956.0,2557.0,0.806511,1.466573,CAN,BIH,7788
1886035,41,26,1313,2006.0,43394.0,22213.0,2.038668,0.46319,CHE,BIH,7788
1886036,43,26,1313,2006.0,85156.0,0.0,0.842242,1.7392740000000002,CHN,BIH,7788
1886037,58,26,1313,2006.0,0.0,2065.0,0.728916,0.023954,CYP,BIH,7788
1886038,59,26,1313,2006.0,508348.0,0.0,1.6478549999999998,0.095131,CZE,BIH,7788
1886039,61,26,1313,2006.0,7092533.0,126750.0,2.135679,-2.933329,DEU,BIH,7788
1886040,64,26,1313,2006.0,59503.0,6975.0,1.25209,1.133206,DNK,BIH,7788
1886041,71,26,1313,2006.0,41267.0,5020.0,0.9909459999999999,1.785809,ESP,BIH,7788
1886042,72,26,1313,2006.0,1605.0,0.0,0.737979,1.1881950000000001,EST,BIH,7788
1886043,77,26,1313,2006.0,779345.0,32078.0,1.499686,0.16705699999999998,FRA,BIH,7788
1886044,81,26,1313,2006.0,955006.0,4975.0,1.8509779999999998,0.674074,GBR,BIH,7788
1886045,90,26,1313,2006.0,68412.0,0.0,0.183748,1.582167,GRC,BIH,7788
1886046,97,26,1313,2006.0,3567.0,0.0,0.63347,1.276634,HKG,BIH,7788
1886047,100,26,1313,2006.0,1888858.0,257613.0,0.866511,1.217552,HRV,BIH,7788
1886048,102,26,1313,2006.0,417206.0,0.0,1.469539,0.8546090000000001,HUN,BIH,7788
1886049,103,26,1313,2006.0,3526.0,0.0,0.0036969999999999998,1.703498,IDN,BIH,7788
1886050,104,26,1313,2006.0,1563.0,0.0,0.202078,2.594677,IND,BIH,7788
1886051,106,26,1313,2006.0,13891.0,0.0,1.501322,0.161375,IRL,BIH,7788
1886052,110,26,1313,2006.0,22046.0,0.0,1.286738,0.8783610000000001,ISR,BIH,7788
1886053,111,26,1313,2006.0,1219700.0,6477.0,1.416017,0.161859,ITA,BIH,7788
1886054,114,26,1313,2006.0,1441.0,0.0,2.442213,-0.046222000000000006,JPN,BIH,7788
1886055,121,26,1313,2006.0,11474.0,0.0,1.588589,0.799507,KOR,BIH,7788
1886056,131,26,1313,2006.0,35169.0,0.0,1.285123,0.999081,LUX,BIH,7788
1886057,138,26,1313,2006.0,0.0,1022.0,1.2996729999999999,0.655941,MEX,BIH,7788
1886058,140,26,1313,2006.0,2773.0,9112.0,-0.098526,0.423279,MKD,BIH,7788
1886059,144,26,1313,2006.0,3377.0,3095.0,0.057147,-0.145592,MNE,BIH,7788
1886060,153,26,1313,2006.0,3172.0,0.0,0.9497270000000001,0.324179,MYS,BIH,7788
1886061,162,26,1313,2006.0,237667.0,7014.0,1.115718,1.4743680000000001,NLD,BIH,7788
1886062,163,26,1313,2006.0,47194.0,1780.0,0.621685,-0.280378,NOR,BIH,7788
1886063,177,26,1313,2006.0,1325232.0,0.0,1.0576860000000001,1.283664,POL,BIH,7788
1886064,179,26,1313,2006.0,1982.0,0.0,0.695569,1.7476200000000002,PRT,BIH,7788
1886065,185,26,1313,2006.0,3042.0,0.0,0.733232,1.2149,ROU,BIH,7788
1886066,186,26,1313,2006.0,1011580.0,0.0,0.311252,-0.093895,RUS,BIH,7788
1886067,192,26,1313,2006.0,10053.0,0.0,1.670134,0.43955600000000006,SGP,BIH,7788
1886068,201,26,1313,2006.0,791175.0,252810.0,0.581078,1.5831600000000001,SRB,BIH,7788
1886069,206,26,1313,2006.0,3847.0,0.0,1.3569950000000002,0.8663290000000001,SVK,BIH,7788
1886070,207,26,1313,2006.0,2371751.0,117434.0,1.562187,0.612624,SVN,BIH,7788
1886071,208,26,1313,2006.0,111233.0,0.0,1.921461,0.478688,SWE,BIH,7788
1886072,223,26,1313,2006.0,1381.0,0.0,0.140257,0.528918,TUN,BIH,7788
1886073,224,26,1313,2006.0,66989.0,1765.0,0.41471,2.138217,TUR,BIH,7788
1886074,228,26,1313,2006.0,14438.0,0.0,0.598325,1.225485,UKR,BIH,7788
1886075,231,26,1313,2006.0,131391.0,1600.0,1.616918,-0.429924,USA,BIH,7788
1886076,249,26,1313,2006.0,12234.0,0.0,1.6683169999999998,1.230621,TWN,BIH,7788
1886077,250,26,1313,2006.0,13826.0,0.0,0.202525,-0.46324499999999996,ANS,BIH,7788
1886078,32,29,1313,2006.0,1747.0,0.0,0.622959,1.413527,BRA,BLZ,7788
1886079,39,29,1313,2006.0,1569.0,4865.0,0.806511,1.466573,CAN,BLZ,7788
1886080,43,29,1313,2006.0,41019.0,0.0,0.842242,1.7392740000000002,CHN,BLZ,7788
1886081,52,29,1313,2006.0,0.0,6475.0,0.07128999999999999,-0.24274400000000002,CRI,BLZ,7788
1886082,59,29,1313,2006.0,186176.0,0.0,1.6478549999999998,0.095131,CZE,BLZ,7788
1886083,61,29,1313,2006.0,29902.0,0.0,2.135679,-2.933329,DEU,BLZ,7788
1886084,72,29,1313,2006.0,26059.0,0.0,0.737979,1.1881950000000001,EST,BLZ,7788
1886085,81,29,1313,2006.0,177901.0,17265.0,1.8509779999999998,0.674074,GBR,BLZ,7788
1886086,93,29,1313,2006.0,1633.0,0.0,-0.179628,0.671552,GTM,BLZ,7788
1886087,104,29,1313,2006.0,9578.0,0.0,0.202078,2.594677,IND,BLZ,7788
1886088,111,29,1313,2006.0,21535.0,0.0,1.416017,0.161859,ITA,BLZ,7788
1886089,132,29,1313,2006.0,11897.0,0.0,0.548453,1.027836,LVA,BLZ,7788
1886090,138,29,1313,2006.0,0.0,33035.0,1.2996729999999999,0.655941,MEX,BLZ,7788
1886091,162,29,1313,2006.0,6856.0,0.0,1.115718,1.4743680000000001,NLD,BLZ,7788
1886092,169,29,1313,2006.0,10010.0,0.0,0.511845,0.7560560000000001,PAN,BLZ,7788
1886093,231,29,1313,2006.0,2536517.0,542830.0,1.616918,-0.429924,USA,BLZ,7788
1886094,249,29,1313,2006.0,10064.0,0.0,1.6683169999999998,1.230621,TWN,BLZ,7788
1886095,18,63,1313,2006.0,2547.0,0.0,1.234224,1.308065,BEL,DMA,7788
1886096,33,63,1313,2006.0,3958.0,0.0,0.689051,0.416818,BRB,DMA,7788
1886097,39,63,1313,2006.0,8374.0,31387.0,0.806511,1.466573,CAN,DMA,7788
1886098,43,63,1313,2006.0,260818.0,0.0,0.842242,1.7392740000000002,CHN,DMA,7788
1886099,54,63,1313,2006.0,9148.0,0.0,0.207314,-0.473224,CUB,DMA,7788
1886100,61,63,1313,2006.0,21098.0,0.0,2.135679,-2.933329,DEU,DMA,7788
1886101,81,63,1313,2006.0,762505.0,5276080.0,1.8509779999999998,0.674074,GBR,DMA,7788
1886102,111,63,1313,2006.0,1223820.0,0.0,1.416017,0.161859,ITA,DMA,7788
1886103,114,63,1313,2006.0,0.0,13724.0,2.442213,-0.046222000000000006,JPN,DMA,7788
1886104,121,63,1313,2006.0,5978.0,0.0,1.588589,0.799507,KOR,DMA,7788
1886105,132,63,1313,2006.0,2409.0,0.0,0.548453,1.027836,LVA,DMA,7788
1886106,138,63,1313,2006.0,0.0,67159.0,1.2996729999999999,0.655941,MEX,DMA,7788
1886107,169,63,1313,2006.0,5152.0,0.0,0.511845,0.7560560000000001,PAN,DMA,7788
1886108,231,63,1313,2006.0,122741.0,0.0,1.616918,-0.429924,USA,DMA,7788
1886109,249,63,1313,2006.0,3881.0,0.0,1.6683169999999998,1.230621,TWN,DMA,7788
1886110,14,75,1313,2006.0,860003.0,62637.0,-0.183265,0.564314,AUS,FJI,7788
1886111,39,75,1313,2006.0,1340.0,0.0,0.806511,1.466573,CAN,FJI,7788
1886112,43,75,1313,2006.0,58016.0,0.0,0.842242,1.7392740000000002,CHN,FJI,7788
1886113,48,75,1313,2006.0,0.0,1138.0,0.939005,-0.057276,COK,FJI,7788
1886114,61,75,1313,2006.0,4900.0,3236.0,2.135679,-2.933329,DEU,FJI,7788
1886115,81,75,1313,2006.0,47949.0,4716.0,1.8509779999999998,0.674074,GBR,FJI,7788
1886116,97,75,1313,2006.0,21331.0,0.0,0.63347,1.276634,HKG,FJI,7788
1886117,104,75,1313,2006.0,10208.0,0.0,0.202078,2.594677,IND,FJI,7788
1886118,111,75,1313,2006.0,14912.0,0.0,1.416017,0.161859,ITA,FJI,7788
1886119,114,75,1313,2006.0,31461.0,0.0,2.442213,-0.046222000000000006,JPN,FJI,7788
1886120,121,75,1313,2006.0,2533.0,0.0,1.588589,0.799507,KOR,FJI,7788
1886121,138,75,1313,2006.0,0.0,2214.0,1.2996729999999999,0.655941,MEX,FJI,7788
1886122,153,75,1313,2006.0,2742.0,0.0,0.9497270000000001,0.324179,MYS,FJI,7788
1886123,166,75,1313,2006.0,846030.0,11192.0,0.40442100000000003,0.821033,NZL,FJI,7788
1886124,192,75,1313,2006.0,639533.0,0.0,1.670134,0.43955600000000006,SGP,FJI,7788
1886125,216,75,1313,2006.0,5949.0,0.0,0.73283,1.419023,THA,FJI,7788
1886126,231,75,1313,2006.0,86087.0,17497.0,1.616918,-0.429924,USA,FJI,7788
1886127,246,75,1313,2006.0,3179.0,0.0,0.18317,1.675934,ZAF,FJI,7788
1886128,249,75,1313,2006.0,36300.0,0.0,1.6683169999999998,1.230621,TWN,FJI,7788
1886129,18,84,1313,2006.0,11202.0,0.0,1.234224,1.308065,BEL,GIB,7788
1886130,43,84,1313,2006.0,2411.0,0.0,0.842242,1.7392740000000002,CHN,GIB,7788
1886131,61,84,1313,2006.0,56022.0,0.0,2.135679,-2.933329,DEU,GIB,7788
1886132,64,84,1313,2006.0,215848.0,0.0,1.25209,1.133206,DNK,GIB,7788
1886133,71,84,1313,2006.0,325879.0,0.0,0.9909459999999999,1.785809,ESP,GIB,7788
1886134,81,84,1313,2006.0,2683352.0,5069.0,1.8509779999999998,0.674074,GBR,GIB,7788
1886135,97,84,1313,2006.0,6315.0,0.0,0.63347,1.276634,HKG,GIB,7788
1886136,106,84,1313,2006.0,1311.0,0.0,1.501322,0.161375,IRL,GIB,7788
1886137,111,84,1313,2006.0,5683.0,0.0,1.416017,0.161859,ITA,GIB,7788
1886138,114,84,1313,2006.0,6085.0,0.0,2.442213,-0.046222000000000006,JPN,GIB,7788
1886139,162,84,1313,2006.0,17589.0,0.0,1.115718,1.4743680000000001,NLD,GIB,7788
1886140,163,84,1313,2006.0,6386.0,0.0,0.621685,-0.280378,NOR,GIB,7788
1886141,186,84,1313,2006.0,34001.0,0.0,0.311252,-0.093895,RUS,GIB,7788
1886142,231,84,1313,2006.0,33078.0,9448.0,1.616918,-0.429924,USA,GIB,7788
1886143,39,120,1313,2006.0,33920.0,0.0,0.806511,1.466573,CAN,KNA,7788
1886144,43,120,1313,2006.0,8262.0,0.0,0.842242,1.7392740000000002,CHN,KNA,7788
1886145,61,120,1313,2006.0,5778.0,0.0,2.135679,-2.933329,DEU,KNA,7788
1886146,77,120,1313,2006.0,0.0,66330.0,1.499686,0.16705699999999998,FRA,KNA,7788
1886147,81,120,1313,2006.0,264729.0,0.0,1.8509779999999998,0.674074,GBR,KNA,7788
1886148,97,120,1313,2006.0,2416.0,0.0,0.63347,1.276634,HKG,KNA,7788
1886149,138,120,1313,2006.0,0.0,4261.0,1.2996729999999999,0.655941,MEX,KNA,7788
1886150,162,120,1313,2006.0,41347.0,0.0,1.115718,1.4743680000000001,NLD,KNA,7788
1886151,222,120,1313,2006.0,1608.0,0.0,-0.346992,-1.03502,TTO,KNA,7788
1886152,231,120,1313,2006.0,27835712.0,228058.0,1.616918,-0.429924,USA,KNA,7788
1886153,249,120,1313,2006.0,18597.0,0.0,1.6683169999999998,1.230621,TWN,KNA,7788
1886154,39,213,1313,2006.0,61211.0,0.0,0.806511,1.466573,CAN,TCA,7788
1886155,61,213,1313,2006.0,2088.0,0.0,2.135679,-2.933329,DEU,TCA,7788
1886156,81,213,1313,2006.0,5003.0,0.0,1.8509779999999998,0.674074,GBR,TCA,7788
1886157,111,213,1313,2006.0,20203.0,0.0,1.416017,0.161859,ITA,TCA,7788
1886158,112,213,1313,2006.0,6098.0,0.0,-0.280417,-0.9436829999999999,JAM,TCA,7788
1886159,138,213,1313,2006.0,0.0,36236.0,1.2996729999999999,0.655941,MEX,TCA,7788
1886160,223,213,1313,2006.0,0.0,2245.0,0.140257,0.528918,TUN,TCA,7788
1886161,231,213,1313,2006.0,1472605.0,0.0,1.616918,-0.429924,USA,TCA,7788
1886162,23,234,1313,2006.0,1565.0,0.0,0.490234,1.581841,BGR,VCT,7788
1886163,39,234,1313,2006.0,20905.0,17905.0,0.806511,1.466573,CAN,VCT,7788
1886164,43,234,1313,2006.0,16185.0,0.0,0.842242,1.7392740000000002,CHN,VCT,7788
1886165,61,234,1313,2006.0,6915.0,0.0,2.135679,-2.933329,DEU,VCT,7788
1886166,81,234,1313,2006.0,117018.0,7524.0,1.8509779999999998,0.674074,GBR,VCT,7788
1886167,97,234,1313,2006.0,6146.0,0.0,0.63347,1.276634,HKG,VCT,7788
1886168,114,234,1313,2006.0,2419.0,0.0,2.442213,-0.046222000000000006,JPN,VCT,7788
1886169,127,234,1313,2006.0,1123.0,0.0,0.990517,-0.100522,LCA,VCT,7788
1886170,132,234,1313,2006.0,7051.0,0.0,0.548453,1.027836,LVA,VCT,7788
1886171,185,234,1313,2006.0,4238.0,0.0,0.733232,1.2149,ROU,VCT,7788
1886172,222,234,1313,2006.0,4226.0,0.0,-0.346992,-1.03502,TTO,VCT,7788
1886173,231,234,1313,2006.0,686667.0,0.0,1.616918,-0.429924,USA,VCT,7788
1886174,249,234,1313,2006.0,4610.0,0.0,1.6683169999999998,1.230621,TWN,VCT,7788
1886175,18,237,1313,2006.0,0.0,8473.0,1.234224,1.308065,BEL,VGB,7788
1886176,32,237,1313,2006.0,2629.0,0.0,0.622959,1.413527,BRA,VGB,7788
1886177,39,237,1313,2006.0,1981.0,0.0,0.806511,1.466573,CAN,VGB,7788
1886178,49,237,1313,2006.0,0.0,3586.0,0.162228,0.550616,COL,VGB,7788
1886179,61,237,1313,2006.0,3045.0,0.0,2.135679,-2.933329,DEU,VGB,7788
1886180,64,237,1313,2006.0,1091.0,0.0,1.25209,1.133206,DNK,VGB,7788
1886181,74,237,1313,2006.0,7932.0,0.0,1.8630220000000002,0.87172,FIN,VGB,7788
1886182,77,237,1313,2006.0,125534.0,0.0,1.499686,0.16705699999999998,FRA,VGB,7788
1886183,81,237,1313,2006.0,15863.0,83904.0,1.8509779999999998,0.674074,GBR,VGB,7788
1886184,100,237,1313,2006.0,3094.0,3540.0,0.866511,1.217552,HRV,VGB,7788
1886185,102,237,1313,2006.0,3000.0,1673.0,1.469539,0.8546090000000001,HUN,VGB,7788
1886186,110,237,1313,2006.0,0.0,3286.0,1.286738,0.8783610000000001,ISR,VGB,7788
1886187,115,237,1313,2006.0,0.0,45907.0,-0.18694000000000002,-0.468758,KAZ,VGB,7788
1886188,140,237,1313,2006.0,0.0,7412.0,-0.098526,0.423279,MKD,VGB,7788
1886189,153,237,1313,2006.0,0.0,11150.0,0.9497270000000001,0.324179,MYS,VGB,7788
1886190,162,237,1313,2006.0,3769.0,0.0,1.115718,1.4743680000000001,NLD,VGB,7788
1886191,177,237,1313,2006.0,1129.0,0.0,1.0576860000000001,1.283664,POL,VGB,7788
1886192,186,237,1313,2006.0,0.0,108733.0,0.311252,-0.093895,RUS,VGB,7788
1886193,201,237,1313,2006.0,1192.0,0.0,0.581078,1.5831600000000001,SRB,VGB,7788
1886194,206,237,1313,2006.0,1890.0,0.0,1.3569950000000002,0.8663290000000001,SVK,VGB,7788
1886195,231,237,1313,2006.0,673013.0,8265.0,1.616918,-0.429924,USA,VGB,7788
1886196,249,237,1313,2006.0,462798.0,130526.0,1.6683169999999998,1.230621,TWN,VGB,7788
1886197,7,17,1313,2006.0,19395.0,0.0,-0.12063900000000001,-0.817929,ARE,BDI,7788
1886198,15,17,1313,2006.0,0.0,1911.0,1.772588,-0.008943000000000001,AUT,BDI,7788
1886199,18,17,1313,2006.0,35848.0,0.0,1.234224,1.308065,BEL,BDI,7788
1886200,41,17,1313,2006.0,1757.0,0.0,2.038668,0.46319,CHE,BDI,7788
1886201,43,17,1313,2006.0,7533.0,0.0,0.842242,1.7392740000000002,CHN,BDI,7788
1886202,61,17,1313,2006.0,29359.0,0.0,2.135679,-2.933329,DEU,BDI,7788
1886203,64,17,1313,2006.0,369361.0,0.0,1.25209,1.133206,DNK,BDI,7788
1886204,77,17,1313,2006.0,9597.0,0.0,1.499686,0.16705699999999998,FRA,BDI,7788
1886205,81,17,1313,2006.0,10718.0,0.0,1.8509779999999998,0.674074,GBR,BDI,7788
1886206,82,17,1313,2006.0,42659.0,0.0,-0.152929,-0.438435,GEO,BDI,7788
1886207,111,17,1313,2006.0,9907.0,0.0,1.416017,0.161859,ITA,BDI,7788
1886208,114,17,1313,2006.0,3740.0,0.0,2.442213,-0.046222000000000006,JPN,BDI,7788
1886209,116,17,1313,2006.0,418604.0,142306.0,-0.402762,0.89869,KEN,BDI,7788
1886210,162,17,1313,2006.0,77010.0,0.0,1.115718,1.4743680000000001,NLD,BDI,7788
1886211,231,17,1313,2006.0,10175.0,0.0,1.616918,-0.429924,USA,BDI,7788
1886212,246,17,1313,2006.0,36666.0,0.0,0.18317,1.675934,ZAF,BDI,7788
1886213,18,125,1313,2006.0,1133.0,0.0,1.234224,1.308065,BEL,LBR,7788
1886214,23,125,1313,2006.0,1548.0,0.0,0.490234,1.581841,BGR,LBR,7788
1886215,41,125,1313,2006.0,2080.0,0.0,2.038668,0.46319,CHE,LBR,7788
1886216,43,125,1313,2006.0,41995.0,0.0,0.842242,1.7392740000000002,CHN,LBR,7788
1886217,61,125,1313,2006.0,54205.0,0.0,2.135679,-2.933329,DEU,LBR,7788
1886218,64,125,1313,2006.0,7497.0,0.0,1.25209,1.133206,DNK,LBR,7788
1886219,71,125,1313,2006.0,2317.0,0.0,0.9909459999999999,1.785809,ESP,LBR,7788
1886220,74,125,1313,2006.0,8499.0,0.0,1.8630220000000002,0.87172,FIN,LBR,7788
1886221,81,125,1313,2006.0,17940.0,0.0,1.8509779999999998,0.674074,GBR,LBR,7788
1886222,90,125,1313,2006.0,3201.0,1128.0,0.183748,1.582167,GRC,LBR,7788
1886223,97,125,1313,2006.0,3706.0,0.0,0.63347,1.276634,HKG,LBR,7788
1886224,111,125,1313,2006.0,3185.0,0.0,1.416017,0.161859,ITA,LBR,7788
1886225,114,125,1313,2006.0,43971.0,0.0,2.442213,-0.046222000000000006,JPN,LBR,7788
1886226,124,125,1313,2006.0,2343.0,0.0,0.450113,1.7365119999999998,LBN,LBR,7788
1886227,132,125,1313,2006.0,1595.0,0.0,0.548453,1.027836,LVA,LBR,7788
1886228,138,125,1313,2006.0,0.0,7736.0,1.2996729999999999,0.655941,MEX,LBR,7788
1886229,186,125,1313,2006.0,20624.0,7940.0,0.311252,-0.093895,RUS,LBR,7788
1886230,231,125,1313,2006.0,54021.0,0.0,1.616918,-0.429924,USA,LBR,7788
1886231,246,125,1313,2006.0,4928.0,0.0,0.18317,1.675934,ZAF,LBR,7788
1886232,249,125,1313,2006.0,11495.0,0.0,1.6683169999999998,1.230621,TWN,LBR,7788
1886233,7,135,1313,2006.0,2106.0,0.0,-0.12063900000000001,-0.817929,ARE,MDA,7788
1886234,15,135,1313,2006.0,210333.0,0.0,1.772588,-0.008943000000000001,AUT,MDA,7788
1886235,18,135,1313,2006.0,124492.0,789634.0,1.234224,1.308065,BEL,MDA,7788
1886236,23,135,1313,2006.0,40433.0,0.0,0.490234,1.581841,BGR,MDA,7788
1886237,28,135,1313,2006.0,14239.0,0.0,0.948306,0.702786,BLR,MDA,7788
1886238,39,135,1313,2006.0,30638.0,15754.0,0.806511,1.466573,CAN,MDA,7788
1886239,41,135,1313,2006.0,17274.0,0.0,2.038668,0.46319,CHE,MDA,7788
1886240,43,135,1313,2006.0,83464.0,0.0,0.842242,1.7392740000000002,CHN,MDA,7788
1886241,59,135,1313,2006.0,96758.0,1190.0,1.6478549999999998,0.095131,CZE,MDA,7788
1886242,61,135,1313,2006.0,888224.0,387068.0,2.135679,-2.933329,DEU,MDA,7788
1886243,64,135,1313,2006.0,29065.0,0.0,1.25209,1.133206,DNK,MDA,7788
1886244,71,135,1313,2006.0,4728.0,0.0,0.9909459999999999,1.785809,ESP,MDA,7788
1886245,72,135,1313,2006.0,1299.0,0.0,0.737979,1.1881950000000001,EST,MDA,7788
1886246,74,135,1313,2006.0,1342.0,0.0,1.8630220000000002,0.87172,FIN,MDA,7788
1886247,77,135,1313,2006.0,26943.0,26560.0,1.499686,0.16705699999999998,FRA,MDA,7788
1886248,81,135,1313,2006.0,119433.0,0.0,1.8509779999999998,0.674074,GBR,MDA,7788
1886249,90,135,1313,2006.0,9163.0,0.0,0.183748,1.582167,GRC,MDA,7788
1886250,97,135,1313,2006.0,6046.0,0.0,0.63347,1.276634,HKG,MDA,7788
1886251,102,135,1313,2006.0,13522.0,0.0,1.469539,0.8546090000000001,HUN,MDA,7788
1886252,103,135,1313,2006.0,0.0,60481.0,0.0036969999999999998,1.703498,IDN,MDA,7788
1886253,106,135,1313,2006.0,2796.0,0.0,1.501322,0.161375,IRL,MDA,7788
1886254,110,135,1313,2006.0,98592.0,0.0,1.286738,0.8783610000000001,ISR,MDA,7788
1886255,111,135,1313,2006.0,160353.0,5726.0,1.416017,0.161859,ITA,MDA,7788
1886256,121,135,1313,2006.0,5723.0,0.0,1.588589,0.799507,KOR,MDA,7788
1886257,130,135,1313,2006.0,24524.0,0.0,0.553669,1.252767,LTU,MDA,7788
1886258,132,135,1313,2006.0,4453.0,0.0,0.548453,1.027836,LVA,MDA,7788
1886259,138,135,1313,2006.0,0.0,4066.0,1.2996729999999999,0.655941,MEX,MDA,7788
1886260,162,135,1313,2006.0,17641.0,0.0,1.115718,1.4743680000000001,NLD,MDA,7788
1886261,177,135,1313,2006.0,195167.0,0.0,1.0576860000000001,1.283664,POL,MDA,7788
1886262,185,135,1313,2006.0,228593.0,27822.0,0.733232,1.2149,ROU,MDA,7788
1886263,186,135,1313,2006.0,274583.0,269700.0,0.311252,-0.093895,RUS,MDA,7788
1886264,206,135,1313,2006.0,15453.0,0.0,1.3569950000000002,0.8663290000000001,SVK,MDA,7788
1886265,207,135,1313,2006.0,1488.0,0.0,1.562187,0.612624,SVN,MDA,7788
1886266,208,135,1313,2006.0,144516.0,18730.0,1.921461,0.478688,SWE,MDA,7788
1886267,224,135,1313,2006.0,35976.0,0.0,0.41471,2.138217,TUR,MDA,7788
1886268,228,135,1313,2006.0,3580891.0,32609.0,0.598325,1.225485,UKR,MDA,7788
1886269,231,135,1313,2006.0,127955.0,1264683.0,1.616918,-0.429924,USA,MDA,7788
1886270,249,135,1313,2006.0,53393.0,0.0,1.6683169999999998,1.230621,TWN,MDA,7788
1886271,4,140,1313,2006.0,799865.0,31606.0,-0.310731,-0.01222,ALB,MKD,7788
1886272,7,140,1313,2006.0,10004.0,0.0,-0.12063900000000001,-0.817929,ARE,MKD,7788
1886273,14,140,1313,2006.0,1826.0,0.0,-0.183265,0.564314,AUS,MKD,7788
1886274,15,140,1313,2006.0,581052.0,0.0,1.772588,-0.008943000000000001,AUT,MKD,7788
1886275,18,140,1313,2006.0,4624.0,5735.0,1.234224,1.308065,BEL,MKD,7788
1886276,23,140,1313,2006.0,311561.0,34699.0,0.490234,1.581841,BGR,MKD,7788
1886277,26,140,1313,2006.0,9112.0,2773.0,0.543053,0.68971,BIH,MKD,7788
1886278,32,140,1313,2006.0,1943.0,0.0,0.622959,1.413527,BRA,MKD,7788
1886279,39,140,1313,2006.0,38387.0,0.0,0.806511,1.466573,CAN,MKD,7788
1886280,41,140,1313,2006.0,79975.0,0.0,2.038668,0.46319,CHE,MKD,7788
1886281,43,140,1313,2006.0,69478.0,3080.0,0.842242,1.7392740000000002,CHN,MKD,7788
1886282,59,140,1313,2006.0,259807.0,0.0,1.6478549999999998,0.095131,CZE,MKD,7788
1886283,61,140,1313,2006.0,992601.0,1961.0,2.135679,-2.933329,DEU,MKD,7788
1886284,64,140,1313,2006.0,16219.0,0.0,1.25209,1.133206,DNK,MKD,7788
1886285,71,140,1313,2006.0,39324.0,0.0,0.9909459999999999,1.785809,ESP,MKD,7788
1886286,74,140,1313,2006.0,17162.0,0.0,1.8630220000000002,0.87172,FIN,MKD,7788
1886287,77,140,1313,2006.0,64904.0,0.0,1.499686,0.16705699999999998,FRA,MKD,7788
1886288,81,140,1313,2006.0,87029.0,10633.0,1.8509779999999998,0.674074,GBR,MKD,7788
1886289,90,140,1313,2006.0,588014.0,13950.0,0.183748,1.582167,GRC,MKD,7788
1886290,97,140,1313,2006.0,6644.0,0.0,0.63347,1.276634,HKG,MKD,7788
1886291,100,140,1313,2006.0,89176.0,0.0,0.866511,1.217552,HRV,MKD,7788
1886292,102,140,1313,2006.0,76877.0,0.0,1.469539,0.8546090000000001,HUN,MKD,7788
1886293,106,140,1313,2006.0,9779.0,0.0,1.501322,0.161375,IRL,MKD,7788
1886294,110,140,1313,2006.0,229888.0,0.0,1.286738,0.8783610000000001,ISR,MKD,7788
1886295,111,140,1313,2006.0,1211784.0,1569.0,1.416017,0.161859,ITA,MKD,7788
1886296,114,140,1313,2006.0,1756.0,0.0,2.442213,-0.046222000000000006,JPN,MKD,7788
1886297,121,140,1313,2006.0,7729.0,0.0,1.588589,0.799507,KOR,MKD,7788
1886298,130,140,1313,2006.0,1466.0,0.0,0.553669,1.252767,LTU,MKD,7788
1886299,138,140,1313,2006.0,4347.0,0.0,1.2996729999999999,0.655941,MEX,MKD,7788
1886300,144,140,1313,2006.0,24601.0,0.0,0.057147,-0.145592,MNE,MKD,7788
1886301,162,140,1313,2006.0,214204.0,2036.0,1.115718,1.4743680000000001,NLD,MKD,7788
1886302,177,140,1313,2006.0,89156.0,0.0,1.0576860000000001,1.283664,POL,MKD,7788
1886303,201,140,1313,2006.0,155146.0,26142.0,0.581078,1.5831600000000001,SRB,MKD,7788
1886304,206,140,1313,2006.0,8902.0,0.0,1.3569950000000002,0.8663290000000001,SVK,MKD,7788
1886305,207,140,1313,2006.0,556943.0,1163.0,1.562187,0.612624,SVN,MKD,7788
1886306,208,140,1313,2006.0,337559.0,5431.0,1.921461,0.478688,SWE,MKD,7788
1886307,216,140,1313,2006.0,4072.0,0.0,0.73283,1.419023,THA,MKD,7788
1886308,224,140,1313,2006.0,75325.0,0.0,0.41471,2.138217,TUR,MKD,7788
1886309,228,140,1313,2006.0,1552661.0,0.0,0.598325,1.225485,UKR,MKD,7788
1886310,231,140,1313,2006.0,202231.0,1536.0,1.616918,-0.429924,USA,MKD,7788
1886311,237,140,1313,2006.0,7412.0,0.0,0.937218,0.16353,VGB,MKD,7788
1886312,246,140,1313,2006.0,2651.0,0.0,0.18317,1.675934,ZAF,MKD,7788
1886313,249,140,1313,2006.0,33702.0,0.0,1.6683169999999998,1.230621,TWN,MKD,7788
1886314,14,144,1313,2006.0,9784.0,0.0,-0.183265,0.564314,AUS,MNE,7788
1886315,15,144,1313,2006.0,471967.0,3117.0,1.772588,-0.008943000000000001,AUT,MNE,7788
1886316,18,144,1313,2006.0,2409.0,0.0,1.234224,1.308065,BEL,MNE,7788
1886317,23,144,1313,2006.0,2538.0,0.0,0.490234,1.581841,BGR,MNE,7788
1886318,26,144,1313,2006.0,3095.0,3377.0,0.543053,0.68971,BIH,MNE,7788
1886319,39,144,1313,2006.0,4938.0,0.0,0.806511,1.466573,CAN,MNE,7788
1886320,41,144,1313,2006.0,4221.0,1145.0,2.038668,0.46319,CHE,MNE,7788
1886321,43,144,1313,2006.0,56003.0,0.0,0.842242,1.7392740000000002,CHN,MNE,7788
1886322,59,144,1313,2006.0,1729913.0,0.0,1.6478549999999998,0.095131,CZE,MNE,7788
1886323,61,144,1313,2006.0,567728.0,10505.0,2.135679,-2.933329,DEU,MNE,7788
1886324,71,144,1313,2006.0,117127.0,2931.0,0.9909459999999999,1.785809,ESP,MNE,7788
1886325,77,144,1313,2006.0,570883.0,0.0,1.499686,0.16705699999999998,FRA,MNE,7788
1886326,81,144,1313,2006.0,10705.0,0.0,1.8509779999999998,0.674074,GBR,MNE,7788
1886327,90,144,1313,2006.0,5943.0,0.0,0.183748,1.582167,GRC,MNE,7788
1886328,97,144,1313,2006.0,4322.0,0.0,0.63347,1.276634,HKG,MNE,7788
1886329,100,144,1313,2006.0,45769.0,0.0,0.866511,1.217552,HRV,MNE,7788
1886330,102,144,1313,2006.0,5280.0,0.0,1.469539,0.8546090000000001,HUN,MNE,7788
1886331,106,144,1313,2006.0,6854.0,0.0,1.501322,0.161375,IRL,MNE,7788
1886332,110,144,1313,2006.0,19147.0,0.0,1.286738,0.8783610000000001,ISR,MNE,7788
1886333,111,144,1313,2006.0,465842.0,292636.0,1.416017,0.161859,ITA,MNE,7788
1886334,114,144,1313,2006.0,5636.0,0.0,2.442213,-0.046222000000000006,JPN,MNE,7788
1886335,121,144,1313,2006.0,1637.0,0.0,1.588589,0.799507,KOR,MNE,7788
1886336,131,144,1313,2006.0,17842.0,0.0,1.285123,0.999081,LUX,MNE,7788
1886337,138,144,1313,2006.0,16734.0,0.0,1.2996729999999999,0.655941,MEX,MNE,7788
1886338,140,144,1313,2006.0,0.0,24601.0,-0.098526,0.423279,MKD,MNE,7788
1886339,153,144,1313,2006.0,7254.0,0.0,0.9497270000000001,0.324179,MYS,MNE,7788
1886340,162,144,1313,2006.0,981500.0,6131.0,1.115718,1.4743680000000001,NLD,MNE,7788
1886341,166,144,1313,2006.0,46525.0,0.0,0.40442100000000003,0.821033,NZL,MNE,7788
1886342,177,144,1313,2006.0,1170695.0,51516.0,1.0576860000000001,1.283664,POL,MNE,7788
1886343,186,144,1313,2006.0,1387768.0,0.0,0.311252,-0.093895,RUS,MNE,7788
1886344,201,144,1313,2006.0,925916.0,72968.0,0.581078,1.5831600000000001,SRB,MNE,7788
1886345,207,144,1313,2006.0,193892.0,0.0,1.562187,0.612624,SVN,MNE,7788
1886346,208,144,1313,2006.0,41763.0,0.0,1.921461,0.478688,SWE,MNE,7788
1886347,231,144,1313,2006.0,84608.0,0.0,1.616918,-0.429924,USA,MNE,7788
1886348,249,144,1313,2006.0,30892.0,0.0,1.6683169999999998,1.230621,TWN,MNE,7788
1886349,14,178,1313,2006.0,0.0,1988.0,-0.183265,0.564314,AUS,PRK,7788
1886350,15,178,1313,2006.0,4566.0,7832.0,1.772588,-0.008943000000000001,AUT,PRK,7788
1886351,23,178,1313,2006.0,0.0,28797.0,0.490234,1.581841,BGR,PRK,7788
1886352,32,178,1313,2006.0,4609.0,634644.0,0.622959,1.413527,BRA,PRK,7788
1886353,39,178,1313,2006.0,18861.0,0.0,0.806511,1.466573,CAN,PRK,7788
1886354,43,178,1313,2006.0,1635632.0,15825.0,0.842242,1.7392740000000002,CHN,PRK,7788
1886355,49,178,1313,2006.0,0.0,3996.0,0.162228,0.550616,COL,PRK,7788
1886356,52,178,1313,2006.0,0.0,5643.0,0.07128999999999999,-0.24274400000000002,CRI,PRK,7788
1886357,54,178,1313,2006.0,0.0,12371.0,0.207314,-0.473224,CUB,PRK,7788
1886358,61,178,1313,2006.0,1552221.0,0.0,2.135679,-2.933329,DEU,PRK,7788
1886359,71,178,1313,2006.0,0.0,7288.0,0.9909459999999999,1.785809,ESP,PRK,7788
1886360,72,178,1313,2006.0,0.0,2078.0,0.737979,1.1881950000000001,EST,PRK,7788
1886361,77,178,1313,2006.0,0.0,508348.0,1.499686,0.16705699999999998,FRA,PRK,7788
1886362,93,178,1313,2006.0,0.0,1891.0,-0.179628,0.671552,GTM,PRK,7788
1886363,97,178,1313,2006.0,35157.0,0.0,0.63347,1.276634,HKG,PRK,7788
1886364,99,178,1313,2006.0,0.0,2682.0,-0.520217,-0.41097399999999995,HND,PRK,7788
1886365,100,178,1313,2006.0,0.0,1419.0,0.866511,1.217552,HRV,PRK,7788
1886366,104,178,1313,2006.0,83316.0,204511.0,0.202078,2.594677,IND,PRK,7788
1886367,106,178,1313,2006.0,0.0,13754.0,1.501322,0.161375,IRL,PRK,7788
1886368,111,178,1313,2006.0,4513.0,30389.0,1.416017,0.161859,ITA,PRK,7788
1886369,112,178,1313,2006.0,0.0,1975.0,-0.280417,-0.9436829999999999,JAM,PRK,7788
1886370,114,178,1313,2006.0,1114838.0,0.0,2.442213,-0.046222000000000006,JPN,PRK,7788
1886371,124,178,1313,2006.0,0.0,18104.0,0.450113,1.7365119999999998,LBN,PRK,7788
1886372,138,178,1313,2006.0,105440.0,481384.0,1.2996729999999999,0.655941,MEX,PRK,7788
1886373,153,178,1313,2006.0,0.0,153921.0,0.9497270000000001,0.324179,MYS,PRK,7788
1886374,162,178,1313,2006.0,212322.0,0.0,1.115718,1.4743680000000001,NLD,PRK,7788
1886375,168,178,1313,2006.0,0.0,5423.0,-0.500494,0.334983,PAK,PRK,7788
1886376,177,178,1313,2006.0,0.0,20525.0,1.0576860000000001,1.283664,POL,PRK,7788
1886377,180,178,1313,2006.0,0.0,45180.0,-0.49234399999999995,-0.547616,PRY,PRK,7788
1886378,183,178,1313,2006.0,0.0,39801.0,-0.467699,-1.062471,QAT,PRK,7788
1886379,186,178,1313,2006.0,312733.0,55775.0,0.311252,-0.093895,RUS,PRK,7788
1886380,188,178,1313,2006.0,0.0,43082.0,-0.094152,-0.921106,SAU,PRK,7788
1886381,192,178,1313,2006.0,12013.0,0.0,1.670134,0.43955600000000006,SGP,PRK,7788
1886382,197,178,1313,2006.0,0.0,4767.0,-0.127317,0.189904,SLV,PRK,7788
1886383,201,178,1313,2006.0,0.0,14684.0,0.581078,1.5831600000000001,SRB,PRK,7788
1886384,207,178,1313,2006.0,0.0,103515.0,1.562187,0.612624,SVN,PRK,7788
1886385,216,178,1313,2006.0,5079290.0,47614.0,0.73283,1.419023,THA,PRK,7788
1886386,222,178,1313,2006.0,0.0,4648.0,-0.346992,-1.03502,TTO,PRK,7788
1886387,223,178,1313,2006.0,0.0,15351.0,0.140257,0.528918,TUN,PRK,7788
1886388,224,178,1313,2006.0,0.0,71956.0,0.41471,2.138217,TUR,PRK,7788
1886389,228,178,1313,2006.0,0.0,1615.0,0.598325,1.225485,UKR,PRK,7788
1886390,249,178,1313,2006.0,9572.0,0.0,1.6683169999999998,1.230621,TWN,PRK,7788
1886391,18,209,1313,2006.0,0.0,2353.0,1.234224,1.308065,BEL,SWZ,7788
1886392,22,209,1313,2006.0,0.0,1311.0,-0.776517,-0.874408,BGD,SWZ,7788
1886393,31,209,1313,2006.0,0.0,1325.0,-0.9174540000000001,-0.8314729999999999,BOL,SWZ,7788
1886394,39,209,1313,2006.0,0.0,12363.0,0.806511,1.466573,CAN,SWZ,7788
1886395,41,209,1313,2006.0,6400.0,0.0,2.038668,0.46319,CHE,SWZ,7788
1886396,43,209,1313,2006.0,11207.0,0.0,0.842242,1.7392740000000002,CHN,SWZ,7788
1886397,61,209,1313,2006.0,1055.0,0.0,2.135679,-2.933329,DEU,SWZ,7788
1886398,65,209,1313,2006.0,0.0,2437.0,0.044542,0.178998,DOM,SWZ,7788
1886399,66,209,1313,2006.0,0.0,860873.0,-1.079717,-1.153102,DZA,SWZ,7788
1886400,77,209,1313,2006.0,0.0,65319.0,1.499686,0.16705699999999998,FRA,SWZ,7788
1886401,81,209,1313,2006.0,3964.0,0.0,1.8509779999999998,0.674074,GBR,SWZ,7788
1886402,104,209,1313,2006.0,0.0,169245.0,0.202078,2.594677,IND,SWZ,7788
1886403,121,209,1313,2006.0,113682.0,57300.0,1.588589,0.799507,KOR,SWZ,7788
1886404,138,209,1313,2006.0,0.0,23156.0,1.2996729999999999,0.655941,MEX,SWZ,7788
1886405,153,209,1313,2006.0,0.0,748602.0,0.9497270000000001,0.324179,MYS,SWZ,7788
1886406,162,209,1313,2006.0,1244.0,0.0,1.115718,1.4743680000000001,NLD,SWZ,7788
1886407,216,209,1313,2006.0,1466.0,74423.0,0.73283,1.419023,THA,SWZ,7788
1886408,224,209,1313,2006.0,0.0,3248.0,0.41471,2.138217,TUR,SWZ,7788
1886409,231,209,1313,2006.0,48414.0,1833.0,1.616918,-0.429924,USA,SWZ,7788
1886410,246,209,1313,2006.0,2284972.0,2526.0,0.18317,1.675934,ZAF,SWZ,7788
1886411,249,209,1313,2006.0,3914.0,0.0,1.6683169999999998,1.230621,TWN,SWZ,7788
1886412,15,219,1313,2006.0,2591.0,5802.0,1.772588,-0.008943000000000001,AUT,TKM,7788
1886413,18,219,1313,2006.0,2776.0,0.0,1.234224,1.308065,BEL,TKM,7788
1886414,39,219,1313,2006.0,102337.0,0.0,0.806511,1.466573,CAN,TKM,7788
1886415,43,219,1313,2006.0,7624.0,0.0,0.842242,1.7392740000000002,CHN,TKM,7788
1886416,61,219,1313,2006.0,219922.0,0.0,2.135679,-2.933329,DEU,TKM,7788
1886417,77,219,1313,2006.0,818482.0,0.0,1.499686,0.16705699999999998,FRA,TKM,7788
1886418,81,219,1313,2006.0,289796.0,2238.0,1.8509779999999998,0.674074,GBR,TKM,7788
1886419,107,219,1313,2006.0,186121.0,0.0,-0.755814,-0.9279059999999999,IRN,TKM,7788
1886420,110,219,1313,2006.0,97000.0,0.0,1.286738,0.8783610000000001,ISR,TKM,7788
1886421,114,219,1313,2006.0,7675.0,0.0,2.442213,-0.046222000000000006,JPN,TKM,7788
1886422,124,219,1313,2006.0,4176.0,0.0,0.450113,1.7365119999999998,LBN,TKM,7788
1886423,162,219,1313,2006.0,155785.0,0.0,1.115718,1.4743680000000001,NLD,TKM,7788
1886424,177,219,1313,2006.0,1959.0,0.0,1.0576860000000001,1.283664,POL,TKM,7788
1886425,186,219,1313,2006.0,57755.0,0.0,0.311252,-0.093895,RUS,TKM,7788
1886426,224,219,1313,2006.0,430522.0,0.0,0.41471,2.138217,TUR,TKM,7788
1886427,228,219,1313,2006.0,390430.0,0.0,0.598325,1.225485,UKR,TKM,7788
1886428,231,219,1313,2006.0,37958.0,0.0,1.616918,-0.429924,USA,TKM,7788
1886429,15,232,1313,2006.0,12572.0,0.0,1.772588,-0.008943000000000001,AUT,UZB,7788
1886430,18,232,1313,2006.0,203273.0,0.0,1.234224,1.308065,BEL,UZB,7788
1886431,43,232,1313,2006.0,477274.0,0.0,0.842242,1.7392740000000002,CHN,UZB,7788
1886432,61,232,1313,2006.0,2536556.0,260534.0,2.135679,-2.933329,DEU,UZB,7788
1886433,64,232,1313,2006.0,1341.0,0.0,1.25209,1.133206,DNK,UZB,7788
1886434,71,232,1313,2006.0,4020.0,0.0,0.9909459999999999,1.785809,ESP,UZB,7788
1886435,72,232,1313,2006.0,63515.0,0.0,0.737979,1.1881950000000001,EST,UZB,7788
1886436,81,232,1313,2006.0,92528.0,0.0,1.8509779999999998,0.674074,GBR,UZB,7788
1886437,97,232,1313,2006.0,2690.0,0.0,0.63347,1.276634,HKG,UZB,7788
1886438,102,232,1313,2006.0,0.0,7217295.0,1.469539,0.8546090000000001,HUN,UZB,7788
1886439,110,232,1313,2006.0,51000.0,0.0,1.286738,0.8783610000000001,ISR,UZB,7788
1886440,111,232,1313,2006.0,130574.0,0.0,1.416017,0.161859,ITA,UZB,7788
1886441,114,232,1313,2006.0,52386.0,12839.0,2.442213,-0.046222000000000006,JPN,UZB,7788
1886442,115,232,1313,2006.0,62439.0,0.0,-0.18694000000000002,-0.468758,KAZ,UZB,7788
1886443,121,232,1313,2006.0,94541.0,0.0,1.588589,0.799507,KOR,UZB,7788
1886444,162,232,1313,2006.0,26383.0,0.0,1.115718,1.4743680000000001,NLD,UZB,7788
1886445,177,232,1313,2006.0,4236.0,0.0,1.0576860000000001,1.283664,POL,UZB,7788
1886446,186,232,1313,2006.0,4506770.0,23261.0,0.311252,-0.093895,RUS,UZB,7788
1886447,224,232,1313,2006.0,58121.0,0.0,0.41471,2.138217,TUR,UZB,7788
1886448,228,232,1313,2006.0,493566.0,0.0,0.598325,1.225485,UKR,UZB,7788
1886449,231,232,1313,2006.0,59647.0,0.0,1.616918,-0.429924,USA,UZB,7788
1886450,249,232,1313,2006.0,16866.0,0.0,1.6683169999999998,1.230621,TWN,UZB,7788
1886451,7,73,1313,2006.0,136473.0,0.0,-0.12063900000000001,-0.817929,ARE,ETH,7788
1886452,14,73,1313,2006.0,303128.0,0.0,-0.183265,0.564314,AUS,ETH,7788
1886453,15,73,1313,2006.0,11131.0,0.0,1.772588,-0.008943000000000001,AUT,ETH,7788
1886454,18,73,1313,2006.0,313524.0,0.0,1.234224,1.308065,BEL,ETH,7788
1886455,28,73,1313,2006.0,2266.0,0.0,0.948306,0.702786,BLR,ETH,7788
1886456,32,73,1313,2006.0,1461.0,0.0,0.622959,1.413527,BRA,ETH,7788
1886457,39,73,1313,2006.0,6740.0,0.0,0.806511,1.466573,CAN,ETH,7788
1886458,41,73,1313,2006.0,43455.0,0.0,2.038668,0.46319,CHE,ETH,7788
1886459,43,73,1313,2006.0,316044.0,0.0,0.842242,1.7392740000000002,CHN,ETH,7788
1886460,59,73,1313,2006.0,4428.0,0.0,1.6478549999999998,0.095131,CZE,ETH,7788
1886461,61,73,1313,2006.0,405182.0,5771.0,2.135679,-2.933329,DEU,ETH,7788
1886462,62,73,1313,2006.0,2169.0,0.0,-0.360761,-0.261373,DJI,ETH,7788
1886463,64,73,1313,2006.0,4295.0,0.0,1.25209,1.133206,DNK,ETH,7788
1886464,71,73,1313,2006.0,36558.0,0.0,0.9909459999999999,1.785809,ESP,ETH,7788
1886465,74,73,1313,2006.0,1271.0,0.0,1.8630220000000002,0.87172,FIN,ETH,7788
1886466,77,73,1313,2006.0,159667.0,84763.0,1.499686,0.16705699999999998,FRA,ETH,7788
1886467,81,73,1313,2006.0,104900.0,0.0,1.8509779999999998,0.674074,GBR,ETH,7788
1886468,103,73,1313,2006.0,1753.0,0.0,0.0036969999999999998,1.703498,IDN,ETH,7788
1886469,104,73,1313,2006.0,125171.0,0.0,0.202078,2.594677,IND,ETH,7788
1886470,110,73,1313,2006.0,15581.0,0.0,1.286738,0.8783610000000001,ISR,ETH,7788
1886471,111,73,1313,2006.0,246645.0,0.0,1.416017,0.161859,ITA,ETH,7788
1886472,114,73,1313,2006.0,72766.0,0.0,2.442213,-0.046222000000000006,JPN,ETH,7788
1886473,121,73,1313,2006.0,12153.0,0.0,1.588589,0.799507,KOR,ETH,7788
1886474,124,73,1313,2006.0,7111.0,0.0,0.450113,1.7365119999999998,LBN,ETH,7788
1886475,138,73,1313,2006.0,0.0,1390.0,1.2996729999999999,0.655941,MEX,ETH,7788
1886476,162,73,1313,2006.0,22187.0,3946.0,1.115718,1.4743680000000001,NLD,ETH,7788
1886477,163,73,1313,2006.0,1811.0,0.0,0.621685,-0.280378,NOR,ETH,7788
1886478,177,73,1313,2006.0,7064.0,0.0,1.0576860000000001,1.283664,POL,ETH,7788
1886479,179,73,1313,2006.0,12733.0,0.0,0.695569,1.7476200000000002,PRT,ETH,7788
1886480,186,73,1313,2006.0,10891.0,0.0,0.311252,-0.093895,RUS,ETH,7788
1886481,188,73,1313,2006.0,15886.0,0.0,-0.094152,-0.921106,SAU,ETH,7788
1886482,192,73,1313,2006.0,1055.0,0.0,1.670134,0.43955600000000006,SGP,ETH,7788
1886483,206,73,1313,2006.0,6575.0,0.0,1.3569950000000002,0.8663290000000001,SVK,ETH,7788
1886484,208,73,1313,2006.0,4106.0,0.0,1.921461,0.478688,SWE,ETH,7788
1886485,216,73,1313,2006.0,14268.0,0.0,0.73283,1.419023,THA,ETH,7788
1886486,223,73,1313,2006.0,9237.0,0.0,0.140257,0.528918,TUN,ETH,7788
1886487,224,73,1313,2006.0,26458.0,0.0,0.41471,2.138217,TUR,ETH,7788
1886488,228,73,1313,2006.0,48645.0,0.0,0.598325,1.225485,UKR,ETH,7788
1886489,231,73,1313,2006.0,337763.0,0.0,1.616918,-0.429924,USA,ETH,7788
1886490,246,73,1313,2006.0,49930.0,0.0,0.18317,1.675934,ZAF,ETH,7788
1886491,249,73,1313,2006.0,10418.0,0.0,1.6683169999999998,1.230621,TWN,ETH,7788
1886492,39,127,1313,2006.0,95162.0,0.0,0.806511,1.466573,CAN,LCA,7788
1886493,43,127,1313,2006.0,2053.0,0.0,0.842242,1.7392740000000002,CHN,LCA,7788
1886494,61,127,1313,2006.0,15244.0,0.0,2.135679,-2.933329,DEU,LCA,7788
1886495,77,127,1313,2006.0,9680.0,0.0,1.499686,0.16705699999999998,FRA,LCA,7788
1886496,81,127,1313,2006.0,439293.0,0.0,1.8509779999999998,0.674074,GBR,LCA,7788
1886497,110,127,1313,2006.0,4047.0,0.0,1.286738,0.8783610000000001,ISR,LCA,7788
1886498,111,127,1313,2006.0,2469.0,0.0,1.416017,0.161859,ITA,LCA,7788
1886499,114,127,1313,2006.0,2127.0,0.0,2.442213,-0.046222000000000006,JPN,LCA,7788
1886500,138,127,1313,2006.0,0.0,2402.0,1.2996729999999999,0.655941,MEX,LCA,7788
1886501,162,127,1313,2006.0,29793.0,0.0,1.115718,1.4743680000000001,NLD,LCA,7788
1886502,222,127,1313,2006.0,4001.0,0.0,-0.346992,-1.03502,TTO,LCA,7788
1886503,231,127,1313,2006.0,323714.0,21407.0,1.616918,-0.429924,USA,LCA,7788
1886504,234,127,1313,2006.0,0.0,1123.0,-0.51151,-0.8950620000000001,VCT,LCA,7788
1886505,249,127,1313,2006.0,1107.0,0.0,1.6683169999999998,1.230621,TWN,LCA,7788
1886506,7,187,1313,2006.0,189740.0,0.0,-0.12063900000000001,-0.817929,ARE,RWA,7788
1886507,18,187,1313,2006.0,352792.0,0.0,1.234224,1.308065,BEL,RWA,7788
1886508,41,187,1313,2006.0,1024.0,0.0,2.038668,0.46319,CHE,RWA,7788
1886509,43,187,1313,2006.0,26135.0,0.0,0.842242,1.7392740000000002,CHN,RWA,7788
1886510,61,187,1313,2006.0,265310.0,0.0,2.135679,-2.933329,DEU,RWA,7788
1886511,77,187,1313,2006.0,22574.0,1200.0,1.499686,0.16705699999999998,FRA,RWA,7788
1886512,81,187,1313,2006.0,12397.0,0.0,1.8509779999999998,0.674074,GBR,RWA,7788
1886513,97,187,1313,2006.0,12325.0,0.0,0.63347,1.276634,HKG,RWA,7788
1886514,102,187,1313,2006.0,3234.0,0.0,1.469539,0.8546090000000001,HUN,RWA,7788
1886515,104,187,1313,2006.0,4065.0,0.0,0.202078,2.594677,IND,RWA,7788
1886516,107,187,1313,2006.0,5276.0,0.0,-0.755814,-0.9279059999999999,IRN,RWA,7788
1886517,110,187,1313,2006.0,10857.0,0.0,1.286738,0.8783610000000001,ISR,RWA,7788
1886518,111,187,1313,2006.0,23143.0,0.0,1.416017,0.161859,ITA,RWA,7788
1886519,116,187,1313,2006.0,42884.0,0.0,-0.402762,0.89869,KEN,RWA,7788
1886520,162,187,1313,2006.0,5520.0,0.0,1.115718,1.4743680000000001,NLD,RWA,7788
1886521,231,187,1313,2006.0,95277.0,0.0,1.616918,-0.429924,USA,RWA,7788
1886522,236,187,1313,2006.0,0.0,83783.0,-0.5559649999999999,-0.9988299999999999,VEN,RWA,7788
1886523,246,187,1313,2006.0,225276.0,0.0,0.18317,1.675934,ZAF,RWA,7788
1886524,6,0,1313,2006.0,20462.0,51514.0,0.0063100000000000005,-0.61161,ANT,ABW,7788
1886525,18,0,1313,2006.0,28799.0,0.0,1.234224,1.308065,BEL,ABW,7788
1886526,32,0,1313,2006.0,34178.0,0.0,0.622959,1.413527,BRA,ABW,7788
1886527,39,0,1313,2006.0,58453.0,0.0,0.806511,1.466573,CAN,ABW,7788
1886528,61,0,1313,2006.0,21091.0,0.0,2.135679,-2.933329,DEU,ABW,7788
1886529,97,0,1313,2006.0,6787.0,0.0,0.63347,1.276634,HKG,ABW,7788
1886530,110,0,1313,2006.0,58000.0,0.0,1.286738,0.8783610000000001,ISR,ABW,7788
1886531,138,0,1313,2006.0,13229.0,123821.0,1.2996729999999999,0.655941,MEX,ABW,7788
1886532,162,0,1313,2006.0,60303.0,8794.0,1.115718,1.4743680000000001,NLD,ABW,7788
1886533,169,0,1313,2006.0,3128.0,0.0,0.511845,0.7560560000000001,PAN,ABW,7788
1886534,183,0,1313,2006.0,0.0,15246.0,-0.467699,-1.062471,QAT,ABW,7788
1886535,231,0,1313,2006.0,684061.0,19473.0,1.616918,-0.429924,USA,ABW,7788
1886536,243,0,1313,2006.0,0.0,156435.0,-1.070559,-1.1655389999999999,YEM,ABW,7788
1886537,6,3,1313,2006.0,48955.0,48621.0,0.0063100000000000005,-0.61161,ANT,AIA,7788
1886538,16,3,1313,2006.0,0.0,639385.0,-0.949606,-1.099346,AZE,AIA,7788
1886539,39,3,1313,2006.0,0.0,9999.0,0.806511,1.466573,CAN,AIA,7788
1886540,61,3,1313,2006.0,98201.0,0.0,2.135679,-2.933329,DEU,AIA,7788
1886541,81,3,1313,2006.0,2544.0,0.0,1.8509779999999998,0.674074,GBR,AIA,7788
1886542,222,3,1313,2006.0,2712.0,0.0,-0.346992,-1.03502,TTO,AIA,7788
1886543,231,3,1313,2006.0,211022.0,27061.0,1.616918,-0.429924,USA,AIA,7788
1886544,15,5,1313,2006.0,176010.0,0.0,1.772588,-0.008943000000000001,AUT,AND,7788
1886545,18,5,1313,2006.0,1750.0,0.0,1.234224,1.308065,BEL,AND,7788
1886546,39,5,1313,2006.0,4537.0,0.0,0.806511,1.466573,CAN,AND,7788
1886547,41,5,1313,2006.0,3910.0,0.0,2.038668,0.46319,CHE,AND,7788
1886548,43,5,1313,2006.0,1954.0,0.0,0.842242,1.7392740000000002,CHN,AND,7788
1886549,59,5,1313,2006.0,0.0,27424.0,1.6478549999999998,0.095131,CZE,AND,7788
1886550,61,5,1313,2006.0,237806.0,2190.0,2.135679,-2.933329,DEU,AND,7788
1886551,66,5,1313,2006.0,0.0,4115.0,-1.079717,-1.153102,DZA,AND,7788
1886552,71,5,1313,2006.0,4211654.0,167179.0,0.9909459999999999,1.785809,ESP,AND,7788
1886553,77,5,1313,2006.0,236854.0,51188.0,1.499686,0.16705699999999998,FRA,AND,7788
1886554,81,5,1313,2006.0,114968.0,0.0,1.8509779999999998,0.674074,GBR,AND,7788
1886555,103,5,1313,2006.0,3566.0,0.0,0.0036969999999999998,1.703498,IDN,AND,7788
1886556,106,5,1313,2006.0,9243.0,0.0,1.501322,0.161375,IRL,AND,7788
1886557,111,5,1313,2006.0,35675.0,0.0,1.416017,0.161859,ITA,AND,7788
1886558,114,5,1313,2006.0,7981.0,0.0,2.442213,-0.046222000000000006,JPN,AND,7788
1886559,121,5,1313,2006.0,3587.0,0.0,1.588589,0.799507,KOR,AND,7788
1886560,153,5,1313,2006.0,0.0,70599.0,0.9497270000000001,0.324179,MYS,AND,7788
1886561,159,5,1313,2006.0,0.0,134230.0,-2.088278,-1.224464,NGA,AND,7788
1886562,162,5,1313,2006.0,37949.0,58557.0,1.115718,1.4743680000000001,NLD,AND,7788
1886563,174,5,1313,2006.0,2947.0,0.0,0.32715,-0.15929200000000002,PHL,AND,7788
1886564,177,5,1313,2006.0,0.0,2201.0,1.0576860000000001,1.283664,POL,AND,7788
1886565,216,5,1313,2006.0,1808.0,7490.0,0.73283,1.419023,THA,AND,7788
1886566,231,5,1313,2006.0,69109.0,0.0,1.616918,-0.429924,USA,AND,7788
1886567,246,5,1313,2006.0,3139.0,0.0,0.18317,1.675934,ZAF,AND,7788
1886568,248,5,1313,2006.0,0.0,1336.0,-0.354477,-0.273037,ZWE,AND,7788
1886569,249,5,1313,2006.0,6626.0,0.0,1.6683169999999998,1.230621,TWN,AND,7788
1886570,14,30,1313,2006.0,3353.0,0.0,-0.183265,0.564314,AUS,BMU,7788
1886571,18,30,1313,2006.0,17523.0,0.0,1.234224,1.308065,BEL,BMU,7788
1886572,39,30,1313,2006.0,47770.0,0.0,0.806511,1.466573,CAN,BMU,7788
1886573,61,30,1313,2006.0,5002.0,0.0,2.135679,-2.933329,DEU,BMU,7788
1886574,77,30,1313,2006.0,131120.0,0.0,1.499686,0.16705699999999998,FRA,BMU,7788
1886575,81,30,1313,2006.0,53159.0,0.0,1.8509779999999998,0.674074,GBR,BMU,7788
1886576,97,30,1313,2006.0,97153.0,13956.0,0.63347,1.276634,HKG,BMU,7788
1886577,114,30,1313,2006.0,8827.0,0.0,2.442213,-0.046222000000000006,JPN,BMU,7788
1886578,162,30,1313,2006.0,20101.0,0.0,1.115718,1.4743680000000001,NLD,BMU,7788
1886579,231,30,1313,2006.0,1704347.0,14453.0,1.616918,-0.429924,USA,BMU,7788
1886580,249,30,1313,2006.0,7624.0,0.0,1.6683169999999998,1.230621,TWN,BMU,7788
1886581,15,91,1313,2006.0,1337.0,0.0,1.772588,-0.008943000000000001,AUT,GRD,7788
1886582,33,91,1313,2006.0,4067.0,0.0,0.689051,0.416818,BRB,GRD,7788
1886583,39,91,1313,2006.0,17643.0,0.0,0.806511,1.466573,CAN,GRD,7788
1886584,43,91,1313,2006.0,16248.0,0.0,0.842242,1.7392740000000002,CHN,GRD,7788
1886585,61,91,1313,2006.0,12505.0,0.0,2.135679,-2.933329,DEU,GRD,7788
1886586,74,91,1313,2006.0,3696.0,0.0,1.8630220000000002,0.87172,FIN,GRD,7788
1886587,77,91,1313,2006.0,10117.0,0.0,1.499686,0.16705699999999998,FRA,GRD,7788
1886588,81,91,1313,2006.0,22294.0,0.0,1.8509779999999998,0.674074,GBR,GRD,7788
1886589,97,91,1313,2006.0,3346.0,0.0,0.63347,1.276634,HKG,GRD,7788
1886590,162,91,1313,2006.0,0.0,3847.0,1.115718,1.4743680000000001,NLD,GRD,7788
1886591,222,91,1313,2006.0,6829.0,0.0,-0.346992,-1.03502,TTO,GRD,7788
1886592,231,91,1313,2006.0,197941.0,1703.0,1.616918,-0.429924,USA,GRD,7788
1886593,8,101,1313,2006.0,44042.0,0.0,0.076917,1.06231,ARG,HTI,7788
1886594,43,101,1313,2006.0,6091.0,1415.0,0.842242,1.7392740000000002,CHN,HTI,7788
1886595,61,101,1313,2006.0,22096.0,0.0,2.135679,-2.933329,DEU,HTI,7788
1886596,65,101,1313,2006.0,70382.0,0.0,0.044542,0.178998,DOM,HTI,7788
1886597,81,101,1313,2006.0,10413.0,0.0,1.8509779999999998,0.674074,GBR,HTI,7788
1886598,111,101,1313,2006.0,21827.0,0.0,1.416017,0.161859,ITA,HTI,7788
1886599,114,101,1313,2006.0,1848.0,0.0,2.442213,-0.046222000000000006,JPN,HTI,7788
1886600,138,101,1313,2006.0,0.0,2024.0,1.2996729999999999,0.655941,MEX,HTI,7788
1886601,169,101,1313,2006.0,7021.0,0.0,0.511845,0.7560560000000001,PAN,HTI,7788
1886602,179,101,1313,2006.0,46195.0,0.0,0.695569,1.7476200000000002,PRT,HTI,7788
1886603,197,101,1313,2006.0,31054.0,0.0,-0.127317,0.189904,SLV,HTI,7788
1886604,231,101,1313,2006.0,1638407.0,2509.0,1.616918,-0.429924,USA,HTI,7788
1886605,7,141,1313,2006.0,2730.0,0.0,-0.12063900000000001,-0.817929,ARE,MLI,7788
1886606,14,141,1313,2006.0,9676.0,32259.0,-0.183265,0.564314,AUS,MLI,7788
1886607,18,141,1313,2006.0,15987.0,1256.0,1.234224,1.308065,BEL,MLI,7788
1886608,21,141,1313,2006.0,0.0,3877.0,-0.81399,-0.972464,BFA,MLI,7788
1886609,22,141,1313,2006.0,43803.0,0.0,-0.776517,-0.874408,BGD,MLI,7788
1886610,39,141,1313,2006.0,444893.0,1475.0,0.806511,1.466573,CAN,MLI,7788
1886611,41,141,1313,2006.0,2557.0,0.0,2.038668,0.46319,CHE,MLI,7788
1886612,43,141,1313,2006.0,115836.0,0.0,0.842242,1.7392740000000002,CHN,MLI,7788
1886613,44,141,1313,2006.0,2213.0,0.0,-0.9293,-0.853074,CIV,MLI,7788
1886614,59,141,1313,2006.0,0.0,1907.0,1.6478549999999998,0.095131,CZE,MLI,7788
1886615,61,141,1313,2006.0,84296.0,0.0,2.135679,-2.933329,DEU,MLI,7788
1886616,71,141,1313,2006.0,8380.0,0.0,0.9909459999999999,1.785809,ESP,MLI,7788
1886617,74,141,1313,2006.0,0.0,1881.0,1.8630220000000002,0.87172,FIN,MLI,7788
1886618,77,141,1313,2006.0,682971.0,64432.0,1.499686,0.16705699999999998,FRA,MLI,7788
1886619,81,141,1313,2006.0,3458.0,0.0,1.8509779999999998,0.674074,GBR,MLI,7788
1886620,85,141,1313,2006.0,0.0,5311.0,-1.526825,-1.191811,GIN,MLI,7788
1886621,103,141,1313,2006.0,66292.0,0.0,0.0036969999999999998,1.703498,IDN,MLI,7788
1886622,104,141,1313,2006.0,121321.0,0.0,0.202078,2.594677,IND,MLI,7788
1886623,111,141,1313,2006.0,54096.0,0.0,1.416017,0.161859,ITA,MLI,7788
1886624,114,141,1313,2006.0,0.0,1049.0,2.442213,-0.046222000000000006,JPN,MLI,7788
1886625,121,141,1313,2006.0,36556.0,0.0,1.588589,0.799507,KOR,MLI,7788
1886626,124,141,1313,2006.0,1634.0,0.0,0.450113,1.7365119999999998,LBN,MLI,7788
1886627,134,141,1313,2006.0,86974.0,0.0,-0.41821499999999995,0.175231,MAR,MLI,7788
1886628,138,141,1313,2006.0,0.0,104204.0,1.2996729999999999,0.655941,MEX,MLI,7788
1886629,162,141,1313,2006.0,2104.0,0.0,1.115718,1.4743680000000001,NLD,MLI,7788
1886630,191,141,1313,2006.0,132268.0,0.0,-0.548758,-0.152572,SEN,MLI,7788
1886631,208,141,1313,2006.0,121945.0,0.0,1.921461,0.478688,SWE,MLI,7788
1886632,216,141,1313,2006.0,0.0,10434.0,0.73283,1.419023,THA,MLI,7788
1886633,223,141,1313,2006.0,7025.0,0.0,0.140257,0.528918,TUN,MLI,7788
1886634,231,141,1313,2006.0,202564.0,42741.0,1.616918,-0.429924,USA,MLI,7788
1886635,246,141,1313,2006.0,173016.0,0.0,0.18317,1.675934,ZAF,MLI,7788
1886636,249,141,1313,2006.0,0.0,5775.0,1.6683169999999998,1.230621,TWN,MLI,7788
1886637,61,149,1313,2006.0,629592.0,0.0,2.135679,-2.933329,DEU,MSR,7788
1886638,81,149,1313,2006.0,7176.0,0.0,1.8509779999999998,0.674074,GBR,MSR,7788
1886639,231,149,1313,2006.0,65475.0,0.0,1.616918,-0.429924,USA,MSR,7788
1886640,7,152,1313,2006.0,24558.0,13064.0,-0.12063900000000001,-0.817929,ARE,MWI,7788
1886641,15,152,1313,2006.0,12454.0,0.0,1.772588,-0.008943000000000001,AUT,MWI,7788
1886642,18,152,1313,2006.0,4561.0,0.0,1.234224,1.308065,BEL,MWI,7788
1886643,39,152,1313,2006.0,0.0,3036.0,0.806511,1.466573,CAN,MWI,7788
1886644,43,152,1313,2006.0,18708.0,0.0,0.842242,1.7392740000000002,CHN,MWI,7788
1886645,61,152,1313,2006.0,26685.0,0.0,2.135679,-2.933329,DEU,MWI,7788
1886646,77,152,1313,2006.0,0.0,38355.0,1.499686,0.16705699999999998,FRA,MWI,7788
1886647,81,152,1313,2006.0,44638.0,2640.0,1.8509779999999998,0.674074,GBR,MWI,7788
1886648,97,152,1313,2006.0,2975.0,0.0,0.63347,1.276634,HKG,MWI,7788
1886649,104,152,1313,2006.0,103495.0,0.0,0.202078,2.594677,IND,MWI,7788
1886650,111,152,1313,2006.0,12484.0,0.0,1.416017,0.161859,ITA,MWI,7788
1886651,114,152,1313,2006.0,2003.0,0.0,2.442213,-0.046222000000000006,JPN,MWI,7788
1886652,147,152,1313,2006.0,0.0,1460.0,-1.199074,-1.031059,MOZ,MWI,7788
1886653,166,152,1313,2006.0,1897.0,0.0,0.40442100000000003,0.821033,NZL,MWI,7788
1886654,208,152,1313,2006.0,45648.0,23249.0,1.921461,0.478688,SWE,MWI,7788
1886655,226,152,1313,2006.0,4857.0,0.0,-0.804761,0.6328729999999999,TZA,MWI,7788
1886656,231,152,1313,2006.0,39928.0,0.0,1.616918,-0.429924,USA,MWI,7788
1886657,246,152,1313,2006.0,536543.0,6295.0,0.18317,1.675934,ZAF,MWI,7788
1886658,247,152,1313,2006.0,1833.0,0.0,-0.8819040000000001,-0.990542,ZMB,MWI,7788
1886659,248,152,1313,2006.0,4042.0,0.0,-0.354477,-0.273037,ZWE,MWI,7788
1886660,249,152,1313,2006.0,4394.0,0.0,1.6683169999999998,1.230621,TWN,MWI,7788
1886661,14,240,1313,2006.0,147475.0,0.0,-0.183265,0.564314,AUS,VUT,7788
1886662,43,240,1313,2006.0,23568.0,0.0,0.842242,1.7392740000000002,CHN,VUT,7788
1886663,61,240,1313,2006.0,6422.0,0.0,2.135679,-2.933329,DEU,VUT,7788
1886664,68,240,1313,2006.0,0.0,1365.0,-0.305058,0.294265,EGY,VUT,7788
1886665,166,240,1313,2006.0,106893.0,0.0,0.40442100000000003,0.821033,NZL,VUT,7788
1886666,192,240,1313,2006.0,1257.0,0.0,1.670134,0.43955600000000006,SGP,VUT,7788
1886667,231,240,1313,2006.0,14208.0,0.0,1.616918,-0.429924,USA,VUT,7788
1886668,6,250,1313,2006.0,18960.0,5701.0,0.0063100000000000005,-0.61161,ANT,ANS,7788
1886669,8,250,1313,2006.0,0.0,5566936.0,0.076917,1.06231,ARG,ANS,7788
1886670,14,250,1313,2006.0,41148.0,0.0,-0.183265,0.564314,AUS,ANS,7788
1886671,15,250,1313,2006.0,41565444.0,0.0,1.772588,-0.008943000000000001,AUT,ANS,7788
1886672,22,250,1313,2006.0,30330.0,43800.0,-0.776517,-0.874408,BGD,ANS,7788
1886673,23,250,1313,2006.0,3512.0,0.0,0.490234,1.581841,BGR,ANS,7788
1886674,26,250,1313,2006.0,0.0,13826.0,0.543053,0.68971,BIH,ANS,7788
1886675,42,250,1313,2006.0,0.0,826434.0,-0.193151,-0.46637,CHL,ANS,7788
1886676,43,250,1313,2006.0,0.0,15222.0,0.842242,1.7392740000000002,CHN,ANS,7788
1886677,44,250,1313,2006.0,0.0,2302.0,-0.9293,-0.853074,CIV,ANS,7788
1886678,45,250,1313,2006.0,0.0,2997.0,-1.570753,-1.22499,CMR,ANS,7788
1886679,49,250,1313,2006.0,346396.0,0.0,0.162228,0.550616,COL,ANS,7788
1886680,51,250,1313,2006.0,0.0,16469.0,0.402348,-0.355768,CPV,ANS,7788
1886681,58,250,1313,2006.0,3162.0,0.0,0.728916,0.023954,CYP,ANS,7788
1886682,59,250,1313,2006.0,13056.0,187727.0,1.6478549999999998,0.095131,CZE,ANS,7788
1886683,61,250,1313,2006.0,1034524.0,0.0,2.135679,-2.933329,DEU,ANS,7788
1886684,65,250,1313,2006.0,3771255.0,0.0,0.044542,0.178998,DOM,ANS,7788
1886685,66,250,1313,2006.0,0.0,235270.0,-1.079717,-1.153102,DZA,ANS,7788
1886686,67,250,1313,2006.0,1460.0,2333.0,-0.9617209999999999,-0.936366,ECU,ANS,7788
1886687,68,250,1313,2006.0,0.0,873465.0,-0.305058,0.294265,EGY,ANS,7788
1886688,71,250,1313,2006.0,92536.0,0.0,0.9909459999999999,1.785809,ESP,ANS,7788
1886689,72,250,1313,2006.0,0.0,1334501.0,0.737979,1.1881950000000001,EST,ANS,7788
1886690,77,250,1313,2006.0,164218.0,19905700.0,1.499686,0.16705699999999998,FRA,ANS,7788
1886691,78,250,1313,2006.0,0.0,25694.0,-0.111228,-0.776069,FRO,ANS,7788
1886692,90,250,1313,2006.0,696070.0,2272.0,0.183748,1.582167,GRC,ANS,7788
1886693,93,250,1313,2006.0,0.0,14762.0,-0.179628,0.671552,GTM,ANS,7788
1886694,97,250,1313,2006.0,18735.0,0.0,0.63347,1.276634,HKG,ANS,7788
1886695,99,250,1313,2006.0,0.0,3648.0,-0.520217,-0.41097399999999995,HND,ANS,7788
1886696,102,250,1313,2006.0,0.0,5266338.0,1.469539,0.8546090000000001,HUN,ANS,7788
1886697,104,250,1313,2006.0,411054.0,1708022.0,0.202078,2.594677,IND,ANS,7788
1886698,106,250,1313,2006.0,664111.0,1080260.0,1.501322,0.161375,IRL,ANS,7788
1886699,107,250,1313,2006.0,0.0,2172.0,-0.755814,-0.9279059999999999,IRN,ANS,7788
1886700,110,250,1313,2006.0,922000.0,169325.0,1.286738,0.8783610000000001,ISR,ANS,7788
1886701,111,250,1313,2006.0,1555225.0,3524.0,1.416017,0.161859,ITA,ANS,7788
1886702,113,250,1313,2006.0,2140918.0,0.0,0.31143899999999997,0.428361,JOR,ANS,7788
1886703,114,250,1313,2006.0,19023.0,0.0,2.442213,-0.046222000000000006,JPN,ANS,7788
1886704,121,250,1313,2006.0,13265.0,19709.0,1.588589,0.799507,KOR,ANS,7788
1886705,122,250,1313,2006.0,0.0,11541.0,-1.506818,-1.193717,KWT,ANS,7788
1886706,124,250,1313,2006.0,9862.0,0.0,0.450113,1.7365119999999998,LBN,ANS,7788
1886707,131,250,1313,2006.0,0.0,4989.0,1.285123,0.999081,LUX,ANS,7788
1886708,132,250,1313,2006.0,1704.0,0.0,0.548453,1.027836,LVA,ANS,7788
1886709,136,250,1313,2006.0,10669.0,303061.0,-0.772571,-0.521647,MDG,ANS,7788
1886710,138,250,1313,2006.0,2622.0,393439.0,1.2996729999999999,0.655941,MEX,ANS,7788
1886711,147,250,1313,2006.0,13567.0,0.0,-1.199074,-1.031059,MOZ,ANS,7788
1886712,148,250,1313,2006.0,0.0,3978.0,-1.729545,-1.284734,MRT,ANS,7788
1886713,153,250,1313,2006.0,4507420.0,58967132.0,0.9497270000000001,0.324179,MYS,ANS,7788
1886714,156,250,1313,2006.0,0.0,1190.0,-0.42703900000000006,-0.840608,NCL,ANS,7788
1886715,157,250,1313,2006.0,53375.0,0.0,-0.52447,-0.641225,NER,ANS,7788
1886716,162,250,1313,2006.0,871629.0,104796.0,1.115718,1.4743680000000001,NLD,ANS,7788
1886717,166,250,1313,2006.0,0.0,2148408.0,0.40442100000000003,0.821033,NZL,ANS,7788
1886718,168,250,1313,2006.0,0.0,88744.0,-0.500494,0.334983,PAK,ANS,7788
1886719,169,250,1313,2006.0,50441.0,0.0,0.511845,0.7560560000000001,PAN,ANS,7788
1886720,173,250,1313,2006.0,1251.0,0.0,-0.523516,-0.15574100000000002,PER,ANS,7788
1886721,177,250,1313,2006.0,185906.0,779110.0,1.0576860000000001,1.283664,POL,ANS,7788
1886722,179,250,1313,2006.0,94650.0,0.0,0.695569,1.7476200000000002,PRT,ANS,7788
1886723,185,250,1313,2006.0,1204.0,1190213.0,0.733232,1.2149,ROU,ANS,7788
1886724,186,250,1313,2006.0,0.0,106772.0,0.311252,-0.093895,RUS,ANS,7788
1886725,188,250,1313,2006.0,0.0,3592309.0,-0.094152,-0.921106,SAU,ANS,7788
1886726,192,250,1313,2006.0,2486581.0,462601.0,1.670134,0.43955600000000006,SGP,ANS,7788
1886727,201,250,1313,2006.0,4210.0,6866022.0,0.581078,1.5831600000000001,SRB,ANS,7788
1886728,206,250,1313,2006.0,5969.0,25389992.0,1.3569950000000002,0.8663290000000001,SVK,ANS,7788
1886729,207,250,1313,2006.0,0.0,2025009.0,1.562187,0.612624,SVN,ANS,7788
1886730,212,250,1313,2006.0,0.0,730755.0,-0.49903100000000006,0.362867,SYR,ANS,7788
1886731,216,250,1313,2006.0,0.0,10822.0,0.73283,1.419023,THA,ANS,7788
1886732,222,250,1313,2006.0,0.0,1483.0,-0.346992,-1.03502,TTO,ANS,7788
1886733,223,250,1313,2006.0,75911.0,26740.0,0.140257,0.528918,TUN,ANS,7788
1886734,224,250,1313,2006.0,3412482.0,77340.0,0.41471,2.138217,TUR,ANS,7788
1886735,228,250,1313,2006.0,24014.0,9198.0,0.598325,1.225485,UKR,ANS,7788
1886736,230,250,1313,2006.0,2181.0,0.0,0.047764999999999995,0.23831100000000002,URY,ANS,7788
1886737,243,250,1313,2006.0,4516.0,755758.0,-1.070559,-1.1655389999999999,YEM,ANS,7788
1886738,246,250,1313,2006.0,62598.0,1130972.0,0.18317,1.675934,ZAF,ANS,7788
1886739,249,250,1313,2006.0,84593.0,30541318.0,1.6683169999999998,1.230621,TWN,ANS,7788
1886740,14,1,1313,2006.0,215992.0,0.0,-0.183265,0.564314,AUS,AFG,7788
1886741,15,1,1313,2006.0,72649.0,0.0,1.772588,-0.008943000000000001,AUT,AFG,7788
1886742,18,1,1313,2006.0,121615.0,0.0,1.234224,1.308065,BEL,AFG,7788
1886743,39,1,1313,2006.0,1322.0,4245.0,0.806511,1.466573,CAN,AFG,7788
1886744,41,1,1313,2006.0,5700.0,0.0,2.038668,0.46319,CHE,AFG,7788
1886745,43,1,1313,2006.0,39396.0,0.0,0.842242,1.7392740000000002,CHN,AFG,7788
1886746,61,1,1313,2006.0,270429.0,1767.0,2.135679,-2.933329,DEU,AFG,7788
1886747,77,1,1313,2006.0,85362.0,0.0,1.499686,0.16705699999999998,FRA,AFG,7788
1886748,81,1,1313,2006.0,114818.0,0.0,1.8509779999999998,0.674074,GBR,AFG,7788
1886749,102,1,1313,2006.0,1000.0,0.0,1.469539,0.8546090000000001,HUN,AFG,7788
1886750,104,1,1313,2006.0,150197.0,0.0,0.202078,2.594677,IND,AFG,7788
1886751,107,1,1313,2006.0,3160.0,0.0,-0.755814,-0.9279059999999999,IRN,AFG,7788
1886752,111,1,1313,2006.0,180035.0,16833.0,1.416017,0.161859,ITA,AFG,7788
1886753,114,1,1313,2006.0,1951.0,0.0,2.442213,-0.046222000000000006,JPN,AFG,7788
1886754,138,1,1313,2006.0,0.0,5633.0,1.2996729999999999,0.655941,MEX,AFG,7788
1886755,162,1,1313,2006.0,1256.0,0.0,1.115718,1.4743680000000001,NLD,AFG,7788
1886756,163,1,1313,2006.0,1883546.0,0.0,0.621685,-0.280378,NOR,AFG,7788
1886757,168,1,1313,2006.0,62298.0,2531.0,-0.500494,0.334983,PAK,AFG,7788
1886758,186,1,1313,2006.0,4151.0,0.0,0.311252,-0.093895,RUS,AFG,7788
1886759,192,1,1313,2006.0,7897.0,0.0,1.670134,0.43955600000000006,SGP,AFG,7788
1886760,224,1,1313,2006.0,274763.0,0.0,0.41471,2.138217,TUR,AFG,7788
1886761,231,1,1313,2006.0,1506733.0,3978.0,1.616918,-0.429924,USA,AFG,7788
1886762,246,1,1313,2006.0,99501.0,0.0,0.18317,1.675934,ZAF,AFG,7788
1886763,8,2,1313,2006.0,33466.0,0.0,0.076917,1.06231,ARG,AGO,7788
1886764,14,2,1313,2006.0,36427.0,0.0,-0.183265,0.564314,AUS,AGO,7788
1886765,18,2,1313,2006.0,48131.0,0.0,1.234224,1.308065,BEL,AGO,7788
1886766,32,2,1313,2006.0,255909.0,0.0,0.622959,1.413527,BRA,AGO,7788
1886767,39,2,1313,2006.0,5224.0,55636.0,0.806511,1.466573,CAN,AGO,7788
1886768,41,2,1313,2006.0,12806.0,0.0,2.038668,0.46319,CHE,AGO,7788
1886769,42,2,1313,2006.0,0.0,5625.0,-0.193151,-0.46637,CHL,AGO,7788
1886770,43,2,1313,2006.0,9631208.0,0.0,0.842242,1.7392740000000002,CHN,AGO,7788
1886771,61,2,1313,2006.0,367696.0,8791.0,2.135679,-2.933329,DEU,AGO,7788
1886772,64,2,1313,2006.0,3012.0,0.0,1.25209,1.133206,DNK,AGO,7788
1886773,71,2,1313,2006.0,23193052.0,0.0,0.9909459999999999,1.785809,ESP,AGO,7788
1886774,77,2,1313,2006.0,1536536.0,2146.0,1.499686,0.16705699999999998,FRA,AGO,7788
1886775,81,2,1313,2006.0,335775.0,6740.0,1.8509779999999998,0.674074,GBR,AGO,7788
1886776,97,2,1313,2006.0,162947.0,0.0,0.63347,1.276634,HKG,AGO,7788
1886777,104,2,1313,2006.0,1998.0,0.0,0.202078,2.594677,IND,AGO,7788
1886778,111,2,1313,2006.0,276784.0,2571.0,1.416017,0.161859,ITA,AGO,7788
1886779,114,2,1313,2006.0,14001.0,0.0,2.442213,-0.046222000000000006,JPN,AGO,7788
1886780,121,2,1313,2006.0,1517262.0,0.0,1.588589,0.799507,KOR,AGO,7788
1886781,130,2,1313,2006.0,3157.0,0.0,0.553669,1.252767,LTU,AGO,7788
1886782,153,2,1313,2006.0,1364.0,0.0,0.9497270000000001,0.324179,MYS,AGO,7788
1886783,155,2,1313,2006.0,65451.0,0.0,-0.425389,-0.690279,NAM,AGO,7788
1886784,162,2,1313,2006.0,11307.0,0.0,1.115718,1.4743680000000001,NLD,AGO,7788
1886785,163,2,1313,2006.0,334467.0,17922.0,0.621685,-0.280378,NOR,AGO,7788
1886786,179,2,1313,2006.0,4951738.0,1402.0,0.695569,1.7476200000000002,PRT,AGO,7788
1886787,186,2,1313,2006.0,143713.0,0.0,0.311252,-0.093895,RUS,AGO,7788
1886788,192,2,1313,2006.0,0.0,24317.0,1.670134,0.43955600000000006,SGP,AGO,7788
1886789,208,2,1313,2006.0,58432.0,0.0,1.921461,0.478688,SWE,AGO,7788
1886790,231,2,1313,2006.0,1517613.0,4166.0,1.616918,-0.429924,USA,AGO,7788
1886791,246,2,1313,2006.0,2145564.0,5779.0,0.18317,1.675934,ZAF,AGO,7788
1886792,249,2,1313,2006.0,19748.0,0.0,1.6683169999999998,1.230621,TWN,AGO,7788
1886793,14,4,1313,2006.0,3211.0,0.0,-0.183265,0.564314,AUS,ALB,7788
1886794,15,4,1313,2006.0,1364422.0,8297.0,1.772588,-0.008943000000000001,AUT,ALB,7788
1886795,18,4,1313,2006.0,256579.0,0.0,1.234224,1.308065,BEL,ALB,7788
1886796,23,4,1313,2006.0,35838.0,0.0,0.490234,1.581841,BGR,ALB,7788
1886797,39,4,1313,2006.0,102006.0,0.0,0.806511,1.466573,CAN,ALB,7788
1886798,41,4,1313,2006.0,1091.0,16620.0,2.038668,0.46319,CHE,ALB,7788
1886799,43,4,1313,2006.0,133163.0,0.0,0.842242,1.7392740000000002,CHN,ALB,7788
1886800,59,4,1313,2006.0,221836.0,0.0,1.6478549999999998,0.095131,CZE,ALB,7788
1886801,61,4,1313,2006.0,796922.0,2270.0,2.135679,-2.933329,DEU,ALB,7788
1886802,64,4,1313,2006.0,2535.0,0.0,1.25209,1.133206,DNK,ALB,7788
1886803,71,4,1313,2006.0,46893.0,0.0,0.9909459999999999,1.785809,ESP,ALB,7788
1886804,74,4,1313,2006.0,2137.0,0.0,1.8630220000000002,0.87172,FIN,ALB,7788
1886805,77,4,1313,2006.0,59848.0,166110.0,1.499686,0.16705699999999998,FRA,ALB,7788
1886806,81,4,1313,2006.0,24981.0,3280.0,1.8509779999999998,0.674074,GBR,ALB,7788
1886807,90,4,1313,2006.0,2885454.0,0.0,0.183748,1.582167,GRC,ALB,7788
1886808,97,4,1313,2006.0,6860.0,0.0,0.63347,1.276634,HKG,ALB,7788
1886809,100,4,1313,2006.0,39235.0,0.0,0.866511,1.217552,HRV,ALB,7788
1886810,102,4,1313,2006.0,23915.0,0.0,1.469539,0.8546090000000001,HUN,ALB,7788
1886811,106,4,1313,2006.0,1095.0,0.0,1.501322,0.161375,IRL,ALB,7788
1886812,110,4,1313,2006.0,12356.0,0.0,1.286738,0.8783610000000001,ISR,ALB,7788
1886813,111,4,1313,2006.0,1598996.0,9129.0,1.416017,0.161859,ITA,ALB,7788
1886814,121,4,1313,2006.0,5625.0,0.0,1.588589,0.799507,KOR,ALB,7788
1886815,138,4,1313,2006.0,0.0,16648.0,1.2996729999999999,0.655941,MEX,ALB,7788
1886816,140,4,1313,2006.0,31606.0,799865.0,-0.098526,0.423279,MKD,ALB,7788
1886817,162,4,1313,2006.0,59388.0,0.0,1.115718,1.4743680000000001,NLD,ALB,7788
1886818,163,4,1313,2006.0,11889.0,0.0,0.621685,-0.280378,NOR,ALB,7788
1886819,177,4,1313,2006.0,1186.0,0.0,1.0576860000000001,1.283664,POL,ALB,7788
1886820,185,4,1313,2006.0,163670.0,0.0,0.733232,1.2149,ROU,ALB,7788
1886821,186,4,1313,2006.0,237878.0,0.0,0.311252,-0.093895,RUS,ALB,7788
1886822,201,4,1313,2006.0,13510.0,4824.0,0.581078,1.5831600000000001,SRB,ALB,7788
1886823,207,4,1313,2006.0,9210.0,0.0,1.562187,0.612624,SVN,ALB,7788
1886824,224,4,1313,2006.0,99678.0,4348.0,0.41471,2.138217,TUR,ALB,7788
1886825,231,4,1313,2006.0,51916.0,42448.0,1.616918,-0.429924,USA,ALB,7788
1886826,249,4,1313,2006.0,10953.0,0.0,1.6683169999999998,1.230621,TWN,ALB,7788
1886827,7,9,1313,2006.0,11129.0,0.0,-0.12063900000000001,-0.817929,ARE,ARM,7788
1886828,8,9,1313,2006.0,21139.0,0.0,0.076917,1.06231,ARG,ARM,7788
1886829,14,9,1313,2006.0,8132.0,0.0,-0.183265,0.564314,AUS,ARM,7788
1886830,15,9,1313,2006.0,16639.0,11468.0,1.772588,-0.008943000000000001,AUT,ARM,7788
1886831,18,9,1313,2006.0,83262.0,10406.0,1.234224,1.308065,BEL,ARM,7788
1886832,23,9,1313,2006.0,51916.0,0.0,0.490234,1.581841,BGR,ARM,7788
1886833,28,9,1313,2006.0,0.0,19217.0,0.948306,0.702786,BLR,ARM,7788
1886834,41,9,1313,2006.0,1467.0,0.0,2.038668,0.46319,CHE,ARM,7788
1886835,43,9,1313,2006.0,74742.0,0.0,0.842242,1.7392740000000002,CHN,ARM,7788
1886836,59,9,1313,2006.0,28226.0,0.0,1.6478549999999998,0.095131,CZE,ARM,7788
1886837,61,9,1313,2006.0,618023.0,8125.0,2.135679,-2.933329,DEU,ARM,7788
1886838,71,9,1313,2006.0,1639.0,0.0,0.9909459999999999,1.785809,ESP,ARM,7788
1886839,74,9,1313,2006.0,43367.0,0.0,1.8630220000000002,0.87172,FIN,ARM,7788
1886840,77,9,1313,2006.0,98535.0,0.0,1.499686,0.16705699999999998,FRA,ARM,7788
1886841,81,9,1313,2006.0,57363.0,34241.0,1.8509779999999998,0.674074,GBR,ARM,7788
1886842,82,9,1313,2006.0,5574.0,0.0,-0.152929,-0.438435,GEO,ARM,7788
1886843,90,9,1313,2006.0,9724.0,0.0,0.183748,1.582167,GRC,ARM,7788
1886844,102,9,1313,2006.0,1184.0,0.0,1.469539,0.8546090000000001,HUN,ARM,7788
1886845,106,9,1313,2006.0,4692.0,0.0,1.501322,0.161375,IRL,ARM,7788
1886846,107,9,1313,2006.0,38366.0,0.0,-0.755814,-0.9279059999999999,IRN,ARM,7788
1886847,110,9,1313,2006.0,1994.0,0.0,1.286738,0.8783610000000001,ISR,ARM,7788
1886848,111,9,1313,2006.0,49414.0,0.0,1.416017,0.161859,ITA,ARM,7788
1886849,114,9,1313,2006.0,3423.0,0.0,2.442213,-0.046222000000000006,JPN,ARM,7788
1886850,121,9,1313,2006.0,24969.0,0.0,1.588589,0.799507,KOR,ARM,7788
1886851,124,9,1313,2006.0,12176.0,0.0,0.450113,1.7365119999999998,LBN,ARM,7788
1886852,130,9,1313,2006.0,13587.0,0.0,0.553669,1.252767,LTU,ARM,7788
1886853,132,9,1313,2006.0,2270.0,0.0,0.548453,1.027836,LVA,ARM,7788
1886854,162,9,1313,2006.0,33925.0,0.0,1.115718,1.4743680000000001,NLD,ARM,7788
1886855,177,9,1313,2006.0,20805.0,0.0,1.0576860000000001,1.283664,POL,ARM,7788
1886856,186,9,1313,2006.0,274498.0,38925.0,0.311252,-0.093895,RUS,ARM,7788
1886857,206,9,1313,2006.0,14280.0,0.0,1.3569950000000002,0.8663290000000001,SVK,ARM,7788
1886858,207,9,1313,2006.0,4257.0,0.0,1.562187,0.612624,SVN,ARM,7788
1886859,208,9,1313,2006.0,220829.0,0.0,1.921461,0.478688,SWE,ARM,7788
1886860,224,9,1313,2006.0,1157.0,0.0,0.41471,2.138217,TUR,ARM,7788
1886861,228,9,1313,2006.0,566904.0,0.0,0.598325,1.225485,UKR,ARM,7788
1886862,231,9,1313,2006.0,753390.0,0.0,1.616918,-0.429924,USA,ARM,7788
1886863,249,9,1313,2006.0,10680.0,0.0,1.6683169999999998,1.230621,TWN,ARM,7788
1886864,43,19,1313,2006.0,2422724.0,0.0,0.842242,1.7392740000000002,CHN,BEN,7788
1886865,61,19,1313,2006.0,67384.0,0.0,2.135679,-2.933329,DEU,BEN,7788
1886866,71,19,1313,2006.0,3587.0,0.0,0.9909459999999999,1.785809,ESP,BEN,7788
1886867,77,19,1313,2006.0,374506.0,0.0,1.499686,0.16705699999999998,FRA,BEN,7788
1886868,81,19,1313,2006.0,7724.0,0.0,1.8509779999999998,0.674074,GBR,BEN,7788
1886869,100,19,1313,2006.0,8045.0,0.0,0.866511,1.217552,HRV,BEN,7788
1886870,104,19,1313,2006.0,13870.0,0.0,0.202078,2.594677,IND,BEN,7788
1886871,111,19,1313,2006.0,52823.0,0.0,1.416017,0.161859,ITA,BEN,7788
1886872,121,19,1313,2006.0,41099.0,0.0,1.588589,0.799507,KOR,BEN,7788
1886873,124,19,1313,2006.0,2179.0,0.0,0.450113,1.7365119999999998,LBN,BEN,7788
1886874,134,19,1313,2006.0,10433.0,0.0,-0.41821499999999995,0.175231,MAR,BEN,7788
1886875,153,19,1313,2006.0,1494.0,0.0,0.9497270000000001,0.324179,MYS,BEN,7788
1886876,157,19,1313,2006.0,0.0,11634.0,-0.52447,-0.641225,NER,BEN,7788
1886877,162,19,1313,2006.0,14755.0,0.0,1.115718,1.4743680000000001,NLD,BEN,7788
1886878,207,19,1313,2006.0,0.0,6978.0,1.562187,0.612624,SVN,BEN,7788
1886879,215,19,1313,2006.0,1275.0,0.0,-0.81795,-0.567823,TGO,BEN,7788
1886880,223,19,1313,2006.0,4055.0,0.0,0.140257,0.528918,TUN,BEN,7788
1886881,231,19,1313,2006.0,51459.0,0.0,1.616918,-0.429924,USA,BEN,7788
1886882,246,19,1313,2006.0,1257.0,2731.0,0.18317,1.675934,ZAF,BEN,7788
1886883,249,19,1313,2006.0,5893.0,0.0,1.6683169999999998,1.230621,TWN,BEN,7788
1886884,14,34,1313,2006.0,48003.0,46068.0,-0.183265,0.564314,AUS,BRN,7788
1886885,15,34,1313,2006.0,10469.0,0.0,1.772588,-0.008943000000000001,AUT,BRN,7788
1886886,18,34,1313,2006.0,22884.0,0.0,1.234224,1.308065,BEL,BRN,7788
1886887,32,34,1313,2006.0,0.0,579145.0,0.622959,1.413527,BRA,BRN,7788
1886888,39,34,1313,2006.0,8160.0,0.0,0.806511,1.466573,CAN,BRN,7788
1886889,41,34,1313,2006.0,1683.0,0.0,2.038668,0.46319,CHE,BRN,7788
1886890,43,34,1313,2006.0,230286.0,7642.0,0.842242,1.7392740000000002,CHN,BRN,7788
1886891,61,34,1313,2006.0,82864.0,34436.0,2.135679,-2.933329,DEU,BRN,7788
1886892,71,34,1313,2006.0,1478.0,0.0,0.9909459999999999,1.785809,ESP,BRN,7788
1886893,77,34,1313,2006.0,9742.0,0.0,1.499686,0.16705699999999998,FRA,BRN,7788
1886894,81,34,1313,2006.0,256107.0,39976.0,1.8509779999999998,0.674074,GBR,BRN,7788
1886895,97,34,1313,2006.0,17540.0,2693.0,0.63347,1.276634,HKG,BRN,7788
1886896,103,34,1313,2006.0,2095.0,0.0,0.0036969999999999998,1.703498,IDN,BRN,7788
1886897,104,34,1313,2006.0,1213.0,0.0,0.202078,2.594677,IND,BRN,7788
1886898,111,34,1313,2006.0,19705.0,0.0,1.416017,0.161859,ITA,BRN,7788
1886899,114,34,1313,2006.0,308575.0,0.0,2.442213,-0.046222000000000006,JPN,BRN,7788
1886900,121,34,1313,2006.0,6566.0,0.0,1.588589,0.799507,KOR,BRN,7788
1886901,153,34,1313,2006.0,133713.0,59033.0,0.9497270000000001,0.324179,MYS,BRN,7788
1886902,162,34,1313,2006.0,7330.0,0.0,1.115718,1.4743680000000001,NLD,BRN,7788
1886903,163,34,1313,2006.0,33047.0,0.0,0.621685,-0.280378,NOR,BRN,7788
1886904,166,34,1313,2006.0,23919.0,0.0,0.40442100000000003,0.821033,NZL,BRN,7788
1886905,174,34,1313,2006.0,45020.0,0.0,0.32715,-0.15929200000000002,PHL,BRN,7788
1886906,192,34,1313,2006.0,3354247.0,82393.0,1.670134,0.43955600000000006,SGP,BRN,7788
1886907,208,34,1313,2006.0,9524.0,0.0,1.921461,0.478688,SWE,BRN,7788
1886908,216,34,1313,2006.0,11021.0,7110.0,0.73283,1.419023,THA,BRN,7788
1886909,231,34,1313,2006.0,98138.0,79881.0,1.616918,-0.429924,USA,BRN,7788
1886910,249,34,1313,2006.0,56576.0,1537.0,1.6683169999999998,1.230621,TWN,BRN,7788
1886911,7,50,1313,2006.0,11754.0,0.0,-0.12063900000000001,-0.817929,ARE,COM,7788
1886912,61,50,1313,2006.0,2232.0,0.0,2.135679,-2.933329,DEU,COM,7788
1886913,77,50,1313,2006.0,82116.0,0.0,1.499686,0.16705699999999998,FRA,COM,7788
1886914,114,50,1313,2006.0,3055.0,0.0,2.442213,-0.046222000000000006,JPN,COM,7788
1886915,192,50,1313,2006.0,3248.0,0.0,1.670134,0.43955600000000006,SGP,COM,7788
1886916,231,50,1313,2006.0,7010.0,0.0,1.616918,-0.429924,USA,COM,7788
1886917,246,50,1313,2006.0,2698.0,0.0,0.18317,1.675934,ZAF,COM,7788
1886918,14,62,1313,2006.0,136208.0,0.0,-0.183265,0.564314,AUS,DJI,7788
1886919,18,62,1313,2006.0,39480.0,0.0,1.234224,1.308065,BEL,DJI,7788
1886920,41,62,1313,2006.0,0.0,1787.0,2.038668,0.46319,CHE,DJI,7788
1886921,43,62,1313,2006.0,145051.0,0.0,0.842242,1.7392740000000002,CHN,DJI,7788
1886922,61,62,1313,2006.0,30171.0,0.0,2.135679,-2.933329,DEU,DJI,7788
1886923,71,62,1313,2006.0,5228.0,0.0,0.9909459999999999,1.785809,ESP,DJI,7788
1886924,73,62,1313,2006.0,0.0,2169.0,-1.129189,-0.953627,ETH,DJI,7788
1886925,77,62,1313,2006.0,110470.0,0.0,1.499686,0.16705699999999998,FRA,DJI,7788
1886926,104,62,1313,2006.0,9132.0,1769.0,0.202078,2.594677,IND,DJI,7788
1886927,110,62,1313,2006.0,1000.0,0.0,1.286738,0.8783610000000001,ISR,DJI,7788
1886928,111,62,1313,2006.0,2857.0,0.0,1.416017,0.161859,ITA,DJI,7788
1886929,113,62,1313,2006.0,1604.0,0.0,0.31143899999999997,0.428361,JOR,DJI,7788
1886930,114,62,1313,2006.0,3232.0,0.0,2.442213,-0.046222000000000006,JPN,DJI,7788
1886931,188,62,1313,2006.0,3325.0,0.0,-0.094152,-0.921106,SAU,DJI,7788
1886932,192,62,1313,2006.0,55757.0,0.0,1.670134,0.43955600000000006,SGP,DJI,7788
1886933,208,62,1313,2006.0,35514.0,0.0,1.921461,0.478688,SWE,DJI,7788
1886934,231,62,1313,2006.0,149100.0,0.0,1.616918,-0.429924,USA,DJI,7788
1886935,7,85,1313,2006.0,13974.0,0.0,-0.12063900000000001,-0.817929,ARE,GIN,7788
1886936,14,85,1313,2006.0,157512.0,0.0,-0.183265,0.564314,AUS,GIN,7788
1886937,18,85,1313,2006.0,165383.0,0.0,1.234224,1.308065,BEL,GIN,7788
1886938,39,85,1313,2006.0,6146.0,1677.0,0.806511,1.466573,CAN,GIN,7788
1886939,41,85,1313,2006.0,2905.0,0.0,2.038668,0.46319,CHE,GIN,7788
1886940,43,85,1313,2006.0,109163.0,0.0,0.842242,1.7392740000000002,CHN,GIN,7788
1886941,61,85,1313,2006.0,74018.0,0.0,2.135679,-2.933329,DEU,GIN,7788
1886942,71,85,1313,2006.0,162838.0,0.0,0.9909459999999999,1.785809,ESP,GIN,7788
1886943,77,85,1313,2006.0,348417.0,0.0,1.499686,0.16705699999999998,FRA,GIN,7788
1886944,81,85,1313,2006.0,4223.0,3168.0,1.8509779999999998,0.674074,GBR,GIN,7788
1886945,103,85,1313,2006.0,708169.0,0.0,0.0036969999999999998,1.703498,IDN,GIN,7788
1886946,104,85,1313,2006.0,0.0,3714.0,0.202078,2.594677,IND,GIN,7788
1886947,111,85,1313,2006.0,250002.0,0.0,1.416017,0.161859,ITA,GIN,7788
1886948,114,85,1313,2006.0,9101.0,0.0,2.442213,-0.046222000000000006,JPN,GIN,7788
1886949,121,85,1313,2006.0,1476.0,0.0,1.588589,0.799507,KOR,GIN,7788
1886950,124,85,1313,2006.0,141587.0,0.0,0.450113,1.7365119999999998,LBN,GIN,7788
1886951,134,85,1313,2006.0,3534.0,0.0,-0.41821499999999995,0.175231,MAR,GIN,7788
1886952,141,85,1313,2006.0,5311.0,0.0,-0.588006,-0.687707,MLI,GIN,7788
1886953,162,85,1313,2006.0,6073.0,0.0,1.115718,1.4743680000000001,NLD,GIN,7788
1886954,192,85,1313,2006.0,5012.0,0.0,1.670134,0.43955600000000006,SGP,GIN,7788
1886955,231,85,1313,2006.0,66142.0,0.0,1.616918,-0.429924,USA,GIN,7788
1886956,246,85,1313,2006.0,173114.0,5370.0,0.18317,1.675934,ZAF,GIN,7788
1886957,249,85,1313,2006.0,1924.0,0.0,1.6683169999999998,1.230621,TWN,GIN,7788
1886958,43,87,1313,2006.0,15665.0,0.0,0.842242,1.7392740000000002,CHN,GMB,7788
1886959,61,87,1313,2006.0,11127.0,0.0,2.135679,-2.933329,DEU,GMB,7788
1886960,68,87,1313,2006.0,96909.0,0.0,-0.305058,0.294265,EGY,GMB,7788
1886961,71,87,1313,2006.0,3601.0,0.0,0.9909459999999999,1.785809,ESP,GMB,7788
1886962,77,87,1313,2006.0,12441.0,0.0,1.499686,0.16705699999999998,FRA,GMB,7788
1886963,81,87,1313,2006.0,143497.0,0.0,1.8509779999999998,0.674074,GBR,GMB,7788
1886964,110,87,1313,2006.0,4450.0,0.0,1.286738,0.8783610000000001,ISR,GMB,7788
1886965,162,87,1313,2006.0,34054.0,0.0,1.115718,1.4743680000000001,NLD,GMB,7788
1886966,166,87,1313,2006.0,9318.0,0.0,0.40442100000000003,0.821033,NZL,GMB,7788
1886967,191,87,1313,2006.0,7556.0,0.0,-0.548758,-0.152572,SEN,GMB,7788
1886968,216,87,1313,2006.0,0.0,5047.0,0.73283,1.419023,THA,GMB,7788
1886969,224,87,1313,2006.0,1934.0,0.0,0.41471,2.138217,TUR,GMB,7788
1886970,231,87,1313,2006.0,12545.0,0.0,1.616918,-0.429924,USA,GMB,7788
1886971,246,87,1313,2006.0,334552.0,0.0,0.18317,1.675934,ZAF,GMB,7788
1886972,249,87,1313,2006.0,23201.0,0.0,1.6683169999999998,1.230621,TWN,GMB,7788
1886973,14,108,1313,2006.0,6170566.0,6937.0,-0.183265,0.564314,AUS,IRQ,7788
1886974,15,108,1313,2006.0,105396.0,0.0,1.772588,-0.008943000000000001,AUT,IRQ,7788
1886975,18,108,1313,2006.0,99697.0,58100.0,1.234224,1.308065,BEL,IRQ,7788
1886976,32,108,1313,2006.0,5023.0,0.0,0.622959,1.413527,BRA,IRQ,7788
1886977,39,108,1313,2006.0,43282.0,0.0,0.806511,1.466573,CAN,IRQ,7788
1886978,43,108,1313,2006.0,795930.0,0.0,0.842242,1.7392740000000002,CHN,IRQ,7788
1886979,61,108,1313,2006.0,1800615.0,4831.0,2.135679,-2.933329,DEU,IRQ,7788
1886980,64,108,1313,2006.0,127309.0,0.0,1.25209,1.133206,DNK,IRQ,7788
1886981,68,108,1313,2006.0,0.0,6734.0,-0.305058,0.294265,EGY,IRQ,7788
1886982,71,108,1313,2006.0,4867.0,0.0,0.9909459999999999,1.785809,ESP,IRQ,7788
1886983,77,108,1313,2006.0,48958.0,0.0,1.499686,0.16705699999999998,FRA,IRQ,7788
1886984,81,108,1313,2006.0,1011425.0,2441.0,1.8509779999999998,0.674074,GBR,IRQ,7788
1886985,97,108,1313,2006.0,82562.0,0.0,0.63347,1.276634,HKG,IRQ,7788
1886986,107,108,1313,2006.0,696683.0,0.0,-0.755814,-0.9279059999999999,IRN,IRQ,7788
1886987,111,108,1313,2006.0,275898.0,0.0,1.416017,0.161859,ITA,IRQ,7788
1886988,113,108,1313,2006.0,245590.0,0.0,0.31143899999999997,0.428361,JOR,IRQ,7788
1886989,114,108,1313,2006.0,365373.0,0.0,2.442213,-0.046222000000000006,JPN,IRQ,7788
1886990,121,108,1313,2006.0,23803.0,0.0,1.588589,0.799507,KOR,IRQ,7788
1886991,122,108,1313,2006.0,354212.0,0.0,-1.506818,-1.193717,KWT,IRQ,7788
1886992,124,108,1313,2006.0,52003.0,0.0,0.450113,1.7365119999999998,LBN,IRQ,7788
1886993,162,108,1313,2006.0,136941.0,30564.0,1.115718,1.4743680000000001,NLD,IRQ,7788
1886994,186,108,1313,2006.0,76685.0,0.0,0.311252,-0.093895,RUS,IRQ,7788
1886995,188,108,1313,2006.0,1027571.0,0.0,-0.094152,-0.921106,SAU,IRQ,7788
1886996,208,108,1313,2006.0,66437.0,0.0,1.921461,0.478688,SWE,IRQ,7788
1886997,212,108,1313,2006.0,317097.0,0.0,-0.49903100000000006,0.362867,SYR,IRQ,7788
1886998,224,108,1313,2006.0,2234246.0,25460.0,0.41471,2.138217,TUR,IRQ,7788
1886999,231,108,1313,2006.0,8992146.0,4098.0,1.616918,-0.429924,USA,IRQ,7788
1887000,246,108,1313,2006.0,524977.0,0.0,0.18317,1.675934,ZAF,IRQ,7788
1887001,249,108,1313,2006.0,5218.0,0.0,1.6683169999999998,1.230621,TWN,IRQ,7788
1887002,14,109,1313,2006.0,75595.0,22713.0,-0.183265,0.564314,AUS,ISL,7788
1887003,15,109,1313,2006.0,215498.0,0.0,1.772588,-0.008943000000000001,AUT,ISL,7788
1887004,18,109,1313,2006.0,154670.0,66073.0,1.234224,1.308065,BEL,ISL,7788
1887005,39,109,1313,2006.0,1082332.0,30833.0,0.806511,1.466573,CAN,ISL,7788
1887006,41,109,1313,2006.0,3985200.0,0.0,2.038668,0.46319,CHE,ISL,7788
1887007,43,109,1313,2006.0,1122275.0,3299.0,0.842242,1.7392740000000002,CHN,ISL,7788
1887008,59,109,1313,2006.0,24420.0,0.0,1.6478549999999998,0.095131,CZE,ISL,7788
1887009,61,109,1313,2006.0,55584344.0,38901.0,2.135679,-2.933329,DEU,ISL,7788
1887010,64,109,1313,2006.0,1371446.0,40590.0,1.25209,1.133206,DNK,ISL,7788
1887011,65,109,1313,2006.0,0.0,2483.0,0.044542,0.178998,DOM,ISL,7788
1887012,71,109,1313,2006.0,33044.0,1076.0,0.9909459999999999,1.785809,ESP,ISL,7788
1887013,74,109,1313,2006.0,125320.0,372217.0,1.8630220000000002,0.87172,FIN,ISL,7788
1887014,77,109,1313,2006.0,26805836.0,3464.0,1.499686,0.16705699999999998,FRA,ISL,7788
1887015,81,109,1313,2006.0,2604224.0,122049.0,1.8509779999999998,0.674074,GBR,ISL,7788
1887016,90,109,1313,2006.0,56448.0,0.0,0.183748,1.582167,GRC,ISL,7788
1887017,97,109,1313,2006.0,141124.0,0.0,0.63347,1.276634,HKG,ISL,7788
1887018,102,109,1313,2006.0,5389.0,0.0,1.469539,0.8546090000000001,HUN,ISL,7788
1887019,103,109,1313,2006.0,1473.0,0.0,0.0036969999999999998,1.703498,IDN,ISL,7788
1887020,104,109,1313,2006.0,2687.0,94775.0,0.202078,2.594677,IND,ISL,7788
1887021,106,109,1313,2006.0,239526.0,4684.0,1.501322,0.161375,IRL,ISL,7788
1887022,110,109,1313,2006.0,157096.0,0.0,1.286738,0.8783610000000001,ISR,ISL,7788
1887023,111,109,1313,2006.0,218340.0,0.0,1.416017,0.161859,ITA,ISL,7788
1887024,114,109,1313,2006.0,4948054.0,1856.0,2.442213,-0.046222000000000006,JPN,ISL,7788
1887025,116,109,1313,2006.0,0.0,2622.0,-0.402762,0.89869,KEN,ISL,7788
1887026,121,109,1313,2006.0,21469.0,8462.0,1.588589,0.799507,KOR,ISL,7788
1887027,130,109,1313,2006.0,2547.0,18372.0,0.553669,1.252767,LTU,ISL,7788
1887028,131,109,1313,2006.0,1091.0,1334.0,1.285123,0.999081,LUX,ISL,7788
1887029,138,109,1313,2006.0,0.0,1054789.0,1.2996729999999999,0.655941,MEX,ISL,7788
1887030,153,109,1313,2006.0,14745.0,0.0,0.9497270000000001,0.324179,MYS,ISL,7788
1887031,155,109,1313,2006.0,0.0,6983.0,-0.425389,-0.690279,NAM,ISL,7788
1887032,162,109,1313,2006.0,114795760.0,86637.0,1.115718,1.4743680000000001,NLD,ISL,7788
1887033,163,109,1313,2006.0,6256677.0,40585.0,0.621685,-0.280378,NOR,ISL,7788
1887034,166,109,1313,2006.0,17725.0,6921.0,0.40442100000000003,0.821033,NZL,ISL,7788
1887035,177,109,1313,2006.0,3475724.0,17864.0,1.0576860000000001,1.283664,POL,ISL,7788
1887036,179,109,1313,2006.0,80205.0,0.0,0.695569,1.7476200000000002,PRT,ISL,7788
1887037,185,109,1313,2006.0,0.0,4803.0,0.733232,1.2149,ROU,ISL,7788
1887038,186,109,1313,2006.0,0.0,85586.0,0.311252,-0.093895,RUS,ISL,7788
1887039,206,109,1313,2006.0,4927.0,0.0,1.3569950000000002,0.8663290000000001,SVK,ISL,7788
1887040,207,109,1313,2006.0,3614.0,0.0,1.562187,0.612624,SVN,ISL,7788
1887041,208,109,1313,2006.0,464323.0,28391.0,1.921461,0.478688,SWE,ISL,7788
1887042,216,109,1313,2006.0,5109.0,5078.0,0.73283,1.419023,THA,ISL,7788
1887043,224,109,1313,2006.0,5734.0,15114.0,0.41471,2.138217,TUR,ISL,7788
1887044,227,109,1313,2006.0,0.0,162680.0,-0.789284,-0.161216,UGA,ISL,7788
1887045,231,109,1313,2006.0,5791566.0,22594.0,1.616918,-0.429924,USA,ISL,7788
1887046,246,109,1313,2006.0,0.0,62044.0,0.18317,1.675934,ZAF,ISL,7788
1887047,249,109,1313,2006.0,47657.0,2865.0,1.6683169999999998,1.230621,TWN,ISL,7788
1887048,14,126,1313,2006.0,42575.0,0.0,-0.183265,0.564314,AUS,LBY,7788
1887049,15,126,1313,2006.0,448672.0,70531.0,1.772588,-0.008943000000000001,AUT,LBY,7788
1887050,18,126,1313,2006.0,5089521.0,0.0,1.234224,1.308065,BEL,LBY,7788
1887051,23,126,1313,2006.0,58357.0,0.0,0.490234,1.581841,BGR,LBY,7788
1887052,39,126,1313,2006.0,79807.0,0.0,0.806511,1.466573,CAN,LBY,7788
1887053,41,126,1313,2006.0,18476.0,2077.0,2.038668,0.46319,CHE,LBY,7788
1887054,43,126,1313,2006.0,344219.0,0.0,0.842242,1.7392740000000002,CHN,LBY,7788
1887055,59,126,1313,2006.0,43649.0,0.0,1.6478549999999998,0.095131,CZE,LBY,7788
1887056,61,126,1313,2006.0,7258879.0,0.0,2.135679,-2.933329,DEU,LBY,7788
1887057,64,126,1313,2006.0,181454.0,0.0,1.25209,1.133206,DNK,LBY,7788
1887058,68,126,1313,2006.0,0.0,35899.0,-0.305058,0.294265,EGY,LBY,7788
1887059,71,126,1313,2006.0,7351794.0,0.0,0.9909459999999999,1.785809,ESP,LBY,7788
1887060,77,126,1313,2006.0,1842839.0,0.0,1.499686,0.16705699999999998,FRA,LBY,7788
1887061,81,126,1313,2006.0,4292723.0,8052.0,1.8509779999999998,0.674074,GBR,LBY,7788
1887062,97,126,1313,2006.0,125496.0,0.0,0.63347,1.276634,HKG,LBY,7788
1887063,104,126,1313,2006.0,2079087.0,0.0,0.202078,2.594677,IND,LBY,7788
1887064,111,126,1313,2006.0,2501220.0,25668.0,1.416017,0.161859,ITA,LBY,7788
1887065,113,126,1313,2006.0,41235.0,0.0,0.31143899999999997,0.428361,JOR,LBY,7788
1887066,114,126,1313,2006.0,67649.0,0.0,2.442213,-0.046222000000000006,JPN,LBY,7788
1887067,121,126,1313,2006.0,169672.0,0.0,1.588589,0.799507,KOR,LBY,7788
1887068,134,126,1313,2006.0,23148.0,0.0,-0.41821499999999995,0.175231,MAR,LBY,7788
1887069,138,126,1313,2006.0,0.0,354135.0,1.2996729999999999,0.655941,MEX,LBY,7788
1887070,142,126,1313,2006.0,699021.0,0.0,1.5366819999999999,0.301101,MLT,LBY,7788
1887071,162,126,1313,2006.0,42714.0,0.0,1.115718,1.4743680000000001,NLD,LBY,7788
1887072,163,126,1313,2006.0,1908.0,0.0,0.621685,-0.280378,NOR,LBY,7788
1887073,166,126,1313,2006.0,3074.0,0.0,0.40442100000000003,0.821033,NZL,LBY,7788
1887074,177,126,1313,2006.0,2491.0,0.0,1.0576860000000001,1.283664,POL,LBY,7788
1887075,185,126,1313,2006.0,221504.0,0.0,0.733232,1.2149,ROU,LBY,7788
1887076,186,126,1313,2006.0,100122.0,0.0,0.311252,-0.093895,RUS,LBY,7788
1887077,188,126,1313,2006.0,1161162.0,0.0,-0.094152,-0.921106,SAU,LBY,7788
1887078,192,126,1313,2006.0,102171.0,0.0,1.670134,0.43955600000000006,SGP,LBY,7788
1887079,201,126,1313,2006.0,26727.0,0.0,0.581078,1.5831600000000001,SRB,LBY,7788
1887080,206,126,1313,2006.0,3898.0,0.0,1.3569950000000002,0.8663290000000001,SVK,LBY,7788
1887081,208,126,1313,2006.0,5026.0,0.0,1.921461,0.478688,SWE,LBY,7788
1887082,223,126,1313,2006.0,433855.0,0.0,0.140257,0.528918,TUN,LBY,7788
1887083,224,126,1313,2006.0,93808.0,0.0,0.41471,2.138217,TUR,LBY,7788
1887084,228,126,1313,2006.0,3557.0,0.0,0.598325,1.225485,UKR,LBY,7788
1887085,231,126,1313,2006.0,638875.0,0.0,1.616918,-0.429924,USA,LBY,7788
1887086,246,126,1313,2006.0,1177.0,0.0,0.18317,1.675934,ZAF,LBY,7788
1887087,249,126,1313,2006.0,463515.0,0.0,1.6683169999999998,1.230621,TWN,LBY,7788
1887088,14,133,1313,2006.0,67171.0,14054.0,-0.183265,0.564314,AUS,MAC,7788
1887089,15,133,1313,2006.0,53508.0,1824.0,1.772588,-0.008943000000000001,AUT,MAC,7788
1887090,18,133,1313,2006.0,9793.0,0.0,1.234224,1.308065,BEL,MAC,7788
1887091,39,133,1313,2006.0,85433.0,2622.0,0.806511,1.466573,CAN,MAC,7788
1887092,41,133,1313,2006.0,38433.0,0.0,2.038668,0.46319,CHE,MAC,7788
1887093,43,133,1313,2006.0,15803945.0,306485.0,0.842242,1.7392740000000002,CHN,MAC,7788
1887094,61,133,1313,2006.0,240322.0,21081.0,2.135679,-2.933329,DEU,MAC,7788
1887095,64,133,1313,2006.0,8985.0,2408.0,1.25209,1.133206,DNK,MAC,7788
1887096,71,133,1313,2006.0,0.0,2521.0,0.9909459999999999,1.785809,ESP,MAC,7788
1887097,74,133,1313,2006.0,3573.0,2678.0,1.8630220000000002,0.87172,FIN,MAC,7788
1887098,77,133,1313,2006.0,1663301.0,8201.0,1.499686,0.16705699999999998,FRA,MAC,7788
1887099,81,133,1313,2006.0,48527.0,515470.0,1.8509779999999998,0.674074,GBR,MAC,7788
1887100,97,133,1313,2006.0,4226466.0,237534.0,0.63347,1.276634,HKG,MAC,7788
1887101,100,133,1313,2006.0,0.0,25177.0,0.866511,1.217552,HRV,MAC,7788
1887102,102,133,1313,2006.0,0.0,27405.0,1.469539,0.8546090000000001,HUN,MAC,7788
1887103,111,133,1313,2006.0,32725.0,0.0,1.416017,0.161859,ITA,MAC,7788
1887104,114,133,1313,2006.0,417114.0,310475.0,2.442213,-0.046222000000000006,JPN,MAC,7788
1887105,121,133,1313,2006.0,54983.0,14823.0,1.588589,0.799507,KOR,MAC,7788
1887106,138,133,1313,2006.0,0.0,48475.0,1.2996729999999999,0.655941,MEX,MAC,7788
1887107,153,133,1313,2006.0,1991.0,0.0,0.9497270000000001,0.324179,MYS,MAC,7788
1887108,155,133,1313,2006.0,0.0,144536.0,-0.425389,-0.690279,NAM,MAC,7788
1887109,162,133,1313,2006.0,23388.0,2584466.0,1.115718,1.4743680000000001,NLD,MAC,7788
1887110,166,133,1313,2006.0,0.0,9067.0,0.40442100000000003,0.821033,NZL,MAC,7788
1887111,174,133,1313,2006.0,0.0,9677.0,0.32715,-0.15929200000000002,PHL,MAC,7788
1887112,179,133,1313,2006.0,637773.0,10559.0,0.695569,1.7476200000000002,PRT,MAC,7788
1887113,192,133,1313,2006.0,129849.0,245084.0,1.670134,0.43955600000000006,SGP,MAC,7788
1887114,208,133,1313,2006.0,2593.0,0.0,1.921461,0.478688,SWE,MAC,7788
1887115,216,133,1313,2006.0,0.0,132281.0,0.73283,1.419023,THA,MAC,7788
1887116,224,133,1313,2006.0,0.0,2205.0,0.41471,2.138217,TUR,MAC,7788
1887117,231,133,1313,2006.0,3272782.0,633606.0,1.616918,-0.429924,USA,MAC,7788
1887118,246,133,1313,2006.0,0.0,1140.0,0.18317,1.675934,ZAF,MAC,7788
1887119,249,133,1313,2006.0,6011190.0,303065.0,1.6683169999999998,1.230621,TWN,MAC,7788
1887120,7,137,1313,2006.0,13063.0,0.0,-0.12063900000000001,-0.817929,ARE,MDV,7788
1887121,14,137,1313,2006.0,36344.0,0.0,-0.183265,0.564314,AUS,MDV,7788
1887122,18,137,1313,2006.0,3722.0,0.0,1.234224,1.308065,BEL,MDV,7788
1887123,39,137,1313,2006.0,2128.0,0.0,0.806511,1.466573,CAN,MDV,7788
1887124,41,137,1313,2006.0,10158.0,0.0,2.038668,0.46319,CHE,MDV,7788
1887125,43,137,1313,2006.0,28402.0,0.0,0.842242,1.7392740000000002,CHN,MDV,7788
1887126,61,137,1313,2006.0,87274.0,0.0,2.135679,-2.933329,DEU,MDV,7788
1887127,71,137,1313,2006.0,2008.0,0.0,0.9909459999999999,1.785809,ESP,MDV,7788
1887128,77,137,1313,2006.0,27930.0,0.0,1.499686,0.16705699999999998,FRA,MDV,7788
1887129,81,137,1313,2006.0,166198.0,0.0,1.8509779999999998,0.674074,GBR,MDV,7788
1887130,97,137,1313,2006.0,5123.0,6233.0,0.63347,1.276634,HKG,MDV,7788
1887131,103,137,1313,2006.0,8002.0,0.0,0.0036969999999999998,1.703498,IDN,MDV,7788
1887132,104,137,1313,2006.0,77689.0,0.0,0.202078,2.594677,IND,MDV,7788
1887133,111,137,1313,2006.0,33426.0,0.0,1.416017,0.161859,ITA,MDV,7788
1887134,114,137,1313,2006.0,8752.0,0.0,2.442213,-0.046222000000000006,JPN,MDV,7788
1887135,121,137,1313,2006.0,48969.0,0.0,1.588589,0.799507,KOR,MDV,7788
1887136,128,137,1313,2006.0,19978.0,0.0,-0.37725,0.245153,LKA,MDV,7788
1887137,153,137,1313,2006.0,53648.0,0.0,0.9497270000000001,0.324179,MYS,MDV,7788
1887138,162,137,1313,2006.0,3291.0,0.0,1.115718,1.4743680000000001,NLD,MDV,7788
1887139,174,137,1313,2006.0,1067.0,0.0,0.32715,-0.15929200000000002,PHL,MDV,7788
1887140,179,137,1313,2006.0,3249.0,0.0,0.695569,1.7476200000000002,PRT,MDV,7788
1887141,192,137,1313,2006.0,1089626.0,2647.0,1.670134,0.43955600000000006,SGP,MDV,7788
1887142,208,137,1313,2006.0,11725.0,0.0,1.921461,0.478688,SWE,MDV,7788
1887143,216,137,1313,2006.0,65810.0,0.0,0.73283,1.419023,THA,MDV,7788
1887144,231,137,1313,2006.0,71819.0,0.0,1.616918,-0.429924,USA,MDV,7788
1887145,246,137,1313,2006.0,4353.0,0.0,0.18317,1.675934,ZAF,MDV,7788
1887146,249,137,1313,2006.0,12453.0,0.0,1.6683169999999998,1.230621,TWN,MDV,7788
1887147,14,145,1313,2006.0,256635.0,2906.0,-0.183265,0.564314,AUS,MNG,7788
1887148,15,145,1313,2006.0,2744.0,0.0,1.772588,-0.008943000000000001,AUT,MNG,7788
1887149,18,145,1313,2006.0,13084.0,0.0,1.234224,1.308065,BEL,MNG,7788
1887150,39,145,1313,2006.0,2583.0,0.0,0.806511,1.466573,CAN,MNG,7788
1887151,43,145,1313,2006.0,1136150.0,0.0,0.842242,1.7392740000000002,CHN,MNG,7788
1887152,59,145,1313,2006.0,52741.0,0.0,1.6478549999999998,0.095131,CZE,MNG,7788
1887153,61,145,1313,2006.0,219121.0,151704.0,2.135679,-2.933329,DEU,MNG,7788
1887154,64,145,1313,2006.0,103612.0,0.0,1.25209,1.133206,DNK,MNG,7788
1887155,81,145,1313,2006.0,6091.0,0.0,1.8509779999999998,0.674074,GBR,MNG,7788
1887156,97,145,1313,2006.0,22272.0,0.0,0.63347,1.276634,HKG,MNG,7788
1887157,102,145,1313,2006.0,1897.0,0.0,1.469539,0.8546090000000001,HUN,MNG,7788
1887158,110,145,1313,2006.0,25842.0,0.0,1.286738,0.8783610000000001,ISR,MNG,7788
1887159,111,145,1313,2006.0,2566.0,0.0,1.416017,0.161859,ITA,MNG,7788
1887160,114,145,1313,2006.0,85231.0,31943.0,2.442213,-0.046222000000000006,JPN,MNG,7788
1887161,121,145,1313,2006.0,1021352.0,0.0,1.588589,0.799507,KOR,MNG,7788
1887162,153,145,1313,2006.0,40871.0,0.0,0.9497270000000001,0.324179,MYS,MNG,7788
1887163,162,145,1313,2006.0,2569.0,0.0,1.115718,1.4743680000000001,NLD,MNG,7788
1887164,166,145,1313,2006.0,2298.0,0.0,0.40442100000000003,0.821033,NZL,MNG,7788
1887165,169,145,1313,2006.0,1502.0,0.0,0.511845,0.7560560000000001,PAN,MNG,7788
1887166,177,145,1313,2006.0,259515.0,0.0,1.0576860000000001,1.283664,POL,MNG,7788
1887167,186,145,1313,2006.0,686075.0,0.0,0.311252,-0.093895,RUS,MNG,7788
1887168,192,145,1313,2006.0,53310.0,6257.0,1.670134,0.43955600000000006,SGP,MNG,7788
1887169,208,145,1313,2006.0,1668.0,0.0,1.921461,0.478688,SWE,MNG,7788
1887170,228,145,1313,2006.0,10597.0,0.0,0.598325,1.225485,UKR,MNG,7788
1887171,231,145,1313,2006.0,58642.0,23834.0,1.616918,-0.429924,USA,MNG,7788
1887172,249,145,1313,2006.0,34572.0,0.0,1.6683169999999998,1.230621,TWN,MNG,7788
1887173,14,154,1313,2006.0,2717.0,0.0,-0.183265,0.564314,AUS,MYT,7788
1887174,39,154,1313,2006.0,1258.0,0.0,0.806511,1.466573,CAN,MYT,7788
1887175,43,154,1313,2006.0,6425.0,0.0,0.842242,1.7392740000000002,CHN,MYT,7788
1887176,61,154,1313,2006.0,4363.0,0.0,2.135679,-2.933329,DEU,MYT,7788
1887177,71,154,1313,2006.0,1290.0,0.0,0.9909459999999999,1.785809,ESP,MYT,7788
1887178,77,154,1313,2006.0,403458.0,2353.0,1.499686,0.16705699999999998,FRA,MYT,7788
1887179,81,154,1313,2006.0,1897.0,0.0,1.8509779999999998,0.674074,GBR,MYT,7788
1887180,97,154,1313,2006.0,3744.0,0.0,0.63347,1.276634,HKG,MYT,7788
1887181,106,154,1313,2006.0,3842.0,0.0,1.501322,0.161375,IRL,MYT,7788
1887182,111,154,1313,2006.0,7755.0,0.0,1.416017,0.161859,ITA,MYT,7788
1887183,114,154,1313,2006.0,3633.0,0.0,2.442213,-0.046222000000000006,JPN,MYT,7788
1887184,246,154,1313,2006.0,4813.0,0.0,0.18317,1.675934,ZAF,MYT,7788
1887185,14,156,1313,2006.0,609953.0,2253.0,-0.183265,0.564314,AUS,NCL,7788
1887186,18,156,1313,2006.0,144503.0,0.0,1.234224,1.308065,BEL,NCL,7788
1887187,39,156,1313,2006.0,42578.0,0.0,0.806511,1.466573,CAN,NCL,7788
1887188,41,156,1313,2006.0,17353.0,0.0,2.038668,0.46319,CHE,NCL,7788
1887189,43,156,1313,2006.0,53810.0,0.0,0.842242,1.7392740000000002,CHN,NCL,7788
1887190,59,156,1313,2006.0,3021.0,0.0,1.6478549999999998,0.095131,CZE,NCL,7788
1887191,61,156,1313,2006.0,219089.0,2217.0,2.135679,-2.933329,DEU,NCL,7788
1887192,64,156,1313,2006.0,28239.0,0.0,1.25209,1.133206,DNK,NCL,7788
1887193,71,156,1313,2006.0,116523.0,0.0,0.9909459999999999,1.785809,ESP,NCL,7788
1887194,74,156,1313,2006.0,12203.0,0.0,1.8630220000000002,0.87172,FIN,NCL,7788
1887195,77,156,1313,2006.0,2113577.0,8721.0,1.499686,0.16705699999999998,FRA,NCL,7788
1887196,81,156,1313,2006.0,163077.0,0.0,1.8509779999999998,0.674074,GBR,NCL,7788
1887197,97,156,1313,2006.0,4282.0,0.0,0.63347,1.276634,HKG,NCL,7788
1887198,103,156,1313,2006.0,10096.0,0.0,0.0036969999999999998,1.703498,IDN,NCL,7788
1887199,106,156,1313,2006.0,2820.0,0.0,1.501322,0.161375,IRL,NCL,7788
1887200,111,156,1313,2006.0,62610.0,0.0,1.416017,0.161859,ITA,NCL,7788
1887201,114,156,1313,2006.0,180613.0,0.0,2.442213,-0.046222000000000006,JPN,NCL,7788
1887202,121,156,1313,2006.0,3482.0,0.0,1.588589,0.799507,KOR,NCL,7788
1887203,153,156,1313,2006.0,36214.0,0.0,0.9497270000000001,0.324179,MYS,NCL,7788
1887204,162,156,1313,2006.0,7424.0,0.0,1.115718,1.4743680000000001,NLD,NCL,7788
1887205,166,156,1313,2006.0,40977.0,3010.0,0.40442100000000003,0.821033,NZL,NCL,7788
1887206,174,156,1313,2006.0,1508.0,0.0,0.32715,-0.15929200000000002,PHL,NCL,7788
1887207,179,156,1313,2006.0,5097.0,0.0,0.695569,1.7476200000000002,PRT,NCL,7788
1887208,182,156,1313,2006.0,8151.0,0.0,-0.2789,-0.847551,PYF,NCL,7788
1887209,192,156,1313,2006.0,30783.0,0.0,1.670134,0.43955600000000006,SGP,NCL,7788
1887210,208,156,1313,2006.0,3056.0,0.0,1.921461,0.478688,SWE,NCL,7788
1887211,216,156,1313,2006.0,14280.0,0.0,0.73283,1.419023,THA,NCL,7788
1887212,231,156,1313,2006.0,88653.0,11366.0,1.616918,-0.429924,USA,NCL,7788
1887213,241,156,1313,2006.0,0.0,1748.0,1.6795650000000002,-0.092971,WLF,NCL,7788
1887214,246,156,1313,2006.0,2213.0,0.0,0.18317,1.675934,ZAF,NCL,7788
1887215,249,156,1313,2006.0,49881.0,0.0,1.6683169999999998,1.230621,TWN,NCL,7788
1887216,250,156,1313,2006.0,1190.0,0.0,0.202525,-0.46324499999999996,ANS,NCL,7788
1887217,14,157,1313,2006.0,130139.0,16579.0,-0.183265,0.564314,AUS,NER,7788
1887218,18,157,1313,2006.0,17644.0,1904.0,1.234224,1.308065,BEL,NER,7788
1887219,19,157,1313,2006.0,11634.0,0.0,-1.093919,-0.9748319999999999,BEN,NER,7788
1887220,39,157,1313,2006.0,31886.0,0.0,0.806511,1.466573,CAN,NER,7788
1887221,43,157,1313,2006.0,7069.0,0.0,0.842242,1.7392740000000002,CHN,NER,7788
1887222,61,157,1313,2006.0,62407.0,5414.0,2.135679,-2.933329,DEU,NER,7788
1887223,71,157,1313,2006.0,2673.0,0.0,0.9909459999999999,1.785809,ESP,NER,7788
1887224,74,157,1313,2006.0,5541.0,0.0,1.8630220000000002,0.87172,FIN,NER,7788
1887225,77,157,1313,2006.0,388196.0,5579.0,1.499686,0.16705699999999998,FRA,NER,7788
1887226,104,157,1313,2006.0,0.0,4647.0,0.202078,2.594677,IND,NER,7788
1887227,110,157,1313,2006.0,12165.0,0.0,1.286738,0.8783610000000001,ISR,NER,7788
1887228,111,157,1313,2006.0,1933.0,0.0,1.416017,0.161859,ITA,NER,7788
1887229,162,157,1313,2006.0,6064.0,0.0,1.115718,1.4743680000000001,NLD,NER,7788
1887230,163,157,1313,2006.0,6754.0,0.0,0.621685,-0.280378,NOR,NER,7788
1887231,216,157,1313,2006.0,9748.0,0.0,0.73283,1.419023,THA,NER,7788
1887232,231,157,1313,2006.0,18078.0,4878.0,1.616918,-0.429924,USA,NER,7788
1887233,246,157,1313,2006.0,21981.0,0.0,0.18317,1.675934,ZAF,NER,7788
1887234,250,157,1313,2006.0,0.0,53375.0,0.202525,-0.46324499999999996,ANS,NER,7788
1887235,14,182,1313,2006.0,48710.0,15405.0,-0.183265,0.564314,AUS,PYF,7788
1887236,15,182,1313,2006.0,2361.0,0.0,1.772588,-0.008943000000000001,AUT,PYF,7788
1887237,18,182,1313,2006.0,45134.0,0.0,1.234224,1.308065,BEL,PYF,7788
1887238,39,182,1313,2006.0,8302.0,0.0,0.806511,1.466573,CAN,PYF,7788
1887239,41,182,1313,2006.0,15410.0,0.0,2.038668,0.46319,CHE,PYF,7788
1887240,43,182,1313,2006.0,71535.0,0.0,0.842242,1.7392740000000002,CHN,PYF,7788
1887241,59,182,1313,2006.0,4158.0,0.0,1.6478549999999998,0.095131,CZE,PYF,7788
1887242,61,182,1313,2006.0,115028.0,0.0,2.135679,-2.933329,DEU,PYF,7788
1887243,64,182,1313,2006.0,7237.0,0.0,1.25209,1.133206,DNK,PYF,7788
1887244,71,182,1313,2006.0,19093.0,0.0,0.9909459999999999,1.785809,ESP,PYF,7788
1887245,77,182,1313,2006.0,2582561.0,33904.0,1.499686,0.16705699999999998,FRA,PYF,7788
1887246,81,182,1313,2006.0,9960.0,0.0,1.8509779999999998,0.674074,GBR,PYF,7788
1887247,97,182,1313,2006.0,213412.0,0.0,0.63347,1.276634,HKG,PYF,7788
1887248,102,182,1313,2006.0,1838.0,0.0,1.469539,0.8546090000000001,HUN,PYF,7788
1887249,103,182,1313,2006.0,10018.0,0.0,0.0036969999999999998,1.703498,IDN,PYF,7788
1887250,106,182,1313,2006.0,9339.0,0.0,1.501322,0.161375,IRL,PYF,7788
1887251,111,182,1313,2006.0,37880.0,0.0,1.416017,0.161859,ITA,PYF,7788
1887252,114,182,1313,2006.0,55842.0,0.0,2.442213,-0.046222000000000006,JPN,PYF,7788
1887253,121,182,1313,2006.0,172891.0,0.0,1.588589,0.799507,KOR,PYF,7788
1887254,153,182,1313,2006.0,16988.0,0.0,0.9497270000000001,0.324179,MYS,PYF,7788
1887255,156,182,1313,2006.0,0.0,8151.0,-0.42703900000000006,-0.840608,NCL,PYF,7788
1887256,162,182,1313,2006.0,10044.0,0.0,1.115718,1.4743680000000001,NLD,PYF,7788
1887257,163,182,1313,2006.0,3743.0,0.0,0.621685,-0.280378,NOR,PYF,7788
1887258,166,182,1313,2006.0,76785.0,0.0,0.40442100000000003,0.821033,NZL,PYF,7788
1887259,174,182,1313,2006.0,3654.0,0.0,0.32715,-0.15929200000000002,PHL,PYF,7788
1887260,179,182,1313,2006.0,5756.0,0.0,0.695569,1.7476200000000002,PRT,PYF,7788
1887261,185,182,1313,2006.0,8030.0,0.0,0.733232,1.2149,ROU,PYF,7788
1887262,192,182,1313,2006.0,17008.0,5883.0,1.670134,0.43955600000000006,SGP,PYF,7788
1887263,208,182,1313,2006.0,10816.0,0.0,1.921461,0.478688,SWE,PYF,7788
1887264,216,182,1313,2006.0,14722.0,0.0,0.73283,1.419023,THA,PYF,7788
1887265,231,182,1313,2006.0,381854.0,4807.0,1.616918,-0.429924,USA,PYF,7788
1887266,239,182,1313,2006.0,4219.0,0.0,-0.089404,0.986066,VNM,PYF,7788
1887267,249,182,1313,2006.0,61152.0,0.0,1.6683169999999998,1.230621,TWN,PYF,7788
1887268,7,190,1313,2006.0,234634.0,0.0,-0.12063900000000001,-0.817929,ARE,SDN,7788
1887269,14,190,1313,2006.0,3176653.0,0.0,-0.183265,0.564314,AUS,SDN,7788
1887270,15,190,1313,2006.0,145121.0,0.0,1.772588,-0.008943000000000001,AUT,SDN,7788
1887271,18,190,1313,2006.0,31416.0,0.0,1.234224,1.308065,BEL,SDN,7788
1887272,23,190,1313,2006.0,4935.0,0.0,0.490234,1.581841,BGR,SDN,7788
1887273,32,190,1313,2006.0,5916.0,0.0,0.622959,1.413527,BRA,SDN,7788
1887274,39,190,1313,2006.0,18697.0,0.0,0.806511,1.466573,CAN,SDN,7788
1887275,41,190,1313,2006.0,11495.0,0.0,2.038668,0.46319,CHE,SDN,7788
1887276,43,190,1313,2006.0,4906446.0,0.0,0.842242,1.7392740000000002,CHN,SDN,7788
1887277,59,190,1313,2006.0,32910.0,0.0,1.6478549999999998,0.095131,CZE,SDN,7788
1887278,61,190,1313,2006.0,1258484.0,0.0,2.135679,-2.933329,DEU,SDN,7788
1887279,64,190,1313,2006.0,16302.0,0.0,1.25209,1.133206,DNK,SDN,7788
1887280,68,190,1313,2006.0,756055.0,0.0,-0.305058,0.294265,EGY,SDN,7788
1887281,71,190,1313,2006.0,9156.0,0.0,0.9909459999999999,1.785809,ESP,SDN,7788
1887282,77,190,1313,2006.0,314271.0,0.0,1.499686,0.16705699999999998,FRA,SDN,7788
1887283,81,190,1313,2006.0,4264098.0,0.0,1.8509779999999998,0.674074,GBR,SDN,7788
1887284,97,190,1313,2006.0,34340.0,0.0,0.63347,1.276634,HKG,SDN,7788
1887285,104,190,1313,2006.0,412160.0,386024.0,0.202078,2.594677,IND,SDN,7788
1887286,107,190,1313,2006.0,23862.0,0.0,-0.755814,-0.9279059999999999,IRN,SDN,7788
1887287,111,190,1313,2006.0,694174.0,0.0,1.416017,0.161859,ITA,SDN,7788
1887288,113,190,1313,2006.0,5989.0,0.0,0.31143899999999997,0.428361,JOR,SDN,7788
1887289,114,190,1313,2006.0,674105.0,0.0,2.442213,-0.046222000000000006,JPN,SDN,7788
1887290,116,190,1313,2006.0,82205.0,0.0,-0.402762,0.89869,KEN,SDN,7788
1887291,121,190,1313,2006.0,134939.0,0.0,1.588589,0.799507,KOR,SDN,7788
1887292,124,190,1313,2006.0,99512.0,0.0,0.450113,1.7365119999999998,LBN,SDN,7788
1887293,153,190,1313,2006.0,128781.0,8032.0,0.9497270000000001,0.324179,MYS,SDN,7788
1887294,162,190,1313,2006.0,283804.0,40678.0,1.115718,1.4743680000000001,NLD,SDN,7788
1887295,163,190,1313,2006.0,92540.0,0.0,0.621685,-0.280378,NOR,SDN,7788
1887296,168,190,1313,2006.0,2484.0,13437.0,-0.500494,0.334983,PAK,SDN,7788
1887297,183,190,1313,2006.0,7087.0,0.0,-0.467699,-1.062471,QAT,SDN,7788
1887298,185,190,1313,2006.0,1449.0,0.0,0.733232,1.2149,ROU,SDN,7788
1887299,186,190,1313,2006.0,173155.0,6613.0,0.311252,-0.093895,RUS,SDN,7788
1887300,188,190,1313,2006.0,844386.0,0.0,-0.094152,-0.921106,SAU,SDN,7788
1887301,192,190,1313,2006.0,203003.0,0.0,1.670134,0.43955600000000006,SGP,SDN,7788
1887302,208,190,1313,2006.0,29201.0,0.0,1.921461,0.478688,SWE,SDN,7788
1887303,212,190,1313,2006.0,4684.0,0.0,-0.49903100000000006,0.362867,SYR,SDN,7788
1887304,216,190,1313,2006.0,5905.0,0.0,0.73283,1.419023,THA,SDN,7788
1887305,224,190,1313,2006.0,258225.0,0.0,0.41471,2.138217,TUR,SDN,7788
1887306,243,190,1313,2006.0,5730.0,0.0,-1.070559,-1.1655389999999999,YEM,SDN,7788
1887307,246,190,1313,2006.0,7557120.0,0.0,0.18317,1.675934,ZAF,SDN,7788
1887308,249,190,1313,2006.0,24292.0,0.0,1.6683169999999998,1.230621,TWN,SDN,7788
1887309,14,199,1313,2006.0,15547.0,0.0,-0.183265,0.564314,AUS,SOM,7788
1887310,18,199,1313,2006.0,4751.0,0.0,1.234224,1.308065,BEL,SOM,7788
1887311,61,199,1313,2006.0,3069.0,0.0,2.135679,-2.933329,DEU,SOM,7788
1887312,104,199,1313,2006.0,6371.0,0.0,0.202078,2.594677,IND,SOM,7788
1887313,116,199,1313,2006.0,3241.0,0.0,-0.402762,0.89869,KEN,SOM,7788
1887314,159,199,1313,2006.0,0.0,155088.0,-2.088278,-1.224464,NGA,SOM,7788
1887315,188,199,1313,2006.0,26714.0,0.0,-0.094152,-0.921106,SAU,SOM,7788
1887316,231,199,1313,2006.0,152305.0,0.0,1.616918,-0.429924,USA,SOM,7788
1887317,7,211,1313,2006.0,4671.0,1282.0,-0.12063900000000001,-0.817929,ARE,SYC,7788
1887318,14,211,1313,2006.0,1537.0,1068.0,-0.183265,0.564314,AUS,SYC,7788
1887319,15,211,1313,2006.0,0.0,9461.0,1.772588,-0.008943000000000001,AUT,SYC,7788
1887320,18,211,1313,2006.0,1964.0,0.0,1.234224,1.308065,BEL,SYC,7788
1887321,39,211,1313,2006.0,59325.0,0.0,0.806511,1.466573,CAN,SYC,7788
1887322,43,211,1313,2006.0,20154.0,0.0,0.842242,1.7392740000000002,CHN,SYC,7788
1887323,61,211,1313,2006.0,138073.0,1675.0,2.135679,-2.933329,DEU,SYC,7788
1887324,74,211,1313,2006.0,3529.0,0.0,1.8630220000000002,0.87172,FIN,SYC,7788
1887325,77,211,1313,2006.0,110057.0,1141.0,1.499686,0.16705699999999998,FRA,SYC,7788
1887326,81,211,1313,2006.0,409483.0,1696.0,1.8509779999999998,0.674074,GBR,SYC,7788
1887327,102,211,1313,2006.0,12849.0,0.0,1.469539,0.8546090000000001,HUN,SYC,7788
1887328,104,211,1313,2006.0,8367.0,54889.0,0.202078,2.594677,IND,SYC,7788
1887329,111,211,1313,2006.0,13601.0,0.0,1.416017,0.161859,ITA,SYC,7788
1887330,114,211,1313,2006.0,2397.0,0.0,2.442213,-0.046222000000000006,JPN,SYC,7788
1887331,151,211,1313,2006.0,7778.0,0.0,-0.214308,-0.140502,MUS,SYC,7788
1887332,162,211,1313,2006.0,103548.0,0.0,1.115718,1.4743680000000001,NLD,SYC,7788
1887333,163,211,1313,2006.0,13915.0,0.0,0.621685,-0.280378,NOR,SYC,7788
1887334,192,211,1313,2006.0,266834.0,0.0,1.670134,0.43955600000000006,SGP,SYC,7788
1887335,216,211,1313,2006.0,1527.0,0.0,0.73283,1.419023,THA,SYC,7788
1887336,231,211,1313,2006.0,41728.0,9564.0,1.616918,-0.429924,USA,SYC,7788
1887337,246,211,1313,2006.0,100895.0,0.0,0.18317,1.675934,ZAF,SYC,7788
1887338,18,214,1313,2006.0,8967.0,0.0,1.234224,1.308065,BEL,TCD,7788
1887339,39,214,1313,2006.0,275184.0,0.0,0.806511,1.466573,CAN,TCD,7788
1887340,41,214,1313,2006.0,3264.0,0.0,2.038668,0.46319,CHE,TCD,7788
1887341,59,214,1313,2006.0,0.0,9560.0,1.6478549999999998,0.095131,CZE,TCD,7788
1887342,61,214,1313,2006.0,227849.0,0.0,2.135679,-2.933329,DEU,TCD,7788
1887343,77,214,1313,2006.0,627670.0,0.0,1.499686,0.16705699999999998,FRA,TCD,7788
1887344,81,214,1313,2006.0,4829.0,0.0,1.8509779999999998,0.674074,GBR,TCD,7788
1887345,111,214,1313,2006.0,1634.0,0.0,1.416017,0.161859,ITA,TCD,7788
1887346,134,214,1313,2006.0,6663.0,0.0,-0.41821499999999995,0.175231,MAR,TCD,7788
1887347,162,214,1313,2006.0,7538.0,0.0,1.115718,1.4743680000000001,NLD,TCD,7788
1887348,228,214,1313,2006.0,2489.0,0.0,0.598325,1.225485,UKR,TCD,7788
1887349,231,214,1313,2006.0,140859.0,0.0,1.616918,-0.429924,USA,TCD,7788
1887350,246,214,1313,2006.0,537172.0,0.0,0.18317,1.675934,ZAF,TCD,7788
1887351,15,21,1313,2006.0,1487.0,0.0,1.772588,-0.008943000000000001,AUT,BFA,7788
1887352,18,21,1313,2006.0,7427.0,0.0,1.234224,1.308065,BEL,BFA,7788
1887353,43,21,1313,2006.0,49923.0,0.0,0.842242,1.7392740000000002,CHN,BFA,7788
1887354,44,21,1313,2006.0,2872.0,0.0,-0.9293,-0.853074,CIV,BFA,7788
1887355,61,21,1313,2006.0,31236.0,0.0,2.135679,-2.933329,DEU,BFA,7788
1887356,64,21,1313,2006.0,8005.0,0.0,1.25209,1.133206,DNK,BFA,7788
1887357,71,21,1313,2006.0,3499.0,0.0,0.9909459999999999,1.785809,ESP,BFA,7788
1887358,77,21,1313,2006.0,251069.0,0.0,1.499686,0.16705699999999998,FRA,BFA,7788
1887359,81,21,1313,2006.0,3049.0,0.0,1.8509779999999998,0.674074,GBR,BFA,7788
1887360,111,21,1313,2006.0,44057.0,0.0,1.416017,0.161859,ITA,BFA,7788
1887361,114,21,1313,2006.0,2957.0,0.0,2.442213,-0.046222000000000006,JPN,BFA,7788
1887362,124,21,1313,2006.0,1242.0,0.0,0.450113,1.7365119999999998,LBN,BFA,7788
1887363,134,21,1313,2006.0,5519.0,0.0,-0.41821499999999995,0.175231,MAR,BFA,7788
1887364,141,21,1313,2006.0,3877.0,0.0,-0.588006,-0.687707,MLI,BFA,7788
1887365,162,21,1313,2006.0,7538.0,13348.0,1.115718,1.4743680000000001,NLD,BFA,7788
1887366,223,21,1313,2006.0,1823.0,0.0,0.140257,0.528918,TUN,BFA,7788
1887367,231,21,1313,2006.0,11274.0,0.0,1.616918,-0.429924,USA,BFA,7788
1887368,15,46,1313,2006.0,13873.0,0.0,1.772588,-0.008943000000000001,AUT,COD,7788
1887369,18,46,1313,2006.0,388634.0,1051.0,1.234224,1.308065,BEL,COD,7788
1887370,39,46,1313,2006.0,0.0,1741.0,0.806511,1.466573,CAN,COD,7788
1887371,41,46,1313,2006.0,22699.0,0.0,2.038668,0.46319,CHE,COD,7788
1887372,43,46,1313,2006.0,42421.0,0.0,0.842242,1.7392740000000002,CHN,COD,7788
1887373,61,46,1313,2006.0,1040444.0,4329.0,2.135679,-2.933329,DEU,COD,7788
1887374,71,46,1313,2006.0,2891.0,0.0,0.9909459999999999,1.785809,ESP,COD,7788
1887375,77,46,1313,2006.0,215919.0,10846.0,1.499686,0.16705699999999998,FRA,COD,7788
1887376,81,46,1313,2006.0,187538.0,0.0,1.8509779999999998,0.674074,GBR,COD,7788
1887377,111,46,1313,2006.0,215089.0,0.0,1.416017,0.161859,ITA,COD,7788
1887378,114,46,1313,2006.0,5639.0,0.0,2.442213,-0.046222000000000006,JPN,COD,7788
1887379,185,46,1313,2006.0,10136.0,0.0,0.733232,1.2149,ROU,COD,7788
1887380,186,46,1313,2006.0,2540.0,0.0,0.311252,-0.093895,RUS,COD,7788
1887381,227,46,1313,2006.0,6111.0,0.0,-0.789284,-0.161216,UGA,COD,7788
1887382,231,46,1313,2006.0,78684.0,0.0,1.616918,-0.429924,USA,COD,7788
1887383,246,46,1313,2006.0,525492.0,0.0,0.18317,1.675934,ZAF,COD,7788
1887384,247,46,1313,2006.0,74825.0,0.0,-0.8819040000000001,-0.990542,ZMB,COD,7788
1887385,249,46,1313,2006.0,140649.0,0.0,1.6683169999999998,1.230621,TWN,COD,7788
1887386,15,47,1313,2006.0,14149.0,0.0,1.772588,-0.008943000000000001,AUT,COG,7788
1887387,18,47,1313,2006.0,7716.0,0.0,1.234224,1.308065,BEL,COG,7788
1887388,43,47,1313,2006.0,376614.0,0.0,0.842242,1.7392740000000002,CHN,COG,7788
1887389,45,47,1313,2006.0,1624.0,0.0,-1.570753,-1.22499,CMR,COG,7788
1887390,59,47,1313,2006.0,2610.0,0.0,1.6478549999999998,0.095131,CZE,COG,7788
1887391,61,47,1313,2006.0,89135.0,0.0,2.135679,-2.933329,DEU,COG,7788
1887392,71,47,1313,2006.0,1277.0,0.0,0.9909459999999999,1.785809,ESP,COG,7788
1887393,77,47,1313,2006.0,743161.0,2168.0,1.499686,0.16705699999999998,FRA,COG,7788
1887394,80,47,1313,2006.0,6142.0,2254.0,-1.2162620000000002,-1.141485,GAB,COG,7788
1887395,81,47,1313,2006.0,148222.0,1809.0,1.8509779999999998,0.674074,GBR,COG,7788
1887396,97,47,1313,2006.0,12591.0,0.0,0.63347,1.276634,HKG,COG,7788
1887397,104,47,1313,2006.0,172239.0,0.0,0.202078,2.594677,IND,COG,7788
1887398,111,47,1313,2006.0,162909.0,0.0,1.416017,0.161859,ITA,COG,7788
1887399,121,47,1313,2006.0,1037.0,0.0,1.588589,0.799507,KOR,COG,7788
1887400,124,47,1313,2006.0,19800.0,0.0,0.450113,1.7365119999999998,LBN,COG,7788
1887401,134,47,1313,2006.0,5025.0,0.0,-0.41821499999999995,0.175231,MAR,COG,7788
1887402,162,47,1313,2006.0,13820.0,0.0,1.115718,1.4743680000000001,NLD,COG,7788
1887403,163,47,1313,2006.0,16330.0,0.0,0.621685,-0.280378,NOR,COG,7788
1887404,208,47,1313,2006.0,116470.0,0.0,1.921461,0.478688,SWE,COG,7788
1887405,224,47,1313,2006.0,8754.0,0.0,0.41471,2.138217,TUR,COG,7788
1887406,226,47,1313,2006.0,0.0,2333.0,-0.804761,0.6328729999999999,TZA,COG,7788
1887407,231,47,1313,2006.0,179802.0,3584.0,1.616918,-0.429924,USA,COG,7788
1887408,246,47,1313,2006.0,97669.0,40663.0,0.18317,1.675934,ZAF,COG,7788
1887409,15,51,1313,2006.0,3526.0,0.0,1.772588,-0.008943000000000001,AUT,CPV,7788
1887410,32,51,1313,2006.0,6991.0,0.0,0.622959,1.413527,BRA,CPV,7788
1887411,43,51,1313,2006.0,23161.0,0.0,0.842242,1.7392740000000002,CHN,CPV,7788
1887412,59,51,1313,2006.0,3726.0,0.0,1.6478549999999998,0.095131,CZE,CPV,7788
1887413,61,51,1313,2006.0,27055.0,2854.0,2.135679,-2.933329,DEU,CPV,7788
1887414,71,51,1313,2006.0,50880.0,1154.0,0.9909459999999999,1.785809,ESP,CPV,7788
1887415,77,51,1313,2006.0,14897.0,0.0,1.499686,0.16705699999999998,FRA,CPV,7788
1887416,81,51,1313,2006.0,248947.0,0.0,1.8509779999999998,0.674074,GBR,CPV,7788
1887417,111,51,1313,2006.0,11372.0,0.0,1.416017,0.161859,ITA,CPV,7788
1887418,131,51,1313,2006.0,4665.0,0.0,1.285123,0.999081,LUX,CPV,7788
1887419,162,51,1313,2006.0,4643.0,0.0,1.115718,1.4743680000000001,NLD,CPV,7788
1887420,179,51,1313,2006.0,629604.0,17132.0,0.695569,1.7476200000000002,PRT,CPV,7788
1887421,191,51,1313,2006.0,4173.0,0.0,-0.548758,-0.152572,SEN,CPV,7788
1887422,231,51,1313,2006.0,129680.0,0.0,1.616918,-0.429924,USA,CPV,7788
1887423,250,51,1313,2006.0,16469.0,0.0,0.202525,-0.46324499999999996,ANS,CPV,7788
1887424,15,78,1313,2006.0,79402.0,0.0,1.772588,-0.008943000000000001,AUT,FRO,7788
1887425,61,78,1313,2006.0,65528.0,0.0,2.135679,-2.933329,DEU,FRO,7788
1887426,64,78,1313,2006.0,883600.0,5744.0,1.25209,1.133206,DNK,FRO,7788
1887427,71,78,1313,2006.0,1722.0,0.0,0.9909459999999999,1.785809,ESP,FRO,7788
1887428,74,78,1313,2006.0,2473.0,0.0,1.8630220000000002,0.87172,FIN,FRO,7788
1887429,81,78,1313,2006.0,42843.0,0.0,1.8509779999999998,0.674074,GBR,FRO,7788
1887430,97,78,1313,2006.0,4629.0,0.0,0.63347,1.276634,HKG,FRO,7788
1887431,111,78,1313,2006.0,4538.0,0.0,1.416017,0.161859,ITA,FRO,7788
1887432,114,78,1313,2006.0,24849.0,0.0,2.442213,-0.046222000000000006,JPN,FRO,7788
1887433,159,78,1313,2006.0,0.0,8454.0,-2.088278,-1.224464,NGA,FRO,7788
1887434,162,78,1313,2006.0,43536.0,0.0,1.115718,1.4743680000000001,NLD,FRO,7788
1887435,163,78,1313,2006.0,123604.0,4269.0,0.621685,-0.280378,NOR,FRO,7788
1887436,166,78,1313,2006.0,2248.0,0.0,0.40442100000000003,0.821033,NZL,FRO,7788
1887437,177,78,1313,2006.0,1312.0,0.0,1.0576860000000001,1.283664,POL,FRO,7788
1887438,208,78,1313,2006.0,25785.0,6407.0,1.921461,0.478688,SWE,FRO,7788
1887439,231,78,1313,2006.0,11645.0,0.0,1.616918,-0.429924,USA,FRO,7788
1887440,246,78,1313,2006.0,0.0,3110.0,0.18317,1.675934,ZAF,FRO,7788
1887441,250,78,1313,2006.0,25694.0,0.0,0.202525,-0.46324499999999996,ANS,FRO,7788
1887442,43,88,1313,2006.0,3388.0,0.0,0.842242,1.7392740000000002,CHN,GNB,7788
1887443,61,88,1313,2006.0,4037.0,0.0,2.135679,-2.933329,DEU,GNB,7788
1887444,77,88,1313,2006.0,66534.0,0.0,1.499686,0.16705699999999998,FRA,GNB,7788
1887445,111,88,1313,2006.0,258863.0,0.0,1.416017,0.161859,ITA,GNB,7788
1887446,179,88,1313,2006.0,34531.0,0.0,0.695569,1.7476200000000002,PRT,GNB,7788
1887447,191,88,1313,2006.0,20625.0,0.0,-0.548758,-0.152572,SEN,GNB,7788
1887448,18,89,1313,2006.0,21110.0,0.0,1.234224,1.308065,BEL,GNQ,7788
1887449,43,89,1313,2006.0,781398.0,0.0,0.842242,1.7392740000000002,CHN,GNQ,7788
1887450,45,89,1313,2006.0,5202.0,0.0,-1.570753,-1.22499,CMR,GNQ,7788
1887451,61,89,1313,2006.0,24217.0,0.0,2.135679,-2.933329,DEU,GNQ,7788
1887452,71,89,1313,2006.0,192106.0,0.0,0.9909459999999999,1.785809,ESP,GNQ,7788
1887453,77,89,1313,2006.0,495858.0,0.0,1.499686,0.16705699999999998,FRA,GNQ,7788
1887454,81,89,1313,2006.0,59560.0,12081.0,1.8509779999999998,0.674074,GBR,GNQ,7788
1887455,97,89,1313,2006.0,129161.0,0.0,0.63347,1.276634,HKG,GNQ,7788
1887456,111,89,1313,2006.0,22836.0,0.0,1.416017,0.161859,ITA,GNQ,7788
1887457,124,89,1313,2006.0,6669.0,0.0,0.450113,1.7365119999999998,LBN,GNQ,7788
1887458,134,89,1313,2006.0,3285.0,0.0,-0.41821499999999995,0.175231,MAR,GNQ,7788
1887459,162,89,1313,2006.0,1256.0,2179.0,1.115718,1.4743680000000001,NLD,GNQ,7788
1887460,163,89,1313,2006.0,4288.0,0.0,0.621685,-0.280378,NOR,GNQ,7788
1887461,224,89,1313,2006.0,43791.0,0.0,0.41471,2.138217,TUR,GNQ,7788
1887462,231,89,1313,2006.0,1133532.0,0.0,1.616918,-0.429924,USA,GNQ,7788
1887463,246,89,1313,2006.0,4901.0,0.0,0.18317,1.675934,ZAF,GNQ,7788
1887464,39,92,1313,2006.0,3985.0,0.0,0.806511,1.466573,CAN,GRL,7788
1887465,59,92,1313,2006.0,5272.0,0.0,1.6478549999999998,0.095131,CZE,GRL,7788
1887466,61,92,1313,2006.0,11259.0,0.0,2.135679,-2.933329,DEU,GRL,7788
1887467,64,92,1313,2006.0,718467.0,4963.0,1.25209,1.133206,DNK,GRL,7788
1887468,81,92,1313,2006.0,8298.0,0.0,1.8509779999999998,0.674074,GBR,GRL,7788
1887469,106,92,1313,2006.0,2013.0,0.0,1.501322,0.161375,IRL,GRL,7788
1887470,110,92,1313,2006.0,1979.0,0.0,1.286738,0.8783610000000001,ISR,GRL,7788
1887471,162,92,1313,2006.0,16173.0,0.0,1.115718,1.4743680000000001,NLD,GRL,7788
1887472,163,92,1313,2006.0,73960.0,0.0,0.621685,-0.280378,NOR,GRL,7788
1887473,208,92,1313,2006.0,21094.0,0.0,1.921461,0.478688,SWE,GRL,7788
1887474,231,92,1313,2006.0,4339.0,0.0,1.616918,-0.429924,USA,GRL,7788
1887475,14,143,1313,2006.0,17192.0,0.0,-0.183265,0.564314,AUS,MMR,7788
1887476,15,143,1313,2006.0,4125.0,0.0,1.772588,-0.008943000000000001,AUT,MMR,7788
1887477,43,143,1313,2006.0,1384868.0,15907.0,0.842242,1.7392740000000002,CHN,MMR,7788
1887478,61,143,1313,2006.0,95498.0,0.0,2.135679,-2.933329,DEU,MMR,7788
1887479,77,143,1313,2006.0,13809.0,0.0,1.499686,0.16705699999999998,FRA,MMR,7788
1887480,97,143,1313,2006.0,7412.0,0.0,0.63347,1.276634,HKG,MMR,7788
1887481,104,143,1313,2006.0,44164.0,0.0,0.202078,2.594677,IND,MMR,7788
1887482,114,143,1313,2006.0,310418.0,55739.0,2.442213,-0.046222000000000006,JPN,MMR,7788
1887483,121,143,1313,2006.0,17032.0,0.0,1.588589,0.799507,KOR,MMR,7788
1887484,153,143,1313,2006.0,8236.0,0.0,0.9497270000000001,0.324179,MYS,MMR,7788
1887485,192,143,1313,2006.0,1094136.0,0.0,1.670134,0.43955600000000006,SGP,MMR,7788
1887486,208,143,1313,2006.0,169843.0,0.0,1.921461,0.478688,SWE,MMR,7788
1887487,216,143,1313,2006.0,399316.0,0.0,0.73283,1.419023,THA,MMR,7788
1887488,231,143,1313,2006.0,67965.0,0.0,1.616918,-0.429924,USA,MMR,7788
1887489,249,143,1313,2006.0,22534.0,0.0,1.6683169999999998,1.230621,TWN,MMR,7788
1887490,43,181,1313,2006.0,35895.0,0.0,0.842242,1.7392740000000002,CHN,PSE,7788
1887491,61,181,1313,2006.0,121218.0,0.0,2.135679,-2.933329,DEU,PSE,7788
1887492,113,181,1313,2006.0,1500.0,0.0,0.31143899999999997,0.428361,JOR,PSE,7788
1887493,121,181,1313,2006.0,0.0,91807.0,1.588589,0.799507,KOR,PSE,7788
1887494,162,181,1313,2006.0,1256.0,0.0,1.115718,1.4743680000000001,NLD,PSE,7788
1887495,231,181,1313,2006.0,82251.0,0.0,1.616918,-0.429924,USA,PSE,7788
1887496,18,196,1313,2006.0,3835.0,0.0,1.234224,1.308065,BEL,SLE,7788
1887497,32,196,1313,2006.0,1209.0,0.0,0.622959,1.413527,BRA,SLE,7788
1887498,39,196,1313,2006.0,0.0,2566.0,0.806511,1.466573,CAN,SLE,7788
1887499,43,196,1313,2006.0,340327.0,0.0,0.842242,1.7392740000000002,CHN,SLE,7788
1887500,61,196,1313,2006.0,33499.0,88234.0,2.135679,-2.933329,DEU,SLE,7788
1887501,64,196,1313,2006.0,14333.0,0.0,1.25209,1.133206,DNK,SLE,7788
1887502,77,196,1313,2006.0,0.0,15560.0,1.499686,0.16705699999999998,FRA,SLE,7788
1887503,81,196,1313,2006.0,53085.0,0.0,1.8509779999999998,0.674074,GBR,SLE,7788
1887504,104,196,1313,2006.0,6459.0,0.0,0.202078,2.594677,IND,SLE,7788
1887505,111,196,1313,2006.0,25288.0,0.0,1.416017,0.161859,ITA,SLE,7788
1887506,121,196,1313,2006.0,35442.0,2431.0,1.588589,0.799507,KOR,SLE,7788
1887507,153,196,1313,2006.0,38769.0,20625.0,0.9497270000000001,0.324179,MYS,SLE,7788
1887508,208,196,1313,2006.0,15534.0,0.0,1.921461,0.478688,SWE,SLE,7788
1887509,231,196,1313,2006.0,148359.0,59600.0,1.616918,-0.429924,USA,SLE,7788
1887510,246,196,1313,2006.0,100074.0,0.0,0.18317,1.675934,ZAF,SLE,7788
1887511,15,198,1313,2006.0,6657.0,0.0,1.772588,-0.008943000000000001,AUT,SMR,7788
1887512,18,198,1313,2006.0,12509.0,0.0,1.234224,1.308065,BEL,SMR,7788
1887513,64,198,1313,2006.0,6601.0,0.0,1.25209,1.133206,DNK,SMR,7788
1887514,81,198,1313,2006.0,2995.0,3983.0,1.8509779999999998,0.674074,GBR,SMR,7788
1887515,106,198,1313,2006.0,0.0,38694.0,1.501322,0.161375,IRL,SMR,7788
1887516,162,198,1313,2006.0,15076.0,0.0,1.115718,1.4743680000000001,NLD,SMR,7788
1887517,231,198,1313,2006.0,3072.0,0.0,1.616918,-0.429924,USA,SMR,7788
1887518,18,215,1313,2006.0,29403.0,0.0,1.234224,1.308065,BEL,TGO,7788
1887519,19,215,1313,2006.0,0.0,1275.0,-1.093919,-0.9748319999999999,BEN,TGO,7788
1887520,39,215,1313,2006.0,11838.0,0.0,0.806511,1.466573,CAN,TGO,7788
1887521,41,215,1313,2006.0,28826.0,0.0,2.038668,0.46319,CHE,TGO,7788
1887522,43,215,1313,2006.0,76760.0,0.0,0.842242,1.7392740000000002,CHN,TGO,7788
1887523,61,215,1313,2006.0,41133.0,0.0,2.135679,-2.933329,DEU,TGO,7788
1887524,77,215,1313,2006.0,269898.0,0.0,1.499686,0.16705699999999998,FRA,TGO,7788
1887525,81,215,1313,2006.0,29669.0,0.0,1.8509779999999998,0.674074,GBR,TGO,7788
1887526,97,215,1313,2006.0,3649.0,0.0,0.63347,1.276634,HKG,TGO,7788
1887527,102,215,1313,2006.0,18000.0,0.0,1.469539,0.8546090000000001,HUN,TGO,7788
1887528,104,215,1313,2006.0,49615.0,0.0,0.202078,2.594677,IND,TGO,7788
1887529,110,215,1313,2006.0,27000.0,0.0,1.286738,0.8783610000000001,ISR,TGO,7788
1887530,111,215,1313,2006.0,16092.0,0.0,1.416017,0.161859,ITA,TGO,7788
1887531,134,215,1313,2006.0,20745.0,0.0,-0.41821499999999995,0.175231,MAR,TGO,7788
1887532,162,215,1313,2006.0,6282.0,0.0,1.115718,1.4743680000000001,NLD,TGO,7788
1887533,163,215,1313,2006.0,2089.0,0.0,0.621685,-0.280378,NOR,TGO,7788
1887534,231,215,1313,2006.0,88546.0,0.0,1.616918,-0.429924,USA,TGO,7788
1887535,246,215,1313,2006.0,10364.0,0.0,0.18317,1.675934,ZAF,TGO,7788
1887536,14,217,1313,2006.0,2268.0,0.0,-0.183265,0.564314,AUS,TJK,7788
1887537,28,217,1313,2006.0,10913.0,0.0,0.948306,0.702786,BLR,TJK,7788
1887538,43,217,1313,2006.0,16884.0,0.0,0.842242,1.7392740000000002,CHN,TJK,7788
1887539,61,217,1313,2006.0,56083.0,0.0,2.135679,-2.933329,DEU,TJK,7788
1887540,66,217,1313,2006.0,0.0,2976.0,-1.079717,-1.153102,DZA,TJK,7788
1887541,81,217,1313,2006.0,183081.0,0.0,1.8509779999999998,0.674074,GBR,TJK,7788
1887542,111,217,1313,2006.0,82924.0,0.0,1.416017,0.161859,ITA,TJK,7788
1887543,115,217,1313,2006.0,51309.0,0.0,-0.18694000000000002,-0.468758,KAZ,TJK,7788
1887544,186,217,1313,2006.0,453320.0,0.0,0.311252,-0.093895,RUS,TJK,7788
1887545,208,217,1313,2006.0,2852.0,0.0,1.921461,0.478688,SWE,TJK,7788
1887546,224,217,1313,2006.0,217533.0,0.0,0.41471,2.138217,TUR,TJK,7788
1887547,228,217,1313,2006.0,2533288.0,0.0,0.598325,1.225485,UKR,TJK,7788
1887548,231,217,1313,2006.0,47785.0,0.0,1.616918,-0.429924,USA,TJK,7788
1887549,14,221,1313,2006.0,20043.0,0.0,-0.183265,0.564314,AUS,TON,7788
1887550,61,221,1313,2006.0,5958.0,0.0,2.135679,-2.933329,DEU,TON,7788
1887551,111,221,1313,2006.0,2826.0,0.0,1.416017,0.161859,ITA,TON,7788
1887552,114,221,1313,2006.0,2312.0,0.0,2.442213,-0.046222000000000006,JPN,TON,7788
1887553,166,221,1313,2006.0,97538.0,0.0,0.40442100000000003,0.821033,NZL,TON,7788
1887554,231,221,1313,2006.0,3599.0,32193.0,1.616918,-0.429924,USA,TON,7788
1887555,249,221,1313,2006.0,1089.0,0.0,1.6683169999999998,1.230621,TWN,TON,7788
1887556,14,242,1313,2006.0,259040.0,6812.0,-0.183265,0.564314,AUS,WSM,7788
1887557,32,242,1313,2006.0,8620.0,0.0,0.622959,1.413527,BRA,WSM,7788
1887558,43,242,1313,2006.0,700017.0,0.0,0.842242,1.7392740000000002,CHN,WSM,7788
1887559,61,242,1313,2006.0,40572.0,0.0,2.135679,-2.933329,DEU,WSM,7788
1887560,114,242,1313,2006.0,79593.0,0.0,2.442213,-0.046222000000000006,JPN,WSM,7788
1887561,166,242,1313,2006.0,116829.0,0.0,0.40442100000000003,0.821033,NZL,WSM,7788
1887562,192,242,1313,2006.0,39477.0,0.0,1.670134,0.43955600000000006,SGP,WSM,7788
1887563,231,242,1313,2006.0,47651.0,0.0,1.616918,-0.429924,USA,WSM,7788
1887564,249,242,1313,2006.0,363769.0,53219.0,1.6683169999999998,1.230621,TWN,WSM,7788
1887565,14,10,1313,2006.0,2169.0,0.0,-0.183265,0.564314,AUS,ASM,7788
1887566,39,10,1313,2006.0,252208.0,0.0,0.806511,1.466573,CAN,ASM,7788
1887567,121,10,1313,2006.0,0.0,46432.0,1.588589,0.799507,KOR,ASM,7788
1887568,166,10,1313,2006.0,18778.0,0.0,0.40442100000000003,0.821033,NZL,ASM,7788
1887569,249,10,1313,2006.0,4922.0,0.0,1.6683169999999998,1.230621,TWN,ASM,7788
1887570,14,11,1313,2006.0,3402.0,0.0,-0.183265,0.564314,AUS,ATA,7788
1887571,61,11,1313,2006.0,30105.0,0.0,2.135679,-2.933329,DEU,ATA,7788
1887572,14,40,1313,2006.0,12023.0,0.0,-0.183265,0.564314,AUS,CCK,7788
1887573,61,40,1313,2006.0,21067.0,0.0,2.135679,-2.933329,DEU,CCK,7788
1887574,65,40,1313,2006.0,0.0,53623.0,0.044542,0.178998,DOM,CCK,7788
1887575,162,40,1313,2006.0,3769.0,0.0,1.115718,1.4743680000000001,NLD,CCK,7788
1887576,231,40,1313,2006.0,0.0,30613.0,1.616918,-0.429924,USA,CCK,7788
1887577,14,48,1313,2006.0,7555.0,0.0,-0.183265,0.564314,AUS,COK,7788
1887578,61,48,1313,2006.0,13115.0,0.0,2.135679,-2.933329,DEU,COK,7788
1887579,75,48,1313,2006.0,1138.0,0.0,-0.527165,-0.17746900000000002,FJI,COK,7788
1887580,166,48,1313,2006.0,112514.0,0.0,0.40442100000000003,0.821033,NZL,COK,7788
1887581,216,48,1313,2006.0,13881.0,0.0,0.73283,1.419023,THA,COK,7788
1887582,14,56,1313,2006.0,562121.0,0.0,-0.183265,0.564314,AUS,CXR,7788
1887583,61,56,1313,2006.0,1001.0,0.0,2.135679,-2.933329,DEU,CXR,7788
1887584,81,56,1313,2006.0,192518.0,0.0,1.8509779999999998,0.674074,GBR,CXR,7788
1887585,32,57,1313,2006.0,252260.0,0.0,0.622959,1.413527,BRA,CYM,7788
1887586,39,57,1313,2006.0,15719.0,0.0,0.806511,1.466573,CAN,CYM,7788
1887587,43,57,1313,2006.0,3746.0,0.0,0.842242,1.7392740000000002,CHN,CYM,7788
1887588,61,57,1313,2006.0,25002.0,0.0,2.135679,-2.933329,DEU,CYM,7788
1887589,77,57,1313,2006.0,5021.0,0.0,1.499686,0.16705699999999998,FRA,CYM,7788
1887590,81,57,1313,2006.0,49823.0,0.0,1.8509779999999998,0.674074,GBR,CYM,7788
1887591,102,57,1313,2006.0,4000.0,0.0,1.469539,0.8546090000000001,HUN,CYM,7788
1887592,112,57,1313,2006.0,2047.0,0.0,-0.280417,-0.9436829999999999,JAM,CYM,7788
1887593,162,57,1313,2006.0,18845.0,0.0,1.115718,1.4743680000000001,NLD,CYM,7788
1887594,231,57,1313,2006.0,4279416.0,0.0,1.616918,-0.429924,USA,CYM,7788
1887595,249,57,1313,2006.0,0.0,149149.0,1.6683169999999998,1.230621,TWN,CYM,7788
1887596,14,69,1313,2006.0,13339.0,0.0,-0.183265,0.564314,AUS,ERI,7788
1887597,43,69,1313,2006.0,2198.0,0.0,0.842242,1.7392740000000002,CHN,ERI,7788
1887598,61,69,1313,2006.0,90046.0,0.0,2.135679,-2.933329,DEU,ERI,7788
1887599,77,69,1313,2006.0,184535.0,0.0,1.499686,0.16705699999999998,FRA,ERI,7788
1887600,104,69,1313,2006.0,0.0,3617.0,0.202078,2.594677,IND,ERI,7788
1887601,111,69,1313,2006.0,3363.0,0.0,1.416017,0.161859,ITA,ERI,7788
1887602,231,69,1313,2006.0,7247.0,0.0,1.616918,-0.429924,USA,ERI,7788
1887603,14,76,1313,2006.0,3950.0,0.0,-0.183265,0.564314,AUS,FLK,7788
1887604,81,76,1313,2006.0,18568.0,0.0,1.8509779999999998,0.674074,GBR,FLK,7788
1887605,166,76,1313,2006.0,1291.0,0.0,0.40442100000000003,0.821033,NZL,FLK,7788
1887606,43,79,1313,2006.0,2502.0,0.0,0.842242,1.7392740000000002,CHN,FSM,7788
1887607,95,79,1313,2006.0,15306.0,0.0,0.29584299999999997,-0.324191,GUM,FSM,7788
1887608,97,79,1313,2006.0,5301.0,0.0,0.63347,1.276634,HKG,FSM,7788
1887609,114,79,1313,2006.0,35274.0,0.0,2.442213,-0.046222000000000006,JPN,FSM,7788
1887610,174,79,1313,2006.0,4572.0,0.0,0.32715,-0.15929200000000002,PHL,FSM,7788
1887611,192,79,1313,2006.0,21720.0,0.0,1.670134,0.43955600000000006,SGP,FSM,7788
1887612,231,79,1313,2006.0,92189.0,0.0,1.616918,-0.429924,USA,FSM,7788
1887613,14,95,1313,2006.0,30339.0,1390.0,-0.183265,0.564314,AUS,GUM,7788
1887614,39,95,1313,2006.0,16209.0,0.0,0.806511,1.466573,CAN,GUM,7788
1887615,61,95,1313,2006.0,9015.0,0.0,2.135679,-2.933329,DEU,GUM,7788
1887616,79,95,1313,2006.0,0.0,15306.0,-0.787116,-0.9517690000000001,FSM,GUM,7788
1887617,81,95,1313,2006.0,29389.0,0.0,1.8509779999999998,0.674074,GBR,GUM,7788
1887618,97,95,1313,2006.0,9525.0,0.0,0.63347,1.276634,HKG,GUM,7788
1887619,104,95,1313,2006.0,0.0,375680.0,0.202078,2.594677,IND,GUM,7788
1887620,114,95,1313,2006.0,1153189.0,0.0,2.442213,-0.046222000000000006,JPN,GUM,7788
1887621,121,95,1313,2006.0,11992.0,2322.0,1.588589,0.799507,KOR,GUM,7788
1887622,153,95,1313,2006.0,2044.0,0.0,0.9497270000000001,0.324179,MYS,GUM,7788
1887623,163,95,1313,2006.0,3628.0,0.0,0.621685,-0.280378,NOR,GUM,7788
1887624,166,95,1313,2006.0,9902.0,0.0,0.40442100000000003,0.821033,NZL,GUM,7788
1887625,192,95,1313,2006.0,45455.0,312070.0,1.670134,0.43955600000000006,SGP,GUM,7788
1887626,216,95,1313,2006.0,1170.0,0.0,0.73283,1.419023,THA,GUM,7788
1887627,249,95,1313,2006.0,16235.0,0.0,1.6683169999999998,1.230621,TWN,GUM,7788
1887628,14,119,1313,2006.0,9081.0,0.0,-0.183265,0.564314,AUS,KIR,7788
1887629,114,119,1313,2006.0,2141.0,0.0,2.442213,-0.046222000000000006,JPN,KIR,7788
1887630,231,119,1313,2006.0,1992.0,0.0,1.616918,-0.429924,USA,KIR,7788
1887631,249,119,1313,2006.0,2772.0,0.0,1.6683169999999998,1.230621,TWN,KIR,7788
1887632,14,123,1313,2006.0,171398.0,0.0,-0.183265,0.564314,AUS,LAO,7788
1887633,43,123,1313,2006.0,2212881.0,0.0,0.842242,1.7392740000000002,CHN,LAO,7788
1887634,61,123,1313,2006.0,51481.0,0.0,2.135679,-2.933329,DEU,LAO,7788
1887635,77,123,1313,2006.0,2511.0,0.0,1.499686,0.16705699999999998,FRA,LAO,7788
1887636,106,123,1313,2006.0,58529.0,0.0,1.501322,0.161375,IRL,LAO,7788
1887637,111,123,1313,2006.0,1281.0,0.0,1.416017,0.161859,ITA,LAO,7788
1887638,114,123,1313,2006.0,4392.0,0.0,2.442213,-0.046222000000000006,JPN,LAO,7788
1887639,121,123,1313,2006.0,15559.0,0.0,1.588589,0.799507,KOR,LAO,7788
1887640,177,123,1313,2006.0,7846.0,2721.0,1.0576860000000001,1.283664,POL,LAO,7788
1887641,188,123,1313,2006.0,0.0,15408.0,-0.094152,-0.921106,SAU,LAO,7788
1887642,192,123,1313,2006.0,5312.0,0.0,1.670134,0.43955600000000006,SGP,LAO,7788
1887643,216,123,1313,2006.0,757012.0,1001.0,0.73283,1.419023,THA,LAO,7788
1887644,231,123,1313,2006.0,8392.0,0.0,1.616918,-0.429924,USA,LAO,7788
1887645,239,123,1313,2006.0,19222.0,0.0,-0.089404,0.986066,VNM,LAO,7788
1887646,14,139,1313,2006.0,19283.0,0.0,-0.183265,0.564314,AUS,MHL,7788
1887647,43,139,1313,2006.0,39602.0,0.0,0.842242,1.7392740000000002,CHN,MHL,7788
1887648,61,139,1313,2006.0,2000.0,0.0,2.135679,-2.933329,DEU,MHL,7788
1887649,90,139,1313,2006.0,4152.0,0.0,0.183748,1.582167,GRC,MHL,7788
1887650,114,139,1313,2006.0,23163.0,0.0,2.442213,-0.046222000000000006,JPN,MHL,7788
1887651,192,139,1313,2006.0,2538.0,18092.0,1.670134,0.43955600000000006,SGP,MHL,7788
1887652,216,139,1313,2006.0,0.0,8517.0,0.73283,1.419023,THA,MHL,7788
1887653,231,139,1313,2006.0,11434.0,0.0,1.616918,-0.429924,USA,MHL,7788
1887654,246,139,1313,2006.0,4549.0,0.0,0.18317,1.675934,ZAF,MHL,7788
1887655,249,139,1313,2006.0,5503.0,0.0,1.6683169999999998,1.230621,TWN,MHL,7788
1887656,41,146,1313,2006.0,62856.0,0.0,2.038668,0.46319,CHE,MNP,7788
1887657,114,146,1313,2006.0,539391.0,0.0,2.442213,-0.046222000000000006,JPN,MNP,7788
1887658,138,146,1313,2006.0,0.0,1246.0,1.2996729999999999,0.655941,MEX,MNP,7788
1887659,162,146,1313,2006.0,1256.0,0.0,1.115718,1.4743680000000001,NLD,MNP,7788
1887660,192,146,1313,2006.0,5614.0,0.0,1.670134,0.43955600000000006,SGP,MNP,7788
1887661,249,146,1313,2006.0,27175.0,0.0,1.6683169999999998,1.230621,TWN,MNP,7788
1887662,14,158,1313,2006.0,25797.0,0.0,-0.183265,0.564314,AUS,NFK,7788
1887663,166,158,1313,2006.0,1422.0,0.0,0.40442100000000003,0.821033,NZL,NFK,7788
1887664,14,161,1313,2006.0,20589.0,0.0,-0.183265,0.564314,AUS,NIU,7788
1887665,61,161,1313,2006.0,4036.0,0.0,2.135679,-2.933329,DEU,NIU,7788
1887666,166,161,1313,2006.0,4628.0,0.0,0.40442100000000003,0.821033,NZL,NIU,7788
1887667,231,161,1313,2006.0,20008.0,0.0,1.616918,-0.429924,USA,NIU,7788
1887668,39,164,1313,2006.0,35917.0,0.0,0.806511,1.466573,CAN,NPL,7788
1887669,41,164,1313,2006.0,6841.0,0.0,2.038668,0.46319,CHE,NPL,7788
1887670,43,164,1313,2006.0,226112.0,0.0,0.842242,1.7392740000000002,CHN,NPL,7788
1887671,61,164,1313,2006.0,127905.0,0.0,2.135679,-2.933329,DEU,NPL,7788
1887672,77,164,1313,2006.0,64022.0,0.0,1.499686,0.16705699999999998,FRA,NPL,7788
1887673,81,164,1313,2006.0,25290.0,0.0,1.8509779999999998,0.674074,GBR,NPL,7788
1887674,97,164,1313,2006.0,214746.0,0.0,0.63347,1.276634,HKG,NPL,7788
1887675,100,164,1313,2006.0,0.0,2489.0,0.866511,1.217552,HRV,NPL,7788
1887676,104,164,1313,2006.0,228317.0,0.0,0.202078,2.594677,IND,NPL,7788
1887677,110,164,1313,2006.0,17000.0,0.0,1.286738,0.8783610000000001,ISR,NPL,7788
1887678,111,164,1313,2006.0,89299.0,0.0,1.416017,0.161859,ITA,NPL,7788
1887679,114,164,1313,2006.0,19029.0,0.0,2.442213,-0.046222000000000006,JPN,NPL,7788
1887680,121,164,1313,2006.0,4628.0,0.0,1.588589,0.799507,KOR,NPL,7788
1887681,138,164,1313,2006.0,0.0,8105.0,1.2996729999999999,0.655941,MEX,NPL,7788
1887682,163,164,1313,2006.0,2573.0,0.0,0.621685,-0.280378,NOR,NPL,7788
1887683,186,164,1313,2006.0,250325.0,0.0,0.311252,-0.093895,RUS,NPL,7788
1887684,192,164,1313,2006.0,26634.0,0.0,1.670134,0.43955600000000006,SGP,NPL,7788
1887685,216,164,1313,2006.0,13152.0,0.0,0.73283,1.419023,THA,NPL,7788
1887686,231,164,1313,2006.0,168290.0,0.0,1.616918,-0.429924,USA,NPL,7788
1887687,249,164,1313,2006.0,16630.0,0.0,1.6683169999999998,1.230621,TWN,NPL,7788
1887688,14,165,1313,2006.0,33733.0,0.0,-0.183265,0.564314,AUS,NRU,7788
1887689,41,165,1313,2006.0,938544.0,0.0,2.038668,0.46319,CHE,NRU,7788
1887690,61,165,1313,2006.0,5055.0,0.0,2.135679,-2.933329,DEU,NRU,7788
1887691,81,165,1313,2006.0,42928.0,0.0,1.8509779999999998,0.674074,GBR,NRU,7788
1887692,231,165,1313,2006.0,6589.0,0.0,1.616918,-0.429924,USA,NRU,7788
1887693,39,171,1313,2006.0,5412.0,0.0,0.806511,1.466573,CAN,PCN,7788
1887694,61,171,1313,2006.0,6000.0,0.0,2.135679,-2.933329,DEU,PCN,7788
1887695,14,175,1313,2006.0,8088.0,0.0,-0.183265,0.564314,AUS,PLW,7788
1887696,61,175,1313,2006.0,11047.0,0.0,2.135679,-2.933329,DEU,PLW,7788
1887697,231,175,1313,2006.0,302852.0,0.0,1.616918,-0.429924,USA,PLW,7788
1887698,249,175,1313,2006.0,45669.0,0.0,1.6683169999999998,1.230621,TWN,PLW,7788
1887699,14,176,1313,2006.0,3898540.0,47740.0,-0.183265,0.564314,AUS,PNG,7788
1887700,39,176,1313,2006.0,87315.0,0.0,0.806511,1.466573,CAN,PNG,7788
1887701,43,176,1313,2006.0,64611.0,0.0,0.842242,1.7392740000000002,CHN,PNG,7788
1887702,61,176,1313,2006.0,12034.0,21600.0,2.135679,-2.933329,DEU,PNG,7788
1887703,64,176,1313,2006.0,104210.0,0.0,1.25209,1.133206,DNK,PNG,7788
1887704,71,176,1313,2006.0,0.0,1188.0,0.9909459999999999,1.785809,ESP,PNG,7788
1887705,81,176,1313,2006.0,257536.0,0.0,1.8509779999999998,0.674074,GBR,PNG,7788
1887706,97,176,1313,2006.0,2690.0,0.0,0.63347,1.276634,HKG,PNG,7788
1887707,111,176,1313,2006.0,3215.0,0.0,1.416017,0.161859,ITA,PNG,7788
1887708,114,176,1313,2006.0,31638.0,0.0,2.442213,-0.046222000000000006,JPN,PNG,7788
1887709,153,176,1313,2006.0,45100.0,0.0,0.9497270000000001,0.324179,MYS,PNG,7788
1887710,162,176,1313,2006.0,43972.0,42212.0,1.115718,1.4743680000000001,NLD,PNG,7788
1887711,166,176,1313,2006.0,26578.0,0.0,0.40442100000000003,0.821033,NZL,PNG,7788
1887712,174,176,1313,2006.0,282734.0,0.0,0.32715,-0.15929200000000002,PHL,PNG,7788
1887713,192,176,1313,2006.0,200938.0,8841.0,1.670134,0.43955600000000006,SGP,PNG,7788
1887714,231,176,1313,2006.0,458371.0,11252.0,1.616918,-0.429924,USA,PNG,7788
1887715,249,176,1313,2006.0,9197.0,0.0,1.6683169999999998,1.230621,TWN,PNG,7788
1887716,61,194,1313,2006.0,25000.0,5886.0,2.135679,-2.933329,DEU,SHN,7788
1887717,81,194,1313,2006.0,253155.0,0.0,1.8509779999999998,0.674074,GBR,SHN,7788
1887718,104,194,1313,2006.0,4787.0,18198.0,0.202078,2.594677,IND,SHN,7788
1887719,162,194,1313,2006.0,7538.0,0.0,1.115718,1.4743680000000001,NLD,SHN,7788
1887720,231,194,1313,2006.0,23000.0,6889.0,1.616918,-0.429924,USA,SHN,7788
1887721,246,194,1313,2006.0,2159.0,0.0,0.18317,1.675934,ZAF,SHN,7788
1887722,14,195,1313,2006.0,206964.0,0.0,-0.183265,0.564314,AUS,SLB,7788
1887723,61,195,1313,2006.0,5046.0,0.0,2.135679,-2.933329,DEU,SLB,7788
1887724,114,195,1313,2006.0,5269.0,0.0,2.442213,-0.046222000000000006,JPN,SLB,7788
1887725,166,195,1313,2006.0,59100.0,0.0,0.40442100000000003,0.821033,NZL,SLB,7788
1887726,192,195,1313,2006.0,4465.0,0.0,1.670134,0.43955600000000006,SGP,SLB,7788
1887727,216,195,1313,2006.0,25784.0,0.0,0.73283,1.419023,THA,SLB,7788
1887728,231,195,1313,2006.0,90000.0,0.0,1.616918,-0.429924,USA,SLB,7788
1887729,14,220,1313,2006.0,13557.0,0.0,-0.183265,0.564314,AUS,TLS,7788
1887730,39,220,1313,2006.0,34774.0,0.0,0.806511,1.466573,CAN,TLS,7788
1887731,61,220,1313,2006.0,95459.0,0.0,2.135679,-2.933329,DEU,TLS,7788
1887732,231,220,1313,2006.0,137728.0,0.0,1.616918,-0.429924,USA,TLS,7788
1887733,61,225,1313,2006.0,4003.0,0.0,2.135679,-2.933329,DEU,TUV,7788
1887734,39,229,1313,2006.0,0.0,2078.0,0.806511,1.466573,CAN,UMI,7788
1887735,61,229,1313,2006.0,21099.0,0.0,2.135679,-2.933329,DEU,UMI,7788
1887736,14,241,1313,2006.0,2851.0,0.0,-0.183265,0.564314,AUS,WLF,7788
1887737,61,241,1313,2006.0,1580.0,0.0,2.135679,-2.933329,DEU,WLF,7788
1887738,77,241,1313,2006.0,15804.0,0.0,1.499686,0.16705699999999998,FRA,WLF,7788
1887739,156,241,1313,2006.0,1748.0,0.0,-0.42703900000000006,-0.840608,NCL,WLF,7788
1887740,18,35,1313,2006.0,1546.0,0.0,1.234224,1.308065,BEL,BTN,7788
1887741,43,35,1313,2006.0,4150.0,0.0,0.842242,1.7392740000000002,CHN,BTN,7788
1887742,61,35,1313,2006.0,6497.0,0.0,2.135679,-2.933329,DEU,BTN,7788
1887743,77,35,1313,2006.0,2327.0,0.0,1.499686,0.16705699999999998,FRA,BTN,7788
1887744,81,35,1313,2006.0,6491.0,0.0,1.8509779999999998,0.674074,GBR,BTN,7788
1887745,104,35,1313,2006.0,65818.0,0.0,0.202078,2.594677,IND,BTN,7788
1887746,192,35,1313,2006.0,9520.0,0.0,1.670134,0.43955600000000006,SGP,BTN,7788
1887747,208,35,1313,2006.0,1663.0,0.0,1.921461,0.478688,SWE,BTN,7788
1887748,231,35,1313,2006.0,6243.0,0.0,1.616918,-0.429924,USA,BTN,7788
1887749,32,38,1313,2006.0,5458.0,0.0,0.622959,1.413527,BRA,CAF,7788
1887750,45,38,1313,2006.0,5041.0,0.0,-1.570753,-1.22499,CMR,CAF,7788
1887751,61,38,1313,2006.0,6735.0,0.0,2.135679,-2.933329,DEU,CAF,7788
1887752,77,38,1313,2006.0,95273.0,0.0,1.499686,0.16705699999999998,FRA,CAF,7788
1887753,124,38,1313,2006.0,28754.0,0.0,0.450113,1.7365119999999998,LBN,CAF,7788
1887754,138,38,1313,2006.0,0.0,1859.0,1.2996729999999999,0.655941,MEX,CAF,7788
1887755,162,38,1313,2006.0,8737.0,0.0,1.115718,1.4743680000000001,NLD,CAF,7788
1887756,191,38,1313,2006.0,3877.0,0.0,-0.548758,-0.152572,SEN,CAF,7788
1887757,231,38,1313,2006.0,28086.0,0.0,1.616918,-0.429924,USA,CAF,7788
1887758,246,38,1313,2006.0,2024.0,0.0,0.18317,1.675934,ZAF,CAF,7788
1887759,64,218,1313,2006.0,21423.0,0.0,1.25209,1.133206,DNK,TKL,7788
1887760,81,218,1313,2006.0,3232871.0,0.0,1.8509779999999998,0.674074,GBR,TKL,7788
1887761,216,218,1313,2006.0,0.0,3331.0,0.73283,1.419023,THA,TKL,7788
1887762,231,218,1313,2006.0,7357625.0,0.0,1.616918,-0.429924,USA,TKL,7788
1887763,111,233,1313,2006.0,0.0,112463.0,1.416017,0.161859,ITA,VAT,7788
1887764,61,129,1313,2006.0,176031.0,0.0,2.135679,-2.933329,DEU,LSO,7788
1887765,231,129,1313,2006.0,5848.0,0.0,1.616918,-0.429924,USA,LSO,7788
1887766,249,129,1313,2006.0,21408.0,0.0,1.6683169999999998,1.230621,TWN,LSO,7788
1887767,39,200,1313,2006.0,2742.0,0.0,0.806511,1.466573,CAN,SPM,7788
1887768,61,200,1313,2006.0,6014.0,0.0,2.135679,-2.933329,DEU,SPM,7788
1887769,77,200,1313,2006.0,53980.0,0.0,1.499686,0.16705699999999998,FRA,SPM,7788
1887770,104,200,1313,2006.0,13686.0,0.0,0.202078,2.594677,IND,SPM,7788
1887771,138,200,1313,2006.0,0.0,47490.0,1.2996729999999999,0.655941,MEX,SPM,7788
1887772,61,12,1313,2006.0,7029.0,0.0,2.135679,-2.933329,DEU,ATF,7788
1887773,64,12,1313,2006.0,4152.0,0.0,1.25209,1.133206,DNK,ATF,7788
1887774,77,12,1313,2006.0,6276.0,0.0,1.499686,0.16705699999999998,FRA,ATF,7788
1887775,61,105,1313,2006.0,54285.0,0.0,2.135679,-2.933329,DEU,IOT,7788
1887776,231,105,1313,2006.0,0.0,2447.0,1.616918,-0.429924,USA,IOT,7788
1887777,61,36,1313,2006.0,7207.0,0.0,2.135679,-2.933329,DEU,BVT,7788
1887778,162,36,1313,2006.0,0.0,1085.0,1.115718,1.4743680000000001,NLD,BVT,7788
1887779,61,193,1313,2006.0,35141.0,0.0,2.135679,-2.933329,DEU,SGS,7788
1887780,0,6,1314,2006.0,540468.0,253116.0,-0.353579,-0.852273,ABW,ANT,7810
1887781,3,6,1314,2006.0,141516.0,3751011.0,1.2846959999999998,-0.19459100000000001,AIA,ANT,7810
1887782,8,6,1314,2006.0,1610902.0,0.0,0.076917,1.06231,ARG,ANT,7810
1887783,13,6,1314,2006.0,0.0,32101.0,-0.49273500000000003,-0.92522,ATG,ANT,7810
1887784,18,6,1314,2006.0,158384.0,8006.0,1.234224,1.308065,BEL,ANT,7810
1887785,32,6,1314,2006.0,3143525.0,0.0,0.622959,1.413527,BRA,ANT,7810
1887786,39,6,1314,2006.0,80544.0,4062.0,0.806511,1.466573,CAN,ANT,7810
1887787,43,6,1314,2006.0,175101.0,0.0,0.842242,1.7392740000000002,CHN,ANT,7810
1887788,49,6,1314,2006.0,909338.0,0.0,0.162228,0.550616,COL,ANT,7810
1887789,52,6,1314,2006.0,0.0,1727.0,0.07128999999999999,-0.24274400000000002,CRI,ANT,7810
1887790,54,6,1314,2006.0,71646.0,6659.0,0.207314,-0.473224,CUB,ANT,7810
1887791,59,6,1314,2006.0,158087.0,0.0,1.6478549999999998,0.095131,CZE,ANT,7810
1887792,61,6,1314,2006.0,4036308.0,15550.0,2.135679,-2.933329,DEU,ANT,7810
1887793,65,6,1314,2006.0,0.0,184647.0,0.044542,0.178998,DOM,ANT,7810
1887794,71,6,1314,2006.0,961455.0,51632.0,0.9909459999999999,1.785809,ESP,ANT,7810
1887795,73,6,1314,2006.0,0.0,121864.0,-1.129189,-0.953627,ETH,ANT,7810
1887796,77,6,1314,2006.0,3176663.0,85942.0,1.499686,0.16705699999999998,FRA,ANT,7810
1887797,81,6,1314,2006.0,1260442.0,0.0,1.8509779999999998,0.674074,GBR,ANT,7810
1887798,83,6,1314,2006.0,74976.0,37776.0,-0.9211739999999999,-0.738322,GHA,ANT,7810
1887799,90,6,1314,2006.0,21675.0,0.0,0.183748,1.582167,GRC,ANT,7810
1887800,91,6,1314,2006.0,13665.0,3346.0,0.174862,-0.27636700000000003,GRD,ANT,7810
1887801,96,6,1314,2006.0,26789.0,0.0,-0.637993,-0.880094,GUY,ANT,7810
1887802,99,6,1314,2006.0,0.0,6284.0,-0.520217,-0.41097399999999995,HND,ANT,7810
1887803,103,6,1314,2006.0,347967.0,0.0,0.0036969999999999998,1.703498,IDN,ANT,7810
1887804,104,6,1314,2006.0,524410.0,0.0,0.202078,2.594677,IND,ANT,7810
1887805,111,6,1314,2006.0,9938.0,0.0,1.416017,0.161859,ITA,ANT,7810
1887806,112,6,1314,2006.0,22101.0,0.0,-0.280417,-0.9436829999999999,JAM,ANT,7810
1887807,114,6,1314,2006.0,46899260.0,0.0,2.442213,-0.046222000000000006,JPN,ANT,7810
1887808,120,6,1314,2006.0,0.0,85312.0,1.3110979999999999,-0.061185,KNA,ANT,7810
1887809,121,6,1314,2006.0,11682468.0,0.0,1.588589,0.799507,KOR,ANT,7810
1887810,138,6,1314,2006.0,876578.0,0.0,1.2996729999999999,0.655941,MEX,ANT,7810
1887811,155,6,1314,2006.0,3274.0,0.0,-0.425389,-0.690279,NAM,ANT,7810
1887812,159,6,1314,2006.0,0.0,960741.0,-2.088278,-1.224464,NGA,ANT,7810
1887813,162,6,1314,2006.0,3444741.0,563715.0,1.115718,1.4743680000000001,NLD,ANT,7810
1887814,169,6,1314,2006.0,526249.0,3147.0,0.511845,0.7560560000000001,PAN,ANT,7810
1887815,185,6,1314,2006.0,98424.0,0.0,0.733232,1.2149,ROU,ANT,7810
1887816,205,6,1314,2006.0,20423.0,21778.0,-0.703184,-1.0310979999999998,SUR,ANT,7810
1887817,216,6,1314,2006.0,330005.0,0.0,0.73283,1.419023,THA,ANT,7810
1887818,231,6,1314,2006.0,27968264.0,126059.0,1.616918,-0.429924,USA,ANT,7810
1887819,236,6,1314,2006.0,44585.0,73875.0,-0.5559649999999999,-0.9988299999999999,VEN,ANT,7810
1887820,249,6,1314,2006.0,195184.0,0.0,1.6683169999999998,1.230621,TWN,ANT,7810
1887821,250,6,1314,2006.0,622659.0,181192.0,0.202525,-0.46324499999999996,ANS,ANT,7810
1887822,0,8,1314,2006.0,0.0,541874.0,-0.353579,-0.852273,ABW,ARG,7810
1887823,2,8,1314,2006.0,0.0,31976.0,-2.2010959999999997,-1.189215,AGO,ARG,7810
1887824,6,8,1314,2006.0,0.0,1610902.0,0.0063100000000000005,-0.61161,ANT,ARG,7810
1887825,7,8,1314,2006.0,35668.0,135911.0,-0.12063900000000001,-0.817929,ARE,ARG,7810
1887826,14,8,1314,2006.0,1235080.0,3514.0,-0.183265,0.564314,AUS,ARG,7810
1887827,15,8,1314,2006.0,15419692.0,0.0,1.772588,-0.008943000000000001,AUT,ARG,7810
1887828,18,8,1314,2006.0,9070904.0,271950.0,1.234224,1.308065,BEL,ARG,7810
1887829,23,8,1314,2006.0,0.0,1364.0,0.490234,1.581841,BGR,ARG,7810
1887830,24,8,1314,2006.0,0.0,67691.0,-0.220239,-1.07936,BHR,ARG,7810
1887831,26,8,1314,2006.0,0.0,4113.0,0.543053,0.68971,BIH,ARG,7810
1887832,29,8,1314,2006.0,0.0,171530.0,-0.275783,-0.6653439999999999,BLZ,ARG,7810
1887833,31,8,1314,2006.0,5669.0,428511.0,-0.9174540000000001,-0.8314729999999999,BOL,ARG,7810
1887834,32,8,1314,2006.0,1473611264.0,875034240.0,0.622959,1.413527,BRA,ARG,7810
1887835,39,8,1314,2006.0,538996.0,13867.0,0.806511,1.466573,CAN,ARG,7810
1887836,41,8,1314,2006.0,90756.0,19247.0,2.038668,0.46319,CHE,ARG,7810
1887837,42,8,1314,2006.0,158335.0,112150008.0,-0.193151,-0.46637,CHL,ARG,7810
1887838,43,8,1314,2006.0,16078468.0,31274.0,0.842242,1.7392740000000002,CHN,ARG,7810
1887839,44,8,1314,2006.0,0.0,130821.0,-0.9293,-0.853074,CIV,ARG,7810
1887840,49,8,1314,2006.0,109579.0,16675142.0,0.162228,0.550616,COL,ARG,7810
1887841,52,8,1314,2006.0,0.0,8643213.0,0.07128999999999999,-0.24274400000000002,CRI,ARG,7810
1887842,54,8,1314,2006.0,0.0,236385.0,0.207314,-0.473224,CUB,ARG,7810
1887843,59,8,1314,2006.0,18451.0,12150.0,1.6478549999999998,0.095131,CZE,ARG,7810
1887844,61,8,1314,2006.0,141991728.0,116599.0,2.135679,-2.933329,DEU,ARG,7810
1887845,65,8,1314,2006.0,0.0,13762302.0,0.044542,0.178998,DOM,ARG,7810
1887846,66,8,1314,2006.0,0.0,2645023.0,-1.079717,-1.153102,DZA,ARG,7810
1887847,67,8,1314,2006.0,20111.0,7936930.0,-0.9617209999999999,-0.936366,ECU,ARG,7810
1887848,68,8,1314,2006.0,0.0,939992.0,-0.305058,0.294265,EGY,ARG,7810
1887849,71,8,1314,2006.0,3360984.0,382858.0,0.9909459999999999,1.785809,ESP,ARG,7810
1887850,74,8,1314,2006.0,580186.0,34241.0,1.8630220000000002,0.87172,FIN,ARG,7810
1887851,77,8,1314,2006.0,21734950.0,419777.0,1.499686,0.16705699999999998,FRA,ARG,7810
1887852,81,8,1314,2006.0,9125856.0,111649.0,1.8509779999999998,0.674074,GBR,ARG,7810
1887853,83,8,1314,2006.0,0.0,39083.0,-0.9211739999999999,-0.738322,GHA,ARG,7810
1887854,93,8,1314,2006.0,0.0,6504944.0,-0.179628,0.671552,GTM,ARG,7810
1887855,99,8,1314,2006.0,0.0,2788017.0,-0.520217,-0.41097399999999995,HND,ARG,7810
1887856,100,8,1314,2006.0,0.0,2700.0,0.866511,1.217552,HRV,ARG,7810
1887857,102,8,1314,2006.0,182398.0,0.0,1.469539,0.8546090000000001,HUN,ARG,7810
1887858,103,8,1314,2006.0,0.0,10059.0,0.0036969999999999998,1.703498,IDN,ARG,7810
1887859,104,8,1314,2006.0,667164.0,25565.0,0.202078,2.594677,IND,ARG,7810
1887860,106,8,1314,2006.0,36406.0,0.0,1.501322,0.161375,IRL,ARG,7810
1887861,107,8,1314,2006.0,7513.0,0.0,-0.755814,-0.9279059999999999,IRN,ARG,7810
1887862,110,8,1314,2006.0,0.0,2063598.0,1.286738,0.8783610000000001,ISR,ARG,7810
1887863,111,8,1314,2006.0,3711173.0,264379.0,1.416017,0.161859,ITA,ARG,7810
1887864,112,8,1314,2006.0,0.0,625794.0,-0.280417,-0.9436829999999999,JAM,ARG,7810
1887865,113,8,1314,2006.0,0.0,51051.0,0.31143899999999997,0.428361,JOR,ARG,7810
1887866,114,8,1314,2006.0,98423512.0,70302.0,2.442213,-0.046222000000000006,JPN,ARG,7810
1887867,115,8,1314,2006.0,0.0,23091.0,-0.18694000000000002,-0.468758,KAZ,ARG,7810
1887868,116,8,1314,2006.0,0.0,65012.0,-0.402762,0.89869,KEN,ARG,7810
1887869,121,8,1314,2006.0,20509860.0,0.0,1.588589,0.799507,KOR,ARG,7810
1887870,122,8,1314,2006.0,0.0,610216.0,-1.506818,-1.193717,KWT,ARG,7810
1887871,126,8,1314,2006.0,0.0,31032.0,-0.7543529999999999,-1.123674,LBY,ARG,7810
1887872,130,8,1314,2006.0,12908.0,0.0,0.553669,1.252767,LTU,ARG,7810
1887873,138,8,1314,2006.0,171235680.0,249192832.0,1.2996729999999999,0.655941,MEX,ARG,7810
1887874,141,8,1314,2006.0,0.0,5314.0,-0.588006,-0.687707,MLI,ARG,7810
1887875,153,8,1314,2006.0,55603.0,0.0,0.9497270000000001,0.324179,MYS,ARG,7810
1887876,159,8,1314,2006.0,0.0,185823.0,-2.088278,-1.224464,NGA,ARG,7810
1887877,160,8,1314,2006.0,0.0,1980344.0,-0.9416120000000001,-0.888491,NIC,ARG,7810
1887878,162,8,1314,2006.0,1105.0,1026572.0,1.115718,1.4743680000000001,NLD,ARG,7810
1887879,163,8,1314,2006.0,2029.0,1625.0,0.621685,-0.280378,NOR,ARG,7810
1887880,166,8,1314,2006.0,0.0,13223.0,0.40442100000000003,0.821033,NZL,ARG,7810
1887881,169,8,1314,2006.0,0.0,12172880.0,0.511845,0.7560560000000001,PAN,ARG,7810
1887882,173,8,1314,2006.0,2633.0,2255168.0,-0.523516,-0.15574100000000002,PER,ARG,7810
1887883,174,8,1314,2006.0,0.0,9403.0,0.32715,-0.15929200000000002,PHL,ARG,7810
1887884,177,8,1314,2006.0,195517.0,0.0,1.0576860000000001,1.283664,POL,ARG,7810
1887885,179,8,1314,2006.0,889592.0,5069.0,0.695569,1.7476200000000002,PRT,ARG,7810
1887886,180,8,1314,2006.0,99317.0,5417200.0,-0.49234399999999995,-0.547616,PRY,ARG,7810
1887887,183,8,1314,2006.0,0.0,24089.0,-0.467699,-1.062471,QAT,ARG,7810
1887888,185,8,1314,2006.0,19124.0,0.0,0.733232,1.2149,ROU,ARG,7810
1887889,186,8,1314,2006.0,16384.0,8086.0,0.311252,-0.093895,RUS,ARG,7810
1887890,188,8,1314,2006.0,0.0,1149782.0,-0.094152,-0.921106,SAU,ARG,7810
1887891,190,8,1314,2006.0,0.0,195656.0,-1.727355,-1.278714,SDN,ARG,7810
1887892,197,8,1314,2006.0,0.0,3093006.0,-0.127317,0.189904,SLV,ARG,7810
1887893,206,8,1314,2006.0,8882153.0,0.0,1.3569950000000002,0.8663290000000001,SVK,ARG,7810
1887894,208,8,1314,2006.0,1831664.0,6385.0,1.921461,0.478688,SWE,ARG,7810
1887895,212,8,1314,2006.0,0.0,87263.0,-0.49903100000000006,0.362867,SYR,ARG,7810
1887896,216,8,1314,2006.0,5833.0,0.0,0.73283,1.419023,THA,ARG,7810
1887897,222,8,1314,2006.0,0.0,31884.0,-0.346992,-1.03502,TTO,ARG,7810
1887898,224,8,1314,2006.0,1133249.0,0.0,0.41471,2.138217,TUR,ARG,7810
1887899,226,8,1314,2006.0,0.0,8171.0,-0.804761,0.6328729999999999,TZA,ARG,7810
1887900,230,8,1314,2006.0,485603.0,22812284.0,0.047764999999999995,0.23831100000000002,URY,ARG,7810
1887901,231,8,1314,2006.0,25439398.0,420225.0,1.616918,-0.429924,USA,ARG,7810
1887902,236,8,1314,2006.0,0.0,49779816.0,-0.5559649999999999,-0.9988299999999999,VEN,ARG,7810
1887903,243,8,1314,2006.0,0.0,28195.0,-1.070559,-1.1655389999999999,YEM,ARG,7810
1887904,246,8,1314,2006.0,0.0,12739123.0,0.18317,1.675934,ZAF,ARG,7810
1887905,249,8,1314,2006.0,1422238.0,0.0,1.6683169999999998,1.230621,TWN,ARG,7810
1887906,250,8,1314,2006.0,20321602.0,0.0,0.202525,-0.46324499999999996,ANS,ARG,7810
1887907,6,13,1314,2006.0,32101.0,0.0,0.0063100000000000005,-0.61161,ANT,ATG,7810
1887908,15,13,1314,2006.0,18252.0,0.0,1.772588,-0.008943000000000001,AUT,ATG,7810
1887909,32,13,1314,2006.0,147191.0,0.0,0.622959,1.413527,BRA,ATG,7810
1887910,33,13,1314,2006.0,42125.0,0.0,0.689051,0.416818,BRB,ATG,7810
1887911,39,13,1314,2006.0,109382.0,0.0,0.806511,1.466573,CAN,ATG,7810
1887912,41,13,1314,2006.0,2128.0,0.0,2.038668,0.46319,CHE,ATG,7810
1887913,43,13,1314,2006.0,100014.0,0.0,0.842242,1.7392740000000002,CHN,ATG,7810
1887914,61,13,1314,2006.0,286916.0,0.0,2.135679,-2.933329,DEU,ATG,7810
1887915,71,13,1314,2006.0,658043.0,0.0,0.9909459999999999,1.785809,ESP,ATG,7810
1887916,73,13,1314,2006.0,0.0,19238.0,-1.129189,-0.953627,ETH,ATG,7810
1887917,74,13,1314,2006.0,16093.0,0.0,1.8630220000000002,0.87172,FIN,ATG,7810
1887918,77,13,1314,2006.0,2361.0,0.0,1.499686,0.16705699999999998,FRA,ATG,7810
1887919,81,13,1314,2006.0,408857.0,80295.0,1.8509779999999998,0.674074,GBR,ATG,7810
1887920,83,13,1314,2006.0,0.0,99074.0,-0.9211739999999999,-0.738322,GHA,ATG,7810
1887921,85,13,1314,2006.0,0.0,968170.0,-1.526825,-1.191811,GIN,ATG,7810
1887922,109,13,1314,2006.0,4899.0,0.0,0.06816699999999999,-0.36412,ISL,ATG,7810
1887923,111,13,1314,2006.0,32918.0,0.0,1.416017,0.161859,ITA,ATG,7810
1887924,112,13,1314,2006.0,9084.0,0.0,-0.280417,-0.9436829999999999,JAM,ATG,7810
1887925,114,13,1314,2006.0,20470856.0,0.0,2.442213,-0.046222000000000006,JPN,ATG,7810
1887926,120,13,1314,2006.0,48392.0,0.0,1.3110979999999999,-0.061185,KNA,ATG,7810
1887927,121,13,1314,2006.0,2766096.0,0.0,1.588589,0.799507,KOR,ATG,7810
1887928,169,13,1314,2006.0,84562.0,0.0,0.511845,0.7560560000000001,PAN,ATG,7810
1887929,178,13,1314,2006.0,208934.0,0.0,0.649384,1.069006,PRK,ATG,7810
1887930,179,13,1314,2006.0,15781.0,0.0,0.695569,1.7476200000000002,PRT,ATG,7810
1887931,205,13,1314,2006.0,0.0,8065.0,-0.703184,-1.0310979999999998,SUR,ATG,7810
1887932,208,13,1314,2006.0,1532.0,0.0,1.921461,0.478688,SWE,ATG,7810
1887933,216,13,1314,2006.0,1789981.0,0.0,0.73283,1.419023,THA,ATG,7810
1887934,222,13,1314,2006.0,1907.0,0.0,-0.346992,-1.03502,TTO,ATG,7810
1887935,231,13,1314,2006.0,4206395.0,0.0,1.616918,-0.429924,USA,ATG,7810
1887936,1,15,1314,2006.0,0.0,1987630.0,-0.906723,-0.6810039999999999,AFG,AUT,7810
1887937,2,15,1314,2006.0,0.0,149179.0,-2.2010959999999997,-1.189215,AGO,AUT,7810
1887938,4,15,1314,2006.0,13383.0,407216.0,-0.310731,-0.01222,ALB,AUT,7810
1887939,5,15,1314,2006.0,85783.0,109575.0,0.986957,0.458078,AND,AUT,7810
1887940,7,15,1314,2006.0,8634.0,27684792.0,-0.12063900000000001,-0.817929,ARE,AUT,7810
1887941,8,15,1314,2006.0,0.0,15419692.0,0.076917,1.06231,ARG,AUT,7810
1887942,9,15,1314,2006.0,0.0,129258.0,-0.044726999999999996,-0.486043,ARM,AUT,7810
1887943,13,15,1314,2006.0,0.0,18252.0,-0.49273500000000003,-0.92522,ATG,AUT,7810
1887944,14,15,1314,2006.0,3575.0,153892144.0,-0.183265,0.564314,AUS,AUT,7810
1887945,16,15,1314,2006.0,0.0,92724.0,-0.949606,-1.099346,AZE,AUT,7810
1887946,17,15,1314,2006.0,0.0,25347.0,-0.139211,-0.558193,BDI,AUT,7810
1887947,18,15,1314,2006.0,350280416.0,53022068.0,1.234224,1.308065,BEL,AUT,7810
1887948,19,15,1314,2006.0,0.0,31164.0,-1.093919,-0.9748319999999999,BEN,AUT,7810
1887949,21,15,1314,2006.0,0.0,5630.0,-0.81399,-0.972464,BFA,AUT,7810
1887950,22,15,1314,2006.0,11048.0,133501.0,-0.776517,-0.874408,BGD,AUT,7810
1887951,23,15,1314,2006.0,83940.0,43385508.0,0.490234,1.581841,BGR,AUT,7810
1887952,24,15,1314,2006.0,0.0,2111719.0,-0.220239,-1.07936,BHR,AUT,7810
1887953,25,15,1314,2006.0,0.0,5665.0,0.23525900000000002,-0.725657,BHS,AUT,7810
1887954,26,15,1314,2006.0,160868.0,5383230.0,0.543053,0.68971,BIH,AUT,7810
1887955,28,15,1314,2006.0,0.0,1028203.0,0.948306,0.702786,BLR,AUT,7810
1887956,31,15,1314,2006.0,0.0,32527.0,-0.9174540000000001,-0.8314729999999999,BOL,AUT,7810
1887957,32,15,1314,2006.0,4811220.0,23916466.0,0.622959,1.413527,BRA,AUT,7810
1887958,33,15,1314,2006.0,0.0,651253.0,0.689051,0.416818,BRB,AUT,7810
1887959,35,15,1314,2006.0,0.0,15535.0,-0.041116,-0.547545,BTN,AUT,7810
1887960,39,15,1314,2006.0,1721615.0,158500896.0,0.806511,1.466573,CAN,AUT,7810
1887961,41,15,1314,2006.0,8334284.0,87476328.0,2.038668,0.46319,CHE,AUT,7810
1887962,42,15,1314,2006.0,0.0,6418582.0,-0.193151,-0.46637,CHL,AUT,7810
1887963,43,15,1314,2006.0,8765907.0,69618960.0,0.842242,1.7392740000000002,CHN,AUT,7810
1887964,44,15,1314,2006.0,0.0,1440698.0,-0.9293,-0.853074,CIV,AUT,7810
1887965,45,15,1314,2006.0,0.0,57641.0,-1.570753,-1.22499,CMR,AUT,7810
1887966,47,15,1314,2006.0,0.0,2055.0,-1.8919540000000001,-1.272166,COG,AUT,7810
1887967,49,15,1314,2006.0,0.0,3263593.0,0.162228,0.550616,COL,AUT,7810
1887968,52,15,1314,2006.0,19047.0,931138.0,0.07128999999999999,-0.24274400000000002,CRI,AUT,7810
1887969,57,15,1314,2006.0,0.0,59637.0,0.5082720000000001,-0.674142,CYM,AUT,7810
1887970,58,15,1314,2006.0,0.0,1555569.0,0.728916,0.023954,CYP,AUT,7810
1887971,59,15,1314,2006.0,262800288.0,60221152.0,1.6478549999999998,0.095131,CZE,AUT,7810
1887972,61,15,1314,2006.0,2763080448.0,2023794432.0,2.135679,-2.933329,DEU,AUT,7810
1887973,62,15,1314,2006.0,0.0,18311.0,-0.360761,-0.261373,DJI,AUT,7810
1887974,63,15,1314,2006.0,24118.0,1693358.0,0.203098,-0.09402999999999999,DMA,AUT,7810
1887975,64,15,1314,2006.0,974907.0,23860882.0,1.25209,1.133206,DNK,AUT,7810
1887976,66,15,1314,2006.0,0.0,81373.0,-1.079717,-1.153102,DZA,AUT,7810
1887977,68,15,1314,2006.0,5935.0,1162600.0,-0.305058,0.294265,EGY,AUT,7810
1887978,71,15,1314,2006.0,275304192.0,269980896.0,0.9909459999999999,1.785809,ESP,AUT,7810
1887979,72,15,1314,2006.0,35144.0,13441905.0,0.737979,1.1881950000000001,EST,AUT,7810
1887980,73,15,1314,2006.0,0.0,168139.0,-1.129189,-0.953627,ETH,AUT,7810
1887981,74,15,1314,2006.0,3867269.0,38303420.0,1.8630220000000002,0.87172,FIN,AUT,7810
1887982,77,15,1314,2006.0,501391200.0,215993648.0,1.499686,0.16705699999999998,FRA,AUT,7810
1887983,78,15,1314,2006.0,0.0,160098.0,-0.111228,-0.776069,FRO,AUT,7810
1887984,80,15,1314,2006.0,0.0,5958026.0,-1.2162620000000002,-1.141485,GAB,AUT,7810
1887985,81,15,1314,2006.0,145542368.0,797325824.0,1.8509779999999998,0.674074,GBR,AUT,7810
1887986,82,15,1314,2006.0,0.0,1449341.0,-0.152929,-0.438435,GEO,AUT,7810
1887987,83,15,1314,2006.0,0.0,663149.0,-0.9211739999999999,-0.738322,GHA,AUT,7810
1887988,84,15,1314,2006.0,0.0,184290.0,0.519846,-0.43742600000000004,GIB,AUT,7810
1887989,85,15,1314,2006.0,0.0,6946.0,-1.526825,-1.191811,GIN,AUT,7810
1887990,87,15,1314,2006.0,0.0,3645.0,-0.234454,-0.43427899999999997,GMB,AUT,7810
1887991,90,15,1314,2006.0,0.0,11031134.0,0.183748,1.582167,GRC,AUT,7810
1887992,93,15,1314,2006.0,41808.0,73422.0,-0.179628,0.671552,GTM,AUT,7810
1887993,97,15,1314,2006.0,14032.0,240866.0,0.63347,1.276634,HKG,AUT,7810
1887994,99,15,1314,2006.0,0.0,19470.0,-0.520217,-0.41097399999999995,HND,AUT,7810
1887995,100,15,1314,2006.0,118560.0,42582648.0,0.866511,1.217552,HRV,AUT,7810
1887996,101,15,1314,2006.0,93660.0,5852.0,-0.8555889999999999,-1.017282,HTI,AUT,7810
1887997,102,15,1314,2006.0,49131604.0,78783968.0,1.469539,0.8546090000000001,HUN,AUT,7810
1887998,103,15,1314,2006.0,0.0,727850.0,0.0036969999999999998,1.703498,IDN,AUT,7810
1887999,104,15,1314,2006.0,1433536.0,150453.0,0.202078,2.594677,IND,AUT,7810
1888000,106,15,1314,2006.0,0.0,22939610.0,1.501322,0.161375,IRL,AUT,7810
1888001,107,15,1314,2006.0,0.0,31763.0,-0.755814,-0.9279059999999999,IRN,AUT,7810
1888002,108,15,1314,2006.0,0.0,11298.0,-2.3271330000000003,-0.992934,IRQ,AUT,7810
1888003,109,15,1314,2006.0,48728.0,35411.0,0.06816699999999999,-0.36412,ISL,AUT,7810
1888004,110,15,1314,2006.0,0.0,548319.0,1.286738,0.8783610000000001,ISR,AUT,7810
1888005,111,15,1314,2006.0,331818368.0,701461824.0,1.416017,0.161859,ITA,AUT,7810
1888006,112,15,1314,2006.0,0.0,34953.0,-0.280417,-0.9436829999999999,JAM,AUT,7810
1888007,113,15,1314,2006.0,0.0,2765821.0,0.31143899999999997,0.428361,JOR,AUT,7810
1888008,114,15,1314,2006.0,455467680.0,164342528.0,2.442213,-0.046222000000000006,JPN,AUT,7810
1888009,115,15,1314,2006.0,0.0,2714394.0,-0.18694000000000002,-0.468758,KAZ,AUT,7810
1888010,116,15,1314,2006.0,0.0,78307.0,-0.402762,0.89869,KEN,AUT,7810
1888011,117,15,1314,2006.0,0.0,88804.0,-0.091973,0.331995,KGZ,AUT,7810
1888012,121,15,1314,2006.0,221803808.0,34277596.0,1.588589,0.799507,KOR,AUT,7810
1888013,122,15,1314,2006.0,16013.0,24283758.0,-1.506818,-1.193717,KWT,AUT,7810
1888014,124,15,1314,2006.0,6347.0,450376.0,0.450113,1.7365119999999998,LBN,AUT,7810
1888015,125,15,1314,2006.0,0.0,7715.0,-1.0431270000000001,-1.1084829999999999,LBR,AUT,7810
1888016,126,15,1314,2006.0,0.0,143304.0,-0.7543529999999999,-1.123674,LBY,AUT,7810
1888017,128,15,1314,2006.0,0.0,1521915.0,-0.37725,0.245153,LKA,AUT,7810
1888018,130,15,1314,2006.0,67376.0,1307575.0,0.553669,1.252767,LTU,AUT,7810
1888019,131,15,1314,2006.0,768210.0,4927190.0,1.285123,0.999081,LUX,AUT,7810
1888020,132,15,1314,2006.0,0.0,17849948.0,0.548453,1.027836,LVA,AUT,7810
1888021,133,15,1314,2006.0,0.0,179311.0,0.120923,-0.266158,MAC,AUT,7810
1888022,134,15,1314,2006.0,0.0,970174.0,-0.41821499999999995,0.175231,MAR,AUT,7810
1888023,135,15,1314,2006.0,0.0,1433867.0,0.043632,0.21129299999999998,MDA,AUT,7810
1888024,138,15,1314,2006.0,15236262.0,614381.0,1.2996729999999999,0.655941,MEX,AUT,7810
1888025,140,15,1314,2006.0,12029.0,690670.0,-0.098526,0.423279,MKD,AUT,7810
1888026,142,15,1314,2006.0,0.0,7080294.0,1.5366819999999999,0.301101,MLT,AUT,7810
1888027,143,15,1314,2006.0,0.0,23771.0,-1.203184,-1.081708,MMR,AUT,7810
1888028,144,15,1314,2006.0,0.0,179906.0,0.057147,-0.145592,MNE,AUT,7810
1888029,145,15,1314,2006.0,0.0,6405.0,-0.806932,-1.01265,MNG,AUT,7810
1888030,147,15,1314,2006.0,0.0,493422.0,-1.199074,-1.031059,MOZ,AUT,7810
1888031,152,15,1314,2006.0,0.0,52696.0,-0.822168,-0.8834860000000001,MWI,AUT,7810
1888032,153,15,1314,2006.0,141867.0,23892.0,0.9497270000000001,0.324179,MYS,AUT,7810
1888033,156,15,1314,2006.0,0.0,741263.0,-0.42703900000000006,-0.840608,NCL,AUT,7810
1888034,157,15,1314,2006.0,0.0,8589.0,-0.52447,-0.641225,NER,AUT,7810
1888035,159,15,1314,2006.0,0.0,919233.0,-2.088278,-1.224464,NGA,AUT,7810
1888036,160,15,1314,2006.0,0.0,25927.0,-0.9416120000000001,-0.888491,NIC,AUT,7810
1888037,162,15,1314,2006.0,45744956.0,108148952.0,1.115718,1.4743680000000001,NLD,AUT,7810
1888038,163,15,1314,2006.0,179987.0,32807922.0,0.621685,-0.280378,NOR,AUT,7810
1888039,166,15,1314,2006.0,0.0,19942728.0,0.40442100000000003,0.821033,NZL,AUT,7810
1888040,167,15,1314,2006.0,0.0,4047144.0,-0.871816,-1.184985,OMN,AUT,7810
1888041,169,15,1314,2006.0,0.0,152436.0,0.511845,0.7560560000000001,PAN,AUT,7810
1888042,173,15,1314,2006.0,0.0,212254.0,-0.523516,-0.15574100000000002,PER,AUT,7810
1888043,174,15,1314,2006.0,0.0,1394944.0,0.32715,-0.15929200000000002,PHL,AUT,7810
1888044,177,15,1314,2006.0,134297408.0,29632646.0,1.0576860000000001,1.283664,POL,AUT,7810
1888045,179,15,1314,2006.0,28213970.0,14971481.0,0.695569,1.7476200000000002,PRT,AUT,7810
1888046,180,15,1314,2006.0,0.0,174422.0,-0.49234399999999995,-0.547616,PRY,AUT,7810
1888047,182,15,1314,2006.0,0.0,352146.0,-0.2789,-0.847551,PYF,AUT,7810
1888048,183,15,1314,2006.0,11155.0,3686522.0,-0.467699,-1.062471,QAT,AUT,7810
1888049,185,15,1314,2006.0,3803869.0,47386660.0,0.733232,1.2149,ROU,AUT,7810
1888050,186,15,1314,2006.0,75087.0,104301152.0,0.311252,-0.093895,RUS,AUT,7810
1888051,187,15,1314,2006.0,0.0,48336.0,0.190864,-0.346779,RWA,AUT,7810
1888052,188,15,1314,2006.0,10802.0,28685316.0,-0.094152,-0.921106,SAU,AUT,7810
1888053,190,15,1314,2006.0,0.0,15295.0,-1.727355,-1.278714,SDN,AUT,7810
1888054,192,15,1314,2006.0,0.0,6218908.0,1.670134,0.43955600000000006,SGP,AUT,7810
1888055,197,15,1314,2006.0,0.0,287179.0,-0.127317,0.189904,SLV,AUT,7810
1888056,198,15,1314,2006.0,0.0,111250.0,1.259491,0.47043999999999997,SMR,AUT,7810
1888057,201,15,1314,2006.0,64192.0,11589790.0,0.581078,1.5831600000000001,SRB,AUT,7810
1888058,206,15,1314,2006.0,140487488.0,88951032.0,1.3569950000000002,0.8663290000000001,SVK,AUT,7810
1888059,207,15,1314,2006.0,175517360.0,36476080.0,1.562187,0.612624,SVN,AUT,7810
1888060,208,15,1314,2006.0,66486020.0,65188784.0,1.921461,0.478688,SWE,AUT,7810
1888061,211,15,1314,2006.0,0.0,120208.0,-0.45782,-0.822773,SYC,AUT,7810
1888062,212,15,1314,2006.0,0.0,109920.0,-0.49903100000000006,0.362867,SYR,AUT,7810
1888063,215,15,1314,2006.0,0.0,23457.0,-0.81795,-0.567823,TGO,AUT,7810
1888064,216,15,1314,2006.0,1379336.0,38754.0,0.73283,1.419023,THA,AUT,7810
1888065,219,15,1314,2006.0,0.0,71890.0,-1.014047,-1.1895149999999999,TKM,AUT,7810
1888066,223,15,1314,2006.0,0.0,243191.0,0.140257,0.528918,TUN,AUT,7810
1888067,224,15,1314,2006.0,58441824.0,28608372.0,0.41471,2.138217,TUR,AUT,7810
1888068,226,15,1314,2006.0,0.0,135580.0,-0.804761,0.6328729999999999,TZA,AUT,7810
1888069,227,15,1314,2006.0,0.0,5719.0,-0.789284,-0.161216,UGA,AUT,7810
1888070,228,15,1314,2006.0,0.0,11182845.0,0.598325,1.225485,UKR,AUT,7810
1888071,230,15,1314,2006.0,0.0,64427.0,0.047764999999999995,0.23831100000000002,URY,AUT,7810
1888072,231,15,1314,2006.0,26126942.0,1569570688.0,1.616918,-0.429924,USA,AUT,7810
1888073,236,15,1314,2006.0,0.0,412563.0,-0.5559649999999999,-0.9988299999999999,VEN,AUT,7810
1888074,239,15,1314,2006.0,0.0,11528.0,-0.089404,0.986066,VNM,AUT,7810
1888075,243,15,1314,2006.0,0.0,96924.0,-1.070559,-1.1655389999999999,YEM,AUT,7810
1888076,246,15,1314,2006.0,4283.0,119242088.0,0.18317,1.675934,ZAF,AUT,7810
1888077,247,15,1314,2006.0,0.0,405797.0,-0.8819040000000001,-0.990542,ZMB,AUT,7810
1888078,249,15,1314,2006.0,8359809.0,2901020.0,1.6683169999999998,1.230621,TWN,AUT,7810
1888079,1,18,1314,2006.0,0.0,21199.0,-0.906723,-0.6810039999999999,AFG,BEL,7810
1888080,2,18,1314,2006.0,3319.0,43627900.0,-2.2010959999999997,-1.189215,AGO,BEL,7810
1888081,4,18,1314,2006.0,28272.0,1076680.0,-0.310731,-0.01222,ALB,BEL,7810
1888082,5,18,1314,2006.0,455547.0,945380.0,0.986957,0.458078,AND,BEL,7810
1888083,6,18,1314,2006.0,8006.0,158384.0,0.0063100000000000005,-0.61161,ANT,BEL,7810
1888084,7,18,1314,2006.0,359511.0,28451308.0,-0.12063900000000001,-0.817929,ARE,BEL,7810
1888085,8,18,1314,2006.0,271950.0,9070904.0,0.076917,1.06231,ARG,BEL,7810
1888086,9,18,1314,2006.0,75478.0,9565838.0,-0.044726999999999996,-0.486043,ARM,BEL,7810
1888087,14,18,1314,2006.0,782523.0,292821856.0,-0.183265,0.564314,AUS,BEL,7810
1888088,15,18,1314,2006.0,53022068.0,350280416.0,1.772588,-0.008943000000000001,AUT,BEL,7810
1888089,16,18,1314,2006.0,13201.0,1279713.0,-0.949606,-1.099346,AZE,BEL,7810
1888090,17,18,1314,2006.0,0.0,643140.0,-0.139211,-0.558193,BDI,BEL,7810
1888091,19,18,1314,2006.0,5431.0,24927646.0,-1.093919,-0.9748319999999999,BEN,BEL,7810
1888092,21,18,1314,2006.0,0.0,1711904.0,-0.81399,-0.972464,BFA,BEL,7810
1888093,22,18,1314,2006.0,0.0,60976.0,-0.776517,-0.874408,BGD,BEL,7810
1888094,23,18,1314,2006.0,29756.0,14827972.0,0.490234,1.581841,BGR,BEL,7810
1888095,24,18,1314,2006.0,33365.0,1910325.0,-0.220239,-1.07936,BHR,BEL,7810
1888096,25,18,1314,2006.0,0.0,3287.0,0.23525900000000002,-0.725657,BHS,BEL,7810
1888097,26,18,1314,2006.0,294390.0,10704575.0,0.543053,0.68971,BIH,BEL,7810
1888098,28,18,1314,2006.0,0.0,5299642.0,0.948306,0.702786,BLR,BEL,7810
1888099,30,18,1314,2006.0,0.0,922390.0,-0.14324,-0.814511,BMU,BEL,7810
1888100,31,18,1314,2006.0,11508.0,9225.0,-0.9174540000000001,-0.8314729999999999,BOL,BEL,7810
1888101,32,18,1314,2006.0,312750.0,6399466.0,0.622959,1.413527,BRA,BEL,7810
1888102,33,18,1314,2006.0,0.0,162582.0,0.689051,0.416818,BRB,BEL,7810
1888103,34,18,1314,2006.0,0.0,124748.0,-0.933665,-0.929327,BRN,BEL,7810
1888104,37,18,1314,2006.0,0.0,108908.0,-0.958566,-1.202559,BWA,BEL,7810
1888105,38,18,1314,2006.0,0.0,206459.0,-0.444701,-0.774726,CAF,BEL,7810
1888106,39,18,1314,2006.0,14356594.0,130864832.0,0.806511,1.466573,CAN,BEL,7810
1888107,41,18,1314,2006.0,2557865.0,415072864.0,2.038668,0.46319,CHE,BEL,7810
1888108,42,18,1314,2006.0,0.0,8947200.0,-0.193151,-0.46637,CHL,BEL,7810
1888109,43,18,1314,2006.0,173132128.0,13183249.0,0.842242,1.7392740000000002,CHN,BEL,7810
1888110,44,18,1314,2006.0,112516.0,20000324.0,-0.9293,-0.853074,CIV,BEL,7810
1888111,45,18,1314,2006.0,0.0,17474554.0,-1.570753,-1.22499,CMR,BEL,7810
1888112,46,18,1314,2006.0,10514.0,13218505.0,-1.334582,-1.119781,COD,BEL,7810
1888113,47,18,1314,2006.0,47360.0,19329884.0,-1.8919540000000001,-1.272166,COG,BEL,7810
1888114,49,18,1314,2006.0,9322.0,3519905.0,0.162228,0.550616,COL,BEL,7810
1888115,50,18,1314,2006.0,0.0,92747.0,0.007926,-0.792838,COM,BEL,7810
1888116,51,18,1314,2006.0,0.0,371417.0,0.402348,-0.355768,CPV,BEL,7810
1888117,52,18,1314,2006.0,0.0,718599.0,0.07128999999999999,-0.24274400000000002,CRI,BEL,7810
1888118,54,18,1314,2006.0,0.0,135915.0,0.207314,-0.473224,CUB,BEL,7810
1888119,58,18,1314,2006.0,0.0,32970768.0,0.728916,0.023954,CYP,BEL,7810
1888120,59,18,1314,2006.0,393817312.0,192652720.0,1.6478549999999998,0.095131,CZE,BEL,7810
1888121,61,18,1314,2006.0,3890626816.0,7043271680.0,2.135679,-2.933329,DEU,BEL,7810
1888122,62,18,1314,2006.0,0.0,535533.0,-0.360761,-0.261373,DJI,BEL,7810
1888123,64,18,1314,2006.0,6752404.0,156710016.0,1.25209,1.133206,DNK,BEL,7810
1888124,65,18,1314,2006.0,5735.0,1166852.0,0.044542,0.178998,DOM,BEL,7810
1888125,66,18,1314,2006.0,75028.0,4617510.0,-1.079717,-1.153102,DZA,BEL,7810
1888126,67,18,1314,2006.0,0.0,1543148.0,-0.9617209999999999,-0.936366,ECU,BEL,7810
1888127,68,18,1314,2006.0,63394.0,7638458.0,-0.305058,0.294265,EGY,BEL,7810
1888128,69,18,1314,2006.0,0.0,84131.0,0.312248,-0.046676999999999996,ERI,BEL,7810
1888129,71,18,1314,2006.0,955402944.0,1543462016.0,0.9909459999999999,1.785809,ESP,BEL,7810
1888130,72,18,1314,2006.0,5708622.0,6931545.0,0.737979,1.1881950000000001,EST,BEL,7810
1888131,73,18,1314,2006.0,0.0,1159061.0,-1.129189,-0.953627,ETH,BEL,7810
1888132,74,18,1314,2006.0,2271422.0,210847024.0,1.8630220000000002,0.87172,FIN,BEL,7810
1888133,75,18,1314,2006.0,0.0,6360.0,-0.527165,-0.17746900000000002,FJI,BEL,7810
1888134,77,18,1314,2006.0,3764071168.0,1879790976.0,1.499686,0.16705699999999998,FRA,BEL,7810
1888135,78,18,1314,2006.0,0.0,154563.0,-0.111228,-0.776069,FRO,BEL,7810
1888136,80,18,1314,2006.0,18769.0,8627703.0,-1.2162620000000002,-1.141485,GAB,BEL,7810
1888137,81,18,1314,2006.0,2806589440.0,5403829248.0,1.8509779999999998,0.674074,GBR,BEL,7810
1888138,82,18,1314,2006.0,114966.0,10788480.0,-0.152929,-0.438435,GEO,BEL,7810
1888139,83,18,1314,2006.0,71552.0,7473164.0,-0.9211739999999999,-0.738322,GHA,BEL,7810
1888140,84,18,1314,2006.0,439570.0,292434.0,0.519846,-0.43742600000000004,GIB,BEL,7810
1888141,85,18,1314,2006.0,26536.0,10600213.0,-1.526825,-1.191811,GIN,BEL,7810
1888142,87,18,1314,2006.0,19527.0,1703683.0,-0.234454,-0.43427899999999997,GMB,BEL,7810
1888143,88,18,1314,2006.0,0.0,306973.0,-0.773687,-0.804,GNB,BEL,7810
1888144,89,18,1314,2006.0,32779.0,1078360.0,-2.448721,-0.949732,GNQ,BEL,7810
1888145,90,18,1314,2006.0,9081517.0,242670624.0,0.183748,1.582167,GRC,BEL,7810
1888146,93,18,1314,2006.0,220985.0,5688096.0,-0.179628,0.671552,GTM,BEL,7810
1888147,96,18,1314,2006.0,5039.0,10535.0,-0.637993,-0.880094,GUY,BEL,7810
1888148,97,18,1314,2006.0,93694.0,30480120.0,0.63347,1.276634,HKG,BEL,7810
1888149,99,18,1314,2006.0,0.0,24852.0,-0.520217,-0.41097399999999995,HND,BEL,7810
1888150,100,18,1314,2006.0,178400.0,28398464.0,0.866511,1.217552,HRV,BEL,7810
1888151,102,18,1314,2006.0,40890984.0,234410736.0,1.469539,0.8546090000000001,HUN,BEL,7810
1888152,103,18,1314,2006.0,352861.0,34122.0,0.0036969999999999998,1.703498,IDN,BEL,7810
1888153,104,18,1314,2006.0,4092087.0,217072.0,0.202078,2.594677,IND,BEL,7810
1888154,106,18,1314,2006.0,68322.0,198870704.0,1.501322,0.161375,IRL,BEL,7810
1888155,107,18,1314,2006.0,0.0,15702.0,-0.755814,-0.9279059999999999,IRN,BEL,7810
1888156,108,18,1314,2006.0,0.0,171436.0,-2.3271330000000003,-0.992934,IRQ,BEL,7810
1888157,109,18,1314,2006.0,346792.0,3941033.0,0.06816699999999999,-0.36412,ISL,BEL,7810
1888158,110,18,1314,2006.0,590670.0,26063140.0,1.286738,0.8783610000000001,ISR,BEL,7810
1888159,111,18,1314,2006.0,401806080.0,1602515072.0,1.416017,0.161859,ITA,BEL,7810
1888160,112,18,1314,2006.0,14040.0,86801.0,-0.280417,-0.9436829999999999,JAM,BEL,7810
1888161,113,18,1314,2006.0,6945.0,9682266.0,0.31143899999999997,0.428361,JOR,BEL,7810
1888162,114,18,1314,2006.0,1657084800.0,162791280.0,2.442213,-0.046222000000000006,JPN,BEL,7810
1888163,115,18,1314,2006.0,0.0,1261208.0,-0.18694000000000002,-0.468758,KAZ,BEL,7810
1888164,116,18,1314,2006.0,11486.0,275829.0,-0.402762,0.89869,KEN,BEL,7810
1888165,117,18,1314,2006.0,0.0,54150.0,-0.091973,0.331995,KGZ,BEL,7810
1888166,118,18,1314,2006.0,0.0,891101.0,-0.841936,-1.038648,KHM,BEL,7810
1888167,121,18,1314,2006.0,398205536.0,20811970.0,1.588589,0.799507,KOR,BEL,7810
1888168,122,18,1314,2006.0,153379.0,7366955.0,-1.506818,-1.193717,KWT,BEL,7810
1888169,123,18,1314,2006.0,0.0,23308.0,-0.8422700000000001,-1.000073,LAO,BEL,7810
1888170,124,18,1314,2006.0,25623.0,10557292.0,0.450113,1.7365119999999998,LBN,BEL,7810
1888171,125,18,1314,2006.0,0.0,884115.0,-1.0431270000000001,-1.1084829999999999,LBR,BEL,7810
1888172,126,18,1314,2006.0,0.0,9364223.0,-0.7543529999999999,-1.123674,LBY,BEL,7810
1888173,128,18,1314,2006.0,0.0,69285.0,-0.37725,0.245153,LKA,BEL,7810
1888174,130,18,1314,2006.0,311202.0,12371490.0,0.553669,1.252767,LTU,BEL,7810
1888175,131,18,1314,2006.0,67533888.0,845867648.0,1.285123,0.999081,LUX,BEL,7810
1888176,132,18,1314,2006.0,5456.0,9398341.0,0.548453,1.027836,LVA,BEL,7810
1888177,133,18,1314,2006.0,0.0,21440.0,0.120923,-0.266158,MAC,BEL,7810
1888178,134,18,1314,2006.0,193031.0,17045068.0,-0.41821499999999995,0.175231,MAR,BEL,7810
1888179,135,18,1314,2006.0,0.0,943854.0,0.043632,0.21129299999999998,MDA,BEL,7810
1888180,136,18,1314,2006.0,8569.0,1641269.0,-0.772571,-0.521647,MDG,BEL,7810
1888181,138,18,1314,2006.0,45031096.0,92926824.0,1.2996729999999999,0.655941,MEX,BEL,7810
1888182,140,18,1314,2006.0,33387.0,12235425.0,-0.098526,0.423279,MKD,BEL,7810
1888183,141,18,1314,2006.0,39400.0,2867151.0,-0.588006,-0.687707,MLI,BEL,7810
1888184,142,18,1314,2006.0,278578.0,3545354.0,1.5366819999999999,0.301101,MLT,BEL,7810
1888185,143,18,1314,2006.0,0.0,1657506.0,-1.203184,-1.081708,MMR,BEL,7810
1888186,144,18,1314,2006.0,0.0,14791.0,0.057147,-0.145592,MNE,BEL,7810
1888187,147,18,1314,2006.0,0.0,147919.0,-1.199074,-1.031059,MOZ,BEL,7810
1888188,148,18,1314,2006.0,19323.0,7234690.0,-1.729545,-1.284734,MRT,BEL,7810
1888189,151,18,1314,2006.0,0.0,16270.0,-0.214308,-0.140502,MUS,BEL,7810
1888190,152,18,1314,2006.0,0.0,275989.0,-0.822168,-0.8834860000000001,MWI,BEL,7810
1888191,153,18,1314,2006.0,22616.0,5493365.0,0.9497270000000001,0.324179,MYS,BEL,7810
1888192,154,18,1314,2006.0,0.0,233929.0,1.459222,0.528891,MYT,BEL,7810
1888193,155,18,1314,2006.0,0.0,41823.0,-0.425389,-0.690279,NAM,BEL,7810
1888194,156,18,1314,2006.0,0.0,2823063.0,-0.42703900000000006,-0.840608,NCL,BEL,7810
1888195,157,18,1314,2006.0,153554.0,10117149.0,-0.52447,-0.641225,NER,BEL,7810
1888196,159,18,1314,2006.0,73095.0,16550208.0,-2.088278,-1.224464,NGA,BEL,7810
1888197,160,18,1314,2006.0,0.0,1938.0,-0.9416120000000001,-0.888491,NIC,BEL,7810
1888198,162,18,1314,2006.0,338139232.0,2596665088.0,1.115718,1.4743680000000001,NLD,BEL,7810
1888199,163,18,1314,2006.0,226890.0,115702576.0,0.621685,-0.280378,NOR,BEL,7810
1888200,164,18,1314,2006.0,0.0,26067.0,-0.0014349999999999999,0.804425,NPL,BEL,7810
1888201,166,18,1314,2006.0,31701.0,26963584.0,0.40442100000000003,0.821033,NZL,BEL,7810
1888202,167,18,1314,2006.0,0.0,2525591.0,-0.871816,-1.184985,OMN,BEL,7810
1888203,168,18,1314,2006.0,170258.0,9917.0,-0.500494,0.334983,PAK,BEL,7810
1888204,169,18,1314,2006.0,22692.0,6781.0,0.511845,0.7560560000000001,PAN,BEL,7810
1888205,173,18,1314,2006.0,41941.0,1495438.0,-0.523516,-0.15574100000000002,PER,BEL,7810
1888206,174,18,1314,2006.0,39066.0,356316.0,0.32715,-0.15929200000000002,PHL,BEL,7810
1888207,177,18,1314,2006.0,185384848.0,316928608.0,1.0576860000000001,1.283664,POL,BEL,7810
1888208,179,18,1314,2006.0,184262672.0,275116928.0,0.695569,1.7476200000000002,PRT,BEL,7810
1888209,180,18,1314,2006.0,3323.0,405104.0,-0.49234399999999995,-0.547616,PRY,BEL,7810
1888210,182,18,1314,2006.0,0.0,515543.0,-0.2789,-0.847551,PYF,BEL,7810
1888211,183,18,1314,2006.0,5357.0,15885319.0,-0.467699,-1.062471,QAT,BEL,7810
1888212,185,18,1314,2006.0,918567.0,96098728.0,0.733232,1.2149,ROU,BEL,7810
1888213,186,18,1314,2006.0,212522.0,303843616.0,0.311252,-0.093895,RUS,BEL,7810
1888214,187,18,1314,2006.0,6100.0,1400054.0,0.190864,-0.346779,RWA,BEL,7810
1888215,188,18,1314,2006.0,716879.0,10572768.0,-0.094152,-0.921106,SAU,BEL,7810
1888216,190,18,1314,2006.0,0.0,128217.0,-1.727355,-1.278714,SDN,BEL,7810
1888217,191,18,1314,2006.0,279346.0,8618536.0,-0.548758,-0.152572,SEN,BEL,7810
1888218,192,18,1314,2006.0,700949.0,9051962.0,1.670134,0.43955600000000006,SGP,BEL,7810
1888219,196,18,1314,2006.0,0.0,1463852.0,0.23031999999999997,-0.114212,SLE,BEL,7810
1888220,197,18,1314,2006.0,0.0,17593.0,-0.127317,0.189904,SLV,BEL,7810
1888221,198,18,1314,2006.0,0.0,279576.0,1.259491,0.47043999999999997,SMR,BEL,7810
1888222,201,18,1314,2006.0,43183.0,16998582.0,0.581078,1.5831600000000001,SRB,BEL,7810
1888223,203,18,1314,2006.0,0.0,270130.0,1.061292,-0.052414999999999996,STP,BEL,7810
1888224,205,18,1314,2006.0,5854.0,0.0,-0.703184,-1.0310979999999998,SUR,BEL,7810
1888225,206,18,1314,2006.0,107866792.0,43149664.0,1.3569950000000002,0.8663290000000001,SVK,BEL,7810
1888226,207,18,1314,2006.0,18000448.0,47875464.0,1.562187,0.612624,SVN,BEL,7810
1888227,208,18,1314,2006.0,282727936.0,936755136.0,1.921461,0.478688,SWE,BEL,7810
1888228,209,18,1314,2006.0,0.0,23284.0,0.8177369999999999,0.302106,SWZ,BEL,7810
1888229,211,18,1314,2006.0,0.0,9786.0,-0.45782,-0.822773,SYC,BEL,7810
1888230,212,18,1314,2006.0,0.0,2616235.0,-0.49903100000000006,0.362867,SYR,BEL,7810
1888231,214,18,1314,2006.0,0.0,680492.0,-2.842809,-0.9798959999999999,TCD,BEL,7810
1888232,215,18,1314,2006.0,5517.0,9988626.0,-0.81795,-0.567823,TGO,BEL,7810
1888233,216,18,1314,2006.0,2926490.0,283224.0,0.73283,1.419023,THA,BEL,7810
1888234,219,18,1314,2006.0,0.0,36647.0,-1.014047,-1.1895149999999999,TKM,BEL,7810
1888235,222,18,1314,2006.0,0.0,192508.0,-0.346992,-1.03502,TTO,BEL,7810
1888236,223,18,1314,2006.0,89419.0,8846890.0,0.140257,0.528918,TUN,BEL,7810
1888237,224,18,1314,2006.0,246261472.0,115872000.0,0.41471,2.138217,TUR,BEL,7810
1888238,226,18,1314,2006.0,63495.0,622025.0,-0.804761,0.6328729999999999,TZA,BEL,7810
1888239,227,18,1314,2006.0,58985.0,1316433.0,-0.789284,-0.161216,UGA,BEL,7810
1888240,228,18,1314,2006.0,102327.0,17830984.0,0.598325,1.225485,UKR,BEL,7810
1888241,230,18,1314,2006.0,0.0,757979.0,0.047764999999999995,0.23831100000000002,URY,BEL,7810
1888242,231,18,1314,2006.0,186011104.0,1094215424.0,1.616918,-0.429924,USA,BEL,7810
1888243,232,18,1314,2006.0,0.0,13820.0,-0.508594,-0.7682720000000001,UZB,BEL,7810
1888244,233,18,1314,2006.0,0.0,29452.0,1.070448,-0.184855,VAT,BEL,7810
1888245,236,18,1314,2006.0,13772.0,113300.0,-0.5559649999999999,-0.9988299999999999,VEN,BEL,7810
1888246,239,18,1314,2006.0,43820.0,37543.0,-0.089404,0.986066,VNM,BEL,7810
1888247,243,18,1314,2006.0,0.0,157224.0,-1.070559,-1.1655389999999999,YEM,BEL,7810
1888248,246,18,1314,2006.0,340051.0,116901160.0,0.18317,1.675934,ZAF,BEL,7810
1888249,247,18,1314,2006.0,0.0,122720.0,-0.8819040000000001,-0.990542,ZMB,BEL,7810
1888250,248,18,1314,2006.0,4992.0,109679.0,-0.354477,-0.273037,ZWE,BEL,7810
1888251,249,18,1314,2006.0,30989884.0,8245506.0,1.6683169999999998,1.230621,TWN,BEL,7810
1888252,250,18,1314,2006.0,0.0,577643.0,0.202525,-0.46324499999999996,ANS,BEL,7810
1888253,15,25,1314,2006.0,5665.0,0.0,1.772588,-0.008943000000000001,AUT,BHS,7810
1888254,18,25,1314,2006.0,3287.0,0.0,1.234224,1.308065,BEL,BHS,7810
1888255,32,25,1314,2006.0,2408284.0,0.0,0.622959,1.413527,BRA,BHS,7810
1888256,33,25,1314,2006.0,729783.0,0.0,0.689051,0.416818,BRB,BHS,7810
1888257,39,25,1314,2006.0,150805.0,26610.0,0.806511,1.466573,CAN,BHS,7810
1888258,41,25,1314,2006.0,112832.0,53524.0,2.038668,0.46319,CHE,BHS,7810
1888259,43,25,1314,2006.0,496645.0,0.0,0.842242,1.7392740000000002,CHN,BHS,7810
1888260,54,25,1314,2006.0,118851.0,0.0,0.207314,-0.473224,CUB,BHS,7810
1888261,61,25,1314,2006.0,1734546.0,5140.0,2.135679,-2.933329,DEU,BHS,7810
1888262,68,25,1314,2006.0,3969.0,0.0,-0.305058,0.294265,EGY,BHS,7810
1888263,77,25,1314,2006.0,116594.0,0.0,1.499686,0.16705699999999998,FRA,BHS,7810
1888264,81,25,1314,2006.0,479582.0,42068.0,1.8509779999999998,0.674074,GBR,BHS,7810
1888265,83,25,1314,2006.0,0.0,18362.0,-0.9211739999999999,-0.738322,GHA,BHS,7810
1888266,97,25,1314,2006.0,70830.0,0.0,0.63347,1.276634,HKG,BHS,7810
1888267,101,25,1314,2006.0,0.0,14219.0,-0.8555889999999999,-1.017282,HTI,BHS,7810
1888268,103,25,1314,2006.0,174735.0,0.0,0.0036969999999999998,1.703498,IDN,BHS,7810
1888269,106,25,1314,2006.0,17002.0,0.0,1.501322,0.161375,IRL,BHS,7810
1888270,110,25,1314,2006.0,413984.0,0.0,1.286738,0.8783610000000001,ISR,BHS,7810
1888271,111,25,1314,2006.0,85510.0,0.0,1.416017,0.161859,ITA,BHS,7810
1888272,114,25,1314,2006.0,24299288.0,25849.0,2.442213,-0.046222000000000006,JPN,BHS,7810
1888273,121,25,1314,2006.0,12125255.0,0.0,1.588589,0.799507,KOR,BHS,7810
1888274,134,25,1314,2006.0,0.0,4398.0,-0.41821499999999995,0.175231,MAR,BHS,7810
1888275,138,25,1314,2006.0,1718364.0,0.0,1.2996729999999999,0.655941,MEX,BHS,7810
1888276,159,25,1314,2006.0,0.0,10662.0,-2.088278,-1.224464,NGA,BHS,7810
1888277,192,25,1314,2006.0,1651574.0,0.0,1.670134,0.43955600000000006,SGP,BHS,7810
1888278,213,25,1314,2006.0,0.0,1343309.0,0.445758,0.01026,TCA,BHS,7810
1888279,216,25,1314,2006.0,1037147.0,0.0,0.73283,1.419023,THA,BHS,7810
1888280,222,25,1314,2006.0,14980.0,7069.0,-0.346992,-1.03502,TTO,BHS,7810
1888281,231,25,1314,2006.0,62968772.0,2678705.0,1.616918,-0.429924,USA,BHS,7810
1888282,236,25,1314,2006.0,0.0,222377.0,-0.5559649999999999,-0.9988299999999999,VEN,BHS,7810
1888283,250,25,1314,2006.0,359140.0,68618.0,0.202525,-0.46324499999999996,ANS,BHS,7810
1888284,8,31,1314,2006.0,428511.0,5669.0,0.076917,1.06231,ARG,BOL,7810
1888285,14,31,1314,2006.0,3812.0,0.0,-0.183265,0.564314,AUS,BOL,7810
1888286,15,31,1314,2006.0,32527.0,0.0,1.772588,-0.008943000000000001,AUT,BOL,7810
1888287,18,31,1314,2006.0,9225.0,11508.0,1.234224,1.308065,BEL,BOL,7810
1888288,32,31,1314,2006.0,1205872.0,0.0,0.622959,1.413527,BRA,BOL,7810
1888289,39,31,1314,2006.0,130133.0,0.0,0.806511,1.466573,CAN,BOL,7810
1888290,41,31,1314,2006.0,15389.0,0.0,2.038668,0.46319,CHE,BOL,7810
1888291,42,31,1314,2006.0,162945648.0,0.0,-0.193151,-0.46637,CHL,BOL,7810
1888292,43,31,1314,2006.0,157791.0,0.0,0.842242,1.7392740000000002,CHN,BOL,7810
1888293,52,31,1314,2006.0,0.0,7018.0,0.07128999999999999,-0.24274400000000002,CRI,BOL,7810
1888294,61,31,1314,2006.0,677075.0,0.0,2.135679,-2.933329,DEU,BOL,7810
1888295,64,31,1314,2006.0,0.0,9006.0,1.25209,1.133206,DNK,BOL,7810
1888296,65,31,1314,2006.0,0.0,4361.0,0.044542,0.178998,DOM,BOL,7810
1888297,67,31,1314,2006.0,0.0,24465.0,-0.9617209999999999,-0.936366,ECU,BOL,7810
1888298,71,31,1314,2006.0,309705.0,27071.0,0.9909459999999999,1.785809,ESP,BOL,7810
1888299,74,31,1314,2006.0,3751.0,0.0,1.8630220000000002,0.87172,FIN,BOL,7810
1888300,77,31,1314,2006.0,151989.0,17489.0,1.499686,0.16705699999999998,FRA,BOL,7810
1888301,81,31,1314,2006.0,493186.0,101059.0,1.8509779999999998,0.674074,GBR,BOL,7810
1888302,102,31,1314,2006.0,2904856.0,0.0,1.469539,0.8546090000000001,HUN,BOL,7810
1888303,103,31,1314,2006.0,95459.0,0.0,0.0036969999999999998,1.703498,IDN,BOL,7810
1888304,104,31,1314,2006.0,89778.0,0.0,0.202078,2.594677,IND,BOL,7810
1888305,111,31,1314,2006.0,28249.0,0.0,1.416017,0.161859,ITA,BOL,7810
1888306,114,31,1314,2006.0,14805533.0,0.0,2.442213,-0.046222000000000006,JPN,BOL,7810
1888307,121,31,1314,2006.0,305639.0,0.0,1.588589,0.799507,KOR,BOL,7810
1888308,138,31,1314,2006.0,454260.0,0.0,1.2996729999999999,0.655941,MEX,BOL,7810
1888309,162,31,1314,2006.0,2049.0,0.0,1.115718,1.4743680000000001,NLD,BOL,7810
1888310,163,31,1314,2006.0,18028.0,0.0,0.621685,-0.280378,NOR,BOL,7810
1888311,173,31,1314,2006.0,0.0,46780.0,-0.523516,-0.15574100000000002,PER,BOL,7810
1888312,178,31,1314,2006.0,41969.0,0.0,0.649384,1.069006,PRK,BOL,7810
1888313,185,31,1314,2006.0,91493.0,0.0,0.733232,1.2149,ROU,BOL,7810
1888314,186,31,1314,2006.0,3083.0,0.0,0.311252,-0.093895,RUS,BOL,7810
1888315,206,31,1314,2006.0,86679.0,0.0,1.3569950000000002,0.8663290000000001,SVK,BOL,7810
1888316,208,31,1314,2006.0,146849.0,2856.0,1.921461,0.478688,SWE,BOL,7810
1888317,216,31,1314,2006.0,3113.0,0.0,0.73283,1.419023,THA,BOL,7810
1888318,231,31,1314,2006.0,7622052.0,204947.0,1.616918,-0.429924,USA,BOL,7810
1888319,236,31,1314,2006.0,7091.0,34099.0,-0.5559649999999999,-0.9988299999999999,VEN,BOL,7810
1888320,249,31,1314,2006.0,11076.0,0.0,1.6683169999999998,1.230621,TWN,BOL,7810
1888321,250,31,1314,2006.0,63340.0,583406.0,0.202525,-0.46324499999999996,ANS,BOL,7810
1888322,0,32,1314,2006.0,0.0,2632635.0,-0.353579,-0.852273,ABW,BRA,7810
1888323,2,32,1314,2006.0,0.0,4385648.0,-2.2010959999999997,-1.189215,AGO,BRA,7810
1888324,4,32,1314,2006.0,0.0,624486.0,-0.310731,-0.01222,ALB,BRA,7810
1888325,6,32,1314,2006.0,0.0,3143525.0,0.0063100000000000005,-0.61161,ANT,BRA,7810
1888326,7,32,1314,2006.0,0.0,33456.0,-0.12063900000000001,-0.817929,ARE,BRA,7810
1888327,8,32,1314,2006.0,875034240.0,1473611264.0,0.076917,1.06231,ARG,BRA,7810
1888328,13,32,1314,2006.0,0.0,147191.0,-0.49273500000000003,-0.92522,ATG,BRA,7810
1888329,14,32,1314,2006.0,2654994.0,1084634.0,-0.183265,0.564314,AUS,BRA,7810
1888330,15,32,1314,2006.0,23916466.0,4811220.0,1.772588,-0.008943000000000001,AUT,BRA,7810
1888331,18,32,1314,2006.0,6399466.0,312750.0,1.234224,1.308065,BEL,BRA,7810
1888332,19,32,1314,2006.0,0.0,1687234.0,-1.093919,-0.9748319999999999,BEN,BRA,7810
1888333,23,32,1314,2006.0,0.0,59832.0,0.490234,1.581841,BGR,BRA,7810
1888334,24,32,1314,2006.0,0.0,7525.0,-0.220239,-1.07936,BHR,BRA,7810
1888335,25,32,1314,2006.0,0.0,2408284.0,0.23525900000000002,-0.725657,BHS,BRA,7810
1888336,29,32,1314,2006.0,0.0,9453.0,-0.275783,-0.6653439999999999,BLZ,BRA,7810
1888337,31,32,1314,2006.0,0.0,1205872.0,-0.9174540000000001,-0.8314729999999999,BOL,BRA,7810
1888338,33,32,1314,2006.0,0.0,11971.0,0.689051,0.416818,BRB,BRA,7810
1888339,39,32,1314,2006.0,1029000.0,44887688.0,0.806511,1.466573,CAN,BRA,7810
1888340,41,32,1314,2006.0,103253.0,5346194.0,2.038668,0.46319,CHE,BRA,7810
1888341,42,32,1314,2006.0,22143.0,112231160.0,-0.193151,-0.46637,CHL,BRA,7810
1888342,43,32,1314,2006.0,693278.0,21998.0,0.842242,1.7392740000000002,CHN,BRA,7810
1888343,44,32,1314,2006.0,0.0,1518639.0,-0.9293,-0.853074,CIV,BRA,7810
1888344,45,32,1314,2006.0,0.0,44649.0,-1.570753,-1.22499,CMR,BRA,7810
1888345,47,32,1314,2006.0,0.0,220759.0,-1.8919540000000001,-1.272166,COG,BRA,7810
1888346,49,32,1314,2006.0,10040.0,64458036.0,0.162228,0.550616,COL,BRA,7810
1888347,51,32,1314,2006.0,0.0,720092.0,0.402348,-0.355768,CPV,BRA,7810
1888348,52,32,1314,2006.0,0.0,8449593.0,0.07128999999999999,-0.24274400000000002,CRI,BRA,7810
1888349,54,32,1314,2006.0,0.0,1304018.0,0.207314,-0.473224,CUB,BRA,7810
1888350,57,32,1314,2006.0,0.0,25407.0,0.5082720000000001,-0.674142,CYM,BRA,7810
1888351,58,32,1314,2006.0,0.0,1148025.0,0.728916,0.023954,CYP,BRA,7810
1888352,59,32,1314,2006.0,6964984.0,495475.0,1.6478549999999998,0.095131,CZE,BRA,7810
1888353,61,32,1314,2006.0,285034624.0,511691552.0,2.135679,-2.933329,DEU,BRA,7810
1888354,62,32,1314,2006.0,0.0,72487.0,-0.360761,-0.261373,DJI,BRA,7810
1888355,65,32,1314,2006.0,0.0,4371264.0,0.044542,0.178998,DOM,BRA,7810
1888356,66,32,1314,2006.0,0.0,22844126.0,-1.079717,-1.153102,DZA,BRA,7810
1888357,67,32,1314,2006.0,0.0,109597272.0,-0.9617209999999999,-0.936366,ECU,BRA,7810
1888358,68,32,1314,2006.0,0.0,20972248.0,-0.305058,0.294265,EGY,BRA,7810
1888359,71,32,1314,2006.0,1390644.0,947689.0,0.9909459999999999,1.785809,ESP,BRA,7810
1888360,73,32,1314,2006.0,0.0,174611.0,-1.129189,-0.953627,ETH,BRA,7810
1888361,77,32,1314,2006.0,38828320.0,824574.0,1.499686,0.16705699999999998,FRA,BRA,7810
1888362,80,32,1314,2006.0,0.0,397805.0,-1.2162620000000002,-1.141485,GAB,BRA,7810
1888363,81,32,1314,2006.0,39868800.0,1643248.0,1.8509779999999998,0.674074,GBR,BRA,7810
1888364,83,32,1314,2006.0,0.0,1412084.0,-0.9211739999999999,-0.738322,GHA,BRA,7810
1888365,87,32,1314,2006.0,0.0,123598.0,-0.234454,-0.43427899999999997,GMB,BRA,7810
1888366,92,32,1314,2006.0,0.0,8232.0,-0.744987,-0.9686020000000001,GRL,BRA,7810
1888367,93,32,1314,2006.0,143443.0,16935388.0,-0.179628,0.671552,GTM,BRA,7810
1888368,96,32,1314,2006.0,0.0,4798.0,-0.637993,-0.880094,GUY,BRA,7810
1888369,99,32,1314,2006.0,0.0,3960000.0,-0.520217,-0.41097399999999995,HND,BRA,7810
1888370,100,32,1314,2006.0,0.0,13863.0,0.866511,1.217552,HRV,BRA,7810
1888371,101,32,1314,2006.0,0.0,553470.0,-0.8555889999999999,-1.017282,HTI,BRA,7810
1888372,102,32,1314,2006.0,15409.0,0.0,1.469539,0.8546090000000001,HUN,BRA,7810
1888373,103,32,1314,2006.0,2229.0,0.0,0.0036969999999999998,1.703498,IDN,BRA,7810
1888374,104,32,1314,2006.0,22489.0,7302.0,0.202078,2.594677,IND,BRA,7810
1888375,106,32,1314,2006.0,0.0,55265.0,1.501322,0.161375,IRL,BRA,7810
1888376,111,32,1314,2006.0,9411393.0,14019935.0,1.416017,0.161859,ITA,BRA,7810
1888377,112,32,1314,2006.0,0.0,38627.0,-0.280417,-0.9436829999999999,JAM,BRA,7810
1888378,113,32,1314,2006.0,0.0,105642.0,0.31143899999999997,0.428361,JOR,BRA,7810
1888379,114,32,1314,2006.0,109729696.0,2039797.0,2.442213,-0.046222000000000006,JPN,BRA,7810
1888380,115,32,1314,2006.0,0.0,5610.0,-0.18694000000000002,-0.468758,KAZ,BRA,7810
1888381,116,32,1314,2006.0,60320.0,201080.0,-0.402762,0.89869,KEN,BRA,7810
1888382,121,32,1314,2006.0,103983760.0,37259.0,1.588589,0.799507,KOR,BRA,7810
1888383,122,32,1314,2006.0,6656.0,137373.0,-1.506818,-1.193717,KWT,BRA,7810
1888384,124,32,1314,2006.0,0.0,579923.0,0.450113,1.7365119999999998,LBN,BRA,7810
1888385,126,32,1314,2006.0,0.0,21934.0,-0.7543529999999999,-1.123674,LBY,BRA,7810
1888386,130,32,1314,2006.0,0.0,5605.0,0.553669,1.252767,LTU,BRA,7810
1888387,131,32,1314,2006.0,0.0,18970.0,1.285123,0.999081,LUX,BRA,7810
1888388,134,32,1314,2006.0,0.0,16762400.0,-0.41821499999999995,0.175231,MAR,BRA,7810
1888389,136,32,1314,2006.0,0.0,157850.0,-0.772571,-0.521647,MDG,BRA,7810
1888390,138,32,1314,2006.0,266151472.0,1270871040.0,1.2996729999999999,0.655941,MEX,BRA,7810
1888391,147,32,1314,2006.0,0.0,16974.0,-1.199074,-1.031059,MOZ,BRA,7810
1888392,153,32,1314,2006.0,108631.0,12123.0,0.9497270000000001,0.324179,MYS,BRA,7810
1888393,159,32,1314,2006.0,0.0,1466408.0,-2.088278,-1.224464,NGA,BRA,7810
1888394,160,32,1314,2006.0,0.0,4248811.0,-0.9416120000000001,-0.888491,NIC,BRA,7810
1888395,162,32,1314,2006.0,245509.0,112609.0,1.115718,1.4743680000000001,NLD,BRA,7810
1888396,163,32,1314,2006.0,0.0,2911.0,0.621685,-0.280378,NOR,BRA,7810
1888397,166,32,1314,2006.0,0.0,33139.0,0.40442100000000003,0.821033,NZL,BRA,7810
1888398,167,32,1314,2006.0,0.0,99038.0,-0.871816,-1.184985,OMN,BRA,7810
1888399,169,32,1314,2006.0,0.0,15188749.0,0.511845,0.7560560000000001,PAN,BRA,7810
1888400,173,32,1314,2006.0,39448.0,28702056.0,-0.523516,-0.15574100000000002,PER,BRA,7810
1888401,177,32,1314,2006.0,27600.0,419255.0,1.0576860000000001,1.283664,POL,BRA,7810
1888402,179,32,1314,2006.0,29933.0,131037.0,0.695569,1.7476200000000002,PRT,BRA,7810
1888403,180,32,1314,2006.0,0.0,18227136.0,-0.49234399999999995,-0.547616,PRY,BRA,7810
1888404,182,32,1314,2006.0,0.0,69524.0,-0.2789,-0.847551,PYF,BRA,7810
1888405,185,32,1314,2006.0,27372.0,15727.0,0.733232,1.2149,ROU,BRA,7810
1888406,186,32,1314,2006.0,0.0,5475699.0,0.311252,-0.093895,RUS,BRA,7810
1888407,187,32,1314,2006.0,0.0,9350.0,0.190864,-0.346779,RWA,BRA,7810
1888408,188,32,1314,2006.0,0.0,470139.0,-0.094152,-0.921106,SAU,BRA,7810
1888409,190,32,1314,2006.0,0.0,1833854.0,-1.727355,-1.278714,SDN,BRA,7810
1888410,191,32,1314,2006.0,0.0,3071544.0,-0.548758,-0.152572,SEN,BRA,7810
1888411,197,32,1314,2006.0,0.0,3842762.0,-0.127317,0.189904,SLV,BRA,7810
1888412,205,32,1314,2006.0,6202.0,53458.0,-0.703184,-1.0310979999999998,SUR,BRA,7810
1888413,206,32,1314,2006.0,5010780.0,907546.0,1.3569950000000002,0.8663290000000001,SVK,BRA,7810
1888414,207,32,1314,2006.0,0.0,3341465.0,1.562187,0.612624,SVN,BRA,7810
1888415,208,32,1314,2006.0,3793074.0,10745.0,1.921461,0.478688,SWE,BRA,7810
1888416,212,32,1314,2006.0,0.0,12901206.0,-0.49903100000000006,0.362867,SYR,BRA,7810
1888417,216,32,1314,2006.0,14150.0,0.0,0.73283,1.419023,THA,BRA,7810
1888418,223,32,1314,2006.0,0.0,14155611.0,0.140257,0.528918,TUN,BRA,7810
1888419,224,32,1314,2006.0,0.0,260812.0,0.41471,2.138217,TUR,BRA,7810
1888420,228,32,1314,2006.0,0.0,4170167.0,0.598325,1.225485,UKR,BRA,7810
1888421,230,32,1314,2006.0,10241.0,36568072.0,0.047764999999999995,0.23831100000000002,URY,BRA,7810
1888422,231,32,1314,2006.0,29196978.0,171370096.0,1.616918,-0.429924,USA,BRA,7810
1888423,236,32,1314,2006.0,0.0,303859456.0,-0.5559649999999999,-0.9988299999999999,VEN,BRA,7810
1888424,246,32,1314,2006.0,127640.0,61641852.0,0.18317,1.675934,ZAF,BRA,7810
1888425,249,32,1314,2006.0,366624.0,19702.0,1.6683169999999998,1.230621,TWN,BRA,7810
1888426,13,33,1314,2006.0,0.0,42125.0,-0.49273500000000003,-0.92522,ATG,BRB,7810
1888427,15,33,1314,2006.0,651253.0,0.0,1.772588,-0.008943000000000001,AUT,BRB,7810
1888428,18,33,1314,2006.0,162582.0,0.0,1.234224,1.308065,BEL,BRB,7810
1888429,23,33,1314,2006.0,10913.0,0.0,0.490234,1.581841,BGR,BRB,7810
1888430,25,33,1314,2006.0,0.0,729783.0,0.23525900000000002,-0.725657,BHS,BRB,7810
1888431,29,33,1314,2006.0,78243.0,0.0,-0.275783,-0.6653439999999999,BLZ,BRB,7810
1888432,32,33,1314,2006.0,11971.0,0.0,0.622959,1.413527,BRA,BRB,7810
1888433,39,33,1314,2006.0,47112.0,0.0,0.806511,1.466573,CAN,BRB,7810
1888434,41,33,1314,2006.0,17344.0,0.0,2.038668,0.46319,CHE,BRB,7810
1888435,43,33,1314,2006.0,9309.0,0.0,0.842242,1.7392740000000002,CHN,BRB,7810
1888436,59,33,1314,2006.0,14537.0,0.0,1.6478549999999998,0.095131,CZE,BRB,7810
1888437,61,33,1314,2006.0,6148044.0,208753.0,2.135679,-2.933329,DEU,BRB,7810
1888438,63,33,1314,2006.0,13657.0,0.0,0.203098,-0.09402999999999999,DMA,BRB,7810
1888439,71,33,1314,2006.0,413387.0,0.0,0.9909459999999999,1.785809,ESP,BRB,7810
1888440,77,33,1314,2006.0,4612.0,0.0,1.499686,0.16705699999999998,FRA,BRB,7810
1888441,81,33,1314,2006.0,1650872.0,2609004.0,1.8509779999999998,0.674074,GBR,BRB,7810
1888442,91,33,1314,2006.0,0.0,31316.0,0.174862,-0.27636700000000003,GRD,BRB,7810
1888443,96,33,1314,2006.0,21706.0,52381.0,-0.637993,-0.880094,GUY,BRB,7810
1888444,99,33,1314,2006.0,0.0,11320.0,-0.520217,-0.41097399999999995,HND,BRB,7810
1888445,103,33,1314,2006.0,1182944.0,0.0,0.0036969999999999998,1.703498,IDN,BRB,7810
1888446,104,33,1314,2006.0,150668.0,0.0,0.202078,2.594677,IND,BRB,7810
1888447,112,33,1314,2006.0,0.0,223415.0,-0.280417,-0.9436829999999999,JAM,BRB,7810
1888448,114,33,1314,2006.0,23620238.0,13370.0,2.442213,-0.046222000000000006,JPN,BRB,7810
1888449,121,33,1314,2006.0,3577376.0,0.0,1.588589,0.799507,KOR,BRB,7810
1888450,127,33,1314,2006.0,265733.0,1859582.0,0.990517,-0.100522,LCA,BRB,7810
1888451,138,33,1314,2006.0,28305.0,0.0,1.2996729999999999,0.655941,MEX,BRB,7810
1888452,162,33,1314,2006.0,0.0,23146.0,1.115718,1.4743680000000001,NLD,BRB,7810
1888453,166,33,1314,2006.0,0.0,12078.0,0.40442100000000003,0.821033,NZL,BRB,7810
1888454,169,33,1314,2006.0,3222.0,0.0,0.511845,0.7560560000000001,PAN,BRB,7810
1888455,188,33,1314,2006.0,0.0,43417.0,-0.094152,-0.921106,SAU,BRB,7810
1888456,192,33,1314,2006.0,145948.0,0.0,1.670134,0.43955600000000006,SGP,BRB,7810
1888457,205,33,1314,2006.0,0.0,101303.0,-0.703184,-1.0310979999999998,SUR,BRB,7810
1888458,207,33,1314,2006.0,3967.0,0.0,1.562187,0.612624,SVN,BRB,7810
1888459,216,33,1314,2006.0,2564976.0,0.0,0.73283,1.419023,THA,BRB,7810
1888460,222,33,1314,2006.0,29997.0,268119.0,-0.346992,-1.03502,TTO,BRB,7810
1888461,231,33,1314,2006.0,2174743.0,162255.0,1.616918,-0.429924,USA,BRB,7810
1888462,234,33,1314,2006.0,61973.0,52792.0,-0.51151,-0.8950620000000001,VCT,BRB,7810
1888463,249,33,1314,2006.0,18628.0,0.0,1.6683169999999998,1.230621,TWN,BRB,7810
1888464,250,33,1314,2006.0,32126.0,0.0,0.202525,-0.46324499999999996,ANS,BRB,7810
1888465,0,39,1314,2006.0,0.0,20068.0,-0.353579,-0.852273,ABW,CAN,7810
1888466,1,39,1314,2006.0,4238.0,875713.0,-0.906723,-0.6810039999999999,AFG,CAN,7810
1888467,2,39,1314,2006.0,0.0,1845655.0,-2.2010959999999997,-1.189215,AGO,CAN,7810
1888468,3,39,1314,2006.0,0.0,2407.0,1.2846959999999998,-0.19459100000000001,AIA,CAN,7810
1888469,4,39,1314,2006.0,0.0,31282.0,-0.310731,-0.01222,ALB,CAN,7810
1888470,5,39,1314,2006.0,0.0,7390.0,0.986957,0.458078,AND,CAN,7810
1888471,6,39,1314,2006.0,4062.0,80544.0,0.0063100000000000005,-0.61161,ANT,CAN,7810
1888472,7,39,1314,2006.0,6754.0,12759010.0,-0.12063900000000001,-0.817929,ARE,CAN,7810
1888473,8,39,1314,2006.0,13867.0,538996.0,0.076917,1.06231,ARG,CAN,7810
1888474,9,39,1314,2006.0,0.0,119617.0,-0.044726999999999996,-0.486043,ARM,CAN,7810
1888475,13,39,1314,2006.0,0.0,109382.0,-0.49273500000000003,-0.92522,ATG,CAN,7810
1888476,14,39,1314,2006.0,135459.0,7319046.0,-0.183265,0.564314,AUS,CAN,7810
1888477,15,39,1314,2006.0,158500896.0,1721615.0,1.772588,-0.008943000000000001,AUT,CAN,7810
1888478,16,39,1314,2006.0,0.0,11472.0,-0.949606,-1.099346,AZE,CAN,7810
1888479,17,39,1314,2006.0,0.0,15361.0,-0.139211,-0.558193,BDI,CAN,7810
1888480,18,39,1314,2006.0,130864832.0,14356594.0,1.234224,1.308065,BEL,CAN,7810
1888481,19,39,1314,2006.0,0.0,2248660.0,-1.093919,-0.9748319999999999,BEN,CAN,7810
1888482,21,39,1314,2006.0,0.0,51301.0,-0.81399,-0.972464,BFA,CAN,7810
1888483,23,39,1314,2006.0,30029.0,781100.0,0.490234,1.581841,BGR,CAN,7810
1888484,24,39,1314,2006.0,19976.0,2325812.0,-0.220239,-1.07936,BHR,CAN,7810
1888485,25,39,1314,2006.0,26610.0,150805.0,0.23525900000000002,-0.725657,BHS,CAN,7810
1888486,26,39,1314,2006.0,0.0,172652.0,0.543053,0.68971,BIH,CAN,7810
1888487,28,39,1314,2006.0,0.0,361524.0,0.948306,0.702786,BLR,CAN,7810
1888488,29,39,1314,2006.0,41851.0,30591.0,-0.275783,-0.6653439999999999,BLZ,CAN,7810
1888489,30,39,1314,2006.0,0.0,244017.0,-0.14324,-0.814511,BMU,CAN,7810
1888490,31,39,1314,2006.0,0.0,130133.0,-0.9174540000000001,-0.8314729999999999,BOL,CAN,7810
1888491,32,39,1314,2006.0,44887688.0,1029000.0,0.622959,1.413527,BRA,CAN,7810
1888492,33,39,1314,2006.0,0.0,47112.0,0.689051,0.416818,BRB,CAN,7810
1888493,34,39,1314,2006.0,0.0,6834.0,-0.933665,-0.929327,BRN,CAN,7810
1888494,37,39,1314,2006.0,0.0,1467764.0,-0.958566,-1.202559,BWA,CAN,7810
1888495,41,39,1314,2006.0,1100105.0,3561672.0,2.038668,0.46319,CHE,CAN,7810
1888496,42,39,1314,2006.0,0.0,812466.0,-0.193151,-0.46637,CHL,CAN,7810
1888497,43,39,1314,2006.0,22889300.0,7957036.0,0.842242,1.7392740000000002,CHN,CAN,7810
1888498,44,39,1314,2006.0,0.0,292310.0,-0.9293,-0.853074,CIV,CAN,7810
1888499,45,39,1314,2006.0,0.0,473714.0,-1.570753,-1.22499,CMR,CAN,7810
1888500,46,39,1314,2006.0,0.0,675400.0,-1.334582,-1.119781,COD,CAN,7810
1888501,47,39,1314,2006.0,0.0,509413.0,-1.8919540000000001,-1.272166,COG,CAN,7810
1888502,49,39,1314,2006.0,0.0,526415.0,0.162228,0.550616,COL,CAN,7810
1888503,50,39,1314,2006.0,0.0,2545.0,0.007926,-0.792838,COM,CAN,7810
1888504,52,39,1314,2006.0,0.0,1032526.0,0.07128999999999999,-0.24274400000000002,CRI,CAN,7810
1888505,54,39,1314,2006.0,2552.0,552554.0,0.207314,-0.473224,CUB,CAN,7810
1888506,57,39,1314,2006.0,0.0,87130.0,0.5082720000000001,-0.674142,CYM,CAN,7810
1888507,58,39,1314,2006.0,0.0,143979.0,0.728916,0.023954,CYP,CAN,7810
1888508,59,39,1314,2006.0,60823.0,1007981.0,1.6478549999999998,0.095131,CZE,CAN,7810
1888509,61,39,1314,2006.0,1613417984.0,14984624.0,2.135679,-2.933329,DEU,CAN,7810
1888510,62,39,1314,2006.0,0.0,120898.0,-0.360761,-0.261373,DJI,CAN,7810
1888511,63,39,1314,2006.0,0.0,12777.0,0.203098,-0.09402999999999999,DMA,CAN,7810
1888512,64,39,1314,2006.0,17122.0,796540.0,1.25209,1.133206,DNK,CAN,7810
1888513,65,39,1314,2006.0,0.0,186125.0,0.044542,0.178998,DOM,CAN,7810
1888514,66,39,1314,2006.0,0.0,644081.0,-1.079717,-1.153102,DZA,CAN,7810
1888515,67,39,1314,2006.0,0.0,95473.0,-0.9617209999999999,-0.936366,ECU,CAN,7810
1888516,68,39,1314,2006.0,0.0,97635.0,-0.305058,0.294265,EGY,CAN,7810
1888517,71,39,1314,2006.0,2361487.0,6823802.0,0.9909459999999999,1.785809,ESP,CAN,7810
1888518,72,39,1314,2006.0,0.0,431060.0,0.737979,1.1881950000000001,EST,CAN,7810
1888519,73,39,1314,2006.0,0.0,121120.0,-1.129189,-0.953627,ETH,CAN,7810
1888520,74,39,1314,2006.0,42097348.0,83624096.0,1.8630220000000002,0.87172,FIN,CAN,7810
1888521,77,39,1314,2006.0,86563752.0,14727088.0,1.499686,0.16705699999999998,FRA,CAN,7810
1888522,78,39,1314,2006.0,0.0,61009.0,-0.111228,-0.776069,FRO,CAN,7810
1888523,80,39,1314,2006.0,9021.0,431410.0,-1.2162620000000002,-1.141485,GAB,CAN,7810
1888524,81,39,1314,2006.0,245830240.0,4119128.0,1.8509779999999998,0.674074,GBR,CAN,7810
1888525,82,39,1314,2006.0,0.0,176111.0,-0.152929,-0.438435,GEO,CAN,7810
1888526,83,39,1314,2006.0,0.0,5309608.0,-0.9211739999999999,-0.738322,GHA,CAN,7810
1888527,85,39,1314,2006.0,0.0,231908.0,-1.526825,-1.191811,GIN,CAN,7810
1888528,87,39,1314,2006.0,0.0,4863.0,-0.234454,-0.43427899999999997,GMB,CAN,7810
1888529,90,39,1314,2006.0,17721.0,2081530.0,0.183748,1.582167,GRC,CAN,7810
1888530,91,39,1314,2006.0,0.0,24049.0,0.174862,-0.27636700000000003,GRD,CAN,7810
1888531,92,39,1314,2006.0,0.0,710672.0,-0.744987,-0.9686020000000001,GRL,CAN,7810
1888532,93,39,1314,2006.0,34460.0,200323.0,-0.179628,0.671552,GTM,CAN,7810
1888533,96,39,1314,2006.0,3877.0,140783.0,-0.637993,-0.880094,GUY,CAN,7810
1888534,97,39,1314,2006.0,458206.0,1767651.0,0.63347,1.276634,HKG,CAN,7810
1888535,99,39,1314,2006.0,16177.0,52250.0,-0.520217,-0.41097399999999995,HND,CAN,7810
1888536,100,39,1314,2006.0,28771.0,773998.0,0.866511,1.217552,HRV,CAN,7810
1888537,101,39,1314,2006.0,0.0,378047.0,-0.8555889999999999,-1.017282,HTI,CAN,7810
1888538,102,39,1314,2006.0,1822746.0,229030.0,1.469539,0.8546090000000001,HUN,CAN,7810
1888539,103,39,1314,2006.0,0.0,10753.0,0.0036969999999999998,1.703498,IDN,CAN,7810
1888540,104,39,1314,2006.0,20048.0,177569.0,0.202078,2.594677,IND,CAN,7810
1888541,106,39,1314,2006.0,13577.0,1824689.0,1.501322,0.161375,IRL,CAN,7810
1888542,107,39,1314,2006.0,0.0,206733.0,-0.755814,-0.9279059999999999,IRN,CAN,7810
1888543,108,39,1314,2006.0,0.0,3732114.0,-2.3271330000000003,-0.992934,IRQ,CAN,7810
1888544,109,39,1314,2006.0,0.0,1834750.0,0.06816699999999999,-0.36412,ISL,CAN,7810
1888545,110,39,1314,2006.0,0.0,7374344.0,1.286738,0.8783610000000001,ISR,CAN,7810
1888546,111,39,1314,2006.0,16735254.0,3051590.0,1.416017,0.161859,ITA,CAN,7810
1888547,112,39,1314,2006.0,18089.0,366231.0,-0.280417,-0.9436829999999999,JAM,CAN,7810
1888548,113,39,1314,2006.0,76294.0,1642768.0,0.31143899999999997,0.428361,JOR,CAN,7810
1888549,114,39,1314,2006.0,3740057088.0,13809632.0,2.442213,-0.046222000000000006,JPN,CAN,7810
1888550,115,39,1314,2006.0,0.0,2020124.0,-0.18694000000000002,-0.468758,KAZ,CAN,7810
1888551,116,39,1314,2006.0,27996.0,122867.0,-0.402762,0.89869,KEN,CAN,7810
1888552,117,39,1314,2006.0,0.0,32364.0,-0.091973,0.331995,KGZ,CAN,7810
1888553,118,39,1314,2006.0,0.0,143746.0,-0.841936,-1.038648,KHM,CAN,7810
1888554,120,39,1314,2006.0,14070.0,72734.0,1.3110979999999999,-0.061185,KNA,CAN,7810
1888555,121,39,1314,2006.0,1229020544.0,1637948.0,1.588589,0.799507,KOR,CAN,7810
1888556,122,39,1314,2006.0,63170.0,3205299.0,-1.506818,-1.193717,KWT,CAN,7810
1888557,124,39,1314,2006.0,0.0,6550326.0,0.450113,1.7365119999999998,LBN,CAN,7810
1888558,125,39,1314,2006.0,0.0,13241.0,-1.0431270000000001,-1.1084829999999999,LBR,CAN,7810
1888559,126,39,1314,2006.0,0.0,3054966.0,-0.7543529999999999,-1.123674,LBY,CAN,7810
1888560,127,39,1314,2006.0,0.0,59899.0,0.990517,-0.100522,LCA,CAN,7810
1888561,130,39,1314,2006.0,2644.0,1803054.0,0.553669,1.252767,LTU,CAN,7810
1888562,131,39,1314,2006.0,3797.0,82566.0,1.285123,0.999081,LUX,CAN,7810
1888563,132,39,1314,2006.0,0.0,876000.0,0.548453,1.027836,LVA,CAN,7810
1888564,134,39,1314,2006.0,2157.0,1117936.0,-0.41821499999999995,0.175231,MAR,CAN,7810
1888565,135,39,1314,2006.0,0.0,51116.0,0.043632,0.21129299999999998,MDA,CAN,7810
1888566,138,39,1314,2006.0,1059476096.0,275111360.0,1.2996729999999999,0.655941,MEX,CAN,7810
1888567,140,39,1314,2006.0,0.0,123164.0,-0.098526,0.423279,MKD,CAN,7810
1888568,141,39,1314,2006.0,0.0,705595.0,-0.588006,-0.687707,MLI,CAN,7810
1888569,142,39,1314,2006.0,0.0,6393.0,1.5366819999999999,0.301101,MLT,CAN,7810
1888570,144,39,1314,2006.0,0.0,4546.0,0.057147,-0.145592,MNE,CAN,7810
1888571,149,39,1314,2006.0,0.0,1083.0,1.547316,0.364813,MSR,CAN,7810
1888572,151,39,1314,2006.0,0.0,17577.0,-0.214308,-0.140502,MUS,CAN,7810
1888573,152,39,1314,2006.0,0.0,17193.0,-0.822168,-0.8834860000000001,MWI,CAN,7810
1888574,153,39,1314,2006.0,13174.0,465680.0,0.9497270000000001,0.324179,MYS,CAN,7810
1888575,155,39,1314,2006.0,0.0,17138.0,-0.425389,-0.690279,NAM,CAN,7810
1888576,156,39,1314,2006.0,0.0,4353.0,-0.42703900000000006,-0.840608,NCL,CAN,7810
1888577,157,39,1314,2006.0,0.0,553530.0,-0.52447,-0.641225,NER,CAN,7810
1888578,159,39,1314,2006.0,0.0,10029366.0,-2.088278,-1.224464,NGA,CAN,7810
1888579,160,39,1314,2006.0,0.0,63971.0,-0.9416120000000001,-0.888491,NIC,CAN,7810
1888580,162,39,1314,2006.0,353288.0,6746192.0,1.115718,1.4743680000000001,NLD,CAN,7810
1888581,163,39,1314,2006.0,5438.0,1299178.0,0.621685,-0.280378,NOR,CAN,7810
1888582,166,39,1314,2006.0,144914.0,1214622.0,0.40442100000000003,0.821033,NZL,CAN,7810
1888583,167,39,1314,2006.0,0.0,52252.0,-0.871816,-1.184985,OMN,CAN,7810
1888584,168,39,1314,2006.0,0.0,231783.0,-0.500494,0.334983,PAK,CAN,7810
1888585,169,39,1314,2006.0,57712.0,672519.0,0.511845,0.7560560000000001,PAN,CAN,7810
1888586,173,39,1314,2006.0,13186.0,114739.0,-0.523516,-0.15574100000000002,PER,CAN,7810
1888587,174,39,1314,2006.0,0.0,102313.0,0.32715,-0.15929200000000002,PHL,CAN,7810
1888588,177,39,1314,2006.0,115046.0,4599995.0,1.0576860000000001,1.283664,POL,CAN,7810
1888589,178,39,1314,2006.0,0.0,65289.0,0.649384,1.069006,PRK,CAN,7810
1888590,179,39,1314,2006.0,1700858.0,2146357.0,0.695569,1.7476200000000002,PRT,CAN,7810
1888591,180,39,1314,2006.0,0.0,8233.0,-0.49234399999999995,-0.547616,PRY,CAN,7810
1888592,182,39,1314,2006.0,0.0,54941.0,-0.2789,-0.847551,PYF,CAN,7810
1888593,183,39,1314,2006.0,0.0,5371028.0,-0.467699,-1.062471,QAT,CAN,7810
1888594,185,39,1314,2006.0,0.0,2049283.0,0.733232,1.2149,ROU,CAN,7810
1888595,186,39,1314,2006.0,14248.0,24888770.0,0.311252,-0.093895,RUS,CAN,7810
1888596,187,39,1314,2006.0,0.0,12713.0,0.190864,-0.346779,RWA,CAN,7810
1888597,188,39,1314,2006.0,49593.0,6673931.0,-0.094152,-0.921106,SAU,CAN,7810
1888598,190,39,1314,2006.0,0.0,97761.0,-1.727355,-1.278714,SDN,CAN,7810
1888599,191,39,1314,2006.0,0.0,134530.0,-0.548758,-0.152572,SEN,CAN,7810
1888600,192,39,1314,2006.0,15986.0,122181.0,1.670134,0.43955600000000006,SGP,CAN,7810
1888601,197,39,1314,2006.0,23038.0,8026.0,-0.127317,0.189904,SLV,CAN,7810
1888602,200,39,1314,2006.0,0.0,289392.0,-0.053702,-0.754733,SPM,CAN,7810
1888603,201,39,1314,2006.0,47322.0,647086.0,0.581078,1.5831600000000001,SRB,CAN,7810
1888604,205,39,1314,2006.0,0.0,14993.0,-0.703184,-1.0310979999999998,SUR,CAN,7810
1888605,206,39,1314,2006.0,64718868.0,934323.0,1.3569950000000002,0.8663290000000001,SVK,CAN,7810
1888606,207,39,1314,2006.0,12951.0,734244.0,1.562187,0.612624,SVN,CAN,7810
1888607,208,39,1314,2006.0,180913712.0,4417546.0,1.921461,0.478688,SWE,CAN,7810
1888608,209,39,1314,2006.0,0.0,30874.0,0.8177369999999999,0.302106,SWZ,CAN,7810
1888609,211,39,1314,2006.0,0.0,55639.0,-0.45782,-0.822773,SYC,CAN,7810
1888610,212,39,1314,2006.0,0.0,117424.0,-0.49903100000000006,0.362867,SYR,CAN,7810
1888611,213,39,1314,2006.0,0.0,43373.0,0.445758,0.01026,TCA,CAN,7810
1888612,214,39,1314,2006.0,0.0,148398.0,-2.842809,-0.9798959999999999,TCD,CAN,7810
1888613,215,39,1314,2006.0,0.0,855392.0,-0.81795,-0.567823,TGO,CAN,7810
1888614,216,39,1314,2006.0,3001.0,83492.0,0.73283,1.419023,THA,CAN,7810
1888615,219,39,1314,2006.0,0.0,49083.0,-1.014047,-1.1895149999999999,TKM,CAN,7810
1888616,221,39,1314,2006.0,0.0,88174.0,-0.385793,-0.736392,TON,CAN,7810
1888617,222,39,1314,2006.0,20180.0,52050.0,-0.346992,-1.03502,TTO,CAN,7810
1888618,223,39,1314,2006.0,0.0,800912.0,0.140257,0.528918,TUN,CAN,7810
1888619,224,39,1314,2006.0,3868.0,1277169.0,0.41471,2.138217,TUR,CAN,7810
1888620,226,39,1314,2006.0,0.0,37025.0,-0.804761,0.6328729999999999,TZA,CAN,7810
1888621,227,39,1314,2006.0,0.0,40288.0,-0.789284,-0.161216,UGA,CAN,7810
1888622,228,39,1314,2006.0,2071.0,2813120.0,0.598325,1.225485,UKR,CAN,7810
1888623,229,39,1314,2006.0,3028.0,0.0,-0.389793,-0.8208120000000001,UMI,CAN,7810
1888624,230,39,1314,2006.0,0.0,15333.0,0.047764999999999995,0.23831100000000002,URY,CAN,7810
1888625,231,39,1314,2006.0,13612900352.0,37090582528.0,1.616918,-0.429924,USA,CAN,7810
1888626,234,39,1314,2006.0,0.0,41115.0,-0.51151,-0.8950620000000001,VCT,CAN,7810
1888627,236,39,1314,2006.0,0.0,10097965.0,-0.5559649999999999,-0.9988299999999999,VEN,CAN,7810
1888628,239,39,1314,2006.0,36441.0,141049.0,-0.089404,0.986066,VNM,CAN,7810
1888629,240,39,1314,2006.0,0.0,3284.0,-0.960584,-0.971794,VUT,CAN,7810
1888630,241,39,1314,2006.0,0.0,4380.0,1.6795650000000002,-0.092971,WLF,CAN,7810
1888631,243,39,1314,2006.0,0.0,113716.0,-1.070559,-1.1655389999999999,YEM,CAN,7810
1888632,246,39,1314,2006.0,0.0,7888348.0,0.18317,1.675934,ZAF,CAN,7810
1888633,247,39,1314,2006.0,0.0,23867.0,-0.8819040000000001,-0.990542,ZMB,CAN,7810
1888634,248,39,1314,2006.0,0.0,23394.0,-0.354477,-0.273037,ZWE,CAN,7810
1888635,249,39,1314,2006.0,17383386.0,1235274.0,1.6683169999999998,1.230621,TWN,CAN,7810
1888636,1,41,1314,2006.0,0.0,7289.0,-0.906723,-0.6810039999999999,AFG,CHE,7810
1888637,2,41,1314,2006.0,0.0,1265199.0,-2.2010959999999997,-1.189215,AGO,CHE,7810
1888638,4,41,1314,2006.0,0.0,216378.0,-0.310731,-0.01222,ALB,CHE,7810
1888639,5,41,1314,2006.0,0.0,74845.0,0.986957,0.458078,AND,CHE,7810
1888640,7,41,1314,2006.0,1193177.0,5802550.0,-0.12063900000000001,-0.817929,ARE,CHE,7810
1888641,8,41,1314,2006.0,19247.0,90756.0,0.076917,1.06231,ARG,CHE,7810
1888642,9,41,1314,2006.0,0.0,53978.0,-0.044726999999999996,-0.486043,ARM,CHE,7810
1888643,13,41,1314,2006.0,0.0,2128.0,-0.49273500000000003,-0.92522,ATG,CHE,7810
1888644,14,41,1314,2006.0,88426.0,111550.0,-0.183265,0.564314,AUS,CHE,7810
1888645,15,41,1314,2006.0,87476328.0,8334284.0,1.772588,-0.008943000000000001,AUT,CHE,7810
1888646,16,41,1314,2006.0,0.0,41229.0,-0.949606,-1.099346,AZE,CHE,7810
1888647,17,41,1314,2006.0,0.0,33515.0,-0.139211,-0.558193,BDI,CHE,7810
1888648,18,41,1314,2006.0,415072864.0,2557865.0,1.234224,1.308065,BEL,CHE,7810
1888649,19,41,1314,2006.0,0.0,2698783.0,-1.093919,-0.9748319999999999,BEN,CHE,7810
1888650,21,41,1314,2006.0,0.0,41244.0,-0.81399,-0.972464,BFA,CHE,7810
1888651,22,41,1314,2006.0,18831.0,10389.0,-0.776517,-0.874408,BGD,CHE,7810
1888652,23,41,1314,2006.0,0.0,6697052.0,0.490234,1.581841,BGR,CHE,7810
1888653,24,41,1314,2006.0,32592.0,39335.0,-0.220239,-1.07936,BHR,CHE,7810
1888654,25,41,1314,2006.0,53524.0,112832.0,0.23525900000000002,-0.725657,BHS,CHE,7810
1888655,26,41,1314,2006.0,0.0,155332.0,0.543053,0.68971,BIH,CHE,7810
1888656,28,41,1314,2006.0,0.0,2197106.0,0.948306,0.702786,BLR,CHE,7810
1888657,31,41,1314,2006.0,0.0,15389.0,-0.9174540000000001,-0.8314729999999999,BOL,CHE,7810
1888658,32,41,1314,2006.0,5346194.0,103253.0,0.622959,1.413527,BRA,CHE,7810
1888659,33,41,1314,2006.0,0.0,17344.0,0.689051,0.416818,BRB,CHE,7810
1888660,35,41,1314,2006.0,0.0,1302.0,-0.041116,-0.547545,BTN,CHE,7810
1888661,37,41,1314,2006.0,0.0,8803.0,-0.958566,-1.202559,BWA,CHE,7810
1888662,39,41,1314,2006.0,3561672.0,1100105.0,0.806511,1.466573,CAN,CHE,7810
1888663,42,41,1314,2006.0,0.0,62006.0,-0.193151,-0.46637,CHL,CHE,7810
1888664,43,41,1314,2006.0,626268.0,276672.0,0.842242,1.7392740000000002,CHN,CHE,7810
1888665,44,41,1314,2006.0,0.0,315476.0,-0.9293,-0.853074,CIV,CHE,7810
1888666,45,41,1314,2006.0,0.0,608373.0,-1.570753,-1.22499,CMR,CHE,7810
1888667,46,41,1314,2006.0,0.0,241393.0,-1.334582,-1.119781,COD,CHE,7810
1888668,47,41,1314,2006.0,0.0,269057.0,-1.8919540000000001,-1.272166,COG,CHE,7810
1888669,49,41,1314,2006.0,0.0,58972.0,0.162228,0.550616,COL,CHE,7810
1888670,51,41,1314,2006.0,0.0,33585.0,0.402348,-0.355768,CPV,CHE,7810
1888671,52,41,1314,2006.0,0.0,56790.0,0.07128999999999999,-0.24274400000000002,CRI,CHE,7810
1888672,58,41,1314,2006.0,0.0,29771.0,0.728916,0.023954,CYP,CHE,7810
1888673,59,41,1314,2006.0,169604304.0,8478634.0,1.6478549999999998,0.095131,CZE,CHE,7810
1888674,61,41,1314,2006.0,2578597376.0,47477440.0,2.135679,-2.933329,DEU,CHE,7810
1888675,62,41,1314,2006.0,0.0,14034.0,-0.360761,-0.261373,DJI,CHE,7810
1888676,64,41,1314,2006.0,13295510.0,1012833.0,1.25209,1.133206,DNK,CHE,7810
1888677,65,41,1314,2006.0,0.0,44451.0,0.044542,0.178998,DOM,CHE,7810
1888678,66,41,1314,2006.0,0.0,239764.0,-1.079717,-1.153102,DZA,CHE,7810
1888679,67,41,1314,2006.0,0.0,25732.0,-0.9617209999999999,-0.936366,ECU,CHE,7810
1888680,68,41,1314,2006.0,2224.0,712552.0,-0.305058,0.294265,EGY,CHE,7810
1888681,71,41,1314,2006.0,306988064.0,4667656.0,0.9909459999999999,1.785809,ESP,CHE,7810
1888682,72,41,1314,2006.0,354300.0,1318849.0,0.737979,1.1881950000000001,EST,CHE,7810
1888683,73,41,1314,2006.0,0.0,149979.0,-1.129189,-0.953627,ETH,CHE,7810
1888684,74,41,1314,2006.0,2028159.0,1164060.0,1.8630220000000002,0.87172,FIN,CHE,7810
1888685,77,41,1314,2006.0,459736672.0,16190230.0,1.499686,0.16705699999999998,FRA,CHE,7810
1888686,80,41,1314,2006.0,0.0,240715.0,-1.2162620000000002,-1.141485,GAB,CHE,7810
1888687,81,41,1314,2006.0,275554272.0,5402946.0,1.8509779999999998,0.674074,GBR,CHE,7810
1888688,82,41,1314,2006.0,0.0,142530.0,-0.152929,-0.438435,GEO,CHE,7810
1888689,83,41,1314,2006.0,6277.0,359341.0,-0.9211739999999999,-0.738322,GHA,CHE,7810
1888690,84,41,1314,2006.0,212206.0,0.0,0.519846,-0.43742600000000004,GIB,CHE,7810
1888691,85,41,1314,2006.0,0.0,516205.0,-1.526825,-1.191811,GIN,CHE,7810
1888692,87,41,1314,2006.0,0.0,231156.0,-0.234454,-0.43427899999999997,GMB,CHE,7810
1888693,89,41,1314,2006.0,0.0,30957.0,-2.448721,-0.949732,GNQ,CHE,7810
1888694,90,41,1314,2006.0,0.0,454310.0,0.183748,1.582167,GRC,CHE,7810
1888695,93,41,1314,2006.0,12902.0,12673.0,-0.179628,0.671552,GTM,CHE,7810
1888696,97,41,1314,2006.0,0.0,287725.0,0.63347,1.276634,HKG,CHE,7810
1888697,99,41,1314,2006.0,0.0,4895.0,-0.520217,-0.41097399999999995,HND,CHE,7810
1888698,100,41,1314,2006.0,42363.0,513775.0,0.866511,1.217552,HRV,CHE,7810
1888699,101,41,1314,2006.0,0.0,4030.0,-0.8555889999999999,-1.017282,HTI,CHE,7810
1888700,102,41,1314,2006.0,43713524.0,379267.0,1.469539,0.8546090000000001,HUN,CHE,7810
1888701,104,41,1314,2006.0,905697.0,0.0,0.202078,2.594677,IND,CHE,7810
1888702,106,41,1314,2006.0,96166.0,98531.0,1.501322,0.161375,IRL,CHE,7810
1888703,107,41,1314,2006.0,0.0,46093.0,-0.755814,-0.9279059999999999,IRN,CHE,7810
1888704,108,41,1314,2006.0,0.0,41064.0,-2.3271330000000003,-0.992934,IRQ,CHE,7810
1888705,109,41,1314,2006.0,0.0,20610.0,0.06816699999999999,-0.36412,ISL,CHE,7810
1888706,110,41,1314,2006.0,83091.0,67221.0,1.286738,0.8783610000000001,ISR,CHE,7810
1888707,111,41,1314,2006.0,292999040.0,12928494.0,1.416017,0.161859,ITA,CHE,7810
1888708,112,41,1314,2006.0,0.0,6312.0,-0.280417,-0.9436829999999999,JAM,CHE,7810
1888709,113,41,1314,2006.0,0.0,83092.0,0.31143899999999997,0.428361,JOR,CHE,7810
1888710,114,41,1314,2006.0,512101216.0,789721.0,2.442213,-0.046222000000000006,JPN,CHE,7810
1888711,115,41,1314,2006.0,0.0,873285.0,-0.18694000000000002,-0.468758,KAZ,CHE,7810
1888712,116,41,1314,2006.0,26774.0,25753.0,-0.402762,0.89869,KEN,CHE,7810
1888713,117,41,1314,2006.0,0.0,4413.0,-0.091973,0.331995,KGZ,CHE,7810
1888714,121,41,1314,2006.0,226543792.0,266045.0,1.588589,0.799507,KOR,CHE,7810
1888715,122,41,1314,2006.0,287376.0,230227.0,-1.506818,-1.193717,KWT,CHE,7810
1888716,124,41,1314,2006.0,9842.0,3864782.0,0.450113,1.7365119999999998,LBN,CHE,7810
1888717,125,41,1314,2006.0,0.0,432371.0,-1.0431270000000001,-1.1084829999999999,LBR,CHE,7810
1888718,126,41,1314,2006.0,0.0,14087254.0,-0.7543529999999999,-1.123674,LBY,CHE,7810
1888719,128,41,1314,2006.0,0.0,12314.0,-0.37725,0.245153,LKA,CHE,7810
1888720,129,41,1314,2006.0,0.0,47899.0,-0.366838,-0.889863,LSO,CHE,7810
1888721,130,41,1314,2006.0,40670.0,24913222.0,0.553669,1.252767,LTU,CHE,7810
1888722,131,41,1314,2006.0,567960.0,773961.0,1.285123,0.999081,LUX,CHE,7810
1888723,132,41,1314,2006.0,0.0,4854126.0,0.548453,1.027836,LVA,CHE,7810
1888724,134,41,1314,2006.0,6335.0,153074.0,-0.41821499999999995,0.175231,MAR,CHE,7810
1888725,135,41,1314,2006.0,0.0,30377.0,0.043632,0.21129299999999998,MDA,CHE,7810
1888726,136,41,1314,2006.0,2956.0,17015.0,-0.772571,-0.521647,MDG,CHE,7810
1888727,138,41,1314,2006.0,4870247.0,18425.0,1.2996729999999999,0.655941,MEX,CHE,7810
1888728,140,41,1314,2006.0,0.0,74696.0,-0.098526,0.423279,MKD,CHE,7810
1888729,141,41,1314,2006.0,0.0,64109.0,-0.588006,-0.687707,MLI,CHE,7810
1888730,144,41,1314,2006.0,0.0,24530.0,0.057147,-0.145592,MNE,CHE,7810
1888731,147,41,1314,2006.0,0.0,12625.0,-1.199074,-1.031059,MOZ,CHE,7810
1888732,153,41,1314,2006.0,0.0,52794.0,0.9497270000000001,0.324179,MYS,CHE,7810
1888733,155,41,1314,2006.0,0.0,33327.0,-0.425389,-0.690279,NAM,CHE,7810
1888734,157,41,1314,2006.0,0.0,13810357.0,-0.52447,-0.641225,NER,CHE,7810
1888735,159,41,1314,2006.0,0.0,1144206.0,-2.088278,-1.224464,NGA,CHE,7810
1888736,160,41,1314,2006.0,0.0,27161.0,-0.9416120000000001,-0.888491,NIC,CHE,7810
1888737,162,41,1314,2006.0,36285796.0,8894428.0,1.115718,1.4743680000000001,NLD,CHE,7810
1888738,163,41,1314,2006.0,375430.0,4108500.0,0.621685,-0.280378,NOR,CHE,7810
1888739,166,41,1314,2006.0,23762.0,45280.0,0.40442100000000003,0.821033,NZL,CHE,7810
1888740,167,41,1314,2006.0,11575.0,12989.0,-0.871816,-1.184985,OMN,CHE,7810
1888741,168,41,1314,2006.0,0.0,35149.0,-0.500494,0.334983,PAK,CHE,7810
1888742,169,41,1314,2006.0,0.0,17561.0,0.511845,0.7560560000000001,PAN,CHE,7810
1888743,173,41,1314,2006.0,0.0,39185.0,-0.523516,-0.15574100000000002,PER,CHE,7810
1888744,174,41,1314,2006.0,0.0,52300.0,0.32715,-0.15929200000000002,PHL,CHE,7810
1888745,177,41,1314,2006.0,59957880.0,12084479.0,1.0576860000000001,1.283664,POL,CHE,7810
1888746,179,41,1314,2006.0,3396168.0,6691958.0,0.695569,1.7476200000000002,PRT,CHE,7810
1888747,180,41,1314,2006.0,0.0,3554.0,-0.49234399999999995,-0.547616,PRY,CHE,7810
1888748,183,41,1314,2006.0,114907.0,526836.0,-0.467699,-1.062471,QAT,CHE,7810
1888749,185,41,1314,2006.0,2143350.0,2427209.0,0.733232,1.2149,ROU,CHE,7810
1888750,186,41,1314,2006.0,581846.0,7339362.0,0.311252,-0.093895,RUS,CHE,7810
1888751,187,41,1314,2006.0,0.0,11583.0,0.190864,-0.346779,RWA,CHE,7810
1888752,188,41,1314,2006.0,306611.0,512467.0,-0.094152,-0.921106,SAU,CHE,7810
1888753,190,41,1314,2006.0,0.0,9058.0,-1.727355,-1.278714,SDN,CHE,7810
1888754,191,41,1314,2006.0,17362.0,132842.0,-0.548758,-0.152572,SEN,CHE,7810
1888755,192,41,1314,2006.0,564508.0,0.0,1.670134,0.43955600000000006,SGP,CHE,7810
1888756,196,41,1314,2006.0,0.0,53155.0,0.23031999999999997,-0.114212,SLE,CHE,7810
1888757,197,41,1314,2006.0,0.0,17697.0,-0.127317,0.189904,SLV,CHE,7810
1888758,201,41,1314,2006.0,24102.0,1394036.0,0.581078,1.5831600000000001,SRB,CHE,7810
1888759,206,41,1314,2006.0,96791672.0,1458298.0,1.3569950000000002,0.8663290000000001,SVK,CHE,7810
1888760,207,41,1314,2006.0,7402580.0,376896.0,1.562187,0.612624,SVN,CHE,7810
1888761,208,41,1314,2006.0,131400344.0,1202884.0,1.921461,0.478688,SWE,CHE,7810
1888762,211,41,1314,2006.0,0.0,5308.0,-0.45782,-0.822773,SYC,CHE,7810
1888763,212,41,1314,2006.0,0.0,113256.0,-0.49903100000000006,0.362867,SYR,CHE,7810
1888764,215,41,1314,2006.0,0.0,7795530.0,-0.81795,-0.567823,TGO,CHE,7810
1888765,216,41,1314,2006.0,74626.0,14054.0,0.73283,1.419023,THA,CHE,7810
1888766,219,41,1314,2006.0,0.0,250247.0,-1.014047,-1.1895149999999999,TKM,CHE,7810
1888767,222,41,1314,2006.0,0.0,31064.0,-0.346992,-1.03502,TTO,CHE,7810
1888768,223,41,1314,2006.0,27543.0,1464672.0,0.140257,0.528918,TUN,CHE,7810
1888769,224,41,1314,2006.0,48066148.0,216178.0,0.41471,2.138217,TUR,CHE,7810
1888770,226,41,1314,2006.0,0.0,15261.0,-0.804761,0.6328729999999999,TZA,CHE,7810
1888771,227,41,1314,2006.0,0.0,1639.0,-0.789284,-0.161216,UGA,CHE,7810
1888772,228,41,1314,2006.0,16020.0,181731.0,0.598325,1.225485,UKR,CHE,7810
1888773,230,41,1314,2006.0,0.0,41148.0,0.047764999999999995,0.23831100000000002,URY,CHE,7810
1888774,231,41,1314,2006.0,73588216.0,829793.0,1.616918,-0.429924,USA,CHE,7810
1888775,233,41,1314,2006.0,1458.0,0.0,1.070448,-0.184855,VAT,CHE,7810
1888776,236,41,1314,2006.0,0.0,25969.0,-0.5559649999999999,-0.9988299999999999,VEN,CHE,7810
1888777,239,41,1314,2006.0,25057.0,10328.0,-0.089404,0.986066,VNM,CHE,7810
1888778,243,41,1314,2006.0,0.0,1536.0,-1.070559,-1.1655389999999999,YEM,CHE,7810
1888779,246,41,1314,2006.0,528063.0,222573.0,0.18317,1.675934,ZAF,CHE,7810
1888780,247,41,1314,2006.0,0.0,13647.0,-0.8819040000000001,-0.990542,ZMB,CHE,7810
1888781,249,41,1314,2006.0,1156906.0,0.0,1.6683169999999998,1.230621,TWN,CHE,7810
1888782,7,42,1314,2006.0,0.0,51651.0,-0.12063900000000001,-0.817929,ARE,CHL,7810
1888783,8,42,1314,2006.0,112150008.0,158335.0,0.076917,1.06231,ARG,CHL,7810
1888784,12,42,1314,2006.0,0.0,11177.0,1.046527,-0.521183,ATF,CHL,7810
1888785,14,42,1314,2006.0,0.0,7600.0,-0.183265,0.564314,AUS,CHL,7810
1888786,15,42,1314,2006.0,6418582.0,0.0,1.772588,-0.008943000000000001,AUT,CHL,7810
1888787,18,42,1314,2006.0,8947200.0,0.0,1.234224,1.308065,BEL,CHL,7810
1888788,31,42,1314,2006.0,0.0,162945648.0,-0.9174540000000001,-0.8314729999999999,BOL,CHL,7810
1888789,32,42,1314,2006.0,112231160.0,22143.0,0.622959,1.413527,BRA,CHL,7810
1888790,39,42,1314,2006.0,812466.0,0.0,0.806511,1.466573,CAN,CHL,7810
1888791,41,42,1314,2006.0,62006.0,0.0,2.038668,0.46319,CHE,CHL,7810
1888792,43,42,1314,2006.0,13311406.0,0.0,0.842242,1.7392740000000002,CHN,CHL,7810
1888793,49,42,1314,2006.0,0.0,27715.0,0.162228,0.550616,COL,CHL,7810
1888794,59,42,1314,2006.0,525700.0,0.0,1.6478549999999998,0.095131,CZE,CHL,7810
1888795,61,42,1314,2006.0,83326272.0,52153.0,2.135679,-2.933329,DEU,CHL,7810
1888796,64,42,1314,2006.0,6807.0,0.0,1.25209,1.133206,DNK,CHL,7810
1888797,67,42,1314,2006.0,0.0,820647.0,-0.9617209999999999,-0.936366,ECU,CHL,7810
1888798,71,42,1314,2006.0,18438492.0,277066.0,0.9909459999999999,1.785809,ESP,CHL,7810
1888799,74,42,1314,2006.0,72313.0,0.0,1.8630220000000002,0.87172,FIN,CHL,7810
1888800,77,42,1314,2006.0,32520956.0,107283.0,1.499686,0.16705699999999998,FRA,CHL,7810
1888801,81,42,1314,2006.0,9543255.0,14841.0,1.8509779999999998,0.674074,GBR,CHL,7810
1888802,93,42,1314,2006.0,0.0,666384.0,-0.179628,0.671552,GTM,CHL,7810
1888803,99,42,1314,2006.0,2175.0,127630.0,-0.520217,-0.41097399999999995,HND,CHL,7810
1888804,100,42,1314,2006.0,22353.0,0.0,0.866511,1.217552,HRV,CHL,7810
1888805,103,42,1314,2006.0,6036200.0,0.0,0.0036969999999999998,1.703498,IDN,CHL,7810
1888806,104,42,1314,2006.0,12850609.0,0.0,0.202078,2.594677,IND,CHL,7810
1888807,111,42,1314,2006.0,6278542.0,68165.0,1.416017,0.161859,ITA,CHL,7810
1888808,114,42,1314,2006.0,500765728.0,0.0,2.442213,-0.046222000000000006,JPN,CHL,7810
1888809,118,42,1314,2006.0,0.0,2949.0,-0.841936,-1.038648,KHM,CHL,7810
1888810,121,42,1314,2006.0,366699168.0,0.0,1.588589,0.799507,KOR,CHL,7810
1888811,124,42,1314,2006.0,0.0,4664.0,0.450113,1.7365119999999998,LBN,CHL,7810
1888812,138,42,1314,2006.0,59742704.0,0.0,1.2996729999999999,0.655941,MEX,CHL,7810
1888813,155,42,1314,2006.0,0.0,106561.0,-0.425389,-0.690279,NAM,CHL,7810
1888814,160,42,1314,2006.0,0.0,24501.0,-0.9416120000000001,-0.888491,NIC,CHL,7810
1888815,162,42,1314,2006.0,41358.0,52975.0,1.115718,1.4743680000000001,NLD,CHL,7810
1888816,163,42,1314,2006.0,1826.0,22671.0,0.621685,-0.280378,NOR,CHL,7810
1888817,169,42,1314,2006.0,1827.0,4129.0,0.511845,0.7560560000000001,PAN,CHL,7810
1888818,173,42,1314,2006.0,79463.0,43590916.0,-0.523516,-0.15574100000000002,PER,CHL,7810
1888819,177,42,1314,2006.0,255620.0,0.0,1.0576860000000001,1.283664,POL,CHL,7810
1888820,179,42,1314,2006.0,8317.0,12816.0,0.695569,1.7476200000000002,PRT,CHL,7810
1888821,180,42,1314,2006.0,0.0,25176672.0,-0.49234399999999995,-0.547616,PRY,CHL,7810
1888822,206,42,1314,2006.0,1472167.0,0.0,1.3569950000000002,0.8663290000000001,SVK,CHL,7810
1888823,208,42,1314,2006.0,5402006.0,0.0,1.921461,0.478688,SWE,CHL,7810
1888824,216,42,1314,2006.0,85603.0,0.0,0.73283,1.419023,THA,CHL,7810
1888825,223,42,1314,2006.0,0.0,2388.0,0.140257,0.528918,TUN,CHL,7810
1888826,224,42,1314,2006.0,1713574.0,0.0,0.41471,2.138217,TUR,CHL,7810
1888827,230,42,1314,2006.0,0.0,165612.0,0.047764999999999995,0.23831100000000002,URY,CHL,7810
1888828,231,42,1314,2006.0,125069472.0,42462.0,1.616918,-0.429924,USA,CHL,7810
1888829,236,42,1314,2006.0,0.0,671943.0,-0.5559649999999999,-0.9988299999999999,VEN,CHL,7810
1888830,246,42,1314,2006.0,0.0,77620.0,0.18317,1.675934,ZAF,CHL,7810
1888831,249,42,1314,2006.0,154340.0,0.0,1.6683169999999998,1.230621,TWN,CHL,7810
1888832,250,42,1314,2006.0,41037.0,9997.0,0.202525,-0.46324499999999996,ANS,CHL,7810
1888833,1,43,1314,2006.0,0.0,827647.0,-0.906723,-0.6810039999999999,AFG,CHN,7810
1888834,2,43,1314,2006.0,0.0,42251236.0,-2.2010959999999997,-1.189215,AGO,CHN,7810
1888835,3,43,1314,2006.0,0.0,16902.0,1.2846959999999998,-0.19459100000000001,AIA,CHN,7810
1888836,4,43,1314,2006.0,10935.0,1026084.0,-0.310731,-0.01222,ALB,CHN,7810
1888837,6,43,1314,2006.0,0.0,175101.0,0.0063100000000000005,-0.61161,ANT,CHN,7810
1888838,7,43,1314,2006.0,0.0,12294611.0,-0.12063900000000001,-0.817929,ARE,CHN,7810
1888839,8,43,1314,2006.0,31274.0,16078468.0,0.076917,1.06231,ARG,CHN,7810
1888840,9,43,1314,2006.0,140646.0,818398.0,-0.044726999999999996,-0.486043,ARM,CHN,7810
1888841,13,43,1314,2006.0,0.0,100014.0,-0.49273500000000003,-0.92522,ATG,CHN,7810
1888842,14,43,1314,2006.0,716211.0,21631586.0,-0.183265,0.564314,AUS,CHN,7810
1888843,15,43,1314,2006.0,69618960.0,8765907.0,1.772588,-0.008943000000000001,AUT,CHN,7810
1888844,16,43,1314,2006.0,0.0,2012014.0,-0.949606,-1.099346,AZE,CHN,7810
1888845,17,43,1314,2006.0,71966.0,117191.0,-0.139211,-0.558193,BDI,CHN,7810
1888846,18,43,1314,2006.0,13183249.0,173132128.0,1.234224,1.308065,BEL,CHN,7810
1888847,19,43,1314,2006.0,15333.0,145643.0,-1.093919,-0.9748319999999999,BEN,CHN,7810
1888848,21,43,1314,2006.0,0.0,472686.0,-0.81399,-0.972464,BFA,CHN,7810
1888849,22,43,1314,2006.0,0.0,908403.0,-0.776517,-0.874408,BGD,CHN,7810
1888850,23,43,1314,2006.0,0.0,734231.0,0.490234,1.581841,BGR,CHN,7810
1888851,24,43,1314,2006.0,1999355.0,223281.0,-0.220239,-1.07936,BHR,CHN,7810
1888852,25,43,1314,2006.0,0.0,496645.0,0.23525900000000002,-0.725657,BHS,CHN,7810
1888853,26,43,1314,2006.0,23030.0,15883.0,0.543053,0.68971,BIH,CHN,7810
1888854,28,43,1314,2006.0,0.0,538317.0,0.948306,0.702786,BLR,CHN,7810
1888855,29,43,1314,2006.0,0.0,12495.0,-0.275783,-0.6653439999999999,BLZ,CHN,7810
1888856,31,43,1314,2006.0,0.0,157791.0,-0.9174540000000001,-0.8314729999999999,BOL,CHN,7810
1888857,32,43,1314,2006.0,21998.0,693278.0,0.622959,1.413527,BRA,CHN,7810
1888858,33,43,1314,2006.0,0.0,9309.0,0.689051,0.416818,BRB,CHN,7810
1888859,34,43,1314,2006.0,182860.0,183002.0,-0.933665,-0.929327,BRN,CHN,7810
1888860,37,43,1314,2006.0,0.0,97351.0,-0.958566,-1.202559,BWA,CHN,7810
1888861,39,43,1314,2006.0,7957036.0,22889300.0,0.806511,1.466573,CAN,CHN,7810
1888862,41,43,1314,2006.0,276672.0,626268.0,2.038668,0.46319,CHE,CHN,7810
1888863,42,43,1314,2006.0,0.0,13311406.0,-0.193151,-0.46637,CHL,CHN,7810
1888864,44,43,1314,2006.0,34726.0,556661.0,-0.9293,-0.853074,CIV,CHN,7810
1888865,45,43,1314,2006.0,0.0,255863.0,-1.570753,-1.22499,CMR,CHN,7810
1888866,47,43,1314,2006.0,0.0,425963.0,-1.8919540000000001,-1.272166,COG,CHN,7810
1888867,49,43,1314,2006.0,87627.0,16979330.0,0.162228,0.550616,COL,CHN,7810
1888868,50,43,1314,2006.0,0.0,33486.0,0.007926,-0.792838,COM,CHN,7810
1888869,51,43,1314,2006.0,0.0,135753.0,0.402348,-0.355768,CPV,CHN,7810
1888870,52,43,1314,2006.0,0.0,2784399.0,0.07128999999999999,-0.24274400000000002,CRI,CHN,7810
1888871,54,43,1314,2006.0,0.0,5823864.0,0.207314,-0.473224,CUB,CHN,7810
1888872,57,43,1314,2006.0,0.0,147996.0,0.5082720000000001,-0.674142,CYM,CHN,7810
1888873,58,43,1314,2006.0,0.0,528209.0,0.728916,0.023954,CYP,CHN,7810
1888874,59,43,1314,2006.0,3821942.0,3437634.0,1.6478549999999998,0.095131,CZE,CHN,7810
1888875,61,43,1314,2006.0,2237441024.0,62965788.0,2.135679,-2.933329,DEU,CHN,7810
1888876,62,43,1314,2006.0,0.0,295073.0,-0.360761,-0.261373,DJI,CHN,7810
1888877,63,43,1314,2006.0,0.0,225080.0,0.203098,-0.09402999999999999,DMA,CHN,7810
1888878,64,43,1314,2006.0,214466.0,6298144.0,1.25209,1.133206,DNK,CHN,7810
1888879,65,43,1314,2006.0,0.0,1160037.0,0.044542,0.178998,DOM,CHN,7810
1888880,66,43,1314,2006.0,0.0,17885508.0,-1.079717,-1.153102,DZA,CHN,7810
1888881,67,43,1314,2006.0,0.0,3768817.0,-0.9617209999999999,-0.936366,ECU,CHN,7810
1888882,68,43,1314,2006.0,0.0,26136550.0,-0.305058,0.294265,EGY,CHN,7810
1888883,71,43,1314,2006.0,24891798.0,16811848.0,0.9909459999999999,1.785809,ESP,CHN,7810
1888884,72,43,1314,2006.0,29398.0,1107146.0,0.737979,1.1881950000000001,EST,CHN,7810
1888885,73,43,1314,2006.0,0.0,927308.0,-1.129189,-0.953627,ETH,CHN,7810
1888886,74,43,1314,2006.0,4383594.0,9199170.0,1.8630220000000002,0.87172,FIN,CHN,7810
1888887,75,43,1314,2006.0,0.0,21969.0,-0.527165,-0.17746900000000002,FJI,CHN,7810
1888888,77,43,1314,2006.0,40181092.0,29938110.0,1.499686,0.16705699999999998,FRA,CHN,7810
1888889,79,43,1314,2006.0,0.0,56686.0,-0.787116,-0.9517690000000001,FSM,CHN,7810
1888890,80,43,1314,2006.0,13388.0,345017.0,-1.2162620000000002,-1.141485,GAB,CHN,7810
1888891,81,43,1314,2006.0,181713232.0,13138822.0,1.8509779999999998,0.674074,GBR,CHN,7810
1888892,82,43,1314,2006.0,0.0,299478.0,-0.152929,-0.438435,GEO,CHN,7810
1888893,83,43,1314,2006.0,0.0,1200431.0,-0.9211739999999999,-0.738322,GHA,CHN,7810
1888894,85,43,1314,2006.0,0.0,342110.0,-1.526825,-1.191811,GIN,CHN,7810
1888895,87,43,1314,2006.0,0.0,36723.0,-0.234454,-0.43427899999999997,GMB,CHN,7810
1888896,89,43,1314,2006.0,0.0,109374.0,-2.448721,-0.949732,GNQ,CHN,7810
1888897,90,43,1314,2006.0,0.0,3211400.0,0.183748,1.582167,GRC,CHN,7810
1888898,93,43,1314,2006.0,0.0,2296560.0,-0.179628,0.671552,GTM,CHN,7810
1888899,96,43,1314,2006.0,0.0,28467.0,-0.637993,-0.880094,GUY,CHN,7810
1888900,97,43,1314,2006.0,583072640.0,3226214.0,0.63347,1.276634,HKG,CHN,7810
1888901,99,43,1314,2006.0,0.0,833743.0,-0.520217,-0.41097399999999995,HND,CHN,7810
1888902,100,43,1314,2006.0,39693.0,649751.0,0.866511,1.217552,HRV,CHN,7810
1888903,101,43,1314,2006.0,0.0,42822.0,-0.8555889999999999,-1.017282,HTI,CHN,7810
1888904,102,43,1314,2006.0,82066.0,2111096.0,1.469539,0.8546090000000001,HUN,CHN,7810
1888905,103,43,1314,2006.0,105144.0,1012226.0,0.0036969999999999998,1.703498,IDN,CHN,7810
1888906,104,43,1314,2006.0,201946.0,132127.0,0.202078,2.594677,IND,CHN,7810
1888907,106,43,1314,2006.0,0.0,2137176.0,1.501322,0.161375,IRL,CHN,7810
1888908,107,43,1314,2006.0,68059.0,1739347.0,-0.755814,-0.9279059999999999,IRN,CHN,7810
1888909,108,43,1314,2006.0,0.0,2541251.0,-2.3271330000000003,-0.992934,IRQ,CHN,7810
1888910,109,43,1314,2006.0,0.0,428681.0,0.06816699999999999,-0.36412,ISL,CHN,7810
1888911,110,43,1314,2006.0,14545.0,167746.0,1.286738,0.8783610000000001,ISR,CHN,7810
1888912,111,43,1314,2006.0,32150724.0,70971952.0,1.416017,0.161859,ITA,CHN,7810
1888913,112,43,1314,2006.0,0.0,537262.0,-0.280417,-0.9436829999999999,JAM,CHN,7810
1888914,113,43,1314,2006.0,8840.0,5163517.0,0.31143899999999997,0.428361,JOR,CHN,7810
1888915,114,43,1314,2006.0,1420779776.0,16336460.0,2.442213,-0.046222000000000006,JPN,CHN,7810
1888916,115,43,1314,2006.0,163128.0,5547634.0,-0.18694000000000002,-0.468758,KAZ,CHN,7810
1888917,116,43,1314,2006.0,0.0,170186.0,-0.402762,0.89869,KEN,CHN,7810
1888918,117,43,1314,2006.0,24250.0,225945.0,-0.091973,0.331995,KGZ,CHN,7810
1888919,118,43,1314,2006.0,321906.0,134890.0,-0.841936,-1.038648,KHM,CHN,7810
1888920,120,43,1314,2006.0,0.0,13247.0,1.3110979999999999,-0.061185,KNA,CHN,7810
1888921,121,43,1314,2006.0,575257856.0,3288602.0,1.588589,0.799507,KOR,CHN,7810
1888922,122,43,1314,2006.0,6057070.0,1859475.0,-1.506818,-1.193717,KWT,CHN,7810
1888923,123,43,1314,2006.0,0.0,197113.0,-0.8422700000000001,-1.000073,LAO,CHN,7810
1888924,124,43,1314,2006.0,0.0,1488715.0,0.450113,1.7365119999999998,LBN,CHN,7810
1888925,125,43,1314,2006.0,0.0,76012.0,-1.0431270000000001,-1.1084829999999999,LBR,CHN,7810
1888926,126,43,1314,2006.0,0.0,22739558.0,-0.7543529999999999,-1.123674,LBY,CHN,7810
1888927,128,43,1314,2006.0,0.0,4053814.0,-0.37725,0.245153,LKA,CHN,7810
1888928,129,43,1314,2006.0,0.0,12883.0,-0.366838,-0.889863,LSO,CHN,7810
1888929,130,43,1314,2006.0,4060.0,332831.0,0.553669,1.252767,LTU,CHN,7810
1888930,131,43,1314,2006.0,23297.0,364081.0,1.285123,0.999081,LUX,CHN,7810
1888931,132,43,1314,2006.0,0.0,1161134.0,0.548453,1.027836,LVA,CHN,7810
1888932,133,43,1314,2006.0,42120.0,671148.0,0.120923,-0.266158,MAC,CHN,7810
1888933,134,43,1314,2006.0,0.0,2431672.0,-0.41821499999999995,0.175231,MAR,CHN,7810
1888934,135,43,1314,2006.0,0.0,173399.0,0.043632,0.21129299999999998,MDA,CHN,7810
1888935,136,43,1314,2006.0,37040.0,331329.0,-0.772571,-0.521647,MDG,CHN,7810
1888936,137,43,1314,2006.0,0.0,467120.0,-0.21327600000000002,-0.8216959999999999,MDV,CHN,7810
1888937,138,43,1314,2006.0,34934768.0,6879394.0,1.2996729999999999,0.655941,MEX,CHN,7810
1888938,140,43,1314,2006.0,72661.0,83613.0,-0.098526,0.423279,MKD,CHN,7810
1888939,141,43,1314,2006.0,11385.0,206717.0,-0.588006,-0.687707,MLI,CHN,7810
1888940,142,43,1314,2006.0,0.0,622065.0,1.5366819999999999,0.301101,MLT,CHN,7810
1888941,143,43,1314,2006.0,0.0,660627.0,-1.203184,-1.081708,MMR,CHN,7810
1888942,144,43,1314,2006.0,0.0,344207.0,0.057147,-0.145592,MNE,CHN,7810
1888943,145,43,1314,2006.0,36769.0,596720.0,-0.806932,-1.01265,MNG,CHN,7810
1888944,147,43,1314,2006.0,0.0,221935.0,-1.199074,-1.031059,MOZ,CHN,7810
1888945,148,43,1314,2006.0,0.0,388784.0,-1.729545,-1.284734,MRT,CHN,7810
1888946,151,43,1314,2006.0,0.0,145296.0,-0.214308,-0.140502,MUS,CHN,7810
1888947,152,43,1314,2006.0,0.0,49703.0,-0.822168,-0.8834860000000001,MWI,CHN,7810
1888948,153,43,1314,2006.0,3640551.0,33936852.0,0.9497270000000001,0.324179,MYS,CHN,7810
1888949,154,43,1314,2006.0,0.0,5942.0,1.459222,0.528891,MYT,CHN,7810
1888950,155,43,1314,2006.0,0.0,130797.0,-0.425389,-0.690279,NAM,CHN,7810
1888951,156,43,1314,2006.0,0.0,270612.0,-0.42703900000000006,-0.840608,NCL,CHN,7810
1888952,157,43,1314,2006.0,0.0,5362.0,-0.52447,-0.641225,NER,CHN,7810
1888953,159,43,1314,2006.0,0.0,11568367.0,-2.088278,-1.224464,NGA,CHN,7810
1888954,160,43,1314,2006.0,0.0,468725.0,-0.9416120000000001,-0.888491,NIC,CHN,7810
1888955,162,43,1314,2006.0,5159846.0,15688773.0,1.115718,1.4743680000000001,NLD,CHN,7810
1888956,163,43,1314,2006.0,265577.0,4122073.0,0.621685,-0.280378,NOR,CHN,7810
1888957,164,43,1314,2006.0,0.0,131016.0,-0.0014349999999999999,0.804425,NPL,CHN,7810
1888958,166,43,1314,2006.0,27062.0,1895817.0,0.40442100000000003,0.821033,NZL,CHN,7810
1888959,167,43,1314,2006.0,0.0,604850.0,-0.871816,-1.184985,OMN,CHN,7810
1888960,168,43,1314,2006.0,0.0,5777850.0,-0.500494,0.334983,PAK,CHN,7810
1888961,169,43,1314,2006.0,0.0,2202584.0,0.511845,0.7560560000000001,PAN,CHN,7810
1888962,173,43,1314,2006.0,9785.0,1808324.0,-0.523516,-0.15574100000000002,PER,CHN,7810
1888963,174,43,1314,2006.0,83564.0,1138678.0,0.32715,-0.15929200000000002,PHL,CHN,7810
1888964,176,43,1314,2006.0,0.0,50077.0,-1.754684,-1.235725,PNG,CHN,7810
1888965,177,43,1314,2006.0,65171.0,2887721.0,1.0576860000000001,1.283664,POL,CHN,7810
1888966,178,43,1314,2006.0,0.0,9088052.0,0.649384,1.069006,PRK,CHN,7810
1888967,179,43,1314,2006.0,54780.0,2340509.0,0.695569,1.7476200000000002,PRT,CHN,7810
1888968,180,43,1314,2006.0,0.0,431079.0,-0.49234399999999995,-0.547616,PRY,CHN,7810
1888969,182,43,1314,2006.0,0.0,1095803.0,-0.2789,-0.847551,PYF,CHN,7810
1888970,183,43,1314,2006.0,435402.0,1468236.0,-0.467699,-1.062471,QAT,CHN,7810
1888971,185,43,1314,2006.0,8259.0,7997510.0,0.733232,1.2149,ROU,CHN,7810
1888972,186,43,1314,2006.0,861406.0,173970272.0,0.311252,-0.093895,RUS,CHN,7810
1888973,187,43,1314,2006.0,84166.0,24733.0,0.190864,-0.346779,RWA,CHN,7810
1888974,188,43,1314,2006.0,11872714.0,8194810.0,-0.094152,-0.921106,SAU,CHN,7810
1888975,190,43,1314,2006.0,202083.0,1120734.0,-1.727355,-1.278714,SDN,CHN,7810
1888976,191,43,1314,2006.0,0.0,2433282.0,-0.548758,-0.152572,SEN,CHN,7810
1888977,192,43,1314,2006.0,1049426.0,3007465.0,1.670134,0.43955600000000006,SGP,CHN,7810
1888978,195,43,1314,2006.0,0.0,3708.0,-1.1616959999999998,-1.026145,SLB,CHN,7810
1888979,196,43,1314,2006.0,0.0,124113.0,0.23031999999999997,-0.114212,SLE,CHN,7810
1888980,197,43,1314,2006.0,0.0,187354.0,-0.127317,0.189904,SLV,CHN,7810
1888981,201,43,1314,2006.0,96272.0,654128.0,0.581078,1.5831600000000001,SRB,CHN,7810
1888982,203,43,1314,2006.0,0.0,9102.0,1.061292,-0.052414999999999996,STP,CHN,7810
1888983,205,43,1314,2006.0,32104.0,92382.0,-0.703184,-1.0310979999999998,SUR,CHN,7810
1888984,206,43,1314,2006.0,166443296.0,976400.0,1.3569950000000002,0.8663290000000001,SVK,CHN,7810
1888985,207,43,1314,2006.0,0.0,1541432.0,1.562187,0.612624,SVN,CHN,7810
1888986,208,43,1314,2006.0,54656704.0,12083930.0,1.921461,0.478688,SWE,CHN,7810
1888987,211,43,1314,2006.0,0.0,42625.0,-0.45782,-0.822773,SYC,CHN,7810
1888988,212,43,1314,2006.0,0.0,54257760.0,-0.49903100000000006,0.362867,SYR,CHN,7810
1888989,215,43,1314,2006.0,0.0,259244.0,-0.81795,-0.567823,TGO,CHN,7810
1888990,216,43,1314,2006.0,10553705.0,2190614.0,0.73283,1.419023,THA,CHN,7810
1888991,217,43,1314,2006.0,0.0,7551557.0,-0.9646819999999999,-1.166964,TJK,CHN,7810
1888992,219,43,1314,2006.0,0.0,277528.0,-1.014047,-1.1895149999999999,TKM,CHN,7810
1888993,221,43,1314,2006.0,0.0,13594.0,-0.385793,-0.736392,TON,CHN,7810
1888994,222,43,1314,2006.0,0.0,15012.0,-0.346992,-1.03502,TTO,CHN,7810
1888995,223,43,1314,2006.0,0.0,135752.0,0.140257,0.528918,TUN,CHN,7810
1888996,224,43,1314,2006.0,23296742.0,3508671.0,0.41471,2.138217,TUR,CHN,7810
1888997,226,43,1314,2006.0,0.0,197747.0,-0.804761,0.6328729999999999,TZA,CHN,7810
1888998,227,43,1314,2006.0,0.0,80074.0,-0.789284,-0.161216,UGA,CHN,7810
1888999,228,43,1314,2006.0,0.0,50012096.0,0.598325,1.225485,UKR,CHN,7810
1889000,230,43,1314,2006.0,35612.0,1343188.0,0.047764999999999995,0.23831100000000002,URY,CHN,7810
1889001,231,43,1314,2006.0,569698048.0,203723744.0,1.616918,-0.429924,USA,CHN,7810
1889002,232,43,1314,2006.0,0.0,582151.0,-0.508594,-0.7682720000000001,UZB,CHN,7810
1889003,234,43,1314,2006.0,0.0,16730.0,-0.51151,-0.8950620000000001,VCT,CHN,7810
1889004,236,43,1314,2006.0,0.0,35409772.0,-0.5559649999999999,-0.9988299999999999,VEN,CHN,7810
1889005,237,43,1314,2006.0,0.0,684847.0,0.937218,0.16353,VGB,CHN,7810
1889006,239,43,1314,2006.0,47298.0,3641845.0,-0.089404,0.986066,VNM,CHN,7810
1889007,240,43,1314,2006.0,0.0,197249.0,-0.960584,-0.971794,VUT,CHN,7810
1889008,241,43,1314,2006.0,0.0,14866.0,1.6795650000000002,-0.092971,WLF,CHN,7810
1889009,242,43,1314,2006.0,0.0,20613.0,0.246788,-0.474416,WSM,CHN,7810
1889010,243,43,1314,2006.0,0.0,5577531.0,-1.070559,-1.1655389999999999,YEM,CHN,7810
1889011,246,43,1314,2006.0,0.0,32511350.0,0.18317,1.675934,ZAF,CHN,7810
1889012,247,43,1314,2006.0,0.0,542443.0,-0.8819040000000001,-0.990542,ZMB,CHN,7810
1889013,248,43,1314,2006.0,0.0,24100.0,-0.354477,-0.273037,ZWE,CHN,7810
1889014,249,43,1314,2006.0,1310562.0,364593.0,1.6683169999999998,1.230621,TWN,CHN,7810
1889015,250,43,1314,2006.0,0.0,480489.0,0.202525,-0.46324499999999996,ANS,CHN,7810
1889016,6,49,1314,2006.0,0.0,909338.0,0.0063100000000000005,-0.61161,ANT,COL,7810
1889017,7,49,1314,2006.0,0.0,6247.0,-0.12063900000000001,-0.817929,ARE,COL,7810
1889018,8,49,1314,2006.0,16675142.0,109579.0,0.076917,1.06231,ARG,COL,7810
1889019,15,49,1314,2006.0,3263593.0,0.0,1.772588,-0.008943000000000001,AUT,COL,7810
1889020,18,49,1314,2006.0,3519905.0,9322.0,1.234224,1.308065,BEL,COL,7810
1889021,32,49,1314,2006.0,64458036.0,10040.0,0.622959,1.413527,BRA,COL,7810
1889022,39,49,1314,2006.0,526415.0,0.0,0.806511,1.466573,CAN,COL,7810
1889023,41,49,1314,2006.0,58972.0,0.0,2.038668,0.46319,CHE,COL,7810
1889024,42,49,1314,2006.0,27715.0,0.0,-0.193151,-0.46637,CHL,COL,7810
1889025,43,49,1314,2006.0,16979330.0,87627.0,0.842242,1.7392740000000002,CHN,COL,7810
1889026,52,49,1314,2006.0,93049.0,19878.0,0.07128999999999999,-0.24274400000000002,CRI,COL,7810
1889027,59,49,1314,2006.0,3733945.0,0.0,1.6478549999999998,0.095131,CZE,COL,7810
1889028,61,49,1314,2006.0,48096664.0,41800.0,2.135679,-2.933329,DEU,COL,7810
1889029,65,49,1314,2006.0,3475.0,4411701.0,0.044542,0.178998,DOM,COL,7810
1889030,67,49,1314,2006.0,85763760.0,92543640.0,-0.9617209999999999,-0.936366,ECU,COL,7810
1889031,71,49,1314,2006.0,8601474.0,116364.0,0.9909459999999999,1.785809,ESP,COL,7810
1889032,77,49,1314,2006.0,7757472.0,34464.0,1.499686,0.16705699999999998,FRA,COL,7810
1889033,81,49,1314,2006.0,2531621.0,16557.0,1.8509779999999998,0.674074,GBR,COL,7810
1889034,83,49,1314,2006.0,0.0,96811.0,-0.9211739999999999,-0.738322,GHA,COL,7810
1889035,93,49,1314,2006.0,0.0,1726.0,-0.179628,0.671552,GTM,COL,7810
1889036,97,49,1314,2006.0,8021.0,0.0,0.63347,1.276634,HKG,COL,7810
1889037,99,49,1314,2006.0,0.0,22901.0,-0.520217,-0.41097399999999995,HND,COL,7810
1889038,101,49,1314,2006.0,0.0,54006.0,-0.8555889999999999,-1.017282,HTI,COL,7810
1889039,104,49,1314,2006.0,49581908.0,0.0,0.202078,2.594677,IND,COL,7810
1889040,111,49,1314,2006.0,65092.0,13431.0,1.416017,0.161859,ITA,COL,7810
1889041,114,49,1314,2006.0,199819568.0,6038.0,2.442213,-0.046222000000000006,JPN,COL,7810
1889042,116,49,1314,2006.0,0.0,6833.0,-0.402762,0.89869,KEN,COL,7810
1889043,121,49,1314,2006.0,380391104.0,0.0,1.588589,0.799507,KOR,COL,7810
1889044,138,49,1314,2006.0,66591164.0,48291.0,1.2996729999999999,0.655941,MEX,COL,7810
1889045,159,49,1314,2006.0,0.0,146270.0,-2.088278,-1.224464,NGA,COL,7810
1889046,162,49,1314,2006.0,106234.0,36338.0,1.115718,1.4743680000000001,NLD,COL,7810
1889047,169,49,1314,2006.0,1883924.0,41518.0,0.511845,0.7560560000000001,PAN,COL,7810
1889048,173,49,1314,2006.0,20166.0,14873.0,-0.523516,-0.15574100000000002,PER,COL,7810
1889049,179,49,1314,2006.0,5211.0,0.0,0.695569,1.7476200000000002,PRT,COL,7810
1889050,180,49,1314,2006.0,0.0,4796.0,-0.49234399999999995,-0.547616,PRY,COL,7810
1889051,185,49,1314,2006.0,748665.0,0.0,0.733232,1.2149,ROU,COL,7810
1889052,186,49,1314,2006.0,98528.0,0.0,0.311252,-0.093895,RUS,COL,7810
1889053,191,49,1314,2006.0,5983.0,0.0,-0.548758,-0.152572,SEN,COL,7810
1889054,197,49,1314,2006.0,0.0,139250.0,-0.127317,0.189904,SLV,COL,7810
1889055,205,49,1314,2006.0,13829.0,0.0,-0.703184,-1.0310979999999998,SUR,COL,7810
1889056,206,49,1314,2006.0,840826.0,0.0,1.3569950000000002,0.8663290000000001,SVK,COL,7810
1889057,208,49,1314,2006.0,221641.0,17132.0,1.921461,0.478688,SWE,COL,7810
1889058,216,49,1314,2006.0,2583180.0,0.0,0.73283,1.419023,THA,COL,7810
1889059,224,49,1314,2006.0,16953270.0,0.0,0.41471,2.138217,TUR,COL,7810
1889060,231,49,1314,2006.0,53735168.0,441331.0,1.616918,-0.429924,USA,COL,7810
1889061,236,49,1314,2006.0,104405296.0,433336576.0,-0.5559649999999999,-0.9988299999999999,VEN,COL,7810
1889062,239,49,1314,2006.0,0.0,6445.0,-0.089404,0.986066,VNM,COL,7810
1889063,246,49,1314,2006.0,4285.0,0.0,0.18317,1.675934,ZAF,COL,7810
1889064,249,49,1314,2006.0,383854.0,0.0,1.6683169999999998,1.230621,TWN,COL,7810
1889065,6,52,1314,2006.0,1727.0,0.0,0.0063100000000000005,-0.61161,ANT,CRI,7810
1889066,8,52,1314,2006.0,8643213.0,0.0,0.076917,1.06231,ARG,CRI,7810
1889067,14,52,1314,2006.0,54182.0,0.0,-0.183265,0.564314,AUS,CRI,7810
1889068,15,52,1314,2006.0,931138.0,19047.0,1.772588,-0.008943000000000001,AUT,CRI,7810
1889069,18,52,1314,2006.0,718599.0,0.0,1.234224,1.308065,BEL,CRI,7810
1889070,26,52,1314,2006.0,0.0,2641.0,0.543053,0.68971,BIH,CRI,7810
1889071,31,52,1314,2006.0,7018.0,0.0,-0.9174540000000001,-0.8314729999999999,BOL,CRI,7810
1889072,32,52,1314,2006.0,8449593.0,0.0,0.622959,1.413527,BRA,CRI,7810
1889073,39,52,1314,2006.0,1032526.0,0.0,0.806511,1.466573,CAN,CRI,7810
1889074,41,52,1314,2006.0,56790.0,0.0,2.038668,0.46319,CHE,CRI,7810
1889075,43,52,1314,2006.0,2784399.0,0.0,0.842242,1.7392740000000002,CHN,CRI,7810
1889076,49,52,1314,2006.0,19878.0,93049.0,0.162228,0.550616,COL,CRI,7810
1889077,57,52,1314,2006.0,109778.0,0.0,0.5082720000000001,-0.674142,CYM,CRI,7810
1889078,59,52,1314,2006.0,0.0,9970.0,1.6478549999999998,0.095131,CZE,CRI,7810
1889079,61,52,1314,2006.0,16654432.0,0.0,2.135679,-2.933329,DEU,CRI,7810
1889080,65,52,1314,2006.0,0.0,25908.0,0.044542,0.178998,DOM,CRI,7810
1889081,67,52,1314,2006.0,0.0,18756.0,-0.9617209999999999,-0.936366,ECU,CRI,7810
1889082,71,52,1314,2006.0,2237492.0,27347.0,0.9909459999999999,1.785809,ESP,CRI,7810
1889083,77,52,1314,2006.0,4989710.0,39932.0,1.499686,0.16705699999999998,FRA,CRI,7810
1889084,81,52,1314,2006.0,5791672.0,0.0,1.8509779999999998,0.674074,GBR,CRI,7810
1889085,93,52,1314,2006.0,363653.0,255351.0,-0.179628,0.671552,GTM,CRI,7810
1889086,97,52,1314,2006.0,17959.0,0.0,0.63347,1.276634,HKG,CRI,7810
1889087,99,52,1314,2006.0,77292.0,128791.0,-0.520217,-0.41097399999999995,HND,CRI,7810
1889088,103,52,1314,2006.0,1016230.0,0.0,0.0036969999999999998,1.703498,IDN,CRI,7810
1889089,104,52,1314,2006.0,685257.0,0.0,0.202078,2.594677,IND,CRI,7810
1889090,105,52,1314,2006.0,934056.0,0.0,1.252631,0.188665,IOT,CRI,7810
1889091,111,52,1314,2006.0,1250819.0,42505.0,1.416017,0.161859,ITA,CRI,7810
1889092,114,52,1314,2006.0,90186608.0,0.0,2.442213,-0.046222000000000006,JPN,CRI,7810
1889093,121,52,1314,2006.0,40394876.0,0.0,1.588589,0.799507,KOR,CRI,7810
1889094,138,52,1314,2006.0,4501552.0,0.0,1.2996729999999999,0.655941,MEX,CRI,7810
1889095,153,52,1314,2006.0,26488.0,0.0,0.9497270000000001,0.324179,MYS,CRI,7810
1889096,160,52,1314,2006.0,77616.0,7282.0,-0.9416120000000001,-0.888491,NIC,CRI,7810
1889097,162,52,1314,2006.0,1228836.0,0.0,1.115718,1.4743680000000001,NLD,CRI,7810
1889098,169,52,1314,2006.0,3049002.0,198398.0,0.511845,0.7560560000000001,PAN,CRI,7810
1889099,173,52,1314,2006.0,16682.0,0.0,-0.523516,-0.15574100000000002,PER,CRI,7810
1889100,174,52,1314,2006.0,5081.0,0.0,0.32715,-0.15929200000000002,PHL,CRI,7810
1889101,178,52,1314,2006.0,131740.0,0.0,0.649384,1.069006,PRK,CRI,7810
1889102,186,52,1314,2006.0,3637.0,0.0,0.311252,-0.093895,RUS,CRI,7810
1889103,188,52,1314,2006.0,0.0,5500.0,-0.094152,-0.921106,SAU,CRI,7810
1889104,197,52,1314,2006.0,36411.0,23052.0,-0.127317,0.189904,SLV,CRI,7810
1889105,206,52,1314,2006.0,119311.0,0.0,1.3569950000000002,0.8663290000000001,SVK,CRI,7810
1889106,208,52,1314,2006.0,1336304.0,0.0,1.921461,0.478688,SWE,CRI,7810
1889107,216,52,1314,2006.0,154832.0,0.0,0.73283,1.419023,THA,CRI,7810
1889108,224,52,1314,2006.0,1117166.0,0.0,0.41471,2.138217,TUR,CRI,7810
1889109,231,52,1314,2006.0,49980276.0,20875.0,1.616918,-0.429924,USA,CRI,7810
1889110,236,52,1314,2006.0,0.0,15892.0,-0.5559649999999999,-0.9988299999999999,VEN,CRI,7810
1889111,249,52,1314,2006.0,279670.0,0.0,1.6683169999999998,1.230621,TWN,CRI,7810
1889112,250,52,1314,2006.0,94479.0,0.0,0.202525,-0.46324499999999996,ANS,CRI,7810
1889113,1,59,1314,2006.0,18975.0,1445438.0,-0.906723,-0.6810039999999999,AFG,CZE,7810
1889114,2,59,1314,2006.0,0.0,9317.0,-2.2010959999999997,-1.189215,AGO,CZE,7810
1889115,4,59,1314,2006.0,0.0,284356.0,-0.310731,-0.01222,ALB,CZE,7810
1889116,5,59,1314,2006.0,0.0,694207.0,0.986957,0.458078,AND,CZE,7810
1889117,6,59,1314,2006.0,0.0,158087.0,0.0063100000000000005,-0.61161,ANT,CZE,7810
1889118,7,59,1314,2006.0,0.0,3441760.0,-0.12063900000000001,-0.817929,ARE,CZE,7810
1889119,8,59,1314,2006.0,12150.0,18451.0,0.076917,1.06231,ARG,CZE,7810
1889120,9,59,1314,2006.0,9157.0,1121680.0,-0.044726999999999996,-0.486043,ARM,CZE,7810
1889121,14,59,1314,2006.0,0.0,10385155.0,-0.183265,0.564314,AUS,CZE,7810
1889122,15,59,1314,2006.0,60221152.0,262800288.0,1.772588,-0.008943000000000001,AUT,CZE,7810
1889123,16,59,1314,2006.0,0.0,158592.0,-0.949606,-1.099346,AZE,CZE,7810
1889124,18,59,1314,2006.0,192652720.0,393817312.0,1.234224,1.308065,BEL,CZE,7810
1889125,19,59,1314,2006.0,0.0,3252.0,-1.093919,-0.9748319999999999,BEN,CZE,7810
1889126,23,59,1314,2006.0,56390.0,42279404.0,0.490234,1.581841,BGR,CZE,7810
1889127,24,59,1314,2006.0,31648.0,1572463.0,-0.220239,-1.07936,BHR,CZE,7810
1889128,26,59,1314,2006.0,32407.0,3385036.0,0.543053,0.68971,BIH,CZE,7810
1889129,28,59,1314,2006.0,0.0,2603536.0,0.948306,0.702786,BLR,CZE,7810
1889130,32,59,1314,2006.0,495475.0,6964984.0,0.622959,1.413527,BRA,CZE,7810
1889131,33,59,1314,2006.0,0.0,14537.0,0.689051,0.416818,BRB,CZE,7810
1889132,39,59,1314,2006.0,1007981.0,60823.0,0.806511,1.466573,CAN,CZE,7810
1889133,41,59,1314,2006.0,8478634.0,169604304.0,2.038668,0.46319,CHE,CZE,7810
1889134,42,59,1314,2006.0,0.0,525700.0,-0.193151,-0.46637,CHL,CZE,7810
1889135,43,59,1314,2006.0,3437634.0,3821942.0,0.842242,1.7392740000000002,CHN,CZE,7810
1889136,44,59,1314,2006.0,0.0,118430.0,-0.9293,-0.853074,CIV,CZE,7810
1889137,47,59,1314,2006.0,0.0,120388.0,-1.8919540000000001,-1.272166,COG,CZE,7810
1889138,49,59,1314,2006.0,0.0,3733945.0,0.162228,0.550616,COL,CZE,7810
1889139,51,59,1314,2006.0,0.0,19002.0,0.402348,-0.355768,CPV,CZE,7810
1889140,52,59,1314,2006.0,9970.0,0.0,0.07128999999999999,-0.24274400000000002,CRI,CZE,7810
1889141,54,59,1314,2006.0,0.0,1342121.0,0.207314,-0.473224,CUB,CZE,7810
1889142,58,59,1314,2006.0,4651.0,3733348.0,0.728916,0.023954,CYP,CZE,7810
1889143,61,59,1314,2006.0,639556160.0,1822067456.0,2.135679,-2.933329,DEU,CZE,7810
1889144,64,59,1314,2006.0,266483.0,157099280.0,1.25209,1.133206,DNK,CZE,7810
1889145,65,59,1314,2006.0,0.0,1916114.0,0.044542,0.178998,DOM,CZE,7810
1889146,66,59,1314,2006.0,19552.0,2874302.0,-1.079717,-1.153102,DZA,CZE,7810
1889147,67,59,1314,2006.0,0.0,5870658.0,-0.9617209999999999,-0.936366,ECU,CZE,7810
1889148,68,59,1314,2006.0,0.0,59708532.0,-0.305058,0.294265,EGY,CZE,7810
1889149,71,59,1314,2006.0,75459376.0,176984208.0,0.9909459999999999,1.785809,ESP,CZE,7810
1889150,72,59,1314,2006.0,0.0,20457098.0,0.737979,1.1881950000000001,EST,CZE,7810
1889151,73,59,1314,2006.0,0.0,43347.0,-1.129189,-0.953627,ETH,CZE,7810
1889152,74,59,1314,2006.0,579642.0,87613848.0,1.8630220000000002,0.87172,FIN,CZE,7810
1889153,77,59,1314,2006.0,185949152.0,705116032.0,1.499686,0.16705699999999998,FRA,CZE,7810
1889154,78,59,1314,2006.0,0.0,100482.0,-0.111228,-0.776069,FRO,CZE,7810
1889155,81,59,1314,2006.0,47296740.0,861747968.0,1.8509779999999998,0.674074,GBR,CZE,7810
1889156,82,59,1314,2006.0,0.0,968656.0,-0.152929,-0.438435,GEO,CZE,7810
1889157,83,59,1314,2006.0,20903.0,1121323.0,-0.9211739999999999,-0.738322,GHA,CZE,7810
1889158,90,59,1314,2006.0,31573.0,138031392.0,0.183748,1.582167,GRC,CZE,7810
1889159,92,59,1314,2006.0,0.0,79056.0,-0.744987,-0.9686020000000001,GRL,CZE,7810
1889160,93,59,1314,2006.0,0.0,724099.0,-0.179628,0.671552,GTM,CZE,7810
1889161,97,59,1314,2006.0,5598.0,0.0,0.63347,1.276634,HKG,CZE,7810
1889162,99,59,1314,2006.0,0.0,90649.0,-0.520217,-0.41097399999999995,HND,CZE,7810
1889163,100,59,1314,2006.0,62278.0,73472976.0,0.866511,1.217552,HRV,CZE,7810
1889164,101,59,1314,2006.0,0.0,234065.0,-0.8555889999999999,-1.017282,HTI,CZE,7810
1889165,102,59,1314,2006.0,85938568.0,256740176.0,1.469539,0.8546090000000001,HUN,CZE,7810
1889166,104,59,1314,2006.0,217921.0,0.0,0.202078,2.594677,IND,CZE,7810
1889167,106,59,1314,2006.0,8191.0,67722920.0,1.501322,0.161375,IRL,CZE,7810
1889168,108,59,1314,2006.0,0.0,386965.0,-2.3271330000000003,-0.992934,IRQ,CZE,7810
1889169,109,59,1314,2006.0,0.0,14508591.0,0.06816699999999999,-0.36412,ISL,CZE,7810
1889170,110,59,1314,2006.0,4906.0,39362988.0,1.286738,0.8783610000000001,ISR,CZE,7810
1889171,111,59,1314,2006.0,69127152.0,752515264.0,1.416017,0.161859,ITA,CZE,7810
1889172,113,59,1314,2006.0,0.0,244499.0,0.31143899999999997,0.428361,JOR,CZE,7810
1889173,114,59,1314,2006.0,98347744.0,196274.0,2.442213,-0.046222000000000006,JPN,CZE,7810
1889174,115,59,1314,2006.0,0.0,2905973.0,-0.18694000000000002,-0.468758,KAZ,CZE,7810
1889175,116,59,1314,2006.0,1163.0,657443.0,-0.402762,0.89869,KEN,CZE,7810
1889176,118,59,1314,2006.0,0.0,562449.0,-0.841936,-1.038648,KHM,CZE,7810
1889177,121,59,1314,2006.0,170865936.0,49028.0,1.588589,0.799507,KOR,CZE,7810
1889178,122,59,1314,2006.0,31806.0,1215132.0,-1.506818,-1.193717,KWT,CZE,7810
1889179,124,59,1314,2006.0,25853.0,524262.0,0.450113,1.7365119999999998,LBN,CZE,7810
1889180,126,59,1314,2006.0,0.0,1901000.0,-0.7543529999999999,-1.123674,LBY,CZE,7810
1889181,128,59,1314,2006.0,0.0,457568.0,-0.37725,0.245153,LKA,CZE,7810
1889182,130,59,1314,2006.0,741412.0,38290944.0,0.553669,1.252767,LTU,CZE,7810
1889183,131,59,1314,2006.0,1083656.0,16971334.0,1.285123,0.999081,LUX,CZE,7810
1889184,132,59,1314,2006.0,60419.0,40340264.0,0.548453,1.027836,LVA,CZE,7810
1889185,134,59,1314,2006.0,0.0,1346277.0,-0.41821499999999995,0.175231,MAR,CZE,7810
1889186,135,59,1314,2006.0,0.0,4576330.0,0.043632,0.21129299999999998,MDA,CZE,7810
1889187,138,59,1314,2006.0,4309595.0,6041.0,1.2996729999999999,0.655941,MEX,CZE,7810
1889188,140,59,1314,2006.0,0.0,4771453.0,-0.098526,0.423279,MKD,CZE,7810
1889189,142,59,1314,2006.0,0.0,6281114.0,1.5366819999999999,0.301101,MLT,CZE,7810
1889190,144,59,1314,2006.0,0.0,858610.0,0.057147,-0.145592,MNE,CZE,7810
1889191,145,59,1314,2006.0,0.0,1268.0,-0.806932,-1.01265,MNG,CZE,7810
1889192,151,59,1314,2006.0,0.0,2275.0,-0.214308,-0.140502,MUS,CZE,7810
1889193,153,59,1314,2006.0,2986.0,2106306.0,0.9497270000000001,0.324179,MYS,CZE,7810
1889194,156,59,1314,2006.0,0.0,23846.0,-0.42703900000000006,-0.840608,NCL,CZE,7810
1889195,159,59,1314,2006.0,0.0,4816802.0,-2.088278,-1.224464,NGA,CZE,7810
1889196,162,59,1314,2006.0,11362006.0,196619968.0,1.115718,1.4743680000000001,NLD,CZE,7810
1889197,163,59,1314,2006.0,163066.0,56708516.0,0.621685,-0.280378,NOR,CZE,7810
1889198,166,59,1314,2006.0,0.0,1668326.0,0.40442100000000003,0.821033,NZL,CZE,7810
1889199,167,59,1314,2006.0,0.0,5652674.0,-0.871816,-1.184985,OMN,CZE,7810
1889200,168,59,1314,2006.0,0.0,616213.0,-0.500494,0.334983,PAK,CZE,7810
1889201,169,59,1314,2006.0,0.0,1052552.0,0.511845,0.7560560000000001,PAN,CZE,7810
1889202,173,59,1314,2006.0,0.0,2069.0,-0.523516,-0.15574100000000002,PER,CZE,7810
1889203,177,59,1314,2006.0,69836888.0,381748064.0,1.0576860000000001,1.283664,POL,CZE,7810
1889204,178,59,1314,2006.0,47987.0,0.0,0.649384,1.069006,PRK,CZE,7810
1889205,179,59,1314,2006.0,3460850.0,95826720.0,0.695569,1.7476200000000002,PRT,CZE,7810
1889206,180,59,1314,2006.0,0.0,85037.0,-0.49234399999999995,-0.547616,PRY,CZE,7810
1889207,182,59,1314,2006.0,0.0,86603.0,-0.2789,-0.847551,PYF,CZE,7810
1889208,183,59,1314,2006.0,0.0,3744533.0,-0.467699,-1.062471,QAT,CZE,7810
1889209,185,59,1314,2006.0,7115324.0,269631392.0,0.733232,1.2149,ROU,CZE,7810
1889210,186,59,1314,2006.0,907147.0,163827472.0,0.311252,-0.093895,RUS,CZE,7810
1889211,188,59,1314,2006.0,0.0,11329509.0,-0.094152,-0.921106,SAU,CZE,7810
1889212,190,59,1314,2006.0,0.0,1857764.0,-1.727355,-1.278714,SDN,CZE,7810
1889213,191,59,1314,2006.0,0.0,129985.0,-0.548758,-0.152572,SEN,CZE,7810
1889214,192,59,1314,2006.0,0.0,5620486.0,1.670134,0.43955600000000006,SGP,CZE,7810
1889215,197,59,1314,2006.0,20525.0,0.0,-0.127317,0.189904,SLV,CZE,7810
1889216,201,59,1314,2006.0,20396.0,35659440.0,0.581078,1.5831600000000001,SRB,CZE,7810
1889217,206,59,1314,2006.0,57211784.0,400038080.0,1.3569950000000002,0.8663290000000001,SVK,CZE,7810
1889218,207,59,1314,2006.0,20972956.0,46185556.0,1.562187,0.612624,SVN,CZE,7810
1889219,208,59,1314,2006.0,27860716.0,148253984.0,1.921461,0.478688,SWE,CZE,7810
1889220,212,59,1314,2006.0,0.0,16825508.0,-0.49903100000000006,0.362867,SYR,CZE,7810
1889221,216,59,1314,2006.0,117535.0,47239.0,0.73283,1.419023,THA,CZE,7810
1889222,222,59,1314,2006.0,54754.0,495416.0,-0.346992,-1.03502,TTO,CZE,7810
1889223,223,59,1314,2006.0,0.0,18661.0,0.140257,0.528918,TUN,CZE,7810
1889224,224,59,1314,2006.0,23955142.0,65609460.0,0.41471,2.138217,TUR,CZE,7810
1889225,227,59,1314,2006.0,0.0,179925.0,-0.789284,-0.161216,UGA,CZE,7810
1889226,228,59,1314,2006.0,0.0,1121924.0,0.598325,1.225485,UKR,CZE,7810
1889227,231,59,1314,2006.0,6543354.0,795792.0,1.616918,-0.429924,USA,CZE,7810
1889228,232,59,1314,2006.0,0.0,1306.0,-0.508594,-0.7682720000000001,UZB,CZE,7810
1889229,236,59,1314,2006.0,0.0,2578626.0,-0.5559649999999999,-0.9988299999999999,VEN,CZE,7810
1889230,237,59,1314,2006.0,0.0,35808.0,0.937218,0.16353,VGB,CZE,7810
1889231,239,59,1314,2006.0,107048.0,123242.0,-0.089404,0.986066,VNM,CZE,7810
1889232,243,59,1314,2006.0,0.0,692133.0,-1.070559,-1.1655389999999999,YEM,CZE,7810
1889233,246,59,1314,2006.0,390603.0,72107.0,0.18317,1.675934,ZAF,CZE,7810
1889234,249,59,1314,2006.0,674002.0,5339218.0,1.6683169999999998,1.230621,TWN,CZE,7810
1889235,250,59,1314,2006.0,62670.0,0.0,0.202525,-0.46324499999999996,ANS,CZE,7810
1889236,0,61,1314,2006.0,0.0,727140.0,-0.353579,-0.852273,ABW,DEU,7810
1889237,1,61,1314,2006.0,0.0,12327722.0,-0.906723,-0.6810039999999999,AFG,DEU,7810
1889238,2,61,1314,2006.0,0.0,26795688.0,-2.2010959999999997,-1.189215,AGO,DEU,7810
1889239,3,61,1314,2006.0,27818.0,47605.0,1.2846959999999998,-0.19459100000000001,AIA,DEU,7810
1889240,4,61,1314,2006.0,31597.0,19519126.0,-0.310731,-0.01222,ALB,DEU,7810
1889241,5,61,1314,2006.0,229571.0,5795638.0,0.986957,0.458078,AND,DEU,7810
1889242,6,61,1314,2006.0,15550.0,4036308.0,0.0063100000000000005,-0.61161,ANT,DEU,7810
1889243,7,61,1314,2006.0,4610992.0,814144320.0,-0.12063900000000001,-0.817929,ARE,DEU,7810
1889244,8,61,1314,2006.0,116599.0,141991728.0,0.076917,1.06231,ARG,DEU,7810
1889245,9,61,1314,2006.0,166806.0,14513332.0,-0.044726999999999996,-0.486043,ARM,DEU,7810
1889246,10,61,1314,2006.0,0.0,243599.0,0.6149600000000001,-0.467811,ASM,DEU,7810
1889247,11,61,1314,2006.0,0.0,150524.0,1.782976,-0.146927,ATA,DEU,7810
1889248,12,61,1314,2006.0,0.0,33138.0,1.046527,-0.521183,ATF,DEU,7810
1889249,13,61,1314,2006.0,0.0,286916.0,-0.49273500000000003,-0.92522,ATG,DEU,7810
1889250,14,61,1314,2006.0,624918.0,1057033280.0,-0.183265,0.564314,AUS,DEU,7810
1889251,15,61,1314,2006.0,2023794432.0,2763080448.0,1.772588,-0.008943000000000001,AUT,DEU,7810
1889252,16,61,1314,2006.0,0.0,136329376.0,-0.949606,-1.099346,AZE,DEU,7810
1889253,17,61,1314,2006.0,0.0,352356.0,-0.139211,-0.558193,BDI,DEU,7810
1889254,18,61,1314,2006.0,7043271680.0,3890626816.0,1.234224,1.308065,BEL,DEU,7810
1889255,19,61,1314,2006.0,3746.0,33535974.0,-1.093919,-0.9748319999999999,BEN,DEU,7810
1889256,21,61,1314,2006.0,0.0,726493.0,-0.81399,-0.972464,BFA,DEU,7810
1889257,22,61,1314,2006.0,10980.0,3838506.0,-0.776517,-0.874408,BGD,DEU,7810
1889258,23,61,1314,2006.0,311697.0,279513504.0,0.490234,1.581841,BGR,DEU,7810
1889259,24,61,1314,2006.0,335286.0,76276280.0,-0.220239,-1.07936,BHR,DEU,7810
1889260,25,61,1314,2006.0,5140.0,1734546.0,0.23525900000000002,-0.725657,BHS,DEU,7810
1889261,26,61,1314,2006.0,288245.0,70774912.0,0.543053,0.68971,BIH,DEU,7810
1889262,28,61,1314,2006.0,2883.0,172177200.0,0.948306,0.702786,BLR,DEU,7810
1889263,29,61,1314,2006.0,0.0,96121.0,-0.275783,-0.6653439999999999,BLZ,DEU,7810
1889264,30,61,1314,2006.0,0.0,2157928.0,-0.14324,-0.814511,BMU,DEU,7810
1889265,31,61,1314,2006.0,0.0,677075.0,-0.9174540000000001,-0.8314729999999999,BOL,DEU,7810
1889266,32,61,1314,2006.0,511691552.0,285034624.0,0.622959,1.413527,BRA,DEU,7810
1889267,33,61,1314,2006.0,208753.0,6148044.0,0.689051,0.416818,BRB,DEU,7810
1889268,34,61,1314,2006.0,17425.0,9657287.0,-0.933665,-0.929327,BRN,DEU,7810
1889269,35,61,1314,2006.0,0.0,89788.0,-0.041116,-0.547545,BTN,DEU,7810
1889270,36,61,1314,2006.0,0.0,70014.0,0.96762,-0.6537569999999999,BVT,DEU,7810
1889271,37,61,1314,2006.0,0.0,142818.0,-0.958566,-1.202559,BWA,DEU,7810
1889272,38,61,1314,2006.0,4157.0,79034.0,-0.444701,-0.774726,CAF,DEU,7810
1889273,39,61,1314,2006.0,14984624.0,1613417984.0,0.806511,1.466573,CAN,DEU,7810
1889274,41,61,1314,2006.0,47477440.0,2578597376.0,2.038668,0.46319,CHE,DEU,7810
1889275,42,61,1314,2006.0,52153.0,83326272.0,-0.193151,-0.46637,CHL,DEU,7810
1889276,43,61,1314,2006.0,62965788.0,2237441024.0,0.842242,1.7392740000000002,CHN,DEU,7810
1889277,44,61,1314,2006.0,25760.0,20017646.0,-0.9293,-0.853074,CIV,DEU,7810
1889278,45,61,1314,2006.0,0.0,6989662.0,-1.570753,-1.22499,CMR,DEU,7810
1889279,46,61,1314,2006.0,0.0,3981138.0,-1.334582,-1.119781,COD,DEU,7810
1889280,47,61,1314,2006.0,0.0,2549467.0,-1.8919540000000001,-1.272166,COG,DEU,7810
1889281,48,61,1314,2006.0,0.0,4035.0,0.939005,-0.057276,COK,DEU,7810
1889282,49,61,1314,2006.0,41800.0,48096664.0,0.162228,0.550616,COL,DEU,7810
1889283,50,61,1314,2006.0,0.0,49949.0,0.007926,-0.792838,COM,DEU,7810
1889284,51,61,1314,2006.0,20740.0,461140.0,0.402348,-0.355768,CPV,DEU,7810
1889285,52,61,1314,2006.0,0.0,16654432.0,0.07128999999999999,-0.24274400000000002,CRI,DEU,7810
1889286,54,61,1314,2006.0,3845.0,5607898.0,0.207314,-0.473224,CUB,DEU,7810
1889287,56,61,1314,2006.0,0.0,7008.0,1.19774,-0.372852,CXR,DEU,7810
1889288,57,61,1314,2006.0,0.0,9692648.0,0.5082720000000001,-0.674142,CYM,DEU,7810
1889289,58,61,1314,2006.0,18807.0,212941536.0,0.728916,0.023954,CYP,DEU,7810
1889290,59,61,1314,2006.0,1822067456.0,639556160.0,1.6478549999999998,0.095131,CZE,DEU,7810
1889291,62,61,1314,2006.0,0.0,1026818.0,-0.360761,-0.261373,DJI,DEU,7810
1889292,63,61,1314,2006.0,0.0,102975.0,0.203098,-0.09402999999999999,DMA,DEU,7810
1889293,64,61,1314,2006.0,314461792.0,1074633728.0,1.25209,1.133206,DNK,DEU,7810
1889294,65,61,1314,2006.0,0.0,37844656.0,0.044542,0.178998,DOM,DEU,7810
1889295,66,61,1314,2006.0,0.0,103819168.0,-1.079717,-1.153102,DZA,DEU,7810
1889296,67,61,1314,2006.0,0.0,11968442.0,-0.9617209999999999,-0.936366,ECU,DEU,7810
1889297,68,61,1314,2006.0,171388.0,143973072.0,-0.305058,0.294265,EGY,DEU,7810
1889298,69,61,1314,2006.0,0.0,210108.0,0.312248,-0.046676999999999996,ERI,DEU,7810
1889299,71,61,1314,2006.0,3266785024.0,8040572928.0,0.9909459999999999,1.785809,ESP,DEU,7810
1889300,72,61,1314,2006.0,8926112.0,126480040.0,0.737979,1.1881950000000001,EST,DEU,7810
1889301,73,61,1314,2006.0,0.0,3302986.0,-1.129189,-0.953627,ETH,DEU,7810
1889302,74,61,1314,2006.0,913565184.0,1300238208.0,1.8630220000000002,0.87172,FIN,DEU,7810
1889303,75,61,1314,2006.0,0.0,47229.0,-0.527165,-0.17746900000000002,FJI,DEU,7810
1889304,77,61,1314,2006.0,4590453248.0,8099410432.0,1.499686,0.16705699999999998,FRA,DEU,7810
1889305,78,61,1314,2006.0,0.0,1181009.0,-0.111228,-0.776069,FRO,DEU,7810
1889306,80,61,1314,2006.0,12081.0,3085686.0,-1.2162620000000002,-1.141485,GAB,DEU,7810
1889307,81,61,1314,2006.0,2281525248.0,14802812928.0,1.8509779999999998,0.674074,GBR,DEU,7810
1889308,82,61,1314,2006.0,8067.0,45158248.0,-0.152929,-0.438435,GEO,DEU,7810
1889309,83,61,1314,2006.0,28669.0,23938282.0,-0.9211739999999999,-0.738322,GHA,DEU,7810
1889310,84,61,1314,2006.0,0.0,4466740.0,0.519846,-0.43742600000000004,GIB,DEU,7810
1889311,85,61,1314,2006.0,1843.0,2039240.0,-1.526825,-1.191811,GIN,DEU,7810
1889312,87,61,1314,2006.0,29945.0,2338358.0,-0.234454,-0.43427899999999997,GMB,DEU,7810
1889313,88,61,1314,2006.0,0.0,456175.0,-0.773687,-0.804,GNB,DEU,7810
1889314,89,61,1314,2006.0,0.0,141268.0,-2.448721,-0.949732,GNQ,DEU,7810
1889315,90,61,1314,2006.0,2260017.0,999007040.0,0.183748,1.582167,GRC,DEU,7810
1889316,91,61,1314,2006.0,9124.0,7642.0,0.174862,-0.27636700000000003,GRD,DEU,7810
1889317,92,61,1314,2006.0,0.0,15787.0,-0.744987,-0.9686020000000001,GRL,DEU,7810
1889318,93,61,1314,2006.0,36749.0,20953696.0,-0.179628,0.671552,GTM,DEU,7810
1889319,95,61,1314,2006.0,0.0,1876024.0,0.29584299999999997,-0.324191,GUM,DEU,7810
1889320,96,61,1314,2006.0,0.0,27216.0,-0.637993,-0.880094,GUY,DEU,7810
1889321,97,61,1314,2006.0,710995.0,269694912.0,0.63347,1.276634,HKG,DEU,7810
1889322,99,61,1314,2006.0,0.0,1573288.0,-0.520217,-0.41097399999999995,HND,DEU,7810
1889323,100,61,1314,2006.0,231329.0,314326656.0,0.866511,1.217552,HRV,DEU,7810
1889324,101,61,1314,2006.0,0.0,402752.0,-0.8555889999999999,-1.017282,HTI,DEU,7810
1889325,102,61,1314,2006.0,924833536.0,882340736.0,1.469539,0.8546090000000001,HUN,DEU,7810
1889326,103,61,1314,2006.0,33942.0,22762182.0,0.0036969999999999998,1.703498,IDN,DEU,7810
1889327,104,61,1314,2006.0,59387460.0,85229120.0,0.202078,2.594677,IND,DEU,7810
1889328,105,61,1314,2006.0,0.0,229202.0,1.252631,0.188665,IOT,DEU,7810
1889329,106,61,1314,2006.0,132954.0,961062784.0,1.501322,0.161375,IRL,DEU,7810
1889330,107,61,1314,2006.0,428981.0,31408642.0,-0.755814,-0.9279059999999999,IRN,DEU,7810
1889331,108,61,1314,2006.0,0.0,11807264.0,-2.3271330000000003,-0.992934,IRQ,DEU,7810
1889332,109,61,1314,2006.0,799326.0,54607504.0,0.06816699999999999,-0.36412,ISL,DEU,7810
1889333,110,61,1314,2006.0,280566.0,204828672.0,1.286738,0.8783610000000001,ISR,DEU,7810
1889334,111,61,1314,2006.0,2030673664.0,11984734208.0,1.416017,0.161859,ITA,DEU,7810
1889335,112,61,1314,2006.0,11578.0,7244504.0,-0.280417,-0.9436829999999999,JAM,DEU,7810
1889336,113,61,1314,2006.0,58551.0,124862024.0,0.31143899999999997,0.428361,JOR,DEU,7810
1889337,114,61,1314,2006.0,2938664192.0,3625198080.0,2.442213,-0.046222000000000006,JPN,DEU,7810
1889338,115,61,1314,2006.0,52411.0,160341440.0,-0.18694000000000002,-0.468758,KAZ,DEU,7810
1889339,116,61,1314,2006.0,148444.0,8859090.0,-0.402762,0.89869,KEN,DEU,7810
1889340,117,61,1314,2006.0,11634.0,9265105.0,-0.091973,0.331995,KGZ,DEU,7810
1889341,118,61,1314,2006.0,0.0,1445931.0,-0.841936,-1.038648,KHM,DEU,7810
1889342,119,61,1314,2006.0,0.0,7637.0,0.328888,-0.628654,KIR,DEU,7810
1889343,120,61,1314,2006.0,0.0,59039.0,1.3110979999999999,-0.061185,KNA,DEU,7810
1889344,121,61,1314,2006.0,1333826688.0,1037154816.0,1.588589,0.799507,KOR,DEU,7810
1889345,122,61,1314,2006.0,333191.0,181942160.0,-1.506818,-1.193717,KWT,DEU,7810
1889346,123,61,1314,2006.0,0.0,1662529.0,-0.8422700000000001,-1.000073,LAO,DEU,7810
1889347,124,61,1314,2006.0,66294.0,80983888.0,0.450113,1.7365119999999998,LBN,DEU,7810
1889348,125,61,1314,2006.0,0.0,1025877.0,-1.0431270000000001,-1.1084829999999999,LBR,DEU,7810
1889349,126,61,1314,2006.0,66408.0,89487736.0,-0.7543529999999999,-1.123674,LBY,DEU,7810
1889350,127,61,1314,2006.0,31027.0,645952.0,0.990517,-0.100522,LCA,DEU,7810
1889351,128,61,1314,2006.0,0.0,6019046.0,-0.37725,0.245153,LKA,DEU,7810
1889352,129,61,1314,2006.0,0.0,82419.0,-0.366838,-0.889863,LSO,DEU,7810
1889353,130,61,1314,2006.0,6858183.0,84511032.0,0.553669,1.252767,LTU,DEU,7810
1889354,131,61,1314,2006.0,36418772.0,442171424.0,1.285123,0.999081,LUX,DEU,7810
1889355,132,61,1314,2006.0,29656090.0,259646080.0,0.548453,1.027836,LVA,DEU,7810
1889356,133,61,1314,2006.0,0.0,2634862.0,0.120923,-0.266158,MAC,DEU,7810
1889357,134,61,1314,2006.0,21150.0,125606432.0,-0.41821499999999995,0.175231,MAR,DEU,7810
1889358,135,61,1314,2006.0,1870.0,25703320.0,0.043632,0.21129299999999998,MDA,DEU,7810
1889359,136,61,1314,2006.0,32462.0,1811608.0,-0.772571,-0.521647,MDG,DEU,7810
1889360,137,61,1314,2006.0,0.0,28211.0,-0.21327600000000002,-0.8216959999999999,MDV,DEU,7810
1889361,138,61,1314,2006.0,1254814080.0,619304960.0,1.2996729999999999,0.655941,MEX,DEU,7810
1889362,140,61,1314,2006.0,95750.0,36156264.0,-0.098526,0.423279,MKD,DEU,7810
1889363,141,61,1314,2006.0,115167.0,1001506.0,-0.588006,-0.687707,MLI,DEU,7810
1889364,142,61,1314,2006.0,2316508.0,22398352.0,1.5366819999999999,0.301101,MLT,DEU,7810
1889365,143,61,1314,2006.0,0.0,108566.0,-1.203184,-1.081708,MMR,DEU,7810
1889366,144,61,1314,2006.0,0.0,4750263.0,0.057147,-0.145592,MNE,DEU,7810
1889367,145,61,1314,2006.0,9757.0,5077712.0,-0.806932,-1.01265,MNG,DEU,7810
1889368,147,61,1314,2006.0,0.0,2184517.0,-1.199074,-1.031059,MOZ,DEU,7810
1889369,148,61,1314,2006.0,0.0,354947.0,-1.729545,-1.284734,MRT,DEU,7810
1889370,149,61,1314,2006.0,0.0,33817.0,1.547316,0.364813,MSR,DEU,7810
1889371,151,61,1314,2006.0,0.0,11257333.0,-0.214308,-0.140502,MUS,DEU,7810
1889372,152,61,1314,2006.0,6489.0,729644.0,-0.822168,-0.8834860000000001,MWI,DEU,7810
1889373,153,61,1314,2006.0,686402.0,126394064.0,0.9497270000000001,0.324179,MYS,DEU,7810
1889374,154,61,1314,2006.0,0.0,747892.0,1.459222,0.528891,MYT,DEU,7810
1889375,155,61,1314,2006.0,1353419.0,3545580.0,-0.425389,-0.690279,NAM,DEU,7810
1889376,156,61,1314,2006.0,57663.0,10414772.0,-0.42703900000000006,-0.840608,NCL,DEU,7810
1889377,157,61,1314,2006.0,207840.0,13261994.0,-0.52447,-0.641225,NER,DEU,7810
1889378,158,61,1314,2006.0,0.0,11248.0,1.094697,-0.420333,NFK,DEU,7810
1889379,159,61,1314,2006.0,20692.0,117432160.0,-2.088278,-1.224464,NGA,DEU,7810
1889380,160,61,1314,2006.0,4084.0,1157647.0,-0.9416120000000001,-0.888491,NIC,DEU,7810
1889381,161,61,1314,2006.0,0.0,207851.0,1.184747,-0.013041,NIU,DEU,7810
1889382,162,61,1314,2006.0,979517440.0,3132308480.0,1.115718,1.4743680000000001,NLD,DEU,7810
1889383,163,61,1314,2006.0,7887401.0,1447239040.0,0.621685,-0.280378,NOR,DEU,7810
1889384,164,61,1314,2006.0,0.0,549890.0,-0.0014349999999999999,0.804425,NPL,DEU,7810
1889385,165,61,1314,2006.0,0.0,29317.0,1.1942110000000001,0.391737,NRU,DEU,7810
1889386,166,61,1314,2006.0,202509.0,160670592.0,0.40442100000000003,0.821033,NZL,DEU,7810
1889387,167,61,1314,2006.0,112195.0,70506032.0,-0.871816,-1.184985,OMN,DEU,7810
1889388,168,61,1314,2006.0,4855696.0,24186566.0,-0.500494,0.334983,PAK,DEU,7810
1889389,169,61,1314,2006.0,38031.0,20429744.0,0.511845,0.7560560000000001,PAN,DEU,7810
1889390,171,61,1314,2006.0,0.0,74000.0,0.11308900000000001,-0.7705489999999999,PCN,DEU,7810
1889391,173,61,1314,2006.0,64299.0,20865158.0,-0.523516,-0.15574100000000002,PER,DEU,7810
1889392,174,61,1314,2006.0,247845.0,39455108.0,0.32715,-0.15929200000000002,PHL,DEU,7810
1889393,176,61,1314,2006.0,0.0,357003.0,-1.754684,-1.235725,PNG,DEU,7810
1889394,177,61,1314,2006.0,894435584.0,951869248.0,1.0576860000000001,1.283664,POL,DEU,7810
1889395,178,61,1314,2006.0,0.0,1759905.0,0.649384,1.069006,PRK,DEU,7810
1889396,179,61,1314,2006.0,717771776.0,1072663616.0,0.695569,1.7476200000000002,PRT,DEU,7810
1889397,180,61,1314,2006.0,0.0,11174467.0,-0.49234399999999995,-0.547616,PRY,DEU,7810
1889398,181,61,1314,2006.0,0.0,2920246.0,-0.043153,-0.421504,PSE,DEU,7810
1889399,182,61,1314,2006.0,0.0,6197406.0,-0.2789,-0.847551,PYF,DEU,7810
1889400,183,61,1314,2006.0,62664.0,151489504.0,-0.467699,-1.062471,QAT,DEU,7810
1889401,185,61,1314,2006.0,13625435.0,1230601472.0,0.733232,1.2149,ROU,DEU,7810
1889402,186,61,1314,2006.0,11986304.0,1944274048.0,0.311252,-0.093895,RUS,DEU,7810
1889403,187,61,1314,2006.0,3407.0,268598.0,0.190864,-0.346779,RWA,DEU,7810
1889404,188,61,1314,2006.0,386453.0,436772096.0,-0.094152,-0.921106,SAU,DEU,7810
1889405,190,61,1314,2006.0,8720.0,9547951.0,-1.727355,-1.278714,SDN,DEU,7810
1889406,191,61,1314,2006.0,0.0,6733644.0,-0.548758,-0.152572,SEN,DEU,7810
1889407,192,61,1314,2006.0,1485840.0,239852576.0,1.670134,0.43955600000000006,SGP,DEU,7810
1889408,194,61,1314,2006.0,0.0,13000.0,1.622882,0.310727,SHN,DEU,7810
1889409,195,61,1314,2006.0,0.0,20182.0,-1.1616959999999998,-1.026145,SLB,DEU,7810
1889410,196,61,1314,2006.0,50669.0,1301240.0,0.23031999999999997,-0.114212,SLE,DEU,7810
1889411,197,61,1314,2006.0,0.0,6931257.0,-0.127317,0.189904,SLV,DEU,7810
1889412,199,61,1314,2006.0,0.0,6138.0,-1.042322,-0.957206,SOM,DEU,7810
1889413,201,61,1314,2006.0,222201.0,97018664.0,0.581078,1.5831600000000001,SRB,DEU,7810
1889414,203,61,1314,2006.0,0.0,63038.0,1.061292,-0.052414999999999996,STP,DEU,7810
1889415,205,61,1314,2006.0,0.0,25179.0,-0.703184,-1.0310979999999998,SUR,DEU,7810
1889416,206,61,1314,2006.0,1650650496.0,331710464.0,1.3569950000000002,0.8663290000000001,SVK,DEU,7810
1889417,207,61,1314,2006.0,101454040.0,309202112.0,1.562187,0.612624,SVN,DEU,7810
1889418,208,61,1314,2006.0,796873088.0,1751209472.0,1.921461,0.478688,SWE,DEU,7810
1889419,209,61,1314,2006.0,0.0,4981420.0,0.8177369999999999,0.302106,SWZ,DEU,7810
1889420,211,61,1314,2006.0,0.0,8986099.0,-0.45782,-0.822773,SYC,DEU,7810
1889421,212,61,1314,2006.0,0.0,81749760.0,-0.49903100000000006,0.362867,SYR,DEU,7810
1889422,213,61,1314,2006.0,0.0,22973.0,0.445758,0.01026,TCA,DEU,7810
1889423,214,61,1314,2006.0,0.0,117469.0,-2.842809,-0.9798959999999999,TCD,DEU,7810
1889424,215,61,1314,2006.0,0.0,18278126.0,-0.81795,-0.567823,TGO,DEU,7810
1889425,216,61,1314,2006.0,3165706.0,79822480.0,0.73283,1.419023,THA,DEU,7810
1889426,217,61,1314,2006.0,0.0,2521749.0,-0.9646819999999999,-1.166964,TJK,DEU,7810
1889427,218,61,1314,2006.0,0.0,4148.0,0.45866,0.642893,TKL,DEU,7810
1889428,219,61,1314,2006.0,0.0,18209380.0,-1.014047,-1.1895149999999999,TKM,DEU,7810
1889429,220,61,1314,2006.0,0.0,107518.0,-0.23011700000000002,-0.7975770000000001,TLS,DEU,7810
1889430,221,61,1314,2006.0,0.0,24826.0,-0.385793,-0.736392,TON,DEU,7810
1889431,222,61,1314,2006.0,33053.0,13446691.0,-0.346992,-1.03502,TTO,DEU,7810
1889432,223,61,1314,2006.0,2733564.0,47519984.0,0.140257,0.528918,TUN,DEU,7810
1889433,224,61,1314,2006.0,479430304.0,1382784896.0,0.41471,2.138217,TUR,DEU,7810
1889434,226,61,1314,2006.0,0.0,2263593.0,-0.804761,0.6328729999999999,TZA,DEU,7810
1889435,227,61,1314,2006.0,9171.0,1218755.0,-0.789284,-0.161216,UGA,DEU,7810
1889436,228,61,1314,2006.0,246077.0,462166656.0,0.598325,1.225485,UKR,DEU,7810
1889437,230,61,1314,2006.0,42527.0,8222818.0,0.047764999999999995,0.23831100000000002,URY,DEU,7810
1889438,231,61,1314,2006.0,5147586560.0,21939861504.0,1.616918,-0.429924,USA,DEU,7810
1889439,232,61,1314,2006.0,0.0,13607912.0,-0.508594,-0.7682720000000001,UZB,DEU,7810
1889440,234,61,1314,2006.0,0.0,198593.0,-0.51151,-0.8950620000000001,VCT,DEU,7810
1889441,236,61,1314,2006.0,8931.0,38197488.0,-0.5559649999999999,-0.9988299999999999,VEN,DEU,7810
1889442,237,61,1314,2006.0,0.0,316658.0,0.937218,0.16353,VGB,DEU,7810
1889443,239,61,1314,2006.0,44054.0,12256579.0,-0.089404,0.986066,VNM,DEU,7810
1889444,241,61,1314,2006.0,0.0,34416.0,1.6795650000000002,-0.092971,WLF,DEU,7810
1889445,242,61,1314,2006.0,0.0,47063.0,0.246788,-0.474416,WSM,DEU,7810
1889446,243,61,1314,2006.0,430184.0,16021188.0,-1.070559,-1.1655389999999999,YEM,DEU,7810
1889447,246,61,1314,2006.0,4694754.0,1144414464.0,0.18317,1.675934,ZAF,DEU,7810
1889448,247,61,1314,2006.0,0.0,1480182.0,-0.8819040000000001,-0.990542,ZMB,DEU,7810
1889449,248,61,1314,2006.0,0.0,3069850.0,-0.354477,-0.273037,ZWE,DEU,7810
1889450,249,61,1314,2006.0,29747588.0,526295104.0,1.6683169999999998,1.230621,TWN,DEU,7810
1889451,250,61,1314,2006.0,0.0,764416.0,0.202525,-0.46324499999999996,ANS,DEU,7810
1889452,1,64,1314,2006.0,0.0,1065831.0,-0.906723,-0.6810039999999999,AFG,DNK,7810
1889453,2,64,1314,2006.0,0.0,44103.0,-2.2010959999999997,-1.189215,AGO,DNK,7810
1889454,4,64,1314,2006.0,0.0,103730.0,-0.310731,-0.01222,ALB,DNK,7810
1889455,5,64,1314,2006.0,0.0,25487.0,0.986957,0.458078,AND,DNK,7810
1889456,7,64,1314,2006.0,26764.0,129451.0,-0.12063900000000001,-0.817929,ARE,DNK,7810
1889457,14,64,1314,2006.0,151034.0,27213.0,-0.183265,0.564314,AUS,DNK,7810
1889458,15,64,1314,2006.0,23860882.0,974907.0,1.772588,-0.008943000000000001,AUT,DNK,7810
1889459,17,64,1314,2006.0,0.0,16699.0,-0.139211,-0.558193,BDI,DNK,7810
1889460,18,64,1314,2006.0,156710016.0,6752404.0,1.234224,1.308065,BEL,DNK,7810
1889461,19,64,1314,2006.0,0.0,38312.0,-1.093919,-0.9748319999999999,BEN,DNK,7810
1889462,23,64,1314,2006.0,0.0,44878.0,0.490234,1.581841,BGR,DNK,7810
1889463,24,64,1314,2006.0,4488.0,0.0,-0.220239,-1.07936,BHR,DNK,7810
1889464,26,64,1314,2006.0,735824.0,35696.0,0.543053,0.68971,BIH,DNK,7810
1889465,28,64,1314,2006.0,0.0,68389.0,0.948306,0.702786,BLR,DNK,7810
1889466,31,64,1314,2006.0,9006.0,0.0,-0.9174540000000001,-0.8314729999999999,BOL,DNK,7810
1889467,34,64,1314,2006.0,0.0,1348.0,-0.933665,-0.929327,BRN,DNK,7810
1889468,35,64,1314,2006.0,0.0,9384.0,-0.041116,-0.547545,BTN,DNK,7810
1889469,37,64,1314,2006.0,0.0,74453.0,-0.958566,-1.202559,BWA,DNK,7810
1889470,39,64,1314,2006.0,796540.0,17122.0,0.806511,1.466573,CAN,DNK,7810
1889471,41,64,1314,2006.0,1012833.0,13295510.0,2.038668,0.46319,CHE,DNK,7810
1889472,42,64,1314,2006.0,0.0,6807.0,-0.193151,-0.46637,CHL,DNK,7810
1889473,43,64,1314,2006.0,6298144.0,214466.0,0.842242,1.7392740000000002,CHN,DNK,7810
1889474,44,64,1314,2006.0,0.0,18965.0,-0.9293,-0.853074,CIV,DNK,7810
1889475,45,64,1314,2006.0,0.0,2358.0,-1.570753,-1.22499,CMR,DNK,7810
1889476,46,64,1314,2006.0,0.0,8840.0,-1.334582,-1.119781,COD,DNK,7810
1889477,47,64,1314,2006.0,0.0,16210.0,-1.8919540000000001,-1.272166,COG,DNK,7810
1889478,54,64,1314,2006.0,362493.0,1932654.0,0.207314,-0.473224,CUB,DNK,7810
1889479,59,64,1314,2006.0,157099280.0,266483.0,1.6478549999999998,0.095131,CZE,DNK,7810
1889480,61,64,1314,2006.0,1074633728.0,314461792.0,2.135679,-2.933329,DEU,DNK,7810
1889481,65,64,1314,2006.0,0.0,17657.0,0.044542,0.178998,DOM,DNK,7810
1889482,66,64,1314,2006.0,0.0,24278.0,-1.079717,-1.153102,DZA,DNK,7810
1889483,68,64,1314,2006.0,0.0,2375.0,-0.305058,0.294265,EGY,DNK,7810
1889484,71,64,1314,2006.0,176939712.0,1600180.0,0.9909459999999999,1.785809,ESP,DNK,7810
1889485,72,64,1314,2006.0,49892.0,627247.0,0.737979,1.1881950000000001,EST,DNK,7810
1889486,73,64,1314,2006.0,0.0,423688.0,-1.129189,-0.953627,ETH,DNK,7810
1889487,74,64,1314,2006.0,326406.0,612170.0,1.8630220000000002,0.87172,FIN,DNK,7810
1889488,77,64,1314,2006.0,283367936.0,2186756.0,1.499686,0.16705699999999998,FRA,DNK,7810
1889489,78,64,1314,2006.0,3647.0,31340726.0,-0.111228,-0.776069,FRO,DNK,7810
1889490,81,64,1314,2006.0,93738672.0,9908773.0,1.8509779999999998,0.674074,GBR,DNK,7810
1889491,82,64,1314,2006.0,0.0,511989.0,-0.152929,-0.438435,GEO,DNK,7810
1889492,83,64,1314,2006.0,0.0,322922.0,-0.9211739999999999,-0.738322,GHA,DNK,7810
1889493,85,64,1314,2006.0,0.0,101726.0,-1.526825,-1.191811,GIN,DNK,7810
1889494,87,64,1314,2006.0,0.0,21127.0,-0.234454,-0.43427899999999997,GMB,DNK,7810
1889495,90,64,1314,2006.0,0.0,78846.0,0.183748,1.582167,GRC,DNK,7810
1889496,92,64,1314,2006.0,5366.0,4112416.0,-0.744987,-0.9686020000000001,GRL,DNK,7810
1889497,97,64,1314,2006.0,108839.0,86029.0,0.63347,1.276634,HKG,DNK,7810
1889498,99,64,1314,2006.0,372463.0,0.0,-0.520217,-0.41097399999999995,HND,DNK,7810
1889499,100,64,1314,2006.0,5143.0,132027.0,0.866511,1.217552,HRV,DNK,7810
1889500,102,64,1314,2006.0,45787164.0,160672.0,1.469539,0.8546090000000001,HUN,DNK,7810
1889501,104,64,1314,2006.0,4681144.0,0.0,0.202078,2.594677,IND,DNK,7810
1889502,106,64,1314,2006.0,0.0,85776.0,1.501322,0.161375,IRL,DNK,7810
1889503,109,64,1314,2006.0,576901.0,11962810.0,0.06816699999999999,-0.36412,ISL,DNK,7810
1889504,111,64,1314,2006.0,85746776.0,8294422.0,1.416017,0.161859,ITA,DNK,7810
1889505,113,64,1314,2006.0,2747.0,117192.0,0.31143899999999997,0.428361,JOR,DNK,7810
1889506,114,64,1314,2006.0,289665792.0,0.0,2.442213,-0.046222000000000006,JPN,DNK,7810
1889507,115,64,1314,2006.0,0.0,42937.0,-0.18694000000000002,-0.468758,KAZ,DNK,7810
1889508,116,64,1314,2006.0,0.0,50989.0,-0.402762,0.89869,KEN,DNK,7810
1889509,118,64,1314,2006.0,0.0,87713.0,-0.841936,-1.038648,KHM,DNK,7810
1889510,121,64,1314,2006.0,169446720.0,42360.0,1.588589,0.799507,KOR,DNK,7810
1889511,122,64,1314,2006.0,22793.0,1757.0,-1.506818,-1.193717,KWT,DNK,7810
1889512,124,64,1314,2006.0,0.0,205491.0,0.450113,1.7365119999999998,LBN,DNK,7810
1889513,125,64,1314,2006.0,0.0,21724.0,-1.0431270000000001,-1.1084829999999999,LBR,DNK,7810
1889514,126,64,1314,2006.0,0.0,29274.0,-0.7543529999999999,-1.123674,LBY,DNK,7810
1889515,128,64,1314,2006.0,0.0,38872.0,-0.37725,0.245153,LKA,DNK,7810
1889516,130,64,1314,2006.0,31387.0,2302206.0,0.553669,1.252767,LTU,DNK,7810
1889517,131,64,1314,2006.0,256517.0,1196580.0,1.285123,0.999081,LUX,DNK,7810
1889518,132,64,1314,2006.0,0.0,317280.0,0.548453,1.027836,LVA,DNK,7810
1889519,135,64,1314,2006.0,0.0,12516.0,0.043632,0.21129299999999998,MDA,DNK,7810
1889520,137,64,1314,2006.0,0.0,45718.0,-0.21327600000000002,-0.8216959999999999,MDV,DNK,7810
1889521,138,64,1314,2006.0,1629428.0,0.0,1.2996729999999999,0.655941,MEX,DNK,7810
1889522,141,64,1314,2006.0,0.0,61523.0,-0.588006,-0.687707,MLI,DNK,7810
1889523,147,64,1314,2006.0,0.0,51066.0,-1.199074,-1.031059,MOZ,DNK,7810
1889524,148,64,1314,2006.0,0.0,33243.0,-1.729545,-1.284734,MRT,DNK,7810
1889525,152,64,1314,2006.0,0.0,109915.0,-0.822168,-0.8834860000000001,MWI,DNK,7810
1889526,153,64,1314,2006.0,0.0,33637.0,0.9497270000000001,0.324179,MYS,DNK,7810
1889527,155,64,1314,2006.0,0.0,53627.0,-0.425389,-0.690279,NAM,DNK,7810
1889528,159,64,1314,2006.0,0.0,39115.0,-2.088278,-1.224464,NGA,DNK,7810
1889529,162,64,1314,2006.0,25293410.0,5562321.0,1.115718,1.4743680000000001,NLD,DNK,7810
1889530,163,64,1314,2006.0,3396440.0,21360662.0,0.621685,-0.280378,NOR,DNK,7810
1889531,166,64,1314,2006.0,10279.0,0.0,0.40442100000000003,0.821033,NZL,DNK,7810
1889532,167,64,1314,2006.0,0.0,28913.0,-0.871816,-1.184985,OMN,DNK,7810
1889533,168,64,1314,2006.0,0.0,381115.0,-0.500494,0.334983,PAK,DNK,7810
1889534,169,64,1314,2006.0,24225.0,0.0,0.511845,0.7560560000000001,PAN,DNK,7810
1889535,177,64,1314,2006.0,41688168.0,1928195.0,1.0576860000000001,1.283664,POL,DNK,7810
1889536,179,64,1314,2006.0,2642530.0,296210.0,0.695569,1.7476200000000002,PRT,DNK,7810
1889537,180,64,1314,2006.0,0.0,13273.0,-0.49234399999999995,-0.547616,PRY,DNK,7810
1889538,185,64,1314,2006.0,0.0,318533.0,0.733232,1.2149,ROU,DNK,7810
1889539,186,64,1314,2006.0,409329.0,425068.0,0.311252,-0.093895,RUS,DNK,7810
1889540,187,64,1314,2006.0,0.0,24093.0,0.190864,-0.346779,RWA,DNK,7810
1889541,188,64,1314,2006.0,79869.0,193001.0,-0.094152,-0.921106,SAU,DNK,7810
1889542,190,64,1314,2006.0,0.0,34057.0,-1.727355,-1.278714,SDN,DNK,7810
1889543,191,64,1314,2006.0,0.0,21566.0,-0.548758,-0.152572,SEN,DNK,7810
1889544,192,64,1314,2006.0,18082.0,152185.0,1.670134,0.43955600000000006,SGP,DNK,7810
1889545,196,64,1314,2006.0,0.0,13726.0,0.23031999999999997,-0.114212,SLE,DNK,7810
1889546,197,64,1314,2006.0,0.0,15150.0,-0.127317,0.189904,SLV,DNK,7810
1889547,201,64,1314,2006.0,0.0,87426.0,0.581078,1.5831600000000001,SRB,DNK,7810
1889548,206,64,1314,2006.0,54904348.0,27893.0,1.3569950000000002,0.8663290000000001,SVK,DNK,7810
1889549,207,64,1314,2006.0,21337350.0,0.0,1.562187,0.612624,SVN,DNK,7810
1889550,208,64,1314,2006.0,522190112.0,9191686.0,1.921461,0.478688,SWE,DNK,7810
1889551,212,64,1314,2006.0,0.0,330151.0,-0.49903100000000006,0.362867,SYR,DNK,7810
1889552,215,64,1314,2006.0,0.0,32782.0,-0.81795,-0.567823,TGO,DNK,7810
1889553,216,64,1314,2006.0,1707611.0,0.0,0.73283,1.419023,THA,DNK,7810
1889554,223,64,1314,2006.0,2389.0,22544.0,0.140257,0.528918,TUN,DNK,7810
1889555,224,64,1314,2006.0,79705240.0,115218.0,0.41471,2.138217,TUR,DNK,7810
1889556,226,64,1314,2006.0,0.0,98103.0,-0.804761,0.6328729999999999,TZA,DNK,7810
1889557,227,64,1314,2006.0,0.0,194667.0,-0.789284,-0.161216,UGA,DNK,7810
1889558,228,64,1314,2006.0,6389.0,1383835.0,0.598325,1.225485,UKR,DNK,7810
1889559,231,64,1314,2006.0,30836802.0,460025.0,1.616918,-0.429924,USA,DNK,7810
1889560,232,64,1314,2006.0,0.0,3374.0,-0.508594,-0.7682720000000001,UZB,DNK,7810
1889561,236,64,1314,2006.0,0.0,12072.0,-0.5559649999999999,-0.9988299999999999,VEN,DNK,7810
1889562,239,64,1314,2006.0,0.0,823415.0,-0.089404,0.986066,VNM,DNK,7810
1889563,246,64,1314,2006.0,9263.0,63325.0,0.18317,1.675934,ZAF,DNK,7810
1889564,247,64,1314,2006.0,0.0,320817.0,-0.8819040000000001,-0.990542,ZMB,DNK,7810
1889565,248,64,1314,2006.0,0.0,25373.0,-0.354477,-0.273037,ZWE,DNK,7810
1889566,249,64,1314,2006.0,1004502.0,85249.0,1.6683169999999998,1.230621,TWN,DNK,7810
1889567,6,65,1314,2006.0,184647.0,0.0,0.0063100000000000005,-0.61161,ANT,DOM,7810
1889568,8,65,1314,2006.0,13762302.0,0.0,0.076917,1.06231,ARG,DOM,7810
1889569,18,65,1314,2006.0,1166852.0,5735.0,1.234224,1.308065,BEL,DOM,7810
1889570,31,65,1314,2006.0,4361.0,0.0,-0.9174540000000001,-0.8314729999999999,BOL,DOM,7810
1889571,32,65,1314,2006.0,4371264.0,0.0,0.622959,1.413527,BRA,DOM,7810
1889572,39,65,1314,2006.0,186125.0,0.0,0.806511,1.466573,CAN,DOM,7810
1889573,41,65,1314,2006.0,44451.0,0.0,2.038668,0.46319,CHE,DOM,7810
1889574,43,65,1314,2006.0,1160037.0,0.0,0.842242,1.7392740000000002,CHN,DOM,7810
1889575,49,65,1314,2006.0,4411701.0,3475.0,0.162228,0.550616,COL,DOM,7810
1889576,52,65,1314,2006.0,25908.0,0.0,0.07128999999999999,-0.24274400000000002,CRI,DOM,7810
1889577,54,65,1314,2006.0,40779.0,0.0,0.207314,-0.473224,CUB,DOM,7810
1889578,59,65,1314,2006.0,1916114.0,0.0,1.6478549999999998,0.095131,CZE,DOM,7810
1889579,61,65,1314,2006.0,37844656.0,0.0,2.135679,-2.933329,DEU,DOM,7810
1889580,64,65,1314,2006.0,17657.0,0.0,1.25209,1.133206,DNK,DOM,7810
1889581,71,65,1314,2006.0,6573248.0,130588.0,0.9909459999999999,1.785809,ESP,DOM,7810
1889582,73,65,1314,2006.0,1251577.0,0.0,-1.129189,-0.953627,ETH,DOM,7810
1889583,77,65,1314,2006.0,3055017.0,13393.0,1.499686,0.16705699999999998,FRA,DOM,7810
1889584,81,65,1314,2006.0,8168808.0,0.0,1.8509779999999998,0.674074,GBR,DOM,7810
1889585,93,65,1314,2006.0,113574.0,7438.0,-0.179628,0.671552,GTM,DOM,7810
1889586,96,65,1314,2006.0,1063.0,0.0,-0.637993,-0.880094,GUY,DOM,7810
1889587,99,65,1314,2006.0,25709.0,9600.0,-0.520217,-0.41097399999999995,HND,DOM,7810
1889588,100,65,1314,2006.0,6068.0,0.0,0.866511,1.217552,HRV,DOM,7810
1889589,101,65,1314,2006.0,53912.0,33761.0,-0.8555889999999999,-1.017282,HTI,DOM,7810
1889590,103,65,1314,2006.0,206846.0,0.0,0.0036969999999999998,1.703498,IDN,DOM,7810
1889591,104,65,1314,2006.0,12539.0,0.0,0.202078,2.594677,IND,DOM,7810
1889592,111,65,1314,2006.0,1790082.0,47025.0,1.416017,0.161859,ITA,DOM,7810
1889593,114,65,1314,2006.0,119316024.0,0.0,2.442213,-0.046222000000000006,JPN,DOM,7810
1889594,121,65,1314,2006.0,22383044.0,0.0,1.588589,0.799507,KOR,DOM,7810
1889595,138,65,1314,2006.0,2851663.0,0.0,1.2996729999999999,0.655941,MEX,DOM,7810
1889596,162,65,1314,2006.0,63269.0,0.0,1.115718,1.4743680000000001,NLD,DOM,7810
1889597,163,65,1314,2006.0,8223.0,0.0,0.621685,-0.280378,NOR,DOM,7810
1889598,169,65,1314,2006.0,752783.0,0.0,0.511845,0.7560560000000001,PAN,DOM,7810
1889599,173,65,1314,2006.0,14472.0,0.0,-0.523516,-0.15574100000000002,PER,DOM,7810
1889600,188,65,1314,2006.0,22997.0,0.0,-0.094152,-0.921106,SAU,DOM,7810
1889601,192,65,1314,2006.0,238037.0,0.0,1.670134,0.43955600000000006,SGP,DOM,7810
1889602,197,65,1314,2006.0,0.0,14281.0,-0.127317,0.189904,SLV,DOM,7810
1889603,203,65,1314,2006.0,28891.0,0.0,1.061292,-0.052414999999999996,STP,DOM,7810
1889604,206,65,1314,2006.0,2877882.0,0.0,1.3569950000000002,0.8663290000000001,SVK,DOM,7810
1889605,208,65,1314,2006.0,320814.0,0.0,1.921461,0.478688,SWE,DOM,7810
1889606,216,65,1314,2006.0,385472.0,0.0,0.73283,1.419023,THA,DOM,7810
1889607,222,65,1314,2006.0,4113.0,0.0,-0.346992,-1.03502,TTO,DOM,7810
1889608,224,65,1314,2006.0,1151692.0,0.0,0.41471,2.138217,TUR,DOM,7810
1889609,230,65,1314,2006.0,204142.0,0.0,0.047764999999999995,0.23831100000000002,URY,DOM,7810
1889610,231,65,1314,2006.0,186859360.0,278784.0,1.616918,-0.429924,USA,DOM,7810
1889611,236,65,1314,2006.0,24722.0,8375.0,-0.5559649999999999,-0.9988299999999999,VEN,DOM,7810
1889612,243,65,1314,2006.0,4649.0,0.0,-1.070559,-1.1655389999999999,YEM,DOM,7810
1889613,246,65,1314,2006.0,12733.0,0.0,0.18317,1.675934,ZAF,DOM,7810
1889614,249,65,1314,2006.0,258939.0,0.0,1.6683169999999998,1.230621,TWN,DOM,7810
1889615,250,65,1314,2006.0,2317937.0,0.0,0.202525,-0.46324499999999996,ANS,DOM,7810
1889616,8,67,1314,2006.0,7936930.0,20111.0,0.076917,1.06231,ARG,ECU,7810
1889617,18,67,1314,2006.0,1543148.0,0.0,1.234224,1.308065,BEL,ECU,7810
1889618,31,67,1314,2006.0,24465.0,0.0,-0.9174540000000001,-0.8314729999999999,BOL,ECU,7810
1889619,32,67,1314,2006.0,109597272.0,0.0,0.622959,1.413527,BRA,ECU,7810
1889620,39,67,1314,2006.0,95473.0,0.0,0.806511,1.466573,CAN,ECU,7810
1889621,41,67,1314,2006.0,25732.0,0.0,2.038668,0.46319,CHE,ECU,7810
1889622,42,67,1314,2006.0,820647.0,0.0,-0.193151,-0.46637,CHL,ECU,7810
1889623,43,67,1314,2006.0,3768817.0,0.0,0.842242,1.7392740000000002,CHN,ECU,7810
1889624,49,67,1314,2006.0,92543640.0,85763760.0,0.162228,0.550616,COL,ECU,7810
1889625,52,67,1314,2006.0,18756.0,0.0,0.07128999999999999,-0.24274400000000002,CRI,ECU,7810
1889626,54,67,1314,2006.0,29167.0,0.0,0.207314,-0.473224,CUB,ECU,7810
1889627,59,67,1314,2006.0,5870658.0,0.0,1.6478549999999998,0.095131,CZE,ECU,7810
1889628,61,67,1314,2006.0,11968442.0,0.0,2.135679,-2.933329,DEU,ECU,7810
1889629,71,67,1314,2006.0,714333.0,0.0,0.9909459999999999,1.785809,ESP,ECU,7810
1889630,77,67,1314,2006.0,3625891.0,0.0,1.499686,0.16705699999999998,FRA,ECU,7810
1889631,81,67,1314,2006.0,886799.0,0.0,1.8509779999999998,0.674074,GBR,ECU,7810
1889632,93,67,1314,2006.0,35720.0,3518.0,-0.179628,0.671552,GTM,ECU,7810
1889633,104,67,1314,2006.0,2860660.0,0.0,0.202078,2.594677,IND,ECU,7810
1889634,111,67,1314,2006.0,114724.0,0.0,1.416017,0.161859,ITA,ECU,7810
1889635,114,67,1314,2006.0,134597088.0,0.0,2.442213,-0.046222000000000006,JPN,ECU,7810
1889636,121,67,1314,2006.0,167536144.0,0.0,1.588589,0.799507,KOR,ECU,7810
1889637,138,67,1314,2006.0,10801942.0,0.0,1.2996729999999999,0.655941,MEX,ECU,7810
1889638,160,67,1314,2006.0,9527.0,18149.0,-0.9416120000000001,-0.888491,NIC,ECU,7810
1889639,162,67,1314,2006.0,1142806.0,0.0,1.115718,1.4743680000000001,NLD,ECU,7810
1889640,163,67,1314,2006.0,0.0,4710.0,0.621685,-0.280378,NOR,ECU,7810
1889641,169,67,1314,2006.0,411992.0,17751.0,0.511845,0.7560560000000001,PAN,ECU,7810
1889642,173,67,1314,2006.0,247359.0,9895.0,-0.523516,-0.15574100000000002,PER,ECU,7810
1889643,177,67,1314,2006.0,0.0,3025.0,1.0576860000000001,1.283664,POL,ECU,7810
1889644,183,67,1314,2006.0,8542.0,0.0,-0.467699,-1.062471,QAT,ECU,7810
1889645,186,67,1314,2006.0,3006365.0,0.0,0.311252,-0.093895,RUS,ECU,7810
1889646,197,67,1314,2006.0,7268.0,0.0,-0.127317,0.189904,SLV,ECU,7810
1889647,206,67,1314,2006.0,81135.0,0.0,1.3569950000000002,0.8663290000000001,SVK,ECU,7810
1889648,208,67,1314,2006.0,886050.0,0.0,1.921461,0.478688,SWE,ECU,7810
1889649,216,67,1314,2006.0,8085940.0,0.0,0.73283,1.419023,THA,ECU,7810
1889650,230,67,1314,2006.0,14681.0,0.0,0.047764999999999995,0.23831100000000002,URY,ECU,7810
1889651,231,67,1314,2006.0,22127068.0,3010.0,1.616918,-0.429924,USA,ECU,7810
1889652,236,67,1314,2006.0,42089492.0,12645175.0,-0.5559649999999999,-0.9988299999999999,VEN,ECU,7810
1889653,250,67,1314,2006.0,1469126.0,0.0,0.202525,-0.46324499999999996,ANS,ECU,7810
1889654,0,71,1314,2006.0,0.0,26058.0,-0.353579,-0.852273,ABW,ESP,7810
1889655,1,71,1314,2006.0,0.0,91193.0,-0.906723,-0.6810039999999999,AFG,ESP,7810
1889656,2,71,1314,2006.0,3251.0,2951697.0,-2.2010959999999997,-1.189215,AGO,ESP,7810
1889657,4,71,1314,2006.0,7071.0,653451.0,-0.310731,-0.01222,ALB,ESP,7810
1889658,5,71,1314,2006.0,2914076.0,75876272.0,0.986957,0.458078,AND,ESP,7810
1889659,6,71,1314,2006.0,51632.0,961455.0,0.0063100000000000005,-0.61161,ANT,ESP,7810
1889660,7,71,1314,2006.0,272735.0,34327032.0,-0.12063900000000001,-0.817929,ARE,ESP,7810
1889661,8,71,1314,2006.0,382858.0,3360984.0,0.076917,1.06231,ARG,ESP,7810
1889662,9,71,1314,2006.0,0.0,218434.0,-0.044726999999999996,-0.486043,ARM,ESP,7810
1889663,13,71,1314,2006.0,0.0,658043.0,-0.49273500000000003,-0.92522,ATG,ESP,7810
1889664,14,71,1314,2006.0,11025.0,61137312.0,-0.183265,0.564314,AUS,ESP,7810
1889665,15,71,1314,2006.0,269980896.0,275304192.0,1.772588,-0.008943000000000001,AUT,ESP,7810
1889666,16,71,1314,2006.0,0.0,666131.0,-0.949606,-1.099346,AZE,ESP,7810
1889667,18,71,1314,2006.0,1543462016.0,955402944.0,1.234224,1.308065,BEL,ESP,7810
1889668,19,71,1314,2006.0,0.0,540728.0,-1.093919,-0.9748319999999999,BEN,ESP,7810
1889669,21,71,1314,2006.0,0.0,66639.0,-0.81399,-0.972464,BFA,ESP,7810
1889670,22,71,1314,2006.0,0.0,141083.0,-0.776517,-0.874408,BGD,ESP,7810
1889671,23,71,1314,2006.0,86271.0,12844632.0,0.490234,1.581841,BGR,ESP,7810
1889672,24,71,1314,2006.0,39502.0,2213395.0,-0.220239,-1.07936,BHR,ESP,7810
1889673,26,71,1314,2006.0,48908.0,2536222.0,0.543053,0.68971,BIH,ESP,7810
1889674,28,71,1314,2006.0,15686.0,1152453.0,0.948306,0.702786,BLR,ESP,7810
1889675,29,71,1314,2006.0,0.0,163015.0,-0.275783,-0.6653439999999999,BLZ,ESP,7810
1889676,30,71,1314,2006.0,0.0,104781.0,-0.14324,-0.814511,BMU,ESP,7810
1889677,31,71,1314,2006.0,27071.0,309705.0,-0.9174540000000001,-0.8314729999999999,BOL,ESP,7810
1889678,32,71,1314,2006.0,947689.0,1390644.0,0.622959,1.413527,BRA,ESP,7810
1889679,33,71,1314,2006.0,0.0,413387.0,0.689051,0.416818,BRB,ESP,7810
1889680,34,71,1314,2006.0,0.0,396176.0,-0.933665,-0.929327,BRN,ESP,7810
1889681,39,71,1314,2006.0,6823802.0,2361487.0,0.806511,1.466573,CAN,ESP,7810
1889682,41,71,1314,2006.0,4667656.0,306988064.0,2.038668,0.46319,CHE,ESP,7810
1889683,42,71,1314,2006.0,277066.0,18438492.0,-0.193151,-0.46637,CHL,ESP,7810
1889684,43,71,1314,2006.0,16811848.0,24891798.0,0.842242,1.7392740000000002,CHN,ESP,7810
1889685,44,71,1314,2006.0,0.0,189245.0,-0.9293,-0.853074,CIV,ESP,7810
1889686,45,71,1314,2006.0,12768.0,167857.0,-1.570753,-1.22499,CMR,ESP,7810
1889687,46,71,1314,2006.0,0.0,281599.0,-1.334582,-1.119781,COD,ESP,7810
1889688,47,71,1314,2006.0,0.0,203177.0,-1.8919540000000001,-1.272166,COG,ESP,7810
1889689,49,71,1314,2006.0,116364.0,8601474.0,0.162228,0.550616,COL,ESP,7810
1889690,51,71,1314,2006.0,0.0,2360106.0,0.402348,-0.355768,CPV,ESP,7810
1889691,52,71,1314,2006.0,27347.0,2237492.0,0.07128999999999999,-0.24274400000000002,CRI,ESP,7810
1889692,54,71,1314,2006.0,31955.0,3184034.0,0.207314,-0.473224,CUB,ESP,7810
1889693,58,71,1314,2006.0,528981.0,30711270.0,0.728916,0.023954,CYP,ESP,7810
1889694,59,71,1314,2006.0,176984208.0,75459376.0,1.6478549999999998,0.095131,CZE,ESP,7810
1889695,61,71,1314,2006.0,8040572928.0,3266785024.0,2.135679,-2.933329,DEU,ESP,7810
1889696,64,71,1314,2006.0,1600180.0,176939712.0,1.25209,1.133206,DNK,ESP,7810
1889697,65,71,1314,2006.0,130588.0,6573248.0,0.044542,0.178998,DOM,ESP,7810
1889698,66,71,1314,2006.0,2099.0,63496112.0,-1.079717,-1.153102,DZA,ESP,7810
1889699,67,71,1314,2006.0,0.0,714333.0,-0.9617209999999999,-0.936366,ECU,ESP,7810
1889700,68,71,1314,2006.0,96421.0,5513961.0,-0.305058,0.294265,EGY,ESP,7810
1889701,72,71,1314,2006.0,2117666.0,20485346.0,0.737979,1.1881950000000001,EST,ESP,7810
1889702,73,71,1314,2006.0,0.0,269880.0,-1.129189,-0.953627,ETH,ESP,7810
1889703,74,71,1314,2006.0,1683420.0,164361616.0,1.8630220000000002,0.87172,FIN,ESP,7810
1889704,75,71,1314,2006.0,0.0,158100.0,-0.527165,-0.17746900000000002,FJI,ESP,7810
1889705,77,71,1314,2006.0,5761889792.0,7936590336.0,1.499686,0.16705699999999998,FRA,ESP,7810
1889706,78,71,1314,2006.0,0.0,249775.0,-0.111228,-0.776069,FRO,ESP,7810
1889707,80,71,1314,2006.0,7601.0,77562.0,-1.2162620000000002,-1.141485,GAB,ESP,7810
1889708,81,71,1314,2006.0,1779005568.0,3402964224.0,1.8509779999999998,0.674074,GBR,ESP,7810
1889709,82,71,1314,2006.0,18334.0,405808.0,-0.152929,-0.438435,GEO,ESP,7810
1889710,83,71,1314,2006.0,0.0,975323.0,-0.9211739999999999,-0.738322,GHA,ESP,7810
1889711,84,71,1314,2006.0,976894.0,13545714.0,0.519846,-0.43742600000000004,GIB,ESP,7810
1889712,85,71,1314,2006.0,0.0,146636.0,-1.526825,-1.191811,GIN,ESP,7810
1889713,87,71,1314,2006.0,0.0,593896.0,-0.234454,-0.43427899999999997,GMB,ESP,7810
1889714,88,71,1314,2006.0,0.0,334361.0,-0.773687,-0.804,GNB,ESP,7810
1889715,89,71,1314,2006.0,12166.0,4726208.0,-2.448721,-0.949732,GNQ,ESP,7810
1889716,90,71,1314,2006.0,4227462.0,390198368.0,0.183748,1.582167,GRC,ESP,7810
1889717,93,71,1314,2006.0,154522.0,1945226.0,-0.179628,0.671552,GTM,ESP,7810
1889718,96,71,1314,2006.0,0.0,42825.0,-0.637993,-0.880094,GUY,ESP,7810
1889719,97,71,1314,2006.0,72353.0,1717078.0,0.63347,1.276634,HKG,ESP,7810
1889720,99,71,1314,2006.0,50686.0,3453116.0,-0.520217,-0.41097399999999995,HND,ESP,7810
1889721,100,71,1314,2006.0,15714.0,62846892.0,0.866511,1.217552,HRV,ESP,7810
1889722,101,71,1314,2006.0,0.0,66439.0,-0.8555889999999999,-1.017282,HTI,ESP,7810
1889723,102,71,1314,2006.0,70824872.0,185549504.0,1.469539,0.8546090000000001,HUN,ESP,7810
1889724,103,71,1314,2006.0,0.0,69562.0,0.0036969999999999998,1.703498,IDN,ESP,7810
1889725,104,71,1314,2006.0,45577060.0,185081.0,0.202078,2.594677,IND,ESP,7810
1889726,106,71,1314,2006.0,491289.0,207237824.0,1.501322,0.161375,IRL,ESP,7810
1889727,107,71,1314,2006.0,17311.0,42147.0,-0.755814,-0.9279059999999999,IRN,ESP,7810
1889728,109,71,1314,2006.0,0.0,5205388.0,0.06816699999999999,-0.36412,ISL,ESP,7810
1889729,110,71,1314,2006.0,72187.0,122877648.0,1.286738,0.8783610000000001,ISR,ESP,7810
1889730,111,71,1314,2006.0,839494976.0,2919806976.0,1.416017,0.161859,ITA,ESP,7810
1889731,112,71,1314,2006.0,0.0,154819.0,-0.280417,-0.9436829999999999,JAM,ESP,7810
1889732,113,71,1314,2006.0,48257.0,1419780.0,0.31143899999999997,0.428361,JOR,ESP,7810
1889733,114,71,1314,2006.0,1521752960.0,24975720.0,2.442213,-0.046222000000000006,JPN,ESP,7810
1889734,115,71,1314,2006.0,0.0,2399142.0,-0.18694000000000002,-0.468758,KAZ,ESP,7810
1889735,116,71,1314,2006.0,6524.0,103114.0,-0.402762,0.89869,KEN,ESP,7810
1889736,117,71,1314,2006.0,0.0,5667.0,-0.091973,0.331995,KGZ,ESP,7810
1889737,118,71,1314,2006.0,0.0,10155.0,-0.841936,-1.038648,KHM,ESP,7810
1889738,121,71,1314,2006.0,1496367488.0,159128.0,1.588589,0.799507,KOR,ESP,7810
1889739,122,71,1314,2006.0,513091.0,4872526.0,-1.506818,-1.193717,KWT,ESP,7810
1889740,123,71,1314,2006.0,0.0,50546.0,-0.8422700000000001,-1.000073,LAO,ESP,7810
1889741,124,71,1314,2006.0,132709.0,5780692.0,0.450113,1.7365119999999998,LBN,ESP,7810
1889742,126,71,1314,2006.0,0.0,392451.0,-0.7543529999999999,-1.123674,LBY,ESP,7810
1889743,127,71,1314,2006.0,0.0,39580.0,0.990517,-0.100522,LCA,ESP,7810
1889744,130,71,1314,2006.0,614552.0,5065276.0,0.553669,1.252767,LTU,ESP,7810
1889745,131,71,1314,2006.0,4149745.0,53283364.0,1.285123,0.999081,LUX,ESP,7810
1889746,132,71,1314,2006.0,106149.0,6181084.0,0.548453,1.027836,LVA,ESP,7810
1889747,133,71,1314,2006.0,0.0,275754.0,0.120923,-0.266158,MAC,ESP,7810
1889748,134,71,1314,2006.0,392474.0,72885056.0,-0.41821499999999995,0.175231,MAR,ESP,7810
1889749,135,71,1314,2006.0,26667.0,50075.0,0.043632,0.21129299999999998,MDA,ESP,7810
1889750,136,71,1314,2006.0,0.0,440913.0,-0.772571,-0.521647,MDG,ESP,7810
1889751,138,71,1314,2006.0,15909820.0,258170368.0,1.2996729999999999,0.655941,MEX,ESP,7810
1889752,140,71,1314,2006.0,0.0,6222532.0,-0.098526,0.423279,MKD,ESP,7810
1889753,141,71,1314,2006.0,0.0,96485.0,-0.588006,-0.687707,MLI,ESP,7810
1889754,142,71,1314,2006.0,7373.0,13082177.0,1.5366819999999999,0.301101,MLT,ESP,7810
1889755,144,71,1314,2006.0,0.0,1006424.0,0.057147,-0.145592,MNE,ESP,7810
1889756,145,71,1314,2006.0,0.0,406445.0,-0.806932,-1.01265,MNG,ESP,7810
1889757,147,71,1314,2006.0,0.0,47679.0,-1.199074,-1.031059,MOZ,ESP,7810
1889758,148,71,1314,2006.0,0.0,2753900.0,-1.729545,-1.284734,MRT,ESP,7810
1889759,151,71,1314,2006.0,0.0,657564.0,-0.214308,-0.140502,MUS,ESP,7810
1889760,153,71,1314,2006.0,101586.0,5450418.0,0.9497270000000001,0.324179,MYS,ESP,7810
1889761,154,71,1314,2006.0,0.0,533927.0,1.459222,0.528891,MYT,ESP,7810
1889762,155,71,1314,2006.0,5213.0,30645.0,-0.425389,-0.690279,NAM,ESP,7810
1889763,156,71,1314,2006.0,0.0,3327163.0,-0.42703900000000006,-0.840608,NCL,ESP,7810
1889764,157,71,1314,2006.0,0.0,33176.0,-0.52447,-0.641225,NER,ESP,7810
1889765,159,71,1314,2006.0,5846.0,3334972.0,-2.088278,-1.224464,NGA,ESP,7810
1889766,160,71,1314,2006.0,0.0,626933.0,-0.9416120000000001,-0.888491,NIC,ESP,7810
1889767,162,71,1314,2006.0,118550464.0,432913280.0,1.115718,1.4743680000000001,NLD,ESP,7810
1889768,163,71,1314,2006.0,474969.0,30113126.0,0.621685,-0.280378,NOR,ESP,7810
1889769,166,71,1314,2006.0,158913.0,5488784.0,0.40442100000000003,0.821033,NZL,ESP,7810
1889770,167,71,1314,2006.0,10974.0,4684554.0,-0.871816,-1.184985,OMN,ESP,7810
1889771,168,71,1314,2006.0,0.0,32556.0,-0.500494,0.334983,PAK,ESP,7810
1889772,169,71,1314,2006.0,203599.0,2131048.0,0.511845,0.7560560000000001,PAN,ESP,7810
1889773,173,71,1314,2006.0,65197.0,2140354.0,-0.523516,-0.15574100000000002,PER,ESP,7810
1889774,174,71,1314,2006.0,44456.0,189534.0,0.32715,-0.15929200000000002,PHL,ESP,7810
1889775,176,71,1314,2006.0,0.0,125478.0,-1.754684,-1.235725,PNG,ESP,7810
1889776,177,71,1314,2006.0,361668256.0,150402160.0,1.0576860000000001,1.283664,POL,ESP,7810
1889777,178,71,1314,2006.0,29858.0,0.0,0.649384,1.069006,PRK,ESP,7810
1889778,179,71,1314,2006.0,376906208.0,657215936.0,0.695569,1.7476200000000002,PRT,ESP,7810
1889779,180,71,1314,2006.0,33554.0,462226.0,-0.49234399999999995,-0.547616,PRY,ESP,7810
1889780,181,71,1314,2006.0,0.0,483260.0,-0.043153,-0.421504,PSE,ESP,7810
1889781,182,71,1314,2006.0,0.0,903948.0,-0.2789,-0.847551,PYF,ESP,7810
1889782,183,71,1314,2006.0,0.0,1170355.0,-0.467699,-1.062471,QAT,ESP,7810
1889783,185,71,1314,2006.0,44317924.0,116606432.0,0.733232,1.2149,ROU,ESP,7810
1889784,186,71,1314,2006.0,799656.0,120130912.0,0.311252,-0.093895,RUS,ESP,7810
1889785,187,71,1314,2006.0,0.0,13091.0,0.190864,-0.346779,RWA,ESP,7810
1889786,188,71,1314,2006.0,366771.0,7213197.0,-0.094152,-0.921106,SAU,ESP,7810
1889787,190,71,1314,2006.0,0.0,418170.0,-1.727355,-1.278714,SDN,ESP,7810
1889788,191,71,1314,2006.0,278350.0,1137326.0,-0.548758,-0.152572,SEN,ESP,7810
1889789,192,71,1314,2006.0,86465.0,5025712.0,1.670134,0.43955600000000006,SGP,ESP,7810
1889790,197,71,1314,2006.0,16389.0,452236.0,-0.127317,0.189904,SLV,ESP,7810
1889791,201,71,1314,2006.0,14339.0,2814216.0,0.581078,1.5831600000000001,SRB,ESP,7810
1889792,203,71,1314,2006.0,0.0,1019.0,1.061292,-0.052414999999999996,STP,ESP,7810
1889793,206,71,1314,2006.0,204860000.0,46064016.0,1.3569950000000002,0.8663290000000001,SVK,ESP,7810
1889794,207,71,1314,2006.0,81258032.0,42156852.0,1.562187,0.612624,SVN,ESP,7810
1889795,208,71,1314,2006.0,431149088.0,103477616.0,1.921461,0.478688,SWE,ESP,7810
1889796,211,71,1314,2006.0,0.0,195782.0,-0.45782,-0.822773,SYC,ESP,7810
1889797,212,71,1314,2006.0,4065.0,20344316.0,-0.49903100000000006,0.362867,SYR,ESP,7810
1889798,214,71,1314,2006.0,0.0,10058.0,-2.842809,-0.9798959999999999,TCD,ESP,7810
1889799,215,71,1314,2006.0,0.0,52698.0,-0.81795,-0.567823,TGO,ESP,7810
1889800,216,71,1314,2006.0,142292.0,1900098.0,0.73283,1.419023,THA,ESP,7810
1889801,222,71,1314,2006.0,3437.0,537785.0,-0.346992,-1.03502,TTO,ESP,7810
1889802,223,71,1314,2006.0,23991.0,61254656.0,0.140257,0.528918,TUN,ESP,7810
1889803,224,71,1314,2006.0,333690016.0,654431744.0,0.41471,2.138217,TUR,ESP,7810
1889804,226,71,1314,2006.0,0.0,182436.0,-0.804761,0.6328729999999999,TZA,ESP,7810
1889805,227,71,1314,2006.0,0.0,17102.0,-0.789284,-0.161216,UGA,ESP,7810
1889806,228,71,1314,2006.0,22999.0,45334804.0,0.598325,1.225485,UKR,ESP,7810
1889807,230,71,1314,2006.0,148498.0,205199.0,0.047764999999999995,0.23831100000000002,URY,ESP,7810
1889808,231,71,1314,2006.0,105625256.0,3032816.0,1.616918,-0.429924,USA,ESP,7810
1889809,236,71,1314,2006.0,68517.0,17372060.0,-0.5559649999999999,-0.9988299999999999,VEN,ESP,7810
1889810,239,71,1314,2006.0,61738.0,56538.0,-0.089404,0.986066,VNM,ESP,7810
1889811,240,71,1314,2006.0,0.0,22661.0,-0.960584,-0.971794,VUT,ESP,7810
1889812,243,71,1314,2006.0,0.0,258495.0,-1.070559,-1.1655389999999999,YEM,ESP,7810
1889813,246,71,1314,2006.0,92755.0,136703264.0,0.18317,1.675934,ZAF,ESP,7810
1889814,248,71,1314,2006.0,0.0,12692.0,-0.354477,-0.273037,ZWE,ESP,7810
1889815,249,71,1314,2006.0,20729906.0,3653822.0,1.6683169999999998,1.230621,TWN,ESP,7810
1889816,2,74,1314,2006.0,0.0,3146.0,-2.2010959999999997,-1.189215,AGO,FIN,7810
1889817,7,74,1314,2006.0,64267.0,507199.0,-0.12063900000000001,-0.817929,ARE,FIN,7810
1889818,8,74,1314,2006.0,34241.0,580186.0,0.076917,1.06231,ARG,FIN,7810
1889819,13,74,1314,2006.0,0.0,16093.0,-0.49273500000000003,-0.92522,ATG,FIN,7810
1889820,14,74,1314,2006.0,70072.0,117867.0,-0.183265,0.564314,AUS,FIN,7810
1889821,15,74,1314,2006.0,38303420.0,3867269.0,1.772588,-0.008943000000000001,AUT,FIN,7810
1889822,16,74,1314,2006.0,0.0,41538.0,-0.949606,-1.099346,AZE,FIN,7810
1889823,18,74,1314,2006.0,210847024.0,2271422.0,1.234224,1.308065,BEL,FIN,7810
1889824,19,74,1314,2006.0,0.0,6449.0,-1.093919,-0.9748319999999999,BEN,FIN,7810
1889825,23,74,1314,2006.0,0.0,162323.0,0.490234,1.581841,BGR,FIN,7810
1889826,26,74,1314,2006.0,65734.0,1392604.0,0.543053,0.68971,BIH,FIN,7810
1889827,28,74,1314,2006.0,0.0,1914283.0,0.948306,0.702786,BLR,FIN,7810
1889828,31,74,1314,2006.0,0.0,3751.0,-0.9174540000000001,-0.8314729999999999,BOL,FIN,7810
1889829,39,74,1314,2006.0,83624096.0,42097348.0,0.806511,1.466573,CAN,FIN,7810
1889830,41,74,1314,2006.0,1164060.0,2028159.0,2.038668,0.46319,CHE,FIN,7810
1889831,42,74,1314,2006.0,0.0,72313.0,-0.193151,-0.46637,CHL,FIN,7810
1889832,43,74,1314,2006.0,9199170.0,4383594.0,0.842242,1.7392740000000002,CHN,FIN,7810
1889833,47,74,1314,2006.0,0.0,1258.0,-1.8919540000000001,-1.272166,COG,FIN,7810
1889834,59,74,1314,2006.0,87613848.0,579642.0,1.6478549999999998,0.095131,CZE,FIN,7810
1889835,61,74,1314,2006.0,1300238208.0,913565184.0,2.135679,-2.933329,DEU,FIN,7810
1889836,62,74,1314,2006.0,0.0,56676.0,-0.360761,-0.261373,DJI,FIN,7810
1889837,64,74,1314,2006.0,612170.0,326406.0,1.25209,1.133206,DNK,FIN,7810
1889838,68,74,1314,2006.0,0.0,22805.0,-0.305058,0.294265,EGY,FIN,7810
1889839,71,74,1314,2006.0,164361616.0,1683420.0,0.9909459999999999,1.785809,ESP,FIN,7810
1889840,72,74,1314,2006.0,997509.0,213345968.0,0.737979,1.1881950000000001,EST,FIN,7810
1889841,73,74,1314,2006.0,0.0,155866.0,-1.129189,-0.953627,ETH,FIN,7810
1889842,77,74,1314,2006.0,189396928.0,1987679.0,1.499686,0.16705699999999998,FRA,FIN,7810
1889843,78,74,1314,2006.0,0.0,23466.0,-0.111228,-0.776069,FRO,FIN,7810
1889844,81,74,1314,2006.0,739460864.0,3158244.0,1.8509779999999998,0.674074,GBR,FIN,7810
1889845,82,74,1314,2006.0,0.0,194400.0,-0.152929,-0.438435,GEO,FIN,7810
1889846,83,74,1314,2006.0,0.0,54021.0,-0.9211739999999999,-0.738322,GHA,FIN,7810
1889847,87,74,1314,2006.0,0.0,3703.0,-0.234454,-0.43427899999999997,GMB,FIN,7810
1889848,90,74,1314,2006.0,0.0,3157751.0,0.183748,1.582167,GRC,FIN,7810
1889849,97,74,1314,2006.0,415114.0,0.0,0.63347,1.276634,HKG,FIN,7810
1889850,100,74,1314,2006.0,41785.0,123691.0,0.866511,1.217552,HRV,FIN,7810
1889851,102,74,1314,2006.0,5161706.0,190822.0,1.469539,0.8546090000000001,HUN,FIN,7810
1889852,103,74,1314,2006.0,13697.0,0.0,0.0036969999999999998,1.703498,IDN,FIN,7810
1889853,104,74,1314,2006.0,0.0,178774.0,0.202078,2.594677,IND,FIN,7810
1889854,106,74,1314,2006.0,0.0,32164.0,1.501322,0.161375,IRL,FIN,7810
1889855,109,74,1314,2006.0,161197.0,425566.0,0.06816699999999999,-0.36412,ISL,FIN,7810
1889856,110,74,1314,2006.0,48555.0,394745.0,1.286738,0.8783610000000001,ISR,FIN,7810
1889857,111,74,1314,2006.0,69491312.0,13041999.0,1.416017,0.161859,ITA,FIN,7810
1889858,113,74,1314,2006.0,36512.0,0.0,0.31143899999999997,0.428361,JOR,FIN,7810
1889859,114,74,1314,2006.0,732517760.0,570725.0,2.442213,-0.046222000000000006,JPN,FIN,7810
1889860,115,74,1314,2006.0,0.0,10925284.0,-0.18694000000000002,-0.468758,KAZ,FIN,7810
1889861,117,74,1314,2006.0,0.0,59164.0,-0.091973,0.331995,KGZ,FIN,7810
1889862,121,74,1314,2006.0,295437312.0,0.0,1.588589,0.799507,KOR,FIN,7810
1889863,122,74,1314,2006.0,410390.0,0.0,-1.506818,-1.193717,KWT,FIN,7810
1889864,124,74,1314,2006.0,15731.0,90649.0,0.450113,1.7365119999999998,LBN,FIN,7810
1889865,128,74,1314,2006.0,0.0,24296.0,-0.37725,0.245153,LKA,FIN,7810
1889866,130,74,1314,2006.0,16692.0,55002436.0,0.553669,1.252767,LTU,FIN,7810
1889867,131,74,1314,2006.0,2253561.0,197086.0,1.285123,0.999081,LUX,FIN,7810
1889868,132,74,1314,2006.0,1508343.0,104235536.0,0.548453,1.027836,LVA,FIN,7810
1889869,133,74,1314,2006.0,0.0,142519.0,0.120923,-0.266158,MAC,FIN,7810
1889870,134,74,1314,2006.0,0.0,56405.0,-0.41821499999999995,0.175231,MAR,FIN,7810
1889871,135,74,1314,2006.0,0.0,126294.0,0.043632,0.21129299999999998,MDA,FIN,7810
1889872,138,74,1314,2006.0,39872700.0,0.0,1.2996729999999999,0.655941,MEX,FIN,7810
1889873,140,74,1314,2006.0,1010.0,3195657.0,-0.098526,0.423279,MKD,FIN,7810
1889874,142,74,1314,2006.0,60743.0,0.0,1.5366819999999999,0.301101,MLT,FIN,7810
1889875,144,74,1314,2006.0,0.0,41457.0,0.057147,-0.145592,MNE,FIN,7810
1889876,147,74,1314,2006.0,0.0,20126.0,-1.199074,-1.031059,MOZ,FIN,7810
1889877,153,74,1314,2006.0,37174.0,120266.0,0.9497270000000001,0.324179,MYS,FIN,7810
1889878,155,74,1314,2006.0,0.0,57071.0,-0.425389,-0.690279,NAM,FIN,7810
1889879,156,74,1314,2006.0,0.0,26383.0,-0.42703900000000006,-0.840608,NCL,FIN,7810
1889880,157,74,1314,2006.0,0.0,3668.0,-0.52447,-0.641225,NER,FIN,7810
1889881,159,74,1314,2006.0,0.0,1179.0,-2.088278,-1.224464,NGA,FIN,7810
1889882,162,74,1314,2006.0,6164500.0,299306.0,1.115718,1.4743680000000001,NLD,FIN,7810
1889883,163,74,1314,2006.0,1588723.0,17460654.0,0.621685,-0.280378,NOR,FIN,7810
1889884,166,74,1314,2006.0,4435.0,123166.0,0.40442100000000003,0.821033,NZL,FIN,7810
1889885,168,74,1314,2006.0,6251.0,338425.0,-0.500494,0.334983,PAK,FIN,7810
1889886,174,74,1314,2006.0,4750.0,0.0,0.32715,-0.15929200000000002,PHL,FIN,7810
1889887,177,74,1314,2006.0,24903566.0,315305.0,1.0576860000000001,1.283664,POL,FIN,7810
1889888,179,74,1314,2006.0,8173103.0,107626.0,0.695569,1.7476200000000002,PRT,FIN,7810
1889889,185,74,1314,2006.0,0.0,607735.0,0.733232,1.2149,ROU,FIN,7810
1889890,186,74,1314,2006.0,2377116.0,823205760.0,0.311252,-0.093895,RUS,FIN,7810
1889891,188,74,1314,2006.0,149472.0,24390.0,-0.094152,-0.921106,SAU,FIN,7810
1889892,190,74,1314,2006.0,0.0,20708.0,-1.727355,-1.278714,SDN,FIN,7810
1889893,192,74,1314,2006.0,1722616.0,28439.0,1.670134,0.43955600000000006,SGP,FIN,7810
1889894,196,74,1314,2006.0,42150.0,0.0,0.23031999999999997,-0.114212,SLE,FIN,7810
1889895,201,74,1314,2006.0,18651.0,73370.0,0.581078,1.5831600000000001,SRB,FIN,7810
1889896,206,74,1314,2006.0,89771752.0,66128.0,1.3569950000000002,0.8663290000000001,SVK,FIN,7810
1889897,207,74,1314,2006.0,13464417.0,1851801.0,1.562187,0.612624,SVN,FIN,7810
1889898,208,74,1314,2006.0,464076288.0,45377096.0,1.921461,0.478688,SWE,FIN,7810
1889899,212,74,1314,2006.0,0.0,194358.0,-0.49903100000000006,0.362867,SYR,FIN,7810
1889900,216,74,1314,2006.0,940832.0,0.0,0.73283,1.419023,THA,FIN,7810
1889901,217,74,1314,2006.0,0.0,6548.0,-0.9646819999999999,-1.166964,TJK,FIN,7810
1889902,223,74,1314,2006.0,0.0,26219.0,0.140257,0.528918,TUN,FIN,7810
1889903,224,74,1314,2006.0,122171216.0,180472.0,0.41471,2.138217,TUR,FIN,7810
1889904,226,74,1314,2006.0,0.0,29134.0,-0.804761,0.6328729999999999,TZA,FIN,7810
1889905,228,74,1314,2006.0,0.0,1149738.0,0.598325,1.225485,UKR,FIN,7810
1889906,230,74,1314,2006.0,0.0,61783.0,0.047764999999999995,0.23831100000000002,URY,FIN,7810
1889907,231,74,1314,2006.0,610050880.0,381558944.0,1.616918,-0.429924,USA,FIN,7810
1889908,239,74,1314,2006.0,0.0,35197.0,-0.089404,0.986066,VNM,FIN,7810
1889909,246,74,1314,2006.0,3716358.0,0.0,0.18317,1.675934,ZAF,FIN,7810
1889910,247,74,1314,2006.0,13509.0,44741.0,-0.8819040000000001,-0.990542,ZMB,FIN,7810
1889911,249,74,1314,2006.0,4965178.0,16867.0,1.6683169999999998,1.230621,TWN,FIN,7810
1889912,1,77,1314,2006.0,0.0,202110.0,-0.906723,-0.6810039999999999,AFG,FRA,7810
1889913,2,77,1314,2006.0,1073.0,6859180.0,-2.2010959999999997,-1.189215,AGO,FRA,7810
1889914,3,77,1314,2006.0,0.0,170144.0,1.2846959999999998,-0.19459100000000001,AIA,FRA,7810
1889915,4,77,1314,2006.0,1011950.0,2559580.0,-0.310731,-0.01222,ALB,FRA,7810
1889916,5,77,1314,2006.0,9389249.0,43445324.0,0.986957,0.458078,AND,FRA,7810
1889917,6,77,1314,2006.0,85942.0,3176663.0,0.0063100000000000005,-0.61161,ANT,FRA,7810
1889918,7,77,1314,2006.0,507240.0,53731628.0,-0.12063900000000001,-0.817929,ARE,FRA,7810
1889919,8,77,1314,2006.0,419777.0,21734950.0,0.076917,1.06231,ARG,FRA,7810
1889920,9,77,1314,2006.0,8978.0,844765.0,-0.044726999999999996,-0.486043,ARM,FRA,7810
1889921,11,77,1314,2006.0,0.0,136833.0,1.782976,-0.146927,ATA,FRA,7810
1889922,13,77,1314,2006.0,0.0,2361.0,-0.49273500000000003,-0.92522,ATG,FRA,7810
1889923,14,77,1314,2006.0,199001.0,205260192.0,-0.183265,0.564314,AUS,FRA,7810
1889924,15,77,1314,2006.0,215993648.0,501391200.0,1.772588,-0.008943000000000001,AUT,FRA,7810
1889925,16,77,1314,2006.0,0.0,657043.0,-0.949606,-1.099346,AZE,FRA,7810
1889926,17,77,1314,2006.0,0.0,37696.0,-0.139211,-0.558193,BDI,FRA,7810
1889927,18,77,1314,2006.0,1879790976.0,3764071168.0,1.234224,1.308065,BEL,FRA,7810
1889928,19,77,1314,2006.0,48375.0,3239704.0,-1.093919,-0.9748319999999999,BEN,FRA,7810
1889929,21,77,1314,2006.0,0.0,5149408.0,-0.81399,-0.972464,BFA,FRA,7810
1889930,22,77,1314,2006.0,0.0,20561.0,-0.776517,-0.874408,BGD,FRA,7810
1889931,23,77,1314,2006.0,28061.0,75748720.0,0.490234,1.581841,BGR,FRA,7810
1889932,24,77,1314,2006.0,178750.0,3308874.0,-0.220239,-1.07936,BHR,FRA,7810
1889933,25,77,1314,2006.0,0.0,116594.0,0.23525900000000002,-0.725657,BHS,FRA,7810
1889934,26,77,1314,2006.0,49471.0,4423305.0,0.543053,0.68971,BIH,FRA,7810
1889935,28,77,1314,2006.0,0.0,8768719.0,0.948306,0.702786,BLR,FRA,7810
1889936,29,77,1314,2006.0,0.0,11924.0,-0.275783,-0.6653439999999999,BLZ,FRA,7810
1889937,30,77,1314,2006.0,0.0,3527779.0,-0.14324,-0.814511,BMU,FRA,7810
1889938,31,77,1314,2006.0,17489.0,151989.0,-0.9174540000000001,-0.8314729999999999,BOL,FRA,7810
1889939,32,77,1314,2006.0,824574.0,38828320.0,0.622959,1.413527,BRA,FRA,7810
1889940,33,77,1314,2006.0,0.0,4612.0,0.689051,0.416818,BRB,FRA,7810
1889941,34,77,1314,2006.0,0.0,142388.0,-0.933665,-0.929327,BRN,FRA,7810
1889942,35,77,1314,2006.0,0.0,8142.0,-0.041116,-0.547545,BTN,FRA,7810
1889943,37,77,1314,2006.0,0.0,5610.0,-0.958566,-1.202559,BWA,FRA,7810
1889944,38,77,1314,2006.0,0.0,604873.0,-0.444701,-0.774726,CAF,FRA,7810
1889945,39,77,1314,2006.0,14727088.0,86563752.0,0.806511,1.466573,CAN,FRA,7810
1889946,41,77,1314,2006.0,16190230.0,459736672.0,2.038668,0.46319,CHE,FRA,7810
1889947,42,77,1314,2006.0,107283.0,32520956.0,-0.193151,-0.46637,CHL,FRA,7810
1889948,43,77,1314,2006.0,29938110.0,40181092.0,0.842242,1.7392740000000002,CHN,FRA,7810
1889949,44,77,1314,2006.0,9002376.0,14648099.0,-0.9293,-0.853074,CIV,FRA,7810
1889950,45,77,1314,2006.0,125446.0,11562632.0,-1.570753,-1.22499,CMR,FRA,7810
1889951,46,77,1314,2006.0,0.0,1560388.0,-1.334582,-1.119781,COD,FRA,7810
1889952,47,77,1314,2006.0,66139.0,8346758.0,-1.8919540000000001,-1.272166,COG,FRA,7810
1889953,49,77,1314,2006.0,34464.0,7757472.0,0.162228,0.550616,COL,FRA,7810
1889954,50,77,1314,2006.0,0.0,5425321.0,0.007926,-0.792838,COM,FRA,7810
1889955,51,77,1314,2006.0,0.0,1024536.0,0.402348,-0.355768,CPV,FRA,7810
1889956,52,77,1314,2006.0,39932.0,4989710.0,0.07128999999999999,-0.24274400000000002,CRI,FRA,7810
1889957,54,77,1314,2006.0,0.0,5461612.0,0.207314,-0.473224,CUB,FRA,7810
1889958,57,77,1314,2006.0,0.0,114236.0,0.5082720000000001,-0.674142,CYM,FRA,7810
1889959,58,77,1314,2006.0,19410.0,42560516.0,0.728916,0.023954,CYP,FRA,7810
1889960,59,77,1314,2006.0,705116032.0,185949152.0,1.6478549999999998,0.095131,CZE,FRA,7810
1889961,61,77,1314,2006.0,8099410432.0,4590453248.0,2.135679,-2.933329,DEU,FRA,7810
1889962,62,77,1314,2006.0,104726.0,2287230.0,-0.360761,-0.261373,DJI,FRA,7810
1889963,63,77,1314,2006.0,0.0,11471.0,0.203098,-0.09402999999999999,DMA,FRA,7810
1889964,64,77,1314,2006.0,2186756.0,283367936.0,1.25209,1.133206,DNK,FRA,7810
1889965,65,77,1314,2006.0,13393.0,3055017.0,0.044542,0.178998,DOM,FRA,7810
1889966,66,77,1314,2006.0,92732.0,399354080.0,-1.079717,-1.153102,DZA,FRA,7810
1889967,67,77,1314,2006.0,0.0,3625891.0,-0.9617209999999999,-0.936366,ECU,FRA,7810
1889968,68,77,1314,2006.0,208360.0,18051326.0,-0.305058,0.294265,EGY,FRA,7810
1889969,69,77,1314,2006.0,0.0,52724.0,0.312248,-0.046676999999999996,ERI,FRA,7810
1889970,71,77,1314,2006.0,7936590336.0,5761889792.0,0.9909459999999999,1.785809,ESP,FRA,7810
1889971,72,77,1314,2006.0,6306709.0,46472752.0,0.737979,1.1881950000000001,EST,FRA,7810
1889972,73,77,1314,2006.0,0.0,397682.0,-1.129189,-0.953627,ETH,FRA,7810
1889973,74,77,1314,2006.0,1987679.0,189396928.0,1.8630220000000002,0.87172,FIN,FRA,7810
1889974,78,77,1314,2006.0,0.0,439116.0,-0.111228,-0.776069,FRO,FRA,7810
1889975,80,77,1314,2006.0,85990.0,12439162.0,-1.2162620000000002,-1.141485,GAB,FRA,7810
1889976,81,77,1314,2006.0,1296437888.0,3533231872.0,1.8509779999999998,0.674074,GBR,FRA,7810
1889977,82,77,1314,2006.0,0.0,590955.0,-0.152929,-0.438435,GEO,FRA,7810
1889978,83,77,1314,2006.0,8358.0,2415401.0,-0.9211739999999999,-0.738322,GHA,FRA,7810
1889979,84,77,1314,2006.0,0.0,587499.0,0.519846,-0.43742600000000004,GIB,FRA,7810
1889980,85,77,1314,2006.0,3192.0,1254270.0,-1.526825,-1.191811,GIN,FRA,7810
1889981,87,77,1314,2006.0,423079.0,809558.0,-0.234454,-0.43427899999999997,GMB,FRA,7810
1889982,88,77,1314,2006.0,0.0,80341.0,-0.773687,-0.804,GNB,FRA,7810
1889983,89,77,1314,2006.0,0.0,980422.0,-2.448721,-0.949732,GNQ,FRA,7810
1889984,90,77,1314,2006.0,0.0,231383632.0,0.183748,1.582167,GRC,FRA,7810
1889985,91,77,1314,2006.0,0.0,56623.0,0.174862,-0.27636700000000003,GRD,FRA,7810
1889986,92,77,1314,2006.0,0.0,6828.0,-0.744987,-0.9686020000000001,GRL,FRA,7810
1889987,93,77,1314,2006.0,84014.0,3162722.0,-0.179628,0.671552,GTM,FRA,7810
1889988,96,77,1314,2006.0,0.0,44878.0,-0.637993,-0.880094,GUY,FRA,7810
1889989,97,77,1314,2006.0,49118.0,6727418.0,0.63347,1.276634,HKG,FRA,7810
1889990,99,77,1314,2006.0,73031.0,913908.0,-0.520217,-0.41097399999999995,HND,FRA,7810
1889991,100,77,1314,2006.0,57608.0,118457000.0,0.866511,1.217552,HRV,FRA,7810
1889992,101,77,1314,2006.0,0.0,672863.0,-0.8555889999999999,-1.017282,HTI,FRA,7810
1889993,102,77,1314,2006.0,232125232.0,140959616.0,1.469539,0.8546090000000001,HUN,FRA,7810
1889994,103,77,1314,2006.0,0.0,932658.0,0.0036969999999999998,1.703498,IDN,FRA,7810
1889995,104,77,1314,2006.0,1601593.0,670418.0,0.202078,2.594677,IND,FRA,7810
1889996,106,77,1314,2006.0,25587.0,224485392.0,1.501322,0.161375,IRL,FRA,7810
1889997,107,77,1314,2006.0,492978.0,464825120.0,-0.755814,-0.9279059999999999,IRN,FRA,7810
1889998,108,77,1314,2006.0,113080.0,30910248.0,-2.3271330000000003,-0.992934,IRQ,FRA,7810
