1539999,250,248,1078,2012.0,0.0,8403.0,0.34242399999999995,-0.007095999999999999,ANS,ZWE,6589
1540000,7,1,1078,2012.0,1257575.0,1309.0,0.256232,-0.46518400000000004,ARE,AFG,6589
1540001,14,1,1078,2012.0,3076.0,0.0,-0.537197,-0.22305300000000003,AUS,AFG,6589
1540002,18,1,1078,2012.0,1174.0,0.0,1.06425,1.369205,BEL,AFG,6589
1540003,39,1,1078,2012.0,6020.0,1382.0,0.630575,1.28653,CAN,AFG,6589
1540004,43,1,1078,2012.0,59229.0,0.0,1.2170590000000001,0.584412,CHN,AFG,6589
1540005,61,1,1078,2012.0,452343.0,2460.0,1.977443,-3.692254,DEU,AFG,6589
1540006,71,1,1078,2012.0,77270.0,0.0,0.925701,1.8700189999999999,ESP,AFG,6589
1540007,74,1,1078,2012.0,126284.0,0.0,1.5813700000000002,0.872251,FIN,AFG,6589
1540008,77,1,1078,2012.0,16622.0,0.0,1.414721,0.07219600000000001,FRA,AFG,6589
1540009,81,1,1078,2012.0,56608.0,0.0,1.544653,0.776512,GBR,AFG,6589
1540010,104,1,1078,2012.0,3543800.0,0.0,0.24883200000000003,2.463711,IND,AFG,6589
1540011,111,1,1078,2012.0,11843.0,0.0,1.396626,-0.43950500000000003,ITA,AFG,6589
1540012,115,1,1078,2012.0,8500.0,0.0,-0.447428,-0.42193,KAZ,AFG,6589
1540013,138,1,1078,2012.0,11119.0,0.0,1.166986,0.662798,MEX,AFG,6589
1540014,162,1,1078,2012.0,5475.0,0.0,0.961975,1.517883,NLD,AFG,6589
1540015,163,1,1078,2012.0,187927.0,0.0,0.5462670000000001,-0.042712,NOR,AFG,6589
1540016,168,1,1078,2012.0,589811.0,0.0,-0.600346,0.474208,PAK,AFG,6589
1540017,186,1,1078,2012.0,1733.0,0.0,-0.123649,-0.218926,RUS,AFG,6589
1540018,208,1,1078,2012.0,0.0,1265.0,1.721268,0.15675,SWE,AFG,6589
1540019,224,1,1078,2012.0,47237.0,0.0,0.657573,1.969027,TUR,AFG,6589
1540020,231,1,1078,2012.0,616653.0,0.0,1.51134,-0.637794,USA,AFG,6589
1540021,246,1,1078,2012.0,1580.0,0.0,0.06510099999999999,1.748521,ZAF,AFG,6589
1540022,7,4,1078,2012.0,2689.0,0.0,0.256232,-0.46518400000000004,ARE,ALB,6589
1540023,15,4,1078,2012.0,28601.0,0.0,1.710955,-0.8860399999999999,AUT,ALB,6589
1540024,22,4,1078,2012.0,2843.0,0.0,-0.62037,-0.6858350000000001,BGD,ALB,6589
1540025,23,4,1078,2012.0,12776.0,0.0,0.601161,1.594487,BGR,ALB,6589
1540026,39,4,1078,2012.0,4275.0,0.0,0.630575,1.28653,CAN,ALB,6589
1540027,41,4,1078,2012.0,2262.0,0.0,2.0265150000000003,0.6496689999999999,CHE,ALB,6589
1540028,43,4,1078,2012.0,928924.0,0.0,1.2170590000000001,0.584412,CHN,ALB,6589
1540029,59,4,1078,2012.0,1271.0,0.0,1.7368299999999999,-0.651329,CZE,ALB,6589
1540030,61,4,1078,2012.0,61462.0,0.0,1.977443,-3.692254,DEU,ALB,6589
1540031,71,4,1078,2012.0,12274.0,0.0,0.925701,1.8700189999999999,ESP,ALB,6589
1540032,74,4,1078,2012.0,3016.0,0.0,1.5813700000000002,0.872251,FIN,ALB,6589
1540033,77,4,1078,2012.0,10583.0,3936297.0,1.414721,0.07219600000000001,FRA,ALB,6589
1540034,81,4,1078,2012.0,1799.0,0.0,1.544653,0.776512,GBR,ALB,6589
1540035,90,4,1078,2012.0,53544.0,37285.0,0.161352,1.273024,GRC,ALB,6589
1540036,100,4,1078,2012.0,12406.0,0.0,0.881764,1.149456,HRV,ALB,6589
1540037,102,4,1078,2012.0,14613.0,0.0,1.61049,0.44614799999999993,HUN,ALB,6589
1540038,104,4,1078,2012.0,1309.0,0.0,0.24883200000000003,2.463711,IND,ALB,6589
1540039,109,4,1078,2012.0,1033.0,0.0,0.20266800000000001,-0.203262,ISL,ALB,6589
1540040,111,4,1078,2012.0,277207.0,91449.0,1.396626,-0.43950500000000003,ITA,ALB,6589
1540041,121,4,1078,2012.0,3455.0,0.0,1.839479,0.8272799999999999,KOR,ALB,6589
1540042,140,4,1078,2012.0,0.0,1505.0,-0.08785599999999999,0.153128,MKD,ALB,6589
1540043,144,4,1078,2012.0,1026.0,0.0,0.028479,-0.045841,MNE,ALB,6589
1540044,162,4,1078,2012.0,3708.0,0.0,0.961975,1.517883,NLD,ALB,6589
1540045,168,4,1078,2012.0,1947.0,0.0,-0.600346,0.474208,PAK,ALB,6589
1540046,177,4,1078,2012.0,4698.0,0.0,1.039598,1.145227,POL,ALB,6589
1540047,185,4,1078,2012.0,3855.0,0.0,0.952936,1.227809,ROU,ALB,6589
1540048,201,4,1078,2012.0,4400.0,0.0,0.696674,1.544065,SRB,ALB,6589
1540049,207,4,1078,2012.0,51026.0,0.0,1.4933049999999999,0.58207,SVN,ALB,6589
1540050,224,4,1078,2012.0,207921.0,0.0,0.657573,1.969027,TUR,ALB,6589
1540051,231,4,1078,2012.0,5962.0,0.0,1.51134,-0.637794,USA,ALB,6589
1540052,249,4,1078,2012.0,1830.0,0.0,1.671686,0.9854729999999999,TWN,ALB,6589
1540053,33,13,1078,2012.0,1193.0,0.0,0.653472,0.43920600000000004,BRB,ATG,6589
1540054,39,13,1078,2012.0,1901.0,0.0,0.630575,1.28653,CAN,ATG,6589
1540055,43,13,1078,2012.0,55861.0,0.0,1.2170590000000001,0.584412,CHN,ATG,6589
1540056,55,13,1078,2012.0,6019.0,0.0,0.003982,-0.685596,CUW,ATG,6589
1540057,63,13,1078,2012.0,0.0,8950.0,0.533405,0.328602,DMA,ATG,6589
1540058,65,13,1078,2012.0,4870.0,0.0,-0.08708300000000001,0.389521,DOM,ATG,6589
1540059,71,13,1078,2012.0,2066.0,4398.0,0.925701,1.8700189999999999,ESP,ATG,6589
1540060,77,13,1078,2012.0,2406.0,0.0,1.414721,0.07219600000000001,FRA,ATG,6589
1540061,81,13,1078,2012.0,39412.0,9408.0,1.544653,0.776512,GBR,ATG,6589
1540062,97,13,1078,2012.0,13222.0,0.0,0.788308,1.029625,HKG,ATG,6589
1540063,111,13,1078,2012.0,2418.0,0.0,1.396626,-0.43950500000000003,ITA,ATG,6589
1540064,112,13,1078,2012.0,1145.0,0.0,-0.307289,-0.738736,JAM,ATG,6589
1540065,128,13,1078,2012.0,2262.0,0.0,-0.24579299999999998,0.518273,LKA,ATG,6589
1540066,149,13,1078,2012.0,0.0,5468.0,1.607219,0.225683,MSR,ATG,6589
1540067,159,13,1078,2012.0,0.0,4909.0,-1.616498,-1.174816,NGA,ATG,6589
1540068,162,13,1078,2012.0,2941.0,0.0,0.961975,1.517883,NLD,ATG,6589
1540069,169,13,1078,2012.0,12686.0,0.0,1.001878,1.18554,PAN,ATG,6589
1540070,222,13,1078,2012.0,22817.0,0.0,-0.257402,-0.9802709999999999,TTO,ATG,6589
1540071,231,13,1078,2012.0,238395.0,4224.0,1.51134,-0.637794,USA,ATG,6589
1540072,234,13,1078,2012.0,0.0,2943.0,0.523877,0.065489,VCT,ATG,6589
1540073,249,13,1078,2012.0,1222.0,0.0,1.671686,0.9854729999999999,TWN,ATG,6589
1540074,250,13,1078,2012.0,1240.0,5666.0,0.34242399999999995,-0.007095999999999999,ANS,ATG,6589
1540075,7,21,1078,2012.0,5919.0,0.0,0.256232,-0.46518400000000004,ARE,BFA,6589
1540076,11,21,1078,2012.0,742660.0,0.0,1.101105,-0.075206,ATA,BFA,6589
1540077,14,21,1078,2012.0,4576.0,0.0,-0.537197,-0.22305300000000003,AUS,BFA,6589
1540078,18,21,1078,2012.0,2440.0,0.0,1.06425,1.369205,BEL,BFA,6589
1540079,39,21,1078,2012.0,72487.0,0.0,0.630575,1.28653,CAN,BFA,6589
1540080,43,21,1078,2012.0,165639.0,0.0,1.2170590000000001,0.584412,CHN,BFA,6589
1540081,44,21,1078,2012.0,96034.0,6405.0,-1.014737,-0.8629049999999999,CIV,BFA,6589
1540082,59,21,1078,2012.0,4851.0,0.0,1.7368299999999999,-0.651329,CZE,BFA,6589
1540083,61,21,1078,2012.0,1226.0,0.0,1.977443,-3.692254,DEU,BFA,6589
1540084,71,21,1078,2012.0,8537.0,0.0,0.925701,1.8700189999999999,ESP,BFA,6589
1540085,77,21,1078,2012.0,266867.0,0.0,1.414721,0.07219600000000001,FRA,BFA,6589
1540086,81,21,1078,2012.0,9497.0,0.0,1.544653,0.776512,GBR,BFA,6589
1540087,83,21,1078,2012.0,61921.0,0.0,-1.0541049999999998,-0.7275590000000001,GHA,BFA,6589
1540088,104,21,1078,2012.0,1015.0,0.0,0.24883200000000003,2.463711,IND,BFA,6589
1540089,111,21,1078,2012.0,6236.0,1689.0,1.396626,-0.43950500000000003,ITA,BFA,6589
1540090,134,21,1078,2012.0,3381.0,3219.0,-0.330598,0.037439,MAR,BFA,6589
1540091,141,21,1078,2012.0,0.0,9569.0,-0.675086,-0.8228139999999999,MLI,BFA,6589
1540092,157,21,1078,2012.0,0.0,16965.0,-1.274453,-1.12791,NER,BFA,6589
1540093,159,21,1078,2012.0,0.0,1050.0,-1.616498,-1.174816,NGA,BFA,6589
1540094,162,21,1078,2012.0,1436.0,0.0,0.961975,1.517883,NLD,BFA,6589
1540095,196,21,1078,2012.0,86321.0,0.0,-0.532612,-0.72927,SLE,BFA,6589
1540096,212,21,1078,2012.0,2677.0,0.0,0.12079200000000001,2.258125,SYR,BFA,6589
1540097,223,21,1078,2012.0,13239.0,0.0,0.509432,0.8157810000000001,TUN,BFA,6589
1540098,231,21,1078,2012.0,36053.0,0.0,1.51134,-0.637794,USA,BFA,6589
1540099,246,21,1078,2012.0,18210.0,0.0,0.06510099999999999,1.748521,ZAF,BFA,6589
1540100,41,29,1078,2012.0,2104.0,0.0,2.0265150000000003,0.6496689999999999,CHE,BLZ,6589
1540101,43,29,1078,2012.0,26339.0,0.0,1.2170590000000001,0.584412,CHN,BLZ,6589
1540102,49,29,1078,2012.0,2004.0,0.0,0.034488,-0.340545,COL,BLZ,6589
1540103,61,29,1078,2012.0,15492.0,0.0,1.977443,-3.692254,DEU,BLZ,6589
1540104,71,29,1078,2012.0,0.0,1623.0,0.925701,1.8700189999999999,ESP,BLZ,6589
1540105,81,29,1078,2012.0,9480.0,0.0,1.544653,0.776512,GBR,BLZ,6589
1540106,93,29,1078,2012.0,6019.0,0.0,-0.15801400000000002,0.5786640000000001,GTM,BLZ,6589
1540107,97,29,1078,2012.0,10467.0,0.0,0.788308,1.029625,HKG,BLZ,6589
1540108,100,29,1078,2012.0,1489.0,0.0,0.881764,1.149456,HRV,BLZ,6589
1540109,112,29,1078,2012.0,8720.0,0.0,-0.307289,-0.738736,JAM,BLZ,6589
1540110,114,29,1078,2012.0,3913.0,0.0,2.325746,-0.8705649999999999,JPN,BLZ,6589
1540111,132,29,1078,2012.0,20558.0,0.0,0.704565,1.000552,LVA,BLZ,6589
1540112,138,29,1078,2012.0,37403.0,0.0,1.166986,0.662798,MEX,BLZ,6589
1540113,162,29,1078,2012.0,1140.0,0.0,0.961975,1.517883,NLD,BLZ,6589
1540114,169,29,1078,2012.0,44599.0,0.0,1.001878,1.18554,PAN,BLZ,6589
1540115,224,29,1078,2012.0,7312.0,0.0,0.657573,1.969027,TUR,BLZ,6589
1540116,231,29,1078,2012.0,125649.0,0.0,1.51134,-0.637794,USA,BLZ,6589
1540117,15,35,1078,2012.0,9611.0,0.0,1.710955,-0.8860399999999999,AUT,BTN,6589
1540118,43,35,1078,2012.0,2224.0,0.0,1.2170590000000001,0.584412,CHN,BTN,6589
1540119,49,35,1078,2012.0,0.0,1309.0,0.034488,-0.340545,COL,BTN,6589
1540120,61,35,1078,2012.0,2478.0,0.0,1.977443,-3.692254,DEU,BTN,6589
1540121,104,35,1078,2012.0,121535.0,0.0,0.24883200000000003,2.463711,IND,BTN,6589
1540122,114,35,1078,2012.0,1231.0,2939.0,2.325746,-0.8705649999999999,JPN,BTN,6589
1540123,153,35,1078,2012.0,1316.0,0.0,0.93739,0.726329,MYS,BTN,6589
1540124,216,35,1078,2012.0,6501.0,0.0,1.015684,1.20697,THA,BTN,6589
1540125,32,37,1078,2012.0,1194.0,0.0,0.340455,0.9006790000000001,BRA,BWA,6589
1540126,43,37,1078,2012.0,456807.0,0.0,1.2170590000000001,0.584412,CHN,BWA,6589
1540127,81,37,1078,2012.0,2627.0,0.0,1.544653,0.776512,GBR,BWA,6589
1540128,97,37,1078,2012.0,2670.0,0.0,0.788308,1.029625,HKG,BWA,6589
1540129,104,37,1078,2012.0,6285.0,0.0,0.24883200000000003,2.463711,IND,BWA,6589
1540130,114,37,1078,2012.0,1410.0,0.0,2.325746,-0.8705649999999999,JPN,BWA,6589
1540131,129,37,1078,2012.0,2877.0,0.0,-0.606824,-0.8674149999999999,LSO,BWA,6589
1540132,153,37,1078,2012.0,6245.0,0.0,0.93739,0.726329,MYS,BWA,6589
1540133,155,37,1078,2012.0,0.0,8494.0,-0.404252,-0.330913,NAM,BWA,6589
1540134,168,37,1078,2012.0,44434.0,0.0,-0.600346,0.474208,PAK,BWA,6589
1540135,177,37,1078,2012.0,2590.0,0.0,1.039598,1.145227,POL,BWA,6589
1540136,231,37,1078,2012.0,4023.0,1236.0,1.51134,-0.637794,USA,BWA,6589
1540137,246,37,1078,2012.0,2707042.0,105312.0,0.06510099999999999,1.748521,ZAF,BWA,6589
1540138,247,37,1078,2012.0,0.0,33227.0,-0.356518,-0.71057,ZMB,BWA,6589
1540139,248,37,1078,2012.0,2000.0,865975.0,-0.812796,-0.747908,ZWE,BWA,6589
1540140,249,37,1078,2012.0,3964.0,0.0,1.671686,0.9854729999999999,TWN,BWA,6589
1540141,7,44,1078,2012.0,73944.0,0.0,0.256232,-0.46518400000000004,ARE,CIV,6589
1540142,14,44,1078,2012.0,11258.0,0.0,-0.537197,-0.22305300000000003,AUS,CIV,6589
1540143,18,44,1078,2012.0,8204.0,0.0,1.06425,1.369205,BEL,CIV,6589
1540144,19,44,1078,2012.0,0.0,29587.0,-1.0708870000000001,-0.934292,BEN,CIV,6589
1540145,21,44,1078,2012.0,6405.0,96034.0,-0.624286,-0.689179,BFA,CIV,6589
1540146,22,44,1078,2012.0,1876.0,0.0,-0.62037,-0.6858350000000001,BGD,CIV,6589
1540147,32,44,1078,2012.0,1010.0,0.0,0.340455,0.9006790000000001,BRA,CIV,6589
1540148,38,44,1078,2012.0,0.0,10483.0,-0.079519,-0.6013229999999999,CAF,CIV,6589
1540149,39,44,1078,2012.0,2551.0,0.0,0.630575,1.28653,CAN,CIV,6589
1540150,41,44,1078,2012.0,25049.0,0.0,2.0265150000000003,0.6496689999999999,CHE,CIV,6589
1540151,43,44,1078,2012.0,683254.0,0.0,1.2170590000000001,0.584412,CHN,CIV,6589
1540152,45,44,1078,2012.0,71853.0,0.0,-1.018794,-1.013026,CMR,CIV,6589
1540153,61,44,1078,2012.0,22056.0,0.0,1.977443,-3.692254,DEU,CIV,6589
1540154,68,44,1078,2012.0,55805.0,0.0,-0.145791,1.470876,EGY,CIV,6589
1540155,71,44,1078,2012.0,76114.0,0.0,0.925701,1.8700189999999999,ESP,CIV,6589
1540156,77,44,1078,2012.0,267209.0,1151.0,1.414721,0.07219600000000001,FRA,CIV,6589
1540157,80,44,1078,2012.0,0.0,34526.0,-1.636201,-1.161638,GAB,CIV,6589
1540158,81,44,1078,2012.0,105398.0,0.0,1.544653,0.776512,GBR,CIV,6589
1540159,83,44,1078,2012.0,0.0,5110.0,-1.0541049999999998,-0.7275590000000001,GHA,CIV,6589
1540160,90,44,1078,2012.0,2386.0,0.0,0.161352,1.273024,GRC,CIV,6589
1540161,97,44,1078,2012.0,1068.0,0.0,0.788308,1.029625,HKG,CIV,6589
1540162,103,44,1078,2012.0,10299.0,0.0,0.045694,1.635448,IDN,CIV,6589
1540163,104,44,1078,2012.0,142830.0,0.0,0.24883200000000003,2.463711,IND,CIV,6589
1540164,111,44,1078,2012.0,40910.0,0.0,1.396626,-0.43950500000000003,ITA,CIV,6589
1540165,114,44,1078,2012.0,23219.0,0.0,2.325746,-0.8705649999999999,JPN,CIV,6589
1540166,124,44,1078,2012.0,1097.0,0.0,0.36778099999999997,1.3771010000000001,LBN,CIV,6589
1540167,134,44,1078,2012.0,7235.0,0.0,-0.330598,0.037439,MAR,CIV,6589
1540168,138,44,1078,2012.0,1078.0,0.0,1.166986,0.662798,MEX,CIV,6589
1540169,141,44,1078,2012.0,0.0,56720.0,-0.675086,-0.8228139999999999,MLI,CIV,6589
1540170,148,44,1078,2012.0,0.0,30668.0,-1.501575,-1.294704,MRT,CIV,6589
1540171,153,44,1078,2012.0,1942.0,0.0,0.93739,0.726329,MYS,CIV,6589
1540172,157,44,1078,2012.0,0.0,33556.0,-1.274453,-1.12791,NER,CIV,6589
1540173,159,44,1078,2012.0,0.0,13635.0,-1.616498,-1.174816,NGA,CIV,6589
1540174,162,44,1078,2012.0,4443.0,0.0,0.961975,1.517883,NLD,CIV,6589
1540175,163,44,1078,2012.0,1102.0,0.0,0.5462670000000001,-0.042712,NOR,CIV,6589
1540176,168,44,1078,2012.0,25578.0,0.0,-0.600346,0.474208,PAK,CIV,6589
1540177,179,44,1078,2012.0,1691.0,0.0,0.697799,2.122262,PRT,CIV,6589
1540178,186,44,1078,2012.0,1245.0,0.0,-0.123649,-0.218926,RUS,CIV,6589
1540179,191,44,1078,2012.0,26415.0,66299.0,-0.379797,0.020130000000000002,SEN,CIV,6589
1540180,192,44,1078,2012.0,8124.0,0.0,1.762134,0.583393,SGP,CIV,6589
1540181,212,44,1078,2012.0,11095.0,0.0,0.12079200000000001,2.258125,SYR,CIV,6589
1540182,214,44,1078,2012.0,0.0,32699.0,-2.291195,-0.921235,TCD,CIV,6589
1540183,215,44,1078,2012.0,4337.0,2144.0,-0.525578,-0.41306800000000005,TGO,CIV,6589
1540184,216,44,1078,2012.0,11361.0,0.0,1.015684,1.20697,THA,CIV,6589
1540185,224,44,1078,2012.0,9338.0,0.0,0.657573,1.969027,TUR,CIV,6589
1540186,231,44,1078,2012.0,188029.0,1149.0,1.51134,-0.637794,USA,CIV,6589
1540187,239,44,1078,2012.0,2699819.0,0.0,0.0755,1.008183,VNM,CIV,6589
1540188,246,44,1078,2012.0,21703.0,0.0,0.06510099999999999,1.748521,ZAF,CIV,6589
1540189,249,44,1078,2012.0,2878.0,0.0,1.671686,0.9854729999999999,TWN,CIV,6589
1540190,7,45,1078,2012.0,72370.0,0.0,0.256232,-0.46518400000000004,ARE,CMR,6589
1540191,18,45,1078,2012.0,10610.0,0.0,1.06425,1.369205,BEL,CMR,6589
1540192,43,45,1078,2012.0,1825195.0,0.0,1.2170590000000001,0.584412,CHN,CMR,6589
1540193,44,45,1078,2012.0,0.0,71853.0,-1.014737,-0.8629049999999999,CIV,CMR,6589
1540194,61,45,1078,2012.0,56858.0,1795.0,1.977443,-3.692254,DEU,CMR,6589
1540195,68,45,1078,2012.0,3858.0,0.0,-0.145791,1.470876,EGY,CMR,6589
1540196,71,45,1078,2012.0,169468.0,0.0,0.925701,1.8700189999999999,ESP,CMR,6589
1540197,74,45,1078,2012.0,0.0,1001.0,1.5813700000000002,0.872251,FIN,CMR,6589
1540198,77,45,1078,2012.0,337209.0,2256.0,1.414721,0.07219600000000001,FRA,CMR,6589
1540199,81,45,1078,2012.0,11415.0,0.0,1.544653,0.776512,GBR,CMR,6589
1540200,90,45,1078,2012.0,6293.0,0.0,0.161352,1.273024,GRC,CMR,6589
1540201,97,45,1078,2012.0,3366.0,0.0,0.788308,1.029625,HKG,CMR,6589
1540202,102,45,1078,2012.0,9792.0,0.0,1.61049,0.44614799999999993,HUN,CMR,6589
1540203,104,45,1078,2012.0,151912.0,0.0,0.24883200000000003,2.463711,IND,CMR,6589
1540204,110,45,1078,2012.0,12142.0,0.0,1.125254,0.736004,ISR,CMR,6589
1540205,111,45,1078,2012.0,8868.0,0.0,1.396626,-0.43950500000000003,ITA,CMR,6589
1540206,114,45,1078,2012.0,12321.0,0.0,2.325746,-0.8705649999999999,JPN,CMR,6589
1540207,134,45,1078,2012.0,3584.0,0.0,-0.330598,0.037439,MAR,CMR,6589
1540208,153,45,1078,2012.0,5896.0,0.0,0.93739,0.726329,MYS,CMR,6589
1540209,162,45,1078,2012.0,4130.0,0.0,0.961975,1.517883,NLD,CMR,6589
1540210,163,45,1078,2012.0,13088.0,0.0,0.5462670000000001,-0.042712,NOR,CMR,6589
1540211,177,45,1078,2012.0,1343.0,0.0,1.039598,1.145227,POL,CMR,6589
1540212,179,45,1078,2012.0,2895.0,0.0,0.697799,2.122262,PRT,CMR,6589
1540213,185,45,1078,2012.0,5946.0,0.0,0.952936,1.227809,ROU,CMR,6589
1540214,214,45,1078,2012.0,0.0,3663.0,-2.291195,-0.921235,TCD,CMR,6589
1540215,216,45,1078,2012.0,5721.0,0.0,1.015684,1.20697,THA,CMR,6589
1540216,223,45,1078,2012.0,10701.0,0.0,0.509432,0.8157810000000001,TUN,CMR,6589
1540217,224,45,1078,2012.0,13315.0,0.0,0.657573,1.969027,TUR,CMR,6589
1540218,226,45,1078,2012.0,37846.0,0.0,-0.490001,1.149681,TZA,CMR,6589
1540219,231,45,1078,2012.0,90553.0,81632.0,1.51134,-0.637794,USA,CMR,6589
1540220,239,45,1078,2012.0,319441.0,0.0,0.0755,1.008183,VNM,CMR,6589
1540221,246,45,1078,2012.0,2764.0,0.0,0.06510099999999999,1.748521,ZAF,CMR,6589
1540222,249,45,1078,2012.0,3504.0,0.0,1.671686,0.9854729999999999,TWN,CMR,6589
1540223,7,46,1078,2012.0,226958.0,0.0,0.256232,-0.46518400000000004,ARE,COD,6589
1540224,18,46,1078,2012.0,148653.0,1795.0,1.06425,1.369205,BEL,COD,6589
1540225,32,46,1078,2012.0,1461.0,0.0,0.340455,0.9006790000000001,BRA,COD,6589
1540226,43,46,1078,2012.0,863028.0,0.0,1.2170590000000001,0.584412,CHN,COD,6589
1540227,52,46,1078,2012.0,0.0,4848.0,0.24381799999999998,-0.560793,CRI,COD,6589
1540228,61,46,1078,2012.0,4071.0,0.0,1.977443,-3.692254,DEU,COD,6589
1540229,77,46,1078,2012.0,26186.0,2312.0,1.414721,0.07219600000000001,FRA,COD,6589
1540230,104,46,1078,2012.0,44674.0,0.0,0.24883200000000003,2.463711,IND,COD,6589
1540231,111,46,1078,2012.0,1919.0,0.0,1.396626,-0.43950500000000003,ITA,COD,6589
1540232,162,46,1078,2012.0,7624.0,0.0,0.961975,1.517883,NLD,COD,6589
1540233,168,46,1078,2012.0,3321.0,0.0,-0.600346,0.474208,PAK,COD,6589
1540234,177,46,1078,2012.0,1446.0,0.0,1.039598,1.145227,POL,COD,6589
1540235,224,46,1078,2012.0,33000.0,0.0,0.657573,1.969027,TUR,COD,6589
1540236,227,46,1078,2012.0,2672869.0,5557.0,-0.492733,0.4513,UGA,COD,6589
1540237,231,46,1078,2012.0,28640.0,15873.0,1.51134,-0.637794,USA,COD,6589
1540238,246,46,1078,2012.0,1326958.0,0.0,0.06510099999999999,1.748521,ZAF,COD,6589
1540239,247,46,1078,2012.0,51798.0,0.0,-0.356518,-0.71057,ZMB,COD,6589
1540240,2,47,1078,2012.0,0.0,14029.0,-1.610059,-1.1253739999999999,AGO,COG,6589
1540241,7,47,1078,2012.0,41853.0,0.0,0.256232,-0.46518400000000004,ARE,COG,6589
1540242,14,47,1078,2012.0,2638.0,0.0,-0.537197,-0.22305300000000003,AUS,COG,6589
1540243,18,47,1078,2012.0,14801.0,0.0,1.06425,1.369205,BEL,COG,6589
1540244,32,47,1078,2012.0,11365.0,0.0,0.340455,0.9006790000000001,BRA,COG,6589
1540245,39,47,1078,2012.0,5412.0,0.0,0.630575,1.28653,CAN,COG,6589
1540246,43,47,1078,2012.0,585196.0,0.0,1.2170590000000001,0.584412,CHN,COG,6589
1540247,61,47,1078,2012.0,6455.0,0.0,1.977443,-3.692254,DEU,COG,6589
1540248,64,47,1078,2012.0,3334.0,0.0,1.159478,1.053761,DNK,COG,6589
1540249,71,47,1078,2012.0,5446.0,0.0,0.925701,1.8700189999999999,ESP,COG,6589
1540250,77,47,1078,2012.0,700487.0,1814.0,1.414721,0.07219600000000001,FRA,COG,6589
1540251,81,47,1078,2012.0,101256.0,2133.0,1.544653,0.776512,GBR,COG,6589
1540252,97,47,1078,2012.0,3291.0,0.0,0.788308,1.029625,HKG,COG,6589
1540253,102,47,1078,2012.0,2130.0,0.0,1.61049,0.44614799999999993,HUN,COG,6589
1540254,104,47,1078,2012.0,24035.0,0.0,0.24883200000000003,2.463711,IND,COG,6589
1540255,111,47,1078,2012.0,63429.0,0.0,1.396626,-0.43950500000000003,ITA,COG,6589
1540256,116,47,1078,2012.0,3155.0,0.0,-0.256144,0.21991599999999997,KEN,COG,6589
1540257,124,47,1078,2012.0,72244.0,0.0,0.36778099999999997,1.3771010000000001,LBN,COG,6589
1540258,162,47,1078,2012.0,54774.0,0.0,0.961975,1.517883,NLD,COG,6589
1540259,163,47,1078,2012.0,53663.0,0.0,0.5462670000000001,-0.042712,NOR,COG,6589
1540260,168,47,1078,2012.0,139437.0,0.0,-0.600346,0.474208,PAK,COG,6589
1540261,179,47,1078,2012.0,14107.0,0.0,0.697799,2.122262,PRT,COG,6589
1540262,216,47,1078,2012.0,38198.0,0.0,1.015684,1.20697,THA,COG,6589
1540263,224,47,1078,2012.0,42678.0,0.0,0.657573,1.969027,TUR,COG,6589
1540264,226,47,1078,2012.0,181545.0,0.0,-0.490001,1.149681,TZA,COG,6589
1540265,231,47,1078,2012.0,36478.0,0.0,1.51134,-0.637794,USA,COG,6589
1540266,239,47,1078,2012.0,1277659.0,0.0,0.0755,1.008183,VNM,COG,6589
1540267,246,47,1078,2012.0,29319.0,0.0,0.06510099999999999,1.748521,ZAF,COG,6589
1540268,15,51,1078,2012.0,1421.0,0.0,1.710955,-0.8860399999999999,AUT,CPV,6589
1540269,18,51,1078,2012.0,15329.0,0.0,1.06425,1.369205,BEL,CPV,6589
1540270,43,51,1078,2012.0,550146.0,0.0,1.2170590000000001,0.584412,CHN,CPV,6589
1540271,61,51,1078,2012.0,2962.0,0.0,1.977443,-3.692254,DEU,CPV,6589
1540272,71,51,1078,2012.0,645353.0,0.0,0.925701,1.8700189999999999,ESP,CPV,6589
1540273,77,51,1078,2012.0,4669.0,1809.0,1.414721,0.07219600000000001,FRA,CPV,6589
1540274,81,51,1078,2012.0,2212.0,0.0,1.544653,0.776512,GBR,CPV,6589
1540275,103,51,1078,2012.0,1159.0,0.0,0.045694,1.635448,IDN,CPV,6589
1540276,111,51,1078,2012.0,10299.0,0.0,1.396626,-0.43950500000000003,ITA,CPV,6589
1540277,162,51,1078,2012.0,7325.0,0.0,0.961975,1.517883,NLD,CPV,6589
1540278,179,51,1078,2012.0,322890.0,1073.0,0.697799,2.122262,PRT,CPV,6589
1540279,231,51,1078,2012.0,1215.0,0.0,1.51134,-0.637794,USA,CPV,6589
1540280,250,51,1078,2012.0,0.0,9396.0,0.34242399999999995,-0.007095999999999999,ANS,CPV,6589
1540281,7,54,1078,2012.0,7775.0,0.0,0.256232,-0.46518400000000004,ARE,CUB,6589
1540282,32,54,1078,2012.0,21179.0,0.0,0.340455,0.9006790000000001,BRA,CUB,6589
1540283,39,54,1078,2012.0,65316.0,0.0,0.630575,1.28653,CAN,CUB,6589
1540284,43,54,1078,2012.0,5066110.0,0.0,1.2170590000000001,0.584412,CHN,CUB,6589
1540285,49,54,1078,2012.0,1273.0,0.0,0.034488,-0.340545,COL,CUB,6589
1540286,61,54,1078,2012.0,125545.0,0.0,1.977443,-3.692254,DEU,CUB,6589
1540287,65,54,1078,2012.0,3190.0,0.0,-0.08708300000000001,0.389521,DOM,CUB,6589
1540288,67,54,1078,2012.0,1234.0,0.0,-0.66209,-0.796325,ECU,CUB,6589
1540289,71,54,1078,2012.0,1342008.0,0.0,0.925701,1.8700189999999999,ESP,CUB,6589
1540290,77,54,1078,2012.0,7496.0,0.0,1.414721,0.07219600000000001,FRA,CUB,6589
1540291,111,54,1078,2012.0,16505.0,0.0,1.396626,-0.43950500000000003,ITA,CUB,6589
1540292,114,54,1078,2012.0,66022.0,0.0,2.325746,-0.8705649999999999,JPN,CUB,6589
1540293,138,54,1078,2012.0,119682.0,0.0,1.166986,0.662798,MEX,CUB,6589
1540294,162,54,1078,2012.0,63695.0,0.0,0.961975,1.517883,NLD,CUB,6589
1540295,168,54,1078,2012.0,48961.0,0.0,-0.600346,0.474208,PAK,CUB,6589
1540296,169,54,1078,2012.0,311534.0,0.0,1.001878,1.18554,PAN,CUB,6589
1540297,173,54,1078,2012.0,3505.0,0.0,-0.47011499999999995,0.340251,PER,CUB,6589
1540298,186,54,1078,2012.0,45523.0,0.0,-0.123649,-0.218926,RUS,CUB,6589
1540299,222,54,1078,2012.0,29155.0,0.0,-0.257402,-0.9802709999999999,TTO,CUB,6589
1540300,224,54,1078,2012.0,1342.0,0.0,0.657573,1.969027,TUR,CUB,6589
1540301,228,54,1078,2012.0,2402.0,0.0,0.533547,1.159378,UKR,CUB,6589
1540302,236,54,1078,2012.0,0.0,4567.0,-1.6796689999999999,-1.168002,VEN,CUB,6589
1540303,7,62,1078,2012.0,206413.0,0.0,0.256232,-0.46518400000000004,ARE,DJI,6589
1540304,43,62,1078,2012.0,1238603.0,0.0,1.2170590000000001,0.584412,CHN,DJI,6589
1540305,73,62,1078,2012.0,3901.0,0.0,-0.9118729999999999,-0.8843,ETH,DJI,6589
1540306,77,62,1078,2012.0,123731.0,0.0,1.414721,0.07219600000000001,FRA,DJI,6589
1540307,81,62,1078,2012.0,17296.0,0.0,1.544653,0.776512,GBR,DJI,6589
1540308,104,62,1078,2012.0,565381.0,0.0,0.24883200000000003,2.463711,IND,DJI,6589
1540309,114,62,1078,2012.0,4209.0,0.0,2.325746,-0.8705649999999999,JPN,DJI,6589
1540310,142,62,1078,2012.0,78476.0,0.0,0.775001,0.048663,MLT,DJI,6589
1540311,162,62,1078,2012.0,1766.0,0.0,0.961975,1.517883,NLD,DJI,6589
1540312,167,62,1078,2012.0,0.0,2185.0,-0.782802,-1.065774,OMN,DJI,6589
1540313,168,62,1078,2012.0,105651.0,0.0,-0.600346,0.474208,PAK,DJI,6589
1540314,188,62,1078,2012.0,33600.0,0.0,-0.621115,-0.975865,SAU,DJI,6589
1540315,206,62,1078,2012.0,0.0,1332.0,1.3586200000000002,0.805751,SVK,DJI,6589
1540316,208,62,1078,2012.0,2954.0,0.0,1.721268,0.15675,SWE,DJI,6589
1540317,224,62,1078,2012.0,15294.0,0.0,0.657573,1.969027,TUR,DJI,6589
1540318,231,62,1078,2012.0,39672.0,0.0,1.51134,-0.637794,USA,DJI,6589
1540319,246,62,1078,2012.0,20281.0,0.0,0.06510099999999999,1.748521,ZAF,DJI,6589
1540320,249,62,1078,2012.0,36895.0,0.0,1.671686,0.9854729999999999,TWN,DJI,6589
1540321,7,66,1078,2012.0,72190.0,0.0,0.256232,-0.46518400000000004,ARE,DZA,6589
1540322,18,66,1078,2012.0,18922.0,0.0,1.06425,1.369205,BEL,DZA,6589
1540323,22,66,1078,2012.0,1905.0,0.0,-0.62037,-0.6858350000000001,BGD,DZA,6589
1540324,39,66,1078,2012.0,3538.0,0.0,0.630575,1.28653,CAN,DZA,6589
1540325,41,66,1078,2012.0,8570.0,0.0,2.0265150000000003,0.6496689999999999,CHE,DZA,6589
1540326,43,66,1078,2012.0,13630853.0,0.0,1.2170590000000001,0.584412,CHN,DZA,6589
1540327,59,66,1078,2012.0,112239.0,0.0,1.7368299999999999,-0.651329,CZE,DZA,6589
1540328,61,66,1078,2012.0,564322.0,0.0,1.977443,-3.692254,DEU,DZA,6589
1540329,68,66,1078,2012.0,147511.0,0.0,-0.145791,1.470876,EGY,DZA,6589
1540330,71,66,1078,2012.0,779258.0,10260.0,0.925701,1.8700189999999999,ESP,DZA,6589
1540331,77,66,1078,2012.0,5993876.0,4184.0,1.414721,0.07219600000000001,FRA,DZA,6589
1540332,81,66,1078,2012.0,260799.0,0.0,1.544653,0.776512,GBR,DZA,6589
1540333,97,66,1078,2012.0,19523.0,0.0,0.788308,1.029625,HKG,DZA,6589
1540334,102,66,1078,2012.0,3403.0,0.0,1.61049,0.44614799999999993,HUN,DZA,6589
1540335,104,66,1078,2012.0,19073.0,0.0,0.24883200000000003,2.463711,IND,DZA,6589
1540336,111,66,1078,2012.0,504031.0,0.0,1.396626,-0.43950500000000003,ITA,DZA,6589
1540337,113,66,1078,2012.0,13166.0,0.0,0.29205,0.638942,JOR,DZA,6589
1540338,114,66,1078,2012.0,1614.0,0.0,2.325746,-0.8705649999999999,JPN,DZA,6589
1540339,121,66,1078,2012.0,31942.0,0.0,1.839479,0.8272799999999999,KOR,DZA,6589
1540340,124,66,1078,2012.0,1133305.0,0.0,0.36778099999999997,1.3771010000000001,LBN,DZA,6589
1540341,136,66,1078,2012.0,1340.0,0.0,-0.664783,-0.478411,MDG,DZA,6589
1540342,138,66,1078,2012.0,716086.0,0.0,1.166986,0.662798,MEX,DZA,6589
1540343,142,66,1078,2012.0,4056.0,0.0,0.775001,0.048663,MLT,DZA,6589
1540344,153,66,1078,2012.0,6302.0,0.0,0.93739,0.726329,MYS,DZA,6589
1540345,162,66,1078,2012.0,14219.0,0.0,0.961975,1.517883,NLD,DZA,6589
1540346,168,66,1078,2012.0,111780.0,0.0,-0.600346,0.474208,PAK,DZA,6589
1540347,177,66,1078,2012.0,154516.0,0.0,1.039598,1.145227,POL,DZA,6589
1540348,179,66,1078,2012.0,86887.0,0.0,0.697799,2.122262,PRT,DZA,6589
1540349,185,66,1078,2012.0,7642.0,0.0,0.952936,1.227809,ROU,DZA,6589
1540350,186,66,1078,2012.0,1452660.0,0.0,-0.123649,-0.218926,RUS,DZA,6589
1540351,188,66,1078,2012.0,145253.0,0.0,-0.621115,-0.975865,SAU,DZA,6589
1540352,208,66,1078,2012.0,1397.0,0.0,1.721268,0.15675,SWE,DZA,6589
1540353,212,66,1078,2012.0,114616.0,0.0,0.12079200000000001,2.258125,SYR,DZA,6589
1540354,216,66,1078,2012.0,4896.0,0.0,1.015684,1.20697,THA,DZA,6589
1540355,223,66,1078,2012.0,1629146.0,0.0,0.509432,0.8157810000000001,TUN,DZA,6589
1540356,224,66,1078,2012.0,505100.0,0.0,0.657573,1.969027,TUR,DZA,6589
1540357,228,66,1078,2012.0,57566.0,0.0,0.533547,1.159378,UKR,DZA,6589
1540358,231,66,1078,2012.0,255822.0,0.0,1.51134,-0.637794,USA,DZA,6589
1540359,239,66,1078,2012.0,6038.0,0.0,0.0755,1.008183,VNM,DZA,6589
1540360,249,66,1078,2012.0,35783.0,0.0,1.671686,0.9854729999999999,TWN,DZA,6589
1540361,7,73,1078,2012.0,236885.0,0.0,0.256232,-0.46518400000000004,ARE,ETH,6589
1540362,14,73,1078,2012.0,2433.0,0.0,-0.537197,-0.22305300000000003,AUS,ETH,6589
1540363,15,73,1078,2012.0,0.0,201604.0,1.710955,-0.8860399999999999,AUT,ETH,6589
1540364,39,73,1078,2012.0,0.0,1703.0,0.630575,1.28653,CAN,ETH,6589
1540365,41,73,1078,2012.0,0.0,25814.0,2.0265150000000003,0.6496689999999999,CHE,ETH,6589
1540366,43,73,1078,2012.0,243256.0,0.0,1.2170590000000001,0.584412,CHN,ETH,6589
1540367,59,73,1078,2012.0,11643.0,53343.0,1.7368299999999999,-0.651329,CZE,ETH,6589
1540368,61,73,1078,2012.0,46018.0,2407930.0,1.977443,-3.692254,DEU,ETH,6589
1540369,62,73,1078,2012.0,0.0,3901.0,-0.18596400000000002,-0.6537310000000001,DJI,ETH,6589
1540370,71,73,1078,2012.0,4220.0,0.0,0.925701,1.8700189999999999,ESP,ETH,6589
1540371,77,73,1078,2012.0,2786.0,0.0,1.414721,0.07219600000000001,FRA,ETH,6589
1540372,81,73,1078,2012.0,192967.0,52015.0,1.544653,0.776512,GBR,ETH,6589
1540373,83,73,1078,2012.0,7302.0,0.0,-1.0541049999999998,-0.7275590000000001,GHA,ETH,6589
1540374,90,73,1078,2012.0,1618.0,0.0,0.161352,1.273024,GRC,ETH,6589
1540375,103,73,1078,2012.0,5330.0,0.0,0.045694,1.635448,IDN,ETH,6589
1540376,104,73,1078,2012.0,19666.0,0.0,0.24883200000000003,2.463711,IND,ETH,6589
1540377,106,73,1078,2012.0,0.0,3505.0,1.1761549999999998,0.279569,IRL,ETH,6589
1540378,111,73,1078,2012.0,64004.0,0.0,1.396626,-0.43950500000000003,ITA,ETH,6589
1540379,114,73,1078,2012.0,2542.0,0.0,2.325746,-0.8705649999999999,JPN,ETH,6589
1540380,116,73,1078,2012.0,0.0,24366.0,-0.256144,0.21991599999999997,KEN,ETH,6589
1540381,121,73,1078,2012.0,2850.0,0.0,1.839479,0.8272799999999999,KOR,ETH,6589
1540382,153,73,1078,2012.0,2882.0,0.0,0.93739,0.726329,MYS,ETH,6589
1540383,162,73,1078,2012.0,5124.0,1600.0,0.961975,1.517883,NLD,ETH,6589
1540384,168,73,1078,2012.0,15874.0,0.0,-0.600346,0.474208,PAK,ETH,6589
1540385,177,73,1078,2012.0,0.0,99177.0,1.039598,1.145227,POL,ETH,6589
1540386,186,73,1078,2012.0,10750.0,0.0,-0.123649,-0.218926,RUS,ETH,6589
1540387,188,73,1078,2012.0,3843.0,0.0,-0.621115,-0.975865,SAU,ETH,6589
1540388,206,73,1078,2012.0,0.0,24024.0,1.3586200000000002,0.805751,SVK,ETH,6589
1540389,207,73,1078,2012.0,0.0,1650.0,1.4933049999999999,0.58207,SVN,ETH,6589
1540390,209,73,1078,2012.0,0.0,1887.0,0.209802,-0.11224,SWZ,ETH,6589
1540391,216,73,1078,2012.0,17072.0,0.0,1.015684,1.20697,THA,ETH,6589
1540392,223,73,1078,2012.0,8065.0,0.0,0.509432,0.8157810000000001,TUN,ETH,6589
1540393,224,73,1078,2012.0,17499.0,17921.0,0.657573,1.969027,TUR,ETH,6589
1540394,231,73,1078,2012.0,64099.0,8348.0,1.51134,-0.637794,USA,ETH,6589
1540395,239,73,1078,2012.0,6675702.0,0.0,0.0755,1.008183,VNM,ETH,6589
1540396,246,73,1078,2012.0,5990.0,0.0,0.06510099999999999,1.748521,ZAF,ETH,6589
1540397,249,73,1078,2012.0,4954.0,0.0,1.671686,0.9854729999999999,TWN,ETH,6589
1540398,7,80,1078,2012.0,22505.0,0.0,0.256232,-0.46518400000000004,ARE,GAB,6589
1540399,15,80,1078,2012.0,4472.0,0.0,1.710955,-0.8860399999999999,AUT,GAB,6589
1540400,18,80,1078,2012.0,77806.0,0.0,1.06425,1.369205,BEL,GAB,6589
1540401,39,80,1078,2012.0,1128.0,0.0,0.630575,1.28653,CAN,GAB,6589
1540402,43,80,1078,2012.0,716188.0,0.0,1.2170590000000001,0.584412,CHN,GAB,6589
1540403,44,80,1078,2012.0,34526.0,0.0,-1.014737,-0.8629049999999999,CIV,GAB,6589
1540404,61,80,1078,2012.0,3464.0,0.0,1.977443,-3.692254,DEU,GAB,6589
1540405,71,80,1078,2012.0,75934.0,0.0,0.925701,1.8700189999999999,ESP,GAB,6589
1540406,72,80,1078,2012.0,163659.0,0.0,0.8603,1.3146870000000002,EST,GAB,6589
1540407,77,80,1078,2012.0,999219.0,8281.0,1.414721,0.07219600000000001,FRA,GAB,6589
1540408,81,80,1078,2012.0,42859.0,0.0,1.544653,0.776512,GBR,GAB,6589
1540409,97,80,1078,2012.0,5767.0,0.0,0.788308,1.029625,HKG,GAB,6589
1540410,110,80,1078,2012.0,11000.0,0.0,1.125254,0.736004,ISR,GAB,6589
1540411,111,80,1078,2012.0,6619.0,0.0,1.396626,-0.43950500000000003,ITA,GAB,6589
1540412,124,80,1078,2012.0,3129.0,0.0,0.36778099999999997,1.3771010000000001,LBN,GAB,6589
1540413,134,80,1078,2012.0,32417.0,0.0,-0.330598,0.037439,MAR,GAB,6589
1540414,159,80,1078,2012.0,0.0,6038.0,-1.616498,-1.174816,NGA,GAB,6589
1540415,162,80,1078,2012.0,45173.0,0.0,0.961975,1.517883,NLD,GAB,6589
1540416,168,80,1078,2012.0,848031.0,0.0,-0.600346,0.474208,PAK,GAB,6589
1540417,179,80,1078,2012.0,12628.0,0.0,0.697799,2.122262,PRT,GAB,6589
1540418,223,80,1078,2012.0,13398.0,0.0,0.509432,0.8157810000000001,TUN,GAB,6589
1540419,224,80,1078,2012.0,7977.0,0.0,0.657573,1.969027,TUR,GAB,6589
1540420,231,80,1078,2012.0,11916.0,0.0,1.51134,-0.637794,USA,GAB,6589
1540421,239,80,1078,2012.0,9021.0,0.0,0.0755,1.008183,VNM,GAB,6589
1540422,246,80,1078,2012.0,18665.0,0.0,0.06510099999999999,1.748521,ZAF,GAB,6589
1540423,2,83,1078,2012.0,0.0,1068.0,-1.610059,-1.1253739999999999,AGO,GHA,6589
1540424,7,83,1078,2012.0,159647.0,0.0,0.256232,-0.46518400000000004,ARE,GHA,6589
1540425,14,83,1078,2012.0,128729.0,0.0,-0.537197,-0.22305300000000003,AUS,GHA,6589
1540426,18,83,1078,2012.0,33150.0,3096.0,1.06425,1.369205,BEL,GHA,6589
1540427,21,83,1078,2012.0,0.0,61921.0,-0.624286,-0.689179,BFA,GHA,6589
1540428,32,83,1078,2012.0,1448.0,0.0,0.340455,0.9006790000000001,BRA,GHA,6589
1540429,43,83,1078,2012.0,13005657.0,2070.0,1.2170590000000001,0.584412,CHN,GHA,6589
1540430,44,83,1078,2012.0,5110.0,0.0,-1.014737,-0.8629049999999999,CIV,GHA,6589
1540431,61,83,1078,2012.0,82886.0,2971.0,1.977443,-3.692254,DEU,GHA,6589
1540432,64,83,1078,2012.0,2809.0,0.0,1.159478,1.053761,DNK,GHA,6589
1540433,68,83,1078,2012.0,50374.0,11922.0,-0.145791,1.470876,EGY,GHA,6589
1540434,71,83,1078,2012.0,1105140.0,0.0,0.925701,1.8700189999999999,ESP,GHA,6589
1540435,73,83,1078,2012.0,0.0,7302.0,-0.9118729999999999,-0.8843,ETH,GHA,6589
1540436,74,83,1078,2012.0,2546.0,0.0,1.5813700000000002,0.872251,FIN,GHA,6589
1540437,77,83,1078,2012.0,20696.0,3145.0,1.414721,0.07219600000000001,FRA,GHA,6589
1540438,81,83,1078,2012.0,1594756.0,0.0,1.544653,0.776512,GBR,GHA,6589
1540439,97,83,1078,2012.0,9163.0,0.0,0.788308,1.029625,HKG,GHA,6589
1540440,103,83,1078,2012.0,6226.0,0.0,0.045694,1.635448,IDN,GHA,6589
1540441,104,83,1078,2012.0,277699.0,8379.0,0.24883200000000003,2.463711,IND,GHA,6589
1540442,106,83,1078,2012.0,3164.0,1069.0,1.1761549999999998,0.279569,IRL,GHA,6589
1540443,110,83,1078,2012.0,5644.0,0.0,1.125254,0.736004,ISR,GHA,6589
1540444,111,83,1078,2012.0,7598.0,0.0,1.396626,-0.43950500000000003,ITA,GHA,6589
1540445,121,83,1078,2012.0,12916.0,0.0,1.839479,0.8272799999999999,KOR,GHA,6589
1540446,124,83,1078,2012.0,4754.0,0.0,0.36778099999999997,1.3771010000000001,LBN,GHA,6589
1540447,141,83,1078,2012.0,0.0,54398.0,-0.675086,-0.8228139999999999,MLI,GHA,6589
1540448,157,83,1078,2012.0,0.0,106209.0,-1.274453,-1.12791,NER,GHA,6589
1540449,159,83,1078,2012.0,4509.0,0.0,-1.616498,-1.174816,NGA,GHA,6589
1540450,162,83,1078,2012.0,15000.0,0.0,0.961975,1.517883,NLD,GHA,6589
1540451,163,83,1078,2012.0,3154.0,15513.0,0.5462670000000001,-0.042712,NOR,GHA,6589
1540452,168,83,1078,2012.0,2408.0,0.0,-0.600346,0.474208,PAK,GHA,6589
1540453,186,83,1078,2012.0,13750.0,0.0,-0.123649,-0.218926,RUS,GHA,6589
1540454,191,83,1078,2012.0,0.0,73487.0,-0.379797,0.020130000000000002,SEN,GHA,6589
1540455,192,83,1078,2012.0,2783.0,0.0,1.762134,0.583393,SGP,GHA,6589
1540456,208,83,1078,2012.0,3604.0,0.0,1.721268,0.15675,SWE,GHA,6589
1540457,215,83,1078,2012.0,21305.0,40613.0,-0.525578,-0.41306800000000005,TGO,GHA,6589
1540458,216,83,1078,2012.0,11909.0,0.0,1.015684,1.20697,THA,GHA,6589
1540459,224,83,1078,2012.0,5684.0,0.0,0.657573,1.969027,TUR,GHA,6589
1540460,226,83,1078,2012.0,1163.0,0.0,-0.490001,1.149681,TZA,GHA,6589
1540461,231,83,1078,2012.0,399197.0,8138.0,1.51134,-0.637794,USA,GHA,6589
1540462,239,83,1078,2012.0,3535105.0,0.0,0.0755,1.008183,VNM,GHA,6589
1540463,246,83,1078,2012.0,498244.0,0.0,0.06510099999999999,1.748521,ZAF,GHA,6589
1540464,249,83,1078,2012.0,1128.0,0.0,1.671686,0.9854729999999999,TWN,GHA,6589
1540465,16,84,1078,2012.0,0.0,3399.0,-1.44287,-1.261817,AZE,GIB,6589
1540466,18,84,1078,2012.0,6562.0,0.0,1.06425,1.369205,BEL,GIB,6589
1540467,43,84,1078,2012.0,2912.0,0.0,1.2170590000000001,0.584412,CHN,GIB,6589
1540468,61,84,1078,2012.0,1022.0,0.0,1.977443,-3.692254,DEU,GIB,6589
1540469,71,84,1078,2012.0,98513.0,0.0,0.925701,1.8700189999999999,ESP,GIB,6589
1540470,77,84,1078,2012.0,2714.0,0.0,1.414721,0.07219600000000001,FRA,GIB,6589
1540471,81,84,1078,2012.0,97474.0,0.0,1.544653,0.776512,GBR,GIB,6589
1540472,97,84,1078,2012.0,1150.0,0.0,0.788308,1.029625,HKG,GIB,6589
1540473,111,84,1078,2012.0,2224.0,0.0,1.396626,-0.43950500000000003,ITA,GIB,6589
1540474,162,84,1078,2012.0,1411.0,0.0,0.961975,1.517883,NLD,GIB,6589
1540475,163,84,1078,2012.0,97811.0,0.0,0.5462670000000001,-0.042712,NOR,GIB,6589
1540476,179,84,1078,2012.0,5144.0,0.0,0.697799,2.122262,PRT,GIB,6589
1540477,7,85,1078,2012.0,155736.0,0.0,0.256232,-0.46518400000000004,ARE,GIN,6589
1540478,14,85,1078,2012.0,4298.0,0.0,-0.537197,-0.22305300000000003,AUS,GIN,6589
1540479,18,85,1078,2012.0,5711.0,0.0,1.06425,1.369205,BEL,GIN,6589
1540480,39,85,1078,2012.0,2957.0,0.0,0.630575,1.28653,CAN,GIN,6589
1540481,43,85,1078,2012.0,2308241.0,0.0,1.2170590000000001,0.584412,CHN,GIN,6589
1540482,61,85,1078,2012.0,2100.0,0.0,1.977443,-3.692254,DEU,GIN,6589
1540483,68,85,1078,2012.0,10519.0,0.0,-0.145791,1.470876,EGY,GIN,6589
1540484,77,85,1078,2012.0,98034.0,0.0,1.414721,0.07219600000000001,FRA,GIN,6589
1540485,81,85,1078,2012.0,17615.0,0.0,1.544653,0.776512,GBR,GIN,6589
1540486,97,85,1078,2012.0,71103.0,0.0,0.788308,1.029625,HKG,GIN,6589
1540487,104,85,1078,2012.0,3523.0,0.0,0.24883200000000003,2.463711,IND,GIN,6589
1540488,124,85,1078,2012.0,42896.0,0.0,0.36778099999999997,1.3771010000000001,LBN,GIN,6589
1540489,134,85,1078,2012.0,2047.0,0.0,-0.330598,0.037439,MAR,GIN,6589
1540490,153,85,1078,2012.0,2395.0,0.0,0.93739,0.726329,MYS,GIN,6589
1540491,162,85,1078,2012.0,1159.0,0.0,0.961975,1.517883,NLD,GIN,6589
1540492,168,85,1078,2012.0,14717.0,0.0,-0.600346,0.474208,PAK,GIN,6589
1540493,186,85,1078,2012.0,20190.0,0.0,-0.123649,-0.218926,RUS,GIN,6589
1540494,216,85,1078,2012.0,97370.0,0.0,1.015684,1.20697,THA,GIN,6589
1540495,224,85,1078,2012.0,15326.0,0.0,0.657573,1.969027,TUR,GIN,6589
1540496,231,85,1078,2012.0,10980.0,2518.0,1.51134,-0.637794,USA,GIN,6589
1540497,239,85,1078,2012.0,4019097.0,0.0,0.0755,1.008183,VNM,GIN,6589
1540498,246,85,1078,2012.0,45745.0,0.0,0.06510099999999999,1.748521,ZAF,GIN,6589
1540499,7,89,1078,2012.0,28685.0,0.0,0.256232,-0.46518400000000004,ARE,GNQ,6589
1540500,18,89,1078,2012.0,96745.0,0.0,1.06425,1.369205,BEL,GNQ,6589
1540501,32,89,1078,2012.0,68124.0,0.0,0.340455,0.9006790000000001,BRA,GNQ,6589
1540502,43,89,1078,2012.0,428019.0,0.0,1.2170590000000001,0.584412,CHN,GNQ,6589
1540503,61,89,1078,2012.0,8276.0,0.0,1.977443,-3.692254,DEU,GNQ,6589
1540504,71,89,1078,2012.0,756714.0,0.0,0.925701,1.8700189999999999,ESP,GNQ,6589
1540505,77,89,1078,2012.0,81555.0,0.0,1.414721,0.07219600000000001,FRA,GNQ,6589
1540506,81,89,1078,2012.0,3012.0,0.0,1.544653,0.776512,GBR,GNQ,6589
1540507,110,89,1078,2012.0,266000.0,0.0,1.125254,0.736004,ISR,GNQ,6589
1540508,121,89,1078,2012.0,24167.0,0.0,1.839479,0.8272799999999999,KOR,GNQ,6589
1540509,124,89,1078,2012.0,11800.0,0.0,0.36778099999999997,1.3771010000000001,LBN,GNQ,6589
1540510,134,89,1078,2012.0,15040.0,0.0,-0.330598,0.037439,MAR,GNQ,6589
1540511,162,89,1078,2012.0,28074.0,0.0,0.961975,1.517883,NLD,GNQ,6589
1540512,163,89,1078,2012.0,11570.0,0.0,0.5462670000000001,-0.042712,NOR,GNQ,6589
1540513,179,89,1078,2012.0,15092.0,0.0,0.697799,2.122262,PRT,GNQ,6589
1540514,224,89,1078,2012.0,30141.0,0.0,0.657573,1.969027,TUR,GNQ,6589
1540515,231,89,1078,2012.0,119197.0,0.0,1.51134,-0.637794,USA,GNQ,6589
1540516,246,89,1078,2012.0,1864.0,0.0,0.06510099999999999,1.748521,ZAF,GNQ,6589
1540517,7,108,1078,2012.0,1500562.0,0.0,0.256232,-0.46518400000000004,ARE,IRQ,6589
1540518,15,108,1078,2012.0,38459.0,0.0,1.710955,-0.8860399999999999,AUT,IRQ,6589
1540519,39,108,1078,2012.0,8458.0,0.0,0.630575,1.28653,CAN,IRQ,6589
1540520,41,108,1078,2012.0,1569.0,0.0,2.0265150000000003,0.6496689999999999,CHE,IRQ,6589
1540521,43,108,1078,2012.0,18502674.0,0.0,1.2170590000000001,0.584412,CHN,IRQ,6589
1540522,49,108,1078,2012.0,67539.0,0.0,0.034488,-0.340545,COL,IRQ,6589
1540523,61,108,1078,2012.0,257362.0,0.0,1.977443,-3.692254,DEU,IRQ,6589
1540524,68,108,1078,2012.0,420674.0,0.0,-0.145791,1.470876,EGY,IRQ,6589
1540525,77,108,1078,2012.0,16337.0,0.0,1.414721,0.07219600000000001,FRA,IRQ,6589
1540526,81,108,1078,2012.0,842247.0,0.0,1.544653,0.776512,GBR,IRQ,6589
1540527,90,108,1078,2012.0,1951.0,0.0,0.161352,1.273024,GRC,IRQ,6589
1540528,104,108,1078,2012.0,127220.0,0.0,0.24883200000000003,2.463711,IND,IRQ,6589
1540529,111,108,1078,2012.0,94628.0,0.0,1.396626,-0.43950500000000003,ITA,IRQ,6589
1540530,113,108,1078,2012.0,711022.0,0.0,0.29205,0.638942,JOR,IRQ,6589
1540531,121,108,1078,2012.0,71011.0,0.0,1.839479,0.8272799999999999,KOR,IRQ,6589
1540532,124,108,1078,2012.0,136912.0,0.0,0.36778099999999997,1.3771010000000001,LBN,IRQ,6589
1540533,162,108,1078,2012.0,1363.0,0.0,0.961975,1.517883,NLD,IRQ,6589
1540534,168,108,1078,2012.0,2323.0,0.0,-0.600346,0.474208,PAK,IRQ,6589
1540535,177,108,1078,2012.0,1512.0,0.0,1.039598,1.145227,POL,IRQ,6589
1540536,185,108,1078,2012.0,9883.0,0.0,0.952936,1.227809,ROU,IRQ,6589
1540537,224,108,1078,2012.0,4550856.0,0.0,0.657573,1.969027,TUR,IRQ,6589
1540538,231,108,1078,2012.0,205577.0,2040.0,1.51134,-0.637794,USA,IRQ,6589
1540539,4,109,1078,2012.0,0.0,1033.0,-0.331512,-0.049776,ALB,ISL,6589
1540540,15,109,1078,2012.0,44945.0,0.0,1.710955,-0.8860399999999999,AUT,ISL,6589
1540541,18,109,1078,2012.0,31319.0,1175.0,1.06425,1.369205,BEL,ISL,6589
1540542,39,109,1078,2012.0,5870.0,0.0,0.630575,1.28653,CAN,ISL,6589
1540543,41,109,1078,2012.0,5704.0,0.0,2.0265150000000003,0.6496689999999999,CHE,ISL,6589
1540544,43,109,1078,2012.0,130863.0,0.0,1.2170590000000001,0.584412,CHN,ISL,6589
1540545,59,109,1078,2012.0,14323.0,0.0,1.7368299999999999,-0.651329,CZE,ISL,6589
1540546,61,109,1078,2012.0,497877.0,2694.0,1.977443,-3.692254,DEU,ISL,6589
1540547,64,109,1078,2012.0,476155.0,3703.0,1.159478,1.053761,DNK,ISL,6589
1540548,71,109,1078,2012.0,10392.0,0.0,0.925701,1.8700189999999999,ESP,ISL,6589
1540549,72,109,1078,2012.0,47399.0,0.0,0.8603,1.3146870000000002,EST,ISL,6589
1540550,74,109,1078,2012.0,26081.0,0.0,1.5813700000000002,0.872251,FIN,ISL,6589
1540551,77,109,1078,2012.0,53773.0,0.0,1.414721,0.07219600000000001,FRA,ISL,6589
1540552,81,109,1078,2012.0,113640.0,0.0,1.544653,0.776512,GBR,ISL,6589
1540553,97,109,1078,2012.0,19466.0,0.0,0.788308,1.029625,HKG,ISL,6589
1540554,100,109,1078,2012.0,0.0,1807.0,0.881764,1.149456,HRV,ISL,6589
1540555,102,109,1078,2012.0,5656.0,0.0,1.61049,0.44614799999999993,HUN,ISL,6589
1540556,104,109,1078,2012.0,13704.0,0.0,0.24883200000000003,2.463711,IND,ISL,6589
1540557,106,109,1078,2012.0,4003.0,0.0,1.1761549999999998,0.279569,IRL,ISL,6589
1540558,111,109,1078,2012.0,62194.0,0.0,1.396626,-0.43950500000000003,ITA,ISL,6589
1540559,114,109,1078,2012.0,9327.0,0.0,2.325746,-0.8705649999999999,JPN,ISL,6589
1540560,121,109,1078,2012.0,9498.0,0.0,1.839479,0.8272799999999999,KOR,ISL,6589
1540561,131,109,1078,2012.0,0.0,3132.0,1.0163739999999999,1.178021,LUX,ISL,6589
1540562,138,109,1078,2012.0,1022.0,0.0,1.166986,0.662798,MEX,ISL,6589
1540563,162,109,1078,2012.0,180108.0,0.0,0.961975,1.517883,NLD,ISL,6589
1540564,163,109,1078,2012.0,16546.0,2086.0,0.5462670000000001,-0.042712,NOR,ISL,6589
1540565,168,109,1078,2012.0,7520.0,0.0,-0.600346,0.474208,PAK,ISL,6589
1540566,177,109,1078,2012.0,3945.0,0.0,1.039598,1.145227,POL,ISL,6589
1540567,179,109,1078,2012.0,44756.0,0.0,0.697799,2.122262,PRT,ISL,6589
1540568,186,109,1078,2012.0,1564.0,3056.0,-0.123649,-0.218926,RUS,ISL,6589
1540569,206,109,1078,2012.0,4412.0,0.0,1.3586200000000002,0.805751,SVK,ISL,6589
1540570,208,109,1078,2012.0,404094.0,2021.0,1.721268,0.15675,SWE,ISL,6589
1540571,216,109,1078,2012.0,18688.0,0.0,1.015684,1.20697,THA,ISL,6589
1540572,224,109,1078,2012.0,14630.0,0.0,0.657573,1.969027,TUR,ISL,6589
1540573,228,109,1078,2012.0,4506.0,0.0,0.533547,1.159378,UKR,ISL,6589
1540574,231,109,1078,2012.0,67891.0,3464.0,1.51134,-0.637794,USA,ISL,6589
1540575,239,109,1078,2012.0,128617.0,0.0,0.0755,1.008183,VNM,ISL,6589
1540576,249,109,1078,2012.0,4107.0,0.0,1.671686,0.9854729999999999,TWN,ISL,6589
1540577,7,116,1078,2012.0,246265.0,1297.0,0.256232,-0.46518400000000004,ARE,KEN,6589
1540578,14,116,1078,2012.0,40368.0,2366.0,-0.537197,-0.22305300000000003,AUS,KEN,6589
1540579,15,116,1078,2012.0,3134.0,0.0,1.710955,-0.8860399999999999,AUT,KEN,6589
1540580,17,116,1078,2012.0,0.0,1235.0,-0.504594,-0.944235,BDI,KEN,6589
1540581,18,116,1078,2012.0,59186.0,0.0,1.06425,1.369205,BEL,KEN,6589
1540582,39,116,1078,2012.0,0.0,1784.0,0.630575,1.28653,CAN,KEN,6589
1540583,41,116,1078,2012.0,2117.0,1248.0,2.0265150000000003,0.6496689999999999,CHE,KEN,6589
1540584,43,116,1078,2012.0,10945186.0,0.0,1.2170590000000001,0.584412,CHN,KEN,6589
1540585,47,116,1078,2012.0,0.0,3155.0,-1.153559,-1.069009,COG,KEN,6589
1540586,61,116,1078,2012.0,102132.0,0.0,1.977443,-3.692254,DEU,KEN,6589
1540587,73,116,1078,2012.0,24366.0,0.0,-0.9118729999999999,-0.8843,ETH,KEN,6589
1540588,74,116,1078,2012.0,93870.0,0.0,1.5813700000000002,0.872251,FIN,KEN,6589
1540589,77,116,1078,2012.0,6006.0,0.0,1.414721,0.07219600000000001,FRA,KEN,6589
1540590,81,116,1078,2012.0,115719.0,2382.0,1.544653,0.776512,GBR,KEN,6589
1540591,97,116,1078,2012.0,31127.0,0.0,0.788308,1.029625,HKG,KEN,6589
1540592,104,116,1078,2012.0,10217920.0,0.0,0.24883200000000003,2.463711,IND,KEN,6589
1540593,106,116,1078,2012.0,1370.0,0.0,1.1761549999999998,0.279569,IRL,KEN,6589
1540594,110,116,1078,2012.0,415000.0,0.0,1.125254,0.736004,ISR,KEN,6589
1540595,111,116,1078,2012.0,75886.0,1944.0,1.396626,-0.43950500000000003,ITA,KEN,6589
1540596,114,116,1078,2012.0,7342.0,0.0,2.325746,-0.8705649999999999,JPN,KEN,6589
1540597,121,116,1078,2012.0,1375.0,0.0,1.839479,0.8272799999999999,KOR,KEN,6589
1540598,138,116,1078,2012.0,10063.0,0.0,1.166986,0.662798,MEX,KEN,6589
1540599,147,116,1078,2012.0,0.0,5215.0,-1.274567,-1.045444,MOZ,KEN,6589
1540600,151,116,1078,2012.0,3513.0,5626.0,-0.101344,0.22300100000000003,MUS,KEN,6589
1540601,162,116,1078,2012.0,22362.0,4187.0,0.961975,1.517883,NLD,KEN,6589
1540602,163,116,1078,2012.0,98571.0,1422.0,0.5462670000000001,-0.042712,NOR,KEN,6589
1540603,168,116,1078,2012.0,2085030.0,0.0,-0.600346,0.474208,PAK,KEN,6589
1540604,187,116,1078,2012.0,0.0,141936.0,-0.589064,-0.751896,RWA,KEN,6589
1540605,190,116,1078,2012.0,0.0,24084.0,-1.2913139999999999,-1.144454,SDN,KEN,6589
1540606,192,116,1078,2012.0,1498.0,0.0,1.762134,0.583393,SGP,KEN,6589
1540607,216,116,1078,2012.0,184568.0,0.0,1.015684,1.20697,THA,KEN,6589
1540608,224,116,1078,2012.0,10532.0,0.0,0.657573,1.969027,TUR,KEN,6589
1540609,226,116,1078,2012.0,10258175.0,67035.0,-0.490001,1.149681,TZA,KEN,6589
1540610,227,116,1078,2012.0,0.0,251084.0,-0.492733,0.4513,UGA,KEN,6589
1540611,228,116,1078,2012.0,0.0,17128.0,0.533547,1.159378,UKR,KEN,6589
1540612,231,116,1078,2012.0,263186.0,59148.0,1.51134,-0.637794,USA,KEN,6589
1540613,239,116,1078,2012.0,3464962.0,0.0,0.0755,1.008183,VNM,KEN,6589
1540614,246,116,1078,2012.0,281054.0,18468.0,0.06510099999999999,1.748521,ZAF,KEN,6589
1540615,247,116,1078,2012.0,8845.0,10144.0,-0.356518,-0.71057,ZMB,KEN,6589
1540616,249,116,1078,2012.0,138006.0,0.0,1.671686,0.9854729999999999,TWN,KEN,6589
1540617,39,120,1078,2012.0,137999.0,0.0,0.630575,1.28653,CAN,KNA,6589
1540618,43,120,1078,2012.0,11945.0,0.0,1.2170590000000001,0.584412,CHN,KNA,6589
1540619,55,120,1078,2012.0,62677.0,0.0,0.003982,-0.685596,CUW,KNA,6589
1540620,97,120,1078,2012.0,1544.0,0.0,0.788308,1.029625,HKG,KNA,6589
1540621,169,120,1078,2012.0,1743.0,0.0,1.001878,1.18554,PAN,KNA,6589
1540622,222,120,1078,2012.0,6803.0,0.0,-0.257402,-0.9802709999999999,TTO,KNA,6589
1540623,231,120,1078,2012.0,102286.0,0.0,1.51134,-0.637794,USA,KNA,6589
1540624,249,120,1078,2012.0,1269.0,0.0,1.671686,0.9854729999999999,TWN,KNA,6589
1540625,7,122,1078,2012.0,2270839.0,44009.0,0.256232,-0.46518400000000004,ARE,KWT,6589
1540626,15,122,1078,2012.0,3137.0,1307.0,1.710955,-0.8860399999999999,AUT,KWT,6589
1540627,18,122,1078,2012.0,8388.0,0.0,1.06425,1.369205,BEL,KWT,6589
1540628,22,122,1078,2012.0,8238.0,0.0,-0.62037,-0.6858350000000001,BGD,KWT,6589
1540629,32,122,1078,2012.0,3068.0,0.0,0.340455,0.9006790000000001,BRA,KWT,6589
1540630,39,122,1078,2012.0,268591.0,0.0,0.630575,1.28653,CAN,KWT,6589
1540631,41,122,1078,2012.0,25126.0,5639.0,2.0265150000000003,0.6496689999999999,CHE,KWT,6589
1540632,43,122,1078,2012.0,5506218.0,0.0,1.2170590000000001,0.584412,CHN,KWT,6589
1540633,59,122,1078,2012.0,3028.0,0.0,1.7368299999999999,-0.651329,CZE,KWT,6589
1540634,61,122,1078,2012.0,621496.0,0.0,1.977443,-3.692254,DEU,KWT,6589
1540635,64,122,1078,2012.0,35214.0,0.0,1.159478,1.053761,DNK,KWT,6589
1540636,71,122,1078,2012.0,148918.0,0.0,0.925701,1.8700189999999999,ESP,KWT,6589
1540637,77,122,1078,2012.0,72416.0,0.0,1.414721,0.07219600000000001,FRA,KWT,6589
1540638,81,122,1078,2012.0,289125.0,0.0,1.544653,0.776512,GBR,KWT,6589
1540639,97,122,1078,2012.0,5279.0,0.0,0.788308,1.029625,HKG,KWT,6589
1540640,100,122,1078,2012.0,5589.0,0.0,0.881764,1.149456,HRV,KWT,6589
1540641,103,122,1078,2012.0,4753.0,0.0,0.045694,1.635448,IDN,KWT,6589
1540642,104,122,1078,2012.0,2108485.0,0.0,0.24883200000000003,2.463711,IND,KWT,6589
1540643,111,122,1078,2012.0,1031638.0,0.0,1.396626,-0.43950500000000003,ITA,KWT,6589
1540644,113,122,1078,2012.0,1769.0,0.0,0.29205,0.638942,JOR,KWT,6589
1540645,114,122,1078,2012.0,29591.0,0.0,2.325746,-0.8705649999999999,JPN,KWT,6589
1540646,121,122,1078,2012.0,85783.0,0.0,1.839479,0.8272799999999999,KOR,KWT,6589
1540647,124,122,1078,2012.0,195671.0,3056.0,0.36778099999999997,1.3771010000000001,LBN,KWT,6589
1540648,128,122,1078,2012.0,0.0,1705.0,-0.24579299999999998,0.518273,LKA,KWT,6589
1540649,134,122,1078,2012.0,49615.0,1916.0,-0.330598,0.037439,MAR,KWT,6589
1540650,153,122,1078,2012.0,112642.0,0.0,0.93739,0.726329,MYS,KWT,6589
1540651,162,122,1078,2012.0,58669.0,0.0,0.961975,1.517883,NLD,KWT,6589
1540652,168,122,1078,2012.0,813050.0,0.0,-0.600346,0.474208,PAK,KWT,6589
1540653,177,122,1078,2012.0,2547.0,0.0,1.039598,1.145227,POL,KWT,6589
1540654,179,122,1078,2012.0,72614.0,0.0,0.697799,2.122262,PRT,KWT,6589
1540655,188,122,1078,2012.0,370934.0,0.0,-0.621115,-0.975865,SAU,KWT,6589
1540656,208,122,1078,2012.0,4432.0,0.0,1.721268,0.15675,SWE,KWT,6589
1540657,216,122,1078,2012.0,126330.0,0.0,1.015684,1.20697,THA,KWT,6589
1540658,224,122,1078,2012.0,137767.0,0.0,0.657573,1.969027,TUR,KWT,6589
1540659,231,122,1078,2012.0,683675.0,4875.0,1.51134,-0.637794,USA,KWT,6589
1540660,246,122,1078,2012.0,16070.0,0.0,0.06510099999999999,1.748521,ZAF,KWT,6589
1540661,249,122,1078,2012.0,54568.0,0.0,1.671686,0.9854729999999999,TWN,KWT,6589
1540662,7,123,1078,2012.0,8260.0,0.0,0.256232,-0.46518400000000004,ARE,LAO,6589
1540663,14,123,1078,2012.0,66069.0,0.0,-0.537197,-0.22305300000000003,AUS,LAO,6589
1540664,15,123,1078,2012.0,0.0,1503.0,1.710955,-0.8860399999999999,AUT,LAO,6589
1540665,41,123,1078,2012.0,0.0,1068.0,2.0265150000000003,0.6496689999999999,CHE,LAO,6589
1540666,43,123,1078,2012.0,1212198.0,7012.0,1.2170590000000001,0.584412,CHN,LAO,6589
1540667,61,123,1078,2012.0,0.0,132680.0,1.977443,-3.692254,DEU,LAO,6589
1540668,77,123,1078,2012.0,0.0,7383.0,1.414721,0.07219600000000001,FRA,LAO,6589
1540669,81,123,1078,2012.0,26232.0,0.0,1.544653,0.776512,GBR,LAO,6589
1540670,97,123,1078,2012.0,0.0,10993.0,0.788308,1.029625,HKG,LAO,6589
1540671,114,123,1078,2012.0,0.0,2062326.0,2.325746,-0.8705649999999999,JPN,LAO,6589
1540672,118,123,1078,2012.0,1881.0,0.0,-0.6328739999999999,-0.9080030000000001,KHM,LAO,6589
1540673,121,123,1078,2012.0,15291.0,0.0,1.839479,0.8272799999999999,KOR,LAO,6589
1540674,186,123,1078,2012.0,2464.0,0.0,-0.123649,-0.218926,RUS,LAO,6589
1540675,208,123,1078,2012.0,3232.0,0.0,1.721268,0.15675,SWE,LAO,6589
1540676,216,123,1078,2012.0,2734576.0,511596.0,1.015684,1.20697,THA,LAO,6589
1540677,231,123,1078,2012.0,12448.0,1837.0,1.51134,-0.637794,USA,LAO,6589
1540678,239,123,1078,2012.0,190340.0,0.0,0.0755,1.008183,VNM,LAO,6589
1540679,249,123,1078,2012.0,5272.0,0.0,1.671686,0.9854729999999999,TWN,LAO,6589
1540680,7,125,1078,2012.0,24019.0,0.0,0.256232,-0.46518400000000004,ARE,LBR,6589
1540681,18,125,1078,2012.0,1096.0,0.0,1.06425,1.369205,BEL,LBR,6589
1540682,41,125,1078,2012.0,1068.0,0.0,2.0265150000000003,0.6496689999999999,CHE,LBR,6589
1540683,43,125,1078,2012.0,343894.0,0.0,1.2170590000000001,0.584412,CHN,LBR,6589
1540684,71,125,1078,2012.0,12168.0,2891.0,0.925701,1.8700189999999999,ESP,LBR,6589
1540685,81,125,1078,2012.0,15666.0,0.0,1.544653,0.776512,GBR,LBR,6589
1540686,111,125,1078,2012.0,9519.0,0.0,1.396626,-0.43950500000000003,ITA,LBR,6589
1540687,124,125,1078,2012.0,9790.0,0.0,0.36778099999999997,1.3771010000000001,LBN,LBR,6589
1540688,162,125,1078,2012.0,3553.0,0.0,0.961975,1.517883,NLD,LBR,6589
1540689,168,125,1078,2012.0,1526.0,0.0,-0.600346,0.474208,PAK,LBR,6589
1540690,216,125,1078,2012.0,8619.0,0.0,1.015684,1.20697,THA,LBR,6589
1540691,228,125,1078,2012.0,0.0,3350.0,0.533547,1.159378,UKR,LBR,6589
1540692,231,125,1078,2012.0,13043.0,0.0,1.51134,-0.637794,USA,LBR,6589
1540693,239,125,1078,2012.0,1333010.0,0.0,0.0755,1.008183,VNM,LBR,6589
1540694,246,125,1078,2012.0,17767.0,0.0,0.06510099999999999,1.748521,ZAF,LBR,6589
1540695,14,133,1078,2012.0,12706.0,6446.0,-0.537197,-0.22305300000000003,AUS,MAC,6589
1540696,15,133,1078,2012.0,7627.0,0.0,1.710955,-0.8860399999999999,AUT,MAC,6589
1540697,39,133,1078,2012.0,3147.0,1196.0,0.630575,1.28653,CAN,MAC,6589
1540698,41,133,1078,2012.0,4931.0,0.0,2.0265150000000003,0.6496689999999999,CHE,MAC,6589
1540699,43,133,1078,2012.0,1101392.0,44649.0,1.2170590000000001,0.584412,CHN,MAC,6589
1540700,59,133,1078,2012.0,0.0,2427.0,1.7368299999999999,-0.651329,CZE,MAC,6589
1540701,61,133,1078,2012.0,16475.0,3274.0,1.977443,-3.692254,DEU,MAC,6589
1540702,77,133,1078,2012.0,17872.0,10745.0,1.414721,0.07219600000000001,FRA,MAC,6589
1540703,81,133,1078,2012.0,22320.0,0.0,1.544653,0.776512,GBR,MAC,6589
1540704,97,133,1078,2012.0,948986.0,269658.0,0.788308,1.029625,HKG,MAC,6589
1540705,104,133,1078,2012.0,1071.0,0.0,0.24883200000000003,2.463711,IND,MAC,6589
1540706,111,133,1078,2012.0,1533.0,1752.0,1.396626,-0.43950500000000003,ITA,MAC,6589
1540707,114,133,1078,2012.0,11357.0,1794.0,2.325746,-0.8705649999999999,JPN,MAC,6589
1540708,121,133,1078,2012.0,1647.0,0.0,1.839479,0.8272799999999999,KOR,MAC,6589
1540709,136,133,1078,2012.0,1388.0,0.0,-0.664783,-0.478411,MDG,MAC,6589
1540710,138,133,1078,2012.0,0.0,1672.0,1.166986,0.662798,MEX,MAC,6589
1540711,153,133,1078,2012.0,8286.0,0.0,0.93739,0.726329,MYS,MAC,6589
1540712,162,133,1078,2012.0,1057.0,0.0,0.961975,1.517883,NLD,MAC,6589
1540713,179,133,1078,2012.0,9339.0,0.0,0.697799,2.122262,PRT,MAC,6589
1540714,192,133,1078,2012.0,2995.0,0.0,1.762134,0.583393,SGP,MAC,6589
1540715,208,133,1078,2012.0,16011.0,0.0,1.721268,0.15675,SWE,MAC,6589
1540716,231,133,1078,2012.0,203911.0,348130.0,1.51134,-0.637794,USA,MAC,6589
1540717,249,133,1078,2012.0,42708.0,0.0,1.671686,0.9854729999999999,TWN,MAC,6589
1540718,7,134,1078,2012.0,66296.0,38041.0,0.256232,-0.46518400000000004,ARE,MAR,6589
1540719,14,134,1078,2012.0,0.0,3379.0,-0.537197,-0.22305300000000003,AUS,MAR,6589
1540720,15,134,1078,2012.0,19665.0,2230.0,1.710955,-0.8860399999999999,AUT,MAR,6589
1540721,18,134,1078,2012.0,91675.0,141442.0,1.06425,1.369205,BEL,MAR,6589
1540722,21,134,1078,2012.0,3219.0,3381.0,-0.624286,-0.689179,BFA,MAR,6589
1540723,39,134,1078,2012.0,6838.0,2933.0,0.630575,1.28653,CAN,MAR,6589
1540724,41,134,1078,2012.0,239430.0,70134.0,2.0265150000000003,0.6496689999999999,CHE,MAR,6589
1540725,42,134,1078,2012.0,0.0,23378.0,-0.180309,-0.33571799999999996,CHL,MAR,6589
1540726,43,134,1078,2012.0,5725872.0,0.0,1.2170590000000001,0.584412,CHN,MAR,6589
1540727,44,134,1078,2012.0,0.0,7235.0,-1.014737,-0.8629049999999999,CIV,MAR,6589
1540728,45,134,1078,2012.0,0.0,3584.0,-1.018794,-1.013026,CMR,MAR,6589
1540729,59,134,1078,2012.0,0.0,34193.0,1.7368299999999999,-0.651329,CZE,MAR,6589
1540730,61,134,1078,2012.0,839544.0,621770.0,1.977443,-3.692254,DEU,MAR,6589
1540731,64,134,1078,2012.0,51996.0,0.0,1.159478,1.053761,DNK,MAR,6589
1540732,68,134,1078,2012.0,148096.0,43565.0,-0.145791,1.470876,EGY,MAR,6589
1540733,71,134,1078,2012.0,5692124.0,73866496.0,0.925701,1.8700189999999999,ESP,MAR,6589
1540734,77,134,1078,2012.0,1540646.0,1606222.0,1.414721,0.07219600000000001,FRA,MAR,6589
1540735,80,134,1078,2012.0,0.0,32417.0,-1.636201,-1.161638,GAB,MAR,6589
1540736,81,134,1078,2012.0,167071.0,20736.0,1.544653,0.776512,GBR,MAR,6589
1540737,85,134,1078,2012.0,0.0,2047.0,-1.904106,-1.2584950000000001,GIN,MAR,6589
1540738,87,134,1078,2012.0,0.0,21502.0,-0.36801300000000003,-0.637681,GMB,MAR,6589
1540739,89,134,1078,2012.0,0.0,15040.0,-1.3664319999999999,-0.834513,GNQ,MAR,6589
1540740,97,134,1078,2012.0,11690.0,0.0,0.788308,1.029625,HKG,MAR,6589
1540741,102,134,1078,2012.0,6217.0,0.0,1.61049,0.44614799999999993,HUN,MAR,6589
1540742,103,134,1078,2012.0,4321.0,0.0,0.045694,1.635448,IDN,MAR,6589
1540743,104,134,1078,2012.0,948467.0,2512.0,0.24883200000000003,2.463711,IND,MAR,6589
1540744,106,134,1078,2012.0,22069.0,0.0,1.1761549999999998,0.279569,IRL,MAR,6589
1540745,110,134,1078,2012.0,4000.0,4381.0,1.125254,0.736004,ISR,MAR,6589
1540746,111,134,1078,2012.0,358554.0,8666.0,1.396626,-0.43950500000000003,ITA,MAR,6589
1540747,114,134,1078,2012.0,10710.0,37952.0,2.325746,-0.8705649999999999,JPN,MAR,6589
1540748,121,134,1078,2012.0,7760.0,1215.0,1.839479,0.8272799999999999,KOR,MAR,6589
1540749,122,134,1078,2012.0,1916.0,49615.0,-1.130729,-1.083905,KWT,MAR,6589
1540750,124,134,1078,2012.0,7008.0,2819.0,0.36778099999999997,1.3771010000000001,LBN,MAR,6589
1540751,126,134,1078,2012.0,0.0,6410.0,-2.778437,-1.15615,LBY,MAR,6589
1540752,131,134,1078,2012.0,1322.0,0.0,1.0163739999999999,1.178021,LUX,MAR,6589
1540753,138,134,1078,2012.0,2603.0,0.0,1.166986,0.662798,MEX,MAR,6589
1540754,148,134,1078,2012.0,0.0,222153.0,-1.501575,-1.294704,MRT,MAR,6589
1540755,162,134,1078,2012.0,134315.0,4082.0,0.961975,1.517883,NLD,MAR,6589
1540756,168,134,1078,2012.0,60091.0,0.0,-0.600346,0.474208,PAK,MAR,6589
1540757,177,134,1078,2012.0,14374.0,2174.0,1.039598,1.145227,POL,MAR,6589
1540758,179,134,1078,2012.0,89942.0,4337718.0,0.697799,2.122262,PRT,MAR,6589
1540759,185,134,1078,2012.0,930657.0,124548.0,0.952936,1.227809,ROU,MAR,6589
1540760,186,134,1078,2012.0,0.0,2521.0,-0.123649,-0.218926,RUS,MAR,6589
1540761,188,134,1078,2012.0,2027.0,13965.0,-0.621115,-0.975865,SAU,MAR,6589
1540762,191,134,1078,2012.0,0.0,3021.0,-0.379797,0.020130000000000002,SEN,MAR,6589
1540763,207,134,1078,2012.0,15066.0,0.0,1.4933049999999999,0.58207,SVN,MAR,6589
1540764,208,134,1078,2012.0,84874.0,2382.0,1.721268,0.15675,SWE,MAR,6589
1540765,212,134,1078,2012.0,5275.0,0.0,0.12079200000000001,2.258125,SYR,MAR,6589
1540766,216,134,1078,2012.0,16194.0,0.0,1.015684,1.20697,THA,MAR,6589
1540767,223,134,1078,2012.0,84887.0,66945.0,0.509432,0.8157810000000001,TUN,MAR,6589
1540768,224,134,1078,2012.0,545979.0,0.0,0.657573,1.969027,TUR,MAR,6589
1540769,228,134,1078,2012.0,1071.0,0.0,0.533547,1.159378,UKR,MAR,6589
1540770,231,134,1078,2012.0,114171.0,46598.0,1.51134,-0.637794,USA,MAR,6589
1540771,239,134,1078,2012.0,11673.0,0.0,0.0755,1.008183,VNM,MAR,6589
1540772,246,134,1078,2012.0,0.0,2367.0,0.06510099999999999,1.748521,ZAF,MAR,6589
1540773,249,134,1078,2012.0,37417.0,0.0,1.671686,0.9854729999999999,TWN,MAR,6589
1540774,7,136,1078,2012.0,52964.0,0.0,0.256232,-0.46518400000000004,ARE,MDG,6589
1540775,14,136,1078,2012.0,1134.0,0.0,-0.537197,-0.22305300000000003,AUS,MDG,6589
1540776,18,136,1078,2012.0,4013.0,0.0,1.06425,1.369205,BEL,MDG,6589
1540777,39,136,1078,2012.0,2747.0,0.0,0.630575,1.28653,CAN,MDG,6589
1540778,41,136,1078,2012.0,0.0,5351.0,2.0265150000000003,0.6496689999999999,CHE,MDG,6589
1540779,43,136,1078,2012.0,7060933.0,46267.0,1.2170590000000001,0.584412,CHN,MDG,6589
1540780,50,136,1078,2012.0,0.0,5937.0,0.06202100000000001,-0.7399100000000001,COM,MDG,6589
1540781,61,136,1078,2012.0,2367.0,13136.0,1.977443,-3.692254,DEU,MDG,6589
1540782,64,136,1078,2012.0,0.0,1167.0,1.159478,1.053761,DNK,MDG,6589
1540783,66,136,1078,2012.0,0.0,1340.0,-1.745941,-1.149894,DZA,MDG,6589
1540784,71,136,1078,2012.0,1118.0,1141.0,0.925701,1.8700189999999999,ESP,MDG,6589
1540785,74,136,1078,2012.0,0.0,1045.0,1.5813700000000002,0.872251,FIN,MDG,6589
1540786,77,136,1078,2012.0,486291.0,871178.0,1.414721,0.07219600000000001,FRA,MDG,6589
1540787,81,136,1078,2012.0,26845.0,0.0,1.544653,0.776512,GBR,MDG,6589
1540788,104,136,1078,2012.0,3133577.0,0.0,0.24883200000000003,2.463711,IND,MDG,6589
1540789,111,136,1078,2012.0,3436.0,2568.0,1.396626,-0.43950500000000003,ITA,MDG,6589
1540790,114,136,1078,2012.0,2788.0,15335.0,2.325746,-0.8705649999999999,JPN,MDG,6589
1540791,121,136,1078,2012.0,1372.0,5219.0,1.839479,0.8272799999999999,KOR,MDG,6589
1540792,128,136,1078,2012.0,10163.0,0.0,-0.24579299999999998,0.518273,LKA,MDG,6589
1540793,133,136,1078,2012.0,0.0,1388.0,0.7714310000000001,0.727348,MAC,MDG,6589
1540794,138,136,1078,2012.0,0.0,1395.0,1.166986,0.662798,MEX,MDG,6589
1540795,151,136,1078,2012.0,9969.0,8105.0,-0.101344,0.22300100000000003,MUS,MDG,6589
1540796,153,136,1078,2012.0,1333.0,0.0,0.93739,0.726329,MYS,MDG,6589
1540797,154,136,1078,2012.0,0.0,7832.0,0.771458,-0.398828,MYT,MDG,6589
1540798,162,136,1078,2012.0,3064.0,0.0,0.961975,1.517883,NLD,MDG,6589
1540799,163,136,1078,2012.0,0.0,2195.0,0.5462670000000001,-0.042712,NOR,MDG,6589
1540800,168,136,1078,2012.0,36441.0,0.0,-0.600346,0.474208,PAK,MDG,6589
1540801,192,136,1078,2012.0,0.0,14666.0,1.762134,0.583393,SGP,MDG,6589
1540802,206,136,1078,2012.0,1184.0,0.0,1.3586200000000002,0.805751,SVK,MDG,6589
1540803,211,136,1078,2012.0,0.0,2747.0,-0.408819,-0.753598,SYC,MDG,6589
1540804,216,136,1078,2012.0,9690.0,4590.0,1.015684,1.20697,THA,MDG,6589
1540805,224,136,1078,2012.0,1233.0,0.0,0.657573,1.969027,TUR,MDG,6589
1540806,226,136,1078,2012.0,2972154.0,0.0,-0.490001,1.149681,TZA,MDG,6589
1540807,231,136,1078,2012.0,33313.0,0.0,1.51134,-0.637794,USA,MDG,6589
1540808,246,136,1078,2012.0,68914.0,3037.0,0.06510099999999999,1.748521,ZAF,MDG,6589
1540809,250,136,1078,2012.0,122301.0,4723.0,0.34242399999999995,-0.007095999999999999,ANS,MDG,6589
1540810,7,141,1078,2012.0,82389.0,0.0,0.256232,-0.46518400000000004,ARE,MLI,6589
1540811,14,141,1078,2012.0,30726.0,1844.0,-0.537197,-0.22305300000000003,AUS,MLI,6589
1540812,18,141,1078,2012.0,4475.0,0.0,1.06425,1.369205,BEL,MLI,6589
1540813,21,141,1078,2012.0,9569.0,0.0,-0.624286,-0.689179,BFA,MLI,6589
1540814,22,141,1078,2012.0,10718.0,0.0,-0.62037,-0.6858350000000001,BGD,MLI,6589
1540815,39,141,1078,2012.0,15405.0,0.0,0.630575,1.28653,CAN,MLI,6589
1540816,43,141,1078,2012.0,422171.0,0.0,1.2170590000000001,0.584412,CHN,MLI,6589
1540817,44,141,1078,2012.0,56720.0,0.0,-1.014737,-0.8629049999999999,CIV,MLI,6589
1540818,61,141,1078,2012.0,3475.0,0.0,1.977443,-3.692254,DEU,MLI,6589
1540819,71,141,1078,2012.0,8113.0,0.0,0.925701,1.8700189999999999,ESP,MLI,6589
1540820,77,141,1078,2012.0,190934.0,15461.0,1.414721,0.07219600000000001,FRA,MLI,6589
1540821,81,141,1078,2012.0,10007.0,0.0,1.544653,0.776512,GBR,MLI,6589
1540822,83,141,1078,2012.0,54398.0,0.0,-1.0541049999999998,-0.7275590000000001,GHA,MLI,6589
1540823,104,141,1078,2012.0,83959.0,0.0,0.24883200000000003,2.463711,IND,MLI,6589
1540824,114,141,1078,2012.0,20271.0,0.0,2.325746,-0.8705649999999999,JPN,MLI,6589
1540825,157,141,1078,2012.0,44370.0,0.0,-1.274453,-1.12791,NER,MLI,6589
1540826,162,141,1078,2012.0,3206.0,0.0,0.961975,1.517883,NLD,MLI,6589
1540827,191,141,1078,2012.0,637748.0,0.0,-0.379797,0.020130000000000002,SEN,MLI,6589
1540828,208,141,1078,2012.0,1645.0,0.0,1.721268,0.15675,SWE,MLI,6589
1540829,216,141,1078,2012.0,8165.0,0.0,1.015684,1.20697,THA,MLI,6589
1540830,231,141,1078,2012.0,12642.0,0.0,1.51134,-0.637794,USA,MLI,6589
1540831,239,141,1078,2012.0,1982489.0,0.0,0.0755,1.008183,VNM,MLI,6589
1540832,246,141,1078,2012.0,43147.0,0.0,0.06510099999999999,1.748521,ZAF,MLI,6589
1540833,7,148,1078,2012.0,65162.0,0.0,0.256232,-0.46518400000000004,ARE,MRT,6589
1540834,14,148,1078,2012.0,6314.0,0.0,-0.537197,-0.22305300000000003,AUS,MRT,6589
1540835,18,148,1078,2012.0,14453.0,0.0,1.06425,1.369205,BEL,MRT,6589
1540836,32,148,1078,2012.0,14377.0,0.0,0.340455,0.9006790000000001,BRA,MRT,6589
1540837,39,148,1078,2012.0,2561.0,0.0,0.630575,1.28653,CAN,MRT,6589
1540838,43,148,1078,2012.0,1064038.0,0.0,1.2170590000000001,0.584412,CHN,MRT,6589
1540839,44,148,1078,2012.0,30668.0,0.0,-1.014737,-0.8629049999999999,CIV,MRT,6589
1540840,71,148,1078,2012.0,46385.0,0.0,0.925701,1.8700189999999999,ESP,MRT,6589
1540841,77,148,1078,2012.0,224729.0,0.0,1.414721,0.07219600000000001,FRA,MRT,6589
1540842,104,148,1078,2012.0,6296.0,0.0,0.24883200000000003,2.463711,IND,MRT,6589
1540843,134,148,1078,2012.0,222153.0,0.0,-0.330598,0.037439,MAR,MRT,6589
1540844,163,148,1078,2012.0,3766.0,0.0,0.5462670000000001,-0.042712,NOR,MRT,6589
1540845,191,148,1078,2012.0,12313.0,0.0,-0.379797,0.020130000000000002,SEN,MRT,6589
1540846,223,148,1078,2012.0,2344.0,0.0,0.509432,0.8157810000000001,TUN,MRT,6589
1540847,224,148,1078,2012.0,10863.0,0.0,0.657573,1.969027,TUR,MRT,6589
1540848,231,148,1078,2012.0,5411.0,0.0,1.51134,-0.637794,USA,MRT,6589
1540849,246,148,1078,2012.0,12352.0,0.0,0.06510099999999999,1.748521,ZAF,MRT,6589
1540850,7,151,1078,2012.0,6881.0,2414.0,0.256232,-0.46518400000000004,ARE,MUS,6589
1540851,14,151,1078,2012.0,1536.0,6361.0,-0.537197,-0.22305300000000003,AUS,MUS,6589
1540852,15,151,1078,2012.0,4661.0,0.0,1.710955,-0.8860399999999999,AUT,MUS,6589
1540853,18,151,1078,2012.0,4163.0,1384.0,1.06425,1.369205,BEL,MUS,6589
1540854,32,151,1078,2012.0,18171.0,0.0,0.340455,0.9006790000000001,BRA,MUS,6589
1540855,41,151,1078,2012.0,1893.0,92646.0,2.0265150000000003,0.6496689999999999,CHE,MUS,6589
1540856,43,151,1078,2012.0,1223315.0,0.0,1.2170590000000001,0.584412,CHN,MUS,6589
1540857,50,151,1078,2012.0,0.0,69538.0,0.06202100000000001,-0.7399100000000001,COM,MUS,6589
1540858,59,151,1078,2012.0,1322.0,0.0,1.7368299999999999,-0.651329,CZE,MUS,6589
1540859,61,151,1078,2012.0,171670.0,2351.0,1.977443,-3.692254,DEU,MUS,6589
1540860,64,151,1078,2012.0,1039.0,16646.0,1.159478,1.053761,DNK,MUS,6589
1540861,68,151,1078,2012.0,1448.0,0.0,-0.145791,1.470876,EGY,MUS,6589
1540862,71,151,1078,2012.0,20934.0,0.0,0.925701,1.8700189999999999,ESP,MUS,6589
1540863,77,151,1078,2012.0,137665.0,161279.0,1.414721,0.07219600000000001,FRA,MUS,6589
1540864,81,151,1078,2012.0,16182.0,16445.0,1.544653,0.776512,GBR,MUS,6589
1540865,97,151,1078,2012.0,36855.0,3151.0,0.788308,1.029625,HKG,MUS,6589
1540866,103,151,1078,2012.0,45676.0,0.0,0.045694,1.635448,IDN,MUS,6589
1540867,104,151,1078,2012.0,2369264.0,5584.0,0.24883200000000003,2.463711,IND,MUS,6589
1540868,111,151,1078,2012.0,34871.0,4978.0,1.396626,-0.43950500000000003,ITA,MUS,6589
1540869,114,151,1078,2012.0,11899.0,20508.0,2.325746,-0.8705649999999999,JPN,MUS,6589
1540870,116,151,1078,2012.0,5626.0,3513.0,-0.256144,0.21991599999999997,KEN,MUS,6589
1540871,121,151,1078,2012.0,4104.0,0.0,1.839479,0.8272799999999999,KOR,MUS,6589
1540872,130,151,1078,2012.0,1194.0,0.0,0.739945,1.217062,LTU,MUS,6589
1540873,136,151,1078,2012.0,8105.0,9969.0,-0.664783,-0.478411,MDG,MUS,6589
1540874,137,151,1078,2012.0,0.0,5637.0,-0.12348699999999999,-0.7748430000000001,MDV,MUS,6589
1540875,142,151,1078,2012.0,1926.0,0.0,0.775001,0.048663,MLT,MUS,6589
1540876,153,151,1078,2012.0,2329.0,0.0,0.93739,0.726329,MYS,MUS,6589
1540877,154,151,1078,2012.0,0.0,448975.0,0.771458,-0.398828,MYT,MUS,6589
1540878,159,151,1078,2012.0,0.0,2374.0,-1.616498,-1.174816,NGA,MUS,6589
1540879,162,151,1078,2012.0,16808.0,1393.0,0.961975,1.517883,NLD,MUS,6589
1540880,166,151,1078,2012.0,0.0,1234.0,0.21502399999999997,0.746456,NZL,MUS,6589
1540881,168,151,1078,2012.0,110549.0,0.0,-0.600346,0.474208,PAK,MUS,6589
1540882,187,151,1078,2012.0,0.0,8305.0,-0.589064,-0.751896,RWA,MUS,6589
1540883,192,151,1078,2012.0,11902.0,0.0,1.762134,0.583393,SGP,MUS,6589
1540884,211,151,1078,2012.0,0.0,34556.0,-0.408819,-0.753598,SYC,MUS,6589
1540885,216,151,1078,2012.0,2838.0,0.0,1.015684,1.20697,THA,MUS,6589
1540886,224,151,1078,2012.0,4219.0,0.0,0.657573,1.969027,TUR,MUS,6589
1540887,231,151,1078,2012.0,10939.0,175708.0,1.51134,-0.637794,USA,MUS,6589
1540888,239,151,1078,2012.0,6962.0,0.0,0.0755,1.008183,VNM,MUS,6589
1540889,246,151,1078,2012.0,77523.0,7107.0,0.06510099999999999,1.748521,ZAF,MUS,6589
1540890,248,151,1078,2012.0,0.0,33893.0,-0.812796,-0.747908,ZWE,MUS,6589
1540891,249,151,1078,2012.0,18446.0,0.0,1.671686,0.9854729999999999,TWN,MUS,6589
1540892,2,155,1078,2012.0,0.0,4545217.0,-1.610059,-1.1253739999999999,AGO,NAM,6589
1540893,7,155,1078,2012.0,6010.0,0.0,0.256232,-0.46518400000000004,ARE,NAM,6589
1540894,37,155,1078,2012.0,8494.0,0.0,-0.47585200000000005,-1.061016,BWA,NAM,6589
1540895,43,155,1078,2012.0,4054744.0,2068.0,1.2170590000000001,0.584412,CHN,NAM,6589
1540896,61,155,1078,2012.0,33271.0,16164.0,1.977443,-3.692254,DEU,NAM,6589
1540897,71,155,1078,2012.0,3391.0,0.0,0.925701,1.8700189999999999,ESP,NAM,6589
1540898,77,155,1078,2012.0,30879.0,0.0,1.414721,0.07219600000000001,FRA,NAM,6589
1540899,81,155,1078,2012.0,43636.0,0.0,1.544653,0.776512,GBR,NAM,6589
1540900,97,155,1078,2012.0,392989.0,0.0,0.788308,1.029625,HKG,NAM,6589
1540901,104,155,1078,2012.0,176308.0,0.0,0.24883200000000003,2.463711,IND,NAM,6589
1540902,121,155,1078,2012.0,0.0,2056.0,1.839479,0.8272799999999999,KOR,NAM,6589
1540903,130,155,1078,2012.0,0.0,1896.0,0.739945,1.217062,LTU,NAM,6589
1540904,152,155,1078,2012.0,0.0,17913.0,-1.069049,-1.060096,MWI,NAM,6589
1540905,163,155,1078,2012.0,8678.0,2428.0,0.5462670000000001,-0.042712,NOR,NAM,6589
1540906,169,155,1078,2012.0,0.0,3614.0,1.001878,1.18554,PAN,NAM,6589
1540907,177,155,1078,2012.0,1559.0,0.0,1.039598,1.145227,POL,NAM,6589
1540908,179,155,1078,2012.0,1438.0,0.0,0.697799,2.122262,PRT,NAM,6589
1540909,192,155,1078,2012.0,15415.0,0.0,1.762134,0.583393,SGP,NAM,6589
1540910,226,155,1078,2012.0,19842.0,1136.0,-0.490001,1.149681,TZA,NAM,6589
1540911,231,155,1078,2012.0,13220.0,0.0,1.51134,-0.637794,USA,NAM,6589
1540912,246,155,1078,2012.0,5139436.0,25504.0,0.06510099999999999,1.748521,ZAF,NAM,6589
1540913,247,155,1078,2012.0,0.0,2240.0,-0.356518,-0.71057,ZMB,NAM,6589
1540914,250,155,1078,2012.0,0.0,20574.0,0.34242399999999995,-0.007095999999999999,ANS,NAM,6589
1540915,7,157,1078,2012.0,126870.0,0.0,0.256232,-0.46518400000000004,ARE,NER,6589
1540916,14,157,1078,2012.0,0.0,1881.0,-0.537197,-0.22305300000000003,AUS,NER,6589
1540917,18,157,1078,2012.0,170813.0,0.0,1.06425,1.369205,BEL,NER,6589
1540918,19,157,1078,2012.0,6668.0,0.0,-1.0708870000000001,-0.934292,BEN,NER,6589
1540919,21,157,1078,2012.0,16965.0,0.0,-0.624286,-0.689179,BFA,NER,6589
1540920,39,157,1078,2012.0,13183.0,1145.0,0.630575,1.28653,CAN,NER,6589
1540921,41,157,1078,2012.0,2122.0,1385.0,2.0265150000000003,0.6496689999999999,CHE,NER,6589
1540922,43,157,1078,2012.0,312050.0,0.0,1.2170590000000001,0.584412,CHN,NER,6589
1540923,44,157,1078,2012.0,33556.0,0.0,-1.014737,-0.8629049999999999,CIV,NER,6589
1540924,61,157,1078,2012.0,1129.0,0.0,1.977443,-3.692254,DEU,NER,6589
1540925,77,157,1078,2012.0,166078.0,0.0,1.414721,0.07219600000000001,FRA,NER,6589
1540926,83,157,1078,2012.0,106209.0,0.0,-1.0541049999999998,-0.7275590000000001,GHA,NER,6589
1540927,104,157,1078,2012.0,66481.0,0.0,0.24883200000000003,2.463711,IND,NER,6589
1540928,141,157,1078,2012.0,0.0,44370.0,-0.675086,-0.8228139999999999,MLI,NER,6589
1540929,159,157,1078,2012.0,5175.0,0.0,-1.616498,-1.174816,NGA,NER,6589
1540930,177,157,1078,2012.0,16850.0,0.0,1.039598,1.145227,POL,NER,6589
1540931,188,157,1078,2012.0,1470.0,0.0,-0.621115,-0.975865,SAU,NER,6589
1540932,191,157,1078,2012.0,18441.0,0.0,-0.379797,0.020130000000000002,SEN,NER,6589
1540933,208,157,1078,2012.0,11946.0,0.0,1.721268,0.15675,SWE,NER,6589
1540934,215,157,1078,2012.0,1092.0,0.0,-0.525578,-0.41306800000000005,TGO,NER,6589
1540935,223,157,1078,2012.0,13259.0,0.0,0.509432,0.8157810000000001,TUN,NER,6589
1540936,224,157,1078,2012.0,1180.0,0.0,0.657573,1.969027,TUR,NER,6589
1540937,231,157,1078,2012.0,28308.0,0.0,1.51134,-0.637794,USA,NER,6589
1540938,239,157,1078,2012.0,60948.0,0.0,0.0755,1.008183,VNM,NER,6589
1540939,250,157,1078,2012.0,5586.0,0.0,0.34242399999999995,-0.007095999999999999,ANS,NER,6589
1540940,7,159,1078,2012.0,161207.0,3111.0,0.256232,-0.46518400000000004,ARE,NGA,6589
1540941,13,159,1078,2012.0,4909.0,0.0,0.891969,1.130457,ATG,NGA,6589
1540942,18,159,1078,2012.0,38987.0,0.0,1.06425,1.369205,BEL,NGA,6589
1540943,21,159,1078,2012.0,1050.0,0.0,-0.624286,-0.689179,BFA,NGA,6589
1540944,32,159,1078,2012.0,4967.0,0.0,0.340455,0.9006790000000001,BRA,NGA,6589
1540945,33,159,1078,2012.0,1790.0,0.0,0.653472,0.43920600000000004,BRB,NGA,6589
1540946,36,159,1078,2012.0,3295.0,0.0,0.9955219999999999,-0.21595100000000003,BVT,NGA,6589
1540947,38,159,1078,2012.0,0.0,2292.0,-0.079519,-0.6013229999999999,CAF,NGA,6589
1540948,39,159,1078,2012.0,2348.0,0.0,0.630575,1.28653,CAN,NGA,6589
1540949,41,159,1078,2012.0,122738.0,0.0,2.0265150000000003,0.6496689999999999,CHE,NGA,6589
1540950,43,159,1078,2012.0,13397383.0,0.0,1.2170590000000001,0.584412,CHN,NGA,6589
1540951,44,159,1078,2012.0,13635.0,0.0,-1.014737,-0.8629049999999999,CIV,NGA,6589
1540952,59,159,1078,2012.0,1515.0,0.0,1.7368299999999999,-0.651329,CZE,NGA,6589
1540953,61,159,1078,2012.0,212914.0,0.0,1.977443,-3.692254,DEU,NGA,6589
1540954,64,159,1078,2012.0,3262.0,0.0,1.159478,1.053761,DNK,NGA,6589
1540955,71,159,1078,2012.0,127347.0,0.0,0.925701,1.8700189999999999,ESP,NGA,6589
1540956,74,159,1078,2012.0,4722.0,0.0,1.5813700000000002,0.872251,FIN,NGA,6589
1540957,77,159,1078,2012.0,135437.0,0.0,1.414721,0.07219600000000001,FRA,NGA,6589
1540958,80,159,1078,2012.0,6038.0,0.0,-1.636201,-1.161638,GAB,NGA,6589
1540959,81,159,1078,2012.0,1092723.0,0.0,1.544653,0.776512,GBR,NGA,6589
1540960,83,159,1078,2012.0,0.0,4509.0,-1.0541049999999998,-0.7275590000000001,GHA,NGA,6589
1540961,97,159,1078,2012.0,9382.0,0.0,0.788308,1.029625,HKG,NGA,6589
1540962,103,159,1078,2012.0,13341.0,0.0,0.045694,1.635448,IDN,NGA,6589
1540963,104,159,1078,2012.0,12491273.0,0.0,0.24883200000000003,2.463711,IND,NGA,6589
1540964,106,159,1078,2012.0,2301.0,0.0,1.1761549999999998,0.279569,IRL,NGA,6589
1540965,110,159,1078,2012.0,1000561.0,0.0,1.125254,0.736004,ISR,NGA,6589
1540966,111,159,1078,2012.0,194039.0,0.0,1.396626,-0.43950500000000003,ITA,NGA,6589
1540967,114,159,1078,2012.0,2214.0,2454.0,2.325746,-0.8705649999999999,JPN,NGA,6589
1540968,121,159,1078,2012.0,619478.0,0.0,1.839479,0.8272799999999999,KOR,NGA,6589
1540969,124,159,1078,2012.0,6032.0,0.0,0.36778099999999997,1.3771010000000001,LBN,NGA,6589
1540970,151,159,1078,2012.0,2374.0,0.0,-0.101344,0.22300100000000003,MUS,NGA,6589
1540971,157,159,1078,2012.0,0.0,5175.0,-1.274453,-1.12791,NER,NGA,6589
1540972,162,159,1078,2012.0,67231.0,0.0,0.961975,1.517883,NLD,NGA,6589
1540973,163,159,1078,2012.0,8881.0,0.0,0.5462670000000001,-0.042712,NOR,NGA,6589
1540974,168,159,1078,2012.0,56859.0,0.0,-0.600346,0.474208,PAK,NGA,6589
1540975,174,159,1078,2012.0,3304.0,0.0,0.44656,0.55585,PHL,NGA,6589
1540976,179,159,1078,2012.0,6461.0,0.0,0.697799,2.122262,PRT,NGA,6589
1540977,186,159,1078,2012.0,3496.0,0.0,-0.123649,-0.218926,RUS,NGA,6589
1540978,191,159,1078,2012.0,7863.0,0.0,-0.379797,0.020130000000000002,SEN,NGA,6589
1540979,192,159,1078,2012.0,21456.0,0.0,1.762134,0.583393,SGP,NGA,6589
1540980,201,159,1078,2012.0,4638.0,0.0,0.696674,1.544065,SRB,NGA,6589
1540981,216,159,1078,2012.0,67079.0,0.0,1.015684,1.20697,THA,NGA,6589
1540982,224,159,1078,2012.0,86765.0,0.0,0.657573,1.969027,TUR,NGA,6589
1540983,230,159,1078,2012.0,610786.0,0.0,0.013581000000000001,0.047302,URY,NGA,6589
1540984,231,159,1078,2012.0,910467.0,1105.0,1.51134,-0.637794,USA,NGA,6589
1540985,239,159,1078,2012.0,1964776.0,0.0,0.0755,1.008183,VNM,NGA,6589
1540986,246,159,1078,2012.0,271874.0,1343.0,0.06510099999999999,1.748521,ZAF,NGA,6589
1540987,249,159,1078,2012.0,138548.0,0.0,1.671686,0.9854729999999999,TWN,NGA,6589
1540988,75,165,1078,2012.0,6635.0,0.0,-0.332623,0.020258,FJI,NRU,6589
1540989,166,165,1078,2012.0,6985.0,0.0,0.21502399999999997,0.746456,NZL,NRU,6589
1540990,7,176,1078,2012.0,35113.0,0.0,0.256232,-0.46518400000000004,ARE,PNG,6589
1540991,14,176,1078,2012.0,2601843.0,17058.0,-0.537197,-0.22305300000000003,AUS,PNG,6589
1540992,22,176,1078,2012.0,1590.0,0.0,-0.62037,-0.6858350000000001,BGD,PNG,6589
1540993,32,176,1078,2012.0,1709.0,0.0,0.340455,0.9006790000000001,BRA,PNG,6589
1540994,39,176,1078,2012.0,2614.0,0.0,0.630575,1.28653,CAN,PNG,6589
1540995,43,176,1078,2012.0,864155.0,0.0,1.2170590000000001,0.584412,CHN,PNG,6589
1540996,61,176,1078,2012.0,5932.0,0.0,1.977443,-3.692254,DEU,PNG,6589
1540997,75,176,1078,2012.0,82482.0,0.0,-0.332623,0.020258,FJI,PNG,6589
1540998,77,176,1078,2012.0,2646.0,0.0,1.414721,0.07219600000000001,FRA,PNG,6589
1540999,81,176,1078,2012.0,5381.0,0.0,1.544653,0.776512,GBR,PNG,6589
1541000,97,176,1078,2012.0,150291.0,0.0,0.788308,1.029625,HKG,PNG,6589
1541001,103,176,1078,2012.0,148172.0,5012.0,0.045694,1.635448,IDN,PNG,6589
1541002,104,176,1078,2012.0,154861.0,0.0,0.24883200000000003,2.463711,IND,PNG,6589
1541003,110,176,1078,2012.0,15880.0,0.0,1.125254,0.736004,ISR,PNG,6589
1541004,114,176,1078,2012.0,57560.0,1949.0,2.325746,-0.8705649999999999,JPN,PNG,6589
1541005,121,176,1078,2012.0,114630.0,0.0,1.839479,0.8272799999999999,KOR,PNG,6589
1541006,153,176,1078,2012.0,114938.0,0.0,0.93739,0.726329,MYS,PNG,6589
1541007,156,176,1078,2012.0,2657.0,0.0,-0.650737,-0.897949,NCL,PNG,6589
1541008,162,176,1078,2012.0,0.0,43732.0,0.961975,1.517883,NLD,PNG,6589
1541009,166,176,1078,2012.0,88935.0,0.0,0.21502399999999997,0.746456,NZL,PNG,6589
1541010,168,176,1078,2012.0,9764.0,0.0,-0.600346,0.474208,PAK,PNG,6589
1541011,174,176,1078,2012.0,16773.0,0.0,0.44656,0.55585,PHL,PNG,6589
1541012,178,176,1078,2012.0,1434.0,0.0,-0.10913699999999998,0.23393200000000003,PRK,PNG,6589
1541013,192,176,1078,2012.0,225305.0,0.0,1.762134,0.583393,SGP,PNG,6589
1541014,195,176,1078,2012.0,0.0,34143.0,-0.6644909999999999,-0.8823030000000001,SLB,PNG,6589
1541015,209,176,1078,2012.0,883547.0,0.0,0.209802,-0.11224,SWZ,PNG,6589
1541016,216,176,1078,2012.0,18379.0,0.0,1.015684,1.20697,THA,PNG,6589
1541017,224,176,1078,2012.0,3377.0,0.0,0.657573,1.969027,TUR,PNG,6589
1541018,231,176,1078,2012.0,136940.0,0.0,1.51134,-0.637794,USA,PNG,6589
1541019,239,176,1078,2012.0,3862926.0,0.0,0.0755,1.008183,VNM,PNG,6589
1541020,249,176,1078,2012.0,28911.0,0.0,1.671686,0.9854729999999999,TWN,PNG,6589
1541021,32,178,1078,2012.0,0.0,66815.0,0.340455,0.9006790000000001,BRA,PRK,6589
1541022,43,178,1078,2012.0,1480362.0,380599.0,1.2170590000000001,0.584412,CHN,PRK,6589
1541023,59,178,1078,2012.0,0.0,3380.0,1.7368299999999999,-0.651329,CZE,PRK,6589
1541024,61,178,1078,2012.0,2493.0,0.0,1.977443,-3.692254,DEU,PRK,6589
1541025,67,178,1078,2012.0,0.0,5532.0,-0.66209,-0.796325,ECU,PRK,6589
1541026,77,178,1078,2012.0,0.0,1512.0,1.414721,0.07219600000000001,FRA,PRK,6589
1541027,97,178,1078,2012.0,3608.0,0.0,0.788308,1.029625,HKG,PRK,6589
1541028,104,178,1078,2012.0,90115.0,0.0,0.24883200000000003,2.463711,IND,PRK,6589
1541029,140,178,1078,2012.0,0.0,1370.0,-0.08785599999999999,0.153128,MKD,PRK,6589
1541030,160,178,1078,2012.0,0.0,1375.0,-0.6056279999999999,-0.404956,NIC,PRK,6589
1541031,176,178,1078,2012.0,0.0,1434.0,-1.0462200000000001,-1.022037,PNG,PRK,6589
1541032,186,178,1078,2012.0,4010.0,15528.0,-0.123649,-0.218926,RUS,PRK,6589
1541033,205,178,1078,2012.0,0.0,1296.0,-0.47594899999999996,-0.966457,SUR,PRK,6589
1541034,227,178,1078,2012.0,0.0,1819.0,-0.492733,0.4513,UGA,PRK,6589
1541035,7,183,1078,2012.0,1414512.0,5952.0,0.256232,-0.46518400000000004,ARE,QAT,6589
1541036,14,183,1078,2012.0,17976.0,0.0,-0.537197,-0.22305300000000003,AUS,QAT,6589
1541037,15,183,1078,2012.0,148654.0,0.0,1.710955,-0.8860399999999999,AUT,QAT,6589
1541038,16,183,1078,2012.0,0.0,3922.0,-1.44287,-1.261817,AZE,QAT,6589
1541039,18,183,1078,2012.0,51434.0,0.0,1.06425,1.369205,BEL,QAT,6589
1541040,22,183,1078,2012.0,21404.0,0.0,-0.62037,-0.6858350000000001,BGD,QAT,6589
1541041,39,183,1078,2012.0,38118.0,0.0,0.630575,1.28653,CAN,QAT,6589
1541042,41,183,1078,2012.0,20144.0,0.0,2.0265150000000003,0.6496689999999999,CHE,QAT,6589
1541043,43,183,1078,2012.0,1347977.0,0.0,1.2170590000000001,0.584412,CHN,QAT,6589
1541044,61,183,1078,2012.0,401361.0,0.0,1.977443,-3.692254,DEU,QAT,6589
1541045,64,183,1078,2012.0,31922.0,0.0,1.159478,1.053761,DNK,QAT,6589
1541046,68,183,1078,2012.0,17424.0,0.0,-0.145791,1.470876,EGY,QAT,6589
1541047,71,183,1078,2012.0,213764.0,0.0,0.925701,1.8700189999999999,ESP,QAT,6589
1541048,77,183,1078,2012.0,452178.0,4033.0,1.414721,0.07219600000000001,FRA,QAT,6589
1541049,81,183,1078,2012.0,619705.0,0.0,1.544653,0.776512,GBR,QAT,6589
1541050,90,183,1078,2012.0,22332.0,0.0,0.161352,1.273024,GRC,QAT,6589
1541051,97,183,1078,2012.0,11016.0,0.0,0.788308,1.029625,HKG,QAT,6589
1541052,103,183,1078,2012.0,2284.0,4530.0,0.045694,1.635448,IDN,QAT,6589
1541053,104,183,1078,2012.0,647908.0,3765.0,0.24883200000000003,2.463711,IND,QAT,6589
1541054,111,183,1078,2012.0,816636.0,0.0,1.396626,-0.43950500000000003,ITA,QAT,6589
1541055,114,183,1078,2012.0,122074.0,0.0,2.325746,-0.8705649999999999,JPN,QAT,6589
1541056,121,183,1078,2012.0,10266.0,0.0,1.839479,0.8272799999999999,KOR,QAT,6589
1541057,124,183,1078,2012.0,69796.0,0.0,0.36778099999999997,1.3771010000000001,LBN,QAT,6589
1541058,153,183,1078,2012.0,0.0,3097.0,0.93739,0.726329,MYS,QAT,6589
1541059,162,183,1078,2012.0,44071.0,0.0,0.961975,1.517883,NLD,QAT,6589
1541060,163,183,1078,2012.0,21507.0,0.0,0.5462670000000001,-0.042712,NOR,QAT,6589
1541061,167,183,1078,2012.0,25980.0,5524.0,-0.782802,-1.065774,OMN,QAT,6589
1541062,168,183,1078,2012.0,316842.0,0.0,-0.600346,0.474208,PAK,QAT,6589
1541063,174,183,1078,2012.0,25567.0,0.0,0.44656,0.55585,PHL,QAT,6589
1541064,177,183,1078,2012.0,16721.0,0.0,1.039598,1.145227,POL,QAT,6589
1541065,179,183,1078,2012.0,17975.0,0.0,0.697799,2.122262,PRT,QAT,6589
1541066,185,183,1078,2012.0,1239.0,0.0,0.952936,1.227809,ROU,QAT,6589
1541067,208,183,1078,2012.0,12257.0,0.0,1.721268,0.15675,SWE,QAT,6589
1541068,216,183,1078,2012.0,1004.0,0.0,1.015684,1.20697,THA,QAT,6589
1541069,224,183,1078,2012.0,89862.0,0.0,0.657573,1.969027,TUR,QAT,6589
1541070,231,183,1078,2012.0,444314.0,0.0,1.51134,-0.637794,USA,QAT,6589
1541071,246,183,1078,2012.0,405745.0,0.0,0.06510099999999999,1.748521,ZAF,QAT,6589
1541072,249,183,1078,2012.0,27235.0,0.0,1.671686,0.9854729999999999,TWN,QAT,6589
1541073,7,199,1078,2012.0,561011.0,0.0,0.256232,-0.46518400000000004,ARE,SOM,6589
1541074,43,199,1078,2012.0,598909.0,0.0,1.2170590000000001,0.584412,CHN,SOM,6589
1541075,81,199,1078,2012.0,14861.0,0.0,1.544653,0.776512,GBR,SOM,6589
1541076,163,199,1078,2012.0,11480.0,0.0,0.5462670000000001,-0.042712,NOR,SOM,6589
1541077,168,199,1078,2012.0,2537.0,0.0,-0.600346,0.474208,PAK,SOM,6589
1541078,224,199,1078,2012.0,36014.0,0.0,0.657573,1.969027,TUR,SOM,6589
1541079,227,199,1078,2012.0,5143.0,0.0,-0.492733,0.4513,UGA,SOM,6589
1541080,22,209,1078,2012.0,71607.0,0.0,-0.62037,-0.6858350000000001,BGD,SWZ,6589
1541081,39,209,1078,2012.0,1852.0,0.0,0.630575,1.28653,CAN,SWZ,6589
1541082,43,209,1078,2012.0,17425.0,0.0,1.2170590000000001,0.584412,CHN,SWZ,6589
1541083,73,209,1078,2012.0,1887.0,0.0,-0.9118729999999999,-0.8843,ETH,SWZ,6589
1541084,81,209,1078,2012.0,0.0,7382.0,1.544653,0.776512,GBR,SWZ,6589
1541085,104,209,1078,2012.0,13708.0,0.0,0.24883200000000003,2.463711,IND,SWZ,6589
1541086,121,209,1078,2012.0,35645.0,0.0,1.839479,0.8272799999999999,KOR,SWZ,6589
1541087,147,209,1078,2012.0,0.0,3533.0,-1.274567,-1.045444,MOZ,SWZ,6589
1541088,176,209,1078,2012.0,0.0,883547.0,-1.0462200000000001,-1.022037,PNG,SWZ,6589
1541089,231,209,1078,2012.0,9198.0,0.0,1.51134,-0.637794,USA,SWZ,6589
1541090,246,209,1078,2012.0,897206.0,7343.0,0.06510099999999999,1.748521,ZAF,SWZ,6589
1541091,249,209,1078,2012.0,1462.0,0.0,1.671686,0.9854729999999999,TWN,SWZ,6589
1541092,7,211,1078,2012.0,65226.0,0.0,0.256232,-0.46518400000000004,ARE,SYC,6589
1541093,14,211,1078,2012.0,2873.0,0.0,-0.537197,-0.22305300000000003,AUS,SYC,6589
1541094,15,211,1078,2012.0,0.0,15640.0,1.710955,-0.8860399999999999,AUT,SYC,6589
1541095,18,211,1078,2012.0,1232.0,0.0,1.06425,1.369205,BEL,SYC,6589
1541096,43,211,1078,2012.0,31424.0,0.0,1.2170590000000001,0.584412,CHN,SYC,6589
1541097,61,211,1078,2012.0,35829.0,0.0,1.977443,-3.692254,DEU,SYC,6589
1541098,71,211,1078,2012.0,13434.0,0.0,0.925701,1.8700189999999999,ESP,SYC,6589
1541099,77,211,1078,2012.0,100944.0,0.0,1.414721,0.07219600000000001,FRA,SYC,6589
1541100,81,211,1078,2012.0,10449.0,0.0,1.544653,0.776512,GBR,SYC,6589
1541101,97,211,1078,2012.0,5535.0,0.0,0.788308,1.029625,HKG,SYC,6589
1541102,103,211,1078,2012.0,15963.0,0.0,0.045694,1.635448,IDN,SYC,6589
1541103,104,211,1078,2012.0,78939.0,0.0,0.24883200000000003,2.463711,IND,SYC,6589
1541104,106,211,1078,2012.0,37392.0,0.0,1.1761549999999998,0.279569,IRL,SYC,6589
1541105,111,211,1078,2012.0,9179.0,0.0,1.396626,-0.43950500000000003,ITA,SYC,6589
1541106,114,211,1078,2012.0,3194.0,0.0,2.325746,-0.8705649999999999,JPN,SYC,6589
1541107,136,211,1078,2012.0,2747.0,0.0,-0.664783,-0.478411,MDG,SYC,6589
1541108,142,211,1078,2012.0,7036.0,0.0,0.775001,0.048663,MLT,SYC,6589
1541109,151,211,1078,2012.0,34556.0,0.0,-0.101344,0.22300100000000003,MUS,SYC,6589
1541110,168,211,1078,2012.0,1598.0,0.0,-0.600346,0.474208,PAK,SYC,6589
1541111,186,211,1078,2012.0,2163.0,0.0,-0.123649,-0.218926,RUS,SYC,6589
1541112,192,211,1078,2012.0,163618.0,0.0,1.762134,0.583393,SGP,SYC,6589
1541113,208,211,1078,2012.0,3255.0,0.0,1.721268,0.15675,SWE,SYC,6589
1541114,216,211,1078,2012.0,10193.0,0.0,1.015684,1.20697,THA,SYC,6589
1541115,231,211,1078,2012.0,18567.0,0.0,1.51134,-0.637794,USA,SYC,6589
1541116,246,211,1078,2012.0,144861.0,0.0,0.06510099999999999,1.748521,ZAF,SYC,6589
1541117,7,212,1078,2012.0,16122.0,29713.0,0.256232,-0.46518400000000004,ARE,SYR,6589
1541118,9,212,1078,2012.0,0.0,51678.0,0.45677399999999996,-0.001422,ARM,SYR,6589
1541119,18,212,1078,2012.0,0.0,68995.0,1.06425,1.369205,BEL,SYR,6589
1541120,21,212,1078,2012.0,0.0,2677.0,-0.624286,-0.689179,BFA,SYR,6589
1541121,41,212,1078,2012.0,0.0,2002.0,2.0265150000000003,0.6496689999999999,CHE,SYR,6589
1541122,43,212,1078,2012.0,1056978.0,0.0,1.2170590000000001,0.584412,CHN,SYR,6589
1541123,44,212,1078,2012.0,0.0,11095.0,-1.014737,-0.8629049999999999,CIV,SYR,6589
1541124,58,212,1078,2012.0,0.0,10888.0,0.621962,0.188051,CYP,SYR,6589
1541125,61,212,1078,2012.0,103368.0,59676.0,1.977443,-3.692254,DEU,SYR,6589
1541126,66,212,1078,2012.0,0.0,114616.0,-1.745941,-1.149894,DZA,SYR,6589
1541127,68,212,1078,2012.0,17751.0,83902.0,-0.145791,1.470876,EGY,SYR,6589
1541128,71,212,1078,2012.0,24489.0,0.0,0.925701,1.8700189999999999,ESP,SYR,6589
1541129,77,212,1078,2012.0,0.0,3930.0,1.414721,0.07219600000000001,FRA,SYR,6589
1541130,81,212,1078,2012.0,1834.0,0.0,1.544653,0.776512,GBR,SYR,6589
1541131,82,212,1078,2012.0,0.0,64958.0,-0.244691,-0.552666,GEO,SYR,6589
1541132,97,212,1078,2012.0,7232.0,0.0,0.788308,1.029625,HKG,SYR,6589
1541133,111,212,1078,2012.0,34773.0,0.0,1.396626,-0.43950500000000003,ITA,SYR,6589
1541134,113,212,1078,2012.0,0.0,265226.0,0.29205,0.638942,JOR,SYR,6589
1541135,124,212,1078,2012.0,31386.0,139339.0,0.36778099999999997,1.3771010000000001,LBN,SYR,6589
1541136,134,212,1078,2012.0,0.0,5275.0,-0.330598,0.037439,MAR,SYR,6589
1541137,153,212,1078,2012.0,2709.0,0.0,0.93739,0.726329,MYS,SYR,6589
1541138,162,212,1078,2012.0,2061.0,0.0,0.961975,1.517883,NLD,SYR,6589
1541139,163,212,1078,2012.0,0.0,1186.0,0.5462670000000001,-0.042712,NOR,SYR,6589
1541140,166,212,1078,2012.0,13787.0,0.0,0.21502399999999997,0.746456,NZL,SYR,6589
1541141,167,212,1078,2012.0,0.0,1035.0,-0.782802,-1.065774,OMN,SYR,6589
1541142,186,212,1078,2012.0,0.0,68819.0,-0.123649,-0.218926,RUS,SYR,6589
1541143,188,212,1078,2012.0,0.0,242231.0,-0.621115,-0.975865,SAU,SYR,6589
1541144,190,212,1078,2012.0,0.0,11140.0,-1.2913139999999999,-1.144454,SDN,SYR,6589
1541145,192,212,1078,2012.0,0.0,16339.0,1.762134,0.583393,SGP,SYR,6589
1541146,208,212,1078,2012.0,2511.0,3095.0,1.721268,0.15675,SWE,SYR,6589
1541147,223,212,1078,2012.0,6779.0,15441.0,0.509432,0.8157810000000001,TUN,SYR,6589
1541148,224,212,1078,2012.0,50388.0,0.0,0.657573,1.969027,TUR,SYR,6589
1541149,226,212,1078,2012.0,0.0,3170.0,-0.490001,1.149681,TZA,SYR,6589
1541150,227,212,1078,2012.0,0.0,16795.0,-0.492733,0.4513,UGA,SYR,6589
1541151,228,212,1078,2012.0,0.0,211502.0,0.533547,1.159378,UKR,SYR,6589
1541152,236,212,1078,2012.0,0.0,104080.0,-1.6796689999999999,-1.168002,VEN,SYR,6589
1541153,243,212,1078,2012.0,0.0,26020.0,-1.180884,-1.22621,YEM,SYR,6589
1541154,249,212,1078,2012.0,30339.0,0.0,1.671686,0.9854729999999999,TWN,SYR,6589
1541155,7,215,1078,2012.0,78824.0,0.0,0.256232,-0.46518400000000004,ARE,TGO,6589
1541156,18,215,1078,2012.0,2436.0,0.0,1.06425,1.369205,BEL,TGO,6589
1541157,19,215,1078,2012.0,0.0,11075.0,-1.0708870000000001,-0.934292,BEN,TGO,6589
1541158,38,215,1078,2012.0,0.0,1213.0,-0.079519,-0.6013229999999999,CAF,TGO,6589
1541159,43,215,1078,2012.0,7498423.0,0.0,1.2170590000000001,0.584412,CHN,TGO,6589
1541160,44,215,1078,2012.0,2144.0,4337.0,-1.014737,-0.8629049999999999,CIV,TGO,6589
1541161,77,215,1078,2012.0,123093.0,1378.0,1.414721,0.07219600000000001,FRA,TGO,6589
1541162,81,215,1078,2012.0,11414.0,0.0,1.544653,0.776512,GBR,TGO,6589
1541163,83,215,1078,2012.0,40613.0,21305.0,-1.0541049999999998,-0.7275590000000001,GHA,TGO,6589
1541164,103,215,1078,2012.0,179615.0,0.0,0.045694,1.635448,IDN,TGO,6589
1541165,104,215,1078,2012.0,5340772.0,0.0,0.24883200000000003,2.463711,IND,TGO,6589
1541166,111,215,1078,2012.0,2265.0,0.0,1.396626,-0.43950500000000003,ITA,TGO,6589
1541167,124,215,1078,2012.0,24247.0,0.0,0.36778099999999997,1.3771010000000001,LBN,TGO,6589
1541168,157,215,1078,2012.0,0.0,1092.0,-1.274453,-1.12791,NER,TGO,6589
1541169,162,215,1078,2012.0,4485.0,16686.0,0.961975,1.517883,NLD,TGO,6589
1541170,168,215,1078,2012.0,114600.0,0.0,-0.600346,0.474208,PAK,TGO,6589
1541171,216,215,1078,2012.0,49779.0,0.0,1.015684,1.20697,THA,TGO,6589
1541172,231,215,1078,2012.0,30304.0,0.0,1.51134,-0.637794,USA,TGO,6589
1541173,239,215,1078,2012.0,8099.0,0.0,0.0755,1.008183,VNM,TGO,6589
1541174,231,218,1078,2012.0,2553.0,0.0,1.51134,-0.637794,USA,TKL,6589
1541175,2,220,1078,2012.0,0.0,2504.0,-1.610059,-1.1253739999999999,AGO,TLS,6589
1541176,14,220,1078,2012.0,0.0,1405.0,-0.537197,-0.22305300000000003,AUS,TLS,6589
1541177,43,220,1078,2012.0,67641.0,0.0,1.2170590000000001,0.584412,CHN,TLS,6589
1541178,103,220,1078,2012.0,94613.0,0.0,0.045694,1.635448,IDN,TLS,6589
1541179,179,220,1078,2012.0,25362.0,0.0,0.697799,2.122262,PRT,TLS,6589
1541180,192,220,1078,2012.0,49204.0,0.0,1.762134,0.583393,SGP,TLS,6589
1541181,7,223,1078,2012.0,47617.0,22760.0,0.256232,-0.46518400000000004,ARE,TUN,6589
1541182,14,223,1078,2012.0,0.0,108772.0,-0.537197,-0.22305300000000003,AUS,TUN,6589
1541183,15,223,1078,2012.0,63207.0,75315.0,1.710955,-0.8860399999999999,AUT,TUN,6589
1541184,18,223,1078,2012.0,368013.0,6861352.0,1.06425,1.369205,BEL,TUN,6589
1541185,21,223,1078,2012.0,0.0,13239.0,-0.624286,-0.689179,BFA,TUN,6589
1541186,22,223,1078,2012.0,345971.0,0.0,-0.62037,-0.6858350000000001,BGD,TUN,6589
1541187,39,223,1078,2012.0,3775.0,204701.0,0.630575,1.28653,CAN,TUN,6589
1541188,41,223,1078,2012.0,120863.0,251954.0,2.0265150000000003,0.6496689999999999,CHE,TUN,6589
1541189,43,223,1078,2012.0,1582740.0,1285.0,1.2170590000000001,0.584412,CHN,TUN,6589
1541190,45,223,1078,2012.0,0.0,10701.0,-1.018794,-1.013026,CMR,TUN,6589
1541191,49,223,1078,2012.0,0.0,24213.0,0.034488,-0.340545,COL,TUN,6589
1541192,52,223,1078,2012.0,0.0,3979.0,0.24381799999999998,-0.560793,CRI,TUN,6589
1541193,59,223,1078,2012.0,4941.0,192531.0,1.7368299999999999,-0.651329,CZE,TUN,6589
1541194,61,223,1078,2012.0,1151125.0,659937.0,1.977443,-3.692254,DEU,TUN,6589
1541195,64,223,1078,2012.0,2342.0,1042.0,1.159478,1.053761,DNK,TUN,6589
1541196,66,223,1078,2012.0,0.0,1629146.0,-1.745941,-1.149894,DZA,TUN,6589
1541197,68,223,1078,2012.0,134711.0,0.0,-0.145791,1.470876,EGY,TUN,6589
1541198,71,223,1078,2012.0,815598.0,4050422.0,0.925701,1.8700189999999999,ESP,TUN,6589
1541199,73,223,1078,2012.0,0.0,8065.0,-0.9118729999999999,-0.8843,ETH,TUN,6589
1541200,74,223,1078,2012.0,0.0,65973.0,1.5813700000000002,0.872251,FIN,TUN,6589
1541201,77,223,1078,2012.0,5449941.0,47994824.0,1.414721,0.07219600000000001,FRA,TUN,6589
1541202,80,223,1078,2012.0,0.0,13398.0,-1.636201,-1.161638,GAB,TUN,6589
1541203,81,223,1078,2012.0,130960.0,248568.0,1.544653,0.776512,GBR,TUN,6589
1541204,90,223,1078,2012.0,2006.0,0.0,0.161352,1.273024,GRC,TUN,6589
1541205,97,223,1078,2012.0,12627.0,64724.0,0.788308,1.029625,HKG,TUN,6589
1541206,100,223,1078,2012.0,0.0,2269.0,0.881764,1.149456,HRV,TUN,6589
1541207,102,223,1078,2012.0,1450.0,0.0,1.61049,0.44614799999999993,HUN,TUN,6589
1541208,104,223,1078,2012.0,27922.0,0.0,0.24883200000000003,2.463711,IND,TUN,6589
1541209,111,223,1078,2012.0,947386.0,9747000.0,1.396626,-0.43950500000000003,ITA,TUN,6589
1541210,121,223,1078,2012.0,35608.0,10833.0,1.839479,0.8272799999999999,KOR,TUN,6589
1541211,124,223,1078,2012.0,0.0,5731.0,0.36778099999999997,1.3771010000000001,LBN,TUN,6589
1541212,126,223,1078,2012.0,0.0,1905580.0,-2.778437,-1.15615,LBY,TUN,6589
1541213,130,223,1078,2012.0,3768.0,0.0,0.739945,1.217062,LTU,TUN,6589
1541214,131,223,1078,2012.0,0.0,4097.0,1.0163739999999999,1.178021,LUX,TUN,6589
1541215,134,223,1078,2012.0,66945.0,84887.0,-0.330598,0.037439,MAR,TUN,6589
1541216,138,223,1078,2012.0,3891.0,108314.0,1.166986,0.662798,MEX,TUN,6589
1541217,148,223,1078,2012.0,0.0,2344.0,-1.501575,-1.294704,MRT,TUN,6589
1541218,157,223,1078,2012.0,0.0,13259.0,-1.274453,-1.12791,NER,TUN,6589
1541219,162,223,1078,2012.0,113543.0,1865516.0,0.961975,1.517883,NLD,TUN,6589
1541220,163,223,1078,2012.0,3015.0,15702.0,0.5462670000000001,-0.042712,NOR,TUN,6589
1541221,166,223,1078,2012.0,0.0,9706.0,0.21502399999999997,0.746456,NZL,TUN,6589
1541222,173,223,1078,2012.0,0.0,1199.0,-0.47011499999999995,0.340251,PER,TUN,6589
1541223,177,223,1078,2012.0,25742.0,7745.0,1.039598,1.145227,POL,TUN,6589
1541224,179,223,1078,2012.0,7791137.0,33759.0,0.697799,2.122262,PRT,TUN,6589
1541225,182,223,1078,2012.0,0.0,2939.0,0.035705,-0.696042,PYF,TUN,6589
1541226,185,223,1078,2012.0,11432.0,10945.0,0.952936,1.227809,ROU,TUN,6589
1541227,186,223,1078,2012.0,1769.0,209915.0,-0.123649,-0.218926,RUS,TUN,6589
1541228,191,223,1078,2012.0,0.0,11283.0,-0.379797,0.020130000000000002,SEN,TUN,6589
1541229,192,223,1078,2012.0,0.0,3385.0,1.762134,0.583393,SGP,TUN,6589
1541230,206,223,1078,2012.0,0.0,1177109.0,1.3586200000000002,0.805751,SVK,TUN,6589
1541231,208,223,1078,2012.0,2967.0,0.0,1.721268,0.15675,SWE,TUN,6589
1541232,212,223,1078,2012.0,15441.0,6779.0,0.12079200000000001,2.258125,SYR,TUN,6589
1541233,216,223,1078,2012.0,4582.0,0.0,1.015684,1.20697,THA,TUN,6589
1541234,224,223,1078,2012.0,730366.0,3532.0,0.657573,1.969027,TUR,TUN,6589
1541235,231,223,1078,2012.0,17024.0,1820693.0,1.51134,-0.637794,USA,TUN,6589
1541236,239,223,1078,2012.0,3044.0,2972.0,0.0755,1.008183,VNM,TUN,6589
1541237,246,223,1078,2012.0,0.0,158757.0,0.06510099999999999,1.748521,ZAF,TUN,6589
1541238,249,223,1078,2012.0,17402.0,5566.0,1.671686,0.9854729999999999,TWN,TUN,6589
1541239,250,223,1078,2012.0,7406.0,5459480.0,0.34242399999999995,-0.007095999999999999,ANS,TUN,6589
1541240,7,226,1078,2012.0,625459.0,0.0,0.256232,-0.46518400000000004,ARE,TZA,6589
1541241,14,226,1078,2012.0,5889.0,0.0,-0.537197,-0.22305300000000003,AUS,TZA,6589
1541242,17,226,1078,2012.0,0.0,642031.0,-0.504594,-0.944235,BDI,TZA,6589
1541243,18,226,1078,2012.0,17507.0,0.0,1.06425,1.369205,BEL,TZA,6589
1541244,22,226,1078,2012.0,0.0,17512.0,-0.62037,-0.6858350000000001,BGD,TZA,6589
1541245,32,226,1078,2012.0,4204.0,0.0,0.340455,0.9006790000000001,BRA,TZA,6589
1541246,39,226,1078,2012.0,4097.0,0.0,0.630575,1.28653,CAN,TZA,6589
1541247,41,226,1078,2012.0,1099.0,0.0,2.0265150000000003,0.6496689999999999,CHE,TZA,6589
1541248,43,226,1078,2012.0,9368731.0,1368.0,1.2170590000000001,0.584412,CHN,TZA,6589
1541249,45,226,1078,2012.0,0.0,37846.0,-1.018794,-1.013026,CMR,TZA,6589
1541250,47,226,1078,2012.0,0.0,181545.0,-1.153559,-1.069009,COG,TZA,6589
1541251,61,226,1078,2012.0,33777.0,0.0,1.977443,-3.692254,DEU,TZA,6589
1541252,68,226,1078,2012.0,137453.0,0.0,-0.145791,1.470876,EGY,TZA,6589
1541253,71,226,1078,2012.0,1338.0,0.0,0.925701,1.8700189999999999,ESP,TZA,6589
1541254,77,226,1078,2012.0,103087.0,0.0,1.414721,0.07219600000000001,FRA,TZA,6589
1541255,81,226,1078,2012.0,33337.0,17666.0,1.544653,0.776512,GBR,TZA,6589
1541256,83,226,1078,2012.0,0.0,1163.0,-1.0541049999999998,-0.7275590000000001,GHA,TZA,6589
1541257,97,226,1078,2012.0,74424.0,0.0,0.788308,1.029625,HKG,TZA,6589
1541258,103,226,1078,2012.0,308565.0,0.0,0.045694,1.635448,IDN,TZA,6589
1541259,104,226,1078,2012.0,9829789.0,0.0,0.24883200000000003,2.463711,IND,TZA,6589
1541260,110,226,1078,2012.0,7237.0,0.0,1.125254,0.736004,ISR,TZA,6589
1541261,111,226,1078,2012.0,45807.0,0.0,1.396626,-0.43950500000000003,ITA,TZA,6589
1541262,114,226,1078,2012.0,26012.0,0.0,2.325746,-0.8705649999999999,JPN,TZA,6589
1541263,116,226,1078,2012.0,67035.0,10258175.0,-0.256144,0.21991599999999997,KEN,TZA,6589
1541264,128,226,1078,2012.0,5193.0,0.0,-0.24579299999999998,0.518273,LKA,TZA,6589
1541265,136,226,1078,2012.0,0.0,2972154.0,-0.664783,-0.478411,MDG,TZA,6589
1541266,143,226,1078,2012.0,0.0,144685.0,-1.157555,-0.9009149999999999,MMR,TZA,6589
1541267,147,226,1078,2012.0,3995.0,7542870.0,-1.274567,-1.045444,MOZ,TZA,6589
1541268,152,226,1078,2012.0,0.0,10947630.0,-1.069049,-1.060096,MWI,TZA,6589
1541269,155,226,1078,2012.0,1136.0,19842.0,-0.404252,-0.330913,NAM,TZA,6589
1541270,162,226,1078,2012.0,18690.0,18885.0,0.961975,1.517883,NLD,TZA,6589
1541271,163,226,1078,2012.0,12237.0,0.0,0.5462670000000001,-0.042712,NOR,TZA,6589
1541272,167,226,1078,2012.0,6176.0,0.0,-0.782802,-1.065774,OMN,TZA,6589
1541273,168,226,1078,2012.0,1248041.0,0.0,-0.600346,0.474208,PAK,TZA,6589
1541274,186,226,1078,2012.0,1135.0,0.0,-0.123649,-0.218926,RUS,TZA,6589
1541275,187,226,1078,2012.0,0.0,23151.0,-0.589064,-0.751896,RWA,TZA,6589
1541276,188,226,1078,2012.0,1080.0,0.0,-0.621115,-0.975865,SAU,TZA,6589
1541277,190,226,1078,2012.0,0.0,7354.0,-1.2913139999999999,-1.144454,SDN,TZA,6589
1541278,192,226,1078,2012.0,30483.0,501677.0,1.762134,0.583393,SGP,TZA,6589
1541279,196,226,1078,2012.0,0.0,21904.0,-0.532612,-0.72927,SLE,TZA,6589
1541280,208,226,1078,2012.0,1595.0,0.0,1.721268,0.15675,SWE,TZA,6589
1541281,212,226,1078,2012.0,3170.0,0.0,0.12079200000000001,2.258125,SYR,TZA,6589
1541282,216,226,1078,2012.0,153503.0,286402.0,1.015684,1.20697,THA,TZA,6589
1541283,224,226,1078,2012.0,51388.0,7221.0,0.657573,1.969027,TUR,TZA,6589
1541284,227,226,1078,2012.0,1415.0,2641242.0,-0.492733,0.4513,UGA,TZA,6589
1541285,231,226,1078,2012.0,29216.0,0.0,1.51134,-0.637794,USA,TZA,6589
1541286,239,226,1078,2012.0,5083.0,0.0,0.0755,1.008183,VNM,TZA,6589
1541287,246,226,1078,2012.0,567574.0,0.0,0.06510099999999999,1.748521,ZAF,TZA,6589
1541288,249,226,1078,2012.0,22059.0,0.0,1.671686,0.9854729999999999,TWN,TZA,6589
1541289,7,227,1078,2012.0,118767.0,0.0,0.256232,-0.46518400000000004,ARE,UGA,6589
1541290,15,227,1078,2012.0,5128.0,0.0,1.710955,-0.8860399999999999,AUT,UGA,6589
1541291,17,227,1078,2012.0,0.0,6880.0,-0.504594,-0.944235,BDI,UGA,6589
1541292,41,227,1078,2012.0,6641.0,0.0,2.0265150000000003,0.6496689999999999,CHE,UGA,6589
1541293,43,227,1078,2012.0,638574.0,0.0,1.2170590000000001,0.584412,CHN,UGA,6589
1541294,46,227,1078,2012.0,5557.0,2672869.0,-1.3769209999999998,-1.218267,COD,UGA,6589
1541295,61,227,1078,2012.0,2117.0,0.0,1.977443,-3.692254,DEU,UGA,6589
1541296,64,227,1078,2012.0,552852.0,0.0,1.159478,1.053761,DNK,UGA,6589
1541297,77,227,1078,2012.0,9074.0,0.0,1.414721,0.07219600000000001,FRA,UGA,6589
1541298,81,227,1078,2012.0,27409.0,0.0,1.544653,0.776512,GBR,UGA,6589
1541299,97,227,1078,2012.0,60869.0,0.0,0.788308,1.029625,HKG,UGA,6589
1541300,103,227,1078,2012.0,4880.0,0.0,0.045694,1.635448,IDN,UGA,6589
1541301,104,227,1078,2012.0,315870.0,0.0,0.24883200000000003,2.463711,IND,UGA,6589
1541302,111,227,1078,2012.0,20559.0,0.0,1.396626,-0.43950500000000003,ITA,UGA,6589
1541303,114,227,1078,2012.0,2169.0,0.0,2.325746,-0.8705649999999999,JPN,UGA,6589
1541304,116,227,1078,2012.0,251084.0,0.0,-0.256144,0.21991599999999997,KEN,UGA,6589
1541305,162,227,1078,2012.0,9232.0,0.0,0.961975,1.517883,NLD,UGA,6589
1541306,163,227,1078,2012.0,2732.0,0.0,0.5462670000000001,-0.042712,NOR,UGA,6589
1541307,168,227,1078,2012.0,19252.0,0.0,-0.600346,0.474208,PAK,UGA,6589
1541308,178,227,1078,2012.0,1819.0,0.0,-0.10913699999999998,0.23393200000000003,PRK,UGA,6589
1541309,187,227,1078,2012.0,0.0,55283.0,-0.589064,-0.751896,RWA,UGA,6589
1541310,190,227,1078,2012.0,0.0,132629.0,-1.2913139999999999,-1.144454,SDN,UGA,6589
1541311,199,227,1078,2012.0,0.0,5143.0,-0.853835,-0.9462889999999999,SOM,UGA,6589
1541312,202,227,1078,2012.0,0.0,5757.0,-2.7478380000000002,-0.950311,SSD,UGA,6589
1541313,212,227,1078,2012.0,16795.0,0.0,0.12079200000000001,2.258125,SYR,UGA,6589
1541314,216,227,1078,2012.0,57035.0,0.0,1.015684,1.20697,THA,UGA,6589
1541315,226,227,1078,2012.0,2641242.0,1415.0,-0.490001,1.149681,TZA,UGA,6589
1541316,231,227,1078,2012.0,21146.0,41969.0,1.51134,-0.637794,USA,UGA,6589
1541317,239,227,1078,2012.0,2071964.0,0.0,0.0755,1.008183,VNM,UGA,6589
1541318,246,227,1078,2012.0,112407.0,0.0,0.06510099999999999,1.748521,ZAF,UGA,6589
1541319,248,227,1078,2012.0,2310.0,0.0,-0.812796,-0.747908,ZWE,UGA,6589
1541320,39,229,1078,2012.0,2225.0,0.0,0.630575,1.28653,CAN,UMI,6589
1541321,247,229,1078,2012.0,0.0,96017.0,-0.356518,-0.71057,ZMB,UMI,6589
1541322,15,237,1078,2012.0,13187.0,0.0,1.710955,-0.8860399999999999,AUT,VGB,6589
1541323,16,237,1078,2012.0,0.0,46176.0,-1.44287,-1.261817,AZE,VGB,6589
1541324,32,237,1078,2012.0,0.0,25418.0,0.340455,0.9006790000000001,BRA,VGB,6589
1541325,33,237,1078,2012.0,4735.0,0.0,0.653472,0.43920600000000004,BRB,VGB,6589
1541326,43,237,1078,2012.0,19498.0,0.0,1.2170590000000001,0.584412,CHN,VGB,6589
1541327,59,237,1078,2012.0,21698.0,0.0,1.7368299999999999,-0.651329,CZE,VGB,6589
1541328,61,237,1078,2012.0,231007.0,0.0,1.977443,-3.692254,DEU,VGB,6589
1541329,81,237,1078,2012.0,3105.0,0.0,1.544653,0.776512,GBR,VGB,6589
1541330,138,237,1078,2012.0,2829.0,0.0,1.166986,0.662798,MEX,VGB,6589
1541331,162,237,1078,2012.0,9929.0,0.0,0.961975,1.517883,NLD,VGB,6589
1541332,208,237,1078,2012.0,0.0,10949.0,1.721268,0.15675,SWE,VGB,6589
1541333,222,237,1078,2012.0,7389.0,0.0,-0.257402,-0.9802709999999999,TTO,VGB,6589
1541334,231,237,1078,2012.0,161944.0,0.0,1.51134,-0.637794,USA,VGB,6589
1541335,234,237,1078,2012.0,0.0,1089.0,0.523877,0.065489,VCT,VGB,6589
1541336,2,239,1078,2012.0,0.0,3404341.0,-1.610059,-1.1253739999999999,AGO,VNM,6589
1541337,7,239,1078,2012.0,0.0,1129890.0,0.256232,-0.46518400000000004,ARE,VNM,6589
1541338,8,239,1078,2012.0,0.0,63612.0,-0.019015,0.548292,ARG,VNM,6589
1541339,9,239,1078,2012.0,0.0,55038.0,0.45677399999999996,-0.001422,ARM,VNM,6589
1541340,14,239,1078,2012.0,37806.0,4042486.0,-0.537197,-0.22305300000000003,AUS,VNM,6589
1541341,15,239,1078,2012.0,165742.0,5387604.0,1.710955,-0.8860399999999999,AUT,VNM,6589
1541342,17,239,1078,2012.0,0.0,2433694.0,-0.504594,-0.944235,BDI,VNM,6589
1541343,18,239,1078,2012.0,35011.0,7968874.0,1.06425,1.369205,BEL,VNM,6589
1541344,19,239,1078,2012.0,0.0,1299084.0,-1.0708870000000001,-0.934292,BEN,VNM,6589
1541345,22,239,1078,2012.0,0.0,156773.0,-0.62037,-0.6858350000000001,BGD,VNM,6589
1541346,26,239,1078,2012.0,0.0,7262.0,0.6672520000000001,1.16153,BIH,VNM,6589
1541347,31,239,1078,2012.0,0.0,1606.0,-0.698325,-0.728248,BOL,VNM,6589
1541348,32,239,1078,2012.0,0.0,305530.0,0.340455,0.9006790000000001,BRA,VNM,6589
1541349,38,239,1078,2012.0,0.0,65478.0,-0.079519,-0.6013229999999999,CAF,VNM,6589
1541350,39,239,1078,2012.0,21067.0,3289038.0,0.630575,1.28653,CAN,VNM,6589
1541351,41,239,1078,2012.0,3179.0,2746199.0,2.0265150000000003,0.6496689999999999,CHE,VNM,6589
1541352,42,239,1078,2012.0,0.0,40587.0,-0.180309,-0.33571799999999996,CHL,VNM,6589
1541353,43,239,1078,2012.0,30684348.0,3978606.0,1.2170590000000001,0.584412,CHN,VNM,6589
1541354,44,239,1078,2012.0,0.0,2699819.0,-1.014737,-0.8629049999999999,CIV,VNM,6589
1541355,45,239,1078,2012.0,0.0,319441.0,-1.018794,-1.013026,CMR,VNM,6589
1541356,47,239,1078,2012.0,0.0,1277659.0,-1.153559,-1.069009,COG,VNM,6589
1541357,49,239,1078,2012.0,0.0,646056.0,0.034488,-0.340545,COL,VNM,6589
1541358,52,239,1078,2012.0,0.0,26241.0,0.24381799999999998,-0.560793,CRI,VNM,6589
1541359,58,239,1078,2012.0,0.0,4406.0,0.621962,0.188051,CYP,VNM,6589
1541360,59,239,1078,2012.0,1024.0,491661.0,1.7368299999999999,-0.651329,CZE,VNM,6589
1541361,61,239,1078,2012.0,650312.0,29448682.0,1.977443,-3.692254,DEU,VNM,6589
1541362,63,239,1078,2012.0,0.0,7421.0,0.533405,0.328602,DMA,VNM,6589
1541363,64,239,1078,2012.0,2649.0,645440.0,1.159478,1.053761,DNK,VNM,6589
1541364,65,239,1078,2012.0,0.0,50198.0,-0.08708300000000001,0.389521,DOM,VNM,6589
1541365,66,239,1078,2012.0,0.0,6038.0,-1.745941,-1.149894,DZA,VNM,6589
1541366,68,239,1078,2012.0,0.0,4865.0,-0.145791,1.470876,EGY,VNM,6589
1541367,71,239,1078,2012.0,14082.0,11833674.0,0.925701,1.8700189999999999,ESP,VNM,6589
1541368,72,239,1078,2012.0,0.0,20542.0,0.8603,1.3146870000000002,EST,VNM,6589
1541369,73,239,1078,2012.0,0.0,6675702.0,-0.9118729999999999,-0.8843,ETH,VNM,6589
1541370,74,239,1078,2012.0,0.0,773582.0,1.5813700000000002,0.872251,FIN,VNM,6589
1541371,77,239,1078,2012.0,241214.0,14630206.0,1.414721,0.07219600000000001,FRA,VNM,6589
1541372,80,239,1078,2012.0,0.0,9021.0,-1.636201,-1.161638,GAB,VNM,6589
1541373,81,239,1078,2012.0,104772.0,8773082.0,1.544653,0.776512,GBR,VNM,6589
1541374,83,239,1078,2012.0,0.0,3535105.0,-1.0541049999999998,-0.7275590000000001,GHA,VNM,6589
1541375,85,239,1078,2012.0,0.0,4019097.0,-1.904106,-1.2584950000000001,GIN,VNM,6589
1541376,87,239,1078,2012.0,0.0,635252.0,-0.36801300000000003,-0.637681,GMB,VNM,6589
1541377,90,239,1078,2012.0,3416.0,31407.0,0.161352,1.273024,GRC,VNM,6589
1541378,93,239,1078,2012.0,0.0,1104482.0,-0.15801400000000002,0.5786640000000001,GTM,VNM,6589
1541379,97,239,1078,2012.0,226330.0,1595501.0,0.788308,1.029625,HKG,VNM,6589
1541380,100,239,1078,2012.0,0.0,18776.0,0.881764,1.149456,HRV,VNM,6589
1541381,101,239,1078,2012.0,0.0,6228.0,-0.595386,-0.902546,HTI,VNM,6589
1541382,102,239,1078,2012.0,2635.0,11033.0,1.61049,0.44614799999999993,HUN,VNM,6589
1541383,103,239,1078,2012.0,38029.0,1579698.0,0.045694,1.635448,IDN,VNM,6589
1541384,104,239,1078,2012.0,35094.0,3115202.0,0.24883200000000003,2.463711,IND,VNM,6589
1541385,106,239,1078,2012.0,0.0,227980.0,1.1761549999999998,0.279569,IRL,VNM,6589
1541386,109,239,1078,2012.0,0.0,128617.0,0.20266800000000001,-0.203262,ISL,VNM,6589
1541387,110,239,1078,2012.0,353521.0,147748.0,1.125254,0.736004,ISR,VNM,6589
1541388,111,239,1078,2012.0,18993.0,15604123.0,1.396626,-0.43950500000000003,ITA,VNM,6589
1541389,113,239,1078,2012.0,0.0,1764.0,0.29205,0.638942,JOR,VNM,6589
1541390,114,239,1078,2012.0,6371184.0,41084120.0,2.325746,-0.8705649999999999,JPN,VNM,6589
1541391,115,239,1078,2012.0,0.0,4238.0,-0.447428,-0.42193,KAZ,VNM,6589
1541392,116,239,1078,2012.0,0.0,3464962.0,-0.256144,0.21991599999999997,KEN,VNM,6589
1541393,117,239,1078,2012.0,0.0,4398084.0,0.044116,0.678193,KGZ,VNM,6589
1541394,118,239,1078,2012.0,0.0,403844.0,-0.6328739999999999,-0.9080030000000001,KHM,VNM,6589
1541395,121,239,1078,2012.0,5156056.0,9499131.0,1.839479,0.8272799999999999,KOR,VNM,6589
1541396,123,239,1078,2012.0,0.0,190340.0,-0.874401,-0.737471,LAO,VNM,6589
1541397,124,239,1078,2012.0,0.0,4640.0,0.36778099999999997,1.3771010000000001,LBN,VNM,6589
1541398,125,239,1078,2012.0,0.0,1333010.0,-1.0455219999999998,-1.119357,LBR,VNM,6589
1541399,126,239,1078,2012.0,0.0,122518.0,-2.778437,-1.15615,LBY,VNM,6589
1541400,128,239,1078,2012.0,2486.0,22602.0,-0.24579299999999998,0.518273,LKA,VNM,6589
1541401,130,239,1078,2012.0,0.0,98711.0,0.739945,1.217062,LTU,VNM,6589
1541402,131,239,1078,2012.0,0.0,19963.0,1.0163739999999999,1.178021,LUX,VNM,6589
1541403,134,239,1078,2012.0,0.0,11673.0,-0.330598,0.037439,MAR,VNM,6589
1541404,138,239,1078,2012.0,1563.0,1164607.0,1.166986,0.662798,MEX,VNM,6589
1541405,141,239,1078,2012.0,0.0,1982489.0,-0.675086,-0.8228139999999999,MLI,VNM,6589
1541406,143,239,1078,2012.0,0.0,358193.0,-1.157555,-0.9009149999999999,MMR,VNM,6589
1541407,144,239,1078,2012.0,0.0,2742.0,0.028479,-0.045841,MNE,VNM,6589
1541408,147,239,1078,2012.0,0.0,2978644.0,-1.274567,-1.045444,MOZ,VNM,6589
1541409,151,239,1078,2012.0,0.0,6962.0,-0.101344,0.22300100000000003,MUS,VNM,6589
1541410,152,239,1078,2012.0,0.0,1983858.0,-1.069049,-1.060096,MWI,VNM,6589
1541411,153,239,1078,2012.0,85888.0,636519.0,0.93739,0.726329,MYS,VNM,6589
1541412,156,239,1078,2012.0,0.0,5680.0,-0.650737,-0.897949,NCL,VNM,6589
1541413,157,239,1078,2012.0,0.0,60948.0,-1.274453,-1.12791,NER,VNM,6589
1541414,159,239,1078,2012.0,0.0,1964776.0,-1.616498,-1.174816,NGA,VNM,6589
1541415,160,239,1078,2012.0,0.0,1267.0,-0.6056279999999999,-0.404956,NIC,VNM,6589
1541416,162,239,1078,2012.0,38283.0,1931130.0,0.961975,1.517883,NLD,VNM,6589
1541417,163,239,1078,2012.0,21425.0,672960.0,0.5462670000000001,-0.042712,NOR,VNM,6589
1541418,164,239,1078,2012.0,0.0,59705.0,0.023836000000000003,0.702753,NPL,VNM,6589
1541419,166,239,1078,2012.0,0.0,520744.0,0.21502399999999997,0.746456,NZL,VNM,6589
1541420,168,239,1078,2012.0,10648.0,177157.0,-0.600346,0.474208,PAK,VNM,6589
1541421,169,239,1078,2012.0,0.0,394752.0,1.001878,1.18554,PAN,VNM,6589
1541422,173,239,1078,2012.0,0.0,41525.0,-0.47011499999999995,0.340251,PER,VNM,6589
1541423,174,239,1078,2012.0,2580.0,1692422.0,0.44656,0.55585,PHL,VNM,6589
1541424,176,239,1078,2012.0,0.0,3862926.0,-1.0462200000000001,-1.022037,PNG,VNM,6589
1541425,177,239,1078,2012.0,1088.0,5713366.0,1.039598,1.145227,POL,VNM,6589
1541426,179,239,1078,2012.0,1314.0,112952.0,0.697799,2.122262,PRT,VNM,6589
1541427,180,239,1078,2012.0,0.0,54723.0,-0.49996,-0.6966399999999999,PRY,VNM,6589
1541428,185,239,1078,2012.0,2903.0,167104.0,0.952936,1.227809,ROU,VNM,6589
1541429,186,239,1078,2012.0,119994.0,7889718.0,-0.123649,-0.218926,RUS,VNM,6589
1541430,187,239,1078,2012.0,0.0,1925962.0,-0.589064,-0.751896,RWA,VNM,6589
1541431,188,239,1078,2012.0,0.0,276083.0,-0.621115,-0.975865,SAU,VNM,6589
1541432,190,239,1078,2012.0,0.0,11331847.0,-1.2913139999999999,-1.144454,SDN,VNM,6589
1541433,192,239,1078,2012.0,261349.0,483938.0,1.762134,0.583393,SGP,VNM,6589
1541434,197,239,1078,2012.0,0.0,41596.0,0.12898900000000002,0.36512,SLV,VNM,6589
1541435,201,239,1078,2012.0,0.0,7659.0,0.696674,1.544065,SRB,VNM,6589
1541436,206,239,1078,2012.0,1540.0,114901.0,1.3586200000000002,0.805751,SVK,VNM,6589
1541437,207,239,1078,2012.0,0.0,37473.0,1.4933049999999999,0.58207,SVN,VNM,6589
1541438,208,239,1078,2012.0,3628.0,10774086.0,1.721268,0.15675,SWE,VNM,6589
1541439,215,239,1078,2012.0,0.0,8099.0,-0.525578,-0.41306800000000005,TGO,VNM,6589
1541440,216,239,1078,2012.0,600412.0,2800916.0,1.015684,1.20697,THA,VNM,6589
1541441,222,239,1078,2012.0,0.0,18007.0,-0.257402,-0.9802709999999999,TTO,VNM,6589
1541442,223,239,1078,2012.0,2972.0,3044.0,0.509432,0.8157810000000001,TUN,VNM,6589
1541443,224,239,1078,2012.0,4545.0,2219779.0,0.657573,1.969027,TUR,VNM,6589
1541444,226,239,1078,2012.0,0.0,5083.0,-0.490001,1.149681,TZA,VNM,6589
1541445,227,239,1078,2012.0,0.0,2071964.0,-0.492733,0.4513,UGA,VNM,6589
1541446,228,239,1078,2012.0,0.0,14480.0,0.533547,1.159378,UKR,VNM,6589
1541447,230,239,1078,2012.0,0.0,73654.0,0.013581000000000001,0.047302,URY,VNM,6589
1541448,231,239,1078,2012.0,408211.0,28575674.0,1.51134,-0.637794,USA,VNM,6589
1541449,236,239,1078,2012.0,0.0,12791.0,-1.6796689999999999,-1.168002,VEN,VNM,6589
1541450,246,239,1078,2012.0,0.0,2149072.0,0.06510099999999999,1.748521,ZAF,VNM,6589
1541451,247,239,1078,2012.0,0.0,1131053.0,-0.356518,-0.71057,ZMB,VNM,6589
1541452,248,239,1078,2012.0,0.0,675231.0,-0.812796,-0.747908,ZWE,VNM,6589
1541453,249,239,1078,2012.0,4573298.0,2130338.0,1.671686,0.9854729999999999,TWN,VNM,6589
1541454,250,239,1078,2012.0,86394.0,4925161.0,0.34242399999999995,-0.007095999999999999,ANS,VNM,6589
1541455,75,241,1078,2012.0,20989.0,0.0,-0.332623,0.020258,FJI,WLF,6589
1541456,77,241,1078,2012.0,9240.0,0.0,1.414721,0.07219600000000001,FRA,WLF,6589
1541457,103,241,1078,2012.0,6144.0,0.0,0.045694,1.635448,IDN,WLF,6589
1541458,156,241,1078,2012.0,5335.0,0.0,-0.650737,-0.897949,NCL,WLF,6589
1541459,166,241,1078,2012.0,2190.0,0.0,0.21502399999999997,0.746456,NZL,WLF,6589
1541460,7,247,1078,2012.0,31457.0,0.0,0.256232,-0.46518400000000004,ARE,ZMB,6589
1541461,14,247,1078,2012.0,8189.0,0.0,-0.537197,-0.22305300000000003,AUS,ZMB,6589
1541462,18,247,1078,2012.0,3400.0,0.0,1.06425,1.369205,BEL,ZMB,6589
1541463,37,247,1078,2012.0,33227.0,0.0,-0.47585200000000005,-1.061016,BWA,ZMB,6589
1541464,39,247,1078,2012.0,5682.0,0.0,0.630575,1.28653,CAN,ZMB,6589
1541465,43,247,1078,2012.0,1349446.0,0.0,1.2170590000000001,0.584412,CHN,ZMB,6589
1541466,46,247,1078,2012.0,0.0,51798.0,-1.3769209999999998,-1.218267,COD,ZMB,6589
1541467,61,247,1078,2012.0,20649.0,0.0,1.977443,-3.692254,DEU,ZMB,6589
1541468,77,247,1078,2012.0,1409.0,0.0,1.414721,0.07219600000000001,FRA,ZMB,6589
1541469,81,247,1078,2012.0,75657.0,1946.0,1.544653,0.776512,GBR,ZMB,6589
1541470,97,247,1078,2012.0,11456.0,0.0,0.788308,1.029625,HKG,ZMB,6589
1541471,104,247,1078,2012.0,238082.0,0.0,0.24883200000000003,2.463711,IND,ZMB,6589
1541472,111,247,1078,2012.0,1084.0,0.0,1.396626,-0.43950500000000003,ITA,ZMB,6589
1541473,116,247,1078,2012.0,10144.0,8845.0,-0.256144,0.21991599999999997,KEN,ZMB,6589
1541474,152,247,1078,2012.0,0.0,2319.0,-1.069049,-1.060096,MWI,ZMB,6589
1541475,153,247,1078,2012.0,3398.0,0.0,0.93739,0.726329,MYS,ZMB,6589
1541476,155,247,1078,2012.0,2240.0,0.0,-0.404252,-0.330913,NAM,ZMB,6589
1541477,168,247,1078,2012.0,10249.0,0.0,-0.600346,0.474208,PAK,ZMB,6589
1541478,190,247,1078,2012.0,4521.0,0.0,-1.2913139999999999,-1.144454,SDN,ZMB,6589
1541479,192,247,1078,2012.0,64195.0,0.0,1.762134,0.583393,SGP,ZMB,6589
1541480,208,247,1078,2012.0,5506.0,0.0,1.721268,0.15675,SWE,ZMB,6589
1541481,216,247,1078,2012.0,7022.0,0.0,1.015684,1.20697,THA,ZMB,6589
1541482,229,247,1078,2012.0,96017.0,0.0,1.095274,0.075392,UMI,ZMB,6589
1541483,231,247,1078,2012.0,16780.0,2403.0,1.51134,-0.637794,USA,ZMB,6589
1541484,239,247,1078,2012.0,1131053.0,0.0,0.0755,1.008183,VNM,ZMB,6589
1541485,246,247,1078,2012.0,1362579.0,3137.0,0.06510099999999999,1.748521,ZAF,ZMB,6589
1541486,248,247,1078,2012.0,12631.0,0.0,-0.812796,-0.747908,ZWE,ZMB,6589
1541487,249,247,1078,2012.0,2606.0,0.0,1.671686,0.9854729999999999,TWN,ZMB,6589
1541488,13,63,1078,2012.0,8950.0,0.0,0.891969,1.130457,ATG,DMA,6589
1541489,33,63,1078,2012.0,2138.0,0.0,0.653472,0.43920600000000004,BRB,DMA,6589
1541490,39,63,1078,2012.0,3183.0,0.0,0.630575,1.28653,CAN,DMA,6589
1541491,43,63,1078,2012.0,61135.0,31476.0,1.2170590000000001,0.584412,CHN,DMA,6589
1541492,61,63,1078,2012.0,2107.0,0.0,1.977443,-3.692254,DEU,DMA,6589
1541493,81,63,1078,2012.0,2184.0,0.0,1.544653,0.776512,GBR,DMA,6589
1541494,104,63,1078,2012.0,1772.0,0.0,0.24883200000000003,2.463711,IND,DMA,6589
1541495,111,63,1078,2012.0,1583.0,0.0,1.396626,-0.43950500000000003,ITA,DMA,6589
1541496,127,63,1078,2012.0,0.0,2112.0,0.714758,-0.034339,LCA,DMA,6589
1541497,169,63,1078,2012.0,11433.0,0.0,1.001878,1.18554,PAN,DMA,6589
1541498,188,63,1078,2012.0,0.0,23040.0,-0.621115,-0.975865,SAU,DMA,6589
1541499,205,63,1078,2012.0,1257.0,0.0,-0.47594899999999996,-0.966457,SUR,DMA,6589
1541500,222,63,1078,2012.0,18629.0,0.0,-0.257402,-0.9802709999999999,TTO,DMA,6589
1541501,231,63,1078,2012.0,60594.0,0.0,1.51134,-0.637794,USA,DMA,6589
1541502,239,63,1078,2012.0,7421.0,0.0,0.0755,1.008183,VNM,DMA,6589
1541503,249,63,1078,2012.0,1329.0,0.0,1.671686,0.9854729999999999,TWN,DMA,6589
1541504,250,63,1078,2012.0,1144.0,0.0,0.34242399999999995,-0.007095999999999999,ANS,DMA,6589
1541505,33,127,1078,2012.0,3732.0,1268.0,0.653472,0.43920600000000004,BRB,LCA,6589
1541506,39,127,1078,2012.0,1707.0,0.0,0.630575,1.28653,CAN,LCA,6589
1541507,41,127,1078,2012.0,1739.0,0.0,2.0265150000000003,0.6496689999999999,CHE,LCA,6589
1541508,43,127,1078,2012.0,234206.0,0.0,1.2170590000000001,0.584412,CHN,LCA,6589
1541509,55,127,1078,2012.0,24466.0,0.0,0.003982,-0.685596,CUW,LCA,6589
1541510,61,127,1078,2012.0,2703.0,0.0,1.977443,-3.692254,DEU,LCA,6589
1541511,63,127,1078,2012.0,2112.0,0.0,0.533405,0.328602,DMA,LCA,6589
1541512,77,127,1078,2012.0,4308.0,0.0,1.414721,0.07219600000000001,FRA,LCA,6589
1541513,81,127,1078,2012.0,33304.0,0.0,1.544653,0.776512,GBR,LCA,6589
1541514,97,127,1078,2012.0,1303.0,0.0,0.788308,1.029625,HKG,LCA,6589
1541515,112,127,1078,2012.0,22167.0,0.0,-0.307289,-0.738736,JAM,LCA,6589
1541516,114,127,1078,2012.0,3688.0,0.0,2.325746,-0.8705649999999999,JPN,LCA,6589
1541517,162,127,1078,2012.0,2571.0,0.0,0.961975,1.517883,NLD,LCA,6589
1541518,169,127,1078,2012.0,25203.0,0.0,1.001878,1.18554,PAN,LCA,6589
1541519,216,127,1078,2012.0,2175.0,0.0,1.015684,1.20697,THA,LCA,6589
1541520,222,127,1078,2012.0,15731.0,0.0,-0.257402,-0.9802709999999999,TTO,LCA,6589
1541521,231,127,1078,2012.0,162648.0,8912.0,1.51134,-0.637794,USA,LCA,6589
1541522,234,127,1078,2012.0,3607.0,1429.0,0.523877,0.065489,VCT,LCA,6589
1541523,13,149,1078,2012.0,5468.0,0.0,0.891969,1.130457,ATG,MSR,6589
1541524,222,149,1078,2012.0,1918.0,0.0,-0.257402,-0.9802709999999999,TTO,MSR,6589
1541525,231,149,1078,2012.0,61593.0,0.0,1.51134,-0.637794,USA,MSR,6589
1541526,7,17,1078,2012.0,24804.0,0.0,0.256232,-0.46518400000000004,ARE,BDI,6589
1541527,18,17,1078,2012.0,35139.0,0.0,1.06425,1.369205,BEL,BDI,6589
1541528,43,17,1078,2012.0,96575.0,0.0,1.2170590000000001,0.584412,CHN,BDI,6589
1541529,64,17,1078,2012.0,23923.0,0.0,1.159478,1.053761,DNK,BDI,6589
1541530,77,17,1078,2012.0,157923.0,0.0,1.414721,0.07219600000000001,FRA,BDI,6589
1541531,81,17,1078,2012.0,60557.0,0.0,1.544653,0.776512,GBR,BDI,6589
1541532,104,17,1078,2012.0,251417.0,0.0,0.24883200000000003,2.463711,IND,BDI,6589
1541533,116,17,1078,2012.0,1235.0,0.0,-0.256144,0.21991599999999997,KEN,BDI,6589
1541534,162,17,1078,2012.0,1525.0,0.0,0.961975,1.517883,NLD,BDI,6589
1541535,187,17,1078,2012.0,8970.0,0.0,-0.589064,-0.751896,RWA,BDI,6589
1541536,224,17,1078,2012.0,1542.0,0.0,0.657573,1.969027,TUR,BDI,6589
1541537,226,17,1078,2012.0,642031.0,0.0,-0.490001,1.149681,TZA,BDI,6589
1541538,227,17,1078,2012.0,6880.0,0.0,-0.492733,0.4513,UGA,BDI,6589
1541539,231,17,1078,2012.0,22636.0,0.0,1.51134,-0.637794,USA,BDI,6589
1541540,239,17,1078,2012.0,2433694.0,0.0,0.0755,1.008183,VNM,BDI,6589
1541541,39,57,1078,2012.0,49080.0,0.0,0.630575,1.28653,CAN,CYM,6589
1541542,41,57,1078,2012.0,1371.0,0.0,2.0265150000000003,0.6496689999999999,CHE,CYM,6589
1541543,43,57,1078,2012.0,4440.0,0.0,1.2170590000000001,0.584412,CHN,CYM,6589
1541544,71,57,1078,2012.0,4733.0,2483.0,0.925701,1.8700189999999999,ESP,CYM,6589
1541545,81,57,1078,2012.0,7474.0,0.0,1.544653,0.776512,GBR,CYM,6589
1541546,104,57,1078,2012.0,2143.0,0.0,0.24883200000000003,2.463711,IND,CYM,6589
1541547,112,57,1078,2012.0,3795.0,0.0,-0.307289,-0.738736,JAM,CYM,6589
1541548,138,57,1078,2012.0,3663.0,0.0,1.166986,0.662798,MEX,CYM,6589
1541549,222,57,1078,2012.0,1165.0,0.0,-0.257402,-0.9802709999999999,TTO,CYM,6589
1541550,231,57,1078,2012.0,314163.0,1557.0,1.51134,-0.637794,USA,CYM,6589
1541551,7,126,1078,2012.0,152981.0,2741.0,0.256232,-0.46518400000000004,ARE,LBY,6589
1541552,14,126,1078,2012.0,2336.0,0.0,-0.537197,-0.22305300000000003,AUS,LBY,6589
1541553,15,126,1078,2012.0,38416.0,0.0,1.710955,-0.8860399999999999,AUT,LBY,6589
1541554,18,126,1078,2012.0,44324.0,0.0,1.06425,1.369205,BEL,LBY,6589
1541555,23,126,1078,2012.0,10196.0,0.0,0.601161,1.594487,BGR,LBY,6589
1541556,43,126,1078,2012.0,8316734.0,0.0,1.2170590000000001,0.584412,CHN,LBY,6589
1541557,61,126,1078,2012.0,395448.0,0.0,1.977443,-3.692254,DEU,LBY,6589
1541558,64,126,1078,2012.0,2236.0,0.0,1.159478,1.053761,DNK,LBY,6589
1541559,68,126,1078,2012.0,82998.0,0.0,-0.145791,1.470876,EGY,LBY,6589
1541560,71,126,1078,2012.0,295389.0,0.0,0.925701,1.8700189999999999,ESP,LBY,6589
1541561,77,126,1078,2012.0,76085.0,2060.0,1.414721,0.07219600000000001,FRA,LBY,6589
1541562,81,126,1078,2012.0,119110.0,0.0,1.544653,0.776512,GBR,LBY,6589
1541563,97,126,1078,2012.0,22547.0,0.0,0.788308,1.029625,HKG,LBY,6589
1541564,104,126,1078,2012.0,3497449.0,0.0,0.24883200000000003,2.463711,IND,LBY,6589
1541565,111,126,1078,2012.0,579727.0,0.0,1.396626,-0.43950500000000003,ITA,LBY,6589
1541566,113,126,1078,2012.0,34354.0,0.0,0.29205,0.638942,JOR,LBY,6589
1541567,134,126,1078,2012.0,6410.0,0.0,-0.330598,0.037439,MAR,LBY,6589
1541568,142,126,1078,2012.0,12147.0,0.0,0.775001,0.048663,MLT,LBY,6589
1541569,162,126,1078,2012.0,5473.0,0.0,0.961975,1.517883,NLD,LBY,6589
1541570,163,126,1078,2012.0,63088.0,0.0,0.5462670000000001,-0.042712,NOR,LBY,6589
1541571,168,126,1078,2012.0,21368.0,0.0,-0.600346,0.474208,PAK,LBY,6589
1541572,177,126,1078,2012.0,10773.0,0.0,1.039598,1.145227,POL,LBY,6589
1541573,179,126,1078,2012.0,777901.0,0.0,0.697799,2.122262,PRT,LBY,6589
1541574,206,126,1078,2012.0,1583.0,0.0,1.3586200000000002,0.805751,SVK,LBY,6589
1541575,216,126,1078,2012.0,36775.0,0.0,1.015684,1.20697,THA,LBY,6589
1541576,223,126,1078,2012.0,1905580.0,0.0,0.509432,0.8157810000000001,TUN,LBY,6589
1541577,224,126,1078,2012.0,1806390.0,0.0,0.657573,1.969027,TUR,LBY,6589
1541578,231,126,1078,2012.0,46191.0,0.0,1.51134,-0.637794,USA,LBY,6589
1541579,239,126,1078,2012.0,122518.0,0.0,0.0755,1.008183,VNM,LBY,6589
1541580,246,126,1078,2012.0,29328.0,0.0,0.06510099999999999,1.748521,ZAF,LBY,6589
1541581,249,126,1078,2012.0,11016.0,0.0,1.671686,0.9854729999999999,TWN,LBY,6589
1541582,4,144,1078,2012.0,0.0,1026.0,-0.331512,-0.049776,ALB,MNE,6589
1541583,15,144,1078,2012.0,112668.0,0.0,1.710955,-0.8860399999999999,AUT,MNE,6589
1541584,18,144,1078,2012.0,16423.0,0.0,1.06425,1.369205,BEL,MNE,6589
1541585,23,144,1078,2012.0,11354.0,0.0,0.601161,1.594487,BGR,MNE,6589
1541586,26,144,1078,2012.0,39784.0,0.0,0.6672520000000001,1.16153,BIH,MNE,6589
1541587,43,144,1078,2012.0,254911.0,0.0,1.2170590000000001,0.584412,CHN,MNE,6589
1541588,59,144,1078,2012.0,1689.0,0.0,1.7368299999999999,-0.651329,CZE,MNE,6589
1541589,61,144,1078,2012.0,72318.0,13178.0,1.977443,-3.692254,DEU,MNE,6589
1541590,71,144,1078,2012.0,2102.0,0.0,0.925701,1.8700189999999999,ESP,MNE,6589
1541591,77,144,1078,2012.0,8258.0,0.0,1.414721,0.07219600000000001,FRA,MNE,6589
1541592,81,144,1078,2012.0,6881.0,0.0,1.544653,0.776512,GBR,MNE,6589
1541593,100,144,1078,2012.0,91398.0,0.0,0.881764,1.149456,HRV,MNE,6589
1541594,102,144,1078,2012.0,2982.0,17391.0,1.61049,0.44614799999999993,HUN,MNE,6589
1541595,104,144,1078,2012.0,12847.0,0.0,0.24883200000000003,2.463711,IND,MNE,6589
1541596,111,144,1078,2012.0,161181.0,0.0,1.396626,-0.43950500000000003,ITA,MNE,6589
1541597,114,144,1078,2012.0,0.0,3417.0,2.325746,-0.8705649999999999,JPN,MNE,6589
1541598,140,144,1078,2012.0,1482.0,0.0,-0.08785599999999999,0.153128,MKD,MNE,6589
1541599,162,144,1078,2012.0,8780.0,0.0,0.961975,1.517883,NLD,MNE,6589
1541600,168,144,1078,2012.0,2349.0,0.0,-0.600346,0.474208,PAK,MNE,6589
1541601,177,144,1078,2012.0,1388.0,0.0,1.039598,1.145227,POL,MNE,6589
1541602,185,144,1078,2012.0,1208.0,0.0,0.952936,1.227809,ROU,MNE,6589
1541603,201,144,1078,2012.0,181472.0,2151.0,0.696674,1.544065,SRB,MNE,6589
1541604,207,144,1078,2012.0,35695.0,0.0,1.4933049999999999,0.58207,SVN,MNE,6589
1541605,208,144,1078,2012.0,15671.0,0.0,1.721268,0.15675,SWE,MNE,6589
1541606,216,144,1078,2012.0,4723.0,0.0,1.015684,1.20697,THA,MNE,6589
1541607,224,144,1078,2012.0,76306.0,0.0,0.657573,1.969027,TUR,MNE,6589
1541608,231,144,1078,2012.0,6417.0,0.0,1.51134,-0.637794,USA,MNE,6589
1541609,239,144,1078,2012.0,2742.0,0.0,0.0755,1.008183,VNM,MNE,6589
1541610,249,144,1078,2012.0,18619.0,0.0,1.671686,0.9854729999999999,TWN,MNE,6589
1541611,61,198,1078,2012.0,20819.0,0.0,1.977443,-3.692254,DEU,SMR,6589
1541612,71,198,1078,2012.0,2651.0,0.0,0.925701,1.8700189999999999,ESP,SMR,6589
1541613,207,198,1078,2012.0,1737.0,0.0,1.4933049999999999,0.58207,SVN,SMR,6589
1541614,7,217,1078,2012.0,32814.0,0.0,0.256232,-0.46518400000000004,ARE,TJK,6589
1541615,43,217,1078,2012.0,1901280.0,0.0,1.2170590000000001,0.584412,CHN,TJK,6589
1541616,61,217,1078,2012.0,6266.0,0.0,1.977443,-3.692254,DEU,TJK,6589
1541617,72,217,1078,2012.0,1669.0,0.0,0.8603,1.3146870000000002,EST,TJK,6589
1541618,77,217,1078,2012.0,1201.0,0.0,1.414721,0.07219600000000001,FRA,TJK,6589
1541619,104,217,1078,2012.0,6765.0,0.0,0.24883200000000003,2.463711,IND,TJK,6589
1541620,114,217,1078,2012.0,11501.0,0.0,2.325746,-0.8705649999999999,JPN,TJK,6589
1541621,130,217,1078,2012.0,2304.0,0.0,0.739945,1.217062,LTU,TJK,6589
1541622,177,217,1078,2012.0,7976.0,0.0,1.039598,1.145227,POL,TJK,6589
1541623,186,217,1078,2012.0,98771.0,0.0,-0.123649,-0.218926,RUS,TJK,6589
1541624,224,217,1078,2012.0,127881.0,0.0,0.657573,1.969027,TUR,TJK,6589
1541625,7,219,1078,2012.0,141819.0,0.0,0.256232,-0.46518400000000004,ARE,TKM,6589
1541626,28,219,1078,2012.0,20105.0,0.0,1.0976059999999999,0.861051,BLR,TKM,6589
1541627,39,219,1078,2012.0,30251.0,0.0,0.630575,1.28653,CAN,TKM,6589
1541628,43,219,1078,2012.0,322011.0,0.0,1.2170590000000001,0.584412,CHN,TKM,6589
1541629,59,219,1078,2012.0,1276.0,0.0,1.7368299999999999,-0.651329,CZE,TKM,6589
1541630,61,219,1078,2012.0,42302.0,0.0,1.977443,-3.692254,DEU,TKM,6589
1541631,64,219,1078,2012.0,1037.0,0.0,1.159478,1.053761,DNK,TKM,6589
1541632,77,219,1078,2012.0,141875.0,0.0,1.414721,0.07219600000000001,FRA,TKM,6589
1541633,81,219,1078,2012.0,44651.0,0.0,1.544653,0.776512,GBR,TKM,6589
1541634,114,219,1078,2012.0,3746.0,0.0,2.325746,-0.8705649999999999,JPN,TKM,6589
1541635,115,219,1078,2012.0,1901.0,0.0,-0.447428,-0.42193,KAZ,TKM,6589
1541636,121,219,1078,2012.0,4730.0,0.0,1.839479,0.8272799999999999,KOR,TKM,6589
1541637,177,219,1078,2012.0,9022.0,0.0,1.039598,1.145227,POL,TKM,6589
1541638,186,219,1078,2012.0,98425.0,36106.0,-0.123649,-0.218926,RUS,TKM,6589
1541639,224,219,1078,2012.0,1581550.0,49825.0,0.657573,1.969027,TUR,TKM,6589
1541640,228,219,1078,2012.0,11332.0,0.0,0.533547,1.159378,UKR,TKM,6589
1541641,231,219,1078,2012.0,6792.0,0.0,1.51134,-0.637794,USA,TKM,6589
1541642,39,0,1078,2012.0,1646.0,0.0,0.630575,1.28653,CAN,ABW,6589
1541643,43,0,1078,2012.0,42231.0,0.0,1.2170590000000001,0.584412,CHN,ABW,6589
1541644,49,0,1078,2012.0,3943.0,0.0,0.034488,-0.340545,COL,ABW,6589
1541645,55,0,1078,2012.0,22111.0,0.0,0.003982,-0.685596,CUW,ABW,6589
1541646,61,0,1078,2012.0,2627.0,0.0,1.977443,-3.692254,DEU,ABW,6589
1541647,64,0,1078,2012.0,3635.0,0.0,1.159478,1.053761,DNK,ABW,6589
1541648,71,0,1078,2012.0,73883.0,0.0,0.925701,1.8700189999999999,ESP,ABW,6589
1541649,77,0,1078,2012.0,6144.0,0.0,1.414721,0.07219600000000001,FRA,ABW,6589
1541650,97,0,1078,2012.0,2107.0,0.0,0.788308,1.029625,HKG,ABW,6589
1541651,104,0,1078,2012.0,1700.0,0.0,0.24883200000000003,2.463711,IND,ABW,6589
1541652,138,0,1078,2012.0,3781.0,0.0,1.166986,0.662798,MEX,ABW,6589
1541653,162,0,1078,2012.0,78828.0,0.0,0.961975,1.517883,NLD,ABW,6589
1541654,169,0,1078,2012.0,39983.0,0.0,1.001878,1.18554,PAN,ABW,6589
1541655,173,0,1078,2012.0,72842.0,0.0,-0.47011499999999995,0.340251,PER,ABW,6589
1541656,231,0,1078,2012.0,208655.0,1402.0,1.51134,-0.637794,USA,ABW,6589
1541657,236,0,1078,2012.0,1123.0,0.0,-1.6796689999999999,-1.168002,VEN,ABW,6589
1541658,249,0,1078,2012.0,4192.0,0.0,1.671686,0.9854729999999999,TWN,ABW,6589
1541659,250,0,1078,2012.0,4335.0,0.0,0.34242399999999995,-0.007095999999999999,ANS,ABW,6589
1541660,138,3,1078,2012.0,3162.0,0.0,1.166986,0.662798,MEX,AIA,6589
1541661,162,3,1078,2012.0,1325.0,0.0,0.961975,1.517883,NLD,AIA,6589
1541662,222,3,1078,2012.0,1516.0,0.0,-0.257402,-0.9802709999999999,TTO,AIA,6589
1541663,231,3,1078,2012.0,58202.0,0.0,1.51134,-0.637794,USA,AIA,6589
1541664,8,31,1078,2012.0,329841.0,2590.0,-0.019015,0.548292,ARG,BOL,6589
1541665,32,31,1078,2012.0,524745.0,0.0,0.340455,0.9006790000000001,BRA,BOL,6589
1541666,39,31,1078,2012.0,2454.0,0.0,0.630575,1.28653,CAN,BOL,6589
1541667,42,31,1078,2012.0,1072734.0,16208.0,-0.180309,-0.33571799999999996,CHL,BOL,6589
1541668,43,31,1078,2012.0,261581.0,0.0,1.2170590000000001,0.584412,CHN,BOL,6589
1541669,49,31,1078,2012.0,63693.0,1066.0,0.034488,-0.340545,COL,BOL,6589
1541670,59,31,1078,2012.0,9295.0,0.0,1.7368299999999999,-0.651329,CZE,BOL,6589
1541671,61,31,1078,2012.0,100031.0,7852.0,1.977443,-3.692254,DEU,BOL,6589
1541672,64,31,1078,2012.0,0.0,40105.0,1.159478,1.053761,DNK,BOL,6589
1541673,71,31,1078,2012.0,1129.0,0.0,0.925701,1.8700189999999999,ESP,BOL,6589
1541674,74,31,1078,2012.0,0.0,2032.0,1.5813700000000002,0.872251,FIN,BOL,6589
1541675,77,31,1078,2012.0,1008.0,2320.0,1.414721,0.07219600000000001,FRA,BOL,6589
1541676,81,31,1078,2012.0,9423.0,1027.0,1.544653,0.776512,GBR,BOL,6589
1541677,97,31,1078,2012.0,3764.0,1781.0,0.788308,1.029625,HKG,BOL,6589
1541678,99,31,1078,2012.0,0.0,1935.0,-0.362811,-0.012651,HND,BOL,6589
1541679,104,31,1078,2012.0,8792.0,0.0,0.24883200000000003,2.463711,IND,BOL,6589
1541680,111,31,1078,2012.0,1540.0,1129.0,1.396626,-0.43950500000000003,ITA,BOL,6589
1541681,114,31,1078,2012.0,1432.0,4140.0,2.325746,-0.8705649999999999,JPN,BOL,6589
1541682,138,31,1078,2012.0,8890.0,0.0,1.166986,0.662798,MEX,BOL,6589
1541683,162,31,1078,2012.0,2727.0,0.0,0.961975,1.517883,NLD,BOL,6589
1541684,163,31,1078,2012.0,0.0,7336.0,0.5462670000000001,-0.042712,NOR,BOL,6589
1541685,169,31,1078,2012.0,7235.0,0.0,1.001878,1.18554,PAN,BOL,6589
1541686,173,31,1078,2012.0,46156.0,19424.0,-0.47011499999999995,0.340251,PER,BOL,6589
1541687,177,31,1078,2012.0,1776.0,0.0,1.039598,1.145227,POL,BOL,6589
1541688,180,31,1078,2012.0,0.0,2052.0,-0.49996,-0.6966399999999999,PRY,BOL,6589
1541689,208,31,1078,2012.0,0.0,1138.0,1.721268,0.15675,SWE,BOL,6589
1541690,216,31,1078,2012.0,12823.0,0.0,1.015684,1.20697,THA,BOL,6589
1541691,231,31,1078,2012.0,404087.0,18313.0,1.51134,-0.637794,USA,BOL,6589
1541692,236,31,1078,2012.0,2170.0,0.0,-1.6796689999999999,-1.168002,VEN,BOL,6589
1541693,239,31,1078,2012.0,1606.0,0.0,0.0755,1.008183,VNM,BOL,6589
1541694,249,31,1078,2012.0,2073.0,0.0,1.671686,0.9854729999999999,TWN,BOL,6589
1541695,250,31,1078,2012.0,4965.0,0.0,0.34242399999999995,-0.007095999999999999,ANS,BOL,6589
1541696,7,34,1078,2012.0,1120.0,0.0,0.256232,-0.46518400000000004,ARE,BRN,6589
1541697,14,34,1078,2012.0,3117.0,0.0,-0.537197,-0.22305300000000003,AUS,BRN,6589
1541698,18,34,1078,2012.0,5788.0,0.0,1.06425,1.369205,BEL,BRN,6589
1541699,42,34,1078,2012.0,1110.0,0.0,-0.180309,-0.33571799999999996,CHL,BRN,6589
1541700,43,34,1078,2012.0,1359147.0,0.0,1.2170590000000001,0.584412,CHN,BRN,6589
1541701,61,34,1078,2012.0,5478.0,0.0,1.977443,-3.692254,DEU,BRN,6589
1541702,77,34,1078,2012.0,11635.0,0.0,1.414721,0.07219600000000001,FRA,BRN,6589
1541703,81,34,1078,2012.0,118819.0,1479.0,1.544653,0.776512,GBR,BRN,6589
1541704,97,34,1078,2012.0,27375.0,0.0,0.788308,1.029625,HKG,BRN,6589
1541705,103,34,1078,2012.0,50319.0,0.0,0.045694,1.635448,IDN,BRN,6589
1541706,104,34,1078,2012.0,424179.0,0.0,0.24883200000000003,2.463711,IND,BRN,6589
1541707,111,34,1078,2012.0,4610954.0,0.0,1.396626,-0.43950500000000003,ITA,BRN,6589
1541708,114,34,1078,2012.0,1115.0,2108.0,2.325746,-0.8705649999999999,JPN,BRN,6589
1541709,121,34,1078,2012.0,13629.0,0.0,1.839479,0.8272799999999999,KOR,BRN,6589
1541710,153,34,1078,2012.0,211595.0,9271.0,0.93739,0.726329,MYS,BRN,6589
1541711,162,34,1078,2012.0,1989.0,0.0,0.961975,1.517883,NLD,BRN,6589
1541712,174,34,1078,2012.0,1322.0,0.0,0.44656,0.55585,PHL,BRN,6589
1541713,192,34,1078,2012.0,489362.0,107762.0,1.762134,0.583393,SGP,BRN,6589
1541714,208,34,1078,2012.0,4227.0,0.0,1.721268,0.15675,SWE,BRN,6589
1541715,216,34,1078,2012.0,24277.0,0.0,1.015684,1.20697,THA,BRN,6589
1541716,231,34,1078,2012.0,88060.0,0.0,1.51134,-0.637794,USA,BRN,6589
1541717,249,34,1078,2012.0,10279.0,0.0,1.671686,0.9854729999999999,TWN,BRN,6589
1541718,43,38,1078,2012.0,3003.0,0.0,1.2170590000000001,0.584412,CHN,CAF,6589
1541719,44,38,1078,2012.0,10483.0,0.0,-1.014737,-0.8629049999999999,CIV,CAF,6589
1541720,64,38,1078,2012.0,48271.0,0.0,1.159478,1.053761,DNK,CAF,6589
1541721,77,38,1078,2012.0,4840.0,0.0,1.414721,0.07219600000000001,FRA,CAF,6589
1541722,104,38,1078,2012.0,26276.0,0.0,0.24883200000000003,2.463711,IND,CAF,6589
1541723,159,38,1078,2012.0,2292.0,0.0,-1.616498,-1.174816,NGA,CAF,6589
1541724,215,38,1078,2012.0,1213.0,0.0,-0.525578,-0.41306800000000005,TGO,CAF,6589
1541725,239,38,1078,2012.0,65478.0,0.0,0.0755,1.008183,VNM,CAF,6589
1541726,7,50,1078,2012.0,71928.0,0.0,0.256232,-0.46518400000000004,ARE,COM,6589
1541727,18,50,1078,2012.0,8060.0,0.0,1.06425,1.369205,BEL,COM,6589
1541728,43,50,1078,2012.0,61432.0,0.0,1.2170590000000001,0.584412,CHN,COM,6589
1541729,77,50,1078,2012.0,11384.0,1259.0,1.414721,0.07219600000000001,FRA,COM,6589
1541730,104,50,1078,2012.0,225048.0,0.0,0.24883200000000003,2.463711,IND,COM,6589
1541731,136,50,1078,2012.0,5937.0,0.0,-0.664783,-0.478411,MDG,COM,6589
1541732,151,50,1078,2012.0,69538.0,0.0,-0.101344,0.22300100000000003,MUS,COM,6589
1541733,224,50,1078,2012.0,3077.0,0.0,0.657573,1.969027,TUR,COM,6589
1541734,7,69,1078,2012.0,58644.0,0.0,0.256232,-0.46518400000000004,ARE,ERI,6589
1541735,41,69,1078,2012.0,1034.0,0.0,2.0265150000000003,0.6496689999999999,CHE,ERI,6589
1541736,43,69,1078,2012.0,62263.0,0.0,1.2170590000000001,0.584412,CHN,ERI,6589
1541737,61,69,1078,2012.0,4446.0,0.0,1.977443,-3.692254,DEU,ERI,6589
1541738,111,69,1078,2012.0,0.0,3512.0,1.396626,-0.43950500000000003,ITA,ERI,6589
1541739,246,69,1078,2012.0,18873.0,0.0,0.06510099999999999,1.748521,ZAF,ERI,6589
1541740,7,75,1078,2012.0,1128.0,0.0,0.256232,-0.46518400000000004,ARE,FJI,6589
1541741,10,75,1078,2012.0,0.0,19041.0,0.78497,-0.128577,ASM,FJI,6589
1541742,14,75,1078,2012.0,228284.0,2376941.0,-0.537197,-0.22305300000000003,AUS,FJI,6589
1541743,39,75,1078,2012.0,4556.0,31560.0,0.630575,1.28653,CAN,FJI,6589
1541744,43,75,1078,2012.0,410393.0,0.0,1.2170590000000001,0.584412,CHN,FJI,6589
1541745,48,75,1078,2012.0,0.0,3762.0,0.022052000000000002,-0.674508,COK,FJI,6589
1541746,61,75,1078,2012.0,2506.0,0.0,1.977443,-3.692254,DEU,FJI,6589
1541747,81,75,1078,2012.0,1918.0,1827.0,1.544653,0.776512,GBR,FJI,6589
1541748,97,75,1078,2012.0,60113.0,0.0,0.788308,1.029625,HKG,FJI,6589
1541749,103,75,1078,2012.0,30212.0,0.0,0.045694,1.635448,IDN,FJI,6589
1541750,104,75,1078,2012.0,1403304.0,0.0,0.24883200000000003,2.463711,IND,FJI,6589
1541751,114,75,1078,2012.0,2424.0,0.0,2.325746,-0.8705649999999999,JPN,FJI,6589
1541752,119,75,1078,2012.0,0.0,13992.0,-0.461229,-0.85836,KIR,FJI,6589
1541753,139,75,1078,2012.0,0.0,1093.0,-0.42864399999999997,-0.7831739999999999,MHL,FJI,6589
1541754,153,75,1078,2012.0,12275.0,0.0,0.93739,0.726329,MYS,FJI,6589
1541755,165,75,1078,2012.0,0.0,6635.0,0.562387,-0.587005,NRU,FJI,6589
1541756,166,75,1078,2012.0,227118.0,619362.0,0.21502399999999997,0.746456,NZL,FJI,6589
1541757,168,75,1078,2012.0,29447.0,0.0,-0.600346,0.474208,PAK,FJI,6589
1541758,176,75,1078,2012.0,0.0,82482.0,-1.0462200000000001,-1.022037,PNG,FJI,6589
1541759,192,75,1078,2012.0,7238.0,0.0,1.762134,0.583393,SGP,FJI,6589
1541760,216,75,1078,2012.0,1160.0,0.0,1.015684,1.20697,THA,FJI,6589
1541761,221,75,1078,2012.0,0.0,32161.0,-0.126859,-0.509424,TON,FJI,6589
1541762,225,75,1078,2012.0,0.0,1314.0,0.061314999999999995,-0.668395,TUV,FJI,6589
1541763,231,75,1078,2012.0,28053.0,71742.0,1.51134,-0.637794,USA,FJI,6589
1541764,240,75,1078,2012.0,0.0,3102.0,-0.685383,-0.866303,VUT,FJI,6589
1541765,241,75,1078,2012.0,0.0,20989.0,1.670223,0.000131,WLF,FJI,6589
1541766,242,75,1078,2012.0,0.0,10060.0,0.589936,-0.0285,WSM,FJI,6589
1541767,249,75,1078,2012.0,29216.0,0.0,1.671686,0.9854729999999999,TWN,FJI,6589
1541768,61,78,1078,2012.0,10833.0,0.0,1.977443,-3.692254,DEU,FRO,6589
1541769,64,78,1078,2012.0,389239.0,0.0,1.159478,1.053761,DNK,FRO,6589
1541770,74,78,1078,2012.0,1820.0,0.0,1.5813700000000002,0.872251,FIN,FRO,6589
1541771,81,78,1078,2012.0,7121.0,0.0,1.544653,0.776512,GBR,FRO,6589
1541772,130,78,1078,2012.0,4428.0,0.0,0.739945,1.217062,LTU,FRO,6589
1541773,162,78,1078,2012.0,1208.0,0.0,0.961975,1.517883,NLD,FRO,6589
1541774,163,78,1078,2012.0,60419.0,0.0,0.5462670000000001,-0.042712,NOR,FRO,6589
1541775,208,78,1078,2012.0,12587.0,0.0,1.721268,0.15675,SWE,FRO,6589
1541776,7,87,1078,2012.0,119549.0,0.0,0.256232,-0.46518400000000004,ARE,GMB,6589
1541777,32,87,1078,2012.0,1705.0,0.0,0.340455,0.9006790000000001,BRA,GMB,6589
1541778,43,87,1078,2012.0,94417.0,0.0,1.2170590000000001,0.584412,CHN,GMB,6589
1541779,71,87,1078,2012.0,11678.0,0.0,0.925701,1.8700189999999999,ESP,GMB,6589
1541780,81,87,1078,2012.0,2731.0,0.0,1.544653,0.776512,GBR,GMB,6589
1541781,104,87,1078,2012.0,33249.0,0.0,0.24883200000000003,2.463711,IND,GMB,6589
1541782,124,87,1078,2012.0,1367.0,0.0,0.36778099999999997,1.3771010000000001,LBN,GMB,6589
1541783,134,87,1078,2012.0,21502.0,0.0,-0.330598,0.037439,MAR,GMB,6589
1541784,162,87,1078,2012.0,6991.0,0.0,0.961975,1.517883,NLD,GMB,6589
1541785,168,87,1078,2012.0,2316.0,0.0,-0.600346,0.474208,PAK,GMB,6589
1541786,191,87,1078,2012.0,25972.0,0.0,-0.379797,0.020130000000000002,SEN,GMB,6589
1541787,196,87,1078,2012.0,0.0,1420.0,-0.532612,-0.72927,SLE,GMB,6589
1541788,216,87,1078,2012.0,2532.0,0.0,1.015684,1.20697,THA,GMB,6589
1541789,224,87,1078,2012.0,1459.0,0.0,0.657573,1.969027,TUR,GMB,6589
1541790,239,87,1078,2012.0,635252.0,0.0,0.0755,1.008183,VNM,GMB,6589
1541791,43,88,1078,2012.0,74686.0,0.0,1.2170590000000001,0.584412,CHN,GNB,6589
1541792,179,88,1078,2012.0,14897.0,0.0,0.697799,2.122262,PRT,GNB,6589
1541793,216,88,1078,2012.0,273682.0,0.0,1.015684,1.20697,THA,GNB,6589
1541794,77,95,1078,2012.0,34753.0,0.0,1.414721,0.07219600000000001,FRA,GUM,6589
1541795,97,95,1078,2012.0,19912.0,0.0,0.788308,1.029625,HKG,GUM,6589
1541796,121,95,1078,2012.0,1356.0,0.0,1.839479,0.8272799999999999,KOR,GUM,6589
1541797,174,95,1078,2012.0,73690.0,0.0,0.44656,0.55585,PHL,GUM,6589
1541798,175,95,1078,2012.0,0.0,1843.0,-0.182473,-0.7639090000000001,PLW,GUM,6589
1541799,192,95,1078,2012.0,1362.0,0.0,1.762134,0.583393,SGP,GUM,6589
1541800,216,95,1078,2012.0,21424.0,0.0,1.015684,1.20697,THA,GUM,6589
1541801,249,95,1078,2012.0,6536.0,0.0,1.671686,0.9854729999999999,TWN,GUM,6589
1541802,18,101,1078,2012.0,1028.0,0.0,1.06425,1.369205,BEL,HTI,6589
1541803,39,101,1078,2012.0,3630.0,0.0,0.630575,1.28653,CAN,HTI,6589
1541804,43,101,1078,2012.0,385594.0,0.0,1.2170590000000001,0.584412,CHN,HTI,6589
1541805,49,101,1078,2012.0,36685.0,0.0,0.034488,-0.340545,COL,HTI,6589
1541806,61,101,1078,2012.0,7871.0,0.0,1.977443,-3.692254,DEU,HTI,6589
1541807,65,101,1078,2012.0,449349.0,0.0,-0.08708300000000001,0.389521,DOM,HTI,6589
1541808,71,101,1078,2012.0,17487.0,0.0,0.925701,1.8700189999999999,ESP,HTI,6589
1541809,77,101,1078,2012.0,7760.0,0.0,1.414721,0.07219600000000001,FRA,HTI,6589
1541810,111,101,1078,2012.0,9427.0,0.0,1.396626,-0.43950500000000003,ITA,HTI,6589
1541811,112,101,1078,2012.0,3142.0,0.0,-0.307289,-0.738736,JAM,HTI,6589
1541812,138,101,1078,2012.0,11870.0,0.0,1.166986,0.662798,MEX,HTI,6589
1541813,162,101,1078,2012.0,3215.0,0.0,0.961975,1.517883,NLD,HTI,6589
1541814,168,101,1078,2012.0,75811.0,0.0,-0.600346,0.474208,PAK,HTI,6589
1541815,169,101,1078,2012.0,1756833.0,0.0,1.001878,1.18554,PAN,HTI,6589
1541816,231,101,1078,2012.0,87636.0,23245.0,1.51134,-0.637794,USA,HTI,6589
1541817,239,101,1078,2012.0,6228.0,0.0,0.0755,1.008183,VNM,HTI,6589
1541818,249,101,1078,2012.0,3822.0,0.0,1.671686,0.9854729999999999,TWN,HTI,6589
1541819,37,129,1078,2012.0,0.0,2877.0,-0.47585200000000005,-1.061016,BWA,LSO,6589
1541820,43,129,1078,2012.0,7862.0,0.0,1.2170590000000001,0.584412,CHN,LSO,6589
1541821,97,129,1078,2012.0,8430.0,0.0,0.788308,1.029625,HKG,LSO,6589
1541822,231,129,1078,2012.0,3323.0,0.0,1.51134,-0.637794,USA,LSO,6589
1541823,246,129,1078,2012.0,1067870.0,115307.0,0.06510099999999999,1.748521,ZAF,LSO,6589
1541824,249,129,1078,2012.0,50707.0,0.0,1.671686,0.9854729999999999,TWN,LSO,6589
1541825,7,137,1078,2012.0,34856.0,0.0,0.256232,-0.46518400000000004,ARE,MDV,6589
1541826,14,137,1078,2012.0,19221.0,0.0,-0.537197,-0.22305300000000003,AUS,MDV,6589
1541827,15,137,1078,2012.0,8277.0,0.0,1.710955,-0.8860399999999999,AUT,MDV,6589
1541828,25,137,1078,2012.0,1099.0,0.0,0.37130799999999997,-0.526134,BHS,MDV,6589
1541829,39,137,1078,2012.0,4634.0,0.0,0.630575,1.28653,CAN,MDV,6589
1541830,43,137,1078,2012.0,203104.0,0.0,1.2170590000000001,0.584412,CHN,MDV,6589
1541831,58,137,1078,2012.0,1280.0,0.0,0.621962,0.188051,CYP,MDV,6589
1541832,59,137,1078,2012.0,2923.0,0.0,1.7368299999999999,-0.651329,CZE,MDV,6589
1541833,61,137,1078,2012.0,46564.0,0.0,1.977443,-3.692254,DEU,MDV,6589
1541834,71,137,1078,2012.0,3917.0,0.0,0.925701,1.8700189999999999,ESP,MDV,6589
1541835,74,137,1078,2012.0,3128.0,0.0,1.5813700000000002,0.872251,FIN,MDV,6589
1541836,77,137,1078,2012.0,3076.0,0.0,1.414721,0.07219600000000001,FRA,MDV,6589
1541837,81,137,1078,2012.0,19209.0,0.0,1.544653,0.776512,GBR,MDV,6589
1541838,90,137,1078,2012.0,1322.0,0.0,0.161352,1.273024,GRC,MDV,6589
1541839,97,137,1078,2012.0,30560.0,0.0,0.788308,1.029625,HKG,MDV,6589
1541840,103,137,1078,2012.0,26611.0,0.0,0.045694,1.635448,IDN,MDV,6589
1541841,104,137,1078,2012.0,225017.0,0.0,0.24883200000000003,2.463711,IND,MDV,6589
1541842,106,137,1078,2012.0,4490.0,0.0,1.1761549999999998,0.279569,IRL,MDV,6589
1541843,111,137,1078,2012.0,62068.0,0.0,1.396626,-0.43950500000000003,ITA,MDV,6589
1541844,121,137,1078,2012.0,5997.0,0.0,1.839479,0.8272799999999999,KOR,MDV,6589
1541845,128,137,1078,2012.0,188446.0,0.0,-0.24579299999999998,0.518273,LKA,MDV,6589
1541846,151,137,1078,2012.0,5637.0,0.0,-0.101344,0.22300100000000003,MUS,MDV,6589
1541847,153,137,1078,2012.0,45100.0,0.0,0.93739,0.726329,MYS,MDV,6589
1541848,162,137,1078,2012.0,1551.0,0.0,0.961975,1.517883,NLD,MDV,6589
1541849,166,137,1078,2012.0,2165.0,0.0,0.21502399999999997,0.746456,NZL,MDV,6589
1541850,168,137,1078,2012.0,2262.0,0.0,-0.600346,0.474208,PAK,MDV,6589
1541851,192,137,1078,2012.0,268465.0,0.0,1.762134,0.583393,SGP,MDV,6589
1541852,216,137,1078,2012.0,166874.0,0.0,1.015684,1.20697,THA,MDV,6589
1541853,224,137,1078,2012.0,9904.0,0.0,0.657573,1.969027,TUR,MDV,6589
1541854,231,137,1078,2012.0,30267.0,0.0,1.51134,-0.637794,USA,MDV,6589
1541855,249,137,1078,2012.0,4392.0,0.0,1.671686,0.9854729999999999,TWN,MDV,6589
1541856,43,139,1078,2012.0,2276.0,0.0,1.2170590000000001,0.584412,CHN,MHL,6589
1541857,61,139,1078,2012.0,1706.0,0.0,1.977443,-3.692254,DEU,MHL,6589
1541858,75,139,1078,2012.0,1093.0,0.0,-0.332623,0.020258,FJI,MHL,6589
1541859,81,139,1078,2012.0,1541.0,0.0,1.544653,0.776512,GBR,MHL,6589
1541860,114,139,1078,2012.0,0.0,4396.0,2.325746,-0.8705649999999999,JPN,MHL,6589
1541861,174,139,1078,2012.0,2532.0,0.0,0.44656,0.55585,PHL,MHL,6589
1541862,192,139,1078,2012.0,52098.0,0.0,1.762134,0.583393,SGP,MHL,6589
1541863,231,139,1078,2012.0,21045.0,0.0,1.51134,-0.637794,USA,MHL,6589
1541864,14,145,1078,2012.0,154548.0,0.0,-0.537197,-0.22305300000000003,AUS,MNG,6589
1541865,18,145,1078,2012.0,0.0,5277.0,1.06425,1.369205,BEL,MNG,6589
1541866,39,145,1078,2012.0,8922.0,1846.0,0.630575,1.28653,CAN,MNG,6589
1541867,41,145,1078,2012.0,0.0,2552.0,2.0265150000000003,0.6496689999999999,CHE,MNG,6589
1541868,43,145,1078,2012.0,36396056.0,6327.0,1.2170590000000001,0.584412,CHN,MNG,6589
1541869,61,145,1078,2012.0,113117.0,1801.0,1.977443,-3.692254,DEU,MNG,6589
1541870,77,145,1078,2012.0,49181.0,0.0,1.414721,0.07219600000000001,FRA,MNG,6589
1541871,81,145,1078,2012.0,0.0,36390.0,1.544653,0.776512,GBR,MNG,6589
1541872,97,145,1078,2012.0,2193.0,0.0,0.788308,1.029625,HKG,MNG,6589
1541873,111,145,1078,2012.0,2654.0,1420.0,1.396626,-0.43950500000000003,ITA,MNG,6589
1541874,114,145,1078,2012.0,6828.0,16050.0,2.325746,-0.8705649999999999,JPN,MNG,6589
1541875,115,145,1078,2012.0,12106.0,0.0,-0.447428,-0.42193,KAZ,MNG,6589
1541876,121,145,1078,2012.0,535977.0,0.0,1.839479,0.8272799999999999,KOR,MNG,6589
1541877,162,145,1078,2012.0,5931.0,0.0,0.961975,1.517883,NLD,MNG,6589
1541878,177,145,1078,2012.0,21397.0,0.0,1.039598,1.145227,POL,MNG,6589
1541879,186,145,1078,2012.0,40262.0,0.0,-0.123649,-0.218926,RUS,MNG,6589
1541880,216,145,1078,2012.0,1034.0,0.0,1.015684,1.20697,THA,MNG,6589
1541881,224,145,1078,2012.0,3713.0,0.0,0.657573,1.969027,TUR,MNG,6589
1541882,228,145,1078,2012.0,3032.0,0.0,0.533547,1.159378,UKR,MNG,6589
1541883,231,145,1078,2012.0,107017.0,50952.0,1.51134,-0.637794,USA,MNG,6589
1541884,7,152,1078,2012.0,1975616.0,0.0,0.256232,-0.46518400000000004,ARE,MWI,6589
1541885,18,152,1078,2012.0,7869.0,0.0,1.06425,1.369205,BEL,MWI,6589
1541886,43,152,1078,2012.0,299377.0,0.0,1.2170590000000001,0.584412,CHN,MWI,6589
1541887,68,152,1078,2012.0,26079.0,0.0,-0.145791,1.470876,EGY,MWI,6589
1541888,81,152,1078,2012.0,212208.0,0.0,1.544653,0.776512,GBR,MWI,6589
1541889,97,152,1078,2012.0,441472.0,0.0,0.788308,1.029625,HKG,MWI,6589
1541890,104,152,1078,2012.0,14753.0,0.0,0.24883200000000003,2.463711,IND,MWI,6589
1541891,110,152,1078,2012.0,298112.0,0.0,1.125254,0.736004,ISR,MWI,6589
1541892,147,152,1078,2012.0,22687.0,0.0,-1.274567,-1.045444,MOZ,MWI,6589
1541893,155,152,1078,2012.0,17913.0,0.0,-0.404252,-0.330913,NAM,MWI,6589
1541894,168,152,1078,2012.0,16325.0,0.0,-0.600346,0.474208,PAK,MWI,6589
1541895,216,152,1078,2012.0,24251.0,0.0,1.015684,1.20697,THA,MWI,6589
1541896,226,152,1078,2012.0,10947630.0,0.0,-0.490001,1.149681,TZA,MWI,6589
1541897,228,152,1078,2012.0,1682.0,0.0,0.533547,1.159378,UKR,MWI,6589
1541898,231,152,1078,2012.0,60160.0,0.0,1.51134,-0.637794,USA,MWI,6589
1541899,239,152,1078,2012.0,1983858.0,0.0,0.0755,1.008183,VNM,MWI,6589
1541900,246,152,1078,2012.0,407150.0,3322.0,0.06510099999999999,1.748521,ZAF,MWI,6589
1541901,247,152,1078,2012.0,2319.0,0.0,-0.356518,-0.71057,ZMB,MWI,6589
1541902,248,152,1078,2012.0,41152.0,0.0,-0.812796,-0.747908,ZWE,MWI,6589
1541903,43,154,1078,2012.0,110805.0,0.0,1.2170590000000001,0.584412,CHN,MYT,6589
1541904,71,154,1078,2012.0,3507.0,0.0,0.925701,1.8700189999999999,ESP,MYT,6589
1541905,77,154,1078,2012.0,290597.0,0.0,1.414721,0.07219600000000001,FRA,MYT,6589
1541906,136,154,1078,2012.0,7832.0,0.0,-0.664783,-0.478411,MDG,MYT,6589
1541907,151,154,1078,2012.0,448975.0,0.0,-0.101344,0.22300100000000003,MUS,MYT,6589
1541908,14,156,1078,2012.0,52590.0,14774.0,-0.537197,-0.22305300000000003,AUS,NCL,6589
1541909,15,156,1078,2012.0,1012.0,0.0,1.710955,-0.8860399999999999,AUT,NCL,6589
1541910,18,156,1078,2012.0,29555.0,0.0,1.06425,1.369205,BEL,NCL,6589
1541911,39,156,1078,2012.0,2994.0,0.0,0.630575,1.28653,CAN,NCL,6589
1541912,43,156,1078,2012.0,324721.0,0.0,1.2170590000000001,0.584412,CHN,NCL,6589
1541913,52,156,1078,2012.0,1922.0,0.0,0.24381799999999998,-0.560793,CRI,NCL,6589
1541914,59,156,1078,2012.0,1348.0,0.0,1.7368299999999999,-0.651329,CZE,NCL,6589
1541915,61,156,1078,2012.0,6072.0,0.0,1.977443,-3.692254,DEU,NCL,6589
1541916,71,156,1078,2012.0,15428.0,0.0,0.925701,1.8700189999999999,ESP,NCL,6589
1541917,77,156,1078,2012.0,1261058.0,35789.0,1.414721,0.07219600000000001,FRA,NCL,6589
1541918,81,156,1078,2012.0,79914.0,0.0,1.544653,0.776512,GBR,NCL,6589
1541919,90,156,1078,2012.0,2802.0,0.0,0.161352,1.273024,GRC,NCL,6589
1541920,97,156,1078,2012.0,11981.0,0.0,0.788308,1.029625,HKG,NCL,6589
1541921,102,156,1078,2012.0,10380.0,0.0,1.61049,0.44614799999999993,HUN,NCL,6589
1541922,103,156,1078,2012.0,50571.0,0.0,0.045694,1.635448,IDN,NCL,6589
1541923,104,156,1078,2012.0,141913.0,0.0,0.24883200000000003,2.463711,IND,NCL,6589
1541924,110,156,1078,2012.0,1618.0,0.0,1.125254,0.736004,ISR,NCL,6589
1541925,111,156,1078,2012.0,10429.0,0.0,1.396626,-0.43950500000000003,ITA,NCL,6589
1541926,114,156,1078,2012.0,3002.0,0.0,2.325746,-0.8705649999999999,JPN,NCL,6589
1541927,121,156,1078,2012.0,44325.0,0.0,1.839479,0.8272799999999999,KOR,NCL,6589
1541928,131,156,1078,2012.0,2779.0,0.0,1.0163739999999999,1.178021,LUX,NCL,6589
1541929,153,156,1078,2012.0,11948.0,0.0,0.93739,0.726329,MYS,NCL,6589
1541930,162,156,1078,2012.0,95319.0,0.0,0.961975,1.517883,NLD,NCL,6589
1541931,166,156,1078,2012.0,38917.0,0.0,0.21502399999999997,0.746456,NZL,NCL,6589
1541932,176,156,1078,2012.0,0.0,2657.0,-1.0462200000000001,-1.022037,PNG,NCL,6589
1541933,177,156,1078,2012.0,2079.0,0.0,1.039598,1.145227,POL,NCL,6589
1541934,179,156,1078,2012.0,1434.0,0.0,0.697799,2.122262,PRT,NCL,6589
1541935,182,156,1078,2012.0,0.0,1841.0,0.035705,-0.696042,PYF,NCL,6589
1541936,185,156,1078,2012.0,15538.0,0.0,0.952936,1.227809,ROU,NCL,6589
1541937,192,156,1078,2012.0,5482.0,0.0,1.762134,0.583393,SGP,NCL,6589
1541938,206,156,1078,2012.0,4923.0,0.0,1.3586200000000002,0.805751,SVK,NCL,6589
1541939,216,156,1078,2012.0,23115.0,0.0,1.015684,1.20697,THA,NCL,6589
1541940,224,156,1078,2012.0,6442.0,0.0,0.657573,1.969027,TUR,NCL,6589
1541941,231,156,1078,2012.0,13227.0,55494.0,1.51134,-0.637794,USA,NCL,6589
1541942,239,156,1078,2012.0,5680.0,0.0,0.0755,1.008183,VNM,NCL,6589
1541943,240,156,1078,2012.0,0.0,2422.0,-0.685383,-0.866303,VUT,NCL,6589
1541944,241,156,1078,2012.0,0.0,5335.0,1.670223,0.000131,WLF,NCL,6589
1541945,242,156,1078,2012.0,1765.0,0.0,0.589936,-0.0285,WSM,NCL,6589
1541946,249,156,1078,2012.0,16682.0,0.0,1.671686,0.9854729999999999,TWN,NCL,6589
1541947,250,156,1078,2012.0,7158.0,0.0,0.34242399999999995,-0.007095999999999999,ANS,NCL,6589
1541948,43,181,1078,2012.0,50563.0,0.0,1.2170590000000001,0.584412,CHN,PSE,6589
1541949,61,181,1078,2012.0,81253.0,2197.0,1.977443,-3.692254,DEU,PSE,6589
1541950,68,181,1078,2012.0,23464.0,0.0,-0.145791,1.470876,EGY,PSE,6589
1541951,77,181,1078,2012.0,0.0,11029.0,1.414721,0.07219600000000001,FRA,PSE,6589
1541952,104,181,1078,2012.0,1716.0,0.0,0.24883200000000003,2.463711,IND,PSE,6589
1541953,110,181,1078,2012.0,658462.0,39157.0,1.125254,0.736004,ISR,PSE,6589
1541954,113,181,1078,2012.0,7779.0,7870.0,0.29205,0.638942,JOR,PSE,6589
1541955,224,181,1078,2012.0,40792.0,0.0,0.657573,1.969027,TUR,PSE,6589
1541956,231,181,1078,2012.0,0.0,1065.0,1.51134,-0.637794,USA,PSE,6589
1541957,14,182,1078,2012.0,11069.0,0.0,-0.537197,-0.22305300000000003,AUS,PYF,6589
1541958,18,182,1078,2012.0,2724.0,0.0,1.06425,1.369205,BEL,PYF,6589
1541959,24,182,1078,2012.0,0.0,2396.0,-0.01785,-0.780651,BHR,PYF,6589
1541960,39,182,1078,2012.0,1830.0,0.0,0.630575,1.28653,CAN,PYF,6589
1541961,43,182,1078,2012.0,39500.0,0.0,1.2170590000000001,0.584412,CHN,PYF,6589
1541962,59,182,1078,2012.0,1721.0,0.0,1.7368299999999999,-0.651329,CZE,PYF,6589
1541963,61,182,1078,2012.0,3302.0,0.0,1.977443,-3.692254,DEU,PYF,6589
1541964,64,182,1078,2012.0,1101.0,0.0,1.159478,1.053761,DNK,PYF,6589
1541965,71,182,1078,2012.0,9623.0,0.0,0.925701,1.8700189999999999,ESP,PYF,6589
1541966,77,182,1078,2012.0,615937.0,6652.0,1.414721,0.07219600000000001,FRA,PYF,6589
1541967,81,182,1078,2012.0,5583.0,0.0,1.544653,0.776512,GBR,PYF,6589
1541968,97,182,1078,2012.0,54549.0,0.0,0.788308,1.029625,HKG,PYF,6589
1541969,102,182,1078,2012.0,3329.0,0.0,1.61049,0.44614799999999993,HUN,PYF,6589
1541970,103,182,1078,2012.0,10512.0,0.0,0.045694,1.635448,IDN,PYF,6589
1541971,104,182,1078,2012.0,4497.0,0.0,0.24883200000000003,2.463711,IND,PYF,6589
1541972,106,182,1078,2012.0,1458.0,0.0,1.1761549999999998,0.279569,IRL,PYF,6589
1541973,111,182,1078,2012.0,9181.0,0.0,1.396626,-0.43950500000000003,ITA,PYF,6589
1541974,114,182,1078,2012.0,6634.0,0.0,2.325746,-0.8705649999999999,JPN,PYF,6589
1541975,121,182,1078,2012.0,7401.0,0.0,1.839479,0.8272799999999999,KOR,PYF,6589
1541976,153,182,1078,2012.0,2038.0,0.0,0.93739,0.726329,MYS,PYF,6589
1541977,156,182,1078,2012.0,1841.0,0.0,-0.650737,-0.897949,NCL,PYF,6589
1541978,162,182,1078,2012.0,2543.0,0.0,0.961975,1.517883,NLD,PYF,6589
1541979,166,182,1078,2012.0,51899.0,1176.0,0.21502399999999997,0.746456,NZL,PYF,6589
1541980,168,182,1078,2012.0,4605.0,0.0,-0.600346,0.474208,PAK,PYF,6589
1541981,185,182,1078,2012.0,5048.0,0.0,0.952936,1.227809,ROU,PYF,6589
1541982,192,182,1078,2012.0,93198.0,0.0,1.762134,0.583393,SGP,PYF,6589
1541983,208,182,1078,2012.0,1189.0,0.0,1.721268,0.15675,SWE,PYF,6589
1541984,214,182,1078,2012.0,5079.0,0.0,-2.291195,-0.921235,TCD,PYF,6589
1541985,216,182,1078,2012.0,15652.0,0.0,1.015684,1.20697,THA,PYF,6589
1541986,223,182,1078,2012.0,2939.0,0.0,0.509432,0.8157810000000001,TUN,PYF,6589
1541987,231,182,1078,2012.0,46208.0,1871.0,1.51134,-0.637794,USA,PYF,6589
1541988,249,182,1078,2012.0,6326.0,0.0,1.671686,0.9854729999999999,TWN,PYF,6589
1541989,7,187,1078,2012.0,151421.0,0.0,0.256232,-0.46518400000000004,ARE,RWA,6589
1541990,15,187,1078,2012.0,20927.0,0.0,1.710955,-0.8860399999999999,AUT,RWA,6589
1541991,17,187,1078,2012.0,0.0,8970.0,-0.504594,-0.944235,BDI,RWA,6589
1541992,18,187,1078,2012.0,29988.0,0.0,1.06425,1.369205,BEL,RWA,6589
1541993,39,187,1078,2012.0,5229.0,0.0,0.630575,1.28653,CAN,RWA,6589
1541994,43,187,1078,2012.0,6398684.0,0.0,1.2170590000000001,0.584412,CHN,RWA,6589
1541995,59,187,1078,2012.0,5082.0,0.0,1.7368299999999999,-0.651329,CZE,RWA,6589
1541996,61,187,1078,2012.0,2486.0,0.0,1.977443,-3.692254,DEU,RWA,6589
1541997,64,187,1078,2012.0,18759.0,0.0,1.159478,1.053761,DNK,RWA,6589
1541998,68,187,1078,2012.0,41867.0,0.0,-0.145791,1.470876,EGY,RWA,6589
1541999,81,187,1078,2012.0,17261.0,0.0,1.544653,0.776512,GBR,RWA,6589
1542000,104,187,1078,2012.0,567122.0,0.0,0.24883200000000003,2.463711,IND,RWA,6589
1542001,111,187,1078,2012.0,2740.0,1109.0,1.396626,-0.43950500000000003,ITA,RWA,6589
1542002,114,187,1078,2012.0,40793.0,0.0,2.325746,-0.8705649999999999,JPN,RWA,6589
1542003,116,187,1078,2012.0,141936.0,0.0,-0.256144,0.21991599999999997,KEN,RWA,6589
1542004,121,187,1078,2012.0,78876.0,0.0,1.839479,0.8272799999999999,KOR,RWA,6589
1542005,151,187,1078,2012.0,8305.0,0.0,-0.101344,0.22300100000000003,MUS,RWA,6589
1542006,224,187,1078,2012.0,6016.0,0.0,0.657573,1.969027,TUR,RWA,6589
1542007,226,187,1078,2012.0,23151.0,0.0,-0.490001,1.149681,TZA,RWA,6589
1542008,227,187,1078,2012.0,55283.0,0.0,-0.492733,0.4513,UGA,RWA,6589
1542009,239,187,1078,2012.0,1925962.0,0.0,0.0755,1.008183,VNM,RWA,6589
1542010,246,187,1078,2012.0,33109.0,0.0,0.06510099999999999,1.748521,ZAF,RWA,6589
1542011,7,196,1078,2012.0,27847.0,0.0,0.256232,-0.46518400000000004,ARE,SLE,6589
1542012,14,196,1078,2012.0,17770.0,0.0,-0.537197,-0.22305300000000003,AUS,SLE,6589
1542013,21,196,1078,2012.0,0.0,86321.0,-0.624286,-0.689179,BFA,SLE,6589
1542014,43,196,1078,2012.0,1083658.0,0.0,1.2170590000000001,0.584412,CHN,SLE,6589
1542015,61,196,1078,2012.0,4760.0,0.0,1.977443,-3.692254,DEU,SLE,6589
1542016,81,196,1078,2012.0,78998.0,0.0,1.544653,0.776512,GBR,SLE,6589
1542017,87,196,1078,2012.0,1420.0,0.0,-0.36801300000000003,-0.637681,GMB,SLE,6589
1542018,97,196,1078,2012.0,1290.0,0.0,0.788308,1.029625,HKG,SLE,6589
1542019,103,196,1078,2012.0,2065.0,0.0,0.045694,1.635448,IDN,SLE,6589
1542020,104,196,1078,2012.0,3850.0,0.0,0.24883200000000003,2.463711,IND,SLE,6589
1542021,110,196,1078,2012.0,2000.0,0.0,1.125254,0.736004,ISR,SLE,6589
1542022,114,196,1078,2012.0,0.0,2256.0,2.325746,-0.8705649999999999,JPN,SLE,6589
1542023,124,196,1078,2012.0,44073.0,0.0,0.36778099999999997,1.3771010000000001,LBN,SLE,6589
1542024,162,196,1078,2012.0,6177.0,0.0,0.961975,1.517883,NLD,SLE,6589
1542025,168,196,1078,2012.0,15541.0,0.0,-0.600346,0.474208,PAK,SLE,6589
1542026,186,196,1078,2012.0,0.0,13821.0,-0.123649,-0.218926,RUS,SLE,6589
1542027,226,196,1078,2012.0,21904.0,0.0,-0.490001,1.149681,TZA,SLE,6589
1542028,228,196,1078,2012.0,1104.0,0.0,0.533547,1.159378,UKR,SLE,6589
1542029,231,196,1078,2012.0,3256.0,42231.0,1.51134,-0.637794,USA,SLE,6589
1542030,246,196,1078,2012.0,67379.0,0.0,0.06510099999999999,1.748521,ZAF,SLE,6589
1542031,15,214,1078,2012.0,1506.0,0.0,1.710955,-0.8860399999999999,AUT,TCD,6589
1542032,18,214,1078,2012.0,5304.0,0.0,1.06425,1.369205,BEL,TCD,6589
1542033,39,214,1078,2012.0,60544.0,0.0,0.630575,1.28653,CAN,TCD,6589
1542034,43,214,1078,2012.0,35240.0,0.0,1.2170590000000001,0.584412,CHN,TCD,6589
1542035,44,214,1078,2012.0,32699.0,0.0,-1.014737,-0.8629049999999999,CIV,TCD,6589
1542036,45,214,1078,2012.0,3663.0,0.0,-1.018794,-1.013026,CMR,TCD,6589
1542037,61,214,1078,2012.0,1279.0,0.0,1.977443,-3.692254,DEU,TCD,6589
1542038,77,214,1078,2012.0,64246.0,0.0,1.414721,0.07219600000000001,FRA,TCD,6589
1542039,81,214,1078,2012.0,5607.0,0.0,1.544653,0.776512,GBR,TCD,6589
1542040,104,214,1078,2012.0,23939.0,0.0,0.24883200000000003,2.463711,IND,TCD,6589
1542041,110,214,1078,2012.0,1000.0,0.0,1.125254,0.736004,ISR,TCD,6589
1542042,111,214,1078,2012.0,6144.0,0.0,1.396626,-0.43950500000000003,ITA,TCD,6589
1542043,182,214,1078,2012.0,0.0,5079.0,0.035705,-0.696042,PYF,TCD,6589
1542044,7,232,1078,2012.0,1800.0,0.0,0.256232,-0.46518400000000004,ARE,UZB,6589
1542045,15,232,1078,2012.0,32028.0,1616.0,1.710955,-0.8860399999999999,AUT,UZB,6589
1542046,43,232,1078,2012.0,370505.0,0.0,1.2170590000000001,0.584412,CHN,UZB,6589
1542047,59,232,1078,2012.0,9505.0,0.0,1.7368299999999999,-0.651329,CZE,UZB,6589
1542048,61,232,1078,2012.0,141581.0,0.0,1.977443,-3.692254,DEU,UZB,6589
1542049,64,232,1078,2012.0,1273.0,0.0,1.159478,1.053761,DNK,UZB,6589
1542050,71,232,1078,2012.0,5555.0,0.0,0.925701,1.8700189999999999,ESP,UZB,6589
1542051,104,232,1078,2012.0,30004.0,0.0,0.24883200000000003,2.463711,IND,UZB,6589
1542052,110,232,1078,2012.0,1000.0,0.0,1.125254,0.736004,ISR,UZB,6589
1542053,111,232,1078,2012.0,5081.0,7128.0,1.396626,-0.43950500000000003,ITA,UZB,6589
1542054,115,232,1078,2012.0,0.0,4500.0,-0.447428,-0.42193,KAZ,UZB,6589
1542055,117,232,1078,2012.0,2020.0,0.0,0.044116,0.678193,KGZ,UZB,6589
1542056,121,232,1078,2012.0,12856.0,0.0,1.839479,0.8272799999999999,KOR,UZB,6589
1542057,130,232,1078,2012.0,9054.0,0.0,0.739945,1.217062,LTU,UZB,6589
1542058,132,232,1078,2012.0,4699.0,17340.0,0.704565,1.000552,LVA,UZB,6589
1542059,186,232,1078,2012.0,69790.0,151138.0,-0.123649,-0.218926,RUS,UZB,6589
1542060,208,232,1078,2012.0,84507.0,0.0,1.721268,0.15675,SWE,UZB,6589
1542061,224,232,1078,2012.0,252338.0,1311.0,0.657573,1.969027,TUR,UZB,6589
1542062,228,232,1078,2012.0,0.0,14238.0,0.533547,1.159378,UKR,UZB,6589
1542063,231,232,1078,2012.0,3690.0,7233.0,1.51134,-0.637794,USA,UZB,6589
1542064,14,240,1078,2012.0,20373.0,0.0,-0.537197,-0.22305300000000003,AUS,VUT,6589
1542065,43,240,1078,2012.0,50721.0,0.0,1.2170590000000001,0.584412,CHN,VUT,6589
1542066,75,240,1078,2012.0,3102.0,0.0,-0.332623,0.020258,FJI,VUT,6589
1542067,77,240,1078,2012.0,1253.0,0.0,1.414721,0.07219600000000001,FRA,VUT,6589
1542068,97,240,1078,2012.0,1573.0,0.0,0.788308,1.029625,HKG,VUT,6589
1542069,103,240,1078,2012.0,3716.0,0.0,0.045694,1.635448,IDN,VUT,6589
1542070,104,240,1078,2012.0,25016.0,0.0,0.24883200000000003,2.463711,IND,VUT,6589
1542071,156,240,1078,2012.0,2422.0,0.0,-0.650737,-0.897949,NCL,VUT,6589
1542072,166,240,1078,2012.0,22656.0,0.0,0.21502399999999997,0.746456,NZL,VUT,6589
1542073,192,240,1078,2012.0,5093.0,0.0,1.762134,0.583393,SGP,VUT,6589
1542074,249,240,1078,2012.0,1501.0,0.0,1.671686,0.9854729999999999,TWN,VUT,6589
1542075,25,30,1078,2012.0,0.0,7716.0,0.37130799999999997,-0.526134,BHS,BMU,6589
1542076,39,30,1078,2012.0,10199.0,0.0,0.630575,1.28653,CAN,BMU,6589
1542077,43,30,1078,2012.0,11031.0,0.0,1.2170590000000001,0.584412,CHN,BMU,6589
1542078,61,30,1078,2012.0,1283.0,0.0,1.977443,-3.692254,DEU,BMU,6589
1542079,81,30,1078,2012.0,10664.0,4044.0,1.544653,0.776512,GBR,BMU,6589
1542080,97,30,1078,2012.0,1882.0,0.0,0.788308,1.029625,HKG,BMU,6589
1542081,104,30,1078,2012.0,16736.0,0.0,0.24883200000000003,2.463711,IND,BMU,6589
1542082,111,30,1078,2012.0,2144.0,0.0,1.396626,-0.43950500000000003,ITA,BMU,6589
1542083,138,30,1078,2012.0,3493.0,0.0,1.166986,0.662798,MEX,BMU,6589
1542084,162,30,1078,2012.0,6146.0,0.0,0.961975,1.517883,NLD,BMU,6589
1542085,168,30,1078,2012.0,1269.0,0.0,-0.600346,0.474208,PAK,BMU,6589
1542086,208,30,1078,2012.0,4453.0,0.0,1.721268,0.15675,SWE,BMU,6589
1542087,216,30,1078,2012.0,1643.0,0.0,1.015684,1.20697,THA,BMU,6589
1542088,224,30,1078,2012.0,20740.0,0.0,0.657573,1.969027,TUR,BMU,6589
1542089,231,30,1078,2012.0,321963.0,0.0,1.51134,-0.637794,USA,BMU,6589
1542090,33,91,1078,2012.0,1039.0,0.0,0.653472,0.43920600000000004,BRB,GRD,6589
1542091,43,91,1078,2012.0,54298.0,0.0,1.2170590000000001,0.584412,CHN,GRD,6589
1542092,81,91,1078,2012.0,2696.0,0.0,1.544653,0.776512,GBR,GRD,6589
1542093,97,91,1078,2012.0,1294.0,0.0,0.788308,1.029625,HKG,GRD,6589
1542094,104,91,1078,2012.0,1382.0,0.0,0.24883200000000003,2.463711,IND,GRD,6589
1542095,169,91,1078,2012.0,5283.0,0.0,1.001878,1.18554,PAN,GRD,6589
1542096,222,91,1078,2012.0,51987.0,0.0,-0.257402,-0.9802709999999999,TTO,GRD,6589
1542097,231,91,1078,2012.0,23869.0,0.0,1.51134,-0.637794,USA,GRD,6589
1542098,18,92,1078,2012.0,3522.0,0.0,1.06425,1.369205,BEL,GRL,6589
1542099,39,92,1078,2012.0,2305.0,0.0,0.630575,1.28653,CAN,GRL,6589
1542100,61,92,1078,2012.0,2328.0,0.0,1.977443,-3.692254,DEU,GRL,6589
1542101,64,92,1078,2012.0,733480.0,1676.0,1.159478,1.053761,DNK,GRL,6589
1542102,77,92,1078,2012.0,4797.0,0.0,1.414721,0.07219600000000001,FRA,GRL,6589
1542103,81,92,1078,2012.0,23488.0,0.0,1.544653,0.776512,GBR,GRL,6589
1542104,104,92,1078,2012.0,4651.0,0.0,0.24883200000000003,2.463711,IND,GRL,6589
1542105,111,92,1078,2012.0,2469.0,0.0,1.396626,-0.43950500000000003,ITA,GRL,6589
1542106,163,92,1078,2012.0,7333.0,0.0,0.5462670000000001,-0.042712,NOR,GRL,6589
1542107,168,92,1078,2012.0,46078.0,0.0,-0.600346,0.474208,PAK,GRL,6589
1542108,208,92,1078,2012.0,11350.0,0.0,1.721268,0.15675,SWE,GRL,6589
1542109,231,92,1078,2012.0,5717.0,0.0,1.51134,-0.637794,USA,GRL,6589
1542110,14,242,1078,2012.0,11360.0,0.0,-0.537197,-0.22305300000000003,AUS,WSM,6589
1542111,43,242,1078,2012.0,97344.0,0.0,1.2170590000000001,0.584412,CHN,WSM,6589
1542112,49,242,1078,2012.0,0.0,1383.0,0.034488,-0.340545,COL,WSM,6589
1542113,75,242,1078,2012.0,10060.0,0.0,-0.332623,0.020258,FJI,WSM,6589
1542114,97,242,1078,2012.0,7008.0,0.0,0.788308,1.029625,HKG,WSM,6589
1542115,114,242,1078,2012.0,2647.0,0.0,2.325746,-0.8705649999999999,JPN,WSM,6589
1542116,153,242,1078,2012.0,3704.0,0.0,0.93739,0.726329,MYS,WSM,6589
1542117,156,242,1078,2012.0,0.0,1765.0,-0.650737,-0.897949,NCL,WSM,6589
1542118,166,242,1078,2012.0,67514.0,0.0,0.21502399999999997,0.746456,NZL,WSM,6589
1542119,231,242,1078,2012.0,9245.0,0.0,1.51134,-0.637794,USA,WSM,6589
1542120,236,242,1078,2012.0,0.0,1645.0,-1.6796689999999999,-1.168002,VEN,WSM,6589
1542121,14,221,1078,2012.0,2903.0,0.0,-0.537197,-0.22305300000000003,AUS,TON,6589
1542122,43,221,1078,2012.0,114559.0,0.0,1.2170590000000001,0.584412,CHN,TON,6589
1542123,75,221,1078,2012.0,32161.0,0.0,-0.332623,0.020258,FJI,TON,6589
1542124,103,221,1078,2012.0,1541.0,0.0,0.045694,1.635448,IDN,TON,6589
1542125,104,221,1078,2012.0,1721.0,0.0,0.24883200000000003,2.463711,IND,TON,6589
1542126,114,221,1078,2012.0,1656.0,0.0,2.325746,-0.8705649999999999,JPN,TON,6589
1542127,166,221,1078,2012.0,38860.0,0.0,0.21502399999999997,0.746456,NZL,TON,6589
1542128,216,221,1078,2012.0,9944.0,0.0,1.015684,1.20697,THA,TON,6589
1542129,231,221,1078,2012.0,3538.0,0.0,1.51134,-0.637794,USA,TON,6589
1542130,18,5,1078,2012.0,3466.0,0.0,1.06425,1.369205,BEL,AND,6589
1542131,43,5,1078,2012.0,11873.0,0.0,1.2170590000000001,0.584412,CHN,AND,6589
1542132,61,5,1078,2012.0,19011.0,0.0,1.977443,-3.692254,DEU,AND,6589
1542133,71,5,1078,2012.0,1162790.0,20269.0,0.925701,1.8700189999999999,ESP,AND,6589
1542134,77,5,1078,2012.0,127049.0,0.0,1.414721,0.07219600000000001,FRA,AND,6589
1542135,81,5,1078,2012.0,33288.0,0.0,1.544653,0.776512,GBR,AND,6589
1542136,111,5,1078,2012.0,29243.0,0.0,1.396626,-0.43950500000000003,ITA,AND,6589
1542137,162,5,1078,2012.0,8134.0,0.0,0.961975,1.517883,NLD,AND,6589
1542138,179,5,1078,2012.0,1126.0,0.0,0.697799,2.122262,PRT,AND,6589
1542139,231,5,1078,2012.0,3767.0,0.0,1.51134,-0.637794,USA,AND,6589
1542140,14,10,1078,2012.0,7372.0,1329.0,-0.537197,-0.22305300000000003,AUS,ASM,6589
1542141,75,10,1078,2012.0,19041.0,0.0,-0.332623,0.020258,FJI,ASM,6589
1542142,114,10,1078,2012.0,17251.0,0.0,2.325746,-0.8705649999999999,JPN,ASM,6589
1542143,166,10,1078,2012.0,5439.0,0.0,0.21502399999999997,0.746456,NZL,ASM,6589
1542144,21,11,1078,2012.0,0.0,742660.0,-0.624286,-0.689179,BFA,ATA,6589
1542145,249,11,1078,2012.0,16154.0,0.0,1.671686,0.9854729999999999,TWN,ATA,6589
1542146,14,40,1078,2012.0,4521.0,0.0,-0.537197,-0.22305300000000003,AUS,CCK,6589
1542147,43,48,1078,2012.0,14364.0,0.0,1.2170590000000001,0.584412,CHN,COK,6589
1542148,75,48,1078,2012.0,3762.0,0.0,-0.332623,0.020258,FJI,COK,6589
1542149,166,48,1078,2012.0,55747.0,0.0,0.21502399999999997,0.746456,NZL,COK,6589
1542150,14,56,1078,2012.0,32351.0,0.0,-0.537197,-0.22305300000000003,AUS,CXR,6589
1542151,97,79,1078,2012.0,10797.0,0.0,0.788308,1.029625,HKG,FSM,6589
1542152,114,79,1078,2012.0,3713.0,0.0,2.325746,-0.8705649999999999,JPN,FSM,6589
1542153,146,79,1078,2012.0,8138.0,0.0,0.768931,0.043122,MNP,FSM,6589
1542154,174,79,1078,2012.0,2610.0,0.0,0.44656,0.55585,PHL,FSM,6589
1542155,192,79,1078,2012.0,1970.0,0.0,1.762134,0.583393,SGP,FSM,6589
1542156,231,79,1078,2012.0,15992.0,0.0,1.51134,-0.637794,USA,FSM,6589
1542157,14,119,1078,2012.0,21984.0,0.0,-0.537197,-0.22305300000000003,AUS,KIR,6589
1542158,43,119,1078,2012.0,116005.0,0.0,1.2170590000000001,0.584412,CHN,KIR,6589
1542159,75,119,1078,2012.0,13992.0,0.0,-0.332623,0.020258,FJI,KIR,6589
1542160,104,119,1078,2012.0,5219.0,0.0,0.24883200000000003,2.463711,IND,KIR,6589
1542161,114,119,1078,2012.0,9952.0,0.0,2.325746,-0.8705649999999999,JPN,KIR,6589
1542162,166,119,1078,2012.0,9368.0,0.0,0.21502399999999997,0.746456,NZL,KIR,6589
1542163,216,119,1078,2012.0,1499.0,0.0,1.015684,1.20697,THA,KIR,6589
1542164,249,119,1078,2012.0,1341.0,0.0,1.671686,0.9854729999999999,TWN,KIR,6589
1542165,79,146,1078,2012.0,0.0,8138.0,-0.801932,-0.943779,FSM,MNP,6589
1542166,14,158,1078,2012.0,11385.0,0.0,-0.537197,-0.22305300000000003,AUS,NFK,6589
1542167,166,158,1078,2012.0,2334.0,0.0,0.21502399999999997,0.746456,NZL,NFK,6589
1542168,166,161,1078,2012.0,6323.0,0.0,0.21502399999999997,0.746456,NZL,NIU,6589
1542169,14,175,1078,2012.0,2745.0,0.0,-0.537197,-0.22305300000000003,AUS,PLW,6589
1542170,43,175,1078,2012.0,1470.0,0.0,1.2170590000000001,0.584412,CHN,PLW,6589
1542171,95,175,1078,2012.0,1843.0,0.0,0.295043,-0.240517,GUM,PLW,6589
1542172,114,175,1078,2012.0,4176.0,0.0,2.325746,-0.8705649999999999,JPN,PLW,6589
1542173,121,175,1078,2012.0,2420.0,0.0,1.839479,0.8272799999999999,KOR,PLW,6589
1542174,174,175,1078,2012.0,4588.0,0.0,0.44656,0.55585,PHL,PLW,6589
1542175,231,175,1078,2012.0,13608.0,0.0,1.51134,-0.637794,USA,PLW,6589
1542176,249,175,1078,2012.0,30166.0,0.0,1.671686,0.9854729999999999,TWN,PLW,6589
1542177,81,194,1078,2012.0,42287.0,0.0,1.544653,0.776512,GBR,SHN,6589
1542178,207,194,1078,2012.0,0.0,2811.0,1.4933049999999999,0.58207,SVN,SHN,6589
1542179,246,194,1078,2012.0,4998.0,0.0,0.06510099999999999,1.748521,ZAF,SHN,6589
1542180,14,195,1078,2012.0,64839.0,7031.0,-0.537197,-0.22305300000000003,AUS,SLB,6589
1542181,43,195,1078,2012.0,20088.0,0.0,1.2170590000000001,0.584412,CHN,SLB,6589
1542182,64,195,1078,2012.0,54113.0,0.0,1.159478,1.053761,DNK,SLB,6589
1542183,97,195,1078,2012.0,1002.0,0.0,0.788308,1.029625,HKG,SLB,6589
1542184,104,195,1078,2012.0,33211.0,0.0,0.24883200000000003,2.463711,IND,SLB,6589
1542185,114,195,1078,2012.0,3359.0,0.0,2.325746,-0.8705649999999999,JPN,SLB,6589
1542186,121,195,1078,2012.0,14619.0,0.0,1.839479,0.8272799999999999,KOR,SLB,6589
1542187,166,195,1078,2012.0,157319.0,0.0,0.21502399999999997,0.746456,NZL,SLB,6589
1542188,176,195,1078,2012.0,34143.0,0.0,-1.0462200000000001,-1.022037,PNG,SLB,6589
1542189,192,195,1078,2012.0,49408.0,0.0,1.762134,0.583393,SGP,SLB,6589
1542190,39,200,1078,2012.0,60127.0,0.0,0.630575,1.28653,CAN,SPM,6589
1542191,77,200,1078,2012.0,14316.0,0.0,1.414721,0.07219600000000001,FRA,SPM,6589
1542192,43,202,1078,2012.0,56444.0,0.0,1.2170590000000001,0.584412,CHN,SSD,6589
1542193,114,202,1078,2012.0,5625.0,0.0,2.325746,-0.8705649999999999,JPN,SSD,6589
1542194,168,202,1078,2012.0,281885.0,0.0,-0.600346,0.474208,PAK,SSD,6589
1542195,227,202,1078,2012.0,5757.0,0.0,-0.492733,0.4513,UGA,SSD,6589
1542196,231,202,1078,2012.0,7750.0,0.0,1.51134,-0.637794,USA,SSD,6589
1542197,43,225,1078,2012.0,32561.0,0.0,1.2170590000000001,0.584412,CHN,TUV,6589
1542198,75,225,1078,2012.0,1314.0,0.0,-0.332623,0.020258,FJI,TUV,6589
1542199,153,225,1078,2012.0,3845.0,0.0,0.93739,0.726329,MYS,TUV,6589
1542200,61,12,1078,2012.0,1031.0,0.0,1.977443,-3.692254,DEU,ATF,6589
1542201,192,105,1078,2012.0,16180.0,0.0,1.762134,0.583393,SGP,IOT,6589
1542202,231,105,1078,2012.0,4200.0,0.0,1.51134,-0.637794,USA,IOT,6589
1542203,39,213,1078,2012.0,2526.0,1134.0,0.630575,1.28653,CAN,TCA,6589
1542204,81,213,1078,2012.0,27987.0,0.0,1.544653,0.776512,GBR,TCA,6589
1542205,112,213,1078,2012.0,4298.0,0.0,-0.307289,-0.738736,JAM,TCA,6589
1542206,138,213,1078,2012.0,4591.0,0.0,1.166986,0.662798,MEX,TCA,6589
1542207,228,213,1078,2012.0,3517.0,0.0,0.533547,1.159378,UKR,TCA,6589
1542208,231,213,1078,2012.0,213267.0,0.0,1.51134,-0.637794,USA,TCA,6589
1542209,250,213,1078,2012.0,38768.0,0.0,0.34242399999999995,-0.007095999999999999,ANS,TCA,6589
1542210,190,233,1078,2012.0,0.0,72003.0,-1.2913139999999999,-1.144454,SDN,VAT,6589
1542211,231,233,1078,2012.0,3867.0,0.0,1.51134,-0.637794,USA,VAT,6589
1542212,81,76,1078,2012.0,23901.0,0.0,1.544653,0.776512,GBR,FLK,6589
1542213,162,76,1078,2012.0,0.0,3102.0,0.961975,1.517883,NLD,FLK,6589
1542214,166,76,1078,2012.0,2435.0,0.0,0.21502399999999997,0.746456,NZL,FLK,6589
1542215,231,210,1078,2012.0,216751.0,0.0,1.51134,-0.637794,USA,SXM,6589
1542216,159,36,1078,2012.0,0.0,3295.0,-1.616498,-1.174816,NGA,BVT,6589
1542217,177,36,1078,2012.0,3395.0,0.0,1.039598,1.145227,POL,BVT,6589
1542218,1,7,1079,2012.0,0.0,2816.0,-0.666296,-0.7860689999999999,AFG,ARE,6591
1542219,43,7,1079,2012.0,13065.0,0.0,1.2170590000000001,0.584412,CHN,ARE,6591
1542220,45,7,1079,2012.0,0.0,3916.0,-1.018794,-1.013026,CMR,ARE,6591
1542221,61,7,1079,2012.0,95535.0,0.0,1.977443,-3.692254,DEU,ARE,6591
1542222,77,7,1079,2012.0,28748.0,0.0,1.414721,0.07219600000000001,FRA,ARE,6591
1542223,81,7,1079,2012.0,6244.0,0.0,1.544653,0.776512,GBR,ARE,6591
1542224,83,7,1079,2012.0,0.0,3412.0,-1.0541049999999998,-0.7275590000000001,GHA,ARE,6591
1542225,108,7,1079,2012.0,0.0,21765.0,-3.076964,-0.852475,IRQ,ARE,6591
1542226,111,7,1079,2012.0,50367.0,0.0,1.396626,-0.43950500000000003,ITA,ARE,6591
1542227,115,7,1079,2012.0,0.0,9323.0,-0.447428,-0.42193,KAZ,ARE,6591
1542228,137,7,1079,2012.0,0.0,7876.0,-0.12348699999999999,-0.7748430000000001,MDV,ARE,6591
1542229,141,7,1079,2012.0,0.0,9778.0,-0.675086,-0.8228139999999999,MLI,ARE,6591
1542230,162,7,1079,2012.0,361922.0,0.0,0.961975,1.517883,NLD,ARE,6591
1542231,167,7,1079,2012.0,0.0,8954.0,-0.782802,-1.065774,OMN,ARE,6591
1542232,188,7,1079,2012.0,1379.0,0.0,-0.621115,-0.975865,SAU,ARE,6591
1542233,226,7,1079,2012.0,0.0,12529.0,-0.490001,1.149681,TZA,ARE,6591
1542234,243,7,1079,2012.0,0.0,24944.0,-1.180884,-1.22621,YEM,ARE,6591
1542235,247,7,1079,2012.0,0.0,10893.0,-0.356518,-0.71057,ZMB,ARE,6591
1542236,61,8,1079,2012.0,10254.0,0.0,1.977443,-3.692254,DEU,ARG,6591
1542237,77,8,1079,2012.0,17622.0,0.0,1.414721,0.07219600000000001,FRA,ARG,6591
1542238,111,8,1079,2012.0,58722.0,0.0,1.396626,-0.43950500000000003,ITA,ARG,6591
1542239,162,8,1079,2012.0,25935.0,0.0,0.961975,1.517883,NLD,ARG,6591
1542240,230,8,1079,2012.0,0.0,1350.0,0.013581000000000001,0.047302,URY,ARG,6591
1542241,18,15,1079,2012.0,279396.0,0.0,1.06425,1.369205,BEL,AUT,6591
1542242,23,15,1079,2012.0,0.0,10431.0,0.601161,1.594487,BGR,AUT,6591
1542243,41,15,1079,2012.0,0.0,131275.0,2.0265150000000003,0.6496689999999999,CHE,AUT,6591
1542244,59,15,1079,2012.0,0.0,30127.0,1.7368299999999999,-0.651329,CZE,AUT,6591
1542245,61,15,1079,2012.0,3587366.0,588281.0,1.977443,-3.692254,DEU,AUT,6591
1542246,64,15,1079,2012.0,0.0,43219.0,1.159478,1.053761,DNK,AUT,6591
1542247,77,15,1079,2012.0,639368.0,0.0,1.414721,0.07219600000000001,FRA,AUT,6591
1542248,81,15,1079,2012.0,16151.0,0.0,1.544653,0.776512,GBR,AUT,6591
1542249,100,15,1079,2012.0,0.0,7898.0,0.881764,1.149456,HRV,AUT,6591
1542250,102,15,1079,2012.0,13757.0,1075.0,1.61049,0.44614799999999993,HUN,AUT,6591
1542251,107,15,1079,2012.0,0.0,3415.0,-1.06794,-0.993099,IRN,AUT,6591
1542252,111,15,1079,2012.0,131475.0,44893.0,1.396626,-0.43950500000000003,ITA,AUT,6591
1542253,121,15,1079,2012.0,0.0,3580.0,1.839479,0.8272799999999999,KOR,AUT,6591
1542254,131,15,1079,2012.0,0.0,2617.0,1.0163739999999999,1.178021,LUX,AUT,6591
1542255,132,15,1079,2012.0,4866.0,53651.0,0.704565,1.000552,LVA,AUT,6591
1542256,162,15,1079,2012.0,3828698.0,0.0,0.961975,1.517883,NLD,AUT,6591
1542257,179,15,1079,2012.0,0.0,8227.0,0.697799,2.122262,PRT,AUT,6591
1542258,185,15,1079,2012.0,0.0,60310.0,0.952936,1.227809,ROU,AUT,6591
1542259,192,15,1079,2012.0,0.0,12554.0,1.762134,0.583393,SGP,AUT,6591
1542260,206,15,1079,2012.0,0.0,2953.0,1.3586200000000002,0.805751,SVK,AUT,6591
1542261,207,15,1079,2012.0,0.0,132409.0,1.4933049999999999,0.58207,SVN,AUT,6591
1542262,224,15,1079,2012.0,0.0,18227.0,0.657573,1.969027,TUR,AUT,6591
1542263,249,15,1079,2012.0,10473.0,0.0,1.671686,0.9854729999999999,TWN,AUT,6591
1542264,14,18,1079,2012.0,0.0,87935.0,-0.537197,-0.22305300000000003,AUS,BEL,6591
1542265,15,18,1079,2012.0,0.0,279396.0,1.710955,-0.8860399999999999,AUT,BEL,6591
1542266,23,18,1079,2012.0,0.0,45399.0,0.601161,1.594487,BGR,BEL,6591
1542267,24,18,1079,2012.0,0.0,9831.0,-0.01785,-0.780651,BHR,BEL,6591
1542268,39,18,1079,2012.0,0.0,60174.0,0.630575,1.28653,CAN,BEL,6591
1542269,41,18,1079,2012.0,0.0,14382.0,2.0265150000000003,0.6496689999999999,CHE,BEL,6591
1542270,43,18,1079,2012.0,1268.0,0.0,1.2170590000000001,0.584412,CHN,BEL,6591
1542271,45,18,1079,2012.0,0.0,26816.0,-1.018794,-1.013026,CMR,BEL,6591
1542272,52,18,1079,2012.0,0.0,13786.0,0.24381799999999998,-0.560793,CRI,BEL,6591
1542273,59,18,1079,2012.0,9631.0,628635.0,1.7368299999999999,-0.651329,CZE,BEL,6591
1542274,61,18,1079,2012.0,2268715.0,5407718.0,1.977443,-3.692254,DEU,BEL,6591
1542275,64,18,1079,2012.0,0.0,29672.0,1.159478,1.053761,DNK,BEL,6591
1542276,71,18,1079,2012.0,0.0,6076.0,0.925701,1.8700189999999999,ESP,BEL,6591
1542277,74,18,1079,2012.0,0.0,87179.0,1.5813700000000002,0.872251,FIN,BEL,6591
1542278,77,18,1079,2012.0,699086.0,147399.0,1.414721,0.07219600000000001,FRA,BEL,6591
1542279,81,18,1079,2012.0,6964.0,821240.0,1.544653,0.776512,GBR,BEL,6591
1542280,89,18,1079,2012.0,0.0,4283.0,-1.3664319999999999,-0.834513,GNQ,BEL,6591
1542281,97,18,1079,2012.0,0.0,2028.0,0.788308,1.029625,HKG,BEL,6591
1542282,100,18,1079,2012.0,0.0,5338.0,0.881764,1.149456,HRV,BEL,6591
1542283,102,18,1079,2012.0,0.0,1892.0,1.61049,0.44614799999999993,HUN,BEL,6591
1542284,106,18,1079,2012.0,0.0,178387.0,1.1761549999999998,0.279569,IRL,BEL,6591
1542285,110,18,1079,2012.0,0.0,2856.0,1.125254,0.736004,ISR,BEL,6591
1542286,111,18,1079,2012.0,315050.0,44395.0,1.396626,-0.43950500000000003,ITA,BEL,6591
1542287,113,18,1079,2012.0,0.0,1677.0,0.29205,0.638942,JOR,BEL,6591
1542288,115,18,1079,2012.0,0.0,4876.0,-0.447428,-0.42193,KAZ,BEL,6591
1542289,121,18,1079,2012.0,0.0,23982.0,1.839479,0.8272799999999999,KOR,BEL,6591
1542290,130,18,1079,2012.0,0.0,26293.0,0.739945,1.217062,LTU,BEL,6591
1542291,131,18,1079,2012.0,3206.0,28576.0,1.0163739999999999,1.178021,LUX,BEL,6591
1542292,132,18,1079,2012.0,0.0,2156.0,0.704565,1.000552,LVA,BEL,6591
1542293,134,18,1079,2012.0,0.0,28986.0,-0.330598,0.037439,MAR,BEL,6591
1542294,137,18,1079,2012.0,0.0,7065.0,-0.12348699999999999,-0.7748430000000001,MDV,BEL,6591
1542295,140,18,1079,2012.0,0.0,8158.0,-0.08785599999999999,0.153128,MKD,BEL,6591
1542296,141,18,1079,2012.0,0.0,14104.0,-0.675086,-0.8228139999999999,MLI,BEL,6591
1542297,159,18,1079,2012.0,0.0,17708.0,-1.616498,-1.174816,NGA,BEL,6591
1542298,162,18,1079,2012.0,125731.0,122135.0,0.961975,1.517883,NLD,BEL,6591
1542299,163,18,1079,2012.0,0.0,150551.0,0.5462670000000001,-0.042712,NOR,BEL,6591
1542300,177,18,1079,2012.0,0.0,3550.0,1.039598,1.145227,POL,BEL,6591
1542301,179,18,1079,2012.0,0.0,28544.0,0.697799,2.122262,PRT,BEL,6591
1542302,182,18,1079,2012.0,0.0,8576.0,0.035705,-0.696042,PYF,BEL,6591
1542303,185,18,1079,2012.0,0.0,144439.0,0.952936,1.227809,ROU,BEL,6591
1542304,186,18,1079,2012.0,49718.0,596603.0,-0.123649,-0.218926,RUS,BEL,6591
1542305,188,18,1079,2012.0,0.0,60698.0,-0.621115,-0.975865,SAU,BEL,6591
1542306,192,18,1079,2012.0,0.0,1452.0,1.762134,0.583393,SGP,BEL,6591
1542307,201,18,1079,2012.0,0.0,2259.0,0.696674,1.544065,SRB,BEL,6591
1542308,207,18,1079,2012.0,0.0,3948.0,1.4933049999999999,0.58207,SVN,BEL,6591
1542309,208,18,1079,2012.0,0.0,29165.0,1.721268,0.15675,SWE,BEL,6591
1542310,223,18,1079,2012.0,0.0,3646.0,0.509432,0.8157810000000001,TUN,BEL,6591
1542311,224,18,1079,2012.0,0.0,76201.0,0.657573,1.969027,TUR,BEL,6591
1542312,228,18,1079,2012.0,0.0,948996.0,0.533547,1.159378,UKR,BEL,6591
1542313,231,18,1079,2012.0,0.0,73255.0,1.51134,-0.637794,USA,BEL,6591
1542314,232,18,1079,2012.0,0.0,15315.0,-0.426961,-0.539122,UZB,BEL,6591
1542315,243,18,1079,2012.0,0.0,310267.0,-1.180884,-1.22621,YEM,BEL,6591
1542316,169,25,1079,2012.0,3466.0,0.0,1.001878,1.18554,PAN,BHS,6591
1542317,231,25,1079,2012.0,4257.0,0.0,1.51134,-0.637794,USA,BHS,6591
1542318,14,32,1079,2012.0,5965.0,0.0,-0.537197,-0.22305300000000003,AUS,BRA,6591
1542319,61,32,1079,2012.0,100046.0,0.0,1.977443,-3.692254,DEU,BRA,6591
1542320,111,32,1079,2012.0,2363.0,0.0,1.396626,-0.43950500000000003,ITA,BRA,6591
1542321,113,32,1079,2012.0,0.0,11627.0,0.29205,0.638942,JOR,BRA,6591
1542322,138,32,1079,2012.0,0.0,1462.0,1.166986,0.662798,MEX,BRA,6591
1542323,162,32,1079,2012.0,279165.0,0.0,0.961975,1.517883,NLD,BRA,6591
1542324,163,32,1079,2012.0,15433.0,0.0,0.5462670000000001,-0.042712,NOR,BRA,6591
1542325,231,32,1079,2012.0,6020.0,0.0,1.51134,-0.637794,USA,BRA,6591
1542326,231,33,1079,2012.0,21464.0,0.0,1.51134,-0.637794,USA,BRB,6591
1542327,14,39,1079,2012.0,0.0,2421.0,-0.537197,-0.22305300000000003,AUS,CAN,6591
1542328,18,39,1079,2012.0,60174.0,0.0,1.06425,1.369205,BEL,CAN,6591
1542329,41,39,1079,2012.0,0.0,7399.0,2.0265150000000003,0.6496689999999999,CHE,CAN,6591
1542330,43,39,1079,2012.0,128854.0,0.0,1.2170590000000001,0.584412,CHN,CAN,6591
1542331,54,39,1079,2012.0,0.0,6759.0,0.081568,-0.690941,CUB,CAN,6591
1542332,61,39,1079,2012.0,694518.0,0.0,1.977443,-3.692254,DEU,CAN,6591
1542333,77,39,1079,2012.0,23917.0,0.0,1.414721,0.07219600000000001,FRA,CAN,6591
1542334,81,39,1079,2012.0,671026.0,224668.0,1.544653,0.776512,GBR,CAN,6591
1542335,97,39,1079,2012.0,0.0,348563.0,0.788308,1.029625,HKG,CAN,6591
1542336,106,39,1079,2012.0,0.0,458866.0,1.1761549999999998,0.279569,IRL,CAN,6591
1542337,111,39,1079,2012.0,63047.0,0.0,1.396626,-0.43950500000000003,ITA,CAN,6591
1542338,121,39,1079,2012.0,105066.0,0.0,1.839479,0.8272799999999999,KOR,CAN,6591
1542339,124,39,1079,2012.0,0.0,29948.0,0.36778099999999997,1.3771010000000001,LBN,CAN,6591
1542340,162,39,1079,2012.0,11134547.0,364771.0,0.961975,1.517883,NLD,CAN,6591
1542341,188,39,1079,2012.0,72265.0,0.0,-0.621115,-0.975865,SAU,CAN,6591
1542342,208,39,1079,2012.0,6677.0,0.0,1.721268,0.15675,SWE,CAN,6591
1542343,224,39,1079,2012.0,0.0,26930.0,0.657573,1.969027,TUR,CAN,6591
1542344,231,39,1079,2012.0,7986959.0,788826.0,1.51134,-0.637794,USA,CAN,6591
1542345,249,39,1079,2012.0,3460.0,0.0,1.671686,0.9854729999999999,TWN,CAN,6591
1542346,15,41,1079,2012.0,131275.0,0.0,1.710955,-0.8860399999999999,AUT,CHE,6591
1542347,18,41,1079,2012.0,14382.0,0.0,1.06425,1.369205,BEL,CHE,6591
1542348,39,41,1079,2012.0,7399.0,0.0,0.630575,1.28653,CAN,CHE,6591
1542349,61,41,1079,2012.0,2470834.0,15247.0,1.977443,-3.692254,DEU,CHE,6591
1542350,64,41,1079,2012.0,2134.0,0.0,1.159478,1.053761,DNK,CHE,6591
1542351,77,41,1079,2012.0,209850.0,8819.0,1.414721,0.07219600000000001,FRA,CHE,6591
1542352,81,41,1079,2012.0,4148.0,0.0,1.544653,0.776512,GBR,CHE,6591
1542353,111,41,1079,2012.0,683756.0,63091.0,1.396626,-0.43950500000000003,ITA,CHE,6591
1542354,127,41,1079,2012.0,0.0,22552.0,0.714758,-0.034339,LCA,CHE,6591
1542355,144,41,1079,2012.0,0.0,1200.0,0.028479,-0.045841,MNE,CHE,6591
1542356,162,41,1079,2012.0,6839919.0,22251.0,0.961975,1.517883,NLD,CHE,6591
1542357,207,41,1079,2012.0,0.0,6079.0,1.4933049999999999,0.58207,SVN,CHE,6591
1542358,208,41,1079,2012.0,13221.0,0.0,1.721268,0.15675,SWE,CHE,6591
1542359,31,42,1079,2012.0,0.0,10520.0,-0.698325,-0.728248,BOL,CHL,6591
1542360,43,42,1079,2012.0,56212.0,0.0,1.2170590000000001,0.584412,CHN,CHL,6591
1542361,61,42,1079,2012.0,233845.0,0.0,1.977443,-3.692254,DEU,CHL,6591
1542362,77,42,1079,2012.0,30180.0,0.0,1.414721,0.07219600000000001,FRA,CHL,6591
1542363,111,42,1079,2012.0,62961.0,0.0,1.396626,-0.43950500000000003,ITA,CHL,6591
1542364,162,42,1079,2012.0,129753.0,0.0,0.961975,1.517883,NLD,CHL,6591
1542365,180,42,1079,2012.0,0.0,3342.0,-0.49996,-0.6966399999999999,PRY,CHL,6591
1542366,231,42,1079,2012.0,3210.0,0.0,1.51134,-0.637794,USA,CHL,6591
1542367,2,43,1079,2012.0,0.0,15348.0,-1.610059,-1.1253739999999999,AGO,CHN,6591
1542368,7,43,1079,2012.0,0.0,13065.0,0.256232,-0.46518400000000004,ARE,CHN,6591
1542369,9,43,1079,2012.0,0.0,18970.0,0.45677399999999996,-0.001422,ARM,CHN,6591
1542370,14,43,1079,2012.0,0.0,136786.0,-0.537197,-0.22305300000000003,AUS,CHN,6591
1542371,18,43,1079,2012.0,0.0,1268.0,1.06425,1.369205,BEL,CHN,6591
1542372,23,43,1079,2012.0,0.0,33302.0,0.601161,1.594487,BGR,CHN,6591
1542373,24,43,1079,2012.0,0.0,2655.0,-0.01785,-0.780651,BHR,CHN,6591
1542374,26,43,1079,2012.0,0.0,13428.0,0.6672520000000001,1.16153,BIH,CHN,6591
1542375,31,43,1079,2012.0,0.0,4288.0,-0.698325,-0.728248,BOL,CHN,6591
1542376,39,43,1079,2012.0,0.0,128854.0,0.630575,1.28653,CAN,CHN,6591
1542377,42,43,1079,2012.0,0.0,56212.0,-0.180309,-0.33571799999999996,CHL,CHN,6591
1542378,44,43,1079,2012.0,0.0,5236.0,-1.014737,-0.8629049999999999,CIV,CHN,6591
1542379,45,43,1079,2012.0,0.0,723043.0,-1.018794,-1.013026,CMR,CHN,6591
1542380,59,43,1079,2012.0,0.0,131610.0,1.7368299999999999,-0.651329,CZE,CHN,6591
1542381,61,43,1079,2012.0,3456784.0,65001.0,1.977443,-3.692254,DEU,CHN,6591
1542382,64,43,1079,2012.0,3485.0,0.0,1.159478,1.053761,DNK,CHN,6591
1542383,65,43,1079,2012.0,0.0,12816.0,-0.08708300000000001,0.389521,DOM,CHN,6591
1542384,66,43,1079,2012.0,0.0,91576.0,-1.745941,-1.149894,DZA,CHN,6591
1542385,68,43,1079,2012.0,0.0,874377.0,-0.145791,1.470876,EGY,CHN,6591
1542386,73,43,1079,2012.0,0.0,2866.0,-0.9118729999999999,-0.8843,ETH,CHN,6591
1542387,75,43,1079,2012.0,0.0,4210.0,-0.332623,0.020258,FJI,CHN,6591
1542388,77,43,1079,2012.0,69103.0,1449.0,1.414721,0.07219600000000001,FRA,CHN,6591
1542389,81,43,1079,2012.0,266525.0,124979.0,1.544653,0.776512,GBR,CHN,6591
1542390,82,43,1079,2012.0,0.0,127020.0,-0.244691,-0.552666,GEO,CHN,6591
1542391,97,43,1079,2012.0,0.0,23854.0,0.788308,1.029625,HKG,CHN,6591
1542392,103,43,1079,2012.0,0.0,76160.0,0.045694,1.635448,IDN,CHN,6591
1542393,104,43,1079,2012.0,0.0,305814.0,0.24883200000000003,2.463711,IND,CHN,6591
1542394,107,43,1079,2012.0,0.0,50513.0,-1.06794,-0.993099,IRN,CHN,6591
1542395,110,43,1079,2012.0,0.0,3387.0,1.125254,0.736004,ISR,CHN,6591
1542396,111,43,1079,2012.0,155793.0,0.0,1.396626,-0.43950500000000003,ITA,CHN,6591
1542397,113,43,1079,2012.0,0.0,65351.0,0.29205,0.638942,JOR,CHN,6591
1542398,114,43,1079,2012.0,0.0,394187.0,2.325746,-0.8705649999999999,JPN,CHN,6591
1542399,115,43,1079,2012.0,0.0,2398058.0,-0.447428,-0.42193,KAZ,CHN,6591
1542400,117,43,1079,2012.0,0.0,4210054.0,0.044116,0.678193,KGZ,CHN,6591
1542401,121,43,1079,2012.0,159977.0,113558.0,1.839479,0.8272799999999999,KOR,CHN,6591
1542402,134,43,1079,2012.0,0.0,2931.0,-0.330598,0.037439,MAR,CHN,6591
1542403,137,43,1079,2012.0,0.0,41948.0,-0.12348699999999999,-0.7748430000000001,MDV,CHN,6591
1542404,138,43,1079,2012.0,0.0,102509.0,1.166986,0.662798,MEX,CHN,6591
1542405,140,43,1079,2012.0,0.0,7873.0,-0.08785599999999999,0.153128,MKD,CHN,6591
1542406,141,43,1079,2012.0,0.0,12670.0,-0.675086,-0.8228139999999999,MLI,CHN,6591
1542407,144,43,1079,2012.0,0.0,4547.0,0.028479,-0.045841,MNE,CHN,6591
1542408,153,43,1079,2012.0,0.0,21466.0,0.93739,0.726329,MYS,CHN,6591
1542409,156,43,1079,2012.0,0.0,2064.0,-0.650737,-0.897949,NCL,CHN,6591
1542410,159,43,1079,2012.0,0.0,10124065.0,-1.616498,-1.174816,NGA,CHN,6591
1542411,160,43,1079,2012.0,0.0,1968.0,-0.6056279999999999,-0.404956,NIC,CHN,6591
1542412,162,43,1079,2012.0,5248066.0,1182.0,0.961975,1.517883,NLD,CHN,6591
1542413,163,43,1079,2012.0,0.0,2958.0,0.5462670000000001,-0.042712,NOR,CHN,6591
1542414,166,43,1079,2012.0,0.0,33021.0,0.21502399999999997,0.746456,NZL,CHN,6591
1542415,168,43,1079,2012.0,0.0,17747.0,-0.600346,0.474208,PAK,CHN,6591
1542416,169,43,1079,2012.0,0.0,29287.0,1.001878,1.18554,PAN,CHN,6591
1542417,174,43,1079,2012.0,0.0,140515.0,0.44656,0.55585,PHL,CHN,6591
1542418,175,43,1079,2012.0,0.0,1747.0,-0.182473,-0.7639090000000001,PLW,CHN,6591
1542419,176,43,1079,2012.0,0.0,6530.0,-1.0462200000000001,-1.022037,PNG,CHN,6591
1542420,185,43,1079,2012.0,0.0,470232.0,0.952936,1.227809,ROU,CHN,6591
1542421,186,43,1079,2012.0,2144.0,34359.0,-0.123649,-0.218926,RUS,CHN,6591
1542422,188,43,1079,2012.0,0.0,1328101.0,-0.621115,-0.975865,SAU,CHN,6591
1542423,192,43,1079,2012.0,0.0,45499.0,1.762134,0.583393,SGP,CHN,6591
1542424,201,43,1079,2012.0,0.0,3027.0,0.696674,1.544065,SRB,CHN,6591
1542425,208,43,1079,2012.0,6498.0,0.0,1.721268,0.15675,SWE,CHN,6591
1542426,216,43,1079,2012.0,0.0,21972.0,1.015684,1.20697,THA,CHN,6591
1542427,217,43,1079,2012.0,0.0,3699801.0,-1.354542,-1.251443,TJK,CHN,6591
1542428,219,43,1079,2012.0,0.0,1119257.0,-1.406457,-1.2194200000000002,TKM,CHN,6591
1542429,224,43,1079,2012.0,251201.0,0.0,0.657573,1.969027,TUR,CHN,6591
1542430,230,43,1079,2012.0,0.0,19660.0,0.013581000000000001,0.047302,URY,CHN,6591
1542431,231,43,1079,2012.0,3310.0,247037.0,1.51134,-0.637794,USA,CHN,6591
1542432,232,43,1079,2012.0,0.0,1456683.0,-0.426961,-0.539122,UZB,CHN,6591
1542433,234,43,1079,2012.0,0.0,4146.0,0.523877,0.065489,VCT,CHN,6591
1542434,239,43,1079,2012.0,0.0,116021.0,0.0755,1.008183,VNM,CHN,6591
1542435,243,43,1079,2012.0,12269.0,466035.0,-1.180884,-1.22621,YEM,CHN,6591
1542436,246,43,1079,2012.0,0.0,2035858.0,0.06510099999999999,1.748521,ZAF,CHN,6591
1542437,249,43,1079,2012.0,338144.0,6487.0,1.671686,0.9854729999999999,TWN,CHN,6591
1542438,61,49,1079,2012.0,111692.0,0.0,1.977443,-3.692254,DEU,COL,6591
1542439,77,49,1079,2012.0,5419.0,0.0,1.414721,0.07219600000000001,FRA,COL,6591
1542440,186,49,1079,2012.0,0.0,1388.0,-0.123649,-0.218926,RUS,COL,6591
1542441,231,49,1079,2012.0,14496.0,0.0,1.51134,-0.637794,USA,COL,6591
1542442,18,52,1079,2012.0,13786.0,0.0,1.06425,1.369205,BEL,CRI,6591
1542443,138,52,1079,2012.0,3691.0,0.0,1.166986,0.662798,MEX,CRI,6591
1542444,169,52,1079,2012.0,2003.0,0.0,1.001878,1.18554,PAN,CRI,6591
1542445,231,52,1079,2012.0,83277.0,0.0,1.51134,-0.637794,USA,CRI,6591
1542446,162,55,1079,2012.0,7734.0,0.0,0.961975,1.517883,NLD,CUW,6591
1542447,15,59,1079,2012.0,30127.0,0.0,1.710955,-0.8860399999999999,AUT,CZE,6591
1542448,18,59,1079,2012.0,628635.0,9631.0,1.06425,1.369205,BEL,CZE,6591
1542449,43,59,1079,2012.0,131610.0,0.0,1.2170590000000001,0.584412,CHN,CZE,6591
1542450,61,59,1079,2012.0,788123.0,4384.0,1.977443,-3.692254,DEU,CZE,6591
1542451,64,59,1079,2012.0,0.0,108607.0,1.159478,1.053761,DNK,CZE,6591
1542452,77,59,1079,2012.0,273537.0,26626.0,1.414721,0.07219600000000001,FRA,CZE,6591
1542453,81,59,1079,2012.0,1976.0,0.0,1.544653,0.776512,GBR,CZE,6591
1542454,100,59,1079,2012.0,0.0,3201.0,0.881764,1.149456,HRV,CZE,6591
1542455,102,59,1079,2012.0,2168.0,1653722.0,1.61049,0.44614799999999993,HUN,CZE,6591
1542456,111,59,1079,2012.0,17211.0,0.0,1.396626,-0.43950500000000003,ITA,CZE,6591
1542457,115,59,1079,2012.0,0.0,93067.0,-0.447428,-0.42193,KAZ,CZE,6591
1542458,121,59,1079,2012.0,1956.0,0.0,1.839479,0.8272799999999999,KOR,CZE,6591
1542459,162,59,1079,2012.0,2708703.0,0.0,0.961975,1.517883,NLD,CZE,6591
1542460,177,59,1079,2012.0,7965.0,1033.0,1.039598,1.145227,POL,CZE,6591
1542461,179,59,1079,2012.0,1691.0,0.0,0.697799,2.122262,PRT,CZE,6591
1542462,186,59,1079,2012.0,0.0,136526.0,-0.123649,-0.218926,RUS,CZE,6591
1542463,206,59,1079,2012.0,128638.0,68327.0,1.3586200000000002,0.805751,SVK,CZE,6591
1542464,250,59,1079,2012.0,6115.0,0.0,0.34242399999999995,-0.007095999999999999,ANS,CZE,6591
1542465,7,61,1079,2012.0,0.0,95535.0,0.256232,-0.46518400000000004,ARE,DEU,6591
1542466,8,61,1079,2012.0,0.0,10254.0,-0.019015,0.548292,ARG,DEU,6591
1542467,14,61,1079,2012.0,0.0,7998.0,-0.537197,-0.22305300000000003,AUS,DEU,6591
1542468,15,61,1079,2012.0,588281.0,3587366.0,1.710955,-0.8860399999999999,AUT,DEU,6591
1542469,18,61,1079,2012.0,5407718.0,2268715.0,1.06425,1.369205,BEL,DEU,6591
1542470,23,61,1079,2012.0,0.0,174425.0,0.601161,1.594487,BGR,DEU,6591
1542471,24,61,1079,2012.0,0.0,21503.0,-0.01785,-0.780651,BHR,DEU,6591
1542472,26,61,1079,2012.0,0.0,112887.0,0.6672520000000001,1.16153,BIH,DEU,6591
1542473,28,61,1079,2012.0,0.0,26513.0,1.0976059999999999,0.861051,BLR,DEU,6591
1542474,32,61,1079,2012.0,0.0,100046.0,0.340455,0.9006790000000001,BRA,DEU,6591
1542475,39,61,1079,2012.0,0.0,694518.0,0.630575,1.28653,CAN,DEU,6591
1542476,41,61,1079,2012.0,15247.0,2470834.0,2.0265150000000003,0.6496689999999999,CHE,DEU,6591
1542477,42,61,1079,2012.0,0.0,233845.0,-0.180309,-0.33571799999999996,CHL,DEU,6591
1542478,43,61,1079,2012.0,65001.0,3456784.0,1.2170590000000001,0.584412,CHN,DEU,6591
1542479,49,61,1079,2012.0,0.0,111692.0,0.034488,-0.340545,COL,DEU,6591
1542480,58,61,1079,2012.0,0.0,2401.0,0.621962,0.188051,CYP,DEU,6591
1542481,59,61,1079,2012.0,4384.0,788123.0,1.7368299999999999,-0.651329,CZE,DEU,6591
1542482,64,61,1079,2012.0,1839.0,10454196.0,1.159478,1.053761,DNK,DEU,6591
1542483,65,61,1079,2012.0,0.0,1286.0,-0.08708300000000001,0.389521,DOM,DEU,6591
1542484,66,61,1079,2012.0,0.0,11412.0,-1.745941,-1.149894,DZA,DEU,6591
1542485,71,61,1079,2012.0,0.0,1378712.0,0.925701,1.8700189999999999,ESP,DEU,6591
1542486,72,61,1079,2012.0,0.0,226301.0,0.8603,1.3146870000000002,EST,DEU,6591
1542487,73,61,1079,2012.0,0.0,10111.0,-0.9118729999999999,-0.8843,ETH,DEU,6591
1542488,74,61,1079,2012.0,0.0,546768.0,1.5813700000000002,0.872251,FIN,DEU,6591
1542489,77,61,1079,2012.0,3597965.0,1389292.0,1.414721,0.07219600000000001,FRA,DEU,6591
1542490,78,61,1079,2012.0,0.0,228347.0,-1.12875,-0.993714,FRO,DEU,6591
1542491,81,61,1079,2012.0,11721.0,814522.0,1.544653,0.776512,GBR,DEU,6591
1542492,90,61,1079,2012.0,0.0,16047.0,0.161352,1.273024,GRC,DEU,6591
1542493,92,61,1079,2012.0,0.0,16276.0,-0.790721,-0.882532,GRL,DEU,6591
1542494,97,61,1079,2012.0,0.0,2440.0,0.788308,1.029625,HKG,DEU,6591
1542495,100,61,1079,2012.0,0.0,358961.0,0.881764,1.149456,HRV,DEU,6591
1542496,102,61,1079,2012.0,0.0,669083.0,1.61049,0.44614799999999993,HUN,DEU,6591
1542497,104,61,1079,2012.0,0.0,87631.0,0.24883200000000003,2.463711,IND,DEU,6591
1542498,106,61,1079,2012.0,0.0,162035.0,1.1761549999999998,0.279569,IRL,DEU,6591
1542499,109,61,1079,2012.0,0.0,88880.0,0.20266800000000001,-0.203262,ISL,DEU,6591
1542500,111,61,1079,2012.0,889980.0,1249418.0,1.396626,-0.43950500000000003,ITA,DEU,6591
1542501,113,61,1079,2012.0,0.0,6087.0,0.29205,0.638942,JOR,DEU,6591
1542502,114,61,1079,2012.0,0.0,130047.0,2.325746,-0.8705649999999999,JPN,DEU,6591
1542503,115,61,1079,2012.0,0.0,76677.0,-0.447428,-0.42193,KAZ,DEU,6591
1542504,121,61,1079,2012.0,0.0,369455.0,1.839479,0.8272799999999999,KOR,DEU,6591
1542505,122,61,1079,2012.0,0.0,42012.0,-1.130729,-1.083905,KWT,DEU,6591
1542506,130,61,1079,2012.0,0.0,12600.0,0.739945,1.217062,LTU,DEU,6591
1542507,131,61,1079,2012.0,2525.0,910524.0,1.0163739999999999,1.178021,LUX,DEU,6591
1542508,132,61,1079,2012.0,0.0,64193.0,0.704565,1.000552,LVA,DEU,6591
1542509,137,61,1079,2012.0,0.0,5140.0,-0.12348699999999999,-0.7748430000000001,MDV,DEU,6591
1542510,153,61,1079,2012.0,0.0,21736.0,0.93739,0.726329,MYS,DEU,6591
1542511,156,61,1079,2012.0,0.0,2420.0,-0.650737,-0.897949,NCL,DEU,6591
1542512,159,61,1079,2012.0,0.0,3770.0,-1.616498,-1.174816,NGA,DEU,6591
1542513,162,61,1079,2012.0,27141352.0,5731260.0,0.961975,1.517883,NLD,DEU,6591
1542514,163,61,1079,2012.0,39038.0,1871390.0,0.5462670000000001,-0.042712,NOR,DEU,6591
1542515,177,61,1079,2012.0,0.0,592711.0,1.039598,1.145227,POL,DEU,6591
1542516,179,61,1079,2012.0,74018.0,246255.0,0.697799,2.122262,PRT,DEU,6591
1542517,183,61,1079,2012.0,0.0,161131.0,-0.6436029999999999,-0.990323,QAT,DEU,6591
1542518,185,61,1079,2012.0,0.0,48537.0,0.952936,1.227809,ROU,DEU,6591
1542519,186,61,1079,2012.0,0.0,616537.0,-0.123649,-0.218926,RUS,DEU,6591
1542520,188,61,1079,2012.0,0.0,74925.0,-0.621115,-0.975865,SAU,DEU,6591
1542521,201,61,1079,2012.0,0.0,49592.0,0.696674,1.544065,SRB,DEU,6591
1542522,206,61,1079,2012.0,13827.0,124633.0,1.3586200000000002,0.805751,SVK,DEU,6591
1542523,207,61,1079,2012.0,0.0,165787.0,1.4933049999999999,0.58207,SVN,DEU,6591
1542524,208,61,1079,2012.0,120282.0,1955688.0,1.721268,0.15675,SWE,DEU,6591
1542525,216,61,1079,2012.0,2142.0,3309.0,1.015684,1.20697,THA,DEU,6591
1542526,223,61,1079,2012.0,0.0,2411.0,0.509432,0.8157810000000001,TUN,DEU,6591
1542527,224,61,1079,2012.0,0.0,125385.0,0.657573,1.969027,TUR,DEU,6591
1542528,228,61,1079,2012.0,0.0,238356.0,0.533547,1.159378,UKR,DEU,6591
1542529,230,61,1079,2012.0,0.0,3346.0,0.013581000000000001,0.047302,URY,DEU,6591
1542530,231,61,1079,2012.0,172141.0,3730786.0,1.51134,-0.637794,USA,DEU,6591
1542531,246,61,1079,2012.0,0.0,2901.0,0.06510099999999999,1.748521,ZAF,DEU,6591
1542532,249,61,1079,2012.0,1207.0,45282.0,1.671686,0.9854729999999999,TWN,DEU,6591
1542533,15,64,1079,2012.0,43219.0,0.0,1.710955,-0.8860399999999999,AUT,DNK,6591
1542534,18,64,1079,2012.0,29672.0,0.0,1.06425,1.369205,BEL,DNK,6591
1542535,41,64,1079,2012.0,0.0,2134.0,2.0265150000000003,0.6496689999999999,CHE,DNK,6591
1542536,43,64,1079,2012.0,0.0,3485.0,1.2170590000000001,0.584412,CHN,DNK,6591
1542537,59,64,1079,2012.0,108607.0,0.0,1.7368299999999999,-0.651329,CZE,DNK,6591
1542538,61,64,1079,2012.0,10454196.0,1839.0,1.977443,-3.692254,DEU,DNK,6591
1542539,71,64,1079,2012.0,24801.0,0.0,0.925701,1.8700189999999999,ESP,DNK,6591
1542540,72,64,1079,2012.0,42400.0,0.0,0.8603,1.3146870000000002,EST,DNK,6591
1542541,74,64,1079,2012.0,35153.0,0.0,1.5813700000000002,0.872251,FIN,DNK,6591
1542542,77,64,1079,2012.0,6938.0,0.0,1.414721,0.07219600000000001,FRA,DNK,6591
1542543,78,64,1079,2012.0,0.0,288465.0,-1.12875,-0.993714,FRO,DNK,6591
1542544,81,64,1079,2012.0,271721.0,0.0,1.544653,0.776512,GBR,DNK,6591
1542545,92,64,1079,2012.0,0.0,440536.0,-0.790721,-0.882532,GRL,DNK,6591
1542546,102,64,1079,2012.0,34504.0,0.0,1.61049,0.44614799999999993,HUN,DNK,6591
1542547,106,64,1079,2012.0,66155.0,0.0,1.1761549999999998,0.279569,IRL,DNK,6591
1542548,109,64,1079,2012.0,0.0,2804.0,0.20266800000000001,-0.203262,ISL,DNK,6591
1542549,111,64,1079,2012.0,94505.0,0.0,1.396626,-0.43950500000000003,ITA,DNK,6591
1542550,130,64,1079,2012.0,92237.0,49998.0,0.739945,1.217062,LTU,DNK,6591
1542551,131,64,1079,2012.0,128077.0,0.0,1.0163739999999999,1.178021,LUX,DNK,6591
1542552,132,64,1079,2012.0,11713.0,0.0,0.704565,1.000552,LVA,DNK,6591
1542553,162,64,1079,2012.0,10445795.0,27193.0,0.961975,1.517883,NLD,DNK,6591
1542554,163,64,1079,2012.0,0.0,54348.0,0.5462670000000001,-0.042712,NOR,DNK,6591
1542555,177,64,1079,2012.0,12539.0,38875.0,1.039598,1.145227,POL,DNK,6591
1542556,179,64,1079,2012.0,16275.0,0.0,0.697799,2.122262,PRT,DNK,6591
1542557,185,64,1079,2012.0,10385.0,0.0,0.952936,1.227809,ROU,DNK,6591
1542558,201,64,1079,2012.0,0.0,39948.0,0.696674,1.544065,SRB,DNK,6591
1542559,206,64,1079,2012.0,52732.0,0.0,1.3586200000000002,0.805751,SVK,DNK,6591
1542560,208,64,1079,2012.0,2743158.0,4530.0,1.721268,0.15675,SWE,DNK,6591
1542561,231,64,1079,2012.0,0.0,16278.0,1.51134,-0.637794,USA,DNK,6591
1542562,249,64,1079,2012.0,1544.0,0.0,1.671686,0.9854729999999999,TWN,DNK,6591
1542563,43,65,1079,2012.0,12816.0,0.0,1.2170590000000001,0.584412,CHN,DOM,6591
1542564,61,65,1079,2012.0,1286.0,0.0,1.977443,-3.692254,DEU,DOM,6591
1542565,231,65,1079,2012.0,113628.0,0.0,1.51134,-0.637794,USA,DOM,6591
1542566,169,67,1079,2012.0,1052.0,0.0,1.001878,1.18554,PAN,ECU,6591
1542567,18,71,1079,2012.0,6076.0,0.0,1.06425,1.369205,BEL,ESP,6591
1542568,61,71,1079,2012.0,1378712.0,0.0,1.977443,-3.692254,DEU,ESP,6591
1542569,64,71,1079,2012.0,0.0,24801.0,1.159478,1.053761,DNK,ESP,6591
1542570,77,71,1079,2012.0,477356.0,3443.0,1.414721,0.07219600000000001,FRA,ESP,6591
1542571,81,71,1079,2012.0,7056.0,0.0,1.544653,0.776512,GBR,ESP,6591
1542572,90,71,1079,2012.0,0.0,1944.0,0.161352,1.273024,GRC,ESP,6591
1542573,100,71,1079,2012.0,0.0,1325.0,0.881764,1.149456,HRV,ESP,6591
1542574,110,71,1079,2012.0,0.0,37779.0,1.125254,0.736004,ISR,ESP,6591
1542575,111,71,1079,2012.0,330357.0,0.0,1.396626,-0.43950500000000003,ITA,ESP,6591
1542576,134,71,1079,2012.0,0.0,144590.0,-0.330598,0.037439,MAR,ESP,6591
1542577,138,71,1079,2012.0,0.0,1723.0,1.166986,0.662798,MEX,ESP,6591
1542578,162,71,1079,2012.0,84323.0,0.0,0.961975,1.517883,NLD,ESP,6591
1542579,163,71,1079,2012.0,0.0,39732.0,0.5462670000000001,-0.042712,NOR,ESP,6591
1542580,173,71,1079,2012.0,0.0,53063.0,-0.47011499999999995,0.340251,PER,ESP,6591
1542581,177,71,1079,2012.0,0.0,22852.0,1.039598,1.145227,POL,ESP,6591
1542582,179,71,1079,2012.0,19993.0,125593.0,0.697799,2.122262,PRT,ESP,6591
1542583,186,71,1079,2012.0,0.0,1845.0,-0.123649,-0.218926,RUS,ESP,6591
1542584,208,71,1079,2012.0,5243.0,0.0,1.721268,0.15675,SWE,ESP,6591
1542585,224,71,1079,2012.0,23759.0,0.0,0.657573,1.969027,TUR,ESP,6591
1542586,18,74,1079,2012.0,87179.0,0.0,1.06425,1.369205,BEL,FIN,6591
1542587,61,74,1079,2012.0,546768.0,0.0,1.977443,-3.692254,DEU,FIN,6591
1542588,64,74,1079,2012.0,0.0,35153.0,1.159478,1.053761,DNK,FIN,6591
1542589,72,74,1079,2012.0,88706.0,0.0,0.8603,1.3146870000000002,EST,FIN,6591
1542590,81,74,1079,2012.0,14895.0,0.0,1.544653,0.776512,GBR,FIN,6591
1542591,111,74,1079,2012.0,227858.0,0.0,1.396626,-0.43950500000000003,ITA,FIN,6591
1542592,131,74,1079,2012.0,1945.0,0.0,1.0163739999999999,1.178021,LUX,FIN,6591
1542593,132,74,1079,2012.0,5129.0,0.0,0.704565,1.000552,LVA,FIN,6591
1542594,162,74,1079,2012.0,2021800.0,4638.0,0.961975,1.517883,NLD,FIN,6591
1542595,186,74,1079,2012.0,0.0,3660.0,-0.123649,-0.218926,RUS,FIN,6591
1542596,208,74,1079,2012.0,476252.0,0.0,1.721268,0.15675,SWE,FIN,6591
1542597,2,77,1079,2012.0,0.0,2315.0,-1.610059,-1.1253739999999999,AGO,FRA,6591
1542598,7,77,1079,2012.0,0.0,28748.0,0.256232,-0.46518400000000004,ARE,FRA,6591
1542599,8,77,1079,2012.0,0.0,17622.0,-0.019015,0.548292,ARG,FRA,6591
1542600,9,77,1079,2012.0,0.0,7841.0,0.45677399999999996,-0.001422,ARM,FRA,6591
1542601,14,77,1079,2012.0,0.0,186706.0,-0.537197,-0.22305300000000003,AUS,FRA,6591
1542602,15,77,1079,2012.0,0.0,639368.0,1.710955,-0.8860399999999999,AUT,FRA,6591
1542603,18,77,1079,2012.0,147399.0,699086.0,1.06425,1.369205,BEL,FRA,6591
1542604,21,77,1079,2012.0,0.0,57687.0,-0.624286,-0.689179,BFA,FRA,6591
1542605,23,77,1079,2012.0,0.0,6188.0,0.601161,1.594487,BGR,FRA,6591
1542606,26,77,1079,2012.0,0.0,1197.0,0.6672520000000001,1.16153,BIH,FRA,6591
1542607,39,77,1079,2012.0,0.0,23917.0,0.630575,1.28653,CAN,FRA,6591
1542608,41,77,1079,2012.0,8819.0,209850.0,2.0265150000000003,0.6496689999999999,CHE,FRA,6591
1542609,42,77,1079,2012.0,0.0,30180.0,-0.180309,-0.33571799999999996,CHL,FRA,6591
1542610,43,77,1079,2012.0,1449.0,69103.0,1.2170590000000001,0.584412,CHN,FRA,6591
1542611,49,77,1079,2012.0,0.0,5419.0,0.034488,-0.340545,COL,FRA,6591
1542612,58,77,1079,2012.0,0.0,6441.0,0.621962,0.188051,CYP,FRA,6591
1542613,59,77,1079,2012.0,26626.0,273537.0,1.7368299999999999,-0.651329,CZE,FRA,6591
1542614,61,77,1079,2012.0,1389292.0,3597965.0,1.977443,-3.692254,DEU,FRA,6591
1542615,64,77,1079,2012.0,0.0,6938.0,1.159478,1.053761,DNK,FRA,6591
1542616,66,77,1079,2012.0,0.0,132970.0,-1.745941,-1.149894,DZA,FRA,6591
1542617,68,77,1079,2012.0,0.0,15578.0,-0.145791,1.470876,EGY,FRA,6591
1542618,71,77,1079,2012.0,3443.0,477356.0,0.925701,1.8700189999999999,ESP,FRA,6591
1542619,72,77,1079,2012.0,0.0,9584.0,0.8603,1.3146870000000002,EST,FRA,6591
1542620,80,77,1079,2012.0,0.0,16478.0,-1.636201,-1.161638,GAB,FRA,6591
1542621,81,77,1079,2012.0,46720.0,977848.0,1.544653,0.776512,GBR,FRA,6591
1542622,82,77,1079,2012.0,0.0,1599.0,-0.244691,-0.552666,GEO,FRA,6591
1542623,90,77,1079,2012.0,0.0,61602.0,0.161352,1.273024,GRC,FRA,6591
1542624,97,77,1079,2012.0,0.0,1134.0,0.788308,1.029625,HKG,FRA,6591
1542625,100,77,1079,2012.0,0.0,36662.0,0.881764,1.149456,HRV,FRA,6591
1542626,102,77,1079,2012.0,91751.0,214697.0,1.61049,0.44614799999999993,HUN,FRA,6591
1542627,104,77,1079,2012.0,0.0,3222.0,0.24883200000000003,2.463711,IND,FRA,6591
1542628,106,77,1079,2012.0,0.0,7674.0,1.1761549999999998,0.279569,IRL,FRA,6591
1542629,110,77,1079,2012.0,0.0,22462.0,1.125254,0.736004,ISR,FRA,6591
1542630,111,77,1079,2012.0,12857127.0,399277.0,1.396626,-0.43950500000000003,ITA,FRA,6591
1542631,115,77,1079,2012.0,0.0,14179.0,-0.447428,-0.42193,KAZ,FRA,6591
1542632,121,77,1079,2012.0,0.0,5073.0,1.839479,0.8272799999999999,KOR,FRA,6591
1542633,124,77,1079,2012.0,0.0,29028.0,0.36778099999999997,1.3771010000000001,LBN,FRA,6591
1542634,127,77,1079,2012.0,0.0,114106.0,0.714758,-0.034339,LCA,FRA,6591
1542635,130,77,1079,2012.0,0.0,1923.0,0.739945,1.217062,LTU,FRA,6591
1542636,131,77,1079,2012.0,2865.0,14523.0,1.0163739999999999,1.178021,LUX,FRA,6591
1542637,132,77,1079,2012.0,0.0,1356.0,0.704565,1.000552,LVA,FRA,6591
1542638,134,77,1079,2012.0,0.0,7708.0,-0.330598,0.037439,MAR,FRA,6591
1542639,136,77,1079,2012.0,0.0,4622.0,-0.664783,-0.478411,MDG,FRA,6591
1542640,140,77,1079,2012.0,0.0,8023.0,-0.08785599999999999,0.153128,MKD,FRA,6591
1542641,141,77,1079,2012.0,0.0,2857.0,-0.675086,-0.8228139999999999,MLI,FRA,6591
1542642,156,77,1079,2012.0,0.0,26916.0,-0.650737,-0.897949,NCL,FRA,6591
1542643,159,77,1079,2012.0,0.0,23893.0,-1.616498,-1.174816,NGA,FRA,6591
1542644,162,77,1079,2012.0,15292928.0,1044954.0,0.961975,1.517883,NLD,FRA,6591
1542645,163,77,1079,2012.0,0.0,6394.0,0.5462670000000001,-0.042712,NOR,FRA,6591
1542646,166,77,1079,2012.0,0.0,1440.0,0.21502399999999997,0.746456,NZL,FRA,6591
1542647,167,77,1079,2012.0,0.0,4661.0,-0.782802,-1.065774,OMN,FRA,6591
1542648,168,77,1079,2012.0,0.0,2411.0,-0.600346,0.474208,PAK,FRA,6591
1542649,173,77,1079,2012.0,0.0,41120.0,-0.47011499999999995,0.340251,PER,FRA,6591
1542650,177,77,1079,2012.0,6113.0,532559.0,1.039598,1.145227,POL,FRA,6591
1542651,179,77,1079,2012.0,36324.0,43344.0,0.697799,2.122262,PRT,FRA,6591
1542652,182,77,1079,2012.0,0.0,6895.0,0.035705,-0.696042,PYF,FRA,6591
1542653,183,77,1079,2012.0,0.0,32567.0,-0.6436029999999999,-0.990323,QAT,FRA,6591
1542654,185,77,1079,2012.0,0.0,78103.0,0.952936,1.227809,ROU,FRA,6591
1542655,186,77,1079,2012.0,0.0,2000.0,-0.123649,-0.218926,RUS,FRA,6591
1542656,188,77,1079,2012.0,0.0,3275.0,-0.621115,-0.975865,SAU,FRA,6591
1542657,191,77,1079,2012.0,0.0,10706.0,-0.379797,0.020130000000000002,SEN,FRA,6591
1542658,192,77,1079,2012.0,0.0,6330.0,1.762134,0.583393,SGP,FRA,6591
1542659,200,77,1079,2012.0,0.0,3117.0,-0.403629,-0.837519,SPM,FRA,6591
1542660,201,77,1079,2012.0,0.0,29669.0,0.696674,1.544065,SRB,FRA,6591
1542661,206,77,1079,2012.0,0.0,51088.0,1.3586200000000002,0.805751,SVK,FRA,6591
1542662,207,77,1079,2012.0,0.0,8796.0,1.4933049999999999,0.58207,SVN,FRA,6591
1542663,208,77,1079,2012.0,208343.0,281447.0,1.721268,0.15675,SWE,FRA,6591
1542664,223,77,1079,2012.0,0.0,31438.0,0.509432,0.8157810000000001,TUN,FRA,6591
1542665,224,77,1079,2012.0,0.0,324679.0,0.657573,1.969027,TUR,FRA,6591
1542666,228,77,1079,2012.0,0.0,19386.0,0.533547,1.159378,UKR,FRA,6591
1542667,231,77,1079,2012.0,0.0,89804.0,1.51134,-0.637794,USA,FRA,6591
1542668,246,77,1079,2012.0,0.0,35922.0,0.06510099999999999,1.748521,ZAF,FRA,6591
1542669,249,77,1079,2012.0,1760.0,71048.0,1.671686,0.9854729999999999,TWN,FRA,6591
1542670,2,81,1079,2012.0,0.0,10952.0,-1.610059,-1.1253739999999999,AGO,GBR,6591
1542671,7,81,1079,2012.0,0.0,6244.0,0.256232,-0.46518400000000004,ARE,GBR,6591
1542672,15,81,1079,2012.0,0.0,16151.0,1.710955,-0.8860399999999999,AUT,GBR,6591
1542673,16,81,1079,2012.0,0.0,29876.0,-1.44287,-1.261817,AZE,GBR,6591
1542674,18,81,1079,2012.0,821240.0,6964.0,1.06425,1.369205,BEL,GBR,6591
1542675,24,81,1079,2012.0,0.0,9170.0,-0.01785,-0.780651,BHR,GBR,6591
1542676,39,81,1079,2012.0,224668.0,671026.0,0.630575,1.28653,CAN,GBR,6591
1542677,41,81,1079,2012.0,0.0,4148.0,2.0265150000000003,0.6496689999999999,CHE,GBR,6591
1542678,43,81,1079,2012.0,124979.0,266525.0,1.2170590000000001,0.584412,CHN,GBR,6591
1542679,58,81,1079,2012.0,0.0,1972.0,0.621962,0.188051,CYP,GBR,6591
1542680,59,81,1079,2012.0,0.0,1976.0,1.7368299999999999,-0.651329,CZE,GBR,6591
1542681,61,81,1079,2012.0,814522.0,11721.0,1.977443,-3.692254,DEU,GBR,6591
1542682,64,81,1079,2012.0,0.0,271721.0,1.159478,1.053761,DNK,GBR,6591
1542683,71,81,1079,2012.0,0.0,7056.0,0.925701,1.8700189999999999,ESP,GBR,6591
1542684,72,81,1079,2012.0,33102.0,0.0,0.8603,1.3146870000000002,EST,GBR,6591
1542685,73,81,1079,2012.0,0.0,60593.0,-0.9118729999999999,-0.8843,ETH,GBR,6591
1542686,74,81,1079,2012.0,0.0,14895.0,1.5813700000000002,0.872251,FIN,GBR,6591
1542687,76,81,1079,2012.0,0.0,13170.0,-1.248876,-0.9277340000000001,FLK,GBR,6591
1542688,77,81,1079,2012.0,977848.0,46720.0,1.414721,0.07219600000000001,FRA,GBR,6591
1542689,83,81,1079,2012.0,0.0,1013.0,-1.0541049999999998,-0.7275590000000001,GHA,GBR,6591
1542690,97,81,1079,2012.0,0.0,1924.0,0.788308,1.029625,HKG,GBR,6591
1542691,104,81,1079,2012.0,25749.0,666209.0,0.24883200000000003,2.463711,IND,GBR,6591
1542692,106,81,1079,2012.0,8091.0,302480.0,1.1761549999999998,0.279569,IRL,GBR,6591
1542693,110,81,1079,2012.0,0.0,1739.0,1.125254,0.736004,ISR,GBR,6591
1542694,111,81,1079,2012.0,149698.0,1169.0,1.396626,-0.43950500000000003,ITA,GBR,6591
1542695,113,81,1079,2012.0,0.0,4007.0,0.29205,0.638942,JOR,GBR,6591
1542696,114,81,1079,2012.0,0.0,81327.0,2.325746,-0.8705649999999999,JPN,GBR,6591
1542697,124,81,1079,2012.0,0.0,1409.0,0.36778099999999997,1.3771010000000001,LBN,GBR,6591
1542698,132,81,1079,2012.0,5078.0,0.0,0.704565,1.000552,LVA,GBR,6591
1542699,138,81,1079,2012.0,0.0,1015.0,1.166986,0.662798,MEX,GBR,6591
1542700,141,81,1079,2012.0,0.0,1781.0,-0.675086,-0.8228139999999999,MLI,GBR,6591
1542701,153,81,1079,2012.0,0.0,18639.0,0.93739,0.726329,MYS,GBR,6591
1542702,159,81,1079,2012.0,0.0,5653.0,-1.616498,-1.174816,NGA,GBR,6591
1542703,162,81,1079,2012.0,10704433.0,13653078.0,0.961975,1.517883,NLD,GBR,6591
1542704,163,81,1079,2012.0,0.0,9770.0,0.5462670000000001,-0.042712,NOR,GBR,6591
1542705,166,81,1079,2012.0,0.0,10451.0,0.21502399999999997,0.746456,NZL,GBR,6591
1542706,167,81,1079,2012.0,0.0,1579.0,-0.782802,-1.065774,OMN,GBR,6591
1542707,179,81,1079,2012.0,3291.0,3525.0,0.697799,2.122262,PRT,GBR,6591
1542708,192,81,1079,2012.0,0.0,5597.0,1.762134,0.583393,SGP,GBR,6591
1542709,208,81,1079,2012.0,24781.0,809413.0,1.721268,0.15675,SWE,GBR,6591
1542710,211,81,1079,2012.0,0.0,1566.0,-0.408819,-0.753598,SYC,GBR,6591
1542711,216,81,1079,2012.0,2956.0,0.0,1.015684,1.20697,THA,GBR,6591
1542712,222,81,1079,2012.0,0.0,1165.0,-0.257402,-0.9802709999999999,TTO,GBR,6591
1542713,223,81,1079,2012.0,0.0,2460.0,0.509432,0.8157810000000001,TUN,GBR,6591
1542714,228,81,1079,2012.0,0.0,43642.0,0.533547,1.159378,UKR,GBR,6591
1542715,231,81,1079,2012.0,16115.0,10287901.0,1.51134,-0.637794,USA,GBR,6591
1542716,234,81,1079,2012.0,0.0,1527.0,0.523877,0.065489,VCT,GBR,6591
1542717,239,81,1079,2012.0,0.0,41035.0,0.0755,1.008183,VNM,GBR,6591
1542718,246,81,1079,2012.0,0.0,9914.0,0.06510099999999999,1.748521,ZAF,GBR,6591
1542719,249,81,1079,2012.0,9627.0,0.0,1.671686,0.9854729999999999,TWN,GBR,6591
1542720,61,90,1079,2012.0,16047.0,0.0,1.977443,-3.692254,DEU,GRC,6591
1542721,71,90,1079,2012.0,1944.0,0.0,0.925701,1.8700189999999999,ESP,GRC,6591
1542722,77,90,1079,2012.0,61602.0,0.0,1.414721,0.07219600000000001,FRA,GRC,6591
1542723,111,90,1079,2012.0,150811.0,0.0,1.396626,-0.43950500000000003,ITA,GRC,6591
1542724,131,90,1079,2012.0,118563.0,0.0,1.0163739999999999,1.178021,LUX,GRC,6591
1542725,162,90,1079,2012.0,1674.0,0.0,0.961975,1.517883,NLD,GRC,6591
1542726,208,90,1079,2012.0,6109.0,0.0,1.721268,0.15675,SWE,GRC,6591
1542727,138,93,1079,2012.0,2173.0,0.0,1.166986,0.662798,MEX,GTM,6591
1542728,231,93,1079,2012.0,6445.0,0.0,1.51134,-0.637794,USA,GTM,6591
1542729,231,96,1079,2012.0,4920.0,0.0,1.51134,-0.637794,USA,GUY,6591
1542730,18,97,1079,2012.0,2028.0,0.0,1.06425,1.369205,BEL,HKG,6591
1542731,39,97,1079,2012.0,348563.0,0.0,0.630575,1.28653,CAN,HKG,6591
1542732,43,97,1079,2012.0,23854.0,0.0,1.2170590000000001,0.584412,CHN,HKG,6591
1542733,61,97,1079,2012.0,2440.0,0.0,1.977443,-3.692254,DEU,HKG,6591
1542734,77,97,1079,2012.0,1134.0,0.0,1.414721,0.07219600000000001,FRA,HKG,6591
1542735,81,97,1079,2012.0,1924.0,0.0,1.544653,0.776512,GBR,HKG,6591
1542736,104,97,1079,2012.0,0.0,1074.0,0.24883200000000003,2.463711,IND,HKG,6591
1542737,111,97,1079,2012.0,9649.0,0.0,1.396626,-0.43950500000000003,ITA,HKG,6591
1542738,162,97,1079,2012.0,309397.0,0.0,0.961975,1.517883,NLD,HKG,6591
1542739,216,97,1079,2012.0,25030.0,0.0,1.015684,1.20697,THA,HKG,6591
1542740,239,97,1079,2012.0,0.0,8782.0,0.0755,1.008183,VNM,HKG,6591
1542741,249,97,1079,2012.0,411217.0,0.0,1.671686,0.9854729999999999,TWN,HKG,6591
1542742,169,99,1079,2012.0,2246.0,0.0,1.001878,1.18554,PAN,HND,6591
1542743,231,99,1079,2012.0,20188.0,0.0,1.51134,-0.637794,USA,HND,6591
1542744,43,103,1079,2012.0,76160.0,0.0,1.2170590000000001,0.584412,CHN,IDN,6591
1542745,114,103,1079,2012.0,4244.0,0.0,2.325746,-0.8705649999999999,JPN,IDN,6591
1542746,121,103,1079,2012.0,242699.0,0.0,1.839479,0.8272799999999999,KOR,IDN,6591
1542747,153,103,1079,2012.0,21915.0,12487.0,0.93739,0.726329,MYS,IDN,6591
1542748,162,103,1079,2012.0,146305.0,0.0,0.961975,1.517883,NLD,IDN,6591
1542749,174,103,1079,2012.0,0.0,4572.0,0.44656,0.55585,PHL,IDN,6591
1542750,192,103,1079,2012.0,436690.0,33241.0,1.762134,0.583393,SGP,IDN,6591
1542751,231,103,1079,2012.0,43675.0,0.0,1.51134,-0.637794,USA,IDN,6591
1542752,249,103,1079,2012.0,111627.0,0.0,1.671686,0.9854729999999999,TWN,IDN,6591
1542753,35,104,1079,2012.0,0.0,35029.0,-0.280068,-0.6360819999999999,BTN,IND,6591
1542754,43,104,1079,2012.0,305814.0,0.0,1.2170590000000001,0.584412,CHN,IND,6591
1542755,61,104,1079,2012.0,87631.0,0.0,1.977443,-3.692254,DEU,IND,6591
1542756,77,104,1079,2012.0,3222.0,0.0,1.414721,0.07219600000000001,FRA,IND,6591
1542757,81,104,1079,2012.0,666209.0,25749.0,1.544653,0.776512,GBR,IND,6591
1542758,97,104,1079,2012.0,1074.0,0.0,0.788308,1.029625,HKG,IND,6591
1542759,111,104,1079,2012.0,3874.0,66533.0,1.396626,-0.43950500000000003,ITA,IND,6591
1542760,121,104,1079,2012.0,2219.0,0.0,1.839479,0.8272799999999999,KOR,IND,6591
1542761,128,104,1079,2012.0,0.0,2731.0,-0.24579299999999998,0.518273,LKA,IND,6591
1542762,143,104,1079,2012.0,22433.0,9079.0,-1.157555,-0.9009149999999999,MMR,IND,6591
1542763,162,104,1079,2012.0,172805.0,0.0,0.961975,1.517883,NLD,IND,6591
1542764,186,104,1079,2012.0,0.0,9192.0,-0.123649,-0.218926,RUS,IND,6591
1542765,188,104,1079,2012.0,0.0,337858.0,-0.621115,-0.975865,SAU,IND,6591
1542766,192,104,1079,2012.0,0.0,4614.0,1.762134,0.583393,SGP,IND,6591
1542767,208,104,1079,2012.0,3013.0,71181.0,1.721268,0.15675,SWE,IND,6591
1542768,216,104,1079,2012.0,0.0,1111.0,1.015684,1.20697,THA,IND,6591
1542769,231,104,1079,2012.0,4920.0,2240.0,1.51134,-0.637794,USA,IND,6591
1542770,243,104,1079,2012.0,0.0,17271.0,-1.180884,-1.22621,YEM,IND,6591
1542771,249,104,1079,2012.0,24989.0,0.0,1.671686,0.9854729999999999,TWN,IND,6591
1542772,18,110,1079,2012.0,2856.0,0.0,1.06425,1.369205,BEL,ISR,6591
1542773,43,110,1079,2012.0,3387.0,0.0,1.2170590000000001,0.584412,CHN,ISR,6591
1542774,71,110,1079,2012.0,37779.0,0.0,0.925701,1.8700189999999999,ESP,ISR,6591
1542775,77,110,1079,2012.0,22462.0,0.0,1.414721,0.07219600000000001,FRA,ISR,6591
1542776,81,110,1079,2012.0,1739.0,0.0,1.544653,0.776512,GBR,ISR,6591
1542777,162,110,1079,2012.0,28499.0,0.0,0.961975,1.517883,NLD,ISR,6591
1542778,224,110,1079,2012.0,11970.0,0.0,0.657573,1.969027,TUR,ISR,6591
1542779,4,111,1079,2012.0,0.0,2331.0,-0.331512,-0.049776,ALB,ITA,6591
1542780,7,111,1079,2012.0,0.0,50367.0,0.256232,-0.46518400000000004,ARE,ITA,6591
1542781,8,111,1079,2012.0,0.0,58722.0,-0.019015,0.548292,ARG,ITA,6591
1542782,14,111,1079,2012.0,0.0,106605.0,-0.537197,-0.22305300000000003,AUS,ITA,6591
1542783,15,111,1079,2012.0,44893.0,131475.0,1.710955,-0.8860399999999999,AUT,ITA,6591
1542784,18,111,1079,2012.0,44395.0,315050.0,1.06425,1.369205,BEL,ITA,6591
1542785,23,111,1079,2012.0,0.0,16680.0,0.601161,1.594487,BGR,ITA,6591
1542786,32,111,1079,2012.0,0.0,2363.0,0.340455,0.9006790000000001,BRA,ITA,6591
1542787,39,111,1079,2012.0,0.0,63047.0,0.630575,1.28653,CAN,ITA,6591
1542788,41,111,1079,2012.0,63091.0,683756.0,2.0265150000000003,0.6496689999999999,CHE,ITA,6591
1542789,42,111,1079,2012.0,0.0,62961.0,-0.180309,-0.33571799999999996,CHL,ITA,6591
1542790,43,111,1079,2012.0,0.0,155793.0,1.2170590000000001,0.584412,CHN,ITA,6591
1542791,59,111,1079,2012.0,0.0,17211.0,1.7368299999999999,-0.651329,CZE,ITA,6591
1542792,61,111,1079,2012.0,1249418.0,889980.0,1.977443,-3.692254,DEU,ITA,6591
1542793,64,111,1079,2012.0,0.0,94505.0,1.159478,1.053761,DNK,ITA,6591
1542794,66,111,1079,2012.0,0.0,130844.0,-1.745941,-1.149894,DZA,ITA,6591
1542795,71,111,1079,2012.0,0.0,330357.0,0.925701,1.8700189999999999,ESP,ITA,6591
1542796,72,111,1079,2012.0,0.0,251972.0,0.8603,1.3146870000000002,EST,ITA,6591
1542797,74,111,1079,2012.0,0.0,227858.0,1.5813700000000002,0.872251,FIN,ITA,6591
1542798,77,111,1079,2012.0,399277.0,12857127.0,1.414721,0.07219600000000001,FRA,ITA,6591
1542799,81,111,1079,2012.0,1169.0,149698.0,1.544653,0.776512,GBR,ITA,6591
1542800,90,111,1079,2012.0,0.0,150811.0,0.161352,1.273024,GRC,ITA,6591
1542801,97,111,1079,2012.0,0.0,9649.0,0.788308,1.029625,HKG,ITA,6591
1542802,100,111,1079,2012.0,0.0,17559.0,0.881764,1.149456,HRV,ITA,6591
1542803,102,111,1079,2012.0,0.0,68192.0,1.61049,0.44614799999999993,HUN,ITA,6591
1542804,104,111,1079,2012.0,66533.0,3874.0,0.24883200000000003,2.463711,IND,ITA,6591
1542805,106,111,1079,2012.0,0.0,2785.0,1.1761549999999998,0.279569,IRL,ITA,6591
1542806,109,111,1079,2012.0,0.0,57443.0,0.20266800000000001,-0.203262,ISL,ITA,6591
1542807,113,111,1079,2012.0,0.0,1282.0,0.29205,0.638942,JOR,ITA,6591
1542808,114,111,1079,2012.0,0.0,242484.0,2.325746,-0.8705649999999999,JPN,ITA,6591
1542809,121,111,1079,2012.0,0.0,41378.0,1.839479,0.8272799999999999,KOR,ITA,6591
1542810,124,111,1079,2012.0,0.0,35979.0,0.36778099999999997,1.3771010000000001,LBN,ITA,6591
1542811,127,111,1079,2012.0,0.0,60684.0,0.714758,-0.034339,LCA,ITA,6591
1542812,130,111,1079,2012.0,0.0,5831.0,0.739945,1.217062,LTU,ITA,6591
1542813,131,111,1079,2012.0,0.0,35678.0,1.0163739999999999,1.178021,LUX,ITA,6591
1542814,132,111,1079,2012.0,27234.0,3917.0,0.704565,1.000552,LVA,ITA,6591
1542815,134,111,1079,2012.0,0.0,23349.0,-0.330598,0.037439,MAR,ITA,6591
1542816,140,111,1079,2012.0,0.0,9011.0,-0.08785599999999999,0.153128,MKD,ITA,6591
1542817,156,111,1079,2012.0,0.0,29011.0,-0.650737,-0.897949,NCL,ITA,6591
1542818,159,111,1079,2012.0,0.0,68770.0,-1.616498,-1.174816,NGA,ITA,6591
1542819,162,111,1079,2012.0,736834.0,69255.0,0.961975,1.517883,NLD,ITA,6591
1542820,163,111,1079,2012.0,0.0,284361.0,0.5462670000000001,-0.042712,NOR,ITA,6591
1542821,167,111,1079,2012.0,0.0,3056.0,-0.782802,-1.065774,OMN,ITA,6591
1542822,168,111,1079,2012.0,0.0,2119.0,-0.600346,0.474208,PAK,ITA,6591
1542823,177,111,1079,2012.0,0.0,183007.0,1.039598,1.145227,POL,ITA,6591
1542824,179,111,1079,2012.0,5449.0,19094.0,0.697799,2.122262,PRT,ITA,6591
1542825,185,111,1079,2012.0,18912.0,22218.0,0.952936,1.227809,ROU,ITA,6591
1542826,186,111,1079,2012.0,0.0,13870.0,-0.123649,-0.218926,RUS,ITA,6591
1542827,188,111,1079,2012.0,0.0,1259.0,-0.621115,-0.975865,SAU,ITA,6591
1542828,201,111,1079,2012.0,0.0,27020.0,0.696674,1.544065,SRB,ITA,6591
1542829,206,111,1079,2012.0,0.0,115170.0,1.3586200000000002,0.805751,SVK,ITA,6591
1542830,207,111,1079,2012.0,20773.0,71635.0,1.4933049999999999,0.58207,SVN,ITA,6591
1542831,208,111,1079,2012.0,16288.0,4599986.0,1.721268,0.15675,SWE,ITA,6591
1542832,216,111,1079,2012.0,4256.0,0.0,1.015684,1.20697,THA,ITA,6591
1542833,223,111,1079,2012.0,0.0,23229.0,0.509432,0.8157810000000001,TUN,ITA,6591
1542834,224,111,1079,2012.0,0.0,66062.0,0.657573,1.969027,TUR,ITA,6591
1542835,228,111,1079,2012.0,0.0,20453.0,0.533547,1.159378,UKR,ITA,6591
1542836,230,111,1079,2012.0,0.0,9278.0,0.013581000000000001,0.047302,URY,ITA,6591
1542837,231,111,1079,2012.0,307546.0,2513385.0,1.51134,-0.637794,USA,ITA,6591
1542838,246,111,1079,2012.0,0.0,31484.0,0.06510099999999999,1.748521,ZAF,ITA,6591
1542839,249,111,1079,2012.0,10797.0,0.0,1.671686,0.9854729999999999,TWN,ITA,6591
1542840,231,112,1079,2012.0,16573.0,0.0,1.51134,-0.637794,USA,JAM,6591
1542841,18,113,1079,2012.0,1677.0,0.0,1.06425,1.369205,BEL,JOR,6591
1542842,32,113,1079,2012.0,11627.0,0.0,0.340455,0.9006790000000001,BRA,JOR,6591
1542843,43,113,1079,2012.0,65351.0,0.0,1.2170590000000001,0.584412,CHN,JOR,6591
1542844,61,113,1079,2012.0,6087.0,0.0,1.977443,-3.692254,DEU,JOR,6591
1542845,81,113,1079,2012.0,4007.0,0.0,1.544653,0.776512,GBR,JOR,6591
1542846,108,113,1079,2012.0,0.0,78763.0,-3.076964,-0.852475,IRQ,JOR,6591
1542847,111,113,1079,2012.0,1282.0,0.0,1.396626,-0.43950500000000003,ITA,JOR,6591
1542848,114,113,1079,2012.0,19825.0,0.0,2.325746,-0.8705649999999999,JPN,JOR,6591
1542849,162,113,1079,2012.0,13559.0,0.0,0.961975,1.517883,NLD,JOR,6591
1542850,179,113,1079,2012.0,1093.0,0.0,0.697799,2.122262,PRT,JOR,6591
1542851,24,114,1079,2012.0,0.0,2723.0,-0.01785,-0.780651,BHR,JPN,6591
1542852,43,114,1079,2012.0,394187.0,0.0,1.2170590000000001,0.584412,CHN,JPN,6591
1542853,58,114,1079,2012.0,0.0,1884.0,0.621962,0.188051,CYP,JPN,6591
1542854,61,114,1079,2012.0,130047.0,0.0,1.977443,-3.692254,DEU,JPN,6591
1542855,81,114,1079,2012.0,81327.0,0.0,1.544653,0.776512,GBR,JPN,6591
1542856,102,114,1079,2012.0,23168.0,0.0,1.61049,0.44614799999999993,HUN,JPN,6591
1542857,103,114,1079,2012.0,0.0,4244.0,0.045694,1.635448,IDN,JPN,6591
1542858,111,114,1079,2012.0,242484.0,0.0,1.396626,-0.43950500000000003,ITA,JPN,6591
1542859,113,114,1079,2012.0,0.0,19825.0,0.29205,0.638942,JOR,JPN,6591
1542860,162,114,1079,2012.0,1717823.0,0.0,0.961975,1.517883,NLD,JPN,6591
1542861,176,114,1079,2012.0,0.0,4342.0,-1.0462200000000001,-1.022037,PNG,JPN,6591
1542862,192,114,1079,2012.0,1148.0,0.0,1.762134,0.583393,SGP,JPN,6591
1542863,208,114,1079,2012.0,13979.0,0.0,1.721268,0.15675,SWE,JPN,6591
1542864,216,114,1079,2012.0,43680.0,0.0,1.015684,1.20697,THA,JPN,6591
1542865,231,114,1079,2012.0,178545.0,0.0,1.51134,-0.637794,USA,JPN,6591
1542866,239,114,1079,2012.0,0.0,22395.0,0.0755,1.008183,VNM,JPN,6591
1542867,249,114,1079,2012.0,38371.0,0.0,1.671686,0.9854729999999999,TWN,JPN,6591
1542868,15,121,1079,2012.0,3580.0,0.0,1.710955,-0.8860399999999999,AUT,KOR,6591
1542869,18,121,1079,2012.0,23982.0,0.0,1.06425,1.369205,BEL,KOR,6591
1542870,22,121,1079,2012.0,0.0,2100.0,-0.62037,-0.6858350000000001,BGD,KOR,6591
1542871,39,121,1079,2012.0,0.0,105066.0,0.630575,1.28653,CAN,KOR,6591
1542872,43,121,1079,2012.0,113558.0,159977.0,1.2170590000000001,0.584412,CHN,KOR,6591
1542873,59,121,1079,2012.0,0.0,1956.0,1.7368299999999999,-0.651329,CZE,KOR,6591
1542874,61,121,1079,2012.0,369455.0,0.0,1.977443,-3.692254,DEU,KOR,6591
1542875,73,121,1079,2012.0,0.0,13875.0,-0.9118729999999999,-0.8843,ETH,KOR,6591
1542876,77,121,1079,2012.0,5073.0,0.0,1.414721,0.07219600000000001,FRA,KOR,6591
1542877,82,121,1079,2012.0,0.0,20820.0,-0.244691,-0.552666,GEO,KOR,6591
1542878,103,121,1079,2012.0,0.0,242699.0,0.045694,1.635448,IDN,KOR,6591
1542879,104,121,1079,2012.0,0.0,2219.0,0.24883200000000003,2.463711,IND,KOR,6591
1542880,111,121,1079,2012.0,41378.0,0.0,1.396626,-0.43950500000000003,ITA,KOR,6591
1542881,115,121,1079,2012.0,0.0,5366.0,-0.447428,-0.42193,KAZ,KOR,6591
1542882,138,121,1079,2012.0,0.0,1411.0,1.166986,0.662798,MEX,KOR,6591
1542883,153,121,1079,2012.0,0.0,5933.0,0.93739,0.726329,MYS,KOR,6591
1542884,162,121,1079,2012.0,1881810.0,0.0,0.961975,1.517883,NLD,KOR,6591
1542885,166,121,1079,2012.0,0.0,2485.0,0.21502399999999997,0.746456,NZL,KOR,6591
1542886,174,121,1079,2012.0,0.0,21176.0,0.44656,0.55585,PHL,KOR,6591
1542887,185,121,1079,2012.0,0.0,73523.0,0.952936,1.227809,ROU,KOR,6591
1542888,186,121,1079,2012.0,0.0,18034.0,-0.123649,-0.218926,RUS,KOR,6591
1542889,192,121,1079,2012.0,0.0,35839.0,1.762134,0.583393,SGP,KOR,6591
1542890,208,121,1079,2012.0,19102.0,0.0,1.721268,0.15675,SWE,KOR,6591
1542891,231,121,1079,2012.0,116768.0,2606.0,1.51134,-0.637794,USA,KOR,6591
1542892,239,121,1079,2012.0,0.0,106923.0,0.0755,1.008183,VNM,KOR,6591
1542893,243,121,1079,2012.0,0.0,33059.0,-1.180884,-1.22621,YEM,KOR,6591
1542894,249,121,1079,2012.0,5843.0,23390.0,1.671686,0.9854729999999999,TWN,KOR,6591
1542895,32,138,1079,2012.0,1462.0,0.0,0.340455,0.9006790000000001,BRA,MEX,6591
1542896,43,138,1079,2012.0,102509.0,0.0,1.2170590000000001,0.584412,CHN,MEX,6591
1542897,52,138,1079,2012.0,0.0,3691.0,0.24381799999999998,-0.560793,CRI,MEX,6591
1542898,54,138,1079,2012.0,0.0,5701.0,0.081568,-0.690941,CUB,MEX,6591
1542899,71,138,1079,2012.0,1723.0,0.0,0.925701,1.8700189999999999,ESP,MEX,6591
1542900,81,138,1079,2012.0,1015.0,0.0,1.544653,0.776512,GBR,MEX,6591
1542901,93,138,1079,2012.0,0.0,2173.0,-0.15801400000000002,0.5786640000000001,GTM,MEX,6591
1542902,121,138,1079,2012.0,1411.0,0.0,1.839479,0.8272799999999999,KOR,MEX,6591
1542903,162,138,1079,2012.0,8175.0,0.0,0.961975,1.517883,NLD,MEX,6591
1542904,197,138,1079,2012.0,0.0,1567.0,0.12898900000000002,0.36512,SLV,MEX,6591
1542905,208,138,1079,2012.0,3526.0,0.0,1.721268,0.15675,SWE,MEX,6591
1542906,231,138,1079,2012.0,477126.0,1723.0,1.51134,-0.637794,USA,MEX,6591
1542907,34,153,1079,2012.0,0.0,2824.0,-2.9686049999999997,-0.8427290000000001,BRN,MYS,6591
1542908,43,153,1079,2012.0,21466.0,0.0,1.2170590000000001,0.584412,CHN,MYS,6591
1542909,61,153,1079,2012.0,21736.0,0.0,1.977443,-3.692254,DEU,MYS,6591
1542910,81,153,1079,2012.0,18639.0,0.0,1.544653,0.776512,GBR,MYS,6591
1542911,103,153,1079,2012.0,12487.0,21915.0,0.045694,1.635448,IDN,MYS,6591
1542912,106,153,1079,2012.0,0.0,169755.0,1.1761549999999998,0.279569,IRL,MYS,6591
1542913,121,153,1079,2012.0,5933.0,0.0,1.839479,0.8272799999999999,KOR,MYS,6591
1542914,137,153,1079,2012.0,0.0,12624.0,-0.12348699999999999,-0.7748430000000001,MDV,MYS,6591
1542915,162,153,1079,2012.0,30358.0,0.0,0.961975,1.517883,NLD,MYS,6591
1542916,192,153,1079,2012.0,56162.0,0.0,1.762134,0.583393,SGP,MYS,6591
1542917,208,153,1079,2012.0,9302.0,0.0,1.721268,0.15675,SWE,MYS,6591
1542918,216,153,1079,2012.0,0.0,1986.0,1.015684,1.20697,THA,MYS,6591
1542919,231,153,1079,2012.0,470172.0,0.0,1.51134,-0.637794,USA,MYS,6591
1542920,239,153,1079,2012.0,0.0,6471.0,0.0755,1.008183,VNM,MYS,6591
1542921,243,153,1079,2012.0,0.0,185855.0,-1.180884,-1.22621,YEM,MYS,6591
1542922,247,153,1079,2012.0,0.0,4243.0,-0.356518,-0.71057,ZMB,MYS,6591
1542923,249,153,1079,2012.0,2817.0,0.0,1.671686,0.9854729999999999,TWN,MYS,6591
1542924,43,160,1079,2012.0,1968.0,0.0,1.2170590000000001,0.584412,CHN,NIC,6591
1542925,4,162,1079,2012.0,0.0,7632.0,-0.331512,-0.049776,ALB,NLD,6591
1542926,7,162,1079,2012.0,0.0,361922.0,0.256232,-0.46518400000000004,ARE,NLD,6591
1542927,8,162,1079,2012.0,0.0,25935.0,-0.019015,0.548292,ARG,NLD,6591
1542928,14,162,1079,2012.0,6962.0,4958988.0,-0.537197,-0.22305300000000003,AUS,NLD,6591
1542929,15,162,1079,2012.0,0.0,3828698.0,1.710955,-0.8860399999999999,AUT,NLD,6591
1542930,16,162,1079,2012.0,0.0,35791.0,-1.44287,-1.261817,AZE,NLD,6591
1542931,18,162,1079,2012.0,122135.0,125731.0,1.06425,1.369205,BEL,NLD,6591
1542932,23,162,1079,2012.0,0.0,102028.0,0.601161,1.594487,BGR,NLD,6591
1542933,24,162,1079,2012.0,0.0,3409.0,-0.01785,-0.780651,BHR,NLD,6591
1542934,26,162,1079,2012.0,0.0,7708.0,0.6672520000000001,1.16153,BIH,NLD,6591
1542935,32,162,1079,2012.0,0.0,279165.0,0.340455,0.9006790000000001,BRA,NLD,6591
1542936,39,162,1079,2012.0,364771.0,11134547.0,0.630575,1.28653,CAN,NLD,6591
1542937,41,162,1079,2012.0,22251.0,6839919.0,2.0265150000000003,0.6496689999999999,CHE,NLD,6591
1542938,42,162,1079,2012.0,0.0,129753.0,-0.180309,-0.33571799999999996,CHL,NLD,6591
1542939,43,162,1079,2012.0,1182.0,5248066.0,1.2170590000000001,0.584412,CHN,NLD,6591
1542940,45,162,1079,2012.0,0.0,9198.0,-1.018794,-1.013026,CMR,NLD,6591
1542941,55,162,1079,2012.0,0.0,7734.0,0.003982,-0.685596,CUW,NLD,6591
1542942,58,162,1079,2012.0,0.0,6208.0,0.621962,0.188051,CYP,NLD,6591
1542943,59,162,1079,2012.0,0.0,2708703.0,1.7368299999999999,-0.651329,CZE,NLD,6591
1542944,61,162,1079,2012.0,5731260.0,27141352.0,1.977443,-3.692254,DEU,NLD,6591
1542945,64,162,1079,2012.0,27193.0,10445795.0,1.159478,1.053761,DNK,NLD,6591
1542946,66,162,1079,2012.0,0.0,5331.0,-1.745941,-1.149894,DZA,NLD,6591
1542947,71,162,1079,2012.0,0.0,84323.0,0.925701,1.8700189999999999,ESP,NLD,6591
1542948,72,162,1079,2012.0,0.0,407563.0,0.8603,1.3146870000000002,EST,NLD,6591
1542949,74,162,1079,2012.0,4638.0,2021800.0,1.5813700000000002,0.872251,FIN,NLD,6591
1542950,77,162,1079,2012.0,1044954.0,15292928.0,1.414721,0.07219600000000001,FRA,NLD,6591
1542951,81,162,1079,2012.0,13653078.0,10704433.0,1.544653,0.776512,GBR,NLD,6591
1542952,83,162,1079,2012.0,0.0,3110.0,-1.0541049999999998,-0.7275590000000001,GHA,NLD,6591
1542953,90,162,1079,2012.0,0.0,1674.0,0.161352,1.273024,GRC,NLD,6591
1542954,97,162,1079,2012.0,0.0,309397.0,0.788308,1.029625,HKG,NLD,6591
1542955,100,162,1079,2012.0,0.0,20528.0,0.881764,1.149456,HRV,NLD,6591
1542956,102,162,1079,2012.0,0.0,42578.0,1.61049,0.44614799999999993,HUN,NLD,6591
1542957,103,162,1079,2012.0,0.0,146305.0,0.045694,1.635448,IDN,NLD,6591
1542958,104,162,1079,2012.0,0.0,172805.0,0.24883200000000003,2.463711,IND,NLD,6591
1542959,106,162,1079,2012.0,0.0,1573296.0,1.1761549999999998,0.279569,IRL,NLD,6591
1542960,109,162,1079,2012.0,0.0,468544.0,0.20266800000000001,-0.203262,ISL,NLD,6591
1542961,110,162,1079,2012.0,0.0,28499.0,1.125254,0.736004,ISR,NLD,6591
1542962,111,162,1079,2012.0,69255.0,736834.0,1.396626,-0.43950500000000003,ITA,NLD,6591
1542963,113,162,1079,2012.0,0.0,13559.0,0.29205,0.638942,JOR,NLD,6591
1542964,114,162,1079,2012.0,0.0,1717823.0,2.325746,-0.8705649999999999,JPN,NLD,6591
1542965,115,162,1079,2012.0,0.0,30503.0,-0.447428,-0.42193,KAZ,NLD,6591
1542966,121,162,1079,2012.0,0.0,1881810.0,1.839479,0.8272799999999999,KOR,NLD,6591
1542967,122,162,1079,2012.0,0.0,36953.0,-1.130729,-1.083905,KWT,NLD,6591
1542968,124,162,1079,2012.0,0.0,98328.0,0.36778099999999997,1.3771010000000001,LBN,NLD,6591
1542969,126,162,1079,2012.0,0.0,18205.0,-2.778437,-1.15615,LBY,NLD,6591
1542970,130,162,1079,2012.0,0.0,48794.0,0.739945,1.217062,LTU,NLD,6591
1542971,132,162,1079,2012.0,0.0,138607.0,0.704565,1.000552,LVA,NLD,6591
1542972,134,162,1079,2012.0,0.0,17423.0,-0.330598,0.037439,MAR,NLD,6591
1542973,135,162,1079,2012.0,0.0,1468.0,0.166439,0.555431,MDA,NLD,6591
1542974,138,162,1079,2012.0,0.0,8175.0,1.166986,0.662798,MEX,NLD,6591
1542975,142,162,1079,2012.0,0.0,2887.0,0.775001,0.048663,MLT,NLD,6591
1542976,153,162,1079,2012.0,0.0,30358.0,0.93739,0.726329,MYS,NLD,6591
1542977,163,162,1079,2012.0,0.0,1294217.0,0.5462670000000001,-0.042712,NOR,NLD,6591
1542978,166,162,1079,2012.0,0.0,813421.0,0.21502399999999997,0.746456,NZL,NLD,6591
1542979,173,162,1079,2012.0,0.0,13729.0,-0.47011499999999995,0.340251,PER,NLD,6591
1542980,177,162,1079,2012.0,0.0,558177.0,1.039598,1.145227,POL,NLD,6591
1542981,179,162,1079,2012.0,0.0,600691.0,0.697799,2.122262,PRT,NLD,6591
1542982,185,162,1079,2012.0,0.0,66432.0,0.952936,1.227809,ROU,NLD,6591
1542983,186,162,1079,2012.0,0.0,1326523.0,-0.123649,-0.218926,RUS,NLD,6591
1542984,188,162,1079,2012.0,0.0,545235.0,-0.621115,-0.975865,SAU,NLD,6591
1542985,192,162,1079,2012.0,0.0,218949.0,1.762134,0.583393,SGP,NLD,6591
1542986,201,162,1079,2012.0,0.0,32864.0,0.696674,1.544065,SRB,NLD,6591
1542987,205,162,1079,2012.0,0.0,4581.0,-0.47594899999999996,-0.966457,SUR,NLD,6591
1542988,206,162,1079,2012.0,0.0,30239.0,1.3586200000000002,0.805751,SVK,NLD,6591
1542989,207,162,1079,2012.0,0.0,38142.0,1.4933049999999999,0.58207,SVN,NLD,6591
1542990,208,162,1079,2012.0,8499.0,18584864.0,1.721268,0.15675,SWE,NLD,6591
1542991,216,162,1079,2012.0,0.0,91550.0,1.015684,1.20697,THA,NLD,6591
1542992,223,162,1079,2012.0,0.0,2375.0,0.509432,0.8157810000000001,TUN,NLD,6591
1542993,224,162,1079,2012.0,0.0,530027.0,0.657573,1.969027,TUR,NLD,6591
1542994,228,162,1079,2012.0,0.0,14165.0,0.533547,1.159378,UKR,NLD,6591
1542995,231,162,1079,2012.0,40272.0,24536786.0,1.51134,-0.637794,USA,NLD,6591
1542996,236,162,1079,2012.0,0.0,98841.0,-1.6796689999999999,-1.168002,VEN,NLD,6591
1542997,239,162,1079,2012.0,0.0,17820.0,0.0755,1.008183,VNM,NLD,6591
1542998,246,162,1079,2012.0,0.0,175040.0,0.06510099999999999,1.748521,ZAF,NLD,6591
1542999,249,162,1079,2012.0,0.0,182956.0,1.671686,0.9854729999999999,TWN,NLD,6591
1543000,14,166,1079,2012.0,209176.0,15252.0,-0.537197,-0.22305300000000003,AUS,NZL,6591
1543001,43,166,1079,2012.0,33021.0,0.0,1.2170590000000001,0.584412,CHN,NZL,6591
1543002,75,166,1079,2012.0,0.0,21428.0,-0.332623,0.020258,FJI,NZL,6591
1543003,77,166,1079,2012.0,1440.0,0.0,1.414721,0.07219600000000001,FRA,NZL,6591
1543004,81,166,1079,2012.0,10451.0,0.0,1.544653,0.776512,GBR,NZL,6591
1543005,121,166,1079,2012.0,2485.0,0.0,1.839479,0.8272799999999999,KOR,NZL,6591
1543006,162,166,1079,2012.0,813421.0,0.0,0.961975,1.517883,NLD,NZL,6591
1543007,176,166,1079,2012.0,0.0,5218.0,-1.0462200000000001,-1.022037,PNG,NZL,6591
1543008,208,166,1079,2012.0,1087.0,0.0,1.721268,0.15675,SWE,NZL,6591
1543009,246,166,1079,2012.0,0.0,3455.0,0.06510099999999999,1.748521,ZAF,NZL,6591
1543010,25,169,1079,2012.0,0.0,3466.0,0.37130799999999997,-0.526134,BHS,PAN,6591
1543011,43,169,1079,2012.0,29287.0,0.0,1.2170590000000001,0.584412,CHN,PAN,6591
1543012,52,169,1079,2012.0,0.0,2003.0,0.24381799999999998,-0.560793,CRI,PAN,6591
1543013,67,169,1079,2012.0,0.0,1052.0,-0.66209,-0.796325,ECU,PAN,6591
1543014,99,169,1079,2012.0,0.0,2246.0,-0.362811,-0.012651,HND,PAN,6591
1543015,101,169,1079,2012.0,0.0,1001.0,-0.595386,-0.902546,HTI,PAN,6591
1543016,216,169,1079,2012.0,78600.0,0.0,1.015684,1.20697,THA,PAN,6591
1543017,236,169,1079,2012.0,0.0,29107.0,-1.6796689999999999,-1.168002,VEN,PAN,6591
1543018,250,169,1079,2012.0,11429.0,0.0,0.34242399999999995,-0.007095999999999999,ANS,PAN,6591
1543019,71,173,1079,2012.0,53063.0,0.0,0.925701,1.8700189999999999,ESP,PER,6591
1543020,77,173,1079,2012.0,41120.0,0.0,1.414721,0.07219600000000001,FRA,PER,6591
1543021,162,173,1079,2012.0,13729.0,0.0,0.961975,1.517883,NLD,PER,6591
1543022,231,173,1079,2012.0,5109.0,0.0,1.51134,-0.637794,USA,PER,6591
1543023,43,174,1079,2012.0,140515.0,0.0,1.2170590000000001,0.584412,CHN,PHL,6591
1543024,103,174,1079,2012.0,4572.0,0.0,0.045694,1.635448,IDN,PHL,6591
1543025,121,174,1079,2012.0,21176.0,0.0,1.839479,0.8272799999999999,KOR,PHL,6591
1543026,216,174,1079,2012.0,62068.0,0.0,1.015684,1.20697,THA,PHL,6591
1543027,239,174,1079,2012.0,2641.0,0.0,0.0755,1.008183,VNM,PHL,6591
1543028,249,174,1079,2012.0,93296.0,0.0,1.671686,0.9854729999999999,TWN,PHL,6591
1543029,16,177,1079,2012.0,0.0,1970.0,-1.44287,-1.261817,AZE,POL,6591
1543030,18,177,1079,2012.0,3550.0,0.0,1.06425,1.369205,BEL,POL,6591
1543031,59,177,1079,2012.0,1033.0,7965.0,1.7368299999999999,-0.651329,CZE,POL,6591
1543032,61,177,1079,2012.0,592711.0,0.0,1.977443,-3.692254,DEU,POL,6591
1543033,64,177,1079,2012.0,38875.0,12539.0,1.159478,1.053761,DNK,POL,6591
1543034,71,177,1079,2012.0,22852.0,0.0,0.925701,1.8700189999999999,ESP,POL,6591
1543035,72,177,1079,2012.0,0.0,80996.0,0.8603,1.3146870000000002,EST,POL,6591
1543036,77,177,1079,2012.0,532559.0,6113.0,1.414721,0.07219600000000001,FRA,POL,6591
1543037,82,177,1079,2012.0,0.0,4445.0,-0.244691,-0.552666,GEO,POL,6591
1543038,102,177,1079,2012.0,0.0,3096046.0,1.61049,0.44614799999999993,HUN,POL,6591
1543039,111,177,1079,2012.0,183007.0,0.0,1.396626,-0.43950500000000003,ITA,POL,6591
1543040,130,177,1079,2012.0,0.0,1650.0,0.739945,1.217062,LTU,POL,6591
1543041,132,177,1079,2012.0,6623.0,3072.0,0.704565,1.000552,LVA,POL,6591
1543042,162,177,1079,2012.0,558177.0,0.0,0.961975,1.517883,NLD,POL,6591
1543043,167,177,1079,2012.0,0.0,1094.0,-0.782802,-1.065774,OMN,POL,6591
1543044,185,177,1079,2012.0,0.0,48697.0,0.952936,1.227809,ROU,POL,6591
1543045,186,177,1079,2012.0,0.0,71143.0,-0.123649,-0.218926,RUS,POL,6591
1543046,207,177,1079,2012.0,41548.0,0.0,1.4933049999999999,0.58207,SVN,POL,6591
1543047,208,177,1079,2012.0,346914.0,0.0,1.721268,0.15675,SWE,POL,6591
1543048,224,177,1079,2012.0,15450.0,0.0,0.657573,1.969027,TUR,POL,6591
1543049,228,177,1079,2012.0,0.0,1673.0,0.533547,1.159378,UKR,POL,6591
1543050,231,177,1079,2012.0,0.0,1733.0,1.51134,-0.637794,USA,POL,6591
1543051,2,179,1079,2012.0,0.0,281715.0,-1.610059,-1.1253739999999999,AGO,PRT,6591
1543052,15,179,1079,2012.0,8227.0,0.0,1.710955,-0.8860399999999999,AUT,PRT,6591
1543053,18,179,1079,2012.0,28544.0,0.0,1.06425,1.369205,BEL,PRT,6591
1543054,51,179,1079,2012.0,0.0,4286.0,-0.000833,-0.559762,CPV,PRT,6591
1543055,59,179,1079,2012.0,0.0,1691.0,1.7368299999999999,-0.651329,CZE,PRT,6591
1543056,61,179,1079,2012.0,246255.0,74018.0,1.977443,-3.692254,DEU,PRT,6591
1543057,64,179,1079,2012.0,0.0,16275.0,1.159478,1.053761,DNK,PRT,6591
1543058,71,179,1079,2012.0,125593.0,19993.0,0.925701,1.8700189999999999,ESP,PRT,6591
1543059,77,179,1079,2012.0,43344.0,36324.0,1.414721,0.07219600000000001,FRA,PRT,6591
1543060,81,179,1079,2012.0,3525.0,3291.0,1.544653,0.776512,GBR,PRT,6591
1543061,111,179,1079,2012.0,19094.0,5449.0,1.396626,-0.43950500000000003,ITA,PRT,6591
1543062,113,179,1079,2012.0,0.0,1093.0,0.29205,0.638942,JOR,PRT,6591
1543063,134,179,1079,2012.0,0.0,7313.0,-0.330598,0.037439,MAR,PRT,6591
1543064,147,179,1079,2012.0,0.0,5020.0,-1.274567,-1.045444,MOZ,PRT,6591
1543065,162,179,1079,2012.0,600691.0,0.0,0.961975,1.517883,NLD,PRT,6591
1543066,191,179,1079,2012.0,0.0,6041.0,-0.379797,0.020130000000000002,SEN,PRT,6591
1543067,203,179,1079,2012.0,0.0,1120.0,0.85051,0.057023000000000004,STP,PRT,6591
1543068,42,180,1079,2012.0,3342.0,0.0,-0.180309,-0.33571799999999996,CHL,PRY,6591
1543069,7,188,1079,2012.0,0.0,1379.0,0.256232,-0.46518400000000004,ARE,SAU,6591
1543070,14,188,1079,2012.0,0.0,79748.0,-0.537197,-0.22305300000000003,AUS,SAU,6591
1543071,18,188,1079,2012.0,60698.0,0.0,1.06425,1.369205,BEL,SAU,6591
1543072,24,188,1079,2012.0,0.0,25650.0,-0.01785,-0.780651,BHR,SAU,6591
1543073,39,188,1079,2012.0,0.0,72265.0,0.630575,1.28653,CAN,SAU,6591
1543074,43,188,1079,2012.0,1328101.0,0.0,1.2170590000000001,0.584412,CHN,SAU,6591
1543075,61,188,1079,2012.0,74925.0,0.0,1.977443,-3.692254,DEU,SAU,6591
1543076,77,188,1079,2012.0,3275.0,0.0,1.414721,0.07219600000000001,FRA,SAU,6591
1543077,104,188,1079,2012.0,337858.0,0.0,0.24883200000000003,2.463711,IND,SAU,6591
1543078,111,188,1079,2012.0,1259.0,0.0,1.396626,-0.43950500000000003,ITA,SAU,6591
1543079,159,188,1079,2012.0,0.0,41978.0,-1.616498,-1.174816,NGA,SAU,6591
1543080,162,188,1079,2012.0,545235.0,0.0,0.961975,1.517883,NLD,SAU,6591
1543081,190,188,1079,2012.0,0.0,937631.0,-1.2913139999999999,-1.144454,SDN,SAU,6591
1543082,208,188,1079,2012.0,22474.0,0.0,1.721268,0.15675,SWE,SAU,6591
1543083,216,188,1079,2012.0,127865.0,0.0,1.015684,1.20697,THA,SAU,6591
1543084,231,188,1079,2012.0,0.0,1266099.0,1.51134,-0.637794,USA,SAU,6591
1543085,249,188,1079,2012.0,42966.0,0.0,1.671686,0.9854729999999999,TWN,SAU,6591
1543086,188,190,1079,2012.0,937631.0,0.0,-0.621115,-0.975865,SAU,SDN,6591
1543087,14,192,1079,2012.0,109496.0,6910.0,-0.537197,-0.22305300000000003,AUS,SGP,6591
1543088,15,192,1079,2012.0,12554.0,0.0,1.710955,-0.8860399999999999,AUT,SGP,6591
1543089,16,192,1079,2012.0,0.0,4057.0,-1.44287,-1.261817,AZE,SGP,6591
1543090,18,192,1079,2012.0,1452.0,0.0,1.06425,1.369205,BEL,SGP,6591
1543091,34,192,1079,2012.0,0.0,1464.0,-2.9686049999999997,-0.8427290000000001,BRN,SGP,6591
1543092,43,192,1079,2012.0,45499.0,0.0,1.2170590000000001,0.584412,CHN,SGP,6591
1543093,77,192,1079,2012.0,6330.0,0.0,1.414721,0.07219600000000001,FRA,SGP,6591
1543094,81,192,1079,2012.0,5597.0,0.0,1.544653,0.776512,GBR,SGP,6591
1543095,103,192,1079,2012.0,33241.0,436690.0,0.045694,1.635448,IDN,SGP,6591
1543096,104,192,1079,2012.0,4614.0,0.0,0.24883200000000003,2.463711,IND,SGP,6591
1543097,114,192,1079,2012.0,0.0,1148.0,2.325746,-0.8705649999999999,JPN,SGP,6591
1543098,121,192,1079,2012.0,35839.0,0.0,1.839479,0.8272799999999999,KOR,SGP,6591
1543099,153,192,1079,2012.0,0.0,56162.0,0.93739,0.726329,MYS,SGP,6591
1543100,162,192,1079,2012.0,218949.0,0.0,0.961975,1.517883,NLD,SGP,6591
1543101,163,192,1079,2012.0,1993.0,0.0,0.5462670000000001,-0.042712,NOR,SGP,6591
1543102,182,192,1079,2012.0,0.0,2027.0,0.035705,-0.696042,PYF,SGP,6591
1543103,216,192,1079,2012.0,77675.0,1288.0,1.015684,1.20697,THA,SGP,6591
1543104,231,192,1079,2012.0,29574.0,0.0,1.51134,-0.637794,USA,SGP,6591
1543105,239,192,1079,2012.0,0.0,1865.0,0.0755,1.008183,VNM,SGP,6591
1543106,138,197,1079,2012.0,1567.0,0.0,1.166986,0.662798,MEX,SLV,6591
1543107,179,203,1079,2012.0,1120.0,0.0,0.697799,2.122262,PRT,STP,6591
1543108,162,205,1079,2012.0,4581.0,0.0,0.961975,1.517883,NLD,SUR,6591
1543109,15,206,1079,2012.0,2953.0,0.0,1.710955,-0.8860399999999999,AUT,SVK,6591
1543110,59,206,1079,2012.0,68327.0,128638.0,1.7368299999999999,-0.651329,CZE,SVK,6591
1543111,61,206,1079,2012.0,124633.0,13827.0,1.977443,-3.692254,DEU,SVK,6591
1543112,64,206,1079,2012.0,0.0,52732.0,1.159478,1.053761,DNK,SVK,6591
1543113,77,206,1079,2012.0,51088.0,0.0,1.414721,0.07219600000000001,FRA,SVK,6591
1543114,102,206,1079,2012.0,0.0,10045.0,1.61049,0.44614799999999993,HUN,SVK,6591
1543115,111,206,1079,2012.0,115170.0,0.0,1.396626,-0.43950500000000003,ITA,SVK,6591
1543116,162,206,1079,2012.0,30239.0,0.0,0.961975,1.517883,NLD,SVK,6591
1543117,208,206,1079,2012.0,10497.0,0.0,1.721268,0.15675,SWE,SVK,6591
1543118,224,206,1079,2012.0,6441.0,0.0,0.657573,1.969027,TUR,SVK,6591
1543119,231,206,1079,2012.0,1369.0,0.0,1.51134,-0.637794,USA,SVK,6591
1543120,250,206,1079,2012.0,298794.0,0.0,0.34242399999999995,-0.007095999999999999,ANS,SVK,6591
1543121,15,207,1079,2012.0,132409.0,0.0,1.710955,-0.8860399999999999,AUT,SVN,6591
1543122,18,207,1079,2012.0,3948.0,0.0,1.06425,1.369205,BEL,SVN,6591
1543123,23,207,1079,2012.0,0.0,2458.0,0.601161,1.594487,BGR,SVN,6591
1543124,41,207,1079,2012.0,6079.0,0.0,2.0265150000000003,0.6496689999999999,CHE,SVN,6591
1543125,61,207,1079,2012.0,165787.0,0.0,1.977443,-3.692254,DEU,SVN,6591
1543126,77,207,1079,2012.0,8796.0,0.0,1.414721,0.07219600000000001,FRA,SVN,6591
1543127,100,207,1079,2012.0,0.0,7815.0,0.881764,1.149456,HRV,SVN,6591
1543128,111,207,1079,2012.0,71635.0,20773.0,1.396626,-0.43950500000000003,ITA,SVN,6591
1543129,130,207,1079,2012.0,0.0,38514.0,0.739945,1.217062,LTU,SVN,6591
1543130,132,207,1079,2012.0,0.0,11711.0,0.704565,1.000552,LVA,SVN,6591
1543131,140,207,1079,2012.0,0.0,6293.0,-0.08785599999999999,0.153128,MKD,SVN,6591
1543132,162,207,1079,2012.0,38142.0,0.0,0.961975,1.517883,NLD,SVN,6591
1543133,177,207,1079,2012.0,0.0,41548.0,1.039598,1.145227,POL,SVN,6591
1543134,185,207,1079,2012.0,0.0,70025.0,0.952936,1.227809,ROU,SVN,6591
1543135,201,207,1079,2012.0,0.0,55086.0,0.696674,1.544065,SRB,SVN,6591
1543136,249,207,1079,2012.0,2704.0,0.0,1.671686,0.9854729999999999,TWN,SVN,6591
1543137,250,207,1079,2012.0,4153.0,0.0,0.34242399999999995,-0.007095999999999999,ANS,SVN,6591
1543138,18,208,1079,2012.0,29165.0,0.0,1.06425,1.369205,BEL,SWE,6591
1543139,23,208,1079,2012.0,0.0,50522.0,0.601161,1.594487,BGR,SWE,6591
1543140,39,208,1079,2012.0,0.0,6677.0,0.630575,1.28653,CAN,SWE,6591
1543141,41,208,1079,2012.0,0.0,13221.0,2.0265150000000003,0.6496689999999999,CHE,SWE,6591
1543142,43,208,1079,2012.0,0.0,6498.0,1.2170590000000001,0.584412,CHN,SWE,6591
1543143,61,208,1079,2012.0,1955688.0,120282.0,1.977443,-3.692254,DEU,SWE,6591
1543144,64,208,1079,2012.0,4530.0,2743158.0,1.159478,1.053761,DNK,SWE,6591
1543145,66,208,1079,2012.0,0.0,1486.0,-1.745941,-1.149894,DZA,SWE,6591
1543146,71,208,1079,2012.0,0.0,5243.0,0.925701,1.8700189999999999,ESP,SWE,6591
1543147,74,208,1079,2012.0,0.0,476252.0,1.5813700000000002,0.872251,FIN,SWE,6591
1543148,77,208,1079,2012.0,281447.0,208343.0,1.414721,0.07219600000000001,FRA,SWE,6591
1543149,81,208,1079,2012.0,809413.0,24781.0,1.544653,0.776512,GBR,SWE,6591
1543150,90,208,1079,2012.0,0.0,6109.0,0.161352,1.273024,GRC,SWE,6591
1543151,104,208,1079,2012.0,71181.0,3013.0,0.24883200000000003,2.463711,IND,SWE,6591
1543152,109,208,1079,2012.0,0.0,56296.0,0.20266800000000001,-0.203262,ISL,SWE,6591
1543153,111,208,1079,2012.0,4599986.0,16288.0,1.396626,-0.43950500000000003,ITA,SWE,6591
1543154,114,208,1079,2012.0,0.0,13979.0,2.325746,-0.8705649999999999,JPN,SWE,6591
1543155,115,208,1079,2012.0,0.0,7613.0,-0.447428,-0.42193,KAZ,SWE,6591
1543156,121,208,1079,2012.0,0.0,19102.0,1.839479,0.8272799999999999,KOR,SWE,6591
1543157,131,208,1079,2012.0,0.0,21816.0,1.0163739999999999,1.178021,LUX,SWE,6591
1543158,132,208,1079,2012.0,0.0,4078.0,0.704565,1.000552,LVA,SWE,6591
1543159,135,208,1079,2012.0,0.0,2366.0,0.166439,0.555431,MDA,SWE,6591
1543160,138,208,1079,2012.0,0.0,3526.0,1.166986,0.662798,MEX,SWE,6591
1543161,153,208,1079,2012.0,0.0,9302.0,0.93739,0.726329,MYS,SWE,6591
1543162,162,208,1079,2012.0,18584864.0,8499.0,0.961975,1.517883,NLD,SWE,6591
1543163,163,208,1079,2012.0,3046.0,1376536.0,0.5462670000000001,-0.042712,NOR,SWE,6591
1543164,166,208,1079,2012.0,0.0,1087.0,0.21502399999999997,0.746456,NZL,SWE,6591
1543165,167,208,1079,2012.0,0.0,2166.0,-0.782802,-1.065774,OMN,SWE,6591
1543166,177,208,1079,2012.0,0.0,346914.0,1.039598,1.145227,POL,SWE,6591
1543167,185,208,1079,2012.0,0.0,6788.0,0.952936,1.227809,ROU,SWE,6591
1543168,186,208,1079,2012.0,0.0,20515.0,-0.123649,-0.218926,RUS,SWE,6591
1543169,188,208,1079,2012.0,0.0,22474.0,-0.621115,-0.975865,SAU,SWE,6591
1543170,206,208,1079,2012.0,0.0,10497.0,1.3586200000000002,0.805751,SVK,SWE,6591
1543171,219,208,1079,2012.0,0.0,24684.0,-1.406457,-1.2194200000000002,TKM,SWE,6591
1543172,224,208,1079,2012.0,0.0,6622.0,0.657573,1.969027,TUR,SWE,6591
1543173,231,208,1079,2012.0,37869.0,9648.0,1.51134,-0.637794,USA,SWE,6591
1543174,239,208,1079,2012.0,0.0,9555.0,0.0755,1.008183,VNM,SWE,6591
1543175,14,216,1079,2012.0,0.0,5639.0,-0.537197,-0.22305300000000003,AUS,THA,6591
1543176,16,216,1079,2012.0,0.0,5613.0,-1.44287,-1.261817,AZE,THA,6591
1543177,43,216,1079,2012.0,21972.0,0.0,1.2170590000000001,0.584412,CHN,THA,6591
1543178,61,216,1079,2012.0,3309.0,2142.0,1.977443,-3.692254,DEU,THA,6591
1543179,73,216,1079,2012.0,0.0,17156.0,-0.9118729999999999,-0.8843,ETH,THA,6591
1543180,81,216,1079,2012.0,0.0,2956.0,1.544653,0.776512,GBR,THA,6591
1543181,97,216,1079,2012.0,0.0,25030.0,0.788308,1.029625,HKG,THA,6591
1543182,104,216,1079,2012.0,1111.0,0.0,0.24883200000000003,2.463711,IND,THA,6591
1543183,111,216,1079,2012.0,0.0,4256.0,1.396626,-0.43950500000000003,ITA,THA,6591
1543184,114,216,1079,2012.0,0.0,43680.0,2.325746,-0.8705649999999999,JPN,THA,6591
1543185,123,216,1079,2012.0,0.0,1834.0,-0.874401,-0.737471,LAO,THA,6591
1543186,137,216,1079,2012.0,0.0,32870.0,-0.12348699999999999,-0.7748430000000001,MDV,THA,6591
1543187,153,216,1079,2012.0,1986.0,0.0,0.93739,0.726329,MYS,THA,6591
1543188,156,216,1079,2012.0,0.0,2515.0,-0.650737,-0.897949,NCL,THA,6591
1543189,162,216,1079,2012.0,91550.0,0.0,0.961975,1.517883,NLD,THA,6591
1543190,169,216,1079,2012.0,0.0,78600.0,1.001878,1.18554,PAN,THA,6591
1543191,174,216,1079,2012.0,0.0,62068.0,0.44656,0.55585,PHL,THA,6591
1543192,188,216,1079,2012.0,0.0,127865.0,-0.621115,-0.975865,SAU,THA,6591
1543193,192,216,1079,2012.0,1288.0,77675.0,1.762134,0.583393,SGP,THA,6591
1543194,231,216,1079,2012.0,8814.0,2095.0,1.51134,-0.637794,USA,THA,6591
1543195,243,216,1079,2012.0,0.0,14753.0,-1.180884,-1.22621,YEM,THA,6591
1543196,249,216,1079,2012.0,415120.0,0.0,1.671686,0.9854729999999999,TWN,THA,6591
1543197,81,222,1079,2012.0,1165.0,0.0,1.544653,0.776512,GBR,TTO,6591
1543198,231,222,1079,2012.0,39781.0,0.0,1.51134,-0.637794,USA,TTO,6591
1543199,15,224,1079,2012.0,18227.0,0.0,1.710955,-0.8860399999999999,AUT,TUR,6591
1543200,16,224,1079,2012.0,0.0,11662.0,-1.44287,-1.261817,AZE,TUR,6591
1543201,18,224,1079,2012.0,76201.0,0.0,1.06425,1.369205,BEL,TUR,6591
1543202,28,224,1079,2012.0,0.0,22715.0,1.0976059999999999,0.861051,BLR,TUR,6591
1543203,39,224,1079,2012.0,26930.0,0.0,0.630575,1.28653,CAN,TUR,6591
1543204,43,224,1079,2012.0,0.0,251201.0,1.2170590000000001,0.584412,CHN,TUR,6591
1543205,58,224,1079,2012.0,0.0,15811.0,0.621962,0.188051,CYP,TUR,6591
1543206,61,224,1079,2012.0,125385.0,0.0,1.977443,-3.692254,DEU,TUR,6591
1543207,66,224,1079,2012.0,0.0,46732.0,-1.745941,-1.149894,DZA,TUR,6591
1543208,68,224,1079,2012.0,0.0,301807.0,-0.145791,1.470876,EGY,TUR,6591
1543209,71,224,1079,2012.0,0.0,23759.0,0.925701,1.8700189999999999,ESP,TUR,6591
1543210,77,224,1079,2012.0,324679.0,0.0,1.414721,0.07219600000000001,FRA,TUR,6591
1543211,82,224,1079,2012.0,0.0,1248.0,-0.244691,-0.552666,GEO,TUR,6591
1543212,107,224,1079,2012.0,0.0,200614.0,-1.06794,-0.993099,IRN,TUR,6591
1543213,110,224,1079,2012.0,0.0,11970.0,1.125254,0.736004,ISR,TUR,6591
1543214,111,224,1079,2012.0,66062.0,0.0,1.396626,-0.43950500000000003,ITA,TUR,6591
1543215,115,224,1079,2012.0,0.0,8156.0,-0.447428,-0.42193,KAZ,TUR,6591
1543216,116,224,1079,2012.0,0.0,5365.0,-0.256144,0.21991599999999997,KEN,TUR,6591
1543217,117,224,1079,2012.0,0.0,11814.0,0.044116,0.678193,KGZ,TUR,6591
1543218,134,224,1079,2012.0,0.0,13662.0,-0.330598,0.037439,MAR,TUR,6591
1543219,135,224,1079,2012.0,0.0,1087.0,0.166439,0.555431,MDA,TUR,6591
1543220,140,224,1079,2012.0,0.0,11540.0,-0.08785599999999999,0.153128,MKD,TUR,6591
1543221,144,224,1079,2012.0,0.0,7943.0,0.028479,-0.045841,MNE,TUR,6591
1543222,162,224,1079,2012.0,530027.0,0.0,0.961975,1.517883,NLD,TUR,6591
1543223,177,224,1079,2012.0,0.0,15450.0,1.039598,1.145227,POL,TUR,6591
1543224,185,224,1079,2012.0,0.0,105953.0,0.952936,1.227809,ROU,TUR,6591
1543225,186,224,1079,2012.0,0.0,20226.0,-0.123649,-0.218926,RUS,TUR,6591
1543226,206,224,1079,2012.0,0.0,6441.0,1.3586200000000002,0.805751,SVK,TUR,6591
1543227,208,224,1079,2012.0,6622.0,0.0,1.721268,0.15675,SWE,TUR,6591
1543228,219,224,1079,2012.0,0.0,1600.0,-1.406457,-1.2194200000000002,TKM,TUR,6591
1543229,227,224,1079,2012.0,0.0,1090.0,-0.492733,0.4513,UGA,TUR,6591
1543230,228,224,1079,2012.0,0.0,12578.0,0.533547,1.159378,UKR,TUR,6591
1543231,231,224,1079,2012.0,24295.0,0.0,1.51134,-0.637794,USA,TUR,6591
1543232,232,224,1079,2012.0,0.0,313726.0,-0.426961,-0.539122,UZB,TUR,6591
1543233,250,224,1079,2012.0,0.0,3351.0,0.34242399999999995,-0.007095999999999999,ANS,TUR,6591
1543234,16,228,1079,2012.0,0.0,1976549.0,-1.44287,-1.261817,AZE,UKR,6591
1543235,18,228,1079,2012.0,948996.0,0.0,1.06425,1.369205,BEL,UKR,6591
1543236,23,228,1079,2012.0,0.0,85875.0,0.601161,1.594487,BGR,UKR,6591
1543237,28,228,1079,2012.0,0.0,509447.0,1.0976059999999999,0.861051,BLR,UKR,6591
1543238,46,228,1079,2012.0,0.0,5425.0,-1.3769209999999998,-1.218267,COD,UKR,6591
1543239,61,228,1079,2012.0,238356.0,0.0,1.977443,-3.692254,DEU,UKR,6591
1543240,77,228,1079,2012.0,19386.0,0.0,1.414721,0.07219600000000001,FRA,UKR,6591
1543241,81,228,1079,2012.0,43642.0,0.0,1.544653,0.776512,GBR,UKR,6591
1543242,82,228,1079,2012.0,0.0,926182.0,-0.244691,-0.552666,GEO,UKR,6591
1543243,102,228,1079,2012.0,39090.0,0.0,1.61049,0.44614799999999993,HUN,UKR,6591
1543244,111,228,1079,2012.0,20453.0,0.0,1.396626,-0.43950500000000003,ITA,UKR,6591
1543245,115,228,1079,2012.0,0.0,10331895.0,-0.447428,-0.42193,KAZ,UKR,6591
1543246,117,228,1079,2012.0,0.0,489824.0,0.044116,0.678193,KGZ,UKR,6591
1543247,135,228,1079,2012.0,0.0,556575.0,0.166439,0.555431,MDA,UKR,6591
1543248,162,228,1079,2012.0,14165.0,0.0,0.961975,1.517883,NLD,UKR,6591
1543249,177,228,1079,2012.0,1673.0,0.0,1.039598,1.145227,POL,UKR,6591
1543250,185,228,1079,2012.0,0.0,6318.0,0.952936,1.227809,ROU,UKR,6591
1543251,186,228,1079,2012.0,935518.0,4339792.0,-0.123649,-0.218926,RUS,UKR,6591
1543252,217,228,1079,2012.0,0.0,275651.0,-1.354542,-1.251443,TJK,UKR,6591
1543253,219,228,1079,2012.0,0.0,1680014.0,-1.406457,-1.2194200000000002,TKM,UKR,6591
1543254,224,228,1079,2012.0,12578.0,0.0,0.657573,1.969027,TUR,UKR,6591
1543255,231,228,1079,2012.0,7464.0,0.0,1.51134,-0.637794,USA,UKR,6591
1543256,232,228,1079,2012.0,0.0,2517072.0,-0.426961,-0.539122,UZB,UKR,6591
1543257,8,230,1079,2012.0,1350.0,0.0,-0.019015,0.548292,ARG,URY,6591
1543258,43,230,1079,2012.0,19660.0,0.0,1.2170590000000001,0.584412,CHN,URY,6591
1543259,61,230,1079,2012.0,3346.0,0.0,1.977443,-3.692254,DEU,URY,6591
1543260,111,230,1079,2012.0,9278.0,0.0,1.396626,-0.43950500000000003,ITA,URY,6591
1543261,0,231,1079,2012.0,0.0,9238.0,0.040139999999999995,-0.628788,ABW,USA,6591
1543262,2,231,1079,2012.0,0.0,2678.0,-1.610059,-1.1253739999999999,AGO,USA,6591
1543263,14,231,1079,2012.0,17728.0,9567.0,-0.537197,-0.22305300000000003,AUS,USA,6591
1543264,18,231,1079,2012.0,73255.0,0.0,1.06425,1.369205,BEL,USA,6591
1543265,24,231,1079,2012.0,0.0,11869.0,-0.01785,-0.780651,BHR,USA,6591
1543266,25,231,1079,2012.0,0.0,4257.0,0.37130799999999997,-0.526134,BHS,USA,6591
1543267,29,231,1079,2012.0,0.0,15884.0,-0.5242899999999999,-0.673233,BLZ,USA,6591
1543268,32,231,1079,2012.0,0.0,6020.0,0.340455,0.9006790000000001,BRA,USA,6591
1543269,33,231,1079,2012.0,0.0,21464.0,0.653472,0.43920600000000004,BRB,USA,6591
1543270,39,231,1079,2012.0,788826.0,7986959.0,0.630575,1.28653,CAN,USA,6591
1543271,42,231,1079,2012.0,0.0,3210.0,-0.180309,-0.33571799999999996,CHL,USA,6591
1543272,43,231,1079,2012.0,247037.0,3310.0,1.2170590000000001,0.584412,CHN,USA,6591
1543273,49,231,1079,2012.0,0.0,14496.0,0.034488,-0.340545,COL,USA,6591
1543274,52,231,1079,2012.0,0.0,83277.0,0.24381799999999998,-0.560793,CRI,USA,6591
1543275,57,231,1079,2012.0,0.0,61484.0,0.591658,-0.636717,CYM,USA,6591
1543276,61,231,1079,2012.0,3730786.0,172141.0,1.977443,-3.692254,DEU,USA,6591
1543277,63,231,1079,2012.0,0.0,2518.0,0.533405,0.328602,DMA,USA,6591
1543278,64,231,1079,2012.0,16278.0,0.0,1.159478,1.053761,DNK,USA,6591
1543279,65,231,1079,2012.0,0.0,113628.0,-0.08708300000000001,0.389521,DOM,USA,6591
1543280,77,231,1079,2012.0,89804.0,0.0,1.414721,0.07219600000000001,FRA,USA,6591
1543281,79,231,1079,2012.0,0.0,103553.0,-0.801932,-0.943779,FSM,USA,6591
1543282,81,231,1079,2012.0,10287901.0,16115.0,1.544653,0.776512,GBR,USA,6591
1543283,83,231,1079,2012.0,0.0,13110.0,-1.0541049999999998,-0.7275590000000001,GHA,USA,6591
1543284,93,231,1079,2012.0,0.0,6445.0,-0.15801400000000002,0.5786640000000001,GTM,USA,6591
1543285,96,231,1079,2012.0,0.0,4920.0,-0.748712,-0.8608950000000001,GUY,USA,6591
1543286,99,231,1079,2012.0,0.0,20188.0,-0.362811,-0.012651,HND,USA,6591
1543287,103,231,1079,2012.0,0.0,43675.0,0.045694,1.635448,IDN,USA,6591
1543288,104,231,1079,2012.0,2240.0,4920.0,0.24883200000000003,2.463711,IND,USA,6591
1543289,105,231,1079,2012.0,0.0,5108.0,1.555648,0.014440999999999999,IOT,USA,6591
1543290,106,231,1079,2012.0,0.0,2411.0,1.1761549999999998,0.279569,IRL,USA,6591
1543291,111,231,1079,2012.0,2513385.0,307546.0,1.396626,-0.43950500000000003,ITA,USA,6591
1543292,112,231,1079,2012.0,0.0,16573.0,-0.307289,-0.738736,JAM,USA,6591
1543293,114,231,1079,2012.0,0.0,178545.0,2.325746,-0.8705649999999999,JPN,USA,6591
1543294,121,231,1079,2012.0,2606.0,116768.0,1.839479,0.8272799999999999,KOR,USA,6591
1543295,122,231,1079,2012.0,0.0,33840.0,-1.130729,-1.083905,KWT,USA,6591
1543296,138,231,1079,2012.0,1723.0,477126.0,1.166986,0.662798,MEX,USA,6591
1543297,139,231,1079,2012.0,0.0,13551.0,-0.42864399999999997,-0.7831739999999999,MHL,USA,6591
1543298,153,231,1079,2012.0,0.0,470172.0,0.93739,0.726329,MYS,USA,6591
1543299,162,231,1079,2012.0,24536786.0,40272.0,0.961975,1.517883,NLD,USA,6591
1543300,173,231,1079,2012.0,0.0,5109.0,-0.47011499999999995,0.340251,PER,USA,6591
1543301,177,231,1079,2012.0,1733.0,0.0,1.039598,1.145227,POL,USA,6591
1543302,186,231,1079,2012.0,0.0,2156.0,-0.123649,-0.218926,RUS,USA,6591
1543303,188,231,1079,2012.0,1266099.0,0.0,-0.621115,-0.975865,SAU,USA,6591
1543304,192,231,1079,2012.0,0.0,29574.0,1.762134,0.583393,SGP,USA,6591
1543305,201,231,1079,2012.0,0.0,1532.0,0.696674,1.544065,SRB,USA,6591
1543306,206,231,1079,2012.0,0.0,1369.0,1.3586200000000002,0.805751,SVK,USA,6591
1543307,208,231,1079,2012.0,9648.0,37869.0,1.721268,0.15675,SWE,USA,6591
1543308,213,231,1079,2012.0,0.0,3705.0,0.28386999999999996,-0.187907,TCA,USA,6591
1543309,216,231,1079,2012.0,2095.0,8814.0,1.015684,1.20697,THA,USA,6591
1543310,222,231,1079,2012.0,0.0,39781.0,-0.257402,-0.9802709999999999,TTO,USA,6591
1543311,224,231,1079,2012.0,0.0,24295.0,0.657573,1.969027,TUR,USA,6591
1543312,228,231,1079,2012.0,0.0,7464.0,0.533547,1.159378,UKR,USA,6591
1543313,236,231,1079,2012.0,0.0,44864.0,-1.6796689999999999,-1.168002,VEN,USA,6591
1543314,237,231,1079,2012.0,0.0,2768.0,0.419843,0.23373899999999997,VGB,USA,6591
1543315,246,231,1079,2012.0,0.0,14545.0,0.06510099999999999,1.748521,ZAF,USA,6591
1543316,249,231,1079,2012.0,51288.0,29437.0,1.671686,0.9854729999999999,TWN,USA,6591
1543317,43,234,1079,2012.0,4146.0,0.0,1.2170590000000001,0.584412,CHN,VCT,6591
1543318,81,234,1079,2012.0,1527.0,0.0,1.544653,0.776512,GBR,VCT,6591
1543319,162,236,1079,2012.0,98841.0,0.0,0.961975,1.517883,NLD,VEN,6591
1543320,169,236,1079,2012.0,29107.0,0.0,1.001878,1.18554,PAN,VEN,6591
1543321,231,236,1079,2012.0,44864.0,0.0,1.51134,-0.637794,USA,VEN,6591
1543322,7,243,1079,2012.0,24944.0,0.0,0.256232,-0.46518400000000004,ARE,YEM,6591
1543323,18,243,1079,2012.0,310267.0,0.0,1.06425,1.369205,BEL,YEM,6591
1543324,43,243,1079,2012.0,466035.0,12269.0,1.2170590000000001,0.584412,CHN,YEM,6591
1543325,62,243,1079,2012.0,0.0,39944.0,-0.18596400000000002,-0.6537310000000001,DJI,YEM,6591
1543326,102,243,1079,2012.0,47033.0,0.0,1.61049,0.44614799999999993,HUN,YEM,6591
1543327,104,243,1079,2012.0,17271.0,0.0,0.24883200000000003,2.463711,IND,YEM,6591
1543328,121,243,1079,2012.0,33059.0,0.0,1.839479,0.8272799999999999,KOR,YEM,6591
1543329,153,243,1079,2012.0,185855.0,0.0,0.93739,0.726329,MYS,YEM,6591
1543330,216,243,1079,2012.0,14753.0,0.0,1.015684,1.20697,THA,YEM,6591
1543331,249,243,1079,2012.0,4132.0,0.0,1.671686,0.9854729999999999,TWN,YEM,6591
1543332,250,243,1079,2012.0,1826.0,2994.0,0.34242399999999995,-0.007095999999999999,ANS,YEM,6591
1543333,37,246,1079,2012.0,0.0,11200.0,-0.47585200000000005,-1.061016,BWA,ZAF,6591
1543334,43,246,1079,2012.0,2035858.0,0.0,1.2170590000000001,0.584412,CHN,ZAF,6591
1543335,61,246,1079,2012.0,2901.0,0.0,1.977443,-3.692254,DEU,ZAF,6591
1543336,77,246,1079,2012.0,35922.0,0.0,1.414721,0.07219600000000001,FRA,ZAF,6591
1543337,81,246,1079,2012.0,9914.0,0.0,1.544653,0.776512,GBR,ZAF,6591
1543338,111,246,1079,2012.0,31484.0,0.0,1.396626,-0.43950500000000003,ITA,ZAF,6591
1543339,129,246,1079,2012.0,0.0,1857.0,-0.606824,-0.8674149999999999,LSO,ZAF,6591
1543340,152,246,1079,2012.0,0.0,2045.0,-1.069049,-1.060096,MWI,ZAF,6591
1543341,155,246,1079,2012.0,0.0,17527.0,-0.404252,-0.330913,NAM,ZAF,6591
1543342,162,246,1079,2012.0,175040.0,0.0,0.961975,1.517883,NLD,ZAF,6591
1543343,163,246,1079,2012.0,15548.0,0.0,0.5462670000000001,-0.042712,NOR,ZAF,6591
1543344,166,246,1079,2012.0,3455.0,0.0,0.21502399999999997,0.746456,NZL,ZAF,6591
1543345,231,246,1079,2012.0,14545.0,0.0,1.51134,-0.637794,USA,ZAF,6591
1543346,247,246,1079,2012.0,0.0,341319.0,-0.356518,-0.71057,ZMB,ZAF,6591
1543347,14,249,1079,2012.0,0.0,103504.0,-0.537197,-0.22305300000000003,AUS,TWN,6591
1543348,15,249,1079,2012.0,0.0,10473.0,1.710955,-0.8860399999999999,AUT,TWN,6591
1543349,39,249,1079,2012.0,0.0,3460.0,0.630575,1.28653,CAN,TWN,6591
1543350,43,249,1079,2012.0,6487.0,338144.0,1.2170590000000001,0.584412,CHN,TWN,6591
1543351,61,249,1079,2012.0,45282.0,1207.0,1.977443,-3.692254,DEU,TWN,6591
1543352,64,249,1079,2012.0,0.0,1544.0,1.159478,1.053761,DNK,TWN,6591
1543353,77,249,1079,2012.0,71048.0,1760.0,1.414721,0.07219600000000001,FRA,TWN,6591
1543354,81,249,1079,2012.0,0.0,9627.0,1.544653,0.776512,GBR,TWN,6591
1543355,97,249,1079,2012.0,0.0,411217.0,0.788308,1.029625,HKG,TWN,6591
1543356,103,249,1079,2012.0,0.0,111627.0,0.045694,1.635448,IDN,TWN,6591
1543357,104,249,1079,2012.0,0.0,24989.0,0.24883200000000003,2.463711,IND,TWN,6591
1543358,111,249,1079,2012.0,0.0,10797.0,1.396626,-0.43950500000000003,ITA,TWN,6591
1543359,114,249,1079,2012.0,0.0,38371.0,2.325746,-0.8705649999999999,JPN,TWN,6591
1543360,121,249,1079,2012.0,23390.0,5843.0,1.839479,0.8272799999999999,KOR,TWN,6591
1543361,153,249,1079,2012.0,0.0,2817.0,0.93739,0.726329,MYS,TWN,6591
1543362,162,249,1079,2012.0,182956.0,0.0,0.961975,1.517883,NLD,TWN,6591
1543363,174,249,1079,2012.0,0.0,93296.0,0.44656,0.55585,PHL,TWN,6591
1543364,188,249,1079,2012.0,0.0,42966.0,-0.621115,-0.975865,SAU,TWN,6591
1543365,207,249,1079,2012.0,0.0,2704.0,1.4933049999999999,0.58207,SVN,TWN,6591
1543366,216,249,1079,2012.0,0.0,415120.0,1.015684,1.20697,THA,TWN,6591
1543367,231,249,1079,2012.0,29437.0,51288.0,1.51134,-0.637794,USA,TWN,6591
1543368,239,249,1079,2012.0,0.0,1267587.0,0.0755,1.008183,VNM,TWN,6591
1543369,243,249,1079,2012.0,0.0,4132.0,-1.180884,-1.22621,YEM,TWN,6591
1543370,19,250,1079,2012.0,0.0,2161.0,-1.0708870000000001,-0.934292,BEN,ANS,6591
1543371,59,250,1079,2012.0,0.0,6115.0,1.7368299999999999,-0.651329,CZE,ANS,6591
1543372,131,250,1079,2012.0,0.0,382181.0,1.0163739999999999,1.178021,LUX,ANS,6591
1543373,169,250,1079,2012.0,0.0,11429.0,1.001878,1.18554,PAN,ANS,6591
1543374,206,250,1079,2012.0,0.0,298794.0,1.3586200000000002,0.805751,SVK,ANS,6591
1543375,207,250,1079,2012.0,0.0,4153.0,1.4933049999999999,0.58207,SVN,ANS,6591
1543376,224,250,1079,2012.0,3351.0,0.0,0.657573,1.969027,TUR,ANS,6591
1543377,243,250,1079,2012.0,2994.0,1826.0,-1.180884,-1.22621,YEM,ANS,6591
1543378,43,2,1079,2012.0,15348.0,0.0,1.2170590000000001,0.584412,CHN,AGO,6591
1543379,77,2,1079,2012.0,2315.0,0.0,1.414721,0.07219600000000001,FRA,AGO,6591
1543380,81,2,1079,2012.0,10952.0,0.0,1.544653,0.776512,GBR,AGO,6591
1543381,179,2,1079,2012.0,281715.0,0.0,0.697799,2.122262,PRT,AGO,6591
1543382,231,2,1079,2012.0,2678.0,0.0,1.51134,-0.637794,USA,AGO,6591
1543383,43,9,1079,2012.0,18970.0,0.0,1.2170590000000001,0.584412,CHN,ARM,6591
1543384,77,9,1079,2012.0,7841.0,0.0,1.414721,0.07219600000000001,FRA,ARM,6591
1543385,186,9,1079,2012.0,156635.0,0.0,-0.123649,-0.218926,RUS,ARM,6591
1543386,18,14,1079,2012.0,87935.0,0.0,1.06425,1.369205,BEL,AUS,6591
1543387,32,14,1079,2012.0,0.0,5965.0,0.340455,0.9006790000000001,BRA,AUS,6591
1543388,39,14,1079,2012.0,2421.0,0.0,0.630575,1.28653,CAN,AUS,6591
1543389,43,14,1079,2012.0,136786.0,0.0,1.2170590000000001,0.584412,CHN,AUS,6591
1543390,56,14,1079,2012.0,0.0,4177.0,0.590749,-0.581342,CXR,AUS,6591
1543391,61,14,1079,2012.0,7998.0,0.0,1.977443,-3.692254,DEU,AUS,6591
1543392,77,14,1079,2012.0,186706.0,0.0,1.414721,0.07219600000000001,FRA,AUS,6591
1543393,111,14,1079,2012.0,106605.0,0.0,1.396626,-0.43950500000000003,ITA,AUS,6591
1543394,128,14,1079,2012.0,0.0,1274.0,-0.24579299999999998,0.518273,LKA,AUS,6591
1543395,162,14,1079,2012.0,4958988.0,6962.0,0.961975,1.517883,NLD,AUS,6591
1543396,166,14,1079,2012.0,15252.0,209176.0,0.21502399999999997,0.746456,NZL,AUS,6591
1543397,176,14,1079,2012.0,0.0,17799.0,-1.0462200000000001,-1.022037,PNG,AUS,6591
1543398,188,14,1079,2012.0,79748.0,0.0,-0.621115,-0.975865,SAU,AUS,6591
1543399,192,14,1079,2012.0,6910.0,109496.0,1.762134,0.583393,SGP,AUS,6591
1543400,216,14,1079,2012.0,5639.0,0.0,1.015684,1.20697,THA,AUS,6591
1543401,231,14,1079,2012.0,9567.0,17728.0,1.51134,-0.637794,USA,AUS,6591
1543402,249,14,1079,2012.0,103504.0,0.0,1.671686,0.9854729999999999,TWN,AUS,6591
1543403,81,16,1079,2012.0,29876.0,0.0,1.544653,0.776512,GBR,AZE,6591
1543404,107,16,1079,2012.0,8001.0,0.0,-1.06794,-0.993099,IRN,AZE,6591
1543405,162,16,1079,2012.0,35791.0,0.0,0.961975,1.517883,NLD,AZE,6591
1543406,177,16,1079,2012.0,1970.0,0.0,1.039598,1.145227,POL,AZE,6591
1543407,186,16,1079,2012.0,687378.0,0.0,-0.123649,-0.218926,RUS,AZE,6591
1543408,192,16,1079,2012.0,4057.0,0.0,1.762134,0.583393,SGP,AZE,6591
1543409,216,16,1079,2012.0,5613.0,0.0,1.015684,1.20697,THA,AZE,6591
1543410,224,16,1079,2012.0,11662.0,0.0,0.657573,1.969027,TUR,AZE,6591
1543411,228,16,1079,2012.0,1976549.0,0.0,0.533547,1.159378,UKR,AZE,6591
1543412,250,19,1079,2012.0,2161.0,0.0,0.34242399999999995,-0.007095999999999999,ANS,BEN,6591
1543413,121,22,1079,2012.0,2100.0,0.0,1.839479,0.8272799999999999,KOR,BGD,6591
1543414,15,23,1079,2012.0,10431.0,0.0,1.710955,-0.8860399999999999,AUT,BGR,6591
1543415,18,23,1079,2012.0,45399.0,0.0,1.06425,1.369205,BEL,BGR,6591
1543416,43,23,1079,2012.0,33302.0,0.0,1.2170590000000001,0.584412,CHN,BGR,6591
1543417,61,23,1079,2012.0,174425.0,0.0,1.977443,-3.692254,DEU,BGR,6591
1543418,77,23,1079,2012.0,6188.0,0.0,1.414721,0.07219600000000001,FRA,BGR,6591
1543419,102,23,1079,2012.0,1425.0,0.0,1.61049,0.44614799999999993,HUN,BGR,6591
1543420,111,23,1079,2012.0,16680.0,0.0,1.396626,-0.43950500000000003,ITA,BGR,6591
1543421,131,23,1079,2012.0,1422.0,0.0,1.0163739999999999,1.178021,LUX,BGR,6591
1543422,162,23,1079,2012.0,102028.0,0.0,0.961975,1.517883,NLD,BGR,6591
1543423,185,23,1079,2012.0,8766.0,0.0,0.952936,1.227809,ROU,BGR,6591
1543424,201,23,1079,2012.0,5793.0,0.0,0.696674,1.544065,SRB,BGR,6591
1543425,207,23,1079,2012.0,2458.0,0.0,1.4933049999999999,0.58207,SVN,BGR,6591
1543426,208,23,1079,2012.0,50522.0,0.0,1.721268,0.15675,SWE,BGR,6591
1543427,228,23,1079,2012.0,85875.0,0.0,0.533547,1.159378,UKR,BGR,6591
1543428,18,24,1079,2012.0,9831.0,0.0,1.06425,1.369205,BEL,BHR,6591
1543429,43,24,1079,2012.0,2655.0,0.0,1.2170590000000001,0.584412,CHN,BHR,6591
1543430,61,24,1079,2012.0,21503.0,0.0,1.977443,-3.692254,DEU,BHR,6591
1543431,81,24,1079,2012.0,9170.0,0.0,1.544653,0.776512,GBR,BHR,6591
1543432,114,24,1079,2012.0,2723.0,0.0,2.325746,-0.8705649999999999,JPN,BHR,6591
1543433,162,24,1079,2012.0,3409.0,0.0,0.961975,1.517883,NLD,BHR,6591
1543434,188,24,1079,2012.0,25650.0,0.0,-0.621115,-0.975865,SAU,BHR,6591
1543435,231,24,1079,2012.0,11869.0,0.0,1.51134,-0.637794,USA,BHR,6591
1543436,43,26,1079,2012.0,13428.0,0.0,1.2170590000000001,0.584412,CHN,BIH,6591
1543437,61,26,1079,2012.0,112887.0,0.0,1.977443,-3.692254,DEU,BIH,6591
1543438,77,26,1079,2012.0,1197.0,0.0,1.414721,0.07219600000000001,FRA,BIH,6591
1543439,100,26,1079,2012.0,1098.0,0.0,0.881764,1.149456,HRV,BIH,6591
1543440,144,26,1079,2012.0,0.0,2859.0,0.028479,-0.045841,MNE,BIH,6591
1543441,162,26,1079,2012.0,7708.0,0.0,0.961975,1.517883,NLD,BIH,6591
1543442,201,26,1079,2012.0,10308.0,0.0,0.696674,1.544065,SRB,BIH,6591
1543443,61,28,1079,2012.0,26513.0,0.0,1.977443,-3.692254,DEU,BLR,6591
1543444,186,28,1079,2012.0,3362790.0,0.0,-0.123649,-0.218926,RUS,BLR,6591
1543445,224,28,1079,2012.0,22715.0,0.0,0.657573,1.969027,TUR,BLR,6591
1543446,228,28,1079,2012.0,509447.0,0.0,0.533547,1.159378,UKR,BLR,6591
1543447,61,58,1079,2012.0,2401.0,0.0,1.977443,-3.692254,DEU,CYP,6591
1543448,77,58,1079,2012.0,6441.0,0.0,1.414721,0.07219600000000001,FRA,CYP,6591
1543449,81,58,1079,2012.0,1972.0,0.0,1.544653,0.776512,GBR,CYP,6591
1543450,114,58,1079,2012.0,1884.0,0.0,2.325746,-0.8705649999999999,JPN,CYP,6591
1543451,162,58,1079,2012.0,6208.0,0.0,0.961975,1.517883,NLD,CYP,6591
1543452,224,58,1079,2012.0,15811.0,0.0,0.657573,1.969027,TUR,CYP,6591
1543453,43,68,1079,2012.0,874377.0,0.0,1.2170590000000001,0.584412,CHN,EGY,6591
1543454,77,68,1079,2012.0,15578.0,0.0,1.414721,0.07219600000000001,FRA,EGY,6591
1543455,224,68,1079,2012.0,301807.0,0.0,0.657573,1.969027,TUR,EGY,6591
1543456,61,72,1079,2012.0,226301.0,0.0,1.977443,-3.692254,DEU,EST,6591
1543457,64,72,1079,2012.0,0.0,42400.0,1.159478,1.053761,DNK,EST,6591
1543458,74,72,1079,2012.0,0.0,88706.0,1.5813700000000002,0.872251,FIN,EST,6591
1543459,77,72,1079,2012.0,9584.0,0.0,1.414721,0.07219600000000001,FRA,EST,6591
1543460,81,72,1079,2012.0,0.0,33102.0,1.544653,0.776512,GBR,EST,6591
1543461,111,72,1079,2012.0,251972.0,0.0,1.396626,-0.43950500000000003,ITA,EST,6591
1543462,132,72,1079,2012.0,11262.0,4558.0,0.704565,1.000552,LVA,EST,6591
1543463,162,72,1079,2012.0,407563.0,0.0,0.961975,1.517883,NLD,EST,6591
1543464,177,72,1079,2012.0,80996.0,0.0,1.039598,1.145227,POL,EST,6591
1543465,43,82,1079,2012.0,127020.0,0.0,1.2170590000000001,0.584412,CHN,GEO,6591
1543466,77,82,1079,2012.0,1599.0,0.0,1.414721,0.07219600000000001,FRA,GEO,6591
1543467,121,82,1079,2012.0,20820.0,0.0,1.839479,0.8272799999999999,KOR,GEO,6591
1543468,132,82,1079,2012.0,19701.0,0.0,0.704565,1.000552,LVA,GEO,6591
1543469,177,82,1079,2012.0,4445.0,0.0,1.039598,1.145227,POL,GEO,6591
1543470,186,82,1079,2012.0,54974.0,0.0,-0.123649,-0.218926,RUS,GEO,6591
1543471,224,82,1079,2012.0,1248.0,0.0,0.657573,1.969027,TUR,GEO,6591
1543472,228,82,1079,2012.0,926182.0,0.0,0.533547,1.159378,UKR,GEO,6591
1543473,15,100,1079,2012.0,7898.0,0.0,1.710955,-0.8860399999999999,AUT,HRV,6591
1543474,18,100,1079,2012.0,5338.0,0.0,1.06425,1.369205,BEL,HRV,6591
1543475,26,100,1079,2012.0,0.0,1098.0,0.6672520000000001,1.16153,BIH,HRV,6591
1543476,59,100,1079,2012.0,3201.0,0.0,1.7368299999999999,-0.651329,CZE,HRV,6591
1543477,61,100,1079,2012.0,358961.0,0.0,1.977443,-3.692254,DEU,HRV,6591
1543478,71,100,1079,2012.0,1325.0,0.0,0.925701,1.8700189999999999,ESP,HRV,6591
1543479,77,100,1079,2012.0,36662.0,0.0,1.414721,0.07219600000000001,FRA,HRV,6591
1543480,102,100,1079,2012.0,27421.0,0.0,1.61049,0.44614799999999993,HUN,HRV,6591
1543481,111,100,1079,2012.0,17559.0,0.0,1.396626,-0.43950500000000003,ITA,HRV,6591
1543482,140,100,1079,2012.0,0.0,4513.0,-0.08785599999999999,0.153128,MKD,HRV,6591
1543483,162,100,1079,2012.0,20528.0,0.0,0.961975,1.517883,NLD,HRV,6591
1543484,185,100,1079,2012.0,19065.0,0.0,0.952936,1.227809,ROU,HRV,6591
1543485,186,100,1079,2012.0,0.0,8346.0,-0.123649,-0.218926,RUS,HRV,6591
1543486,201,100,1079,2012.0,12502.0,0.0,0.696674,1.544065,SRB,HRV,6591
1543487,207,100,1079,2012.0,7815.0,0.0,1.4933049999999999,0.58207,SVN,HRV,6591
1543488,15,102,1079,2012.0,1075.0,13757.0,1.710955,-0.8860399999999999,AUT,HUN,6591
1543489,18,102,1079,2012.0,1892.0,0.0,1.06425,1.369205,BEL,HUN,6591
1543490,23,102,1079,2012.0,0.0,1425.0,0.601161,1.594487,BGR,HUN,6591
1543491,59,102,1079,2012.0,1653722.0,2168.0,1.7368299999999999,-0.651329,CZE,HUN,6591
1543492,61,102,1079,2012.0,669083.0,0.0,1.977443,-3.692254,DEU,HUN,6591
1543493,64,102,1079,2012.0,0.0,34504.0,1.159478,1.053761,DNK,HUN,6591
1543494,77,102,1079,2012.0,214697.0,91751.0,1.414721,0.07219600000000001,FRA,HUN,6591
1543495,100,102,1079,2012.0,0.0,27421.0,0.881764,1.149456,HRV,HUN,6591
1543496,111,102,1079,2012.0,68192.0,0.0,1.396626,-0.43950500000000003,ITA,HUN,6591
1543497,114,102,1079,2012.0,0.0,23168.0,2.325746,-0.8705649999999999,JPN,HUN,6591
1543498,130,102,1079,2012.0,0.0,2450.0,0.739945,1.217062,LTU,HUN,6591
1543499,162,102,1079,2012.0,42578.0,0.0,0.961975,1.517883,NLD,HUN,6591
1543500,177,102,1079,2012.0,3096046.0,0.0,1.039598,1.145227,POL,HUN,6591
1543501,185,102,1079,2012.0,3084.0,44440.0,0.952936,1.227809,ROU,HUN,6591
1543502,186,102,1079,2012.0,0.0,268677.0,-0.123649,-0.218926,RUS,HUN,6591
1543503,206,102,1079,2012.0,10045.0,0.0,1.3586200000000002,0.805751,SVK,HUN,6591
1543504,228,102,1079,2012.0,0.0,39090.0,0.533547,1.159378,UKR,HUN,6591
1543505,243,102,1079,2012.0,0.0,47033.0,-1.180884,-1.22621,YEM,HUN,6591
1543506,18,106,1079,2012.0,178387.0,0.0,1.06425,1.369205,BEL,IRL,6591
1543507,39,106,1079,2012.0,458866.0,0.0,0.630575,1.28653,CAN,IRL,6591
1543508,61,106,1079,2012.0,162035.0,0.0,1.977443,-3.692254,DEU,IRL,6591
1543509,64,106,1079,2012.0,0.0,66155.0,1.159478,1.053761,DNK,IRL,6591
1543510,77,106,1079,2012.0,7674.0,0.0,1.414721,0.07219600000000001,FRA,IRL,6591
1543511,81,106,1079,2012.0,302480.0,8091.0,1.544653,0.776512,GBR,IRL,6591
1543512,111,106,1079,2012.0,2785.0,0.0,1.396626,-0.43950500000000003,ITA,IRL,6591
1543513,153,106,1079,2012.0,169755.0,0.0,0.93739,0.726329,MYS,IRL,6591
1543514,162,106,1079,2012.0,1573296.0,0.0,0.961975,1.517883,NLD,IRL,6591
1543515,231,106,1079,2012.0,2411.0,0.0,1.51134,-0.637794,USA,IRL,6591
1543516,15,107,1079,2012.0,3415.0,0.0,1.710955,-0.8860399999999999,AUT,IRN,6591
1543517,16,107,1079,2012.0,0.0,8001.0,-1.44287,-1.261817,AZE,IRN,6591
1543518,43,107,1079,2012.0,50513.0,0.0,1.2170590000000001,0.584412,CHN,IRN,6591
1543519,117,107,1079,2012.0,0.0,1109.0,0.044116,0.678193,KGZ,IRN,6591
1543520,131,107,1079,2012.0,0.0,5899.0,1.0163739999999999,1.178021,LUX,IRN,6591
1543521,224,107,1079,2012.0,200614.0,0.0,0.657573,1.969027,TUR,IRN,6591
1543522,7,115,1079,2012.0,9323.0,0.0,0.256232,-0.46518400000000004,ARE,KAZ,6591
1543523,18,115,1079,2012.0,4876.0,0.0,1.06425,1.369205,BEL,KAZ,6591
1543524,43,115,1079,2012.0,2398058.0,0.0,1.2170590000000001,0.584412,CHN,KAZ,6591
1543525,59,115,1079,2012.0,93067.0,0.0,1.7368299999999999,-0.651329,CZE,KAZ,6591
1543526,61,115,1079,2012.0,76677.0,0.0,1.977443,-3.692254,DEU,KAZ,6591
1543527,77,115,1079,2012.0,14179.0,0.0,1.414721,0.07219600000000001,FRA,KAZ,6591
1543528,121,115,1079,2012.0,5366.0,0.0,1.839479,0.8272799999999999,KOR,KAZ,6591
1543529,162,115,1079,2012.0,30503.0,0.0,0.961975,1.517883,NLD,KAZ,6591
1543530,186,115,1079,2012.0,10540794.0,0.0,-0.123649,-0.218926,RUS,KAZ,6591
1543531,208,115,1079,2012.0,7613.0,0.0,1.721268,0.15675,SWE,KAZ,6591
1543532,224,115,1079,2012.0,8156.0,0.0,0.657573,1.969027,TUR,KAZ,6591
1543533,228,115,1079,2012.0,10331895.0,0.0,0.533547,1.159378,UKR,KAZ,6591
1543534,232,115,1079,2012.0,164303.0,0.0,-0.426961,-0.539122,UZB,KAZ,6591
1543535,43,117,1079,2012.0,4210054.0,0.0,1.2170590000000001,0.584412,CHN,KGZ,6591
1543536,107,117,1079,2012.0,1109.0,0.0,-1.06794,-0.993099,IRN,KGZ,6591
1543537,186,117,1079,2012.0,2329517.0,0.0,-0.123649,-0.218926,RUS,KGZ,6591
1543538,217,117,1079,2012.0,0.0,1542.0,-1.354542,-1.251443,TJK,KGZ,6591
1543539,224,117,1079,2012.0,11814.0,0.0,0.657573,1.969027,TUR,KGZ,6591
1543540,228,117,1079,2012.0,489824.0,0.0,0.533547,1.159378,UKR,KGZ,6591
1543541,39,124,1079,2012.0,29948.0,0.0,0.630575,1.28653,CAN,LBN,6591
1543542,44,124,1079,2012.0,0.0,13710.0,-1.014737,-0.8629049999999999,CIV,LBN,6591
1543543,77,124,1079,2012.0,29028.0,0.0,1.414721,0.07219600000000001,FRA,LBN,6591
1543544,81,124,1079,2012.0,1409.0,0.0,1.544653,0.776512,GBR,LBN,6591
1543545,83,124,1079,2012.0,0.0,5618.0,-1.0541049999999998,-0.7275590000000001,GHA,LBN,6591
1543546,111,124,1079,2012.0,35979.0,0.0,1.396626,-0.43950500000000003,ITA,LBN,6591
1543547,162,124,1079,2012.0,98328.0,0.0,0.961975,1.517883,NLD,LBN,6591
1543548,14,128,1079,2012.0,1274.0,0.0,-0.537197,-0.22305300000000003,AUS,LKA,6591
1543549,104,128,1079,2012.0,2731.0,0.0,0.24883200000000003,2.463711,IND,LKA,6591
1543550,18,130,1079,2012.0,26293.0,0.0,1.06425,1.369205,BEL,LTU,6591
1543551,61,130,1079,2012.0,12600.0,0.0,1.977443,-3.692254,DEU,LTU,6591
1543552,64,130,1079,2012.0,49998.0,92237.0,1.159478,1.053761,DNK,LTU,6591
1543553,77,130,1079,2012.0,1923.0,0.0,1.414721,0.07219600000000001,FRA,LTU,6591
1543554,102,130,1079,2012.0,2450.0,0.0,1.61049,0.44614799999999993,HUN,LTU,6591
1543555,111,130,1079,2012.0,5831.0,0.0,1.396626,-0.43950500000000003,ITA,LTU,6591
1543556,132,130,1079,2012.0,11698.0,0.0,0.704565,1.000552,LVA,LTU,6591
1543557,162,130,1079,2012.0,48794.0,0.0,0.961975,1.517883,NLD,LTU,6591
1543558,177,130,1079,2012.0,1650.0,0.0,1.039598,1.145227,POL,LTU,6591
1543559,186,130,1079,2012.0,0.0,55189.0,-0.123649,-0.218926,RUS,LTU,6591
1543560,207,130,1079,2012.0,38514.0,0.0,1.4933049999999999,0.58207,SVN,LTU,6591
1543561,15,131,1079,2012.0,2617.0,0.0,1.710955,-0.8860399999999999,AUT,LUX,6591
1543562,18,131,1079,2012.0,28576.0,3206.0,1.06425,1.369205,BEL,LUX,6591
1543563,23,131,1079,2012.0,0.0,1422.0,0.601161,1.594487,BGR,LUX,6591
1543564,61,131,1079,2012.0,910524.0,2525.0,1.977443,-3.692254,DEU,LUX,6591
1543565,64,131,1079,2012.0,0.0,128077.0,1.159478,1.053761,DNK,LUX,6591
1543566,74,131,1079,2012.0,0.0,1945.0,1.5813700000000002,0.872251,FIN,LUX,6591
1543567,77,131,1079,2012.0,14523.0,2865.0,1.414721,0.07219600000000001,FRA,LUX,6591
1543568,90,131,1079,2012.0,0.0,118563.0,0.161352,1.273024,GRC,LUX,6591
1543569,107,131,1079,2012.0,5899.0,0.0,-1.06794,-0.993099,IRN,LUX,6591
1543570,111,131,1079,2012.0,35678.0,0.0,1.396626,-0.43950500000000003,ITA,LUX,6591
1543571,186,131,1079,2012.0,0.0,1498.0,-0.123649,-0.218926,RUS,LUX,6591
1543572,208,131,1079,2012.0,21816.0,0.0,1.721268,0.15675,SWE,LUX,6591
1543573,250,131,1079,2012.0,382181.0,0.0,0.34242399999999995,-0.007095999999999999,ANS,LUX,6591
1543574,15,132,1079,2012.0,53651.0,4866.0,1.710955,-0.8860399999999999,AUT,LVA,6591
1543575,18,132,1079,2012.0,2156.0,0.0,1.06425,1.369205,BEL,LVA,6591
1543576,61,132,1079,2012.0,64193.0,0.0,1.977443,-3.692254,DEU,LVA,6591
1543577,64,132,1079,2012.0,0.0,11713.0,1.159478,1.053761,DNK,LVA,6591
1543578,72,132,1079,2012.0,4558.0,11262.0,0.8603,1.3146870000000002,EST,LVA,6591
1543579,74,132,1079,2012.0,0.0,5129.0,1.5813700000000002,0.872251,FIN,LVA,6591
1543580,77,132,1079,2012.0,1356.0,0.0,1.414721,0.07219600000000001,FRA,LVA,6591
1543581,81,132,1079,2012.0,0.0,5078.0,1.544653,0.776512,GBR,LVA,6591
1543582,82,132,1079,2012.0,0.0,19701.0,-0.244691,-0.552666,GEO,LVA,6591
1543583,111,132,1079,2012.0,3917.0,27234.0,1.396626,-0.43950500000000003,ITA,LVA,6591
1543584,130,132,1079,2012.0,0.0,11698.0,0.739945,1.217062,LTU,LVA,6591
1543585,162,132,1079,2012.0,138607.0,0.0,0.961975,1.517883,NLD,LVA,6591
1543586,163,132,1079,2012.0,0.0,10682.0,0.5462670000000001,-0.042712,NOR,LVA,6591
1543587,177,132,1079,2012.0,3072.0,6623.0,1.039598,1.145227,POL,LVA,6591
1543588,186,132,1079,2012.0,0.0,5465.0,-0.123649,-0.218926,RUS,LVA,6591
1543589,207,132,1079,2012.0,11711.0,0.0,1.4933049999999999,0.58207,SVN,LVA,6591
1543590,208,132,1079,2012.0,4078.0,0.0,1.721268,0.15675,SWE,LVA,6591
1543591,162,135,1079,2012.0,1468.0,0.0,0.961975,1.517883,NLD,MDA,6591
1543592,186,135,1079,2012.0,71570.0,0.0,-0.123649,-0.218926,RUS,MDA,6591
1543593,208,135,1079,2012.0,2366.0,0.0,1.721268,0.15675,SWE,MDA,6591
1543594,224,135,1079,2012.0,1087.0,0.0,0.657573,1.969027,TUR,MDA,6591
1543595,228,135,1079,2012.0,556575.0,0.0,0.533547,1.159378,UKR,MDA,6591
1543596,18,140,1079,2012.0,8158.0,0.0,1.06425,1.369205,BEL,MKD,6591
1543597,43,140,1079,2012.0,7873.0,0.0,1.2170590000000001,0.584412,CHN,MKD,6591
1543598,77,140,1079,2012.0,8023.0,0.0,1.414721,0.07219600000000001,FRA,MKD,6591
1543599,100,140,1079,2012.0,4513.0,0.0,0.881764,1.149456,HRV,MKD,6591
1543600,111,140,1079,2012.0,9011.0,0.0,1.396626,-0.43950500000000003,ITA,MKD,6591
1543601,207,140,1079,2012.0,6293.0,0.0,1.4933049999999999,0.58207,SVN,MKD,6591
1543602,224,140,1079,2012.0,11540.0,0.0,0.657573,1.969027,TUR,MKD,6591
1543603,162,142,1079,2012.0,2887.0,0.0,0.961975,1.517883,NLD,MLT,6591
1543604,104,143,1079,2012.0,9079.0,22433.0,0.24883200000000003,2.463711,IND,MMR,6591
1543605,179,147,1079,2012.0,5020.0,0.0,0.697799,2.122262,PRT,MOZ,6591
1543606,18,163,1079,2012.0,150551.0,0.0,1.06425,1.369205,BEL,NOR,6591
1543607,32,163,1079,2012.0,0.0,15433.0,0.340455,0.9006790000000001,BRA,NOR,6591
1543608,43,163,1079,2012.0,2958.0,0.0,1.2170590000000001,0.584412,CHN,NOR,6591
1543609,61,163,1079,2012.0,1871390.0,39038.0,1.977443,-3.692254,DEU,NOR,6591
1543610,64,163,1079,2012.0,54348.0,0.0,1.159478,1.053761,DNK,NOR,6591
1543611,71,163,1079,2012.0,39732.0,0.0,0.925701,1.8700189999999999,ESP,NOR,6591
1543612,77,163,1079,2012.0,6394.0,0.0,1.414721,0.07219600000000001,FRA,NOR,6591
1543613,81,163,1079,2012.0,9770.0,0.0,1.544653,0.776512,GBR,NOR,6591
1543614,111,163,1079,2012.0,284361.0,0.0,1.396626,-0.43950500000000003,ITA,NOR,6591
1543615,116,163,1079,2012.0,1729.0,0.0,-0.256144,0.21991599999999997,KEN,NOR,6591
1543616,132,163,1079,2012.0,10682.0,0.0,0.704565,1.000552,LVA,NOR,6591
1543617,162,163,1079,2012.0,1294217.0,0.0,0.961975,1.517883,NLD,NOR,6591
1543618,186,163,1079,2012.0,0.0,7009.0,-0.123649,-0.218926,RUS,NOR,6591
1543619,192,163,1079,2012.0,0.0,1993.0,1.762134,0.583393,SGP,NOR,6591
1543620,208,163,1079,2012.0,1376536.0,3046.0,1.721268,0.15675,SWE,NOR,6591
1543621,246,163,1079,2012.0,0.0,15548.0,0.06510099999999999,1.748521,ZAF,NOR,6591
1543622,7,167,1079,2012.0,8954.0,0.0,0.256232,-0.46518400000000004,ARE,OMN,6591
1543623,77,167,1079,2012.0,4661.0,0.0,1.414721,0.07219600000000001,FRA,OMN,6591
1543624,81,167,1079,2012.0,1579.0,0.0,1.544653,0.776512,GBR,OMN,6591
1543625,111,167,1079,2012.0,3056.0,0.0,1.396626,-0.43950500000000003,ITA,OMN,6591
1543626,177,167,1079,2012.0,1094.0,0.0,1.039598,1.145227,POL,OMN,6591
1543627,196,167,1079,2012.0,31697.0,0.0,-0.532612,-0.72927,SLE,OMN,6591
1543628,208,167,1079,2012.0,2166.0,0.0,1.721268,0.15675,SWE,OMN,6591
1543629,43,168,1079,2012.0,17747.0,0.0,1.2170590000000001,0.584412,CHN,PAK,6591
1543630,77,168,1079,2012.0,2411.0,0.0,1.414721,0.07219600000000001,FRA,PAK,6591
1543631,111,168,1079,2012.0,2119.0,0.0,1.396626,-0.43950500000000003,ITA,PAK,6591
1543632,15,185,1079,2012.0,60310.0,0.0,1.710955,-0.8860399999999999,AUT,ROU,6591
1543633,18,185,1079,2012.0,144439.0,0.0,1.06425,1.369205,BEL,ROU,6591
1543634,23,185,1079,2012.0,0.0,8766.0,0.601161,1.594487,BGR,ROU,6591
1543635,43,185,1079,2012.0,470232.0,0.0,1.2170590000000001,0.584412,CHN,ROU,6591
1543636,61,185,1079,2012.0,48537.0,0.0,1.977443,-3.692254,DEU,ROU,6591
1543637,64,185,1079,2012.0,0.0,10385.0,1.159478,1.053761,DNK,ROU,6591
1543638,77,185,1079,2012.0,78103.0,0.0,1.414721,0.07219600000000001,FRA,ROU,6591
1543639,100,185,1079,2012.0,0.0,19065.0,0.881764,1.149456,HRV,ROU,6591
1543640,102,185,1079,2012.0,44440.0,3084.0,1.61049,0.44614799999999993,HUN,ROU,6591
1543641,111,185,1079,2012.0,22218.0,18912.0,1.396626,-0.43950500000000003,ITA,ROU,6591
1543642,121,185,1079,2012.0,73523.0,0.0,1.839479,0.8272799999999999,KOR,ROU,6591
1543643,162,185,1079,2012.0,66432.0,0.0,0.961975,1.517883,NLD,ROU,6591
1543644,177,185,1079,2012.0,48697.0,0.0,1.039598,1.145227,POL,ROU,6591
1543645,207,185,1079,2012.0,70025.0,0.0,1.4933049999999999,0.58207,SVN,ROU,6591
1543646,208,185,1079,2012.0,6788.0,0.0,1.721268,0.15675,SWE,ROU,6591
1543647,224,185,1079,2012.0,105953.0,0.0,0.657573,1.969027,TUR,ROU,6591
1543648,228,185,1079,2012.0,6318.0,0.0,0.533547,1.159378,UKR,ROU,6591
1543649,9,186,1079,2012.0,0.0,156635.0,0.45677399999999996,-0.001422,ARM,RUS,6591
1543650,16,186,1079,2012.0,0.0,687378.0,-1.44287,-1.261817,AZE,RUS,6591
1543651,18,186,1079,2012.0,596603.0,49718.0,1.06425,1.369205,BEL,RUS,6591
1543652,28,186,1079,2012.0,0.0,3362790.0,1.0976059999999999,0.861051,BLR,RUS,6591
1543653,43,186,1079,2012.0,34359.0,2144.0,1.2170590000000001,0.584412,CHN,RUS,6591
1543654,49,186,1079,2012.0,1388.0,0.0,0.034488,-0.340545,COL,RUS,6591
1543655,59,186,1079,2012.0,136526.0,0.0,1.7368299999999999,-0.651329,CZE,RUS,6591
1543656,61,186,1079,2012.0,616537.0,0.0,1.977443,-3.692254,DEU,RUS,6591
1543657,71,186,1079,2012.0,1845.0,0.0,0.925701,1.8700189999999999,ESP,RUS,6591
1543658,74,186,1079,2012.0,3660.0,0.0,1.5813700000000002,0.872251,FIN,RUS,6591
1543659,77,186,1079,2012.0,2000.0,0.0,1.414721,0.07219600000000001,FRA,RUS,6591
1543660,82,186,1079,2012.0,0.0,54974.0,-0.244691,-0.552666,GEO,RUS,6591
1543661,100,186,1079,2012.0,8346.0,0.0,0.881764,1.149456,HRV,RUS,6591
1543662,102,186,1079,2012.0,268677.0,0.0,1.61049,0.44614799999999993,HUN,RUS,6591
1543663,104,186,1079,2012.0,9192.0,0.0,0.24883200000000003,2.463711,IND,RUS,6591
1543664,111,186,1079,2012.0,13870.0,0.0,1.396626,-0.43950500000000003,ITA,RUS,6591
1543665,115,186,1079,2012.0,0.0,10540794.0,-0.447428,-0.42193,KAZ,RUS,6591
1543666,117,186,1079,2012.0,0.0,2329517.0,0.044116,0.678193,KGZ,RUS,6591
1543667,121,186,1079,2012.0,18034.0,0.0,1.839479,0.8272799999999999,KOR,RUS,6591
1543668,130,186,1079,2012.0,55189.0,0.0,0.739945,1.217062,LTU,RUS,6591
1543669,131,186,1079,2012.0,1498.0,0.0,1.0163739999999999,1.178021,LUX,RUS,6591
1543670,132,186,1079,2012.0,5465.0,0.0,0.704565,1.000552,LVA,RUS,6591
1543671,135,186,1079,2012.0,0.0,71570.0,0.166439,0.555431,MDA,RUS,6591
1543672,145,186,1079,2012.0,0.0,11443.0,-1.3442459999999998,-1.2096280000000001,MNG,RUS,6591
1543673,162,186,1079,2012.0,1326523.0,0.0,0.961975,1.517883,NLD,RUS,6591
1543674,163,186,1079,2012.0,7009.0,0.0,0.5462670000000001,-0.042712,NOR,RUS,6591
1543675,177,186,1079,2012.0,71143.0,0.0,1.039598,1.145227,POL,RUS,6591
1543676,178,186,1079,2012.0,0.0,6418.0,-0.10913699999999998,0.23393200000000003,PRK,RUS,6591
1543677,208,186,1079,2012.0,20515.0,0.0,1.721268,0.15675,SWE,RUS,6591
1543678,217,186,1079,2012.0,0.0,277557.0,-1.354542,-1.251443,TJK,RUS,6591
1543679,219,186,1079,2012.0,0.0,856243.0,-1.406457,-1.2194200000000002,TKM,RUS,6591
1543680,224,186,1079,2012.0,20226.0,0.0,0.657573,1.969027,TUR,RUS,6591
1543681,228,186,1079,2012.0,4339792.0,935518.0,0.533547,1.159378,UKR,RUS,6591
1543682,231,186,1079,2012.0,2156.0,0.0,1.51134,-0.637794,USA,RUS,6591
1543683,232,186,1079,2012.0,0.0,699392.0,-0.426961,-0.539122,UZB,RUS,6591
1543684,77,191,1079,2012.0,10706.0,0.0,1.414721,0.07219600000000001,FRA,SEN,6591
1543685,179,191,1079,2012.0,6041.0,0.0,0.697799,2.122262,PRT,SEN,6591
1543686,18,201,1079,2012.0,2259.0,0.0,1.06425,1.369205,BEL,SRB,6591
1543687,23,201,1079,2012.0,0.0,5793.0,0.601161,1.594487,BGR,SRB,6591
1543688,26,201,1079,2012.0,0.0,10308.0,0.6672520000000001,1.16153,BIH,SRB,6591
1543689,43,201,1079,2012.0,3027.0,0.0,1.2170590000000001,0.584412,CHN,SRB,6591
1543690,61,201,1079,2012.0,49592.0,0.0,1.977443,-3.692254,DEU,SRB,6591
1543691,64,201,1079,2012.0,39948.0,0.0,1.159478,1.053761,DNK,SRB,6591
1543692,77,201,1079,2012.0,29669.0,0.0,1.414721,0.07219600000000001,FRA,SRB,6591
1543693,100,201,1079,2012.0,0.0,12502.0,0.881764,1.149456,HRV,SRB,6591
1543694,111,201,1079,2012.0,27020.0,0.0,1.396626,-0.43950500000000003,ITA,SRB,6591
1543695,162,201,1079,2012.0,32864.0,0.0,0.961975,1.517883,NLD,SRB,6591
1543696,207,201,1079,2012.0,55086.0,0.0,1.4933049999999999,0.58207,SVN,SRB,6591
1543697,231,201,1079,2012.0,1532.0,0.0,1.51134,-0.637794,USA,SRB,6591
1543698,7,1,1079,2012.0,2816.0,0.0,0.256232,-0.46518400000000004,ARE,AFG,6591
1543699,111,4,1079,2012.0,2331.0,0.0,1.396626,-0.43950500000000003,ITA,ALB,6591
1543700,162,4,1079,2012.0,7632.0,0.0,0.961975,1.517883,NLD,ALB,6591
1543701,77,21,1079,2012.0,57687.0,0.0,1.414721,0.07219600000000001,FRA,BFA,6591
1543702,231,29,1079,2012.0,15884.0,0.0,1.51134,-0.637794,USA,BLZ,6591
1543703,104,35,1079,2012.0,35029.0,0.0,0.24883200000000003,2.463711,IND,BTN,6591
1543704,246,37,1079,2012.0,11200.0,0.0,0.06510099999999999,1.748521,ZAF,BWA,6591
1543705,43,44,1079,2012.0,5236.0,0.0,1.2170590000000001,0.584412,CHN,CIV,6591
1543706,124,44,1079,2012.0,13710.0,0.0,0.36778099999999997,1.3771010000000001,LBN,CIV,6591
1543707,7,45,1079,2012.0,3916.0,0.0,0.256232,-0.46518400000000004,ARE,CMR,6591
1543708,18,45,1079,2012.0,26816.0,0.0,1.06425,1.369205,BEL,CMR,6591
1543709,43,45,1079,2012.0,723043.0,0.0,1.2170590000000001,0.584412,CHN,CMR,6591
1543710,162,45,1079,2012.0,9198.0,0.0,0.961975,1.517883,NLD,CMR,6591
1543711,228,46,1079,2012.0,5425.0,0.0,0.533547,1.159378,UKR,COD,6591
1543712,179,51,1079,2012.0,4286.0,0.0,0.697799,2.122262,PRT,CPV,6591
1543713,39,54,1079,2012.0,6759.0,0.0,0.630575,1.28653,CAN,CUB,6591
1543714,138,54,1079,2012.0,5701.0,0.0,1.166986,0.662798,MEX,CUB,6591
1543715,243,62,1079,2012.0,39944.0,0.0,-1.180884,-1.22621,YEM,DJI,6591
1543716,43,66,1079,2012.0,91576.0,0.0,1.2170590000000001,0.584412,CHN,DZA,6591
1543717,61,66,1079,2012.0,11412.0,0.0,1.977443,-3.692254,DEU,DZA,6591
1543718,77,66,1079,2012.0,132970.0,0.0,1.414721,0.07219600000000001,FRA,DZA,6591
1543719,111,66,1079,2012.0,130844.0,0.0,1.396626,-0.43950500000000003,ITA,DZA,6591
1543720,162,66,1079,2012.0,5331.0,0.0,0.961975,1.517883,NLD,DZA,6591
1543721,208,66,1079,2012.0,1486.0,0.0,1.721268,0.15675,SWE,DZA,6591
1543722,224,66,1079,2012.0,46732.0,0.0,0.657573,1.969027,TUR,DZA,6591
1543723,43,73,1079,2012.0,2866.0,0.0,1.2170590000000001,0.584412,CHN,ETH,6591
1543724,61,73,1079,2012.0,10111.0,0.0,1.977443,-3.692254,DEU,ETH,6591
1543725,81,73,1079,2012.0,60593.0,0.0,1.544653,0.776512,GBR,ETH,6591
1543726,121,73,1079,2012.0,13875.0,0.0,1.839479,0.8272799999999999,KOR,ETH,6591
1543727,216,73,1079,2012.0,17156.0,0.0,1.015684,1.20697,THA,ETH,6591
1543728,77,80,1079,2012.0,16478.0,0.0,1.414721,0.07219600000000001,FRA,GAB,6591
1543729,7,83,1079,2012.0,3412.0,0.0,0.256232,-0.46518400000000004,ARE,GHA,6591
1543730,81,83,1079,2012.0,1013.0,0.0,1.544653,0.776512,GBR,GHA,6591
1543731,124,83,1079,2012.0,5618.0,0.0,0.36778099999999997,1.3771010000000001,LBN,GHA,6591
1543732,162,83,1079,2012.0,3110.0,0.0,0.961975,1.517883,NLD,GHA,6591
1543733,231,83,1079,2012.0,13110.0,0.0,1.51134,-0.637794,USA,GHA,6591
1543734,18,89,1079,2012.0,4283.0,0.0,1.06425,1.369205,BEL,GNQ,6591
1543735,7,108,1079,2012.0,21765.0,0.0,0.256232,-0.46518400000000004,ARE,IRQ,6591
1543736,113,108,1079,2012.0,78763.0,0.0,0.29205,0.638942,JOR,IRQ,6591
1543737,61,109,1079,2012.0,88880.0,0.0,1.977443,-3.692254,DEU,ISL,6591
1543738,64,109,1079,2012.0,2804.0,0.0,1.159478,1.053761,DNK,ISL,6591
1543739,92,109,1079,2012.0,0.0,2523.0,-0.790721,-0.882532,GRL,ISL,6591
1543740,111,109,1079,2012.0,57443.0,0.0,1.396626,-0.43950500000000003,ITA,ISL,6591
1543741,162,109,1079,2012.0,468544.0,0.0,0.961975,1.517883,NLD,ISL,6591
1543742,208,109,1079,2012.0,56296.0,0.0,1.721268,0.15675,SWE,ISL,6591
1543743,163,116,1079,2012.0,0.0,1729.0,0.5462670000000001,-0.042712,NOR,KEN,6591
1543744,224,116,1079,2012.0,5365.0,0.0,0.657573,1.969027,TUR,KEN,6591
1543745,61,122,1079,2012.0,42012.0,0.0,1.977443,-3.692254,DEU,KWT,6591
1543746,162,122,1079,2012.0,36953.0,0.0,0.961975,1.517883,NLD,KWT,6591
1543747,231,122,1079,2012.0,33840.0,0.0,1.51134,-0.637794,USA,KWT,6591
1543748,216,123,1079,2012.0,1834.0,0.0,1.015684,1.20697,THA,LAO,6591
1543749,18,134,1079,2012.0,28986.0,0.0,1.06425,1.369205,BEL,MAR,6591
1543750,43,134,1079,2012.0,2931.0,0.0,1.2170590000000001,0.584412,CHN,MAR,6591
1543751,71,134,1079,2012.0,144590.0,0.0,0.925701,1.8700189999999999,ESP,MAR,6591
1543752,77,134,1079,2012.0,7708.0,0.0,1.414721,0.07219600000000001,FRA,MAR,6591
1543753,111,134,1079,2012.0,23349.0,0.0,1.396626,-0.43950500000000003,ITA,MAR,6591
1543754,148,134,1079,2012.0,0.0,3594.0,-1.501575,-1.294704,MRT,MAR,6591
1543755,162,134,1079,2012.0,17423.0,0.0,0.961975,1.517883,NLD,MAR,6591
1543756,179,134,1079,2012.0,7313.0,0.0,0.697799,2.122262,PRT,MAR,6591
1543757,224,134,1079,2012.0,13662.0,0.0,0.657573,1.969027,TUR,MAR,6591
1543758,77,136,1079,2012.0,4622.0,0.0,1.414721,0.07219600000000001,FRA,MDG,6591
1543759,7,141,1079,2012.0,9778.0,0.0,0.256232,-0.46518400000000004,ARE,MLI,6591
1543760,18,141,1079,2012.0,14104.0,0.0,1.06425,1.369205,BEL,MLI,6591
1543761,43,141,1079,2012.0,12670.0,0.0,1.2170590000000001,0.584412,CHN,MLI,6591
1543762,77,141,1079,2012.0,2857.0,0.0,1.414721,0.07219600000000001,FRA,MLI,6591
1543763,81,141,1079,2012.0,1781.0,0.0,1.544653,0.776512,GBR,MLI,6591
1543764,134,148,1079,2012.0,3594.0,0.0,-0.330598,0.037439,MAR,MRT,6591
1543765,246,155,1079,2012.0,17527.0,0.0,0.06510099999999999,1.748521,ZAF,NAM,6591
1543766,18,159,1079,2012.0,17708.0,0.0,1.06425,1.369205,BEL,NGA,6591
1543767,43,159,1079,2012.0,10124065.0,0.0,1.2170590000000001,0.584412,CHN,NGA,6591
1543768,61,159,1079,2012.0,3770.0,0.0,1.977443,-3.692254,DEU,NGA,6591
1543769,77,159,1079,2012.0,23893.0,0.0,1.414721,0.07219600000000001,FRA,NGA,6591
1543770,81,159,1079,2012.0,5653.0,0.0,1.544653,0.776512,GBR,NGA,6591
1543771,111,159,1079,2012.0,68770.0,0.0,1.396626,-0.43950500000000003,ITA,NGA,6591
1543772,188,159,1079,2012.0,41978.0,0.0,-0.621115,-0.975865,SAU,NGA,6591
1543773,14,176,1079,2012.0,17799.0,0.0,-0.537197,-0.22305300000000003,AUS,PNG,6591
1543774,43,176,1079,2012.0,6530.0,0.0,1.2170590000000001,0.584412,CHN,PNG,6591
1543775,114,176,1079,2012.0,4342.0,0.0,2.325746,-0.8705649999999999,JPN,PNG,6591
1543776,166,176,1079,2012.0,5218.0,0.0,0.21502399999999997,0.746456,NZL,PNG,6591
1543777,186,178,1079,2012.0,6418.0,0.0,-0.123649,-0.218926,RUS,PRK,6591
1543778,61,183,1079,2012.0,161131.0,0.0,1.977443,-3.692254,DEU,QAT,6591
1543779,77,183,1079,2012.0,32567.0,0.0,1.414721,0.07219600000000001,FRA,QAT,6591
1543780,81,211,1079,2012.0,1566.0,0.0,1.544653,0.776512,GBR,SYC,6591
1543781,18,223,1079,2012.0,3646.0,0.0,1.06425,1.369205,BEL,TUN,6591
1543782,61,223,1079,2012.0,2411.0,0.0,1.977443,-3.692254,DEU,TUN,6591
1543783,77,223,1079,2012.0,31438.0,0.0,1.414721,0.07219600000000001,FRA,TUN,6591
1543784,81,223,1079,2012.0,2460.0,0.0,1.544653,0.776512,GBR,TUN,6591
1543785,111,223,1079,2012.0,23229.0,0.0,1.396626,-0.43950500000000003,ITA,TUN,6591
1543786,162,223,1079,2012.0,2375.0,0.0,0.961975,1.517883,NLD,TUN,6591
1543787,7,226,1079,2012.0,12529.0,0.0,0.256232,-0.46518400000000004,ARE,TZA,6591
1543788,224,227,1079,2012.0,1090.0,0.0,0.657573,1.969027,TUR,UGA,6591
1543789,231,237,1079,2012.0,2768.0,0.0,1.51134,-0.637794,USA,VGB,6591
1543790,43,239,1079,2012.0,116021.0,0.0,1.2170590000000001,0.584412,CHN,VNM,6591
1543791,81,239,1079,2012.0,41035.0,0.0,1.544653,0.776512,GBR,VNM,6591
1543792,97,239,1079,2012.0,8782.0,0.0,0.788308,1.029625,HKG,VNM,6591
1543793,114,239,1079,2012.0,22395.0,0.0,2.325746,-0.8705649999999999,JPN,VNM,6591
1543794,121,239,1079,2012.0,106923.0,0.0,1.839479,0.8272799999999999,KOR,VNM,6591
1543795,153,239,1079,2012.0,6471.0,0.0,0.93739,0.726329,MYS,VNM,6591
1543796,162,239,1079,2012.0,17820.0,0.0,0.961975,1.517883,NLD,VNM,6591
1543797,174,239,1079,2012.0,0.0,2641.0,0.44656,0.55585,PHL,VNM,6591
1543798,192,239,1079,2012.0,1865.0,0.0,1.762134,0.583393,SGP,VNM,6591
1543799,208,239,1079,2012.0,9555.0,0.0,1.721268,0.15675,SWE,VNM,6591
1543800,249,239,1079,2012.0,1267587.0,0.0,1.671686,0.9854729999999999,TWN,VNM,6591
1543801,7,247,1079,2012.0,10893.0,0.0,0.256232,-0.46518400000000004,ARE,ZMB,6591
1543802,153,247,1079,2012.0,4243.0,0.0,0.93739,0.726329,MYS,ZMB,6591
1543803,246,247,1079,2012.0,341319.0,0.0,0.06510099999999999,1.748521,ZAF,ZMB,6591
1543804,231,63,1079,2012.0,2518.0,0.0,1.51134,-0.637794,USA,DMA,6591
1543805,41,127,1079,2012.0,22552.0,0.0,2.0265150000000003,0.6496689999999999,CHE,LCA,6591
1543806,77,127,1079,2012.0,114106.0,0.0,1.414721,0.07219600000000001,FRA,LCA,6591
1543807,111,127,1079,2012.0,60684.0,0.0,1.396626,-0.43950500000000003,ITA,LCA,6591
1543808,231,57,1079,2012.0,61484.0,0.0,1.51134,-0.637794,USA,CYM,6591
1543809,162,126,1079,2012.0,18205.0,0.0,0.961975,1.517883,NLD,LBY,6591
1543810,26,144,1079,2012.0,2859.0,0.0,0.6672520000000001,1.16153,BIH,MNE,6591
1543811,41,144,1079,2012.0,1200.0,0.0,2.0265150000000003,0.6496689999999999,CHE,MNE,6591
1543812,43,144,1079,2012.0,4547.0,0.0,1.2170590000000001,0.584412,CHN,MNE,6591
1543813,224,144,1079,2012.0,7943.0,0.0,0.657573,1.969027,TUR,MNE,6591
1543814,43,217,1079,2012.0,3699801.0,0.0,1.2170590000000001,0.584412,CHN,TJK,6591
1543815,117,217,1079,2012.0,1542.0,0.0,0.044116,0.678193,KGZ,TJK,6591
1543816,186,217,1079,2012.0,277557.0,0.0,-0.123649,-0.218926,RUS,TJK,6591
1543817,228,217,1079,2012.0,275651.0,0.0,0.533547,1.159378,UKR,TJK,6591
1543818,43,219,1079,2012.0,1119257.0,0.0,1.2170590000000001,0.584412,CHN,TKM,6591
1543819,186,219,1079,2012.0,856243.0,0.0,-0.123649,-0.218926,RUS,TKM,6591
1543820,208,219,1079,2012.0,24684.0,0.0,1.721268,0.15675,SWE,TKM,6591
1543821,224,219,1079,2012.0,1600.0,0.0,0.657573,1.969027,TUR,TKM,6591
1543822,228,219,1079,2012.0,1680014.0,0.0,0.533547,1.159378,UKR,TKM,6591
1543823,231,0,1079,2012.0,9238.0,0.0,1.51134,-0.637794,USA,ABW,6591
1543824,42,31,1079,2012.0,10520.0,0.0,-0.180309,-0.33571799999999996,CHL,BOL,6591
1543825,43,31,1079,2012.0,4288.0,0.0,1.2170590000000001,0.584412,CHN,BOL,6591
1543826,153,34,1079,2012.0,2824.0,0.0,0.93739,0.726329,MYS,BRN,6591
1543827,192,34,1079,2012.0,1464.0,0.0,1.762134,0.583393,SGP,BRN,6591
1543828,43,75,1079,2012.0,4210.0,0.0,1.2170590000000001,0.584412,CHN,FJI,6591
1543829,166,75,1079,2012.0,21428.0,0.0,0.21502399999999997,0.746456,NZL,FJI,6591
1543830,61,78,1079,2012.0,228347.0,0.0,1.977443,-3.692254,DEU,FRO,6591
1543831,64,78,1079,2012.0,288465.0,0.0,1.159478,1.053761,DNK,FRO,6591
1543832,169,101,1079,2012.0,1001.0,0.0,1.001878,1.18554,PAN,HTI,6591
1543833,246,129,1079,2012.0,1857.0,0.0,0.06510099999999999,1.748521,ZAF,LSO,6591
1543834,7,137,1079,2012.0,7876.0,0.0,0.256232,-0.46518400000000004,ARE,MDV,6591
1543835,18,137,1079,2012.0,7065.0,0.0,1.06425,1.369205,BEL,MDV,6591
1543836,43,137,1079,2012.0,41948.0,0.0,1.2170590000000001,0.584412,CHN,MDV,6591
1543837,61,137,1079,2012.0,5140.0,0.0,1.977443,-3.692254,DEU,MDV,6591
1543838,153,137,1079,2012.0,12624.0,0.0,0.93739,0.726329,MYS,MDV,6591
1543839,216,137,1079,2012.0,32870.0,0.0,1.015684,1.20697,THA,MDV,6591
1543840,231,139,1079,2012.0,13551.0,0.0,1.51134,-0.637794,USA,MHL,6591
1543841,186,145,1079,2012.0,11443.0,0.0,-0.123649,-0.218926,RUS,MNG,6591
1543842,246,152,1079,2012.0,2045.0,0.0,0.06510099999999999,1.748521,ZAF,MWI,6591
1543843,43,156,1079,2012.0,2064.0,0.0,1.2170590000000001,0.584412,CHN,NCL,6591
1543844,61,156,1079,2012.0,2420.0,0.0,1.977443,-3.692254,DEU,NCL,6591
1543845,77,156,1079,2012.0,26916.0,0.0,1.414721,0.07219600000000001,FRA,NCL,6591
1543846,111,156,1079,2012.0,29011.0,0.0,1.396626,-0.43950500000000003,ITA,NCL,6591
1543847,216,156,1079,2012.0,2515.0,0.0,1.015684,1.20697,THA,NCL,6591
1543848,18,182,1079,2012.0,8576.0,0.0,1.06425,1.369205,BEL,PYF,6591
1543849,77,182,1079,2012.0,6895.0,0.0,1.414721,0.07219600000000001,FRA,PYF,6591
1543850,192,182,1079,2012.0,2027.0,0.0,1.762134,0.583393,SGP,PYF,6591
1543851,167,196,1079,2012.0,0.0,31697.0,-0.782802,-1.065774,OMN,SLE,6591
1543852,18,232,1079,2012.0,15315.0,0.0,1.06425,1.369205,BEL,UZB,6591
1543853,43,232,1079,2012.0,1456683.0,0.0,1.2170590000000001,0.584412,CHN,UZB,6591
1543854,115,232,1079,2012.0,0.0,164303.0,-0.447428,-0.42193,KAZ,UZB,6591
1543855,186,232,1079,2012.0,699392.0,0.0,-0.123649,-0.218926,RUS,UZB,6591
1543856,224,232,1079,2012.0,313726.0,0.0,0.657573,1.969027,TUR,UZB,6591
1543857,228,232,1079,2012.0,2517072.0,0.0,0.533547,1.159378,UKR,UZB,6591
1543858,61,92,1079,2012.0,16276.0,0.0,1.977443,-3.692254,DEU,GRL,6591
1543859,64,92,1079,2012.0,440536.0,0.0,1.159478,1.053761,DNK,GRL,6591
1543860,109,92,1079,2012.0,2523.0,0.0,0.20266800000000001,-0.203262,ISL,GRL,6591
1543861,14,56,1079,2012.0,4177.0,0.0,-0.537197,-0.22305300000000003,AUS,CXR,6591
1543862,231,79,1079,2012.0,103553.0,0.0,1.51134,-0.637794,USA,FSM,6591
1543863,43,175,1079,2012.0,1747.0,0.0,1.2170590000000001,0.584412,CHN,PLW,6591
1543864,77,200,1079,2012.0,3117.0,0.0,1.414721,0.07219600000000001,FRA,SPM,6591
1543865,231,105,1079,2012.0,5108.0,0.0,1.51134,-0.637794,USA,IOT,6591
1543866,231,213,1079,2012.0,3705.0,0.0,1.51134,-0.637794,USA,TCA,6591
1543867,81,76,1079,2012.0,13170.0,0.0,1.544653,0.776512,GBR,FLK,6591
1543868,1,7,1080,2012.0,57091.0,18811.0,-0.666296,-0.7860689999999999,AFG,ARE,6592
1543869,2,7,1080,2012.0,0.0,47230.0,-1.610059,-1.1253739999999999,AGO,ARE,6592
1543870,8,7,1080,2012.0,1035.0,0.0,-0.019015,0.548292,ARG,ARE,6592
1543871,9,7,1080,2012.0,1875.0,0.0,0.45677399999999996,-0.001422,ARM,ARE,6592
1543872,14,7,1080,2012.0,2332.0,35991.0,-0.537197,-0.22305300000000003,AUS,ARE,6592
1543873,15,7,1080,2012.0,7553.0,1049.0,1.710955,-0.8860399999999999,AUT,ARE,6592
1543874,16,7,1080,2012.0,0.0,73465.0,-1.44287,-1.261817,AZE,ARE,6592
1543875,17,7,1080,2012.0,0.0,3463.0,-0.504594,-0.944235,BDI,ARE,6592
1543876,18,7,1080,2012.0,368964.0,3342.0,1.06425,1.369205,BEL,ARE,6592
1543877,19,7,1080,2012.0,0.0,145027.0,-1.0708870000000001,-0.934292,BEN,ARE,6592
1543878,21,7,1080,2012.0,0.0,7116.0,-0.624286,-0.689179,BFA,ARE,6592
1543879,24,7,1080,2012.0,0.0,198188.0,-0.01785,-0.780651,BHR,ARE,6592
1543880,26,7,1080,2012.0,0.0,3263.0,0.6672520000000001,1.16153,BIH,ARE,6592
1543881,32,7,1080,2012.0,1163.0,7683.0,0.340455,0.9006790000000001,BRA,ARE,6592
1543882,34,7,1080,2012.0,0.0,4436.0,-2.9686049999999997,-0.8427290000000001,BRN,ARE,6592
1543883,39,7,1080,2012.0,0.0,76582.0,0.630575,1.28653,CAN,ARE,6592
1543884,41,7,1080,2012.0,17455.0,213076.0,2.0265150000000003,0.6496689999999999,CHE,ARE,6592
1543885,43,7,1080,2012.0,3993634.0,104227.0,1.2170590000000001,0.584412,CHN,ARE,6592
1543886,45,7,1080,2012.0,0.0,7099.0,-1.018794,-1.013026,CMR,ARE,6592
1543887,46,7,1080,2012.0,0.0,106020.0,-1.3769209999999998,-1.218267,COD,ARE,6592
1543888,47,7,1080,2012.0,0.0,27513.0,-1.153559,-1.069009,COG,ARE,6592
1543889,50,7,1080,2012.0,0.0,1241.0,0.06202100000000001,-0.7399100000000001,COM,ARE,6592
1543890,61,7,1080,2012.0,2310564.0,207495.0,1.977443,-3.692254,DEU,ARE,6592
1543891,62,7,1080,2012.0,0.0,19881.0,-0.18596400000000002,-0.6537310000000001,DJI,ARE,6592
1543892,64,7,1080,2012.0,14731.0,7047.0,1.159478,1.053761,DNK,ARE,6592
1543893,66,7,1080,2012.0,0.0,21082.0,-1.745941,-1.149894,DZA,ARE,6592
1543894,68,7,1080,2012.0,969161.0,25811.0,-0.145791,1.470876,EGY,ARE,6592
1543895,71,7,1080,2012.0,8713.0,6340.0,0.925701,1.8700189999999999,ESP,ARE,6592
1543896,73,7,1080,2012.0,0.0,72951.0,-0.9118729999999999,-0.8843,ETH,ARE,6592
1543897,74,7,1080,2012.0,8229.0,4886.0,1.5813700000000002,0.872251,FIN,ARE,6592
1543898,75,7,1080,2012.0,0.0,8653.0,-0.332623,0.020258,FJI,ARE,6592
1543899,77,7,1080,2012.0,309170.0,7277.0,1.414721,0.07219600000000001,FRA,ARE,6592
1543900,80,7,1080,2012.0,0.0,9673.0,-1.636201,-1.161638,GAB,ARE,6592
1543901,81,7,1080,2012.0,525503.0,17533.0,1.544653,0.776512,GBR,ARE,6592
1543902,82,7,1080,2012.0,0.0,1321.0,-0.244691,-0.552666,GEO,ARE,6592
1543903,83,7,1080,2012.0,0.0,124936.0,-1.0541049999999998,-0.7275590000000001,GHA,ARE,6592
1543904,85,7,1080,2012.0,0.0,18792.0,-1.904106,-1.2584950000000001,GIN,ARE,6592
1543905,87,7,1080,2012.0,0.0,3615.0,-0.36801300000000003,-0.637681,GMB,ARE,6592
1543906,88,7,1080,2012.0,0.0,15264.0,-1.664179,-1.029133,GNB,ARE,6592
1543907,89,7,1080,2012.0,0.0,1308.0,-1.3664319999999999,-0.834513,GNQ,ARE,6592
1543908,90,7,1080,2012.0,0.0,4303.0,0.161352,1.273024,GRC,ARE,6592
1543909,93,7,1080,2012.0,0.0,1033.0,-0.15801400000000002,0.5786640000000001,GTM,ARE,6592
1543910,97,7,1080,2012.0,0.0,458895.0,0.788308,1.029625,HKG,ARE,6592
1543911,103,7,1080,2012.0,56230.0,0.0,0.045694,1.635448,IDN,ARE,6592
1543912,104,7,1080,2012.0,22606916.0,84873.0,0.24883200000000003,2.463711,IND,ARE,6592
1543913,106,7,1080,2012.0,32927.0,0.0,1.1761549999999998,0.279569,IRL,ARE,6592
1543914,107,7,1080,2012.0,6030466.0,1852962.0,-1.06794,-0.993099,IRN,ARE,6592
1543915,108,7,1080,2012.0,4250.0,35381.0,-3.076964,-0.852475,IRQ,ARE,6592
1543916,110,7,1080,2012.0,0.0,6535.0,1.125254,0.736004,ISR,ARE,6592
1543917,111,7,1080,2012.0,171044.0,1195.0,1.396626,-0.43950500000000003,ITA,ARE,6592
1543918,113,7,1080,2012.0,0.0,186201.0,0.29205,0.638942,JOR,ARE,6592
1543919,114,7,1080,2012.0,6382.0,74774.0,2.325746,-0.8705649999999999,JPN,ARE,6592
1543920,115,7,1080,2012.0,34473.0,421811.0,-0.447428,-0.42193,KAZ,ARE,6592
1543921,116,7,1080,2012.0,0.0,59093.0,-0.256144,0.21991599999999997,KEN,ARE,6592
1543922,121,7,1080,2012.0,9582.0,0.0,1.839479,0.8272799999999999,KOR,ARE,6592
1543923,122,7,1080,2012.0,0.0,298604.0,-1.130729,-1.083905,KWT,ARE,6592
1543924,124,7,1080,2012.0,50360.0,67719.0,0.36778099999999997,1.3771010000000001,LBN,ARE,6592
1543925,126,7,1080,2012.0,0.0,48149.0,-2.778437,-1.15615,LBY,ARE,6592
1543926,128,7,1080,2012.0,0.0,2388.0,-0.24579299999999998,0.518273,LKA,ARE,6592
1543927,131,7,1080,2012.0,74422.0,0.0,1.0163739999999999,1.178021,LUX,ARE,6592
1543928,134,7,1080,2012.0,6300.0,55929.0,-0.330598,0.037439,MAR,ARE,6592
1543929,137,7,1080,2012.0,0.0,3748.0,-0.12348699999999999,-0.7748430000000001,MDV,ARE,6592
1543930,141,7,1080,2012.0,0.0,12589.0,-0.675086,-0.8228139999999999,MLI,ARE,6592
1543931,147,7,1080,2012.0,0.0,6647.0,-1.274567,-1.045444,MOZ,ARE,6592
1543932,148,7,1080,2012.0,0.0,730990.0,-1.501575,-1.294704,MRT,ARE,6592
1543933,153,7,1080,2012.0,3460.0,9803.0,0.93739,0.726329,MYS,ARE,6592
1543934,157,7,1080,2012.0,0.0,12083.0,-1.274453,-1.12791,NER,ARE,6592
1543935,159,7,1080,2012.0,0.0,18531.0,-1.616498,-1.174816,NGA,ARE,6592
1543936,162,7,1080,2012.0,23743.0,5312.0,0.961975,1.517883,NLD,ARE,6592
1543937,163,7,1080,2012.0,0.0,11439.0,0.5462670000000001,-0.042712,NOR,ARE,6592
1543938,164,7,1080,2012.0,250700.0,63197.0,0.023836000000000003,0.702753,NPL,ARE,6592
1543939,166,7,1080,2012.0,12180.0,24349.0,0.21502399999999997,0.746456,NZL,ARE,6592
1543940,167,7,1080,2012.0,2109.0,1088189.0,-0.782802,-1.065774,OMN,ARE,6592
1543941,168,7,1080,2012.0,474607.0,77166.0,-0.600346,0.474208,PAK,ARE,6592
1543942,174,7,1080,2012.0,9828.0,0.0,0.44656,0.55585,PHL,ARE,6592
1543943,177,7,1080,2012.0,12441.0,0.0,1.039598,1.145227,POL,ARE,6592
1543944,179,7,1080,2012.0,7713.0,5438.0,0.697799,2.122262,PRT,ARE,6592
1543945,183,7,1080,2012.0,4547.0,222199.0,-0.6436029999999999,-0.990323,QAT,ARE,6592
1543946,185,7,1080,2012.0,0.0,31328.0,0.952936,1.227809,ROU,ARE,6592
1543947,186,7,1080,2012.0,34414.0,36652.0,-0.123649,-0.218926,RUS,ARE,6592
1543948,187,7,1080,2012.0,0.0,49525.0,-0.589064,-0.751896,RWA,ARE,6592
1543949,188,7,1080,2012.0,1824.0,165360.0,-0.621115,-0.975865,SAU,ARE,6592
1543950,190,7,1080,2012.0,0.0,61298.0,-1.2913139999999999,-1.144454,SDN,ARE,6592
1543951,191,7,1080,2012.0,0.0,381515.0,-0.379797,0.020130000000000002,SEN,ARE,6592
1543952,192,7,1080,2012.0,10995.0,59572.0,1.762134,0.583393,SGP,ARE,6592
1543953,199,7,1080,2012.0,0.0,7532.0,-0.853835,-0.9462889999999999,SOM,ARE,6592
1543954,208,7,1080,2012.0,27172.0,4979.0,1.721268,0.15675,SWE,ARE,6592
1543955,211,7,1080,2012.0,0.0,17350.0,-0.408819,-0.753598,SYC,ARE,6592
1543956,212,7,1080,2012.0,36370.0,0.0,0.12079200000000001,2.258125,SYR,ARE,6592
1543957,215,7,1080,2012.0,0.0,53002.0,-0.525578,-0.41306800000000005,TGO,ARE,6592
1543958,216,7,1080,2012.0,420033.0,22994.0,1.015684,1.20697,THA,ARE,6592
1543959,219,7,1080,2012.0,0.0,1207.0,-1.406457,-1.2194200000000002,TKM,ARE,6592
1543960,224,7,1080,2012.0,689289.0,0.0,0.657573,1.969027,TUR,ARE,6592
1543961,226,7,1080,2012.0,0.0,196667.0,-0.490001,1.149681,TZA,ARE,6592
1543962,227,7,1080,2012.0,0.0,139472.0,-0.492733,0.4513,UGA,ARE,6592
1543963,231,7,1080,2012.0,218177.0,33476.0,1.51134,-0.637794,USA,ARE,6592
1543964,232,7,1080,2012.0,0.0,4707.0,-0.426961,-0.539122,UZB,ARE,6592
1543965,243,7,1080,2012.0,0.0,162314.0,-1.180884,-1.22621,YEM,ARE,6592
1543966,246,7,1080,2012.0,6484.0,53232.0,0.06510099999999999,1.748521,ZAF,ARE,6592
1543967,247,7,1080,2012.0,0.0,5999.0,-0.356518,-0.71057,ZMB,ARE,6592
1543968,248,7,1080,2012.0,0.0,83524.0,-0.812796,-0.747908,ZWE,ARE,6592
1543969,250,7,1080,2012.0,0.0,41465.0,0.34242399999999995,-0.007095999999999999,ANS,ARE,6592
1543970,7,8,1080,2012.0,0.0,1035.0,0.256232,-0.46518400000000004,ARE,ARG,6592
1543971,68,8,1080,2012.0,239955.0,0.0,-0.145791,1.470876,EGY,ARG,6592
1543972,71,8,1080,2012.0,0.0,2475.0,0.925701,1.8700189999999999,ESP,ARG,6592
1543973,81,8,1080,2012.0,0.0,3232.0,1.544653,0.776512,GBR,ARG,6592
1543974,104,8,1080,2012.0,30187.0,0.0,0.24883200000000003,2.463711,IND,ARG,6592
1543975,111,8,1080,2012.0,0.0,7079.0,1.396626,-0.43950500000000003,ITA,ARG,6592
1543976,134,8,1080,2012.0,1675.0,0.0,-0.330598,0.037439,MAR,ARG,6592
1543977,168,8,1080,2012.0,4405.0,0.0,-0.600346,0.474208,PAK,ARG,6592
1543978,169,8,1080,2012.0,0.0,11449.0,1.001878,1.18554,PAN,ARG,6592
1543979,173,8,1080,2012.0,3664.0,0.0,-0.47011499999999995,0.340251,PER,ARG,6592
1543980,216,8,1080,2012.0,0.0,12296.0,1.015684,1.20697,THA,ARG,6592
1543981,231,8,1080,2012.0,15484.0,12923.0,1.51134,-0.637794,USA,ARG,6592
1543982,1,15,1080,2012.0,29870.0,0.0,-0.666296,-0.7860689999999999,AFG,AUT,6592
1543983,5,15,1080,2012.0,0.0,3594.0,0.968361,0.673964,AND,AUT,6592
1543984,7,15,1080,2012.0,1049.0,7553.0,0.256232,-0.46518400000000004,ARE,AUT,6592
1543985,14,15,1080,2012.0,0.0,1245.0,-0.537197,-0.22305300000000003,AUS,AUT,6592
1543986,18,15,1080,2012.0,66304.0,88541.0,1.06425,1.369205,BEL,AUT,6592
1543987,23,15,1080,2012.0,0.0,15601.0,0.601161,1.594487,BGR,AUT,6592
1543988,26,15,1080,2012.0,3669.0,0.0,0.6672520000000001,1.16153,BIH,AUT,6592
1543989,32,15,1080,2012.0,0.0,8949.0,0.340455,0.9006790000000001,BRA,AUT,6592
1543990,41,15,1080,2012.0,21306.0,529471.0,2.0265150000000003,0.6496689999999999,CHE,AUT,6592
1543991,43,15,1080,2012.0,31642.0,0.0,1.2170590000000001,0.584412,CHN,AUT,6592
1543992,59,15,1080,2012.0,0.0,213283.0,1.7368299999999999,-0.651329,CZE,AUT,6592
1543993,61,15,1080,2012.0,4964039.0,2233196.0,1.977443,-3.692254,DEU,AUT,6592
1543994,64,15,1080,2012.0,77990.0,0.0,1.159478,1.053761,DNK,AUT,6592
1543995,68,15,1080,2012.0,239286.0,0.0,-0.145791,1.470876,EGY,AUT,6592
1543996,71,15,1080,2012.0,23829.0,0.0,0.925701,1.8700189999999999,ESP,AUT,6592
1543997,74,15,1080,2012.0,2609.0,0.0,1.5813700000000002,0.872251,FIN,AUT,6592
1543998,77,15,1080,2012.0,373786.0,14989.0,1.414721,0.07219600000000001,FRA,AUT,6592
1543999,81,15,1080,2012.0,31614.0,21815.0,1.544653,0.776512,GBR,AUT,6592
1544000,84,15,1080,2012.0,0.0,5686.0,0.440566,-0.5784189999999999,GIB,AUT,6592
1544001,90,15,1080,2012.0,0.0,389600.0,0.161352,1.273024,GRC,AUT,6592
1544002,97,15,1080,2012.0,34115.0,0.0,0.788308,1.029625,HKG,AUT,6592
1544003,100,15,1080,2012.0,0.0,18558.0,0.881764,1.149456,HRV,AUT,6592
1544004,102,15,1080,2012.0,0.0,130474.0,1.61049,0.44614799999999993,HUN,AUT,6592
1544005,104,15,1080,2012.0,2318156.0,0.0,0.24883200000000003,2.463711,IND,AUT,6592
1544006,106,15,1080,2012.0,76049.0,0.0,1.1761549999999998,0.279569,IRL,AUT,6592
1544007,107,15,1080,2012.0,4160482.0,123153.0,-1.06794,-0.993099,IRN,AUT,6592
1544008,110,15,1080,2012.0,1865.0,8325.0,1.125254,0.736004,ISR,AUT,6592
1544009,111,15,1080,2012.0,753286.0,107178.0,1.396626,-0.43950500000000003,ITA,AUT,6592
1544010,124,15,1080,2012.0,3860.0,0.0,0.36778099999999997,1.3771010000000001,LBN,AUT,6592
1544011,130,15,1080,2012.0,0.0,16852.0,0.739945,1.217062,LTU,AUT,6592
1544012,131,15,1080,2012.0,0.0,2178.0,1.0163739999999999,1.178021,LUX,AUT,6592
1544013,134,15,1080,2012.0,34338.0,0.0,-0.330598,0.037439,MAR,AUT,6592
1544014,144,15,1080,2012.0,0.0,1982.0,0.028479,-0.045841,MNE,AUT,6592
1544015,145,15,1080,2012.0,79245.0,0.0,-1.3442459999999998,-1.2096280000000001,MNG,AUT,6592
1544016,162,15,1080,2012.0,47275.0,5244.0,0.961975,1.517883,NLD,AUT,6592
1544017,163,15,1080,2012.0,2409.0,6883.0,0.5462670000000001,-0.042712,NOR,AUT,6592
1544018,164,15,1080,2012.0,968651.0,0.0,0.023836000000000003,0.702753,NPL,AUT,6592
1544019,167,15,1080,2012.0,0.0,15433.0,-0.782802,-1.065774,OMN,AUT,6592
1544020,168,15,1080,2012.0,1129322.0,0.0,-0.600346,0.474208,PAK,AUT,6592
1544021,174,15,1080,2012.0,1198.0,0.0,0.44656,0.55585,PHL,AUT,6592
1544022,177,15,1080,2012.0,12262.0,0.0,1.039598,1.145227,POL,AUT,6592
1544023,179,15,1080,2012.0,3753.0,77004.0,0.697799,2.122262,PRT,AUT,6592
1544024,185,15,1080,2012.0,0.0,32684.0,0.952936,1.227809,ROU,AUT,6592
1544025,186,15,1080,2012.0,7491.0,0.0,-0.123649,-0.218926,RUS,AUT,6592
1544026,188,15,1080,2012.0,1102.0,0.0,-0.621115,-0.975865,SAU,AUT,6592
1544027,192,15,1080,2012.0,3470.0,39486.0,1.762134,0.583393,SGP,AUT,6592
1544028,201,15,1080,2012.0,0.0,16024.0,0.696674,1.544065,SRB,AUT,6592
1544029,206,15,1080,2012.0,0.0,121488.0,1.3586200000000002,0.805751,SVK,AUT,6592
1544030,207,15,1080,2012.0,0.0,233336.0,1.4933049999999999,0.58207,SVN,AUT,6592
1544031,208,15,1080,2012.0,49133.0,85726.0,1.721268,0.15675,SWE,AUT,6592
1544032,216,15,1080,2012.0,2234.0,0.0,1.015684,1.20697,THA,AUT,6592
1544033,219,15,1080,2012.0,17492.0,0.0,-1.406457,-1.2194200000000002,TKM,AUT,6592
1544034,223,15,1080,2012.0,29206.0,0.0,0.509432,0.8157810000000001,TUN,AUT,6592
1544035,224,15,1080,2012.0,1382737.0,2146.0,0.657573,1.969027,TUR,AUT,6592
1544036,228,15,1080,2012.0,0.0,3537.0,0.533547,1.159378,UKR,AUT,6592
1544037,231,15,1080,2012.0,122524.0,59403.0,1.51134,-0.637794,USA,AUT,6592
1544038,232,15,1080,2012.0,11488.0,0.0,-0.426961,-0.539122,UZB,AUT,6592
1544039,246,15,1080,2012.0,0.0,8540.0,0.06510099999999999,1.748521,ZAF,AUT,6592
1544040,249,15,1080,2012.0,0.0,5107.0,1.671686,0.9854729999999999,TWN,AUT,6592
1544041,2,18,1080,2012.0,0.0,1205.0,-1.610059,-1.1253739999999999,AGO,BEL,6592
1544042,7,18,1080,2012.0,3342.0,368964.0,0.256232,-0.46518400000000004,ARE,BEL,6592
1544043,14,18,1080,2012.0,0.0,29874.0,-0.537197,-0.22305300000000003,AUS,BEL,6592
1544044,15,18,1080,2012.0,88541.0,66304.0,1.710955,-0.8860399999999999,AUT,BEL,6592
1544045,17,18,1080,2012.0,0.0,3560.0,-0.504594,-0.944235,BDI,BEL,6592
1544046,22,18,1080,2012.0,0.0,3311.0,-0.62037,-0.6858350000000001,BGD,BEL,6592
1544047,23,18,1080,2012.0,0.0,3456.0,0.601161,1.594487,BGR,BEL,6592
1544048,24,18,1080,2012.0,0.0,17325.0,-0.01785,-0.780651,BHR,BEL,6592
1544049,32,18,1080,2012.0,0.0,1261.0,0.340455,0.9006790000000001,BRA,BEL,6592
1544050,39,18,1080,2012.0,0.0,21793.0,0.630575,1.28653,CAN,BEL,6592
1544051,41,18,1080,2012.0,10527.0,135683.0,2.0265150000000003,0.6496689999999999,CHE,BEL,6592
1544052,42,18,1080,2012.0,0.0,14709.0,-0.180309,-0.33571799999999996,CHL,BEL,6592
1544053,43,18,1080,2012.0,342199.0,9145.0,1.2170590000000001,0.584412,CHN,BEL,6592
1544054,44,18,1080,2012.0,0.0,1606.0,-1.014737,-0.8629049999999999,CIV,BEL,6592
1544055,45,18,1080,2012.0,0.0,2995.0,-1.018794,-1.013026,CMR,BEL,6592
1544056,46,18,1080,2012.0,0.0,23799.0,-1.3769209999999998,-1.218267,COD,BEL,6592
1544057,47,18,1080,2012.0,0.0,1127.0,-1.153559,-1.069009,COG,BEL,6592
1544058,59,18,1080,2012.0,0.0,13005.0,1.7368299999999999,-0.651329,CZE,BEL,6592
1544059,61,18,1080,2012.0,1588482.0,559558.0,1.977443,-3.692254,DEU,BEL,6592
1544060,64,18,1080,2012.0,65692.0,43675.0,1.159478,1.053761,DNK,BEL,6592
1544061,68,18,1080,2012.0,1008361.0,43113.0,-0.145791,1.470876,EGY,BEL,6592
1544062,71,18,1080,2012.0,17409.0,223478.0,0.925701,1.8700189999999999,ESP,BEL,6592
1544063,72,18,1080,2012.0,0.0,5373.0,0.8603,1.3146870000000002,EST,BEL,6592
1544064,73,18,1080,2012.0,3598.0,16018.0,-0.9118729999999999,-0.8843,ETH,BEL,6592
1544065,74,18,1080,2012.0,0.0,11684.0,1.5813700000000002,0.872251,FIN,BEL,6592
1544066,77,18,1080,2012.0,108943.0,2527447.0,1.414721,0.07219600000000001,FRA,BEL,6592
1544067,81,18,1080,2012.0,344060.0,884036.0,1.544653,0.776512,GBR,BEL,6592
1544068,83,18,1080,2012.0,0.0,76195.0,-1.0541049999999998,-0.7275590000000001,GHA,BEL,6592
1544069,90,18,1080,2012.0,0.0,139219.0,0.161352,1.273024,GRC,BEL,6592
1544070,97,18,1080,2012.0,0.0,8088.0,0.788308,1.029625,HKG,BEL,6592
1544071,102,18,1080,2012.0,0.0,6201.0,1.61049,0.44614799999999993,HUN,BEL,6592
1544072,104,18,1080,2012.0,3048968.0,0.0,0.24883200000000003,2.463711,IND,BEL,6592
1544073,106,18,1080,2012.0,0.0,8367.0,1.1761549999999998,0.279569,IRL,BEL,6592
1544074,107,18,1080,2012.0,177251.0,163279.0,-1.06794,-0.993099,IRN,BEL,6592
1544075,109,18,1080,2012.0,0.0,3852.0,0.20266800000000001,-0.203262,ISL,BEL,6592
1544076,110,18,1080,2012.0,1669.0,11159.0,1.125254,0.736004,ISR,BEL,6592
1544077,111,18,1080,2012.0,195662.0,117242.0,1.396626,-0.43950500000000003,ITA,BEL,6592
1544078,114,18,1080,2012.0,0.0,6918.0,2.325746,-0.8705649999999999,JPN,BEL,6592
1544079,115,18,1080,2012.0,0.0,6516.0,-0.447428,-0.42193,KAZ,BEL,6592
1544080,121,18,1080,2012.0,0.0,7643.0,1.839479,0.8272799999999999,KOR,BEL,6592
1544081,122,18,1080,2012.0,0.0,4301.0,-1.130729,-1.083905,KWT,BEL,6592
1544082,126,18,1080,2012.0,0.0,1156.0,-2.778437,-1.15615,LBY,BEL,6592
1544083,130,18,1080,2012.0,0.0,10293.0,0.739945,1.217062,LTU,BEL,6592
1544084,131,18,1080,2012.0,13519.0,22042.0,1.0163739999999999,1.178021,LUX,BEL,6592
1544085,132,18,1080,2012.0,0.0,2879.0,0.704565,1.000552,LVA,BEL,6592
1544086,133,18,1080,2012.0,0.0,1180.0,0.7714310000000001,0.727348,MAC,BEL,6592
1544087,134,18,1080,2012.0,14436.0,1104.0,-0.330598,0.037439,MAR,BEL,6592
1544088,137,18,1080,2012.0,0.0,8366.0,-0.12348699999999999,-0.7748430000000001,MDV,BEL,6592
1544089,138,18,1080,2012.0,0.0,4583.0,1.166986,0.662798,MEX,BEL,6592
1544090,141,18,1080,2012.0,0.0,4448.0,-0.675086,-0.8228139999999999,MLI,BEL,6592
1544091,142,18,1080,2012.0,0.0,2075.0,0.775001,0.048663,MLT,BEL,6592
1544092,148,18,1080,2012.0,0.0,7374.0,-1.501575,-1.294704,MRT,BEL,6592
1544093,151,18,1080,2012.0,3887.0,0.0,-0.101344,0.22300100000000003,MUS,BEL,6592
1544094,153,18,1080,2012.0,0.0,22157.0,0.93739,0.726329,MYS,BEL,6592
1544095,159,18,1080,2012.0,0.0,20175.0,-1.616498,-1.174816,NGA,BEL,6592
1544096,160,18,1080,2012.0,0.0,1913.0,-0.6056279999999999,-0.404956,NIC,BEL,6592
1544097,162,18,1080,2012.0,193170.0,417154.0,0.961975,1.517883,NLD,BEL,6592
1544098,163,18,1080,2012.0,0.0,27749.0,0.5462670000000001,-0.042712,NOR,BEL,6592
1544099,164,18,1080,2012.0,1024994.0,0.0,0.023836000000000003,0.702753,NPL,BEL,6592
1544100,166,18,1080,2012.0,0.0,85542.0,0.21502399999999997,0.746456,NZL,BEL,6592
1544101,168,18,1080,2012.0,2444654.0,0.0,-0.600346,0.474208,PAK,BEL,6592
1544102,174,18,1080,2012.0,0.0,9592.0,0.44656,0.55585,PHL,BEL,6592
1544103,177,18,1080,2012.0,0.0,158147.0,1.039598,1.145227,POL,BEL,6592
1544104,179,18,1080,2012.0,1096107.0,61722.0,0.697799,2.122262,PRT,BEL,6592
1544105,185,18,1080,2012.0,0.0,321136.0,0.952936,1.227809,ROU,BEL,6592
1544106,186,18,1080,2012.0,0.0,139655.0,-0.123649,-0.218926,RUS,BEL,6592
1544107,187,18,1080,2012.0,0.0,4588.0,-0.589064,-0.751896,RWA,BEL,6592
1544108,192,18,1080,2012.0,0.0,11637.0,1.762134,0.583393,SGP,BEL,6592
1544109,201,18,1080,2012.0,0.0,2377.0,0.696674,1.544065,SRB,BEL,6592
1544110,206,18,1080,2012.0,0.0,6029.0,1.3586200000000002,0.805751,SVK,BEL,6592
1544111,207,18,1080,2012.0,14597.0,0.0,1.4933049999999999,0.58207,SVN,BEL,6592
1544112,208,18,1080,2012.0,34243.0,19498.0,1.721268,0.15675,SWE,BEL,6592
1544113,222,18,1080,2012.0,0.0,3990.0,-0.257402,-0.9802709999999999,TTO,BEL,6592
1544114,223,18,1080,2012.0,47262.0,0.0,0.509432,0.8157810000000001,TUN,BEL,6592
1544115,224,18,1080,2012.0,808935.0,2690.0,0.657573,1.969027,TUR,BEL,6592
1544116,226,18,1080,2012.0,0.0,12735.0,-0.490001,1.149681,TZA,BEL,6592
1544117,231,18,1080,2012.0,64895.0,191832.0,1.51134,-0.637794,USA,BEL,6592
1544118,239,18,1080,2012.0,0.0,65100.0,0.0755,1.008183,VNM,BEL,6592
1544119,243,18,1080,2012.0,0.0,27804.0,-1.180884,-1.22621,YEM,BEL,6592
1544120,246,18,1080,2012.0,0.0,25721.0,0.06510099999999999,1.748521,ZAF,BEL,6592
1544121,32,25,1080,2012.0,7155.0,0.0,0.340455,0.9006790000000001,BRA,BHS,6592
1544122,39,25,1080,2012.0,45586.0,0.0,0.630575,1.28653,CAN,BHS,6592
1544123,61,25,1080,2012.0,12177.0,0.0,1.977443,-3.692254,DEU,BHS,6592
1544124,64,25,1080,2012.0,85733.0,0.0,1.159478,1.053761,DNK,BHS,6592
1544125,81,25,1080,2012.0,694334.0,33608.0,1.544653,0.776512,GBR,BHS,6592
1544126,114,25,1080,2012.0,1917.0,0.0,2.325746,-0.8705649999999999,JPN,BHS,6592
1544127,162,25,1080,2012.0,1239713.0,0.0,0.961975,1.517883,NLD,BHS,6592
1544128,168,25,1080,2012.0,5088.0,0.0,-0.600346,0.474208,PAK,BHS,6592
1544129,179,25,1080,2012.0,87563.0,0.0,0.697799,2.122262,PRT,BHS,6592
1544130,192,25,1080,2012.0,11874.0,0.0,1.762134,0.583393,SGP,BHS,6592
1544131,231,25,1080,2012.0,542840.0,38906.0,1.51134,-0.637794,USA,BHS,6592
1544132,250,25,1080,2012.0,5352.0,0.0,0.34242399999999995,-0.007095999999999999,ANS,BHS,6592
1544133,2,32,1080,2012.0,0.0,47097.0,-1.610059,-1.1253739999999999,AGO,BRA,6592
1544134,7,32,1080,2012.0,7683.0,1163.0,0.256232,-0.46518400000000004,ARE,BRA,6592
1544135,15,32,1080,2012.0,8949.0,0.0,1.710955,-0.8860399999999999,AUT,BRA,6592
1544136,18,32,1080,2012.0,1261.0,0.0,1.06425,1.369205,BEL,BRA,6592
1544137,25,32,1080,2012.0,0.0,7155.0,0.37130799999999997,-0.526134,BHS,BRA,6592
1544138,42,32,1080,2012.0,0.0,1860.0,-0.180309,-0.33571799999999996,CHL,BRA,6592
1544139,43,32,1080,2012.0,2495552.0,1317.0,1.2170590000000001,0.584412,CHN,BRA,6592
1544140,58,32,1080,2012.0,47196.0,0.0,0.621962,0.188051,CYP,BRA,6592
1544141,61,32,1080,2012.0,1188215.0,0.0,1.977443,-3.692254,DEU,BRA,6592
1544142,68,32,1080,2012.0,1057284.0,0.0,-0.145791,1.470876,EGY,BRA,6592
1544143,71,32,1080,2012.0,3534.0,0.0,0.925701,1.8700189999999999,ESP,BRA,6592
1544144,81,32,1080,2012.0,20140.0,0.0,1.544653,0.776512,GBR,BRA,6592
1544145,97,32,1080,2012.0,2551.0,0.0,0.788308,1.029625,HKG,BRA,6592
1544146,103,32,1080,2012.0,25419.0,0.0,0.045694,1.635448,IDN,BRA,6592
1544147,104,32,1080,2012.0,2270639.0,0.0,0.24883200000000003,2.463711,IND,BRA,6592
1544148,107,32,1080,2012.0,404265.0,0.0,-1.06794,-0.993099,IRN,BRA,6592
1544149,111,32,1080,2012.0,127618.0,45200.0,1.396626,-0.43950500000000003,ITA,BRA,6592
1544150,114,32,1080,2012.0,1185.0,0.0,2.325746,-0.8705649999999999,JPN,BRA,6592
1544151,134,32,1080,2012.0,40980.0,0.0,-0.330598,0.037439,MAR,BRA,6592
1544152,138,32,1080,2012.0,9216.0,1115.0,1.166986,0.662798,MEX,BRA,6592
1544153,151,32,1080,2012.0,3105.0,0.0,-0.101344,0.22300100000000003,MUS,BRA,6592
1544154,162,32,1080,2012.0,43565.0,0.0,0.961975,1.517883,NLD,BRA,6592
1544155,164,32,1080,2012.0,304557.0,0.0,0.023836000000000003,0.702753,NPL,BRA,6592
1544156,168,32,1080,2012.0,371588.0,0.0,-0.600346,0.474208,PAK,BRA,6592
1544157,177,32,1080,2012.0,3345.0,0.0,1.039598,1.145227,POL,BRA,6592
1544158,179,32,1080,2012.0,7974.0,0.0,0.697799,2.122262,PRT,BRA,6592
1544159,192,32,1080,2012.0,173996.0,0.0,1.762134,0.583393,SGP,BRA,6592
1544160,216,32,1080,2012.0,20514.0,0.0,1.015684,1.20697,THA,BRA,6592
1544161,224,32,1080,2012.0,322907.0,1022.0,0.657573,1.969027,TUR,BRA,6592
1544162,230,32,1080,2012.0,0.0,1908.0,0.013581000000000001,0.047302,URY,BRA,6592
1544163,231,32,1080,2012.0,83059.0,12309.0,1.51134,-0.637794,USA,BRA,6592
1544164,246,32,1080,2012.0,27356.0,0.0,0.06510099999999999,1.748521,ZAF,BRA,6592
1544165,43,33,1080,2012.0,4949.0,0.0,1.2170590000000001,0.584412,CHN,BRB,6592
1544166,81,33,1080,2012.0,22523.0,0.0,1.544653,0.776512,GBR,BRB,6592
1544167,104,33,1080,2012.0,4146.0,0.0,0.24883200000000003,2.463711,IND,BRB,6592
1544168,231,33,1080,2012.0,45622.0,0.0,1.51134,-0.637794,USA,BRB,6592
1544169,1,39,1080,2012.0,399299.0,0.0,-0.666296,-0.7860689999999999,AFG,CAN,6592
1544170,7,39,1080,2012.0,76582.0,0.0,0.256232,-0.46518400000000004,ARE,CAN,6592
1544171,13,39,1080,2012.0,1598.0,0.0,0.891969,1.130457,ATG,CAN,6592
1544172,14,39,1080,2012.0,0.0,6656.0,-0.537197,-0.22305300000000003,AUS,CAN,6592
1544173,18,39,1080,2012.0,21793.0,0.0,1.06425,1.369205,BEL,CAN,6592
1544174,25,39,1080,2012.0,0.0,45586.0,0.37130799999999997,-0.526134,BHS,CAN,6592
1544175,30,39,1080,2012.0,0.0,2419.0,0.608009,-0.524496,BMU,CAN,6592
1544176,34,39,1080,2012.0,0.0,2046.0,-2.9686049999999997,-0.8427290000000001,BRN,CAN,6592
1544177,41,39,1080,2012.0,71357.0,17309.0,2.0265150000000003,0.6496689999999999,CHE,CAN,6592
1544178,42,39,1080,2012.0,2169.0,0.0,-0.180309,-0.33571799999999996,CHL,CAN,6592
1544179,43,39,1080,2012.0,1549206.0,0.0,1.2170590000000001,0.584412,CHN,CAN,6592
1544180,44,39,1080,2012.0,0.0,25555.0,-1.014737,-0.8629049999999999,CIV,CAN,6592
1544181,49,39,1080,2012.0,2232.0,0.0,0.034488,-0.340545,COL,CAN,6592
1544182,54,39,1080,2012.0,0.0,3456.0,0.081568,-0.690941,CUB,CAN,6592
1544183,61,39,1080,2012.0,2208168.0,22587.0,1.977443,-3.692254,DEU,CAN,6592
1544184,64,39,1080,2012.0,1212.0,0.0,1.159478,1.053761,DNK,CAN,6592
1544185,68,39,1080,2012.0,6729124.0,0.0,-0.145791,1.470876,EGY,CAN,6592
1544186,71,39,1080,2012.0,5220.0,0.0,0.925701,1.8700189999999999,ESP,CAN,6592
1544187,77,39,1080,2012.0,103725.0,21100.0,1.414721,0.07219600000000001,FRA,CAN,6592
1544188,81,39,1080,2012.0,336832.0,22843.0,1.544653,0.776512,GBR,CAN,6592
1544189,83,39,1080,2012.0,0.0,10903.0,-1.0541049999999998,-0.7275590000000001,GHA,CAN,6592
1544190,90,39,1080,2012.0,22389.0,0.0,0.161352,1.273024,GRC,CAN,6592
1544191,97,39,1080,2012.0,12503.0,349284.0,0.788308,1.029625,HKG,CAN,6592
1544192,102,39,1080,2012.0,1256.0,0.0,1.61049,0.44614799999999993,HUN,CAN,6592
1544193,103,39,1080,2012.0,5080.0,0.0,0.045694,1.635448,IDN,CAN,6592
1544194,104,39,1080,2012.0,8279128.0,6689.0,0.24883200000000003,2.463711,IND,CAN,6592
1544195,107,39,1080,2012.0,6744860.0,42248.0,-1.06794,-0.993099,IRN,CAN,6592
1544196,109,39,1080,2012.0,0.0,5900.0,0.20266800000000001,-0.203262,ISL,CAN,6592
1544197,110,39,1080,2012.0,0.0,1833.0,1.125254,0.736004,ISR,CAN,6592
1544198,111,39,1080,2012.0,69493.0,3212.0,1.396626,-0.43950500000000003,ITA,CAN,6592
1544199,114,39,1080,2012.0,8636.0,15809.0,2.325746,-0.8705649999999999,JPN,CAN,6592
1544200,120,39,1080,2012.0,0.0,29456.0,0.945258,-0.193139,KNA,CAN,6592
1544201,121,39,1080,2012.0,0.0,3900.0,1.839479,0.8272799999999999,KOR,CAN,6592
1544202,122,39,1080,2012.0,0.0,23780.0,-1.130729,-1.083905,KWT,CAN,6592
1544203,124,39,1080,2012.0,0.0,9622.0,0.36778099999999997,1.3771010000000001,LBN,CAN,6592
1544204,133,39,1080,2012.0,4594.0,4132.0,0.7714310000000001,0.727348,MAC,CAN,6592
1544205,134,39,1080,2012.0,22600.0,0.0,-0.330598,0.037439,MAR,CAN,6592
1544206,138,39,1080,2012.0,0.0,2444.0,1.166986,0.662798,MEX,CAN,6592
1544207,144,39,1080,2012.0,7629.0,0.0,0.028479,-0.045841,MNE,CAN,6592
1544208,151,39,1080,2012.0,7315.0,0.0,-0.101344,0.22300100000000003,MUS,CAN,6592
1544209,162,39,1080,2012.0,61646.0,0.0,0.961975,1.517883,NLD,CAN,6592
1544210,164,39,1080,2012.0,3621604.0,0.0,0.023836000000000003,0.702753,NPL,CAN,6592
1544211,166,39,1080,2012.0,159663.0,0.0,0.21502399999999997,0.746456,NZL,CAN,6592
1544212,168,39,1080,2012.0,2654272.0,24240.0,-0.600346,0.474208,PAK,CAN,6592
1544213,173,39,1080,2012.0,3681.0,0.0,-0.47011499999999995,0.340251,PER,CAN,6592
1544214,174,39,1080,2012.0,2109.0,0.0,0.44656,0.55585,PHL,CAN,6592
1544215,177,39,1080,2012.0,11726.0,0.0,1.039598,1.145227,POL,CAN,6592
1544216,179,39,1080,2012.0,2965.0,0.0,0.697799,2.122262,PRT,CAN,6592
1544217,186,39,1080,2012.0,25153.0,0.0,-0.123649,-0.218926,RUS,CAN,6592
1544218,192,39,1080,2012.0,2512.0,5524.0,1.762134,0.583393,SGP,CAN,6592
1544219,196,39,1080,2012.0,0.0,1205.0,-0.532612,-0.72927,SLE,CAN,6592
1544220,208,39,1080,2012.0,99402.0,0.0,1.721268,0.15675,SWE,CAN,6592
1544221,216,39,1080,2012.0,101242.0,0.0,1.015684,1.20697,THA,CAN,6592
1544222,224,39,1080,2012.0,626764.0,0.0,0.657573,1.969027,TUR,CAN,6592
1544223,231,39,1080,2012.0,6652865.0,1041497.0,1.51134,-0.637794,USA,CAN,6592
1544224,249,39,1080,2012.0,4533.0,0.0,1.671686,0.9854729999999999,TWN,CAN,6592
1544225,1,41,1080,2012.0,170006.0,4806.0,-0.666296,-0.7860689999999999,AFG,CHE,6592
1544226,7,41,1080,2012.0,213076.0,17455.0,0.256232,-0.46518400000000004,ARE,CHE,6592
1544227,13,41,1080,2012.0,1129.0,0.0,0.891969,1.130457,ATG,CHE,6592
1544228,14,41,1080,2012.0,2079.0,188861.0,-0.537197,-0.22305300000000003,AUS,CHE,6592
1544229,15,41,1080,2012.0,529471.0,21306.0,1.710955,-0.8860399999999999,AUT,CHE,6592
1544230,16,41,1080,2012.0,45590.0,0.0,-1.44287,-1.261817,AZE,CHE,6592
1544231,18,41,1080,2012.0,135683.0,10527.0,1.06425,1.369205,BEL,CHE,6592
1544232,26,41,1080,2012.0,0.0,20905.0,0.6672520000000001,1.16153,BIH,CHE,6592
1544233,30,41,1080,2012.0,0.0,30004.0,0.608009,-0.524496,BMU,CHE,6592
1544234,39,41,1080,2012.0,17309.0,71357.0,0.630575,1.28653,CAN,CHE,6592
1544235,43,41,1080,2012.0,534597.0,94707.0,1.2170590000000001,0.584412,CHN,CHE,6592
1544236,45,41,1080,2012.0,0.0,8221.0,-1.018794,-1.013026,CMR,CHE,6592
1544237,59,41,1080,2012.0,0.0,23726.0,1.7368299999999999,-0.651329,CZE,CHE,6592
1544238,61,41,1080,2012.0,8020722.0,188477.0,1.977443,-3.692254,DEU,CHE,6592
1544239,64,41,1080,2012.0,30516.0,0.0,1.159478,1.053761,DNK,CHE,6592
1544240,68,41,1080,2012.0,172927.0,2624.0,-0.145791,1.470876,EGY,CHE,6592
1544241,71,41,1080,2012.0,58897.0,10610.0,0.925701,1.8700189999999999,ESP,CHE,6592
1544242,73,41,1080,2012.0,0.0,2438.0,-0.9118729999999999,-0.8843,ETH,CHE,6592
1544243,74,41,1080,2012.0,14226.0,22956.0,1.5813700000000002,0.872251,FIN,CHE,6592
1544244,77,41,1080,2012.0,2820891.0,161477.0,1.414721,0.07219600000000001,FRA,CHE,6592
1544245,81,41,1080,2012.0,540598.0,997551.0,1.544653,0.776512,GBR,CHE,6592
1544246,90,41,1080,2012.0,15462.0,0.0,0.161352,1.273024,GRC,CHE,6592
1544247,97,41,1080,2012.0,27072.0,4763.0,0.788308,1.029625,HKG,CHE,6592
1544248,103,41,1080,2012.0,5127.0,0.0,0.045694,1.635448,IDN,CHE,6592
1544249,104,41,1080,2012.0,2191626.0,226535.0,0.24883200000000003,2.463711,IND,CHE,6592
1544250,106,41,1080,2012.0,0.0,19752.0,1.1761549999999998,0.279569,IRL,CHE,6592
1544251,107,41,1080,2012.0,10269936.0,66455.0,-1.06794,-0.993099,IRN,CHE,6592
1544252,110,41,1080,2012.0,2311.0,48701.0,1.125254,0.736004,ISR,CHE,6592
1544253,111,41,1080,2012.0,1185335.0,21426.0,1.396626,-0.43950500000000003,ITA,CHE,6592
1544254,113,41,1080,2012.0,4949.0,0.0,0.29205,0.638942,JOR,CHE,6592
1544255,122,41,1080,2012.0,0.0,10440.0,-1.130729,-1.083905,KWT,CHE,6592
1544256,124,41,1080,2012.0,7187.0,2005.0,0.36778099999999997,1.3771010000000001,LBN,CHE,6592
1544257,130,41,1080,2012.0,0.0,1258.0,0.739945,1.217062,LTU,CHE,6592
1544258,131,41,1080,2012.0,108588.0,2479.0,1.0163739999999999,1.178021,LUX,CHE,6592
1544259,134,41,1080,2012.0,170344.0,0.0,-0.330598,0.037439,MAR,CHE,6592
1544260,138,41,1080,2012.0,2125.0,0.0,1.166986,0.662798,MEX,CHE,6592
1544261,140,41,1080,2012.0,3679.0,0.0,-0.08785599999999999,0.153128,MKD,CHE,6592
1544262,142,41,1080,2012.0,0.0,4495.0,0.775001,0.048663,MLT,CHE,6592
1544263,148,41,1080,2012.0,2869.0,0.0,-1.501575,-1.294704,MRT,CHE,6592
1544264,151,41,1080,2012.0,47930.0,11999.0,-0.101344,0.22300100000000003,MUS,CHE,6592
1544265,153,41,1080,2012.0,0.0,221459.0,0.93739,0.726329,MYS,CHE,6592
1544266,157,41,1080,2012.0,7195.0,0.0,-1.274453,-1.12791,NER,CHE,6592
1544267,162,41,1080,2012.0,129225.0,0.0,0.961975,1.517883,NLD,CHE,6592
1544268,163,41,1080,2012.0,0.0,3888.0,0.5462670000000001,-0.042712,NOR,CHE,6592
1544269,164,41,1080,2012.0,1412163.0,0.0,0.023836000000000003,0.702753,NPL,CHE,6592
1544270,167,41,1080,2012.0,1587.0,9461.0,-0.782802,-1.065774,OMN,CHE,6592
1544271,168,41,1080,2012.0,641427.0,5641.0,-0.600346,0.474208,PAK,CHE,6592
1544272,173,41,1080,2012.0,0.0,2659.0,-0.47011499999999995,0.340251,PER,CHE,6592
1544273,176,41,1080,2012.0,7458.0,0.0,-1.0462200000000001,-1.022037,PNG,CHE,6592
1544274,179,41,1080,2012.0,11011.0,5315.0,0.697799,2.122262,PRT,CHE,6592
1544275,183,41,1080,2012.0,0.0,5679.0,-0.6436029999999999,-0.990323,QAT,CHE,6592
1544276,185,41,1080,2012.0,1330.0,0.0,0.952936,1.227809,ROU,CHE,6592
1544277,186,41,1080,2012.0,0.0,50095.0,-0.123649,-0.218926,RUS,CHE,6592
1544278,192,41,1080,2012.0,1391.0,24027.0,1.762134,0.583393,SGP,CHE,6592
1544279,201,41,1080,2012.0,3007.0,0.0,0.696674,1.544065,SRB,CHE,6592
1544280,206,41,1080,2012.0,1120.0,2207.0,1.3586200000000002,0.805751,SVK,CHE,6592
1544281,208,41,1080,2012.0,334132.0,21615.0,1.721268,0.15675,SWE,CHE,6592
1544282,216,41,1080,2012.0,14342.0,25687.0,1.015684,1.20697,THA,CHE,6592
1544283,219,41,1080,2012.0,1388.0,0.0,-1.406457,-1.2194200000000002,TKM,CHE,6592
1544284,223,41,1080,2012.0,21972.0,1681.0,0.509432,0.8157810000000001,TUN,CHE,6592
1544285,224,41,1080,2012.0,2976248.0,9681.0,0.657573,1.969027,TUR,CHE,6592
1544286,228,41,1080,2012.0,1753.0,0.0,0.533547,1.159378,UKR,CHE,6592
1544287,230,41,1080,2012.0,0.0,2667.0,0.013581000000000001,0.047302,URY,CHE,6592
1544288,231,41,1080,2012.0,221975.0,55136.0,1.51134,-0.637794,USA,CHE,6592
1544289,232,41,1080,2012.0,9671.0,0.0,-0.426961,-0.539122,UZB,CHE,6592
1544290,246,41,1080,2012.0,4160.0,0.0,0.06510099999999999,1.748521,ZAF,CHE,6592
1544291,249,41,1080,2012.0,0.0,7009.0,1.671686,0.9854729999999999,TWN,CHE,6592
1544292,18,42,1080,2012.0,14709.0,0.0,1.06425,1.369205,BEL,CHL,6592
1544293,31,42,1080,2012.0,0.0,26310.0,-0.698325,-0.728248,BOL,CHL,6592
1544294,32,42,1080,2012.0,1860.0,0.0,0.340455,0.9006790000000001,BRA,CHL,6592
1544295,39,42,1080,2012.0,0.0,2169.0,0.630575,1.28653,CAN,CHL,6592
1544296,43,42,1080,2012.0,566429.0,0.0,1.2170590000000001,0.584412,CHN,CHL,6592
1544297,49,42,1080,2012.0,0.0,37653.0,0.034488,-0.340545,COL,CHL,6592
1544298,61,42,1080,2012.0,1103014.0,1903.0,1.977443,-3.692254,DEU,CHL,6592
1544299,68,42,1080,2012.0,2336488.0,0.0,-0.145791,1.470876,EGY,CHL,6592
1544300,71,42,1080,2012.0,4227.0,0.0,0.925701,1.8700189999999999,ESP,CHL,6592
1544301,77,42,1080,2012.0,33721.0,0.0,1.414721,0.07219600000000001,FRA,CHL,6592
1544302,81,42,1080,2012.0,25750.0,0.0,1.544653,0.776512,GBR,CHL,6592
1544303,104,42,1080,2012.0,336664.0,0.0,0.24883200000000003,2.463711,IND,CHL,6592
1544304,107,42,1080,2012.0,25897.0,0.0,-1.06794,-0.993099,IRN,CHL,6592
1544305,134,42,1080,2012.0,9143.0,0.0,-0.330598,0.037439,MAR,CHL,6592
1544306,164,42,1080,2012.0,81323.0,0.0,0.023836000000000003,0.702753,NPL,CHL,6592
1544307,168,42,1080,2012.0,514286.0,0.0,-0.600346,0.474208,PAK,CHL,6592
1544308,169,42,1080,2012.0,2306.0,0.0,1.001878,1.18554,PAN,CHL,6592
1544309,173,42,1080,2012.0,11783.0,3873.0,-0.47011499999999995,0.340251,PER,CHL,6592
1544310,180,42,1080,2012.0,0.0,194112.0,-0.49996,-0.6966399999999999,PRY,CHL,6592
1544311,192,42,1080,2012.0,4313.0,0.0,1.762134,0.583393,SGP,CHL,6592
1544312,208,42,1080,2012.0,1195.0,0.0,1.721268,0.15675,SWE,CHL,6592
1544313,224,42,1080,2012.0,241756.0,0.0,0.657573,1.969027,TUR,CHL,6592
1544314,231,42,1080,2012.0,290258.0,0.0,1.51134,-0.637794,USA,CHL,6592
1544315,239,42,1080,2012.0,9624.0,0.0,0.0755,1.008183,VNM,CHL,6592
1544316,250,42,1080,2012.0,4436.0,0.0,0.34242399999999995,-0.007095999999999999,ANS,CHL,6592
1544317,1,43,1080,2012.0,43455.0,0.0,-0.666296,-0.7860689999999999,AFG,CHN,6592
1544318,2,43,1080,2012.0,0.0,81034.0,-1.610059,-1.1253739999999999,AGO,CHN,6592
1544319,7,43,1080,2012.0,104227.0,3993634.0,0.256232,-0.46518400000000004,ARE,CHN,6592
1544320,13,43,1080,2012.0,0.0,6642.0,0.891969,1.130457,ATG,CHN,6592
1544321,14,43,1080,2012.0,87774.0,2841058.0,-0.537197,-0.22305300000000003,AUS,CHN,6592
1544322,15,43,1080,2012.0,0.0,31642.0,1.710955,-0.8860399999999999,AUT,CHN,6592
1544323,16,43,1080,2012.0,0.0,1773957.0,-1.44287,-1.261817,AZE,CHN,6592
1544324,17,43,1080,2012.0,0.0,2499.0,-0.504594,-0.944235,BDI,CHN,6592
1544325,18,43,1080,2012.0,9145.0,342199.0,1.06425,1.369205,BEL,CHN,6592
1544326,19,43,1080,2012.0,0.0,5688.0,-1.0708870000000001,-0.934292,BEN,CHN,6592
1544327,21,43,1080,2012.0,0.0,19826.0,-0.624286,-0.689179,BFA,CHN,6592
1544328,22,43,1080,2012.0,0.0,63256.0,-0.62037,-0.6858350000000001,BGD,CHN,6592
1544329,23,43,1080,2012.0,5688.0,6793.0,0.601161,1.594487,BGR,CHN,6592
1544330,24,43,1080,2012.0,0.0,52567.0,-0.01785,-0.780651,BHR,CHN,6592
1544331,31,43,1080,2012.0,0.0,11606.0,-0.698325,-0.728248,BOL,CHN,6592
1544332,32,43,1080,2012.0,1317.0,2495552.0,0.340455,0.9006790000000001,BRA,CHN,6592
1544333,33,43,1080,2012.0,0.0,4949.0,0.653472,0.43920600000000004,BRB,CHN,6592
1544334,34,43,1080,2012.0,0.0,145803.0,-2.9686049999999997,-0.8427290000000001,BRN,CHN,6592
1544335,37,43,1080,2012.0,0.0,15373.0,-0.47585200000000005,-1.061016,BWA,CHN,6592
1544336,39,43,1080,2012.0,0.0,1549206.0,0.630575,1.28653,CAN,CHN,6592
1544337,41,43,1080,2012.0,94707.0,534597.0,2.0265150000000003,0.6496689999999999,CHE,CHN,6592
1544338,42,43,1080,2012.0,0.0,566429.0,-0.180309,-0.33571799999999996,CHL,CHN,6592
1544339,44,43,1080,2012.0,0.0,9367.0,-1.014737,-0.8629049999999999,CIV,CHN,6592
1544340,45,43,1080,2012.0,0.0,3490.0,-1.018794,-1.013026,CMR,CHN,6592
1544341,46,43,1080,2012.0,0.0,1435.0,-1.3769209999999998,-1.218267,COD,CHN,6592
1544342,47,43,1080,2012.0,0.0,23868.0,-1.153559,-1.069009,COG,CHN,6592
1544343,49,43,1080,2012.0,0.0,60706.0,0.034488,-0.340545,COL,CHN,6592
1544344,52,43,1080,2012.0,0.0,2639.0,0.24381799999999998,-0.560793,CRI,CHN,6592
1544345,59,43,1080,2012.0,0.0,352424.0,1.7368299999999999,-0.651329,CZE,CHN,6592
1544346,61,43,1080,2012.0,2535450.0,6873390.0,1.977443,-3.692254,DEU,CHN,6592
1544347,63,43,1080,2012.0,0.0,1451.0,0.533405,0.328602,DMA,CHN,6592
1544348,64,43,1080,2012.0,4947.0,32605.0,1.159478,1.053761,DNK,CHN,6592
1544349,65,43,1080,2012.0,0.0,7279.0,-0.08708300000000001,0.389521,DOM,CHN,6592
1544350,66,43,1080,2012.0,0.0,9777.0,-1.745941,-1.149894,DZA,CHN,6592
1544351,67,43,1080,2012.0,0.0,63304.0,-0.66209,-0.796325,ECU,CHN,6592
1544352,68,43,1080,2012.0,1996608.0,1256341.0,-0.145791,1.470876,EGY,CHN,6592
1544353,71,43,1080,2012.0,31124.0,162269.0,0.925701,1.8700189999999999,ESP,CHN,6592
1544354,72,43,1080,2012.0,0.0,233263.0,0.8603,1.3146870000000002,EST,CHN,6592
1544355,73,43,1080,2012.0,3561.0,110231.0,-0.9118729999999999,-0.8843,ETH,CHN,6592
1544356,74,43,1080,2012.0,0.0,187142.0,1.5813700000000002,0.872251,FIN,CHN,6592
1544357,75,43,1080,2012.0,0.0,1673.0,-0.332623,0.020258,FJI,CHN,6592
1544358,77,43,1080,2012.0,117513.0,1259341.0,1.414721,0.07219600000000001,FRA,CHN,6592
1544359,80,43,1080,2012.0,0.0,17460.0,-1.636201,-1.161638,GAB,CHN,6592
1544360,81,43,1080,2012.0,80966.0,4739352.0,1.544653,0.776512,GBR,CHN,6592
1544361,82,43,1080,2012.0,0.0,1113.0,-0.244691,-0.552666,GEO,CHN,6592
1544362,83,43,1080,2012.0,0.0,155324.0,-1.0541049999999998,-0.7275590000000001,GHA,CHN,6592
1544363,90,43,1080,2012.0,0.0,102213.0,0.161352,1.273024,GRC,CHN,6592
1544364,93,43,1080,2012.0,0.0,22160.0,-0.15801400000000002,0.5786640000000001,GTM,CHN,6592
1544365,96,43,1080,2012.0,0.0,11585.0,-0.748712,-0.8608950000000001,GUY,CHN,6592
1544366,97,43,1080,2012.0,245050.0,2241967.0,0.788308,1.029625,HKG,CHN,6592
1544367,99,43,1080,2012.0,0.0,103519.0,-0.362811,-0.012651,HND,CHN,6592
1544368,100,43,1080,2012.0,0.0,8726.0,0.881764,1.149456,HRV,CHN,6592
1544369,102,43,1080,2012.0,0.0,28518.0,1.61049,0.44614799999999993,HUN,CHN,6592
1544370,103,43,1080,2012.0,16594.0,221292.0,0.045694,1.635448,IDN,CHN,6592
1544371,104,43,1080,2012.0,2432279.0,131519.0,0.24883200000000003,2.463711,IND,CHN,6592
1544372,106,43,1080,2012.0,0.0,133094.0,1.1761549999999998,0.279569,IRL,CHN,6592
1544373,107,43,1080,2012.0,1213995.0,28476.0,-1.06794,-0.993099,IRN,CHN,6592
1544374,108,43,1080,2012.0,0.0,16276.0,-3.076964,-0.852475,IRQ,CHN,6592
1544375,109,43,1080,2012.0,0.0,4421.0,0.20266800000000001,-0.203262,ISL,CHN,6592
1544376,110,43,1080,2012.0,1882.0,249967.0,1.125254,0.736004,ISR,CHN,6592
1544377,111,43,1080,2012.0,283132.0,864601.0,1.396626,-0.43950500000000003,ITA,CHN,6592
1544378,112,43,1080,2012.0,0.0,43157.0,-0.307289,-0.738736,JAM,CHN,6592
1544379,113,43,1080,2012.0,0.0,32639.0,0.29205,0.638942,JOR,CHN,6592
1544380,114,43,1080,2012.0,78779.0,11022192.0,2.325746,-0.8705649999999999,JPN,CHN,6592
1544381,115,43,1080,2012.0,0.0,66312.0,-0.447428,-0.42193,KAZ,CHN,6592
1544382,116,43,1080,2012.0,0.0,60356.0,-0.256144,0.21991599999999997,KEN,CHN,6592
1544383,117,43,1080,2012.0,0.0,23763.0,0.044116,0.678193,KGZ,CHN,6592
1544384,118,43,1080,2012.0,0.0,1234.0,-0.6328739999999999,-0.9080030000000001,KHM,CHN,6592
1544385,121,43,1080,2012.0,123970.0,101475.0,1.839479,0.8272799999999999,KOR,CHN,6592
1544386,122,43,1080,2012.0,0.0,297819.0,-1.130729,-1.083905,KWT,CHN,6592
1544387,123,43,1080,2012.0,0.0,15043.0,-0.874401,-0.737471,LAO,CHN,6592
1544388,124,43,1080,2012.0,0.0,57538.0,0.36778099999999997,1.3771010000000001,LBN,CHN,6592
1544389,126,43,1080,2012.0,0.0,305132.0,-2.778437,-1.15615,LBY,CHN,6592
1544390,128,43,1080,2012.0,0.0,44440.0,-0.24579299999999998,0.518273,LKA,CHN,6592
1544391,130,43,1080,2012.0,0.0,8368.0,0.739945,1.217062,LTU,CHN,6592
1544392,131,43,1080,2012.0,0.0,1215.0,1.0163739999999999,1.178021,LUX,CHN,6592
1544393,132,43,1080,2012.0,0.0,257817.0,0.704565,1.000552,LVA,CHN,6592
1544394,133,43,1080,2012.0,0.0,241647.0,0.7714310000000001,0.727348,MAC,CHN,6592
1544395,134,43,1080,2012.0,2413.0,173576.0,-0.330598,0.037439,MAR,CHN,6592
1544396,136,43,1080,2012.0,0.0,14066.0,-0.664783,-0.478411,MDG,CHN,6592
1544397,137,43,1080,2012.0,0.0,12707.0,-0.12348699999999999,-0.7748430000000001,MDV,CHN,6592
1544398,138,43,1080,2012.0,0.0,7812.0,1.166986,0.662798,MEX,CHN,6592
1544399,141,43,1080,2012.0,0.0,11103.0,-0.675086,-0.8228139999999999,MLI,CHN,6592
1544400,142,43,1080,2012.0,0.0,1379.0,0.775001,0.048663,MLT,CHN,6592
1544401,143,43,1080,2012.0,0.0,384047.0,-1.157555,-0.9009149999999999,MMR,CHN,6592
1544402,144,43,1080,2012.0,0.0,1101.0,0.028479,-0.045841,MNE,CHN,6592
1544403,145,43,1080,2012.0,0.0,8990.0,-1.3442459999999998,-1.2096280000000001,MNG,CHN,6592
1544404,147,43,1080,2012.0,0.0,48933.0,-1.274567,-1.045444,MOZ,CHN,6592
1544405,148,43,1080,2012.0,0.0,65106.0,-1.501575,-1.294704,MRT,CHN,6592
1544406,151,43,1080,2012.0,2689.0,472213.0,-0.101344,0.22300100000000003,MUS,CHN,6592
1544407,152,43,1080,2012.0,0.0,39678.0,-1.069049,-1.060096,MWI,CHN,6592
1544408,153,43,1080,2012.0,0.0,2422039.0,0.93739,0.726329,MYS,CHN,6592
1544409,155,43,1080,2012.0,0.0,5088.0,-0.404252,-0.330913,NAM,CHN,6592
1544410,156,43,1080,2012.0,0.0,7954.0,-0.650737,-0.897949,NCL,CHN,6592
1544411,157,43,1080,2012.0,0.0,92625.0,-1.274453,-1.12791,NER,CHN,6592
1544412,159,43,1080,2012.0,0.0,57224.0,-1.616498,-1.174816,NGA,CHN,6592
1544413,160,43,1080,2012.0,0.0,27532.0,-0.6056279999999999,-0.404956,NIC,CHN,6592
1544414,162,43,1080,2012.0,2882.0,1340535.0,0.961975,1.517883,NLD,CHN,6592
1544415,163,43,1080,2012.0,0.0,155755.0,0.5462670000000001,-0.042712,NOR,CHN,6592
1544416,164,43,1080,2012.0,2125461.0,136661.0,0.023836000000000003,0.702753,NPL,CHN,6592
1544417,166,43,1080,2012.0,0.0,80199.0,0.21502399999999997,0.746456,NZL,CHN,6592
1544418,167,43,1080,2012.0,0.0,197308.0,-0.782802,-1.065774,OMN,CHN,6592
1544419,168,43,1080,2012.0,492701.0,52330.0,-0.600346,0.474208,PAK,CHN,6592
1544420,169,43,1080,2012.0,0.0,368555.0,1.001878,1.18554,PAN,CHN,6592
1544421,173,43,1080,2012.0,0.0,9186.0,-0.47011499999999995,0.340251,PER,CHN,6592
1544422,174,43,1080,2012.0,0.0,986978.0,0.44656,0.55585,PHL,CHN,6592
1544423,176,43,1080,2012.0,0.0,1980.0,-1.0462200000000001,-1.022037,PNG,CHN,6592
1544424,177,43,1080,2012.0,0.0,105960.0,1.039598,1.145227,POL,CHN,6592
1544425,178,43,1080,2012.0,0.0,30895.0,-0.10913699999999998,0.23393200000000003,PRK,CHN,6592
1544426,179,43,1080,2012.0,22778.0,57199.0,0.697799,2.122262,PRT,CHN,6592
1544427,180,43,1080,2012.0,0.0,19658.0,-0.49996,-0.6966399999999999,PRY,CHN,6592
1544428,182,43,1080,2012.0,0.0,1007.0,0.035705,-0.696042,PYF,CHN,6592
1544429,183,43,1080,2012.0,0.0,641646.0,-0.6436029999999999,-0.990323,QAT,CHN,6592
1544430,185,43,1080,2012.0,0.0,12808.0,0.952936,1.227809,ROU,CHN,6592
1544431,186,43,1080,2012.0,0.0,2140708.0,-0.123649,-0.218926,RUS,CHN,6592
1544432,187,43,1080,2012.0,0.0,8816.0,-0.589064,-0.751896,RWA,CHN,6592
1544433,188,43,1080,2012.0,0.0,2232971.0,-0.621115,-0.975865,SAU,CHN,6592
1544434,190,43,1080,2012.0,0.0,199567.0,-1.2913139999999999,-1.144454,SDN,CHN,6592
1544435,191,43,1080,2012.0,0.0,5669.0,-0.379797,0.020130000000000002,SEN,CHN,6592
1544436,192,43,1080,2012.0,28215.0,776999.0,1.762134,0.583393,SGP,CHN,6592
1544437,197,43,1080,2012.0,0.0,10413.0,0.12898900000000002,0.36512,SLV,CHN,6592
1544438,201,43,1080,2012.0,0.0,12415.0,0.696674,1.544065,SRB,CHN,6592
1544439,205,43,1080,2012.0,0.0,7253.0,-0.47594899999999996,-0.966457,SUR,CHN,6592
1544440,206,43,1080,2012.0,0.0,46144.0,1.3586200000000002,0.805751,SVK,CHN,6592
1544441,207,43,1080,2012.0,0.0,73967.0,1.4933049999999999,0.58207,SVN,CHN,6592
1544442,208,43,1080,2012.0,162980.0,202044.0,1.721268,0.15675,SWE,CHN,6592
1544443,209,43,1080,2012.0,0.0,3014.0,0.209802,-0.11224,SWZ,CHN,6592
1544444,211,43,1080,2012.0,0.0,2713.0,-0.408819,-0.753598,SYC,CHN,6592
1544445,212,43,1080,2012.0,0.0,30553.0,0.12079200000000001,2.258125,SYR,CHN,6592
1544446,215,43,1080,2012.0,0.0,2311.0,-0.525578,-0.41306800000000005,TGO,CHN,6592
1544447,216,43,1080,2012.0,87981.0,764605.0,1.015684,1.20697,THA,CHN,6592
1544448,220,43,1080,2012.0,0.0,3153.0,-0.955643,-0.844026,TLS,CHN,6592
1544449,221,43,1080,2012.0,0.0,2490.0,-0.126859,-0.509424,TON,CHN,6592
1544450,222,43,1080,2012.0,0.0,51809.0,-0.257402,-0.9802709999999999,TTO,CHN,6592
1544451,224,43,1080,2012.0,566259.0,28630306.0,0.657573,1.969027,TUR,CHN,6592
1544452,226,43,1080,2012.0,0.0,23997.0,-0.490001,1.149681,TZA,CHN,6592
1544453,227,43,1080,2012.0,0.0,59007.0,-0.492733,0.4513,UGA,CHN,6592
1544454,228,43,1080,2012.0,0.0,67751.0,0.533547,1.159378,UKR,CHN,6592
1544455,230,43,1080,2012.0,0.0,50567.0,0.013581000000000001,0.047302,URY,CHN,6592
1544456,231,43,1080,2012.0,485967.0,22522160.0,1.51134,-0.637794,USA,CHN,6592
1544457,236,43,1080,2012.0,0.0,419287.0,-1.6796689999999999,-1.168002,VEN,CHN,6592
1544458,239,43,1080,2012.0,0.0,58803.0,0.0755,1.008183,VNM,CHN,6592
1544459,242,43,1080,2012.0,0.0,5687.0,0.589936,-0.0285,WSM,CHN,6592
1544460,243,43,1080,2012.0,0.0,98905.0,-1.180884,-1.22621,YEM,CHN,6592
1544461,246,43,1080,2012.0,0.0,74628.0,0.06510099999999999,1.748521,ZAF,CHN,6592
1544462,247,43,1080,2012.0,0.0,221532.0,-0.356518,-0.71057,ZMB,CHN,6592
1544463,248,43,1080,2012.0,0.0,1829.0,-0.812796,-0.747908,ZWE,CHN,6592
1544464,249,43,1080,2012.0,87421.0,468902.0,1.671686,0.9854729999999999,TWN,CHN,6592
1544465,39,49,1080,2012.0,0.0,2232.0,0.630575,1.28653,CAN,COL,6592
1544466,42,49,1080,2012.0,37653.0,0.0,-0.180309,-0.33571799999999996,CHL,COL,6592
1544467,43,49,1080,2012.0,60706.0,0.0,1.2170590000000001,0.584412,CHN,COL,6592
1544468,61,49,1080,2012.0,120863.0,0.0,1.977443,-3.692254,DEU,COL,6592
1544469,68,49,1080,2012.0,544570.0,0.0,-0.145791,1.470876,EGY,COL,6592
1544470,71,49,1080,2012.0,3676.0,0.0,0.925701,1.8700189999999999,ESP,COL,6592
1544471,77,49,1080,2012.0,0.0,13500.0,1.414721,0.07219600000000001,FRA,COL,6592
1544472,81,49,1080,2012.0,0.0,1747.0,1.544653,0.776512,GBR,COL,6592
1544473,90,49,1080,2012.0,3612.0,0.0,0.161352,1.273024,GRC,COL,6592
1544474,104,49,1080,2012.0,200874.0,0.0,0.24883200000000003,2.463711,IND,COL,6592
1544475,111,49,1080,2012.0,4363.0,0.0,1.396626,-0.43950500000000003,ITA,COL,6592
1544476,134,49,1080,2012.0,1363.0,0.0,-0.330598,0.037439,MAR,COL,6592
1544477,138,49,1080,2012.0,3174.0,0.0,1.166986,0.662798,MEX,COL,6592
1544478,168,49,1080,2012.0,13223.0,0.0,-0.600346,0.474208,PAK,COL,6592
1544479,169,49,1080,2012.0,12532.0,0.0,1.001878,1.18554,PAN,COL,6592
1544480,224,49,1080,2012.0,1595.0,0.0,0.657573,1.969027,TUR,COL,6592
1544481,231,49,1080,2012.0,155034.0,37662.0,1.51134,-0.637794,USA,COL,6592
1544482,43,52,1080,2012.0,2639.0,0.0,1.2170590000000001,0.584412,CHN,CRI,6592
1544483,68,52,1080,2012.0,30201.0,0.0,-0.145791,1.470876,EGY,CRI,6592
1544484,71,52,1080,2012.0,1521.0,0.0,0.925701,1.8700189999999999,ESP,CRI,6592
1544485,104,52,1080,2012.0,13393.0,0.0,0.24883200000000003,2.463711,IND,CRI,6592
1544486,111,52,1080,2012.0,0.0,3513.0,1.396626,-0.43950500000000003,ITA,CRI,6592
1544487,138,52,1080,2012.0,3226.0,0.0,1.166986,0.662798,MEX,CRI,6592
1544488,160,52,1080,2012.0,0.0,2895.0,-0.6056279999999999,-0.404956,NIC,CRI,6592
1544489,169,52,1080,2012.0,19363.0,0.0,1.001878,1.18554,PAN,CRI,6592
1544490,231,52,1080,2012.0,48433.0,0.0,1.51134,-0.637794,USA,CRI,6592
1544491,249,52,1080,2012.0,1307.0,0.0,1.671686,0.9854729999999999,TWN,CRI,6592
1544492,0,55,1080,2012.0,0.0,19092.0,0.040139999999999995,-0.628788,ABW,CUW,6592
1544493,81,55,1080,2012.0,59728.0,0.0,1.544653,0.776512,GBR,CUW,6592
1544494,96,55,1080,2012.0,0.0,3581.0,-0.748712,-0.8608950000000001,GUY,CUW,6592
1544495,104,55,1080,2012.0,6564.0,0.0,0.24883200000000003,2.463711,IND,CUW,6592
1544496,162,55,1080,2012.0,37016.0,0.0,0.961975,1.517883,NLD,CUW,6592
1544497,231,55,1080,2012.0,10563.0,0.0,1.51134,-0.637794,USA,CUW,6592
1544498,1,59,1080,2012.0,4683.0,0.0,-0.666296,-0.7860689999999999,AFG,CZE,6592
1544499,15,59,1080,2012.0,213283.0,0.0,1.710955,-0.8860399999999999,AUT,CZE,6592
1544500,18,59,1080,2012.0,13005.0,0.0,1.06425,1.369205,BEL,CZE,6592
1544501,23,59,1080,2012.0,0.0,2250.0,0.601161,1.594487,BGR,CZE,6592
1544502,41,59,1080,2012.0,23726.0,0.0,2.0265150000000003,0.6496689999999999,CHE,CZE,6592
1544503,43,59,1080,2012.0,352424.0,0.0,1.2170590000000001,0.584412,CHN,CZE,6592
1544504,61,59,1080,2012.0,1075246.0,0.0,1.977443,-3.692254,DEU,CZE,6592
1544505,64,59,1080,2012.0,3243.0,0.0,1.159478,1.053761,DNK,CZE,6592
1544506,68,59,1080,2012.0,221399.0,0.0,-0.145791,1.470876,EGY,CZE,6592
1544507,71,59,1080,2012.0,3002.0,0.0,0.925701,1.8700189999999999,ESP,CZE,6592
1544508,77,59,1080,2012.0,39704.0,0.0,1.414721,0.07219600000000001,FRA,CZE,6592
1544509,81,59,1080,2012.0,1788.0,0.0,1.544653,0.776512,GBR,CZE,6592
1544510,97,59,1080,2012.0,35303.0,0.0,0.788308,1.029625,HKG,CZE,6592
1544511,104,59,1080,2012.0,145565.0,0.0,0.24883200000000003,2.463711,IND,CZE,6592
1544512,107,59,1080,2012.0,497454.0,0.0,-1.06794,-0.993099,IRN,CZE,6592
1544513,111,59,1080,2012.0,18850.0,0.0,1.396626,-0.43950500000000003,ITA,CZE,6592
1544514,134,59,1080,2012.0,1101.0,0.0,-0.330598,0.037439,MAR,CZE,6592
1544515,162,59,1080,2012.0,68091.0,0.0,0.961975,1.517883,NLD,CZE,6592
1544516,164,59,1080,2012.0,58807.0,0.0,0.023836000000000003,0.702753,NPL,CZE,6592
1544517,166,59,1080,2012.0,1789.0,0.0,0.21502399999999997,0.746456,NZL,CZE,6592
1544518,168,59,1080,2012.0,312795.0,0.0,-0.600346,0.474208,PAK,CZE,6592
1544519,177,59,1080,2012.0,684995.0,474672.0,1.039598,1.145227,POL,CZE,6592
1544520,206,59,1080,2012.0,2344192.0,1652638.0,1.3586200000000002,0.805751,SVK,CZE,6592
1544521,208,59,1080,2012.0,7180.0,0.0,1.721268,0.15675,SWE,CZE,6592
1544522,224,59,1080,2012.0,19508366.0,208514.0,0.657573,1.969027,TUR,CZE,6592
1544523,231,59,1080,2012.0,95498.0,0.0,1.51134,-0.637794,USA,CZE,6592
1544524,237,59,1080,2012.0,0.0,2696.0,0.419843,0.23373899999999997,VGB,CZE,6592
1544525,250,59,1080,2012.0,17680.0,0.0,0.34242399999999995,-0.007095999999999999,ANS,CZE,6592
1544526,1,61,1080,2012.0,1640319.0,0.0,-0.666296,-0.7860689999999999,AFG,DEU,6592
1544527,2,61,1080,2012.0,0.0,1877.0,-1.610059,-1.1253739999999999,AGO,DEU,6592
1544528,7,61,1080,2012.0,207495.0,2310564.0,0.256232,-0.46518400000000004,ARE,DEU,6592
1544529,9,61,1080,2012.0,2746.0,51631.0,0.45677399999999996,-0.001422,ARM,DEU,6592
1544530,14,61,1080,2012.0,1623.0,1127941.0,-0.537197,-0.22305300000000003,AUS,DEU,6592
1544531,15,61,1080,2012.0,2233196.0,4964039.0,1.710955,-0.8860399999999999,AUT,DEU,6592
1544532,16,61,1080,2012.0,47997.0,159022.0,-1.44287,-1.261817,AZE,DEU,6592
1544533,17,61,1080,2012.0,0.0,1810.0,-0.504594,-0.944235,BDI,DEU,6592
1544534,18,61,1080,2012.0,559558.0,1588482.0,1.06425,1.369205,BEL,DEU,6592
1544535,22,61,1080,2012.0,557800.0,0.0,-0.62037,-0.6858350000000001,BGD,DEU,6592
1544536,23,61,1080,2012.0,0.0,25356.0,0.601161,1.594487,BGR,DEU,6592
1544537,24,61,1080,2012.0,0.0,4466.0,-0.01785,-0.780651,BHR,DEU,6592
1544538,25,61,1080,2012.0,0.0,12177.0,0.37130799999999997,-0.526134,BHS,DEU,6592
1544539,26,61,1080,2012.0,0.0,964233.0,0.6672520000000001,1.16153,BIH,DEU,6592
1544540,28,61,1080,2012.0,0.0,442881.0,1.0976059999999999,0.861051,BLR,DEU,6592
1544541,32,61,1080,2012.0,0.0,1188215.0,0.340455,0.9006790000000001,BRA,DEU,6592
1544542,34,61,1080,2012.0,0.0,10268.0,-2.9686049999999997,-0.8427290000000001,BRN,DEU,6592
1544543,39,61,1080,2012.0,22587.0,2208168.0,0.630575,1.28653,CAN,DEU,6592
1544544,41,61,1080,2012.0,188477.0,8020722.0,2.0265150000000003,0.6496689999999999,CHE,DEU,6592
1544545,42,61,1080,2012.0,1903.0,1103014.0,-0.180309,-0.33571799999999996,CHL,DEU,6592
1544546,43,61,1080,2012.0,6873390.0,2535450.0,1.2170590000000001,0.584412,CHN,DEU,6592
1544547,45,61,1080,2012.0,0.0,13385.0,-1.018794,-1.013026,CMR,DEU,6592
1544548,49,61,1080,2012.0,0.0,120863.0,0.034488,-0.340545,COL,DEU,6592
1544549,57,61,1080,2012.0,0.0,10882.0,0.591658,-0.636717,CYM,DEU,6592
1544550,58,61,1080,2012.0,0.0,3088.0,0.621962,0.188051,CYP,DEU,6592
1544551,59,61,1080,2012.0,0.0,1075246.0,1.7368299999999999,-0.651329,CZE,DEU,6592
1544552,63,61,1080,2012.0,0.0,3532.0,0.533405,0.328602,DMA,DEU,6592
1544553,64,61,1080,2012.0,821294.0,272985.0,1.159478,1.053761,DNK,DEU,6592
1544554,67,61,1080,2012.0,1591.0,74181.0,-0.66209,-0.796325,ECU,DEU,6592
1544555,68,61,1080,2012.0,6976912.0,6735.0,-0.145791,1.470876,EGY,DEU,6592
1544556,71,61,1080,2012.0,62484.0,2480409.0,0.925701,1.8700189999999999,ESP,DEU,6592
1544557,72,61,1080,2012.0,0.0,3620.0,0.8603,1.3146870000000002,EST,DEU,6592
1544558,73,61,1080,2012.0,1791.0,6111.0,-0.9118729999999999,-0.8843,ETH,DEU,6592
1544559,74,61,1080,2012.0,0.0,406738.0,1.5813700000000002,0.872251,FIN,DEU,6592
1544560,77,61,1080,2012.0,407678.0,2684026.0,1.414721,0.07219600000000001,FRA,DEU,6592
1544561,81,61,1080,2012.0,450890.0,759064.0,1.544653,0.776512,GBR,DEU,6592
1544562,83,61,1080,2012.0,0.0,82378.0,-1.0541049999999998,-0.7275590000000001,GHA,DEU,6592
1544563,85,61,1080,2012.0,0.0,1112.0,-1.904106,-1.2584950000000001,GIN,DEU,6592
1544564,90,61,1080,2012.0,163300.0,940470.0,0.161352,1.273024,GRC,DEU,6592
1544565,93,61,1080,2012.0,0.0,1154.0,-0.15801400000000002,0.5786640000000001,GTM,DEU,6592
1544566,97,61,1080,2012.0,153697.0,553404.0,0.788308,1.029625,HKG,DEU,6592
1544567,100,61,1080,2012.0,0.0,362389.0,0.881764,1.149456,HRV,DEU,6592
1544568,102,61,1080,2012.0,1853.0,853749.0,1.61049,0.44614799999999993,HUN,DEU,6592
1544569,103,61,1080,2012.0,0.0,16874.0,0.045694,1.635448,IDN,DEU,6592
1544570,104,61,1080,2012.0,64249488.0,2806.0,0.24883200000000003,2.463711,IND,DEU,6592
1544571,106,61,1080,2012.0,0.0,182571.0,1.1761549999999998,0.279569,IRL,DEU,6592
1544572,107,61,1080,2012.0,39680288.0,4188096.0,-1.06794,-0.993099,IRN,DEU,6592
1544573,108,61,1080,2012.0,0.0,28213.0,-3.076964,-0.852475,IRQ,DEU,6592
1544574,109,61,1080,2012.0,0.0,1702.0,0.20266800000000001,-0.203262,ISL,DEU,6592
1544575,110,61,1080,2012.0,5824.0,2273654.0,1.125254,0.736004,ISR,DEU,6592
1544576,111,61,1080,2012.0,1942348.0,3587775.0,1.396626,-0.43950500000000003,ITA,DEU,6592
1544577,113,61,1080,2012.0,0.0,1935.0,0.29205,0.638942,JOR,DEU,6592
1544578,114,61,1080,2012.0,0.0,1308866.0,2.325746,-0.8705649999999999,JPN,DEU,6592
1544579,115,61,1080,2012.0,0.0,42644.0,-0.447428,-0.42193,KAZ,DEU,6592
1544580,121,61,1080,2012.0,0.0,120224.0,1.839479,0.8272799999999999,KOR,DEU,6592
1544581,122,61,1080,2012.0,0.0,269688.0,-1.130729,-1.083905,KWT,DEU,6592
1544582,124,61,1080,2012.0,0.0,1086599.0,0.36778099999999997,1.3771010000000001,LBN,DEU,6592
1544583,128,61,1080,2012.0,7344.0,14684.0,-0.24579299999999998,0.518273,LKA,DEU,6592
1544584,130,61,1080,2012.0,0.0,22591.0,0.739945,1.217062,LTU,DEU,6592
1544585,131,61,1080,2012.0,0.0,437956.0,1.0163739999999999,1.178021,LUX,DEU,6592
1544586,132,61,1080,2012.0,0.0,807327.0,0.704565,1.000552,LVA,DEU,6592
1544587,134,61,1080,2012.0,2633673.0,54937.0,-0.330598,0.037439,MAR,DEU,6592
1544588,138,61,1080,2012.0,0.0,4383.0,1.166986,0.662798,MEX,DEU,6592
1544589,144,61,1080,2012.0,0.0,7685.0,0.028479,-0.045841,MNE,DEU,6592
1544590,151,61,1080,2012.0,7003.0,0.0,-0.101344,0.22300100000000003,MUS,DEU,6592
1544591,153,61,1080,2012.0,0.0,21058.0,0.93739,0.726329,MYS,DEU,6592
1544592,155,61,1080,2012.0,3584.0,0.0,-0.404252,-0.330913,NAM,DEU,6592
1544593,159,61,1080,2012.0,0.0,78790.0,-1.616498,-1.174816,NGA,DEU,6592
1544594,162,61,1080,2012.0,470674.0,1544466.0,0.961975,1.517883,NLD,DEU,6592
1544595,163,61,1080,2012.0,13144.0,1118578.0,0.5462670000000001,-0.042712,NOR,DEU,6592
1544596,164,61,1080,2012.0,16492304.0,4131.0,0.023836000000000003,0.702753,NPL,DEU,6592
1544597,166,61,1080,2012.0,0.0,7862.0,0.21502399999999997,0.746456,NZL,DEU,6592
1544598,167,61,1080,2012.0,4662.0,1302.0,-0.782802,-1.065774,OMN,DEU,6592
1544599,168,61,1080,2012.0,10217089.0,473660.0,-0.600346,0.474208,PAK,DEU,6592
1544600,173,61,1080,2012.0,0.0,410969.0,-0.47011499999999995,0.340251,PER,DEU,6592
1544601,174,61,1080,2012.0,0.0,3340.0,0.44656,0.55585,PHL,DEU,6592
1544602,177,61,1080,2012.0,34004.0,857594.0,1.039598,1.145227,POL,DEU,6592
1544603,179,61,1080,2012.0,2115.0,266134.0,0.697799,2.122262,PRT,DEU,6592
1544604,180,61,1080,2012.0,0.0,351135.0,-0.49996,-0.6966399999999999,PRY,DEU,6592
1544605,183,61,1080,2012.0,0.0,103279.0,-0.6436029999999999,-0.990323,QAT,DEU,6592
1544606,185,61,1080,2012.0,0.0,171506.0,0.952936,1.227809,ROU,DEU,6592
1544607,186,61,1080,2012.0,10718.0,1799783.0,-0.123649,-0.218926,RUS,DEU,6592
1544608,188,61,1080,2012.0,8962.0,461799.0,-0.621115,-0.975865,SAU,DEU,6592
1544609,191,61,1080,2012.0,0.0,1927.0,-0.379797,0.020130000000000002,SEN,DEU,6592
1544610,192,61,1080,2012.0,0.0,345349.0,1.762134,0.583393,SGP,DEU,6592
1544611,201,61,1080,2012.0,0.0,293024.0,0.696674,1.544065,SRB,DEU,6592
1544612,206,61,1080,2012.0,18874.0,272096.0,1.3586200000000002,0.805751,SVK,DEU,6592
1544613,207,61,1080,2012.0,0.0,102060.0,1.4933049999999999,0.58207,SVN,DEU,6592
1544614,208,61,1080,2012.0,493261.0,785065.0,1.721268,0.15675,SWE,DEU,6592
1544615,215,61,1080,2012.0,0.0,4206.0,-0.525578,-0.41306800000000005,TGO,DEU,6592
1544616,216,61,1080,2012.0,22542.0,18858.0,1.015684,1.20697,THA,DEU,6592
1544617,217,61,1080,2012.0,0.0,20251.0,-1.354542,-1.251443,TJK,DEU,6592
1544618,219,61,1080,2012.0,49676.0,0.0,-1.406457,-1.2194200000000002,TKM,DEU,6592
1544619,223,61,1080,2012.0,98243.0,0.0,0.509432,0.8157810000000001,TUN,DEU,6592
1544620,224,61,1080,2012.0,3394748.0,1159694.0,0.657573,1.969027,TUR,DEU,6592
1544621,228,61,1080,2012.0,0.0,60454.0,0.533547,1.159378,UKR,DEU,6592
1544622,230,61,1080,2012.0,0.0,1689.0,0.013581000000000001,0.047302,URY,DEU,6592
1544623,231,61,1080,2012.0,1045213.0,3109018.0,1.51134,-0.637794,USA,DEU,6592
1544624,232,61,1080,2012.0,23413.0,0.0,-0.426961,-0.539122,UZB,DEU,6592
1544625,236,61,1080,2012.0,0.0,14994.0,-1.6796689999999999,-1.168002,VEN,DEU,6592
1544626,239,61,1080,2012.0,153897.0,20135.0,0.0755,1.008183,VNM,DEU,6592
1544627,246,61,1080,2012.0,12380.0,467869.0,0.06510099999999999,1.748521,ZAF,DEU,6592
1544628,248,61,1080,2012.0,5471.0,0.0,-0.812796,-0.747908,ZWE,DEU,6592
1544629,249,61,1080,2012.0,0.0,80353.0,1.671686,0.9854729999999999,TWN,DEU,6592
1544630,1,64,1080,2012.0,10079.0,0.0,-0.666296,-0.7860689999999999,AFG,DNK,6592
1544631,7,64,1080,2012.0,7047.0,14731.0,0.256232,-0.46518400000000004,ARE,DNK,6592
1544632,15,64,1080,2012.0,0.0,77990.0,1.710955,-0.8860399999999999,AUT,DNK,6592
1544633,18,64,1080,2012.0,43675.0,65692.0,1.06425,1.369205,BEL,DNK,6592
1544634,22,64,1080,2012.0,1202.0,0.0,-0.62037,-0.6858350000000001,BGD,DNK,6592
1544635,25,64,1080,2012.0,0.0,85733.0,0.37130799999999997,-0.526134,BHS,DNK,6592
1544636,26,64,1080,2012.0,4190.0,0.0,0.6672520000000001,1.16153,BIH,DNK,6592
1544637,39,64,1080,2012.0,0.0,1212.0,0.630575,1.28653,CAN,DNK,6592
1544638,41,64,1080,2012.0,0.0,30516.0,2.0265150000000003,0.6496689999999999,CHE,DNK,6592
1544639,43,64,1080,2012.0,32605.0,4947.0,1.2170590000000001,0.584412,CHN,DNK,6592
1544640,59,64,1080,2012.0,0.0,3243.0,1.7368299999999999,-0.651329,CZE,DNK,6592
1544641,61,64,1080,2012.0,272985.0,821294.0,1.977443,-3.692254,DEU,DNK,6592
1544642,68,64,1080,2012.0,788683.0,1550.0,-0.145791,1.470876,EGY,DNK,6592
1544643,71,64,1080,2012.0,8594.0,18259.0,0.925701,1.8700189999999999,ESP,DNK,6592
1544644,73,64,1080,2012.0,0.0,1582.0,-0.9118729999999999,-0.8843,ETH,DNK,6592
1544645,74,64,1080,2012.0,4569.0,672426.0,1.5813700000000002,0.872251,FIN,DNK,6592
1544646,77,64,1080,2012.0,0.0,81853.0,1.414721,0.07219600000000001,FRA,DNK,6592
1544647,78,64,1080,2012.0,0.0,33611.0,-1.12875,-0.993714,FRO,DNK,6592
1544648,81,64,1080,2012.0,269319.0,1077630.0,1.544653,0.776512,GBR,DNK,6592
1544649,90,64,1080,2012.0,8318.0,7923.0,0.161352,1.273024,GRC,DNK,6592
1544650,92,64,1080,2012.0,0.0,15665.0,-0.790721,-0.882532,GRL,DNK,6592
1544651,97,64,1080,2012.0,4791.0,5985.0,0.788308,1.029625,HKG,DNK,6592
1544652,100,64,1080,2012.0,0.0,2507.0,0.881764,1.149456,HRV,DNK,6592
1544653,102,64,1080,2012.0,0.0,5374.0,1.61049,0.44614799999999993,HUN,DNK,6592
1544654,103,64,1080,2012.0,0.0,1665.0,0.045694,1.635448,IDN,DNK,6592
1544655,104,64,1080,2012.0,1638960.0,0.0,0.24883200000000003,2.463711,IND,DNK,6592
1544656,106,64,1080,2012.0,8502.0,140511.0,1.1761549999999998,0.279569,IRL,DNK,6592
1544657,107,64,1080,2012.0,6060555.0,278141.0,-1.06794,-0.993099,IRN,DNK,6592
1544658,109,64,1080,2012.0,0.0,25540.0,0.20266800000000001,-0.203262,ISL,DNK,6592
1544659,110,64,1080,2012.0,0.0,1522.0,1.125254,0.736004,ISR,DNK,6592
1544660,111,64,1080,2012.0,32252.0,92971.0,1.396626,-0.43950500000000003,ITA,DNK,6592
1544661,114,64,1080,2012.0,0.0,2925.0,2.325746,-0.8705649999999999,JPN,DNK,6592
1544662,121,64,1080,2012.0,2032.0,0.0,1.839479,0.8272799999999999,KOR,DNK,6592
1544663,124,64,1080,2012.0,0.0,9929.0,0.36778099999999997,1.3771010000000001,LBN,DNK,6592
1544664,130,64,1080,2012.0,0.0,5513.0,0.739945,1.217062,LTU,DNK,6592
1544665,131,64,1080,2012.0,0.0,4136.0,1.0163739999999999,1.178021,LUX,DNK,6592
1544666,132,64,1080,2012.0,0.0,2395.0,0.704565,1.000552,LVA,DNK,6592
1544667,134,64,1080,2012.0,10042.0,4814.0,-0.330598,0.037439,MAR,DNK,6592
1544668,153,64,1080,2012.0,15785.0,0.0,0.93739,0.726329,MYS,DNK,6592
1544669,162,64,1080,2012.0,18070.0,88899.0,0.961975,1.517883,NLD,DNK,6592
1544670,163,64,1080,2012.0,16463.0,2931708.0,0.5462670000000001,-0.042712,NOR,DNK,6592
1544671,164,64,1080,2012.0,10984.0,0.0,0.023836000000000003,0.702753,NPL,DNK,6592
1544672,168,64,1080,2012.0,728900.0,0.0,-0.600346,0.474208,PAK,DNK,6592
1544673,177,64,1080,2012.0,0.0,14113.0,1.039598,1.145227,POL,DNK,6592
1544674,179,64,1080,2012.0,0.0,3072.0,0.697799,2.122262,PRT,DNK,6592
1544675,183,64,1080,2012.0,0.0,35168.0,-0.6436029999999999,-0.990323,QAT,DNK,6592
1544676,185,64,1080,2012.0,0.0,4851.0,0.952936,1.227809,ROU,DNK,6592
1544677,188,64,1080,2012.0,0.0,6328.0,-0.621115,-0.975865,SAU,DNK,6592
1544678,192,64,1080,2012.0,0.0,17666.0,1.762134,0.583393,SGP,DNK,6592
1544679,201,64,1080,2012.0,0.0,5272.0,0.696674,1.544065,SRB,DNK,6592
1544680,206,64,1080,2012.0,1866.0,0.0,1.3586200000000002,0.805751,SVK,DNK,6592
1544681,207,64,1080,2012.0,0.0,3637.0,1.4933049999999999,0.58207,SVN,DNK,6592
1544682,208,64,1080,2012.0,192124.0,4805006.0,1.721268,0.15675,SWE,DNK,6592
1544683,224,64,1080,2012.0,829873.0,36211.0,0.657573,1.969027,TUR,DNK,6592
1544684,230,64,1080,2012.0,0.0,1374.0,0.013581000000000001,0.047302,URY,DNK,6592
1544685,231,64,1080,2012.0,38439.0,30572.0,1.51134,-0.637794,USA,DNK,6592
1544686,246,64,1080,2012.0,0.0,12348.0,0.06510099999999999,1.748521,ZAF,DNK,6592
1544687,250,64,1080,2012.0,0.0,25248.0,0.34242399999999995,-0.007095999999999999,ANS,DNK,6592
1544688,43,65,1080,2012.0,7279.0,0.0,1.2170590000000001,0.584412,CHN,DOM,6592
1544689,68,65,1080,2012.0,3634.0,0.0,-0.145791,1.470876,EGY,DOM,6592
1544690,71,65,1080,2012.0,5282.0,0.0,0.925701,1.8700189999999999,ESP,DOM,6592
1544691,104,65,1080,2012.0,6891.0,0.0,0.24883200000000003,2.463711,IND,DOM,6592
1544692,169,65,1080,2012.0,28928.0,0.0,1.001878,1.18554,PAN,DOM,6592
1544693,224,65,1080,2012.0,1285.0,0.0,0.657573,1.969027,TUR,DOM,6592
1544694,231,65,1080,2012.0,92401.0,0.0,1.51134,-0.637794,USA,DOM,6592
1544695,43,67,1080,2012.0,63304.0,0.0,1.2170590000000001,0.584412,CHN,ECU,6592
1544696,61,67,1080,2012.0,74181.0,1591.0,1.977443,-3.692254,DEU,ECU,6592
1544697,68,67,1080,2012.0,199772.0,0.0,-0.145791,1.470876,EGY,ECU,6592
1544698,71,67,1080,2012.0,11455.0,0.0,0.925701,1.8700189999999999,ESP,ECU,6592
1544699,104,67,1080,2012.0,8585.0,0.0,0.24883200000000003,2.463711,IND,ECU,6592
1544700,168,67,1080,2012.0,31607.0,0.0,-0.600346,0.474208,PAK,ECU,6592
1544701,169,67,1080,2012.0,0.0,7143.0,1.001878,1.18554,PAN,ECU,6592
1544702,173,67,1080,2012.0,14777.0,0.0,-0.47011499999999995,0.340251,PER,ECU,6592
1544703,231,67,1080,2012.0,76384.0,0.0,1.51134,-0.637794,USA,ECU,6592
1544704,1,71,1080,2012.0,53804.0,0.0,-0.666296,-0.7860689999999999,AFG,ESP,6592
1544705,2,71,1080,2012.0,0.0,3503.0,-1.610059,-1.1253739999999999,AGO,ESP,6592
1544706,5,71,1080,2012.0,1055.0,29077.0,0.968361,0.673964,AND,ESP,6592
1544707,7,71,1080,2012.0,6340.0,8713.0,0.256232,-0.46518400000000004,ARE,ESP,6592
1544708,8,71,1080,2012.0,2475.0,0.0,-0.019015,0.548292,ARG,ESP,6592
1544709,9,71,1080,2012.0,0.0,9161.0,0.45677399999999996,-0.001422,ARM,ESP,6592
1544710,14,71,1080,2012.0,31761.0,0.0,-0.537197,-0.22305300000000003,AUS,ESP,6592
1544711,15,71,1080,2012.0,0.0,23829.0,1.710955,-0.8860399999999999,AUT,ESP,6592
1544712,18,71,1080,2012.0,223478.0,17409.0,1.06425,1.369205,BEL,ESP,6592
1544713,23,71,1080,2012.0,0.0,1686.0,0.601161,1.594487,BGR,ESP,6592
1544714,24,71,1080,2012.0,0.0,18202.0,-0.01785,-0.780651,BHR,ESP,6592
1544715,26,71,1080,2012.0,2902.0,0.0,0.6672520000000001,1.16153,BIH,ESP,6592
1544716,32,71,1080,2012.0,0.0,3534.0,0.340455,0.9006790000000001,BRA,ESP,6592
1544717,39,71,1080,2012.0,0.0,5220.0,0.630575,1.28653,CAN,ESP,6592
1544718,41,71,1080,2012.0,10610.0,58897.0,2.0265150000000003,0.6496689999999999,CHE,ESP,6592
1544719,42,71,1080,2012.0,0.0,4227.0,-0.180309,-0.33571799999999996,CHL,ESP,6592
1544720,43,71,1080,2012.0,162269.0,31124.0,1.2170590000000001,0.584412,CHN,ESP,6592
1544721,44,71,1080,2012.0,0.0,8148.0,-1.014737,-0.8629049999999999,CIV,ESP,6592
1544722,49,71,1080,2012.0,0.0,3676.0,0.034488,-0.340545,COL,ESP,6592
1544723,52,71,1080,2012.0,0.0,1521.0,0.24381799999999998,-0.560793,CRI,ESP,6592
1544724,54,71,1080,2012.0,0.0,200061.0,0.081568,-0.690941,CUB,ESP,6592
1544725,58,71,1080,2012.0,0.0,4159.0,0.621962,0.188051,CYP,ESP,6592
1544726,59,71,1080,2012.0,0.0,3002.0,1.7368299999999999,-0.651329,CZE,ESP,6592
1544727,61,71,1080,2012.0,2480409.0,62484.0,1.977443,-3.692254,DEU,ESP,6592
1544728,64,71,1080,2012.0,18259.0,8594.0,1.159478,1.053761,DNK,ESP,6592
1544729,65,71,1080,2012.0,0.0,5282.0,-0.08708300000000001,0.389521,DOM,ESP,6592
1544730,67,71,1080,2012.0,0.0,11455.0,-0.66209,-0.796325,ECU,ESP,6592
1544731,68,71,1080,2012.0,7276468.0,1340.0,-0.145791,1.470876,EGY,ESP,6592
1544732,72,71,1080,2012.0,0.0,1079.0,0.8603,1.3146870000000002,EST,ESP,6592
1544733,73,71,1080,2012.0,0.0,2329.0,-0.9118729999999999,-0.8843,ETH,ESP,6592
1544734,74,71,1080,2012.0,0.0,9607.0,1.5813700000000002,0.872251,FIN,ESP,6592
1544735,77,71,1080,2012.0,182820.0,118473.0,1.414721,0.07219600000000001,FRA,ESP,6592
1544736,80,71,1080,2012.0,0.0,11261.0,-1.636201,-1.161638,GAB,ESP,6592
1544737,81,71,1080,2012.0,969744.0,46700.0,1.544653,0.776512,GBR,ESP,6592
1544738,83,71,1080,2012.0,0.0,1387.0,-1.0541049999999998,-0.7275590000000001,GHA,ESP,6592
1544739,84,71,1080,2012.0,0.0,28242.0,0.440566,-0.5784189999999999,GIB,ESP,6592
1544740,89,71,1080,2012.0,2844.0,0.0,-1.3664319999999999,-0.834513,GNQ,ESP,6592
1544741,90,71,1080,2012.0,5231.0,4104.0,0.161352,1.273024,GRC,ESP,6592
1544742,97,71,1080,2012.0,11564.0,16592.0,0.788308,1.029625,HKG,ESP,6592
1544743,100,71,1080,2012.0,0.0,30430.0,0.881764,1.149456,HRV,ESP,6592
1544744,101,71,1080,2012.0,0.0,7822.0,-0.595386,-0.902546,HTI,ESP,6592
1544745,102,71,1080,2012.0,0.0,15121.0,1.61049,0.44614799999999993,HUN,ESP,6592
1544746,103,71,1080,2012.0,1246.0,0.0,0.045694,1.635448,IDN,ESP,6592
1544747,104,71,1080,2012.0,1440580.0,0.0,0.24883200000000003,2.463711,IND,ESP,6592
1544748,107,71,1080,2012.0,677997.0,6598.0,-1.06794,-0.993099,IRN,ESP,6592
1544749,110,71,1080,2012.0,0.0,2837.0,1.125254,0.736004,ISR,ESP,6592
1544750,111,71,1080,2012.0,362218.0,318209.0,1.396626,-0.43950500000000003,ITA,ESP,6592
1544751,114,71,1080,2012.0,0.0,11590.0,2.325746,-0.8705649999999999,JPN,ESP,6592
1544752,121,71,1080,2012.0,0.0,1309.0,1.839479,0.8272799999999999,KOR,ESP,6592
1544753,122,71,1080,2012.0,0.0,102476.0,-1.130729,-1.083905,KWT,ESP,6592
1544754,124,71,1080,2012.0,0.0,4505.0,0.36778099999999997,1.3771010000000001,LBN,ESP,6592
1544755,131,71,1080,2012.0,3113.0,7200.0,1.0163739999999999,1.178021,LUX,ESP,6592
1544756,134,71,1080,2012.0,34096.0,4086.0,-0.330598,0.037439,MAR,ESP,6592
1544757,135,71,1080,2012.0,0.0,2345.0,0.166439,0.555431,MDA,ESP,6592
1544758,138,71,1080,2012.0,0.0,20299.0,1.166986,0.662798,MEX,ESP,6592
1544759,142,71,1080,2012.0,0.0,1360.0,0.775001,0.048663,MLT,ESP,6592
1544760,159,71,1080,2012.0,0.0,1274.0,-1.616498,-1.174816,NGA,ESP,6592
1544761,162,71,1080,2012.0,61370.0,13963.0,0.961975,1.517883,NLD,ESP,6592
1544762,163,71,1080,2012.0,2115.0,18266.0,0.5462670000000001,-0.042712,NOR,ESP,6592
1544763,164,71,1080,2012.0,242467.0,0.0,0.023836000000000003,0.702753,NPL,ESP,6592
1544764,168,71,1080,2012.0,1435703.0,63129.0,-0.600346,0.474208,PAK,ESP,6592
1544765,169,71,1080,2012.0,0.0,1489.0,1.001878,1.18554,PAN,ESP,6592
1544766,173,71,1080,2012.0,8966.0,21746.0,-0.47011499999999995,0.340251,PER,ESP,6592
1544767,174,71,1080,2012.0,20927.0,60080.0,0.44656,0.55585,PHL,ESP,6592
1544768,177,71,1080,2012.0,0.0,10158.0,1.039598,1.145227,POL,ESP,6592
1544769,179,71,1080,2012.0,303915.0,372316.0,0.697799,2.122262,PRT,ESP,6592
1544770,183,71,1080,2012.0,0.0,42553.0,-0.6436029999999999,-0.990323,QAT,ESP,6592
1544771,185,71,1080,2012.0,0.0,8964.0,0.952936,1.227809,ROU,ESP,6592
1544772,186,71,1080,2012.0,0.0,68061.0,-0.123649,-0.218926,RUS,ESP,6592
1544773,188,71,1080,2012.0,0.0,28841.0,-0.621115,-0.975865,SAU,ESP,6592
1544774,192,71,1080,2012.0,0.0,30897.0,1.762134,0.583393,SGP,ESP,6592
1544775,201,71,1080,2012.0,0.0,1255.0,0.696674,1.544065,SRB,ESP,6592
1544776,206,71,1080,2012.0,0.0,2729.0,1.3586200000000002,0.805751,SVK,ESP,6592
1544777,207,71,1080,2012.0,0.0,2090.0,1.4933049999999999,0.58207,SVN,ESP,6592
1544778,208,71,1080,2012.0,80063.0,1061.0,1.721268,0.15675,SWE,ESP,6592
1544779,216,71,1080,2012.0,52226.0,9628.0,1.015684,1.20697,THA,ESP,6592
1544780,223,71,1080,2012.0,13266.0,0.0,0.509432,0.8157810000000001,TUN,ESP,6592
1544781,224,71,1080,2012.0,490847.0,1737.0,0.657573,1.969027,TUR,ESP,6592
1544782,228,71,1080,2012.0,0.0,14496.0,0.533547,1.159378,UKR,ESP,6592
1544783,230,71,1080,2012.0,0.0,1369.0,0.013581000000000001,0.047302,URY,ESP,6592
1544784,231,71,1080,2012.0,73919.0,200881.0,1.51134,-0.637794,USA,ESP,6592
1544785,236,71,1080,2012.0,0.0,26627.0,-1.6796689999999999,-1.168002,VEN,ESP,6592
1544786,239,71,1080,2012.0,44982.0,0.0,0.0755,1.008183,VNM,ESP,6592
1544787,246,71,1080,2012.0,0.0,3266.0,0.06510099999999999,1.748521,ZAF,ESP,6592
1544788,249,71,1080,2012.0,0.0,1335.0,1.671686,0.9854729999999999,TWN,ESP,6592
1544789,250,71,1080,2012.0,7338.0,349883.0,0.34242399999999995,-0.007095999999999999,ANS,ESP,6592
1544790,1,74,1080,2012.0,1076.0,0.0,-0.666296,-0.7860689999999999,AFG,FIN,6592
1544791,7,74,1080,2012.0,4886.0,8229.0,0.256232,-0.46518400000000004,ARE,FIN,6592
1544792,15,74,1080,2012.0,0.0,2609.0,1.710955,-0.8860399999999999,AUT,FIN,6592
1544793,18,74,1080,2012.0,11684.0,0.0,1.06425,1.369205,BEL,FIN,6592
1544794,28,74,1080,2012.0,0.0,7805.0,1.0976059999999999,0.861051,BLR,FIN,6592
1544795,41,74,1080,2012.0,22956.0,14226.0,2.0265150000000003,0.6496689999999999,CHE,FIN,6592
1544796,43,74,1080,2012.0,187142.0,0.0,1.2170590000000001,0.584412,CHN,FIN,6592
1544797,61,74,1080,2012.0,406738.0,0.0,1.977443,-3.692254,DEU,FIN,6592
1544798,64,74,1080,2012.0,672426.0,4569.0,1.159478,1.053761,DNK,FIN,6592
1544799,68,74,1080,2012.0,2439543.0,0.0,-0.145791,1.470876,EGY,FIN,6592
1544800,71,74,1080,2012.0,9607.0,0.0,0.925701,1.8700189999999999,ESP,FIN,6592
1544801,73,74,1080,2012.0,30794.0,0.0,-0.9118729999999999,-0.8843,ETH,FIN,6592
1544802,77,74,1080,2012.0,5216.0,0.0,1.414721,0.07219600000000001,FRA,FIN,6592
1544803,81,74,1080,2012.0,6500.0,0.0,1.544653,0.776512,GBR,FIN,6592
1544804,100,74,1080,2012.0,0.0,1263.0,0.881764,1.149456,HRV,FIN,6592
1544805,104,74,1080,2012.0,397198.0,0.0,0.24883200000000003,2.463711,IND,FIN,6592
1544806,106,74,1080,2012.0,5005.0,0.0,1.1761549999999998,0.279569,IRL,FIN,6592
1544807,107,74,1080,2012.0,475073.0,0.0,-1.06794,-0.993099,IRN,FIN,6592
1544808,111,74,1080,2012.0,41240.0,26903.0,1.396626,-0.43950500000000003,ITA,FIN,6592
1544809,121,74,1080,2012.0,0.0,1073.0,1.839479,0.8272799999999999,KOR,FIN,6592
1544810,130,74,1080,2012.0,0.0,1003.0,0.739945,1.217062,LTU,FIN,6592
1544811,151,74,1080,2012.0,2389.0,0.0,-0.101344,0.22300100000000003,MUS,FIN,6592
1544812,162,74,1080,2012.0,112346.0,0.0,0.961975,1.517883,NLD,FIN,6592
1544813,163,74,1080,2012.0,0.0,13243.0,0.5462670000000001,-0.042712,NOR,FIN,6592
1544814,164,74,1080,2012.0,7113.0,0.0,0.023836000000000003,0.702753,NPL,FIN,6592
1544815,168,74,1080,2012.0,55903.0,0.0,-0.600346,0.474208,PAK,FIN,6592
1544816,177,74,1080,2012.0,4047.0,0.0,1.039598,1.145227,POL,FIN,6592
1544817,186,74,1080,2012.0,0.0,25141.0,-0.123649,-0.218926,RUS,FIN,6592
1544818,192,74,1080,2012.0,0.0,27589.0,1.762134,0.583393,SGP,FIN,6592
1544819,208,74,1080,2012.0,188785.0,4325.0,1.721268,0.15675,SWE,FIN,6592
1544820,223,74,1080,2012.0,2385.0,0.0,0.509432,0.8157810000000001,TUN,FIN,6592
1544821,224,74,1080,2012.0,83548.0,0.0,0.657573,1.969027,TUR,FIN,6592
1544822,228,74,1080,2012.0,0.0,1679.0,0.533547,1.159378,UKR,FIN,6592
1544823,231,74,1080,2012.0,38409.0,2646.0,1.51134,-0.637794,USA,FIN,6592
1544824,1,77,1080,2012.0,11878.0,0.0,-0.666296,-0.7860689999999999,AFG,FRA,6592
1544825,7,77,1080,2012.0,7277.0,309170.0,0.256232,-0.46518400000000004,ARE,FRA,6592
1544826,9,77,1080,2012.0,1085.0,35071.0,0.45677399999999996,-0.001422,ARM,FRA,6592
1544827,14,77,1080,2012.0,3201.0,80377.0,-0.537197,-0.22305300000000003,AUS,FRA,6592
1544828,15,77,1080,2012.0,14989.0,373786.0,1.710955,-0.8860399999999999,AUT,FRA,6592
1544829,16,77,1080,2012.0,12118.0,0.0,-1.44287,-1.261817,AZE,FRA,6592
1544830,18,77,1080,2012.0,2527447.0,108943.0,1.06425,1.369205,BEL,FRA,6592
1544831,19,77,1080,2012.0,0.0,3056.0,-1.0708870000000001,-0.934292,BEN,FRA,6592
1544832,21,77,1080,2012.0,0.0,1016.0,-0.624286,-0.689179,BFA,FRA,6592
1544833,24,77,1080,2012.0,0.0,15853.0,-0.01785,-0.780651,BHR,FRA,6592
1544834,39,77,1080,2012.0,21100.0,103725.0,0.630575,1.28653,CAN,FRA,6592
1544835,41,77,1080,2012.0,161477.0,2820891.0,2.0265150000000003,0.6496689999999999,CHE,FRA,6592
1544836,42,77,1080,2012.0,0.0,33721.0,-0.180309,-0.33571799999999996,CHL,FRA,6592
1544837,43,77,1080,2012.0,1259341.0,117513.0,1.2170590000000001,0.584412,CHN,FRA,6592
1544838,44,77,1080,2012.0,0.0,32038.0,-1.014737,-0.8629049999999999,CIV,FRA,6592
1544839,45,77,1080,2012.0,0.0,16101.0,-1.018794,-1.013026,CMR,FRA,6592
1544840,46,77,1080,2012.0,0.0,8618.0,-1.3769209999999998,-1.218267,COD,FRA,6592
1544841,47,77,1080,2012.0,0.0,31744.0,-1.153559,-1.069009,COG,FRA,6592
1544842,49,77,1080,2012.0,13500.0,0.0,0.034488,-0.340545,COL,FRA,6592
1544843,57,77,1080,2012.0,0.0,15029.0,0.591658,-0.636717,CYM,FRA,6592
1544844,58,77,1080,2012.0,0.0,2956.0,0.621962,0.188051,CYP,FRA,6592
1544845,59,77,1080,2012.0,0.0,39704.0,1.7368299999999999,-0.651329,CZE,FRA,6592
1544846,61,77,1080,2012.0,2684026.0,407678.0,1.977443,-3.692254,DEU,FRA,6592
1544847,64,77,1080,2012.0,81853.0,0.0,1.159478,1.053761,DNK,FRA,6592
1544848,66,77,1080,2012.0,0.0,64784.0,-1.745941,-1.149894,DZA,FRA,6592
1544849,68,77,1080,2012.0,1691009.0,3352.0,-0.145791,1.470876,EGY,FRA,6592
1544850,71,77,1080,2012.0,118473.0,182820.0,0.925701,1.8700189999999999,ESP,FRA,6592
1544851,72,77,1080,2012.0,0.0,1259.0,0.8603,1.3146870000000002,EST,FRA,6592
1544852,73,77,1080,2012.0,0.0,3092.0,-0.9118729999999999,-0.8843,ETH,FRA,6592
1544853,74,77,1080,2012.0,0.0,5216.0,1.5813700000000002,0.872251,FIN,FRA,6592
1544854,80,77,1080,2012.0,0.0,51810.0,-1.636201,-1.161638,GAB,FRA,6592
1544855,81,77,1080,2012.0,240118.0,126965.0,1.544653,0.776512,GBR,FRA,6592
1544856,83,77,1080,2012.0,0.0,7051.0,-1.0541049999999998,-0.7275590000000001,GHA,FRA,6592
1544857,85,77,1080,2012.0,0.0,5395.0,-1.904106,-1.2584950000000001,GIN,FRA,6592
1544858,90,77,1080,2012.0,4508.0,7870.0,0.161352,1.273024,GRC,FRA,6592
1544859,97,77,1080,2012.0,110867.0,260479.0,0.788308,1.029625,HKG,FRA,6592
1544860,100,77,1080,2012.0,0.0,2052.0,0.881764,1.149456,HRV,FRA,6592
1544861,103,77,1080,2012.0,87999.0,0.0,0.045694,1.635448,IDN,FRA,6592
1544862,104,77,1080,2012.0,3960580.0,15384.0,0.24883200000000003,2.463711,IND,FRA,6592
1544863,106,77,1080,2012.0,1508.0,0.0,1.1761549999999998,0.279569,IRL,FRA,6592
1544864,107,77,1080,2012.0,5406248.0,299922.0,-1.06794,-0.993099,IRN,FRA,6592
1544865,110,77,1080,2012.0,2187.0,4703.0,1.125254,0.736004,ISR,FRA,6592
1544866,111,77,1080,2012.0,1306774.0,162376.0,1.396626,-0.43950500000000003,ITA,FRA,6592
1544867,114,77,1080,2012.0,3969.0,43311.0,2.325746,-0.8705649999999999,JPN,FRA,6592
1544868,121,77,1080,2012.0,0.0,173328.0,1.839479,0.8272799999999999,KOR,FRA,6592
1544869,122,77,1080,2012.0,0.0,10270.0,-1.130729,-1.083905,KWT,FRA,6592
1544870,124,77,1080,2012.0,4619.0,29521.0,0.36778099999999997,1.3771010000000001,LBN,FRA,6592
1544871,130,77,1080,2012.0,0.0,1771.0,0.739945,1.217062,LTU,FRA,6592
1544872,131,77,1080,2012.0,0.0,36763.0,1.0163739999999999,1.178021,LUX,FRA,6592
1544873,133,77,1080,2012.0,0.0,9901.0,0.7714310000000001,0.727348,MAC,FRA,6592
1544874,134,77,1080,2012.0,98072.0,278789.0,-0.330598,0.037439,MAR,FRA,6592
1544875,138,77,1080,2012.0,0.0,33138.0,1.166986,0.662798,MEX,FRA,6592
1544876,141,77,1080,2012.0,0.0,1646.0,-0.675086,-0.8228139999999999,MLI,FRA,6592
1544877,144,77,1080,2012.0,0.0,9528.0,0.028479,-0.045841,MNE,FRA,6592
1544878,148,77,1080,2012.0,0.0,5943.0,-1.501575,-1.294704,MRT,FRA,6592
1544879,151,77,1080,2012.0,8933.0,2074.0,-0.101344,0.22300100000000003,MUS,FRA,6592
1544880,153,77,1080,2012.0,3745.0,3733.0,0.93739,0.726329,MYS,FRA,6592
1544881,156,77,1080,2012.0,0.0,95127.0,-0.650737,-0.897949,NCL,FRA,6592
1544882,159,77,1080,2012.0,0.0,3107.0,-1.616498,-1.174816,NGA,FRA,6592
1544883,162,77,1080,2012.0,263646.0,102787.0,0.961975,1.517883,NLD,FRA,6592
1544884,163,77,1080,2012.0,1982.0,32160.0,0.5462670000000001,-0.042712,NOR,FRA,6592
1544885,164,77,1080,2012.0,1210067.0,0.0,0.023836000000000003,0.702753,NPL,FRA,6592
1544886,166,77,1080,2012.0,0.0,4910.0,0.21502399999999997,0.746456,NZL,FRA,6592
1544887,168,77,1080,2012.0,5449198.0,0.0,-0.600346,0.474208,PAK,FRA,6592
1544888,169,77,1080,2012.0,105287.0,0.0,1.001878,1.18554,PAN,FRA,6592
1544889,173,77,1080,2012.0,1247.0,0.0,-0.47011499999999995,0.340251,PER,FRA,6592
1544890,174,77,1080,2012.0,4753.0,95417.0,0.44656,0.55585,PHL,FRA,6592
1544891,177,77,1080,2012.0,14211.0,35510.0,1.039598,1.145227,POL,FRA,6592
1544892,179,77,1080,2012.0,595228.0,65264.0,0.697799,2.122262,PRT,FRA,6592
1544893,182,77,1080,2012.0,0.0,41199.0,0.035705,-0.696042,PYF,FRA,6592
1544894,183,77,1080,2012.0,0.0,290612.0,-0.6436029999999999,-0.990323,QAT,FRA,6592
1544895,185,77,1080,2012.0,0.0,2430.0,0.952936,1.227809,ROU,FRA,6592
1544896,186,77,1080,2012.0,0.0,731410.0,-0.123649,-0.218926,RUS,FRA,6592
1544897,188,77,1080,2012.0,4361.0,70895.0,-0.621115,-0.975865,SAU,FRA,6592
1544898,191,77,1080,2012.0,0.0,6466.0,-0.379797,0.020130000000000002,SEN,FRA,6592
1544899,192,77,1080,2012.0,9959.0,40096.0,1.762134,0.583393,SGP,FRA,6592
1544900,207,77,1080,2012.0,0.0,1481.0,1.4933049999999999,0.58207,SVN,FRA,6592
1544901,208,77,1080,2012.0,77641.0,0.0,1.721268,0.15675,SWE,FRA,6592
1544902,212,77,1080,2012.0,4356.0,0.0,0.12079200000000001,2.258125,SYR,FRA,6592
1544903,215,77,1080,2012.0,0.0,7954.0,-0.525578,-0.41306800000000005,TGO,FRA,6592
1544904,216,77,1080,2012.0,20225.0,76987.0,1.015684,1.20697,THA,FRA,6592
1544905,219,77,1080,2012.0,29686.0,0.0,-1.406457,-1.2194200000000002,TKM,FRA,6592
1544906,223,77,1080,2012.0,262414.0,0.0,0.509432,0.8157810000000001,TUN,FRA,6592
1544907,224,77,1080,2012.0,1509906.0,92455.0,0.657573,1.969027,TUR,FRA,6592
1544908,231,77,1080,2012.0,168357.0,788051.0,1.51134,-0.637794,USA,FRA,6592
1544909,239,77,1080,2012.0,0.0,67208.0,0.0755,1.008183,VNM,FRA,6592
1544910,249,77,1080,2012.0,0.0,17787.0,1.671686,0.9854729999999999,TWN,FRA,6592
1544911,250,77,1080,2012.0,379702.0,0.0,0.34242399999999995,-0.007095999999999999,ANS,FRA,6592
1544912,1,81,1080,2012.0,59972.0,0.0,-0.666296,-0.7860689999999999,AFG,GBR,6592
1544913,2,81,1080,2012.0,0.0,1348.0,-1.610059,-1.1253739999999999,AGO,GBR,6592
1544914,7,81,1080,2012.0,17533.0,525503.0,0.256232,-0.46518400000000004,ARE,GBR,6592
1544915,8,81,1080,2012.0,3232.0,0.0,-0.019015,0.548292,ARG,GBR,6592
1544916,13,81,1080,2012.0,0.0,30881.0,0.891969,1.130457,ATG,GBR,6592
1544917,14,81,1080,2012.0,15292.0,183617.0,-0.537197,-0.22305300000000003,AUS,GBR,6592
1544918,15,81,1080,2012.0,21815.0,31614.0,1.710955,-0.8860399999999999,AUT,GBR,6592
1544919,16,81,1080,2012.0,0.0,112262.0,-1.44287,-1.261817,AZE,GBR,6592
1544920,18,81,1080,2012.0,884036.0,344060.0,1.06425,1.369205,BEL,GBR,6592
1544921,22,81,1080,2012.0,0.0,10297.0,-0.62037,-0.6858350000000001,BGD,GBR,6592
1544922,24,81,1080,2012.0,0.0,38484.0,-0.01785,-0.780651,BHR,GBR,6592
1544923,25,81,1080,2012.0,33608.0,694334.0,0.37130799999999997,-0.526134,BHS,GBR,6592
1544924,26,81,1080,2012.0,5457.0,0.0,0.6672520000000001,1.16153,BIH,GBR,6592
1544925,30,81,1080,2012.0,0.0,12675.0,0.608009,-0.524496,BMU,GBR,6592
1544926,32,81,1080,2012.0,0.0,20140.0,0.340455,0.9006790000000001,BRA,GBR,6592
1544927,33,81,1080,2012.0,0.0,22523.0,0.653472,0.43920600000000004,BRB,GBR,6592
1544928,37,81,1080,2012.0,0.0,2362.0,-0.47585200000000005,-1.061016,BWA,GBR,6592
1544929,38,81,1080,2012.0,0.0,2716.0,-0.079519,-0.6013229999999999,CAF,GBR,6592
1544930,39,81,1080,2012.0,22843.0,336832.0,0.630575,1.28653,CAN,GBR,6592
1544931,41,81,1080,2012.0,997551.0,540598.0,2.0265150000000003,0.6496689999999999,CHE,GBR,6592
1544932,42,81,1080,2012.0,0.0,25750.0,-0.180309,-0.33571799999999996,CHL,GBR,6592
1544933,43,81,1080,2012.0,4739352.0,80966.0,1.2170590000000001,0.584412,CHN,GBR,6592
1544934,49,81,1080,2012.0,1747.0,0.0,0.034488,-0.340545,COL,GBR,6592
1544935,55,81,1080,2012.0,0.0,59728.0,0.003982,-0.685596,CUW,GBR,6592
1544936,57,81,1080,2012.0,0.0,12507.0,0.591658,-0.636717,CYM,GBR,6592
1544937,58,81,1080,2012.0,0.0,7183.0,0.621962,0.188051,CYP,GBR,6592
1544938,59,81,1080,2012.0,0.0,1788.0,1.7368299999999999,-0.651329,CZE,GBR,6592
1544939,61,81,1080,2012.0,759064.0,450890.0,1.977443,-3.692254,DEU,GBR,6592
1544940,64,81,1080,2012.0,1077630.0,269319.0,1.159478,1.053761,DNK,GBR,6592
1544941,68,81,1080,2012.0,502796.0,105670.0,-0.145791,1.470876,EGY,GBR,6592
1544942,71,81,1080,2012.0,46700.0,969744.0,0.925701,1.8700189999999999,ESP,GBR,6592
1544943,73,81,1080,2012.0,0.0,7405.0,-0.9118729999999999,-0.8843,ETH,GBR,6592
1544944,74,81,1080,2012.0,0.0,6500.0,1.5813700000000002,0.872251,FIN,GBR,6592
1544945,76,81,1080,2012.0,0.0,18558.0,-1.248876,-0.9277340000000001,FLK,GBR,6592
1544946,77,81,1080,2012.0,126965.0,240118.0,1.414721,0.07219600000000001,FRA,GBR,6592
1544947,83,81,1080,2012.0,0.0,7662.0,-1.0541049999999998,-0.7275590000000001,GHA,GBR,6592
1544948,84,81,1080,2012.0,0.0,32027.0,0.440566,-0.5784189999999999,GIB,GBR,6592
1544949,89,81,1080,2012.0,0.0,2460.0,-1.3664319999999999,-0.834513,GNQ,GBR,6592
1544950,90,81,1080,2012.0,4613.0,30727.0,0.161352,1.273024,GRC,GBR,6592
1544951,93,81,1080,2012.0,3495.0,0.0,-0.15801400000000002,0.5786640000000001,GTM,GBR,6592
1544952,95,81,1080,2012.0,0.0,1649.0,0.295043,-0.240517,GUM,GBR,6592
1544953,97,81,1080,2012.0,58459.0,67788.0,0.788308,1.029625,HKG,GBR,6592
1544954,104,81,1080,2012.0,12522598.0,129140.0,0.24883200000000003,2.463711,IND,GBR,6592
1544955,106,81,1080,2012.0,15822.0,439191.0,1.1761549999999998,0.279569,IRL,GBR,6592
1544956,107,81,1080,2012.0,2323261.0,126276.0,-1.06794,-0.993099,IRN,GBR,6592
1544957,109,81,1080,2012.0,0.0,4310.0,0.20266800000000001,-0.203262,ISL,GBR,6592
1544958,110,81,1080,2012.0,75445.0,423966.0,1.125254,0.736004,ISR,GBR,6592
1544959,111,81,1080,2012.0,1211130.0,148745.0,1.396626,-0.43950500000000003,ITA,GBR,6592
1544960,113,81,1080,2012.0,5437.0,272032.0,0.29205,0.638942,JOR,GBR,6592
1544961,114,81,1080,2012.0,0.0,53844.0,2.325746,-0.8705649999999999,JPN,GBR,6592
1544962,116,81,1080,2012.0,0.0,2551.0,-0.256144,0.21991599999999997,KEN,GBR,6592
1544963,121,81,1080,2012.0,0.0,5791.0,1.839479,0.8272799999999999,KOR,GBR,6592
1544964,122,81,1080,2012.0,0.0,6341.0,-1.130729,-1.083905,KWT,GBR,6592
1544965,123,81,1080,2012.0,0.0,102094.0,-0.874401,-0.737471,LAO,GBR,6592
1544966,124,81,1080,2012.0,26541.0,297494.0,0.36778099999999997,1.3771010000000001,LBN,GBR,6592
1544967,126,81,1080,2012.0,0.0,80700.0,-2.778437,-1.15615,LBY,GBR,6592
1544968,130,81,1080,2012.0,0.0,9428.0,0.739945,1.217062,LTU,GBR,6592
1544969,133,81,1080,2012.0,0.0,19014.0,0.7714310000000001,0.727348,MAC,GBR,6592
1544970,134,81,1080,2012.0,102817.0,1621.0,-0.330598,0.037439,MAR,GBR,6592
1544971,138,81,1080,2012.0,0.0,1403.0,1.166986,0.662798,MEX,GBR,6592
1544972,142,81,1080,2012.0,0.0,1804.0,0.775001,0.048663,MLT,GBR,6592
1544973,144,81,1080,2012.0,0.0,1405.0,0.028479,-0.045841,MNE,GBR,6592
1544974,151,81,1080,2012.0,5716.0,2395.0,-0.101344,0.22300100000000003,MUS,GBR,6592
1544975,152,81,1080,2012.0,0.0,1041.0,-1.069049,-1.060096,MWI,GBR,6592
1544976,153,81,1080,2012.0,0.0,43919.0,0.93739,0.726329,MYS,GBR,6592
1544977,159,81,1080,2012.0,0.0,99878.0,-1.616498,-1.174816,NGA,GBR,6592
1544978,162,81,1080,2012.0,640894.0,146845.0,0.961975,1.517883,NLD,GBR,6592
1544979,163,81,1080,2012.0,1732.0,41171.0,0.5462670000000001,-0.042712,NOR,GBR,6592
1544980,164,81,1080,2012.0,4562975.0,4484.0,0.023836000000000003,0.702753,NPL,GBR,6592
1544981,166,81,1080,2012.0,9823.0,4806.0,0.21502399999999997,0.746456,NZL,GBR,6592
1544982,167,81,1080,2012.0,0.0,21240.0,-0.782802,-1.065774,OMN,GBR,6592
1544983,168,81,1080,2012.0,4394278.0,14899.0,-0.600346,0.474208,PAK,GBR,6592
1544984,173,81,1080,2012.0,16818.0,11178.0,-0.47011499999999995,0.340251,PER,GBR,6592
1544985,174,81,1080,2012.0,16394.0,0.0,0.44656,0.55585,PHL,GBR,6592
1544986,177,81,1080,2012.0,0.0,58942.0,1.039598,1.145227,POL,GBR,6592
1544987,179,81,1080,2012.0,4668.0,913546.0,0.697799,2.122262,PRT,GBR,6592
1544988,183,81,1080,2012.0,231851.0,113452.0,-0.6436029999999999,-0.990323,QAT,GBR,6592
1544989,185,81,1080,2012.0,0.0,4877.0,0.952936,1.227809,ROU,GBR,6592
1544990,186,81,1080,2012.0,0.0,116939.0,-0.123649,-0.218926,RUS,GBR,6592
1544991,188,81,1080,2012.0,2100.0,460813.0,-0.621115,-0.975865,SAU,GBR,6592
1544992,192,81,1080,2012.0,21747.0,4258758.0,1.762134,0.583393,SGP,GBR,6592
1544993,194,81,1080,2012.0,0.0,2782.0,1.339791,0.209335,SHN,GBR,6592
1544994,208,81,1080,2012.0,194247.0,231792.0,1.721268,0.15675,SWE,GBR,6592
1544995,211,81,1080,2012.0,0.0,3802.0,-0.408819,-0.753598,SYC,GBR,6592
1544996,212,81,1080,2012.0,40677.0,0.0,0.12079200000000001,2.258125,SYR,GBR,6592
1544997,216,81,1080,2012.0,46736.0,1448.0,1.015684,1.20697,THA,GBR,6592
1544998,223,81,1080,2012.0,4903.0,0.0,0.509432,0.8157810000000001,TUN,GBR,6592
1544999,224,81,1080,2012.0,7478525.0,263813.0,0.657573,1.969027,TUR,GBR,6592
1545000,227,81,1080,2012.0,0.0,3672.0,-0.492733,0.4513,UGA,GBR,6592
1545001,228,81,1080,2012.0,0.0,43290.0,0.533547,1.159378,UKR,GBR,6592
1545002,231,81,1080,2012.0,1261035.0,904050.0,1.51134,-0.637794,USA,GBR,6592
1545003,234,81,1080,2012.0,0.0,11135.0,0.523877,0.065489,VCT,GBR,6592
1545004,246,81,1080,2012.0,5421.0,43464.0,0.06510099999999999,1.748521,ZAF,GBR,6592
1545005,249,81,1080,2012.0,0.0,85902.0,1.671686,0.9854729999999999,TWN,GBR,6592
1545006,4,90,1080,2012.0,0.0,13232.0,-0.331512,-0.049776,ALB,GRC,6592
1545007,7,90,1080,2012.0,4303.0,0.0,0.256232,-0.46518400000000004,ARE,GRC,6592
1545008,14,90,1080,2012.0,1270.0,17122.0,-0.537197,-0.22305300000000003,AUS,GRC,6592
1545009,15,90,1080,2012.0,389600.0,0.0,1.710955,-0.8860399999999999,AUT,GRC,6592
1545010,18,90,1080,2012.0,139219.0,0.0,1.06425,1.369205,BEL,GRC,6592
1545011,23,90,1080,2012.0,0.0,15216.0,0.601161,1.594487,BGR,GRC,6592
1545012,26,90,1080,2012.0,0.0,4452.0,0.6672520000000001,1.16153,BIH,GRC,6592
1545013,39,90,1080,2012.0,0.0,22389.0,0.630575,1.28653,CAN,GRC,6592
1545014,41,90,1080,2012.0,0.0,15462.0,2.0265150000000003,0.6496689999999999,CHE,GRC,6592
1545015,43,90,1080,2012.0,102213.0,0.0,1.2170590000000001,0.584412,CHN,GRC,6592
1545016,49,90,1080,2012.0,0.0,3612.0,0.034488,-0.340545,COL,GRC,6592
1545017,58,90,1080,2012.0,0.0,19573.0,0.621962,0.188051,CYP,GRC,6592
1545018,61,90,1080,2012.0,940470.0,163300.0,1.977443,-3.692254,DEU,GRC,6592
1545019,64,90,1080,2012.0,7923.0,8318.0,1.159478,1.053761,DNK,GRC,6592
1545020,68,90,1080,2012.0,1352519.0,4464.0,-0.145791,1.470876,EGY,GRC,6592
1545021,71,90,1080,2012.0,4104.0,5231.0,0.925701,1.8700189999999999,ESP,GRC,6592
1545022,77,90,1080,2012.0,7870.0,4508.0,1.414721,0.07219600000000001,FRA,GRC,6592
1545023,81,90,1080,2012.0,30727.0,4613.0,1.544653,0.776512,GBR,GRC,6592
1545024,83,90,1080,2012.0,0.0,2965.0,-1.0541049999999998,-0.7275590000000001,GHA,GRC,6592
1545025,104,90,1080,2012.0,371402.0,0.0,0.24883200000000003,2.463711,IND,GRC,6592
1545026,107,90,1080,2012.0,120981.0,0.0,-1.06794,-0.993099,IRN,GRC,6592
1545027,110,90,1080,2012.0,0.0,15478.0,1.125254,0.736004,ISR,GRC,6592
1545028,111,90,1080,2012.0,249772.0,8950.0,1.396626,-0.43950500000000003,ITA,GRC,6592
1545029,130,90,1080,2012.0,0.0,291513.0,0.739945,1.217062,LTU,GRC,6592
1545030,132,90,1080,2012.0,2409.0,0.0,0.704565,1.000552,LVA,GRC,6592
1545031,134,90,1080,2012.0,1588.0,0.0,-0.330598,0.037439,MAR,GRC,6592
1545032,140,90,1080,2012.0,0.0,2355.0,-0.08785599999999999,0.153128,MKD,GRC,6592
1545033,162,90,1080,2012.0,73065.0,0.0,0.961975,1.517883,NLD,GRC,6592
1545034,163,90,1080,2012.0,0.0,3436.0,0.5462670000000001,-0.042712,NOR,GRC,6592
1545035,164,90,1080,2012.0,3196.0,0.0,0.023836000000000003,0.702753,NPL,GRC,6592
1545036,166,90,1080,2012.0,0.0,3249.0,0.21502399999999997,0.746456,NZL,GRC,6592
1545037,168,90,1080,2012.0,535468.0,130704.0,-0.600346,0.474208,PAK,GRC,6592
1545038,173,90,1080,2012.0,0.0,1339.0,-0.47011499999999995,0.340251,PER,GRC,6592
1545039,185,90,1080,2012.0,0.0,61180.0,0.952936,1.227809,ROU,GRC,6592
1545040,186,90,1080,2012.0,0.0,7129.0,-0.123649,-0.218926,RUS,GRC,6592
1545041,201,90,1080,2012.0,0.0,29445.0,0.696674,1.544065,SRB,GRC,6592
1545042,208,90,1080,2012.0,15799.0,0.0,1.721268,0.15675,SWE,GRC,6592
1545043,224,90,1080,2012.0,168245.0,2955.0,0.657573,1.969027,TUR,GRC,6592
1545044,231,90,1080,2012.0,0.0,146867.0,1.51134,-0.637794,USA,GRC,6592
1545045,246,90,1080,2012.0,0.0,2810.0,0.06510099999999999,1.748521,ZAF,GRC,6592
1545046,7,93,1080,2012.0,1033.0,0.0,0.256232,-0.46518400000000004,ARE,GTM,6592
1545047,43,93,1080,2012.0,22160.0,0.0,1.2170590000000001,0.584412,CHN,GTM,6592
1545048,61,93,1080,2012.0,1154.0,0.0,1.977443,-3.692254,DEU,GTM,6592
1545049,68,93,1080,2012.0,191054.0,0.0,-0.145791,1.470876,EGY,GTM,6592
1545050,81,93,1080,2012.0,0.0,3495.0,1.544653,0.776512,GBR,GTM,6592
1545051,97,93,1080,2012.0,5373.0,0.0,0.788308,1.029625,HKG,GTM,6592
1545052,104,93,1080,2012.0,56561.0,0.0,0.24883200000000003,2.463711,IND,GTM,6592
1545053,121,93,1080,2012.0,19076.0,0.0,1.839479,0.8272799999999999,KOR,GTM,6592
1545054,162,93,1080,2012.0,2269.0,0.0,0.961975,1.517883,NLD,GTM,6592
1545055,168,93,1080,2012.0,5071.0,0.0,-0.600346,0.474208,PAK,GTM,6592
1545056,169,93,1080,2012.0,15255.0,0.0,1.001878,1.18554,PAN,GTM,6592
1545057,208,93,1080,2012.0,0.0,2365.0,1.721268,0.15675,SWE,GTM,6592
1545058,224,93,1080,2012.0,20062.0,0.0,0.657573,1.969027,TUR,GTM,6592
1545059,231,93,1080,2012.0,94730.0,10571.0,1.51134,-0.637794,USA,GTM,6592
1545060,43,96,1080,2012.0,11585.0,0.0,1.2170590000000001,0.584412,CHN,GUY,6592
1545061,55,96,1080,2012.0,3581.0,0.0,0.003982,-0.685596,CUW,GUY,6592
1545062,127,96,1080,2012.0,0.0,2195.0,0.714758,-0.034339,LCA,GUY,6592
1545063,169,96,1080,2012.0,37684.0,0.0,1.001878,1.18554,PAN,GUY,6592
1545064,192,96,1080,2012.0,77678.0,0.0,1.762134,0.583393,SGP,GUY,6592
1545065,224,96,1080,2012.0,58499.0,0.0,0.657573,1.969027,TUR,GUY,6592
1545066,231,96,1080,2012.0,54386.0,0.0,1.51134,-0.637794,USA,GUY,6592
1545067,2,97,1080,2012.0,0.0,2513.0,-1.610059,-1.1253739999999999,AGO,HKG,6592
1545068,7,97,1080,2012.0,458895.0,0.0,0.256232,-0.46518400000000004,ARE,HKG,6592
1545069,14,97,1080,2012.0,10499.0,327612.0,-0.537197,-0.22305300000000003,AUS,HKG,6592
1545070,15,97,1080,2012.0,0.0,34115.0,1.710955,-0.8860399999999999,AUT,HKG,6592
1545071,18,97,1080,2012.0,8088.0,0.0,1.06425,1.369205,BEL,HKG,6592
1545072,32,97,1080,2012.0,0.0,2551.0,0.340455,0.9006790000000001,BRA,HKG,6592
1545073,34,97,1080,2012.0,1265.0,0.0,-2.9686049999999997,-0.8427290000000001,BRN,HKG,6592
1545074,37,97,1080,2012.0,0.0,1004.0,-0.47585200000000005,-1.061016,BWA,HKG,6592
1545075,39,97,1080,2012.0,349284.0,12503.0,0.630575,1.28653,CAN,HKG,6592
1545076,41,97,1080,2012.0,4763.0,27072.0,2.0265150000000003,0.6496689999999999,CHE,HKG,6592
1545077,43,97,1080,2012.0,2241967.0,245050.0,1.2170590000000001,0.584412,CHN,HKG,6592
1545078,59,97,1080,2012.0,0.0,35303.0,1.7368299999999999,-0.651329,CZE,HKG,6592
1545079,61,97,1080,2012.0,553404.0,153697.0,1.977443,-3.692254,DEU,HKG,6592
1545080,64,97,1080,2012.0,5985.0,4791.0,1.159478,1.053761,DNK,HKG,6592
1545081,68,97,1080,2012.0,29881.0,0.0,-0.145791,1.470876,EGY,HKG,6592
1545082,71,97,1080,2012.0,16592.0,11564.0,0.925701,1.8700189999999999,ESP,HKG,6592
1545083,77,97,1080,2012.0,260479.0,110867.0,1.414721,0.07219600000000001,FRA,HKG,6592
1545084,81,97,1080,2012.0,67788.0,58459.0,1.544653,0.776512,GBR,HKG,6592
1545085,93,97,1080,2012.0,0.0,5373.0,-0.15801400000000002,0.5786640000000001,GTM,HKG,6592
1545086,104,97,1080,2012.0,346397.0,4835.0,0.24883200000000003,2.463711,IND,HKG,6592
1545087,106,97,1080,2012.0,42312.0,2341.0,1.1761549999999998,0.279569,IRL,HKG,6592
1545088,107,97,1080,2012.0,66382.0,0.0,-1.06794,-0.993099,IRN,HKG,6592
1545089,110,97,1080,2012.0,0.0,36876.0,1.125254,0.736004,ISR,HKG,6592
1545090,111,97,1080,2012.0,313938.0,41681.0,1.396626,-0.43950500000000003,ITA,HKG,6592
1545091,114,97,1080,2012.0,0.0,232882.0,2.325746,-0.8705649999999999,JPN,HKG,6592
1545092,121,97,1080,2012.0,0.0,1850.0,1.839479,0.8272799999999999,KOR,HKG,6592
1545093,128,97,1080,2012.0,0.0,3683.0,-0.24579299999999998,0.518273,LKA,HKG,6592
1545094,133,97,1080,2012.0,0.0,65096.0,0.7714310000000001,0.727348,MAC,HKG,6592
1545095,137,97,1080,2012.0,0.0,9266.0,-0.12348699999999999,-0.7748430000000001,MDV,HKG,6592
1545096,148,97,1080,2012.0,0.0,2864.0,-1.501575,-1.294704,MRT,HKG,6592
1545097,151,97,1080,2012.0,3708.0,0.0,-0.101344,0.22300100000000003,MUS,HKG,6592
1545098,153,97,1080,2012.0,7081.0,9691.0,0.93739,0.726329,MYS,HKG,6592
1545099,162,97,1080,2012.0,2433.0,0.0,0.961975,1.517883,NLD,HKG,6592
1545100,163,97,1080,2012.0,0.0,15068.0,0.5462670000000001,-0.042712,NOR,HKG,6592
1545101,164,97,1080,2012.0,105957.0,1907.0,0.023836000000000003,0.702753,NPL,HKG,6592
1545102,166,97,1080,2012.0,153864.0,0.0,0.21502399999999997,0.746456,NZL,HKG,6592
1545103,168,97,1080,2012.0,472845.0,2195.0,-0.600346,0.474208,PAK,HKG,6592
1545104,169,97,1080,2012.0,0.0,35770.0,1.001878,1.18554,PAN,HKG,6592
1545105,174,97,1080,2012.0,1905.0,11799.0,0.44656,0.55585,PHL,HKG,6592
1545106,192,97,1080,2012.0,24980.0,68947.0,1.762134,0.583393,SGP,HKG,6592
1545107,208,97,1080,2012.0,9420.0,5063.0,1.721268,0.15675,SWE,HKG,6592
1545108,216,97,1080,2012.0,21304.0,0.0,1.015684,1.20697,THA,HKG,6592
1545109,221,97,1080,2012.0,0.0,5196.0,-0.126859,-0.509424,TON,HKG,6592
1545110,224,97,1080,2012.0,21579.0,0.0,0.657573,1.969027,TUR,HKG,6592
1545111,226,97,1080,2012.0,0.0,13218.0,-0.490001,1.149681,TZA,HKG,6592
1545112,231,97,1080,2012.0,354105.0,27617.0,1.51134,-0.637794,USA,HKG,6592
1545113,236,97,1080,2012.0,0.0,1558.0,-1.6796689999999999,-1.168002,VEN,HKG,6592
1545114,246,97,1080,2012.0,0.0,2438.0,0.06510099999999999,1.748521,ZAF,HKG,6592
1545115,247,97,1080,2012.0,0.0,6394.0,-0.356518,-0.71057,ZMB,HKG,6592
1545116,249,97,1080,2012.0,66457.0,2742.0,1.671686,0.9854729999999999,TWN,HKG,6592
1545117,43,99,1080,2012.0,103519.0,0.0,1.2170590000000001,0.584412,CHN,HND,6592
1545118,169,99,1080,2012.0,1092.0,0.0,1.001878,1.18554,PAN,HND,6592
1545119,231,99,1080,2012.0,44140.0,0.0,1.51134,-0.637794,USA,HND,6592
1545120,7,103,1080,2012.0,0.0,56230.0,0.256232,-0.46518400000000004,ARE,IDN,6592
1545121,14,103,1080,2012.0,0.0,9891.0,-0.537197,-0.22305300000000003,AUS,IDN,6592
1545122,22,103,1080,2012.0,2964.0,0.0,-0.62037,-0.6858350000000001,BGD,IDN,6592
1545123,32,103,1080,2012.0,0.0,25419.0,0.340455,0.9006790000000001,BRA,IDN,6592
1545124,34,103,1080,2012.0,0.0,13030.0,-2.9686049999999997,-0.8427290000000001,BRN,IDN,6592
1545125,39,103,1080,2012.0,0.0,5080.0,0.630575,1.28653,CAN,IDN,6592
1545126,41,103,1080,2012.0,0.0,5127.0,2.0265150000000003,0.6496689999999999,CHE,IDN,6592
1545127,43,103,1080,2012.0,221292.0,16594.0,1.2170590000000001,0.584412,CHN,IDN,6592
1545128,61,103,1080,2012.0,16874.0,0.0,1.977443,-3.692254,DEU,IDN,6592
1545129,64,103,1080,2012.0,1665.0,0.0,1.159478,1.053761,DNK,IDN,6592
1545130,68,103,1080,2012.0,312221.0,0.0,-0.145791,1.470876,EGY,IDN,6592
1545131,71,103,1080,2012.0,0.0,1246.0,0.925701,1.8700189999999999,ESP,IDN,6592
1545132,77,103,1080,2012.0,0.0,87999.0,1.414721,0.07219600000000001,FRA,IDN,6592
1545133,104,103,1080,2012.0,98772.0,444834.0,0.24883200000000003,2.463711,IND,IDN,6592
1545134,111,103,1080,2012.0,22274.0,0.0,1.396626,-0.43950500000000003,ITA,IDN,6592
1545135,128,103,1080,2012.0,0.0,2929.0,-0.24579299999999998,0.518273,LKA,IDN,6592
1545136,133,103,1080,2012.0,0.0,10857.0,0.7714310000000001,0.727348,MAC,IDN,6592
1545137,143,103,1080,2012.0,0.0,4113.0,-1.157555,-0.9009149999999999,MMR,IDN,6592
1545138,144,103,1080,2012.0,0.0,3106.0,0.028479,-0.045841,MNE,IDN,6592
1545139,153,103,1080,2012.0,67410.0,41939.0,0.93739,0.726329,MYS,IDN,6592
1545140,166,103,1080,2012.0,0.0,5184.0,0.21502399999999997,0.746456,NZL,IDN,6592
1545141,177,103,1080,2012.0,0.0,1518.0,1.039598,1.145227,POL,IDN,6592
1545142,188,103,1080,2012.0,0.0,40225.0,-0.621115,-0.975865,SAU,IDN,6592
1545143,192,103,1080,2012.0,879582.0,16520.0,1.762134,0.583393,SGP,IDN,6592
1545144,211,103,1080,2012.0,0.0,2154.0,-0.408819,-0.753598,SYC,IDN,6592
1545145,216,103,1080,2012.0,463850.0,213274.0,1.015684,1.20697,THA,IDN,6592
1545146,220,103,1080,2012.0,0.0,3983.0,-0.955643,-0.844026,TLS,IDN,6592
1545147,222,103,1080,2012.0,0.0,8044.0,-0.257402,-0.9802709999999999,TTO,IDN,6592
1545148,224,103,1080,2012.0,126818.0,194423.0,0.657573,1.969027,TUR,IDN,6592
1545149,226,103,1080,2012.0,0.0,84310.0,-0.490001,1.149681,TZA,IDN,6592
1545150,231,103,1080,2012.0,15563.0,224153.0,1.51134,-0.637794,USA,IDN,6592
1545151,239,103,1080,2012.0,0.0,158953.0,0.0755,1.008183,VNM,IDN,6592
1545152,249,103,1080,2012.0,7390.0,0.0,1.671686,0.9854729999999999,TWN,IDN,6592
1545153,1,104,1080,2012.0,951080.0,20100.0,-0.666296,-0.7860689999999999,AFG,IND,6592
1545154,2,104,1080,2012.0,0.0,50921.0,-1.610059,-1.1253739999999999,AGO,IND,6592
1545155,4,104,1080,2012.0,0.0,2877.0,-0.331512,-0.049776,ALB,IND,6592
1545156,7,104,1080,2012.0,84873.0,22606916.0,0.256232,-0.46518400000000004,ARE,IND,6592
1545157,8,104,1080,2012.0,0.0,30187.0,-0.019015,0.548292,ARG,IND,6592
1545158,14,104,1080,2012.0,15972.0,6686127.0,-0.537197,-0.22305300000000003,AUS,IND,6592
1545159,15,104,1080,2012.0,0.0,2318156.0,1.710955,-0.8860399999999999,AUT,IND,6592
1545160,16,104,1080,2012.0,0.0,335210.0,-1.44287,-1.261817,AZE,IND,6592
1545161,18,104,1080,2012.0,0.0,3048968.0,1.06425,1.369205,BEL,IND,6592
1545162,19,104,1080,2012.0,0.0,1051.0,-1.0708870000000001,-0.934292,BEN,IND,6592
1545163,22,104,1080,2012.0,0.0,230043.0,-0.62037,-0.6858350000000001,BGD,IND,6592
1545164,23,104,1080,2012.0,0.0,34013.0,0.601161,1.594487,BGR,IND,6592
1545165,24,104,1080,2012.0,0.0,748069.0,-0.01785,-0.780651,BHR,IND,6592
1545166,26,104,1080,2012.0,0.0,13572.0,0.6672520000000001,1.16153,BIH,IND,6592
1545167,28,104,1080,2012.0,0.0,245053.0,1.0976059999999999,0.861051,BLR,IND,6592
1545168,30,104,1080,2012.0,0.0,2241.0,0.608009,-0.524496,BMU,IND,6592
1545169,31,104,1080,2012.0,0.0,13442.0,-0.698325,-0.728248,BOL,IND,6592
1545170,32,104,1080,2012.0,0.0,2270639.0,0.340455,0.9006790000000001,BRA,IND,6592
1545171,33,104,1080,2012.0,0.0,4146.0,0.653472,0.43920600000000004,BRB,IND,6592
1545172,34,104,1080,2012.0,0.0,1870.0,-2.9686049999999997,-0.8427290000000001,BRN,IND,6592
1545173,35,104,1080,2012.0,6037.0,4322.0,-0.280068,-0.6360819999999999,BTN,IND,6592
1545174,37,104,1080,2012.0,0.0,6076.0,-0.47585200000000005,-1.061016,BWA,IND,6592
1545175,39,104,1080,2012.0,6689.0,8279128.0,0.630575,1.28653,CAN,IND,6592
1545176,41,104,1080,2012.0,226535.0,2191626.0,2.0265150000000003,0.6496689999999999,CHE,IND,6592
1545177,42,104,1080,2012.0,0.0,336664.0,-0.180309,-0.33571799999999996,CHL,IND,6592
1545178,43,104,1080,2012.0,131519.0,2432279.0,1.2170590000000001,0.584412,CHN,IND,6592
1545179,44,104,1080,2012.0,0.0,1004.0,-1.014737,-0.8629049999999999,CIV,IND,6592
1545180,45,104,1080,2012.0,0.0,1205.0,-1.018794,-1.013026,CMR,IND,6592
1545181,49,104,1080,2012.0,0.0,200874.0,0.034488,-0.340545,COL,IND,6592
1545182,50,104,1080,2012.0,0.0,1823.0,0.06202100000000001,-0.7399100000000001,COM,IND,6592
1545183,52,104,1080,2012.0,0.0,13393.0,0.24381799999999998,-0.560793,CRI,IND,6592
1545184,54,104,1080,2012.0,0.0,5625.0,0.081568,-0.690941,CUB,IND,6592
1545185,55,104,1080,2012.0,0.0,6564.0,0.003982,-0.685596,CUW,IND,6592
1545186,58,104,1080,2012.0,0.0,26362.0,0.621962,0.188051,CYP,IND,6592
1545187,59,104,1080,2012.0,0.0,145565.0,1.7368299999999999,-0.651329,CZE,IND,6592
1545188,61,104,1080,2012.0,2806.0,64249488.0,1.977443,-3.692254,DEU,IND,6592
1545189,64,104,1080,2012.0,0.0,1638960.0,1.159478,1.053761,DNK,IND,6592
1545190,65,104,1080,2012.0,0.0,6891.0,-0.08708300000000001,0.389521,DOM,IND,6592
1545191,67,104,1080,2012.0,0.0,8585.0,-0.66209,-0.796325,ECU,IND,6592
1545192,68,104,1080,2012.0,1360742.0,290794.0,-0.145791,1.470876,EGY,IND,6592
1545193,71,104,1080,2012.0,0.0,1440580.0,0.925701,1.8700189999999999,ESP,IND,6592
1545194,72,104,1080,2012.0,0.0,263299.0,0.8603,1.3146870000000002,EST,IND,6592
1545195,73,104,1080,2012.0,0.0,6931.0,-0.9118729999999999,-0.8843,ETH,IND,6592
1545196,74,104,1080,2012.0,0.0,397198.0,1.5813700000000002,0.872251,FIN,IND,6592
1545197,75,104,1080,2012.0,0.0,4399.0,-0.332623,0.020258,FJI,IND,6592
1545198,77,104,1080,2012.0,15384.0,3960580.0,1.414721,0.07219600000000001,FRA,IND,6592
1545199,81,104,1080,2012.0,129140.0,12522598.0,1.544653,0.776512,GBR,IND,6592
1545200,82,104,1080,2012.0,0.0,42847.0,-0.244691,-0.552666,GEO,IND,6592
1545201,83,104,1080,2012.0,0.0,4144.0,-1.0541049999999998,-0.7275590000000001,GHA,IND,6592
1545202,85,104,1080,2012.0,0.0,3941.0,-1.904106,-1.2584950000000001,GIN,IND,6592
1545203,90,104,1080,2012.0,0.0,371402.0,0.161352,1.273024,GRC,IND,6592
1545204,93,104,1080,2012.0,0.0,56561.0,-0.15801400000000002,0.5786640000000001,GTM,IND,6592
1545205,95,104,1080,2012.0,0.0,1558.0,0.295043,-0.240517,GUM,IND,6592
1545206,97,104,1080,2012.0,4835.0,346397.0,0.788308,1.029625,HKG,IND,6592
1545207,100,104,1080,2012.0,0.0,130429.0,0.881764,1.149456,HRV,IND,6592
1545208,102,104,1080,2012.0,0.0,22131.0,1.61049,0.44614799999999993,HUN,IND,6592
1545209,103,104,1080,2012.0,444834.0,98772.0,0.045694,1.635448,IDN,IND,6592
1545210,106,104,1080,2012.0,1248.0,114678.0,1.1761549999999998,0.279569,IRL,IND,6592
1545211,107,104,1080,2012.0,0.0,285019.0,-1.06794,-0.993099,IRN,IND,6592
1545212,109,104,1080,2012.0,0.0,8205.0,0.20266800000000001,-0.203262,ISL,IND,6592
1545213,110,104,1080,2012.0,0.0,290804.0,1.125254,0.736004,ISR,IND,6592
1545214,111,104,1080,2012.0,9025.0,3055767.0,1.396626,-0.43950500000000003,ITA,IND,6592
1545215,113,104,1080,2012.0,0.0,51097.0,0.29205,0.638942,JOR,IND,6592
1545216,114,104,1080,2012.0,16064.0,2275938.0,2.325746,-0.8705649999999999,JPN,IND,6592
1545217,115,104,1080,2012.0,0.0,57436.0,-0.447428,-0.42193,KAZ,IND,6592
1545218,116,104,1080,2012.0,0.0,43809.0,-0.256144,0.21991599999999997,KEN,IND,6592
1545219,117,104,1080,2012.0,0.0,49588.0,0.044116,0.678193,KGZ,IND,6592
1545220,118,104,1080,2012.0,0.0,18848.0,-0.6328739999999999,-0.9080030000000001,KHM,IND,6592
1545221,121,104,1080,2012.0,0.0,74748.0,1.839479,0.8272799999999999,KOR,IND,6592
1545222,122,104,1080,2012.0,0.0,176908.0,-1.130729,-1.083905,KWT,IND,6592
1545223,124,104,1080,2012.0,1355.0,751452.0,0.36778099999999997,1.3771010000000001,LBN,IND,6592
1545224,127,104,1080,2012.0,0.0,1561.0,0.714758,-0.034339,LCA,IND,6592
1545225,128,104,1080,2012.0,1200.0,5574.0,-0.24579299999999998,0.518273,LKA,IND,6592
1545226,130,104,1080,2012.0,0.0,12414.0,0.739945,1.217062,LTU,IND,6592
1545227,131,104,1080,2012.0,0.0,59636.0,1.0163739999999999,1.178021,LUX,IND,6592
1545228,132,104,1080,2012.0,0.0,79415.0,0.704565,1.000552,LVA,IND,6592
1545229,134,104,1080,2012.0,2109.0,129751.0,-0.330598,0.037439,MAR,IND,6592
1545230,137,104,1080,2012.0,0.0,6380.0,-0.12348699999999999,-0.7748430000000001,MDV,IND,6592
1545231,138,104,1080,2012.0,0.0,360999.0,1.166986,0.662798,MEX,IND,6592
1545232,139,104,1080,2012.0,11981.0,0.0,-0.42864399999999997,-0.7831739999999999,MHL,IND,6592
1545233,142,104,1080,2012.0,0.0,5904.0,0.775001,0.048663,MLT,IND,6592
1545234,144,104,1080,2012.0,0.0,20608.0,0.028479,-0.045841,MNE,IND,6592
1545235,147,104,1080,2012.0,0.0,10386.0,-1.274567,-1.045444,MOZ,IND,6592
1545236,151,104,1080,2012.0,0.0,448812.0,-0.101344,0.22300100000000003,MUS,IND,6592
1545237,153,104,1080,2012.0,0.0,1665461.0,0.93739,0.726329,MYS,IND,6592
1545238,155,104,1080,2012.0,0.0,77050.0,-0.404252,-0.330913,NAM,IND,6592
1545239,159,104,1080,2012.0,0.0,59727.0,-1.616498,-1.174816,NGA,IND,6592
1545240,160,104,1080,2012.0,0.0,2241.0,-0.6056279999999999,-0.404956,NIC,IND,6592
1545241,162,104,1080,2012.0,0.0,2995328.0,0.961975,1.517883,NLD,IND,6592
1545242,163,104,1080,2012.0,0.0,253062.0,0.5462670000000001,-0.042712,NOR,IND,6592
1545243,164,104,1080,2012.0,0.0,21825.0,0.023836000000000003,0.702753,NPL,IND,6592
1545244,166,104,1080,2012.0,0.0,341706.0,0.21502399999999997,0.746456,NZL,IND,6592
1545245,167,104,1080,2012.0,1691.0,150780.0,-0.782802,-1.065774,OMN,IND,6592
1545246,168,104,1080,2012.0,16474.0,12507.0,-0.600346,0.474208,PAK,IND,6592
1545247,169,104,1080,2012.0,0.0,1209.0,1.001878,1.18554,PAN,IND,6592
1545248,173,104,1080,2012.0,0.0,80301.0,-0.47011499999999995,0.340251,PER,IND,6592
1545249,174,104,1080,2012.0,0.0,56294.0,0.44656,0.55585,PHL,IND,6592
1545250,177,104,1080,2012.0,0.0,230112.0,1.039598,1.145227,POL,IND,6592
1545251,179,104,1080,2012.0,0.0,256181.0,0.697799,2.122262,PRT,IND,6592
1545252,180,104,1080,2012.0,0.0,2862.0,-0.49996,-0.6966399999999999,PRY,IND,6592
1545253,183,104,1080,2012.0,0.0,3210797.0,-0.6436029999999999,-0.990323,QAT,IND,6592
1545254,185,104,1080,2012.0,0.0,258913.0,0.952936,1.227809,ROU,IND,6592
1545255,186,104,1080,2012.0,0.0,3392818.0,-0.123649,-0.218926,RUS,IND,6592
1545256,188,104,1080,2012.0,16143.0,668736.0,-0.621115,-0.975865,SAU,IND,6592
1545257,191,104,1080,2012.0,0.0,22435.0,-0.379797,0.020130000000000002,SEN,IND,6592
1545258,192,104,1080,2012.0,17787.0,2036096.0,1.762134,0.583393,SGP,IND,6592
1545259,201,104,1080,2012.0,0.0,47890.0,0.696674,1.544065,SRB,IND,6592
1545260,203,104,1080,2012.0,0.0,3504.0,0.85051,0.057023000000000004,STP,IND,6592
1545261,206,104,1080,2012.0,0.0,13340.0,1.3586200000000002,0.805751,SVK,IND,6592
1545262,207,104,1080,2012.0,0.0,23067.0,1.4933049999999999,0.58207,SVN,IND,6592
1545263,208,104,1080,2012.0,0.0,1324319.0,1.721268,0.15675,SWE,IND,6592
1545264,209,104,1080,2012.0,0.0,1210.0,0.209802,-0.11224,SWZ,IND,6592
1545265,215,104,1080,2012.0,0.0,6136.0,-0.525578,-0.41306800000000005,TGO,IND,6592
1545266,216,104,1080,2012.0,2383.0,3583310.0,1.015684,1.20697,THA,IND,6592
1545267,221,104,1080,2012.0,0.0,34141.0,-0.126859,-0.509424,TON,IND,6592
1545268,222,104,1080,2012.0,0.0,4404.0,-0.257402,-0.9802709999999999,TTO,IND,6592
1545269,224,104,1080,2012.0,25690.0,33985164.0,0.657573,1.969027,TUR,IND,6592
1545270,226,104,1080,2012.0,0.0,14425.0,-0.490001,1.149681,TZA,IND,6592
1545271,228,104,1080,2012.0,0.0,216991.0,0.533547,1.159378,UKR,IND,6592
1545272,230,104,1080,2012.0,0.0,10683.0,0.013581000000000001,0.047302,URY,IND,6592
1545273,231,104,1080,2012.0,983378.0,115728192.0,1.51134,-0.637794,USA,IND,6592
1545274,236,104,1080,2012.0,0.0,16401.0,-1.6796689999999999,-1.168002,VEN,IND,6592
1545275,239,104,1080,2012.0,0.0,267559.0,0.0755,1.008183,VNM,IND,6592
1545276,246,104,1080,2012.0,0.0,3759641.0,0.06510099999999999,1.748521,ZAF,IND,6592
1545277,249,104,1080,2012.0,0.0,28488.0,1.671686,0.9854729999999999,TWN,IND,6592
1545278,250,104,1080,2012.0,18633.0,28166.0,0.34242399999999995,-0.007095999999999999,ANS,IND,6592
1545279,7,110,1080,2012.0,6535.0,0.0,0.256232,-0.46518400000000004,ARE,ISR,6592
1545280,15,110,1080,2012.0,8325.0,1865.0,1.710955,-0.8860399999999999,AUT,ISR,6592
1545281,18,110,1080,2012.0,11159.0,1669.0,1.06425,1.369205,BEL,ISR,6592
1545282,39,110,1080,2012.0,1833.0,0.0,0.630575,1.28653,CAN,ISR,6592
1545283,41,110,1080,2012.0,48701.0,2311.0,2.0265150000000003,0.6496689999999999,CHE,ISR,6592
1545284,43,110,1080,2012.0,249967.0,1882.0,1.2170590000000001,0.584412,CHN,ISR,6592
1545285,58,110,1080,2012.0,42821.0,0.0,0.621962,0.188051,CYP,ISR,6592
1545286,61,110,1080,2012.0,2273654.0,5824.0,1.977443,-3.692254,DEU,ISR,6592
1545287,64,110,1080,2012.0,1522.0,0.0,1.159478,1.053761,DNK,ISR,6592
1545288,68,110,1080,2012.0,3535.0,0.0,-0.145791,1.470876,EGY,ISR,6592
1545289,71,110,1080,2012.0,2837.0,0.0,0.925701,1.8700189999999999,ESP,ISR,6592
1545290,77,110,1080,2012.0,4703.0,2187.0,1.414721,0.07219600000000001,FRA,ISR,6592
1545291,81,110,1080,2012.0,423966.0,75445.0,1.544653,0.776512,GBR,ISR,6592
1545292,90,110,1080,2012.0,15478.0,0.0,0.161352,1.273024,GRC,ISR,6592
1545293,97,110,1080,2012.0,36876.0,0.0,0.788308,1.029625,HKG,ISR,6592
1545294,104,110,1080,2012.0,290804.0,0.0,0.24883200000000003,2.463711,IND,ISR,6592
1545295,111,110,1080,2012.0,31612.0,1630.0,1.396626,-0.43950500000000003,ITA,ISR,6592
1545296,113,110,1080,2012.0,4172.0,0.0,0.29205,0.638942,JOR,ISR,6592
1545297,132,110,1080,2012.0,0.0,1664.0,0.704565,1.000552,LVA,ISR,6592
1545298,134,110,1080,2012.0,2629.0,0.0,-0.330598,0.037439,MAR,ISR,6592
1545299,162,110,1080,2012.0,5960.0,31285.0,0.961975,1.517883,NLD,ISR,6592
1545300,163,110,1080,2012.0,0.0,2985.0,0.5462670000000001,-0.042712,NOR,ISR,6592
1545301,164,110,1080,2012.0,31035.0,0.0,0.023836000000000003,0.702753,NPL,ISR,6592
1545302,174,110,1080,2012.0,13790.0,0.0,0.44656,0.55585,PHL,ISR,6592
1545303,177,110,1080,2012.0,10213.0,0.0,1.039598,1.145227,POL,ISR,6592
1545304,179,110,1080,2012.0,0.0,4557.0,0.697799,2.122262,PRT,ISR,6592
1545305,181,110,1080,2012.0,793561.0,496464.0,0.14912899999999998,0.8572770000000001,PSE,ISR,6592
1545306,186,110,1080,2012.0,0.0,183665.0,-0.123649,-0.218926,RUS,ISR,6592
1545307,208,110,1080,2012.0,20478.0,0.0,1.721268,0.15675,SWE,ISR,6592
1545308,216,110,1080,2012.0,1903.0,0.0,1.015684,1.20697,THA,ISR,6592
1545309,224,110,1080,2012.0,397438.0,0.0,0.657573,1.969027,TUR,ISR,6592
1545310,231,110,1080,2012.0,52512.0,39821.0,1.51134,-0.637794,USA,ISR,6592
1545311,246,110,1080,2012.0,0.0,63507.0,0.06510099999999999,1.748521,ZAF,ISR,6592
1545312,1,111,1080,2012.0,29943.0,0.0,-0.666296,-0.7860689999999999,AFG,ITA,6592
1545313,2,111,1080,2012.0,0.0,9497.0,-1.610059,-1.1253739999999999,AGO,ITA,6592
1545314,4,111,1080,2012.0,4952.0,96615.0,-0.331512,-0.049776,ALB,ITA,6592
1545315,7,111,1080,2012.0,1195.0,171044.0,0.256232,-0.46518400000000004,ARE,ITA,6592
1545316,8,111,1080,2012.0,7079.0,0.0,-0.019015,0.548292,ARG,ITA,6592
1545317,9,111,1080,2012.0,0.0,9241.0,0.45677399999999996,-0.001422,ARM,ITA,6592
1545318,13,111,1080,2012.0,0.0,1560.0,0.891969,1.130457,ATG,ITA,6592
1545319,14,111,1080,2012.0,16305.0,58958.0,-0.537197,-0.22305300000000003,AUS,ITA,6592
1545320,15,111,1080,2012.0,107178.0,753286.0,1.710955,-0.8860399999999999,AUT,ITA,6592
1545321,16,111,1080,2012.0,5139.0,27688.0,-1.44287,-1.261817,AZE,ITA,6592
1545322,18,111,1080,2012.0,117242.0,195662.0,1.06425,1.369205,BEL,ITA,6592
1545323,23,111,1080,2012.0,0.0,20113.0,0.601161,1.594487,BGR,ITA,6592
1545324,24,111,1080,2012.0,0.0,16760.0,-0.01785,-0.780651,BHR,ITA,6592
1545325,26,111,1080,2012.0,0.0,7451.0,0.6672520000000001,1.16153,BIH,ITA,6592
1545326,28,111,1080,2012.0,0.0,5024.0,1.0976059999999999,0.861051,BLR,ITA,6592
1545327,32,111,1080,2012.0,45200.0,127618.0,0.340455,0.9006790000000001,BRA,ITA,6592
1545328,39,111,1080,2012.0,3212.0,69493.0,0.630575,1.28653,CAN,ITA,6592
1545329,41,111,1080,2012.0,21426.0,1185335.0,2.0265150000000003,0.6496689999999999,CHE,ITA,6592
1545330,43,111,1080,2012.0,864601.0,283132.0,1.2170590000000001,0.584412,CHN,ITA,6592
1545331,44,111,1080,2012.0,0.0,3889.0,-1.014737,-0.8629049999999999,CIV,ITA,6592
1545332,45,111,1080,2012.0,0.0,1029.0,-1.018794,-1.013026,CMR,ITA,6592
1545333,49,111,1080,2012.0,0.0,4363.0,0.034488,-0.340545,COL,ITA,6592
1545334,51,111,1080,2012.0,0.0,1541.0,-0.000833,-0.559762,CPV,ITA,6592
1545335,52,111,1080,2012.0,3513.0,0.0,0.24381799999999998,-0.560793,CRI,ITA,6592
1545336,54,111,1080,2012.0,0.0,19472.0,0.081568,-0.690941,CUB,ITA,6592
1545337,58,111,1080,2012.0,0.0,118383.0,0.621962,0.188051,CYP,ITA,6592
1545338,59,111,1080,2012.0,0.0,18850.0,1.7368299999999999,-0.651329,CZE,ITA,6592
1545339,61,111,1080,2012.0,3587775.0,1942348.0,1.977443,-3.692254,DEU,ITA,6592
1545340,64,111,1080,2012.0,92971.0,32252.0,1.159478,1.053761,DNK,ITA,6592
1545341,68,111,1080,2012.0,1083535.0,32983.0,-0.145791,1.470876,EGY,ITA,6592
1545342,71,111,1080,2012.0,318209.0,362218.0,0.925701,1.8700189999999999,ESP,ITA,6592
1545343,72,111,1080,2012.0,0.0,81958.0,0.8603,1.3146870000000002,EST,ITA,6592
1545344,73,111,1080,2012.0,0.0,1385.0,-0.9118729999999999,-0.8843,ETH,ITA,6592
1545345,74,111,1080,2012.0,26903.0,41240.0,1.5813700000000002,0.872251,FIN,ITA,6592
1545346,77,111,1080,2012.0,162376.0,1306774.0,1.414721,0.07219600000000001,FRA,ITA,6592
1545347,80,111,1080,2012.0,0.0,2590.0,-1.636201,-1.161638,GAB,ITA,6592
1545348,81,111,1080,2012.0,148745.0,1211130.0,1.544653,0.776512,GBR,ITA,6592
1545349,82,111,1080,2012.0,0.0,14223.0,-0.244691,-0.552666,GEO,ITA,6592
1545350,83,111,1080,2012.0,0.0,82084.0,-1.0541049999999998,-0.7275590000000001,GHA,ITA,6592
1545351,90,111,1080,2012.0,8950.0,249772.0,0.161352,1.273024,GRC,ITA,6592
1545352,92,111,1080,2012.0,0.0,1711.0,-0.790721,-0.882532,GRL,ITA,6592
1545353,97,111,1080,2012.0,41681.0,313938.0,0.788308,1.029625,HKG,ITA,6592
1545354,100,111,1080,2012.0,0.0,37760.0,0.881764,1.149456,HRV,ITA,6592
1545355,102,111,1080,2012.0,0.0,13660.0,1.61049,0.44614799999999993,HUN,ITA,6592
1545356,103,111,1080,2012.0,0.0,22274.0,0.045694,1.635448,IDN,ITA,6592
1545357,104,111,1080,2012.0,3055767.0,9025.0,0.24883200000000003,2.463711,IND,ITA,6592
1545358,106,111,1080,2012.0,0.0,18642.0,1.1761549999999998,0.279569,IRL,ITA,6592
1545359,107,111,1080,2012.0,5945032.0,604108.0,-1.06794,-0.993099,IRN,ITA,6592
1545360,109,111,1080,2012.0,0.0,4504.0,0.20266800000000001,-0.203262,ISL,ITA,6592
1545361,110,111,1080,2012.0,1630.0,31612.0,1.125254,0.736004,ISR,ITA,6592
1545362,113,111,1080,2012.0,0.0,11802.0,0.29205,0.638942,JOR,ITA,6592
1545363,114,111,1080,2012.0,2227.0,100845.0,2.325746,-0.8705649999999999,JPN,ITA,6592
1545364,115,111,1080,2012.0,0.0,241728.0,-0.447428,-0.42193,KAZ,ITA,6592
1545365,116,111,1080,2012.0,1410.0,0.0,-0.256144,0.21991599999999997,KEN,ITA,6592
1545366,121,111,1080,2012.0,0.0,42910.0,1.839479,0.8272799999999999,KOR,ITA,6592
1545367,122,111,1080,2012.0,0.0,107016.0,-1.130729,-1.083905,KWT,ITA,6592
1545368,123,111,1080,2012.0,7547.0,0.0,-0.874401,-0.737471,LAO,ITA,6592
1545369,124,111,1080,2012.0,0.0,84132.0,0.36778099999999997,1.3771010000000001,LBN,ITA,6592
1545370,126,111,1080,2012.0,0.0,13898.0,-2.778437,-1.15615,LBY,ITA,6592
1545371,130,111,1080,2012.0,0.0,37245.0,0.739945,1.217062,LTU,ITA,6592
1545372,131,111,1080,2012.0,0.0,19577.0,1.0163739999999999,1.178021,LUX,ITA,6592
1545373,132,111,1080,2012.0,0.0,35420.0,0.704565,1.000552,LVA,ITA,6592
1545374,133,111,1080,2012.0,0.0,4245.0,0.7714310000000001,0.727348,MAC,ITA,6592
1545375,134,111,1080,2012.0,98373.0,25671.0,-0.330598,0.037439,MAR,ITA,6592
1545376,135,111,1080,2012.0,0.0,9630.0,0.166439,0.555431,MDA,ITA,6592
1545377,137,111,1080,2012.0,0.0,3595.0,-0.12348699999999999,-0.7748430000000001,MDV,ITA,6592
1545378,138,111,1080,2012.0,0.0,137842.0,1.166986,0.662798,MEX,ITA,6592
1545379,140,111,1080,2012.0,1065.0,0.0,-0.08785599999999999,0.153128,MKD,ITA,6592
1545380,142,111,1080,2012.0,0.0,144605.0,0.775001,0.048663,MLT,ITA,6592
1545381,148,111,1080,2012.0,0.0,3320.0,-1.501575,-1.294704,MRT,ITA,6592
1545382,151,111,1080,2012.0,8016.0,0.0,-0.101344,0.22300100000000003,MUS,ITA,6592
1545383,153,111,1080,2012.0,0.0,12325.0,0.93739,0.726329,MYS,ITA,6592
1545384,159,111,1080,2012.0,0.0,200899.0,-1.616498,-1.174816,NGA,ITA,6592
1545385,162,111,1080,2012.0,90660.0,286497.0,0.961975,1.517883,NLD,ITA,6592
1545386,163,111,1080,2012.0,0.0,19475.0,0.5462670000000001,-0.042712,NOR,ITA,6592
1545387,164,111,1080,2012.0,1362244.0,0.0,0.023836000000000003,0.702753,NPL,ITA,6592
1545388,166,111,1080,2012.0,0.0,44616.0,0.21502399999999997,0.746456,NZL,ITA,6592
1545389,167,111,1080,2012.0,0.0,11196.0,-0.782802,-1.065774,OMN,ITA,6592
1545390,168,111,1080,2012.0,4773764.0,150595.0,-0.600346,0.474208,PAK,ITA,6592
1545391,169,111,1080,2012.0,0.0,6837.0,1.001878,1.18554,PAN,ITA,6592
1545392,173,111,1080,2012.0,10365.0,1249.0,-0.47011499999999995,0.340251,PER,ITA,6592
1545393,174,111,1080,2012.0,5793.0,7909.0,0.44656,0.55585,PHL,ITA,6592
1545394,177,111,1080,2012.0,0.0,165372.0,1.039598,1.145227,POL,ITA,6592
1545395,179,111,1080,2012.0,1497421.0,212838.0,0.697799,2.122262,PRT,ITA,6592
1545396,180,111,1080,2012.0,0.0,120715.0,-0.49996,-0.6966399999999999,PRY,ITA,6592
1545397,183,111,1080,2012.0,0.0,71686.0,-0.6436029999999999,-0.990323,QAT,ITA,6592
1545398,185,111,1080,2012.0,2339.0,154060.0,0.952936,1.227809,ROU,ITA,6592
1545399,186,111,1080,2012.0,133759.0,1305193.0,-0.123649,-0.218926,RUS,ITA,6592
1545400,188,111,1080,2012.0,0.0,186801.0,-0.621115,-0.975865,SAU,ITA,6592
1545401,191,111,1080,2012.0,0.0,3266.0,-0.379797,0.020130000000000002,SEN,ITA,6592
1545402,192,111,1080,2012.0,0.0,31370.0,1.762134,0.583393,SGP,ITA,6592
1545403,201,111,1080,2012.0,19570.0,9553.0,0.696674,1.544065,SRB,ITA,6592
1545404,206,111,1080,2012.0,1095314.0,36909.0,1.3586200000000002,0.805751,SVK,ITA,6592
1545405,207,111,1080,2012.0,5495.0,18706.0,1.4933049999999999,0.58207,SVN,ITA,6592
1545406,208,111,1080,2012.0,189997.0,136042.0,1.721268,0.15675,SWE,ITA,6592
1545407,211,111,1080,2012.0,0.0,9874.0,-0.408819,-0.753598,SYC,ITA,6592
1545408,216,111,1080,2012.0,43774.0,5026.0,1.015684,1.20697,THA,ITA,6592
1545409,219,111,1080,2012.0,2679.0,0.0,-1.406457,-1.2194200000000002,TKM,ITA,6592
1545410,223,111,1080,2012.0,48673.0,32450.0,0.509432,0.8157810000000001,TUN,ITA,6592
1545411,224,111,1080,2012.0,3255088.0,318499.0,0.657573,1.969027,TUR,ITA,6592
1545412,226,111,1080,2012.0,0.0,75656.0,-0.490001,1.149681,TZA,ITA,6592
1545413,228,111,1080,2012.0,0.0,384171.0,0.533547,1.159378,UKR,ITA,6592
1545414,230,111,1080,2012.0,0.0,121760.0,0.013581000000000001,0.047302,URY,ITA,6592
1545415,231,111,1080,2012.0,356145.0,833421.0,1.51134,-0.637794,USA,ITA,6592
1545416,236,111,1080,2012.0,0.0,36257.0,-1.6796689999999999,-1.168002,VEN,ITA,6592
1545417,246,111,1080,2012.0,0.0,16478.0,0.06510099999999999,1.748521,ZAF,ITA,6592
1545418,249,111,1080,2012.0,0.0,48356.0,1.671686,0.9854729999999999,TWN,ITA,6592
1545419,13,112,1080,2012.0,0.0,1453.0,0.891969,1.130457,ATG,JAM,6592
1545420,43,112,1080,2012.0,43157.0,0.0,1.2170590000000001,0.584412,CHN,JAM,6592
1545421,68,112,1080,2012.0,56626.0,0.0,-0.145791,1.470876,EGY,JAM,6592
1545422,106,112,1080,2012.0,3979.0,0.0,1.1761549999999998,0.279569,IRL,JAM,6592
1545423,114,112,1080,2012.0,1528.0,0.0,2.325746,-0.8705649999999999,JPN,JAM,6592
1545424,169,112,1080,2012.0,4162.0,0.0,1.001878,1.18554,PAN,JAM,6592
1545425,231,112,1080,2012.0,39119.0,0.0,1.51134,-0.637794,USA,JAM,6592
1545426,7,113,1080,2012.0,186201.0,0.0,0.256232,-0.46518400000000004,ARE,JOR,6592
1545427,14,113,1080,2012.0,0.0,1516.0,-0.537197,-0.22305300000000003,AUS,JOR,6592
1545428,41,113,1080,2012.0,0.0,4949.0,2.0265150000000003,0.6496689999999999,CHE,JOR,6592
1545429,43,113,1080,2012.0,32639.0,0.0,1.2170590000000001,0.584412,CHN,JOR,6592
1545430,61,113,1080,2012.0,1935.0,0.0,1.977443,-3.692254,DEU,JOR,6592
1545431,68,113,1080,2012.0,1316346.0,0.0,-0.145791,1.470876,EGY,JOR,6592
1545432,81,113,1080,2012.0,272032.0,5437.0,1.544653,0.776512,GBR,JOR,6592
1545433,104,113,1080,2012.0,51097.0,0.0,0.24883200000000003,2.463711,IND,JOR,6592
1545434,107,113,1080,2012.0,44802.0,0.0,-1.06794,-0.993099,IRN,JOR,6592
1545435,108,113,1080,2012.0,60874.0,0.0,-3.076964,-0.852475,IRQ,JOR,6592
1545436,110,113,1080,2012.0,0.0,4172.0,1.125254,0.736004,ISR,JOR,6592
1545437,111,113,1080,2012.0,11802.0,0.0,1.396626,-0.43950500000000003,ITA,JOR,6592
1545438,121,113,1080,2012.0,1719.0,0.0,1.839479,0.8272799999999999,KOR,JOR,6592
1545439,124,113,1080,2012.0,15551.0,0.0,0.36778099999999997,1.3771010000000001,LBN,JOR,6592
1545440,134,113,1080,2012.0,1863.0,0.0,-0.330598,0.037439,MAR,JOR,6592
1545441,166,113,1080,2012.0,0.0,1570.0,0.21502399999999997,0.746456,NZL,JOR,6592
1545442,168,113,1080,2012.0,2506.0,0.0,-0.600346,0.474208,PAK,JOR,6592
1545443,181,113,1080,2012.0,0.0,46158.0,0.14912899999999998,0.8572770000000001,PSE,JOR,6592
1545444,188,113,1080,2012.0,14182.0,0.0,-0.621115,-0.975865,SAU,JOR,6592
1545445,208,113,1080,2012.0,1233.0,0.0,1.721268,0.15675,SWE,JOR,6592
1545446,224,113,1080,2012.0,26838.0,0.0,0.657573,1.969027,TUR,JOR,6592
1545447,231,113,1080,2012.0,22811.0,14252.0,1.51134,-0.637794,USA,JOR,6592
1545448,1,114,1080,2012.0,60839.0,0.0,-0.666296,-0.7860689999999999,AFG,JPN,6592
1545449,2,114,1080,2012.0,0.0,1111.0,-1.610059,-1.1253739999999999,AGO,JPN,6592
1545450,7,114,1080,2012.0,74774.0,6382.0,0.256232,-0.46518400000000004,ARE,JPN,6592
1545451,14,114,1080,2012.0,41413.0,0.0,-0.537197,-0.22305300000000003,AUS,JPN,6592
1545452,18,114,1080,2012.0,6918.0,0.0,1.06425,1.369205,BEL,JPN,6592
1545453,22,114,1080,2012.0,23554.0,0.0,-0.62037,-0.6858350000000001,BGD,JPN,6592
1545454,24,114,1080,2012.0,2352.0,0.0,-0.01785,-0.780651,BHR,JPN,6592
1545455,25,114,1080,2012.0,0.0,1917.0,0.37130799999999997,-0.526134,BHS,JPN,6592
1545456,32,114,1080,2012.0,0.0,1185.0,0.340455,0.9006790000000001,BRA,JPN,6592
1545457,39,114,1080,2012.0,15809.0,8636.0,0.630575,1.28653,CAN,JPN,6592
1545458,43,114,1080,2012.0,11022192.0,78779.0,1.2170590000000001,0.584412,CHN,JPN,6592
1545459,61,114,1080,2012.0,1308866.0,0.0,1.977443,-3.692254,DEU,JPN,6592
1545460,64,114,1080,2012.0,2925.0,0.0,1.159478,1.053761,DNK,JPN,6592
1545461,68,114,1080,2012.0,4628800.0,0.0,-0.145791,1.470876,EGY,JPN,6592
1545462,71,114,1080,2012.0,11590.0,0.0,0.925701,1.8700189999999999,ESP,JPN,6592
1545463,77,114,1080,2012.0,43311.0,3969.0,1.414721,0.07219600000000001,FRA,JPN,6592
1545464,81,114,1080,2012.0,53844.0,0.0,1.544653,0.776512,GBR,JPN,6592
1545465,97,114,1080,2012.0,232882.0,0.0,0.788308,1.029625,HKG,JPN,6592
1545466,104,114,1080,2012.0,2275938.0,16064.0,0.24883200000000003,2.463711,IND,JPN,6592
1545467,106,114,1080,2012.0,2634.0,0.0,1.1761549999999998,0.279569,IRL,JPN,6592
1545468,107,114,1080,2012.0,25917976.0,42920.0,-1.06794,-0.993099,IRN,JPN,6592
1545469,111,114,1080,2012.0,100845.0,2227.0,1.396626,-0.43950500000000003,ITA,JPN,6592
1545470,112,114,1080,2012.0,0.0,1528.0,-0.307289,-0.738736,JAM,JPN,6592
1545471,118,114,1080,2012.0,4116.0,0.0,-0.6328739999999999,-0.9080030000000001,KHM,JPN,6592
1545472,121,114,1080,2012.0,8721.0,33243.0,1.839479,0.8272799999999999,KOR,JPN,6592
1545473,128,114,1080,2012.0,0.0,2898.0,-0.24579299999999998,0.518273,LKA,JPN,6592
1545474,134,114,1080,2012.0,10645.0,0.0,-0.330598,0.037439,MAR,JPN,6592
1545475,153,114,1080,2012.0,9989.0,3547.0,0.93739,0.726329,MYS,JPN,6592
1545476,162,114,1080,2012.0,17962.0,0.0,0.961975,1.517883,NLD,JPN,6592
1545477,164,114,1080,2012.0,477283.0,0.0,0.023836000000000003,0.702753,NPL,JPN,6592
1545478,168,114,1080,2012.0,4638266.0,0.0,-0.600346,0.474208,PAK,JPN,6592
1545479,174,114,1080,2012.0,1735.0,1259.0,0.44656,0.55585,PHL,JPN,6592
1545480,186,114,1080,2012.0,0.0,41259.0,-0.123649,-0.218926,RUS,JPN,6592
1545481,188,114,1080,2012.0,0.0,32280.0,-0.621115,-0.975865,SAU,JPN,6592
1545482,192,114,1080,2012.0,48299.0,20871.0,1.762134,0.583393,SGP,JPN,6592
1545483,208,114,1080,2012.0,388915.0,23363.0,1.721268,0.15675,SWE,JPN,6592
1545484,216,114,1080,2012.0,351492.0,3067.0,1.015684,1.20697,THA,JPN,6592
1545485,223,114,1080,2012.0,11921.0,0.0,0.509432,0.8157810000000001,TUN,JPN,6592
1545486,224,114,1080,2012.0,17368690.0,122656.0,0.657573,1.969027,TUR,JPN,6592
1545487,231,114,1080,2012.0,79298.0,5915.0,1.51134,-0.637794,USA,JPN,6592
1545488,236,114,1080,2012.0,0.0,1008.0,-1.6796689999999999,-1.168002,VEN,JPN,6592
1545489,239,114,1080,2012.0,0.0,313403.0,0.0755,1.008183,VNM,JPN,6592
1545490,249,114,1080,2012.0,0.0,38394.0,1.671686,0.9854729999999999,TWN,JPN,6592
1545491,7,121,1080,2012.0,0.0,9582.0,0.256232,-0.46518400000000004,ARE,KOR,6592
1545492,14,121,1080,2012.0,0.0,17502.0,-0.537197,-0.22305300000000003,AUS,KOR,6592
1545493,18,121,1080,2012.0,7643.0,0.0,1.06425,1.369205,BEL,KOR,6592
1545494,39,121,1080,2012.0,3900.0,0.0,0.630575,1.28653,CAN,KOR,6592
1545495,43,121,1080,2012.0,101475.0,123970.0,1.2170590000000001,0.584412,CHN,KOR,6592
1545496,61,121,1080,2012.0,120224.0,0.0,1.977443,-3.692254,DEU,KOR,6592
1545497,64,121,1080,2012.0,0.0,2032.0,1.159478,1.053761,DNK,KOR,6592
1545498,66,121,1080,2012.0,3339.0,0.0,-1.745941,-1.149894,DZA,KOR,6592
1545499,68,121,1080,2012.0,4202.0,0.0,-0.145791,1.470876,EGY,KOR,6592
1545500,71,121,1080,2012.0,1309.0,0.0,0.925701,1.8700189999999999,ESP,KOR,6592
1545501,74,121,1080,2012.0,1073.0,0.0,1.5813700000000002,0.872251,FIN,KOR,6592
1545502,77,121,1080,2012.0,173328.0,0.0,1.414721,0.07219600000000001,FRA,KOR,6592
1545503,81,121,1080,2012.0,5791.0,0.0,1.544653,0.776512,GBR,KOR,6592
1545504,83,121,1080,2012.0,0.0,2110.0,-1.0541049999999998,-0.7275590000000001,GHA,KOR,6592
1545505,93,121,1080,2012.0,0.0,19076.0,-0.15801400000000002,0.5786640000000001,GTM,KOR,6592
1545506,97,121,1080,2012.0,1850.0,0.0,0.788308,1.029625,HKG,KOR,6592
1545507,104,121,1080,2012.0,74748.0,0.0,0.24883200000000003,2.463711,IND,KOR,6592
1545508,107,121,1080,2012.0,1785.0,0.0,-1.06794,-0.993099,IRN,KOR,6592
1545509,111,121,1080,2012.0,42910.0,0.0,1.396626,-0.43950500000000003,ITA,KOR,6592
1545510,113,121,1080,2012.0,0.0,1719.0,0.29205,0.638942,JOR,KOR,6592
1545511,114,121,1080,2012.0,33243.0,8721.0,2.325746,-0.8705649999999999,JPN,KOR,6592
1545512,124,121,1080,2012.0,0.0,1309.0,0.36778099999999997,1.3771010000000001,LBN,KOR,6592
1545513,138,121,1080,2012.0,0.0,5165.0,1.166986,0.662798,MEX,KOR,6592
1545514,153,121,1080,2012.0,0.0,1745.0,0.93739,0.726329,MYS,KOR,6592
1545515,164,121,1080,2012.0,139300.0,0.0,0.023836000000000003,0.702753,NPL,KOR,6592
1545516,166,121,1080,2012.0,1755.0,0.0,0.21502399999999997,0.746456,NZL,KOR,6592
1545517,168,121,1080,2012.0,20363.0,3713.0,-0.600346,0.474208,PAK,KOR,6592
1545518,169,121,1080,2012.0,0.0,56409.0,1.001878,1.18554,PAN,KOR,6592
1545519,177,121,1080,2012.0,3551.0,0.0,1.039598,1.145227,POL,KOR,6592
1545520,179,121,1080,2012.0,28788.0,0.0,0.697799,2.122262,PRT,KOR,6592
1545521,188,121,1080,2012.0,0.0,70188.0,-0.621115,-0.975865,SAU,KOR,6592
1545522,192,121,1080,2012.0,4505.0,34970.0,1.762134,0.583393,SGP,KOR,6592
1545523,208,121,1080,2012.0,31337.0,0.0,1.721268,0.15675,SWE,KOR,6592
1545524,216,121,1080,2012.0,4721.0,0.0,1.015684,1.20697,THA,KOR,6592
1545525,224,121,1080,2012.0,15826.0,0.0,0.657573,1.969027,TUR,KOR,6592
1545526,231,121,1080,2012.0,69650.0,3746.0,1.51134,-0.637794,USA,KOR,6592
1545527,239,121,1080,2012.0,22934.0,101258.0,0.0755,1.008183,VNM,KOR,6592
1545528,14,138,1080,2012.0,0.0,2188.0,-0.537197,-0.22305300000000003,AUS,MEX,6592
1545529,18,138,1080,2012.0,4583.0,0.0,1.06425,1.369205,BEL,MEX,6592
1545530,32,138,1080,2012.0,1115.0,9216.0,0.340455,0.9006790000000001,BRA,MEX,6592
1545531,39,138,1080,2012.0,2444.0,0.0,0.630575,1.28653,CAN,MEX,6592
1545532,41,138,1080,2012.0,0.0,2125.0,2.0265150000000003,0.6496689999999999,CHE,MEX,6592
1545533,43,138,1080,2012.0,7812.0,0.0,1.2170590000000001,0.584412,CHN,MEX,6592
1545534,49,138,1080,2012.0,0.0,3174.0,0.034488,-0.340545,COL,MEX,6592
1545535,52,138,1080,2012.0,0.0,3226.0,0.24381799999999998,-0.560793,CRI,MEX,6592
1545536,61,138,1080,2012.0,4383.0,0.0,1.977443,-3.692254,DEU,MEX,6592
1545537,68,138,1080,2012.0,349641.0,0.0,-0.145791,1.470876,EGY,MEX,6592
1545538,71,138,1080,2012.0,20299.0,0.0,0.925701,1.8700189999999999,ESP,MEX,6592
1545539,77,138,1080,2012.0,33138.0,0.0,1.414721,0.07219600000000001,FRA,MEX,6592
1545540,81,138,1080,2012.0,1403.0,0.0,1.544653,0.776512,GBR,MEX,6592
1545541,104,138,1080,2012.0,360999.0,0.0,0.24883200000000003,2.463711,IND,MEX,6592
1545542,107,138,1080,2012.0,8599.0,0.0,-1.06794,-0.993099,IRN,MEX,6592
1545543,111,138,1080,2012.0,137842.0,0.0,1.396626,-0.43950500000000003,ITA,MEX,6592
1545544,121,138,1080,2012.0,5165.0,0.0,1.839479,0.8272799999999999,KOR,MEX,6592
1545545,124,138,1080,2012.0,8444.0,0.0,0.36778099999999997,1.3771010000000001,LBN,MEX,6592
1545546,127,138,1080,2012.0,0.0,1065.0,0.714758,-0.034339,LCA,MEX,6592
1545547,134,138,1080,2012.0,3812.0,0.0,-0.330598,0.037439,MAR,MEX,6592
1545548,162,138,1080,2012.0,10387.0,0.0,0.961975,1.517883,NLD,MEX,6592
1545549,164,138,1080,2012.0,122792.0,0.0,0.023836000000000003,0.702753,NPL,MEX,6592
1545550,168,138,1080,2012.0,371342.0,0.0,-0.600346,0.474208,PAK,MEX,6592
1545551,174,138,1080,2012.0,0.0,7439.0,0.44656,0.55585,PHL,MEX,6592
1545552,179,138,1080,2012.0,1631.0,0.0,0.697799,2.122262,PRT,MEX,6592
1545553,224,138,1080,2012.0,333119.0,0.0,0.657573,1.969027,TUR,MEX,6592
1545554,231,138,1080,2012.0,582616.0,321491.0,1.51134,-0.637794,USA,MEX,6592
1545555,243,138,1080,2012.0,0.0,14422.0,-1.180884,-1.22621,YEM,MEX,6592
1545556,7,153,1080,2012.0,9803.0,3460.0,0.256232,-0.46518400000000004,ARE,MYS,6592
1545557,14,153,1080,2012.0,11314.0,267661.0,-0.537197,-0.22305300000000003,AUS,MYS,6592
1545558,18,153,1080,2012.0,22157.0,0.0,1.06425,1.369205,BEL,MYS,6592
1545559,22,153,1080,2012.0,0.0,4953.0,-0.62037,-0.6858350000000001,BGD,MYS,6592
1545560,24,153,1080,2012.0,0.0,16183.0,-0.01785,-0.780651,BHR,MYS,6592
1545561,34,153,1080,2012.0,5153.0,214790.0,-2.9686049999999997,-0.8427290000000001,BRN,MYS,6592
1545562,41,153,1080,2012.0,221459.0,0.0,2.0265150000000003,0.6496689999999999,CHE,MYS,6592
1545563,43,153,1080,2012.0,2422039.0,0.0,1.2170590000000001,0.584412,CHN,MYS,6592
1545564,61,153,1080,2012.0,21058.0,0.0,1.977443,-3.692254,DEU,MYS,6592
1545565,64,153,1080,2012.0,0.0,15785.0,1.159478,1.053761,DNK,MYS,6592
1545566,68,153,1080,2012.0,866473.0,0.0,-0.145791,1.470876,EGY,MYS,6592
1545567,75,153,1080,2012.0,0.0,14369.0,-0.332623,0.020258,FJI,MYS,6592
1545568,77,153,1080,2012.0,3733.0,3745.0,1.414721,0.07219600000000001,FRA,MYS,6592
1545569,81,153,1080,2012.0,43919.0,0.0,1.544653,0.776512,GBR,MYS,6592
1545570,97,153,1080,2012.0,9691.0,7081.0,0.788308,1.029625,HKG,MYS,6592
1545571,103,153,1080,2012.0,41939.0,67410.0,0.045694,1.635448,IDN,MYS,6592
1545572,104,153,1080,2012.0,1665461.0,0.0,0.24883200000000003,2.463711,IND,MYS,6592
1545573,107,153,1080,2012.0,60878.0,0.0,-1.06794,-0.993099,IRN,MYS,6592
1545574,111,153,1080,2012.0,12325.0,0.0,1.396626,-0.43950500000000003,ITA,MYS,6592
1545575,114,153,1080,2012.0,3547.0,9989.0,2.325746,-0.8705649999999999,JPN,MYS,6592
1545576,121,153,1080,2012.0,1745.0,0.0,1.839479,0.8272799999999999,KOR,MYS,6592
1545577,123,153,1080,2012.0,0.0,1609.0,-0.874401,-0.737471,LAO,MYS,6592
1545578,128,153,1080,2012.0,0.0,46046.0,-0.24579299999999998,0.518273,LKA,MYS,6592
1545579,134,153,1080,2012.0,2071.0,0.0,-0.330598,0.037439,MAR,MYS,6592
1545580,137,153,1080,2012.0,0.0,55774.0,-0.12348699999999999,-0.7748430000000001,MDV,MYS,6592
1545581,162,153,1080,2012.0,12761.0,0.0,0.961975,1.517883,NLD,MYS,6592
1545582,164,153,1080,2012.0,71107.0,0.0,0.023836000000000003,0.702753,NPL,MYS,6592
1545583,166,153,1080,2012.0,0.0,10752.0,0.21502399999999997,0.746456,NZL,MYS,6592
1545584,168,153,1080,2012.0,199050.0,0.0,-0.600346,0.474208,PAK,MYS,6592
1545585,174,153,1080,2012.0,0.0,12165.0,0.44656,0.55585,PHL,MYS,6592
1545586,176,153,1080,2012.0,0.0,224411.0,-1.0462200000000001,-1.022037,PNG,MYS,6592
1545587,188,153,1080,2012.0,0.0,2574.0,-0.621115,-0.975865,SAU,MYS,6592
1545588,192,153,1080,2012.0,104090.0,90831.0,1.762134,0.583393,SGP,MYS,6592
1545589,208,153,1080,2012.0,8799.0,12577.0,1.721268,0.15675,SWE,MYS,6592
1545590,216,153,1080,2012.0,1014385.0,0.0,1.015684,1.20697,THA,MYS,6592
1545591,224,153,1080,2012.0,320927.0,0.0,0.657573,1.969027,TUR,MYS,6592
1545592,231,153,1080,2012.0,84942.0,5513.0,1.51134,-0.637794,USA,MYS,6592
1545593,239,153,1080,2012.0,24600.0,22600.0,0.0755,1.008183,VNM,MYS,6592
1545594,246,153,1080,2012.0,0.0,1253.0,0.06510099999999999,1.748521,ZAF,MYS,6592
1545595,18,160,1080,2012.0,1913.0,0.0,1.06425,1.369205,BEL,NIC,6592
1545596,43,160,1080,2012.0,27532.0,0.0,1.2170590000000001,0.584412,CHN,NIC,6592
1545597,52,160,1080,2012.0,2895.0,0.0,0.24381799999999998,-0.560793,CRI,NIC,6592
1545598,104,160,1080,2012.0,2241.0,0.0,0.24883200000000003,2.463711,IND,NIC,6592
1545599,231,160,1080,2012.0,5547.0,0.0,1.51134,-0.637794,USA,NIC,6592
1545600,1,162,1080,2012.0,6407.0,0.0,-0.666296,-0.7860689999999999,AFG,NLD,6592
1545601,2,162,1080,2012.0,0.0,78088.0,-1.610059,-1.1253739999999999,AGO,NLD,6592
1545602,4,162,1080,2012.0,0.0,4700.0,-0.331512,-0.049776,ALB,NLD,6592
1545603,7,162,1080,2012.0,5312.0,23743.0,0.256232,-0.46518400000000004,ARE,NLD,6592
1545604,14,162,1080,2012.0,0.0,79009.0,-0.537197,-0.22305300000000003,AUS,NLD,6592
1545605,15,162,1080,2012.0,5244.0,47275.0,1.710955,-0.8860399999999999,AUT,NLD,6592
1545606,18,162,1080,2012.0,417154.0,193170.0,1.06425,1.369205,BEL,NLD,6592
1545607,22,162,1080,2012.0,50321.0,0.0,-0.62037,-0.6858350000000001,BGD,NLD,6592
1545608,23,162,1080,2012.0,0.0,7960.0,0.601161,1.594487,BGR,NLD,6592
1545609,24,162,1080,2012.0,0.0,11752.0,-0.01785,-0.780651,BHR,NLD,6592
1545610,25,162,1080,2012.0,0.0,1239713.0,0.37130799999999997,-0.526134,BHS,NLD,6592
1545611,32,162,1080,2012.0,0.0,43565.0,0.340455,0.9006790000000001,BRA,NLD,6592
1545612,39,162,1080,2012.0,0.0,61646.0,0.630575,1.28653,CAN,NLD,6592
1545613,41,162,1080,2012.0,0.0,129225.0,2.0265150000000003,0.6496689999999999,CHE,NLD,6592
1545614,43,162,1080,2012.0,1340535.0,2882.0,1.2170590000000001,0.584412,CHN,NLD,6592
1545615,55,162,1080,2012.0,0.0,37016.0,0.003982,-0.685596,CUW,NLD,6592
1545616,59,162,1080,2012.0,0.0,68091.0,1.7368299999999999,-0.651329,CZE,NLD,6592
1545617,61,162,1080,2012.0,1544466.0,470674.0,1.977443,-3.692254,DEU,NLD,6592
1545618,64,162,1080,2012.0,88899.0,18070.0,1.159478,1.053761,DNK,NLD,6592
1545619,68,162,1080,2012.0,7938037.0,2582.0,-0.145791,1.470876,EGY,NLD,6592
1545620,71,162,1080,2012.0,13963.0,61370.0,0.925701,1.8700189999999999,ESP,NLD,6592
1545621,72,162,1080,2012.0,0.0,2672.0,0.8603,1.3146870000000002,EST,NLD,6592
1545622,73,162,1080,2012.0,1642.0,0.0,-0.9118729999999999,-0.8843,ETH,NLD,6592
1545623,74,162,1080,2012.0,0.0,112346.0,1.5813700000000002,0.872251,FIN,NLD,6592
1545624,77,162,1080,2012.0,102787.0,263646.0,1.414721,0.07219600000000001,FRA,NLD,6592
1545625,81,162,1080,2012.0,146845.0,640894.0,1.544653,0.776512,GBR,NLD,6592
1545626,82,162,1080,2012.0,0.0,11472.0,-0.244691,-0.552666,GEO,NLD,6592
1545627,83,162,1080,2012.0,0.0,12549.0,-1.0541049999999998,-0.7275590000000001,GHA,NLD,6592
1545628,90,162,1080,2012.0,0.0,73065.0,0.161352,1.273024,GRC,NLD,6592
1545629,93,162,1080,2012.0,0.0,2269.0,-0.15801400000000002,0.5786640000000001,GTM,NLD,6592
1545630,97,162,1080,2012.0,0.0,2433.0,0.788308,1.029625,HKG,NLD,6592
1545631,100,162,1080,2012.0,0.0,1358.0,0.881764,1.149456,HRV,NLD,6592
1545632,102,162,1080,2012.0,0.0,1111.0,1.61049,0.44614799999999993,HUN,NLD,6592
1545633,104,162,1080,2012.0,2995328.0,0.0,0.24883200000000003,2.463711,IND,NLD,6592
1545634,106,162,1080,2012.0,0.0,1543.0,1.1761549999999998,0.279569,IRL,NLD,6592
1545635,107,162,1080,2012.0,529868.0,3600.0,-1.06794,-0.993099,IRN,NLD,6592
1545636,108,162,1080,2012.0,0.0,9638.0,-3.076964,-0.852475,IRQ,NLD,6592
1545637,109,162,1080,2012.0,0.0,1357.0,0.20266800000000001,-0.203262,ISL,NLD,6592
1545638,110,162,1080,2012.0,31285.0,5960.0,1.125254,0.736004,ISR,NLD,6592
1545639,111,162,1080,2012.0,286497.0,90660.0,1.396626,-0.43950500000000003,ITA,NLD,6592
1545640,114,162,1080,2012.0,0.0,17962.0,2.325746,-0.8705649999999999,JPN,NLD,6592
1545641,124,162,1080,2012.0,0.0,3828.0,0.36778099999999997,1.3771010000000001,LBN,NLD,6592
1545642,130,162,1080,2012.0,0.0,5764.0,0.739945,1.217062,LTU,NLD,6592
1545643,131,162,1080,2012.0,0.0,29055.0,1.0163739999999999,1.178021,LUX,NLD,6592
1545644,132,162,1080,2012.0,0.0,3642.0,0.704565,1.000552,LVA,NLD,6592
1545645,133,162,1080,2012.0,0.0,17005.0,0.7714310000000001,0.727348,MAC,NLD,6592
1545646,134,162,1080,2012.0,366051.0,36269.0,-0.330598,0.037439,MAR,NLD,6592
1545647,137,162,1080,2012.0,0.0,3809.0,-0.12348699999999999,-0.7748430000000001,MDV,NLD,6592
1545648,138,162,1080,2012.0,0.0,10387.0,1.166986,0.662798,MEX,NLD,6592
1545649,142,162,1080,2012.0,0.0,1157.0,0.775001,0.048663,MLT,NLD,6592
1545650,147,162,1080,2012.0,0.0,2140.0,-1.274567,-1.045444,MOZ,NLD,6592
1545651,151,162,1080,2012.0,5812.0,0.0,-0.101344,0.22300100000000003,MUS,NLD,6592
1545652,153,162,1080,2012.0,0.0,12761.0,0.93739,0.726329,MYS,NLD,6592
1545653,159,162,1080,2012.0,0.0,28400.0,-1.616498,-1.174816,NGA,NLD,6592
1545654,163,162,1080,2012.0,1364.0,41782.0,0.5462670000000001,-0.042712,NOR,NLD,6592
1545655,164,162,1080,2012.0,930732.0,0.0,0.023836000000000003,0.702753,NPL,NLD,6592
1545656,168,162,1080,2012.0,574517.0,39490.0,-0.600346,0.474208,PAK,NLD,6592
1545657,173,162,1080,2012.0,0.0,24575.0,-0.47011499999999995,0.340251,PER,NLD,6592
1545658,177,162,1080,2012.0,0.0,140757.0,1.039598,1.145227,POL,NLD,6592
1545659,179,162,1080,2012.0,0.0,149194.0,0.697799,2.122262,PRT,NLD,6592
1545660,185,162,1080,2012.0,0.0,3248.0,0.952936,1.227809,ROU,NLD,6592
1545661,186,162,1080,2012.0,2760.0,23030.0,-0.123649,-0.218926,RUS,NLD,6592
1545662,188,162,1080,2012.0,0.0,4291.0,-0.621115,-0.975865,SAU,NLD,6592
1545663,192,162,1080,2012.0,2981.0,113225.0,1.762134,0.583393,SGP,NLD,6592
1545664,201,162,1080,2012.0,6508.0,4365.0,0.696674,1.544065,SRB,NLD,6592
1545665,205,162,1080,2012.0,0.0,6427.0,-0.47594899999999996,-0.966457,SUR,NLD,6592
1545666,206,162,1080,2012.0,0.0,29904.0,1.3586200000000002,0.805751,SVK,NLD,6592
1545667,208,162,1080,2012.0,43845.0,15698.0,1.721268,0.15675,SWE,NLD,6592
1545668,216,162,1080,2012.0,2340.0,7991.0,1.015684,1.20697,THA,NLD,6592
1545669,223,162,1080,2012.0,2533.0,0.0,0.509432,0.8157810000000001,TUN,NLD,6592
1545670,224,162,1080,2012.0,1747628.0,40573.0,0.657573,1.969027,TUR,NLD,6592
1545671,228,162,1080,2012.0,0.0,9437.0,0.533547,1.159378,UKR,NLD,6592
1545672,230,162,1080,2012.0,2404.0,0.0,0.013581000000000001,0.047302,URY,NLD,6592
1545673,231,162,1080,2012.0,312328.0,302932.0,1.51134,-0.637794,USA,NLD,6592
1545674,236,162,1080,2012.0,0.0,11856.0,-1.6796689999999999,-1.168002,VEN,NLD,6592
1545675,246,162,1080,2012.0,0.0,8715.0,0.06510099999999999,1.748521,ZAF,NLD,6592
1545676,1,166,1080,2012.0,10375.0,0.0,-0.666296,-0.7860689999999999,AFG,NZL,6592
1545677,7,166,1080,2012.0,24349.0,12180.0,0.256232,-0.46518400000000004,ARE,NZL,6592
1545678,14,166,1080,2012.0,336805.0,205876.0,-0.537197,-0.22305300000000003,AUS,NZL,6592
1545679,18,166,1080,2012.0,85542.0,0.0,1.06425,1.369205,BEL,NZL,6592
1545680,39,166,1080,2012.0,0.0,159663.0,0.630575,1.28653,CAN,NZL,6592
1545681,43,166,1080,2012.0,80199.0,0.0,1.2170590000000001,0.584412,CHN,NZL,6592
1545682,57,166,1080,2012.0,0.0,17197.0,0.591658,-0.636717,CYM,NZL,6592
1545683,59,166,1080,2012.0,0.0,1789.0,1.7368299999999999,-0.651329,CZE,NZL,6592
1545684,61,166,1080,2012.0,7862.0,0.0,1.977443,-3.692254,DEU,NZL,6592
1545685,68,166,1080,2012.0,137544.0,0.0,-0.145791,1.470876,EGY,NZL,6592
1545686,75,166,1080,2012.0,0.0,22884.0,-0.332623,0.020258,FJI,NZL,6592
1545687,77,166,1080,2012.0,4910.0,0.0,1.414721,0.07219600000000001,FRA,NZL,6592
1545688,81,166,1080,2012.0,4806.0,9823.0,1.544653,0.776512,GBR,NZL,6592
1545689,90,166,1080,2012.0,3249.0,0.0,0.161352,1.273024,GRC,NZL,6592
1545690,97,166,1080,2012.0,0.0,153864.0,0.788308,1.029625,HKG,NZL,6592
1545691,103,166,1080,2012.0,5184.0,0.0,0.045694,1.635448,IDN,NZL,6592
1545692,104,166,1080,2012.0,341706.0,0.0,0.24883200000000003,2.463711,IND,NZL,6592
1545693,106,166,1080,2012.0,2948.0,3767.0,1.1761549999999998,0.279569,IRL,NZL,6592
1545694,107,166,1080,2012.0,213744.0,0.0,-1.06794,-0.993099,IRN,NZL,6592
1545695,111,166,1080,2012.0,44616.0,0.0,1.396626,-0.43950500000000003,ITA,NZL,6592
1545696,113,166,1080,2012.0,1570.0,0.0,0.29205,0.638942,JOR,NZL,6592
1545697,121,166,1080,2012.0,0.0,1755.0,1.839479,0.8272799999999999,KOR,NZL,6592
1545698,134,166,1080,2012.0,15444.0,0.0,-0.330598,0.037439,MAR,NZL,6592
1545699,153,166,1080,2012.0,10752.0,0.0,0.93739,0.726329,MYS,NZL,6592
1545700,156,166,1080,2012.0,0.0,2618.0,-0.650737,-0.897949,NCL,NZL,6592
1545701,164,166,1080,2012.0,28966.0,0.0,0.023836000000000003,0.702753,NPL,NZL,6592
1545702,168,166,1080,2012.0,526256.0,0.0,-0.600346,0.474208,PAK,NZL,6592
1545703,173,166,1080,2012.0,64076.0,0.0,-0.47011499999999995,0.340251,PER,NZL,6592
1545704,183,166,1080,2012.0,2003.0,13328.0,-0.6436029999999999,-0.990323,QAT,NZL,6592
1545705,186,166,1080,2012.0,0.0,10203.0,-0.123649,-0.218926,RUS,NZL,6592
1545706,192,166,1080,2012.0,13366.0,28948.0,1.762134,0.583393,SGP,NZL,6592
1545707,216,166,1080,2012.0,53244.0,1097.0,1.015684,1.20697,THA,NZL,6592
1545708,221,166,1080,2012.0,0.0,8002.0,-0.126859,-0.509424,TON,NZL,6592
1545709,224,166,1080,2012.0,120753.0,0.0,0.657573,1.969027,TUR,NZL,6592
1545710,231,166,1080,2012.0,233348.0,151476.0,1.51134,-0.637794,USA,NZL,6592
1545711,242,166,1080,2012.0,0.0,8463.0,0.589936,-0.0285,WSM,NZL,6592
1545712,246,166,1080,2012.0,0.0,8755.0,0.06510099999999999,1.748521,ZAF,NZL,6592
1545713,0,169,1080,2012.0,0.0,5260.0,0.040139999999999995,-0.628788,ABW,PAN,6592
1545714,8,169,1080,2012.0,11449.0,0.0,-0.019015,0.548292,ARG,PAN,6592
1545715,13,169,1080,2012.0,0.0,1559.0,0.891969,1.130457,ATG,PAN,6592
1545716,29,169,1080,2012.0,0.0,1648.0,-0.5242899999999999,-0.673233,BLZ,PAN,6592
1545717,42,169,1080,2012.0,0.0,2306.0,-0.180309,-0.33571799999999996,CHL,PAN,6592
1545718,43,169,1080,2012.0,368555.0,0.0,1.2170590000000001,0.584412,CHN,PAN,6592
1545719,49,169,1080,2012.0,0.0,12532.0,0.034488,-0.340545,COL,PAN,6592
1545720,52,169,1080,2012.0,0.0,19363.0,0.24381799999999998,-0.560793,CRI,PAN,6592
1545721,65,169,1080,2012.0,0.0,28928.0,-0.08708300000000001,0.389521,DOM,PAN,6592
1545722,67,169,1080,2012.0,7143.0,0.0,-0.66209,-0.796325,ECU,PAN,6592
1545723,68,169,1080,2012.0,2460590.0,0.0,-0.145791,1.470876,EGY,PAN,6592
1545724,71,169,1080,2012.0,1489.0,0.0,0.925701,1.8700189999999999,ESP,PAN,6592
1545725,77,169,1080,2012.0,0.0,105287.0,1.414721,0.07219600000000001,FRA,PAN,6592
1545726,93,169,1080,2012.0,0.0,15255.0,-0.15801400000000002,0.5786640000000001,GTM,PAN,6592
1545727,96,169,1080,2012.0,0.0,37684.0,-0.748712,-0.8608950000000001,GUY,PAN,6592
1545728,97,169,1080,2012.0,35770.0,0.0,0.788308,1.029625,HKG,PAN,6592
1545729,99,169,1080,2012.0,0.0,1092.0,-0.362811,-0.012651,HND,PAN,6592
1545730,101,169,1080,2012.0,0.0,75873.0,-0.595386,-0.902546,HTI,PAN,6592
1545731,104,169,1080,2012.0,1209.0,0.0,0.24883200000000003,2.463711,IND,PAN,6592
1545732,111,169,1080,2012.0,6837.0,0.0,1.396626,-0.43950500000000003,ITA,PAN,6592
1545733,112,169,1080,2012.0,0.0,4162.0,-0.307289,-0.738736,JAM,PAN,6592
1545734,121,169,1080,2012.0,56409.0,0.0,1.839479,0.8272799999999999,KOR,PAN,6592
1545735,134,169,1080,2012.0,2471.0,0.0,-0.330598,0.037439,MAR,PAN,6592
1545736,168,169,1080,2012.0,2066.0,0.0,-0.600346,0.474208,PAK,PAN,6592
1545737,222,169,1080,2012.0,0.0,3784.0,-0.257402,-0.9802709999999999,TTO,PAN,6592
1545738,224,169,1080,2012.0,10924.0,0.0,0.657573,1.969027,TUR,PAN,6592
1545739,231,169,1080,2012.0,178087.0,0.0,1.51134,-0.637794,USA,PAN,6592
1545740,236,169,1080,2012.0,0.0,202197.0,-1.6796689999999999,-1.168002,VEN,PAN,6592
1545741,8,173,1080,2012.0,0.0,3664.0,-0.019015,0.548292,ARG,PER,6592
1545742,14,173,1080,2012.0,0.0,124554.0,-0.537197,-0.22305300000000003,AUS,PER,6592
1545743,39,173,1080,2012.0,0.0,3681.0,0.630575,1.28653,CAN,PER,6592
1545744,41,173,1080,2012.0,2659.0,0.0,2.0265150000000003,0.6496689999999999,CHE,PER,6592
1545745,42,173,1080,2012.0,3873.0,11783.0,-0.180309,-0.33571799999999996,CHL,PER,6592
1545746,43,173,1080,2012.0,9186.0,0.0,1.2170590000000001,0.584412,CHN,PER,6592
1545747,61,173,1080,2012.0,410969.0,0.0,1.977443,-3.692254,DEU,PER,6592
1545748,67,173,1080,2012.0,0.0,14777.0,-0.66209,-0.796325,ECU,PER,6592
1545749,68,173,1080,2012.0,204360.0,0.0,-0.145791,1.470876,EGY,PER,6592
1545750,71,173,1080,2012.0,21746.0,8966.0,0.925701,1.8700189999999999,ESP,PER,6592
1545751,77,173,1080,2012.0,0.0,1247.0,1.414721,0.07219600000000001,FRA,PER,6592
1545752,81,173,1080,2012.0,11178.0,16818.0,1.544653,0.776512,GBR,PER,6592
1545753,90,173,1080,2012.0,1339.0,0.0,0.161352,1.273024,GRC,PER,6592
1545754,104,173,1080,2012.0,80301.0,0.0,0.24883200000000003,2.463711,IND,PER,6592
1545755,107,173,1080,2012.0,58618.0,0.0,-1.06794,-0.993099,IRN,PER,6592
1545756,111,173,1080,2012.0,1249.0,10365.0,1.396626,-0.43950500000000003,ITA,PER,6592
1545757,162,173,1080,2012.0,24575.0,0.0,0.961975,1.517883,NLD,PER,6592
1545758,166,173,1080,2012.0,0.0,64076.0,0.21502399999999997,0.746456,NZL,PER,6592
1545759,168,173,1080,2012.0,102512.0,0.0,-0.600346,0.474208,PAK,PER,6592
1545760,208,173,1080,2012.0,0.0,1524.0,1.721268,0.15675,SWE,PER,6592
1545761,224,173,1080,2012.0,66651.0,0.0,0.657573,1.969027,TUR,PER,6592
1545762,231,173,1080,2012.0,446331.0,165004.0,1.51134,-0.637794,USA,PER,6592
1545763,236,173,1080,2012.0,0.0,11057.0,-1.6796689999999999,-1.168002,VEN,PER,6592
1545764,246,173,1080,2012.0,0.0,1520.0,0.06510099999999999,1.748521,ZAF,PER,6592
1545765,7,174,1080,2012.0,0.0,9828.0,0.256232,-0.46518400000000004,ARE,PHL,6592
1545766,14,174,1080,2012.0,2637.0,1149.0,-0.537197,-0.22305300000000003,AUS,PHL,6592
1545767,15,174,1080,2012.0,0.0,1198.0,1.710955,-0.8860399999999999,AUT,PHL,6592
1545768,18,174,1080,2012.0,9592.0,0.0,1.06425,1.369205,BEL,PHL,6592
1545769,22,174,1080,2012.0,1549.0,0.0,-0.62037,-0.6858350000000001,BGD,PHL,6592
1545770,39,174,1080,2012.0,0.0,2109.0,0.630575,1.28653,CAN,PHL,6592
1545771,43,174,1080,2012.0,986978.0,0.0,1.2170590000000001,0.584412,CHN,PHL,6592
1545772,61,174,1080,2012.0,3340.0,0.0,1.977443,-3.692254,DEU,PHL,6592
1545773,71,174,1080,2012.0,60080.0,20927.0,0.925701,1.8700189999999999,ESP,PHL,6592
1545774,77,174,1080,2012.0,95417.0,4753.0,1.414721,0.07219600000000001,FRA,PHL,6592
1545775,79,174,1080,2012.0,0.0,1196.0,-0.801932,-0.943779,FSM,PHL,6592
1545776,81,174,1080,2012.0,0.0,16394.0,1.544653,0.776512,GBR,PHL,6592
1545777,97,174,1080,2012.0,11799.0,1905.0,0.788308,1.029625,HKG,PHL,6592
1545778,104,174,1080,2012.0,56294.0,0.0,0.24883200000000003,2.463711,IND,PHL,6592
1545779,110,174,1080,2012.0,0.0,13790.0,1.125254,0.736004,ISR,PHL,6592
1545780,111,174,1080,2012.0,7909.0,5793.0,1.396626,-0.43950500000000003,ITA,PHL,6592
1545781,114,174,1080,2012.0,1259.0,1735.0,2.325746,-0.8705649999999999,JPN,PHL,6592
1545782,122,174,1080,2012.0,0.0,1832.0,-1.130729,-1.083905,KWT,PHL,6592
1545783,124,174,1080,2012.0,0.0,1371.0,0.36778099999999997,1.3771010000000001,LBN,PHL,6592
1545784,138,174,1080,2012.0,7439.0,0.0,1.166986,0.662798,MEX,PHL,6592
1545785,153,174,1080,2012.0,12165.0,0.0,0.93739,0.726329,MYS,PHL,6592
1545786,168,174,1080,2012.0,0.0,17451.0,-0.600346,0.474208,PAK,PHL,6592
1545787,188,174,1080,2012.0,0.0,1513.0,-0.621115,-0.975865,SAU,PHL,6592
1545788,192,174,1080,2012.0,36898.0,5907.0,1.762134,0.583393,SGP,PHL,6592
1545789,216,174,1080,2012.0,70799.0,6257.0,1.015684,1.20697,THA,PHL,6592
1545790,231,174,1080,2012.0,22009.0,28130.0,1.51134,-0.637794,USA,PHL,6592
1545791,1,177,1080,2012.0,3923.0,0.0,-0.666296,-0.7860689999999999,AFG,POL,6592
1545792,7,177,1080,2012.0,0.0,12441.0,0.256232,-0.46518400000000004,ARE,POL,6592
1545793,15,177,1080,2012.0,0.0,12262.0,1.710955,-0.8860399999999999,AUT,POL,6592
1545794,18,177,1080,2012.0,158147.0,0.0,1.06425,1.369205,BEL,POL,6592
1545795,23,177,1080,2012.0,0.0,21571.0,0.601161,1.594487,BGR,POL,6592
1545796,28,177,1080,2012.0,0.0,8459.0,1.0976059999999999,0.861051,BLR,POL,6592
1545797,32,177,1080,2012.0,0.0,3345.0,0.340455,0.9006790000000001,BRA,POL,6592
1545798,39,177,1080,2012.0,0.0,11726.0,0.630575,1.28653,CAN,POL,6592
1545799,43,177,1080,2012.0,105960.0,0.0,1.2170590000000001,0.584412,CHN,POL,6592
1545800,59,177,1080,2012.0,474672.0,684995.0,1.7368299999999999,-0.651329,CZE,POL,6592
1545801,61,177,1080,2012.0,857594.0,34004.0,1.977443,-3.692254,DEU,POL,6592
1545802,64,177,1080,2012.0,14113.0,0.0,1.159478,1.053761,DNK,POL,6592
1545803,68,177,1080,2012.0,2737982.0,0.0,-0.145791,1.470876,EGY,POL,6592
1545804,71,177,1080,2012.0,10158.0,0.0,0.925701,1.8700189999999999,ESP,POL,6592
1545805,74,177,1080,2012.0,0.0,4047.0,1.5813700000000002,0.872251,FIN,POL,6592
1545806,77,177,1080,2012.0,35510.0,14211.0,1.414721,0.07219600000000001,FRA,POL,6592
1545807,81,177,1080,2012.0,58942.0,0.0,1.544653,0.776512,GBR,POL,6592
1545808,100,177,1080,2012.0,0.0,15348.0,0.881764,1.149456,HRV,POL,6592
1545809,102,177,1080,2012.0,0.0,47175.0,1.61049,0.44614799999999993,HUN,POL,6592
1545810,103,177,1080,2012.0,1518.0,0.0,0.045694,1.635448,IDN,POL,6592
1545811,104,177,1080,2012.0,230112.0,0.0,0.24883200000000003,2.463711,IND,POL,6592
1545812,107,177,1080,2012.0,453801.0,0.0,-1.06794,-0.993099,IRN,POL,6592
1545813,110,177,1080,2012.0,0.0,10213.0,1.125254,0.736004,ISR,POL,6592
1545814,111,177,1080,2012.0,165372.0,0.0,1.396626,-0.43950500000000003,ITA,POL,6592
1545815,115,177,1080,2012.0,0.0,1446.0,-0.447428,-0.42193,KAZ,POL,6592
1545816,121,177,1080,2012.0,0.0,3551.0,1.839479,0.8272799999999999,KOR,POL,6592
1545817,130,177,1080,2012.0,0.0,3459.0,0.739945,1.217062,LTU,POL,6592
1545818,132,177,1080,2012.0,0.0,19777.0,0.704565,1.000552,LVA,POL,6592
1545819,134,177,1080,2012.0,28595.0,0.0,-0.330598,0.037439,MAR,POL,6592
1545820,162,177,1080,2012.0,140757.0,0.0,0.961975,1.517883,NLD,POL,6592
1545821,164,177,1080,2012.0,75846.0,0.0,0.023836000000000003,0.702753,NPL,POL,6592
1545822,168,177,1080,2012.0,113228.0,0.0,-0.600346,0.474208,PAK,POL,6592
1545823,185,177,1080,2012.0,0.0,12913.0,0.952936,1.227809,ROU,POL,6592
1545824,186,177,1080,2012.0,0.0,35357.0,-0.123649,-0.218926,RUS,POL,6592
1545825,192,177,1080,2012.0,8156.0,0.0,1.762134,0.583393,SGP,POL,6592
1545826,206,177,1080,2012.0,11102.0,15043.0,1.3586200000000002,0.805751,SVK,POL,6592
1545827,207,177,1080,2012.0,13653.0,16273.0,1.4933049999999999,0.58207,SVN,POL,6592
1545828,208,177,1080,2012.0,23092.0,0.0,1.721268,0.15675,SWE,POL,6592
1545829,224,177,1080,2012.0,254721.0,2544.0,0.657573,1.969027,TUR,POL,6592
1545830,228,177,1080,2012.0,0.0,8430.0,0.533547,1.159378,UKR,POL,6592
1545831,231,177,1080,2012.0,0.0,192012.0,1.51134,-0.637794,USA,POL,6592
1545832,246,177,1080,2012.0,0.0,3886.0,0.06510099999999999,1.748521,ZAF,POL,6592
1545833,2,179,1080,2012.0,20761.0,695622.0,-1.610059,-1.1253739999999999,AGO,PRT,6592
1545834,7,179,1080,2012.0,5438.0,7713.0,0.256232,-0.46518400000000004,ARE,PRT,6592
1545835,14,179,1080,2012.0,0.0,3472.0,-0.537197,-0.22305300000000003,AUS,PRT,6592
1545836,15,179,1080,2012.0,77004.0,3753.0,1.710955,-0.8860399999999999,AUT,PRT,6592
1545837,18,179,1080,2012.0,61722.0,1096107.0,1.06425,1.369205,BEL,PRT,6592
1545838,22,179,1080,2012.0,17869.0,0.0,-0.62037,-0.6858350000000001,BGD,PRT,6592
1545839,25,179,1080,2012.0,0.0,87563.0,0.37130799999999997,-0.526134,BHS,PRT,6592
1545840,32,179,1080,2012.0,0.0,7974.0,0.340455,0.9006790000000001,BRA,PRT,6592
1545841,39,179,1080,2012.0,0.0,2965.0,0.630575,1.28653,CAN,PRT,6592
1545842,41,179,1080,2012.0,5315.0,11011.0,2.0265150000000003,0.6496689999999999,CHE,PRT,6592
1545843,43,179,1080,2012.0,57199.0,22778.0,1.2170590000000001,0.584412,CHN,PRT,6592
1545844,47,179,1080,2012.0,0.0,2828.0,-1.153559,-1.069009,COG,PRT,6592
1545845,51,179,1080,2012.0,0.0,20324.0,-0.000833,-0.559762,CPV,PRT,6592
1545846,58,179,1080,2012.0,0.0,1865.0,0.621962,0.188051,CYP,PRT,6592
1545847,61,179,1080,2012.0,266134.0,2115.0,1.977443,-3.692254,DEU,PRT,6592
1545848,64,179,1080,2012.0,3072.0,0.0,1.159478,1.053761,DNK,PRT,6592
1545849,66,179,1080,2012.0,0.0,14646.0,-1.745941,-1.149894,DZA,PRT,6592
1545850,68,179,1080,2012.0,771191.0,0.0,-0.145791,1.470876,EGY,PRT,6592
1545851,71,179,1080,2012.0,372316.0,303915.0,0.925701,1.8700189999999999,ESP,PRT,6592
1545852,73,179,1080,2012.0,0.0,27763.0,-0.9118729999999999,-0.8843,ETH,PRT,6592
1545853,77,179,1080,2012.0,65264.0,595228.0,1.414721,0.07219600000000001,FRA,PRT,6592
1545854,81,179,1080,2012.0,913546.0,4668.0,1.544653,0.776512,GBR,PRT,6592
1545855,104,179,1080,2012.0,256181.0,0.0,0.24883200000000003,2.463711,IND,PRT,6592
1545856,106,179,1080,2012.0,0.0,14299.0,1.1761549999999998,0.279569,IRL,PRT,6592
1545857,110,179,1080,2012.0,4557.0,0.0,1.125254,0.736004,ISR,PRT,6592
1545858,111,179,1080,2012.0,212838.0,1497421.0,1.396626,-0.43950500000000003,ITA,PRT,6592
1545859,121,179,1080,2012.0,0.0,28788.0,1.839479,0.8272799999999999,KOR,PRT,6592
1545860,134,179,1080,2012.0,5779.0,2298.0,-0.330598,0.037439,MAR,PRT,6592
1545861,138,179,1080,2012.0,0.0,1631.0,1.166986,0.662798,MEX,PRT,6592
1545862,147,179,1080,2012.0,0.0,177597.0,-1.274567,-1.045444,MOZ,PRT,6592
1545863,159,179,1080,2012.0,0.0,4407.0,-1.616498,-1.174816,NGA,PRT,6592
1545864,162,179,1080,2012.0,149194.0,0.0,0.961975,1.517883,NLD,PRT,6592
1545865,163,179,1080,2012.0,0.0,5174.0,0.5462670000000001,-0.042712,NOR,PRT,6592
1545866,164,179,1080,2012.0,5978.0,0.0,0.023836000000000003,0.702753,NPL,PRT,6592
1545867,168,179,1080,2012.0,13370.0,0.0,-0.600346,0.474208,PAK,PRT,6592
1545868,185,179,1080,2012.0,0.0,1256.0,0.952936,1.227809,ROU,PRT,6592
1545869,192,179,1080,2012.0,0.0,26082.0,1.762134,0.583393,SGP,PRT,6592
1545870,203,179,1080,2012.0,0.0,11822.0,0.85051,0.057023000000000004,STP,PRT,6592
1545871,208,179,1080,2012.0,21170.0,12031.0,1.721268,0.15675,SWE,PRT,6592
1545872,224,179,1080,2012.0,86802.0,0.0,0.657573,1.969027,TUR,PRT,6592
1545873,231,179,1080,2012.0,7055.0,154946.0,1.51134,-0.637794,USA,PRT,6592
1545874,249,179,1080,2012.0,0.0,1845.0,1.671686,0.9854729999999999,TWN,PRT,6592
1545875,42,180,1080,2012.0,194112.0,0.0,-0.180309,-0.33571799999999996,CHL,PRY,6592
1545876,43,180,1080,2012.0,19658.0,0.0,1.2170590000000001,0.584412,CHN,PRY,6592
1545877,61,180,1080,2012.0,351135.0,0.0,1.977443,-3.692254,DEU,PRY,6592
1545878,104,180,1080,2012.0,2862.0,0.0,0.24883200000000003,2.463711,IND,PRY,6592
1545879,111,180,1080,2012.0,120715.0,0.0,1.396626,-0.43950500000000003,ITA,PRY,6592
1545880,7,188,1080,2012.0,165360.0,1824.0,0.256232,-0.46518400000000004,ARE,SAU,6592
1545881,15,188,1080,2012.0,0.0,1102.0,1.710955,-0.8860399999999999,AUT,SAU,6592
1545882,22,188,1080,2012.0,0.0,159515.0,-0.62037,-0.6858350000000001,BGD,SAU,6592
1545883,24,188,1080,2012.0,3377.0,1890.0,-0.01785,-0.780651,BHR,SAU,6592
1545884,43,188,1080,2012.0,2232971.0,0.0,1.2170590000000001,0.584412,CHN,SAU,6592
1545885,44,188,1080,2012.0,0.0,33775.0,-1.014737,-0.8629049999999999,CIV,SAU,6592
1545886,61,188,1080,2012.0,461799.0,8962.0,1.977443,-3.692254,DEU,SAU,6592
1545887,64,188,1080,2012.0,6328.0,0.0,1.159478,1.053761,DNK,SAU,6592
1545888,68,188,1080,2012.0,5698610.0,2939722.0,-0.145791,1.470876,EGY,SAU,6592
1545889,71,188,1080,2012.0,28841.0,0.0,0.925701,1.8700189999999999,ESP,SAU,6592
1545890,73,188,1080,2012.0,0.0,111142.0,-0.9118729999999999,-0.8843,ETH,SAU,6592
1545891,77,188,1080,2012.0,70895.0,4361.0,1.414721,0.07219600000000001,FRA,SAU,6592
1545892,81,188,1080,2012.0,460813.0,2100.0,1.544653,0.776512,GBR,SAU,6592
1545893,103,188,1080,2012.0,40225.0,0.0,0.045694,1.635448,IDN,SAU,6592
1545894,104,188,1080,2012.0,668736.0,16143.0,0.24883200000000003,2.463711,IND,SAU,6592
1545895,106,188,1080,2012.0,13324.0,0.0,1.1761549999999998,0.279569,IRL,SAU,6592
1545896,107,188,1080,2012.0,529210.0,0.0,-1.06794,-0.993099,IRN,SAU,6592
1545897,111,188,1080,2012.0,186801.0,0.0,1.396626,-0.43950500000000003,ITA,SAU,6592
1545898,113,188,1080,2012.0,0.0,14182.0,0.29205,0.638942,JOR,SAU,6592
1545899,114,188,1080,2012.0,32280.0,0.0,2.325746,-0.8705649999999999,JPN,SAU,6592
1545900,121,188,1080,2012.0,70188.0,0.0,1.839479,0.8272799999999999,KOR,SAU,6592
1545901,134,188,1080,2012.0,4389.0,0.0,-0.330598,0.037439,MAR,SAU,6592
1545902,148,188,1080,2012.0,0.0,37608.0,-1.501575,-1.294704,MRT,SAU,6592
1545903,153,188,1080,2012.0,2574.0,0.0,0.93739,0.726329,MYS,SAU,6592
1545904,157,188,1080,2012.0,0.0,5149.0,-1.274453,-1.12791,NER,SAU,6592
1545905,162,188,1080,2012.0,4291.0,0.0,0.961975,1.517883,NLD,SAU,6592
1545906,163,188,1080,2012.0,0.0,2460.0,0.5462670000000001,-0.042712,NOR,SAU,6592
1545907,164,188,1080,2012.0,36235.0,0.0,0.023836000000000003,0.702753,NPL,SAU,6592
1545908,168,188,1080,2012.0,258077.0,2035.0,-0.600346,0.474208,PAK,SAU,6592
1545909,174,188,1080,2012.0,1513.0,0.0,0.44656,0.55585,PHL,SAU,6592
1545910,190,188,1080,2012.0,0.0,2204.0,-1.2913139999999999,-1.144454,SDN,SAU,6592
1545911,208,188,1080,2012.0,7726.0,1285.0,1.721268,0.15675,SWE,SAU,6592
1545912,216,188,1080,2012.0,18076.0,0.0,1.015684,1.20697,THA,SAU,6592
1545913,224,188,1080,2012.0,163812.0,38803.0,0.657573,1.969027,TUR,SAU,6592
1545914,226,188,1080,2012.0,0.0,4544.0,-0.490001,1.149681,TZA,SAU,6592
1545915,231,188,1080,2012.0,72749.0,11206.0,1.51134,-0.637794,USA,SAU,6592
1545916,243,188,1080,2012.0,0.0,1168689.0,-1.180884,-1.22621,YEM,SAU,6592
1545917,246,188,1080,2012.0,0.0,17265.0,0.06510099999999999,1.748521,ZAF,SAU,6592
1545918,249,188,1080,2012.0,9375.0,0.0,1.671686,0.9854729999999999,TWN,SAU,6592
1545919,7,190,1080,2012.0,61298.0,0.0,0.256232,-0.46518400000000004,ARE,SDN,6592
1545920,43,190,1080,2012.0,199567.0,0.0,1.2170590000000001,0.584412,CHN,SDN,6592
1545921,68,190,1080,2012.0,314857.0,0.0,-0.145791,1.470876,EGY,SDN,6592
1545922,73,190,1080,2012.0,1022.0,0.0,-0.9118729999999999,-0.8843,ETH,SDN,6592
1545923,183,190,1080,2012.0,1059.0,0.0,-0.6436029999999999,-0.990323,QAT,SDN,6592
1545924,188,190,1080,2012.0,2204.0,0.0,-0.621115,-0.975865,SAU,SDN,6592
1545925,224,190,1080,2012.0,3114.0,0.0,0.657573,1.969027,TUR,SDN,6592
1545926,227,190,1080,2012.0,2183.0,0.0,-0.492733,0.4513,UGA,SDN,6592
1545927,1,192,1080,2012.0,0.0,11398.0,-0.666296,-0.7860689999999999,AFG,SGP,6592
1545928,2,192,1080,2012.0,0.0,24538.0,-1.610059,-1.1253739999999999,AGO,SGP,6592
1545929,7,192,1080,2012.0,59572.0,10995.0,0.256232,-0.46518400000000004,ARE,SGP,6592
1545930,14,192,1080,2012.0,58803.0,14110.0,-0.537197,-0.22305300000000003,AUS,SGP,6592
1545931,15,192,1080,2012.0,39486.0,3470.0,1.710955,-0.8860399999999999,AUT,SGP,6592
1545932,18,192,1080,2012.0,11637.0,0.0,1.06425,1.369205,BEL,SGP,6592
1545933,23,192,1080,2012.0,29791.0,0.0,0.601161,1.594487,BGR,SGP,6592
1545934,25,192,1080,2012.0,0.0,11874.0,0.37130799999999997,-0.526134,BHS,SGP,6592
1545935,32,192,1080,2012.0,0.0,173996.0,0.340455,0.9006790000000001,BRA,SGP,6592
1545936,34,192,1080,2012.0,0.0,356521.0,-2.9686049999999997,-0.8427290000000001,BRN,SGP,6592
1545937,39,192,1080,2012.0,5524.0,2512.0,0.630575,1.28653,CAN,SGP,6592
1545938,41,192,1080,2012.0,24027.0,1391.0,2.0265150000000003,0.6496689999999999,CHE,SGP,6592
1545939,42,192,1080,2012.0,0.0,4313.0,-0.180309,-0.33571799999999996,CHL,SGP,6592
1545940,43,192,1080,2012.0,776999.0,28215.0,1.2170590000000001,0.584412,CHN,SGP,6592
1545941,61,192,1080,2012.0,345349.0,0.0,1.977443,-3.692254,DEU,SGP,6592
1545942,64,192,1080,2012.0,17666.0,0.0,1.159478,1.053761,DNK,SGP,6592
1545943,68,192,1080,2012.0,82538.0,0.0,-0.145791,1.470876,EGY,SGP,6592
1545944,71,192,1080,2012.0,30897.0,0.0,0.925701,1.8700189999999999,ESP,SGP,6592
1545945,74,192,1080,2012.0,27589.0,0.0,1.5813700000000002,0.872251,FIN,SGP,6592
1545946,77,192,1080,2012.0,40096.0,9959.0,1.414721,0.07219600000000001,FRA,SGP,6592
1545947,81,192,1080,2012.0,4258758.0,21747.0,1.544653,0.776512,GBR,SGP,6592
1545948,96,192,1080,2012.0,0.0,77678.0,-0.748712,-0.8608950000000001,GUY,SGP,6592
1545949,97,192,1080,2012.0,68947.0,24980.0,0.788308,1.029625,HKG,SGP,6592
1545950,103,192,1080,2012.0,16520.0,879582.0,0.045694,1.635448,IDN,SGP,6592
1545951,104,192,1080,2012.0,2036096.0,17787.0,0.24883200000000003,2.463711,IND,SGP,6592
1545952,107,192,1080,2012.0,199044.0,51543.0,-1.06794,-0.993099,IRN,SGP,6592
1545953,111,192,1080,2012.0,31370.0,0.0,1.396626,-0.43950500000000003,ITA,SGP,6592
1545954,114,192,1080,2012.0,20871.0,48299.0,2.325746,-0.8705649999999999,JPN,SGP,6592
1545955,118,192,1080,2012.0,0.0,1384.0,-0.6328739999999999,-0.9080030000000001,KHM,SGP,6592
1545956,121,192,1080,2012.0,34970.0,4505.0,1.839479,0.8272799999999999,KOR,SGP,6592
1545957,128,192,1080,2012.0,0.0,11258.0,-0.24579299999999998,0.518273,LKA,SGP,6592
1545958,134,192,1080,2012.0,5625.0,0.0,-0.330598,0.037439,MAR,SGP,6592
1545959,137,192,1080,2012.0,0.0,28129.0,-0.12348699999999999,-0.7748430000000001,MDV,SGP,6592
1545960,143,192,1080,2012.0,0.0,42244.0,-1.157555,-0.9009149999999999,MMR,SGP,6592
1545961,151,192,1080,2012.0,0.0,2311.0,-0.101344,0.22300100000000003,MUS,SGP,6592
1545962,153,192,1080,2012.0,90831.0,104090.0,0.93739,0.726329,MYS,SGP,6592
1545963,155,192,1080,2012.0,0.0,1050.0,-0.404252,-0.330913,NAM,SGP,6592
1545964,162,192,1080,2012.0,113225.0,2981.0,0.961975,1.517883,NLD,SGP,6592
1545965,163,192,1080,2012.0,3426.0,0.0,0.5462670000000001,-0.042712,NOR,SGP,6592
1545966,164,192,1080,2012.0,156157.0,0.0,0.023836000000000003,0.702753,NPL,SGP,6592
1545967,166,192,1080,2012.0,28948.0,13366.0,0.21502399999999997,0.746456,NZL,SGP,6592
1545968,168,192,1080,2012.0,608298.0,81543.0,-0.600346,0.474208,PAK,SGP,6592
1545969,174,192,1080,2012.0,5907.0,36898.0,0.44656,0.55585,PHL,SGP,6592
1545970,176,192,1080,2012.0,0.0,26705.0,-1.0462200000000001,-1.022037,PNG,SGP,6592
1545971,177,192,1080,2012.0,0.0,8156.0,1.039598,1.145227,POL,SGP,6592
1545972,179,192,1080,2012.0,26082.0,0.0,0.697799,2.122262,PRT,SGP,6592
1545973,208,192,1080,2012.0,22167.0,4372.0,1.721268,0.15675,SWE,SGP,6592
1545974,211,192,1080,2012.0,0.0,10134.0,-0.408819,-0.753598,SYC,SGP,6592
1545975,216,192,1080,2012.0,8121.0,27277.0,1.015684,1.20697,THA,SGP,6592
1545976,218,192,1080,2012.0,6901.0,0.0,0.700571,0.722065,TKL,SGP,6592
1545977,220,192,1080,2012.0,0.0,1158.0,-0.955643,-0.844026,TLS,SGP,6592
1545978,222,192,1080,2012.0,0.0,96788.0,-0.257402,-0.9802709999999999,TTO,SGP,6592
1545979,224,192,1080,2012.0,731271.0,33348.0,0.657573,1.969027,TUR,SGP,6592
1545980,231,192,1080,2012.0,91810.0,18395.0,1.51134,-0.637794,USA,SGP,6592
1545981,239,192,1080,2012.0,0.0,67179.0,0.0755,1.008183,VNM,SGP,6592
1545982,249,192,1080,2012.0,7808.0,3091.0,1.671686,0.9854729999999999,TWN,SGP,6592
1545983,43,197,1080,2012.0,10413.0,0.0,1.2170590000000001,0.584412,CHN,SLV,6592
1545984,231,197,1080,2012.0,46296.0,0.0,1.51134,-0.637794,USA,SLV,6592
1545985,104,203,1080,2012.0,3504.0,0.0,0.24883200000000003,2.463711,IND,STP,6592
1545986,179,203,1080,2012.0,11822.0,0.0,0.697799,2.122262,PRT,STP,6592
1545987,246,203,1080,2012.0,14106.0,0.0,0.06510099999999999,1.748521,ZAF,STP,6592
1545988,43,205,1080,2012.0,7253.0,0.0,1.2170590000000001,0.584412,CHN,SUR,6592
1545989,162,205,1080,2012.0,6427.0,0.0,0.961975,1.517883,NLD,SUR,6592
1545990,231,205,1080,2012.0,6172.0,0.0,1.51134,-0.637794,USA,SUR,6592
1545991,15,206,1080,2012.0,121488.0,0.0,1.710955,-0.8860399999999999,AUT,SVK,6592
1545992,18,206,1080,2012.0,6029.0,0.0,1.06425,1.369205,BEL,SVK,6592
1545993,41,206,1080,2012.0,2207.0,1120.0,2.0265150000000003,0.6496689999999999,CHE,SVK,6592
1545994,43,206,1080,2012.0,46144.0,0.0,1.2170590000000001,0.584412,CHN,SVK,6592
1545995,59,206,1080,2012.0,1652638.0,2344192.0,1.7368299999999999,-0.651329,CZE,SVK,6592
1545996,61,206,1080,2012.0,272096.0,18874.0,1.977443,-3.692254,DEU,SVK,6592
1545997,64,206,1080,2012.0,0.0,1866.0,1.159478,1.053761,DNK,SVK,6592
1545998,71,206,1080,2012.0,2729.0,0.0,0.925701,1.8700189999999999,ESP,SVK,6592
1545999,100,206,1080,2012.0,0.0,26110.0,0.881764,1.149456,HRV,SVK,6592
1546000,102,206,1080,2012.0,4270.0,13953.0,1.61049,0.44614799999999993,HUN,SVK,6592
1546001,104,206,1080,2012.0,13340.0,0.0,0.24883200000000003,2.463711,IND,SVK,6592
1546002,107,206,1080,2012.0,40045.0,0.0,-1.06794,-0.993099,IRN,SVK,6592
1546003,111,206,1080,2012.0,36909.0,1095314.0,1.396626,-0.43950500000000003,ITA,SVK,6592
1546004,134,206,1080,2012.0,1446.0,0.0,-0.330598,0.037439,MAR,SVK,6592
1546005,151,206,1080,2012.0,43697.0,0.0,-0.101344,0.22300100000000003,MUS,SVK,6592
1546006,162,206,1080,2012.0,29904.0,0.0,0.961975,1.517883,NLD,SVK,6592
1546007,168,206,1080,2012.0,22208.0,0.0,-0.600346,0.474208,PAK,SVK,6592
1546008,177,206,1080,2012.0,15043.0,11102.0,1.039598,1.145227,POL,SVK,6592
1546009,185,206,1080,2012.0,20811.0,0.0,0.952936,1.227809,ROU,SVK,6592
1546010,208,206,1080,2012.0,4203.0,0.0,1.721268,0.15675,SWE,SVK,6592
1546011,224,206,1080,2012.0,2655192.0,0.0,0.657573,1.969027,TUR,SVK,6592
1546012,250,206,1080,2012.0,774357.0,0.0,0.34242399999999995,-0.007095999999999999,ANS,SVK,6592
1546013,15,207,1080,2012.0,233336.0,0.0,1.710955,-0.8860399999999999,AUT,SVN,6592
1546014,18,207,1080,2012.0,0.0,14597.0,1.06425,1.369205,BEL,SVN,6592
1546015,26,207,1080,2012.0,0.0,1519.0,0.6672520000000001,1.16153,BIH,SVN,6592
1546016,43,207,1080,2012.0,73967.0,0.0,1.2170590000000001,0.584412,CHN,SVN,6592
1546017,61,207,1080,2012.0,102060.0,0.0,1.977443,-3.692254,DEU,SVN,6592
1546018,64,207,1080,2012.0,3637.0,0.0,1.159478,1.053761,DNK,SVN,6592
1546019,68,207,1080,2012.0,9390.0,0.0,-0.145791,1.470876,EGY,SVN,6592
1546020,71,207,1080,2012.0,2090.0,0.0,0.925701,1.8700189999999999,ESP,SVN,6592
1546021,77,207,1080,2012.0,1481.0,0.0,1.414721,0.07219600000000001,FRA,SVN,6592
1546022,100,207,1080,2012.0,0.0,15113.0,0.881764,1.149456,HRV,SVN,6592
1546023,102,207,1080,2012.0,0.0,4769.0,1.61049,0.44614799999999993,HUN,SVN,6592
1546024,104,207,1080,2012.0,23067.0,0.0,0.24883200000000003,2.463711,IND,SVN,6592
1546025,107,207,1080,2012.0,271534.0,0.0,-1.06794,-0.993099,IRN,SVN,6592
1546026,111,207,1080,2012.0,18706.0,5495.0,1.396626,-0.43950500000000003,ITA,SVN,6592
1546027,130,207,1080,2012.0,0.0,3366.0,0.739945,1.217062,LTU,SVN,6592
1546028,132,207,1080,2012.0,0.0,4849.0,0.704565,1.000552,LVA,SVN,6592
1546029,168,207,1080,2012.0,0.0,23460.0,-0.600346,0.474208,PAK,SVN,6592
1546030,177,207,1080,2012.0,16273.0,13653.0,1.039598,1.145227,POL,SVN,6592
1546031,186,207,1080,2012.0,0.0,10130.0,-0.123649,-0.218926,RUS,SVN,6592
1546032,224,207,1080,2012.0,5980.0,0.0,0.657573,1.969027,TUR,SVN,6592
1546033,250,207,1080,2012.0,17682.0,0.0,0.34242399999999995,-0.007095999999999999,ANS,SVN,6592
1546034,7,208,1080,2012.0,4979.0,27172.0,0.256232,-0.46518400000000004,ARE,SWE,6592
1546035,14,208,1080,2012.0,6006.0,16618.0,-0.537197,-0.22305300000000003,AUS,SWE,6592
1546036,15,208,1080,2012.0,85726.0,49133.0,1.710955,-0.8860399999999999,AUT,SWE,6592
1546037,18,208,1080,2012.0,19498.0,34243.0,1.06425,1.369205,BEL,SWE,6592
1546038,23,208,1080,2012.0,0.0,24093.0,0.601161,1.594487,BGR,SWE,6592
1546039,24,208,1080,2012.0,9385.0,0.0,-0.01785,-0.780651,BHR,SWE,6592
1546040,39,208,1080,2012.0,0.0,99402.0,0.630575,1.28653,CAN,SWE,6592
1546041,41,208,1080,2012.0,21615.0,334132.0,2.0265150000000003,0.6496689999999999,CHE,SWE,6592
1546042,42,208,1080,2012.0,0.0,1195.0,-0.180309,-0.33571799999999996,CHL,SWE,6592
1546043,43,208,1080,2012.0,202044.0,162980.0,1.2170590000000001,0.584412,CHN,SWE,6592
1546044,44,208,1080,2012.0,6453.0,0.0,-1.014737,-0.8629049999999999,CIV,SWE,6592
1546045,59,208,1080,2012.0,0.0,7180.0,1.7368299999999999,-0.651329,CZE,SWE,6592
1546046,61,208,1080,2012.0,785065.0,493261.0,1.977443,-3.692254,DEU,SWE,6592
1546047,64,208,1080,2012.0,4805006.0,192124.0,1.159478,1.053761,DNK,SWE,6592
1546048,68,208,1080,2012.0,2556686.0,5981.0,-0.145791,1.470876,EGY,SWE,6592
1546049,71,208,1080,2012.0,1061.0,80063.0,0.925701,1.8700189999999999,ESP,SWE,6592
1546050,72,208,1080,2012.0,0.0,53323.0,0.8603,1.3146870000000002,EST,SWE,6592
1546051,74,208,1080,2012.0,4325.0,188785.0,1.5813700000000002,0.872251,FIN,SWE,6592
1546052,77,208,1080,2012.0,0.0,77641.0,1.414721,0.07219600000000001,FRA,SWE,6592
1546053,78,208,1080,2012.0,0.0,40278.0,-1.12875,-0.993714,FRO,SWE,6592
1546054,81,208,1080,2012.0,231792.0,194247.0,1.544653,0.776512,GBR,SWE,6592
1546055,90,208,1080,2012.0,0.0,15799.0,0.161352,1.273024,GRC,SWE,6592
1546056,92,208,1080,2012.0,0.0,5335.0,-0.790721,-0.882532,GRL,SWE,6592
1546057,93,208,1080,2012.0,2365.0,0.0,-0.15801400000000002,0.5786640000000001,GTM,SWE,6592
1546058,97,208,1080,2012.0,5063.0,9420.0,0.788308,1.029625,HKG,SWE,6592
1546059,100,208,1080,2012.0,0.0,13075.0,0.881764,1.149456,HRV,SWE,6592
1546060,102,208,1080,2012.0,0.0,9593.0,1.61049,0.44614799999999993,HUN,SWE,6592
1546061,104,208,1080,2012.0,1324319.0,0.0,0.24883200000000003,2.463711,IND,SWE,6592
1546062,106,208,1080,2012.0,0.0,4337.0,1.1761549999999998,0.279569,IRL,SWE,6592
1546063,107,208,1080,2012.0,2154072.0,4724.0,-1.06794,-0.993099,IRN,SWE,6592
1546064,109,208,1080,2012.0,0.0,23022.0,0.20266800000000001,-0.203262,ISL,SWE,6592
1546065,110,208,1080,2012.0,0.0,20478.0,1.125254,0.736004,ISR,SWE,6592
1546066,111,208,1080,2012.0,136042.0,189997.0,1.396626,-0.43950500000000003,ITA,SWE,6592
1546067,113,208,1080,2012.0,0.0,1233.0,0.29205,0.638942,JOR,SWE,6592
1546068,114,208,1080,2012.0,23363.0,388915.0,2.325746,-0.8705649999999999,JPN,SWE,6592
1546069,121,208,1080,2012.0,0.0,31337.0,1.839479,0.8272799999999999,KOR,SWE,6592
1546070,122,208,1080,2012.0,0.0,2806.0,-1.130729,-1.083905,KWT,SWE,6592
1546071,124,208,1080,2012.0,0.0,3409.0,0.36778099999999997,1.3771010000000001,LBN,SWE,6592
1546072,130,208,1080,2012.0,79566.0,69747.0,0.739945,1.217062,LTU,SWE,6592
1546073,131,208,1080,2012.0,0.0,1058.0,1.0163739999999999,1.178021,LUX,SWE,6592
1546074,132,208,1080,2012.0,0.0,7056.0,0.704565,1.000552,LVA,SWE,6592
1546075,134,208,1080,2012.0,7484.0,3026.0,-0.330598,0.037439,MAR,SWE,6592
1546076,153,208,1080,2012.0,12577.0,8799.0,0.93739,0.726329,MYS,SWE,6592
1546077,162,208,1080,2012.0,15698.0,43845.0,0.961975,1.517883,NLD,SWE,6592
1546078,163,208,1080,2012.0,96128.0,1277468.0,0.5462670000000001,-0.042712,NOR,SWE,6592
1546079,164,208,1080,2012.0,179761.0,0.0,0.023836000000000003,0.702753,NPL,SWE,6592
1546080,168,208,1080,2012.0,1065390.0,0.0,-0.600346,0.474208,PAK,SWE,6592
1546081,173,208,1080,2012.0,1524.0,0.0,-0.47011499999999995,0.340251,PER,SWE,6592
1546082,177,208,1080,2012.0,0.0,23092.0,1.039598,1.145227,POL,SWE,6592
1546083,179,208,1080,2012.0,12031.0,21170.0,0.697799,2.122262,PRT,SWE,6592
1546084,185,208,1080,2012.0,0.0,20168.0,0.952936,1.227809,ROU,SWE,6592
1546085,186,208,1080,2012.0,0.0,137088.0,-0.123649,-0.218926,RUS,SWE,6592
1546086,188,208,1080,2012.0,1285.0,7726.0,-0.621115,-0.975865,SAU,SWE,6592
1546087,192,208,1080,2012.0,4372.0,22167.0,1.762134,0.583393,SGP,SWE,6592
1546088,201,208,1080,2012.0,0.0,3423.0,0.696674,1.544065,SRB,SWE,6592
1546089,206,208,1080,2012.0,0.0,4203.0,1.3586200000000002,0.805751,SVK,SWE,6592
1546090,216,208,1080,2012.0,0.0,10425.0,1.015684,1.20697,THA,SWE,6592
1546091,223,208,1080,2012.0,21562.0,0.0,0.509432,0.8157810000000001,TUN,SWE,6592
1546092,224,208,1080,2012.0,2510085.0,3997.0,0.657573,1.969027,TUR,SWE,6592
1546093,231,208,1080,2012.0,12876.0,335776.0,1.51134,-0.637794,USA,SWE,6592
1546094,239,208,1080,2012.0,5472.0,0.0,0.0755,1.008183,VNM,SWE,6592
1546095,249,208,1080,2012.0,0.0,6000.0,1.671686,0.9854729999999999,TWN,SWE,6592
1546096,2,216,1080,2012.0,0.0,1025.0,-1.610059,-1.1253739999999999,AGO,THA,6592
1546097,7,216,1080,2012.0,22994.0,420033.0,0.256232,-0.46518400000000004,ARE,THA,6592
1546098,8,216,1080,2012.0,12296.0,0.0,-0.019015,0.548292,ARG,THA,6592
1546099,14,216,1080,2012.0,0.0,68436.0,-0.537197,-0.22305300000000003,AUS,THA,6592
1546100,15,216,1080,2012.0,0.0,2234.0,1.710955,-0.8860399999999999,AUT,THA,6592
1546101,22,216,1080,2012.0,2902.0,12765.0,-0.62037,-0.6858350000000001,BGD,THA,6592
1546102,24,216,1080,2012.0,0.0,19558.0,-0.01785,-0.780651,BHR,THA,6592
1546103,32,216,1080,2012.0,0.0,20514.0,0.340455,0.9006790000000001,BRA,THA,6592
1546104,34,216,1080,2012.0,0.0,291708.0,-2.9686049999999997,-0.8427290000000001,BRN,THA,6592
1546105,39,216,1080,2012.0,0.0,101242.0,0.630575,1.28653,CAN,THA,6592
1546106,41,216,1080,2012.0,25687.0,14342.0,2.0265150000000003,0.6496689999999999,CHE,THA,6592
1546107,43,216,1080,2012.0,764605.0,87981.0,1.2170590000000001,0.584412,CHN,THA,6592
1546108,47,216,1080,2012.0,0.0,38341.0,-1.153559,-1.069009,COG,THA,6592
1546109,61,216,1080,2012.0,18858.0,22542.0,1.977443,-3.692254,DEU,THA,6592
1546110,68,216,1080,2012.0,0.0,1921.0,-0.145791,1.470876,EGY,THA,6592
1546111,71,216,1080,2012.0,9628.0,52226.0,0.925701,1.8700189999999999,ESP,THA,6592
1546112,75,216,1080,2012.0,0.0,29321.0,-0.332623,0.020258,FJI,THA,6592
1546113,77,216,1080,2012.0,76987.0,20225.0,1.414721,0.07219600000000001,FRA,THA,6592
1546114,81,216,1080,2012.0,1448.0,46736.0,1.544653,0.776512,GBR,THA,6592
1546115,97,216,1080,2012.0,0.0,21304.0,0.788308,1.029625,HKG,THA,6592
1546116,103,216,1080,2012.0,213274.0,463850.0,0.045694,1.635448,IDN,THA,6592
1546117,104,216,1080,2012.0,3583310.0,2383.0,0.24883200000000003,2.463711,IND,THA,6592
1546118,106,216,1080,2012.0,1928.0,0.0,1.1761549999999998,0.279569,IRL,THA,6592
1546119,107,216,1080,2012.0,6951.0,0.0,-1.06794,-0.993099,IRN,THA,6592
1546120,110,216,1080,2012.0,0.0,1903.0,1.125254,0.736004,ISR,THA,6592
1546121,111,216,1080,2012.0,5026.0,43774.0,1.396626,-0.43950500000000003,ITA,THA,6592
1546122,114,216,1080,2012.0,3067.0,351492.0,2.325746,-0.8705649999999999,JPN,THA,6592
1546123,118,216,1080,2012.0,0.0,41233.0,-0.6328739999999999,-0.9080030000000001,KHM,THA,6592
1546124,121,216,1080,2012.0,0.0,4721.0,1.839479,0.8272799999999999,KOR,THA,6592
1546125,123,216,1080,2012.0,0.0,12654.0,-0.874401,-0.737471,LAO,THA,6592
1546126,130,216,1080,2012.0,17607.0,0.0,0.739945,1.217062,LTU,THA,6592
1546127,133,216,1080,2012.0,0.0,1976.0,0.7714310000000001,0.727348,MAC,THA,6592
1546128,137,216,1080,2012.0,0.0,10221.0,-0.12348699999999999,-0.7748430000000001,MDV,THA,6592
1546129,142,216,1080,2012.0,0.0,4015.0,0.775001,0.048663,MLT,THA,6592
1546130,143,216,1080,2012.0,0.0,88496.0,-1.157555,-0.9009149999999999,MMR,THA,6592
1546131,153,216,1080,2012.0,0.0,1014385.0,0.93739,0.726329,MYS,THA,6592
1546132,162,216,1080,2012.0,7991.0,2340.0,0.961975,1.517883,NLD,THA,6592
1546133,164,216,1080,2012.0,3009.0,0.0,0.023836000000000003,0.702753,NPL,THA,6592
1546134,166,216,1080,2012.0,1097.0,53244.0,0.21502399999999997,0.746456,NZL,THA,6592
1546135,167,216,1080,2012.0,0.0,18489.0,-0.782802,-1.065774,OMN,THA,6592
1546136,168,216,1080,2012.0,34112.0,0.0,-0.600346,0.474208,PAK,THA,6592
1546137,174,216,1080,2012.0,6257.0,70799.0,0.44656,0.55585,PHL,THA,6592
1546138,183,216,1080,2012.0,0.0,2275.0,-0.6436029999999999,-0.990323,QAT,THA,6592
1546139,188,216,1080,2012.0,0.0,18076.0,-0.621115,-0.975865,SAU,THA,6592
1546140,192,216,1080,2012.0,27277.0,8121.0,1.762134,0.583393,SGP,THA,6592
1546141,208,216,1080,2012.0,10425.0,0.0,1.721268,0.15675,SWE,THA,6592
1546142,211,216,1080,2012.0,0.0,1403.0,-0.408819,-0.753598,SYC,THA,6592
1546143,221,216,1080,2012.0,0.0,16559.0,-0.126859,-0.509424,TON,THA,6592
1546144,224,216,1080,2012.0,5182.0,3890.0,0.657573,1.969027,TUR,THA,6592
1546145,226,216,1080,2012.0,0.0,6111.0,-0.490001,1.149681,TZA,THA,6592
1546146,228,216,1080,2012.0,0.0,12095.0,0.533547,1.159378,UKR,THA,6592
1546147,231,216,1080,2012.0,141810.0,416784.0,1.51134,-0.637794,USA,THA,6592
1546148,239,216,1080,2012.0,0.0,145905.0,0.0755,1.008183,VNM,THA,6592
1546149,246,216,1080,2012.0,0.0,14830.0,0.06510099999999999,1.748521,ZAF,THA,6592
1546150,249,216,1080,2012.0,0.0,16861.0,1.671686,0.9854729999999999,TWN,THA,6592
1546151,18,222,1080,2012.0,3990.0,0.0,1.06425,1.369205,BEL,TTO,6592
1546152,43,222,1080,2012.0,51809.0,0.0,1.2170590000000001,0.584412,CHN,TTO,6592
1546153,103,222,1080,2012.0,8044.0,0.0,0.045694,1.635448,IDN,TTO,6592
1546154,104,222,1080,2012.0,4404.0,0.0,0.24883200000000003,2.463711,IND,TTO,6592
1546155,169,222,1080,2012.0,3784.0,0.0,1.001878,1.18554,PAN,TTO,6592
1546156,192,222,1080,2012.0,96788.0,0.0,1.762134,0.583393,SGP,TTO,6592
1546157,224,222,1080,2012.0,30964.0,0.0,0.657573,1.969027,TUR,TTO,6592
1546158,231,222,1080,2012.0,130397.0,0.0,1.51134,-0.637794,USA,TTO,6592
1546159,1,224,1080,2012.0,2109704.0,0.0,-0.666296,-0.7860689999999999,AFG,TUR,6592
1546160,2,224,1080,2012.0,0.0,217375.0,-1.610059,-1.1253739999999999,AGO,TUR,6592
1546161,4,224,1080,2012.0,0.0,32631.0,-0.331512,-0.049776,ALB,TUR,6592
1546162,7,224,1080,2012.0,0.0,689289.0,0.256232,-0.46518400000000004,ARE,TUR,6592
1546163,14,224,1080,2012.0,0.0,648336.0,-0.537197,-0.22305300000000003,AUS,TUR,6592
1546164,15,224,1080,2012.0,2146.0,1382737.0,1.710955,-0.8860399999999999,AUT,TUR,6592
1546165,16,224,1080,2012.0,16614.0,88860.0,-1.44287,-1.261817,AZE,TUR,6592
1546166,18,224,1080,2012.0,2690.0,808935.0,1.06425,1.369205,BEL,TUR,6592
1546167,21,224,1080,2012.0,0.0,6369.0,-0.624286,-0.689179,BFA,TUR,6592
1546168,22,224,1080,2012.0,1311707.0,0.0,-0.62037,-0.6858350000000001,BGD,TUR,6592
1546169,23,224,1080,2012.0,0.0,2840620.0,0.601161,1.594487,BGR,TUR,6592
1546170,24,224,1080,2012.0,0.0,31119.0,-0.01785,-0.780651,BHR,TUR,6592
1546171,26,224,1080,2012.0,0.0,13637.0,0.6672520000000001,1.16153,BIH,TUR,6592
1546172,28,224,1080,2012.0,0.0,95686.0,1.0976059999999999,0.861051,BLR,TUR,6592
1546173,32,224,1080,2012.0,1022.0,322907.0,0.340455,0.9006790000000001,BRA,TUR,6592
1546174,34,224,1080,2012.0,0.0,4464.0,-2.9686049999999997,-0.8427290000000001,BRN,TUR,6592
1546175,39,224,1080,2012.0,0.0,626764.0,0.630575,1.28653,CAN,TUR,6592
1546176,41,224,1080,2012.0,9681.0,2976248.0,2.0265150000000003,0.6496689999999999,CHE,TUR,6592
1546177,42,224,1080,2012.0,0.0,241756.0,-0.180309,-0.33571799999999996,CHL,TUR,6592
1546178,43,224,1080,2012.0,28630306.0,566259.0,1.2170590000000001,0.584412,CHN,TUR,6592
1546179,44,224,1080,2012.0,0.0,3456.0,-1.014737,-0.8629049999999999,CIV,TUR,6592
1546180,49,224,1080,2012.0,0.0,1595.0,0.034488,-0.340545,COL,TUR,6592
1546181,58,224,1080,2012.0,0.0,158309.0,0.621962,0.188051,CYP,TUR,6592
1546182,59,224,1080,2012.0,208514.0,19508366.0,1.7368299999999999,-0.651329,CZE,TUR,6592
1546183,61,224,1080,2012.0,1159694.0,3394748.0,1.977443,-3.692254,DEU,TUR,6592
1546184,64,224,1080,2012.0,36211.0,829873.0,1.159478,1.053761,DNK,TUR,6592
1546185,65,224,1080,2012.0,0.0,1285.0,-0.08708300000000001,0.389521,DOM,TUR,6592
1546186,66,224,1080,2012.0,0.0,61816.0,-1.745941,-1.149894,DZA,TUR,6592
1546187,68,224,1080,2012.0,2613692.0,166309.0,-0.145791,1.470876,EGY,TUR,6592
1546188,71,224,1080,2012.0,1737.0,490847.0,0.925701,1.8700189999999999,ESP,TUR,6592
1546189,72,224,1080,2012.0,0.0,34950.0,0.8603,1.3146870000000002,EST,TUR,6592
1546190,73,224,1080,2012.0,0.0,7071.0,-0.9118729999999999,-0.8843,ETH,TUR,6592
1546191,74,224,1080,2012.0,0.0,83548.0,1.5813700000000002,0.872251,FIN,TUR,6592
1546192,77,224,1080,2012.0,92455.0,1509906.0,1.414721,0.07219600000000001,FRA,TUR,6592
1546193,81,224,1080,2012.0,263813.0,7478525.0,1.544653,0.776512,GBR,TUR,6592
1546194,82,224,1080,2012.0,0.0,6602.0,-0.244691,-0.552666,GEO,TUR,6592
1546195,83,224,1080,2012.0,0.0,7960.0,-1.0541049999999998,-0.7275590000000001,GHA,TUR,6592
1546196,85,224,1080,2012.0,0.0,6775.0,-1.904106,-1.2584950000000001,GIN,TUR,6592
1546197,90,224,1080,2012.0,2955.0,168245.0,0.161352,1.273024,GRC,TUR,6592
1546198,93,224,1080,2012.0,0.0,20062.0,-0.15801400000000002,0.5786640000000001,GTM,TUR,6592
1546199,96,224,1080,2012.0,0.0,58499.0,-0.748712,-0.8608950000000001,GUY,TUR,6592
1546200,97,224,1080,2012.0,0.0,21579.0,0.788308,1.029625,HKG,TUR,6592
1546201,100,224,1080,2012.0,0.0,47115.0,0.881764,1.149456,HRV,TUR,6592
1546202,102,224,1080,2012.0,0.0,43108.0,1.61049,0.44614799999999993,HUN,TUR,6592
1546203,103,224,1080,2012.0,194423.0,126818.0,0.045694,1.635448,IDN,TUR,6592
1546204,104,224,1080,2012.0,33985164.0,25690.0,0.24883200000000003,2.463711,IND,TUR,6592
1546205,106,224,1080,2012.0,0.0,473985.0,1.1761549999999998,0.279569,IRL,TUR,6592
1546206,107,224,1080,2012.0,1344878.0,655922.0,-1.06794,-0.993099,IRN,TUR,6592
1546207,108,224,1080,2012.0,4221.0,5283470.0,-3.076964,-0.852475,IRQ,TUR,6592
1546208,110,224,1080,2012.0,0.0,397438.0,1.125254,0.736004,ISR,TUR,6592
1546209,111,224,1080,2012.0,318499.0,3255088.0,1.396626,-0.43950500000000003,ITA,TUR,6592
1546210,113,224,1080,2012.0,0.0,26838.0,0.29205,0.638942,JOR,TUR,6592
1546211,114,224,1080,2012.0,122656.0,17368690.0,2.325746,-0.8705649999999999,JPN,TUR,6592
1546212,115,224,1080,2012.0,0.0,191019.0,-0.447428,-0.42193,KAZ,TUR,6592
1546213,117,224,1080,2012.0,0.0,5008.0,0.044116,0.678193,KGZ,TUR,6592
1546214,121,224,1080,2012.0,0.0,15826.0,1.839479,0.8272799999999999,KOR,TUR,6592
1546215,122,224,1080,2012.0,0.0,37464.0,-1.130729,-1.083905,KWT,TUR,6592
1546216,124,224,1080,2012.0,135909.0,423536.0,0.36778099999999997,1.3771010000000001,LBN,TUR,6592
1546217,125,224,1080,2012.0,0.0,1600.0,-1.0455219999999998,-1.119357,LBR,TUR,6592
1546218,126,224,1080,2012.0,0.0,61323.0,-2.778437,-1.15615,LBY,TUR,6592
1546219,128,224,1080,2012.0,0.0,32557.0,-0.24579299999999998,0.518273,LKA,TUR,6592
1546220,130,224,1080,2012.0,0.0,1739378.0,0.739945,1.217062,LTU,TUR,6592
1546221,131,224,1080,2012.0,0.0,8178.0,1.0163739999999999,1.178021,LUX,TUR,6592
1546222,132,224,1080,2012.0,0.0,2131889.0,0.704565,1.000552,LVA,TUR,6592
1546223,134,224,1080,2012.0,0.0,30013.0,-0.330598,0.037439,MAR,TUR,6592
1546224,138,224,1080,2012.0,0.0,333119.0,1.166986,0.662798,MEX,TUR,6592
1546225,140,224,1080,2012.0,38045.0,3883.0,-0.08785599999999999,0.153128,MKD,TUR,6592
1546226,144,224,1080,2012.0,0.0,15104.0,0.028479,-0.045841,MNE,TUR,6592
1546227,147,224,1080,2012.0,0.0,1556.0,-1.274567,-1.045444,MOZ,TUR,6592
1546228,148,224,1080,2012.0,0.0,175609.0,-1.501575,-1.294704,MRT,TUR,6592
1546229,151,224,1080,2012.0,0.0,10414.0,-0.101344,0.22300100000000003,MUS,TUR,6592
1546230,153,224,1080,2012.0,0.0,320927.0,0.93739,0.726329,MYS,TUR,6592
1546231,156,224,1080,2012.0,0.0,3582.0,-0.650737,-0.897949,NCL,TUR,6592
1546232,157,224,1080,2012.0,0.0,4124.0,-1.274453,-1.12791,NER,TUR,6592
1546233,159,224,1080,2012.0,0.0,13390.0,-1.616498,-1.174816,NGA,TUR,6592
1546234,162,224,1080,2012.0,40573.0,1747628.0,0.961975,1.517883,NLD,TUR,6592
1546235,163,224,1080,2012.0,0.0,658498.0,0.5462670000000001,-0.042712,NOR,TUR,6592
1546236,164,224,1080,2012.0,1560646.0,47754.0,0.023836000000000003,0.702753,NPL,TUR,6592
1546237,166,224,1080,2012.0,0.0,120753.0,0.21502399999999997,0.746456,NZL,TUR,6592
1546238,167,224,1080,2012.0,3821.0,53885.0,-0.782802,-1.065774,OMN,TUR,6592
1546239,168,224,1080,2012.0,14771982.0,37916.0,-0.600346,0.474208,PAK,TUR,6592
1546240,169,224,1080,2012.0,0.0,10924.0,1.001878,1.18554,PAN,TUR,6592
1546241,173,224,1080,2012.0,0.0,66651.0,-0.47011499999999995,0.340251,PER,TUR,6592
1546242,177,224,1080,2012.0,2544.0,254721.0,1.039598,1.145227,POL,TUR,6592
1546243,179,224,1080,2012.0,0.0,86802.0,0.697799,2.122262,PRT,TUR,6592
1546244,181,224,1080,2012.0,0.0,4704.0,0.14912899999999998,0.8572770000000001,PSE,TUR,6592
1546245,183,224,1080,2012.0,2454.0,26964.0,-0.6436029999999999,-0.990323,QAT,TUR,6592
1546246,185,224,1080,2012.0,170737.0,17322.0,0.952936,1.227809,ROU,TUR,6592
1546247,186,224,1080,2012.0,16057.0,116696.0,-0.123649,-0.218926,RUS,TUR,6592
1546248,188,224,1080,2012.0,38803.0,163812.0,-0.621115,-0.975865,SAU,TUR,6592
1546249,190,224,1080,2012.0,0.0,3114.0,-1.2913139999999999,-1.144454,SDN,TUR,6592
1546250,191,224,1080,2012.0,0.0,35624.0,-0.379797,0.020130000000000002,SEN,TUR,6592
1546251,192,224,1080,2012.0,33348.0,731271.0,1.762134,0.583393,SGP,TUR,6592
1546252,201,224,1080,2012.0,0.0,247137.0,0.696674,1.544065,SRB,TUR,6592
1546253,206,224,1080,2012.0,0.0,2655192.0,1.3586200000000002,0.805751,SVK,TUR,6592
1546254,207,224,1080,2012.0,0.0,5980.0,1.4933049999999999,0.58207,SVN,TUR,6592
1546255,208,224,1080,2012.0,3997.0,2510085.0,1.721268,0.15675,SWE,TUR,6592
1546256,216,224,1080,2012.0,3890.0,5182.0,1.015684,1.20697,THA,TUR,6592
1546257,219,224,1080,2012.0,0.0,78375.0,-1.406457,-1.2194200000000002,TKM,TUR,6592
1546258,222,224,1080,2012.0,0.0,30964.0,-0.257402,-0.9802709999999999,TTO,TUR,6592
1546259,226,224,1080,2012.0,0.0,39004.0,-0.490001,1.149681,TZA,TUR,6592
1546260,228,224,1080,2012.0,0.0,69680.0,0.533547,1.159378,UKR,TUR,6592
1546261,230,224,1080,2012.0,0.0,10664.0,0.013581000000000001,0.047302,URY,TUR,6592
1546262,231,224,1080,2012.0,2546683.0,26680400.0,1.51134,-0.637794,USA,TUR,6592
1546263,232,224,1080,2012.0,106378.0,0.0,-0.426961,-0.539122,UZB,TUR,6592
1546264,236,224,1080,2012.0,0.0,2061.0,-1.6796689999999999,-1.168002,VEN,TUR,6592
1546265,239,224,1080,2012.0,0.0,44403.0,0.0755,1.008183,VNM,TUR,6592
1546266,243,224,1080,2012.0,0.0,527140.0,-1.180884,-1.22621,YEM,TUR,6592
1546267,246,224,1080,2012.0,0.0,297131.0,0.06510099999999999,1.748521,ZAF,TUR,6592
1546268,249,224,1080,2012.0,0.0,12570.0,1.671686,0.9854729999999999,TWN,TUR,6592
1546269,250,224,1080,2012.0,2231.0,8635212.0,0.34242399999999995,-0.007095999999999999,ANS,TUR,6592
1546270,15,228,1080,2012.0,3537.0,0.0,1.710955,-0.8860399999999999,AUT,UKR,6592
1546271,41,228,1080,2012.0,0.0,1753.0,2.0265150000000003,0.6496689999999999,CHE,UKR,6592
1546272,43,228,1080,2012.0,67751.0,0.0,1.2170590000000001,0.584412,CHN,UKR,6592
1546273,61,228,1080,2012.0,60454.0,0.0,1.977443,-3.692254,DEU,UKR,6592
1546274,68,228,1080,2012.0,418785.0,0.0,-0.145791,1.470876,EGY,UKR,6592
1546275,71,228,1080,2012.0,14496.0,0.0,0.925701,1.8700189999999999,ESP,UKR,6592
1546276,74,228,1080,2012.0,1679.0,0.0,1.5813700000000002,0.872251,FIN,UKR,6592
1546277,81,228,1080,2012.0,43290.0,0.0,1.544653,0.776512,GBR,UKR,6592
1546278,102,228,1080,2012.0,14418.0,0.0,1.61049,0.44614799999999993,HUN,UKR,6592
1546279,104,228,1080,2012.0,216991.0,0.0,0.24883200000000003,2.463711,IND,UKR,6592
1546280,107,228,1080,2012.0,15787.0,1608.0,-1.06794,-0.993099,IRN,UKR,6592
1546281,111,228,1080,2012.0,384171.0,0.0,1.396626,-0.43950500000000003,ITA,UKR,6592
1546282,135,228,1080,2012.0,8848.0,0.0,0.166439,0.555431,MDA,UKR,6592
1546283,151,228,1080,2012.0,13171.0,0.0,-0.101344,0.22300100000000003,MUS,UKR,6592
1546284,162,228,1080,2012.0,9437.0,0.0,0.961975,1.517883,NLD,UKR,6592
1546285,168,228,1080,2012.0,87496.0,0.0,-0.600346,0.474208,PAK,UKR,6592
1546286,177,228,1080,2012.0,8430.0,0.0,1.039598,1.145227,POL,UKR,6592
1546287,216,228,1080,2012.0,12095.0,0.0,1.015684,1.20697,THA,UKR,6592
1546288,224,228,1080,2012.0,69680.0,0.0,0.657573,1.969027,TUR,UKR,6592
1546289,231,228,1080,2012.0,5985.0,0.0,1.51134,-0.637794,USA,UKR,6592
1546290,32,230,1080,2012.0,1908.0,0.0,0.340455,0.9006790000000001,BRA,URY,6592
1546291,41,230,1080,2012.0,2667.0,0.0,2.0265150000000003,0.6496689999999999,CHE,URY,6592
1546292,43,230,1080,2012.0,50567.0,0.0,1.2170590000000001,0.584412,CHN,URY,6592
1546293,61,230,1080,2012.0,1689.0,0.0,1.977443,-3.692254,DEU,URY,6592
1546294,64,230,1080,2012.0,1374.0,0.0,1.159478,1.053761,DNK,URY,6592
1546295,68,230,1080,2012.0,244652.0,0.0,-0.145791,1.470876,EGY,URY,6592
1546296,71,230,1080,2012.0,1369.0,0.0,0.925701,1.8700189999999999,ESP,URY,6592
1546297,104,230,1080,2012.0,10683.0,0.0,0.24883200000000003,2.463711,IND,URY,6592
1546298,107,230,1080,2012.0,9800.0,0.0,-1.06794,-0.993099,IRN,URY,6592
1546299,111,230,1080,2012.0,121760.0,0.0,1.396626,-0.43950500000000003,ITA,URY,6592
1546300,162,230,1080,2012.0,0.0,2404.0,0.961975,1.517883,NLD,URY,6592
1546301,168,230,1080,2012.0,4218.0,0.0,-0.600346,0.474208,PAK,URY,6592
1546302,224,230,1080,2012.0,10664.0,0.0,0.657573,1.969027,TUR,URY,6592
1546303,231,230,1080,2012.0,96026.0,0.0,1.51134,-0.637794,USA,URY,6592
1546304,0,231,1080,2012.0,0.0,7786.0,0.040139999999999995,-0.628788,ABW,USA,6592
1546305,1,231,1080,2012.0,2190972.0,0.0,-0.666296,-0.7860689999999999,AFG,USA,6592
1546306,2,231,1080,2012.0,0.0,11448.0,-1.610059,-1.1253739999999999,AGO,USA,6592
1546307,3,231,1080,2012.0,0.0,15000.0,1.539285,0.52746,AIA,USA,6592
1546308,7,231,1080,2012.0,33476.0,218177.0,0.256232,-0.46518400000000004,ARE,USA,6592
1546309,8,231,1080,2012.0,12923.0,15484.0,-0.019015,0.548292,ARG,USA,6592
1546310,9,231,1080,2012.0,97875.0,0.0,0.45677399999999996,-0.001422,ARM,USA,6592
1546311,13,231,1080,2012.0,0.0,13819.0,0.891969,1.130457,ATG,USA,6592
1546312,14,231,1080,2012.0,100382.0,1808186.0,-0.537197,-0.22305300000000003,AUS,USA,6592
1546313,15,231,1080,2012.0,59403.0,122524.0,1.710955,-0.8860399999999999,AUT,USA,6592
1546314,16,231,1080,2012.0,6973.0,0.0,-1.44287,-1.261817,AZE,USA,6592
1546315,18,231,1080,2012.0,191832.0,64895.0,1.06425,1.369205,BEL,USA,6592
1546316,22,231,1080,2012.0,113493.0,0.0,-0.62037,-0.6858350000000001,BGD,USA,6592
1546317,23,231,1080,2012.0,3738.0,0.0,0.601161,1.594487,BGR,USA,6592
1546318,24,231,1080,2012.0,4043.0,0.0,-0.01785,-0.780651,BHR,USA,6592
1546319,25,231,1080,2012.0,38906.0,542840.0,0.37130799999999997,-0.526134,BHS,USA,6592
1546320,26,231,1080,2012.0,0.0,1592.0,0.6672520000000001,1.16153,BIH,USA,6592
1546321,29,231,1080,2012.0,0.0,3568.0,-0.5242899999999999,-0.673233,BLZ,USA,6592
1546322,30,231,1080,2012.0,0.0,16602.0,0.608009,-0.524496,BMU,USA,6592
1546323,31,231,1080,2012.0,0.0,2536.0,-0.698325,-0.728248,BOL,USA,6592
1546324,32,231,1080,2012.0,12309.0,83059.0,0.340455,0.9006790000000001,BRA,USA,6592
1546325,33,231,1080,2012.0,0.0,45622.0,0.653472,0.43920600000000004,BRB,USA,6592
1546326,34,231,1080,2012.0,0.0,18630.0,-2.9686049999999997,-0.8427290000000001,BRN,USA,6592
1546327,37,231,1080,2012.0,0.0,2053.0,-0.47585200000000005,-1.061016,BWA,USA,6592
1546328,39,231,1080,2012.0,1041497.0,6652865.0,0.630575,1.28653,CAN,USA,6592
1546329,41,231,1080,2012.0,55136.0,221975.0,2.0265150000000003,0.6496689999999999,CHE,USA,6592
1546330,42,231,1080,2012.0,0.0,290258.0,-0.180309,-0.33571799999999996,CHL,USA,6592
1546331,43,231,1080,2012.0,22522160.0,485967.0,1.2170590000000001,0.584412,CHN,USA,6592
1546332,45,231,1080,2012.0,0.0,6182.0,-1.018794,-1.013026,CMR,USA,6592
1546333,49,231,1080,2012.0,37662.0,155034.0,0.034488,-0.340545,COL,USA,6592
1546334,52,231,1080,2012.0,0.0,48433.0,0.24381799999999998,-0.560793,CRI,USA,6592
1546335,55,231,1080,2012.0,0.0,10563.0,0.003982,-0.685596,CUW,USA,6592
1546336,57,231,1080,2012.0,0.0,98237.0,0.591658,-0.636717,CYM,USA,6592
1546337,58,231,1080,2012.0,0.0,58907.0,0.621962,0.188051,CYP,USA,6592
1546338,59,231,1080,2012.0,0.0,95498.0,1.7368299999999999,-0.651329,CZE,USA,6592
1546339,61,231,1080,2012.0,3109018.0,1045213.0,1.977443,-3.692254,DEU,USA,6592
1546340,63,231,1080,2012.0,0.0,3710.0,0.533405,0.328602,DMA,USA,6592
1546341,64,231,1080,2012.0,30572.0,38439.0,1.159478,1.053761,DNK,USA,6592
1546342,65,231,1080,2012.0,0.0,92401.0,-0.08708300000000001,0.389521,DOM,USA,6592
1546343,67,231,1080,2012.0,0.0,76384.0,-0.66209,-0.796325,ECU,USA,6592
1546344,68,231,1080,2012.0,5682172.0,193143.0,-0.145791,1.470876,EGY,USA,6592
1546345,71,231,1080,2012.0,200881.0,73919.0,0.925701,1.8700189999999999,ESP,USA,6592
1546346,73,231,1080,2012.0,2650.0,26783.0,-0.9118729999999999,-0.8843,ETH,USA,6592
1546347,74,231,1080,2012.0,2646.0,38409.0,1.5813700000000002,0.872251,FIN,USA,6592
1546348,75,231,1080,2012.0,0.0,11020.0,-0.332623,0.020258,FJI,USA,6592
1546349,77,231,1080,2012.0,788051.0,168357.0,1.414721,0.07219600000000001,FRA,USA,6592
1546350,79,231,1080,2012.0,0.0,1009.0,-0.801932,-0.943779,FSM,USA,6592
1546351,81,231,1080,2012.0,904050.0,1261035.0,1.544653,0.776512,GBR,USA,6592
1546352,83,231,1080,2012.0,3108.0,23150.0,-1.0541049999999998,-0.7275590000000001,GHA,USA,6592
1546353,89,231,1080,2012.0,0.0,39254.0,-1.3664319999999999,-0.834513,GNQ,USA,6592
1546354,90,231,1080,2012.0,146867.0,0.0,0.161352,1.273024,GRC,USA,6592
1546355,91,231,1080,2012.0,0.0,21931.0,0.309674,-0.386334,GRD,USA,6592
1546356,93,231,1080,2012.0,10571.0,94730.0,-0.15801400000000002,0.5786640000000001,GTM,USA,6592
1546357,96,231,1080,2012.0,0.0,54386.0,-0.748712,-0.8608950000000001,GUY,USA,6592
1546358,97,231,1080,2012.0,27617.0,354105.0,0.788308,1.029625,HKG,USA,6592
1546359,99,231,1080,2012.0,0.0,44140.0,-0.362811,-0.012651,HND,USA,6592
1546360,103,231,1080,2012.0,224153.0,15563.0,0.045694,1.635448,IDN,USA,6592
1546361,104,231,1080,2012.0,115728192.0,983378.0,0.24883200000000003,2.463711,IND,USA,6592
1546362,106,231,1080,2012.0,469148.0,5770.0,1.1761549999999998,0.279569,IRL,USA,6592
1546363,107,231,1080,2012.0,310969.0,0.0,-1.06794,-0.993099,IRN,USA,6592
1546364,108,231,1080,2012.0,5515.0,0.0,-3.076964,-0.852475,IRQ,USA,6592
1546365,109,231,1080,2012.0,0.0,5703.0,0.20266800000000001,-0.203262,ISL,USA,6592
1546366,110,231,1080,2012.0,39821.0,52512.0,1.125254,0.736004,ISR,USA,6592
1546367,111,231,1080,2012.0,833421.0,356145.0,1.396626,-0.43950500000000003,ITA,USA,6592
1546368,112,231,1080,2012.0,0.0,39119.0,-0.307289,-0.738736,JAM,USA,6592
1546369,113,231,1080,2012.0,14252.0,22811.0,0.29205,0.638942,JOR,USA,6592
1546370,114,231,1080,2012.0,5915.0,79298.0,2.325746,-0.8705649999999999,JPN,USA,6592
1546371,115,231,1080,2012.0,0.0,12132.0,-0.447428,-0.42193,KAZ,USA,6592
1546372,116,231,1080,2012.0,0.0,43038.0,-0.256144,0.21991599999999997,KEN,USA,6592
1546373,118,231,1080,2012.0,18120.0,0.0,-0.6328739999999999,-0.9080030000000001,KHM,USA,6592
1546374,120,231,1080,2012.0,0.0,20580.0,0.945258,-0.193139,KNA,USA,6592
1546375,121,231,1080,2012.0,3746.0,69650.0,1.839479,0.8272799999999999,KOR,USA,6592
1546376,122,231,1080,2012.0,0.0,110680.0,-1.130729,-1.083905,KWT,USA,6592
1546377,123,231,1080,2012.0,1249.0,0.0,-0.874401,-0.737471,LAO,USA,6592
1546378,124,231,1080,2012.0,19372.0,80900.0,0.36778099999999997,1.3771010000000001,LBN,USA,6592
1546379,127,231,1080,2012.0,0.0,3963.0,0.714758,-0.034339,LCA,USA,6592
1546380,128,231,1080,2012.0,0.0,2716.0,-0.24579299999999998,0.518273,LKA,USA,6592
1546381,130,231,1080,2012.0,0.0,11135.0,0.739945,1.217062,LTU,USA,6592
1546382,131,231,1080,2012.0,5152.0,1013.0,1.0163739999999999,1.178021,LUX,USA,6592
1546383,132,231,1080,2012.0,0.0,251908.0,0.704565,1.000552,LVA,USA,6592
1546384,133,231,1080,2012.0,1349.0,753552.0,0.7714310000000001,0.727348,MAC,USA,6592
1546385,134,231,1080,2012.0,1518540.0,4254.0,-0.330598,0.037439,MAR,USA,6592
1546386,137,231,1080,2012.0,0.0,1699.0,-0.12348699999999999,-0.7748430000000001,MDV,USA,6592
1546387,138,231,1080,2012.0,321491.0,582616.0,1.166986,0.662798,MEX,USA,6592
1546388,141,231,1080,2012.0,0.0,1610.0,-0.675086,-0.8228139999999999,MLI,USA,6592
1546389,142,231,1080,2012.0,0.0,44787.0,0.775001,0.048663,MLT,USA,6592
1546390,153,231,1080,2012.0,5513.0,84942.0,0.93739,0.726329,MYS,USA,6592
1546391,155,231,1080,2012.0,1195.0,0.0,-0.404252,-0.330913,NAM,USA,6592
1546392,159,231,1080,2012.0,0.0,57761.0,-1.616498,-1.174816,NGA,USA,6592
1546393,160,231,1080,2012.0,0.0,5547.0,-0.6056279999999999,-0.404956,NIC,USA,6592
1546394,162,231,1080,2012.0,302932.0,312328.0,0.961975,1.517883,NLD,USA,6592
1546395,163,231,1080,2012.0,17360.0,19469.0,0.5462670000000001,-0.042712,NOR,USA,6592
1546396,164,231,1080,2012.0,24869860.0,5589.0,0.023836000000000003,0.702753,NPL,USA,6592
1546397,166,231,1080,2012.0,151476.0,233348.0,0.21502399999999997,0.746456,NZL,USA,6592
1546398,168,231,1080,2012.0,65447392.0,1766884.0,-0.600346,0.474208,PAK,USA,6592
1546399,169,231,1080,2012.0,0.0,178087.0,1.001878,1.18554,PAN,USA,6592
1546400,173,231,1080,2012.0,165004.0,446331.0,-0.47011499999999995,0.340251,PER,USA,6592
1546401,174,231,1080,2012.0,28130.0,22009.0,0.44656,0.55585,PHL,USA,6592
1546402,176,231,1080,2012.0,0.0,1184.0,-1.0462200000000001,-1.022037,PNG,USA,6592
1546403,177,231,1080,2012.0,192012.0,0.0,1.039598,1.145227,POL,USA,6592
1546404,179,231,1080,2012.0,154946.0,7055.0,0.697799,2.122262,PRT,USA,6592
1546405,183,231,1080,2012.0,0.0,13214.0,-0.6436029999999999,-0.990323,QAT,USA,6592
1546406,185,231,1080,2012.0,195965.0,0.0,0.952936,1.227809,ROU,USA,6592
1546407,186,231,1080,2012.0,112763.0,312873.0,-0.123649,-0.218926,RUS,USA,6592
1546408,188,231,1080,2012.0,11206.0,72749.0,-0.621115,-0.975865,SAU,USA,6592
1546409,191,231,1080,2012.0,0.0,33115.0,-0.379797,0.020130000000000002,SEN,USA,6592
1546410,192,231,1080,2012.0,18395.0,91810.0,1.762134,0.583393,SGP,USA,6592
1546411,197,231,1080,2012.0,0.0,46296.0,0.12898900000000002,0.36512,SLV,USA,6592
1546412,201,231,1080,2012.0,0.0,1768.0,0.696674,1.544065,SRB,USA,6592
1546413,205,231,1080,2012.0,0.0,6172.0,-0.47594899999999996,-0.966457,SUR,USA,6592
1546414,208,231,1080,2012.0,335776.0,12876.0,1.721268,0.15675,SWE,USA,6592
1546415,210,231,1080,2012.0,0.0,40557.0,0.969935,-0.7827390000000001,SXM,USA,6592
1546416,212,231,1080,2012.0,4610.0,0.0,0.12079200000000001,2.258125,SYR,USA,6592
1546417,213,231,1080,2012.0,0.0,71332.0,0.28386999999999996,-0.187907,TCA,USA,6592
1546418,216,231,1080,2012.0,416784.0,141810.0,1.015684,1.20697,THA,USA,6592
1546419,218,231,1080,2012.0,87653.0,0.0,0.700571,0.722065,TKL,USA,6592
1546420,219,231,1080,2012.0,2598.0,0.0,-1.406457,-1.2194200000000002,TKM,USA,6592
1546421,221,231,1080,2012.0,0.0,3090.0,-0.126859,-0.509424,TON,USA,6592
1546422,222,231,1080,2012.0,0.0,130397.0,-0.257402,-0.9802709999999999,TTO,USA,6592
1546423,223,231,1080,2012.0,26960.0,0.0,0.509432,0.8157810000000001,TUN,USA,6592
1546424,224,231,1080,2012.0,26680400.0,2546683.0,0.657573,1.969027,TUR,USA,6592
1546425,226,231,1080,2012.0,1467.0,0.0,-0.490001,1.149681,TZA,USA,6592
1546426,228,231,1080,2012.0,0.0,5985.0,0.533547,1.159378,UKR,USA,6592
1546427,230,231,1080,2012.0,0.0,96026.0,0.013581000000000001,0.047302,URY,USA,6592
1546428,232,231,1080,2012.0,2346.0,0.0,-0.426961,-0.539122,UZB,USA,6592
1546429,234,231,1080,2012.0,0.0,2533.0,0.523877,0.065489,VCT,USA,6592
1546430,236,231,1080,2012.0,2128.0,85487.0,-1.6796689999999999,-1.168002,VEN,USA,6592
1546431,237,231,1080,2012.0,0.0,47421.0,0.419843,0.23373899999999997,VGB,USA,6592
1546432,239,231,1080,2012.0,0.0,24159.0,0.0755,1.008183,VNM,USA,6592
1546433,243,231,1080,2012.0,0.0,5077.0,-1.180884,-1.22621,YEM,USA,6592
1546434,246,231,1080,2012.0,2079.0,48429.0,0.06510099999999999,1.748521,ZAF,USA,6592
1546435,249,231,1080,2012.0,25925.0,161980.0,1.671686,0.9854729999999999,TWN,USA,6592
1546436,81,234,1080,2012.0,11135.0,0.0,1.544653,0.776512,GBR,VCT,6592
1546437,231,234,1080,2012.0,2533.0,0.0,1.51134,-0.637794,USA,VCT,6592
1546438,43,236,1080,2012.0,419287.0,0.0,1.2170590000000001,0.584412,CHN,VEN,6592
1546439,61,236,1080,2012.0,14994.0,0.0,1.977443,-3.692254,DEU,VEN,6592
1546440,68,236,1080,2012.0,95673.0,0.0,-0.145791,1.470876,EGY,VEN,6592
1546441,71,236,1080,2012.0,26627.0,0.0,0.925701,1.8700189999999999,ESP,VEN,6592
1546442,97,236,1080,2012.0,1558.0,0.0,0.788308,1.029625,HKG,VEN,6592
1546443,104,236,1080,2012.0,16401.0,0.0,0.24883200000000003,2.463711,IND,VEN,6592
1546444,111,236,1080,2012.0,36257.0,0.0,1.396626,-0.43950500000000003,ITA,VEN,6592
1546445,114,236,1080,2012.0,1008.0,0.0,2.325746,-0.8705649999999999,JPN,VEN,6592
1546446,162,236,1080,2012.0,11856.0,0.0,0.961975,1.517883,NLD,VEN,6592
1546447,169,236,1080,2012.0,202197.0,0.0,1.001878,1.18554,PAN,VEN,6592
1546448,173,236,1080,2012.0,11057.0,0.0,-0.47011499999999995,0.340251,PER,VEN,6592
1546449,224,236,1080,2012.0,2061.0,0.0,0.657573,1.969027,TUR,VEN,6592
1546450,231,236,1080,2012.0,85487.0,2128.0,1.51134,-0.637794,USA,VEN,6592
1546451,7,243,1080,2012.0,162314.0,0.0,0.256232,-0.46518400000000004,ARE,YEM,6592
1546452,18,243,1080,2012.0,27804.0,0.0,1.06425,1.369205,BEL,YEM,6592
1546453,43,243,1080,2012.0,98905.0,0.0,1.2170590000000001,0.584412,CHN,YEM,6592
1546454,68,243,1080,2012.0,469783.0,0.0,-0.145791,1.470876,EGY,YEM,6592
1546455,138,243,1080,2012.0,14422.0,0.0,1.166986,0.662798,MEX,YEM,6592
1546456,168,243,1080,2012.0,3381.0,0.0,-0.600346,0.474208,PAK,YEM,6592
1546457,188,243,1080,2012.0,1168689.0,0.0,-0.621115,-0.975865,SAU,YEM,6592
1546458,212,243,1080,2012.0,168119.0,0.0,0.12079200000000001,2.258125,SYR,YEM,6592
1546459,224,243,1080,2012.0,527140.0,0.0,0.657573,1.969027,TUR,YEM,6592
1546460,231,243,1080,2012.0,5077.0,0.0,1.51134,-0.637794,USA,YEM,6592
1546461,250,243,1080,2012.0,47073.0,0.0,0.34242399999999995,-0.007095999999999999,ANS,YEM,6592
1546462,2,246,1080,2012.0,0.0,47612.0,-1.610059,-1.1253739999999999,AGO,ZAF,6592
1546463,7,246,1080,2012.0,53232.0,6484.0,0.256232,-0.46518400000000004,ARE,ZAF,6592
1546464,14,246,1080,2012.0,0.0,5886.0,-0.537197,-0.22305300000000003,AUS,ZAF,6592
1546465,15,246,1080,2012.0,8540.0,0.0,1.710955,-0.8860399999999999,AUT,ZAF,6592
1546466,18,246,1080,2012.0,25721.0,0.0,1.06425,1.369205,BEL,ZAF,6592
1546467,32,246,1080,2012.0,0.0,27356.0,0.340455,0.9006790000000001,BRA,ZAF,6592
1546468,37,246,1080,2012.0,5125.0,1511411.0,-0.47585200000000005,-1.061016,BWA,ZAF,6592
1546469,41,246,1080,2012.0,0.0,4160.0,2.0265150000000003,0.6496689999999999,CHE,ZAF,6592
1546470,43,246,1080,2012.0,74628.0,0.0,1.2170590000000001,0.584412,CHN,ZAF,6592
1546471,46,246,1080,2012.0,0.0,31099.0,-1.3769209999999998,-1.218267,COD,ZAF,6592
1546472,61,246,1080,2012.0,467869.0,12380.0,1.977443,-3.692254,DEU,ZAF,6592
1546473,64,246,1080,2012.0,12348.0,0.0,1.159478,1.053761,DNK,ZAF,6592
1546474,68,246,1080,2012.0,344254.0,0.0,-0.145791,1.470876,EGY,ZAF,6592
1546475,71,246,1080,2012.0,3266.0,0.0,0.925701,1.8700189999999999,ESP,ZAF,6592
1546476,73,246,1080,2012.0,0.0,3284.0,-0.9118729999999999,-0.8843,ETH,ZAF,6592
1546477,81,246,1080,2012.0,43464.0,5421.0,1.544653,0.776512,GBR,ZAF,6592
1546478,83,246,1080,2012.0,0.0,2643.0,-1.0541049999999998,-0.7275590000000001,GHA,ZAF,6592
1546479,85,246,1080,2012.0,0.0,1687.0,-1.904106,-1.2584950000000001,GIN,ZAF,6592
1546480,90,246,1080,2012.0,2810.0,0.0,0.161352,1.273024,GRC,ZAF,6592
1546481,97,246,1080,2012.0,2438.0,0.0,0.788308,1.029625,HKG,ZAF,6592
1546482,104,246,1080,2012.0,3759641.0,0.0,0.24883200000000003,2.463711,IND,ZAF,6592
1546483,107,246,1080,2012.0,540504.0,0.0,-1.06794,-0.993099,IRN,ZAF,6592
1546484,110,246,1080,2012.0,63507.0,0.0,1.125254,0.736004,ISR,ZAF,6592
1546485,111,246,1080,2012.0,16478.0,0.0,1.396626,-0.43950500000000003,ITA,ZAF,6592
1546486,116,246,1080,2012.0,0.0,17888.0,-0.256144,0.21991599999999997,KEN,ZAF,6592
1546487,129,246,1080,2012.0,0.0,798606.0,-0.606824,-0.8674149999999999,LSO,ZAF,6592
1546488,130,246,1080,2012.0,1705.0,0.0,0.739945,1.217062,LTU,ZAF,6592
1546489,134,246,1080,2012.0,17258.0,0.0,-0.330598,0.037439,MAR,ZAF,6592
1546490,147,246,1080,2012.0,0.0,136842.0,-1.274567,-1.045444,MOZ,ZAF,6592
1546491,151,246,1080,2012.0,20605.0,26842.0,-0.101344,0.22300100000000003,MUS,ZAF,6592
1546492,152,246,1080,2012.0,0.0,154908.0,-1.069049,-1.060096,MWI,ZAF,6592
1546493,153,246,1080,2012.0,1253.0,0.0,0.93739,0.726329,MYS,ZAF,6592
1546494,155,246,1080,2012.0,2014.0,423120.0,-0.404252,-0.330913,NAM,ZAF,6592
1546495,159,246,1080,2012.0,0.0,8616.0,-1.616498,-1.174816,NGA,ZAF,6592
1546496,162,246,1080,2012.0,8715.0,0.0,0.961975,1.517883,NLD,ZAF,6592
1546497,163,246,1080,2012.0,5335.0,0.0,0.5462670000000001,-0.042712,NOR,ZAF,6592
1546498,164,246,1080,2012.0,443712.0,0.0,0.023836000000000003,0.702753,NPL,ZAF,6592
1546499,166,246,1080,2012.0,8755.0,0.0,0.21502399999999997,0.746456,NZL,ZAF,6592
1546500,168,246,1080,2012.0,3281576.0,0.0,-0.600346,0.474208,PAK,ZAF,6592
1546501,173,246,1080,2012.0,1520.0,0.0,-0.47011499999999995,0.340251,PER,ZAF,6592
1546502,177,246,1080,2012.0,3886.0,0.0,1.039598,1.145227,POL,ZAF,6592
1546503,188,246,1080,2012.0,17265.0,0.0,-0.621115,-0.975865,SAU,ZAF,6592
1546504,194,246,1080,2012.0,0.0,4556.0,1.339791,0.209335,SHN,ZAF,6592
1546505,196,246,1080,2012.0,0.0,1583.0,-0.532612,-0.72927,SLE,ZAF,6592
1546506,203,246,1080,2012.0,0.0,14106.0,0.85051,0.057023000000000004,STP,ZAF,6592
1546507,209,246,1080,2012.0,8804.0,500756.0,0.209802,-0.11224,SWZ,ZAF,6592
1546508,211,246,1080,2012.0,0.0,18062.0,-0.408819,-0.753598,SYC,ZAF,6592
1546509,212,246,1080,2012.0,10609.0,0.0,0.12079200000000001,2.258125,SYR,ZAF,6592
1546510,216,246,1080,2012.0,14830.0,0.0,1.015684,1.20697,THA,ZAF,6592
1546511,218,246,1080,2012.0,4933.0,0.0,0.700571,0.722065,TKL,ZAF,6592
1546512,224,246,1080,2012.0,297131.0,0.0,0.657573,1.969027,TUR,ZAF,6592
1546513,226,246,1080,2012.0,0.0,37217.0,-0.490001,1.149681,TZA,ZAF,6592
1546514,227,246,1080,2012.0,0.0,7823.0,-0.492733,0.4513,UGA,ZAF,6592
1546515,231,246,1080,2012.0,48429.0,2079.0,1.51134,-0.637794,USA,ZAF,6592
1546516,247,246,1080,2012.0,0.0,317115.0,-0.356518,-0.71057,ZMB,ZAF,6592
1546517,248,246,1080,2012.0,0.0,67112.0,-0.812796,-0.747908,ZWE,ZAF,6592
1546518,250,246,1080,2012.0,5805.0,9836.0,0.34242399999999995,-0.007095999999999999,ANS,ZAF,6592
1546519,14,249,1080,2012.0,2330.0,10065.0,-0.537197,-0.22305300000000003,AUS,TWN,6592
1546520,15,249,1080,2012.0,5107.0,0.0,1.710955,-0.8860399999999999,AUT,TWN,6592
1546521,22,249,1080,2012.0,1914.0,0.0,-0.62037,-0.6858350000000001,BGD,TWN,6592
1546522,24,249,1080,2012.0,0.0,1455.0,-0.01785,-0.780651,BHR,TWN,6592
1546523,34,249,1080,2012.0,0.0,8577.0,-2.9686049999999997,-0.8427290000000001,BRN,TWN,6592
1546524,39,249,1080,2012.0,0.0,4533.0,0.630575,1.28653,CAN,TWN,6592
1546525,41,249,1080,2012.0,7009.0,0.0,2.0265150000000003,0.6496689999999999,CHE,TWN,6592
1546526,43,249,1080,2012.0,468902.0,87421.0,1.2170590000000001,0.584412,CHN,TWN,6592
1546527,52,249,1080,2012.0,0.0,1307.0,0.24381799999999998,-0.560793,CRI,TWN,6592
1546528,61,249,1080,2012.0,80353.0,0.0,1.977443,-3.692254,DEU,TWN,6592
1546529,68,249,1080,2012.0,78675.0,0.0,-0.145791,1.470876,EGY,TWN,6592
1546530,71,249,1080,2012.0,1335.0,0.0,0.925701,1.8700189999999999,ESP,TWN,6592
1546531,77,249,1080,2012.0,17787.0,0.0,1.414721,0.07219600000000001,FRA,TWN,6592
1546532,81,249,1080,2012.0,85902.0,0.0,1.544653,0.776512,GBR,TWN,6592
1546533,97,249,1080,2012.0,2742.0,66457.0,0.788308,1.029625,HKG,TWN,6592
1546534,103,249,1080,2012.0,0.0,7390.0,0.045694,1.635448,IDN,TWN,6592
1546535,104,249,1080,2012.0,28488.0,0.0,0.24883200000000003,2.463711,IND,TWN,6592
1546536,107,249,1080,2012.0,17554.0,0.0,-1.06794,-0.993099,IRN,TWN,6592
1546537,111,249,1080,2012.0,48356.0,0.0,1.396626,-0.43950500000000003,ITA,TWN,6592
1546538,114,249,1080,2012.0,38394.0,0.0,2.325746,-0.8705649999999999,JPN,TWN,6592
1546539,120,249,1080,2012.0,0.0,1997.0,0.945258,-0.193139,KNA,TWN,6592
1546540,133,249,1080,2012.0,0.0,4340.0,0.7714310000000001,0.727348,MAC,TWN,6592
1546541,147,249,1080,2012.0,0.0,1930.0,-1.274567,-1.045444,MOZ,TWN,6592
1546542,159,249,1080,2012.0,0.0,4334.0,-1.616498,-1.174816,NGA,TWN,6592
1546543,164,249,1080,2012.0,84245.0,0.0,0.023836000000000003,0.702753,NPL,TWN,6592
1546544,168,249,1080,2012.0,24183.0,0.0,-0.600346,0.474208,PAK,TWN,6592
1546545,179,249,1080,2012.0,1845.0,0.0,0.697799,2.122262,PRT,TWN,6592
1546546,188,249,1080,2012.0,0.0,9375.0,-0.621115,-0.975865,SAU,TWN,6592
1546547,192,249,1080,2012.0,3091.0,7808.0,1.762134,0.583393,SGP,TWN,6592
1546548,208,249,1080,2012.0,6000.0,0.0,1.721268,0.15675,SWE,TWN,6592
1546549,216,249,1080,2012.0,16861.0,0.0,1.015684,1.20697,THA,TWN,6592
1546550,224,249,1080,2012.0,12570.0,0.0,0.657573,1.969027,TUR,TWN,6592
1546551,231,249,1080,2012.0,161980.0,25925.0,1.51134,-0.637794,USA,TWN,6592
1546552,239,249,1080,2012.0,0.0,2370.0,0.0755,1.008183,VNM,TWN,6592
1546553,1,250,1080,2012.0,27696612.0,0.0,-0.666296,-0.7860689999999999,AFG,ANS,6592
1546554,7,250,1080,2012.0,41465.0,0.0,0.256232,-0.46518400000000004,ARE,ANS,6592
1546555,25,250,1080,2012.0,0.0,5352.0,0.37130799999999997,-0.526134,BHS,ANS,6592
1546556,42,250,1080,2012.0,0.0,4436.0,-0.180309,-0.33571799999999996,CHL,ANS,6592
1546557,59,250,1080,2012.0,0.0,17680.0,1.7368299999999999,-0.651329,CZE,ANS,6592
1546558,64,250,1080,2012.0,25248.0,0.0,1.159478,1.053761,DNK,ANS,6592
1546559,71,250,1080,2012.0,349883.0,7338.0,0.925701,1.8700189999999999,ESP,ANS,6592
1546560,72,250,1080,2012.0,0.0,1959.0,0.8603,1.3146870000000002,EST,ANS,6592
1546561,77,250,1080,2012.0,0.0,379702.0,1.414721,0.07219600000000001,FRA,ANS,6592
1546562,100,250,1080,2012.0,1549.0,0.0,0.881764,1.149456,HRV,ANS,6592
1546563,104,250,1080,2012.0,28166.0,18633.0,0.24883200000000003,2.463711,IND,ANS,6592
1546564,106,250,1080,2012.0,87791.0,26104.0,1.1761549999999998,0.279569,IRL,ANS,6592
1546565,131,250,1080,2012.0,0.0,357204.0,1.0163739999999999,1.178021,LUX,ANS,6592
1546566,144,250,1080,2012.0,0.0,2415.0,0.028479,-0.045841,MNE,ANS,6592
1546567,157,250,1080,2012.0,0.0,54003.0,-1.274453,-1.12791,NER,ANS,6592
1546568,168,250,1080,2012.0,0.0,8591.0,-0.600346,0.474208,PAK,ANS,6592
1546569,186,250,1080,2012.0,0.0,2048.0,-0.123649,-0.218926,RUS,ANS,6592
1546570,206,250,1080,2012.0,0.0,774357.0,1.3586200000000002,0.805751,SVK,ANS,6592
1546571,207,250,1080,2012.0,0.0,17682.0,1.4933049999999999,0.58207,SVN,ANS,6592
1546572,213,250,1080,2012.0,0.0,4198.0,0.28386999999999996,-0.187907,TCA,ANS,6592
1546573,223,250,1080,2012.0,0.0,8081.0,0.509432,0.8157810000000001,TUN,ANS,6592
1546574,224,250,1080,2012.0,8635212.0,2231.0,0.657573,1.969027,TUR,ANS,6592
1546575,239,250,1080,2012.0,0.0,4156.0,0.0755,1.008183,VNM,ANS,6592
1546576,243,250,1080,2012.0,0.0,47073.0,-1.180884,-1.22621,YEM,ANS,6592
1546577,246,250,1080,2012.0,9836.0,5805.0,0.06510099999999999,1.748521,ZAF,ANS,6592
1546578,7,2,1080,2012.0,47230.0,0.0,0.256232,-0.46518400000000004,ARE,AGO,6592
1546579,18,2,1080,2012.0,1205.0,0.0,1.06425,1.369205,BEL,AGO,6592
1546580,32,2,1080,2012.0,47097.0,0.0,0.340455,0.9006790000000001,BRA,AGO,6592
1546581,43,2,1080,2012.0,81034.0,0.0,1.2170590000000001,0.584412,CHN,AGO,6592
1546582,61,2,1080,2012.0,1877.0,0.0,1.977443,-3.692254,DEU,AGO,6592
1546583,68,2,1080,2012.0,153604.0,0.0,-0.145791,1.470876,EGY,AGO,6592
1546584,71,2,1080,2012.0,3503.0,0.0,0.925701,1.8700189999999999,ESP,AGO,6592
1546585,81,2,1080,2012.0,1348.0,0.0,1.544653,0.776512,GBR,AGO,6592
1546586,97,2,1080,2012.0,2513.0,0.0,0.788308,1.029625,HKG,AGO,6592
1546587,104,2,1080,2012.0,50921.0,0.0,0.24883200000000003,2.463711,IND,AGO,6592
1546588,111,2,1080,2012.0,9497.0,0.0,1.396626,-0.43950500000000003,ITA,AGO,6592
1546589,114,2,1080,2012.0,1111.0,0.0,2.325746,-0.8705649999999999,JPN,AGO,6592
1546590,116,2,1080,2012.0,2229.0,0.0,-0.256144,0.21991599999999997,KEN,AGO,6592
1546591,124,2,1080,2012.0,1480.0,0.0,0.36778099999999997,1.3771010000000001,LBN,AGO,6592
1546592,155,2,1080,2012.0,123479.0,0.0,-0.404252,-0.330913,NAM,AGO,6592
1546593,162,2,1080,2012.0,78088.0,0.0,0.961975,1.517883,NLD,AGO,6592
1546594,179,2,1080,2012.0,695622.0,20761.0,0.697799,2.122262,PRT,AGO,6592
1546595,192,2,1080,2012.0,24538.0,0.0,1.762134,0.583393,SGP,AGO,6592
1546596,216,2,1080,2012.0,1025.0,0.0,1.015684,1.20697,THA,AGO,6592
1546597,224,2,1080,2012.0,217375.0,0.0,0.657573,1.969027,TUR,AGO,6592
1546598,231,2,1080,2012.0,11448.0,0.0,1.51134,-0.637794,USA,AGO,6592
1546599,246,2,1080,2012.0,47612.0,0.0,0.06510099999999999,1.748521,ZAF,AGO,6592
1546600,7,9,1080,2012.0,0.0,1875.0,0.256232,-0.46518400000000004,ARE,ARM,6592
1546601,61,9,1080,2012.0,51631.0,2746.0,1.977443,-3.692254,DEU,ARM,6592
1546602,71,9,1080,2012.0,9161.0,0.0,0.925701,1.8700189999999999,ESP,ARM,6592
1546603,77,9,1080,2012.0,35071.0,1085.0,1.414721,0.07219600000000001,FRA,ARM,6592
1546604,111,9,1080,2012.0,9241.0,0.0,1.396626,-0.43950500000000003,ITA,ARM,6592
1546605,124,9,1080,2012.0,0.0,3354.0,0.36778099999999997,1.3771010000000001,LBN,ARM,6592
1546606,231,9,1080,2012.0,0.0,97875.0,1.51134,-0.637794,USA,ARM,6592
1546607,1,14,1080,2012.0,131250.0,0.0,-0.666296,-0.7860689999999999,AFG,AUS,6592
1546608,7,14,1080,2012.0,35991.0,2332.0,0.256232,-0.46518400000000004,ARE,AUS,6592
1546609,15,14,1080,2012.0,1245.0,0.0,1.710955,-0.8860399999999999,AUT,AUS,6592
1546610,18,14,1080,2012.0,29874.0,0.0,1.06425,1.369205,BEL,AUS,6592
1546611,23,14,1080,2012.0,2007.0,0.0,0.601161,1.594487,BGR,AUS,6592
1546612,34,14,1080,2012.0,0.0,14334.0,-2.9686049999999997,-0.8427290000000001,BRN,AUS,6592
1546613,39,14,1080,2012.0,6656.0,0.0,0.630575,1.28653,CAN,AUS,6592
1546614,41,14,1080,2012.0,188861.0,2079.0,2.0265150000000003,0.6496689999999999,CHE,AUS,6592
1546615,43,14,1080,2012.0,2841058.0,87774.0,1.2170590000000001,0.584412,CHN,AUS,6592
1546616,56,14,1080,2012.0,0.0,6398.0,0.590749,-0.581342,CXR,AUS,6592
1546617,61,14,1080,2012.0,1127941.0,1623.0,1.977443,-3.692254,DEU,AUS,6592
1546618,68,14,1080,2012.0,1355687.0,0.0,-0.145791,1.470876,EGY,AUS,6592
1546619,71,14,1080,2012.0,0.0,31761.0,0.925701,1.8700189999999999,ESP,AUS,6592
1546620,73,14,1080,2012.0,5553.0,0.0,-0.9118729999999999,-0.8843,ETH,AUS,6592
1546621,77,14,1080,2012.0,80377.0,3201.0,1.414721,0.07219600000000001,FRA,AUS,6592
1546622,81,14,1080,2012.0,183617.0,15292.0,1.544653,0.776512,GBR,AUS,6592
1546623,90,14,1080,2012.0,17122.0,1270.0,0.161352,1.273024,GRC,AUS,6592
1546624,97,14,1080,2012.0,327612.0,10499.0,0.788308,1.029625,HKG,AUS,6592
1546625,102,14,1080,2012.0,0.0,3318.0,1.61049,0.44614799999999993,HUN,AUS,6592
1546626,103,14,1080,2012.0,9891.0,0.0,0.045694,1.635448,IDN,AUS,6592
1546627,104,14,1080,2012.0,6686127.0,15972.0,0.24883200000000003,2.463711,IND,AUS,6592
1546628,106,14,1080,2012.0,24429.0,0.0,1.1761549999999998,0.279569,IRL,AUS,6592
1546629,107,14,1080,2012.0,4995650.0,0.0,-1.06794,-0.993099,IRN,AUS,6592
1546630,111,14,1080,2012.0,58958.0,16305.0,1.396626,-0.43950500000000003,ITA,AUS,6592
1546631,113,14,1080,2012.0,1516.0,0.0,0.29205,0.638942,JOR,AUS,6592
1546632,114,14,1080,2012.0,0.0,41413.0,2.325746,-0.8705649999999999,JPN,AUS,6592
1546633,121,14,1080,2012.0,17502.0,0.0,1.839479,0.8272799999999999,KOR,AUS,6592
1546634,124,14,1080,2012.0,3999.0,0.0,0.36778099999999997,1.3771010000000001,LBN,AUS,6592
1546635,133,14,1080,2012.0,3221.0,0.0,0.7714310000000001,0.727348,MAC,AUS,6592
1546636,134,14,1080,2012.0,53460.0,0.0,-0.330598,0.037439,MAR,AUS,6592
1546637,138,14,1080,2012.0,2188.0,0.0,1.166986,0.662798,MEX,AUS,6592
1546638,148,14,1080,2012.0,1542.0,0.0,-1.501575,-1.294704,MRT,AUS,6592
1546639,151,14,1080,2012.0,13352.0,0.0,-0.101344,0.22300100000000003,MUS,AUS,6592
1546640,153,14,1080,2012.0,267661.0,11314.0,0.93739,0.726329,MYS,AUS,6592
1546641,162,14,1080,2012.0,79009.0,0.0,0.961975,1.517883,NLD,AUS,6592
1546642,163,14,1080,2012.0,1583.0,0.0,0.5462670000000001,-0.042712,NOR,AUS,6592
1546643,164,14,1080,2012.0,1286971.0,0.0,0.023836000000000003,0.702753,NPL,AUS,6592
1546644,166,14,1080,2012.0,205876.0,336805.0,0.21502399999999997,0.746456,NZL,AUS,6592
1546645,167,14,1080,2012.0,0.0,3096.0,-0.782802,-1.065774,OMN,AUS,6592
1546646,168,14,1080,2012.0,1916062.0,52392.0,-0.600346,0.474208,PAK,AUS,6592
1546647,173,14,1080,2012.0,124554.0,0.0,-0.47011499999999995,0.340251,PER,AUS,6592
1546648,174,14,1080,2012.0,1149.0,2637.0,0.44656,0.55585,PHL,AUS,6592
1546649,176,14,1080,2012.0,1409.0,37752.0,-1.0462200000000001,-1.022037,PNG,AUS,6592
1546650,179,14,1080,2012.0,3472.0,0.0,0.697799,2.122262,PRT,AUS,6592
1546651,192,14,1080,2012.0,14110.0,58803.0,1.762134,0.583393,SGP,AUS,6592
1546652,208,14,1080,2012.0,16618.0,6006.0,1.721268,0.15675,SWE,AUS,6592
1546653,212,14,1080,2012.0,7354.0,0.0,0.12079200000000001,2.258125,SYR,AUS,6592
1546654,216,14,1080,2012.0,68436.0,0.0,1.015684,1.20697,THA,AUS,6592
1546655,224,14,1080,2012.0,648336.0,0.0,0.657573,1.969027,TUR,AUS,6592
1546656,231,14,1080,2012.0,1808186.0,100382.0,1.51134,-0.637794,USA,AUS,6592
1546657,246,14,1080,2012.0,5886.0,0.0,0.06510099999999999,1.748521,ZAF,AUS,6592
1546658,249,14,1080,2012.0,10065.0,2330.0,1.671686,0.9854729999999999,TWN,AUS,6592
1546659,7,16,1080,2012.0,73465.0,0.0,0.256232,-0.46518400000000004,ARE,AZE,6592
1546660,41,16,1080,2012.0,0.0,45590.0,2.0265150000000003,0.6496689999999999,CHE,AZE,6592
1546661,43,16,1080,2012.0,1773957.0,0.0,1.2170590000000001,0.584412,CHN,AZE,6592
1546662,61,16,1080,2012.0,159022.0,47997.0,1.977443,-3.692254,DEU,AZE,6592
1546663,77,16,1080,2012.0,0.0,12118.0,1.414721,0.07219600000000001,FRA,AZE,6592
1546664,81,16,1080,2012.0,112262.0,0.0,1.544653,0.776512,GBR,AZE,6592
1546665,104,16,1080,2012.0,335210.0,0.0,0.24883200000000003,2.463711,IND,AZE,6592
1546666,107,16,1080,2012.0,3365038.0,0.0,-1.06794,-0.993099,IRN,AZE,6592
1546667,111,16,1080,2012.0,27688.0,5139.0,1.396626,-0.43950500000000003,ITA,AZE,6592
1546668,124,16,1080,2012.0,0.0,1927.0,0.36778099999999997,1.3771010000000001,LBN,AZE,6592
1546669,168,16,1080,2012.0,153271.0,0.0,-0.600346,0.474208,PAK,AZE,6592
1546670,224,16,1080,2012.0,88860.0,16614.0,0.657573,1.969027,TUR,AZE,6592
1546671,231,16,1080,2012.0,0.0,6973.0,1.51134,-0.637794,USA,AZE,6592
1546672,7,19,1080,2012.0,145027.0,0.0,0.256232,-0.46518400000000004,ARE,BEN,6592
1546673,43,19,1080,2012.0,5688.0,0.0,1.2170590000000001,0.584412,CHN,BEN,6592
1546674,77,19,1080,2012.0,3056.0,0.0,1.414721,0.07219600000000001,FRA,BEN,6592
1546675,104,19,1080,2012.0,1051.0,0.0,0.24883200000000003,2.463711,IND,BEN,6592
1546676,18,22,1080,2012.0,3311.0,0.0,1.06425,1.369205,BEL,BGD,6592
1546677,43,22,1080,2012.0,63256.0,0.0,1.2170590000000001,0.584412,CHN,BGD,6592
1546678,61,22,1080,2012.0,0.0,557800.0,1.977443,-3.692254,DEU,BGD,6592
1546679,64,22,1080,2012.0,0.0,1202.0,1.159478,1.053761,DNK,BGD,6592
1546680,68,22,1080,2012.0,373826.0,0.0,-0.145791,1.470876,EGY,BGD,6592
1546681,81,22,1080,2012.0,10297.0,0.0,1.544653,0.776512,GBR,BGD,6592
1546682,103,22,1080,2012.0,0.0,2964.0,0.045694,1.635448,IDN,BGD,6592
1546683,104,22,1080,2012.0,230043.0,0.0,0.24883200000000003,2.463711,IND,BGD,6592
1546684,114,22,1080,2012.0,0.0,23554.0,2.325746,-0.8705649999999999,JPN,BGD,6592
1546685,116,22,1080,2012.0,0.0,4822.0,-0.256144,0.21991599999999997,KEN,BGD,6592
1546686,153,22,1080,2012.0,4953.0,0.0,0.93739,0.726329,MYS,BGD,6592
1546687,159,22,1080,2012.0,0.0,1535.0,-1.616498,-1.174816,NGA,BGD,6592
1546688,162,22,1080,2012.0,0.0,50321.0,0.961975,1.517883,NLD,BGD,6592
1546689,168,22,1080,2012.0,1203.0,0.0,-0.600346,0.474208,PAK,BGD,6592
1546690,174,22,1080,2012.0,0.0,1549.0,0.44656,0.55585,PHL,BGD,6592
1546691,179,22,1080,2012.0,0.0,17869.0,0.697799,2.122262,PRT,BGD,6592
1546692,188,22,1080,2012.0,159515.0,0.0,-0.621115,-0.975865,SAU,BGD,6592
1546693,216,22,1080,2012.0,12765.0,2902.0,1.015684,1.20697,THA,BGD,6592
1546694,224,22,1080,2012.0,0.0,1311707.0,0.657573,1.969027,TUR,BGD,6592
1546695,227,22,1080,2012.0,0.0,4757.0,-0.492733,0.4513,UGA,BGD,6592
1546696,231,22,1080,2012.0,0.0,113493.0,1.51134,-0.637794,USA,BGD,6592
1546697,239,22,1080,2012.0,0.0,26885.0,0.0755,1.008183,VNM,BGD,6592
1546698,249,22,1080,2012.0,0.0,1914.0,1.671686,0.9854729999999999,TWN,BGD,6592
1546699,14,23,1080,2012.0,0.0,2007.0,-0.537197,-0.22305300000000003,AUS,BGR,6592
1546700,15,23,1080,2012.0,15601.0,0.0,1.710955,-0.8860399999999999,AUT,BGR,6592
1546701,18,23,1080,2012.0,3456.0,0.0,1.06425,1.369205,BEL,BGR,6592
1546702,43,23,1080,2012.0,6793.0,5688.0,1.2170590000000001,0.584412,CHN,BGR,6592
1546703,59,23,1080,2012.0,2250.0,0.0,1.7368299999999999,-0.651329,CZE,BGR,6592
1546704,61,23,1080,2012.0,25356.0,0.0,1.977443,-3.692254,DEU,BGR,6592
1546705,68,23,1080,2012.0,274478.0,0.0,-0.145791,1.470876,EGY,BGR,6592
1546706,71,23,1080,2012.0,1686.0,0.0,0.925701,1.8700189999999999,ESP,BGR,6592
1546707,90,23,1080,2012.0,15216.0,0.0,0.161352,1.273024,GRC,BGR,6592
1546708,102,23,1080,2012.0,6137.0,292782.0,1.61049,0.44614799999999993,HUN,BGR,6592
1546709,104,23,1080,2012.0,34013.0,0.0,0.24883200000000003,2.463711,IND,BGR,6592
1546710,111,23,1080,2012.0,20113.0,0.0,1.396626,-0.43950500000000003,ITA,BGR,6592
1546711,162,23,1080,2012.0,7960.0,0.0,0.961975,1.517883,NLD,BGR,6592
1546712,163,23,1080,2012.0,0.0,1479.0,0.5462670000000001,-0.042712,NOR,BGR,6592
1546713,177,23,1080,2012.0,21571.0,0.0,1.039598,1.145227,POL,BGR,6592
1546714,185,23,1080,2012.0,0.0,27705.0,0.952936,1.227809,ROU,BGR,6592
1546715,186,23,1080,2012.0,0.0,1676.0,-0.123649,-0.218926,RUS,BGR,6592
1546716,192,23,1080,2012.0,0.0,29791.0,1.762134,0.583393,SGP,BGR,6592
1546717,201,23,1080,2012.0,0.0,1649.0,0.696674,1.544065,SRB,BGR,6592
1546718,208,23,1080,2012.0,24093.0,0.0,1.721268,0.15675,SWE,BGR,6592
1546719,224,23,1080,2012.0,2840620.0,0.0,0.657573,1.969027,TUR,BGR,6592
1546720,231,23,1080,2012.0,0.0,3738.0,1.51134,-0.637794,USA,BGR,6592
1546721,7,24,1080,2012.0,198188.0,0.0,0.256232,-0.46518400000000004,ARE,BHR,6592
1546722,18,24,1080,2012.0,17325.0,0.0,1.06425,1.369205,BEL,BHR,6592
1546723,43,24,1080,2012.0,52567.0,0.0,1.2170590000000001,0.584412,CHN,BHR,6592
1546724,61,24,1080,2012.0,4466.0,0.0,1.977443,-3.692254,DEU,BHR,6592
1546725,68,24,1080,2012.0,4945.0,0.0,-0.145791,1.470876,EGY,BHR,6592
1546726,71,24,1080,2012.0,18202.0,0.0,0.925701,1.8700189999999999,ESP,BHR,6592
1546727,77,24,1080,2012.0,15853.0,0.0,1.414721,0.07219600000000001,FRA,BHR,6592
1546728,81,24,1080,2012.0,38484.0,0.0,1.544653,0.776512,GBR,BHR,6592
1546729,104,24,1080,2012.0,748069.0,0.0,0.24883200000000003,2.463711,IND,BHR,6592
1546730,107,24,1080,2012.0,41133.0,0.0,-1.06794,-0.993099,IRN,BHR,6592
1546731,111,24,1080,2012.0,16760.0,0.0,1.396626,-0.43950500000000003,ITA,BHR,6592
1546732,114,24,1080,2012.0,0.0,2352.0,2.325746,-0.8705649999999999,JPN,BHR,6592
1546733,122,24,1080,2012.0,56855.0,0.0,-1.130729,-1.083905,KWT,BHR,6592
1546734,134,24,1080,2012.0,2459.0,0.0,-0.330598,0.037439,MAR,BHR,6592
1546735,153,24,1080,2012.0,16183.0,0.0,0.93739,0.726329,MYS,BHR,6592
1546736,162,24,1080,2012.0,11752.0,0.0,0.961975,1.517883,NLD,BHR,6592
1546737,164,24,1080,2012.0,156750.0,0.0,0.023836000000000003,0.702753,NPL,BHR,6592
1546738,168,24,1080,2012.0,167915.0,0.0,-0.600346,0.474208,PAK,BHR,6592
1546739,188,24,1080,2012.0,1890.0,3377.0,-0.621115,-0.975865,SAU,BHR,6592
1546740,208,24,1080,2012.0,0.0,9385.0,1.721268,0.15675,SWE,BHR,6592
1546741,216,24,1080,2012.0,19558.0,0.0,1.015684,1.20697,THA,BHR,6592
1546742,224,24,1080,2012.0,31119.0,0.0,0.657573,1.969027,TUR,BHR,6592
1546743,231,24,1080,2012.0,0.0,4043.0,1.51134,-0.637794,USA,BHR,6592
1546744,249,24,1080,2012.0,1455.0,0.0,1.671686,0.9854729999999999,TWN,BHR,6592
1546745,7,26,1080,2012.0,3263.0,0.0,0.256232,-0.46518400000000004,ARE,BIH,6592
1546746,15,26,1080,2012.0,0.0,3669.0,1.710955,-0.8860399999999999,AUT,BIH,6592
1546747,41,26,1080,2012.0,20905.0,0.0,2.0265150000000003,0.6496689999999999,CHE,BIH,6592
1546748,61,26,1080,2012.0,964233.0,0.0,1.977443,-3.692254,DEU,BIH,6592
1546749,64,26,1080,2012.0,0.0,4190.0,1.159478,1.053761,DNK,BIH,6592
1546750,71,26,1080,2012.0,0.0,2902.0,0.925701,1.8700189999999999,ESP,BIH,6592
1546751,81,26,1080,2012.0,0.0,5457.0,1.544653,0.776512,GBR,BIH,6592
1546752,90,26,1080,2012.0,4452.0,0.0,0.161352,1.273024,GRC,BIH,6592
1546753,100,26,1080,2012.0,3635.0,21796.0,0.881764,1.149456,HRV,BIH,6592
1546754,104,26,1080,2012.0,13572.0,0.0,0.24883200000000003,2.463711,IND,BIH,6592
1546755,106,26,1080,2012.0,5524.0,0.0,1.1761549999999998,0.279569,IRL,BIH,6592
1546756,107,26,1080,2012.0,26371.0,0.0,-1.06794,-0.993099,IRN,BIH,6592
1546757,111,26,1080,2012.0,7451.0,0.0,1.396626,-0.43950500000000003,ITA,BIH,6592
1546758,140,26,1080,2012.0,17078.0,0.0,-0.08785599999999999,0.153128,MKD,BIH,6592
1546759,144,26,1080,2012.0,0.0,7972.0,0.028479,-0.045841,MNE,BIH,6592
1546760,186,26,1080,2012.0,0.0,4982.0,-0.123649,-0.218926,RUS,BIH,6592
1546761,201,26,1080,2012.0,18788.0,50064.0,0.696674,1.544065,SRB,BIH,6592
1546762,207,26,1080,2012.0,1519.0,0.0,1.4933049999999999,0.58207,SVN,BIH,6592
1546763,224,26,1080,2012.0,13637.0,0.0,0.657573,1.969027,TUR,BIH,6592
1546764,231,26,1080,2012.0,1592.0,0.0,1.51134,-0.637794,USA,BIH,6592
1546765,61,28,1080,2012.0,442881.0,0.0,1.977443,-3.692254,DEU,BLR,6592
1546766,74,28,1080,2012.0,7805.0,0.0,1.5813700000000002,0.872251,FIN,BLR,6592
1546767,104,28,1080,2012.0,245053.0,0.0,0.24883200000000003,2.463711,IND,BLR,6592
1546768,107,28,1080,2012.0,39046.0,0.0,-1.06794,-0.993099,IRN,BLR,6592
1546769,111,28,1080,2012.0,5024.0,0.0,1.396626,-0.43950500000000003,ITA,BLR,6592
1546770,130,28,1080,2012.0,6244.0,0.0,0.739945,1.217062,LTU,BLR,6592
1546771,168,28,1080,2012.0,2070.0,0.0,-0.600346,0.474208,PAK,BLR,6592
1546772,177,28,1080,2012.0,8459.0,0.0,1.039598,1.145227,POL,BLR,6592
1546773,186,28,1080,2012.0,6047.0,1093.0,-0.123649,-0.218926,RUS,BLR,6592
1546774,224,28,1080,2012.0,95686.0,0.0,0.657573,1.969027,TUR,BLR,6592
1546775,32,58,1080,2012.0,0.0,47196.0,0.340455,0.9006790000000001,BRA,CYP,6592
1546776,61,58,1080,2012.0,3088.0,0.0,1.977443,-3.692254,DEU,CYP,6592
1546777,68,58,1080,2012.0,71377.0,0.0,-0.145791,1.470876,EGY,CYP,6592
1546778,71,58,1080,2012.0,4159.0,0.0,0.925701,1.8700189999999999,ESP,CYP,6592
1546779,77,58,1080,2012.0,2956.0,0.0,1.414721,0.07219600000000001,FRA,CYP,6592
1546780,81,58,1080,2012.0,7183.0,0.0,1.544653,0.776512,GBR,CYP,6592
1546781,90,58,1080,2012.0,19573.0,0.0,0.161352,1.273024,GRC,CYP,6592
1546782,104,58,1080,2012.0,26362.0,0.0,0.24883200000000003,2.463711,IND,CYP,6592
1546783,107,58,1080,2012.0,63203.0,0.0,-1.06794,-0.993099,IRN,CYP,6592
1546784,110,58,1080,2012.0,0.0,42821.0,1.125254,0.736004,ISR,CYP,6592
1546785,111,58,1080,2012.0,118383.0,0.0,1.396626,-0.43950500000000003,ITA,CYP,6592
1546786,168,58,1080,2012.0,112060.0,0.0,-0.600346,0.474208,PAK,CYP,6592
1546787,179,58,1080,2012.0,1865.0,0.0,0.697799,2.122262,PRT,CYP,6592
1546788,224,58,1080,2012.0,158309.0,0.0,0.657573,1.969027,TUR,CYP,6592
1546789,231,58,1080,2012.0,58907.0,0.0,1.51134,-0.637794,USA,CYP,6592
1546790,2,68,1080,2012.0,0.0,153604.0,-1.610059,-1.1253739999999999,AGO,EGY,6592
1546791,4,68,1080,2012.0,0.0,332259.0,-0.331512,-0.049776,ALB,EGY,6592
1546792,7,68,1080,2012.0,25811.0,969161.0,0.256232,-0.46518400000000004,ARE,EGY,6592
1546793,8,68,1080,2012.0,0.0,239955.0,-0.019015,0.548292,ARG,EGY,6592
1546794,14,68,1080,2012.0,0.0,1355687.0,-0.537197,-0.22305300000000003,AUS,EGY,6592
1546795,15,68,1080,2012.0,0.0,239286.0,1.710955,-0.8860399999999999,AUT,EGY,6592
1546796,17,68,1080,2012.0,0.0,85563.0,-0.504594,-0.944235,BDI,EGY,6592
1546797,18,68,1080,2012.0,43113.0,1008361.0,1.06425,1.369205,BEL,EGY,6592
1546798,22,68,1080,2012.0,0.0,373826.0,-0.62037,-0.6858350000000001,BGD,EGY,6592
1546799,23,68,1080,2012.0,0.0,274478.0,0.601161,1.594487,BGR,EGY,6592
1546800,24,68,1080,2012.0,0.0,4945.0,-0.01785,-0.780651,BHR,EGY,6592
1546801,32,68,1080,2012.0,0.0,1057284.0,0.340455,0.9006790000000001,BRA,EGY,6592
1546802,39,68,1080,2012.0,0.0,6729124.0,0.630575,1.28653,CAN,EGY,6592
1546803,41,68,1080,2012.0,2624.0,172927.0,2.0265150000000003,0.6496689999999999,CHE,EGY,6592
1546804,42,68,1080,2012.0,0.0,2336488.0,-0.180309,-0.33571799999999996,CHL,EGY,6592
1546805,43,68,1080,2012.0,1256341.0,1996608.0,1.2170590000000001,0.584412,CHN,EGY,6592
1546806,46,68,1080,2012.0,0.0,62186.0,-1.3769209999999998,-1.218267,COD,EGY,6592
1546807,49,68,1080,2012.0,0.0,544570.0,0.034488,-0.340545,COL,EGY,6592
1546808,52,68,1080,2012.0,0.0,30201.0,0.24381799999999998,-0.560793,CRI,EGY,6592
1546809,58,68,1080,2012.0,0.0,71377.0,0.621962,0.188051,CYP,EGY,6592
1546810,59,68,1080,2012.0,0.0,221399.0,1.7368299999999999,-0.651329,CZE,EGY,6592
1546811,61,68,1080,2012.0,6735.0,6976912.0,1.977443,-3.692254,DEU,EGY,6592
1546812,64,68,1080,2012.0,1550.0,788683.0,1.159478,1.053761,DNK,EGY,6592
1546813,65,68,1080,2012.0,0.0,3634.0,-0.08708300000000001,0.389521,DOM,EGY,6592
1546814,66,68,1080,2012.0,0.0,1135100.0,-1.745941,-1.149894,DZA,EGY,6592
1546815,67,68,1080,2012.0,0.0,199772.0,-0.66209,-0.796325,ECU,EGY,6592
1546816,69,68,1080,2012.0,0.0,216631.0,-0.130192,-1.00793,ERI,EGY,6592
1546817,71,68,1080,2012.0,1340.0,7276468.0,0.925701,1.8700189999999999,ESP,EGY,6592
1546818,73,68,1080,2012.0,0.0,4743.0,-0.9118729999999999,-0.8843,ETH,EGY,6592
1546819,74,68,1080,2012.0,0.0,2439543.0,1.5813700000000002,0.872251,FIN,EGY,6592
1546820,77,68,1080,2012.0,3352.0,1691009.0,1.414721,0.07219600000000001,FRA,EGY,6592
1546821,81,68,1080,2012.0,105670.0,502796.0,1.544653,0.776512,GBR,EGY,6592
1546822,87,68,1080,2012.0,0.0,15098.0,-0.36801300000000003,-0.637681,GMB,EGY,6592
1546823,90,68,1080,2012.0,4464.0,1352519.0,0.161352,1.273024,GRC,EGY,6592
1546824,93,68,1080,2012.0,0.0,191054.0,-0.15801400000000002,0.5786640000000001,GTM,EGY,6592
1546825,97,68,1080,2012.0,0.0,29881.0,0.788308,1.029625,HKG,EGY,6592
1546826,100,68,1080,2012.0,0.0,114058.0,0.881764,1.149456,HRV,EGY,6592
1546827,102,68,1080,2012.0,4176.0,108812.0,1.61049,0.44614799999999993,HUN,EGY,6592
1546828,103,68,1080,2012.0,0.0,312221.0,0.045694,1.635448,IDN,EGY,6592
1546829,104,68,1080,2012.0,290794.0,1360742.0,0.24883200000000003,2.463711,IND,EGY,6592
1546830,108,68,1080,2012.0,0.0,2203498.0,-3.076964,-0.852475,IRQ,EGY,6592
1546831,110,68,1080,2012.0,0.0,3535.0,1.125254,0.736004,ISR,EGY,6592
1546832,111,68,1080,2012.0,32983.0,1083535.0,1.396626,-0.43950500000000003,ITA,EGY,6592
1546833,112,68,1080,2012.0,0.0,56626.0,-0.307289,-0.738736,JAM,EGY,6592
1546834,113,68,1080,2012.0,0.0,1316346.0,0.29205,0.638942,JOR,EGY,6592
1546835,114,68,1080,2012.0,0.0,4628800.0,2.325746,-0.8705649999999999,JPN,EGY,6592
1546836,115,68,1080,2012.0,0.0,3367.0,-0.447428,-0.42193,KAZ,EGY,6592
1546837,116,68,1080,2012.0,0.0,470576.0,-0.256144,0.21991599999999997,KEN,EGY,6592
1546838,121,68,1080,2012.0,0.0,4202.0,1.839479,0.8272799999999999,KOR,EGY,6592
1546839,122,68,1080,2012.0,0.0,1309358.0,-1.130729,-1.083905,KWT,EGY,6592
1546840,124,68,1080,2012.0,2571.0,1635774.0,0.36778099999999997,1.3771010000000001,LBN,EGY,6592
1546841,126,68,1080,2012.0,0.0,20576124.0,-2.778437,-1.15615,LBY,EGY,6592
1546842,130,68,1080,2012.0,0.0,78759.0,0.739945,1.217062,LTU,EGY,6592
1546843,132,68,1080,2012.0,0.0,68738.0,0.704565,1.000552,LVA,EGY,6592
1546844,134,68,1080,2012.0,5445.0,1993359.0,-0.330598,0.037439,MAR,EGY,6592
1546845,135,68,1080,2012.0,0.0,6868.0,0.166439,0.555431,MDA,EGY,6592
1546846,136,68,1080,2012.0,0.0,1592.0,-0.664783,-0.478411,MDG,EGY,6592
1546847,138,68,1080,2012.0,0.0,349641.0,1.166986,0.662798,MEX,EGY,6592
1546848,141,68,1080,2012.0,0.0,24083.0,-0.675086,-0.8228139999999999,MLI,EGY,6592
1546849,142,68,1080,2012.0,0.0,23204.0,0.775001,0.048663,MLT,EGY,6592
1546850,151,68,1080,2012.0,0.0,236393.0,-0.101344,0.22300100000000003,MUS,EGY,6592
1546851,152,68,1080,2012.0,0.0,7374.0,-1.069049,-1.060096,MWI,EGY,6592
1546852,153,68,1080,2012.0,0.0,866473.0,0.93739,0.726329,MYS,EGY,6592
1546853,162,68,1080,2012.0,2582.0,7938037.0,0.961975,1.517883,NLD,EGY,6592
1546854,163,68,1080,2012.0,0.0,798114.0,0.5462670000000001,-0.042712,NOR,EGY,6592
1546855,164,68,1080,2012.0,0.0,7635.0,0.023836000000000003,0.702753,NPL,EGY,6592
1546856,166,68,1080,2012.0,0.0,137544.0,0.21502399999999997,0.746456,NZL,EGY,6592
1546857,168,68,1080,2012.0,106171.0,469645.0,-0.600346,0.474208,PAK,EGY,6592
1546858,169,68,1080,2012.0,0.0,2460590.0,1.001878,1.18554,PAN,EGY,6592
1546859,173,68,1080,2012.0,0.0,204360.0,-0.47011499999999995,0.340251,PER,EGY,6592
1546860,177,68,1080,2012.0,0.0,2737982.0,1.039598,1.145227,POL,EGY,6592
1546861,178,68,1080,2012.0,0.0,5387.0,-0.10913699999999998,0.23393200000000003,PRK,EGY,6592
1546862,179,68,1080,2012.0,0.0,771191.0,0.697799,2.122262,PRT,EGY,6592
1546863,181,68,1080,2012.0,0.0,81432.0,0.14912899999999998,0.8572770000000001,PSE,EGY,6592
1546864,183,68,1080,2012.0,0.0,443767.0,-0.6436029999999999,-0.990323,QAT,EGY,6592
1546865,185,68,1080,2012.0,0.0,518046.0,0.952936,1.227809,ROU,EGY,6592
1546866,186,68,1080,2012.0,0.0,7979702.0,-0.123649,-0.218926,RUS,EGY,6592
1546867,187,68,1080,2012.0,0.0,7302.0,-0.589064,-0.751896,RWA,EGY,6592
1546868,188,68,1080,2012.0,2939722.0,5698610.0,-0.621115,-0.975865,SAU,EGY,6592
1546869,190,68,1080,2012.0,0.0,314857.0,-1.2913139999999999,-1.144454,SDN,EGY,6592
1546870,191,68,1080,2012.0,0.0,124117.0,-0.379797,0.020130000000000002,SEN,EGY,6592
1546871,192,68,1080,2012.0,0.0,82538.0,1.762134,0.583393,SGP,EGY,6592
1546872,201,68,1080,2012.0,0.0,1052.0,0.696674,1.544065,SRB,EGY,6592
1546873,207,68,1080,2012.0,0.0,9390.0,1.4933049999999999,0.58207,SVN,EGY,6592
1546874,208,68,1080,2012.0,5981.0,2556686.0,1.721268,0.15675,SWE,EGY,6592
1546875,212,68,1080,2012.0,81985.0,553478.0,0.12079200000000001,2.258125,SYR,EGY,6592
1546876,216,68,1080,2012.0,1921.0,0.0,1.015684,1.20697,THA,EGY,6592
1546877,223,68,1080,2012.0,0.0,379654.0,0.509432,0.8157810000000001,TUN,EGY,6592
1546878,224,68,1080,2012.0,166309.0,2613692.0,0.657573,1.969027,TUR,EGY,6592
1546879,226,68,1080,2012.0,0.0,100459.0,-0.490001,1.149681,TZA,EGY,6592
1546880,228,68,1080,2012.0,0.0,418785.0,0.533547,1.159378,UKR,EGY,6592
1546881,230,68,1080,2012.0,0.0,244652.0,0.013581000000000001,0.047302,URY,EGY,6592
1546882,231,68,1080,2012.0,193143.0,5682172.0,1.51134,-0.637794,USA,EGY,6592
1546883,236,68,1080,2012.0,0.0,95673.0,-1.6796689999999999,-1.168002,VEN,EGY,6592
1546884,243,68,1080,2012.0,0.0,469783.0,-1.180884,-1.22621,YEM,EGY,6592
1546885,246,68,1080,2012.0,0.0,344254.0,0.06510099999999999,1.748521,ZAF,EGY,6592
1546886,247,68,1080,2012.0,0.0,378230.0,-0.356518,-0.71057,ZMB,EGY,6592
1546887,248,68,1080,2012.0,0.0,390473.0,-0.812796,-0.747908,ZWE,EGY,6592
1546888,249,68,1080,2012.0,0.0,78675.0,1.671686,0.9854729999999999,TWN,EGY,6592
1546889,18,72,1080,2012.0,5373.0,0.0,1.06425,1.369205,BEL,EST,6592
1546890,43,72,1080,2012.0,233263.0,0.0,1.2170590000000001,0.584412,CHN,EST,6592
1546891,61,72,1080,2012.0,3620.0,0.0,1.977443,-3.692254,DEU,EST,6592
1546892,71,72,1080,2012.0,1079.0,0.0,0.925701,1.8700189999999999,ESP,EST,6592
1546893,77,72,1080,2012.0,1259.0,0.0,1.414721,0.07219600000000001,FRA,EST,6592
1546894,104,72,1080,2012.0,263299.0,0.0,0.24883200000000003,2.463711,IND,EST,6592
1546895,107,72,1080,2012.0,14461.0,0.0,-1.06794,-0.993099,IRN,EST,6592
1546896,111,72,1080,2012.0,81958.0,0.0,1.396626,-0.43950500000000003,ITA,EST,6592
1546897,115,72,1080,2012.0,0.0,1655.0,-0.447428,-0.42193,KAZ,EST,6592
1546898,162,72,1080,2012.0,2672.0,0.0,0.961975,1.517883,NLD,EST,6592
1546899,185,72,1080,2012.0,65411.0,0.0,0.952936,1.227809,ROU,EST,6592
1546900,208,72,1080,2012.0,53323.0,0.0,1.721268,0.15675,SWE,EST,6592
1546901,224,72,1080,2012.0,34950.0,0.0,0.657573,1.969027,TUR,EST,6592
1546902,250,72,1080,2012.0,1959.0,0.0,0.34242399999999995,-0.007095999999999999,ANS,EST,6592
1546903,7,82,1080,2012.0,1321.0,0.0,0.256232,-0.46518400000000004,ARE,GEO,6592
1546904,43,82,1080,2012.0,1113.0,0.0,1.2170590000000001,0.584412,CHN,GEO,6592
1546905,104,82,1080,2012.0,42847.0,0.0,0.24883200000000003,2.463711,IND,GEO,6592
1546906,107,82,1080,2012.0,3447.0,0.0,-1.06794,-0.993099,IRN,GEO,6592
1546907,111,82,1080,2012.0,14223.0,0.0,1.396626,-0.43950500000000003,ITA,GEO,6592
1546908,162,82,1080,2012.0,11472.0,0.0,0.961975,1.517883,NLD,GEO,6592
1546909,186,82,1080,2012.0,2077.0,0.0,-0.123649,-0.218926,RUS,GEO,6592
1546910,224,82,1080,2012.0,6602.0,0.0,0.657573,1.969027,TUR,GEO,6592
1546911,1,100,1080,2012.0,30385.0,0.0,-0.666296,-0.7860689999999999,AFG,HRV,6592
1546912,15,100,1080,2012.0,18558.0,0.0,1.710955,-0.8860399999999999,AUT,HRV,6592
1546913,26,100,1080,2012.0,21796.0,3635.0,0.6672520000000001,1.16153,BIH,HRV,6592
1546914,43,100,1080,2012.0,8726.0,0.0,1.2170590000000001,0.584412,CHN,HRV,6592
1546915,61,100,1080,2012.0,362389.0,0.0,1.977443,-3.692254,DEU,HRV,6592
1546916,64,100,1080,2012.0,2507.0,0.0,1.159478,1.053761,DNK,HRV,6592
1546917,68,100,1080,2012.0,114058.0,0.0,-0.145791,1.470876,EGY,HRV,6592
1546918,71,100,1080,2012.0,30430.0,0.0,0.925701,1.8700189999999999,ESP,HRV,6592
1546919,74,100,1080,2012.0,1263.0,0.0,1.5813700000000002,0.872251,FIN,HRV,6592
1546920,77,100,1080,2012.0,2052.0,0.0,1.414721,0.07219600000000001,FRA,HRV,6592
1546921,102,100,1080,2012.0,46871.0,0.0,1.61049,0.44614799999999993,HUN,HRV,6592
1546922,104,100,1080,2012.0,130429.0,0.0,0.24883200000000003,2.463711,IND,HRV,6592
1546923,107,100,1080,2012.0,29427.0,0.0,-1.06794,-0.993099,IRN,HRV,6592
1546924,111,100,1080,2012.0,37760.0,0.0,1.396626,-0.43950500000000003,ITA,HRV,6592
1546925,151,100,1080,2012.0,8108.0,0.0,-0.101344,0.22300100000000003,MUS,HRV,6592
1546926,162,100,1080,2012.0,1358.0,0.0,0.961975,1.517883,NLD,HRV,6592
1546927,164,100,1080,2012.0,19946.0,0.0,0.023836000000000003,0.702753,NPL,HRV,6592
1546928,168,100,1080,2012.0,81103.0,0.0,-0.600346,0.474208,PAK,HRV,6592
1546929,177,100,1080,2012.0,15348.0,0.0,1.039598,1.145227,POL,HRV,6592
1546930,206,100,1080,2012.0,26110.0,0.0,1.3586200000000002,0.805751,SVK,HRV,6592
1546931,207,100,1080,2012.0,15113.0,0.0,1.4933049999999999,0.58207,SVN,HRV,6592
1546932,208,100,1080,2012.0,13075.0,0.0,1.721268,0.15675,SWE,HRV,6592
1546933,224,100,1080,2012.0,47115.0,0.0,0.657573,1.969027,TUR,HRV,6592
1546934,250,100,1080,2012.0,0.0,1549.0,0.34242399999999995,-0.007095999999999999,ANS,HRV,6592
1546935,14,102,1080,2012.0,3318.0,0.0,-0.537197,-0.22305300000000003,AUS,HUN,6592
1546936,15,102,1080,2012.0,130474.0,0.0,1.710955,-0.8860399999999999,AUT,HUN,6592
1546937,18,102,1080,2012.0,6201.0,0.0,1.06425,1.369205,BEL,HUN,6592
1546938,23,102,1080,2012.0,292782.0,6137.0,0.601161,1.594487,BGR,HUN,6592
1546939,39,102,1080,2012.0,0.0,1256.0,0.630575,1.28653,CAN,HUN,6592
1546940,43,102,1080,2012.0,28518.0,0.0,1.2170590000000001,0.584412,CHN,HUN,6592
1546941,61,102,1080,2012.0,853749.0,1853.0,1.977443,-3.692254,DEU,HUN,6592
1546942,64,102,1080,2012.0,5374.0,0.0,1.159478,1.053761,DNK,HUN,6592
1546943,68,102,1080,2012.0,108812.0,4176.0,-0.145791,1.470876,EGY,HUN,6592
1546944,71,102,1080,2012.0,15121.0,0.0,0.925701,1.8700189999999999,ESP,HUN,6592
1546945,100,102,1080,2012.0,0.0,46871.0,0.881764,1.149456,HRV,HUN,6592
1546946,104,102,1080,2012.0,22131.0,0.0,0.24883200000000003,2.463711,IND,HUN,6592
1546947,107,102,1080,2012.0,30318.0,0.0,-1.06794,-0.993099,IRN,HUN,6592
1546948,111,102,1080,2012.0,13660.0,0.0,1.396626,-0.43950500000000003,ITA,HUN,6592
1546949,134,102,1080,2012.0,1613.0,0.0,-0.330598,0.037439,MAR,HUN,6592
1546950,162,102,1080,2012.0,1111.0,0.0,0.961975,1.517883,NLD,HUN,6592
1546951,168,102,1080,2012.0,147741.0,0.0,-0.600346,0.474208,PAK,HUN,6592
1546952,177,102,1080,2012.0,47175.0,0.0,1.039598,1.145227,POL,HUN,6592
1546953,185,102,1080,2012.0,0.0,103926.0,0.952936,1.227809,ROU,HUN,6592
1546954,201,102,1080,2012.0,0.0,40314.0,0.696674,1.544065,SRB,HUN,6592
1546955,206,102,1080,2012.0,13953.0,4270.0,1.3586200000000002,0.805751,SVK,HUN,6592
1546956,207,102,1080,2012.0,4769.0,0.0,1.4933049999999999,0.58207,SVN,HUN,6592
1546957,208,102,1080,2012.0,9593.0,0.0,1.721268,0.15675,SWE,HUN,6592
1546958,223,102,1080,2012.0,1077.0,0.0,0.509432,0.8157810000000001,TUN,HUN,6592
1546959,224,102,1080,2012.0,43108.0,0.0,0.657573,1.969027,TUR,HUN,6592
1546960,228,102,1080,2012.0,0.0,14418.0,0.533547,1.159378,UKR,HUN,6592
1546961,7,106,1080,2012.0,0.0,32927.0,0.256232,-0.46518400000000004,ARE,IRL,6592
1546962,14,106,1080,2012.0,0.0,24429.0,-0.537197,-0.22305300000000003,AUS,IRL,6592
1546963,15,106,1080,2012.0,0.0,76049.0,1.710955,-0.8860399999999999,AUT,IRL,6592
1546964,18,106,1080,2012.0,8367.0,0.0,1.06425,1.369205,BEL,IRL,6592
1546965,26,106,1080,2012.0,0.0,5524.0,0.6672520000000001,1.16153,BIH,IRL,6592
1546966,41,106,1080,2012.0,19752.0,0.0,2.0265150000000003,0.6496689999999999,CHE,IRL,6592
1546967,43,106,1080,2012.0,133094.0,0.0,1.2170590000000001,0.584412,CHN,IRL,6592
1546968,61,106,1080,2012.0,182571.0,0.0,1.977443,-3.692254,DEU,IRL,6592
1546969,64,106,1080,2012.0,140511.0,8502.0,1.159478,1.053761,DNK,IRL,6592
1546970,74,106,1080,2012.0,0.0,5005.0,1.5813700000000002,0.872251,FIN,IRL,6592
1546971,77,106,1080,2012.0,0.0,1508.0,1.414721,0.07219600000000001,FRA,IRL,6592
1546972,81,106,1080,2012.0,439191.0,15822.0,1.544653,0.776512,GBR,IRL,6592
1546973,97,106,1080,2012.0,2341.0,42312.0,0.788308,1.029625,HKG,IRL,6592
1546974,104,106,1080,2012.0,114678.0,1248.0,0.24883200000000003,2.463711,IND,IRL,6592
1546975,107,106,1080,2012.0,50960.0,0.0,-1.06794,-0.993099,IRN,IRL,6592
1546976,111,106,1080,2012.0,18642.0,0.0,1.396626,-0.43950500000000003,ITA,IRL,6592
1546977,112,106,1080,2012.0,0.0,3979.0,-0.307289,-0.738736,JAM,IRL,6592
1546978,114,106,1080,2012.0,0.0,2634.0,2.325746,-0.8705649999999999,JPN,IRL,6592
1546979,122,106,1080,2012.0,0.0,131678.0,-1.130729,-1.083905,KWT,IRL,6592
1546980,134,106,1080,2012.0,3964.0,0.0,-0.330598,0.037439,MAR,IRL,6592
1546981,162,106,1080,2012.0,1543.0,0.0,0.961975,1.517883,NLD,IRL,6592
1546982,164,106,1080,2012.0,100069.0,0.0,0.023836000000000003,0.702753,NPL,IRL,6592
1546983,166,106,1080,2012.0,3767.0,2948.0,0.21502399999999997,0.746456,NZL,IRL,6592
1546984,168,106,1080,2012.0,11935.0,0.0,-0.600346,0.474208,PAK,IRL,6592
1546985,179,106,1080,2012.0,14299.0,0.0,0.697799,2.122262,PRT,IRL,6592
1546986,188,106,1080,2012.0,0.0,13324.0,-0.621115,-0.975865,SAU,IRL,6592
1546987,208,106,1080,2012.0,4337.0,0.0,1.721268,0.15675,SWE,IRL,6592
1546988,216,106,1080,2012.0,0.0,1928.0,1.015684,1.20697,THA,IRL,6592
1546989,224,106,1080,2012.0,473985.0,0.0,0.657573,1.969027,TUR,IRL,6592
1546990,231,106,1080,2012.0,5770.0,469148.0,1.51134,-0.637794,USA,IRL,6592
1546991,250,106,1080,2012.0,26104.0,87791.0,0.34242399999999995,-0.007095999999999999,ANS,IRL,6592
1546992,4,107,1080,2012.0,0.0,39555.0,-0.331512,-0.049776,ALB,IRN,6592
1546993,7,107,1080,2012.0,1852962.0,6030466.0,0.256232,-0.46518400000000004,ARE,IRN,6592
1546994,14,107,1080,2012.0,0.0,4995650.0,-0.537197,-0.22305300000000003,AUS,IRN,6592
1546995,15,107,1080,2012.0,123153.0,4160482.0,1.710955,-0.8860399999999999,AUT,IRN,6592
1546996,16,107,1080,2012.0,0.0,3365038.0,-1.44287,-1.261817,AZE,IRN,6592
1546997,18,107,1080,2012.0,163279.0,177251.0,1.06425,1.369205,BEL,IRN,6592
1546998,24,107,1080,2012.0,0.0,41133.0,-0.01785,-0.780651,BHR,IRN,6592
1546999,26,107,1080,2012.0,0.0,26371.0,0.6672520000000001,1.16153,BIH,IRN,6592
1547000,28,107,1080,2012.0,0.0,39046.0,1.0976059999999999,0.861051,BLR,IRN,6592
1547001,32,107,1080,2012.0,0.0,404265.0,0.340455,0.9006790000000001,BRA,IRN,6592
1547002,39,107,1080,2012.0,42248.0,6744860.0,0.630575,1.28653,CAN,IRN,6592
1547003,41,107,1080,2012.0,66455.0,10269936.0,2.0265150000000003,0.6496689999999999,CHE,IRN,6592
1547004,42,107,1080,2012.0,0.0,25897.0,-0.180309,-0.33571799999999996,CHL,IRN,6592
1547005,43,107,1080,2012.0,28476.0,1213995.0,1.2170590000000001,0.584412,CHN,IRN,6592
1547006,58,107,1080,2012.0,0.0,63203.0,0.621962,0.188051,CYP,IRN,6592
1547007,59,107,1080,2012.0,0.0,497454.0,1.7368299999999999,-0.651329,CZE,IRN,6592
1547008,61,107,1080,2012.0,4188096.0,39680288.0,1.977443,-3.692254,DEU,IRN,6592
1547009,64,107,1080,2012.0,278141.0,6060555.0,1.159478,1.053761,DNK,IRN,6592
1547010,71,107,1080,2012.0,6598.0,677997.0,0.925701,1.8700189999999999,ESP,IRN,6592
1547011,72,107,1080,2012.0,0.0,14461.0,0.8603,1.3146870000000002,EST,IRN,6592
1547012,74,107,1080,2012.0,0.0,475073.0,1.5813700000000002,0.872251,FIN,IRN,6592
1547013,77,107,1080,2012.0,299922.0,5406248.0,1.414721,0.07219600000000001,FRA,IRN,6592
1547014,81,107,1080,2012.0,126276.0,2323261.0,1.544653,0.776512,GBR,IRN,6592
1547015,82,107,1080,2012.0,0.0,3447.0,-0.244691,-0.552666,GEO,IRN,6592
1547016,83,107,1080,2012.0,0.0,1577.0,-1.0541049999999998,-0.7275590000000001,GHA,IRN,6592
1547017,90,107,1080,2012.0,0.0,120981.0,0.161352,1.273024,GRC,IRN,6592
1547018,97,107,1080,2012.0,0.0,66382.0,0.788308,1.029625,HKG,IRN,6592
1547019,100,107,1080,2012.0,0.0,29427.0,0.881764,1.149456,HRV,IRN,6592
1547020,102,107,1080,2012.0,0.0,30318.0,1.61049,0.44614799999999993,HUN,IRN,6592
1547021,104,107,1080,2012.0,285019.0,0.0,0.24883200000000003,2.463711,IND,IRN,6592
1547022,106,107,1080,2012.0,0.0,50960.0,1.1761549999999998,0.279569,IRL,IRN,6592
1547023,109,107,1080,2012.0,0.0,12549.0,0.20266800000000001,-0.203262,ISL,IRN,6592
1547024,111,107,1080,2012.0,604108.0,5945032.0,1.396626,-0.43950500000000003,ITA,IRN,6592
1547025,113,107,1080,2012.0,0.0,44802.0,0.29205,0.638942,JOR,IRN,6592
1547026,114,107,1080,2012.0,42920.0,25917976.0,2.325746,-0.8705649999999999,JPN,IRN,6592
1547027,115,107,1080,2012.0,0.0,30291.0,-0.447428,-0.42193,KAZ,IRN,6592
1547028,121,107,1080,2012.0,0.0,1785.0,1.839479,0.8272799999999999,KOR,IRN,6592
1547029,124,107,1080,2012.0,28498.0,6438184.0,0.36778099999999997,1.3771010000000001,LBN,IRN,6592
1547030,131,107,1080,2012.0,0.0,20681.0,1.0163739999999999,1.178021,LUX,IRN,6592
1547031,134,107,1080,2012.0,0.0,16582.0,-0.330598,0.037439,MAR,IRN,6592
1547032,138,107,1080,2012.0,0.0,8599.0,1.166986,0.662798,MEX,IRN,6592
1547033,144,107,1080,2012.0,0.0,1785.0,0.028479,-0.045841,MNE,IRN,6592
1547034,153,107,1080,2012.0,0.0,60878.0,0.93739,0.726329,MYS,IRN,6592
1547035,162,107,1080,2012.0,3600.0,529868.0,0.961975,1.517883,NLD,IRN,6592
1547036,163,107,1080,2012.0,0.0,2662562.0,0.5462670000000001,-0.042712,NOR,IRN,6592
1547037,166,107,1080,2012.0,0.0,213744.0,0.21502399999999997,0.746456,NZL,IRN,6592
1547038,167,107,1080,2012.0,0.0,10190.0,-0.782802,-1.065774,OMN,IRN,6592
1547039,168,107,1080,2012.0,8446.0,330345.0,-0.600346,0.474208,PAK,IRN,6592
1547040,173,107,1080,2012.0,0.0,58618.0,-0.47011499999999995,0.340251,PER,IRN,6592
1547041,177,107,1080,2012.0,0.0,453801.0,1.039598,1.145227,POL,IRN,6592
1547042,185,107,1080,2012.0,0.0,9185.0,0.952936,1.227809,ROU,IRN,6592
1547043,186,107,1080,2012.0,0.0,1592738.0,-0.123649,-0.218926,RUS,IRN,6592
1547044,188,107,1080,2012.0,0.0,529210.0,-0.621115,-0.975865,SAU,IRN,6592
1547045,192,107,1080,2012.0,51543.0,199044.0,1.762134,0.583393,SGP,IRN,6592
1547046,201,107,1080,2012.0,0.0,22389.0,0.696674,1.544065,SRB,IRN,6592
1547047,206,107,1080,2012.0,0.0,40045.0,1.3586200000000002,0.805751,SVK,IRN,6592
1547048,207,107,1080,2012.0,0.0,271534.0,1.4933049999999999,0.58207,SVN,IRN,6592
1547049,208,107,1080,2012.0,4724.0,2154072.0,1.721268,0.15675,SWE,IRN,6592
1547050,216,107,1080,2012.0,0.0,6951.0,1.015684,1.20697,THA,IRN,6592
1547051,224,107,1080,2012.0,655922.0,1344878.0,0.657573,1.969027,TUR,IRN,6592
1547052,228,107,1080,2012.0,1608.0,15787.0,0.533547,1.159378,UKR,IRN,6592
1547053,230,107,1080,2012.0,0.0,9800.0,0.013581000000000001,0.047302,URY,IRN,6592
1547054,231,107,1080,2012.0,0.0,310969.0,1.51134,-0.637794,USA,IRN,6592
1547055,246,107,1080,2012.0,0.0,540504.0,0.06510099999999999,1.748521,ZAF,IRN,6592
1547056,249,107,1080,2012.0,0.0,17554.0,1.671686,0.9854729999999999,TWN,IRN,6592
1547057,7,115,1080,2012.0,421811.0,34473.0,0.256232,-0.46518400000000004,ARE,KAZ,6592
1547058,18,115,1080,2012.0,6516.0,0.0,1.06425,1.369205,BEL,KAZ,6592
1547059,43,115,1080,2012.0,66312.0,0.0,1.2170590000000001,0.584412,CHN,KAZ,6592
1547060,61,115,1080,2012.0,42644.0,0.0,1.977443,-3.692254,DEU,KAZ,6592
1547061,68,115,1080,2012.0,3367.0,0.0,-0.145791,1.470876,EGY,KAZ,6592
1547062,72,115,1080,2012.0,1655.0,0.0,0.8603,1.3146870000000002,EST,KAZ,6592
1547063,104,115,1080,2012.0,57436.0,0.0,0.24883200000000003,2.463711,IND,KAZ,6592
1547064,107,115,1080,2012.0,30291.0,0.0,-1.06794,-0.993099,IRN,KAZ,6592
1547065,111,115,1080,2012.0,241728.0,0.0,1.396626,-0.43950500000000003,ITA,KAZ,6592
1547066,130,115,1080,2012.0,6453.0,0.0,0.739945,1.217062,LTU,KAZ,6592
1547067,168,115,1080,2012.0,7323.0,0.0,-0.600346,0.474208,PAK,KAZ,6592
1547068,177,115,1080,2012.0,1446.0,0.0,1.039598,1.145227,POL,KAZ,6592
1547069,185,115,1080,2012.0,1805.0,0.0,0.952936,1.227809,ROU,KAZ,6592
1547070,186,115,1080,2012.0,0.0,45148.0,-0.123649,-0.218926,RUS,KAZ,6592
1547071,224,115,1080,2012.0,191019.0,0.0,0.657573,1.969027,TUR,KAZ,6592
1547072,231,115,1080,2012.0,12132.0,0.0,1.51134,-0.637794,USA,KAZ,6592
1547073,232,115,1080,2012.0,5600.0,0.0,-0.426961,-0.539122,UZB,KAZ,6592
1547074,43,117,1080,2012.0,23763.0,0.0,1.2170590000000001,0.584412,CHN,KGZ,6592
1547075,104,117,1080,2012.0,49588.0,0.0,0.24883200000000003,2.463711,IND,KGZ,6592
1547076,168,117,1080,2012.0,8691.0,0.0,-0.600346,0.474208,PAK,KGZ,6592
1547077,224,117,1080,2012.0,5008.0,0.0,0.657573,1.969027,TUR,KGZ,6592
1547078,43,118,1080,2012.0,1234.0,0.0,1.2170590000000001,0.584412,CHN,KHM,6592
1547079,104,118,1080,2012.0,18848.0,0.0,0.24883200000000003,2.463711,IND,KHM,6592
1547080,114,118,1080,2012.0,0.0,4116.0,2.325746,-0.8705649999999999,JPN,KHM,6592
1547081,192,118,1080,2012.0,1384.0,0.0,1.762134,0.583393,SGP,KHM,6592
1547082,216,118,1080,2012.0,41233.0,0.0,1.015684,1.20697,THA,KHM,6592
1547083,231,118,1080,2012.0,0.0,18120.0,1.51134,-0.637794,USA,KHM,6592
1547084,239,118,1080,2012.0,7069.0,0.0,0.0755,1.008183,VNM,KHM,6592
1547085,2,124,1080,2012.0,0.0,1480.0,-1.610059,-1.1253739999999999,AGO,LBN,6592
1547086,7,124,1080,2012.0,67719.0,50360.0,0.256232,-0.46518400000000004,ARE,LBN,6592
1547087,9,124,1080,2012.0,3354.0,0.0,0.45677399999999996,-0.001422,ARM,LBN,6592
1547088,14,124,1080,2012.0,0.0,3999.0,-0.537197,-0.22305300000000003,AUS,LBN,6592
1547089,15,124,1080,2012.0,0.0,3860.0,1.710955,-0.8860399999999999,AUT,LBN,6592
1547090,16,124,1080,2012.0,1927.0,0.0,-1.44287,-1.261817,AZE,LBN,6592
1547091,39,124,1080,2012.0,9622.0,0.0,0.630575,1.28653,CAN,LBN,6592
1547092,41,124,1080,2012.0,2005.0,7187.0,2.0265150000000003,0.6496689999999999,CHE,LBN,6592
1547093,43,124,1080,2012.0,57538.0,0.0,1.2170590000000001,0.584412,CHN,LBN,6592
1547094,61,124,1080,2012.0,1086599.0,0.0,1.977443,-3.692254,DEU,LBN,6592
1547095,64,124,1080,2012.0,9929.0,0.0,1.159478,1.053761,DNK,LBN,6592
1547096,68,124,1080,2012.0,1635774.0,2571.0,-0.145791,1.470876,EGY,LBN,6592
1547097,71,124,1080,2012.0,4505.0,0.0,0.925701,1.8700189999999999,ESP,LBN,6592
1547098,77,124,1080,2012.0,29521.0,4619.0,1.414721,0.07219600000000001,FRA,LBN,6592
1547099,81,124,1080,2012.0,297494.0,26541.0,1.544653,0.776512,GBR,LBN,6592
1547100,104,124,1080,2012.0,751452.0,1355.0,0.24883200000000003,2.463711,IND,LBN,6592
1547101,107,124,1080,2012.0,6438184.0,28498.0,-1.06794,-0.993099,IRN,LBN,6592
1547102,108,124,1080,2012.0,0.0,1061.0,-3.076964,-0.852475,IRQ,LBN,6592
1547103,111,124,1080,2012.0,84132.0,0.0,1.396626,-0.43950500000000003,ITA,LBN,6592
1547104,113,124,1080,2012.0,0.0,15551.0,0.29205,0.638942,JOR,LBN,6592
1547105,121,124,1080,2012.0,1309.0,0.0,1.839479,0.8272799999999999,KOR,LBN,6592
1547106,122,124,1080,2012.0,0.0,3917.0,-1.130729,-1.083905,KWT,LBN,6592
1547107,126,124,1080,2012.0,0.0,17211.0,-2.778437,-1.15615,LBY,LBN,6592
1547108,138,124,1080,2012.0,0.0,8444.0,1.166986,0.662798,MEX,LBN,6592
1547109,159,124,1080,2012.0,0.0,16276.0,-1.616498,-1.174816,NGA,LBN,6592
1547110,162,124,1080,2012.0,3828.0,0.0,0.961975,1.517883,NLD,LBN,6592
1547111,164,124,1080,2012.0,343799.0,0.0,0.023836000000000003,0.702753,NPL,LBN,6592
1547112,168,124,1080,2012.0,359539.0,0.0,-0.600346,0.474208,PAK,LBN,6592
1547113,174,124,1080,2012.0,1371.0,0.0,0.44656,0.55585,PHL,LBN,6592
1547114,186,124,1080,2012.0,3248.0,0.0,-0.123649,-0.218926,RUS,LBN,6592
1547115,208,124,1080,2012.0,3409.0,0.0,1.721268,0.15675,SWE,LBN,6592
1547116,224,124,1080,2012.0,423536.0,135909.0,0.657573,1.969027,TUR,LBN,6592
1547117,231,124,1080,2012.0,80900.0,19372.0,1.51134,-0.637794,USA,LBN,6592
1547118,7,128,1080,2012.0,2388.0,0.0,0.256232,-0.46518400000000004,ARE,LKA,6592
1547119,43,128,1080,2012.0,44440.0,0.0,1.2170590000000001,0.584412,CHN,LKA,6592
1547120,61,128,1080,2012.0,14684.0,7344.0,1.977443,-3.692254,DEU,LKA,6592
1547121,97,128,1080,2012.0,3683.0,0.0,0.788308,1.029625,HKG,LKA,6592
1547122,103,128,1080,2012.0,2929.0,0.0,0.045694,1.635448,IDN,LKA,6592
1547123,104,128,1080,2012.0,5574.0,1200.0,0.24883200000000003,2.463711,IND,LKA,6592
1547124,114,128,1080,2012.0,2898.0,0.0,2.325746,-0.8705649999999999,JPN,LKA,6592
1547125,137,128,1080,2012.0,0.0,13857.0,-0.12348699999999999,-0.7748430000000001,MDV,LKA,6592
1547126,153,128,1080,2012.0,46046.0,0.0,0.93739,0.726329,MYS,LKA,6592
1547127,164,128,1080,2012.0,3400.0,0.0,0.023836000000000003,0.702753,NPL,LKA,6592
1547128,168,128,1080,2012.0,8017.0,0.0,-0.600346,0.474208,PAK,LKA,6592
1547129,192,128,1080,2012.0,11258.0,0.0,1.762134,0.583393,SGP,LKA,6592
1547130,224,128,1080,2012.0,32557.0,0.0,0.657573,1.969027,TUR,LKA,6592
1547131,231,128,1080,2012.0,2716.0,0.0,1.51134,-0.637794,USA,LKA,6592
1547132,15,130,1080,2012.0,16852.0,0.0,1.710955,-0.8860399999999999,AUT,LTU,6592
1547133,18,130,1080,2012.0,10293.0,0.0,1.06425,1.369205,BEL,LTU,6592
1547134,28,130,1080,2012.0,0.0,6244.0,1.0976059999999999,0.861051,BLR,LTU,6592
1547135,41,130,1080,2012.0,1258.0,0.0,2.0265150000000003,0.6496689999999999,CHE,LTU,6592
1547136,43,130,1080,2012.0,8368.0,0.0,1.2170590000000001,0.584412,CHN,LTU,6592
1547137,61,130,1080,2012.0,22591.0,0.0,1.977443,-3.692254,DEU,LTU,6592
1547138,64,130,1080,2012.0,5513.0,0.0,1.159478,1.053761,DNK,LTU,6592
1547139,68,130,1080,2012.0,78759.0,0.0,-0.145791,1.470876,EGY,LTU,6592
1547140,74,130,1080,2012.0,1003.0,0.0,1.5813700000000002,0.872251,FIN,LTU,6592
1547141,77,130,1080,2012.0,1771.0,0.0,1.414721,0.07219600000000001,FRA,LTU,6592
1547142,81,130,1080,2012.0,9428.0,0.0,1.544653,0.776512,GBR,LTU,6592
1547143,90,130,1080,2012.0,291513.0,0.0,0.161352,1.273024,GRC,LTU,6592
1547144,104,130,1080,2012.0,12414.0,0.0,0.24883200000000003,2.463711,IND,LTU,6592
1547145,111,130,1080,2012.0,37245.0,0.0,1.396626,-0.43950500000000003,ITA,LTU,6592
1547146,115,130,1080,2012.0,0.0,6453.0,-0.447428,-0.42193,KAZ,LTU,6592
1547147,132,130,1080,2012.0,0.0,3649.0,0.704565,1.000552,LVA,LTU,6592
1547148,162,130,1080,2012.0,5764.0,0.0,0.961975,1.517883,NLD,LTU,6592
1547149,177,130,1080,2012.0,3459.0,0.0,1.039598,1.145227,POL,LTU,6592
1547150,186,130,1080,2012.0,0.0,43653.0,-0.123649,-0.218926,RUS,LTU,6592
1547151,207,130,1080,2012.0,3366.0,0.0,1.4933049999999999,0.58207,SVN,LTU,6592
1547152,208,130,1080,2012.0,69747.0,79566.0,1.721268,0.15675,SWE,LTU,6592
1547153,216,130,1080,2012.0,0.0,17607.0,1.015684,1.20697,THA,LTU,6592
1547154,224,130,1080,2012.0,1739378.0,0.0,0.657573,1.969027,TUR,LTU,6592
1547155,231,130,1080,2012.0,11135.0,0.0,1.51134,-0.637794,USA,LTU,6592
1547156,246,130,1080,2012.0,0.0,1705.0,0.06510099999999999,1.748521,ZAF,LTU,6592
1547157,7,131,1080,2012.0,0.0,74422.0,0.256232,-0.46518400000000004,ARE,LUX,6592
1547158,15,131,1080,2012.0,2178.0,0.0,1.710955,-0.8860399999999999,AUT,LUX,6592
1547159,18,131,1080,2012.0,22042.0,13519.0,1.06425,1.369205,BEL,LUX,6592
1547160,41,131,1080,2012.0,2479.0,108588.0,2.0265150000000003,0.6496689999999999,CHE,LUX,6592
1547161,43,131,1080,2012.0,1215.0,0.0,1.2170590000000001,0.584412,CHN,LUX,6592
1547162,61,131,1080,2012.0,437956.0,0.0,1.977443,-3.692254,DEU,LUX,6592
1547163,64,131,1080,2012.0,4136.0,0.0,1.159478,1.053761,DNK,LUX,6592
1547164,71,131,1080,2012.0,7200.0,3113.0,0.925701,1.8700189999999999,ESP,LUX,6592
1547165,77,131,1080,2012.0,36763.0,0.0,1.414721,0.07219600000000001,FRA,LUX,6592
1547166,104,131,1080,2012.0,59636.0,0.0,0.24883200000000003,2.463711,IND,LUX,6592
1547167,107,131,1080,2012.0,20681.0,0.0,-1.06794,-0.993099,IRN,LUX,6592
1547168,111,131,1080,2012.0,19577.0,0.0,1.396626,-0.43950500000000003,ITA,LUX,6592
1547169,162,131,1080,2012.0,29055.0,0.0,0.961975,1.517883,NLD,LUX,6592
1547170,168,131,1080,2012.0,11542.0,0.0,-0.600346,0.474208,PAK,LUX,6592
1547171,208,131,1080,2012.0,1058.0,0.0,1.721268,0.15675,SWE,LUX,6592
1547172,224,131,1080,2012.0,8178.0,0.0,0.657573,1.969027,TUR,LUX,6592
1547173,231,131,1080,2012.0,1013.0,5152.0,1.51134,-0.637794,USA,LUX,6592
1547174,250,131,1080,2012.0,357204.0,0.0,0.34242399999999995,-0.007095999999999999,ANS,LUX,6592
1547175,18,132,1080,2012.0,2879.0,0.0,1.06425,1.369205,BEL,LVA,6592
1547176,43,132,1080,2012.0,257817.0,0.0,1.2170590000000001,0.584412,CHN,LVA,6592
1547177,61,132,1080,2012.0,807327.0,0.0,1.977443,-3.692254,DEU,LVA,6592
1547178,64,132,1080,2012.0,2395.0,0.0,1.159478,1.053761,DNK,LVA,6592
1547179,68,132,1080,2012.0,68738.0,0.0,-0.145791,1.470876,EGY,LVA,6592
1547180,90,132,1080,2012.0,0.0,2409.0,0.161352,1.273024,GRC,LVA,6592
1547181,104,132,1080,2012.0,79415.0,0.0,0.24883200000000003,2.463711,IND,LVA,6592
1547182,110,132,1080,2012.0,1664.0,0.0,1.125254,0.736004,ISR,LVA,6592
1547183,111,132,1080,2012.0,35420.0,0.0,1.396626,-0.43950500000000003,ITA,LVA,6592
1547184,130,132,1080,2012.0,3649.0,0.0,0.739945,1.217062,LTU,LVA,6592
1547185,162,132,1080,2012.0,3642.0,0.0,0.961975,1.517883,NLD,LVA,6592
1547186,177,132,1080,2012.0,19777.0,0.0,1.039598,1.145227,POL,LVA,6592
1547187,207,132,1080,2012.0,4849.0,0.0,1.4933049999999999,0.58207,SVN,LVA,6592
1547188,208,132,1080,2012.0,7056.0,0.0,1.721268,0.15675,SWE,LVA,6592
1547189,224,132,1080,2012.0,2131889.0,0.0,0.657573,1.969027,TUR,LVA,6592
1547190,231,132,1080,2012.0,251908.0,0.0,1.51134,-0.637794,USA,LVA,6592
1547191,68,135,1080,2012.0,6868.0,0.0,-0.145791,1.470876,EGY,MDA,6592
1547192,71,135,1080,2012.0,2345.0,0.0,0.925701,1.8700189999999999,ESP,MDA,6592
1547193,111,135,1080,2012.0,9630.0,0.0,1.396626,-0.43950500000000003,ITA,MDA,6592
1547194,228,135,1080,2012.0,0.0,8848.0,0.533547,1.159378,UKR,MDA,6592
1547195,26,140,1080,2012.0,0.0,17078.0,0.6672520000000001,1.16153,BIH,MKD,6592
1547196,41,140,1080,2012.0,0.0,3679.0,2.0265150000000003,0.6496689999999999,CHE,MKD,6592
1547197,90,140,1080,2012.0,2355.0,0.0,0.161352,1.273024,GRC,MKD,6592
1547198,111,140,1080,2012.0,0.0,1065.0,1.396626,-0.43950500000000003,ITA,MKD,6592
1547199,201,140,1080,2012.0,2948.0,0.0,0.696674,1.544065,SRB,MKD,6592
1547200,224,140,1080,2012.0,3883.0,38045.0,0.657573,1.969027,TUR,MKD,6592
1547201,18,142,1080,2012.0,2075.0,0.0,1.06425,1.369205,BEL,MLT,6592
1547202,41,142,1080,2012.0,4495.0,0.0,2.0265150000000003,0.6496689999999999,CHE,MLT,6592
1547203,43,142,1080,2012.0,1379.0,0.0,1.2170590000000001,0.584412,CHN,MLT,6592
1547204,68,142,1080,2012.0,23204.0,0.0,-0.145791,1.470876,EGY,MLT,6592
1547205,71,142,1080,2012.0,1360.0,0.0,0.925701,1.8700189999999999,ESP,MLT,6592
1547206,81,142,1080,2012.0,1804.0,0.0,1.544653,0.776512,GBR,MLT,6592
1547207,104,142,1080,2012.0,5904.0,0.0,0.24883200000000003,2.463711,IND,MLT,6592
1547208,111,142,1080,2012.0,144605.0,0.0,1.396626,-0.43950500000000003,ITA,MLT,6592
1547209,134,142,1080,2012.0,1549.0,0.0,-0.330598,0.037439,MAR,MLT,6592
1547210,162,142,1080,2012.0,1157.0,0.0,0.961975,1.517883,NLD,MLT,6592
1547211,216,142,1080,2012.0,4015.0,0.0,1.015684,1.20697,THA,MLT,6592
1547212,231,142,1080,2012.0,44787.0,0.0,1.51134,-0.637794,USA,MLT,6592
1547213,43,143,1080,2012.0,384047.0,0.0,1.2170590000000001,0.584412,CHN,MMR,6592
1547214,103,143,1080,2012.0,4113.0,0.0,0.045694,1.635448,IDN,MMR,6592
1547215,192,143,1080,2012.0,42244.0,0.0,1.762134,0.583393,SGP,MMR,6592
1547216,216,143,1080,2012.0,88496.0,0.0,1.015684,1.20697,THA,MMR,6592
1547217,7,147,1080,2012.0,6647.0,0.0,0.256232,-0.46518400000000004,ARE,MOZ,6592
1547218,43,147,1080,2012.0,48933.0,0.0,1.2170590000000001,0.584412,CHN,MOZ,6592
1547219,104,147,1080,2012.0,10386.0,0.0,0.24883200000000003,2.463711,IND,MOZ,6592
1547220,162,147,1080,2012.0,2140.0,0.0,0.961975,1.517883,NLD,MOZ,6592
1547221,168,147,1080,2012.0,8322.0,0.0,-0.600346,0.474208,PAK,MOZ,6592
1547222,179,147,1080,2012.0,177597.0,0.0,0.697799,2.122262,PRT,MOZ,6592
1547223,224,147,1080,2012.0,1556.0,0.0,0.657573,1.969027,TUR,MOZ,6592
1547224,246,147,1080,2012.0,136842.0,0.0,0.06510099999999999,1.748521,ZAF,MOZ,6592
1547225,249,147,1080,2012.0,1930.0,0.0,1.671686,0.9854729999999999,TWN,MOZ,6592
1547226,1,163,1080,2012.0,90378.0,0.0,-0.666296,-0.7860689999999999,AFG,NOR,6592
1547227,7,163,1080,2012.0,11439.0,0.0,0.256232,-0.46518400000000004,ARE,NOR,6592
1547228,14,163,1080,2012.0,0.0,1583.0,-0.537197,-0.22305300000000003,AUS,NOR,6592
1547229,15,163,1080,2012.0,6883.0,2409.0,1.710955,-0.8860399999999999,AUT,NOR,6592
1547230,18,163,1080,2012.0,27749.0,0.0,1.06425,1.369205,BEL,NOR,6592
1547231,23,163,1080,2012.0,1479.0,0.0,0.601161,1.594487,BGR,NOR,6592
1547232,41,163,1080,2012.0,3888.0,0.0,2.0265150000000003,0.6496689999999999,CHE,NOR,6592
1547233,43,163,1080,2012.0,155755.0,0.0,1.2170590000000001,0.584412,CHN,NOR,6592
1547234,61,163,1080,2012.0,1118578.0,13144.0,1.977443,-3.692254,DEU,NOR,6592
1547235,64,163,1080,2012.0,2931708.0,16463.0,1.159478,1.053761,DNK,NOR,6592
1547236,68,163,1080,2012.0,798114.0,0.0,-0.145791,1.470876,EGY,NOR,6592
1547237,71,163,1080,2012.0,18266.0,2115.0,0.925701,1.8700189999999999,ESP,NOR,6592
1547238,74,163,1080,2012.0,13243.0,0.0,1.5813700000000002,0.872251,FIN,NOR,6592
1547239,77,163,1080,2012.0,32160.0,1982.0,1.414721,0.07219600000000001,FRA,NOR,6592
1547240,81,163,1080,2012.0,41171.0,1732.0,1.544653,0.776512,GBR,NOR,6592
1547241,90,163,1080,2012.0,3436.0,0.0,0.161352,1.273024,GRC,NOR,6592
1547242,97,163,1080,2012.0,15068.0,0.0,0.788308,1.029625,HKG,NOR,6592
1547243,104,163,1080,2012.0,253062.0,0.0,0.24883200000000003,2.463711,IND,NOR,6592
1547244,107,163,1080,2012.0,2662562.0,0.0,-1.06794,-0.993099,IRN,NOR,6592
1547245,110,163,1080,2012.0,2985.0,0.0,1.125254,0.736004,ISR,NOR,6592
1547246,111,163,1080,2012.0,19475.0,0.0,1.396626,-0.43950500000000003,ITA,NOR,6592
1547247,134,163,1080,2012.0,9792.0,0.0,-0.330598,0.037439,MAR,NOR,6592
1547248,162,163,1080,2012.0,41782.0,1364.0,0.961975,1.517883,NLD,NOR,6592
1547249,164,163,1080,2012.0,43512.0,0.0,0.023836000000000003,0.702753,NPL,NOR,6592
1547250,168,163,1080,2012.0,154238.0,0.0,-0.600346,0.474208,PAK,NOR,6592
1547251,179,163,1080,2012.0,5174.0,0.0,0.697799,2.122262,PRT,NOR,6592
1547252,183,163,1080,2012.0,10748.0,0.0,-0.6436029999999999,-0.990323,QAT,NOR,6592
1547253,185,163,1080,2012.0,12783.0,9126.0,0.952936,1.227809,ROU,NOR,6592
1547254,188,163,1080,2012.0,2460.0,0.0,-0.621115,-0.975865,SAU,NOR,6592
1547255,192,163,1080,2012.0,0.0,3426.0,1.762134,0.583393,SGP,NOR,6592
1547256,208,163,1080,2012.0,1277468.0,96128.0,1.721268,0.15675,SWE,NOR,6592
1547257,223,163,1080,2012.0,14860.0,0.0,0.509432,0.8157810000000001,TUN,NOR,6592
1547258,224,163,1080,2012.0,658498.0,0.0,0.657573,1.969027,TUR,NOR,6592
1547259,231,163,1080,2012.0,19469.0,17360.0,1.51134,-0.637794,USA,NOR,6592
1547260,246,163,1080,2012.0,0.0,5335.0,0.06510099999999999,1.748521,ZAF,NOR,6592
1547261,7,164,1080,2012.0,63197.0,250700.0,0.256232,-0.46518400000000004,ARE,NPL,6592
1547262,14,164,1080,2012.0,0.0,1286971.0,-0.537197,-0.22305300000000003,AUS,NPL,6592
1547263,15,164,1080,2012.0,0.0,968651.0,1.710955,-0.8860399999999999,AUT,NPL,6592
1547264,18,164,1080,2012.0,0.0,1024994.0,1.06425,1.369205,BEL,NPL,6592
1547265,24,164,1080,2012.0,0.0,156750.0,-0.01785,-0.780651,BHR,NPL,6592
1547266,32,164,1080,2012.0,0.0,304557.0,0.340455,0.9006790000000001,BRA,NPL,6592
1547267,35,164,1080,2012.0,0.0,1310.0,-0.280068,-0.6360819999999999,BTN,NPL,6592
1547268,39,164,1080,2012.0,0.0,3621604.0,0.630575,1.28653,CAN,NPL,6592
1547269,41,164,1080,2012.0,0.0,1412163.0,2.0265150000000003,0.6496689999999999,CHE,NPL,6592
1547270,42,164,1080,2012.0,0.0,81323.0,-0.180309,-0.33571799999999996,CHL,NPL,6592
1547271,43,164,1080,2012.0,136661.0,2125461.0,1.2170590000000001,0.584412,CHN,NPL,6592
1547272,59,164,1080,2012.0,0.0,58807.0,1.7368299999999999,-0.651329,CZE,NPL,6592
1547273,61,164,1080,2012.0,4131.0,16492304.0,1.977443,-3.692254,DEU,NPL,6592
1547274,64,164,1080,2012.0,0.0,10984.0,1.159478,1.053761,DNK,NPL,6592
1547275,68,164,1080,2012.0,7635.0,0.0,-0.145791,1.470876,EGY,NPL,6592
1547276,71,164,1080,2012.0,0.0,242467.0,0.925701,1.8700189999999999,ESP,NPL,6592
1547277,74,164,1080,2012.0,0.0,7113.0,1.5813700000000002,0.872251,FIN,NPL,6592
1547278,77,164,1080,2012.0,0.0,1210067.0,1.414721,0.07219600000000001,FRA,NPL,6592
1547279,81,164,1080,2012.0,4484.0,4562975.0,1.544653,0.776512,GBR,NPL,6592
1547280,90,164,1080,2012.0,0.0,3196.0,0.161352,1.273024,GRC,NPL,6592
1547281,97,164,1080,2012.0,1907.0,105957.0,0.788308,1.029625,HKG,NPL,6592
1547282,100,164,1080,2012.0,0.0,19946.0,0.881764,1.149456,HRV,NPL,6592
1547283,104,164,1080,2012.0,21825.0,0.0,0.24883200000000003,2.463711,IND,NPL,6592
1547284,106,164,1080,2012.0,0.0,100069.0,1.1761549999999998,0.279569,IRL,NPL,6592
1547285,110,164,1080,2012.0,0.0,31035.0,1.125254,0.736004,ISR,NPL,6592
1547286,111,164,1080,2012.0,0.0,1362244.0,1.396626,-0.43950500000000003,ITA,NPL,6592
1547287,114,164,1080,2012.0,0.0,477283.0,2.325746,-0.8705649999999999,JPN,NPL,6592
1547288,121,164,1080,2012.0,0.0,139300.0,1.839479,0.8272799999999999,KOR,NPL,6592
1547289,122,164,1080,2012.0,0.0,69985.0,-1.130729,-1.083905,KWT,NPL,6592
1547290,124,164,1080,2012.0,0.0,343799.0,0.36778099999999997,1.3771010000000001,LBN,NPL,6592
1547291,128,164,1080,2012.0,0.0,3400.0,-0.24579299999999998,0.518273,LKA,NPL,6592
1547292,138,164,1080,2012.0,0.0,122792.0,1.166986,0.662798,MEX,NPL,6592
1547293,153,164,1080,2012.0,0.0,71107.0,0.93739,0.726329,MYS,NPL,6592
1547294,162,164,1080,2012.0,0.0,930732.0,0.961975,1.517883,NLD,NPL,6592
1547295,163,164,1080,2012.0,0.0,43512.0,0.5462670000000001,-0.042712,NOR,NPL,6592
1547296,166,164,1080,2012.0,0.0,28966.0,0.21502399999999997,0.746456,NZL,NPL,6592
1547297,168,164,1080,2012.0,58276.0,0.0,-0.600346,0.474208,PAK,NPL,6592
1547298,177,164,1080,2012.0,0.0,75846.0,1.039598,1.145227,POL,NPL,6592
1547299,179,164,1080,2012.0,0.0,5978.0,0.697799,2.122262,PRT,NPL,6592
1547300,186,164,1080,2012.0,0.0,63715.0,-0.123649,-0.218926,RUS,NPL,6592
1547301,188,164,1080,2012.0,0.0,36235.0,-0.621115,-0.975865,SAU,NPL,6592
1547302,192,164,1080,2012.0,0.0,156157.0,1.762134,0.583393,SGP,NPL,6592
1547303,208,164,1080,2012.0,0.0,179761.0,1.721268,0.15675,SWE,NPL,6592
1547304,216,164,1080,2012.0,0.0,3009.0,1.015684,1.20697,THA,NPL,6592
1547305,224,164,1080,2012.0,47754.0,1560646.0,0.657573,1.969027,TUR,NPL,6592
1547306,231,164,1080,2012.0,5589.0,24869860.0,1.51134,-0.637794,USA,NPL,6592
1547307,239,164,1080,2012.0,0.0,26400.0,0.0755,1.008183,VNM,NPL,6592
1547308,246,164,1080,2012.0,0.0,443712.0,0.06510099999999999,1.748521,ZAF,NPL,6592
1547309,249,164,1080,2012.0,0.0,84245.0,1.671686,0.9854729999999999,TWN,NPL,6592
1547310,7,167,1080,2012.0,1088189.0,2109.0,0.256232,-0.46518400000000004,ARE,OMN,6592
1547311,14,167,1080,2012.0,3096.0,0.0,-0.537197,-0.22305300000000003,AUS,OMN,6592
1547312,15,167,1080,2012.0,15433.0,0.0,1.710955,-0.8860399999999999,AUT,OMN,6592
1547313,41,167,1080,2012.0,9461.0,1587.0,2.0265150000000003,0.6496689999999999,CHE,OMN,6592
1547314,43,167,1080,2012.0,197308.0,0.0,1.2170590000000001,0.584412,CHN,OMN,6592
1547315,61,167,1080,2012.0,1302.0,4662.0,1.977443,-3.692254,DEU,OMN,6592
1547316,81,167,1080,2012.0,21240.0,0.0,1.544653,0.776512,GBR,OMN,6592
1547317,104,167,1080,2012.0,150780.0,1691.0,0.24883200000000003,2.463711,IND,OMN,6592
1547318,107,167,1080,2012.0,10190.0,0.0,-1.06794,-0.993099,IRN,OMN,6592
1547319,111,167,1080,2012.0,11196.0,0.0,1.396626,-0.43950500000000003,ITA,OMN,6592
1547320,134,167,1080,2012.0,1085.0,0.0,-0.330598,0.037439,MAR,OMN,6592
1547321,168,167,1080,2012.0,58949.0,0.0,-0.600346,0.474208,PAK,OMN,6592
1547322,216,167,1080,2012.0,18489.0,0.0,1.015684,1.20697,THA,OMN,6592
1547323,224,167,1080,2012.0,53885.0,3821.0,0.657573,1.969027,TUR,OMN,6592
1547324,226,167,1080,2012.0,0.0,6644.0,-0.490001,1.149681,TZA,OMN,6592
1547325,1,168,1080,2012.0,448213.0,666594.0,-0.666296,-0.7860689999999999,AFG,PAK,6592
1547326,7,168,1080,2012.0,77166.0,474607.0,0.256232,-0.46518400000000004,ARE,PAK,6592
1547327,8,168,1080,2012.0,0.0,4405.0,-0.019015,0.548292,ARG,PAK,6592
1547328,14,168,1080,2012.0,52392.0,1916062.0,-0.537197,-0.22305300000000003,AUS,PAK,6592
1547329,15,168,1080,2012.0,0.0,1129322.0,1.710955,-0.8860399999999999,AUT,PAK,6592
1547330,16,168,1080,2012.0,0.0,153271.0,-1.44287,-1.261817,AZE,PAK,6592
1547331,18,168,1080,2012.0,0.0,2444654.0,1.06425,1.369205,BEL,PAK,6592
1547332,22,168,1080,2012.0,0.0,1203.0,-0.62037,-0.6858350000000001,BGD,PAK,6592
1547333,24,168,1080,2012.0,0.0,167915.0,-0.01785,-0.780651,BHR,PAK,6592
1547334,25,168,1080,2012.0,0.0,5088.0,0.37130799999999997,-0.526134,BHS,PAK,6592
1547335,28,168,1080,2012.0,0.0,2070.0,1.0976059999999999,0.861051,BLR,PAK,6592
1547336,31,168,1080,2012.0,0.0,32428.0,-0.698325,-0.728248,BOL,PAK,6592
1547337,32,168,1080,2012.0,0.0,371588.0,0.340455,0.9006790000000001,BRA,PAK,6592
1547338,34,168,1080,2012.0,0.0,2487.0,-2.9686049999999997,-0.8427290000000001,BRN,PAK,6592
1547339,39,168,1080,2012.0,24240.0,2654272.0,0.630575,1.28653,CAN,PAK,6592
1547340,41,168,1080,2012.0,5641.0,641427.0,2.0265150000000003,0.6496689999999999,CHE,PAK,6592
1547341,42,168,1080,2012.0,0.0,514286.0,-0.180309,-0.33571799999999996,CHL,PAK,6592
1547342,43,168,1080,2012.0,52330.0,492701.0,1.2170590000000001,0.584412,CHN,PAK,6592
1547343,44,168,1080,2012.0,0.0,9478.0,-1.014737,-0.8629049999999999,CIV,PAK,6592
1547344,45,168,1080,2012.0,0.0,3302.0,-1.018794,-1.013026,CMR,PAK,6592
1547345,49,168,1080,2012.0,0.0,13223.0,0.034488,-0.340545,COL,PAK,6592
1547346,58,168,1080,2012.0,0.0,112060.0,0.621962,0.188051,CYP,PAK,6592
1547347,59,168,1080,2012.0,0.0,312795.0,1.7368299999999999,-0.651329,CZE,PAK,6592
1547348,61,168,1080,2012.0,473660.0,10217089.0,1.977443,-3.692254,DEU,PAK,6592
1547349,64,168,1080,2012.0,0.0,728900.0,1.159478,1.053761,DNK,PAK,6592
1547350,67,168,1080,2012.0,0.0,31607.0,-0.66209,-0.796325,ECU,PAK,6592
1547351,68,168,1080,2012.0,469645.0,106171.0,-0.145791,1.470876,EGY,PAK,6592
1547352,71,168,1080,2012.0,63129.0,1435703.0,0.925701,1.8700189999999999,ESP,PAK,6592
1547353,73,168,1080,2012.0,0.0,4536.0,-0.9118729999999999,-0.8843,ETH,PAK,6592
1547354,74,168,1080,2012.0,0.0,55903.0,1.5813700000000002,0.872251,FIN,PAK,6592
1547355,77,168,1080,2012.0,0.0,5449198.0,1.414721,0.07219600000000001,FRA,PAK,6592
1547356,81,168,1080,2012.0,14899.0,4394278.0,1.544653,0.776512,GBR,PAK,6592
1547357,83,168,1080,2012.0,0.0,23447.0,-1.0541049999999998,-0.7275590000000001,GHA,PAK,6592
1547358,90,168,1080,2012.0,130704.0,535468.0,0.161352,1.273024,GRC,PAK,6592
1547359,93,168,1080,2012.0,0.0,5071.0,-0.15801400000000002,0.5786640000000001,GTM,PAK,6592
1547360,97,168,1080,2012.0,2195.0,472845.0,0.788308,1.029625,HKG,PAK,6592
1547361,100,168,1080,2012.0,0.0,81103.0,0.881764,1.149456,HRV,PAK,6592
1547362,102,168,1080,2012.0,0.0,147741.0,1.61049,0.44614799999999993,HUN,PAK,6592
1547363,104,168,1080,2012.0,12507.0,16474.0,0.24883200000000003,2.463711,IND,PAK,6592
1547364,106,168,1080,2012.0,0.0,11935.0,1.1761549999999998,0.279569,IRL,PAK,6592
1547365,107,168,1080,2012.0,330345.0,8446.0,-1.06794,-0.993099,IRN,PAK,6592
1547366,109,168,1080,2012.0,0.0,1267.0,0.20266800000000001,-0.203262,ISL,PAK,6592
1547367,111,168,1080,2012.0,150595.0,4773764.0,1.396626,-0.43950500000000003,ITA,PAK,6592
1547368,113,168,1080,2012.0,0.0,2506.0,0.29205,0.638942,JOR,PAK,6592
1547369,114,168,1080,2012.0,0.0,4638266.0,2.325746,-0.8705649999999999,JPN,PAK,6592
1547370,115,168,1080,2012.0,0.0,7323.0,-0.447428,-0.42193,KAZ,PAK,6592
1547371,116,168,1080,2012.0,0.0,83605.0,-0.256144,0.21991599999999997,KEN,PAK,6592
1547372,117,168,1080,2012.0,0.0,8691.0,0.044116,0.678193,KGZ,PAK,6592
1547373,121,168,1080,2012.0,3713.0,20363.0,1.839479,0.8272799999999999,KOR,PAK,6592
1547374,122,168,1080,2012.0,0.0,55249.0,-1.130729,-1.083905,KWT,PAK,6592
1547375,124,168,1080,2012.0,0.0,359539.0,0.36778099999999997,1.3771010000000001,LBN,PAK,6592
1547376,125,168,1080,2012.0,0.0,6282.0,-1.0455219999999998,-1.119357,LBR,PAK,6592
1547377,126,168,1080,2012.0,0.0,12174.0,-2.778437,-1.15615,LBY,PAK,6592
1547378,128,168,1080,2012.0,0.0,8017.0,-0.24579299999999998,0.518273,LKA,PAK,6592
1547379,131,168,1080,2012.0,0.0,11542.0,1.0163739999999999,1.178021,LUX,PAK,6592
1547380,136,168,1080,2012.0,0.0,6714.0,-0.664783,-0.478411,MDG,PAK,6592
1547381,138,168,1080,2012.0,0.0,371342.0,1.166986,0.662798,MEX,PAK,6592
1547382,144,168,1080,2012.0,0.0,17108.0,0.028479,-0.045841,MNE,PAK,6592
1547383,147,168,1080,2012.0,0.0,8322.0,-1.274567,-1.045444,MOZ,PAK,6592
1547384,151,168,1080,2012.0,0.0,7614.0,-0.101344,0.22300100000000003,MUS,PAK,6592
1547385,153,168,1080,2012.0,0.0,199050.0,0.93739,0.726329,MYS,PAK,6592
1547386,155,168,1080,2012.0,0.0,88003.0,-0.404252,-0.330913,NAM,PAK,6592
1547387,159,168,1080,2012.0,0.0,6511.0,-1.616498,-1.174816,NGA,PAK,6592
1547388,162,168,1080,2012.0,39490.0,574517.0,0.961975,1.517883,NLD,PAK,6592
1547389,163,168,1080,2012.0,0.0,154238.0,0.5462670000000001,-0.042712,NOR,PAK,6592
1547390,164,168,1080,2012.0,0.0,58276.0,0.023836000000000003,0.702753,NPL,PAK,6592
1547391,166,168,1080,2012.0,0.0,526256.0,0.21502399999999997,0.746456,NZL,PAK,6592
1547392,167,168,1080,2012.0,0.0,58949.0,-0.782802,-1.065774,OMN,PAK,6592
1547393,169,168,1080,2012.0,0.0,2066.0,1.001878,1.18554,PAN,PAK,6592
1547394,173,168,1080,2012.0,0.0,102512.0,-0.47011499999999995,0.340251,PER,PAK,6592
1547395,174,168,1080,2012.0,17451.0,0.0,0.44656,0.55585,PHL,PAK,6592
1547396,177,168,1080,2012.0,0.0,113228.0,1.039598,1.145227,POL,PAK,6592
1547397,179,168,1080,2012.0,0.0,13370.0,0.697799,2.122262,PRT,PAK,6592
1547398,183,168,1080,2012.0,0.0,218845.0,-0.6436029999999999,-0.990323,QAT,PAK,6592
1547399,186,168,1080,2012.0,0.0,76407.0,-0.123649,-0.218926,RUS,PAK,6592
1547400,188,168,1080,2012.0,2035.0,258077.0,-0.621115,-0.975865,SAU,PAK,6592
1547401,192,168,1080,2012.0,81543.0,608298.0,1.762134,0.583393,SGP,PAK,6592
1547402,201,168,1080,2012.0,0.0,14857.0,0.696674,1.544065,SRB,PAK,6592
1547403,206,168,1080,2012.0,0.0,22208.0,1.3586200000000002,0.805751,SVK,PAK,6592
1547404,207,168,1080,2012.0,23460.0,0.0,1.4933049999999999,0.58207,SVN,PAK,6592
1547405,208,168,1080,2012.0,0.0,1065390.0,1.721268,0.15675,SWE,PAK,6592
1547406,215,168,1080,2012.0,0.0,1681.0,-0.525578,-0.41306800000000005,TGO,PAK,6592
1547407,216,168,1080,2012.0,0.0,34112.0,1.015684,1.20697,THA,PAK,6592
1547408,224,168,1080,2012.0,37916.0,14771982.0,0.657573,1.969027,TUR,PAK,6592
1547409,226,168,1080,2012.0,0.0,10598.0,-0.490001,1.149681,TZA,PAK,6592
1547410,228,168,1080,2012.0,0.0,87496.0,0.533547,1.159378,UKR,PAK,6592
1547411,230,168,1080,2012.0,0.0,4218.0,0.013581000000000001,0.047302,URY,PAK,6592
1547412,231,168,1080,2012.0,1766884.0,65447392.0,1.51134,-0.637794,USA,PAK,6592
1547413,239,168,1080,2012.0,0.0,6395.0,0.0755,1.008183,VNM,PAK,6592
1547414,243,168,1080,2012.0,0.0,3381.0,-1.180884,-1.22621,YEM,PAK,6592
1547415,246,168,1080,2012.0,0.0,3281576.0,0.06510099999999999,1.748521,ZAF,PAK,6592
1547416,249,168,1080,2012.0,0.0,24183.0,1.671686,0.9854729999999999,TWN,PAK,6592
1547417,250,168,1080,2012.0,8591.0,0.0,0.34242399999999995,-0.007095999999999999,ANS,PAK,6592
1547418,7,185,1080,2012.0,31328.0,0.0,0.256232,-0.46518400000000004,ARE,ROU,6592
1547419,15,185,1080,2012.0,32684.0,0.0,1.710955,-0.8860399999999999,AUT,ROU,6592
1547420,18,185,1080,2012.0,321136.0,0.0,1.06425,1.369205,BEL,ROU,6592
1547421,23,185,1080,2012.0,27705.0,0.0,0.601161,1.594487,BGR,ROU,6592
1547422,41,185,1080,2012.0,0.0,1330.0,2.0265150000000003,0.6496689999999999,CHE,ROU,6592
1547423,43,185,1080,2012.0,12808.0,0.0,1.2170590000000001,0.584412,CHN,ROU,6592
1547424,61,185,1080,2012.0,171506.0,0.0,1.977443,-3.692254,DEU,ROU,6592
1547425,64,185,1080,2012.0,4851.0,0.0,1.159478,1.053761,DNK,ROU,6592
1547426,68,185,1080,2012.0,518046.0,0.0,-0.145791,1.470876,EGY,ROU,6592
1547427,71,185,1080,2012.0,8964.0,0.0,0.925701,1.8700189999999999,ESP,ROU,6592
1547428,72,185,1080,2012.0,0.0,65411.0,0.8603,1.3146870000000002,EST,ROU,6592
1547429,77,185,1080,2012.0,2430.0,0.0,1.414721,0.07219600000000001,FRA,ROU,6592
1547430,81,185,1080,2012.0,4877.0,0.0,1.544653,0.776512,GBR,ROU,6592
1547431,90,185,1080,2012.0,61180.0,0.0,0.161352,1.273024,GRC,ROU,6592
1547432,102,185,1080,2012.0,103926.0,0.0,1.61049,0.44614799999999993,HUN,ROU,6592
1547433,104,185,1080,2012.0,258913.0,0.0,0.24883200000000003,2.463711,IND,ROU,6592
1547434,107,185,1080,2012.0,9185.0,0.0,-1.06794,-0.993099,IRN,ROU,6592
1547435,111,185,1080,2012.0,154060.0,2339.0,1.396626,-0.43950500000000003,ITA,ROU,6592
1547436,115,185,1080,2012.0,0.0,1805.0,-0.447428,-0.42193,KAZ,ROU,6592
1547437,134,185,1080,2012.0,2089.0,0.0,-0.330598,0.037439,MAR,ROU,6592
1547438,162,185,1080,2012.0,3248.0,0.0,0.961975,1.517883,NLD,ROU,6592
1547439,163,185,1080,2012.0,9126.0,12783.0,0.5462670000000001,-0.042712,NOR,ROU,6592
1547440,177,185,1080,2012.0,12913.0,0.0,1.039598,1.145227,POL,ROU,6592
1547441,179,185,1080,2012.0,1256.0,0.0,0.697799,2.122262,PRT,ROU,6592
1547442,206,185,1080,2012.0,0.0,20811.0,1.3586200000000002,0.805751,SVK,ROU,6592
1547443,208,185,1080,2012.0,20168.0,0.0,1.721268,0.15675,SWE,ROU,6592
1547444,224,185,1080,2012.0,17322.0,170737.0,0.657573,1.969027,TUR,ROU,6592
1547445,231,185,1080,2012.0,0.0,195965.0,1.51134,-0.637794,USA,ROU,6592
1547446,1,186,1080,2012.0,18865.0,0.0,-0.666296,-0.7860689999999999,AFG,RUS,6592
1547447,7,186,1080,2012.0,36652.0,34414.0,0.256232,-0.46518400000000004,ARE,RUS,6592
1547448,15,186,1080,2012.0,0.0,7491.0,1.710955,-0.8860399999999999,AUT,RUS,6592
1547449,18,186,1080,2012.0,139655.0,0.0,1.06425,1.369205,BEL,RUS,6592
1547450,23,186,1080,2012.0,1676.0,0.0,0.601161,1.594487,BGR,RUS,6592
1547451,26,186,1080,2012.0,4982.0,0.0,0.6672520000000001,1.16153,BIH,RUS,6592
1547452,28,186,1080,2012.0,1093.0,6047.0,1.0976059999999999,0.861051,BLR,RUS,6592
1547453,39,186,1080,2012.0,0.0,25153.0,0.630575,1.28653,CAN,RUS,6592
1547454,41,186,1080,2012.0,50095.0,0.0,2.0265150000000003,0.6496689999999999,CHE,RUS,6592
1547455,43,186,1080,2012.0,2140708.0,0.0,1.2170590000000001,0.584412,CHN,RUS,6592
1547456,61,186,1080,2012.0,1799783.0,10718.0,1.977443,-3.692254,DEU,RUS,6592
1547457,68,186,1080,2012.0,7979702.0,0.0,-0.145791,1.470876,EGY,RUS,6592
1547458,71,186,1080,2012.0,68061.0,0.0,0.925701,1.8700189999999999,ESP,RUS,6592
1547459,74,186,1080,2012.0,25141.0,0.0,1.5813700000000002,0.872251,FIN,RUS,6592
1547460,77,186,1080,2012.0,731410.0,0.0,1.414721,0.07219600000000001,FRA,RUS,6592
1547461,81,186,1080,2012.0,116939.0,0.0,1.544653,0.776512,GBR,RUS,6592
1547462,82,186,1080,2012.0,0.0,2077.0,-0.244691,-0.552666,GEO,RUS,6592
1547463,90,186,1080,2012.0,7129.0,0.0,0.161352,1.273024,GRC,RUS,6592
1547464,104,186,1080,2012.0,3392818.0,0.0,0.24883200000000003,2.463711,IND,RUS,6592
1547465,107,186,1080,2012.0,1592738.0,0.0,-1.06794,-0.993099,IRN,RUS,6592
1547466,110,186,1080,2012.0,183665.0,0.0,1.125254,0.736004,ISR,RUS,6592
1547467,111,186,1080,2012.0,1305193.0,133759.0,1.396626,-0.43950500000000003,ITA,RUS,6592
1547468,114,186,1080,2012.0,41259.0,0.0,2.325746,-0.8705649999999999,JPN,RUS,6592
1547469,115,186,1080,2012.0,45148.0,0.0,-0.447428,-0.42193,KAZ,RUS,6592
1547470,124,186,1080,2012.0,0.0,3248.0,0.36778099999999997,1.3771010000000001,LBN,RUS,6592
1547471,130,186,1080,2012.0,43653.0,0.0,0.739945,1.217062,LTU,RUS,6592
1547472,134,186,1080,2012.0,2674.0,0.0,-0.330598,0.037439,MAR,RUS,6592
1547473,151,186,1080,2012.0,83475.0,0.0,-0.101344,0.22300100000000003,MUS,RUS,6592
1547474,162,186,1080,2012.0,23030.0,2760.0,0.961975,1.517883,NLD,RUS,6592
1547475,164,186,1080,2012.0,63715.0,0.0,0.023836000000000003,0.702753,NPL,RUS,6592
1547476,166,186,1080,2012.0,10203.0,0.0,0.21502399999999997,0.746456,NZL,RUS,6592
1547477,168,186,1080,2012.0,76407.0,0.0,-0.600346,0.474208,PAK,RUS,6592
1547478,177,186,1080,2012.0,35357.0,0.0,1.039598,1.145227,POL,RUS,6592
1547479,201,186,1080,2012.0,2563.0,0.0,0.696674,1.544065,SRB,RUS,6592
1547480,207,186,1080,2012.0,10130.0,0.0,1.4933049999999999,0.58207,SVN,RUS,6592
1547481,208,186,1080,2012.0,137088.0,0.0,1.721268,0.15675,SWE,RUS,6592
1547482,212,186,1080,2012.0,4648.0,0.0,0.12079200000000001,2.258125,SYR,RUS,6592
1547483,224,186,1080,2012.0,116696.0,16057.0,0.657573,1.969027,TUR,RUS,6592
1547484,231,186,1080,2012.0,312873.0,112763.0,1.51134,-0.637794,USA,RUS,6592
1547485,250,186,1080,2012.0,2048.0,0.0,0.34242399999999995,-0.007095999999999999,ANS,RUS,6592
1547486,7,191,1080,2012.0,381515.0,0.0,0.256232,-0.46518400000000004,ARE,SEN,6592
1547487,43,191,1080,2012.0,5669.0,0.0,1.2170590000000001,0.584412,CHN,SEN,6592
1547488,47,191,1080,2012.0,0.0,2973.0,-1.153559,-1.069009,COG,SEN,6592
1547489,61,191,1080,2012.0,1927.0,0.0,1.977443,-3.692254,DEU,SEN,6592
1547490,68,191,1080,2012.0,124117.0,0.0,-0.145791,1.470876,EGY,SEN,6592
1547491,77,191,1080,2012.0,6466.0,0.0,1.414721,0.07219600000000001,FRA,SEN,6592
1547492,104,191,1080,2012.0,22435.0,0.0,0.24883200000000003,2.463711,IND,SEN,6592
1547493,111,191,1080,2012.0,3266.0,0.0,1.396626,-0.43950500000000003,ITA,SEN,6592
1547494,141,191,1080,2012.0,0.0,5007.0,-0.675086,-0.8228139999999999,MLI,SEN,6592
1547495,224,191,1080,2012.0,35624.0,0.0,0.657573,1.969027,TUR,SEN,6592
1547496,231,191,1080,2012.0,33115.0,0.0,1.51134,-0.637794,USA,SEN,6592
1547497,15,201,1080,2012.0,16024.0,0.0,1.710955,-0.8860399999999999,AUT,SRB,6592
1547498,18,201,1080,2012.0,2377.0,0.0,1.06425,1.369205,BEL,SRB,6592
1547499,23,201,1080,2012.0,1649.0,0.0,0.601161,1.594487,BGR,SRB,6592
1547500,26,201,1080,2012.0,50064.0,18788.0,0.6672520000000001,1.16153,BIH,SRB,6592
1547501,41,201,1080,2012.0,0.0,3007.0,2.0265150000000003,0.6496689999999999,CHE,SRB,6592
1547502,43,201,1080,2012.0,12415.0,0.0,1.2170590000000001,0.584412,CHN,SRB,6592
1547503,61,201,1080,2012.0,293024.0,0.0,1.977443,-3.692254,DEU,SRB,6592
1547504,64,201,1080,2012.0,5272.0,0.0,1.159478,1.053761,DNK,SRB,6592
1547505,68,201,1080,2012.0,1052.0,0.0,-0.145791,1.470876,EGY,SRB,6592
1547506,71,201,1080,2012.0,1255.0,0.0,0.925701,1.8700189999999999,ESP,SRB,6592
1547507,90,201,1080,2012.0,29445.0,0.0,0.161352,1.273024,GRC,SRB,6592
1547508,102,201,1080,2012.0,40314.0,0.0,1.61049,0.44614799999999993,HUN,SRB,6592
1547509,104,201,1080,2012.0,47890.0,0.0,0.24883200000000003,2.463711,IND,SRB,6592
1547510,107,201,1080,2012.0,22389.0,0.0,-1.06794,-0.993099,IRN,SRB,6592
1547511,111,201,1080,2012.0,9553.0,19570.0,1.396626,-0.43950500000000003,ITA,SRB,6592
1547512,140,201,1080,2012.0,0.0,2948.0,-0.08785599999999999,0.153128,MKD,SRB,6592
1547513,144,201,1080,2012.0,0.0,54077.0,0.028479,-0.045841,MNE,SRB,6592
1547514,162,201,1080,2012.0,4365.0,6508.0,0.961975,1.517883,NLD,SRB,6592
1547515,168,201,1080,2012.0,14857.0,0.0,-0.600346,0.474208,PAK,SRB,6592
1547516,186,201,1080,2012.0,0.0,2563.0,-0.123649,-0.218926,RUS,SRB,6592
1547517,208,201,1080,2012.0,3423.0,0.0,1.721268,0.15675,SWE,SRB,6592
1547518,224,201,1080,2012.0,247137.0,0.0,0.657573,1.969027,TUR,SRB,6592
1547519,231,201,1080,2012.0,1768.0,0.0,1.51134,-0.637794,USA,SRB,6592
1547520,237,201,1080,2012.0,15833.0,0.0,0.419843,0.23373899999999997,VGB,SRB,6592
1547521,7,248,1080,2012.0,83524.0,0.0,0.256232,-0.46518400000000004,ARE,ZWE,6592
1547522,37,248,1080,2012.0,2238.0,0.0,-0.47585200000000005,-1.061016,BWA,ZWE,6592
1547523,43,248,1080,2012.0,1829.0,0.0,1.2170590000000001,0.584412,CHN,ZWE,6592
1547524,61,248,1080,2012.0,0.0,5471.0,1.977443,-3.692254,DEU,ZWE,6592
1547525,68,248,1080,2012.0,390473.0,0.0,-0.145791,1.470876,EGY,ZWE,6592
1547526,246,248,1080,2012.0,67112.0,0.0,0.06510099999999999,1.748521,ZAF,ZWE,6592
1547527,7,1,1080,2012.0,18811.0,57091.0,0.256232,-0.46518400000000004,ARE,AFG,6592
1547528,14,1,1080,2012.0,0.0,131250.0,-0.537197,-0.22305300000000003,AUS,AFG,6592
1547529,15,1,1080,2012.0,0.0,29870.0,1.710955,-0.8860399999999999,AUT,AFG,6592
1547530,39,1,1080,2012.0,0.0,399299.0,0.630575,1.28653,CAN,AFG,6592
1547531,41,1,1080,2012.0,4806.0,170006.0,2.0265150000000003,0.6496689999999999,CHE,AFG,6592
1547532,43,1,1080,2012.0,0.0,43455.0,1.2170590000000001,0.584412,CHN,AFG,6592
1547533,59,1,1080,2012.0,0.0,4683.0,1.7368299999999999,-0.651329,CZE,AFG,6592
1547534,61,1,1080,2012.0,0.0,1640319.0,1.977443,-3.692254,DEU,AFG,6592
1547535,64,1,1080,2012.0,0.0,10079.0,1.159478,1.053761,DNK,AFG,6592
1547536,71,1,1080,2012.0,0.0,53804.0,0.925701,1.8700189999999999,ESP,AFG,6592
1547537,74,1,1080,2012.0,0.0,1076.0,1.5813700000000002,0.872251,FIN,AFG,6592
1547538,77,1,1080,2012.0,0.0,11878.0,1.414721,0.07219600000000001,FRA,AFG,6592
1547539,81,1,1080,2012.0,0.0,59972.0,1.544653,0.776512,GBR,AFG,6592
1547540,100,1,1080,2012.0,0.0,30385.0,0.881764,1.149456,HRV,AFG,6592
1547541,104,1,1080,2012.0,20100.0,951080.0,0.24883200000000003,2.463711,IND,AFG,6592
1547542,111,1,1080,2012.0,0.0,29943.0,1.396626,-0.43950500000000003,ITA,AFG,6592
1547543,114,1,1080,2012.0,0.0,60839.0,2.325746,-0.8705649999999999,JPN,AFG,6592
1547544,162,1,1080,2012.0,0.0,6407.0,0.961975,1.517883,NLD,AFG,6592
1547545,163,1,1080,2012.0,0.0,90378.0,0.5462670000000001,-0.042712,NOR,AFG,6592
1547546,166,1,1080,2012.0,0.0,10375.0,0.21502399999999997,0.746456,NZL,AFG,6592
1547547,168,1,1080,2012.0,666594.0,448213.0,-0.600346,0.474208,PAK,AFG,6592
1547548,177,1,1080,2012.0,0.0,3923.0,1.039598,1.145227,POL,AFG,6592
1547549,186,1,1080,2012.0,0.0,18865.0,-0.123649,-0.218926,RUS,AFG,6592
1547550,192,1,1080,2012.0,11398.0,0.0,1.762134,0.583393,SGP,AFG,6592
1547551,224,1,1080,2012.0,0.0,2109704.0,0.657573,1.969027,TUR,AFG,6592
1547552,231,1,1080,2012.0,0.0,2190972.0,1.51134,-0.637794,USA,AFG,6592
1547553,250,1,1080,2012.0,0.0,27696612.0,0.34242399999999995,-0.007095999999999999,ANS,AFG,6592
1547554,68,4,1080,2012.0,332259.0,0.0,-0.145791,1.470876,EGY,ALB,6592
1547555,90,4,1080,2012.0,13232.0,0.0,0.161352,1.273024,GRC,ALB,6592
1547556,104,4,1080,2012.0,2877.0,0.0,0.24883200000000003,2.463711,IND,ALB,6592
1547557,107,4,1080,2012.0,39555.0,0.0,-1.06794,-0.993099,IRN,ALB,6592
1547558,111,4,1080,2012.0,96615.0,4952.0,1.396626,-0.43950500000000003,ITA,ALB,6592
1547559,162,4,1080,2012.0,4700.0,0.0,0.961975,1.517883,NLD,ALB,6592
1547560,224,4,1080,2012.0,32631.0,0.0,0.657573,1.969027,TUR,ALB,6592
1547561,39,13,1080,2012.0,0.0,1598.0,0.630575,1.28653,CAN,ATG,6592
1547562,41,13,1080,2012.0,0.0,1129.0,2.0265150000000003,0.6496689999999999,CHE,ATG,6592
1547563,43,13,1080,2012.0,6642.0,0.0,1.2170590000000001,0.584412,CHN,ATG,6592
1547564,81,13,1080,2012.0,30881.0,0.0,1.544653,0.776512,GBR,ATG,6592
1547565,111,13,1080,2012.0,1560.0,0.0,1.396626,-0.43950500000000003,ITA,ATG,6592
1547566,112,13,1080,2012.0,1453.0,0.0,-0.307289,-0.738736,JAM,ATG,6592
1547567,169,13,1080,2012.0,1559.0,0.0,1.001878,1.18554,PAN,ATG,6592
1547568,231,13,1080,2012.0,13819.0,0.0,1.51134,-0.637794,USA,ATG,6592
1547569,7,21,1080,2012.0,7116.0,0.0,0.256232,-0.46518400000000004,ARE,BFA,6592
1547570,43,21,1080,2012.0,19826.0,0.0,1.2170590000000001,0.584412,CHN,BFA,6592
1547571,44,21,1080,2012.0,0.0,9357.0,-1.014737,-0.8629049999999999,CIV,BFA,6592
1547572,77,21,1080,2012.0,1016.0,0.0,1.414721,0.07219600000000001,FRA,BFA,6592
1547573,83,21,1080,2012.0,42780.0,0.0,-1.0541049999999998,-0.7275590000000001,GHA,BFA,6592
1547574,224,21,1080,2012.0,6369.0,0.0,0.657573,1.969027,TUR,BFA,6592
1547575,169,29,1080,2012.0,1648.0,0.0,1.001878,1.18554,PAN,BLZ,6592
1547576,231,29,1080,2012.0,3568.0,0.0,1.51134,-0.637794,USA,BLZ,6592
1547577,104,35,1080,2012.0,4322.0,6037.0,0.24883200000000003,2.463711,IND,BTN,6592
1547578,164,35,1080,2012.0,1310.0,0.0,0.023836000000000003,0.702753,NPL,BTN,6592
1547579,43,37,1080,2012.0,15373.0,0.0,1.2170590000000001,0.584412,CHN,BWA,6592
1547580,81,37,1080,2012.0,2362.0,0.0,1.544653,0.776512,GBR,BWA,6592
1547581,97,37,1080,2012.0,1004.0,0.0,0.788308,1.029625,HKG,BWA,6592
1547582,104,37,1080,2012.0,6076.0,0.0,0.24883200000000003,2.463711,IND,BWA,6592
1547583,231,37,1080,2012.0,2053.0,0.0,1.51134,-0.637794,USA,BWA,6592
1547584,246,37,1080,2012.0,1511411.0,5125.0,0.06510099999999999,1.748521,ZAF,BWA,6592
1547585,247,37,1080,2012.0,0.0,3871.0,-0.356518,-0.71057,ZMB,BWA,6592
1547586,248,37,1080,2012.0,0.0,2238.0,-0.812796,-0.747908,ZWE,BWA,6592
1547587,18,44,1080,2012.0,1606.0,0.0,1.06425,1.369205,BEL,CIV,6592
1547588,21,44,1080,2012.0,9357.0,0.0,-0.624286,-0.689179,BFA,CIV,6592
1547589,39,44,1080,2012.0,25555.0,0.0,0.630575,1.28653,CAN,CIV,6592
1547590,43,44,1080,2012.0,9367.0,0.0,1.2170590000000001,0.584412,CHN,CIV,6592
1547591,71,44,1080,2012.0,8148.0,0.0,0.925701,1.8700189999999999,ESP,CIV,6592
1547592,77,44,1080,2012.0,32038.0,0.0,1.414721,0.07219600000000001,FRA,CIV,6592
1547593,104,44,1080,2012.0,1004.0,0.0,0.24883200000000003,2.463711,IND,CIV,6592
1547594,111,44,1080,2012.0,3889.0,0.0,1.396626,-0.43950500000000003,ITA,CIV,6592
1547595,134,44,1080,2012.0,2240.0,0.0,-0.330598,0.037439,MAR,CIV,6592
1547596,168,44,1080,2012.0,9478.0,0.0,-0.600346,0.474208,PAK,CIV,6592
1547597,188,44,1080,2012.0,33775.0,0.0,-0.621115,-0.975865,SAU,CIV,6592
1547598,208,44,1080,2012.0,0.0,6453.0,1.721268,0.15675,SWE,CIV,6592
1547599,224,44,1080,2012.0,3456.0,0.0,0.657573,1.969027,TUR,CIV,6592
1547600,7,45,1080,2012.0,7099.0,0.0,0.256232,-0.46518400000000004,ARE,CMR,6592
1547601,18,45,1080,2012.0,2995.0,0.0,1.06425,1.369205,BEL,CMR,6592
1547602,41,45,1080,2012.0,8221.0,0.0,2.0265150000000003,0.6496689999999999,CHE,CMR,6592
1547603,43,45,1080,2012.0,3490.0,0.0,1.2170590000000001,0.584412,CHN,CMR,6592
1547604,61,45,1080,2012.0,13385.0,0.0,1.977443,-3.692254,DEU,CMR,6592
1547605,77,45,1080,2012.0,16101.0,0.0,1.414721,0.07219600000000001,FRA,CMR,6592
1547606,104,45,1080,2012.0,1205.0,0.0,0.24883200000000003,2.463711,IND,CMR,6592
1547607,111,45,1080,2012.0,1029.0,0.0,1.396626,-0.43950500000000003,ITA,CMR,6592
1547608,168,45,1080,2012.0,3302.0,0.0,-0.600346,0.474208,PAK,CMR,6592
1547609,231,45,1080,2012.0,6182.0,0.0,1.51134,-0.637794,USA,CMR,6592
1547610,7,46,1080,2012.0,106020.0,0.0,0.256232,-0.46518400000000004,ARE,COD,6592
1547611,18,46,1080,2012.0,23799.0,0.0,1.06425,1.369205,BEL,COD,6592
1547612,43,46,1080,2012.0,1435.0,0.0,1.2170590000000001,0.584412,CHN,COD,6592
1547613,68,46,1080,2012.0,62186.0,0.0,-0.145791,1.470876,EGY,COD,6592
1547614,77,46,1080,2012.0,8618.0,0.0,1.414721,0.07219600000000001,FRA,COD,6592
1547615,227,46,1080,2012.0,1334.0,0.0,-0.492733,0.4513,UGA,COD,6592
1547616,246,46,1080,2012.0,31099.0,0.0,0.06510099999999999,1.748521,ZAF,COD,6592
1547617,7,47,1080,2012.0,27513.0,0.0,0.256232,-0.46518400000000004,ARE,COG,6592
1547618,18,47,1080,2012.0,1127.0,0.0,1.06425,1.369205,BEL,COG,6592
1547619,43,47,1080,2012.0,23868.0,0.0,1.2170590000000001,0.584412,CHN,COG,6592
1547620,77,47,1080,2012.0,31744.0,0.0,1.414721,0.07219600000000001,FRA,COG,6592
1547621,134,47,1080,2012.0,13082.0,0.0,-0.330598,0.037439,MAR,COG,6592
1547622,179,47,1080,2012.0,2828.0,0.0,0.697799,2.122262,PRT,COG,6592
1547623,191,47,1080,2012.0,2973.0,0.0,-0.379797,0.020130000000000002,SEN,COG,6592
1547624,216,47,1080,2012.0,38341.0,0.0,1.015684,1.20697,THA,COG,6592
1547625,111,51,1080,2012.0,1541.0,0.0,1.396626,-0.43950500000000003,ITA,CPV,6592
1547626,134,51,1080,2012.0,1758.0,0.0,-0.330598,0.037439,MAR,CPV,6592
1547627,179,51,1080,2012.0,20324.0,0.0,0.697799,2.122262,PRT,CPV,6592
1547628,39,54,1080,2012.0,3456.0,0.0,0.630575,1.28653,CAN,CUB,6592
1547629,71,54,1080,2012.0,200061.0,0.0,0.925701,1.8700189999999999,ESP,CUB,6592
1547630,104,54,1080,2012.0,5625.0,0.0,0.24883200000000003,2.463711,IND,CUB,6592
1547631,111,54,1080,2012.0,19472.0,0.0,1.396626,-0.43950500000000003,ITA,CUB,6592
1547632,7,62,1080,2012.0,19881.0,0.0,0.256232,-0.46518400000000004,ARE,DJI,6592
1547633,7,66,1080,2012.0,21082.0,0.0,0.256232,-0.46518400000000004,ARE,DZA,6592
1547634,43,66,1080,2012.0,9777.0,0.0,1.2170590000000001,0.584412,CHN,DZA,6592
1547635,68,66,1080,2012.0,1135100.0,0.0,-0.145791,1.470876,EGY,DZA,6592
1547636,77,66,1080,2012.0,64784.0,0.0,1.414721,0.07219600000000001,FRA,DZA,6592
1547637,121,66,1080,2012.0,0.0,3339.0,1.839479,0.8272799999999999,KOR,DZA,6592
1547638,179,66,1080,2012.0,14646.0,0.0,0.697799,2.122262,PRT,DZA,6592
1547639,224,66,1080,2012.0,61816.0,0.0,0.657573,1.969027,TUR,DZA,6592
1547640,7,73,1080,2012.0,72951.0,0.0,0.256232,-0.46518400000000004,ARE,ETH,6592
1547641,14,73,1080,2012.0,0.0,5553.0,-0.537197,-0.22305300000000003,AUS,ETH,6592
1547642,18,73,1080,2012.0,16018.0,3598.0,1.06425,1.369205,BEL,ETH,6592
1547643,41,73,1080,2012.0,2438.0,0.0,2.0265150000000003,0.6496689999999999,CHE,ETH,6592
1547644,43,73,1080,2012.0,110231.0,3561.0,1.2170590000000001,0.584412,CHN,ETH,6592
1547645,61,73,1080,2012.0,6111.0,1791.0,1.977443,-3.692254,DEU,ETH,6592
1547646,64,73,1080,2012.0,1582.0,0.0,1.159478,1.053761,DNK,ETH,6592
1547647,68,73,1080,2012.0,4743.0,0.0,-0.145791,1.470876,EGY,ETH,6592
1547648,71,73,1080,2012.0,2329.0,0.0,0.925701,1.8700189999999999,ESP,ETH,6592
1547649,74,73,1080,2012.0,0.0,30794.0,1.5813700000000002,0.872251,FIN,ETH,6592
1547650,77,73,1080,2012.0,3092.0,0.0,1.414721,0.07219600000000001,FRA,ETH,6592
1547651,81,73,1080,2012.0,7405.0,0.0,1.544653,0.776512,GBR,ETH,6592
1547652,104,73,1080,2012.0,6931.0,0.0,0.24883200000000003,2.463711,IND,ETH,6592
1547653,111,73,1080,2012.0,1385.0,0.0,1.396626,-0.43950500000000003,ITA,ETH,6592
1547654,116,73,1080,2012.0,0.0,1821.0,-0.256144,0.21991599999999997,KEN,ETH,6592
1547655,162,73,1080,2012.0,0.0,1642.0,0.961975,1.517883,NLD,ETH,6592
1547656,168,73,1080,2012.0,4536.0,0.0,-0.600346,0.474208,PAK,ETH,6592
1547657,179,73,1080,2012.0,27763.0,0.0,0.697799,2.122262,PRT,ETH,6592
1547658,188,73,1080,2012.0,111142.0,0.0,-0.621115,-0.975865,SAU,ETH,6592
1547659,190,73,1080,2012.0,0.0,1022.0,-1.2913139999999999,-1.144454,SDN,ETH,6592
1547660,212,73,1080,2012.0,1098.0,0.0,0.12079200000000001,2.258125,SYR,ETH,6592
1547661,224,73,1080,2012.0,7071.0,0.0,0.657573,1.969027,TUR,ETH,6592
1547662,226,73,1080,2012.0,15653.0,0.0,-0.490001,1.149681,TZA,ETH,6592
1547663,231,73,1080,2012.0,26783.0,2650.0,1.51134,-0.637794,USA,ETH,6592
1547664,246,73,1080,2012.0,3284.0,0.0,0.06510099999999999,1.748521,ZAF,ETH,6592
1547665,7,80,1080,2012.0,9673.0,0.0,0.256232,-0.46518400000000004,ARE,GAB,6592
1547666,43,80,1080,2012.0,17460.0,0.0,1.2170590000000001,0.584412,CHN,GAB,6592
1547667,71,80,1080,2012.0,11261.0,0.0,0.925701,1.8700189999999999,ESP,GAB,6592
1547668,77,80,1080,2012.0,51810.0,0.0,1.414721,0.07219600000000001,FRA,GAB,6592
1547669,111,80,1080,2012.0,2590.0,0.0,1.396626,-0.43950500000000003,ITA,GAB,6592
1547670,7,83,1080,2012.0,124936.0,0.0,0.256232,-0.46518400000000004,ARE,GHA,6592
1547671,18,83,1080,2012.0,76195.0,0.0,1.06425,1.369205,BEL,GHA,6592
1547672,21,83,1080,2012.0,0.0,42780.0,-0.624286,-0.689179,BFA,GHA,6592
1547673,39,83,1080,2012.0,10903.0,0.0,0.630575,1.28653,CAN,GHA,6592
1547674,43,83,1080,2012.0,155324.0,0.0,1.2170590000000001,0.584412,CHN,GHA,6592
1547675,61,83,1080,2012.0,82378.0,0.0,1.977443,-3.692254,DEU,GHA,6592
1547676,71,83,1080,2012.0,1387.0,0.0,0.925701,1.8700189999999999,ESP,GHA,6592
1547677,77,83,1080,2012.0,7051.0,0.0,1.414721,0.07219600000000001,FRA,GHA,6592
1547678,81,83,1080,2012.0,7662.0,0.0,1.544653,0.776512,GBR,GHA,6592
1547679,90,83,1080,2012.0,2965.0,0.0,0.161352,1.273024,GRC,GHA,6592
1547680,104,83,1080,2012.0,4144.0,0.0,0.24883200000000003,2.463711,IND,GHA,6592
1547681,107,83,1080,2012.0,1577.0,0.0,-1.06794,-0.993099,IRN,GHA,6592
1547682,111,83,1080,2012.0,82084.0,0.0,1.396626,-0.43950500000000003,ITA,GHA,6592
1547683,116,83,1080,2012.0,0.0,2127.0,-0.256144,0.21991599999999997,KEN,GHA,6592
1547684,121,83,1080,2012.0,2110.0,0.0,1.839479,0.8272799999999999,KOR,GHA,6592
1547685,141,83,1080,2012.0,0.0,43984.0,-0.675086,-0.8228139999999999,MLI,GHA,6592
1547686,162,83,1080,2012.0,12549.0,0.0,0.961975,1.517883,NLD,GHA,6592
1547687,168,83,1080,2012.0,23447.0,0.0,-0.600346,0.474208,PAK,GHA,6592
1547688,224,83,1080,2012.0,7960.0,0.0,0.657573,1.969027,TUR,GHA,6592
1547689,231,83,1080,2012.0,23150.0,3108.0,1.51134,-0.637794,USA,GHA,6592
1547690,246,83,1080,2012.0,2643.0,0.0,0.06510099999999999,1.748521,ZAF,GHA,6592
1547691,15,84,1080,2012.0,5686.0,0.0,1.710955,-0.8860399999999999,AUT,GIB,6592
1547692,71,84,1080,2012.0,28242.0,0.0,0.925701,1.8700189999999999,ESP,GIB,6592
1547693,81,84,1080,2012.0,32027.0,0.0,1.544653,0.776512,GBR,GIB,6592
1547694,7,85,1080,2012.0,18792.0,0.0,0.256232,-0.46518400000000004,ARE,GIN,6592
1547695,61,85,1080,2012.0,1112.0,0.0,1.977443,-3.692254,DEU,GIN,6592
1547696,77,85,1080,2012.0,5395.0,0.0,1.414721,0.07219600000000001,FRA,GIN,6592
1547697,104,85,1080,2012.0,3941.0,0.0,0.24883200000000003,2.463711,IND,GIN,6592
1547698,224,85,1080,2012.0,6775.0,0.0,0.657573,1.969027,TUR,GIN,6592
1547699,246,85,1080,2012.0,1687.0,0.0,0.06510099999999999,1.748521,ZAF,GIN,6592
1547700,7,89,1080,2012.0,1308.0,0.0,0.256232,-0.46518400000000004,ARE,GNQ,6592
1547701,71,89,1080,2012.0,0.0,2844.0,0.925701,1.8700189999999999,ESP,GNQ,6592
1547702,81,89,1080,2012.0,2460.0,0.0,1.544653,0.776512,GBR,GNQ,6592
1547703,231,89,1080,2012.0,39254.0,0.0,1.51134,-0.637794,USA,GNQ,6592
1547704,7,108,1080,2012.0,35381.0,4250.0,0.256232,-0.46518400000000004,ARE,IRQ,6592
1547705,43,108,1080,2012.0,16276.0,0.0,1.2170590000000001,0.584412,CHN,IRQ,6592
1547706,61,108,1080,2012.0,28213.0,0.0,1.977443,-3.692254,DEU,IRQ,6592
1547707,68,108,1080,2012.0,2203498.0,0.0,-0.145791,1.470876,EGY,IRQ,6592
1547708,113,108,1080,2012.0,0.0,60874.0,0.29205,0.638942,JOR,IRQ,6592
1547709,124,108,1080,2012.0,1061.0,0.0,0.36778099999999997,1.3771010000000001,LBN,IRQ,6592
1547710,162,108,1080,2012.0,9638.0,0.0,0.961975,1.517883,NLD,IRQ,6592
1547711,224,108,1080,2012.0,5283470.0,4221.0,0.657573,1.969027,TUR,IRQ,6592
1547712,231,108,1080,2012.0,0.0,5515.0,1.51134,-0.637794,USA,IRQ,6592
1547713,18,109,1080,2012.0,3852.0,0.0,1.06425,1.369205,BEL,ISL,6592
1547714,39,109,1080,2012.0,5900.0,0.0,0.630575,1.28653,CAN,ISL,6592
1547715,43,109,1080,2012.0,4421.0,0.0,1.2170590000000001,0.584412,CHN,ISL,6592
1547716,61,109,1080,2012.0,1702.0,0.0,1.977443,-3.692254,DEU,ISL,6592
1547717,64,109,1080,2012.0,25540.0,0.0,1.159478,1.053761,DNK,ISL,6592
1547718,81,109,1080,2012.0,4310.0,0.0,1.544653,0.776512,GBR,ISL,6592
1547719,92,109,1080,2012.0,0.0,3974.0,-0.790721,-0.882532,GRL,ISL,6592
1547720,104,109,1080,2012.0,8205.0,0.0,0.24883200000000003,2.463711,IND,ISL,6592
1547721,107,109,1080,2012.0,12549.0,0.0,-1.06794,-0.993099,IRN,ISL,6592
1547722,111,109,1080,2012.0,4504.0,0.0,1.396626,-0.43950500000000003,ITA,ISL,6592
1547723,162,109,1080,2012.0,1357.0,0.0,0.961975,1.517883,NLD,ISL,6592
1547724,168,109,1080,2012.0,1267.0,0.0,-0.600346,0.474208,PAK,ISL,6592
1547725,208,109,1080,2012.0,23022.0,0.0,1.721268,0.15675,SWE,ISL,6592
1547726,231,109,1080,2012.0,5703.0,0.0,1.51134,-0.637794,USA,ISL,6592
1547727,2,116,1080,2012.0,0.0,2229.0,-1.610059,-1.1253739999999999,AGO,KEN,6592
1547728,7,116,1080,2012.0,59093.0,0.0,0.256232,-0.46518400000000004,ARE,KEN,6592
1547729,22,116,1080,2012.0,4822.0,0.0,-0.62037,-0.6858350000000001,BGD,KEN,6592
1547730,43,116,1080,2012.0,60356.0,0.0,1.2170590000000001,0.584412,CHN,KEN,6592
1547731,68,116,1080,2012.0,470576.0,0.0,-0.145791,1.470876,EGY,KEN,6592
1547732,73,116,1080,2012.0,1821.0,0.0,-0.9118729999999999,-0.8843,ETH,KEN,6592
1547733,81,116,1080,2012.0,2551.0,0.0,1.544653,0.776512,GBR,KEN,6592
1547734,83,116,1080,2012.0,2127.0,0.0,-1.0541049999999998,-0.7275590000000001,GHA,KEN,6592
1547735,104,116,1080,2012.0,43809.0,0.0,0.24883200000000003,2.463711,IND,KEN,6592
1547736,111,116,1080,2012.0,0.0,1410.0,1.396626,-0.43950500000000003,ITA,KEN,6592
1547737,151,116,1080,2012.0,2423.0,0.0,-0.101344,0.22300100000000003,MUS,KEN,6592
1547738,168,116,1080,2012.0,83605.0,0.0,-0.600346,0.474208,PAK,KEN,6592
1547739,187,116,1080,2012.0,0.0,71811.0,-0.589064,-0.751896,RWA,KEN,6592
1547740,226,116,1080,2012.0,1521.0,0.0,-0.490001,1.149681,TZA,KEN,6592
1547741,227,116,1080,2012.0,0.0,26870.0,-0.492733,0.4513,UGA,KEN,6592
1547742,231,116,1080,2012.0,43038.0,0.0,1.51134,-0.637794,USA,KEN,6592
1547743,246,116,1080,2012.0,17888.0,0.0,0.06510099999999999,1.748521,ZAF,KEN,6592
1547744,39,120,1080,2012.0,29456.0,0.0,0.630575,1.28653,CAN,KNA,6592
1547745,231,120,1080,2012.0,20580.0,0.0,1.51134,-0.637794,USA,KNA,6592
1547746,249,120,1080,2012.0,1997.0,0.0,1.671686,0.9854729999999999,TWN,KNA,6592
1547747,7,122,1080,2012.0,298604.0,0.0,0.256232,-0.46518400000000004,ARE,KWT,6592
1547748,18,122,1080,2012.0,4301.0,0.0,1.06425,1.369205,BEL,KWT,6592
1547749,24,122,1080,2012.0,0.0,56855.0,-0.01785,-0.780651,BHR,KWT,6592
1547750,39,122,1080,2012.0,23780.0,0.0,0.630575,1.28653,CAN,KWT,6592
1547751,41,122,1080,2012.0,10440.0,0.0,2.0265150000000003,0.6496689999999999,CHE,KWT,6592
1547752,43,122,1080,2012.0,297819.0,0.0,1.2170590000000001,0.584412,CHN,KWT,6592
1547753,61,122,1080,2012.0,269688.0,0.0,1.977443,-3.692254,DEU,KWT,6592
1547754,68,122,1080,2012.0,1309358.0,0.0,-0.145791,1.470876,EGY,KWT,6592
1547755,71,122,1080,2012.0,102476.0,0.0,0.925701,1.8700189999999999,ESP,KWT,6592
1547756,77,122,1080,2012.0,10270.0,0.0,1.414721,0.07219600000000001,FRA,KWT,6592
1547757,81,122,1080,2012.0,6341.0,0.0,1.544653,0.776512,GBR,KWT,6592
1547758,104,122,1080,2012.0,176908.0,0.0,0.24883200000000003,2.463711,IND,KWT,6592
1547759,106,122,1080,2012.0,131678.0,0.0,1.1761549999999998,0.279569,IRL,KWT,6592
1547760,111,122,1080,2012.0,107016.0,0.0,1.396626,-0.43950500000000003,ITA,KWT,6592
1547761,124,122,1080,2012.0,3917.0,0.0,0.36778099999999997,1.3771010000000001,LBN,KWT,6592
1547762,164,122,1080,2012.0,69985.0,0.0,0.023836000000000003,0.702753,NPL,KWT,6592
1547763,168,122,1080,2012.0,55249.0,0.0,-0.600346,0.474208,PAK,KWT,6592
1547764,174,122,1080,2012.0,1832.0,0.0,0.44656,0.55585,PHL,KWT,6592
1547765,208,122,1080,2012.0,2806.0,0.0,1.721268,0.15675,SWE,KWT,6592
1547766,224,122,1080,2012.0,37464.0,0.0,0.657573,1.969027,TUR,KWT,6592
1547767,231,122,1080,2012.0,110680.0,0.0,1.51134,-0.637794,USA,KWT,6592
1547768,43,123,1080,2012.0,15043.0,0.0,1.2170590000000001,0.584412,CHN,LAO,6592
1547769,81,123,1080,2012.0,102094.0,0.0,1.544653,0.776512,GBR,LAO,6592
1547770,111,123,1080,2012.0,0.0,7547.0,1.396626,-0.43950500000000003,ITA,LAO,6592
1547771,153,123,1080,2012.0,1609.0,0.0,0.93739,0.726329,MYS,LAO,6592
1547772,216,123,1080,2012.0,12654.0,0.0,1.015684,1.20697,THA,LAO,6592
1547773,231,123,1080,2012.0,0.0,1249.0,1.51134,-0.637794,USA,LAO,6592
1547774,239,123,1080,2012.0,3566.0,0.0,0.0755,1.008183,VNM,LAO,6592
1547775,168,125,1080,2012.0,6282.0,0.0,-0.600346,0.474208,PAK,LBR,6592
1547776,224,125,1080,2012.0,1600.0,0.0,0.657573,1.969027,TUR,LBR,6592
1547777,14,133,1080,2012.0,0.0,3221.0,-0.537197,-0.22305300000000003,AUS,MAC,6592
1547778,18,133,1080,2012.0,1180.0,0.0,1.06425,1.369205,BEL,MAC,6592
1547779,39,133,1080,2012.0,4132.0,4594.0,0.630575,1.28653,CAN,MAC,6592
1547780,43,133,1080,2012.0,241647.0,0.0,1.2170590000000001,0.584412,CHN,MAC,6592
1547781,77,133,1080,2012.0,9901.0,0.0,1.414721,0.07219600000000001,FRA,MAC,6592
1547782,81,133,1080,2012.0,19014.0,0.0,1.544653,0.776512,GBR,MAC,6592
1547783,97,133,1080,2012.0,65096.0,0.0,0.788308,1.029625,HKG,MAC,6592
1547784,103,133,1080,2012.0,10857.0,0.0,0.045694,1.635448,IDN,MAC,6592
1547785,111,133,1080,2012.0,4245.0,0.0,1.396626,-0.43950500000000003,ITA,MAC,6592
1547786,162,133,1080,2012.0,17005.0,0.0,0.961975,1.517883,NLD,MAC,6592
1547787,216,133,1080,2012.0,1976.0,0.0,1.015684,1.20697,THA,MAC,6592
1547788,231,133,1080,2012.0,753552.0,1349.0,1.51134,-0.637794,USA,MAC,6592
1547789,249,133,1080,2012.0,4340.0,0.0,1.671686,0.9854729999999999,TWN,MAC,6592
1547790,7,134,1080,2012.0,55929.0,6300.0,0.256232,-0.46518400000000004,ARE,MAR,6592
1547791,8,134,1080,2012.0,0.0,1675.0,-0.019015,0.548292,ARG,MAR,6592
1547792,14,134,1080,2012.0,0.0,53460.0,-0.537197,-0.22305300000000003,AUS,MAR,6592
1547793,15,134,1080,2012.0,0.0,34338.0,1.710955,-0.8860399999999999,AUT,MAR,6592
1547794,18,134,1080,2012.0,1104.0,14436.0,1.06425,1.369205,BEL,MAR,6592
1547795,24,134,1080,2012.0,0.0,2459.0,-0.01785,-0.780651,BHR,MAR,6592
1547796,32,134,1080,2012.0,0.0,40980.0,0.340455,0.9006790000000001,BRA,MAR,6592
1547797,39,134,1080,2012.0,0.0,22600.0,0.630575,1.28653,CAN,MAR,6592
1547798,41,134,1080,2012.0,0.0,170344.0,2.0265150000000003,0.6496689999999999,CHE,MAR,6592
1547799,42,134,1080,2012.0,0.0,9143.0,-0.180309,-0.33571799999999996,CHL,MAR,6592
1547800,43,134,1080,2012.0,173576.0,2413.0,1.2170590000000001,0.584412,CHN,MAR,6592
1547801,44,134,1080,2012.0,0.0,2240.0,-1.014737,-0.8629049999999999,CIV,MAR,6592
1547802,47,134,1080,2012.0,0.0,13082.0,-1.153559,-1.069009,COG,MAR,6592
1547803,49,134,1080,2012.0,0.0,1363.0,0.034488,-0.340545,COL,MAR,6592
1547804,51,134,1080,2012.0,0.0,1758.0,-0.000833,-0.559762,CPV,MAR,6592
1547805,59,134,1080,2012.0,0.0,1101.0,1.7368299999999999,-0.651329,CZE,MAR,6592
1547806,61,134,1080,2012.0,54937.0,2633673.0,1.977443,-3.692254,DEU,MAR,6592
1547807,64,134,1080,2012.0,4814.0,10042.0,1.159478,1.053761,DNK,MAR,6592
1547808,68,134,1080,2012.0,1993359.0,5445.0,-0.145791,1.470876,EGY,MAR,6592
1547809,71,134,1080,2012.0,4086.0,34096.0,0.925701,1.8700189999999999,ESP,MAR,6592
1547810,77,134,1080,2012.0,278789.0,98072.0,1.414721,0.07219600000000001,FRA,MAR,6592
1547811,81,134,1080,2012.0,1621.0,102817.0,1.544653,0.776512,GBR,MAR,6592
1547812,90,134,1080,2012.0,0.0,1588.0,0.161352,1.273024,GRC,MAR,6592
1547813,102,134,1080,2012.0,0.0,1613.0,1.61049,0.44614799999999993,HUN,MAR,6592
1547814,104,134,1080,2012.0,129751.0,2109.0,0.24883200000000003,2.463711,IND,MAR,6592
1547815,106,134,1080,2012.0,0.0,3964.0,1.1761549999999998,0.279569,IRL,MAR,6592
1547816,107,134,1080,2012.0,16582.0,0.0,-1.06794,-0.993099,IRN,MAR,6592
1547817,110,134,1080,2012.0,0.0,2629.0,1.125254,0.736004,ISR,MAR,6592
1547818,111,134,1080,2012.0,25671.0,98373.0,1.396626,-0.43950500000000003,ITA,MAR,6592
1547819,113,134,1080,2012.0,0.0,1863.0,0.29205,0.638942,JOR,MAR,6592
1547820,114,134,1080,2012.0,0.0,10645.0,2.325746,-0.8705649999999999,JPN,MAR,6592
1547821,138,134,1080,2012.0,0.0,3812.0,1.166986,0.662798,MEX,MAR,6592
1547822,142,134,1080,2012.0,0.0,1549.0,0.775001,0.048663,MLT,MAR,6592
1547823,148,134,1080,2012.0,0.0,7178.0,-1.501575,-1.294704,MRT,MAR,6592
1547824,153,134,1080,2012.0,0.0,2071.0,0.93739,0.726329,MYS,MAR,6592
1547825,162,134,1080,2012.0,36269.0,366051.0,0.961975,1.517883,NLD,MAR,6592
1547826,163,134,1080,2012.0,0.0,9792.0,0.5462670000000001,-0.042712,NOR,MAR,6592
1547827,166,134,1080,2012.0,0.0,15444.0,0.21502399999999997,0.746456,NZL,MAR,6592
1547828,167,134,1080,2012.0,0.0,1085.0,-0.782802,-1.065774,OMN,MAR,6592
1547829,169,134,1080,2012.0,0.0,2471.0,1.001878,1.18554,PAN,MAR,6592
1547830,177,134,1080,2012.0,0.0,28595.0,1.039598,1.145227,POL,MAR,6592
1547831,179,134,1080,2012.0,2298.0,5779.0,0.697799,2.122262,PRT,MAR,6592
1547832,183,134,1080,2012.0,0.0,1682.0,-0.6436029999999999,-0.990323,QAT,MAR,6592
1547833,185,134,1080,2012.0,0.0,2089.0,0.952936,1.227809,ROU,MAR,6592
1547834,186,134,1080,2012.0,0.0,2674.0,-0.123649,-0.218926,RUS,MAR,6592
1547835,188,134,1080,2012.0,0.0,4389.0,-0.621115,-0.975865,SAU,MAR,6592
1547836,192,134,1080,2012.0,0.0,5625.0,1.762134,0.583393,SGP,MAR,6592
1547837,206,134,1080,2012.0,0.0,1446.0,1.3586200000000002,0.805751,SVK,MAR,6592
1547838,208,134,1080,2012.0,3026.0,7484.0,1.721268,0.15675,SWE,MAR,6592
1547839,224,134,1080,2012.0,30013.0,0.0,0.657573,1.969027,TUR,MAR,6592
1547840,231,134,1080,2012.0,4254.0,1518540.0,1.51134,-0.637794,USA,MAR,6592
1547841,246,134,1080,2012.0,0.0,17258.0,0.06510099999999999,1.748521,ZAF,MAR,6592
1547842,43,136,1080,2012.0,14066.0,0.0,1.2170590000000001,0.584412,CHN,MDG,6592
1547843,68,136,1080,2012.0,1592.0,0.0,-0.145791,1.470876,EGY,MDG,6592
1547844,168,136,1080,2012.0,6714.0,0.0,-0.600346,0.474208,PAK,MDG,6592
1547845,7,141,1080,2012.0,12589.0,0.0,0.256232,-0.46518400000000004,ARE,MLI,6592
1547846,18,141,1080,2012.0,4448.0,0.0,1.06425,1.369205,BEL,MLI,6592
1547847,43,141,1080,2012.0,11103.0,0.0,1.2170590000000001,0.584412,CHN,MLI,6592
1547848,68,141,1080,2012.0,24083.0,0.0,-0.145791,1.470876,EGY,MLI,6592
1547849,77,141,1080,2012.0,1646.0,0.0,1.414721,0.07219600000000001,FRA,MLI,6592
1547850,83,141,1080,2012.0,43984.0,0.0,-1.0541049999999998,-0.7275590000000001,GHA,MLI,6592
1547851,191,141,1080,2012.0,5007.0,0.0,-0.379797,0.020130000000000002,SEN,MLI,6592
1547852,231,141,1080,2012.0,1610.0,0.0,1.51134,-0.637794,USA,MLI,6592
1547853,7,148,1080,2012.0,730990.0,0.0,0.256232,-0.46518400000000004,ARE,MRT,6592
1547854,14,148,1080,2012.0,0.0,1542.0,-0.537197,-0.22305300000000003,AUS,MRT,6592
1547855,18,148,1080,2012.0,7374.0,0.0,1.06425,1.369205,BEL,MRT,6592
1547856,41,148,1080,2012.0,0.0,2869.0,2.0265150000000003,0.6496689999999999,CHE,MRT,6592
1547857,43,148,1080,2012.0,65106.0,0.0,1.2170590000000001,0.584412,CHN,MRT,6592
1547858,77,148,1080,2012.0,5943.0,0.0,1.414721,0.07219600000000001,FRA,MRT,6592
1547859,97,148,1080,2012.0,2864.0,0.0,0.788308,1.029625,HKG,MRT,6592
1547860,111,148,1080,2012.0,3320.0,0.0,1.396626,-0.43950500000000003,ITA,MRT,6592
1547861,134,148,1080,2012.0,7178.0,0.0,-0.330598,0.037439,MAR,MRT,6592
1547862,188,148,1080,2012.0,37608.0,0.0,-0.621115,-0.975865,SAU,MRT,6592
1547863,212,148,1080,2012.0,80245.0,0.0,0.12079200000000001,2.258125,SYR,MRT,6592
1547864,224,148,1080,2012.0,175609.0,0.0,0.657573,1.969027,TUR,MRT,6592
1547865,14,151,1080,2012.0,0.0,13352.0,-0.537197,-0.22305300000000003,AUS,MUS,6592
1547866,18,151,1080,2012.0,0.0,3887.0,1.06425,1.369205,BEL,MUS,6592
1547867,32,151,1080,2012.0,0.0,3105.0,0.340455,0.9006790000000001,BRA,MUS,6592
1547868,39,151,1080,2012.0,0.0,7315.0,0.630575,1.28653,CAN,MUS,6592
1547869,41,151,1080,2012.0,11999.0,47930.0,2.0265150000000003,0.6496689999999999,CHE,MUS,6592
1547870,43,151,1080,2012.0,472213.0,2689.0,1.2170590000000001,0.584412,CHN,MUS,6592
1547871,61,151,1080,2012.0,0.0,7003.0,1.977443,-3.692254,DEU,MUS,6592
1547872,68,151,1080,2012.0,236393.0,0.0,-0.145791,1.470876,EGY,MUS,6592
1547873,74,151,1080,2012.0,0.0,2389.0,1.5813700000000002,0.872251,FIN,MUS,6592
1547874,77,151,1080,2012.0,2074.0,8933.0,1.414721,0.07219600000000001,FRA,MUS,6592
1547875,81,151,1080,2012.0,2395.0,5716.0,1.544653,0.776512,GBR,MUS,6592
1547876,97,151,1080,2012.0,0.0,3708.0,0.788308,1.029625,HKG,MUS,6592
1547877,100,151,1080,2012.0,0.0,8108.0,0.881764,1.149456,HRV,MUS,6592
1547878,104,151,1080,2012.0,448812.0,0.0,0.24883200000000003,2.463711,IND,MUS,6592
1547879,111,151,1080,2012.0,0.0,8016.0,1.396626,-0.43950500000000003,ITA,MUS,6592
1547880,116,151,1080,2012.0,0.0,2423.0,-0.256144,0.21991599999999997,KEN,MUS,6592
1547881,162,151,1080,2012.0,0.0,5812.0,0.961975,1.517883,NLD,MUS,6592
1547882,168,151,1080,2012.0,7614.0,0.0,-0.600346,0.474208,PAK,MUS,6592
1547883,186,151,1080,2012.0,0.0,83475.0,-0.123649,-0.218926,RUS,MUS,6592
1547884,192,151,1080,2012.0,2311.0,0.0,1.762134,0.583393,SGP,MUS,6592
1547885,206,151,1080,2012.0,0.0,43697.0,1.3586200000000002,0.805751,SVK,MUS,6592
1547886,211,151,1080,2012.0,0.0,6575.0,-0.408819,-0.753598,SYC,MUS,6592
1547887,224,151,1080,2012.0,10414.0,0.0,0.657573,1.969027,TUR,MUS,6592
1547888,228,151,1080,2012.0,0.0,13171.0,0.533547,1.159378,UKR,MUS,6592
1547889,246,151,1080,2012.0,26842.0,20605.0,0.06510099999999999,1.748521,ZAF,MUS,6592
1547890,2,155,1080,2012.0,0.0,123479.0,-1.610059,-1.1253739999999999,AGO,NAM,6592
1547891,43,155,1080,2012.0,5088.0,0.0,1.2170590000000001,0.584412,CHN,NAM,6592
1547892,61,155,1080,2012.0,0.0,3584.0,1.977443,-3.692254,DEU,NAM,6592
1547893,104,155,1080,2012.0,77050.0,0.0,0.24883200000000003,2.463711,IND,NAM,6592
1547894,168,155,1080,2012.0,88003.0,0.0,-0.600346,0.474208,PAK,NAM,6592
1547895,192,155,1080,2012.0,1050.0,0.0,1.762134,0.583393,SGP,NAM,6592
1547896,231,155,1080,2012.0,0.0,1195.0,1.51134,-0.637794,USA,NAM,6592
1547897,246,155,1080,2012.0,423120.0,2014.0,0.06510099999999999,1.748521,ZAF,NAM,6592
1547898,7,157,1080,2012.0,12083.0,0.0,0.256232,-0.46518400000000004,ARE,NER,6592
1547899,41,157,1080,2012.0,0.0,7195.0,2.0265150000000003,0.6496689999999999,CHE,NER,6592
1547900,43,157,1080,2012.0,92625.0,0.0,1.2170590000000001,0.584412,CHN,NER,6592
1547901,159,157,1080,2012.0,3650.0,0.0,-1.616498,-1.174816,NGA,NER,6592
1547902,188,157,1080,2012.0,5149.0,0.0,-0.621115,-0.975865,SAU,NER,6592
1547903,224,157,1080,2012.0,4124.0,0.0,0.657573,1.969027,TUR,NER,6592
1547904,250,157,1080,2012.0,54003.0,0.0,0.34242399999999995,-0.007095999999999999,ANS,NER,6592
1547905,5,159,1080,2012.0,0.0,19860.0,0.968361,0.673964,AND,NGA,6592
1547906,7,159,1080,2012.0,18531.0,0.0,0.256232,-0.46518400000000004,ARE,NGA,6592
1547907,18,159,1080,2012.0,20175.0,0.0,1.06425,1.369205,BEL,NGA,6592
1547908,22,159,1080,2012.0,1535.0,0.0,-0.62037,-0.6858350000000001,BGD,NGA,6592
1547909,43,159,1080,2012.0,57224.0,0.0,1.2170590000000001,0.584412,CHN,NGA,6592
1547910,61,159,1080,2012.0,78790.0,0.0,1.977443,-3.692254,DEU,NGA,6592
1547911,71,159,1080,2012.0,1274.0,0.0,0.925701,1.8700189999999999,ESP,NGA,6592
1547912,77,159,1080,2012.0,3107.0,0.0,1.414721,0.07219600000000001,FRA,NGA,6592
1547913,81,159,1080,2012.0,99878.0,0.0,1.544653,0.776512,GBR,NGA,6592
1547914,104,159,1080,2012.0,59727.0,0.0,0.24883200000000003,2.463711,IND,NGA,6592
1547915,111,159,1080,2012.0,200899.0,0.0,1.396626,-0.43950500000000003,ITA,NGA,6592
1547916,124,159,1080,2012.0,16276.0,0.0,0.36778099999999997,1.3771010000000001,LBN,NGA,6592
1547917,157,159,1080,2012.0,0.0,3650.0,-1.274453,-1.12791,NER,NGA,6592
1547918,162,159,1080,2012.0,28400.0,0.0,0.961975,1.517883,NLD,NGA,6592
1547919,168,159,1080,2012.0,6511.0,0.0,-0.600346,0.474208,PAK,NGA,6592
1547920,179,159,1080,2012.0,4407.0,0.0,0.697799,2.122262,PRT,NGA,6592
1547921,224,159,1080,2012.0,13390.0,0.0,0.657573,1.969027,TUR,NGA,6592
1547922,231,159,1080,2012.0,57761.0,0.0,1.51134,-0.637794,USA,NGA,6592
1547923,246,159,1080,2012.0,8616.0,0.0,0.06510099999999999,1.748521,ZAF,NGA,6592
1547924,249,159,1080,2012.0,4334.0,0.0,1.671686,0.9854729999999999,TWN,NGA,6592
1547925,14,176,1080,2012.0,37752.0,1409.0,-0.537197,-0.22305300000000003,AUS,PNG,6592
1547926,41,176,1080,2012.0,0.0,7458.0,2.0265150000000003,0.6496689999999999,CHE,PNG,6592
1547927,43,176,1080,2012.0,1980.0,0.0,1.2170590000000001,0.584412,CHN,PNG,6592
1547928,153,176,1080,2012.0,224411.0,0.0,0.93739,0.726329,MYS,PNG,6592
1547929,192,176,1080,2012.0,26705.0,0.0,1.762134,0.583393,SGP,PNG,6592
1547930,231,176,1080,2012.0,1184.0,0.0,1.51134,-0.637794,USA,PNG,6592
1547931,43,178,1080,2012.0,30895.0,0.0,1.2170590000000001,0.584412,CHN,PRK,6592
1547932,68,178,1080,2012.0,5387.0,0.0,-0.145791,1.470876,EGY,PRK,6592
1547933,7,183,1080,2012.0,222199.0,4547.0,0.256232,-0.46518400000000004,ARE,QAT,6592
1547934,41,183,1080,2012.0,5679.0,0.0,2.0265150000000003,0.6496689999999999,CHE,QAT,6592
1547935,43,183,1080,2012.0,641646.0,0.0,1.2170590000000001,0.584412,CHN,QAT,6592
1547936,61,183,1080,2012.0,103279.0,0.0,1.977443,-3.692254,DEU,QAT,6592
1547937,64,183,1080,2012.0,35168.0,0.0,1.159478,1.053761,DNK,QAT,6592
1547938,68,183,1080,2012.0,443767.0,0.0,-0.145791,1.470876,EGY,QAT,6592
1547939,71,183,1080,2012.0,42553.0,0.0,0.925701,1.8700189999999999,ESP,QAT,6592
1547940,77,183,1080,2012.0,290612.0,0.0,1.414721,0.07219600000000001,FRA,QAT,6592
1547941,81,183,1080,2012.0,113452.0,231851.0,1.544653,0.776512,GBR,QAT,6592
1547942,104,183,1080,2012.0,3210797.0,0.0,0.24883200000000003,2.463711,IND,QAT,6592
1547943,111,183,1080,2012.0,71686.0,0.0,1.396626,-0.43950500000000003,ITA,QAT,6592
1547944,134,183,1080,2012.0,1682.0,0.0,-0.330598,0.037439,MAR,QAT,6592
1547945,163,183,1080,2012.0,0.0,10748.0,0.5462670000000001,-0.042712,NOR,QAT,6592
1547946,166,183,1080,2012.0,13328.0,2003.0,0.21502399999999997,0.746456,NZL,QAT,6592
1547947,168,183,1080,2012.0,218845.0,0.0,-0.600346,0.474208,PAK,QAT,6592
1547948,190,183,1080,2012.0,0.0,1059.0,-1.2913139999999999,-1.144454,SDN,QAT,6592
1547949,216,183,1080,2012.0,2275.0,0.0,1.015684,1.20697,THA,QAT,6592
1547950,224,183,1080,2012.0,26964.0,2454.0,0.657573,1.969027,TUR,QAT,6592
1547951,231,183,1080,2012.0,13214.0,0.0,1.51134,-0.637794,USA,QAT,6592
1547952,7,199,1080,2012.0,7532.0,0.0,0.256232,-0.46518400000000004,ARE,SOM,6592
1547953,43,209,1080,2012.0,3014.0,0.0,1.2170590000000001,0.584412,CHN,SWZ,6592
1547954,104,209,1080,2012.0,1210.0,0.0,0.24883200000000003,2.463711,IND,SWZ,6592
1547955,246,209,1080,2012.0,500756.0,8804.0,0.06510099999999999,1.748521,ZAF,SWZ,6592
1547956,7,211,1080,2012.0,17350.0,0.0,0.256232,-0.46518400000000004,ARE,SYC,6592
1547957,43,211,1080,2012.0,2713.0,0.0,1.2170590000000001,0.584412,CHN,SYC,6592
1547958,81,211,1080,2012.0,3802.0,0.0,1.544653,0.776512,GBR,SYC,6592
1547959,103,211,1080,2012.0,2154.0,0.0,0.045694,1.635448,IDN,SYC,6592
1547960,111,211,1080,2012.0,9874.0,0.0,1.396626,-0.43950500000000003,ITA,SYC,6592
1547961,151,211,1080,2012.0,6575.0,0.0,-0.101344,0.22300100000000003,MUS,SYC,6592
1547962,192,211,1080,2012.0,10134.0,0.0,1.762134,0.583393,SGP,SYC,6592
1547963,216,211,1080,2012.0,1403.0,0.0,1.015684,1.20697,THA,SYC,6592
1547964,246,211,1080,2012.0,18062.0,0.0,0.06510099999999999,1.748521,ZAF,SYC,6592
1547965,7,212,1080,2012.0,0.0,36370.0,0.256232,-0.46518400000000004,ARE,SYR,6592
1547966,14,212,1080,2012.0,0.0,7354.0,-0.537197,-0.22305300000000003,AUS,SYR,6592
1547967,43,212,1080,2012.0,30553.0,0.0,1.2170590000000001,0.584412,CHN,SYR,6592
1547968,68,212,1080,2012.0,553478.0,81985.0,-0.145791,1.470876,EGY,SYR,6592
1547969,73,212,1080,2012.0,0.0,1098.0,-0.9118729999999999,-0.8843,ETH,SYR,6592
1547970,77,212,1080,2012.0,0.0,4356.0,1.414721,0.07219600000000001,FRA,SYR,6592
1547971,81,212,1080,2012.0,0.0,40677.0,1.544653,0.776512,GBR,SYR,6592
1547972,148,212,1080,2012.0,0.0,80245.0,-1.501575,-1.294704,MRT,SYR,6592
1547973,186,212,1080,2012.0,0.0,4648.0,-0.123649,-0.218926,RUS,SYR,6592
1547974,231,212,1080,2012.0,0.0,4610.0,1.51134,-0.637794,USA,SYR,6592
1547975,243,212,1080,2012.0,0.0,168119.0,-1.180884,-1.22621,YEM,SYR,6592
1547976,246,212,1080,2012.0,0.0,10609.0,0.06510099999999999,1.748521,ZAF,SYR,6592
1547977,7,215,1080,2012.0,53002.0,0.0,0.256232,-0.46518400000000004,ARE,TGO,6592
1547978,43,215,1080,2012.0,2311.0,0.0,1.2170590000000001,0.584412,CHN,TGO,6592
1547979,61,215,1080,2012.0,4206.0,0.0,1.977443,-3.692254,DEU,TGO,6592
1547980,77,215,1080,2012.0,7954.0,0.0,1.414721,0.07219600000000001,FRA,TGO,6592
1547981,104,215,1080,2012.0,6136.0,0.0,0.24883200000000003,2.463711,IND,TGO,6592
1547982,168,215,1080,2012.0,1681.0,0.0,-0.600346,0.474208,PAK,TGO,6592
1547983,192,218,1080,2012.0,0.0,6901.0,1.762134,0.583393,SGP,TKL,6592
1547984,231,218,1080,2012.0,0.0,87653.0,1.51134,-0.637794,USA,TKL,6592
1547985,246,218,1080,2012.0,0.0,4933.0,0.06510099999999999,1.748521,ZAF,TKL,6592
1547986,43,220,1080,2012.0,3153.0,0.0,1.2170590000000001,0.584412,CHN,TLS,6592
1547987,103,220,1080,2012.0,3983.0,0.0,0.045694,1.635448,IDN,TLS,6592
1547988,192,220,1080,2012.0,1158.0,0.0,1.762134,0.583393,SGP,TLS,6592
1547989,15,223,1080,2012.0,0.0,29206.0,1.710955,-0.8860399999999999,AUT,TUN,6592
1547990,18,223,1080,2012.0,0.0,47262.0,1.06425,1.369205,BEL,TUN,6592
1547991,41,223,1080,2012.0,1681.0,21972.0,2.0265150000000003,0.6496689999999999,CHE,TUN,6592
1547992,61,223,1080,2012.0,0.0,98243.0,1.977443,-3.692254,DEU,TUN,6592
1547993,68,223,1080,2012.0,379654.0,0.0,-0.145791,1.470876,EGY,TUN,6592
1547994,71,223,1080,2012.0,0.0,13266.0,0.925701,1.8700189999999999,ESP,TUN,6592
1547995,74,223,1080,2012.0,0.0,2385.0,1.5813700000000002,0.872251,FIN,TUN,6592
1547996,77,223,1080,2012.0,0.0,262414.0,1.414721,0.07219600000000001,FRA,TUN,6592
1547997,81,223,1080,2012.0,0.0,4903.0,1.544653,0.776512,GBR,TUN,6592
1547998,102,223,1080,2012.0,0.0,1077.0,1.61049,0.44614799999999993,HUN,TUN,6592
1547999,111,223,1080,2012.0,32450.0,48673.0,1.396626,-0.43950500000000003,ITA,TUN,6592
1548000,114,223,1080,2012.0,0.0,11921.0,2.325746,-0.8705649999999999,JPN,TUN,6592
1548001,162,223,1080,2012.0,0.0,2533.0,0.961975,1.517883,NLD,TUN,6592
1548002,163,223,1080,2012.0,0.0,14860.0,0.5462670000000001,-0.042712,NOR,TUN,6592
1548003,208,223,1080,2012.0,0.0,21562.0,1.721268,0.15675,SWE,TUN,6592
1548004,231,223,1080,2012.0,0.0,26960.0,1.51134,-0.637794,USA,TUN,6592
1548005,250,223,1080,2012.0,8081.0,0.0,0.34242399999999995,-0.007095999999999999,ANS,TUN,6592
1548006,7,226,1080,2012.0,196667.0,0.0,0.256232,-0.46518400000000004,ARE,TZA,6592
1548007,18,226,1080,2012.0,12735.0,0.0,1.06425,1.369205,BEL,TZA,6592
1548008,43,226,1080,2012.0,23997.0,0.0,1.2170590000000001,0.584412,CHN,TZA,6592
1548009,68,226,1080,2012.0,100459.0,0.0,-0.145791,1.470876,EGY,TZA,6592
1548010,73,226,1080,2012.0,0.0,15653.0,-0.9118729999999999,-0.8843,ETH,TZA,6592
1548011,97,226,1080,2012.0,13218.0,0.0,0.788308,1.029625,HKG,TZA,6592
1548012,103,226,1080,2012.0,84310.0,0.0,0.045694,1.635448,IDN,TZA,6592
1548013,104,226,1080,2012.0,14425.0,0.0,0.24883200000000003,2.463711,IND,TZA,6592
1548014,111,226,1080,2012.0,75656.0,0.0,1.396626,-0.43950500000000003,ITA,TZA,6592
1548015,116,226,1080,2012.0,0.0,1521.0,-0.256144,0.21991599999999997,KEN,TZA,6592
1548016,167,226,1080,2012.0,6644.0,0.0,-0.782802,-1.065774,OMN,TZA,6592
1548017,168,226,1080,2012.0,10598.0,0.0,-0.600346,0.474208,PAK,TZA,6592
1548018,188,226,1080,2012.0,4544.0,0.0,-0.621115,-0.975865,SAU,TZA,6592
1548019,216,226,1080,2012.0,6111.0,0.0,1.015684,1.20697,THA,TZA,6592
1548020,224,226,1080,2012.0,39004.0,0.0,0.657573,1.969027,TUR,TZA,6592
1548021,231,226,1080,2012.0,0.0,1467.0,1.51134,-0.637794,USA,TZA,6592
1548022,246,226,1080,2012.0,37217.0,0.0,0.06510099999999999,1.748521,ZAF,TZA,6592
1548023,7,227,1080,2012.0,139472.0,0.0,0.256232,-0.46518400000000004,ARE,UGA,6592
1548024,22,227,1080,2012.0,4757.0,0.0,-0.62037,-0.6858350000000001,BGD,UGA,6592
1548025,43,227,1080,2012.0,59007.0,0.0,1.2170590000000001,0.584412,CHN,UGA,6592
1548026,46,227,1080,2012.0,0.0,1334.0,-1.3769209999999998,-1.218267,COD,UGA,6592
1548027,81,227,1080,2012.0,3672.0,0.0,1.544653,0.776512,GBR,UGA,6592
1548028,116,227,1080,2012.0,26870.0,0.0,-0.256144,0.21991599999999997,KEN,UGA,6592
1548029,187,227,1080,2012.0,0.0,3205.0,-0.589064,-0.751896,RWA,UGA,6592
1548030,190,227,1080,2012.0,0.0,2183.0,-1.2913139999999999,-1.144454,SDN,UGA,6592
1548031,246,227,1080,2012.0,7823.0,0.0,0.06510099999999999,1.748521,ZAF,UGA,6592
1548032,59,237,1080,2012.0,2696.0,0.0,1.7368299999999999,-0.651329,CZE,VGB,6592
1548033,201,237,1080,2012.0,0.0,15833.0,0.696674,1.544065,SRB,VGB,6592
1548034,231,237,1080,2012.0,47421.0,0.0,1.51134,-0.637794,USA,VGB,6592
1548035,18,239,1080,2012.0,65100.0,0.0,1.06425,1.369205,BEL,VNM,6592
1548036,22,239,1080,2012.0,26885.0,0.0,-0.62037,-0.6858350000000001,BGD,VNM,6592
1548037,42,239,1080,2012.0,0.0,9624.0,-0.180309,-0.33571799999999996,CHL,VNM,6592
1548038,43,239,1080,2012.0,58803.0,0.0,1.2170590000000001,0.584412,CHN,VNM,6592
1548039,61,239,1080,2012.0,20135.0,153897.0,1.977443,-3.692254,DEU,VNM,6592
1548040,71,239,1080,2012.0,0.0,44982.0,0.925701,1.8700189999999999,ESP,VNM,6592
1548041,77,239,1080,2012.0,67208.0,0.0,1.414721,0.07219600000000001,FRA,VNM,6592
1548042,103,239,1080,2012.0,158953.0,0.0,0.045694,1.635448,IDN,VNM,6592
1548043,104,239,1080,2012.0,267559.0,0.0,0.24883200000000003,2.463711,IND,VNM,6592
1548044,114,239,1080,2012.0,313403.0,0.0,2.325746,-0.8705649999999999,JPN,VNM,6592
1548045,118,239,1080,2012.0,0.0,7069.0,-0.6328739999999999,-0.9080030000000001,KHM,VNM,6592
1548046,121,239,1080,2012.0,101258.0,22934.0,1.839479,0.8272799999999999,KOR,VNM,6592
1548047,123,239,1080,2012.0,0.0,3566.0,-0.874401,-0.737471,LAO,VNM,6592
1548048,153,239,1080,2012.0,22600.0,24600.0,0.93739,0.726329,MYS,VNM,6592
1548049,164,239,1080,2012.0,26400.0,0.0,0.023836000000000003,0.702753,NPL,VNM,6592
1548050,168,239,1080,2012.0,6395.0,0.0,-0.600346,0.474208,PAK,VNM,6592
1548051,192,239,1080,2012.0,67179.0,0.0,1.762134,0.583393,SGP,VNM,6592
1548052,208,239,1080,2012.0,0.0,5472.0,1.721268,0.15675,SWE,VNM,6592
1548053,216,239,1080,2012.0,145905.0,0.0,1.015684,1.20697,THA,VNM,6592
1548054,224,239,1080,2012.0,44403.0,0.0,0.657573,1.969027,TUR,VNM,6592
1548055,231,239,1080,2012.0,24159.0,0.0,1.51134,-0.637794,USA,VNM,6592
1548056,249,239,1080,2012.0,2370.0,0.0,1.671686,0.9854729999999999,TWN,VNM,6592
1548057,250,239,1080,2012.0,4156.0,0.0,0.34242399999999995,-0.007095999999999999,ANS,VNM,6592
1548058,7,247,1080,2012.0,5999.0,0.0,0.256232,-0.46518400000000004,ARE,ZMB,6592
1548059,37,247,1080,2012.0,3871.0,0.0,-0.47585200000000005,-1.061016,BWA,ZMB,6592
1548060,43,247,1080,2012.0,221532.0,0.0,1.2170590000000001,0.584412,CHN,ZMB,6592
1548061,68,247,1080,2012.0,378230.0,0.0,-0.145791,1.470876,EGY,ZMB,6592
1548062,97,247,1080,2012.0,6394.0,0.0,0.788308,1.029625,HKG,ZMB,6592
1548063,246,247,1080,2012.0,317115.0,0.0,0.06510099999999999,1.748521,ZAF,ZMB,6592
1548064,43,63,1080,2012.0,1451.0,0.0,1.2170590000000001,0.584412,CHN,DMA,6592
1548065,61,63,1080,2012.0,3532.0,0.0,1.977443,-3.692254,DEU,DMA,6592
1548066,231,63,1080,2012.0,3710.0,0.0,1.51134,-0.637794,USA,DMA,6592
1548067,96,127,1080,2012.0,2195.0,0.0,-0.748712,-0.8608950000000001,GUY,LCA,6592
1548068,104,127,1080,2012.0,1561.0,0.0,0.24883200000000003,2.463711,IND,LCA,6592
1548069,138,127,1080,2012.0,1065.0,0.0,1.166986,0.662798,MEX,LCA,6592
1548070,231,127,1080,2012.0,3963.0,0.0,1.51134,-0.637794,USA,LCA,6592
1548071,7,17,1080,2012.0,3463.0,0.0,0.256232,-0.46518400000000004,ARE,BDI,6592
1548072,18,17,1080,2012.0,3560.0,0.0,1.06425,1.369205,BEL,BDI,6592
1548073,43,17,1080,2012.0,2499.0,0.0,1.2170590000000001,0.584412,CHN,BDI,6592
1548074,61,17,1080,2012.0,1810.0,0.0,1.977443,-3.692254,DEU,BDI,6592
1548075,68,17,1080,2012.0,85563.0,0.0,-0.145791,1.470876,EGY,BDI,6592
1548076,61,57,1080,2012.0,10882.0,0.0,1.977443,-3.692254,DEU,CYM,6592
1548077,77,57,1080,2012.0,15029.0,0.0,1.414721,0.07219600000000001,FRA,CYM,6592
1548078,81,57,1080,2012.0,12507.0,0.0,1.544653,0.776512,GBR,CYM,6592
1548079,166,57,1080,2012.0,17197.0,0.0,0.21502399999999997,0.746456,NZL,CYM,6592
1548080,231,57,1080,2012.0,98237.0,0.0,1.51134,-0.637794,USA,CYM,6592
1548081,7,126,1080,2012.0,48149.0,0.0,0.256232,-0.46518400000000004,ARE,LBY,6592
1548082,18,126,1080,2012.0,1156.0,0.0,1.06425,1.369205,BEL,LBY,6592
1548083,43,126,1080,2012.0,305132.0,0.0,1.2170590000000001,0.584412,CHN,LBY,6592
1548084,68,126,1080,2012.0,20576124.0,0.0,-0.145791,1.470876,EGY,LBY,6592
1548085,81,126,1080,2012.0,80700.0,0.0,1.544653,0.776512,GBR,LBY,6592
1548086,111,126,1080,2012.0,13898.0,0.0,1.396626,-0.43950500000000003,ITA,LBY,6592
1548087,124,126,1080,2012.0,17211.0,0.0,0.36778099999999997,1.3771010000000001,LBN,LBY,6592
1548088,168,126,1080,2012.0,12174.0,0.0,-0.600346,0.474208,PAK,LBY,6592
1548089,224,126,1080,2012.0,61323.0,0.0,0.657573,1.969027,TUR,LBY,6592
1548090,15,144,1080,2012.0,1982.0,0.0,1.710955,-0.8860399999999999,AUT,MNE,6592
1548091,26,144,1080,2012.0,7972.0,0.0,0.6672520000000001,1.16153,BIH,MNE,6592
1548092,39,144,1080,2012.0,0.0,7629.0,0.630575,1.28653,CAN,MNE,6592
1548093,43,144,1080,2012.0,1101.0,0.0,1.2170590000000001,0.584412,CHN,MNE,6592
1548094,61,144,1080,2012.0,7685.0,0.0,1.977443,-3.692254,DEU,MNE,6592
1548095,77,144,1080,2012.0,9528.0,0.0,1.414721,0.07219600000000001,FRA,MNE,6592
1548096,81,144,1080,2012.0,1405.0,0.0,1.544653,0.776512,GBR,MNE,6592
1548097,103,144,1080,2012.0,3106.0,0.0,0.045694,1.635448,IDN,MNE,6592
1548098,104,144,1080,2012.0,20608.0,0.0,0.24883200000000003,2.463711,IND,MNE,6592
1548099,107,144,1080,2012.0,1785.0,0.0,-1.06794,-0.993099,IRN,MNE,6592
1548100,168,144,1080,2012.0,17108.0,0.0,-0.600346,0.474208,PAK,MNE,6592
1548101,201,144,1080,2012.0,54077.0,0.0,0.696674,1.544065,SRB,MNE,6592
1548102,224,144,1080,2012.0,15104.0,0.0,0.657573,1.969027,TUR,MNE,6592
1548103,250,144,1080,2012.0,2415.0,0.0,0.34242399999999995,-0.007095999999999999,ANS,MNE,6592
1548104,61,217,1080,2012.0,20251.0,0.0,1.977443,-3.692254,DEU,TJK,6592
1548105,7,219,1080,2012.0,1207.0,0.0,0.256232,-0.46518400000000004,ARE,TKM,6592
1548106,15,219,1080,2012.0,0.0,17492.0,1.710955,-0.8860399999999999,AUT,TKM,6592
1548107,41,219,1080,2012.0,0.0,1388.0,2.0265150000000003,0.6496689999999999,CHE,TKM,6592
1548108,61,219,1080,2012.0,0.0,49676.0,1.977443,-3.692254,DEU,TKM,6592
1548109,77,219,1080,2012.0,0.0,29686.0,1.414721,0.07219600000000001,FRA,TKM,6592
1548110,111,219,1080,2012.0,0.0,2679.0,1.396626,-0.43950500000000003,ITA,TKM,6592
1548111,224,219,1080,2012.0,78375.0,0.0,0.657573,1.969027,TUR,TKM,6592
1548112,231,219,1080,2012.0,0.0,2598.0,1.51134,-0.637794,USA,TKM,6592
1548113,55,0,1080,2012.0,19092.0,0.0,0.003982,-0.685596,CUW,ABW,6592
1548114,169,0,1080,2012.0,5260.0,0.0,1.001878,1.18554,PAN,ABW,6592
1548115,231,0,1080,2012.0,7786.0,0.0,1.51134,-0.637794,USA,ABW,6592
1548116,231,3,1080,2012.0,15000.0,0.0,1.51134,-0.637794,USA,AIA,6592
1548117,42,31,1080,2012.0,26310.0,0.0,-0.180309,-0.33571799999999996,CHL,BOL,6592
1548118,43,31,1080,2012.0,11606.0,0.0,1.2170590000000001,0.584412,CHN,BOL,6592
1548119,104,31,1080,2012.0,13442.0,0.0,0.24883200000000003,2.463711,IND,BOL,6592
1548120,168,31,1080,2012.0,32428.0,0.0,-0.600346,0.474208,PAK,BOL,6592
1548121,231,31,1080,2012.0,2536.0,0.0,1.51134,-0.637794,USA,BOL,6592
1548122,7,34,1080,2012.0,4436.0,0.0,0.256232,-0.46518400000000004,ARE,BRN,6592
1548123,14,34,1080,2012.0,14334.0,0.0,-0.537197,-0.22305300000000003,AUS,BRN,6592
1548124,39,34,1080,2012.0,2046.0,0.0,0.630575,1.28653,CAN,BRN,6592
1548125,43,34,1080,2012.0,145803.0,0.0,1.2170590000000001,0.584412,CHN,BRN,6592
1548126,61,34,1080,2012.0,10268.0,0.0,1.977443,-3.692254,DEU,BRN,6592
1548127,97,34,1080,2012.0,0.0,1265.0,0.788308,1.029625,HKG,BRN,6592
1548128,103,34,1080,2012.0,13030.0,0.0,0.045694,1.635448,IDN,BRN,6592
1548129,104,34,1080,2012.0,1870.0,0.0,0.24883200000000003,2.463711,IND,BRN,6592
1548130,153,34,1080,2012.0,214790.0,5153.0,0.93739,0.726329,MYS,BRN,6592
1548131,168,34,1080,2012.0,2487.0,0.0,-0.600346,0.474208,PAK,BRN,6592
1548132,192,34,1080,2012.0,356521.0,0.0,1.762134,0.583393,SGP,BRN,6592
1548133,216,34,1080,2012.0,291708.0,0.0,1.015684,1.20697,THA,BRN,6592
1548134,224,34,1080,2012.0,4464.0,0.0,0.657573,1.969027,TUR,BRN,6592
1548135,231,34,1080,2012.0,18630.0,0.0,1.51134,-0.637794,USA,BRN,6592
1548136,249,34,1080,2012.0,8577.0,0.0,1.671686,0.9854729999999999,TWN,BRN,6592
1548137,81,38,1080,2012.0,2716.0,0.0,1.544653,0.776512,GBR,CAF,6592
1548138,7,50,1080,2012.0,1241.0,0.0,0.256232,-0.46518400000000004,ARE,COM,6592
1548139,104,50,1080,2012.0,1823.0,0.0,0.24883200000000003,2.463711,IND,COM,6592
1548140,68,69,1080,2012.0,216631.0,0.0,-0.145791,1.470876,EGY,ERI,6592
1548141,7,75,1080,2012.0,8653.0,0.0,0.256232,-0.46518400000000004,ARE,FJI,6592
1548142,43,75,1080,2012.0,1673.0,0.0,1.2170590000000001,0.584412,CHN,FJI,6592
1548143,104,75,1080,2012.0,4399.0,0.0,0.24883200000000003,2.463711,IND,FJI,6592
1548144,153,75,1080,2012.0,14369.0,0.0,0.93739,0.726329,MYS,FJI,6592
1548145,166,75,1080,2012.0,22884.0,0.0,0.21502399999999997,0.746456,NZL,FJI,6592
1548146,216,75,1080,2012.0,29321.0,0.0,1.015684,1.20697,THA,FJI,6592
1548147,221,75,1080,2012.0,0.0,3865.0,-0.126859,-0.509424,TON,FJI,6592
1548148,231,75,1080,2012.0,11020.0,0.0,1.51134,-0.637794,USA,FJI,6592
1548149,64,78,1080,2012.0,33611.0,0.0,1.159478,1.053761,DNK,FRO,6592
1548150,208,78,1080,2012.0,40278.0,0.0,1.721268,0.15675,SWE,FRO,6592
1548151,7,87,1080,2012.0,3615.0,0.0,0.256232,-0.46518400000000004,ARE,GMB,6592
1548152,68,87,1080,2012.0,15098.0,0.0,-0.145791,1.470876,EGY,GMB,6592
1548153,7,88,1080,2012.0,15264.0,0.0,0.256232,-0.46518400000000004,ARE,GNB,6592
1548154,81,95,1080,2012.0,1649.0,0.0,1.544653,0.776512,GBR,GUM,6592
1548155,104,95,1080,2012.0,1558.0,0.0,0.24883200000000003,2.463711,IND,GUM,6592
1548156,71,101,1080,2012.0,7822.0,0.0,0.925701,1.8700189999999999,ESP,HTI,6592
1548157,169,101,1080,2012.0,75873.0,0.0,1.001878,1.18554,PAN,HTI,6592
1548158,246,129,1080,2012.0,798606.0,0.0,0.06510099999999999,1.748521,ZAF,LSO,6592
1548159,7,137,1080,2012.0,3748.0,0.0,0.256232,-0.46518400000000004,ARE,MDV,6592
1548160,18,137,1080,2012.0,8366.0,0.0,1.06425,1.369205,BEL,MDV,6592
1548161,43,137,1080,2012.0,12707.0,0.0,1.2170590000000001,0.584412,CHN,MDV,6592
1548162,97,137,1080,2012.0,9266.0,0.0,0.788308,1.029625,HKG,MDV,6592
1548163,104,137,1080,2012.0,6380.0,0.0,0.24883200000000003,2.463711,IND,MDV,6592
1548164,111,137,1080,2012.0,3595.0,0.0,1.396626,-0.43950500000000003,ITA,MDV,6592
1548165,128,137,1080,2012.0,13857.0,0.0,-0.24579299999999998,0.518273,LKA,MDV,6592
1548166,153,137,1080,2012.0,55774.0,0.0,0.93739,0.726329,MYS,MDV,6592
1548167,162,137,1080,2012.0,3809.0,0.0,0.961975,1.517883,NLD,MDV,6592
1548168,192,137,1080,2012.0,28129.0,0.0,1.762134,0.583393,SGP,MDV,6592
1548169,216,137,1080,2012.0,10221.0,0.0,1.015684,1.20697,THA,MDV,6592
1548170,231,137,1080,2012.0,1699.0,0.0,1.51134,-0.637794,USA,MDV,6592
1548171,104,139,1080,2012.0,0.0,11981.0,0.24883200000000003,2.463711,IND,MHL,6592
1548172,15,145,1080,2012.0,0.0,79245.0,1.710955,-0.8860399999999999,AUT,MNG,6592
1548173,43,145,1080,2012.0,8990.0,0.0,1.2170590000000001,0.584412,CHN,MNG,6592
1548174,43,152,1080,2012.0,39678.0,0.0,1.2170590000000001,0.584412,CHN,MWI,6592
1548175,68,152,1080,2012.0,7374.0,0.0,-0.145791,1.470876,EGY,MWI,6592
1548176,81,152,1080,2012.0,1041.0,0.0,1.544653,0.776512,GBR,MWI,6592
1548177,246,152,1080,2012.0,154908.0,0.0,0.06510099999999999,1.748521,ZAF,MWI,6592
1548178,43,156,1080,2012.0,7954.0,0.0,1.2170590000000001,0.584412,CHN,NCL,6592
1548179,77,156,1080,2012.0,95127.0,0.0,1.414721,0.07219600000000001,FRA,NCL,6592
1548180,166,156,1080,2012.0,2618.0,0.0,0.21502399999999997,0.746456,NZL,NCL,6592
1548181,182,156,1080,2012.0,2452.0,0.0,0.035705,-0.696042,PYF,NCL,6592
1548182,224,156,1080,2012.0,3582.0,0.0,0.657573,1.969027,TUR,NCL,6592
1548183,68,181,1080,2012.0,81432.0,0.0,-0.145791,1.470876,EGY,PSE,6592
1548184,110,181,1080,2012.0,496464.0,793561.0,1.125254,0.736004,ISR,PSE,6592
1548185,113,181,1080,2012.0,46158.0,0.0,0.29205,0.638942,JOR,PSE,6592
1548186,224,181,1080,2012.0,4704.0,0.0,0.657573,1.969027,TUR,PSE,6592
1548187,43,182,1080,2012.0,1007.0,0.0,1.2170590000000001,0.584412,CHN,PYF,6592
1548188,77,182,1080,2012.0,41199.0,0.0,1.414721,0.07219600000000001,FRA,PYF,6592
1548189,156,182,1080,2012.0,0.0,2452.0,-0.650737,-0.897949,NCL,PYF,6592
1548190,7,187,1080,2012.0,49525.0,0.0,0.256232,-0.46518400000000004,ARE,RWA,6592
1548191,18,187,1080,2012.0,4588.0,0.0,1.06425,1.369205,BEL,RWA,6592
1548192,43,187,1080,2012.0,8816.0,0.0,1.2170590000000001,0.584412,CHN,RWA,6592
1548193,68,187,1080,2012.0,7302.0,0.0,-0.145791,1.470876,EGY,RWA,6592
1548194,116,187,1080,2012.0,71811.0,0.0,-0.256144,0.21991599999999997,KEN,RWA,6592
1548195,227,187,1080,2012.0,3205.0,0.0,-0.492733,0.4513,UGA,RWA,6592
1548196,39,196,1080,2012.0,1205.0,0.0,0.630575,1.28653,CAN,SLE,6592
1548197,246,196,1080,2012.0,1583.0,0.0,0.06510099999999999,1.748521,ZAF,SLE,6592
1548198,7,232,1080,2012.0,4707.0,0.0,0.256232,-0.46518400000000004,ARE,UZB,6592
1548199,15,232,1080,2012.0,0.0,11488.0,1.710955,-0.8860399999999999,AUT,UZB,6592
1548200,41,232,1080,2012.0,0.0,9671.0,2.0265150000000003,0.6496689999999999,CHE,UZB,6592
1548201,61,232,1080,2012.0,0.0,23413.0,1.977443,-3.692254,DEU,UZB,6592
1548202,115,232,1080,2012.0,0.0,5600.0,-0.447428,-0.42193,KAZ,UZB,6592
1548203,224,232,1080,2012.0,0.0,106378.0,0.657573,1.969027,TUR,UZB,6592
1548204,231,232,1080,2012.0,0.0,2346.0,1.51134,-0.637794,USA,UZB,6592
1548205,39,30,1080,2012.0,2419.0,0.0,0.630575,1.28653,CAN,BMU,6592
1548206,41,30,1080,2012.0,30004.0,0.0,2.0265150000000003,0.6496689999999999,CHE,BMU,6592
1548207,81,30,1080,2012.0,12675.0,0.0,1.544653,0.776512,GBR,BMU,6592
1548208,104,30,1080,2012.0,2241.0,0.0,0.24883200000000003,2.463711,IND,BMU,6592
1548209,231,30,1080,2012.0,16602.0,0.0,1.51134,-0.637794,USA,BMU,6592
1548210,231,91,1080,2012.0,21931.0,0.0,1.51134,-0.637794,USA,GRD,6592
1548211,64,92,1080,2012.0,15665.0,0.0,1.159478,1.053761,DNK,GRL,6592
1548212,109,92,1080,2012.0,3974.0,0.0,0.20266800000000001,-0.203262,ISL,GRL,6592
1548213,111,92,1080,2012.0,1711.0,0.0,1.396626,-0.43950500000000003,ITA,GRL,6592
1548214,208,92,1080,2012.0,5335.0,0.0,1.721268,0.15675,SWE,GRL,6592
1548215,43,242,1080,2012.0,5687.0,0.0,1.2170590000000001,0.584412,CHN,WSM,6592
1548216,166,242,1080,2012.0,8463.0,0.0,0.21502399999999997,0.746456,NZL,WSM,6592
1548217,43,221,1080,2012.0,2490.0,0.0,1.2170590000000001,0.584412,CHN,TON,6592
1548218,75,221,1080,2012.0,3865.0,0.0,-0.332623,0.020258,FJI,TON,6592
1548219,97,221,1080,2012.0,5196.0,0.0,0.788308,1.029625,HKG,TON,6592
1548220,104,221,1080,2012.0,34141.0,0.0,0.24883200000000003,2.463711,IND,TON,6592
1548221,166,221,1080,2012.0,8002.0,0.0,0.21502399999999997,0.746456,NZL,TON,6592
1548222,216,221,1080,2012.0,16559.0,0.0,1.015684,1.20697,THA,TON,6592
1548223,231,221,1080,2012.0,3090.0,0.0,1.51134,-0.637794,USA,TON,6592
1548224,15,5,1080,2012.0,3594.0,0.0,1.710955,-0.8860399999999999,AUT,AND,6592
1548225,71,5,1080,2012.0,29077.0,1055.0,0.925701,1.8700189999999999,ESP,AND,6592
1548226,159,5,1080,2012.0,19860.0,0.0,-1.616498,-1.174816,NGA,AND,6592
1548227,14,56,1080,2012.0,6398.0,0.0,-0.537197,-0.22305300000000003,AUS,CXR,6592
1548228,174,79,1080,2012.0,1196.0,0.0,0.44656,0.55585,PHL,FSM,6592
1548229,231,79,1080,2012.0,1009.0,0.0,1.51134,-0.637794,USA,FSM,6592
1548230,81,194,1080,2012.0,2782.0,0.0,1.544653,0.776512,GBR,SHN,6592
1548231,246,194,1080,2012.0,4556.0,0.0,0.06510099999999999,1.748521,ZAF,SHN,6592
1548232,231,213,1080,2012.0,71332.0,0.0,1.51134,-0.637794,USA,TCA,6592
1548233,250,213,1080,2012.0,4198.0,0.0,0.34242399999999995,-0.007095999999999999,ANS,TCA,6592
1548234,81,76,1080,2012.0,18558.0,0.0,1.544653,0.776512,GBR,FLK,6592
1548235,231,210,1080,2012.0,40557.0,0.0,1.51134,-0.637794,USA,SXM,6592
1548236,1,7,1081,2012.0,3943.0,0.0,-0.666296,-0.7860689999999999,AFG,ARE,6593
1548237,2,7,1081,2012.0,0.0,2146.0,-1.610059,-1.1253739999999999,AGO,ARE,6593
1548238,14,7,1081,2012.0,0.0,1651.0,-0.537197,-0.22305300000000003,AUS,ARE,6593
1548239,18,7,1081,2012.0,1981.0,0.0,1.06425,1.369205,BEL,ARE,6593
1548240,22,7,1081,2012.0,0.0,7692.0,-0.62037,-0.6858350000000001,BGD,ARE,6593
1548241,24,7,1081,2012.0,0.0,13967.0,-0.01785,-0.780651,BHR,ARE,6593
1548242,32,7,1081,2012.0,17005.0,0.0,0.340455,0.9006790000000001,BRA,ARE,6593
1548243,39,7,1081,2012.0,0.0,5574.0,0.630575,1.28653,CAN,ARE,6593
1548244,41,7,1081,2012.0,0.0,22985.0,2.0265150000000003,0.6496689999999999,CHE,ARE,6593
1548245,43,7,1081,2012.0,7637.0,0.0,1.2170590000000001,0.584412,CHN,ARE,6593
1548246,50,7,1081,2012.0,0.0,57185.0,0.06202100000000001,-0.7399100000000001,COM,ARE,6593
1548247,61,7,1081,2012.0,40360.0,2082.0,1.977443,-3.692254,DEU,ARE,6593
1548248,64,7,1081,2012.0,13912.0,0.0,1.159478,1.053761,DNK,ARE,6593
1548249,81,7,1081,2012.0,22780.0,0.0,1.544653,0.776512,GBR,ARE,6593
1548250,102,7,1081,2012.0,0.0,3997.0,1.61049,0.44614799999999993,HUN,ARE,6593
1548251,103,7,1081,2012.0,53282.0,0.0,0.045694,1.635448,IDN,ARE,6593
1548252,104,7,1081,2012.0,59560.0,0.0,0.24883200000000003,2.463711,IND,ARE,6593
1548253,106,7,1081,2012.0,2389.0,0.0,1.1761549999999998,0.279569,IRL,ARE,6593
1548254,107,7,1081,2012.0,8591.0,0.0,-1.06794,-0.993099,IRN,ARE,6593
1548255,111,7,1081,2012.0,7396.0,0.0,1.396626,-0.43950500000000003,ITA,ARE,6593
1548256,113,7,1081,2012.0,0.0,1770.0,0.29205,0.638942,JOR,ARE,6593
1548257,115,7,1081,2012.0,1356.0,0.0,-0.447428,-0.42193,KAZ,ARE,6593
1548258,134,7,1081,2012.0,3208.0,0.0,-0.330598,0.037439,MAR,ARE,6593
1548259,141,7,1081,2012.0,0.0,11382.0,-0.675086,-0.8228139999999999,MLI,ARE,6593
1548260,148,7,1081,2012.0,0.0,906314.0,-1.501575,-1.294704,MRT,ARE,6593
1548261,166,7,1081,2012.0,0.0,2034.0,0.21502399999999997,0.746456,NZL,ARE,6593
1548262,167,7,1081,2012.0,0.0,18770.0,-0.782802,-1.065774,OMN,ARE,6593
1548263,168,7,1081,2012.0,1716.0,0.0,-0.600346,0.474208,PAK,ARE,6593
1548264,188,7,1081,2012.0,49453.0,0.0,-0.621115,-0.975865,SAU,ARE,6593
1548265,191,7,1081,2012.0,0.0,10939.0,-0.379797,0.020130000000000002,SEN,ARE,6593
1548266,211,7,1081,2012.0,0.0,2854.0,-0.408819,-0.753598,SYC,ARE,6593
1548267,223,7,1081,2012.0,6930.0,0.0,0.509432,0.8157810000000001,TUN,ARE,6593
1548268,224,7,1081,2012.0,50965.0,0.0,0.657573,1.969027,TUR,ARE,6593
1548269,227,7,1081,2012.0,0.0,72793.0,-0.492733,0.4513,UGA,ARE,6593
1548270,230,7,1081,2012.0,0.0,1735.0,0.013581000000000001,0.047302,URY,ARE,6593
1548271,231,7,1081,2012.0,53966.0,1606.0,1.51134,-0.637794,USA,ARE,6593
1548272,246,7,1081,2012.0,1950.0,23558.0,0.06510099999999999,1.748521,ZAF,ARE,6593
1548273,32,8,1081,2012.0,1985.0,0.0,0.340455,0.9006790000000001,BRA,ARG,6593
1548274,43,8,1081,2012.0,18296.0,0.0,1.2170590000000001,0.584412,CHN,ARG,6593
1548275,77,8,1081,2012.0,0.0,9239.0,1.414721,0.07219600000000001,FRA,ARG,6593
1548276,104,8,1081,2012.0,163055.0,0.0,0.24883200000000003,2.463711,IND,ARG,6593
1548277,134,8,1081,2012.0,5224.0,0.0,-0.330598,0.037439,MAR,ARG,6593
1548278,148,8,1081,2012.0,0.0,23659.0,-1.501575,-1.294704,MRT,ARG,6593
1548279,168,8,1081,2012.0,2374.0,0.0,-0.600346,0.474208,PAK,ARG,6593
1548280,224,8,1081,2012.0,12056.0,0.0,0.657573,1.969027,TUR,ARG,6593
1548281,231,8,1081,2012.0,0.0,32857.0,1.51134,-0.637794,USA,ARG,6593
1548282,18,15,1081,2012.0,148150.0,22979.0,1.06425,1.369205,BEL,AUT,6593
1548283,22,15,1081,2012.0,30940.0,0.0,-0.62037,-0.6858350000000001,BGD,AUT,6593
1548284,26,15,1081,2012.0,12472.0,0.0,0.6672520000000001,1.16153,BIH,AUT,6593
1548285,41,15,1081,2012.0,4038.0,11013.0,2.0265150000000003,0.6496689999999999,CHE,AUT,6593
1548286,43,15,1081,2012.0,7432.0,0.0,1.2170590000000001,0.584412,CHN,AUT,6593
1548287,59,15,1081,2012.0,0.0,5141.0,1.7368299999999999,-0.651329,CZE,AUT,6593
1548288,61,15,1081,2012.0,783022.0,472681.0,1.977443,-3.692254,DEU,AUT,6593
1548289,64,15,1081,2012.0,3233.0,19149.0,1.159478,1.053761,DNK,AUT,6593
1548290,71,15,1081,2012.0,12525.0,0.0,0.925701,1.8700189999999999,ESP,AUT,6593
1548291,77,15,1081,2012.0,2935.0,0.0,1.414721,0.07219600000000001,FRA,AUT,6593
1548292,81,15,1081,2012.0,1349.0,7084.0,1.544653,0.776512,GBR,AUT,6593
1548293,90,15,1081,2012.0,7485.0,0.0,0.161352,1.273024,GRC,AUT,6593
1548294,100,15,1081,2012.0,6968.0,3142.0,0.881764,1.149456,HRV,AUT,6593
1548295,102,15,1081,2012.0,0.0,6332.0,1.61049,0.44614799999999993,HUN,AUT,6593
1548296,104,15,1081,2012.0,57412.0,0.0,0.24883200000000003,2.463711,IND,AUT,6593
1548297,107,15,1081,2012.0,355410.0,35944.0,-1.06794,-0.993099,IRN,AUT,6593
1548298,111,15,1081,2012.0,25047.0,90372.0,1.396626,-0.43950500000000003,ITA,AUT,6593
1548299,134,15,1081,2012.0,27925.0,0.0,-0.330598,0.037439,MAR,AUT,6593
1548300,162,15,1081,2012.0,46362.0,0.0,0.961975,1.517883,NLD,AUT,6593
1548301,168,15,1081,2012.0,7422.0,0.0,-0.600346,0.474208,PAK,AUT,6593
1548302,174,15,1081,2012.0,2008.0,0.0,0.44656,0.55585,PHL,AUT,6593
1548303,185,15,1081,2012.0,2265926.0,3126.0,0.952936,1.227809,ROU,AUT,6593
1548304,201,15,1081,2012.0,0.0,1648.0,0.696674,1.544065,SRB,AUT,6593
1548305,206,15,1081,2012.0,0.0,4614.0,1.3586200000000002,0.805751,SVK,AUT,6593
1548306,207,15,1081,2012.0,0.0,11067.0,1.4933049999999999,0.58207,SVN,AUT,6593
1548307,208,15,1081,2012.0,1520.0,3208.0,1.721268,0.15675,SWE,AUT,6593
1548308,224,15,1081,2012.0,738548.0,23915.0,0.657573,1.969027,TUR,AUT,6593
1548309,231,15,1081,2012.0,17501.0,0.0,1.51134,-0.637794,USA,AUT,6593
1548310,232,15,1081,2012.0,2953.0,0.0,-0.426961,-0.539122,UZB,AUT,6593
1548311,7,18,1081,2012.0,0.0,1981.0,0.256232,-0.46518400000000004,ARE,BEL,6593
1548312,14,18,1081,2012.0,0.0,2275.0,-0.537197,-0.22305300000000003,AUS,BEL,6593
1548313,15,18,1081,2012.0,22979.0,148150.0,1.710955,-0.8860399999999999,AUT,BEL,6593
1548314,33,18,1081,2012.0,0.0,16632.0,0.653472,0.43920600000000004,BRB,BEL,6593
1548315,39,18,1081,2012.0,0.0,11532.0,0.630575,1.28653,CAN,BEL,6593
1548316,41,18,1081,2012.0,2243.0,11054.0,2.0265150000000003,0.6496689999999999,CHE,BEL,6593
1548317,43,18,1081,2012.0,11594.0,1767.0,1.2170590000000001,0.584412,CHN,BEL,6593
1548318,49,18,1081,2012.0,2116.0,0.0,0.034488,-0.340545,COL,BEL,6593
1548319,61,18,1081,2012.0,304891.0,537854.0,1.977443,-3.692254,DEU,BEL,6593
1548320,64,18,1081,2012.0,1228.0,3275.0,1.159478,1.053761,DNK,BEL,6593
1548321,71,18,1081,2012.0,8142.0,15482.0,0.925701,1.8700189999999999,ESP,BEL,6593
1548322,77,18,1081,2012.0,42006.0,90378.0,1.414721,0.07219600000000001,FRA,BEL,6593
1548323,81,18,1081,2012.0,43395.0,3408.0,1.544653,0.776512,GBR,BEL,6593
1548324,92,18,1081,2012.0,0.0,3526.0,-0.790721,-0.882532,GRL,BEL,6593
1548325,97,18,1081,2012.0,6697.0,0.0,0.788308,1.029625,HKG,BEL,6593
1548326,102,18,1081,2012.0,0.0,16484.0,1.61049,0.44614799999999993,HUN,BEL,6593
1548327,104,18,1081,2012.0,416945.0,0.0,0.24883200000000003,2.463711,IND,BEL,6593
1548328,106,18,1081,2012.0,0.0,14443.0,1.1761549999999998,0.279569,IRL,BEL,6593
1548329,107,18,1081,2012.0,38185.0,1404.0,-1.06794,-0.993099,IRN,BEL,6593
1548330,110,18,1081,2012.0,1897.0,0.0,1.125254,0.736004,ISR,BEL,6593
1548331,111,18,1081,2012.0,25618.0,0.0,1.396626,-0.43950500000000003,ITA,BEL,6593
1548332,114,18,1081,2012.0,0.0,4180.0,2.325746,-0.8705649999999999,JPN,BEL,6593
1548333,122,18,1081,2012.0,0.0,2016.0,-1.130729,-1.083905,KWT,BEL,6593
1548334,124,18,1081,2012.0,0.0,2130.0,0.36778099999999997,1.3771010000000001,LBN,BEL,6593
1548335,131,18,1081,2012.0,0.0,40837.0,1.0163739999999999,1.178021,LUX,BEL,6593
1548336,134,18,1081,2012.0,11739.0,0.0,-0.330598,0.037439,MAR,BEL,6593
1548337,138,18,1081,2012.0,0.0,5463.0,1.166986,0.662798,MEX,BEL,6593
1548338,148,18,1081,2012.0,0.0,19039.0,-1.501575,-1.294704,MRT,BEL,6593
1548339,159,18,1081,2012.0,0.0,112797.0,-1.616498,-1.174816,NGA,BEL,6593
1548340,162,18,1081,2012.0,36335.0,6158.0,0.961975,1.517883,NLD,BEL,6593
1548341,163,18,1081,2012.0,0.0,30810.0,0.5462670000000001,-0.042712,NOR,BEL,6593
1548342,168,18,1081,2012.0,62464.0,0.0,-0.600346,0.474208,PAK,BEL,6593
1548343,173,18,1081,2012.0,0.0,28504.0,-0.47011499999999995,0.340251,PER,BEL,6593
1548344,179,18,1081,2012.0,0.0,2367.0,0.697799,2.122262,PRT,BEL,6593
1548345,192,18,1081,2012.0,0.0,2810.0,1.762134,0.583393,SGP,BEL,6593
1548346,206,18,1081,2012.0,0.0,1888.0,1.3586200000000002,0.805751,SVK,BEL,6593
1548347,207,18,1081,2012.0,0.0,13569.0,1.4933049999999999,0.58207,SVN,BEL,6593
1548348,223,18,1081,2012.0,1137.0,0.0,0.509432,0.8157810000000001,TUN,BEL,6593
1548349,224,18,1081,2012.0,256544.0,0.0,0.657573,1.969027,TUR,BEL,6593
1548350,231,18,1081,2012.0,0.0,545090.0,1.51134,-0.637794,USA,BEL,6593
1548351,39,25,1081,2012.0,1066.0,0.0,0.630575,1.28653,CAN,BHS,6593
1548352,231,25,1081,2012.0,52504.0,0.0,1.51134,-0.637794,USA,BHS,6593
1548353,250,25,1081,2012.0,1336.0,0.0,0.34242399999999995,-0.007095999999999999,ANS,BHS,6593
1548354,2,32,1081,2012.0,0.0,224458.0,-1.610059,-1.1253739999999999,AGO,BRA,6593
1548355,7,32,1081,2012.0,0.0,17005.0,0.256232,-0.46518400000000004,ARE,BRA,6593
1548356,8,32,1081,2012.0,0.0,1985.0,-0.019015,0.548292,ARG,BRA,6593
1548357,41,32,1081,2012.0,1426.0,0.0,2.0265150000000003,0.6496689999999999,CHE,BRA,6593
1548358,42,32,1081,2012.0,0.0,7477.0,-0.180309,-0.33571799999999996,CHL,BRA,6593
1548359,43,32,1081,2012.0,487083.0,0.0,1.2170590000000001,0.584412,CHN,BRA,6593
1548360,58,32,1081,2012.0,11139.0,0.0,0.621962,0.188051,CYP,BRA,6593
1548361,61,32,1081,2012.0,26240.0,0.0,1.977443,-3.692254,DEU,BRA,6593
1548362,68,32,1081,2012.0,14760.0,0.0,-0.145791,1.470876,EGY,BRA,6593
1548363,71,32,1081,2012.0,1727.0,3209.0,0.925701,1.8700189999999999,ESP,BRA,6593
1548364,81,32,1081,2012.0,196765.0,0.0,1.544653,0.776512,GBR,BRA,6593
1548365,104,32,1081,2012.0,1028714.0,0.0,0.24883200000000003,2.463711,IND,BRA,6593
1548366,107,32,1081,2012.0,98432.0,0.0,-1.06794,-0.993099,IRN,BRA,6593
1548367,111,32,1081,2012.0,6088.0,0.0,1.396626,-0.43950500000000003,ITA,BRA,6593
1548368,134,32,1081,2012.0,13650.0,0.0,-0.330598,0.037439,MAR,BRA,6593
1548369,164,32,1081,2012.0,393872.0,0.0,0.023836000000000003,0.702753,NPL,BRA,6593
1548370,168,32,1081,2012.0,14215.0,0.0,-0.600346,0.474208,PAK,BRA,6593
1548371,173,32,1081,2012.0,0.0,14665.0,-0.47011499999999995,0.340251,PER,BRA,6593
1548372,180,32,1081,2012.0,0.0,1340.0,-0.49996,-0.6966399999999999,PRY,BRA,6593
1548373,183,32,1081,2012.0,0.0,29969.0,-0.6436029999999999,-0.990323,QAT,BRA,6593
1548374,216,32,1081,2012.0,17198.0,0.0,1.015684,1.20697,THA,BRA,6593
1548375,224,32,1081,2012.0,24851.0,0.0,0.657573,1.969027,TUR,BRA,6593
1548376,231,32,1081,2012.0,3574.0,11548.0,1.51134,-0.637794,USA,BRA,6593
1548377,18,33,1081,2012.0,16632.0,0.0,1.06425,1.369205,BEL,BRB,6593
1548378,81,33,1081,2012.0,2132.0,0.0,1.544653,0.776512,GBR,BRB,6593
1548379,231,33,1081,2012.0,20049.0,0.0,1.51134,-0.637794,USA,BRB,6593
1548380,7,39,1081,2012.0,5574.0,0.0,0.256232,-0.46518400000000004,ARE,CAN,6593
1548381,18,39,1081,2012.0,11532.0,0.0,1.06425,1.369205,BEL,CAN,6593
1548382,22,39,1081,2012.0,12641.0,0.0,-0.62037,-0.6858350000000001,BGD,CAN,6593
1548383,25,39,1081,2012.0,0.0,1066.0,0.37130799999999997,-0.526134,BHS,CAN,6593
1548384,41,39,1081,2012.0,3863.0,0.0,2.0265150000000003,0.6496689999999999,CHE,CAN,6593
1548385,43,39,1081,2012.0,17831.0,0.0,1.2170590000000001,0.584412,CHN,CAN,6593
1548386,49,39,1081,2012.0,3551.0,0.0,0.034488,-0.340545,COL,CAN,6593
1548387,61,39,1081,2012.0,393694.0,0.0,1.977443,-3.692254,DEU,CAN,6593
1548388,68,39,1081,2012.0,4690.0,0.0,-0.145791,1.470876,EGY,CAN,6593
1548389,71,39,1081,2012.0,3572.0,0.0,0.925701,1.8700189999999999,ESP,CAN,6593
1548390,81,39,1081,2012.0,4333.0,0.0,1.544653,0.776512,GBR,CAN,6593
1548391,103,39,1081,2012.0,7765.0,0.0,0.045694,1.635448,IDN,CAN,6593
1548392,104,39,1081,2012.0,327705.0,0.0,0.24883200000000003,2.463711,IND,CAN,6593
1548393,107,39,1081,2012.0,192465.0,4005.0,-1.06794,-0.993099,IRN,CAN,6593
1548394,111,39,1081,2012.0,11443.0,0.0,1.396626,-0.43950500000000003,ITA,CAN,6593
1548395,117,39,1081,2012.0,1026.0,0.0,0.044116,0.678193,KGZ,CAN,6593
1548396,134,39,1081,2012.0,23972.0,0.0,-0.330598,0.037439,MAR,CAN,6593
1548397,164,39,1081,2012.0,21094.0,0.0,0.023836000000000003,0.702753,NPL,CAN,6593
1548398,168,39,1081,2012.0,38948.0,0.0,-0.600346,0.474208,PAK,CAN,6593
1548399,173,39,1081,2012.0,4148.0,0.0,-0.47011499999999995,0.340251,PER,CAN,6593
1548400,174,39,1081,2012.0,6427.0,0.0,0.44656,0.55585,PHL,CAN,6593
1548401,188,39,1081,2012.0,1648.0,0.0,-0.621115,-0.975865,SAU,CAN,6593
1548402,216,39,1081,2012.0,17938.0,0.0,1.015684,1.20697,THA,CAN,6593
1548403,224,39,1081,2012.0,38169.0,0.0,0.657573,1.969027,TUR,CAN,6593
1548404,231,39,1081,2012.0,1240645.0,66042.0,1.51134,-0.637794,USA,CAN,6593
1548405,246,39,1081,2012.0,2039.0,0.0,0.06510099999999999,1.748521,ZAF,CAN,6593
1548406,1,41,1081,2012.0,7648.0,0.0,-0.666296,-0.7860689999999999,AFG,CHE,6593
1548407,7,41,1081,2012.0,22985.0,0.0,0.256232,-0.46518400000000004,ARE,CHE,6593
1548408,14,41,1081,2012.0,0.0,4999.0,-0.537197,-0.22305300000000003,AUS,CHE,6593
1548409,15,41,1081,2012.0,11013.0,4038.0,1.710955,-0.8860399999999999,AUT,CHE,6593
1548410,16,41,1081,2012.0,37154.0,0.0,-1.44287,-1.261817,AZE,CHE,6593
1548411,18,41,1081,2012.0,11054.0,2243.0,1.06425,1.369205,BEL,CHE,6593
1548412,32,41,1081,2012.0,0.0,1426.0,0.340455,0.9006790000000001,BRA,CHE,6593
1548413,39,41,1081,2012.0,0.0,3863.0,0.630575,1.28653,CAN,CHE,6593
1548414,42,41,1081,2012.0,0.0,3737.0,-0.180309,-0.33571799999999996,CHL,CHE,6593
1548415,43,41,1081,2012.0,43606.0,71031.0,1.2170590000000001,0.584412,CHN,CHE,6593
1548416,58,41,1081,2012.0,0.0,1211.0,0.621962,0.188051,CYP,CHE,6593
1548417,59,41,1081,2012.0,9533.0,0.0,1.7368299999999999,-0.651329,CZE,CHE,6593
1548418,61,41,1081,2012.0,1206205.0,39309.0,1.977443,-3.692254,DEU,CHE,6593
1548419,64,41,1081,2012.0,16508.0,3914.0,1.159478,1.053761,DNK,CHE,6593
1548420,71,41,1081,2012.0,3926.0,6291.0,0.925701,1.8700189999999999,ESP,CHE,6593
1548421,74,41,1081,2012.0,0.0,3191.0,1.5813700000000002,0.872251,FIN,CHE,6593
1548422,77,41,1081,2012.0,246273.0,25032.0,1.414721,0.07219600000000001,FRA,CHE,6593
1548423,81,41,1081,2012.0,16021.0,8161.0,1.544653,0.776512,GBR,CHE,6593
1548424,97,41,1081,2012.0,0.0,18109.0,0.788308,1.029625,HKG,CHE,6593
1548425,102,41,1081,2012.0,21078.0,0.0,1.61049,0.44614799999999993,HUN,CHE,6593
1548426,104,41,1081,2012.0,64467.0,0.0,0.24883200000000003,2.463711,IND,CHE,6593
1548427,107,41,1081,2012.0,942604.0,30137.0,-1.06794,-0.993099,IRN,CHE,6593
1548428,110,41,1081,2012.0,0.0,3469.0,1.125254,0.736004,ISR,CHE,6593
1548429,111,41,1081,2012.0,235759.0,61944.0,1.396626,-0.43950500000000003,ITA,CHE,6593
1548430,117,41,1081,2012.0,6036.0,0.0,0.044116,0.678193,KGZ,CHE,6593
1548431,121,41,1081,2012.0,0.0,5685.0,1.839479,0.8272799999999999,KOR,CHE,6593
1548432,124,41,1081,2012.0,0.0,4538.0,0.36778099999999997,1.3771010000000001,LBN,CHE,6593
1548433,134,41,1081,2012.0,48882.0,0.0,-0.330598,0.037439,MAR,CHE,6593
1548434,135,41,1081,2012.0,2162.0,0.0,0.166439,0.555431,MDA,CHE,6593
1548435,162,41,1081,2012.0,4866.0,0.0,0.961975,1.517883,NLD,CHE,6593
1548436,164,41,1081,2012.0,3298.0,0.0,0.023836000000000003,0.702753,NPL,CHE,6593
1548437,168,41,1081,2012.0,6687.0,0.0,-0.600346,0.474208,PAK,CHE,6593
1548438,174,41,1081,2012.0,0.0,1291.0,0.44656,0.55585,PHL,CHE,6593
1548439,186,41,1081,2012.0,3745.0,0.0,-0.123649,-0.218926,RUS,CHE,6593
1548440,192,41,1081,2012.0,0.0,3154.0,1.762134,0.583393,SGP,CHE,6593
1548441,208,41,1081,2012.0,9226.0,1039.0,1.721268,0.15675,SWE,CHE,6593
1548442,223,41,1081,2012.0,11631.0,0.0,0.509432,0.8157810000000001,TUN,CHE,6593
1548443,224,41,1081,2012.0,166770.0,22488.0,0.657573,1.969027,TUR,CHE,6593
1548444,230,41,1081,2012.0,0.0,3923.0,0.013581000000000001,0.047302,URY,CHE,6593
1548445,231,41,1081,2012.0,18471.0,19799.0,1.51134,-0.637794,USA,CHE,6593
1548446,232,41,1081,2012.0,1759.0,0.0,-0.426961,-0.539122,UZB,CHE,6593
1548447,249,41,1081,2012.0,0.0,5633.0,1.671686,0.9854729999999999,TWN,CHE,6593
1548448,14,42,1081,2012.0,0.0,25005.0,-0.537197,-0.22305300000000003,AUS,CHL,6593
1548449,31,42,1081,2012.0,0.0,61813.0,-0.698325,-0.728248,BOL,CHL,6593
1548450,32,42,1081,2012.0,7477.0,0.0,0.340455,0.9006790000000001,BRA,CHL,6593
1548451,41,42,1081,2012.0,3737.0,0.0,2.0265150000000003,0.6496689999999999,CHE,CHL,6593
1548452,43,42,1081,2012.0,287735.0,0.0,1.2170590000000001,0.584412,CHN,CHL,6593
1548453,49,42,1081,2012.0,0.0,62544.0,0.034488,-0.340545,COL,CHL,6593
1548454,61,42,1081,2012.0,213802.0,0.0,1.977443,-3.692254,DEU,CHL,6593
1548455,71,42,1081,2012.0,1333.0,0.0,0.925701,1.8700189999999999,ESP,CHL,6593
1548456,81,42,1081,2012.0,3493.0,0.0,1.544653,0.776512,GBR,CHL,6593
1548457,104,42,1081,2012.0,492331.0,0.0,0.24883200000000003,2.463711,IND,CHL,6593
1548458,107,42,1081,2012.0,48699.0,0.0,-1.06794,-0.993099,IRN,CHL,6593
1548459,134,42,1081,2012.0,5062.0,0.0,-0.330598,0.037439,MAR,CHL,6593
1548460,168,42,1081,2012.0,422779.0,0.0,-0.600346,0.474208,PAK,CHL,6593
1548461,169,42,1081,2012.0,1274.0,0.0,1.001878,1.18554,PAN,CHL,6593
1548462,173,42,1081,2012.0,0.0,515421.0,-0.47011499999999995,0.340251,PER,CHL,6593
1548463,180,42,1081,2012.0,0.0,39900.0,-0.49996,-0.6966399999999999,PRY,CHL,6593
1548464,192,42,1081,2012.0,119085.0,0.0,1.762134,0.583393,SGP,CHL,6593
1548465,224,42,1081,2012.0,99760.0,4794.0,0.657573,1.969027,TUR,CHL,6593
1548466,230,42,1081,2012.0,0.0,3864.0,0.013581000000000001,0.047302,URY,CHL,6593
1548467,231,42,1081,2012.0,6616.0,0.0,1.51134,-0.637794,USA,CHL,6593
1548468,250,42,1081,2012.0,218519.0,1232.0,0.34242399999999995,-0.007095999999999999,ANS,CHL,6593
1548469,2,43,1081,2012.0,0.0,6437.0,-1.610059,-1.1253739999999999,AGO,CHN,6593
1548470,7,43,1081,2012.0,0.0,7637.0,0.256232,-0.46518400000000004,ARE,CHN,6593
1548471,8,43,1081,2012.0,0.0,18296.0,-0.019015,0.548292,ARG,CHN,6593
1548472,14,43,1081,2012.0,0.0,295597.0,-0.537197,-0.22305300000000003,AUS,CHN,6593
1548473,15,43,1081,2012.0,0.0,7432.0,1.710955,-0.8860399999999999,AUT,CHN,6593
1548474,18,43,1081,2012.0,1767.0,11594.0,1.06425,1.369205,BEL,CHN,6593
1548475,21,43,1081,2012.0,0.0,2332.0,-0.624286,-0.689179,BFA,CHN,6593
1548476,22,43,1081,2012.0,479633.0,0.0,-0.62037,-0.6858350000000001,BGD,CHN,6593
1548477,24,43,1081,2012.0,0.0,2437.0,-0.01785,-0.780651,BHR,CHN,6593
1548478,31,43,1081,2012.0,0.0,1428.0,-0.698325,-0.728248,BOL,CHN,6593
1548479,32,43,1081,2012.0,0.0,487083.0,0.340455,0.9006790000000001,BRA,CHN,6593
1548480,39,43,1081,2012.0,0.0,17831.0,0.630575,1.28653,CAN,CHN,6593
1548481,41,43,1081,2012.0,71031.0,43606.0,2.0265150000000003,0.6496689999999999,CHE,CHN,6593
1548482,42,43,1081,2012.0,0.0,287735.0,-0.180309,-0.33571799999999996,CHL,CHN,6593
1548483,45,43,1081,2012.0,0.0,1708.0,-1.018794,-1.013026,CMR,CHN,6593
1548484,50,43,1081,2012.0,0.0,3588.0,0.06202100000000001,-0.7399100000000001,COM,CHN,6593
1548485,59,43,1081,2012.0,0.0,12333.0,1.7368299999999999,-0.651329,CZE,CHN,6593
1548486,61,43,1081,2012.0,159980.0,13338.0,1.977443,-3.692254,DEU,CHN,6593
1548487,64,43,1081,2012.0,0.0,13044.0,1.159478,1.053761,DNK,CHN,6593
1548488,65,43,1081,2012.0,0.0,1206.0,-0.08708300000000001,0.389521,DOM,CHN,6593
1548489,71,43,1081,2012.0,0.0,148351.0,0.925701,1.8700189999999999,ESP,CHN,6593
1548490,77,43,1081,2012.0,0.0,35589.0,1.414721,0.07219600000000001,FRA,CHN,6593
1548491,81,43,1081,2012.0,8575.0,585227.0,1.544653,0.776512,GBR,CHN,6593
1548492,96,43,1081,2012.0,0.0,1581.0,-0.748712,-0.8608950000000001,GUY,CHN,6593
1548493,97,43,1081,2012.0,5448.0,22593.0,0.788308,1.029625,HKG,CHN,6593
1548494,99,43,1081,2012.0,0.0,6172.0,-0.362811,-0.012651,HND,CHN,6593
1548495,103,43,1081,2012.0,0.0,92230.0,0.045694,1.635448,IDN,CHN,6593
1548496,104,43,1081,2012.0,926435.0,5803.0,0.24883200000000003,2.463711,IND,CHN,6593
1548497,106,43,1081,2012.0,0.0,19364.0,1.1761549999999998,0.279569,IRL,CHN,6593
1548498,107,43,1081,2012.0,127975.0,0.0,-1.06794,-0.993099,IRN,CHN,6593
1548499,110,43,1081,2012.0,0.0,19234.0,1.125254,0.736004,ISR,CHN,6593
1548500,111,43,1081,2012.0,129875.0,314790.0,1.396626,-0.43950500000000003,ITA,CHN,6593
1548501,114,43,1081,2012.0,16482.0,346704.0,2.325746,-0.8705649999999999,JPN,CHN,6593
1548502,115,43,1081,2012.0,0.0,34950.0,-0.447428,-0.42193,KAZ,CHN,6593
1548503,116,43,1081,2012.0,0.0,12471.0,-0.256144,0.21991599999999997,KEN,CHN,6593
1548504,121,43,1081,2012.0,44683.0,2815.0,1.839479,0.8272799999999999,KOR,CHN,6593
1548505,124,43,1081,2012.0,0.0,32587.0,0.36778099999999997,1.3771010000000001,LBN,CHN,6593
1548506,138,43,1081,2012.0,0.0,65764.0,1.166986,0.662798,MEX,CHN,6593
1548507,148,43,1081,2012.0,0.0,133065.0,-1.501575,-1.294704,MRT,CHN,6593
1548508,151,43,1081,2012.0,0.0,10256.0,-0.101344,0.22300100000000003,MUS,CHN,6593
1548509,153,43,1081,2012.0,0.0,13840.0,0.93739,0.726329,MYS,CHN,6593
1548510,156,43,1081,2012.0,0.0,5233.0,-0.650737,-0.897949,NCL,CHN,6593
1548511,157,43,1081,2012.0,0.0,3333.0,-1.274453,-1.12791,NER,CHN,6593
1548512,162,43,1081,2012.0,0.0,1127.0,0.961975,1.517883,NLD,CHN,6593
1548513,163,43,1081,2012.0,0.0,23362.0,0.5462670000000001,-0.042712,NOR,CHN,6593
1548514,166,43,1081,2012.0,0.0,5246.0,0.21502399999999997,0.746456,NZL,CHN,6593
1548515,167,43,1081,2012.0,0.0,12674.0,-0.782802,-1.065774,OMN,CHN,6593
1548516,168,43,1081,2012.0,52475.0,0.0,-0.600346,0.474208,PAK,CHN,6593
1548517,169,43,1081,2012.0,0.0,107388.0,1.001878,1.18554,PAN,CHN,6593
1548518,173,43,1081,2012.0,0.0,29240.0,-0.47011499999999995,0.340251,PER,CHN,6593
1548519,174,43,1081,2012.0,0.0,7190.0,0.44656,0.55585,PHL,CHN,6593
1548520,177,43,1081,2012.0,0.0,23710.0,1.039598,1.145227,POL,CHN,6593
1548521,179,43,1081,2012.0,0.0,266673.0,0.697799,2.122262,PRT,CHN,6593
1548522,180,43,1081,2012.0,0.0,1125.0,-0.49996,-0.6966399999999999,PRY,CHN,6593
1548523,181,43,1081,2012.0,0.0,5215.0,0.14912899999999998,0.8572770000000001,PSE,CHN,6593
1548524,183,43,1081,2012.0,0.0,1854.0,-0.6436029999999999,-0.990323,QAT,CHN,6593
1548525,186,43,1081,2012.0,0.0,12711.0,-0.123649,-0.218926,RUS,CHN,6593
1548526,188,43,1081,2012.0,0.0,107706.0,-0.621115,-0.975865,SAU,CHN,6593
1548527,191,43,1081,2012.0,0.0,10354.0,-0.379797,0.020130000000000002,SEN,CHN,6593
1548528,192,43,1081,2012.0,0.0,29897.0,1.762134,0.583393,SGP,CHN,6593
1548529,201,43,1081,2012.0,0.0,6997.0,0.696674,1.544065,SRB,CHN,6593
1548530,206,43,1081,2012.0,0.0,49893.0,1.3586200000000002,0.805751,SVK,CHN,6593
1548531,207,43,1081,2012.0,0.0,2441.0,1.4933049999999999,0.58207,SVN,CHN,6593
1548532,208,43,1081,2012.0,0.0,57461.0,1.721268,0.15675,SWE,CHN,6593
1548533,216,43,1081,2012.0,0.0,32391.0,1.015684,1.20697,THA,CHN,6593
1548534,222,43,1081,2012.0,0.0,63686.0,-0.257402,-0.9802709999999999,TTO,CHN,6593
1548535,224,43,1081,2012.0,8906.0,109086.0,0.657573,1.969027,TUR,CHN,6593
1548536,226,43,1081,2012.0,0.0,3560.0,-0.490001,1.149681,TZA,CHN,6593
1548537,227,43,1081,2012.0,0.0,5714.0,-0.492733,0.4513,UGA,CHN,6593
1548538,230,43,1081,2012.0,0.0,5359.0,0.013581000000000001,0.047302,URY,CHN,6593
1548539,231,43,1081,2012.0,50529.0,7995311.0,1.51134,-0.637794,USA,CHN,6593
1548540,246,43,1081,2012.0,0.0,20594.0,0.06510099999999999,1.748521,ZAF,CHN,6593
1548541,248,43,1081,2012.0,0.0,2995.0,-0.812796,-0.747908,ZWE,CHN,6593
1548542,249,43,1081,2012.0,0.0,10191.0,1.671686,0.9854729999999999,TWN,CHN,6593
1548543,18,49,1081,2012.0,0.0,2116.0,1.06425,1.369205,BEL,COL,6593
1548544,39,49,1081,2012.0,0.0,3551.0,0.630575,1.28653,CAN,COL,6593
1548545,42,49,1081,2012.0,62544.0,0.0,-0.180309,-0.33571799999999996,CHL,COL,6593
1548546,71,49,1081,2012.0,0.0,9349.0,0.925701,1.8700189999999999,ESP,COL,6593
1548547,104,49,1081,2012.0,30312.0,0.0,0.24883200000000003,2.463711,IND,COL,6593
1548548,107,49,1081,2012.0,98362.0,0.0,-1.06794,-0.993099,IRN,COL,6593
1548549,134,49,1081,2012.0,2657.0,0.0,-0.330598,0.037439,MAR,COL,6593
1548550,169,49,1081,2012.0,6473.0,6716.0,1.001878,1.18554,PAN,COL,6593
1548551,224,49,1081,2012.0,10496.0,0.0,0.657573,1.969027,TUR,COL,6593
1548552,231,49,1081,2012.0,14226.0,10985.0,1.51134,-0.637794,USA,COL,6593
1548553,104,52,1081,2012.0,4954.0,0.0,0.24883200000000003,2.463711,IND,CRI,6593
1548554,169,52,1081,2012.0,1337.0,0.0,1.001878,1.18554,PAN,CRI,6593
1548555,81,55,1081,2012.0,79430.0,0.0,1.544653,0.776512,GBR,CUW,6593
1548556,169,55,1081,2012.0,2670.0,0.0,1.001878,1.18554,PAN,CUW,6593
1548557,15,59,1081,2012.0,5141.0,0.0,1.710955,-0.8860399999999999,AUT,CZE,6593
1548558,41,59,1081,2012.0,0.0,9533.0,2.0265150000000003,0.6496689999999999,CHE,CZE,6593
1548559,43,59,1081,2012.0,12333.0,0.0,1.2170590000000001,0.584412,CHN,CZE,6593
1548560,61,59,1081,2012.0,80635.0,0.0,1.977443,-3.692254,DEU,CZE,6593
1548561,64,59,1081,2012.0,1270.0,0.0,1.159478,1.053761,DNK,CZE,6593
1548562,102,59,1081,2012.0,2696.0,0.0,1.61049,0.44614799999999993,HUN,CZE,6593
1548563,104,59,1081,2012.0,3606.0,0.0,0.24883200000000003,2.463711,IND,CZE,6593
1548564,107,59,1081,2012.0,43905.0,0.0,-1.06794,-0.993099,IRN,CZE,6593
1548565,162,59,1081,2012.0,7352.0,0.0,0.961975,1.517883,NLD,CZE,6593
1548566,177,59,1081,2012.0,11538.0,0.0,1.039598,1.145227,POL,CZE,6593
1548567,186,59,1081,2012.0,0.0,7129.0,-0.123649,-0.218926,RUS,CZE,6593
1548568,206,59,1081,2012.0,21956.0,5294.0,1.3586200000000002,0.805751,SVK,CZE,6593
1548569,224,59,1081,2012.0,195950.0,8314.0,0.657573,1.969027,TUR,CZE,6593
1548570,231,59,1081,2012.0,39901.0,0.0,1.51134,-0.637794,USA,CZE,6593
1548571,1,61,1081,2012.0,22422.0,0.0,-0.666296,-0.7860689999999999,AFG,DEU,6593
1548572,7,61,1081,2012.0,2082.0,40360.0,0.256232,-0.46518400000000004,ARE,DEU,6593
1548573,14,61,1081,2012.0,0.0,46152.0,-0.537197,-0.22305300000000003,AUS,DEU,6593
1548574,15,61,1081,2012.0,472681.0,783022.0,1.710955,-0.8860399999999999,AUT,DEU,6593
1548575,16,61,1081,2012.0,43693.0,0.0,-1.44287,-1.261817,AZE,DEU,6593
1548576,18,61,1081,2012.0,537854.0,304891.0,1.06425,1.369205,BEL,DEU,6593
1548577,22,61,1081,2012.0,1140522.0,0.0,-0.62037,-0.6858350000000001,BGD,DEU,6593
1548578,23,61,1081,2012.0,0.0,21083.0,0.601161,1.594487,BGR,DEU,6593
1548579,32,61,1081,2012.0,0.0,26240.0,0.340455,0.9006790000000001,BRA,DEU,6593
1548580,39,61,1081,2012.0,0.0,393694.0,0.630575,1.28653,CAN,DEU,6593
1548581,41,61,1081,2012.0,39309.0,1206205.0,2.0265150000000003,0.6496689999999999,CHE,DEU,6593
1548582,42,61,1081,2012.0,0.0,213802.0,-0.180309,-0.33571799999999996,CHL,DEU,6593
1548583,43,61,1081,2012.0,13338.0,159980.0,1.2170590000000001,0.584412,CHN,DEU,6593
1548584,45,61,1081,2012.0,0.0,1033.0,-1.018794,-1.013026,CMR,DEU,6593
1548585,58,61,1081,2012.0,0.0,14795.0,0.621962,0.188051,CYP,DEU,6593
1548586,59,61,1081,2012.0,0.0,80635.0,1.7368299999999999,-0.651329,CZE,DEU,6593
1548587,64,61,1081,2012.0,106361.0,140605.0,1.159478,1.053761,DNK,DEU,6593
1548588,68,61,1081,2012.0,59271.0,0.0,-0.145791,1.470876,EGY,DEU,6593
1548589,71,61,1081,2012.0,81505.0,523306.0,0.925701,1.8700189999999999,ESP,DEU,6593
1548590,74,61,1081,2012.0,8005.0,175343.0,1.5813700000000002,0.872251,FIN,DEU,6593
1548591,77,61,1081,2012.0,101557.0,954400.0,1.414721,0.07219600000000001,FRA,DEU,6593
1548592,81,61,1081,2012.0,59487.0,519396.0,1.544653,0.776512,GBR,DEU,6593
1548593,90,61,1081,2012.0,49875.0,20978.0,0.161352,1.273024,GRC,DEU,6593
1548594,93,61,1081,2012.0,0.0,4328.0,-0.15801400000000002,0.5786640000000001,GTM,DEU,6593
1548595,100,61,1081,2012.0,0.0,66692.0,0.881764,1.149456,HRV,DEU,6593
1548596,102,61,1081,2012.0,375811.0,66338.0,1.61049,0.44614799999999993,HUN,DEU,6593
1548597,104,61,1081,2012.0,5077249.0,0.0,0.24883200000000003,2.463711,IND,DEU,6593
1548598,106,61,1081,2012.0,6379.0,60003.0,1.1761549999999998,0.279569,IRL,DEU,6593
1548599,107,61,1081,2012.0,3516763.0,134823.0,-1.06794,-0.993099,IRN,DEU,6593
1548600,108,61,1081,2012.0,0.0,1709.0,-3.076964,-0.852475,IRQ,DEU,6593
1548601,109,61,1081,2012.0,0.0,16467.0,0.20266800000000001,-0.203262,ISL,DEU,6593
1548602,110,61,1081,2012.0,0.0,279432.0,1.125254,0.736004,ISR,DEU,6593
1548603,111,61,1081,2012.0,246055.0,964533.0,1.396626,-0.43950500000000003,ITA,DEU,6593
1548604,114,61,1081,2012.0,0.0,7497.0,2.325746,-0.8705649999999999,JPN,DEU,6593
1548605,121,61,1081,2012.0,0.0,11061.0,1.839479,0.8272799999999999,KOR,DEU,6593
1548606,122,61,1081,2012.0,0.0,7981.0,-1.130729,-1.083905,KWT,DEU,6593
1548607,124,61,1081,2012.0,0.0,12170.0,0.36778099999999997,1.3771010000000001,LBN,DEU,6593
1548608,131,61,1081,2012.0,0.0,4123.0,1.0163739999999999,1.178021,LUX,DEU,6593
1548609,134,61,1081,2012.0,497374.0,0.0,-0.330598,0.037439,MAR,DEU,6593
1548610,144,61,1081,2012.0,0.0,1161.0,0.028479,-0.045841,MNE,DEU,6593
1548611,159,61,1081,2012.0,0.0,4122.0,-1.616498,-1.174816,NGA,DEU,6593
1548612,162,61,1081,2012.0,135176.0,642245.0,0.961975,1.517883,NLD,DEU,6593
1548613,163,61,1081,2012.0,31892.0,176816.0,0.5462670000000001,-0.042712,NOR,DEU,6593
1548614,164,61,1081,2012.0,14594.0,0.0,0.023836000000000003,0.702753,NPL,DEU,6593
1548615,168,61,1081,2012.0,441283.0,7814.0,-0.600346,0.474208,PAK,DEU,6593
1548616,173,61,1081,2012.0,0.0,5456.0,-0.47011499999999995,0.340251,PER,DEU,6593
1548617,177,61,1081,2012.0,0.0,135836.0,1.039598,1.145227,POL,DEU,6593
1548618,179,61,1081,2012.0,0.0,200026.0,0.697799,2.122262,PRT,DEU,6593
1548619,180,61,1081,2012.0,0.0,186543.0,-0.49996,-0.6966399999999999,PRY,DEU,6593
1548620,183,61,1081,2012.0,0.0,5310.0,-0.6436029999999999,-0.990323,QAT,DEU,6593
1548621,185,61,1081,2012.0,8607.0,41222.0,0.952936,1.227809,ROU,DEU,6593
1548622,186,61,1081,2012.0,0.0,190480.0,-0.123649,-0.218926,RUS,DEU,6593
1548623,188,61,1081,2012.0,0.0,26188.0,-0.621115,-0.975865,SAU,DEU,6593
1548624,201,61,1081,2012.0,0.0,6112.0,0.696674,1.544065,SRB,DEU,6593
1548625,206,61,1081,2012.0,0.0,20865.0,1.3586200000000002,0.805751,SVK,DEU,6593
1548626,207,61,1081,2012.0,0.0,12276.0,1.4933049999999999,0.58207,SVN,DEU,6593
1548627,208,61,1081,2012.0,2165.0,437987.0,1.721268,0.15675,SWE,DEU,6593
1548628,216,61,1081,2012.0,0.0,1101.0,1.015684,1.20697,THA,DEU,6593
1548629,223,61,1081,2012.0,4129.0,0.0,0.509432,0.8157810000000001,TUN,DEU,6593
1548630,224,61,1081,2012.0,1255374.0,68406.0,0.657573,1.969027,TUR,DEU,6593
1548631,228,61,1081,2012.0,0.0,6592.0,0.533547,1.159378,UKR,DEU,6593
1548632,231,61,1081,2012.0,194896.0,171695.0,1.51134,-0.637794,USA,DEU,6593
1548633,239,61,1081,2012.0,289544.0,0.0,0.0755,1.008183,VNM,DEU,6593
1548634,246,61,1081,2012.0,38403.0,18297.0,0.06510099999999999,1.748521,ZAF,DEU,6593
1548635,249,61,1081,2012.0,0.0,4187.0,1.671686,0.9854729999999999,TWN,DEU,6593
1548636,7,64,1081,2012.0,0.0,13912.0,0.256232,-0.46518400000000004,ARE,DNK,6593
1548637,14,64,1081,2012.0,0.0,47787.0,-0.537197,-0.22305300000000003,AUS,DNK,6593
1548638,15,64,1081,2012.0,19149.0,3233.0,1.710955,-0.8860399999999999,AUT,DNK,6593
1548639,18,64,1081,2012.0,3275.0,1228.0,1.06425,1.369205,BEL,DNK,6593
1548640,22,64,1081,2012.0,27461.0,0.0,-0.62037,-0.6858350000000001,BGD,DNK,6593
1548641,41,64,1081,2012.0,3914.0,16508.0,2.0265150000000003,0.6496689999999999,CHE,DNK,6593
1548642,43,64,1081,2012.0,13044.0,0.0,1.2170590000000001,0.584412,CHN,DNK,6593
1548643,59,64,1081,2012.0,0.0,1270.0,1.7368299999999999,-0.651329,CZE,DNK,6593
1548644,61,64,1081,2012.0,140605.0,106361.0,1.977443,-3.692254,DEU,DNK,6593
1548645,71,64,1081,2012.0,5991.0,40548.0,0.925701,1.8700189999999999,ESP,DNK,6593
1548646,72,64,1081,2012.0,0.0,4137.0,0.8603,1.3146870000000002,EST,DNK,6593
1548647,74,64,1081,2012.0,10309.0,73786.0,1.5813700000000002,0.872251,FIN,DNK,6593
1548648,77,64,1081,2012.0,0.0,14373.0,1.414721,0.07219600000000001,FRA,DNK,6593
1548649,78,64,1081,2012.0,0.0,14626.0,-1.12875,-0.993714,FRO,DNK,6593
1548650,81,64,1081,2012.0,4205.0,175833.0,1.544653,0.776512,GBR,DNK,6593
1548651,92,64,1081,2012.0,0.0,24095.0,-0.790721,-0.882532,GRL,DNK,6593
1548652,93,64,1081,2012.0,0.0,2652.0,-0.15801400000000002,0.5786640000000001,GTM,DNK,6593
1548653,102,64,1081,2012.0,0.0,4086.0,1.61049,0.44614799999999993,HUN,DNK,6593
1548654,104,64,1081,2012.0,530187.0,17356.0,0.24883200000000003,2.463711,IND,DNK,6593
1548655,106,64,1081,2012.0,0.0,10886.0,1.1761549999999998,0.279569,IRL,DNK,6593
1548656,107,64,1081,2012.0,43320.0,0.0,-1.06794,-0.993099,IRN,DNK,6593
1548657,109,64,1081,2012.0,0.0,20531.0,0.20266800000000001,-0.203262,ISL,DNK,6593
1548658,110,64,1081,2012.0,0.0,1612.0,1.125254,0.736004,ISR,DNK,6593
1548659,111,64,1081,2012.0,5486.0,35597.0,1.396626,-0.43950500000000003,ITA,DNK,6593
1548660,114,64,1081,2012.0,0.0,30864.0,2.325746,-0.8705649999999999,JPN,DNK,6593
1548661,134,64,1081,2012.0,7003.0,2182.0,-0.330598,0.037439,MAR,DNK,6593
1548662,138,64,1081,2012.0,1011.0,0.0,1.166986,0.662798,MEX,DNK,6593
1548663,142,64,1081,2012.0,0.0,1684.0,0.775001,0.048663,MLT,DNK,6593
1548664,162,64,1081,2012.0,5003.0,10684.0,0.961975,1.517883,NLD,DNK,6593
1548665,163,64,1081,2012.0,4409.0,935458.0,0.5462670000000001,-0.042712,NOR,DNK,6593
1548666,164,64,1081,2012.0,2410.0,0.0,0.023836000000000003,0.702753,NPL,DNK,6593
1548667,166,64,1081,2012.0,0.0,3748.0,0.21502399999999997,0.746456,NZL,DNK,6593
1548668,167,64,1081,2012.0,0.0,1526.0,-0.782802,-1.065774,OMN,DNK,6593
1548669,168,64,1081,2012.0,13293.0,0.0,-0.600346,0.474208,PAK,DNK,6593
1548670,173,64,1081,2012.0,3946.0,0.0,-0.47011499999999995,0.340251,PER,DNK,6593
1548671,177,64,1081,2012.0,0.0,21144.0,1.039598,1.145227,POL,DNK,6593
1548672,179,64,1081,2012.0,11854.0,0.0,0.697799,2.122262,PRT,DNK,6593
1548673,185,64,1081,2012.0,0.0,4730.0,0.952936,1.227809,ROU,DNK,6593
1548674,188,64,1081,2012.0,0.0,3891.0,-0.621115,-0.975865,SAU,DNK,6593
1548675,192,64,1081,2012.0,0.0,1965.0,1.762134,0.583393,SGP,DNK,6593
1548676,208,64,1081,2012.0,43783.0,1121651.0,1.721268,0.15675,SWE,DNK,6593
1548677,216,64,1081,2012.0,0.0,2251.0,1.015684,1.20697,THA,DNK,6593
1548678,224,64,1081,2012.0,547837.0,29302.0,0.657573,1.969027,TUR,DNK,6593
1548679,231,64,1081,2012.0,0.0,49516.0,1.51134,-0.637794,USA,DNK,6593
1548680,246,64,1081,2012.0,0.0,10054.0,0.06510099999999999,1.748521,ZAF,DNK,6593
1548681,43,65,1081,2012.0,1206.0,0.0,1.2170590000000001,0.584412,CHN,DOM,6593
1548682,104,65,1081,2012.0,2042.0,0.0,0.24883200000000003,2.463711,IND,DOM,6593
1548683,231,65,1081,2012.0,30584.0,0.0,1.51134,-0.637794,USA,DOM,6593
1548684,14,67,1081,2012.0,0.0,1200.0,-0.537197,-0.22305300000000003,AUS,ECU,6593
1548685,71,67,1081,2012.0,2820.0,0.0,0.925701,1.8700189999999999,ESP,ECU,6593
1548686,104,67,1081,2012.0,1056.0,0.0,0.24883200000000003,2.463711,IND,ECU,6593
1548687,231,67,1081,2012.0,3049.0,0.0,1.51134,-0.637794,USA,ECU,6593
1548688,15,71,1081,2012.0,0.0,12525.0,1.710955,-0.8860399999999999,AUT,ESP,6593
1548689,18,71,1081,2012.0,15482.0,8142.0,1.06425,1.369205,BEL,ESP,6593
1548690,32,71,1081,2012.0,3209.0,1727.0,0.340455,0.9006790000000001,BRA,ESP,6593
1548691,39,71,1081,2012.0,0.0,3572.0,0.630575,1.28653,CAN,ESP,6593
1548692,41,71,1081,2012.0,6291.0,3926.0,2.0265150000000003,0.6496689999999999,CHE,ESP,6593
1548693,42,71,1081,2012.0,0.0,1333.0,-0.180309,-0.33571799999999996,CHL,ESP,6593
1548694,43,71,1081,2012.0,148351.0,0.0,1.2170590000000001,0.584412,CHN,ESP,6593
1548695,49,71,1081,2012.0,9349.0,0.0,0.034488,-0.340545,COL,ESP,6593
1548696,58,71,1081,2012.0,0.0,5179.0,0.621962,0.188051,CYP,ESP,6593
1548697,61,71,1081,2012.0,523306.0,81505.0,1.977443,-3.692254,DEU,ESP,6593
1548698,64,71,1081,2012.0,40548.0,5991.0,1.159478,1.053761,DNK,ESP,6593
1548699,67,71,1081,2012.0,0.0,2820.0,-0.66209,-0.796325,ECU,ESP,6593
1548700,77,71,1081,2012.0,75946.0,74031.0,1.414721,0.07219600000000001,FRA,ESP,6593
1548701,81,71,1081,2012.0,15770.0,35361.0,1.544653,0.776512,GBR,ESP,6593
1548702,90,71,1081,2012.0,0.0,3151.0,0.161352,1.273024,GRC,ESP,6593
1548703,102,71,1081,2012.0,0.0,1431.0,1.61049,0.44614799999999993,HUN,ESP,6593
1548704,104,71,1081,2012.0,516004.0,0.0,0.24883200000000003,2.463711,IND,ESP,6593
1548705,106,71,1081,2012.0,0.0,1604.0,1.1761549999999998,0.279569,IRL,ESP,6593
1548706,107,71,1081,2012.0,202010.0,0.0,-1.06794,-0.993099,IRN,ESP,6593
1548707,110,71,1081,2012.0,0.0,3686.0,1.125254,0.736004,ISR,ESP,6593
1548708,111,71,1081,2012.0,29158.0,54174.0,1.396626,-0.43950500000000003,ITA,ESP,6593
1548709,114,71,1081,2012.0,0.0,191784.0,2.325746,-0.8705649999999999,JPN,ESP,6593
1548710,131,71,1081,2012.0,0.0,2361.0,1.0163739999999999,1.178021,LUX,ESP,6593
1548711,134,71,1081,2012.0,15035.0,3059.0,-0.330598,0.037439,MAR,ESP,6593
1548712,138,71,1081,2012.0,0.0,1467.0,1.166986,0.662798,MEX,ESP,6593
1548713,162,71,1081,2012.0,83844.0,8788.0,0.961975,1.517883,NLD,ESP,6593
1548714,163,71,1081,2012.0,0.0,6685.0,0.5462670000000001,-0.042712,NOR,ESP,6593
1548715,168,71,1081,2012.0,247904.0,0.0,-0.600346,0.474208,PAK,ESP,6593
1548716,169,71,1081,2012.0,0.0,16872.0,1.001878,1.18554,PAN,ESP,6593
1548717,179,71,1081,2012.0,0.0,10165.0,0.697799,2.122262,PRT,ESP,6593
1548718,186,71,1081,2012.0,0.0,3384.0,-0.123649,-0.218926,RUS,ESP,6593
1548719,206,71,1081,2012.0,0.0,1264.0,1.3586200000000002,0.805751,SVK,ESP,6593
1548720,208,71,1081,2012.0,5406.0,20985.0,1.721268,0.15675,SWE,ESP,6593
1548721,224,71,1081,2012.0,183518.0,0.0,0.657573,1.969027,TUR,ESP,6593
1548722,231,71,1081,2012.0,29075.0,159126.0,1.51134,-0.637794,USA,ESP,6593
1548723,246,71,1081,2012.0,0.0,2002.0,0.06510099999999999,1.748521,ZAF,ESP,6593
1548724,250,71,1081,2012.0,2903.0,0.0,0.34242399999999995,-0.007095999999999999,ANS,ESP,6593
1548725,41,74,1081,2012.0,3191.0,0.0,2.0265150000000003,0.6496689999999999,CHE,FIN,6593
1548726,61,74,1081,2012.0,175343.0,8005.0,1.977443,-3.692254,DEU,FIN,6593
1548727,64,74,1081,2012.0,73786.0,10309.0,1.159478,1.053761,DNK,FIN,6593
1548728,81,74,1081,2012.0,7159.0,0.0,1.544653,0.776512,GBR,FIN,6593
1548729,104,74,1081,2012.0,180585.0,0.0,0.24883200000000003,2.463711,IND,FIN,6593
1548730,107,74,1081,2012.0,114938.0,0.0,-1.06794,-0.993099,IRN,FIN,6593
1548731,111,74,1081,2012.0,7359.0,0.0,1.396626,-0.43950500000000003,ITA,FIN,6593
1548732,162,74,1081,2012.0,24920.0,0.0,0.961975,1.517883,NLD,FIN,6593
1548733,163,74,1081,2012.0,1622.0,0.0,0.5462670000000001,-0.042712,NOR,FIN,6593
1548734,208,74,1081,2012.0,1401.0,13120.0,1.721268,0.15675,SWE,FIN,6593
1548735,224,74,1081,2012.0,26121.0,0.0,0.657573,1.969027,TUR,FIN,6593
1548736,231,74,1081,2012.0,6552.0,2610.0,1.51134,-0.637794,USA,FIN,6593
1548737,4,77,1081,2012.0,3647.0,0.0,-0.331512,-0.049776,ALB,FRA,6593
1548738,5,77,1081,2012.0,0.0,4908.0,0.968361,0.673964,AND,FRA,6593
1548739,8,77,1081,2012.0,9239.0,0.0,-0.019015,0.548292,ARG,FRA,6593
1548740,14,77,1081,2012.0,0.0,1051.0,-0.537197,-0.22305300000000003,AUS,FRA,6593
1548741,15,77,1081,2012.0,0.0,2935.0,1.710955,-0.8860399999999999,AUT,FRA,6593
1548742,16,77,1081,2012.0,7054.0,0.0,-1.44287,-1.261817,AZE,FRA,6593
1548743,18,77,1081,2012.0,90378.0,42006.0,1.06425,1.369205,BEL,FRA,6593
1548744,41,77,1081,2012.0,25032.0,246273.0,2.0265150000000003,0.6496689999999999,CHE,FRA,6593
1548745,43,77,1081,2012.0,35589.0,0.0,1.2170590000000001,0.584412,CHN,FRA,6593
1548746,50,77,1081,2012.0,0.0,1434.0,0.06202100000000001,-0.7399100000000001,COM,FRA,6593
1548747,61,77,1081,2012.0,954400.0,101557.0,1.977443,-3.692254,DEU,FRA,6593
1548748,64,77,1081,2012.0,14373.0,0.0,1.159478,1.053761,DNK,FRA,6593
1548749,68,77,1081,2012.0,0.0,4188.0,-0.145791,1.470876,EGY,FRA,6593
1548750,71,77,1081,2012.0,74031.0,75946.0,0.925701,1.8700189999999999,ESP,FRA,6593
1548751,81,77,1081,2012.0,97640.0,26388.0,1.544653,0.776512,GBR,FRA,6593
1548752,90,77,1081,2012.0,0.0,7399.0,0.161352,1.273024,GRC,FRA,6593
1548753,97,77,1081,2012.0,0.0,1745.0,0.788308,1.029625,HKG,FRA,6593
1548754,104,77,1081,2012.0,388635.0,0.0,0.24883200000000003,2.463711,IND,FRA,6593
1548755,107,77,1081,2012.0,473233.0,6545.0,-1.06794,-0.993099,IRN,FRA,6593
1548756,111,77,1081,2012.0,177265.0,4435.0,1.396626,-0.43950500000000003,ITA,FRA,6593
1548757,117,77,1081,2012.0,1076.0,0.0,0.044116,0.678193,KGZ,FRA,6593
1548758,131,77,1081,2012.0,0.0,16429.0,1.0163739999999999,1.178021,LUX,FRA,6593
1548759,134,77,1081,2012.0,130214.0,31830.0,-0.330598,0.037439,MAR,FRA,6593
1548760,137,77,1081,2012.0,0.0,2599.0,-0.12348699999999999,-0.7748430000000001,MDV,FRA,6593
1548761,156,77,1081,2012.0,1255.0,9399.0,-0.650737,-0.897949,NCL,FRA,6593
1548762,162,77,1081,2012.0,73266.0,1555.0,0.961975,1.517883,NLD,FRA,6593
1548763,163,77,1081,2012.0,0.0,10842.0,0.5462670000000001,-0.042712,NOR,FRA,6593
1548764,164,77,1081,2012.0,3284.0,0.0,0.023836000000000003,0.702753,NPL,FRA,6593
1548765,168,77,1081,2012.0,204817.0,0.0,-0.600346,0.474208,PAK,FRA,6593
1548766,169,77,1081,2012.0,1115.0,2423.0,1.001878,1.18554,PAN,FRA,6593
1548767,174,77,1081,2012.0,0.0,3823.0,0.44656,0.55585,PHL,FRA,6593
1548768,179,77,1081,2012.0,5518.0,7279.0,0.697799,2.122262,PRT,FRA,6593
1548769,183,77,1081,2012.0,0.0,75023.0,-0.6436029999999999,-0.990323,QAT,FRA,6593
1548770,186,77,1081,2012.0,0.0,3265.0,-0.123649,-0.218926,RUS,FRA,6593
1548771,191,77,1081,2012.0,0.0,1039.0,-0.379797,0.020130000000000002,SEN,FRA,6593
1548772,206,77,1081,2012.0,0.0,2589.0,1.3586200000000002,0.805751,SVK,FRA,6593
1548773,211,77,1081,2012.0,0.0,3917.0,-0.408819,-0.753598,SYC,FRA,6593
1548774,223,77,1081,2012.0,93036.0,0.0,0.509432,0.8157810000000001,TUN,FRA,6593
1548775,224,77,1081,2012.0,1378671.0,4702.0,0.657573,1.969027,TUR,FRA,6593
1548776,231,77,1081,2012.0,202796.0,137690.0,1.51134,-0.637794,USA,FRA,6593
1548777,239,77,1081,2012.0,1100.0,0.0,0.0755,1.008183,VNM,FRA,6593
1548778,249,77,1081,2012.0,0.0,2078.0,1.671686,0.9854729999999999,TWN,FRA,6593
1548779,1,81,1081,2012.0,2449.0,0.0,-0.666296,-0.7860689999999999,AFG,GBR,6593
1548780,7,81,1081,2012.0,0.0,22780.0,0.256232,-0.46518400000000004,ARE,GBR,6593
1548781,14,81,1081,2012.0,0.0,2048.0,-0.537197,-0.22305300000000003,AUS,GBR,6593
1548782,15,81,1081,2012.0,7084.0,1349.0,1.710955,-0.8860399999999999,AUT,GBR,6593
1548783,18,81,1081,2012.0,3408.0,43395.0,1.06425,1.369205,BEL,GBR,6593
1548784,23,81,1081,2012.0,20429.0,0.0,0.601161,1.594487,BGR,GBR,6593
1548785,24,81,1081,2012.0,0.0,11507.0,-0.01785,-0.780651,BHR,GBR,6593
1548786,30,81,1081,2012.0,0.0,9487.0,0.608009,-0.524496,BMU,GBR,6593
1548787,32,81,1081,2012.0,0.0,196765.0,0.340455,0.9006790000000001,BRA,GBR,6593
1548788,33,81,1081,2012.0,0.0,2132.0,0.653472,0.43920600000000004,BRB,GBR,6593
1548789,39,81,1081,2012.0,0.0,4333.0,0.630575,1.28653,CAN,GBR,6593
1548790,41,81,1081,2012.0,8161.0,16021.0,2.0265150000000003,0.6496689999999999,CHE,GBR,6593
1548791,42,81,1081,2012.0,0.0,3493.0,-0.180309,-0.33571799999999996,CHL,GBR,6593
1548792,43,81,1081,2012.0,585227.0,8575.0,1.2170590000000001,0.584412,CHN,GBR,6593
1548793,55,81,1081,2012.0,0.0,79430.0,0.003982,-0.685596,CUW,GBR,6593
1548794,58,81,1081,2012.0,0.0,1161.0,0.621962,0.188051,CYP,GBR,6593
1548795,61,81,1081,2012.0,519396.0,59487.0,1.977443,-3.692254,DEU,GBR,6593
1548796,64,81,1081,2012.0,175833.0,4205.0,1.159478,1.053761,DNK,GBR,6593
1548797,68,81,1081,2012.0,0.0,1461.0,-0.145791,1.470876,EGY,GBR,6593
1548798,71,81,1081,2012.0,35361.0,15770.0,0.925701,1.8700189999999999,ESP,GBR,6593
1548799,72,81,1081,2012.0,0.0,1193.0,0.8603,1.3146870000000002,EST,GBR,6593
1548800,74,81,1081,2012.0,0.0,7159.0,1.5813700000000002,0.872251,FIN,GBR,6593
1548801,77,81,1081,2012.0,26388.0,97640.0,1.414721,0.07219600000000001,FRA,GBR,6593
1548802,90,81,1081,2012.0,2429.0,2070.0,0.161352,1.273024,GRC,GBR,6593
1548803,97,81,1081,2012.0,0.0,3149.0,0.788308,1.029625,HKG,GBR,6593
1548804,102,81,1081,2012.0,0.0,1541.0,1.61049,0.44614799999999993,HUN,GBR,6593
1548805,103,81,1081,2012.0,26464.0,0.0,0.045694,1.635448,IDN,GBR,6593
1548806,104,81,1081,2012.0,1510571.0,0.0,0.24883200000000003,2.463711,IND,GBR,6593
1548807,106,81,1081,2012.0,149266.0,895639.0,1.1761549999999998,0.279569,IRL,GBR,6593
1548808,107,81,1081,2012.0,184099.0,0.0,-1.06794,-0.993099,IRN,GBR,6593
1548809,110,81,1081,2012.0,0.0,1504.0,1.125254,0.736004,ISR,GBR,6593
1548810,111,81,1081,2012.0,60616.0,24901.0,1.396626,-0.43950500000000003,ITA,GBR,6593
1548811,112,81,1081,2012.0,0.0,2605.0,-0.307289,-0.738736,JAM,GBR,6593
1548812,114,81,1081,2012.0,0.0,13637.0,2.325746,-0.8705649999999999,JPN,GBR,6593
1548813,124,81,1081,2012.0,1314.0,0.0,0.36778099999999997,1.3771010000000001,LBN,GBR,6593
1548814,134,81,1081,2012.0,76308.0,0.0,-0.330598,0.037439,MAR,GBR,6593
1548815,135,81,1081,2012.0,1495.0,0.0,0.166439,0.555431,MDA,GBR,6593
1548816,142,81,1081,2012.0,0.0,5436.0,0.775001,0.048663,MLT,GBR,6593
1548817,159,81,1081,2012.0,0.0,20059.0,-1.616498,-1.174816,NGA,GBR,6593
1548818,162,81,1081,2012.0,14280.0,6884.0,0.961975,1.517883,NLD,GBR,6593
1548819,163,81,1081,2012.0,6339.0,3770.0,0.5462670000000001,-0.042712,NOR,GBR,6593
1548820,164,81,1081,2012.0,9259.0,0.0,0.023836000000000003,0.702753,NPL,GBR,6593
1548821,166,81,1081,2012.0,0.0,8422.0,0.21502399999999997,0.746456,NZL,GBR,6593
1548822,168,81,1081,2012.0,1149058.0,11815.0,-0.600346,0.474208,PAK,GBR,6593
1548823,177,81,1081,2012.0,0.0,54811.0,1.039598,1.145227,POL,GBR,6593
1548824,179,81,1081,2012.0,0.0,110280.0,0.697799,2.122262,PRT,GBR,6593
1548825,185,81,1081,2012.0,0.0,1811.0,0.952936,1.227809,ROU,GBR,6593
1548826,188,81,1081,2012.0,0.0,4996.0,-0.621115,-0.975865,SAU,GBR,6593
1548827,192,81,1081,2012.0,0.0,3523.0,1.762134,0.583393,SGP,GBR,6593
1548828,208,81,1081,2012.0,0.0,65824.0,1.721268,0.15675,SWE,GBR,6593
1548829,209,81,1081,2012.0,1681.0,0.0,0.209802,-0.11224,SWZ,GBR,6593
1548830,211,81,1081,2012.0,0.0,8468.0,-0.408819,-0.753598,SYC,GBR,6593
1548831,216,81,1081,2012.0,3038.0,226168.0,1.015684,1.20697,THA,GBR,6593
1548832,224,81,1081,2012.0,225791.0,8095.0,0.657573,1.969027,TUR,GBR,6593
1548833,228,81,1081,2012.0,0.0,2601.0,0.533547,1.159378,UKR,GBR,6593
1548834,231,81,1081,2012.0,460587.0,438242.0,1.51134,-0.637794,USA,GBR,6593
1548835,234,81,1081,2012.0,0.0,44692.0,0.523877,0.065489,VCT,GBR,6593
1548836,246,81,1081,2012.0,3142.0,21376.0,0.06510099999999999,1.748521,ZAF,GBR,6593
1548837,249,81,1081,2012.0,0.0,2011.0,1.671686,0.9854729999999999,TWN,GBR,6593
1548838,15,90,1081,2012.0,0.0,7485.0,1.710955,-0.8860399999999999,AUT,GRC,6593
1548839,23,90,1081,2012.0,0.0,1401.0,0.601161,1.594487,BGR,GRC,6593
1548840,58,90,1081,2012.0,3577.0,20103.0,0.621962,0.188051,CYP,GRC,6593
1548841,61,90,1081,2012.0,20978.0,49875.0,1.977443,-3.692254,DEU,GRC,6593
1548842,68,90,1081,2012.0,0.0,1394.0,-0.145791,1.470876,EGY,GRC,6593
1548843,71,90,1081,2012.0,3151.0,0.0,0.925701,1.8700189999999999,ESP,GRC,6593
1548844,77,90,1081,2012.0,7399.0,0.0,1.414721,0.07219600000000001,FRA,GRC,6593
1548845,81,90,1081,2012.0,2070.0,2429.0,1.544653,0.776512,GBR,GRC,6593
1548846,104,90,1081,2012.0,72696.0,0.0,0.24883200000000003,2.463711,IND,GRC,6593
1548847,111,90,1081,2012.0,48704.0,0.0,1.396626,-0.43950500000000003,ITA,GRC,6593
1548848,116,90,1081,2012.0,0.0,2539.0,-0.256144,0.21991599999999997,KEN,GRC,6593
1548849,138,90,1081,2012.0,0.0,2088.0,1.166986,0.662798,MEX,GRC,6593
1548850,208,90,1081,2012.0,12930.0,0.0,1.721268,0.15675,SWE,GRC,6593
1548851,224,90,1081,2012.0,79207.0,0.0,0.657573,1.969027,TUR,GRC,6593
1548852,231,90,1081,2012.0,0.0,207283.0,1.51134,-0.637794,USA,GRC,6593
1548853,246,90,1081,2012.0,0.0,49709.0,0.06510099999999999,1.748521,ZAF,GRC,6593
1548854,61,93,1081,2012.0,4328.0,0.0,1.977443,-3.692254,DEU,GTM,6593
1548855,64,93,1081,2012.0,2652.0,0.0,1.159478,1.053761,DNK,GTM,6593
1548856,97,93,1081,2012.0,3420.0,0.0,0.788308,1.029625,HKG,GTM,6593
1548857,104,93,1081,2012.0,5734.0,0.0,0.24883200000000003,2.463711,IND,GTM,6593
1548858,169,93,1081,2012.0,9446.0,0.0,1.001878,1.18554,PAN,GTM,6593
1548859,224,93,1081,2012.0,5665.0,0.0,0.657573,1.969027,TUR,GTM,6593
1548860,231,93,1081,2012.0,10714.0,0.0,1.51134,-0.637794,USA,GTM,6593
1548861,43,96,1081,2012.0,1581.0,0.0,1.2170590000000001,0.584412,CHN,GUY,6593
1548862,68,96,1081,2012.0,2977.0,0.0,-0.145791,1.470876,EGY,GUY,6593
1548863,231,96,1081,2012.0,13453.0,0.0,1.51134,-0.637794,USA,GUY,6593
1548864,14,97,1081,2012.0,3049.0,0.0,-0.537197,-0.22305300000000003,AUS,HKG,6593
1548865,18,97,1081,2012.0,0.0,6697.0,1.06425,1.369205,BEL,HKG,6593
1548866,41,97,1081,2012.0,18109.0,0.0,2.0265150000000003,0.6496689999999999,CHE,HKG,6593
1548867,43,97,1081,2012.0,22593.0,5448.0,1.2170590000000001,0.584412,CHN,HKG,6593
1548868,77,97,1081,2012.0,1745.0,0.0,1.414721,0.07219600000000001,FRA,HKG,6593
1548869,81,97,1081,2012.0,3149.0,0.0,1.544653,0.776512,GBR,HKG,6593
1548870,93,97,1081,2012.0,0.0,3420.0,-0.15801400000000002,0.5786640000000001,GTM,HKG,6593
1548871,103,97,1081,2012.0,21018.0,0.0,0.045694,1.635448,IDN,HKG,6593
1548872,104,97,1081,2012.0,23681.0,0.0,0.24883200000000003,2.463711,IND,HKG,6593
1548873,110,97,1081,2012.0,0.0,47551.0,1.125254,0.736004,ISR,HKG,6593
1548874,111,97,1081,2012.0,30625.0,0.0,1.396626,-0.43950500000000003,ITA,HKG,6593
1548875,121,97,1081,2012.0,0.0,5384.0,1.839479,0.8272799999999999,KOR,HKG,6593
1548876,138,97,1081,2012.0,0.0,2382.0,1.166986,0.662798,MEX,HKG,6593
1548877,153,97,1081,2012.0,0.0,6277.0,0.93739,0.726329,MYS,HKG,6593
1548878,166,97,1081,2012.0,0.0,1923.0,0.21502399999999997,0.746456,NZL,HKG,6593
1548879,168,97,1081,2012.0,26962.0,0.0,-0.600346,0.474208,PAK,HKG,6593
1548880,188,97,1081,2012.0,0.0,20239.0,-0.621115,-0.975865,SAU,HKG,6593
1548881,192,97,1081,2012.0,0.0,4933.0,1.762134,0.583393,SGP,HKG,6593
1548882,216,97,1081,2012.0,11345.0,0.0,1.015684,1.20697,THA,HKG,6593
1548883,224,97,1081,2012.0,5492.0,0.0,0.657573,1.969027,TUR,HKG,6593
1548884,231,97,1081,2012.0,101611.0,8273.0,1.51134,-0.637794,USA,HKG,6593
1548885,246,97,1081,2012.0,0.0,2490.0,0.06510099999999999,1.748521,ZAF,HKG,6593
1548886,249,97,1081,2012.0,51114.0,0.0,1.671686,0.9854729999999999,TWN,HKG,6593
1548887,43,99,1081,2012.0,6172.0,0.0,1.2170590000000001,0.584412,CHN,HND,6593
1548888,104,99,1081,2012.0,4568.0,0.0,0.24883200000000003,2.463711,IND,HND,6593
1548889,169,99,1081,2012.0,2768.0,0.0,1.001878,1.18554,PAN,HND,6593
1548890,231,99,1081,2012.0,21176.0,0.0,1.51134,-0.637794,USA,HND,6593
1548891,7,103,1081,2012.0,0.0,53282.0,0.256232,-0.46518400000000004,ARE,IDN,6593
1548892,14,103,1081,2012.0,0.0,1925.0,-0.537197,-0.22305300000000003,AUS,IDN,6593
1548893,39,103,1081,2012.0,0.0,7765.0,0.630575,1.28653,CAN,IDN,6593
1548894,43,103,1081,2012.0,92230.0,0.0,1.2170590000000001,0.584412,CHN,IDN,6593
1548895,81,103,1081,2012.0,0.0,26464.0,1.544653,0.776512,GBR,IDN,6593
1548896,97,103,1081,2012.0,0.0,21018.0,0.788308,1.029625,HKG,IDN,6593
1548897,104,103,1081,2012.0,61601.0,0.0,0.24883200000000003,2.463711,IND,IDN,6593
1548898,134,103,1081,2012.0,8552.0,0.0,-0.330598,0.037439,MAR,IDN,6593
1548899,144,103,1081,2012.0,0.0,1798.0,0.028479,-0.045841,MNE,IDN,6593
1548900,148,103,1081,2012.0,0.0,38410.0,-1.501575,-1.294704,MRT,IDN,6593
1548901,162,103,1081,2012.0,0.0,9661.0,0.961975,1.517883,NLD,IDN,6593
1548902,192,103,1081,2012.0,191287.0,2362.0,1.762134,0.583393,SGP,IDN,6593
1548903,216,103,1081,2012.0,1884.0,0.0,1.015684,1.20697,THA,IDN,6593
1548904,231,103,1081,2012.0,4194.0,259737.0,1.51134,-0.637794,USA,IDN,6593
1548905,246,103,1081,2012.0,0.0,6385.0,0.06510099999999999,1.748521,ZAF,IDN,6593
1548906,2,104,1081,2012.0,0.0,22308.0,-1.610059,-1.1253739999999999,AGO,IND,6593
1548907,7,104,1081,2012.0,0.0,59560.0,0.256232,-0.46518400000000004,ARE,IND,6593
1548908,8,104,1081,2012.0,0.0,163055.0,-0.019015,0.548292,ARG,IND,6593
1548909,14,104,1081,2012.0,0.0,590791.0,-0.537197,-0.22305300000000003,AUS,IND,6593
1548910,15,104,1081,2012.0,0.0,57412.0,1.710955,-0.8860399999999999,AUT,IND,6593
1548911,18,104,1081,2012.0,0.0,416945.0,1.06425,1.369205,BEL,IND,6593
1548912,24,104,1081,2012.0,0.0,13744.0,-0.01785,-0.780651,BHR,IND,6593
1548913,32,104,1081,2012.0,0.0,1028714.0,0.340455,0.9006790000000001,BRA,IND,6593
1548914,39,104,1081,2012.0,0.0,327705.0,0.630575,1.28653,CAN,IND,6593
1548915,41,104,1081,2012.0,0.0,64467.0,2.0265150000000003,0.6496689999999999,CHE,IND,6593
1548916,42,104,1081,2012.0,0.0,492331.0,-0.180309,-0.33571799999999996,CHL,IND,6593
1548917,43,104,1081,2012.0,5803.0,926435.0,1.2170590000000001,0.584412,CHN,IND,6593
1548918,49,104,1081,2012.0,0.0,30312.0,0.034488,-0.340545,COL,IND,6593
1548919,52,104,1081,2012.0,0.0,4954.0,0.24381799999999998,-0.560793,CRI,IND,6593
1548920,59,104,1081,2012.0,0.0,3606.0,1.7368299999999999,-0.651329,CZE,IND,6593
1548921,61,104,1081,2012.0,0.0,5077249.0,1.977443,-3.692254,DEU,IND,6593
1548922,64,104,1081,2012.0,17356.0,530187.0,1.159478,1.053761,DNK,IND,6593
1548923,65,104,1081,2012.0,0.0,2042.0,-0.08708300000000001,0.389521,DOM,IND,6593
1548924,67,104,1081,2012.0,0.0,1056.0,-0.66209,-0.796325,ECU,IND,6593
1548925,71,104,1081,2012.0,0.0,516004.0,0.925701,1.8700189999999999,ESP,IND,6593
1548926,74,104,1081,2012.0,0.0,180585.0,1.5813700000000002,0.872251,FIN,IND,6593
1548927,77,104,1081,2012.0,0.0,388635.0,1.414721,0.07219600000000001,FRA,IND,6593
1548928,81,104,1081,2012.0,0.0,1510571.0,1.544653,0.776512,GBR,IND,6593
1548929,90,104,1081,2012.0,0.0,72696.0,0.161352,1.273024,GRC,IND,6593
1548930,92,104,1081,2012.0,0.0,1995.0,-0.790721,-0.882532,GRL,IND,6593
1548931,93,104,1081,2012.0,0.0,5734.0,-0.15801400000000002,0.5786640000000001,GTM,IND,6593
1548932,97,104,1081,2012.0,0.0,23681.0,0.788308,1.029625,HKG,IND,6593
1548933,99,104,1081,2012.0,0.0,4568.0,-0.362811,-0.012651,HND,IND,6593
1548934,100,104,1081,2012.0,0.0,18045.0,0.881764,1.149456,HRV,IND,6593
1548935,102,104,1081,2012.0,0.0,22117.0,1.61049,0.44614799999999993,HUN,IND,6593
1548936,103,104,1081,2012.0,0.0,61601.0,0.045694,1.635448,IDN,IND,6593
1548937,106,104,1081,2012.0,0.0,6908.0,1.1761549999999998,0.279569,IRL,IND,6593
1548938,109,104,1081,2012.0,0.0,30691.0,0.20266800000000001,-0.203262,ISL,IND,6593
1548939,110,104,1081,2012.0,0.0,37749.0,1.125254,0.736004,ISR,IND,6593
1548940,111,104,1081,2012.0,0.0,832829.0,1.396626,-0.43950500000000003,ITA,IND,6593
1548941,112,104,1081,2012.0,0.0,1669.0,-0.307289,-0.738736,JAM,IND,6593
1548942,114,104,1081,2012.0,0.0,388766.0,2.325746,-0.8705649999999999,JPN,IND,6593
1548943,116,104,1081,2012.0,0.0,44763.0,-0.256144,0.21991599999999997,KEN,IND,6593
1548944,121,104,1081,2012.0,0.0,20670.0,1.839479,0.8272799999999999,KOR,IND,6593
1548945,122,104,1081,2012.0,0.0,4865.0,-1.130729,-1.083905,KWT,IND,6593
1548946,124,104,1081,2012.0,0.0,100277.0,0.36778099999999997,1.3771010000000001,LBN,IND,6593
1548947,128,104,1081,2012.0,0.0,8477.0,-0.24579299999999998,0.518273,LKA,IND,6593
1548948,132,104,1081,2012.0,0.0,236309.0,0.704565,1.000552,LVA,IND,6593
1548949,134,104,1081,2012.0,19295.0,1234.0,-0.330598,0.037439,MAR,IND,6593
1548950,138,104,1081,2012.0,0.0,111674.0,1.166986,0.662798,MEX,IND,6593
1548951,144,104,1081,2012.0,0.0,9400.0,0.028479,-0.045841,MNE,IND,6593
1548952,151,104,1081,2012.0,0.0,55109.0,-0.101344,0.22300100000000003,MUS,IND,6593
1548953,153,104,1081,2012.0,0.0,22600.0,0.93739,0.726329,MYS,IND,6593
1548954,155,104,1081,2012.0,0.0,23284.0,-0.404252,-0.330913,NAM,IND,6593
1548955,162,104,1081,2012.0,0.0,641266.0,0.961975,1.517883,NLD,IND,6593
1548956,163,104,1081,2012.0,0.0,511572.0,0.5462670000000001,-0.042712,NOR,IND,6593
1548957,166,104,1081,2012.0,0.0,16667.0,0.21502399999999997,0.746456,NZL,IND,6593
1548958,168,104,1081,2012.0,36394.0,0.0,-0.600346,0.474208,PAK,IND,6593
1548959,173,104,1081,2012.0,0.0,67321.0,-0.47011499999999995,0.340251,PER,IND,6593
1548960,177,104,1081,2012.0,0.0,30721.0,1.039598,1.145227,POL,IND,6593
1548961,179,104,1081,2012.0,0.0,107658.0,0.697799,2.122262,PRT,IND,6593
1548962,181,104,1081,2012.0,0.0,22589.0,0.14912899999999998,0.8572770000000001,PSE,IND,6593
1548963,185,104,1081,2012.0,0.0,60409.0,0.952936,1.227809,ROU,IND,6593
1548964,186,104,1081,2012.0,0.0,321790.0,-0.123649,-0.218926,RUS,IND,6593
1548965,188,104,1081,2012.0,0.0,1997380.0,-0.621115,-0.975865,SAU,IND,6593
1548966,192,104,1081,2012.0,0.0,430253.0,1.762134,0.583393,SGP,IND,6593
1548967,201,104,1081,2012.0,0.0,9828.0,0.696674,1.544065,SRB,IND,6593
1548968,206,104,1081,2012.0,0.0,34405.0,1.3586200000000002,0.805751,SVK,IND,6593
1548969,207,104,1081,2012.0,0.0,3494.0,1.4933049999999999,0.58207,SVN,IND,6593
1548970,208,104,1081,2012.0,0.0,1378569.0,1.721268,0.15675,SWE,IND,6593
1548971,211,104,1081,2012.0,0.0,3843.0,-0.408819,-0.753598,SYC,IND,6593
1548972,216,104,1081,2012.0,0.0,12037.0,1.015684,1.20697,THA,IND,6593
1548973,222,104,1081,2012.0,0.0,6825.0,-0.257402,-0.9802709999999999,TTO,IND,6593
1548974,224,104,1081,2012.0,2856.0,740289.0,0.657573,1.969027,TUR,IND,6593
1548975,226,104,1081,2012.0,0.0,1648.0,-0.490001,1.149681,TZA,IND,6593
1548976,227,104,1081,2012.0,0.0,3208.0,-0.492733,0.4513,UGA,IND,6593
1548977,228,104,1081,2012.0,0.0,4116.0,0.533547,1.159378,UKR,IND,6593
1548978,231,104,1081,2012.0,94069.0,20370576.0,1.51134,-0.637794,USA,IND,6593
1548979,246,104,1081,2012.0,0.0,421892.0,0.06510099999999999,1.748521,ZAF,IND,6593
1548980,249,104,1081,2012.0,0.0,9851.0,1.671686,0.9854729999999999,TWN,IND,6593
1548981,14,110,1081,2012.0,2029.0,0.0,-0.537197,-0.22305300000000003,AUS,ISR,6593
1548982,18,110,1081,2012.0,0.0,1897.0,1.06425,1.369205,BEL,ISR,6593
1548983,41,110,1081,2012.0,3469.0,0.0,2.0265150000000003,0.6496689999999999,CHE,ISR,6593
1548984,43,110,1081,2012.0,19234.0,0.0,1.2170590000000001,0.584412,CHN,ISR,6593
1548985,58,110,1081,2012.0,13854.0,0.0,0.621962,0.188051,CYP,ISR,6593
1548986,61,110,1081,2012.0,279432.0,0.0,1.977443,-3.692254,DEU,ISR,6593
1548987,64,110,1081,2012.0,1612.0,0.0,1.159478,1.053761,DNK,ISR,6593
1548988,68,110,1081,2012.0,5656.0,0.0,-0.145791,1.470876,EGY,ISR,6593
1548989,71,110,1081,2012.0,3686.0,0.0,0.925701,1.8700189999999999,ESP,ISR,6593
1548990,81,110,1081,2012.0,1504.0,0.0,1.544653,0.776512,GBR,ISR,6593
1548991,97,110,1081,2012.0,47551.0,0.0,0.788308,1.029625,HKG,ISR,6593
1548992,104,110,1081,2012.0,37749.0,0.0,0.24883200000000003,2.463711,IND,ISR,6593
1548993,111,110,1081,2012.0,1528.0,4591.0,1.396626,-0.43950500000000003,ITA,ISR,6593
1548994,134,110,1081,2012.0,5257.0,0.0,-0.330598,0.037439,MAR,ISR,6593
1548995,162,110,1081,2012.0,3068.0,0.0,0.961975,1.517883,NLD,ISR,6593
1548996,216,110,1081,2012.0,2059.0,0.0,1.015684,1.20697,THA,ISR,6593
1548997,224,110,1081,2012.0,251020.0,0.0,0.657573,1.969027,TUR,ISR,6593
1548998,231,110,1081,2012.0,59634.0,7153.0,1.51134,-0.637794,USA,ISR,6593
1548999,246,110,1081,2012.0,0.0,26395.0,0.06510099999999999,1.748521,ZAF,ISR,6593
1549000,4,111,1081,2012.0,0.0,2183.0,-0.331512,-0.049776,ALB,ITA,6593
1549001,7,111,1081,2012.0,0.0,7396.0,0.256232,-0.46518400000000004,ARE,ITA,6593
1549002,14,111,1081,2012.0,0.0,8075.0,-0.537197,-0.22305300000000003,AUS,ITA,6593
1549003,15,111,1081,2012.0,90372.0,25047.0,1.710955,-0.8860399999999999,AUT,ITA,6593
1549004,18,111,1081,2012.0,0.0,25618.0,1.06425,1.369205,BEL,ITA,6593
1549005,23,111,1081,2012.0,0.0,3533.0,0.601161,1.594487,BGR,ITA,6593
1549006,24,111,1081,2012.0,0.0,1505.0,-0.01785,-0.780651,BHR,ITA,6593
1549007,32,111,1081,2012.0,0.0,6088.0,0.340455,0.9006790000000001,BRA,ITA,6593
1549008,39,111,1081,2012.0,0.0,11443.0,0.630575,1.28653,CAN,ITA,6593
1549009,41,111,1081,2012.0,61944.0,235759.0,2.0265150000000003,0.6496689999999999,CHE,ITA,6593
1549010,43,111,1081,2012.0,314790.0,129875.0,1.2170590000000001,0.584412,CHN,ITA,6593
1549011,58,111,1081,2012.0,0.0,9777.0,0.621962,0.188051,CYP,ITA,6593
1549012,61,111,1081,2012.0,964533.0,246055.0,1.977443,-3.692254,DEU,ITA,6593
1549013,64,111,1081,2012.0,35597.0,5486.0,1.159478,1.053761,DNK,ITA,6593
1549014,71,111,1081,2012.0,54174.0,29158.0,0.925701,1.8700189999999999,ESP,ITA,6593
1549015,74,111,1081,2012.0,0.0,7359.0,1.5813700000000002,0.872251,FIN,ITA,6593
1549016,77,111,1081,2012.0,4435.0,177265.0,1.414721,0.07219600000000001,FRA,ITA,6593
1549017,81,111,1081,2012.0,24901.0,60616.0,1.544653,0.776512,GBR,ITA,6593
1549018,90,111,1081,2012.0,0.0,48704.0,0.161352,1.273024,GRC,ITA,6593
1549019,97,111,1081,2012.0,0.0,30625.0,0.788308,1.029625,HKG,ITA,6593
1549020,100,111,1081,2012.0,0.0,2991.0,0.881764,1.149456,HRV,ITA,6593
1549021,102,111,1081,2012.0,0.0,9815.0,1.61049,0.44614799999999993,HUN,ITA,6593
1549022,104,111,1081,2012.0,832829.0,0.0,0.24883200000000003,2.463711,IND,ITA,6593
1549023,107,111,1081,2012.0,149184.0,201622.0,-1.06794,-0.993099,IRN,ITA,6593
1549024,110,111,1081,2012.0,4591.0,1528.0,1.125254,0.736004,ISR,ITA,6593
1549025,114,111,1081,2012.0,0.0,12754.0,2.325746,-0.8705649999999999,JPN,ITA,6593
1549026,121,111,1081,2012.0,0.0,3225.0,1.839479,0.8272799999999999,KOR,ITA,6593
1549027,122,111,1081,2012.0,0.0,3225.0,-1.130729,-1.083905,KWT,ITA,6593
1549028,134,111,1081,2012.0,33908.0,0.0,-0.330598,0.037439,MAR,ITA,6593
1549029,138,111,1081,2012.0,0.0,57322.0,1.166986,0.662798,MEX,ITA,6593
1549030,142,111,1081,2012.0,0.0,28362.0,0.775001,0.048663,MLT,ITA,6593
1549031,151,111,1081,2012.0,0.0,1701.0,-0.101344,0.22300100000000003,MUS,ITA,6593
1549032,162,111,1081,2012.0,63606.0,35583.0,0.961975,1.517883,NLD,ITA,6593
1549033,163,111,1081,2012.0,0.0,20679.0,0.5462670000000001,-0.042712,NOR,ITA,6593
1549034,164,111,1081,2012.0,4664.0,0.0,0.023836000000000003,0.702753,NPL,ITA,6593
1549035,168,111,1081,2012.0,35839.0,0.0,-0.600346,0.474208,PAK,ITA,6593
1549036,169,111,1081,2012.0,0.0,2015.0,1.001878,1.18554,PAN,ITA,6593
1549037,177,111,1081,2012.0,0.0,9717.0,1.039598,1.145227,POL,ITA,6593
1549038,179,111,1081,2012.0,94403.0,15695.0,0.697799,2.122262,PRT,ITA,6593
1549039,183,111,1081,2012.0,0.0,5560.0,-0.6436029999999999,-0.990323,QAT,ITA,6593
1549040,185,111,1081,2012.0,0.0,15404.0,0.952936,1.227809,ROU,ITA,6593
1549041,186,111,1081,2012.0,0.0,4721.0,-0.123649,-0.218926,RUS,ITA,6593
1549042,188,111,1081,2012.0,0.0,517621.0,-0.621115,-0.975865,SAU,ITA,6593
1549043,192,111,1081,2012.0,0.0,7895.0,1.762134,0.583393,SGP,ITA,6593
1549044,201,111,1081,2012.0,0.0,5892.0,0.696674,1.544065,SRB,ITA,6593
1549045,206,111,1081,2012.0,1162.0,0.0,1.3586200000000002,0.805751,SVK,ITA,6593
1549046,207,111,1081,2012.0,0.0,12324.0,1.4933049999999999,0.58207,SVN,ITA,6593
1549047,208,111,1081,2012.0,0.0,13483.0,1.721268,0.15675,SWE,ITA,6593
1549048,216,111,1081,2012.0,0.0,3452.0,1.015684,1.20697,THA,ITA,6593
1549049,223,111,1081,2012.0,3227.0,0.0,0.509432,0.8157810000000001,TUN,ITA,6593
1549050,224,111,1081,2012.0,206375.0,4339.0,0.657573,1.969027,TUR,ITA,6593
1549051,228,111,1081,2012.0,0.0,6912.0,0.533547,1.159378,UKR,ITA,6593
1549052,231,111,1081,2012.0,35622.0,49881.0,1.51134,-0.637794,USA,ITA,6593
1549053,232,111,1081,2012.0,0.0,1782.0,-0.426961,-0.539122,UZB,ITA,6593
1549054,236,111,1081,2012.0,0.0,2369.0,-1.6796689999999999,-1.168002,VEN,ITA,6593
1549055,246,111,1081,2012.0,1573.0,9142.0,0.06510099999999999,1.748521,ZAF,ITA,6593
1549056,81,112,1081,2012.0,2605.0,0.0,1.544653,0.776512,GBR,JAM,6593
1549057,104,112,1081,2012.0,1669.0,0.0,0.24883200000000003,2.463711,IND,JAM,6593
1549058,231,112,1081,2012.0,2960.0,0.0,1.51134,-0.637794,USA,JAM,6593
1549059,7,113,1081,2012.0,1770.0,0.0,0.256232,-0.46518400000000004,ARE,JOR,6593
1549060,68,113,1081,2012.0,21647.0,0.0,-0.145791,1.470876,EGY,JOR,6593
1549061,107,113,1081,2012.0,9651.0,0.0,-1.06794,-0.993099,IRN,JOR,6593
1549062,108,113,1081,2012.0,72525.0,0.0,-3.076964,-0.852475,IRQ,JOR,6593
1549063,124,113,1081,2012.0,16702.0,0.0,0.36778099999999997,1.3771010000000001,LBN,JOR,6593
1549064,224,113,1081,2012.0,20934.0,0.0,0.657573,1.969027,TUR,JOR,6593
1549065,231,113,1081,2012.0,0.0,1551.0,1.51134,-0.637794,USA,JOR,6593
1549066,18,114,1081,2012.0,4180.0,0.0,1.06425,1.369205,BEL,JPN,6593
1549067,43,114,1081,2012.0,346704.0,16482.0,1.2170590000000001,0.584412,CHN,JPN,6593
1549068,61,114,1081,2012.0,7497.0,0.0,1.977443,-3.692254,DEU,JPN,6593
1549069,64,114,1081,2012.0,30864.0,0.0,1.159478,1.053761,DNK,JPN,6593
1549070,71,114,1081,2012.0,191784.0,0.0,0.925701,1.8700189999999999,ESP,JPN,6593
1549071,81,114,1081,2012.0,13637.0,0.0,1.544653,0.776512,GBR,JPN,6593
1549072,104,114,1081,2012.0,388766.0,0.0,0.24883200000000003,2.463711,IND,JPN,6593
1549073,107,114,1081,2012.0,676058.0,0.0,-1.06794,-0.993099,IRN,JPN,6593
1549074,111,114,1081,2012.0,12754.0,0.0,1.396626,-0.43950500000000003,ITA,JPN,6593
1549075,134,114,1081,2012.0,32346.0,0.0,-0.330598,0.037439,MAR,JPN,6593
1549076,135,114,1081,2012.0,13288.0,0.0,0.166439,0.555431,MDA,JPN,6593
1549077,163,114,1081,2012.0,0.0,1114.0,0.5462670000000001,-0.042712,NOR,JPN,6593
1549078,164,114,1081,2012.0,1700.0,0.0,0.023836000000000003,0.702753,NPL,JPN,6593
1549079,168,114,1081,2012.0,14812.0,0.0,-0.600346,0.474208,PAK,JPN,6593
1549080,177,114,1081,2012.0,2931.0,0.0,1.039598,1.145227,POL,JPN,6593
1549081,208,114,1081,2012.0,19258.0,2878.0,1.721268,0.15675,SWE,JPN,6593
1549082,216,114,1081,2012.0,10422.0,0.0,1.015684,1.20697,THA,JPN,6593
1549083,223,114,1081,2012.0,4845.0,0.0,0.509432,0.8157810000000001,TUN,JPN,6593
1549084,224,114,1081,2012.0,395161.0,0.0,0.657573,1.969027,TUR,JPN,6593
1549085,231,114,1081,2012.0,229024.0,0.0,1.51134,-0.637794,USA,JPN,6593
1549086,41,121,1081,2012.0,5685.0,0.0,2.0265150000000003,0.6496689999999999,CHE,KOR,6593
1549087,43,121,1081,2012.0,2815.0,44683.0,1.2170590000000001,0.584412,CHN,KOR,6593
1549088,61,121,1081,2012.0,11061.0,0.0,1.977443,-3.692254,DEU,KOR,6593
1549089,97,121,1081,2012.0,5384.0,0.0,0.788308,1.029625,HKG,KOR,6593
1549090,104,121,1081,2012.0,20670.0,0.0,0.24883200000000003,2.463711,IND,KOR,6593
1549091,111,121,1081,2012.0,3225.0,0.0,1.396626,-0.43950500000000003,ITA,KOR,6593
1549092,138,121,1081,2012.0,1193.0,0.0,1.166986,0.662798,MEX,KOR,6593
1549093,166,121,1081,2012.0,0.0,1568.0,0.21502399999999997,0.746456,NZL,KOR,6593
1549094,216,121,1081,2012.0,4385.0,0.0,1.015684,1.20697,THA,KOR,6593
1549095,223,121,1081,2012.0,2087.0,0.0,0.509432,0.8157810000000001,TUN,KOR,6593
1549096,224,121,1081,2012.0,1182.0,0.0,0.657573,1.969027,TUR,KOR,6593
1549097,231,121,1081,2012.0,20989.0,3646.0,1.51134,-0.637794,USA,KOR,6593
1549098,239,121,1081,2012.0,5183.0,0.0,0.0755,1.008183,VNM,KOR,6593
1549099,1,138,1081,2012.0,3367.0,0.0,-0.666296,-0.7860689999999999,AFG,MEX,6593
1549100,14,138,1081,2012.0,0.0,1511.0,-0.537197,-0.22305300000000003,AUS,MEX,6593
1549101,18,138,1081,2012.0,5463.0,0.0,1.06425,1.369205,BEL,MEX,6593
1549102,43,138,1081,2012.0,65764.0,0.0,1.2170590000000001,0.584412,CHN,MEX,6593
1549103,64,138,1081,2012.0,0.0,1011.0,1.159478,1.053761,DNK,MEX,6593
1549104,71,138,1081,2012.0,1467.0,0.0,0.925701,1.8700189999999999,ESP,MEX,6593
1549105,90,138,1081,2012.0,2088.0,0.0,0.161352,1.273024,GRC,MEX,6593
1549106,97,138,1081,2012.0,2382.0,0.0,0.788308,1.029625,HKG,MEX,6593
1549107,104,138,1081,2012.0,111674.0,0.0,0.24883200000000003,2.463711,IND,MEX,6593
1549108,107,138,1081,2012.0,1659.0,0.0,-1.06794,-0.993099,IRN,MEX,6593
1549109,111,138,1081,2012.0,57322.0,0.0,1.396626,-0.43950500000000003,ITA,MEX,6593
1549110,121,138,1081,2012.0,0.0,1193.0,1.839479,0.8272799999999999,KOR,MEX,6593
1549111,134,138,1081,2012.0,4526.0,0.0,-0.330598,0.037439,MAR,MEX,6593
1549112,164,138,1081,2012.0,37101.0,0.0,0.023836000000000003,0.702753,NPL,MEX,6593
1549113,168,138,1081,2012.0,93590.0,0.0,-0.600346,0.474208,PAK,MEX,6593
1549114,224,138,1081,2012.0,17685.0,0.0,0.657573,1.969027,TUR,MEX,6593
1549115,231,138,1081,2012.0,36632.0,219543.0,1.51134,-0.637794,USA,MEX,6593
1549116,34,153,1081,2012.0,0.0,3758.0,-2.9686049999999997,-0.8427290000000001,BRN,MYS,6593
1549117,43,153,1081,2012.0,13840.0,0.0,1.2170590000000001,0.584412,CHN,MYS,6593
1549118,97,153,1081,2012.0,6277.0,0.0,0.788308,1.029625,HKG,MYS,6593
1549119,104,153,1081,2012.0,22600.0,0.0,0.24883200000000003,2.463711,IND,MYS,6593
1549120,176,153,1081,2012.0,0.0,4607.0,-1.0462200000000001,-1.022037,PNG,MYS,6593
1549121,212,153,1081,2012.0,21736.0,0.0,0.12079200000000001,2.258125,SYR,MYS,6593
1549122,224,153,1081,2012.0,2150.0,0.0,0.657573,1.969027,TUR,MYS,6593
1549123,231,160,1081,2012.0,0.0,2214.0,1.51134,-0.637794,USA,NIC,6593
1549124,15,162,1081,2012.0,0.0,46362.0,1.710955,-0.8860399999999999,AUT,NLD,6593
1549125,18,162,1081,2012.0,6158.0,36335.0,1.06425,1.369205,BEL,NLD,6593
1549126,23,162,1081,2012.0,0.0,1959.0,0.601161,1.594487,BGR,NLD,6593
1549127,24,162,1081,2012.0,0.0,15477.0,-0.01785,-0.780651,BHR,NLD,6593
1549128,41,162,1081,2012.0,0.0,4866.0,2.0265150000000003,0.6496689999999999,CHE,NLD,6593
1549129,43,162,1081,2012.0,1127.0,0.0,1.2170590000000001,0.584412,CHN,NLD,6593
1549130,47,162,1081,2012.0,0.0,58954.0,-1.153559,-1.069009,COG,NLD,6593
1549131,59,162,1081,2012.0,0.0,7352.0,1.7368299999999999,-0.651329,CZE,NLD,6593
1549132,61,162,1081,2012.0,642245.0,135176.0,1.977443,-3.692254,DEU,NLD,6593
1549133,64,162,1081,2012.0,10684.0,5003.0,1.159478,1.053761,DNK,NLD,6593
1549134,66,162,1081,2012.0,0.0,1291.0,-1.745941,-1.149894,DZA,NLD,6593
1549135,68,162,1081,2012.0,0.0,1309.0,-0.145791,1.470876,EGY,NLD,6593
1549136,71,162,1081,2012.0,8788.0,83844.0,0.925701,1.8700189999999999,ESP,NLD,6593
1549137,72,162,1081,2012.0,0.0,2012.0,0.8603,1.3146870000000002,EST,NLD,6593
1549138,74,162,1081,2012.0,0.0,24920.0,1.5813700000000002,0.872251,FIN,NLD,6593
1549139,77,162,1081,2012.0,1555.0,73266.0,1.414721,0.07219600000000001,FRA,NLD,6593
1549140,81,162,1081,2012.0,6884.0,14280.0,1.544653,0.776512,GBR,NLD,6593
1549141,103,162,1081,2012.0,9661.0,0.0,0.045694,1.635448,IDN,NLD,6593
1549142,104,162,1081,2012.0,641266.0,0.0,0.24883200000000003,2.463711,IND,NLD,6593
1549143,106,162,1081,2012.0,0.0,7920.0,1.1761549999999998,0.279569,IRL,NLD,6593
1549144,107,162,1081,2012.0,23410.0,0.0,-1.06794,-0.993099,IRN,NLD,6593
1549145,110,162,1081,2012.0,0.0,3068.0,1.125254,0.736004,ISR,NLD,6593
1549146,111,162,1081,2012.0,35583.0,63606.0,1.396626,-0.43950500000000003,ITA,NLD,6593
1549147,134,162,1081,2012.0,7518.0,0.0,-0.330598,0.037439,MAR,NLD,6593
1549148,135,162,1081,2012.0,16803.0,0.0,0.166439,0.555431,MDA,NLD,6593
1549149,163,162,1081,2012.0,0.0,5690.0,0.5462670000000001,-0.042712,NOR,NLD,6593
1549150,166,162,1081,2012.0,0.0,1474.0,0.21502399999999997,0.746456,NZL,NLD,6593
1549151,168,162,1081,2012.0,78625.0,0.0,-0.600346,0.474208,PAK,NLD,6593
1549152,177,162,1081,2012.0,0.0,2076.0,1.039598,1.145227,POL,NLD,6593
1549153,185,162,1081,2012.0,0.0,5893.0,0.952936,1.227809,ROU,NLD,6593
1549154,186,162,1081,2012.0,0.0,18134.0,-0.123649,-0.218926,RUS,NLD,6593
1549155,192,162,1081,2012.0,0.0,4027.0,1.762134,0.583393,SGP,NLD,6593
1549156,205,162,1081,2012.0,0.0,9049.0,-0.47594899999999996,-0.966457,SUR,NLD,6593
1549157,206,162,1081,2012.0,0.0,2033.0,1.3586200000000002,0.805751,SVK,NLD,6593
1549158,207,162,1081,2012.0,0.0,3956.0,1.4933049999999999,0.58207,SVN,NLD,6593
1549159,208,162,1081,2012.0,1576.0,9695.0,1.721268,0.15675,SWE,NLD,6593
1549160,223,162,1081,2012.0,3317.0,0.0,0.509432,0.8157810000000001,TUN,NLD,6593
1549161,224,162,1081,2012.0,169181.0,8490.0,0.657573,1.969027,TUR,NLD,6593
1549162,228,162,1081,2012.0,0.0,1478.0,0.533547,1.159378,UKR,NLD,6593
1549163,231,162,1081,2012.0,205048.0,57711.0,1.51134,-0.637794,USA,NLD,6593
1549164,246,162,1081,2012.0,0.0,4525.0,0.06510099999999999,1.748521,ZAF,NLD,6593
1549165,7,166,1081,2012.0,2034.0,0.0,0.256232,-0.46518400000000004,ARE,NZL,6593
1549166,14,166,1081,2012.0,29223.0,97255.0,-0.537197,-0.22305300000000003,AUS,NZL,6593
1549167,43,166,1081,2012.0,5246.0,0.0,1.2170590000000001,0.584412,CHN,NZL,6593
1549168,64,166,1081,2012.0,3748.0,0.0,1.159478,1.053761,DNK,NZL,6593
1549169,68,166,1081,2012.0,1235.0,0.0,-0.145791,1.470876,EGY,NZL,6593
1549170,75,166,1081,2012.0,0.0,1289.0,-0.332623,0.020258,FJI,NZL,6593
1549171,81,166,1081,2012.0,8422.0,0.0,1.544653,0.776512,GBR,NZL,6593
1549172,97,166,1081,2012.0,1923.0,0.0,0.788308,1.029625,HKG,NZL,6593
1549173,104,166,1081,2012.0,16667.0,0.0,0.24883200000000003,2.463711,IND,NZL,6593
1549174,107,166,1081,2012.0,2748.0,0.0,-1.06794,-0.993099,IRN,NZL,6593
1549175,121,166,1081,2012.0,1568.0,0.0,1.839479,0.8272799999999999,KOR,NZL,6593
1549176,134,166,1081,2012.0,3360.0,0.0,-0.330598,0.037439,MAR,NZL,6593
1549177,162,166,1081,2012.0,1474.0,0.0,0.961975,1.517883,NLD,NZL,6593
1549178,168,166,1081,2012.0,30622.0,0.0,-0.600346,0.474208,PAK,NZL,6593
1549179,216,166,1081,2012.0,2112.0,0.0,1.015684,1.20697,THA,NZL,6593
1549180,224,166,1081,2012.0,3382.0,0.0,0.657573,1.969027,TUR,NZL,6593
1549181,231,166,1081,2012.0,117326.0,9832.0,1.51134,-0.637794,USA,NZL,6593
1549182,242,166,1081,2012.0,0.0,1626.0,0.589936,-0.0285,WSM,NZL,6593
1549183,0,169,1081,2012.0,0.0,1399.0,0.040139999999999995,-0.628788,ABW,PAN,6593
1549184,42,169,1081,2012.0,0.0,1274.0,-0.180309,-0.33571799999999996,CHL,PAN,6593
1549185,43,169,1081,2012.0,107388.0,0.0,1.2170590000000001,0.584412,CHN,PAN,6593
1549186,49,169,1081,2012.0,6716.0,6473.0,0.034488,-0.340545,COL,PAN,6593
1549187,52,169,1081,2012.0,0.0,1337.0,0.24381799999999998,-0.560793,CRI,PAN,6593
1549188,54,169,1081,2012.0,0.0,2121.0,0.081568,-0.690941,CUB,PAN,6593
1549189,55,169,1081,2012.0,0.0,2670.0,0.003982,-0.685596,CUW,PAN,6593
1549190,71,169,1081,2012.0,16872.0,0.0,0.925701,1.8700189999999999,ESP,PAN,6593
1549191,77,169,1081,2012.0,2423.0,1115.0,1.414721,0.07219600000000001,FRA,PAN,6593
1549192,93,169,1081,2012.0,0.0,9446.0,-0.15801400000000002,0.5786640000000001,GTM,PAN,6593
1549193,99,169,1081,2012.0,0.0,2768.0,-0.362811,-0.012651,HND,PAN,6593
1549194,111,169,1081,2012.0,2015.0,0.0,1.396626,-0.43950500000000003,ITA,PAN,6593
1549195,197,169,1081,2012.0,0.0,5999.0,0.12898900000000002,0.36512,SLV,PAN,6593
1549196,236,169,1081,2012.0,0.0,1235.0,-1.6796689999999999,-1.168002,VEN,PAN,6593
1549197,250,169,1081,2012.0,4388.0,19518.0,0.34242399999999995,-0.007095999999999999,ANS,PAN,6593
1549198,14,173,1081,2012.0,0.0,260170.0,-0.537197,-0.22305300000000003,AUS,PER,6593
1549199,18,173,1081,2012.0,28504.0,0.0,1.06425,1.369205,BEL,PER,6593
1549200,32,173,1081,2012.0,14665.0,0.0,0.340455,0.9006790000000001,BRA,PER,6593
1549201,39,173,1081,2012.0,0.0,4148.0,0.630575,1.28653,CAN,PER,6593
1549202,42,173,1081,2012.0,515421.0,0.0,-0.180309,-0.33571799999999996,CHL,PER,6593
1549203,43,173,1081,2012.0,29240.0,0.0,1.2170590000000001,0.584412,CHN,PER,6593
1549204,61,173,1081,2012.0,5456.0,0.0,1.977443,-3.692254,DEU,PER,6593
1549205,64,173,1081,2012.0,0.0,3946.0,1.159478,1.053761,DNK,PER,6593
1549206,104,173,1081,2012.0,67321.0,0.0,0.24883200000000003,2.463711,IND,PER,6593
1549207,107,173,1081,2012.0,142267.0,0.0,-1.06794,-0.993099,IRN,PER,6593
1549208,168,173,1081,2012.0,219734.0,0.0,-0.600346,0.474208,PAK,PER,6593
1549209,185,173,1081,2012.0,0.0,1288.0,0.952936,1.227809,ROU,PER,6593
1549210,186,173,1081,2012.0,1397.0,0.0,-0.123649,-0.218926,RUS,PER,6593
1549211,224,173,1081,2012.0,151414.0,0.0,0.657573,1.969027,TUR,PER,6593
1549212,231,173,1081,2012.0,28855.0,50464.0,1.51134,-0.637794,USA,PER,6593
1549213,15,174,1081,2012.0,0.0,2008.0,1.710955,-0.8860399999999999,AUT,PHL,6593
1549214,39,174,1081,2012.0,0.0,6427.0,0.630575,1.28653,CAN,PHL,6593
1549215,41,174,1081,2012.0,1291.0,0.0,2.0265150000000003,0.6496689999999999,CHE,PHL,6593
1549216,43,174,1081,2012.0,7190.0,0.0,1.2170590000000001,0.584412,CHN,PHL,6593
1549217,77,174,1081,2012.0,3823.0,0.0,1.414721,0.07219600000000001,FRA,PHL,6593
1549218,216,174,1081,2012.0,10179.0,0.0,1.015684,1.20697,THA,PHL,6593
1549219,231,174,1081,2012.0,5262.0,68153.0,1.51134,-0.637794,USA,PHL,6593
1549220,1,177,1081,2012.0,10521.0,0.0,-0.666296,-0.7860689999999999,AFG,POL,6593
1549221,22,177,1081,2012.0,337421.0,0.0,-0.62037,-0.6858350000000001,BGD,POL,6593
1549222,23,177,1081,2012.0,0.0,8790.0,0.601161,1.594487,BGR,POL,6593
1549223,43,177,1081,2012.0,23710.0,0.0,1.2170590000000001,0.584412,CHN,POL,6593
1549224,59,177,1081,2012.0,0.0,11538.0,1.7368299999999999,-0.651329,CZE,POL,6593
1549225,61,177,1081,2012.0,135836.0,0.0,1.977443,-3.692254,DEU,POL,6593
1549226,64,177,1081,2012.0,21144.0,0.0,1.159478,1.053761,DNK,POL,6593
1549227,81,177,1081,2012.0,54811.0,0.0,1.544653,0.776512,GBR,POL,6593
1549228,104,177,1081,2012.0,30721.0,0.0,0.24883200000000003,2.463711,IND,POL,6593
1549229,107,177,1081,2012.0,42807.0,0.0,-1.06794,-0.993099,IRN,POL,6593
1549230,111,177,1081,2012.0,9717.0,0.0,1.396626,-0.43950500000000003,ITA,POL,6593
1549231,114,177,1081,2012.0,0.0,2931.0,2.325746,-0.8705649999999999,JPN,POL,6593
1549232,130,177,1081,2012.0,0.0,1109.0,0.739945,1.217062,LTU,POL,6593
1549233,140,177,1081,2012.0,0.0,2321.0,-0.08785599999999999,0.153128,MKD,POL,6593
1549234,162,177,1081,2012.0,2076.0,0.0,0.961975,1.517883,NLD,POL,6593
1549235,186,177,1081,2012.0,0.0,4497.0,-0.123649,-0.218926,RUS,POL,6593
1549236,206,177,1081,2012.0,10001.0,0.0,1.3586200000000002,0.805751,SVK,POL,6593
1549237,2,179,1081,2012.0,0.0,17673.0,-1.610059,-1.1253739999999999,AGO,PRT,6593
1549238,18,179,1081,2012.0,2367.0,0.0,1.06425,1.369205,BEL,PRT,6593
1549239,43,179,1081,2012.0,266673.0,0.0,1.2170590000000001,0.584412,CHN,PRT,6593
1549240,61,179,1081,2012.0,200026.0,0.0,1.977443,-3.692254,DEU,PRT,6593
1549241,64,179,1081,2012.0,0.0,11854.0,1.159478,1.053761,DNK,PRT,6593
1549242,71,179,1081,2012.0,10165.0,0.0,0.925701,1.8700189999999999,ESP,PRT,6593
1549243,77,179,1081,2012.0,7279.0,5518.0,1.414721,0.07219600000000001,FRA,PRT,6593
1549244,81,179,1081,2012.0,110280.0,0.0,1.544653,0.776512,GBR,PRT,6593
1549245,104,179,1081,2012.0,107658.0,0.0,0.24883200000000003,2.463711,IND,PRT,6593
1549246,107,179,1081,2012.0,6629.0,0.0,-1.06794,-0.993099,IRN,PRT,6593
1549247,111,179,1081,2012.0,15695.0,94403.0,1.396626,-0.43950500000000003,ITA,PRT,6593
1549248,134,179,1081,2012.0,2991.0,0.0,-0.330598,0.037439,MAR,PRT,6593
1549249,163,179,1081,2012.0,0.0,1086.0,0.5462670000000001,-0.042712,NOR,PRT,6593
1549250,224,179,1081,2012.0,19452.0,0.0,0.657573,1.969027,TUR,PRT,6593
1549251,231,179,1081,2012.0,0.0,5313.0,1.51134,-0.637794,USA,PRT,6593
1549252,32,180,1081,2012.0,1340.0,0.0,0.340455,0.9006790000000001,BRA,PRY,6593
1549253,42,180,1081,2012.0,39900.0,0.0,-0.180309,-0.33571799999999996,CHL,PRY,6593
1549254,43,180,1081,2012.0,1125.0,0.0,1.2170590000000001,0.584412,CHN,PRY,6593
1549255,61,180,1081,2012.0,186543.0,0.0,1.977443,-3.692254,DEU,PRY,6593
1549256,134,180,1081,2012.0,1657.0,0.0,-0.330598,0.037439,MAR,PRY,6593
1549257,7,188,1081,2012.0,0.0,49453.0,0.256232,-0.46518400000000004,ARE,SAU,6593
1549258,39,188,1081,2012.0,0.0,1648.0,0.630575,1.28653,CAN,SAU,6593
1549259,43,188,1081,2012.0,107706.0,0.0,1.2170590000000001,0.584412,CHN,SAU,6593
1549260,50,188,1081,2012.0,0.0,7293.0,0.06202100000000001,-0.7399100000000001,COM,SAU,6593
1549261,61,188,1081,2012.0,26188.0,0.0,1.977443,-3.692254,DEU,SAU,6593
1549262,64,188,1081,2012.0,3891.0,0.0,1.159478,1.053761,DNK,SAU,6593
1549263,81,188,1081,2012.0,4996.0,0.0,1.544653,0.776512,GBR,SAU,6593
1549264,87,188,1081,2012.0,0.0,1133.0,-0.36801300000000003,-0.637681,GMB,SAU,6593
1549265,97,188,1081,2012.0,20239.0,0.0,0.788308,1.029625,HKG,SAU,6593
1549266,104,188,1081,2012.0,1997380.0,0.0,0.24883200000000003,2.463711,IND,SAU,6593
1549267,111,188,1081,2012.0,517621.0,0.0,1.396626,-0.43950500000000003,ITA,SAU,6593
1549268,134,188,1081,2012.0,3820.0,0.0,-0.330598,0.037439,MAR,SAU,6593
1549269,148,188,1081,2012.0,0.0,107160.0,-1.501575,-1.294704,MRT,SAU,6593
1549270,168,188,1081,2012.0,27081.0,0.0,-0.600346,0.474208,PAK,SAU,6593
1549271,216,188,1081,2012.0,91998.0,0.0,1.015684,1.20697,THA,SAU,6593
1549272,224,188,1081,2012.0,5747.0,0.0,0.657573,1.969027,TUR,SAU,6593
1549273,231,188,1081,2012.0,4623.0,0.0,1.51134,-0.637794,USA,SAU,6593
1549274,68,190,1081,2012.0,1195.0,0.0,-0.145791,1.470876,EGY,SDN,6593
1549275,163,190,1081,2012.0,1313.0,0.0,0.5462670000000001,-0.042712,NOR,SDN,6593
1549276,14,192,1081,2012.0,42022.0,0.0,-0.537197,-0.22305300000000003,AUS,SGP,6593
1549277,18,192,1081,2012.0,2810.0,0.0,1.06425,1.369205,BEL,SGP,6593
1549278,41,192,1081,2012.0,3154.0,0.0,2.0265150000000003,0.6496689999999999,CHE,SGP,6593
1549279,42,192,1081,2012.0,0.0,119085.0,-0.180309,-0.33571799999999996,CHL,SGP,6593
1549280,43,192,1081,2012.0,29897.0,0.0,1.2170590000000001,0.584412,CHN,SGP,6593
1549281,64,192,1081,2012.0,1965.0,0.0,1.159478,1.053761,DNK,SGP,6593
1549282,81,192,1081,2012.0,3523.0,0.0,1.544653,0.776512,GBR,SGP,6593
1549283,97,192,1081,2012.0,4933.0,0.0,0.788308,1.029625,HKG,SGP,6593
1549284,103,192,1081,2012.0,2362.0,191287.0,0.045694,1.635448,IDN,SGP,6593
1549285,104,192,1081,2012.0,430253.0,0.0,0.24883200000000003,2.463711,IND,SGP,6593
1549286,107,192,1081,2012.0,2570.0,0.0,-1.06794,-0.993099,IRN,SGP,6593
1549287,111,192,1081,2012.0,7895.0,0.0,1.396626,-0.43950500000000003,ITA,SGP,6593
1549288,143,192,1081,2012.0,0.0,3164.0,-1.157555,-0.9009149999999999,MMR,SGP,6593
1549289,162,192,1081,2012.0,4027.0,0.0,0.961975,1.517883,NLD,SGP,6593
1549290,168,192,1081,2012.0,16911.0,0.0,-0.600346,0.474208,PAK,SGP,6593
1549291,216,192,1081,2012.0,18039.0,0.0,1.015684,1.20697,THA,SGP,6593
1549292,224,192,1081,2012.0,27407.0,0.0,0.657573,1.969027,TUR,SGP,6593
1549293,169,197,1081,2012.0,5999.0,0.0,1.001878,1.18554,PAN,SLV,6593
1549294,162,205,1081,2012.0,9049.0,0.0,0.961975,1.517883,NLD,SUR,6593
1549295,15,206,1081,2012.0,4614.0,0.0,1.710955,-0.8860399999999999,AUT,SVK,6593
1549296,18,206,1081,2012.0,1888.0,0.0,1.06425,1.369205,BEL,SVK,6593
1549297,43,206,1081,2012.0,49893.0,0.0,1.2170590000000001,0.584412,CHN,SVK,6593
1549298,59,206,1081,2012.0,5294.0,21956.0,1.7368299999999999,-0.651329,CZE,SVK,6593
1549299,61,206,1081,2012.0,20865.0,0.0,1.977443,-3.692254,DEU,SVK,6593
1549300,71,206,1081,2012.0,1264.0,0.0,0.925701,1.8700189999999999,ESP,SVK,6593
1549301,77,206,1081,2012.0,2589.0,0.0,1.414721,0.07219600000000001,FRA,SVK,6593
1549302,102,206,1081,2012.0,16383.0,4563.0,1.61049,0.44614799999999993,HUN,SVK,6593
1549303,104,206,1081,2012.0,34405.0,0.0,0.24883200000000003,2.463711,IND,SVK,6593
1549304,107,206,1081,2012.0,6180.0,0.0,-1.06794,-0.993099,IRN,SVK,6593
1549305,111,206,1081,2012.0,0.0,1162.0,1.396626,-0.43950500000000003,ITA,SVK,6593
1549306,162,206,1081,2012.0,2033.0,0.0,0.961975,1.517883,NLD,SVK,6593
1549307,177,206,1081,2012.0,0.0,10001.0,1.039598,1.145227,POL,SVK,6593
1549308,208,206,1081,2012.0,0.0,1242.0,1.721268,0.15675,SWE,SVK,6593
1549309,224,206,1081,2012.0,17359.0,0.0,0.657573,1.969027,TUR,SVK,6593
1549310,250,206,1081,2012.0,664298.0,0.0,0.34242399999999995,-0.007095999999999999,ANS,SVK,6593
1549311,15,207,1081,2012.0,11067.0,0.0,1.710955,-0.8860399999999999,AUT,SVN,6593
1549312,18,207,1081,2012.0,13569.0,0.0,1.06425,1.369205,BEL,SVN,6593
1549313,43,207,1081,2012.0,2441.0,0.0,1.2170590000000001,0.584412,CHN,SVN,6593
1549314,61,207,1081,2012.0,12276.0,0.0,1.977443,-3.692254,DEU,SVN,6593
1549315,102,207,1081,2012.0,1724.0,0.0,1.61049,0.44614799999999993,HUN,SVN,6593
1549316,104,207,1081,2012.0,3494.0,0.0,0.24883200000000003,2.463711,IND,SVN,6593
1549317,111,207,1081,2012.0,12324.0,0.0,1.396626,-0.43950500000000003,ITA,SVN,6593
1549318,162,207,1081,2012.0,3956.0,0.0,0.961975,1.517883,NLD,SVN,6593
1549319,186,207,1081,2012.0,0.0,3123.0,-0.123649,-0.218926,RUS,SVN,6593
1549320,201,207,1081,2012.0,0.0,1026.0,0.696674,1.544065,SRB,SVN,6593
1549321,224,207,1081,2012.0,1332.0,0.0,0.657573,1.969027,TUR,SVN,6593
1549322,15,208,1081,2012.0,3208.0,1520.0,1.710955,-0.8860399999999999,AUT,SWE,6593
1549323,22,208,1081,2012.0,78538.0,0.0,-0.62037,-0.6858350000000001,BGD,SWE,6593
1549324,41,208,1081,2012.0,1039.0,9226.0,2.0265150000000003,0.6496689999999999,CHE,SWE,6593
1549325,43,208,1081,2012.0,57461.0,0.0,1.2170590000000001,0.584412,CHN,SWE,6593
1549326,61,208,1081,2012.0,437987.0,2165.0,1.977443,-3.692254,DEU,SWE,6593
1549327,64,208,1081,2012.0,1121651.0,43783.0,1.159478,1.053761,DNK,SWE,6593
1549328,68,208,1081,2012.0,1822.0,0.0,-0.145791,1.470876,EGY,SWE,6593
1549329,71,208,1081,2012.0,20985.0,5406.0,0.925701,1.8700189999999999,ESP,SWE,6593
1549330,74,208,1081,2012.0,13120.0,1401.0,1.5813700000000002,0.872251,FIN,SWE,6593
1549331,81,208,1081,2012.0,65824.0,0.0,1.544653,0.776512,GBR,SWE,6593
1549332,90,208,1081,2012.0,0.0,12930.0,0.161352,1.273024,GRC,SWE,6593
1549333,104,208,1081,2012.0,1378569.0,0.0,0.24883200000000003,2.463711,IND,SWE,6593
1549334,107,208,1081,2012.0,132778.0,0.0,-1.06794,-0.993099,IRN,SWE,6593
1549335,109,208,1081,2012.0,1263.0,2110.0,0.20266800000000001,-0.203262,ISL,SWE,6593
1549336,111,208,1081,2012.0,13483.0,0.0,1.396626,-0.43950500000000003,ITA,SWE,6593
1549337,114,208,1081,2012.0,2878.0,19258.0,2.325746,-0.8705649999999999,JPN,SWE,6593
1549338,134,208,1081,2012.0,15732.0,0.0,-0.330598,0.037439,MAR,SWE,6593
1549339,162,208,1081,2012.0,9695.0,1576.0,0.961975,1.517883,NLD,SWE,6593
1549340,163,208,1081,2012.0,0.0,263755.0,0.5462670000000001,-0.042712,NOR,SWE,6593
1549341,168,208,1081,2012.0,143109.0,0.0,-0.600346,0.474208,PAK,SWE,6593
1549342,206,208,1081,2012.0,1242.0,0.0,1.3586200000000002,0.805751,SVK,SWE,6593
1549343,224,208,1081,2012.0,472764.0,7153.0,0.657573,1.969027,TUR,SWE,6593
1549344,231,208,1081,2012.0,0.0,79101.0,1.51134,-0.637794,USA,SWE,6593
1549345,14,216,1081,2012.0,0.0,50060.0,-0.537197,-0.22305300000000003,AUS,THA,6593
1549346,32,216,1081,2012.0,0.0,17198.0,0.340455,0.9006790000000001,BRA,THA,6593
1549347,34,216,1081,2012.0,0.0,1094.0,-2.9686049999999997,-0.8427290000000001,BRN,THA,6593
1549348,39,216,1081,2012.0,0.0,17938.0,0.630575,1.28653,CAN,THA,6593
1549349,43,216,1081,2012.0,32391.0,0.0,1.2170590000000001,0.584412,CHN,THA,6593
1549350,61,216,1081,2012.0,1101.0,0.0,1.977443,-3.692254,DEU,THA,6593
1549351,64,216,1081,2012.0,2251.0,0.0,1.159478,1.053761,DNK,THA,6593
1549352,81,216,1081,2012.0,226168.0,3038.0,1.544653,0.776512,GBR,THA,6593
1549353,97,216,1081,2012.0,0.0,11345.0,0.788308,1.029625,HKG,THA,6593
1549354,103,216,1081,2012.0,0.0,1884.0,0.045694,1.635448,IDN,THA,6593
1549355,104,216,1081,2012.0,12037.0,0.0,0.24883200000000003,2.463711,IND,THA,6593
1549356,107,216,1081,2012.0,1144.0,0.0,-1.06794,-0.993099,IRN,THA,6593
1549357,110,216,1081,2012.0,0.0,2059.0,1.125254,0.736004,ISR,THA,6593
1549358,111,216,1081,2012.0,3452.0,0.0,1.396626,-0.43950500000000003,ITA,THA,6593
1549359,114,216,1081,2012.0,0.0,10422.0,2.325746,-0.8705649999999999,JPN,THA,6593
1549360,121,216,1081,2012.0,0.0,4385.0,1.839479,0.8272799999999999,KOR,THA,6593
1549361,123,216,1081,2012.0,0.0,10542.0,-0.874401,-0.737471,LAO,THA,6593
1549362,124,216,1081,2012.0,0.0,13333.0,0.36778099999999997,1.3771010000000001,LBN,THA,6593
1549363,134,216,1081,2012.0,1864.0,0.0,-0.330598,0.037439,MAR,THA,6593
1549364,137,216,1081,2012.0,0.0,5988.0,-0.12348699999999999,-0.7748430000000001,MDV,THA,6593
1549365,166,216,1081,2012.0,0.0,2112.0,0.21502399999999997,0.746456,NZL,THA,6593
1549366,174,216,1081,2012.0,0.0,10179.0,0.44656,0.55585,PHL,THA,6593
1549367,186,216,1081,2012.0,0.0,3275.0,-0.123649,-0.218926,RUS,THA,6593
1549368,188,216,1081,2012.0,0.0,91998.0,-0.621115,-0.975865,SAU,THA,6593
1549369,192,216,1081,2012.0,0.0,18039.0,1.762134,0.583393,SGP,THA,6593
1549370,224,216,1081,2012.0,1078.0,0.0,0.657573,1.969027,TUR,THA,6593
1549371,231,216,1081,2012.0,15913.0,177799.0,1.51134,-0.637794,USA,THA,6593
1549372,249,216,1081,2012.0,0.0,30283.0,1.671686,0.9854729999999999,TWN,THA,6593
1549373,43,222,1081,2012.0,63686.0,0.0,1.2170590000000001,0.584412,CHN,TTO,6593
1549374,104,222,1081,2012.0,6825.0,0.0,0.24883200000000003,2.463711,IND,TTO,6593
1549375,231,222,1081,2012.0,48496.0,0.0,1.51134,-0.637794,USA,TTO,6593
1549376,1,224,1081,2012.0,3921.0,0.0,-0.666296,-0.7860689999999999,AFG,TUR,6593
1549377,7,224,1081,2012.0,0.0,50965.0,0.256232,-0.46518400000000004,ARE,TUR,6593
1549378,8,224,1081,2012.0,0.0,12056.0,-0.019015,0.548292,ARG,TUR,6593
1549379,14,224,1081,2012.0,0.0,147776.0,-0.537197,-0.22305300000000003,AUS,TUR,6593
1549380,15,224,1081,2012.0,23915.0,738548.0,1.710955,-0.8860399999999999,AUT,TUR,6593
1549381,16,224,1081,2012.0,1826.0,6239.0,-1.44287,-1.261817,AZE,TUR,6593
1549382,18,224,1081,2012.0,0.0,256544.0,1.06425,1.369205,BEL,TUR,6593
1549383,21,224,1081,2012.0,0.0,4169.0,-0.624286,-0.689179,BFA,TUR,6593
1549384,22,224,1081,2012.0,6807.0,0.0,-0.62037,-0.6858350000000001,BGD,TUR,6593
1549385,23,224,1081,2012.0,1057.0,3399.0,0.601161,1.594487,BGR,TUR,6593
1549386,24,224,1081,2012.0,0.0,5056.0,-0.01785,-0.780651,BHR,TUR,6593
1549387,26,224,1081,2012.0,0.0,2879.0,0.6672520000000001,1.16153,BIH,TUR,6593
1549388,32,224,1081,2012.0,0.0,24851.0,0.340455,0.9006790000000001,BRA,TUR,6593
1549389,39,224,1081,2012.0,0.0,38169.0,0.630575,1.28653,CAN,TUR,6593
1549390,41,224,1081,2012.0,22488.0,166770.0,2.0265150000000003,0.6496689999999999,CHE,TUR,6593
1549391,42,224,1081,2012.0,4794.0,99760.0,-0.180309,-0.33571799999999996,CHL,TUR,6593
1549392,43,224,1081,2012.0,109086.0,8906.0,1.2170590000000001,0.584412,CHN,TUR,6593
1549393,49,224,1081,2012.0,0.0,10496.0,0.034488,-0.340545,COL,TUR,6593
1549394,58,224,1081,2012.0,0.0,17077.0,0.621962,0.188051,CYP,TUR,6593
1549395,59,224,1081,2012.0,8314.0,195950.0,1.7368299999999999,-0.651329,CZE,TUR,6593
1549396,61,224,1081,2012.0,68406.0,1255374.0,1.977443,-3.692254,DEU,TUR,6593
1549397,64,224,1081,2012.0,29302.0,547837.0,1.159478,1.053761,DNK,TUR,6593
1549398,66,224,1081,2012.0,0.0,25805.0,-1.745941,-1.149894,DZA,TUR,6593
1549399,68,224,1081,2012.0,0.0,1800.0,-0.145791,1.470876,EGY,TUR,6593
1549400,71,224,1081,2012.0,0.0,183518.0,0.925701,1.8700189999999999,ESP,TUR,6593
1549401,72,224,1081,2012.0,0.0,3702.0,0.8603,1.3146870000000002,EST,TUR,6593
1549402,73,224,1081,2012.0,0.0,1988.0,-0.9118729999999999,-0.8843,ETH,TUR,6593
1549403,74,224,1081,2012.0,0.0,26121.0,1.5813700000000002,0.872251,FIN,TUR,6593
1549404,77,224,1081,2012.0,4702.0,1378671.0,1.414721,0.07219600000000001,FRA,TUR,6593
1549405,81,224,1081,2012.0,8095.0,225791.0,1.544653,0.776512,GBR,TUR,6593
1549406,82,224,1081,2012.0,0.0,1042.0,-0.244691,-0.552666,GEO,TUR,6593
1549407,90,224,1081,2012.0,0.0,79207.0,0.161352,1.273024,GRC,TUR,6593
1549408,93,224,1081,2012.0,0.0,5665.0,-0.15801400000000002,0.5786640000000001,GTM,TUR,6593
1549409,97,224,1081,2012.0,0.0,5492.0,0.788308,1.029625,HKG,TUR,6593
1549410,100,224,1081,2012.0,0.0,2447.0,0.881764,1.149456,HRV,TUR,6593
1549411,102,224,1081,2012.0,0.0,11179.0,1.61049,0.44614799999999993,HUN,TUR,6593
1549412,104,224,1081,2012.0,740289.0,2856.0,0.24883200000000003,2.463711,IND,TUR,6593
1549413,106,224,1081,2012.0,0.0,14417.0,1.1761549999999998,0.279569,IRL,TUR,6593
1549414,107,224,1081,2012.0,449297.0,0.0,-1.06794,-0.993099,IRN,TUR,6593
1549415,108,224,1081,2012.0,0.0,408978.0,-3.076964,-0.852475,IRQ,TUR,6593
1549416,109,224,1081,2012.0,0.0,3707.0,0.20266800000000001,-0.203262,ISL,TUR,6593
1549417,110,224,1081,2012.0,0.0,251020.0,1.125254,0.736004,ISR,TUR,6593
1549418,111,224,1081,2012.0,4339.0,206375.0,1.396626,-0.43950500000000003,ITA,TUR,6593
1549419,113,224,1081,2012.0,0.0,20934.0,0.29205,0.638942,JOR,TUR,6593
1549420,114,224,1081,2012.0,0.0,395161.0,2.325746,-0.8705649999999999,JPN,TUR,6593
1549421,115,224,1081,2012.0,0.0,69122.0,-0.447428,-0.42193,KAZ,TUR,6593
1549422,121,224,1081,2012.0,0.0,1182.0,1.839479,0.8272799999999999,KOR,TUR,6593
1549423,122,224,1081,2012.0,0.0,1107.0,-1.130729,-1.083905,KWT,TUR,6593
1549424,124,224,1081,2012.0,0.0,36771.0,0.36778099999999997,1.3771010000000001,LBN,TUR,6593
1549425,126,224,1081,2012.0,0.0,62371.0,-2.778437,-1.15615,LBY,TUR,6593
1549426,130,224,1081,2012.0,0.0,12747.0,0.739945,1.217062,LTU,TUR,6593
1549427,132,224,1081,2012.0,0.0,18486.0,0.704565,1.000552,LVA,TUR,6593
1549428,134,224,1081,2012.0,24518.0,3229.0,-0.330598,0.037439,MAR,TUR,6593
1549429,135,224,1081,2012.0,724972.0,0.0,0.166439,0.555431,MDA,TUR,6593
1549430,137,224,1081,2012.0,0.0,2738.0,-0.12348699999999999,-0.7748430000000001,MDV,TUR,6593
1549431,138,224,1081,2012.0,0.0,17685.0,1.166986,0.662798,MEX,TUR,6593
1549432,140,224,1081,2012.0,0.0,16856.0,-0.08785599999999999,0.153128,MKD,TUR,6593
1549433,144,224,1081,2012.0,0.0,2978.0,0.028479,-0.045841,MNE,TUR,6593
1549434,148,224,1081,2012.0,0.0,61677.0,-1.501575,-1.294704,MRT,TUR,6593
1549435,153,224,1081,2012.0,0.0,2150.0,0.93739,0.726329,MYS,TUR,6593
1549436,159,224,1081,2012.0,0.0,1015.0,-1.616498,-1.174816,NGA,TUR,6593
1549437,162,224,1081,2012.0,8490.0,169181.0,0.961975,1.517883,NLD,TUR,6593
1549438,163,224,1081,2012.0,0.0,71899.0,0.5462670000000001,-0.042712,NOR,TUR,6593
1549439,166,224,1081,2012.0,0.0,3382.0,0.21502399999999997,0.746456,NZL,TUR,6593
1549440,167,224,1081,2012.0,0.0,6887.0,-0.782802,-1.065774,OMN,TUR,6593
1549441,168,224,1081,2012.0,51646.0,0.0,-0.600346,0.474208,PAK,TUR,6593
1549442,173,224,1081,2012.0,0.0,151414.0,-0.47011499999999995,0.340251,PER,TUR,6593
1549443,179,224,1081,2012.0,0.0,19452.0,0.697799,2.122262,PRT,TUR,6593
1549444,185,224,1081,2012.0,0.0,22657.0,0.952936,1.227809,ROU,TUR,6593
1549445,186,224,1081,2012.0,0.0,21837.0,-0.123649,-0.218926,RUS,TUR,6593
1549446,188,224,1081,2012.0,0.0,5747.0,-0.621115,-0.975865,SAU,TUR,6593
1549447,191,224,1081,2012.0,0.0,3437.0,-0.379797,0.020130000000000002,SEN,TUR,6593
1549448,192,224,1081,2012.0,0.0,27407.0,1.762134,0.583393,SGP,TUR,6593
1549449,201,224,1081,2012.0,0.0,9002.0,0.696674,1.544065,SRB,TUR,6593
1549450,206,224,1081,2012.0,0.0,17359.0,1.3586200000000002,0.805751,SVK,TUR,6593
1549451,207,224,1081,2012.0,0.0,1332.0,1.4933049999999999,0.58207,SVN,TUR,6593
1549452,208,224,1081,2012.0,7153.0,472764.0,1.721268,0.15675,SWE,TUR,6593
1549453,216,224,1081,2012.0,0.0,1078.0,1.015684,1.20697,THA,TUR,6593
1549454,219,224,1081,2012.0,0.0,21459.0,-1.406457,-1.2194200000000002,TKM,TUR,6593
1549455,223,224,1081,2012.0,0.0,31019.0,0.509432,0.8157810000000001,TUN,TUR,6593
1549456,227,224,1081,2012.0,0.0,1036.0,-0.492733,0.4513,UGA,TUR,6593
1549457,228,224,1081,2012.0,0.0,3273.0,0.533547,1.159378,UKR,TUR,6593
1549458,230,224,1081,2012.0,0.0,16210.0,0.013581000000000001,0.047302,URY,TUR,6593
1549459,231,224,1081,2012.0,155031.0,1752974.0,1.51134,-0.637794,USA,TUR,6593
1549460,236,224,1081,2012.0,0.0,4397.0,-1.6796689999999999,-1.168002,VEN,TUR,6593
1549461,246,224,1081,2012.0,0.0,2420.0,0.06510099999999999,1.748521,ZAF,TUR,6593
1549462,250,224,1081,2012.0,0.0,71584.0,0.34242399999999995,-0.007095999999999999,ANS,TUR,6593
1549463,61,228,1081,2012.0,6592.0,0.0,1.977443,-3.692254,DEU,UKR,6593
1549464,81,228,1081,2012.0,2601.0,0.0,1.544653,0.776512,GBR,UKR,6593
1549465,104,228,1081,2012.0,4116.0,0.0,0.24883200000000003,2.463711,IND,UKR,6593
1549466,107,228,1081,2012.0,7177.0,0.0,-1.06794,-0.993099,IRN,UKR,6593
1549467,111,228,1081,2012.0,6912.0,0.0,1.396626,-0.43950500000000003,ITA,UKR,6593
1549468,162,228,1081,2012.0,1478.0,0.0,0.961975,1.517883,NLD,UKR,6593
1549469,224,228,1081,2012.0,3273.0,0.0,0.657573,1.969027,TUR,UKR,6593
1549470,231,228,1081,2012.0,0.0,79917.0,1.51134,-0.637794,USA,UKR,6593
1549471,7,230,1081,2012.0,1735.0,0.0,0.256232,-0.46518400000000004,ARE,URY,6593
1549472,41,230,1081,2012.0,3923.0,0.0,2.0265150000000003,0.6496689999999999,CHE,URY,6593
1549473,42,230,1081,2012.0,3864.0,0.0,-0.180309,-0.33571799999999996,CHL,URY,6593
1549474,43,230,1081,2012.0,5359.0,0.0,1.2170590000000001,0.584412,CHN,URY,6593
1549475,107,230,1081,2012.0,6664.0,0.0,-1.06794,-0.993099,IRN,URY,6593
1549476,134,230,1081,2012.0,15662.0,0.0,-0.330598,0.037439,MAR,URY,6593
1549477,224,230,1081,2012.0,16210.0,0.0,0.657573,1.969027,TUR,URY,6593
1549478,1,231,1081,2012.0,29116.0,0.0,-0.666296,-0.7860689999999999,AFG,USA,6593
1549479,7,231,1081,2012.0,1606.0,53966.0,0.256232,-0.46518400000000004,ARE,USA,6593
1549480,8,231,1081,2012.0,32857.0,0.0,-0.019015,0.548292,ARG,USA,6593
1549481,14,231,1081,2012.0,29012.0,254874.0,-0.537197,-0.22305300000000003,AUS,USA,6593
1549482,15,231,1081,2012.0,0.0,17501.0,1.710955,-0.8860399999999999,AUT,USA,6593
1549483,16,231,1081,2012.0,1690.0,0.0,-1.44287,-1.261817,AZE,USA,6593
1549484,18,231,1081,2012.0,545090.0,0.0,1.06425,1.369205,BEL,USA,6593
1549485,22,231,1081,2012.0,9337.0,0.0,-0.62037,-0.6858350000000001,BGD,USA,6593
1549486,25,231,1081,2012.0,0.0,52504.0,0.37130799999999997,-0.526134,BHS,USA,6593
1549487,29,231,1081,2012.0,0.0,1318.0,-0.5242899999999999,-0.673233,BLZ,USA,6593
1549488,30,231,1081,2012.0,0.0,7897.0,0.608009,-0.524496,BMU,USA,6593
1549489,31,231,1081,2012.0,0.0,2639.0,-0.698325,-0.728248,BOL,USA,6593
1549490,32,231,1081,2012.0,11548.0,3574.0,0.340455,0.9006790000000001,BRA,USA,6593
1549491,33,231,1081,2012.0,0.0,20049.0,0.653472,0.43920600000000004,BRB,USA,6593
1549492,39,231,1081,2012.0,66042.0,1240645.0,0.630575,1.28653,CAN,USA,6593
1549493,41,231,1081,2012.0,19799.0,18471.0,2.0265150000000003,0.6496689999999999,CHE,USA,6593
1549494,42,231,1081,2012.0,0.0,6616.0,-0.180309,-0.33571799999999996,CHL,USA,6593
1549495,43,231,1081,2012.0,7995311.0,50529.0,1.2170590000000001,0.584412,CHN,USA,6593
1549496,49,231,1081,2012.0,10985.0,14226.0,0.034488,-0.340545,COL,USA,6593
1549497,59,231,1081,2012.0,0.0,39901.0,1.7368299999999999,-0.651329,CZE,USA,6593
1549498,61,231,1081,2012.0,171695.0,194896.0,1.977443,-3.692254,DEU,USA,6593
1549499,64,231,1081,2012.0,49516.0,0.0,1.159478,1.053761,DNK,USA,6593
1549500,65,231,1081,2012.0,0.0,30584.0,-0.08708300000000001,0.389521,DOM,USA,6593
1549501,67,231,1081,2012.0,0.0,3049.0,-0.66209,-0.796325,ECU,USA,6593
1549502,68,231,1081,2012.0,141118.0,14461.0,-0.145791,1.470876,EGY,USA,6593
1549503,71,231,1081,2012.0,159126.0,29075.0,0.925701,1.8700189999999999,ESP,USA,6593
1549504,72,231,1081,2012.0,2930.0,0.0,0.8603,1.3146870000000002,EST,USA,6593
1549505,74,231,1081,2012.0,2610.0,6552.0,1.5813700000000002,0.872251,FIN,USA,6593
1549506,77,231,1081,2012.0,137690.0,202796.0,1.414721,0.07219600000000001,FRA,USA,6593
1549507,81,231,1081,2012.0,438242.0,460587.0,1.544653,0.776512,GBR,USA,6593
1549508,90,231,1081,2012.0,207283.0,0.0,0.161352,1.273024,GRC,USA,6593
1549509,93,231,1081,2012.0,0.0,10714.0,-0.15801400000000002,0.5786640000000001,GTM,USA,6593
1549510,96,231,1081,2012.0,0.0,13453.0,-0.748712,-0.8608950000000001,GUY,USA,6593
1549511,97,231,1081,2012.0,8273.0,101611.0,0.788308,1.029625,HKG,USA,6593
1549512,99,231,1081,2012.0,0.0,21176.0,-0.362811,-0.012651,HND,USA,6593
1549513,103,231,1081,2012.0,259737.0,4194.0,0.045694,1.635448,IDN,USA,6593
1549514,104,231,1081,2012.0,20370576.0,94069.0,0.24883200000000003,2.463711,IND,USA,6593
1549515,106,231,1081,2012.0,89196.0,2704.0,1.1761549999999998,0.279569,IRL,USA,6593
1549516,108,231,1081,2012.0,21280.0,0.0,-3.076964,-0.852475,IRQ,USA,6593
1549517,110,231,1081,2012.0,7153.0,59634.0,1.125254,0.736004,ISR,USA,6593
1549518,111,231,1081,2012.0,49881.0,35622.0,1.396626,-0.43950500000000003,ITA,USA,6593
1549519,112,231,1081,2012.0,0.0,2960.0,-0.307289,-0.738736,JAM,USA,6593
1549520,113,231,1081,2012.0,1551.0,0.0,0.29205,0.638942,JOR,USA,6593
1549521,114,231,1081,2012.0,0.0,229024.0,2.325746,-0.8705649999999999,JPN,USA,6593
1549522,117,231,1081,2012.0,3237.0,0.0,0.044116,0.678193,KGZ,USA,6593
1549523,121,231,1081,2012.0,3646.0,20989.0,1.839479,0.8272799999999999,KOR,USA,6593
1549524,127,231,1081,2012.0,0.0,9323.0,0.714758,-0.034339,LCA,USA,6593
1549525,133,231,1081,2012.0,11606.0,0.0,0.7714310000000001,0.727348,MAC,USA,6593
1549526,134,231,1081,2012.0,551324.0,0.0,-0.330598,0.037439,MAR,USA,6593
1549527,138,231,1081,2012.0,219543.0,36632.0,1.166986,0.662798,MEX,USA,6593
1549528,142,231,1081,2012.0,0.0,7994.0,0.775001,0.048663,MLT,USA,6593
1549529,160,231,1081,2012.0,2214.0,0.0,-0.6056279999999999,-0.404956,NIC,USA,6593
1549530,162,231,1081,2012.0,57711.0,205048.0,0.961975,1.517883,NLD,USA,6593
1549531,163,231,1081,2012.0,0.0,9845.0,0.5462670000000001,-0.042712,NOR,USA,6593
1549532,164,231,1081,2012.0,726877.0,0.0,0.023836000000000003,0.702753,NPL,USA,6593
1549533,166,231,1081,2012.0,9832.0,117326.0,0.21502399999999997,0.746456,NZL,USA,6593
1549534,168,231,1081,2012.0,1968978.0,0.0,-0.600346,0.474208,PAK,USA,6593
1549535,173,231,1081,2012.0,50464.0,28855.0,-0.47011499999999995,0.340251,PER,USA,6593
1549536,174,231,1081,2012.0,68153.0,5262.0,0.44656,0.55585,PHL,USA,6593
1549537,179,231,1081,2012.0,5313.0,0.0,0.697799,2.122262,PRT,USA,6593
1549538,186,231,1081,2012.0,1518.0,15876.0,-0.123649,-0.218926,RUS,USA,6593
1549539,188,231,1081,2012.0,0.0,4623.0,-0.621115,-0.975865,SAU,USA,6593
1549540,208,231,1081,2012.0,79101.0,0.0,1.721268,0.15675,SWE,USA,6593
1549541,209,231,1081,2012.0,4340.0,0.0,0.209802,-0.11224,SWZ,USA,6593
1549542,213,231,1081,2012.0,0.0,22304.0,0.28386999999999996,-0.187907,TCA,USA,6593
1549543,216,231,1081,2012.0,177799.0,15913.0,1.015684,1.20697,THA,USA,6593
1549544,222,231,1081,2012.0,0.0,48496.0,-0.257402,-0.9802709999999999,TTO,USA,6593
1549545,223,231,1081,2012.0,44921.0,0.0,0.509432,0.8157810000000001,TUN,USA,6593
1549546,224,231,1081,2012.0,1752974.0,155031.0,0.657573,1.969027,TUR,USA,6593
1549547,228,231,1081,2012.0,79917.0,0.0,0.533547,1.159378,UKR,USA,6593
1549548,232,231,1081,2012.0,1823.0,0.0,-0.426961,-0.539122,UZB,USA,6593
1549549,234,231,1081,2012.0,0.0,2356.0,0.523877,0.065489,VCT,USA,6593
1549550,246,231,1081,2012.0,3278.0,8563.0,0.06510099999999999,1.748521,ZAF,USA,6593
1549551,249,231,1081,2012.0,0.0,7249.0,1.671686,0.9854729999999999,TWN,USA,6593
1549552,81,234,1081,2012.0,44692.0,0.0,1.544653,0.776512,GBR,VCT,6593
1549553,127,234,1081,2012.0,0.0,48201.0,0.714758,-0.034339,LCA,VCT,6593
1549554,231,234,1081,2012.0,2356.0,0.0,1.51134,-0.637794,USA,VCT,6593
1549555,107,236,1081,2012.0,11888.0,0.0,-1.06794,-0.993099,IRN,VEN,6593
1549556,111,236,1081,2012.0,2369.0,0.0,1.396626,-0.43950500000000003,ITA,VEN,6593
1549557,169,236,1081,2012.0,1235.0,0.0,1.001878,1.18554,PAN,VEN,6593
1549558,224,236,1081,2012.0,4397.0,0.0,0.657573,1.969027,TUR,VEN,6593
1549559,107,243,1081,2012.0,3233.0,0.0,-1.06794,-0.993099,IRN,YEM,6593
1549560,2,246,1081,2012.0,0.0,92792.0,-1.610059,-1.1253739999999999,AGO,ZAF,6593
1549561,7,246,1081,2012.0,23558.0,1950.0,0.256232,-0.46518400000000004,ARE,ZAF,6593
1549562,37,246,1081,2012.0,0.0,19472.0,-0.47585200000000005,-1.061016,BWA,ZAF,6593
1549563,39,246,1081,2012.0,0.0,2039.0,0.630575,1.28653,CAN,ZAF,6593
1549564,43,246,1081,2012.0,20594.0,0.0,1.2170590000000001,0.584412,CHN,ZAF,6593
1549565,45,246,1081,2012.0,0.0,2291.0,-1.018794,-1.013026,CMR,ZAF,6593
1549566,61,246,1081,2012.0,18297.0,38403.0,1.977443,-3.692254,DEU,ZAF,6593
1549567,64,246,1081,2012.0,10054.0,0.0,1.159478,1.053761,DNK,ZAF,6593
1549568,68,246,1081,2012.0,7107.0,0.0,-0.145791,1.470876,EGY,ZAF,6593
1549569,71,246,1081,2012.0,2002.0,0.0,0.925701,1.8700189999999999,ESP,ZAF,6593
1549570,81,246,1081,2012.0,21376.0,3142.0,1.544653,0.776512,GBR,ZAF,6593
1549571,83,246,1081,2012.0,0.0,6271.0,-1.0541049999999998,-0.7275590000000001,GHA,ZAF,6593
1549572,90,246,1081,2012.0,49709.0,0.0,0.161352,1.273024,GRC,ZAF,6593
1549573,97,246,1081,2012.0,2490.0,0.0,0.788308,1.029625,HKG,ZAF,6593
1549574,103,246,1081,2012.0,6385.0,0.0,0.045694,1.635448,IDN,ZAF,6593
1549575,104,246,1081,2012.0,421892.0,0.0,0.24883200000000003,2.463711,IND,ZAF,6593
1549576,107,246,1081,2012.0,325828.0,0.0,-1.06794,-0.993099,IRN,ZAF,6593
1549577,110,246,1081,2012.0,26395.0,0.0,1.125254,0.736004,ISR,ZAF,6593
1549578,111,246,1081,2012.0,9142.0,1573.0,1.396626,-0.43950500000000003,ITA,ZAF,6593
1549579,116,246,1081,2012.0,0.0,1150.0,-0.256144,0.21991599999999997,KEN,ZAF,6593
1549580,129,246,1081,2012.0,0.0,28245.0,-0.606824,-0.8674149999999999,LSO,ZAF,6593
1549581,134,246,1081,2012.0,5201.0,0.0,-0.330598,0.037439,MAR,ZAF,6593
1549582,136,246,1081,2012.0,2583.0,0.0,-0.664783,-0.478411,MDG,ZAF,6593
1549583,147,246,1081,2012.0,0.0,7855.0,-1.274567,-1.045444,MOZ,ZAF,6593
1549584,151,246,1081,2012.0,0.0,17733.0,-0.101344,0.22300100000000003,MUS,ZAF,6593
1549585,155,246,1081,2012.0,0.0,47328.0,-0.404252,-0.330913,NAM,ZAF,6593
1549586,162,246,1081,2012.0,4525.0,0.0,0.961975,1.517883,NLD,ZAF,6593
1549587,163,246,1081,2012.0,6600.0,0.0,0.5462670000000001,-0.042712,NOR,ZAF,6593
1549588,164,246,1081,2012.0,5728.0,0.0,0.023836000000000003,0.702753,NPL,ZAF,6593
1549589,168,246,1081,2012.0,636492.0,0.0,-0.600346,0.474208,PAK,ZAF,6593
1549590,209,246,1081,2012.0,4262.0,9074.0,0.209802,-0.11224,SWZ,ZAF,6593
1549591,211,246,1081,2012.0,0.0,20550.0,-0.408819,-0.753598,SYC,ZAF,6593
1549592,224,246,1081,2012.0,2420.0,0.0,0.657573,1.969027,TUR,ZAF,6593
1549593,226,246,1081,2012.0,0.0,5664.0,-0.490001,1.149681,TZA,ZAF,6593
1549594,231,246,1081,2012.0,8563.0,3278.0,1.51134,-0.637794,USA,ZAF,6593
1549595,247,246,1081,2012.0,0.0,10945.0,-0.356518,-0.71057,ZMB,ZAF,6593
1549596,248,246,1081,2012.0,0.0,4995.0,-0.812796,-0.747908,ZWE,ZAF,6593
1549597,41,249,1081,2012.0,5633.0,0.0,2.0265150000000003,0.6496689999999999,CHE,TWN,6593
1549598,43,249,1081,2012.0,10191.0,0.0,1.2170590000000001,0.584412,CHN,TWN,6593
1549599,61,249,1081,2012.0,4187.0,0.0,1.977443,-3.692254,DEU,TWN,6593
1549600,77,249,1081,2012.0,2078.0,0.0,1.414721,0.07219600000000001,FRA,TWN,6593
1549601,81,249,1081,2012.0,2011.0,0.0,1.544653,0.776512,GBR,TWN,6593
1549602,97,249,1081,2012.0,0.0,51114.0,0.788308,1.029625,HKG,TWN,6593
1549603,104,249,1081,2012.0,9851.0,0.0,0.24883200000000003,2.463711,IND,TWN,6593
1549604,216,249,1081,2012.0,30283.0,0.0,1.015684,1.20697,THA,TWN,6593
1549605,231,249,1081,2012.0,7249.0,0.0,1.51134,-0.637794,USA,TWN,6593
1549606,239,249,1081,2012.0,13008.0,0.0,0.0755,1.008183,VNM,TWN,6593
1549607,25,250,1081,2012.0,0.0,1336.0,0.37130799999999997,-0.526134,BHS,ANS,6593
1549608,42,250,1081,2012.0,1232.0,218519.0,-0.180309,-0.33571799999999996,CHL,ANS,6593
1549609,71,250,1081,2012.0,0.0,2903.0,0.925701,1.8700189999999999,ESP,ANS,6593
1549610,106,250,1081,2012.0,0.0,12078.0,1.1761549999999998,0.279569,IRL,ANS,6593
1549611,156,250,1081,2012.0,0.0,3040.0,-0.650737,-0.897949,NCL,ANS,6593
1549612,169,250,1081,2012.0,19518.0,4388.0,1.001878,1.18554,PAN,ANS,6593
1549613,206,250,1081,2012.0,0.0,664298.0,1.3586200000000002,0.805751,SVK,ANS,6593
1549614,223,250,1081,2012.0,0.0,1277.0,0.509432,0.8157810000000001,TUN,ANS,6593
1549615,224,250,1081,2012.0,71584.0,0.0,0.657573,1.969027,TUR,ANS,6593
1549616,7,2,1081,2012.0,2146.0,0.0,0.256232,-0.46518400000000004,ARE,AGO,6593
1549617,32,2,1081,2012.0,224458.0,0.0,0.340455,0.9006790000000001,BRA,AGO,6593
1549618,43,2,1081,2012.0,6437.0,0.0,1.2170590000000001,0.584412,CHN,AGO,6593
1549619,104,2,1081,2012.0,22308.0,0.0,0.24883200000000003,2.463711,IND,AGO,6593
1549620,155,2,1081,2012.0,6750.0,0.0,-0.404252,-0.330913,NAM,AGO,6593
1549621,179,2,1081,2012.0,17673.0,0.0,0.697799,2.122262,PRT,AGO,6593
1549622,246,2,1081,2012.0,92792.0,0.0,0.06510099999999999,1.748521,ZAF,AGO,6593
1549623,1,14,1081,2012.0,4788.0,0.0,-0.666296,-0.7860689999999999,AFG,AUS,6593
1549624,7,14,1081,2012.0,1651.0,0.0,0.256232,-0.46518400000000004,ARE,AUS,6593
1549625,16,14,1081,2012.0,1400.0,0.0,-1.44287,-1.261817,AZE,AUS,6593
1549626,18,14,1081,2012.0,2275.0,0.0,1.06425,1.369205,BEL,AUS,6593
1549627,34,14,1081,2012.0,20765.0,0.0,-2.9686049999999997,-0.8427290000000001,BRN,AUS,6593
1549628,41,14,1081,2012.0,4999.0,0.0,2.0265150000000003,0.6496689999999999,CHE,AUS,6593
1549629,42,14,1081,2012.0,25005.0,0.0,-0.180309,-0.33571799999999996,CHL,AUS,6593
1549630,43,14,1081,2012.0,295597.0,0.0,1.2170590000000001,0.584412,CHN,AUS,6593
1549631,61,14,1081,2012.0,46152.0,0.0,1.977443,-3.692254,DEU,AUS,6593
1549632,64,14,1081,2012.0,47787.0,0.0,1.159478,1.053761,DNK,AUS,6593
1549633,67,14,1081,2012.0,1200.0,0.0,-0.66209,-0.796325,ECU,AUS,6593
1549634,77,14,1081,2012.0,1051.0,0.0,1.414721,0.07219600000000001,FRA,AUS,6593
1549635,81,14,1081,2012.0,2048.0,0.0,1.544653,0.776512,GBR,AUS,6593
1549636,83,14,1081,2012.0,0.0,5864.0,-1.0541049999999998,-0.7275590000000001,GHA,AUS,6593
1549637,97,14,1081,2012.0,0.0,3049.0,0.788308,1.029625,HKG,AUS,6593
1549638,103,14,1081,2012.0,1925.0,0.0,0.045694,1.635448,IDN,AUS,6593
1549639,104,14,1081,2012.0,590791.0,0.0,0.24883200000000003,2.463711,IND,AUS,6593
1549640,107,14,1081,2012.0,593576.0,0.0,-1.06794,-0.993099,IRN,AUS,6593
1549641,110,14,1081,2012.0,0.0,2029.0,1.125254,0.736004,ISR,AUS,6593
1549642,111,14,1081,2012.0,8075.0,0.0,1.396626,-0.43950500000000003,ITA,AUS,6593
1549643,134,14,1081,2012.0,57009.0,0.0,-0.330598,0.037439,MAR,AUS,6593
1549644,138,14,1081,2012.0,1511.0,0.0,1.166986,0.662798,MEX,AUS,6593
1549645,164,14,1081,2012.0,4285.0,0.0,0.023836000000000003,0.702753,NPL,AUS,6593
1549646,166,14,1081,2012.0,97255.0,29223.0,0.21502399999999997,0.746456,NZL,AUS,6593
1549647,168,14,1081,2012.0,61668.0,0.0,-0.600346,0.474208,PAK,AUS,6593
1549648,173,14,1081,2012.0,260170.0,0.0,-0.47011499999999995,0.340251,PER,AUS,6593
1549649,192,14,1081,2012.0,0.0,42022.0,1.762134,0.583393,SGP,AUS,6593
1549650,216,14,1081,2012.0,50060.0,0.0,1.015684,1.20697,THA,AUS,6593
1549651,224,14,1081,2012.0,147776.0,0.0,0.657573,1.969027,TUR,AUS,6593
1549652,226,14,1081,2012.0,0.0,1023.0,-0.490001,1.149681,TZA,AUS,6593
1549653,231,14,1081,2012.0,254874.0,29012.0,1.51134,-0.637794,USA,AUS,6593
1549654,14,16,1081,2012.0,0.0,1400.0,-0.537197,-0.22305300000000003,AUS,AZE,6593
1549655,41,16,1081,2012.0,0.0,37154.0,2.0265150000000003,0.6496689999999999,CHE,AZE,6593
1549656,61,16,1081,2012.0,0.0,43693.0,1.977443,-3.692254,DEU,AZE,6593
1549657,77,16,1081,2012.0,0.0,7054.0,1.414721,0.07219600000000001,FRA,AZE,6593
1549658,224,16,1081,2012.0,6239.0,1826.0,0.657573,1.969027,TUR,AZE,6593
1549659,231,16,1081,2012.0,0.0,1690.0,1.51134,-0.637794,USA,AZE,6593
1549660,7,22,1081,2012.0,7692.0,0.0,0.256232,-0.46518400000000004,ARE,BGD,6593
1549661,15,22,1081,2012.0,0.0,30940.0,1.710955,-0.8860399999999999,AUT,BGD,6593
1549662,39,22,1081,2012.0,0.0,12641.0,0.630575,1.28653,CAN,BGD,6593
1549663,43,22,1081,2012.0,0.0,479633.0,1.2170590000000001,0.584412,CHN,BGD,6593
1549664,61,22,1081,2012.0,0.0,1140522.0,1.977443,-3.692254,DEU,BGD,6593
1549665,64,22,1081,2012.0,0.0,27461.0,1.159478,1.053761,DNK,BGD,6593
1549666,163,22,1081,2012.0,0.0,28835.0,0.5462670000000001,-0.042712,NOR,BGD,6593
1549667,177,22,1081,2012.0,0.0,337421.0,1.039598,1.145227,POL,BGD,6593
1549668,186,22,1081,2012.0,0.0,203473.0,-0.123649,-0.218926,RUS,BGD,6593
1549669,208,22,1081,2012.0,0.0,78538.0,1.721268,0.15675,SWE,BGD,6593
1549670,224,22,1081,2012.0,0.0,6807.0,0.657573,1.969027,TUR,BGD,6593
1549671,231,22,1081,2012.0,0.0,9337.0,1.51134,-0.637794,USA,BGD,6593
1549672,61,23,1081,2012.0,21083.0,0.0,1.977443,-3.692254,DEU,BGR,6593
1549673,81,23,1081,2012.0,0.0,20429.0,1.544653,0.776512,GBR,BGR,6593
1549674,90,23,1081,2012.0,1401.0,0.0,0.161352,1.273024,GRC,BGR,6593
1549675,111,23,1081,2012.0,3533.0,0.0,1.396626,-0.43950500000000003,ITA,BGR,6593
1549676,140,23,1081,2012.0,0.0,11484.0,-0.08785599999999999,0.153128,MKD,BGR,6593
1549677,162,23,1081,2012.0,1959.0,0.0,0.961975,1.517883,NLD,BGR,6593
1549678,177,23,1081,2012.0,8790.0,0.0,1.039598,1.145227,POL,BGR,6593
1549679,224,23,1081,2012.0,3399.0,1057.0,0.657573,1.969027,TUR,BGR,6593
1549680,7,24,1081,2012.0,13967.0,0.0,0.256232,-0.46518400000000004,ARE,BHR,6593
1549681,43,24,1081,2012.0,2437.0,0.0,1.2170590000000001,0.584412,CHN,BHR,6593
1549682,81,24,1081,2012.0,11507.0,0.0,1.544653,0.776512,GBR,BHR,6593
1549683,104,24,1081,2012.0,13744.0,0.0,0.24883200000000003,2.463711,IND,BHR,6593
1549684,107,24,1081,2012.0,111716.0,0.0,-1.06794,-0.993099,IRN,BHR,6593
1549685,111,24,1081,2012.0,1505.0,0.0,1.396626,-0.43950500000000003,ITA,BHR,6593
1549686,162,24,1081,2012.0,15477.0,0.0,0.961975,1.517883,NLD,BHR,6593
1549687,168,24,1081,2012.0,31390.0,0.0,-0.600346,0.474208,PAK,BHR,6593
1549688,224,24,1081,2012.0,5056.0,0.0,0.657573,1.969027,TUR,BHR,6593
1549689,15,26,1081,2012.0,0.0,12472.0,1.710955,-0.8860399999999999,AUT,BIH,6593
1549690,107,26,1081,2012.0,4563.0,0.0,-1.06794,-0.993099,IRN,BIH,6593
1549691,224,26,1081,2012.0,2879.0,0.0,0.657573,1.969027,TUR,BIH,6593
1549692,107,28,1081,2012.0,1092.0,0.0,-1.06794,-0.993099,IRN,BLR,6593
1549693,186,28,1081,2012.0,0.0,30056.0,-0.123649,-0.218926,RUS,BLR,6593
1549694,32,58,1081,2012.0,0.0,11139.0,0.340455,0.9006790000000001,BRA,CYP,6593
1549695,41,58,1081,2012.0,1211.0,0.0,2.0265150000000003,0.6496689999999999,CHE,CYP,6593
1549696,61,58,1081,2012.0,14795.0,0.0,1.977443,-3.692254,DEU,CYP,6593
1549697,71,58,1081,2012.0,5179.0,0.0,0.925701,1.8700189999999999,ESP,CYP,6593
1549698,81,58,1081,2012.0,1161.0,0.0,1.544653,0.776512,GBR,CYP,6593
1549699,90,58,1081,2012.0,20103.0,3577.0,0.161352,1.273024,GRC,CYP,6593
1549700,107,58,1081,2012.0,14266.0,0.0,-1.06794,-0.993099,IRN,CYP,6593
1549701,110,58,1081,2012.0,0.0,13854.0,1.125254,0.736004,ISR,CYP,6593
1549702,111,58,1081,2012.0,9777.0,0.0,1.396626,-0.43950500000000003,ITA,CYP,6593
1549703,224,58,1081,2012.0,17077.0,0.0,0.657573,1.969027,TUR,CYP,6593
1549704,32,68,1081,2012.0,0.0,14760.0,0.340455,0.9006790000000001,BRA,EGY,6593
1549705,39,68,1081,2012.0,0.0,4690.0,0.630575,1.28653,CAN,EGY,6593
1549706,61,68,1081,2012.0,0.0,59271.0,1.977443,-3.692254,DEU,EGY,6593
1549707,77,68,1081,2012.0,4188.0,0.0,1.414721,0.07219600000000001,FRA,EGY,6593
1549708,81,68,1081,2012.0,1461.0,0.0,1.544653,0.776512,GBR,EGY,6593
1549709,90,68,1081,2012.0,1394.0,0.0,0.161352,1.273024,GRC,EGY,6593
1549710,96,68,1081,2012.0,0.0,2977.0,-0.748712,-0.8608950000000001,GUY,EGY,6593
1549711,102,68,1081,2012.0,8200.0,0.0,1.61049,0.44614799999999993,HUN,EGY,6593
1549712,110,68,1081,2012.0,0.0,5656.0,1.125254,0.736004,ISR,EGY,6593
1549713,113,68,1081,2012.0,0.0,21647.0,0.29205,0.638942,JOR,EGY,6593
1549714,124,68,1081,2012.0,8186.0,0.0,0.36778099999999997,1.3771010000000001,LBN,EGY,6593
1549715,162,68,1081,2012.0,1309.0,0.0,0.961975,1.517883,NLD,EGY,6593
1549716,166,68,1081,2012.0,0.0,1235.0,0.21502399999999997,0.746456,NZL,EGY,6593
1549717,181,68,1081,2012.0,0.0,5192.0,0.14912899999999998,0.8572770000000001,PSE,EGY,6593
1549718,185,68,1081,2012.0,0.0,12716.0,0.952936,1.227809,ROU,EGY,6593
1549719,186,68,1081,2012.0,0.0,42087.0,-0.123649,-0.218926,RUS,EGY,6593
1549720,190,68,1081,2012.0,0.0,1195.0,-1.2913139999999999,-1.144454,SDN,EGY,6593
1549721,208,68,1081,2012.0,0.0,1822.0,1.721268,0.15675,SWE,EGY,6593
1549722,209,68,1081,2012.0,0.0,4522.0,0.209802,-0.11224,SWZ,EGY,6593
1549723,224,68,1081,2012.0,1800.0,0.0,0.657573,1.969027,TUR,EGY,6593
1549724,231,68,1081,2012.0,14461.0,141118.0,1.51134,-0.637794,USA,EGY,6593
1549725,246,68,1081,2012.0,0.0,7107.0,0.06510099999999999,1.748521,ZAF,EGY,6593
1549726,64,72,1081,2012.0,4137.0,0.0,1.159478,1.053761,DNK,EST,6593
1549727,81,72,1081,2012.0,1193.0,0.0,1.544653,0.776512,GBR,EST,6593
1549728,134,72,1081,2012.0,3446.0,0.0,-0.330598,0.037439,MAR,EST,6593
1549729,162,72,1081,2012.0,2012.0,0.0,0.961975,1.517883,NLD,EST,6593
1549730,224,72,1081,2012.0,3702.0,0.0,0.657573,1.969027,TUR,EST,6593
1549731,231,72,1081,2012.0,0.0,2930.0,1.51134,-0.637794,USA,EST,6593
1549732,107,82,1081,2012.0,1689.0,0.0,-1.06794,-0.993099,IRN,GEO,6593
1549733,224,82,1081,2012.0,1042.0,0.0,0.657573,1.969027,TUR,GEO,6593
1549734,15,100,1081,2012.0,3142.0,6968.0,1.710955,-0.8860399999999999,AUT,HRV,6593
1549735,61,100,1081,2012.0,66692.0,0.0,1.977443,-3.692254,DEU,HRV,6593
1549736,102,100,1081,2012.0,16891.0,0.0,1.61049,0.44614799999999993,HUN,HRV,6593
1549737,104,100,1081,2012.0,18045.0,0.0,0.24883200000000003,2.463711,IND,HRV,6593
1549738,111,100,1081,2012.0,2991.0,0.0,1.396626,-0.43950500000000003,ITA,HRV,6593
1549739,168,100,1081,2012.0,19439.0,0.0,-0.600346,0.474208,PAK,HRV,6593
1549740,224,100,1081,2012.0,2447.0,0.0,0.657573,1.969027,TUR,HRV,6593
1549741,7,102,1081,2012.0,3997.0,0.0,0.256232,-0.46518400000000004,ARE,HUN,6593
1549742,15,102,1081,2012.0,6332.0,0.0,1.710955,-0.8860399999999999,AUT,HUN,6593
1549743,18,102,1081,2012.0,16484.0,0.0,1.06425,1.369205,BEL,HUN,6593
1549744,41,102,1081,2012.0,0.0,21078.0,2.0265150000000003,0.6496689999999999,CHE,HUN,6593
1549745,59,102,1081,2012.0,0.0,2696.0,1.7368299999999999,-0.651329,CZE,HUN,6593
1549746,61,102,1081,2012.0,66338.0,375811.0,1.977443,-3.692254,DEU,HUN,6593
1549747,64,102,1081,2012.0,4086.0,0.0,1.159478,1.053761,DNK,HUN,6593
1549748,68,102,1081,2012.0,0.0,8200.0,-0.145791,1.470876,EGY,HUN,6593
1549749,71,102,1081,2012.0,1431.0,0.0,0.925701,1.8700189999999999,ESP,HUN,6593
1549750,81,102,1081,2012.0,1541.0,0.0,1.544653,0.776512,GBR,HUN,6593
1549751,100,102,1081,2012.0,0.0,16891.0,0.881764,1.149456,HRV,HUN,6593
1549752,104,102,1081,2012.0,22117.0,0.0,0.24883200000000003,2.463711,IND,HUN,6593
1549753,111,102,1081,2012.0,9815.0,0.0,1.396626,-0.43950500000000003,ITA,HUN,6593
1549754,144,102,1081,2012.0,0.0,10288.0,0.028479,-0.045841,MNE,HUN,6593
1549755,168,102,1081,2012.0,3238.0,0.0,-0.600346,0.474208,PAK,HUN,6593
1549756,185,102,1081,2012.0,0.0,19876.0,0.952936,1.227809,ROU,HUN,6593
1549757,201,102,1081,2012.0,0.0,3551.0,0.696674,1.544065,SRB,HUN,6593
1549758,206,102,1081,2012.0,4563.0,16383.0,1.3586200000000002,0.805751,SVK,HUN,6593
1549759,207,102,1081,2012.0,0.0,1724.0,1.4933049999999999,0.58207,SVN,HUN,6593
1549760,224,102,1081,2012.0,11179.0,0.0,0.657573,1.969027,TUR,HUN,6593
1549761,7,106,1081,2012.0,0.0,2389.0,0.256232,-0.46518400000000004,ARE,IRL,6593
1549762,18,106,1081,2012.0,14443.0,0.0,1.06425,1.369205,BEL,IRL,6593
1549763,43,106,1081,2012.0,19364.0,0.0,1.2170590000000001,0.584412,CHN,IRL,6593
1549764,61,106,1081,2012.0,60003.0,6379.0,1.977443,-3.692254,DEU,IRL,6593
1549765,64,106,1081,2012.0,10886.0,0.0,1.159478,1.053761,DNK,IRL,6593
1549766,71,106,1081,2012.0,1604.0,0.0,0.925701,1.8700189999999999,ESP,IRL,6593
1549767,81,106,1081,2012.0,895639.0,149266.0,1.544653,0.776512,GBR,IRL,6593
1549768,104,106,1081,2012.0,6908.0,0.0,0.24883200000000003,2.463711,IND,IRL,6593
1549769,107,106,1081,2012.0,12163.0,0.0,-1.06794,-0.993099,IRN,IRL,6593
1549770,162,106,1081,2012.0,7920.0,0.0,0.961975,1.517883,NLD,IRL,6593
1549771,224,106,1081,2012.0,14417.0,0.0,0.657573,1.969027,TUR,IRL,6593
1549772,231,106,1081,2012.0,2704.0,89196.0,1.51134,-0.637794,USA,IRL,6593
1549773,250,106,1081,2012.0,12078.0,0.0,0.34242399999999995,-0.007095999999999999,ANS,IRL,6593
1549774,4,107,1081,2012.0,0.0,1985.0,-0.331512,-0.049776,ALB,IRN,6593
1549775,7,107,1081,2012.0,0.0,8591.0,0.256232,-0.46518400000000004,ARE,IRN,6593
1549776,14,107,1081,2012.0,0.0,593576.0,-0.537197,-0.22305300000000003,AUS,IRN,6593
1549777,15,107,1081,2012.0,35944.0,355410.0,1.710955,-0.8860399999999999,AUT,IRN,6593
1549778,18,107,1081,2012.0,1404.0,38185.0,1.06425,1.369205,BEL,IRN,6593
1549779,24,107,1081,2012.0,0.0,111716.0,-0.01785,-0.780651,BHR,IRN,6593
1549780,26,107,1081,2012.0,0.0,4563.0,0.6672520000000001,1.16153,BIH,IRN,6593
1549781,28,107,1081,2012.0,0.0,1092.0,1.0976059999999999,0.861051,BLR,IRN,6593
1549782,32,107,1081,2012.0,0.0,98432.0,0.340455,0.9006790000000001,BRA,IRN,6593
1549783,39,107,1081,2012.0,4005.0,192465.0,0.630575,1.28653,CAN,IRN,6593
1549784,41,107,1081,2012.0,30137.0,942604.0,2.0265150000000003,0.6496689999999999,CHE,IRN,6593
1549785,42,107,1081,2012.0,0.0,48699.0,-0.180309,-0.33571799999999996,CHL,IRN,6593
1549786,43,107,1081,2012.0,0.0,127975.0,1.2170590000000001,0.584412,CHN,IRN,6593
1549787,49,107,1081,2012.0,0.0,98362.0,0.034488,-0.340545,COL,IRN,6593
1549788,58,107,1081,2012.0,0.0,14266.0,0.621962,0.188051,CYP,IRN,6593
1549789,59,107,1081,2012.0,0.0,43905.0,1.7368299999999999,-0.651329,CZE,IRN,6593
1549790,61,107,1081,2012.0,134823.0,3516763.0,1.977443,-3.692254,DEU,IRN,6593
1549791,64,107,1081,2012.0,0.0,43320.0,1.159478,1.053761,DNK,IRN,6593
1549792,71,107,1081,2012.0,0.0,202010.0,0.925701,1.8700189999999999,ESP,IRN,6593
1549793,74,107,1081,2012.0,0.0,114938.0,1.5813700000000002,0.872251,FIN,IRN,6593
1549794,77,107,1081,2012.0,6545.0,473233.0,1.414721,0.07219600000000001,FRA,IRN,6593
1549795,81,107,1081,2012.0,0.0,184099.0,1.544653,0.776512,GBR,IRN,6593
1549796,82,107,1081,2012.0,0.0,1689.0,-0.244691,-0.552666,GEO,IRN,6593
1549797,106,107,1081,2012.0,0.0,12163.0,1.1761549999999998,0.279569,IRL,IRN,6593
1549798,109,107,1081,2012.0,0.0,1692.0,0.20266800000000001,-0.203262,ISL,IRN,6593
1549799,111,107,1081,2012.0,201622.0,149184.0,1.396626,-0.43950500000000003,ITA,IRN,6593
1549800,113,107,1081,2012.0,0.0,9651.0,0.29205,0.638942,JOR,IRN,6593
1549801,114,107,1081,2012.0,0.0,676058.0,2.325746,-0.8705649999999999,JPN,IRN,6593
1549802,115,107,1081,2012.0,0.0,30663.0,-0.447428,-0.42193,KAZ,IRN,6593
1549803,124,107,1081,2012.0,0.0,15690.0,0.36778099999999997,1.3771010000000001,LBN,IRN,6593
1549804,131,107,1081,2012.0,0.0,3229.0,1.0163739999999999,1.178021,LUX,IRN,6593
1549805,138,107,1081,2012.0,0.0,1659.0,1.166986,0.662798,MEX,IRN,6593
1549806,162,107,1081,2012.0,0.0,23410.0,0.961975,1.517883,NLD,IRN,6593
1549807,163,107,1081,2012.0,0.0,198223.0,0.5462670000000001,-0.042712,NOR,IRN,6593
1549808,166,107,1081,2012.0,0.0,2748.0,0.21502399999999997,0.746456,NZL,IRN,6593
1549809,168,107,1081,2012.0,0.0,2307.0,-0.600346,0.474208,PAK,IRN,6593
1549810,173,107,1081,2012.0,0.0,142267.0,-0.47011499999999995,0.340251,PER,IRN,6593
1549811,177,107,1081,2012.0,0.0,42807.0,1.039598,1.145227,POL,IRN,6593
1549812,179,107,1081,2012.0,0.0,6629.0,0.697799,2.122262,PRT,IRN,6593
1549813,186,107,1081,2012.0,0.0,201350.0,-0.123649,-0.218926,RUS,IRN,6593
1549814,192,107,1081,2012.0,0.0,2570.0,1.762134,0.583393,SGP,IRN,6593
1549815,206,107,1081,2012.0,0.0,6180.0,1.3586200000000002,0.805751,SVK,IRN,6593
1549816,208,107,1081,2012.0,0.0,132778.0,1.721268,0.15675,SWE,IRN,6593
1549817,216,107,1081,2012.0,0.0,1144.0,1.015684,1.20697,THA,IRN,6593
1549818,224,107,1081,2012.0,0.0,449297.0,0.657573,1.969027,TUR,IRN,6593
1549819,228,107,1081,2012.0,0.0,7177.0,0.533547,1.159378,UKR,IRN,6593
1549820,230,107,1081,2012.0,0.0,6664.0,0.013581000000000001,0.047302,URY,IRN,6593
1549821,236,107,1081,2012.0,0.0,11888.0,-1.6796689999999999,-1.168002,VEN,IRN,6593
1549822,243,107,1081,2012.0,0.0,3233.0,-1.180884,-1.22621,YEM,IRN,6593
1549823,246,107,1081,2012.0,0.0,325828.0,0.06510099999999999,1.748521,ZAF,IRN,6593
1549824,7,115,1081,2012.0,0.0,1356.0,0.256232,-0.46518400000000004,ARE,KAZ,6593
1549825,43,115,1081,2012.0,34950.0,0.0,1.2170590000000001,0.584412,CHN,KAZ,6593
1549826,107,115,1081,2012.0,30663.0,0.0,-1.06794,-0.993099,IRN,KAZ,6593
1549827,224,115,1081,2012.0,69122.0,0.0,0.657573,1.969027,TUR,KAZ,6593
1549828,39,117,1081,2012.0,0.0,1026.0,0.630575,1.28653,CAN,KGZ,6593
1549829,41,117,1081,2012.0,0.0,6036.0,2.0265150000000003,0.6496689999999999,CHE,KGZ,6593
1549830,77,117,1081,2012.0,0.0,1076.0,1.414721,0.07219600000000001,FRA,KGZ,6593
1549831,231,117,1081,2012.0,0.0,3237.0,1.51134,-0.637794,USA,KGZ,6593
1549832,18,124,1081,2012.0,2130.0,0.0,1.06425,1.369205,BEL,LBN,6593
1549833,41,124,1081,2012.0,4538.0,0.0,2.0265150000000003,0.6496689999999999,CHE,LBN,6593
1549834,43,124,1081,2012.0,32587.0,0.0,1.2170590000000001,0.584412,CHN,LBN,6593
1549835,61,124,1081,2012.0,12170.0,0.0,1.977443,-3.692254,DEU,LBN,6593
1549836,68,124,1081,2012.0,0.0,8186.0,-0.145791,1.470876,EGY,LBN,6593
1549837,81,124,1081,2012.0,0.0,1314.0,1.544653,0.776512,GBR,LBN,6593
1549838,104,124,1081,2012.0,100277.0,0.0,0.24883200000000003,2.463711,IND,LBN,6593
1549839,107,124,1081,2012.0,15690.0,0.0,-1.06794,-0.993099,IRN,LBN,6593
1549840,113,124,1081,2012.0,0.0,16702.0,0.29205,0.638942,JOR,LBN,6593
1549841,122,124,1081,2012.0,0.0,4679.0,-1.130729,-1.083905,KWT,LBN,6593
1549842,168,124,1081,2012.0,10644.0,0.0,-0.600346,0.474208,PAK,LBN,6593
1549843,183,124,1081,2012.0,0.0,6477.0,-0.6436029999999999,-0.990323,QAT,LBN,6593
1549844,216,124,1081,2012.0,13333.0,0.0,1.015684,1.20697,THA,LBN,6593
1549845,224,124,1081,2012.0,36771.0,0.0,0.657573,1.969027,TUR,LBN,6593
1549846,104,128,1081,2012.0,8477.0,0.0,0.24883200000000003,2.463711,IND,LKA,6593
1549847,177,130,1081,2012.0,1109.0,0.0,1.039598,1.145227,POL,LTU,6593
1549848,224,130,1081,2012.0,12747.0,0.0,0.657573,1.969027,TUR,LTU,6593
1549849,18,131,1081,2012.0,40837.0,0.0,1.06425,1.369205,BEL,LUX,6593
1549850,61,131,1081,2012.0,4123.0,0.0,1.977443,-3.692254,DEU,LUX,6593
1549851,71,131,1081,2012.0,2361.0,0.0,0.925701,1.8700189999999999,ESP,LUX,6593
1549852,77,131,1081,2012.0,16429.0,0.0,1.414721,0.07219600000000001,FRA,LUX,6593
1549853,107,131,1081,2012.0,3229.0,0.0,-1.06794,-0.993099,IRN,LUX,6593
1549854,104,132,1081,2012.0,236309.0,0.0,0.24883200000000003,2.463711,IND,LVA,6593
1549855,224,132,1081,2012.0,18486.0,0.0,0.657573,1.969027,TUR,LVA,6593
1549856,41,135,1081,2012.0,0.0,2162.0,2.0265150000000003,0.6496689999999999,CHE,MDA,6593
1549857,81,135,1081,2012.0,0.0,1495.0,1.544653,0.776512,GBR,MDA,6593
1549858,114,135,1081,2012.0,0.0,13288.0,2.325746,-0.8705649999999999,JPN,MDA,6593
1549859,162,135,1081,2012.0,0.0,16803.0,0.961975,1.517883,NLD,MDA,6593
1549860,224,135,1081,2012.0,0.0,724972.0,0.657573,1.969027,TUR,MDA,6593
1549861,23,140,1081,2012.0,11484.0,0.0,0.601161,1.594487,BGR,MKD,6593
1549862,177,140,1081,2012.0,2321.0,0.0,1.039598,1.145227,POL,MKD,6593
1549863,224,140,1081,2012.0,16856.0,0.0,0.657573,1.969027,TUR,MKD,6593
1549864,64,142,1081,2012.0,1684.0,0.0,1.159478,1.053761,DNK,MLT,6593
1549865,81,142,1081,2012.0,5436.0,0.0,1.544653,0.776512,GBR,MLT,6593
1549866,111,142,1081,2012.0,28362.0,0.0,1.396626,-0.43950500000000003,ITA,MLT,6593
1549867,231,142,1081,2012.0,7994.0,0.0,1.51134,-0.637794,USA,MLT,6593
1549868,192,143,1081,2012.0,3164.0,0.0,1.762134,0.583393,SGP,MMR,6593
1549869,134,147,1081,2012.0,14627.0,0.0,-0.330598,0.037439,MAR,MOZ,6593
1549870,246,147,1081,2012.0,7855.0,0.0,0.06510099999999999,1.748521,ZAF,MOZ,6593
1549871,1,163,1081,2012.0,26185.0,0.0,-0.666296,-0.7860689999999999,AFG,NOR,6593
1549872,18,163,1081,2012.0,30810.0,0.0,1.06425,1.369205,BEL,NOR,6593
1549873,22,163,1081,2012.0,28835.0,0.0,-0.62037,-0.6858350000000001,BGD,NOR,6593
1549874,43,163,1081,2012.0,23362.0,0.0,1.2170590000000001,0.584412,CHN,NOR,6593
1549875,61,163,1081,2012.0,176816.0,31892.0,1.977443,-3.692254,DEU,NOR,6593
1549876,64,163,1081,2012.0,935458.0,4409.0,1.159478,1.053761,DNK,NOR,6593
1549877,71,163,1081,2012.0,6685.0,0.0,0.925701,1.8700189999999999,ESP,NOR,6593
1549878,74,163,1081,2012.0,0.0,1622.0,1.5813700000000002,0.872251,FIN,NOR,6593
1549879,77,163,1081,2012.0,10842.0,0.0,1.414721,0.07219600000000001,FRA,NOR,6593
1549880,81,163,1081,2012.0,3770.0,6339.0,1.544653,0.776512,GBR,NOR,6593
1549881,104,163,1081,2012.0,511572.0,0.0,0.24883200000000003,2.463711,IND,NOR,6593
1549882,107,163,1081,2012.0,198223.0,0.0,-1.06794,-0.993099,IRN,NOR,6593
1549883,111,163,1081,2012.0,20679.0,0.0,1.396626,-0.43950500000000003,ITA,NOR,6593
1549884,114,163,1081,2012.0,1114.0,0.0,2.325746,-0.8705649999999999,JPN,NOR,6593
1549885,134,163,1081,2012.0,4397.0,0.0,-0.330598,0.037439,MAR,NOR,6593
1549886,162,163,1081,2012.0,5690.0,0.0,0.961975,1.517883,NLD,NOR,6593
1549887,164,163,1081,2012.0,2513.0,0.0,0.023836000000000003,0.702753,NPL,NOR,6593
1549888,168,163,1081,2012.0,101420.0,0.0,-0.600346,0.474208,PAK,NOR,6593
1549889,179,163,1081,2012.0,1086.0,0.0,0.697799,2.122262,PRT,NOR,6593
1549890,183,163,1081,2012.0,9466.0,0.0,-0.6436029999999999,-0.990323,QAT,NOR,6593
1549891,190,163,1081,2012.0,0.0,1313.0,-1.2913139999999999,-1.144454,SDN,NOR,6593
1549892,208,163,1081,2012.0,263755.0,0.0,1.721268,0.15675,SWE,NOR,6593
1549893,223,163,1081,2012.0,6609.0,0.0,0.509432,0.8157810000000001,TUN,NOR,6593
1549894,224,163,1081,2012.0,71899.0,0.0,0.657573,1.969027,TUR,NOR,6593
1549895,231,163,1081,2012.0,9845.0,0.0,1.51134,-0.637794,USA,NOR,6593
1549896,246,163,1081,2012.0,0.0,6600.0,0.06510099999999999,1.748521,ZAF,NOR,6593
1549897,14,164,1081,2012.0,0.0,4285.0,-0.537197,-0.22305300000000003,AUS,NPL,6593
1549898,32,164,1081,2012.0,0.0,393872.0,0.340455,0.9006790000000001,BRA,NPL,6593
1549899,39,164,1081,2012.0,0.0,21094.0,0.630575,1.28653,CAN,NPL,6593
1549900,41,164,1081,2012.0,0.0,3298.0,2.0265150000000003,0.6496689999999999,CHE,NPL,6593
1549901,61,164,1081,2012.0,0.0,14594.0,1.977443,-3.692254,DEU,NPL,6593
1549902,64,164,1081,2012.0,0.0,2410.0,1.159478,1.053761,DNK,NPL,6593
1549903,77,164,1081,2012.0,0.0,3284.0,1.414721,0.07219600000000001,FRA,NPL,6593
1549904,81,164,1081,2012.0,0.0,9259.0,1.544653,0.776512,GBR,NPL,6593
1549905,111,164,1081,2012.0,0.0,4664.0,1.396626,-0.43950500000000003,ITA,NPL,6593
1549906,114,164,1081,2012.0,0.0,1700.0,2.325746,-0.8705649999999999,JPN,NPL,6593
1549907,138,164,1081,2012.0,0.0,37101.0,1.166986,0.662798,MEX,NPL,6593
1549908,163,164,1081,2012.0,0.0,2513.0,0.5462670000000001,-0.042712,NOR,NPL,6593
1549909,186,164,1081,2012.0,0.0,1407.0,-0.123649,-0.218926,RUS,NPL,6593
1549910,231,164,1081,2012.0,0.0,726877.0,1.51134,-0.637794,USA,NPL,6593
1549911,246,164,1081,2012.0,0.0,5728.0,0.06510099999999999,1.748521,ZAF,NPL,6593
1549912,7,167,1081,2012.0,18770.0,0.0,0.256232,-0.46518400000000004,ARE,OMN,6593
1549913,43,167,1081,2012.0,12674.0,0.0,1.2170590000000001,0.584412,CHN,OMN,6593
1549914,64,167,1081,2012.0,1526.0,0.0,1.159478,1.053761,DNK,OMN,6593
1549915,134,167,1081,2012.0,5552.0,0.0,-0.330598,0.037439,MAR,OMN,6593
1549916,224,167,1081,2012.0,6887.0,0.0,0.657573,1.969027,TUR,OMN,6593
1549917,1,168,1081,2012.0,194742.0,17537.0,-0.666296,-0.7860689999999999,AFG,PAK,6593
1549918,7,168,1081,2012.0,0.0,1716.0,0.256232,-0.46518400000000004,ARE,PAK,6593
1549919,8,168,1081,2012.0,0.0,2374.0,-0.019015,0.548292,ARG,PAK,6593
1549920,14,168,1081,2012.0,0.0,61668.0,-0.537197,-0.22305300000000003,AUS,PAK,6593
1549921,15,168,1081,2012.0,0.0,7422.0,1.710955,-0.8860399999999999,AUT,PAK,6593
1549922,18,168,1081,2012.0,0.0,62464.0,1.06425,1.369205,BEL,PAK,6593
1549923,24,168,1081,2012.0,0.0,31390.0,-0.01785,-0.780651,BHR,PAK,6593
1549924,32,168,1081,2012.0,0.0,14215.0,0.340455,0.9006790000000001,BRA,PAK,6593
1549925,39,168,1081,2012.0,0.0,38948.0,0.630575,1.28653,CAN,PAK,6593
1549926,41,168,1081,2012.0,0.0,6687.0,2.0265150000000003,0.6496689999999999,CHE,PAK,6593
1549927,42,168,1081,2012.0,0.0,422779.0,-0.180309,-0.33571799999999996,CHL,PAK,6593
1549928,43,168,1081,2012.0,0.0,52475.0,1.2170590000000001,0.584412,CHN,PAK,6593
1549929,61,168,1081,2012.0,7814.0,441283.0,1.977443,-3.692254,DEU,PAK,6593
1549930,64,168,1081,2012.0,0.0,13293.0,1.159478,1.053761,DNK,PAK,6593
1549931,71,168,1081,2012.0,0.0,247904.0,0.925701,1.8700189999999999,ESP,PAK,6593
1549932,77,168,1081,2012.0,0.0,204817.0,1.414721,0.07219600000000001,FRA,PAK,6593
1549933,81,168,1081,2012.0,11815.0,1149058.0,1.544653,0.776512,GBR,PAK,6593
1549934,97,168,1081,2012.0,0.0,26962.0,0.788308,1.029625,HKG,PAK,6593
1549935,100,168,1081,2012.0,0.0,19439.0,0.881764,1.149456,HRV,PAK,6593
1549936,102,168,1081,2012.0,0.0,3238.0,1.61049,0.44614799999999993,HUN,PAK,6593
1549937,104,168,1081,2012.0,0.0,36394.0,0.24883200000000003,2.463711,IND,PAK,6593
1549938,107,168,1081,2012.0,2307.0,0.0,-1.06794,-0.993099,IRN,PAK,6593
1549939,111,168,1081,2012.0,0.0,35839.0,1.396626,-0.43950500000000003,ITA,PAK,6593
1549940,114,168,1081,2012.0,0.0,14812.0,2.325746,-0.8705649999999999,JPN,PAK,6593
1549941,116,168,1081,2012.0,0.0,5093.0,-0.256144,0.21991599999999997,KEN,PAK,6593
1549942,124,168,1081,2012.0,0.0,10644.0,0.36778099999999997,1.3771010000000001,LBN,PAK,6593
1549943,138,168,1081,2012.0,0.0,93590.0,1.166986,0.662798,MEX,PAK,6593
1549944,162,168,1081,2012.0,0.0,78625.0,0.961975,1.517883,NLD,PAK,6593
1549945,163,168,1081,2012.0,0.0,101420.0,0.5462670000000001,-0.042712,NOR,PAK,6593
1549946,166,168,1081,2012.0,0.0,30622.0,0.21502399999999997,0.746456,NZL,PAK,6593
1549947,173,168,1081,2012.0,0.0,219734.0,-0.47011499999999995,0.340251,PER,PAK,6593
1549948,183,168,1081,2012.0,0.0,1914.0,-0.6436029999999999,-0.990323,QAT,PAK,6593
1549949,186,168,1081,2012.0,0.0,2218.0,-0.123649,-0.218926,RUS,PAK,6593
1549950,188,168,1081,2012.0,0.0,27081.0,-0.621115,-0.975865,SAU,PAK,6593
1549951,192,168,1081,2012.0,0.0,16911.0,1.762134,0.583393,SGP,PAK,6593
1549952,208,168,1081,2012.0,0.0,143109.0,1.721268,0.15675,SWE,PAK,6593
1549953,224,168,1081,2012.0,0.0,51646.0,0.657573,1.969027,TUR,PAK,6593
1549954,231,168,1081,2012.0,0.0,1968978.0,1.51134,-0.637794,USA,PAK,6593
1549955,246,168,1081,2012.0,0.0,636492.0,0.06510099999999999,1.748521,ZAF,PAK,6593
1549956,15,185,1081,2012.0,3126.0,2265926.0,1.710955,-0.8860399999999999,AUT,ROU,6593
1549957,61,185,1081,2012.0,41222.0,8607.0,1.977443,-3.692254,DEU,ROU,6593
1549958,64,185,1081,2012.0,4730.0,0.0,1.159478,1.053761,DNK,ROU,6593
1549959,68,185,1081,2012.0,12716.0,0.0,-0.145791,1.470876,EGY,ROU,6593
1549960,81,185,1081,2012.0,1811.0,0.0,1.544653,0.776512,GBR,ROU,6593
1549961,102,185,1081,2012.0,19876.0,0.0,1.61049,0.44614799999999993,HUN,ROU,6593
1549962,104,185,1081,2012.0,60409.0,0.0,0.24883200000000003,2.463711,IND,ROU,6593
1549963,111,185,1081,2012.0,15404.0,0.0,1.396626,-0.43950500000000003,ITA,ROU,6593
1549964,162,185,1081,2012.0,5893.0,0.0,0.961975,1.517883,NLD,ROU,6593
1549965,173,185,1081,2012.0,1288.0,0.0,-0.47011499999999995,0.340251,PER,ROU,6593
1549966,183,185,1081,2012.0,0.0,5349.0,-0.6436029999999999,-0.990323,QAT,ROU,6593
1549967,224,185,1081,2012.0,22657.0,0.0,0.657573,1.969027,TUR,ROU,6593
1549968,22,186,1081,2012.0,203473.0,0.0,-0.62037,-0.6858350000000001,BGD,RUS,6593
1549969,28,186,1081,2012.0,30056.0,0.0,1.0976059999999999,0.861051,BLR,RUS,6593
1549970,41,186,1081,2012.0,0.0,3745.0,2.0265150000000003,0.6496689999999999,CHE,RUS,6593
1549971,43,186,1081,2012.0,12711.0,0.0,1.2170590000000001,0.584412,CHN,RUS,6593
1549972,59,186,1081,2012.0,7129.0,0.0,1.7368299999999999,-0.651329,CZE,RUS,6593
1549973,61,186,1081,2012.0,190480.0,0.0,1.977443,-3.692254,DEU,RUS,6593
1549974,68,186,1081,2012.0,42087.0,0.0,-0.145791,1.470876,EGY,RUS,6593
1549975,71,186,1081,2012.0,3384.0,0.0,0.925701,1.8700189999999999,ESP,RUS,6593
1549976,77,186,1081,2012.0,3265.0,0.0,1.414721,0.07219600000000001,FRA,RUS,6593
1549977,104,186,1081,2012.0,321790.0,0.0,0.24883200000000003,2.463711,IND,RUS,6593
1549978,107,186,1081,2012.0,201350.0,0.0,-1.06794,-0.993099,IRN,RUS,6593
1549979,111,186,1081,2012.0,4721.0,0.0,1.396626,-0.43950500000000003,ITA,RUS,6593
1549980,134,186,1081,2012.0,1700.0,0.0,-0.330598,0.037439,MAR,RUS,6593
1549981,162,186,1081,2012.0,18134.0,0.0,0.961975,1.517883,NLD,RUS,6593
1549982,164,186,1081,2012.0,1407.0,0.0,0.023836000000000003,0.702753,NPL,RUS,6593
1549983,168,186,1081,2012.0,2218.0,0.0,-0.600346,0.474208,PAK,RUS,6593
1549984,173,186,1081,2012.0,0.0,1397.0,-0.47011499999999995,0.340251,PER,RUS,6593
1549985,177,186,1081,2012.0,4497.0,0.0,1.039598,1.145227,POL,RUS,6593
1549986,207,186,1081,2012.0,3123.0,0.0,1.4933049999999999,0.58207,SVN,RUS,6593
1549987,216,186,1081,2012.0,3275.0,0.0,1.015684,1.20697,THA,RUS,6593
1549988,224,186,1081,2012.0,21837.0,0.0,0.657573,1.969027,TUR,RUS,6593
1549989,231,186,1081,2012.0,15876.0,1518.0,1.51134,-0.637794,USA,RUS,6593
1549990,7,191,1081,2012.0,10939.0,0.0,0.256232,-0.46518400000000004,ARE,SEN,6593
1549991,43,191,1081,2012.0,10354.0,0.0,1.2170590000000001,0.584412,CHN,SEN,6593
1549992,77,191,1081,2012.0,1039.0,0.0,1.414721,0.07219600000000001,FRA,SEN,6593
1549993,224,191,1081,2012.0,3437.0,0.0,0.657573,1.969027,TUR,SEN,6593
1549994,15,201,1081,2012.0,1648.0,0.0,1.710955,-0.8860399999999999,AUT,SRB,6593
1549995,43,201,1081,2012.0,6997.0,0.0,1.2170590000000001,0.584412,CHN,SRB,6593
1549996,61,201,1081,2012.0,6112.0,0.0,1.977443,-3.692254,DEU,SRB,6593
1549997,102,201,1081,2012.0,3551.0,0.0,1.61049,0.44614799999999993,HUN,SRB,6593
1549998,104,201,1081,2012.0,9828.0,0.0,0.24883200000000003,2.463711,IND,SRB,6593
